SBPRF35
12.7214
Curr Bio
904698
B35
896357
F35
0.173321
FOFL
0.173321
OFL
129192
Bzero
3.63469e+006
#pred survey bio
 3.37362e+006 3.26207e+006 3.16311e+006 3.01391e+006 2.8245e+006 2.60071e+006 2.38881e+006 2.17206e+006 1.94452e+006 1.74126e+006 1.5247e+006 1.37979e+006 1.23466e+006 1.10013e+006 975891 860968 775804 687790 643072 617009 590058 563955 549711 530569 522228 513330 515973 518079 519236 526043 525330 520909 528579 539505 547253 552758 573466 585233 599336 614143 640983 650089 650901 654647 658630 668069 669161 673290 676673 682226 680053 711487 745987 775005 801813 828541 859030 875872 883749 886802 905817 910823 932447 938178 944075 944124 929516 914481 909441 2.11977e+007 1.95593e+007 1.99867e+007 2.07939e+007 2.18312e+007 2.29329e+007 2.39822e+007 2.49132e+007 2.57003e+007 2.63436e+007 2.68571e+007 2.72603e+007 2.75736e+007 2.78154e+007 2.80013e+007 2.81441e+007 2.8254e+007 2.83386e+007 2.8404e+007 2.84548e+007 2.84943e+007 2.85253e+007 2.85496e+007 2.85688e+007 2.85841e+007 2.85962e+007 2.86058e+007 2.86135e+007 2.86197e+007 2.86247e+007 2.86287e+007 2.86319e+007 2.86346e+007 2.86367e+007 2.86384e+007 2.86398e+007 2.8641e+007 2.86419e+007 2.86427e+007 2.86433e+007 2.86438e+007 2.86442e+007 2.86446e+007 2.86448e+007 2.86451e+007 2.86452e+007 2.86454e+007 2.86455e+007 2.86456e+007 2.86457e+007 2.86458e+007 2.86458e+007 2.86459e+007 2.86459e+007 2.86459e+007 2.8646e+007 2.8646e+007 2.8646e+007 2.8646e+007 2.8646e+007 2.8646e+007 2.8646e+007 2.8646e+007 2.86461e+007 2.86461e+007 2.86461e+007 2.86461e+007 2.86461e+007 2.86461e+007 2.86461e+007 2.86461e+007 2.86461e+007 2.86461e+007 2.86461e+007 2.86461e+007 2.86461e+007 2.86461e+007 2.86461e+007 2.86461e+007 2.86461e+007 2.86461e+007 2.86461e+007 2.86461e+007 2.86461e+007 2.86461e+007 2.86461e+007 2.86461e+007 2.86461e+007 2.86461e+007 2.86461e+007 2.86461e+007 2.86461e+007 2.86461e+007 2.86461e+007 2.86461e+007 2.86461e+007 2.86461e+007 2.86461e+007 2.86461e+007 2.86461e+007 0 0 0 0 0 0 0 0 0 0 0 0 0 0 0 0 0 0 0 0 0 0 0 0 0
#obs survey bio
 3.25548e+006 3.3958e+006 3.95582e+006 2.70461e+006 2.54958e+006 2.91653e+006 2.0938e+006 1.7923e+006 1.30958e+006 1.61791e+006 1.49362e+006 1.29491e+006 1.31467e+006 946584 829959 827062 620196 683209 673264 876814 531963 502519 321186 515440 555400 387165 466852 912636 659767 639129 439858 583323 442421 483394 362851 528460 739638 596316 687662 464471 610222 621141 569938 649021 846144 498075 645426 723305 732949 565691 788850 849012 773294 711000 565813 828191 798088 736792 642166 978648 675409 882113 889168 939728 1.08406e+006 1.25253e+006 1.13587e+006 840034 843122
#pred catch bio
 92589.1 89880.5 148282 199288 247193 253931 275998 302392 294712 317135 260876 266691 259584 250212 239388 209464 205793 162403 142299 139157 134900 122915 125641 114866 113990 103627 103715 103330 97545.6 103064 105074 94514.7 92598.7 96164.5 98437.5 86538.5 95341.6 94278.8 95168.4 87191.3 103983 111238 108730 108741 104936 112984 110655 111190 109209 115765 88261.8 87882.1 94205 97880.7 100182 99218.2 112458 120938 125725 113081 126135 112503 126722 126402 130997 142587 142531 135375 123009 129192 130263 132123 136404 142565 149243 155556 161059 165598 169196 171962 174042 175578 176697 177503 178078 178487 178775 178977 179118 179217 179285 179333 179366 179389 179405 179416 179423 179428 179432 179434 179436 179437 179438 179439 179439 179439 179439 179439 179440 179440 179440 179440 179440 179440 179440 179440 179440 179440 179440 179440 179440 179440 179440 179440 179440 179440 179440 179440 179440 179440 179440 179440 179440 179440 179440 179440 179440 179440 179440 179440 179440 179440 179440 179440 179440 179440 179440 179440 179440 179440 179440 179440 179440 179440 179440 179440 179440 179440 179440 179440 179440 179440 179440 179440 179440 179440 179440 179440 179440 0 0 0 0 0 0 0 0 0 0 0 0 0 0 0 0 0 0 0 0 0 0 0 0 0
#obs catch bio
 0 89481.3 148422 199476 247736 254362 276649 304736 297580 322630 263063 269897 262132 252373 242811 211842 209318 163836 143218 139204 134836 123088 127402 115821 115000 104556 104987 103603 97501.4 102749 105402 94590.7 92664.5 96365 99104.2 86543.7 95690.9 94157.9 95183.3 87143.3 104018 111030 108790 108634 104476 113404 110832 111213 108771 115776 87997.8 87776.3 94125.2 97931.2 100440 99289.3 112582 121069 126249 112999 126778 112584 126886 126570 131011 142066 141751 135373 122910
#pred cpue bio
 3.33187e+006 3.22123e+006 3.12195e+006 2.97228e+006 2.78309e+006 2.55955e+006 2.34774e+006 2.13118e+006 1.90414e+006 1.70155e+006 1.48641e+006 1.34224e+006 1.19818e+006 1.06493e+006 942085 828791 745190 659361 616107 591172 565223 539732 525594 506857 498907 490408 493061 495413 496974 503941 503384 499112 506652 517333 524919 530383 550734 562356 576125 590475 616669 625624 626409 630084 634000 643100 644042 648168 651695 657234 655022 685893 720078 748711 774818 800796 830707 847312 854912 857718 876344 881313 902666 908408 914242 914408 900056 884804 879139 2.04903e+007 1.89112e+007 1.92541e+007 1.99699e+007 2.09791e+007 2.20751e+007 2.31234e+007 2.40543e+007 2.48414e+007 2.54847e+007 2.59982e+007 2.64014e+007 2.67147e+007 2.69564e+007 2.71424e+007 2.72852e+007 2.7395e+007 2.74797e+007 2.75451e+007 2.75958e+007 2.76354e+007 2.76664e+007 2.76907e+007 2.77099e+007 2.77251e+007 2.77372e+007 2.77469e+007 2.77546e+007 2.77608e+007 2.77657e+007 2.77697e+007 2.7773e+007 2.77756e+007 2.77777e+007 2.77795e+007 2.77809e+007 2.7782e+007 2.7783e+007 2.77837e+007 2.77844e+007 2.77849e+007 2.77853e+007 2.77856e+007 2.77859e+007 2.77861e+007 2.77863e+007 2.77865e+007 2.77866e+007 2.77867e+007 2.77868e+007 2.77868e+007 2.77869e+007 2.77869e+007 2.7787e+007 2.7787e+007 2.7787e+007 2.7787e+007 2.77871e+007 2.77871e+007 2.77871e+007 2.77871e+007 2.77871e+007 2.77871e+007 2.77871e+007 2.77871e+007 2.77871e+007 2.77871e+007 2.77871e+007 2.77871e+007 2.77871e+007 2.77871e+007 2.77871e+007 2.77871e+007 2.77871e+007 2.77871e+007 2.77871e+007 2.77871e+007 2.77871e+007 2.77871e+007 2.77871e+007 2.77871e+007 2.77871e+007 2.77871e+007 2.77871e+007 2.77871e+007 2.77871e+007 2.77871e+007 2.77871e+007 2.77871e+007 2.77871e+007 2.77871e+007 2.77871e+007 2.77871e+007 2.77871e+007 2.77871e+007 2.77871e+007 2.77871e+007 2.77871e+007 2.77871e+007 2.77871e+007 0 0 0 0 0 0 0 0 0 0 0 0 0 0 0 0 0 0 0 0 0 0 0 0 0
#obs cpue bio
 3.08308e+006 4.10691e+006 2.38172e+006 2.56902e+006 2.89868e+006 1.86783e+006 2.6048e+006 1.64874e+006 1.91034e+006 1.26858e+006 1.72092e+006 1.19189e+006 1.14894e+006 1.19743e+006 748934 758213 690852 675878 566871 588610 662473 490203 436800 544987 430635 491137 395765 485162 429239 540277 418080 451260 600679 530781 573419 683626 382863 749665 483844 645947 771143 784916 561921 747461 621864 506917 712821 688482 820798 742826 539125 559771 729776 696107 872823 828172 991345 983619 925755 922602 894437 930946 1.16822e+006 790501 886675 1.08469e+006 892725 619178 926965
#pred surv len freq
 0.00429667 0.00702776 0.0106767 0.0152652 0.0207153 0.0267687 0.0329587 0.0387255 0.0436215 0.0474505 0.050252 0.0521899 0.0534526 0.054206 0.0545822 0.0546869 0.0546143 0.0544449 0.0541896 0.0536767 0.0524543 0.0498443 0.0452312 0.038479 0.0301896
 0.00463537 0.00749072 0.0112145 0.0157855 0.0211193 0.0270015 0.033042 0.0387437 0.0436671 0.0475654 0.0504053 0.0523056 0.0534667 0.0541123 0.0544414 0.0545944 0.0546457 0.0546056 0.0543948 0.0537765 0.0522989 0.0493593 0.0444595 0.0375634 0.0293054
 0.00470408 0.00766415 0.0115827 0.0164522 0.0221542 0.0283794 0.0346083 0.0402472 0.0448572 0.0482967 0.0506788 0.0522256 0.0531572 0.0536598 0.0538933 0.0539897 0.0540333 0.0540279 0.0538525 0.0532115 0.0516201 0.0485012 0.0434358 0.0364743 0.028293
 0.0048527 0.00788715 0.0118896 0.0168553 0.0226843 0.0290979 0.0355957 0.0415572 0.0464542 0.0500192 0.0522704 0.0534283 0.0538106 0.0537448 0.0535019 0.0532602 0.0530967 0.052983 0.0527564 0.052078 0.0504313 0.0472415 0.0421305 0.0352044 0.0271688
 0.00506541 0.00823108 0.0124022 0.0175664 0.0236074 0.0302212 0.0368796 0.0429466 0.0478997 0.0514859 0.0537173 0.0547711 0.0549063 0.0544253 0.0536412 0.0528274 0.0521599 0.0516685 0.0511969 0.0503773 0.0486605 0.0454586 0.0404065 0.0336325 0.0258454
 0.00531797 0.00864062 0.0130169 0.0184307 0.0247541 0.0316577 0.0385721 0.0448131 0.0498207 0.0533311 0.0553749 0.056162 0.0559748 0.0551146 0.0538787 0.0525377 0.0513014 0.0502648 0.0493395 0.0482016 0.0463169 0.0430971 0.0381733 0.0316632 0.0242444
 0.00557643 0.00905669 0.013636 0.019294 0.0258932 0.0330844 0.0402665 0.0467156 0.0518343 0.0553341 0.0572376 0.0577636 0.057217 0.0559267 0.0542107 0.0523484 0.0505556 0.0489483 0.0474847 0.045905 0.0437369 0.0404336 0.0356373 0.0294409 0.0224624
 0.0058269 0.00946888 0.0142656 0.0201962 0.0271118 0.0346352 0.0421204 0.0487927 0.0540157 0.0574845 0.0592258 0.0594736 0.0585512 0.0568074 0.05458 0.0521656 0.0497936 0.0475965 0.0455633 0.0434882 0.0409707 0.0375309 0.0328453 0.0269875 0.0205025
 0.00607449 0.00987871 0.0148966 0.0211093 0.0283599 0.0362453 0.0440738 0.0510143 0.0563803 0.0598372 0.0614066 0.0613386 0.059986 0.0577317 0.0549438 0.0519401 0.0489634 0.0461593 0.0435414 0.0409514 0.0380586 0.0344583 0.0298739 0.0243679 0.0184093
 0.00625327 0.0101807 0.0153731 0.0218178 0.0293557 0.0375661 0.0457217 0.0529456 0.0585065 0.0620365 0.0635382 0.0632577 0.0615586 0.0588469 0.0555213 0.05193 0.0483407 0.0449199 0.0417085 0.0385923 0.0353068 0.0315208 0.0270078 0.0218247 0.0163688
 0.00659863 0.0107221 0.0161517 0.022861 0.0306763 0.0391598 0.0475605 0.0549701 0.0606266 0.0641395 0.0655017 0.064962 0.0628968 0.0597317 0.0558879 0.0517353 0.0475612 0.0435521 0.0397755 0.0361607 0.0325064 0.0285524 0.024122 0.0192684 0.0143196
 0.00678559 0.0110341 0.0166353 0.0235633 0.0316333 0.0403804 0.0490127 0.0565819 0.0623035 0.0657889 0.0670484 0.0663455 0.0640596 0.06061 0.0564111 0.0518335 0.0471752 0.0426439 0.0383406 0.0342437 0.0302164 0.0260675 0.0216685 0.0170717 0.0125455
 0.00699143 0.0113728 0.0171531 0.0243069 0.0326417 0.0416708 0.050564 0.0583248 0.0641259 0.0675555 0.0686271 0.0676318 0.0649901 0.06116 0.056578 0.0516167 0.0465642 0.0416208 0.0368974 0.032407 0.0280706 0.0237632 0.0194041 0.0150488 0.0109133
 0.00722736 0.0117527 0.0177185 0.0250946 0.0336783 0.0429626 0.0520853 0.0600115 0.0658792 0.0692556 0.0701501 0.0688661 0.0658504 0.0615979 0.0565839 0.0512096 0.045774 0.0404746 0.0354184 0.0306308 0.026069 0.0216587 0.0173606 0.0132352 0.00945522
 0.00740782 0.0120611 0.0182099 0.0258284 0.0347037 0.0442964 0.0536916 0.0617965 0.0677083 0.0709827 0.0716441 0.0700255 0.0666075 0.0619176 0.0564617 0.050667 0.0448508 0.0392189 0.0338814 0.0288702 0.0241619 0.0197131 0.0155112 0.0116167 0.00816572
 0.00756903 0.0123308 0.0186308 0.0264474 0.0355649 0.045428 0.0550889 0.0634091 0.0694381 0.0726951 0.0731888 0.0712629 0.0674328 0.0622756 0.056346 0.0501094 0.0439058 0.0379517 0.0323612 0.0271715 0.0223706 0.0179318 0.0138542 0.0101913 0.00704422
 0.00754524 0.0123175 0.0186587 0.0265635 0.0358245 0.0458804 0.0557628 0.0643043 0.0705243 0.0739136 0.0744557 0.0724735 0.0684731 0.0630395 0.0567545 0.0501234 0.043528 0.0372198 0.0313372 0.025934 0.021011 0.0165525 0.0125606 0.00907571 0.00616673
 0.0077044 0.0125567 0.0189836 0.0269706 0.0363072 0.0464374 0.0564007 0.0650308 0.0713355 0.074783 0.0753317 0.0732875 0.069152 0.0635171 0.0569784 0.0500587 0.0431621 0.0365653 0.0304333 0.0248441 0.0198178 0.0153503 0.0114438 0.0081229 0.00542507
 0.00773378 0.0125935 0.0190187 0.0269883 0.0362898 0.0463732 0.0562933 0.0649066 0.071245 0.0747926 0.0755049 0.07366 0.0697117 0.0641996 0.057682 0.0506705 0.0435848 0.0367356 0.0303308 0.0244911 0.0192733 0.0146975 0.0107735 0.00751553 0.00493428
 0.00777613 0.0126438 0.0190599 0.0269924 0.0362244 0.0462131 0.0560315 0.0645606 0.0708565 0.0744232 0.075228 0.0735477 0.0698166 0.0645356 0.0582124 0.0513119 0.0442261 0.0372668 0.0306701 0.0246025 0.0191699 0.0144326 0.0104227 0.00715454 0.00462068
 0.0079691 0.0129296 0.0194368 0.0274369 0.0366937 0.0466505 0.0563746 0.0647508 0.0708529 0.0742176 0.0748537 0.0730761 0.0693408 0.0641465 0.0579747 0.051246 0.0443028 0.0374177 0.0308116 0.0246638 0.0191151 0.0142672 0.0101852 0.00689708 0.00438918
 0.00818857 0.0132746 0.019932 0.0280926 0.0374974 0.0475586 0.0573059 0.0655925 0.0714832 0.0745386 0.0748192 0.0727034 0.0687035 0.0633555 0.0571516 0.0504962 0.0436929 0.0369647 0.0304876 0.0244162 0.0188922 0.0140388 0.00994886 0.00667045 0.00419496
 0.00815199 0.0132447 0.0199417 0.0281904 0.0377351 0.0479697 0.0578866 0.0662941 0.0722201 0.0752069 0.0753198 0.0729622 0.0686881 0.0630827 0.0566836 0.0499235 0.0431094 0.0364433 0.0300644 0.0240901 0.0186382 0.0138278 0.00976254 0.00650561 0.00405758
 0.00814124 0.0132298 0.0199259 0.0281834 0.0377569 0.048053 0.0580731 0.0666215 0.0727014 0.075812 0.0759711 0.0735517 0.0691092 0.0632622 0.0566013 0.0496138 0.0426464 0.0359161 0.0295519 0.0236431 0.0182754 0.0135443 0.00954384 0.00633829 0.00393309
 0.00815132 0.013229 0.0198937 0.0280922 0.0375815 0.0477865 0.0577401 0.0662812 0.0724361 0.0757032 0.0760722 0.0738664 0.0695841 0.0638008 0.0570939 0.0499728 0.042831 0.0359365 0.0294541 0.0234847 0.0181045 0.0133896 0.00941645 0.00623903 0.00385916
 0.00823131 0.0133483 0.020052 0.0282784 0.0377729 0.0479491 0.0578336 0.0662698 0.0723046 0.0754718 0.0757985 0.0736289 0.0694527 0.0638071 0.0572192 0.0501578 0.0430032 0.0360397 0.0294666 0.0234187 0.0179917 0.0132638 0.00930166 0.00614696 0.00379202
 0.0080559 0.0130978 0.019739 0.0279362 0.037445 0.0476732 0.0576284 0.066132 0.0722163 0.0754133 0.0757604 0.0736194 0.0694965 0.0639346 0.0574488 0.0504806 0.0433801 0.0364137 0.0297843 0.0236487 0.0181305 0.013329 0.00931917 0.00614021 0.00377705
 0.00794552 0.0129104 0.0194447 0.0275091 0.036877 0.0469913 0.0569042 0.0654708 0.071724 0.0751572 0.0757483 0.0738081 0.0698215 0.0643401 0.0579014 0.0509646 0.0438821 0.0369107 0.0302433 0.0240364 0.0184261 0.0135306 0.00944117 0.00620499 0.00380653
 0.00794206 0.0128902 0.0193864 0.0273818 0.0366452 0.0466261 0.0563972 0.0648463 0.0710439 0.0745138 0.0752431 0.0735216 0.0697878 0.0645402 0.0582787 0.0514508 0.0444171 0.037449 0.0307499 0.0244824 0.0187902 0.013803 0.00962622 0.00631831 0.00386871
 0.00793753 0.0128744 0.0193463 0.0272978 0.0364938 0.0463843 0.0560486 0.064388 0.0704922 0.0739092 0.0746503 0.073022 0.0694614 0.0644426 0.0584233 0.0518062 0.04492 0.0380251 0.031331 0.0250162 0.0192421 0.0141561 0.00987969 0.00648437 0.00396742
 0.00794141 0.0128891 0.0193831 0.0273695 0.036608 0.0465336 0.0562044 0.0645024 0.070511 0.0737903 0.0743808 0.0726261 0.0689981 0.0639924 0.0580674 0.0516035 0.0448919 0.038153 0.0315682 0.0253051 0.0195304 0.0144066 0.0100735 0.00661887 0.00405124
 0.00799868 0.0129725 0.0194913 0.0274967 0.0367474 0.046682 0.0563626 0.0646696 0.0706755 0.0739232 0.0744395 0.0725691 0.0688051 0.0636784 0.0576832 0.0512209 0.0445806 0.0379588 0.0315019 0.0253452 0.0196368 0.0145368 0.0101949 0.00671377 0.00411549
 0.00801178 0.0129819 0.0194834 0.0274517 0.036645 0.0465103 0.0561273 0.0643972 0.0704091 0.0737103 0.0743162 0.0725464 0.0688641 0.0637794 0.0577856 0.0513025 0.0446455 0.0380296 0.0316023 0.0254849 0.0198062 0.0147132 0.0103539 0.00683926 0.00420275
 0.00794551 0.0128867 0.0193625 0.0273142 0.0365001 0.0463611 0.0559672 0.0642149 0.0701993 0.0734847 0.0741058 0.0723927 0.0688019 0.0638217 0.0579178 0.0514915 0.0448559 0.0382386 0.0318031 0.0256797 0.0199961 0.0148922 0.0105109 0.00696415 0.00429175
 0.00787645 0.0127809 0.019216 0.0271294 0.0362869 0.0461366 0.0557541 0.064036 0.0700693 0.073404 0.0740625 0.0723727 0.0688007 0.0638476 0.0579848 0.0516074 0.0450155 0.0384258 0.0319996 0.025872 0.0201758 0.0150537 0.0106486 0.00707323 0.00437052
 0.00788822 0.0127881 0.019205 0.027081 0.0361824 0.0459671 0.055528 0.0637801 0.0698211 0.0731996 0.0739251 0.0723077 0.0687982 0.0638914 0.0580615 0.0517109 0.0451443 0.0385776 0.0321673 0.0260446 0.0203416 0.0152027 0.010774 0.0071713 0.004441
 0.00777189 0.0126056 0.0189424 0.0267293 0.0357386 0.0454363 0.0549284 0.0631475 0.0692098 0.0726768 0.073558 0.072147 0.0688634 0.0641653 0.058497 0.0522466 0.0457217 0.0391505 0.032704 0.0265243 0.0207513 0.0155357 0.0110297 0.0073552 0.00456378
 0.00780854 0.0126488 0.0189773 0.0267314 0.0356802 0.0452957 0.0546978 0.0628352 0.0688368 0.072272 0.0731565 0.0717898 0.0685945 0.0640232 0.0585028 0.0523965 0.0459878 0.0394906 0.0330736 0.0268857 0.0210775 0.0158101 0.0112452 0.00751252 0.00466987
 0.00782244 0.0126717 0.0190111 0.0267755 0.0357273 0.0453296 0.0546927 0.0627617 0.0686732 0.0720158 0.0728291 0.0714316 0.0682546 0.0637485 0.0583305 0.052348 0.0460651 0.0396756 0.0333326 0.0271783 0.0213659 0.0160661 0.0114524 0.00766621 0.00477428
 0.00780042 0.0126403 0.0189722 0.0267338 0.0356896 0.0453019 0.0546771 0.0627538 0.0686605 0.0719794 0.07275 0.0712997 0.0680766 0.0635491 0.0581468 0.0522183 0.0460179 0.039722 0.0334639 0.0273696 0.0215838 0.0162784 0.0116351 0.00780729 0.0048725
 0.00764223 0.0123977 0.0186351 0.026304 0.0351827 0.0447472 0.0541181 0.0622449 0.0682574 0.0717255 0.0726635 0.07137 0.0682704 0.0638244 0.0584668 0.0525611 0.0463762 0.040096 0.0338516 0.0277601 0.0219573 0.0166115 0.0119091 0.00801339 0.0050136
 0.00762191 0.0123633 0.0185809 0.0262241 0.0350725 0.0446059 0.0539506 0.0620621 0.0680748 0.0715593 0.0725281 0.071276 0.0682229 0.0638221 0.0585037 0.0526294 0.0464708 0.0402163 0.0339988 0.0279321 0.0221449 0.0167986 0.0120778 0.00815015 0.00511292
 0.00761004 0.0123527 0.0185804 0.0262463 0.0351281 0.0446973 0.0540667 0.0621791 0.0681637 0.0715964 0.0725025 0.0711916 0.0680952 0.0636728 0.0583542 0.0524972 0.0463679 0.0401501 0.033973 0.0279467 0.0221944 0.0168719 0.0121601 0.00822706 0.00517471
 0.00760912 0.0123439 0.0185546 0.0261926 0.0350397 0.0445781 0.0539352 0.0620642 0.0680923 0.0715808 0.0725347 0.0712487 0.0681518 0.0637118 0.0583717 0.0524997 0.0463673 0.040158 0.0339977 0.0279918 0.0222583 0.0169482 0.0122391 0.00829874 0.00523198
 0.0076958 0.0124662 0.0187037 0.0263472 0.0351705 0.0446559 0.0539401 0.0619911 0.0679542 0.0714057 0.0723581 0.0711017 0.0680504 0.0636536 0.0583423 0.0524833 0.0463545 0.0401481 0.0339956 0.0280031 0.0222854 0.0169887 0.0122868 0.00834587 0.00527202
 0.00764221 0.0124004 0.0186427 0.0263173 0.035196 0.0447443 0.0540714 0.0621221 0.0680359 0.0714059 0.0722753 0.0709635 0.0678992 0.0635281 0.058264 0.0524541 0.0463627 0.0401783 0.0340364 0.0280488 0.0223345 0.0170398 0.012337 0.00839129 0.00530899
 0.00757041 0.0122971 0.0185133 0.0261786 0.0350754 0.0446752 0.0540857 0.0622389 0.0682494 0.071679 0.072547 0.0711706 0.0680012 0.0635217 0.058178 0.0523311 0.0462396 0.0400767 0.033963 0.0280018 0.0223092 0.0170316 0.012341 0.00840232 0.00532226
 0.00749556 0.0121752 0.0183305 0.0259249 0.0347502 0.0442952 0.0536903 0.0618876 0.0680078 0.0715979 0.0726428 0.0714177 0.0683407 0.0638822 0.0585007 0.0525855 0.046425 0.0402103 0.0340656 0.028088 0.0223855 0.0170989 0.0123981 0.00844792 0.00535608
 0.007521 0.0122 0.0183371 0.0258861 0.034636 0.0440839 0.0533794 0.0615004 0.0675914 0.0712151 0.0723584 0.0712819 0.0683736 0.0640668 0.0587884 0.0529146 0.0467415 0.040482 0.0342832 0.0282575 0.0225175 0.0172021 0.0124777 0.00850707 0.00539743
 0.00755177 0.0122466 0.0183998 0.0259597 0.0347076 0.0441307 0.053371 0.0614049 0.0673896 0.0709132 0.0719946 0.0709192 0.0680816 0.0638995 0.0587677 0.053026 0.0469431 0.0407223 0.0345186 0.0284617 0.0226813 0.017327 0.0125695 0.00857197 0.005441
 0.00755519 0.0122646 0.0184493 0.026063 0.0348842 0.0443864 0.0536871 0.0617365 0.0676739 0.0710866 0.0720121 0.0707695 0.0677932 0.0635332 0.058398 0.0527169 0.0467304 0.0406082 0.034481 0.0284695 0.0227077 0.0173557 0.0125937 0.00859016 0.00545391
 0.00736267 0.0119538 0.017988 0.025429 0.0340778 0.0434451 0.052695 0.060816 0.0669547 0.0706649 0.0719212 0.0709772 0.0682235 0.0640993 0.0590287 0.0533688 0.0473826 0.0412488 0.0350945 0.0290332 0.0231973 0.0177535 0.0128941 0.00880035 0.00558963
 0.00732551 0.0118676 0.0178106 0.0251049 0.0335518 0.042685 0.0517145 0.0596861 0.0657972 0.0696286 0.0711488 0.0705712 0.0682212 0.0644673 0.0596805 0.0541961 0.0482861 0.0421539 0.0359511 0.0298075 0.0238645 0.0182971 0.0133087 0.00909359 0.00578064
 0.00737633 0.0119412 0.0179022 0.0251982 0.0336153 0.0426705 0.0515622 0.0593388 0.0652246 0.0688522 0.0702527 0.0696883 0.0674978 0.0640202 0.0595655 0.0543991 0.0487386 0.042762 0.0366226 0.030468 0.0244617 0.0187987 0.0137001 0.00937594 0.00596762
 0.00735689 0.0119228 0.0178985 0.0252282 0.033696 0.0428048 0.0517284 0.0594878 0.0652881 0.068762 0.0699649 0.0692058 0.0668806 0.0633759 0.0590188 0.0540531 0.0486437 0.0429071 0.0369489 0.0308949 0.0249112 0.0192114 0.0140401 0.00962995 0.00614005
 0.00725001 0.0117658 0.0176941 0.0249925 0.0334565 0.0425963 0.0515858 0.0594372 0.0653353 0.0688828 0.070105 0.0692958 0.066863 0.0632322 0.0587829 0.0538013 0.0484655 0.0428697 0.0370738 0.0311556 0.0252501 0.0195638 0.0143544 0.00987711 0.00631359
 0.00715653 0.0116107 0.0174563 0.0246539 0.0330102 0.0420579 0.0510012 0.0588804 0.0648907 0.0686188 0.0700511 0.0694327 0.0671299 0.0635489 0.0590798 0.0540443 0.0486647 0.0430663 0.0373122 0.0314571 0.0256023 0.0199289 0.0146885 0.0101479 0.00650874
 0.00718268 0.0116445 0.0174903 0.0246734 0.0329945 0.041984 0.0508503 0.0586451 0.0645835 0.0682761 0.0697276 0.0691852 0.0669969 0.0635353 0.0591573 0.0541681 0.0487969 0.0431931 0.0374444 0.0316148 0.025796 0.0201489 0.0149096 0.0103425 0.0066588
 0.00718323 0.0116574 0.017531 0.0247613 0.0331448 0.0421959 0.0510985 0.0588811 0.0647486 0.0683222 0.0696352 0.0689711 0.0667082 0.0632322 0.0588913 0.0539666 0.048662 0.0431125 0.0374066 0.0316162 0.0258375 0.020227 0.0150111 0.0104479 0.00675031
 0.00718013 0.0116546 0.0175318 0.0247725 0.0331778 0.0422663 0.0512223 0.0590667 0.0649869 0.0685798 0.0698589 0.0691049 0.0667152 0.0631102 0.0586728 0.0537035 0.0484045 0.0428949 0.0372441 0.0315112 0.0257861 0.0202213 0.0150393 0.0104945 0.00679992
 0.00709946 0.0115267 0.0173458 0.024522 0.0328644 0.0419039 0.0508413 0.0587138 0.0647173 0.068442 0.0698781 0.0692718 0.0669868 0.0634248 0.0589717 0.053951 0.0485943 0.043042 0.0373703 0.0316333 0.0259107 0.0203469 0.0151587 0.0105994 0.00688375
 0.0070799 0.0114974 0.0173059 0.0244716 0.0328029 0.0418291 0.0507495 0.0586025 0.0645897 0.0683113 0.0697671 0.069207 0.0669874 0.0634926 0.0590884 0.0540854 0.0487164 0.0431357 0.0374363 0.0316834 0.0259581 0.020399 0.0152154 0.0106554 0.00693275
 0.00701441 0.0113874 0.0171346 0.0242229 0.0324672 0.0414107 0.0502729 0.0581114 0.0641376 0.0679477 0.0695277 0.0691108 0.0670387 0.063683 0.0593964 0.0544767 0.0491482 0.043565 0.0378302 0.0320241 0.0262416 0.0206288 0.0153969 0.0107933 0.00703167
 0.00700847 0.0113812 0.017131 0.0242241 0.0324717 0.0414092 0.0502471 0.0580389 0.064002 0.0677487 0.0692853 0.0688606 0.0668215 0.0635335 0.0593363 0.0545113 0.049266 0.0437415 0.0380349 0.0322288 0.0264265 0.0207843 0.0155208 0.0108873 0.00709908
 0.00695329 0.0113009 0.0170276 0.0241064 0.0323529 0.0413035 0.0501652 0.0579843 0.0639684 0.0677211 0.0692453 0.0687957 0.0667332 0.0634395 0.0592646 0.054489 0.0493092 0.0438503 0.0381938 0.0324136 0.026612 0.0209508 0.0156572 0.0109906 0.00717147
 0.00697331 0.0113226 0.0170408 0.0240964 0.0323061 0.0412154 0.0500461 0.0578576 0.063861 0.0676512 0.0692145 0.0687893 0.0667296 0.0634218 0.0592298 0.0544494 0.0492862 0.0438631 0.0382511 0.0325098 0.0267313 0.0210735 0.0157672 0.0110783 0.00723462
 0.00719213 0.0116471 0.0174704 0.0246075 0.0328565 0.0417522 0.0505143 0.0582081 0.0640596 0.0676862 0.0690988 0.0685534 0.0664085 0.0630453 0.0588206 0.0540274 0.0488738 0.0434857 0.0379319 0.0322628 0.0265579 0.020964 0.0157056 0.011048 0.00722217
 0.00736045 0.011925 0.0178943 0.0252081 0.0336451 0.0427028 0.051551 0.0592105 0.0648911 0.0682345 0.0693062 0.0684243 0.065996 0.0624274 0.0580776 0.0532292 0.0480753 0.0427295 0.0372514 0.0316829 0.0260923 0.0206136 0.0154594 0.0108872 0.00712482
 0.00728304 0.0118349 0.0178256 0.0252173 0.0337992 0.0430581 0.0521302 0.0599888 0.0657945 0.0691502 0.0701053 0.0689915 0.0662585 0.0623707 0.0577418 0.0526892 0.0474169 0.0420312 0.0365761 0.0310762 0.025583 0.0202146 0.0151687 0.0106912 0.00700316
#obs surv len freq
 nan nan nan nan nan nan nan nan nan nan nan nan nan nan nan nan nan nan nan nan nan nan nan nan nan
 0.0044849 0.00734637 0.0111765 0.015993 0.0216937 0.0279693 0.0342833 0.0400144 0.0446937 0.0481572 0.0505148 0.0520104 0.0529024 0.0534146 0.0537286 0.0539834 0.0542619 0.0545546 0.0546933 0.0542851 0.0527232 0.0493554 0.0438053 0.0362855 0.0276693
 0.00461439 0.00755956 0.0115019 0.0164577 0.0223169 0.0287511 0.0351956 0.0409977 0.0456656 0.0490293 0.0512093 0.0524717 0.0531027 0.0533533 0.0534282 0.0534814 0.0536021 0.0537799 0.053843 0.0533964 0.051835 0.0485111 0.0430499 0.0356571 0.027189
 0.00478036 0.00782913 0.0119073 0.0170293 0.0230775 0.0297078 0.0363288 0.0422559 0.0469692 0.0502812 0.0523094 0.0533292 0.0536471 0.0535424 0.0532522 0.0529612 0.0527823 0.0527197 0.0526086 0.052058 0.0504675 0.0471946 0.0418637 0.0346668 0.0264307
 0.00496843 0.00813805 0.0123781 0.0177016 0.0239822 0.0308536 0.0376906 0.0437702 0.0485437 0.0518116 0.0536937 0.0544753 0.0544746 0.0539867 0.0532698 0.0525366 0.0519317 0.0514905 0.0510751 0.0503169 0.0486338 0.045395 0.0402234 0.033288 0.025371
 0.00517821 0.008482 0.0129013 0.0184483 0.0249877 0.0321313 0.0392177 0.0454823 0.0503419 0.0535805 0.0553188 0.055854 0.0555205 0.0546295 0.0534559 0.0522303 0.0511217 0.050197 0.0493573 0.0482764 0.0464128 0.0431645 0.0381587 0.0315355 0.0240159
 0.00539513 0.00883862 0.0134455 0.0192277 0.0260407 0.0334734 0.0408268 0.0472928 0.0522536 0.0554768 0.0570837 0.0573823 0.0567213 0.0554269 0.0537881 0.0520503 0.0504003 0.0489313 0.0475839 0.0460854 0.0439536 0.0406358 0.0357771 0.029489 0.0224203
 0.00565354 0.00925758 0.0140741 0.0201113 0.0272129 0.0349437 0.0425663 0.0492293 0.0542803 0.0574716 0.058928 0.0589717 0.0579688 0.0562614 0.0541519 0.0518963 0.0496927 0.0476536 0.0457546 0.0437787 0.0413143 0.0378748 0.033139 0.0271963 0.0206173
 0.00588164 0.00963542 0.0146556 0.0209508 0.0283539 0.0364015 0.0443112 0.0511817 0.0563241 0.0594785 0.0607788 0.0605664 0.0592273 0.0571193 0.0545557 0.0518003 0.0490584 0.0464558 0.0439977 0.0415198 0.0386844 0.0350806 0.030433 0.024818 0.0187301
 0.00613821 0.0100535 0.0152869 0.0218446 0.0295487 0.0379104 0.0461064 0.0531875 0.0584252 0.0615401 0.062669 0.0621719 0.0604612 0.057921 0.0548853 0.051629 0.0483624 0.0452179 0.0422206 0.0392513 0.0360425 0.0322617 0.0276864 0.0223882 0.0167901
 0.00637085 0.0104371 0.0158742 0.0226879 0.0306891 0.0393617 0.0478386 0.0551217 0.0604463 0.0635193 0.0644843 0.0637192 0.0616569 0.0587022 0.0552075 0.0514633 0.0476898 0.0440286 0.0405221 0.0370889 0.0335235 0.0295664 0.0250489 0.0200432 0.0149083
 0.00659824 0.0108112 0.0164453 0.0235058 0.0317935 0.0407668 0.0495169 0.056998 0.062407 0.0654344 0.0662289 0.065188 0.0627695 0.0594031 0.0554618 0.0512502 0.0469979 0.0428547 0.0388792 0.0350227 0.0311342 0.0270196 0.0225591 0.0178276 0.0131266
 0.00684373 0.0112103 0.017046 0.0243524 0.0329181 0.0421756 0.0511762 0.0588289 0.0642963 0.0672557 0.0678627 0.0665351 0.0637558 0.0599798 0.0556021 0.0509437 0.0462446 0.0416623 0.0372681 0.0330411 0.0288763 0.0246356 0.0202421 0.015772 0.0114755
 0.00704771 0.0115481 0.0175657 0.0251019 0.0339348 0.0434698 0.0527157 0.0605346 0.0660553 0.0689437 0.0693667 0.0677639 0.0646436 0.060484 0.0556999 0.050628 0.0455193 0.0405403 0.0357754 0.0312274 0.0268298 0.0224911 0.0181687 0.0139387 0.0100058
 0.00725367 0.0118836 0.018072 0.0258178 0.0348894 0.0446708 0.0541363 0.0621078 0.0676812 0.070507 0.0707557 0.0688853 0.0654298 0.0608952 0.0557211 0.050262 0.0447801 0.0394498 0.0343658 0.0295501 0.0249677 0.020564 0.0163231 0.0123181 0.00871278
 0.00745868 0.0122179 0.0185763 0.0265298 0.0358346 0.0458501 0.0555133 0.0636064 0.0691973 0.07193 0.0719869 0.0698478 0.0660707 0.0611841 0.0556479 0.0498335 0.0440158 0.0383785 0.0330257 0.027995 0.0232755 0.0188405 0.0146931 0.0109005 0.00758995
 0.00753413 0.012352 0.0187998 0.0268792 0.0363457 0.0465457 0.0563915 0.0646348 0.0703166 0.0730641 0.073055 0.0707734 0.0667883 0.0616438 0.0558175 0.0496982 0.0435771 0.0376525 0.0320438 0.0268065 0.0219518 0.0174755 0.013394 0.00976751 0.00669151
 0.00758213 0.0124193 0.0188827 0.0269714 0.0364454 0.0466649 0.0565601 0.0648951 0.0707074 0.0736026 0.0737241 0.0715221 0.0675424 0.0623211 0.0563416 0.0500089 0.0436352 0.0374423 0.0315741 0.0261115 0.0210913 0.0165322 0.0124625 0.00893645 0.00602301
 0.00763096 0.0124933 0.0189835 0.0270955 0.0365838 0.0468041 0.0566857 0.064999 0.0707963 0.0737027 0.0738754 0.0717613 0.0678826 0.0627396 0.0567825 0.0503976 0.0438975 0.0375212 0.0314402 0.0257683 0.0205756 0.0159084 0.0118109 0.00833498 0.00552885
 0.00770931 0.0126082 0.019133 0.0272695 0.0367665 0.0469779 0.0568351 0.0651117 0.0708652 0.0737287 0.0738713 0.0717533 0.0679048 0.0628211 0.0569323 0.0505947 0.0440938 0.0376553 0.0314568 0.0256364 0.0202979 0.0155214 0.0113737 0.00791168 0.00517041
 0.00775862 0.0126918 0.0192643 0.0274606 0.0370222 0.0472887 0.0571723 0.0654307 0.0711181 0.0738805 0.0739109 0.0716949 0.0677813 0.0626744 0.0568012 0.0505041 0.0440451 0.0376252 0.0314061 0.0255261 0.0201071 0.0152566 0.0110667 0.00760636 0.00490614
 0.007812 0.0127704 0.0193679 0.0275851 0.0371627 0.047443 0.0573416 0.0656159 0.071313 0.0740674 0.0740625 0.0717843 0.0677937 0.0626141 0.0566905 0.0503737 0.0439215 0.0375193 0.0313101 0.0254194 0.0199692 0.01508 0.0108623 0.00739867 0.00472189
 0.00785168 0.0128339 0.0194611 0.0277114 0.0373211 0.0476256 0.0575335 0.0657978 0.0714679 0.074186 0.0741439 0.0718305 0.0678043 0.0625851 0.0566198 0.0502665 0.0437912 0.0373819 0.0311758 0.0252886 0.0198349 0.0149361 0.0107106 0.00725 0.00459087
 0.0078576 0.0128422 0.0194712 0.0277228 0.037334 0.0476423 0.0575578 0.0658346 0.0715196 0.074251 0.0742172 0.0719054 0.0678742 0.0626439 0.0566614 0.0502854 0.0437845 0.0373511 0.031126 0.0252246 0.0197594 0.0148505 0.0106181 0.00715757 0.00450765
 0.0078757 0.0128652 0.0194941 0.0277371 0.0373304 0.0476147 0.0575073 0.0657697 0.0714548 0.0742021 0.0741967 0.0719189 0.0679198 0.0627132 0.0567421 0.0503643 0.0438505 0.0373967 0.0311476 0.0252226 0.0197367 0.0148113 0.010568 0.00710344 0.00445674
 0.00789329 0.0128901 0.0195244 0.0277679 0.0373542 0.0476226 0.0574909 0.0657241 0.0713809 0.0741091 0.074101 0.0718404 0.0678751 0.0627107 0.0567794 0.0504307 0.0439304 0.0374745 0.0312114 0.0252653 0.0197563 0.01481 0.010551 0.00707749 0.00442871
 0.00792226 0.0129347 0.0195868 0.0278475 0.0374473 0.0477217 0.0575843 0.0657969 0.0714184 0.0741011 0.0740462 0.071748 0.0677626 0.0625994 0.0566879 0.0503697 0.043901 0.0374693 0.0312189 0.0252743 0.0197588 0.014803 0.0105354 0.00705695 0.0044076
 0.00790908 0.0129155 0.0195621 0.0278196 0.0374195 0.0476977 0.0575673 0.0657887 0.0714186 0.0741068 0.0740525 0.0717495 0.0677565 0.0625869 0.056675 0.0503647 0.0439102 0.0374944 0.0312557 0.0253148 0.0197946 0.0148283 0.0105484 0.00705967 0.00440388
 0.0078795 0.0128648 0.0194815 0.0277004 0.0372571 0.0474962 0.0573428 0.0655685 0.0712344 0.0739849 0.0740063 0.0717774 0.0678451 0.0627168 0.0568271 0.050524 0.0440678 0.0376454 0.0313966 0.0254412 0.0199017 0.0149119 0.0106076 0.00709689 0.00442413
 0.00785262 0.0128192 0.0194092 0.0275929 0.0371068 0.0472997 0.057105 0.0653046 0.0709695 0.0737505 0.0738337 0.0716909 0.0678549 0.0628172 0.056999 0.0507412 0.0443042 0.0378799 0.0316144 0.0256332 0.0200622 0.0150383 0.0107001 0.00715892 0.00446178
 0.00784693 0.0128044 0.0193767 0.0275311 0.037004 0.0471483 0.0569056 0.0650677 0.0707138 0.0734998 0.0736138 0.0715264 0.0677666 0.0628175 0.0570881 0.0509065 0.0445229 0.0381249 0.0318602 0.0258597 0.0202564 0.0151936 0.0108155 0.00723817 0.00451155
 0.00784296 0.0127987 0.019369 0.0275206 0.0369878 0.0471202 0.0568562 0.0649866 0.0705943 0.0733434 0.0734326 0.0713417 0.0676041 0.0627017 0.0570373 0.0509285 0.0446137 0.0382694 0.0320362 0.0260433 0.0204273 0.015338 0.0109271 0.007317 0.00456233
 0.00780706 0.0127413 0.0192848 0.0274062 0.0368431 0.0469507 0.0566735 0.0648066 0.0704328 0.073211 0.0733328 0.0712728 0.0675648 0.0626945 0.0570682 0.0510046 0.0447377 0.0384366 0.0322336 0.0262519 0.0206266 0.0155112 0.0110643 0.00741604 0.00462733
 0.00777341 0.0126858 0.0192 0.0272849 0.036681 0.0467489 0.0564414 0.064563 0.0702022 0.0730181 0.0731961 0.0712015 0.0675575 0.0627429 0.0571623 0.0511358 0.0449005 0.0386262 0.0324423 0.0264676 0.0208339 0.0156947 0.0112131 0.00752591 0.00470097
 0.00774013 0.0126286 0.0191081 0.0271471 0.0364881 0.0464989 0.0561439 0.0642398 0.0698845 0.0727393 0.0729857 0.0710795 0.0675323 0.062811 0.0573097 0.0513433 0.0451477 0.0388952 0.0327181 0.0267365 0.0210824 0.0159104 0.0113869 0.00765479 0.0047881
 0.00768121 0.0125346 0.01897 0.0269577 0.0362433 0.0462001 0.0558004 0.0638709 0.0695182 0.0724085 0.0727229 0.0709118 0.0674771 0.0628727 0.0574798 0.0516019 0.0454684 0.0392495 0.0330793 0.0270822 0.0213944 0.0161755 0.0115975 0.0078096 0.00489256
 0.00769057 0.0125417 0.0189659 0.0269285 0.0361742 0.0460798 0.0556261 0.0636495 0.0692642 0.0721412 0.0724636 0.070683 0.0673014 0.0627703 0.0574646 0.0516774 0.0456263 0.0394712 0.0333399 0.0273551 0.0216555 0.0164058 0.0117851 0.00795017 0.00498891
 0.00768066 0.0125338 0.0189683 0.0269522 0.0362268 0.0461586 0.0557135 0.0637158 0.0692779 0.0720813 0.072328 0.0704882 0.0670763 0.0625488 0.0572784 0.0515515 0.0455752 0.0394965 0.0334309 0.0274919 0.021814 0.0165629 0.0119231 0.00805909 0.00506636
 0.00763336 0.0124604 0.0188651 0.0268201 0.0360732 0.0459988 0.0555696 0.0636109 0.0692272 0.0720834 0.0723637 0.0705297 0.0671005 0.0625473 0.0572594 0.0515345 0.0455818 0.0395426 0.0335217 0.0276205 0.0219645 0.0167158 0.0120605 0.00816943 0.00514586
 0.00761535 0.0124269 0.018807 0.026727 0.0359368 0.0458182 0.0553557 0.0633877 0.0690266 0.0719364 0.0722903 0.0705324 0.0671641 0.0626456 0.057367 0.0516363 0.0456765 0.0396386 0.0336294 0.0277448 0.0221015 0.0168542 0.0121868 0.00827302 0.00522194
 0.00758781 0.0123854 0.0187503 0.026655 0.0358496 0.0457141 0.0552319 0.0632428 0.0688647 0.0717705 0.0721421 0.0704265 0.067119 0.0626667 0.0574448 0.0517514 0.0458085 0.0397742 0.0337637 0.0278781 0.0222334 0.0169808 0.0123006 0.00836667 0.00529162
 0.00758904 0.0123867 0.018751 0.0266541 0.0358461 0.045707 0.05522 0.0632236 0.0688338 0.0717224 0.072073 0.0703386 0.0670231 0.0625801 0.0573847 0.0517279 0.0458219 0.039817 0.033826 0.0279517 0.0223128 0.0170608 0.0123757 0.00843125 0.00534171
 0.00754514 0.0123197 0.0186584 0.0265369 0.0357086 0.0455569 0.0550679 0.0630825 0.0687171 0.0716401 0.0720293 0.0703308 0.0670443 0.0626231 0.0574456 0.0518065 0.0459194 0.0399319 0.0339532 0.0280832 0.02244 0.0171765 0.0124744 0.00850971 0.0053992
 0.00754915 0.0123214 0.0186524 0.0265155 0.0356643 0.0454861 0.0549737 0.0629745 0.0686087 0.0715443 0.0719551 0.0702823 0.0670215 0.0626229 0.0574642 0.051841 0.0459684 0.0399951 0.0340295 0.0281691 0.0225296 0.0172627 0.0125509 0.00857195 0.00544547
 0.00753608 0.0123032 0.0186303 0.0264916 0.0356401 0.0454601 0.0549409 0.0629284 0.0685451 0.0714651 0.0718696 0.0702039 0.0669627 0.0625914 0.0574615 0.0518641 0.0460123 0.0400549 0.0341009 0.028248 0.0226112 0.0173412 0.0126207 0.00862892 0.0054878
 0.00754029 0.0123098 0.0186399 0.0265049 0.0356576 0.0454825 0.0549679 0.0629574 0.0685703 0.0714781 0.0718616 0.0701701 0.0669055 0.0625204 0.0573898 0.0518039 0.0459713 0.0400359 0.0341028 0.0282673 0.0226429 0.0173797 0.0126601 0.00866412 0.00551573
 0.00752644 0.0122909 0.0186179 0.026484 0.0356429 0.045478 0.0549752 0.0629756 0.0685962 0.0715074 0.0718889 0.0701893 0.0669108 0.0625086 0.0573623 0.0517671 0.0459344 0.0400077 0.0340889 0.0282691 0.0226582 0.017404 0.0126879 0.00869061 0.00553757
 0.00750989 0.0122641 0.018578 0.0264293 0.0355741 0.0453996 0.0548963 0.0629085 0.068553 0.0714953 0.071908 0.0702329 0.0669678 0.0625676 0.0574141 0.0518067 0.045962 0.0400274 0.0341064 0.0282894 0.0226833 0.0174327 0.0127173 0.00871729 0.00555899
 0.00748487 0.012223 0.0185156 0.0263408 0.0354567 0.0452549 0.0547323 0.0627402 0.0684005 0.0713791 0.0718444 0.0702296 0.0670223 0.0626683 0.0575436 0.0519468 0.0460977 0.0401498 0.0342124 0.0283797 0.0227602 0.0174978 0.0127709 0.00875918 0.00558943
 0.00748997 0.0122274 0.0185148 0.0263281 0.0354243 0.0451963 0.0546453 0.0626278 0.0682714 0.0712465 0.0717242 0.0701381 0.0669729 0.0626674 0.0575895 0.0520297 0.0462029 0.0402622 0.03432 0.0284755 0.0228414 0.0175643 0.0128235 0.00879892 0.00561763
 0.00748997 0.0122274 0.0185148 0.0263281 0.0354243 0.0451963 0.0546453 0.0626278 0.0682714 0.0712465 0.0717242 0.0701381 0.0669729 0.0626674 0.0575895 0.0520297 0.0462029 0.0402622 0.03432 0.0284755 0.0228414 0.0175643 0.0128235 0.00879892 0.00561763
 0.00724575 0.0118444 0.0179661 0.0256011 0.0345274 0.044166 0.0535516 0.061572 0.0673682 0.0705982 0.071397 0.070152 0.0673046 0.063262 0.0583739 0.0529256 0.0471365 0.0411704 0.0351544 0.029203 0.0234444 0.0180385 0.0131757 0.00904439 0.00577686
 0.00718475 0.0117173 0.0177239 0.0251834 0.0338798 0.043267 0.0524359 0.0603344 0.0661443 0.0695309 0.0706065 0.0697165 0.067255 0.0635829 0.0590113 0.0537983 0.0481505 0.0422323 0.0361825 0.030134 0.0242366 0.0186722 0.0136509 0.00937671 0.00599223
 0.00717175 0.0116976 0.0176945 0.0251359 0.0337939 0.0431051 0.052146 0.0598656 0.0654738 0.068689 0.069683 0.0688427 0.0665662 0.063183 0.0589501 0.0540672 0.0486929 0.0429614 0.0370003 0.0309494 0.0249772 0.0192914 0.014129 0.00971741 0.00621548
 0.00717325 0.0117028 0.0177074 0.0251614 0.0338355 0.0431605 0.052201 0.0598899 0.0654212 0.0685075 0.0693346 0.0683277 0.0659381 0.0625424 0.0584169 0.0537429 0.0486307 0.0431555 0.0373954 0.0314616 0.0255189 0.0197905 0.01454 0.010023 0.00642146
 0.00711678 0.0116193 0.0175973 0.0250313 0.0336973 0.0430288 0.0520907 0.059812 0.0653779 0.0684859 0.0693052 0.0682504 0.0657795 0.0622963 0.0581176 0.0534612 0.0484495 0.0431378 0.0375603 0.0317795 0.0259259 0.020213 0.0149172 0.0103198 0.0066296
 0.00702739 0.0114774 0.0173908 0.0247535 0.0333503 0.0426284 0.0516694 0.0594163 0.065058 0.0682807 0.0692289 0.0682879 0.0658916 0.0624337 0.0582404 0.0535567 0.0485382 0.0432628 0.0377629 0.0320755 0.0262958 0.02061 0.0152881 0.0106244 0.00685096
 0.00702332 0.0114648 0.0173608 0.0246934 0.0332467 0.0424717 0.0514583 0.0591619 0.0647828 0.0680158 0.0690078 0.0681375 0.0658238 0.0624409 0.0582993 0.0536392 0.0486269 0.0433601 0.0378879 0.0322492 0.0265236 0.0208747 0.0155558 0.0108605 0.00703311
 0.00705136 0.011513 0.0174374 0.0248055 0.0333955 0.0426472 0.0516359 0.059305 0.0648538 0.06799 0.0688826 0.0679343 0.0655793 0.0621946 0.0580809 0.0534629 0.048494 0.0432677 0.0378376 0.0322478 0.0265763 0.0209759 0.0156868 0.0109953 0.00714931
 0.00702968 0.0114867 0.0174145 0.0247995 0.0334228 0.042721 0.0517605 0.0594718 0.06504 0.0681619 0.0690033 0.0679748 0.0655282 0.0620626 0.0578963 0.0532609 0.0483052 0.0431126 0.0377269 0.0321867 0.0265656 0.0210106 0.0157541 0.0110769 0.00722696
 0.00695943 0.0113718 0.0172413 0.0245582 0.0331128 0.0423588 0.0513839 0.0591356 0.0648016 0.0680609 0.0690478 0.0681392 0.0657648 0.0623192 0.058133 0.0534586 0.0484651 0.0432478 0.0378531 0.0323153 0.0267012 0.0211509 0.0158914 0.0112006 0.00732773
 0.00698944 0.0114158 0.0172981 0.024622 0.0331726 0.0423994 0.0513888 0.0590924 0.0647092 0.0679346 0.0689165 0.0680349 0.0657087 0.0623126 0.058159 0.0534927 0.0484881 0.0432534 0.0378476 0.0323115 0.0267106 0.0211786 0.0159348 0.0112516 0.00737696
 0.0069289 0.0113253 0.0171767 0.0244739 0.0330061 0.0422239 0.0512132 0.058924 0.0645538 0.067798 0.0688065 0.0679631 0.0656894 0.0623575 0.0582697 0.0536571 0.0486829 0.0434532 0.0380336 0.0324755 0.0268529 0.0213026 0.0160423 0.0113419 0.00744797
