SBPRF35
9.11401
Curr Bio
566719
B35
743647
F35
0.19696
FOFL
0.134876
OFL
56870.5
Bzero
2.604e+006
#pred survey bio
 4.4054e+006 4.19472e+006 3.98622e+006 3.73479e+006 3.44936e+006 3.1395e+006 2.84108e+006 2.50638e+006 2.23952e+006 1.98005e+006 1.76173e+006 1.57575e+006 1.36503e+006 1.18069e+006 1.04603e+006 953089 856011 780696 728224 681064 663508 639478 631633 620732 612996 601228 604541 601630 591120 586556 588064 583183 583553 572511 565746 550404 542915 535191 536188 532570 540323 549875 556308 562649 567677 573706 569161 567716 567822 571902 583878 571987 1.84011e+007 1.10674e+007 1.14388e+007 1.23913e+007 1.36721e+007 1.50157e+007 1.62517e+007 1.73005e+007 1.81441e+007 1.87984e+007 1.92936e+007 1.96621e+007 1.99336e+007 2.01324e+007 2.02778e+007 2.03841e+007 2.0462e+007 2.05194e+007 2.05619e+007 2.05936e+007 2.06173e+007 2.06351e+007 2.06486e+007 2.06589e+007 2.06668e+007 2.06729e+007 2.06775e+007 2.06811e+007 2.06839e+007 2.06861e+007 2.06878e+007 2.06891e+007 2.06901e+007 2.0691e+007 2.06916e+007 2.06921e+007 2.06925e+007 2.06928e+007 2.0693e+007 2.06932e+007 2.06934e+007 2.06935e+007 2.06936e+007 2.06937e+007 2.06937e+007 2.06938e+007 2.06938e+007 2.06938e+007 2.06939e+007 2.06939e+007 2.06939e+007 2.06939e+007 2.06939e+007 2.06939e+007 2.06939e+007 2.06939e+007 2.06939e+007 2.06939e+007 2.06939e+007 2.06939e+007 2.06939e+007 2.06939e+007 2.06939e+007 2.06939e+007 2.06939e+007 2.0694e+007 2.0694e+007 2.0694e+007 2.0694e+007 2.0694e+007 2.0694e+007 2.0694e+007 2.0694e+007 2.0694e+007 2.0694e+007 2.0694e+007 2.0694e+007 2.0694e+007 2.0694e+007 2.0694e+007 2.0694e+007 2.0694e+007 2.0694e+007 2.0694e+007 2.0694e+007 2.0694e+007 2.0694e+007 2.0694e+007 2.0694e+007 2.0694e+007 2.0694e+007 2.0694e+007 2.0694e+007 2.0694e+007 2.0694e+007 2.0694e+007 2.0694e+007 2.0694e+007 2.0694e+007 2.0694e+007 0 0 0 0 0 0 0 0 0 0 0 0 0 0 0 0 0 0 0 0 0 0 0 0 0
#obs survey bio
 3.61266e+006 3.35282e+006 3.79115e+006 2.90716e+006 4.20754e+006 2.54289e+006 3.00543e+006 1.66402e+006 2.3274e+006 1.25882e+006 1.8276e+006 1.36394e+006 969831 990955 752710 676738 614902 676395 780074 639840 506188 656338 430217 758525 500878 473107 492247 614206 562733 588753 440709 542738 601850 590509 610279 621598 523787 864566 546612 339936 361739 633604 488686 559385 597032 673003 339196 523337 657546 490049 833725 479391
#pred catch bio
 109278 108611 155547 201916 245152 258954 317630 280560 295105 276601 263333 296643 280348 241501 208720 212533 190119 165388 155473 126932 130527 115658 117579 113877 116059 102314 105910 109284 101272 94041.9 97623.2 91333.5 98398.5 91213.4 94688.7 86361.4 88718.2 85048.1 91926.6 84514.8 84927.4 88757.9 89591.1 91052.6 90130.9 98456.6 95221.4 93689.2 90085.2 83083.9 100906 123608 56870.5 80667.3 82043.4 87619.6 96307 105705 114310 121485 127113 131341 134418 136604 138128 139176 139888 140368 140689 140902 141043 141136 141197 141237 141263 141280 141291 141299 141303 141307 141308 141310 141311 141311 141312 141312 141312 141312 141312 141312 141312 141312 141312 141312 141312 141312 141312 141312 141312 141312 141312 141312 141312 141312 141312 141312 141312 141312 141312 141312 141312 141312 141312 141312 141312 141312 141312 141312 141312 141312 141312 141312 141312 141312 141312 141312 141312 141312 141312 141312 141312 141312 141312 141312 141312 141312 141312 141312 141312 141312 141312 141312 141312 141312 141312 141312 141312 141312 141312 141312 141312 141312 0 0 0 0 0 0 0 0 0 0 0 0 0 0 0 0 0 0 0 0 0 0 0 0 0
#obs catch bio
 0 108438 156020 202924 246850 260631 321868 284373 299737 280501 266590 304046 287101 248037 214606 220111 197119 169367 158421 128024 132957 117140 120109 115516 118347 104262 108011 110805 102359 94868.5 98465.9 92062 99530.7 91869 95397.5 86657.1 88866.4 84658 91772.1 84746.4 85279.4 88942.5 89942.4 91419.2 90256.8 98355.6 95444.4 93744.2 90478.8 83107 100386 123877
#pred cpue bio
 4.33808e+006 4.13144e+006 3.92656e+006 3.67692e+006 3.39272e+006 3.08435e+006 2.78729e+006 2.45452e+006 2.18909e+006 1.93139e+006 1.71434e+006 1.52938e+006 1.32078e+006 1.13858e+006 1.0054e+006 913470 818377 745408 695118 649853 632910 609515 601800 591239 583853 572525 575997 573789 564220 560251 562090 557623 558317 548128 542273 527983 520340 511485 511377 507471 514872 524155 530429 536584 541556 547615 543327 541896 542004 546139 558159 547347 1.76199e+007 1.0606e+007 1.08393e+007 1.16332e+007 1.28545e+007 1.41832e+007 1.54161e+007 1.64642e+007 1.73077e+007 1.7962e+007 1.84571e+007 1.88257e+007 1.90972e+007 1.9296e+007 1.94414e+007 1.95477e+007 1.96256e+007 1.9683e+007 1.97255e+007 1.97571e+007 1.97808e+007 1.97987e+007 1.98122e+007 1.98225e+007 1.98304e+007 1.98364e+007 1.98411e+007 1.98447e+007 1.98475e+007 1.98497e+007 1.98514e+007 1.98527e+007 1.98537e+007 1.98545e+007 1.98552e+007 1.98557e+007 1.98561e+007 1.98564e+007 1.98566e+007 1.98568e+007 1.9857e+007 1.98571e+007 1.98572e+007 1.98573e+007 1.98573e+007 1.98574e+007 1.98574e+007 1.98574e+007 1.98574e+007 1.98575e+007 1.98575e+007 1.98575e+007 1.98575e+007 1.98575e+007 1.98575e+007 1.98575e+007 1.98575e+007 1.98575e+007 1.98575e+007 1.98575e+007 1.98575e+007 1.98575e+007 1.98575e+007 1.98575e+007 1.98575e+007 1.98575e+007 1.98575e+007 1.98575e+007 1.98575e+007 1.98575e+007 1.98575e+007 1.98575e+007 1.98575e+007 1.98575e+007 1.98575e+007 1.98575e+007 1.98575e+007 1.98575e+007 1.98575e+007 1.98575e+007 1.98575e+007 1.98575e+007 1.98575e+007 1.98575e+007 1.98575e+007 1.98575e+007 1.98575e+007 1.98575e+007 1.98575e+007 1.98575e+007 1.98575e+007 1.98575e+007 1.98575e+007 1.98575e+007 1.98575e+007 1.98575e+007 1.98575e+007 1.98575e+007 1.98575e+007 1.98575e+007 0 0 0 0 0 0 0 0 0 0 0 0 0 0 0 0 0 0 0 0 0 0 0 0 0
#obs cpue bio
 3.57102e+006 3.14479e+006 3.22777e+006 3.21905e+006 2.5935e+006 3.00427e+006 2.17316e+006 1.86824e+006 2.2326e+006 2.76234e+006 1.51435e+006 879449 1.49676e+006 718500 740737 741284 597819 975954 697726 768085 432739 537112 421994 560456 438200 411509 574574 745118 550743 491041 772145 458897 451646 536391 526429 499926 681301 477740 474842 475123 664468 544139 484532 518954 565524 643385 641034 675241 337494 696081 740218 475286
#pred surv len freq
 0.00529281 0.00852677 0.012708 0.0177757 0.0235854 0.0298419 0.0360651 0.0416948 0.0463001 0.0497268 0.0520795 0.0535935 0.0545149 0.0550368 0.055277 0.0552744 0.0550016 0.0543815 0.0532851 0.051502 0.0487229 0.0446051 0.0389573 0.0319657 0.0242852
 0.00546654 0.00871967 0.0128382 0.0177256 0.0232506 0.0291978 0.0352092 0.040825 0.0456287 0.0493806 0.0520456 0.0537435 0.0546829 0.0551058 0.0552285 0.0551878 0.0550086 0.0545975 0.0537475 0.0521456 0.0494063 0.0451753 0.0393167 0.032104 0.0242625
 0.00576499 0.00918132 0.0134826 0.0185383 0.0241676 0.0300965 0.0359193 0.0411753 0.0455222 0.0488539 0.0512638 0.0529194 0.0539724 0.0545504 0.0547791 0.0547798 0.0546265 0.0542866 0.053572 0.0521309 0.0495096 0.0453054 0.0393855 0.0320712 0.0241454
 0.00599041 0.00955502 0.0140577 0.0193664 0.0252837 0.0314943 0.037524 0.0428299 0.0470049 0.0499311 0.0517637 0.0527942 0.0533136 0.0535417 0.0536131 0.0535916 0.053482 0.0532148 0.0525988 0.0512838 0.0487991 0.0447133 0.0388773 0.0316219 0.0237538
 0.00623525 0.00994249 0.0146228 0.020139 0.0262887 0.0327483 0.0390243 0.0445383 0.0488301 0.0517205 0.0533141 0.0538892 0.0537839 0.0533231 0.0527685 0.0522808 0.0518982 0.0515274 0.0509294 0.0497114 0.0473735 0.0434633 0.0378163 0.0307538 0.0230773
 0.00654281 0.0104254 0.0153178 0.0210697 0.0274634 0.0341569 0.0406346 0.0462944 0.0506578 0.0535326 0.0550081 0.0553385 0.0548365 0.0538242 0.0526059 0.051431 0.0504436 0.0496316 0.0487889 0.0475105 0.0452609 0.0415487 0.0361744 0.0294269 0.022075
 0.00682517 0.0108782 0.0159876 0.0219954 0.028669 0.0356405 0.0423572 0.0481774 0.0525955 0.055414 0.056734 0.0568233 0.055997 0.0545658 0.0528234 0.0510311 0.0493841 0.0479542 0.0466251 0.0450564 0.0427356 0.0391549 0.0340713 0.0277148 0.0207891
 0.00717016 0.0114275 0.0167932 0.0230987 0.0300945 0.0373858 0.0443796 0.0503877 0.0548664 0.0576005 0.0586975 0.0584488 0.0571988 0.0552816 0.0530013 0.0506203 0.0483413 0.0462704 0.0443584 0.0423506 0.0398099 0.0362648 0.0314556 0.0255472 0.0191494
 0.0074713 0.0119012 0.0174774 0.0240207 0.0312694 0.0388139 0.0460399 0.0522316 0.0568176 0.0595617 0.0605592 0.0600991 0.0585315 0.0562044 0.0534385 0.0505111 0.047639 0.0449507 0.0424422 0.0399319 0.037068 0.0334461 0.0288227 0.023315 0.0174359
 0.007901 0.0125659 0.0184146 0.0252429 0.0327642 0.0405447 0.0479445 0.0542236 0.0587954 0.061425 0.0622222 0.0614923 0.0595966 0.0568869 0.0536843 0.0502675 0.0468589 0.0436028 0.0405306 0.0375223 0.0343092 0.030565 0.0260842 0.0209553 0.0156004
 0.00827057 0.0131548 0.019278 0.0264217 0.0342748 0.0423656 0.0500029 0.0563956 0.0609281 0.0633706 0.0638671 0.0627673 0.0604696 0.0573462 0.0537221 0.0498687 0.0459982 0.0422541 0.0386876 0.0352278 0.0316809 0.0278001 0.023428 0.0186398 0.0137796
 0.00849568 0.0135295 0.0198582 0.0272657 0.0354321 0.0438578 0.0518041 0.058422 0.0630463 0.0654214 0.0656934 0.0642394 0.061501 0.0578972 0.0537902 0.0494698 0.0451484 0.0409623 0.0369655 0.0331151 0.0292743 0.0252655 0.02098 0.0164899 0.0120752
 0.00889063 0.0141476 0.0207444 0.0284476 0.036918 0.0456332 0.0538231 0.0606002 0.0652626 0.0675302 0.0675437 0.0656941 0.0624549 0.0582901 0.0536109 0.0487473 0.0439349 0.0393154 0.0349427 0.030785 0.026739 0.0226757 0.0185247 0.0143547 0.0103894
 0.00934112 0.0148503 0.0217461 0.0297708 0.0385567 0.047548 0.0559352 0.0627928 0.0673955 0.069465 0.0691636 0.0669106 0.0632044 0.0585313 0.0533261 0.0479458 0.0426524 0.0376093 0.0328858 0.0284666 0.0242726 0.0202064 0.0162195 0.012371 0.00883304
 0.00966667 0.015366 0.0224968 0.0307883 0.0398533 0.0491074 0.0577021 0.0646701 0.0692571 0.071179 0.0706153 0.0680147 0.0639066 0.0588024 0.0531551 0.0473363 0.0416225 0.0361942 0.0311422 0.0264762 0.0221455 0.0180789 0.0142407 0.0106753 0.00750703
 0.00965457 0.0153847 0.0225961 0.0310394 0.0403324 0.0498688 0.0587539 0.0659654 0.0707042 0.0726632 0.0720195 0.0692338 0.0648558 0.0594209 0.0534066 0.0472056 0.0411122 0.0353242 0.0299524 0.0250324 0.0205427 0.0164382 0.0126941 0.00934008 0.00645872
 0.00957148 0.015284 0.02251 0.031024 0.0404592 0.0502079 0.0593542 0.0668392 0.0718189 0.0739403 0.0733446 0.0704771 0.0658972 0.0601704 0.0538124 0.0472505 0.0408042 0.0346887 0.0290303 0.0238833 0.019249 0.0151034 0.0114307 0.00824777 0.00560126
 0.00957204 0.0152685 0.0224588 0.0309149 0.0402821 0.0499826 0.0591424 0.0667369 0.0719273 0.074328 0.0740186 0.0713766 0.0669093 0.06116 0.0546521 0.047843 0.0410924 0.0346553 0.0286925 0.0232871 0.0184663 0.0142259 0.0105584 0.00747024 0.0049789
 0.00966955 0.0153981 0.0225996 0.0310276 0.0403172 0.0498973 0.0589182 0.0663928 0.071525 0.0739645 0.073805 0.0714044 0.0672171 0.0617151 0.0553584 0.0485693 0.0417093 0.0350647 0.0288432 0.0231774 0.0181374 0.0137507 0.0100244 0.0069604 0.00455338
 0.0100049 0.0158868 0.0232287 0.031745 0.0410413 0.0505352 0.0593838 0.0666204 0.0714804 0.0736576 0.0732968 0.0708005 0.0666431 0.0612805 0.0551228 0.048526 0.0417923 0.0351768 0.0288908 0.0230995 0.017919 0.0134199 0.00963749 0.00658029 0.00422996
 0.0100657 0.015993 0.0234003 0.0320001 0.0413858 0.0509497 0.0598159 0.0669905 0.0717057 0.0736813 0.0731095 0.0704436 0.0661963 0.0608397 0.0547755 0.0483274 0.0417501 0.0352501 0.0290074 0.0231839 0.0179196 0.0133238 0.00946736 0.00637865 0.00403916
 0.0102211 0.0162269 0.0237181 0.032396 0.0418465 0.0514589 0.0603541 0.0675287 0.0721979 0.0740643 0.0733148 0.07042 0.0659326 0.0603758 0.0541935 0.0477271 0.0412177 0.0348343 0.0287105 0.0229728 0.0177483 0.0131569 0.00929283 0.00620537 0.00388517
 0.010176 0.0161685 0.0236577 0.0323531 0.0418434 0.0515124 0.0604696 0.0677005 0.0724138 0.0743091 0.0735689 0.0706544 0.0661093 0.0604579 0.0541619 0.0475932 0.0410211 0.0346257 0.02853 0.0228352 0.0176451 0.0130691 0.00920585 0.0061166 0.00380166
 0.0101643 0.0161498 0.0236309 0.0323193 0.0418079 0.0514863 0.0604696 0.0677449 0.0725148 0.0744663 0.0737675 0.0708686 0.0663087 0.0606127 0.0542477 0.0475964 0.0409451 0.0344917 0.0283697 0.0226786 0.0175096 0.0129579 0.00911425 0.00603963 0.0037379
 0.0101881 0.0161793 0.0236583 0.032332 0.041792 0.0514337 0.0603829 0.0676396 0.0724161 0.0744024 0.0737604 0.0709277 0.0664265 0.0607668 0.0544069 0.0477292 0.0410285 0.0345171 0.0283439 0.0226188 0.0174356 0.0128846 0.00904931 0.00598544 0.00369468
 0.0101111 0.0160812 0.0235598 0.0322666 0.0417944 0.0515214 0.0605443 0.0678355 0.0725973 0.0745307 0.0738233 0.0709376 0.0664094 0.0607476 0.0543985 0.0477302 0.0410273 0.0345 0.0283031 0.0225557 0.0173591 0.0128065 0.00897908 0.00592838 0.00365202
 0.00983566 0.0156632 0.0229884 0.031557 0.04099 0.0506924 0.0597819 0.0672383 0.0722465 0.0744646 0.0740257 0.0713496 0.0669556 0.06136 0.0550272 0.0483406 0.0415931 0.0349991 0.0287187 0.0228795 0.0175936 0.0129634 0.00907548 0.00598205 0.00367844
 0.00972358 0.0154746 0.0226937 0.0311276 0.040408 0.0499649 0.0589544 0.0663961 0.0714997 0.0739206 0.0737611 0.0713913 0.0672778 0.0618967 0.0556942 0.0490572 0.0422951 0.0356419 0.0292742 0.0233329 0.0179415 0.0132127 0.00924122 0.00608359 0.0037353
 0.00974426 0.0154979 0.0227085 0.0311141 0.0403388 0.0498097 0.0586873 0.0660058 0.0710002 0.0733584 0.0732116 0.0709432 0.0670079 0.0618468 0.0558603 0.0493954 0.0427395 0.0361242 0.0297379 0.0237394 0.0182702 0.0134586 0.00941104 0.00619128 0.00379765
 0.00973751 0.0154826 0.0226771 0.0310562 0.0402423 0.0496636 0.0584837 0.0657415 0.0706775 0.0729875 0.0728148 0.0705582 0.0666867 0.0616452 0.0558216 0.0495343 0.0430356 0.0365284 0.0301876 0.024176 0.0186507 0.0137602 0.00962963 0.00633622 0.00388536
 0.00971029 0.0154339 0.0225957 0.0309292 0.0400584 0.0494177 0.058182 0.0654016 0.0703247 0.0726481 0.0725107 0.0703063 0.0665015 0.0615434 0.0558223 0.0496542 0.043279 0.036879 0.0306082 0.0246163 0.0190616 0.0141057 0.00989268 0.00651807 0.00399949
 0.00961924 0.0153089 0.0224495 0.0307859 0.0399445 0.0493484 0.0581517 0.0653855 0.070291 0.072573 0.0723878 0.0701467 0.066328 0.0613828 0.055702 0.049599 0.043308 0.0369999 0.0308121 0.0248769 0.0193414 0.0143672 0.0101089 0.00667738 0.00410454
 0.0093783 0.0149476 0.0219636 0.030195 0.0392907 0.0486905 0.0575576 0.0649216 0.0700065 0.0724848 0.0724759 0.0703643 0.0666216 0.0617104 0.0560405 0.0499427 0.0436611 0.0373684 0.0311958 0.0252657 0.0197148 0.0147005 0.0103816 0.00688007 0.00424061
 0.00918812 0.0146585 0.0215666 0.0296967 0.0387131 0.0480695 0.0569416 0.0643693 0.0695784 0.0722303 0.0724193 0.0704979 0.0669087 0.0620977 0.0564743 0.0503827 0.0440859 0.0377727 0.0315816 0.0256328 0.0200564 0.0150035 0.0106323 0.00707033 0.00437162
 0.00910367 0.0145054 0.021308 0.0292919 0.0381307 0.0473075 0.0560432 0.0634233 0.0687005 0.0715323 0.0719836 0.0703636 0.0670705 0.0625125 0.0570733 0.0510871 0.0448233 0.0384882 0.0322414 0.0262196 0.0205615 0.0154217 0.0109608 0.00731165 0.00453494
 0.00986432 0.015574 0.022604 0.0306315 0.039274 0.0480372 0.0562325 0.0630605 0.0678721 0.0703872 0.0706962 0.0691034 0.0659752 0.0616697 0.0565142 0.0507933 0.0447436 0.0385583 0.0324006 0.02642 0.0207701 0.0156166 0.0111281 0.00744359 0.00462983
 0.0105504 0.0166422 0.0241154 0.0325887 0.0415957 0.0505347 0.0586054 0.064941 0.0689254 0.070428 0.0697551 0.0674044 0.0638453 0.0594347 0.0544274 0.0490081 0.0433204 0.037489 0.0316373 0.0259003 0.0204333 0.0154113 0.0110132 0.00738669 0.00460663
 0.0105512 0.0167326 0.0244152 0.0332615 0.0428027 0.0523607 0.0609887 0.067648 0.0715866 0.0726247 0.071126 0.0677395 0.0631382 0.0578741 0.0523283 0.0467144 0.0411197 0.0355676 0.0300785 0.0247095 0.0195702 0.0148168 0.0106253 0.00714888 0.004471
 0.0103699 0.0164604 0.0240541 0.0328452 0.0424097 0.052121 0.061073 0.0682244 0.0727469 0.0743115 0.0731066 0.0696549 0.0646145 0.058644 0.0523089 0.0460119 0.039968 0.0342371 0.0287968 0.0236197 0.0187295 0.0142195 0.0102314 0.00690739 0.00433378
 0.0103579 0.0164323 0.0239961 0.0327406 0.0422456 0.0519009 0.0608312 0.0680351 0.0727204 0.0745679 0.0737272 0.0706289 0.0658081 0.0598222 0.0532105 0.0464453 0.0398779 0.0337103 0.0280103 0.0227663 0.0179579 0.0136089 0.00979852 0.00662904 0.00417051
 0.0102576 0.0162796 0.0237854 0.0324725 0.041926 0.0515388 0.0604405 0.0676397 0.072362 0.0743102 0.0736525 0.0708175 0.066304 0.0605959 0.0541435 0.0473554 0.0405812 0.0340899 0.0280544 0.0225558 0.017618 0.0132549 0.00950385 0.00642005 0.00404074
 0.0102025 0.0161882 0.0236448 0.0322711 0.0416566 0.0512045 0.060058 0.0672396 0.071982 0.0739893 0.0734282 0.0707285 0.0663899 0.060886 0.0546352 0.0479942 0.0412616 0.0346859 0.0284662 0.022747 0.0176203 0.0131417 0.00935227 0.00628374 0.0039427
 0.0101827 0.0161586 0.0236044 0.0322191 0.0415908 0.0511192 0.0599445 0.067089 0.0717917 0.0737679 0.0731973 0.0705208 0.0662437 0.0608396 0.0547179 0.0482138 0.041593 0.0350689 0.0288221 0.0230082 0.0177558 0.0131644 0.00930334 0.00620897 0.00387423
 0.0100777 0.0160083 0.023416 0.0320123 0.0413919 0.050952 0.0598221 0.0670112 0.0717472 0.0737401 0.0731713 0.0704893 0.0662123 0.0608264 0.0547488 0.0483132 0.0417711 0.0353129 0.0290953 0.0232615 0.0179475 0.0132762 0.00934357 0.00620286 0.00384888
 0.00998685 0.0158666 0.0232148 0.0317503 0.0410781 0.0506084 0.0594847 0.0667241 0.0715508 0.0736561 0.0731955 0.0705956 0.0663657 0.0609984 0.0549262 0.0484982 0.0419741 0.0355402 0.0293403 0.0235029 0.0181574 0.0134328 0.00944039 0.00624918 0.00386242
 0.00996297 0.015819 0.0231273 0.0316029 0.0408529 0.0502988 0.0591034 0.0663064 0.0711484 0.0733253 0.0729822 0.0705241 0.0664332 0.0611786 0.0551808 0.0487905 0.0422782 0.0358423 0.0296321 0.0237747 0.0183955 0.0136234 0.00957639 0.00633367 0.00390694
 0.0100459 0.0159461 0.0233032 0.0318236 0.0411035 0.0505511 0.0593174 0.0664365 0.0711571 0.0731984 0.0727377 0.0702073 0.0661019 0.0608841 0.0549553 0.0486437 0.0422032 0.0358244 0.029656 0.023826 0.0184604 0.0136882 0.00963025 0.00637085 0.00392781
 0.0100253 0.0159236 0.0232897 0.0318357 0.0411588 0.0506604 0.059477 0.0666253 0.0713399 0.0733347 0.0727931 0.0701649 0.0659688 0.0606901 0.0547426 0.0484528 0.042061 0.0357406 0.0296256 0.0238361 0.0184951 0.0137327 0.00967266 0.00640404 0.00394955
 0.00993079 0.0157848 0.0231089 0.0316266 0.0409448 0.0504706 0.0593414 0.0665694 0.0713771 0.0734599 0.0729802 0.070373 0.0661546 0.0608226 0.0548123 0.0484717 0.042054 0.0357336 0.0296357 0.023868 0.0185437 0.0137879 0.00972441 0.00644553 0.00397837
 0.00978671 0.0155636 0.022801 0.0312338 0.040482 0.0499674 0.0588423 0.0661305 0.0710571 0.0733052 0.0730114 0.0705786 0.0664944 0.0612389 0.0552453 0.0488745 0.0424014 0.0360212 0.0298723 0.0240655 0.0187102 0.0139259 0.00983339 0.00652557 0.00403206
 0.00932776 0.0148883 0.0219166 0.0301933 0.0393703 0.0488767 0.0578543 0.0653119 0.0704627 0.072979 0.0729821 0.0708511 0.067044 0.0620098 0.0561585 0.0498415 0.0433415 0.0368748 0.0306063 0.0246697 0.0191893 0.0142916 0.0101001 0.00670913 0.00414973
 0.00884488 0.0141706 0.0209634 0.0290525 0.0381302 0.0476483 0.0567531 0.0644425 0.0699013 0.0727581 0.0730865 0.0712314 0.0676387 0.0627624 0.05702 0.0507639 0.044273 0.0377625 0.0314046 0.0253485 0.019736 0.0147094 0.0104024 0.00691504 0.00428056
#obs surv len freq
 nan nan nan nan nan nan nan nan nan nan nan nan nan nan nan nan nan nan nan nan nan nan nan nan nan
 0.00448653 0.00734901 0.0111804 0.0159984 0.0217008 0.0279778 0.0342928 0.0400242 0.0447028 0.0481647 0.05052 0.0520129 0.0529024 0.0534123 0.0537245 0.0539779 0.0542553 0.0545473 0.0546856 0.0542773 0.0527154 0.0493481 0.0437987 0.03628 0.0276651
 0.00461566 0.00756087 0.0115025 0.0164566 0.0223128 0.0287438 0.0351855 0.0409862 0.0456549 0.0490209 0.0512043 0.0524703 0.0531042 0.0533569 0.0534331 0.0534868 0.0536076 0.0537854 0.0538484 0.0534016 0.05184 0.0485157 0.043054 0.0356605 0.0271916
 0.00477981 0.00782926 0.0119093 0.0170347 0.0230875 0.0297223 0.0363461 0.0422728 0.0469822 0.0502882 0.0523102 0.0533253 0.0536406 0.0535351 0.0532451 0.0529546 0.0527759 0.0527133 0.0526019 0.0520511 0.0504606 0.047188 0.0418577 0.0346618 0.0264269
 0.00497134 0.008143 0.0123859 0.0177135 0.0239993 0.0308771 0.0377207 0.043806 0.0485826 0.0518492 0.053725 0.054496 0.0544825 0.0539821 0.0532553 0.0525152 0.0519061 0.0514626 0.051046 0.0502873 0.0486045 0.0453673 0.0401987 0.0332675 0.0253553
 0.00518259 0.00848809 0.0129086 0.0184559 0.0249945 0.032137 0.039223 0.0454891 0.0503524 0.0535962 0.0553395 0.0558773 0.0555425 0.054646 0.0534637 0.0522287 0.0511116 0.0501806 0.0493367 0.0482538 0.0463897 0.0431422 0.0381387 0.0315187 0.024003
 0.00540824 0.00885943 0.0134758 0.0192684 0.0260915 0.0335321 0.0408888 0.047352 0.0523041 0.0555143 0.0571074 0.0573937 0.0567229 0.0554201 0.0537729 0.052026 0.0503663 0.0488881 0.0475333 0.0460302 0.0438972 0.0405814 0.0357282 0.0294483 0.0223891
 0.00564493 0.00924623 0.0140619 0.0201018 0.0272104 0.0349516 0.0425862 0.0492599 0.0543182 0.057512 0.058966 0.0590038 0.0579931 0.0562778 0.0541608 0.051898 0.049687 0.0476399 0.045733 0.0437505 0.0412819 0.0378413 0.0331076 0.0271695 0.0205965
 0.00589945 0.0096626 0.0146933 0.0209991 0.0284124 0.0364695 0.0443876 0.0512646 0.0564097 0.0595607 0.06085 0.060619 0.0592557 0.0571213 0.0545328 0.0517564 0.0489982 0.0463834 0.0439165 0.0414327 0.0385952 0.0349941 0.0303544 0.024752 0.0186794
 0.00614746 0.0100681 0.0153079 0.0218726 0.0295835 0.037951 0.046151 0.0532338 0.0584712 0.0615851 0.0627126 0.0622133 0.0604975 0.0579477 0.0548975 0.0516234 0.0483382 0.0451767 0.0421658 0.0391869 0.0359731 0.0321923 0.0276222 0.0223336 0.0167478
 0.00638014 0.0104536 0.0159013 0.0227294 0.0307481 0.0394383 0.0479291 0.0552183 0.0605389 0.0635985 0.0645441 0.0637575 0.0616749 0.0587022 0.0551916 0.0514319 0.0476429 0.0439663 0.0404462 0.0370029 0.0334324 0.0294765 0.0249665 0.0199737 0.0148547
 0.00661153 0.0108308 0.0164714 0.0235376 0.0318302 0.0408084 0.0495646 0.0570532 0.0624698 0.0655018 0.0662949 0.0652448 0.0628106 0.0594246 0.055463 0.0512325 0.0469633 0.0428049 0.038816 0.0349489 0.031054 0.0269388 0.022484 0.0177635 0.013077
 0.00683685 0.0112009 0.0170352 0.0243423 0.0329108 0.0421726 0.0511777 0.0588348 0.064307 0.0672728 0.0678889 0.0665716 0.0638007 0.0600278 0.0556462 0.0509775 0.0462637 0.0416648 0.0372544 0.0330131 0.0288376 0.0245911 0.0201971 0.0157316 0.0114431
 0.00706451 0.0115742 0.0176025 0.02515 0.0339937 0.0435378 0.0527896 0.0606095 0.0661244 0.0690003 0.0694054 0.0677828 0.0646441 0.0604699 0.0556752 0.0505951 0.0454786 0.0404914 0.035718 0.0311625 0.0267602 0.0224211 0.0181035 0.013883 0.00996246
 0.00727626 0.0119213 0.01813 0.0259013 0.0350011 0.0448088 0.0542921 0.0622667 0.0678254 0.0706207 0.0708281 0.0689123 0.0654133 0.0608416 0.0556394 0.0501619 0.04467 0.0393357 0.0342513 0.0294378 0.0248601 0.0204644 0.0162356 0.0122464 0.00865857
 0.00743083 0.0121791 0.0185304 0.0264846 0.0358011 0.0458391 0.0555327 0.0636591 0.0692803 0.0720346 0.0721001 0.0699546 0.066158 0.061243 0.0556754 0.0498315 0.0439897 0.0383347 0.0329705 0.0279336 0.0232122 0.0187792 0.0146375 0.0108539 0.00755413
 0.00751821 0.0123198 0.0187403 0.0267802 0.036199 0.0463547 0.0561761 0.0644294 0.0701599 0.0729863 0.0730676 0.0708682 0.0669424 0.0618283 0.0560048 0.0498679 0.0437172 0.037759 0.0321185 0.0268541 0.0219781 0.0174865 0.013395 0.00976313 0.00668531
 0.00759594 0.012441 0.0189133 0.0270095 0.0364856 0.0466964 0.0565677 0.0648642 0.070632 0.0734916 0.0736016 0.0714185 0.0674822 0.062314 0.056381 0.0500771 0.043712 0.0375113 0.0316259 0.0261435 0.0211057 0.0165336 0.0124561 0.00892678 0.00601335
 0.00768772 0.0125842 0.0191171 0.0272777 0.0368151 0.0470757 0.0569764 0.0652747 0.0710166 0.0738307 0.0738896 0.0716631 0.0676959 0.0625031 0.0565364 0.050172 0.0437068 0.0373659 0.0313132 0.0256616 0.0204839 0.01583 0.0117461 0.00828436 0.00549219
 0.00771186 0.0126231 0.0191751 0.0273587 0.0369222 0.0472101 0.0571364 0.0654554 0.0712102 0.0740287 0.0740849 0.0718516 0.0678771 0.0626776 0.0567017 0.0503164 0.0438068 0.0373888 0.0312265 0.0254459 0.0201444 0.0154001 0.0112805 0.00784313 0.00512295
 0.00777106 0.012709 0.0192854 0.0274849 0.0370525 0.0473341 0.0572484 0.0655549 0.0713001 0.0741127 0.0741657 0.0719305 0.0679543 0.0627531 0.0567742 0.0503821 0.0438556 0.0374029 0.0311829 0.0253244 0.0199384 0.0151234 0.0109666 0.00753491 0.00485808
 0.00781465 0.0127741 0.0193723 0.0275892 0.037165 0.0474422 0.0573379 0.0656137 0.0713222 0.0741022 0.0741365 0.0719013 0.0679416 0.0627658 0.0568122 0.0504376 0.0439157 0.0374506 0.0311988 0.0252906 0.0198444 0.0149729 0.0107786 0.00733831 0.00468151
 0.00784483 0.0128218 0.0194412 0.027681 0.0372782 0.0475706 0.0574696 0.0657319 0.0714092 0.0741449 0.0741312 0.0718558 0.0678725 0.0626931 0.056753 0.0504009 0.0439008 0.0374478 0.0311928 0.0252647 0.0197861 0.0148793 0.0106582 0.00720864 0.00456185
 0.00786444 0.0128496 0.0194758 0.0277188 0.0373151 0.047604 0.0574995 0.0657604 0.0714378 0.0741724 0.0741533 0.0718667 0.0678692 0.0626771 0.056731 0.050382 0.0438917 0.0374492 0.0311984 0.0252636 0.0197672 0.0148368 0.0105944 0.00713344 0.00448821
 0.00786718 0.0128519 0.0194752 0.0277116 0.0372971 0.047572 0.0574533 0.0657038 0.0713788 0.0741214 0.0741205 0.0718588 0.0678864 0.0627143 0.0567805 0.0504369 0.0439479 0.0375043 0.0312493 0.0253048 0.0197922 0.0148409 0.0105779 0.00710203 0.00445103
 0.00788977 0.0128838 0.0195139 0.0277517 0.037331 0.0475919 0.0574537 0.065682 0.0713358 0.0740625 0.0740541 0.0717957 0.0678371 0.0626861 0.0567753 0.0504518 0.0439769 0.0375408 0.031287 0.0253381 0.019816 0.0148515 0.0105747 0.00708772 0.00443099
 0.00786937 0.012852 0.0194685 0.0276915 0.0372558 0.0475028 0.0573533 0.0655756 0.0712311 0.0739689 0.0739817 0.071753 0.0678299 0.0627162 0.0568401 0.0505449 0.0440886 0.0376602 0.0314033 0.025442 0.0199008 0.0149134 0.0106136 0.00710701 0.00443637
 0.00788377 0.0128687 0.0194814 0.027691 0.0372316 0.0474486 0.0572698 0.0654709 0.0711179 0.07386 0.0738876 0.0716813 0.0677856 0.0627027 0.0568588 0.050594 0.0441633 0.0377522 0.0315026 0.0255382 0.019985 0.0149798 0.01066 0.00713509 0.00445024
 0.00786781 0.0128468 0.0194555 0.0276643 0.0372066 0.0474239 0.0572395 0.0654263 0.0710529 0.0737757 0.0737937 0.0715927 0.0677174 0.0626654 0.0568567 0.0506262 0.0442249 0.0378357 0.0315986 0.0256363 0.0200755 0.0150554 0.0107168 0.00717305 0.00447253
 0.00787939 0.0128568 0.0194549 0.0276404 0.0371478 0.0473264 0.0571114 0.0652862 0.0709219 0.0736692 0.0737172 0.0715445 0.0676941 0.0626656 0.0568818 0.0506775 0.0443012 0.0379322 0.0317073 0.0257476 0.0201798 0.0151446 0.0107863 0.00722203 0.00450347
 0.00786762 0.012842 0.0194399 0.0276289 0.0371414 0.0473212 0.0570967 0.0652486 0.0708527 0.0735711 0.0736051 0.071439 0.0676131 0.0626187 0.0568705 0.0506986 0.0443497 0.0380027 0.0317933 0.025841 0.0202717 0.0152268 0.010853 0.00727097 0.00453578
 0.00782622 0.0127739 0.0193367 0.0274841 0.0369537 0.0470987 0.056859 0.0650231 0.0706668 0.0734426 0.0735385 0.0714291 0.0676519 0.0626996 0.0569882 0.0508469 0.0445203 0.0381854 0.0319775 0.0260166 0.0204298 0.0153603 0.0109579 0.00734694 0.00458602
 0.00778883 0.0127115 0.0192399 0.0273434 0.036762 0.0468548 0.0565724 0.0647156 0.0703701 0.0731918 0.0733641 0.0713495 0.0676696 0.0628037 0.0571597 0.0510646 0.044765 0.0384404 0.0322283 0.0262507 0.0206366 0.0155324 0.0110918 0.00744339 0.00464985
 0.00776323 0.0126674 0.019169 0.0272362 0.03661 0.0466539 0.0563257 0.0644359 0.0700783 0.0729149 0.0731305 0.0711855 0.067595 0.0628268 0.0572759 0.0512577 0.0450115 0.038715 0.0325078 0.0265157 0.0208724 0.0157293 0.0112451 0.00755403 0.00472327
 0.00773727 0.012624 0.0191014 0.0271372 0.0364734 0.0464763 0.0561096 0.0641902 0.0698184 0.0726602 0.0729025 0.0710055 0.067482 0.0627952 0.0573321 0.0513983 0.0452227 0.0389749 0.0327903 0.0267955 0.0211282 0.0159461 0.0114155 0.00767776 0.00480573
 0.00931516 0.0148319 0.0217642 0.0298717 0.0387992 0.0479941 0.0566414 0.0638058 0.0687534 0.0711958 0.0712778 0.0693862 0.0659682 0.0614426 0.0561694 0.0504365 0.0444598 0.0383974 0.0323756 0.0265146 0.0209502 0.0158418 0.01136 0.00765163 0.00479547
 0.00929815 0.0150967 0.0226781 0.0318899 0.0422666 0.0528773 0.0623584 0.0693215 0.0729466 0.0733015 0.0711392 0.0673969 0.0628001 0.0577589 0.0524611 0.0469959 0.0414281 0.0358253 0.0302647 0.0248403 0.0196716 0.0149074 0.0107114 0.00722761 0.00453674
 0.00894702 0.0145442 0.0219023 0.0309399 0.0413157 0.0522599 0.0625307 0.0706994 0.0756594 0.0770072 0.0750663 0.0706376 0.0646894 0.0581051 0.051517 0.0452467 0.0393616 0.0337983 0.0284785 0.0233766 0.0185395 0.0140777 0.0101366 0.0068535 0.00430969
 0.00879855 0.01429 0.0214967 0.0303349 0.0404795 0.0512092 0.061373 0.0696616 0.0750702 0.0772065 0.076252 0.0727203 0.0672585 0.0605619 0.0533183 0.046114 0.0393378 0.0331485 0.0275303 0.0223966 0.0176872 0.0134165 0.00966756 0.00654632 0.00412372
 0.00872611 0.0141674 0.0213023 0.0300431 0.0400629 0.0506456 0.060657 0.0688217 0.0741878 0.0764298 0.0757868 0.0727777 0.0679615 0.0618547 0.0549429 0.0476942 0.0405327 0.0337849 0.0276367 0.0221394 0.0172668 0.0129894 0.00931887 0.00630041 0.00396939
 0.00868014 0.0140938 0.021193 0.0298901 0.039858 0.05038 0.0603226 0.0684138 0.0737104 0.0759054 0.0752694 0.072362 0.0677732 0.0620101 0.0554876 0.0485543 0.0415217 0.0346743 0.0282528 0.0224259 0.0172801 0.0128438 0.00912431 0.0061275 0.00384568
 0.00869723 0.0141145 0.0212112 0.0298951 0.039837 0.0503216 0.0602193 0.0682618 0.0735082 0.0756528 0.0749713 0.0720372 0.0674647 0.061787 0.0554288 0.0487141 0.0418922 0.0351731 0.0287522 0.0228091 0.0174898 0.0128933 0.00907144 0.00603636 0.00376045
 0.0086811 0.0140947 0.0211926 0.0298851 0.0398415 0.0503404 0.0602428 0.0682724 0.0734863 0.0755835 0.0748491 0.0718671 0.0672623 0.0615806 0.0552598 0.0486307 0.0419312 0.0353381 0.0290035 0.0230767 0.0177056 0.01302 0.00911216 0.00602054 0.00372228
 0.00866037 0.0140614 0.0211438 0.0298195 0.0397616 0.0502535 0.0601612 0.0682102 0.0734527 0.0755773 0.0748575 0.0718708 0.067245 0.0615367 0.0551991 0.0485768 0.0419145 0.0353825 0.0291129 0.0232297 0.0178638 0.013147 0.00918921 0.00605078 0.00372217
 0.0086719 0.014076 0.021158 0.0298275 0.0397565 0.05023 0.0601181 0.0681518 0.0733882 0.0755182 0.0748129 0.0718439 0.0672309 0.0615255 0.0551821 0.0485527 0.0418926 0.0353787 0.0291405 0.0232906 0.0179456 0.013229 0.00925303 0.00608861 0.00373717
 0.00866218 0.0140641 0.0211472 0.0298224 0.0397609 0.0502442 0.0601369 0.0681657 0.0733875 0.0754981 0.074776 0.0717989 0.0671881 0.0614916 0.0551583 0.0485365 0.0418818 0.0353752 0.0291496 0.0233164 0.0179867 0.0132772 0.00929757 0.00612132 0.00375588
 0.00865339 0.0140499 0.0211261 0.029794 0.0397265 0.0502076 0.0601047 0.0681448 0.0733823 0.0755073 0.0747928 0.0718146 0.0671966 0.0614919 0.0551538 0.0485316 0.0418799 0.0353783 0.0291594 0.0233345 0.0180129 0.0133085 0.00932863 0.00614693 0.00377327
 0.00863032 0.0140143 0.0210762 0.0297295 0.039649 0.0501207 0.0600143 0.0680598 0.0733131 0.0754636 0.0747809 0.0718347 0.0672425 0.0615538 0.0552211 0.048597 0.0419399 0.0354326 0.0292091 0.0233809 0.0180566 0.0133489 0.00936379 0.0061748 0.00379285
 0.00864066 0.0140275 0.0210895 0.029738 0.0396472 0.0501045 0.0599828 0.0680157 0.0732616 0.0754114 0.0747346 0.0718001 0.0672237 0.0615518 0.0552339 0.0486201 0.0419681 0.0354619 0.0292375 0.023408 0.0180826 0.0133734 0.00938586 0.00619306 0.0038064
 0.008621 0.0140004 0.0210575 0.0297061 0.0396205 0.0500858 0.0599704 0.0680042 0.0732454 0.0753877 0.0747056 0.0717716 0.0672028 0.0615442 0.055242 0.0486429 0.0420019 0.0355016 0.0292785 0.0234468 0.0181174 0.0134033 0.00941041 0.00621208 0.00382001
 0.008621 0.0140004 0.0210575 0.0297061 0.0396205 0.0500858 0.0599704 0.0680042 0.0732454 0.0753877 0.0747056 0.0717716 0.0672028 0.0615442 0.055242 0.0486429 0.0420019 0.0355016 0.0292785 0.0234468 0.0181174 0.0134033 0.00941041 0.00621208 0.00382001
 0.00860894 0.013979 0.0210222 0.0296527 0.0395473 0.049996 0.0598741 0.067916 0.0731794 0.0753519 0.0746992 0.0717877 0.0672332 0.0615832 0.0552874 0.0486943 0.0420587 0.0355617 0.0293385 0.0235032 0.018167 0.0134444 0.00944253 0.00623561 0.00383605
#pred catch len freq
 0.00461667 0.00728826 0.0105979 0.0144506 0.018786 0.0235617 0.0286805 0.0339527 0.0391306 0.0439741 0.0482915 0.051956 0.0549102 0.0571583 0.058738 0.0596883 0.0600283 0.0597452 0.0587683 0.0569245 0.0539142 0.0493861 0.0431449 0.0354064 0.0269008
 0.00477747 0.00747783 0.0107545 0.0144832 0.0186122 0.0231593 0.0281209 0.0333826 0.0387054 0.0437793 0.0483019 0.0520559 0.0549598 0.0570671 0.0585104 0.0594228 0.0598725 0.0598255 0.0591256 0.0574874 0.054529 0.0498874 0.0434296 0.0354669 0.0268056
 0.00507134 0.00792395 0.0113616 0.0152246 0.0194166 0.0239101 0.0286713 0.0335975 0.0385222 0.0432516 0.0475875 0.0513408 0.0543668 0.0566114 0.0581301 0.0590538 0.0595104 0.0595308 0.0589751 0.0575116 0.0546809 0.0500655 0.0435352 0.0354548 0.0266944
 0.00531787 0.00831812 0.0119426 0.0160243 0.0204518 0.0251684 0.0300904 0.0350501 0.0398219 0.0441923 0.0480091 0.0511929 0.0537306 0.0556582 0.0570405 0.0579526 0.0584562 0.05855 0.0580953 0.0567626 0.0540718 0.0495716 0.0431128 0.0350713 0.0263464
 0.00559397 0.00874553 0.0125481 0.0168244 0.0214579 0.0263906 0.0315325 0.0366916 0.0415937 0.0459584 0.0495699 0.0523226 0.0542429 0.0554727 0.0562113 0.0566398 0.056859 0.0568454 0.056411 0.0551815 0.052645 0.0483261 0.0420582 0.0342077 0.0256705
 0.00592244 0.00925144 0.0132582 0.0177478 0.0225902 0.0277192 0.0330386 0.0383475 0.0433583 0.0477694 0.0513321 0.0538967 0.0554489 0.0561226 0.0561641 0.0558556 0.0554185 0.0549227 0.0542188 0.0529196 0.0504732 0.0463601 0.0403743 0.0328474 0.0246424
 0.00627384 0.0097979 0.0140351 0.0187738 0.0238673 0.0292335 0.0347568 0.0402138 0.0452964 0.0496919 0.0531486 0.0555138 0.0567631 0.0570121 0.0564956 0.0555125 0.0543456 0.0531617 0.051914 0.0502878 0.0477565 0.0437815 0.038108 0.0310024 0.0232566
 0.00662817 0.0103507 0.014825 0.0198251 0.0251907 0.0308265 0.0365977 0.0422523 0.0474499 0.0518497 0.0551844 0.0573021 0.0581908 0.0579819 0.0569202 0.0553101 0.0534496 0.0515506 0.049646 0.0475195 0.0447278 0.0407712 0.0353752 0.0287347 0.02154
 0.0069906 0.0109082 0.0156067 0.0208412 0.0264385 0.0322965 0.0382741 0.0441063 0.0494308 0.0538804 0.0571628 0.0591085 0.0597005 0.0590783 0.0575034 0.0552979 0.0527788 0.0501867 0.0476085 0.0449111 0.0417484 0.0376952 0.0324951 0.0262896 0.0196619
 0.00745639 0.0116176 0.016586 0.0220863 0.0279212 0.0339762 0.0401032 0.0460293 0.0513822 0.0557868 0.058946 0.0606871 0.0609904 0.0599938 0.0579604 0.0552186 0.0520971 0.0488598 0.0456365 0.042366 0.0387953 0.0345873 0.0295274 0.0237253 0.017664
 0.00787602 0.01227 0.0175127 0.0233066 0.0294315 0.0357483 0.0420799 0.0481217 0.0534784 0.0577688 0.0607079 0.0621456 0.0620854 0.0606816 0.0582041 0.0549795 0.0513329 0.0475329 0.043736 0.0399387 0.0359732 0.0315916 0.0266335 0.021194 0.0156691
 0.00824435 0.0128488 0.0183474 0.024429 0.0308573 0.0374731 0.0440687 0.0502996 0.0557289 0.0599463 0.0626587 0.0637326 0.0632087 0.0612876 0.0582792 0.0545326 0.0503758 0.0460723 0.0417842 0.0375408 0.0332396 0.0287115 0.0238512 0.0187503 0.0137316
 0.00873221 0.013596 0.0193881 0.0257687 0.0324797 0.0393486 0.0461552 0.0525335 0.0580162 0.0621611 0.0646529 0.065355 0.0643294 0.0618199 0.0581905 0.0538389 0.0491238 0.0443202 0.0395934 0.034988 0.0304406 0.0258375 0.0211169 0.0163668 0.0118469
 0.00922492 0.0143513 0.0204404 0.0271215 0.0341098 0.0412132 0.0481935 0.0546648 0.0601411 0.0641689 0.0664306 0.0667936 0.0653298 0.0623019 0.058103 0.0531686 0.0478958 0.0425905 0.037441 0.0325131 0.0277726 0.0231421 0.0185849 0.0141785 0.0101247
 0.00957372 0.0148934 0.0212105 0.0281372 0.035372 0.0427059 0.0498792 0.0564792 0.0619937 0.0659517 0.0680316 0.0681096 0.0662749 0.0628116 0.0581352 0.0527037 0.0469382 0.0411716 0.0356215 0.0303858 0.025464 0.0208094 0.0164002 0.0122973 0.00864873
 0.00966608 0.0150621 0.0214993 0.0285998 0.0360617 0.043658 0.0510935 0.0579116 0.0635611 0.0675467 0.0695387 0.0694189 0.0672925 0.0634663 0.0583814 0.0525198 0.046324 0.0401475 0.0342324 0.0287067 0.0236043 0.0189084 0.0146098 0.0107527 0.00743656
 0.00959181 0.0149731 0.0214261 0.0285958 0.0361968 0.0440035 0.0517041 0.0588092 0.0647234 0.0689025 0.0709744 0.0707975 0.0684799 0.0643549 0.058902 0.0526404 0.0460431 0.0394866 0.033234 0.0274376 0.0221589 0.0174064 0.0131816 0.00951409 0.00646223
 0.0095578 0.0149096 0.0213176 0.028429 0.0359722 0.0437495 0.0514863 0.0587232 0.0648693 0.0693494 0.0717317 0.071805 0.0696206 0.0654823 0.0598725 0.05334 0.046401 0.0394777 0.0328737 0.0267763 0.0212782 0.0164117 0.0121885 0.00862649 0.00575052
 0.00966053 0.0150478 0.0214713 0.0285597 0.0360302 0.0436903 0.0512882 0.058402 0.0644846 0.0689996 0.0715329 0.0718559 0.0699652 0.0660888 0.0606389 0.0541246 0.0470616 0.039905 0.0330102 0.0266198 0.0208754 0.0158457 0.0115594 0.00802905 0.00525343
 0.0099154 0.0154145 0.0219338 0.02907 0.0365182 0.0440816 0.0515206 0.0584354 0.0643076 0.0686362 0.0710466 0.0713452 0.0695434 0.0658513 0.06063 0.0543199 0.0473758 0.0402219 0.0332211 0.0266557 0.0207215 0.0155378 0.0111661 0.0076268 0.00490363
 0.0100205 0.0155826 0.0221803 0.0294028 0.036931 0.0445457 0.0519806 0.0588149 0.0645289 0.0686455 0.0708342 0.0709511 0.0690485 0.0653576 0.0602346 0.0540872 0.0473173 0.0402937 0.0333422 0.0267405 0.0207113 0.0154179 0.0109627 0.00738886 0.00467977
 0.0101343 0.0157532 0.0224111 0.02969 0.0372677 0.0449265 0.0524005 0.0592611 0.0649689 0.0690221 0.0710753 0.070994 0.0688677 0.064981 0.059738 0.053569 0.0468653 0.0399568 0.03312 0.0265942 0.020589 0.0152811 0.0108004 0.00721467 0.00451799
 0.0101095 0.0157242 0.0223881 0.0296891 0.0373069 0.0450189 0.0525497 0.0594618 0.0652103 0.0692902 0.0713496 0.0712424 0.0690471 0.0650501 0.0596763 0.0533911 0.0466177 0.0396986 0.0328973 0.026424 0.0204612 0.0151731 0.010695 0.00710863 0.0044191
 0.0100892 0.0156933 0.0223463 0.0296395 0.0372572 0.0449825 0.0525449 0.0595071 0.0653181 0.0694603 0.0715674 0.0714816 0.0692756 0.0652341 0.0597862 0.0534089 0.046545 0.0395581 0.0327248 0.0262536 0.0203128 0.0150507 0.0105934 0.00702241 0.004347
 0.0101336 0.0157539 0.022416 0.0297045 0.0373007 0.0449914 0.052516 0.0594497 0.0652525 0.069412 0.0715592 0.0715263 0.0693698 0.0653589 0.0599123 0.0535054 0.0465889 0.0395413 0.0326561 0.026153 0.0202027 0.0149477 0.0105054 0.00695111 0.00429162
 0.00998818 0.0155526 0.0221774 0.0294665 0.0371084 0.0448782 0.0524898 0.0594928 0.0653339 0.0695052 0.0716528 0.0716244 0.0694841 0.0654975 0.0600724 0.0536717 0.046739 0.0396543 0.0327205 0.0261702 0.0201842 0.0149091 0.0104606 0.00690913 0.00425704
 0.00971224 0.0151387 0.0216206 0.0287894 0.0363594 0.0441257 0.0518139 0.0589735 0.0650337 0.069451 0.0718293 0.0719835 0.0699657 0.0660473 0.060649 0.0542434 0.0472784 0.0401357 0.0331232 0.0264829 0.020408 0.0150556 0.0105475 0.00695492 0.00427754
 0.00960557 0.0149627 0.0213515 0.0284046 0.0358445 0.0434845 0.0510793 0.0582113 0.0643351 0.0689131 0.0715305 0.0719629 0.0702134 0.0665113 0.0612537 0.0549116 0.0479456 0.0407551 0.0336635 0.026926 0.0207479 0.015298 0.010707 0.00705118 0.00433028
 0.00958417 0.014924 0.0212848 0.0282947 0.0356714 0.0432259 0.0507159 0.057737 0.0637675 0.0683017 0.0709537 0.0715121 0.0699677 0.0665127 0.0614954 0.0553437 0.0484935 0.0413411 0.0342232 0.0274151 0.0211431 0.0155937 0.0109114 0.007181 0.00440562
 0.00953517 0.0148466 0.0211726 0.0281422 0.0354747 0.0429819 0.0504231 0.0573959 0.0633823 0.067883 0.0705242 0.0711111 0.0696498 0.0663375 0.0615083 0.0555586 0.0488847 0.0418509 0.0347789 0.027949 0.0216058 0.0159594 0.0111761 0.00735648 0.00451188
 0.00952063 0.0148182 0.0211208 0.0280551 0.0353397 0.0427902 0.0501733 0.0570957 0.0630473 0.0675329 0.07018 0.0707942 0.069384 0.066151 0.0614323 0.0556197 0.0490934 0.0421919 0.0352107 0.028414 0.0220467 0.0163336 0.0114626 0.00755515 0.00463673
