SBPRF35
12.7214
Curr Bio
863343
B35
891261
F35
0.169711
FOFL
0.165864
OFL
118290
Bzero
3.63469e+006
#pred survey bio
 3.5098e+006 3.39318e+006 3.29456e+006 3.15289e+006 2.94906e+006 2.7308e+006 2.50495e+006 2.27506e+006 2.03817e+006 1.82644e+006 1.62951e+006 1.4311e+006 1.27726e+006 1.13235e+006 996046 881538 797328 735980 694268 649526 618320 595850 586073 563372 555516 552183 551507 554617 556296 554433 561692 565449 566574 584395 596458 601348 618449 634612 644660 647410 649546 657416 661691 665762 673590 676790 679189 693664 699697 709166 713243 746309 776307 806998 820319 831883 833891 839330 857225 863430 848847 834576 831258 831910 850055 866031 866281 869937 3.07368e+007 1.82311e+007 1.83278e+007 1.90165e+007 2.01211e+007 2.14095e+007 2.26986e+007 2.38761e+007 2.48895e+007 2.57271e+007 2.63999e+007 2.69299e+007 2.73418e+007 2.76592e+007 2.79024e+007 2.80884e+007 2.82306e+007 2.83394e+007 2.84229e+007 2.84872e+007 2.85369e+007 2.85756e+007 2.86057e+007 2.86293e+007 2.86479e+007 2.86626e+007 2.86742e+007 2.86834e+007 2.86908e+007 2.86967e+007 2.87015e+007 2.87053e+007 2.87084e+007 2.87109e+007 2.87129e+007 2.87146e+007 2.87159e+007 2.8717e+007 2.87179e+007 2.87186e+007 2.87192e+007 2.87196e+007 2.872e+007 2.87204e+007 2.87206e+007 2.87208e+007 2.8721e+007 2.87211e+007 2.87213e+007 2.87214e+007 2.87214e+007 2.87215e+007 2.87216e+007 2.87216e+007 2.87216e+007 2.87217e+007 2.87217e+007 2.87217e+007 2.87217e+007 2.87217e+007 2.87217e+007 2.87218e+007 2.87218e+007 2.87218e+007 2.87218e+007 2.87218e+007 2.87218e+007 2.87218e+007 2.87218e+007 2.87218e+007 2.87218e+007 2.87218e+007 2.87218e+007 2.87218e+007 2.87218e+007 2.87218e+007 2.87218e+007 2.87218e+007 2.87218e+007 2.87218e+007 2.87218e+007 2.87218e+007 2.87218e+007 2.87218e+007 2.87218e+007 2.87218e+007 2.87218e+007 2.87218e+007 2.87218e+007 2.87218e+007 2.87218e+007 2.87218e+007 2.87218e+007 2.87218e+007 2.87218e+007 2.87218e+007 2.87218e+007 2.87218e+007 2.87218e+007 2.87218e+007 0 0 0 0 0 0 0 0 0 0 0 0 0 0 0 0 0 0 0 0 0 0 0 0 0
#obs survey bio
 4.52994e+006 3.46792e+006 2.95457e+006 2.58129e+006 2.48608e+006 2.69595e+006 1.80906e+006 1.73372e+006 1.54347e+006 1.6878e+006 1.52962e+006 1.1368e+006 1.03058e+006 1.14587e+006 818291 805119 797679 726573 629898 650552 493016 707904 508578 468579 367962 694498 516904 647819 547575 465218 517986 578322 631982 583944 577247 735892 556553 788823 679778 523786 680622 694674 499233 577361 575618 475068 673970 668682 1.06026e+006 675870 576624 821872 957413 705799 830096 520240 644396 597125 921320 1.00141e+006 1.14373e+006 676388 923014 756734 889168 808051 523156 1.04643e+006
#pred catch bio
 106797 95553.6 143057 211544 239514 263032 283858 306382 297709 295817 305102 270910 266200 258493 236866 206850 182703 161228 158862 142994 132741 120362 129442 114888 109866 106478 102474 102925 104752 96241 98898.8 100613 86821.2 92642.5 98710.1 88575.5 90385.6 96138.3 102507 103388 99359.6 103693 105436 104330 110391 112385 102878 109870 106081 110403 87066.2 91872 92485.9 107779 109414 118065 115640 105891 116322 132968 131310 121899 119104 104842 107388 120305 115378 107741 118290 119288 118667 121723 128106 135943 143813 150922 156927 161769 165543 168412 170549 172119 173257 174075 174659 175073 175365 175570 175713 175814 175884 175933 175967 175990 176006 176018 176026 176031 176035 176037 176039 176040 176041 176042 176042 176042 176042 176043 176043 176043 176043 176043 176043 176043 176043 176043 176043 176043 176043 176043 176043 176043 176043 176043 176043 176043 176043 176043 176043 176043 176043 176043 176043 176043 176043 176043 176043 176043 176043 176043 176043 176043 176043 176043 176043 176043 176043 176043 176043 176043 176043 176043 176043 176043 176043 176043 176043 176043 176043 176043 176043 176043 176043 176043 176043 176043 176043 176043 0 0 0 0 0 0 0 0 0 0 0 0 0 0 0 0 0 0 0 0 0 0 0 0 0
#obs catch bio
 0 95181.3 143096 212161 240205 264031 285677 309482 301102 299094 309636 274222 270782 263547 241730 211146 185838 162882 159601 143140 134040 120813 131000 116077 111492 106957 103129 103405 105430 96586 99011.1 100918 86865.2 92715.2 99095 88378.2 90473.1 96048.7 101921 103317 99341.6 103432 105698 104605 111110 113902 103928 110837 105849 110409 86986.4 92052.6 92476.2 107998 109320 118268 115939 105980 116349 132922 130924 121901 119438 104783 107539 120556 115741 107677
#pred cpue bio
 3.45905e+006 3.34428e+006 3.24667e+006 3.10503e+006 2.90146e+006 2.68348e+006 2.458e+006 2.22863e+006 1.99264e+006 1.78187e+006 1.58609e+006 1.38931e+006 1.23663e+006 1.09319e+006 958749 846118 763647 704076 663932 620757 590442 568553 559062 537074 529548 526589 526246 529501 531379 529826 537115 540941 542145 559614 571522 576488 593300 609151 619081 621733 623610 631146 635117 638718 645947 648726 650967 665377 671816 681437 685394 717555 747122 777531 790758 801974 803703 808860 826440 832803 818725 804581 800978 801535 819503 835491 836041 840165 2.97347e+007 1.76559e+007 1.76247e+007 1.81544e+007 1.91971e+007 2.04693e+007 2.17548e+007 2.29315e+007 2.39448e+007 2.47823e+007 2.54551e+007 2.59851e+007 2.63971e+007 2.67144e+007 2.69577e+007 2.71437e+007 2.72858e+007 2.73947e+007 2.74782e+007 2.75425e+007 2.75922e+007 2.76308e+007 2.76609e+007 2.76845e+007 2.77031e+007 2.77178e+007 2.77294e+007 2.77387e+007 2.77461e+007 2.7752e+007 2.77567e+007 2.77605e+007 2.77636e+007 2.77661e+007 2.77682e+007 2.77698e+007 2.77711e+007 2.77722e+007 2.77731e+007 2.77738e+007 2.77744e+007 2.77749e+007 2.77753e+007 2.77756e+007 2.77759e+007 2.77761e+007 2.77763e+007 2.77764e+007 2.77765e+007 2.77766e+007 2.77767e+007 2.77768e+007 2.77768e+007 2.77768e+007 2.77769e+007 2.77769e+007 2.77769e+007 2.7777e+007 2.7777e+007 2.7777e+007 2.7777e+007 2.7777e+007 2.7777e+007 2.7777e+007 2.7777e+007 2.7777e+007 2.7777e+007 2.7777e+007 2.7777e+007 2.7777e+007 2.7777e+007 2.7777e+007 2.7777e+007 2.7777e+007 2.7777e+007 2.7777e+007 2.7777e+007 2.7777e+007 2.7777e+007 2.7777e+007 2.7777e+007 2.7777e+007 2.7777e+007 2.7777e+007 2.7777e+007 2.7777e+007 2.7777e+007 2.7777e+007 2.7777e+007 2.7777e+007 2.7777e+007 2.7777e+007 2.7777e+007 2.7777e+007 2.7777e+007 2.7777e+007 2.7777e+007 2.7777e+007 2.7777e+007 2.7777e+007 0 0 0 0 0 0 0 0 0 0 0 0 0 0 0 0 0 0 0 0 0 0 0 0 0
#obs cpue bio
 4.08939e+006 2.5323e+006 3.28442e+006 3.28944e+006 2.55443e+006 2.40154e+006 2.44988e+006 2.20108e+006 1.96865e+006 1.82741e+006 1.34855e+006 1.49838e+006 1.02701e+006 811584 854361 644984 683168 779210 989910 679091 408632 549663 425120 506934 497053 713199 431001 477282 470254 621861 720264 488522 450455 616187 500178 645660 521753 600287 948011 523915 528164 786711 548252 651295 553767 485762 562922 834528 952413 743649 623842 616352 634686 885047 894640 1.1111e+006 916312 1.06953e+006 907681 862228 740084 725435 612315 983153 654257 1.00684e+006 1.10407e+006 951519
#pred surv len freq
 0.00453478 0.00742699 0.0112976 0.016165 0.0219282 0.0282782 0.0346775 0.0405007 0.0452728 0.0488221 0.0512499 0.052788 0.0536751 0.0541025 0.0542078 0.0540898 0.0538273 0.0534803 0.0530403 0.0523294 0.0509144 0.0481632 0.0435169 0.0368764 0.0288349
 0.00477036 0.0077189 0.0115727 0.0163097 0.0218328 0.0278989 0.0340778 0.039837 0.0447249 0.0485113 0.0511952 0.0529239 0.0539093 0.0543735 0.0545107 0.0544609 0.0543026 0.054049 0.0536212 0.0527859 0.0511079 0.0480195 0.0430666 0.0362428 0.0281766
 0.00494486 0.00802207 0.0120576 0.0170186 0.0227641 0.0289718 0.0351207 0.0406302 0.0450918 0.0484062 0.0507248 0.0522845 0.0532857 0.0538701 0.0541488 0.0542216 0.0541642 0.0539913 0.0536032 0.0527294 0.0509145 0.0476179 0.0424582 0.0355105 0.027447
 0.00512515 0.0083127 0.0124925 0.0176327 0.0235917 0.0300361 0.0364134 0.0420833 0.04656 0.0496829 0.0515998 0.0526237 0.0530872 0.0532573 0.0533054 0.0533132 0.0532936 0.053195 0.052867 0.052006 0.0501436 0.0467565 0.0415124 0.0345458 0.0265628
 0.00535555 0.00868565 0.0130508 0.0184148 0.0246251 0.0313271 0.0379364 0.0437768 0.0483307 0.0514099 0.0531367 0.0538059 0.0537604 0.053326 0.0527752 0.0522934 0.0519529 0.0516973 0.0513245 0.050468 0.0486185 0.0452484 0.0400535 0.0332044 0.0254221
 0.00560315 0.00908475 0.0136453 0.0192443 0.0257183 0.0326921 0.0395487 0.0455744 0.0502201 0.0532809 0.0548736 0.0552902 0.054869 0.053938 0.0527951 0.0516854 0.0507643 0.0500501 0.049377 0.0483701 0.0464887 0.0431798 0.0381332 0.0315212 0.0240524
 0.00586554 0.00950846 0.0142778 0.0201282 0.026884 0.0341464 0.0412622 0.0474769 0.0522103 0.0552445 0.0566993 0.0568764 0.0561208 0.054762 0.0531002 0.0513956 0.0498429 0.0485245 0.0473463 0.0459899 0.0439421 0.0406513 0.0357911 0.0295038 0.0224496
 0.00611337 0.00991516 0.014897 0.0210123 0.0280743 0.0356571 0.043064 0.0494917 0.0543227 0.0573242 0.0586229 0.0585381 0.0574338 0.0556526 0.0535005 0.0512411 0.049081 0.0471348 0.0453666 0.0435327 0.0411903 0.037833 0.0331401 0.0272155 0.0206449
 0.00638787 0.0103592 0.0155615 0.0219445 0.0293104 0.0372097 0.0449082 0.0515573 0.0565001 0.059482 0.0606275 0.060269 0.0587921 0.0565628 0.0539059 0.0510958 0.0483458 0.0457852 0.043415 0.0410561 0.038348 0.0348571 0.0302949 0.0247374 0.0186864
 0.00665019 0.0107831 0.016195 0.0228311 0.0304819 0.0386749 0.0466402 0.0534886 0.0585311 0.0614984 0.0625159 0.0619255 0.0601248 0.0574932 0.054369 0.0510394 0.0477285 0.0445806 0.0416255 0.0387385 0.0356371 0.031968 0.0274909 0.0222677 0.0167209
 0.0068997 0.0111904 0.016811 0.023704 0.0316477 0.0401428 0.0483774 0.0554159 0.060535 0.0634539 0.0643077 0.0634586 0.0613253 0.058304 0.0547439 0.050938 0.0471152 0.0434287 0.0399317 0.0365466 0.0330621 0.0292046 0.0247874 0.0198686 0.0148001
 0.00724379 0.0117363 0.0176074 0.0247876 0.0330371 0.0418291 0.0503128 0.0575085 0.0626584 0.0654678 0.0660813 0.0648872 0.0623375 0.0588602 0.0548285 0.0505474 0.0462475 0.0420817 0.0381137 0.0342993 0.0304872 0.0264759 0.0221324 0.0175159 0.0129155
 0.00747835 0.0121236 0.0182011 0.0256397 0.0341867 0.0432839 0.0520324 0.0594016 0.0645985 0.0673213 0.0677296 0.066237 0.0633205 0.0594306 0.0549603 0.0502306 0.0454828 0.0408769 0.0364873 0.0322959 0.0281986 0.0240536 0.0197738 0.0154217 0.0112335
 0.00768411 0.0124654 0.0187291 0.0264059 0.0352346 0.0446322 0.0536573 0.0612279 0.0665079 0.0691725 0.0693836 0.0675767 0.0642632 0.0599308 0.0550046 0.0498273 0.0446518 0.0396436 0.0348855 0.0303788 0.0260558 0.0218207 0.0176224 0.0135238 0.00971454
 0.00791317 0.0128362 0.0192845 0.0271853 0.0362671 0.0459258 0.055186 0.0629254 0.0682729 0.0708845 0.0709194 0.0688252 0.0651367 0.0603725 0.0549918 0.049368 0.0437753 0.0383917 0.0333089 0.0285427 0.024051 0.0197709 0.0156759 0.0118245 0.00836445
 0.00804437 0.0130642 0.0196547 0.0277486 0.0370684 0.0469857 0.0564838 0.064395 0.0698145 0.0723863 0.0722763 0.0699482 0.0659549 0.060834 0.0550654 0.0490444 0.0430675 0.0373324 0.031948 0.0269484 0.0223139 0.0180056 0.0140112 0.0103808 0.00722344
 0.00805636 0.013094 0.01972 0.0278763 0.0372936 0.0473466 0.057014 0.0651124 0.0707115 0.0734223 0.0733792 0.0710246 0.0669072 0.0615755 0.0555295 0.049188 0.0428713 0.0368012 0.0311115 0.0258621 0.0210594 0.0166874 0.0127445 0.00927065 0.00634095
 0.00807768 0.0131182 0.0197383 0.0278769 0.0372691 0.0473041 0.0569825 0.0651415 0.0708594 0.073737 0.0738803 0.0716927 0.0676833 0.0623717 0.0562459 0.0497314 0.0431697 0.0368129 0.0308291 0.0253137 0.0203072 0.0158205 0.0118657 0.00847521 0.00569599
 0.00813847 0.0131987 0.0198252 0.0279457 0.0372894 0.0472507 0.0568461 0.0649365 0.0706257 0.0735361 0.0737832 0.0717611 0.0679492 0.0628221 0.0568214 0.050339 0.0437048 0.037183 0.0309733 0.0252136 0.0199887 0.015347 0.0113226 0.00794809 0.00525019
 0.00835923 0.013531 0.0202743 0.0284951 0.0379014 0.0478688 0.0574006 0.0653536 0.0708443 0.0735279 0.0735673 0.0714024 0.0675401 0.0624544 0.0565583 0.0501975 0.043654 0.0371589 0.0309036 0.0250436 0.0196994 0.0149593 0.0108871 0.00752602 0.0048921
 0.00846416 0.0137057 0.0205437 0.0288812 0.0384139 0.048493 0.0580872 0.066021 0.0713963 0.0738807 0.073673 0.0712608 0.0671965 0.0619867 0.0560562 0.0497382 0.0432817 0.0368759 0.030677 0.0248256 0.0194516 0.0146695 0.0105719 0.00721964 0.00462896
 0.00854502 0.0138274 0.0207096 0.0290905 0.0386649 0.0487867 0.0584271 0.0664059 0.0718101 0.0742853 0.0740114 0.0714723 0.0672381 0.0618501 0.0557722 0.049366 0.0428877 0.0365114 0.0303641 0.024558 0.019208 0.0144318 0.0103368 0.00699901 0.00444049
 0.00850712 0.0137746 0.0206462 0.029026 0.038611 0.048754 0.058423 0.0664366 0.0718834 0.0744106 0.0741935 0.0717015 0.0674845 0.0620695 0.0559222 0.0494236 0.0428577 0.0364196 0.0302421 0.0244282 0.0190783 0.0143013 0.0102052 0.0068719 0.00432803
 0.00857074 0.013876 0.0207949 0.0292289 0.0388707 0.0490655 0.0587706 0.0667931 0.0722138 0.0746803 0.074377 0.0717888 0.0674797 0.0619845 0.0557686 0.0492098 0.0425923 0.0361171 0.0299242 0.024119 0.018797 0.0140582 0.0100033 0.00671048 0.00420535
 0.00848997 0.0137548 0.0206317 0.0290305 0.038652 0.0488487 0.0585831 0.0666646 0.0721702 0.0747358 0.0745291 0.0720173 0.0677532 0.0622682 0.0560312 0.0494273 0.0427491 0.0362067 0.0299498 0.0240926 0.0187356 0.0139793 0.00992114 0.00663517 0.00414293
 0.00845961 0.0136931 0.0205171 0.0288376 0.0383611 0.048459 0.0581233 0.066192 0.0717572 0.0744489 0.0744112 0.0720802 0.0679787 0.0626157 0.0564486 0.0498613 0.0431539 0.0365498 0.0302139 0.0242749 0.018845 0.0140316 0.00993457 0.00662647 0.00412512
 0.00845699 0.0136828 0.0204894 0.0287778 0.0382503 0.0482776 0.0578577 0.0658423 0.071345 0.0740198 0.074029 0.071811 0.0678716 0.0626879 0.056682 0.0502104 0.0435604 0.0369569 0.030577 0.0245673 0.0190579 0.0141707 0.0100145 0.00666502 0.00413874
 0.00838224 0.0135717 0.0203415 0.0285983 0.0380478 0.0480593 0.0576264 0.0655971 0.0710845 0.0737483 0.0737621 0.0715778 0.0677117 0.0626408 0.056773 0.0504394 0.0438995 0.0373581 0.0309862 0.024938 0.01936 0.0143935 0.010163 0.00675394 0.00418605
 0.00832491 0.0134787 0.0202024 0.0284056 0.0378 0.0477656 0.0573087 0.0652867 0.0708128 0.0735356 0.0736126 0.0714848 0.0676682 0.0626491 0.0568458 0.0505917 0.0441368 0.0376676 0.031337 0.0252895 0.0196747 0.0146464 0.010346 0.00687311 0.00425572
 0.00832907 0.0134791 0.0201913 0.0283711 0.0377288 0.0476471 0.0571398 0.065075 0.0705759 0.0732983 0.0734006 0.0713182 0.0675571 0.0625949 0.0568466 0.0506478 0.0442508 0.0378394 0.031557 0.0255361 0.0199191 0.0148616 0.0105148 0.00699118 0.00432939
 0.00830082 0.0134271 0.0201018 0.028228 0.0375175 0.0473612 0.0567873 0.0646798 0.0701745 0.0729319 0.0731076 0.0711278 0.0674854 0.0626427 0.0570006 0.0508859 0.0445489 0.0381752 0.0319107 0.0258875 0.0202466 0.0151447 0.0107392 0.00715285 0.00443454
 0.00827674 0.0133928 0.0200586 0.0281782 0.0374618 0.0472947 0.0566982 0.064553 0.0699991 0.0727095 0.0728562 0.0708787 0.0672749 0.0625024 0.0569502 0.05093 0.0446783 0.0383716 0.032151 0.0261476 0.0205029 0.0153762 0.0109302 0.00729599 0.00453136
 0.0082959 0.0134172 0.020083 0.0281943 0.0374612 0.0472726 0.0566558 0.0644952 0.0699292 0.072625 0.0727499 0.0707453 0.0671189 0.0623415 0.0568109 0.0508392 0.0446542 0.0384186 0.0322603 0.0263005 0.0206763 0.015547 0.01108 0.00741375 0.00461432
 0.00819874 0.0132615 0.0198534 0.0278792 0.0370565 0.0467873 0.0561172 0.0639497 0.0694357 0.0722414 0.0725183 0.0706823 0.0672139 0.0625642 0.057124 0.0512094 0.0450575 0.0388385 0.0326825 0.0267086 0.0210516 0.0158719 0.0113418 0.0076083 0.00474655
 0.00808389 0.0130911 0.0196267 0.0276051 0.0367491 0.0464602 0.0557799 0.0636096 0.0691033 0.0719351 0.0722652 0.0705133 0.0671549 0.0626272 0.0573029 0.0514831 0.0453969 0.0392147 0.0330704 0.0270872 0.021402 0.0161774 0.0115904 0.0077952 0.00487511
 0.00812156 0.0131313 0.0196491 0.0275799 0.0366472 0.0462682 0.0555097 0.0632964 0.06879 0.0716552 0.0720342 0.0703336 0.0670273 0.0625583 0.057304 0.0515623 0.0455529 0.0394344 0.0333326 0.0273674 0.0216766 0.0164263 0.0117987 0.00795537 0.00498751
 0.00807144 0.0130533 0.0195373 0.0274285 0.036449 0.0460132 0.0551889 0.0629094 0.0683548 0.0712125 0.0716402 0.0700434 0.0668771 0.0625572 0.0574385 0.0518073 0.0458808 0.0398184 0.0337452 0.0277807 0.0220637 0.0167647 0.0120736 0.00816158 0.00512939
 0.00797164 0.0129043 0.0193376 0.0271856 0.0361765 0.045727 0.0549026 0.0626321 0.0680906 0.0709628 0.0714091 0.0698441 0.0667335 0.062498 0.0574859 0.0519681 0.0461437 0.040159 0.0341324 0.0281816 0.0224474 0.0171052 0.0123531 0.00837284 0.00527547
 0.00802581 0.0129687 0.0193915 0.0271968 0.036112 0.0455687 0.0546589 0.0623367 0.067788 0.0706895 0.0711824 0.0696635 0.0665918 0.0623936 0.0574283 0.0519738 0.0462267 0.040322 0.0343635 0.0284565 0.022736 0.0173779 0.0125872 0.00855545 0.00540474
 0.00808737 0.0130741 0.0195579 0.0274379 0.0364287 0.0459371 0.055026 0.0626295 0.0679392 0.0706643 0.0709909 0.0693505 0.0662142 0.062001 0.0570564 0.0516483 0.0459683 0.0401465 0.0342774 0.0284537 0.0227974 0.0174772 0.0126974 0.00865564 0.00548313
 0.00808711 0.013082 0.0195857 0.027503 0.0365512 0.0461334 0.0553001 0.0629653 0.0682965 0.0709834 0.0712077 0.0694172 0.0661167 0.0617624 0.0567257 0.0512823 0.0456174 0.0398478 0.0340537 0.0283129 0.0227337 0.0174733 0.0127303 0.00870291 0.00552847
 0.00814459 0.013155 0.0196589 0.0275519 0.0365521 0.046078 0.0552055 0.0628715 0.0682506 0.071018 0.0713239 0.0695829 0.0662789 0.0618687 0.0567448 0.0512134 0.0454858 0.039692 0.0339108 0.028209 0.0226791 0.0174641 0.0127529 0.00874058 0.00556695
 0.00823633 0.0133001 0.0198681 0.0278282 0.0368856 0.0464409 0.0555513 0.0631455 0.0684095 0.0710489 0.0712501 0.069449 0.0661259 0.061715 0.056584 0.0510281 0.0452658 0.0394445 0.0336589 0.0279811 0.0224979 0.0173392 0.0126804 0.00870768 0.00555819
 0.00829589 0.0133988 0.0200198 0.0280465 0.03718 0.0468104 0.0559782 0.0635917 0.0688208 0.0713668 0.0714284 0.0694686 0.066 0.0614811 0.0562868 0.0507028 0.0449318 0.0391114 0.0333363 0.0276838 0.0222435 0.017141 0.0125419 0.00862187 0.00551179
 0.00829645 0.0134051 0.0200396 0.0280914 0.0372637 0.0469457 0.0561727 0.0638443 0.0691185 0.0716837 0.071727 0.0697061 0.0661393 0.0615024 0.0561934 0.0505177 0.0446875 0.0388386 0.0330593 0.0274215 0.0220115 0.0169513 0.0124005 0.00852717 0.00545539
 0.00819745 0.0132718 0.0198903 0.0279607 0.0371932 0.0469698 0.0563062 0.0640793 0.0694299 0.072038 0.0720886 0.0700397 0.066411 0.061683 0.0562639 0.0504748 0.0445454 0.0386249 0.0328071 0.0271626 0.0217713 0.0167476 0.0122426 0.00841599 0.00538482
 0.0080424 0.0130372 0.0195712 0.0275684 0.0367574 0.0465382 0.0559408 0.0638463 0.0693818 0.0721945 0.0724279 0.0705055 0.0669314 0.0621888 0.0567006 0.0508074 0.0447592 0.0387244 0.0328124 0.0271027 0.0216774 0.0166464 0.0121527 0.00834681 0.00533809
 0.00784704 0.0127243 0.0191107 0.0269394 0.0359578 0.0455967 0.0549277 0.0628717 0.0685766 0.0716779 0.0722764 0.0707345 0.0674948 0.0629938 0.0576321 0.0517533 0.0456299 0.0394625 0.0333935 0.0275299 0.0219716 0.0168371 0.0122696 0.00841509 0.00537627
 0.00785975 0.0127197 0.0190569 0.0267904 0.0356643 0.0451243 0.0542748 0.0620787 0.0677218 0.0708651 0.0716158 0.0703226 0.0673931 0.0632135 0.0581307 0.0524455 0.0464103 0.0402309 0.0340744 0.0280812 0.0223835 0.0171226 0.0124541 0.00852661 0.00543951
 0.00796168 0.0128633 0.0192302 0.0269641 0.0357938 0.0451565 0.0541582 0.0617749 0.06722 0.0701941 0.0708487 0.0695662 0.0667647 0.0628124 0.058013 0.0526118 0.0468079 0.0407718 0.0346605 0.0286291 0.0228394 0.0174659 0.0126901 0.00867555 0.00552613
 0.00801754 0.012964 0.0193984 0.0272224 0.0361532 0.0456017 0.0546356 0.0621963 0.0674836 0.0702166 0.070593 0.0690555 0.0660786 0.062068 0.057336 0.052105 0.0465269 0.0407151 0.0347788 0.0288479 0.0230852 0.0176852 0.0128568 0.00878669 0.00559197
 0.00777665 0.0126013 0.0189084 0.0266232 0.0354873 0.0449314 0.0540358 0.061741 0.0672247 0.0701635 0.0707062 0.0692623 0.066305 0.0622696 0.0575128 0.0522939 0.0467775 0.0410617 0.0352214 0.0293502 0.0235898 0.0181361 0.0132169 0.00904481 0.00575852
 0.00765361 0.0123899 0.0185706 0.0261216 0.034799 0.0440683 0.0530607 0.0607656 0.0663843 0.0695772 0.0704419 0.069321 0.0666281 0.0627647 0.0580871 0.0528829 0.0473562 0.0416349 0.035801 0.0299342 0.0241545 0.0186442 0.0136349 0.00935604 0.00596734
 0.00760897 0.012308 0.0184292 0.0258913 0.034447 0.0435666 0.0523985 0.0599615 0.0654952 0.0686974 0.0696884 0.0688051 0.066423 0.0628832 0.0584817 0.0534684 0.0480422 0.0423517 0.0365068 0.030606 0.0247736 0.0191887 0.0140827 0.00969474 0.00620003
 0.00766762 0.0123981 0.0185537 0.0260461 0.0346175 0.0437245 0.0525002 0.0599533 0.0653271 0.0683424 0.0691606 0.0681668 0.0657735 0.0623322 0.0581164 0.0533284 0.0481152 0.0425888 0.0368469 0.0309944 0.0251678 0.0195563 0.0143992 0.00994429 0.00637847
 0.00769851 0.0124508 0.0186372 0.0261696 0.034787 0.0439375 0.0527405 0.0601886 0.0655107 0.0684219 0.0690909 0.0679251 0.065373 0.0618271 0.0575919 0.0528768 0.0478077 0.0424561 0.0368774 0.0311473 0.0253917 0.0198029 0.014631 0.0101371 0.00652174
 0.00768898 0.0124489 0.0186597 0.0262401 0.0349303 0.0441693 0.0530584 0.0605676 0.0659074 0.0687816 0.0693558 0.0680439 0.0653114 0.061579 0.0571876 0.0523815 0.0473062 0.0420288 0.0365777 0.0309904 0.0253586 0.0198549 0.0147252 0.0102384 0.00660826
 0.0076258 0.0123533 0.0185301 0.0260828 0.0347611 0.0440145 0.0529529 0.0605486 0.0660018 0.0689928 0.0696568 0.0683808 0.0656171 0.0617913 0.0572665 0.0523209 0.0471364 0.0418071 0.0363684 0.0308433 0.025295 0.0198667 0.014786 0.0103176 0.00668213
 0.00748509 0.0121341 0.0182186 0.0256745 0.0342636 0.0434514 0.0523671 0.0600024 0.0655677 0.0687381 0.0696251 0.0685783 0.0660087 0.0623077 0.0578214 0.0528345 0.0475563 0.0421187 0.036591 0.0310135 0.0254468 0.0200176 0.0149348 0.0104523 0.00679068
 0.00746202 0.0120877 0.0181323 0.0255279 0.0340375 0.0431366 0.0519723 0.0595568 0.0651174 0.0683373 0.0693273 0.0684273 0.0660295 0.0624985 0.05815 0.0532441 0.0479807 0.0425026 0.0369046 0.0312555 0.025634 0.0201704 0.0150654 0.0105632 0.00687899
 0.00762021 0.0123246 0.0184501 0.0259122 0.0344578 0.043549 0.0523242 0.0597935 0.0651946 0.0682352 0.0690599 0.0680411 0.0655918 0.062079 0.0578036 0.0529974 0.0478297 0.0424206 0.0368582 0.0312199 0.0256002 0.0201417 0.0150485 0.0105604 0.00688677
 0.00774123 0.0125223 0.0187481 0.0263295 0.0350006 0.0441993 0.0530311 0.0604756 0.0657559 0.0685907 0.069158 0.0678753 0.0651988 0.061528 0.0571787 0.0523787 0.0472763 0.0419616 0.0364956 0.0309392 0.0253842 0.0199781 0.0149303 0.010482 0.00684082
 0.00766322 0.0124222 0.0186474 0.0262665 0.035022 0.0443457 0.0533218 0.0609 0.0662724 0.0691324 0.0696447 0.0682301 0.0653673 0.0614922 0.0569615 0.0520347 0.0468743 0.0415649 0.0361473 0.0306586 0.0251715 0.019824 0.0148236 0.0104125 0.00679924
 0.00759892 0.0123131 0.0184771 0.0260222 0.0347048 0.0439822 0.0529704 0.060642 0.0661867 0.0692641 0.0699842 0.0687141 0.0658992 0.0619728 0.0573161 0.0522303 0.0469208 0.0415032 0.0360297 0.0305306 0.0250614 0.0197427 0.0147702 0.0103808 0.00678252
 0.00748357 0.0121274 0.0182008 0.0256382 0.0342025 0.0433651 0.0522652 0.0599056 0.0655052 0.0687396 0.0697108 0.0687499 0.0662441 0.062564 0.0580462 0.0529809 0.0475963 0.0420511 0.0364414 0.0308269 0.0252732 0.0198967 0.0148835 0.0104628 0.0068389
 0.00740826 0.0120045 0.0180149 0.0253743 0.0338485 0.042916 0.0517282 0.0593037 0.0648778 0.0681413 0.0692082 0.0684146 0.0661387 0.0627225 0.0584567 0.053582 0.0482936 0.042746 0.0370589 0.031329 0.0256556 0.020175 0.0150794 0.0105962 0.00692573
 0.00722698 0.0117493 0.0177034 0.0250455 0.0335493 0.0426796 0.051559 0.0591763 0.0647519 0.0679824 0.0690045 0.0681843 0.0659275 0.0625913 0.0584622 0.0537547 0.0486237 0.0431847 0.0375364 0.0317787 0.0260335 0.0204644 0.015285 0.0107333 0.00701195
 0.0068176 0.0111339 0.0168729 0.0240304 0.0324184 0.0415313 0.0505094 0.0583409 0.0642185 0.0677831 0.0691069 0.0685095 0.0663877 0.0631239 0.0590432 0.0543897 0.0493237 0.0439435 0.0383208 0.0325359 0.0267087 0.0210189 0.0157045 0.0110261 0.00720057
#obs surv len freq
 nan nan nan nan nan nan nan nan nan nan nan nan nan nan nan nan nan nan nan nan nan nan nan nan nan
 0.00448413 0.00734536 0.0111754 0.0159921 0.0216935 0.0279699 0.0342848 0.0400165 0.0446961 0.0481596 0.0505168 0.0520118 0.0529032 0.0534148 0.0537284 0.0539828 0.0542611 0.0545536 0.0546922 0.054284 0.0527221 0.0493543 0.0438043 0.0362846 0.0276686
 0.00461649 0.00756152 0.0115022 0.0164542 0.0223074 0.0287348 0.0351733 0.0409721 0.0456407 0.0490084 0.0511947 0.0524642 0.0531016 0.0533575 0.0534365 0.0534926 0.0536151 0.0537942 0.053858 0.0534117 0.0518501 0.0485253 0.0430625 0.0356676 0.027197
 0.00477721 0.0078263 0.0119072 0.0170349 0.0230916 0.0297307 0.0363573 0.042284 0.0469902 0.0502911 0.0523075 0.0533186 0.0536318 0.0535263 0.0532377 0.0529491 0.0527724 0.0527116 0.0526016 0.0520517 0.0504618 0.0471894 0.0418592 0.034663 0.0264278
 0.0049736 0.00814593 0.0123891 0.0177163 0.0240014 0.0308789 0.0377238 0.0438123 0.048593 0.0518627 0.0537389 0.0545066 0.0544874 0.0539807 0.0532487 0.0525056 0.0518956 0.0514526 0.0510371 0.0502796 0.048598 0.0453617 0.040194 0.0332638 0.0253526
 0.00517892 0.00848373 0.0129049 0.018455 0.0249984 0.0321467 0.0392377 0.0455063 0.0503698 0.053612 0.0553533 0.0558892 0.0555517 0.0546512 0.0534637 0.0522231 0.0511013 0.0501673 0.0493223 0.0482395 0.0463765 0.0431306 0.0381288 0.0315108 0.0239971
 0.00541272 0.00886394 0.0134776 0.0192637 0.026077 0.0335069 0.0408562 0.0473185 0.0522768 0.0554984 0.0571042 0.0574015 0.0567382 0.0554394 0.0537931 0.0520445 0.0503816 0.0488998 0.0475419 0.0460367 0.0439027 0.0405866 0.035733 0.0294525 0.0223925
 0.0056452 0.00924826 0.0140677 0.0201134 0.0272289 0.0349753 0.0426098 0.0492765 0.0543221 0.0575019 0.0589459 0.0589807 0.0579738 0.0562659 0.0541562 0.0518984 0.0496892 0.0476416 0.0457328 0.0437481 0.0412781 0.0378369 0.0331034 0.027166 0.020594
 0.00587354 0.00962273 0.0146377 0.0209283 0.0283294 0.0363801 0.0443001 0.0511882 0.056352 0.0595251 0.0608355 0.0606221 0.059273 0.0571514 0.0545752 0.0518099 0.0490602 0.0464501 0.0439839 0.0414979 0.0386559 0.0350485 0.0304012 0.0247899 0.018708
 0.00613802 0.010051 0.0152791 0.0218276 0.0295187 0.0378662 0.0460508 0.0531281 0.058373 0.0615064 0.0626617 0.0621926 0.0605044 0.0579768 0.054943 0.0516809 0.0484047 0.0452494 0.0422418 0.0392628 0.0360455 0.032258 0.0276787 0.0223791 0.0167819
 0.00638423 0.0104586 0.0159056 0.02273 0.0307408 0.0394185 0.0478926 0.0551631 0.0604666 0.0635152 0.0644599 0.0636843 0.0616225 0.0586762 0.0551923 0.0514558 0.0476845 0.0440203 0.0405079 0.0370678 0.0334967 0.0295363 0.0250185 0.0200158 0.0148861
 0.00660217 0.010816 0.0164499 0.0235084 0.0317926 0.0407619 0.0495096 0.0569903 0.0624007 0.065429 0.0662224 0.0651785 0.0627577 0.0593925 0.0554571 0.0512545 0.0470108 0.0428726 0.0388971 0.0350364 0.0311416 0.0270207 0.0225556 0.0178216 0.0131203
 0.00683571 0.0111979 0.0170283 0.024329 0.0328889 0.0421406 0.0511362 0.058786 0.0642542 0.067219 0.0678361 0.0665215 0.0637557 0.0599915 0.0556233 0.0509729 0.0462805 0.0417031 0.037311 0.0330822 0.028912 0.0246638 0.0202622 0.0157851 0.0114832
 0.00707346 0.0115874 0.0176199 0.0251703 0.0340144 0.0435555 0.0528002 0.060609 0.06611 0.0689716 0.0693644 0.0677332 0.0645906 0.0604172 0.055628 0.0505581 0.0454561 0.0404866 0.0357317 0.0311924 0.0268013 0.0224671 0.0181481 0.0139214 0.00999204
 0.00727817 0.0119265 0.0181418 0.0259233 0.0350366 0.0448581 0.054351 0.0623268 0.067876 0.070652 0.0708343 0.0688924 0.0653709 0.0607832 0.055573 0.0500954 0.0446107 0.0392892 0.0342213 0.0294249 0.0248624 0.0204776 0.0162542 0.0122655 0.00867483
 0.00745603 0.0122186 0.0185868 0.0265596 0.035895 0.04595 0.0556562 0.0637872 0.0694012 0.0721345 0.0721654 0.0699756 0.0661308 0.0611714 0.0555692 0.0497046 0.0438563 0.0382077 0.0328593 0.0278437 0.0231452 0.0187333 0.0146089 0.0108377 0.00754582
 0.00753809 0.0123539 0.0187946 0.0268609 0.0363104 0.0464964 0.0563406 0.0646024 0.0703234 0.0731232 0.0731646 0.0709171 0.0669396 0.0617745 0.0559057 0.0497334 0.043561 0.0375963 0.0319633 0.0267173 0.0218659 0.0174007 0.0133339 0.00972254 0.00666022
 0.00760139 0.0124517 0.018933 0.0270431 0.0365386 0.0467733 0.0566702 0.0649894 0.0707718 0.0736335 0.07373 0.0715182 0.0675413 0.0623258 0.0563446 0.0499973 0.0435983 0.0373765 0.0314842 0.0260082 0.0209873 0.016438 0.0123848 0.00887758 0.00598206
 0.0076813 0.0125746 0.0191046 0.0272636 0.0368021 0.0470681 0.0569801 0.0652964 0.0710615 0.0739008 0.0739812 0.0717665 0.0677975 0.0625878 0.0565915 0.0501898 0.0436862 0.0373121 0.0312363 0.025574 0.0203976 0.0157543 0.0116863 0.0082415 0.00546428
 0.00773691 0.0126588 0.0192194 0.0274067 0.0369674 0.0472469 0.0571623 0.0654716 0.0712206 0.0740391 0.0741004 0.0718753 0.0679086 0.062712 0.0567307 0.0503307 0.043799 0.0373559 0.0311712 0.0253756 0.020069 0.0153293 0.0112212 0.00779857 0.00509279
 0.00779721 0.0127514 0.0193485 0.0275717 0.0371625 0.0474609 0.057379 0.0656713 0.0713846 0.0741547 0.074165 0.0718964 0.0679007 0.0626926 0.0567146 0.0503248 0.0437979 0.0373403 0.0311128 0.0252479 0.0198601 0.01505 0.010904 0.00748665 0.00482453
 0.00782277 0.0127917 0.0194067 0.0276498 0.0372605 0.047576 0.0575049 0.0657985 0.0715017 0.0742513 0.0742343 0.0719365 0.067915 0.0626887 0.0567021 0.0503121 0.0437879 0.0373276 0.031083 0.0251827 0.0197458 0.0148863 0.010707 0.00728369 0.00464342
 0.0078635 0.0128522 0.0194871 0.0277465 0.0373674 0.0476864 0.0576129 0.0658987 0.0715895 0.0743222 0.0742842 0.0719626 0.0679167 0.0626682 0.0566646 0.0502647 0.0437369 0.0372757 0.0310268 0.0251138 0.0196549 0.0147701 0.0105719 0.00714461 0.00451791
 0.00787569 0.0128694 0.019508 0.0277682 0.0373857 0.0476973 0.0576139 0.0658903 0.0715753 0.0743086 0.0742789 0.0719715 0.0679414 0.0627055 0.0567081 0.0503074 0.0437737 0.0373028 0.031041 0.0251106 0.01963 0.0147218 0.0105042 0.00706735 0.00444334
 0.00790219 0.0129068 0.0195537 0.027816 0.0374272 0.0477249 0.0576222 0.0658779 0.0715446 0.0742652 0.0742309 0.0719283 0.0679114 0.0626942 0.0567162 0.050331 0.0438057 0.0373353 0.0310668 0.0251239 0.0196268 0.0147008 0.010468 0.00702222 0.00439756
 0.0079048 0.0129118 0.0195625 0.0278296 0.0374454 0.0477446 0.0576375 0.0658814 0.0715301 0.0742316 0.074183 0.0718758 0.0678658 0.0626649 0.0567086 0.0503453 0.0438375 0.0373772 0.0311098 0.0251597 0.0196493 0.0147073 0.0104595 0.0070031 0.00437404
 0.007884 0.012875 0.0195021 0.0277378 0.0373175 0.0475832 0.0574557 0.0657006 0.071375 0.0741213 0.0741268 0.0718733 0.0679104 0.0627479 0.0568215 0.0504799 0.0439849 0.0375273 0.0312524 0.0252849 0.0197498 0.0147794 0.010504 0.00702495 0.00438032
 0.00788416 0.0128694 0.0194826 0.0276931 0.0372353 0.0474554 0.0572823 0.0654928 0.0711541 0.0739148 0.0739625 0.0717725 0.0678835 0.062793 0.0569267 0.0506284 0.0441592 0.0377111 0.0314313 0.0254469 0.0198858 0.0148841 0.010577 0.00706999 0.00440421
 0.0078929 0.0128823 0.0194993 0.0277111 0.0372496 0.0474572 0.0572603 0.0654355 0.0710543 0.073775 0.0737969 0.071605 0.0677414 0.0626992 0.0568938 0.0506566 0.0442384 0.0378252 0.0315624 0.0255785 0.0200045 0.0149813 0.010649 0.00711781 0.00443228
 0.00787461 0.0128547 0.0194618 0.0276646 0.0371962 0.0473998 0.0572015 0.0653769 0.0709952 0.073713 0.0737292 0.0715316 0.0676684 0.0626383 0.0568599 0.0506618 0.0442874 0.0379136 0.0316779 0.0257051 0.0201266 0.0150868 0.0107311 0.0071754 0.0044685
 0.00786247 0.0128304 0.0194172 0.0275902 0.0370847 0.0472508 0.0570253 0.0651937 0.0708296 0.0735854 0.0736502 0.0715007 0.0676771 0.0626766 0.0569205 0.0507425 0.0443889 0.0380357 0.0318165 0.0258509 0.0202673 0.0152106 0.0108301 0.00724714 0.00451538
 0.0078492 0.0128088 0.0193843 0.0275426 0.0370182 0.0471611 0.0569093 0.0650522 0.0706704 0.0734238 0.073507 0.0713962 0.0676247 0.0626791 0.0569712 0.0508299 0.0445018 0.0381656 0.0319564 0.0259937 0.0204043 0.0153327 0.0109301 0.00732158 0.0045655
 0.00780587 0.0127386 0.0192795 0.0273969 0.0368293 0.0469331 0.0566551 0.0647928 0.0704302 0.0732249 0.0733653 0.0713212 0.0676205 0.062745 0.057101 0.0510113 0.0447183 0.0383993 0.0321913 0.0262165 0.0206046 0.0155026 0.0110648 0.00742036 0.00463182
 0.00777443 0.0126857 0.0191964 0.0272747 0.036661 0.0467171 0.0563989 0.0645137 0.0701534 0.0729782 0.0731734 0.0712017 0.067582 0.0627877 0.0572179 0.0511903 0.0449434 0.0386519 0.032452 0.0264676 0.0208312 0.0156943 0.0112161 0.007531 0.00470615
 0.00773952 0.012629 0.0191112 0.0271548 0.0365015 0.0465169 0.0561623 0.0642523 0.0698852 0.0727254 0.0729595 0.0710478 0.0675041 0.0627936 0.0573068 0.0513529 0.0451641 0.038911 0.032728 0.0267393 0.0210801 0.0159067 0.0113845 0.00765431 0.00478906
 0.00769252 0.012552 0.0189946 0.0269897 0.0362827 0.046246 0.0558511 0.0639229 0.0695657 0.0724445 0.0727401 0.070906 0.0674488 0.0628279 0.0574277 0.0515515 0.0454255 0.0392153 0.033052 0.0270592 0.0213742 0.0161583 0.0115841 0.00780052 0.00488726
 0.00770818 0.0125704 0.0190088 0.0269883 0.0362519 0.0461733 0.0557295 0.0637532 0.0693571 0.0722127 0.0725062 0.0706929 0.0672778 0.0627163 0.0573866 0.051585 0.04553 0.03938 0.0332596 0.027288 0.0216015 0.016364 0.0117542 0.00792897 0.00497555
 0.00766152 0.0125061 0.0189331 0.026913 0.0361893 0.0461293 0.0556987 0.0637202 0.0693035 0.0721264 0.0723871 0.0705527 0.0671369 0.0625969 0.0573086 0.0515621 0.0455686 0.0394778 0.0334064 0.0274667 0.0217915 0.0165447 0.0119093 0.00804941 0.00506013
 0.00764076 0.01247 0.0188753 0.026828 0.0360764 0.0459965 0.0555641 0.0636072 0.069231 0.0720986 0.0723908 0.0705655 0.0671388 0.0625811 0.0572824 0.0515424 0.0455735 0.0395202 0.0334898 0.0275848 0.0219302 0.0166864 0.0120376 0.00815325 0.00513538
 0.00762821 0.0124484 0.0188403 0.0267746 0.0359995 0.0458927 0.0554346 0.06346 0.0690819 0.0719686 0.0722996 0.0705238 0.0671442 0.0626194 0.0573363 0.0516004 0.0456339 0.0395892 0.0335749 0.0276889 0.0220488 0.0168087 0.0121509 0.00824715 0.00520496
 0.00759595 0.0124011 0.0187786 0.0267019 0.0359205 0.0458112 0.0553517 0.063375 0.0689937 0.0718792 0.0722161 0.0704574 0.0671068 0.0626182 0.0573707 0.0516624 0.045713 0.0396774 0.0336694 0.0277894 0.022154 0.0169137 0.0122479 0.00832852 0.00526637
 0.00757291 0.0123617 0.0187162 0.0266102 0.0357963 0.0456583 0.0551824 0.0632087 0.0688509 0.0717742 0.0721535 0.0704338 0.0671161 0.0626564 0.0574355 0.0517518 0.0458224 0.0398001 0.0337977 0.0279173 0.0222765 0.0170265 0.0123463 0.00840848 0.0053258
 0.00756631 0.0123499 0.0186959 0.0265776 0.0357466 0.0455869 0.0550871 0.0630914 0.0687195 0.0716421 0.0720369 0.0703475 0.067069 0.0626496 0.0574651 0.0518114 0.0459056 0.0399005 0.0339088 0.028032 0.0223882 0.0171292 0.0124349 0.00847965 0.00537837
 0.00757069 0.012358 0.01871 0.0265995 0.035777 0.0456231 0.0551223 0.0631149 0.0687196 0.0716106 0.0719725 0.0702576 0.0669674 0.0625529 0.0573876 0.0517618 0.0458866 0.0399098 0.0339415 0.0280816 0.0224474 0.0171907 0.0124925 0.00852837 0.00541572
 0.00754765 0.0123233 0.0186631 0.0265421 0.0357132 0.0455591 0.0550651 0.0630712 0.0686934 0.071601 0.0719739 0.0702616 0.0669674 0.0625473 0.0573804 0.0517606 0.0458987 0.0399396 0.0339887 0.0281422 0.0225152 0.0172585 0.012554 0.00857909 0.00545372
 0.00753945 0.0123094 0.018641 0.0265096 0.0356691 0.0455045 0.0550044 0.0630118 0.0686441 0.0715688 0.0719617 0.070267 0.0669841 0.0625676 0.0573986 0.0517751 0.0459126 0.0399581 0.0340163 0.0281804 0.0225616 0.0173084 0.0126016 0.00861984 0.00548497
 0.00753026 0.012296 0.0186236 0.0264892 0.0356467 0.0454804 0.0549781 0.0629824 0.0686117 0.0715359 0.0719325 0.0702468 0.0669761 0.0625717 0.0574118 0.051793 0.0459319 0.0399782 0.0340389 0.0282076 0.0225941 0.0173443 0.0126373 0.00865147 0.00550995
 0.00750318 0.0122531 0.0185614 0.0264058 0.0355429 0.045361 0.0548523 0.0628633 0.0685126 0.0714671 0.071899 0.0702482 0.0670088 0.0626303 0.0574899 0.0518834 0.0460273 0.0400723 0.0341275 0.0282887 0.0226669 0.0174081 0.0126912 0.00869429 0.00554139
 0.00748485 0.0122237 0.0185179 0.0263457 0.0354648 0.0452655 0.0547433 0.0627481 0.0684017 0.0713722 0.0718306 0.0702132 0.0670097 0.0626652 0.0575531 0.0519676 0.0461242 0.040174 0.0342272 0.0283813 0.0227492 0.0174782 0.0127481 0.00873798 0.00557262
 0.00750433 0.0122489 0.0185441 0.0263642 0.0354657 0.0452409 0.0546904 0.0626704 0.0683071 0.0712709 0.0717333 0.0701299 0.0669487 0.0626323 0.0575505 0.0519936 0.0461736 0.0402396 0.0343012 0.0284563 0.0228194 0.0175396 0.0127984 0.00877653 0.00560001
 0.00750433 0.0122489 0.0185441 0.0263642 0.0354657 0.0452409 0.0546904 0.0626704 0.0683071 0.0712709 0.0717333 0.0701299 0.0669487 0.0626323 0.0575505 0.0519936 0.0461736 0.0402396 0.0343012 0.0284563 0.0228194 0.0175396 0.0127984 0.00877653 0.00560001
 0.0073635 0.0120313 0.0182379 0.0259672 0.0349862 0.044699 0.0541199 0.0621177 0.0678264 0.0709131 0.0715354 0.070108 0.0670967 0.0629252 0.0579519 0.0524626 0.0466715 0.040733 0.0347634 0.0288681 0.0231681 0.0178194 0.01301 0.00892625 0.00569835
 0.00725855 0.0118475 0.0179383 0.0255127 0.0343488 0.0438807 0.0531675 0.0611227 0.0669039 0.070172 0.0710536 0.0699223 0.0672056 0.0632972 0.0585345 0.0531913 0.0474785 0.041555 0.0355472 0.0295732 0.0237679 0.018301 0.0133732 0.00918183 0.00586497
 0.00723699 0.0118065 0.0178643 0.025386 0.0341435 0.0435688 0.0527259 0.0605447 0.0662115 0.0694221 0.0703328 0.0693285 0.0668228 0.0631749 0.0586795 0.0535721 0.0480372 0.0422209 0.0362489 0.0302483 0.0243691 0.0187988 0.0137564 0.00945505 0.0060445
 0.00726801 0.0118575 0.0179413 0.0254921 0.0342755 0.0437109 0.0528465 0.0605978 0.0661463 0.0692001 0.0699455 0.0688084 0.0662415 0.062627 0.0582567 0.0533386 0.0480148 0.0423894 0.0365577 0.0306329 0.0247672 0.0191614 0.0140534 0.00967581 0.00619362
 0.00726146 0.0118557 0.0179548 0.0255363 0.0343659 0.0438565 0.0530424 0.0608214 0.0663586 0.0693513 0.0699855 0.0687008 0.0659778 0.0622365 0.0578042 0.0529084 0.0476859 0.0422119 0.0365413 0.0307502 0.0249679 0.0193911 0.014268 0.009849 0.00631708
 0.00728811 0.0119005 0.0180251 0.0256405 0.0345126 0.0440523 0.0532883 0.0611093 0.0666682 0.0696497 0.0702288 0.0688409 0.0659737 0.0620679 0.0574824 0.0524796 0.0472223 0.0417917 0.0362254 0.0305659 0.0249065 0.0194184 0.0143415 0.0099324 0.00638806
 0.00724512 0.0118358 0.0179379 0.0255347 0.0343971 0.0439412 0.0532004 0.0610662 0.0666901 0.0697479 0.0703994 0.0690609 0.0662028 0.0622568 0.0575878 0.0524793 0.0471251 0.0416356 0.0360638 0.0304463 0.0248543 0.0194318 0.0143987 0.0100056 0.00645531
 0.00717297 0.0117209 0.0177701 0.0253076 0.0341114 0.0436086 0.0528471 0.0607317 0.0664205 0.0695851 0.0703705 0.0691717 0.0664359 0.0625735 0.0579357 0.0528041 0.047386 0.0418169 0.0361767 0.0305202 0.0249197 0.0195069 0.0144847 0.010092 0.00652968
 0.0071681 0.0117042 0.0177288 0.0252244 0.0339692 0.0433972 0.0525702 0.0604098 0.0660879 0.0692834 0.0701409 0.0690475 0.0664358 0.0626972 0.0581613 0.0530925 0.0476898 0.0420944 0.0364033 0.0306923 0.0250498 0.0196116 0.0145752 0.0101709 0.00659432
 0.00722251 0.0117936 0.0178638 0.0254123 0.034208 0.0436694 0.0528391 0.0606246 0.0661988 0.06926 0.0699847 0.0687916 0.0661334 0.0624046 0.0579225 0.0529292 0.0475997 0.0420571 0.0363926 0.0306879 0.0250433 0.0196049 0.0145735 0.0101768 0.00660593
 0.00725961 0.0118589 0.017971 0.0255771 0.034444 0.0439809 0.0532143 0.0610313 0.0665866 0.0695698 0.070163 0.0688051 0.0659807 0.0621176 0.0575566 0.0525459 0.0472485 0.0417654 0.0361654 0.030516 0.024914 0.0195087 0.0145052 0.0101328 0.00658146
 0.00727363 0.0118876 0.0180256 0.0256721 0.034595 0.0441999 0.053504 0.0613817 0.0669737 0.0699568 0.0705034 0.0690498 0.0660883 0.0620664 0.0573536 0.0522264 0.046866 0.041375 0.0358095 0.0302179 0.0246795 0.0193333 0.0143805 0.0100496 0.00653041
 0.0071808 0.0117399 0.0178104 0.0253833 0.034238 0.043798 0.053102 0.0610418 0.0667608 0.0699185 0.0706534 0.0693628 0.0665068 0.0625166 0.0577648 0.0525491 0.0470814 0.041494 0.0358609 0.0302335 0.0246829 0.0193367 0.014387 0.010058 0.00653867
