SBPRF35
12.7214
Curr Bio
858276
B35
894629
F35
0.168649
FOFL
0.154469
OFL
104543
Bzero
3.63469e+006
#pred survey bio
 3.44532e+006 3.34677e+006 3.25454e+006 3.10623e+006 2.914e+006 2.68498e+006 2.46649e+006 2.24277e+006 2.00843e+006 1.79877e+006 1.57666e+006 1.42652e+006 1.27687e+006 1.13848e+006 1.01103e+006 893371 805828 716122 669880 642522 614712 588032 573194 553549 544797 535652 537998 539857 540939 547725 547185 542992 550823 561925 569917 575735 596661 608750 623213 638302 665234 674590 675727 679730 683987 693613 694865 699125 702720 708639 707013 738688 773354 802501 829291 855749 885641 901672 908388 909719 926099 927534 944160 943361 940541 929198 899736 863947 2.89911e+007 1.70856e+007 1.71531e+007 1.79027e+007 1.91272e+007 2.05628e+007 2.20015e+007 2.33162e+007 2.44475e+007 2.53818e+007 2.61318e+007 2.6722e+007 2.718e+007 2.75324e+007 2.78019e+007 2.80076e+007 2.81645e+007 2.82842e+007 2.83759e+007 2.84464e+007 2.85007e+007 2.85427e+007 2.85755e+007 2.86011e+007 2.86212e+007 2.8637e+007 2.86496e+007 2.86595e+007 2.86674e+007 2.86737e+007 2.86788e+007 2.86829e+007 2.86862e+007 2.86889e+007 2.8691e+007 2.86928e+007 2.86942e+007 2.86953e+007 2.86963e+007 2.8697e+007 2.86977e+007 2.86982e+007 2.86986e+007 2.86989e+007 2.86992e+007 2.86994e+007 2.86996e+007 2.86998e+007 2.86999e+007 2.87e+007 2.87001e+007 2.87002e+007 2.87002e+007 2.87003e+007 2.87003e+007 2.87003e+007 2.87003e+007 2.87004e+007 2.87004e+007 2.87004e+007 2.87004e+007 2.87004e+007 2.87004e+007 2.87004e+007 2.87004e+007 2.87004e+007 2.87004e+007 2.87004e+007 2.87005e+007 2.87005e+007 2.87005e+007 2.87005e+007 2.87005e+007 2.87005e+007 2.87005e+007 2.87005e+007 2.87005e+007 2.87005e+007 2.87005e+007 2.87005e+007 2.87005e+007 2.87005e+007 2.87005e+007 2.87005e+007 2.87005e+007 2.87005e+007 2.87005e+007 2.87005e+007 2.87005e+007 2.87005e+007 2.87005e+007 2.87005e+007 2.87005e+007 2.87005e+007 2.87005e+007 2.87005e+007 2.87005e+007 2.87005e+007 2.87005e+007 2.87005e+007 0 0 0 0 0 0 0 0 0 0 0 0 0 0 0 0 0 0 0 0 0 0 0 0 0
#obs survey bio
 3.25548e+006 3.3958e+006 3.95582e+006 2.70461e+006 2.54958e+006 2.91653e+006 2.0938e+006 1.7923e+006 1.30958e+006 1.61791e+006 1.49362e+006 1.29491e+006 1.31467e+006 946584 829959 827062 620196 683209 673264 876814 531963 502519 321186 515440 555400 387165 466852 912636 659767 639129 439858 583323 442421 483394 362851 528460 739638 596316 687662 464471 610222 621141 569938 649021 846144 498075 645426 723305 732949 565691 788850 849012 773294 711000 565813 828191 798088 736792 642166 978648 675409 882113 889168 939728 1.08406e+006 1.25253e+006 1.13587e+006 840034
#pred catch bio
 91585.2 89866.5 148249 199188 246962 253604 275496 301686 293925 316086 259993 265646 258452 249033 238244 208482 204773 161657 141659 138465 134211 122331 125063 114334 113439 103162 103249 102814 97076 102528 104546 94079.5 92176.9 95714.8 97982.7 86171.4 94907.4 93842.3 94733.3 86836.8 103485 110673 108214 108222 104447 112458 110148 110672 108698 115204 87935.9 87562.9 93842.9 97503.8 99802.5 98853.1 112000 120426 125200 112664 125649 112135 126288 126016 130645 142272 142346 135370 104543 111243 110455 113826 120937 129723 138572 146575 153342 158802 163062 166302 168719 170494 171784 172711 173373 173843 174175 174409 174572 174687 174767 174823 174862 174888 174907 174920 174929 174935 174939 174942 174944 174946 174947 174947 174948 174948 174949 174949 174949 174949 174949 174949 174949 174949 174949 174949 174949 174949 174949 174949 174949 174949 174949 174949 174949 174949 174949 174949 174949 174949 174949 174949 174949 174949 174949 174949 174949 174949 174949 174949 174949 174949 174949 174949 174949 174949 174949 174949 174949 174949 174949 174949 174949 174949 174949 174949 174949 174949 174949 174949 174949 174949 174949 174949 174949 174949 174949 174949 0 0 0 0 0 0 0 0 0 0 0 0 0 0 0 0 0 0 0 0 0 0 0 0 0
#obs catch bio
 0 89481.3 148422 199476 247736 254362 276649 304736 297580 322630 263063 269897 262132 252373 242811 211842 209318 163836 143218 139204 134836 123088 127402 115821 115000 104556 104987 103603 97501.4 102749 105402 94590.7 92664.5 96365 99104.2 86543.7 95690.9 94157.9 95183.3 87143.3 104018 111030 108790 108634 104476 113404 110832 111213 108771 115776 87997.8 87776.3 94125.2 97931.2 100440 99289.3 112582 121069 126249 112999 126778 112584 126886 126570 131011 142066 141751 135373
#pred cpue bio
 3.39478e+006 3.29788e+006 3.20692e+006 3.059e+006 2.86703e+006 2.6385e+006 2.42034e+006 2.19704e+006 1.96349e+006 1.75469e+006 1.53432e+006 1.38511e+006 1.23678e+006 1.09992e+006 974112 858326 772441 685075 640344 614156 587449 561524 546854 527631 519221 510509 512853 514900 516366 523295 522944 518933 526584 537394 545184 550925 571406 583322 597423 612043 638214 647381 648515 652425 656601 665889 666987 671179 674877 680751 679113 710059 744290 773062 799171 824836 854064 869889 876443 877647 893704 895322 911871 911467 909077 898447 870138 835753 2.80708e+007 1.65589e+007 1.64957e+007 1.70667e+007 1.82153e+007 1.96289e+007 2.10623e+007 2.23758e+007 2.35068e+007 2.44412e+007 2.51912e+007 2.57813e+007 2.62393e+007 2.65917e+007 2.68612e+007 2.70669e+007 2.72238e+007 2.73436e+007 2.74352e+007 2.75057e+007 2.756e+007 2.76021e+007 2.76348e+007 2.76604e+007 2.76805e+007 2.76964e+007 2.77089e+007 2.77188e+007 2.77267e+007 2.77331e+007 2.77381e+007 2.77422e+007 2.77455e+007 2.77482e+007 2.77503e+007 2.77521e+007 2.77535e+007 2.77547e+007 2.77556e+007 2.77564e+007 2.7757e+007 2.77575e+007 2.77579e+007 2.77583e+007 2.77585e+007 2.77588e+007 2.77589e+007 2.77591e+007 2.77592e+007 2.77593e+007 2.77594e+007 2.77595e+007 2.77595e+007 2.77596e+007 2.77596e+007 2.77596e+007 2.77597e+007 2.77597e+007 2.77597e+007 2.77597e+007 2.77597e+007 2.77597e+007 2.77597e+007 2.77598e+007 2.77598e+007 2.77598e+007 2.77598e+007 2.77598e+007 2.77598e+007 2.77598e+007 2.77598e+007 2.77598e+007 2.77598e+007 2.77598e+007 2.77598e+007 2.77598e+007 2.77598e+007 2.77598e+007 2.77598e+007 2.77598e+007 2.77598e+007 2.77598e+007 2.77598e+007 2.77598e+007 2.77598e+007 2.77598e+007 2.77598e+007 2.77598e+007 2.77598e+007 2.77598e+007 2.77598e+007 2.77598e+007 2.77598e+007 2.77598e+007 2.77598e+007 2.77598e+007 2.77598e+007 2.77598e+007 2.77598e+007 2.77598e+007 0 0 0 0 0 0 0 0 0 0 0 0 0 0 0 0 0 0 0 0 0 0 0 0 0
#obs cpue bio
 3.08308e+006 4.10691e+006 2.38172e+006 2.56902e+006 2.89868e+006 1.86783e+006 2.6048e+006 1.64874e+006 1.91034e+006 1.26858e+006 1.72092e+006 1.19189e+006 1.14894e+006 1.19743e+006 748934 758213 690852 675878 566871 588610 662473 490203 436800 544987 430635 491137 395765 485162 429239 540277 418080 451260 600679 530781 573419 683626 382863 749665 483844 645947 771143 784916 561921 747461 621864 506917 712821 688482 820798 742826 539125 559771 729776 696107 872823 828172 991345 983619 925755 922602 894437 930946 1.16822e+006 790501 886675 1.08469e+006 892725 619178
#pred surv len freq
 0.00437412 0.0071895 0.0109847 0.0157946 0.0215314 0.0278921 0.0343386 0.0402405 0.0451132 0.0487718 0.0513027 0.0529266 0.0538778 0.0543495 0.0544848 0.0543867 0.054135 0.0537868 0.0533286 0.0525784 0.051104 0.0482812 0.0435644 0.0368683 0.0287945
 0.00454746 0.00739268 0.0111491 0.0158186 0.02132 0.0274138 0.0336623 0.0395207 0.0445248 0.048432 0.0512299 0.0530567 0.0541201 0.0546424 0.0548213 0.0548008 0.0546614 0.0544155 0.0539805 0.0531183 0.0513921 0.0482381 0.0432126 0.0363224 0.0282064
 0.00472848 0.00769525 0.0116132 0.0164689 0.0221406 0.0283208 0.0344993 0.0400989 0.0447026 0.0481893 0.0506821 0.0523938 0.0535135 0.0541835 0.0545227 0.0546383 0.0546109 0.0544559 0.0540709 0.0531806 0.0513261 0.0479672 0.0427298 0.0357012 0.0275661
 0.00491808 0.00800498 0.0120831 0.0171395 0.0230459 0.0294739 0.0358694 0.0415895 0.0461473 0.0493792 0.0514261 0.0525894 0.053188 0.0534768 0.0536205 0.0537003 0.053732 0.0536669 0.0533547 0.052489 0.0505976 0.0471563 0.041838 0.0347879 0.0267255
 0.00513435 0.00835601 0.0126107 0.0178832 0.0240368 0.0307247 0.0373623 0.0432683 0.0479159 0.051105 0.0529462 0.0537278 0.053792 0.0534664 0.0530222 0.0526399 0.0523849 0.0521949 0.0518638 0.0510218 0.0491563 0.0457386 0.0404687 0.0335277 0.0256515
 0.00540085 0.00878453 0.0132471 0.0187674 0.0251968 0.032166 0.0390564 0.0451483 0.0498834 0.0530446 0.0547355 0.0552391 0.0548923 0.0540287 0.0529547 0.0519205 0.0510796 0.0504425 0.0498324 0.0488639 0.0469884 0.0436501 0.038542 0.0318468 0.0242882
 0.00567379 0.00922391 0.0139004 0.0196763 0.0263903 0.033649 0.0407981 0.0470776 0.0518987 0.0550318 0.0565839 0.0568463 0.0561602 0.0548578 0.0532466 0.0515952 0.0501033 0.048852 0.0477395 0.0464347 0.0444113 0.0411092 0.0362016 0.0298396 0.0226988
 0.00593958 0.0096591 0.014561 0.0206161 0.02765 0.0352399 0.042685 0.0491741 0.0540809 0.0571633 0.0585393 0.0585217 0.0574719 0.0557344 0.05362 0.0513984 0.0492814 0.0473859 0.0456731 0.04389 0.041581 0.0382281 0.0335056 0.0275226 0.0208779
 0.00620463 0.0100946 0.0152253 0.0215673 0.0289353 0.0368786 0.0446502 0.051384 0.0564081 0.0594579 0.0606528 0.0603251 0.0588646 0.0566439 0.053995 0.0511979 0.0484697 0.0459413 0.0436119 0.041296 0.0386226 0.0351469 0.0305733 0.0249788 0.0188742
 0.00640035 0.0104231 0.0157393 0.0223239 0.0299867 0.0382556 0.0463443 0.0533392 0.0585265 0.0616153 0.0627161 0.0621648 0.0603644 0.0577077 0.0545495 0.0511905 0.0478637 0.0447166 0.0417778 0.038917 0.0358421 0.032189 0.0277089 0.0224619 0.0168758
 0.00674012 0.0109563 0.016507 0.0233535 0.0312905 0.0398275 0.048153 0.0553226 0.0605938 0.0636574 0.0646184 0.0638184 0.0616725 0.05859 0.054943 0.0510484 0.0471531 0.0434204 0.0399058 0.036527 0.0330637 0.0292312 0.0248333 0.0199224 0.0148505
 0.00694633 0.0112959 0.0170253 0.0240939 0.0322838 0.041077 0.0496225 0.056937 0.0622571 0.0652777 0.066123 0.0651521 0.0627858 0.0594277 0.055442 0.0511423 0.0467812 0.0425377 0.0384975 0.0346277 0.0307776 0.0267381 0.022366 0.017714 0.0130709
 0.00717057 0.0116618 0.0175787 0.0248783 0.033332 0.0423977 0.0511847 0.0586638 0.0640345 0.0669766 0.0676254 0.0663701 0.0636689 0.0599569 0.0556134 0.0509501 0.0462075 0.0415571 0.0370936 0.0328195 0.0286446 0.0244307 0.0200875 0.0156731 0.0114229
 0.00741697 0.0120578 0.0181661 0.0256931 0.0343977 0.0437151 0.0527204 0.0603452 0.0657575 0.0686224 0.0690789 0.067534 0.0644736 0.0603655 0.0556205 0.0505709 0.0454633 0.0404634 0.0356629 0.0310789 0.0266606 0.0223255 0.0180292 0.0138376 0.00994285
 0.0076123 0.0123865 0.018681 0.0264484 0.0354361 0.0450468 0.0543052 0.0620885 0.0675278 0.0702809 0.0705046 0.0686365 0.0651945 0.0606755 0.0555163 0.0500704 0.0445987 0.0392729 0.0341867 0.0293652 0.0247807 0.0203863 0.0161691 0.0121985 0.00863034
 0.00778913 0.0126787 0.01913 0.027097 0.0363215 0.0461882 0.0556881 0.0636558 0.0691814 0.0718953 0.0719467 0.0697872 0.0659656 0.0610195 0.055425 0.0495671 0.0437259 0.0380834 0.0327383 0.0277231 0.023025 0.0186183 0.0145067 0.0107557 0.00748732
 0.00778311 0.0126935 0.0191984 0.0272668 0.0366461 0.046711 0.0564279 0.0645991 0.0702851 0.0730934 0.0731568 0.0709157 0.0669158 0.0617034 0.0557772 0.0495539 0.0433477 0.0373693 0.0317392 0.026507 0.021676 0.0172355 0.013197 0.00961645 0.00658467
 0.00791351 0.0128916 0.0194719 0.0276174 0.0370739 0.0472205 0.0570284 0.0652984 0.0710783 0.0739534 0.0740329 0.0717401 0.0676158 0.0622125 0.056042 0.0495385 0.0430371 0.0367723 0.0308893 0.0254613 0.0205119 0.0160455 0.0120773 0.0086505 0.00582569
 0.00794078 0.012924 0.0194987 0.0276219 0.0370394 0.0471394 0.0569119 0.065181 0.0710142 0.0740051 0.0742524 0.0721497 0.0681941 0.0628942 0.0567315 0.0501322 0.0434454 0.0369355 0.0307862 0.0251103 0.0199672 0.0153866 0.0113946 0.00802626 0.0053171
 0.00799107 0.0129874 0.0195598 0.0276542 0.0370111 0.0470245 0.0567007 0.0648867 0.0706742 0.0736772 0.0740069 0.0720556 0.0683008 0.0632135 0.0572278 0.0507269 0.0440349 0.0374173 0.0310832 0.0251873 0.0198354 0.0150966 0.01102 0.00764297 0.0049839
 0.00817392 0.0132591 0.01992 0.0280825 0.0374686 0.0474588 0.0570524 0.0650986 0.0707044 0.0735144 0.0736796 0.0716298 0.0678645 0.0628533 0.0570055 0.0506618 0.0440992 0.0375461 0.0311971 0.0252195 0.019752 0.0149043 0.0107576 0.00736321 0.00473371
 0.00838146 0.0135846 0.0203861 0.0286977 0.0382207 0.048307 0.0579223 0.0658872 0.0713004 0.0738278 0.0736674 0.071306 0.0672947 0.0621378 0.0562555 0.0499746 0.0435364 0.0371229 0.030887 0.0249727 0.0195206 0.0146614 0.010504 0.00711938 0.00452432
 0.0083671 0.013586 0.0204339 0.0288351 0.038492 0.0487384 0.0585051 0.0665714 0.0720036 0.0744532 0.074125 0.0715308 0.0672605 0.0618629 0.0557989 0.0494206 0.0429725 0.0366165 0.0304713 0.0246457 0.0192584 0.0144371 0.0103019 0.0069388 0.00437326
 0.00835038 0.0135655 0.0204169 0.0288366 0.0385356 0.0488556 0.0587294 0.0669276 0.0724928 0.0750405 0.0747378 0.0720736 0.0676406 0.0620171 0.0557101 0.0491205 0.0425285 0.0361108 0.0299767 0.0242097 0.0188987 0.0141499 0.0100749 0.00676124 0.00423892
 0.00835398 0.0135557 0.0203742 0.0287358 0.0383563 0.0485965 0.0584208 0.0666311 0.0722869 0.0749957 0.074892 0.0724165 0.0681134 0.0625277 0.056161 0.0494368 0.0426784 0.0361071 0.0298638 0.0240414 0.0187196 0.0139868 0.00993851 0.00665298 0.00415696
 0.00842097 0.013655 0.0205046 0.0288868 0.038507 0.0487173 0.0584776 0.0665962 0.0721527 0.0747868 0.0746643 0.0722403 0.0680454 0.062587 0.0563207 0.0496369 0.0428511 0.0362034 0.0298675 0.0239674 0.0186 0.0138547 0.0098174 0.00655468 0.00408419
 0.00826422 0.0134313 0.0202253 0.0285819 0.0382157 0.0484731 0.0582969 0.0664751 0.0720742 0.0747322 0.0746253 0.0722264 0.0680818 0.0627039 0.0565352 0.049939 0.0432018 0.0365477 0.0301553 0.0241705 0.0187168 0.0139028 0.00982223 0.00653869 0.00406265
 0.0081433 0.0132328 0.0199254 0.028163 0.0376775 0.0478452 0.0576453 0.0658919 0.0716495 0.0745211 0.0746309 0.072408 0.0683819 0.0630744 0.0569491 0.0503842 0.0436667 0.0370101 0.0305826 0.0245304 0.0189892 0.0140863 0.00993096 0.00659427 0.00408604
 0.0081448 0.0132168 0.0198669 0.0280267 0.037426 0.0474534 0.0571155 0.0652627 0.070993 0.0739294 0.0741932 0.072186 0.0683937 0.0632936 0.0573212 0.0508486 0.0441722 0.0375176 0.031061 0.0249523 0.0193337 0.0143436 0.010105 0.00669999 0.00414331
 0.00813755 0.0132002 0.0198319 0.0279593 0.0373068 0.0472599 0.0568262 0.0648656 0.0704955 0.0733667 0.0736297 0.0717044 0.0680739 0.0631886 0.0574422 0.0511648 0.0446248 0.0380393 0.0315904 0.0254417 0.0197505 0.0146707 0.0103404 0.00685424 0.00423478
 0.00814411 0.0132164 0.0198659 0.0280201 0.0373994 0.0473784 0.0569487 0.0649542 0.0705053 0.0732598 0.0733904 0.0713501 0.0676552 0.0627793 0.0571184 0.0509822 0.0446034 0.0381617 0.0318133 0.025712 0.0200202 0.0149054 0.0105222 0.00698047 0.00431334
 0.00818987 0.0132841 0.0199557 0.0281287 0.0375224 0.0475124 0.0570916 0.0651014 0.0706439 0.0733649 0.0734278 0.0712871 0.0674759 0.0624968 0.0567763 0.0506436 0.0443305 0.0379959 0.0317642 0.0257597 0.0201276 0.015033 0.0106398 0.00707188 0.00437499
 0.00819803 0.0132869 0.0199407 0.0280787 0.0374207 0.0473512 0.0568795 0.0648651 0.0704218 0.0731952 0.0733358 0.0712758 0.0675256 0.0625739 0.0568493 0.0506982 0.0443744 0.0380516 0.0318534 0.02589 0.0202883 0.0152016 0.0107924 0.0071926 0.00445909
 0.008141 0.0132045 0.0198353 0.0279574 0.0372908 0.0472153 0.0567328 0.0646997 0.0702354 0.0729998 0.0731583 0.0711501 0.0674784 0.0626126 0.0569598 0.0508527 0.0445455 0.0382232 0.0320227 0.0260605 0.0204602 0.0153677 0.0109404 0.00731153 0.00454441
 0.00807309 0.0131018 0.0196954 0.0277844 0.0370956 0.0470142 0.0565452 0.0645437 0.0701219 0.0729283 0.0731194 0.0711333 0.0674808 0.0626412 0.0570249 0.0509587 0.0446867 0.0383864 0.0321938 0.0262297 0.0206215 0.0155158 0.0110692 0.00741505 0.00461995
 0.00806153 0.0130758 0.0196436 0.0276929 0.0369528 0.0468183 0.0563093 0.064296 0.0698975 0.0727581 0.0730201 0.0711047 0.06751 0.062711 0.0571221 0.0510772 0.0448244 0.0385406 0.0323586 0.0263961 0.0207803 0.0156589 0.0111904 0.00751067 0.00468922
 0.00796397 0.0129186 0.0194097 0.027368 0.0365291 0.0462999 0.0557188 0.063677 0.069311 0.0722715 0.0726932 0.0709763 0.0675891 0.0629763 0.0575292 0.0515722 0.0453567 0.0390701 0.0328568 0.0268439 0.0211651 0.0159738 0.0114341 0.00768742 0.00480823
 0.00798825 0.0129468 0.0194309 0.0273638 0.0364772 0.0461798 0.0555182 0.0633955 0.0689619 0.0718814 0.072301 0.0706288 0.0673332 0.062848 0.0575441 0.0517216 0.0456116 0.0393908 0.0332032 0.0271825 0.0214715 0.0162329 0.0116388 0.00783795 0.00491052
 0.0079892 0.0129493 0.0194359 0.0273709 0.0364825 0.0461734 0.0554835 0.0633124 0.0688137 0.0716631 0.0720242 0.0703221 0.0670369 0.0626059 0.0573941 0.0516867 0.0456949 0.0395747 0.0334555 0.0274649 0.021749 0.0164792 0.0118388 0.00798695 0.0050123
 0.00797236 0.0129237 0.0194006 0.0273267 0.0364317 0.0461193 0.0554295 0.0632597 0.0687587 0.0715969 0.071935 0.0702015 0.0668872 0.0624436 0.0572476 0.0515887 0.0456713 0.0396368 0.0335957 0.0276598 0.0219672 0.0166901 0.0120198 0.00812669 0.00510978
 0.00783062 0.0127078 0.0191034 0.0269522 0.0359953 0.0456469 0.054956 0.0628273 0.0684103 0.0713663 0.0718382 0.070233 0.0670237 0.0626539 0.0575037 0.051873 0.0459781 0.0399663 0.0339455 0.0280188 0.0223155 0.0170041 0.0122803 0.00832407 0.00524579
 0.0078061 0.0126672 0.019041 0.026863 0.0358763 0.0454993 0.0547875 0.0626511 0.0682425 0.0712218 0.0717273 0.0701612 0.0669919 0.062659 0.0575402 0.0519356 0.0460643 0.0400771 0.034083 0.0281816 0.0224947 0.0171843 0.0124437 0.00845726 0.00534296
 0.00780239 0.0126661 0.0190481 0.0268853 0.0359192 0.0455621 0.0548605 0.062717 0.0682821 0.0712212 0.0716828 0.0700789 0.0668847 0.0625419 0.0574271 0.0518376 0.0459899 0.0400325 0.0340725 0.0282065 0.0225508 0.0172616 0.0125284 0.0085355 0.00540552
 0.00779372 0.0126489 0.0190171 0.026835 0.035847 0.0454721 0.054765 0.0626337 0.0682269 0.0712004 0.0716907 0.0701013 0.0669071 0.0625557 0.0574316 0.0518381 0.0459938 0.0400472 0.0341035 0.0282561 0.0226174 0.0173393 0.012608 0.00860751 0.00546302
 0.00786532 0.0127481 0.0191341 0.0269498 0.0359338 0.0455084 0.0547393 0.0625494 0.0681006 0.0710568 0.071555 0.0699924 0.0668323 0.0625114 0.0574078 0.0518251 0.0459868 0.0400466 0.0341128 0.0282786 0.0226541 0.0173872 0.0126609 0.00865812 0.00550527
 0.00782947 0.0127056 0.0190984 0.0269403 0.0359674 0.0455877 0.0548451 0.0626448 0.0681467 0.0710311 0.0714616 0.0698587 0.0666948 0.0624006 0.0573391 0.0517985 0.0459925 0.040073 0.0341512 0.0283245 0.0227051 0.017441 0.0127138 0.00870563 0.00554372
 0.00775838 0.0126058 0.0189782 0.0268195 0.0358742 0.0455518 0.0548892 0.062776 0.0683499 0.0712686 0.071682 0.0700138 0.0667582 0.0623756 0.0572526 0.0516857 0.0458829 0.0399834 0.0340868 0.0282842 0.0226854 0.0174374 0.0127217 0.0087197 0.00555912
 0.00769127 0.0124949 0.0188093 0.0265817 0.0355665 0.0451914 0.0545171 0.0624522 0.0681377 0.0712118 0.0717881 0.0702511 0.0670683 0.0626948 0.057533 0.0519057 0.0460451 0.0401038 0.0341829 0.0283675 0.0227607 0.017505 0.0127797 0.0087665 0.0055941
 0.00772216 0.0125287 0.0188295 0.0265621 0.0354775 0.0450108 0.0542407 0.0621007 0.0677552 0.0708583 0.0715253 0.0701257 0.0670969 0.0628588 0.0577859 0.0521916 0.0463176 0.0403369 0.0343707 0.0285159 0.0228787 0.0175993 0.0128541 0.00882283 0.00563413
 0.00774375 0.0125635 0.0188802 0.026628 0.0355509 0.0450734 0.0542636 0.0620505 0.0676076 0.0706124 0.0712116 0.0698006 0.0668256 0.0626935 0.0577492 0.0522722 0.0464788 0.0405335 0.034565 0.0286857 0.0230163 0.0177059 0.012934 0.00888058 0.00567372
 0.00772076 0.0125413 0.0188747 0.0266625 0.0356491 0.0452476 0.0545044 0.0623237 0.0678604 0.0707876 0.0712646 0.0697141 0.0666174 0.0624119 0.0574576 0.0520268 0.0463122 0.0404488 0.0345435 0.0287011 0.023046 0.0177364 0.0129596 0.00890016 0.00568788
 0.00752047 0.0122205 0.0184033 0.0260221 0.0348446 0.0443204 0.0535403 0.0614433 0.0671883 0.0704125 0.0712118 0.0699454 0.0670547 0.06297 0.0580694 0.0526533 0.046936 0.0410605 0.0351295 0.0292405 0.0235159 0.0181198 0.0132509 0.00910535 0.00582138
 0.00747745 0.012125 0.0182122 0.0256803 0.0342989 0.0435434 0.0525528 0.0603241 0.0660637 0.0694293 0.0705036 0.0696012 0.067099 0.0633619 0.0587216 0.0534624 0.0478098 0.0419314 0.0359528 0.0299857 0.02416 0.0186467 0.0136547 0.0093926 0.00600962
 0.00752794 0.0121966 0.0182986 0.0257629 0.0343445 0.0435041 0.052372 0.0599507 0.0654752 0.0686541 0.0696289 0.0687577 0.0664254 0.0629646 0.0586462 0.0536885 0.0482679 0.0425309 0.0366072 0.0306262 0.0247385 0.0191335 0.0140358 0.00966868 0.00619336
 0.00750436 0.0121728 0.018289 0.0257877 0.0344216 0.043636 0.052535 0.0600929 0.065527 0.0685487 0.0693271 0.0682686 0.0658139 0.0623389 0.058127 0.0533718 0.0481969 0.0426901 0.0369371 0.0310486 0.0251795 0.019537 0.0143682 0.00991751 0.00636283
 0.00739377 0.0120101 0.0180768 0.0255422 0.034171 0.043416 0.0523819 0.0600338 0.0655677 0.0686642 0.069462 0.0683532 0.0657921 0.0621952 0.0578979 0.0531341 0.0480379 0.0426727 0.0370787 0.0313206 0.0255242 0.0198913 0.0146825 0.0101642 0.0065361
 0.00729828 0.0118523 0.0178356 0.0252003 0.0337223 0.042877 0.0517994 0.059482 0.0651304 0.0684082 0.0694144 0.0684922 0.0660553 0.0625029 0.0581831 0.0533665 0.0482308 0.0428684 0.0373206 0.0316277 0.025882 0.0202609 0.0150196 0.010437 0.00673261
 0.00731821 0.0118755 0.0178531 0.0251957 0.0336744 0.0427639 0.0516057 0.0592063 0.0647918 0.068048 0.0690893 0.0682577 0.0659458 0.062518 0.0582899 0.0535172 0.0483867 0.0430167 0.037473 0.0318045 0.0260929 0.0204955 0.0152521 0.0106397 0.00688805
 0.00730869 0.0118728 0.0178714 0.0252538 0.0337871 0.0429307 0.0518022 0.0593864 0.0649014 0.0680457 0.0689627 0.0680296 0.0656658 0.0622443 0.0580683 0.053368 0.0483052 0.0429859 0.0374792 0.0318437 0.0261661 0.0205992 0.0153733 0.0107593 0.00698896
 0.00727697 0.0118279 0.017817 0.0251999 0.0337497 0.0429299 0.0518574 0.0595082 0.0650826 0.0682555 0.0691518 0.0681464 0.0656772 0.06215 0.0578994 0.0531715 0.0481244 0.0428474 0.0373918 0.0318054 0.0261708 0.0206385 0.0154356 0.0108302 0.0070547
 0.00717632 0.0116686 0.0175863 0.0248909 0.033366 0.0424905 0.0514008 0.0590905 0.0647665 0.0680918 0.0691626 0.0683161 0.0659582 0.0624794 0.0582214 0.0534539 0.0483621 0.0430534 0.037583 0.0319926 0.0263554 0.020815 0.0155954 0.0109648 0.00715864
 0.00713221 0.0116003 0.0174896 0.0247636 0.033207 0.0423 0.0511817 0.0588513 0.0645245 0.0678744 0.0690028 0.0682442 0.0659896 0.0626072 0.0584168 0.0536773 0.0485786 0.0432438 0.0377455 0.0321353 0.026487 0.020939 0.0157093 0.0110629 0.00723614
 0.00702534 0.0114303 0.0172414 0.024427 0.0327808 0.0417964 0.0506298 0.058296 0.0640181 0.0674653 0.0687274 0.0681242 0.066034 0.0628116 0.0587613 0.054126 0.0490841 0.0437577 0.0382294 0.0325661 0.0268556 0.0212441 0.0159526 0.0112477 0.00736757
 0.0069726 0.0113496 0.0171289 0.0242815 0.0326025 0.0415853 0.0503863 0.058023 0.0637245 0.0671681 0.0684511 0.0678974 0.0658843 0.0627609 0.0588219 0.0542965 0.049348 0.0440854 0.0385842 0.0329135 0.0271698 0.0215104 0.0161656 0.0114082 0.00748068
 0.00686914 0.0111947 0.0169207 0.0240273 0.0323169 0.0412865 0.0500927 0.0577508 0.0634855 0.0669684 0.0682922 0.0677803 0.0658141 0.0627485 0.0588812 0.0544389 0.0495753 0.0443862 0.0389339 0.0332795 0.0275192 0.0218172 0.0164147 0.0115954 0.00761077
 0.00678474 0.0110617 0.0167288 0.0237718 0.0320011 0.0409251 0.0497134 0.0573914 0.0631842 0.0667522 0.0681694 0.0677415 0.0658412 0.062825 0.0589997 0.0546014 0.0497884 0.0446526 0.0392462 0.0336185 0.0278575 0.0221266 0.0166737 0.0117939 0.00774977
 0.00666416 0.0108898 0.0165144 0.0235374 0.0317753 0.040731 0.0495606 0.0572762 0.0630974 0.066687 0.068125 0.0677211 0.0658464 0.0628542 0.0590496 0.0546714 0.0498832 0.04478 0.0394113 0.0338178 0.0280768 0.0223447 0.0168691 0.0119516 0.00786428
 0.00636465 0.0104484 0.015936 0.0228591 0.0310598 0.0400529 0.0489921 0.0568753 0.0628978 0.0666897 0.0682989 0.0680146 0.0662059 0.0632378 0.0594323 0.0550423 0.0502404 0.0451266 0.0397513 0.0341514 0.0283978 0.0226399 0.0171231 0.0121527 0.00800925
#obs surv len freq
 nan nan nan nan nan nan nan nan nan nan nan nan nan nan nan nan nan nan nan nan nan nan nan nan nan
 0.0044849 0.00734637 0.0111765 0.015993 0.0216937 0.0279693 0.0342833 0.0400144 0.0446937 0.0481572 0.0505148 0.0520104 0.0529024 0.0534146 0.0537286 0.0539834 0.0542619 0.0545546 0.0546933 0.0542851 0.0527232 0.0493554 0.0438053 0.0362855 0.0276693
 0.00461439 0.00755956 0.0115019 0.0164577 0.0223169 0.0287511 0.0351956 0.0409977 0.0456656 0.0490293 0.0512093 0.0524717 0.0531027 0.0533533 0.0534282 0.0534814 0.0536021 0.0537799 0.053843 0.0533964 0.051835 0.0485111 0.0430499 0.0356571 0.027189
 0.00478036 0.00782913 0.0119073 0.0170293 0.0230775 0.0297078 0.0363288 0.0422559 0.0469692 0.0502812 0.0523094 0.0533292 0.0536471 0.0535424 0.0532522 0.0529612 0.0527823 0.0527197 0.0526086 0.052058 0.0504675 0.0471946 0.0418637 0.0346668 0.0264307
 0.00496843 0.00813805 0.0123781 0.0177016 0.0239822 0.0308536 0.0376906 0.0437702 0.0485437 0.0518116 0.0536937 0.0544753 0.0544746 0.0539867 0.0532698 0.0525366 0.0519317 0.0514905 0.0510751 0.0503169 0.0486338 0.045395 0.0402234 0.033288 0.025371
 0.00517821 0.008482 0.0129013 0.0184483 0.0249877 0.0321313 0.0392177 0.0454823 0.0503419 0.0535805 0.0553188 0.055854 0.0555205 0.0546295 0.0534559 0.0522303 0.0511217 0.050197 0.0493573 0.0482764 0.0464128 0.0431645 0.0381587 0.0315355 0.0240159
 0.00539513 0.00883862 0.0134455 0.0192277 0.0260407 0.0334734 0.0408268 0.0472928 0.0522536 0.0554768 0.0570837 0.0573823 0.0567213 0.0554269 0.0537881 0.0520503 0.0504003 0.0489313 0.0475839 0.0460854 0.0439536 0.0406358 0.0357771 0.029489 0.0224203
 0.00565354 0.00925758 0.0140741 0.0201113 0.0272129 0.0349437 0.0425663 0.0492293 0.0542803 0.0574716 0.058928 0.0589717 0.0579688 0.0562614 0.0541519 0.0518963 0.0496927 0.0476536 0.0457546 0.0437787 0.0413143 0.0378748 0.033139 0.0271963 0.0206173
 0.00588164 0.00963542 0.0146556 0.0209508 0.0283539 0.0364015 0.0443112 0.0511817 0.0563241 0.0594785 0.0607788 0.0605664 0.0592273 0.0571193 0.0545557 0.0518003 0.0490584 0.0464558 0.0439977 0.0415198 0.0386844 0.0350806 0.030433 0.024818 0.0187301
 0.00613821 0.0100535 0.0152869 0.0218446 0.0295487 0.0379104 0.0461064 0.0531875 0.0584252 0.0615401 0.062669 0.0621719 0.0604612 0.057921 0.0548853 0.051629 0.0483624 0.0452179 0.0422206 0.0392513 0.0360425 0.0322617 0.0276864 0.0223882 0.0167901
 0.00637085 0.0104371 0.0158742 0.0226879 0.0306891 0.0393617 0.0478386 0.0551217 0.0604463 0.0635193 0.0644843 0.0637192 0.0616569 0.0587022 0.0552075 0.0514633 0.0476898 0.0440286 0.0405221 0.0370889 0.0335235 0.0295664 0.0250489 0.0200432 0.0149083
 0.00659824 0.0108112 0.0164453 0.0235058 0.0317935 0.0407668 0.0495169 0.056998 0.062407 0.0654344 0.0662289 0.065188 0.0627695 0.0594031 0.0554618 0.0512502 0.0469979 0.0428547 0.0388792 0.0350227 0.0311342 0.0270196 0.0225591 0.0178276 0.0131266
 0.00684373 0.0112103 0.017046 0.0243524 0.0329181 0.0421756 0.0511762 0.0588289 0.0642963 0.0672557 0.0678627 0.0665351 0.0637558 0.0599798 0.0556021 0.0509437 0.0462446 0.0416623 0.0372681 0.0330411 0.0288763 0.0246356 0.0202421 0.015772 0.0114755
 0.00704771 0.0115481 0.0175657 0.0251019 0.0339348 0.0434698 0.0527157 0.0605346 0.0660553 0.0689437 0.0693667 0.0677639 0.0646436 0.060484 0.0556999 0.050628 0.0455193 0.0405403 0.0357754 0.0312274 0.0268298 0.0224911 0.0181687 0.0139387 0.0100058
 0.00725367 0.0118836 0.018072 0.0258178 0.0348894 0.0446708 0.0541363 0.0621078 0.0676812 0.070507 0.0707557 0.0688853 0.0654298 0.0608952 0.0557211 0.050262 0.0447801 0.0394498 0.0343658 0.0295501 0.0249677 0.020564 0.0163231 0.0123181 0.00871278
 0.00745868 0.0122179 0.0185763 0.0265298 0.0358346 0.0458501 0.0555133 0.0636064 0.0691973 0.07193 0.0719869 0.0698478 0.0660707 0.0611841 0.0556479 0.0498335 0.0440158 0.0383785 0.0330257 0.027995 0.0232755 0.0188405 0.0146931 0.0109005 0.00758995
 0.00753413 0.012352 0.0187998 0.0268792 0.0363457 0.0465457 0.0563915 0.0646348 0.0703166 0.0730641 0.073055 0.0707734 0.0667883 0.0616438 0.0558175 0.0496982 0.0435771 0.0376525 0.0320438 0.0268065 0.0219518 0.0174755 0.013394 0.00976751 0.00669151
 0.00758213 0.0124193 0.0188827 0.0269714 0.0364454 0.0466649 0.0565601 0.0648951 0.0707074 0.0736026 0.0737241 0.0715221 0.0675424 0.0623211 0.0563416 0.0500089 0.0436352 0.0374423 0.0315741 0.0261115 0.0210913 0.0165322 0.0124625 0.00893645 0.00602301
 0.00763096 0.0124933 0.0189835 0.0270955 0.0365838 0.0468041 0.0566857 0.064999 0.0707963 0.0737027 0.0738754 0.0717613 0.0678826 0.0627396 0.0567825 0.0503976 0.0438975 0.0375212 0.0314402 0.0257683 0.0205756 0.0159084 0.0118109 0.00833498 0.00552885
 0.00770931 0.0126082 0.019133 0.0272695 0.0367665 0.0469779 0.0568351 0.0651117 0.0708652 0.0737287 0.0738713 0.0717533 0.0679048 0.0628211 0.0569323 0.0505947 0.0440938 0.0376553 0.0314568 0.0256364 0.0202979 0.0155214 0.0113737 0.00791168 0.00517041
 0.00775862 0.0126918 0.0192643 0.0274606 0.0370222 0.0472887 0.0571723 0.0654307 0.0711181 0.0738805 0.0739109 0.0716949 0.0677813 0.0626744 0.0568012 0.0505041 0.0440451 0.0376252 0.0314061 0.0255261 0.0201071 0.0152566 0.0110667 0.00760636 0.00490614
 0.007812 0.0127704 0.0193679 0.0275851 0.0371627 0.047443 0.0573416 0.0656159 0.071313 0.0740674 0.0740625 0.0717843 0.0677937 0.0626141 0.0566905 0.0503737 0.0439215 0.0375193 0.0313101 0.0254194 0.0199692 0.01508 0.0108623 0.00739867 0.00472189
 0.00785168 0.0128339 0.0194611 0.0277114 0.0373211 0.0476256 0.0575335 0.0657978 0.0714679 0.074186 0.0741439 0.0718305 0.0678043 0.0625851 0.0566198 0.0502665 0.0437912 0.0373819 0.0311758 0.0252886 0.0198349 0.0149361 0.0107106 0.00725 0.00459087
 0.0078576 0.0128422 0.0194712 0.0277228 0.037334 0.0476423 0.0575578 0.0658346 0.0715196 0.074251 0.0742172 0.0719054 0.0678742 0.0626439 0.0566614 0.0502854 0.0437845 0.0373511 0.031126 0.0252246 0.0197594 0.0148505 0.0106181 0.00715757 0.00450765
 0.0078757 0.0128652 0.0194941 0.0277371 0.0373304 0.0476147 0.0575073 0.0657697 0.0714548 0.0742021 0.0741967 0.0719189 0.0679198 0.0627132 0.0567421 0.0503643 0.0438505 0.0373967 0.0311476 0.0252226 0.0197367 0.0148113 0.010568 0.00710344 0.00445674
 0.00789329 0.0128901 0.0195244 0.0277679 0.0373542 0.0476226 0.0574909 0.0657241 0.0713809 0.0741091 0.074101 0.0718404 0.0678751 0.0627107 0.0567794 0.0504307 0.0439304 0.0374745 0.0312114 0.0252653 0.0197563 0.01481 0.010551 0.00707749 0.00442871
 0.00792226 0.0129347 0.0195868 0.0278475 0.0374473 0.0477217 0.0575843 0.0657969 0.0714184 0.0741011 0.0740462 0.071748 0.0677626 0.0625994 0.0566879 0.0503697 0.043901 0.0374693 0.0312189 0.0252743 0.0197588 0.014803 0.0105354 0.00705695 0.0044076
 0.00790908 0.0129155 0.0195621 0.0278196 0.0374195 0.0476977 0.0575673 0.0657887 0.0714186 0.0741068 0.0740525 0.0717495 0.0677565 0.0625869 0.056675 0.0503647 0.0439102 0.0374944 0.0312557 0.0253148 0.0197946 0.0148283 0.0105484 0.00705967 0.00440388
 0.0078795 0.0128648 0.0194815 0.0277004 0.0372571 0.0474962 0.0573428 0.0655685 0.0712344 0.0739849 0.0740063 0.0717774 0.0678451 0.0627168 0.0568271 0.050524 0.0440678 0.0376454 0.0313966 0.0254412 0.0199017 0.0149119 0.0106076 0.00709689 0.00442413
 0.00785262 0.0128192 0.0194092 0.0275929 0.0371068 0.0472997 0.057105 0.0653046 0.0709695 0.0737505 0.0738337 0.0716909 0.0678549 0.0628172 0.056999 0.0507412 0.0443042 0.0378799 0.0316144 0.0256332 0.0200622 0.0150383 0.0107001 0.00715892 0.00446178
 0.00784693 0.0128044 0.0193767 0.0275311 0.037004 0.0471483 0.0569056 0.0650677 0.0707138 0.0734998 0.0736138 0.0715264 0.0677666 0.0628175 0.0570881 0.0509065 0.0445229 0.0381249 0.0318602 0.0258597 0.0202564 0.0151936 0.0108155 0.00723817 0.00451155
 0.00784296 0.0127987 0.019369 0.0275206 0.0369878 0.0471202 0.0568562 0.0649866 0.0705943 0.0733434 0.0734326 0.0713417 0.0676041 0.0627017 0.0570373 0.0509285 0.0446137 0.0382694 0.0320362 0.0260433 0.0204273 0.015338 0.0109271 0.007317 0.00456233
 0.00780706 0.0127413 0.0192848 0.0274062 0.0368431 0.0469507 0.0566735 0.0648066 0.0704328 0.073211 0.0733328 0.0712728 0.0675648 0.0626945 0.0570682 0.0510046 0.0447377 0.0384366 0.0322336 0.0262519 0.0206266 0.0155112 0.0110643 0.00741604 0.00462733
 0.00777341 0.0126858 0.0192 0.0272849 0.036681 0.0467489 0.0564414 0.064563 0.0702022 0.0730181 0.0731961 0.0712015 0.0675575 0.0627429 0.0571623 0.0511358 0.0449005 0.0386262 0.0324423 0.0264676 0.0208339 0.0156947 0.0112131 0.00752591 0.00470097
 0.00774013 0.0126286 0.0191081 0.0271471 0.0364881 0.0464989 0.0561439 0.0642398 0.0698845 0.0727393 0.0729857 0.0710795 0.0675323 0.062811 0.0573097 0.0513433 0.0451477 0.0388952 0.0327181 0.0267365 0.0210824 0.0159104 0.0113869 0.00765479 0.0047881
 0.00768121 0.0125346 0.01897 0.0269577 0.0362433 0.0462001 0.0558004 0.0638709 0.0695182 0.0724085 0.0727229 0.0709118 0.0674771 0.0628727 0.0574798 0.0516019 0.0454684 0.0392495 0.0330793 0.0270822 0.0213944 0.0161755 0.0115975 0.0078096 0.00489256
 0.00769057 0.0125417 0.0189659 0.0269285 0.0361742 0.0460798 0.0556261 0.0636495 0.0692642 0.0721412 0.0724636 0.070683 0.0673014 0.0627703 0.0574646 0.0516774 0.0456263 0.0394712 0.0333399 0.0273551 0.0216555 0.0164058 0.0117851 0.00795017 0.00498891
 0.00768066 0.0125338 0.0189683 0.0269522 0.0362268 0.0461586 0.0557135 0.0637158 0.0692779 0.0720813 0.072328 0.0704882 0.0670763 0.0625488 0.0572784 0.0515515 0.0455752 0.0394965 0.0334309 0.0274919 0.021814 0.0165629 0.0119231 0.00805909 0.00506636
 0.00763336 0.0124604 0.0188651 0.0268201 0.0360732 0.0459988 0.0555696 0.0636109 0.0692272 0.0720834 0.0723637 0.0705297 0.0671005 0.0625473 0.0572594 0.0515345 0.0455818 0.0395426 0.0335217 0.0276205 0.0219645 0.0167158 0.0120605 0.00816943 0.00514586
 0.00761535 0.0124269 0.018807 0.026727 0.0359368 0.0458182 0.0553557 0.0633877 0.0690266 0.0719364 0.0722903 0.0705324 0.0671641 0.0626456 0.057367 0.0516363 0.0456765 0.0396386 0.0336294 0.0277448 0.0221015 0.0168542 0.0121868 0.00827302 0.00522194
 0.00758781 0.0123854 0.0187503 0.026655 0.0358496 0.0457141 0.0552319 0.0632428 0.0688647 0.0717705 0.0721421 0.0704265 0.067119 0.0626667 0.0574448 0.0517514 0.0458085 0.0397742 0.0337637 0.0278781 0.0222334 0.0169808 0.0123006 0.00836667 0.00529162
 0.00758904 0.0123867 0.018751 0.0266541 0.0358461 0.045707 0.05522 0.0632236 0.0688338 0.0717224 0.072073 0.0703386 0.0670231 0.0625801 0.0573847 0.0517279 0.0458219 0.039817 0.033826 0.0279517 0.0223128 0.0170608 0.0123757 0.00843125 0.00534171
 0.00754514 0.0123197 0.0186584 0.0265369 0.0357086 0.0455569 0.0550679 0.0630825 0.0687171 0.0716401 0.0720293 0.0703308 0.0670443 0.0626231 0.0574456 0.0518065 0.0459194 0.0399319 0.0339532 0.0280832 0.02244 0.0171765 0.0124744 0.00850971 0.0053992
 0.00754915 0.0123214 0.0186524 0.0265155 0.0356643 0.0454861 0.0549737 0.0629745 0.0686087 0.0715443 0.0719551 0.0702823 0.0670215 0.0626229 0.0574642 0.051841 0.0459684 0.0399951 0.0340295 0.0281691 0.0225296 0.0172627 0.0125509 0.00857195 0.00544547
 0.00753608 0.0123032 0.0186303 0.0264916 0.0356401 0.0454601 0.0549409 0.0629284 0.0685451 0.0714651 0.0718696 0.0702039 0.0669627 0.0625914 0.0574615 0.0518641 0.0460123 0.0400549 0.0341009 0.028248 0.0226112 0.0173412 0.0126207 0.00862892 0.0054878
 0.00754029 0.0123098 0.0186399 0.0265049 0.0356576 0.0454825 0.0549679 0.0629574 0.0685703 0.0714781 0.0718616 0.0701701 0.0669055 0.0625204 0.0573898 0.0518039 0.0459713 0.0400359 0.0341028 0.0282673 0.0226429 0.0173797 0.0126601 0.00866412 0.00551573
 0.00752644 0.0122909 0.0186179 0.026484 0.0356429 0.045478 0.0549752 0.0629756 0.0685962 0.0715074 0.0718889 0.0701893 0.0669108 0.0625086 0.0573623 0.0517671 0.0459344 0.0400077 0.0340889 0.0282691 0.0226582 0.017404 0.0126879 0.00869061 0.00553757
 0.00750989 0.0122641 0.018578 0.0264293 0.0355741 0.0453996 0.0548963 0.0629085 0.068553 0.0714953 0.071908 0.0702329 0.0669678 0.0625676 0.0574141 0.0518067 0.045962 0.0400274 0.0341064 0.0282894 0.0226833 0.0174327 0.0127173 0.00871729 0.00555899
 0.00748487 0.012223 0.0185156 0.0263408 0.0354567 0.0452549 0.0547323 0.0627402 0.0684005 0.0713791 0.0718444 0.0702296 0.0670223 0.0626683 0.0575436 0.0519468 0.0460977 0.0401498 0.0342124 0.0283797 0.0227602 0.0174978 0.0127709 0.00875918 0.00558943
 0.00748997 0.0122274 0.0185148 0.0263281 0.0354243 0.0451963 0.0546453 0.0626278 0.0682714 0.0712465 0.0717242 0.0701381 0.0669729 0.0626674 0.0575895 0.0520297 0.0462029 0.0402622 0.03432 0.0284755 0.0228414 0.0175643 0.0128235 0.00879892 0.00561763
 0.00748997 0.0122274 0.0185148 0.0263281 0.0354243 0.0451963 0.0546453 0.0626278 0.0682714 0.0712465 0.0717242 0.0701381 0.0669729 0.0626674 0.0575895 0.0520297 0.0462029 0.0402622 0.03432 0.0284755 0.0228414 0.0175643 0.0128235 0.00879892 0.00561763
 0.00724575 0.0118444 0.0179661 0.0256011 0.0345274 0.044166 0.0535516 0.061572 0.0673682 0.0705982 0.071397 0.070152 0.0673046 0.063262 0.0583739 0.0529256 0.0471365 0.0411704 0.0351544 0.029203 0.0234444 0.0180385 0.0131757 0.00904439 0.00577686
 0.00718475 0.0117173 0.0177239 0.0251834 0.0338798 0.043267 0.0524359 0.0603344 0.0661443 0.0695309 0.0706065 0.0697165 0.067255 0.0635829 0.0590113 0.0537983 0.0481505 0.0422323 0.0361825 0.030134 0.0242366 0.0186722 0.0136509 0.00937671 0.00599223
 0.00717175 0.0116976 0.0176945 0.0251359 0.0337939 0.0431051 0.052146 0.0598656 0.0654738 0.068689 0.069683 0.0688427 0.0665662 0.063183 0.0589501 0.0540672 0.0486929 0.0429614 0.0370003 0.0309494 0.0249772 0.0192914 0.014129 0.00971741 0.00621548
 0.00717325 0.0117028 0.0177074 0.0251614 0.0338355 0.0431605 0.052201 0.0598899 0.0654212 0.0685075 0.0693346 0.0683277 0.0659381 0.0625424 0.0584169 0.0537429 0.0486307 0.0431555 0.0373954 0.0314616 0.0255189 0.0197905 0.01454 0.010023 0.00642146
 0.00711678 0.0116193 0.0175973 0.0250313 0.0336973 0.0430288 0.0520907 0.059812 0.0653779 0.0684859 0.0693052 0.0682504 0.0657795 0.0622963 0.0581176 0.0534612 0.0484495 0.0431378 0.0375603 0.0317795 0.0259259 0.020213 0.0149172 0.0103198 0.0066296
 0.00702739 0.0114774 0.0173908 0.0247535 0.0333503 0.0426284 0.0516694 0.0594163 0.065058 0.0682807 0.0692289 0.0682879 0.0658916 0.0624337 0.0582404 0.0535567 0.0485382 0.0432628 0.0377629 0.0320755 0.0262958 0.02061 0.0152881 0.0106244 0.00685096
 0.00702332 0.0114648 0.0173608 0.0246934 0.0332467 0.0424717 0.0514583 0.0591619 0.0647828 0.0680158 0.0690078 0.0681375 0.0658238 0.0624409 0.0582993 0.0536392 0.0486269 0.0433601 0.0378879 0.0322492 0.0265236 0.0208747 0.0155558 0.0108605 0.00703311
 0.00705136 0.011513 0.0174374 0.0248055 0.0333955 0.0426472 0.0516359 0.059305 0.0648538 0.06799 0.0688826 0.0679343 0.0655793 0.0621946 0.0580809 0.0534629 0.048494 0.0432677 0.0378376 0.0322478 0.0265763 0.0209759 0.0156868 0.0109953 0.00714931
 0.00702968 0.0114867 0.0174145 0.0247995 0.0334228 0.042721 0.0517605 0.0594718 0.06504 0.0681619 0.0690033 0.0679748 0.0655282 0.0620626 0.0578963 0.0532609 0.0483052 0.0431126 0.0377269 0.0321867 0.0265656 0.0210106 0.0157541 0.0110769 0.00722696
 0.00695943 0.0113718 0.0172413 0.0245582 0.0331128 0.0423588 0.0513839 0.0591356 0.0648016 0.0680609 0.0690478 0.0681392 0.0657648 0.0623192 0.058133 0.0534586 0.0484651 0.0432478 0.0378531 0.0323153 0.0267012 0.0211509 0.0158914 0.0112006 0.00732773
 0.00698944 0.0114158 0.0172981 0.024622 0.0331726 0.0423994 0.0513888 0.0590924 0.0647092 0.0679346 0.0689165 0.0680349 0.0657087 0.0623126 0.058159 0.0534927 0.0484881 0.0432534 0.0378476 0.0323115 0.0267106 0.0211786 0.0159348 0.0112516 0.00737696
 0.0069289 0.0113253 0.0171767 0.0244739 0.0330061 0.0422239 0.0512132 0.058924 0.0645538 0.067798 0.0688065 0.0679631 0.0656894 0.0623575 0.0582697 0.0536571 0.0486829 0.0434532 0.0380336 0.0324755 0.0268529 0.0213026 0.0160423 0.0113419 0.00744797
 0.00693553 0.0113313 0.0171771 0.0244617 0.0329749 0.0421716 0.0511439 0.0588467 0.0644784 0.0677296 0.0687445 0.0679038 0.0656321 0.0623082 0.0582403 0.053659 0.0487209 0.0435218 0.0381207 0.0325677 0.0269409 0.0213821 0.0161119 0.0114006 0.00749473
