SBPRF35
7.78865
Curr Bio
678871
B35
697472
F35
0.225489
FOFL
0.225489
OFL
123421
Bzero
2.22533e+06
#pred survey bio
 4.89732e+06 4.53733e+06 4.21879e+06 3.88221e+06 3.53577e+06 3.13947e+06 2.80683e+06 2.48186e+06 2.18415e+06 1.94408e+06 1.70373e+06 1.51606e+06 1.32451e+06 1.17219e+06 1.04691e+06 937840 872413 806470 739543 711941 694595 659490 642491 625291 616694 606643 594121 589805 582477 584765 583603 581143 572949 567588 555388 539873 534837 521583 518699 525054 531875 537267 538330 538906 542100 547922 553982 551844 555905 554022 556321 570169 592281 616133 624056 617925 605096 616679 626824 626587 648231 679934 1.67606e+07 1.56679e+07 1.5986e+07 1.62744e+07 1.65299e+07 1.67484e+07 1.693e+07 1.70778e+07 1.7196e+07 1.72897e+07 1.73633e+07 1.74208e+07 1.74656e+07 1.75004e+07 1.75274e+07 1.75484e+07 1.75647e+07 1.75773e+07 1.75871e+07 1.75946e+07 1.76005e+07 1.7605e+07 1.76086e+07 1.76113e+07 1.76134e+07 1.7615e+07 1.76163e+07 1.76172e+07 1.7618e+07 1.76186e+07 1.7619e+07 1.76194e+07 1.76197e+07 1.76199e+07 1.762e+07 1.76202e+07 1.76203e+07 1.76203e+07 1.76204e+07 1.76204e+07 1.76205e+07 1.76205e+07 1.76205e+07 1.76205e+07 1.76205e+07 1.76206e+07 1.76206e+07 1.76206e+07 1.76206e+07 1.76206e+07 1.76206e+07 1.76206e+07 1.76206e+07 1.76206e+07 1.76206e+07 1.76206e+07 1.76206e+07 1.76206e+07 1.76206e+07 1.76206e+07 1.76206e+07 1.76206e+07 1.76206e+07 1.76206e+07 1.76206e+07 1.76206e+07 1.76206e+07 1.76206e+07 1.76206e+07 1.76206e+07 1.76206e+07 1.76206e+07 1.76206e+07 1.76206e+07 1.76206e+07 1.76206e+07 1.76206e+07 1.76206e+07 1.76206e+07 1.76206e+07 1.76206e+07 1.76206e+07 1.76206e+07 1.76206e+07 1.76206e+07 1.76206e+07 1.76206e+07 1.76206e+07 1.76206e+07 1.76206e+07 1.76206e+07 1.76206e+07 1.76206e+07 1.76206e+07 1.76206e+07 1.76206e+07 1.76206e+07 1.76206e+07 1.76206e+07 1.76206e+07 0 0 0 0 0 0 0 0 0 0 0 0 0 0 0 0 0 0 0 0 0 0 0 0 0
#obs survey bio
 4.73133e+06 6.72898e+06 3.34416e+06 4.15869e+06 2.63285e+06 3.20356e+06 2.45415e+06 1.63355e+06 1.70419e+06 1.38983e+06 1.38061e+06 1.2514e+06 1.27279e+06 1.0466e+06 514258 900232 797585 567830 1.17266e+06 993783 819248 655589 478926 477861 724335 574249 533668 885949 612406 664726 637055 512954 537319 781693 509885 623234 549439 484315 472780 483696 574092 567914 529792 555040 575080 448652 765461 589327 595433 495929 582337 656217 570687 706487 631761 459556 491699 802686 587845 461106 636885 703918
#pred catch bio
 106902 99247.3 150543 196224 281639 263197 293313 303037 280750 304976 275725 290118 261219 240498 227689 190030 188526 184363 145379 132688 144136 126065 124435 115592 114979 114349 104354 104013 93996.4 95477.6 94625.1 97021.2 91762.3 94353.2 94047.6 84793.8 95206.1 90210.4 84346.3 84587.4 86137 90030.4 90346.4 87840.9 85275.7 84621.8 90970.2 86239.1 93177.4 92093.8 85045.1 80484.2 80671.9 94730.8 107018 114213 96701 101438 113308 100142 98950.5 90857.7 123421 125730 127414 128726 129788 130610 131217 131651 131952 132157 132294 132384 132443 132481 132505 132521 132530 132536 132540 132543 132544 132545 132546 132546 132546 132547 132547 132547 132547 132547 132547 132547 132547 132547 132547 132547 132547 132547 132547 132547 132547 132547 132547 132547 132547 132547 132547 132547 132547 132547 132547 132547 132547 132547 132547 132547 132547 132547 132547 132547 132547 132547 132547 132547 132547 132547 132547 132547 132547 132547 132547 132547 132547 132547 132547 132547 132547 132547 132547 132547 132547 132547 132547 132547 132547 132547 132547 132547 132547 132547 132547 132547 132547 132547 132547 132547 132547 132547 132547 132547 0 0 0 0 0 0 0 0 0 0 0 0 0 0 0 0 0 0 0 0 0 0 0 0 0
#obs catch bio
 0 98834.1 150848 196354 283791 264311 295836 307410 285005 313001 283019 299388 268113 245782 234194 193852 192182 189151 146972 133499 144683 127035 125807 116672 116117 115595 105357 104117 94138.6 95810.1 94840.5 97436.9 91880.5 94170.6 94047.3 84670.8 95273.2 90472.8 84053.5 84074.4 85329 89613 90037.7 87627.8 84853.6 84237.4 89923.9 85179.5 92415.9 92027 85111.4 80597.1 80676.9 94659.8 106520 114382 96556.4 101071 113567 100126 99308.1 90747.4
#pred cpue bio
 4.81843e+06 4.46222e+06 4.14602e+06 3.81067e+06 3.46621e+06 3.07228e+06 2.74114e+06 2.41764e+06 2.12122e+06 1.88209e+06 1.64356e+06 1.45776e+06 1.26924e+06 1.11974e+06 996739 889678 825736 762015 697912 672229 656246 622466 606009 589494 581393 572118 560615 557203 550714 553194 552399 550506 543114 538553 527397 512739 507139 492510 488666 495051 502085 507383 508343 508934 512203 518076 524221 522233 525750 523165 524657 537703 559184 582585 590423 584029 570547 580836 590225 589257 608730 638103 1.57589e+07 1.47579e+07 1.50739e+07 1.53557e+07 1.56085e+07 1.58265e+07 1.6008e+07 1.61557e+07 1.6274e+07 1.63676e+07 1.64412e+07 1.64987e+07 1.65435e+07 1.65783e+07 1.66053e+07 1.66263e+07 1.66426e+07 1.66552e+07 1.6665e+07 1.66725e+07 1.66784e+07 1.6683e+07 1.66865e+07 1.66892e+07 1.66913e+07 1.66929e+07 1.66942e+07 1.66952e+07 1.66959e+07 1.66965e+07 1.6697e+07 1.66973e+07 1.66976e+07 1.66978e+07 1.66979e+07 1.66981e+07 1.66982e+07 1.66982e+07 1.66983e+07 1.66984e+07 1.66984e+07 1.66984e+07 1.66984e+07 1.66985e+07 1.66985e+07 1.66985e+07 1.66985e+07 1.66985e+07 1.66985e+07 1.66985e+07 1.66985e+07 1.66985e+07 1.66985e+07 1.66985e+07 1.66985e+07 1.66985e+07 1.66985e+07 1.66985e+07 1.66985e+07 1.66985e+07 1.66985e+07 1.66985e+07 1.66985e+07 1.66985e+07 1.66985e+07 1.66985e+07 1.66985e+07 1.66985e+07 1.66985e+07 1.66985e+07 1.66985e+07 1.66985e+07 1.66985e+07 1.66985e+07 1.66985e+07 1.66985e+07 1.66985e+07 1.66985e+07 1.66985e+07 1.66985e+07 1.66985e+07 1.66985e+07 1.66985e+07 1.66985e+07 1.66985e+07 1.66985e+07 1.66985e+07 1.66985e+07 1.66985e+07 1.66985e+07 1.66985e+07 1.66985e+07 1.66985e+07 1.66985e+07 1.66985e+07 1.66985e+07 1.66985e+07 1.66985e+07 1.66985e+07 1.66985e+07 0 0 0 0 0 0 0 0 0 0 0 0 0 0 0 0 0 0 0 0 0 0 0 0 0
#obs cpue bio
 4.15542e+06 4.27918e+06 2.72671e+06 3.35466e+06 3.06907e+06 2.38259e+06 2.44841e+06 1.97138e+06 1.7469e+06 1.3176e+06 1.17825e+06 1.33954e+06 1.18306e+06 1.1944e+06 1.09561e+06 823307 821033 635140 580082 538681 741439 365540 620053 667800 430707 512968 509285 714870 425251 436282 516600 551038 636920 545202 520777 417891 535654 411844 844657 729466 670062 372301 502343 479260 631249 638642 830551 550536 431646 346677 423773 422310 598461 629744 813839 558788 691438 588839 471942 771968 486702 797161
#pred surv len freq
 0.0044163 0.00717587 0.010816 0.0153377 0.0206653 0.0265745 0.032655 0.0383973 0.0433707 0.0473561 0.0503467 0.0524661 0.0538852 0.0547735 0.0552718 0.0554811 0.055468 0.0552654 0.0548337 0.0539769 0.0522734 0.0491402 0.0440944 0.0371146 0.0288441
 0.00478511 0.00768785 0.0114287 0.0159682 0.0212274 0.02703 0.0330422 0.0388093 0.0438901 0.0479875 0.0509956 0.052978 0.054123 0.0546838 0.0549074 0.0549713 0.0549558 0.0548402 0.0544917 0.0536278 0.0517955 0.0484547 0.0432178 0.0361549 0.0279464
 0.00491384 0.00794666 0.0119032 0.0167515 0.0223774 0.0285159 0.0347159 0.0404392 0.0452525 0.0489595 0.0515832 0.0532623 0.0541744 0.0545155 0.0544948 0.0543079 0.0540881 0.0538545 0.0534645 0.0525851 0.0507134 0.0473031 0.0420113 0.034971 0.0268953
 0.00509787 0.00822752 0.0122974 0.0172767 0.0230663 0.0294251 0.0359135 0.0419617 0.0470492 0.0508646 0.0533493 0.0546471 0.0550263 0.0548027 0.0542705 0.0536549 0.0530877 0.0525854 0.0520071 0.0510133 0.0490852 0.0456671 0.0404277 0.033523 0.0256731
 0.00533201 0.00860182 0.0128479 0.0180306 0.0240355 0.0306002 0.0372624 0.0434388 0.048611 0.052474 0.0549561 0.0561565 0.0562891 0.0556481 0.0545651 0.0533465 0.0522093 0.0512272 0.0502847 0.0490475 0.0469953 0.0435718 0.0384475 0.0317738 0.0242471
 0.0056621 0.00912759 0.0136193 0.0190877 0.0254024 0.0322741 0.0392003 0.0455506 0.0507694 0.0545403 0.0568083 0.0577046 0.0574678 0.0563958 0.0548094 0.0530133 0.0512524 0.0496577 0.0481808 0.046545 0.0442688 0.0408169 0.0358611 0.0295276 0.0224567
 0.00599247 0.00965094 0.0143821 0.0201258 0.0267375 0.0339074 0.0411016 0.0476514 0.0529649 0.0567021 0.0588015 0.0594044 0.0587729 0.0572329 0.055127 0.0527696 0.0504113 0.0482018 0.0461373 0.0440089 0.041409 0.0378592 0.0330509 0.0270814 0.0205157
 0.00634261 0.0102145 0.0152198 0.0212903 0.0282638 0.0357977 0.0433094 0.0500755 0.0554624 0.0591137 0.0609762 0.061214 0.0601169 0.0580396 0.0553507 0.0523844 0.0494042 0.0465726 0.0439131 0.0412695 0.0383099 0.0346307 0.0299638 0.0243859 0.0183788
 0.00669527 0.0107799 0.0160567 0.0224503 0.0297847 0.0376909 0.045544 0.0525668 0.0580753 0.0616804 0.0633208 0.0631761 0.0615696 0.058898 0.0555697 0.0519492 0.0483184 0.0448534 0.0415998 0.0384447 0.035124 0.031309 0.0267792 0.0215982 0.0161659
 0.00692983 0.011169 0.0166573 0.023322 0.0309797 0.0392379 0.0474297 0.0547267 0.0604 0.0640321 0.0655503 0.0651367 0.0631277 0.0599437 0.0560248 0.0517694 0.0474899 0.0433888 0.0395404 0.0358747 0.0321889 0.0282229 0.0238012 0.018978 0.0140783
 0.00716751 0.0115611 0.0172589 0.0241905 0.0321666 0.0407733 0.0493043 0.0568793 0.0627194 0.0663712 0.0677477 0.0670375 0.0646011 0.0608927 0.056388 0.0515161 0.0466144 0.0419079 0.0374984 0.0333568 0.0293371 0.025241 0.0209341 0.0164606 0.0120746
 0.00729253 0.011774 0.0175985 0.0247024 0.0328981 0.0417628 0.0505681 0.0584014 0.0644474 0.0682191 0.0696023 0.068769 0.0660772 0.0619945 0.0570219 0.0516197 0.0461562 0.0408862 0.0359441 0.0313431 0.0269909 0.0227458 0.0185091 0.0143162 0.0103597
 0.00752852 0.0121497 0.0181495 0.0254585 0.0338797 0.0429756 0.051994 0.0599928 0.0661283 0.0698943 0.0711694 0.0701295 0.0671444 0.0626984 0.0573107 0.0514592 0.0455291 0.0397937 0.0344121 0.0294333 0.024813 0.0204591 0.0163048 0.0123775 0.0088148
 0.00786323 0.0126605 0.0188568 0.0263602 0.0349557 0.0441936 0.0533125 0.0613605 0.0674842 0.0711729 0.0723067 0.0710676 0.067834 0.0630991 0.0573917 0.0511981 0.0449119 0.0388172 0.0330913 0.0278126 0.0229781 0.0185391 0.0144571 0.0107539 0.00752165
 0.00810563 0.0130614 0.019471 0.0272375 0.0361243 0.0456377 0.0549542 0.0630641 0.0690883 0.0725344 0.0733341 0.0717271 0.0681348 0.0630711 0.0570677 0.0506042 0.0440653 0.0377297 0.0317785 0.026307 0.0213422 0.0168703 0.0128765 0.00937899 0.00643374
 0.00826366 0.0133266 0.0198862 0.0278508 0.036981 0.0467661 0.0563471 0.0646618 0.070775 0.0741513 0.0747088 0.0727134 0.0686468 0.0630977 0.0566606 0.0498475 0.0430447 0.0365144 0.0304194 0.0248487 0.0198385 0.015394 0.011515 0.00821607 0.00552497
 0.00824776 0.0133077 0.0198726 0.027859 0.0370382 0.0469108 0.0566258 0.0651208 0.0714442 0.0750252 0.0757327 0.0737832 0.0696286 0.0638609 0.057111 0.0499468 0.0428077 0.0359909 0.0296734 0.0239463 0.0188467 0.014385 0.0105648 0.0073936 0.0048764
 0.00814007 0.0131669 0.0197238 0.0277471 0.0370161 0.0470208 0.0568856 0.0655217 0.0719616 0.0756315 0.0764023 0.0744868 0.0703228 0.0644833 0.0575875 0.0502095 0.0428152 0.035739 0.0291937 0.023295 0.0180933 0.0136031 0.00982498 0.00675424 0.00437401
 0.00821628 0.0132657 0.0198285 0.0278321 0.0370614 0.0470306 0.0568972 0.0655955 0.0721529 0.0759613 0.0768462 0.0749882 0.0708176 0.0649179 0.0579222 0.0504127 0.0428601 0.0356085 0.0288894 0.0228426 0.0175406 0.013011 0.00925595 0.00625982 0.00398556
 0.00830338 0.0133708 0.0199182 0.0278508 0.0369436 0.0467243 0.0563887 0.0649256 0.0714182 0.0752972 0.0763934 0.0748502 0.0710272 0.065429 0.0586298 0.0511885 0.0435849 0.0361926 0.0292801 0.0230263 0.0175389 0.012872 0.00904066 0.00602687 0.00377875
 0.00840918 0.0135282 0.0201256 0.0280911 0.037181 0.046904 0.0564422 0.0647866 0.0710487 0.0747149 0.0756835 0.0741502 0.0704858 0.0651575 0.0586671 0.0514945 0.0440614 0.0367194 0.0297503 0.0233694 0.0177286 0.0129217 0.00898966 0.00592372 0.00366579
 0.00854958 0.0137633 0.0204907 0.0286187 0.0378885 0.0477743 0.057408 0.0657281 0.0718146 0.075161 0.0757157 0.0737554 0.0697416 0.0642123 0.0576965 0.0506486 0.043425 0.036301 0.0295009 0.0232162 0.0176079 0.0127968 0.00885312 0.00578689 0.00354535
 0.00857834 0.0138032 0.0205397 0.0286752 0.0379571 0.0478728 0.0575666 0.0659779 0.0721662 0.0755841 0.0761352 0.0740716 0.0698671 0.064109 0.0573926 0.0502272 0.0429896 0.0359356 0.0292441 0.0230601 0.0175168 0.0127325 0.0087917 0.00572245 0.00348344
 0.0085878 0.013824 0.0205805 0.0287459 0.038065 0.0480175 0.0577389 0.0661641 0.0723563 0.0757776 0.0763355 0.074272 0.0700393 0.0642067 0.0573722 0.0500735 0.0427281 0.035623 0.0289425 0.0228123 0.0173358 0.0126077 0.00870419 0.00565698 0.0034326
 0.00847973 0.0136635 0.0203677 0.0284924 0.0377928 0.0477554 0.0575181 0.0660138 0.0722986 0.0758228 0.0764808 0.0745038 0.0703346 0.0645334 0.0576892 0.0503374 0.0429069 0.0357085 0.0289522 0.0227783 0.0172885 0.0125653 0.00867152 0.00563212 0.00341274
 0.00838261 0.013512 0.0201523 0.0282107 0.0374517 0.0473743 0.0571308 0.0656659 0.0720386 0.0756894 0.0764926 0.0746562 0.0706041 0.0648841 0.0580796 0.050725 0.0432531 0.0359851 0.0291475 0.0228983 0.0173516 0.0125927 0.0086803 0.00563229 0.0034093
 0.00827717 0.0133523 0.0199338 0.0279367 0.0371324 0.0470244 0.0567693 0.065317 0.0717324 0.0754592 0.0763694 0.0746611 0.0707421 0.0651413 0.0584257 0.0511194 0.0436524 0.0363506 0.0294517 0.0231285 0.0175099 0.0126918 0.00873678 0.00566161 0.00342288
 0.00830973 0.0133696 0.019895 0.0277846 0.0368116 0.0465085 0.0560828 0.0645367 0.0709655 0.0748118 0.0759206 0.0744529 0.0707807 0.0654045 0.0588692 0.0516841 0.0442731 0.0369648 0.0300082 0.0235935 0.0178691 0.0129487 0.00890694 0.00576589 0.00348189
 0.0083963 0.0135034 0.0200807 0.0280142 0.0370578 0.0467196 0.0561858 0.0644561 0.0706552 0.0742846 0.0752555 0.0737715 0.0702056 0.0650221 0.0587136 0.0517414 0.0444964 0.0372914 0.0303741 0.0239449 0.0181693 0.0131801 0.00906903 0.00586932 0.00354203
 0.00828169 0.0133401 0.0198778 0.027795 0.0368533 0.0465566 0.0560754 0.0643873 0.0705964 0.0741938 0.0750989 0.0735438 0.0699409 0.0647859 0.0585779 0.0517559 0.0446714 0.037598 0.0307584 0.0243466 0.0185372 0.0134819 0.00929263 0.0060196 0.00363373
 0.0081849 0.0131867 0.0196556 0.0274991 0.0364913 0.046154 0.0556777 0.0640522 0.070375 0.0741092 0.0751349 0.0736526 0.0700668 0.0648924 0.0586631 0.0518481 0.0448088 0.0378056 0.0310343 0.0246631 0.0188545 0.0137632 0.00951509 0.0061774 0.00373438
 0.00807667 0.0130203 0.0194227 0.0271982 0.0361268 0.0457369 0.0552276 0.0636005 0.0699659 0.073794 0.0749586 0.0736378 0.0702037 0.0651417 0.0589725 0.0521743 0.0451312 0.0381242 0.0313559 0.024987 0.019167 0.0140428 0.0097431 0.00634524 0.00384548
 0.00797994 0.012873 0.0192197 0.0269415 0.0358253 0.0454044 0.0548818 0.0632623 0.0696576 0.0735372 0.0747737 0.0735435 0.0702137 0.065259 0.059185 0.0524552 0.045448 0.0384498 0.0316737 0.0252887 0.0194454 0.0142884 0.00994541 0.00649801 0.00394988
 0.00786593 0.0126916 0.0189547 0.0265821 0.0353703 0.0448676 0.0542959 0.0626781 0.0691348 0.0731302 0.0745198 0.0734584 0.0702944 0.0654891 0.0595387 0.0528999 0.0459464 0.0389636 0.0321692 0.0257408 0.0198383 0.0146134 0.0101993 0.00668322 0.00407432
 0.00794432 0.0127918 0.0190549 0.0266445 0.0353503 0.0447294 0.0540266 0.0622934 0.0686746 0.0726488 0.0740745 0.0730996 0.0700577 0.0653915 0.059579 0.053062 0.0462039 0.0392841 0.0325187 0.0260874 0.0201563 0.0148851 0.0104157 0.00684298 0.00418286
 0.0086652 0.0138242 0.0203486 0.0280606 0.0366951 0.0458129 0.0547129 0.0625205 0.0684499 0.0720337 0.073169 0.0720252 0.0689376 0.0643317 0.0586554 0.0523172 0.0456495 0.0389085 0.0322948 0.0259805 0.02013 0.0149067 0.0104588 0.00688935 0.00422204
 0.00916915 0.0146392 0.021559 0.0297191 0.0387853 0.0482057 0.0571439 0.0646263 0.0698704 0.0725359 0.0727215 0.0707855 0.0671729 0.0623265 0.0566476 0.0504723 0.0440629 0.0376185 0.0312988 0.0252501 0.0196226 0.0145745 0.0102556 0.00677431 0.00416253
 0.00895503 0.0144209 0.0214711 0.0299693 0.0396018 0.0497481 0.0594172 0.0674403 0.0728627 0.0752509 0.0747213 0.0717624 0.067028 0.061182 0.054788 0.0482443 0.0417818 0.0355141 0.029504 0.0238157 0.0185421 0.0138067 0.00974254 0.0064536 0.0039763
 0.0086604 0.0139503 0.0207883 0.0290728 0.0385567 0.0487181 0.0586684 0.0672856 0.0735456 0.0768184 0.0769607 0.0742506 0.0692716 0.0627797 0.0555416 0.048182 0.0411015 0.0344867 0.0283833 0.0227845 0.0176986 0.0131792 0.00931338 0.00618292 0.00381902
 0.00858627 0.0137986 0.0205022 0.0285803 0.0377899 0.0476477 0.057343 0.0658586 0.0722699 0.0759972 0.0768577 0.0749844 0.0707451 0.0646902 0.0574819 0.0497842 0.0421523 0.0349629 0.0284075 0.0225413 0.0173589 0.0128581 0.00906503 0.00601664 0.00372033
 0.00863785 0.0138668 0.0205732 0.0286238 0.0377581 0.0474779 0.0569691 0.0652329 0.0713962 0.0749624 0.0758403 0.0742213 0.0704552 0.0649845 0.0583049 0.0509256 0.0433289 0.0359285 0.0290327 0.0228282 0.0173984 0.0127667 0.00893709 0.00590555 0.00364401
 0.00861209 0.013841 0.0205629 0.0286505 0.0378388 0.0476106 0.0571204 0.0653381 0.0713744 0.0747455 0.0754065 0.0736205 0.0698123 0.0644687 0.0580681 0.051037 0.0437403 0.0364969 0.0295874 0.0232429 0.0176286 0.0128404 0.00891642 0.0058497 0.00358998
 0.0085692 0.0137797 0.0204875 0.028573 0.0377788 0.0475926 0.0571676 0.0654617 0.0715614 0.0749505 0.0755583 0.0736466 0.0696739 0.064188 0.0577297 0.0507555 0.0436091 0.0365442 0.0297682 0.0234701 0.0178206 0.0129551 0.0089556 0.00584058 0.00356245
 0.00850634 0.0136846 0.020358 0.0284128 0.0375983 0.0474087 0.0570037 0.0653459 0.0715207 0.0750009 0.0756941 0.073835 0.0698615 0.06432 0.0577762 0.0507279 0.0435551 0.0365212 0.0298106 0.0235727 0.017948 0.0130671 0.00902865 0.0058736 0.00356838
 0.00847239 0.013623 0.0202538 0.0282497 0.0373641 0.0471036 0.0566473 0.0649779 0.0711933 0.0747656 0.0755885 0.0738731 0.0700292 0.0645781 0.0580707 0.051009 0.0437942 0.036717 0.0299798 0.0237316 0.0180995 0.0132009 0.00913203 0.00594114 0.00360468
 0.00837951 0.0134841 0.0200665 0.0280182 0.0370954 0.0468035 0.0563197 0.0646291 0.0708395 0.0744385 0.0753324 0.0737338 0.0700387 0.0647417 0.0583637 0.0513839 0.0441963 0.037101 0.0303194 0.0240185 0.0183351 0.013388 0.00927229 0.00603749 0.00366381
 0.00843267 0.013542 0.0201017 0.0279895 0.036961 0.0465409 0.0559396 0.0641752 0.0703718 0.0740127 0.074988 0.073495 0.0699207 0.0647543 0.0585074 0.0516431 0.0445382 0.0374817 0.0306955 0.0243575 0.018619 0.013611 0.00943667 0.00615021 0.00373467
 0.00868977 0.013925 0.020611 0.0285971 0.0376115 0.0471577 0.0564356 0.0644677 0.0704044 0.0737754 0.0745233 0.0728839 0.0692568 0.0641201 0.0579627 0.0512228 0.0442535 0.0373229 0.0306373 0.0243667 0.0186639 0.0136672 0.00948909 0.00619153 0.0037632
 0.00884863 0.0141793 0.0209848 0.0291057 0.0382532 0.0479029 0.0572184 0.0651889 0.0709515 0.0740534 0.0744831 0.0725357 0.0686652 0.0633837 0.0571876 0.0504996 0.0436433 0.0368541 0.0303098 0.0241608 0.0185497 0.0136138 0.00947049 0.00618952 0.00376695
 0.00893236 0.014328 0.021232 0.0294898 0.0388082 0.0486428 0.0581203 0.0661853 0.0719352 0.0748958 0.0750606 0.0727573 0.0684956 0.0628535 0.0563857 0.0495491 0.0426701 0.0359606 0.0295603 0.0235803 0.0181319 0.0133334 0.00929462 0.00608644 0.00371056
 0.00887875 0.014259 0.0211628 0.0294498 0.0388376 0.048785 0.058412 0.0666452 0.072553 0.0756238 0.0758136 0.0734254 0.0689689 0.0630515 0.0562799 0.0491704 0.0420981 0.0352989 0.0289081 0.0230106 0.0176826 0.01301 0.00908099 0.00595649 0.00363769
 0.00872454 0.0140194 0.0208247 0.0290124 0.0383178 0.0482227 0.0578733 0.0662174 0.0723271 0.0756686 0.0761513 0.0740195 0.0697288 0.0638532 0.0569966 0.049705 0.0424061 0.0353928 0.0288435 0.0228603 0.0175118 0.0128617 0.00897302 0.00588841 0.00359994
 0.00856601 0.0137647 0.0204476 0.0284925 0.0376468 0.0474143 0.0569736 0.0653081 0.071518 0.075077 0.0758768 0.0741199 0.0702025 0.0646342 0.0579665 0.0507205 0.0433347 0.0361437 0.029382 0.0232027 0.017705 0.0129596 0.00901954 0.00591114 0.00361258
 0.00848007 0.0136192 0.0202178 0.0281512 0.0371701 0.0467905 0.0562141 0.0644544 0.0706407 0.0742687 0.075239 0.0737469 0.0701615 0.0649471 0.0585982 0.0515819 0.0443015 0.0370873 0.0302007 0.0238416 0.0181575 0.0132533 0.00919675 0.00601217 0.00366786
 0.00867948 0.0139064 0.0205802 0.0285505 0.0375489 0.0470851 0.0563663 0.0644205 0.0703981 0.0738232 0.074631 0.0730507 0.0694762 0.0643762 0.0582251 0.0514477 0.0443936 0.0373453 0.0305388 0.0241772 0.0184342 0.0134492 0.00931776 0.00607814 0.00370005
 0.00895413 0.0143414 0.0212109 0.0293948 0.038595 0.0482771 0.0575949 0.0655312 0.0712234 0.0742288 0.0745523 0.0725063 0.0685574 0.0632234 0.0569984 0.0502959 0.0434265 0.0366166 0.0300446 0.0238723 0.0182573 0.0133458 0.00925193 0.00603218 0.00366748
 0.00907963 0.0145666 0.0215886 0.0299859 0.0394529 0.0494215 0.0589859 0.0670575 0.0727143 0.0754858 0.0753921 0.0728013 0.0682657 0.0623989 0.0557763 0.0488586 0.0419617 0.0352786 0.0289303 0.0230161 0.0176432 0.0129292 0.00898127 0.00586267 0.00356545
 0.00897975 0.0144124 0.0213745 0.0297203 0.0391653 0.0491695 0.0588538 0.0671392 0.0730798 0.0761434 0.0762674 0.0737488 0.0691092 0.0629841 0.0560149 0.0487478 0.0415751 0.0347348 0.0283525 0.0224989 0.0172367 0.0126423 0.00879596 0.00575131 0.00350227
 0.00916992 0.0146704 0.0216685 0.0299894 0.0393375 0.0491913 0.0587166 0.0668883 0.0728034 0.0759461 0.0762366 0.0739232 0.0694599 0.0634192 0.05641 0.0489909 0.0416057 0.0345596 0.0280334 0.0221217 0.0168786 0.0123513 0.00858748 0.0056172 0.00342379
 0.00955342 0.0152578 0.0224816 0.0310153 0.0405215 0.0504336 0.0598758 0.0678032 0.0733358 0.0760303 0.0759065 0.0732978 0.068694 0.0626463 0.0557032 0.048358 0.0410129 0.0339689 0.0274319 0.0215298 0.0163369 0.0118989 0.0082452 0.00538289 0.00327853
 0.00950134 0.0152155 0.0224958 0.0311536 0.0408523 0.0509941 0.0606439 0.0686899 0.0742047 0.0767352 0.0763336 0.0733966 0.0684888 0.0622221 0.0551708 0.0478129 0.0405087 0.0335158 0.0270167 0.0211404 0.0159765 0.0115833 0.00799137 0.00519826 0.00315786
 0.009101 0.0146325 0.0217471 0.0303063 0.0400148 0.050295 0.0602074 0.0686113 0.0745236 0.0774144 0.077257 0.0743983 0.0694032 0.062933 0.0556362 0.0480573 0.0405924 0.0335011 0.026947 0.0210392 0.0158569 0.0114581 0.00787498 0.00510284 0.00308911
#obs surv len freq
 nan nan nan nan nan nan nan nan nan nan nan nan nan nan nan nan nan nan nan nan nan nan nan nan nan
 0.0044912 0.00735538 0.0111878 0.0160053 0.0217057 0.0279793 0.0342906 0.0400189 0.0446957 0.0481573 0.0505133 0.0520076 0.0528986 0.0534099 0.0537234 0.0539777 0.0542558 0.0545482 0.0546868 0.0542786 0.0527168 0.0493494 0.0437999 0.036281 0.0276659
 0.00460957 0.00755324 0.0114951 0.0164522 0.0223143 0.0287523 0.0351995 0.041002 0.0456679 0.0490281 0.0512049 0.0524658 0.053097 0.0533494 0.0534268 0.0534822 0.0536046 0.0537836 0.0538475 0.0534013 0.05184 0.0485159 0.0430542 0.0356607 0.0271918
 0.00477403 0.00781988 0.0118954 0.0170158 0.0230645 0.0296977 0.0363243 0.0422589 0.0469798 0.0502975 0.0523276 0.0533454 0.0536582 0.0535478 0.0532532 0.0529596 0.0527798 0.0527173 0.0526067 0.0520566 0.0504665 0.0471938 0.0418631 0.0346663 0.0264303
 0.00496071 0.00812589 0.0123606 0.0176784 0.0239536 0.0308214 0.0376577 0.0437411 0.048523 0.0518029 0.0536982 0.0544912 0.0544978 0.0540122 0.0532937 0.0525567 0.051948 0.051504 0.0510873 0.0503285 0.0486451 0.0454057 0.0402331 0.0332961 0.0253772
 0.00518022 0.00848406 0.0129021 0.018446 0.0249802 0.0321171 0.0391969 0.0454566 0.0503146 0.0535558 0.0553007 0.0558455 0.0555226 0.0546411 0.0534736 0.0522503 0.0511406 0.0502131 0.0493703 0.048287 0.0464219 0.0431724 0.0381657 0.0315413 0.0240203
 0.00541535 0.00886836 0.0134844 0.0192731 0.0260881 0.0335176 0.0408623 0.0473153 0.0522602 0.0554671 0.0570604 0.0573505 0.0566872 0.0553956 0.0537627 0.0520314 0.050386 0.0489191 0.0475714 0.0460717 0.0439389 0.040621 0.0357635 0.0294775 0.0224115
 0.00563955 0.00923988 0.0140566 0.0201002 0.0272148 0.0349616 0.0425978 0.0492666 0.0543133 0.0574918 0.0589317 0.0589602 0.0579471 0.0562362 0.054129 0.0518798 0.049684 0.0476518 0.0457574 0.0437836 0.0413193 0.0378789 0.033142 0.0271984 0.0206187
 0.00588395 0.00963713 0.0146547 0.0209452 0.0283429 0.0363879 0.0443017 0.051185 0.0563462 0.0595183 0.0608277 0.0606116 0.0592576 0.0571295 0.0545476 0.0517801 0.0490334 0.0464317 0.0439773 0.0415034 0.038671 0.0350693 0.0304232 0.0248098 0.0187238
 0.00612442 0.0100312 0.0152534 0.0217974 0.0294859 0.0378319 0.0460151 0.0530905 0.0583341 0.061469 0.0626301 0.0621715 0.0604963 0.0579809 0.0549562 0.0516995 0.0484268 0.0452754 0.0422734 0.0393013 0.0360903 0.032306 0.0277253 0.02242 0.0168141
 0.00636288 0.0104241 0.0158543 0.0226592 0.0306502 0.0393115 0.0477773 0.0550513 0.0603704 0.0634439 0.0644174 0.0636701 0.0616338 0.0587095 0.0552435 0.0515204 0.047758 0.0440989 0.0405894 0.037151 0.03358 0.029617 0.0250925 0.0200787 0.0149349
 0.00660872 0.0108263 0.0164644 0.0235269 0.0318135 0.040782 0.0495238 0.0569932 0.0623883 0.0654009 0.0661821 0.0651322 0.062712 0.0593527 0.0554267 0.0512353 0.047003 0.0428753 0.0389089 0.0350556 0.0311663 0.0270486 0.022584 0.0178476 0.0131416
 0.00683129 0.0111931 0.0170255 0.0243317 0.0329008 0.0421638 0.0511694 0.0588243 0.0642901 0.0672444 0.0678449 0.0665113 0.0637285 0.0599528 0.0555805 0.0509327 0.0462479 0.0416807 0.0372993 0.0330803 0.0289181 0.0246756 0.0202769 0.0158 0.0114963
 0.00705004 0.0115499 0.0175648 0.0250956 0.033921 0.0434489 0.0526915 0.0605132 0.0660418 0.0689401 0.0693703 0.067769 0.0646446 0.060478 0.055688 0.0506141 0.0455086 0.0405375 0.0357828 0.0312444 0.0268535 0.0225173 0.0181936 0.0139598 0.0100218
 0.00727862 0.0119234 0.0181301 0.0258961 0.0349868 0.0447817 0.0542498 0.0622098 0.0677577 0.0705493 0.070762 0.0688595 0.0653786 0.0608251 0.0556378 0.0501712 0.0446883 0.0393637 0.0342911 0.0294902 0.0249231 0.020533 0.0163027 0.0123053 0.00870507
 0.00745639 0.0122169 0.01858 0.0265431 0.0358628 0.0458969 0.0555786 0.0636857 0.0692814 0.0720075 0.0720467 0.0698821 0.0660765 0.0611632 0.0556055 0.0497762 0.0439502 0.0383108 0.0329618 0.0279395 0.0232311 0.0188078 0.0146709 0.0108865 0.00758172
 0.0075146 0.0123185 0.0187466 0.026801 0.0362407 0.0464187 0.0562565 0.0645131 0.0702308 0.0730305 0.0730776 0.0708437 0.0668894 0.0617567 0.055926 0.049792 0.0436518 0.0377085 0.0320845 0.0268364 0.0219748 0.0174945 0.0134102 0.00978105 0.00670206
 0.00757378 0.0124057 0.018862 0.0269414 0.0364035 0.0466081 0.0564868 0.0648067 0.0706109 0.0735109 0.0736536 0.0714878 0.0675518 0.0623715 0.0564212 0.0501017 0.0437265 0.0375222 0.0316383 0.0261604 0.0211276 0.0165592 0.0124829 0.00895165 0.00603399
 0.00765671 0.0125327 0.0190378 0.0271639 0.0366629 0.0468876 0.0567644 0.0650612 0.0708299 0.0736992 0.0738329 0.071687 0.0677912 0.0626488 0.0567068 0.0503442 0.0438655 0.0375043 0.031431 0.0257614 0.0205685 0.0159012 0.0118046 0.00833025 0.00552587
 0.0077092 0.012613 0.0191491 0.0273055 0.03683 0.0470716 0.0569531 0.0652394 0.0709829 0.0738173 0.0739169 0.0717501 0.0678558 0.062737 0.056829 0.0504891 0.0439992 0.0375786 0.0313988 0.0255937 0.0202663 0.0154976 0.0113559 0.00789896 0.00516196
 0.00779419 0.0127455 0.0193378 0.0275532 0.0371322 0.0474144 0.0573117 0.06558 0.0712689 0.0740183 0.0740172 0.0717515 0.0677763 0.0626061 0.0566794 0.0503468 0.0438738 0.0374594 0.0312593 0.025405 0.0200125 0.0151858 0.0110158 0.00757146 0.00488359
 0.00780987 0.0127731 0.0193831 0.0276231 0.0372328 0.0475487 0.0574772 0.0657674 0.0714629 0.0742006 0.0741694 0.0718587 0.0678306 0.0626082 0.0566391 0.0502797 0.0437949 0.0373755 0.031166 0.0252888 0.0198605 0.0149958 0.0108013 0.0073572 0.0046955
 0.00784637 0.0128245 0.0194459 0.0276899 0.0372953 0.0476025 0.0575244 0.065816 0.0715225 0.0742766 0.0742594 0.0719529 0.0679147 0.0626686 0.0566669 0.0502735 0.0437597 0.0373187 0.0310926 0.0251987 0.0197503 0.014865 0.0106563 0.00721215 0.00456659
 0.00788175 0.0128793 0.0195231 0.0277889 0.0374115 0.0477255 0.0576395 0.0659071 0.0715781 0.0742952 0.0742509 0.0719328 0.0678962 0.0626565 0.0566576 0.0502586 0.0437317 0.0372742 0.0310314 0.0251223 0.0196605 0.014764 0.0105496 0.00710828 0.00447534
 0.00787142 0.0128606 0.0194916 0.0277404 0.0373432 0.0476394 0.0575433 0.0658134 0.0715006 0.0742445 0.0742325 0.0719481 0.0679445 0.0627353 0.056761 0.0503762 0.0438496 0.0373783 0.0311109 0.0251713 0.0196779 0.0147534 0.0105178 0.00706483 0.00443018
 0.00789308 0.0128888 0.0195208 0.0277608 0.0373432 0.0476094 0.0574797 0.0657203 0.0713895 0.0741316 0.0741347 0.0718798 0.0679143 0.0627456 0.0568081 0.0504523 0.0439434 0.0374767 0.0312007 0.0252419 0.0197231 0.0147725 0.0105151 0.00704765 0.00440692
 0.00788691 0.0128793 0.0195074 0.0277423 0.0373175 0.0475725 0.0574262 0.0656456 0.0712927 0.0740189 0.0740197 0.0717805 0.0678483 0.0627247 0.0568359 0.0505238 0.0440472 0.0375979 0.0313234 0.0253519 0.0198103 0.0148322 0.0105484 0.00706022 0.00440633
 0.00790363 0.0129019 0.019533 0.0277654 0.0373317 0.0475727 0.0574102 0.0656138 0.0712465 0.0739591 0.0739476 0.0716998 0.0677667 0.0626543 0.0567894 0.0505105 0.0440696 0.0376507 0.0313956 0.0254298 0.0198814 0.0148879 0.0105853 0.00707995 0.00441355
 0.00788366 0.0128714 0.0194905 0.0277109 0.0372655 0.0474958 0.0573244 0.0655223 0.071155 0.0738755 0.07388 0.0716543 0.0677465 0.062659 0.0568179 0.0505618 0.0441428 0.037743 0.0315007 0.0255383 0.0199824 0.0149722 0.0106481 0.00712114 0.00443699
 0.00787239 0.0128503 0.019454 0.0276526 0.0371807 0.0473842 0.0571926 0.0653833 0.0710246 0.0737675 0.0738034 0.0716129 0.0677399 0.0626848 0.056872 0.0506395 0.044239 0.0378525 0.0316177 0.0256556 0.0200918 0.015066 0.0107212 0.0071724 0.00446902
 0.00784605 0.0128051 0.0193816 0.0275439 0.0370286 0.0471873 0.0569584 0.0651301 0.0707785 0.0735572 0.0736533 0.0715387 0.0677459 0.0627643 0.0570106 0.0508194 0.0444426 0.0380645 0.0318256 0.025849 0.0202624 0.0152075 0.0108304 0.00724987 0.00451905
 0.00785068 0.0128074 0.0193751 0.027519 0.036974 0.0470937 0.056822 0.0649544 0.0705751 0.0733444 0.0734543 0.0713773 0.0676424 0.062731 0.0570494 0.0509218 0.044593 0.0382441 0.0320159 0.0260342 0.0204299 0.0153488 0.010941 0.00732966 0.00457163
 0.00779534 0.0127246 0.0192639 0.0273826 0.0368183 0.0469244 0.0566437 0.064771 0.070392 0.0731702 0.0733013 0.0712604 0.0675762 0.0627272 0.0571133 0.051051 0.0447767 0.0384651 0.0322535 0.0262679 0.0206424 0.0155282 0.0110813 0.00743086 0.00463853
 0.00778546 0.0127011 0.0192153 0.027295 0.0366803 0.0467346 0.0564148 0.0645288 0.0701663 0.0729843 0.0731662 0.0711765 0.0675398 0.062736 0.0571682 0.0511534 0.044925 0.0386517 0.0324647 0.0264857 0.0208487 0.0157077 0.0112249 0.00753628 0.00470916
 0.00775638 0.0126563 0.019152 0.027211 0.0365731 0.0466003 0.0562498 0.0643332 0.0699485 0.0727633 0.0729685 0.0710284 0.0674587 0.0627269 0.0572256 0.0512669 0.0450835 0.0388442 0.0326788 0.0267067 0.0210602 0.0158949 0.0113772 0.00764963 0.00478604
 0.00933915 0.0148703 0.0218208 0.0299496 0.0389006 0.0481189 0.0567858 0.0639617 0.0689081 0.0713338 0.0713838 0.0694477 0.0659781 0.0613998 0.0560785 0.0503073 0.0443062 0.0382358 0.0322213 0.0263794 0.0208401 0.0157575 0.0112987 0.00760935 0.00476785
 0.00932739 0.0151435 0.022747 0.0319843 0.042388 0.0530233 0.0625224 0.0694919 0.0731093 0.0734423 0.0712463 0.0674614 0.0628164 0.057725 0.0523788 0.0468715 0.0412725 0.0356524 0.0300899 0.0246778 0.0195321 0.0147963 0.010629 0.00717083 0.00450034
 0.0089637 0.0145744 0.0219533 0.0310199 0.0414315 0.0524131 0.0627145 0.0708989 0.0758541 0.077177 0.0751953 0.0707162 0.0647138 0.0580759 0.0514381 0.0451248 0.0392061 0.0336213 0.028294 0.023199 0.0183814 0.0139474 0.0100375 0.00678394 0.00426479
 0.00879923 0.0142907 0.0214973 0.0303361 0.0404837 0.0512214 0.0614009 0.0697135 0.0751509 0.0773139 0.0763758 0.0728444 0.0673651 0.0606367 0.0533524 0.0461049 0.0392882 0.0330658 0.027425 0.0222814 0.0175747 0.0133171 0.00958776 0.00648806 0.00408505
 0.00872946 0.0141735 0.0213127 0.0300593 0.0400861 0.0506755 0.0606922 0.0688601 0.0742286 0.0764741 0.0758369 0.0728345 0.0680221 0.0619114 0.0549853 0.0477127 0.0405215 0.0337436 0.0275702 0.0220566 0.0171786 0.0129063 0.00924871 0.00624708 0.00393286
 0.00871587 0.0141469 0.0212636 0.0299751 0.0399518 0.050476 0.0604144 0.068495 0.0737754 0.0759496 0.0752909 0.0723622 0.0677565 0.0619818 0.0554512 0.0485106 0.0414686 0.0346096 0.0281762 0.0223405 0.0171923 0.0127613 0.00905385 0.00607302 0.00380769
 0.00868755 0.0141044 0.0212061 0.0299031 0.0398657 0.0503743 0.0602921 0.0683442 0.0735869 0.0757169 0.0750152 0.0720609 0.0674714 0.061781 0.0554137 0.0486922 0.0418639 0.0351377 0.0287086 0.0227577 0.0174336 0.012837 0.00902051 0.005995 0.00373039
 0.00869679 0.0141136 0.0212095 0.0298921 0.0398321 0.0503137 0.0602067 0.0682415 0.0734749 0.0755989 0.074888 0.0719187 0.0673139 0.061623 0.0552891 0.0486466 0.0419353 0.035332 0.028988 0.0230528 0.0176751 0.0129862 0.00907905 0.0059919 0.00370034
 0.00867565 0.0140868 0.0211827 0.029874 0.0398306 0.0503305 0.0602342 0.0682647 0.0734778 0.0755715 0.0748294 0.0718341 0.0672111 0.0615101 0.0551782 0.0485571 0.0418922 0.035356 0.0290823 0.0231959 0.0178286 0.0131124 0.00915763 0.00602437 0.0037022
 0.0086721 0.0140784 0.0211656 0.0298446 0.0397874 0.0502777 0.0601821 0.0682266 0.0734636 0.0755813 0.0748523 0.0718541 0.0672141 0.06149 0.0551381 0.0485081 0.0418507 0.0353396 0.0291031 0.0232542 0.0179106 0.0131964 0.00922442 0.00606529 0.00371977
 0.00865241 0.0140487 0.0211251 0.0297936 0.0397271 0.0502093 0.0601077 0.0681503 0.0733929 0.0755266 0.0748238 0.0718564 0.0672434 0.0615354 0.0551861 0.0485494 0.0418838 0.0353706 0.0291409 0.0233049 0.0179731 0.0132623 0.00928277 0.00610807 0.00374528
 0.0086545 0.0140494 0.0211211 0.0297805 0.0397008 0.0501681 0.0600534 0.0680884 0.0733305 0.0754702 0.0747788 0.0718269 0.0672324 0.0615434 0.0552102 0.0485836 0.0419215 0.0354078 0.0291779 0.0233441 0.018016 0.0133069 0.00932425 0.00614139 0.00376796
 0.00863666 0.0140254 0.0210942 0.029756 0.0396843 0.0501618 0.0600547 0.0680902 0.0733252 0.0754537 0.0747522 0.0717956 0.0672038 0.0615238 0.0552034 0.0485901 0.0419391 0.0354328 0.029207 0.0233755 0.0180485 0.0133393 0.00935423 0.00616634 0.00378614
 0.00865134 0.0140443 0.0211136 0.0297702 0.0396879 0.0501532 0.0600376 0.0680723 0.0733137 0.0754506 0.0747534 0.0717941 0.0671941 0.0615053 0.05518 0.0485679 0.0419231 0.0354256 0.0292085 0.0233842 0.0180622 0.0133559 0.00937128 0.00618165 0.00379814
 0.00864652 0.0140395 0.0211117 0.0297751 0.0397021 0.0501757 0.0600627 0.0680916 0.07332 0.0754425 0.074735 0.0717725 0.0671745 0.0614891 0.055166 0.0485549 0.0419115 0.0354173 0.0292053 0.0233867 0.0180698 0.0133667 0.0093833 0.0061929 0.00380725
 0.00864652 0.0140395 0.0211117 0.0297751 0.0397021 0.0501757 0.0600627 0.0680916 0.07332 0.0754425 0.074735 0.0717725 0.0671745 0.0614891 0.055166 0.0485549 0.0419115 0.0354173 0.0292053 0.0233867 0.0180698 0.0133667 0.0093833 0.0061929 0.00380725
 0.00853422 0.0138637 0.0208608 0.0294452 0.0393008 0.0497255 0.0596029 0.0676743 0.0729984 0.075256 0.0746998 0.0718805 0.0674002 0.0617984 0.0555228 0.0489261 0.0422701 0.0357442 0.0294896 0.0236238 0.0182598 0.0135126 0.00948975 0.0062661 0.00385419
 0.00845128 0.0137215 0.0206338 0.0291074 0.0388341 0.0491327 0.0589182 0.0669643 0.0723495 0.0747528 0.0744047 0.0718219 0.067571 0.0621621 0.0560245 0.0495045 0.0428682 0.0363156 0.0300019 0.0240582 0.0186093 0.0137792 0.00968176 0.00639587 0.00393584
 0.00844029 0.0136979 0.020587 0.0290218 0.0386906 0.0489119 0.0586065 0.0665613 0.0718744 0.0742478 0.0739312 0.0714479 0.0673541 0.0621341 0.0561842 0.0498204 0.0432894 0.0367849 0.0304673 0.0244806 0.0189646 0.0140578 0.00988567 0.00653473 0.00402343
 0.00849707 0.0137906 0.0207262 0.0292147 0.0389354 0.0491914 0.0588836 0.0667815 0.0719787 0.0741919 0.073702 0.071072 0.0668921 0.0616651 0.0557844 0.0495434 0.0431553 0.0367814 0.0305596 0.0246258 0.0191238 0.0142033 0.0100026 0.00661926 0.00407879
 0.00863294 0.0140116 0.021058 0.0296785 0.0395404 0.0499238 0.0596964 0.0675933 0.0726863 0.074692 0.073916 0.0709631 0.0664747 0.0610024 0.0549749 0.0486989 0.0423751 0.0361329 0.0300709 0.0242902 0.0189132 0.0140822 0.00993874 0.00658834 0.00406514
 0.00880333 0.0142974 0.0215033 0.0303263 0.0404194 0.0510286 0.06097 0.0689247 0.0739295 0.0756976 0.0745622 0.0711752 0.0662333 0.0603439 0.0539853 0.0474999 0.041103 0.034914 0.0290004 0.023421 0.0182567 0.0136189 0.00963244 0.00639852 0.00395512
 0.00861952 0.0140254 0.021146 0.0299102 0.0399953 0.0506676 0.0607555 0.0689366 0.0742193 0.0762643 0.0753397 0.0720439 0.0670507 0.0609821 0.0543617 0.0475917 0.0409462 0.0345861 0.0285946 0.0230208 0.0179183 0.0133663 0.00946334 0.00629616 0.00389876
 0.00863419 0.0140192 0.0210829 0.0297426 0.0396823 0.0502014 0.0601823 0.0683561 0.0737592 0.0760399 0.0754177 0.0724225 0.0676609 0.061707 0.0550677 0.0481638 0.0413153 0.0347405 0.0285724 0.0228882 0.0177441 0.0132022 0.00933636 0.00621176 0.00384959
 0.00885994 0.0143763 0.0215982 0.0304245 0.0405076 0.0511026 0.0610442 0.0690366 0.0741353 0.0760585 0.0751195 0.0719228 0.0670978 0.0611879 0.0546389 0.0478122 0.0409939 0.0344024 0.028196 0.0224848 0.0173481 0.0128523 0.0090595 0.00601536 0.00372456
 0.00876143 0.0142457 0.0214569 0.0303127 0.0404753 0.051193 0.0612761 0.0693929 0.0745613 0.0764734 0.0754399 0.0720926 0.0671104 0.0610852 0.0544873 0.047668 0.0408799 0.0343076 0.0280939 0.0223562 0.0171932 0.0126885 0.00890974 0.00589657 0.0036422
 0.00879675 0.0142845 0.0214826 0.030303 0.0404139 0.0510856 0.0611591 0.0693257 0.0746014 0.0766466 0.0757228 0.0724193 0.0673995 0.0612733 0.0545518 0.0476272 0.0407748 0.0341768 0.0279589 0.0222219 0.0170587 0.0125571 0.00879001 0.00579827 0.00357062
#pred catch len freq
 0.00329026 0.00527807 0.00784585 0.0110022 0.0147767 0.0191899 0.0241887 0.0296139 0.035221 0.0407269 0.0458522 0.0503619 0.0541006 0.0570084 0.0591078 0.060479 0.0612368 0.0614955 0.0612956 0.0604888 0.058655 0.0551734 0.0495223 0.0416886 0.0324007
 0.00358237 0.00568737 0.00834407 0.0115315 0.0152781 0.0196412 0.024624 0.0301039 0.0358192 0.0414167 0.0465321 0.050883 0.0543359 0.0569143 0.0587449 0.0599837 0.0607576 0.0611232 0.0610194 0.0602037 0.0582213 0.0544997 0.0486232 0.0406821 0.0314475
 0.00371186 0.00592595 0.00875039 0.0121655 0.0161732 0.0207703 0.025884 0.0313412 0.0368934 0.0422594 0.0471559 0.0513322 0.0546234 0.0569985 0.0585654 0.0595207 0.0600619 0.0602927 0.0601402 0.0593026 0.0572661 0.0534484 0.0474827 0.0395305 0.0304036
 0.0038946 0.00620548 0.0091437 0.0126905 0.0168616 0.0216758 0.02707 0.0328403 0.0386555 0.0441264 0.0488947 0.0527155 0.0555081 0.0573498 0.0584223 0.0589467 0.0591227 0.0590603 0.0586964 0.0577261 0.055618 0.0517778 0.0458506 0.0380247 0.0291223
 0.00414187 0.00659325 0.00970072 0.0134342 0.0177972 0.0227968 0.0283617 0.0342857 0.0402407 0.0458322 0.0506673 0.0544361 0.0569912 0.0583887 0.0588579 0.0587151 0.0582567 0.0576576 0.0568834 0.0556358 0.0533815 0.0495254 0.043714 0.036131 0.0275738
 0.00443713 0.0070577 0.0103721 0.0143409 0.018958 0.0242182 0.0300288 0.0361534 0.0422309 0.047844 0.0525944 0.0561784 0.0584532 0.0594657 0.0594311 0.0586697 0.0575188 0.0562272 0.0548426 0.0531332 0.050609 0.0466956 0.0410392 0.033796 0.0257046
 0.00476933 0.00757658 0.0111152 0.0153334 0.0202148 0.0257444 0.0318146 0.0381635 0.0443969 0.0500628 0.0547365 0.0581039 0.0600313 0.0605881 0.0600119 0.0586374 0.0568145 0.0548197 0.0527567 0.0504739 0.0475654 0.0435203 0.038006 0.0311463 0.0235967
 0.00512443 0.00813766 0.0119306 0.0164408 0.0216387 0.0274917 0.0338648 0.0404593 0.046843 0.0525332 0.0570869 0.0601854 0.0617045 0.0617358 0.0605467 0.0585005 0.0559703 0.0532554 0.0504965 0.0476057 0.0442639 0.0400448 0.0346611 0.0282134 0.021265
 0.00546774 0.00867978 0.0127187 0.0175136 0.0230268 0.0292144 0.0359196 0.0428073 0.0493981 0.0551623 0.0596219 0.0624457 0.0635223 0.062977 0.0611195 0.0583521 0.0550784 0.051623 0.0481597 0.0446551 0.0408693 0.0364619 0.0311992 0.0251676 0.0188391
 0.00576294 0.00915224 0.0134174 0.0184831 0.0243045 0.0308237 0.0378582 0.0450362 0.0518369 0.0576923 0.0620947 0.0646953 0.0653821 0.0642992 0.0617911 0.0583024 0.0542768 0.050075 0.0459086 0.0417966 0.0375718 0.0329731 0.0278195 0.0221864 0.0164598
