SBPRF35
7.78865
Curr Bio
588731
B35
698122
F35
0.208921
FOFL
0.172454
OFL
79160.6
Bzero
2.22533e+06
#pred survey bio
 5.13879e+06 4.80293e+06 4.48857e+06 4.14046e+06 3.77413e+06 3.35396e+06 2.99655e+06 2.64825e+06 2.32949e+06 2.07074e+06 1.81459e+06 1.61337e+06 1.41118e+06 1.25029e+06 1.11827e+06 1.0037e+06 933422 863809 794044 763873 744518 708162 689742 671366 661623 650572 637238 632199 624461 626162 624419 621399 612708 606815 594175 578214 572735 559233 555997 562286 569331 575040 576354 577099 580362 586225 592364 590548 594774 592962 594958 607997 628691 650448 655623 645687 627095 629623 626708 607883 602129 593741 2.05369e+07 1.19864e+07 1.19318e+07 1.2407e+07 1.31954e+07 1.40702e+07 1.48869e+07 1.5579e+07 1.61308e+07 1.65537e+07 1.68693e+07 1.71008e+07 1.72691e+07 1.73907e+07 1.74785e+07 1.7542e+07 1.7588e+07 1.76216e+07 1.76463e+07 1.76644e+07 1.76779e+07 1.7688e+07 1.76955e+07 1.77012e+07 1.77055e+07 1.77088e+07 1.77113e+07 1.77132e+07 1.77147e+07 1.77158e+07 1.77166e+07 1.77173e+07 1.77178e+07 1.77182e+07 1.77185e+07 1.77187e+07 1.77189e+07 1.7719e+07 1.77191e+07 1.77192e+07 1.77193e+07 1.77193e+07 1.77194e+07 1.77194e+07 1.77194e+07 1.77194e+07 1.77195e+07 1.77195e+07 1.77195e+07 1.77195e+07 1.77195e+07 1.77195e+07 1.77195e+07 1.77195e+07 1.77195e+07 1.77195e+07 1.77195e+07 1.77195e+07 1.77195e+07 1.77195e+07 1.77195e+07 1.77195e+07 1.77195e+07 1.77195e+07 1.77195e+07 1.77195e+07 1.77195e+07 1.77195e+07 1.77195e+07 1.77195e+07 1.77195e+07 1.77195e+07 1.77195e+07 1.77195e+07 1.77195e+07 1.77195e+07 1.77195e+07 1.77195e+07 1.77195e+07 1.77195e+07 1.77195e+07 1.77195e+07 1.77195e+07 1.77195e+07 1.77195e+07 1.77195e+07 1.77195e+07 1.77195e+07 1.77195e+07 1.77195e+07 1.77195e+07 1.77195e+07 1.77195e+07 1.77195e+07 1.77195e+07 1.77195e+07 1.77195e+07 1.77195e+07 1.77195e+07 1.77195e+07 0 0 0 0 0 0 0 0 0 0 0 0 0 0 0 0 0 0 0 0 0 0 0 0 0
#obs survey bio
 4.73133e+06 6.72898e+06 3.34416e+06 4.15869e+06 2.63285e+06 3.20356e+06 2.45415e+06 1.63355e+06 1.70419e+06 1.38983e+06 1.38061e+06 1.2514e+06 1.27279e+06 1.0466e+06 514258 900232 797585 567830 1.17266e+06 993783 819248 655589 478926 477861 724335 574249 533668 885949 612406 664726 637055 512954 537319 781693 509885 623234 549439 484315 472780 483696 574092 567914 529792 555040 575080 448652 765461 589327 595433 495929 582337 656217 570687 706487 631761 459556 491699 802686 587845 461106 636885 703918
#pred catch bio
 104780 99216 150484 196042 281105 262544 292249 301661 279306 303020 273857 287707 258914 238232 225515 188309 186662 182518 144051 131484 142611 124913 123287 114560 113931 113289 103451 103024 93187.5 94641.9 93790 96142.7 90953.1 93461.1 93157 84060.7 94274.5 89382.2 83575.3 83795.3 85305.7 89167.3 89492.6 87043.7 84511.3 83877.4 90066.1 85431.3 92266.6 91255.8 84341.5 79862.9 80055.6 93899.7 105978 113111 95947.1 100668 112478 99621.5 98614.3 90791.9 79160.6 91475.4 89760 91894.9 97048.4 103145 108851 113599 117276 119987 121916 123254 124162 124770 125172 125435 125606 125717 125787 125833 125862 125880 125892 125899 125904 125907 125909 125910 125911 125911 125911 125911 125912 125912 125912 125912 125912 125912 125912 125912 125912 125912 125912 125912 125912 125912 125912 125912 125912 125912 125912 125912 125912 125912 125912 125912 125912 125912 125912 125912 125912 125912 125912 125912 125912 125912 125912 125912 125912 125912 125912 125912 125912 125912 125912 125912 125912 125912 125912 125912 125912 125912 125912 125912 125912 125912 125912 125912 125912 125912 125912 125912 125912 125912 125912 125912 125912 125912 125912 125912 0 0 0 0 0 0 0 0 0 0 0 0 0 0 0 0 0 0 0 0 0 0 0 0 0
#obs catch bio
 0 98834.1 150848 196354 283791 264311 295836 307410 285005 313001 283019 299388 268113 245782 234194 193852 192182 189151 146972 133499 144683 127035 125807 116672 116117 115595 105357 104117 94138.6 95810.1 94840.5 97436.9 91880.5 94170.6 94047.3 84670.8 95273.2 90472.8 84053.5 84074.4 85329 89613 90037.7 87627.8 84853.6 84237.4 89923.9 85179.5 92415.9 92027 85111.4 80597.1 80676.9 94659.8 106520 114382 96556.4 101071 113567 100126 99308.1 90747.4
#pred cpue bio
 5.06114e+06 4.73085e+06 4.42177e+06 4.0766e+06 3.71201e+06 3.29409e+06 2.93823e+06 2.59145e+06 2.27406e+06 2.01631e+06 1.76193e+06 1.56237e+06 1.36285e+06 1.20442e+06 1.07443e+06 961683 892636 824893 757549 728943 710720 675597 657652 639844 630517 620118 607636 603306 596300 598194 596762 594211 586213 580990 569275 554137 548250 533643 529469 535612 542823 548506 549769 550517 553824 559708 565886 564227 568046 565711 567063 579437 599660 621156 626506 616752 598178 600270 597681 579725 574302 567029 1.96754e+07 1.15096e+07 1.13626e+07 1.17034e+07 1.24357e+07 1.32949e+07 1.4108e+07 1.47993e+07 1.5351e+07 1.57739e+07 1.60894e+07 1.6321e+07 1.64892e+07 1.66108e+07 1.66986e+07 1.67621e+07 1.68082e+07 1.68418e+07 1.68664e+07 1.68846e+07 1.68981e+07 1.69082e+07 1.69157e+07 1.69214e+07 1.69257e+07 1.6929e+07 1.69315e+07 1.69334e+07 1.69348e+07 1.69359e+07 1.69368e+07 1.69374e+07 1.69379e+07 1.69383e+07 1.69386e+07 1.69389e+07 1.6939e+07 1.69392e+07 1.69393e+07 1.69394e+07 1.69394e+07 1.69395e+07 1.69395e+07 1.69396e+07 1.69396e+07 1.69396e+07 1.69396e+07 1.69396e+07 1.69396e+07 1.69396e+07 1.69396e+07 1.69397e+07 1.69397e+07 1.69397e+07 1.69397e+07 1.69397e+07 1.69397e+07 1.69397e+07 1.69397e+07 1.69397e+07 1.69397e+07 1.69397e+07 1.69397e+07 1.69397e+07 1.69397e+07 1.69397e+07 1.69397e+07 1.69397e+07 1.69397e+07 1.69397e+07 1.69397e+07 1.69397e+07 1.69397e+07 1.69397e+07 1.69397e+07 1.69397e+07 1.69397e+07 1.69397e+07 1.69397e+07 1.69397e+07 1.69397e+07 1.69397e+07 1.69397e+07 1.69397e+07 1.69397e+07 1.69397e+07 1.69397e+07 1.69397e+07 1.69397e+07 1.69397e+07 1.69397e+07 1.69397e+07 1.69397e+07 1.69397e+07 1.69397e+07 1.69397e+07 1.69397e+07 1.69397e+07 1.69397e+07 1.69397e+07 0 0 0 0 0 0 0 0 0 0 0 0 0 0 0 0 0 0 0 0 0 0 0 0 0
#obs cpue bio
 4.15542e+06 4.27918e+06 2.72671e+06 3.35466e+06 3.06907e+06 2.38259e+06 2.44841e+06 1.97138e+06 1.7469e+06 1.3176e+06 1.17825e+06 1.33954e+06 1.18306e+06 1.1944e+06 1.09561e+06 823307 821033 635140 580082 538681 741439 365540 620053 667800 430707 512968 509285 714870 425251 436282 516600 551038 636920 545202 520777 417891 535654 411844 844657 729466 670062 372301 502343 479260 631249 638642 830551 550536 431646 346677 423773 422310 598461 629744 813839 558788 691438 588839 471942 771968 486702 797161
#pred surv len freq
 0.00491339 0.00797231 0.0119898 0.0169456 0.0227226 0.0290297 0.0353708 0.0411604 0.0459402 0.0495287 0.0520044 0.0535825 0.0544996 0.0549543 0.0550856 0.0549703 0.0546343 0.0540613 0.0531719 0.0517677 0.0494898 0.0458824 0.0406129 0.0337587 0.0259508
 0.00506324 0.00813247 0.0120817 0.0168578 0.0223573 0.0283658 0.0345047 0.0402859 0.0452681 0.0491912 0.0520038 0.0538108 0.0548097 0.0552364 0.0553106 0.0551864 0.0549251 0.0544871 0.0537234 0.0523562 0.049982 0.0461639 0.0406429 0.0335833 0.0256704
 0.00541534 0.00866792 0.0128125 0.0177547 0.0233386 0.0292957 0.0352094 0.0406008 0.045108 0.0486058 0.0511699 0.0529536 0.0541 0.054732 0.0549735 0.0549489 0.0547485 0.0543742 0.0536865 0.0523764 0.0499974 0.0460973 0.0404482 0.0332742 0.0253106
 0.00568707 0.00912026 0.0135111 0.0187617 0.0246922 0.0309776 0.0371141 0.0425266 0.0467893 0.049782 0.0516683 0.0527488 0.053318 0.0535925 0.0536993 0.0536943 0.0535821 0.0533073 0.0527093 0.0514738 0.0491483 0.0452787 0.0396516 0.0325206 0.0246453
 0.00596266 0.00955837 0.014154 0.0196477 0.0258546 0.0324401 0.0388754 0.0445385 0.0489359 0.0518726 0.0534565 0.0539839 0.0538176 0.0533051 0.0527198 0.0522216 0.051841 0.0514805 0.0509099 0.0497557 0.0475339 0.0437839 0.0383015 0.0313523 0.023697
 0.00634975 0.0101667 0.0150306 0.020823 0.0273388 0.0342188 0.0409034 0.0467395 0.0512091 0.0541018 0.0555092 0.0557031 0.0550238 0.053825 0.0524406 0.0511394 0.0500718 0.0492236 0.0483861 0.0471575 0.0450074 0.0414389 0.0362266 0.0296186 0.0223469
 0.00674079 0.0107822 0.0159192 0.0220169 0.0288493 0.0360294 0.0429622 0.0489566 0.0534687 0.0562829 0.0575022 0.0574104 0.0563469 0.0546516 0.0526481 0.0506245 0.0487953 0.0472434 0.0458573 0.0442983 0.0420539 0.0386089 0.0336985 0.0275179 0.0207346
 0.00714633 0.0114283 0.0168669 0.0233131 0.030518 0.0380579 0.0452867 0.0514595 0.055995 0.0586716 0.0596143 0.0591417 0.0576241 0.055417 0.0528428 0.0501825 0.0476574 0.0453917 0.0433518 0.0412953 0.0387908 0.0353625 0.0307313 0.0250286 0.0188249
 0.00754953 0.0120688 0.0178032 0.0245908 0.0321625 0.0400643 0.0476052 0.0539883 0.0585892 0.0611656 0.0618481 0.0609806 0.0589687 0.0562031 0.0530314 0.0497446 0.0465657 0.0436302 0.0409455 0.0383453 0.035493 0.0319893 0.0275779 0.0223421 0.0167471
 0.00783933 0.0125399 0.0185125 0.0255913 0.0334948 0.0417408 0.0495947 0.0562093 0.0609202 0.0634664 0.063979 0.0628149 0.0603981 0.0571412 0.0534149 0.0495309 0.0457277 0.0421569 0.0388561 0.0357163 0.0324837 0.0288414 0.0245755 0.0197421 0.0147123
 0.00813293 0.0130143 0.0192214 0.0265835 0.0348064 0.0433817 0.0515335 0.0583663 0.063175 0.0656781 0.0660081 0.0645382 0.0617167 0.0579815 0.0537263 0.04928 0.0448948 0.0407365 0.0368681 0.0332284 0.0296341 0.0258452 0.0216953 0.0172262 0.0127273
 0.00830862 0.013305 0.0196688 0.0272316 0.0356944 0.0445333 0.0529435 0.0599931 0.0649439 0.0674912 0.067757 0.066114 0.0630178 0.0589207 0.0542344 0.0493064 0.0444058 0.0397165 0.0353276 0.0312209 0.0272756 0.0233194 0.0192317 0.015048 0.010991
 0.00858156 0.0137352 0.0202913 0.0280707 0.0367611 0.0458201 0.0544182 0.0615952 0.0665898 0.0690872 0.069212 0.0673482 0.0639658 0.0595311 0.0544679 0.0491335 0.0438053 0.0386776 0.0338587 0.0293653 0.0251293 0.0210379 0.0170117 0.0130838 0.00942168
 0.00894385 0.0142867 0.0210519 0.0290348 0.0379015 0.0470956 0.0557775 0.0629776 0.0679287 0.0703172 0.070276 0.068201 0.064573 0.0598662 0.0545094 0.0488629 0.0432064 0.0377392 0.0325831 0.0277829 0.0233139 0.0191137 0.0151395 0.0114247 0.00809253
 0.00922373 0.0147388 0.0217249 0.0299669 0.0391066 0.0485462 0.057391 0.0646223 0.0694535 0.0715925 0.0712239 0.0687987 0.0648367 0.0598285 0.0542021 0.0483079 0.0424144 0.0367132 0.0313285 0.0263217 0.0217006 0.0174426 0.0135351 0.0100133 0.00696606
 0.00938794 0.0150151 0.022158 0.0306048 0.0399907 0.0496943 0.0587788 0.066173 0.0710433 0.0730717 0.0724471 0.0696546 0.0652689 0.0598398 0.0538401 0.0476408 0.0415072 0.0356153 0.0300747 0.0249448 0.0202474 0.0159849 0.0121655 0.00882527 0.00602596
 0.00938949 0.0150224 0.0221799 0.0306572 0.0400996 0.0498963 0.0591178 0.0666897 0.0717579 0.0739664 0.0734562 0.0706719 0.0661705 0.0605147 0.054216 0.0476941 0.041256 0.0351022 0.0293505 0.0240617 0.0192626 0.014966 0.0111902 0.00796863 0.00534203
 0.0092858 0.0148881 0.0220407 0.030558 0.0400919 0.0500194 0.0593848 0.0670876 0.0722606 0.074549 0.0740989 0.0713511 0.0668462 0.0611253 0.0546883 0.047962 0.0412795 0.0348763 0.0289016 0.0234381 0.0185258 0.0141853 0.0104367 0.0073058 0.00481308
 0.00932932 0.0149414 0.0220907 0.0305864 0.0400866 0.0499887 0.0593638 0.0671297 0.0724143 0.0748343 0.0744987 0.0718216 0.0673353 0.0615857 0.055078 0.0482407 0.0414096 0.0348305 0.0286734 0.0230471 0.0180156 0.0136155 0.0098717 0.00680232 0.00440918
 0.00942511 0.0150562 0.0221879 0.0306068 0.039965 0.0496807 0.0588714 0.0665107 0.0717726 0.074294 0.0741711 0.0717756 0.0675804 0.0620731 0.0557186 0.0489305 0.0420505 0.0353445 0.0290109 0.0231913 0.0179826 0.0134486 0.00962941 0.0065434 0.00417912
 0.00953174 0.015216 0.0224008 0.030858 0.040221 0.0498889 0.0589655 0.0664264 0.071474 0.0737993 0.0735614 0.0711762 0.0671209 0.0618453 0.0557501 0.0491834 0.0424412 0.0357725 0.0293859 0.0234521 0.0181052 0.0134444 0.0095351 0.00640555 0.00403927
 0.00969429 0.0154773 0.0227871 0.0313879 0.0408964 0.0506832 0.0598126 0.0672214 0.0720907 0.0741224 0.0735222 0.0707775 0.0664408 0.0610171 0.0549227 0.0484775 0.0419188 0.035432 0.0291794 0.0233149 0.0179826 0.0133074 0.0093814 0.0062504 0.0039021
 0.00971488 0.0155118 0.0228419 0.0314719 0.0410225 0.0508674 0.0600701 0.0675578 0.0724905 0.0745412 0.0738892 0.0710125 0.0664827 0.0608494 0.0545842 0.0480493 0.0414936 0.0350802 0.0289294 0.0231544 0.0178772 0.0132226 0.00929758 0.00616498 0.00382276
 0.0097175 0.0155199 0.0228613 0.0315106 0.0410889 0.0509684 0.060209 0.0677348 0.0727037 0.0747853 0.0741509 0.0712649 0.066684 0.0609526 0.0545559 0.047887 0.0412312 0.0347753 0.0286396 0.0229162 0.0176994 0.0130939 0.00920085 0.00608801 0.00376085
 0.00960814 0.0153586 0.0226498 0.0312622 0.0408269 0.0507208 0.0600051 0.0676015 0.0726622 0.0748481 0.0743181 0.0715225 0.0670039 0.0612941 0.0548713 0.0481328 0.0413814 0.0348302 0.0286229 0.022862 0.0176369 0.0130389 0.00915684 0.00605273 0.00373204
 0.00951346 0.0152115 0.0224416 0.0309915 0.0405016 0.0503605 0.0596425 0.0672793 0.0724253 0.0747315 0.0743387 0.0716766 0.0672703 0.0616395 0.0552545 0.0485097 0.041712 0.0350866 0.0287959 0.0229611 0.0176823 0.0130525 0.0091549 0.00604453 0.0037221
 0.0094101 0.0150558 0.0222301 0.0307291 0.0401995 0.0500341 0.0593096 0.0669619 0.0721494 0.0745262 0.0742309 0.0716853 0.0674008 0.0618806 0.0555799 0.0488822 0.0420899 0.0354317 0.0290805 0.0231728 0.0178243 0.013138 0.00920091 0.00606615 0.00373023
 0.00940113 0.0150179 0.0221313 0.030528 0.0398595 0.0495436 0.0586978 0.0662975 0.0715222 0.0740193 0.0739012 0.0715578 0.0674738 0.0621331 0.0559769 0.0493786 0.0426342 0.0359722 0.0295725 0.0235851 0.0181429 0.0133652 0.00935044 0.00615695 0.00378095
 0.00949376 0.0151514 0.0222986 0.0307071 0.0400138 0.0496262 0.05866 0.0661023 0.0711608 0.0735235 0.0733423 0.0710272 0.0670559 0.0618828 0.0559115 0.0494819 0.0428677 0.0362858 0.0299143 0.0239102 0.0184195 0.0135779 0.00949897 0.00625122 0.00383532
 0.00937844 0.0149911 0.0221072 0.030513 0.0398499 0.0495143 0.0585982 0.066064 0.0711047 0.0734122 0.0731589 0.0707864 0.0668018 0.0616758 0.0558075 0.049514 0.0430373 0.036565 0.0302575 0.0242668 0.0187463 0.0138468 0.00969899 0.00638605 0.00391772
 0.00927521 0.0148294 0.0218769 0.0302128 0.039492 0.0491283 0.0582312 0.0657707 0.0709284 0.0733649 0.0732146 0.0708942 0.0669119 0.0617629 0.0558791 0.0496008 0.0431729 0.0367677 0.0305211 0.0245646 0.0190422 0.0141082 0.00990562 0.0065329 0.00401165
 0.00916299 0.0146575 0.0216377 0.0299062 0.0391252 0.0487157 0.057796 0.0653469 0.0705603 0.0730991 0.0730874 0.0709174 0.0670669 0.0620077 0.056166 0.0498955 0.0434632 0.0370584 0.0308195 0.0248686 0.0193372 0.0143728 0.0101218 0.00669239 0.00411753
 0.00905841 0.0144992 0.0214212 0.0296354 0.0388109 0.0483735 0.0574446 0.0650075 0.0702554 0.0728514 0.0729182 0.0708446 0.0671013 0.0621474 0.0563936 0.050182 0.0437774 0.0373766 0.0311289 0.025163 0.01961 0.0146143 0.0103212 0.00684316 0.00422072
 0.00892256 0.014288 0.0211219 0.0292444 0.0383357 0.0478353 0.0568796 0.0644647 0.0697879 0.0725037 0.0727176 0.0707992 0.0672044 0.0623828 0.0567388 0.0506083 0.0442514 0.0378638 0.0315993 0.0255942 0.0199875 0.0149293 0.0105695 0.00702579 0.00434428
 0.00900322 0.0143877 0.021214 0.0292848 0.0382753 0.0476389 0.0565425 0.064017 0.0692849 0.0720097 0.0722904 0.0704814 0.0670196 0.062337 0.0568233 0.0508041 0.0445324 0.0381995 0.0319581 0.0259467 0.0203099 0.0152051 0.0107898 0.00718915 0.00445579
 0.0097687 0.0154806 0.0225767 0.0307639 0.0396597 0.0487249 0.0571895 0.0641698 0.0689664 0.0713009 0.0713093 0.0693611 0.0658864 0.0612915 0.055931 0.0500957 0.0440107 0.0378481 0.031749 0.0258467 0.0202853 0.0152255 0.010831 0.00723376 0.00449376
 0.0103576 0.0164134 0.0239269 0.0325621 0.0418634 0.0511852 0.059637 0.0662507 0.0703381 0.0717466 0.0708075 0.0680732 0.0640795 0.0592488 0.0538889 0.048218 0.0423902 0.0365212 0.0307128 0.0250741 0.0197366 0.0148563 0.0105973 0.00709588 0.00441874
 0.0101784 0.0162508 0.0239197 0.032917 0.0427983 0.0528368 0.0619762 0.0690523 0.0732219 0.0742709 0.0725791 0.068842 0.0637926 0.0580467 0.0520458 0.0460542 0.0401925 0.0344975 0.0289829 0.0236841 0.0186809 0.0140981 0.0100841 0.00677049 0.00422687
 0.00981781 0.0156993 0.0231627 0.0319871 0.0417944 0.0519375 0.0614303 0.069124 0.0740917 0.0759331 0.0747993 0.0712117 0.065861 0.0594643 0.0526564 0.0459062 0.0394819 0.033479 0.0278905 0.0226845 0.0178633 0.0134875 0.00966371 0.00650302 0.00406982
 0.00971113 0.0154939 0.0227962 0.0313868 0.0409025 0.0507511 0.0600391 0.0677243 0.0729581 0.0753509 0.0749738 0.0721861 0.067479 0.0614039 0.054532 0.0473945 0.0404138 0.0338596 0.0278516 0.0224065 0.0175072 0.0131597 0.00941276 0.00633535 0.00397008
 0.00975486 0.0155469 0.0228399 0.0313854 0.0408038 0.0504925 0.059563 0.0670022 0.0720217 0.074315 0.0740334 0.0715712 0.0673762 0.061877 0.0554833 0.0485935 0.0415835 0.0347779 0.0284162 0.0226388 0.0175065 0.0130425 0.00926975 0.00621597 0.0038893
 0.00974477 0.0155415 0.022851 0.0314273 0.0408847 0.0506025 0.0596647 0.0670326 0.0719084 0.0740057 0.0735268 0.0709382 0.0667549 0.0614346 0.055353 0.0488149 0.0420815 0.0353949 0.0289827 0.0230406 0.0177135 0.0130932 0.0092313 0.00614838 0.00382837
 0.0096995 0.0154797 0.0227801 0.0313634 0.040849 0.0506159 0.0597397 0.0671651 0.0720719 0.0741505 0.0735902 0.0708674 0.0665353 0.061109 0.0550159 0.0485771 0.0420198 0.035516 0.0292237 0.0233056 0.0179218 0.0132096 0.00926535 0.00613277 0.00379563
 0.00962936 0.0153742 0.0226378 0.03119 0.0406584 0.0504287 0.0595826 0.0670666 0.0720548 0.0742216 0.0737326 0.0710401 0.066685 0.0611913 0.0550169 0.0485234 0.0419668 0.0355181 0.0293044 0.0234468 0.0180789 0.0133391 0.00934563 0.0061668 0.00380002
 0.00958484 0.015298 0.0225168 0.0310111 0.0404136 0.0501226 0.0592375 0.0667231 0.0717633 0.0740289 0.0736687 0.0711096 0.0668652 0.0614383 0.0552796 0.0487617 0.042165 0.0356857 0.0294624 0.0236087 0.0182406 0.0134837 0.00945642 0.00623773 0.00383692
 0.0095092 0.0151825 0.0223566 0.0308058 0.0401658 0.0498367 0.0589203 0.0663872 0.0714312 0.0737337 0.0734502 0.0710043 0.0668951 0.0616012 0.0555485 0.0490923 0.042511 0.0360128 0.0297538 0.0238616 0.0184566 0.0136618 0.00959343 0.00633301 0.00389536
 0.00953925 0.0152122 0.0223663 0.0307665 0.0400479 0.0496233 0.0586175 0.0660245 0.0710508 0.073378 0.0731531 0.0707909 0.0667839 0.0616042 0.0556664 0.0493105 0.0427997 0.0363339 0.0300718 0.024151 0.0187032 0.0138603 0.00974372 0.00643841 0.00396264
 0.00980366 0.0155981 0.0228639 0.0313352 0.0406229 0.05013 0.0589863 0.0662022 0.0710104 0.0731259 0.0727294 0.0702596 0.0662169 0.0610663 0.0552066 0.0489582 0.0425639 0.0362055 0.0300282 0.0241639 0.0187463 0.0139134 0.00979379 0.00647865 0.00399091
 0.00997365 0.0158683 0.0232573 0.0318635 0.0412781 0.0508742 0.0597455 0.066873 0.0714849 0.0733237 0.0726223 0.0698767 0.0656302 0.0603686 0.0544889 0.0482945 0.0420035 0.0357712 0.0297197 0.0239644 0.0186305 0.0138546 0.00976931 0.00647193 0.00399155
 0.0100588 0.0160178 0.0235026 0.0322397 0.0418149 0.0515805 0.0605942 0.0677944 0.0723741 0.0740604 0.0730976 0.0700181 0.0654198 0.0598468 0.0537428 0.047434 0.0411356 0.0349799 0.0290567 0.0234491 0.0182569 0.0136014 0.00960865 0.00637657 0.00393871
 0.00996849 0.015898 0.0233734 0.0321395 0.0417942 0.051689 0.0608671 0.0682424 0.0729759 0.0747612 0.0738117 0.0706426 0.0658565 0.0600273 0.0536475 0.0470964 0.0406301 0.0343991 0.0284868 0.0229524 0.017865 0.0133187 0.00942107 0.00626185 0.00387399
 0.00976291 0.015584 0.0229402 0.0315958 0.0411713 0.0510434 0.0602798 0.0678096 0.0727887 0.0748772 0.0742337 0.0713128 0.0666694 0.0608554 0.0543713 0.0476319 0.0409447 0.0345118 0.0284527 0.022839 0.017731 0.0132016 0.00933653 0.00620944 0.00384571
 0.00957844 0.0152889 0.022506 0.0310023 0.0404145 0.0501464 0.0593032 0.0668525 0.0719747 0.0743284 0.0740413 0.0715154 0.0672421 0.0617129 0.0553859 0.0486624 0.0418691 0.0352522 0.0289846 0.0231833 0.017934 0.0133136 0.0093973 0.00624398 0.00386673
 0.00947322 0.0151152 0.0222395 0.0306185 0.0398936 0.0494814 0.0585099 0.0659763 0.0710902 0.0735309 0.0734335 0.0711889 0.0672576 0.0620825 0.0560643 0.0495532 0.0428465 0.036192 0.0297927 0.0238123 0.0183815 0.0136081 0.00957933 0.00635122 0.00392762
 0.00963749 0.0153485 0.0225271 0.0309226 0.0401597 0.0496515 0.0585346 0.065823 0.0707486 0.0730182 0.0727986 0.0705104 0.0666332 0.0616086 0.0558124 0.0495491 0.0430627 0.0365571 0.0302159 0.0242114 0.0187042 0.013837 0.00972383 0.00643364 0.00397079
 0.00986167 0.0157036 0.0230418 0.0316105 0.0410088 0.0506116 0.05951 0.0666808 0.0713483 0.0732521 0.0726227 0.0699542 0.0657878 0.0606041 0.0547901 0.0486347 0.0423417 0.0360613 0.0299251 0.0240715 0.0186523 0.0138223 0.0097174 0.00642516 0.00396047
 0.00986585 0.0157498 0.0231835 0.0319203 0.0415581 0.0514382 0.0605881 0.0679111 0.0725747 0.0742969 0.0733272 0.0702129 0.0655702 0.0599597 0.053835 0.0475223 0.0412269 0.0350676 0.0291247 0.0234817 0.0182489 0.0135611 0.00955337 0.00632355 0.00389847
 0.00959741 0.0153468 0.0226426 0.0312696 0.0408608 0.050791 0.0601125 0.0677306 0.0727764 0.0748908 0.0742275 0.0712556 0.0665627 0.0607379 0.0543057 0.0476777 0.0411312 0.034824 0.0288378 0.0232282 0.0180652 0.0134488 0.00949478 0.00629697 0.00388741
 0.00957756 0.015288 0.0225065 0.0310078 0.0404322 0.0501879 0.0593826 0.066981 0.0721509 0.0745305 0.0742265 0.0716301 0.0672415 0.0615813 0.0551475 0.0483755 0.0416049 0.0350677 0.0289026 0.0231899 0.0179922 0.0133839 0.00945345 0.00627721 0.00388078
 0.00962007 0.0153677 0.0226432 0.0312187 0.0407183 0.0505184 0.0596888 0.0671724 0.0721537 0.0743282 0.0738777 0.0712481 0.066946 0.0614476 0.0551794 0.0485126 0.0417571 0.0351578 0.0288956 0.0230966 0.0178519 0.0132398 0.0093349 0.00619467 0.00383076
 0.00903279 0.0145324 0.0216084 0.0301074 0.0396968 0.0497416 0.0592529 0.067094 0.0723779 0.0747543 0.0743938 0.0717669 0.0674299 0.061909 0.0556544 0.0490247 0.0422937 0.0356735 0.0293364 0.023427 0.0180677 0.0133624 0.00939617 0.00622254 0.00384329
 0.00826976 0.0133688 0.0200062 0.0280988 0.0373934 0.0473366 0.0570111 0.0653149 0.071322 0.0745583 0.0750234 0.0730382 0.0690857 0.0637069 0.0574226 0.0506716 0.0437831 0.0369898 0.0304639 0.0243487 0.0187768 0.0138716 0.0097365 0.00643464 0.00396685
#obs surv len freq
 nan nan nan nan nan nan nan nan nan nan nan nan nan nan nan nan nan nan nan nan nan nan nan nan nan
 0.0044912 0.00735538 0.0111878 0.0160053 0.0217057 0.0279793 0.0342906 0.0400189 0.0446957 0.0481573 0.0505133 0.0520076 0.0528986 0.0534099 0.0537234 0.0539777 0.0542558 0.0545482 0.0546868 0.0542786 0.0527168 0.0493494 0.0437999 0.036281 0.0276659
 0.00460957 0.00755324 0.0114951 0.0164522 0.0223143 0.0287523 0.0351995 0.041002 0.0456679 0.0490281 0.0512049 0.0524658 0.053097 0.0533494 0.0534268 0.0534822 0.0536046 0.0537836 0.0538475 0.0534013 0.05184 0.0485159 0.0430542 0.0356607 0.0271918
 0.00477403 0.00781988 0.0118954 0.0170158 0.0230645 0.0296977 0.0363243 0.0422589 0.0469798 0.0502975 0.0523276 0.0533454 0.0536582 0.0535478 0.0532532 0.0529596 0.0527798 0.0527173 0.0526067 0.0520566 0.0504665 0.0471938 0.0418631 0.0346663 0.0264303
 0.00496071 0.00812589 0.0123606 0.0176784 0.0239536 0.0308214 0.0376577 0.0437411 0.048523 0.0518029 0.0536982 0.0544912 0.0544978 0.0540122 0.0532937 0.0525567 0.051948 0.051504 0.0510873 0.0503285 0.0486451 0.0454057 0.0402331 0.0332961 0.0253772
 0.00518022 0.00848406 0.0129021 0.018446 0.0249802 0.0321171 0.0391969 0.0454566 0.0503146 0.0535558 0.0553007 0.0558455 0.0555226 0.0546411 0.0534736 0.0522503 0.0511406 0.0502131 0.0493703 0.048287 0.0464219 0.0431724 0.0381657 0.0315413 0.0240203
 0.00541535 0.00886836 0.0134844 0.0192731 0.0260881 0.0335176 0.0408623 0.0473153 0.0522602 0.0554671 0.0570604 0.0573505 0.0566872 0.0553956 0.0537627 0.0520314 0.050386 0.0489191 0.0475714 0.0460717 0.0439389 0.040621 0.0357635 0.0294775 0.0224115
 0.00563955 0.00923988 0.0140566 0.0201002 0.0272148 0.0349616 0.0425978 0.0492666 0.0543133 0.0574918 0.0589317 0.0589602 0.0579471 0.0562362 0.054129 0.0518798 0.049684 0.0476518 0.0457574 0.0437836 0.0413193 0.0378789 0.033142 0.0271984 0.0206187
 0.00588395 0.00963713 0.0146547 0.0209452 0.0283429 0.0363879 0.0443017 0.051185 0.0563462 0.0595183 0.0608277 0.0606116 0.0592576 0.0571295 0.0545476 0.0517801 0.0490334 0.0464317 0.0439773 0.0415034 0.038671 0.0350693 0.0304232 0.0248098 0.0187238
 0.00612442 0.0100312 0.0152534 0.0217974 0.0294859 0.0378319 0.0460151 0.0530905 0.0583341 0.061469 0.0626301 0.0621715 0.0604963 0.0579809 0.0549562 0.0516995 0.0484268 0.0452754 0.0422734 0.0393013 0.0360903 0.032306 0.0277253 0.02242 0.0168141
 0.00636288 0.0104241 0.0158543 0.0226592 0.0306502 0.0393115 0.0477773 0.0550513 0.0603704 0.0634439 0.0644174 0.0636701 0.0616338 0.0587095 0.0552435 0.0515204 0.047758 0.0440989 0.0405894 0.037151 0.03358 0.029617 0.0250925 0.0200787 0.0149349
 0.00660872 0.0108263 0.0164644 0.0235269 0.0318135 0.040782 0.0495238 0.0569932 0.0623883 0.0654009 0.0661821 0.0651322 0.062712 0.0593527 0.0554267 0.0512353 0.047003 0.0428753 0.0389089 0.0350556 0.0311663 0.0270486 0.022584 0.0178476 0.0131416
 0.00683129 0.0111931 0.0170255 0.0243317 0.0329008 0.0421638 0.0511694 0.0588243 0.0642901 0.0672444 0.0678449 0.0665113 0.0637285 0.0599528 0.0555805 0.0509327 0.0462479 0.0416807 0.0372993 0.0330803 0.0289181 0.0246756 0.0202769 0.0158 0.0114963
 0.00705004 0.0115499 0.0175648 0.0250956 0.033921 0.0434489 0.0526915 0.0605132 0.0660418 0.0689401 0.0693703 0.067769 0.0646446 0.060478 0.055688 0.0506141 0.0455086 0.0405375 0.0357828 0.0312444 0.0268535 0.0225173 0.0181936 0.0139598 0.0100218
 0.00727862 0.0119234 0.0181301 0.0258961 0.0349868 0.0447817 0.0542498 0.0622098 0.0677577 0.0705493 0.070762 0.0688595 0.0653786 0.0608251 0.0556378 0.0501712 0.0446883 0.0393637 0.0342911 0.0294902 0.0249231 0.020533 0.0163027 0.0123053 0.00870507
 0.00745639 0.0122169 0.01858 0.0265431 0.0358628 0.0458969 0.0555786 0.0636857 0.0692814 0.0720075 0.0720467 0.0698821 0.0660765 0.0611632 0.0556055 0.0497762 0.0439502 0.0383108 0.0329618 0.0279395 0.0232311 0.0188078 0.0146709 0.0108865 0.00758172
 0.0075146 0.0123185 0.0187466 0.026801 0.0362407 0.0464187 0.0562565 0.0645131 0.0702308 0.0730305 0.0730776 0.0708437 0.0668894 0.0617567 0.055926 0.049792 0.0436518 0.0377085 0.0320845 0.0268364 0.0219748 0.0174945 0.0134102 0.00978105 0.00670206
 0.00757378 0.0124057 0.018862 0.0269414 0.0364035 0.0466081 0.0564868 0.0648067 0.0706109 0.0735109 0.0736536 0.0714878 0.0675518 0.0623715 0.0564212 0.0501017 0.0437265 0.0375222 0.0316383 0.0261604 0.0211276 0.0165592 0.0124829 0.00895165 0.00603399
 0.00765671 0.0125327 0.0190378 0.0271639 0.0366629 0.0468876 0.0567644 0.0650612 0.0708299 0.0736992 0.0738329 0.071687 0.0677912 0.0626488 0.0567068 0.0503442 0.0438655 0.0375043 0.031431 0.0257614 0.0205685 0.0159012 0.0118046 0.00833025 0.00552587
 0.0077092 0.012613 0.0191491 0.0273055 0.03683 0.0470716 0.0569531 0.0652394 0.0709829 0.0738173 0.0739169 0.0717501 0.0678558 0.062737 0.056829 0.0504891 0.0439992 0.0375786 0.0313988 0.0255937 0.0202663 0.0154976 0.0113559 0.00789896 0.00516196
 0.00779419 0.0127455 0.0193378 0.0275532 0.0371322 0.0474144 0.0573117 0.06558 0.0712689 0.0740183 0.0740172 0.0717515 0.0677763 0.0626061 0.0566794 0.0503468 0.0438738 0.0374594 0.0312593 0.025405 0.0200125 0.0151858 0.0110158 0.00757146 0.00488359
 0.00780987 0.0127731 0.0193831 0.0276231 0.0372328 0.0475487 0.0574772 0.0657674 0.0714629 0.0742006 0.0741694 0.0718587 0.0678306 0.0626082 0.0566391 0.0502797 0.0437949 0.0373755 0.031166 0.0252888 0.0198605 0.0149958 0.0108013 0.0073572 0.0046955
 0.00784637 0.0128245 0.0194459 0.0276899 0.0372953 0.0476025 0.0575244 0.065816 0.0715225 0.0742766 0.0742594 0.0719529 0.0679147 0.0626686 0.0566669 0.0502735 0.0437597 0.0373187 0.0310926 0.0251987 0.0197503 0.014865 0.0106563 0.00721215 0.00456659
 0.00788175 0.0128793 0.0195231 0.0277889 0.0374115 0.0477255 0.0576395 0.0659071 0.0715781 0.0742952 0.0742509 0.0719328 0.0678962 0.0626565 0.0566576 0.0502586 0.0437317 0.0372742 0.0310314 0.0251223 0.0196605 0.014764 0.0105496 0.00710828 0.00447534
 0.00787142 0.0128606 0.0194916 0.0277404 0.0373432 0.0476394 0.0575433 0.0658134 0.0715006 0.0742445 0.0742325 0.0719481 0.0679445 0.0627353 0.056761 0.0503762 0.0438496 0.0373783 0.0311109 0.0251713 0.0196779 0.0147534 0.0105178 0.00706483 0.00443018
 0.00789308 0.0128888 0.0195208 0.0277608 0.0373432 0.0476094 0.0574797 0.0657203 0.0713895 0.0741316 0.0741347 0.0718798 0.0679143 0.0627456 0.0568081 0.0504523 0.0439434 0.0374767 0.0312007 0.0252419 0.0197231 0.0147725 0.0105151 0.00704765 0.00440692
 0.00788691 0.0128793 0.0195074 0.0277423 0.0373175 0.0475725 0.0574262 0.0656456 0.0712927 0.0740189 0.0740197 0.0717805 0.0678483 0.0627247 0.0568359 0.0505238 0.0440472 0.0375979 0.0313234 0.0253519 0.0198103 0.0148322 0.0105484 0.00706022 0.00440633
 0.00790363 0.0129019 0.019533 0.0277654 0.0373317 0.0475727 0.0574102 0.0656138 0.0712465 0.0739591 0.0739476 0.0716998 0.0677667 0.0626543 0.0567894 0.0505105 0.0440696 0.0376507 0.0313956 0.0254298 0.0198814 0.0148879 0.0105853 0.00707995 0.00441355
 0.00788366 0.0128714 0.0194905 0.0277109 0.0372655 0.0474958 0.0573244 0.0655223 0.071155 0.0738755 0.07388 0.0716543 0.0677465 0.062659 0.0568179 0.0505618 0.0441428 0.037743 0.0315007 0.0255383 0.0199824 0.0149722 0.0106481 0.00712114 0.00443699
 0.00787239 0.0128503 0.019454 0.0276526 0.0371807 0.0473842 0.0571926 0.0653833 0.0710246 0.0737675 0.0738034 0.0716129 0.0677399 0.0626848 0.056872 0.0506395 0.044239 0.0378525 0.0316177 0.0256556 0.0200918 0.015066 0.0107212 0.0071724 0.00446902
 0.00784605 0.0128051 0.0193816 0.0275439 0.0370286 0.0471873 0.0569584 0.0651301 0.0707785 0.0735572 0.0736533 0.0715387 0.0677459 0.0627643 0.0570106 0.0508194 0.0444426 0.0380645 0.0318256 0.025849 0.0202624 0.0152075 0.0108304 0.00724987 0.00451905
 0.00785068 0.0128074 0.0193751 0.027519 0.036974 0.0470937 0.056822 0.0649544 0.0705751 0.0733444 0.0734543 0.0713773 0.0676424 0.062731 0.0570494 0.0509218 0.044593 0.0382441 0.0320159 0.0260342 0.0204299 0.0153488 0.010941 0.00732966 0.00457163
 0.00779534 0.0127246 0.0192639 0.0273826 0.0368183 0.0469244 0.0566437 0.064771 0.070392 0.0731702 0.0733013 0.0712604 0.0675762 0.0627272 0.0571133 0.051051 0.0447767 0.0384651 0.0322535 0.0262679 0.0206424 0.0155282 0.0110813 0.00743086 0.00463853
 0.00778546 0.0127011 0.0192153 0.027295 0.0366803 0.0467346 0.0564148 0.0645288 0.0701663 0.0729843 0.0731662 0.0711765 0.0675398 0.062736 0.0571682 0.0511534 0.044925 0.0386517 0.0324647 0.0264857 0.0208487 0.0157077 0.0112249 0.00753628 0.00470916
 0.00775638 0.0126563 0.019152 0.027211 0.0365731 0.0466003 0.0562498 0.0643332 0.0699485 0.0727633 0.0729685 0.0710284 0.0674587 0.0627269 0.0572256 0.0512669 0.0450835 0.0388442 0.0326788 0.0267067 0.0210602 0.0158949 0.0113772 0.00764963 0.00478604
 0.00933915 0.0148703 0.0218208 0.0299496 0.0389006 0.0481189 0.0567858 0.0639617 0.0689081 0.0713338 0.0713838 0.0694477 0.0659781 0.0613998 0.0560785 0.0503073 0.0443062 0.0382358 0.0322213 0.0263794 0.0208401 0.0157575 0.0112987 0.00760935 0.00476785
 0.00932739 0.0151435 0.022747 0.0319843 0.042388 0.0530233 0.0625224 0.0694919 0.0731093 0.0734423 0.0712463 0.0674614 0.0628164 0.057725 0.0523788 0.0468715 0.0412725 0.0356524 0.0300899 0.0246778 0.0195321 0.0147963 0.010629 0.00717083 0.00450034
 0.0089637 0.0145744 0.0219533 0.0310199 0.0414315 0.0524131 0.0627145 0.0708989 0.0758541 0.077177 0.0751953 0.0707162 0.0647138 0.0580759 0.0514381 0.0451248 0.0392061 0.0336213 0.028294 0.023199 0.0183814 0.0139474 0.0100375 0.00678394 0.00426479
 0.00879923 0.0142907 0.0214973 0.0303361 0.0404837 0.0512214 0.0614009 0.0697135 0.0751509 0.0773139 0.0763758 0.0728444 0.0673651 0.0606367 0.0533524 0.0461049 0.0392882 0.0330658 0.027425 0.0222814 0.0175747 0.0133171 0.00958776 0.00648806 0.00408505
 0.00872946 0.0141735 0.0213127 0.0300593 0.0400861 0.0506755 0.0606922 0.0688601 0.0742286 0.0764741 0.0758369 0.0728345 0.0680221 0.0619114 0.0549853 0.0477127 0.0405215 0.0337436 0.0275702 0.0220566 0.0171786 0.0129063 0.00924871 0.00624708 0.00393286
 0.00871587 0.0141469 0.0212636 0.0299751 0.0399518 0.050476 0.0604144 0.068495 0.0737754 0.0759496 0.0752909 0.0723622 0.0677565 0.0619818 0.0554512 0.0485106 0.0414686 0.0346096 0.0281762 0.0223405 0.0171923 0.0127613 0.00905385 0.00607302 0.00380769
 0.00868755 0.0141044 0.0212061 0.0299031 0.0398657 0.0503743 0.0602921 0.0683442 0.0735869 0.0757169 0.0750152 0.0720609 0.0674714 0.061781 0.0554137 0.0486922 0.0418639 0.0351377 0.0287086 0.0227577 0.0174336 0.012837 0.00902051 0.005995 0.00373039
 0.00869679 0.0141136 0.0212095 0.0298921 0.0398321 0.0503137 0.0602067 0.0682415 0.0734749 0.0755989 0.074888 0.0719187 0.0673139 0.061623 0.0552891 0.0486466 0.0419353 0.035332 0.028988 0.0230528 0.0176751 0.0129862 0.00907905 0.0059919 0.00370034
 0.00867565 0.0140868 0.0211827 0.029874 0.0398306 0.0503305 0.0602342 0.0682647 0.0734778 0.0755715 0.0748294 0.0718341 0.0672111 0.0615101 0.0551782 0.0485571 0.0418922 0.035356 0.0290823 0.0231959 0.0178286 0.0131124 0.00915763 0.00602437 0.0037022
 0.0086721 0.0140784 0.0211656 0.0298446 0.0397874 0.0502777 0.0601821 0.0682266 0.0734636 0.0755813 0.0748523 0.0718541 0.0672141 0.06149 0.0551381 0.0485081 0.0418507 0.0353396 0.0291031 0.0232542 0.0179106 0.0131964 0.00922442 0.00606529 0.00371977
 0.00865241 0.0140487 0.0211251 0.0297936 0.0397271 0.0502093 0.0601077 0.0681503 0.0733929 0.0755266 0.0748238 0.0718564 0.0672434 0.0615354 0.0551861 0.0485494 0.0418838 0.0353706 0.0291409 0.0233049 0.0179731 0.0132623 0.00928277 0.00610807 0.00374528
 0.0086545 0.0140494 0.0211211 0.0297805 0.0397008 0.0501681 0.0600534 0.0680884 0.0733305 0.0754702 0.0747788 0.0718269 0.0672324 0.0615434 0.0552102 0.0485836 0.0419215 0.0354078 0.0291779 0.0233441 0.018016 0.0133069 0.00932425 0.00614139 0.00376796
 0.00863666 0.0140254 0.0210942 0.029756 0.0396843 0.0501618 0.0600547 0.0680902 0.0733252 0.0754537 0.0747522 0.0717956 0.0672038 0.0615238 0.0552034 0.0485901 0.0419391 0.0354328 0.029207 0.0233755 0.0180485 0.0133393 0.00935423 0.00616634 0.00378614
 0.00865134 0.0140443 0.0211136 0.0297702 0.0396879 0.0501532 0.0600376 0.0680723 0.0733137 0.0754506 0.0747534 0.0717941 0.0671941 0.0615053 0.05518 0.0485679 0.0419231 0.0354256 0.0292085 0.0233842 0.0180622 0.0133559 0.00937128 0.00618165 0.00379814
 0.00864652 0.0140395 0.0211117 0.0297751 0.0397021 0.0501757 0.0600627 0.0680916 0.07332 0.0754425 0.074735 0.0717725 0.0671745 0.0614891 0.055166 0.0485549 0.0419115 0.0354173 0.0292053 0.0233867 0.0180698 0.0133667 0.0093833 0.0061929 0.00380725
 0.00864652 0.0140395 0.0211117 0.0297751 0.0397021 0.0501757 0.0600627 0.0680916 0.07332 0.0754425 0.074735 0.0717725 0.0671745 0.0614891 0.055166 0.0485549 0.0419115 0.0354173 0.0292053 0.0233867 0.0180698 0.0133667 0.0093833 0.0061929 0.00380725
 0.00853422 0.0138637 0.0208608 0.0294452 0.0393008 0.0497255 0.0596029 0.0676743 0.0729984 0.075256 0.0746998 0.0718805 0.0674002 0.0617984 0.0555228 0.0489261 0.0422701 0.0357442 0.0294896 0.0236238 0.0182598 0.0135126 0.00948975 0.0062661 0.00385419
 0.00845128 0.0137215 0.0206338 0.0291074 0.0388341 0.0491327 0.0589182 0.0669643 0.0723495 0.0747528 0.0744047 0.0718219 0.067571 0.0621621 0.0560245 0.0495045 0.0428682 0.0363156 0.0300019 0.0240582 0.0186093 0.0137792 0.00968176 0.00639587 0.00393584
 0.00844029 0.0136979 0.020587 0.0290218 0.0386906 0.0489119 0.0586065 0.0665613 0.0718744 0.0742478 0.0739312 0.0714479 0.0673541 0.0621341 0.0561842 0.0498204 0.0432894 0.0367849 0.0304673 0.0244806 0.0189646 0.0140578 0.00988567 0.00653473 0.00402343
 0.00849707 0.0137906 0.0207262 0.0292147 0.0389354 0.0491914 0.0588836 0.0667815 0.0719787 0.0741919 0.073702 0.071072 0.0668921 0.0616651 0.0557844 0.0495434 0.0431553 0.0367814 0.0305596 0.0246258 0.0191238 0.0142033 0.0100026 0.00661926 0.00407879
 0.00863294 0.0140116 0.021058 0.0296785 0.0395404 0.0499238 0.0596964 0.0675933 0.0726863 0.074692 0.073916 0.0709631 0.0664747 0.0610024 0.0549749 0.0486989 0.0423751 0.0361329 0.0300709 0.0242902 0.0189132 0.0140822 0.00993874 0.00658834 0.00406514
 0.00880333 0.0142974 0.0215033 0.0303263 0.0404194 0.0510286 0.06097 0.0689247 0.0739295 0.0756976 0.0745622 0.0711752 0.0662333 0.0603439 0.0539853 0.0474999 0.041103 0.034914 0.0290004 0.023421 0.0182567 0.0136189 0.00963244 0.00639852 0.00395512
 0.00861952 0.0140254 0.021146 0.0299102 0.0399953 0.0506676 0.0607555 0.0689366 0.0742193 0.0762643 0.0753397 0.0720439 0.0670507 0.0609821 0.0543617 0.0475917 0.0409462 0.0345861 0.0285946 0.0230208 0.0179183 0.0133663 0.00946334 0.00629616 0.00389876
 0.00863419 0.0140192 0.0210829 0.0297426 0.0396823 0.0502014 0.0601823 0.0683561 0.0737592 0.0760399 0.0754177 0.0724225 0.0676609 0.061707 0.0550677 0.0481638 0.0413153 0.0347405 0.0285724 0.0228882 0.0177441 0.0132022 0.00933636 0.00621176 0.00384959
 0.00885994 0.0143763 0.0215982 0.0304245 0.0405076 0.0511026 0.0610442 0.0690366 0.0741353 0.0760585 0.0751195 0.0719228 0.0670978 0.0611879 0.0546389 0.0478122 0.0409939 0.0344024 0.028196 0.0224848 0.0173481 0.0128523 0.0090595 0.00601536 0.00372456
 0.00876143 0.0142457 0.0214569 0.0303127 0.0404753 0.051193 0.0612761 0.0693929 0.0745613 0.0764734 0.0754399 0.0720926 0.0671104 0.0610852 0.0544873 0.047668 0.0408799 0.0343076 0.0280939 0.0223562 0.0171932 0.0126885 0.00890974 0.00589657 0.0036422
 0.00879675 0.0142845 0.0214826 0.030303 0.0404139 0.0510856 0.0611591 0.0693257 0.0746014 0.0766466 0.0757228 0.0724193 0.0673995 0.0612733 0.0545518 0.0476272 0.0407748 0.0341768 0.0279589 0.0222219 0.0170587 0.0125571 0.00879001 0.00579827 0.00357062
#pred catch len freq
 0.00527921 0.00825015 0.0118305 0.0158503 0.020199 0.0248274 0.0296688 0.0345797 0.0393583 0.0438039 0.047756 0.0511056 0.0537981 0.0558299 0.0572337 0.0580586 0.0583572 0.0581667 0.057464 0.0560895 0.0536959 0.0498178 0.044112 0.0366737 0.0281939
 0.00546419 0.00847302 0.012026 0.0159202 0.0200513 0.024432 0.0290931 0.0339734 0.0388875 0.0435724 0.0477628 0.0512605 0.0539812 0.0559573 0.0572956 0.0581166 0.0585032 0.0584648 0.0579029 0.0565733 0.0540823 0.0499865 0.0440238 0.0363832 0.0278128
 0.00588145 0.00909338 0.0128468 0.0168879 0.021061 0.0253387 0.029737 0.0342223 0.0386912 0.0429997 0.0469854 0.0504803 0.0533412 0.0554954 0.0569673 0.0578589 0.0582884 0.0583072 0.0578228 0.056554 0.054059 0.0498771 0.0437801 0.0360212 0.0274023
 0.00622094 0.00963021 0.0136258 0.0179384 0.022387 0.0269042 0.0314467 0.0359119 0.0401439 0.0439963 0.0473742 0.050236 0.0525767 0.054413 0.055773 0.0566941 0.0572136 0.0573303 0.0569334 0.0557365 0.0532896 0.0491277 0.043037 0.0353031 0.0267562
 0.00661072 0.0102269 0.0144576 0.019014 0.0237046 0.02846 0.0332317 0.0378908 0.0422265 0.0460175 0.0491037 0.0514267 0.0530404 0.0540887 0.0547493 0.0551685 0.0554134 0.0554424 0.0550739 0.0539609 0.0516203 0.0475803 0.0416366 0.0340879 0.0257667
 0.00708309 0.010947 0.0154534 0.0202833 0.025223 0.0301932 0.0351422 0.0399365 0.044354 0.0481514 0.051132 0.0531885 0.0543332 0.0547087 0.0545558 0.0541403 0.0536626 0.0531746 0.052521 0.0513254 0.0490551 0.0451981 0.0395268 0.0323221 0.0243887
 0.00760455 0.0117409 0.0165491 0.0216759 0.0268809 0.0320713 0.0371874 0.0420866 0.0465355 0.0502825 0.0531251 0.0549477 0.0557448 0.0556346 0.0548449 0.053665 0.052369 0.0511189 0.049868 0.0483103 0.0459325 0.0422021 0.0368484 0.0300954 0.0226785
 0.00814588 0.0125715 0.0177082 0.0231695 0.0286872 0.0341474 0.0394714 0.0444939 0.0489603 0.0526074 0.055235 0.0567389 0.0571271 0.0565242 0.055155 0.0533039 0.0512582 0.0492299 0.047262 0.0451553 0.0424855 0.0387625 0.0336996 0.0274513 0.0206489
 0.00866509 0.013368 0.0188197 0.0246039 0.0304286 0.036165 0.0417198 0.0469058 0.05144 0.0550335 0.0574711 0.0586506 0.0585971 0.0574611 0.0554906 0.0529833 0.0502339 0.0474729 0.0447929 0.0420815 0.0390188 0.0351985 0.0303579 0.0245994 0.0184409
 0.00911391 0.0140617 0.0197979 0.0258826 0.0320034 0.0380149 0.0438053 0.0491637 0.0537819 0.05735 0.059641 0.0605485 0.0601034 0.0584714 0.0559224 0.0527774 0.0493505 0.0458932 0.0425341 0.0392259 0.0357409 0.0317637 0.0270784 0.0217578 0.0162162
