SBPRF35
7.18829
Curr Bio
712362
B35
498571
F35
0.220467
FOFL
0.220467
OFL
142068
Bzero
2.0538e+06
#pred survey bio
 4.70921e+06 3.53362e+06 3.18743e+06 2.97701e+06 2.87812e+06 2.75364e+06 2.4136e+06 1.97133e+06 1.72403e+06 1.55927e+06 1.42377e+06 1.34237e+06 1.26682e+06 1.13665e+06 997039 925236 810008 678078 577267 551430 552369 540526 565720 568453 574161 581810 589402 595467 582596 568386 534349 522261 516384 499785 514259 524203 539215 522534 526511 549204 548219 521213 521863 509783 531384 571061 598552 633914 631751 632662 644538 670897 642197 586538 576134 575039 568920 640256 721103 1.93327e+07 1.68647e+07 1.62017e+07 1.58434e+07 1.57186e+07 1.57335e+07 1.58164e+07 1.59218e+07 1.60253e+07 1.61161e+07 1.61911e+07 1.62509e+07 1.62975e+07 1.63334e+07 1.63609e+07 1.63818e+07 1.63977e+07 1.64097e+07 1.64189e+07 1.64259e+07 1.64312e+07 1.64353e+07 1.64384e+07 1.64407e+07 1.64425e+07 1.64439e+07 1.64449e+07 1.64457e+07 1.64464e+07 1.64468e+07 1.64472e+07 1.64475e+07 1.64477e+07 1.64478e+07 1.6448e+07 1.64481e+07 1.64481e+07 1.64482e+07 1.64482e+07 1.64483e+07 1.64483e+07 1.64483e+07 1.64483e+07 1.64483e+07 1.64483e+07 1.64483e+07 1.64483e+07 1.64484e+07 1.64484e+07 1.64484e+07 1.64484e+07 1.64484e+07 1.64484e+07 1.64484e+07 1.64484e+07 1.64484e+07 1.64484e+07 1.64484e+07 1.64484e+07 1.64484e+07 1.64484e+07 1.64484e+07 1.64484e+07 1.64484e+07 1.64484e+07 1.64484e+07 1.64484e+07 1.64484e+07 1.64484e+07 1.64484e+07 1.64484e+07 1.64484e+07 1.64484e+07 1.64484e+07 1.64484e+07 1.64484e+07 1.64484e+07 1.64484e+07 1.64484e+07 1.64484e+07 1.64484e+07 1.64484e+07 1.64484e+07 1.64484e+07 1.64484e+07 1.64484e+07 1.64484e+07 1.64484e+07 1.64484e+07 1.64484e+07 1.64484e+07 1.64484e+07 1.64484e+07 1.64484e+07 1.64484e+07 1.64484e+07 1.64484e+07 1.64484e+07 1.64484e+07 1.64484e+07 0 0 0 0 0 0 0 0 0 0 0 0 0 0 0 0 0 0 0 0 0 0 0 0 0
#obs survey bio
 5.38149e+06 3.14571e+06 3.92344e+06 2.623e+06 3.75663e+06 2.8859e+06 2.50793e+06 1.73644e+06 1.75885e+06 1.43323e+06 1.10136e+06 996126 1.50941e+06 1.16025e+06 840347 1.13101e+06 976544 682072 547116 510375 550098 674522 549758 569929 475438 699369 569427 539766 570529 584488 497669 510784 523424 404256 501928 544924 531192 395977 522228 572306 638482 458558 578407 399790 421929 709392 390613 774876 606995 620155 517680 869025 514724 569637 551105 464424 708164 444106 766055
#pred catch bio
 120581 94501.4 149661 204225 240400 268736 299399 289054 287784 296086 270195 268896 262448 245390 204643 217713 182979 172847 150848 135751 144442 109536 126125 113424 108954 101452 107915 103399 100952 100388 97897.2 95039.2 99710.8 92982.6 97588 90657.2 87934.6 78222.7 80908.2 89703 89125.8 87478.5 92621.9 88038.7 89453.6 83165 88205.1 90754.5 93748.7 97081.3 85846 98063.5 115516 90213.2 60018.6 103965 59859.4 97633.8 84340.4 142068 135072 128286 123982 121909 121134 121026 121206 121469 121720 121925 122080 122190 122266 122317 122350 122372 122386 122395 122401 122404 122406 122408 122409 122409 122409 122410 122410 122410 122410 122410 122410 122410 122410 122410 122410 122410 122410 122410 122410 122410 122410 122410 122410 122410 122410 122410 122410 122410 122410 122410 122410 122410 122410 122410 122410 122410 122410 122410 122410 122410 122410 122410 122410 122410 122410 122410 122410 122410 122410 122410 122410 122410 122410 122410 122410 122410 122410 122410 122410 122410 122410 122410 122410 122410 122410 122410 122410 122410 122410 122410 122410 122410 122410 122410 122410 122410 122410 122410 122410 0 0 0 0 0 0 0 0 0 0 0 0 0 0 0 0 0 0 0 0 0 0 0 0 0
#obs catch bio
 0 94105.3 149850 204673 240812 268375 299096 289312 288046 296603 270518 270147 261897 245038 204782 218293 182193 172367 152023 136089 145026 109192 126449 113256 109014 101229 108191 103236 100989 100208 98020.1 95039.6 99586.5 93181.5 97769.4 90831.5 87798.1 78108.5 80990.9 89765.6 88963.3 87575.9 92553.6 88105.8 89791.1 82933.6 88367.6 90596.5 93723.4 97262.1 85745.4 97892.7 115784 90464.4 59509.4 105001 59373.3 98431 84145.6
#pred cpue bio
 4.66017e+06 3.49681e+06 3.15325e+06 2.94326e+06 2.84345e+06 2.71836e+06 2.38055e+06 1.94193e+06 1.6957e+06 1.53122e+06 1.39566e+06 1.3134e+06 1.23714e+06 1.10788e+06 969556 897928 784642 656101 557686 532167 533027 521265 545706 548177 553698 561079 568552 574470 562225 548626 515842 504201 498731 482770 496917 506553 520147 502476 505369 527199 526601 500862 501512 489925 510615 548802 575559 609536 607559 608379 619708 645397 617921 563500 553219 553307 547294 616531 694322 1.86469e+07 1.62975e+07 1.56003e+07 1.52005e+07 1.50661e+07 1.50796e+07 1.51623e+07 1.52677e+07 1.53712e+07 1.5462e+07 1.5537e+07 1.55968e+07 1.56434e+07 1.56793e+07 1.57067e+07 1.57276e+07 1.57435e+07 1.57556e+07 1.57648e+07 1.57718e+07 1.57771e+07 1.57812e+07 1.57842e+07 1.57866e+07 1.57884e+07 1.57898e+07 1.57908e+07 1.57916e+07 1.57922e+07 1.57927e+07 1.57931e+07 1.57933e+07 1.57936e+07 1.57937e+07 1.57938e+07 1.57939e+07 1.5794e+07 1.57941e+07 1.57941e+07 1.57941e+07 1.57942e+07 1.57942e+07 1.57942e+07 1.57942e+07 1.57942e+07 1.57942e+07 1.57942e+07 1.57942e+07 1.57942e+07 1.57942e+07 1.57942e+07 1.57942e+07 1.57943e+07 1.57943e+07 1.57943e+07 1.57943e+07 1.57943e+07 1.57943e+07 1.57943e+07 1.57943e+07 1.57943e+07 1.57943e+07 1.57943e+07 1.57943e+07 1.57943e+07 1.57943e+07 1.57943e+07 1.57943e+07 1.57943e+07 1.57943e+07 1.57943e+07 1.57943e+07 1.57943e+07 1.57943e+07 1.57943e+07 1.57943e+07 1.57943e+07 1.57943e+07 1.57943e+07 1.57943e+07 1.57943e+07 1.57943e+07 1.57943e+07 1.57943e+07 1.57943e+07 1.57943e+07 1.57943e+07 1.57943e+07 1.57943e+07 1.57943e+07 1.57943e+07 1.57943e+07 1.57943e+07 1.57943e+07 1.57943e+07 1.57943e+07 1.57943e+07 1.57943e+07 1.57943e+07 1.57943e+07 0 0 0 0 0 0 0 0 0 0 0 0 0 0 0 0 0 0 0 0 0 0 0 0 0
#obs cpue bio
 3.78399e+06 3.16236e+06 3.04805e+06 2.56481e+06 1.95894e+06 3.81495e+06 2.61052e+06 1.67825e+06 1.61637e+06 1.67372e+06 1.63059e+06 1.39707e+06 1.59408e+06 1.11897e+06 856877 792202 851084 692677 326294 627751 573620 443608 530893 608196 613223 528326 470056 795285 502456 653185 450914 527045 602868 415564 562903 418902 753170 600003 425073 563885 539330 438355 575334 511711 519786 653158 640883 674750 577598 570106 730098 614190 740860 480970 799650 514985 529056 586143 868492
#pred surv len freq
 0.00427713 0.00704027 0.0107747 0.0155189 0.0211851 0.0274683 0.0338297 0.0396449 0.0444454 0.0480676 0.0506167 0.0523188 0.0533961 0.0540171 0.0542988 0.0543295 0.0541925 0.0539655 0.0536626 0.053118 0.0518864 0.0492955 0.0447322 0.038057 0.0298615
 0.00450114 0.00734099 0.0111121 0.0158218 0.0213778 0.0275078 0.0337301 0.0394687 0.0442643 0.0479212 0.0504972 0.0521925 0.053244 0.0538654 0.0542189 0.0544062 0.0544763 0.0544311 0.0541966 0.0535485 0.0520487 0.0491041 0.0442202 0.0373585 0.029146
 0.00464592 0.00759965 0.0115393 0.0164688 0.0222644 0.0285879 0.0348748 0.0404924 0.0449919 0.048259 0.0504601 0.0518732 0.0527541 0.0532954 0.0536355 0.0538692 0.0540423 0.0541315 0.0540059 0.0533758 0.0517703 0.0486267 0.0435354 0.0365509 0.0283497
 0.00477204 0.00781372 0.0118802 0.0169834 0.0230024 0.0295884 0.0361436 0.0419763 0.0465639 0.0497295 0.0516211 0.0525629 0.0529089 0.0529605 0.0529326 0.052946 0.0530326 0.0531315 0.0530607 0.0524739 0.0508596 0.0476552 0.0424975 0.0355059 0.0273976
 0.00490695 0.00804106 0.0122377 0.0175129 0.0237438 0.0305686 0.0373657 0.0434127 0.0481545 0.051381 0.0532042 0.0539163 0.0538639 0.0533849 0.0527749 0.0522531 0.0519285 0.0517703 0.051578 0.0509573 0.0493491 0.0461686 0.041065 0.0341883 0.026273
 0.00505527 0.00828528 0.0126116 0.0180516 0.0244789 0.0315202 0.0385327 0.0447677 0.0496465 0.0529421 0.0547536 0.0553581 0.0550823 0.054249 0.0531599 0.0520762 0.0511811 0.0505255 0.0499665 0.0491275 0.0474343 0.0442785 0.0392948 0.0326267 0.0249941
 0.00525035 0.00860134 0.0130854 0.0187169 0.025361 0.0326266 0.0398439 0.0462343 0.0511972 0.0544983 0.0562411 0.0567098 0.0562319 0.0551205 0.0536633 0.0521164 0.050683 0.0494658 0.048395 0.047164 0.0452448 0.0420448 0.0371891 0.0307916 0.0235236
 0.00553348 0.0090619 0.0137785 0.0196923 0.0266518 0.0342324 0.0417141 0.0482658 0.0532516 0.0564331 0.0579382 0.0580885 0.0572462 0.0557453 0.0538759 0.051882 0.0499546 0.0482033 0.0465979 0.0449012 0.0426647 0.0393576 0.0346263 0.0285562 0.0217472
 0.00570881 0.00937676 0.0143073 0.0205226 0.0278636 0.0358661 0.0437406 0.0505762 0.0556773 0.0587829 0.0600354 0.0597954 0.0584743 0.0564528 0.0540545 0.051537 0.0490871 0.0468075 0.0446787 0.0425086 0.039923 0.0364701 0.0318423 0.026111 0.0198004
 0.00594091 0.00974506 0.0148473 0.0212677 0.0288475 0.0371217 0.04529 0.0524139 0.0577515 0.0609858 0.0622097 0.0617595 0.0600573 0.0575257 0.0545438 0.0514185 0.0483675 0.0455074 0.0428314 0.040178 0.0372314 0.0336116 0.0290626 0.0236515 0.0178324
 0.00626885 0.0102708 0.0156236 0.0223358 0.0302266 0.038795 0.0471953 0.0544484 0.0597965 0.0629363 0.0639875 0.0633023 0.0612984 0.0583837 0.054932 0.0512643 0.047628 0.0441753 0.0409357 0.0377916 0.0344854 0.0307034 0.026237 0.0211498 0.0158285
 0.006484 0.0106314 0.016186 0.0231583 0.0313564 0.0402474 0.0489335 0.0563784 0.0617835 0.0648369 0.0656811 0.0647074 0.0623704 0.0590971 0.0552599 0.0511663 0.0470549 0.0430863 0.0393221 0.0356981 0.0320264 0.028064 0.0236501 0.0188456 0.0139745
 0.00669396 0.0109721 0.0166984 0.0238821 0.0323246 0.0414771 0.0504127 0.0580567 0.0635728 0.0666211 0.0673338 0.066112 0.0634375 0.0597739 0.0555253 0.051015 0.0464799 0.0420741 0.0378657 0.0338239 0.0298214 0.0256857 0.0213073 0.0167502 0.0122829
 0.00702484 0.0114855 0.0174253 0.0248352 0.0334976 0.0428442 0.0519269 0.0596496 0.0651613 0.0681201 0.0686653 0.0672083 0.0642406 0.0602375 0.0556181 0.050722 0.0457987 0.0410088 0.0364275 0.0320453 0.0277776 0.0235089 0.0191755 0.0148476 0.0107478
 0.00734564 0.0120087 0.0182136 0.0259417 0.0349481 0.0446131 0.0539187 0.0617042 0.0670907 0.0697593 0.0699099 0.0680213 0.0646331 0.0602416 0.0552662 0.0500383 0.0447992 0.0397061 0.0348396 0.030208 0.0257608 0.0214269 0.017178 0.0130879 0.00933936
 0.00728515 0.0119609 0.0182361 0.0261219 0.0353841 0.0453809 0.0550401 0.063131 0.0687111 0.0714211 0.0714516 0.0693024 0.0655578 0.0607672 0.055395 0.0497982 0.0442243 0.0388269 0.0336853 0.0288184 0.0242008 0.0197949 0.0155994 0.0116898 0.00821567
 0.00734281 0.0120586 0.0183928 0.0263647 0.0357504 0.045918 0.0557962 0.0641376 0.0699593 0.072843 0.0729199 0.0706548 0.0666367 0.061458 0.0556459 0.0496165 0.0436565 0.0379358 0.032535 0.0274735 0.0227352 0.0183003 0.0141825 0.0104533 0.00723264
 0.00740846 0.0121563 0.0185237 0.0265255 0.0359375 0.0461333 0.0560529 0.0644624 0.0703889 0.0734124 0.0736438 0.0715071 0.0675416 0.0622998 0.0562984 0.0499777 0.0436722 0.0376037 0.0318942 0.0265896 0.021691 0.017191 0.0131083 0.00950556 0.00647445
 0.0074875 0.0123095 0.0187979 0.026974 0.0366008 0.0470115 0.0570864 0.0655374 0.0713716 0.074197 0.0741848 0.0718216 0.0676827 0.0623194 0.0562183 0.0497823 0.0433237 0.0370675 0.0311611 0.0256854 0.0206744 0.0161428 0.0121165 0.00864714 0.00579875
 0.00749954 0.0123275 0.0188246 0.0270172 0.0366791 0.0471589 0.0573481 0.0659533 0.0719513 0.0748999 0.074924 0.0724929 0.0682034 0.0626531 0.0563713 0.0497791 0.0431812 0.0367861 0.0307341 0.0251172 0.0199945 0.0154073 0.0113964 0.00800979 0.00529017
 0.00753914 0.0123663 0.0188363 0.0269635 0.036523 0.0468849 0.0569804 0.0655606 0.0716323 0.0747545 0.0750196 0.0728392 0.0687473 0.0632974 0.0570086 0.0503228 0.0435786 0.0370137 0.0307861 0.0250012 0.0197338 0.0150444 0.0109889 0.00761765 0.00495986
 0.00784424 0.0128248 0.0194543 0.0277156 0.0373518 0.0477059 0.0576911 0.0660582 0.0718419 0.0746597 0.0746748 0.0723531 0.0682418 0.062864 0.0566833 0.0500887 0.0433883 0.0368152 0.0305415 0.0246933 0.0193669 0.0146412 0.0105854 0.00725237 0.00466268
 0.00779011 0.0127401 0.0193329 0.0275539 0.0371489 0.0474644 0.0574181 0.0657659 0.0715484 0.0743882 0.0744536 0.0722148 0.0682201 0.0629848 0.056953 0.0504846 0.0438586 0.0372906 0.0309534 0.0249922 0.019532 0.0146818 0.0105329 0.0071489 0.00454766
 0.00791336 0.0129277 0.0195909 0.0278777 0.0375227 0.0478612 0.0578 0.0660865 0.0717599 0.0744523 0.0743535 0.0719621 0.0678553 0.0625698 0.0565567 0.0501649 0.0436459 0.0371808 0.030914 0.0249775 0.0195025 0.0146172 0.0104349 0.00703456 0.00443815
 0.00800131 0.0130494 0.0197345 0.0280196 0.0376343 0.0479204 0.0578 0.0660372 0.0716808 0.0743628 0.0742649 0.0718756 0.0677657 0.0624735 0.056459 0.0500814 0.0435967 0.037179 0.0309565 0.0250447 0.0195665 0.0146549 0.0104374 0.00700765 0.00439625
 0.0080341 0.0131031 0.0198151 0.0281297 0.0377689 0.0480628 0.0579212 0.0661029 0.0716657 0.0742639 0.0741049 0.0716929 0.0675968 0.06234 0.0563655 0.0500234 0.0435691 0.0371802 0.0309848 0.0250931 0.0196216 0.0147009 0.0104633 0.00701157 0.00438433
 0.0079759 0.0130112 0.0196823 0.0279531 0.0375523 0.047819 0.0576728 0.065878 0.0714891 0.0741494 0.0740528 0.0716958 0.0676475 0.0624348 0.0565018 0.0501948 0.0437644 0.0373856 0.0311876 0.0252823 0.0197873 0.0148347 0.0105601 0.00707207 0.00441529
 0.00794929 0.0129732 0.0196347 0.0279002 0.0374988 0.0477674 0.0576219 0.0658244 0.0714306 0.0740873 0.0739924 0.0716436 0.0676088 0.0624136 0.0565016 0.050219 0.0438148 0.0374605 0.0312805 0.0253835 0.0198861 0.0149211 0.0106273 0.00711774 0.00444156
 0.007945 0.0129554 0.0195886 0.027807 0.0373433 0.0475469 0.0573539 0.065544 0.0711798 0.0739004 0.0738868 0.0716191 0.067654 0.0625122 0.0566378 0.0503796 0.0439896 0.0376415 0.0314608 0.0255554 0.0200413 0.015052 0.0107291 0.00718961 0.004487
 0.00787744 0.0128618 0.0194769 0.0276924 0.0372409 0.0474622 0.0572775 0.0654569 0.071066 0.0737602 0.07374 0.071497 0.0675845 0.0625095 0.0567 0.0504935 0.0441381 0.0378084 0.0316326 0.0257214 0.0201923 0.0151808 0.0108309 0.00726334 0.00453537
 0.00786682 0.0128396 0.0194352 0.0276235 0.0371417 0.0473402 0.057152 0.0653529 0.0710017 0.0737363 0.0737396 0.0714973 0.0675727 0.0624893 0.0566871 0.0505048 0.0441823 0.0378841 0.0317309 0.0258305 0.0203006 0.0152786 0.0109117 0.0073241 0.0045767
 0.00775315 0.0126827 0.0192501 0.0274398 0.0369936 0.0472513 0.0571253 0.0653725 0.0710449 0.0737864 0.0737905 0.0715487 0.0676229 0.0625338 0.0567228 0.0505345 0.0442146 0.0379281 0.0317912 0.0259047 0.0203813 0.0153568 0.0109795 0.0073771 0.00461393
 0.00769168 0.0125711 0.0190629 0.0271522 0.0365943 0.0467592 0.0565982 0.0648969 0.0707068 0.0736378 0.073833 0.0717425 0.0679104 0.062862 0.0570537 0.0508459 0.0444967 0.0381796 0.0320146 0.0261028 0.0205543 0.0155026 0.0110956 0.00746293 0.0046722
 0.0076937 0.0125795 0.0190835 0.0271894 0.0366454 0.0468079 0.0566148 0.0648488 0.0705775 0.0734415 0.0736139 0.0715551 0.0677947 0.062829 0.0570885 0.0509216 0.0445889 0.0382726 0.0321023 0.026184 0.0206292 0.0155701 0.0111535 0.00750896 0.00470552
 0.00769042 0.0125619 0.0190354 0.0270906 0.0364797 0.046574 0.056332 0.0645531 0.070307 0.0732224 0.0734567 0.0714619 0.0677689 0.0628774 0.0572135 0.0511137 0.0448257 0.038526 0.0323471 0.0264036 0.0208153 0.0157204 0.0112689 0.00759255 0.00476187
 0.00843287 0.0136109 0.0203211 0.0284471 0.0376901 0.0474442 0.0567522 0.0645162 0.0698863 0.0725325 0.0726176 0.0705769 0.066915 0.0621047 0.0565512 0.0505752 0.0444116 0.0382254 0.0321405 0.0262683 0.0207307 0.0156704 0.0112418 0.00757983 0.0047574
 0.00912448 0.0147049 0.0219007 0.0305423 0.0402401 0.0502592 0.0595004 0.0667762 0.0712697 0.0728244 0.0718503 0.0689939 0.0648569 0.0598911 0.0544136 0.0486473 0.0427518 0.0368464 0.03103 0.0254012 0.0200761 0.0151952 0.0109128 0.00736483 0.00462622
 0.00929401 0.015039 0.0225104 0.0315636 0.0417962 0.0523985 0.0621369 0.0696648 0.0740388 0.0750585 0.0731964 0.0692569 0.0640502 0.0582207 0.0522006 0.0462272 0.040396 0.0347293 0.0292364 0.0239529 0.018957 0.0143691 0.0103336 0.00698235 0.00439047
 0.00895734 0.0145637 0.0219334 0.0309782 0.0413433 0.0522433 0.0624361 0.0705273 0.0754806 0.0769638 0.0753115 0.0712368 0.0655513 0.0590043 0.0522001 0.0455498 0.0392645 0.0333978 0.0279195 0.0227908 0.0180156 0.0136592 0.0098326 0.00665171 0.00418745
 0.00867447 0.0141105 0.0212687 0.0300809 0.0402331 0.051005 0.0612348 0.0695934 0.0750556 0.0772223 0.0762937 0.0728203 0.0674743 0.0609315 0.0538136 0.0466343 0.0397557 0.0333745 0.0275496 0.0222604 0.0174745 0.0131974 0.00948497 0.00641543 0.00404101
 0.00862129 0.0140085 0.021086 0.0297772 0.0397688 0.0503575 0.0604181 0.0686737 0.0741542 0.0765022 0.0759259 0.0729351 0.06811 0.0620047 0.0551295 0.0479418 0.040826 0.0340697 0.0278511 0.0222481 0.0172755 0.0129332 0.00923905 0.00622698 0.00391581
 0.00865196 0.0140499 0.0211312 0.029811 0.0397664 0.0502862 0.0602417 0.0683619 0.0736976 0.0759294 0.0753139 0.0724029 0.0677911 0.0620023 0.0554722 0.0485622 0.0415777 0.0347797 0.0283824 0.0225417 0.0173535 0.0128678 0.00911149 0.00609802 0.00381591
 0.00852991 0.0138859 0.0209472 0.0296467 0.0396658 0.0502759 0.0603143 0.0684739 0.0737845 0.0759292 0.0751911 0.0721649 0.0674923 0.0617324 0.055328 0.0486094 0.0418198 0.0351534 0.028784 0.0228728 0.0175583 0.0129449 0.00909818 0.00604226 0.00375502
 0.00869326 0.0141026 0.0211852 0.0298513 0.0397812 0.050276 0.0602214 0.0683492 0.0736927 0.0758996 0.075201 0.0721566 0.0674105 0.0615594 0.0550958 0.0483847 0.0416709 0.0351162 0.0288469 0.0229869 0.0176662 0.0130085 0.00910979 0.00601753 0.00371659
 0.00866659 0.0140879 0.0212127 0.0299586 0.0399935 0.0505814 0.0605592 0.0686276 0.0738312 0.0758708 0.0750407 0.0719352 0.0671887 0.0613622 0.054919 0.0482203 0.0415262 0.0350117 0.0287994 0.0229937 0.0177049 0.0130501 0.00913415 0.00602 0.00370423
 0.00869362 0.0141097 0.0212073 0.0298984 0.0398603 0.0503849 0.0603443 0.0684596 0.0737622 0.0759099 0.0751507 0.072059 0.0672842 0.0614181 0.0549469 0.0482366 0.041542 0.0350339 0.0288335 0.0230425 0.0177644 0.0131095 0.00918184 0.00604966 0.00371703
 0.00880512 0.0142539 0.021355 0.0299977 0.0398492 0.0502127 0.0599948 0.067963 0.0731936 0.075371 0.0747405 0.0718416 0.06727 0.0615688 0.0551997 0.0485314 0.0418374 0.0353079 0.0290776 0.0232545 0.0179434 0.0132542 0.00929085 0.00612422 0.00376215
 0.00871585 0.0141519 0.0212784 0.0300014 0.0399805 0.0504787 0.0603402 0.068281 0.0733682 0.0753305 0.0744898 0.071457 0.0668619 0.0612354 0.054995 0.0484597 0.0418684 0.0354003 0.0291957 0.0233749 0.0180532 0.013347 0.0093635 0.00617614 0.00379539
 0.00876189 0.0141957 0.0212902 0.0299427 0.0398246 0.0502355 0.0600683 0.0680682 0.0732867 0.0753931 0.0746409 0.0716066 0.0669387 0.0612225 0.0549277 0.0483946 0.0418493 0.0354414 0.0292854 0.0234895 0.0181701 0.0134505 0.0094459 0.00623568 0.00383435
 0.00873912 0.014181 0.0213067 0.0300191 0.0399796 0.0504592 0.0603143 0.0682691 0.0733881 0.0753832 0.0745527 0.0714895 0.0668242 0.0611113 0.0548049 0.0482544 0.0417055 0.0353192 0.0292047 0.0234549 0.0181722 0.0134737 0.0094758 0.00626287 0.00385467
 0.00874278 0.0141824 0.0213022 0.0300062 0.0399625 0.0504533 0.0603444 0.0683582 0.0735398 0.0755718 0.0747306 0.0716102 0.0668647 0.0610769 0.0547172 0.0481356 0.0415734 0.0351889 0.0290911 0.0233701 0.0181207 0.0134512 0.00947289 0.00626944 0.00386339
 0.00860063 0.0139631 0.0209944 0.0296087 0.0394855 0.0499207 0.0597969 0.0678536 0.0731464 0.0753525 0.0747225 0.0718104 0.0672298 0.0615384 0.055205 0.0485963 0.0419771 0.0355258 0.0293641 0.0235883 0.0182941 0.0135878 0.00957753 0.00634562 0.00391489
 0.00879661 0.0142341 0.0213143 0.0299233 0.0397278 0.0500346 0.0597571 0.0676706 0.0728572 0.0750072 0.0743735 0.0715053 0.0670045 0.0614103 0.0551687 0.048628 0.042045 0.0356022 0.0294324 0.0236429 0.0183366 0.0136217 0.00960553 0.00636842 0.00393231
 0.00895067 0.0145254 0.0218229 0.0307348 0.0408952 0.0515278 0.0614286 0.0692723 0.0741139 0.0757106 0.074446 0.0710041 0.0660782 0.0602402 0.0539212 0.0474278 0.0409676 0.0346809 0.0286721 0.0230345 0.017866 0.0132733 0.00936151 0.00620873 0.00383566
 0.00867325 0.0141174 0.021293 0.0301306 0.0403042 0.0510686 0.0612308 0.0694402 0.0746803 0.0766023 0.0754902 0.071985 0.0668155 0.0606464 0.0540104 0.0472831 0.0406936 0.0343672 0.0283769 0.0227859 0.0176717 0.0131302 0.00926215 0.00614427 0.00379705
 0.00846352 0.0137265 0.0206177 0.0290584 0.0387589 0.0490744 0.0589617 0.0672139 0.07288 0.075558 0.0753741 0.0727656 0.068283 0.0624918 0.0559242 0.0490339 0.0421615 0.0355292 0.0292675 0.0234574 0.0181714 0.0134938 0.00951712 0.00631384 0.00390262
 0.00876383 0.0142042 0.0213096 0.0299719 0.0398472 0.0502131 0.0599468 0.0678059 0.0728941 0.0749572 0.0743051 0.0715055 0.0671249 0.0616345 0.0554213 0.0488158 0.0421018 0.0355134 0.0292305 0.0233847 0.018078 0.0134017 0.00944127 0.00625958 0.00386814
 0.00861047 0.0139509 0.0209245 0.0294317 0.0391526 0.0494041 0.059107 0.0670413 0.0722907 0.0745447 0.0740573 0.0713818 0.0671186 0.0617865 0.0557875 0.0494149 0.0428858 0.0363802 0.0300654 0.0241018 0.0186378 0.0138056 0.00971399 0.00643302 0.00397194
 0.00830886 0.0135513 0.0204881 0.0290647 0.0389679 0.0494666 0.0593949 0.0674527 0.0726919 0.0748277 0.0741704 0.0713253 0.0669253 0.0615101 0.0554988 0.0491928 0.0427939 0.0364404 0.0302503 0.0243509 0.018888 0.0140141 0.00986497 0.00653058 0.00402927
#obs surv len freq
 nan nan nan nan nan nan nan nan nan nan nan nan nan nan nan nan nan nan nan nan nan nan nan nan nan
 0.00447863 0.00733727 0.0111648 0.0159797 0.0216802 0.0279568 0.0342728 0.0400063 0.0446881 0.0481542 0.0505141 0.0520118 0.0529058 0.0534196 0.0537351 0.0539908 0.05427 0.0545632 0.0547022 0.0542942 0.0527321 0.0493638 0.0438127 0.0362916 0.027674
 0.0046181 0.00756312 0.0115028 0.0164523 0.0223017 0.0287247 0.0351599 0.0409576 0.0456276 0.0489988 0.0511892 0.0524624 0.0531027 0.0533606 0.053441 0.053498 0.0536214 0.053801 0.0538653 0.0534192 0.0518576 0.0485324 0.0430689 0.0356728 0.027201
 0.00478432 0.00783714 0.0119221 0.0170535 0.0231125 0.0297517 0.0363756 0.0422965 0.0469949 0.0502875 0.0522975 0.0533049 0.0536174 0.0535131 0.0532263 0.0529393 0.0527639 0.052704 0.0525946 0.0520452 0.0504557 0.0471839 0.0418544 0.0346591 0.0264249
 0.0049731 0.00814628 0.0123917 0.0177232 0.0240142 0.0308985 0.0377489 0.0438397 0.0486181 0.0518813 0.0537479 0.0545055 0.0544778 0.0539655 0.0532314 0.0524886 0.0518803 0.0514392 0.0510253 0.0502691 0.0485885 0.0453533 0.0401868 0.0332579 0.0253481
 0.00518045 0.00848643 0.0129094 0.0184623 0.0250097 0.0321634 0.039261 0.0455366 0.0504056 0.0536502 0.0553888 0.0559164 0.0555665 0.0546519 0.0534515 0.0522014 0.0510741 0.0501379 0.0492929 0.0482113 0.04635 0.0431065 0.0381079 0.0314937 0.0239842
 0.00541908 0.00887445 0.0134937 0.0192869 0.0261081 0.0335461 0.0409023 0.0473691 0.0523287 0.0555483 0.0571489 0.0574378 0.0567626 0.0554488 0.0537856 0.0520205 0.0503435 0.0488516 0.0474881 0.0459811 0.0438484 0.0405362 0.0356888 0.0294162 0.022365
 0.00565495 0.00926261 0.0140865 0.0201359 0.0272537 0.0350015 0.0426374 0.0493058 0.0543535 0.0575352 0.0589798 0.0590131 0.0580018 0.0562861 0.0541655 0.0518942 0.0496703 0.047609 0.0456894 0.043698 0.0412257 0.0377866 0.0330585 0.027129 0.0205659
 0.00588434 0.00964028 0.014664 0.0209648 0.0283764 0.036436 0.0443609 0.0512477 0.0564042 0.0595661 0.0608641 0.0606398 0.059282 0.0571529 0.054569 0.0517945 0.0490337 0.0464115 0.0439338 0.0414389 0.0385923 0.0349855 0.0303438 0.024742 0.0186715
 0.00614238 0.0100581 0.0152899 0.021843 0.0295399 0.0378938 0.0460852 0.0531682 0.0584164 0.0615495 0.0627001 0.0622229 0.0605248 0.0579874 0.0549447 0.0516744 0.0483896 0.045225 0.0422074 0.0392193 0.0359957 0.0322062 0.0276296 0.0223371 0.0167493
 0.00639609 0.0104765 0.0159302 0.0227609 0.0307768 0.0394582 0.0479345 0.0552054 0.0605075 0.0635531 0.064493 0.0637105 0.06164 0.0586835 0.0551886 0.0514415 0.0476604 0.0439872 0.0404665 0.0370191 0.0334427 0.0294808 0.024966 0.0199704 0.0148507
 0.00659913 0.0108144 0.0164535 0.0235225 0.0318222 0.0408094 0.0495723 0.0570612 0.0624706 0.0654897 0.0662689 0.0652094 0.0627739 0.0593954 0.055448 0.0512345 0.0469808 0.0428334 0.03885 0.0349831 0.0310844 0.026963 0.0225014 0.017775 0.0130838
 0.0068342 0.0111944 0.0170214 0.0243176 0.0328732 0.0421238 0.0511245 0.0587874 0.0642747 0.0672594 0.0678912 0.0665815 0.0638107 0.0600345 0.0556514 0.0509858 0.0462796 0.04169 0.0372875 0.0330502 0.0288742 0.0246235 0.0202231 0.0157505 0.0114558
 0.00705987 0.0115667 0.0175913 0.0251339 0.0339711 0.0435066 0.0527483 0.0605583 0.0660671 0.0689444 0.0693604 0.067756 0.064638 0.0604814 0.0556984 0.0506246 0.0455118 0.0405281 0.0357583 0.0312053 0.0268031 0.0224607 0.018137 0.0139088 0.00998053
 0.00725794 0.0118932 0.0180912 0.0258517 0.0349425 0.0447438 0.0542242 0.0622002 0.0677643 0.0705685 0.0707881 0.0688877 0.0654073 0.060856 0.0556734 0.0502116 0.04473 0.0394007 0.0343175 0.0295024 0.0249208 0.0205189 0.0162815 0.0122822 0.00868422
 0.00744983 0.0122055 0.0185616 0.0265157 0.0358258 0.0458521 0.0555317 0.0636449 0.0692555 0.0720019 0.0720619 0.0699132 0.0661159 0.0612042 0.0556442 0.0498116 0.0439828 0.0383401 0.0329856 0.0279552 0.0232368 0.018804 0.01466 0.0108723 0.00756772
 0.00753288 0.0123457 0.0187827 0.0268441 0.0362867 0.0464624 0.0562921 0.0645353 0.0702369 0.0730213 0.0730576 0.070819 0.0668654 0.061736 0.0559085 0.0497765 0.0436373 0.0376945 0.0320706 0.0268217 0.0219584 0.0174761 0.0133906 0.0097621 0.00668572
 0.00757012 0.0124021 0.0188606 0.0269455 0.036416 0.0466301 0.0565158 0.0648372 0.0706361 0.0735251 0.0736548 0.0714776 0.0675348 0.0623531 0.0564057 0.0500909 0.04372 0.0375184 0.0316354 0.0261567 0.0211222 0.0165516 0.0124735 0.00894168 0.00602477
 0.0076576 0.0125322 0.0190337 0.0271535 0.0366443 0.0468618 0.056736 0.0650373 0.0708173 0.0737006 0.0738464 0.0717067 0.067811 0.0626648 0.0567186 0.0503533 0.0438738 0.0375128 0.0314394 0.0257686 0.0205735 0.0159033 0.0118039 0.00832758 0.00552232
 0.0077158 0.0126276 0.019178 0.0273559 0.036907 0.0471742 0.0570716 0.0653567 0.0710803 0.0738809 0.0739416 0.0717387 0.0678154 0.0626757 0.0567541 0.0504075 0.0439173 0.0375018 0.0313309 0.0255364 0.0202197 0.0154607 0.0113275 0.00787779 0.00514693
 0.00775185 0.0126803 0.0192467 0.0274375 0.0369983 0.047275 0.0571852 0.0654872 0.0712265 0.0740326 0.0740816 0.0718498 0.0678896 0.0627188 0.0567815 0.0504336 0.0439441 0.0375143 0.0313011 0.0254362 0.0200352 0.0152019 0.0110264 0.00757788 0.00488696
 0.007827 0.0127933 0.0193994 0.0276246 0.037208 0.0474906 0.057388 0.0656594 0.0713557 0.0741148 0.0741208 0.0718537 0.0678652 0.0626706 0.0567143 0.0503542 0.0438599 0.0374273 0.0312044 0.0253158 0.0198786 0.0150075 0.0108083 0.00736116 0.00469742
 0.00786623 0.0128565 0.019493 0.0277529 0.0373712 0.047682 0.0575919 0.0658529 0.0715141 0.07422 0.0741662 0.0718453 0.0678168 0.0625976 0.0566288 0.0502638 0.0437681 0.0373346 0.0311083 0.0252103 0.0197572 0.014868 0.010657 0.0072116 0.00456564
 0.00787281 0.0128657 0.0195045 0.0277663 0.0373868 0.0477022 0.0576214 0.0658965 0.0715742 0.0742929 0.074243 0.0719145 0.0678688 0.0626285 0.0566401 0.0502599 0.0437533 0.0373111 0.0310752 0.0251648 0.0196962 0.014791 0.0105681 0.00711998 0.00448216
 0.00787603 0.0128677 0.0195013 0.0277526 0.0373573 0.0476547 0.0575587 0.0658279 0.0715132 0.0742541 0.0742369 0.0719444 0.0679298 0.0627089 0.0567261 0.0503399 0.04382 0.0373611 0.0311069 0.0251773 0.0196888 0.0147647 0.0105269 0.00707097 0.00443379
 0.00787791 0.0128655 0.0194886 0.0277199 0.0372952 0.0475572 0.0574276 0.0656738 0.071354 0.0741117 0.0741328 0.0718949 0.0679426 0.0627813 0.0568453 0.0504868 0.0439742 0.0375052 0.0312292 0.025271 0.0197518 0.0147983 0.0105359 0.00706274 0.00441668
 0.00790398 0.0129042 0.0195396 0.0277795 0.0373558 0.0476077 0.0574548 0.0656648 0.0713007 0.0740152 0.0740052 0.0717578 0.0678205 0.0626949 0.0568063 0.0504956 0.0440212 0.0375749 0.0313049 0.025339 0.0198033 0.0148302 0.0105494 0.00706237 0.00440841
 0.00787515 0.0128583 0.0194723 0.0276881 0.03724 0.0474711 0.0573054 0.0655146 0.071163 0.0739007 0.0739209 0.0717073 0.0678063 0.0627199 0.0568725 0.0506021 0.0441616 0.037737 0.0314723 0.0254953 0.0199355 0.0149308 0.0106179 0.00710316 0.00442887
 0.00787092 0.0128466 0.0194459 0.0276374 0.0371562 0.0473499 0.0571509 0.0653398 0.070987 0.0737435 0.0737986 0.0716295 0.0677763 0.0627361 0.0569309 0.0506976 0.0442881 0.037886 0.0316323 0.0256525 0.0200763 0.0150456 0.0107022 0.00715866 0.00446118
 0.00787824 0.0128584 0.0194633 0.02766 0.0371809 0.0473699 0.0571551 0.065316 0.0709264 0.0736459 0.0736744 0.0714971 0.067656 0.0626446 0.0568781 0.0506864 0.0443162 0.0379472 0.0317175 0.0257503 0.0201743 0.0151328 0.0107715 0.00720759 0.0044918
 0.00783794 0.0127956 0.0193739 0.027543 0.0370391 0.0472107 0.056991 0.0651622 0.0707971 0.0735502 0.0736144 0.07147 0.0676587 0.062676 0.056939 0.0507771 0.0444344 0.0380872 0.0318703 0.0259049 0.0203194 0.0152584 0.0108711 0.0072795 0.00453867
 0.00781941 0.0127616 0.019316 0.0274515 0.0369062 0.0470353 0.0567823 0.0649402 0.0705882 0.0733796 0.0735 0.071419 0.067668 0.062736 0.0570382 0.0509055 0.044584 0.0382511 0.0320412 0.0260738 0.0204765 0.0153947 0.0109803 0.00735958 0.00459206
 0.00779285 0.0127166 0.0192449 0.0273459 0.0367587 0.0468423 0.0565476 0.0646771 0.0703188 0.0731322 0.0733033 0.0712966 0.0676331 0.0627887 0.0571667 0.0510903 0.0448041 0.0384874 0.032278 0.0262984 0.0206785 0.0155657 0.0111155 0.00745837 0.00465814
 0.0077627 0.0126674 0.0191703 0.02724 0.036617 0.0466632 0.0563347 0.0644401 0.070073 0.0728966 0.0730988 0.0711437 0.0675495 0.0627858 0.0572466 0.0512448 0.0450158 0.0387339 0.0325366 0.0265489 0.020905 0.0157575 0.0112668 0.00756892 0.00473227
 0.00772516 0.0126053 0.0190751 0.0271035 0.0364335 0.0464333 0.0560677 0.0641544 0.0697926 0.0726459 0.072898 0.0710072 0.0674863 0.0628004 0.0573394 0.0514105 0.0452426 0.0390038 0.0328269 0.0268362 0.0211685 0.015982 0.0114442 0.00769836 0.004819
 0.00932593 0.0148462 0.0217799 0.0298848 0.0388051 0.0479894 0.0566253 0.0637807 0.0687238 0.0711667 0.0712531 0.0693676 0.0659554 0.061434 0.0561632 0.0504325 0.0444591 0.038402 0.0323867 0.0265318 0.0209712 0.0158635 0.0113793 0.00766671 0.00480586
 0.00930937 0.0151141 0.0227024 0.0319208 0.0423023 0.0529139 0.0623902 0.069342 0.0729506 0.0732875 0.07111 0.0673585 0.0627595 0.0577216 0.0524298 0.0469712 0.0414098 0.0358131 0.0302587 0.0248404 0.019677 0.0149161 0.0107211 0.00723644 0.00454349
 0.00895325 0.0145558 0.0219225 0.0309721 0.0413628 0.0523217 0.0626029 0.0707733 0.075724 0.0770518 0.0750838 0.0706262 0.0646527 0.0580507 0.0514537 0.0451827 0.0393026 0.0337477 0.0284379 0.0233463 0.0185189 0.0140654 0.0101305 0.00685133 0.00430952
 0.0087874 0.0142731 0.0214739 0.0303073 0.0404499 0.0511822 0.0613545 0.0696577 0.0750847 0.0772389 0.0762966 0.0727679 0.0672992 0.060589 0.0533294 0.0461115 0.0393263 0.0331335 0.027516 0.0223856 0.0176804 0.0134136 0.00966753 0.00654789 0.00412576
 0.00872257 0.0141623 0.021296 0.0300361 0.0400563 0.0506403 0.0606538 0.0688216 0.0741922 0.0764402 0.0758041 0.0728009 0.0679875 0.0618785 0.0549594 0.0477 0.0405276 0.0337714 0.0276192 0.0221218 0.017252 0.0129788 0.00931233 0.00629706 0.00396809
 0.00869166 0.0141089 0.0212094 0.0299034 0.0398634 0.0503745 0.0603066 0.0683911 0.0736865 0.0758857 0.0752577 0.0723599 0.0677804 0.0620244 0.0555052 0.0485709 0.0415335 0.0346792 0.0282512 0.0224198 0.0172723 0.0128367 0.00911907 0.00612435 0.00384417
 0.00867401 0.0140809 0.021168 0.0298455 0.0397851 0.0502706 0.0601705 0.0682155 0.0734654 0.0756168 0.0749476 0.0720318 0.0674811 0.0618248 0.0554835 0.0487784 0.0419579 0.0352331 0.028802 0.022847 0.0175167 0.0129114 0.00908326 0.00604395 0.00376526
 0.00865884 0.0140592 0.0211408 0.0298154 0.039755 0.0502418 0.0601413 0.0681802 0.0734149 0.0755403 0.0748355 0.0718801 0.0672974 0.0616339 0.055328 0.0487096 0.0420152 0.0354208 0.0290785 0.0231396 0.0177545 0.0130555 0.00913626 0.006036 0.00373166
 0.00867328 0.0140756 0.0211527 0.029813 0.0397288 0.0501877 0.0600636 0.0680911 0.0733287 0.0754667 0.0747752 0.0718255 0.0672382 0.0615641 0.0552534 0.0486496 0.0419977 0.0354689 0.0291957 0.0233033 0.0179245 0.0131933 0.00922201 0.0060723 0.00373527
 0.00864624 0.0140402 0.0211147 0.0297819 0.0397135 0.0501906 0.0600777 0.068102 0.0733226 0.0754373 0.0747268 0.0717688 0.067183 0.0615149 0.0552103 0.0486142 0.0419771 0.0354748 0.0292378 0.0233807 0.0180227 0.0132899 0.00929764 0.0061187 0.00375584
 0.0086241 0.0140024 0.0210552 0.0296956 0.0395999 0.0500572 0.0599416 0.067986 0.0732463 0.0754089 0.0747402 0.0718089 0.0672342 0.0615673 0.0552602 0.0486618 0.042025 0.0355275 0.0293003 0.0234554 0.018106 0.0133725 0.00936809 0.00616953 0.00378618
 0.00863519 0.0140171 0.021071 0.0297075 0.0396008 0.0500399 0.059901 0.0679217 0.0731648 0.0753231 0.0746655 0.0717578 0.0672111 0.0615684 0.0552769 0.0486859 0.0420521 0.0355573 0.029335 0.023497 0.0181542 0.0134232 0.00941498 0.00620689 0.00381147
 0.00863374 0.0140196 0.0210834 0.0297373 0.039654 0.0501165 0.0599917 0.0680088 0.0732276 0.0753457 0.074643 0.0716973 0.0671283 0.0614806 0.0551976 0.0486217 0.0420041 0.0355241 0.0293153 0.0234901 0.018159 0.0134369 0.00943317 0.00622481 0.00382569
 0.00862789 0.0140106 0.0210711 0.0297229 0.0396406 0.0501098 0.059999 0.0680366 0.073277 0.0754098 0.0747072 0.0717446 0.0671466 0.0614674 0.05516 0.048572 0.0419543 0.0354822 0.0292852 0.0234724 0.0181525 0.0134393 0.00944117 0.00623486 0.00383486
 0.00861068 0.0139825 0.0210286 0.0296633 0.0395631 0.0500171 0.0598991 0.0679427 0.0732051 0.0753741 0.0747153 0.0717939 0.067225 0.0615574 0.055245 0.0486416 0.042006 0.0355197 0.0293139 0.0234972 0.0181758 0.0134615 0.00946146 0.00625197 0.00384791
 0.00861068 0.0139825 0.0210286 0.0296633 0.0395631 0.0500171 0.0598991 0.0679427 0.0732051 0.0753741 0.0747153 0.0717939 0.067225 0.0615574 0.055245 0.0486416 0.042006 0.0355197 0.0293139 0.0234972 0.0181758 0.0134615 0.00946146 0.00625197 0.00384791
 0.00853927 0.0138685 0.0208615 0.0294359 0.0392747 0.0496773 0.0595312 0.0675829 0.0728966 0.0751569 0.0746167 0.0718237 0.0673742 0.0618014 0.0555488 0.0489681 0.0423231 0.0358054 0.0295572 0.0236958 0.0183324 0.0135808 0.00954858 0.00631233 0.00388708
 0.00863201 0.0140065 0.021045 0.0296549 0.0395098 0.0499019 0.0597147 0.0676955 0.0729159 0.0750758 0.0744478 0.0715969 0.0671284 0.0615733 0.055364 0.0488368 0.0422415 0.0357615 0.0295371 0.0236884 0.018331 0.0135824 0.00955178 0.00631623 0.00389088
 0.00887626 0.0144085 0.021656 0.0305175 0.0406387 0.051259 0.0611905 0.069116 0.0740821 0.0758198 0.0746782 0.0713145 0.0664121 0.0605508 0.0541784 0.0476187 0.0410913 0.0347422 0.0286787 0.0229965 0.0177964 0.0131877 0.00927554 0.00613462 0.00377983
 0.00869825 0.0141476 0.0213188 0.0301353 0.0402676 0.0509735 0.061072 0.0692326 0.0744618 0.0764283 0.0754169 0.0720465 0.0670068 0.0609231 0.0543071 0.0475389 0.0408706 0.0344547 0.0283848 0.0227351 0.0175853 0.0130298 0.00916532 0.0060628 0.00373637
 0.00832575 0.0135347 0.0203878 0.0288227 0.0385539 0.0489234 0.0588636 0.0671472 0.0728214 0.0755023 0.075342 0.0727948 0.068406 0.062716 0.0562238 0.0493587 0.0424561 0.0357519 0.0294008 0.0235072 0.018158 0.0134432 0.00945257 0.00625237 0.0038536
 0.00867147 0.0140433 0.0210497 0.0295839 0.039317 0.0495599 0.0592343 0.0671353 0.0723752 0.0746723 0.0742853 0.071731 0.0675429 0.06218 0.0560302 0.0494296 0.0426693 0.035994 0.0295994 0.0236368 0.0182262 0.0134707 0.00945937 0.00625144 0.00385122
 0.00833896 0.0135633 0.0204391 0.0288951 0.0386207 0.0489169 0.0586736 0.0666498 0.0719363 0.0742537 0.0738872 0.0713946 0.0673469 0.0622145 0.0563575 0.0500498 0.0435122 0.0369416 0.0305265 0.0244475 0.0188714 0.0139446 0.00978359 0.00645907 0.00397562
 0.00857 0.0138876 0.0208338 0.0293109 0.0390008 0.0492232 0.0589016 0.0668193 0.0720609 0.0743141 0.0738286 0.0711563 0.0669054 0.0616126 0.055699 0.0494617 0.0430952 0.0367351 0.0305051 0.0245452 0.0190159 0.0140827 0.00988956 0.00652893 0.00401652
#pred catch len freq
 0.0031267 0.00510462 0.00775621 0.0111421 0.0153078 0.0202293 0.0257543 0.0316023 0.0374274 0.0428906 0.0477084 0.0516851 0.0547356 0.0568856 0.0582429 0.0589642 0.0592307 0.059216 0.0590056 0.0584659 0.0571367 0.0542945 0.0492725 0.0419211 0.0328939
 0.00329522 0.00533263 0.00801604 0.0113838 0.0154781 0.0202985 0.0257326 0.0315315 0.0373511 0.0428245 0.0476332 0.0515684 0.054569 0.0567097 0.0581437 0.059038 0.0595335 0.0597193 0.0595843 0.0589306 0.0573062 0.0540747 0.0487004 0.0411448 0.0321004
 0.00343753 0.00557482 0.00839649 0.0119341 0.0162034 0.0211546 0.0266165 0.032303 0.0378835 0.0430559 0.0475827 0.051309 0.0541819 0.0562587 0.057681 0.0586213 0.0592244 0.059554 0.0595362 0.0588992 0.0571531 0.053693 0.0480751 0.0403635 0.0313072
 0.00357233 0.0057967 0.00873794 0.0124332 0.0169025 0.0220918 0.027806 0.0337075 0.0393932 0.0444918 0.048738 0.052015 0.0543654 0.0559572 0.0570118 0.0577315 0.0582501 0.0585948 0.058638 0.058047 0.0562864 0.0527502 0.0470448 0.0393063 0.0303305
 0.00370755 0.00601867 0.00907717 0.0129228 0.0175762 0.0229793 0.0289254 0.0350565 0.0409389 0.0461585 0.0503967 0.0534873 0.055455 0.0565039 0.0569453 0.0570928 0.0571684 0.0572351 0.0571465 0.0565176 0.0547594 0.0512404 0.0455798 0.0379482 0.0291628
 0.00385745 0.00626049 0.00943881 0.0134321 0.0182602 0.0238606 0.0300158 0.0363504 0.0424089 0.0477537 0.05204 0.0550721 0.0568434 0.0575373 0.0574724 0.0570114 0.056462 0.0559804 0.0554862 0.0546141 0.0527577 0.049258 0.0437175 0.0363002 0.0278086
 0.00406874 0.00659607 0.00992985 0.0141044 0.0191325 0.0249409 0.0312952 0.0377988 0.0439758 0.0493741 0.0536413 0.0565764 0.0581655 0.058579 0.0581215 0.0571535 0.0560082 0.0549022 0.0538376 0.0525272 0.0504155 0.0468601 0.041452 0.0343224 0.0262214
 0.00434703 0.00704102 0.0105861 0.0150098 0.020313 0.0264016 0.0330091 0.0396998 0.045964 0.0513321 0.0554529 0.0581423 0.0594096 0.0594445 0.0585581 0.0571049 0.0554115 0.0537074 0.0520418 0.0502055 0.0477303 0.0440407 0.0387501 0.0319583 0.0243385
 0.00454221 0.00737429 0.0111181 0.0158095 0.0214457 0.0279087 0.0348849 0.0418781 0.0483218 0.0537084 0.0576748 0.0600509 0.0608811 0.0604008 0.0589613 0.0569395 0.0546651 0.0523661 0.0501076 0.0477321 0.0448541 0.0409848 0.0357877 0.0293475 0.0222551
 0.00479245 0.00776686 0.0116854 0.0165805 0.0224509 0.0291831 0.0364611 0.0437669 0.0504877 0.0560521 0.0600352 0.0622299 0.0626837 0.061672 0.0596055 0.0569169 0.0539733 0.0510218 0.0481445 0.04522 0.0419288 0.0378623 0.0327416 0.0266466 0.020091
 0.00508469 0.00823084 0.0123631 0.0175038 0.0236376 0.0306307 0.0381409 0.0456248 0.0524541 0.0580534 0.0619954 0.0640608 0.0642742 0.0628919 0.0603253 0.0570327 0.0534238 0.0497917 0.0462634 0.0427682 0.0390519 0.0347791 0.0297234 0.0239614 0.017933
 0.00530817 0.00859613 0.0129172 0.0182934 0.0247022 0.0319899 0.0397791 0.0474822 0.0544312 0.0600289 0.0638493 0.0656926 0.0656092 0.0638721 0.0608943 0.0571257 0.0529731 0.0487451 0.0446083 0.0405543 0.0364079 0.0319132 0.0268974 0.0214345 0.0158945
 0.00552732 0.00894593 0.0134331 0.0190083 0.0256452 0.0331823 0.0412249 0.0491554 0.0562672 0.0619249 0.0656751 0.0673126 0.0669068 0.0647676 0.0613445 0.0571094 0.0524719 0.0477375 0.0430835 0.0385413 0.0340048 0.0292986 0.0243078 0.0191101 0.0140138
 0.00585562 0.0094519 0.0141436 0.0199322 0.0267757 0.0345011 0.0427019 0.0507459 0.0579105 0.0635466 0.0671918 0.0686355 0.0679491 0.0654537 0.0616198 0.0569436 0.0518543 0.0466686 0.0415745 0.0366286 0.0317742 0.0269007 0.0219455 0.0169935 0.0123015
 0.00612861 0.00989379 0.0148044 0.0208547 0.0279854 0.0359904 0.0444157 0.0525806 0.0597326 0.0652232 0.068616 0.0697374 0.0686908 0.065818 0.0615999 0.0565371 0.0510619 0.0454963 0.0400397 0.034772 0.0296765 0.024693 0.0197997 0.0150866 0.0107659
 0.00617366 0.00999828 0.0150206 0.0212537 0.028644 0.0369668 0.045724 0.0541743 0.0615052 0.0670244 0.0702798 0.0711138 0.0696734 0.066357 0.0616946 0.0562158 0.0503612 0.0444497 0.0386802 0.0331451 0.0278568 0.0227941 0.0179661 0.0134644 0.00946319
