SBPRF35
12.7214
Curr Bio
707118
B35
892934
F35
0.168422
FOFL
0.129698
OFL
75301.2
Bzero
3.63469e+006
#pred survey bio
 3.70554e+006 3.59787e+006 3.49259e+006 3.33335e+006 3.14259e+006 2.90629e+006 2.63656e+006 2.37584e+006 2.10686e+006 1.8701e+006 1.65765e+006 1.47251e+006 1.29639e+006 1.13335e+006 1.00188e+006 887385 801471 717925 663658 648586 624517 601758 593709 580500 562168 562515 561467 564388 566807 580662 580843 586769 598309 608162 620834 625201 636259 643580 654302 657451 661251 676561 686383 683596 693029 696797 703607 711490 719615 712323 2.45926e+007 1.48495e+007 1.52764e+007 1.6362e+007 1.78912e+007 1.95897e+007 2.12475e+007 2.27392e+007 2.40102e+007 2.50525e+007 2.58847e+007 2.65367e+007 2.70409e+007 2.74275e+007 2.77224e+007 2.79468e+007 2.81174e+007 2.82474e+007 2.83466e+007 2.84227e+007 2.84812e+007 2.85264e+007 2.85615e+007 2.85889e+007 2.86104e+007 2.86273e+007 2.86407e+007 2.86512e+007 2.86596e+007 2.86663e+007 2.86717e+007 2.86761e+007 2.86795e+007 2.86824e+007 2.86846e+007 2.86865e+007 2.8688e+007 2.86892e+007 2.86902e+007 2.8691e+007 2.86917e+007 2.86922e+007 2.86926e+007 2.8693e+007 2.86933e+007 2.86935e+007 2.86937e+007 2.86939e+007 2.8694e+007 2.86941e+007 2.86942e+007 2.86943e+007 2.86943e+007 2.86944e+007 2.86944e+007 2.86944e+007 2.86945e+007 2.86945e+007 2.86945e+007 2.86945e+007 2.86945e+007 2.86945e+007 2.86946e+007 2.86946e+007 2.86946e+007 2.86946e+007 2.86946e+007 2.86946e+007 2.86946e+007 2.86946e+007 2.86946e+007 2.86946e+007 2.86946e+007 2.86946e+007 2.86946e+007 2.86946e+007 2.86946e+007 2.86946e+007 2.86946e+007 2.86946e+007 2.86946e+007 2.86946e+007 2.86946e+007 2.86946e+007 2.86946e+007 2.86946e+007 2.86946e+007 2.86946e+007 2.86946e+007 2.86946e+007 2.86946e+007 2.86946e+007 2.86946e+007 2.86946e+007 2.86946e+007 2.86946e+007 2.86946e+007 2.86946e+007 2.86946e+007 2.86946e+007 0 0 0 0 0 0 0 0 0 0 0 0 0 0 0 0 0 0 0 0 0 0 0 0 0
#obs survey bio
 3.071e+006 5.01984e+006 3.10082e+006 3.03229e+006 4.06041e+006 4.53065e+006 3.85802e+006 2.52528e+006 1.40615e+006 1.65351e+006 1.28412e+006 1.21612e+006 885511 980085 1.28843e+006 785975 745620 713882 591280 795523 679389 603752 527097 461735 410704 458160 577132 633686 490473 559801 688500 684212 553311 751779 620256 655995 744454 538412 674069 794846 704047 681514 594837 570156 730534 815928 469222 925127 582708 720295
#pred catch bio
 95247.9 96381.8 151445 189201 242823 287799 295192 318443 303995 294856 280491 279522 271297 243831 227706 201208 196319 167228 131640 137440 133229 118545 121315 123374 106168 106829 102610 102135 92103.7 102915 96693.7 91741.2 93764.3 92395.1 100560 95966 100356 98511.9 105687 105622 97189.8 103322 114122 103383 107881 104756 103824 103386 114354 111271 75301.2 96589.1 98194.1 103919 113178 123783 134122 143315 151009 157176 161966 165597 168300 170282 171720 172753 173490 174012 174381 174641 174823 174950 175039 175101 175144 175174 175195 175209 175219 175226 175231 175234 175236 175238 175239 175240 175240 175241 175241 175241 175241 175241 175241 175241 175241 175241 175241 175241 175241 175241 175241 175241 175241 175241 175241 175241 175241 175241 175241 175241 175241 175241 175241 175241 175241 175241 175241 175241 175241 175241 175241 175241 175241 175241 175241 175241 175241 175241 175241 175241 175241 175241 175241 175241 175241 175241 175241 175241 175241 175241 175241 175241 175241 175241 175241 175241 175241 175241 175241 175241 0 0 0 0 0 0 0 0 0 0 0 0 0 0 0 0 0 0 0 0 0 0 0 0 0
#obs catch bio
 0 96066.1 151796 189235 242793 287426 293666 317674 303864 295658 281458 281001 275293 246573 228136 202342 198767 170397 133349 139139 134463 119228 122136 124764 106978 108058 103395 102554 92332.5 103359 96528.8 91259.4 93639.3 91987.5 100607 96051.8 100592 98829.9 105970 105774 97452.1 103918 114804 103778 108266 104525 103948 103383 114587 111259
#pred cpue bio
 3.65755e+006 3.55158e+006 3.44777e+006 3.28922e+006 3.09894e+006 2.86345e+006 2.59481e+006 2.33506e+006 2.06719e+006 1.83133e+006 1.61988e+006 1.43578e+006 1.26096e+006 1.09957e+006 969743 856772 771871 689750 636728 622218 599059 577097 569377 556598 538825 539242 538414 541564 544216 557997 558534 564619 575982 585566 597850 601977 612674 619792 630255 633343 636965 651786 661410 658808 668195 672165 678990 686746 694910 688460 2.38087e+007 1.4395e+007 1.46801e+007 1.55949e+007 1.70588e+007 1.87404e+007 2.03945e+007 2.18855e+007 2.31563e+007 2.41986e+007 2.50308e+007 2.56828e+007 2.6187e+007 2.65736e+007 2.68685e+007 2.70929e+007 2.72635e+007 2.73935e+007 2.74927e+007 2.75688e+007 2.76273e+007 2.76725e+007 2.77076e+007 2.7735e+007 2.77565e+007 2.77734e+007 2.77868e+007 2.77973e+007 2.78057e+007 2.78124e+007 2.78178e+007 2.78222e+007 2.78256e+007 2.78285e+007 2.78307e+007 2.78326e+007 2.78341e+007 2.78353e+007 2.78363e+007 2.78371e+007 2.78378e+007 2.78383e+007 2.78387e+007 2.78391e+007 2.78394e+007 2.78396e+007 2.78398e+007 2.784e+007 2.78401e+007 2.78402e+007 2.78403e+007 2.78404e+007 2.78404e+007 2.78405e+007 2.78405e+007 2.78405e+007 2.78406e+007 2.78406e+007 2.78406e+007 2.78406e+007 2.78406e+007 2.78406e+007 2.78407e+007 2.78407e+007 2.78407e+007 2.78407e+007 2.78407e+007 2.78407e+007 2.78407e+007 2.78407e+007 2.78407e+007 2.78407e+007 2.78407e+007 2.78407e+007 2.78407e+007 2.78407e+007 2.78407e+007 2.78407e+007 2.78407e+007 2.78407e+007 2.78407e+007 2.78407e+007 2.78407e+007 2.78407e+007 2.78407e+007 2.78407e+007 2.78407e+007 2.78407e+007 2.78407e+007 2.78407e+007 2.78407e+007 2.78407e+007 2.78407e+007 2.78407e+007 2.78407e+007 2.78407e+007 2.78407e+007 2.78407e+007 2.78407e+007 2.78407e+007 0 0 0 0 0 0 0 0 0 0 0 0 0 0 0 0 0 0 0 0 0 0 0 0 0
#obs cpue bio
 2.29192e+006 2.93669e+006 3.20664e+006 3.94164e+006 3.00217e+006 2.28918e+006 2.39464e+006 1.80748e+006 2.32958e+006 1.58673e+006 1.82887e+006 1.52742e+006 949332 1.25416e+006 1.23428e+006 679150 570080 366854 562719 543232 571274 544922 588511 512173 636526 487985 557444 612573 543518 617128 666238 660995 497631 592613 463477 475397 499954 591486 687540 566779 436508 502552 840105 686482 712233 883744 758976 550202 844513 765824
#pred surv len freq
 0.00482651 0.00782118 0.0117434 0.0165671 0.0221751 0.0282865 0.0344269 0.0400385 0.0446881 0.0482091 0.050681 0.0523068 0.0533024 0.053846 0.0540699 0.0540695 0.0539192 0.0536715 0.0533082 0.0526415 0.0512324 0.0484505 0.0437469 0.0370382 0.0289336
 0.00496455 0.00797211 0.011839 0.0165098 0.0218777 0.0277272 0.0336846 0.039276 0.0440841 0.0478785 0.0506337 0.0524672 0.0535691 0.0541519 0.0544084 0.0544799 0.0544441 0.0543089 0.0539849 0.053225 0.0515818 0.0484814 0.0434739 0.0365671 0.0284089
 0.00513241 0.00824397 0.0122404 0.0170482 0.0225238 0.0283973 0.0342421 0.0395701 0.0440178 0.0474674 0.0500092 0.0518132 0.053036 0.0538047 0.0542368 0.0544457 0.0545187 0.0544742 0.054206 0.0534286 0.051668 0.0483682 0.0431443 0.0360829 0.0278799
 0.00529735 0.00851363 0.0126495 0.0176308 0.0233059 0.0293831 0.0353938 0.0407918 0.0451566 0.0483437 0.0504725 0.0518019 0.0526049 0.0530998 0.0534295 0.0536695 0.0538418 0.0539078 0.053723 0.0529766 0.051182 0.0477954 0.0424744 0.0353622 0.0271925
 0.00547347 0.00879685 0.0130706 0.0182183 0.0240831 0.030362 0.0365666 0.0421209 0.0465687 0.0497269 0.0516819 0.0526799 0.0530214 0.0529982 0.0528529 0.0527456 0.0527316 0.0527484 0.0525931 0.051895 0.0501305 0.0467529 0.0414462 0.034391 0.0263439
 0.0056964 0.00915356 0.013597 0.0189446 0.0250294 0.031531 0.0379357 0.0436389 0.0481607 0.0513034 0.0531441 0.0539182 0.0539163 0.053435 0.0527526 0.052098 0.0516084 0.0512825 0.0509339 0.050167 0.0484175 0.0451106 0.0399263 0.0330531 0.0252457
 0.0059887 0.00961716 0.0142734 0.0198651 0.0262107 0.0329682 0.0395929 0.0454461 0.0500208 0.0531088 0.054791 0.0553131 0.0549728 0.0540689 0.052884 0.0516668 0.0505994 0.0497447 0.0489805 0.0479519 0.0461048 0.0428533 0.0378575 0.0312803 0.0238391
 0.00630151 0.010115 0.0150027 0.0208624 0.0274964 0.0345376 0.0414058 0.0474227 0.0520514 0.0550728 0.0565752 0.0568211 0.0561252 0.0547979 0.0531279 0.0513693 0.0497197 0.0482787 0.0469822 0.0455433 0.0434661 0.0401953 0.0353868 0.0291646 0.0221783
 0.00666145 0.0106888 0.0158452 0.0220169 0.0289874 0.0363587 0.0435066 0.0497042 0.0543781 0.0572969 0.0585602 0.0584564 0.057329 0.0555131 0.0533136 0.0509923 0.0487527 0.0467102 0.0448391 0.0429167 0.0405239 0.0371693 0.0325319 0.026702 0.0202453
 0.0069691 0.0111861 0.0165885 0.0230572 0.0303617 0.0380758 0.0455312 0.0519501 0.0567177 0.0595828 0.0606482 0.0602202 0.0586683 0.0563548 0.0536088 0.0507093 0.047871 0.045222 0.0427647 0.0403301 0.0375753 0.0340851 0.0295799 0.0241289 0.0182134
 0.00727943 0.0116797 0.0173118 0.024048 0.0316451 0.0396569 0.0473841 0.054011 0.0588878 0.0617406 0.062665 0.0619728 0.060048 0.0572744 0.0540041 0.0505372 0.0471057 0.0438548 0.0408141 0.0378626 0.0347287 0.031074 0.0266679 0.0215683 0.0161779
 0.00756981 0.0121447 0.0179985 0.0249956 0.0328777 0.0411734 0.0491474 0.0559448 0.0608879 0.0636944 0.0644674 0.0635326 0.0612862 0.0581209 0.0543976 0.0504266 0.0464526 0.0426386 0.0390428 0.035592 0.0320824 0.0282502 0.0239156 0.0191312 0.0142293
 0.00779339 0.0125199 0.0185844 0.0258537 0.0340582 0.0426935 0.0509706 0.0579755 0.0629872 0.065711 0.0662665 0.0650118 0.0623784 0.0587869 0.0546148 0.0501784 0.0457225 0.041414 0.0373287 0.0334329 0.0295849 0.0255918 0.0213234 0.0168317 0.0123861
 0.00802843 0.0128975 0.0191455 0.0266361 0.0350934 0.0439986 0.0525363 0.0597546 0.0648916 0.0676184 0.0680371 0.0665106 0.0634966 0.0594557 0.0548058 0.0498917 0.044971 0.0402136 0.0357021 0.031427 0.0272941 0.0231697 0.0189687 0.0147442 0.0107117
 0.00835971 0.0134018 0.0198414 0.0275202 0.0361453 0.0451896 0.0538338 0.0611215 0.0662845 0.068987 0.0693226 0.0676441 0.0644012 0.0600554 0.0550375 0.0497157 0.0443735 0.0392028 0.0343053 0.0296962 0.0253184 0.0210839 0.0169423 0.0129473 0.00926905
 0.00870748 0.013953 0.0206424 0.0285996 0.0375026 0.0467823 0.0555682 0.0628609 0.0678801 0.0703186 0.0703258 0.0683092 0.0647495 0.060111 0.0548106 0.0492011 0.0435592 0.0380831 0.032892 0.0280292 0.0234744 0.0191788 0.0151195 0.0113477 0.00799361
 0.00880428 0.0141363 0.0209661 0.0291298 0.0383018 0.0478834 0.0569495 0.0644364 0.0695122 0.0718486 0.0716086 0.0692423 0.0652874 0.0602612 0.0546142 0.0487066 0.0428039 0.0370891 0.0316767 0.0266225 0.0219343 0.0175974 0.0136128 0.0100297 0.00694503
 0.008902 0.0142999 0.0212227 0.0295114 0.038844 0.0486189 0.0578975 0.065589 0.0708225 0.0732258 0.0729261 0.0703601 0.0660833 0.0606595 0.0545979 0.0483096 0.0420886 0.0361224 0.0305176 0.0253243 0.0205571 0.0162179 0.0123217 0.00891447 0.00606576
 0.00900975 0.0144506 0.0214056 0.0297048 0.0390258 0.0487836 0.0580676 0.0658133 0.0711605 0.0737229 0.0735905 0.0711496 0.0669082 0.0614028 0.0551454 0.048579 0.0420456 0.0357788 0.0299172 0.0245285 0.0196375 0.0152538 0.0113962 0.00810278 0.00541953
 0.00892162 0.0143108 0.0212015 0.0294264 0.0386683 0.0483506 0.0575784 0.065311 0.0707147 0.0734241 0.0735315 0.0713976 0.0674762 0.0622341 0.0561217 0.0495497 0.0428679 0.0363507 0.0301938 0.0245199 0.0193952 0.0148549 0.0109272 0.00764345 0.00502884
 0.00896522 0.0143736 0.0212806 0.0295125 0.0387462 0.0484014 0.0575818 0.0652492 0.0705785 0.0732215 0.0732953 0.0711854 0.0673592 0.0622729 0.0563395 0.0499162 0.0433035 0.0367523 0.0304691 0.0246147 0.0193052 0.0146188 0.010609 0.00731152 0.00473694
 0.00907658 0.0145384 0.0214978 0.0297698 0.0390218 0.0486684 0.0578117 0.0654142 0.0706541 0.0731915 0.0731574 0.0709572 0.0670798 0.0619986 0.0561301 0.0498145 0.0433169 0.0368465 0.0305808 0.0246774 0.0192757 0.0144912 0.010411 0.007088 0.00453055
 0.0090776 0.0145406 0.0215021 0.0297766 0.0390306 0.0486765 0.0578143 0.0654053 0.0706292 0.0731486 0.0730985 0.0708867 0.0670048 0.0619306 0.0560861 0.049815 0.0433772 0.0369653 0.0307337 0.0248232 0.0193729 0.0145159 0.0103659 0.00699713 0.00442573
 0.00907481 0.0145439 0.0215211 0.0298245 0.0391196 0.0488114 0.0579872 0.0655947 0.0708052 0.0732816 0.0731668 0.0708813 0.0669299 0.0618017 0.0559269 0.0496533 0.0432395 0.0368701 0.030685 0.0248082 0.0193676 0.0144972 0.0103223 0.00693245 0.00435381
 0.00918051 0.0146986 0.0217227 0.030061 0.0393738 0.0490683 0.0582375 0.0658327 0.0710231 0.0734638 0.0732904 0.0709222 0.0668725 0.0616455 0.0556887 0.0493633 0.0429342 0.0365837 0.0304415 0.0246169 0.0192232 0.0143861 0.0102308 0.00685306 0.00428585
 0.00907702 0.0145464 0.0215231 0.0298254 0.03912 0.0488152 0.0580024 0.0656328 0.070878 0.0733958 0.0733179 0.0710505 0.0670864 0.0619112 0.0559642 0.0496123 0.0431363 0.0367361 0.0305533 0.0247 0.0192857 0.0144304 0.0102567 0.00686165 0.00428143
 0.00898187 0.0143982 0.021313 0.0295515 0.0387897 0.0484476 0.057629 0.0652939 0.0706137 0.0732358 0.0732759 0.0711251 0.0672656 0.0621749 0.0562845 0.0499554 0.0434683 0.0370304 0.0307959 0.024889 0.0194265 0.0145304 0.0103229 0.00690059 0.00430023
 0.00893458 0.014312 0.0211666 0.0293205 0.0384546 0.0480045 0.0570998 0.064728 0.0700788 0.0728012 0.0729959 0.0710292 0.0673556 0.0624291 0.0566646 0.0504149 0.0439585 0.0375074 0.0312254 0.0252497 0.0197106 0.0147407 0.0104685 0.00699408 0.00435494
 0.00890263 0.0142611 0.021091 0.0292136 0.0383071 0.0478045 0.0568352 0.0643931 0.0696827 0.0723745 0.0725893 0.0707027 0.0671626 0.0624007 0.0568034 0.0506959 0.0443385 0.0379354 0.0316529 0.0256381 0.0200354 0.0149918 0.0106483 0.00711279 0.00442682
 0.00870107 0.0139566 0.0206762 0.0286978 0.0377145 0.0471692 0.0561974 0.0637953 0.0691647 0.0719677 0.0723146 0.070573 0.0671876 0.0625875 0.0571509 0.0511884 0.0449419 0.0386 0.0323222 0.0262597 0.0205696 0.0154171 0.0109616 0.0073257 0.00455968
 0.00870286 0.0139432 0.0206266 0.0285839 0.03751 0.0468628 0.0558028 0.0633509 0.068721 0.0715705 0.0719937 0.0703415 0.0670491 0.0625449 0.0572103 0.0513561 0.0452169 0.0389665 0.0327481 0.026702 0.0209847 0.015771 0.0112363 0.00751984 0.00468446
 0.00879166 0.014061 0.020754 0.0286841 0.0375363 0.0467719 0.055569 0.0629751 0.0682334 0.0710259 0.0714604 0.0698857 0.0667189 0.0623632 0.0571772 0.0514582 0.0454348 0.039278 0.0331252 0.0271097 0.0213838 0.016126 0.011523 0.0077298 0.00482356
 0.00879781 0.0140761 0.0207846 0.0287358 0.0376073 0.046846 0.0556118 0.062941 0.0680816 0.0707404 0.071062 0.0694288 0.0662759 0.0620027 0.0569472 0.0513788 0.045501 0.0394671 0.0334046 0.0274415 0.0217286 0.0164473 0.0117932 0.007935 0.00496396
 0.00882911 0.0141203 0.0208391 0.0287952 0.0376659 0.0469008 0.0556629 0.0629867 0.0681115 0.0707316 0.0709849 0.0692618 0.0660208 0.0616912 0.0566331 0.0511202 0.045342 0.039427 0.0334775 0.0276019 0.0219403 0.0166723 0.0119992 0.0081013 0.00508331
 0.00882073 0.0141092 0.0208269 0.0287844 0.0376584 0.0468965 0.0556594 0.0629803 0.0681 0.0707147 0.0709611 0.0692248 0.0659591 0.0615945 0.0565027 0.0509747 0.0452143 0.0393518 0.033477 0.0276781 0.0220759 0.0168381 0.0121646 0.00824295 0.00518955
 0.00881757 0.0141124 0.0208469 0.0288355 0.0377542 0.0470433 0.05585 0.0631935 0.0683051 0.0708801 0.0710626 0.0692495 0.0659054 0.0614688 0.0563171 0.0507475 0.0449708 0.0391233 0.0332945 0.027563 0.0220326 0.0168541 0.012217 0.00830739 0.00524802
 0.00876997 0.014036 0.0207348 0.0286843 0.037568 0.0468376 0.0556529 0.0630413 0.0682308 0.0709003 0.0711703 0.069417 0.0660949 0.0616451 0.0564553 0.0508362 0.0450122 0.0391309 0.0332889 0.0275653 0.0220571 0.0169034 0.0122829 0.00837642 0.00530798
 0.00874896 0.0140042 0.0206909 0.0286279 0.037499 0.0467552 0.0555573 0.0629359 0.068126 0.070814 0.0711233 0.0694249 0.0661597 0.0617526 0.05658 0.0509515 0.0450991 0.0391833 0.0333134 0.0275761 0.0220692 0.0169262 0.0123175 0.00841703 0.00534664
 0.00869 0.013914 0.0205661 0.0284696 0.0373129 0.0465511 0.0553487 0.062739 0.067957 0.0706872 0.0710497 0.0694125 0.0662132 0.0618705 0.0567519 0.0511568 0.0453119 0.0393799 0.033479 0.0277075 0.0221718 0.0170085 0.0123858 0.00847374 0.00539149
 0.00875556 0.0140054 0.0206754 0.0285799 0.0374026 0.046602 0.0553514 0.0626946 0.0678744 0.0705783 0.070927 0.0692878 0.0660985 0.0617777 0.056691 0.0511326 0.0453213 0.0394127 0.0335218 0.0277491 0.022207 0.0170373 0.0124104 0.00849571 0.0054107
 0.00880277 0.0140818 0.0207888 0.0287348 0.0375966 0.0468209 0.0555678 0.0628721 0.0679785 0.0705891 0.0708459 0.0691352 0.0659041 0.0615713 0.0564968 0.0509673 0.0451937 0.0393239 0.0334662 0.027718 0.0221912 0.0170305 0.0124092 0.00849821 0.00541542
 0.00866806 0.0138861 0.0205381 0.0284508 0.0373121 0.0465711 0.0553817 0.0627672 0.0679577 0.0706409 0.0709478 0.0692617 0.0660351 0.0616975 0.0566182 0.0510891 0.0453207 0.0394572 0.0336025 0.0278504 0.0223117 0.0171325 0.0124894 0.00855691 0.00545536
 0.00857033 0.013733 0.0203194 0.0281638 0.0369649 0.046187 0.0550005 0.06244 0.0677344 0.0705533 0.0709991 0.0694272 0.0662737 0.0619663 0.0568851 0.0513366 0.0455444 0.0396597 0.0337872 0.0280179 0.0224596 0.0172568 0.0125874 0.0086286 0.00550379
 0.00854864 0.0137013 0.020278 0.028114 0.0369076 0.0461206 0.0549213 0.0623452 0.0676275 0.0704475 0.070915 0.0693847 0.0662829 0.0620228 0.0569723 0.0514347 0.045638 0.0397421 0.0338589 0.028082 0.0225183 0.0173098 0.0126327 0.00866438 0.00552951
 0.00841624 0.0134983 0.0199956 0.0277539 0.0364825 0.0456542 0.054448 0.0619069 0.0672666 0.0701976 0.0707955 0.0694006 0.0664276 0.0622803 0.0573179 0.0518357 0.0460587 0.04015 0.0342301 0.0284032 0.0227844 0.017521 0.0127923 0.008778 0.00560478
 0.00846168 0.013547 0.0200228 0.0277218 0.0363516 0.0454006 0.0540771 0.0614564 0.066795 0.0697669 0.070456 0.0691834 0.0663448 0.0623284 0.0574818 0.0520917 0.0463772 0.0404979 0.0345761 0.0287216 0.0230581 0.017742 0.0129599 0.00889698 0.00568325
 0.00846463 0.0135564 0.020044 0.0277582 0.0363984 0.045438 0.0540693 0.061361 0.0665826 0.0694401 0.070056 0.0687776 0.0660039 0.0621047 0.0573989 0.052146 0.0465451 0.0407452 0.0348645 0.0290154 0.0233286 0.0179705 0.0131379 0.00902498 0.00576803
 0.00832031 0.0133506 0.0197879 0.0274814 0.0361411 0.0452377 0.0539478 0.0613174 0.066593 0.0694655 0.0700559 0.0687279 0.0659088 0.0619967 0.0573247 0.0521466 0.046641 0.0409317 0.0351172 0.0292995 0.0236091 0.0182194 0.0133387 0.00917268 0.00586715
 0.00794424 0.0127963 0.0190609 0.0266272 0.0352366 0.0443738 0.0532133 0.0607871 0.0663161 0.0694537 0.0702778 0.0691171 0.0663855 0.0624932 0.0578035 0.0526025 0.0470883 0.0413862 0.035582 0.0297607 0.0240415 0.0185965 0.0136419 0.00939632 0.0060177
 0.00747129 0.0120834 0.0180942 0.025436 0.0338916 0.0429785 0.051895 0.0596835 0.0655522 0.0691116 0.0703747 0.0696031 0.0671622 0.0634426 0.0588155 0.0535956 0.0480174 0.0422366 0.0363548 0.0304571 0.024655 0.0191144 0.014053 0.00969882 0.00622189
#obs surv len freq
 nan nan nan nan nan nan nan nan nan nan nan nan nan nan nan nan nan nan nan nan nan nan nan nan nan
 0.00448232 0.00734251 0.0111713 0.0159866 0.0216867 0.0279619 0.0342761 0.0400078 0.0446882 0.0481532 0.0505124 0.0520097 0.0529034 0.053417 0.0537323 0.053988 0.0542671 0.0545602 0.0546992 0.0542912 0.0527292 0.0493611 0.0438103 0.0362896 0.0276724
 0.00461583 0.00756058 0.0115011 0.016453 0.0223062 0.0287336 0.035172 0.0409707 0.0456389 0.0490062 0.0511922 0.0524616 0.0530993 0.053356 0.0534359 0.053493 0.0536165 0.0537963 0.0538607 0.0534147 0.0518532 0.0485284 0.0430653 0.0356699 0.0271988
 0.00477856 0.00782811 0.0119092 0.0170367 0.0230926 0.0297306 0.0363562 0.0422822 0.0469881 0.050289 0.0523055 0.0533166 0.0536297 0.0535241 0.0532358 0.0529476 0.0527717 0.0527117 0.0526026 0.0520533 0.0504637 0.0471915 0.0418611 0.0346647 0.0264292
 0.004974 0.00814587 0.0123877 0.0177123 0.0239934 0.0308661 0.0377063 0.0437913 0.0485706 0.0518417 0.0537215 0.0544946 0.0544814 0.0539804 0.0532534 0.0525142 0.0519073 0.0514666 0.0510529 0.0502965 0.0486153 0.0453785 0.0402092 0.0332765 0.0253623
 0.00518359 0.00849113 0.0129156 0.0184692 0.0250155 0.0321653 0.0392553 0.0455198 0.050376 0.0536094 0.0553422 0.0558719 0.0555316 0.0546316 0.0534468 0.05221 0.0510923 0.0501618 0.0493196 0.048239 0.0463774 0.0431323 0.0381309 0.0315129 0.0239988
 0.00540819 0.0088584 0.0134726 0.0192619 0.0260812 0.033519 0.0408761 0.0473438 0.0523034 0.0555215 0.0571198 0.0574071 0.0567337 0.0554267 0.0537755 0.0520256 0.0503642 0.0488855 0.0475311 0.0460292 0.0438977 0.0405834 0.0357311 0.0294514 0.0223919
 0.00564052 0.00923848 0.0140492 0.0200821 0.0271818 0.0349133 0.042539 0.0492073 0.054266 0.0574674 0.0589356 0.0589913 0.0579984 0.0562974 0.0541895 0.0519309 0.0497208 0.0476734 0.0457659 0.0437829 0.0413138 0.0378718 0.0331354 0.027193 0.0206149
 0.0058985 0.00966062 0.0146895 0.0209922 0.028401 0.036452 0.0443629 0.051232 0.0563701 0.0595167 0.0608061 0.0605811 0.0592294 0.0571105 0.0545383 0.0517757 0.049027 0.0464176 0.0439526 0.041469 0.0386304 0.0350271 0.030384 0.0247769 0.0186987
 0.00614442 0.0100655 0.0153081 0.0218792 0.0295995 0.0379774 0.0461852 0.0532696 0.0585007 0.0616009 0.0627107 0.0621938 0.0604648 0.0579088 0.0548597 0.0515929 0.048318 0.0451666 0.0421636 0.0391899 0.035979 0.0321993 0.0276292 0.02234 0.0167531
 0.00636173 0.0104237 0.0158569 0.0226684 0.0306709 0.0393495 0.047838 0.0551375 0.0604804 0.0635692 0.0645434 0.0637785 0.0617083 0.0587401 0.0552301 0.051471 0.0476845 0.0440122 0.0404969 0.0370567 0.0334867 0.0295281 0.0250123 0.0200114 0.0148833
 0.00660242 0.0108149 0.0164454 0.0234979 0.0317734 0.040733 0.0494728 0.0569516 0.0623692 0.065415 0.0662338 0.0652167 0.0628162 0.0594584 0.055516 0.0512957 0.0470304 0.0428732 0.0388847 0.0350174 0.0311209 0.0270014 0.0225393 0.017809 0.0131113
 0.00684791 0.0112185 0.0170607 0.0243759 0.0329513 0.0422156 0.0512162 0.0588593 0.0643092 0.0672483 0.0678401 0.0665071 0.0637328 0.0599681 0.0556021 0.050951 0.0462527 0.0416653 0.037263 0.0330272 0.0288554 0.0246106 0.0202163 0.0157486 0.0114566
 0.00706017 0.0115682 0.0175957 0.0251438 0.0339899 0.0435384 0.0527955 0.0606198 0.0661363 0.0690091 0.0694058 0.067771 0.0646201 0.0604379 0.0556425 0.0505692 0.0454643 0.04049 0.0357278 0.0311802 0.0267825 0.0224449 0.0181263 0.0139027 0.00997784
 0.00727362 0.0119162 0.018121 0.0258867 0.0349801 0.0447821 0.0542627 0.0622397 0.067806 0.0706121 0.0708304 0.0689218 0.0654247 0.0608499 0.0556424 0.0501609 0.0446688 0.0393386 0.0342609 0.0294541 0.0248813 0.0204878 0.0162583 0.012266 0.00867388
 0.00744853 0.0122063 0.0185682 0.0265327 0.0358572 0.0458988 0.0555896 0.0637061 0.069311 0.0720459 0.0720925 0.069932 0.0661249 0.0612032 0.0556309 0.0497842 0.0439419 0.0382897 0.0329319 0.027904 0.0231922 0.0187678 0.0146325 0.0108529 0.00755497
 0.00752708 0.0123355 0.0187661 0.0268197 0.0362548 0.0464264 0.056259 0.0645144 0.0702356 0.073042 0.0730964 0.0708678 0.0669158 0.0617815 0.0559451 0.0498017 0.0436498 0.0376944 0.03206 0.0268044 0.0219388 0.0174578 0.0133758 0.00975136 0.00667874
 0.0075854 0.0124261 0.018895 0.0269907 0.0364707 0.0466902 0.0565751 0.0648882 0.0706728 0.0735453 0.0736603 0.0714725 0.0675228 0.0623358 0.056383 0.0500622 0.043685 0.0374779 0.031591 0.026111 0.0210783 0.0165126 0.0124417 0.00891785 0.00600849
 0.00763598 0.0124992 0.0189883 0.0270966 0.0365789 0.0467927 0.0566701 0.0649822 0.0707798 0.0736851 0.0738537 0.0717351 0.0678568 0.0627231 0.0567838 0.0504191 0.0439342 0.0375632 0.0314772 0.0257937 0.0205877 0.0159097 0.0118056 0.00832706 0.00552123
 0.00772127 0.0126314 0.0191745 0.0273371 0.0368653 0.0471063 0.0569815 0.0652561 0.0709848 0.0738052 0.0738959 0.0717267 0.0678351 0.0627212 0.0568177 0.050481 0.0439928 0.0375726 0.0313918 0.0255846 0.0202547 0.015484 0.0113417 0.00788574 0.00515108
 0.00777759 0.01272 0.0193023 0.0275078 0.0370786 0.0473557 0.0572524 0.0655256 0.0712246 0.073988 0.074003 0.071754 0.0677954 0.0626406 0.0567265 0.0504024 0.0439326 0.0375161 0.0313097 0.0254462 0.0200433 0.0152066 0.011028 0.0075774 0.00488562
 0.00779937 0.0127538 0.0193502 0.0275711 0.0371578 0.0474508 0.0573627 0.0656487 0.0713556 0.0741187 0.074122 0.0718488 0.0678555 0.0626622 0.0567147 0.0503691 0.0438905 0.0374703 0.0312536 0.0253645 0.0199215 0.0150415 0.0108328 0.00737716 0.00470696
 0.00783991 0.0128124 0.0194249 0.0276555 0.037243 0.0475288 0.0574289 0.0657028 0.0714006 0.0741593 0.0741617 0.0718884 0.0678918 0.062689 0.0567258 0.0503614 0.0438651 0.0374306 0.0312012 0.0252965 0.0198324 0.014929 0.0107026 0.007243 0.00458544
 0.00787296 0.0128631 0.019495 0.0277439 0.0373447 0.0476347 0.0575266 0.0657789 0.0714449 0.0741691 0.0741438 0.0718556 0.0678573 0.0626613 0.0567062 0.0503457 0.0438473 0.0374054 0.0311654 0.0252477 0.019769 0.0148512 0.0106144 0.00715272 0.00450334
 0.00787312 0.0128632 0.0194951 0.0277439 0.0373449 0.0476355 0.0575286 0.0657821 0.0714488 0.0741723 0.0741452 0.0718558 0.0678595 0.0626698 0.0567246 0.050374 0.0438813 0.0374382 0.0311893 0.0252568 0.01976 0.0148243 0.0105733 0.00710441 0.00445583
 0.00789301 0.0128902 0.0195256 0.0277717 0.0373624 0.0476373 0.0575138 0.0657545 0.0714152 0.0741398 0.0741189 0.071838 0.0678505 0.0626692 0.0567321 0.0503895 0.0439036 0.0374644 0.0312142 0.0252747 0.0197661 0.0148168 0.0105539 0.0070775 0.00442734
 0.00791256 0.0129178 0.0195594 0.0278064 0.0373907 0.0476512 0.0575064 0.0657224 0.07136 0.0740689 0.0740444 0.0717729 0.0678053 0.0626486 0.0567354 0.050412 0.0439394 0.0375069 0.0312575 0.0253127 0.0197942 0.0148321 0.0105566 0.00707066 0.00441541
 0.00789143 0.0128883 0.0195239 0.0277698 0.0373583 0.0476261 0.0574874 0.0657045 0.0713369 0.0740371 0.0740048 0.0717321 0.0677725 0.062633 0.0567425 0.0504425 0.0439891 0.0375688 0.0313231 0.0253743 0.0198456 0.0148697 0.0105797 0.00708123 0.0044173
 0.00787093 0.0128485 0.0194528 0.027654 0.0371887 0.0474052 0.0572342 0.0654526 0.0711242 0.0738922 0.0739399 0.0717426 0.0678443 0.0627497 0.05689 0.0506099 0.044167 0.0377477 0.0314936 0.0255274 0.0199741 0.0149696 0.0106508 0.00712687 0.00444327
 0.00785164 0.0128163 0.0194021 0.0275783 0.0370806 0.0472578 0.0570447 0.0652259 0.0708766 0.0736518 0.0737408 0.0716158 0.0678074 0.062803 0.0570187 0.0507913 0.0443777 0.0379676 0.0317066 0.0257211 0.0201394 0.0151013 0.0107478 0.00719237 0.00448336
 0.00784175 0.012797 0.0193673 0.0275203 0.0369922 0.0471348 0.0568883 0.0650431 0.0706786 0.0734522 0.0735554 0.0714628 0.0677065 0.0627707 0.057063 0.0509078 0.0445507 0.0381747 0.0319243 0.0259292 0.020323 0.0152513 0.0108611 0.007271 0.00453313
 0.00781669 0.0127566 0.019307 0.027436 0.0368806 0.0469949 0.0567224 0.0648582 0.0704862 0.0732664 0.0733911 0.0713337 0.0676239 0.0627437 0.0570975 0.0510051 0.0447049 0.0383723 0.0321455 0.0261519 0.0205276 0.0154236 0.0109945 0.00736559 0.00459435
 0.0077845 0.0127032 0.0192251 0.0273185 0.0367231 0.0467983 0.0564958 0.0646186 0.0702547 0.0730639 0.0732334 0.0712304 0.0675797 0.0627593 0.0571713 0.0511332 0.0448811 0.0385861 0.0323821 0.0263928 0.0207534 0.0156183 0.0111485 0.00747703 0.00466778
 0.00776014 0.012661 0.0191568 0.0272149 0.0365763 0.0466054 0.0562621 0.0643589 0.0699916 0.0728228 0.0730378 0.0710977 0.0675195 0.0627729 0.0572537 0.0512753 0.0450714 0.0388119 0.0326284 0.0266429 0.0209895 0.0158249 0.0113148 0.00759951 0.0047499
 0.00773292 0.012618 0.0190941 0.0271293 0.0364652 0.0464669 0.0560964 0.0641695 0.0697868 0.072616 0.0728467 0.0709418 0.067416 0.0627341 0.057284 0.0513716 0.0452243 0.0390078 0.0328513 0.0268751 0.0212134 0.0160243 0.0114784 0.00772233 0.00483375
 0.00769033 0.0125499 0.018994 0.0269925 0.0362903 0.0462581 0.0558643 0.0639312 0.0695616 0.0724209 0.0726938 0.0708381 0.0673657 0.0627403 0.0573488 0.0514939 0.0453986 0.0392234 0.0330931 0.0271254 0.0214537 0.0162383 0.0116542 0.00785494 0.00492491
 0.0076818 0.0125326 0.0189615 0.0269368 0.0362035 0.0461355 0.0557075 0.0637488 0.0693682 0.0722338 0.0725289 0.0707081 0.0672791 0.0627017 0.0573598 0.0515546 0.0455068 0.0393736 0.0332755 0.0273257 0.0216551 0.0164241 0.0118113 0.0079761 0.00500982
 0.00764796 0.0124823 0.0188942 0.0268546 0.0361093 0.0460311 0.055593 0.0636234 0.0692329 0.0720937 0.0723941 0.0705917 0.0671941 0.0626578 0.0573623 0.0516041 0.0456006 0.0395061 0.0334382 0.0275066 0.0218397 0.0165972 0.0119599 0.0080924 0.00509237
 0.00763431 0.0124571 0.0188512 0.026787 0.0360123 0.0459057 0.0554478 0.0634734 0.0690941 0.0719773 0.0723038 0.0705259 0.0671507 0.0626376 0.057369 0.0516425 0.0456734 0.0396123 0.0335725 0.02766 0.0219998 0.0167504 0.0120938 0.00819897 0.00516918
 0.00760246 0.0124092 0.0187859 0.026705 0.0359155 0.0457955 0.0553254 0.0633415 0.0689589 0.0718492 0.0721959 0.0704498 0.0671123 0.062637 0.0574023 0.0517052 0.0457622 0.0397249 0.0337055 0.027807 0.0221512 0.0168947 0.0122204 0.0083003 0.00524274
 0.00760651 0.0124132 0.0187873 0.0267 0.0359003 0.0457681 0.0552865 0.0632933 0.0689039 0.0717885 0.0721295 0.0703793 0.0670426 0.0625757 0.0573577 0.0516836 0.0457669 0.0397564 0.0337619 0.027884 0.0222418 0.0169894 0.0123092 0.00837505 0.00529919
 0.00757598 0.0123691 0.0187313 0.0266367 0.0358357 0.0457069 0.0552304 0.0632419 0.0688561 0.0717446 0.0720915 0.0703494 0.0670224 0.0625658 0.0573592 0.0516981 0.0457969 0.0398036 0.0338262 0.0279627 0.0223294 0.0170785 0.0123917 0.00844428 0.00535156
 0.00758564 0.0123797 0.0187381 0.0266328 0.0358149 0.0456675 0.0551774 0.0631855 0.068807 0.0717091 0.072069 0.0703347 0.0670099 0.0625527 0.0573459 0.0516879 0.045794 0.0398122 0.0338491 0.0280003 0.022379 0.0171348 0.0124479 0.00849405 0.00539078
 0.007545 0.012323 0.0186696 0.0265615 0.035751 0.045617 0.0551393 0.0631534 0.0687747 0.0716754 0.0720393 0.0703169 0.0670095 0.0625697 0.0573762 0.0517261 0.0458366 0.0398581 0.033899 0.0280548 0.0224373 0.0171939 0.0125034 0.00854174 0.00542775
 0.00754223 0.0123119 0.0186413 0.0265057 0.0356601 0.0454929 0.0549967 0.0630167 0.0686682 0.0716135 0.072022 0.0703342 0.0670489 0.0626222 0.057437 0.0517927 0.0459066 0.0399291 0.0339693 0.0281233 0.0225031 0.0172553 0.012558 0.00858695 0.00546211
 0.00751472 0.0122709 0.0185863 0.0264373 0.0355788 0.0453973 0.054884 0.0628861 0.068526 0.0714754 0.0719099 0.0702684 0.0670397 0.0626671 0.0575237 0.0519054 0.0460313 0.0400556 0.0340908 0.0282354 0.022603 0.0173411 0.0126285 0.00864156 0.00550145
 0.0075222 0.0122798 0.0185936 0.0264387 0.0355697 0.0453752 0.0548492 0.0628406 0.0684717 0.0714123 0.0718384 0.0701924 0.0669688 0.0626141 0.0574993 0.0519138 0.0460689 0.040114 0.0341602 0.0283077 0.0226721 0.017403 0.0126805 0.0086825 0.00553128
 0.0075016 0.0122502 0.0185562 0.0263964 0.0355263 0.0453326 0.0548071 0.0627972 0.0684252 0.0713637 0.0717906 0.0701493 0.0669342 0.0625917 0.0574932 0.0519281 0.0461059 0.040172 0.0342334 0.028388 0.0227512 0.0174743 0.0127398 0.00872816 0.0055637
 0.00748986 0.0122287 0.0185197 0.0263395 0.0354456 0.0452301 0.0546917 0.0626834 0.0683285 0.0712945 0.071752 0.0701378 0.0669438 0.062617 0.0575313 0.0519782 0.0461682 0.0402464 0.0343178 0.0284774 0.0228392 0.0175541 0.0128065 0.00877931 0.00559964
 0.00747488 0.012206 0.0184883 0.0262992 0.0353959 0.04517 0.0546198 0.0625999 0.0682372 0.0712039 0.0716739 0.0700834 0.0669196 0.0626233 0.0575635 0.0520299 0.046234 0.0403222 0.0344004 0.0285632 0.0229233 0.0176312 0.0128717 0.00882993 0.00563547
#pred catch len freq
 0.00442709 0.00699486 0.0101831 0.0139057 0.018109 0.0227543 0.0277483 0.0329057 0.037983 0.0427395 0.0469759 0.050551 0.0533927 0.0555001 0.0569322 0.05779 0.0582008 0.0582892 0.0581017 0.0574873 0.0560049 0.0529897 0.0478562 0.0405215 0.0316562
 0.0045655 0.00715859 0.0103195 0.0139366 0.0179622 0.0224079 0.0272584 0.0323939 0.0375827 0.042534 0.0469672 0.0506768 0.0535759 0.0556981 0.0571576 0.0580949 0.0586341 0.0588481 0.0587056 0.0579916 0.0562571 0.0529013 0.047448 0.039914 0.0310105
 0.00475097 0.00744809 0.010728 0.0144573 0.0185544 0.0229877 0.0277064 0.0325887 0.0374572 0.0421196 0.0463907 0.050102 0.0531285 0.0554248 0.057041 0.0580994 0.0587388 0.0590419 0.0589557 0.0582206 0.0563571 0.0527831 0.0470929 0.0393892 0.030436
 0.00494014 0.00774666 0.0111615 0.0150458 0.0193096 0.0239066 0.028756 0.0336893 0.038477 0.0428973 0.0467859 0.0500553 0.0526923 0.0547404 0.0562746 0.0573791 0.0581282 0.0585486 0.0585492 0.0578436 0.0559376 0.0522607 0.0464527 0.0386782 0.0297438
 0.00515785 0.00808554 0.0116447 0.0156879 0.0201191 0.0248871 0.0299024 0.0349782 0.0398536 0.0442637 0.0480011 0.0509549 0.0531331 0.054654 0.0556988 0.0564434 0.057 0.0573715 0.0574051 0.0567506 0.0548738 0.0512003 0.0453986 0.0376744 0.0288603
 0.00542987 0.0085076 0.0122432 0.0164763 0.0211 0.0260535 0.0312367 0.0364481 0.0414091 0.0458358 0.0494987 0.052262 0.0541129 0.0551703 0.0556537 0.0558161 0.055862 0.0558634 0.0556873 0.0549569 0.0530931 0.0494904 0.0438124 0.0362738 0.0277069
 0.00576083 0.00901928 0.0129651 0.0174214 0.0222667 0.0274292 0.0327959 0.0381476 0.0431858 0.0476093 0.0511772 0.0537462 0.0552979 0.0559467 0.055916 0.0554837 0.0549073 0.0543339 0.0537031 0.0526837 0.0507073 0.0471548 0.0416671 0.0344317 0.026242
 0.00613982 0.00960534 0.0137921 0.0185035 0.0236009 0.0289981 0.0345661 0.0400646 0.0451729 0.0495728 0.0530151 0.0553563 0.0565826 0.0568149 0.0562827 0.0552728 0.0540642 0.0528479 0.0516304 0.0501565 0.0479213 0.0443386 0.039044 0.0321823 0.0244743
 0.00654956 0.0102412 0.0146938 0.0196908 0.0250752 0.0307439 0.036547 0.0422168 0.0474041 0.0517694 0.0550541 0.0571185 0.0579624 0.0577252 0.0566536 0.0550472 0.0531977 0.0513188 0.0494637 0.0474496 0.044856 0.041166 0.0360393 0.0295844 0.0224318
 0.00691952 0.01082 0.0155239 0.0208 0.0264768 0.0324355 0.0385037 0.0443833 0.0496916 0.0540616 0.0572187 0.0590211 0.0594796 0.0587554 0.0571202 0.054896 0.0523918 0.0498409 0.0473315 0.0447421 0.0417372 0.0378833 0.0328853 0.0268286 0.0202524
 0.00729302 0.011398 0.016341 0.0218734 0.02781 0.0340225 0.0403266 0.046404 0.0518445 0.056252 0.0593284 0.0609194 0.0610374 0.0598584 0.057678 0.0548436 0.0516874 0.0484666 0.0453029 0.0421306 0.0386938 0.0346443 0.0297411 0.0240572 0.0180459
 0.00767539 0.0119903 0.0171787 0.0229724 0.0291683 0.0356224 0.0421329 0.0483607 0.0538755 0.0582674 0.0612321 0.0626133 0.0624247 0.0608468 0.0581846 0.0547996 0.0510416 0.0471908 0.0434034 0.0396681 0.0358055 0.0315505 0.0267183 0.0213765 0.0159003
 0.00799083 0.0124921 0.0179137 0.0239783 0.0304683 0.0372173 0.0439893 0.0504045 0.0559973 0.0603391 0.0631268 0.0642208 0.0636595 0.0616481 0.0585096 0.0546152 0.0503198 0.0459119 0.0415703 0.0373296 0.0330804 0.0286365 0.0238688 0.0188441 0.0138681
 0.00828179 0.0129455 0.0185616 0.024842 0.0315621 0.0385491 0.0455558 0.0521784 0.0579157 0.0622996 0.0649962 0.065856 0.0649334 0.0624695 0.0588291 0.0544163 0.049604 0.0446884 0.0398598 0.0351827 0.030602 0.0259981 0.0212924 0.0165534 0.0120272
 0.00869678 0.0135678 0.0194016 0.0258787 0.0327536 0.0398515 0.0469342 0.0536069 0.0593684 0.0637408 0.0663725 0.0670938 0.0659431 0.0631586 0.0591192 0.0542563 0.0489732 0.0435924 0.0383274 0.0332711 0.0284109 0.0236788 0.0190354 0.0145498 0.0104173
 0.00909283 0.0141799 0.0202628 0.0269963 0.0341071 0.0413913 0.0485807 0.0552563 0.0609104 0.065083 0.0674576 0.0678989 0.066464 0.0633915 0.0590499 0.0538611 0.0482286 0.0424871 0.036873 0.0315125 0.0264348 0.0216164 0.0170488 0.0127986 0.00901659
 0.00928078 0.0144916 0.0207437 0.0276932 0.0350591 0.0426145 0.0500504 0.0568964 0.0625989 0.0666727 0.0688059 0.0688969 0.0670559 0.0635749 0.0588587 0.0533398 0.0474125 0.0413978 0.035529 0.0299475 0.0247151 0.0198464 0.0153597 0.0113194 0.00783904
 0.00936275 0.0146286 0.0209589 0.0280158 0.0355249 0.043263 0.0509153 0.0579903 0.0638956 0.0680949 0.0702277 0.0701655 0.0680269 0.0641478 0.0589952 0.0530593 0.0467701 0.0404588 0.0343542 0.0285953 0.0232532 0.0183626 0.0139582 0.010101 0.00687401
 0.0093679 0.0146275 0.0209412 0.0279707 0.0354505 0.0431779 0.0508677 0.0580541 0.0641521 0.068604 0.0710006 0.071149 0.069108 0.0651778 0.0598268 0.0535823 0.0469316 0.040262 0.0338427 0.0278361 0.0223271 0.017361 0.0129776 0.00922975 0.00617417
 0.00931183 0.0145376 0.0208079 0.0277845 0.035203 0.0428651 0.0504964 0.0576521 0.063776 0.0683386 0.0709428 0.0713779 0.0696503 0.0659864 0.0607854 0.0545352 0.0477269 0.0407896 0.0340537 0.0277414 0.0219841 0.0168554 0.0124057 0.00868019 0.00571179
 0.00936327 0.0146115 0.0209005 0.0278847 0.0352933 0.0429243 0.0505027 0.057587 0.0636302 0.068121 0.0706886 0.0711496 0.0695258 0.0660328 0.061029 0.0549428 0.0482103 0.0412338 0.0343551 0.0278396 0.0218742 0.0165813 0.0120401 0.00830025 0.00537835
 0.00943084 0.0147097 0.0210263 0.0280278 0.0354379 0.0430534 0.050601 0.0576414 0.0636294 0.0680564 0.0705583 0.0709654 0.0693186 0.0658516 0.0609281 0.0549604 0.0483477 0.041448 0.0345725 0.0279846 0.0218986 0.01648 0.0118466 0.00806782 0.00515767
 0.00945665 0.0147485 0.0210786 0.0280912 0.0355069 0.0431199 0.0506548 0.0576719 0.063628 0.0680191 0.0704866 0.0708652 0.0692007 0.0657324 0.0608314 0.0549135 0.0483711 0.0415423 0.0347113 0.0281214 0.0219862 0.0164908 0.0117827 0.0079559 0.00503296
 0.00948384 0.0147951 0.0211529 0.0282017 0.0356592 0.0433124 0.0508751 0.0578963 0.0638258 0.0681599 0.0705482 0.0708387 0.0690914 0.0655587 0.0606212 0.0546997 0.0481854 0.0414072 0.0346324 0.0280845 0.0219644 0.0164574 0.0117245 0.00787653 0.0049475
 0.00952164 0.0148482 0.021218 0.0282722 0.0357297 0.0433835 0.0509557 0.0579995 0.0639596 0.068318 0.0707075 0.0709661 0.0691561 0.0655435 0.0605283 0.0545487 0.0480066 0.0412321 0.0344843 0.0279728 0.0218836 0.0163938 0.0116652 0.00781624 0.004889
 0.00940999 0.014685 0.0210063 0.028026 0.0354696 0.04313 0.0507256 0.0578076 0.0638228 0.0682571 0.0707412 0.0711008 0.0693774 0.0658173 0.0608108 0.0548021 0.0482098 0.0413829 0.034593 0.0280527 0.0219434 0.0164359 0.0116888 0.00782205 0.00488146
 0.00927924 0.0144866 0.0207345 0.0276864 0.0350789 0.0427143 0.0503189 0.0574477 0.0635458 0.06809 0.070698 0.0711832 0.0695767 0.0661144 0.0611758 0.0551965 0.0485939 0.0417251 0.0348765 0.0282745 0.0221092 0.016554 0.0117672 0.00786848 0.00490418
 0.00921558 0.0143791 0.0205658 0.0274384 0.0347379 0.042279 0.0498074 0.0569008 0.0630215 0.0676515 0.0704002 0.0710614 0.069641 0.0663504 0.0615495 0.0556616 0.0490993 0.0422227 0.0353277 0.0286549 0.0224093 0.016776 0.0119207 0.00796671 0.00496136
 0.00911607 0.0142286 0.0203593 0.0271767 0.0344244 0.0419157 0.0493951 0.0564444 0.062538 0.0671761 0.0699852 0.0707653 0.0695133 0.066417 0.0618058 0.0560747 0.049617 0.0427853 0.0358789 0.0291504 0.0228211 0.0170937 0.0121481 0.00811709 0.00505269
 0.00893889 0.0139638 0.0200042 0.0267436 0.0339368 0.0414007 0.0488783 0.0559477 0.0620808 0.0667765 0.0696626 0.0705432 0.0694195 0.0664783 0.0620382 0.0564736 0.0501529 0.0434074 0.0365261 0.0297637 0.0233551 0.0175223 0.0124652 0.008333 0.00518746
 0.00890189 0.0138954 0.0198864 0.0265558 0.0336622 0.0410355 0.0484387 0.0554699 0.0616107 0.0663566 0.069322 0.0702971 0.0692748 0.0664415 0.0621181 0.0566778 0.0504795 0.0438378 0.0370228 0.0302774 0.0238359 0.0179314 0.0127823 0.00855703 0.0053314
 0.0089599 0.0139681 0.0199551 0.0265877 0.0336162 0.0408742 0.048141 0.0550394 0.061079 0.0657792 0.068768 0.0698327 0.0689488 0.0662767 0.0621145 0.0568215 0.0507506 0.0442117 0.0374685 0.0307551 0.0243012 0.0183439 0.0131148 0.0088001 0.00549229
 0.0089655 0.0139808 0.0199796 0.0266272 0.0336669 0.0409196 0.0481486 0.0549674 0.0608904 0.0654602 0.0683394 0.0693486 0.0684822 0.0658987 0.0618766 0.0567467 0.0508348 0.0444316 0.0377887 0.0311338 0.0246942 0.0187099 0.0134226 0.00903383 0.00565221
 0.00898465 0.0140071 0.0200105 0.0266585 0.0336951 0.0409442 0.0481718 0.0549887 0.0608997 0.065434 0.0682466 0.0691664 0.068212 0.0655741 0.0615547 0.0564893 0.0506889 0.0444173 0.0378984 0.0313384 0.0249525 0.0189791 0.0136665 0.00922952 0.00579208
 0.00900705 0.0140415 0.0200582 0.0267187 0.0337641 0.0410151 0.0482357 0.0550364 0.0609245 0.0654323 0.0682155 0.0690996 0.0680999 0.0654098 0.0613453 0.0562614 0.0504838 0.0442771 0.0378501 0.0313851 0.0250746 0.0191431 0.0138369 0.00937865 0.0059054
