SBPRF35
7.78865
Curr Bio
567728
B35
677942
F35
0.22458
FOFL
0.185831
OFL
80546.6
Bzero
2.22533e+006
#pred survey bio
 4.55607e+006 4.28565e+006 4.0325e+006 3.72936e+006 3.42383e+006 3.08801e+006 2.78509e+006 2.45344e+006 2.1562e+006 1.90508e+006 1.66156e+006 1.46921e+006 1.29192e+006 1.14843e+006 1.02237e+006 912081 823905 758049 711436 660630 636978 634479 628365 599352 589402 585082 588825 591841 589235 586974 587991 594445 590939 577910 568316 566383 554049 550659 542985 536766 542620 552194 559633 568137 566170 572938 574348 572760 576372 580438 577328 547722 547007 555379 539339 539336 535194 552710 582001 614219 607613 603854 588134 569109 1.98809e+007 1.23801e+007 1.29372e+007 1.36648e+007 1.44381e+007 1.51499e+007 1.57502e+007 1.62285e+007 1.65955e+007 1.68701e+007 1.70723e+007 1.722e+007 1.73274e+007 1.74055e+007 1.74624e+007 1.75042e+007 1.75349e+007 1.75577e+007 1.75746e+007 1.75874e+007 1.75969e+007 1.76042e+007 1.76097e+007 1.76139e+007 1.76171e+007 1.76195e+007 1.76214e+007 1.76229e+007 1.7624e+007 1.76248e+007 1.76255e+007 1.7626e+007 1.76264e+007 1.76267e+007 1.76269e+007 1.76271e+007 1.76273e+007 1.76274e+007 1.76275e+007 1.76275e+007 1.76276e+007 1.76276e+007 1.76276e+007 1.76277e+007 1.76277e+007 1.76277e+007 1.76277e+007 1.76277e+007 1.76277e+007 1.76277e+007 1.76277e+007 1.76277e+007 1.76277e+007 1.76277e+007 1.76277e+007 1.76277e+007 1.76277e+007 1.76277e+007 1.76277e+007 1.76277e+007 1.76277e+007 1.76277e+007 1.76277e+007 1.76277e+007 1.76277e+007 1.76277e+007 1.76277e+007 1.76277e+007 1.76277e+007 1.76277e+007 1.76277e+007 1.76277e+007 1.76277e+007 1.76277e+007 1.76277e+007 1.76277e+007 1.76277e+007 1.76277e+007 1.76277e+007 1.76277e+007 1.76277e+007 1.76277e+007 1.76277e+007 1.76277e+007 1.76277e+007 1.76277e+007 1.76277e+007 1.76277e+007 1.76277e+007 1.76277e+007 1.76277e+007 1.76277e+007 1.76277e+007 1.76277e+007 1.76277e+007 1.76277e+007 1.76277e+007 1.76277e+007 1.76277e+007 1.76277e+007 0 0 0 0 0 0 0 0 0 0 0 0 0 0 0 0 0 0 0 0 0 0 0 0 0
#obs survey bio
 3.57368e+006 3.97178e+006 3.11569e+006 2.49846e+006 2.67501e+006 3.06436e+006 2.24926e+006 3.31011e+006 1.6685e+006 1.98327e+006 1.13347e+006 1.15851e+006 777886 1.31608e+006 1.11935e+006 716485 496928 520866 464166 690651 699431 560626 886842 372937 461428 609784 672158 486607 519086 578318 482664 791350 570033 905928 661586 712957 565417 677398 671677 610774 496381 616628 490828 471765 644616 551744 590240 970584 464439 670209 448088 474239 660151 588944 470234 474299 465379 494689 699891 744565 787608 685629 746658 519996
#pred catch bio
 99361 97835.6 167036 197921 257763 260418 316259 311020 291030 301993 270684 268003 245311 233774 221632 202911 182929 164192 163375 135853 115710 117164 133339 114648 108738 100465 99264.4 102224 100187 95717.1 89518.5 95386.9 99413.9 92144.1 82399 90877.4 87034.6 95340.9 95758.2 85189.5 81617.4 83550.6 83194.7 92238.1 84970.5 90053.9 92843.5 88837.3 89474.8 96277.2 118372 94217.5 88001.7 108714 95325.5 99940.7 83618.1 76393.6 75576.3 107512 103997 115120 120475 108534 80546.6 98793.9 102296 107061 112511 117574 121756 124969 127320 128979 130118 130884 131390 131721 131935 132072 132159 132214 132249 132271 132284 132293 132298 132302 132304 132305 132306 132306 132307 132307 132307 132307 132307 132307 132307 132307 132307 132307 132307 132307 132307 132307 132307 132307 132307 132307 132307 132307 132307 132307 132307 132307 132307 132307 132307 132307 132307 132307 132307 132307 132307 132307 132307 132307 132307 132307 132307 132307 132307 132307 132307 132307 132307 132307 132307 132307 132307 132307 132307 132307 132307 132307 132307 132307 132307 132307 132307 132307 132307 132307 132307 132307 132307 132307 132307 132307 132307 132307 132307 132307 0 0 0 0 0 0 0 0 0 0 0 0 0 0 0 0 0 0 0 0 0 0 0 0 0
#obs catch bio
 0 97528.2 167978 198963 260708 263432 323508 316335 295914 307310 276174 273865 252022 238608 225926 207486 187499 168429 167830 138240 116903 118674 134964 115941 110324 101701 99904.2 102819 100983 96305.2 89903.6 95822.3 99809.6 91822.8 82011.1 90473.9 86726.3 95140.7 95575.5 84859.2 80844.1 82661.2 82618.9 91711.8 84243.8 89348.5 92306.1 87849.9 88934.2 95549.3 118267 93859.4 87396 108414 94813 99887.1 83563.5 76631.9 75439.7 107648 103386 114312 119681 108454
#pred cpue bio
 4.47831e+006 4.21132e+006 3.96023e+006 3.658e+006 3.3539e+006 3.01988e+006 2.71867e+006 2.39001e+006 2.0958e+006 1.84712e+006 1.60608e+006 1.41564e+006 1.24047e+006 1.09903e+006 975221 866911 780348 716081 671221 622757 600544 598529 593008 565325 555764 551765 556007 559590 557400 555508 556904 563700 561106 549393 540923 539555 526781 521523 512847 507024 513440 523162 530333 538432 536497 543045 544298 542683 546074 549775 546593 517555 516397 524465 508956 508635 504253 520903 549349 581140 575209 571294 555036 535135 1.86624e+007 1.1634e+007 1.21351e+007 1.27941e+007 1.35433e+007 1.42497e+007 1.4849e+007 1.53272e+007 1.56942e+007 1.59688e+007 1.6171e+007 1.63187e+007 1.64261e+007 1.65042e+007 1.65611e+007 1.66029e+007 1.66336e+007 1.66564e+007 1.66733e+007 1.6686e+007 1.66956e+007 1.67029e+007 1.67084e+007 1.67126e+007 1.67158e+007 1.67182e+007 1.67201e+007 1.67216e+007 1.67227e+007 1.67235e+007 1.67242e+007 1.67247e+007 1.67251e+007 1.67254e+007 1.67256e+007 1.67258e+007 1.67259e+007 1.67261e+007 1.67261e+007 1.67262e+007 1.67263e+007 1.67263e+007 1.67263e+007 1.67264e+007 1.67264e+007 1.67264e+007 1.67264e+007 1.67264e+007 1.67264e+007 1.67264e+007 1.67264e+007 1.67264e+007 1.67264e+007 1.67264e+007 1.67264e+007 1.67264e+007 1.67264e+007 1.67264e+007 1.67264e+007 1.67264e+007 1.67264e+007 1.67264e+007 1.67264e+007 1.67264e+007 1.67264e+007 1.67264e+007 1.67264e+007 1.67264e+007 1.67264e+007 1.67264e+007 1.67264e+007 1.67264e+007 1.67264e+007 1.67264e+007 1.67264e+007 1.67264e+007 1.67264e+007 1.67264e+007 1.67264e+007 1.67264e+007 1.67264e+007 1.67264e+007 1.67264e+007 1.67264e+007 1.67264e+007 1.67264e+007 1.67264e+007 1.67264e+007 1.67264e+007 1.67264e+007 1.67264e+007 1.67264e+007 1.67264e+007 1.67264e+007 1.67264e+007 1.67264e+007 1.67264e+007 1.67264e+007 1.67264e+007 1.67264e+007 0 0 0 0 0 0 0 0 0 0 0 0 0 0 0 0 0 0 0 0 0 0 0 0 0
#obs cpue bio
 3.45934e+006 3.06699e+006 3.497e+006 2.83858e+006 3.23121e+006 1.78648e+006 1.74808e+006 2.77503e+006 2.118e+006 1.92739e+006 1.27022e+006 1.53547e+006 987859 1.16488e+006 769108 678714 772984 618674 793518 581666 565465 485819 502930 613773 477416 453167 656494 686405 477472 572736 639550 441845 625885 611772 475313 540050 440854 445867 436560 504111 1.02393e+006 631885 459955 744205 578640 641591 507693 543217 487206 550949 586776 599053 551000 509208 591194 522398 502670 399225 582244 602871 594545 622005 471416 382012
#pred surv len freq
 0.00459104 0.00745931 0.0112412 0.0159347 0.0214549 0.0275598 0.033813 0.039679 0.0447139 0.0487054 0.0516733 0.0537761 0.0552161 0.0561762 0.0567782 0.0570603 0.0569808 0.0564379 0.0552796 0.0532899 0.0501828 0.0456684 0.0396256 0.0323047 0.0243978
 0.0049706 0.00797918 0.0118487 0.016533 0.0219462 0.0279038 0.0340599 0.0399442 0.0451002 0.049222 0.0522052 0.0541282 0.0552039 0.0557142 0.0559226 0.0559918 0.0559385 0.0556321 0.0548166 0.0531415 0.0502158 0.0457193 0.0395792 0.032134 0.0241492
 0.00512415 0.00827626 0.0123762 0.0173817 0.0231666 0.0294509 0.0357667 0.0415602 0.0463914 0.0500693 0.0526297 0.0542249 0.0550436 0.0552918 0.0551886 0.0549307 0.0546269 0.0542313 0.0535076 0.052047 0.0493593 0.0450441 0.0390066 0.0316168 0.0236876
 0.00532471 0.008588 0.012824 0.0179931 0.0239818 0.0305275 0.0371618 0.0432866 0.0483654 0.0520913 0.0544272 0.0555457 0.0557401 0.055343 0.0546564 0.0539033 0.0531986 0.0525181 0.0516587 0.0502229 0.0476892 0.043597 0.0377975 0.0306358 0.0229226
 0.0055513 0.00895099 0.0133598 0.0187309 0.0249386 0.0317021 0.0385327 0.0448171 0.0500142 0.0538111 0.056145 0.0571362 0.0570255 0.056134 0.054814 0.053381 0.0520446 0.0508513 0.0496424 0.0480428 0.0455289 0.0416105 0.03609 0.0292597 0.0218853
 0.00577419 0.00931861 0.0139231 0.0195411 0.0260378 0.0331071 0.0402182 0.0467092 0.0520016 0.0557701 0.0579636 0.058723 0.0582989 0.0570036 0.055174 0.0531301 0.0511242 0.0492803 0.0475286 0.0455686 0.0429191 0.0390923 0.0338538 0.02743 0.0205089
 0.00589348 0.00952747 0.0142664 0.0200735 0.0268163 0.0341768 0.0415948 0.0483665 0.0538681 0.0577368 0.0598979 0.0604886 0.0597735 0.0580874 0.0557851 0.0531953 0.0505808 0.0480972 0.0457391 0.0432927 0.0403591 0.0364975 0.0314661 0.0254313 0.0189883
 0.00614939 0.00992729 0.0148395 0.0208412 0.0277936 0.0353748 0.0430162 0.0499964 0.0556642 0.0596241 0.0617709 0.0622214 0.0612365 0.059164 0.0563825 0.0532448 0.0500342 0.0469298 0.0439672 0.0410008 0.0377165 0.0337453 0.0288693 0.0232132 0.0172767
 0.00645752 0.0104151 0.0155487 0.0218006 0.0290136 0.0368394 0.0446765 0.0517725 0.0574609 0.0613516 0.0633575 0.0636101 0.062372 0.0599832 0.0568138 0.0532157 0.0494818 0.0458129 0.0422833 0.038809 0.0351567 0.0310353 0.0262676 0.0209546 0.0155101
 0.00675231 0.0108863 0.0162429 0.0227559 0.0302528 0.0383591 0.0464344 0.0536818 0.0593996 0.0631858 0.0649676 0.0649089 0.0633102 0.0605403 0.0569801 0.0529754 0.048806 0.0446684 0.040655 0.0367304 0.0327355 0.0284582 0.0237706 0.0187638 0.0137788
 0.00708672 0.0114231 0.0170383 0.0238575 0.0316912 0.0401336 0.0484967 0.0559283 0.0616812 0.0653321 0.0668152 0.066326 0.0642129 0.0608976 0.0568068 0.052312 0.047695 0.0431406 0.038735 0.0344617 0.0302116 0.0258383 0.0212618 0.0165713 0.0120453
 0.0073672 0.0118712 0.0176987 0.0247684 0.03288 0.0416081 0.0502337 0.0578642 0.0637129 0.0673277 0.0686303 0.0678214 0.0652723 0.0614431 0.0568067 0.051778 0.0466694 0.0416795 0.0368995 0.0323234 0.0278709 0.0234383 0.0189802 0.0145827 0.0104722
 0.00759405 0.0122498 0.0182864 0.0256243 0.0340516 0.0431118 0.0520348 0.0598709 0.0657902 0.0693238 0.0704012 0.0692456 0.0662562 0.0619241 0.0567551 0.0511976 0.0455947 0.040169 0.0350292 0.0301862 0.0255818 0.0211393 0.016831 0.0127319 0.00901935
 0.00782268 0.0126078 0.0188012 0.0263168 0.0349384 0.0442054 0.0533374 0.0613625 0.0674164 0.0709915 0.0719869 0.0706149 0.0672885 0.0625308 0.0568877 0.0508446 0.0447756 0.0389288 0.0334362 0.0283318 0.023582 0.0191317 0.0149619 0.0111305 0.00776785
 0.00812744 0.0130837 0.0194805 0.0272152 0.0360516 0.0455054 0.0547699 0.0628494 0.0688687 0.0723266 0.073138 0.0715292 0.0679191 0.0628336 0.0568261 0.0503987 0.0439482 0.0377485 0.0319569 0.0266331 0.0217688 0.017329 0.0132994 0.00971899 0.00667361
 0.00839547 0.0135184 0.0201317 0.0281256 0.0372449 0.0469693 0.0564396 0.0646063 0.0705598 0.0737997 0.0742753 0.0722646 0.0682375 0.0627565 0.0563917 0.0496467 0.0429143 0.0364675 0.0304724 0.0250068 0.0200846 0.0156896 0.0118119 0.00847238 0.00571765
 0.00851809 0.0137314 0.0204782 0.0286557 0.0380064 0.0479911 0.0577131 0.0660732 0.0721144 0.0753031 0.0755797 0.0732406 0.0687993 0.0628746 0.0560901 0.0489843 0.0419627 0.0352956 0.0291429 0.0235822 0.0186363 0.0142993 0.0105638 0.00743544 0.00492822
 0.00850496 0.0137252 0.0204985 0.0287343 0.0381847 0.0483136 0.0582176 0.0667797 0.0730141 0.0763498 0.0766881 0.0742965 0.0696803 0.0634765 0.0563485 0.048884 0.0415324 0.0345931 0.0282394 0.0225528 0.0175574 0.0132483 0.00961322 0.00664284 0.00432392
 0.0084254 0.0136031 0.0203295 0.0285225 0.0379465 0.0480808 0.0580388 0.0667164 0.0731277 0.0766835 0.0772494 0.0750477 0.0705404 0.0643357 0.0570903 0.0494108 0.0417848 0.0345582 0.027946 0.0220597 0.0169397 0.0125858 0.00898025 0.00609744 0.00389955
 0.00855778 0.0137913 0.0205626 0.0287733 0.038179 0.0482633 0.0581549 0.0667699 0.0731408 0.0766907 0.0772893 0.0751528 0.0707258 0.0645897 0.0573723 0.0496592 0.0419338 0.0345572 0.0277743 0.0217314 0.0164982 0.0120917 0.00849641 0.00567513 0.00356902
 0.00872786 0.0140277 0.0208434 0.0290506 0.0383898 0.048348 0.0580766 0.0665255 0.0727638 0.0762468 0.0768643 0.0748333 0.0705771 0.0646381 0.0575989 0.0500058 0.0423186 0.0348959 0.0280006 0.021812 0.0164371 0.011924 0.00827325 0.00544731 0.00337366
 0.00860819 0.0138648 0.0206548 0.0288673 0.0382408 0.04824 0.0579825 0.0663935 0.0725461 0.0759314 0.0764908 0.0744826 0.0703424 0.0645919 0.0577699 0.0503723 0.0428166 0.0354378 0.0284985 0.022199 0.0166814 0.0120304 0.00827454 0.00538795 0.00329444
 0.00854458 0.0137572 0.0204871 0.0286276 0.0379305 0.0478834 0.0576287 0.0661027 0.0723628 0.0758604 0.0764958 0.0745123 0.0703653 0.0646163 0.0578356 0.0505227 0.0430705 0.0357765 0.0288725 0.0225478 0.0169558 0.0122071 0.00835866 0.00540427 0.00327381
 0.00878409 0.0141145 0.0209642 0.0292022 0.0385586 0.0485072 0.0581848 0.0665324 0.0726232 0.0759333 0.0763873 0.074243 0.0699604 0.0641055 0.0572603 0.0499399 0.0425435 0.0353552 0.0285765 0.0223634 0.0168479 0.0121378 0.00830183 0.00534975 0.00322296
 0.0087224 0.0140428 0.0209078 0.0291997 0.0386476 0.0487043 0.0584708 0.0668543 0.0729137 0.0761374 0.0764799 0.0742301 0.0698668 0.0639585 0.0570813 0.049745 0.0423498 0.035183 0.0284446 0.0222802 0.0168073 0.0121235 0.00829632 0.00534214 0.00321073
 0.00855166 0.0137827 0.0205511 0.0287568 0.0381507 0.0482079 0.0580478 0.0665812 0.0728454 0.0762834 0.0767979 0.0746437 0.0702962 0.0643463 0.0574002 0.0499916 0.0425333 0.035318 0.0285466 0.0223624 0.0168776 0.0121833 0.00834307 0.00537359 0.00322773
 0.00849637 0.0136676 0.0203326 0.0283824 0.0375762 0.0474244 0.0571043 0.0655878 0.0719511 0.0756351 0.0764987 0.0747262 0.0707183 0.0650103 0.058186 0.0507903 0.0432682 0.0359487 0.0290614 0.0227673 0.0171859 0.0124099 0.008502 0.00547806 0.00329076
 0.00850931 0.0136809 0.0203361 0.0283559 0.0374877 0.0472312 0.0567619 0.0650674 0.0712629 0.0748459 0.0757282 0.074116 0.0703862 0.0650104 0.0584953 0.0513246 0.0439167 0.0366086 0.0296598 0.0232659 0.0175746 0.012696 0.00870097 0.00560796 0.00336954
 0.00844116 0.0135924 0.0202433 0.0282856 0.037467 0.0472717 0.0568462 0.0651477 0.0712737 0.0747274 0.0754533 0.073709 0.0699233 0.0645978 0.0582322 0.0512669 0.044061 0.0369017 0.0300256 0.0236337 0.0178961 0.0129487 0.00888278 0.00572858 0.0034433
 0.00840106 0.0135202 0.0201237 0.0281044 0.0372203 0.0469761 0.0565434 0.0648943 0.0711174 0.0746818 0.0754884 0.0737666 0.0699492 0.0645718 0.0581781 0.0512383 0.0441109 0.037055 0.0302694 0.0239265 0.0181888 0.0132028 0.00907856 0.00586435 0.00352862
 0.00828687 0.0133493 0.0198931 0.0278194 0.0368903 0.046611 0.0561533 0.0644961 0.0707425 0.0743764 0.0753013 0.0737286 0.0700563 0.0647865 0.058449 0.0515258 0.0444008 0.037353 0.0305831 0.0242509 0.0185035 0.0134818 0.00930206 0.00602555 0.0036333
 0.00802621 0.0129551 0.0193556 0.0271511 0.0361242 0.0457957 0.0553484 0.0637668 0.070151 0.0739718 0.0751134 0.0737673 0.0703137 0.065236 0.0590447 0.0522076 0.0451076 0.0380365 0.0312137 0.0248132 0.0189881 0.0138804 0.00960988 0.0062453 0.00377664
 0.00784308 0.0126658 0.0189371 0.0265907 0.0354255 0.0449859 0.0544835 0.0629281 0.0694291 0.0734438 0.0748251 0.0737292 0.0705086 0.0656301 0.0595959 0.0528686 0.0458274 0.0387645 0.0319053 0.0254351 0.0195193 0.0143109 0.00993847 0.00647906 0.00392985
 0.00779312 0.0125771 0.0187896 0.0263606 0.0350905 0.0445334 0.0539204 0.0622861 0.068763 0.0728231 0.0743208 0.0733993 0.070387 0.0657217 0.0598799 0.0533063 0.0463712 0.0393639 0.0325117 0.026006 0.0200224 0.014726 0.0102583 0.00670786 0.00408066
 0.00790461 0.0127204 0.0189346 0.0264543 0.0350692 0.0443438 0.0535385 0.0617258 0.0680726 0.0720746 0.073598 0.0727858 0.0699526 0.0655112 0.0599057 0.0535488 0.046786 0.0398922 0.0330914 0.0265801 0.0205448 0.0151659 0.0106012 0.00695447 0.00424355
 0.00858761 0.0136897 0.0201301 0.0277264 0.0362141 0.0451649 0.0539008 0.0615796 0.0674497 0.0710711 0.0723539 0.0714603 0.0686981 0.0644491 0.0591121 0.0530517 0.0465704 0.0399116 0.0332807 0.0268686 0.0208681 0.0154732 0.0108599 0.00715048 0.00437778
 0.00922568 0.0147155 0.0216433 0.0297863 0.038798 0.0481189 0.0569127 0.0642175 0.0692757 0.0717849 0.0718857 0.0699689 0.0664905 0.0618777 0.0564943 0.0506273 0.0444897 0.0382422 0.0320245 0.0259825 0.020284 0.0151158 0.0106589 0.00704807 0.00433159
 0.00897847 0.0144442 0.0214779 0.029933 0.0394891 0.049527 0.0590652 0.0669512 0.0722504 0.0745514 0.0739906 0.0710718 0.0664548 0.060798 0.054647 0.0483713 0.042166 0.0361082 0.0302316 0.0245864 0.0192702 0.0144281 0.0102237 0.00679206 0.00419226
 0.00857513 0.0138382 0.0206671 0.0289707 0.0384985 0.0487063 0.0586716 0.0672449 0.0733991 0.07653 0.0765378 0.0737415 0.0687499 0.0623244 0.0552218 0.0480474 0.0411753 0.0347612 0.0288194 0.0233183 0.0182558 0.0136918 0.00973458 0.00649373 0.00402528
 0.00842812 0.0135753 0.0202297 0.0282964 0.0375464 0.0474941 0.0573104 0.0659479 0.0724482 0.0762025 0.0770151 0.0750309 0.0706533 0.0644796 0.0572111 0.0495304 0.0419866 0.0349316 0.0285225 0.0227801 0.0176739 0.0131921 0.00936784 0.006257 0.0038891
 0.00848206 0.0136206 0.0202174 0.0281498 0.0371745 0.0468185 0.0562981 0.0646385 0.0709697 0.0747685 0.0758938 0.0744814 0.0708418 0.0654078 0.0586958 0.051255 0.0436071 0.0361893 0.0293107 0.0231399 0.0177356 0.0131022 0.00923798 0.00614701 0.0038169
 0.00857065 0.0137524 0.0203901 0.0283454 0.0373539 0.0469182 0.0562333 0.0643209 0.0703394 0.0738327 0.0747525 0.0733233 0.0699034 0.0649039 0.0587452 0.0518319 0.0445459 0.0372462 0.0302552 0.0238296 0.0181411 0.0132795 0.00927647 0.00612539 0.00378347
 0.00856599 0.0137601 0.0204293 0.0284416 0.0375289 0.0471759 0.0565458 0.0646236 0.0705403 0.0738358 0.0744895 0.0727859 0.0691637 0.0641091 0.0580786 0.0514496 0.0445174 0.0375286 0.0307177 0.024316 0.0185327 0.0135281 0.00939594 0.00616062 0.00377929
 0.0084759 0.0136273 0.0202562 0.0282423 0.0373297 0.0470121 0.0564556 0.0646376 0.0706668 0.0740468 0.0747196 0.0729493 0.069187 0.0639666 0.0578113 0.051155 0.0443095 0.037487 0.0308534 0.0245732 0.0188236 0.0137768 0.00956568 0.00625337 0.00381825
 0.00853294 0.0137066 0.0203511 0.0283391 0.0374132 0.0470736 0.0564988 0.0646785 0.0707263 0.0741397 0.0748426 0.0730759 0.0692709 0.0639577 0.0576793 0.0509098 0.0440046 0.0372004 0.0306528 0.0244867 0.0188341 0.0138395 0.00963592 0.0063048 0.00384534
 0.00855084 0.0137298 0.0203744 0.028353 0.0374043 0.047028 0.0564067 0.0645398 0.0705557 0.0739674 0.0747085 0.073015 0.0692974 0.0640557 0.0578079 0.051022 0.0440703 0.0372196 0.0306513 0.0244967 0.0188737 0.0139052 0.00970967 0.00636818 0.00388898
 0.00849119 0.0136562 0.0203062 0.0283208 0.0374396 0.0471468 0.0565979 0.0647643 0.0707605 0.0741055 0.0747561 0.0729772 0.0692029 0.0639415 0.0577028 0.0509366 0.0439987 0.0371514 0.0305832 0.024436 0.018832 0.0138885 0.00971429 0.00638392 0.00390579
 0.00859905 0.0137999 0.0204657 0.028462 0.0375292 0.0471724 0.0565794 0.0647466 0.070787 0.0741917 0.0748786 0.0730881 0.0692561 0.0639152 0.057605 0.0507942 0.0438413 0.0369997 0.0304479 0.0243223 0.0187435 0.0138272 0.00967848 0.00636772 0.00390136
 0.00863441 0.013863 0.020569 0.0286152 0.0377307 0.0474002 0.0567897 0.0648867 0.0708205 0.0741199 0.0747416 0.0729411 0.0691391 0.0638365 0.0575478 0.0507358 0.0437691 0.036915 0.0303597 0.0242409 0.0186761 0.0137774 0.00964629 0.00635023 0.00389398
 0.0085822 0.0137931 0.020492 0.0285517 0.0377075 0.0474418 0.0569086 0.0650755 0.0710495 0.0743424 0.0749095 0.0730242 0.0691369 0.063774 0.0574579 0.0506428 0.0436818 0.0368325 0.0302801 0.0241658 0.0186099 0.0137244 0.00960842 0.00632639 0.003881
 0.00865398 0.0138948 0.020618 0.0286894 0.0378433 0.04757 0.057036 0.065218 0.0712204 0.0745395 0.0751084 0.0731839 0.0692157 0.0637471 0.0573282 0.0504368 0.0434371 0.0365829 0.0300487 0.0239647 0.0184445 0.0135961 0.00951537 0.00626417 0.00384305
 0.00890554 0.0142995 0.0212168 0.0295114 0.0388922 0.0488081 0.0583718 0.0665133 0.0723202 0.0753137 0.0754826 0.0731457 0.0688014 0.0630234 0.0563776 0.0493496 0.0423045 0.0354879 0.029057 0.0231191 0.0177638 0.0130791 0.00914638 0.00601823 0.00369115
 0.00878862 0.0141336 0.0210135 0.0293011 0.0387215 0.048731 0.0584389 0.0667579 0.0727445 0.0758796 0.076115 0.0737504 0.0692908 0.0633373 0.0564919 0.0492734 0.0420718 0.0351486 0.0286669 0.0227299 0.0174152 0.0127946 0.00893345 0.0058718 0.00359882
 0.00872364 0.0140124 0.0208043 0.02897 0.0382473 0.0481263 0.0577653 0.0661227 0.0722742 0.0756799 0.0762362 0.0741728 0.069933 0.0640823 0.0572196 0.0498889 0.0425214 0.0354212 0.0287853 0.0227361 0.017356 0.0127101 0.00885131 0.00580628 0.00355359
 0.00896417 0.0143801 0.0213118 0.029607 0.0389765 0.0488812 0.0584547 0.0666462 0.0725519 0.0756834 0.0760019 0.0737857 0.0694905 0.0636574 0.0568427 0.0495523 0.0421983 0.0350877 0.0284337 0.0223782 0.0170155 0.0124123 0.00861347 0.00563352 0.00343975
 0.00900044 0.0144459 0.0214231 0.029782 0.0392295 0.0492141 0.0588477 0.0670554 0.072916 0.0759397 0.0761055 0.0737266 0.0692974 0.0633874 0.0565579 0.0492965 0.0419851 0.0349057 0.0282623 0.0222032 0.0168369 0.0122412 0.00846464 0.00551731 0.00335859
 0.00911009 0.0146114 0.0216491 0.0300658 0.0395641 0.0495915 0.0592595 0.0674881 0.0733442 0.0763225 0.0763909 0.0738636 0.0692544 0.0631661 0.0561957 0.0488538 0.0415247 0.034474 0.0278819 0.0218779 0.0165625 0.0120143 0.00828437 0.00538304 0.00326663
 0.00891194 0.0143201 0.0212681 0.0296185 0.0390881 0.0491286 0.0588493 0.0671679 0.0731504 0.0762879 0.0765341 0.0741772 0.0696979 0.0636733 0.0566937 0.0492857 0.0418622 0.0347162 0.0280438 0.0219777 0.0166157 0.0120335 0.00828109 0.00536813 0.00324898
 0.00860983 0.0138488 0.0205977 0.0287403 0.0380217 0.0479304 0.0576173 0.0660338 0.0722544 0.0757435 0.0764026 0.0744595 0.0703431 0.0645923 0.0577751 0.0504125 0.0429315 0.0356544 0.028813 0.0225716 0.017049 0.0123315 0.00847281 0.00548227 0.00331112
 0.00841154 0.0135215 0.0200969 0.0280235 0.0370607 0.0467292 0.0562304 0.0645726 0.0708738 0.0746118 0.0756656 0.0742108 0.0706069 0.0653217 0.0588651 0.0517237 0.0443168 0.0369832 0.0299888 0.0235396 0.0177938 0.0128678 0.00883376 0.00570832 0.00344206
 0.00870472 0.0139527 0.0206593 0.0286755 0.03773 0.0473237 0.056651 0.0647284 0.0707023 0.0741017 0.0748714 0.0732477 0.069625 0.0644679 0.0582476 0.0513901 0.0442516 0.0371236 0.0302496 0.023839 0.0180707 0.0130891 0.00899053 0.00580797 0.00349907
 0.00904333 0.0144701 0.0213742 0.029578 0.0387779 0.0484411 0.0577287 0.0656322 0.0712956 0.0742797 0.0745905 0.07254 0.0685921 0.0632591 0.0570279 0.0503052 0.0433989 0.0365384 0.0299101 0.0236864 0.0180352 0.0131098 0.00902681 0.00583936 0.00351952
 0.00940317 0.0150426 0.0222105 0.0307121 0.0402132 0.0501332 0.0595688 0.0674466 0.0728717 0.0754104 0.0751206 0.0723976 0.0678006 0.0619309 0.0553424 0.0484731 0.0416217 0.034972 0.0286437 0.0227407 0.0173785 0.0126826 0.00876418 0.00568561 0.00343352
 0.00933845 0.0150115 0.0223006 0.0310495 0.0409296 0.0513117 0.0611952 0.0693932 0.0749208 0.0773042 0.0766136 0.0732992 0.0680053 0.0614339 0.0542371 0.0469308 0.0398557 0.0331948 0.0270292 0.0213994 0.0163517 0.0119547 0.00828439 0.00539084 0.00326456
#obs surv len freq
 nan nan nan nan nan nan nan nan nan nan nan nan nan nan nan nan nan nan nan nan nan nan nan nan nan
 0.00448983 0.00735341 0.0111853 0.0160026 0.0217029 0.0279769 0.0342888 0.0400176 0.044695 0.048157 0.0505134 0.0520081 0.0528993 0.0534109 0.0537246 0.053979 0.0542573 0.0545498 0.0546884 0.0542803 0.0527184 0.0493509 0.0438013 0.0362822 0.0276667
 0.00461421 0.00756025 0.0115047 0.0164642 0.0223282 0.0287674 0.0352153 0.0410175 0.0456822 0.0490401 0.0512136 0.0524704 0.0530973 0.0533456 0.0534194 0.0534721 0.0535925 0.0537702 0.0538333 0.0533867 0.0518256 0.0485023 0.0430421 0.0356506 0.0271841
 0.00477618 0.00782349 0.011901 0.017024 0.0230755 0.0297113 0.0363397 0.0422747 0.0469944 0.0503098 0.052337 0.0533515 0.0536611 0.0535474 0.0532494 0.0529526 0.05277 0.0527053 0.0525931 0.0520421 0.0504518 0.0471798 0.0418505 0.0346558 0.0264223
 0.00496605 0.0081343 0.0123727 0.0176947 0.0239742 0.030846 0.0376855 0.0437706 0.048552 0.0518289 0.053719 0.0545051 0.0545042 0.054011 0.0532856 0.0525425 0.0519287 0.0514806 0.0510607 0.0503 0.048616 0.0453777 0.0402078 0.0332751 0.0253611
 0.00517824 0.00848185 0.0129007 0.0184469 0.024985 0.0321272 0.0392125 0.0454768 0.0503379 0.0535801 0.0553242 0.0558665 0.0555394 0.0546522 0.0534782 0.0522481 0.051132 0.0501987 0.0493511 0.0482645 0.0463977 0.0431484 0.0381436 0.0315225 0.0240059
 0.00541134 0.00886293 0.0134783 0.0192678 0.0260858 0.0335204 0.040872 0.0473325 0.0522847 0.055497 0.0570928 0.057382 0.0567145 0.0554163 0.0537753 0.0520351 0.050381 0.0489059 0.0475514 0.0460464 0.0439105 0.040592 0.0357363 0.0294544 0.0223935
 0.00564601 0.00924871 0.0140669 0.0201103 0.0272229 0.034967 0.0426014 0.0492709 0.0543213 0.0575056 0.0589516 0.0589845 0.0579726 0.0562592 0.0541461 0.0518886 0.0496834 0.0476416 0.0457384 0.0437575 0.0412886 0.0378466 0.0331112 0.0271717 0.0205978
 0.00589802 0.00965833 0.0146835 0.0209804 0.0283821 0.0364274 0.0443372 0.0512123 0.0563626 0.0595239 0.0608254 0.0606058 0.0592521 0.0571261 0.0545454 0.0517765 0.0490254 0.0464169 0.0439546 0.0414735 0.0386359 0.0350319 0.0303873 0.0247785 0.0186991
 0.00612121 0.0100285 0.0152541 0.0218055 0.0295051 0.0378637 0.0460574 0.0531373 0.0583776 0.0615021 0.0626489 0.0621763 0.0604905 0.0579695 0.0549433 0.0516875 0.0484151 0.0452621 0.0422561 0.0392789 0.0360629 0.0322758 0.0276952 0.022393 0.0167924
 0.00637245 0.0104371 0.0158695 0.0226745 0.0306635 0.039323 0.0477899 0.0550693 0.0603971 0.0634787 0.0644552 0.0637032 0.0616555 0.0587166 0.0552372 0.0515045 0.0477366 0.0440746 0.0405629 0.0371221 0.0335487 0.0295844 0.0250608 0.0200504 0.0149123
 0.00659357 0.0108021 0.0164287 0.0234778 0.0317499 0.0407045 0.0494356 0.0569015 0.0623035 0.0653355 0.0661468 0.0651327 0.0627467 0.0594135 0.0555021 0.0513144 0.0470786 0.0429437 0.0389688 0.0351065 0.0312081 0.0270813 0.022608 0.0178641 0.0131522
 0.00682416 0.0111789 0.0169995 0.0242881 0.0328344 0.0420725 0.0510565 0.0586986 0.0641644 0.0671323 0.0677588 0.0664606 0.0637188 0.0599845 0.0556482 0.0510264 0.0463553 0.0417906 0.0374035 0.0331738 0.0289985 0.0247417 0.0203288 0.0158384 0.0115228
 0.00703791 0.0115307 0.0175366 0.0250567 0.0338694 0.0433826 0.0526088 0.0604145 0.0659309 0.068825 0.0692626 0.067682 0.0645901 0.0604636 0.0557158 0.0506802 0.0456043 0.0406511 0.0359022 0.0313594 0.0269569 0.0226048 0.0182635 0.0140121 0.0100583
 0.00725917 0.0118921 0.0180836 0.0258318 0.0349036 0.0446812 0.0541369 0.0620921 0.067644 0.0704471 0.0706769 0.0687957 0.0653401 0.0608163 0.0556625 0.0502307 0.0447795 0.0394793 0.0344207 0.0296223 0.0250473 0.0206415 0.0163911 0.0123724 0.00875215
 0.00742802 0.0121734 0.0185194 0.0264651 0.035769 0.0457904 0.0554641 0.0635696 0.0691715 0.0719118 0.071972 0.0698328 0.0660545 0.0611688 0.0556383 0.0498355 0.0440346 0.038417 0.0330834 0.0280678 0.0233561 0.0189205 0.0147648 0.0109588 0.0076328
 0.00749793 0.0122911 0.0187051 0.0267424 0.0361635 0.0463244 0.0561505 0.0644043 0.0701293 0.0729449 0.0730132 0.0708025 0.0668714 0.0617611 0.0559519 0.0498387 0.0437183 0.0377928 0.032183 0.0269432 0.0220823 0.0175944 0.0134957 0.00984812 0.00675009
 0.0075949 0.0124377 0.0189054 0.0269947 0.0364625 0.0466665 0.0565359 0.0648373 0.0706153 0.0734855 0.0736003 0.0714132 0.0674654 0.0622831 0.05634 0.0500352 0.0436798 0.0374983 0.0316374 0.0261794 0.0211611 0.0165999 0.0125235 0.00898686 0.00606085
 0.00766445 0.0125478 0.019065 0.0272087 0.0367292 0.0469753 0.0568668 0.0651649 0.0709185 0.073757 0.0738502 0.0716613 0.0677276 0.0625576 0.0566012 0.0502375 0.043769 0.0374263 0.0313759 0.0257298 0.0205576 0.0159055 0.0118175 0.00834579 0.00553986
 0.00771852 0.0126319 0.0191847 0.0273663 0.0369243 0.0472034 0.0571187 0.0654258 0.0711696 0.0739799 0.0740327 0.0718026 0.0678381 0.0626534 0.0566934 0.0503214 0.0438209 0.0374086 0.0312511 0.025476 0.0201804 0.0154407 0.0113221 0.00788128 0.00515409
 0.00775262 0.0126816 0.0192487 0.0274405 0.0370026 0.0472811 0.0571943 0.0655016 0.0712496 0.0740676 0.0741292 0.0719058 0.0679443 0.0627592 0.0567968 0.0504194 0.0439041 0.0374579 0.0312403 0.0253813 0.019993 0.0151745 0.0110125 0.0075736 0.00488813
 0.00781335 0.0127706 0.0193644 0.0275744 0.0371413 0.0474094 0.0572986 0.0655727 0.0712844 0.074071 0.0741124 0.0718835 0.0679291 0.0627589 0.0568125 0.0504469 0.0439348 0.0374788 0.0312338 0.0253295 0.0198842 0.0150111 0.0108131 0.00736738 0.00470407
 0.00784779 0.0128288 0.0194554 0.0277061 0.0373168 0.0476213 0.0575265 0.0657849 0.0714475 0.0741611 0.0741234 0.0718269 0.0678285 0.0626403 0.0566977 0.0503487 0.0438565 0.0374147 0.0311722 0.0252561 0.0197874 0.0148874 0.01067 0.00722113 0.00457297
 0.00789129 0.0128932 0.019541 0.02781 0.0374347 0.0477503 0.0576653 0.0659313 0.0715945 0.074294 0.0742223 0.0718735 0.0678142 0.0625701 0.0565883 0.050222 0.0437311 0.0373014 0.0310721 0.0251629 0.0196927 0.0147858 0.0105627 0.00711573 0.00447968
 0.00789191 0.0128941 0.0195422 0.0278111 0.0374349 0.0477487 0.0576615 0.0659271 0.0715949 0.0743064 0.0742536 0.0719247 0.0678779 0.062633 0.0566368 0.0502486 0.0437367 0.0372916 0.0310529 0.0251367 0.0196584 0.0147417 0.0105098 0.00705888 0.00442597
 0.00788383 0.0128771 0.0195098 0.0277555 0.03735 0.0476338 0.0575246 0.0657844 0.0714671 0.074213 0.0742084 0.0719342 0.0679406 0.0627393 0.0567706 0.0503909 0.04387 0.0374044 0.0311401 0.0251978 0.0196951 0.0147565 0.0105063 0.00704274 0.00440403
 0.00787938 0.012865 0.0194824 0.0277028 0.0372614 0.0475028 0.0573524 0.0655825 0.0712559 0.074019 0.0740582 0.0718493 0.0679328 0.0628083 0.0569046 0.0505694 0.0440688 0.0376004 0.0313151 0.025341 0.0198022 0.0148285 0.0105481 0.00706158 0.00440792
 0.00788877 0.0128782 0.0194981 0.0277175 0.037269 0.0474949 0.057319 0.0655149 0.07115 0.0738792 0.0738991 0.0716936 0.0678061 0.0627323 0.0568912 0.0506182 0.0441678 0.0377301 0.031454 0.0254703 0.0199091 0.0149075 0.0105997 0.00709042 0.00442076
 0.00788635 0.0128722 0.0194852 0.0276935 0.03723 0.0474386 0.0572464 0.0654295 0.0710566 0.0737818 0.0738012 0.0716001 0.0677249 0.0626747 0.0568697 0.0506417 0.0442377 0.0378386 0.0315857 0.0256066 0.0200333 0.0150082 0.0106726 0.00713738 0.00444731
 0.00788015 0.0128632 0.0194737 0.0276798 0.0372141 0.0474194 0.0572211 0.0653949 0.0710104 0.0737243 0.0737353 0.0715309 0.0676581 0.0626169 0.0568284 0.0506248 0.0442518 0.0378856 0.031661 0.0256993 0.0201293 0.0150945 0.010741 0.00718518 0.00447682
 0.00784127 0.0127995 0.0193771 0.027544 0.0370369 0.0472063 0.0569883 0.0651671 0.0708154 0.0735844 0.073662 0.0715236 0.0677078 0.0627106 0.0569532 0.0507703 0.0444107 0.0380532 0.0318323 0.0258673 0.0202851 0.0152288 0.0108471 0.0072615 0.0045263
 0.00781846 0.0127592 0.0193106 0.0274412 0.0368891 0.04701 0.0567493 0.0649026 0.0705516 0.073352 0.0734891 0.0714298 0.0677003 0.0627838 0.0570916 0.0509539 0.04462 0.0382719 0.0320481 0.0260708 0.0204677 0.0153836 0.0109694 0.00735041 0.0045852
 0.00779453 0.0127197 0.0192499 0.0273534 0.0367686 0.0468533 0.0565571 0.0646814 0.0703148 0.0731187 0.0732829 0.0712747 0.0676166 0.0627828 0.0571732 0.0511063 0.0448237 0.0385041 0.0322876 0.0262998 0.0206733 0.0155568 0.0111057 0.00744964 0.00465145
 0.00777428 0.0126841 0.0191916 0.0272639 0.036641 0.0466852 0.0563532 0.0644543 0.070082 0.072899 0.073093 0.0711292 0.0675278 0.0627609 0.0572235 0.0512276 0.0450059 0.0387298 0.0325346 0.0265459 0.0208993 0.0157495 0.0112579 0.00756071 0.0047258
 0.00775041 0.0126458 0.0191349 0.027185 0.0365367 0.0465534 0.0561945 0.0642733 0.0698878 0.0727051 0.0729155 0.0709839 0.0674284 0.0627171 0.057241 0.0513074 0.0451439 0.0389155 0.0327519 0.0267744 0.0211185 0.0159422 0.0114136 0.00767598 0.00480376
 0.00932625 0.0148505 0.0217933 0.0299143 0.0388578 0.0480696 0.0567313 0.0639041 0.0688507 0.0712806 0.0713389 0.0694145 0.0659588 0.0613962 0.0560921 0.0503391 0.0443555 0.0382989 0.0322921 0.0264504 0.0209049 0.0158118 0.0113409 0.00763965 0.00478798
 0.00930543 0.0151091 0.0226978 0.0319193 0.042308 0.0529319 0.0624257 0.0693985 0.0730282 0.0733809 0.0712087 0.0674483 0.0628262 0.0577548 0.0524257 0.0469328 0.0413452 0.0357334 0.030175 0.0247616 0.0196089 0.0148616 0.0106803 0.00720786 0.00452487
 0.0089827 0.0145995 0.0219805 0.0310416 0.0414392 0.0523998 0.0626783 0.0708429 0.0757858 0.0771051 0.0751283 0.0706603 0.064673 0.0580521 0.0514314 0.045134 0.0392296 0.0336566 0.0283381 0.0232479 0.0184304 0.0139922 0.0100746 0.00681201 0.00428402
 0.00878006 0.0142668 0.0214746 0.0303234 0.0404892 0.0512476 0.0614412 0.0697536 0.0751749 0.0773115 0.0763464 0.0727961 0.0673102 0.0605865 0.0533147 0.0460832 0.039283 0.0330752 0.0274461 0.0223105 0.0176076 0.0133496 0.00961637 0.00651066 0.00410109
 0.00873769 0.0141818 0.0213162 0.0300516 0.0400627 0.0506377 0.0606491 0.0688256 0.0742145 0.0764833 0.0758612 0.0728599 0.0680365 0.0619104 0.0549726 0.0476959 0.0405085 0.0337391 0.0275759 0.0220711 0.0171989 0.0129289 0.00927006 0.00626486 0.00394599
 0.00869933 0.0141218 0.0212292 0.0299311 0.0398982 0.0504124 0.0603408 0.068414 0.0736942 0.0758805 0.0752474 0.0723539 0.0677836 0.0620355 0.0555182 0.048579 0.041532 0.0346663 0.0282277 0.0223881 0.0172362 0.0128003 0.00908645 0.00609824 0.0038255
 0.0086874 0.0141024 0.0212 0.0298899 0.0398428 0.0503404 0.0602484 0.0682938 0.073534 0.0756653 0.074969 0.072025 0.0674512 0.0617809 0.0554345 0.0487297 0.0419111 0.0351873 0.0287559 0.0228007 0.0174716 0.0128697 0.00904759 0.00601597 0.00374533
 0.00869068 0.0141071 0.0212058 0.0298957 0.0398469 0.0503403 0.0602407 0.0682741 0.0734963 0.0756021 0.0748711 0.071885 0.0672703 0.0615779 0.0552505 0.0486202 0.0419232 0.0353328 0.028998 0.023068 0.0176922 0.013003 0.00909409 0.00600426 0.00370961
 0.00867163 0.014079 0.0211687 0.0298518 0.0397995 0.0502932 0.0601971 0.0682364 0.0734654 0.0755766 0.0748474 0.0718563 0.0672295 0.0615206 0.0551815 0.0485573 0.0418941 0.035363 0.0290952 0.0232134 0.017848 0.0131312 0.00917407 0.00603742 0.00371165
 0.00865413 0.0140515 0.0211294 0.0297998 0.039736 0.0502219 0.0601243 0.0681704 0.0734143 0.0755457 0.0748369 0.0718619 0.0672433 0.061534 0.0551884 0.0485577 0.041896 0.0353803 0.0291402 0.0232884 0.0179417 0.0132236 0.00924664 0.00608209 0.00373144
 0.00867792 0.014086 0.0211735 0.0298497 0.0397856 0.0502645 0.0601543 0.0681839 0.0734098 0.0755244 0.0748023 0.0718186 0.0671952 0.0614836 0.0551367 0.0485057 0.0418467 0.03534 0.0291169 0.0232876 0.0179622 0.0132571 0.00928156 0.00610914 0.00374716
 0.00866579 0.0140721 0.0211631 0.0298506 0.0398054 0.0503061 0.0602132 0.0682484 0.0734657 0.0755599 0.0748123 0.0718046 0.0671634 0.0614413 0.0550899 0.0484587 0.0418026 0.0353018 0.0290884 0.0232725 0.0179616 0.0132683 0.00929876 0.00612596 0.00375947
 0.00863882 0.0140261 0.0210904 0.0297446 0.0396643 0.0501376 0.0600365 0.0680916 0.0733563 0.075515 0.0748325 0.0718766 0.0672672 0.0615582 0.0552066 0.0485673 0.0418994 0.035386 0.0291609 0.0233351 0.0180163 0.0133159 0.00933868 0.00615698 0.00378111
 0.00863793 0.0140235 0.021084 0.0297312 0.039639 0.0500947 0.0599716 0.0680041 0.0732528 0.0754096 0.0747444 0.0718232 0.0672573 0.0615894 0.0552676 0.0486437 0.0419789 0.0354603 0.0292263 0.023391 0.0180635 0.0133553 0.0093706 0.0061815 0.00379845
 0.0086191 0.0139962 0.0210491 0.0296913 0.0395977 0.0500546 0.059933 0.0679651 0.07321 0.0753613 0.0746921 0.0717736 0.0672208 0.0615766 0.0552843 0.0486885 0.0420438 0.0355347 0.0293002 0.0234578 0.0181201 0.0134009 0.00940577 0.00620724 0.00381606
 0.0086191 0.0139962 0.0210491 0.0296913 0.0395977 0.0500546 0.059933 0.0679651 0.07321 0.0753613 0.0746921 0.0717736 0.0672208 0.0615766 0.0552843 0.0486885 0.0420438 0.0355347 0.0293002 0.0234578 0.0181201 0.0134009 0.00940577 0.00620724 0.00381606
 0.00888911 0.0144201 0.0216573 0.0304968 0.0405879 0.051182 0.0611079 0.0690611 0.0740884 0.0759058 0.0748386 0.071522 0.0666282 0.0607378 0.0543092 0.0476805 0.0410848 0.0346785 0.0285744 0.0228701 0.017665 0.0130652 0.00917166 0.00605419 0.0037231
 0.00873753 0.0142127 0.0214181 0.0302747 0.0404459 0.0511783 0.0612775 0.0694061 0.0745765 0.0764757 0.0754102 0.0720115 0.0669666 0.0608869 0.0542689 0.047485 0.0407888 0.0343408 0.0282442 0.0225798 0.0174303 0.0128887 0.00904783 0.00597329 0.00367417
 0.00869527 0.0141184 0.0212319 0.0299521 0.0399595 0.0505462 0.0605819 0.0687819 0.0741686 0.0763843 0.0756547 0.0725294 0.0676419 0.0615902 0.0548922 0.0479616 0.0410986 0.0345017 0.0282959 0.0225666 0.017389 0.0128434 0.00901025 0.00594692 0.00365787
 0.00881301 0.0143047 0.0214999 0.0303024 0.0403716 0.0509701 0.0609403 0.0689905 0.0741721 0.0761894 0.0753348 0.0721923 0.0673799 0.0614429 0.0548409 0.0479519 0.0410736 0.0344263 0.0281651 0.022399 0.0172131 0.0126847 0.00888401 0.00585713 0.00360035
 0.00879214 0.0142819 0.0214865 0.0303165 0.0404336 0.051095 0.0611277 0.0692183 0.074397 0.0763575 0.0754013 0.0721436 0.0672432 0.0612749 0.054699 0.0478671 0.0410409 0.0344162 0.028146 0.0223536 0.017143 0.0126035 0.00880755 0.00579595 0.0035578
 0.00876577 0.0142328 0.0214019 0.0301842 0.0402484 0.0508676 0.0608904 0.0690193 0.0742845 0.0763583 0.0755081 0.0723184 0.0674357 0.0614456 0.0548337 0.0479748 0.041138 0.0345115 0.0282343 0.0224228 0.0171839 0.0126165 0.00880094 0.00578057 0.00354207
 0.00865825 0.0140614 0.0211509 0.0298419 0.0398111 0.050345 0.0603114 0.0684355 0.0737649 0.0759768 0.0753246 0.0723611 0.0676921 0.0618653 0.0553461 0.0485113 0.0416486 0.0349682 0.0286244 0.022741 0.0174286 0.012791 0.00891474 0.0058478 0.0035779
 0.00856344 0.0139037 0.0209075 0.029491 0.0393383 0.0497529 0.0596284 0.0677165 0.0730828 0.0754076 0.0749339 0.072195 0.0677707 0.0621785 0.0558527 0.0491457 0.0423357 0.0356392 0.0292292 0.0232503 0.0178315 0.0130898 0.00912111 0.00597957 0.00365512
 0.00846667 0.0137408 0.0206521 0.0291163 0.0388235 0.0490941 0.0588491 0.0668711 0.0722492 0.0746722 0.0743757 0.0718737 0.0677198 0.062402 0.0563248 0.0498138 0.0431272 0.0364734 0.0300306 0.0239606 0.018416 0.0135372 0.00943928 0.00618898 0.003782
 0.00862118 0.0139784 0.0209827 0.0295346 0.0393045 0.0495895 0.0592866 0.0671646 0.0723206 0.0744782 0.073927 0.0712349 0.0669919 0.0616965 0.0557375 0.049407 0.0429212 0.0364494 0.0301414 0.0241476 0.0186244 0.0137273 0.00958977 0.00629474 0.0038486
 0.0087361 0.0141823 0.0213191 0.03005 0.040031 0.0505204 0.0603562 0.0682474 0.0732566 0.075115 0.0741591 0.0710281 0.0663876 0.0607986 0.0546868 0.0483487 0.0419752 0.0356902 0.0295935 0.0237936 0.0184218 0.0136266 0.00954799 0.00628159 0.00384654
 0.00889391 0.0144434 0.0217206 0.0306292 0.0408178 0.0515233 0.0615466 0.0695492 0.0745485 0.0762466 0.0749776 0.0714097 0.066267 0.0601877 0.0536743 0.0470798 0.0406172 0.0343961 0.0284744 0.0229058 0.0177715 0.0131843 0.00926734 0.00611481 0.00375352
 0.00900899 0.0146386 0.0220293 0.0310871 0.0414545 0.0523496 0.0625424 0.0706586 0.075687 0.0773141 0.0758707 0.0720305 0.0665334 0.0600483 0.0531258 0.0461771 0.039469 0.0331429 0.027257 0.0218356 0.0169121 0.0125504 0.0088364 0.00584416 0.00359639
#pred catch len freq
 0.00342742 0.00550121 0.0081826 0.0114801 0.0154207 0.0200162 0.0251989 0.0307909 0.0365326 0.0421365 0.0473325 0.0519061 0.0557266 0.0587481 0.0609772 0.0624309 0.0631084 0.0629769 0.0619521 0.0598638 0.0564426 0.0513963 0.0446084 0.0363718 0.0274711
 0.00372881 0.00591875 0.00868106 0.0119922 0.0158793 0.0203979 0.0255457 0.0311874 0.0370429 0.0427395 0.0479008 0.0522472 0.0556661 0.0582119 0.0600338 0.0612769 0.0620018 0.0621448 0.0615076 0.0597713 0.0565496 0.0515167 0.0446104 0.0362235 0.0272241
 0.00388662 0.00620078 0.00914726 0.0127001 0.0168548 0.0216002 0.0268534 0.0324289 0.0380674 0.0434805 0.0483823 0.0525226 0.0557424 0.0580244 0.0594948 0.0603591 0.0607926 0.0608292 0.0602904 0.0587881 0.0558213 0.0509717 0.044152 0.035792 0.0268172
 0.00408089 0.00650184 0.0095781 0.0132859 0.0176335 0.0226277 0.028187 0.0340848 0.0399697 0.045442 0.0501446 0.0538449 0.0564807 0.0581494 0.0590495 0.0594093 0.0594166 0.0591399 0.0584468 0.0569661 0.054161 0.0495437 0.0429653 0.0348289 0.0260615
