SBPRF35
6.29781
Curr Bio
468890
B35
440982
F35
0.235799
FOFL
0.208584
OFL
62986.4
Bzero
1.79938e+06
#pred survey bio
 4.6355e+06 3.85984e+06 3.35416e+06 2.95421e+06 2.61811e+06 2.41988e+06 2.32766e+06 2.22332e+06 2.10445e+06 1.82291e+06 1.46654e+06 1.20387e+06 1.09186e+06 990135 900361 809507 757970 711401 686994 644781 614471 589051 548447 508762 498803 511100 517348 509154 501553 484899 489089 519667 555439 600716 635646 645066 546520 471097 474664 510102 543896 584810 576430 557203 547302 562066 599129 626156 613480 637967 662544 672524 692562 704274 616589 514377 493445 548086 554879 475222 1.39558e+07 8.25171e+06 8.57579e+06 9.39225e+06 1.03946e+07 1.13587e+07 1.21761e+07 1.2818e+07 1.32977e+07 1.36449e+07 1.38911e+07 1.40637e+07 1.4184e+07 1.42678e+07 1.43264e+07 1.43676e+07 1.43967e+07 1.44174e+07 1.44323e+07 1.44431e+07 1.44509e+07 1.44567e+07 1.44609e+07 1.4464e+07 1.44663e+07 1.44681e+07 1.44693e+07 1.44703e+07 1.4471e+07 1.44716e+07 1.4472e+07 1.44723e+07 1.44725e+07 1.44727e+07 1.44728e+07 1.44729e+07 1.4473e+07 1.4473e+07 1.44731e+07 1.44731e+07 1.44731e+07 1.44731e+07 1.44731e+07 1.44731e+07 1.44732e+07 1.44732e+07 1.44732e+07 1.44732e+07 1.44732e+07 1.44732e+07 1.44732e+07 1.44732e+07 1.44732e+07 1.44732e+07 1.44732e+07 1.44732e+07 1.44732e+07 1.44732e+07 1.44732e+07 1.44732e+07 1.44732e+07 1.44732e+07 1.44732e+07 1.44732e+07 1.44732e+07 1.44732e+07 1.44732e+07 1.44732e+07 1.44732e+07 1.44732e+07 1.44732e+07 1.44732e+07 1.44732e+07 1.44732e+07 1.44732e+07 1.44732e+07 1.44732e+07 1.44732e+07 1.44732e+07 1.44732e+07 1.44732e+07 1.44732e+07 1.44732e+07 1.44732e+07 1.44732e+07 1.44732e+07 1.44732e+07 1.44732e+07 1.44732e+07 1.44732e+07 1.44732e+07 1.44732e+07 1.44732e+07 1.44732e+07 1.44732e+07 1.44732e+07 1.44732e+07 1.44732e+07 1.44732e+07 1.44732e+07 0 0 0 0 0 0 0 0 0 0 0 0 0 0 0 0 0 0 0 0 0 0 0 0 0
#obs survey bio
 4.83077e+06 3.76893e+06 3.07702e+06 2.8542e+06 1.91998e+06 2.0681e+06 2.97382e+06 1.88993e+06 2.34466e+06 2.14548e+06 1.22247e+06 1.11569e+06 1.22756e+06 921840 1.12688e+06 742829 533013 716819 679437 565589 633284 657764 596163 489371 493938 627823 478344 567734 690051 404144 432109 559249 524430 440873 638476 759747 592288 360108 397672 591416 442890 629619 508417 714762 574235 489296 665022 803543 569850 541547 799189 723637 908262 857427 504811 533368 506610 599298 521773 406665
#pred catch bio
 116131 97060.2 149208 219426 261280 252595 270508 294637 313809 287695 303051 242356 256013 243805 229789 194432 198824 161161 155598 145839 129548 132436 117958 113551 109710 105863 105424 97174.5 99851.1 93394.3 94180.6 97476.1 88706.1 98337.8 85426.8 92776.3 89180.1 81317.8 87172.6 90161 79405.9 88827.4 85245.6 82589.9 87473.3 82896.2 86074.1 94602 86435 89632.3 101957 106411 100551 123395 132023 92221.3 41302.5 63256.1 103417 101478 62986.4 68517.3 69620.3 75358.7 83262.7 90917.8 97289.3 102146 105635 108039 109644 110691 111361 111784 112047 112211 112311 112372 112409 112432 112446 112454 112459 112462 112463 112464 112465 112465 112466 112466 112466 112466 112466 112466 112466 112466 112466 112466 112466 112466 112466 112466 112466 112466 112466 112466 112466 112466 112466 112466 112466 112466 112466 112466 112466 112466 112466 112466 112466 112466 112466 112466 112466 112466 112466 112466 112466 112466 112466 112466 112466 112466 112466 112466 112466 112466 112466 112466 112466 112466 112466 112466 112466 112466 112466 112466 112466 112466 112466 112466 112466 112466 112466 112466 112466 112466 112466 112466 112466 112466 0 0 0 0 0 0 0 0 0 0 0 0 0 0 0 0 0 0 0 0 0 0 0 0 0
#obs catch bio
 0 96636.1 149260 219718 261893 252821 270444 295538 313715 286561 303623 242500 256913 244311 229665 193933 200321 160949 155267 146123 129363 132609 117552 113685 110322 105830 105390 97056.5 99785.7 93245.4 94516.1 97746.8 88523.7 98715.3 85283.7 92596.6 89117.2 81381 87596.2 90309.9 79312.3 88790.7 85177.3 82484.4 87641.5 82939.4 86052.8 94551.7 86444.9 89562.1 101953 106589 100385 123209 132266 92686.8 40960.9 63175.2 103625 101609
#pred cpue bio
 4.58377e+06 3.81664e+06 3.31568e+06 2.91852e+06 2.58447e+06 2.38637e+06 2.29289e+06 2.18743e+06 2.06753e+06 1.78811e+06 1.43612e+06 1.17599e+06 1.06428e+06 962968 873689 783687 732381 686089 662137 621050 591457 566935 527685 489386 479549 491371 497617 489777 482575 466571 470551 500047 534750 578716 612566 622042 526067 451585 453817 487696 520457 560148 552335 533911 524432 538489 574125 600263 588131 611575 635155 644360 662761 673700 589249 489964 469496 523812 532239 455508 1.33204e+07 7.84041e+06 8.02267e+06 8.74136e+06 9.72218e+06 1.06829e+07 1.14999e+07 1.21418e+07 1.26215e+07 1.29687e+07 1.32149e+07 1.33874e+07 1.35078e+07 1.35916e+07 1.36502e+07 1.36913e+07 1.37205e+07 1.37412e+07 1.37561e+07 1.37668e+07 1.37747e+07 1.37804e+07 1.37846e+07 1.37878e+07 1.37901e+07 1.37918e+07 1.37931e+07 1.37941e+07 1.37948e+07 1.37953e+07 1.37957e+07 1.3796e+07 1.37962e+07 1.37964e+07 1.37965e+07 1.37966e+07 1.37967e+07 1.37968e+07 1.37968e+07 1.37968e+07 1.37969e+07 1.37969e+07 1.37969e+07 1.37969e+07 1.37969e+07 1.37969e+07 1.37969e+07 1.37969e+07 1.37969e+07 1.37969e+07 1.37969e+07 1.37969e+07 1.37969e+07 1.37969e+07 1.37969e+07 1.37969e+07 1.37969e+07 1.37969e+07 1.37969e+07 1.37969e+07 1.37969e+07 1.37969e+07 1.37969e+07 1.37969e+07 1.37969e+07 1.37969e+07 1.37969e+07 1.37969e+07 1.37969e+07 1.37969e+07 1.37969e+07 1.37969e+07 1.37969e+07 1.37969e+07 1.37969e+07 1.37969e+07 1.37969e+07 1.37969e+07 1.37969e+07 1.37969e+07 1.37969e+07 1.37969e+07 1.37969e+07 1.37969e+07 1.37969e+07 1.37969e+07 1.37969e+07 1.37969e+07 1.37969e+07 1.37969e+07 1.37969e+07 1.37969e+07 1.37969e+07 1.37969e+07 1.37969e+07 1.37969e+07 1.37969e+07 1.37969e+07 1.37969e+07 1.37969e+07 0 0 0 0 0 0 0 0 0 0 0 0 0 0 0 0 0 0 0 0 0 0 0 0 0
#obs cpue bio
 2.28673e+06 3.92083e+06 3.77926e+06 3.17576e+06 2.96298e+06 2.35881e+06 2.19844e+06 1.79196e+06 2.74505e+06 1.82423e+06 1.47377e+06 1.03104e+06 915079 1.03414e+06 824636 867657 707508 857926 778473 572916 633812 490131 602751 410232 348822 530420 568256 432456 382831 565270 372276 499338 662513 617053 668483 712064 476726 473462 409745 529423 601288 631978 609454 428979 433512 581176 546992 577283 499846 779822 557107 516209 509253 697878 694996 397166 446256 555013 612469 479313
#pred surv len freq
 0.00425852 0.00701836 0.0107568 0.0155158 0.0212073 0.0275193 0.0339022 0.0397217 0.0445049 0.0480926 0.050599 0.0522598 0.0533035 0.0539011 0.0541696 0.0541968 0.0540669 0.0538598 0.053592 0.0530977 0.0519271 0.049397 0.0448805 0.038227 0.0300246
 0.00444349 0.00726541 0.0110315 0.0157584 0.0213559 0.0275423 0.0338185 0.0395906 0.0443897 0.0480221 0.0505554 0.0522022 0.0532084 0.053793 0.0541199 0.0542916 0.0543576 0.0543214 0.0541111 0.0535029 0.0520551 0.0491657 0.0443276 0.0374912 0.029279
 0.00458332 0.007509 0.0114237 0.0163392 0.0221372 0.0284809 0.034803 0.0404652 0.0450105 0.0483159 0.0505399 0.0519566 0.0528232 0.053338 0.0536474 0.0538534 0.0540076 0.0540906 0.0539748 0.0533707 0.0518045 0.0487051 0.0436512 0.0366864 0.0284827
 0.00466806 0.00766539 0.0116949 0.0167801 0.0228052 0.0294163 0.0360048 0.0418691 0.0464843 0.0496782 0.0516047 0.0525876 0.0529742 0.0530555 0.0530398 0.0530486 0.053121 0.0532062 0.0531309 0.0525535 0.0509617 0.0477855 0.0426508 0.0356669 0.0275468
 0.00485581 0.00796492 0.0121363 0.0173912 0.0236108 0.0304358 0.0372447 0.0433128 0.0480814 0.0513354 0.0531838 0.0539184 0.0538877 0.0534304 0.0528394 0.0523292 0.0520061 0.0518416 0.0516417 0.05102 0.0494209 0.0462573 0.0411707 0.0343022 0.0263814
 0.0050893 0.00834958 0.0127239 0.0182309 0.0247377 0.0318534 0.0389109 0.045141 0.0499604 0.0531559 0.0548522 0.05535 0.0549898 0.0540974 0.0529714 0.0518664 0.0509588 0.0502941 0.0497286 0.048889 0.0472069 0.0440773 0.0391331 0.0325108 0.0249212
 0.00529702 0.00868783 0.0132347 0.0189557 0.0257116 0.0330951 0.0404094 0.0468473 0.0517894 0.0549998 0.0565979 0.0568932 0.0562408 0.0549757 0.0533983 0.0517669 0.0502796 0.0490311 0.0479447 0.0467119 0.0448071 0.041642 0.0368423 0.0305163 0.0233244
 0.00551433 0.00904262 0.0137715 0.0197169 0.0267298 0.0343809 0.0419393 0.0485604 0.0535972 0.0568035 0.0583018 0.0584105 0.0574921 0.0558872 0.0538993 0.0517892 0.0497621 0.0479358 0.0462816 0.0445608 0.0423233 0.0390372 0.0343469 0.0283321 0.0215836
 0.00568037 0.00933013 0.0142367 0.0204228 0.0277323 0.035707 0.0435662 0.0504097 0.0555504 0.0587292 0.0600808 0.0599485 0.0587198 0.0567527 0.0543579 0.0517947 0.0492652 0.0468941 0.0446819 0.0424491 0.0398263 0.0363604 0.0317388 0.026026 0.019739
 0.00589447 0.00967775 0.0147601 0.021164 0.0287284 0.0369812 0.0451145 0.0521901 0.0574796 0.060691 0.0619425 0.0615808 0.0600159 0.0576386 0.0547903 0.0517479 0.0487177 0.0458243 0.043082 0.0403531 0.0373407 0.0336736 0.0290961 0.0236705 0.017845
 0.00613467 0.0100682 0.0153472 0.0219902 0.0298235 0.0383493 0.0467224 0.0539651 0.0593236 0.0625 0.0636211 0.0630446 0.0611884 0.0584506 0.0551836 0.0516797 0.0481593 0.0447596 0.0415119 0.0383143 0.0349307 0.0310656 0.0265208 0.0213637 0.0159819
 0.00644164 0.0105882 0.0161673 0.0232002 0.0314918 0.0404866 0.049249 0.056707 0.0620466 0.0649676 0.0656462 0.0645148 0.0620633 0.0587411 0.0549257 0.0509121 0.0469113 0.0430509 0.0393655 0.0357786 0.0321071 0.0281232 0.0236826 0.0188572 0.0139744
 0.00653633 0.0107585 0.0164561 0.0236642 0.0321967 0.0414946 0.0506005 0.0583994 0.0640184 0.0670936 0.0677503 0.0664013 0.0635576 0.0597227 0.0553393 0.0507564 0.0462158 0.0418561 0.0377172 0.0337404 0.0297811 0.0256645 0.0212889 0.0167292 0.0122612
 0.00674126 0.011092 0.016959 0.0243751 0.0331458 0.0426939 0.0520333 0.0600177 0.0657493 0.0688509 0.06944 0.0679211 0.0647977 0.0605752 0.0557165 0.0506077 0.0455334 0.0406688 0.0360816 0.0317382 0.0275272 0.0233133 0.019025 0.0147329 0.0106632
 0.00696324 0.0114521 0.017499 0.0251324 0.0341449 0.0439339 0.0534763 0.061587 0.0673434 0.0703664 0.0707915 0.0690477 0.0656559 0.0611274 0.0559226 0.0504262 0.0449321 0.0396382 0.0346455 0.0299608 0.0255156 0.0212147 0.0170097 0.0129625 0.00925091
 0.00726443 0.0119251 0.0181798 0.0260425 0.0352877 0.0452886 0.0549909 0.0631763 0.0688989 0.0717763 0.0719615 0.0699141 0.0661887 0.0613236 0.055793 0.0499814 0.0441753 0.038569 0.0332742 0.0283262 0.0236982 0.019337 0.015219 0.0113986 0.00800983
 0.00730444 0.0120177 0.0183693 0.0263856 0.0358379 0.0460727 0.05599 0.0643242 0.0701008 0.0729359 0.0730002 0.0707755 0.0668341 0.0617263 0.055936 0.0498556 0.0437773 0.0378998 0.0323431 0.0271617 0.0223602 0.0179213 0.0138458 0.0101852 0.00703936
 0.00746572 0.0122677 0.0187243 0.0268568 0.0364342 0.0468028 0.0568581 0.0653186 0.0711809 0.0740273 0.0740046 0.071594 0.0673921 0.0619883 0.0559029 0.0495504 0.0432296 0.0371366 0.0313899 0.0260507 0.0211417 0.0166701 0.0126545 0.00914473 0.00621356
 0.00753149 0.0123523 0.0188111 0.0269182 0.0364418 0.0467441 0.0567502 0.0652126 0.0711518 0.0741514 0.0743318 0.0721253 0.0680721 0.0627185 0.0565705 0.0500588 0.0435157 0.0371738 0.0311809 0.0256215 0.0205398 0.0159635 0.0119255 0.00847438 0.00566282
 0.00761785 0.0124927 0.0190202 0.0272046 0.0367998 0.0471454 0.0571417 0.0655276 0.071336 0.0741912 0.0742664 0.0720319 0.068031 0.0627768 0.0567224 0.0502511 0.0436714 0.0372205 0.0310719 0.0253446 0.0201169 0.0154442 0.0113758 0.0079611 0.00523703
 0.00765895 0.0125627 0.0191317 0.0273711 0.0370334 0.0474504 0.057508 0.0659255 0.0717177 0.0745003 0.0744554 0.0720814 0.067961 0.0626396 0.0565794 0.0501431 0.0436014 0.0371559 0.0309645 0.0251551 0.0198328 0.0150841 0.0109823 0.0075847 0.00491943
 0.00760611 0.012479 0.0190106 0.0272106 0.0368392 0.0472398 0.0573114 0.0657833 0.0716681 0.0745652 0.0746294 0.0723323 0.0682424 0.0629098 0.056816 0.0503448 0.0437758 0.0373036 0.0310709 0.0251966 0.0197913 0.0149609 0.0108006 0.00738137 0.00473095
 0.00769454 0.0126115 0.0191887 0.0274272 0.0370791 0.0474823 0.0575332 0.0659621 0.0717885 0.0746233 0.0746338 0.0722988 0.0681855 0.0628372 0.0567286 0.0502423 0.0436614 0.0371829 0.0309464 0.025064 0.0196426 0.0147921 0.0106183 0.00720205 0.00457381
 0.00779371 0.0127578 0.0193808 0.0276535 0.0373196 0.0477136 0.0577322 0.0661093 0.0718708 0.0746368 0.0745857 0.072206 0.0680691 0.062716 0.0566142 0.050138 0.0435643 0.0370882 0.0308496 0.0249615 0.0195312 0.0146711 0.0104917 0.00707919 0.00446603
 0.00775237 0.0127211 0.0193807 0.0277349 0.0375248 0.0480583 0.0581886 0.0666082 0.0723242 0.0749694 0.0747568 0.0722145 0.0679435 0.0624992 0.0563499 0.0498618 0.0432996 0.0368466 0.0306339 0.0247694 0.0193592 0.0145164 0.0103542 0.00696137 0.00437125
 0.00772221 0.0126584 0.0192639 0.0275429 0.0372512 0.0477283 0.0578666 0.0663823 0.0722709 0.0751158 0.0750663 0.0726047 0.0683244 0.0628067 0.0565587 0.0499789 0.0433483 0.0368517 0.0306139 0.0247348 0.0193148 0.014465 0.010299 0.00690716 0.00432313
 0.00778027 0.0127271 0.0193193 0.0275451 0.0371536 0.0474944 0.0574877 0.06589 0.0717376 0.0746412 0.0747492 0.0725096 0.0684579 0.0631169 0.0569608 0.0503891 0.0437091 0.0371383 0.0308257 0.0248824 0.0194109 0.0145208 0.0103246 0.00691204 0.00431634
 0.00781413 0.0127882 0.0194203 0.0276964 0.0373537 0.0477191 0.0576854 0.0659918 0.0716827 0.0744078 0.0743723 0.0720736 0.0680661 0.0628527 0.0568596 0.0504335 0.0438468 0.0373094 0.0309846 0.0250057 0.0194936 0.0145683 0.010346 0.00691649 0.00431177
 0.00776416 0.012709 0.0193061 0.0275457 0.0371728 0.0475246 0.0575026 0.0658469 0.0715896 0.0743583 0.0743392 0.0720291 0.0680028 0.0627929 0.0568441 0.0504978 0.0440006 0.0375316 0.0312351 0.0252436 0.0196909 0.0147141 0.0104427 0.006974 0.00434196
 0.00789466 0.0128938 0.0195333 0.0277867 0.0373896 0.0476828 0.0575825 0.0658472 0.0715242 0.0742473 0.0742003 0.071871 0.0678258 0.0625973 0.0566401 0.0503089 0.0438559 0.0374517 0.0312212 0.0252785 0.0197488 0.0147721 0.0104876 0.00700234 0.0043566
 0.00785126 0.0128484 0.0195097 0.0278181 0.0375044 0.0478849 0.057839 0.0660954 0.0716969 0.0743031 0.0741386 0.071725 0.0676408 0.0624097 0.0564692 0.0501624 0.0437387 0.0373704 0.0311813 0.0252785 0.0197781 0.0148149 0.0105294 0.00703462 0.0043772
 0.00777121 0.0127195 0.0193204 0.0275642 0.0371965 0.0475553 0.0575422 0.0658945 0.0716378 0.0743911 0.0743341 0.0719641 0.0678659 0.0625903 0.0566035 0.0502642 0.0438241 0.0374514 0.0312647 0.0253665 0.0198681 0.0149006 0.0106031 0.00709111 0.00441547
 0.00789619 0.0128773 0.0194743 0.0276527 0.0371516 0.0473311 0.0571401 0.0653702 0.0710865 0.0739176 0.0740209 0.0718482 0.0679331 0.0627881 0.0568665 0.0505379 0.0440772 0.0376733 0.0314569 0.0255336 0.0200129 0.0150229 0.0107013 0.00716426 0.00446517
 0.00783794 0.0127966 0.0193761 0.0275443 0.0370321 0.0471807 0.0569183 0.0650319 0.070612 0.0733398 0.0734298 0.0713639 0.0676601 0.062777 0.0571005 0.0509495 0.0445793 0.038189 0.0319342 0.025946 0.0203517 0.0152889 0.0109 0.00730397 0.00455642
 0.00789734 0.0128733 0.0194557 0.0276033 0.0370465 0.0471374 0.0568208 0.064893 0.0704395 0.0731263 0.0731601 0.0710369 0.0673089 0.0624667 0.0569031 0.0509109 0.0447005 0.0384306 0.0322379 0.0262572 0.0206324 0.0155197 0.0110758 0.00742842 0.00463802
 0.0084259 0.0136034 0.0203155 0.028445 0.0376874 0.0474266 0.0566951 0.0643924 0.0696801 0.0722533 0.0723028 0.0702825 0.0666979 0.0620071 0.0565918 0.0507465 0.0446812 0.0385433 0.032451 0.0265247 0.0209071 0.0157651 0.0112719 0.00757056 0.00473197
 0.00917002 0.0147705 0.0219832 0.0306313 0.0403189 0.0503061 0.0594924 0.0666929 0.0711001 0.0725728 0.0715403 0.0686658 0.0645592 0.05967 0.0543023 0.0486594 0.042879 0.0370597 0.0312867 0.0256551 0.0202894 0.0153476 0.0110033 0.00740642 0.00463733
 0.00922228 0.0149752 0.022509 0.0317003 0.042138 0.0529623 0.0628605 0.0704142 0.0746552 0.0754175 0.0732475 0.0690259 0.063614 0.0576754 0.0516367 0.0457163 0.039984 0.0344345 0.0290521 0.0238539 0.0189107 0.0143464 0.010316 0.00696264 0.0043696
 0.00879767 0.0143632 0.0217419 0.0308804 0.0414387 0.0526107 0.0630989 0.071436 0.0765182 0.0779703 0.0761219 0.0717221 0.0656522 0.0587422 0.0516617 0.0448547 0.0385305 0.0327163 0.0273452 0.0223429 0.017687 0.0134284 0.00967483 0.00654589 0.00411821
 0.00863577 0.0140694 0.0212484 0.0301196 0.0403782 0.0513019 0.061713 0.0702558 0.0758706 0.0781203 0.0771702 0.073551 0.0679418 0.0610576 0.0535826 0.046098 0.0390155 0.0325507 0.0267501 0.0215603 0.0169108 0.0127749 0.00918763 0.00621811 0.00391757
 0.00874255 0.0141969 0.0213526 0.0301254 0.0401929 0.0508422 0.0609391 0.0692019 0.0746635 0.0769753 0.0763518 0.0732976 0.0683757 0.0621227 0.055047 0.0476296 0.0402978 0.0333846 0.027097 0.0215155 0.0166345 0.0124216 0.00886361 0.00597246 0.00375615
 0.00865003 0.0140604 0.021171 0.0299009 0.0399224 0.0505072 0.0605037 0.0686243 0.0739231 0.0761042 0.0754545 0.0725435 0.067958 0.0621922 0.0556467 0.0486619 0.0415486 0.0345982 0.0280667 0.0221445 0.0169407 0.0124965 0.00881558 0.00588635 0.00367895
 0.00874703 0.0141921 0.0213217 0.0300411 0.0400177 0.0505317 0.0604469 0.0684864 0.0737018 0.0757858 0.0750235 0.072008 0.0673762 0.0616759 0.0553299 0.0486442 0.0418439 0.0351212 0.028668 0.022675 0.0173086 0.0126863 0.00886895 0.00586469 0.00363332
 0.00873581 0.0141922 0.0213538 0.0301312 0.0401845 0.0507704 0.0607193 0.0687284 0.0738459 0.0757864 0.0748684 0.0717135 0.0669772 0.0612227 0.0548912 0.0483016 0.041669 0.0351435 0.0288558 0.0229481 0.0175753 0.0128825 0.00897581 0.00589964 0.00362792
 0.00872557 0.0141718 0.0213178 0.0300758 0.0401132 0.0506989 0.0606756 0.0687423 0.0739317 0.0759284 0.0750211 0.0718198 0.0669923 0.0611322 0.0547152 0.0480882 0.0414796 0.0350328 0.0288514 0.0230388 0.0177187 0.0130274 0.00908554 0.00596273 0.00365302
 0.00876046 0.0142285 0.0214023 0.0301918 0.0402596 0.050867 0.0608486 0.0689 0.0740578 0.0760166 0.0750731 0.0718363 0.0669655 0.0610475 0.0545622 0.0478734 0.0412315 0.0347947 0.028665 0.0229278 0.0176802 0.0130379 0.00911522 0.0059893 0.00366751
 0.00870274 0.0141377 0.0212721 0.0300201 0.0400509 0.0506348 0.0606168 0.0686993 0.0739186 0.0759602 0.075106 0.0719506 0.0671415 0.0612571 0.0547728 0.0480553 0.0413668 0.0348831 0.0287224 0.0229756 0.0177339 0.0130997 0.00917725 0.00604123 0.00370349
 0.00865173 0.014055 0.0211482 0.0298473 0.0398255 0.0503612 0.0603107 0.0683888 0.0736405 0.0757515 0.0749959 0.0719535 0.0672545 0.0614611 0.0550368 0.0483429 0.0416438 0.0351252 0.0289192 0.02313 0.0178554 0.0131977 0.00925613 0.00610166 0.0037456
 0.00880159 0.0142696 0.0214169 0.0301408 0.0401024 0.0505801 0.0604405 0.0684134 0.0735588 0.0755766 0.0747531 0.0716775 0.0669832 0.0612275 0.054862 0.0482319 0.0415875 0.0351062 0.0289196 0.0231375 0.0178648 0.0132084 0.00926842 0.00611459 0.00375721
 0.00877114 0.0142392 0.0214052 0.0301731 0.0401995 0.050743 0.0606406 0.0685983 0.0736728 0.0755846 0.0746545 0.0715016 0.0667743 0.0610284 0.0547035 0.0481297 0.0415428 0.035109 0.0289538 0.0231861 0.0179149 0.0132526 0.00930398 0.00614142 0.00377618
 0.00882557 0.0143073 0.0214715 0.0302143 0.0401958 0.0506917 0.0605638 0.0685345 0.0736551 0.0756201 0.0747189 0.0715544 0.0667829 0.0609842 0.0546223 0.0480396 0.0414698 0.0350678 0.028946 0.023204 0.0179467 0.0132878 0.00933566 0.0061663 0.00379379
 0.00905526 0.0146557 0.0219475 0.0308049 0.0408645 0.0513802 0.0611977 0.0690355 0.0739615 0.0757058 0.0745987 0.0712706 0.0663839 0.0605105 0.0541061 0.0475116 0.0409624 0.0346119 0.0285639 0.0229049 0.0177274 0.0131365 0.00923734 0.00610626 0.00375956
 0.0090694 0.0147154 0.0221034 0.0311219 0.0413991 0.0521476 0.0621455 0.0700442 0.0748764 0.0763852 0.0749537 0.0712816 0.066091 0.0599899 0.0534443 0.0467865 0.0402367 0.0339329 0.0279654 0.0224079 0.0173394 0.0128524 0.00904268 0.00598183 0.00368568
 0.00892046 0.0144899 0.0217978 0.0307524 0.0410066 0.0518004 0.0619326 0.070054 0.0751617 0.0769307 0.0756683 0.072026 0.0667273 0.0604252 0.0536488 0.0467849 0.0400844 0.033693 0.0276941 0.0221472 0.0171161 0.0126789 0.00891947 0.00590179 0.0036381
 0.0092581 0.0149824 0.0224341 0.0314847 0.0417632 0.0525075 0.0625337 0.0705196 0.0754884 0.0771345 0.0757712 0.0720404 0.0666449 0.0602214 0.0532995 0.0462871 0.0394658 0.033007 0.0270043 0.0215116 0.0165755 0.0122532 0.00860936 0.00569321 0.00350908
 0.00948779 0.0154101 0.0231718 0.0326529 0.0434413 0.0546655 0.0649851 0.0729392 0.0775054 0.0784546 0.0762634 0.0717455 0.065722 0.058872 0.0517088 0.0445974 0.0377781 0.0313954 0.0255286 0.0202213 0.0155055 0.0114179 0.00799965 0.00527998 0.00325071
 0.00904627 0.0147617 0.0223307 0.0316932 0.0424962 0.0539121 0.0646149 0.0731099 0.078279 0.0797495 0.0778575 0.073345 0.067062 0.0597937 0.0521788 0.0446746 0.0375632 0.0309922 0.025027 0.0196945 0.0150106 0.0109948 0.00766946 0.00504485 0.00309833
 0.00838606 0.0136598 0.0206291 0.0292539 0.0392644 0.0500019 0.0603735 0.0690984 0.0751449 0.0780352 0.0778347 0.074947 0.0699279 0.0633944 0.0559696 0.0482199 0.0405974 0.0334137 0.0268521 0.0210031 0.0159058 0.011579 0.00803224 0.00525862 0.00321739
 0.00839035 0.0136121 0.0204518 0.0288294 0.0384507 0.0486688 0.0584521 0.0666332 0.0723316 0.0752225 0.0754712 0.073468 0.0696204 0.0642984 0.0578685 0.0507229 0.0432707 0.0358997 0.0289324 0.0226002 0.0170448 0.0123393 0.00850893 0.00553947 0.00337256
 0.00913957 0.0147581 0.0220359 0.0308233 0.0407426 0.0510517 0.0606234 0.0682244 0.0729877 0.0747163 0.0738016 0.0708939 0.0666042 0.061376 0.0554913 0.0491365 0.0424787 0.0357199 0.0291063 0.0228958 0.0173139 0.0125216 0.00860473 0.00557532 0.00337723
#obs surv len freq
 nan nan nan nan nan nan nan nan nan nan nan nan nan nan nan nan nan nan nan nan nan nan nan nan nan
 0.00447945 0.00733852 0.0111666 0.0159819 0.0216829 0.0279597 0.0342758 0.0400092 0.0446908 0.0481562 0.0505154 0.0520124 0.0529056 0.0534187 0.0537336 0.053989 0.0542679 0.0545608 0.0546997 0.0542917 0.0527296 0.0493614 0.0438106 0.0362899 0.0276726
 0.00461464 0.00755789 0.0114957 0.0164435 0.0222916 0.028714 0.0351491 0.0409476 0.0456191 0.0489925 0.0511855 0.0524615 0.0531045 0.0533646 0.0534467 0.0535049 0.0536291 0.0538093 0.0538739 0.0534279 0.051866 0.0485404 0.0430759 0.0356787 0.0272055
 0.00477587 0.0078236 0.0119021 0.0170261 0.0230775 0.02971 0.0363297 0.0422503 0.046953 0.050254 0.0522751 0.0532947 0.0536189 0.0535249 0.0532465 0.052966 0.0527952 0.0527384 0.052631 0.0520823 0.0504923 0.0472184 0.0418851 0.0346846 0.0264444
 0.00496637 0.00813527 0.012375 0.0176994 0.0239824 0.0308584 0.0377014 0.0437874 0.0485649 0.0518319 0.0537068 0.0544764 0.0544629 0.0539656 0.0532454 0.0525146 0.0519159 0.0514818 0.0510727 0.0503189 0.0486384 0.0454007 0.0402292 0.0332932 0.0253751
 0.00518443 0.0084912 0.0129134 0.0184629 0.0250039 0.0321486 0.039236 0.045502 0.0503635 0.0536036 0.0553414 0.0558725 0.0555302 0.0546268 0.0534402 0.0522045 0.0510909 0.0501664 0.0493303 0.0482544 0.0463956 0.0431511 0.0381484 0.0315277 0.0240102
 0.00541515 0.00886837 0.013485 0.0192751 0.0260925 0.0335256 0.0408753 0.0473342 0.0522856 0.0554986 0.0570961 0.0573867 0.0567185 0.0554162 0.0537681 0.0520199 0.0503603 0.0488847 0.0475348 0.0460378 0.0439103 0.0405982 0.035746 0.0294646 0.0224023
 0.00563819 0.00923745 0.0140526 0.0200942 0.0272065 0.0349516 0.0425874 0.0492582 0.0543097 0.0574957 0.0589446 0.058982 0.0579757 0.0562672 0.0541569 0.0518992 0.0496915 0.0476471 0.0457434 0.0437648 0.0413004 0.0378628 0.0331298 0.0271899 0.0206132
 0.0058859 0.00964021 0.0146592 0.020951 0.0283498 0.0363953 0.0443086 0.0511902 0.0563492 0.0595196 0.0608286 0.0606144 0.0592642 0.0571404 0.0545614 0.0517935 0.0490423 0.0464328 0.0439693 0.0414879 0.0386514 0.0350492 0.0304056 0.0247961 0.0187141
 0.006141 0.0100585 0.0152951 0.0218567 0.0295646 0.0379283 0.0461233 0.0532002 0.0584327 0.0615448 0.0626758 0.062185 0.0604807 0.0579428 0.054903 0.0516376 0.0483597 0.0452046 0.0421989 0.039224 0.0360124 0.0322318 0.0276593 0.0223659 0.0167734
 0.00637963 0.0104497 0.0158902 0.0227058 0.0307074 0.039379 0.0478544 0.055136 0.0604585 0.0635286 0.0644899 0.0637216 0.0616581 0.0587042 0.0552112 0.0514667 0.0476897 0.0440219 0.0405077 0.0370675 0.0334974 0.0295389 0.025023 0.0200213 0.0148916
 0.00661813 0.0108424 0.0164901 0.0235651 0.0318662 0.040849 0.0496018 0.0570764 0.0624701 0.0654755 0.0662456 0.0651817 0.0627446 0.0593649 0.0554159 0.0512009 0.0469477 0.0428039 0.0388271 0.034969 0.03108 0.0269672 0.0225119 0.0177882 0.0130967
 0.00685603 0.0112307 0.0170774 0.0243977 0.0329793 0.0422524 0.0512649 0.0589225 0.0643852 0.0673297 0.0679136 0.0665583 0.0637508 0.05995 0.0555534 0.0508829 0.0461776 0.0415933 0.0371997 0.0329744 0.0288124 0.0245764 0.0201897 0.0157288 0.0114428
 0.00704966 0.0115527 0.0175752 0.0251194 0.0339636 0.0435125 0.0527729 0.0606045 0.0661329 0.0690223 0.069438 0.0678199 0.0646777 0.0604924 0.055683 0.0505894 0.0454647 0.0404762 0.0357074 0.0311595 0.0267652 0.022432 0.0181175 0.0138971 0.00997451
 0.00727122 0.0119128 0.0181171 0.025883 0.0349775 0.0447818 0.0542655 0.062246 0.0678158 0.0706252 0.0708467 0.0689418 0.0654481 0.0608752 0.0556657 0.050177 0.0446732 0.0393298 0.0342412 0.0294285 0.0248549 0.0204644 0.0162398 0.0122526 0.00866496
 0.00743743 0.0121884 0.0185416 0.0264961 0.0358105 0.045844 0.0555315 0.0636515 0.0692679 0.0720205 0.0720882 0.0699486 0.0661595 0.0612512 0.0556869 0.0498419 0.0439951 0.0383335 0.0329636 0.0279237 0.0232026 0.0187724 0.0146343 0.0108536 0.00755554
 0.00754362 0.012361 0.0188019 0.0268656 0.0363087 0.0464842 0.0563145 0.0645599 0.0702643 0.07305 0.0730842 0.0708401 0.0668791 0.0617424 0.0559085 0.0497701 0.0436231 0.037671 0.0320376 0.0267815 0.0219154 0.0174351 0.0133557 0.00973533 0.0066672
 0.00760727 0.0124613 0.0189472 0.0270626 0.0365628 0.0467998 0.0566945 0.0650052 0.0707726 0.0736145 0.0736903 0.0714612 0.0674747 0.0622603 0.0562918 0.0499663 0.043593 0.0373944 0.0315177 0.0260476 0.0210241 0.0164672 0.012405 0.00888994 0.00598881
 0.00767278 0.0125605 0.0190829 0.0272327 0.0367616 0.0470197 0.0569281 0.0652472 0.0710213 0.0738732 0.0739663 0.0717612 0.0677977 0.062591 0.0565982 0.050203 0.0437096 0.0373477 0.0312826 0.0256263 0.0204493 0.0157995 0.0117215 0.0082662 0.00547995
 0.0077161 0.0126284 0.01918 0.027361 0.0369188 0.0471989 0.0571171 0.0654303 0.0711849 0.0740111 0.0740829 0.0718704 0.0679163 0.06273 0.0567558 0.0503604 0.0438324 0.0373936 0.0312135 0.0254212 0.0201149 0.0153714 0.011256 0.00782441 0.00511005
 0.00777155 0.0127082 0.0192812 0.0274744 0.0370326 0.0473027 0.0572055 0.0655033 0.0712451 0.0740613 0.0741261 0.0719101 0.0679588 0.0627835 0.0568265 0.050447 0.0439214 0.0374589 0.0312228 0.0253471 0.0199468 0.0151225 0.0109612 0.00752861 0.00485277
 0.00781718 0.0127796 0.0193829 0.0276072 0.0371916 0.0474759 0.0573735 0.0656431 0.0713369 0.074097 0.0741112 0.0718616 0.0678969 0.0627261 0.0567854 0.0504271 0.0439195 0.0374629 0.0312124 0.0252997 0.0198466 0.0149691 0.0107713 0.00733036 0.00467478
 0.00783839 0.0128135 0.0194329 0.0276759 0.0372805 0.0475837 0.0574952 0.0657686 0.0714522 0.0741864 0.0741626 0.0718698 0.0678666 0.0626702 0.0567205 0.0503678 0.043874 0.0374304 0.0311836 0.0252601 0.0197825 0.0148744 0.010652 0.007202 0.00455604
 0.00787025 0.0128573 0.0194841 0.027726 0.0373197 0.0476059 0.0575012 0.0657659 0.0714511 0.0741949 0.0741825 0.0718964 0.0678916 0.062686 0.0567243 0.0503621 0.0438643 0.0374211 0.0311743 0.0252451 0.0197538 0.0148266 0.0105862 0.00712659 0.00448277
 0.00789706 0.0128984 0.019541 0.0277972 0.0373999 0.0476855 0.0575673 0.0658054 0.0714557 0.074166 0.0741314 0.0718397 0.0678435 0.0626532 0.0567054 0.0503517 0.0438571 0.0374141 0.0311657 0.0252326 0.0197339 0.0147964 0.0105457 0.00707978 0.00443645
 0.00789721 0.0129006 0.0195477 0.0278118 0.0374255 0.0477233 0.0576148 0.0658557 0.0714991 0.0741928 0.0741354 0.071821 0.0678092 0.0626143 0.0566721 0.0503298 0.0438468 0.0374115 0.0311659 0.0252311 0.019727 0.014782 0.0105238 0.00705291 0.00440876
 0.00790491 0.0129067 0.0195454 0.0277918 0.0373797 0.0476496 0.057521 0.0657585 0.071418 0.0741423 0.0741204 0.0718368 0.0678456 0.0626613 0.0567236 0.0503832 0.0439015 0.0374664 0.0312179 0.0252762 0.0197614 0.0148034 0.0105324 0.00705119 0.00440084
 0.00787924 0.0128672 0.01949 0.0277193 0.0372891 0.0475402 0.0573929 0.0656153 0.0712699 0.0740065 0.0740181 0.0717865 0.0678563 0.0627294 0.0568352 0.0505204 0.0440476 0.0376087 0.0313482 0.0253886 0.0198522 0.014871 0.0105776 0.00707736 0.00441307
 0.00791453 0.0129132 0.0195383 0.0277555 0.0372969 0.047508 0.0573187 0.0655071 0.0711412 0.0738717 0.0738897 0.0716762 0.0677757 0.0626885 0.0568392 0.0505667 0.0441266 0.0377066 0.0314511 0.0254852 0.0199349 0.0149357 0.0106235 0.00710642 0.00442902
 0.00788485 0.0128759 0.0195017 0.027732 0.0372975 0.0475343 0.0573583 0.0655369 0.071138 0.0738236 0.073802 0.0715674 0.067669 0.0626043 0.0567906 0.0505593 0.0441584 0.0377696 0.0315332 0.0255732 0.0200174 0.0150048 0.0106756 0.00714174 0.00445036
 0.00785808 0.0128258 0.0194153 0.0275961 0.0371055 0.0472943 0.0570977 0.0652968 0.0709579 0.0737256 0.0737834 0.0716082 0.0677458 0.0627011 0.0569022 0.0506861 0.0443014 0.037926 0.0316955 0.0257311 0.02016 0.0151236 0.0107666 0.00720534 0.00449074
 0.0078168 0.0127584 0.0193128 0.0274497 0.0369073 0.0470406 0.0567934 0.0649598 0.0706211 0.073432 0.0735763 0.0715173 0.067778 0.0628399 0.0571169 0.0509445 0.0445776 0.0382025 0.0319602 0.025974 0.020372 0.0152979 0.0108999 0.00729947 0.00455155
 0.00780918 0.0127401 0.0192745 0.0273788 0.0367914 0.0468718 0.0565723 0.0646973 0.0703361 0.0731489 0.0733225 0.071322 0.067667 0.0628301 0.0572093 0.0511238 0.044817 0.038472 0.0322335 0.0262309 0.0205987 0.0154855 0.0110448 0.00740302 0.00461941
 0.0077989 0.0127251 0.0192545 0.0273536 0.0367589 0.0468264 0.0565051 0.064598 0.070198 0.0729735 0.0731226 0.0711193 0.0674888 0.0627032 0.0571546 0.0511508 0.0449218 0.0386378 0.0324357 0.0264435 0.0207994 0.0156588 0.0111823 0.00750321 0.00468618
 0.00772777 0.0126129 0.0190927 0.0271379 0.0364918 0.0465196 0.0561809 0.0642865 0.0699299 0.0727713 0.072995 0.071064 0.0674984 0.0627714 0.0572787 0.05133 0.0451527 0.038911 0.0327338 0.026744 0.0210791 0.015899 0.0113724 0.00764132 0.004778
 0.00934296 0.0148695 0.0218069 0.0299113 0.0388274 0.0480069 0.0566427 0.0638065 0.0687663 0.0712289 0.0713301 0.0694473 0.0660228 0.0614761 0.0561733 0.0504111 0.0444125 0.0383387 0.0323147 0.0264572 0.0208984 0.0157961 0.0113208 0.00761983 0.0047716
 0.00932865 0.0151476 0.0227563 0.032001 0.0424115 0.0530479 0.0625364 0.0694813 0.0730639 0.0733631 0.0711468 0.0673631 0.0627403 0.0576837 0.0523745 0.0468979 0.0413195 0.0357099 0.0301495 0.0247326 0.0195772 0.0148293 0.0106502 0.00718243 0.00450554
 0.00898253 0.0146011 0.0219865 0.0310559 0.0414664 0.0524438 0.06274 0.0709183 0.075865 0.0771738 0.0751715 0.0706689 0.0646475 0.0580025 0.0513724 0.0450784 0.039184 0.0336213 0.0283096 0.0232224 0.0184058 0.0139681 0.0100523 0.0067929 0.00426927
 0.0088339 0.0143476 0.0215836 0.0304572 0.0406407 0.0514077 0.0615995 0.0698992 0.0752972 0.0774 0.0763925 0.0727939 0.0672578 0.0604883 0.0531815 0.0459306 0.0391273 0.0329298 0.0273186 0.0222034 0.0175202 0.0132802 0.00956308 0.00647173 0.00407447
 0.0087458 0.0142026 0.0213612 0.0301348 0.0401957 0.0508224 0.0608723 0.0690604 0.074428 0.0766471 0.0759591 0.0728884 0.0680011 0.0618209 0.0548406 0.0475349 0.0403327 0.0335633 0.0274123 0.0219283 0.017081 0.0128363 0.00920101 0.00621613 0.00391378
 0.00869681 0.0141198 0.0212306 0.0299412 0.0399249 0.0504658 0.0604304 0.0685449 0.0738622 0.0760692 0.0754303 0.0725017 0.0678734 0.062057 0.0554743 0.048482 0.0413988 0.0345147 0.0280739 0.0222452 0.0171129 0.0127011 0.00901186 0.00604583 0.00379125
 0.00870543 0.0141285 0.0212333 0.0299279 0.0398825 0.0503802 0.0602895 0.0683409 0.0735933 0.0757417 0.0750624 0.0721273 0.0675471 0.0618513 0.0554633 0.0487093 0.0418442 0.0350855 0.0286348 0.0226762 0.0173567 0.012773 0.00897272 0.00596255 0.00371026
 0.00869739 0.0141183 0.021223 0.0299203 0.0398788 0.0503778 0.0602799 0.0683103 0.0735261 0.0756262 0.0748943 0.0719137 0.0673084 0.0616229 0.0552927 0.0486468 0.0419231 0.0353016 0.0289395 0.022992 0.0176111 0.0129277 0.00903185 0.00595789 0.00367832
 0.00867347 0.0140808 0.0211693 0.0298497 0.0397936 0.0502838 0.0601864 0.0682277 0.0734621 0.0755808 0.0748593 0.0718761 0.0672571 0.0615562 0.0552233 0.0486001 0.0419296 0.0353826 0.0290936 0.0231911 0.0178109 0.013088 0.00913293 0.00600377 0.00368746
 0.00866835 0.0140737 0.021161 0.0298411 0.0397856 0.0502763 0.0601779 0.0682162 0.0734462 0.0755602 0.0748345 0.0718464 0.06722 0.0615082 0.0551644 0.0485376 0.0418791 0.0353634 0.029119 0.0232601 0.0179065 0.013185 0.00920967 0.00605103 0.00370845
 0.00866395 0.0140649 0.0211449 0.0298145 0.0397462 0.0502245 0.0601183 0.0681565 0.0733948 0.0755235 0.0748145 0.0718413 0.0672252 0.0615182 0.0551739 0.0485437 0.0418838 0.0353735 0.0291435 0.0233045 0.0179682 0.0132534 0.00927157 0.00609691 0.00373599
 0.00864247 0.0140322 0.0210997 0.0297569 0.0396775 0.0501469 0.0600349 0.068072 0.0733159 0.0754584 0.0747716 0.0718261 0.0672387 0.0615564 0.0552289 0.0486068 0.0419478 0.0354353 0.0292039 0.023366 0.0180317 0.013316 0.00932758 0.00614091 0.00376572
 0.00864942 0.0140414 0.0211096 0.029765 0.0396805 0.0501423 0.0600213 0.0680497 0.073286 0.0754223 0.0747314 0.0717852 0.0672019 0.0615287 0.0552139 0.0486053 0.0419579 0.0354538 0.0292283 0.023395 0.0180644 0.0133505 0.00936069 0.00616901 0.00378646
 0.00863567 0.0140222 0.0210863 0.0297405 0.0396584 0.0501246 0.0600078 0.0680381 0.0732734 0.0754071 0.0747138 0.0717671 0.0671861 0.0615178 0.0552102 0.0486103 0.041972 0.035476 0.0292566 0.0234269 0.0180977 0.013383 0.00939021 0.0061935 0.00380468
 0.00861383 0.0139867 0.0210334 0.0296675 0.0395653 0.0500162 0.0598945 0.0679343 0.0731938 0.0753612 0.0747038 0.0717884 0.0672304 0.0615768 0.0552774 0.0486814 0.0420441 0.0355472 0.029325 0.0234907 0.018155 0.0134323 0.00943034 0.0062241 0.00382621
 0.00861383 0.0139867 0.0210334 0.0296675 0.0395653 0.0500162 0.0598945 0.0679343 0.0731938 0.0753612 0.0747038 0.0717884 0.0672304 0.0615768 0.0552774 0.0486814 0.0420441 0.0355472 0.029325 0.0234907 0.018155 0.0134323 0.00943034 0.0062241 0.00382621
 0.00872095 0.0141546 0.0212735 0.0299838 0.0399508 0.0504491 0.0603361 0.0683328 0.0734959 0.075527 0.0747174 0.0716592 0.0669864 0.0612552 0.0549161 0.0483137 0.0416963 0.0352374 0.0290637 0.0232816 0.0179966 0.0133194 0.00935505 0.00617757 0.0037998
 0.00886641 0.0143966 0.0216466 0.0305196 0.0406664 0.0513304 0.0613247 0.0693269 0.0743702 0.0761656 0.0750415 0.0716421 0.0666523 0.0606668 0.0541575 0.047473 0.0408516 0.0344488 0.028371 0.022706 0.0175436 0.0129824 0.00911945 0.00602372 0.00370665
 0.00882867 0.0143492 0.0216021 0.0305018 0.0407078 0.0514666 0.0615854 0.0697248 0.074891 0.0767613 0.0756347 0.0721423 0.0669799 0.060775 0.0540425 0.0471701 0.0404211 0.033959 0.0278831 0.0222655 0.0171772 0.0126999 0.00891713 0.00588952 0.00362455
 0.00902235 0.0146473 0.0220191 0.0310388 0.041352 0.0521911 0.0623493 0.0704759 0.0755724 0.0773214 0.0760335 0.0723517 0.0669815 0.0605603 0.053618 0.0465635 0.0396825 0.0331546 0.0270837 0.0215331 0.0165557 0.0122104 0.00855963 0.00564803 0.00347431
 0.00941342 0.0152812 0.0229657 0.0323511 0.0430424 0.0542016 0.064529 0.0725916 0.0773605 0.0785611 0.0766033 0.0722439 0.0662789 0.0593959 0.0521383 0.0449047 0.0379623 0.031472 0.0255213 0.0201567 0.0154097 0.0113134 0.00790374 0.00520273 0.00319538
 0.00896411 0.0146152 0.0220872 0.031317 0.0419603 0.0532171 0.0638061 0.0722821 0.0775622 0.0792767 0.0777262 0.0735864 0.0676292 0.0605762 0.0530375 0.0454831 0.0382363 0.0314939 0.0253616 0.01989 0.0151045 0.0110234 0.00766274 0.00502428 0.00307676
 0.00842553 0.0136952 0.0206296 0.0291735 0.0390546 0.049632 0.0598483 0.0684643 0.0744811 0.0774368 0.0773946 0.0747382 0.0699886 0.0637152 0.0564917 0.0488489 0.0412296 0.0339644 0.0272731 0.0212849 0.0160675 0.0116533 0.00805293 0.00525288 0.00320308
 0.00855423 0.0138399 0.0207225 0.0290969 0.0386542 0.0487503 0.0583739 0.0663875 0.0719416 0.074739 0.0749639 0.0730131 0.0692857 0.0641291 0.0578776 0.0508882 0.0435408 0.0362079 0.0292164 0.0228182 0.0171825 0.0124057 0.00852588 0.00553021 0.00335473
 0.00900303 0.0145728 0.0218235 0.0306233 0.0405968 0.0509823 0.0606184 0.0682423 0.0729803 0.0746547 0.0736899 0.0707644 0.0664999 0.0613339 0.0555327 0.049264 0.0426773 0.0359601 0.0293508 0.0231097 0.0174743 0.0126226 0.00865518 0.00559173 0.00337603
#pred catch len freq
 0.00315317 0.00513313 0.00777222 0.011123 0.0152286 0.0200721 0.0255164 0.0312994 0.0370888 0.0425518 0.0474026 0.051437 0.0545583 0.0567806 0.0582034 0.0589799 0.0592942 0.0593259 0.0591678 0.0586893 0.0574258 0.0546404 0.0496493 0.0422903 0.0332166
 0.00329584 0.00532583 0.00799137 0.0113267 0.0153734 0.0201365 0.0255143 0.0312703 0.0370704 0.0425517 0.0473936 0.0513806 0.0544421 0.0566433 0.0581308 0.0590693 0.0596019 0.0598234 0.059729 0.0591246 0.0575547 0.0543723 0.0490266 0.041467 0.0323845
 0.0034341 0.00555602 0.00834437 0.0118254 0.0160172 0.0208841 0.0262773 0.0319328 0.0375307 0.0427639 0.0473778 0.0511974 0.0541538 0.0562959 0.0577638 0.0587339 0.0593578 0.059707 0.0597145 0.0591119 0.0574066 0.0539841 0.0483869 0.0406681 0.0315745
 0.00354979 0.00575214 0.00865616 0.012295 0.0166894 0.0217934 0.0274281 0.0332767 0.0389537 0.0440971 0.0484376 0.0518415 0.0543267 0.0560363 0.0571757 0.0579446 0.0584854 0.058839 0.058891 0.058316 0.0565784 0.0530639 0.0473663 0.0396118 0.0305941
 0.00374346 0.00605656 0.00909668 0.0128933 0.0174659 0.0227695 0.0286211 0.0346881 0.0405519 0.0458002 0.0501052 0.0532879 0.0553594 0.0565108 0.0570406 0.0572525 0.0573655 0.0574478 0.0573637 0.0567389 0.0549895 0.0514811 0.0458244 0.038181 0.029365
 0.00394884 0.00638912 0.00959505 0.0135935 0.0183963 0.0239424 0.0300241 0.0362811 0.0422734 0.0475756 0.051849 0.054896 0.0567019 0.0574389 0.0574159 0.0569892 0.0564633 0.055994 0.0555042 0.0546343 0.0527841 0.0492966 0.0437713 0.0363656 0.0278765
 0.00414893 0.00670922 0.0100687 0.0142527 0.0192708 0.0250557 0.0313848 0.0378713 0.0440411 0.0494362 0.0536946 0.0566098 0.0581687 0.0585478 0.0580578 0.0570634 0.0558986 0.0547791 0.0537058 0.0523924 0.0502859 0.0467457 0.0413621 0.0342614 0.0261874
 0.0043681 0.00705962 0.010586 0.0149685 0.0202108 0.0262343 0.0327978 0.0394898 0.0458109 0.0512814 0.0555235 0.0583198 0.0596529 0.0597008 0.0587804 0.0572635 0.0554979 0.0537294 0.0520154 0.0501489 0.0476605 0.0439719 0.038693 0.0319186 0.0243163
 0.00455662 0.00737188 0.0110674 0.0156672 0.0211703 0.0274813 0.0343274 0.041257 0.0477334 0.0532527 0.0574288 0.0600494 0.0611097 0.0608021 0.0594535 0.0574398 0.0551113 0.0527261 0.0503779 0.0479272 0.0449955 0.0410915 0.0358729 0.0294175 0.0223117
 0.00477516 0.00772025 0.0115808 0.0163788 0.022112 0.0286805 0.0357979 0.0429848 0.0496648 0.0552905 0.059441 0.0618902 0.0626453 0.0619289 0.0601016 0.0575631 0.0546729 0.0516943 0.0487397 0.045719 0.0423352 0.0381893 0.0330023 0.0268497 0.0202422
 0.00509292 0.00822123 0.012306 0.0173574 0.0233578 0.0301878 0.0375348 0.0448902 0.0516542 0.0572674 0.0613058 0.0635437 0.0639904 0.0628764 0.0605777 0.0575148 0.0540663 0.0505105 0.0469802 0.0434255 0.0396188 0.0352462 0.0300939 0.0242434 0.0181366
 0.00536453 0.00867338 0.0130065 0.0183765 0.0247548 0.0319883 0.0397059 0.0473291 0.0541993 0.0597281 0.0634986 0.0653208 0.0652548 0.0635807 0.0607104 0.0570816 0.0530766 0.0489743 0.0449176 0.0408892 0.0367213 0.0321762 0.0270997 0.0215795 0.0159922
 0.00553641 0.0089557 0.0134395 0.0190067 0.025635 0.0331712 0.0412297 0.0491961 0.0563545 0.0620484 0.0658014 0.0673962 0.0669095 0.064676 0.0611776 0.0569116 0.0522963 0.0476251 0.0430494 0.0385733 0.0340742 0.0293751 0.0243709 0.0191524 0.0140376
 0.00576398 0.00931783 0.0139709 0.0197372 0.0265881 0.0343606 0.0426534 0.0508309 0.0581536 0.0639411 0.0676918 0.069162 0.0684088 0.0657662 0.061741 0.0568774 0.0516469 0.0463888 0.0412884 0.0363804 0.0315803 0.0267567 0.0218388 0.0169133 0.0122417
