SBPRF35
7.78865
Curr Bio
561005
B35
667889
F35
0.215194
FOFL
0.176963
OFL
77098.8
Bzero
2.22533e+006
#pred survey bio
 5.02624e+006 4.73825e+006 4.45861e+006 4.13314e+006 3.76916e+006 3.4049e+006 3.03353e+006 2.70747e+006 2.38813e+006 2.10839e+006 1.84622e+006 1.61128e+006 1.4049e+006 1.23986e+006 1.0974e+006 982150 898907 826397 782430 742633 716008 683601 679520 670565 643118 636851 626488 630312 629382 621947 613263 610915 604487 600930 592137 574268 551216 542074 536094 545911 557965 563804 573580 583252 583286 580689 573733 576196 571481 571951 569231 555811 572975 591219 596056 598489 597353 616192 620145 612659 607717 599185 566340 587581 579705 563784 566105 1.95966e+007 1.14328e+007 1.1446e+007 1.20256e+007 1.29223e+007 1.38885e+007 1.47746e+007 1.55158e+007 1.61008e+007 1.65451e+007 1.68743e+007 1.71143e+007 1.72877e+007 1.74125e+007 1.75022e+007 1.75669e+007 1.76138e+007 1.76479e+007 1.76729e+007 1.76914e+007 1.7705e+007 1.77153e+007 1.77229e+007 1.77287e+007 1.77331e+007 1.77364e+007 1.7739e+007 1.77409e+007 1.77424e+007 1.77435e+007 1.77444e+007 1.77451e+007 1.77456e+007 1.7746e+007 1.77463e+007 1.77465e+007 1.77467e+007 1.77468e+007 1.7747e+007 1.7747e+007 1.77471e+007 1.77472e+007 1.77472e+007 1.77472e+007 1.77473e+007 1.77473e+007 1.77473e+007 1.77473e+007 1.77473e+007 1.77473e+007 1.77473e+007 1.77473e+007 1.77473e+007 1.77473e+007 1.77473e+007 1.77473e+007 1.77473e+007 1.77473e+007 1.77473e+007 1.77473e+007 1.77473e+007 1.77473e+007 1.77473e+007 1.77473e+007 1.77473e+007 1.77473e+007 1.77473e+007 1.77473e+007 1.77473e+007 1.77473e+007 1.77473e+007 1.77473e+007 1.77473e+007 1.77473e+007 1.77473e+007 1.77473e+007 1.77473e+007 1.77473e+007 1.77473e+007 1.77473e+007 1.77473e+007 1.77473e+007 1.77473e+007 1.77473e+007 1.77473e+007 1.77473e+007 1.77473e+007 1.77473e+007 1.77473e+007 1.77473e+007 1.77473e+007 1.77473e+007 1.77473e+007 1.77473e+007 1.77473e+007 1.77473e+007 1.77473e+007 1.77473e+007 1.77473e+007 1.77473e+007 0 0 0 0 0 0 0 0 0 0 0 0 0 0 0 0 0 0 0 0 0 0 0 0 0
#obs survey bio
 3.6124e+006 3.3305e+006 4.12744e+006 3.66506e+006 3.69496e+006 1.795e+006 2.78819e+006 1.67563e+006 2.71114e+006 1.95175e+006 1.13022e+006 1.04592e+006 1.24464e+006 1.16464e+006 747336 723535 930170 749724 669870 505150 689029 751105 688349 537420 471409 747741 525429 507661 857212 478452 406388 550800 733170 643802 493945 605932 814333 664262 617947 431241 584180 443526 628364 612546 565137 627067 493416 499994 669604 533095 543292 522281 460655 505182 454501 467493 608578 756808 550235 717082 919713 496842 487406 734655 469958 569271 523078
#pred catch bio
 91875.9 91490.9 148629 207975 239131 280349 273709 299322 291570 299986 295632 284787 258350 245487 225845 199413 188530 161366 154691 140060 140738 113458 115483 128383 108150 109551 95999.4 98967.7 102686 101630 94217.5 94981.6 89297.3 90204.7 94153.6 96940.9 87494.1 88807 79001 79770.1 85972.1 82814.5 83037.1 90843.6 92241.2 94969.1 86560.7 92299.8 87712.2 90951.5 100461 75686.4 76009.4 87369 89551.7 93278.6 77461.7 90351.6 99073.6 96041.2 98661.6 118315 72828.6 97115.8 101050 82597.4 85720.9 77098.8 89148.6 87661.7 90606.6 96820.6 103856 110288 115558 119591 122536 124614 126043 127006 127646 128066 128339 128515 128628 128700 128746 128775 128793 128805 128812 128816 128819 128821 128822 128823 128823 128824 128824 128824 128824 128824 128824 128824 128824 128824 128824 128824 128824 128824 128824 128824 128824 128824 128824 128824 128824 128824 128824 128824 128824 128824 128824 128824 128824 128824 128824 128824 128824 128824 128824 128824 128824 128824 128824 128824 128824 128824 128824 128824 128824 128824 128824 128824 128824 128824 128824 128824 128824 128824 128824 128824 128824 128824 128824 128824 128824 128824 128824 128824 128824 128824 128824 128824 128824 128824 128824 0 0 0 0 0 0 0 0 0 0 0 0 0 0 0 0 0 0 0 0 0 0 0 0 0
#obs catch bio
 0 91267.3 149109 208987 239816 283422 276191 304275 295337 304227 302538 293218 264178 252421 233014 205746 193391 164720 158041 143136 144018 114559 116810 130201 109720 111167 96743.8 99929.9 103537 102758 95296.5 96118.6 89757.3 90612.9 94768.8 97337.9 87773.8 88947.9 78876.5 80199.6 86344 83046.7 83007.6 90856.2 92240.3 94863.9 86636.1 92495.2 87517.3 90748.8 101195 75900.8 76153.9 87721.8 89718.5 94002.4 77637.1 90676.1 99608.9 96145 98379.9 119607 72613.9 97500.1 101700 82617.4 85746.6
#pred cpue bio
 4.94486e+006 4.66232e+006 4.38722e+006 4.06434e+006 3.70259e+006 3.3402e+006 2.97073e+006 2.64642e+006 2.32929e+006 2.05158e+006 1.79126e+006 1.55822e+006 1.35419e+006 1.19118e+006 1.05051e+006 936955 855520 785271 742955 704749 679424 648700 645297 636974 610499 604642 595081 599117 598471 591612 583515 581674 576153 573468 565662 548840 525827 515353 508382 517497 529254 535199 544910 554446 554587 552192 545524 547930 543415 543831 540894 527494 544059 562135 567109 569240 567768 586071 590258 583154 578335 569913 537722 558291 551270 536421 539428 1.87133e+007 1.0925e+007 1.08104e+007 1.12408e+007 1.2085e+007 1.3039e+007 1.39227e+007 1.46635e+007 1.52484e+007 1.56927e+007 1.60219e+007 1.62619e+007 1.64353e+007 1.65601e+007 1.66498e+007 1.67145e+007 1.67614e+007 1.67955e+007 1.68205e+007 1.68389e+007 1.68526e+007 1.68628e+007 1.68705e+007 1.68763e+007 1.68807e+007 1.6884e+007 1.68865e+007 1.68885e+007 1.689e+007 1.68911e+007 1.6892e+007 1.68926e+007 1.68932e+007 1.68936e+007 1.68939e+007 1.68941e+007 1.68943e+007 1.68944e+007 1.68945e+007 1.68946e+007 1.68947e+007 1.68947e+007 1.68948e+007 1.68948e+007 1.68948e+007 1.68949e+007 1.68949e+007 1.68949e+007 1.68949e+007 1.68949e+007 1.68949e+007 1.68949e+007 1.68949e+007 1.68949e+007 1.68949e+007 1.68949e+007 1.68949e+007 1.68949e+007 1.68949e+007 1.68949e+007 1.68949e+007 1.68949e+007 1.68949e+007 1.68949e+007 1.68949e+007 1.68949e+007 1.68949e+007 1.68949e+007 1.68949e+007 1.68949e+007 1.68949e+007 1.68949e+007 1.68949e+007 1.68949e+007 1.68949e+007 1.68949e+007 1.68949e+007 1.68949e+007 1.68949e+007 1.68949e+007 1.68949e+007 1.68949e+007 1.68949e+007 1.68949e+007 1.68949e+007 1.68949e+007 1.68949e+007 1.68949e+007 1.68949e+007 1.68949e+007 1.68949e+007 1.68949e+007 1.68949e+007 1.68949e+007 1.68949e+007 1.68949e+007 1.68949e+007 1.68949e+007 1.68949e+007 1.68949e+007 0 0 0 0 0 0 0 0 0 0 0 0 0 0 0 0 0 0 0 0 0 0 0 0 0
#obs cpue bio
 3.24208e+006 3.56544e+006 4.63316e+006 4.16031e+006 4.64676e+006 2.2895e+006 3.02809e+006 2.34938e+006 2.51163e+006 2.09463e+006 1.20049e+006 1.27216e+006 1.68887e+006 696085 853718 725748 879132 658177 649582 621018 584205 750831 511123 736558 443032 505608 766874 612142 460026 537938 620620 584434 658123 539295 558483 644026 309997 536881 481023 350156 601195 659521 624309 562432 549963 610787 451451 665865 585868 594181 345203 453894 770358 629204 788843 489814 528840 556566 575184 605615 492710 393140 654933 488696 541068 603658 706090
#pred surv len freq
 0.00504974 0.00818004 0.0122758 0.0173054 0.0231397 0.029477 0.035813 0.0415597 0.046267 0.0497748 0.0521918 0.0537623 0.0547412 0.0553273 0.0556369 0.0556999 0.0554725 0.0548578 0.05371 0.0518142 0.0488751 0.0445819 0.0387844 0.0317019 0.0240005
 0.00526659 0.00843914 0.0124983 0.017374 0.0229473 0.0289938 0.035128 0.0408582 0.0457451 0.0495405 0.0522149 0.0539012 0.0548256 0.0552455 0.0553867 0.055385 0.0552529 0.0548758 0.0540232 0.0523662 0.0495211 0.0451559 0.0391713 0.031875 0.0240088
 0.00549887 0.00881717 0.0130608 0.018138 0.0238834 0.0300017 0.0360362 0.0414699 0.0459231 0.049281 0.0516513 0.0532263 0.0541841 0.054675 0.0548419 0.0548141 0.0546633 0.0543421 0.0536396 0.0521818 0.0495055 0.0452173 0.039211 0.0318379 0.0238988
 0.00572125 0.0091761 0.0135971 0.01889 0.0248804 0.0312499 0.0374961 0.0430348 0.0474161 0.0504857 0.0523763 0.0533756 0.053792 0.0538775 0.053803 0.0536607 0.0534704 0.0531613 0.0525276 0.0511978 0.0486847 0.044554 0.03867 0.031384 0.0235176
 0.00603493 0.00966547 0.014296 0.0198185 0.0260448 0.0326422 0.039089 0.0447739 0.0492125 0.0522127 0.0538719 0.0544615 0.0543135 0.0537536 0.053057 0.052409 0.0518764 0.0513868 0.0507082 0.0494409 0.0470725 0.0431422 0.0374867 0.0304351 0.0227944
 0.00632927 0.0101412 0.0150064 0.0208093 0.0273446 0.0342471 0.0409495 0.0467939 0.0512668 0.0541717 0.0556163 0.0558793 0.0552908 0.0541774 0.0528407 0.0515279 0.0503895 0.049429 0.0484586 0.0470865 0.0447819 0.0410521 0.035695 0.0289964 0.0217188
 0.00664041 0.0106388 0.0157404 0.021823 0.0286685 0.0358896 0.0428827 0.0489445 0.0535191 0.0563832 0.0576391 0.0575773 0.0565482 0.0548986 0.052947 0.0509638 0.0491416 0.0475492 0.0460743 0.0443889 0.0419958 0.0383988 0.0333575 0.0270944 0.0202953
 0.00690707 0.0110679 0.0163786 0.0227119 0.0298392 0.0373526 0.0446169 0.0508914 0.0555885 0.0584656 0.0596176 0.0593342 0.0579686 0.0558744 0.053382 0.0507797 0.0482885 0.0460241 0.0439423 0.0417961 0.0391602 0.0355762 0.0307907 0.0249626 0.0186829
 0.00724948 0.0116063 0.0171552 0.0237552 0.0311612 0.0389446 0.0464418 0.0528801 0.057645 0.0604816 0.0614865 0.0609595 0.0592645 0.0567628 0.0537887 0.0506343 0.0475317 0.0446241 0.0419208 0.0392532 0.0362841 0.0326228 0.0280328 0.0226247 0.016889
 0.00765964 0.0122453 0.0180651 0.0249566 0.0326508 0.0406923 0.0483865 0.0549292 0.0596855 0.0623997 0.0631849 0.0623639 0.06032 0.0574255 0.0540171 0.0503836 0.0467544 0.0432822 0.04001 0.0368343 0.0335053 0.0297145 0.0252646 0.0202374 0.0150315
 0.00799569 0.0127976 0.018906 0.0261535 0.0342481 0.0426855 0.0506991 0.0574107 0.0621407 0.0646352 0.0650489 0.063763 0.0612147 0.057813 0.0539114 0.0497981 0.0456912 0.0417346 0.0379818 0.0343709 0.0307244 0.026814 0.0224924 0.0178284 0.013141
 0.00825872 0.0132284 0.0195615 0.0270914 0.0355192 0.0443181 0.0526785 0.0596641 0.0645349 0.0669921 0.0671733 0.0654775 0.0623904 0.0583864 0.0538805 0.0492003 0.044577 0.0401497 0.0359686 0.0319899 0.0280832 0.0240825 0.0198861 0.0155576 0.0113501
 0.00864729 0.013825 0.0203949 0.0281685 0.0368291 0.0458391 0.0543792 0.0614985 0.0664373 0.0688749 0.0689286 0.0669827 0.0635215 0.0590375 0.053984 0.048737 0.0435715 0.0386554 0.0340554 0.0297446 0.0256229 0.0215652 0.0175004 0.0134848 0.00971495
 0.00901047 0.0143989 0.0212265 0.0292864 0.0382348 0.0474956 0.0562037 0.0633686 0.0682179 0.0704529 0.0702334 0.0679816 0.0641969 0.0593665 0.0539323 0.0482693 0.0426683 0.0373261 0.0323436 0.0277291 0.0234187 0.0193217 0.015386 0.0116555 0.00827533
 0.00928732 0.0148507 0.021909 0.0302506 0.0395145 0.0490885 0.0580515 0.065352 0.0701732 0.0722069 0.0716413 0.0689527 0.0647015 0.0594233 0.0535839 0.0475578 0.0416233 0.0359694 0.0307046 0.0258629 0.0214167 0.01731 0.013509 0.0100444 0.00701495
 0.00937178 0.0150113 0.0221944 0.0307223 0.0402345 0.0500987 0.059352 0.0668889 0.0718428 0.073871 0.0731498 0.0701668 0.0655168 0.0597861 0.0534937 0.0470547 0.0407662 0.0348181 0.0293149 0.0242949 0.0197483 0.0156432 0.0119598 0.00871873 0.00598037
 0.00938633 0.0150352 0.0222331 0.0307866 0.0403464 0.0502951 0.0596836 0.0674087 0.0725849 0.0748284 0.0742615 0.0713241 0.0665855 0.0606367 0.0540281 0.0472215 0.0405615 0.034275 0.0284892 0.0232566 0.0185796 0.0144385 0.0108191 0.00773107 0.00520361
 0.0095015 0.0152057 0.0224586 0.0310559 0.0406408 0.0505957 0.0599781 0.0676972 0.0728825 0.0751628 0.0746618 0.0718035 0.0671243 0.0611773 0.0544858 0.0475082 0.04061 0.0340546 0.02801 0.0225632 0.0177424 0.0135433 0.00995518 0.00697549 0.00460616
 0.00953674 0.0152573 0.0225254 0.0311326 0.0407186 0.0506645 0.0600292 0.0677272 0.0728974 0.0751815 0.0747161 0.0719303 0.0673523 0.0615099 0.0548916 0.047922 0.0409488 0.0342418 0.027997 0.0223424 0.0173472 0.0130379 0.00941723 0.00647714 0.00419797
 0.00954288 0.0152738 0.0225617 0.0312005 0.0408275 0.0508152 0.0602093 0.0679118 0.0730569 0.0752927 0.0747719 0.0719434 0.0673515 0.0615302 0.0549587 0.0480387 0.041089 0.0343564 0.0280318 0.0222593 0.0171395 0.0127324 0.00906456 0.00613331 0.00390696
 0.00943039 0.0151063 0.022339 0.0309343 0.0405407 0.0505383 0.0599765 0.0677552 0.0729991 0.0753395 0.07491 0.0721469 0.0675929 0.0617905 0.05523 0.0483187 0.0413703 0.0346189 0.0282434 0.0223866 0.0171629 0.0126565 0.00891754 0.00595642 0.00373903
 0.00958174 0.0153106 0.0225698 0.0311425 0.0406699 0.0505489 0.0598643 0.0675534 0.072763 0.075124 0.0747527 0.0720612 0.0675724 0.061818 0.0552878 0.0483943 0.0414561 0.0347072 0.0283212 0.0224356 0.017166 0.0126072 0.00882475 0.00584132 0.00362599
 0.00957653 0.0152981 0.022542 0.0310857 0.0405639 0.0503682 0.059585 0.0671655 0.0722852 0.0746119 0.0742905 0.0717375 0.0674488 0.0619097 0.0555638 0.0487947 0.0419144 0.0351658 0.0287373 0.0227803 0.0174226 0.012772 0.00890732 0.00586246 0.00361122
 0.00959336 0.0153256 0.0225833 0.0311425 0.040634 0.0504426 0.0596449 0.0671828 0.0722284 0.0744574 0.0740363 0.0714124 0.0671103 0.0616276 0.0553963 0.0487683 0.0420184 0.0353618 0.0289756 0.0230148 0.0176199 0.0129144 0.00899236 0.00589975 0.00361677
 0.00963608 0.0154092 0.0227343 0.0313919 0.0410068 0.0509421 0.0602397 0.0678051 0.0727873 0.0748615 0.0742162 0.0713361 0.0667911 0.0611222 0.0547919 0.0481611 0.0414878 0.034953 0.0286958 0.0228428 0.0175217 0.0128573 0.0089535 0.00586742 0.00358793
 0.00950018 0.0151977 0.0224358 0.0310075 0.0405564 0.0504693 0.0598121 0.0675029 0.0726782 0.0749732 0.0745214 0.0717608 0.0672412 0.0615157 0.0550821 0.0483433 0.0415908 0.0350189 0.0287597 0.022921 0.0176111 0.0129444 0.00902483 0.00591626 0.00361536
 0.00961753 0.0153484 0.0225886 0.031109 0.0405462 0.050305 0.059491 0.0670692 0.0722124 0.0745682 0.0742562 0.0716775 0.0673343 0.061736 0.0553579 0.0486071 0.0418011 0.0351667 0.0288597 0.0229952 0.0176755 0.013004 0.00907655 0.00595571 0.00364099
 0.00953559 0.0152358 0.0224553 0.030972 0.0404181 0.0501803 0.0593401 0.06685 0.071897 0.0741697 0.0738364 0.0713292 0.0671447 0.0617526 0.0555725 0.0489642 0.0422232 0.0355831 0.0292249 0.0232917 0.0179054 0.0131768 0.00920231 0.00604254 0.00369651
 0.00942477 0.0150706 0.0222356 0.0307099 0.0401373 0.0499118 0.0591159 0.0666924 0.0718085 0.0741284 0.0738064 0.0712826 0.0670829 0.0617097 0.0555962 0.0490881 0.0424478 0.0358764 0.0295396 0.0235853 0.0181517 0.0133672 0.00933981 0.00613574 0.0037554
 0.00941951 0.0150534 0.0221941 0.0306288 0.0400038 0.0497244 0.0588901 0.0664606 0.0716095 0.073993 0.0737442 0.0712796 0.0671108 0.0617432 0.0556283 0.0491324 0.0425268 0.0360041 0.029711 0.0237785 0.0183394 0.013528 0.00946352 0.00622225 0.00381073
 0.00932598 0.0149232 0.0220378 0.0304678 0.0398621 0.049616 0.058812 0.0663958 0.0715403 0.0739139 0.0736671 0.0712257 0.0670971 0.061773 0.0556922 0.0492178 0.0426269 0.0361199 0.0298451 0.0239274 0.0184916 0.013668 0.00957886 0.00630736 0.0038672
 0.00909819 0.0145789 0.0215693 0.0298891 0.0392083 0.0489409 0.0581822 0.0658811 0.0711976 0.0737711 0.0737171 0.0714354 0.0674239 0.062178 0.0561433 0.0496879 0.0430922 0.0365614 0.0302498 0.0242874 0.0188011 0.0139224 0.00977543 0.00644816 0.00395962
 0.00900494 0.0144174 0.0213092 0.029499 0.0386676 0.0482551 0.0573965 0.0650798 0.0704859 0.0732464 0.0734427 0.0714281 0.0676576 0.0625979 0.0566842 0.0502889 0.0437043 0.0371484 0.0307868 0.0247583 0.019197 0.0142396 0.0100156 0.00661809 0.0040707
 0.00885664 0.0141918 0.0209976 0.0291008 0.0381866 0.0476956 0.0567646 0.0643915 0.0697781 0.0725824 0.0729051 0.071099 0.0675932 0.0628105 0.0571398 0.0509202 0.0444311 0.0378959 0.0314964 0.0253901 0.0197282 0.0146617 0.0103313 0.00683861 0.00421336
 0.00882718 0.0141314 0.0208844 0.0289082 0.0378918 0.0472907 0.0562649 0.0638336 0.069208 0.0720424 0.0724295 0.0707199 0.0673471 0.0627358 0.0572631 0.0512412 0.0449166 0.0384873 0.0321251 0.0259939 0.0202611 0.0150976 0.0106625 0.00707188 0.0043649
 0.00956039 0.0151683 0.022157 0.0302537 0.0390952 0.0481568 0.0566771 0.063773 0.0687334 0.0712555 0.0714445 0.0696453 0.0662771 0.0617489 0.056423 0.0505943 0.0444862 0.0382677 0.0320823 0.0260752 0.0204092 0.0152638 0.0108134 0.00719067 0.00444798
 0.0102748 0.0162961 0.0237822 0.0324076 0.0417219 0.0510771 0.0595742 0.0662354 0.0703659 0.0718104 0.0708992 0.0681834 0.0641982 0.0593669 0.0540008 0.0483224 0.0424871 0.0366075 0.03078 0.0251113 0.0197372 0.0148227 0.0105413 0.00703332 0.00436307
 0.010244 0.0163307 0.0239914 0.0329459 0.0427503 0.0526968 0.061761 0.0688079 0.0730044 0.0741237 0.0725192 0.0688608 0.0638674 0.0581531 0.052165 0.0461746 0.0403078 0.0346035 0.0290744 0.0237547 0.0187248 0.0141138 0.0100762 0.00674818 0.00420041
 0.0101516 0.0161888 0.0237991 0.0327235 0.0425537 0.0526294 0.0619683 0.0694415 0.0741551 0.075752 0.0744251 0.0707205 0.0653292 0.0589486 0.0521884 0.0454977 0.0391338 0.0331878 0.0276508 0.0224897 0.0177058 0.0133605 0.00956238 0.00642453 0.00401234
 0.00993387 0.0158557 0.0233372 0.0321363 0.0418634 0.0518801 0.0612335 0.0688304 0.0738082 0.0758135 0.0749934 0.0717932 0.0667704 0.0605077 0.0535725 0.0464679 0.0395796 0.0331448 0.0272606 0.0219319 0.0171363 0.0128781 0.00920644 0.00619078 0.00387434
 0.00974085 0.0155553 0.0229107 0.0315769 0.0411794 0.0510979 0.0604022 0.0680227 0.0731153 0.0753351 0.0748252 0.0720099 0.0674006 0.0615059 0.0548054 0.0477357 0.0406733 0.0339148 0.027661 0.022017 0.0170189 0.0126767 0.00900742 0.0060372 0.00377457
 0.0097181 0.0155063 0.0228148 0.0314076 0.0409107 0.0507151 0.0599114 0.0674546 0.0725213 0.0747792 0.0743761 0.071736 0.0673629 0.0617436 0.0553159 0.0484584 0.0414917 0.0346862 0.0282636 0.0223906 0.0171756 0.0126794 0.0089331 0.00594679 0.00370094
 0.00967509 0.0154383 0.0227153 0.03127 0.040727 0.0504757 0.0596073 0.0670824 0.0720904 0.0743168 0.0739277 0.0713598 0.0671196 0.0616854 0.0554742 0.0488315 0.0420361 0.035319 0.0288818 0.0229029 0.0175314 0.0128785 0.0090129 0.00595722 0.00368357
 0.00960956 0.0153389 0.0225789 0.0310983 0.0405256 0.0502521 0.059369 0.066836 0.0718403 0.0740657 0.0736805 0.0711283 0.0669275 0.0615674 0.0554686 0.0489674 0.0423193 0.0357224 0.029348 0.0233593 0.0179143 0.0131529 0.00917834 0.00603833 0.00371306
 0.0095608 0.015272 0.0225012 0.0310237 0.0404705 0.0502279 0.0593765 0.0668639 0.0718686 0.0740717 0.0736445 0.0710393 0.0667874 0.0613944 0.0552962 0.0488377 0.0422705 0.0357749 0.0294944 0.0235658 0.0181334 0.013342 0.0093137 0.00611826 0.00375075
 0.00957935 0.0152925 0.0225147 0.0310179 0.0404349 0.0501617 0.0592924 0.0667851 0.0718178 0.0740591 0.073662 0.071064 0.0667932 0.0613635 0.0552276 0.0487483 0.0421897 0.0357332 0.029511 0.0236402 0.0182457 0.013463 0.00941764 0.00619177 0.00379376
 0.00964687 0.0153964 0.0226593 0.0312011 0.0406467 0.0503826 0.0594954 0.0669405 0.0719027 0.0740663 0.0736012 0.0709548 0.0666535 0.061203 0.0550494 0.0485564 0.0419956 0.0355567 0.0293733 0.0235551 0.0182132 0.0134697 0.00944402 0.00622062 0.00381544
 0.00958365 0.0153043 0.0225408 0.0310659 0.0405096 0.0502597 0.0593999 0.0668804 0.0718795 0.0740757 0.0736356 0.0710065 0.0667174 0.0612757 0.0551264 0.0486311 0.0420613 0.0356109 0.0294199 0.0236015 0.0182651 0.013527 0.0095009 0.00626959 0.00385164
 0.00968047 0.0154399 0.0227049 0.031236 0.0406583 0.050366 0.0594571 0.0668963 0.0718689 0.074051 0.073601 0.0709593 0.0666528 0.0611921 0.0550276 0.0485244 0.0419551 0.0355121 0.0293344 0.023534 0.018219 0.0135024 0.00949383 0.00627341 0.00385959
 0.00983059 0.0156592 0.022988 0.03156 0.0409862 0.0506551 0.0596678 0.067 0.0718551 0.073931 0.0734058 0.0707289 0.0664224 0.0609829 0.0548461 0.048368 0.0418192 0.0353939 0.0292338 0.0234526 0.0181582 0.013462 0.00947125 0.006264 0.00385795
 0.00986481 0.0157343 0.0231355 0.0318169 0.0413805 0.0511852 0.0602877 0.0676223 0.0723753 0.0742618 0.0735039 0.0706021 0.0661185 0.0605689 0.0543871 0.0479145 0.0414022 0.0350288 0.0289258 0.0232023 0.0179636 0.0133191 0.0093735 0.00620249 0.00382277
 0.00988633 0.0157826 0.0232335 0.0319964 0.0416765 0.0516256 0.0608793 0.0683386 0.0731517 0.075001 0.0740942 0.0709469 0.0661647 0.0603222 0.0539065 0.0472888 0.040723 0.0343701 0.0283363 0.0227072 0.0175708 0.0130247 0.00916622 0.00606652 0.0037404
 0.00962117 0.0153716 0.022655 0.0312498 0.0407907 0.0506652 0.0599488 0.0675724 0.0726846 0.0749273 0.0744336 0.0716348 0.0670717 0.0612935 0.0548053 0.0480276 0.041272 0.0347456 0.0285778 0.0228572 0.0176633 0.0130825 0.00920305 0.00609015 0.00375534
 0.00955519 0.0152413 0.022417 0.0308518 0.0401865 0.0498398 0.0589398 0.0664776 0.0716466 0.0741019 0.0739536 0.0715781 0.0674419 0.0620175 0.0557528 0.0490474 0.0422318 0.0355596 0.0292132 0.0233223 0.0179879 0.0133012 0.00934579 0.00618004 0.00380936
 0.00975411 0.0155307 0.0227873 0.0312662 0.0405834 0.0501412 0.0590647 0.066359 0.0712539 0.0734622 0.0731581 0.070765 0.0667581 0.0615756 0.0555996 0.0491567 0.0425227 0.03593 0.0295744 0.0236195 0.0182029 0.0134415 0.00943019 0.00622773 0.00383506
 0.00978964 0.015612 0.0229511 0.0315557 0.0410306 0.0507417 0.0597578 0.0670301 0.0717631 0.0736883 0.0730386 0.0703161 0.0660705 0.0607879 0.054858 0.0485738 0.0421507 0.0357572 0.0295455 0.0236662 0.0182694 0.0134964 0.00946426 0.00624427 0.00384112
 0.00969383 0.0154833 0.0228089 0.0314393 0.0409935 0.0508386 0.0600285 0.0674824 0.0723591 0.0743405 0.0736235 0.070708 0.0661837 0.0606084 0.0544481 0.0480469 0.0416286 0.0353308 0.0292539 0.0235004 0.0181932 0.0134694 0.00945702 0.0062417 0.00383845
 0.00946329 0.0151191 0.0222831 0.03074 0.0401356 0.0498763 0.0590632 0.0666539 0.0718135 0.0741843 0.0738848 0.071324 0.0670199 0.0615022 0.0552596 0.0486963 0.0421059 0.0356763 0.0295234 0.0237351 0.018408 0.013659 0.00961022 0.00635273 0.00391023
 0.00947325 0.0151199 0.0222553 0.0306543 0.0399584 0.0495807 0.0586419 0.0661296 0.0712433 0.0736543 0.0734931 0.0711524 0.067105 0.0618182 0.055726 0.049208 0.0425721 0.0360477 0.0297957 0.0239322 0.0185583 0.0137808 0.00970908 0.00642819 0.00396234
 0.00954009 0.0152301 0.0224224 0.0308873 0.0402541 0.049915 0.0589641 0.0663693 0.071331 0.0735487 0.0732019 0.0707349 0.0666539 0.061428 0.0554603 0.0490818 0.0425554 0.0360887 0.029848 0.0239713 0.0185812 0.013795 0.00972166 0.00644129 0.00397456
 0.00962847 0.0153589 0.0225893 0.0310821 0.0404636 0.0501286 0.0591764 0.0665743 0.0715133 0.0736779 0.0732382 0.0706467 0.0664372 0.061116 0.0551144 0.0487681 0.0423195 0.0359424 0.0297747 0.0239425 0.0185723 0.0137927 0.00972165 0.00644299 0.00397753
 0.00969596 0.0154721 0.022765 0.0313351 0.0408005 0.050539 0.0596278 0.0670162 0.0718905 0.0739462 0.0733725 0.0706383 0.0662886 0.0608394 0.0547369 0.0483336 0.0418819 0.0355508 0.029459 0.0237091 0.0184106 0.0136853 0.00965256 0.00640035 0.00395286
 0.00981554 0.0156827 0.0231108 0.0318644 0.0415505 0.051514 0.0607787 0.0682368 0.0730364 0.0748694 0.0739566 0.0708212 0.0660685 0.0602669 0.0538975 0.0473296 0.0408168 0.0345177 0.0285308 0.0229315 0.0178004 0.0132354 0.00934065 0.00619746 0.00382977
 0.00934619 0.0149678 0.0221283 0.0306359 0.0401469 0.0500567 0.0594347 0.0671974 0.072473 0.07488 0.07453 0.0718409 0.0673521 0.0616199 0.0551586 0.0483958 0.0416471 0.0351214 0.0289476 0.0232113 0.0179883 0.0133639 0.00942952 0.0062579 0.00386887
 0.0092794 0.0148451 0.0219181 0.0303018 0.039659 0.0494089 0.0586612 0.0663786 0.0717244 0.0743267 0.0742746 0.0719353 0.067781 0.062303 0.0559732 0.0492122 0.0423619 0.0356772 0.0293346 0.0234539 0.0181267 0.0134373 0.00946742 0.00627814 0.00388042
 0.00912692 0.0146342 0.0216674 0.030047 0.0394367 0.0492344 0.058515 0.0662146 0.071498 0.0740271 0.0739417 0.0716495 0.0676323 0.0623538 0.0562333 0.0496352 0.0428644 0.0361697 0.0297494 0.0237599 0.0183262 0.0135533 0.00952828 0.00630759 0.00389407
 0.00864596 0.0139068 0.0206767 0.0288205 0.0380461 0.0477887 0.0571498 0.0650725 0.0706968 0.0736276 0.073936 0.0719807 0.0682297 0.0631604 0.0572077 0.050735 0.04403 0.0373221 0.030806 0.0246552 0.0190274 0.0140621 0.00987164 0.00652365 0.00402098
#obs surv len freq
 nan nan nan nan nan nan nan nan nan nan nan nan nan nan nan nan nan nan nan nan nan nan nan nan nan
 0.00448279 0.00734316 0.0111721 0.0159874 0.0216873 0.0279622 0.0342761 0.0400075 0.0446877 0.0481526 0.0505119 0.0520093 0.052903 0.0534168 0.0537321 0.0539879 0.054267 0.0545602 0.0546992 0.0542912 0.0527292 0.049361 0.0438103 0.0362896 0.0276724
 0.00461704 0.00756309 0.0115058 0.0164611 0.0223186 0.0287506 0.0351926 0.0409928 0.0456598 0.0490235 0.0512042 0.0524677 0.0530998 0.0533515 0.0534276 0.0534817 0.0536032 0.0537817 0.0538453 0.053399 0.0518377 0.0485137 0.0430522 0.0356591 0.0271905
 0.00477591 0.00782419 0.011904 0.0170308 0.0230869 0.0297264 0.0363551 0.0422857 0.046997 0.0503026 0.0523221 0.0533334 0.0536442 0.0535345 0.0532413 0.0529485 0.0527688 0.052706 0.052595 0.0520446 0.0504547 0.0471827 0.0418532 0.0346581 0.0264241
 0.00497182 0.00814222 0.012382 0.0177041 0.0239825 0.0308529 0.037692 0.043778 0.0485608 0.0518378 0.0537247 0.0545048 0.0544968 0.0539982 0.0532706 0.0525285 0.0519175 0.0514725 0.0510552 0.0502963 0.0486135 0.045376 0.0402066 0.0332741 0.0253604
 0.00518497 0.00849289 0.0129173 0.0184701 0.0250148 0.0321621 0.0392491 0.0455107 0.0503649 0.0535981 0.0553328 0.0558666 0.0555319 0.0546376 0.0534573 0.0522226 0.0511044 0.0501714 0.0493257 0.0482416 0.0463773 0.0431305 0.0381284 0.0315103 0.0239966
 0.0053995 0.00884605 0.0134573 0.0192453 0.0260652 0.0335054 0.0408651 0.0473347 0.052295 0.0555132 0.0571116 0.0574004 0.0567303 0.0554285 0.0537835 0.0520394 0.0503821 0.048905 0.0475499 0.0460457 0.0439112 0.0405939 0.035739 0.0294571 0.0223958
 0.00564593 0.00924674 0.0140607 0.020097 0.0272002 0.0349354 0.0425649 0.0492365 0.0542967 0.0574961 0.0589581 0.0590038 0.057999 0.0562869 0.0541711 0.0519085 0.0496978 0.0476512 0.0457448 0.0437621 0.0412927 0.0378509 0.0331156 0.0271759 0.0206013
 0.0058827 0.00963491 0.0146508 0.0209383 0.0283307 0.0363671 0.0442689 0.0511385 0.0562887 0.0594579 0.0607765 0.060582 0.0592567 0.0571568 0.0545956 0.0518378 0.0490901 0.0464801 0.0440139 0.041528 0.0386858 0.035077 0.0304266 0.0248108 0.0187238
 0.00614158 0.0100593 0.0152959 0.0218574 0.0295644 0.0379263 0.046118 0.0531895 0.0584142 0.0615171 0.0626394 0.0621441 0.0604424 0.0579152 0.0548917 0.0516439 0.0483805 0.0452345 0.0422324 0.0392567 0.0360416 0.0322559 0.0276776 0.0223787 0.0167818
 0.0063725 0.0104408 0.0158817 0.0227013 0.0307106 0.0393922 0.0478768 0.0551635 0.0604853 0.0635481 0.0644972 0.0637142 0.0616368 0.0586736 0.0551781 0.0514386 0.0476719 0.0440159 0.0405116 0.0370774 0.0335094 0.0295499 0.0250313 0.0200267 0.0148945
 0.00661113 0.0108295 0.0164682 0.023531 0.0318185 0.0407899 0.0495385 0.0570197 0.0624306 0.0654595 0.0662524 0.0652048 0.0627747 0.0593944 0.0554405 0.051221 0.0469664 0.0428252 0.0388531 0.0349995 0.0311125 0.0269985 0.022539 0.0178096 0.013112
 0.00684276 0.0112104 0.0170489 0.0243606 0.0329333 0.0421974 0.0512016 0.0588531 0.0643152 0.0672674 0.0678688 0.0665385 0.0637585 0.0599811 0.0555999 0.0509361 0.0462315 0.0416455 0.0372502 0.0330238 0.0288603 0.0246209 0.0202286 0.0157601 0.0114658
 0.00707881 0.0115965 0.0176345 0.0251924 0.034046 0.0435982 0.0528543 0.0606724 0.0661785 0.0690382 0.0694215 0.0677742 0.0646115 0.0604172 0.0556089 0.0505229 0.0454082 0.0404291 0.0356686 0.0311283 0.0267412 0.0224146 0.0181054 0.0138891 0.00996941
 0.00730805 0.0119743 0.0182119 0.0260192 0.0351589 0.0450036 0.0545114 0.0624889 0.068024 0.0707713 0.0709144 0.0689278 0.0653612 0.0607321 0.0554871 0.0499835 0.0444818 0.0391521 0.0340835 0.0292929 0.0247418 0.020373 0.0161687 0.0122001 0.0086285
 0.00745296 0.0122159 0.0185873 0.0265675 0.0359152 0.045987 0.0557122 0.0638613 0.0694894 0.0722296 0.0722582 0.0700562 0.0661904 0.0612035 0.055571 0.0496767 0.0438029 0.038135 0.0327749 0.0277552 0.0230594 0.0186562 0.0145444 0.0107877 0.00751022
 0.00754611 0.0123658 0.0188108 0.0268811 0.0363346 0.0465255 0.0563762 0.0646467 0.0703777 0.0731863 0.0732328 0.0709837 0.0669967 0.0618145 0.0559227 0.0497246 0.0435269 0.0375404 0.0318916 0.0266371 0.021785 0.0173259 0.0132702 0.00967272 0.00662451
 0.00759426 0.0124407 0.0189174 0.0270229 0.0365142 0.0467459 0.0566423 0.064965 0.0707561 0.0736322 0.0737477 0.0715565 0.0675975 0.0623926 0.0564121 0.0500553 0.0436384 0.0373945 0.0314803 0.0259864 0.0209538 0.0163999 0.0123482 0.00884682 0.00595901
 0.00764641 0.0125176 0.0190184 0.0271426 0.0366441 0.0468778 0.0567713 0.0650914 0.0708869 0.0737801 0.0739297 0.071789 0.0678884 0.0627338 0.0567738 0.0503873 0.0438787 0.0374833 0.0313761 0.0256788 0.0204696 0.0157993 0.0117117 0.00825426 0.00546987
 0.00772636 0.012637 0.0191782 0.0273358 0.0368566 0.0470912 0.0569653 0.0652477 0.0709929 0.0738349 0.073946 0.0717907 0.0679039 0.062786 0.0568714 0.0505184 0.04401 0.0375672 0.0313635 0.0255365 0.0201934 0.0154183 0.0112802 0.00783486 0.00511352
 0.00777273 0.0127149 0.0192994 0.0275106 0.0370899 0.0473754 0.0572768 0.0655484 0.0712406 0.0739965 0.0740083 0.0717627 0.0678123 0.0626662 0.056757 0.0504311 0.0439529 0.0375227 0.0313 0.0254204 0.0200047 0.0151611 0.0109825 0.0075377 0.00485511
 0.00781277 0.0127705 0.0193662 0.0275803 0.0371543 0.0474326 0.0573334 0.0656168 0.07133 0.074105 0.0741207 0.0718573 0.0678709 0.0626834 0.0567412 0.0503993 0.0439205 0.0374949 0.031268 0.0253659 0.0199101 0.0150205 0.0108072 0.00735205 0.00468611
 0.00784168 0.0128162 0.0194318 0.0276663 0.0372571 0.0475426 0.0574364 0.0656971 0.0713782 0.0741226 0.0741195 0.0718515 0.0678688 0.0626836 0.0567367 0.0503844 0.043895 0.0374618 0.0312283 0.0253151 0.0198405 0.0149271 0.0106935 0.0072307 0.00457344
 0.007867 0.0128545 0.0194842 0.0277321 0.0373339 0.0476271 0.0575239 0.065781 0.0714498 0.0741728 0.0741421 0.0718467 0.0678435 0.062648 0.0566993 0.050349 0.0438608 0.0374262 0.0311884 0.0252682 0.0197833 0.014858 0.0106145 0.00714842 0.00449735
 0.00788372 0.0128777 0.0195117 0.0277596 0.037356 0.0476398 0.0575261 0.0657754 0.0714412 0.0741664 0.0741414 0.0718522 0.0678533 0.0626595 0.0567112 0.0503608 0.043872 0.037435 0.0311919 0.0252628 0.0197662 0.0148281 0.0105738 0.00710212 0.00445216
 0.0078964 0.0128978 0.019541 0.0277985 0.0374031 0.0476908 0.0575739 0.0658111 0.0714577 0.0741614 0.0741187 0.0718198 0.0678202 0.062632 0.0566916 0.0503485 0.0438649 0.0374306 0.0311873 0.0252549 0.0197525 0.0148072 0.0105465 0.00707141 0.00442225
 0.00790679 0.0129107 0.0195531 0.0278048 0.0373985 0.0476728 0.0575444 0.0657759 0.0714237 0.0741337 0.0740992 0.0718084 0.0678163 0.0626361 0.0567043 0.0503696 0.0438924 0.0374609 0.0312163 0.0252786 0.0197678 0.0148127 0.0105429 0.00706109 0.00440885
 0.00788079 0.0128709 0.0194977 0.0277335 0.0373124 0.047574 0.0574363 0.0656647 0.0713186 0.0740464 0.0740418 0.0717894 0.0678383 0.062695 0.0567915 0.0504745 0.0440049 0.0375722 0.0313191 0.0253673 0.0198385 0.0148638 0.0105753 0.00707809 0.00441508
 0.00787282 0.0128501 0.0194522 0.0276485 0.0371753 0.0473816 0.0572003 0.065411 0.0710805 0.0738546 0.0739168 0.07174 0.0678635 0.0627865 0.056936 0.0506553 0.0442042 0.0377731 0.0315076 0.0255328 0.0199744 0.0149677 0.0106484 0.00712488 0.00444179
 0.00786353 0.0128353 0.01943 0.027616 0.0371273 0.0473101 0.0570961 0.0652676 0.0709002 0.0736521 0.0737186 0.0715773 0.0677623 0.0627609 0.0569857 0.0507687 0.0443627 0.0379558 0.0316944 0.0257072 0.0201245 0.0150871 0.0107359 0.00718347 0.00447738
 0.00784304 0.0128011 0.0193772 0.0275399 0.0370251 0.0471829 0.0569497 0.0651117 0.0707451 0.073506 0.0735875 0.0714682 0.0676857 0.0627296 0.0570107 0.0508537 0.0445014 0.038133 0.0318899 0.0259005 0.0202986 0.0152308 0.0108447 0.00725889 0.00452495
 0.00781509 0.0127529 0.0192996 0.0274233 0.0368621 0.0469728 0.056702 0.0648469 0.0704906 0.0732892 0.0734289 0.0713781 0.0676649 0.0627728 0.0571111 0.0510042 0.0446943 0.0383573 0.0321302 0.0261384 0.020516 0.0154139 0.0109864 0.00735928 0.00458979
 0.00777889 0.0126933 0.0192087 0.0272931 0.0366865 0.0467499 0.0564375 0.0645557 0.0701959 0.0730193 0.0732122 0.0712374 0.0676136 0.0628127 0.0572332 0.0511932 0.0449319 0.0386253 0.0324105 0.0264128 0.0207671 0.0156275 0.0111542 0.00748021 0.00466929
 0.00775522 0.0126529 0.0191441 0.0271963 0.0365504 0.0465712 0.0562194 0.0643089 0.0699373 0.0727692 0.0729919 0.071067 0.0675104 0.0627884 0.0572917 0.051329 0.0451317 0.0388699 0.0326784 0.0266823 0.0210187 0.0158452 0.0113282 0.00760786 0.0047547
 0.00772781 0.0126093 0.0190802 0.0271088 0.0364366 0.0464299 0.0560519 0.0641201 0.069736 0.0725676 0.0728043 0.0709093 0.0673973 0.0627327 0.0573022 0.0514087 0.0452762 0.0390675 0.0329111 0.0269286 0.0212569 0.0160569 0.011501 0.00773688 0.00484243
 0.00931572 0.0148318 0.0217621 0.0298656 0.0387874 0.0479753 0.0566151 0.0637728 0.0687142 0.0711505 0.071226 0.0693283 0.0659066 0.0613827 0.0561193 0.0504058 0.0444564 0.0384256 0.0324334 0.0265939 0.0210387 0.0159266 0.0114312 0.00770459 0.00483042
 0.00930217 0.015103 0.0226871 0.0319017 0.0422804 0.0528913 0.0623699 0.069327 0.0729429 0.0732866 0.071113 0.0673603 0.0627553 0.0577089 0.0524102 0.0469501 0.0413946 0.0358106 0.0302724 0.0248691 0.0197157 0.0149578 0.0107591 0.00726647 0.00456433
 0.0089601 0.0145657 0.0219352 0.0309864 0.0413769 0.052334 0.062612 0.0707787 0.0757255 0.0770501 0.0750794 0.0706193 0.0646423 0.0580353 0.0514324 0.0451564 0.0392748 0.0337234 0.0284222 0.0233423 0.0185263 0.0140808 0.010149 0.00686862 0.00432298
 0.00877493 0.0142548 0.0214497 0.0302787 0.0404191 0.0511516 0.0613262 0.0696335 0.0750664 0.077228 0.0762943 0.0727746 0.0673138 0.060609 0.0533515 0.0461322 0.0393437 0.0331477 0.0275289 0.0223998 0.0176972 0.0134327 0.00968701 0.00656526 0.00413929
 0.00870489 0.0141341 0.0212546 0.0299801 0.039986 0.0505589 0.0605684 0.068742 0.074129 0.0764014 0.075793 0.0728166 0.0680254 0.0619322 0.055022 0.0477651 0.04059 0.0338277 0.027668 0.0221636 0.0172879 0.0130096 0.00933825 0.00631773 0.00398328
 0.00869128 0.0141083 0.0212083 0.0299013 0.0398593 0.0503668 0.0602934 0.0683706 0.0736589 0.0758532 0.0752247 0.0723321 0.0677622 0.0620185 0.0555114 0.048587 0.041556 0.0347044 0.0282763 0.0224431 0.0172931 0.0128548 0.00913449 0.00613689 0.00385366
 0.00867413 0.0140814 0.0211694 0.0298484 0.0397899 0.0502771 0.0601778 0.0682216 0.0734676 0.0756126 0.0749357 0.0720128 0.067458 0.0618018 0.0554652 0.0487677 0.0419557 0.0352384 0.0288122 0.0228598 0.01753 0.0129238 0.00909411 0.00605283 0.00377199
 0.00868114 0.014089 0.0211739 0.029844 0.0397705 0.0502384 0.0601188 0.0681442 0.073374 0.0755023 0.0748051 0.0718581 0.0672824 0.0616239 0.055322 0.0487078 0.0420182 0.0354288 0.0290907 0.0231544 0.0177699 0.0130699 0.00914848 0.00604558 0.00373858
 0.00867376 0.014082 0.0211722 0.0298544 0.0397984 0.0502839 0.0601742 0.0681948 0.0734033 0.0754979 0.0747614 0.0717764 0.0671681 0.0614865 0.0551775 0.0485809 0.0419388 0.0354212 0.0291595 0.0232779 0.0179084 0.0131844 0.00921788 0.00607104 0.00373542
 0.00863447 0.0140223 0.0210907 0.0297535 0.0396854 0.0501706 0.0600756 0.0681262 0.0733751 0.0755105 0.0748046 0.0718326 0.0672197 0.0615215 0.0551924 0.0485817 0.0419397 0.0354396 0.0292086 0.0233589 0.0180081 0.0132814 0.00929354 0.00611733 0.00375587
 0.00860936 0.0139793 0.0210222 0.0296521 0.0395467 0.0499973 0.0598808 0.0679333 0.0732123 0.075403 0.0747667 0.0718643 0.0673071 0.0616422 0.0553236 0.0487062 0.0420502 0.0355382 0.0293027 0.0234547 0.0181053 0.0133729 0.00936967 0.00617163 0.00378821
 0.00863277 0.0140133 0.0210654 0.0296997 0.0395903 0.0500263 0.0598839 0.0679015 0.073143 0.0753027 0.0746515 0.0717552 0.0672231 0.0615941 0.0553108 0.04872 0.042079 0.0355734 0.0293408 0.0234959 0.01815 0.0134189 0.00941196 0.00620535 0.003811
 0.00863152 0.0140132 0.0210688 0.0297095 0.0396087 0.0500526 0.0599131 0.0679247 0.0731495 0.0752843 0.0746054 0.0716866 0.0671444 0.0615208 0.0552567 0.0486926 0.042078 0.0355928 0.0293728 0.0235341 0.0181902 0.0134579 0.00944693 0.00623364 0.0038312
 0.00861444 0.0139896 0.021041 0.0296825 0.0395891 0.0500464 0.059924 0.0679523 0.0731889 0.0753265 0.0746396 0.0717028 0.0671373 0.0614923 0.0552153 0.0486502 0.0420455 0.0355763 0.0293729 0.0235474 0.0182117 0.0134827 0.0094709 0.00625399 0.00384643
 0.00862186 0.0139985 0.0210488 0.0296854 0.0395838 0.0500328 0.0599062 0.067938 0.0731861 0.0753394 0.0746661 0.071735 0.0671645 0.0615052 0.0552097 0.0486282 0.0420145 0.0355455 0.0293499 0.0235358 0.0182111 0.0134899 0.00948204 0.00626553 0.00385611
 0.00862186 0.0139985 0.0210488 0.0296854 0.0395838 0.0500328 0.0599062 0.067938 0.0731861 0.0753394 0.0746661 0.071735 0.0671645 0.0615052 0.0552097 0.0486282 0.0420145 0.0355455 0.0293499 0.0235358 0.0182111 0.0134899 0.00948204 0.00626553 0.00385611
 0.00874574 0.0141946 0.0213329 0.0300656 0.0400553 0.050572 0.0604671 0.0684564 0.0735945 0.0755858 0.0747278 0.0716202 0.0669036 0.0611391 0.0547803 0.0481734 0.0415665 0.0351301 0.0289862 0.0232354 0.0179774 0.0133194 0.00936583 0.0061919 0.00381298
 0.00850331 0.0138281 0.0208343 0.0294496 0.0393602 0.0498568 0.0598073 0.0679343 0.0732813 0.075522 0.0749099 0.0720044 0.0674219 0.061719 0.0553598 0.0487083 0.0420312 0.0355153 0.0292939 0.0234742 0.0181584 0.0134532 0.00946145 0.00625715 0.00385484
 0.00842609 0.013675 0.020555 0.028986 0.0386674 0.0489337 0.0587201 0.0668145 0.0722936 0.0748151 0.0745773 0.0720674 0.0678367 0.0623975 0.0561949 0.0495965 0.0428886 0.036285 0.0299459 0.0239999 0.0185635 0.0137517 0.00967099 0.00639628 0.00394141
 0.00851412 0.0138121 0.0207471 0.0292265 0.0389293 0.0491631 0.0588393 0.066742 0.0719788 0.0742723 0.0738939 0.071378 0.0672756 0.0620547 0.0560961 0.0497095 0.0431468 0.0366137 0.0302819 0.0243009 0.0188087 0.0139368 0.0098016 0.00648267 0.00399484
 0.00853074 0.0138513 0.0208282 0.0293736 0.0391631 0.049488 0.0592305 0.0671404 0.0723001 0.074428 0.0738219 0.0710692 0.0667845 0.061485 0.0555651 0.0493087 0.0429168 0.0365434 0.0303269 0.0244072 0.0189311 0.0140466 0.00988648 0.00654134 0.00403175
 0.00855554 0.013894 0.0208973 0.0294801 0.0393197 0.0497066 0.0595174 0.0674899 0.0726867 0.0748035 0.074119 0.0712174 0.0667338 0.0612293 0.0551504 0.04882 0.0424485 0.0361672 0.0300736 0.0242688 0.0188766 0.0140403 0.00990028 0.00655867 0.00404556
 0.00841458 0.0136742 0.0205853 0.0290731 0.0388299 0.0491664 0.0589821 0.0670336 0.072387 0.0747184 0.0742658 0.0715638 0.0672053 0.0617313 0.0555985 0.0491658 0.0426889 0.0363337 0.0302082 0.0244015 0.0190156 0.0141768 0.0100199 0.00665134 0.00410912
 0.0084368 0.0136931 0.020582 0.0290196 0.0386971 0.0489359 0.0586582 0.066647 0.0719899 0.074373 0.0740303 0.0714786 0.0672819 0.0619465 0.0559005 0.0494901 0.0429811 0.0365655 0.0303803 0.0245318 0.0191237 0.014273 0.0101046 0.00672022 0.0041593
 0.00853345 0.0138541 0.0208291 0.0293695 0.0391505 0.0494643 0.0591966 0.067103 0.0722715 0.0744226 0.0738473 0.0711167 0.0668265 0.0614846 0.0554945 0.049167 0.0427358 0.0363766 0.0302267 0.0244035 0.0190207 0.0141987 0.0100587 0.00669715 0.00415087
 0.00850744 0.013822 0.0208006 0.0293621 0.0391871 0.0495679 0.0593818 0.067367 0.0725868 0.0747372 0.074096 0.0712436 0.0668067 0.0613341 0.0552619 0.0489111 0.0425031 0.03619 0.0300876 0.0243024 0.0189478 0.0141476 0.0100258 0.00667904 0.00414312
 0.00860715 0.0139743 0.0210114 0.0296307 0.0395067 0.0499276 0.0597669 0.0677587 0.0729621 0.0750685 0.0743511 0.0713875 0.0668087 0.0611784 0.0549583 0.0484976 0.0420363 0.0357277 0.0296736 0.0239598 0.0186817 0.0139522 0.0098905 0.00659155 0.004091
 0.00876022 0.0142273 0.0213981 0.0301803 0.0402322 0.0508097 0.060743 0.0687271 0.0738062 0.0756897 0.0746925 0.0714382 0.0665912 0.0607328 0.0543321 0.0477433 0.0412127 0.0348974 0.0288959 0.0232811 0.0181283 0.0135303 0.00958984 0.00639202 0.00396842
 0.0084708 0.0137829 0.020781 0.0293993 0.0393292 0.0498641 0.0598699 0.0680607 0.0734651 0.0757373 0.0751145 0.0721498 0.0674685 0.0616488 0.0551819 0.0484567 0.0417559 0.0352699 0.0291223 0.0233997 0.0181791 0.0135457 0.00959093 0.0063896 0.00396651
 0.00848895 0.013778 0.0207108 0.0292058 0.0389571 0.0492888 0.0591215 0.0672296 0.0726818 0.0751373 0.0748014 0.0721702 0.0678035 0.0622234 0.0558886 0.0491839 0.042413 0.0358012 0.0295089 0.0236527 0.0183273 0.013623 0.00962666 0.00640438 0.00397221
