SBPRF35
7.78865
Curr Bio
537342
B35
674650
F35
0.212505
FOFL
0.165083
OFL
69391
Bzero
2.22533e+006
#pred survey bio
 4.66204e+006 4.40476e+006 4.1555e+006 3.86895e+006 3.55623e+006 3.22922e+006 2.91508e+006 2.59475e+006 2.29999e+006 2.0425e+006 1.82934e+006 1.59874e+006 1.4161e+006 1.24968e+006 1.12349e+006 999530 893703 806248 743261 692925 662620 639706 619727 607124 601117 595136 600058 603728 608331 594637 595491 592367 577813 579707 574449 560932 568905 567455 567644 581025 582803 594057 599217 605965 610104 613168 612833 619434 619383 615930 603572 556792 530755 493474 497161 519378 530750 541814 529067 547813 546757 555310 576706 584909 557178 545119 542168 1.87627e+007 1.10828e+007 1.12111e+007 1.18688e+007 1.28129e+007 1.38077e+007 1.47119e+007 1.54652e+007 1.60587e+007 1.65092e+007 1.68429e+007 1.70863e+007 1.72623e+007 1.73889e+007 1.748e+007 1.75456e+007 1.75932e+007 1.76278e+007 1.76532e+007 1.76718e+007 1.76857e+007 1.7696e+007 1.77038e+007 1.77096e+007 1.77141e+007 1.77174e+007 1.772e+007 1.77219e+007 1.77234e+007 1.77246e+007 1.77254e+007 1.77261e+007 1.77266e+007 1.7727e+007 1.77274e+007 1.77276e+007 1.77278e+007 1.77279e+007 1.7728e+007 1.77281e+007 1.77282e+007 1.77282e+007 1.77283e+007 1.77283e+007 1.77283e+007 1.77283e+007 1.77284e+007 1.77284e+007 1.77284e+007 1.77284e+007 1.77284e+007 1.77284e+007 1.77284e+007 1.77284e+007 1.77284e+007 1.77284e+007 1.77284e+007 1.77284e+007 1.77284e+007 1.77284e+007 1.77284e+007 1.77284e+007 1.77284e+007 1.77284e+007 1.77284e+007 1.77284e+007 1.77284e+007 1.77284e+007 1.77284e+007 1.77284e+007 1.77284e+007 1.77284e+007 1.77284e+007 1.77284e+007 1.77284e+007 1.77284e+007 1.77284e+007 1.77284e+007 1.77284e+007 1.77284e+007 1.77284e+007 1.77284e+007 1.77284e+007 1.77284e+007 1.77284e+007 1.77284e+007 1.77284e+007 1.77284e+007 1.77284e+007 1.77284e+007 1.77284e+007 1.77284e+007 1.77284e+007 1.77284e+007 1.77284e+007 1.77284e+007 1.77284e+007 1.77284e+007 1.77284e+007 1.77284e+007 0 0 0 0 0 0 0 0 0 0 0 0 0 0 0 0 0 0 0 0 0 0 0 0 0
#obs survey bio
 4.01418e+006 4.25685e+006 3.47236e+006 2.56424e+006 2.18978e+006 2.41352e+006 2.00341e+006 2.24356e+006 1.79192e+006 1.99609e+006 1.89454e+006 1.32137e+006 1.38437e+006 1.29155e+006 1.00066e+006 1.02697e+006 555974 555952 642576 449285 572226 519280 473653 490290 355422 517109 513130 537566 712499 475488 566835 443556 478484 607662 468097 470670 627395 657112 667824 900253 474820 579812 545879 657288 594459 516652 502392 808638 719198 513682 649556 590694 479505 450666 441255 442458 573701 570690 468082 466245 580741 541304 548072 564580 537525 599206 686843
#pred catch bio
 99398.8 96488.5 145018 192363 234820 255147 292680 299107 290856 271317 301308 268614 260075 228473 228129 211716 193912 170388 156549 136717 128222 123994 116602 110383 109740 99923 99971.1 97462.9 110062 95304.6 96782.3 103860 87782.1 91678.3 95812.4 77688.1 89628.5 92239.6 83308 93449.9 85416.1 90521.5 88878.3 90655.6 90890.3 92971.6 86661.2 91840.7 93870.3 100196 126947 107938 117573 84396.9 71356.3 81184.3 80955.1 99585.9 72872.6 90249.8 82450.4 72656.4 84446.1 113440 98088.1 88278.8 86984.4 69391 85700.8 85291.2 88961.7 95537.6 102736 109242 114548 118602 121562 123651 125090 126061 126708 127133 127410 127589 127704 127778 127825 127855 127874 127885 127893 127898 127901 127903 127904 127905 127905 127905 127905 127906 127906 127906 127906 127906 127906 127906 127906 127906 127906 127906 127906 127906 127906 127906 127906 127906 127906 127906 127906 127906 127906 127906 127906 127906 127906 127906 127906 127906 127906 127906 127906 127906 127906 127906 127906 127906 127906 127906 127906 127906 127906 127906 127906 127906 127906 127906 127906 127906 127906 127906 127906 127906 127906 127906 127906 127906 127906 127906 127906 127906 127906 127906 127906 127906 127906 127906 127906 0 0 0 0 0 0 0 0 0 0 0 0 0 0 0 0 0 0 0 0 0 0 0 0 0
#obs catch bio
 0 96244.8 145611 193665 237672 258492 298736 306142 298054 278418 310347 276356 267168 232789 233904 216080 198514 174367 160685 140040 130935 126435 119484 112818 112737 102043 102124 99066.8 111787 96478.6 98144 105603 88768.2 92794 97426.7 78444.5 90556.4 93160.8 83544.5 93417.9 85510.9 90654.5 88977.6 90730.4 90877.3 93098.3 86483.9 91650.8 93535 99881.6 127239 106967 117610 84422.4 71375.5 81533.1 80932 100476 72652.3 90722.2 82881.7 72693.9 84406.5 114216 98360.9 88260.8 86982.7
#pred cpue bio
 4.59101e+006 4.33867e+006 4.09281e+006 3.80738e+006 3.49559e+006 3.16984e+006 2.85697e+006 2.53828e+006 2.2453e+006 1.98955e+006 1.77812e+006 1.55022e+006 1.36996e+006 1.20609e+006 1.0817e+006 959796 856039 770509 709140 660370 631148 609080 589671 577405 571604 565899 570961 575003 580056 567253 568397 565723 551932 554118 549524 536816 544017 541116 540404 553654 555862 566984 572132 578827 583026 586202 586029 592547 592635 589393 577454 531821 505881 468902 471988 493782 505435 516569 504318 522457 521355 529638 550580 558693 531704 520040 517803 1.79593e+007 1.06207e+007 1.06346e+007 1.11585e+007 1.20562e+007 1.30404e+007 1.39425e+007 1.46954e+007 1.52888e+007 1.57393e+007 1.60731e+007 1.63165e+007 1.64924e+007 1.6619e+007 1.67101e+007 1.67758e+007 1.68233e+007 1.68579e+007 1.68833e+007 1.6902e+007 1.69158e+007 1.69261e+007 1.69339e+007 1.69397e+007 1.69442e+007 1.69475e+007 1.69501e+007 1.6952e+007 1.69535e+007 1.69547e+007 1.69556e+007 1.69562e+007 1.69567e+007 1.69572e+007 1.69575e+007 1.69577e+007 1.69579e+007 1.6958e+007 1.69581e+007 1.69582e+007 1.69583e+007 1.69583e+007 1.69584e+007 1.69584e+007 1.69584e+007 1.69585e+007 1.69585e+007 1.69585e+007 1.69585e+007 1.69585e+007 1.69585e+007 1.69585e+007 1.69585e+007 1.69585e+007 1.69585e+007 1.69585e+007 1.69585e+007 1.69585e+007 1.69585e+007 1.69585e+007 1.69585e+007 1.69585e+007 1.69585e+007 1.69585e+007 1.69585e+007 1.69585e+007 1.69585e+007 1.69585e+007 1.69585e+007 1.69585e+007 1.69585e+007 1.69585e+007 1.69585e+007 1.69585e+007 1.69585e+007 1.69585e+007 1.69585e+007 1.69585e+007 1.69585e+007 1.69585e+007 1.69585e+007 1.69585e+007 1.69585e+007 1.69585e+007 1.69585e+007 1.69585e+007 1.69585e+007 1.69585e+007 1.69585e+007 1.69585e+007 1.69585e+007 1.69585e+007 1.69585e+007 1.69585e+007 1.69585e+007 1.69585e+007 1.69585e+007 1.69585e+007 1.69585e+007 1.69585e+007 0 0 0 0 0 0 0 0 0 0 0 0 0 0 0 0 0 0 0 0 0 0 0 0 0
#obs cpue bio
 4.06698e+006 2.99056e+006 2.1704e+006 3.38716e+006 2.6638e+006 3.51006e+006 2.33835e+006 2.05769e+006 2.22675e+006 1.1549e+006 1.83786e+006 1.15414e+006 1.36497e+006 1.25944e+006 737506 900389 846353 727641 483618 658405 615565 611592 366545 547478 499895 541282 498422 614435 604377 501456 454501 637015 536252 483882 468750 513047 628075 436224 573993 602736 474604 642299 589400 562102 633575 655279 841679 519395 573057 640766 491981 815257 431950 397550 462888 528132 531694 367311 711278 508746 381751 611029 690208 473376 534667 562633 432861
#pred surv len freq
 0.00493364 0.00802418 0.0121028 0.0171589 0.0230757 0.0295476 0.0360524 0.0419769 0.0468473 0.0504856 0.05299 0.0546016 0.0555785 0.0561253 0.0563613 0.0563113 0.0559182 0.0550684 0.0536082 0.0513378 0.0480097 0.0433886 0.0374018 0.0303141 0.0227802
 0.00527204 0.00845044 0.0125208 0.0174169 0.023025 0.0291263 0.0353393 0.0411713 0.0461742 0.050084 0.0528519 0.0545957 0.0555343 0.0559259 0.0560006 0.0558954 0.0556165 0.0550364 0.0539144 0.051929 0.0487333 0.0440623 0.0378914 0.0305767 0.0228559
 0.00557248 0.00895056 0.0132856 0.0184886 0.0243852 0.0306542 0.0368025 0.0422818 0.0467035 0.0499724 0.0522312 0.0537024 0.054576 0.0549965 0.055091 0.0549717 0.0546947 0.0541991 0.053266 0.0515282 0.0485547 0.0440114 0.0378601 0.0304979 0.0227222
 0.00582327 0.00935826 0.0139013 0.019365 0.0255701 0.0321742 0.0386325 0.044311 0.0487206 0.0516936 0.0533785 0.0541029 0.0542253 0.0540412 0.0537435 0.0534211 0.0530708 0.0525922 0.051758 0.050195 0.0474431 0.043121 0.0371539 0.0299325 0.0222711
 0.00607594 0.00976452 0.0145051 0.0202065 0.0266816 0.0335725 0.0403086 0.0462205 0.0507772 0.0537625 0.0552731 0.0555981 0.0551022 0.0541547 0.053076 0.0520858 0.0512632 0.0505255 0.0496199 0.0481348 0.0455706 0.0415059 0.0358267 0.0288921 0.0214966
 0.00637104 0.0102324 0.0151878 0.0211363 0.0278778 0.0350355 0.0420119 0.0481074 0.0527663 0.0557574 0.0571665 0.0572659 0.0563959 0.0549097 0.0531467 0.0513958 0.049843 0.0485138 0.0472275 0.0455942 0.043094 0.0392609 0.0339251 0.0273876 0.0203893
 0.00664245 0.0106717 0.0158452 0.0220569 0.029093 0.0365494 0.0437884 0.0500672 0.0548 0.0577487 0.0590109 0.0588743 0.0576846 0.0557859 0.0535025 0.0511237 0.0488719 0.0468508 0.0449818 0.0429663 0.0403353 0.0366214 0.0316073 0.0255166 0.0190036
 0.00693329 0.0111395 0.0165401 0.0230235 0.0303629 0.0381302 0.0456495 0.0521325 0.0569548 0.0598588 0.0609445 0.0605188 0.0589534 0.0566135 0.0538323 0.050896 0.0480277 0.0453574 0.0428709 0.0403634 0.037458 0.0337404 0.0289844 0.0233444 0.0173697
 0.00724059 0.0116283 0.0172561 0.0240031 0.0316284 0.0396818 0.0474547 0.0541213 0.0590252 0.0618917 0.06282 0.0621273 0.0602023 0.0574304 0.0541625 0.0506964 0.0472608 0.0439978 0.0409285 0.037917 0.0346761 0.0308689 0.0262946 0.0210632 0.0156228
 0.00747811 0.0120185 0.0178507 0.0248522 0.0327705 0.0411275 0.0491715 0.056029 0.0610093 0.0638273 0.064592 0.0636399 0.0613792 0.0582109 0.0544981 0.0505469 0.0465934 0.0427907 0.0391865 0.0356972 0.0321124 0.0281727 0.0237187 0.0188369 0.0138899
 0.0076576 0.0123096 0.0182885 0.0254715 0.0336023 0.0421919 0.0504673 0.0575246 0.0626408 0.0655038 0.0662075 0.0650875 0.062564 0.0590579 0.054952 0.0505674 0.0461493 0.0418606 0.0377703 0.0338374 0.0299163 0.0258181 0.0214286 0.0168248 0.0123003
 0.00791597 0.0127275 0.018913 0.0263436 0.0347476 0.0436074 0.0521082 0.0593029 0.0644399 0.0672032 0.067703 0.0662997 0.0634367 0.0595537 0.0550489 0.0502539 0.0454203 0.0407159 0.036222 0.0319274 0.0277373 0.0235229 0.0192123 0.0148787 0.0107579
 0.0081349 0.0130746 0.0194195 0.0270346 0.0356397 0.0447041 0.0533926 0.0607304 0.0659381 0.0686797 0.0690583 0.0674415 0.0642914 0.0600721 0.0552041 0.0500354 0.0448268 0.0397529 0.034906 0.0302988 0.0258766 0.021559 0.0173093 0.0131998 0.00941974
 0.00849982 0.013634 0.0201984 0.0280335 0.0368363 0.0460571 0.0548431 0.0622039 0.0673514 0.0699528 0.0701243 0.0682497 0.0648058 0.0602693 0.0550728 0.0495755 0.0440472 0.0386694 0.0335434 0.0286996 0.0241138 0.0197423 0.0155757 0.011684 0.00821698
 0.00868585 0.0139493 0.020695 0.0287636 0.0378357 0.0473221 0.056312 0.0637595 0.068849 0.0712601 0.0711518 0.0689567 0.0651884 0.0603413 0.0548524 0.0490787 0.0432881 0.0376636 0.0323138 0.0272851 0.0225781 0.018178 0.0140956 0.0103971 0.00719905
 0.00889572 0.0142863 0.0211953 0.0294599 0.0387537 0.0484719 0.0576749 0.0652764 0.0704166 0.0727426 0.072404 0.0698563 0.0656621 0.0603763 0.0544862 0.0483761 0.0423176 0.036484 0.0309744 0.0258346 0.0210767 0.0167036 0.012738 0.00923999 0.00629666
 0.00911031 0.0146245 0.0216844 0.0301183 0.0395885 0.0494747 0.0588173 0.0665077 0.0716684 0.0739357 0.0734557 0.0706842 0.0661914 0.060552 0.0542871 0.0478207 0.0414578 0.0353896 0.0297188 0.0244883 0.0197097 0.0153894 0.0115511 0.00824445 0.00552998
 0.00925135 0.0148571 0.0220401 0.0306274 0.0402718 0.0503328 0.0598204 0.0675943 0.0727571 0.0749442 0.0743154 0.0713452 0.0666181 0.0607183 0.0541752 0.0474262 0.0407962 0.0344998 0.028659 0.023329 0.0185265 0.0142576 0.0105396 0.007406 0.00489143
 0.0093272 0.0149748 0.0222076 0.0308511 0.0405588 0.0506928 0.0602641 0.0681273 0.0733717 0.0756128 0.0749913 0.0719701 0.0671342 0.0610772 0.0543419 0.0473795 0.0405292 0.0340227 0.0280021 0.0225424 0.0176754 0.0134139 0.00977023 0.00676212 0.00439942
 0.00944457 0.0151493 0.02244 0.0311314 0.0408696 0.0510151 0.0605827 0.0684339 0.073666 0.075901 0.0752806 0.072261 0.0674135 0.0613167 0.0545042 0.0474272 0.0404338 0.0337709 0.0276001 0.0220172 0.0170731 0.0127925 0.00918877 0.00626797 0.00401882
 0.0095235 0.0152637 0.0225863 0.0312967 0.0410351 0.0511615 0.0606955 0.0685075 0.0737053 0.075922 0.0753077 0.0723203 0.0675225 0.0614758 0.0546926 0.0476065 0.0405584 0.0338002 0.0275099 0.0218066 0.0167651 0.0124287 0.00881865 0.00593599 0.00375398
 0.00967404 0.0154832 0.0228692 0.0316207 0.0413654 0.0514601 0.0609294 0.0686535 0.0737529 0.0758759 0.0751883 0.0721607 0.0673609 0.0613452 0.0546114 0.0475729 0.040551 0.0337852 0.0274531 0.0216858 0.016578 0.0121934 0.00856685 0.00570142 0.00356166
 0.00972762 0.0155814 0.023036 0.031881 0.0417345 0.0519286 0.0614533 0.0691587 0.0741564 0.0761137 0.0752352 0.0720327 0.0671041 0.0610188 0.0542714 0.0472608 0.040287 0.0335678 0.027265 0.0215048 0.0163884 0.011993 0.00836686 0.00551949 0.00341325
 0.00978177 0.0156559 0.0231246 0.0319728 0.0418213 0.052014 0.0615555 0.069302 0.074354 0.076352 0.0754723 0.0722145 0.0671881 0.0609912 0.0541495 0.0470812 0.0400889 0.0333794 0.0270975 0.0213553 0.0162479 0.0118555 0.00823363 0.00539823 0.0033129
 0.00974522 0.0156072 0.0230702 0.0319241 0.0417895 0.052004 0.0615635 0.0693204 0.0743801 0.0763938 0.0755446 0.0723259 0.0673295 0.0611354 0.0542641 0.0471444 0.0400975 0.0333458 0.0270393 0.021286 0.0161741 0.0117794 0.00815752 0.00532675 0.00325175
 0.00966854 0.0154942 0.0229223 0.0317517 0.0416105 0.0518406 0.0614383 0.069251 0.0743751 0.0764506 0.0756514 0.072468 0.0674939 0.0613111 0.0544383 0.0473009 0.0402207 0.0334264 0.0270778 0.0212904 0.0161548 0.0117458 0.00811715 0.00528566 0.00321501
 0.00951166 0.0152483 0.0225705 0.0312875 0.0410426 0.0511988 0.0607764 0.068644 0.0739041 0.076181 0.0756155 0.0726589 0.0678724 0.0618195 0.0550144 0.047888 0.0407725 0.0339096 0.0274731 0.0215924 0.0163696 0.0118867 0.00820075 0.00532889 0.00323286
 0.00935901 0.0150123 0.0222382 0.030855 0.0405163 0.0505954 0.0601265 0.0679937 0.0733131 0.0757151 0.0753341 0.0726018 0.0680498 0.0622086 0.0555643 0.0485318 0.0414413 0.034544 0.0280302 0.0220479 0.0167166 0.0121325 0.00836173 0.00542541 0.00328514
 0.00925172 0.0148359 0.0219698 0.0304739 0.0400106 0.0499714 0.0594159 0.0672538 0.0726164 0.0751332 0.0749251 0.0724044 0.0680824 0.0624685 0.0560261 0.0491478 0.0421473 0.0352702 0.0287132 0.0226405 0.017193 0.0124874 0.00860616 0.00558044 0.00337513
 0.0093363 0.0149609 0.0221335 0.0306636 0.0402018 0.0501294 0.0595001 0.0672249 0.0724483 0.0748248 0.074506 0.0719302 0.0676216 0.0620869 0.0557739 0.0490506 0.0422024 0.035449 0.0289695 0.0229233 0.0174585 0.0127071 0.00876872 0.00568863 0.00343995
 0.00922812 0.0148013 0.0219235 0.0304146 0.0399323 0.0498592 0.0592448 0.066994 0.072245 0.0746479 0.0743529 0.0718019 0.067527 0.0620432 0.0558025 0.0491694 0.0424178 0.0357502 0.0293287 0.0233012 0.0178144 0.0130092 0.00900051 0.00584945 0.00354078
 0.00915359 0.0146826 0.0217504 0.0301813 0.0396411 0.0495242 0.0588943 0.0666667 0.0719792 0.0744687 0.0742648 0.0717911 0.0675713 0.0621244 0.0559134 0.0493142 0.042606 0.0359875 0.0296096 0.0236068 0.0181167 0.0132798 0.00921903 0.0060084 0.00364474
 0.00917969 0.0147221 0.0218038 0.0302458 0.0397094 0.0495845 0.0589312 0.066665 0.0719294 0.0743719 0.074133 0.071642 0.0674216 0.0619852 0.0557917 0.049217 0.042543 0.0359699 0.0296442 0.0236908 0.018236 0.0134127 0.00934376 0.00610968 0.00371678
 0.00897437 0.0144148 0.0213911 0.0297432 0.0391484 0.0490061 0.058381 0.0661886 0.0715678 0.0741546 0.0740729 0.0717345 0.0676477 0.0623159 0.0561927 0.0496536 0.0429858 0.0363979 0.0300452 0.0240577 0.0185624 0.013691 0.00956732 0.00627588 0.00382964
 0.00893449 0.0143345 0.0212426 0.0294944 0.0387743 0.0485055 0.0577886 0.0655728 0.071012 0.0737312 0.0738247 0.071671 0.0677525 0.0625584 0.0565368 0.0500628 0.0434259 0.0368394 0.0304652 0.02444 0.0188964 0.01397 0.00978776 0.00643855 0.00394023
 0.0096926 0.015405 0.022553 0.0308724 0.039993 0.0493582 0.058152 0.0654303 0.070436 0.0728486 0.0727822 0.0706068 0.0667754 0.0617361 0.0558966 0.0496011 0.0431206 0.0366607 0.0303824 0.0244249 0.0189249 0.014022 0.00984717 0.00649366 0.00398419
 0.0101934 0.0162005 0.0237069 0.0324093 0.041867 0.0514207 0.060141 0.067012 0.0713056 0.0728442 0.0719457 0.069155 0.0650063 0.0599287 0.0542491 0.0482176 0.0420291 0.0358421 0.0297955 0.0240229 0.0186639 0.0138638 0.00975999 0.0064517 0.00396796
 0.00995896 0.0159517 0.0235765 0.0326004 0.0425964 0.0528262 0.0621974 0.0695013 0.0738586 0.0750351 0.0734047 0.0696644 0.0645516 0.0586859 0.0525122 0.0463012 0.0401885 0.0342362 0.0284917 0.0230243 0.0179375 0.0133619 0.00943223 0.00625105 0.00385391
 0.00957564 0.0153693 0.0227844 0.0316376 0.0415687 0.0519152 0.0616474 0.0695643 0.0746981 0.076629 0.0755085 0.0718714 0.0664281 0.0599132 0.0529727 0.046078 0.0394961 0.0333254 0.0275724 0.0222281 0.0173194 0.0129228 0.00914372 0.00607541 0.0037551
 0.00942536 0.0150909 0.0223048 0.0308753 0.0404632 0.0504728 0.0599825 0.0679094 0.0733648 0.0759258 0.0756427 0.0728691 0.0681069 0.0619298 0.0549326 0.047663 0.0405499 0.0338633 0.0277254 0.0221627 0.0171745 0.0127827 0.00904245 0.00601522 0.00372499
 0.00948322 0.0151734 0.0224037 0.0309663 0.0405001 0.0503867 0.0596928 0.0673524 0.0725367 0.0749205 0.0746544 0.0721434 0.067852 0.0622285 0.0557022 0.0486866 0.0415661 0.0346657 0.0282228 0.022378 0.0171972 0.0127127 0.0089529 0.0059428 0.00367879
 0.00940025 0.0150521 0.0222462 0.0307826 0.0403037 0.050187 0.0594868 0.0671207 0.072247 0.0745416 0.0741819 0.0716255 0.0673968 0.061976 0.0557656 0.0490934 0.0422346 0.0354383 0.0289339 0.0229172 0.0175354 0.0128841 0.0090181 0.00595632 0.00367495
 0.00937245 0.0150062 0.0221765 0.0306846 0.0401769 0.0500375 0.0593283 0.0669699 0.0721143 0.0744222 0.0740538 0.0714615 0.0671868 0.0617476 0.0555857 0.0490428 0.0423663 0.0357437 0.0293429 0.0233325 0.0178764 0.0131153 0.00914718 0.00601426 0.00369438
 0.00929517 0.0148905 0.0220209 0.0304939 0.0399606 0.0498072 0.0590962 0.06675 0.0719224 0.0742742 0.0739597 0.0714203 0.067185 0.0617672 0.0556187 0.0491015 0.0424793 0.0359362 0.0296145 0.0236494 0.018186 0.0133711 0.00932721 0.00612256 0.00375017
 0.0092455 0.0148108 0.0219033 0.0303331 0.0397561 0.0495663 0.058836 0.0664954 0.0717003 0.0741062 0.0738573 0.0713842 0.0672079 0.0618365 0.0557205 0.0492258 0.0426244 0.0361086 0.0298199 0.0238823 0.0184259 0.0135894 0.00950049 0.00624208 0.00382172
 0.00922038 0.0147687 0.0218373 0.030236 0.0396218 0.0493922 0.0586258 0.0662615 0.0714629 0.0738898 0.0736861 0.0712765 0.0671721 0.0618703 0.0558126 0.0493609 0.0427884 0.0362919 0.030017 0.024088 0.0186302 0.0137773 0.00965687 0.00635795 0.00389745
 0.00924739 0.0148062 0.0218818 0.0302794 0.0396528 0.0493987 0.0585977 0.0661923 0.0713517 0.0737424 0.0735158 0.0711027 0.0670168 0.0617528 0.0557453 0.0493472 0.0428237 0.036367 0.0301217 0.0242119 0.0187625 0.0139059 0.00976994 0.00644688 0.00395948
 0.00916004 0.0146783 0.0217153 0.0300848 0.0394458 0.0491948 0.058408 0.0660232 0.0712072 0.0736262 0.0734324 0.0710572 0.0670137 0.0617953 0.055834 0.0494791 0.0429923 0.0365617 0.0303299 0.0244204 0.0189588 0.0140795 0.00991283 0.00655518 0.00403416
 0.00915022 0.0146577 0.0216765 0.0300194 0.0393481 0.049067 0.0582625 0.0658804 0.0710873 0.0735411 0.0733817 0.0710322 0.0670045 0.0617974 0.0558495 0.0495141 0.0430524 0.0366489 0.0304406 0.0245463 0.0190889 0.0142023 0.0100189 0.00663858 0.00409356
 0.00911738 0.0146144 0.0216291 0.0299789 0.0393252 0.0490652 0.0582751 0.0658925 0.0710841 0.0735156 0.073338 0.0709805 0.0669552 0.061756 0.0558181 0.0494946 0.0430481 0.0366641 0.0304777 0.0246037 0.0191604 0.0142787 0.0100907 0.00669861 0.00413832
 0.0091695 0.0146924 0.0217344 0.0301092 0.039476 0.0492318 0.0584526 0.0660727 0.071252 0.0736492 0.0734126 0.070978 0.0668713 0.0616027 0.0556188 0.0492762 0.0428351 0.0364753 0.0303256 0.0244939 0.019092 0.0142451 0.0100817 0.0067035 0.00414841
 0.00972893 0.0155332 0.0228706 0.0315046 0.0410503 0.050874 0.0600325 0.067451 0.0722968 0.0742589 0.073536 0.0706211 0.0660912 0.060493 0.0542939 0.047855 0.0414265 0.0351671 0.0291787 0.0235423 0.0183452 0.0136928 0.00969888 0.00645652 0.00400107
 0.0099604 0.0159212 0.0234731 0.0323752 0.0422171 0.0523112 0.0616396 0.069059 0.0737074 0.0753002 0.074103 0.0706862 0.0656893 0.0596993 0.0532053 0.0465791 0.0400722 0.0338354 0.0279539 0.0224845 0.017487 0.0130399 0.00923514 0.00615055 0.00381469
 0.0101854 0.0162909 0.0240373 0.0331829 0.0433066 0.053693 0.0632749 0.070846 0.075485 0.0768714 0.0752737 0.0713075 0.0656912 0.0591025 0.0521083 0.0451277 0.0384273 0.0321484 0.026352 0.0210626 0.0163042 0.0121191 0.00856672 0.00570042 0.0035351
 0.00985951 0.0158074 0.0233986 0.0324288 0.0425138 0.0529675 0.0627412 0.0706299 0.075685 0.0775231 0.0763238 0.0726138 0.0670535 0.0603144 0.0530089 0.0456354 0.038546 0.0319492 0.0259418 0.0205541 0.0157927 0.0116706 0.00821495 0.00545116 0.00337508
 0.00952998 0.0152727 0.0225991 0.0313202 0.0410879 0.051281 0.0609373 0.0689331 0.0743561 0.0767915 0.0763245 0.0733548 0.0684163 0.0620837 0.0549223 0.0474421 0.0400588 0.0330732 0.0266741 0.0209582 0.0159635 0.0117027 0.00818259 0.00540185 0.00333234
 0.00951363 0.0152225 0.0224784 0.0310765 0.0406612 0.0506212 0.0600263 0.0678043 0.0731059 0.0755749 0.0753323 0.0727699 0.0683622 0.0625837 0.0558881 0.048698 0.0413916 0.0342904 0.0276477 0.0216415 0.01638 0.0119166 0.00826796 0.00542037 0.0033247
 0.00944254 0.0151211 0.0223503 0.0309292 0.0404976 0.0504281 0.0597696 0.0674362 0.0725866 0.0749001 0.0745539 0.0719979 0.0677433 0.0622597 0.0559492 0.0491483 0.0421447 0.0351977 0.0285474 0.0224072 0.0169475 0.0122841 0.00847463 0.00551957 0.00336375
 0.00969625 0.0154967 0.0228472 0.0315225 0.0411445 0.0510781 0.0603695 0.0679279 0.0729035 0.0749719 0.0743244 0.0714519 0.0669296 0.0612947 0.0549926 0.0483565 0.0416211 0.0349636 0.0285469 0.022541 0.0171169 0.0124229 0.00855805 0.00555387 0.00336802
 0.00958243 0.0153288 0.0226262 0.0312599 0.0408587 0.050789 0.0600952 0.0676863 0.0727136 0.0748513 0.0742802 0.071472 0.066983 0.061347 0.0550285 0.0483938 0.0417035 0.0351331 0.0288156 0.0228805 0.0174716 0.0127366 0.00879616 0.00571005 0.00345681
 0.00958657 0.0153441 0.0226649 0.031338 0.0409912 0.0509817 0.0603382 0.0679515 0.0729605 0.0750372 0.0743721 0.0714542 0.0668581 0.0611311 0.0547464 0.0480779 0.0413937 0.0348735 0.0286426 0.0228082 0.017486 0.0128033 0.00887725 0.0057788 0.00350277
 0.00951245 0.0152256 0.0224913 0.0311041 0.0407021 0.0506585 0.0600202 0.0676908 0.0728065 0.0750182 0.0744841 0.0716633 0.0671139 0.0613841 0.0549607 0.0482367 0.0414996 0.0349443 0.028703 0.0228797 0.0175778 0.0129093 0.00898182 0.00586651 0.00356556
 0.00940962 0.0150531 0.0222226 0.0307134 0.0401726 0.049995 0.0592608 0.0669095 0.0721016 0.0744899 0.0742093 0.0716765 0.0673996 0.0618829 0.0555872 0.0489029 0.042135 0.0355065 0.0291774 0.0232705 0.0178965 0.0131661 0.00918219 0.00601395 0.00366536
 0.00931932 0.0149295 0.0220781 0.0305701 0.0400514 0.0499003 0.0591722 0.0667882 0.0719118 0.0742227 0.0738948 0.0713767 0.0671853 0.0618073 0.0556673 0.0491175 0.0424367 0.0358408 0.0294996 0.0235545 0.0181327 0.0133551 0.00932809 0.00612124 0.00373901
 0.00937179 0.015035 0.0222736 0.0309009 0.0405575 0.0505953 0.0600228 0.0677067 0.0727689 0.0748768 0.0742296 0.0713343 0.0667841 0.0611356 0.0548542 0.0482924 0.0416956 0.0352325 0.0290323 0.0232123 0.0178924 0.0131941 0.00922734 0.00606376 0.00370998
 0.00906604 0.0145907 0.021705 0.0302606 0.0399289 0.0500761 0.0597061 0.0676636 0.0730298 0.0754152 0.0749577 0.0721201 0.0674884 0.0616537 0.0551439 0.0483766 0.0416405 0.0351151 0.0289129 0.0231229 0.01784 0.013172 0.00922438 0.00607027 0.00371931
 0.00855876 0.0138174 0.02064 0.0289219 0.0383827 0.0484366 0.058133 0.0663475 0.0721574 0.0751204 0.0752814 0.0729966 0.0687647 0.0631301 0.0566239 0.0497092 0.0427443 0.0359761 0.0295624 0.0236086 0.0182043 0.0134441 0.0094225 0.00620769 0.00380843
#obs surv len freq
 nan nan nan nan nan nan nan nan nan nan nan nan nan nan nan nan nan nan nan nan nan nan nan nan nan
 0.00449005 0.0073535 0.0111849 0.0160013 0.0217004 0.0279728 0.0342833 0.0400113 0.0446887 0.0481514 0.0505092 0.0520055 0.0528985 0.0534116 0.0537265 0.0539819 0.0542608 0.0545538 0.0546927 0.0542847 0.0527228 0.0493551 0.043805 0.0362852 0.0276691
 0.00461329 0.00755886 0.0115028 0.0164617 0.0223251 0.0287636 0.0352104 0.0410115 0.0456749 0.049032 0.0512055 0.0524634 0.0530924 0.0533433 0.0534199 0.053475 0.0535974 0.0537765 0.0538406 0.0533946 0.0518336 0.0485099 0.0430489 0.0356563 0.0271884
 0.0047764 0.00782413 0.0119025 0.0170269 0.0230803 0.0297183 0.0363484 0.042284 0.047003 0.0503161 0.0523398 0.0533504 0.0536565 0.0535405 0.0532415 0.052945 0.0527635 0.0527002 0.0525893 0.0520393 0.0504498 0.0471782 0.0418493 0.0346549 0.0264216
 0.00496182 0.00812847 0.0123659 0.0176882 0.0239696 0.0308449 0.0376888 0.0437783 0.0485632 0.0518422 0.0537322 0.0545163 0.0545116 0.054014 0.0532843 0.0525381 0.0519226 0.0514742 0.0510548 0.0502951 0.0486121 0.0453747 0.0402055 0.0332733 0.0253598
 0.00517759 0.00847956 0.012895 0.0184359 0.024967 0.0321023 0.0391832 0.0454478 0.0503146 0.0535666 0.0553221 0.0558744 0.0555542 0.0546701 0.053496 0.0522639 0.0511451 0.0502097 0.049361 0.0482741 0.0464074 0.0431579 0.0381525 0.0315302 0.0240118
 0.00541371 0.00886647 0.0134829 0.019273 0.0260903 0.0335222 0.0408687 0.0473221 0.0522668 0.0554737 0.0570686 0.057362 0.0567027 0.0554138 0.0537807 0.0520453 0.0503929 0.0489173 0.0475615 0.0460553 0.0439186 0.0405995 0.0357432 0.0294603 0.0223982
 0.00565053 0.00925578 0.0140769 0.0201236 0.027239 0.0349851 0.0426198 0.0492869 0.0543318 0.0575077 0.0589439 0.058968 0.0579507 0.0562366 0.0541271 0.0518755 0.0496761 0.0476384 0.0457373 0.0437569 0.0412878 0.0378457 0.0331103 0.027171 0.0205974
 0.00588832 0.00964518 0.0146685 0.0209667 0.0283734 0.0364265 0.044345 0.0512272 0.0563816 0.059543 0.0608409 0.0606149 0.0592536 0.0571207 0.0545355 0.0517657 0.0490167 0.0464121 0.0439536 0.041475 0.0386387 0.0350351 0.0303902 0.0247809 0.018701
 0.006139 0.0100548 0.0152888 0.0218471 0.0295516 0.0379134 0.0461096 0.0531918 0.0584327 0.0615543 0.0626925 0.0622046 0.0604987 0.0579559 0.0549097 0.0516388 0.0483574 0.0452014 0.042197 0.0392238 0.0360133 0.0322321 0.0276582 0.0223634 0.0167702
 0.00638258 0.0104557 0.0159012 0.0227242 0.0307347 0.039415 0.0478961 0.0551783 0.060496 0.0635575 0.0645091 0.0637317 0.0616599 0.0586981 0.0551971 0.0514449 0.0476615 0.0439896 0.0404741 0.037035 0.0334675 0.0295122 0.0249998 0.0200019 0.0148763
 0.0066258 0.0108528 0.0165021 0.0235768 0.0318757 0.0408559 0.0496078 0.0570847 0.0624831 0.0654937 0.0662668 0.0652021 0.0627606 0.0593745 0.0554181 0.0511958 0.0469356 0.0427861 0.0388052 0.0349452 0.0310563 0.0269453 0.0224928 0.0177725 0.0130846
 0.00683536 0.0111996 0.0170352 0.0243453 0.0329187 0.0421863 0.0511967 0.0588565 0.0643274 0.0672871 0.067893 0.0665635 0.0637813 0.0600006 0.0556163 0.0509498 0.0462419 0.0416508 0.0372484 0.0330144 0.0288445 0.0246017 0.0202093 0.0157433 0.0114529
 0.00706223 0.0115688 0.0175917 0.0251309 0.0339642 0.0434985 0.0527447 0.0605662 0.0660906 0.0689816 0.069403 0.0677932 0.0646618 0.0604892 0.0556927 0.05061 0.0454921 0.0405058 0.035735 0.0311826 0.026783 0.0224449 0.0181263 0.0139029 0.00997811
 0.00727735 0.0119237 0.0181348 0.0259091 0.035012 0.044821 0.0543017 0.0622694 0.067818 0.0706035 0.0708052 0.0688896 0.0653957 0.0608309 0.0556345 0.0501602 0.0446696 0.0393361 0.0342532 0.0294421 0.0248673 0.0204741 0.0162465 0.0122568 0.00866737
 0.00744109 0.0121935 0.0185478 0.0265028 0.0358175 0.0458518 0.0555412 0.0636641 0.0692821 0.0720324 0.0720924 0.0699408 0.0661391 0.0612221 0.0556558 0.0498157 0.0439782 0.0383271 0.032966 0.0279319 0.0232131 0.0187825 0.0146425 0.0108595 0.00755925
 0.00753781 0.0123543 0.0187969 0.0268659 0.036318 0.0465043 0.0563439 0.0645942 0.0702979 0.0730783 0.0731039 0.0708493 0.0668767 0.0617281 0.0558841 0.0497395 0.0435918 0.037644 0.032018 0.0267697 0.0219099 0.0174336 0.013356 0.00973608 0.00666777
 0.00758558 0.0124285 0.0189028 0.0270082 0.0365027 0.0467405 0.0566442 0.0649724 0.0707634 0.0736302 0.073727 0.0715108 0.0675282 0.0623098 0.0563323 0.049996 0.0436127 0.037407 0.0315268 0.026056 0.021033 0.0164766 0.0124138 0.00889729 0.00599419
 0.00767547 0.0125614 0.019078 0.0272166 0.0367291 0.0469691 0.0568634 0.0651778 0.0709598 0.0738312 0.0739508 0.0717731 0.0678321 0.0626394 0.056651 0.0502522 0.0437506 0.037379 0.0313054 0.0256429 0.0204622 0.0158102 0.0117305 0.00827346 0.0054853
 0.00774785 0.0126769 0.019247 0.0274448 0.0370143 0.0472966 0.0572039 0.065492 0.0712101 0.073996 0.0740334 0.0717994 0.0678386 0.0626576 0.0566946 0.050311 0.0437921 0.0373592 0.0311829 0.0253941 0.0200918 0.0153531 0.0112426 0.00781547 0.00510456
 0.00777502 0.0127193 0.0193078 0.0275265 0.0371188 0.0474253 0.0573562 0.0656632 0.0713887 0.0741649 0.0741737 0.0718981 0.0678949 0.0626839 0.0567099 0.0503294 0.0438136 0.0373655 0.0311445 0.0252829 0.0198952 0.0150826 0.0109319 0.00750834 0.0048398
 0.00782189 0.0127883 0.0193981 0.0276328 0.0372328 0.0475388 0.0574633 0.0657611 0.0714775 0.0742454 0.0742455 0.0719581 0.0679379 0.0627056 0.0567107 0.0503147 0.0437894 0.0373326 0.0310939 0.0251991 0.0197656 0.0149069 0.010726 0.00729927 0.00465487
 0.00784053 0.0128152 0.0194323 0.0276707 0.037269 0.0475669 0.0574783 0.0657606 0.0714636 0.0742255 0.0742309 0.07196 0.0679629 0.0627528 0.0567721 0.0503798 0.0438485 0.0373778 0.0311175 0.025193 0.0197227 0.0148262 0.010616 0.00717711 0.00454008
 0.00787325 0.012863 0.0194941 0.0277418 0.0373417 0.0476326 0.0575287 0.0657891 0.0714665 0.0742032 0.0741888 0.0719081 0.0679138 0.0627177 0.0567576 0.0503856 0.0438684 0.0374018 0.0311351 0.0251945 0.0197012 0.0147796 0.0105488 0.00709979 0.00446528
 0.00789714 0.0129014 0.0195507 0.0278187 0.0374383 0.0477432 0.0576419 0.0658892 0.0715372 0.0742332 0.0741751 0.0718567 0.0678371 0.0626307 0.0566746 0.0503171 0.043819 0.0373699 0.0311139 0.0251749 0.0196752 0.0147425 0.0105012 0.00704679 0.00441437
 0.0079055 0.0129111 0.0195582 0.0278192 0.0374274 0.0477202 0.0576113 0.0658596 0.0715174 0.0742277 0.0741823 0.0718708 0.0678512 0.0626413 0.056682 0.0503248 0.0438308 0.0373875 0.0311356 0.0251956 0.0196887 0.0147444 0.0104906 0.00702667 0.00439028
 0.00790202 0.0129044 0.0195464 0.0277992 0.0373959 0.0476745 0.0575503 0.065786 0.0714384 0.0741547 0.0741281 0.0718452 0.0678576 0.0626756 0.0567357 0.0503883 0.043897 0.0374522 0.0311959 0.0252487 0.0197312 0.0147734 0.0105052 0.00702909 0.00438474
 0.00791556 0.012919 0.0195544 0.0277897 0.0373572 0.0475993 0.0574404 0.065652 0.0712972 0.074024 0.0740234 0.0717777 0.0678337 0.0626964 0.0567962 0.0504786 0.0440043 0.0375642 0.0313026 0.025343 0.0198087 0.0148317 0.0105444 0.00705155 0.00439473
 0.00789629 0.0128936 0.0195269 0.0277659 0.0373418 0.0475916 0.0574317 0.0656287 0.0712472 0.0739448 0.0739241 0.0716765 0.067751 0.0626479 0.0567894 0.0505126 0.0440713 0.0376524 0.031399 0.0254363 0.0198903 0.0148966 0.0105911 0.00708148 0.00441138
 0.0078552 0.0128236 0.0194165 0.0276047 0.0371254 0.047328 0.0571449 0.0653549 0.0710238 0.0737968 0.0738584 0.0716845 0.0678182 0.0627615 0.0569405 0.0506942 0.0442751 0.0378669 0.0316109 0.025632 0.0200589 0.0150316 0.010691 0.00714927 0.0044532
 0.00787607 0.0128493 0.0194394 0.0276116 0.0371001 0.0472554 0.057017 0.0651746 0.0708073 0.0735712 0.0736558 0.0715333 0.0677349 0.0627483 0.0569889 0.0507908 0.0444064 0.0380202 0.0317738 0.0257921 0.0202044 0.0151536 0.010785 0.00721535 0.00449541
 0.00785551 0.0128205 0.0194041 0.0275734 0.0370613 0.0472142 0.0569656 0.0651013 0.0707018 0.0734322 0.0734944 0.071372 0.0676013 0.0626665 0.0569721 0.0508391 0.044509 0.0381607 0.0319344 0.0259559 0.0203572 0.0152848 0.0108884 0.00728994 0.00454431
 0.00781624 0.0127567 0.0193088 0.0274415 0.0368926 0.0470162 0.056755 0.0649013 0.0705345 0.0733103 0.0734187 0.0713352 0.0675961 0.0626911 0.0570311 0.050938 0.0446488 0.0383346 0.0321288 0.0261541 0.0205427 0.0154447 0.0110152 0.00738216 0.00460547
 0.00778961 0.012711 0.0192356 0.0273318 0.0367388 0.0468166 0.0565172 0.0646436 0.0702838 0.073096 0.0732654 0.0712562 0.0675917 0.0627515 0.0571419 0.0510865 0.044826 0.0385334 0.0323405 0.0263667 0.0207425 0.0156188 0.0111551 0.00748515 0.0046746
 0.00774141 0.0126327 0.0191181 0.0271668 0.0365213 0.0465472 0.0562055 0.06431 0.0699567 0.0728074 0.0730453 0.0711279 0.0675675 0.0628306 0.0573109 0.0513234 0.0451062 0.0388341 0.0326428 0.0266548 0.0210029 0.0158404 0.0113309 0.00761399 0.00476108
 0.00934664 0.0148773 0.0218218 0.0299366 0.0388655 0.0480574 0.0567009 0.0638646 0.0688158 0.0712647 0.0713525 0.0694612 0.0660343 0.0614883 0.0561833 0.0504114 0.0443945 0.0382985 0.0322553 0.0263876 0.0208296 0.0157368 0.0112753 0.00758836 0.00475176
 0.00934425 0.0151676 0.0227769 0.032016 0.0424147 0.053037 0.0625149 0.0694577 0.0730478 0.0733601 0.0711573 0.0673832 0.0627654 0.0577108 0.0524014 0.0469223 0.0413373 0.0357164 0.0301415 0.0247111 0.019547 0.014797 0.0106215 0.0071604 0.00449069
 0.0089779 0.0145973 0.0219874 0.0310665 0.0414902 0.0524799 0.0627814 0.0709541 0.0758853 0.0771748 0.0751574 0.0706486 0.0646297 0.0579921 0.0513698 0.0450813 0.0391884 0.0336233 0.0283059 0.0232113 0.018388 0.0139467 0.0100312 0.00677521 0.00425642
 0.0087967 0.0142897 0.0215015 0.0303508 0.0405143 0.051271 0.0614681 0.0697916 0.0752289 0.0773787 0.0764156 0.0728513 0.0673378 0.0605811 0.0532805 0.046031 0.0392245 0.0330189 0.0273952 0.0222642 0.0175641 0.0133085 0.00957911 0.00647944 0.00407746
 0.00874274 0.0141918 0.0213341 0.0300807 0.0401046 0.0506905 0.0607067 0.0688797 0.074258 0.0765141 0.0758822 0.0728752 0.0680471 0.061913 0.0549619 0.0476693 0.0404676 0.0336897 0.0275242 0.0220218 0.0171543 0.0128897 0.00923679 0.00623806 0.00392601
 0.00872128 0.0141578 0.0212837 0.0300083 0.0400005 0.0505387 0.0604845 0.0685623 0.0738297 0.0759855 0.0753087 0.0723659 0.0677497 0.0619652 0.0554232 0.0484697 0.0414165 0.034551 0.0281181 0.0222891 0.0171511 0.0127306 0.00903233 0.00605846 0.00379815
 0.00869813 0.0141206 0.0212286 0.0299324 0.0399022 0.0504185 0.0603444 0.0684035 0.0736495 0.0757758 0.0750621 0.0720887 0.0674769 0.0617655 0.0553811 0.0486469 0.0418097 0.0350782 0.0286481 0.0227009 0.0173845 0.0127981 0.00899206 0.00597566 0.0037181
 0.00868568 0.0140988 0.021193 0.0298778 0.0398246 0.0503165 0.0602212 0.0682667 0.0735088 0.0756389 0.0749315 0.0719619 0.0673522 0.0616512 0.0553035 0.0486461 0.041921 0.0353068 0.0289558 0.0230178 0.0176414 0.0129571 0.00905626 0.00597568 0.00368981
 0.00867214 0.0140792 0.0211679 0.0298487 0.0397928 0.0502819 0.0601812 0.0682175 0.0734473 0.075565 0.0748481 0.0718739 0.0672645 0.0615686 0.0552338 0.0486036 0.0419256 0.0353751 0.0290882 0.0231918 0.0178182 0.0130997 0.00914552 0.00601463 0.00369534
 0.00864845 0.0140417 0.0211135 0.0297759 0.0397026 0.050179 0.0600742 0.0681176 0.0733649 0.0755061 0.0748128 0.0718578 0.0672612 0.0615736 0.0552456 0.0486248 0.0419632 0.0354381 0.0291822 0.0233126 0.0179501 0.0132208 0.00923816 0.00607225 0.00372292
 0.00865864 0.0140538 0.0211234 0.0297772 0.0396879 0.0501429 0.0600159 0.0680418 0.0732808 0.0754244 0.0747431 0.0718059 0.0672288 0.0615582 0.0552434 0.048633 0.0419821 0.0354708 0.0292323 0.0233805 0.0180301 0.0133018 0.00930775 0.00612256 0.00375298
 0.00865403 0.0140505 0.0211259 0.0297911 0.0397175 0.0501873 0.0600668 0.068085 0.0733013 0.0754132 0.0747006 0.0717413 0.0671552 0.0614878 0.0551844 0.0485891 0.0419543 0.0354594 0.0292378 0.0234026 0.0180658 0.0133448 0.00935005 0.00615725 0.00377675
 0.00862993 0.0140123 0.0210707 0.0297181 0.0396293 0.0500914 0.0599758 0.0680137 0.0732612 0.0754075 0.0747228 0.0717789 0.0671962 0.0615257 0.0552183 0.0486221 0.0419895 0.0354989 0.0292822 0.0234513 0.018117 0.0133952 0.00939538 0.00619377 0.00380271
 0.00861263 0.013987 0.0210379 0.0296796 0.0395879 0.0500492 0.0599343 0.0679741 0.0732265 0.0753821 0.0747115 0.071784 0.0672157 0.0615538 0.0552485 0.0486498 0.0420141 0.0355223 0.0293071 0.0234793 0.018148 0.0134273 0.00942577 0.00621949 0.00382199
 0.00861651 0.0139871 0.0210269 0.0296478 0.0395264 0.0499556 0.0598155 0.0678465 0.0731098 0.0752934 0.0746605 0.0717725 0.0672401 0.0616066 0.0553204 0.048731 0.042096 0.0355991 0.0293762 0.0235404 0.0182016 0.0134735 0.00946402 0.00624929 0.00384334
 0.00861651 0.0139871 0.0210269 0.0296478 0.0395264 0.0499556 0.0598155 0.0678465 0.0731098 0.0752934 0.0746605 0.0717725 0.0672401 0.0616066 0.0553204 0.048731 0.042096 0.0355991 0.0293762 0.0235404 0.0182016 0.0134735 0.00946402 0.00624929 0.00384334
 0.00902406 0.0146323 0.0219619 0.0308993 0.0410793 0.0517328 0.0616655 0.0695561 0.074451 0.0760869 0.0748235 0.0713296 0.0662993 0.0603213 0.0538515 0.0472208 0.0406543 0.0342996 0.0282607 0.0226259 0.0174865 0.0129427 0.00909274 0.00600639 0.00369588
 0.00899557 0.0146332 0.0220505 0.031159 0.041597 0.0525637 0.0628003 0.070907 0.0758654 0.07738 0.0758188 0.0718953 0.0663748 0.0599257 0.0530727 0.0461882 0.0395061 0.0331574 0.0272145 0.0217309 0.016767 0.0123987 0.00870704 0.00575138 0.00353971
 0.00922898 0.0149879 0.02254 0.0317845 0.0423539 0.0534493 0.0638129 0.0720334 0.0770615 0.0785578 0.0768494 0.072634 0.0666985 0.0597684 0.0524446 0.045172 0.0382344 0.0317807 0.0258711 0.0205259 0.0157639 0.0116208 0.00814514 0.00537453 0.00330621
 0.00895255 0.0145779 0.0219971 0.0311374 0.0416554 0.052768 0.0632273 0.07163 0.0769277 0.0787644 0.0774238 0.0735352 0.0678102 0.0609199 0.0534557 0.045904 0.0386247 0.0318482 0.0256944 0.020209 0.0154039 0.0112883 0.00787827 0.00518358 0.00318312
 0.00876634 0.0142385 0.0214228 0.0302416 0.0403814 0.0511378 0.0613771 0.0698009 0.0754054 0.077795 0.0771503 0.0739772 0.068878 0.0624434 0.0552164 0.0476731 0.0402049 0.0331099 0.0265926 0.0207735 0.0157105 0.0114253 0.00792128 0.00518487 0.00317191
 0.00877038 0.0142221 0.0213528 0.0300657 0.0400322 0.0505465 0.0604964 0.0686332 0.0740287 0.0763707 0.0758997 0.0731257 0.0685874 0.0627637 0.0560754 0.0489039 0.0415948 0.0344546 0.0277395 0.0216452 0.0163028 0.0117847 0.00811547 0.00527771 0.00321081
 0.0087773 0.0142355 0.0213754 0.0300965 0.0400608 0.0505453 0.0604165 0.0684107 0.0736032 0.075715 0.0750475 0.072184 0.0677206 0.0621493 0.055847 0.0491049 0.0421658 0.0352579 0.0286089 0.022437 0.0169292 0.012221 0.00838435 0.00542455 0.00328179
 0.00887048 0.0143843 0.0215937 0.0303935 0.040437 0.0509856 0.0608841 0.0688438 0.0739205 0.0758309 0.0748941 0.071736 0.0670159 0.0612932 0.0549929 0.0484103 0.0417421 0.0351355 0.0287361 0.022711 0.0172408 0.0124907 0.00857665 0.00554021 0.00334072
 0.00869462 0.0141235 0.0212488 0.0299844 0.04 0.0505678 0.0605362 0.0686123 0.0738369 0.0758981 0.0750792 0.0719748 0.0672331 0.0614313 0.0550372 0.0483973 0.0417425 0.0352192 0.0289373 0.0230131 0.0175891 0.0128212 0.00884304 0.00572571 0.00345337
 0.00879932 0.0142683 0.0214201 0.0301548 0.0401375 0.0506497 0.0605593 0.0685934 0.0738023 0.0758707 0.0750676 0.0719703 0.0672126 0.0613662 0.0549058 0.0481991 0.0415052 0.0349928 0.0287741 0.0229444 0.0176124 0.0129058 0.00894828 0.00581944 0.00352045
 0.00872971 0.0141763 0.0213197 0.0300691 0.0400884 0.0506446 0.0605836 0.068616 0.0737947 0.0758246 0.0750012 0.0719163 0.0671979 0.0613961 0.0549633 0.0482558 0.0415393 0.0350012 0.0287727 0.0229571 0.0176551 0.0129778 0.00903455 0.00590096 0.00358398
 0.00862792 0.0140076 0.021062 0.0297054 0.0396175 0.0500927 0.06001 0.0681033 0.0734216 0.0756381 0.0750035 0.0720756 0.0674704 0.0617427 0.0553523 0.0486585 0.0419272 0.0353501 0.02907 0.0232033 0.0178592 0.0131487 0.00917596 0.00601216 0.00366423
 0.00872548 0.0141543 0.021259 0.0299428 0.039872 0.0503294 0.0601866 0.0681802 0.073377 0.075479 0.0747657 0.0718086 0.0672184 0.0615328 0.0551941 0.0485501 0.041861 0.0353163 0.0290584 0.0232061 0.0178726 0.0131708 0.00920448 0.00604285 0.00369209
 0.00887291 0.0144022 0.0216453 0.0305022 0.0406214 0.0512477 0.0611992 0.0691624 0.0741821 0.0759807 0.0748948 0.0715683 0.0666749 0.0607893 0.0543605 0.0477194 0.0410974 0.0346552 0.0285132 0.0227762 0.0175491 0.0129409 0.00905228 0.00595059 0.00364179
