SBPRF35
7.78865
Curr Bio
674932
B35
721765
F35
0.230327
FOFL
0.226287
OFL
119535
Bzero
2.22533e+06
#pred survey bio
 4.60039e+06 4.31996e+06 4.06219e+06 3.75855e+06 3.44304e+06 3.11207e+06 2.76917e+06 2.44618e+06 2.15381e+06 1.91366e+06 1.67561e+06 1.46386e+06 1.317e+06 1.15614e+06 1.01639e+06 897334 809554 748766 694343 657973 636598 614796 585654 577051 577151 576794 568336 562292 562117 562622 574912 568727 567811 561289 566503 548128 533411 528028 533618 522714 531400 538391 544978 555204 569188 583524 593673 613998 647403 671725 2.47178e+07 1.51053e+07 1.5381e+07 1.57016e+07 1.60338e+07 1.63403e+07 1.66027e+07 1.6817e+07 1.69865e+07 1.71179e+07 1.72185e+07 1.7295e+07 1.7353e+07 1.73969e+07 1.74302e+07 1.74555e+07 1.74748e+07 1.74896e+07 1.75008e+07 1.75095e+07 1.75161e+07 1.75212e+07 1.75251e+07 1.75282e+07 1.75305e+07 1.75323e+07 1.75337e+07 1.75348e+07 1.75356e+07 1.75362e+07 1.75367e+07 1.75371e+07 1.75374e+07 1.75376e+07 1.75378e+07 1.7538e+07 1.75381e+07 1.75381e+07 1.75382e+07 1.75383e+07 1.75383e+07 1.75383e+07 1.75384e+07 1.75384e+07 1.75384e+07 1.75384e+07 1.75384e+07 1.75384e+07 1.75384e+07 1.75384e+07 1.75384e+07 1.75384e+07 1.75384e+07 1.75384e+07 1.75384e+07 1.75384e+07 1.75384e+07 1.75384e+07 1.75384e+07 1.75384e+07 1.75384e+07 1.75384e+07 1.75384e+07 1.75384e+07 1.75384e+07 1.75384e+07 1.75384e+07 1.75384e+07 1.75384e+07 1.75384e+07 1.75384e+07 1.75384e+07 1.75384e+07 1.75384e+07 1.75384e+07 1.75384e+07 1.75384e+07 1.75384e+07 1.75384e+07 1.75384e+07 1.75384e+07 1.75384e+07 1.75384e+07 1.75384e+07 1.75384e+07 1.75384e+07 1.75384e+07 1.75384e+07 1.75384e+07 1.75384e+07 1.75384e+07 1.75384e+07 1.75384e+07 1.75384e+07 1.75384e+07 1.75384e+07 1.75384e+07 1.75384e+07 1.75384e+07 1.75384e+07 0 0 0 0 0 0 0 0 0 0 0 0 0 0 0 0 0 0 0 0 0 0 0 0 0
#obs survey bio
 3.2008e+06 4.4728e+06 4.288e+06 2.7505e+06 3.93964e+06 2.65786e+06 2.06979e+06 2.40636e+06 1.93906e+06 1.50197e+06 1.68714e+06 952076 1.63642e+06 494635 1.13624e+06 949219 707768 607182 507708 636097 837490 734185 451211 668344 524211 481689 673177 418321 511231 539606 431641 601875 573340 537998 691125 608529 585112 684394 703575 477396 562874 540215 777420 505777 565125 553690 840265 351604 549414 664220
#pred catch bio
 87267.9 87097.7 156532 198624 245640 290592 305785 308046 286490 305608 298500 252590 271647 255405 235505 204623 177425 167414 147236 130285 127141 130590 111766 104130 104180 109860 106520 101215 100630 90915.1 105910 98842.6 99886 85829.9 101133 95092.9 89392 84501.3 100666 84693.7 87001.8 87804.8 85558.4 84313.5 86802.4 93608.3 89675.1 85706.1 100783 97563.9 119535 123015 124283 125769 127474 129074 130398 131413 132154 132675 133031 133269 133426 133528 133594 133636 133662 133679 133689 133696 133700 133703 133704 133705 133706 133706 133706 133706 133707 133707 133707 133707 133707 133707 133707 133707 133707 133707 133707 133707 133707 133707 133707 133707 133707 133707 133707 133707 133707 133707 133707 133707 133707 133707 133707 133707 133707 133707 133707 133707 133707 133707 133707 133707 133707 133707 133707 133707 133707 133707 133707 133707 133707 133707 133707 133707 133707 133707 133707 133707 133707 133707 133707 133707 133707 133707 133707 133707 133707 133707 133707 133707 133707 133707 133707 133707 133707 133707 133707 133707 0 0 0 0 0 0 0 0 0 0 0 0 0 0 0 0 0 0 0 0 0 0 0 0 0
#obs catch bio
 0 86774.2 157155 199596 247316 292825 309516 312435 290612 311258 304919 258620 277503 263820 241494 208229 180301 169576 149320 131427 127534 131093 112918 104756 105192 110847 106969 101990 101702 91443.7 107357 100017 100679 85979.4 101268 94748.7 88883.2 83901.1 100038 83983.9 86460.3 87286.2 84750.9 83765.2 86252.5 93183.9 89051.2 85736.5 101069 97499.9
#pred cpue bio
 4.51395e+06 4.23627e+06 3.98074e+06 3.6785e+06 3.36505e+06 3.0366e+06 2.69619e+06 2.37545e+06 2.08532e+06 1.84699e+06 1.61125e+06 1.40191e+06 1.2569e+06 1.09906e+06 962453 847014 762275 703852 651857 617438 597595 577076 548939 540475 540657 540538 532691 526993 526747 527251 539241 533660 533641 528476 534725 518075 503609 496643 500654 490010 498582 505471 511898 521630 534679 547904 556932 575345 605998 628113 2.31372e+07 1.41609e+07 1.44231e+07 1.47173e+07 1.50382e+07 1.53417e+07 1.56036e+07 1.58178e+07 1.59873e+07 1.61187e+07 1.62193e+07 1.62958e+07 1.63537e+07 1.63977e+07 1.6431e+07 1.64563e+07 1.64756e+07 1.64903e+07 1.65016e+07 1.65102e+07 1.65169e+07 1.6522e+07 1.65259e+07 1.65289e+07 1.65313e+07 1.65331e+07 1.65345e+07 1.65355e+07 1.65364e+07 1.6537e+07 1.65375e+07 1.65379e+07 1.65382e+07 1.65384e+07 1.65386e+07 1.65387e+07 1.65388e+07 1.65389e+07 1.6539e+07 1.6539e+07 1.65391e+07 1.65391e+07 1.65391e+07 1.65391e+07 1.65392e+07 1.65392e+07 1.65392e+07 1.65392e+07 1.65392e+07 1.65392e+07 1.65392e+07 1.65392e+07 1.65392e+07 1.65392e+07 1.65392e+07 1.65392e+07 1.65392e+07 1.65392e+07 1.65392e+07 1.65392e+07 1.65392e+07 1.65392e+07 1.65392e+07 1.65392e+07 1.65392e+07 1.65392e+07 1.65392e+07 1.65392e+07 1.65392e+07 1.65392e+07 1.65392e+07 1.65392e+07 1.65392e+07 1.65392e+07 1.65392e+07 1.65392e+07 1.65392e+07 1.65392e+07 1.65392e+07 1.65392e+07 1.65392e+07 1.65392e+07 1.65392e+07 1.65392e+07 1.65392e+07 1.65392e+07 1.65392e+07 1.65392e+07 1.65392e+07 1.65392e+07 1.65392e+07 1.65392e+07 1.65392e+07 1.65392e+07 1.65392e+07 1.65392e+07 1.65392e+07 1.65392e+07 1.65392e+07 1.65392e+07 0 0 0 0 0 0 0 0 0 0 0 0 0 0 0 0 0 0 0 0 0 0 0 0 0
#obs cpue bio
 3.27302e+06 3.59951e+06 3.72863e+06 2.30642e+06 2.66968e+06 4.10595e+06 1.97938e+06 1.97794e+06 1.6739e+06 1.9557e+06 1.15418e+06 971642 1.36872e+06 940405 937233 836108 665652 903927 622179 674740 604047 487245 352732 534630 406194 663216 539846 471693 438879 527590 503173 392825 716665 591434 631386 618968 592184 420524 499084 570216 494760 548606 538665 495770 577649 578690 502055 460225 746168 712063
#pred surv len freq
 0.00462258 0.00745709 0.0111405 0.0156463 0.0208924 0.0266806 0.0326496 0.0383383 0.0433404 0.0474307 0.0505788 0.0528862 0.0545145 0.0556315 0.0563682 0.0567898 0.0568919 0.05661 0.0558137 0.0542743 0.0516448 0.0475337 0.0417112 0.0343619 0.0261909
 0.00494152 0.00789777 0.0116651 0.016185 0.021381 0.0271086 0.0330839 0.0388928 0.044099 0.04837 0.0515448 0.0536444 0.0548479 0.0554322 0.0556795 0.0557851 0.055806 0.0556507 0.0550904 0.0537724 0.0512588 0.0471401 0.0412398 0.0338248 0.0256584
 0.00507573 0.00815039 0.0121033 0.016878 0.0223669 0.0283545 0.0344684 0.0402387 0.0452497 0.0492594 0.0522027 0.0541309 0.0551697 0.0555132 0.0554084 0.0551024 0.0547613 0.0543923 0.0537968 0.0525745 0.0502012 0.0462004 0.0403814 0.0330412 0.0249788
 0.00522585 0.00838856 0.0124551 0.0173742 0.0230499 0.0292784 0.0356824 0.0417511 0.0469901 0.0510666 0.0538626 0.0554479 0.056027 0.0558788 0.055295 0.0545281 0.0537507 0.0530072 0.052154 0.0508244 0.0484835 0.0446123 0.0389781 0.0318554 0.0240329
 0.00542504 0.00870317 0.0129117 0.0179926 0.0238424 0.0302489 0.0368268 0.0430583 0.0484421 0.0526308 0.0554723 0.0569863 0.0573336 0.0567869 0.0556779 0.0543267 0.0529718 0.0517107 0.0504446 0.0488462 0.0464047 0.0425982 0.0371656 0.0303378 0.0228549
 0.00570201 0.00913844 0.0135393 0.0188353 0.0249095 0.0315332 0.0382981 0.0446616 0.0501035 0.0542715 0.0570211 0.05838 0.0585055 0.0576523 0.0561333 0.0542683 0.0523271 0.0504665 0.0486607 0.0466534 0.0439888 0.040172 0.0349316 0.0284506 0.0213964
 0.00599344 0.00960934 0.0142426 0.0198186 0.0262059 0.0331476 0.0401919 0.0467463 0.0522513 0.0563392 0.0588753 0.0599155 0.0596508 0.058363 0.056376 0.0540051 0.0515146 0.0490744 0.0467039 0.0442204 0.0412504 0.0373608 0.0322962 0.0261988 0.0196485
 0.0062988 0.0100958 0.0149577 0.0208033 0.0274925 0.0347522 0.0421015 0.0489059 0.054559 0.0586526 0.0610298 0.0617488 0.0610294 0.0591987 0.0566271 0.053662 0.0505803 0.047557 0.0446301 0.0416649 0.0383625 0.0343646 0.029453 0.0237436 0.0177289
 0.00663479 0.0106271 0.0157301 0.0218519 0.0288384 0.0363972 0.0440195 0.051036 0.0568071 0.0609006 0.0631456 0.0635956 0.0624756 0.0601321 0.0569678 0.053369 0.0496479 0.0460068 0.0425103 0.0390636 0.0354285 0.0313143 0.0265438 0.0212157 0.0157407
 0.00691476 0.0110768 0.0163973 0.0227787 0.0300548 0.0379114 0.0458054 0.0530272 0.0589034 0.0629833 0.0650943 0.0652978 0.0638303 0.0610507 0.0573758 0.0532099 0.048889 0.0446455 0.0405812 0.0366508 0.0326776 0.0284335 0.0237797 0.0188001 0.0138308
 0.00722591 0.0115768 0.0171396 0.0238106 0.0314111 0.039602 0.0478001 0.0552455 0.0612189 0.0652414 0.0671361 0.066983 0.065053 0.0617449 0.0575101 0.0527759 0.0478911 0.0430998 0.0385262 0.0341649 0.0298968 0.0255546 0.0210359 0.0164109 0.0119447
 0.00747599 0.0119877 0.0177668 0.0247102 0.0326311 0.0411666 0.0496915 0.0573927 0.0635008 0.067503 0.0692104 0.0687123 0.0663089 0.0624424 0.057612 0.0522854 0.0468385 0.0415306 0.0365 0.0317676 0.0272569 0.0228497 0.0184748 0.0141895 0.0101946
 0.007677 0.0122971 0.0182019 0.0252812 0.0333467 0.0420405 0.0507418 0.058632 0.0649196 0.0690553 0.0708081 0.0702335 0.067617 0.0634096 0.0581388 0.0523118 0.0463453 0.0405349 0.0350509 0.0299469 0.025185 0.0206862 0.0164022 0.0123777 0.00875925
 0.00780472 0.0125374 0.0186226 0.0259618 0.0343555 0.0434009 0.0524051 0.060478 0.0667886 0.0707939 0.0723011 0.0714098 0.0684351 0.0638416 0.0581631 0.0519146 0.0455264 0.0393141 0.0334729 0.0280864 0.0231513 0.0186204 0.0144618 0.0107053 0.00744751
 0.00790911 0.0127076 0.0188827 0.0263433 0.0349004 0.0441611 0.0534302 0.06179 0.0683518 0.0724977 0.0739729 0.0728584 0.0695049 0.0644465 0.058287 0.0515872 0.0447958 0.0382316 0.0320942 0.0264813 0.0214135 0.0168688 0.012827 0.00930385 0.00635308
 0.00813288 0.0130458 0.0193448 0.0269224 0.035579 0.0449197 0.054254 0.0626713 0.0692877 0.0734806 0.074976 0.073821 0.0703319 0.0650279 0.0585304 0.0514444 0.0442699 0.0373652 0.0309525 0.025143 0.0199693 0.015422 0.011485 0.00815965 0.00546365
 0.0082533 0.0132448 0.0196489 0.0273554 0.0361531 0.0456242 0.0550485 0.0634902 0.0700601 0.0741554 0.0755358 0.0742763 0.070698 0.0653011 0.0586776 0.0514133 0.0440112 0.0368553 0.030204 0.0242032 0.0189126 0.0143387 0.010468 0.00728726 0.00478358
 0.00829921 0.0133147 0.0197464 0.0274838 0.0363186 0.0458386 0.0553276 0.0638461 0.0704901 0.0746349 0.0760226 0.0747252 0.0710768 0.0655958 0.0588835 0.0515194 0.0439937 0.0366839 0.0298587 0.0236904 0.0182707 0.0136327 0.00977437 0.00667486 0.00429749
 0.00834349 0.0133879 0.0198586 0.027644 0.0365323 0.0461041 0.0556338 0.0641748 0.0708219 0.0749547 0.0763202 0.0749906 0.0712969 0.0657552 0.0589693 0.0515242 0.0439126 0.0365103 0.029585 0.0233158 0.0178112 0.013125 0.00926924 0.00622328 0.0039355
 0.00837812 0.0134304 0.0198977 0.0276625 0.0365136 0.0460423 0.0555405 0.0640779 0.0707558 0.0749486 0.0763897 0.0751362 0.0715062 0.0660059 0.0592321 0.0517666 0.0441031 0.036623 0.0296022 0.023231 0.0176324 0.0128767 0.00898902 0.00595217 0.0037064
 0.00848743 0.0135777 0.0200624 0.0278047 0.0365835 0.0459955 0.0553547 0.0637621 0.0703515 0.0745224 0.076019 0.0748902 0.0714272 0.0660996 0.0594694 0.052095 0.0444615 0.036954 0.0298614 0.0233917 0.0176884 0.0128413 0.00889059 0.00582562 0.00358312
 0.00867767 0.0138661 0.0204558 0.0282907 0.0371276 0.0465412 0.0558267 0.0640776 0.0704419 0.0743591 0.0756284 0.0743492 0.0708395 0.0655649 0.0590573 0.0518327 0.0443361 0.0369255 0.0298795 0.0234114 0.01768 0.0127943 0.00881168 0.00573192 0.00349332
 0.00881577 0.0140993 0.0208215 0.0288256 0.0378549 0.0474522 0.0568632 0.0651295 0.0713654 0.0750106 0.0759023 0.0742056 0.0703145 0.0647598 0.0581098 0.0508797 0.0434813 0.0362234 0.029338 0.0230071 0.0173776 0.012562 0.00862856 0.00558791 0.00338458
 0.00882619 0.014107 0.0208182 0.0288033 0.0378149 0.0474153 0.0568729 0.0652397 0.0716143 0.0753936 0.0763612 0.0746438 0.0706315 0.064888 0.0580364 0.0506449 0.0431577 0.0358862 0.0290415 0.0227749 0.0172075 0.0124388 0.00853634 0.00551637 0.00332936
 0.00874922 0.013992 0.0206633 0.028612 0.0375933 0.04717 0.0566125 0.0649824 0.0713951 0.0752634 0.0763719 0.0748226 0.0709599 0.065301 0.0584462 0.0509755 0.043371 0.0359875 0.0290639 0.0227574 0.0171785 0.0124115 0.00851307 0.00549586 0.003311
 0.00866032 0.0138563 0.0204758 0.0283749 0.0373162 0.0468691 0.0563094 0.0647018 0.0711613 0.0750978 0.0762931 0.0748473 0.0711004 0.0655556 0.0587895 0.0513587 0.0437361 0.0362876 0.0292783 0.0228914 0.0172526 0.012448 0.00852862 0.0055003 0.00330971
 0.00877737 0.0140181 0.0206669 0.0285632 0.0374626 0.0469416 0.0562954 0.0646098 0.0710137 0.074921 0.0761095 0.0746749 0.0709546 0.0654512 0.0587385 0.0513637 0.0437857 0.0363587 0.0293451 0.0229361 0.0172707 0.0124455 0.00851537 0.00548453 0.00329603
 0.00885368 0.0141418 0.0208506 0.0288136 0.0377734 0.0472862 0.056624 0.0648587 0.071127 0.0748728 0.0759152 0.0743821 0.0706229 0.0651332 0.0584692 0.0511605 0.0436509 0.0362824 0.0293097 0.022922 0.0172622 0.0124345 0.00850101 0.00546941 0.003283
 0.00880199 0.014071 0.020769 0.0287387 0.0377285 0.0472936 0.0566972 0.0649951 0.0713042 0.0750516 0.0760506 0.0744399 0.070594 0.0650361 0.0583404 0.0510379 0.0435608 0.0362346 0.0292994 0.022936 0.0172858 0.0124565 0.00851575 0.00547654 0.00328484
 0.00881935 0.0140858 0.0207675 0.0287021 0.0376412 0.0471544 0.0565267 0.0648333 0.0711961 0.0750281 0.0761148 0.0745665 0.0707405 0.0651617 0.0584213 0.0510729 0.0435659 0.0362311 0.0293028 0.0229517 0.0173103 0.0124828 0.00853783 0.00549166 0.00329338
 0.00853829 0.0136793 0.0202481 0.0281114 0.037035 0.0465814 0.0560149 0.0643942 0.0708417 0.074785 0.0760231 0.074662 0.0710324 0.0656204 0.0589854 0.0516703 0.0441354 0.0367351 0.0297266 0.0232952 0.0175795 0.0126851 0.0086817 0.00558702 0.00335155
 0.00828889 0.013307 0.0197514 0.0275158 0.0363921 0.0459616 0.0554969 0.0640482 0.0707083 0.0748593 0.0762575 0.0749899 0.0713984 0.0659961 0.0593639 0.0520494 0.0445058 0.0370801 0.0300298 0.0235468 0.0177778 0.012834 0.00878775 0.00565794 0.0033955
 0.00811806 0.0130206 0.0193064 0.026872 0.0355281 0.0448964 0.0543083 0.0628717 0.0697089 0.0741864 0.0760015 0.0751611 0.0719328 0.066784 0.060286 0.0530047 0.0454227 0.0379132 0.0307523 0.0241447 0.0182483 0.0131845 0.00903373 0.00581952 0.00349412
 0.00791906 0.0127237 0.0189071 0.0263786 0.0349519 0.0442421 0.0535723 0.0620561 0.0688454 0.0733523 0.0753141 0.074745 0.0718765 0.0671064 0.0609319 0.0538679 0.046382 0.038863 0.0316172 0.0248811 0.0188384 0.0136298 0.00934886 0.00602759 0.00362146
 0.00775823 0.012447 0.0184646 0.0257194 0.0340421 0.0430883 0.0522389 0.0606611 0.0675301 0.0722444 0.0745064 0.0742967 0.0718237 0.0674637 0.0616797 0.0549397 0.0476665 0.0402251 0.0329281 0.0260424 0.0197934 0.0143614 0.0098712 0.00637404 0.00383392
 0.00852589 0.0135334 0.019798 0.0271255 0.0352853 0.0439432 0.0525545 0.0603898 0.0667227 0.0710268 0.0730486 0.0727803 0.0704122 0.0662836 0.0608143 0.0544275 0.0474999 0.0403514 0.0332598 0.0264779 0.0202408 0.0147557 0.0101794 0.00659111 0.00397243
 0.00924222 0.0146611 0.0214171 0.0292603 0.0378703 0.0467878 0.055329 0.0626702 0.0681041 0.0712605 0.0721261 0.0709195 0.0679646 0.0636223 0.0582521 0.0521811 0.0456878 0.0390078 0.032353 0.025932 0.0199584 0.0146409 0.0101546 0.00660373 0.00399351
 0.00908031 0.0145167 0.0214202 0.0296071 0.0387734 0.0483916 0.0576266 0.0654618 0.0710185 0.0738332 0.0739135 0.0716184 0.067497 0.0621484 0.0561038 0.0497501 0.0433208 0.0369442 0.0307123 0.0247324 0.0191498 0.0141386 0.00986758 0.006453 0.00392085
 0.00873176 0.0139781 0.0206707 0.0286701 0.0377395 0.0474374 0.0570093 0.0654645 0.071845 0.0754944 0.0761745 0.0740486 0.0696081 0.0635549 0.0566342 0.0494685 0.0424634 0.0358134 0.029577 0.0237696 0.0184344 0.0136659 0.00958846 0.00630597 0.00385216
 0.00879248 0.0140444 0.0207103 0.0286327 0.0375712 0.0471067 0.0565366 0.0649419 0.0714338 0.0753901 0.0765389 0.0749285 0.0708826 0.0649514 0.0578205 0.0501773 0.0425871 0.0354214 0.0288591 0.0229467 0.0176818 0.0130786 0.00918639 0.00606115 0.00371865
 0.00873413 0.0139513 0.0205717 0.0284351 0.0372955 0.0467279 0.0560298 0.0642994 0.0706894 0.0746384 0.0759341 0.0746493 0.0710668 0.0656271 0.0588717 0.0513728 0.0436647 0.0361865 0.0292453 0.0230108 0.017549 0.0128765 0.00900144 0.00592989 0.00364158
 0.00869991 0.0138978 0.0204952 0.0283328 0.0371653 0.0465666 0.0558319 0.0640559 0.0703892 0.0742769 0.0755276 0.0742505 0.0707672 0.0655332 0.0590586 0.0518381 0.0443137 0.0368653 0.0298055 0.0233679 0.0177018 0.0128833 0.00893793 0.00585441 0.00358335
 0.00881924 0.0140606 0.0206826 0.0285081 0.037284 0.0465931 0.0557522 0.0638795 0.0701399 0.07398 0.0752023 0.0739128 0.0704401 0.0652565 0.0588872 0.0518228 0.0444721 0.0371622 0.0301608 0.0236907 0.0179294 0.0130007 0.00896926 0.00583923 0.00355475
 0.00893511 0.0142377 0.0209265 0.0288118 0.0376245 0.0469295 0.0560282 0.0640344 0.0701278 0.0737892 0.0748615 0.0734796 0.0699796 0.0648254 0.058529 0.0515705 0.0443474 0.0371673 0.0302701 0.0238548 0.0180927 0.013123 0.00903753 0.0058632 0.00355362
 0.00900148 0.0143417 0.0210755 0.0290098 0.0378703 0.0472144 0.0563324 0.0643246 0.0703594 0.0739146 0.0748445 0.0733089 0.0696765 0.0644383 0.05812 0.0511986 0.0440569 0.0369816 0.0301897 0.0238586 0.0181455 0.0131885 0.00909011 0.00589339 0.00356466
 0.00908577 0.014469 0.021249 0.0292263 0.0381219 0.0474904 0.0566205 0.0646094 0.0706206 0.074126 0.074976 0.0733319 0.0695724 0.064208 0.0577888 0.0508123 0.0436705 0.0366444 0.0299336 0.0236922 0.0180567 0.0131529 0.0090821 0.00589416 0.00356506
 0.00940078 0.0149302 0.0218485 0.0299233 0.0388539 0.0481917 0.0572368 0.0651027 0.0709668 0.0743116 0.0749959 0.0731884 0.0692743 0.0637712 0.0572383 0.0501857 0.0430164 0.0360165 0.0293799 0.0232446 0.0177253 0.0129277 0.00894055 0.00581079 0.00351817
 0.00957912 0.0152167 0.0222708 0.0304986 0.0395781 0.0490267 0.0581042 0.0658939 0.0715723 0.0746567 0.0750616 0.0730058 0.0689013 0.0632676 0.0566523 0.0495535 0.0423692 0.0353869 0.028802 0.0227489 0.0173312 0.0126388 0.00874572 0.00568973 0.00344858
 0.00946014 0.0150591 0.0221008 0.0303653 0.0395429 0.0491442 0.0584023 0.0663609 0.0721554 0.0752713 0.0756111 0.0734081 0.0691107 0.0632824 0.0565047 0.0492904 0.0420364 0.0350226 0.0284382 0.0224131 0.0170451 0.0124151 0.00858615 0.00558611 0.00338735
 0.00905097 0.0144794 0.0213881 0.0296127 0.0388782 0.0486938 0.0582575 0.0665604 0.0726821 0.0760566 0.0765444 0.0743558 0.0699439 0.0639059 0.0568755 0.0494185 0.0419694 0.0348249 0.0281726 0.0221312 0.0167843 0.0121983 0.00842281 0.0054745 0.00331829
#obs surv len freq
 nan nan nan nan nan nan nan nan nan nan nan nan nan nan nan nan nan nan nan nan nan nan nan nan nan
 0.00448405 0.00734538 0.0111757 0.015993 0.0216952 0.0279725 0.0342881 0.0400203 0.0446999 0.0481629 0.0505193 0.0520133 0.0529037 0.0534143 0.0537272 0.0539811 0.0542589 0.0545511 0.0546895 0.0542813 0.0527194 0.0493518 0.043802 0.0362828 0.0276672
 0.00461459 0.00755896 0.0114994 0.0164518 0.0223062 0.0287356 0.0351764 0.0409775 0.0456477 0.0490162 0.0512023 0.0524706 0.0531063 0.0533602 0.0534372 0.0534914 0.0536126 0.0537906 0.0538538 0.0534071 0.0518454 0.0485209 0.0430585 0.0356643 0.0271945
 0.00477438 0.00782068 0.0118969 0.0170179 0.0230662 0.0296969 0.0363175 0.0422429 0.0469535 0.0502635 0.052292 0.0533153 0.0536391 0.0535415 0.0532581 0.0529724 0.052797 0.0527366 0.0526266 0.0520763 0.0504855 0.0472115 0.0418787 0.0346791 0.0264402
 0.00495895 0.00812362 0.0123582 0.0176768 0.0239537 0.0308239 0.0376624 0.0437465 0.0485263 0.0518006 0.0536878 0.0544728 0.0544745 0.0539894 0.0532765 0.0525483 0.0519487 0.0515119 0.0510996 0.0503429 0.0486599 0.0454197 0.0402455 0.0333064 0.025385
 0.00517402 0.00847447 0.0128886 0.0184287 0.0249595 0.0320947 0.0391749 0.0454376 0.050301 0.0535484 0.0552984 0.0558455 0.0555221 0.0546385 0.05347 0.0522487 0.0511442 0.0502238 0.0493879 0.0483098 0.0464472 0.0431977 0.0381887 0.0315605 0.024035
 0.00540515 0.00885411 0.0134672 0.0192555 0.0260731 0.0335075 0.0408582 0.0473164 0.0522652 0.0554744 0.0570687 0.0573588 0.056694 0.0553996 0.0537629 0.0520282 0.0503814 0.0489158 0.047572 0.046077 0.0439484 0.0406327 0.0357756 0.0294883 0.0224199
 0.00566089 0.00926877 0.0140895 0.0201308 0.0272358 0.0349688 0.0425921 0.0492534 0.0542998 0.0574834 0.0589296 0.0589623 0.0579498 0.0562362 0.0541243 0.0518698 0.0496696 0.0476349 0.0457405 0.0437688 0.0413081 0.0378715 0.0331377 0.0271961 0.0206176
 0.00590249 0.00967019 0.0147094 0.0210282 0.0284578 0.0365301 0.0444568 0.0513304 0.0564593 0.0595847 0.0608454 0.0605892 0.0592076 0.0570629 0.0544714 0.0516979 0.0489471 0.046343 0.0438885 0.0414173 0.0385907 0.0349976 0.0303626 0.0247616 0.0186881
 0.00614996 0.0100731 0.0153173 0.0218893 0.0296111 0.0379932 0.0462102 0.0533091 0.0585572 0.0616709 0.0627844 0.0622583 0.0605079 0.0579236 0.0548453 0.0515533 0.048261 0.0451014 0.0420986 0.0391314 0.0359304 0.0321615 0.0276013 0.0223203 0.0167399
 0.00637587 0.0104475 0.0158939 0.0227218 0.0307423 0.0394372 0.0479359 0.0552367 0.0605718 0.0636467 0.0646045 0.0638226 0.0617337 0.0587433 0.0552071 0.0514203 0.0476086 0.0439179 0.0403931 0.0369529 0.0333906 0.0294448 0.0249445 0.0199597 0.0148465
 0.00662068 0.0108429 0.0164845 0.0235484 0.0318351 0.0408053 0.0495545 0.0570402 0.0624597 0.0655007 0.0663068 0.0652709 0.062848 0.0594664 0.0555002 0.0512563 0.0469681 0.0427906 0.0387872 0.0349128 0.0310179 0.0269078 0.0224605 0.0177476 0.0130671
 0.00685937 0.0112363 0.0170857 0.0244085 0.0329908 0.0422607 0.0512646 0.058909 0.064358 0.0672954 0.0678847 0.0665481 0.0637678 0.0599932 0.0556133 0.0509449 0.0462274 0.0416209 0.0372017 0.032954 0.0287772 0.0245351 0.02015 0.0156955 0.0114179
 0.00706349 0.0115756 0.0176103 0.0251696 0.0340304 0.0435945 0.0528644 0.0606949 0.0662091 0.0690719 0.069454 0.0678034 0.0646381 0.0604434 0.0556366 0.0505516 0.0454339 0.0404458 0.0356702 0.031112 0.0267086 0.0223718 0.0180603 0.0138486 0.00993769
 0.00726228 0.0118985 0.0180962 0.0258551 0.0349438 0.0447458 0.0542332 0.0622249 0.0678121 0.0706409 0.0708783 0.0689812 0.0654869 0.0609078 0.0556914 0.0501983 0.0446931 0.0393485 0.034256 0.0294355 0.024852 0.0204525 0.0162224 0.0122342 0.00864909
 0.00745135 0.0122077 0.0185644 0.0265184 0.0358274 0.0458513 0.0555273 0.0636372 0.0692477 0.0720002 0.0720737 0.0699434 0.0661636 0.0612614 0.0556984 0.0498514 0.0440012 0.0383363 0.0329635 0.0279203 0.0231949 0.0187602 0.0146191 0.0108379 0.00754176
 0.00754755 0.0123693 0.0188175 0.0268916 0.0363471 0.0465332 0.0563675 0.0646068 0.0702947 0.0730579 0.0730703 0.070811 0.066844 0.0617094 0.0558818 0.0497502 0.0436081 0.0376585 0.0320256 0.026769 0.0219018 0.0174204 0.0133406 0.00972104 0.00665508
 0.00759978 0.012449 0.0189288 0.0270373 0.0365315 0.0467659 0.0566638 0.0649845 0.0707668 0.073624 0.0737103 0.0714847 0.0674959 0.0622772 0.0563057 0.0499798 0.0436076 0.03741 0.0315327 0.0260601 0.0210328 0.0164718 0.0124059 0.00888827 0.00598593
 0.00763389 0.0124999 0.0189968 0.0271199 0.0366238 0.046863 0.0567637 0.0650913 0.0708926 0.0737891 0.0739376 0.0717897 0.0678757 0.0627043 0.0567304 0.0503401 0.0438418 0.0374689 0.0313895 0.0257169 0.0205227 0.0158559 0.0117622 0.00829351 0.00549686
 0.00769735 0.0125918 0.0191141 0.0272522 0.0367563 0.0469805 0.0568551 0.0651514 0.0709242 0.0738025 0.0739516 0.0718286 0.0679632 0.062854 0.0569372 0.0505756 0.0440586 0.037612 0.0314112 0.0255909 0.0202536 0.0154791 0.0113352 0.00787898 0.00514505
 0.00777533 0.0127138 0.019288 0.0274799 0.0370311 0.0472843 0.0571576 0.0654139 0.0711095 0.0738882 0.0739375 0.0717368 0.0678304 0.06272 0.0568338 0.0505175 0.0440385 0.0376018 0.0313719 0.0254868 0.0200672 0.015219 0.0110334 0.00757874 0.00488504
 0.00783543 0.0128108 0.0194323 0.02768 0.0372905 0.047598 0.0575075 0.0657685 0.0714281 0.0741296 0.0740706 0.0717487 0.0677297 0.0625352 0.0566047 0.050284 0.0438284 0.0374238 0.0312149 0.0253286 0.0198871 0.0150098 0.0108058 0.00735602 0.00469188
 0.00786497 0.0128552 0.0194927 0.0277559 0.0373814 0.0477047 0.0576326 0.0659145 0.0715934 0.0743049 0.0742379 0.071884 0.0678103 0.0625473 0.0565494 0.0501768 0.0436929 0.0372821 0.0310788 0.0251975 0.019753 0.0148661 0.0106543 0.00720782 0.00456157
 0.00785672 0.0128414 0.0194714 0.0277253 0.0373405 0.0476549 0.0575791 0.0658668 0.071565 0.0743102 0.0742872 0.0719785 0.067939 0.0626886 0.0566779 0.0502724 0.0437469 0.037297 0.0310636 0.0251605 0.0196987 0.0147968 0.0105738 0.00712376 0.00448386
 0.00786892 0.0128548 0.0194797 0.027719 0.0373097 0.0475934 0.0574884 0.0657572 0.071453 0.0742145 0.0742254 0.0719636 0.0679764 0.0627744 0.0567981 0.0504059 0.0438716 0.0373961 0.0311289 0.0251919 0.0197006 0.0147755 0.0105363 0.00707816 0.00443845
 0.00789872 0.0128989 0.0195377 0.0277864 0.037378 0.0476509 0.0575214 0.0657535 0.071406 0.0741276 0.0741127 0.0718471 0.0678794 0.0627147 0.0567835 0.0504324 0.043926 0.0374605 0.0311866 0.0252316 0.0197178 0.0147717 0.0105171 0.00705052 0.00440932
 0.00790208 0.0129045 0.0195461 0.0277981 0.0373926 0.0476664 0.0575342 0.0657576 0.0713949 0.0740962 0.07406 0.0717783 0.0678057 0.062651 0.0567441 0.0504263 0.0439534 0.037513 0.0312503 0.0252919 0.0197638 0.0147987 0.010526 0.00704645 0.00439846
 0.00788107 0.0128682 0.0194881 0.0277118 0.0372743 0.0475187 0.0573683 0.0655928 0.0712529 0.0739945 0.074007 0.0717721 0.0678387 0.062714 0.0568302 0.0505316 0.044075 0.0376462 0.0313865 0.0254199 0.019873 0.0148819 0.0105818 0.00707832 0.00441311
 0.00789503 0.0128846 0.0195008 0.0277109 0.0372481 0.0474576 0.0572685 0.0654589 0.0710979 0.0738375 0.0738693 0.0716719 0.0677869 0.0627121 0.056872 0.0506073 0.0441742 0.0377599 0.0315061 0.0255365 0.0199776 0.0149673 0.0106443 0.00711885 0.00443588
 0.00786648 0.0128413 0.0194414 0.0276356 0.0371575 0.0473519 0.0571474 0.0653227 0.0709504 0.0736879 0.0737321 0.0715651 0.0677269 0.0627093 0.0569279 0.0507142 0.0443185 0.0379254 0.0316773 0.0257002 0.020123 0.0150869 0.0107348 0.00718111 0.00447443
 0.00784801 0.0128069 0.019382 0.0275409 0.0370201 0.0471718 0.0569359 0.0651011 0.0707435 0.0735163 0.0736077 0.0714919 0.067705 0.0627383 0.057007 0.0508402 0.0444836 0.0381168 0.0318791 0.0258962 0.0202994 0.0152339 0.0108479 0.00726079 0.00452551
 0.00782541 0.0127723 0.0193335 0.0274773 0.0369399 0.0470723 0.056814 0.0649559 0.0705799 0.073347 0.0734513 0.0713684 0.0676293 0.0627178 0.0570415 0.0509246 0.0446099 0.0382745 0.0320553 0.0260759 0.0204678 0.0153792 0.0109628 0.00734398 0.00458024
 0.00779707 0.0127225 0.0192519 0.0273534 0.0367662 0.0468502 0.0565569 0.0646883 0.0703303 0.0731399 0.073302 0.0712834 0.0676099 0.0627622 0.0571456 0.0510809 0.0448074 0.0384993 0.0322921 0.0263088 0.0206819 0.0155623 0.0111078 0.00744937 0.0046502
 0.00775237 0.0126507 0.0191454 0.0272054 0.036572 0.0466089 0.0562748 0.0643807 0.0700219 0.072861 0.0730832 0.0711482 0.0675703 0.0628174 0.0572847 0.0512872 0.0450618 0.0387826 0.0325848 0.0265925 0.0209401 0.015782 0.0112814 0.00757591 0.00473465
 0.00773187 0.0126135 0.0190825 0.0271062 0.0364271 0.0464143 0.0560351 0.0641102 0.0697416 0.0725944 0.0728528 0.0709742 0.0674693 0.0628003 0.0573541 0.0514363 0.0452758 0.0390411 0.0328654 0.0268729 0.0212004 0.0160068 0.0114613 0.00770845 0.004824
 0.00934259 0.0148725 0.0218177 0.0299346 0.0388653 0.0480551 0.0566882 0.0638301 0.0687495 0.0711628 0.0712202 0.0693124 0.0658882 0.0613656 0.0561023 0.0503842 0.0444249 0.038381 0.0323764 0.0265291 0.020973 0.0158669 0.0113824 0.00766855 0.00480643
 0.00931531 0.0151276 0.0227296 0.0319694 0.0423789 0.0530201 0.0625198 0.0694804 0.073078 0.0733841 0.0711613 0.0673586 0.0627114 0.0576358 0.0523214 0.0468556 0.0412997 0.0357169 0.0301803 0.02478 0.0196328 0.0148851 0.0107002 0.00722277 0.00453488
 0.00896248 0.0145703 0.0219438 0.0310018 0.041403 0.0523753 0.0626729 0.0708609 0.0758258 0.0771589 0.0751817 0.0706984 0.0646857 0.0580382 0.0513985 0.0450951 0.0391974 0.0336394 0.0283379 0.0232618 0.0184526 0.0140165 0.0100966 0.00682918 0.00429589
 0.00879017 0.0142784 0.0214833 0.0303227 0.040473 0.0512139 0.0613947 0.0697051 0.0751381 0.077297 0.0763573 0.0728272 0.0673497 0.0606212 0.0533352 0.046087 0.0392744 0.0330626 0.0274373 0.0223099 0.0176151 0.0133624 0.00963059 0.00652327 0.00411057
 0.00872985 0.0141734 0.0213113 0.0300557 0.0400799 0.0506676 0.0606847 0.0688555 0.0742281 0.0764769 0.0758399 0.0728343 0.0680166 0.0619005 0.0549703 0.0476953 0.0405044 0.0337303 0.0275647 0.0220616 0.017194 0.0129292 0.00927415 0.00627043 0.00395119
 0.00870714 0.0141355 0.0212517 0.0299661 0.0399492 0.0504818 0.0604277 0.0685126 0.073793 0.0759641 0.0753008 0.0723671 0.0677563 0.0619763 0.0554405 0.0484955 0.0414512 0.0345925 0.0281628 0.0223336 0.0171932 0.0127692 0.00906613 0.00608642 0.00381944
 0.00868339 0.0140942 0.0211849 0.0298649 0.0398064 0.0502948 0.0602008 0.0682556 0.073517 0.0756772 0.0750094 0.072085 0.0675169 0.0618385 0.0554747 0.0487505 0.0419156 0.0351811 0.0287442 0.0227874 0.0174594 0.0128602 0.00904128 0.0060126 0.00374406
 0.00866741 0.0140709 0.0211544 0.029828 0.0397634 0.0502433 0.0601351 0.0681684 0.0734025 0.0755338 0.0748408 0.0718997 0.0673292 0.0616709 0.0553618 0.0487328 0.0420241 0.0354149 0.0290603 0.0231128 0.0177233 0.0130242 0.00910841 0.00601382 0.00371587
 0.00866718 0.0140697 0.0211511 0.0298214 0.0397524 0.0502278 0.0601158 0.0681456 0.0733743 0.0754952 0.0747847 0.0718203 0.0672255 0.0615508 0.0552426 0.0486406 0.0419872 0.0354536 0.0291741 0.0232761 0.0178942 0.0131634 0.00919536 0.00605097 0.00371993
 0.00864997 0.0140451 0.0211202 0.0297873 0.0397191 0.0501985 0.060092 0.068127 0.0733596 0.0754828 0.0747724 0.0718045 0.0672019 0.0615158 0.0551972 0.0485928 0.0419521 0.0354485 0.0292105 0.0233523 0.0179939 0.0132624 0.00927332 0.00609915 0.00374166
 0.00865912 0.0140558 0.0211288 0.0297883 0.0397072 0.0501718 0.0600537 0.0680847 0.0733222 0.0754563 0.0747577 0.0717984 0.0671985 0.0615094 0.0551841 0.0485731 0.0419307 0.0354346 0.0292142 0.0233792 0.0180412 0.0133195 0.00932678 0.00613927 0.00376563
 0.00865747 0.0140561 0.0211344 0.0298034 0.0397345 0.0502098 0.0600954 0.0681193 0.0733395 0.0754517 0.0747341 0.0717634 0.0671602 0.0614727 0.05515 0.0485407 0.0418999 0.035408 0.0291965 0.0233752 0.0180525 0.0133426 0.00935455 0.00616436 0.00378362
 0.00862207 0.0140031 0.0210636 0.0297181 0.0396418 0.0501199 0.0600195 0.0680678 0.0733187 0.0754613 0.0747674 0.0718103 0.0672121 0.0615241 0.0551988 0.0485861 0.0419413 0.0354451 0.0292303 0.0234076 0.0180852 0.0133757 0.0093859 0.00619092 0.00380322
 0.00862006 0.0139955 0.0210441 0.0296791 0.0395769 0.0500279 0.059908 0.0679525 0.0732192 0.0753945 0.0747422 0.0718259 0.0672595 0.061591 0.0552732 0.0486592 0.0420083 0.0355042 0.0292816 0.0234522 0.0181243 0.0134099 0.00941529 0.00621465 0.00382068
 0.00861662 0.01399 0.0210359 0.0296668 0.0395579 0.0499982 0.0598626 0.0678882 0.0731372 0.0753032 0.0746563 0.0717619 0.0672297 0.0615991 0.0553141 0.048722 0.0420809 0.0355768 0.0293481 0.0235098 0.0181726 0.0134495 0.00944667 0.00623842 0.00383751
#pred catch len freq
 0.0034088 0.00544179 0.00803814 0.0111883 0.0149122 0.0192349 0.0241227 0.029444 0.0349846 0.0404898 0.0457038 0.0504058 0.0544409 0.0577305 0.0602541 0.0620201 0.0630409 0.0633111 0.0627669 0.0612267 0.0583577 0.0537579 0.0471924 0.0388849 0.0296411
 0.00366234 0.00579653 0.00847023 0.0116515 0.0153662 0.0196809 0.0246188 0.0300777 0.0358093 0.0414627 0.0466681 0.0511364 0.0547324 0.0574831 0.0595169 0.0609748 0.061934 0.0623619 0.0620886 0.0607964 0.0580515 0.0534318 0.0467629 0.0383622 0.0291029
 0.00380195 0.00604098 0.00886649 0.0122439 0.016175 0.0206782 0.0257202 0.0311686 0.036798 0.0423225 0.0474276 0.0518178 0.0552867 0.0577815 0.0594139 0.0603995 0.060946 0.0611318 0.0608184 0.0596313 0.0570371 0.0525362 0.0459379 0.0375949 0.0284238
 0.00395696 0.00628461 0.00922168 0.0127371 0.0168432 0.0215708 0.0268842 0.0326154 0.0384667 0.0440682 0.0490553 0.0531481 0.056208 0.0582515 0.0594209 0.0599324 0.0600067 0.0597743 0.0591674 0.0578533 0.055286 0.050916 0.0445043 0.0363789 0.027448
 0.00415765 0.00659771 0.00966925 0.0133336 0.0175981 0.0224917 0.0279802 0.0338962 0.0399365 0.0457085 0.0507995 0.0548635 0.0577082 0.0593412 0.0599498 0.059825 0.0592615 0.0584504 0.0573765 0.0557538 0.0530646 0.0487563 0.0425568 0.0347455 0.0261779
 0.00443456 0.00702807 0.0102811 0.0141427 0.0186096 0.023702 0.0293739 0.0354425 0.0415883 0.0474073 0.0524807 0.0564552 0.0591208 0.0604583 0.0606327 0.0599388 0.0587121 0.057216 0.0555216 0.0534248 0.0504705 0.0461356 0.0401355 0.032696 0.0245916
 0.00472622 0.00749078 0.0109572 0.0150668 0.0198059 0.025179 0.0311145 0.037395 0.0436658 0.0494964 0.0544573 0.0582012 0.0605364 0.0614635 0.0611578 0.059913 0.0580657 0.0559017 0.0535496 0.0508928 0.0475702 0.0431284 0.0373001 0.0302648 0.0227002
 0.00503542 0.00797656 0.011659 0.016016 0.0210281 0.0266934 0.0329261 0.0394795 0.0459554 0.0518743 0.0567665 0.0602668 0.0621965 0.0625938 0.0616806 0.059788 0.0572727 0.0544344 0.0514295 0.0482006 0.0444742 0.0398822 0.0341999 0.027577 0.0205935
 0.00535899 0.00848257 0.0123849 0.0169883 0.0222641 0.0282029 0.0347068 0.0415076 0.048177 0.0542002 0.0590719 0.0623978 0.0639856 0.0638837 0.0623473 0.0597545 0.0565091 0.0529493 0.0492688 0.0454608 0.0413235 0.036567 0.0310138 0.024795 0.0183986
 0.00568457 0.00899479 0.0131253 0.0179875 0.0235415 0.0297644 0.0365373 0.0435634 0.0503827 0.056454 0.0612535 0.0643781 0.0656341 0.0650767 0.0629763 0.0597352 0.0557899 0.0515187 0.0471632 0.0427764 0.0382291 0.0333049 0.0278708 0.0220408 0.0162171
 0.00603025 0.00953978 0.0139155 0.0190584 0.024918 0.0314564 0.0385301 0.0458049 0.0527774 0.0588671 0.0635268 0.0663516 0.0671684 0.0660675 0.0633565 0.0594679 0.0548601 0.0499331 0.0449606 0.0400464 0.0351306 0.0300676 0.0247672 0.019328 0.0140699
 0.00626746 0.00992361 0.0144915 0.0198724 0.0260132 0.0328659 0.0402632 0.0478332 0.0550255 0.0612125 0.0658093 0.0683931 0.0687995 0.0671528 0.0638106 0.0592558 0.0539867 0.0484316 0.0428899 0.0375024 0.0322629 0.0270849 0.021915 0.0168377 0.0120993
 0.00655671 0.0103656 0.0151063 0.020666 0.026985 0.0340186 0.0416043 0.0493658 0.056731 0.0630359 0.0676533 0.0701249 0.0702698 0.0682196 0.0643613 0.0592209 0.0533432 0.0471988 0.0411252 0.0353024 0.0297703 0.024489 0.0194325 0.0146701 0.0103834
 0.00674162 0.0106826 0.0156129 0.0214245 0.0280472 0.0354031 0.0432765 0.051235 0.0586706 0.0649133 0.0693528 0.0715535 0.0713517 0.0688903 0.0645679 0.0589273 0.0525375 0.0458985 0.0393811 0.0332035 0.0274471 0.0221105 0.0171867 0.0127278 0.00885633
 0.00689219 0.0109213 0.0159643 0.0219165 0.0287165 0.0362968 0.0444422 0.0526952 0.060391 0.0667833 0.0711962 0.0731711 0.0725749 0.0696175 0.0647672 0.0586155 0.0517545 0.0446936 0.0378144 0.0313559 0.0254301 0.0200663 0.015272 0.0110823 0.00756923
 0.00710183 0.0112372 0.0163944 0.0224544 0.0293481 0.037011 0.0452382 0.0535839 0.0613873 0.0678908 0.0723865 0.0743674 0.0736539 0.0704358 0.0652019 0.0585973 0.0512763 0.0437979 0.0365739 0.0298617 0.0237904 0.0184055 0.0137201 0.00975245 0.00653184
 0.00719932 0.0113975 0.0166383 0.022801 0.0298095 0.0375849 0.0459028 0.0543005 0.0621133 0.068595 0.0730571 0.0750049 0.0742517 0.0709609 0.06559 0.058767 0.0511571 0.0433551 0.03582 0.0288535 0.0226183 0.01718 0.0125552 0.008745 0.00574211
 0.00726234 0.0114934 0.0167718 0.0229751 0.0300293 0.0378601 0.0462471 0.0547235 0.0626096 0.0691381 0.0736037 0.0755099 0.0746832 0.0713045 0.0658376 0.0589016 0.0511459 0.0431591 0.035414 0.0282446 0.0218528 0.0163363 0.0117252 0.00801164 0.0051597
 0.00727415 0.0115161 0.0168123 0.0230423 0.0301318 0.0380045 0.0464361 0.0549569 0.0628863 0.069456 0.0739564 0.0758808 0.0750445 0.0716226 0.0660824 0.0590511 0.0511843 0.0430716 0.0351878 0.0278779 0.0213656 0.0157745 0.0111525 0.0074922 0.00473946
 0.00726293 0.0114911 0.0167628 0.0229561 0.0300007 0.0378318 0.0462421 0.054777 0.0627625 0.0694248 0.0740391 0.0760806 0.0753464 0.071996 0.0664849 0.0594351 0.0515041 0.04329 0.0352798 0.027834 0.0211957 0.0155091 0.0108388 0.00718144 0.00447336
 0.00736119 0.0116241 0.0169127 0.0230877 0.0300686 0.0377941 0.0460743 0.0544828 0.0623765 0.0690088 0.0736699 0.0758306 0.075264 0.0720926 0.0667347 0.0597851 0.051889 0.0436461 0.035556 0.0279989 0.0212413 0.0154505 0.010709 0.00702149 0.00432012
 0.00757714 0.0119494 0.0173528 0.023626 0.030666 0.0383905 0.0465935 0.054842 0.0625057 0.0688743 0.0732908 0.075278 0.0746416 0.0715068 0.066266 0.0594711 0.0517228 0.0435883 0.0355526 0.0279997 0.0212122 0.0153795 0.0106038 0.00690188 0.00420777
 0.00765476 0.0120857 0.0175764 0.0239689 0.0311545 0.0390314 0.0473585 0.0556606 0.063272 0.0694677 0.0736059 0.0752553 0.0742881 0.070896 0.0655161 0.058708 0.0510449 0.0430464 0.0351509 0.0277108 0.0209981 0.0152083 0.0104578 0.00677674 0.00410605
 0.00763639 0.0120522 0.0175213 0.0238894 0.0310592 0.0389477 0.0473346 0.0557532 0.0635212 0.06987 0.0741027 0.0757458 0.0746632 0.071078 0.0654837 0.0584989 0.0507346 0.0427162 0.0348604 0.0274857 0.0208354 0.0150907 0.0103678 0.00670409 0.00404759
 0.00756213 0.0119412 0.0173717 0.0237042 0.0308436 0.0387073 0.0470771 0.0554969 0.0633029 0.0697444 0.0741259 0.0759472 0.0750222 0.0715228 0.0659174 0.058838 0.0509389 0.0427945 0.0348528 0.0274383 0.0207811 0.015044 0.0103304 0.00667331 0.00402174
 0.00750659 0.0118567 0.0172554 0.0235575 0.0306718 0.0385179 0.0468793 0.0553006 0.0631187 0.069586 0.0740133 0.075908 0.0750842 0.071699 0.0661914 0.0591624 0.051252 0.043045 0.0350182 0.0275255 0.0208136 0.0150468 0.0103208 0.00666031 0.00400912
 0.00760167 0.0119876 0.0174085 0.0237057 0.0307816 0.0385626 0.0468481 0.0552008 0.0629699 0.0694113 0.0738335 0.0757405 0.074946 0.0716076 0.0661609 0.059196 0.0513358 0.0431509 0.0351151 0.0275922 0.0208451 0.0150506 0.0103094 0.00664423 0.00399437
 0.00765158 0.0120688 0.0175296 0.0238709 0.0309857 0.0387853 0.0470525 0.0553406 0.0630057 0.069328 0.0736473 0.0754919 0.0746834 0.0713723 0.0659801 0.0590819 0.0512871 0.0431548 0.0351506 0.0276367 0.0208812 0.0150709 0.010315 0.00664071 0.00398746
 0.00760468 0.0120044 0.017455 0.0238018 0.0309437 0.0387913 0.0471199 0.0554675 0.063171 0.0694932 0.0737676 0.0755337 0.0746387 0.0712617 0.0658423 0.0589566 0.0512014 0.0431176 0.0351551 0.027667 0.0209198 0.0151046 0.0103377 0.00665242 0.00399153
 0.00756588 0.0119367 0.0173457 0.0236388 0.0307217 0.0385204 0.0468305 0.055208 0.062994 0.0694361 0.0738376 0.0757045 0.0748617 0.0714856 0.0660317 0.0591008 0.0513099 0.0432083 0.0352418 0.0277534 0.0210017 0.0151746 0.0103908 0.00668775 0.0040121
 0.00737097 0.011658 0.0169956 0.0232499 0.0303337 0.0381615 0.0465073 0.054912 0.0627214 0.0692056 0.0736916 0.0756904 0.075006 0.0717769 0.0664244 0.059534 0.0517304 0.0435833 0.035559 0.0280135 0.0212091 0.0153339 0.0105062 0.0067654 0.00405983
 0.00711135 0.0112712 0.0164809 0.0226341 0.0296689 0.0375169 0.0459577 0.0545228 0.0625308 0.0692117 0.0738559 0.0759597 0.0753373 0.0721495 0.0668313 0.0599665 0.0521686 0.0439996 0.0359288 0.0283221 0.0214532 0.0155174 0.010637 0.00685285 0.00411403
 0.00694513 0.0109985 0.0160669 0.0220482 0.0288951 0.0365692 0.0448951 0.0534522 0.0615895 0.0685344 0.0735373 0.0760288 0.0757544 0.0728257 0.0676605 0.0608535 0.0530418 0.0448101 0.0366438 0.0289217 0.0219295 0.0158747 0.010889 0.00701906 0.00421579
 0.00669048 0.0106164 0.0155493 0.0214033 0.0281382 0.0357116 0.043943 0.0524212 0.0605277 0.0675374 0.0727397 0.0755695 0.0757294 0.0732521 0.0684715 0.0619235 0.0542269 0.0459833 0.0377134 0.0298335 0.022661 0.0164269 0.0112799 0.00727715 0.00437372
 0.0065941 0.0104453 0.015266 0.0209656 0.027511 0.0348834 0.042939 0.0513033 0.0593804 0.0664505 0.0718006 0.0748659 0.0753487 0.0732665 0.06891 0.0627494 0.0553383 0.0472383 0.0389677 0.0309716 0.0236116 0.0171629 0.0118091 0.00762992 0.00459082
 0.00725458 0.0113796 0.0164116 0.022171 0.0285701 0.0355971 0.0431704 0.051004 0.0585884 0.0652722 0.070387 0.0733847 0.0739593 0.0721021 0.0680678 0.0622831 0.0552494 0.0474732 0.0394285 0.0315413 0.0241832 0.0176607 0.0121959 0.00790124 0.00476355
