SBPRF35
12.7214
Curr Bio
710656
B35
871186
F35
0.170993
FOFL
0.144799
OFL
89319.1
Bzero
3.63469e+06
#pred survey bio
 3.75508e+06 3.61909e+06 3.50214e+06 3.32635e+06 3.09237e+06 2.85916e+06 2.61805e+06 2.38559e+06 2.12909e+06 1.88838e+06 1.68125e+06 1.4924e+06 1.32486e+06 1.1783e+06 1.03764e+06 905048 796364 722041 673506 632403 613395 588200 579017 571142 561716 555116 546157 551239 549197 559559 553284 554150 565913 573087 576886 580815 591217 604903 608025 614054 629626 638329 642688 642551 647854 648945 644583 645443 639800 640455 638024 682906 716870 2.62726e+07 1.58638e+07 1.62988e+07 1.73446e+07 1.87841e+07 2.03656e+07 2.19e+07 2.32752e+07 2.44434e+07 2.53995e+07 2.61616e+07 2.6758e+07 2.72188e+07 2.75721e+07 2.78416e+07 2.80468e+07 2.8203e+07 2.83221e+07 2.84132e+07 2.84832e+07 2.85371e+07 2.85788e+07 2.86113e+07 2.86367e+07 2.86567e+07 2.86725e+07 2.86849e+07 2.86948e+07 2.87027e+07 2.8709e+07 2.87141e+07 2.87181e+07 2.87214e+07 2.87241e+07 2.87262e+07 2.8728e+07 2.87294e+07 2.87305e+07 2.87315e+07 2.87323e+07 2.87329e+07 2.87334e+07 2.87338e+07 2.87341e+07 2.87344e+07 2.87346e+07 2.87348e+07 2.8735e+07 2.87351e+07 2.87352e+07 2.87353e+07 2.87354e+07 2.87354e+07 2.87355e+07 2.87355e+07 2.87355e+07 2.87356e+07 2.87356e+07 2.87356e+07 2.87356e+07 2.87356e+07 2.87356e+07 2.87356e+07 2.87356e+07 2.87356e+07 2.87357e+07 2.87357e+07 2.87357e+07 2.87357e+07 2.87357e+07 2.87357e+07 2.87357e+07 2.87357e+07 2.87357e+07 2.87357e+07 2.87357e+07 2.87357e+07 2.87357e+07 2.87357e+07 2.87357e+07 2.87357e+07 2.87357e+07 2.87357e+07 2.87357e+07 2.87357e+07 2.87357e+07 2.87357e+07 2.87357e+07 2.87357e+07 2.87357e+07 2.87357e+07 2.87357e+07 2.87357e+07 2.87357e+07 2.87357e+07 2.87357e+07 2.87357e+07 2.87357e+07 2.87357e+07 2.87357e+07 0 0 0 0 0 0 0 0 0 0 0 0 0 0 0 0 0 0 0 0 0 0 0 0 0
#obs survey bio
 4.45919e+06 3.45773e+06 3.85034e+06 2.86984e+06 4.54635e+06 2.47377e+06 2.78784e+06 2.33993e+06 2.31649e+06 2.09468e+06 1.29664e+06 1.43444e+06 1.40027e+06 1.38196e+06 721377 1.12276e+06 769957 621021 490941 602677 497886 579458 550242 598959 567766 574188 436896 612642 553930 547331 552159 472888 487120 758534 579342 526287 700189 798416 683813 447917 709059 827178 660371 542368 805646 549255 950291 518172 955283 587468 899049 627156 772672
#pred catch bio
 102026 93684.3 159207 226023 240802 264987 274772 313688 314450 297103 290979 278506 262953 257805 248061 222997 189465 164607 155263 133537 135617 119074 115903 114816 109945 109910 97152.7 102802 92235.7 106070 99369.3 90895.3 95662.6 98442.1 98129.3 93036.8 91254.7 100816 98890.3 92537.6 100187 104443 107872 102642 105699 109462 104277 109194 103190 105519 66638.9 78004.9 78560.2 89319.1 104661 106176 111860 120773 130757 140390 148906 156004 161674 166063 169380 171841 173641 174943 175876 176540 177009 177340 177572 177734 177847 177926 177981 178019 178045 178063 178076 178085 178090 178095 178097 178099 178101 178102 178102 178103 178103 178103 178103 178104 178104 178104 178104 178104 178104 178104 178104 178104 178104 178104 178104 178104 178104 178104 178104 178104 178104 178104 178104 178104 178104 178104 178104 178104 178104 178104 178104 178104 178104 178104 178104 178104 178104 178104 178104 178104 178104 178104 178104 178104 178104 178104 178104 178104 178104 178104 178104 178104 178104 178104 178104 178104 178104 178104 178104 178104 178104 178104 178104 0 0 0 0 0 0 0 0 0 0 0 0 0 0 0 0 0 0 0 0 0 0 0 0 0
#obs catch bio
 0 93254 159372 226553 240197 264290 273526 313292 314472 296412 292923 280270 263355 257793 248880 222886 189518 166046 157473 134721 136995 119511 116370 115198 109619 109288 97061.7 102691 91915.8 105760 99173.1 90610.3 96073.4 98138.3 98026.9 93015.4 91083.8 100749 98648.9 92598.1 100349 104740 108140 102868 105301 109493 103789 109361 102898 105808 66269.3 78087.2 78530.6
#pred cpue bio
 3.71221e+06 3.57772e+06 3.4607e+06 3.28498e+06 3.05178e+06 2.81909e+06 2.57833e+06 2.34613e+06 2.09035e+06 1.85056e+06 1.64413e+06 1.45618e+06 1.28996e+06 1.14487e+06 1.00579e+06 874891 767839 694666 647028 607014 588822 564616 555961 548548 539712 533615 524963 529994 528106 538349 532274 533118 544546 551695 555622 559529 569707 583133 586209 591936 606932 615389 619825 619896 625306 626501 622296 623196 617713 618435 616054 660372 694284 2.54788e+07 1.53888e+07 1.56639e+07 1.65698e+07 1.79723e+07 1.95472e+07 2.10805e+07 2.24555e+07 2.36238e+07 2.45798e+07 2.53419e+07 2.59383e+07 2.63991e+07 2.67524e+07 2.70219e+07 2.72271e+07 2.73833e+07 2.75024e+07 2.75935e+07 2.76635e+07 2.77174e+07 2.77591e+07 2.77916e+07 2.78171e+07 2.7837e+07 2.78528e+07 2.78652e+07 2.78751e+07 2.7883e+07 2.78893e+07 2.78944e+07 2.78984e+07 2.79017e+07 2.79044e+07 2.79065e+07 2.79083e+07 2.79097e+07 2.79109e+07 2.79118e+07 2.79126e+07 2.79132e+07 2.79137e+07 2.79141e+07 2.79144e+07 2.79147e+07 2.7915e+07 2.79151e+07 2.79153e+07 2.79154e+07 2.79155e+07 2.79156e+07 2.79157e+07 2.79157e+07 2.79158e+07 2.79158e+07 2.79158e+07 2.79159e+07 2.79159e+07 2.79159e+07 2.79159e+07 2.79159e+07 2.79159e+07 2.79159e+07 2.79159e+07 2.7916e+07 2.7916e+07 2.7916e+07 2.7916e+07 2.7916e+07 2.7916e+07 2.7916e+07 2.7916e+07 2.7916e+07 2.7916e+07 2.7916e+07 2.7916e+07 2.7916e+07 2.7916e+07 2.7916e+07 2.7916e+07 2.7916e+07 2.7916e+07 2.7916e+07 2.7916e+07 2.7916e+07 2.7916e+07 2.7916e+07 2.7916e+07 2.7916e+07 2.7916e+07 2.7916e+07 2.7916e+07 2.7916e+07 2.7916e+07 2.7916e+07 2.7916e+07 2.7916e+07 2.7916e+07 2.7916e+07 2.7916e+07 0 0 0 0 0 0 0 0 0 0 0 0 0 0 0 0 0 0 0 0 0 0 0 0 0
#obs cpue bio
 3.08148e+06 3.14804e+06 3.55061e+06 3.33117e+06 3.27216e+06 3.56042e+06 2.64747e+06 1.91639e+06 1.61347e+06 1.94506e+06 1.05988e+06 1.4689e+06 1.57390e+06 1.09343e+06 1.20414e+06 843560 731547 451969 599112 609365 687881 658060 556308 536356 775516 709654 431149 590250 521256 690204 481342 649308 383953 743866 492437 557054 529053 468016 594165 554868 553158 413624 631435 653687 865614 576962 589969 538691 537299 608269 478125 634417 644139
#pred surv len freq
 0.00420062 0.00692955 0.0106332 0.0153577 0.0210193 0.0273099 0.033683 0.0395058 0.0443039 0.0479118 0.0504354 0.0521024 0.053137 0.0537103 0.0539453 0.0539421 0.0538039 0.0536348 0.0534739 0.053165 0.0522406 0.0499685 0.0456541 0.039089 0.0308431
 0.00448732 0.00731355 0.011062 0.0157386 0.0212532 0.0273411 0.0335314 0.0392568 0.0440599 0.0477379 0.050336 0.0520426 0.0530878 0.0536848 0.0540011 0.0541492 0.0541957 0.0541673 0.0540169 0.0535367 0.0522784 0.0496033 0.0449461 0.038202 0.0299701
 0.00453753 0.00745484 0.0113781 0.0163262 0.0221763 0.0285716 0.0349163 0.040551 0.0450204 0.048227 0.0503647 0.0517322 0.0525895 0.0531193 0.0534471 0.0536616 0.0538151 0.0539037 0.053823 0.0533046 0.0518789 0.0489522 0.0440582 0.0371919 0.0289986
 0.00464409 0.00761608 0.0116037 0.016631 0.0225932 0.0291597 0.0357486 0.0416718 0.0463896 0.0496894 0.0516817 0.0526702 0.0530143 0.0530366 0.0529731 0.0529559 0.0530212 0.0531148 0.0530688 0.0525537 0.0510632 0.0480151 0.0430027 0.0360965 0.0279849
 0.00484863 0.00794454 0.0120892 0.0172984 0.0234521 0.0301971 0.0369276 0.0429415 0.0477026 0.0510084 0.0529607 0.0538235 0.0539069 0.0535201 0.0529499 0.0524265 0.0520805 0.051904 0.0517157 0.0511357 0.0496082 0.0465344 0.0415312 0.0347102 0.0267824
 0.00508611 0.00832669 0.0126569 0.0180867 0.0244828 0.031468 0.0384001 0.044538 0.0493192 0.0525401 0.0543248 0.0549653 0.0547844 0.0540803 0.0531197 0.0521342 0.0512952 0.0506625 0.0501154 0.049301 0.0476581 0.0445734 0.0396597 0.0330317 0.0253896
 0.00534171 0.00874421 0.0132887 0.0189817 0.0256765 0.0329659 0.0401617 0.0464723 0.0512982 0.0544247 0.05599 0.0563162 0.0557598 0.0546451 0.0532498 0.0518031 0.0504755 0.0493464 0.0483395 0.0471587 0.0452912 0.042152 0.0373584 0.0310066 0.0237522
 0.00555655 0.00910394 0.0138497 0.0198036 0.0268105 0.0344361 0.0419456 0.0484925 0.0534322 0.0565275 0.0579173 0.0579418 0.0569854 0.0554043 0.0535046 0.0515347 0.0496751 0.048015 0.0465026 0.0448883 0.0427216 0.0394737 0.0347895 0.0287474 0.0219405
 0.00580718 0.0095172 0.0144828 0.0207148 0.0280489 0.0360247 0.0438631 0.0506642 0.0557369 0.0588174 0.0600399 0.0597565 0.0583759 0.0562844 0.0538205 0.0512599 0.0488038 0.0465579 0.044494 0.0424039 0.0398985 0.0365152 0.0319396 0.0262384 0.0199342
 0.00612829 0.0100283 0.0152321 0.0217413 0.0293773 0.0376574 0.0457691 0.0527735 0.057946 0.0610037 0.0620774 0.0615255 0.0597687 0.0572102 0.0542085 0.0510619 0.0479941 0.045135 0.0424874 0.0398895 0.0370166 0.0334754 0.0289973 0.0236405 0.0178551
 0.00636376 0.0104279 0.0158639 0.0226763 0.030672 0.0393267 0.0477637 0.054978 0.0602056 0.0631637 0.0640125 0.0631473 0.0610148 0.0580297 0.0545531 0.0508853 0.0472572 0.0438156 0.0405954 0.0374862 0.0342331 0.0305164 0.026117 0.0210875 0.0158074
 0.00653249 0.010718 0.0163305 0.0233837 0.0316828 0.040683 0.0494648 0.0569662 0.0623671 0.0653458 0.0660498 0.0648904 0.0623523 0.0588954 0.0549168 0.0507342 0.0465811 0.0426058 0.0388586 0.0352698 0.0316499 0.0277537 0.0234137 0.0186817 0.0138723
 0.00671939 0.0110202 0.0167835 0.0240219 0.032537 0.0417741 0.0507947 0.0585098 0.0640696 0.0671243 0.0677986 0.0664894 0.0636805 0.0598477 0.0554179 0.0507418 0.0460792 0.0415956 0.037358 0.0333277 0.0293677 0.0252968 0.0209964 0.0165206 0.0121277
 0.00692384 0.0113522 0.0172818 0.0247213 0.0334602 0.0429205 0.0521307 0.0599691 0.0655674 0.0685775 0.0691394 0.0676644 0.0646409 0.060541 0.0557868 0.0507321 0.0456491 0.0407234 0.0360488 0.0316233 0.0273593 0.0231314 0.0188628 0.0146099 0.0105827
 0.0071425 0.0117157 0.017843 0.0255323 0.0345586 0.0443096 0.0537605 0.0617332 0.0673222 0.0701762 0.0704646 0.0686456 0.0652541 0.0607947 0.055702 0.050324 0.0449199 0.0396669 0.0346657 0.0299408 0.0254492 0.021117 0.016905 0.0128719 0.00918495
 0.00736417 0.0120842 0.0184124 0.0263574 0.035683 0.0457461 0.0554712 0.0636208 0.0692412 0.0719598 0.0719558 0.0697238 0.0658523 0.0609039 0.0553608 0.0495969 0.0438725 0.0383505 0.0331179 0.0282008 0.0235793 0.019216 0.0151016 0.0112963 0.00793128
 0.00764418 0.0125201 0.0190333 0.0271794 0.0367096 0.0469677 0.0568604 0.0651267 0.0707868 0.0734465 0.0732728 0.0707618 0.0665196 0.0611422 0.0551549 0.0489746 0.042892 0.0370831 0.031634 0.026568 0.0218712 0.0175222 0.0135262 0.00993971 0.00686291
 0.00778599 0.0127583 0.0194046 0.0277201 0.0374442 0.0478942 0.0579398 0.0662859 0.0719393 0.0745168 0.0742089 0.0715296 0.0670869 0.0614695 0.0552004 0.0487079 0.042309 0.0362097 0.030522 0.0252869 0.0205025 0.0161568 0.0122582 0.00885238 0.00601025
 0.00777771 0.0127557 0.0194223 0.0277811 0.037579 0.0481348 0.0583118 0.0668003 0.0725848 0.0752578 0.0749909 0.0722899 0.0677666 0.0620183 0.0555751 0.04887 0.0422281 0.0358726 0.0299415 0.024505 0.0195872 0.0151931 0.0113353 0.00804759 0.00537356
 0.00779859 0.0127846 0.019457 0.0278187 0.037619 0.0481849 0.0583903 0.0669344 0.0728025 0.0755772 0.0754105 0.0727853 0.068294 0.0625234 0.0560025 0.0491705 0.0423616 0.0358122 0.0296788 0.0240563 0.0189961 0.014526 0.0106689 0.00745165 0.00489521
 0.00773253 0.0126746 0.0192871 0.027574 0.0372909 0.047779 0.0579343 0.0664803 0.0724204 0.0753412 0.0753807 0.0729925 0.0687297 0.063139 0.056719 0.0498945 0.0430037 0.0363008 0.0299692 0.0241358 0.0188853 0.0142738 0.0103416 0.00711625 0.00460357
 0.0078117 0.0127873 0.0194264 0.0277216 0.0374201 0.0478602 0.0579422 0.0663992 0.0722506 0.0751029 0.0751155 0.0727569 0.0685819 0.063121 0.0568423 0.0501346 0.0433057 0.036595 0.0301902 0.0242392 0.0188575 0.014133 0.0101295 0.00688309 0.00439234
 0.00779657 0.0127609 0.019383 0.0276538 0.0373193 0.0477185 0.0577545 0.0661669 0.0719841 0.074823 0.0748528 0.0725481 0.0684633 0.0631223 0.0569782 0.0503986 0.0436668 0.0370007 0.0305773 0.0245502 0.0190561 0.0142129 0.0101118 0.00680564 0.00429473
 0.0077091 0.0126336 0.0192191 0.0274651 0.0371227 0.047529 0.0575805 0.0660093 0.0718393 0.0746878 0.0747283 0.0724426 0.068393 0.0631083 0.0570416 0.0505526 0.0439092 0.0373094 0.0309125 0.0248636 0.0193053 0.0143741 0.0101859 0.00681312 0.00426474
 0.00769622 0.0125999 0.0191456 0.0273297 0.0369084 0.047237 0.0572379 0.065665 0.0715467 0.0744842 0.0746236 0.0724227 0.0684342 0.0631919 0.0571613 0.0507125 0.0441154 0.0375607 0.0311937 0.0251464 0.0195563 0.0145667 0.0103092 0.00687384 0.00428128
 0.00777185 0.012701 0.0192569 0.0274211 0.0369413 0.047175 0.0570593 0.0653718 0.0711677 0.0740717 0.0742411 0.0721268 0.0682584 0.0631402 0.0572153 0.0508455 0.044304 0.0377876 0.0314437 0.0254009 0.0197928 0.0147635 0.0104528 0.00696323 0.00432657
 0.00784335 0.01282 0.0194391 0.027678 0.0372716 0.0475542 0.0574341 0.0656672 0.0713095 0.0740144 0.0739872 0.0717263 0.0677902 0.0626853 0.0568345 0.0505695 0.0441366 0.0377153 0.0314458 0.0254544 0.019874 0.01485 0.010527 0.00701577 0.00435668
 0.00777661 0.0127149 0.0192883 0.0274802 0.0370347 0.0472987 0.0571927 0.0654768 0.0711969 0.0739826 0.0740134 0.0717747 0.0678319 0.062713 0.0568627 0.0506227 0.0442342 0.0378629 0.0316337 0.0256633 0.0200814 0.0150358 0.010677 0.00712433 0.0044265
 0.00781093 0.0127614 0.0193412 0.0275275 0.0370619 0.0472933 0.0571493 0.0654002 0.071101 0.0738862 0.0739326 0.071716 0.0677894 0.0626738 0.0568172 0.0505725 0.0441929 0.0378479 0.0316569 0.0257245 0.0201693 0.0151331 0.0107674 0.00719671 0.004477
 0.00772544 0.0126288 0.0191536 0.0272819 0.0367606 0.0469448 0.0567698 0.0650152 0.0707449 0.0735979 0.0737481 0.07166 0.0678678 0.0628708 0.0570988 0.0508981 0.0445272 0.038169 0.0319554 0.0259977 0.0204141 0.015344 0.0109381 0.00732426 0.00456368
 0.00779157 0.0127302 0.0192943 0.0274605 0.0369691 0.0471676 0.0569835 0.0651894 0.0708474 0.0736032 0.073647 0.0714647 0.0676107 0.0625948 0.0568448 0.0506934 0.0443815 0.0380786 0.0319105 0.0259882 0.0204309 0.015378 0.0109796 0.0073643 0.00459616
 0.00787923 0.012854 0.019446 0.027621 0.037114 0.0472762 0.0570457 0.0652065 0.0708274 0.0735539 0.0735722 0.0713644 0.0674849 0.062449 0.0566919 0.0505516 0.0442681 0.0380041 0.0318762 0.0259881 0.0204553 0.0154164 0.0110223 0.00740386 0.00462781
 0.00771612 0.0126256 0.0191696 0.0273335 0.0368587 0.047084 0.0569216 0.065133 0.0707802 0.0735201 0.0735565 0.0713825 0.0675494 0.0625602 0.0568381 0.0507166 0.044439 0.038174 0.0320422 0.0261472 0.0206029 0.0155465 0.01113 0.00748642 0.00468593
 0.00763938 0.0124908 0.0189507 0.0270068 0.0364169 0.0465523 0.0563655 0.0646455 0.0704482 0.0733892 0.0736164 0.0715821 0.0678279 0.062871 0.0571558 0.0510296 0.0447408 0.0384583 0.0323035 0.0263812 0.0208062 0.0157163 0.0112646 0.00758637 0.00475458
 0.00766391 0.0125185 0.0189688 0.0269935 0.0363437 0.0463914 0.0561005 0.064282 0.0700219 0.0729635 0.0732666 0.0713696 0.0677783 0.0629692 0.0573595 0.0512908 0.0450214 0.0387343 0.0325612 0.0266129 0.0210068 0.0158827 0.0113955 0.00768296 0.00482065
 0.00769383 0.0125649 0.0190337 0.027075 0.0364334 0.0464722 0.0561457 0.0642594 0.069904 0.0727409 0.0729589 0.0710251 0.0674615 0.062739 0.0572496 0.051302 0.0451279 0.0388992 0.0327501 0.0268005 0.0211773 0.0160274 0.0115107 0.0077684 0.00487932
 0.00766565 0.01252 0.0189681 0.0269862 0.036322 0.0463422 0.0560053 0.0641184 0.0697696 0.0726139 0.0728344 0.0708992 0.0673393 0.0626393 0.0571997 0.0513262 0.0452351 0.0390784 0.0329749 0.0270393 0.0214028 0.0162212 0.0116639 0.00788039 0.00495471
 0.00759512 0.0124105 0.018813 0.0267834 0.0360745 0.0460599 0.0557053 0.0638253 0.0695114 0.0724158 0.0727118 0.0708542 0.0673624 0.062716 0.0573187 0.0514834 0.0454323 0.0393152 0.0332426 0.0273193 0.0216714 0.016457 0.0118534 0.00801975 0.00504844
 0.00769981 0.0125583 0.0189939 0.0269739 0.0362435 0.0461791 0.0557575 0.0638064 0.0694275 0.0722785 0.0725357 0.0706553 0.0671577 0.0625213 0.0571476 0.0513472 0.04534 0.0392736 0.0332533 0.027376 0.0217599 0.0165584 0.01195 0.00809935 0.00510631
 0.00777685 0.0126829 0.0191788 0.0272262 0.0365591 0.046535 0.0561093 0.0640952 0.069598 0.0722993 0.0724094 0.0704142 0.0668479 0.0621873 0.0568238 0.0510567 0.0450974 0.0390876 0.0331275 0.0273082 0.0217413 0.0165749 0.0119849 0.00813835 0.00513979
 0.00766417 0.0125241 0.0189854 0.0270256 0.0363879 0.0464281 0.0560884 0.0641628 0.0697361 0.0724737 0.0725794 0.0705447 0.0669201 0.0622026 0.056799 0.0510145 0.0450584 0.039066 0.0331308 0.0273377 0.0217927 0.0166397 0.0120524 0.00819872 0.00518697
 0.00753381 0.0123276 0.0187196 0.026701 0.03603 0.0460762 0.0557922 0.063974 0.0696936 0.0725882 0.0728255 0.0708678 0.0672554 0.0624957 0.0570199 0.0511601 0.0451448 0.0391175 0.0331697 0.027379 0.0218425 0.0166964 0.0121103 0.00825078 0.00522829
 0.00746825 0.0122169 0.0185465 0.0264493 0.0356916 0.0456604 0.0553336 0.0635308 0.0693358 0.0723774 0.0727969 0.0710203 0.0675528 0.0628788 0.0574235 0.0515305 0.0454516 0.0393543 0.0333474 0.0275151 0.0219524 0.016789 0.0121882 0.00831362 0.00527514
 0.00743763 0.0121689 0.0184769 0.0263538 0.0355648 0.0454954 0.0551241 0.0632768 0.0690501 0.0720901 0.0725524 0.0708661 0.0675233 0.0629821 0.0576377 0.051812 0.0457503 0.0396294 0.0335766 0.0276941 0.0220882 0.0168921 0.0122669 0.00837276 0.00531757
 0.00742554 0.0121384 0.0184114 0.0262325 0.035369 0.0452181 0.0547772 0.0628903 0.0686636 0.0717417 0.0722723 0.0706775 0.0674452 0.0630279 0.0578093 0.0520931 0.0461059 0.0400142 0.0339467 0.0280183 0.0223519 0.0170942 0.0124145 0.00847564 0.00538551
 0.0074057 0.0121143 0.0183892 0.0262202 0.0353707 0.0452272 0.0547731 0.0628439 0.0685502 0.0715546 0.0720287 0.0704129 0.0672023 0.0628454 0.0577152 0.0521008 0.0462118 0.0401976 0.0341749 0.0282553 0.0225681 0.0172722 0.012549 0.00856982 0.00544699
 0.00743571 0.0121573 0.0184436 0.026282 0.035436 0.0452946 0.0548438 0.0629171 0.068617 0.0715946 0.0720155 0.0703264 0.0670411 0.0626319 0.0574889 0.0519051 0.0460803 0.0401455 0.0341971 0.0283314 0.0226707 0.0173765 0.0126383 0.00863711 0.00549256
 0.00741037 0.0121205 0.0183962 0.0262271 0.0353776 0.0452359 0.0547866 0.0628635 0.0685712 0.0715629 0.0720021 0.0703286 0.067048 0.0626292 0.0574686 0.0518723 0.0460524 0.0401431 0.0342339 0.0284073 0.0227732 0.0174865 0.0127383 0.00871638 0.00554819
 0.00741824 0.0121343 0.0184188 0.0262619 0.0354275 0.0453022 0.0548671 0.0629515 0.0686556 0.0716306 0.0720416 0.0703333 0.0670167 0.0625651 0.0573774 0.0517617 0.045934 0.0400327 0.0341479 0.0283573 0.0227607 0.0175033 0.0127709 0.00875179 0.0055779
 0.00744177 0.0121603 0.0184357 0.0262525 0.0353751 0.0451992 0.054722 0.0627887 0.068507 0.0715243 0.0719927 0.0703412 0.0670686 0.0626419 0.0574601 0.0518364 0.0459937 0.040078 0.0341853 0.0283951 0.022805 0.0175545 0.0128242 0.00880032 0.00561638
 0.00741785 0.0121365 0.0184264 0.0262776 0.0354507 0.0453259 0.0548776 0.0629331 0.0685993 0.0715417 0.0719396 0.0702438 0.0669593 0.0625453 0.0573864 0.0517834 0.0459538 0.0400445 0.0341561 0.0283723 0.0227923 0.0175538 0.012834 0.00881601 0.00563282
 0.00711676 0.0116473 0.0176945 0.0252617 0.0341432 0.0437772 0.0532132 0.061342 0.0672892 0.0706784 0.0716052 0.0704302 0.0675919 0.0635144 0.0585727 0.0530734 0.0472489 0.0412672 0.0352522 0.0293108 0.0235613 0.0181561 0.0132824 0.00913078 0.00583902
 0.00697475 0.0114096 0.0173233 0.0247161 0.0333857 0.0427878 0.0520062 0.0599809 0.0658889 0.0693921 0.0705959 0.0698336 0.0674826 0.0638905 0.0593628 0.0541616 0.0485035 0.0425643 0.0364903 0.0304171 0.0244926 0.0188957 0.0138353 0.00951791 0.00609104
#obs surv len freq
 nan nan nan nan nan nan nan nan nan nan nan nan nan nan nan nan nan nan nan nan nan nan nan nan nan
 0.00448031 0.00733968 0.0111679 0.015983 0.0216835 0.0279596 0.0342749 0.0400076 0.0446888 0.0481543 0.0505138 0.0520111 0.0529048 0.0534184 0.0537336 0.0539892 0.0542683 0.0545614 0.0547004 0.0542924 0.0527303 0.0493621 0.0438112 0.0362904 0.027673
 0.00461308 0.00755673 0.0114964 0.0164483 0.0223025 0.0287319 0.0351731 0.0409746 0.0456454 0.0490144 0.0512009 0.0524696 0.0531056 0.05336 0.0534377 0.0534928 0.0536148 0.0537936 0.0538574 0.0534111 0.0518495 0.0485247 0.043062 0.0356672 0.0271967
 0.00478778 0.00784061 0.0119234 0.0170499 0.0231017 0.0297334 0.0363529 0.042275 0.0469804 0.0502835 0.0523037 0.0533182 0.0536333 0.053528 0.0532383 0.052948 0.0527698 0.0527077 0.052597 0.0520467 0.0504567 0.0471846 0.0418549 0.0346594 0.0264251
 0.00497365 0.00814854 0.0123975 0.0177344 0.0240319 0.0309215 0.037773 0.0438593 0.0486284 0.0518812 0.0537404 0.0544957 0.05447 0.0539613 0.0532295 0.0524867 0.0518765 0.0514326 0.0510161 0.0502581 0.0485765 0.0453414 0.0401759 0.0332487 0.0253411
 0.00518915 0.00849851 0.0129239 0.0184773 0.0250235 0.0321753 0.039272 0.0455486 0.0504194 0.0536643 0.0554 0.0559214 0.0555645 0.0546445 0.0534417 0.0521911 0.0510639 0.0501272 0.0492807 0.0481973 0.0463348 0.0430911 0.0380936 0.0314815 0.0239747
 0.00540821 0.00885942 0.0134758 0.0192688 0.0260926 0.0335346 0.0408942 0.0473624 0.0523218 0.0555415 0.057144 0.057437 0.0567667 0.055457 0.0537963 0.0520325 0.0503563 0.0488649 0.0475013 0.0459935 0.0438593 0.0405452 0.0356959 0.0294216 0.0223688
 0.00564917 0.00925204 0.0140687 0.0201083 0.0272152 0.0349536 0.0425854 0.0492575 0.0543163 0.0575133 0.0589734 0.0590191 0.0580165 0.0563069 0.0541904 0.0519219 0.0496998 0.0476392 0.0457194 0.0437271 0.0412529 0.0378109 0.0330792 0.0271455 0.0205781
 0.00588615 0.00964221 0.0146649 0.0209626 0.0283685 0.0364196 0.0443339 0.0512102 0.056359 0.0595188 0.0608222 0.0606097 0.0592672 0.0571533 0.0545818 0.0518161 0.0490607 0.0464416 0.0439651 0.04147 0.0386218 0.0350124 0.0303668 0.0247604 0.0186851
 0.00612795 0.0100369 0.0152622 0.0218104 0.0295045 0.0378575 0.0460485 0.0531308 0.0583776 0.0615095 0.0626611 0.0621891 0.0605014 0.057979 0.0549536 0.0516998 0.0484283 0.0452727 0.0422598 0.0392729 0.0360475 0.0322537 0.0276708 0.0223704 0.0167742
 0.00638902 0.0104653 0.015914 0.0227394 0.0307507 0.0394293 0.0479057 0.0551802 0.0604884 0.0635401 0.0644836 0.0637016 0.0616297 0.0586726 0.0551808 0.051441 0.0476703 0.0440079 0.040496 0.0370543 0.0334799 0.0295165 0.0249976 0.0199962 0.01487
 0.00662504 0.0108537 0.0165074 0.0235899 0.0319 0.0408923 0.0496536 0.0571336 0.0625266 0.0655241 0.066279 0.0651949 0.0627367 0.0593393 0.0553784 0.0511582 0.0469053 0.0427651 0.0387928 0.0349379 0.0310501 0.0269375 0.0224827 0.0177614 0.0130743
 0.00681742 0.0111708 0.0169927 0.0242875 0.0328466 0.0421048 0.051115 0.0587868 0.0642813 0.067271 0.0679061 0.0665984 0.0638278 0.0600497 0.0556625 0.0509917 0.046281 0.0416893 0.0372877 0.0330538 0.0288819 0.0246343 0.0202351 0.0157618 0.0114649
 0.00703751 0.0115282 0.0175297 0.0250427 0.033847 0.0433536 0.0525799 0.0603964 0.0659355 0.0688615 0.0693335 0.0677816 0.0647052 0.0605764 0.0558081 0.050738 0.0456211 0.040629 0.0358494 0.031287 0.0268761 0.022525 0.0181916 0.0139527 0.0100132
 0.00728631 0.0119329 0.0181387 0.0258991 0.0349782 0.0447558 0.0542031 0.062142 0.067673 0.0704564 0.0706737 0.0687904 0.0653412 0.0608267 0.0556779 0.0502412 0.0447743 0.039451 0.0343676 0.0295491 0.0249628 0.0205557 0.0163126 0.0123072 0.00870295
 0.00743895 0.0121937 0.0185544 0.0265206 0.0358492 0.0458944 0.0555839 0.0636901 0.0692749 0.071983 0.0720036 0.0698269 0.0660209 0.0611206 0.0555867 0.0497864 0.0439873 0.0383666 0.0330246 0.0279985 0.0232789 0.0188415 0.0146914 0.010897 0.00758584
 0.00749767 0.0122916 0.0187076 0.0267496 0.0361789 0.0463525 0.0561957 0.0644686 0.0702104 0.0730346 0.0730983 0.0708688 0.066909 0.0617673 0.0559316 0.0498011 0.0436719 0.0377427 0.0321302 0.0268868 0.0220224 0.0175336 0.0134384 0.00979888 0.00671194
 0.00758666 0.0124228 0.0188806 0.0269565 0.0364091 0.0465996 0.0564627 0.0647703 0.0705691 0.0734723 0.0736257 0.0714736 0.0675492 0.0623744 0.0564239 0.050102 0.0437264 0.0375261 0.0316497 0.0261791 0.0211506 0.0165818 0.0125014 0.00896461 0.00604169
 0.007671 0.0125563 0.0190737 0.0272143 0.0367274 0.0469616 0.0568382 0.0651214 0.0708641 0.0737003 0.0738026 0.0716344 0.0677286 0.0625864 0.0566507 0.0502959 0.0438247 0.0374709 0.0314058 0.0257452 0.0205607 0.0158996 0.0118062 0.00833248 0.00552745
 0.00769963 0.012601 0.0191379 0.0273004 0.0368373 0.0470962 0.0569964 0.065298 0.0710486 0.0738783 0.0739616 0.0717702 0.067849 0.0627079 0.0567862 0.0504418 0.0439544 0.0375402 0.0313684 0.0255716 0.020252 0.0154898 0.0113526 0.00789821 0.00516215
 0.00775437 0.0126826 0.0192469 0.0274324 0.0369842 0.0472488 0.0571459 0.0654373 0.0711726 0.0739839 0.0740472 0.071835 0.0678939 0.0627371 0.056807 0.0504613 0.0439721 0.037542 0.0313286 0.025463 0.0200605 0.0152247 0.0110461 0.0075937 0.00489876
 0.00779551 0.0127462 0.019336 0.027547 0.0371201 0.0473972 0.0572939 0.0655696 0.0712755 0.0740504 0.0740787 0.0718399 0.067883 0.0627193 0.0567882 0.0504442 0.0439559 0.037521 0.0312903 0.0253911 0.0199421 0.015059 0.0108482 0.00739034 0.00471742
 0.00784422 0.012817 0.0194272 0.0276516 0.0372283 0.0474993 0.057383 0.0656416 0.0713285 0.0740831 0.0740909 0.0718332 0.0678619 0.0626902 0.0567576 0.0504168 0.0439328 0.0374989 0.0312617 0.0253454 0.01987 0.0149573 0.0107239 0.00725884 0.0045968
 0.00788923 0.0128907 0.0195382 0.0278065 0.0374279 0.0477344 0.0576317 0.0658724 0.0715088 0.0741899 0.0741172 0.0717875 0.0677617 0.0625555 0.0566068 0.0502646 0.0437893 0.0373689 0.0311447 0.0252365 0.0197627 0.0148473 0.0106122 0.00715188 0.00450351
 0.0078811 0.0128796 0.0195258 0.0277966 0.0374266 0.0477496 0.0576714 0.0659414 0.0716051 0.074303 0.0742295 0.07188 0.0678204 0.0625761 0.0565937 0.0502276 0.043739 0.0373137 0.031089 0.0251807 0.0197047 0.0147854 0.010547 0.00708744 0.00444568
 0.00787463 0.0128622 0.0194877 0.0277254 0.0373126 0.0475925 0.0574853 0.0657547 0.0714529 0.074216 0.0742237 0.0719529 0.0679533 0.0627411 0.0567634 0.0503814 0.0438664 0.0374123 0.0311607 0.0252285 0.0197311 0.0147926 0.0105384 0.00706823 0.00442216
 0.00786886 0.0128493 0.0194614 0.027677 0.0372321 0.0474711 0.0573198 0.0655509 0.0712285 0.0739996 0.0740504 0.0718547 0.0679488 0.0628296 0.0569251 0.0505855 0.0440809 0.0376118 0.03133 0.0253614 0.0198274 0.0148557 0.0105737 0.00708286 0.00442362
 0.00789115 0.0128802 0.0194977 0.0277117 0.0372553 0.047472 0.0572885 0.0654806 0.0711169 0.0738515 0.0738795 0.0716836 0.0678057 0.0627406 0.056906 0.0506361 0.0441859 0.0377469 0.03147 0.025487 0.0199274 0.0149269 0.0106186 0.00710681 0.00443336
 0.00787317 0.0128535 0.0194621 0.0276684 0.0372055 0.0474163 0.0572257 0.0654085 0.0710338 0.0737577 0.073779 0.071584 0.0677186 0.06268 0.056886 0.0506664 0.0442673 0.0378696 0.0316156 0.0256343 0.0200585 0.0150309 0.0106923 0.00715349 0.00445939
 0.0078688 0.0128426 0.0194389 0.0276257 0.0371378 0.0473225 0.0571124 0.0652883 0.0709212 0.0736636 0.0737077 0.0715342 0.0676871 0.0626658 0.0568918 0.0506978 0.0443295 0.037963 0.0317337 0.025764 0.0201842 0.0151392 0.0107755 0.00721056 0.00449424
 0.00783968 0.0127965 0.0193716 0.0275342 0.03702 0.0471788 0.0569466 0.0651097 0.0707445 0.0735074 0.0735901 0.0714685 0.0676777 0.0627081 0.0569757 0.0508123 0.0444656 0.0381146 0.0318947 0.0259261 0.0203369 0.0152717 0.0108805 0.0072858 0.00454278
 0.00782221 0.0127648 0.019318 0.0274499 0.0368981 0.0470175 0.0567528 0.0648987 0.0705368 0.0733236 0.0734471 0.0713781 0.0676466 0.0627375 0.0570607 0.0509428 0.0446284 0.038296 0.0320823 0.0261092 0.0205055 0.0154171 0.0109966 0.0073707 0.00459912
 0.00778875 0.0127095 0.0192333 0.0273281 0.0367331 0.0468081 0.0565049 0.0646275 0.0702654 0.0730786 0.0732543 0.0712572 0.0676085 0.0627831 0.0571823 0.051126 0.0448551 0.0385466 0.0323382 0.0263538 0.0207254 0.0156027 0.0111427 0.00747698 0.00466994
 0.0077677 0.0126746 0.0191792 0.0272494 0.0366249 0.0466674 0.0563328 0.0644301 0.0700536 0.0728677 0.073062 0.0711024 0.0675083 0.0627503 0.0572221 0.0512351 0.0450223 0.0387549 0.0325675 0.0265841 0.0209392 0.0157869 0.0112897 0.00758509 0.00474274
 0.00772124 0.0126006 0.0190709 0.0271018 0.0364365 0.0464417 0.0560801 0.0641675 0.069802 0.0726477 0.07289 0.0709892 0.0674604 0.0627704 0.0573101 0.051387 0.045229 0.0390022 0.0328367 0.0268545 0.021191 0.0160044 0.0114634 0.00771287 0.0048288
 0.00771015 0.0125769 0.0190249 0.0270213 0.03631 0.0462637 0.0558555 0.0639124 0.0695403 0.072405 0.0726881 0.0708437 0.0673799 0.062758 0.0573644 0.0515032 0.0453995 0.0392157 0.033078 0.027105 0.0214312 0.016217 0.0116367 0.00784242 0.00491714
 0.007667 0.0125125 0.0189383 0.0269144 0.0361854 0.0461225 0.0556964 0.063734 0.0693451 0.072203 0.072497 0.0706851 0.0672737 0.0627171 0.0573933 0.0515989 0.0455534 0.0394152 0.0333078 0.0273473 0.0216671 0.0164291 0.0118122 0.00797526 0.00500875
 0.00764904 0.0124804 0.0188849 0.0268323 0.0360697 0.0459746 0.0555259 0.0635569 0.0691782 0.0720572 0.072376 0.0705884 0.0672022 0.0626768 0.0573931 0.0516467 0.0456518 0.0395602 0.0334888 0.0275489 0.0218714 0.0166185 0.0119728 0.00809954 0.00509601
 0.00764596 0.0124763 0.0188802 0.0268269 0.036062 0.0459601 0.0554975 0.0635071 0.0691031 0.0719591 0.0722637 0.0704737 0.0670962 0.0625878 0.057328 0.0516124 0.0456551 0.0396048 0.0335732 0.0276649 0.0220053 0.0167541 0.0120954 0.00819882 0.00516826
 0.00763461 0.0124607 0.0188621 0.0268098 0.03605 0.0459563 0.0555024 0.0635173 0.0691112 0.0719562 0.0722417 0.0704289 0.0670313 0.062511 0.057251 0.0515473 0.0456123 0.0395923 0.0335945 0.0277182 0.0220828 0.0168437 0.0121835 0.0082748 0.00522612
 0.00759272 0.0123959 0.0187711 0.0266925 0.0359106 0.0458041 0.0553518 0.063386 0.0690162 0.071908 0.0722408 0.070466 0.0670916 0.0625802 0.0573195 0.0516122 0.0456763 0.039661 0.0336729 0.0278082 0.0221817 0.0169444 0.0122772 0.00835347 0.00528543
 0.00756072 0.012344 0.0186934 0.0265842 0.0357697 0.0456336 0.0551621 0.0631948 0.0688457 0.0717796 0.0721697 0.0704578 0.0671415 0.062675 0.0574417 0.0517454 0.0458091 0.039788 0.033794 0.0279247 0.0222937 0.0170494 0.0123702 0.00842969 0.00534236
 0.00756326 0.0123428 0.0186817 0.0265524 0.0357075 0.0455342 0.0550254 0.0630295 0.0686673 0.071608 0.0720251 0.0703577 0.0670972 0.0626892 0.0575083 0.0518511 0.0459377 0.0399249 0.0339288 0.0280518 0.0224101 0.0171529 0.0124584 0.0085003 0.00539449
 0.00754706 0.012321 0.0186569 0.0265286 0.035688 0.0455175 0.0550041 0.0629918 0.0686027 0.0715133 0.0719079 0.0702348 0.0669895 0.0626157 0.0574808 0.0518721 0.0460009 0.040018 0.0340377 0.0281641 0.0225168 0.0172481 0.0125385 0.00856346 0.00544061
 0.00754992 0.0123261 0.0186655 0.0265427 0.0357098 0.0455493 0.0550466 0.0630421 0.0686528 0.0715496 0.0719153 0.0702025 0.0669169 0.0625146 0.0573714 0.0517762 0.0459344 0.0399876 0.0340409 0.0281924 0.0225598 0.0172961 0.0125844 0.00860247 0.00547056
 0.00751437 0.012273 0.0185943 0.0264562 0.0356142 0.0454528 0.0549589 0.0629736 0.0686125 0.0715427 0.07194 0.0702497 0.0669725 0.0625646 0.0574078 0.0518 0.045954 0.0400134 0.0340799 0.0282453 0.0226219 0.0173599 0.0126425 0.00865011 0.00550583
 0.0075199 0.0122761 0.0185884 0.0264322 0.0355638 0.045373 0.0548558 0.0628617 0.0685106 0.0714675 0.0719014 0.0702491 0.0670035 0.062616 0.0574668 0.051856 0.0460022 0.0400549 0.0341196 0.0282881 0.0226691 0.0174092 0.0126892 0.00868983 0.00553601
 0.00751715 0.0122729 0.0185854 0.02643 0.0355607 0.0453646 0.0548342 0.0628188 0.0684427 0.0713798 0.0718082 0.0701688 0.0669521 0.0626008 0.0574854 0.0518988 0.0460572 0.0401125 0.034175 0.0283403 0.0227187 0.0174559 0.0127315 0.00872532 0.00556308
 0.00749352 0.012238 0.0185397 0.0263763 0.035504 0.0453104 0.0547872 0.0627812 0.0684136 0.0713552 0.0717832 0.0701418 0.0669268 0.0625854 0.0574886 0.0519251 0.0461048 0.0401746 0.034243 0.0284073 0.0227805 0.0175104 0.0127774 0.00876178 0.00558997
 0.00750158 0.0122473 0.0185467 0.0263758 0.0354911 0.0452831 0.0547484 0.0627382 0.068375 0.0713267 0.0717655 0.0701307 0.0669166 0.0625727 0.0574751 0.0519161 0.0461062 0.0401897 0.0342709 0.0284437 0.02282 0.0175485 0.012811 0.00878906 0.00561034
 0.00750158 0.0122473 0.0185467 0.0263758 0.0354911 0.0452831 0.0547484 0.0627382 0.068375 0.0713267 0.0717655 0.0701307 0.0669166 0.0625727 0.0574751 0.0519161 0.0461062 0.0401897 0.0342709 0.0284437 0.02282 0.0175485 0.012811 0.00878906 0.00561034
 0.00713033 0.0116621 0.0177024 0.0252488 0.0340908 0.0436658 0.0530291 0.0610855 0.0669814 0.0703622 0.0713363 0.0702597 0.0675488 0.0635977 0.0587564 0.0533194 0.0475187 0.0415279 0.035479 0.0294881 0.0236837 0.0182285 0.0133168 0.00914176 0.00583879
 0.00708906 0.0115511 0.0174548 0.0247771 0.0333105 0.0425332 0.0515747 0.0594235 0.0652884 0.0688372 0.0701597 0.0695638 0.0673993 0.0639873 0.0596102 0.0545138 0.0489084 0.0429729 0.0368641 0.0307308 0.0247345 0.0190663 0.0139447 0.00958103 0.00612364
#pred catch len freq
 0.00313133 0.00509413 0.007707 0.0110208 0.0150793 0.0198697 0.0252627 0.0310047 0.0367702 0.0422278 0.0470882 0.0511397 0.0542769 0.0565067 0.0579272 0.0586999 0.0590272 0.0591157 0.0590851 0.0588165 0.0578271 0.055326 0.0505542 0.0432863 0.0341556
 0.0033533 0.00539446 0.00804916 0.0113385 0.0153015 0.019956 0.0252261 0.0309029 0.036669 0.0421623 0.0470494 0.0510962 0.0542145 0.0564567 0.057964 0.0589051 0.0594384 0.0596836 0.0596648 0.0592067 0.057848 0.0549016 0.0497521 0.0422887 0.0331767
 0.00342357 0.00554472 0.00833666 0.0118251 0.0160222 0.0208795 0.0262349 0.0318195 0.0373254 0.0424722 0.047035 0.0508538 0.0538532 0.0560592 0.0575863 0.0585954 0.0592399 0.0596095 0.0596644 0.0591607 0.0576103 0.0543737 0.0489427 0.0413169 0.0322153
 0.00354653 0.00573263 0.00860225 0.0121854 0.0165102 0.021551 0.027155 0.0330214 0.0387571 0.0439708 0.0483599 0.0517759 0.0542463 0.0559374 0.0570718 0.0578519 0.0584135 0.0587948 0.0588897 0.0583888 0.0567643 0.0533889 0.0478204 0.0401421 0.0311219
 0.00373194 0.00602553 0.00902673 0.0127575 0.0172354 0.0224237 0.0281608 0.0341442 0.039986 0.045292 0.0497284 0.0530834 0.0553217 0.0565956 0.0571904 0.0574228 0.0575371 0.0576243 0.0575642 0.0569908 0.0553205 0.0519058 0.0463299 0.0387225 0.0298788
 0.00395717 0.00638192 0.00954564 0.0134635 0.0181444 0.0235384 0.029463 0.0355891 0.0415046 0.046804 0.0511579 0.0543645 0.056388 0.0573633 0.057556 0.0572901 0.0568617 0.0564425 0.0559822 0.0551449 0.0533395 0.0499002 0.0444041 0.0369848 0.0284287
 0.00419982 0.00677045 0.0101201 0.0142594 0.0191889 0.0248431 0.0310134 0.0373361 0.0433644 0.0486676 0.0529058 0.0558841 0.0575869 0.0581723 0.0579207 0.0571605 0.0561944 0.0552212 0.0542441 0.0529916 0.0509255 0.0474089 0.0420224 0.0348792 0.0267192
 0.00443941 0.00715816 0.0107014 0.0150785 0.0202842 0.0262381 0.0327033 0.0392768 0.0454702 0.0508178 0.0549595 0.0576975 0.0590317 0.05915 0.0583662 0.0570355 0.0554773 0.0539069 0.0523579 0.0506126 0.0482017 0.0445501 0.0392683 0.03245 0.0247669
 0.00469808 0.00757424 0.0113209 0.0159453 0.0214375 0.0277047 0.0344852 0.0413385 0.0477325 0.0531608 0.057234 0.0597425 0.0606951 0.0603066 0.0589281 0.0569514 0.0547264 0.052493 0.0503154 0.048024 0.0452185 0.0413969 0.0362144 0.0297518 0.022604
 0.00500952 0.0080631 0.0120257 0.0168949 0.0226518 0.0291943 0.0362454 0.0433392 0.0499113 0.055422 0.0594532 0.0617777 0.0624007 0.0615496 0.0596003 0.0569763 0.0540604 0.0511259 0.0482763 0.0453966 0.042159 0.0381388 0.0330416 0.0269392 0.0203471
 0.00526619 0.00848337 0.012664 0.0178044 0.0238749 0.0307482 0.0381059 0.0454355 0.0521363 0.0576524 0.0615674 0.0636638 0.0639568 0.0626819 0.0602231 0.0570149 0.0534567 0.0498478 0.0463322 0.0428548 0.0391672 0.0349276 0.0298969 0.024141 0.0180968
 0.00546294 0.00880776 0.0131626 0.0185284 0.0248768 0.0320705 0.0397652 0.0474046 0.0543336 0.0599451 0.06379 0.0656474 0.0655593 0.0638043 0.0608062 0.0570237 0.0528653 0.0486377 0.0445068 0.0404665 0.0363443 0.0318826 0.0269016 0.0214662 0.0159405
 0.00567132 0.00913776 0.0136446 0.0191897 0.0257425 0.0331634 0.0411 0.0489778 0.056113 0.0618616 0.0657361 0.0674853 0.06714 0.0649919 0.0614987 0.0571592 0.0524156 0.047598 0.0428944 0.0383362 0.0338115 0.0291369 0.0241883 0.0190335 0.0139729
 0.00591925 0.00952951 0.0142134 0.0199596 0.0267257 0.0343561 0.0424768 0.0504903 0.0576961 0.0634444 0.0672492 0.068861 0.0683071 0.0658731 0.0620147 0.0572387 0.0520056 0.0466711 0.0414559 0.036434 0.0315508 0.0266871 0.0217667 0.0168606 0.0122134
 0.00618947 0.00996285 0.0148546 0.0208463 0.0278819 0.0357806 0.0441301 0.0522888 0.0595199 0.0651597 0.0687342 0.0700264 0.0691041 0.0662876 0.0620504 0.0568995 0.0512863 0.0455613 0.0399555 0.0345748 0.0294164 0.0244203 0.0195536 0.01489 0.0106254
 0.00643454 0.0103589 0.0154469 0.0216778 0.0289871 0.037175 0.0457949 0.0541581 0.0614793 0.067058 0.0704075 0.0713272 0.0699301 0.0665976 0.0618615 0.0562652 0.0502694 0.0442142 0.0383188 0.0326936 0.0273635 0.0223109 0.0175379 0.01312 0.00921215
 0.0066879 0.0107505 0.0160003 0.0224058 0.0298959 0.0382685 0.0470716 0.0556008 0.0630423 0.0686585 0.0719277 0.0726297 0.070883 0.0671026 0.0618726 0.0557924 0.0493654 0.0429533 0.0367792 0.0309532 0.0255086 0.0204471 0.0157881 0.0116032 0.00801184
 0.0068056 0.0109466 0.0163039 0.0228467 0.0304981 0.0390409 0.0480002 0.0566489 0.0641592 0.0697911 0.0730239 0.0736333 0.0717259 0.0677056 0.0621592 0.0557081 0.0488936 0.0421186 0.03564 0.0295906 0.0240192 0.0189388 0.0143729 0.0103808 0.00704833
 0.00681197 0.010965 0.0163479 0.0229373 0.0306636 0.0393129 0.0484072 0.0572067 0.064862 0.0706066 0.0738968 0.0744965 0.0725125 0.0683551 0.0626163 0.0559226 0.0488252 0.0417486 0.0349818 0.0286927 0.0229613 0.0178207 0.0132996 0.00944339 0.00630594
 0.00677859 0.0109125 0.0162734 0.0228421 0.0305571 0.0392161 0.0483551 0.0572443 0.0650341 0.0709424 0.0743976 0.0751303 0.0732196 0.0690606 0.0632433 0.0564021 0.0491019 0.0417854 0.034766 0.0282428 0.0223288 0.017085 0.0125522 0.00876826 0.00576051
 0.0067397 0.010846 0.0161672 0.0226834 0.0303351 0.0389289 0.048016 0.0568877 0.0647145 0.0707273 0.0743526 0.0753004 0.0736127 0.0696398 0.0639336 0.0571071 0.0497246 0.0422455 0.0350119 0.0282589 0.0221377 0.0167423 0.0121338 0.00835071 0.00540253
 0.00675979 0.01087 0.0161868 0.0226843 0.0302997 0.0388403 0.0478636 0.0566715 0.0644484 0.0704412 0.0740917 0.0751196 0.0735643 0.0697578 0.0642187 0.0575216 0.0501986 0.0426946 0.0353583 0.0284508 0.0221602 0.0166186 0.0119147 0.00809735 0.00516757
 0.00673679 0.0108322 0.0161289 0.0226001 0.0301818 0.038681 0.0476573 0.0564177 0.064156 0.0701311 0.0737968 0.0748811 0.0734252 0.0697538 0.0643693 0.057821 0.050612 0.0431613 0.0358046 0.0288093 0.0223882 0.0167082 0.0118907 0.00800416 0.00505143
 0.00665713 0.0107163 0.0159795 0.0224276 0.0300006 0.0385034 0.0474884 0.0562557 0.0639955 0.0699684 0.0736349 0.0747324 0.0733117 0.0697034 0.0644094 0.0579691 0.0508669 0.0434979 0.0361765 0.0291597 0.022667 0.0168873 0.0119704 0.00800792 0.005013
 0.00662661 0.0106591 0.0158802 0.0222697 0.0297733 0.0382106 0.0471548 0.055923 0.0637087 0.0697594 0.0735129 0.0746874 0.073326 0.0697643 0.064515 0.0581268 0.0510844 0.043773 0.0364907 0.0294792 0.0229522 0.0171064 0.0121101 0.00807586 0.0050303
 0.00669794 0.0107555 0.0159881 0.022362 0.0298133 0.0381618 0.0469919 0.0556417 0.0633321 0.0693367 0.0731088 0.074363 0.0731203 0.0696859 0.0645486 0.0582475 0.0512698 0.0440063 0.0367557 0.0297547 0.0232117 0.0173238 0.0122691 0.00817438 0.00507947
 0.00671256 0.0107853 0.016043 0.0224518 0.0299413 0.0383164 0.0471417 0.0557396 0.0633299 0.0692053 0.072853 0.0740229 0.0727592 0.0693689 0.0643234 0.0581342 0.0512636 0.044087 0.0368975 0.0299308 0.0233956 0.0174917 0.0124033 0.00826745 0.00513431
 0.00667256 0.0107223 0.0159526 0.0223336 0.0298011 0.0381681 0.0470064 0.055639 0.0632756 0.06919 0.0728513 0.0740047 0.072707 0.0692895 0.064245 0.0580923 0.0512846 0.0441789 0.0370497 0.0301204 0.0235956 0.0176772 0.0125563 0.00837953 0.00520674
 0.0066532 0.0106885 0.0158976 0.0222498 0.0296827 0.0380143 0.0468252 0.0554491 0.0631032 0.069062 0.0727853 0.0740011 0.0727488 0.0693507 0.0643044 0.0581443 0.0513395 0.0442538 0.0371562 0.0302577 0.0237506 0.0178306 0.0126904 0.00848324 0.0052777
 0.00662829 0.0106486 0.0158381 0.0221656 0.0295676 0.0378615 0.0466295 0.0552114 0.0628361 0.068792 0.0725501 0.0738395 0.072687 0.0693927 0.0644315 0.0583255 0.0515451 0.0444649 0.0373653 0.0304624 0.0239466 0.0180095 0.0128419 0.00860024 0.0053591
