SBPRF35
12.7214
Curr Bio
730792
B35
882352
F35
0.171909
FOFL
0.144837
OFL
89764.8
Bzero
3.63469e+06
#pred survey bio
 3.6384e+06 3.47654e+06 3.34191e+06 3.17405e+06 2.97303e+06 2.74638e+06 2.51134e+06 2.28638e+06 2.05806e+06 1.83355e+06 1.61844e+06 1.42106e+06 1.27747e+06 1.15215e+06 1.00947e+06 882346 779790 714994 653757 627253 591078 573190 554939 540137 533455 534702 525149 528081 533829 535731 545126 550386 559114 564729 575052 577137 578862 591250 604544 616998 633701 645689 655495 660650 665444 670943 671171 672057 683191 687025 696029 738923 723981 729658 736213 2.64508e+07 1.61253e+07 1.66845e+07 1.77891e+07 1.92288e+07 2.07701e+07 2.22435e+07 2.35522e+07 2.46573e+07 2.55581e+07 2.62743e+07 2.68339e+07 2.72659e+07 2.7597e+07 2.78497e+07 2.80421e+07 2.81888e+07 2.83008e+07 2.83865e+07 2.84524e+07 2.85034e+07 2.85428e+07 2.85736e+07 2.85977e+07 2.86167e+07 2.86317e+07 2.86436e+07 2.8653e+07 2.86605e+07 2.86666e+07 2.86714e+07 2.86753e+07 2.86785e+07 2.8681e+07 2.86831e+07 2.86848e+07 2.86861e+07 2.86873e+07 2.86882e+07 2.86889e+07 2.86895e+07 2.869e+07 2.86904e+07 2.86907e+07 2.8691e+07 2.86912e+07 2.86914e+07 2.86915e+07 2.86916e+07 2.86917e+07 2.86918e+07 2.86919e+07 2.86919e+07 2.8692e+07 2.8692e+07 2.86921e+07 2.86921e+07 2.86921e+07 2.86921e+07 2.86921e+07 2.86921e+07 2.86921e+07 2.86922e+07 2.86922e+07 2.86922e+07 2.86922e+07 2.86922e+07 2.86922e+07 2.86922e+07 2.86922e+07 2.86922e+07 2.86922e+07 2.86922e+07 2.86922e+07 2.86922e+07 2.86922e+07 2.86922e+07 2.86922e+07 2.86922e+07 2.86922e+07 2.86922e+07 2.86922e+07 2.86922e+07 2.86922e+07 2.86922e+07 2.86922e+07 2.86922e+07 2.86922e+07 2.86922e+07 2.86922e+07 2.86922e+07 2.86922e+07 2.86922e+07 2.86922e+07 2.86922e+07 2.86922e+07 2.86922e+07 2.86922e+07 2.86922e+07 2.86922e+07 0 0 0 0 0 0 0 0 0 0 0 0 0 0 0 0 0 0 0 0 0 0 0 0 0
#obs survey bio
 4.47286e+06 4.76078e+06 2.33359e+06 2.51623e+06 3.63453e+06 2.77475e+06 1.65220e+06 2.27294e+06 1.80699e+06 1.44026e+06 1.19905e+06 1.42935e+06 1.023e+06 1.1311e+06 1.11463e+06 825283 957806 637872 545479 546744 512636 604964 476415 640205 698528 527557 498059 716424 495090 503448 555983 472891 652728 789006 627106 778741 641886 393551 444342 637691 550946 643604 560046 640871 780628 599135 531524 697334 685268 654764 806845 602505 880423 572032 672847
#pred catch bio
 118578 105768 150849 196884 237819 264535 274856 296250 308632 312342 304684 262715 250438 264996 246782 219597 181608 173737 140880 146429 127818 125497 119840 111043 103475 111547 100184 97943.5 101166 94836.9 98418 95627.5 98429.5 94505.1 101302 101132 92619.2 93292.7 95313.2 93214.9 98890.9 102032 107089 108423 108789 113913 113456 104904 110860 105538 77286 126016 106467 106109 96116.1 89764.8 106699 109226 115393 124333 134064 143305 151392 158084 163401 167501 170589 172875 174543 175746 176607 177219 177651 177955 178168 178317 178420 178492 178542 178577 178601 178618 178629 178637 178642 178646 178649 178651 178652 178653 178653 178654 178654 178654 178654 178654 178654 178654 178654 178654 178654 178654 178654 178654 178654 178654 178654 178654 178654 178654 178654 178654 178654 178654 178654 178654 178654 178654 178654 178654 178654 178654 178654 178654 178654 178654 178654 178654 178654 178654 178654 178654 178654 178654 178654 178654 178654 178654 178654 178654 178654 178654 178654 178654 178654 178654 178654 178654 178654 178654 178654 178654 178654 178654 178654 0 0 0 0 0 0 0 0 0 0 0 0 0 0 0 0 0 0 0 0 0 0 0 0 0
#obs catch bio
 0 105264 150878 196909 237386 263910 275249 296946 309948 315692 308192 264676 252637 268309 247532 221207 182114 173670 141070 147851 128655 126116 120582 111182 103713 111952 100473 97993 101495 95045.2 98431.5 95619.2 98447 94368.2 101079 100871 92383.7 93546.5 95504.9 93009.4 98924 102010 106938 108538 108870 114227 114169 105066 111332 105803 76427.4 126119 105718 106012 96023.8
#pred cpue bio
 3.59702e+06 3.43659e+06 3.30182e+06 3.13365e+06 2.93298e+06 2.70657e+06 2.47154e+06 2.24657e+06 2.01862e+06 1.79482e+06 1.58086e+06 1.38482e+06 1.24209e+06 1.11779e+06 977101 852031 751374 688072 628162 602146 566895 549674 532149 517933 511547 512914 503677 506609 512334 514297 523657 528953 537556 543158 553445 555630 557357 569402 582349 594557 610854 622476 632004 636895 641436 646755 646926 647861 658986 663081 672274 714763 700401 705885 712084 2.55946e+07 1.56084e+07 1.60333e+07 1.70096e+07 1.84134e+07 1.9948e+07 2.14203e+07 2.27287e+07 2.38338e+07 2.47347e+07 2.54509e+07 2.60104e+07 2.64425e+07 2.67736e+07 2.70262e+07 2.72187e+07 2.73653e+07 2.74773e+07 2.75631e+07 2.7629e+07 2.76799e+07 2.77194e+07 2.77502e+07 2.77743e+07 2.77933e+07 2.78083e+07 2.78201e+07 2.78296e+07 2.78371e+07 2.78431e+07 2.7848e+07 2.78519e+07 2.7855e+07 2.78576e+07 2.78597e+07 2.78613e+07 2.78627e+07 2.78638e+07 2.78647e+07 2.78655e+07 2.78661e+07 2.78665e+07 2.78669e+07 2.78673e+07 2.78675e+07 2.78678e+07 2.78679e+07 2.78681e+07 2.78682e+07 2.78683e+07 2.78684e+07 2.78684e+07 2.78685e+07 2.78685e+07 2.78686e+07 2.78686e+07 2.78686e+07 2.78687e+07 2.78687e+07 2.78687e+07 2.78687e+07 2.78687e+07 2.78687e+07 2.78687e+07 2.78687e+07 2.78687e+07 2.78687e+07 2.78687e+07 2.78687e+07 2.78687e+07 2.78687e+07 2.78687e+07 2.78687e+07 2.78687e+07 2.78687e+07 2.78687e+07 2.78687e+07 2.78687e+07 2.78687e+07 2.78687e+07 2.78687e+07 2.78687e+07 2.78687e+07 2.78687e+07 2.78687e+07 2.78687e+07 2.78687e+07 2.78687e+07 2.78687e+07 2.78687e+07 2.78687e+07 2.78687e+07 2.78687e+07 2.78687e+07 2.78687e+07 2.78687e+07 2.78687e+07 2.78687e+07 2.78687e+07 2.78687e+07 0 0 0 0 0 0 0 0 0 0 0 0 0 0 0 0 0 0 0 0 0 0 0 0 0
#obs cpue bio
 3.70498e+06 3.75675e+06 3.10647e+06 3.80674e+06 3.35883e+06 2.73508e+06 2.03119e+06 2.18396e+06 1.89693e+06 1.31241e+06 1.95735e+06 1.38421e+06 1.28197e+06 973291 1.30474e+06 687799 644175 1.0066e+06 557564 485085 590899 560175 527225 542334 325003 543305 458738 431443 481156 503516 645301 582779 486694 403081 606972 445892 473877 573507 847521 762507 607998 637820 848497 529743 536002 638598 593799 743620 591588 857869 1.19091e+06 680659 764598 643852 682657
#pred surv len freq
 0.00419458 0.00689199 0.010527 0.0151354 0.02064 0.0267637 0.033008 0.0387837 0.0436323 0.0473684 0.0500532 0.051868 0.0530058 0.0536272 0.0538624 0.0538325 0.0536728 0.053528 0.053477 0.053385 0.0527682 0.0508309 0.046784 0.0403356 0.0320244
 0.00453614 0.00735946 0.0110708 0.0156616 0.0210454 0.0269855 0.0330568 0.0387341 0.0435742 0.047355 0.0500809 0.0519001 0.0530181 0.0536419 0.0539456 0.0540561 0.0540617 0.0540197 0.0539182 0.0535767 0.0525453 0.0501423 0.0457263 0.0391159 0.0308722
 0.00461802 0.00755386 0.0114696 0.0163695 0.0221315 0.028421 0.0346795 0.0402809 0.0447805 0.0480634 0.0502887 0.0517221 0.0526051 0.0531186 0.0533976 0.0535449 0.0536303 0.0536719 0.0535931 0.0531506 0.0518819 0.0491682 0.0444859 0.0377647 0.0296085
 0.00474751 0.00774942 0.0117419 0.0167338 0.0226223 0.029102 0.0356312 0.0415548 0.0463379 0.0497405 0.0518282 0.0528666 0.0531993 0.0531558 0.0529905 0.0528564 0.0528087 0.0528121 0.0527205 0.0522258 0.0508322 0.0479443 0.0431145 0.036359 0.0283247
 0.00496294 0.00809277 0.0122446 0.0174175 0.0234928 0.0301444 0.0368101 0.0428264 0.0476667 0.0511033 0.0531904 0.0541451 0.0542496 0.0538097 0.0531272 0.0524564 0.051954 0.0516371 0.0513488 0.050731 0.049241 0.0462744 0.0414188 0.0347416 0.0269136
 0.00524184 0.00854014 0.0129063 0.0183314 0.0246804 0.0315985 0.038482 0.0446228 0.0494663 0.052787 0.0546689 0.0553666 0.0551812 0.0544074 0.0533214 0.0521706 0.0511464 0.0503319 0.0496328 0.0487229 0.0470613 0.0440389 0.0392505 0.0327739 0.0252687
 0.00551079 0.00898342 0.0135844 0.0193038 0.0259929 0.0332632 0.0404575 0.0468072 0.0517118 0.0549289 0.0565565 0.056885 0.0562595 0.0550128 0.0534404 0.0517892 0.050245 0.048902 0.0477047 0.0463827 0.0444495 0.0413348 0.0366497 0.0304612 0.023383
 0.00574546 0.00937113 0.0141803 0.0201652 0.0271709 0.034787 0.0423158 0.0489372 0.0540014 0.0572312 0.0587107 0.0587362 0.0576786 0.0559092 0.0537649 0.051525 0.0493928 0.0474736 0.0457315 0.0439385 0.0416695 0.0384167 0.0338277 0.0279587 0.0213608
 0.00598642 0.00976751 0.014786 0.0210347 0.0283504 0.0362999 0.0441465 0.0510233 0.0562403 0.059496 0.0608655 0.0606467 0.059219 0.0569704 0.0542633 0.0514074 0.0486366 0.046084 0.0437446 0.041434 0.0387889 0.0353688 0.0308663 0.0253304 0.0192433
 0.00619453 0.0101193 0.0153408 0.0218568 0.0294968 0.0378 0.0459816 0.0531194 0.0584789 0.0617384 0.062975 0.0625016 0.0607155 0.0580216 0.0547965 0.051364 0.0479753 0.0447877 0.0418322 0.0389772 0.0359285 0.0323185 0.0278885 0.0226818 0.0171097
 0.00644079 0.0105177 0.0159375 0.0226963 0.0306165 0.0392202 0.0476925 0.0550703 0.0605784 0.0638647 0.0649928 0.0642796 0.0621417 0.0590104 0.0552874 0.0513138 0.0473517 0.0435714 0.0400303 0.0366452 0.033193 0.0293832 0.0250101 0.0201148 0.0150397
 0.00676094 0.0110275 0.0166847 0.0237177 0.0319312 0.0408198 0.0495307 0.057061 0.0626084 0.0658151 0.0667561 0.0657668 0.0632801 0.0597416 0.0555655 0.0511046 0.0466304 0.0423237 0.0382619 0.0344023 0.0305853 0.0265943 0.0222776 0.0176779 0.0130747
 0.00694133 0.0113324 0.0171648 0.0244266 0.0329132 0.0420911 0.0510617 0.0587728 0.0643876 0.0675406 0.0683217 0.0670915 0.0643065 0.0604281 0.0558786 0.0510137 0.0461074 0.0413468 0.0368277 0.0325438 0.0283926 0.0242239 0.0199361 0.0155768 0.0113727
 0.00697002 0.0114106 0.0173416 0.0247696 0.0334947 0.0429652 0.0522403 0.0602142 0.0660012 0.0692038 0.0699028 0.0684704 0.0653914 0.0611621 0.0562353 0.0509845 0.0456887 0.0405353 0.035627 0.030982 0.0265433 0.022217 0.0179463 0.0137853 0.00991732
 0.00716762 0.0117223 0.0177945 0.0253866 0.0342957 0.0439655 0.0534442 0.0616026 0.0675208 0.0707635 0.0713819 0.0697392 0.0663374 0.0617113 0.0563595 0.0506933 0.0450126 0.0395099 0.0342877 0.0293735 0.0247368 0.0203234 0.0161102 0.0121552 0.00860482
 0.00733813 0.0120117 0.0182514 0.0260604 0.0352225 0.0451473 0.0548337 0.0631052 0.069019 0.0721484 0.0725723 0.0706805 0.0669893 0.0620391 0.0563371 0.0503115 0.0442833 0.0384641 0.0329703 0.0278418 0.0230668 0.018616 0.014486 0.0107332 0.00747092
 0.00748953 0.0122534 0.0186082 0.0265553 0.0358758 0.0459731 0.0558311 0.0642481 0.0702493 0.0733783 0.073699 0.0716076 0.0676457 0.062387 0.0563658 0.0500266 0.0436996 0.0376047 0.0318702 0.0265528 0.0216608 0.0171852 0.0131345 0.00955847 0.00653991
 0.00766028 0.0125 0.0189223 0.0269116 0.0362418 0.0463254 0.0561678 0.0645907 0.0706328 0.0738346 0.0742392 0.0722099 0.0682551 0.0629269 0.056758 0.0502086 0.0436337 0.0372794 0.0312987 0.0257719 0.0207312 0.0161884 0.012163 0.0086981 0.00585046
 0.00790628 0.0128897 0.0194873 0.027667 0.0371756 0.0473865 0.0572605 0.065589 0.071416 0.0743301 0.0744453 0.0721855 0.0680835 0.0626765 0.0564599 0.0498562 0.0431987 0.0367318 0.0306231 0.024977 0.0198525 0.0152845 0.0113048 0.00795188 0.00526071
 0.00785175 0.0128212 0.0194221 0.0276358 0.0372163 0.0475334 0.057532 0.0659782 0.0718889 0.0748309 0.0749115 0.0725671 0.0683584 0.062852 0.0565583 0.0498945 0.0431747 0.0366253 0.0304091 0.0246429 0.0194102 0.0147721 0.0107783 0.0074693 0.00486564
 0.00790777 0.0129076 0.0195442 0.0277974 0.0374225 0.0477914 0.0578506 0.0663623 0.0723306 0.075303 0.0753668 0.0729478 0.0686129 0.062952 0.0565065 0.0497186 0.0429111 0.0363025 0.0300404 0.0242313 0.0189613 0.0143043 0.0103235 0.00706435 0.00453928
 0.00788226 0.0128621 0.0194688 0.0276818 0.03726 0.0475861 0.0576228 0.0661502 0.0721844 0.075272 0.0754832 0.0732137 0.0689951 0.0633896 0.0569293 0.0500681 0.0431534 0.0364288 0.0300577 0.0241535 0.0188056 0.0140931 0.0100859 0.00683242 0.00434044
 0.0079119 0.0129039 0.0195193 0.0277325 0.0372984 0.0475974 0.0575943 0.0660751 0.0720674 0.0751328 0.0753559 0.0731384 0.0690044 0.0634948 0.0571138 0.0502919 0.0433678 0.0365917 0.0301439 0.0241567 0.0187347 0.0139673 0.00993055 0.00667407 0.00420119
 0.00799333 0.0130206 0.0196658 0.0278931 0.0374505 0.0477179 0.0576644 0.0660836 0.0720107 0.0750161 0.0751945 0.0729582 0.0688385 0.0633762 0.0570649 0.0503163 0.0434472 0.0366928 0.0302306 0.0242019 0.0187268 0.0139111 0.00984217 0.00657424 0.00410857
 0.00800223 0.013037 0.0196933 0.0279344 0.0375044 0.0477764 0.0577113 0.0660983 0.0719766 0.0749287 0.0750648 0.0728095 0.0686988 0.063271 0.0570128 0.0503258 0.0435146 0.0368013 0.0303535 0.0243105 0.0187997 0.0139398 0.00983183 0.00653892 0.00406442
 0.00797102 0.0129816 0.0196019 0.0277952 0.0373101 0.0475312 0.0574349 0.0658234 0.0717387 0.0747547 0.0749663 0.0727844 0.0687385 0.0633665 0.0571575 0.0505136 0.0437371 0.0370449 0.0305991 0.0245357 0.0189843 0.0140718 0.00991082 0.00657462 0.00407182
 0.00803386 0.013082 0.0197488 0.0279927 0.0375538 0.0478032 0.0577023 0.0660431 0.07187 0.0747735 0.0748728 0.0726002 0.0684967 0.0631022 0.0569014 0.0502899 0.0435621 0.0369258 0.030533 0.0245106 0.018983 0.0140778 0.00991274 0.00656865 0.0040599
 0.00800697 0.0130345 0.0196711 0.0278756 0.037393 0.0476051 0.0574872 0.0658416 0.0717132 0.0746808 0.0748466 0.072629 0.0685636 0.0631925 0.0570059 0.0504045 0.0436857 0.0370574 0.0306696 0.0246459 0.0191079 0.0141826 0.00999129 0.00662002 0.00408841
 0.00795655 0.0129551 0.019556 0.0277199 0.0371941 0.0473639 0.0572111 0.0655475 0.0714284 0.0744398 0.0746834 0.072567 0.0686082 0.0633301 0.0572104 0.0506467 0.0439409 0.0373085 0.0309058 0.0248596 0.0192928 0.0143335 0.0101054 0.00669866 0.00413701
 0.00791194 0.0128888 0.0194678 0.0276133 0.0370747 0.0472372 0.0570802 0.0654134 0.0712916 0.0743033 0.0745552 0.0724614 0.0685432 0.0633216 0.0572657 0.0507611 0.0440995 0.0374917 0.0310948 0.0250395 0.0194529 0.0144668 0.0102085 0.00677187 0.00418413
 0.00786226 0.0127982 0.0193142 0.0273728 0.0367303 0.0467914 0.0565641 0.0648848 0.0708197 0.0739476 0.07435 0.0724126 0.0686357 0.0635303 0.0575631 0.0511206 0.0444952 0.0378977 0.0314862 0.0253951 0.0197572 0.0147115 0.0103925 0.00690026 0.00426654
 0.00787128 0.0128093 0.0193232 0.0273709 0.036703 0.0467188 0.0564249 0.064664 0.070519 0.0735929 0.0739889 0.0721016 0.0684224 0.0634399 0.0575964 0.0512601 0.0447137 0.0381656 0.0317746 0.0256779 0.0200132 0.0149262 0.0105589 0.00701904 0.00434422
 0.00779716 0.0127001 0.0191798 0.027201 0.0365187 0.0465312 0.0562408 0.0644842 0.0703399 0.0734103 0.0738046 0.0719279 0.0682831 0.0633646 0.0576096 0.0513716 0.0449156 0.0384347 0.0320801 0.0259881 0.0203007 0.0151713 0.0107514 0.0071579 0.00443583
 0.00774194 0.0126117 0.01905 0.027025 0.0362978 0.0462768 0.0559752 0.0642374 0.07014 0.0732732 0.0737282 0.0718974 0.0682816 0.0633842 0.0576556 0.0514578 0.0450543 0.0386286 0.032318 0.026248 0.0205565 0.0153997 0.0109371 0.00729545 0.00452842
 0.00768192 0.0125101 0.01889 0.0267894 0.0359746 0.0458664 0.0554983 0.0637363 0.069672 0.0728966 0.073488 0.0718137 0.0683476 0.0635717 0.0579271 0.0517799 0.0454042 0.038993 0.0326867 0.026608 0.0208906 0.0156902 0.0111709 0.00746814 0.00464478
 0.00770102 0.0125378 0.0189249 0.0268259 0.0360019 0.0458682 0.0554544 0.0636276 0.0694885 0.0726457 0.0731971 0.0715252 0.0681063 0.0634116 0.0578629 0.051807 0.045506 0.0391492 0.0328783 0.026818 0.0211023 0.0158871 0.0113387 0.00759832 0.00473616
 0.00779735 0.0126757 0.0190974 0.0270147 0.0361814 0.0460136 0.0555469 0.0636559 0.069446 0.072529 0.0730082 0.0712759 0.0678214 0.0631262 0.0576148 0.0516259 0.0454066 0.0391297 0.0329254 0.0269123 0.0212229 0.0160144 0.0114563 0.00769503 0.00480723
 0.00776447 0.0126319 0.0190487 0.0269706 0.0361498 0.0459943 0.0555285 0.0636193 0.069375 0.0724197 0.0728718 0.0711324 0.0676906 0.0630225 0.0575476 0.0516026 0.0454328 0.0392071 0.0330483 0.0270676 0.0213927 0.0161797 0.0116015 0.00781057 0.00489032
 0.00769844 0.0125301 0.0189065 0.0267894 0.0359385 0.0457703 0.0553163 0.0634453 0.0692585 0.0723652 0.072868 0.0711601 0.0677332 0.0630729 0.0576076 0.0516783 0.0455308 0.039331 0.0331974 0.0272357 0.021568 0.0163477 0.0117486 0.00792761 0.00497464
 0.00772464 0.012556 0.018915 0.0267551 0.0358358 0.0455854 0.0550574 0.063144 0.0689611 0.0721179 0.072703 0.0710882 0.0677451 0.0631466 0.0577191 0.0518099 0.0456734 0.0394825 0.0333578 0.0274027 0.0217353 0.0165054 0.0118864 0.0080378 0.00505462
 0.00769536 0.0125154 0.0188659 0.0267017 0.0357788 0.0455166 0.0549587 0.0629944 0.0687499 0.0718575 0.0724303 0.0708538 0.0675935 0.0631006 0.057775 0.051945 0.0458581 0.039691 0.033572 0.0276115 0.0219308 0.0166802 0.0120336 0.00815296 0.00513719
 0.00765647 0.0124599 0.0187971 0.0266281 0.0357127 0.0454703 0.0549394 0.0630001 0.0687669 0.0718624 0.0723993 0.0707748 0.0674756 0.0629724 0.0576725 0.0518957 0.045872 0.0397609 0.0336811 0.0277412 0.0220653 0.0168073 0.0121444 0.00824185 0.00520234
 0.00768416 0.0124935 0.018827 0.0266397 0.035692 0.0454116 0.0548515 0.0629042 0.0686876 0.0718158 0.0723849 0.0707764 0.0674708 0.0629453 0.0576231 0.0518395 0.0458312 0.0397533 0.0337128 0.0278065 0.0221511 0.0168991 0.01223 0.00831308 0.00525573
 0.00768085 0.0125007 0.0188597 0.0267169 0.0358278 0.0456045 0.0550771 0.0631202 0.06885 0.071897 0.0723823 0.070707 0.0673572 0.0628047 0.0574651 0.0516718 0.0456652 0.0396048 0.0335972 0.0277322 0.0221172 0.0168968 0.0122469 0.00833753 0.00527935
 0.00766163 0.0124713 0.0188202 0.0266708 0.0357847 0.0455807 0.0550933 0.063194 0.068985 0.0720753 0.0725675 0.0708581 0.0674448 0.0628204 0.0574183 0.051581 0.0455506 0.0394846 0.0334874 0.0276453 0.0220598 0.0168683 0.0122408 0.00834468 0.00529143
 0.00764074 0.0124382 0.0187719 0.0266056 0.035703 0.0454864 0.054996 0.0631097 0.068934 0.0720769 0.0726314 0.0709776 0.0675966 0.0629715 0.0575388 0.0516537 0.0455744 0.0394707 0.0334525 0.0276058 0.0220279 0.01685 0.0122362 0.0083497 0.00530073
 0.00758239 0.0123593 0.0186825 0.0265243 0.0356509 0.0454783 0.055033 0.0631795 0.0690178 0.0721583 0.0727033 0.0710419 0.0676588 0.0630336 0.0575953 0.0516937 0.0455874 0.039453 0.0334096 0.0275496 0.0219717 0.0168041 0.0122051 0.00833268 0.00529394
 0.00753739 0.0122834 0.0185643 0.026355 0.03543 0.0452206 0.0547723 0.0629617 0.0688858 0.0721349 0.0727831 0.0711977 0.0678561 0.0632434 0.0577987 0.0518788 0.0457457 0.0395779 0.0334982 0.0276049 0.0220017 0.0168187 0.0122126 0.00833814 0.0052991
 0.007394 0.0120628 0.0182556 0.0259563 0.0349488 0.0446739 0.054189 0.0623863 0.0683769 0.0717568 0.0725911 0.0712215 0.0680896 0.0636469 0.0583115 0.0524371 0.0462954 0.0400806 0.0339308 0.0279574 0.0222744 0.0170194 0.0123534 0.00843217 0.00535864
 0.00733429 0.0119608 0.0180936 0.0257164 0.0346183 0.0442536 0.0536995 0.0618672 0.0678786 0.0713289 0.0722749 0.0710481 0.0680789 0.063804 0.0586215 0.0528644 0.0467896 0.0405882 0.0344064 0.0283699 0.0226084 0.017273 0.0125342 0.00855313 0.00543434
 0.00732214 0.0119271 0.018017 0.0255677 0.0343677 0.0438813 0.0532071 0.0612829 0.0672544 0.0707305 0.0717691 0.0706909 0.0679076 0.0638331 0.0588433 0.0532509 0.0472966 0.0411607 0.0349868 0.0289079 0.0230686 0.0176378 0.0128026 0.00873636 0.00555008
 0.0070725 0.0115364 0.0174573 0.0248234 0.0334384 0.0427861 0.0519914 0.0600227 0.0660513 0.0696981 0.0710134 0.0702917 0.0679046 0.0642203 0.0595733 0.054246 0.0484626 0.0423996 0.0362063 0.0300291 0.0240331 0.018413 0.0133828 0.00913893 0.00580775
 0.00729732 0.0118683 0.0178935 0.0253369 0.0339817 0.0432995 0.0524092 0.0602782 0.0660843 0.0694684 0.0705173 0.0695742 0.0670575 0.0633648 0.0588297 0.0537046 0.0481655 0.0423385 0.036334 0.0302776 0.0243321 0.0187043 0.0136285 0.00932291 0.00593125
 0.00736544 0.0119822 0.0180693 0.0255874 0.0343085 0.0436837 0.0528052 0.0606195 0.0663006 0.0695064 0.0703551 0.0692224 0.0665541 0.0627694 0.0582183 0.0531599 0.0477598 0.0421154 0.0362975 0.0303943 0.0245447 0.0189511 0.0138594 0.00950824 0.00606197
 0.0072976 0.0118948 0.0179805 0.0255295 0.0343203 0.0437973 0.0530329 0.0609453 0.0666803 0.0698753 0.0706415 0.0693652 0.0665191 0.0625579 0.0578679 0.0527351 0.0473381 0.0417692 0.0360761 0.0303125 0.0245828 0.0190664 0.0140038 0.00964344 0.00616711
#obs surv len freq
 nan nan nan nan nan nan nan nan nan nan nan nan nan nan nan nan nan nan nan nan nan nan nan nan nan
 0.00448643 0.00734845 0.0111789 0.0159951 0.0216951 0.0279695 0.0342822 0.0400122 0.044691 0.0481544 0.0505124 0.0520085 0.0529011 0.0534138 0.0537284 0.0539835 0.0542623 0.0545551 0.0546939 0.0542859 0.052724 0.0493561 0.0438059 0.036286 0.0276697
 0.0046153 0.00756102 0.011504 0.0164606 0.0223203 0.0287548 0.0351987 0.0409994 0.0456652 0.0490267 0.0512049 0.0524665 0.0530977 0.0533492 0.0534254 0.0534798 0.0536015 0.0537801 0.0538438 0.0533975 0.0518363 0.0485124 0.043051 0.0356581 0.0271898
 0.0047771 0.00782524 0.0119041 0.0170286 0.0230816 0.029718 0.0363448 0.0422759 0.04699 0.0502996 0.0523227 0.0533363 0.0536478 0.0535379 0.0532443 0.0529514 0.0527718 0.0527092 0.0525984 0.0520482 0.0504582 0.0471861 0.0418562 0.0346606 0.026426
 0.00496275 0.00812935 0.0123661 0.0176868 0.0239656 0.0308377 0.0376785 0.0437653 0.0485483 0.0518258 0.0537151 0.0544995 0.0544971 0.0540039 0.0532805 0.0525411 0.0519317 0.0514876 0.0510709 0.0503123 0.0486293 0.0453909 0.0402199 0.0332852 0.0253689
 0.00518321 0.00848943 0.0129111 0.0184602 0.0250007 0.0321446 0.0392309 0.0454951 0.0503548 0.0535943 0.0553341 0.0558705 0.0555365 0.0546424 0.0534625 0.0522289 0.0511119 0.05018 0.0493351 0.0482513 0.046387 0.0431397 0.0381366 0.0315172 0.0240019
 0.00542189 0.00887935 0.0135015 0.0192983 0.026123 0.0335628 0.040917 0.0473765 0.0523238 0.055528 0.0571134 0.0573914 0.0567125 0.0554036 0.0537528 0.0520045 0.0503446 0.0488666 0.0475117 0.0460085 0.0438757 0.0405611 0.0357102 0.0294334 0.0223778
 0.00565863 0.00926885 0.0140964 0.0201506 0.0272743 0.0350284 0.0426697 0.0493408 0.0543866 0.0575603 0.0589911 0.0590063 0.0579764 0.0562459 0.0541178 0.0518477 0.0496326 0.047584 0.0456772 0.0436958 0.0412294 0.0377926 0.0330647 0.0271341 0.0205696
 0.00588907 0.00964703 0.0146725 0.0209742 0.0283861 0.0364456 0.044371 0.0512596 0.0564189 0.0595834 0.0608819 0.0606541 0.059288 0.057147 0.0545503 0.051766 0.0490012 0.0463818 0.0439117 0.0414262 0.0385881 0.034987 0.0303479 0.0247465 0.0186752
 0.00612553 0.010034 0.0152596 0.0218095 0.029507 0.037865 0.0460622 0.0531517 0.0584063 0.0615463 0.0627048 0.0622361 0.0605451 0.0580114 0.0549677 0.0516926 0.0484016 0.0452324 0.042214 0.0392286 0.0360093 0.0322234 0.0276482 0.0223543 0.0167632
 0.00638734 0.0104609 0.0159043 0.0227215 0.0307222 0.0393903 0.04786 0.0551349 0.0604521 0.0635202 0.0644844 0.0637236 0.0616694 0.0587235 0.0552342 0.051488 0.0477042 0.0440263 0.0405008 0.0370504 0.0334728 0.0295101 0.0249938 0.0199949 0.0148701
 0.0066263 0.0108574 0.0165157 0.0236053 0.0319238 0.0409231 0.0496866 0.0571613 0.0625423 0.0655249 0.0662675 0.0651778 0.0627215 0.059331 0.0553781 0.051163 0.0469099 0.0427644 0.0387838 0.034921 0.0310284 0.0269149 0.0224627 0.0177458 0.0130634
 0.00685017 0.0112221 0.0170665 0.0243858 0.0329691 0.0422482 0.0512717 0.0589444 0.0644232 0.0673801 0.0679686 0.0666077 0.0637868 0.0599689 0.0555567 0.050875 0.0461631 0.0415749 0.037178 0.0329491 0.0287836 0.0245454 0.020159 0.0157013 0.0114206
 0.00706873 0.0115804 0.0176108 0.0251602 0.0340056 0.0435522 0.0528081 0.0606351 0.0661602 0.0690482 0.0694633 0.0678433 0.0646955 0.0605 0.0556766 0.0505681 0.0454308 0.0404338 0.0356604 0.031111 0.026717 0.0223861 0.0180758 0.0138618 0.00994702
 0.00727477 0.0119221 0.018137 0.0259197 0.0350357 0.0448614 0.0543594 0.0623412 0.0678975 0.0706828 0.0708767 0.0689473 0.0654356 0.0608506 0.0556324 0.0501357 0.0446242 0.039274 0.034181 0.0293669 0.0247951 0.0204092 0.0161916 0.0122132 0.00863511
 0.00742111 0.0121611 0.0184996 0.0264367 0.0357343 0.0457569 0.055446 0.0635842 0.0692334 0.0720255 0.0721292 0.0700141 0.0662362 0.0613282 0.0557577 0.0499031 0.0440448 0.0383705 0.0329877 0.027936 0.0232054 0.0187686 0.0146268 0.0108451 0.00754773
 0.00752585 0.0123311 0.0187551 0.0267969 0.0362144 0.046364 0.0561736 0.0644109 0.0701255 0.0729423 0.073025 0.0708387 0.0669336 0.0618408 0.0560334 0.0499037 0.0437516 0.0377854 0.0321333 0.0268572 0.021972 0.0174751 0.0133822 0.00975171 0.0066766
 0.00761314 0.0124709 0.0189616 0.0270821 0.0365858 0.0468222 0.0567088 0.0650025 0.0707456 0.0735616 0.0736179 0.0713828 0.0674069 0.0622168 0.0562789 0.0499821 0.0436289 0.0374397 0.0315628 0.0260862 0.0210532 0.0164866 0.0124164 0.00889554 0.00599089
 0.00766261 0.0125449 0.0190613 0.0272055 0.0367302 0.0469865 0.0568963 0.0652195 0.0709989 0.0738546 0.0739482 0.0717411 0.0677763 0.0625732 0.0565915 0.0502135 0.0437391 0.0373926 0.0313356 0.0256789 0.0204953 0.0158354 0.0117469 0.00828252 0.00548946
 0.00774322 0.0126674 0.0192295 0.0274162 0.0369733 0.0472462 0.0571525 0.0654518 0.0711919 0.0740042 0.0740627 0.0718374 0.0678712 0.0626756 0.056697 0.0503044 0.0437867 0.0373632 0.0311991 0.0254198 0.020121 0.0153799 0.0112635 0.00782944 0.00511272
 0.00778241 0.012732 0.0193278 0.0275554 0.0371564 0.0474684 0.0573985 0.0656965 0.0714071 0.0741671 0.0741639 0.0718823 0.067877 0.0626637 0.0566845 0.0502972 0.0437766 0.0373293 0.0311152 0.0252641 0.0198867 0.0150813 0.010934 0.00751099 0.00484163
 0.00780979 0.0127697 0.0193725 0.0276008 0.0371965 0.0475018 0.0574306 0.0657375 0.0714664 0.0742469 0.0742573 0.0719766 0.0679604 0.0627304 0.056736 0.0503384 0.0438093 0.0373475 0.0311049 0.0252085 0.0197754 0.0149174 0.0107363 0.00730796 0.00466118
 0.00785842 0.0128402 0.0194623 0.0277013 0.0372946 0.0475829 0.0574827 0.0657547 0.0714509 0.07421 0.074216 0.0719472 0.0679521 0.062743 0.0567625 0.0503701 0.0438386 0.0373677 0.0311078 0.0251845 0.0197164 0.0148225 0.0106149 0.00717763 0.00454123
 0.00786184 0.0128481 0.019478 0.0277285 0.0373349 0.0476335 0.0575343 0.0657937 0.0714644 0.0741921 0.0741714 0.0718905 0.0679019 0.0627151 0.0567642 0.0503989 0.0438849 0.0374185 0.0311501 0.0252069 0.0197112 0.0147876 0.0105554 0.00710495 0.00446913
 0.00788275 0.0128745 0.019504 0.0277448 0.0373324 0.0476082 0.0574906 0.0657427 0.0714183 0.074158 0.0741492 0.0718757 0.0678914 0.0627105 0.056771 0.0504225 0.043926 0.037472 0.0312058 0.0252532 0.0197383 0.0147909 0.0105364 0.00707095 0.00442993
 0.0079161 0.0129251 0.0195731 0.0278297 0.0374261 0.0476987 0.0575628 0.0657814 0.0714141 0.074112 0.0740728 0.0717859 0.0678037 0.0626346 0.0567115 0.0503811 0.0439033 0.0374666 0.0312134 0.0252663 0.0197485 0.0147915 0.0105254 0.00705065 0.00440565
 0.00789939 0.0129008 0.0195418 0.0277939 0.0373893 0.0476647 0.0575337 0.0657576 0.0713938 0.0740921 0.0740513 0.0717637 0.0677851 0.0626258 0.0567179 0.0504047 0.0439426 0.0375175 0.0312702 0.0253223 0.0197971 0.0148275 0.0105462 0.00705773 0.00440318
 0.00790467 0.0129028 0.0195332 0.0277644 0.03733 0.0475726 0.0574163 0.0656317 0.07128 0.0740075 0.074004 0.0717524 0.0678028 0.0626645 0.0567713 0.0504693 0.0440161 0.0375971 0.0313518 0.0254004 0.0198659 0.0148823 0.0105847 0.00708065 0.00441386
 0.00787063 0.0128539 0.0194711 0.0276938 0.0372556 0.0474964 0.0573355 0.0655417 0.0711798 0.0739042 0.0739124 0.0716903 0.0677831 0.0626903 0.0568366 0.0505628 0.0441258 0.0377131 0.0314661 0.0255067 0.0199587 0.0149575 0.0106405 0.00711784 0.00443565
 0.00786435 0.0128326 0.0194192 0.0275922 0.0370887 0.0472619 0.0570521 0.0652458 0.0709139 0.0737018 0.0737903 0.0716494 0.0678158 0.0627865 0.0569852 0.0507505 0.0443371 0.0379314 0.0316764 0.0256972 0.0201212 0.0150875 0.0107374 0.00718437 0.00447725
 0.00785933 0.012828 0.0194178 0.0275962 0.0370961 0.0472629 0.0570281 0.0651761 0.0707865 0.0735236 0.0735879 0.0714597 0.0676721 0.0627084 0.0569767 0.0508042 0.044439 0.038065 0.0318249 0.0258449 0.0202556 0.0152001 0.0108242 0.00724574 0.00451677
 0.00782045 0.0127643 0.0193217 0.027462 0.036923 0.0470584 0.0568092 0.0649657 0.0706056 0.0733837 0.0734896 0.0713993 0.067649 0.0627281 0.0570464 0.0509267 0.0446086 0.0382679 0.0320425 0.0260584 0.0204489 0.0153619 0.0109493 0.00733473 0.00457467
 0.0078156 0.0127513 0.0192926 0.0274061 0.0368295 0.0469205 0.0566286 0.0647549 0.070386 0.0731809 0.0733264 0.0712902 0.0675985 0.0627327 0.0571002 0.0510242 0.0447451 0.0384364 0.0322319 0.0262533 0.0206331 0.0155219 0.0110766 0.00742744 0.00463618
 0.00778636 0.0127047 0.0192242 0.0273121 0.0367065 0.0467666 0.056445 0.0645471 0.0701656 0.0729653 0.0731374 0.0711498 0.0675237 0.0627314 0.0571699 0.0511544 0.0449213 0.0386434 0.0324547 0.026477 0.0208426 0.0157042 0.011223 0.00753515 0.00470845
 0.00774761 0.0126419 0.0191303 0.0271811 0.0365357 0.0465585 0.0562095 0.064301 0.069929 0.0727571 0.0729721 0.0710377 0.067472 0.0627451 0.0572502 0.051297 0.0451159 0.0388745 0.0327043 0.0267266 0.0210754 0.0159064 0.0113857 0.0076556 0.0047899
 0.0076971 0.0125616 0.019013 0.0270215 0.0363318 0.0463137 0.0559341 0.0640135 0.0696533 0.0725179 0.0727904 0.0709271 0.0674384 0.0627874 0.0573626 0.0514709 0.0453398 0.0391341 0.0329825 0.0270046 0.0213347 0.0161316 0.0115671 0.00779015 0.00488122
 0.00768604 0.0125401 0.0189739 0.0269562 0.0362319 0.0461743 0.0557571 0.063808 0.0694345 0.0723039 0.072599 0.0707744 0.0673373 0.0627467 0.0573859 0.0515564 0.0454808 0.0393197 0.033198 0.0272326 0.0215568 0.0163313 0.0117322 0.00791528 0.00496762
 0.00766104 0.012502 0.0189211 0.0268881 0.0361483 0.0460744 0.0556393 0.0636717 0.0692819 0.0721417 0.0724393 0.0706321 0.0672275 0.0626821 0.0573749 0.0516019 0.0455807 0.0394665 0.0333795 0.027433 0.0217585 0.0165171 0.0118891 0.00803616 0.00505226
 0.00763627 0.0124615 0.01886 0.0268023 0.0360362 0.0459385 0.0554876 0.0635163 0.0691357 0.0720143 0.0723349 0.0705517 0.067172 0.0626547 0.0573808 0.0516467 0.0456671 0.0395928 0.0335385 0.0276126 0.0219431 0.0166907 0.0120382 0.00815271 0.00513493
 0.00761803 0.0124305 0.018811 0.0267297 0.0359353 0.045808 0.0553314 0.0633447 0.0689639 0.071859 0.0722105 0.070467 0.0671299 0.0626527 0.0574149 0.0517134 0.0457644 0.0397188 0.0336891 0.0277798 0.022115 0.0168536 0.0121796 0.00826462 0.00521517
 0.00759201 0.0123921 0.01876 0.026668 0.0358655 0.0457315 0.055248 0.063253 0.0688636 0.0717533 0.0721066 0.0703756 0.0670616 0.0626159 0.0574133 0.0517467 0.0458296 0.039812 0.0338055 0.0279126 0.022255 0.0169895 0.0123004 0.00836223 0.00528652
 0.00758466 0.0123794 0.0187398 0.0266382 0.0358251 0.0456819 0.0551929 0.0631977 0.0688121 0.0717062 0.0720615 0.0703292 0.0670134 0.0625702 0.0573779 0.05173 0.0458379 0.0398475 0.0338667 0.0279946 0.02235 0.0170878 0.0123919 0.00843905 0.00534441
 0.00757316 0.0123615 0.0187142 0.0266043 0.0357826 0.0456311 0.0551352 0.063136 0.068751 0.0716511 0.072017 0.0702974 0.0669937 0.0625599 0.0573753 0.0517358 0.0458551 0.0398801 0.0339168 0.0280611 0.0224282 0.01717 0.0124697 0.00850519 0.00539493
 0.007528 0.0122936 0.0186223 0.0264911 0.0356542 0.0454957 0.0550023 0.0630154 0.0686522 0.0715814 0.0719806 0.0702951 0.0670227 0.062615 0.0574495 0.0518222 0.0459483 0.0399773 0.0340169 0.0281631 0.0225296 0.0172662 0.0125552 0.00857521 0.00544716
 0.00753408 0.0122987 0.0186214 0.0264771 0.0356202 0.045439 0.0549265 0.0629302 0.0685695 0.0715115 0.0719288 0.0702622 0.0670073 0.062615 0.0574635 0.0518486 0.0459855 0.0400234 0.0340703 0.0282223 0.0225922 0.0173288 0.0126134 0.00862485 0.00548547
 0.00753107 0.012297 0.0186243 0.0264885 0.0356426 0.0454698 0.0549573 0.0629486 0.0685646 0.0714791 0.071874 0.0701963 0.0669427 0.0625611 0.0574249 0.0518264 0.0459788 0.0400306 0.0340894 0.0282511 0.022628 0.0173683 0.0126525 0.00865968 0.00551332
 0.00751938 0.0122787 0.0185986 0.0264556 0.0356048 0.0454318 0.0549257 0.0629297 0.0685609 0.0714877 0.0718866 0.0702041 0.0669408 0.0625507 0.0574118 0.0518173 0.0459786 0.0400412 0.0341104 0.0282805 0.0226629 0.0174054 0.0126882 0.00869085 0.00553792
 0.00750467 0.0122546 0.0185619 0.0264038 0.0355365 0.0453486 0.0548333 0.0628382 0.0684829 0.0714347 0.0718654 0.0702144 0.0669757 0.0625999 0.0574658 0.0518707 0.0460302 0.0400922 0.0341622 0.0283331 0.0227149 0.0174543 0.0127314 0.00872622 0.00556448
 0.00749067 0.0122307 0.0185241 0.0263477 0.0354586 0.0452483 0.0547144 0.0627095 0.0683575 0.0713271 0.071789 0.0701785 0.0669837 0.0626482 0.057545 0.0519683 0.0461345 0.040195 0.0342588 0.0284215 0.0227938 0.0175224 0.0127875 0.00876963 0.00559562
 0.00747508 0.0122064 0.0184891 0.0263008 0.0353989 0.0451753 0.0546285 0.0626129 0.0682547 0.0712254 0.0716984 0.0701099 0.0669469 0.0626494 0.0575846 0.0520411 0.0462306 0.0403028 0.0343678 0.0285238 0.0228848 0.0175993 0.0128491 0.00881613 0.00562822
 0.00747508 0.0122064 0.0184891 0.0263008 0.0353989 0.0451753 0.0546285 0.0626129 0.0682547 0.0712254 0.0716984 0.0701099 0.0669469 0.0626494 0.0575846 0.0520411 0.0462306 0.0403028 0.0343678 0.0285238 0.0228848 0.0175993 0.0128491 0.00881613 0.00562822
 0.00721623 0.0117927 0.0178817 0.0254737 0.0343506 0.0439434 0.0533008 0.0613227 0.0671546 0.070448 0.0713239 0.070155 0.0673721 0.0633783 0.0585236 0.0530957 0.0473168 0.0413519 0.0353288 0.0293624 0.0235818 0.0181495 0.0132592 0.0091025 0.00581409
 0.00738412 0.0120305 0.0181731 0.0257774 0.0346069 0.0440876 0.053278 0.0611007 0.0667342 0.0698687 0.0706612 0.069505 0.0668282 0.0630081 0.0583567 0.0531233 0.0475017 0.0416425 0.0356713 0.0297103 0.0239004 0.0184174 0.0134674 0.00925216 0.00591319
 0.00728049 0.0118936 0.0180239 0.0256506 0.0345357 0.0440818 0.0533102 0.0611107 0.0666535 0.0696523 0.0703092 0.0690647 0.0663788 0.0626365 0.0581334 0.0530866 0.0476513 0.0419447 0.0360716 0.030148 0.0243219 0.018784 0.0137585 0.00946387 0.00605411
 0.00727645 0.0118745 0.0179741 0.0255531 0.034383 0.0438882 0.0531155 0.060967 0.0665968 0.069677 0.0703647 0.0690812 0.0663063 0.0624721 0.0579226 0.0529002 0.0475545 0.0419733 0.0362237 0.030391 0.0246075 0.0190651 0.0140005 0.00964957 0.00618219
#pred catch len freq
 0.00310092 0.00503882 0.00761294 0.0108715 0.0148596 0.0195717 0.0248916 0.0305805 0.0363235 0.0417914 0.0466882 0.0507886 0.0539706 0.056227 0.0576497 0.0584081 0.0587293 0.0588593 0.0589601 0.0589379 0.0582937 0.0561691 0.0517032 0.0445788 0.035394
 0.00336157 0.00539792 0.00803598 0.0112917 0.0152034 0.0197954 0.0250041 0.030634 0.0363766 0.0418709 0.0467778 0.0508535 0.0539985 0.056255 0.0577573 0.0586758 0.0591832 0.0594286 0.0594742 0.0591761 0.0580732 0.0554327 0.0505567 0.04325 0.0341357
 0.00345221 0.00558291 0.00837872 0.0118606 0.0160388 0.0208678 0.0261921 0.0317504 0.0372396 0.04238 0.0469426 0.0507611 0.0537529 0.0559378 0.0574277 0.0583861 0.0589769 0.0593109 0.0593788 0.0589658 0.0575937 0.0545961 0.0494027 0.0419406 0.0328832
 0.00358574 0.00578669 0.00866623 0.0122502 0.0165667 0.0215964 0.0271964 0.0330732 0.0388333 0.0440758 0.048484 0.0518964 0.0543343 0.0559642 0.0570147 0.0576971 0.05816 0.0584601 0.0585163 0.0580445 0.0565307 0.0533337 0.0479664 0.0404526 0.0315144
 0.00379011 0.00610773 0.00912802 0.0128668 0.0173407 0.0225193 0.0282525 0.0342488 0.0401245 0.045479 0.0499634 0.0533464 0.055575 0.0567921 0.0572847 0.0573818 0.0573472 0.0572966 0.0571368 0.0565281 0.0549033 0.0516102 0.0462002 0.0387541 0.0300226
 0.00405144 0.00652095 0.00972891 0.0136826 0.0183875 0.0237963 0.0297338 0.0358772 0.0418167 0.0471426 0.0515164 0.0547245 0.0567188 0.0576247 0.0577033 0.0572829 0.0566733 0.0560691 0.0554502 0.0545125 0.052689 0.0493199 0.0439627 0.0367104 0.0283044
 0.00430778 0.006935 0.010348 0.0145514 0.0195427 0.0252564 0.0314851 0.0378629 0.0439365 0.0492642 0.0534952 0.0564267 0.05804 0.0584954 0.058078 0.0571224 0.0559403 0.0547457 0.0535657 0.0521602 0.0500217 0.0465311 0.0412626 0.034297 0.026328
 0.00455374 0.00733152 0.0109403 0.0153843 0.0206577 0.0266852 0.0332361 0.0399073 0.0461986 0.0516221 0.055791 0.0584876 0.0597053 0.0596396 0.0586219 0.0570269 0.0551923 0.0533497 0.0515527 0.0496102 0.0470838 0.0434229 0.0382413 0.0316084 0.0241498
 0.00481139 0.00774521 0.0115548 0.0162416 0.0217949 0.0281279 0.0349877 0.0419385 0.0484424 0.0539752 0.0581202 0.0606397 0.0615213 0.0609731 0.0593554 0.0570823 0.0545313 0.0519709 0.0494928 0.046957 0.0439945 0.0401299 0.0350267 0.0287465 0.021839
 0.00504774 0.00813095 0.0121393 0.0170749 0.0229223 0.0295788 0.0367616 0.043994 0.0506972 0.0563146 0.0604105 0.0627405 0.0632969 0.0623 0.0601276 0.0572147 0.0539647 0.0506787 0.047493 0.0443291 0.0408965 0.0368016 0.0317623 0.0258343 0.0194883
 0.00531644 0.00855719 0.0127628 0.0179308 0.0240406 0.0309819 0.0384546 0.0459521 0.0528559 0.0585689 0.0626241 0.0647646 0.0649906 0.0635461 0.0608367 0.0573207 0.0534187 0.0494516 0.0455892 0.0418103 0.0379057 0.0335689 0.028578 0.0229861 0.0171871
 0.00560642 0.00901438 0.0134254 0.0188275 0.0251897 0.0323884 0.0401034 0.0478021 0.0548386 0.0605934 0.0645842 0.0665458 0.066479 0.0646376 0.0614454 0.0573818 0.0528871 0.0483013 0.0438223 0.0394776 0.0351314 0.0305611 0.0256056 0.0203205 0.0150297
 0.00580886 0.00934529 0.0139273 0.0195425 0.0261532 0.0336179 0.0415864 0.0494885 0.056646 0.0624198 0.0663236 0.0680991 0.0677595 0.0655723 0.0619728 0.0574498 0.0524523 0.047333 0.0423137 0.037466 0.03272 0.0279294 0.0229907 0.0179651 0.013117
 0.00593419 0.00956343 0.0142833 0.0200899 0.026946 0.034695 0.0429533 0.0511056 0.0584276 0.0642456 0.0680577 0.0696122 0.0689483 0.0663697 0.0623451 0.0573837 0.0519414 0.0463721 0.0409065 0.0356447 0.0305696 0.0256 0.0206838 0.0158896 0.0114317
 0.00616523 0.00992302 0.0147966 0.0207752 0.0278183 0.0357689 0.0442382 0.052592 0.0600714 0.0659586 0.0697123 0.071063 0.0700626 0.067054 0.0625566 0.0571237 0.0512374 0.0452602 0.0394253 0.0338448 0.0285331 0.0234548 0.018597 0.0140331 0.00993468
 0.00634907 0.0102255 0.0152581 0.0214345 0.0287038 0.036886 0.0455578 0.0540502 0.0615821 0.0674319 0.0710654 0.07222 0.07095 0.0676033 0.062714 0.0568624 0.0505618 0.0442016 0.0380337 0.0321865 0.0266964 0.0215574 0.0167793 0.0124339 0.00865518
 0.00645685 0.0103986 0.0155165 0.0218004 0.0292033 0.0375478 0.046406 0.0550898 0.0627834 0.0687236 0.0723425 0.0733664 0.0718647 0.0682155 0.0629838 0.0567731 0.0501137 0.0434116 0.036938 0.030844 0.0251914 0.0199982 0.0152889 0.0111278 0.0076141
 0.00664489 0.0106728 0.0158715 0.0222127 0.0296415 0.0379876 0.0468424 0.0555396 0.0632769 0.0692886 0.0729871 0.0740658 0.0725587 0.0688206 0.0634141 0.0569593 0.0500141 0.0430135 0.0362566 0.0299218 0.0240987 0.0188296 0.0141518 0.0101217 0.00680847
 0.00680406 0.0109259 0.0162401 0.0227093 0.0302618 0.0387035 0.047598 0.0562598 0.0638897 0.0697516 0.0733014 0.074267 0.072692 0.0689129 0.0634593 0.0569216 0.0498442 0.0426691 0.0357178 0.0292 0.0232383 0.0179029 0.0132457 0.00931855 0.0061653
 0.00681074 0.010948 0.0162948 0.0228211 0.0304584 0.0390073 0.0480158 0.0567746 0.0644584 0.0703121 0.0737881 0.0746323 0.0729207 0.0690221 0.0634812 0.0568794 0.0497376 0.0424755 0.0354086 0.0287605 0.0226817 0.0172731 0.0126072 0.0087381 0.00569259
 0.00681815 0.0109606 0.0163162 0.0228581 0.0305237 0.0391215 0.0482052 0.0570637 0.0648569 0.0708021 0.0743206 0.0751362 0.0733249 0.069278 0.0635754 0.05683 0.0495765 0.0422291 0.035089 0.0283705 0.0222288 0.0167805 0.0121147 0.00829139 0.00532815
 0.00679976 0.0109274 0.0162604 0.0227712 0.0303999 0.0389625 0.0480266 0.056897 0.0647468 0.0707961 0.0744537 0.0754151 0.0737194 0.0697269 0.064005 0.0571775 0.0498054 0.0423303 0.0350708 0.0282484 0.0220222 0.0165148 0.011823 0.00801056 0.00508929
 0.00681734 0.0109512 0.0162868 0.0227926 0.0304055 0.0389401 0.0479656 0.0567934 0.0646078 0.0706444 0.0743261 0.0753543 0.0737593 0.0698774 0.064245 0.0574601 0.0500737 0.0425353 0.0351834 0.0282615 0.0219463 0.0163728 0.0116448 0.00782753 0.00492767
 0.00686213 0.0110132 0.0163601 0.0228647 0.0304601 0.0389621 0.0479456 0.0567285 0.0645016 0.070506 0.0741711 0.0752058 0.0736466 0.0698295 0.0642801 0.0575761 0.0502456 0.0427222 0.0353422 0.0283605 0.0219729 0.0163335 0.01156 0.00772303 0.00482691
 0.00683812 0.010979 0.0163171 0.0228161 0.0304083 0.0389062 0.0478797 0.0566448 0.0643953 0.0703807 0.0740399 0.0750883 0.0735638 0.0697992 0.0643144 0.0576785 0.0504075 0.0429215 0.0355468 0.0285369 0.0220965 0.0163955 0.0115678 0.00769481 0.00478329
