SBPRF35
12.7214
Curr Bio
701581
B35
876244
F35
0.170124
FOFL
0.134635
OFL
78398
Bzero
3.63469e+06
#pred survey bio
 3.6849e+06 3.53249e+06 3.4027e+06 3.23567e+06 3.03296e+06 2.80299e+06 2.5637e+06 2.33406e+06 2.10113e+06 1.87233e+06 1.65335e+06 1.45263e+06 1.3059e+06 1.17768e+06 1.03272e+06 903929 799984 734016 672025 644691 607882 589409 570754 555704 548842 549897 540334 543222 548948 550864 560239 565567 574371 580090 590502 592803 594786 607321 620681 633193 649892 661799 671459 676412 680808 685661 684952 684464 693595 694738 700118 737944 716622 713507 707294 2.47766e+07 1.4793e+07 1.51119e+07 1.615e+07 1.76778e+07 1.94024e+07 2.10973e+07 2.26273e+07 2.39325e+07 2.50031e+07 2.58576e+07 2.65265e+07 2.70434e+07 2.74392e+07 2.77407e+07 2.797e+07 2.81441e+07 2.82766e+07 2.83777e+07 2.84551e+07 2.85146e+07 2.85606e+07 2.85963e+07 2.86241e+07 2.86459e+07 2.86631e+07 2.86767e+07 2.86874e+07 2.86959e+07 2.87028e+07 2.87082e+07 2.87126e+07 2.87162e+07 2.8719e+07 2.87213e+07 2.87232e+07 2.87247e+07 2.8726e+07 2.8727e+07 2.87278e+07 2.87285e+07 2.8729e+07 2.87295e+07 2.87298e+07 2.87301e+07 2.87304e+07 2.87306e+07 2.87307e+07 2.87309e+07 2.8731e+07 2.87311e+07 2.87311e+07 2.87312e+07 2.87313e+07 2.87313e+07 2.87313e+07 2.87314e+07 2.87314e+07 2.87314e+07 2.87314e+07 2.87314e+07 2.87314e+07 2.87314e+07 2.87314e+07 2.87314e+07 2.87315e+07 2.87315e+07 2.87315e+07 2.87315e+07 2.87315e+07 2.87315e+07 2.87315e+07 2.87315e+07 2.87315e+07 2.87315e+07 2.87315e+07 2.87315e+07 2.87315e+07 2.87315e+07 2.87315e+07 2.87315e+07 2.87315e+07 2.87315e+07 2.87315e+07 2.87315e+07 2.87315e+07 2.87315e+07 2.87315e+07 2.87315e+07 2.87315e+07 2.87315e+07 2.87315e+07 2.87315e+07 2.87315e+07 2.87315e+07 2.87315e+07 2.87315e+07 2.87315e+07 2.87315e+07 2.87315e+07 0 0 0 0 0 0 0 0 0 0 0 0 0 0 0 0 0 0 0 0 0 0 0 0 0
#obs survey bio
 4.47286e+06 4.76078e+06 2.33359e+06 2.51623e+06 3.63453e+06 2.77475e+06 1.65220e+06 2.27294e+06 1.80699e+06 1.44026e+06 1.19905e+06 1.42935e+06 1.023e+06 1.1311e+06 1.11463e+06 825283 957806 637872 545479 546744 512636 604964 476415 640205 698528 527557 498059 716424 495090 503448 555983 472891 652728 789006 627106 778741 641886 393551 444342 637691 550946 643604 560046 640871 780628 599135 531524 697334 685268 654764 806845 602505 880423 572032 672847
#pred catch bio
 117471 105756 150835 196835 237694 264322 274586 295854 308118 311755 304019 262125 249834 264251 246011 218946 181096 173197 140508 146016 127472 125129 119491 110713 103185 111199 99898.7 97657.4 100863 94568.9 98119.8 95348.7 98134.3 94232.9 100987 100820 92359.5 93042.8 95049.9 92956.3 98610.6 101739 106769 108111 108482 113589 113152 104645 110589 105307 77172.8 125777 106348 106041 96097.6 78398 96867 97563.6 102834 112110 122985 133679 143223 151223 157640 162622 166397 169204 171261 172750 173819 174581 175120 175500 175767 175954 176085 176176 176239 176283 176314 176335 176349 176359 176366 176371 176374 176377 176378 176379 176380 176381 176381 176381 176381 176382 176382 176382 176382 176382 176382 176382 176382 176382 176382 176382 176382 176382 176382 176382 176382 176382 176382 176382 176382 176382 176382 176382 176382 176382 176382 176382 176382 176382 176382 176382 176382 176382 176382 176382 176382 176382 176382 176382 176382 176382 176382 176382 176382 176382 176382 176382 176382 176382 176382 176382 176382 176382 176382 176382 176382 176382 176382 176382 176382 0 0 0 0 0 0 0 0 0 0 0 0 0 0 0 0 0 0 0 0 0 0 0 0 0
#obs catch bio
 0 105264 150878 196909 237386 263910 275249 296946 309948 315692 308192 264676 252637 268309 247532 221207 182114 173670 141070 147851 128655 126116 120582 111182 103713 111952 100473 97993 101495 95045.2 98431.5 95619.2 98447 94368.2 101079 100871 92383.7 93546.5 95504.9 93009.4 98924 102010 106938 108538 108870 114227 114169 105066 111332 105803 76427.4 126119 105718 106012 96023.8
#pred cpue bio
 3.63297e+06 3.48269e+06 3.35414e+06 3.18738e+06 2.98504e+06 2.75551e+06 2.51649e+06 2.28702e+06 2.05467e+06 1.82685e+06 1.60931e+06 1.41029e+06 1.26468e+06 1.13774e+06 995105 868729 767017 702714 642310 615560 579818 562065 544226 529833 523323 524492 515299 518166 523842 525828 535118 540473 549122 554815 565143 567548 569548 581706 594652 606848 623088 634602 643938 648627 652777 657461 656763 656401 665603 667181 672957 710511 690315 687610 682077 2.39328e+07 1.43043e+07 1.44529e+07 1.52905e+07 1.67417e+07 1.84464e+07 2.0137e+07 2.16662e+07 2.29711e+07 2.40417e+07 2.48962e+07 2.55652e+07 2.6082e+07 2.64778e+07 2.67794e+07 2.70086e+07 2.71827e+07 2.73153e+07 2.74163e+07 2.74937e+07 2.75533e+07 2.75992e+07 2.76349e+07 2.76627e+07 2.76846e+07 2.77017e+07 2.77153e+07 2.7726e+07 2.77346e+07 2.77414e+07 2.77469e+07 2.77512e+07 2.77548e+07 2.77576e+07 2.776e+07 2.77618e+07 2.77634e+07 2.77646e+07 2.77656e+07 2.77664e+07 2.77671e+07 2.77676e+07 2.77681e+07 2.77685e+07 2.77688e+07 2.7769e+07 2.77692e+07 2.77694e+07 2.77695e+07 2.77696e+07 2.77697e+07 2.77698e+07 2.77698e+07 2.77699e+07 2.77699e+07 2.77699e+07 2.777e+07 2.777e+07 2.777e+07 2.777e+07 2.777e+07 2.777e+07 2.77701e+07 2.77701e+07 2.77701e+07 2.77701e+07 2.77701e+07 2.77701e+07 2.77701e+07 2.77701e+07 2.77701e+07 2.77701e+07 2.77701e+07 2.77701e+07 2.77701e+07 2.77701e+07 2.77701e+07 2.77701e+07 2.77701e+07 2.77701e+07 2.77701e+07 2.77701e+07 2.77701e+07 2.77701e+07 2.77701e+07 2.77701e+07 2.77701e+07 2.77701e+07 2.77701e+07 2.77701e+07 2.77701e+07 2.77701e+07 2.77701e+07 2.77701e+07 2.77701e+07 2.77701e+07 2.77701e+07 2.77701e+07 2.77701e+07 2.77701e+07 0 0 0 0 0 0 0 0 0 0 0 0 0 0 0 0 0 0 0 0 0 0 0 0 0
#obs cpue bio
 3.70498e+06 3.75675e+06 3.10647e+06 3.80674e+06 3.35883e+06 2.73508e+06 2.03119e+06 2.18396e+06 1.89693e+06 1.31241e+06 1.95735e+06 1.38421e+06 1.28197e+06 973291 1.30474e+06 687799 644175 1.0066e+06 557564 485085 590899 560175 527225 542334 325003 543305 458738 431443 481156 503516 645301 582779 486694 403081 606972 445892 473877 573507 847521 762507 607998 637820 848497 529743 536002 638598 593799 743620 591588 857869 1.19091e+06 680659 764598 643852 682657
#pred surv len freq
 0.00461316 0.00752571 0.0113928 0.0162162 0.0218877 0.0281076 0.0343612 0.04005 0.0447186 0.0482014 0.0505931 0.0521107 0.0529752 0.0533643 0.0534146 0.0532444 0.052977 0.0527367 0.0525798 0.0523586 0.0515983 0.0495396 0.0454446 0.0390605 0.0309283
 0.00485554 0.00782944 0.0116869 0.0163888 0.0218294 0.027772 0.0338057 0.039423 0.0441937 0.0479006 0.0505461 0.0522719 0.053276 0.0537627 0.0539106 0.0538582 0.0537059 0.0535157 0.0532724 0.0527889 0.0516196 0.0491052 0.0446402 0.0380732 0.0299682
 0.00502624 0.00812643 0.0121628 0.0170859 0.0227479 0.0288344 0.0348457 0.0402257 0.0445846 0.0478315 0.0501184 0.0516779 0.0527042 0.0533293 0.0536535 0.0537683 0.0537541 0.0536518 0.0534073 0.0527948 0.0513665 0.0485232 0.0437662 0.0370457 0.0289677
 0.00519537 0.00839941 0.0125721 0.0176658 0.0235326 0.0298489 0.0360853 0.0416286 0.0460134 0.0490872 0.0509956 0.0520439 0.0525552 0.0527875 0.0529044 0.0529827 0.0530369 0.0530293 0.0528375 0.0521896 0.0506271 0.0475892 0.0426575 0.0358673 0.0278674
 0.00542925 0.00876953 0.0131106 0.0183967 0.0244694 0.0309913 0.0374138 0.0431013 0.0475646 0.0506244 0.0523946 0.053153 0.0532238 0.0529169 0.0524933 0.0521327 0.0519088 0.0517752 0.0515487 0.0508832 0.0492746 0.0461671 0.041193 0.0344492 0.026615
 0.00573416 0.00925273 0.0138144 0.0193514 0.0256881 0.0324617 0.0390899 0.0449027 0.0493891 0.052367 0.0539602 0.0544538 0.0541684 0.0534087 0.0524499 0.051521 0.0507707 0.0502213 0.0497184 0.0489003 0.0472272 0.0441234 0.0392312 0.0326705 0.0251237
 0.00603387 0.00973928 0.0145449 0.0203776 0.027045 0.034151 0.0410632 0.0470576 0.0515854 0.0544558 0.0558108 0.0559656 0.0552675 0.0540361 0.0525519 0.0510524 0.0497132 0.0486058 0.0476345 0.0464838 0.0446365 0.0415218 0.0367787 0.0305138 0.0233739
 0.00629477 0.0101653 0.01519 0.0212947 0.0282778 0.0357195 0.0429471 0.0491868 0.0538447 0.0567024 0.0578954 0.0577507 0.0566402 0.0549125 0.0528739 0.0507804 0.0488244 0.047104 0.0455684 0.0439613 0.0418257 0.0386336 0.0340366 0.0281158 0.0214541
 0.0065584 0.0105935 0.0158344 0.0222042 0.0294914 0.0372534 0.0447809 0.0512566 0.0560493 0.058919 0.0599943 0.0596057 0.0581347 0.0559451 0.0533634 0.0506682 0.0480746 0.0457079 0.0435568 0.0414234 0.0389224 0.0355914 0.0311143 0.0255505 0.0194062
 0.00679687 0.0109873 0.0164385 0.0230742 0.0306729 0.0387655 0.0465994 0.0533078 0.0582214 0.0610839 0.0620277 0.0613967 0.0595871 0.056975 0.053897 0.050642 0.0474391 0.0444359 0.0416593 0.0389706 0.036062 0.0325479 0.028158 0.022938 0.0173159
 0.00706667 0.0114202 0.0170799 0.0239645 0.031842 0.0402243 0.0483275 0.0552461 0.0602753 0.0631363 0.0639561 0.0630872 0.0609434 0.0579212 0.0543745 0.0506028 0.046842 0.0432512 0.0398848 0.036657 0.0333361 0.0296189 0.0252889 0.0203866 0.0152665
 0.00740322 0.0119517 0.0178507 0.0250051 0.0331645 0.0418148 0.0501384 0.057194 0.0622522 0.0650291 0.0656631 0.0645246 0.0620444 0.0586327 0.0546539 0.0504155 0.0461585 0.0420494 0.0381617 0.0344514 0.0307548 0.0268467 0.0225677 0.0179597 0.0133122
 0.00760417 0.0122841 0.0183614 0.0257403 0.0341595 0.0430786 0.0516387 0.0588545 0.0639669 0.0666865 0.0671662 0.0657996 0.0630379 0.0593045 0.0549705 0.0503447 0.0456693 0.0411153 0.0367728 0.0326339 0.0285939 0.0244975 0.0202386 0.0158657 0.011615
 0.00766723 0.0124113 0.018599 0.0261481 0.0347988 0.0439915 0.0528274 0.0602724 0.0655245 0.0682696 0.0686567 0.0670931 0.0640555 0.0599961 0.05531 0.0503195 0.0452701 0.0403324 0.0356036 0.031101 0.0267664 0.0225034 0.0182532 0.014073 0.0101563
 0.00788204 0.0127502 0.0190907 0.0268155 0.0356582 0.0450505 0.054078 0.0616818 0.0670297 0.0697788 0.0700594 0.0682771 0.0649263 0.0604921 0.0554073 0.0500251 0.0446073 0.0393289 0.0342877 0.0295117 0.0249713 0.0206123 0.0164119 0.0124332 0.00883292
 0.00806217 0.0130505 0.0195556 0.0274882 0.0365693 0.0462005 0.0554239 0.0631383 0.0684888 0.0711369 0.0712353 0.0692128 0.0655784 0.0608262 0.0553992 0.0496669 0.0439102 0.0383201 0.0330065 0.0280103 0.023322 0.0189147 0.014788 0.011005 0.00769009
 0.00823625 0.0133235 0.0199486 0.028017 0.0372444 0.0470265 0.0563942 0.0642268 0.0696445 0.0722855 0.0722898 0.0700898 0.066213 0.0611786 0.0554519 0.0494177 0.0433672 0.0375018 0.0319442 0.0267522 0.0219375 0.0174949 0.0134381 0.00982517 0.00675098
 0.00841294 0.0135818 0.0202844 0.0284089 0.0376626 0.0474458 0.0568045 0.0646359 0.070072 0.072752 0.0728035 0.0706361 0.0667511 0.0616479 0.0557864 0.0495603 0.0432798 0.0371683 0.0313719 0.0259726 0.0210073 0.0164933 0.0124576 0.00895324 0.00604966
 0.00866028 0.013969 0.0208372 0.029136 0.0385475 0.0484399 0.057824 0.0655729 0.0708234 0.0732529 0.0730472 0.0706669 0.0666358 0.0614439 0.0555219 0.0492321 0.0428644 0.036639 0.0307136 0.0251922 0.020138 0.0155927 0.0115969 0.00820044 0.00545173
 0.00861405 0.013913 0.0207887 0.0291244 0.0386082 0.0486029 0.0581026 0.0659567 0.0712776 0.0737264 0.0734853 0.0710274 0.0669003 0.0616184 0.0556243 0.0492753 0.0428445 0.0365361 0.0305035 0.024862 0.0196984 0.0150803 0.0110673 0.00771229 0.0050501
 0.00867159 0.0140018 0.0209143 0.0292906 0.0388189 0.0488638 0.0584199 0.0663325 0.0717029 0.074175 0.0739145 0.0713858 0.0671426 0.0617194 0.0555856 0.0491199 0.0426032 0.036233 0.0301495 0.0244598 0.019254 0.0146127 0.0106092 0.00730192 0.00471761
 0.00865005 0.0139632 0.0208501 0.029192 0.0386809 0.0486907 0.0582308 0.0661618 0.0715944 0.0741705 0.0740399 0.0716403 0.0674954 0.0621169 0.0559668 0.0494338 0.0428197 0.0363427 0.0301568 0.0243753 0.0190924 0.0143953 0.0103648 0.00706302 0.00451234
 0.0086901 0.0140199 0.0209194 0.0292638 0.0387404 0.048722 0.0582209 0.0661051 0.0714966 0.074051 0.0739303 0.0715768 0.0675064 0.0622112 0.0561289 0.0496281 0.0430028 0.0364773 0.03022 0.0243608 0.0190078 0.0142583 0.0101998 0.0068963 0.00436619
 0.00875502 0.014115 0.0210429 0.0294062 0.0388862 0.0488527 0.0583178 0.0661518 0.0714822 0.0739742 0.0738021 0.0714212 0.067356 0.0620988 0.0560768 0.0496404 0.0430636 0.0365565 0.0302849 0.0243865 0.0189838 0.0141891 0.010101 0.00678817 0.00426716
 0.00877436 0.0141426 0.0210771 0.0294424 0.0389177 0.0488714 0.0583163 0.0661246 0.0714271 0.0738936 0.0737036 0.0713167 0.0672609 0.0620297 0.0560487 0.0496623 0.043134 0.0366614 0.0304004 0.0244863 0.019048 0.0142101 0.0100842 0.00674761 0.00421891
 0.00874724 0.0140968 0.021005 0.0293367 0.0387733 0.0486891 0.0581056 0.0659036 0.0712192 0.0737214 0.073584 0.0712588 0.0672661 0.0620944 0.0561661 0.0498245 0.0433309 0.0368794 0.0306213 0.0246892 0.0192136 0.0143269 0.0101516 0.00677495 0.00422058
 0.0088047 0.0141882 0.021138 0.0295151 0.0389937 0.0489374 0.0583548 0.0661173 0.0713603 0.0737642 0.073522 0.0711057 0.0670498 0.0618484 0.0559225 0.0496089 0.0431601 0.0367604 0.0305513 0.024657 0.0192036 0.014324 0.0101457 0.00676271 0.00420406
 0.00877353 0.0141353 0.0210551 0.0293949 0.038834 0.0487459 0.0581515 0.0659314 0.0712207 0.0736886 0.0735114 0.0711469 0.0671241 0.0619397 0.0560219 0.049714 0.0432722 0.0368806 0.0306774 0.0247829 0.01932 0.0144215 0.0102181 0.00680927 0.00422911
 0.00871947 0.0140507 0.0209339 0.0292335 0.0386315 0.0485054 0.0578823 0.0656512 0.070956 0.0734713 0.0733715 0.0711037 0.0671802 0.0620806 0.0562221 0.0499461 0.043514 0.0371171 0.0308998 0.0249847 0.0194952 0.0145647 0.0103264 0.00688372 0.00427483
 0.00867444 0.0139835 0.0208439 0.0291237 0.0385073 0.0483721 0.0577439 0.0655101 0.0708152 0.0733355 0.07325 0.0710104 0.0671308 0.0620878 0.05629 0.050068 0.0436745 0.0372976 0.0310832 0.0251579 0.0196488 0.0146925 0.0104252 0.0069538 0.0043198
 0.00862401 0.0138941 0.0206963 0.0288978 0.0381895 0.0479656 0.0572765 0.0650322 0.0703867 0.0730084 0.0730545 0.0709531 0.0672011 0.0622662 0.0565544 0.0503954 0.0440406 0.0376773 0.0314518 0.0254943 0.0199377 0.0149256 0.010601 0.00707677 0.00439891
 0.00863274 0.0139042 0.0207033 0.0288926 0.0381583 0.0478909 0.0571407 0.0648245 0.070111 0.0726882 0.0727313 0.070675 0.0670085 0.0621813 0.0565793 0.0505166 0.0442362 0.0379214 0.0317181 0.025758 0.0201782 0.0151283 0.0107587 0.00718978 0.00447302
 0.00854634 0.0137785 0.0205412 0.028706 0.0379636 0.0477028 0.0569666 0.0646633 0.069956 0.0725328 0.0725749 0.0705281 0.0668921 0.062122 0.056599 0.0506248 0.0444265 0.038174 0.0320057 0.0260516 0.0204518 0.0153629 0.0109438 0.00732383 0.00456174
 0.00849405 0.013693 0.0204125 0.0285267 0.0377332 0.0474323 0.0566811 0.0643979 0.069744 0.0723935 0.072507 0.0705142 0.066912 0.0621638 0.0566645 0.050725 0.0445725 0.0383685 0.0322392 0.0263044 0.0207002 0.0155849 0.0111248 0.00745822 0.00465247
 0.00843597 0.0135966 0.0202638 0.028312 0.0374426 0.0470655 0.0562535 0.0639431 0.0693103 0.0720333 0.0722644 0.0704136 0.0669524 0.0623224 0.0569077 0.0510209 0.0448984 0.0387107 0.0325873 0.0266457 0.0210182 0.0158625 0.0113492 0.00762472 0.00476513
 0.00844749 0.0136133 0.0202846 0.028333 0.0374558 0.0470582 0.0562094 0.0638459 0.0691502 0.0718144 0.0720079 0.0701549 0.0667314 0.0621716 0.0568433 0.0510415 0.0449901 0.0388552 0.0327667 0.0268438 0.0212189 0.0160499 0.0115096 0.00774972 0.00485324
 0.00853584 0.0137384 0.0204385 0.0284966 0.037604 0.0471682 0.0562665 0.0638444 0.0690896 0.0716959 0.0718346 0.0699357 0.0664848 0.0619257 0.0566298 0.0508869 0.0449085 0.0388465 0.0328194 0.0269402 0.0213396 0.0161761 0.0116258 0.00784512 0.00492334
 0.00850922 0.0137022 0.0203967 0.0284554 0.0375682 0.047136 0.0562279 0.0637844 0.068997 0.0715708 0.07169 0.0697915 0.0663598 0.0618326 0.056576 0.0508775 0.0449473 0.0389337 0.0329493 0.0271 0.0215119 0.0163429 0.0117718 0.00796106 0.00500667
 0.00844089 0.0135995 0.020258 0.028286 0.0373797 0.0469454 0.0560541 0.0636447 0.0689017 0.0715193 0.0716722 0.069794 0.0663734 0.0618562 0.0566145 0.0509379 0.0450351 0.0390511 0.0330939 0.0272647 0.0216845 0.0165087 0.0119172 0.00807695 0.00509031
 0.00845754 0.0136122 0.0202511 0.0282371 0.0372678 0.046761 0.0558086 0.0633704 0.0686415 0.0713124 0.071542 0.0697439 0.0663906 0.0619204 0.0567074 0.0510477 0.0451578 0.0391868 0.0332428 0.0274237 0.0218464 0.0166629 0.0120527 0.00818576 0.00516952
 0.00842661 0.0135676 0.0201938 0.0281693 0.0371892 0.0466654 0.0556833 0.063202 0.0684267 0.071067 0.0713005 0.0695488 0.0662766 0.0619021 0.0567772 0.0511842 0.0453355 0.039385 0.0334475 0.0276256 0.0220377 0.0168356 0.0121993 0.00830095 0.00525238
 0.00839263 0.0135192 0.0201337 0.0281047 0.0371301 0.0466209 0.0556577 0.0631916 0.0684194 0.0710447 0.071247 0.0694591 0.0661625 0.0617896 0.0566957 0.0511539 0.045362 0.03946 0.0335563 0.0277525 0.0221692 0.0169607 0.0123092 0.00838971 0.00531776
 0.00841439 0.0135458 0.020158 0.0281156 0.0371167 0.0465789 0.0555934 0.0631203 0.0683587 0.071005 0.0712263 0.0694445 0.066138 0.0617461 0.056637 0.0510956 0.0453233 0.0394551 0.0335886 0.0278159 0.0222517 0.0170491 0.0123921 0.00845934 0.00537036
 0.0084019 0.0135377 0.0201672 0.0281597 0.0372104 0.0467239 0.0557724 0.0633003 0.0685034 0.0710897 0.071245 0.0694065 0.0660579 0.0616359 0.0565053 0.0509513 0.0451792 0.0393272 0.0334911 0.0277562 0.0222284 0.0170539 0.0124135 0.00848655 0.00539569
 0.00837468 0.0134963 0.0201113 0.028093 0.0371423 0.0466705 0.0557539 0.0633351 0.0685979 0.0712321 0.0714063 0.0695511 0.0661578 0.061679 0.0564947 0.0508992 0.0451015 0.0392402 0.0334101 0.0276934 0.0221902 0.0170397 0.0124174 0.00850032 0.00541188
 0.00834377 0.0134483 0.0200432 0.028004 0.0370345 0.0465496 0.0556311 0.0632271 0.0685255 0.0712144 0.0714535 0.0696585 0.0663049 0.0618358 0.0566321 0.0509985 0.0451578 0.0392603 0.0334074 0.0276821 0.0221815 0.0170394 0.0124259 0.00851424 0.00542679
 0.00827048 0.0133466 0.0199224 0.0278829 0.0369359 0.046491 0.0556173 0.0632504 0.0685715 0.0712705 0.0715141 0.069725 0.0663812 0.0619217 0.0567204 0.0510765 0.0452132 0.0392868 0.0334074 0.0276647 0.0221581 0.0170194 0.0124139 0.00851032 0.00542834
 0.00819487 0.0132268 0.0197491 0.0276526 0.0366551 0.0461805 0.0553137 0.0629995 0.068415 0.07123 0.071585 0.0698818 0.0665906 0.062155 0.0569574 0.0513033 0.0454184 0.0394612 0.0335451 0.0277658 0.0222282 0.0170667 0.0124462 0.00853325 0.00544482
 0.00803014 0.0129731 0.0193936 0.0271938 0.0361033 0.0455586 0.0546597 0.0623677 0.0678714 0.0708411 0.0714015 0.0699258 0.0668494 0.0625858 0.0575001 0.0518961 0.0460086 0.0400096 0.0340265 0.0281669 0.0225457 0.0173058 0.0126174 0.00864934 0.00551906
 0.00793807 0.0128243 0.0191719 0.0268859 0.0357028 0.0450715 0.0541093 0.0617948 0.0673277 0.0703795 0.0710681 0.069755 0.066861 0.0627808 0.0578582 0.0523765 0.0465581 0.0405734 0.0345581 0.0286333 0.0229294 0.0176023 0.0128325 0.00879567 0.00561189
 0.00787431 0.0127145 0.0189953 0.0266198 0.0353279 0.0445809 0.0535169 0.0611383 0.0666637 0.0697726 0.0705791 0.0694324 0.066736 0.0628652 0.058143 0.0528331 0.0471402 0.0412231 0.0352147 0.0292436 0.0234549 0.0180229 0.0131457 0.00901199 0.00575011
 0.00757085 0.0122436 0.0183289 0.0257475 0.0342597 0.0433494 0.052182 0.059789 0.0654102 0.0687292 0.0698447 0.0690747 0.0667836 0.0633058 0.058929 0.0538899 0.0483772 0.0425429 0.0365221 0.0304543 0.0245045 0.0188733 0.0137873 0.00946078 0.0060396
 0.00770134 0.0124332 0.0185714 0.0260208 0.0345279 0.0435699 0.0523107 0.0597848 0.0652403 0.0683777 0.0693232 0.0684287 0.0660901 0.0626596 0.0584213 0.0535868 0.0483054 0.0426875 0.036834 0.0308652 0.0249428 0.0192792 0.0141222 0.00970945 0.00620642
 0.00749983 0.0121525 0.018235 0.0256773 0.0342349 0.0433681 0.0522052 0.0597445 0.0652149 0.0683202 0.0692052 0.068246 0.0658605 0.0624201 0.0582224 0.053484 0.0483445 0.0428892 0.0371856 0.0313224 0.0254424 0.0197569 0.0145288 0.0100199 0.00641973
 0.00713502 0.011602 0.0174885 0.0247603 0.0332097 0.0423287 0.0512673 0.0590254 0.064802 0.0682402 0.0694132 0.0686459 0.0663452 0.0629089 0.0586792 0.0539145 0.0487799 0.0433648 0.0377206 0.0319082 0.0260436 0.0203236 0.0150144 0.0103963 0.00668275
#obs surv len freq
 nan nan nan nan nan nan nan nan nan nan nan nan nan nan nan nan nan nan nan nan nan nan nan nan nan
 0.00448643 0.00734845 0.0111789 0.0159951 0.0216951 0.0279695 0.0342822 0.0400122 0.044691 0.0481544 0.0505124 0.0520085 0.0529011 0.0534138 0.0537284 0.0539835 0.0542623 0.0545551 0.0546939 0.0542859 0.052724 0.0493561 0.0438059 0.036286 0.0276697
 0.0046153 0.00756102 0.011504 0.0164606 0.0223203 0.0287548 0.0351987 0.0409994 0.0456652 0.0490267 0.0512049 0.0524665 0.0530977 0.0533492 0.0534254 0.0534798 0.0536015 0.0537801 0.0538438 0.0533975 0.0518363 0.0485124 0.043051 0.0356581 0.0271898
 0.0047771 0.00782524 0.0119041 0.0170286 0.0230816 0.029718 0.0363448 0.0422759 0.04699 0.0502996 0.0523227 0.0533363 0.0536478 0.0535379 0.0532443 0.0529514 0.0527718 0.0527092 0.0525984 0.0520482 0.0504582 0.0471861 0.0418562 0.0346606 0.026426
 0.00496275 0.00812935 0.0123661 0.0176868 0.0239656 0.0308377 0.0376785 0.0437653 0.0485483 0.0518258 0.0537151 0.0544995 0.0544971 0.0540039 0.0532805 0.0525411 0.0519317 0.0514876 0.0510709 0.0503123 0.0486293 0.0453909 0.0402199 0.0332852 0.0253689
 0.00518321 0.00848943 0.0129111 0.0184602 0.0250007 0.0321446 0.0392309 0.0454951 0.0503548 0.0535943 0.0553341 0.0558705 0.0555365 0.0546424 0.0534625 0.0522289 0.0511119 0.05018 0.0493351 0.0482513 0.046387 0.0431397 0.0381366 0.0315172 0.0240019
 0.00542189 0.00887935 0.0135015 0.0192983 0.026123 0.0335628 0.040917 0.0473765 0.0523238 0.055528 0.0571134 0.0573914 0.0567125 0.0554036 0.0537528 0.0520045 0.0503446 0.0488666 0.0475117 0.0460085 0.0438757 0.0405611 0.0357102 0.0294334 0.0223778
 0.00565863 0.00926885 0.0140964 0.0201506 0.0272743 0.0350284 0.0426697 0.0493408 0.0543866 0.0575603 0.0589911 0.0590063 0.0579764 0.0562459 0.0541178 0.0518477 0.0496326 0.047584 0.0456772 0.0436958 0.0412294 0.0377926 0.0330647 0.0271341 0.0205696
 0.00588907 0.00964703 0.0146725 0.0209742 0.0283861 0.0364456 0.044371 0.0512596 0.0564189 0.0595834 0.0608819 0.0606541 0.059288 0.057147 0.0545503 0.051766 0.0490012 0.0463818 0.0439117 0.0414262 0.0385881 0.034987 0.0303479 0.0247465 0.0186752
 0.00612553 0.010034 0.0152596 0.0218095 0.029507 0.037865 0.0460622 0.0531517 0.0584063 0.0615463 0.0627048 0.0622361 0.0605451 0.0580114 0.0549677 0.0516926 0.0484016 0.0452324 0.042214 0.0392286 0.0360093 0.0322234 0.0276482 0.0223543 0.0167632
 0.00638734 0.0104609 0.0159043 0.0227215 0.0307222 0.0393903 0.04786 0.0551349 0.0604521 0.0635202 0.0644844 0.0637236 0.0616694 0.0587235 0.0552342 0.051488 0.0477042 0.0440263 0.0405008 0.0370504 0.0334728 0.0295101 0.0249938 0.0199949 0.0148701
 0.0066263 0.0108574 0.0165157 0.0236053 0.0319238 0.0409231 0.0496866 0.0571613 0.0625423 0.0655249 0.0662675 0.0651778 0.0627215 0.059331 0.0553781 0.051163 0.0469099 0.0427644 0.0387838 0.034921 0.0310284 0.0269149 0.0224627 0.0177458 0.0130634
 0.00685017 0.0112221 0.0170665 0.0243858 0.0329691 0.0422482 0.0512717 0.0589444 0.0644232 0.0673801 0.0679686 0.0666077 0.0637868 0.0599689 0.0555567 0.050875 0.0461631 0.0415749 0.037178 0.0329491 0.0287836 0.0245454 0.020159 0.0157013 0.0114206
 0.00706873 0.0115804 0.0176108 0.0251602 0.0340056 0.0435522 0.0528081 0.0606351 0.0661602 0.0690482 0.0694633 0.0678433 0.0646955 0.0605 0.0556766 0.0505681 0.0454308 0.0404338 0.0356604 0.031111 0.026717 0.0223861 0.0180758 0.0138618 0.00994702
 0.00727477 0.0119221 0.018137 0.0259197 0.0350357 0.0448614 0.0543594 0.0623412 0.0678975 0.0706828 0.0708767 0.0689473 0.0654356 0.0608506 0.0556324 0.0501357 0.0446242 0.039274 0.034181 0.0293669 0.0247951 0.0204092 0.0161916 0.0122132 0.00863511
 0.00742111 0.0121611 0.0184996 0.0264367 0.0357343 0.0457569 0.055446 0.0635842 0.0692334 0.0720255 0.0721292 0.0700141 0.0662362 0.0613282 0.0557577 0.0499031 0.0440448 0.0383705 0.0329877 0.027936 0.0232054 0.0187686 0.0146268 0.0108451 0.00754773
 0.00752585 0.0123311 0.0187551 0.0267969 0.0362144 0.046364 0.0561736 0.0644109 0.0701255 0.0729423 0.073025 0.0708387 0.0669336 0.0618408 0.0560334 0.0499037 0.0437516 0.0377854 0.0321333 0.0268572 0.021972 0.0174751 0.0133822 0.00975171 0.0066766
 0.00761314 0.0124709 0.0189616 0.0270821 0.0365858 0.0468222 0.0567088 0.0650025 0.0707456 0.0735616 0.0736179 0.0713828 0.0674069 0.0622168 0.0562789 0.0499821 0.0436289 0.0374397 0.0315628 0.0260862 0.0210532 0.0164866 0.0124164 0.00889554 0.00599089
 0.00766261 0.0125449 0.0190613 0.0272055 0.0367302 0.0469865 0.0568963 0.0652195 0.0709989 0.0738546 0.0739482 0.0717411 0.0677763 0.0625732 0.0565915 0.0502135 0.0437391 0.0373926 0.0313356 0.0256789 0.0204953 0.0158354 0.0117469 0.00828252 0.00548946
 0.00774322 0.0126674 0.0192295 0.0274162 0.0369733 0.0472462 0.0571525 0.0654518 0.0711919 0.0740042 0.0740627 0.0718374 0.0678712 0.0626756 0.056697 0.0503044 0.0437867 0.0373632 0.0311991 0.0254198 0.020121 0.0153799 0.0112635 0.00782944 0.00511272
 0.00778241 0.012732 0.0193278 0.0275554 0.0371564 0.0474684 0.0573985 0.0656965 0.0714071 0.0741671 0.0741639 0.0718823 0.067877 0.0626637 0.0566845 0.0502972 0.0437766 0.0373293 0.0311152 0.0252641 0.0198867 0.0150813 0.010934 0.00751099 0.00484163
 0.00780979 0.0127697 0.0193725 0.0276008 0.0371965 0.0475018 0.0574306 0.0657375 0.0714664 0.0742469 0.0742573 0.0719766 0.0679604 0.0627304 0.056736 0.0503384 0.0438093 0.0373475 0.0311049 0.0252085 0.0197754 0.0149174 0.0107363 0.00730796 0.00466118
 0.00785842 0.0128402 0.0194623 0.0277013 0.0372946 0.0475829 0.0574827 0.0657547 0.0714509 0.07421 0.074216 0.0719472 0.0679521 0.062743 0.0567625 0.0503701 0.0438386 0.0373677 0.0311078 0.0251845 0.0197164 0.0148225 0.0106149 0.00717763 0.00454123
 0.00786184 0.0128481 0.019478 0.0277285 0.0373349 0.0476335 0.0575343 0.0657937 0.0714644 0.0741921 0.0741714 0.0718905 0.0679019 0.0627151 0.0567642 0.0503989 0.0438849 0.0374185 0.0311501 0.0252069 0.0197112 0.0147876 0.0105554 0.00710495 0.00446913
 0.00788275 0.0128745 0.019504 0.0277448 0.0373324 0.0476082 0.0574906 0.0657427 0.0714183 0.074158 0.0741492 0.0718757 0.0678914 0.0627105 0.056771 0.0504225 0.043926 0.037472 0.0312058 0.0252532 0.0197383 0.0147909 0.0105364 0.00707095 0.00442993
 0.0079161 0.0129251 0.0195731 0.0278297 0.0374261 0.0476987 0.0575628 0.0657814 0.0714141 0.074112 0.0740728 0.0717859 0.0678037 0.0626346 0.0567115 0.0503811 0.0439033 0.0374666 0.0312134 0.0252663 0.0197485 0.0147915 0.0105254 0.00705065 0.00440565
 0.00789939 0.0129008 0.0195418 0.0277939 0.0373893 0.0476647 0.0575337 0.0657576 0.0713938 0.0740921 0.0740513 0.0717637 0.0677851 0.0626258 0.0567179 0.0504047 0.0439426 0.0375175 0.0312702 0.0253223 0.0197971 0.0148275 0.0105462 0.00705773 0.00440318
 0.00790467 0.0129028 0.0195332 0.0277644 0.03733 0.0475726 0.0574163 0.0656317 0.07128 0.0740075 0.074004 0.0717524 0.0678028 0.0626645 0.0567713 0.0504693 0.0440161 0.0375971 0.0313518 0.0254004 0.0198659 0.0148823 0.0105847 0.00708065 0.00441386
 0.00787063 0.0128539 0.0194711 0.0276938 0.0372556 0.0474964 0.0573355 0.0655417 0.0711798 0.0739042 0.0739124 0.0716903 0.0677831 0.0626903 0.0568366 0.0505628 0.0441258 0.0377131 0.0314661 0.0255067 0.0199587 0.0149575 0.0106405 0.00711784 0.00443565
 0.00786435 0.0128326 0.0194192 0.0275922 0.0370887 0.0472619 0.0570521 0.0652458 0.0709139 0.0737018 0.0737903 0.0716494 0.0678158 0.0627865 0.0569852 0.0507505 0.0443371 0.0379314 0.0316764 0.0256972 0.0201212 0.0150875 0.0107374 0.00718437 0.00447725
 0.00785933 0.012828 0.0194178 0.0275962 0.0370961 0.0472629 0.0570281 0.0651761 0.0707865 0.0735236 0.0735879 0.0714597 0.0676721 0.0627084 0.0569767 0.0508042 0.044439 0.038065 0.0318249 0.0258449 0.0202556 0.0152001 0.0108242 0.00724574 0.00451677
 0.00782045 0.0127643 0.0193217 0.027462 0.036923 0.0470584 0.0568092 0.0649657 0.0706056 0.0733837 0.0734896 0.0713993 0.067649 0.0627281 0.0570464 0.0509267 0.0446086 0.0382679 0.0320425 0.0260584 0.0204489 0.0153619 0.0109493 0.00733473 0.00457467
 0.0078156 0.0127513 0.0192926 0.0274061 0.0368295 0.0469205 0.0566286 0.0647549 0.070386 0.0731809 0.0733264 0.0712902 0.0675985 0.0627327 0.0571002 0.0510242 0.0447451 0.0384364 0.0322319 0.0262533 0.0206331 0.0155219 0.0110766 0.00742744 0.00463618
 0.00778636 0.0127047 0.0192242 0.0273121 0.0367065 0.0467666 0.056445 0.0645471 0.0701656 0.0729653 0.0731374 0.0711498 0.0675237 0.0627314 0.0571699 0.0511544 0.0449213 0.0386434 0.0324547 0.026477 0.0208426 0.0157042 0.011223 0.00753515 0.00470845
 0.00774761 0.0126419 0.0191303 0.0271811 0.0365357 0.0465585 0.0562095 0.064301 0.069929 0.0727571 0.0729721 0.0710377 0.067472 0.0627451 0.0572502 0.051297 0.0451159 0.0388745 0.0327043 0.0267266 0.0210754 0.0159064 0.0113857 0.0076556 0.0047899
 0.0076971 0.0125616 0.019013 0.0270215 0.0363318 0.0463137 0.0559341 0.0640135 0.0696533 0.0725179 0.0727904 0.0709271 0.0674384 0.0627874 0.0573626 0.0514709 0.0453398 0.0391341 0.0329825 0.0270046 0.0213347 0.0161316 0.0115671 0.00779015 0.00488122
 0.00768604 0.0125401 0.0189739 0.0269562 0.0362319 0.0461743 0.0557571 0.063808 0.0694345 0.0723039 0.072599 0.0707744 0.0673373 0.0627467 0.0573859 0.0515564 0.0454808 0.0393197 0.033198 0.0272326 0.0215568 0.0163313 0.0117322 0.00791528 0.00496762
 0.00766104 0.012502 0.0189211 0.0268881 0.0361483 0.0460744 0.0556393 0.0636717 0.0692819 0.0721417 0.0724393 0.0706321 0.0672275 0.0626821 0.0573749 0.0516019 0.0455807 0.0394665 0.0333795 0.027433 0.0217585 0.0165171 0.0118891 0.00803616 0.00505226
 0.00763627 0.0124615 0.01886 0.0268023 0.0360362 0.0459385 0.0554876 0.0635163 0.0691357 0.0720143 0.0723349 0.0705517 0.067172 0.0626547 0.0573808 0.0516467 0.0456671 0.0395928 0.0335385 0.0276126 0.0219431 0.0166907 0.0120382 0.00815271 0.00513493
 0.00761803 0.0124305 0.018811 0.0267297 0.0359353 0.045808 0.0553314 0.0633447 0.0689639 0.071859 0.0722105 0.070467 0.0671299 0.0626527 0.0574149 0.0517134 0.0457644 0.0397188 0.0336891 0.0277798 0.022115 0.0168536 0.0121796 0.00826462 0.00521517
 0.00759201 0.0123921 0.01876 0.026668 0.0358655 0.0457315 0.055248 0.063253 0.0688636 0.0717533 0.0721066 0.0703756 0.0670616 0.0626159 0.0574133 0.0517467 0.0458296 0.039812 0.0338055 0.0279126 0.022255 0.0169895 0.0123004 0.00836223 0.00528652
 0.00758466 0.0123794 0.0187398 0.0266382 0.0358251 0.0456819 0.0551929 0.0631977 0.0688121 0.0717062 0.0720615 0.0703292 0.0670134 0.0625702 0.0573779 0.05173 0.0458379 0.0398475 0.0338667 0.0279946 0.02235 0.0170878 0.0123919 0.00843905 0.00534441
 0.00757316 0.0123615 0.0187142 0.0266043 0.0357826 0.0456311 0.0551352 0.063136 0.068751 0.0716511 0.072017 0.0702974 0.0669937 0.0625599 0.0573753 0.0517358 0.0458551 0.0398801 0.0339168 0.0280611 0.0224282 0.01717 0.0124697 0.00850519 0.00539493
 0.007528 0.0122936 0.0186223 0.0264911 0.0356542 0.0454957 0.0550023 0.0630154 0.0686522 0.0715814 0.0719806 0.0702951 0.0670227 0.062615 0.0574495 0.0518222 0.0459483 0.0399773 0.0340169 0.0281631 0.0225296 0.0172662 0.0125552 0.00857521 0.00544716
 0.00753408 0.0122987 0.0186214 0.0264771 0.0356202 0.045439 0.0549265 0.0629302 0.0685695 0.0715115 0.0719288 0.0702622 0.0670073 0.062615 0.0574635 0.0518486 0.0459855 0.0400234 0.0340703 0.0282223 0.0225922 0.0173288 0.0126134 0.00862485 0.00548547
 0.00753107 0.012297 0.0186243 0.0264885 0.0356426 0.0454698 0.0549573 0.0629486 0.0685646 0.0714791 0.071874 0.0701963 0.0669427 0.0625611 0.0574249 0.0518264 0.0459788 0.0400306 0.0340894 0.0282511 0.022628 0.0173683 0.0126525 0.00865968 0.00551332
 0.00751938 0.0122787 0.0185986 0.0264556 0.0356048 0.0454318 0.0549257 0.0629297 0.0685609 0.0714877 0.0718866 0.0702041 0.0669408 0.0625507 0.0574118 0.0518173 0.0459786 0.0400412 0.0341104 0.0282805 0.0226629 0.0174054 0.0126882 0.00869085 0.00553792
 0.00750467 0.0122546 0.0185619 0.0264038 0.0355365 0.0453486 0.0548333 0.0628382 0.0684829 0.0714347 0.0718654 0.0702144 0.0669757 0.0625999 0.0574658 0.0518707 0.0460302 0.0400922 0.0341622 0.0283331 0.0227149 0.0174543 0.0127314 0.00872622 0.00556448
 0.00749067 0.0122307 0.0185241 0.0263477 0.0354586 0.0452483 0.0547144 0.0627095 0.0683575 0.0713271 0.071789 0.0701785 0.0669837 0.0626482 0.057545 0.0519683 0.0461345 0.040195 0.0342588 0.0284215 0.0227938 0.0175224 0.0127875 0.00876963 0.00559562
 0.00747508 0.0122064 0.0184891 0.0263008 0.0353989 0.0451753 0.0546285 0.0626129 0.0682547 0.0712254 0.0716984 0.0701099 0.0669469 0.0626494 0.0575846 0.0520411 0.0462306 0.0403028 0.0343678 0.0285238 0.0228848 0.0175993 0.0128491 0.00881613 0.00562822
 0.00747508 0.0122064 0.0184891 0.0263008 0.0353989 0.0451753 0.0546285 0.0626129 0.0682547 0.0712254 0.0716984 0.0701099 0.0669469 0.0626494 0.0575846 0.0520411 0.0462306 0.0403028 0.0343678 0.0285238 0.0228848 0.0175993 0.0128491 0.00881613 0.00562822
 0.00721623 0.0117927 0.0178817 0.0254737 0.0343506 0.0439434 0.0533008 0.0613227 0.0671546 0.070448 0.0713239 0.070155 0.0673721 0.0633783 0.0585236 0.0530957 0.0473168 0.0413519 0.0353288 0.0293624 0.0235818 0.0181495 0.0132592 0.0091025 0.00581409
 0.00738412 0.0120305 0.0181731 0.0257774 0.0346069 0.0440876 0.053278 0.0611007 0.0667342 0.0698687 0.0706612 0.069505 0.0668282 0.0630081 0.0583567 0.0531233 0.0475017 0.0416425 0.0356713 0.0297103 0.0239004 0.0184174 0.0134674 0.00925216 0.00591319
 0.00728049 0.0118936 0.0180239 0.0256506 0.0345357 0.0440818 0.0533102 0.0611107 0.0666535 0.0696523 0.0703092 0.0690647 0.0663788 0.0626365 0.0581334 0.0530866 0.0476513 0.0419447 0.0360716 0.030148 0.0243219 0.018784 0.0137585 0.00946387 0.00605411
 0.00727645 0.0118745 0.0179741 0.0255531 0.034383 0.0438882 0.0531155 0.060967 0.0665968 0.069677 0.0703647 0.0690812 0.0663063 0.0624721 0.0579226 0.0529002 0.0475545 0.0419733 0.0362237 0.030391 0.0246075 0.0190651 0.0140005 0.00964957 0.00618219
#pred catch len freq
 0.00417424 0.00660825 0.00964713 0.0132231 0.0172999 0.0218541 0.0268061 0.0319814 0.0371384 0.0420237 0.0464112 0.0501246 0.0530581 0.0551888 0.0565748 0.0573458 0.057692 0.0578267 0.057887 0.0577704 0.0569955 0.0547509 0.0502375 0.0431849 0.0341956
 0.00440944 0.00691408 0.00996884 0.0134699 0.0173795 0.0217217 0.0264975 0.0316035 0.0368193 0.0418534 0.0464119 0.050265 0.0532954 0.055507 0.0569935 0.0578964 0.0583735 0.0585667 0.0585334 0.0581285 0.0569043 0.0541617 0.0492492 0.0420088 0.0330676
 0.00459248 0.00721393 0.0104187 0.0140871 0.018145 0.0225592 0.0272709 0.0321521 0.0370249 0.0417027 0.0460071 0.0497717 0.0528647 0.055225 0.0568825 0.057945 0.0585565 0.0588363 0.0587963 0.0582457 0.0567319 0.05362 0.0483754 0.0409516 0.0320235
 0.00479339 0.00752759 0.0108691 0.0146943 0.0189277 0.0235326 0.0284316 0.0334501 0.0383412 0.0428561 0.0468051 0.0500882 0.0526979 0.0546954 0.0561717 0.0572187 0.0579142 0.0582982 0.058313 0.0577188 0.0560508 0.0527149 0.0472635 0.0397446 0.0308814
 0.00506321 0.007943 0.011452 0.0154525 0.0198589 0.0246298 0.0296844 0.0348403 0.0398316 0.044375 0.0482327 0.0512604 0.053442 0.0548915 0.0558066 0.0563936 0.0567972 0.0570501 0.0570292 0.0564144 0.0546905 0.0512683 0.0457557 0.0382692 0.0295677
 0.00540731 0.00847339 0.0121969 0.0164212 0.0210442 0.0260119 0.0312311 0.0365044 0.0415514 0.0460778 0.0498356 0.0526663 0.0545341 0.0555408 0.0559012 0.0558806 0.0557125 0.0555099 0.0551843 0.0543986 0.0525971 0.0491672 0.0437267 0.0364184 0.0280072
 0.00574823 0.00900771 0.0129648 0.0174491 0.0223435 0.0275765 0.0330305 0.0384775 0.0436078 0.0481076 0.0517237 0.0543025 0.0558175 0.0563778 0.0562041 0.0555768 0.0547664 0.0539469 0.0530992 0.0519388 0.0499345 0.0464768 0.0411786 0.0341684 0.0261747
 0.00607248 0.00951644 0.0136977 0.0184352 0.0236021 0.029116 0.034841 0.0405203 0.0458078 0.0503544 0.0538813 0.0562257 0.0573704 0.0574468 0.0567014 0.055438 0.0539508 0.0524492 0.0509683 0.0492923 0.046957 0.0433997 0.0382464 0.0315973 0.0241121
 0.00640722 0.0100395 0.0144472 0.0194365 0.0248694 0.0306533 0.0366371 0.0425408 0.0479894 0.0526048 0.056083 0.0582439 0.0590644 0.0586845 0.0573716 0.0554566 0.0532643 0.0510389 0.0488639 0.0465908 0.0438365 0.0401111 0.035076 0.0288077 0.0218815
 0.00672259 0.0105367 0.0151676 0.0204114 0.0261192 0.0321838 0.0384326 0.044557 0.0501521 0.054816 0.0582298 0.0602067 0.0607237 0.059926 0.0580913 0.0555655 0.0526935 0.04975 0.0468649 0.0439585 0.0407351 0.0367914 0.0318396 0.0259409 0.0195841
 0.00707149 0.0110775 0.0159338 0.0214212 0.0273785 0.0336898 0.0401709 0.0464928 0.0522229 0.0569307 0.0602758 0.0620624 0.0622723 0.0610653 0.058736 0.0556446 0.0521479 0.0485381 0.0449799 0.0414553 0.037756 0.033571 0.0286734 0.0231188 0.0173138
 0.00743919 0.0116441 0.0167296 0.0224567 0.0286479 0.035176 0.0418456 0.048312 0.0541247 0.0588365 0.0620952 0.0636985 0.0636282 0.0620511 0.0592744 0.0556721 0.0516141 0.047407 0.0432421 0.0391521 0.0350064 0.0305828 0.0257183 0.0204707 0.0151747
 0.00770263 0.0120603 0.0173341 0.0232758 0.0296966 0.0364534 0.0433281 0.0499492 0.0558424 0.0605475 0.0637102 0.0651339 0.0648093 0.0629119 0.0597566 0.0557234 0.0511879 0.0464668 0.0417731 0.037183 0.0326336 0.0279824 0.0231274 0.0181338 0.0132768
 0.00788571 0.0123599 0.0177894 0.0239264 0.0305773 0.0375841 0.0447012 0.0515204 0.0575316 0.0622487 0.0653077 0.0665197 0.0658964 0.0636418 0.0600957 0.0556535 0.0506954 0.045539 0.0404068 0.0354036 0.0305206 0.0256824 0.0208411 0.0160717 0.0115999
 0.00818201 0.0128137 0.0184221 0.0247439 0.0315757 0.038757 0.0460389 0.0530012 0.0591089 0.0638436 0.0668134 0.0678168 0.0668764 0.0642268 0.0602478 0.0553698 0.0499945 0.0444468 0.0389526 0.0336309 0.0285064 0.0235521 0.0187615 0.0142163 0.0101009
 0.0084098 0.0131764 0.0189534 0.0254699 0.0325097 0.0398931 0.0473451 0.0544187 0.0605608 0.0652489 0.0680954 0.0689042 0.0677011 0.0647266 0.060375 0.0551004 0.0493313 0.0434153 0.0375952 0.0320064 0.0266976 0.0216734 0.0169534 0.0126195 0.00881938
 0.00856509 0.0134165 0.0192934 0.0259199 0.0330791 0.0405932 0.0481872 0.0554032 0.0616646 0.0664173 0.069246 0.0699427 0.0685402 0.0652991 0.0606365 0.0550262 0.0489141 0.0426656 0.0365431 0.0307054 0.0252271 0.0201391 0.0154775 0.0113193 0.00777868
 0.00879938 0.0137585 0.0197365 0.0264344 0.0336233 0.041131 0.0487018 0.0559008 0.0621671 0.0669488 0.0698174 0.0705399 0.0691199 0.0657958 0.0609781 0.0551503 0.048778 0.0422513 0.0358588 0.0297866 0.0241387 0.0189721 0.014338 0.0103076 0.0069658
 0.0089921 0.0140564 0.020155 0.026975 0.0342702 0.0418499 0.0494399 0.0565941 0.0627562 0.0673986 0.0701277 0.0707387 0.0692442 0.065869 0.0609971 0.0550859 0.0485878 0.0418963 0.0353182 0.0290685 0.0232831 0.018048 0.013431 0.00950031 0.00631688
 0.00900573 0.0140884 0.0202218 0.0270989 0.0344754 0.0421545 0.0498467 0.0570844 0.0632897 0.0679202 0.0705819 0.0710857 0.0694712 0.0659892 0.0610353 0.0550598 0.0484946 0.0417143 0.0350205 0.0286405 0.0227371 0.017426 0.0127964 0.00892008 0.00584191
 0.00901878 0.0141099 0.0202556 0.0271515 0.0345579 0.0422836 0.0500434 0.0573672 0.0636646 0.0683706 0.0710655 0.0715425 0.0698409 0.0662298 0.0611337 0.0550286 0.0483584 0.0414931 0.0347227 0.0282678 0.0222966 0.0169412 0.0123074 0.00847347 0.00547545
 0.00900252 0.0140807 0.0202071 0.0270768 0.0344529 0.0421516 0.0498993 0.0572398 0.0635924 0.068393 0.0712094 0.0718103 0.0702045 0.0666357 0.061519 0.0553396 0.0485627 0.0415811 0.0346992 0.0281442 0.0220894 0.016674 0.0120131 0.00818897 0.00523259
 0.00903582 0.014127 0.0202618 0.0271298 0.0344901 0.0421582 0.0498646 0.0571606 0.0634773 0.0682643 0.071101 0.07176 0.0702411 0.0667669 0.0617255 0.0555801 0.0487877 0.0417477 0.0347814 0.0281349 0.0219972 0.0165198 0.011825 0.00799789 0.00506453
 0.00907355 0.0141807 0.0203282 0.0272005 0.0345532 0.042201 0.0498763 0.0571341 0.0634101 0.0681604 0.070973 0.0716298 0.0701375 0.0667182 0.0617496 0.0556756 0.0489322 0.0419044 0.0349112 0.0282091 0.0220042 0.0164657 0.0117291 0.00788501 0.00495755
 0.00905683 0.0141544 0.0202903 0.0271497 0.0344884 0.0421221 0.0497844 0.057032 0.0633027 0.0680544 0.0708766 0.0715526 0.07009 0.0667121 0.0617952 0.0557778 0.0490853 0.0420895 0.0350993 0.0283692 0.0221134 0.016516 0.0117281 0.00785029 0.00490925
