SBPRF35
12.7214
Curr Bio
662755
B35
878923
F35
0.167575
FOFL
0.128856
OFL
73628.4
Bzero
3.63469e+006
#pred survey bio
 3.88301e+006 3.73841e+006 3.61291e+006 3.43977e+006 3.20818e+006 2.93604e+006 2.64646e+006 2.38222e+006 2.14078e+006 1.90454e+006 1.64753e+006 1.45402e+006 1.28951e+006 1.15039e+006 1.01459e+006 902352 806960 742830 705899 671555 643813 627579 609125 600378 582847 566343 560574 559420 554864 555741 561580 570351 576516 588782 596256 602324 616222 624873 635403 652019 676441 679896 682546 680923 693917 706715 705431 691139 686407 692751 674998 667389 2.41575e+007 1.44602e+007 1.47833e+007 1.58335e+007 1.73797e+007 1.9129e+007 2.08529e+007 2.24133e+007 2.37476e+007 2.48447e+007 2.57221e+007 2.64102e+007 2.69426e+007 2.73509e+007 2.76623e+007 2.78992e+007 2.80792e+007 2.82162e+007 2.83207e+007 2.84007e+007 2.84622e+007 2.85097e+007 2.85465e+007 2.85751e+007 2.85976e+007 2.86153e+007 2.86292e+007 2.86402e+007 2.86489e+007 2.86559e+007 2.86615e+007 2.8666e+007 2.86696e+007 2.86725e+007 2.86749e+007 2.86768e+007 2.86784e+007 2.86796e+007 2.86806e+007 2.86815e+007 2.86822e+007 2.86827e+007 2.86832e+007 2.86835e+007 2.86838e+007 2.86841e+007 2.86843e+007 2.86845e+007 2.86846e+007 2.86847e+007 2.86848e+007 2.86849e+007 2.86849e+007 2.8685e+007 2.8685e+007 2.8685e+007 2.86851e+007 2.86851e+007 2.86851e+007 2.86851e+007 2.86851e+007 2.86851e+007 2.86852e+007 2.86852e+007 2.86852e+007 2.86852e+007 2.86852e+007 2.86852e+007 2.86852e+007 2.86852e+007 2.86852e+007 2.86852e+007 2.86852e+007 2.86852e+007 2.86852e+007 2.86852e+007 2.86852e+007 2.86852e+007 2.86852e+007 2.86852e+007 2.86852e+007 2.86852e+007 2.86852e+007 2.86852e+007 2.86852e+007 2.86852e+007 2.86852e+007 2.86852e+007 2.86852e+007 2.86852e+007 2.86852e+007 2.86852e+007 2.86852e+007 2.86852e+007 2.86852e+007 2.86852e+007 2.86852e+007 2.86852e+007 2.86852e+007 2.86852e+007 0 0 0 0 0 0 0 0 0 0 0 0 0 0 0 0 0 0 0 0 0 0 0 0 0
#obs survey bio
 4.67602e+006 3.10275e+006 4.59364e+006 3.1311e+006 3.42522e+006 2.62843e+006 2.66779e+006 2.07925e+006 1.60158e+006 1.97112e+006 1.0734e+006 2.21454e+006 1.22953e+006 888767 799706 811550 648871 521021 870040 784210 712320 543728 564396 865023 562344 724775 527203 483568 452248 453666 506350 521497 634338 474903 662100 598602 515314 494535 307012 623897 690969 853028 639169 669019 744245 920352 669230 1.23753e+006 824914 926264 494920 656168
#pred catch bio
 100026 91719.9 145712 212338 265379 299406 295206 292874 304422 335565 287338 267717 249202 247967 226834 209977 179910 153899 148624 139353 126494 125562 114561 119112 115038 103871 99325.7 101979 97345.9 93621.3 91854.6 94608.2 90052.6 94878.7 96514.6 90999.1 97362.2 97927.8 95359.6 91216.9 109812 109788 112818 100422 101148 112655 121474 110384 99079 117497 105270 75527.1 73628.4 93812.4 94739.9 100124 109420 120318 131065 140686 148774 155280 160345 164194 167063 169171 170702 171803 172590 173149 173544 173822 174017 174153 174249 174315 174362 174394 174417 174432 174443 174450 174455 174459 174461 174463 174464 174465 174466 174466 174466 174466 174467 174467 174467 174467 174467 174467 174467 174467 174467 174467 174467 174467 174467 174467 174467 174467 174467 174467 174467 174467 174467 174467 174467 174467 174467 174467 174467 174467 174467 174467 174467 174467 174467 174467 174467 174467 174467 174467 174467 174467 174467 174467 174467 174467 174467 174467 174467 174467 174467 174467 174467 174467 174467 174467 174467 174467 174467 174467 174467 174467 0 0 0 0 0 0 0 0 0 0 0 0 0 0 0 0 0 0 0 0 0 0 0 0 0
#obs catch bio
 0 91334.1 145536 212128 264531 297964 293874 292510 305428 337535 289571 268843 250156 249658 228589 212439 181999 156175 149456 140102 126649 126009 114793 118682 114803 103101 98998.2 101993 97402.6 93959.1 91966.2 94901.9 89941.6 94991.1 96625 90784.1 97583.4 98316.7 96341.7 91984.6 110682 109829 113107 100799 101487 112622 122302 110311 98475.6 116927 105272 75324.4
#pred cpue bio
 3.83516e+006 3.69229e+006 3.56817e+006 3.39574e+006 3.16488e+006 2.89367e+006 2.60505e+006 2.34146e+006 2.10063e+006 1.8654e+006 1.61023e+006 1.4181e+006 1.25497e+006 1.11703e+006 982590 871641 777731 714837 678889 645690 618915 603324 585581 577376 560625 544749 539207 538053 533540 534337 540051 548676 554782 566825 574156 580100 593561 601748 611681 627669 651634 655343 658116 656553 669289 681999 680982 667336 663150 669722 652610 645655 2.34241e+007 1.40468e+007 1.42288e+007 1.50924e+007 1.65638e+007 1.82928e+007 2.00121e+007 2.15714e+007 2.29056e+007 2.40027e+007 2.488e+007 2.55681e+007 2.61006e+007 2.65089e+007 2.68202e+007 2.70571e+007 2.72371e+007 2.73742e+007 2.74787e+007 2.75587e+007 2.76201e+007 2.76676e+007 2.77044e+007 2.77331e+007 2.77555e+007 2.77732e+007 2.77871e+007 2.77981e+007 2.78069e+007 2.78138e+007 2.78194e+007 2.78239e+007 2.78275e+007 2.78305e+007 2.78328e+007 2.78347e+007 2.78363e+007 2.78375e+007 2.78386e+007 2.78394e+007 2.78401e+007 2.78406e+007 2.78411e+007 2.78415e+007 2.78418e+007 2.7842e+007 2.78422e+007 2.78424e+007 2.78425e+007 2.78426e+007 2.78427e+007 2.78428e+007 2.78428e+007 2.78429e+007 2.78429e+007 2.7843e+007 2.7843e+007 2.7843e+007 2.7843e+007 2.78431e+007 2.78431e+007 2.78431e+007 2.78431e+007 2.78431e+007 2.78431e+007 2.78431e+007 2.78431e+007 2.78431e+007 2.78431e+007 2.78431e+007 2.78431e+007 2.78431e+007 2.78431e+007 2.78431e+007 2.78431e+007 2.78431e+007 2.78431e+007 2.78431e+007 2.78431e+007 2.78431e+007 2.78431e+007 2.78431e+007 2.78431e+007 2.78431e+007 2.78431e+007 2.78431e+007 2.78431e+007 2.78431e+007 2.78431e+007 2.78431e+007 2.78431e+007 2.78431e+007 2.78431e+007 2.78431e+007 2.78431e+007 2.78431e+007 2.78431e+007 2.78431e+007 2.78431e+007 2.78431e+007 0 0 0 0 0 0 0 0 0 0 0 0 0 0 0 0 0 0 0 0 0 0 0 0 0
#obs cpue bio
 4.05388e+006 3.87986e+006 5.10803e+006 3.2472e+006 3.69182e+006 3.89339e+006 2.18915e+006 1.77898e+006 1.74897e+006 1.79696e+006 1.60019e+006 1.17763e+006 1.22865e+006 1.2238e+006 1.02854e+006 712732 766915 610329 901702 514255 644147 629281 597200 659342 547744 636030 454484 533070 604176 495124 681494 541555 631717 619770 525680 690883 529590 614181 633243 533639 883597 801773 636444 470669 616733 781049 435654 591736 779059 645873 641075 597371
#pred surv len freq
 0.00430921 0.00706468 0.0107617 0.0154273 0.0209779 0.0271338 0.0333952 0.0391711 0.043999 0.0476889 0.0502994 0.0520127 0.0530275 0.0535153 0.0536199 0.0534769 0.0532345 0.0530469 0.0529976 0.0529503 0.0524129 0.0505748 0.0466283 0.040264 0.0320102
 0.00443575 0.00721052 0.0108736 0.015427 0.0207931 0.0267412 0.0328492 0.0385923 0.0435239 0.0474124 0.0502457 0.0521514 0.0533164 0.0539369 0.054188 0.0542105 0.0541159 0.0539868 0.0538329 0.0534841 0.0524881 0.0501474 0.0457969 0.0392335 0.0310064
 0.004582 0.00745066 0.0112344 0.0159215 0.0214026 0.0273976 0.0334332 0.0389648 0.0435857 0.0471584 0.0497743 0.051619 0.0528678 0.0536607 0.0541153 0.0543376 0.0544176 0.0544056 0.0542608 0.0537679 0.0524751 0.049754 0.0450582 0.038295 0.0300603
 0.00473283 0.00769851 0.0116128 0.0164641 0.0221367 0.0283302 0.0345331 0.0401466 0.0447108 0.0480607 0.0503097 0.0517191 0.0525704 0.0530938 0.0534442 0.0537058 0.0539083 0.0540303 0.0539624 0.0534381 0.0519912 0.0490346 0.0441118 0.0372269 0.0290272
 0.00492789 0.00801389 0.0120846 0.0171258 0.0230142 0.0294333 0.0358447 0.0416149 0.0462473 0.0495441 0.0515947 0.0526558 0.0530378 0.0530404 0.0529132 0.0528234 0.0528366 0.0529062 0.0528541 0.0523371 0.0508426 0.0477916 0.0427856 0.0359018 0.0278283
 0.00519181 0.00843532 0.0127048 0.0179786 0.0241207 0.0307937 0.0374285 0.0433572 0.0480551 0.0513088 0.0532022 0.0539887 0.0539781 0.0534825 0.0527902 0.0521356 0.0516617 0.0513771 0.0511125 0.0504909 0.0489538 0.0459008 0.0409497 0.0342119 0.0263898
 0.00550506 0.00893855 0.0134507 0.0190118 0.0254686 0.0324541 0.0393555 0.0454582 0.0502042 0.0533713 0.0550552 0.0555284 0.0551157 0.054137 0.0528897 0.051631 0.0505482 0.0497106 0.0490056 0.0480891 0.0464091 0.043359 0.0385521 0.032093 0.0246582
 0.00579783 0.00941355 0.014164 0.0200152 0.0268007 0.034125 0.0413311 0.047653 0.0524922 0.0556082 0.0571015 0.0572636 0.0564426 0.0549784 0.0531823 0.0513234 0.0496083 0.0481426 0.0468684 0.0455045 0.0435534 0.0404424 0.0357909 0.0296776 0.0227194
 0.00602442 0.00979121 0.0147499 0.0208696 0.0279758 0.0356472 0.0431824 0.0497631 0.0547471 0.057871 0.0592325 0.0591341 0.0579414 0.056014 0.0536819 0.0512297 0.0488798 0.0467623 0.0448626 0.0429639 0.040644 0.0373949 0.0328647 0.0271077 0.0206648
 0.00624046 0.0101467 0.0152938 0.0216522 0.0290424 0.037025 0.0448656 0.0517037 0.0568572 0.0600347 0.0613209 0.0610187 0.0595038 0.0571529 0.0543148 0.0512914 0.0483209 0.0455545 0.043014 0.0405427 0.0377989 0.0343541 0.0299029 0.0244852 0.0185625
 0.00655688 0.0106555 0.016049 0.0227004 0.0304142 0.0387224 0.0468481 0.0538841 0.0591138 0.062234 0.0633382 0.0627478 0.0608581 0.0580624 0.0547223 0.0511496 0.047591 0.0442105 0.0410581 0.0380301 0.0348632 0.0312147 0.0268362 0.0217623 0.016377
 0.00681632 0.0110715 0.0166647 0.0235531 0.0315301 0.0401074 0.0484772 0.0556963 0.0610182 0.0641249 0.0651103 0.0643062 0.0621218 0.0589637 0.0552039 0.0511608 0.0470866 0.0431553 0.0394408 0.0358874 0.0323051 0.0284338 0.024085 0.0192958 0.0143834
 0.00712264 0.0115534 0.0173599 0.0244863 0.0327088 0.0415175 0.0500762 0.0574119 0.0627572 0.0657898 0.0666139 0.0655786 0.0631088 0.0596225 0.0554984 0.0510568 0.0465495 0.0421537 0.0379593 0.0339494 0.0299981 0.025922 0.0215914 0.0170514 0.0125626
 0.00738377 0.0119796 0.0180036 0.0253943 0.0339104 0.0430061 0.0517942 0.0592502 0.0645767 0.0674551 0.068021 0.0666643 0.0638451 0.0600029 0.0555248 0.0507292 0.0458605 0.0410898 0.0365121 0.0321369 0.0278899 0.0236531 0.0193505 0.0150374 0.0109285
 0.00764122 0.0124018 0.0186456 0.0263091 0.0351375 0.0445535 0.053619 0.0612506 0.0666038 0.0693406 0.0696092 0.0678384 0.0645415 0.0602119 0.0552772 0.0500755 0.04485 0.0397592 0.034888 0.0302531 0.0258112 0.0214926 0.0172632 0.0131871 0.00943926
 0.0077815 0.0126444 0.019038 0.0269057 0.0359893 0.0456902 0.0550313 0.0628807 0.0683505 0.0710751 0.0711935 0.0691425 0.0654595 0.0606763 0.0552667 0.0496114 0.0439824 0.0385492 0.0333966 0.0285423 0.0239575 0.0195995 0.0154595 0.0116036 0.0081729
 0.00791847 0.0128636 0.0193625 0.0273578 0.0365897 0.0464563 0.0559708 0.0639836 0.0695829 0.0723758 0.0724772 0.0703077 0.066402 0.0613049 0.0555166 0.0494537 0.0434252 0.0376319 0.0321804 0.027103 0.0223847 0.0179981 0.0139449 0.0102841 0.00712431
 0.00794162 0.0129073 0.0194398 0.0274854 0.0367862 0.0467379 0.0563481 0.0644616 0.070162 0.0730526 0.0732392 0.0711251 0.0672211 0.0620483 0.056095 0.0497836 0.0434473 0.0373228 0.0315563 0.0262163 0.0213168 0.0168508 0.0128275 0.00929531 0.00633204
 0.00791169 0.0128522 0.0193463 0.0273404 0.036584 0.04649 0.0560898 0.0642497 0.0700617 0.0731198 0.073506 0.0715937 0.0678627 0.0628055 0.0568854 0.0505089 0.0440086 0.0376405 0.0315871 0.0259628 0.020827 0.0162076 0.0121309 0.00864013 0.00578758
 0.00794677 0.0129019 0.0194066 0.0274012 0.0366297 0.0465022 0.0560523 0.0641555 0.069921 0.0729643 0.0733859 0.0715644 0.0679675 0.0630596 0.0572686 0.0509665 0.0444616 0.0380022 0.0317836 0.025953 0.0206137 0.0158368 0.0116773 0.00818426 0.00539373
 0.0079946 0.0129727 0.0195 0.0275114 0.0367458 0.0466096 0.056134 0.0641939 0.0699021 0.0728831 0.0732532 0.0714094 0.0678339 0.0629943 0.0573055 0.0511118 0.0446875 0.0382517 0.031987 0.0260494 0.0205717 0.0156641 0.0114156 0.0078923 0.00512548
 0.00796899 0.0129344 0.0194486 0.0274485 0.0366744 0.0465328 0.0560545 0.0641138 0.0698229 0.0728069 0.0731827 0.0713499 0.0677953 0.0629925 0.0573592 0.051236 0.0448821 0.0384947 0.032235 0.0262505 0.0206838 0.0156708 0.0113316 0.00775427 0.00497578
 0.00793275 0.0128826 0.0193838 0.0273778 0.0366073 0.0464782 0.0560176 0.0640953 0.0698192 0.0728112 0.0731876 0.0713494 0.0677878 0.0629827 0.0573587 0.0512603 0.0449445 0.0385979 0.0323657 0.0263805 0.0207802 0.0157103 0.0113103 0.00768796 0.00489039
 0.00787886 0.012789 0.019233 0.0271522 0.036297 0.0460906 0.0555844 0.0636695 0.0694618 0.0725719 0.0730907 0.0713914 0.0679443 0.0632199 0.0576443 0.0515698 0.0452626 0.0389148 0.0326708 0.026658 0.0210105 0.0158766 0.0114072 0.00772451 0.00488619
 0.00792684 0.0128596 0.0193244 0.0272556 0.0363958 0.0461615 0.055601 0.06361 0.069318 0.0723576 0.0728408 0.0711515 0.0677548 0.0631039 0.0576048 0.0515955 0.0453367 0.039021 0.0327949 0.0267861 0.0211276 0.0159689 0.0114662 0.00775019 0.0048868
 0.00804247 0.0130294 0.0195459 0.027514 0.0366669 0.0464172 0.0558136 0.0637535 0.0693705 0.0723044 0.0726811 0.0709028 0.0674522 0.0627923 0.0573262 0.0513784 0.0451919 0.0389437 0.0327712 0.0267987 0.0211588 0.0160031 0.011492 0.00776273 0.00488706
 0.00812721 0.0131553 0.0197129 0.0277128 0.0368801 0.0466216 0.0559839 0.063866 0.0694075 0.0722595 0.0725598 0.0707208 0.0672308 0.0625554 0.0570988 0.0511838 0.0450478 0.0388579 0.0327403 0.02681 0.0211952 0.0160477 0.0115318 0.00779081 0.00490234
 0.00814178 0.0131842 0.0197654 0.0277995 0.0370082 0.0467893 0.0561755 0.0640533 0.0695573 0.0723438 0.0725646 0.0706477 0.0670943 0.0623773 0.0569032 0.0509938 0.044883 0.0387328 0.0326614 0.0267749 0.021194 0.0160665 0.0115573 0.00781341 0.00491775
 0.00817758 0.0132403 0.0198461 0.0279082 0.0371474 0.0469604 0.0563768 0.0642768 0.0697859 0.0725509 0.0727185 0.07072 0.0670691 0.0622564 0.0567053 0.0507489 0.0446244 0.0384902 0.0324565 0.0266189 0.0210875 0.0160021 0.0115232 0.0077976 0.00491113
 0.00814512 0.0131937 0.0197878 0.0278447 0.0370882 0.0469158 0.0563565 0.0642888 0.0698361 0.0726411 0.0728436 0.0708653 0.0672113 0.0623693 0.0567682 0.0507537 0.0445779 0.0384105 0.0323661 0.0265372 0.0210263 0.0159643 0.0115049 0.00779199 0.00491159
 0.00811574 0.0131404 0.0196978 0.0277046 0.0368895 0.0466626 0.0560706 0.0640086 0.0696067 0.0725011 0.0728143 0.0709475 0.067387 0.0626072 0.0570306 0.0510044 0.0447899 0.0385715 0.0324779 0.0266113 0.0210766 0.0160017 0.0115352 0.00781675 0.00493047
 0.008051 0.0130419 0.0195619 0.0275311 0.0366804 0.0464204 0.0557993 0.0637173 0.0693144 0.0722386 0.0726196 0.0708559 0.0674195 0.0627627 0.0572856 0.0513198 0.0451223 0.038883 0.0327439 0.0268223 0.0212353 0.0161168 0.0116167 0.00787287 0.00496751
 0.00805244 0.0130356 0.0195367 0.0274723 0.036574 0.0462601 0.0555912 0.063479 0.069069 0.0720073 0.0724198 0.070703 0.06733 0.0627528 0.0573643 0.0514824 0.0453478 0.0391397 0.0329984 0.0270485 0.0214188 0.016255 0.0117145 0.00793838 0.00500905
 0.00801631 0.012978 0.0194516 0.0273541 0.0364175 0.0460611 0.0553492 0.0632009 0.0687712 0.0717158 0.0721657 0.0705157 0.0672306 0.0627515 0.0574613 0.0516691 0.0456074 0.0394471 0.0333224 0.0273575 0.021688 0.0164703 0.0118733 0.00804681 0.00507761
 0.00798961 0.0129395 0.0194029 0.0272988 0.03636 0.0460034 0.0552886 0.0631298 0.0686801 0.0715979 0.0720213 0.0703555 0.067075 0.0626259 0.0573895 0.0516671 0.0456797 0.0395855 0.0335081 0.0275648 0.0218904 0.0166468 0.0120121 0.00814572 0.00514176
 0.00809467 0.0130831 0.0195688 0.0274563 0.036473 0.0460454 0.0552539 0.0630334 0.068547 0.0714498 0.071869 0.0702002 0.0669158 0.0624674 0.0572447 0.0515544 0.0456166 0.0395817 0.0335615 0.0276621 0.0220108 0.0167684 0.012118 0.00822694 0.00519723
 0.00814272 0.0131608 0.0196836 0.0276106 0.0366593 0.0462409 0.0554202 0.0631253 0.0685305 0.0713185 0.0716491 0.0699377 0.0666568 0.0622426 0.0570671 0.0514264 0.0455379 0.0395526 0.0335807 0.0277227 0.0220995 0.0168678 0.0122115 0.00830326 0.005252
 0.00821473 0.0132749 0.0198497 0.0278354 0.0369445 0.0465799 0.0557932 0.0634969 0.0688517 0.0715362 0.0717209 0.0698468 0.0664189 0.0619006 0.0566764 0.0510381 0.0451891 0.0392648 0.033363 0.027575 0.0220139 0.0168304 0.0122056 0.00831308 0.0052661
 0.00817291 0.0132256 0.0198099 0.0278326 0.0370089 0.0467331 0.0560381 0.0638146 0.069206 0.0718823 0.0720122 0.0700419 0.0664884 0.061835 0.0564902 0.0507671 0.0448799 0.038962 0.0330998 0.0273696 0.0218704 0.0167422 0.0121598 0.00829491 0.00526266
 0.0079827 0.0129431 0.0194359 0.0273887 0.036536 0.0462858 0.0556774 0.0635983 0.0691754 0.0720481 0.0723482 0.07049 0.0669748 0.062289 0.0568594 0.0510262 0.0450312 0.0390291 0.0331159 0.0273659 0.021868 0.0167504 0.012178 0.00831789 0.00528449
 0.00778694 0.0126274 0.0189676 0.0267446 0.035714 0.0453193 0.0546463 0.0626244 0.0683969 0.0715819 0.0722576 0.0707718 0.0675663 0.0630883 0.0577513 0.051906 0.0458229 0.0396926 0.0336437 0.0277723 0.0221762 0.0169824 0.01235 0.00844121 0.0053681
 0.00780543 0.0126448 0.0189693 0.0267064 0.035605 0.045109 0.0543144 0.0621715 0.0678535 0.0710106 0.0717448 0.070407 0.0674156 0.0631738 0.0580452 0.0523425 0.04632 0.0401761 0.0340634 0.0281064 0.022426 0.0171617 0.0124756 0.00852712 0.00542484
 0.00783431 0.0126897 0.0190319 0.0267846 0.0356898 0.045182 0.0543467 0.0621276 0.0677014 0.0707361 0.0713637 0.0699692 0.066996 0.0628522 0.0578818 0.0523585 0.0464932 0.0404521 0.0343774 0.0284039 0.0226742 0.0173498 0.0126081 0.00861527 0.00548051
 0.00783491 0.0126984 0.0190592 0.0268443 0.0357946 0.0453361 0.0545394 0.062331 0.067874 0.070832 0.0713451 0.0698185 0.0667258 0.0625072 0.057529 0.0520675 0.0463136 0.0403987 0.0344299 0.0285208 0.0228116 0.0174754 0.012706 0.00868319 0.0055235
 0.00772364 0.0125248 0.0188126 0.0265227 0.0354087 0.0449127 0.0541227 0.0619766 0.0676337 0.0707355 0.0713882 0.0699655 0.0669246 0.0627106 0.0577117 0.052232 0.0464821 0.0405963 0.0346679 0.028789 0.0230838 0.0177219 0.0129056 0.00882838 0.00561889
 0.00763003 0.0123744 0.0185898 0.0262154 0.0350116 0.0444334 0.0535872 0.0614313 0.06714 0.0703568 0.0711744 0.0699392 0.0670753 0.0629982 0.0580809 0.0526307 0.0468767 0.0409746 0.0350308 0.0291377 0.0234107 0.018012 0.0131435 0.00900621 0.00573916
 0.0074832 0.012166 0.0183317 0.0259358 0.0347447 0.044204 0.0533998 0.0612714 0.066987 0.0702002 0.0710226 0.069819 0.0670197 0.0630317 0.0582087 0.0528373 0.0471339 0.0412538 0.0353116 0.0294084 0.0236635 0.0182381 0.0133333 0.0091528 0.0058419
 0.00743028 0.0120755 0.018189 0.0257291 0.0344731 0.0438864 0.0530781 0.0610007 0.0668135 0.070139 0.0710523 0.0698965 0.0671065 0.0631123 0.0582912 0.0529402 0.0472704 0.0414246 0.0355064 0.0296123 0.0238622 0.0184194 0.0134878 0.00927427 0.00592901
 0.00745333 0.0120899 0.0181681 0.0256337 0.034262 0.0435334 0.0525885 0.0604187 0.066215 0.0696133 0.0706772 0.0697163 0.0671218 0.0632869 0.0585722 0.0532796 0.0476362 0.0417987 0.0358765 0.029966 0.0241854 0.0186991 0.0137147 0.00944546 0.00604788
 0.00736216 0.0119561 0.017992 0.025421 0.0340171 0.0432513 0.0522526 0.0600095 0.0657277 0.0690748 0.07015 0.069285 0.0668653 0.0632513 0.0587571 0.0536443 0.0481187 0.0423365 0.0364197 0.0304789 0.0246437 0.0190864 0.0140224 0.00967313 0.00620336
 0.00717752 0.0117022 0.0176955 0.0251356 0.033808 0.0431699 0.0523139 0.0601835 0.0659482 0.0692599 0.0702295 0.0692249 0.0666819 0.0630051 0.058529 0.0535033 0.0480997 0.0424364 0.0366086 0.0307169 0.0248935 0.0193194 0.0142199 0.00982616 0.00631158
 0.00670453 0.010988 0.0167255 0.0239409 0.0324661 0.0417992 0.0510631 0.0592097 0.0653792 0.0691525 0.0705472 0.0698533 0.0674749 0.0638368 0.0593265 0.0542494 0.0488116 0.0431356 0.0372998 0.0313833 0.0255049 0.0198456 0.0146411 0.0101378 0.00652343
#obs surv len freq
 nan nan nan nan nan nan nan nan nan nan nan nan nan nan nan nan nan nan nan nan nan nan nan nan nan
 0.00448382 0.00734494 0.0111749 0.0159917 0.0216931 0.0279697 0.0342848 0.0400167 0.0446965 0.0481599 0.0505171 0.0520121 0.0529034 0.0534149 0.0537285 0.0539829 0.0542611 0.0545536 0.0546922 0.054284 0.0527221 0.0493543 0.0438043 0.0362846 0.0276686
 0.00461067 0.00755384 0.0114939 0.0164476 0.022305 0.0287384 0.0351832 0.040987 0.0456579 0.0490253 0.0512091 0.0524747 0.0531079 0.0533599 0.0534355 0.0534889 0.0536096 0.0537874 0.0538504 0.0534037 0.0518421 0.0485177 0.0430557 0.0356619 0.0271927
 0.00478053 0.00782941 0.0119078 0.0170299 0.0230783 0.0297088 0.0363299 0.0422572 0.0469705 0.0502828 0.0523112 0.0533314 0.0536493 0.0535443 0.0532537 0.0529617 0.0527819 0.0527184 0.0526065 0.0520554 0.0504647 0.0471918 0.0418611 0.0346645 0.026429
 0.00496877 0.00813931 0.0123812 0.017708 0.023993 0.0308693 0.0377105 0.0437924 0.0485655 0.0518304 0.0537078 0.0544838 0.0544776 0.0539847 0.0532638 0.0525272 0.0519197 0.0514764 0.0510594 0.0503001 0.0486167 0.0453785 0.0402086 0.0332757 0.0253615
 0.00518072 0.00848612 0.0129076 0.0184576 0.0250005 0.0321486 0.0392399 0.0455091 0.0503721 0.0536116 0.0553477 0.0558772 0.0555354 0.0546349 0.0534519 0.0522182 0.0511032 0.0501737 0.0493305 0.0482476 0.0463834 0.0431361 0.0381331 0.031514 0.0239994
 0.00541931 0.00887464 0.0134936 0.019286 0.0261057 0.0335411 0.0408933 0.0473548 0.0523083 0.0555218 0.0571173 0.057403 0.056728 0.0554188 0.0537652 0.0520136 0.0503517 0.0488733 0.0475192 0.046017 0.0438847 0.0405698 0.0357179 0.0294396 0.0223824
 0.00564352 0.00924507 0.0140621 0.0201045 0.0272163 0.0349595 0.0425931 0.0492618 0.0543124 0.0574991 0.0589499 0.0589896 0.0579848 0.0562762 0.0541639 0.0519029 0.0496915 0.0476436 0.0457362 0.0437536 0.0412852 0.0378446 0.0331106 0.0271719 0.0205983
 0.00589209 0.00964947 0.0146716 0.0209659 0.0283661 0.036411 0.0443218 0.0511988 0.056352 0.0595168 0.0608219 0.0606066 0.0592578 0.0571371 0.0545612 0.051795 0.0490436 0.0464323 0.0439659 0.0414809 0.0386409 0.035036 0.030391 0.024782 0.0187021
 0.00613863 0.0100554 0.0152917 0.021854 0.0295634 0.0379291 0.0461258 0.0532031 0.0584345 0.0615444 0.0626726 0.0621799 0.0604753 0.0579393 0.0549029 0.0516415 0.0483669 0.0452132 0.0422069 0.0392297 0.036015 0.0322311 0.027656 0.0223612 0.0167686
 0.0063714 0.010438 0.0158755 0.02269 0.0306928 0.0393681 0.0478491 0.055137 0.0604653 0.0635394 0.0645023 0.063733 0.0616666 0.0587096 0.0552143 0.0514694 0.0476933 0.0440269 0.0405135 0.0370729 0.0335012 0.0295404 0.0250223 0.020019 0.0148887
 0.00660811 0.0108246 0.0164608 0.0235204 0.0318038 0.0407703 0.0495132 0.0569892 0.062397 0.0654269 0.0662264 0.0651908 0.0627762 0.0594116 0.0554705 0.0512583 0.0470045 0.0428588 0.0388791 0.0350172 0.0311232 0.0270042 0.0225417 0.0178107 0.0131123
 0.00683899 0.0112043 0.0170401 0.0243485 0.0329178 0.0421785 0.0511798 0.0588292 0.0642901 0.0672422 0.0678452 0.0665189 0.063746 0.0599791 0.0556102 0.0509584 0.0462624 0.0416802 0.0372837 0.0330523 0.0288823 0.0246365 0.0202389 0.0157666 0.0114698
 0.00706309 0.0115727 0.0176019 0.0251515 0.0339987 0.043547 0.0528024 0.0606238 0.0661366 0.0690063 0.0694013 0.0677662 0.0646153 0.0604321 0.0556346 0.0505587 0.0454524 0.0404791 0.0357204 0.0311776 0.0267845 0.0224501 0.0181326 0.0139086 0.00998258
 0.00729262 0.011946 0.0181638 0.0259434 0.03505 0.0448621 0.0543468 0.0623194 0.0678717 0.0706556 0.0708471 0.0689116 0.0653912 0.0607992 0.0555809 0.0500942 0.0446013 0.0392739 0.034202 0.0294034 0.0248401 0.020456 0.016235 0.0122497 0.00866306
 0.00742119 0.0121662 0.018516 0.0264721 0.0357943 0.0458406 0.055543 0.0636766 0.0693022 0.0720583 0.0721235 0.069976 0.0661749 0.0612527 0.0556752 0.0498208 0.0439703 0.0383109 0.0329476 0.0279161 0.0232024 0.018777 0.014641 0.0108602 0.00756076
 0.00749282 0.012279 0.0186802 0.0266983 0.0360962 0.0462367 0.0560545 0.0643204 0.07008 0.072947 0.0730723 0.0709119 0.067015 0.0619176 0.0560994 0.0499583 0.043797 0.0378256 0.0321724 0.0268981 0.0220153 0.0175189 0.0134231 0.00978655 0.00670336
 0.00758954 0.0124277 0.0188879 0.0269655 0.036417 0.0466003 0.0564473 0.0647298 0.0704995 0.0733792 0.0735254 0.0713888 0.0675012 0.0623755 0.056473 0.0501852 0.0438227 0.0376146 0.0317161 0.0262188 0.0211669 0.0165826 0.0124947 0.00895619 0.00603462
 0.00767187 0.0125571 0.0190738 0.0272127 0.0367234 0.0469548 0.0568285 0.0651081 0.0708449 0.0736716 0.0737617 0.0715828 0.0676743 0.0625429 0.0566312 0.0503079 0.0438659 0.0375302 0.0314682 0.0257979 0.0205972 0.0159198 0.0118141 0.00833354 0.00552576
 0.00772948 0.0126477 0.0192045 0.0273879 0.0369437 0.0472158 0.0571191 0.0654098 0.0711347 0.0739264 0.0739646 0.0717273 0.0677658 0.0625957 0.0566609 0.0503211 0.0438527 0.0374648 0.0313183 0.0255397 0.0202299 0.0154715 0.0113357 0.00788304 0.00514988
 0.00777537 0.0127196 0.0193075 0.0275249 0.0371145 0.0474167 0.0573417 0.0656415 0.0713598 0.0741294 0.0741323 0.0718508 0.0678413 0.0626253 0.0566519 0.0502828 0.0437907 0.0373753 0.0311878 0.0253518 0.0199767 0.015163 0.0110011 0.00756149 0.00487656
 0.00780217 0.0127588 0.0193586 0.0275848 0.0371793 0.0474834 0.0574099 0.0657132 0.0714379 0.074216 0.0742269 0.0719493 0.0679367 0.0627092 0.0567168 0.0503234 0.043804 0.0373582 0.031135 0.0252559 0.0198332 0.0149767 0.0107893 0.00735003 0.00469117
 0.00783969 0.0128122 0.0194249 0.0276561 0.037245 0.0475332 0.0574376 0.0657182 0.0714255 0.0741962 0.074212 0.0719504 0.06796 0.0627537 0.056775 0.0503841 0.0438551 0.0373891 0.0311368 0.0252223 0.0197613 0.01487 0.0106592 0.0072143 0.00456824
 0.00788785 0.012886 0.0195269 0.0277847 0.0373931 0.0476882 0.0575813 0.0658302 0.0714883 0.0742019 0.0741657 0.0718684 0.0678642 0.0626642 0.0567044 0.0503356 0.0438239 0.0373652 0.0311089 0.0251805 0.0196998 0.0147887 0.0105644 0.00711715 0.00448063
 0.00789965 0.0129041 0.0195521 0.0278171 0.037432 0.0477321 0.0576276 0.0658747 0.0715254 0.0742252 0.0741703 0.0718531 0.067833 0.0626259 0.0566698 0.0503133 0.0438169 0.0373702 0.0311174 0.0251825 0.0196872 0.0147584 0.0105191 0.00706408 0.00442891
 0.0078828 0.0128779 0.0195153 0.0277694 0.0373747 0.0476687 0.0575638 0.0658181 0.0714839 0.0742048 0.074173 0.0718766 0.0678717 0.0626733 0.0567212 0.0503668 0.0438724 0.0374268 0.0311718 0.0252288 0.019719 0.0147719 0.0105147 0.00704676 0.00440572
 0.00787237 0.0128552 0.0194709 0.0276918 0.0372545 0.0475041 0.0573653 0.0656084 0.0712924 0.0740591 0.0740918 0.0718663 0.0679273 0.0627816 0.0568647 0.0505279 0.0440364 0.0375832 0.031313 0.0253491 0.0198141 0.0148393 0.0105556 0.00706576 0.0044098
 0.00789867 0.0128923 0.0195156 0.0277366 0.0372876 0.0475116 0.0573342 0.0655303 0.071168 0.0739008 0.0739227 0.0717147 0.0678181 0.0627291 0.0568704 0.0505825 0.0441245 0.0376881 0.0314204 0.025448 0.0198969 0.0149021 0.0105976 0.00708949 0.00442006
 0.00788822 0.0128791 0.0195026 0.0277281 0.0372872 0.0475192 0.0573437 0.0655303 0.0711454 0.0738466 0.0738365 0.0716067 0.067707 0.0626369 0.0568157 0.0505747 0.0441622 0.0377608 0.0315128 0.0255446 0.0199852 0.0149741 0.0106501 0.00712335 0.00443898
 0.00785469 0.0128208 0.0194084 0.0275873 0.0370942 0.0472795 0.0570784 0.0652728 0.0709318 0.0737027 0.0737707 0.071611 0.0677653 0.062734 0.056942 0.050726 0.0443354 0.0379501 0.031708 0.0257323 0.0201526 0.0151115 0.0107535 0.00719426 0.00448296
 0.00785061 0.0128102 0.019385 0.0275417 0.0370158 0.0471592 0.0569124 0.0650667 0.0707024 0.0734769 0.0735797 0.0714817 0.0677123 0.0627565 0.0570275 0.0508572 0.0444966 0.0381285 0.0318928 0.0259125 0.0203171 0.0152508 0.010862 0.00727133 0.00453259
 0.00784088 0.0127946 0.0193616 0.0275084 0.0369698 0.0470965 0.0568285 0.0649578 0.0705675 0.0733206 0.0734144 0.0713268 0.0675908 0.0626885 0.0570238 0.0509168 0.0446084 0.038276 0.0320586 0.026081 0.0204748 0.0153873 0.0109708 0.00735073 0.0045852
 0.00777529 0.0126935 0.01922 0.027326 0.0367516 0.0468533 0.0565764 0.0647171 0.0703586 0.0731592 0.0733083 0.071277 0.0675951 0.062745 0.0571315 0.0510736 0.0448079 0.0385062 0.0323029 0.0263213 0.0206945 0.0155741 0.011118 0.00745753 0.0046561
 0.00776774 0.0126716 0.0191696 0.0272292 0.0365921 0.0466254 0.0562917 0.0644046 0.0700569 0.072905 0.0731269 0.0711792 0.0675789 0.0628007 0.0572469 0.0512371 0.045009 0.0387344 0.0325453 0.0265627 0.0209191 0.0157683 0.0112732 0.00757158 0.00473267
 0.00773532 0.0126223 0.0191011 0.0271398 0.0364794 0.046484 0.0561149 0.0641881 0.0698059 0.0726385 0.0728765 0.0709809 0.0674616 0.0627782 0.0573164 0.0513838 0.0452127 0.0389743 0.0328022 0.0268186 0.0211577 0.0159757 0.0114402 0.00769532 0.00481645
 0.00768802 0.0125444 0.0189826 0.0269721 0.0362585 0.0462149 0.0558137 0.0638803 0.0695189 0.0723941 0.0726877 0.0708546 0.0674041 0.0627967 0.0574157 0.0515612 0.0454559 0.039263 0.0331124 0.0271264 0.0214422 0.016221 0.0116366 0.00784042 0.00491467
 0.0077016 0.0125618 0.0189996 0.0269811 0.0362491 0.0461759 0.0557361 0.06376 0.0693595 0.0722066 0.0724894 0.0706652 0.0672416 0.062676 0.0573486 0.051556 0.0455155 0.0393826 0.0332787 0.02732 0.0216411 0.0164052 0.0117918 0.00795938 0.0049975
 0.00766819 0.0125147 0.0189421 0.0269199 0.0361918 0.0461267 0.0556929 0.0637147 0.0693014 0.0721283 0.0723902 0.0705523 0.0671286 0.0625789 0.0572824 0.0515325 0.0455416 0.0394594 0.0334003 0.0274736 0.0218089 0.0165682 0.0119341 0.00807136 0.00507703
 0.00761307 0.0124278 0.018817 0.0267542 0.0359892 0.0458997 0.0554633 0.0635101 0.0691471 0.0720379 0.0723615 0.070571 0.0671767 0.0626431 0.0573578 0.0516216 0.0456501 0.0395918 0.0335567 0.0276479 0.0219893 0.0167398 0.0120832 0.00818911 0.00516109
 0.00758701 0.012383 0.0187451 0.0266462 0.0358382 0.0457047 0.0552328 0.0632637 0.0689127 0.0718449 0.0722333 0.070519 0.0671976 0.0627224 0.0574762 0.0517621 0.0458026 0.0397526 0.0337249 0.0278213 0.0221617 0.0169016 0.0122238 0.00830095 0.0052418
 0.00762212 0.0124342 0.0188107 0.0267199 0.0359092 0.0457589 0.0552551 0.0632411 0.0688379 0.0717207 0.0720742 0.0703483 0.067041 0.0626004 0.057399 0.0517294 0.0458077 0.0397873 0.0337824 0.0278964 0.0222486 0.0169927 0.0123102 0.00837461 0.00529801
 0.00759534 0.0124022 0.0187837 0.0267133 0.0359381 0.0458302 0.0553608 0.0633586 0.0689369 0.0717742 0.0720668 0.0702805 0.0669276 0.062465 0.0572671 0.0516217 0.0457357 0.0397535 0.0337829 0.027924 0.0222953 0.0170498 0.012369 0.00842763 0.00534023
 0.00755819 0.0123403 0.0186887 0.0265795 0.0357667 0.0456346 0.0551688 0.0632061 0.0688554 0.0717761 0.0721397 0.0703935 0.0670461 0.0625647 0.0573401 0.0516744 0.0457815 0.0398046 0.0338462 0.0279995 0.0223782 0.0171329 0.0124451 0.00849101 0.00538811
 0.00754048 0.0123103 0.018641 0.0265079 0.0356653 0.0454999 0.0550028 0.0630203 0.0686711 0.0716221 0.0720441 0.070373 0.0670993 0.0626722 0.0574739 0.0518095 0.045904 0.0399125 0.0339441 0.0280927 0.0224684 0.0172179 0.0125204 0.0085527 0.00543417
 0.00753272 0.0122982 0.0186236 0.0264841 0.0356334 0.0454572 0.0549456 0.0629448 0.0685761 0.0715114 0.0719289 0.0702713 0.067031 0.0626515 0.0575034 0.0518792 0.0459968 0.0400119 0.0340398 0.0281808 0.0225486 0.01729 0.0125832 0.00860391 0.00547261
 0.00753095 0.0122945 0.0186167 0.0264723 0.0356151 0.0454315 0.0549127 0.0629053 0.0685302 0.0714585 0.0718685 0.070205 0.0669649 0.0625966 0.0574719 0.0518797 0.0460302 0.0400712 0.0341136 0.0282584 0.0226226 0.0173562 0.0126392 0.00864864 0.00550576
 0.00750876 0.0122616 0.0185729 0.0264195 0.0355565 0.0453706 0.0548526 0.0628488 0.0684796 0.071416 0.0718352 0.0701808 0.0669492 0.0625891 0.0574747 0.051897 0.0460659 0.0401266 0.0341852 0.0283388 0.0227032 0.0174297 0.012701 0.00869667 0.00554026
 0.0075098 0.0122604 0.0185661 0.0264025 0.0355255 0.0453246 0.0547951 0.0627872 0.0684228 0.0713704 0.0718031 0.0701612 0.0669388 0.0625854 0.0574765 0.0519053 0.0460833 0.0401557 0.0342271 0.0283914 0.0227613 0.0174871 0.0127519 0.00873757 0.00557009
 0.00749477 0.012238 0.0185358 0.0263649 0.0354812 0.0452738 0.0547374 0.0627229 0.0683545 0.071304 0.0717471 0.0701235 0.0669241 0.0625936 0.0575036 0.0519459 0.046133 0.0402119 0.0342884 0.0284563 0.022827 0.0175493 0.0128063 0.00878104 0.00560164
 0.00749006 0.0122309 0.0185264 0.0263535 0.0354687 0.0452612 0.0547254 0.0627112 0.0683415 0.0712874 0.0717247 0.0700952 0.0668931 0.0625652 0.0574836 0.0519378 0.0461378 0.0402284 0.0343146 0.0284898 0.0228651 0.0175885 0.0128429 0.00881194 0.00562506
 0.00749006 0.0122309 0.0185264 0.0263535 0.0354687 0.0452612 0.0547254 0.0627112 0.0683415 0.0712874 0.0717247 0.0700952 0.0668931 0.0625652 0.0574836 0.0519378 0.0461378 0.0402284 0.0343146 0.0284898 0.0228651 0.0175885 0.0128429 0.00881194 0.00562506
 0.00738106 0.012059 0.0182781 0.0260219 0.035057 0.044787 0.0542241 0.0622338 0.067945 0.0710195 0.0716121 0.0701394 0.0670742 0.0628503 0.0578361 0.0523239 0.0465298 0.0406056 0.0346619 0.0287971 0.0231259 0.0177999 0.0130052 0.0089289 0.00570331
#pred catch len freq
 0.00464602 0.00730209 0.0105545 0.0142863 0.0184253 0.0229359 0.0277469 0.0327026 0.0375855 0.0421703 0.0462614 0.0497087 0.0524216 0.054381 0.0556422 0.0563328 0.0566466 0.0568089 0.0569717 0.0570408 0.0565232 0.0545697 0.0503237 0.0434597 0.0345524
 0.00480121 0.00749714 0.0107447 0.014401 0.0183947 0.0227299 0.0274003 0.0323068 0.0372483 0.0419685 0.0462184 0.0498077 0.0526414 0.0547245 0.0561381 0.0570079 0.0574834 0.0577108 0.057762 0.0575067 0.0564965 0.0540054 0.0493323 0.0422669 0.0334053
 0.00498779 0.00778781 0.0111546 0.014925 0.0189975 0.0233377 0.0279064 0.0325994 0.037257 0.0417053 0.0457795 0.0493329 0.0522553 0.054502 0.0561065 0.0571675 0.057815 0.0581595 0.0582162 0.0578039 0.0564733 0.0535726 0.0485282 0.0412487 0.0323805
 0.00520151 0.008121 0.0116304 0.0155576 0.0197916 0.0242846 0.0289725 0.0337115 0.0382965 0.0425253 0.0462487 0.0493881 0.0519336 0.053928 0.0554418 0.0565526 0.057331 0.0578152 0.0579502 0.0575004 0.0560007 0.0528427 0.0475489 0.0401319 0.0312939
 0.00547234 0.0085395 0.0122207 0.0163305 0.0207472 0.0254154 0.030261 0.0351225 0.0397665 0.0439551 0.0475037 0.0503162 0.0524036 0.0538773 0.0549067 0.0556587 0.056244 0.0566765 0.0568294 0.0563861 0.0548322 0.0515676 0.046177 0.0387517 0.0300388
 0.00582742 0.00908443 0.0129815 0.017313 0.0219407 0.0267994 0.031806 0.0367862 0.0414897 0.0456594 0.049091 0.0516684 0.0533892 0.0543709 0.0548229 0.0549864 0.0550584 0.055115 0.0550411 0.0544848 0.0528822 0.0496097 0.0442693 0.0369893 0.0285336
 0.00622662 0.00970041 0.013848 0.0184419 0.0233249 0.0284163 0.0336168 0.0387319 0.0434907 0.0476214 0.0509123 0.0532448 0.0546143 0.0551385 0.0550351 0.0545727 0.0540014 0.0534674 0.0529198 0.0520437 0.0502818 0.0470027 0.0418024 0.0348027 0.0267416
 0.0066114 0.0102976 0.0146952 0.0195585 0.0247143 0.0300676 0.0355013 0.0407957 0.0456523 0.049776 0.0529418 0.0550288 0.05604 0.0561043 0.0554521 0.0543672 0.0531248 0.0519156 0.0507517 0.0493881 0.0473266 0.0439715 0.0389246 0.03228 0.024713
 0.00694041 0.0108148 0.0154418 0.0205645 0.025998 0.031633 0.0373315 0.0428449 0.0478433 0.0520049 0.0550873 0.0569626 0.0576374 0.0572529 0.0560566 0.0543503 0.0524298 0.0505163 0.0486722 0.0467242 0.0442568 0.040744 0.0358183 0.0295478 0.0225263
 0.00730296 0.0113771 0.016239 0.0216157 0.027309 0.0332 0.0391379 0.0448535 0.0499896 0.0541972 0.0572122 0.0588954 0.0592535 0.0584387 0.0567152 0.0544025 0.0518151 0.0491989 0.0466581 0.0440864 0.0411567 0.0374303 0.0325905 0.0266897 0.0202351
 0.0077001 0.0119911 0.0171054 0.0227496 0.0287082 0.0348486 0.0410048 0.0468875 0.0521172 0.0563261 0.0592386 0.0607109 0.0607521 0.0595222 0.0572975 0.0544113 0.0511925 0.0479065 0.0446924 0.0415044 0.0381016 0.0341383 0.0293597 0.0238124 0.017921
 0.00806142 0.0125468 0.0178841 0.0237601 0.0299441 0.0362942 0.0426349 0.0486629 0.05398 0.0582005 0.0610359 0.0623368 0.0621136 0.0605332 0.0578805 0.0544974 0.0507219 0.0468338 0.0430013 0.0392329 0.0353688 0.0311539 0.0263988 0.0211531 0.0157691
 0.00848339 0.013188 0.0187665 0.024877 0.0312673 0.0377847 0.0442485 0.0503489 0.0556789 0.0598449 0.0625551 0.0636613 0.0631777 0.0612771 0.0582506 0.0544441 0.0501985 0.0458004 0.0414378 0.0371635 0.0328888 0.0284427 0.0237004 0.0187204 0.0137935
 0.008893 0.0138216 0.0196596 0.0260412 0.0326894 0.0394268 0.0460461 0.0522105 0.0574959 0.0615095 0.0639771 0.064777 0.063949 0.0616847 0.0582847 0.0540962 0.0494553 0.0446445 0.0398593 0.0351821 0.0305809 0.0259571 0.0212443 0.0165125 0.0120016
 0.00925983 0.0143934 0.0204752 0.0271225 0.0340407 0.0410331 0.0478652 0.0541651 0.0594724 0.0633697 0.0655798 0.0660022 0.0647181 0.0619689 0.058098 0.0534769 0.0484454 0.0432769 0.0381597 0.0331864 0.0283604 0.0236361 0.0189935 0.014512 0.0103887
 0.00948242 0.0147498 0.0210024 0.0278538 0.0350025 0.0422386 0.0493047 0.0557964 0.0612179 0.0651209 0.0672075 0.0673724 0.0657119 0.0625022 0.0581344 0.0530277 0.0475559 0.0420082 0.0365753 0.0313531 0.026362 0.0215866 0.0170351 0.0127892 0.00900904
 0.0096357 0.0149879 0.0213415 0.0283061 0.0355797 0.0429556 0.0501774 0.0568337 0.0624086 0.0664229 0.0685438 0.0686373 0.0667862 0.0632737 0.058517 0.0529747 0.0470643 0.0411128 0.0353387 0.0298566 0.0247036 0.0198823 0.0154128 0.0113696 0.00787732
 0.00961601 0.0149666 0.0213299 0.0283233 0.0356508 0.0431073 0.0504352 0.0572195 0.0629397 0.0671077 0.0693738 0.0695771 0.067768 0.0642006 0.0592784 0.0534674 0.0472137 0.0408871 0.0347518 0.0289645 0.0235959 0.018672 0.0142219 0.0103087 0.00702334
 0.00959155 0.0149222 0.0212556 0.0282094 0.0354936 0.0429172 0.0502415 0.0570698 0.0628902 0.0672097 0.0696611 0.0700584 0.0684223 0.0649751 0.06009 0.0542122 0.0477846 0.0411961 0.0347504 0.0286549 0.0230302 0.0179413 0.0134364 0.00957284 0.00641334
 0.00962482 0.0149683 0.0213095 0.0282598 0.0355242 0.0429098 0.0501821 0.0569549 0.0627341 0.0670475 0.0695453 0.0700457 0.0685561 0.0652701 0.0605237 0.0547251 0.0482907 0.0416001 0.0349712 0.0286467 0.0227963 0.0175325 0.0129352 0.00906876 0.00597762
 0.00964802 0.0150012 0.0213501 0.0283026 0.035561 0.0429314 0.050179 0.0569188 0.0626596 0.0669359 0.0694096 0.0699137 0.0684686 0.0652701 0.0606406 0.0549601 0.048609 0.0419367 0.0352476 0.0287956 0.0227832 0.0173666 0.0126639 0.00875814 0.00568873
 0.00962676 0.0149701 0.0213095 0.0282549 0.0355091 0.0428775 0.0501234 0.0568599 0.0625954 0.0668655 0.0693345 0.0698404 0.0684099 0.0652461 0.0606752 0.0550719 0.0488001 0.0421836 0.0355031 0.0290023 0.0228944 0.017364 0.0125633 0.00859989 0.00551933
 0.00953969 0.0148438 0.0211478 0.0280714 0.0353238 0.0427106 0.0499904 0.056769 0.0625479 0.0668568 0.0693561 0.0698823 0.0684646 0.0653119 0.0607578 0.0551825 0.0489483 0.0423694 0.0357097 0.0291976 0.023042 0.0174387 0.012562 0.00854151 0.00543427
 0.00950524 0.0147825 0.0210464 0.0279158 0.0351047 0.0424305 0.0496692 0.0564434 0.0622618 0.0666486 0.0692482 0.0698775 0.0685499 0.0654656 0.0609576 0.0554112 0.0491953 0.0426272 0.0359683 0.0294399 0.0232456 0.017584 0.0126413 0.00856284 0.00541739
 0.00956085 0.0148628 0.0211477 0.028026 0.0352037 0.0424932 0.0496703 0.0563643 0.0620989 0.0664187 0.0689875 0.0696311 0.068357 0.0653486 0.0609193 0.0554404 0.0492754 0.0427418 0.0361026 0.029579 0.0233731 0.0176846 0.0127053 0.00859046 0.00541752
 0.00966153 0.0150075 0.0213302 0.0282282 0.0354002 0.0426587 0.0497852 0.056415 0.0620764 0.0663182 0.0688116 0.0693952 0.0680906 0.0650899 0.0607044 0.0552927 0.0492012 0.0427329 0.0361421 0.0296471 0.0234507 0.017755 0.0127575 0.00862024 0.00542782
 0.00974795 0.0151335 0.0214924 0.0284133 0.0355873 0.0428243 0.0499078 0.0564787 0.0620725 0.0662466 0.0686799 0.0692165 0.0678819 0.064871 0.0604977 0.0551207 0.0490815 0.0426731 0.036138 0.0296846 0.0235108 0.0178195 0.0128124 0.00865866 0.00544934
 0.00978363 0.0151921 0.0215812 0.0285382 0.0357498 0.043018 0.0501155 0.0566735 0.0622236 0.066328 0.0686776 0.0691315 0.0677278 0.0646698 0.0602748 0.0549018 0.0488893 0.0425245 0.0360411 0.0296375 0.0235028 0.0178352 0.0128369 0.00868118 0.00546482
 0.00980804 0.0152301 0.0216357 0.0286117 0.0358457 0.0431402 0.0502672 0.0568533 0.0624211 0.0665211 0.0688357 0.0692236 0.0677331 0.0645843 0.0601129 0.0546903 0.0486603 0.0423079 0.0358593 0.0295021 0.0234148 0.0177867 0.0128156 0.00867485 0.00546455
 0.00974386 0.0151373 0.0215178 0.0284799 0.0357163 0.0430309 0.0501939 0.0568286 0.0624535 0.0666136 0.0689821 0.0694062 0.0679236 0.0647506 0.0602284 0.0547429 0.0486546 0.0422619 0.0357963 0.0294429 0.0233721 0.017764 0.0128093 0.00867817 0.00547109
 0.00969022 0.0150503 0.0213879 0.0282998 0.0354848 0.042757 0.0499 0.0565497 0.0622298 0.0664801 0.0689598 0.0694977 0.0681131 0.0650078 0.0605141 0.0550179 0.0488891 0.0424413 0.035922 0.0295271 0.0234298 0.0178072 0.0128442 0.00870652 0.00549262
