SBPRF35
12.7214
Curr Bio
708375
B35
888168
F35
0.173345
FOFL
0.14795
OFL
92950.2
Bzero
3.63469e+006
#pred survey bio
 3.42153e+006 3.31357e+006 3.22219e+006 3.09232e+006 2.92016e+006 2.72686e+006 2.48016e+006 2.25273e+006 2.04196e+006 1.8435e+006 1.64623e+006 1.44471e+006 1.26214e+006 1.1097e+006 958992 855155 771416 698578 649061 601531 578215 552591 527565 520116 510580 503672 500322 507769 504712 510317 519787 518669 537977 547876 565806 582070 588309 594584 597996 612211 614589 617760 625618 638376 634232 639814 639817 644547 649537 655453 654267 712018 2.68842e+007 1.64769e+007 1.70351e+007 1.81036e+007 1.94954e+007 2.09845e+007 2.24077e+007 2.36716e+007 2.47389e+007 2.56088e+007 2.63003e+007 2.68406e+007 2.72578e+007 2.75775e+007 2.78215e+007 2.80074e+007 2.81492e+007 2.82575e+007 2.83404e+007 2.84043e+007 2.84536e+007 2.84919e+007 2.85218e+007 2.85452e+007 2.85637e+007 2.85783e+007 2.85899e+007 2.85991e+007 2.86064e+007 2.86123e+007 2.8617e+007 2.86208e+007 2.86239e+007 2.86264e+007 2.86285e+007 2.86301e+007 2.86314e+007 2.86325e+007 2.86334e+007 2.86341e+007 2.86347e+007 2.86352e+007 2.86356e+007 2.86359e+007 2.86362e+007 2.86364e+007 2.86366e+007 2.86367e+007 2.86368e+007 2.86369e+007 2.8637e+007 2.86371e+007 2.86371e+007 2.86372e+007 2.86372e+007 2.86372e+007 2.86373e+007 2.86373e+007 2.86373e+007 2.86373e+007 2.86373e+007 2.86373e+007 2.86373e+007 2.86373e+007 2.86373e+007 2.86373e+007 2.86373e+007 2.86373e+007 2.86374e+007 2.86374e+007 2.86374e+007 2.86374e+007 2.86374e+007 2.86374e+007 2.86374e+007 2.86374e+007 2.86374e+007 2.86374e+007 2.86374e+007 2.86374e+007 2.86374e+007 2.86374e+007 2.86374e+007 2.86374e+007 2.86374e+007 2.86374e+007 2.86374e+007 2.86374e+007 2.86374e+007 2.86374e+007 2.86374e+007 2.86374e+007 2.86374e+007 2.86374e+007 2.86374e+007 2.86374e+007 2.86374e+007 2.86374e+007 2.86374e+007 2.86374e+007 0 0 0 0 0 0 0 0 0 0 0 0 0 0 0 0 0 0 0 0 0 0 0 0 0
#obs survey bio
 4.00084e+006 2.2975e+006 3.55459e+006 3.44178e+006 2.45639e+006 3.19201e+006 2.74558e+006 1.79893e+006 2.17327e+006 2.30756e+006 1.42845e+006 1.16152e+006 1.10911e+006 1.16975e+006 1.02552e+006 975698 717624 521235 649332 484647 568562 519682 471282 418408 388301 382183 389917 638978 481700 485595 435003 433713 593163 466730 774364 600497 547675 707761 467779 533870 506713 842181 431114 445426 654253 607305 805919 927321 536947 614969 730609 707155
#pred catch bio
 99275.5 91631.7 138049 189882 224455 289268 287755 288242 291089 301325 313116 300444 274597 270558 225625 204232 189995 164867 158008 133238 131910 127798 110653 111479 108632 105348 96461.9 105323 98180.8 96118 105542 88891.6 97661 91122.8 92674.4 100554 99607.4 101559 93219.5 104780 104978 101973 99373.7 114404 105760 110266 106009 106266 106659 113828 66719.7 72025.7 92950.2 109812 112406 118302 126922 136343 145297 153132 159614 164761 168727 171712 173919 175527 176687 177516 178103 178518 178809 179013 179155 179254 179323 179371 179404 179426 179442 179453 179460 179466 179469 179472 179473 179474 179475 179476 179476 179476 179476 179477 179477 179477 179477 179477 179477 179477 179477 179477 179477 179477 179477 179477 179477 179477 179477 179477 179477 179477 179477 179477 179477 179477 179477 179477 179477 179477 179477 179477 179477 179477 179477 179477 179477 179477 179477 179477 179477 179477 179477 179477 179477 179477 179477 179477 179477 179477 179477 179477 179477 179477 179477 179477 179477 179477 179477 179477 179477 179477 179477 179477 0 0 0 0 0 0 0 0 0 0 0 0 0 0 0 0 0 0 0 0 0 0 0 0 0
#obs catch bio
 0 91345.8 138201 190319 225026 291042 288282 289386 292696 301982 314671 303977 277584 273198 227551 204838 191134 166100 158299 133729 132300 128325 110811 111725 109145 106369 97169.8 105710 98634.9 96586.7 106926 89508.6 98292.7 91570.1 92611.1 100294 99328.6 100892 92788.5 104586 105334 101785 99387.5 115078 105922 110350 105897 105739 106780 114642 66531.5 72019.7
#pred cpue bio
 3.37898e+006 3.27187e+006 3.18011e+006 3.04964e+006 2.87754e+006 2.68435e+006 2.43839e+006 2.21151e+006 2.0011e+006 1.80322e+006 1.60686e+006 1.40662e+006 1.22568e+006 1.07505e+006 926528 824325 742121 670850 622727 576599 554053 529292 505046 497851 488492 481625 478338 485752 482860 488228 497379 496349 515424 525373 543225 559542 565926 572245 575581 589265 591310 594301 601952 614324 610301 615949 616082 620765 625510 631018 629625 686364 2.59776e+007 1.59405e+007 1.63757e+007 1.73077e+007 1.86577e+007 2.01384e+007 2.15601e+007 2.28238e+007 2.3891e+007 2.47609e+007 2.54525e+007 2.59927e+007 2.64099e+007 2.67296e+007 2.69736e+007 2.71596e+007 2.73013e+007 2.74096e+007 2.74926e+007 2.75564e+007 2.76058e+007 2.76441e+007 2.7674e+007 2.76974e+007 2.77158e+007 2.77304e+007 2.7742e+007 2.77512e+007 2.77585e+007 2.77644e+007 2.77692e+007 2.7773e+007 2.77761e+007 2.77786e+007 2.77806e+007 2.77822e+007 2.77836e+007 2.77847e+007 2.77856e+007 2.77863e+007 2.77869e+007 2.77874e+007 2.77877e+007 2.77881e+007 2.77883e+007 2.77885e+007 2.77887e+007 2.77889e+007 2.7789e+007 2.77891e+007 2.77892e+007 2.77892e+007 2.77893e+007 2.77893e+007 2.77893e+007 2.77894e+007 2.77894e+007 2.77894e+007 2.77894e+007 2.77894e+007 2.77895e+007 2.77895e+007 2.77895e+007 2.77895e+007 2.77895e+007 2.77895e+007 2.77895e+007 2.77895e+007 2.77895e+007 2.77895e+007 2.77895e+007 2.77895e+007 2.77895e+007 2.77895e+007 2.77895e+007 2.77895e+007 2.77895e+007 2.77895e+007 2.77895e+007 2.77895e+007 2.77895e+007 2.77895e+007 2.77895e+007 2.77895e+007 2.77895e+007 2.77895e+007 2.77895e+007 2.77895e+007 2.77895e+007 2.77895e+007 2.77895e+007 2.77895e+007 2.77895e+007 2.77895e+007 2.77895e+007 2.77895e+007 2.77895e+007 2.77895e+007 2.77895e+007 2.77895e+007 0 0 0 0 0 0 0 0 0 0 0 0 0 0 0 0 0 0 0 0 0 0 0 0 0
#obs cpue bio
 3.06341e+006 3.04735e+006 3.33506e+006 2.382e+006 2.4254e+006 2.2671e+006 2.8675e+006 2.1482e+006 1.56561e+006 1.92922e+006 1.55057e+006 1.03525e+006 1.21355e+006 1.10545e+006 717231 907908 663623 689351 861646 535853 603220 522241 550039 616353 512578 427416 530044 545304 394642 441295 384840 524904 576197 535979 609000 702601 605432 745726 580730 665554 454942 641054 667860 699003 638140 761910 527456 626919 453355 602104 541018 852852
#pred surv len freq
 0.00435981 0.00711948 0.0107947 0.0154012 0.0208586 0.026911 0.0330985 0.0388674 0.0437734 0.0476206 0.0504467 0.0524154 0.0537166 0.0545172 0.0549462 0.0550971 0.0550408 0.0548256 0.0544309 0.0536715 0.0521188 0.0491602 0.0442705 0.0373905 0.0291472
 0.00469381 0.00757835 0.0113329 0.015932 0.0212887 0.027189 0.0332444 0.0389587 0.0438915 0.047794 0.0506313 0.0525236 0.0536757 0.0543179 0.0546543 0.0548235 0.0548862 0.0548262 0.0545315 0.0537423 0.0520136 0.0487901 0.0436505 0.0366314 0.0283986
 0.00476481 0.00775153 0.0116938 0.0165788 0.0222873 0.0285155 0.034753 0.0404125 0.0450543 0.0485277 0.0509333 0.0524846 0.0534007 0.053875 0.0540781 0.0541505 0.054175 0.0541412 0.0539028 0.0531401 0.0513635 0.0480254 0.0427656 0.035697 0.0275282
 0.00491029 0.00796844 0.0119894 0.0169619 0.0227842 0.0291825 0.0356667 0.0416269 0.0465407 0.0501391 0.0524319 0.053628 0.0540345 0.0539728 0.053715 0.0534452 0.0532463 0.0530885 0.052798 0.0520196 0.05023 0.0468708 0.0416054 0.0345886 0.026555
 0.0050831 0.00825459 0.0124281 0.0175888 0.0236206 0.030223 0.036874 0.0429441 0.047914 0.0515302 0.0538012 0.0548987 0.0550753 0.0546267 0.0538605 0.0530463 0.0523594 0.0518293 0.0512964 0.0503875 0.0485513 0.0452117 0.0400328 0.0331792 0.0253833
 0.00522807 0.00849894 0.0128128 0.0181594 0.0244204 0.031279 0.0381811 0.0444545 0.0495408 0.0531653 0.0553394 0.056254 0.0561786 0.0554091 0.0542407 0.0529431 0.0517243 0.0506773 0.0497108 0.0484984 0.0465068 0.0431577 0.0381043 0.0314927 0.0240225
 0.00550612 0.00893684 0.0134464 0.0190155 0.0255153 0.0326162 0.039744 0.0461987 0.0513915 0.0550221 0.0570863 0.0577746 0.0573715 0.056197 0.0545684 0.0527675 0.0510117 0.0494154 0.0479328 0.0463005 0.044046 0.040631 0.0357157 0.0294168 0.0223721
 0.00578879 0.00939332 0.0141272 0.0199642 0.0267591 0.0341522 0.0415266 0.0481393 0.0533751 0.0569324 0.0588236 0.059258 0.0585321 0.0569712 0.0548976 0.0526006 0.0503088 0.048156 0.0461311 0.0440268 0.0414424 0.0379038 0.033102 0.0271313 0.0205566
 0.00601232 0.00976576 0.0147049 0.020806 0.0279156 0.035647 0.0433369 0.0501862 0.0555326 0.059051 0.0607577 0.0608872 0.0597703 0.0577648 0.0552136 0.0524138 0.0495948 0.046896 0.0443303 0.04174 0.0387963 0.0351 0.030387 0.0247399 0.0186501
 0.00624814 0.0101453 0.0152703 0.0215971 0.0289668 0.0369798 0.0449479 0.0520365 0.0575437 0.0611094 0.0627273 0.0626265 0.0611531 0.0586957 0.0556341 0.0522958 0.0489278 0.0456798 0.0425807 0.0395106 0.0362043 0.032336 0.0276926 0.0223524 0.0167384
 0.0064893 0.0105426 0.0158777 0.0224675 0.030141 0.0384696 0.0467202 0.0540099 0.0596025 0.0631279 0.0645884 0.0642283 0.062407 0.0595259 0.0559804 0.0521176 0.0482053 0.0444129 0.0407929 0.0372626 0.0336132 0.0295858 0.0250156 0.0199795 0.0148364
 0.00669584 0.0108959 0.0164422 0.0233149 0.0313355 0.040044 0.0486512 0.0562063 0.061917 0.0653853 0.0666183 0.0658908 0.0636063 0.0602102 0.056131 0.0517343 0.0472959 0.042992 0.0388908 0.0349425 0.030991 0.0268383 0.0223634 0.0176403 0.0129667
 0.00689083 0.0112166 0.016933 0.0240236 0.0323084 0.0413159 0.0502299 0.0580583 0.0639605 0.0674929 0.0686314 0.067643 0.0649516 0.0610457 0.056406 0.051443 0.0464614 0.0416519 0.0370949 0.032764 0.0285445 0.0242889 0.0199125 0.0154847 0.0112467
 0.00707204 0.0115108 0.0173755 0.0246482 0.0331429 0.0423744 0.0515038 0.0595127 0.0655366 0.069116 0.0702149 0.0690902 0.066158 0.0619082 0.0568379 0.0513879 0.0458996 0.0405988 0.0355963 0.0308969 0.0264234 0.0220687 0.0177752 0.0136045 0.00974661
 0.00733475 0.0119358 0.0180109 0.0255355 0.0343078 0.0438118 0.0531639 0.0612982 0.0673185 0.0707617 0.0716149 0.0701705 0.0668784 0.0622509 0.0567948 0.0509529 0.0450702 0.0393834 0.0340253 0.0290328 0.0243677 0.0199613 0.0157776 0.0118676 0.00837284
 0.00750741 0.0122093 0.0184099 0.0260804 0.0350141 0.0446872 0.0542024 0.0624727 0.0685773 0.0720303 0.0728052 0.0711937 0.0676593 0.0627373 0.0569583 0.0507832 0.0445664 0.0385521 0.0328864 0.0276308 0.0227824 0.0183081 0.0141932 0.0104807 0.00727173
 0.00761013 0.0123847 0.0186889 0.026496 0.0355929 0.0454372 0.0551031 0.0634742 0.0696127 0.0730321 0.0737162 0.071968 0.0682576 0.0631243 0.0571045 0.0506683 0.0441815 0.0379002 0.0319838 0.0265135 0.0215134 0.0169796 0.012916 0.00936029 0.00638091
 0.00766815 0.0124877 0.0188604 0.0267651 0.0359891 0.0459824 0.0558004 0.0643012 0.0705199 0.0739501 0.0745681 0.0726845 0.0687885 0.0634423 0.0572007 0.0505437 0.0438408 0.0373507 0.0312399 0.0256036 0.0204871 0.0159095 0.0118894 0.00846061 0.00566607
 0.00773974 0.0125837 0.0189686 0.0268649 0.0360621 0.0460269 0.0558414 0.0643864 0.0707027 0.0742667 0.0750201 0.0732353 0.0693737 0.0639871 0.0576373 0.0508218 0.0439304 0.0372399 0.0309325 0.0251203 0.0198679 0.0152144 0.0111911 0.00783011 0.0051549
 0.00789007 0.0128179 0.0193004 0.0272956 0.0365757 0.0465856 0.0563867 0.0648508 0.0710322 0.0744439 0.0750715 0.0732157 0.0693371 0.0639619 0.0576179 0.0507777 0.0438224 0.0370349 0.0306127 0.0246874 0.0193448 0.0146429 0.0106251 0.0073231 0.00474577
 0.00788418 0.0128094 0.01929 0.0272857 0.0365709 0.0465927 0.0564131 0.064901 0.0711051 0.0745318 0.0751654 0.073313 0.069446 0.0640965 0.0577862 0.0509695 0.0440072 0.0371702 0.0306589 0.0246215 0.0191681 0.0143809 0.0103206 0.00702316 0.00448879
 0.0079498 0.0129077 0.0194223 0.0274475 0.0367528 0.046783 0.056599 0.0650702 0.0712462 0.0746356 0.0752258 0.0733281 0.0694194 0.0640394 0.0577156 0.0509023 0.0439513 0.0371187 0.0305921 0.0245168 0.0190121 0.014178 0.0100919 0.00679866 0.00429558
 0.00811197 0.01315 0.0197466 0.0278407 0.0371888 0.047228 0.0570163 0.0654233 0.0715036 0.0747763 0.0752436 0.0732317 0.0692288 0.0637809 0.0574178 0.0505928 0.043653 0.0368454 0.0303457 0.0242894 0.018793 0.0139616 0.00988282 0.00660909 0.00413882
 0.00819008 0.0132637 0.0198927 0.0280065 0.0373548 0.0473723 0.0571197 0.0654737 0.0714991 0.0747268 0.0751679 0.0731513 0.06916 0.0637299 0.0573816 0.0505641 0.0436247 0.0368129 0.0303058 0.0242384 0.0187272 0.01388 0.00978967 0.00651404 0.00405323
 0.00827148 0.0133963 0.0200919 0.0282837 0.0377115 0.0477928 0.0575656 0.065888 0.0718196 0.0749058 0.0751867 0.0730233 0.0689222 0.0634289 0.0570603 0.0502534 0.0433418 0.0365638 0.0300899 0.0240517 0.0185649 0.0137382 0.00966663 0.00641054 0.00397116
 0.00826564 0.0133975 0.0201135 0.0283456 0.0378359 0.0479962 0.0578509 0.0662387 0.0721998 0.075265 0.0754709 0.0731884 0.0689466 0.0633193 0.056847 0.0499792 0.0430481 0.0362817 0.0298372 0.023835 0.0183839 0.0135895 0.00954666 0.00631666 0.00390119
 0.00822432 0.0133327 0.0200213 0.0282267 0.0376982 0.0478583 0.0577425 0.0661954 0.0722521 0.075425 0.0757228 0.0734908 0.0692442 0.0635598 0.0569969 0.0500301 0.0430146 0.0361916 0.0297198 0.0237132 0.0182714 0.0134926 0.00946707 0.00625407 0.00385454
 0.0081846 0.0132538 0.0198769 0.0279854 0.0373343 0.0473672 0.0571545 0.0655783 0.0716981 0.0750269 0.07555 0.0735707 0.0695559 0.0640411 0.0575621 0.0505941 0.0435133 0.0365914 0.0300154 0.0239177 0.0184046 0.0135739 0.00951227 0.00627554 0.00386179
 0.00830437 0.0134348 0.0201221 0.028284 0.0376593 0.0476747 0.0573876 0.0656786 0.0716251 0.0747786 0.075171 0.0731411 0.0691642 0.0637548 0.0574089 0.0505605 0.0435583 0.0366669 0.0300839 0.0239602 0.0184189 0.0135674 0.00949498 0.00625561 0.00384413
 0.00830427 0.0134401 0.0201401 0.0283239 0.0377289 0.0477748 0.0575071 0.0657928 0.0717003 0.074782 0.0750828 0.0729654 0.0689327 0.0635187 0.057222 0.0504597 0.0435513 0.0367337 0.0301889 0.0240684 0.0185071 0.0136271 0.00952861 0.00627067 0.00384851
 0.00816051 0.0132307 0.0198704 0.028016 0.0374169 0.0474964 0.0572951 0.06567 0.0716754 0.0748463 0.0752111 0.0731224 0.0690847 0.0636464 0.0573265 0.0505584 0.0436658 0.0368759 0.0303545 0.0242397 0.0186628 0.0137516 0.0096168 0.00632614 0.00387951
 0.00813712 0.0131886 0.0198005 0.0279102 0.0372732 0.0473256 0.0571239 0.0655358 0.071613 0.0748727 0.075317 0.0732761 0.0692451 0.0637777 0.0574096 0.0505942 0.0436712 0.0368746 0.0303654 0.0242698 0.0187074 0.0137997 0.00965826 0.00635584 0.00389751
 0.00798486 0.01294 0.0194254 0.0273823 0.0365785 0.0464756 0.0561676 0.0645633 0.0707431 0.0742269 0.0749894 0.0733088 0.069618 0.0644164 0.0582081 0.0514449 0.0444892 0.0376082 0.0309931 0.0247891 0.0191235 0.0141201 0.0098919 0.00651472 0.00399696
 0.00787955 0.0127815 0.0192093 0.02711 0.0362533 0.0460968 0.0557307 0.0640663 0.0701985 0.0736722 0.0744887 0.0729411 0.0694548 0.0644974 0.0585265 0.0519491 0.0451007 0.0382453 0.031591 0.0253081 0.0195468 0.0144467 0.0101296 0.0066768 0.00409931
 0.00773099 0.0125403 0.0188483 0.0266077 0.0356025 0.045315 0.0548676 0.0631989 0.0694123 0.0730385 0.0740511 0.0727189 0.0694551 0.0647226 0.0589705 0.0525872 0.0458821 0.039098 0.032436 0.0260773 0.0201952 0.0149552 0.0105013 0.00692938 0.00425813
 0.0076632 0.0124216 0.0186537 0.0263081 0.0351704 0.0447353 0.0541488 0.0623803 0.0685625 0.0722433 0.073397 0.0722747 0.0692604 0.0647859 0.0592756 0.0531017 0.046561 0.0398839 0.0332612 0.0268717 0.020899 0.0155298 0.0109336 0.00722883 0.00444857
 0.00763472 0.0123824 0.0186066 0.0262569 0.0351141 0.0446618 0.0540315 0.0621843 0.068258 0.0718236 0.0728886 0.0717364 0.0687689 0.0644159 0.0590824 0.0531109 0.0467678 0.040257 0.0337494 0.0274125 0.0214289 0.0159969 0.0113063 0.00749854 0.00462563
 0.00770415 0.012471 0.0186959 0.0263164 0.0351115 0.0445776 0.0538685 0.0619644 0.0680073 0.0715567 0.0726045 0.0714289 0.0684433 0.0640996 0.0588217 0.0529564 0.0467565 0.0403997 0.0340274 0.0277829 0.0218361 0.0163862 0.0116368 0.00774961 0.00479683
 0.00784284 0.0126822 0.0189853 0.0266754 0.0355143 0.0449803 0.0542129 0.0621883 0.0680636 0.07143 0.0723157 0.071023 0.0679704 0.0636035 0.0583402 0.0525274 0.0464191 0.0401865 0.0339532 0.0278371 0.021985 0.0165834 0.011837 0.00792035 0.00492305
 0.00783264 0.0126754 0.018993 0.0267131 0.035597 0.0451142 0.0543881 0.0623771 0.0682257 0.0715242 0.0723126 0.0709143 0.067771 0.0633445 0.0580589 0.0522593 0.046195 0.0400319 0.0338854 0.0278602 0.0220857 0.0167332 0.012001 0.00806858 0.00503793
 0.00777394 0.0126045 0.0189318 0.0266979 0.0356691 0.0453052 0.0547055 0.0627976 0.0686984 0.0719805 0.0726804 0.0711331 0.0678061 0.0631955 0.0577583 0.0518624 0.0457651 0.0396272 0.0335504 0.0276208 0.0219474 0.0166823 0.0120112 0.00810986 0.00508568
 0.00779219 0.0126167 0.0189197 0.0266388 0.0355484 0.0451322 0.0545227 0.0626723 0.0686963 0.0721351 0.0729747 0.0715043 0.0681689 0.0634711 0.0578974 0.0518544 0.0456353 0.039424 0.0333286 0.0274266 0.021809 0.0166072 0.0119895 0.0081222 0.00511228
 0.00782228 0.0126594 0.0189715 0.0266894 0.0355798 0.0451211 0.0544464 0.0625203 0.0684837 0.0719078 0.072799 0.0714402 0.068241 0.0636555 0.0581327 0.0520696 0.0457784 0.0394775 0.0333077 0.0273655 0.0217432 0.016561 0.0119711 0.00812679 0.0051291
 0.00765844 0.0124284 0.018689 0.026391 0.0353105 0.0449161 0.0543175 0.0624535 0.0684501 0.0718807 0.0727697 0.0714247 0.0682728 0.063767 0.0583345 0.0523403 0.0460721 0.0397441 0.0335139 0.0275038 0.0218272 0.0166123 0.0120077 0.00815803 0.00515667
 0.00763397 0.0123839 0.0186149 0.0262805 0.0351662 0.0447585 0.054186 0.062395 0.068496 0.0720267 0.0729719 0.0716195 0.0684086 0.0638275 0.058339 0.0523251 0.0460657 0.0397541 0.0335305 0.0275129 0.021822 0.0165963 0.0119895 0.00814482 0.00515073
 0.00761008 0.0123356 0.0185246 0.0261262 0.0349268 0.044424 0.0537681 0.0619334 0.0680553 0.071682 0.0727865 0.0716228 0.0685849 0.0641243 0.0586911 0.0526795 0.0463934 0.0400459 0.0337843 0.027726 0.0219911 0.0167213 0.0120757 0.00820106 0.00518604
 0.00762372 0.0123587 0.0185602 0.0261747 0.0349826 0.0444714 0.0537809 0.0618807 0.0679147 0.0714544 0.0725035 0.0713405 0.0683645 0.0640091 0.0586918 0.0527754 0.0465468 0.0402197 0.033952 0.0278731 0.0221112 0.0168129 0.0121408 0.00824393 0.0052125
 0.00772366 0.0124944 0.0187154 0.0263184 0.0350792 0.0444949 0.053725 0.061758 0.0677456 0.0712555 0.0722844 0.07111 0.06814 0.0638193 0.0585682 0.0527387 0.0465971 0.0403365 0.0341045 0.0280313 0.0222538 0.0169284 0.0122264 0.00830228 0.00524918
 0.00778564 0.0126002 0.018882 0.0265596 0.0353961 0.0448649 0.054097 0.0620616 0.067915 0.0712551 0.0721206 0.0708224 0.0677824 0.0634427 0.0582147 0.0524407 0.0463761 0.0402 0.0340443 0.0280274 0.0222818 0.0169677 0.0122633 0.00833068 0.00526816
 0.00777282 0.0125892 0.0188841 0.0265931 0.0354831 0.045025 0.0543381 0.062372 0.0682587 0.0715751 0.0723531 0.0709176 0.0677221 0.0632457 0.0579271 0.0521186 0.0460701 0.0399456 0.0338588 0.0279107 0.0222214 0.0169452 0.0122612 0.00833654 0.00527496
 0.00775024 0.012563 0.0188647 0.0265978 0.0355332 0.0451402 0.054531 0.0626431 0.0685944 0.0719461 0.0727147 0.0712152 0.0679029 0.0632746 0.057799 0.0518615 0.0457351 0.0395908 0.0335333 0.0276451 0.0220259 0.0168145 0.0121812 0.00829131 0.00525115
 0.00727002 0.0118152 0.0178031 0.0252087 0.0338461 0.0432394 0.0525644 0.0608157 0.0671332 0.0710465 0.0724899 0.0716707 0.068941 0.0647237 0.0594579 0.0535441 0.0473041 0.0409694 0.034696 0.0285982 0.0227881 0.0174053 0.0126198 0.00859835 0.00545102
#obs surv len freq
 nan nan nan nan nan nan nan nan nan nan nan nan nan nan nan nan nan nan nan nan nan nan nan nan nan
 0.0044791 0.00733798 0.0111658 0.0159809 0.0216816 0.0279582 0.0342742 0.0400076 0.0446893 0.048155 0.0505146 0.052012 0.0529056 0.0534191 0.0537343 0.0539899 0.054269 0.0545621 0.054701 0.054293 0.0527309 0.0493627 0.0438117 0.0362908 0.0276734
 0.0046133 0.00755639 0.0114947 0.016444 0.0222945 0.0287199 0.0351579 0.0409581 0.04563 0.0490021 0.0511929 0.052466 0.0531061 0.0533637 0.0534438 0.0535006 0.0536237 0.0538033 0.0538674 0.0534213 0.0518595 0.0485342 0.0430705 0.0356742 0.0272021
 0.00478026 0.00782943 0.0119085 0.0170317 0.0230808 0.0297105 0.0363281 0.0422485 0.0469531 0.0502571 0.052281 0.0533019 0.0536255 0.0535294 0.0532482 0.0529649 0.0527918 0.0527333 0.0526247 0.0520754 0.0504853 0.0472116 0.041879 0.0346795 0.0264405
 0.00496429 0.00813221 0.0123709 0.0176943 0.023976 0.03085 0.0376902 0.0437727 0.0485471 0.0518129 0.05369 0.0544652 0.0544594 0.0539695 0.0532551 0.0525276 0.05193 0.0514957 0.0510858 0.0503311 0.0486497 0.045411 0.0402381 0.0333005 0.0253806
 0.00518093 0.00848627 0.0129074 0.0184566 0.0249984 0.0321448 0.0392341 0.0455015 0.0503631 0.0536017 0.055337 0.0558655 0.0555223 0.0546205 0.0534374 0.0522062 0.0510965 0.0501745 0.0493393 0.0482633 0.0464037 0.0431582 0.0381545 0.0315325 0.0240138
 0.00540569 0.00885324 0.0134628 0.019245 0.0260546 0.0334815 0.0408284 0.0472895 0.0522483 0.0554725 0.0570825 0.0573844 0.0567252 0.0554294 0.0537864 0.052043 0.0503879 0.0489164 0.0475694 0.0460737 0.0439456 0.0406311 0.0357749 0.0294883 0.0224202
 0.00564752 0.00925008 0.0140669 0.020107 0.0272138 0.03495 0.0425754 0.0492364 0.054281 0.0574641 0.0589145 0.058957 0.0579578 0.0562569 0.0541534 0.0519012 0.0496982 0.0476579 0.0457577 0.0437818 0.0413185 0.0378807 0.0331459 0.0272032 0.0206233
 0.00589958 0.00966147 0.0146892 0.0209897 0.0283954 0.0364436 0.0443532 0.0512236 0.0563645 0.0595134 0.0608025 0.0605742 0.0592175 0.0570945 0.0545212 0.0517613 0.0490184 0.0464163 0.043959 0.0414824 0.0386494 0.0350495 0.030407 0.0247977 0.0187156
 0.00613465 0.0100505 0.0152872 0.0218522 0.0295668 0.0379398 0.0461441 0.0532272 0.0584606 0.0615674 0.0626874 0.0621828 0.0604651 0.0579178 0.0548743 0.0516109 0.0483391 0.0451918 0.0421938 0.0392253 0.0360183 0.0322402 0.0276684 0.0223742 0.0167802
 0.00636268 0.0104262 0.0158623 0.0226785 0.0306871 0.039372 0.0478651 0.0551652 0.0605038 0.0635837 0.0645462 0.0637696 0.0616899 0.0587161 0.0552038 0.0514451 0.0476606 0.0439919 0.0404815 0.0370474 0.0334836 0.0295303 0.0250182 0.0200188 0.0148905
 0.00661835 0.0108394 0.0164797 0.0235421 0.0318269 0.0407943 0.0495393 0.0570194 0.0624328 0.065468 0.0662696 0.0652304 0.0628058 0.0594256 0.0554655 0.051234 0.0469642 0.0428078 0.0388241 0.0349643 0.0310768 0.0269668 0.0225137 0.0177913 0.0130998
 0.00683471 0.0111996 0.0170368 0.0243496 0.0329259 0.0421947 0.0512024 0.0588547 0.0643148 0.0672646 0.0678663 0.0665404 0.0637685 0.0600004 0.055626 0.0509639 0.0462547 0.0416594 0.0372528 0.0330165 0.0288466 0.0246052 0.0202143 0.015749 0.0114584
 0.00707183 0.0115834 0.0176116 0.025156 0.033994 0.043532 0.0527803 0.0606014 0.0661213 0.0690026 0.0694095 0.0677836 0.0646382 0.0604575 0.0556596 0.0505803 0.0454673 0.0404847 0.0357159 0.0311648 0.0267667 0.0224313 0.0181161 0.013896 0.00997412
 0.00727564 0.0119222 0.0181347 0.0259123 0.0350202 0.0448352 0.0543213 0.0622924 0.0678417 0.0706251 0.0708224 0.0689003 0.0653982 0.0608247 0.0556207 0.0501419 0.0446501 0.039318 0.0342376 0.0294289 0.0248561 0.0204649 0.0162394 0.0122519 0.00866438
 0.00742577 0.0121686 0.0185105 0.0264512 0.0357515 0.0457747 0.0554606 0.0635905 0.0692267 0.0720035 0.0720927 0.0699674 0.0661851 0.0612793 0.0557164 0.0498738 0.0440305 0.0383725 0.033005 0.027965 0.0232409 0.0188053 0.0146605 0.0108731 0.00756904
 0.0075222 0.0123257 0.018748 0.0267886 0.0362058 0.046356 0.0561674 0.0644069 0.0701232 0.0729398 0.0730198 0.0708285 0.0669176 0.0618203 0.0560116 0.0498851 0.0437401 0.037784 0.0321432 0.0268773 0.0219993 0.0175054 0.0134115 0.00977681 0.00669589
 0.00759984 0.0124489 0.0189279 0.027034 0.0365224 0.0467452 0.0566244 0.0649202 0.0706766 0.0735151 0.0735984 0.0713897 0.0674347 0.062258 0.0563267 0.0500314 0.0436777 0.0374879 0.0316112 0.026135 0.0211016 0.0165324 0.0124568 0.00892854 0.00601547
 0.00765992 0.0125405 0.0190545 0.0271953 0.0367152 0.0469651 0.0568669 0.0651815 0.0709538 0.0738067 0.0739039 0.0717073 0.0677582 0.0625724 0.0566059 0.0502389 0.0437707 0.037427 0.0313708 0.0257144 0.0205302 0.0158687 0.0117768 0.00830728 0.00550821
 0.00770751 0.0126145 0.0191595 0.0273325 0.0368821 0.0471544 0.0570668 0.0653778 0.0711337 0.0739645 0.0740427 0.0718373 0.0678909 0.0627143 0.0567527 0.0503734 0.0438638 0.0374425 0.0312759 0.0254904 0.0201835 0.0154331 0.0113068 0.00786281 0.00513664
 0.00776596 0.0127001 0.0192709 0.0274625 0.03702 0.0472896 0.0571915 0.0654874 0.0712262 0.0740392 0.0741013 0.071884 0.0679332 0.0627606 0.0568087 0.0504371 0.0439226 0.0374734 0.0312505 0.0253853 0.0199905 0.015166 0.0109997 0.00755912 0.00487456
 0.00782212 0.0127869 0.0193926 0.027619 0.0372048 0.0474897 0.0573872 0.0656555 0.0713464 0.0741011 0.0741076 0.0718485 0.0678742 0.0626957 0.0567509 0.050393 0.0438907 0.0374434 0.0312047 0.0253041 0.0198609 0.0149891 0.0107927 0.00734944 0.0046895
 0.0078568 0.0128414 0.019471 0.0277233 0.0373347 0.0476411 0.0575509 0.0658173 0.0714886 0.0742069 0.0741649 0.0718542 0.0678345 0.0626244 0.0566648 0.050307 0.0438139 0.0373764 0.0311403 0.02523 0.0197657 0.0148687 0.0106538 0.00720743 0.00456208
 0.00788492 0.012882 0.0195227 0.0277821 0.0373951 0.0476989 0.057605 0.0658691 0.0715402 0.0742583 0.0742131 0.0718928 0.067857 0.0626263 0.0566466 0.0502739 0.0437731 0.0373337 0.0310968 0.0251818 0.0197066 0.0147952 0.0105678 0.00711759 0.0044794
 0.0078956 0.0128994 0.0195486 0.0278175 0.0374394 0.0477487 0.0576541 0.0659101 0.0715676 0.0742714 0.0742163 0.0718931 0.0678592 0.062631 0.0566505 0.0502728 0.0437645 0.0373174 0.0310737 0.0251521 0.019669 0.0147484 0.0105134 0.00706027 0.00442593
 0.00790559 0.0129095 0.0195528 0.0278071 0.0374062 0.0476896 0.0575742 0.0658222 0.0714876 0.0742126 0.0741861 0.0718929 0.0678868 0.0626818 0.056718 0.0503487 0.0438399 0.0373846 0.0311272 0.0251887 0.0196878 0.0147502 0.0105009 0.00703831 0.00440061
 0.00786847 0.0128541 0.0194783 0.0277153 0.0373002 0.0475719 0.0574467 0.0656881 0.0713543 0.0740934 0.0740984 0.0718527 0.067903 0.0627536 0.0568354 0.0504963 0.0440004 0.037542 0.0312688 0.0253058 0.0197761 0.0148093 0.0105343 0.00705183 0.0044014
 0.00789263 0.012882 0.0194997 0.0277145 0.0372613 0.0474864 0.0573191 0.0655347 0.0711971 0.0739515 0.073984 0.0717724 0.0678612 0.0627538 0.0568788 0.0505791 0.0441132 0.037671 0.0313988 0.0254238 0.0198728 0.0148807 0.0105809 0.00707776 0.00441268
 0.0078898 0.01288 0.0195007 0.0277204 0.0372706 0.0474917 0.0573065 0.0654884 0.0711072 0.0738219 0.0738332 0.071627 0.0677462 0.0626852 0.0568624 0.0506123 0.0441877 0.0377746 0.031517 0.0255418 0.0199781 0.0149651 0.0106415 0.00711643 0.00443418
 0.00786026 0.0128315 0.0194275 0.0276179 0.0371382 0.0473353 0.0571391 0.0653279 0.0709702 0.0737174 0.0737618 0.0715851 0.0677322 0.0627021 0.0569152 0.0507037 0.0443146 0.0379279 0.0316834 0.0257062 0.0201269 0.0150883 0.0107344 0.00717994 0.00447326
 0.00784922 0.0128112 0.0193926 0.0275619 0.037055 0.0472213 0.0569967 0.0651663 0.0708053 0.0735677 0.0736441 0.0715102 0.0677028 0.0627151 0.056965 0.0507853 0.0444241 0.0380604 0.0318308 0.0258574 0.0202693 0.0152111 0.0108309 0.00724879 0.00451757
 0.00784361 0.0127965 0.0193602 0.0275005 0.0369536 0.047074 0.0568067 0.0649474 0.0705786 0.0733577 0.0734733 0.071396 0.0676551 0.062735 0.0570458 0.0509147 0.0445878 0.0382447 0.0320232 0.026046 0.0204429 0.0153599 0.0109488 0.00733422 0.00457387
 0.00781986 0.0127613 0.019313 0.0274422 0.0368844 0.046992 0.0567072 0.0648253 0.0704327 0.0731946 0.0733083 0.0712502 0.0675497 0.0626858 0.0570595 0.0509887 0.0447117 0.0384037 0.0322008 0.0262266 0.0206125 0.0155077 0.0110676 0.0074219 0.00463279
 0.0077766 0.0126907 0.0192069 0.0272942 0.0366926 0.0467626 0.0564565 0.0645777 0.0702138 0.0730231 0.0731925 0.0711899 0.0675419 0.0627285 0.0571522 0.0511298 0.0448954 0.0386189 0.0324323 0.0264571 0.0208261 0.0156915 0.0112143 0.00752964 0.0047052
 0.00773907 0.0126276 0.019108 0.027149 0.0364932 0.0465078 0.0561564 0.0642547 0.0699 0.0727532 0.0729958 0.071084 0.0675303 0.0628032 0.0572983 0.051331 0.0451364 0.0388852 0.0327088 0.0267279 0.0210751 0.0159055 0.0113849 0.0076551 0.00478967
 0.00771523 0.0125887 0.0190492 0.0270651 0.036379 0.0463594 0.0559724 0.0640388 0.0696624 0.0725113 0.0727727 0.070905 0.0674179 0.0627711 0.057349 0.0514562 0.0453207 0.0391099 0.0329549 0.0269766 0.0213092 0.0161106 0.0115512 0.00777916 0.00487427
 0.00768499 0.0125389 0.0189731 0.0269565 0.0362338 0.0461779 0.0557613 0.0638111 0.0694344 0.0722992 0.0725902 0.0707635 0.0673279 0.0627424 0.0573886 0.0515653 0.0454927 0.0393306 0.0332049 0.0272348 0.0215552 0.0163276 0.0117281 0.00791182 0.00496517
 0.00765536 0.012492 0.0189049 0.0268637 0.0361145 0.0460322 0.0555923 0.0636257 0.0692434 0.0721157 0.0724277 0.0706342 0.067241 0.0627045 0.0574045 0.0516371 0.0456192 0.0395053 0.0334151 0.0274627 0.0217808 0.0165325 0.0118987 0.00804175 0.0050553
 0.0076549 0.0124887 0.0188952 0.0268427 0.0360771 0.0459744 0.0555131 0.0635273 0.0691304 0.0719937 0.0723031 0.0705142 0.0671344 0.0626209 0.0573534 0.0516266 0.0456542 0.0395863 0.0335367 0.0276133 0.0219444 0.0166914 0.0120379 0.00815183 0.00513389
 0.00762118 0.0124406 0.0188351 0.0267764 0.0360118 0.0459151 0.0554603 0.0634773 0.0690781 0.0719358 0.0722398 0.0704492 0.0670732 0.0625702 0.0573198 0.051617 0.0456747 0.0396405 0.0336241 0.0277279 0.022075 0.0168237 0.0121579 0.00824964 0.00520541
 0.00761115 0.0124226 0.0188052 0.0267311 0.0359497 0.0458396 0.0553806 0.063406 0.0690261 0.0719072 0.0722297 0.0704473 0.0670695 0.06256 0.057305 0.0516043 0.045673 0.039658 0.0336658 0.0277939 0.0221595 0.0169166 0.0122477 0.00832639 0.00526375
 0.00759554 0.0123994 0.0187741 0.0266928 0.0359052 0.0457893 0.0553244 0.0633449 0.0689637 0.0718503 0.0721866 0.0704237 0.067066 0.0625713 0.0573239 0.0516255 0.0456958 0.0396859 0.0337039 0.0278454 0.0222238 0.0169883 0.0123188 0.00838895 0.00531258
 0.00757534 0.0123665 0.0187248 0.0266242 0.0358165 0.0456834 0.055209 0.0632314 0.0688642 0.0717745 0.0721398 0.0704073 0.0670788 0.0626101 0.057383 0.0516979 0.0457743 0.0397657 0.0337832 0.0279245 0.0223028 0.0170653 0.0123897 0.00844907 0.00535879
 0.0075547 0.0123336 0.0186765 0.026558 0.0357311 0.0455795 0.0550904 0.0631056 0.0687421 0.0716685 0.0720612 0.0703641 0.0670742 0.0626423 0.0574465 0.0517847 0.0458756 0.039873 0.03389 0.0280266 0.0223973 0.0171503 0.0124628 0.00850829 0.00540306
 0.00754421 0.0123148 0.018645 0.0265089 0.0356601 0.0454852 0.0549757 0.0629785 0.0686138 0.0715507 0.0719648 0.0702977 0.0670435 0.0626497 0.0574909 0.0518609 0.0459755 0.0399871 0.0340089 0.0281421 0.0225036 0.0172432 0.0125399 0.00856846 0.00544667
 0.00753793 0.0123055 0.0186324 0.0264928 0.0356398 0.0454586 0.0549395 0.0629288 0.0685488 0.0714723 0.0718792 0.0702146 0.0669736 0.0626027 0.0574731 0.0518746 0.0460189 0.0400545 0.034092 0.028232 0.0225918 0.0173232 0.0126073 0.00862119 0.00548476
 0.00750597 0.0122587 0.0185715 0.026422 0.0355656 0.0453878 0.0548775 0.0628786 0.0685103 0.0714433 0.071856 0.0701943 0.0669562 0.0625915 0.0574736 0.0518926 0.0460578 0.0401141 0.0341682 0.0283178 0.0226789 0.0174039 0.0126759 0.00867474 0.00552307
 0.00750017 0.0122454 0.0185447 0.0263748 0.0354926 0.0452897 0.0547631 0.062764 0.0684136 0.0713775 0.0718252 0.0701936 0.0669759 0.0626222 0.05751 0.0519338 0.046106 0.0401722 0.0342369 0.0283944 0.0227581 0.0174789 0.012741 0.00872618 0.00556009
 0.0075145 0.0122681 0.0185773 0.026417 0.0355415 0.0453382 0.0548005 0.0627783 0.0683968 0.0713298 0.0717557 0.0701166 0.0669046 0.062564 0.0574664 0.0519033 0.0460873 0.0401653 0.0342428 0.028413 0.0227872 0.017514 0.0127764 0.00875733 0.00558423
 0.00751155 0.0122657 0.0185782 0.0264251 0.035561 0.0453712 0.0548456 0.0628293 0.0684435 0.0713607 0.0717619 0.070095 0.0668594 0.0625051 0.0574054 0.0518494 0.0460456 0.0401375 0.0342289 0.0284122 0.0227974 0.0175321 0.0127981 0.00877851 0.00560182
 0.00751155 0.0122657 0.0185782 0.0264251 0.035561 0.0453712 0.0548456 0.0628293 0.0684435 0.0713607 0.0717619 0.070095 0.0668594 0.0625051 0.0574054 0.0518494 0.0460456 0.0401375 0.0342289 0.0284122 0.0227974 0.0175321 0.0127981 0.00877851 0.00560182
 0.00710745 0.0116236 0.0176428 0.0251634 0.0339785 0.0435325 0.0528892 0.0609598 0.0668901 0.070318 0.07134 0.0703024 0.0676173 0.0636801 0.0588444 0.0534081 0.0476049 0.0416092 0.0355535 0.0295541 0.0237399 0.0182736 0.0133504 0.00916436 0.00585241
#pred catch len freq
 0.00318847 0.00516412 0.00777023 0.0110455 0.0150308 0.0197256 0.025026 0.030708 0.0364696 0.0419914 0.0469849 0.0512311 0.054612 0.0571168 0.0588178 0.0598375 0.0603225 0.0604094 0.060152 0.0594034 0.0577274 0.0544686 0.0490581 0.0414366 0.0323022
 0.00344078 0.00551313 0.00818494 0.0114657 0.0153927 0.0199964 0.0252244 0.0308903 0.036687 0.0422472 0.0472221 0.0513625 0.0545734 0.0569105 0.0585214 0.0595724 0.0601962 0.0604586 0.0603129 0.0595305 0.0576578 0.0541024 0.0484103 0.0406283 0.031498
 0.0035243 0.00568467 0.0085044 0.0119982 0.0161778 0.0210095 0.0263567 0.0319738 0.0375607 0.0428238 0.0475084 0.0514209 0.0544625 0.0566549 0.0581286 0.0590697 0.0596463 0.0599339 0.0598477 0.0590905 0.0571567 0.0534597 0.0476116 0.0397445 0.0306503
 0.00367182 0.00590767 0.00881407 0.0124079 0.0167169 0.0217334 0.0273353 0.03325 0.0390948 0.0444629 0.0490162 0.0525622 0.055091 0.0567485 0.0577613 0.0583568 0.0587034 0.0588607 0.0587183 0.0579423 0.0559902 0.0522631 0.0463986 0.0385758 0.0296169
 0.00383846 0.00617736 0.00921688 0.0129692 0.0174519 0.0226417 0.0284007 0.0344493 0.0404096 0.0458782 0.0504929 0.0540014 0.0563253 0.0575843 0.058051 0.0580531 0.0578649 0.0576129 0.0572028 0.0562804 0.0542712 0.0505557 0.0447714 0.0371089 0.0283904
 0.00401034 0.00645665 0.00963827 0.0135683 0.0182622 0.0236873 0.0296839 0.0359392 0.0420396 0.0475557 0.0521183 0.0554832 0.0575796 0.0585207 0.0585639 0.0580392 0.0572619 0.056433 0.0555371 0.0542732 0.0520861 0.0483526 0.0426976 0.0352913 0.0269208
 0.00426332 0.00685217 0.0102059 0.0143296 0.0192334 0.0248807 0.0311033 0.0375697 0.0438366 0.0494386 0.0539744 0.057182 0.0589945 0.0595452 0.0591152 0.0580511 0.0566831 0.0552416 0.0537653 0.0520251 0.0495336 0.0457105 0.0401873 0.0331022 0.0251756
 0.00452959 0.00727622 0.0108281 0.0151833 0.0203408 0.0262467 0.0327077 0.039363 0.0457447 0.0513728 0.0558394 0.0588789 0.0604212 0.0606009 0.0597075 0.058103 0.056137 0.054067 0.0519741 0.0496938 0.0468182 0.042838 0.0374177 0.030671 0.0232392
 0.00475869 0.00764895 0.0113909 0.0159826 0.0214188 0.0276305 0.034395 0.0413097 0.0478618 0.0535362 0.057908 0.0607158 0.0619111 0.0616566 0.0602653 0.0581124 0.0555555 0.0528646 0.050152 0.0473112 0.0440157 0.0398393 0.0344965 0.028088 0.0211747
 0.00501403 0.00805318 0.0119809 0.0167908 0.0224735 0.028955 0.0359986 0.0431749 0.0499327 0.0557133 0.0600543 0.0626741 0.0635292 0.0628109 0.060872 0.0581242 0.0549489 0.0516317 0.0483069 0.0449125 0.0411946 0.0368101 0.0315306 0.0254525 0.0190606
 0.00529459 0.0085028 0.0126461 0.0177121 0.0236808 0.0304584 0.0377779 0.0451735 0.0520619 0.057864 0.062108 0.0645099 0.0650292 0.0638676 0.0613981 0.0580598 0.0542627 0.050319 0.0463923 0.0424639 0.0383446 0.0337667 0.0285569 0.02281 0.016939
 0.00553511 0.0088989 0.0132528 0.0185872 0.0248765 0.0320072 0.039673 0.0473549 0.0544151 0.0602342 0.064324 0.0664113 0.0664879 0.0647978 0.0617521 0.0578161 0.0534159 0.0488775 0.0443868 0.0399653 0.0354843 0.0307455 0.0256252 0.0202153 0.0148601
 0.00574753 0.00924101 0.0137639 0.0193076 0.0258477 0.0332669 0.0412437 0.0492269 0.0565307 0.0624803 0.0665392 0.0684094 0.0680925 0.0658731 0.0622193 0.0576497 0.0526278 0.0475016 0.0424753 0.0376 0.0327955 0.0279217 0.0228967 0.0178074 0.0129344
 0.00598956 0.00962339 0.0143197 0.0200626 0.0268198 0.0344637 0.0426573 0.0508286 0.0582699 0.0642855 0.0683192 0.070054 0.0694777 0.066875 0.0627331 0.0576066 0.0520026 0.0463104 0.0407699 0.0354685 0.0303696 0.0253796 0.0204477 0.0156519 0.011214
 0.00622099 0.00999483 0.0148703 0.0208272 0.027824 0.0357159 0.0441375 0.0524815 0.0600075 0.0660001 0.0699005 0.0714037 0.0705169 0.0675439 0.0629861 0.0574095 0.0513345 0.0451712 0.0391906 0.0335203 0.0281702 0.0230909 0.0182568 0.0137344 0.00969051
 0.006399 0.010274 0.0152727 0.0213704 0.0285225 0.0365816 0.0451754 0.0536803 0.0613303 0.0673804 0.0712463 0.0726116 0.0714905 0.0682086 0.0632945 0.0573364 0.0508697 0.0443168 0.0379667 0.0319779 0.0264018 0.021231 0.0164646 0.0121599 0.00843734
 0.00652453 0.0104799 0.0155862 0.0218177 0.0291245 0.0373458 0.0460888 0.0547073 0.062419 0.0684719 0.0722817 0.0735329 0.0722401 0.068732 0.0635458 0.0572839 0.0504982 0.0436269 0.0369767 0.0307293 0.0249683 0.0197204 0.0150061 0.0108768 0.00741527
 0.00655891 0.0105445 0.0157005 0.0220087 0.0294237 0.0377837 0.0466853 0.0554621 0.0633043 0.0694315 0.0732388 0.0744056 0.0729573 0.0692429 0.06382 0.0573054 0.0502598 0.0431298 0.0362338 0.0297731 0.0238572 0.0185403 0.0138605 0.00986508 0.00660719
 0.00664546 0.0106657 0.0158478 0.022165 0.0295724 0.0379215 0.046831 0.0556541 0.0635863 0.069833 0.0737594 0.0750097 0.0735817 0.0698124 0.0642642 0.0575708 0.0503134 0.0429579 0.0358405 0.0291814 0.0231131 0.0177129 0.0130339 0.00912115 0.00600538
 0.00672469 0.0107899 0.0160252 0.0223971 0.0298512 0.0382269 0.0471317 0.0559162 0.0637881 0.0699786 0.0738793 0.0751459 0.0737638 0.0700398 0.0645038 0.0577686 0.050413 0.0429152 0.0356329 0.0288117 0.0226098 0.0171277 0.0124331 0.00857089 0.00555494
 0.00673894 0.010812 0.0160567 0.0224397 0.029907 0.0382983 0.0472204 0.0560204 0.0639001 0.0700867 0.0739742 0.075229 0.0738505 0.0701519 0.0646545 0.0579488 0.0505886 0.0430378 0.0356567 0.0287098 0.0223834 0.0168063 0.012066 0.00821259 0.00524952
 0.00680904 0.010917 0.0161981 0.0226126 0.030102 0.0385036 0.0474236 0.0562092 0.064063 0.070213 0.0740555 0.0752605 0.0738341 0.0700988 0.0645836 0.0578797 0.0505307 0.0429833 0.035583 0.0285906 0.0222035 0.0165708 0.0117999 0.00795087 0.00502408
 0.00689779 0.011048 0.0163706 0.0228177 0.0303247 0.0387282 0.0476364 0.0563994 0.0642215 0.0703315 0.0741272 0.0752809 0.0738028 0.0700204 0.0644685 0.0577427 0.0503872 0.0428429 0.0354453 0.0284464 0.0220419 0.0163883 0.0116053 0.00776263 0.00486171
 0.00698128 0.0111702 0.0165291 0.0230002 0.0305117 0.038897 0.0477664 0.0564761 0.0642405 0.0703003 0.0740632 0.0752052 0.0737319 0.0699616 0.0644202 0.0576989 0.0503421 0.0427931 0.0353879 0.0283778 0.0219577 0.0162872 0.0114922 0.00764852 0.00475963
 0.00705561 0.0112899 0.0167063 0.0232435 0.0308216 0.0392607 0.0481539 0.0568418 0.064533 0.0704775 0.0741045 0.0751166 0.0735414 0.0697084 0.0641427 0.0574262 0.0500907 0.0425689 0.0351906 0.0282034 0.0218017 0.0161462 0.0113657 0.00753884 0.0046706
 0.00704526 0.0112826 0.0167136 0.0232832 0.0309154 0.0394275 0.0484027 0.0571646 0.0649018 0.0708457 0.0744158 0.07532 0.0736066 0.0696349 0.0639573 0.0571709 0.0498085 0.0422931 0.0349404 0.0279864 0.021618 0.015993 0.0112398 0.0074385 0.00459453
 0.00696145 0.0111545 0.0165369 0.0230623 0.0306657 0.0391771 0.0481918 0.0570403 0.064905 0.0709957 0.0746992 0.0756906 0.0739985 0.0699819 0.0642119 0.057315 0.0498518 0.0422626 0.0348674 0.0278965 0.0215276 0.0159101 0.011168 0.00737934 0.00454856
 0.0069582 0.0111344 0.0164794 0.0229396 0.03045 0.0388539 0.0477719 0.0565655 0.0644435 0.0706275 0.0744958 0.0756944 0.0742085 0.0703528 0.0646684 0.057776 0.0502541 0.042573 0.035082 0.0280301 0.0216017 0.0159447 0.0111784 0.00737632 0.00453966
 0.0070296 0.0112413 0.0166218 0.0231079 0.030623 0.0389984 0.0478462 0.056529 0.0642719 0.0703294 0.0741183 0.0753133 0.0739039 0.0701823 0.0646491 0.0578832 0.0504354 0.0427708 0.0352524 0.0281519 0.0216738 0.0159779 0.0111867 0.00737179 0.00453052
 0.00701388 0.011222 0.0166041 0.0231003 0.0306342 0.0390327 0.0478984 0.056582 0.064299 0.0703012 0.0740151 0.0751369 0.0736838 0.0699696 0.0644986 0.0578318 0.0504882 0.042902 0.0354197 0.0283143 0.0218045 0.016068 0.0112401 0.00739858 0.00454123
 0.00692585 0.0110959 0.0164464 0.0229283 0.0304724 0.0389057 0.0478241 0.0565678 0.0643405 0.0703823 0.0741099 0.0752163 0.0737251 0.0699669 0.064467 0.0578016 0.0504909 0.042955 0.0355189 0.0284388 0.0219281 0.0161705 0.0113131 0.00744354 0.00456525
