SBPRF35
12.7214
Curr Bio
674898
B35
839700
F35
0.167311
FOFL
0.135678
OFL
77625.2
Bzero
3.63469e+006
#pred survey bio
 3.20946e+006 2.86845e+006 2.62696e+006 2.37085e+006 2.10813e+006 1.8643e+006 1.67938e+006 1.47435e+006 1.31485e+006 1.17005e+006 1.04278e+006 924251 826421 755719 712808 668859 642957 622832 618403 595906 581260 576081 571712 574494 569693 565999 569324 574792 584054 587648 587446 595208 608755 623445 636418 658309 672373 679874 681844 685250 682557 679940 681599 687174 678348 670323 661502 679545 2.42555e+007 1.43557e+007 1.45443e+007 1.55163e+007 1.70439e+007 1.88139e+007 2.05788e+007 2.21869e+007 2.35677e+007 2.47059e+007 2.56178e+007 2.63337e+007 2.68879e+007 2.7313e+007 2.76372e+007 2.78838e+007 2.80711e+007 2.82135e+007 2.83221e+007 2.84051e+007 2.84689e+007 2.85181e+007 2.85562e+007 2.85858e+007 2.86091e+007 2.86273e+007 2.86417e+007 2.8653e+007 2.8662e+007 2.86692e+007 2.8675e+007 2.86796e+007 2.86833e+007 2.86863e+007 2.86888e+007 2.86907e+007 2.86923e+007 2.86936e+007 2.86947e+007 2.86955e+007 2.86962e+007 2.86968e+007 2.86972e+007 2.86976e+007 2.86979e+007 2.86982e+007 2.86984e+007 2.86986e+007 2.86987e+007 2.86988e+007 2.86989e+007 2.8699e+007 2.8699e+007 2.86991e+007 2.86991e+007 2.86992e+007 2.86992e+007 2.86992e+007 2.86992e+007 2.86993e+007 2.86993e+007 2.86993e+007 2.86993e+007 2.86993e+007 2.86993e+007 2.86993e+007 2.86993e+007 2.86993e+007 2.86993e+007 2.86993e+007 2.86993e+007 2.86993e+007 2.86993e+007 2.86993e+007 2.86993e+007 2.86993e+007 2.86993e+007 2.86993e+007 2.86993e+007 2.86993e+007 2.86993e+007 2.86993e+007 2.86993e+007 2.86993e+007 2.86993e+007 2.86993e+007 2.86993e+007 2.86993e+007 2.86993e+007 2.86993e+007 2.86993e+007 2.86993e+007 2.86993e+007 2.86993e+007 2.86993e+007 2.86993e+007 2.86993e+007 2.86993e+007 2.86993e+007 2.86993e+007 0 0 0 0 0 0 0 0 0 0 0 0 0 0 0 0 0 0 0 0 0 0 0 0 0
#obs survey bio
 3.5898e+006 2.55344e+006 2.24243e+006 1.95357e+006 2.78242e+006 1.47358e+006 1.82345e+006 1.44012e+006 978494 1.23962e+006 870351 708814 850865 931405 408141 645980 674950 473259 518348 889658 615661 637114 516086 674054 638452 527812 574574 473980 572880 589288 660967 501760 594497 544340 576276 369168 677782 715226 591572 725062 874235 609839 678114 797354 703582 601373 505521 724735
#pred catch bio
 351698 274553 300905 319697 313804 270502 296220 261313 252881 239871 232109 211720 185058 158725 157213 139083 131841 116623 128668 117320 106034 103529 96756.4 102668 100811 94687.3 93401.9 90830 95933.8 99011 92950.9 90276 92354.5 96845.9 92290.1 101281 107357 111056 108084 110914 108244 102648 97993.7 108733 106090 104856 79508.3 79108 77625.2 93033.9 92989.5 97748.5 106850 117860 128873 138808 147200 153973 159259 163282 166286 168496 170102 171258 172085 172672 173088 173380 173586 173730 173830 173900 173949 173983 174007 174023 174035 174043 174048 174052 174054 174056 174057 174058 174059 174059 174060 174060 174060 174060 174060 174060 174060 174060 174060 174060 174060 174060 174060 174060 174060 174060 174060 174060 174060 174060 174060 174060 174060 174060 174060 174060 174060 174060 174060 174060 174060 174060 174060 174060 174060 174060 174060 174060 174060 174060 174060 174060 174060 174060 174060 174060 174060 174060 174060 174060 174060 174060 174060 174060 174060 174060 174060 174060 174060 174060 174060 174060 0 0 0 0 0 0 0 0 0 0 0 0 0 0 0 0 0 0 0 0 0 0 0 0 0
#obs catch bio
 250790 273967 301876 320995 314999 271060 297066 260944 254195 241400 234695 214441 186485 159260 159254 140584 133132 118039 130827 117520 105583 103005 96356.5 102820 100767 94444.3 93502.2 91041.6 96023.3 98909.6 92670.6 90529.4 92823.8 97776.2 93200.1 102667 108624 112108 108809 111486 107900 102804 97733.3 108330 105506 104975 79400.5 79089.2
#pred cpue bio
 3.15987e+006 2.82162e+006 2.58235e+006 2.32786e+006 2.06657e+006 1.82432e+006 1.64048e+006 1.43713e+006 1.27872e+006 1.135e+006 1.00893e+006 891962 795749 726450 684414 641469 616296 596893 592886 571621 558028 553377 549224 551904 547280 543764 546984 552278 561373 565011 564844 572201 585031 598953 611280 632461 646244 653862 656215 660013 657915 655764 657640 663337 654935 647218 638800 657282 2.35284e+007 1.39515e+007 1.39864e+007 1.47542e+007 1.61948e+007 1.79397e+007 1.96985e+007 2.13052e+007 2.26858e+007 2.3824e+007 2.47358e+007 2.54517e+007 2.60059e+007 2.6431e+007 2.67552e+007 2.70018e+007 2.71891e+007 2.73315e+007 2.74401e+007 2.75231e+007 2.75869e+007 2.76361e+007 2.76742e+007 2.77038e+007 2.77271e+007 2.77453e+007 2.77597e+007 2.7771e+007 2.778e+007 2.77872e+007 2.7793e+007 2.77976e+007 2.78013e+007 2.78043e+007 2.78068e+007 2.78087e+007 2.78103e+007 2.78116e+007 2.78127e+007 2.78135e+007 2.78142e+007 2.78148e+007 2.78153e+007 2.78156e+007 2.78159e+007 2.78162e+007 2.78164e+007 2.78166e+007 2.78167e+007 2.78168e+007 2.78169e+007 2.7817e+007 2.7817e+007 2.78171e+007 2.78171e+007 2.78172e+007 2.78172e+007 2.78172e+007 2.78172e+007 2.78173e+007 2.78173e+007 2.78173e+007 2.78173e+007 2.78173e+007 2.78173e+007 2.78173e+007 2.78173e+007 2.78173e+007 2.78173e+007 2.78173e+007 2.78173e+007 2.78173e+007 2.78173e+007 2.78173e+007 2.78173e+007 2.78173e+007 2.78173e+007 2.78173e+007 2.78173e+007 2.78173e+007 2.78173e+007 2.78173e+007 2.78173e+007 2.78173e+007 2.78173e+007 2.78173e+007 2.78173e+007 2.78173e+007 2.78173e+007 2.78173e+007 2.78173e+007 2.78173e+007 2.78173e+007 2.78173e+007 2.78173e+007 2.78173e+007 2.78173e+007 2.78173e+007 2.78173e+007 2.78173e+007 0 0 0 0 0 0 0 0 0 0 0 0 0 0 0 0 0 0 0 0 0 0 0 0 0
#obs cpue bio
 2.8722e+006 2.59763e+006 2.14602e+006 2.69464e+006 1.62625e+006 1.96978e+006 1.87814e+006 1.67074e+006 1.10675e+006 911218 862997 896924 860119 623676 676792 558944 563086 455176 587497 788874 769614 603968 556162 350097 554088 666218 423479 550057 672838 685777 562095 397541 465152 455834 456476 811399 653850 677760 769806 704146 997632 483192 881957 770288 728444 514672 748143 693474
#pred surv len freq
 0.00571522 0.00919249 0.0136702 0.019068 0.0252143 0.0317764 0.0382234 0.0439408 0.0484551 0.0515942 0.0534667 0.0543249 0.0544402 0.0540455 0.0533252 0.052423 0.0514546 0.0505056 0.0495847 0.048532 0.0469431 0.0442249 0.0398488 0.0337066 0.0263241
 0.00594078 0.00950954 0.0140602 0.0194952 0.0256525 0.0322415 0.0387881 0.0447082 0.0495002 0.0529047 0.0549241 0.0557415 0.0556285 0.0548818 0.0537743 0.0525185 0.0512526 0.0500366 0.0488294 0.0474369 0.0454732 0.0424238 0.0378662 0.0317662 0.0246456
 0.0063232 0.0100816 0.0148266 0.0204218 0.0266701 0.0332597 0.039715 0.0454782 0.0501023 0.0533954 0.0554034 0.0562939 0.056266 0.0555268 0.0542964 0.052795 0.0512093 0.0496482 0.048093 0.0463519 0.0440514 0.0407244 0.0360211 0.0299656 0.0230799
 0.00658788 0.0105317 0.0155377 0.0214687 0.0281004 0.0350562 0.0417664 0.0475823 0.0520161 0.0549113 0.0564146 0.0568165 0.0564068 0.0554167 0.0540231 0.0523712 0.0505859 0.0487547 0.0468754 0.0447932 0.0421831 0.0386374 0.0338682 0.0279382 0.0213564
 0.00687725 0.0109897 0.0162062 0.0223855 0.0292999 0.0365659 0.0435914 0.0496808 0.0542761 0.0571467 0.0583932 0.058318 0.0572892 0.0556551 0.0536961 0.0516042 0.0494854 0.0473724 0.0452153 0.0428502 0.039987 0.036282 0.0315121 0.0257722 0.0195482
 0.00722539 0.0115343 0.0169863 0.0234238 0.0306013 0.0381158 0.0453532 0.0515961 0.0562707 0.0591345 0.0602724 0.0599615 0.0585482 0.0563871 0.0538091 0.0510861 0.0483988 0.0458159 0.0432841 0.0406229 0.0375454 0.0337416 0.029034 0.0235389 0.0177127
 0.00747814 0.0119391 0.017584 0.0242482 0.0316731 0.0394333 0.046883 0.053272 0.0580051 0.0608382 0.0618683 0.0613842 0.0597299 0.0572449 0.0542462 0.0510134 0.0477653 0.0446282 0.0416041 0.0385522 0.0352136 0.0313046 0.0266705 0.0214277 0.0159928
 0.00791238 0.0126117 0.0185346 0.0254918 0.0331998 0.0412084 0.0488424 0.0553202 0.0600227 0.0627005 0.0634661 0.0626385 0.0605945 0.0576969 0.0542693 0.0505852 0.0468576 0.0432246 0.0397238 0.0362677 0.0326556 0.0286531 0.0241307 0.0191926 0.0141995
 0.00824832 0.0131486 0.0193244 0.0265748 0.0345946 0.0428983 0.0507633 0.0573601 0.0620406 0.0645563 0.0650454 0.0638619 0.0614153 0.0580925 0.0542333 0.0501172 0.0459565 0.0418895 0.0379678 0.0341409 0.0302642 0.0261613 0.0217378 0.0170889 0.0125183
 0.00852112 0.0135908 0.0199876 0.0275062 0.0358287 0.044442 0.05258 0.0593614 0.0640946 0.0665102 0.066752 0.0652015 0.0623083 0.0585024 0.0541587 0.0495787 0.0449824 0.0405086 0.0362142 0.0320699 0.0279724 0.0237952 0.0194781 0.0151108 0.0109442
 0.00873623 0.0139397 0.020512 0.0282455 0.0368146 0.0456885 0.0540706 0.061042 0.0658756 0.0682775 0.068381 0.0665711 0.0633146 0.0590706 0.0542509 0.0491926 0.0441428 0.039257 0.0346034 0.0301701 0.0258828 0.0216512 0.0174406 0.013334 0.00953476
 0.00891709 0.0142376 0.0209672 0.0288985 0.0376975 0.0468132 0.0554162 0.06255 0.0674582 0.0698328 0.0698083 0.0677785 0.0642225 0.0596147 0.0543861 0.0488977 0.0434223 0.0381402 0.0331425 0.0284402 0.0239862 0.0197177 0.0156157 0.0117523 0.0082866
 0.00908281 0.0144985 0.021345 0.0294098 0.0383542 0.047621 0.0563706 0.0636301 0.0686232 0.0710234 0.0709515 0.0687967 0.0650415 0.0601711 0.0546309 0.0487979 0.0429633 0.0373287 0.0320104 0.0270487 0.0224274 0.0181103 0.0140912 0.010429 0.00724285
 0.00930085 0.0148218 0.021774 0.0299262 0.0389281 0.0482237 0.056983 0.064245 0.0692413 0.0716463 0.0715746 0.0694022 0.0655956 0.0606251 0.054928 0.0488831 0.0427926 0.0368774 0.0312805 0.0260748 0.0212788 0.0168867 0.0129066 0.00938802 0.00641573
 0.00936803 0.0149347 0.0219496 0.0301798 0.0392669 0.0486383 0.0574439 0.0647081 0.0696645 0.072008 0.0718815 0.0696807 0.0658716 0.0609049 0.0551893 0.0490784 0.0428622 0.0367663 0.0309546 0.0255329 0.0205584 0.0160606 0.0120682 0.00862836 0.00579992
 0.00940572 0.0150051 0.0220726 0.0303797 0.0395668 0.0490506 0.0579602 0.0652945 0.0702652 0.0725576 0.0723226 0.0699797 0.066027 0.0609423 0.0551445 0.0489765 0.042705 0.036533 0.0306159 0.0250703 0.0199804 0.0154078 0.0114052 0.00802436 0.00530764
 0.00942357 0.0150213 0.0220747 0.0303517 0.0394985 0.048949 0.0578566 0.0652393 0.0703092 0.0727299 0.0726158 0.0703525 0.0664212 0.0613035 0.0554373 0.0491868 0.0428302 0.03657 0.0305554 0.0249019 0.0197051 0.0150481 0.0110048 0.0076363 0.00497737
 0.00937605 0.0149562 0.0219983 0.0302753 0.0394325 0.0488964 0.0578102 0.065188 0.0702514 0.0726829 0.0726138 0.0704306 0.0665951 0.0615594 0.0557365 0.0494814 0.0430788 0.0367444 0.0306391 0.0248876 0.0195954 0.0148589 0.0107667 0.00738874 0.00475654
 0.00904447 0.0144665 0.021354 0.0295141 0.0386187 0.0481054 0.0571148 0.0646491 0.0699111 0.0725601 0.072705 0.0707169 0.0670508 0.0621541 0.0564317 0.0502267 0.0438151 0.0374136 0.0311947 0.0253015 0.0198599 0.0149865 0.0107866 0.00734005 0.00467861
 0.00900985 0.0143888 0.0211994 0.0292427 0.0382001 0.0475411 0.056453 0.0639803 0.0693405 0.0721719 0.0725381 0.0707643 0.0672757 0.0625119 0.0568821 0.0507356 0.0443491 0.0379353 0.0316645 0.0256848 0.0201354 0.0151514 0.0108564 0.00734265 0.00464522
 0.00914477 0.0145674 0.0213916 0.0293916 0.0382338 0.0473931 0.056086 0.0634011 0.068606 0.0713814 0.071813 0.0702168 0.0669788 0.0624836 0.0570912 0.0511216 0.0448428 0.0384719 0.0321878 0.0261489 0.0205082 0.0154182 0.0110215 0.00742559 0.00467316
 0.0092558 0.0147333 0.021612 0.0296517 0.0385013 0.0476184 0.0562054 0.0633486 0.0683337 0.0708834 0.0711396 0.069469 0.0662826 0.0619537 0.0568 0.0510853 0.0450268 0.0388098 0.032603 0.0265711 0.0208836 0.0157146 0.0112284 0.00755138 0.00473759
 0.00934525 0.0148721 0.0218082 0.029907 0.0388091 0.0479609 0.0565501 0.0636473 0.0685266 0.0709119 0.0709634 0.0690843 0.0657325 0.0613238 0.0561978 0.0506088 0.0447371 0.0387177 0.032675 0.0267476 0.0211004 0.0159197 0.0113909 0.00766144 0.00480111
 0.00924167 0.0147289 0.0216396 0.0297422 0.0386852 0.04791 0.0565882 0.0637695 0.068709 0.071116 0.0711425 0.0691913 0.065732 0.0612062 0.055988 0.050363 0.0445247 0.0385965 0.0326707 0.0268487 0.0212683 0.0161069 0.0115586 0.00778845 0.00488392
 0.00925749 0.0147432 0.0216411 0.0297167 0.0386229 0.0478158 0.0564871 0.063701 0.0687108 0.0712048 0.0713036 0.0693822 0.0658975 0.0612971 0.0559774 0.0502552 0.0443545 0.0384169 0.0325329 0.0267834 0.0212773 0.0161687 0.011642 0.00786706 0.00494328
 0.00935897 0.0148879 0.0218207 0.029909 0.0387959 0.0479367 0.0565317 0.0636614 0.0686001 0.0710555 0.0711587 0.0692786 0.0658501 0.0612926 0.0559824 0.0502346 0.0442894 0.0383133 0.0324173 0.0266878 0.0212236 0.0161605 0.0116668 0.00790588 0.00498046
 0.00934396 0.0148735 0.0218167 0.0299285 0.0388493 0.0480228 0.0566327 0.0637457 0.0686343 0.0710205 0.0710596 0.0691443 0.0657212 0.0612036 0.0559476 0.0502443 0.044319 0.0383386 0.032427 0.0266864 0.0212238 0.0161726 0.0116925 0.00793913 0.00501262
 0.00926971 0.014763 0.0216701 0.0297543 0.0386644 0.0478502 0.0564974 0.0636686 0.0686245 0.0710693 0.0711428 0.0692332 0.0657963 0.0612631 0.0560037 0.0503117 0.0444034 0.0384339 0.0325208 0.0267687 0.0212919 0.0162293 0.0117415 0.00798139 0.00504699
 0.00918222 0.0146244 0.0214688 0.0294839 0.0383269 0.0474601 0.0560856 0.063281 0.0683129 0.0708776 0.0710936 0.0693216 0.065994 0.0615297 0.056301 0.050613 0.0446947 0.038708 0.0327718 0.0269898 0.0214777 0.016378 0.011855 0.00806424 0.0051043
 0.0092228 0.0146758 0.021519 0.0295119 0.0383073 0.047372 0.0559198 0.0630451 0.0680309 0.0705858 0.0708339 0.0691323 0.0658998 0.0615357 0.0563932 0.0507651 0.0448784 0.0389003 0.0329572 0.0271588 0.0216241 0.0164983 0.0119486 0.00813269 0.00515125
 0.00941626 0.0149585 0.0218844 0.0299315 0.0387353 0.0477556 0.0562092 0.0632003 0.0680277 0.0704222 0.0705333 0.0687403 0.0654744 0.0611331 0.0560552 0.0505124 0.0447111 0.0388045 0.0329132 0.0271482 0.0216325 0.0165157 0.0119684 0.00815097 0.00516599
 0.00954726 0.0151614 0.0221699 0.0302998 0.039173 0.0482324 0.0566768 0.0635973 0.0682926 0.0705109 0.0704318 0.068468 0.0650767 0.0606695 0.0555862 0.0500881 0.0443636 0.0385455 0.0327372 0.0270393 0.0215719 0.0164862 0.0119571 0.00814921 0.00516824
 0.00958676 0.015228 0.0222748 0.0304546 0.0393873 0.0485093 0.0570072 0.0639566 0.0686417 0.0708021 0.0706189 0.0685171 0.0649763 0.0604347 0.0552551 0.0497122 0.043994 0.0382222 0.0324823 0.026857 0.0214532 0.0164161 0.0119198 0.00813159 0.0051613
 0.00955365 0.0151858 0.022233 0.0304302 0.0394014 0.0485809 0.0571476 0.0641654 0.0689063 0.0710979 0.0709112 0.0687652 0.0651407 0.0604868 0.0551866 0.0495381 0.0437493 0.0379511 0.0322259 0.0266434 0.0212943 0.0163096 0.0118553 0.00809634 0.00514397
 0.00948775 0.0150908 0.022113 0.0302982 0.0392774 0.0484883 0.0571088 0.0641984 0.0690207 0.0712911 0.0711663 0.0690519 0.0654201 0.0607185 0.055337 0.0495889 0.0437023 0.0378275 0.0320599 0.0264708 0.021143 0.016194 0.0117772 0.00804938 0.00511876
 0.00929824 0.0148061 0.0217288 0.0298277 0.0387501 0.0479459 0.0566014 0.0637809 0.0687449 0.0711957 0.0712663 0.0693349 0.0658481 0.0612356 0.0558794 0.0500968 0.0441307 0.0381535 0.0322836 0.0266106 0.0212246 0.0162418 0.0118079 0.00807142 0.00513518
 0.0090788 0.0144794 0.0212933 0.0293026 0.0381707 0.0473556 0.0560458 0.063304 0.0683879 0.0709918 0.0712365 0.0694837 0.0661625 0.0616852 0.0564193 0.0506726 0.0446874 0.0386454 0.0326826 0.0269093 0.0214331 0.0163797 0.0118961 0.00812696 0.00516965
 0.00893426 0.0142503 0.0209605 0.0288553 0.0376122 0.0467092 0.0553598 0.0626476 0.067836 0.0706063 0.0710519 0.0695061 0.0663764 0.0620623 0.0569226 0.051258 0.0453049 0.0392442 0.0332191 0.0273541 0.0217756 0.0166257 0.0120619 0.00823254 0.00523331
 0.00881558 0.0140681 0.0207061 0.0285266 0.0372123 0.0462458 0.0548459 0.0621062 0.0673034 0.0701309 0.0706872 0.0692985 0.0663542 0.0622293 0.0572595 0.0517279 0.0458601 0.0398324 0.0337892 0.0278635 0.022196 0.0169467 0.0122889 0.00838142 0.00532396
 0.00866474 0.0138356 0.0203801 0.0281056 0.0367056 0.0456733 0.0542384 0.0615032 0.0667479 0.0696621 0.0703366 0.0690905 0.0663078 0.0623565 0.0575602 0.0521848 0.0464377 0.0404809 0.0344521 0.0284869 0.0227373 0.0173808 0.0126101 0.00860026 0.005461
 0.00867845 0.013837 0.020344 0.0279964 0.0364872 0.045325 0.0537673 0.0609468 0.0661634 0.0691103 0.0698679 0.0687396 0.0660954 0.0622937 0.0576513 0.0524263 0.0468144 0.0409627 0.0349951 0.0290391 0.023249 0.0178139 0.0129453 0.0088371 0.00561353
 0.0086894 0.0138546 0.0203686 0.0280241 0.0365064 0.0453125 0.0536896 0.0607692 0.0658654 0.0687002 0.0693873 0.0682527 0.0656696 0.0619827 0.0574871 0.0524199 0.0469599 0.0412396 0.0353693 0.0294659 0.023679 0.0182029 0.0132629 0.00907154 0.00576987
 0.00864132 0.0137818 0.0202693 0.0279008 0.0363652 0.0451615 0.0535366 0.0606172 0.0657098 0.0685288 0.0691867 0.0680195 0.0654199 0.0617521 0.0573204 0.0523566 0.0470225 0.0414291 0.0356659 0.0298334 0.024072 0.0185761 0.0135807 0.00931497 0.00593755
 0.00858008 0.0136828 0.0201218 0.0276964 0.0361011 0.0448447 0.053187 0.060267 0.0653953 0.0682793 0.0690153 0.0679212 0.0653781 0.0617507 0.0573545 0.0524359 0.0471651 0.0416498 0.0359656 0.0301944 0.0244609 0.0189526 0.0139089 0.00957248 0.00611919
 0.00861443 0.0137356 0.0201949 0.0277879 0.0362036 0.0449443 0.0532638 0.0602987 0.0653646 0.0681808 0.0688583 0.0677254 0.0651658 0.0615396 0.0571576 0.0522652 0.0470362 0.0415812 0.0359722 0.0302791 0.02461 0.0191384 0.0140985 0.00973826 0.00624565
 0.00852831 0.0136177 0.0200582 0.027658 0.0361112 0.0449132 0.0533003 0.0603891 0.0654803 0.0682883 0.0689289 0.067743 0.065129 0.06146 0.0570538 0.0521577 0.0469441 0.0415216 0.0359595 0.030321 0.0247034 0.0192683 0.0142417 0.00987119 0.00635218
 0.00806553 0.0129526 0.0192198 0.0267311 0.0352152 0.0441662 0.0527882 0.0601519 0.0655143 0.0685546 0.0693639 0.068271 0.0656782 0.0619764 0.0575079 0.052543 0.0472703 0.041806 0.0362199 0.0305706 0.024947 0.0195013 0.0144525 0.0100472 0.00648542
 0.00724517 0.0116956 0.017476 0.0245179 0.0326278 0.0413801 0.0500564 0.0577782 0.0637913 0.0676848 0.0694052 0.0691353 0.0671764 0.0638798 0.0596002 0.0546509 0.0492737 0.043634 0.0378377 0.0319657 0.0261175 0.02045 0.0151872 0.0105836 0.00684971
#obs surv len freq
 0.00497777 0.00815255 0.0123987 0.0177293 0.0240175 0.0308977 0.0377439 0.0438319 0.0486102 0.0518763 0.0537483 0.0545123 0.0544897 0.0539799 0.0532449 0.0524984 0.0518848 0.0514383 0.0510199 0.0502605 0.048578 0.0453423 0.0401765 0.0332491 0.0253413
 0.0051908 0.00850224 0.0129312 0.0184896 0.025041 0.0321959 0.039291 0.0455599 0.050419 0.0536525 0.0553818 0.0559039 0.0555529 0.0546404 0.0534429 0.0521944 0.0510663 0.0501272 0.0492781 0.0481925 0.0463287 0.0430844 0.0380871 0.0314759 0.0239704
 0.00542081 0.00887889 0.0135033 0.0193048 0.026137 0.0335869 0.0409526 0.0474232 0.0523791 0.0555877 0.0571724 0.057444 0.0567537 0.0554294 0.0537607 0.0519941 0.0503174 0.0488255 0.0474606 0.0459516 0.043817 0.0405045 0.0356591 0.0293907 0.0223451
 0.0056556 0.00926368 0.0140883 0.020139 0.0272595 0.0350121 0.0426556 0.0493341 0.0543921 0.0575813 0.0590275 0.0590545 0.0580301 0.0562979 0.0541613 0.0518773 0.0496455 0.0475798 0.045658 0.0436654 0.0411924 0.0377536 0.0330278 0.0271025 0.0205452
 0.00590005 0.00966556 0.0147014 0.0210163 0.0284428 0.0365156 0.0444495 0.0513388 0.0564905 0.0596411 0.0609236 0.060681 0.0593026 0.0571511 0.054544 0.0517477 0.0489688 0.0463338 0.0438487 0.041351 0.0385056 0.0349039 0.0302708 0.0246811 0.0186247
 0.00614175 0.0100606 0.0153 0.0218671 0.0295843 0.0379625 0.0461769 0.0532765 0.0585306 0.0616578 0.0627924 0.0622921 0.0605673 0.0580021 0.0549323 0.0516366 0.0483292 0.045146 0.042115 0.0391195 0.0358947 0.0321101 0.0275439 0.022266 0.016695
 0.00638657 0.0104605 0.0159053 0.0227256 0.0307321 0.039409 0.0478905 0.0551797 0.0605117 0.0635927 0.0645644 0.0638027 0.0617383 0.0587739 0.055261 0.05149 0.0476831 0.0439852 0.0404433 0.0369799 0.0333939 0.0294287 0.0249165 0.0199279 0.0148176
 0.00661636 0.0108394 0.0164854 0.0235583 0.0318572 0.0408383 0.0495908 0.0570677 0.0624672 0.0654826 0.0662668 0.0652196 0.0627988 0.0594312 0.0554861 0.0512648 0.0469951 0.0428274 0.0388234 0.0349391 0.0310287 0.0269027 0.0224435 0.0177248 0.0130447
 0.00684345 0.0112114 0.0170506 0.0243633 0.0329382 0.0422066 0.0512173 0.0588771 0.0643467 0.0673029 0.0679031 0.0665675 0.0637816 0.0600016 0.0556219 0.050961 0.0462555 0.0416606 0.0372479 0.032999 0.0288136 0.0245587 0.0201607 0.0156964 0.0114134
 0.00707364 0.0115881 0.0176218 0.0251745 0.0340228 0.0435705 0.0528245 0.0606449 0.0661585 0.0690306 0.069429 0.0677964 0.0646449 0.0604574 0.0556521 0.0505665 0.0454501 0.040466 0.0356955 0.0311402 0.0267353 0.0223926 0.018073 0.0138537 0.00993751
 0.00726509 0.0119059 0.0181121 0.025884 0.0349884 0.0448037 0.0542957 0.0622783 0.067843 0.0706421 0.0708517 0.0689365 0.0654362 0.0608608 0.0556527 0.0501682 0.0446701 0.0393317 0.0342451 0.02943 0.0248502 0.020452 0.016221 0.012231 0.00864455
 0.00744146 0.0121931 0.0185454 0.0264971 0.0358075 0.045838 0.0555263 0.0636527 0.0692793 0.0720419 0.0721149 0.0699733 0.066176 0.0612569 0.0556832 0.0498326 0.0439844 0.0383242 0.0329565 0.0279176 0.0231952 0.0187621 0.0146208 0.0108386 0.00754115
 0.00755099 0.0123727 0.0188188 0.0268878 0.0363354 0.0465128 0.056341 0.0645802 0.0702757 0.0730531 0.073082 0.0708361 0.0668752 0.0617375 0.0559006 0.0497577 0.0436067 0.0376526 0.0320194 0.0267647 0.0219 0.0174205 0.0133414 0.00972174 0.00665523
 0.00760516 0.0124587 0.0189449 0.0270618 0.0365651 0.0468062 0.0567053 0.0650194 0.0707879 0.0736282 0.0737002 0.0714666 0.0674764 0.0622599 0.0562906 0.0499644 0.0435895 0.0373889 0.0315102 0.026039 0.021015 0.016458 0.012396 0.00888148 0.00598137
 0.00767293 0.0125609 0.0190838 0.0272346 0.0367651 0.0470255 0.056937 0.0652595 0.0710367 0.0738904 0.0739829 0.0717746 0.0678058 0.0625929 0.0565945 0.0501951 0.0436993 0.0373361 0.0312705 0.025614 0.0204373 0.0157882 0.0117114 0.00825761 0.00547306
 0.00774772 0.012676 0.0192445 0.0274405 0.037009 0.0472936 0.057209 0.0655117 0.0712481 0.0740504 0.0740956 0.0718566 0.0678788 0.0626736 0.0566861 0.0502834 0.0437539 0.0373184 0.031145 0.0253616 0.0200649 0.015331 0.0112248 0.00780148 0.00509414
 0.00776392 0.0127018 0.0192824 0.0274922 0.0370756 0.0473745 0.0573015 0.0656108 0.0713474 0.0741437 0.0741794 0.071932 0.0679514 0.062752 0.0567765 0.0503845 0.0438522 0.0373884 0.0311556 0.0252866 0.0198952 0.0150808 0.0109292 0.00750545 0.00483707
 0.00780771 0.0127626 0.0193547 0.027565 0.0371357 0.0474122 0.0573151 0.0656067 0.0713368 0.0741376 0.0741849 0.0719518 0.0679852 0.0627985 0.056835 0.0504532 0.0439256 0.037454 0.031194 0.0252767 0.0198231 0.0149477 0.0107537 0.00731705 0.00466551
 0.00786283 0.0128483 0.0194759 0.0277215 0.0373205 0.04761 0.0575017 0.0657541 0.0714213 0.0741495 0.0741323 0.0718561 0.0678723 0.0626898 0.0567437 0.0503844 0.043878 0.0374206 0.0311628 0.0252329 0.0197537 0.0148479 0.0106299 0.00718536 0.00454457
 0.00788701 0.0128878 0.0195357 0.0278061 0.0374326 0.0477481 0.0576584 0.0659143 0.0715647 0.0742546 0.0741825 0.0718455 0.0678078 0.0625888 0.056628 0.0502734 0.0437835 0.0373458 0.0311028 0.025178 0.0196933 0.0147753 0.0105457 0.00709706 0.004463
 0.00789586 0.0128996 0.0195486 0.0278177 0.037441 0.0477541 0.0576667 0.0659324 0.0715989 0.0743065 0.074246 0.0719086 0.0678564 0.0626129 0.0566253 0.0502497 0.0437493 0.0373106 0.0310714 0.0251492 0.0196623 0.0147372 0.0104995 0.0070462 0.00441396
 0.0079011 0.0129069 0.0195575 0.0278264 0.0374471 0.0477548 0.0576599 0.065918 0.0715802 0.07429 0.0742402 0.0719192 0.0678838 0.0626508 0.0566637 0.0502793 0.0437655 0.0373142 0.0310661 0.0251383 0.0196466 0.0147163 0.0104732 0.00701646 0.00438447
 0.00789855 0.0128968 0.0195315 0.027774 0.0373587 0.0476275 0.0575011 0.0657458 0.0714186 0.074162 0.0741625 0.0719005 0.067924 0.0627421 0.0567921 0.0504269 0.0439141 0.0374495 0.0311796 0.0252266 0.0197102 0.0147573 0.0104949 0.0070233 0.00438186
 0.00789402 0.0128868 0.0195111 0.0277363 0.0372957 0.0475319 0.0573695 0.065581 0.0712322 0.0739741 0.0739986 0.0717855 0.0678759 0.0627673 0.0568845 0.0505705 0.0440875 0.0376304 0.0313491 0.0253719 0.0198248 0.0148402 0.0105493 0.00705478 0.00439706
 0.00790416 0.0129022 0.0195322 0.0277618 0.0373225 0.047554 0.057378 0.0655655 0.0711835 0.0738879 0.0738798 0.0716483 0.0677422 0.0626605 0.0568232 0.0505632 0.0441307 0.0377112 0.0314495 0.0254742 0.0199153 0.0149114 0.0105992 0.00708582 0.00441377
 0.00790354 0.0129001 0.019527 0.0277518 0.0373058 0.0475301 0.0573478 0.0655308 0.0711455 0.0738463 0.073832 0.0715927 0.0676802 0.0625992 0.0567744 0.0505396 0.0441413 0.0377568 0.0315226 0.0255617 0.0200028 0.0149874 0.0106575 0.00712547 0.00443766
 0.00786713 0.012841 0.0194386 0.0276286 0.0371459 0.0473377 0.0571355 0.0653193 0.0709597 0.0737083 0.073756 0.0715813 0.0677256 0.0626879 0.056892 0.0506755 0.0442894 0.0379137 0.0316841 0.0257205 0.0201493 0.0151122 0.0107547 0.00719427 0.00448164
 0.00783011 0.0127794 0.0193435 0.0274912 0.0369602 0.0471039 0.0568638 0.0650309 0.0706836 0.0734758 0.0735935 0.071506 0.0677425 0.0627893 0.0570604 0.0508887 0.0445258 0.0381557 0.0319189 0.0259383 0.0203419 0.015273 0.0108798 0.00728384 0.00454017
 0.00782057 0.0127591 0.019304 0.0274215 0.0368492 0.0469443 0.0566563 0.064786 0.0704206 0.0732199 0.0733717 0.0713432 0.0676575 0.0627914 0.0571475 0.0510477 0.0447362 0.038394 0.0321631 0.0261704 0.0205488 0.015446 0.0110149 0.00738138 0.00460471
 0.00777249 0.0126864 0.0192043 0.0272958 0.0366999 0.0467741 0.0564674 0.0645816 0.0702072 0.0730089 0.07318 0.0711904 0.067563 0.06277 0.0572061 0.0511834 0.0449361 0.0386379 0.0324268 0.0264305 0.0207856 0.015646 0.0111716 0.00749476 0.00468
 0.00776135 0.0126594 0.0191478 0.0271929 0.0365365 0.0465469 0.0561898 0.0642824 0.0699214 0.072766 0.0729969 0.0710725 0.0675096 0.0627802 0.0572799 0.0513199 0.0451301 0.0388772 0.032693 0.0267011 0.0210388 0.0158645 0.0113453 0.00762174 0.0047649
 0.00771179 0.012585 0.0190467 0.027066 0.0363849 0.0463697 0.0559841 0.0640474 0.0696644 0.0725065 0.0727638 0.0708963 0.0674125 0.0627706 0.0573539 0.0514665 0.0453353 0.039126 0.0329679 0.0269823 0.0213054 0.0160983 0.011534 0.00776142 0.00485923
 0.00770386 0.0125661 0.0190076 0.0269955 0.0362735 0.0462153 0.0557951 0.0638407 0.0694589 0.0723161 0.0725961 0.0707562 0.0673078 0.0627127 0.0573545 0.0515317 0.0454629 0.039306 0.0331846 0.0272166 0.0215369 0.0163083 0.0117086 0.00789379 0.00495047
 0.00766954 0.0125176 0.0189478 0.02693 0.0362081 0.0461508 0.0557258 0.0637572 0.0693539 0.0721906 0.0724601 0.0706251 0.0671966 0.0626331 0.0573151 0.0515389 0.0455208 0.0394134 0.0333338 0.0273935 0.0217234 0.0164856 0.0118614 0.00801317 0.00503476
 0.00764171 0.0124705 0.0188741 0.0268234 0.0360665 0.0459803 0.0555423 0.0635831 0.0692104 0.0720888 0.0723985 0.0705943 0.0671871 0.0626409 0.057342 0.0515903 0.0456017 0.0395264 0.0334766 0.0275582 0.0218969 0.0166524 0.0120072 0.00812876 0.00511753
 0.00761845 0.0124327 0.018817 0.0267423 0.0359574 0.0458413 0.055376 0.0633985 0.0690236 0.0719206 0.0722693 0.0705177 0.067166 0.0626685 0.0574069 0.051682 0.0457142 0.0396572 0.033624 0.0277179 0.0220605 0.0168085 0.0121442 0.00823839 0.00519692
 0.00760972 0.0124194 0.0187984 0.0267181 0.0359267 0.0458024 0.055326 0.0633341 0.0689423 0.0718235 0.0721627 0.0704128 0.0670771 0.0626082 0.0573825 0.0516941 0.0457586 0.039728 0.0337157 0.0278249 0.0221759 0.0169233 0.0122489 0.00832499 0.00526152
 0.00760167 0.0124079 0.018784 0.0267022 0.0359113 0.045789 0.0553147 0.0633232 0.0689282 0.0718012 0.0721275 0.0703629 0.067015 0.062542 0.0573234 0.0516533 0.0457437 0.0397417 0.0337558 0.0278862 0.0222512 0.017004 0.0123261 0.00839128 0.00531253
 0.00756902 0.012359 0.0187182 0.0266222 0.0358223 0.0456983 0.0552306 0.0632539 0.0688802 0.0717775 0.0721263 0.0703779 0.0670381 0.0625662 0.0573459 0.051676 0.0457718 0.0397808 0.0338092 0.0279532 0.0223274 0.0170826 0.0123997 0.00845365 0.00536018
 0.00756128 0.0123423 0.018686 0.0265664 0.0357367 0.0455826 0.0550934 0.0631122 0.0687548 0.0716862 0.0720786 0.0703742 0.067071 0.0626241 0.0574168 0.0517508 0.045846 0.0398539 0.0338832 0.0280297 0.0224056 0.017159 0.0124693 0.00851178 0.00540427
 0.00753095 0.0122974 0.0186263 0.0264937 0.0356534 0.0454897 0.0549903 0.0629986 0.0686342 0.0715686 0.0719796 0.0703101 0.0670532 0.0626546 0.0574885 0.0518507 0.04596 0.039971 0.0339967 0.0281364 0.0225038 0.017247 0.0125445 0.00857206 0.00544877
 0.00752584 0.0122854 0.0186016 0.0264496 0.0355844 0.0453953 0.0548769 0.0628782 0.06852 0.0714701 0.0719013 0.0702537 0.0670212 0.0626514 0.0575178 0.0519123 0.0460482 0.0400761 0.0341082 0.0282454 0.0226043 0.0173351 0.0126178 0.00862943 0.00549038
 0.00752958 0.012293 0.0186155 0.0264718 0.035615 0.0454298 0.054906 0.0628898 0.0685042 0.0714236 0.0718293 0.0701672 0.0669328 0.0625724 0.057457 0.0518758 0.0460391 0.0400934 0.0341466 0.0282974 0.0226618 0.0173911 0.0126675 0.00866975 0.00552039
 0.00751702 0.0122725 0.0185846 0.0264291 0.0355607 0.0453674 0.0548421 0.0628327 0.0684603 0.0713943 0.0718111 0.0701546 0.066922 0.0625636 0.0574541 0.0518841 0.0460627 0.0401339 0.0342025 0.0283639 0.0227321 0.0174584 0.012726 0.0087162 0.00555405
 0.00750995 0.0122637 0.0185762 0.0264241 0.0355621 0.045376 0.0548555 0.0628461 0.0684686 0.0713946 0.071803 0.070139 0.0669 0.062536 0.0574226 0.0518526 0.0460368 0.0401192 0.0342025 0.0283789 0.0227589 0.0174915 0.0127596 0.00874576 0.00557694
 0.00748858 0.0122299 0.0185275 0.0263597 0.0354836 0.0452887 0.0547687 0.0627714 0.0684166 0.0713712 0.0718074 0.0701653 0.0669401 0.0625825 0.0574699 0.0518975 0.0460786 0.0401595 0.0342436 0.0284225 0.0228047 0.0175371 0.0128015 0.00878066 0.00560315
 0.00748858 0.0122299 0.0185275 0.0263597 0.0354836 0.0452887 0.0547687 0.0627714 0.0684166 0.0713712 0.0718074 0.0701653 0.0669401 0.0625825 0.0574699 0.0518975 0.0460786 0.0401595 0.0342436 0.0284225 0.0228047 0.0175371 0.0128015 0.00878066 0.00560315
 0.00725774 0.0118614 0.0179872 0.025625 0.0345537 0.044197 0.0535933 0.0616317 0.0674504 0.0707 0.0715062 0.0702492 0.0673693 0.0632793 0.0583398 0.0528477 0.0470315 0.0410578 0.0350506 0.0291176 0.0233795 0.0179914 0.0131421 0.0090205 0.00576019
#pred catch len freq
 0.00577051 0.00901598 0.0129223 0.0172954 0.0219986 0.0269529 0.0320529 0.0371073 0.0418689 0.046105 0.0496429 0.0523809 0.0542915 0.0554196 0.0558703 0.0557896 0.055346 0.0546982 0.0539231 0.0529015 0.0512329 0.0482962 0.0435301 0.0368254 0.0287616
 0.00599283 0.00932935 0.0133095 0.0177221 0.0224388 0.0274209 0.0326168 0.0378661 0.0428965 0.0473944 0.0510862 0.0538014 0.0555084 0.0563085 0.0563892 0.0559631 0.0552209 0.0542955 0.0532132 0.051821 0.0497395 0.0464339 0.0414582 0.0347845 0.0269891
 0.00644315 0.00999486 0.0141855 0.0187568 0.0235436 0.0284936 0.0335694 0.0386498 0.0435221 0.0479338 0.0516419 0.0544484 0.056242 0.0570347 0.0569658 0.0562612 0.0551651 0.0538618 0.0523997 0.0506268 0.0481773 0.0445681 0.0394335 0.0328092 0.0252718
 0.00678214 0.0105397 0.0149919 0.0198675 0.0249735 0.0302101 0.0354738 0.0405795 0.0452834 0.0493577 0.0526377 0.0550261 0.0564894 0.0570598 0.0568348 0.0559686 0.0546475 0.0530394 0.0512132 0.0490585 0.046261 0.042401 0.0371795 0.0306744 0.0234497
 0.00714771 0.0111018 0.0157813 0.0208997 0.0262578 0.0317567 0.0372871 0.0426339 0.0474921 0.0515583 0.0546113 0.0565537 0.057421 0.0573585 0.0565679 0.055252 0.05358 0.0516652 0.0495303 0.0470576 0.0439728 0.039926 0.0346887 0.0283747 0.0215238
 0.00753269 0.0116907 0.0165998 0.0219505 0.0275267 0.0332222 0.0389263 0.044421 0.0493929 0.0535189 0.0565421 0.0583177 0.0588436 0.0582654 0.0568392 0.0548579 0.0525751 0.0501476 0.0475972 0.0447902 0.0414567 0.037284 0.0320937 0.0260239 0.0195842
 0.00791017 0.0122715 0.0174134 0.0230042 0.0288087 0.0347058 0.040571 0.0461715 0.0511829 0.055279 0.0582061 0.0598198 0.0601062 0.0591899 0.0573112 0.0547733 0.0518739 0.0488352 0.0457409 0.042502 0.0388794 0.0345902 0.0294809 0.0236899 0.0176828
 0.00841266 0.0130336 0.0184594 0.0243239 0.0303656 0.0364515 0.0424506 0.0481203 0.0531214 0.057115 0.0598449 0.0611772 0.061117 0.0598061 0.0574912 0.0544721 0.0510463 0.0474541 0.0438227 0.0401245 0.0361854 0.0317764 0.026772 0.0212976 0.0157583
 0.00885269 0.013713 0.019415 0.0255667 0.0318818 0.0382042 0.0443784 0.0501364 0.0551197 0.0589839 0.0614814 0.0624954 0.0620515 0.0603127 0.057544 0.0540562 0.0501505 0.0460716 0.0419654 0.0378466 0.0336044 0.0290739 0.0241684 0.0190038 0.0139224
 0.00922155 0.0142874 0.0202335 0.0266512 0.0332376 0.0398196 0.0462179 0.0521326 0.0571706 0.0609614 0.0632486 0.063927 0.0630517 0.0608247 0.0575478 0.0535585 0.0491709 0.044635 0.0401058 0.0356241 0.0311259 0.0265021 0.021704 0.0168415 0.012199
 0.00954429 0.0147881 0.0209435 0.0275869 0.0344026 0.0412066 0.0478056 0.0538778 0.0590034 0.0627851 0.0649465 0.0653745 0.0641331 0.0614501 0.0576654 0.0531562 0.0482688 0.0432739 0.0383421 0.0335346 0.0288207 0.0241321 0.0194487 0.0148729 0.0106365
 0.00979127 0.0151768 0.0215053 0.0283442 0.0353681 0.0423801 0.0491686 0.0553888 0.0605973 0.064379 0.0664468 0.0666837 0.0651563 0.0621034 0.0578852 0.0529069 0.0475466 0.0421056 0.0367825 0.0316661 0.0267569 0.0220179 0.0174468 0.0131338 0.00926198
 0.00997785 0.0154642 0.0219093 0.0288727 0.0360243 0.0431671 0.0500887 0.0564368 0.0617516 0.0655957 0.067659 0.0678088 0.0661069 0.0627977 0.058255 0.0529026 0.0471413 0.0412999 0.0356081 0.0301896 0.0250807 0.020275 0.0157846 0.0116858 0.00811684
 0.0101876 0.0157718 0.0223112 0.029346 0.0365373 0.0436939 0.0506207 0.0569834 0.062332 0.0662256 0.0683394 0.0685177 0.0667977 0.0634042 0.0587018 0.0531173 0.0470664 0.0409019 0.0348858 0.0291801 0.0238614 0.018958 0.0144986 0.0105495 0.00721063
 0.0103072 0.0159589 0.0225783 0.0296979 0.0369676 0.044183 0.0511352 0.0574825 0.0627804 0.0666085 0.0686673 0.0688175 0.0670941 0.0637013 0.0589739 0.0533125 0.0471198 0.0407538 0.0344989 0.0285535 0.0230375 0.0180184 0.013548 0.00968959 0.00651441
 0.0103126 0.0159792 0.0226308 0.0298068 0.0371597 0.0444788 0.0515393 0.0579769 0.0633247 0.0671473 0.0691447 0.0691941 0.0673577 0.0638651 0.0590618 0.0533388 0.0470762 0.0406109 0.0342208 0.0281189 0.0224565 0.0173378 0.0128423 0.00903869 0.00597967
 0.0103248 0.0159887 0.022627 0.029777 0.0370966 0.0443908 0.0514563 0.0579458 0.0633929 0.0673416 0.0694583 0.0695874 0.0677732 0.0642484 0.059376 0.0535679 0.0472154 0.0406543 0.0341559 0.0279327 0.0221496 0.0169352 0.0123931 0.00860281 0.00560843
 0.0102065 0.0158189 0.0224124 0.0295366 0.0368544 0.0441658 0.0512577 0.0577776 0.0632651 0.0672788 0.0694952 0.069753 0.0680724 0.0646531 0.0598333 0.054017 0.047605 0.0409492 0.0343356 0.0279878 0.0220828 0.0167656 0.0121567 0.00834573 0.00537369
 0.00989492 0.0153643 0.0218252 0.0288611 0.0361576 0.0435179 0.0507158 0.0573784 0.0630255 0.0672008 0.0695724 0.0699772 0.0684364 0.0651457 0.0604303 0.0546756 0.0482679 0.0415561 0.0348366 0.0283516 0.0222998 0.0168478 0.0121345 0.00826034 0.00526627
 0.00981247 0.0152206 0.0215925 0.0285117 0.0356753 0.0429135 0.0500377 0.0567087 0.0624583 0.0668126 0.0694016 0.0700216 0.0686664 0.0655221 0.0609149 0.0552329 0.0488597 0.0421389 0.0353639 0.0287831 0.0226106 0.0170343 0.0122138 0.00826379 0.00522902
 0.0099086 0.0153421 0.0217099 0.0285727 0.0356148 0.0426729 0.049586 0.0560578 0.0616686 0.065986 0.0686611 0.0694802 0.068397 0.0655414 0.0611889 0.0556969 0.0494396 0.0427636 0.035971 0.0293211 0.0230429 0.0173445 0.0124068 0.00836204 0.00526357
 0.010021 0.0155072 0.0219241 0.0288164 0.0358521 0.0428531 0.049649 0.0559446 0.0613388 0.0654386 0.0679479 0.0687024 0.0676814 0.0650055 0.0609087 0.05569 0.0496695 0.0431591 0.0364486 0.0298036 0.0234709 0.017682 0.0126425 0.00850549 0.00533726
 0.0100887 0.0156114 0.0220698 0.0290039 0.0360757 0.0430997 0.0498951 0.0561535 0.0614617 0.0654226 0.0677525 0.0683188 0.0671466 0.0644021 0.0603442 0.0552647 0.0494453 0.0431447 0.036605 0.0300636 0.0237632 0.0179493 0.0128514 0.00864685 0.00541969
 0.0100051 0.0154981 0.0219411 0.0288873 0.036005 0.043103 0.0499839 0.0563187 0.0616752 0.0656427 0.0679296 0.068404 0.0671048 0.064226 0.0600648 0.0549468 0.0491683 0.0429742 0.0365707 0.0301529 0.0239325 0.018145 0.0130294 0.00878258 0.00550837
 0.0100181 0.0155097 0.0219418 0.0288655 0.0359531 0.0430263 0.0499053 0.0562733 0.0616964 0.0657443 0.0680965 0.0685946 0.0672644 0.0643051 0.0600354 0.054814 0.0489698 0.0427683 0.0364135 0.0300783 0.0239422 0.0182144 0.0131233 0.0088711 0.00557523
 0.0100989 0.0156227 0.0220777 0.0290027 0.0360624 0.0430795 0.0498849 0.0561793 0.061549 0.0655815 0.0679624 0.0685235 0.0672651 0.0643566 0.0600966 0.0548434 0.0489451 0.0426956 0.0363219 0.0300032 0.0239082 0.0182255 0.013166 0.00892496 0.00562351
 0.0100707 0.0155878 0.0220445 0.0289839 0.0360695 0.0431144 0.0499347 0.0562185 0.0615502 0.0655289 0.0678622 0.068403 0.0671624 0.0643031 0.060103 0.0548959 0.0490149 0.0427552 0.0363589 0.0300231 0.0239255 0.0182523 0.0132046 0.00896898 0.00566392
 0.00996691 0.0154351 0.0218451 0.0287521 0.0358294 0.0428953 0.0497647 0.0561188 0.0615279 0.0655734 0.0679481 0.0685016 0.0672546 0.0643873 0.0601912 0.0550011 0.0491403 0.0428912 0.03649 0.0301373 0.0240195 0.0183295 0.0132695 0.00902323 0.00570688
 0.00988546 0.0153082 0.0216648 0.0285157 0.0355409 0.0425676 0.0494216 0.0557946 0.0612629 0.0654036 0.0678947 0.0685638 0.067411 0.0646048 0.0604375 0.0552543 0.0493893 0.0431304 0.0367136 0.0303376 0.02419 0.0184674 0.013376 0.00910206 0.00576228
 0.00994213 0.0153838 0.0217478 0.0285839 0.0355665 0.0425254 0.0492975 0.0555909 0.0609987 0.0651127 0.0676195 0.0683458 0.0672802 0.0645716 0.0604919 0.0553725 0.0495441 0.0432992 0.0368808 0.0304932 0.0243271 0.0185817 0.013466 0.0091687 0.00580855
 0.0101257 0.0156492 0.022085 0.028961 0.035936 0.0428368 0.0495079 0.0556711 0.0609359 0.0649124 0.0673069 0.0679637 0.0668813 0.0642072 0.0602002 0.0551712 0.0494305 0.0432564 0.0368866 0.0305269 0.024373 0.0186292 0.0135085 0.00920309 0.00583392
 0.0102538 0.0158442 0.022353 0.0292969 0.0363225 0.0432447 0.0498969 0.055993 0.061143 0.0649696 0.0672012 0.0677087 0.0665142 0.0637803 0.0597699 0.0547864 0.0491233 0.0430382 0.0367507 0.0304556 0.0243455 0.0186272 0.0135185 0.00921652 0.00584623
 0.0103029 0.0159232 0.0224709 0.0294615 0.03654 0.0435163 0.0502152 0.0563382 0.0614815 0.065257 0.0673911 0.067764 0.0664189 0.0635461 0.0594338 0.0544012 0.0487433 0.0427063 0.0364911 0.0302729 0.02423 0.0185619 0.0134864 0.00920351 0.00584275
 0.0102813 0.0158977 0.0224505 0.0294616 0.0365792 0.0436118 0.0503771 0.0565662 0.0617636 0.0655692 0.067698 0.068023 0.0665875 0.063593 0.0593491 0.0542008 0.0484653 0.0423997 0.0362014 0.0300317 0.0240504 0.0184416 0.0134135 0.00916368 0.00582318
 0.010174 0.0157424 0.0222529 0.0292407 0.0363642 0.0434354 0.0502698 0.0565514 0.0618544 0.0657649 0.0679815 0.0683612 0.0669356 0.0639021 0.0595768 0.054321 0.048475 0.0423191 0.0360664 0.0298816 0.0239159 0.0183392 0.0133459 0.00912477 0.0058037
 0.00998674 0.0154648 0.0218852 0.0288019 0.0358877 0.042962 0.0498417 0.05621 0.0616374 0.0657015 0.0680859 0.0686267 0.067333 0.0643832 0.060082 0.0547915 0.0488649 0.0426049 0.0362492 0.0299816 0.023962 0.018358 0.013355 0.00913216 0.00581114
 0.0097541 0.0151223 0.0214364 0.0282731 0.0353212 0.0424037 0.049332 0.0557819 0.061319 0.0655172 0.068055 0.0687591 0.0676244 0.0648112 0.0606064 0.0553584 0.0494169 0.0430929 0.0366424 0.0302717 0.02416 0.0184851 0.0134338 0.00918071 0.00584106
 0.00959744 0.01488 0.0210953 0.0278312 0.0347891 0.0418064 0.0487103 0.0551892 0.0608132 0.0651482 0.0678558 0.0687433 0.0677892 0.0651406 0.0610719 0.0559193 0.0500223 0.0436883 0.0371794 0.0307175 0.0245018 0.0187286 0.0135963 0.00928305 0.00590222
 0.00944191 0.014646 0.0207775 0.0274354 0.0343285 0.0412958 0.0481648 0.0546287 0.060268 0.0646624 0.0674814 0.0685289 0.0677672 0.065319 0.0614337 0.0564279 0.0506275 0.0443329 0.0378067 0.0312794 0.0249662 0.0190834 0.0138472 0.00944748 0.00600226
