SBPRF35
12.7214
Curr Bio
662802
B35
879839
F35
0.168938
FOFL
0.130796
OFL
75242.4
Bzero
3.63469e+006
#pred survey bio
 3.49816e+006 3.40433e+006 3.31992e+006 3.19069e+006 3.01508e+006 2.81563e+006 2.56155e+006 2.3264e+006 2.10797e+006 1.90229e+006 1.69862e+006 1.49159e+006 1.30413e+006 1.14747e+006 993519 886757 800647 725888 674728 626084 601682 575292 549759 541840 532024 524911 521382 528664 525727 531421 540968 540039 559389 569455 587446 603805 610233 616661 620219 634306 636446 639082 646080 657447 651451 654350 650715 650371 648328 644389 629464 667107 2.43269e+007 1.45107e+007 1.47698e+007 1.57776e+007 1.73095e+007 1.90602e+007 2.07934e+007 2.23655e+007 2.37113e+007 2.48181e+007 2.57031e+007 2.6397e+007 2.69335e+007 2.73448e+007 2.76582e+007 2.78964e+007 2.80774e+007 2.8215e+007 2.832e+007 2.84003e+007 2.8462e+007 2.85096e+007 2.85465e+007 2.85753e+007 2.85978e+007 2.86155e+007 2.86295e+007 2.86406e+007 2.86494e+007 2.86564e+007 2.8662e+007 2.86665e+007 2.86701e+007 2.86731e+007 2.86754e+007 2.86774e+007 2.86789e+007 2.86802e+007 2.86812e+007 2.86821e+007 2.86827e+007 2.86833e+007 2.86838e+007 2.86841e+007 2.86844e+007 2.86847e+007 2.86849e+007 2.8685e+007 2.86852e+007 2.86853e+007 2.86854e+007 2.86855e+007 2.86855e+007 2.86856e+007 2.86856e+007 2.86856e+007 2.86857e+007 2.86857e+007 2.86857e+007 2.86857e+007 2.86857e+007 2.86857e+007 2.86858e+007 2.86858e+007 2.86858e+007 2.86858e+007 2.86858e+007 2.86858e+007 2.86858e+007 2.86858e+007 2.86858e+007 2.86858e+007 2.86858e+007 2.86858e+007 2.86858e+007 2.86858e+007 2.86858e+007 2.86858e+007 2.86858e+007 2.86858e+007 2.86858e+007 2.86858e+007 2.86858e+007 2.86858e+007 2.86858e+007 2.86858e+007 2.86858e+007 2.86858e+007 2.86858e+007 2.86858e+007 2.86858e+007 2.86858e+007 2.86858e+007 2.86858e+007 2.86858e+007 2.86858e+007 2.86858e+007 2.86858e+007 2.86858e+007 2.86858e+007 0 0 0 0 0 0 0 0 0 0 0 0 0 0 0 0 0 0 0 0 0 0 0 0 0
#obs survey bio
 4.00084e+006 2.2975e+006 3.55459e+006 3.44178e+006 2.45639e+006 3.19201e+006 2.74558e+006 1.79893e+006 2.17327e+006 2.30756e+006 1.42845e+006 1.16152e+006 1.10911e+006 1.16975e+006 1.02552e+006 975698 717624 521235 649332 484647 568562 519682 471282 418408 388301 382183 389917 638978 481700 485595 435003 433713 593163 466730 774364 600497 547675 707761 467779 533870 506713 842181 431114 445426 654253 607305 805919 927321 536947 614969 730609 707155
#pred catch bio
 97940.2 91618.7 138024 189795 224277 288855 287194 287565 290274 300264 311834 299180 273398 269217 224583 203232 189060 164108 157199 132635 131268 127163 110143 110936 108110 104860 96035.7 104777 97711.7 95668 105023 88513.1 97189.9 90717.4 92240.6 100044 99120.8 101044 92804.8 104271 104497 101506 98949.3 113871 105312 109796 105603 105894 106347 113555 66663.2 72007.1 75242.4 94876.9 95264.9 100374 109660 120665 131564 141341 149570 156191 161346 165261 168178 170319 171872 172989 173786 174351 174750 175031 175227 175365 175461 175528 175574 175606 175629 175644 175655 175662 175667 175671 175673 175675 175676 175677 175678 175678 175678 175679 175679 175679 175679 175679 175679 175679 175679 175679 175679 175679 175679 175679 175679 175679 175679 175679 175679 175679 175679 175679 175679 175679 175679 175679 175679 175679 175679 175679 175679 175679 175679 175679 175679 175679 175679 175679 175679 175679 175679 175679 175679 175679 175679 175679 175679 175679 175679 175679 175679 175679 175679 175679 175679 175679 175679 175679 175679 175679 175679 175679 0 0 0 0 0 0 0 0 0 0 0 0 0 0 0 0 0 0 0 0 0 0 0 0 0
#obs catch bio
 0 91345.8 138201 190319 225026 291042 288282 289386 292696 301982 314671 303977 277584 273198 227551 204838 191134 166100 158299 133729 132300 128325 110811 111725 109145 106369 97169.8 105710 98634.9 96586.7 106926 89508.6 98292.7 91570.1 92611.1 100294 99328.6 100892 92788.5 104586 105334 101785 99387.5 115078 105922 110350 105897 105739 106780 114642 66531.5 72019.7
#pred cpue bio
 3.4517e+006 3.35943e+006 3.27607e+006 3.14692e+006 2.97131e+006 2.77204e+006 2.51883e+006 2.28436e+006 2.06645e+006 1.86145e+006 1.6588e+006 1.45319e+006 1.26745e+006 1.11263e+006 960915 855794 771222 698035 648212 600968 577326 551782 527026 519340 509706 502640 499157 506351 503576 509041 518253 517401 536457 546564 564449 580830 587415 593886 597402 610994 612856 615339 622183 633258 627502 630592 627309 627211 625369 621634 607357 645207 2.36053e+007 1.41035e+007 1.42049e+007 1.50215e+007 1.64808e+007 1.82131e+007 1.99424e+007 2.15137e+007 2.28593e+007 2.39661e+007 2.48512e+007 2.5545e+007 2.60816e+007 2.64928e+007 2.68062e+007 2.70444e+007 2.72254e+007 2.73631e+007 2.7468e+007 2.75483e+007 2.761e+007 2.76576e+007 2.76946e+007 2.77233e+007 2.77459e+007 2.77636e+007 2.77776e+007 2.77886e+007 2.77974e+007 2.78044e+007 2.781e+007 2.78145e+007 2.78182e+007 2.78211e+007 2.78235e+007 2.78254e+007 2.7827e+007 2.78282e+007 2.78293e+007 2.78301e+007 2.78308e+007 2.78313e+007 2.78318e+007 2.78322e+007 2.78325e+007 2.78327e+007 2.78329e+007 2.78331e+007 2.78332e+007 2.78333e+007 2.78334e+007 2.78335e+007 2.78336e+007 2.78336e+007 2.78337e+007 2.78337e+007 2.78337e+007 2.78337e+007 2.78338e+007 2.78338e+007 2.78338e+007 2.78338e+007 2.78338e+007 2.78338e+007 2.78338e+007 2.78338e+007 2.78338e+007 2.78338e+007 2.78338e+007 2.78338e+007 2.78338e+007 2.78338e+007 2.78338e+007 2.78338e+007 2.78338e+007 2.78338e+007 2.78338e+007 2.78338e+007 2.78338e+007 2.78338e+007 2.78338e+007 2.78338e+007 2.78338e+007 2.78338e+007 2.78338e+007 2.78338e+007 2.78338e+007 2.78338e+007 2.78338e+007 2.78338e+007 2.78338e+007 2.78338e+007 2.78338e+007 2.78338e+007 2.78338e+007 2.78338e+007 2.78338e+007 2.78338e+007 2.78338e+007 2.78338e+007 0 0 0 0 0 0 0 0 0 0 0 0 0 0 0 0 0 0 0 0 0 0 0 0 0
#obs cpue bio
 3.06341e+006 3.04735e+006 3.33506e+006 2.382e+006 2.4254e+006 2.2671e+006 2.8675e+006 2.1482e+006 1.56561e+006 1.92922e+006 1.55057e+006 1.03525e+006 1.21355e+006 1.10545e+006 717231 907908 663623 689351 861646 535853 603220 522241 550039 616353 512578 427416 530044 545304 394642 441295 384840 524904 576197 535979 609000 702601 605432 745726 580730 665554 454942 641054 667860 699003 638140 761910 527456 626919 453355 602104 541018 852852
#pred surv len freq
 0.00509774 0.00821495 0.0122491 0.0171463 0.0227748 0.0288598 0.0349481 0.0405052 0.0451117 0.0486032 0.0510548 0.0526644 0.0536458 0.0541768 0.054386 0.054357 0.0541417 0.0537621 0.0531732 0.0521825 0.0503868 0.0472349 0.0422772 0.0355055 0.0275406
 0.00531224 0.00847412 0.0124781 0.0172317 0.0226095 0.028406 0.0342784 0.0397858 0.0445294 0.0482789 0.050998 0.0527923 0.0538467 0.054375 0.0545737 0.0545835 0.0544706 0.0542196 0.0537139 0.052693 0.0507303 0.0473154 0.0420865 0.0351241 0.0270937
 0.00552029 0.00881328 0.0129835 0.017919 0.0234512 0.0293091 0.0350831 0.0403079 0.044639 0.0479714 0.0504022 0.0521035 0.0532299 0.0539048 0.054243 0.0543554 0.0543235 0.0541521 0.0537161 0.0527178 0.050696 0.0471438 0.0417497 0.0346642 0.0266003
 0.00572695 0.00914493 0.0134756 0.018604 0.0243537 0.030434 0.0363959 0.0417141 0.0459788 0.0490463 0.0510339 0.0522031 0.0528352 0.0531592 0.0533263 0.0534138 0.0534387 0.0533509 0.0529918 0.0520427 0.0500289 0.0464466 0.041013 0.0339224 0.0259193
 0.00593489 0.00948164 0.0139803 0.019313 0.0252958 0.0316206 0.0378102 0.0433027 0.0476501 0.050672 0.0524557 0.05325 0.0533616 0.0530927 0.0526988 0.0523517 0.0521125 0.0519159 0.0515516 0.0506456 0.048687 0.0451636 0.0398077 0.0328371 0.0250074
 0.00612388 0.00978937 0.0144449 0.0199722 0.0261814 0.0327503 0.0391766 0.0448666 0.0493418 0.0523978 0.0541033 0.0546901 0.0544529 0.0536989 0.0527213 0.0517643 0.0509777 0.0503682 0.0497545 0.0487477 0.0468014 0.043373 0.0381809 0.0314371 0.023884
 0.00644944 0.0102966 0.0151679 0.02093 0.0273783 0.0341754 0.0408 0.0466357 0.0511826 0.0542219 0.0558156 0.0561928 0.0556446 0.0544742 0.0529777 0.0514209 0.0500032 0.0488033 0.0477143 0.0464005 0.0443354 0.0409684 0.0359931 0.0295841 0.0224341
 0.00678 0.0108204 0.0159308 0.0219646 0.0286977 0.0357649 0.042608 0.0485739 0.0531407 0.0560906 0.057504 0.0576307 0.0567726 0.0552313 0.0532933 0.0512184 0.049217 0.0474072 0.0457487 0.0439859 0.0416618 0.0382641 0.0334819 0.0274443 0.0207671
 0.00705165 0.0112613 0.0165928 0.0228959 0.0299339 0.0373145 0.0444371 0.0505997 0.0552412 0.0581278 0.0593482 0.059178 0.0579502 0.0559917 0.0536005 0.0510342 0.0484973 0.0461159 0.0438875 0.0416261 0.0389605 0.0354499 0.0308099 0.0251359 0.0189582
 0.00733516 0.0117101 0.0172467 0.0237865 0.0310826 0.0387278 0.0460978 0.0524586 0.0572158 0.0601091 0.0612132 0.0608047 0.0592323 0.0568488 0.0539803 0.0509044 0.0478346 0.0449029 0.042127 0.03937 0.0363373 0.032668 0.028124 0.022784 0.0170983
 0.00762182 0.0121716 0.0179327 0.0247393 0.032329 0.0402663 0.0478868 0.0544139 0.0592244 0.0620522 0.0629836 0.0623122 0.0604008 0.0576139 0.0542893 0.0507179 0.0471269 0.0436622 0.0403634 0.0371346 0.033747 0.0299143 0.0254496 0.0204254 0.0152208
 0.00786994 0.0125831 0.0185669 0.0256566 0.0335782 0.0418648 0.0498001 0.0565476 0.0614371 0.064183 0.064882 0.063859 0.061516 0.0582534 0.0544345 0.0503631 0.0462706 0.0423071 0.038527 0.0348696 0.0311636 0.0271907 0.0228123 0.0180989 0.013365
 0.00810858 0.0129662 0.0191356 0.0264492 0.0346265 0.0431876 0.0513909 0.0583638 0.0633953 0.0661645 0.0667467 0.0654644 0.0627396 0.0590091 0.0546779 0.0500852 0.0454836 0.0410345 0.0368037 0.0327559 0.0287657 0.0246714 0.0203765 0.0159495 0.0116479
 0.00832525 0.0133117 0.0196435 0.0271469 0.0355324 0.0443047 0.0527006 0.0598229 0.064941 0.0677224 0.068237 0.0668029 0.0638378 0.0597803 0.0550484 0.0500046 0.0449309 0.0400163 0.0353528 0.030936 0.0266808 0.0224716 0.0182446 0.0140649 0.0101395
 0.00862709 0.0137898 0.0203392 0.0280888 0.0367301 0.0457402 0.0543185 0.06153 0.0666201 0.0692572 0.0695338 0.0678004 0.0645034 0.0600986 0.0550098 0.0495997 0.0441518 0.0388646 0.0338501 0.0291348 0.0246742 0.0203945 0.0162591 0.0123266 0.00875748
 0.00882552 0.0141009 0.0207863 0.028688 0.0374893 0.0466581 0.0553799 0.0627007 0.0678452 0.0704654 0.0706461 0.0687416 0.065212 0.0605325 0.0551457 0.0494266 0.0436648 0.0380639 0.0327478 0.0277673 0.0231143 0.0187537 0.0146738 0.0109292 0.00764144
 0.0089457 0.0142998 0.0210918 0.0291274 0.0380829 0.0474093 0.0562674 0.0636779 0.0688499 0.0714343 0.0715248 0.069486 0.065785 0.0609021 0.0552855 0.0493183 0.0432989 0.0374396 0.031876 0.0266776 0.0218643 0.0174324 0.0133923 0.00979611 0.00673461
 0.00902215 0.0144285 0.0212943 0.0294274 0.0385027 0.0479631 0.0569527 0.0644703 0.0697035 0.0722885 0.072315 0.0701544 0.0662887 0.0612151 0.0553955 0.0492208 0.0429928 0.0369274 0.0311671 0.0257961 0.0208561 0.0163685 0.0123609 0.00888406 0.00600437
 0.00909239 0.0145258 0.0214104 0.0295471 0.0386121 0.0480611 0.0570585 0.06462 0.0699367 0.0726299 0.0727616 0.0706733 0.0668255 0.0617074 0.055786 0.0494652 0.0430622 0.0368069 0.0308562 0.0253103 0.0202315 0.0156628 0.011647 0.00823507 0.00547487
 0.00925814 0.0147772 0.021754 0.029974 0.0390976 0.0485661 0.0575347 0.0650187 0.0702233 0.0727982 0.0728362 0.0706968 0.0668368 0.061724 0.0557986 0.0494446 0.0429727 0.0366179 0.0305498 0.0248867 0.0197115 0.0150872 0.0110706 0.00771378 0.00505077
 0.00926249 0.0147853 0.0217683 0.0299977 0.039134 0.0486179 0.0576021 0.0650985 0.070309 0.0728826 0.0729161 0.0707772 0.0669308 0.0618462 0.055954 0.0496208 0.0431388 0.0367331 0.0305764 0.0248025 0.0195171 0.0148075 0.0107479 0.00739607 0.00477794
 0.00933745 0.0148972 0.0219182 0.0301799 0.0393377 0.0488299 0.0578086 0.0652861 0.0704649 0.0729955 0.0729781 0.0707867 0.0668939 0.0617775 0.0558733 0.0495453 0.0430752 0.0366726 0.0304983 0.024684 0.0193454 0.0145874 0.0105017 0.00715485 0.00457018
 0.00951415 0.0151589 0.0222641 0.0305918 0.0397841 0.0492736 0.0582133 0.0656197 0.0707025 0.073122 0.0729904 0.0706932 0.066712 0.0615301 0.0555864 0.0492452 0.0427839 0.0364032 0.030252 0.0244523 0.0191176 0.014359 0.0102786 0.00695122 0.00440098
 0.00960618 0.0152928 0.0224364 0.0307882 0.0399829 0.0494514 0.0583506 0.0657044 0.0707318 0.0731027 0.0729372 0.070623 0.0666387 0.0614604 0.0555205 0.0491804 0.0427177 0.0363344 0.0301792 0.0243722 0.0190262 0.0142548 0.0101658 0.00683964 0.00430233
 0.0096946 0.0154346 0.0226452 0.0310726 0.0403417 0.0498673 0.0587865 0.0661071 0.0710445 0.0732826 0.0729679 0.0705164 0.0664273 0.0611847 0.0552179 0.0488787 0.0424338 0.0360764 0.0299491 0.0241689 0.0188466 0.0140961 0.0100272 0.0067227 0.00420949
 0.00968597 0.0154316 0.0226612 0.0311277 0.0404578 0.0500609 0.0590602 0.0664446 0.071411 0.0736304 0.0732465 0.0706853 0.0664663 0.0610987 0.055033 0.048632 0.0421619 0.0358079 0.0297015 0.0239503 0.0186589 0.0139381 0.00989724 0.00661946 0.00413169
 0.00964678 0.0153704 0.0225747 0.0310171 0.0403312 0.0499361 0.0589651 0.0664124 0.0714697 0.0737901 0.0734917 0.0709767 0.0667519 0.06133 0.0551784 0.0486832 0.0421318 0.0357211 0.0295851 0.0238259 0.0185407 0.0138334 0.00980915 0.00654896 0.00407853
 0.00960317 0.0152893 0.0224343 0.0307927 0.0400039 0.0495049 0.0584583 0.0658888 0.0710078 0.0734681 0.0733665 0.0710689 0.0670413 0.0617614 0.0556772 0.049176 0.0425632 0.0360627 0.0298331 0.0239924 0.0186439 0.0138913 0.00983661 0.00655746 0.00407681
 0.00972996 0.0154774 0.0226825 0.0310848 0.0403084 0.0497784 0.0586512 0.0659555 0.0709212 0.0732336 0.0730271 0.0706947 0.0667069 0.0615218 0.0555528 0.0491521 0.0426027 0.0361233 0.0298826 0.0240156 0.0186406 0.0138697 0.00980693 0.00652791 0.00405216
 0.00972943 0.0154823 0.0227003 0.0311249 0.0403784 0.0498785 0.0587692 0.0660661 0.0709918 0.0732343 0.0729424 0.0705318 0.0664969 0.0613117 0.05539 0.0490673 0.0426006 0.0361843 0.0299743 0.024107 0.0187118 0.0139143 0.00982833 0.00653379 0.00405013
 0.00957245 0.0152554 0.0224116 0.0308013 0.0400597 0.0496062 0.0585764 0.065972 0.0709985 0.0733268 0.073091 0.0707 0.0666531 0.0614398 0.0554938 0.0491651 0.0427127 0.0363212 0.030131 0.0242666 0.0188547 0.0140268 0.00990644 0.00658161 0.00407585
 0.00953491 0.0151934 0.0223175 0.0306699 0.0398926 0.0494166 0.0583915 0.065828 0.0709289 0.0733485 0.0731962 0.0708591 0.066826 0.0615904 0.0556008 0.0492267 0.0427432 0.0363416 0.0301585 0.0243075 0.0189046 0.0140762 0.00994673 0.00660921 0.00409175
 0.00936046 0.0149156 0.0219113 0.0301183 0.0391932 0.0485907 0.0574923 0.0649417 0.0701621 0.0728048 0.0729503 0.0709384 0.0672051 0.0621995 0.056346 0.0500142 0.0434994 0.0370219 0.0307438 0.024795 0.0192979 0.0143806 0.0101695 0.00676107 0.00418691
 0.00923867 0.0147322 0.0216616 0.0298053 0.0388238 0.0481703 0.0570242 0.0644324 0.0696309 0.0722912 0.0725134 0.0706458 0.0671133 0.062335 0.0566946 0.0505246 0.0440992 0.037638 0.0313191 0.0252945 0.0197066 0.0146973 0.0104011 0.00691955 0.00428726
 0.00907133 0.0144669 0.021276 0.0292863 0.0381726 0.0474097 0.0562026 0.0636194 0.0689019 0.0717086 0.0721162 0.0704525 0.0671315 0.0625669 0.0571332 0.0511444 0.0448509 0.0384536 0.0321254 0.0260287 0.0203271 0.0151861 0.0107604 0.00716516 0.00444257
 0.0089973 0.0143396 0.0210716 0.0289782 0.0377374 0.0468373 0.0555062 0.0628408 0.0681078 0.0709779 0.0715242 0.0700567 0.0669641 0.0626347 0.0574231 0.0516294 0.0454914 0.0391968 0.0329076 0.0267838 0.0209983 0.0157364 0.0111765 0.00745489 0.00462789
 0.00896871 0.0142995 0.0210217 0.0289209 0.0376709 0.0467494 0.0553724 0.0626302 0.0677961 0.0705631 0.0710354 0.0695506 0.0665113 0.0623018 0.0572578 0.0516532 0.0456992 0.03956 0.0333791 0.0273051 0.0215095 0.016188 0.0115378 0.00771744 0.00480099
 0.00903016 0.0143783 0.0211019 0.028976 0.0376723 0.0466791 0.0552309 0.0624338 0.0675648 0.0703077 0.0707552 0.069243 0.066186 0.0619885 0.0570022 0.051503 0.0456881 0.0396971 0.0336461 0.0276612 0.0219019 0.0165642 0.0118583 0.00796177 0.00496826
 0.00918082 0.0146021 0.0213983 0.0293274 0.0380455 0.0470292 0.0555082 0.0625928 0.0675751 0.0701639 0.0704774 0.0688673 0.0657516 0.0615312 0.0565561 0.051105 0.0453768 0.0395044 0.033586 0.0277235 0.022054 0.0167615 0.0120573 0.00813116 0.00509352
 0.00916309 0.0145856 0.0213958 0.0293571 0.0381242 0.0471629 0.0556839 0.0627781 0.0677272 0.0702433 0.0704604 0.0687519 0.0655557 0.0612844 0.0562913 0.0508532 0.0451663 0.03936 0.0335255 0.0277513 0.0221572 0.0169123 0.0122215 0.00827934 0.00520836
 0.00909681 0.0145019 0.0213144 0.0293121 0.0381557 0.047303 0.0559429 0.0631381 0.0681436 0.0706536 0.0707974 0.0689587 0.0655996 0.0611645 0.0560367 0.0505127 0.0447957 0.0390112 0.0332388 0.027551 0.0220489 0.0168833 0.0122468 0.00833043 0.00526212
 0.00909151 0.0144824 0.0212668 0.0292209 0.0380135 0.0471222 0.0557626 0.0630163 0.0681366 0.0707899 0.0710621 0.069297 0.0659357 0.0614273 0.0561801 0.0505256 0.0446995 0.0388484 0.0330583 0.0273945 0.021942 0.0168327 0.0122428 0.00835486 0.00529639
 0.00911318 0.0145091 0.0212905 0.0292272 0.0379835 0.0470376 0.055613 0.0628077 0.0678968 0.0705677 0.0709153 0.0692708 0.066042 0.061637 0.0564341 0.0507589 0.044865 0.0389303 0.0330703 0.0273673 0.0219077 0.016813 0.012245 0.0083741 0.00532284
 0.00891774 0.0142333 0.0209523 0.0288685 0.037656 0.0467816 0.0554417 0.0627058 0.067835 0.0705223 0.0708827 0.0692703 0.0661055 0.0617904 0.0566802 0.051071 0.0451959 0.0392317 0.0333108 0.0275397 0.0220241 0.016893 0.012305 0.00842283 0.00536233
 0.00885838 0.0141378 0.0208122 0.028681 0.0374301 0.0465431 0.0552332 0.0625756 0.0678161 0.0706135 0.0710459 0.0694493 0.0662547 0.0618946 0.0567538 0.0511406 0.0452794 0.0393282 0.0334055 0.0276166 0.022076 0.0169233 0.0123224 0.00843527 0.00537349
 0.00879434 0.0140298 0.0206428 0.0284325 0.0370895 0.0461108 0.0547317 0.0620535 0.0673423 0.0702616 0.0708724 0.0694753 0.0664589 0.062224 0.0571464 0.0515466 0.04567 0.0396903 0.0337312 0.0278977 0.0223051 0.0170981 0.0124476 0.00851987 0.00542795
 0.00875953 0.0139792 0.020577 0.0283535 0.0369974 0.0459997 0.0545884 0.0618629 0.0670977 0.0699756 0.0705812 0.0692308 0.0663118 0.0622047 0.0572544 0.0517537 0.0459349 0.0399735 0.0340039 0.0281416 0.0225101 0.0172598 0.0125667 0.0086016 0.00548021
 0.00878289 0.0140018 0.020583 0.0283201 0.0369024 0.0458322 0.054356 0.0615901 0.0668149 0.0697069 0.0703407 0.0690278 0.0661599 0.0621245 0.0572666 0.0518674 0.0461397 0.0402413 0.0342981 0.0284281 0.0227639 0.0174669 0.0127231 0.00871088 0.0055507
 0.00875477 0.0139681 0.0205533 0.0283079 0.0369173 0.0458707 0.0543969 0.0615999 0.0667629 0.0695812 0.0701532 0.0688082 0.0659426 0.0619398 0.0571381 0.051812 0.0461657 0.0403445 0.0344608 0.0286227 0.0229609 0.0176428 0.0128641 0.00881329 0.00561835
 0.00856289 0.013694 0.0202116 0.0279374 0.0365725 0.0456045 0.0542453 0.0615729 0.0668435 0.0697306 0.0703227 0.0689548 0.0660429 0.0619947 0.0571677 0.0518444 0.046226 0.0404477 0.034608 0.0288022 0.0231519 0.0178227 0.0130154 0.00892768 0.00569618
 0.0081743 0.0131287 0.0194853 0.0271108 0.0357382 0.0448639 0.0536863 0.061257 0.0667979 0.0699429 0.0707407 0.0694972 0.0666206 0.0625341 0.057627 0.0522162 0.0465283 0.0407085 0.0348512 0.029039 0.02338 0.0180306 0.0131904 0.00906178 0.00578911
 0.00736203 0.0118652 0.0176952 0.0247758 0.0329155 0.0417042 0.0504462 0.0582794 0.0644468 0.0685106 0.0703728 0.0701689 0.0681644 0.0646976 0.060135 0.0548223 0.0490458 0.0430185 0.0368912 0.0307828 0.024821 0.0191733 0.0140505 0.00966876 0.00618625
#obs surv len freq
 nan nan nan nan nan nan nan nan nan nan nan nan nan nan nan nan nan nan nan nan nan nan nan nan nan
 0.0044791 0.00733798 0.0111658 0.0159809 0.0216816 0.0279582 0.0342742 0.0400076 0.0446893 0.048155 0.0505146 0.052012 0.0529056 0.0534191 0.0537343 0.0539899 0.054269 0.0545621 0.054701 0.054293 0.0527309 0.0493627 0.0438117 0.0362908 0.0276734
 0.0046133 0.00755639 0.0114947 0.016444 0.0222945 0.0287199 0.0351579 0.0409581 0.04563 0.0490021 0.0511929 0.052466 0.0531061 0.0533637 0.0534438 0.0535006 0.0536237 0.0538033 0.0538674 0.0534213 0.0518595 0.0485342 0.0430705 0.0356742 0.0272021
 0.00478026 0.00782943 0.0119085 0.0170317 0.0230808 0.0297105 0.0363281 0.0422485 0.0469531 0.0502571 0.052281 0.0533019 0.0536255 0.0535294 0.0532482 0.0529649 0.0527918 0.0527333 0.0526247 0.0520754 0.0504853 0.0472116 0.041879 0.0346795 0.0264405
 0.00496429 0.00813221 0.0123709 0.0176943 0.023976 0.03085 0.0376902 0.0437727 0.0485471 0.0518129 0.05369 0.0544652 0.0544594 0.0539695 0.0532551 0.0525276 0.05193 0.0514957 0.0510858 0.0503311 0.0486497 0.045411 0.0402381 0.0333005 0.0253806
 0.00518093 0.00848627 0.0129074 0.0184566 0.0249984 0.0321448 0.0392341 0.0455015 0.0503631 0.0536017 0.055337 0.0558655 0.0555223 0.0546205 0.0534374 0.0522062 0.0510965 0.0501745 0.0493393 0.0482633 0.0464037 0.0431582 0.0381545 0.0315325 0.0240138
 0.00540569 0.00885324 0.0134628 0.019245 0.0260546 0.0334815 0.0408284 0.0472895 0.0522483 0.0554725 0.0570825 0.0573844 0.0567252 0.0554294 0.0537864 0.052043 0.0503879 0.0489164 0.0475694 0.0460737 0.0439456 0.0406311 0.0357749 0.0294883 0.0224202
 0.00564752 0.00925008 0.0140669 0.020107 0.0272138 0.03495 0.0425754 0.0492364 0.054281 0.0574641 0.0589145 0.058957 0.0579578 0.0562569 0.0541534 0.0519012 0.0496982 0.0476579 0.0457577 0.0437818 0.0413185 0.0378807 0.0331459 0.0272032 0.0206233
 0.00589958 0.00966147 0.0146892 0.0209897 0.0283954 0.0364436 0.0443532 0.0512236 0.0563645 0.0595134 0.0608025 0.0605742 0.0592175 0.0570945 0.0545212 0.0517613 0.0490184 0.0464163 0.043959 0.0414824 0.0386494 0.0350495 0.030407 0.0247977 0.0187156
 0.00613465 0.0100505 0.0152872 0.0218522 0.0295668 0.0379398 0.0461441 0.0532272 0.0584606 0.0615674 0.0626874 0.0621828 0.0604651 0.0579178 0.0548743 0.0516109 0.0483391 0.0451918 0.0421938 0.0392253 0.0360183 0.0322402 0.0276684 0.0223742 0.0167802
 0.00636268 0.0104262 0.0158623 0.0226785 0.0306871 0.039372 0.0478651 0.0551652 0.0605038 0.0635837 0.0645462 0.0637696 0.0616899 0.0587161 0.0552038 0.0514451 0.0476606 0.0439919 0.0404815 0.0370474 0.0334836 0.0295303 0.0250182 0.0200188 0.0148905
 0.00661835 0.0108394 0.0164797 0.0235421 0.0318269 0.0407943 0.0495393 0.0570194 0.0624328 0.065468 0.0662696 0.0652304 0.0628058 0.0594256 0.0554655 0.051234 0.0469642 0.0428078 0.0388241 0.0349643 0.0310768 0.0269668 0.0225137 0.0177913 0.0130998
 0.00683471 0.0111996 0.0170368 0.0243496 0.0329259 0.0421947 0.0512024 0.0588547 0.0643148 0.0672646 0.0678663 0.0665404 0.0637685 0.0600004 0.055626 0.0509639 0.0462547 0.0416594 0.0372528 0.0330165 0.0288466 0.0246052 0.0202143 0.015749 0.0114584
 0.00707183 0.0115834 0.0176116 0.025156 0.033994 0.043532 0.0527803 0.0606014 0.0661213 0.0690026 0.0694095 0.0677836 0.0646382 0.0604575 0.0556596 0.0505803 0.0454673 0.0404847 0.0357159 0.0311648 0.0267667 0.0224313 0.0181161 0.013896 0.00997412
 0.00727564 0.0119222 0.0181347 0.0259123 0.0350202 0.0448352 0.0543213 0.0622924 0.0678417 0.0706251 0.0708224 0.0689003 0.0653982 0.0608247 0.0556207 0.0501419 0.0446501 0.039318 0.0342376 0.0294289 0.0248561 0.0204649 0.0162394 0.0122519 0.00866438
 0.00742577 0.0121686 0.0185105 0.0264512 0.0357515 0.0457747 0.0554606 0.0635905 0.0692267 0.0720035 0.0720927 0.0699674 0.0661851 0.0612793 0.0557164 0.0498738 0.0440305 0.0383725 0.033005 0.027965 0.0232409 0.0188053 0.0146605 0.0108731 0.00756904
 0.0075222 0.0123257 0.018748 0.0267886 0.0362058 0.046356 0.0561674 0.0644069 0.0701232 0.0729398 0.0730198 0.0708285 0.0669176 0.0618203 0.0560116 0.0498851 0.0437401 0.037784 0.0321432 0.0268773 0.0219993 0.0175054 0.0134115 0.00977681 0.00669589
 0.00759984 0.0124489 0.0189279 0.027034 0.0365224 0.0467452 0.0566244 0.0649202 0.0706766 0.0735151 0.0735984 0.0713897 0.0674347 0.062258 0.0563267 0.0500314 0.0436777 0.0374879 0.0316112 0.026135 0.0211016 0.0165324 0.0124568 0.00892854 0.00601547
 0.00765992 0.0125405 0.0190545 0.0271953 0.0367152 0.0469651 0.0568669 0.0651815 0.0709538 0.0738067 0.0739039 0.0717073 0.0677582 0.0625724 0.0566059 0.0502389 0.0437707 0.037427 0.0313708 0.0257144 0.0205302 0.0158687 0.0117768 0.00830728 0.00550821
 0.00770751 0.0126145 0.0191595 0.0273325 0.0368821 0.0471544 0.0570668 0.0653778 0.0711337 0.0739645 0.0740427 0.0718373 0.0678909 0.0627143 0.0567527 0.0503734 0.0438638 0.0374425 0.0312759 0.0254904 0.0201835 0.0154331 0.0113068 0.00786281 0.00513664
 0.00776596 0.0127001 0.0192709 0.0274625 0.03702 0.0472896 0.0571915 0.0654874 0.0712262 0.0740392 0.0741013 0.071884 0.0679332 0.0627606 0.0568087 0.0504371 0.0439226 0.0374734 0.0312505 0.0253853 0.0199905 0.015166 0.0109997 0.00755912 0.00487456
 0.00782212 0.0127869 0.0193926 0.027619 0.0372048 0.0474897 0.0573872 0.0656555 0.0713464 0.0741011 0.0741076 0.0718485 0.0678742 0.0626957 0.0567509 0.050393 0.0438907 0.0374434 0.0312047 0.0253041 0.0198609 0.0149891 0.0107927 0.00734944 0.0046895
 0.0078568 0.0128414 0.019471 0.0277233 0.0373347 0.0476411 0.0575509 0.0658173 0.0714886 0.0742069 0.0741649 0.0718542 0.0678345 0.0626244 0.0566648 0.050307 0.0438139 0.0373764 0.0311403 0.02523 0.0197657 0.0148687 0.0106538 0.00720743 0.00456208
 0.00788492 0.012882 0.0195227 0.0277821 0.0373951 0.0476989 0.057605 0.0658691 0.0715402 0.0742583 0.0742131 0.0718928 0.067857 0.0626263 0.0566466 0.0502739 0.0437731 0.0373337 0.0310968 0.0251818 0.0197066 0.0147952 0.0105678 0.00711759 0.0044794
 0.0078956 0.0128994 0.0195486 0.0278175 0.0374394 0.0477487 0.0576541 0.0659101 0.0715676 0.0742714 0.0742163 0.0718931 0.0678592 0.062631 0.0566505 0.0502728 0.0437645 0.0373174 0.0310737 0.0251521 0.019669 0.0147484 0.0105134 0.00706027 0.00442593
 0.00790559 0.0129095 0.0195528 0.0278071 0.0374062 0.0476896 0.0575742 0.0658222 0.0714876 0.0742126 0.0741861 0.0718929 0.0678868 0.0626818 0.056718 0.0503487 0.0438399 0.0373846 0.0311272 0.0251887 0.0196878 0.0147502 0.0105009 0.00703831 0.00440061
 0.00786847 0.0128541 0.0194783 0.0277153 0.0373002 0.0475719 0.0574467 0.0656881 0.0713543 0.0740934 0.0740984 0.0718527 0.067903 0.0627536 0.0568354 0.0504963 0.0440004 0.037542 0.0312688 0.0253058 0.0197761 0.0148093 0.0105343 0.00705183 0.0044014
 0.00789263 0.012882 0.0194997 0.0277145 0.0372613 0.0474864 0.0573191 0.0655347 0.0711971 0.0739515 0.073984 0.0717724 0.0678612 0.0627538 0.0568788 0.0505791 0.0441132 0.037671 0.0313988 0.0254238 0.0198728 0.0148807 0.0105809 0.00707776 0.00441268
 0.0078898 0.01288 0.0195007 0.0277204 0.0372706 0.0474917 0.0573065 0.0654884 0.0711072 0.0738219 0.0738332 0.071627 0.0677462 0.0626852 0.0568624 0.0506123 0.0441877 0.0377746 0.031517 0.0255418 0.0199781 0.0149651 0.0106415 0.00711643 0.00443418
 0.00786026 0.0128315 0.0194275 0.0276179 0.0371382 0.0473353 0.0571391 0.0653279 0.0709702 0.0737174 0.0737618 0.0715851 0.0677322 0.0627021 0.0569152 0.0507037 0.0443146 0.0379279 0.0316834 0.0257062 0.0201269 0.0150883 0.0107344 0.00717994 0.00447326
 0.00784922 0.0128112 0.0193926 0.0275619 0.037055 0.0472213 0.0569967 0.0651663 0.0708053 0.0735677 0.0736441 0.0715102 0.0677028 0.0627151 0.056965 0.0507853 0.0444241 0.0380604 0.0318308 0.0258574 0.0202693 0.0152111 0.0108309 0.00724879 0.00451757
 0.00784361 0.0127965 0.0193602 0.0275005 0.0369536 0.047074 0.0568067 0.0649474 0.0705786 0.0733577 0.0734733 0.071396 0.0676551 0.062735 0.0570458 0.0509147 0.0445878 0.0382447 0.0320232 0.026046 0.0204429 0.0153599 0.0109488 0.00733422 0.00457387
 0.00781986 0.0127613 0.019313 0.0274422 0.0368844 0.046992 0.0567072 0.0648253 0.0704327 0.0731946 0.0733083 0.0712502 0.0675497 0.0626858 0.0570595 0.0509887 0.0447117 0.0384037 0.0322008 0.0262266 0.0206125 0.0155077 0.0110676 0.0074219 0.00463279
 0.0077766 0.0126907 0.0192069 0.0272942 0.0366926 0.0467626 0.0564565 0.0645777 0.0702138 0.0730231 0.0731925 0.0711899 0.0675419 0.0627285 0.0571522 0.0511298 0.0448954 0.0386189 0.0324323 0.0264571 0.0208261 0.0156915 0.0112143 0.00752964 0.0047052
 0.00773907 0.0126276 0.019108 0.027149 0.0364932 0.0465078 0.0561564 0.0642547 0.0699 0.0727532 0.0729958 0.071084 0.0675303 0.0628032 0.0572983 0.051331 0.0451364 0.0388852 0.0327088 0.0267279 0.0210751 0.0159055 0.0113849 0.0076551 0.00478967
 0.00771523 0.0125887 0.0190492 0.0270651 0.036379 0.0463594 0.0559724 0.0640388 0.0696624 0.0725113 0.0727727 0.070905 0.0674179 0.0627711 0.057349 0.0514562 0.0453207 0.0391099 0.0329549 0.0269766 0.0213092 0.0161106 0.0115512 0.00777916 0.00487427
 0.00768499 0.0125389 0.0189731 0.0269565 0.0362338 0.0461779 0.0557613 0.0638111 0.0694344 0.0722992 0.0725902 0.0707635 0.0673279 0.0627424 0.0573886 0.0515653 0.0454927 0.0393306 0.0332049 0.0272348 0.0215552 0.0163276 0.0117281 0.00791182 0.00496517
 0.00765536 0.012492 0.0189049 0.0268637 0.0361145 0.0460322 0.0555923 0.0636257 0.0692434 0.0721157 0.0724277 0.0706342 0.067241 0.0627045 0.0574045 0.0516371 0.0456192 0.0395053 0.0334151 0.0274627 0.0217808 0.0165325 0.0118987 0.00804175 0.0050553
 0.0076549 0.0124887 0.0188952 0.0268427 0.0360771 0.0459744 0.0555131 0.0635273 0.0691304 0.0719937 0.0723031 0.0705142 0.0671344 0.0626209 0.0573534 0.0516266 0.0456542 0.0395863 0.0335367 0.0276133 0.0219444 0.0166914 0.0120379 0.00815183 0.00513389
 0.00762118 0.0124406 0.0188351 0.0267764 0.0360118 0.0459151 0.0554603 0.0634773 0.0690781 0.0719358 0.0722398 0.0704492 0.0670732 0.0625702 0.0573198 0.051617 0.0456747 0.0396405 0.0336241 0.0277279 0.022075 0.0168237 0.0121579 0.00824964 0.00520541
 0.00761115 0.0124226 0.0188052 0.0267311 0.0359497 0.0458396 0.0553806 0.063406 0.0690261 0.0719072 0.0722297 0.0704473 0.0670695 0.06256 0.057305 0.0516043 0.045673 0.039658 0.0336658 0.0277939 0.0221595 0.0169166 0.0122477 0.00832639 0.00526375
 0.00759554 0.0123994 0.0187741 0.0266928 0.0359052 0.0457893 0.0553244 0.0633449 0.0689637 0.0718503 0.0721866 0.0704237 0.067066 0.0625713 0.0573239 0.0516255 0.0456958 0.0396859 0.0337039 0.0278454 0.0222238 0.0169883 0.0123188 0.00838895 0.00531258
 0.00757534 0.0123665 0.0187248 0.0266242 0.0358165 0.0456834 0.055209 0.0632314 0.0688642 0.0717745 0.0721398 0.0704073 0.0670788 0.0626101 0.057383 0.0516979 0.0457743 0.0397657 0.0337832 0.0279245 0.0223028 0.0170653 0.0123897 0.00844907 0.00535879
 0.0075547 0.0123336 0.0186765 0.026558 0.0357311 0.0455795 0.0550904 0.0631056 0.0687421 0.0716685 0.0720612 0.0703641 0.0670742 0.0626423 0.0574465 0.0517847 0.0458756 0.039873 0.03389 0.0280266 0.0223973 0.0171503 0.0124628 0.00850829 0.00540306
 0.00754421 0.0123148 0.018645 0.0265089 0.0356601 0.0454852 0.0549757 0.0629785 0.0686138 0.0715507 0.0719648 0.0702977 0.0670435 0.0626497 0.0574909 0.0518609 0.0459755 0.0399871 0.0340089 0.0281421 0.0225036 0.0172432 0.0125399 0.00856846 0.00544667
 0.00753793 0.0123055 0.0186324 0.0264928 0.0356398 0.0454586 0.0549395 0.0629288 0.0685488 0.0714723 0.0718792 0.0702146 0.0669736 0.0626027 0.0574731 0.0518746 0.0460189 0.0400545 0.034092 0.028232 0.0225918 0.0173232 0.0126073 0.00862119 0.00548476
 0.00750597 0.0122587 0.0185715 0.026422 0.0355656 0.0453878 0.0548775 0.0628786 0.0685103 0.0714433 0.071856 0.0701943 0.0669562 0.0625915 0.0574736 0.0518926 0.0460578 0.0401141 0.0341682 0.0283178 0.0226789 0.0174039 0.0126759 0.00867474 0.00552307
 0.00750017 0.0122454 0.0185447 0.0263748 0.0354926 0.0452897 0.0547631 0.062764 0.0684136 0.0713775 0.0718252 0.0701936 0.0669759 0.0626222 0.05751 0.0519338 0.046106 0.0401722 0.0342369 0.0283944 0.0227581 0.0174789 0.012741 0.00872618 0.00556009
 0.0075145 0.0122681 0.0185773 0.026417 0.0355415 0.0453382 0.0548005 0.0627783 0.0683968 0.0713298 0.0717557 0.0701166 0.0669046 0.062564 0.0574664 0.0519033 0.0460873 0.0401653 0.0342428 0.028413 0.0227872 0.017514 0.0127764 0.00875733 0.00558423
 0.00751155 0.0122657 0.0185782 0.0264251 0.035561 0.0453712 0.0548456 0.0628293 0.0684435 0.0713607 0.0717619 0.070095 0.0668594 0.0625051 0.0574054 0.0518494 0.0460456 0.0401375 0.0342289 0.0284122 0.0227974 0.0175321 0.0127981 0.00877851 0.00560182
 0.00751155 0.0122657 0.0185782 0.0264251 0.035561 0.0453712 0.0548456 0.0628293 0.0684435 0.0713607 0.0717619 0.070095 0.0668594 0.0625051 0.0574054 0.0518494 0.0460456 0.0401375 0.0342289 0.0284122 0.0227974 0.0175321 0.0127981 0.00877851 0.00560182
 0.00710745 0.0116236 0.0176428 0.0251634 0.0339785 0.0435325 0.0528892 0.0609598 0.0668901 0.070318 0.07134 0.0703024 0.0676173 0.0636801 0.0588444 0.0534081 0.0476049 0.0416092 0.0355535 0.0295541 0.0237399 0.0182736 0.0133504 0.00916436 0.00585241
#pred catch len freq
 0.00436982 0.00691851 0.0100998 0.013839 0.0180898 0.0228135 0.0279094 0.0331805 0.0383703 0.0432266 0.047542 0.0511721 0.0540466 0.0561692 0.0576001 0.058432 0.0587715 0.0587123 0.0582728 0.0572965 0.0553792 0.0519399 0.0464987 0.0390548 0.030295
 0.00455974 0.00715509 0.0103258 0.0139657 0.0180318 0.0225387 0.0274707 0.0327025 0.0379922 0.0430347 0.047535 0.051278 0.0541761 0.0562698 0.057683 0.0585601 0.0590164 0.0591019 0.0587564 0.0577496 0.0556528 0.0519311 0.0462023 0.038563 0.0297477
 0.00476981 0.00748705 0.0108022 0.0145865 0.0187589 0.0232823 0.0280944 0.0330605 0.0379933 0.0426959 0.0469818 0.0506823 0.0536723 0.0559081 0.0574441 0.0584067 0.0589338 0.0590968 0.0588228 0.0578378 0.0556731 0.0517963 0.04588 0.0380973 0.0292361
 0.00499759 0.00784375 0.0113151 0.0152756 0.0196364 0.0243471 0.0293166 0.0343603 0.0392297 0.0436859 0.0475557 0.0507525 0.0532744 0.0551816 0.0565639 0.0575141 0.058106 0.0583574 0.058163 0.0572267 0.0550642 0.0511447 0.0451712 0.0373654 0.0285512
 0.00522638 0.00820436 0.0118378 0.0159837 0.0205464 0.025467 0.0306397 0.0358559 0.040832 0.0452854 0.0489971 0.051853 0.0538676 0.0551756 0.0559803 0.0564783 0.0567947 0.0569334 0.0567349 0.0558436 0.0537354 0.0498696 0.0439651 0.03627 0.027623
 0.00546829 0.00858458 0.0123869 0.0167247 0.0214952 0.0266319 0.0320162 0.0374195 0.0425335 0.0470476 0.0507132 0.0533867 0.05506 0.0558685 0.0560545 0.0558958 0.0556176 0.0553053 0.0548329 0.0538295 0.0517317 0.0479649 0.0422324 0.0347764 0.0264222
 0.00580688 0.00910428 0.0131132 0.0176648 0.0226433 0.0279761 0.0335397 0.0390952 0.0443169 0.0488733 0.0524948 0.0550185 0.0564201 0.0568239 0.0564746 0.0556762 0.0547124 0.0537524 0.0527552 0.0514094 0.0491732 0.0454618 0.03995 0.0328399 0.0249042
 0.00616038 0.00965333 0.0138923 0.0186906 0.0239153 0.0294769 0.0352332 0.0409244 0.0462079 0.0507441 0.0542634 0.0566044 0.0577407 0.057789 0.0569847 0.0556299 0.0540259 0.0523899 0.0507579 0.0489083 0.0463757 0.0426165 0.0372996 0.030577 0.0231387
 0.00647066 0.0101427 0.0146017 0.019651 0.0251455 0.0309799 0.0369873 0.042875 0.0482666 0.0527985 0.0561927 0.0582959 0.0591007 0.0587438 0.0574726 0.0555903 0.0533968 0.0511234 0.0488516 0.0464392 0.0435164 0.0396179 0.0344415 0.0281021 0.0211965
 0.00681241 0.0106715 0.0153492 0.0206334 0.0263676 0.0324391 0.038671 0.0447517 0.0502767 0.0548507 0.0581697 0.0600678 0.0605436 0.0597563 0.0579819 0.0555469 0.0527644 0.0498759 0.0469884 0.0440162 0.0406755 0.0365903 0.0315097 0.0255301 0.0191602
 0.00718015 0.0112453 0.0161685 0.0217206 0.0277272 0.0340562 0.0405076 0.0467431 0.0523357 0.0568779 0.0600629 0.0617271 0.0618731 0.0606685 0.0584034 0.0554225 0.0520578 0.0485694 0.045091 0.0415843 0.0378391 0.0335632 0.0285625 0.022927 0.017086
 0.00749591 0.0117483 0.0169073 0.0227355 0.0290461 0.0356861 0.0424217 0.0488714 0.0545669 0.0590737 0.0620786 0.0634321 0.0631654 0.0614785 0.0586892 0.0551604 0.0512339 0.0471797 0.0431518 0.039153 0.0350388 0.0305926 0.0256749 0.0203731 0.0150454
 0.00778211 0.0121961 0.0175504 0.0235988 0.0301477 0.0370386 0.0440255 0.0507027 0.0565656 0.0611379 0.0640718 0.0652016 0.0645679 0.0624035 0.0590703 0.0549712 0.0504759 0.0458709 0.0413266 0.0368774 0.032431 0.0278353 0.0229977 0.0180042 0.0131495
 0.00809504 0.0126796 0.0182318 0.0244891 0.0312439 0.0383269 0.0454815 0.0522888 0.0582296 0.0628147 0.065684 0.0666589 0.0657703 0.0632501 0.0594738 0.0548719 0.0498471 0.0447184 0.0396867 0.034821 0.0300757 0.0253503 0.0205897 0.0158755 0.0114458
 0.00839517 0.0131477 0.0189001 0.0253755 0.0323513 0.0396417 0.0469686 0.053888 0.059859 0.0643819 0.0670993 0.0678458 0.066668 0.0638113 0.0596596 0.0546492 0.0491923 0.0436246 0.038174 0.0329477 0.0279467 0.0231185 0.0184384 0.0139816 0.00993418
 0.00862346 0.0134993 0.0193937 0.0260187 0.0331438 0.0405789 0.0480409 0.0550743 0.0611199 0.0656567 0.0683107 0.0689104 0.0675097 0.0643715 0.0598994 0.0545452 0.0487307 0.0428004 0.0369982 0.0314607 0.0262309 0.0213008 0.0166742 0.0124217 0.00868591
 0.00878274 0.0137523 0.0197635 0.0265231 0.0337925 0.0413698 0.0489556 0.056077 0.0621618 0.0666842 0.069271 0.0697525 0.0681845 0.0648329 0.0601088 0.0544752 0.0483659 0.0421373 0.036048 0.0302565 0.0248384 0.0198215 0.0152348 0.0111464 0.0076638
 0.00883879 0.0138481 0.0199173 0.0267569 0.0341303 0.0418325 0.0495541 0.0568047 0.0629906 0.067565 0.0701404 0.0705442 0.0688394 0.0653063 0.0603705 0.0545055 0.0481532 0.0416775 0.0353485 0.0293436 0.0237647 0.0186687 0.0141049 0.0101401 0.00685412
 0.00893755 0.0139885 0.0200924 0.0269501 0.034324 0.0420205 0.0497491 0.0570366 0.0632938 0.0679621 0.070629 0.0710935 0.0693969 0.0658096 0.0607604 0.0547348 0.0481898 0.0415045 0.0349644 0.0287655 0.023033 0.0178487 0.0132793 0.0093916 0.00624458
 0.00904101 0.0141447 0.0203044 0.0272113 0.0346182 0.0423239 0.0500347 0.0572808 0.0634857 0.0681104 0.0707608 0.0712414 0.0695816 0.0660267 0.0609794 0.0549088 0.048269 0.0414489 0.0347516 0.0283953 0.0225301 0.0172616 0.0126729 0.00883263 0.00578418
 0.00906813 0.0141865 0.0203629 0.0272872 0.0347106 0.0424305 0.0501511 0.0573997 0.0635978 0.0682072 0.07084 0.0713113 0.06966 0.0661333 0.0611224 0.0550758 0.0484265 0.0415514 0.0347567 0.0282778 0.0222908 0.0169285 0.012294 0.00846237 0.00546757
 0.0091574 0.0143189 0.0205385 0.0274977 0.0349421 0.0426671 0.0503781 0.0576041 0.0637676 0.0683315 0.0709104 0.071325 0.0696227 0.0660601 0.0610349 0.0549933 0.0483563 0.0414839 0.0346683 0.0281427 0.0220945 0.0166767 0.0120122 0.0081863 0.0052298
 0.0092721 0.0144869 0.0207571 0.0277527 0.0352116 0.0429288 0.0506146 0.0578039 0.0639234 0.0684384 0.0709648 0.071325 0.0695694 0.0659593 0.0608982 0.0548365 0.0481952 0.0413276 0.0345155 0.0279831 0.0219169 0.016478 0.0118018 0.0079837 0.00505543
 0.00938206 0.0146469 0.020963 0.0279876 0.03545 0.0431438 0.0507839 0.0579139 0.0639707 0.0684295 0.0709143 0.0712501 0.0694844 0.0658721 0.0608104 0.0547471 0.0481034 0.0412337 0.0344186 0.0278801 0.0218031 0.0163516 0.0116674 0.00785226 0.00494005
 0.00947251 0.0147892 0.0211674 0.0282588 0.0357838 0.0435235 0.051178 0.0582786 0.0642589 0.0686042 0.0709586 0.0711707 0.0693066 0.0656303 0.0605381 0.0544705 0.0478389 0.0409896 0.0341976 0.0276813 0.0216238 0.0161894 0.0115226 0.00772751 0.00483941
 0.00945718 0.0147751 0.0211666 0.0282902 0.0358698 0.043683 0.0514186 0.0585907 0.064614 0.0689577 0.0712589 0.071372 0.0693822 0.065579 0.0603822 0.0542457 0.0475824 0.0407308 0.0339553 0.0274643 0.0214348 0.0160279 0.0113874 0.00761834 0.0047559
 0.00936466 0.0146358 0.0209788 0.0280622 0.035621 0.0434433 0.0512268 0.0584888 0.0646364 0.069118 0.0715413 0.0717325 0.0697596 0.0659131 0.0606302 0.0543906 0.0476318 0.0407083 0.0338886 0.0273771 0.021343 0.0159406 0.0113097 0.00755304 0.00470458
 0.00936023 0.0146157 0.0209248 0.0279501 0.0354274 0.0431574 0.0508608 0.0580821 0.0642499 0.0688206 0.0713917 0.0717626 0.0699641 0.06625 0.0610336 0.0547909 0.0479757 0.0409682 0.034062 0.0274779 0.021391 0.0159545 0.0113039 0.00753784 0.00468705
 0.00944731 0.0147433 0.0210899 0.0281377 0.0356115 0.0433035 0.0509313 0.058045 0.0640901 0.0685513 0.0710573 0.0714293 0.0696998 0.0661018 0.0610137 0.0548762 0.0481203 0.0411227 0.0341898 0.0275619 0.0214319 0.015963 0.0112934 0.00751961 0.0046685
 0.00942843 0.0147201 0.0210685 0.028128 0.0356233 0.043341 0.050988 0.0581023 0.064121 0.0685287 0.0709654 0.071273 0.0695079 0.0659204 0.0608895 0.0548394 0.0481728 0.0412403 0.0343348 0.0276989 0.0215385 0.0160326 0.0113309 0.00753496 0.00467147
 0.00931546 0.014559 0.0208683 0.0279122 0.035424 0.0431895 0.0509058 0.058096 0.0641825 0.0686366 0.0710896 0.0713817 0.0695781 0.0659466 0.0608866 0.0548355 0.0481961 0.0413054 0.034437 0.0278189 0.0216531 0.0161249 0.0113944 0.00757245 0.00469019
