SBPRF35
7.81425
Curr Bio
545026
B35
554256
F35
0.212843
FOFL
0.212843
OFL
95020.9
Bzero
2.23264e+006
#pred survey bio
 3.61605e+006 3.45111e+006 3.38257e+006 3.1534e+006 2.89175e+006 2.63027e+006 2.34329e+006 2.17107e+006 2.07461e+006 1.94225e+006 1.73899e+006 1.51297e+006 1.29708e+006 1.12173e+006 984122 875364 766252 723887 697399 700106 674838 594660 552125 539023 538680 543959 542144 520782 495226 498443 506289 520564 537426 557723 579593 568095 579890 602825 552470 530868 530051 552165 579305 604300 622042 551926 545599 567773 556606 583565 597994 578546 552500 1.33488e+007 1.21635e+007 1.24006e+007 1.3022e+007 1.38301e+007 1.46526e+007 1.53892e+007 1.59989e+007 1.64783e+007 1.68425e+007 1.7113e+007 1.7311e+007 1.7455e+007 1.75592e+007 1.76346e+007 1.76894e+007 1.77294e+007 1.77587e+007 1.77803e+007 1.77963e+007 1.78083e+007 1.78172e+007 1.7824e+007 1.78291e+007 1.7833e+007 1.78359e+007 1.78382e+007 1.78399e+007 1.78412e+007 1.78423e+007 1.7843e+007 1.78436e+007 1.78441e+007 1.78445e+007 1.78447e+007 1.7845e+007 1.78451e+007 1.78453e+007 1.78454e+007 1.78454e+007 1.78455e+007 1.78455e+007 1.78456e+007 1.78456e+007 1.78456e+007 1.78456e+007 1.78457e+007 1.78457e+007 1.78457e+007 1.78457e+007 1.78457e+007 1.78457e+007 1.78457e+007 1.78457e+007 1.78457e+007 1.78457e+007 1.78457e+007 1.78457e+007 1.78457e+007 1.78457e+007 1.78457e+007 1.78457e+007 1.78457e+007 1.78457e+007 1.78457e+007 1.78457e+007 1.78457e+007 1.78457e+007 1.78457e+007 1.78457e+007 1.78457e+007 1.78457e+007 1.78457e+007 1.78457e+007 1.78457e+007 1.78457e+007 1.78457e+007 1.78457e+007 1.78457e+007 1.78457e+007 1.78457e+007 1.78457e+007 1.78457e+007 1.78457e+007 1.78457e+007 1.78457e+007 1.78457e+007 1.78457e+007 1.78457e+007 1.78457e+007 1.78457e+007 1.78457e+007 1.78457e+007 1.78457e+007 1.78457e+007 1.78457e+007 1.78457e+007 1.78457e+007 1.78457e+007 1.78457e+007 0 0 0 0 0 0 0 0 0 0 0 0 0 0 0 0 0 0 0 0 0 0 0 0 0
#obs survey bio
 3.86588e+006 2.76493e+006 3.74556e+006 2.98391e+006 2.37551e+006 3.1064e+006 1.93087e+006 2.07433e+006 1.77519e+006 2.1759e+006 1.48269e+006 1.33481e+006 1.14544e+006 1.14411e+006 850089 913660 654533 959279 756878 802318 829692 600964 419946 684781 502862 616548 660701 404544 466620 540128 471244 406768 476845 522900 737043 568368 620192 633390 525109 438182 424827 694015 602413 605471 697963 431325 420798 778596 559532 442600 551418 579727 577576
#pred catch bio
 103020 97220.7 148939 209954 226061 277375 280114 290566 320505 282581 279011 280476 262385 240919 228725 221656 179083 166171 149054 143370 133456 115594 120517 112995 116382 110805 111677 103783 98015 99952.6 106214 98258.3 90888.6 92689.5 94217.9 93469 89473.5 85725.2 81752 85772.6 81462 80109.5 96817.8 86726.4 86423.5 88385 88013.4 91206.4 82938.2 89898.3 95889 116431 61530.4 95020.9 94294.4 94759.1 98460 104076 109893 115036 119187 122338 124628 126241 127349 128096 128592 128919 129131 129268 129356 129413 129449 129472 129486 129495 129501 129505 129507 129508 129509 129510 129510 129510 129510 129511 129511 129511 129511 129511 129511 129511 129511 129511 129511 129511 129511 129511 129511 129511 129511 129511 129511 129511 129511 129511 129511 129511 129511 129511 129511 129511 129511 129511 129511 129511 129511 129511 129511 129511 129511 129511 129511 129511 129511 129511 129511 129511 129511 129511 129511 129511 129511 129511 129511 129511 129511 129511 129511 129511 129511 129511 129511 129511 129511 129511 129511 129511 129511 129511 129511 129511 129511 0 0 0 0 0 0 0 0 0 0 0 0 0 0 0 0 0 0 0 0 0 0 0 0 0
#obs catch bio
 0 96893.9 148944 210372 225798 277548 280148 291149 321952 281786 278717 280521 262459 240820 229004 221556 179321 166136 149646 143449 133044 115314 121025 112880 116825 110741 111669 103522 98157.5 99856.1 106725 98237.3 90743.9 92878.7 93979.9 93650.2 89738.8 85474.7 81700 85891.1 81517.7 79930.5 97215 86730.2 86122.4 88547.6 88248.1 91082.8 82974.2 89943.4 95603.6 117387 61217.7
#pred cpue bio
 3.57669e+006 3.41372e+006 3.34449e+006 3.11614e+006 2.85562e+006 2.59512e+006 2.30937e+006 2.13673e+006 2.03881e+006 1.90566e+006 1.70354e+006 1.47933e+006 1.26544e+006 1.09187e+006 955782 848260 740803 698752 672497 674866 650421 572980 531743 518833 518591 523665 522059 501579 476944 480049 487726 501564 518029 537831 559230 548232 558260 578490 529520 508716 507987 529359 555617 579495 596831 529855 523451 544748 534220 560165 574061 555261 529371 1.28082e+007 1.16732e+007 1.1806e+007 1.23477e+007 1.31376e+007 1.39572e+007 1.46934e+007 1.53031e+007 1.57825e+007 1.61467e+007 1.64171e+007 1.66152e+007 1.67591e+007 1.68634e+007 1.69388e+007 1.69936e+007 1.70336e+007 1.70629e+007 1.70845e+007 1.71005e+007 1.71125e+007 1.71214e+007 1.71282e+007 1.71333e+007 1.71372e+007 1.71401e+007 1.71424e+007 1.71441e+007 1.71454e+007 1.71464e+007 1.71472e+007 1.71478e+007 1.71483e+007 1.71486e+007 1.71489e+007 1.71491e+007 1.71493e+007 1.71494e+007 1.71495e+007 1.71496e+007 1.71497e+007 1.71497e+007 1.71498e+007 1.71498e+007 1.71498e+007 1.71498e+007 1.71498e+007 1.71498e+007 1.71498e+007 1.71499e+007 1.71499e+007 1.71499e+007 1.71499e+007 1.71499e+007 1.71499e+007 1.71499e+007 1.71499e+007 1.71499e+007 1.71499e+007 1.71499e+007 1.71499e+007 1.71499e+007 1.71499e+007 1.71499e+007 1.71499e+007 1.71499e+007 1.71499e+007 1.71499e+007 1.71499e+007 1.71499e+007 1.71499e+007 1.71499e+007 1.71499e+007 1.71499e+007 1.71499e+007 1.71499e+007 1.71499e+007 1.71499e+007 1.71499e+007 1.71499e+007 1.71499e+007 1.71499e+007 1.71499e+007 1.71499e+007 1.71499e+007 1.71499e+007 1.71499e+007 1.71499e+007 1.71499e+007 1.71499e+007 1.71499e+007 1.71499e+007 1.71499e+007 1.71499e+007 1.71499e+007 1.71499e+007 1.71499e+007 1.71499e+007 1.71499e+007 1.71499e+007 0 0 0 0 0 0 0 0 0 0 0 0 0 0 0 0 0 0 0 0 0 0 0 0 0
#obs cpue bio
 3.46254e+006 3.42178e+006 4.11681e+006 2.88281e+006 3.55292e+006 2.44313e+006 2.46535e+006 1.72541e+006 2.22108e+006 2.56146e+006 1.87688e+006 1.63662e+006 1.39249e+006 1.0934e+006 1.00474e+006 964718 692273 604382 438001 715455 704981 523009 522734 493393 433985 548875 446455 748656 384974 520722 383982 792717 618182 447163 649079 394958 429999 924144 463770 583572 596011 483454 425450 575154 817448 482765 559208 603294 384657 796688 770532 418112 572747
#pred surv len freq
 0.00421722 0.00695748 0.0106771 0.0154226 0.0211099 0.0274295 0.0338319 0.0396812 0.0445007 0.0481252 0.0506625 0.0523441 0.0533979 0.0539974 0.0542635 0.0542871 0.0541529 0.0539385 0.0536567 0.0531387 0.0519351 0.0493679 0.0448189 0.0381456 0.0299403
 0.00454127 0.00739068 0.0111587 0.0158453 0.0213581 0.0274353 0.0336128 0.0393312 0.0441374 0.0478291 0.0504489 0.052182 0.0532562 0.053884 0.0542323 0.0544101 0.0544734 0.0544291 0.0542053 0.0535765 0.0521005 0.049178 0.0443083 0.0374487 0.0292267
 0.00457964 0.00752469 0.011485 0.0164776 0.0223736 0.0288055 0.0351647 0.0407828 0.0452065 0.0483525 0.0504346 0.0517675 0.0526172 0.0531625 0.05352 0.0537683 0.0539482 0.0540401 0.0539197 0.0533018 0.051716 0.0485963 0.0435278 0.03656 0.0283674
 0.0047213 0.00772883 0.0117501 0.0168021 0.0227767 0.0293455 0.0359312 0.0418487 0.046556 0.0498354 0.051794 0.0527397 0.0530425 0.0530377 0.0529686 0.0529656 0.0530543 0.0531631 0.0531033 0.0525278 0.0509258 0.0477334 0.0425833 0.0355913 0.0274736
 0.00491075 0.00804559 0.0122405 0.0175079 0.0237201 0.0305112 0.0372601 0.0432546 0.0479601 0.0511886 0.0530612 0.053856 0.053888 0.053465 0.0528721 0.0523396 0.0519965 0.0518267 0.0516335 0.0510199 0.0494219 0.0462506 0.0411515 0.034272 0.0263461
 0.0050812 0.0083287 0.0126785 0.0181461 0.0245997 0.0316556 0.0386582 0.0448492 0.0496512 0.0528534 0.0545827 0.0551434 0.0548756 0.0540933 0.053073 0.0520485 0.0511883 0.0505451 0.0499873 0.0491489 0.0474603 0.044312 0.0393352 0.03267 0.0250348
 0.00535781 0.00877167 0.0133329 0.0190501 0.0257786 0.0331128 0.0403636 0.0467345 0.0516157 0.0547783 0.0563463 0.0566334 0.0559988 0.0547802 0.053275 0.0517304 0.050328 0.0491475 0.0481057 0.0468952 0.0449947 0.0418192 0.0369968 0.0306395 0.0234133
 0.00557963 0.00914693 0.0139242 0.0199235 0.0269877 0.0346756 0.0422411 0.0488273 0.0537844 0.0568765 0.0582462 0.0582348 0.057224 0.0555664 0.0535698 0.0514915 0.0495259 0.0477742 0.046191 0.0445253 0.0423227 0.0390533 0.0343666 0.0283481 0.0215934
 0.00577152 0.00946522 0.0144162 0.0206403 0.0279782 0.0359734 0.0438484 0.0507018 0.0558376 0.0589831 0.0602624 0.0600198 0.0586581 0.0565606 0.0540631 0.0514421 0.0489039 0.0465651 0.0444101 0.0422414 0.0396758 0.0362533 0.0316617 0.0259694 0.0196974
 0.00605125 0.00991156 0.0150726 0.0215423 0.0291485 0.0374139 0.0455314 0.0525663 0.0577964 0.0609362 0.0621081 0.0616584 0.059994 0.0575055 0.0545425 0.0513984 0.0482975 0.0453755 0.0426463 0.0399614 0.0370089 0.0334048 0.0288858 0.0235118 0.0177308
 0.00631921 0.0103361 0.0156908 0.0223813 0.0302206 0.0387105 0.0470162 0.0541749 0.0594473 0.0625476 0.0636104 0.0629953 0.0611139 0.0583524 0.0550514 0.0514988 0.0479221 0.0444733 0.0411988 0.0380039 0.0346496 0.0308305 0.0263373 0.021229 0.0158888
 0.00652861 0.0106958 0.0162664 0.0232424 0.0314215 0.0402615 0.0488595 0.0561837 0.0614544 0.0643907 0.0651691 0.0642041 0.0619536 0.0588289 0.0551728 0.0512589 0.0472945 0.04342 0.0396922 0.0360572 0.0323453 0.0283309 0.0238639 0.0190099 0.0140942
 0.00675193 0.0110671 0.0168414 0.0240802 0.0325751 0.0417599 0.0506862 0.058262 0.0636486 0.0665247 0.0670578 0.0656894 0.0629338 0.0592706 0.0550998 0.0507233 0.0463456 0.0420869 0.0379891 0.0340096 0.0300241 0.0258734 0.021463 0.0168691 0.0123673
 0.00696087 0.0114139 0.0173766 0.0248558 0.0336347 0.0431232 0.0523324 0.0601235 0.0656187 0.0684743 0.0688505 0.0671929 0.0640312 0.0598759 0.0551721 0.0502698 0.0454102 0.0407293 0.03627 0.0319933 0.0277975 0.0235646 0.0192387 0.0149022 0.010788
 0.00712246 0.0116868 0.0178065 0.0254921 0.0345209 0.0442808 0.0537455 0.0617322 0.0673276 0.0701707 0.0704218 0.0685369 0.0650598 0.0605168 0.0553724 0.0500023 0.0446778 0.0395648 0.0347317 0.0301612 0.0257753 0.021484 0.0172529 0.0131599 0.00939672
 0.00724964 0.0119077 0.0181653 0.026039 0.035302 0.0453209 0.055031 0.0632045 0.0688915 0.0717135 0.0718327 0.0697206 0.0659432 0.0610497 0.0555238 0.0497568 0.0440345 0.0385404 0.0333661 0.0285226 0.023963 0.0196256 0.0154907 0.0116254 0.00817981
 0.00752278 0.0123336 0.0187729 0.0268446 0.0363082 0.0465154 0.0563813 0.064653 0.0703563 0.0730972 0.0730364 0.0706582 0.0665529 0.0612987 0.0554059 0.049284 0.0432288 0.0374304 0.0319906 0.0269394 0.0222569 0.0179075 0.0138849 0.0102443 0.007096
 0.00759336 0.0124547 0.0189667 0.0271349 0.0367147 0.0470455 0.0570246 0.0653824 0.0711376 0.073899 0.0738316 0.0714166 0.0672315 0.0618405 0.0557494 0.0493767 0.0430382 0.0369483 0.0312341 0.0259518 0.0211094 0.016696 0.0127178 0.00922104 0.00628347
 0.00768214 0.0125844 0.0191356 0.0273344 0.0369351 0.0472834 0.0572872 0.0656844 0.0714925 0.0743104 0.0742903 0.0719025 0.0677171 0.0622917 0.0561236 0.0496243 0.0431092 0.0368041 0.0308588 0.0253604 0.0203499 0.015845 0.0118673 0.00845779 0.00566836
 0.0076923 0.0125972 0.0191477 0.0273393 0.0369246 0.0472499 0.057228 0.0656075 0.0714206 0.0742806 0.0743451 0.0720757 0.0680191 0.0627024 0.0565953 0.0500916 0.0435008 0.0370554 0.0309235 0.0252216 0.0200263 0.0153891 0.0113533 0.00796234 0.00525076
 0.00774146 0.0126642 0.0192245 0.0274103 0.0369703 0.0472538 0.0571822 0.0655149 0.0712942 0.0741415 0.0742219 0.0720021 0.068028 0.0628159 0.0568144 0.0503899 0.0438278 0.0373471 0.0311186 0.0252775 0.0199313 0.015166 0.0110521 0.00764355 0.00496652
 0.00790542 0.0129063 0.0195424 0.0277841 0.0373647 0.0476256 0.0574867 0.0657126 0.0713584 0.0740659 0.0740245 0.0717223 0.0677179 0.0625287 0.0565928 0.0502571 0.0437808 0.037357 0.0311394 0.0252618 0.0198469 0.0150071 0.0108395 0.00741426 0.00475771
 0.00782171 0.0128109 0.0194727 0.0277956 0.0375119 0.0479322 0.0579243 0.0662033 0.0718018 0.0743764 0.0741581 0.0716815 0.0675413 0.0622728 0.0563165 0.0500092 0.0435915 0.037233 0.0310647 0.0252056 0.0197776 0.0149057 0.0107065 0.00726662 0.00461856
 0.00777935 0.0127494 0.0193963 0.0277189 0.0374637 0.0479553 0.0580685 0.0665067 0.0722657 0.0749475 0.0747342 0.0721449 0.0678024 0.062301 0.0561424 0.0497027 0.0432323 0.0368851 0.0307642 0.0249601 0.019576 0.0147313 0.0105487 0.00712477 0.00449859
 0.00777947 0.0127312 0.0193357 0.0275853 0.0372311 0.0476207 0.0576662 0.0661097 0.0719688 0.0748366 0.0748539 0.0724789 0.0682754 0.0628051 0.056576 0.0500042 0.0433912 0.0369312 0.0307421 0.024908 0.0195152 0.0146687 0.0104847 0.00706099 0.00443961
 0.00776606 0.0127216 0.0193422 0.0276222 0.0373055 0.0477209 0.0577576 0.0661451 0.071913 0.0746908 0.074664 0.0723175 0.0682073 0.062856 0.0567219 0.0501871 0.0435491 0.0370246 0.0307638 0.0248749 0.019452 0.0145958 0.0104143 0.00699865 0.00438821
 0.00771757 0.012638 0.0192091 0.0274271 0.0370451 0.0474097 0.057431 0.0658512 0.0716937 0.0745651 0.0746252 0.0723476 0.068296 0.0630069 0.0569421 0.0504695 0.0438646 0.0373303 0.0310208 0.0250624 0.01957 0.0146581 0.0104386 0.00700074 0.00437964
 0.00780783 0.0127639 0.0193594 0.0275768 0.0371604 0.0474579 0.0573907 0.0657193 0.0714875 0.0743184 0.0743788 0.0721367 0.068142 0.0629172 0.0569163 0.0505041 0.043952 0.037454 0.0311565 0.0251846 0.0196611 0.0147131 0.0104629 0.0070048 0.00437356
 0.00784103 0.012823 0.0194562 0.0277219 0.037356 0.0476889 0.0576206 0.0658956 0.0715598 0.0742591 0.0741955 0.0718696 0.067847 0.0626464 0.0567051 0.0503676 0.0438888 0.0374521 0.0311968 0.0252451 0.0197217 0.01476 0.0104911 0.00701656 0.00437474
 0.00775687 0.0127022 0.019305 0.0275577 0.0372047 0.0475784 0.057573 0.0659205 0.0716487 0.074385 0.0743199 0.0719562 0.0678772 0.062626 0.0566591 0.0503274 0.0438784 0.0374812 0.0312612 0.0253308 0.0198113 0.0148386 0.0105503 0.00705473 0.00439562
 0.00768837 0.0125915 0.0191406 0.0273326 0.0369213 0.0472549 0.0572465 0.0656426 0.0714709 0.0743399 0.074408 0.0721463 0.0681188 0.0628687 0.0568692 0.0504947 0.0440121 0.0375985 0.0313756 0.0254465 0.0199235 0.0149382 0.0106295 0.00711082 0.00443068
 0.00775262 0.0126787 0.0192397 0.0274218 0.0369732 0.0472454 0.0571639 0.0654925 0.0712762 0.0741361 0.0742342 0.0720337 0.0680803 0.0628956 0.0569365 0.0505736 0.0440825 0.0376542 0.0314211 0.0254896 0.0199682 0.0149834 0.0106705 0.0071434 0.00445312
 0.00784705 0.0128042 0.0193764 0.0275326 0.0370127 0.047175 0.0569655 0.0651753 0.0708752 0.0737048 0.0738346 0.0717241 0.0679026 0.0628656 0.057041 0.0507764 0.0443375 0.0379189 0.0316666 0.0257014 0.0201429 0.0151221 0.010776 0.00721875 0.00450283
 0.00775485 0.0126755 0.0192203 0.0273674 0.0368555 0.0470289 0.0568126 0.0649841 0.0706195 0.0733841 0.0734831 0.0714016 0.0676745 0.0627807 0.0571183 0.0510025 0.0446732 0.0383125 0.0320671 0.0260695 0.020455 0.0153691 0.0109593 0.00734601 0.00458487
 0.00778804 0.0127006 0.0192067 0.0272732 0.0366444 0.0466919 0.0563823 0.0645265 0.0702059 0.07306 0.0732561 0.0712545 0.0675905 0.0627607 0.0571791 0.0511618 0.0449333 0.0386535 0.0324517 0.0264547 0.0208036 0.0156576 0.0111789 0.00750015 0.00468447
 0.0086277 0.0138913 0.0206743 0.028835 0.0380552 0.0477236 0.0568918 0.064483 0.0696773 0.0721785 0.0721785 0.070126 0.066519 0.0618089 0.0563754 0.0505168 0.0444505 0.0383288 0.0322687 0.0263836 0.0208071 0.0156997 0.0112319 0.00754761 0.00471971
 0.00922437 0.0148831 0.0221949 0.0309886 0.0408541 0.0510113 0.060301 0.0674877 0.0717491 0.0729753 0.0716571 0.0685195 0.0642118 0.0591943 0.0537619 0.0481016 0.0423369 0.0365574 0.030843 0.0252833 0.0199957 0.0151297 0.0108519 0.00730828 0.0045782
 0.00908212 0.0147502 0.0221797 0.03126 0.0416061 0.0523964 0.0623576 0.0700894 0.0745977 0.0756478 0.0737041 0.069593 0.0641719 0.0581418 0.0519802 0.0459441 0.0401214 0.0345088 0.0290865 0.023866 0.0189129 0.0143464 0.0103172 0.00696549 0.0043731
 0.00897083 0.0145544 0.0218646 0.030804 0.0410303 0.0517997 0.0619298 0.0700756 0.0752087 0.0769524 0.0755623 0.0716746 0.0660572 0.0594621 0.0525333 0.0457374 0.0393324 0.0333953 0.0278944 0.0227732 0.018015 0.0136708 0.00984724 0.00666245 0.00419219
 0.00878137 0.01428 0.0215123 0.0303974 0.040599 0.0513661 0.0615099 0.0696978 0.0749417 0.0769137 0.0758853 0.072437 0.0672119 0.0608177 0.0538097 0.0466705 0.0397721 0.0333448 0.0274806 0.0221756 0.0173963 0.0131378 0.00944511 0.00639062 0.00402578
 0.00880285 0.0142887 0.0214787 0.0302827 0.0403706 0.0510189 0.0610785 0.0692501 0.0745545 0.0766498 0.0757888 0.0725431 0.0675502 0.0613909 0.054561 0.0474725 0.0404596 0.03378 0.0276085 0.0220369 0.0170943 0.0127869 0.00913023 0.0061527 0.00386911
 0.00879477 0.0142746 0.0214544 0.0302398 0.0402941 0.0508863 0.0608653 0.0689414 0.0741611 0.0762173 0.0753917 0.0722651 0.0674598 0.0615248 0.054915 0.0479972 0.0410632 0.034347 0.0280353 0.0222682 0.0171389 0.0127021 0.00898871 0.00601271 0.00376118
 0.00872066 0.0141606 0.0212952 0.0300353 0.0400496 0.0506121 0.0605747 0.0686489 0.0738786 0.0759541 0.0751588 0.0720824 0.0673598 0.0615466 0.0550892 0.0483286 0.0415206 0.0348645 0.0285292 0.022664 0.0173959 0.0128233 0.00901018 0.00598151 0.00371573
 0.00872225 0.0141733 0.0213321 0.0301133 0.0401826 0.0508019 0.0608036 0.0688799 0.0740645 0.0760508 0.0751375 0.0719378 0.0671125 0.0612414 0.0547863 0.0480886 0.0413851 0.0348421 0.0285932 0.022765 0.0174846 0.0128693 0.00900948 0.00594956 0.00367349
 0.00860031 0.0139782 0.021046 0.0297267 0.0397012 0.0502553 0.0602497 0.0683966 0.0737278 0.0759087 0.0751929 0.0721519 0.0674235 0.0615889 0.0551295 0.0484131 0.0416968 0.0351525 0.0289045 0.0230638 0.0177465 0.013072 0.00914431 0.00602399 0.00370534
 0.00877715 0.0142134 0.0213036 0.0299403 0.0397929 0.0501648 0.0599603 0.0679435 0.0731869 0.0753732 0.0747486 0.0718566 0.0672968 0.0616126 0.0552615 0.0486061 0.0419145 0.0353752 0.0291241 0.0232742 0.0179374 0.0132307 0.00926144 0.00609871 0.00374533
 0.00863732 0.0140663 0.0212258 0.0300407 0.0401687 0.0508399 0.0608441 0.0688448 0.0738864 0.0757128 0.074688 0.0714691 0.0667198 0.0609871 0.0546905 0.0481414 0.0415661 0.0351301 0.0289624 0.0231769 0.0178874 0.0132114 0.00925789 0.00609978 0.00374532
 0.00854836 0.0139037 0.0209539 0.0296316 0.039628 0.0502351 0.0603109 0.0685495 0.0739494 0.0761376 0.0753469 0.0721634 0.0672736 0.0613168 0.0548123 0.048131 0.0415066 0.0350789 0.0289438 0.0231914 0.0179243 0.0132574 0.00930186 0.00613474 0.00376887
 0.0087115 0.0141274 0.0212122 0.0298704 0.039776 0.0502257 0.0601083 0.0681701 0.0734699 0.0756801 0.0750376 0.072078 0.0674013 0.0615687 0.0550728 0.0483154 0.0415896 0.0350844 0.0289147 0.0231624 0.0179116 0.0132617 0.00931619 0.00615134 0.00378263
 0.00862357 0.0140185 0.0211091 0.0298131 0.0397987 0.0503318 0.0602543 0.0682753 0.0734523 0.0755013 0.0747294 0.0717337 0.0671339 0.0614588 0.0551347 0.0485004 0.0418205 0.0352961 0.0290762 0.0232743 0.0179891 0.0133194 0.00936154 0.00618643 0.00380774
 0.008636 0.0140234 0.0210905 0.0297524 0.0396866 0.0501818 0.0601067 0.0681822 0.0734478 0.0755753 0.0748289 0.0717935 0.0671185 0.0613833 0.0550514 0.0484623 0.0418507 0.0353814 0.0291842 0.0233754 0.0180687 0.0133765 0.00940141 0.00621422 0.00382671
 0.00871603 0.014151 0.021276 0.0299996 0.0399873 0.0505108 0.060422 0.0684354 0.0736018 0.0756191 0.0747771 0.0716699 0.0669396 0.0611559 0.0547846 0.048179 0.0415847 0.0351627 0.0290256 0.0232711 0.0180035 0.0133356 0.0093755 0.00619826 0.00381774
 0.00885118 0.0143956 0.021688 0.0306423 0.0409071 0.0517041 0.0618088 0.069859 0.0748633 0.0765334 0.0752231 0.0716158 0.0664369 0.0603119 0.0537279 0.0470325 0.0404509 0.0341195 0.0281244 0.0225372 0.017438 0.0129227 0.00908985 0.00601206 0.00370435
#obs surv len freq
 nan nan nan nan nan nan nan nan nan nan nan nan nan nan nan nan nan nan nan nan nan nan nan nan nan
 0.00448282 0.00734349 0.0111731 0.0159896 0.0216911 0.0279679 0.0342834 0.0400157 0.0446958 0.0481597 0.0505172 0.0520124 0.052904 0.0534157 0.0537295 0.053984 0.0542622 0.0545548 0.0546934 0.0542853 0.0527233 0.0493555 0.0438053 0.0362855 0.0276693
 0.00461877 0.00756469 0.011506 0.0164581 0.0223108 0.0287372 0.0351747 0.040973 0.0456415 0.0490095 0.051196 0.0524653 0.0531021 0.0533573 0.0534355 0.0534908 0.0536128 0.0537915 0.0538551 0.0534087 0.0518471 0.0485225 0.04306 0.0356655 0.0271954
 0.00477827 0.00782803 0.0119097 0.0170384 0.0230959 0.0297352 0.0363614 0.0422866 0.0469907 0.0502894 0.0523045 0.0533151 0.0536288 0.0535242 0.0532364 0.0529482 0.0527716 0.0527106 0.0526005 0.0520505 0.0504605 0.0471882 0.041858 0.0346621 0.0264271
 0.00496948 0.00813988 0.0123812 0.0177071 0.0239916 0.0308695 0.0377156 0.0438057 0.0485881 0.0518594 0.0537368 0.0545056 0.0544875 0.0539822 0.0532519 0.0525106 0.0519022 0.0514602 0.0510453 0.0502879 0.0486061 0.0453693 0.0402008 0.0332693 0.0253568
 0.00518066 0.00848673 0.0129097 0.0184623 0.0250087 0.0321602 0.0392542 0.0455249 0.0503888 0.0536294 0.0553671 0.0558976 0.0555539 0.0546475 0.053455 0.052211 0.0510874 0.0501527 0.0493077 0.0482252 0.0463627 0.0431177 0.0381174 0.0315014 0.0239899
 0.00542239 0.0088795 0.0135007 0.0192957 0.0261185 0.0335574 0.0409133 0.0473782 0.052334 0.0555479 0.0571417 0.0574241 0.0567447 0.0554301 0.0537696 0.0520096 0.0503383 0.0488512 0.0474906 0.045985 0.0438523 0.0405395 0.0356914 0.0294181 0.0223663
 0.00566515 0.00927924 0.0141116 0.020171 0.0272996 0.0350573 0.0426995 0.0493687 0.0544101 0.0575788 0.0590058 0.0590192 0.0579884 0.0562562 0.0541238 0.0518463 0.0496214 0.0475624 0.0456466 0.0436591 0.0411904 0.0377547 0.0330307 0.027106 0.0205483
 0.0058991 0.00966322 0.0146966 0.0210077 0.0284296 0.0364986 0.0444309 0.0513216 0.0564769 0.0596314 0.0609156 0.060672 0.0592913 0.0571386 0.054533 0.0517415 0.0489695 0.0463422 0.0438642 0.0413724 0.0385308 0.0349306 0.0302966 0.0247036 0.0186425
 0.00613421 0.0100493 0.0152849 0.0218485 0.0295628 0.0379385 0.0461509 0.0532491 0.0585033 0.0616332 0.0627731 0.0622801 0.0605624 0.0580029 0.0549371 0.0516447 0.0483411 0.0451628 0.0421376 0.0391475 0.0359265 0.0321433 0.0275757 0.0222936 0.0167168
 0.00637155 0.0104361 0.0158688 0.022675 0.0306666 0.0393306 0.0478045 0.0550942 0.0604358 0.0635339 0.0645273 0.0637883 0.0617452 0.0587991 0.0553004 0.0515393 0.0477388 0.0440449 0.0405056 0.0370439 0.033458 0.0294904 0.0249725 0.0199751 0.0148541
 0.00662231 0.0108476 0.016495 0.0235673 0.0318626 0.0408368 0.0495794 0.0570447 0.0624329 0.0654399 0.0662204 0.0651755 0.0627623 0.0594061 0.0554739 0.051265 0.0470061 0.0428471 0.0388497 0.03497 0.0310625 0.026937 0.0224759 0.017753 0.0130669
 0.00685716 0.0112341 0.0170851 0.0244122 0.0330021 0.0422829 0.051299 0.058953 0.0644045 0.0673324 0.0678997 0.0665329 0.0637229 0.059929 0.0555458 0.0508898 0.0461947 0.0416125 0.0372126 0.0329751 0.0287992 0.0245517 0.0201588 0.0156974 0.0114157
 0.00706853 0.0115812 0.0176141 0.0251683 0.034021 0.0435765 0.0528412 0.0606734 0.0661969 0.0690738 0.069469 0.0678247 0.0646555 0.0604483 0.0556266 0.0505311 0.0454121 0.0404319 0.0356692 0.0311231 0.0267267 0.0223907 0.0180755 0.0138583 0.00994242
 0.0072662 0.0119071 0.0181127 0.0258832 0.0349858 0.0448 0.054293 0.06228 0.0678523 0.070661 0.0708793 0.0689686 0.0654662 0.0608817 0.0556596 0.0501599 0.0446496 0.0393044 0.0342172 0.0294062 0.024833 0.0204415 0.0162161 0.0122299 0.00864537
 0.00746015 0.012223 0.0185893 0.0265566 0.0358823 0.0459248 0.055618 0.0637392 0.0693503 0.0720899 0.0721371 0.0699718 0.0661549 0.0612204 0.055634 0.0497726 0.0439159 0.0382508 0.032883 0.0278493 0.0231363 0.0187149 0.0145858 0.0108143 0.0075256
 0.00753603 0.0123526 0.0187964 0.0268686 0.0363259 0.046519 0.0563656 0.064622 0.0703299 0.0731123 0.0731383 0.0708827 0.0669078 0.0617548 0.0559032 0.0497473 0.0435854 0.0376225 0.0319835 0.0267267 0.0218638 0.0173894 0.0133173 0.00970469 0.00664431
 0.00759569 0.0124418 0.0189171 0.0270198 0.0365077 0.0467372 0.0566341 0.0649601 0.0707547 0.0736296 0.0737361 0.0715286 0.0675518 0.0623358 0.0563571 0.0500162 0.0436249 0.0374087 0.0315171 0.0260362 0.0210065 0.0164474 0.012386 0.00887372 0.0059762
 0.00764044 0.0125073 0.019002 0.0271179 0.0366094 0.0468327 0.0567179 0.0650347 0.0708339 0.0737382 0.0739041 0.0717801 0.0678921 0.0627435 0.0567849 0.0503995 0.0438959 0.0375106 0.0314157 0.0257287 0.020524 0.0158512 0.0117556 0.0082874 0.0054923
 0.00770984 0.0126123 0.0191451 0.0272952 0.0368105 0.0470414 0.0569138 0.0651961 0.0709438 0.0737917 0.0739132 0.0717725 0.0679028 0.0628015 0.0568999 0.050555 0.0440509 0.0376107 0.0314101 0.0255861 0.0202442 0.0154667 0.0113223 0.00786784 0.00513671
 0.00780501 0.0127614 0.0193582 0.0275764 0.0371549 0.0474324 0.0573206 0.0655761 0.0712508 0.0739882 0.0739809 0.0717178 0.067754 0.0626011 0.0566923 0.050373 0.0439052 0.0374871 0.0312768 0.0254091 0.0200038 0.0151678 0.0109933 0.00754905 0.00486461
 0.00781007 0.0127743 0.0193864 0.0276298 0.0372439 0.0475639 0.0574942 0.065782 0.0714706 0.0741978 0.074155 0.0718354 0.0678036 0.0625846 0.0566252 0.0502787 0.0438058 0.0373937 0.0311848 0.0253023 0.0198654 0.0149922 0.0107916 0.00734488 0.00468372
 0.00784623 0.0128233 0.0194426 0.027683 0.037284 0.0475872 0.0575075 0.065801 0.0715126 0.0742729 0.0742607 0.0719561 0.0679169 0.062669 0.0566672 0.0502767 0.0437684 0.0373334 0.0311108 0.0252166 0.019764 0.0148723 0.0106574 0.00720892 0.00456152
 0.00784873 0.0128276 0.0194491 0.0276911 0.0372909 0.0475872 0.0574928 0.065766 0.071459 0.0742135 0.0742166 0.0719483 0.0679562 0.0627503 0.0567718 0.050381 0.0438533 0.0373888 0.0311352 0.025212 0.0197335 0.0148192 0.0105876 0.00713182 0.00448822
 0.00787831 0.0128667 0.0194915 0.0277258 0.0373057 0.0475736 0.0574502 0.0657008 0.0713814 0.0741333 0.0741427 0.0718902 0.0679241 0.0627532 0.0568126 0.0504527 0.0439406 0.0374738 0.0312027 0.0252536 0.019747 0.0148074 0.0105567 0.0070903 0.00444519
 0.00790185 0.0129054 0.0195496 0.0278061 0.0374062 0.0476852 0.0575553 0.0657772 0.0714097 0.0741055 0.0740651 0.0717806 0.0678051 0.0626453 0.0567307 0.0504044 0.0439247 0.0374818 0.0312219 0.025271 0.0197535 0.0147995 0.0105361 0.00706227 0.00441587
 0.00789831 0.012899 0.0195393 0.027791 0.037387 0.0476649 0.0575391 0.0657702 0.0714135 0.0741159 0.0740734 0.0717782 0.0677888 0.0626197 0.0567056 0.0503905 0.0439292 0.0375054 0.0312588 0.0253117 0.0197884 0.0148221 0.0105446 0.00705922 0.0044062
 0.00791024 0.0129119 0.0195468 0.0277835 0.0373547 0.0476022 0.0574488 0.0656641 0.0713095 0.0740317 0.0740214 0.0717616 0.0678025 0.0626535 0.0567499 0.0504398 0.0439822 0.0375629 0.0313201 0.025373 0.0198438 0.0148658 0.0105739 0.00707472 0.0044114
 0.00788105 0.0128683 0.0194879 0.0277102 0.0372686 0.0475037 0.0573375 0.0655406 0.0711786 0.0739053 0.0739167 0.071697 0.0677904 0.0626959 0.0568383 0.0505588 0.044116 0.0376986 0.0314491 0.0254897 0.0199437 0.0149456 0.0106322 0.00711285 0.00443322
 0.00787046 0.0128455 0.0194436 0.0276337 0.0371509 0.047344 0.0571461 0.0653382 0.0709895 0.0737496 0.0738065 0.0716369 0.0677818 0.0627386 0.0569296 0.0506914 0.0442774 0.0378731 0.0316217 0.0256481 0.0200796 0.0150547 0.0107133 0.00716822 0.00446743
 0.00787276 0.0128467 0.0194404 0.0276202 0.0371195 0.047286 0.0570542 0.0652099 0.0708304 0.0735748 0.0736378 0.0714977 0.0676899 0.0627033 0.0569514 0.0507645 0.0443914 0.0380146 0.0317755 0.0257995 0.0202161 0.0151681 0.0108 0.00722901 0.00450623
 0.00784095 0.0127985 0.0193745 0.0275375 0.0370225 0.0471779 0.0569382 0.065089 0.0707077 0.0734542 0.0735253 0.0714023 0.0676234 0.0626774 0.056974 0.050837 0.0445081 0.0381642 0.0319429 0.0259687 0.0203727 0.0153012 0.010904 0.00730335 0.00455466
 0.00778892 0.0127117 0.0192405 0.027345 0.0367659 0.0468635 0.0565881 0.0647398 0.0704012 0.0732252 0.0733929 0.071368 0.0676767 0.0628027 0.0571562 0.0510628 0.0447653 0.0384396 0.0322215 0.0262345 0.0206108 0.0155003 0.0110584 0.0074137 0.00462689
 0.00776763 0.0126724 0.0191724 0.027235 0.0366011 0.0466359 0.0563003 0.0644079 0.0700546 0.0729017 0.0731313 0.0711996 0.0676181 0.0628535 0.0573017 0.0512807 0.0450315 0.0387317 0.0325196 0.0265206 0.020869 0.0157182 0.0112293 0.0075373 0.00470873
 0.00774241 0.0126305 0.0191074 0.0271399 0.036469 0.0464615 0.0560823 0.0641511 0.0697712 0.0726115 0.0728607 0.0709785 0.0674749 0.0628082 0.0573613 0.0514371 0.0452645 0.0390146 0.0328244 0.0268216 0.021145 0.0159537 0.0114157 0.00767331 0.00479962
 0.00932557 0.0148474 0.0217849 0.0298962 0.0388251 0.0480177 0.0566581 0.063811 0.0687434 0.0711697 0.0712384 0.0693398 0.0659232 0.0614071 0.0561487 0.0504319 0.0444686 0.0384148 0.0323959 0.0265332 0.0209642 0.0158499 0.0113626 0.00765033 0.00479224
 0.00930376 0.015106 0.0226925 0.0319104 0.0422938 0.0529102 0.0623941 0.0693551 0.0729722 0.0733138 0.071135 0.0673758 0.0627654 0.0577167 0.0524188 0.0469601 0.0414031 0.0358118 0.0302607 0.024842 0.0196752 0.0149103 0.0107122 0.00722654 0.00453457
 0.00897385 0.0145866 0.0219639 0.0310225 0.0414192 0.0523802 0.0626595 0.0708242 0.0757655 0.0770814 0.0750997 0.0706269 0.0646373 0.0580195 0.0514089 0.0451287 0.0392458 0.0336937 0.0283906 0.0233069 0.0184866 0.0140388 0.0101088 0.00683417 0.00429679
 0.00879562 0.0142868 0.0214948 0.0303371 0.0404893 0.0512298 0.0614066 0.0697084 0.0751279 0.0772698 0.0763134 0.0727713 0.0672909 0.0605705 0.053302 0.0460764 0.0392856 0.0330904 0.0274741 0.0223479 0.0176485 0.0133878 0.0096474 0.00653278 0.00411499
 0.00871384 0.0141501 0.0212812 0.0300212 0.0400445 0.0506351 0.060658 0.0688363 0.0742167 0.0764718 0.0758383 0.0728332 0.0680141 0.0618969 0.0549687 0.0477003 0.0405198 0.0337572 0.0276006 0.0221017 0.0172327 0.0129618 0.00929857 0.00628662 0.00396065
 0.00868653 0.0141017 0.0212006 0.0298944 0.0398562 0.0503713 0.0603096 0.0684015 0.0737049 0.075911 0.0752874 0.0723903 0.0678074 0.0620444 0.0555162 0.0485723 0.0415262 0.034665 0.0282323 0.0223988 0.0172516 0.012818 0.00910378 0.0061128 0.00383614
 0.00868746 0.0141018 0.0211977 0.0298844 0.0398326 0.0503247 0.0602278 0.0682713 0.0735143 0.0756542 0.0749703 0.0720386 0.0674726 0.0618026 0.05545 0.0487362 0.0419101 0.0351829 0.0287523 0.0228006 0.0174758 0.0128774 0.00905686 0.00602486 0.0037525
 0.00869314 0.01411 0.021208 0.0298955 0.0398422 0.0503295 0.0602232 0.0682507 0.0734694 0.0755752 0.0748489 0.0718716 0.0672687 0.0615878 0.0552686 0.0486413 0.0419424 0.0353476 0.0290087 0.0230763 0.0177 0.0130112 0.00910242 0.0060119 0.00371578
 0.00866693 0.0140727 0.0211619 0.0298458 0.0397959 0.0502923 0.0601977 0.068236 0.0734612 0.0755672 0.0748332 0.0718403 0.0672154 0.0615123 0.0551811 0.0485645 0.0419066 0.0353775 0.0291089 0.023225 0.0178576 0.0131393 0.00918113 0.00604344 0.00371642
 0.00866176 0.0140615 0.0211399 0.0298081 0.039739 0.0502182 0.0601149 0.0681584 0.0734029 0.0755368 0.0748301 0.0718555 0.0672358 0.0615257 0.055181 0.0485533 0.041896 0.0353844 0.0291471 0.0232964 0.0179494 0.0132303 0.00925228 0.00608664 0.00373494
 0.00863551 0.0140229 0.0210893 0.0297477 0.0396723 0.0501474 0.0600412 0.068083 0.0733296 0.0754732 0.0747862 0.0718396 0.0672501 0.0615646 0.0552337 0.0486089 0.0419484 0.0354349 0.0292014 0.0233597 0.0180209 0.0133023 0.0093144 0.00613156 0.00376146
 0.00862495 0.0140035 0.0210564 0.0296964 0.0395992 0.050054 0.059935 0.0679764 0.073236 0.0754024 0.0747428 0.0718239 0.0672605 0.0615989 0.0552881 0.0486772 0.0420235 0.0355105 0.0292748 0.0234304 0.0180889 0.0133655 0.00936867 0.00617303 0.00378893
 0.00862194 0.0139991 0.0210503 0.0296881 0.0395874 0.0500359 0.0599067 0.0679345 0.0731803 0.0753372 0.0746766 0.0717667 0.0672206 0.0615808 0.0552922 0.0487011 0.0420626 0.0355596 0.0293287 0.0234854 0.018142 0.0134142 0.00941047 0.0062058 0.00381182
 0.00862839 0.0140066 0.0210562 0.0296884 0.0395777 0.0500138 0.0598728 0.0678921 0.0731335 0.0752894 0.0746301 0.0717236 0.0671842 0.0615554 0.0552819 0.0487081 0.0420862 0.0355966 0.0293745 0.0235349 0.0181908 0.0134588 0.00944832 0.00623529 0.00383267
 0.00863281 0.0140172 0.0210782 0.0297276 0.0396383 0.0500942 0.0599637 0.0679779 0.0731969 0.0753179 0.0746195 0.071678 0.067113 0.0614702 0.0551942 0.0486278 0.0420207 0.0355499 0.0293469 0.0235239 0.0181923 0.0134679 0.00946073 0.0062476 0.00384278
 0.00863281 0.0140172 0.0210782 0.0297276 0.0396383 0.0500942 0.0599637 0.0679779 0.0731969 0.0753179 0.0746195 0.071678 0.067113 0.0614702 0.0551942 0.0486278 0.0420207 0.0355499 0.0293469 0.0235239 0.0181923 0.0134679 0.00946073 0.0062476 0.00384278
 0.00869686 0.014118 0.0212235 0.0299219 0.0398811 0.0503779 0.0602715 0.0682825 0.0734642 0.0755132 0.0747158 0.0716626 0.0669902 0.0612596 0.0549255 0.0483338 0.0417309 0.0352866 0.0291239 0.023347 0.0180606 0.0133763 0.00940128 0.00621194 0.00382315
 0.00886761 0.0143958 0.0216403 0.0305032 0.0406355 0.0512836 0.061265 0.0692622 0.0743107 0.0761204 0.0750157 0.0716352 0.0666595 0.0606817 0.0541754 0.0474925 0.0408745 0.0344778 0.0284074 0.0227484 0.0175883 0.013025 0.00915593 0.00605196 0.00372639
#pred catch len freq
 0.00310004 0.0050605 0.00768853 0.0110451 0.0151778 0.0200669 0.0255669 0.0314037 0.0372351 0.0427215 0.0475746 0.0515925 0.0546843 0.0568719 0.0582619 0.0590121 0.0593063 0.0593204 0.0591415 0.0586345 0.0573352 0.0545129 0.0494942 0.0421263 0.0330652
 0.003346 0.00539216 0.00806363 0.0113873 0.0154045 0.020129 0.025475 0.0312206 0.0370364 0.0425527 0.0474344 0.0514521 0.0545277 0.0567262 0.0581992 0.0591179 0.0596301 0.0598322 0.0597174 0.0590884 0.0574889 0.0542758 0.0489056 0.0413359 0.0322609
 0.00340434 0.00553212 0.0083517 0.0118976 0.0161812 0.02114 0.0265868 0.0322278 0.0377419 0.0428528 0.0473517 0.0510979 0.0540318 0.0561881 0.057684 0.0586778 0.059313 0.0596608 0.0596567 0.0590354 0.0573068 0.0538612 0.0482477 0.0405259 0.031445
 0.00355241 0.00575119 0.00864722 0.0122762 0.0166684 0.0217934 0.0274857 0.033426 0.0392017 0.044407 0.048737 0.0520549 0.0544122 0.0560017 0.0570647 0.0578082 0.0583576 0.0587305 0.0587954 0.0582206 0.0564724 0.0529433 0.0472352 0.0394808 0.0304763
 0.00372637 0.00603504 0.00907474 0.0128757 0.0174539 0.0227563 0.0285941 0.0346375 0.0404839 0.0457417 0.0500912 0.0533377 0.0554606 0.0566251 0.0571285 0.0572965 0.0573746 0.0574433 0.0573624 0.0567445 0.0549951 0.0514774 0.0458062 0.0381499 0.0293276
 0.00391429 0.00633828 0.00952836 0.0135145 0.0183102 0.0238528 0.0299304 0.0361775 0.0421513 0.0474303 0.0516886 0.0547453 0.0565955 0.0574051 0.057461 0.0570965 0.0566053 0.0561491 0.0556622 0.0547922 0.0529376 0.0494372 0.0438888 0.0364534 0.0279344
 0.00417119 0.00674453 0.0101198 0.0143201 0.0193517 0.0251416 0.0314608 0.0379179 0.0440384 0.0493696 0.0535607 0.0564192 0.0579468 0.0583308 0.0578838 0.0569593 0.055872 0.0548185 0.0537902 0.0525005 0.0504009 0.046855 0.0414561 0.0343338 0.0262368
 0.00438993 0.00710457 0.0106704 0.0151116 0.0204273 0.0265244 0.0331388 0.0398364 0.046106 0.0514726 0.0555771 0.0582284 0.0594348 0.0593948 0.0584365 0.0569325 0.0552198 0.053525 0.0518852 0.0500783 0.0476291 0.043961 0.0386894 0.0319153 0.0243109
 0.0046012 0.00744567 0.0111813 0.0158333 0.0214004 0.0277835 0.0347008 0.0416849 0.04818 0.0536647 0.0577447 0.0602154 0.0610958 0.060612 0.0591227 0.0570249 0.0546736 0.0523172 0.0500298 0.0476505 0.0447842 0.0409322 0.0357521 0.0293257 0.0222435
 0.00483867 0.00782166 0.0117298 0.016583 0.0223747 0.028999 0.036161 0.0433733 0.0500541 0.0556537 0.0597502 0.0621156 0.0627564 0.061901 0.0599263 0.0572553 0.0542707 0.051249 0.0483015 0.045325 0.0420044 0.037925 0.0327986 0.026698 0.020134
 0.00511133 0.00824819 0.0123413 0.0173991 0.0234038 0.0302371 0.0375887 0.0449524 0.0517297 0.0573606 0.0614189 0.0636739 0.0641266 0.062998 0.0606577 0.057528 0.0540003 0.0503733 0.0467976 0.0432318 0.0394439 0.0351074 0.0299949 0.0241786 0.0180968
 0.00536342 0.00866209 0.0129714 0.0182977 0.0246096 0.0317574 0.0393824 0.046925 0.0537492 0.0592865 0.0631305 0.0650858 0.0651903 0.0636904 0.0609639 0.0574246 0.0534483 0.0493253 0.0452209 0.0411412 0.0369328 0.0323598 0.0272615 0.0217177 0.0161022
 0.00561489 0.00906863 0.0135808 0.0191575 0.0257636 0.0332362 0.041186 0.0490051 0.0559979 0.0615424 0.0652025 0.0667923 0.0663979 0.0643366 0.0610518 0.0569944 0.052543 0.0479705 0.0434293 0.0389406 0.0344036 0.0296579 0.0246062 0.0193407 0.0141798
 0.00584576 0.00944173 0.0141392 0.0199429 0.0268119 0.0345697 0.0428019 0.0508651 0.0580255 0.0636252 0.0671995 0.0685459 0.0677547 0.0651739 0.0613005 0.0566461 0.0516371 0.0465692 0.0415993 0.0367543 0.03196 0.0271034 0.0221316 0.0171442 0.0124114
 0.00604788 0.00976999 0.0146335 0.0206423 0.0277502 0.0357666 0.0442513 0.0525266 0.0598244 0.0654603 0.0689546 0.0701007 0.0689944 0.0659983 0.0616331 0.0564438 0.0508958 0.0453227 0.0399128 0.0347193 0.0296959 0.0247618 0.0198887 0.0151716 0.0108335
 0.00623402 0.0100744 0.0150955 0.0213014 0.0286403 0.0369058 0.0456293 0.0540968 0.0615048 0.0671446 0.0705273 0.0714519 0.0700315 0.0666518 0.0618571 0.0562127 0.0502037 0.0441866 0.0383778 0.0328639 0.0276348 0.0226423 0.0178753 0.0134162 0.00944014
 0.00643926 0.0103941 0.0155523 0.0219111 0.0294148 0.0378549 0.0467561 0.0553875 0.0629171 0.0686026 0.0719266 0.072677 0.0709773 0.0672412 0.0620471 0.0559901 0.0495759 0.0431766 0.0370265 0.0312377 0.0258325 0.0207939 0.0161263 0.0118991 0.00824263
 0.0065002 0.0104977 0.0157167 0.0221566 0.0297608 0.0383146 0.0473332 0.0560752 0.0637021 0.0694669 0.0728443 0.0736056 0.071852 0.0679796 0.0625638 0.0562139 0.0494627 0.0427135 0.0362317 0.0301612 0.0245574 0.0194325 0.0148057 0.010736 0.00731612
 0.00653946 0.0105533 0.0157864 0.0222364 0.0298502 0.0384237 0.0474849 0.0563008 0.0640296 0.069909 0.0733924 0.0742321 0.0725152 0.068627 0.0631329 0.0566356 0.0496708 0.0426578 0.0358915 0.0295533 0.0237384 0.0184928 0.0138537 0.00987459 0.00661822
 0.00653243 0.0105404 0.0157639 0.0221994 0.0297931 0.0383425 0.0473816 0.0561888 0.0639377 0.0698801 0.0734738 0.0744591 0.0728961 0.0691355 0.0637116 0.0572074 0.050152 0.0429727 0.0359856 0.0294068 0.0233732 0.0179702 0.0132608 0.00930122 0.00613401
 0.00657109 0.0105926 0.0158228 0.0222515 0.0298219 0.0383335 0.0473272 0.0560907 0.0638071 0.0697376 0.0733496 0.0743905 0.0729209 0.0692794 0.0639761 0.0575624 0.050539 0.0433174 0.0362166 0.0294746 0.0232642 0.0177112 0.0129101 0.00892957 0.00580245
 0.00670474 0.010789 0.0160789 0.0225493 0.0301315 0.0386191 0.0475536 0.0562281 0.0638363 0.0696554 0.0731718 0.074151 0.0726652 0.0690563 0.0638261 0.0575069 0.0505719 0.0434042 0.0363038 0.0295072 0.0232056 0.0175557 0.0126835 0.00867662 0.00556808
 0.00669031 0.0107923 0.016132 0.0226946 0.0304061 0.0390322 0.0480694 0.0567685 0.0643042 0.0699677 0.0732844 0.0740656 0.0724217 0.0687166 0.0634579 0.0571693 0.0503032 0.0432151 0.0361775 0.029409 0.0230985 0.0174173 0.0125136 0.00849413 0.00539905
 0.00663046 0.0107051 0.0160219 0.022579 0.0303182 0.039021 0.0481914 0.0570675 0.0647846 0.0705745 0.073909 0.074581 0.0727288 0.0687783 0.0633029 0.0568701 0.0499444 0.0428656 0.0358761 0.0291633 0.0228955 0.0172381 0.0123468 0.00834025 0.00526634
 0.00663959 0.0107042 0.0159921 0.0224946 0.0301563 0.0387759 0.0478877 0.0567638 0.064562 0.0705119 0.0740521 0.0749185 0.07319 0.0692558 0.0636938 0.0571125 0.0500319 0.042835 0.03578 0.0290457 0.0227801 0.0171316 0.0122482 0.00824962 0.00518727
 0.00659964 0.0106519 0.0159354 0.022445 0.0301211 0.0387487 0.0478452 0.0566755 0.0644104 0.0703126 0.073858 0.0748017 0.0732079 0.0694219 0.0639686 0.0574219 0.0503009 0.0430168 0.0358662 0.0290564 0.0227451 0.0170757 0.0121868 0.00819085 0.00513602
 0.00656332 0.0105893 0.0158358 0.0222993 0.029927 0.0385169 0.0476012 0.0564524 0.0642351 0.070194 0.0737888 0.0747725 0.0732235 0.0695015 0.0641309 0.0576644 0.0505921 0.0433073 0.0361107 0.0292301 0.0228474 0.0171217 0.0121961 0.00818045 0.00511796
 0.00662703 0.0106765 0.0159359 0.0223909 0.0299817 0.0385075 0.0475109 0.0562815 0.064003 0.0699359 0.0735453 0.0745776 0.0730957 0.0694455 0.0641445 0.0577433 0.0507274 0.0434804 0.0362931 0.0293923 0.0229691 0.0171974 0.0122327 0.00819064 0.00511426
