SBPRF35
12.7214
Curr Bio
638878
B35
877622
F35
0.169721
FOFL
0.127541
OFL
71058.6
Bzero
3.63469e+06
#pred survey bio
 3.57827e+06 3.47781e+06 3.38391e+06 3.22442e+06 3.03303e+06 2.82199e+06 2.57499e+06 2.29472e+06 2.06281e+06 1.86576e+06 1.64362e+06 1.42845e+06 1.2727e+06 1.14747e+06 997269 896172 815331 745591 695994 661428 617692 593153 582349 571377 563631 552659 548558 543417 549315 554064 558794 565530 567803 564101 572291 585692 601351 617099 628604 627788 631882 639117 641556 648282 659020 662135 660909 657113 654943 659239 643548 2.36155e+07 1.42571e+07 1.4681e+07 1.58036e+07 1.74008e+07 1.91801e+07 2.09179e+07 2.24813e+07 2.38123e+07 2.49028e+07 2.57724e+07 2.64528e+07 2.69782e+07 2.73805e+07 2.76869e+07 2.79196e+07 2.80965e+07 2.82309e+07 2.83335e+07 2.8412e+07 2.84723e+07 2.85189e+07 2.85551e+07 2.85832e+07 2.86053e+07 2.86227e+07 2.86364e+07 2.86473e+07 2.86559e+07 2.86628e+07 2.86683e+07 2.86728e+07 2.86763e+07 2.86792e+07 2.86816e+07 2.86835e+07 2.8685e+07 2.86862e+07 2.86873e+07 2.86881e+07 2.86888e+07 2.86893e+07 2.86898e+07 2.86901e+07 2.86904e+07 2.86907e+07 2.86909e+07 2.8691e+07 2.86912e+07 2.86913e+07 2.86914e+07 2.86914e+07 2.86915e+07 2.86916e+07 2.86916e+07 2.86916e+07 2.86917e+07 2.86917e+07 2.86917e+07 2.86917e+07 2.86917e+07 2.86917e+07 2.86917e+07 2.86917e+07 2.86918e+07 2.86918e+07 2.86918e+07 2.86918e+07 2.86918e+07 2.86918e+07 2.86918e+07 2.86918e+07 2.86918e+07 2.86918e+07 2.86918e+07 2.86918e+07 2.86918e+07 2.86918e+07 2.86918e+07 2.86918e+07 2.86918e+07 2.86918e+07 2.86918e+07 2.86918e+07 2.86918e+07 2.86918e+07 2.86918e+07 2.86918e+07 2.86918e+07 2.86918e+07 2.86918e+07 2.86918e+07 2.86918e+07 2.86918e+07 2.86918e+07 2.86918e+07 2.86918e+07 2.86918e+07 2.86918e+07 2.86918e+07 0 0 0 0 0 0 0 0 0 0 0 0 0 0 0 0 0 0 0 0 0 0 0 0 0
#obs survey bio
 3.49412e+06 3.25714e+06 2.58682e+06 3.09694e+06 3.4726e+06 2.94234e+06 1.58059e+06 2.15615e+06 1.94873e+06 1.80443e+06 1.63587e+06 1.17000e+06 875475 1.02852e+06 1.0371e+06 958522 704854 666202 584989 718806 862800 465839 687427 507486 498381 637620 503774 421043 635250 461834 440394 503407 657584 570724 539069 387707 609824 800904 624873 602649 765080 721677 651899 522631 638189 797854 763121 556684 693874 688574 869284
#pred catch bio
 94747.8 92243 158775 198010 229013 277116 323568 295199 277885 311751 312577 264403 240997 262796 217056 196892 184054 163274 147407 151136 130243 115686 113960 110030 111856 105310 105814 96820.1 99003.6 100239 99634.4 103810 108117 97501.8 93881.6 93400.8 94434.4 98258.2 107781 102445 99652.7 104160 101203 98737 105428 108375 109540 106996 100346 114726 71125.5 71058.6 93268.3 94786.1 100685 110433 121663 132628 142378 150535 157070 162141 165981 168836 170928 172444 173531 174306 174855 175243 175515 175705 175838 175931 175995 176040 176071 176093 176108 176118 176125 176130 176134 176136 176138 176139 176139 176140 176140 176141 176141 176141 176141 176141 176141 176141 176141 176141 176141 176141 176141 176141 176141 176141 176141 176141 176141 176141 176141 176141 176141 176141 176141 176141 176141 176141 176141 176141 176141 176141 176141 176141 176141 176141 176141 176141 176141 176141 176141 176141 176141 176141 176141 176141 176141 176141 176141 176141 176141 176141 176141 176141 176141 176141 176141 176141 176141 176141 176141 176141 176141 0 0 0 0 0 0 0 0 0 0 0 0 0 0 0 0 0 0 0 0 0 0 0 0 0
#obs catch bio
 0 91891 159156 198305 228936 277420 325607 296205 278995 314161 315730 265993 243282 267001 219000 197352 184541 163971 148326 152856 130690 115922 113443 110003 112151 105545 106535 97118.1 99172.2 101048 100568 104926 109005 98189.1 94198 94395.1 95336 98778 108404 102620 99423.1 104198 101476 99322.4 106104 108413 109685 107471 100522 115362 70848.4
#pred cpue bio
 3.52891e+06 3.43005e+06 3.33736e+06 3.17833e+06 2.98725e+06 2.77661e+06 2.53033e+06 2.25127e+06 2.02019e+06 1.82384e+06 1.60323e+06 1.39002e+06 1.23556e+06 1.11145e+06 963424 863933 784511 716146 667674 634052 591752 568250 558057 547489 539861 529095 525091 520089 525750 530210 534644 541161 543521 540155 548327 561405 576634 592182 603763 603284 607449 614501 616738 623166 633685 636963 635975 632385 630449 634977 620300 2.28231e+07 1.38022e+07 1.40709e+07 1.50016e+07 1.65247e+07 1.82848e+07 2.00185e+07 2.15811e+07 2.29119e+07 2.40024e+07 2.4872e+07 2.55524e+07 2.60778e+07 2.648e+07 2.67864e+07 2.70192e+07 2.7196e+07 2.73305e+07 2.74331e+07 2.75116e+07 2.75719e+07 2.76185e+07 2.76546e+07 2.76828e+07 2.77049e+07 2.77223e+07 2.7736e+07 2.77468e+07 2.77555e+07 2.77624e+07 2.77679e+07 2.77723e+07 2.77759e+07 2.77788e+07 2.77811e+07 2.7783e+07 2.77845e+07 2.77858e+07 2.77868e+07 2.77876e+07 2.77883e+07 2.77889e+07 2.77893e+07 2.77897e+07 2.779e+07 2.77902e+07 2.77904e+07 2.77906e+07 2.77907e+07 2.77908e+07 2.77909e+07 2.7791e+07 2.77911e+07 2.77911e+07 2.77911e+07 2.77912e+07 2.77912e+07 2.77912e+07 2.77912e+07 2.77913e+07 2.77913e+07 2.77913e+07 2.77913e+07 2.77913e+07 2.77913e+07 2.77913e+07 2.77913e+07 2.77913e+07 2.77913e+07 2.77913e+07 2.77913e+07 2.77913e+07 2.77913e+07 2.77913e+07 2.77913e+07 2.77913e+07 2.77913e+07 2.77913e+07 2.77913e+07 2.77913e+07 2.77913e+07 2.77913e+07 2.77913e+07 2.77913e+07 2.77913e+07 2.77913e+07 2.77913e+07 2.77913e+07 2.77913e+07 2.77913e+07 2.77913e+07 2.77913e+07 2.77913e+07 2.77913e+07 2.77913e+07 2.77913e+07 2.77913e+07 2.77913e+07 2.77913e+07 2.77913e+07 0 0 0 0 0 0 0 0 0 0 0 0 0 0 0 0 0 0 0 0 0 0 0 0 0
#obs cpue bio
 3.12976e+06 2.83771e+06 5.53522e+06 2.62893e+06 3.1734e+06 2.34819e+06 2.75038e+06 2.4646e+06 1.71475e+06 1.69173e+06 1.34291e+06 1.71684e+06 1.18058e+06 1.00588e+06 949656 1.11346e+06 884845 664290 606641 456429 538937 709521 785018 456663 527404 419141 425154 700102 511364 371314 516654 498657 541147 435531 701037 413838 529886 581835 628476 735214 671873 477914 463518 510894 644609 823474 508002 558494 601115 733736 511940
#pred surv len freq
 0.00488173 0.0079029 0.0118517 0.0166973 0.0223202 0.0284403 0.0345859 0.0402016 0.0448548 0.0483775 0.0508475 0.0524673 0.0534543 0.0539888 0.0542036 0.054191 0.0540177 0.0537248 0.0532837 0.0525035 0.0509573 0.0480422 0.0432449 0.0365095 0.0284501
 0.00506989 0.00812585 0.0120383 0.0167416 0.0221242 0.0279733 0.0339227 0.0395059 0.0443076 0.0480942 0.0508348 0.0526429 0.0537095 0.0542514 0.0544667 0.0544995 0.0544247 0.054242 0.0538512 0.0529988 0.0512435 0.0480335 0.0429502 0.0360277 0.02792
 0.00524456 0.00841571 0.012479 0.017353 0.0228863 0.0288023 0.0346688 0.0399932 0.0444117 0.0478106 0.0502877 0.05202 0.0531685 0.0538627 0.0542219 0.0543612 0.0543682 0.0542576 0.0539167 0.053055 0.051202 0.0478187 0.0425457 0.0354918 0.0273573
 0.00543184 0.00871915 0.0129348 0.0179966 0.0237469 0.0298904 0.0359548 0.0413873 0.0457577 0.0489121 0.0509659 0.0521825 0.0528471 0.0531937 0.0533794 0.0534879 0.0535437 0.0535055 0.0532243 0.0523864 0.0505094 0.0470637 0.0417275 0.0346593 0.0265921
 0.0056495 0.0090655 0.0134427 0.0186934 0.0246521 0.0310109 0.0372774 0.0428706 0.0473269 0.0504561 0.0523388 0.0532196 0.0534023 0.0531889 0.0528374 0.0525249 0.0523204 0.0521685 0.0518688 0.0510519 0.0492008 0.0457816 0.0404944 0.0335278 0.0256287
 0.00587895 0.00943391 0.0139887 0.0194503 0.0256425 0.0322382 0.0387173 0.0444675 0.0490013 0.052116 0.0538865 0.0545489 0.0543954 0.0537265 0.0528274 0.0519378 0.0512094 0.0506557 0.0501047 0.0491737 0.0473129 0.0439633 0.0388174 0.0320646 0.0244411
 0.00612858 0.00983829 0.0145948 0.0203012 0.0267701 0.0336509 0.0403869 0.0463238 0.0509408 0.0540204 0.0556411 0.0560515 0.0555552 0.0544583 0.0530503 0.0515868 0.0502585 0.0491411 0.0481297 0.0468918 0.0448987 0.0415879 0.0366338 0.0301956 0.0229639
 0.0064694 0.0103779 0.0153806 0.0213691 0.0281404 0.0353213 0.0423217 0.0484476 0.0531431 0.0561711 0.0576084 0.0577161 0.0568186 0.055243 0.0532956 0.0512443 0.049296 0.0475586 0.0459817 0.0443013 0.0420527 0.0387127 0.0339568 0.0279035 0.0211683
 0.00677285 0.0108614 0.0160901 0.0223415 0.0293982 0.0368641 0.0441162 0.0504241 0.0552032 0.0582041 0.0595052 0.0593756 0.0581484 0.0561593 0.0537243 0.0511224 0.0485753 0.0462162 0.0440388 0.0418457 0.0392507 0.0357968 0.031185 0.0255018 0.0192787
 0.00696206 0.0111789 0.0165864 0.0230704 0.0304062 0.0381739 0.0457099 0.0522374 0.0571359 0.0601408 0.0613346 0.0610001 0.0594852 0.0571365 0.0542758 0.0511854 0.0480925 0.0451465 0.0423774 0.0396494 0.036658 0.033025 0.028495 0.0231364 0.0174005
 0.00720935 0.0115801 0.0171895 0.0239212 0.031542 0.0396116 0.0474317 0.0541814 0.0591992 0.0621941 0.0632421 0.0626389 0.0607584 0.0579783 0.054646 0.0510572 0.0474422 0.0439531 0.0406382 0.0374081 0.0340324 0.0302148 0.0257538 0.0207114 0.015465
 0.00759792 0.0121832 0.0180445 0.0250455 0.0329333 0.0412487 0.0492706 0.0561518 0.0612072 0.0641317 0.0649991 0.0641127 0.0618614 0.0586438 0.0548316 0.0507417 0.0466183 0.0426214 0.0388128 0.0351365 0.0314217 0.027445 0.0230587 0.018325 0.0135558
 0.00786491 0.0126137 0.0186849 0.0259348 0.0340934 0.0426711 0.0509055 0.0579088 0.0629737 0.0657996 0.0664832 0.0653521 0.0628096 0.0592583 0.0550702 0.0505661 0.0459989 0.0415433 0.0372826 0.0331965 0.0291675 0.0250351 0.0206987 0.0162228 0.0118648
 0.00794738 0.0127707 0.0189642 0.0263961 0.0347964 0.0436547 0.052167 0.0593942 0.0645853 0.067416 0.0679833 0.0666344 0.0638023 0.0599193 0.0553772 0.0505042 0.0455535 0.0407014 0.0360445 0.0315932 0.0272786 0.0229964 0.0186883 0.0144221 0.0104092
 0.00822812 0.0132107 0.0195967 0.0272437 0.0358707 0.044954 0.0536687 0.0610468 0.0663037 0.069087 0.0694798 0.0678357 0.0646159 0.0602949 0.0553085 0.0500166 0.0446854 0.0394902 0.0345251 0.029811 0.0253091 0.0209572 0.0167305 0.0126985 0.00903141
 0.0084431 0.0135423 0.0200628 0.0278501 0.0366119 0.0458161 0.0546305 0.0620801 0.0673753 0.0701607 0.070514 0.068778 0.0654004 0.0608482 0.0555644 0.0499313 0.0442446 0.0387066 0.0334318 0.0284599 0.0237765 0.0193486 0.0151744 0.0113217 0.00792673
 0.00858287 0.0137723 0.0204133 0.0283485 0.0372752 0.046639 0.055577 0.0630852 0.0683613 0.0710595 0.0712828 0.0693997 0.0658703 0.0611583 0.0556936 0.0498472 0.0439143 0.0381104 0.0325739 0.0273738 0.0225268 0.0180288 0.0138955 0.0101907 0.00701996
 0.00871454 0.013981 0.0207179 0.0287645 0.0378131 0.0473019 0.0563542 0.0639468 0.0692561 0.0719206 0.0720396 0.0699935 0.0662668 0.0613496 0.0556892 0.0496591 0.0435465 0.0375591 0.0318378 0.0264683 0.0214947 0.0169419 0.0128439 0.00926226 0.00627721
 0.00878945 0.0140975 0.0208836 0.028984 0.0380887 0.0476345 0.0567434 0.0643895 0.0697451 0.072442 0.07257 0.0704988 0.0667052 0.0616794 0.055878 0.0496887 0.0434105 0.0372579 0.0313761 0.02586 0.0207713 0.016157 0.0120679 0.00856662 0.00571474
 0.00867624 0.0139419 0.0207023 0.0288102 0.0379637 0.0475934 0.0568041 0.0645512 0.0699953 0.0727654 0.0729533 0.0709279 0.0671595 0.0621278 0.0562804 0.0500023 0.043599 0.0372967 0.0312557 0.025587 0.0203706 0.0156722 0.0115568 0.00808916 0.00531787
 0.00874347 0.0140335 0.0208086 0.0289146 0.0380513 0.0476624 0.0568723 0.0646494 0.0701508 0.0729856 0.0732204 0.0712082 0.0674192 0.0623439 0.0564408 0.0500988 0.0436211 0.0372314 0.0310922 0.025324 0.0200216 0.0152672 0.0111384 0.00770248 0.0049983
 0.00882311 0.0141398 0.020925 0.0290103 0.0380884 0.047609 0.0567161 0.064406 0.0698642 0.072719 0.0730396 0.0711609 0.0675194 0.0625696 0.0567446 0.0504253 0.04392 0.0374632 0.0312299 0.0253544 0.0199475 0.015109 0.0109299 0.0074833 0.00480262
 0.00892195 0.0142774 0.0210888 0.0291716 0.0382077 0.0476456 0.0566386 0.0642006 0.0695408 0.0723146 0.072616 0.0707937 0.0672787 0.0624992 0.056849 0.0506705 0.0442462 0.0378035 0.0315261 0.0255667 0.020059 0.0151249 0.0108735 0.00738708 0.00469846
 0.0090512 0.014476 0.0213647 0.0295213 0.0386125 0.0480696 0.0570282 0.064491 0.0696709 0.0722468 0.0723514 0.0703754 0.0667817 0.0620107 0.056446 0.0504003 0.0441174 0.0377889 0.0315772 0.025632 0.0200992 0.0151214 0.0108283 0.00731602 0.00462164
 0.00905993 0.0145033 0.0214296 0.0296487 0.0388255 0.0483777 0.0574167 0.0649173 0.070072 0.0725538 0.0725066 0.0703474 0.0665747 0.0616654 0.0560298 0.0499888 0.0437727 0.0375441 0.0314314 0.0255587 0.0200624 0.0150908 0.0107882 0.00726562 0.00456881
 0.00909786 0.0145611 0.0215102 0.0297546 0.0389612 0.0485518 0.0576403 0.0651984 0.0704046 0.0729103 0.0728371 0.0705907 0.0666767 0.0615983 0.0558027 0.0496458 0.0433788 0.0371642 0.0311118 0.0253178 0.0198935 0.0149741 0.0107032 0.00719923 0.00451579
 0.00911232 0.0145791 0.0215274 0.0297639 0.0389556 0.0485286 0.0576056 0.0651682 0.0704027 0.0729607 0.072954 0.0707682 0.0668851 0.0617904 0.0559302 0.0496782 0.0433148 0.0370304 0.0309488 0.025163 0.0197687 0.0148838 0.0106409 0.00715547 0.00448381
 0.00922115 0.0147369 0.0217292 0.0299918 0.039183 0.0487274 0.0577527 0.06525 0.070417 0.0729181 0.0728765 0.0706834 0.0668162 0.0617462 0.0559009 0.0496406 0.0432451 0.0369173 0.0307999 0.0249996 0.0196149 0.0147565 0.0105457 0.00708949 0.00444044
 0.00926789 0.014805 0.0218167 0.0300906 0.0392798 0.0488056 0.0577958 0.065245 0.0703589 0.0728137 0.0727449 0.0705523 0.0667142 0.0616938 0.0559039 0.0496876 0.0433123 0.0369777 0.0308336 0.0250009 0.0195909 0.0147203 0.0105094 0.0070599 0.00441929
 0.00926945 0.0148162 0.0218489 0.0301584 0.0393952 0.0489703 0.057995 0.0654478 0.070527 0.0729138 0.0727595 0.0704842 0.0665845 0.0615345 0.0557476 0.0495585 0.0432195 0.036916 0.0307894 0.0249605 0.0195473 0.0146741 0.0104657 0.00702361 0.00439281
 0.00920521 0.0147254 0.021738 0.0300436 0.0392998 0.0489191 0.0580078 0.0655337 0.07068 0.0731108 0.0729645 0.0706579 0.0666972 0.0615753 0.0557262 0.049498 0.0431462 0.036849 0.0307364 0.0249199 0.0195136 0.0146432 0.010437 0.00699872 0.00437353
 0.00906319 0.0145134 0.0214547 0.029702 0.0389259 0.0485483 0.0576811 0.0652933 0.0705618 0.0731351 0.0731275 0.070931 0.0670334 0.0619228 0.056042 0.0497576 0.0433447 0.0369956 0.030845 0.0250017 0.0195748 0.0146865 0.0104645 0.00701386 0.0043803
 0.0089615 0.0143549 0.0212296 0.0294075 0.0385685 0.048147 0.0572687 0.0649149 0.0702667 0.072965 0.0731063 0.0710592 0.0672893 0.0622673 0.0564275 0.0501378 0.0436848 0.0372768 0.0310644 0.0251661 0.0196944 0.0147708 0.0105211 0.00704931 0.00440058
 0.008996 0.0143961 0.021264 0.0294132 0.0385207 0.0480272 0.0570734 0.0646587 0.0699798 0.0726862 0.0728752 0.0709092 0.0672407 0.0623233 0.0565731 0.0503441 0.0439163 0.0375009 0.0312582 0.0253192 0.0198067 0.0148482 0.0105715 0.00708013 0.00441806
 0.00907845 0.0145021 0.0213714 0.0294831 0.0385071 0.0478923 0.0568029 0.0642675 0.0695091 0.0721942 0.0724259 0.0705608 0.0670358 0.0622814 0.0566884 0.0505882 0.0442456 0.0378663 0.0316151 0.0256346 0.0200629 0.015041 0.0107065 0.00716813 0.00447126
 0.009035 0.0144477 0.021318 0.0294478 0.0385018 0.0479115 0.0568158 0.0642264 0.0693695 0.0719391 0.0720781 0.0701777 0.0666896 0.0620368 0.0565858 0.0506376 0.0444282 0.0381429 0.0319371 0.0259559 0.0203482 0.0152705 0.0108753 0.00728189 0.00454163
 0.00884407 0.0141672 0.0209522 0.0290227 0.0380606 0.0475047 0.0564903 0.0640139 0.0692777 0.0719467 0.0721423 0.0702531 0.0667504 0.062088 0.0566573 0.0507654 0.0446353 0.0384286 0.0322775 0.0263133 0.020684 0.0155553 0.0110944 0.00743536 0.00463944
 0.0086871 0.0139157 0.0205823 0.0285191 0.0374255 0.0467676 0.0557154 0.0632948 0.0687147 0.071616 0.0720714 0.070416 0.067083 0.0625155 0.05712 0.051232 0.0450999 0.0388957 0.0327465 0.0267707 0.0211055 0.0159161 0.0113781 0.00763901 0.00477238
 0.0085858 0.0137549 0.0203473 0.0281976 0.0370091 0.0462549 0.0551178 0.0626434 0.0680637 0.0710382 0.0716447 0.0702025 0.0671093 0.0627641 0.0575376 0.0517505 0.0456589 0.0394545 0.0332825 0.0272696 0.0215534 0.0162976 0.0116813 0.00786075 0.00492024
 0.00862832 0.0138123 0.0204115 0.0282525 0.037033 0.0462252 0.0550157 0.0624566 0.067789 0.0706853 0.0712407 0.0697934 0.0667536 0.062518 0.0574373 0.0518012 0.0458367 0.0397192 0.0335925 0.0275907 0.02186 0.0165704 0.0119066 0.0080318 0.00503841
 0.00871296 0.013931 0.0205548 0.0283986 0.0371524 0.0462888 0.055002 0.0623552 0.0676002 0.0704191 0.0709155 0.0694354 0.0663969 0.0622026 0.0572035 0.0516804 0.0458419 0.0398406 0.0338013 0.0278487 0.0221297 0.0168215 0.0121188 0.00819524 0.00515285
 0.00874983 0.0139917 0.0206464 0.0285257 0.0373125 0.0464678 0.0551717 0.0624772 0.0676376 0.070349 0.0707371 0.0691694 0.0660776 0.0618698 0.056897 0.0514362 0.0456875 0.0397897 0.0338496 0.027975 0.022302 0.0170062 0.0122884 0.00833273 0.00525241
 0.00876857 0.0140273 0.0207096 0.0286295 0.0374691 0.0466826 0.0554372 0.0627698 0.0679187 0.0705718 0.0708576 0.0691581 0.0659289 0.0616039 0.056555 0.0510698 0.0453475 0.0395167 0.0336672 0.0278868 0.0222937 0.017052 0.0123597 0.00840596 0.00531309
 0.00868069 0.0139005 0.0205491 0.028452 0.0372998 0.04655 0.0553674 0.0627815 0.0680185 0.0707505 0.0710878 0.0693981 0.0661323 0.0617332 0.0565926 0.0510231 0.0452448 0.039397 0.0335674 0.0278313 0.0222893 0.0170897 0.0124213 0.00847214 0.00536997
 0.00852016 0.0136562 0.0202134 0.0280312 0.0368152 0.0460373 0.0548756 0.0623686 0.0677414 0.07065 0.071177 0.069658 0.0665167 0.0621798 0.0570383 0.0514179 0.0455625 0.0396367 0.0337471 0.0279758 0.0224185 0.0172122 0.0125349 0.0085699 0.00544572
 0.00849707 0.0136075 0.0201198 0.0278692 0.0365644 0.0456917 0.0544528 0.0619117 0.06731 0.0703058 0.0709689 0.0696127 0.0666345 0.0624357 0.0573871 0.051805 0.0459371 0.0399632 0.0340112 0.0281816 0.0225797 0.0173426 0.0126425 0.00865675 0.00551151
 0.00849349 0.0136047 0.0201203 0.027874 0.0365694 0.0456834 0.0544077 0.0618033 0.0671219 0.0700448 0.0706698 0.0693294 0.066423 0.0623358 0.0574113 0.0519374 0.0461415 0.0401962 0.0342356 0.0283748 0.0227348 0.0174628 0.0127349 0.00872683 0.00556278
 0.00843169 0.0135187 0.0200177 0.0277714 0.0364875 0.0456395 0.054408 0.0618387 0.0671692 0.0700729 0.0706507 0.0692511 0.0662973 0.0621965 0.0573014 0.0518919 0.0461738 0.0402963 0.034377 0.0285274 0.0228755 0.0175795 0.0128249 0.00879268 0.00560863
 0.00834761 0.0133874 0.0198312 0.0275283 0.0361963 0.0453212 0.0540975 0.0615791 0.0669995 0.0700136 0.0706947 0.0693672 0.0664447 0.0623424 0.0574331 0.052017 0.0463103 0.040458 0.0345644 0.0287275 0.0230684 0.0177477 0.0129585 0.00889017 0.00567431
 0.00800159 0.0128805 0.0191713 0.0267587 0.035383 0.0445333 0.0533922 0.0609999 0.0665815 0.0697864 0.070678 0.0695619 0.0668259 0.0628616 0.0580302 0.0526368 0.0469144 0.0410268 0.0350893 0.0292018 0.0234826 0.0180916 0.0132258 0.00908283 0.00580215
 0.00761263 0.012297 0.0183859 0.0258016 0.0343193 0.0434533 0.0524004 0.0601997 0.0660546 0.0695718 0.0707649 0.0699015 0.0673543 0.0635179 0.0587626 0.0534005 0.0476701 0.0417425 0.0357428 0.0297793 0.0239756 0.0184946 0.0135375 0.0093078 0.00595206
#obs surv len freq
 nan nan nan nan nan nan nan nan nan nan nan nan nan nan nan nan nan nan nan nan nan nan nan nan nan
 0.004489 0.00735227 0.011184 0.0160013 0.021702 0.0279765 0.034289 0.0400184 0.0446961 0.0481581 0.0505145 0.052009 0.0529 0.0534114 0.0537249 0.0539792 0.0542573 0.0545497 0.0546883 0.0542801 0.0527183 0.0493508 0.0438012 0.0362821 0.0276667
 0.00462162 0.00757096 0.0115184 0.0164797 0.022344 0.0287822 0.035228 0.0410281 0.0456906 0.0490463 0.0512173 0.0524715 0.0530955 0.053341 0.0534123 0.0534629 0.0535818 0.0537585 0.0538209 0.0533741 0.0518131 0.0484905 0.0430315 0.0356419 0.0271774
 0.00477464 0.00782289 0.0119036 0.0170326 0.0230927 0.0297379 0.0363734 0.0423108 0.0470272 0.0503349 0.0523524 0.0533577 0.0536597 0.0535403 0.053238 0.0529378 0.0527525 0.0526857 0.0525721 0.0520203 0.0504302 0.0471593 0.0418322 0.0346406 0.0264107
 0.00497298 0.00814429 0.0123855 0.0177097 0.0239911 0.0308654 0.0377094 0.0438009 0.0485892 0.0518706 0.0537597 0.0545386 0.0545253 0.0540178 0.0532787 0.0525244 0.0519022 0.0514482 0.0510244 0.0502616 0.0485773 0.0453408 0.0401747 0.0332474 0.02534
 0.00517769 0.00848199 0.0129027 0.0184523 0.0249951 0.0321422 0.0392313 0.0454975 0.050359 0.0536015 0.0553468 0.0558906 0.0555636 0.054673 0.0534915 0.052251 0.0511237 0.0501805 0.0493254 0.0482339 0.0463648 0.0431159 0.0381139 0.0314976 0.0239867
 0.00541005 0.00886054 0.0134742 0.0192617 0.0260777 0.0335114 0.0408644 0.047329 0.0522874 0.0555069 0.0571091 0.0574031 0.0567386 0.0554415 0.0537992 0.0520547 0.0503933 0.0489089 0.047545 0.0460321 0.043891 0.0405702 0.0357151 0.0294359 0.022379
 0.00565393 0.00926049 0.0140825 0.020129 0.027243 0.0349867 0.0426188 0.0492845 0.0543308 0.0575117 0.0589558 0.0589885 0.0579776 0.0562652 0.0541523 0.0518932 0.0496841 0.0476362 0.0457255 0.0437368 0.0412618 0.0378168 0.0330818 0.0271457 0.0205772
 0.00589866 0.0096615 0.014692 0.0209981 0.0284122 0.0364707 0.0443908 0.0512695 0.0564153 0.059565 0.0608509 0.0606159 0.0592494 0.0571147 0.0545289 0.0517572 0.0490036 0.046392 0.0439252 0.0414388 0.0385967 0.0349906 0.0303474 0.0247434 0.0186713
 0.00613602 0.0100507 0.0152842 0.021843 0.0295494 0.0379146 0.0461153 0.053202 0.0584469 0.0615705 0.0627085 0.0622186 0.0605099 0.0579648 0.0549176 0.0516462 0.0483639 0.0452049 0.0421953 0.0392154 0.0359982 0.0322122 0.0276364 0.0223426 0.016753
 0.0063788 0.0104487 0.0158893 0.0227055 0.0307079 0.0393808 0.0478576 0.0551408 0.0604659 0.0635398 0.064506 0.0637423 0.0616811 0.058726 0.055228 0.0514765 0.047692 0.0440176 0.0404979 0.0370529 0.0334787 0.0295168 0.0249992 0.0199983 0.0148717
 0.0065984 0.0108106 0.0164429 0.0235 0.0317828 0.0407501 0.0494946 0.0569719 0.062381 0.0654129 0.0662166 0.0651881 0.0627836 0.0594299 0.055498 0.0512908 0.0470369 0.0428866 0.0389001 0.0350309 0.0311304 0.0270064 0.0225404 0.0178075 0.0131086
 0.00681028 0.011158 0.0169714 0.0242539 0.0327968 0.0420358 0.0510263 0.0586812 0.0641654 0.0671552 0.0678031 0.0665217 0.0637886 0.0600538 0.0557087 0.0510721 0.0463829 0.0417994 0.037395 0.0331514 0.0289666 0.0247054 0.0202929 0.0158066 0.0114975
 0.00706244 0.0115657 0.0175802 0.0251041 0.0339144 0.0434198 0.0526356 0.0604311 0.06594 0.0688301 0.069267 0.0676881 0.0645985 0.0604732 0.0557235 0.0506821 0.0455966 0.0406314 0.0358701 0.0313166 0.0269071 0.0225528 0.0182143 0.0139699 0.0100254
 0.00726325 0.0119028 0.0181068 0.0258745 0.0349709 0.044772 0.0542416 0.0621942 0.0677255 0.0704959 0.0706904 0.0687804 0.0653067 0.0607752 0.0556203 0.0501898 0.0447392 0.0394372 0.0343744 0.0295711 0.0249928 0.0205868 0.0163404 0.0123292 0.00871877
 0.00743734 0.0121858 0.0185335 0.0264788 0.0357814 0.0458035 0.0554838 0.0636025 0.0692211 0.071974 0.0720356 0.0698839 0.0660832 0.0611726 0.0556216 0.049806 0.043999 0.0383789 0.0330439 0.0280265 0.0233134 0.0188779 0.014725 0.0109246 0.00760613
 0.00749667 0.0122918 0.0187109 0.0267575 0.0361909 0.0463644 0.0561988 0.0644539 0.0701741 0.072982 0.0730437 0.0708281 0.0668916 0.0617721 0.0559496 0.0498214 0.0436879 0.0377537 0.0321395 0.0268985 0.0220384 0.017553 0.0134585 0.00981696 0.00672609
 0.00756331 0.0123861 0.018828 0.0268873 0.0363251 0.0465061 0.0563686 0.0646858 0.0705027 0.0734281 0.0736034 0.0714715 0.0675668 0.0624125 0.0564819 0.0501749 0.0438063 0.0376045 0.0317211 0.0262418 0.0212049 0.0166286 0.0125406 0.00899572 0.00606454
 0.0076422 0.0125084 0.0189998 0.027108 0.0365851 0.0467856 0.0566396 0.06492 0.0706844 0.0735653 0.0737276 0.0716238 0.067777 0.0626825 0.0567806 0.0504465 0.0439841 0.0376285 0.0315528 0.0258753 0.0206708 0.015989 0.0118758 0.00838403 0.00556327
 0.00773885 0.0126599 0.0192172 0.0273963 0.0369414 0.0471958 0.0570756 0.0653404 0.0710418 0.0738195 0.0738591 0.0716417 0.0677161 0.0625895 0.0566943 0.0503813 0.0439239 0.0375343 0.0313801 0.0255935 0.020278 0.0155153 0.011375 0.00791607 0.00517526
 0.00778774 0.0127403 0.0193395 0.0275704 0.0371737 0.0474856 0.0574111 0.0656975 0.0713878 0.0741187 0.0740806 0.0717657 0.0677385 0.0625242 0.0565696 0.050229 0.043766 0.0373733 0.0311996 0.02537 0.019997 0.0151835 0.0110207 0.00757898 0.00489081
 0.00779074 0.012742 0.0193366 0.0275596 0.0371542 0.0474627 0.0573983 0.0657139 0.0714511 0.0742372 0.0742478 0.0719606 0.0679325 0.0626897 0.0566888 0.0502973 0.043789 0.0373588 0.0311501 0.0252808 0.0198621 0.015005 0.0108143 0.00737037 0.00470647
 0.00782836 0.0127926 0.0193932 0.0276087 0.0371799 0.0474522 0.0573477 0.0656315 0.071356 0.0741555 0.0742051 0.0719743 0.0680053 0.0628085 0.0568291 0.0504322 0.0438974 0.0374289 0.0311775 0.0252646 0.0198034 0.0149089 0.0106923 0.00724012 0.00458674
 0.00787726 0.0128695 0.0195035 0.0277536 0.0373534 0.0476392 0.0575229 0.0657636 0.071418 0.0741355 0.0741132 0.0718393 0.0678637 0.0626912 0.0567522 0.0503945 0.0438851 0.0374234 0.0311622 0.0252291 0.0197439 0.0148276 0.0105969 0.0071424 0.00449863
 0.00786074 0.0128448 0.0194705 0.0277142 0.037312 0.0476018 0.0574962 0.0657526 0.071423 0.0741507 0.0741286 0.0718465 0.0678614 0.0626874 0.0567597 0.0504239 0.0439379 0.0374913 0.0312303 0.0252819 0.0197709 0.014826 0.0105711 0.00710194 0.00445457
 0.00788222 0.0128695 0.0194891 0.0277125 0.0372756 0.0475234 0.0573811 0.0656191 0.071296 0.0740532 0.0740738 0.0718353 0.0678852 0.0627339 0.0568191 0.0504918 0.0440136 0.0375735 0.0313136 0.0253573 0.0198286 0.0148599 0.0105814 0.0070941 0.00443702
 0.00788728 0.0128791 0.0195056 0.0277369 0.0373057 0.0475509 0.0573916 0.0655965 0.0712304 0.0739482 0.0739483 0.0717163 0.0677972 0.0626899 0.0568191 0.0505266 0.0440716 0.0376442 0.0313886 0.0254287 0.0198891 0.0149038 0.0106066 0.00710292 0.00443473
 0.00790264 0.0128996 0.0195282 0.0277567 0.0373173 0.0475516 0.0573819 0.0655786 0.0712054 0.0739135 0.0738995 0.0716523 0.0677243 0.0626216 0.0567704 0.0505077 0.0440841 0.0376824 0.0314425 0.025488 0.0199445 0.0149486 0.0106375 0.00712008 0.00444123
 0.00786149 0.0128384 0.0194467 0.0276579 0.0372068 0.0474351 0.0572651 0.0654676 0.0711076 0.0738378 0.0738534 0.0716395 0.0677432 0.0626667 0.0568362 0.0505905 0.044182 0.0377923 0.0315588 0.0256021 0.0200477 0.0150337 0.010701 0.00716234 0.00446593
 0.00784957 0.0128117 0.0193933 0.027564 0.0370613 0.0472371 0.0570291 0.0652223 0.0708871 0.0736707 0.0737557 0.0716138 0.0677822 0.0627583 0.0569663 0.0507457 0.0443505 0.0379647 0.0317272 0.0257592 0.0201864 0.0151483 0.0107883 0.00722312 0.0045041
 0.00784566 0.0128034 0.0193768 0.0275332 0.0370079 0.0471516 0.0569035 0.0650541 0.0706845 0.0734541 0.0735551 0.0714602 0.0676982 0.0627522 0.0570319 0.0508673 0.0445087 0.0381409 0.0319061 0.0259285 0.0203369 0.0152735 0.0108851 0.00729195 0.00454866
 0.00783193 0.0127815 0.0193447 0.0274891 0.0369503 0.0470794 0.0568159 0.0649509 0.070566 0.0733225 0.0734167 0.0713272 0.0675887 0.0626855 0.0570224 0.050919 0.0446145 0.0382853 0.0320701 0.0260943 0.0204898 0.0154037 0.0109874 0.00736582 0.00459738
 0.00779049 0.0127164 0.0192511 0.0273646 0.0367958 0.0469005 0.0566238 0.0647611 0.0703957 0.0731854 0.0733202 0.0712725 0.0675737 0.0627084 0.0570839 0.0510207 0.0447556 0.0384592 0.0322641 0.0262918 0.0206744 0.0155625 0.0111131 0.00745712 0.00465799
 0.00776133 0.0126636 0.0191621 0.0272252 0.0365952 0.0466376 0.0563125 0.0644312 0.0700853 0.0729315 0.073149 0.0711955 0.067588 0.0628016 0.0572389 0.051221 0.0449869 0.0387097 0.0325217 0.026543 0.0209048 0.0157597 0.0112694 0.00757114 0.00473402
 0.00772309 0.0126017 0.019069 0.0270937 0.0364186 0.0464119 0.0560394 0.0641209 0.0697589 0.0726195 0.072887 0.0710162 0.0675137 0.0628382 0.0573767 0.0514386 0.0452586 0.0390103 0.032829 0.0268384 0.0211727 0.0159877 0.0114501 0.00770334 0.00482263
 0.00768203 0.0125345 0.0189673 0.0269497 0.0362273 0.0461736 0.0557621 0.0638208 0.0694569 0.072338 0.0726467 0.0708367 0.0674124 0.0628289 0.0574651 0.0516192 0.0455142 0.0393157 0.0331563 0.0271609 0.0214683 0.0162402 0.0116507 0.00785057 0.00492173
 0.00769401 0.0125509 0.0189859 0.0269656 0.0362331 0.0461602 0.0557201 0.063742 0.0693373 0.0721796 0.0724588 0.0706354 0.0672188 0.0626664 0.0573554 0.0515787 0.0455498 0.0394222 0.0333176 0.027354 0.0216684 0.0164257 0.0118064 0.0079694 0.00500411
 0.00765145 0.0124878 0.0189023 0.0268654 0.0361227 0.046046 0.0556072 0.0636335 0.0692345 0.0720826 0.0723678 0.0705515 0.0671458 0.0626108 0.0573271 0.0515887 0.0456072 0.0395303 0.0334712 0.0275389 0.0218645 0.0166121 0.0119663 0.00809338 0.00509105
 0.00762832 0.0124497 0.0188444 0.0267839 0.0360165 0.0459194 0.0554708 0.0635025 0.0691242 0.0720023 0.0723182 0.070526 0.0671352 0.0626087 0.0573327 0.051607 0.0456467 0.0395991 0.0335726 0.0276691 0.0220119 0.0167605 0.0120999 0.00820119 0.00516903
 0.00762992 0.0124518 0.0188464 0.0267843 0.0360128 0.0459078 0.055447 0.0634635 0.0690698 0.0719368 0.0722492 0.0704614 0.0670803 0.0625649 0.0572989 0.0515831 0.0456354 0.0396061 0.0336037 0.0277263 0.0220909 0.0168514 0.01219 0.00827933 0.00522878
 0.00761804 0.0124347 0.0188249 0.0267604 0.0359891 0.0458865 0.0554286 0.0634466 0.0690516 0.0719144 0.0722208 0.0704279 0.0670452 0.0625326 0.0572737 0.0515673 0.0456307 0.0396142 0.0336269 0.0277662 0.0221465 0.0169173 0.0122579 0.00834059 0.00527735
 0.00759551 0.0124001 0.0187766 0.0266988 0.0359168 0.0458085 0.0553523 0.0633805 0.0690034 0.0718881 0.0722156 0.0704388 0.0670655 0.0625572 0.0572999 0.0515951 0.0456614 0.0396497 0.0336689 0.0278158 0.022203 0.016978 0.0123176 0.00839361 0.00531947
 0.00756196 0.012346 0.0186963 0.0265881 0.0357746 0.0456392 0.0551675 0.0631989 0.0688469 0.0717762 0.0721606 0.0704432 0.0671226 0.062654 0.0574211 0.0517269 0.0457937 0.0397767 0.0337881 0.0279263 0.0223042 0.0170686 0.0123955 0.00845655 0.00536642
 0.00754256 0.0123126 0.0186425 0.026507 0.0356604 0.0454899 0.054988 0.0630015 0.0686506 0.0716028 0.0720304 0.0703714 0.0671164 0.0627111 0.057531 0.0518734 0.0459593 0.039946 0.03395 0.0280739 0.0224341 0.0171788 0.012485 0.00852543 0.0054158
 0.00752668 0.0122883 0.0186088 0.0264632 0.0356056 0.0454224 0.054905 0.0629009 0.0685327 0.0714732 0.0719005 0.0702571 0.0670346 0.0626752 0.0575473 0.0519398 0.0460657 0.0400778 0.0340917 0.0282124 0.0225599 0.0172863 0.0125718 0.00859113 0.00546214
 0.00754823 0.0123181 0.0186439 0.0264977 0.0356321 0.0454348 0.0548998 0.0628774 0.0684911 0.0714133 0.0718224 0.0701632 0.066932 0.0625768 0.0574681 0.0518928 0.0460578 0.0401078 0.0341511 0.0282891 0.0226416 0.0173631 0.0126371 0.00864212 0.00549865
 0.00750964 0.0122665 0.0185864 0.0264469 0.0356017 0.0454323 0.0549225 0.0629127 0.0685227 0.0714283 0.0718153 0.0701354 0.066889 0.0625258 0.0574177 0.0518528 0.0460375 0.0401132 0.0341832 0.0283425 0.0227069 0.01743 0.0126972 0.0086904 0.00553363
 0.00747601 0.0122083 0.0184934 0.02631 0.0354181 0.045212 0.0546913 0.0627076 0.0683794 0.0713668 0.0718331 0.0702124 0.0669985 0.0626454 0.0575341 0.0519619 0.0461411 0.0402158 0.0342881 0.0284498 0.0228127 0.0175279 0.0127808 0.00875556 0.00557983
 0.00749351 0.0122325 0.0185213 0.026335 0.03543 0.0451991 0.0546432 0.06262 0.0682585 0.0712307 0.0717076 0.0701212 0.0669543 0.0626458 0.0575664 0.0520106 0.0461952 0.0402708 0.0343442 0.0285084 0.0228736 0.0175881 0.0128356 0.00880093 0.00561358
 0.00750535 0.0122547 0.0185597 0.0263958 0.0355167 0.0453082 0.0547616 0.0627256 0.0683262 0.0712414 0.0716559 0.0700181 0.0668232 0.0625134 0.0574536 0.0519271 0.0461405 0.0402391 0.0343295 0.0285069 0.0228826 0.0176049 0.0128566 0.008822 0.00563149
 0.00750535 0.0122547 0.0185597 0.0263958 0.0355167 0.0453082 0.0547616 0.0627256 0.0683262 0.0712414 0.0716559 0.0700181 0.0668232 0.0625134 0.0574536 0.0519271 0.0461405 0.0402391 0.0343295 0.0285069 0.0228826 0.0176049 0.0128566 0.008822 0.00563149
#pred catch len freq
 0.00428833 0.00678781 0.00990637 0.0135713 0.0177401 0.0223812 0.0274043 0.0326243 0.0377942 0.0426646 0.0470242 0.0507193 0.0536681 0.0558644 0.0573637 0.0582636 0.0586858 0.0587464 0.0584844 0.0577475 0.0561066 0.0529244 0.0476511 0.0402339 0.0313538
 0.00446415 0.00700589 0.0101127 0.0136825 0.0176772 0.0221161 0.02699 0.0321817 0.0374566 0.0425136 0.0470569 0.0508663 0.0538449 0.0560233 0.0575174 0.0584701 0.0590053 0.0591907 0.0589864 0.0581724 0.0563052 0.0528053 0.0472285 0.0396207 0.030706
 0.00465651 0.00731154 0.0105542 0.0142623 0.0183617 0.0228221 0.0275887 0.0325344 0.0374762 0.0422164 0.046563 0.0503393 0.0534123 0.055732 0.0573484 0.0583875 0.0589922 0.0592457 0.059091 0.058264 0.0562875 0.0525948 0.0468063 0.0390502 0.0301016
 0.00486471 0.007639 0.0110281 0.0149043 0.0191873 0.0238349 0.0287647 0.0338001 0.0386971 0.0432148 0.0471712 0.0504678 0.0530906 0.0550914 0.0565564 0.0575798 0.0582425 0.0585734 0.05848 0.057674 0.0556644 0.0518929 0.0460198 0.0382287 0.0293321
 0.00510528 0.00801261 0.011559 0.015607 0.020069 0.0248983 0.0300053 0.0351973 0.0402009 0.0447321 0.0485601 0.0515531 0.0537075 0.0551436 0.0560566 0.0566431 0.057035 0.0572483 0.0571366 0.056352 0.0543651 0.0506123 0.0447777 0.0370782 0.028344
 0.00537854 0.00843843 0.0121664 0.016413 0.0210796 0.0261093 0.0313994 0.0367405 0.0418409 0.0463987 0.0501632 0.0529783 0.0548167 0.0557921 0.056129 0.0560962 0.0559195 0.0556939 0.0553062 0.0543943 0.0523924 0.0487084 0.0430174 0.0355378 0.0270899
 0.00568975 0.00892542 0.012865 0.0173467 0.0222593 0.0275322 0.0330436 0.0385583 0.0437582 0.048321 0.0519852 0.0545916 0.0561123 0.0566603 0.0564645 0.0558134 0.0549806 0.0541333 0.0532353 0.0519809 0.0498275 0.0461783 0.0406876 0.0335407 0.0255092
 0.00604606 0.00947792 0.0136482 0.018379 0.0235463 0.0290696 0.0348137 0.0405219 0.0458471 0.050438 0.0540114 0.0563988 0.0575768 0.0576725 0.0569313 0.0556587 0.0541521 0.0526207 0.0510927 0.0493407 0.0468925 0.0431931 0.037897 0.0311451 0.0236287
 0.00637571 0.00999088 0.0143786 0.0193467 0.0247586 0.0305226 0.0364899 0.0423843 0.0478362 0.0524731 0.0559945 0.0582193 0.059118 0.0588192 0.0575781 0.055716 0.0535519 0.051328 0.049126 0.0467944 0.0439486 0.0401062 0.0349494 0.0285839 0.02161
 0.00665986 0.0104414 0.0150361 0.0202437 0.0259167 0.0319476 0.0381632 0.044257 0.0498308 0.054493 0.0579356 0.0599786 0.0605977 0.0599283 0.0582311 0.0558327 0.0530614 0.05018 0.0473128 0.0443788 0.041085 0.0370377 0.0319672 0.0259592 0.0195247
 0.00698892 0.0109561 0.0157744 0.0212313 0.0271683 0.033466 0.0399329 0.0462341 0.0519373 0.0566195 0.0599535 0.0617579 0.0620249 0.0609166 0.0587199 0.0557782 0.0524263 0.0489344 0.0454501 0.0419463 0.0382139 0.0339509 0.0289479 0.0232837 0.0173869
 0.00739164 0.0115713 0.0166284 0.0223267 0.0284909 0.0349948 0.0416428 0.0480897 0.0538841 0.0585787 0.0618235 0.063423 0.0633689 0.0618388 0.0591457 0.0556606 0.0517397 0.0476686 0.0436149 0.0395917 0.0354581 0.0309938 0.0260499 0.0207056 0.015318
 0.00769596 0.0120484 0.0173136 0.0232419 0.0296422 0.0363696 0.0432051 0.0497795 0.055624 0.0602865 0.0634212 0.0648376 0.0645286 0.062671 0.0595801 0.0556364 0.051212 0.0466131 0.0420355 0.0375344 0.0330301 0.0283732 0.0234678 0.0183965 0.0134557
 0.00791729 0.0124061 0.0178486 0.0239923 0.0306383 0.037624 0.0447 0.0514583 0.0573934 0.0620305 0.0650206 0.066189 0.0655567 0.0633295 0.0598433 0.0554866 0.050632 0.0455886 0.0405673 0.0356584 0.0308372 0.0260178 0.0211524 0.0163269 0.0117851
 0.00819591 0.0128362 0.0184551 0.0247881 0.0316286 0.0388111 0.0460802 0.0530106 0.0590659 0.063733 0.0666304 0.0675711 0.0665911 0.0639348 0.0599852 0.0551696 0.0498811 0.0444342 0.0390425 0.0338119 0.0287536 0.0238304 0.0190328 0.0144491 0.0102775
 0.00844131 0.0132087 0.0189675 0.0254367 0.0323991 0.0396861 0.0470445 0.0540507 0.0601666 0.0648712 0.067768 0.0686475 0.0675237 0.0646296 0.0603565 0.0551586 0.049465 0.0436227 0.0378706 0.0323373 0.0270627 0.0220433 0.017296 0.0129078 0.00903817
 0.00862044 0.013492 0.0193786 0.0259919 0.0331031 0.0405278 0.0479926 0.0550549 0.0611667 0.0658124 0.0686109 0.0693687 0.0681059 0.0650496 0.0605783 0.055137 0.0491577 0.0430049 0.0369462 0.0311444 0.0256753 0.0205685 0.0158609 0.011635 0.00801592
 0.00874909 0.0136929 0.0196666 0.0263778 0.0335951 0.0411317 0.0487084 0.0558686 0.0620444 0.0666983 0.0694364 0.0700674 0.0686298 0.0653751 0.0607003 0.0550549 0.0488654 0.0424915 0.0362068 0.0301956 0.0245664 0.0193824 0.0147019 0.010605 0.00718817
 0.00881107 0.0137886 0.0198019 0.0265564 0.0338205 0.0414094 0.0490462 0.0562751 0.062524 0.0672454 0.0700289 0.0706656 0.0691802 0.0658222 0.0609983 0.0551749 0.0487938 0.042224 0.0357462 0.0295566 0.0237848 0.0185202 0.0138407 0.00982784 0.00655703
 0.00874917 0.013709 0.0197208 0.0265019 0.0338247 0.0414967 0.0492246 0.0565355 0.062848 0.0676152 0.0704322 0.071092 0.0696143 0.066237 0.0613561 0.0554338 0.0489167 0.0421859 0.0355374 0.029185 0.0232782 0.0179279 0.0132275 0.00926127 0.00608933
 0.00876485 0.0137248 0.019728 0.02649 0.033789 0.0414475 0.0491906 0.0565571 0.0629604 0.0678308 0.0707345 0.0714447 0.0699768 0.0665765 0.0616488 0.0556594 0.0490542 0.0422137 0.0354396 0.0289583 0.0229383 0.01751 0.012782 0.00884176 0.0057385
 0.00879388 0.0137564 0.0197465 0.0264704 0.0337029 0.0412738 0.0489275 0.0562293 0.0626195 0.0675459 0.0705741 0.0714548 0.0701657 0.066913 0.0620749 0.0561091 0.0494674 0.0425434 0.0356531 0.0290397 0.0228907 0.0173569 0.0125635 0.00860444 0.00552304
 0.00889606 0.0138989 0.0199164 0.0266385 0.0338287 0.0413151 0.0488511 0.0560197 0.0622852 0.0671237 0.0701277 0.0710642 0.069907 0.0668355 0.0621861 0.056374 0.0498219 0.042914 0.0359749 0.0292681 0.0230063 0.0173657 0.0124917 0.00848915 0.00540031
 0.0090237 0.0140921 0.0201793 0.026963 0.0341928 0.0416836 0.0491767 0.0562479 0.0623653 0.0670242 0.0698497 0.0706468 0.0694209 0.0663664 0.0618118 0.0561432 0.0497422 0.0429542 0.0360802 0.0293801 0.0230812 0.0173832 0.0124551 0.00841782 0.00531853
 0.00905782 0.0141547 0.0202867 0.0271339 0.0344434 0.0420188 0.0495811 0.0566823 0.0627708 0.0673334 0.0700029 0.0706083 0.0691914 0.0659867 0.061354 0.05569 0.0493631 0.0426863 0.0359227 0.0293034 0.0230443 0.0173518 0.0124117 0.00836157 0.00525882
 0.00907617 0.0141831 0.0203277 0.0271916 0.0345259 0.0421398 0.0497584 0.0569308 0.0630904 0.0676994 0.0703638 0.0708965 0.0693437 0.0659661 0.0611632 0.0553717 0.0489849 0.042318 0.0356149 0.0290759 0.0228894 0.0172472 0.0123352 0.00829945 0.00520676
 0.00909905 0.0142141 0.0203629 0.027224 0.0345475 0.0421464 0.049754 0.0569292 0.0631138 0.0677713 0.0704986 0.0710885 0.0695616 0.0661597 0.061281 0.0553815 0.0488869 0.0421435 0.0354105 0.0288842 0.0227353 0.0171356 0.0122579 0.00824535 0.0051676
 0.00916516 0.0143076 0.0204778 0.0273453 0.0346555 0.0422226 0.049787 0.0569179 0.0630672 0.0677074 0.0704413 0.0710613 0.0695797 0.0662211 0.0613639 0.0554513 0.0489109 0.0421058 0.0353181 0.0287612 0.0226098 0.017028 0.0121763 0.00818824 0.00512948
 0.00922033 0.0143878 0.0205803 0.0274603 0.0347675 0.0423132 0.0498386 0.0569171 0.0630093 0.0675994 0.0703029 0.0709214 0.0694687 0.0661615 0.0613629 0.0554976 0.0489789 0.0421655 0.0353479 0.028755 0.0225758 0.0169815 0.012131 0.00815178 0.00510362
 0.00922667 0.0144045 0.0206168 0.0275285 0.0348768 0.0424645 0.0500193 0.0571008 0.0631624 0.0676914 0.070316 0.0708563 0.069344 0.0660081 0.0612136 0.0553772 0.0488966 0.042115 0.0353136 0.0287217 0.0225358 0.0169358 0.0120858 0.00811349 0.00507531
 0.00915263 0.0142994 0.0204875 0.0273926 0.0347597 0.0423935 0.0500162 0.0571765 0.0633116 0.0678914 0.0705299 0.071043 0.0694714 0.0660633 0.0612052 0.0553285 0.0488344 0.042059 0.0352712 0.0286903 0.0225091 0.0169094 0.0120593 0.00808917 0.0050558
 0.00901875 0.0141015 0.020227 0.0270848 0.0344316 0.0420782 0.0497485 0.0569895 0.0632327 0.0679353 0.0706931 0.0713005 0.0697814 0.0663779 0.0614842 0.055549 0.0489938 0.0421687 0.0353472 0.028745 0.0225487 0.0169361 0.0120745 0.00809551 0.00505665
 0.00893006 0.0139649 0.0200358 0.0268388 0.0341378 0.0417515 0.0494131 0.056678 0.0629822 0.0677808 0.0706589 0.0713943 0.0699911 0.0666728 0.0618214 0.0558843 0.049292 0.0424112 0.0355314 0.0288787 0.0226429 0.0170004 0.0121164 0.00812076 0.00507029
 0.00890573 0.0139197 0.0199575 0.0267125 0.0339501 0.0414964 0.0490976 0.056325 0.0626279 0.0674682 0.0704295 0.0712808 0.0700103 0.0668219 0.0620773 0.0562085 0.04964 0.0427425 0.0358178 0.0291074 0.0228139 0.0171212 0.0121971 0.00817143 0.0050999
