SBPRF35
12.7214
Curr Bio
611506
B35
844371
F35
0.172599
FOFL
0.133444
OFL
73147.7
Bzero
3.63469e+006
#pred survey bio
 3.133e+006 2.85119e+006 2.60939e+006 2.36385e+006 2.10711e+006 1.85141e+006 1.62362e+006 1.42218e+006 1.26089e+006 1.1387e+006 1.00642e+006 880360 792343 731841 671381 628781 589856 562835 542929 530285 526099 524972 515497 519774 517435 531806 538551 544426 557234 564087 577270 594087 609952 610785 618720 625377 632889 639951 645916 641777 645123 641227 634306 627498 623841 617298 616903 2.33724e+007 1.44217e+007 1.51237e+007 1.6413e+007 1.80648e+007 1.98206e+007 2.14918e+007 2.29713e+007 2.42172e+007 2.52301e+007 2.60332e+007 2.6659e+007 2.71409e+007 2.75091e+007 2.77893e+007 2.8002e+007 2.81637e+007 2.82868e+007 2.83807e+007 2.84528e+007 2.85082e+007 2.85511e+007 2.85845e+007 2.86106e+007 2.86311e+007 2.86472e+007 2.866e+007 2.86701e+007 2.86782e+007 2.86847e+007 2.86899e+007 2.8694e+007 2.86974e+007 2.87001e+007 2.87023e+007 2.87041e+007 2.87056e+007 2.87068e+007 2.87077e+007 2.87085e+007 2.87092e+007 2.87097e+007 2.87101e+007 2.87105e+007 2.87107e+007 2.8711e+007 2.87112e+007 2.87113e+007 2.87114e+007 2.87116e+007 2.87116e+007 2.87117e+007 2.87118e+007 2.87118e+007 2.87118e+007 2.87119e+007 2.87119e+007 2.87119e+007 2.87119e+007 2.8712e+007 2.8712e+007 2.8712e+007 2.8712e+007 2.8712e+007 2.8712e+007 2.8712e+007 2.8712e+007 2.8712e+007 2.8712e+007 2.8712e+007 2.8712e+007 2.8712e+007 2.8712e+007 2.8712e+007 2.8712e+007 2.8712e+007 2.8712e+007 2.8712e+007 2.8712e+007 2.8712e+007 2.8712e+007 2.8712e+007 2.8712e+007 2.8712e+007 2.8712e+007 2.8712e+007 2.8712e+007 2.8712e+007 2.8712e+007 2.8712e+007 2.8712e+007 2.8712e+007 2.8712e+007 2.8712e+007 2.8712e+007 2.8712e+007 2.8712e+007 2.8712e+007 2.8712e+007 2.8712e+007 0 0 0 0 0 0 0 0 0 0 0 0 0 0 0 0 0 0 0 0 0 0 0 0 0
#obs survey bio
 2.936e+006 4.27248e+006 3.26884e+006 2.59208e+006 2.47069e+006 1.67299e+006 1.2569e+006 1.65192e+006 1.32231e+006 1.34418e+006 1.28305e+006 801851 977537 822139 635524 393695 955094 695915 443068 526950 388824 413127 463735 386626 404924 683744 679309 496400 606374 767965 495539 751063 670627 518287 733123 589362 854322 789173 584808 720608 541927 496375 617684 644218 672405 682155 643003
#pred catch bio
 282158 265872 290008 318470 332996 320241 305434 274894 243004 251251 241829 204385 177119 172978 153327 145852 131541 122677 115013 107361 104683 111041 99150.4 105028 91633 98534.3 98654.7 92738.4 97855.6 92517.8 90191.9 91858.8 104678 98751.2 100724 100819 101688 102940 111618 105374 111761 113868 112997 109452 110759 104577 62486.1 73147.7 95446.2 98825.3 106126 116530 127795 138454 147759 155444 161542 166238 169772 172385 174290 175663 176645 177342 177834 178180 178422 178591 178709 178790 178847 178886 178914 178932 178945 178954 178960 178965 178967 178969 178971 178972 178972 178973 178973 178973 178974 178974 178974 178974 178974 178974 178974 178974 178974 178974 178974 178974 178974 178974 178974 178974 178974 178974 178974 178974 178974 178974 178974 178974 178974 178974 178974 178974 178974 178974 178974 178974 178974 178974 178974 178974 178974 178974 178974 178974 178974 178974 178974 178974 178974 178974 178974 178974 178974 178974 178974 178974 178974 178974 178974 178974 178974 178974 178974 178974 178974 0 0 0 0 0 0 0 0 0 0 0 0 0 0 0 0 0 0 0 0 0 0 0 0 0
#obs catch bio
 227208 265102 289522 318978 333400 321189 309086 277426 244934 252062 241869 204070 176746 172524 153576 147229 131024 122325 115358 107656 105313 111532 99492.4 105902 92411.4 99194.1 98886.2 92577.4 98117.8 92325.2 90104.5 91501.4 104361 98307.6 100533 100930 101670 102441 111394 105104 111926 114255 113175 109852 111139 105029 62210.3
#pred cpue bio
 3.08783e+006 2.80724e+006 2.56547e+006 2.32004e+006 2.06433e+006 1.80988e+006 1.58325e+006 1.38326e+006 1.22351e+006 1.10271e+006 972390 848378 761829 702599 643619 602146 564498 538467 519063 506594 502453 501436 492264 496422 494078 508184 515153 521245 533888 540752 553817 570358 586009 586886 594521 600891 608224 615278 621157 616989 620157 616303 609563 602972 599570 593393 593114 2.25152e+007 1.39085e+007 1.44494e+007 1.55781e+007 1.71825e+007 1.89289e+007 2.05985e+007 2.20778e+007 2.33236e+007 2.43365e+007 2.51396e+007 2.57655e+007 2.62473e+007 2.66156e+007 2.68957e+007 2.71085e+007 2.72701e+007 2.73932e+007 2.74872e+007 2.75592e+007 2.76147e+007 2.76576e+007 2.7691e+007 2.7717e+007 2.77375e+007 2.77537e+007 2.77664e+007 2.77766e+007 2.77846e+007 2.77911e+007 2.77963e+007 2.78005e+007 2.78038e+007 2.78066e+007 2.78088e+007 2.78106e+007 2.7812e+007 2.78132e+007 2.78142e+007 2.78149e+007 2.78156e+007 2.78161e+007 2.78165e+007 2.78169e+007 2.78172e+007 2.78174e+007 2.78176e+007 2.78178e+007 2.78179e+007 2.7818e+007 2.78181e+007 2.78181e+007 2.78182e+007 2.78182e+007 2.78183e+007 2.78183e+007 2.78183e+007 2.78184e+007 2.78184e+007 2.78184e+007 2.78184e+007 2.78184e+007 2.78184e+007 2.78184e+007 2.78184e+007 2.78184e+007 2.78184e+007 2.78184e+007 2.78184e+007 2.78184e+007 2.78184e+007 2.78184e+007 2.78184e+007 2.78184e+007 2.78185e+007 2.78185e+007 2.78185e+007 2.78185e+007 2.78185e+007 2.78185e+007 2.78185e+007 2.78185e+007 2.78185e+007 2.78185e+007 2.78185e+007 2.78185e+007 2.78185e+007 2.78185e+007 2.78185e+007 2.78185e+007 2.78185e+007 2.78185e+007 2.78185e+007 2.78185e+007 2.78185e+007 2.78185e+007 2.78185e+007 2.78185e+007 2.78185e+007 2.78185e+007 0 0 0 0 0 0 0 0 0 0 0 0 0 0 0 0 0 0 0 0 0 0 0 0 0
#obs cpue bio
 3.03282e+006 2.65049e+006 1.96892e+006 1.53968e+006 1.86483e+006 1.63558e+006 1.0346e+006 1.23311e+006 1.0142e+006 1.35553e+006 916026 972254 626029 719436 506084 609495 682928 430344 444002 478467 498015 752323 450085 539297 411815 484532 520595 688883 397108 533104 595638 574571 610341 716704 449198 495335 502739 728592 634338 516308 589891 666408 691412 463438 575613 596219 613708
#pred surv len freq
 0.00476734 0.0078252 0.0119334 0.0171161 0.0232588 0.0300094 0.0367605 0.0428102 0.0476283 0.051026 0.053121 0.0541798 0.0544805 0.0542548 0.0536837 0.0529142 0.052078 0.0512894 0.0505871 0.0498224 0.0485618 0.046137 0.0419218 0.0357352 0.0280979
 0.00521021 0.00847211 0.0127754 0.0181083 0.0243469 0.0311648 0.0379956 0.0441577 0.0490932 0.0525437 0.0545547 0.0553634 0.0552837 0.0546302 0.0536701 0.0525978 0.0515349 0.0505373 0.0495728 0.0484549 0.0467818 0.0439877 0.0395762 0.0334535 0.0261332
 0.00539685 0.00883407 0.0134226 0.0191639 0.0259007 0.0332101 0.0403905 0.0466499 0.0514092 0.0544888 0.056055 0.0564318 0.0559499 0.0548974 0.0535227 0.0520342 0.0505836 0.0492401 0.0479545 0.0465136 0.0445208 0.041471 0.036963 0.0309758 0.0240201
 0.00559135 0.00914399 0.0138826 0.0198164 0.026803 0.0344362 0.0420115 0.0486911 0.0538014 0.0570448 0.0585032 0.0584967 0.0574361 0.055725 0.0537045 0.0516262 0.0496484 0.0478339 0.0461268 0.0443138 0.0420147 0.0387693 0.0342394 0.0284482 0.0218916
 0.00585065 0.00956601 0.0145178 0.0207099 0.0279852 0.0359099 0.0437444 0.0506219 0.055858 0.0591568 0.0605914 0.0604481 0.0590928 0.0569105 0.0542738 0.0515064 0.0488435 0.0464013 0.044149 0.0418871 0.0392583 0.0358427 0.0313477 0.0258165 0.0197103
 0.00615759 0.0100649 0.0152684 0.0217671 0.0293881 0.0376644 0.0458042 0.0528839 0.0581781 0.0613839 0.0625996 0.0621501 0.0604295 0.0578264 0.0546992 0.051362 0.0480658 0.0449699 0.0421009 0.0393173 0.036317 0.0327317 0.0283066 0.023086 0.0174776
 0.00638192 0.0104479 0.0158787 0.02268 0.0306691 0.0393435 0.0478507 0.0551973 0.060604 0.0637457 0.0647312 0.0639193 0.0617479 0.0586465 0.0549991 0.051125 0.0472688 0.0435908 0.0401435 0.0368397 0.0334509 0.0296819 0.0253245 0.0204198 0.0153122
 0.00659794 0.010801 0.0164149 0.023447 0.0317119 0.0406936 0.0495116 0.0571309 0.0627248 0.0659263 0.0668174 0.0657522 0.0631894 0.0595979 0.0554071 0.0509724 0.0465571 0.0423285 0.0383505 0.0345688 0.0308148 0.0268644 0.0225616 0.0179487 0.0133094
 0.00678817 0.0111097 0.0168787 0.0241003 0.0325818 0.0417914 0.0508245 0.0586192 0.0643282 0.0675734 0.0684306 0.0672465 0.0644697 0.0605652 0.0559709 0.0510644 0.0461381 0.0413879 0.0369059 0.0326739 0.0285742 0.024443 0.0201699 0.0158001 0.0115644
 0.00687988 0.0112696 0.0171396 0.0245 0.0331554 0.0425596 0.051782 0.0597313 0.0655386 0.0688187 0.0696514 0.0683907 0.0654879 0.0614028 0.0565638 0.0513416 0.0460327 0.0408506 0.0359196 0.0312669 0.026831 0.0225065 0.0182248 0.0140343 0.0101209
 0.00707094 0.0115801 0.0176067 0.0251581 0.0340291 0.0436529 0.0530661 0.0611393 0.0669735 0.0701715 0.0708233 0.0693097 0.0661174 0.0617368 0.0566132 0.0511158 0.0455272 0.0400484 0.0348057 0.0298516 0.0251711 0.0207136 0.0164518 0.0124401 0.00882616
 0.00734467 0.0120173 0.0182497 0.0260395 0.0351646 0.0450296 0.0546314 0.062798 0.0686002 0.0716343 0.0720077 0.0701347 0.0665423 0.0617616 0.0562708 0.0504576 0.0446051 0.0389008 0.0334573 0.0283269 0.0235167 0.019013 0.0148212 0.0110021 0.00767294
 0.00746296 0.0122198 0.0185732 0.0265244 0.0358459 0.0459227 0.0557186 0.064024 0.0698806 0.0728723 0.0731095 0.0710193 0.0671473 0.0620473 0.0562241 0.0500914 0.0439521 0.038004 0.0323609 0.0270764 0.0221667 0.0176372 0.0135119 0.00985319 0.00675419
 0.00752176 0.0123093 0.018698 0.0266886 0.0360572 0.0461975 0.0560814 0.0645011 0.0704867 0.0735973 0.0739121 0.0718319 0.0678883 0.0626373 0.0565983 0.0502084 0.0437972 0.0375877 0.0317141 0.0262456 0.0212122 0.0166327 0.01254 0.00899285 0.00606263
 0.0076498 0.012514 0.0189985 0.0270979 0.0365769 0.0468114 0.0567526 0.0651772 0.0711149 0.0741413 0.0743597 0.0721873 0.0681565 0.0628114 0.0566568 0.0501225 0.0435417 0.0371513 0.031105 0.0254934 0.0203662 0.0157573 0.0117062 0.00826525 0.00548494
 0.00762166 0.0124861 0.0189897 0.0271374 0.0366969 0.0470359 0.0570866 0.0656023 0.0715941 0.0746291 0.0748144 0.0725797 0.068473 0.0630488 0.0568131 0.0501883 0.0434991 0.0369801 0.0307939 0.0250494 0.0198189 0.0151564 0.011112 0.00773483 0.00505813
 0.00771195 0.0126088 0.0191312 0.0272734 0.036804 0.0471073 0.057141 0.0656791 0.0717336 0.074851 0.0751061 0.0729024 0.0687789 0.0632985 0.0569838 0.0502713 0.0434913 0.0368773 0.0305916 0.0247492 0.0194364 0.0147241 0.0106747 0.00733792 0.00473527
 0.00790399 0.0128877 0.019488 0.0276751 0.0371991 0.0474375 0.057356 0.0657493 0.0716618 0.0746765 0.0748949 0.0727233 0.068677 0.0632807 0.0570241 0.0503278 0.0435238 0.0368564 0.0305 0.0245814 0.0191999 0.0144401 0.0103752 0.00705793 0.00450259
 0.00803702 0.0131048 0.019814 0.0281274 0.0377767 0.0481075 0.0580452 0.0663538 0.0720751 0.0748279 0.0747758 0.0723886 0.0682213 0.0628031 0.056597 0.0499827 0.0432543 0.0366342 0.0302921 0.0243633 0.0189615 0.0141867 0.0101237 0.00682995 0.00431613
 0.00809085 0.0131931 0.0199486 0.0283213 0.0380424 0.048453 0.0584679 0.0668318 0.0725628 0.0752586 0.0750764 0.0725026 0.0681309 0.0625381 0.0562229 0.0495749 0.0428717 0.0363048 0.0300153 0.0241225 0.0187395 0.0139752 0.00992548 0.006655 0.00417461
 0.00805234 0.0131366 0.0198756 0.0282384 0.0379613 0.0483903 0.0584436 0.0668672 0.0726755 0.0754541 0.0753402 0.0727974 0.0684036 0.0627369 0.0563165 0.0495635 0.0427825 0.0361757 0.0298771 0.0239904 0.0186153 0.013856 0.00981151 0.00655097 0.00408735
 0.00802687 0.0130903 0.0197974 0.0281165 0.0377885 0.0481702 0.0581963 0.066629 0.0724906 0.0753627 0.0753673 0.0729453 0.0686506 0.0630406 0.0566245 0.0498279 0.0429737 0.036288 0.0299235 0.0239912 0.0185882 0.013813 0.00976026 0.00649822 0.00403944
 0.00812532 0.0132394 0.0200005 0.0283673 0.0380701 0.0484558 0.0584514 0.0668168 0.0725825 0.0753489 0.0752619 0.0727823 0.0684704 0.0628758 0.0564904 0.0497206 0.0428778 0.0361869 0.0298089 0.0238653 0.0184603 0.0136934 0.00965675 0.0064147 0.00397667
 0.00812006 0.013228 0.0199781 0.0283281 0.0380087 0.0483701 0.0583445 0.0666974 0.0724625 0.0752409 0.0751774 0.0727313 0.0684616 0.0629155 0.0565787 0.0498492 0.043029 0.0363377 0.0299376 0.0239583 0.0185145 0.0137147 0.00965529 0.00640117 0.00395949
 0.00809818 0.0132075 0.0199746 0.0283633 0.038103 0.0485305 0.0585562 0.0669248 0.0726606 0.0753712 0.0752198 0.072687 0.0683494 0.0627638 0.0564181 0.0497051 0.0429163 0.0362592 0.0298858 0.0239213 0.0184817 0.0136808 0.00962059 0.00636866 0.00393238
 0.00786568 0.0128484 0.0194712 0.0277173 0.03734 0.0477047 0.0577504 0.0662397 0.0721911 0.0751772 0.0753083 0.073016 0.0688484 0.0633576 0.0570439 0.0503186 0.0434901 0.0367769 0.0303368 0.0242976 0.0187793 0.013901 0.00977114 0.00646283 0.00398572
 0.00780245 0.0127302 0.0192656 0.0273871 0.0368551 0.0470601 0.0569819 0.0654261 0.0714387 0.0745925 0.074971 0.0729616 0.0690641 0.0637915 0.0576219 0.0509644 0.0441396 0.0373846 0.030875 0.0247516 0.0191431 0.014176 0.0099652 0.00658938 0.00406125
 0.00785742 0.012799 0.0193299 0.0274137 0.036801 0.0468823 0.05665 0.0649347 0.0708157 0.0739022 0.0743061 0.0724237 0.068737 0.063718 0.0577953 0.0513354 0.0446356 0.0379303 0.0314076 0.0252278 0.0195388 0.0144827 0.0101866 0.00673726 0.00415196
 0.00773908 0.0126317 0.0191236 0.0271903 0.036584 0.0466819 0.0564539 0.0647113 0.070531 0.0735406 0.0738855 0.071997 0.0683791 0.0635045 0.0577791 0.0515308 0.0450149 0.0384342 0.0319635 0.0257682 0.0200142 0.0148659 0.0104709 0.00693138 0.00427351
 0.00772671 0.0125969 0.0190457 0.0270455 0.0363564 0.0463776 0.0561081 0.0643786 0.0702607 0.0733513 0.0737584 0.0718932 0.0682699 0.0633934 0.0577021 0.0515374 0.045142 0.0386878 0.0323157 0.0261689 0.0204087 0.0152107 0.010742 0.00712431 0.004398
 0.00771081 0.012564 0.0189823 0.0269327 0.0361724 0.0461039 0.0557378 0.0639261 0.0697664 0.0728775 0.0733722 0.071644 0.0681722 0.0634281 0.0578351 0.0517415 0.045407 0.0390131 0.0326955 0.0265818 0.0208192 0.0155809 0.0110437 0.00734628 0.00454538
 0.007619 0.0124261 0.0187957 0.026701 0.0359029 0.045803 0.0554091 0.0635719 0.069393 0.0725011 0.0730231 0.0713635 0.0680029 0.063399 0.0579509 0.0519832 0.0457423 0.0394096 0.0331263 0.0270225 0.021244 0.0159622 0.0113585 0.00758298 0.00470636
 0.0075628 0.0123294 0.0186412 0.0264716 0.0355882 0.045408 0.0549598 0.0631117 0.0689697 0.0721507 0.0727623 0.0711938 0.0679224 0.0634106 0.058062 0.0521977 0.0460527 0.0397953 0.0335578 0.0274675 0.0216712 0.0163441 0.0116745 0.00782289 0.00487199
 0.00766261 0.0124793 0.0188427 0.0267155 0.0358534 0.0456631 0.0551658 0.0632291 0.0689684 0.0720207 0.0725168 0.0708644 0.0675486 0.0630323 0.0577158 0.0519158 0.0458603 0.0397055 0.0335679 0.02756 0.0218183 0.0165146 0.0118399 0.00796269 0.00497644
 0.00766076 0.0124841 0.018864 0.0267658 0.0359433 0.0457939 0.055324 0.0633863 0.0690889 0.0720721 0.0724803 0.0707398 0.0673529 0.0627938 0.0574676 0.0516897 0.0456831 0.0395962 0.0335352 0.0275997 0.0219142 0.0166422 0.0119733 0.00808109 0.00506802
 0.00761131 0.0124139 0.0187776 0.0266754 0.035867 0.0457518 0.0553331 0.0634555 0.0692136 0.0722319 0.0726418 0.0708651 0.067412 0.0627747 0.0573789 0.0515563 0.0455379 0.039471 0.0334536 0.0275731 0.0219401 0.0167068 0.0120567 0.00816401 0.00513699
 0.00751956 0.0122739 0.0185847 0.0264332 0.0355884 0.0454595 0.0550593 0.0632384 0.0690894 0.0722237 0.0727505 0.0710671 0.0676657 0.0630325 0.057601 0.0517211 0.0456448 0.0395363 0.0335011 0.0276239 0.0220058 0.0167875 0.0121437 0.00824543 0.00520347
 0.00753961 0.0122859 0.0185651 0.0263493 0.0354087 0.04517 0.0546764 0.0628102 0.0686828 0.0719049 0.0725671 0.0710389 0.0677834 0.0632623 0.0578946 0.0520285 0.0459267 0.039772 0.0336887 0.0277739 0.0221319 0.0168989 0.0122426 0.00832919 0.00526868
 0.00755042 0.0123085 0.0186068 0.0264154 0.035496 0.045259 0.0547301 0.0627836 0.0685438 0.0716547 0.0722469 0.0707167 0.0675282 0.06312 0.057876 0.0521127 0.0460746 0.0399425 0.0338512 0.0279135 0.0222466 0.0169929 0.0123203 0.0083924 0.00531737
 0.00759173 0.0123791 0.0187194 0.0265839 0.0357315 0.0455638 0.0550895 0.0631614 0.0688838 0.0718917 0.072326 0.0706139 0.0672625 0.0627493 0.0574759 0.0517497 0.0457871 0.0397379 0.0337158 0.0278267 0.0221913 0.0169591 0.0123026 0.00838677 0.00531937
 0.00756051 0.012332 0.0186562 0.0265082 0.0356526 0.0454966 0.0550542 0.063179 0.0689684 0.0720411 0.0725157 0.0708013 0.0674004 0.0628044 0.0574429 0.0516524 0.0456656 0.0396294 0.0336417 0.02779 0.0221833 0.0169677 0.0123183 0.00840361 0.00533435
 0.00752996 0.0122928 0.0186163 0.0264815 0.0356543 0.0455378 0.0551371 0.063297 0.06911 0.0721947 0.0726711 0.0709467 0.0675193 0.062876 0.0574487 0.0515858 0.0455381 0.0394681 0.0334786 0.0276504 0.0220793 0.0168993 0.0122783 0.0083831 0.00532559
 0.00753271 0.0122943 0.0186138 0.0264721 0.0356382 0.0455214 0.0551339 0.0633238 0.0691794 0.072308 0.0728159 0.0711014 0.0676604 0.0629835 0.057508 0.0515883 0.0454828 0.0393645 0.0333458 0.0275121 0.0219564 0.0168039 0.0122128 0.00834304 0.00530379
 0.00748802 0.0122332 0.0185428 0.0264037 0.0355867 0.0454965 0.0551368 0.0633491 0.0692208 0.0723635 0.0728887 0.0711948 0.0677715 0.063101 0.0576147 0.0516661 0.0455191 0.039355 0.0332963 0.0274366 0.0218726 0.0167273 0.012153 0.0083025 0.00527967
 0.00744641 0.0121617 0.0184292 0.0262371 0.0353632 0.0452265 0.0548494 0.0630871 0.0690283 0.0722704 0.0729025 0.0713037 0.0679533 0.0633305 0.0578668 0.0519167 0.0457455 0.0395396 0.03343 0.0275203 0.0219156 0.0167434 0.0121553 0.00830011 0.00527728
 0.00750197 0.0122374 0.0185157 0.0263153 0.0354081 0.0452146 0.0547664 0.0629338 0.0688225 0.0720446 0.0726966 0.0711538 0.0678813 0.0633395 0.0579439 0.0520391 0.0458875 0.0396776 0.033546 0.0276045 0.021967 0.016768 0.0121625 0.00829881 0.00527365
 0.0074716 0.012198 0.0184738 0.0262811 0.0353896 0.0452103 0.0547611 0.0629023 0.0687413 0.0719054 0.072514 0.0709622 0.0677231 0.0632503 0.0579412 0.0521191 0.0460295 0.0398522 0.0337236 0.0277621 0.0220914 0.0168561 0.0122187 0.00833129 0.00529082
#obs surv len freq
 0.0049669 0.00813558 0.0123743 0.017696 0.0239737 0.0308411 0.0376724 0.043745 0.0485112 0.0517734 0.0536534 0.0544377 0.0544446 0.0539678 0.0532639 0.0525434 0.0519497 0.0515174 0.0511084 0.050354 0.0486722 0.0454322 0.0402571 0.0333162 0.0253926
 0.00517445 0.00847697 0.0128957 0.0184434 0.0249848 0.0321312 0.0392199 0.0454849 0.0503419 0.0535748 0.0553053 0.0558325 0.0554933 0.0546009 0.0534309 0.0522135 0.0511157 0.0502022 0.0493722 0.0482986 0.0464393 0.043192 0.0381847 0.0315577 0.024033
 0.00539361 0.00883465 0.0134369 0.0192118 0.0260155 0.0334389 0.0407859 0.0472511 0.0522172 0.0554498 0.0570669 0.0573734 0.0567168 0.055424 0.0537862 0.0520514 0.0504074 0.048947 0.0476095 0.0461199 0.0439943 0.0406785 0.0358178 0.0295241 0.0224476
 0.00563621 0.00923151 0.0140386 0.0200669 0.0271608 0.034885 0.0425021 0.0491613 0.0542121 0.0574089 0.0588775 0.0589392 0.057957 0.0562693 0.0541753 0.0519309 0.0497356 0.0477039 0.0458125 0.0438438 0.0413845 0.0379459 0.0332057 0.0272535 0.0206619
 0.0058883 0.00964459 0.0146664 0.0209614 0.0283624 0.0364063 0.0443117 0.0511778 0.0563154 0.0594638 0.0607569 0.0605377 0.0591942 0.0570864 0.0545278 0.0517806 0.049048 0.0464548 0.0440055 0.0415358 0.0387074 0.0351082 0.0304619 0.0248446 0.018752
 0.00615601 0.010081 0.0153254 0.0218939 0.0296069 0.0379735 0.0461685 0.0532412 0.0584636 0.0615586 0.0626659 0.0621488 0.0604212 0.0578688 0.0548262 0.051569 0.0483067 0.0451703 0.0421832 0.0392246 0.0360258 0.0322534 0.0276843 0.0223899 0.0167934
 0.0063928 0.0104736 0.0159303 0.0227684 0.0307967 0.0394946 0.0479886 0.0552746 0.060584 0.0636249 0.0645462 0.0637328 0.0616244 0.0586309 0.0551077 0.0513461 0.0475658 0.0439066 0.0404088 0.0369885 0.0334381 0.0294969 0.0249948 0.0200033 0.0148807
 0.0066153 0.0108392 0.016488 0.023567 0.0318767 0.0408737 0.0496461 0.0571436 0.0625586 0.0655777 0.0663481 0.0652686 0.0628018 0.0593838 0.0553951 0.0511457 0.0468682 0.042713 0.038737 0.0348891 0.0310153 0.0269191 0.0224786 0.0177669 0.0130839
 0.00684431 0.0112115 0.0170485 0.0243573 0.0329273 0.0421919 0.0512032 0.0588705 0.0643555 0.0673325 0.0679532 0.0666302 0.0638429 0.0600452 0.055635 0.0509389 0.0462037 0.0415928 0.0371811 0.0329479 0.0287868 0.0245569 0.0201779 0.0157235 0.0114417
 0.00706886 0.0115818 0.017615 0.0251688 0.0340194 0.0435697 0.052825 0.0606447 0.0661568 0.0690295 0.0694331 0.0678106 0.064671 0.0604914 0.0556849 0.0505872 0.0454507 0.0404459 0.0356616 0.0311037 0.0267072 0.0223792 0.0180746 0.0138657 0.0099537
 0.00728101 0.0119286 0.0181403 0.0259146 0.0350178 0.0448291 0.0543162 0.0622942 0.067855 0.0706499 0.0708545 0.0689341 0.0654302 0.0608536 0.0556459 0.0501605 0.0446579 0.0393111 0.0342152 0.0293944 0.0248156 0.0204248 0.0162047 0.0122252 0.00864586
 0.00745233 0.0122126 0.0185778 0.0265466 0.0358764 0.0459241 0.0556214 0.0637435 0.0693519 0.0720866 0.0721285 0.0699593 0.0661412 0.061209 0.0556286 0.0497761 0.0439284 0.0382692 0.0329021 0.0278643 0.0231455 0.0187195 0.0145885 0.0108172 0.00752932
 0.00751301 0.0123153 0.0187407 0.0267916 0.0362278 0.0464045 0.0562454 0.0645113 0.0702442 0.0730622 0.0731268 0.0709057 0.0669568 0.0618209 0.0559792 0.0498284 0.043668 0.0377038 0.03206 0.026795 0.0219212 0.0174348 0.0133516 0.00972972 0.00666198
 0.00757818 0.012412 0.0188698 0.0269496 0.0364105 0.0466122 0.0564866 0.0648022 0.0706038 0.073505 0.073654 0.0714988 0.067575 0.0624049 0.0564595 0.050138 0.0437538 0.0375355 0.0316353 0.0261415 0.0210959 0.0165196 0.0124413 0.00891368 0.0060034
 0.00767563 0.0125611 0.0190764 0.0272113 0.0367161 0.0469424 0.0568155 0.0651028 0.070857 0.0737087 0.0738252 0.0716659 0.0677631 0.0626203 0.0566828 0.0503259 0.043851 0.0374896 0.0314119 0.0257354 0.0205357 0.0158641 0.0117671 0.00829644 0.00549872
 0.00772732 0.0126451 0.0192023 0.0273869 0.0369443 0.0472172 0.0571192 0.0654066 0.0711276 0.0739191 0.0739637 0.0717403 0.0677968 0.0626422 0.0567139 0.0503682 0.0438831 0.0374729 0.0313048 0.0255104 0.0201923 0.0154325 0.0113004 0.00785428 0.00512862
 0.00778864 0.0127377 0.0193285 0.0275449 0.0371293 0.0474234 0.05734 0.0656335 0.0713485 0.074117 0.0741206 0.0718414 0.067837 0.0626293 0.0566658 0.0503042 0.0438134 0.0373919 0.0311926 0.0253433 0.0199574 0.0151379 0.0109754 0.00753904 0.00485933
 0.00782219 0.0127902 0.0194036 0.0276438 0.0372504 0.047561 0.057485 0.0657746 0.0714759 0.0742252 0.0742086 0.0719099 0.0678854 0.0626546 0.0566659 0.0502805 0.0437702 0.0373314 0.0311112 0.0252316 0.0198066 0.0149488 0.0107625 0.00732713 0.00467368
 0.00786483 0.0128551 0.0194929 0.0277567 0.0373828 0.0477066 0.0576352 0.065919 0.0716029 0.074325 0.074275 0.0719422 0.067887 0.0626314 0.0566233 0.0502224 0.0436987 0.0372478 0.0310148 0.0251198 0.0196765 0.0148011 0.010605 0.00717383 0.00454002
 0.0078977 0.0129048 0.0195607 0.0278409 0.0374793 0.0478095 0.0577375 0.0660133 0.0716827 0.0743861 0.0743158 0.0719632 0.0678902 0.0626189 0.0565973 0.0501847 0.0436507 0.0371898 0.0309463 0.0250393 0.0195835 0.0146971 0.0104954 0.00706779 0.00444749
 0.00789106 0.0128937 0.0195435 0.0278162 0.0374464 0.0477693 0.0576933 0.0659709 0.0716496 0.0743696 0.0743212 0.0719927 0.0679418 0.0626871 0.0566738 0.0502607 0.043718 0.0372419 0.0309787 0.0250495 0.0195709 0.014664 0.0104476 0.0070134 0.00439542
 0.0078959 0.0128944 0.0195313 0.0277792 0.0373732 0.0476549 0.0575434 0.0658029 0.0714877 0.074238 0.0742385 0.0719684 0.0679762 0.0627727 0.0567975 0.0504061 0.0438684 0.0373826 0.031098 0.0251402 0.01963 0.014693 0.0104517 0.00700084 0.00437506
 0.00789726 0.0128956 0.0195308 0.0277738 0.0373574 0.0476207 0.0574823 0.0657083 0.0713603 0.0740889 0.0740888 0.071844 0.0678996 0.0627567 0.0568422 0.0505009 0.043996 0.0375234 0.0312339 0.0252571 0.0197196 0.0147526 0.0104841 0.00701238 0.00437373
 0.00788473 0.0128741 0.0194966 0.0277229 0.0372871 0.047531 0.0573764 0.0655928 0.0712427 0.0739758 0.073986 0.0717583 0.0678406 0.0627355 0.0568678 0.0505756 0.0441133 0.0376687 0.0313888 0.0254036 0.0198435 0.0148466 0.0105472 0.00704903 0.00439121
 0.00790725 0.0129024 0.0195237 0.0277372 0.0372753 0.0474831 0.0572903 0.0654752 0.0711068 0.0738374 0.0738591 0.0716533 0.067764 0.0626915 0.0568597 0.0506058 0.0441811 0.0377686 0.0315097 0.0255304 0.0199614 0.0149441 0.010619 0.00709582 0.00441782
 0.00787717 0.0128596 0.0194703 0.027678 0.0372148 0.0474222 0.0572246 0.0653969 0.0710106 0.0737256 0.0737432 0.0715504 0.0676909 0.062659 0.0568712 0.0506588 0.0442699 0.0378854 0.0316444 0.0256709 0.0200946 0.0150587 0.0107081 0.00715804 0.00445661
 0.00786421 0.0128337 0.0194231 0.0276 0.0370998 0.0472722 0.0570527 0.0652254 0.0708621 0.0736145 0.0736725 0.0715149 0.0676841 0.0626784 0.0569181 0.0507349 0.0443743 0.0380134 0.0317876 0.0258186 0.0202352 0.0151817 0.0108064 0.00722924 0.00450308
 0.00781892 0.0127632 0.0193224 0.0274663 0.0369322 0.0470723 0.0568262 0.0649844 0.0706266 0.0734101 0.0735245 0.0714412 0.0676901 0.0627565 0.0570526 0.0509086 0.0445726 0.0382244 0.032001 0.0260241 0.0204223 0.0153414 0.0109328 0.00732123 0.00456403
 0.00781112 0.0127431 0.0192788 0.0273848 0.0367999 0.0468839 0.0565894 0.0647196 0.0703614 0.0731717 0.0733351 0.0713163 0.0676392 0.0627826 0.0571511 0.0510673 0.044774 0.0384497 0.0322328 0.0262473 0.0206249 0.0155139 0.0110697 0.00742145 0.00463116
 0.00777314 0.0126868 0.0192036 0.0272925 0.0366921 0.0467595 0.0564441 0.0645491 0.0701668 0.0729641 0.0731354 0.0711507 0.0675311 0.0627471 0.0571928 0.0511806 0.0449457 0.0386612 0.0324636 0.0264777 0.0208377 0.0156969 0.0112156 0.00752879 0.00470352
 0.00774639 0.0126387 0.0191232 0.0271684 0.0365165 0.0465345 0.0561851 0.0642824 0.0699212 0.0727613 0.0729855 0.071055 0.0674889 0.0627601 0.0572642 0.0513113 0.0451304 0.0388877 0.0327139 0.0267313 0.0210752 0.0159026 0.0113804 0.00765034 0.00478559
 0.00771604 0.0125878 0.0190438 0.0270515 0.036354 0.0463219 0.0559251 0.0639883 0.069617 0.0724781 0.0727553 0.0709023 0.0674258 0.0627854 0.0573678 0.0514799 0.0453503 0.0391448 0.0329919 0.0270115 0.0213383 0.0161321 0.0115653 0.00778738 0.00487846
 0.00770006 0.0125621 0.0190053 0.0269969 0.0362798 0.0462244 0.0558012 0.0638365 0.0694394 0.0722823 0.0725552 0.0707182 0.0672806 0.062699 0.0573522 0.0515368 0.0454724 0.0393185 0.0332003 0.0272359 0.0215594 0.0163323 0.0117317 0.00791377 0.00496583
 0.0076617 0.0125031 0.018923 0.0268911 0.0361531 0.0460814 0.0556489 0.0636829 0.0692924 0.0721478 0.0724369 0.0706189 0.067205 0.062655 0.0573498 0.0515846 0.0455737 0.0394692 0.0333888 0.0274452 0.0217704 0.0165269 0.0118958 0.00804013 0.0050542
 0.00764122 0.0124702 0.0188742 0.0268239 0.0360664 0.0459772 0.0555325 0.0635629 0.0691783 0.0720474 0.0723542 0.0705542 0.0671569 0.0626234 0.0573377 0.0515982 0.0456201 0.0395529 0.0335084 0.027592 0.02193 0.0166827 0.0120331 0.00814937 0.00513262
 0.00761681 0.012431 0.0188162 0.026744 0.0359632 0.045852 0.0553908 0.0634149 0.0690369 0.0719258 0.0722626 0.0704982 0.0671366 0.062635 0.0573757 0.0516583 0.0457006 0.0396542 0.0336303 0.0277309 0.0220775 0.0168267 0.0121613 0.00825274 0.00520782
 0.00760882 0.0124171 0.0187935 0.0267091 0.0359129 0.0457843 0.0553062 0.0633166 0.068931 0.0718203 0.0721665 0.07042 0.067083 0.0626099 0.0573796 0.051689 0.0457548 0.0397287 0.0337224 0.0278371 0.022192 0.0169408 0.0122655 0.00833896 0.00527208
 0.00758683 0.0123844 0.0187499 0.0266563 0.0358533 0.0457203 0.0552392 0.0632472 0.0688601 0.0717498 0.0720998 0.0703619 0.0670393 0.0625857 0.0573786 0.0517126 0.0458019 0.0397965 0.0338068 0.0279334 0.022294 0.0170414 0.0123569 0.00841489 0.00532915
 0.00757912 0.012371 0.0187284 0.0266241 0.0358091 0.0456653 0.0551775 0.0631852 0.0688042 0.0717037 0.0720634 0.0703329 0.0670157 0.0625677 0.0573691 0.0517156 0.0458212 0.0398337 0.033861 0.0280012 0.0223701 0.0171191 0.0124294 0.00847623 0.00537605
 0.00753091 0.0122968 0.0186245 0.0264903 0.0356486 0.0454849 0.0549883 0.0630025 0.0686454 0.0715856 0.0719979 0.070324 0.0670591 0.0626531 0.0574835 0.0518472 0.0459615 0.0399772 0.0340041 0.0281403 0.022501 0.0172367 0.012529 0.00855473 0.00543297
 0.00755036 0.0123226 0.0186525 0.026513 0.0356572 0.0454722 0.0549514 0.0629433 0.0685697 0.0715004 0.071911 0.0702438 0.0669935 0.0626083 0.0574629 0.0518506 0.0459857 0.0400181 0.0340575 0.0282022 0.022567 0.0173021 0.0125887 0.00860472 0.00547096
 0.00752942 0.0122963 0.0186268 0.0264972 0.0356599 0.045496 0.0549895 0.0629806 0.0685894 0.0714915 0.0718724 0.0701833 0.0669238 0.0625424 0.057411 0.0518189 0.0459764 0.0400299 0.0340868 0.0282442 0.0226163 0.0173533 0.0126367 0.00864555 0.00550238
 0.00753012 0.0122922 0.0186118 0.0264638 0.0356035 0.0454194 0.0549053 0.0629079 0.0685452 0.0714817 0.0718897 0.0702118 0.0669484 0.0625559 0.0574148 0.0518203 0.0459833 0.0400478 0.0341173 0.0282853 0.022664 0.0174024 0.0126824 0.00868404 0.00553171
 0.00748875 0.0122345 0.0185421 0.0263912 0.0355376 0.0453657 0.0548621 0.0628689 0.0685057 0.0714442 0.0718631 0.0702059 0.0669668 0.0625937 0.0574625 0.0518692 0.0460298 0.0400927 0.0341635 0.0283344 0.0227151 0.0174526 0.0127279 0.00872181 0.00556015
 0.00747579 0.0122042 0.0184802 0.0262812 0.0353676 0.0451377 0.0545979 0.0626065 0.0682865 0.071298 0.0718004 0.0702202 0.0670437 0.062717 0.0576168 0.05204 0.0462035 0.040259 0.0343158 0.02847 0.022833 0.0175519 0.0128079 0.00878239 0.0056027
 0.00748681 0.0122237 0.0185116 0.026326 0.0354223 0.0451903 0.0546279 0.0625912 0.0682118 0.0711683 0.0716392 0.0700616 0.0669174 0.0626398 0.0575908 0.0520571 0.0462515 0.0403251 0.0343896 0.0285437 0.0229015 0.0176122 0.0128581 0.00882159 0.00563104
 0.00748681 0.0122237 0.0185116 0.026326 0.0354223 0.0451903 0.0546279 0.0625912 0.0682118 0.0711683 0.0716392 0.0700616 0.0669174 0.0626398 0.0575908 0.0520571 0.0462515 0.0403251 0.0343896 0.0285437 0.0229015 0.0176122 0.0128581 0.00882159 0.00563104
#pred catch len freq
 0.00371305 0.00599057 0.0089656 0.0126565 0.0170784 0.0221957 0.0278544 0.0337692 0.0395807 0.0449315 0.0495209 0.0531428 0.0557141 0.057279 0.0579824 0.0580325 0.0576686 0.0571187 0.0565129 0.0557477 0.0543786 0.0516811 0.0469661 0.0400375 0.0314815
 0.0040926 0.00654642 0.00969259 0.0135211 0.0180425 0.0232464 0.0290162 0.0350817 0.0410516 0.0464958 0.0510382 0.0544403 0.0566521 0.0578001 0.0581168 0.0578603 0.0572597 0.0564826 0.0555838 0.0544199 0.052582 0.0494589 0.0445054 0.0376224 0.0293906
 0.00429319 0.00690485 0.0102881 0.0144379 0.0193394 0.0249179 0.0309681 0.0371487 0.0430561 0.0483097 0.0526023 0.0557322 0.0576387 0.0584204 0.0583074 0.0575937 0.0565564 0.0553851 0.0541176 0.0525806 0.0503688 0.0469356 0.0418402 0.0350653 0.027192
 0.00451679 0.00725591 0.0107989 0.0151451 0.0202947 0.0261921 0.0326345 0.0392404 0.0455129 0.0509519 0.0551607 0.0579281 0.0592677 0.0593887 0.0586107 0.057271 0.0556574 0.0539592 0.0522135 0.0502502 0.0476837 0.0440172 0.0388806 0.0323067 0.0248615
 0.00479903 0.00770344 0.0114517 0.0160338 0.0214382 0.0275951 0.0342862 0.0411174 0.0475846 0.0531754 0.0574584 0.0601609 0.0612341 0.0608646 0.0594134 0.0573051 0.0549192 0.0525083 0.0501397 0.0476601 0.0447095 0.0408365 0.0357216 0.0294208 0.0224628
 0.00511668 0.00820814 0.0121906 0.017046 0.0227514 0.0292187 0.0361992 0.0432594 0.0498579 0.0554608 0.0596366 0.0621263 0.0628919 0.0621163 0.0601466 0.0574044 0.0542964 0.0511317 0.0480478 0.0449592 0.0415685 0.0374815 0.0324205 0.0264433 0.02002
 0.00536928 0.00862243 0.0128219 0.0179512 0.0239812 0.0308038 0.0381326 0.0454835 0.0522645 0.0579037 0.061953 0.064161 0.0645184 0.0632463 0.0607226 0.0573819 0.0536318 0.04979 0.0460288 0.0423275 0.0384733 0.0341547 0.0291469 0.023504 0.0176256
 0.00559351 0.00898108 0.0133531 0.0186928 0.024972 0.0320802 0.0397187 0.0473742 0.0544089 0.0601968 0.0642414 0.0662655 0.0662659 0.0644994 0.0613934 0.057427 0.0530355 0.0485513 0.0441645 0.0398958 0.0356022 0.0310543 0.0260865 0.0207549 0.015391
 0.00577878 0.00927646 0.0137879 0.0192937 0.0257624 0.0330784 0.0409332 0.0487982 0.0560166 0.0619401 0.0660459 0.0680277 0.0678574 0.0657814 0.0622381 0.0577366 0.0527514 0.0476528 0.0426677 0.0378606 0.0331487 0.0283721 0.0234181 0.0183467 0.0134289
 0.00594295 0.00954122 0.0141829 0.0198462 0.0264941 0.0339995 0.0420349 0.0500494 0.0573674 0.0633312 0.0674171 0.0693209 0.0690132 0.0667332 0.0629087 0.0580424 0.0526138 0.0470147 0.0415095 0.0362152 0.0311145 0.0261149 0.0211525 0.0162908 0.0117488
 0.00618558 0.00992397 0.0147378 0.0205969 0.0274538 0.0351669 0.0433861 0.051531 0.0588967 0.0648064 0.0687348 0.0703956 0.0697905 0.0671914 0.063047 0.0578617 0.0521032 0.0461516 0.0402756 0.0346227 0.0292298 0.0240682 0.0191217 0.0144608 0.0102605
 0.00643691 0.0103202 0.0153117 0.0213725 0.0284446 0.0363716 0.0447808 0.053062 0.0604791 0.0663318 0.0700858 0.0714638 0.0704956 0.0674939 0.0629494 0.0573969 0.0513137 0.0450723 0.0389309 0.0330406 0.027465 0.0222194 0.0173261 0.0128634 0.0089716
 0.0065384 0.0104918 0.0155829 0.0217769 0.0290155 0.0371334 0.0457385 0.0541933 0.0617325 0.0676307 0.0713356 0.0725626 0.0713476 0.0680241 0.0631154 0.0571921 0.0507618 0.0442148 0.0378157 0.0317195 0.0260027 0.0207035 0.0158662 0.0115718 0.00793285
 0.00663543 0.0106391 0.0157867 0.02204 0.0293419 0.037534 0.0462323 0.0548008 0.0624634 0.0684709 0.0722412 0.0734632 0.0721577 0.0686583 0.0635022 0.0572844 0.0505421 0.0436945 0.0370301 0.0307225 0.0248646 0.0195103 0.0147146 0.0105541 0.00711569
 0.00674129 0.0108067 0.0160302 0.0223687 0.0297576 0.0380286 0.0467862 0.0553859 0.0630513 0.0690411 0.072783 0.0739685 0.07261 0.0690262 0.0637415 0.057348 0.0503927 0.0433148 0.0364282 0.0299333 0.0239468 0.0185411 0.0137793 0.00973073 0.00645799
 0.00673083 0.0108032 0.0160501 0.0224366 0.0299013 0.03827 0.0471325 0.0558245 0.0635518 0.0695624 0.0732837 0.0744164 0.0729864 0.0693223 0.0639492 0.0574518 0.050368 0.0431361 0.0360814 0.0294264 0.023315 0.0178433 0.0130869 0.00911116 0.00595869
 0.00679151 0.0108835 0.0161386 0.0225148 0.0299538 0.0382976 0.0471597 0.0558939 0.0637051 0.0698192 0.0736302 0.0748102 0.0733743 0.0696577 0.0642019 0.0576062 0.0504151 0.0430671 0.0358885 0.0291106 0.0228945 0.017357 0.0125883 0.00865504 0.00558574
 0.00695722 0.0111227 0.0164414 0.0228499 0.030274 0.0385512 0.0473047 0.0559104 0.063605 0.069648 0.0734553 0.0746968 0.0733593 0.0697377 0.0643401 0.0577515 0.0505208 0.0430993 0.0358277 0.028951 0.0226456 0.0170447 0.0122514 0.00833588 0.00531836
 0.00707185 0.0113071 0.0167135 0.0232209 0.0307403 0.0390856 0.0478506 0.0563876 0.0639305 0.0697649 0.0733555 0.074425 0.0729962 0.0693696 0.0640299 0.0575227 0.0503594 0.04297 0.0356921 0.0287816 0.0224327 0.0167967 0.0119909 0.00809126 0.0051137
 0.00710195 0.011358 0.0167949 0.0233453 0.0309231 0.0393424 0.0481906 0.0568034 0.0643882 0.0702027 0.0736956 0.0745995 0.0729745 0.0691722 0.0637184 0.0571727 0.0500305 0.0426895 0.0354567 0.0285713 0.022228 0.0165896 0.011787 0.00790473 0.00495903
 0.00705673 0.0112917 0.0167088 0.0232468 0.0308256 0.0392645 0.048155 0.0568346 0.0645074 0.0704178 0.073992 0.074936 0.0732905 0.0694074 0.0638353 0.0571696 0.0499377 0.0425499 0.0353053 0.0284253 0.0220892 0.0164547 0.0116563 0.0077843 0.00485735
 0.00706573 0.0112993 0.0167075 0.0232257 0.0307741 0.039178 0.04804 0.05671 0.0644015 0.0703621 0.0740121 0.0750429 0.0734743 0.0696357 0.0640616 0.0573487 0.0500419 0.0425762 0.0352707 0.0283538 0.0220008 0.0163616 0.0115658 0.00770188 0.00478813
 0.00710487 0.0113577 0.0167852 0.0233181 0.0308722 0.0392687 0.048108 0.0567414 0.0643885 0.0703081 0.0739337 0.0749656 0.0734238 0.0696276 0.0640946 0.0574048 0.0500941 0.0426007 0.0352558 0.0283023 0.0219251 0.0162765 0.0114831 0.00762946 0.00473022
 0.00712619 0.0113871 0.0168196 0.0233511 0.030895 0.0392729 0.0480873 0.0566931 0.064314 0.0702132 0.0738291 0.0748672 0.0733501 0.0695957 0.064114 0.0574729 0.0501952 0.0427104 0.0353501 0.0283653 0.0219525 0.0162741 0.0114618 0.00760041 0.00470176
 0.00703842 0.0112646 0.0166727 0.0232017 0.0307702 0.0391948 0.0480644 0.0567187 0.0643708 0.0702807 0.0738905 0.0749129 0.0733796 0.0696165 0.0641386 0.057513 0.0502561 0.0427883 0.0354329 0.0284382 0.0220045 0.0163015 0.0114682 0.00759333 0.00468905
 0.00683703 0.0109565 0.0162461 0.022662 0.030142 0.0385225 0.0474111 0.0561589 0.0639751 0.0700961 0.0739271 0.0751452 0.0737585 0.0700862 0.0646493 0.0580272 0.0507487 0.0432423 0.0358355 0.0287787 0.0222757 0.0165021 0.0116042 0.00767686 0.00473492
 0.00676193 0.0108255 0.0160327 0.0223371 0.0296819 0.0379216 0.0466948 0.0553885 0.0632397 0.0694942 0.0735433 0.0750293 0.0739146 0.0704747 0.0652011 0.058665 0.051404 0.0438646 0.0363925 0.0292521 0.0226572 0.0167913 0.0118085 0.00780986 0.00481396
 0.00677068 0.0108263 0.0160079 0.0222587 0.0295144 0.0376296 0.0462537 0.0547963 0.0625274 0.0687302 0.0728262 0.0744675 0.0735979 0.0704487 0.0654566 0.0591451 0.0520247 0.0445384 0.0370461 0.0298347 0.0231403 0.0171655 0.0120785 0.00799013 0.00492456
 0.0066734 0.0106889 0.0158383 0.0220739 0.0293312 0.0374514 0.0460625 0.0545568 0.0622033 0.0683058 0.0723225 0.0739451 0.073144 0.0701533 0.0653858 0.0593204 0.0524183 0.0450838 0.0376596 0.0304378 0.0236743 0.0175977 0.0123999 0.00820995 0.0050623
 0.00662721 0.0106069 0.0157038 0.0218709 0.0290531 0.0371106 0.045694 0.0542092 0.0619173 0.0680933 0.0721623 0.0738009 0.0729936 0.0700087 0.0652918 0.0593336 0.0525788 0.0453956 0.0380878 0.0309218 0.0241491 0.0180119 0.0127251 0.00844117 0.00521143
 0.0065862 0.0105376 0.0155936 0.0217045 0.0288131 0.0367818 0.0452714 0.0537073 0.0613773 0.0675795 0.0717455 0.0735334 0.0728905 0.0700495 0.0654404 0.0595627 0.0528797 0.0457696 0.0385286 0.0314038 0.0246302 0.0184466 0.0130798 0.00870237 0.00538494
 0.00649426 0.0103998 0.0154073 0.0214733 0.0285434 0.0364778 0.0449328 0.0533319 0.0609677 0.0671515 0.0713332 0.0731866 0.0726623 0.0699779 0.0655352 0.059805 0.0532345 0.0462008 0.0390056 0.0318985 0.0251118 0.018882 0.0134412 0.00897506 0.00557087
 0.0064811 0.0103713 0.0153516 0.0213756 0.0283902 0.036263 0.0446622 0.0530221 0.0606399 0.066824 0.0710194 0.0728995 0.0724212 0.0698106 0.0654715 0.0598654 0.0534209 0.0464954 0.039377 0.0323098 0.0255258 0.0192648 0.0137657 0.00922581 0.00574622
 0.00654714 0.0104692 0.0154805 0.0215266 0.028546 0.0363999 0.0447524 0.0530394 0.0605663 0.0666561 0.0707703 0.072594 0.0720896 0.0694845 0.0651829 0.0596456 0.0532958 0.0464786 0.0394647 0.0324813 0.0257489 0.0195033 0.0139876 0.00940879 0.00588073
 0.00655038 0.0104799 0.0155065 0.0215775 0.0286296 0.0365166 0.0448906 0.053175 0.0606676 0.0666929 0.0707229 0.0724594 0.0718821 0.0692317 0.0649191 0.0594056 0.0531101 0.0463695 0.0394425 0.0325415 0.0258725 0.0196619 0.0141509 0.00955248 0.00599131
 0.00650248 0.0104117 0.0154222 0.0214886 0.0285538 0.0364737 0.0448982 0.0532428 0.060792 0.0668538 0.0708857 0.0725844 0.0719372 0.0692032 0.0648158 0.0592543 0.0529471 0.0462305 0.0393544 0.0325172 0.0259089 0.0197427 0.0142527 0.00965265 0.00607419
 0.00641533 0.0102798 0.0152426 0.0212663 0.028302 0.0362134 0.0446574 0.0530539 0.0606862 0.0668521 0.0709906 0.0727757 0.072176 0.0694429 0.0650161 0.0593931 0.0530251 0.0462668 0.0393766 0.0325496 0.0259648 0.0198215 0.0143435 0.00974081 0.00614768
 0.00642844 0.0102852 0.0152215 0.0211923 0.0281489 0.0359675 0.0443282 0.0526769 0.0603153 0.0665458 0.0707972 0.0727226 0.0722636 0.0696446 0.0652863 0.0596808 0.0532886 0.046484 0.0395462 0.032684 0.0260797 0.0199272 0.0144416 0.00982701 0.00621666
 0.00646833 0.0103497 0.0153163 0.0213177 0.0282946 0.0361074 0.0444202 0.0526732 0.0601824 0.0662847 0.0704502 0.0723609 0.0719615 0.0694543 0.0652243 0.0597293 0.0534085 0.0466323 0.0396904 0.0328083 0.0261823 0.0200129 0.014515 0.00988912 0.00626621
 0.00648849 0.0103864 0.015379 0.0214185 0.028446 0.036317 0.0446839 0.0529679 0.0604637 0.0664932 0.0705292 0.0722794 0.071731 0.0691282 0.0648763 0.0594254 0.0531857 0.0464946 0.0396194 0.0327793 0.0261757 0.0200179 0.0145266 0.00990458 0.00628259
 0.00648384 0.01038 0.0153721 0.0214143 0.0284505 0.0363401 0.0447383 0.0530661 0.0606114 0.0666819 0.0707312 0.0724512 0.0718268 0.0691181 0.0647618 0.0592391 0.0529773 0.0463094 0.0394831 0.0326954 0.0261336 0.020003 0.0145269 0.00991206 0.00629238
