SBPRF35
7.78865
Curr Bio
551564
B35
700730
F35
0.229026
FOFL
0.189225
OFL
83906.5
Bzero
2.22533e+006
#pred survey bio
 4.53815e+006 4.24763e+006 3.98601e+006 3.69816e+006 3.38322e+006 3.06371e+006 2.75055e+006 2.4638e+006 2.18579e+006 1.94914e+006 1.68601e+006 1.48269e+006 1.31959e+006 1.17331e+006 1.02326e+006 905177 812502 751436 712056 670399 642793 617483 616266 595046 597406 579505 576246 571078 572207 581488 573872 560434 546732 539584 524571 492482 481040 477603 482248 482370 488852 496987 497808 519990 522828 533918 538910 543861 552257 558998 560416 546469 520110 527834 547126 2.03116e+007 1.24929e+007 1.28695e+007 1.34843e+007 1.42167e+007 1.49251e+007 1.55375e+007 1.60321e+007 1.64142e+007 1.67011e+007 1.69126e+007 1.70669e+007 1.71789e+007 1.72602e+007 1.73193e+007 1.73625e+007 1.73943e+007 1.74177e+007 1.74352e+007 1.74483e+007 1.74581e+007 1.74656e+007 1.74712e+007 1.74755e+007 1.74788e+007 1.74813e+007 1.74832e+007 1.74847e+007 1.74859e+007 1.74867e+007 1.74874e+007 1.74879e+007 1.74883e+007 1.74886e+007 1.74889e+007 1.74891e+007 1.74892e+007 1.74893e+007 1.74894e+007 1.74895e+007 1.74895e+007 1.74896e+007 1.74896e+007 1.74896e+007 1.74896e+007 1.74897e+007 1.74897e+007 1.74897e+007 1.74897e+007 1.74897e+007 1.74897e+007 1.74897e+007 1.74897e+007 1.74897e+007 1.74897e+007 1.74897e+007 1.74897e+007 1.74897e+007 1.74897e+007 1.74897e+007 1.74897e+007 1.74897e+007 1.74897e+007 1.74897e+007 1.74897e+007 1.74897e+007 1.74897e+007 1.74897e+007 1.74897e+007 1.74897e+007 1.74897e+007 1.74897e+007 1.74897e+007 1.74897e+007 1.74897e+007 1.74897e+007 1.74897e+007 1.74897e+007 1.74897e+007 1.74897e+007 1.74897e+007 1.74897e+007 1.74897e+007 1.74897e+007 1.74897e+007 1.74897e+007 1.74897e+007 1.74897e+007 1.74897e+007 1.74897e+007 1.74897e+007 1.74897e+007 1.74897e+007 1.74897e+007 1.74897e+007 1.74897e+007 1.74897e+007 1.74897e+007 1.74897e+007 1.74897e+007 0 0 0 0 0 0 0 0 0 0 0 0 0 0 0 0 0 0 0 0 0 0 0 0 0
#obs survey bio
 3.88769e+006 3.44048e+006 3.6781e+006 3.32479e+006 3.03084e+006 2.28888e+006 1.37272e+006 1.9631e+006 2.90959e+006 1.2617e+006 1.43254e+006 1.36023e+006 1.16952e+006 1.09712e+006 1.01829e+006 510298 907222 503301 635617 514665 575044 483696 797776 596958 696255 517065 704880 591852 456918 508897 519298 557014 591570 429461 689167 415921 560141 484022 490074 525893 502420 503653 498842 493098 644717 566466 401072 597014 528664 567116 594344 472668 516486 293262 514621
#pred catch bio
 97175.2 93365.5 146700 205316 245558 275090 283047 302212 287342 329613 290481 265210 258014 265857 239411 216881 188034 166787 163900 146521 139527 115080 127857 104013 118174 103653 104315 97664.6 89573.4 102409 104748 101560 92677.8 96006.8 106287 87015 83870.9 82725.8 90220.4 86112.5 85398 91882.1 74825.8 92144.1 85540.8 91511.5 92405.3 90041.8 91554.4 95909.8 108747 119440 92977.6 87893.1 79966.3 83906.5 101813 103817 107541 112652 117761 122125 125541 128067 129860 131096 131927 132478 132837 133068 133216 133310 133370 133407 133430 133445 133454 133460 133463 133465 133467 133467 133468 133468 133468 133469 133469 133469 133469 133469 133469 133469 133469 133469 133469 133469 133469 133469 133469 133469 133469 133469 133469 133469 133469 133469 133469 133469 133469 133469 133469 133469 133469 133469 133469 133469 133469 133469 133469 133469 133469 133469 133469 133469 133469 133469 133469 133469 133469 133469 133469 133469 133469 133469 133469 133469 133469 133469 133469 133469 133469 133469 133469 133469 133469 133469 133469 133469 133469 133469 133469 133469 133469 133469 133469 0 0 0 0 0 0 0 0 0 0 0 0 0 0 0 0 0 0 0 0 0 0 0 0 0
#obs catch bio
 0 93077.5 146994 206325 247809 278773 287832 308102 290538 337418 296404 270424 262252 271934 245702 223121 192254 171578 167755 149268 142300 116317 129371 104177 118522 103654 104922 98426.9 89621.3 102481 105129 102109 92347.4 96063 106183 86949.3 83812 82621.3 90400.2 86044.1 85202.2 91962.7 74618.1 92154.7 85238.4 91069.2 92417.2 89945.4 91274.2 95269 107830 118970 92541.1 87980.7 79871.6
#pred cpue bio
 4.4618e+006 4.17376e+006 3.91376e+006 3.62644e+006 3.31266e+006 2.99455e+006 2.68309e+006 2.39828e+006 2.1228e+006 1.88831e+006 1.62803e+006 1.42701e+006 1.26594e+006 1.12149e+006 973782 857892 767325 707941 670281 630936 605108 581433 581083 561418 564406 547516 544389 539474 540959 550440 543415 530812 518199 511899 497991 467414 455766 450669 453654 453465 460009 468090 468906 490341 493132 503863 508571 513180 521396 528140 529594 515786 489487 495946 513866 1.9115e+007 1.17812e+007 1.21051e+007 1.26323e+007 1.33288e+007 1.40284e+007 1.4639e+007 1.51333e+007 1.55154e+007 1.58023e+007 1.60138e+007 1.61681e+007 1.62801e+007 1.63614e+007 1.64205e+007 1.64637e+007 1.64955e+007 1.65189e+007 1.65364e+007 1.65495e+007 1.65593e+007 1.65668e+007 1.65724e+007 1.65767e+007 1.658e+007 1.65825e+007 1.65844e+007 1.65859e+007 1.6587e+007 1.65879e+007 1.65886e+007 1.65891e+007 1.65895e+007 1.65898e+007 1.65901e+007 1.65903e+007 1.65904e+007 1.65905e+007 1.65906e+007 1.65907e+007 1.65907e+007 1.65908e+007 1.65908e+007 1.65908e+007 1.65908e+007 1.65909e+007 1.65909e+007 1.65909e+007 1.65909e+007 1.65909e+007 1.65909e+007 1.65909e+007 1.65909e+007 1.65909e+007 1.65909e+007 1.65909e+007 1.65909e+007 1.65909e+007 1.65909e+007 1.65909e+007 1.65909e+007 1.65909e+007 1.65909e+007 1.65909e+007 1.65909e+007 1.65909e+007 1.65909e+007 1.65909e+007 1.65909e+007 1.65909e+007 1.65909e+007 1.65909e+007 1.65909e+007 1.65909e+007 1.65909e+007 1.65909e+007 1.65909e+007 1.65909e+007 1.65909e+007 1.65909e+007 1.65909e+007 1.65909e+007 1.65909e+007 1.65909e+007 1.65909e+007 1.65909e+007 1.65909e+007 1.65909e+007 1.65909e+007 1.65909e+007 1.65909e+007 1.65909e+007 1.65909e+007 1.65909e+007 1.65909e+007 1.65909e+007 1.65909e+007 1.65909e+007 1.65909e+007 1.65909e+007 0 0 0 0 0 0 0 0 0 0 0 0 0 0 0 0 0 0 0 0 0 0 0 0 0
#obs cpue bio
 2.53234e+006 4.07376e+006 4.00508e+006 2.35208e+006 1.66986e+006 2.56696e+006 3.12375e+006 2.88602e+006 2.60776e+006 1.50557e+006 1.53147e+006 1.24512e+006 1.49482e+006 789858 553469 921808 594549 454797 783297 676130 516972 711013 525200 665148 587240 586892 313332 389966 941536 749437 463701 450409 822096 490102 514783 441001 427371 446596 399266 460920 495142 451643 422961 627769 438325 614043 479585 502744 664960 708922 619410 540279 456764 659139 576556
#pred surv len freq
 0.00470201 0.00755156 0.0112194 0.0156615 0.020794 0.0264395 0.0322762 0.0378834 0.0428779 0.0470315 0.0502909 0.0527263 0.0544712 0.0556747 0.0564605 0.0568978 0.0569955 0.0567082 0.0559241 0.0544254 0.0518621 0.0478249 0.0420575 0.0347232 0.0265207
 0.00508303 0.00808513 0.0118686 0.0163514 0.0214498 0.0270366 0.0328654 0.0385624 0.0437178 0.0480029 0.0512427 0.0534353 0.0547369 0.0554054 0.0557109 0.0558448 0.0558687 0.0557042 0.0551394 0.0538362 0.0513618 0.0472978 0.0414482 0.0340597 0.0258852
 0.00525827 0.00840316 0.0124027 0.0171753 0.0226031 0.028483 0.0344731 0.0401365 0.0450788 0.0490616 0.0520107 0.0539641 0.0550356 0.0554104 0.0553295 0.0550356 0.0546935 0.0543146 0.0537094 0.0524897 0.0501399 0.0461824 0.0404149 0.0331176 0.0250765
 0.0054744 0.00873787 0.0128801 0.0178191 0.0234459 0.0295718 0.0358549 0.0418209 0.0469945 0.0510399 0.0538219 0.0553926 0.0559473 0.0557651 0.0551432 0.0543397 0.0535301 0.0527602 0.0518889 0.0505554 0.0482317 0.0444009 0.0388248 0.0317645 0.0239944
 0.00570245 0.00910621 0.0134297 0.0185857 0.0244543 0.0308272 0.0373377 0.0434896 0.0487951 0.0529089 0.0556734 0.0571005 0.0573463 0.0566844 0.0554544 0.0539873 0.0525324 0.0511941 0.0498776 0.048259 0.0458314 0.0420753 0.0367255 0.0300001 0.0226215
 0.00593944 0.00948534 0.0139901 0.019363 0.0254782 0.0321153 0.0388847 0.0452572 0.0507101 0.0548719 0.0575738 0.0588283 0.0587939 0.0577416 0.0560075 0.0539339 0.0518083 0.0497992 0.0478883 0.0458246 0.0431567 0.0393912 0.0342516 0.0279062 0.0209994
 0.00615224 0.00983227 0.0145148 0.0201089 0.0264828 0.0334004 0.040444 0.0470488 0.0526579 0.0568749 0.0595178 0.0605962 0.060275 0.0588363 0.0566271 0.053998 0.0512495 0.0485808 0.0460314 0.0434313 0.0404138 0.0365472 0.031569 0.0256038 0.0192057
 0.0063489 0.0101486 0.0149861 0.0207693 0.0273638 0.0345257 0.0418204 0.0486564 0.0544444 0.0587567 0.0613878 0.0623355 0.0617665 0.0599752 0.0573249 0.0541808 0.0508558 0.0475686 0.0443983 0.0412419 0.0378198 0.0337804 0.0288992 0.0232739 0.0173711
 0.00667069 0.0106452 0.015685 0.0216815 0.0284866 0.035847 0.0433181 0.050294 0.056168 0.060496 0.0630597 0.0638497 0.0630315 0.060905 0.0578439 0.0542251 0.0503734 0.046523 0.0427823 0.0391023 0.0352821 0.0310524 0.0262395 0.0209289 0.0155088
 0.00690767 0.0110343 0.016277 0.0225244 0.029614 0.0372615 0.0449762 0.0521051 0.0580128 0.0622551 0.0646356 0.0651735 0.0640553 0.0615912 0.0581565 0.0541259 0.0498232 0.0454884 0.0412508 0.0371063 0.032923 0.028509 0.0237443 0.0187127 0.013736
 0.00723724 0.011561 0.017054 0.0235984 0.0310207 0.0390148 0.0470514 0.0544223 0.0604328 0.064593 0.0666923 0.0667748 0.0650867 0.0620117 0.0579874 0.053421 0.0486387 0.043867 0.0392278 0.034733 0.0302967 0.0257893 0.0211386 0.0164284 0.0119209
 0.00757062 0.0120774 0.0177849 0.0245601 0.032217 0.0404407 0.0486908 0.0562399 0.0623657 0.0665464 0.0685407 0.0683723 0.0662878 0.0626993 0.0580962 0.0529457 0.0476214 0.0423753 0.0373377 0.0325295 0.0278892 0.0233256 0.0187978 0.0143862 0.0103015
 0.00791867 0.01262 0.0185582 0.0255815 0.033483 0.0419242 0.0503373 0.057969 0.0640826 0.0681589 0.0699703 0.0695531 0.0671583 0.0631965 0.0581613 0.052538 0.0467322 0.0410337 0.0356069 0.0305022 0.0256854 0.0210923 0.0166976 0.0125693 0.00886941
 0.00815181 0.0130106 0.0191667 0.0264699 0.0346997 0.0434805 0.0521848 0.059993 0.0661198 0.0700331 0.071529 0.070692 0.0678272 0.0633906 0.0579019 0.0518548 0.0456555 0.0395981 0.033863 0.0285262 0.0235851 0.0190023 0.0147632 0.0109186 0.00758257
 0.00844996 0.0134853 0.0198641 0.0274306 0.0359564 0.0450503 0.0540538 0.0620982 0.0683376 0.0721847 0.073406 0.0720981 0.0686229 0.0635218 0.0573997 0.0508098 0.0441817 0.037806 0.0318507 0.0263874 0.0214214 0.0169288 0.0128991 0.00936364 0.00639205
 0.00868054 0.0138535 0.0204065 0.0281783 0.0369311 0.0462586 0.0554783 0.0636918 0.0700242 0.0738643 0.0749602 0.0733965 0.0695364 0.063945 0.0572763 0.0501467 0.0430452 0.0363015 0.0300986 0.0245075 0.019529 0.0151354 0.0113066 0.00805076 0.00539719
 0.00886314 0.0141436 0.0208309 0.0287587 0.0376823 0.0471839 0.0565633 0.0648993 0.0712945 0.0751219 0.0761223 0.0743809 0.0702662 0.064353 0.0573111 0.049782 0.0422898 0.0352038 0.0287417 0.0229974 0.0179805 0.0136596 0.00999923 0.00697966 0.00459165
 0.00877792 0.0140375 0.0207319 0.0287146 0.03775 0.0474121 0.0569771 0.0654936 0.0720392 0.07597 0.0770173 0.0752603 0.071064 0.0650025 0.0577496 0.0499577 0.0421705 0.0347859 0.0280567 0.0221109 0.0169832 0.0126521 0.00907462 0.00620657 0.00400394
 0.00869328 0.0138929 0.0205039 0.0283842 0.037316 0.0469073 0.0564769 0.0651065 0.0718749 0.0761014 0.0774557 0.0759558 0.0719255 0.0659223 0.0586217 0.0506893 0.0426891 0.0350464 0.0280481 0.0218597 0.0165497 0.0121187 0.00852747 0.00571724 0.0036161
 0.00873944 0.0139579 0.020582 0.0284601 0.0373655 0.0469007 0.0563877 0.0649242 0.0716195 0.0758297 0.0772501 0.0758962 0.072057 0.066237 0.0590626 0.0511709 0.0431217 0.0353559 0.0281885 0.0218192 0.0163516 0.0118136 0.00817943 0.00538616 0.00334337
 0.00872303 0.0139309 0.0205402 0.0283991 0.0372796 0.0467839 0.0562341 0.0647299 0.0713861 0.07557 0.0769939 0.0756911 0.07196 0.0662948 0.0592912 0.0515431 0.0435724 0.0358016 0.0285519 0.0220496 0.0164346 0.0117697 0.00805216 0.00522584 0.00319153
 0.00873013 0.0139377 0.0205417 0.0283874 0.0372458 0.0467209 0.0561388 0.064604 0.0712349 0.0754009 0.0768168 0.0755207 0.0718186 0.0662122 0.0592974 0.0516558 0.0437851 0.0360793 0.0288399 0.022292 0.0165929 0.0118332 0.00803693 0.00516314 0.00311392
 0.0085657 0.0136789 0.0201684 0.0278877 0.0366193 0.0459836 0.0553292 0.0637851 0.0704878 0.0748102 0.0764523 0.0754227 0.0719906 0.066624 0.0598964 0.0523805 0.0445736 0.0368723 0.0295813 0.0229319 0.0170957 0.0121862 0.00825209 0.00527138 0.00315318
 0.00864432 0.0137892 0.0203014 0.0280219 0.036725 0.0460289 0.0552873 0.0636392 0.0702354 0.0744662 0.0760506 0.0750127 0.0716288 0.066361 0.0597655 0.0523916 0.0447138 0.0371108 0.0298761 0.0232375 0.0173708 0.0124021 0.0083979 0.00535337 0.00318858
 0.00864367 0.01377 0.0202386 0.0278808 0.0364685 0.0456319 0.0547495 0.062992 0.0695376 0.0737929 0.0754789 0.0746079 0.0714335 0.0663902 0.0600071 0.0528114 0.0452628 0.0377321 0.0305115 0.0238336 0.0178853 0.0128091 0.00869068 0.0055429 0.00329761
 0.00885681 0.0140949 0.0206855 0.0284397 0.0371062 0.0462902 0.0553471 0.063434 0.0697373 0.0736983 0.0750921 0.0739864 0.0706735 0.0656017 0.0592894 0.0522362 0.0448662 0.0375157 0.0304491 0.0238819 0.0179955 0.0129371 0.00880521 0.00562825 0.00335169
 0.00877241 0.0139865 0.0205755 0.0283663 0.0371123 0.0464052 0.0555713 0.0637333 0.0700507 0.0739548 0.0752298 0.0739693 0.070502 0.0653129 0.058946 0.0519082 0.0446121 0.0373691 0.0304149 0.0239403 0.018112 0.0130743 0.00893276 0.0057284 0.00341964
 0.00866063 0.0138162 0.0203422 0.0280783 0.036794 0.0460991 0.0553346 0.0636257 0.0701129 0.0741867 0.0755828 0.0743597 0.070841 0.0655367 0.059034 0.0518828 0.0445237 0.037274 0.0303563 0.0239376 0.0181609 0.0131551 0.00902149 0.00580624 0.00347722
 0.00863912 0.0137618 0.0202251 0.0278603 0.0364409 0.0455991 0.0547153 0.0629589 0.0695021 0.0737401 0.0753818 0.0744341 0.0711593 0.0660173 0.0595742 0.052393 0.0449513 0.0376081 0.0306148 0.0241473 0.0183417 0.0133142 0.00915636 0.00591193 0.00355203
 0.00853483 0.0136033 0.0200057 0.0275769 0.0360892 0.0451692 0.0541942 0.0623428 0.0688149 0.0730464 0.0747829 0.0740425 0.0710604 0.0662373 0.0600699 0.0530685 0.0456925 0.0383179 0.0312333 0.024653 0.0187389 0.0136174 0.00938075 0.00607045 0.0036569
 0.00838065 0.0133905 0.0197551 0.0273311 0.0358996 0.0450747 0.0542025 0.062424 0.0689099 0.0730881 0.074722 0.0738708 0.0708192 0.0660046 0.0599278 0.0530689 0.0458382 0.0385691 0.0315311 0.0249447 0.0189916 0.0138188 0.00953156 0.00617739 0.00372819
 0.00825159 0.0131896 0.0194716 0.0269668 0.0354747 0.0446332 0.053811 0.0621578 0.0688255 0.0731954 0.0749734 0.074179 0.0710954 0.0661958 0.060034 0.0531321 0.0459126 0.0386914 0.0317063 0.0251513 0.0191987 0.0140006 0.00967498 0.00628061 0.00379653
 0.00829481 0.0132323 0.019485 0.0269074 0.0352963 0.0443069 0.0533442 0.0616016 0.0682669 0.0727342 0.0746929 0.0741187 0.071238 0.0664768 0.0603717 0.0534609 0.0462034 0.038947 0.0319427 0.0253785 0.0194133 0.0141907 0.00982917 0.00639421 0.0038725
 0.00806525 0.0129091 0.0190893 0.0264846 0.0348969 0.0439582 0.0530344 0.0612893 0.0679139 0.0723407 0.0743118 0.0738384 0.071144 0.066613 0.0607226 0.0539624 0.0467719 0.0395104 0.0324561 0.0258229 0.0197843 0.0144888 0.0100565 0.00655625 0.00397893
 0.00807388 0.0128921 0.0190094 0.0262959 0.0345657 0.0434905 0.0524896 0.0607645 0.0675004 0.0720807 0.0741871 0.0737985 0.0711502 0.066664 0.060846 0.0541844 0.0470923 0.0398985 0.0328658 0.0262115 0.0201231 0.0147646 0.0102671 0.00670633 0.00407795
 0.00902174 0.0142559 0.0207309 0.0282021 0.0364095 0.0450233 0.0535268 0.0612181 0.0673803 0.0714767 0.0732368 0.0726471 0.0699162 0.0654281 0.0596634 0.0531028 0.0461562 0.0391403 0.0322942 0.0258102 0.0198604 0.0146043 0.0101768 0.00666037 0.0040576
 0.00978817 0.0154514 0.0224276 0.0304102 0.0390501 0.0479014 0.0563241 0.0635356 0.0688433 0.07186 0.0725411 0.0710811 0.0678036 0.0630962 0.0573668 0.0510005 0.044328 0.0376157 0.0310742 0.0248772 0.019182 0.0141374 0.00987402 0.00647648 0.00395369
 0.00971107 0.0154319 0.0225939 0.0309475 0.0401519 0.0496899 0.058771 0.0664265 0.0718035 0.0744364 0.0743142 0.0717766 0.0673654 0.0616896 0.055308 0.0486479 0.0419879 0.0354952 0.0292816 0.0234466 0.0180999 0.013363 0.0093522 0.00614734 0.00376069
 0.00928584 0.0148046 0.0217766 0.0300135 0.0392426 0.0490082 0.0585563 0.0669 0.0730836 0.0764559 0.0767918 0.0742765 0.0694281 0.0629755 0.0556892 0.0482149 0.0409814 0.0342056 0.0279623 0.0222687 0.0171481 0.0126551 0.0088642 0.00583541 0.00357635
 0.0091516 0.0145711 0.0213994 0.0294494 0.0384696 0.0480551 0.0575298 0.0659879 0.0725225 0.0764652 0.0774943 0.0756351 0.0712289 0.0648766 0.0573245 0.0493116 0.0414366 0.0340898 0.0274592 0.0215913 0.0164711 0.0120844 0.00843978 0.00555136 0.00340381
 0.00913592 0.0145297 0.0213059 0.0292648 0.0381462 0.0475487 0.0568173 0.0650903 0.0715248 0.0755227 0.0768113 0.07541 0.0715804 0.0657832 0.0586126 0.0507071 0.0426594 0.0349476 0.0278955 0.0216715 0.0163262 0.0118479 0.0082073 0.00537016 0.00328352
 0.00911147 0.0144934 0.0212566 0.0291998 0.0380573 0.0474169 0.0566116 0.064774 0.0710716 0.0749384 0.0761533 0.0747909 0.0711476 0.0656724 0.0588916 0.0513366 0.0434976 0.0358016 0.0285952 0.022126 0.016537 0.0118806 0.00814622 0.0052834 0.00320904
 0.00918535 0.0146036 0.0214039 0.0293786 0.0382566 0.047622 0.0568036 0.0649269 0.0711497 0.0749003 0.0759641 0.0744432 0.0706795 0.0651712 0.0584725 0.0511003 0.0434869 0.0359818 0.028872 0.0223923 0.0167185 0.0119567 0.00814019 0.00523577 0.00315441
 0.00901328 0.0143397 0.0210366 0.0289083 0.0376965 0.0469976 0.0561542 0.0643056 0.0706182 0.0745158 0.0757643 0.074435 0.0708399 0.0654614 0.0588579 0.051563 0.0440208 0.0365738 0.029486 0.0229707 0.0172028 0.0123114 0.00836432 0.00535579 0.00320717
 0.00903194 0.0143688 0.0210779 0.0289618 0.0377591 0.0470622 0.0562086 0.0643333 0.0706019 0.0744435 0.0756343 0.0742585 0.0706384 0.065261 0.0586836 0.0514368 0.0439611 0.036592 0.0295802 0.0231207 0.0173735 0.0124663 0.00847921 0.00542513 0.00323998
 0.0090886 0.0144382 0.0211406 0.0289866 0.0377129 0.0469242 0.0559824 0.0640475 0.0703 0.0741681 0.0754158 0.0741106 0.0705615 0.0652478 0.0587246 0.0515239 0.0440881 0.0367544 0.0297715 0.023329 0.0175807 0.0126513 0.0086254 0.00552613 0.00330033
 0.00903981 0.0143874 0.021115 0.0290244 0.0378466 0.0471589 0.0562813 0.0643389 0.0705052 0.0742351 0.0753375 0.0739201 0.070311 0.0649869 0.0584888 0.051333 0.0439513 0.0366741 0.0297454 0.0233495 0.0176344 0.0127211 0.00869421 0.00558189 0.00333833
 0.00892572 0.0142162 0.0208861 0.0287517 0.0375614 0.0469087 0.0561223 0.0643204 0.0706465 0.0745089 0.0756734 0.0742326 0.0705346 0.0650984 0.0585055 0.0512938 0.0438959 0.0366309 0.029729 0.0233629 0.0176723 0.012773 0.00874834 0.00562865 0.00337268
 0.00885687 0.0140986 0.0206991 0.0284749 0.0371818 0.0464322 0.0555842 0.0637875 0.0702052 0.0742417 0.0756318 0.0744174 0.070895 0.0655511 0.0589657 0.0517022 0.0442287 0.0368925 0.0299368 0.0235339 0.0178168 0.0128944 0.00884624 0.00570223 0.00342318
 0.00885626 0.0140914 0.0206761 0.0284212 0.0370781 0.0462577 0.0553233 0.0634382 0.0697883 0.0738052 0.0752458 0.0741563 0.0708123 0.0656589 0.0592306 0.0520598 0.0446094 0.0372441 0.030233 0.0237707 0.0180014 0.0130362 0.00895265 0.0057786 0.00347441
 0.00901363 0.0143192 0.0209664 0.0287475 0.0374004 0.0465328 0.0555128 0.0635118 0.0697263 0.0736021 0.0749167 0.0737415 0.0703736 0.0652659 0.0589394 0.0518962 0.0445641 0.0372826 0.0303142 0.0238617 0.0180839 0.0131038 0.00900494 0.00581732 0.00350147
 0.00929013 0.014752 0.0215845 0.0295617 0.0383951 0.0476574 0.0566752 0.0645845 0.0705694 0.0740979 0.0749991 0.0734083 0.0696831 0.0643215 0.0578681 0.0508232 0.0435888 0.0364641 0.0296706 0.023381 0.0177397 0.012867 0.00884967 0.00572146 0.0034466
 0.00972288 0.0154173 0.0225145 0.0307603 0.0398386 0.049294 0.0584204 0.0663149 0.0721263 0.0753075 0.0757048 0.0735072 0.0691534 0.0632307 0.0563593 0.0490822 0.0418048 0.0347958 0.0282251 0.0222095 0.0168463 0.0122242 0.00841377 0.00544412 0.00328223
 0.00969868 0.0153974 0.022521 0.0308267 0.0400027 0.0495866 0.0588549 0.0668828 0.0727997 0.0760409 0.0764353 0.0741539 0.0696246 0.0634443 0.0562683 0.0486945 0.0411847 0.0340449 0.027453 0.0215062 0.0162668 0.0117871 0.00810985 0.00524885 0.00316639
 0.00920255 0.0146827 0.0216171 0.0298229 0.039028 0.048774 0.05831 0.0666701 0.0729415 0.0765206 0.0772004 0.0751204 0.0706857 0.0644821 0.0571707 0.0493747 0.0415999 0.0342046 0.0274117 0.0213424 0.0160574 0.0115888 0.00795265 0.00513994 0.00309914
#obs surv len freq
 nan nan nan nan nan nan nan nan nan nan nan nan nan nan nan nan nan nan nan nan nan nan nan nan nan
 0.00448589 0.00734784 0.0111784 0.0159952 0.0216962 0.0279717 0.0342856 0.0400163 0.0446953 0.0481583 0.0505154 0.0520104 0.0529019 0.0534137 0.0537274 0.0539819 0.0542602 0.0545527 0.0546913 0.0542832 0.0527213 0.0493536 0.0438037 0.0362841 0.0276682
 0.0046166 0.00756292 0.0115065 0.0164635 0.0223236 0.0287584 0.0352028 0.0410042 0.0456709 0.0490329 0.0512111 0.0524718 0.0531013 0.0533506 0.0534247 0.0534771 0.0535973 0.0537747 0.0538376 0.0533909 0.0518296 0.048506 0.0430453 0.0356533 0.0271861
 0.0047752 0.00782314 0.0119027 0.0170294 0.0230859 0.0297265 0.0363574 0.0422909 0.0470055 0.0503139 0.0523347 0.0533453 0.0536538 0.0535407 0.0532438 0.0529476 0.052765 0.0527 0.0525874 0.052036 0.0504457 0.0471739 0.0418452 0.0346514 0.026419
 0.00497818 0.00815078 0.0123916 0.0177127 0.0239876 0.0308528 0.0376865 0.0437689 0.0485508 0.0518298 0.0537208 0.0545057 0.0545017 0.0540054 0.0532778 0.0525341 0.0519205 0.0514727 0.051053 0.0502922 0.0486083 0.0453704 0.0402012 0.0332695 0.0253569
 0.00517697 0.00848154 0.0129032 0.0184546 0.0249992 0.0321468 0.0392331 0.0454924 0.0503431 0.0535737 0.0553092 0.0558482 0.0555228 0.0546396 0.0534696 0.0522427 0.0511287 0.0501971 0.0493507 0.048265 0.0463985 0.0431493 0.0381444 0.0315232 0.0240063
 0.00540666 0.00885567 0.0134681 0.0192551 0.0260719 0.0335077 0.0408638 0.0473317 0.0522918 0.0555097 0.0571063 0.0573916 0.0567179 0.0554146 0.0537713 0.0520317 0.0503799 0.0489073 0.0475549 0.0460513 0.0439162 0.0405977 0.0357416 0.0294588 0.0223969
 0.00564096 0.00924083 0.0140556 0.0200955 0.0272046 0.034946 0.0425793 0.0492503 0.0543054 0.0574976 0.0589528 0.0589941 0.0579873 0.0562747 0.0541595 0.051899 0.0496916 0.0476493 0.045747 0.0437672 0.0412991 0.0378572 0.033121 0.02718 0.0206041
 0.00588018 0.00963102 0.0146455 0.020932 0.0283248 0.0363639 0.0442714 0.0511491 0.0563077 0.0594826 0.0608016 0.0606017 0.0592671 0.0571573 0.0545879 0.0518249 0.0490754 0.0464662 0.0440024 0.0415196 0.0386801 0.0350731 0.0304238 0.0248087 0.0187221
 0.0061314 0.0100425 0.0152703 0.0218209 0.0295161 0.0378674 0.0460526 0.0531249 0.0583594 0.0614804 0.0626259 0.0621539 0.060471 0.0579552 0.0549357 0.0516866 0.0484196 0.0452701 0.0422658 0.039289 0.036073 0.0322854 0.027704 0.0224006 0.0167983
 0.0063677 0.0104322 0.0158672 0.0226784 0.0306769 0.0393462 0.047819 0.0550971 0.0604157 0.063483 0.0644448 0.0636817 0.0616285 0.0586893 0.0552137 0.0514872 0.0477263 0.0440707 0.0405639 0.0371263 0.0335545 0.0295907 0.0250668 0.0200557 0.0149164
 0.00661992 0.0108427 0.016486 0.0235525 0.0318417 0.0408114 0.0495538 0.057024 0.0624198 0.065432 0.0662104 0.0651541 0.0627236 0.0593512 0.0554116 0.0512087 0.0469691 0.0428386 0.0388727 0.0350213 0.031134 0.0270183 0.0225563 0.0178238 0.0131227
 0.00685387 0.0112293 0.017079 0.0244048 0.0329936 0.0422726 0.051286 0.0589368 0.0643857 0.0673133 0.0678828 0.0665189 0.0637093 0.0599114 0.0555211 0.0508592 0.0461646 0.0415924 0.0372108 0.0329957 0.0288403 0.0246066 0.0202182 0.0157527 0.0114608
 0.00706743 0.011581 0.0176166 0.025176 0.0340364 0.0436007 0.0528729 0.0607084 0.0662294 0.0690978 0.0694803 0.0678218 0.0646392 0.060421 0.0555903 0.0504883 0.0453661 0.040388 0.0356342 0.0311029 0.0267242 0.0224042 0.0180994 0.0138858 0.00996762
 0.00728744 0.0119395 0.0181577 0.0259407 0.0350545 0.0448775 0.054376 0.0623634 0.0679296 0.0707245 0.0709212 0.068983 0.0654506 0.0608376 0.0555921 0.0500764 0.044558 0.0392124 0.034132 0.0293342 0.0247787 0.0204061 0.0161975 0.0122234 0.00864587
 0.00745458 0.0122157 0.0185814 0.0265503 0.0358802 0.0459289 0.0556293 0.0637573 0.0693745 0.0721193 0.0721704 0.0700061 0.066186 0.061243 0.0556432 0.0497662 0.0438948 0.0382189 0.0328462 0.0278137 0.0231073 0.0186955 0.0145762 0.0108125 0.00752833
 0.00754005 0.0123565 0.0187976 0.0268634 0.0363113 0.0464942 0.0563341 0.0645906 0.0703064 0.0731028 0.0731449 0.0709039 0.0669393 0.0617909 0.0559378 0.049775 0.0436022 0.0376272 0.0319779 0.0267148 0.0218505 0.0173786 0.0133111 0.00970312 0.00664586
 0.00759081 0.0124348 0.0189082 0.0270094 0.0364958 0.0467226 0.0566147 0.064934 0.0707222 0.0735948 0.0737059 0.0715107 0.0675514 0.0623536 0.0563892 0.0500556 0.0436641 0.0374419 0.031541 0.0260507 0.0210138 0.0164508 0.0123883 0.00887632 0.0059793
 0.00764903 0.0125212 0.0190227 0.0271466 0.0366467 0.0468775 0.0567669 0.0650822 0.0708724 0.0737605 0.0739053 0.0717602 0.067856 0.0626997 0.056742 0.0503635 0.0438685 0.0374901 0.0313991 0.0257134 0.0205091 0.0158374 0.011744 0.00827896 0.00548707
 0.0077382 0.0126579 0.0192126 0.0273881 0.0369298 0.0471837 0.0570699 0.0653511 0.0710796 0.0738913 0.0739643 0.0717698 0.0678485 0.0627047 0.0567748 0.0504174 0.0439151 0.0374868 0.0313031 0.0254971 0.0201721 0.0154101 0.0112796 0.00783753 0.00511675
 0.00776389 0.0127006 0.0192782 0.0274821 0.0370556 0.0473399 0.0572476 0.0655346 0.071249 0.0740282 0.0740568 0.0718168 0.0678598 0.0626981 0.0567698 0.0504266 0.0439366 0.0375019 0.0312813 0.0254084 0.020001 0.0151644 0.01099 0.00754623 0.00486252
 0.00782884 0.0127955 0.0194014 0.0276257 0.0372082 0.0474913 0.0573915 0.0656681 0.0713696 0.0741309 0.0741339 0.0718599 0.0678642 0.0626661 0.0567114 0.0503561 0.0438661 0.0374345 0.0312083 0.0253133 0.0198688 0.0149918 0.0107897 0.00734286 0.00468206
 0.00785431 0.0128419 0.0194799 0.0277478 0.0373806 0.0477094 0.0576354 0.0659056 0.0715671 0.0742652 0.0741988 0.0718633 0.0678199 0.0625874 0.0566084 0.0502379 0.0437414 0.0373102 0.0310867 0.0251903 0.0197374 0.014848 0.0106374 0.00719403 0.00455146
 0.00786252 0.0128482 0.0194769 0.0277265 0.0373354 0.0476439 0.057566 0.065857 0.0715614 0.0743111 0.0742877 0.0719746 0.0679317 0.0626842 0.0566831 0.0502891 0.0437709 0.0373202 0.0310787 0.0251647 0.0196932 0.0147855 0.0105608 0.00711203 0.00447485
 0.00788313 0.0128766 0.0195099 0.0277569 0.0373527 0.047637 0.0575264 0.0657835 0.0714634 0.0742091 0.0742072 0.0719372 0.0679459 0.0627426 0.0567681 0.0503808 0.0438536 0.037385 0.0311217 0.0251849 0.0196913 0.0147636 0.0105236 0.00706662 0.00442939
 0.00789281 0.0128899 0.0195254 0.0277711 0.0373606 0.0476326 0.0575041 0.0657385 0.0713942 0.0741193 0.0741078 0.0718455 0.0678816 0.0627212 0.0567944 0.0504474 0.0439442 0.0374807 0.031207 0.0252498 0.0197318 0.0147804 0.0105208 0.00705084 0.00440795
 0.0079052 0.0129069 0.019545 0.0277895 0.0373726 0.0476334 0.0574901 0.0657083 0.071348 0.074059 0.0740368 0.0717701 0.0678112 0.0626674 0.0567683 0.0504557 0.0439857 0.0375463 0.0312824 0.0253208 0.0197878 0.0148167 0.0105379 0.00705321 0.00440163
 0.00790075 0.0128996 0.0195337 0.027773 0.0373494 0.0476022 0.0574501 0.0656598 0.071293 0.0740008 0.0739803 0.0717203 0.0677726 0.062644 0.0567638 0.0504734 0.0440269 0.0376085 0.0313584 0.0253999 0.0198592 0.0148724 0.0105751 0.00707341 0.00440948
 0.00788389 0.0128717 0.019491 0.027712 0.0372685 0.0475027 0.057338 0.0655452 0.0711879 0.0739161 0.073923 0.0716931 0.0677747 0.0626724 0.0568149 0.0505434 0.0441125 0.0377057 0.0314621 0.0255029 0.0199532 0.0149502 0.0106328 0.00711121 0.00443095
 0.00786453 0.0128371 0.0194334 0.0276226 0.0371403 0.0473346 0.0571379 0.0653309 0.0709835 0.073746 0.0738066 0.0716408 0.0677877 0.0627436 0.0569321 0.0506922 0.0442792 0.0378788 0.0316318 0.0256609 0.0200922 0.0150645 0.0107194 0.00717113 0.00446827
 0.00784193 0.0127995 0.0193751 0.0275376 0.0370232 0.0471823 0.0569522 0.0651204 0.0707637 0.0735381 0.0736339 0.0715246 0.0677423 0.0627736 0.0570313 0.0508466 0.0444702 0.0380872 0.0318404 0.025856 0.0202634 0.0152053 0.0108271 0.00724696 0.00451698
 0.00785111 0.0128085 0.0193776 0.027524 0.0369826 0.0471065 0.0568388 0.0649737 0.0705937 0.0733585 0.07346 0.0713731 0.0676296 0.0627138 0.0570329 0.0509097 0.0445864 0.0382413 0.0320141 0.026031 0.0204247 0.0153423 0.0109344 0.00732409 0.00456761
 0.00781868 0.0127619 0.0193185 0.0274569 0.0369125 0.0470354 0.056764 0.0648891 0.0704943 0.0732443 0.0733383 0.0712569 0.0675343 0.0626534 0.0570179 0.0509455 0.044672 0.0383689 0.03217 0.0261981 0.020586 0.015484 0.0110482 0.00740753 0.0046233
 0.00776946 0.0126804 0.0191939 0.0272802 0.0366808 0.0467572 0.0564622 0.0645983 0.0702505 0.073073 0.0732483 0.0712416 0.0675802 0.0627475 0.0571514 0.0511129 0.0448688 0.0385885 0.0324024 0.0264297 0.0208017 0.0156707 0.0111972 0.00751677 0.00469638
 0.00775097 0.0126452 0.0191313 0.0271768 0.0365238 0.0465394 0.0561877 0.0642852 0.0699299 0.0727828 0.0730246 0.0711099 0.0675498 0.0628114 0.0572914 0.0513076 0.0450989 0.0388386 0.0326592 0.0266804 0.0210332 0.015871 0.0113582 0.00763584 0.00477683
 0.00934407 0.0148758 0.0218245 0.0299473 0.0388871 0.0480896 0.0567386 0.063899 0.0688378 0.071269 0.0713392 0.0694352 0.0660015 0.0614535 0.0561495 0.0503802 0.0443683 0.0382798 0.0322462 0.0263885 0.0208387 0.0157509 0.0112908 0.00760238 0.00476269
 0.0093449 0.0151696 0.0227817 0.0320258 0.0424322 0.0530646 0.0625538 0.0695064 0.0731013 0.0734104 0.0711949 0.0674007 0.0627595 0.0576836 0.0523591 0.0468722 0.0412864 0.03567 0.0301034 0.0246834 0.01953 0.0147892 0.0106202 0.00716265 0.00449408
 0.00898494 0.0146076 0.0220009 0.0310824 0.0415078 0.0524987 0.0628019 0.0709772 0.075912 0.0772047 0.0751883 0.0706757 0.0646473 0.0579951 0.051356 0.0450522 0.0391489 0.0335796 0.0282641 0.0231759 0.0183614 0.0139292 0.0100214 0.006771 0.0042554
 0.00880569 0.0143048 0.0215251 0.0303849 0.0405598 0.0513266 0.0615292 0.0698513 0.0752797 0.0774152 0.0764358 0.0728563 0.0673299 0.0605622 0.0532512 0.0459917 0.0391766 0.0329656 0.0273411 0.0222143 0.0175223 0.0132768 0.00955742 0.00646616 0.00407024
 0.00873007 0.0141735 0.0213111 0.0300556 0.0400813 0.0506737 0.0607005 0.0688869 0.0742791 0.076547 0.0759221 0.0729165 0.0680846 0.0619431 0.0549826 0.0476795 0.0404673 0.0336799 0.0275071 0.0220008 0.0171332 0.0128714 0.00922311 0.00622913 0.00392095
 0.00869798 0.01412 0.0212275 0.0299306 0.0399013 0.0504226 0.0603623 0.06845 0.0737449 0.075942 0.0753125 0.0724142 0.0678324 0.0620686 0.0555333 0.0485749 0.0415084 0.0346254 0.0281739 0.0223278 0.0171762 0.0127461 0.00904154 0.00606403 0.00380161
 0.0086974 0.0141175 0.0212203 0.0299148 0.0398709 0.0503703 0.0602786 0.0683235 0.0735631 0.0756943 0.0749982 0.0720535 0.0674765 0.0617991 0.0554418 0.0487237 0.0418908 0.0351536 0.0287114 0.0227494 0.0174188 0.0128205 0.00900579 0.00598367 0.00372263
 0.0086782 0.0140869 0.0211755 0.0298537 0.0397928 0.0502761 0.0601715 0.0682081 0.0734433 0.0755708 0.0748674 0.0719104 0.0673221 0.0616491 0.0553315 0.0487007 0.0419939 0.0353873 0.0290335 0.0230851 0.0176944 0.0129953 0.00908177 0.00599151 0.00369899
 0.00868191 0.0140914 0.0211796 0.0298549 0.039788 0.0502623 0.0601462 0.06817 0.0733922 0.0755072 0.074792 0.0718232 0.0672232 0.0615415 0.0552255 0.0486168 0.0419596 0.035425 0.0291464 0.0232498 0.0178693 0.0131399 0.00917427 0.00603333 0.00370647
 0.00866119 0.0140631 0.0211466 0.0298232 0.0397641 0.0502504 0.0601461 0.0681766 0.0733981 0.0755054 0.074778 0.0717956 0.0671824 0.0614897 0.0551669 0.0485597 0.0419172 0.035413 0.0291759 0.0233201 0.017965 0.0132373 0.00925238 0.00608258 0.00372946
 0.00866177 0.0140603 0.0211359 0.0297991 0.0397226 0.0501926 0.06008 0.0681154 0.0733547 0.0754869 0.0747823 0.0718134 0.0672025 0.061503 0.0551693 0.0485527 0.0419069 0.0354092 0.0291884 0.0233542 0.018018 0.0132991 0.00930977 0.00612592 0.00375589
 0.00864857 0.0140435 0.021119 0.0297872 0.0397203 0.0502004 0.0600928 0.0681248 0.0733531 0.0754726 0.0747602 0.0717917 0.067187 0.0614946 0.0551646 0.0485472 0.0418991 0.0354014 0.029186 0.0233625 0.0180391 0.0133297 0.00934316 0.00615508 0.00377669
 0.00862035 0.0139985 0.0210533 0.0296989 0.0396114 0.0500785 0.0599715 0.0680211 0.0732823 0.0754422 0.0747685 0.0718304 0.0672462 0.0615662 0.0552425 0.0486262 0.0419743 0.0354695 0.0292463 0.0234164 0.0180885 0.0133753 0.00938351 0.00618781 0.00380027
 0.00862475 0.0140021 0.021052 0.0296868 0.0395819 0.0500269 0.0598979 0.0679315 0.0731879 0.0753572 0.0747059 0.0717985 0.0672465 0.0615941 0.05529 0.0486846 0.0420365 0.0355302 0.0293024 0.0234666 0.0181328 0.0134138 0.00941608 0.00621378 0.00381923
 0.00862163 0.0139986 0.0210496 0.0296871 0.0395853 0.0500314 0.0598981 0.0679198 0.0731582 0.0753081 0.0746431 0.0717332 0.0671919 0.0615603 0.0552813 0.0486992 0.0420685 0.0355721 0.0293475 0.0235103 0.0181723 0.0134478 0.00944407 0.00623555 0.00383495
 0.00862163 0.0139986 0.0210496 0.0296871 0.0395853 0.0500314 0.0598981 0.0679198 0.0731582 0.0753081 0.0746431 0.0717332 0.0671919 0.0615603 0.0552813 0.0486992 0.0420685 0.0355721 0.0293475 0.0235103 0.0181723 0.0134478 0.00944407 0.00623555 0.00383495
 0.00881118 0.0142968 0.0214783 0.0302564 0.0402876 0.050834 0.0607375 0.0687058 0.0737904 0.0757011 0.0747489 0.0715507 0.0667627 0.0609545 0.0545797 0.0479771 0.0413842 0.0349634 0.0288332 0.0230954 0.0178526 0.0132135 0.00928204 0.00613075 0.00377213
 0.0088993 0.0144577 0.0217521 0.0306884 0.0409144 0.0516619 0.0617248 0.0697598 0.0747857 0.0765101 0.0752703 0.0717274 0.0665877 0.0604674 0.053856 0.0471113 0.0404722 0.0340867 0.0280498 0.0224379 0.017332 0.0128247 0.00900876 0.00595122 0.00366269
 0.00873524 0.0142036 0.0213961 0.0302356 0.0403945 0.0511357 0.0612837 0.0695095 0.0748129 0.0768461 0.0758711 0.072485 0.0673647 0.0611386 0.0543383 0.047376 0.0405386 0.0340057 0.0278834 0.0222419 0.0171465 0.0126716 0.00889534 0.0058748 0.00361569
 0.00863563 0.0140242 0.0210954 0.0297683 0.0397277 0.0502731 0.0602861 0.0684978 0.0739456 0.0762779 0.07571 0.0727614 0.0680233 0.0620547 0.0553535 0.0483414 0.0413492 0.0346144 0.0282949 0.0224935 0.0172862 0.0127428 0.00892933 0.00589057 0.00362315
#pred catch len freq
 0.00338261 0.00540999 0.00801056 0.0111817 0.0149471 0.0193298 0.0242878 0.0296777 0.0352722 0.040805 0.0460121 0.0506689 0.054623 0.0578034 0.0602023 0.0618431 0.0627558 0.0629527 0.0623856 0.0608799 0.0580968 0.0536133 0.0471645 0.038946 0.0297482
 0.00367212 0.00581883 0.00851581 0.0117348 0.0155025 0.0198813 0.0248846 0.0303977 0.0361601 0.0418124 0.0469819 0.0513821 0.0548852 0.0575276 0.0594469 0.0607918 0.0616485 0.0619956 0.0616771 0.0603874 0.0576956 0.0531688 0.0466092 0.0383069 0.0291153
 0.00383799 0.00610669 0.00897855 0.0124223 0.0164385 0.0210366 0.0261669 0.0316768 0.0373239 0.0428136 0.0478333 0.0520988 0.0554212 0.0577662 0.0592596 0.0601243 0.0605699 0.0606767 0.0603124 0.0591121 0.05655 0.0521249 0.0456312 0.037398 0.0283197
 0.00404766 0.00643151 0.00944213 0.0130478 0.0172583 0.0220971 0.0275147 0.0333236 0.0392044 0.0447698 0.0496487 0.0535687 0.0564136 0.05823 0.0591889 0.0595247 0.0594643 0.0591363 0.0584705 0.0571364 0.0545938 0.0502956 0.0439949 0.0360003 0.0271962
 0.00426767 0.00678211 0.00995708 0.0137555 0.0181796 0.0232435 0.0288864 0.0349095 0.0409825 0.0466974 0.0516409 0.0554796 0.0580443 0.0593736 0.0596871 0.0593027 0.0585318 0.0575707 0.0564033 0.0547427 0.052073 0.0478433 0.0417757 0.0341314 0.0257386
 0.00450112 0.00715164 0.0104964 0.0144942 0.0191441 0.024455 0.0303533 0.0366163 0.0428817 0.0487106 0.0536664 0.0574012 0.0597339 0.0606893 0.0604785 0.0594335 0.0579137 0.0561937 0.0543485 0.0521756 0.0492219 0.0449652 0.0391139 0.0318735 0.0239867
 0.00471311 0.00749202 0.0110022 0.015201 0.0200847 0.0256549 0.0318223 0.0383393 0.0448124 0.0507705 0.0557487 0.0593794 0.0614739 0.0620603 0.061358 0.0597094 0.0574924 0.0550218 0.052443 0.0496484 0.0462824 0.041892 0.0362013 0.0293666 0.0220302
 0.00492766 0.00783211 0.0114997 0.0158846 0.0209815 0.0267895 0.0332102 0.039976 0.0466636 0.0527661 0.0577851 0.0613295 0.0632023 0.0634369 0.0622668 0.0600503 0.0571823 0.0540037 0.0507083 0.047268 0.0434279 0.0388266 0.0332315 0.0267685 0.0199814
 0.00522538 0.00829059 0.0121437 0.0167248 0.0220191 0.0280227 0.0346346 0.0415783 0.0484128 0.0546068 0.0596362 0.0630878 0.0647518 0.0646608 0.0630578 0.0603162 0.0568482 0.0530169 0.0490544 0.0449973 0.0406817 0.0358412 0.0303011 0.0241741 0.0179155
 0.00552636 0.00877047 0.0128484 0.017691 0.0232681 0.0295512 0.0364046 0.0435136 0.0504096 0.056553 0.0614284 0.0646392 0.0659911 0.0655271 0.0634961 0.0602744 0.0562774 0.051878 0.0473337 0.0427333 0.0379924 0.0329335 0.0274437 0.0216335 0.0158819
 0.00583931 0.00926665 0.0135739 0.0186861 0.0245672 0.0311775 0.0383566 0.0457458 0.0528174 0.0589743 0.0636661 0.0665 0.0673267 0.0662584 0.063609 0.0597951 0.0552432 0.0503209 0.0452852 0.0402487 0.0351828 0.0299822 0.0245892 0.0191153 0.0138724
 0.00616218 0.00976527 0.0142774 0.0196097 0.0257176 0.0325594 0.0399714 0.0475811 0.0548326 0.061087 0.0657467 0.0683814 0.0688294 0.067227 0.063945 0.0594701 0.0542884 0.0488023 0.0432838 0.03786 0.0325325 0.0272419 0.0219673 0.0168168 0.0120437
 0.00652795 0.0103316 0.0150775 0.0206569 0.0270064 0.0340671 0.0416566 0.0493829 0.0566741 0.0628842 0.0674144 0.0698323 0.0699711 0.0679634 0.0641881 0.0591585 0.0534033 0.047373 0.0413828 0.0355951 0.0300446 0.0247035 0.0195692 0.0147358 0.0103997
 0.00684885 0.010848 0.0158451 0.021724 0.0284053 0.035799 0.0436745 0.0515825 0.0589033 0.0649691 0.0691918 0.0711768 0.0708084 0.0682679 0.0639673 0.0584355 0.0522077 0.0457442 0.039381 0.0333119 0.0276082 0.0222732 0.0173164 0.0128114 0.00889855
 0.00716751 0.0113502 0.0165735 0.0227145 0.0296875 0.0373942 0.0455825 0.0537605 0.0612462 0.0673053 0.0713029 0.0728406 0.0718509 0.0686017 0.0635991 0.0574429 0.0507028 0.0438435 0.0371938 0.0309472 0.0251869 0.0199328 0.0151993 0.0110376 0.00753619
 0.00741722 0.0117443 0.0171459 0.0234918 0.0306893 0.0386308 0.0470489 0.0554283 0.0630574 0.0691682 0.0730915 0.0744004 0.0730179 0.0692337 0.0636099 0.0568237 0.0495187 0.0422101 0.0352488 0.0288308 0.023036 0.0178804 0.013368 0.0095226 0.00638525
 0.00757623 0.0119966 0.0175152 0.023999 0.0313528 0.0394648 0.0480579 0.0565997 0.0643554 0.070532 0.0744377 0.0756295 0.0740227 0.0699104 0.0638717 0.0566163 0.0488356 0.0410982 0.0338021 0.027174 0.0213065 0.0162127 0.0118788 0.0082955 0.00545858
 0.00748333 0.0118757 0.0173898 0.0239124 0.0313601 0.0396184 0.0483947 0.057134 0.0650784 0.0714138 0.0754284 0.0766609 0.0750117 0.0707654 0.0645025 0.0569458 0.0488125 0.0407097 0.0330808 0.0261962 0.0201806 0.0150601 0.010812 0.00739865 0.00477423
 0.00742886 0.0117804 0.0172361 0.0236856 0.0310589 0.0392684 0.0480561 0.0568939 0.0650269 0.0716132 0.0758924 0.0773519 0.0758535 0.0716609 0.0653484 0.0576448 0.0492837 0.0409 0.032975 0.0258228 0.0196081 0.0143834 0.0101311 0.00679602 0.00429964
 0.00743067 0.0117786 0.0172235 0.0236495 0.0309813 0.039129 0.0478397 0.0566036 0.0646964 0.0713109 0.0757077 0.0773654 0.0761043 0.0721292 0.065961 0.0582979 0.0498699 0.0413304 0.0331943 0.025817 0.0194052 0.0140447 0.00973408 0.0064135 0.00398228
 0.00740804 0.0117424 0.0171696 0.0235737 0.0308786 0.0389934 0.0476646 0.0563837 0.0644323 0.0710161 0.0754158 0.0771314 0.0759945 0.0721985 0.0662286 0.0587326 0.0503962 0.0418507 0.0336178 0.0260839 0.0194984 0.0139883 0.00957974 0.00622076 0.00380033
 0.00732 0.0116057 0.0169763 0.0233214 0.0305713 0.0386426 0.0472902 0.0560126 0.0640944 0.0707378 0.0752163 0.0770238 0.0759906 0.0723123 0.066472 0.0591049 0.0508722 0.0423771 0.0341239 0.026502 0.0197847 0.0141344 0.00960971 0.00617709 0.00372663
 0.00722437 0.011453 0.0167511 0.0230105 0.0301656 0.0381406 0.0467037 0.0553727 0.0634526 0.0701606 0.0747733 0.076772 0.075961 0.0725052 0.0668615 0.0596488 0.051519 0.0430694 0.0347997 0.0271015 0.0202617 0.0144675 0.00980656 0.00626784 0.00375039
 0.00719429 0.0113998 0.016663 0.0228731 0.0299645 0.0378655 0.046353 0.0549568 0.0629942 0.0696938 0.074341 0.0764222 0.0757395 0.0724456 0.0669774 0.0599297 0.0519329 0.0435692 0.0353306 0.0276083 0.0206976 0.0148026 0.0100333 0.00639945 0.00381283
