SBPRF35
8.85033
Curr Bio
592065
B35
729052
F35
0.20059
FOFL
0.157302
OFL
73123.1
Bzero
2.52866e+006
#pred survey bio
 4.3952e+006 4.18204e+006 3.9797e+006 3.70895e+006 3.43517e+006 3.09724e+006 2.79183e+006 2.49335e+006 2.2089e+006 1.96059e+006 1.72531e+006 1.50651e+006 1.34026e+006 1.19845e+006 1.05211e+006 933969 837533 769770 735131 692997 671080 650017 630653 621074 607032 598555 594790 585615 596053 599127 604626 599528 599034 593215 579894 562359 551114 534719 535181 540017 544318 557059 565708 573986 573143 579162 572190 570305 574982 571585 577442 588797 559731 529045 526718 592913 613632 598439 2.04988e+007 1.22441e+007 1.25094e+007 1.32855e+007 1.43438e+007 1.54565e+007 1.64795e+007 1.73458e+007 1.80411e+007 1.85792e+007 1.89856e+007 1.92877e+007 1.95099e+007 1.96727e+007 1.97916e+007 1.98786e+007 1.99425e+007 1.99896e+007 2.00245e+007 2.00506e+007 2.00701e+007 2.00848e+007 2.00959e+007 2.01044e+007 2.0111e+007 2.0116e+007 2.01198e+007 2.01228e+007 2.01251e+007 2.01269e+007 2.01283e+007 2.01293e+007 2.01302e+007 2.01308e+007 2.01314e+007 2.01318e+007 2.01321e+007 2.01323e+007 2.01325e+007 2.01327e+007 2.01328e+007 2.01329e+007 2.0133e+007 2.0133e+007 2.01331e+007 2.01331e+007 2.01332e+007 2.01332e+007 2.01332e+007 2.01332e+007 2.01332e+007 2.01332e+007 2.01332e+007 2.01332e+007 2.01332e+007 2.01332e+007 2.01333e+007 2.01333e+007 2.01333e+007 2.01333e+007 2.01333e+007 2.01333e+007 2.01333e+007 2.01333e+007 2.01333e+007 2.01333e+007 2.01333e+007 2.01333e+007 2.01333e+007 2.01333e+007 2.01333e+007 2.01333e+007 2.01333e+007 2.01333e+007 2.01333e+007 2.01333e+007 2.01333e+007 2.01333e+007 2.01333e+007 2.01333e+007 2.01333e+007 2.01333e+007 2.01333e+007 2.01333e+007 2.01333e+007 2.01333e+007 2.01333e+007 2.01333e+007 2.01333e+007 2.01333e+007 2.01333e+007 2.01333e+007 2.01333e+007 2.01333e+007 2.01333e+007 2.01333e+007 2.01333e+007 2.01333e+007 2.01333e+007 2.01333e+007 0 0 0 0 0 0 0 0 0 0 0 0 0 0 0 0 0 0 0 0 0 0 0 0 0
#obs survey bio
 4.61323e+006 2.86118e+006 3.68299e+006 2.38422e+006 2.80839e+006 2.66095e+006 2.39502e+006 1.62008e+006 1.95016e+006 1.55047e+006 1.51617e+006 1.38205e+006 1.4283e+006 771340 795530 628587 817302 636541 597423 799098 728562 396074 381900 525586 389686 532254 646986 542398 562494 542913 606849 639060 519182 724796 705417 726925 407381 735667 532014 643370 490234 568102 395315 682650 760825 635846 612506 581441 610395 530358 539924 571200 636699 454570 394463 713640 590263 570645
#pred catch bio
 101154 94879.1 169174 190992 274347 272889 294683 308327 298445 304294 301564 263050 247404 254593 230773 210435 182446 151105 153855 132994 129703 126299 116877 119759 114255 109240 111446 93006.1 98013.7 94699.8 101893 95858.8 97684.8 99731.6 98162 90345.9 96263.1 85213.7 84468 86851.3 81610.2 86748.2 87728.7 94734.6 87990 98307 93888.2 89502.1 97341.3 89941.9 85713.3 118514 117665 93522.7 39131 78832.1 106102 100004 73123.1 90624.5 91197.3 95637.1 102810 110572 117659 123545 128139 131572 134055 135809 137024 137854 138414 138789 139038 139202 139310 139381 139427 139457 139476 139489 139497 139502 139506 139508 139509 139510 139511 139511 139511 139512 139512 139512 139512 139512 139512 139512 139512 139512 139512 139512 139512 139512 139512 139512 139512 139512 139512 139512 139512 139512 139512 139512 139512 139512 139512 139512 139512 139512 139512 139512 139512 139512 139512 139512 139512 139512 139512 139512 139512 139512 139512 139512 139512 139512 139512 139512 139512 139512 139512 139512 139512 139512 139512 139512 139512 139512 139512 139512 139512 139512 139512 139512 139512 139512 139512 139512 0 0 0 0 0 0 0 0 0 0 0 0 0 0 0 0 0 0 0 0 0 0 0 0 0
#obs catch bio
 0 94507.5 170234 191544 277645 275755 299204 315291 305472 313920 311324 269638 251942 262419 237532 218495 187589 154334 157382 134982 131107 128744 118578 121930 116458 111656 113833 93962.9 99063.8 95540.7 103151 96549.2 98965.6 100634 98862.8 90108 96504 84921.4 84307.3 86558.5 81449.8 86886.6 88189.8 94790 87421.8 97657 93437.4 89232.8 97818.5 90347 85554.8 118584 117468 94183.8 38731.8 79185.9 106734 99974.5
#pred cpue bio
 4.33101e+006 4.12197e+006 3.92197e+006 3.65212e+006 3.37904e+006 3.04243e+006 2.73805e+006 2.44067e+006 2.15753e+006 1.91063e+006 1.67737e+006 1.46107e+006 1.29673e+006 1.15637e+006 1.01183e+006 895418 801057 735300 701970 661408 640483 620114 601217 591856 578177 569900 566583 558340 569040 572374 577993 573394 573328 568302 556302 540097 528747 511287 510741 515296 519490 531755 540080 548311 547880 553998 547160 545031 549220 545749 551567 562893 534634 504331 501736 566691 587977 573691 1.96579e+007 1.17437e+007 1.18811e+007 1.25284e+007 1.35455e+007 1.46494e+007 1.56706e+007 1.65367e+007 1.72319e+007 1.777e+007 1.81765e+007 1.84785e+007 1.87008e+007 1.88635e+007 1.89824e+007 1.90695e+007 1.91334e+007 1.91805e+007 1.92154e+007 1.92414e+007 1.92609e+007 1.92756e+007 1.92868e+007 1.92953e+007 1.93018e+007 1.93068e+007 1.93106e+007 1.93136e+007 1.93159e+007 1.93177e+007 1.93191e+007 1.93202e+007 1.9321e+007 1.93217e+007 1.93222e+007 1.93226e+007 1.93229e+007 1.93232e+007 1.93234e+007 1.93235e+007 1.93236e+007 1.93237e+007 1.93238e+007 1.93239e+007 1.93239e+007 1.9324e+007 1.9324e+007 1.9324e+007 1.9324e+007 1.9324e+007 1.93241e+007 1.93241e+007 1.93241e+007 1.93241e+007 1.93241e+007 1.93241e+007 1.93241e+007 1.93241e+007 1.93241e+007 1.93241e+007 1.93241e+007 1.93241e+007 1.93241e+007 1.93241e+007 1.93241e+007 1.93241e+007 1.93241e+007 1.93241e+007 1.93241e+007 1.93241e+007 1.93241e+007 1.93241e+007 1.93241e+007 1.93241e+007 1.93241e+007 1.93241e+007 1.93241e+007 1.93241e+007 1.93241e+007 1.93241e+007 1.93241e+007 1.93241e+007 1.93241e+007 1.93241e+007 1.93241e+007 1.93241e+007 1.93241e+007 1.93241e+007 1.93241e+007 1.93241e+007 1.93241e+007 1.93241e+007 1.93241e+007 1.93241e+007 1.93241e+007 1.93241e+007 1.93241e+007 1.93241e+007 1.93241e+007 1.93241e+007 0 0 0 0 0 0 0 0 0 0 0 0 0 0 0 0 0 0 0 0 0 0 0 0 0
#obs cpue bio
 2.32884e+006 3.08738e+006 2.84824e+006 3.74156e+006 2.72802e+006 2.61133e+006 2.10357e+006 1.82166e+006 1.75233e+006 1.18412e+006 1.62637e+006 1.54039e+006 1.48287e+006 787142 920014 528223 813522 673095 730676 550716 663520 471908 911251 487263 582873 357314 480032 681611 612635 538270 458837 588917 378736 580052 484981 756124 584181 506192 485893 543897 468082 430362 507672 764753 636420 646561 448369 450538 326843 499716 773959 714118 525538 403345 610840 516374 534983 772834
#pred surv len freq
 0.00492154 0.00801392 0.0121033 0.0171803 0.0231213 0.0296046 0.0360864 0.0419383 0.0466878 0.0501768 0.0525313 0.0540149 0.0548937 0.0553698 0.0555614 0.0555041 0.0551686 0.0544785 0.0533088 0.0514564 0.0486204 0.0444655 0.0388043 0.0318218 0.0241664
 0.0052564 0.00843664 0.0125196 0.0174403 0.0230766 0.0291891 0.0353706 0.0411113 0.0459687 0.049709 0.0523248 0.0539656 0.0548595 0.0552528 0.0553558 0.0552947 0.055085 0.0546286 0.0537203 0.0520547 0.0492579 0.0449872 0.0391147 0.0319145 0.0241056
 0.00548295 0.00883173 0.0131545 0.018373 0.0243097 0.0306219 0.0367822 0.042214 0.0465242 0.0496409 0.0517482 0.0531085 0.0539346 0.0543713 0.0545301 0.0545042 0.05434 0.0539848 0.0532419 0.0517628 0.0491061 0.0448849 0.0389787 0.0317114 0.0238574
 0.00573295 0.00922993 0.0137413 0.0191881 0.0253911 0.031997 0.038443 0.0440804 0.0484183 0.0513018 0.0529017 0.0535675 0.053672 0.0535153 0.0532872 0.0530688 0.0528499 0.0525293 0.051886 0.0505542 0.0480644 0.0439974 0.0382168 0.0310558 0.0233098
 0.00596751 0.00960895 0.0143076 0.01998 0.0264369 0.0333056 0.039995 0.0458247 0.0502735 0.0531552 0.0546023 0.054927 0.0544951 0.0536596 0.0527212 0.0518859 0.0512285 0.0506697 0.0499621 0.0486951 0.0463561 0.0424906 0.0369367 0.0300123 0.0225028
 0.00629347 0.0101277 0.0150677 0.0210196 0.0277779 0.0349442 0.0418904 0.0478954 0.0524068 0.0552262 0.0564883 0.0565088 0.0556488 0.0542566 0.0526487 0.0510872 0.0497386 0.0486198 0.0475493 0.0461354 0.0438456 0.0401854 0.0349471 0.028402 0.021289
 0.00661186 0.0106358 0.0158148 0.0220456 0.0291069 0.0365742 0.0437822 0.0499682 0.0545485 0.0573128 0.0584021 0.0581455 0.0569145 0.0550595 0.0528954 0.050693 0.0486542 0.0468651 0.0452339 0.0434502 0.0410283 0.0374747 0.0325419 0.0264334 0.0198076
 0.00691586 0.0111289 0.0165545 0.0230842 0.030481 0.0382886 0.0457937 0.0521811 0.0568287 0.0595147 0.0603931 0.0598184 0.0581872 0.0558664 0.0531775 0.0503915 0.0477175 0.0452718 0.0430253 0.0407552 0.0380611 0.0345006 0.0298206 0.0241615 0.0180811
 0.00721183 0.0116072 0.0172693 0.0240852 0.0318051 0.0399466 0.0477552 0.0543659 0.0591143 0.0617563 0.062446 0.0615555 0.0595087 0.0567017 0.0534787 0.0501229 0.0468487 0.0437848 0.0409386 0.0381553 0.0351227 0.0314741 0.0269822 0.0217444 0.0162189
 0.00741826 0.0119522 0.0178062 0.0248703 0.032887 0.0413495 0.0494609 0.0563077 0.0611858 0.0638313 0.0643967 0.0632638 0.060872 0.0576362 0.0539206 0.0500266 0.0461833 0.0425351 0.0391178 0.0358301 0.0324364 0.0286475 0.0242775 0.0194003 0.0143869
 0.00762813 0.0122944 0.0183241 0.0256064 0.0338775 0.0426137 0.0509881 0.0580489 0.0630562 0.0657219 0.0661895 0.0648456 0.0621441 0.0585194 0.0543557 0.0499709 0.0456071 0.0414232 0.0374801 0.0337218 0.0299793 0.0260354 0.0217494 0.0171837 0.0126355
 0.00796086 0.0128113 0.0190574 0.0265712 0.0350714 0.0440167 0.0525594 0.0597252 0.0647562 0.0673565 0.0676724 0.0660997 0.0631033 0.0591294 0.0545738 0.0497648 0.0449535 0.0403096 0.0359141 0.0317484 0.0277013 0.0236197 0.019407 0.0151207 0.0109961
 0.00833094 0.0133827 0.0198606 0.0276132 0.0363342 0.0454575 0.0541105 0.0612977 0.0662536 0.0686944 0.0687922 0.0669687 0.0637046 0.0594497 0.0545956 0.0494656 0.044309 0.0393004 0.0345371 0.0300337 0.0257291 0.0215274 0.0173723 0.0133209 0.00955843
 0.00859366 0.0138182 0.0205297 0.0285726 0.037619 0.0470559 0.0559432 0.0632193 0.0680842 0.0702666 0.0699903 0.0677425 0.0640595 0.0594245 0.0542388 0.0488171 0.0433914 0.0381213 0.0331018 0.0283651 0.0238877 0.0196207 0.0155433 0.0117145 0.00827912
 0.00887808 0.0142804 0.0212252 0.0295531 0.0389223 0.0486891 0.0578623 0.0653175 0.0701984 0.0722028 0.0715603 0.0688008 0.0645309 0.0593123 0.0536111 0.0477764 0.0420417 0.0365461 0.0313606 0.0265069 0.0219727 0.0177351 0.0137967 0.0102158 0.0071033
 0.0089574 0.014437 0.0215121 0.0300377 0.0396717 0.0497461 0.0592226 0.0669205 0.0719358 0.0739375 0.0731449 0.0700932 0.06541 0.059697 0.0534757 0.0471542 0.0410116 0.035209 0.0298171 0.0248472 0.0202808 0.0160981 0.012306 0.00895386 0.00612297
 0.00901999 0.0145367 0.0216606 0.0302498 0.0399698 0.0501626 0.0597965 0.0676854 0.0729007 0.0750703 0.0743663 0.0712869 0.0664448 0.0604514 0.0538593 0.0471215 0.0405676 0.0344043 0.0287347 0.0235863 0.0189442 0.0147855 0.0111085 0.00794401 0.00534246
 0.00914511 0.014713 0.0218761 0.0304777 0.0401779 0.0503291 0.0599237 0.0678038 0.0730629 0.0753347 0.0747763 0.0718501 0.0671208 0.0611543 0.0544764 0.0475413 0.0407077 0.0342296 0.0282616 0.022875 0.0180835 0.0138755 0.0102438 0.00719922 0.00476083
 0.00909694 0.0146438 0.021788 0.0303764 0.0400683 0.0502106 0.05979 0.0676504 0.0729001 0.0751982 0.0747258 0.071952 0.0674205 0.0616513 0.0551142 0.048218 0.0413033 0.0346388 0.0284215 0.0227775 0.0177715 0.0134264 0.00974643 0.00673238 0.00437737
 0.0091915 0.0147825 0.0219688 0.030588 0.0402934 0.050431 0.059989 0.067812 0.0730069 0.0752339 0.0746837 0.0718462 0.0672902 0.0615511 0.0550913 0.0482876 0.0414367 0.0347726 0.0284832 0.022715 0.0175724 0.0131195 0.00938774 0.00638266 0.0040829
 0.00933846 0.0149853 0.0222071 0.0308205 0.040469 0.0505079 0.0599508 0.067672 0.0728009 0.0750057 0.0744722 0.0716775 0.0671776 0.0615006 0.0551069 0.0483711 0.0415795 0.0349476 0.0286459 0.022817 0.0175812 0.0130319 0.00922968 0.00619602 0.00390768
 0.00943947 0.0151534 0.022465 0.031185 0.0409398 0.0510536 0.0605023 0.0681339 0.0730817 0.0750534 0.0742935 0.0713301 0.0667432 0.0610561 0.0547084 0.0480499 0.0413461 0.034795 0.0285514 0.0227481 0.0175055 0.0129298 0.00910088 0.00605628 0.0037783
 0.00953142 0.0152954 0.0226653 0.0314479 0.0412668 0.0514432 0.0609461 0.0686085 0.0735423 0.0754355 0.0745275 0.0713654 0.0665696 0.0607095 0.0542572 0.047571 0.0409022 0.0344229 0.0282609 0.0225279 0.0173337 0.0127848 0.00896992 0.0059376 0.00367721
 0.00955164 0.0153272 0.0227113 0.0315101 0.0413468 0.0515429 0.061068 0.0687557 0.0737171 0.0756353 0.074739 0.0715606 0.0667096 0.0607581 0.0541969 0.0474128 0.0406814 0.0341837 0.02804 0.0223444 0.0171893 0.0126709 0.0088764 0.00585876 0.00361228
 0.00962093 0.0154349 0.0228639 0.0317096 0.0415895 0.0518182 0.0613578 0.069036 0.0739628 0.0758266 0.0748658 0.0716217 0.066707 0.0606916 0.0540638 0.0472127 0.0404237 0.033891 0.0277428 0.0220716 0.0169593 0.0124894 0.00873946 0.00575861 0.00354131
 0.00943857 0.0151838 0.0225698 0.0314246 0.0413771 0.05173 0.0614143 0.0692224 0.0742398 0.076147 0.0751879 0.0719152 0.0669533 0.0608806 0.0541902 0.0472736 0.0404196 0.0338285 0.0276365 0.0219423 0.0168283 0.0123726 0.008645 0.00568777 0.00349142
 0.009225 0.0148477 0.0220878 0.0307904 0.0406122 0.0508942 0.0606085 0.0685733 0.0738634 0.0761075 0.0754753 0.0724552 0.0676406 0.0616134 0.0548903 0.0478917 0.0409301 0.0342229 0.0279197 0.0221288 0.016939 0.0124302 0.00866946 0.00569406 0.00348931
 0.00928173 0.0149035 0.0221046 0.0307104 0.0403742 0.0504591 0.0599839 0.0678227 0.0730958 0.0754508 0.0750427 0.072315 0.0677989 0.062017 0.0554487 0.0485064 0.0415193 0.0347332 0.0283258 0.0224277 0.0171423 0.0125574 0.00874199 0.00573115 0.00350577
 0.00922829 0.0148131 0.0219606 0.0304918 0.0400557 0.0500151 0.0593967 0.0670958 0.0722673 0.0746005 0.0742855 0.0717762 0.0675789 0.0621588 0.0559246 0.0492285 0.0423684 0.0355922 0.0291044 0.023073 0.0176369 0.0129097 0.00897548 0.0058749 0.00358764
 0.00919581 0.0147669 0.0219025 0.0304259 0.0399842 0.0499325 0.0592862 0.0669299 0.072016 0.0742448 0.0738326 0.0712706 0.0670994 0.0618012 0.0557705 0.0493167 0.0426806 0.0360618 0.0296414 0.023593 0.0180809 0.0132506 0.00921346 0.00602659 0.00367604
 0.00904497 0.0145435 0.0216074 0.0300751 0.0396058 0.0495599 0.0589511 0.0666569 0.0718164 0.0741129 0.073747 0.0712041 0.0670359 0.0617488 0.0557636 0.049402 0.0428935 0.0364057 0.0300823 0.024071 0.0185327 0.0136292 0.00949763 0.00621884 0.00379367
 0.00899894 0.0144662 0.0214875 0.0299027 0.0393772 0.0492839 0.0586528 0.0663742 0.0715887 0.0739662 0.0736841 0.0712054 0.0670697 0.0617871 0.0557957 0.0494402 0.0429665 0.0365428 0.0302952 0.0243451 0.0188321 0.0139119 0.00973143 0.00638972 0.00390471
 0.00876339 0.0141215 0.0210391 0.0293797 0.0388231 0.048742 0.0581567 0.0659483 0.0712542 0.0737461 0.0736001 0.0712684 0.0672712 0.062097 0.0561715 0.0498412 0.0433672 0.0369352 0.0306816 0.0247256 0.0191958 0.0142388 0.0100011 0.00659123 0.00404
 0.00843519 0.0136264 0.0203673 0.0285518 0.0378888 0.047775 0.0572465 0.0651879 0.0707221 0.073486 0.073612 0.0715176 0.0677061 0.0626646 0.0568229 0.0505315 0.0440566 0.0375928 0.0312877 0.0252697 0.0196712 0.0146384 0.0103187 0.00682546 0.00419798
 0.0083331 0.0134375 0.0200425 0.0280366 0.0371431 0.0468005 0.0561091 0.0640156 0.0696738 0.0727047 0.0731869 0.0714697 0.0679976 0.0632214 0.0575584 0.0513643 0.0449184 0.0384309 0.032064 0.0259589 0.0202584 0.0151169 0.0106883 0.00709271 0.00437661
 0.00909728 0.0145026 0.021316 0.0293172 0.0381715 0.0473454 0.0560417 0.0633401 0.0685102 0.0712484 0.0716615 0.0700824 0.0669013 0.0624924 0.0571965 0.0513132 0.0450947 0.0387486 0.0324499 0.0263572 0.0206307 0.0154389 0.0109473 0.00728591 0.00450923
 0.00977308 0.015573 0.0228639 0.031372 0.0406706 0.0500927 0.0586933 0.0654557 0.0696805 0.0712439 0.0705186 0.0680765 0.0644334 0.0599576 0.054892 0.0494055 0.0436326 0.0377002 0.0317422 0.0259076 0.0203644 0.0152957 0.0108816 0.00726434 0.004509
 0.00979145 0.0157013 0.0232378 0.0321761 0.0420869 0.0522177 0.0614583 0.0685944 0.0727666 0.0737872 0.0720897 0.0684223 0.0635457 0.0580658 0.0523805 0.0466916 0.0410599 0.0354839 0.0299697 0.0245732 0.019411 0.0146477 0.010464 0.0070112 0.00436603
 0.00956413 0.0153525 0.0227594 0.0315948 0.0414834 0.0517405 0.0613161 0.0690069 0.0738742 0.075557 0.0742754 0.0706158 0.0653054 0.0590636 0.0525 0.04604 0.0398986 0.03412 0.0286602 0.0234755 0.0185824 0.0140749 0.0100979 0.00679426 0.00424707
 0.00950765 0.0152407 0.0225553 0.0312547 0.0409724 0.0510583 0.0605232 0.0682372 0.0733202 0.0754233 0.0747084 0.0716319 0.0667527 0.0606493 0.0538839 0.0469547 0.0402372 0.0339483 0.0281587 0.0228509 0.0179964 0.0136137 0.00978089 0.00660009 0.00414008
 0.00957851 0.0153396 0.0226721 0.0313653 0.0410395 0.0510363 0.0603686 0.0679247 0.0728633 0.074893 0.0742331 0.0713678 0.0668263 0.0610946 0.0546099 0.0477691 0.0409213 0.0343456 0.0282282 0.0226607 0.0176706 0.0132714 0.00949773 0.00640251 0.00402028
 0.00949297 0.0152202 0.0225283 0.0312164 0.040907 0.050932 0.0602855 0.0678368 0.0727369 0.0747041 0.0739866 0.0711092 0.0666378 0.0610693 0.05481 0.0481866 0.0414684 0.0348863 0.0286375 0.022875 0.0177027 0.0131853 0.00936799 0.00628284 0.00393433
 0.0093158 0.0149635 0.0222008 0.0308483 0.0405434 0.0506216 0.0600678 0.0677335 0.0727458 0.0747978 0.0741197 0.0712353 0.0667317 0.061142 0.0549046 0.0483532 0.0417307 0.0352205 0.0289797 0.0231534 0.017873 0.0132468 0.00935316 0.00623404 0.0038837
 0.00911966 0.0146602 0.021775 0.0303005 0.0398947 0.0499174 0.0593791 0.0671482 0.0723484 0.0746427 0.0742124 0.0715326 0.0671605 0.0616269 0.0553922 0.0488225 0.0421847 0.0356655 0.0294065 0.0235344 0.0181756 0.013453 0.00946877 0.00628309 0.00389511
 0.00916843 0.0147111 0.0217993 0.0302545 0.0397324 0.04961 0.0589325 0.0666084 0.0717909 0.074153 0.073864 0.0713698 0.0671898 0.061819 0.055695 0.0491811 0.0425569 0.0360273 0.0297452 0.0238384 0.0184304 0.0136458 0.00959613 0.00635401 0.00392662
 0.00922771 0.0147939 0.0218973 0.0303477 0.0397891 0.0495914 0.0587999 0.0663349 0.0713758 0.0736322 0.0733097 0.0708738 0.0668363 0.0616594 0.0557363 0.04939 0.0428775 0.0364007 0.030123 0.0241865 0.0187271 0.013879 0.00976298 0.00646081 0.00398673
 0.00940322 0.0150661 0.0222813 0.030845 0.0403834 0.0502433 0.0594439 0.0668831 0.0717337 0.0737246 0.0731052 0.0703984 0.0661691 0.0609117 0.0550212 0.0487935 0.0424422 0.0361265 0.0299809 0.0241361 0.0187298 0.0139045 0.00979165 0.00648255 0.00399902
 0.00953093 0.0152638 0.0225603 0.0312088 0.0408271 0.0507527 0.0599923 0.0674289 0.0722216 0.0740913 0.0732909 0.0703608 0.0658976 0.0604365 0.0544104 0.0481374 0.0418289 0.0356196 0.0296079 0.0238915 0.0185874 0.0138315 0.00975882 0.00646937 0.00399363
 0.00942414 0.0151244 0.0224134 0.0310989 0.0408055 0.0508578 0.0602339 0.0677849 0.0726473 0.074533 0.0736954 0.0706796 0.0660892 0.0604729 0.0542868 0.0478788 0.041487 0.0352585 0.0292849 0.0236419 0.0184199 0.0137343 0.00971075 0.00644964 0.00398723
 0.00934413 0.0150055 0.0222569 0.0309174 0.0406249 0.0507166 0.0601787 0.067859 0.0728741 0.0749011 0.0741559 0.0711579 0.0665076 0.0607699 0.0544279 0.0478595 0.0413304 0.0350095 0.0289989 0.0233703 0.0181977 0.013575 0.00960988 0.00639278 0.00395845
 0.00924906 0.0148483 0.0220166 0.030576 0.0401755 0.0501745 0.0595907 0.0673029 0.0724437 0.074681 0.0741954 0.0714558 0.0670111 0.0613898 0.055063 0.0484222 0.0417652 0.0352991 0.0291593 0.0234377 0.0182129 0.0135707 0.0096045 0.00639252 0.00396228
 0.0091753 0.0147245 0.021823 0.0302918 0.0397833 0.049668 0.0589839 0.0666365 0.071784 0.0741118 0.073803 0.0713096 0.0671446 0.0617875 0.0556611 0.0491249 0.0424704 0.0359244 0.0296578 0.0237999 0.0184565 0.0137259 0.00970089 0.0064522 0.00399914
 0.0095217 0.0152557 0.0225605 0.0312281 0.0408767 0.0508397 0.0601177 0.0675891 0.072414 0.0743187 0.0735602 0.0706739 0.0662387 0.0607637 0.0546603 0.048244 0.0417498 0.0353562 0.0292092 0.0234365 0.0181571 0.0134829 0.00951367 0.00631894 0.00391291
 0.00970492 0.0155714 0.0230666 0.0319841 0.0419231 0.0521687 0.0616479 0.0691638 0.0738307 0.0753794 0.0741187 0.0706655 0.0656887 0.0597769 0.0533944 0.0468718 0.0404216 0.0341736 0.0282186 0.0226421 0.0175398 0.0130176 0.00917666 0.00608792 0.0037655
 0.0094661 0.0152207 0.0226116 0.0314642 0.0414091 0.051755 0.0614388 0.0692507 0.0742613 0.0761278 0.0750772 0.0716684 0.06656 0.0603824 0.0536749 0.0468481 0.0401731 0.0338036 0.0278207 0.0222791 0.0172414 0.0127891 0.00901087 0.00597391 0.00369191
 0.00879321 0.0141435 0.0210278 0.0293067 0.0386801 0.0485693 0.0580575 0.0660691 0.0717304 0.0746351 0.0748382 0.0726752 0.0685976 0.063097 0.0566688 0.049771 0.042783 0.0359827 0.0295524 0.0236066 0.0182292 0.0135007 0.00950231 0.00629493 0.0038877
 0.00873314 0.0140244 0.0208061 0.0289208 0.0380562 0.0476368 0.0567745 0.0644536 0.0698873 0.0727653 0.0732146 0.0715798 0.0682388 0.0635403 0.0578153 0.0513935 0.0446011 0.0377442 0.0310863 0.0248363 0.0191523 0.0141568 0.00994559 0.00657871 0.00405833
 0.00866094 0.0139577 0.0207958 0.0290363 0.0383538 0.048116 0.0573456 0.0649434 0.0700909 0.0725236 0.0724829 0.0704584 0.0669517 0.0623677 0.0570025 0.0510728 0.044761 0.0382556 0.0317682 0.025524 0.0197391 0.0146002 0.0102498 0.00677102 0.00417106
#obs surv len freq
 nan nan nan nan nan nan nan nan nan nan nan nan nan nan nan nan nan nan nan nan nan nan nan nan nan
 0.00448583 0.00734785 0.0111786 0.0159958 0.0216974 0.0279736 0.034288 0.0400191 0.044698 0.0481607 0.0505172 0.0520115 0.0529023 0.0534133 0.0537265 0.0539806 0.0542586 0.054551 0.0546895 0.0542813 0.0527194 0.0493518 0.043802 0.0362828 0.0276672
 0.00461312 0.0075579 0.0115002 0.0164565 0.0223166 0.0287525 0.0351986 0.0410021 0.0456709 0.0490347 0.0512142 0.0524758 0.0531055 0.0533547 0.0534284 0.0534804 0.0536001 0.0537772 0.0538398 0.053393 0.0518315 0.0485078 0.0430469 0.0356546 0.0271871
 0.00477635 0.00782318 0.0118995 0.01702 0.0230676 0.0296984 0.0363212 0.0422512 0.0469681 0.0502839 0.0523152 0.0533372 0.0536558 0.0535507 0.0532595 0.052967 0.0527866 0.0527228 0.0526107 0.0520593 0.0504684 0.0471952 0.0418641 0.0346671 0.0264309
 0.00497132 0.00814185 0.0123821 0.0177049 0.0239835 0.0308524 0.0376871 0.0437658 0.04854 0.05181 0.053695 0.0544792 0.0544803 0.0539928 0.0532752 0.0525403 0.0519333 0.0514899 0.0510727 0.050313 0.048629 0.0453899 0.0402186 0.0332839 0.0253679
 0.00517035 0.00847093 0.0128877 0.0184338 0.024974 0.0321197 0.039208 0.0454734 0.0503329 0.0535714 0.055311 0.0558495 0.0555211 0.0546357 0.0534667 0.0522442 0.0511367 0.0502117 0.0493706 0.0482881 0.0464229 0.043173 0.0381657 0.031541 0.0240199
 0.00540076 0.00884433 0.0134479 0.0192219 0.0260221 0.0334403 0.0407819 0.0472431 0.0522072 0.0554401 0.0570595 0.0573704 0.0567199 0.0554343 0.053803 0.0520716 0.0504263 0.0489601 0.0476136 0.0461144 0.0439808 0.0406601 0.0357979 0.0295058 0.0224328
 0.00563926 0.00923776 0.0140503 0.0200863 0.0271894 0.0349217 0.0425428 0.0491992 0.0542404 0.057423 0.0588773 0.058928 0.05794 0.0562515 0.0541606 0.0519206 0.0497289 0.0476978 0.0458035 0.0438291 0.0413635 0.0379203 0.0331786 0.0272285 0.0206415
 0.00587606 0.00962463 0.0146365 0.0209201 0.0283098 0.0363456 0.0442492 0.051122 0.0562743 0.0594415 0.060753 0.0605481 0.0592143 0.0571129 0.0545595 0.0518174 0.0490896 0.0464994 0.0440503 0.0415773 0.0387427 0.0351358 0.0304818 0.024858 0.0187603
 0.00613357 0.0100466 0.0152774 0.0218323 0.0295327 0.037889 0.0460775 0.0531496 0.0583793 0.0614904 0.0626218 0.0621332 0.0604342 0.0579061 0.0548815 0.051636 0.0483807 0.0452477 0.0422612 0.0392999 0.0360951 0.0323136 0.0277335 0.0224273 0.0168199
 0.0063831 0.0104553 0.0158983 0.0227167 0.0307205 0.0393932 0.0478673 0.0551443 0.0604588 0.063518 0.064467 0.0636868 0.0616133 0.0586536 0.0551603 0.0514225 0.0476586 0.0440088 0.0405142 0.037092 0.0335351 0.0295832 0.0250672 0.02006 0.0149217
 0.00661409 0.0108371 0.0164845 0.0235608 0.0318653 0.0408529 0.0496107 0.0570892 0.062484 0.065487 0.0662513 0.0651785 0.0627308 0.059341 0.0553842 0.0511659 0.0469152 0.04278 0.0388166 0.0349738 0.0310986 0.0269954 0.0225437 0.0178182 0.0131212
 0.00684473 0.0112124 0.0170503 0.0243604 0.0329319 0.0421975 0.0512079 0.0588709 0.0643468 0.0673096 0.0679128 0.0665734 0.0637757 0.0599779 0.0555792 0.0509039 0.0461943 0.0416089 0.0372182 0.0329991 0.0288445 0.0246139 0.0202288 0.0157647 0.011472
 0.00705646 0.0115623 0.017587 0.0251317 0.0339739 0.0435179 0.0527711 0.0605942 0.066115 0.0689994 0.0694145 0.0678001 0.0646643 0.0604856 0.0556805 0.0505882 0.0454628 0.0404733 0.0357052 0.0311608 0.026772 0.0224446 0.0181341 0.0139147 0.00999029
 0.0072548 0.0118875 0.0180814 0.0258366 0.0349214 0.044718 0.0541973 0.0621782 0.0677538 0.0705747 0.0708125 0.068927 0.0654541 0.0609011 0.0557082 0.0502306 0.044732 0.0393885 0.0342967 0.0294798 0.0249022 0.0205079 0.0162788 0.0122858 0.00869114
 0.00744827 0.0122018 0.0185539 0.0265015 0.0358027 0.0458188 0.055489 0.0635963 0.0692072 0.0719616 0.0720372 0.0699095 0.0661346 0.0612418 0.0556932 0.0498625 0.044027 0.0383725 0.0330055 0.0279653 0.0232417 0.0188078 0.0146653 0.0108794 0.00757553
 0.00751502 0.012319 0.0187469 0.0268002 0.0362368 0.0464086 0.0562361 0.0644793 0.0701834 0.0729742 0.073022 0.0708005 0.0668686 0.0617626 0.0559564 0.0498397 0.0437071 0.0377621 0.0321294 0.0268686 0.021994 0.0175027 0.013411 0.00977806 0.00669814
 0.00759069 0.0124316 0.0188977 0.0269865 0.036456 0.0466645 0.0565417 0.0648529 0.0706405 0.0735169 0.073633 0.0714428 0.0674908 0.062306 0.0563632 0.0500591 0.0437012 0.0375111 0.0316353 0.0261594 0.0211247 0.0165528 0.0124739 0.00894206 0.00602555
 0.00766285 0.0125449 0.0190601 0.0272011 0.0367186 0.0469622 0.056853 0.0651536 0.0709133 0.073761 0.0738644 0.0716842 0.0677556 0.062587 0.0566292 0.0502627 0.0437908 0.0374428 0.0313842 0.025727 0.0205427 0.0158806 0.0117874 0.00831604 0.00551485
 0.0077207 0.0126327 0.0191806 0.027353 0.0368972 0.0471604 0.0570618 0.0653618 0.0711079 0.0739304 0.0740033 0.0717974 0.067857 0.0626924 0.0567459 0.0503802 0.0438793 0.0374615 0.0312944 0.025507 0.020198 0.0154457 0.0113174 0.00787129 0.00514294
 0.0077708 0.0127099 0.0192889 0.0274924 0.0370637 0.0473453 0.0572523 0.0655422 0.0712634 0.074051 0.074086 0.0718461 0.0678806 0.0627027 0.0567542 0.0503923 0.0438903 0.0374531 0.0312396 0.0253804 0.0199891 0.0151666 0.0110013 0.00756106 0.00487642
 0.00782959 0.0127999 0.0194138 0.0276514 0.0372516 0.0475526 0.0574653 0.0657437 0.0714353 0.0741781 0.0741598 0.0718663 0.0678545 0.0626429 0.0566752 0.0503071 0.0438064 0.0373689 0.0311442 0.025258 0.0198276 0.0149661 0.0107775 0.00733999 0.004684
 0.00785551 0.012841 0.0194736 0.0277321 0.0373532 0.0476722 0.057596 0.0658755 0.0715566 0.0742789 0.0742332 0.0719095 0.0678678 0.0626291 0.0566396 0.0502565 0.0437471 0.0373042 0.031072 0.0251719 0.0197203 0.0148359 0.0106315 0.00719327 0.00455368
 0.00787876 0.0128735 0.0195129 0.0277731 0.0373901 0.0477012 0.0576178 0.0658944 0.0715786 0.0743081 0.0742703 0.0719514 0.0679093 0.0626646 0.0566646 0.0502686 0.0437457 0.0372899 0.0310447 0.0251298 0.0196611 0.0147593 0.0105422 0.00710073 0.00446922
 0.00790704 0.0129164 0.0195712 0.0278449 0.0374701 0.0477814 0.0576878 0.0659443 0.0716019 0.074305 0.0742481 0.0719211 0.0678811 0.0626438 0.056651 0.0502584 0.0437342 0.037273 0.0310198 0.0250949 0.0196153 0.0147031 0.0104789 0.00703638 0.0044109
 0.00789441 0.0128973 0.0195453 0.0278128 0.0374335 0.0477427 0.0576498 0.0659098 0.0715733 0.0742843 0.074237 0.0719216 0.0678957 0.0626744 0.0566974 0.0503168 0.0437978 0.0373336 0.0310698 0.0251289 0.0196306 0.0147002 0.0104613 0.00700981 0.00438203
 0.00790838 0.0129108 0.0195488 0.0277927 0.0373765 0.0476424 0.0575125 0.0657538 0.0714237 0.0741642 0.074161 0.0718948 0.0679148 0.0627318 0.0567836 0.0504223 0.0439128 0.0374484 0.0311748 0.0252163 0.0196954 0.014741 0.0104805 0.00701297 0.00437575
 0.00790372 0.0129042 0.0195402 0.0277812 0.0373587 0.0476116 0.0574586 0.0656679 0.0713037 0.07402 0.0740145 0.0717728 0.0678398 0.062715 0.0568233 0.0505072 0.0440272 0.0375761 0.0313013 0.02533 0.0197882 0.014809 0.0105243 0.00703651 0.00438514
 0.00787579 0.0128568 0.0194655 0.0276717 0.0372104 0.0474274 0.0572509 0.0654567 0.0711109 0.0738627 0.0739022 0.0717097 0.0678286 0.0627583 0.0569216 0.0506553 0.044213 0.0377819 0.0315081 0.0255206 0.0199499 0.0149352 0.0106142 0.00709446 0.00441839
 0.00786406 0.0128354 0.0194289 0.0276129 0.0371224 0.0473051 0.0570945 0.0652734 0.0709152 0.0736744 0.0737421 0.0715951 0.06777 0.0627589 0.0569791 0.0507636 0.0443628 0.0379606 0.0316998 0.0257081 0.0201178 0.0150729 0.0107173 0.00716449 0.00446132
 0.00787053 0.0128417 0.0194305 0.0276027 0.0370918 0.0472471 0.0570052 0.0651539 0.0707714 0.0735166 0.0735841 0.0714531 0.0676602 0.0626945 0.0569675 0.0508057 0.0444532 0.0380888 0.0318519 0.0258681 0.02027 0.0152045 0.0108205 0.00723791 0.0045084
 0.00783039 0.0127827 0.0193532 0.027511 0.0369916 0.047143 0.0568993 0.0650462 0.0706619 0.0734077 0.0734818 0.0713659 0.0675979 0.0626662 0.05698 0.050862 0.0445516 0.0382226 0.0320098 0.0260355 0.0204317 0.0153471 0.0109353 0.0073218 0.00456389
 0.00778997 0.0127134 0.0192429 0.0273482 0.03677 0.0468683 0.056593 0.0647435 0.0704015 0.0732193 0.0733784 0.0713441 0.067645 0.0627676 0.0571234 0.0510385 0.0447541 0.0384436 0.0322395 0.0262619 0.0206416 0.0155286 0.0110804 0.0074282 0.00463496
 0.0077807 0.012692 0.0191987 0.0272671 0.036637 0.046673 0.0563357 0.0644385 0.0700774 0.072914 0.0731308 0.0711852 0.0675898 0.0628133 0.0572536 0.0512305 0.0449857 0.038696 0.0324973 0.0265116 0.0208704 0.0157255 0.0112381 0.00754463 0.0047135
 0.00773739 0.0126265 0.019109 0.0271534 0.0365003 0.0465132 0.056151 0.0642276 0.0698435 0.0726685 0.0728954 0.0709885 0.0674613 0.0627744 0.057312 0.051378 0.0452022 0.0389558 0.0327747 0.0267844 0.0211209 0.0159406 0.0114101 0.00767171 0.00479958
 0.00931838 0.014836 0.0217683 0.0298747 0.0388008 0.0479955 0.0566454 0.0638158 0.0687708 0.0712186 0.0713006 0.0694028 0.0659749 0.0614393 0.0561587 0.0504219 0.0444438 0.0383817 0.0323613 0.0265027 0.0209409 0.0158348 0.0113544 0.00764681 0.0047912
 0.00930531 0.0151067 0.0226901 0.0319021 0.0422765 0.0528824 0.0623576 0.0693152 0.0729372 0.0732926 0.0711343 0.0673975 0.0628051 0.0577653 0.0524656 0.0469966 0.041425 0.0358195 0.0302577 0.0248334 0.0196656 0.0149026 0.0107075 0.00722448 0.00453415
 0.00897746 0.0145915 0.0219694 0.0310271 0.0414205 0.0523758 0.0626468 0.070802 0.0757348 0.0770457 0.0750655 0.070602 0.064628 0.058028 0.0514327 0.0451612 0.0392787 0.0337207 0.0284085 0.0233161 0.0184898 0.0140389 0.0101081 0.00683379 0.00429692
 0.00881083 0.0143111 0.0215305 0.0303856 0.04055 0.0512995 0.0614785 0.0697726 0.0751736 0.0772887 0.0763024 0.0727335 0.067235 0.0605077 0.0532425 0.0460266 0.0392473 0.0330613 0.0274505 0.022327 0.0176293 0.0133709 0.00963374 0.00652289 0.00410864
 0.00874413 0.0141981 0.0213509 0.0301151 0.0401625 0.0507733 0.0608074 0.0689829 0.0743432 0.0765616 0.0758793 0.0728202 0.0679503 0.0617932 0.0548406 0.0475646 0.0403903 0.0336426 0.0275043 0.0220233 0.0171702 0.0129135 0.00926265 0.00626153 0.00394446
 0.00870433 0.0141315 0.0212471 0.0299621 0.0399485 0.0504885 0.0604466 0.0685481 0.0738467 0.0760325 0.0753743 0.0724323 0.0677994 0.0619875 0.0554179 0.0484456 0.0413866 0.0345272 0.0281074 0.022293 0.0171668 0.0127533 0.00905676 0.00608055 0.0038155
 0.0087016 0.0141241 0.0212301 0.0299284 0.0398895 0.0503953 0.0603119 0.068367 0.0736171 0.0757565 0.0750624 0.0721096 0.0675124 0.0618044 0.0554117 0.0486617 0.0418084 0.0350667 0.0286348 0.0226928 0.0173847 0.0128059 0.00900439 0.00598895 0.00372965
 0.00870232 0.0141256 0.0212326 0.0299318 0.0398922 0.0503933 0.0602984 0.0683324 0.0735516 0.0756523 0.0749163 0.0719257 0.0673053 0.0616023 0.0552566 0.0486007 0.0418751 0.0352598 0.02891 0.0229776 0.0176107 0.0129374 0.00904646 0.00597288 0.00369076
 0.00869591 0.014117 0.0212231 0.0299238 0.0398882 0.0503953 0.0603061 0.0683426 0.0735581 0.0756466 0.0748888 0.0718686 0.0672159 0.0614866 0.0551317 0.0484941 0.0418181 0.0352752 0.0289991 0.0231157 0.0177572 0.0130545 0.00911525 0.00599662 0.00368601
 0.0086664 0.0140718 0.0211604 0.0298443 0.0397957 0.0502966 0.0602109 0.0682626 0.0735037 0.0756233 0.0748951 0.0718957 0.0672507 0.0615165 0.0551497 0.0485024 0.0418286 0.0353042 0.0290587 0.0232058 0.0178633 0.0131548 0.00919159 0.00604216 0.0037053
 0.00865814 0.0140569 0.0211354 0.0298053 0.0397398 0.0502237 0.0601254 0.0681733 0.0734222 0.0755609 0.0748595 0.0718894 0.06727 0.0615529 0.0551929 0.0485443 0.0418663 0.0353415 0.0291029 0.0232619 0.0179297 0.013223 0.00925057 0.00608438 0.00372967
 0.00864228 0.0140329 0.0211025 0.0297637 0.0396903 0.0501668 0.0600617 0.0681043 0.0733512 0.0754938 0.0748044 0.0718545 0.0672609 0.0615707 0.0552333 0.0485994 0.0419279 0.0354037 0.0291639 0.0233225 0.01799 0.0132805 0.00930074 0.00612291 0.00375507
 0.00864488 0.0140341 0.0210988 0.0297503 0.0396625 0.0501227 0.0600034 0.0680377 0.0732838 0.0754323 0.0747531 0.071816 0.0672376 0.0615648 0.0552463 0.0486303 0.0419729 0.0354575 0.0292212 0.0233795 0.0180442 0.0133298 0.00934285 0.00615574 0.00377787
 0.00863707 0.0140242 0.021089 0.0297436 0.0396614 0.0501267 0.0600084 0.0680367 0.0732703 0.0754039 0.0747126 0.0717701 0.0671942 0.0615305 0.0552254 0.0486249 0.041983 0.0354809 0.0292543 0.023418 0.018084 0.0133674 0.00937547 0.00618163 0.00379639
 0.00862404 0.0140031 0.0210577 0.0297008 0.0396078 0.0500661 0.0599477 0.0679847 0.0732344 0.0753865 0.0747109 0.0717781 0.0672066 0.0615448 0.0552424 0.0486468 0.0420117 0.0355169 0.0292962 0.0234629 0.0181284 0.0134081 0.0094099 0.00620833 0.00381526
 0.00862404 0.0140031 0.0210577 0.0297008 0.0396078 0.0500661 0.0599477 0.0679847 0.0732344 0.0753865 0.0747109 0.0717781 0.0672066 0.0615448 0.0552424 0.0486468 0.0420117 0.0355169 0.0292962 0.0234629 0.0181284 0.0134081 0.0094099 0.00620833 0.00381526
 0.00854845 0.0138841 0.0208864 0.0294727 0.0393252 0.049741 0.0596041 0.0676576 0.0729636 0.0752069 0.0746434 0.0718249 0.0673527 0.0617638 0.055504 0.0489239 0.0422835 0.0357698 0.0295222 0.0236575 0.0182896 0.0135355 0.0095052 0.00627516 0.00385874
 0.00882536 0.0143105 0.0214819 0.030235 0.0402254 0.0507206 0.0605741 0.0685065 0.0735802 0.0755097 0.0746033 0.07147 0.0667536 0.0610115 0.0546878 0.0481169 0.0415374 0.0351153 0.0289737 0.0232177 0.017953 0.0132909 0.00933752 0.00616755 0.0037946
 0.00891802 0.0144901 0.0218037 0.0307634 0.041012 0.051772 0.0618262 0.0698243 0.0747876 0.0764384 0.0751344 0.0715544 0.0664122 0.0603203 0.0537562 0.0470637 0.0404701 0.034117 0.0280983 0.0224924 0.0173837 0.0128682 0.00904193 0.00597421 0.00367716
 0.00868964 0.0141381 0.0213139 0.0301459 0.0403108 0.0510724 0.061252 0.0695134 0.0748471 0.0768959 0.0759166 0.0725091 0.0673607 0.0611132 0.0543079 0.0473585 0.0405458 0.0340399 0.0279383 0.0223073 0.0172116 0.0127287 0.00894026 0.00590675 0.00363629
 0.00816637 0.0132778 0.0200069 0.0282995 0.0378883 0.0481456 0.0580444 0.0663948 0.07226 0.075238 0.0754319 0.0732292 0.0691117 0.0635757 0.0571065 0.050151 0.0430843 0.0361901 0.0296635 0.0236337 0.0181952 0.0134322 0.00942299 0.00622143 0.00382896
 0.00833561 0.0134929 0.0202158 0.0284066 0.0377673 0.0476691 0.0571203 0.0650038 0.0704846 0.0732745 0.0735677 0.0717803 0.0683336 0.0635849 0.0578494 0.0514318 0.0446376 0.0377622 0.0310707 0.0247812 0.0190642 0.0140509 0.00983974 0.00648701 0.00398826
 0.00864372 0.0140128 0.0210267 0.0295753 0.0393094 0.0494997 0.0590211 0.066643 0.0715036 0.0734084 0.0727428 0.0701439 0.0662086 0.0613717 0.0559101 0.0499987 0.0437743 0.0373874 0.0310243 0.0248981 0.0192223 0.0141856 0.00993143 0.00654065 0.00401624
#pred catch len freq
 0.0040999 0.00654043 0.00964488 0.0133791 0.0177237 0.0226419 0.0280114 0.0336008 0.0391179 0.044279 0.0488551 0.0526942 0.0557321 0.0579833 0.0595054 0.0603593 0.0605824 0.0601758 0.0590791 0.0571273 0.0540273 0.0494318 0.0431471 0.0353863 0.0268745
 0.00439285 0.00691977 0.0100404 0.0136753 0.0178037 0.0224497 0.0275933 0.0330917 0.038673 0.0439935 0.0487204 0.0526161 0.0555936 0.0577143 0.0591256 0.0599747 0.0603408 0.0601973 0.0593945 0.057655 0.0546058 0.0498927 0.0433884 0.0354047 0.0267428
 0.00462671 0.0073064 0.0106266 0.0144887 0.0188238 0.023578 0.0286482 0.0338541 0.0389762 0.0438062 0.0481601 0.0518762 0.0548368 0.0570078 0.0584561 0.0593154 0.0597101 0.0596654 0.0590377 0.0574976 0.0545943 0.0499222 0.0433616 0.0352802 0.0265434
 0.00487935 0.00770138 0.0111953 0.0152585 0.0198222 0.0248297 0.0301543 0.0355543 0.0407164 0.0453447 0.0492327 0.0522972 0.0545754 0.056186 0.0572721 0.057955 0.0583043 0.0583004 0.0577795 0.0563952 0.0536644 0.0491439 0.0426952 0.0346981 0.0260446
 0.00515706 0.00813655 0.0118207 0.0160965 0.0208852 0.0261208 0.0316649 0.0372586 0.0425622 0.0472382 0.0510218 0.0537727 0.0555101 0.0564083 0.0567345 0.0567509 0.056624 0.0563605 0.0557691 0.0544544 0.0518854 0.0475788 0.0413678 0.0336156 0.0252054
 0.00548773 0.00865223 0.0125572 0.0170761 0.0221176 0.0276036 0.0333792 0.0391622 0.0445868 0.0492917 0.0529914 0.055524 0.0568854 0.0572362 0.0568623 0.0560943 0.0552076 0.0543227 0.0533248 0.0518404 0.0493148 0.0452183 0.0393319 0.0319685 0.0239632
 0.0058371 0.00919679 0.0133343 0.0181081 0.023413 0.0291576 0.0351692 0.0411417 0.0466827 0.0514089 0.0550201 0.0573463 0.0583784 0.0582725 0.0573132 0.0558454 0.0541908 0.0525528 0.0509209 0.049014 0.0463293 0.042337 0.0367721 0.0298724 0.0223855
 0.00618351 0.00974222 0.0141232 0.0191724 0.024771 0.0308094 0.0370887 0.0432693 0.0489263 0.0536533 0.0571405 0.0592204 0.0598937 0.0593278 0.0578156 0.055708 0.0533414 0.050959 0.0486253 0.0461596 0.0431553 0.0391385 0.0338373 0.0274187 0.0205196
 0.0065137 0.0102617 0.0148742 0.020187 0.0260703 0.0324018 0.0389613 0.0453773 0.0511874 0.0559514 0.0593376 0.0611736 0.0614726 0.0604259 0.0583516 0.0556187 0.0525765 0.0494884 0.0464648 0.0434046 0.0400013 0.0358658 0.030755 0.0247877 0.0184897
 0.00678369 0.0106928 0.0155096 0.0210645 0.0272199 0.033839 0.0406774 0.0473309 0.0533032 0.0581253 0.0614469 0.0630867 0.0630608 0.0615751 0.05897 0.0556387 0.0519513 0.0481937 0.044512 0.0408677 0.0370424 0.032735 0.0277491 0.0221773 0.0164471
 0.00705987 0.0111272 0.0161374 0.0219128 0.0283079 0.0351768 0.0422595 0.0491265 0.0552501 0.0601313 0.063397 0.0648567 0.064531 0.0626417 0.0595502 0.0556703 0.0513908 0.0470177 0.0427285 0.0385383 0.0343056 0.0298115 0.0249114 0.0196846 0.0144753
 0.00740508 0.0116558 0.0168734 0.0228605 0.0294567 0.0365092 0.0437524 0.050747 0.0569494 0.0618423 0.0650365 0.0663313 0.0657459 0.0635096 0.059998 0.0556415 0.0508452 0.0459328 0.0411087 0.0364336 0.0318326 0.027161 0.022324 0.0173961 0.0126516
 0.00781901 0.0122854 0.0177406 0.0239579 0.0307526 0.0379567 0.0452946 0.0523188 0.0584812 0.0632672 0.0662974 0.0673811 0.0665439 0.0640168 0.0601748 0.0554484 0.0502459 0.044901 0.0396394 0.0345612 0.0296498 0.0248258 0.0200411 0.0153699 0.0110295
 0.00819332 0.0128766 0.0185974 0.0251115 0.0322091 0.0396856 0.0472181 0.0543112 0.0603879 0.0649374 0.0676148 0.0682806 0.0670102 0.0640706 0.0598529 0.0547853 0.0492625 0.0436048 0.0380374 0.0326809 0.0275621 0.0226557 0.0179543 0.013534 0.00956578
 0.00853314 0.0134125 0.0193744 0.0261636 0.0335573 0.0413318 0.0491315 0.0564133 0.0625461 0.0669749 0.0693391 0.0695228 0.0676632 0.0641088 0.0593256 0.053787 0.0478972 0.0419599 0.0361779 0.0306632 0.0254566 0.0205634 0.0160032 0.0118518 0.00824163
 0.00865803 0.0136305 0.019731 0.026713 0.034354 0.0424148 0.0505071 0.0580439 0.0643483 0.0688267 0.0710901 0.0710101 0.0687344 0.0646509 0.0592893 0.0531943 0.0468277 0.0405235 0.0344876 0.0288225 0.0235633 0.0187194 0.0143159 0.0104184 0.00712517
 0.00870971 0.0137133 0.0198558 0.0268955 0.0346196 0.0428024 0.0510663 0.058821 0.0653653 0.0700593 0.0724584 0.0723868 0.0699678 0.0655938 0.0598253 0.053258 0.046414 0.0396834 0.0333132 0.0274273 0.0220667 0.0172382 0.0129572 0.00926818 0.00623366
