SBPRF35
9.09021
Curr Bio
644663
B35
616903
F35
0.198683
FOFL
0.198683
OFL
108866
Bzero
2.5972e+006
#pred survey bio
 4.01563e+006 3.35153e+006 3.14683e+006 2.96792e+006 2.78962e+006 2.51565e+006 2.21905e+006 1.95022e+006 1.76449e+006 1.62498e+006 1.5115e+006 1.37339e+006 1.21076e+006 989788 846999 756720 705689 676183 674310 650658 618965 556561 532661 518005 506253 513789 541297 561096 578442 567662 563685 561228 565639 598412 623760 631771 587765 569330 552566 545439 515785 522998 558767 625953 659813 635514 559930 520471 518740 544403 591231 620938 570012 499454 492846 573491 619965 652786 1.61234e+007 1.48474e+007 1.51429e+007 1.57446e+007 1.65092e+007 1.72967e+007 1.80178e+007 1.86304e+007 1.91255e+007 1.95123e+007 1.98077e+007 2.003e+007 2.01957e+007 2.03188e+007 2.041e+007 2.04778e+007 2.05282e+007 2.0566e+007 2.05943e+007 2.06157e+007 2.0632e+007 2.06443e+007 2.06538e+007 2.06611e+007 2.06667e+007 2.06711e+007 2.06745e+007 2.06771e+007 2.06791e+007 2.06807e+007 2.0682e+007 2.06829e+007 2.06837e+007 2.06843e+007 2.06848e+007 2.06852e+007 2.06855e+007 2.06857e+007 2.06859e+007 2.0686e+007 2.06861e+007 2.06862e+007 2.06863e+007 2.06863e+007 2.06864e+007 2.06864e+007 2.06864e+007 2.06865e+007 2.06865e+007 2.06865e+007 2.06865e+007 2.06865e+007 2.06865e+007 2.06865e+007 2.06865e+007 2.06865e+007 2.06865e+007 2.06865e+007 2.06865e+007 2.06865e+007 2.06865e+007 2.06865e+007 2.06865e+007 2.06865e+007 2.06865e+007 2.06865e+007 2.06865e+007 2.06866e+007 2.06866e+007 2.06866e+007 2.06866e+007 2.06866e+007 2.06866e+007 2.06866e+007 2.06866e+007 2.06866e+007 2.06866e+007 2.06866e+007 2.06866e+007 2.06866e+007 2.06866e+007 2.06866e+007 2.06866e+007 2.06866e+007 2.06866e+007 2.06866e+007 2.06866e+007 2.06866e+007 2.06866e+007 2.06866e+007 2.06866e+007 2.06866e+007 2.06866e+007 2.06866e+007 2.06866e+007 2.06866e+007 2.06866e+007 2.06866e+007 2.06866e+007 2.06866e+007 0 0 0 0 0 0 0 0 0 0 0 0 0 0 0 0 0 0 0 0 0 0 0 0 0
#obs survey bio
 4.61323e+006 2.86118e+006 3.68299e+006 2.38422e+006 2.80839e+006 2.66095e+006 2.39502e+006 1.62008e+006 1.95016e+006 1.55047e+006 1.51617e+006 1.38205e+006 1.4283e+006 771340 795530 628587 817302 636541 597423 799098 728562 396074 381900 525586 389686 532254 646986 542398 562494 542913 606849 639060 519182 724796 705417 726925 407381 735667 532014 643370 490234 568102 395315 682650 760825 635846 612506 581441 610395 530358 539924 571200 636699 454570 394463 713640 590263 570645
#pred catch bio
 112669 94971.8 169607 191897 276883 276145 299418 314583 305575 312495 310348 269935 253595 261335 237233 216148 187327 154442 157097 135213 131675 128163 118765 121922 116362 111195 113441 94248.9 99174.7 95666.1 102965 96791.6 98600.3 100561 98711.4 90451.3 96198.7 85050.3 84273.4 86643.8 81513.1 86783.5 87838.4 94704.7 87694.6 97714 93423.3 89315.7 97394.3 90131.7 85848.1 118514 117528 93529.6 39160 79002.9 106356 100080 108866 109406 110410 113749 118658 123817 128488 132364 135395 137667 139316 140486 141300 141858 142237 142492 142662 142774 142849 142898 142930 142951 142964 142973 142979 142983 142985 142987 142988 142989 142989 142989 142990 142990 142990 142990 142990 142990 142990 142990 142990 142990 142990 142990 142990 142990 142990 142990 142990 142990 142990 142990 142990 142990 142990 142990 142990 142990 142990 142990 142990 142990 142990 142990 142990 142990 142990 142990 142990 142990 142990 142990 142990 142990 142990 142990 142990 142990 142990 142990 142990 142990 142990 142990 142990 142990 142990 142990 142990 142990 142990 142990 142990 142990 142990 142990 142990 142990 142990 142990 0 0 0 0 0 0 0 0 0 0 0 0 0 0 0 0 0 0 0 0 0 0 0 0 0
#obs catch bio
 0 94507.5 170234 191544 277645 275755 299204 315291 305472 313920 311324 269638 251942 262419 237532 218495 187589 154334 157382 134982 131107 128744 118578 121930 116458 111656 113833 93962.9 99063.8 95540.7 103151 96549.2 98965.6 100634 98862.8 90108 96504 84921.4 84307.3 86558.5 81449.8 86886.6 88189.8 94790 87421.8 97657 93437.4 89232.8 97818.5 90347 85554.8 118584 117468 94183.8 38731.8 79185.9 106734 99974.5
#pred cpue bio
 3.97078e+006 3.31411e+006 3.11061e+006 2.9319e+006 2.75403e+006 2.48129e+006 2.18644e+006 1.91902e+006 1.73349e+006 1.59375e+006 1.4797e+006 1.3418e+006 1.18064e+006 963169 821877 732358 681567 652195 649995 626709 596096 535822 512457 498298 486828 493860 520389 539620 556722 546462 542714 540356 544728 576415 601239 609213 565801 545809 528830 522050 493849 500792 534992 599529 632315 609454 536902 498852 497098 521596 566779 595816 546500 477977 471300 550374 596250 627444 1.54944e+007 1.42843e+007 1.44971e+007 1.50271e+007 1.57742e+007 1.65588e+007 1.72795e+007 1.7892e+007 1.83871e+007 1.87739e+007 1.90693e+007 1.92916e+007 1.94573e+007 1.95804e+007 1.96716e+007 1.97394e+007 1.97898e+007 1.98276e+007 1.98559e+007 1.98773e+007 1.98936e+007 1.99059e+007 1.99154e+007 1.99227e+007 1.99283e+007 1.99327e+007 1.99361e+007 1.99387e+007 1.99407e+007 1.99423e+007 1.99436e+007 1.99446e+007 1.99453e+007 1.99459e+007 1.99464e+007 1.99468e+007 1.99471e+007 1.99473e+007 1.99475e+007 1.99476e+007 1.99477e+007 1.99478e+007 1.99479e+007 1.99479e+007 1.9948e+007 1.9948e+007 1.99481e+007 1.99481e+007 1.99481e+007 1.99481e+007 1.99481e+007 1.99481e+007 1.99481e+007 1.99481e+007 1.99481e+007 1.99481e+007 1.99481e+007 1.99481e+007 1.99481e+007 1.99481e+007 1.99482e+007 1.99482e+007 1.99482e+007 1.99482e+007 1.99482e+007 1.99482e+007 1.99482e+007 1.99482e+007 1.99482e+007 1.99482e+007 1.99482e+007 1.99482e+007 1.99482e+007 1.99482e+007 1.99482e+007 1.99482e+007 1.99482e+007 1.99482e+007 1.99482e+007 1.99482e+007 1.99482e+007 1.99482e+007 1.99482e+007 1.99482e+007 1.99482e+007 1.99482e+007 1.99482e+007 1.99482e+007 1.99482e+007 1.99482e+007 1.99482e+007 1.99482e+007 1.99482e+007 1.99482e+007 1.99482e+007 1.99482e+007 1.99482e+007 1.99482e+007 1.99482e+007 1.99482e+007 0 0 0 0 0 0 0 0 0 0 0 0 0 0 0 0 0 0 0 0 0 0 0 0 0
#obs cpue bio
 2.32884e+006 3.08738e+006 2.84824e+006 3.74156e+006 2.72802e+006 2.61133e+006 2.10357e+006 1.82166e+006 1.75233e+006 1.18412e+006 1.62637e+006 1.54039e+006 1.48287e+006 787142 920014 528223 813522 673095 730676 550716 663520 471908 911251 487263 582873 357314 480032 681611 612635 538270 458837 588917 378736 580052 484981 756124 584181 506192 485893 543897 468082 430362 507672 764753 636420 646561 448369 450538 326843 499716 773959 714118 525538 403345 610840 516374 534983 772834
#pred surv len freq
 0.00427413 0.00704143 0.0107873 0.0155523 0.0212476 0.0275616 0.0339452 0.0397647 0.0445475 0.0481336 0.0506367 0.0522919 0.0533283 0.0539174 0.0541773 0.0541965 0.0540589 0.0538433 0.0535645 0.0530558 0.0518683 0.0493223 0.0447954 0.0381407 0.0299473
 0.00452699 0.00737938 0.0111632 0.0158832 0.0214457 0.0275777 0.033798 0.0395308 0.0443166 0.0479597 0.0505176 0.0521908 0.0532171 0.053812 0.0541401 0.0543064 0.0543633 0.0543159 0.0540928 0.0534701 0.0520066 0.0491027 0.0442549 0.0374167 0.0292116
 0.00460758 0.00755474 0.011503 0.0164639 0.0223123 0.0286961 0.0350293 0.0406605 0.0451362 0.0483541 0.0505005 0.0518695 0.0527219 0.0532459 0.0535725 0.0537919 0.0539505 0.0540293 0.0539031 0.0532857 0.0517059 0.0485961 0.0435387 0.0365797 0.0283911
 0.00472346 0.00774213 0.0117868 0.0168761 0.0228956 0.0295015 0.0360973 0.0419869 0.0466359 0.0498511 0.0517666 0.0527019 0.0530184 0.0530309 0.0529652 0.0529474 0.0530095 0.0530904 0.0530095 0.0524234 0.0508218 0.0476396 0.0425067 0.0355352 0.0274369
 0.00483997 0.00793685 0.0120896 0.0173178 0.0235028 0.0302884 0.0370608 0.043108 0.0478843 0.0511826 0.0531074 0.0539323 0.0539806 0.0535718 0.0529951 0.052476 0.0521362 0.0519572 0.0517468 0.0511151 0.049503 0.0463227 0.0412173 0.0343312 0.0263963
 0.00503352 0.00825778 0.0125841 0.0180324 0.0244744 0.0315287 0.0385413 0.0447557 0.0495954 0.0528469 0.0546291 0.0552346 0.0549932 0.054216 0.0531855 0.0521448 0.0512686 0.0506103 0.0500366 0.0491817 0.0474783 0.04432 0.0393386 0.0326732 0.0250394
 0.00522936 0.00857843 0.0130715 0.0187285 0.0254149 0.0327324 0.0399964 0.0464125 0.0513689 0.0546297 0.0563075 0.0567028 0.0561623 0.055014 0.0535502 0.0520198 0.0506114 0.0494136 0.0483501 0.0471165 0.0451923 0.0419919 0.0371432 0.0307581 0.0235038
 0.00545274 0.00895024 0.0136469 0.0195637 0.0265554 0.034194 0.0417481 0.0483714 0.053415 0.0566312 0.0581423 0.0582685 0.057377 0.0558132 0.0538829 0.051844 0.0498932 0.0481368 0.0465352 0.0448432 0.0426095 0.0393051 0.0345796 0.0285191 0.0217216
 0.00569099 0.00934616 0.014259 0.0204528 0.0277731 0.0357644 0.0436474 0.0505189 0.0556823 0.058865 0.0601907 0.0600006 0.0586935 0.0566475 0.0541944 0.0516077 0.0490916 0.0467616 0.0446028 0.0424197 0.0398325 0.0363849 0.0317673 0.0260499 0.0197553
 0.00591436 0.00971223 0.0148161 0.0212495 0.0288513 0.0371468 0.0453232 0.0524353 0.0577478 0.0609622 0.0621903 0.0617744 0.0601249 0.0576409 0.05468 0.0515405 0.0484464 0.0455302 0.0428018 0.0401105 0.0371438 0.0335197 0.0289778 0.0235809 0.0177793
 0.00614232 0.0100896 0.0153963 0.0220863 0.0299875 0.0385971 0.0470578 0.0543761 0.0597817 0.0629654 0.0640483 0.0633897 0.0614152 0.0585353 0.0551172 0.0514699 0.0478303 0.0443491 0.0410643 0.0378711 0.0345237 0.0307138 0.0262327 0.0211403 0.0158192
 0.00643258 0.0105519 0.0160746 0.0230161 0.0311913 0.0400755 0.0487789 0.0562692 0.0617431 0.0648742 0.0657862 0.0648558 0.0625335 0.0592538 0.0554008 0.051291 0.0471642 0.0431768 0.0393863 0.0357297 0.0320254 0.0280376 0.0236099 0.0188034 0.0139383
 0.00660141 0.0108382 0.0165269 0.0236857 0.0321198 0.041277 0.0502236 0.0578819 0.0634203 0.066509 0.0672866 0.0661493 0.0635616 0.059967 0.0557563 0.0512523 0.0467007 0.0422658 0.0380227 0.0339438 0.0299044 0.0257356 0.0213313 0.0167574 0.0122817
 0.00676692 0.0111177 0.0169672 0.0243378 0.0330288 0.0424655 0.0516741 0.0595278 0.0651528 0.0681975 0.0688037 0.0673915 0.0644612 0.0604919 0.0558994 0.0510168 0.0460886 0.0412757 0.0366585 0.0322338 0.0279224 0.0236131 0.019245 0.0148903 0.0107719
 0.00693883 0.0114359 0.0175166 0.0252183 0.0343286 0.0442198 0.0538288 0.0619321 0.0675895 0.0704357 0.0706467 0.0687048 0.0651805 0.060617 0.0554791 0.0501264 0.0448066 0.0396683 0.0347781 0.0301336 0.025679 0.0213423 0.0170965 0.0130158 0.0092814
 0.0070911 0.011683 0.0178905 0.0257558 0.0350733 0.0452192 0.0551212 0.0635245 0.0694325 0.0724091 0.0725687 0.0703679 0.0664007 0.0612752 0.055537 0.049617 0.0438082 0.0382763 0.0330873 0.0282347 0.023669 0.0193353 0.0152218 0.0113969 0.00800376
 0.00729311 0.0119951 0.01833 0.0263283 0.0357738 0.0460343 0.0560327 0.0645128 0.0704815 0.0735054 0.0736902 0.071465 0.067385 0.062028 0.0559401 0.0495877 0.0433214 0.0373648 0.0318263 0.0267239 0.0220218 0.0176739 0.0136695 0.0100611 0.0069541
 0.00755383 0.0123774 0.0188282 0.0269102 0.03639 0.0466346 0.0565797 0.0649893 0.0708918 0.0738737 0.0740543 0.071862 0.0678299 0.0624951 0.0563578 0.0498542 0.0433363 0.0370622 0.0311946 0.025808 0.0209108 0.0164826 0.0125179 0.00905206 0.00615383
 0.00760145 0.0124563 0.0189479 0.0270763 0.0365975 0.0468621 0.056789 0.0651365 0.0709495 0.0738521 0.0740062 0.0718653 0.067956 0.0627779 0.0567765 0.0503348 0.0437704 0.0373376 0.0312286 0.025571 0.0204332 0.0158438 0.0118213 0.00839709 0.0056118
 0.00769596 0.0126047 0.0191614 0.0273613 0.0369539 0.0472802 0.0572447 0.065589 0.0713442 0.0741332 0.0741348 0.0718379 0.0678113 0.0625852 0.0566083 0.0502348 0.043734 0.0373145 0.0311463 0.0253683 0.0200875 0.0153802 0.0113022 0.00789644 0.0051896
 0.00768973 0.0125891 0.0191283 0.0273015 0.0368616 0.0471591 0.0571126 0.065476 0.0712837 0.0741486 0.0742297 0.0719944 0.0679993 0.0627783 0.0567953 0.0504194 0.0439219 0.0374964 0.0312914 0.0254346 0.0200431 0.0152226 0.0110618 0.00762453 0.00493707
 0.00774508 0.0126777 0.0192581 0.0274766 0.0370788 0.0474038 0.0573577 0.0656866 0.0714285 0.0742123 0.0742183 0.07193 0.0679078 0.0626793 0.0566992 0.0503314 0.0438454 0.0374319 0.0312309 0.0253604 0.0199346 0.0150687 0.0108699 0.00741911 0.00474796
 0.00772618 0.0126716 0.0192938 0.0275948 0.037319 0.0477851 0.0578626 0.0662579 0.0719834 0.0746663 0.0745082 0.0720281 0.067824 0.0624526 0.0563823 0.049976 0.0434915 0.0371042 0.0309396 0.0251029 0.0197012 0.0148495 0.0106623 0.00722946 0.00458748
 0.00772998 0.0126602 0.0192466 0.027488 0.0371397 0.0475491 0.057623 0.0660939 0.0719686 0.0748324 0.0748282 0.0724274 0.0682127 0.0627585 0.0565704 0.0500484 0.0434743 0.0370313 0.0308395 0.024993 0.0195883 0.0147351 0.0105482 0.0071209 0.00449231
 0.00786755 0.0128697 0.0195338 0.0278443 0.0375396 0.0479498 0.0579699 0.0663345 0.0720727 0.0748087 0.0747215 0.072295 0.0680939 0.0626581 0.0564657 0.0499102 0.0432877 0.0368019 0.0305876 0.0247425 0.0193573 0.0145336 0.0103796 0.00698555 0.00438926
 0.00787458 0.0128945 0.0195954 0.0279667 0.0377435 0.04824 0.0583249 0.0667057 0.0723972 0.0750299 0.0748094 0.0722554 0.0679633 0.0624848 0.056288 0.0497438 0.0431277 0.036636 0.0304091 0.0245556 0.0191738 0.014366 0.0102371 0.00687224 0.00430512
 0.0078452 0.0128351 0.019486 0.0277867 0.0374821 0.0479109 0.0579739 0.0664026 0.0722112 0.0750006 0.0749311 0.0724847 0.0682422 0.0627654 0.0565439 0.0499669 0.0433169 0.0367886 0.0305201 0.0246221 0.019199 0.0143596 0.0102117 0.00683969 0.00427399
 0.00800638 0.0130543 0.0197364 0.0280146 0.0376204 0.0479014 0.057789 0.0660572 0.0717607 0.0745282 0.0745259 0.072216 0.0681397 0.0628148 0.0567004 0.0501769 0.043536 0.036988 0.0306842 0.0247441 0.0192786 0.0144018 0.0102256 0.00683628 0.00426288
 0.00799759 0.0130354 0.0196978 0.0279406 0.0374878 0.0476809 0.0574518 0.0655873 0.0711708 0.0738719 0.0738949 0.0717188 0.0678691 0.0628176 0.0569644 0.0506402 0.044111 0.0375882 0.0312424 0.0252188 0.0196521 0.0146743 0.0104095 0.00695 0.00432678
 0.00801645 0.0130682 0.0197505 0.0280182 0.0375905 0.0477988 0.0575604 0.0656475 0.0711373 0.0737072 0.0735875 0.0712963 0.0673987 0.0623898 0.056665 0.0505211 0.0441757 0.0377967 0.0315312 0.0255244 0.0199267 0.0148925 0.0105649 0.0070499 0.0043846
 0.00792429 0.0129373 0.0195886 0.0278452 0.0374336 0.047684 0.0575041 0.065652 0.0711889 0.0737778 0.0736399 0.071295 0.0673245 0.062252 0.0565027 0.0503912 0.0441295 0.0378592 0.0316926 0.0257477 0.0201654 0.0151072 0.0107333 0.00716691 0.00445714
 0.00795602 0.0129776 0.0196294 0.0278742 0.0374404 0.0476684 0.0574802 0.0656441 0.0712189 0.0738513 0.0737391 0.0713839 0.0673625 0.062211 0.0563795 0.0502108 0.0439373 0.0377041 0.0316083 0.0257416 0.0202203 0.0151932 0.0108217 0.0072392 0.00450705
 0.00794459 0.0129577 0.0195967 0.0278228 0.0373633 0.047559 0.0573361 0.0654718 0.0710377 0.0736923 0.0736368 0.0713621 0.0674216 0.0623263 0.056512 0.0503252 0.0440178 0.0377575 0.0316556 0.0258029 0.0203033 0.0152907 0.0109184 0.00732105 0.00456673
 0.00779711 0.0127471 0.0193334 0.0275346 0.0370867 0.0473252 0.0571609 0.0653538 0.070965 0.0736529 0.0736269 0.0713878 0.0674947 0.0624542 0.0566897 0.0505335 0.0442304 0.0379529 0.0318249 0.0259491 0.0204335 0.0154088 0.0110223 0.00740573 0.00462891
 0.00785511 0.0127956 0.0193241 0.0274006 0.0367681 0.0468046 0.0564885 0.0646398 0.0703404 0.0732189 0.0734242 0.0713994 0.0676716 0.0627433 0.057048 0.050929 0.0446361 0.0383444 0.0321817 0.0262584 0.0206913 0.0156165 0.0111838 0.00752516 0.00471134
 0.00856125 0.0137978 0.0205599 0.0287132 0.0379416 0.0476286 0.056817 0.064425 0.0696366 0.0721664 0.0722141 0.0702247 0.0666781 0.0620021 0.0565603 0.0506523 0.0445138 0.0383237 0.0322209 0.026327 0.0207688 0.0156909 0.0112486 0.00757731 0.00475004
 0.0093375 0.0150079 0.0222754 0.030942 0.0405993 0.0505112 0.0595938 0.0666838 0.0709926 0.072393 0.0713235 0.0684513 0.064382 0.0595497 0.0542359 0.0486235 0.0428418 0.0369986 0.0311986 0.0255553 0.0202003 0.0152857 0.0109726 0.00740022 0.00464441
 0.00922025 0.0149776 0.0225225 0.0317321 0.0421917 0.0530317 0.062927 0.0704515 0.0746401 0.0753418 0.0731235 0.0688823 0.063485 0.0575891 0.0516072 0.0457406 0.0400444 0.034506 0.0291132 0.0238944 0.0189326 0.0143587 0.010327 0.00697589 0.00438405
 0.00899076 0.014597 0.0219482 0.0309532 0.0412712 0.0521492 0.0623826 0.0705922 0.0757125 0.0773425 0.075744 0.0715962 0.0657359 0.0589794 0.0520012 0.0452551 0.038957 0.0331376 0.0277335 0.0226771 0.0179563 0.0136329 0.00982233 0.00664739 0.0041847
 0.00878788 0.014286 0.0215138 0.0303907 0.040585 0.0513563 0.0615283 0.0697763 0.0751058 0.077165 0.0761897 0.0727286 0.0674143 0.0608754 0.0537123 0.0464558 0.039506 0.0330914 0.0272796 0.0220374 0.0173113 0.0130892 0.00941837 0.00637644 0.00401883
 0.00888457 0.0143996 0.0216052 0.0303985 0.040444 0.0510256 0.0610128 0.0691297 0.0744169 0.0765416 0.0757503 0.072593 0.0676744 0.0615453 0.0546889 0.0475292 0.0404319 0.033687 0.0274872 0.0219222 0.0170064 0.0127297 0.00909775 0.00613635 0.0038618
 0.00886007 0.0143811 0.0216138 0.0304592 0.0405695 0.051196 0.0611667 0.0691796 0.0742871 0.0762101 0.0752687 0.0720743 0.0672579 0.0613531 0.0547856 0.0478955 0.0409631 0.0342293 0.0278982 0.0221254 0.0170092 0.0125988 0.00891594 0.00596677 0.00373492
 0.00885853 0.0143754 0.0216005 0.0304369 0.040543 0.0511799 0.0611826 0.0692433 0.0743915 0.0763157 0.0753152 0.0720126 0.0670833 0.0611179 0.0545793 0.0478028 0.0410225 0.0344142 0.0281321 0.0223214 0.0171108 0.0125986 0.00884526 0.00586999 0.00364668
 0.00875854 0.0142238 0.0213929 0.0301768 0.0402416 0.0508548 0.0608588 0.0689539 0.0741746 0.0762046 0.075325 0.0721295 0.067268 0.061324 0.0547775 0.0479941 0.0412291 0.0346549 0.0284003 0.0225836 0.0173246 0.0127369 0.00890753 0.00587746 0.00362713
 0.00876044 0.0142089 0.021338 0.0300514 0.0400181 0.0505239 0.060441 0.0684988 0.0737475 0.0758671 0.0751196 0.0720736 0.0673538 0.0615232 0.0550499 0.0482998 0.0415406 0.0349593 0.0286921 0.0228536 0.0175565 0.0129138 0.00902248 0.00593751 0.0036491
 0.00865928 0.014058 0.0211354 0.0298014 0.0397271 0.0501949 0.0600729 0.0680934 0.0733204 0.0754553 0.074778 0.0718597 0.0673087 0.061657 0.0553403 0.0487014 0.0419996 0.0354277 0.0291345 0.0232468 0.0178857 0.0131703 0.00920499 0.00605344 0.00371338
 0.00868171 0.0141 0.0212085 0.0299189 0.0398989 0.0504207 0.0603344 0.0683519 0.0735224 0.0755461 0.0747205 0.0716505 0.0669836 0.0612815 0.054987 0.0484269 0.0418302 0.0353599 0.0291452 0.0233062 0.0179661 0.0132501 0.00927041 0.00609875 0.00373957
 0.00867447 0.0141016 0.0212355 0.0299949 0.0400486 0.0506595 0.0606594 0.0687372 0.0739223 0.075903 0.0749754 0.0717555 0.0669147 0.0610478 0.0546319 0.0480165 0.0414333 0.0350283 0.0289038 0.0231537 0.0178844 0.0132154 0.00926111 0.00609953 0.00374206
 0.00860041 0.0139936 0.0210969 0.0298392 0.039899 0.0505461 0.0606144 0.0687885 0.074084 0.0761668 0.0753067 0.0720988 0.0672074 0.0612378 0.0546925 0.0479532 0.0412804 0.0348355 0.0287186 0.0230078 0.0177888 0.0131643 0.00924055 0.00609524 0.00374381
 0.0086189 0.0140185 0.021125 0.0298654 0.0399188 0.0505594 0.0606284 0.0688171 0.0741433 0.0762684 0.0754516 0.072274 0.0673863 0.0613855 0.054775 0.0479484 0.0411867 0.0346731 0.0285225 0.0228155 0.0176281 0.0130477 0.00916626 0.00605337 0.00372272
 0.00858527 0.0139508 0.021 0.0296554 0.039601 0.0501301 0.0601147 0.0682783 0.0736589 0.0759175 0.0752926 0.0723311 0.0676455 0.0617988 0.0552726 0.0484549 0.0416389 0.0350326 0.0287795 0.0229833 0.0177316 0.0131117 0.00920836 0.00608287 0.00374346
 0.00848952 0.0137968 0.0207709 0.029336 0.0391801 0.0496049 0.0594976 0.0676033 0.0729834 0.0753172 0.0748492 0.0721147 0.067696 0.0621137 0.0558057 0.0491279 0.0423605 0.0357196 0.0293729 0.0234551 0.0180814 0.0133565 0.00937188 0.00618766 0.00380763
 0.00869132 0.0141219 0.0212523 0.0299956 0.0400158 0.0505748 0.0605082 0.0685159 0.0736448 0.0756051 0.0747116 0.0715856 0.0668833 0.0611657 0.054869 0.0483114 0.041717 0.0352497 0.0290439 0.0232244 0.017914 0.0132314 0.00927915 0.0061225 0.00376559
 0.00888327 0.0144414 0.0217459 0.0307081 0.0409774 0.0517799 0.0618959 0.0699637 0.0749843 0.0766559 0.0753211 0.0716632 0.0664223 0.0602461 0.0536381 0.0469469 0.0403834 0.0340647 0.0280665 0.022463 0.017346 0.0128226 0.00899577 0.00593526 0.00364938
 0.00871901 0.0142065 0.0214537 0.030397 0.0407066 0.0516201 0.0619162 0.0702172 0.0754905 0.0773841 0.0761832 0.0725265 0.0671403 0.0606993 0.0537684 0.0467709 0.0399809 0.0335467 0.0275381 0.0219975 0.0169775 0.0125537 0.00881203 0.00581672 0.00357731
 0.00816622 0.013289 0.0200456 0.0283897 0.0380578 0.0484184 0.0584302 0.0668803 0.0728041 0.0757748 0.0758824 0.073521 0.0691988 0.0634503 0.056799 0.0497186 0.0425953 0.0357081 0.0292354 0.0232837 0.0179272 0.0132371 0.00928652 0.00612988 0.00377074
 0.00839582 0.0135924 0.0203684 0.0286261 0.0380637 0.0480441 0.0575625 0.0654862 0.070968 0.073713 0.0739157 0.0719975 0.068391 0.0634707 0.057573 0.0510249 0.0441489 0.0372478 0.0305825 0.0243574 0.0187243 0.0137972 0.00966227 0.00637036 0.00391629
 0.00846953 0.0137756 0.0207548 0.0293238 0.0391451 0.0494767 0.0591602 0.0669262 0.0718839 0.0738269 0.0731446 0.0704865 0.0664651 0.061529 0.0559659 0.049959 0.0436534 0.037208 0.0308152 0.0246889 0.019037 0.0140379 0.00982435 0.00646944 0.00397255
#obs surv len freq
 nan nan nan nan nan nan nan nan nan nan nan nan nan nan nan nan nan nan nan nan nan nan nan nan nan
 0.00448583 0.00734785 0.0111786 0.0159958 0.0216974 0.0279736 0.034288 0.0400191 0.044698 0.0481607 0.0505172 0.0520115 0.0529023 0.0534133 0.0537265 0.0539806 0.0542586 0.054551 0.0546895 0.0542813 0.0527194 0.0493518 0.043802 0.0362828 0.0276672
 0.00461312 0.0075579 0.0115002 0.0164565 0.0223166 0.0287525 0.0351986 0.0410021 0.0456709 0.0490347 0.0512142 0.0524758 0.0531055 0.0533547 0.0534284 0.0534804 0.0536001 0.0537772 0.0538398 0.053393 0.0518315 0.0485078 0.0430469 0.0356546 0.0271871
 0.00477635 0.00782318 0.0118995 0.01702 0.0230676 0.0296984 0.0363212 0.0422512 0.0469681 0.0502839 0.0523152 0.0533372 0.0536558 0.0535507 0.0532595 0.052967 0.0527866 0.0527228 0.0526107 0.0520593 0.0504684 0.0471952 0.0418641 0.0346671 0.0264309
 0.00497132 0.00814185 0.0123821 0.0177049 0.0239835 0.0308524 0.0376871 0.0437658 0.04854 0.05181 0.053695 0.0544792 0.0544803 0.0539928 0.0532752 0.0525403 0.0519333 0.0514899 0.0510727 0.050313 0.048629 0.0453899 0.0402186 0.0332839 0.0253679
 0.00517035 0.00847093 0.0128877 0.0184338 0.024974 0.0321197 0.039208 0.0454734 0.0503329 0.0535714 0.055311 0.0558495 0.0555211 0.0546357 0.0534667 0.0522442 0.0511367 0.0502117 0.0493706 0.0482881 0.0464229 0.043173 0.0381657 0.031541 0.0240199
 0.00540076 0.00884433 0.0134479 0.0192219 0.0260221 0.0334403 0.0407819 0.0472431 0.0522072 0.0554401 0.0570595 0.0573704 0.0567199 0.0554343 0.053803 0.0520716 0.0504263 0.0489601 0.0476136 0.0461144 0.0439808 0.0406601 0.0357979 0.0295058 0.0224328
 0.00563926 0.00923776 0.0140503 0.0200863 0.0271894 0.0349217 0.0425428 0.0491992 0.0542404 0.057423 0.0588773 0.058928 0.05794 0.0562515 0.0541606 0.0519206 0.0497289 0.0476978 0.0458035 0.0438291 0.0413635 0.0379203 0.0331786 0.0272285 0.0206415
 0.00587606 0.00962463 0.0146365 0.0209201 0.0283098 0.0363456 0.0442492 0.051122 0.0562743 0.0594415 0.060753 0.0605481 0.0592143 0.0571129 0.0545595 0.0518174 0.0490896 0.0464994 0.0440503 0.0415773 0.0387427 0.0351358 0.0304818 0.024858 0.0187603
 0.00613357 0.0100466 0.0152774 0.0218323 0.0295327 0.037889 0.0460775 0.0531496 0.0583793 0.0614904 0.0626218 0.0621332 0.0604342 0.0579061 0.0548815 0.051636 0.0483807 0.0452477 0.0422612 0.0392999 0.0360951 0.0323136 0.0277335 0.0224273 0.0168199
 0.0063831 0.0104553 0.0158983 0.0227167 0.0307205 0.0393932 0.0478673 0.0551443 0.0604588 0.063518 0.064467 0.0636868 0.0616133 0.0586536 0.0551603 0.0514225 0.0476586 0.0440088 0.0405142 0.037092 0.0335351 0.0295832 0.0250672 0.02006 0.0149217
 0.00661409 0.0108371 0.0164845 0.0235608 0.0318653 0.0408529 0.0496107 0.0570892 0.062484 0.065487 0.0662513 0.0651785 0.0627308 0.059341 0.0553842 0.0511659 0.0469152 0.04278 0.0388166 0.0349738 0.0310986 0.0269954 0.0225437 0.0178182 0.0131212
 0.00684473 0.0112124 0.0170503 0.0243604 0.0329319 0.0421975 0.0512079 0.0588709 0.0643468 0.0673096 0.0679128 0.0665734 0.0637757 0.0599779 0.0555792 0.0509039 0.0461943 0.0416089 0.0372182 0.0329991 0.0288445 0.0246139 0.0202288 0.0157647 0.011472
 0.00705646 0.0115623 0.017587 0.0251317 0.0339739 0.0435179 0.0527711 0.0605942 0.066115 0.0689994 0.0694145 0.0678001 0.0646643 0.0604856 0.0556805 0.0505882 0.0454628 0.0404733 0.0357052 0.0311608 0.026772 0.0224446 0.0181341 0.0139147 0.00999029
 0.0072548 0.0118875 0.0180814 0.0258366 0.0349214 0.044718 0.0541973 0.0621782 0.0677538 0.0705747 0.0708125 0.068927 0.0654541 0.0609011 0.0557082 0.0502306 0.044732 0.0393885 0.0342967 0.0294798 0.0249022 0.0205079 0.0162788 0.0122858 0.00869114
 0.00744827 0.0122018 0.0185539 0.0265015 0.0358027 0.0458188 0.055489 0.0635963 0.0692072 0.0719616 0.0720372 0.0699095 0.0661346 0.0612418 0.0556932 0.0498625 0.044027 0.0383725 0.0330055 0.0279653 0.0232417 0.0188078 0.0146653 0.0108794 0.00757553
 0.00751502 0.012319 0.0187469 0.0268002 0.0362368 0.0464086 0.0562361 0.0644793 0.0701834 0.0729742 0.073022 0.0708005 0.0668686 0.0617626 0.0559564 0.0498397 0.0437071 0.0377621 0.0321294 0.0268686 0.021994 0.0175027 0.013411 0.00977806 0.00669814
 0.00759069 0.0124316 0.0188977 0.0269865 0.036456 0.0466645 0.0565417 0.0648529 0.0706405 0.0735169 0.073633 0.0714428 0.0674908 0.062306 0.0563632 0.0500591 0.0437012 0.0375111 0.0316353 0.0261594 0.0211247 0.0165528 0.0124739 0.00894206 0.00602555
 0.00766285 0.0125449 0.0190601 0.0272011 0.0367186 0.0469622 0.056853 0.0651536 0.0709133 0.073761 0.0738644 0.0716842 0.0677556 0.062587 0.0566292 0.0502627 0.0437908 0.0374428 0.0313842 0.025727 0.0205427 0.0158806 0.0117874 0.00831604 0.00551485
 0.0077207 0.0126327 0.0191806 0.027353 0.0368972 0.0471604 0.0570618 0.0653618 0.0711079 0.0739304 0.0740033 0.0717974 0.067857 0.0626924 0.0567459 0.0503802 0.0438793 0.0374615 0.0312944 0.025507 0.020198 0.0154457 0.0113174 0.00787129 0.00514294
 0.0077708 0.0127099 0.0192889 0.0274924 0.0370637 0.0473453 0.0572523 0.0655422 0.0712634 0.074051 0.074086 0.0718461 0.0678806 0.0627027 0.0567542 0.0503923 0.0438903 0.0374531 0.0312396 0.0253804 0.0199891 0.0151666 0.0110013 0.00756106 0.00487642
 0.00782959 0.0127999 0.0194138 0.0276514 0.0372516 0.0475526 0.0574653 0.0657437 0.0714353 0.0741781 0.0741598 0.0718663 0.0678545 0.0626429 0.0566752 0.0503071 0.0438064 0.0373689 0.0311442 0.025258 0.0198276 0.0149661 0.0107775 0.00733999 0.004684
 0.00785551 0.012841 0.0194736 0.0277321 0.0373532 0.0476722 0.057596 0.0658755 0.0715566 0.0742789 0.0742332 0.0719095 0.0678678 0.0626291 0.0566396 0.0502565 0.0437471 0.0373042 0.031072 0.0251719 0.0197203 0.0148359 0.0106315 0.00719327 0.00455368
 0.00787876 0.0128735 0.0195129 0.0277731 0.0373901 0.0477012 0.0576178 0.0658944 0.0715786 0.0743081 0.0742703 0.0719514 0.0679093 0.0626646 0.0566646 0.0502686 0.0437457 0.0372899 0.0310447 0.0251298 0.0196611 0.0147593 0.0105422 0.00710073 0.00446922
 0.00790704 0.0129164 0.0195712 0.0278449 0.0374701 0.0477814 0.0576878 0.0659443 0.0716019 0.074305 0.0742481 0.0719211 0.0678811 0.0626438 0.056651 0.0502584 0.0437342 0.037273 0.0310198 0.0250949 0.0196153 0.0147031 0.0104789 0.00703638 0.0044109
 0.00789441 0.0128973 0.0195453 0.0278128 0.0374335 0.0477427 0.0576498 0.0659098 0.0715733 0.0742843 0.074237 0.0719216 0.0678957 0.0626744 0.0566974 0.0503168 0.0437978 0.0373336 0.0310698 0.0251289 0.0196306 0.0147002 0.0104613 0.00700981 0.00438203
 0.00790838 0.0129108 0.0195488 0.0277927 0.0373765 0.0476424 0.0575125 0.0657538 0.0714237 0.0741642 0.074161 0.0718948 0.0679148 0.0627318 0.0567836 0.0504223 0.0439128 0.0374484 0.0311748 0.0252163 0.0196954 0.014741 0.0104805 0.00701297 0.00437575
 0.00790372 0.0129042 0.0195402 0.0277812 0.0373587 0.0476116 0.0574586 0.0656679 0.0713037 0.07402 0.0740145 0.0717728 0.0678398 0.062715 0.0568233 0.0505072 0.0440272 0.0375761 0.0313013 0.02533 0.0197882 0.014809 0.0105243 0.00703651 0.00438514
 0.00787579 0.0128568 0.0194655 0.0276717 0.0372104 0.0474274 0.0572509 0.0654567 0.0711109 0.0738627 0.0739022 0.0717097 0.0678286 0.0627583 0.0569216 0.0506553 0.044213 0.0377819 0.0315081 0.0255206 0.0199499 0.0149352 0.0106142 0.00709446 0.00441839
 0.00786406 0.0128354 0.0194289 0.0276129 0.0371224 0.0473051 0.0570945 0.0652734 0.0709152 0.0736744 0.0737421 0.0715951 0.06777 0.0627589 0.0569791 0.0507636 0.0443628 0.0379606 0.0316998 0.0257081 0.0201178 0.0150729 0.0107173 0.00716449 0.00446132
 0.00787053 0.0128417 0.0194305 0.0276027 0.0370918 0.0472471 0.0570052 0.0651539 0.0707714 0.0735166 0.0735841 0.0714531 0.0676602 0.0626945 0.0569675 0.0508057 0.0444532 0.0380888 0.0318519 0.0258681 0.02027 0.0152045 0.0108205 0.00723791 0.0045084
 0.00783039 0.0127827 0.0193532 0.027511 0.0369916 0.047143 0.0568993 0.0650462 0.0706619 0.0734077 0.0734818 0.0713659 0.0675979 0.0626662 0.05698 0.050862 0.0445516 0.0382226 0.0320098 0.0260355 0.0204317 0.0153471 0.0109353 0.0073218 0.00456389
 0.00778997 0.0127134 0.0192429 0.0273482 0.03677 0.0468683 0.056593 0.0647435 0.0704015 0.0732193 0.0733784 0.0713441 0.067645 0.0627676 0.0571234 0.0510385 0.0447541 0.0384436 0.0322395 0.0262619 0.0206416 0.0155286 0.0110804 0.0074282 0.00463496
 0.0077807 0.012692 0.0191987 0.0272671 0.036637 0.046673 0.0563357 0.0644385 0.0700774 0.072914 0.0731308 0.0711852 0.0675898 0.0628133 0.0572536 0.0512305 0.0449857 0.038696 0.0324973 0.0265116 0.0208704 0.0157255 0.0112381 0.00754463 0.0047135
 0.00773739 0.0126265 0.019109 0.0271534 0.0365003 0.0465132 0.056151 0.0642276 0.0698435 0.0726685 0.0728954 0.0709885 0.0674613 0.0627744 0.057312 0.051378 0.0452022 0.0389558 0.0327747 0.0267844 0.0211209 0.0159406 0.0114101 0.00767171 0.00479958
 0.00931838 0.014836 0.0217683 0.0298747 0.0388008 0.0479955 0.0566454 0.0638158 0.0687708 0.0712186 0.0713006 0.0694028 0.0659749 0.0614393 0.0561587 0.0504219 0.0444438 0.0383817 0.0323613 0.0265027 0.0209409 0.0158348 0.0113544 0.00764681 0.0047912
 0.00930531 0.0151067 0.0226901 0.0319021 0.0422765 0.0528824 0.0623576 0.0693152 0.0729372 0.0732926 0.0711343 0.0673975 0.0628051 0.0577653 0.0524656 0.0469966 0.041425 0.0358195 0.0302577 0.0248334 0.0196656 0.0149026 0.0107075 0.00722448 0.00453415
 0.00897746 0.0145915 0.0219694 0.0310271 0.0414205 0.0523758 0.0626468 0.070802 0.0757348 0.0770457 0.0750655 0.070602 0.064628 0.058028 0.0514327 0.0451612 0.0392787 0.0337207 0.0284085 0.0233161 0.0184898 0.0140389 0.0101081 0.00683379 0.00429692
 0.00881083 0.0143111 0.0215305 0.0303856 0.04055 0.0512995 0.0614785 0.0697726 0.0751736 0.0772887 0.0763024 0.0727335 0.067235 0.0605077 0.0532425 0.0460266 0.0392473 0.0330613 0.0274505 0.022327 0.0176293 0.0133709 0.00963374 0.00652289 0.00410864
 0.00874413 0.0141981 0.0213509 0.0301151 0.0401625 0.0507733 0.0608074 0.0689829 0.0743432 0.0765616 0.0758793 0.0728202 0.0679503 0.0617932 0.0548406 0.0475646 0.0403903 0.0336426 0.0275043 0.0220233 0.0171702 0.0129135 0.00926265 0.00626153 0.00394446
 0.00870433 0.0141315 0.0212471 0.0299621 0.0399485 0.0504885 0.0604466 0.0685481 0.0738467 0.0760325 0.0753743 0.0724323 0.0677994 0.0619875 0.0554179 0.0484456 0.0413866 0.0345272 0.0281074 0.022293 0.0171668 0.0127533 0.00905676 0.00608055 0.0038155
 0.0087016 0.0141241 0.0212301 0.0299284 0.0398895 0.0503953 0.0603119 0.068367 0.0736171 0.0757565 0.0750624 0.0721096 0.0675124 0.0618044 0.0554117 0.0486617 0.0418084 0.0350667 0.0286348 0.0226928 0.0173847 0.0128059 0.00900439 0.00598895 0.00372965
 0.00870232 0.0141256 0.0212326 0.0299318 0.0398922 0.0503933 0.0602984 0.0683324 0.0735516 0.0756523 0.0749163 0.0719257 0.0673053 0.0616023 0.0552566 0.0486007 0.0418751 0.0352598 0.02891 0.0229776 0.0176107 0.0129374 0.00904646 0.00597288 0.00369076
 0.00869591 0.014117 0.0212231 0.0299238 0.0398882 0.0503953 0.0603061 0.0683426 0.0735581 0.0756466 0.0748888 0.0718686 0.0672159 0.0614866 0.0551317 0.0484941 0.0418181 0.0352752 0.0289991 0.0231157 0.0177572 0.0130545 0.00911525 0.00599662 0.00368601
 0.0086664 0.0140718 0.0211604 0.0298443 0.0397957 0.0502966 0.0602109 0.0682626 0.0735037 0.0756233 0.0748951 0.0718957 0.0672507 0.0615165 0.0551497 0.0485024 0.0418286 0.0353042 0.0290587 0.0232058 0.0178633 0.0131548 0.00919159 0.00604216 0.0037053
 0.00865814 0.0140569 0.0211354 0.0298053 0.0397398 0.0502237 0.0601254 0.0681733 0.0734222 0.0755609 0.0748595 0.0718894 0.06727 0.0615529 0.0551929 0.0485443 0.0418663 0.0353415 0.0291029 0.0232619 0.0179297 0.013223 0.00925057 0.00608438 0.00372967
 0.00864228 0.0140329 0.0211025 0.0297637 0.0396903 0.0501668 0.0600617 0.0681043 0.0733512 0.0754938 0.0748044 0.0718545 0.0672609 0.0615707 0.0552333 0.0485994 0.0419279 0.0354037 0.0291639 0.0233225 0.01799 0.0132805 0.00930074 0.00612291 0.00375507
 0.00864488 0.0140341 0.0210988 0.0297503 0.0396625 0.0501227 0.0600034 0.0680377 0.0732838 0.0754323 0.0747531 0.071816 0.0672376 0.0615648 0.0552463 0.0486303 0.0419729 0.0354575 0.0292212 0.0233795 0.0180442 0.0133298 0.00934285 0.00615574 0.00377787
 0.00863707 0.0140242 0.021089 0.0297436 0.0396614 0.0501267 0.0600084 0.0680367 0.0732703 0.0754039 0.0747126 0.0717701 0.0671942 0.0615305 0.0552254 0.0486249 0.041983 0.0354809 0.0292543 0.023418 0.018084 0.0133674 0.00937547 0.00618163 0.00379639
 0.00862404 0.0140031 0.0210577 0.0297008 0.0396078 0.0500661 0.0599477 0.0679847 0.0732344 0.0753865 0.0747109 0.0717781 0.0672066 0.0615448 0.0552424 0.0486468 0.0420117 0.0355169 0.0292962 0.0234629 0.0181284 0.0134081 0.0094099 0.00620833 0.00381526
 0.00862404 0.0140031 0.0210577 0.0297008 0.0396078 0.0500661 0.0599477 0.0679847 0.0732344 0.0753865 0.0747109 0.0717781 0.0672066 0.0615448 0.0552424 0.0486468 0.0420117 0.0355169 0.0292962 0.0234629 0.0181284 0.0134081 0.0094099 0.00620833 0.00381526
 0.00854845 0.0138841 0.0208864 0.0294727 0.0393252 0.049741 0.0596041 0.0676576 0.0729636 0.0752069 0.0746434 0.0718249 0.0673527 0.0617638 0.055504 0.0489239 0.0422835 0.0357698 0.0295222 0.0236575 0.0182896 0.0135355 0.0095052 0.00627516 0.00385874
 0.00882536 0.0143105 0.0214819 0.030235 0.0402254 0.0507206 0.0605741 0.0685065 0.0735802 0.0755097 0.0746033 0.07147 0.0667536 0.0610115 0.0546878 0.0481169 0.0415374 0.0351153 0.0289737 0.0232177 0.017953 0.0132909 0.00933752 0.00616755 0.0037946
 0.00891802 0.0144901 0.0218037 0.0307634 0.041012 0.051772 0.0618262 0.0698243 0.0747876 0.0764384 0.0751344 0.0715544 0.0664122 0.0603203 0.0537562 0.0470637 0.0404701 0.034117 0.0280983 0.0224924 0.0173837 0.0128682 0.00904193 0.00597421 0.00367716
 0.00868964 0.0141381 0.0213139 0.0301459 0.0403108 0.0510724 0.061252 0.0695134 0.0748471 0.0768959 0.0759166 0.0725091 0.0673607 0.0611132 0.0543079 0.0473585 0.0405458 0.0340399 0.0279383 0.0223073 0.0172116 0.0127287 0.00894026 0.00590675 0.00363629
 0.00816637 0.0132778 0.0200069 0.0282995 0.0378883 0.0481456 0.0580444 0.0663948 0.07226 0.075238 0.0754319 0.0732292 0.0691117 0.0635757 0.0571065 0.050151 0.0430843 0.0361901 0.0296635 0.0236337 0.0181952 0.0134322 0.00942299 0.00622143 0.00382896
 0.00833561 0.0134929 0.0202158 0.0284066 0.0377673 0.0476691 0.0571203 0.0650038 0.0704846 0.0732745 0.0735677 0.0717803 0.0683336 0.0635849 0.0578494 0.0514318 0.0446376 0.0377622 0.0310707 0.0247812 0.0190642 0.0140509 0.00983974 0.00648701 0.00398826
 0.00864372 0.0140128 0.0210267 0.0295753 0.0393094 0.0494997 0.0590211 0.066643 0.0715036 0.0734084 0.0727428 0.0701439 0.0662086 0.0613717 0.0559101 0.0499987 0.0437743 0.0373874 0.0310243 0.0248981 0.0192223 0.0141856 0.00993143 0.00654065 0.00401624
#pred catch len freq
 0.0031522 0.00513338 0.00777601 0.0111336 0.0152497 0.0201061 0.0255638 0.0313577 0.0371537 0.0426176 0.0474638 0.0514891 0.0545986 0.056808 0.0582185 0.0589843 0.0592889 0.0593105 0.0591399 0.0586454 0.0573631 0.05456 0.0495571 0.0421966 0.0331324
 0.00334512 0.0053937 0.00807109 0.0114049 0.0154348 0.0201704 0.0255199 0.0312568 0.0370521 0.0425414 0.0473979 0.0513991 0.0544695 0.0566724 0.0581549 0.059084 0.0596047 0.0598131 0.0597043 0.0590837 0.0574966 0.0542984 0.0489424 0.0413814 0.0323074
 0.00344643 0.00558305 0.00839694 0.0119152 0.0161509 0.0210551 0.0264626 0.0320974 0.0376417 0.0428055 0.0473574 0.0511391 0.054085 0.0562351 0.0577168 0.0586963 0.0593212 0.0596634 0.0596583 0.0590401 0.0573189 0.0538835 0.0482803 0.040565 0.0314848
 0.00356018 0.00576502 0.00866918 0.0123063 0.0167012 0.0218159 0.0274789 0.0333727 0.0390989 0.0442739 0.0486102 0.0519719 0.0543925 0.0560391 0.0571345 0.0578821 0.0584165 0.0587681 0.0588149 0.0582301 0.0564802 0.0529554 0.0472542 0.0395055 0.0305029
 0.00370928 0.00600425 0.00902366 0.0127984 0.0173487 0.02263 0.0284625 0.0345208 0.0403971 0.0456877 0.0500627 0.0533272 0.0554685 0.0566595 0.0571956 0.0573922 0.0574843 0.0575498 0.0574541 0.0568186 0.0550557 0.0515303 0.0458553 0.0381958 0.0293681
 0.00389212 0.00630093 0.00946987 0.0134288 0.0181931 0.0237047 0.0297604 0.0360042 0.0420004 0.0473277 0.0516512 0.0547741 0.0566763 0.0575162 0.0575836 0.0572196 0.0567241 0.0562599 0.0557606 0.0548745 0.0530034 0.0494893 0.0439313 0.0364892 0.0279642
 0.00410265 0.00663745 0.00996691 0.0141183 0.0191026 0.0248537 0.0311507 0.0376102 0.0437635 0.0491582 0.0534375 0.0563981 0.058027 0.0584965 0.0581081 0.0572124 0.0561292 0.0550644 0.0540171 0.0527054 0.0505823 0.047012 0.0415879 0.0344401 0.0263179
 0.00434315 0.00702616 0.0105484 0.0149346 0.0201879 0.0262248 0.0327955 0.0394798 0.0457746 0.0512035 0.0553979 0.0581538 0.0594663 0.0595227 0.0586421 0.0571912 0.0555051 0.0538137 0.0521603 0.0503297 0.0478518 0.0441526 0.0388485 0.0320413 0.0244047
 0.00457896 0.00740913 0.0111255 0.0157529 0.0212907 0.0276416 0.0345278 0.0414882 0.047974 0.0534695 0.0575827 0.0601061 0.0610521 0.0606372 0.0592114 0.0571652 0.0548493 0.0525104 0.0502237 0.0478315 0.0449433 0.041065 0.0358577 0.0294056 0.0223005
 0.00481878 0.00779311 0.011694 0.0165438 0.0223378 0.02897 0.0361439 0.0433687 0.0500586 0.0556608 0.0597522 0.0621076 0.0627386 0.0618798 0.0599112 0.0572551 0.0542899 0.0512859 0.0483495 0.0453749 0.0420477 0.0379567 0.0328178 0.0267071 0.0201367
 0.00506024 0.0081827 0.0122756 0.0173587 0.0234198 0.0303371 0.0377869 0.0452439 0.0520895 0.0577474 0.0617817 0.0639626 0.0643039 0.0630484 0.0605895 0.0573681 0.0537837 0.050132 0.0465546 0.0429993 0.0392271 0.0349096 0.0298204 0.024033 0.0179842
 0.0053168 0.0085876 0.0128638 0.0181587 0.024454 0.0316196 0.0393162 0.0469918 0.0539944 0.0597146 0.0636937 0.0656954 0.0657437 0.0641019 0.0611852 0.0574499 0.0533068 0.0490653 0.0448942 0.040791 0.0365903 0.0320454 0.026989 0.0214959 0.0159346
 0.00551864 0.00891654 0.0133606 0.0188624 0.0253958 0.0328122 0.040743 0.0486031 0.0557139 0.0614525 0.065358 0.0671963 0.0669962 0.0650282 0.0617182 0.0575353 0.0529019 0.0481405 0.0434417 0.0388449 0.0342499 0.0294864 0.0244443 0.0192042 0.0140754
 0.00580104 0.00936677 0.0140223 0.019772 0.0265776 0.0342704 0.0424487 0.0504858 0.0576633 0.0633343 0.0670369 0.0685591 0.0679664 0.0655687 0.0618208 0.0572042 0.0521407 0.0469489 0.0418256 0.0368375 0.0319365 0.0270181 0.022024 0.0170418 0.0123287
 0.00601419 0.00973499 0.0146168 0.0206726 0.0278558 0.0359607 0.0445204 0.0528302 0.0601071 0.0656717 0.0690661 0.0701146 0.0689408 0.0659224 0.0615756 0.0564221 0.0508971 0.0453124 0.0398534 0.0345903 0.0295023 0.02453 0.0196537 0.0149639 0.0106709
 0.006179 0.00999826 0.0150078 0.0212248 0.0286116 0.0369724 0.0458394 0.054482 0.0620586 0.0678088 0.071198 0.0720106 0.0703864 0.0667684 0.0617614 0.0559689 0.0498817 0.0438359 0.0380203 0.0325032 0.0272724 0.0222888 0.0175506 0.0131417 0.00922943
 0.00632444 0.0102223 0.0153228 0.0216366 0.0291228 0.0375878 0.0465696 0.0553441 0.063072 0.0689826 0.0725111 0.0733911 0.071706 0.0678617 0.0624669 0.0561729 0.049543 0.0429854 0.0367415 0.0309104 0.0254971 0.020473 0.015838 0.0116584 0.00805844
 0.00647228 0.0104346 0.0155908 0.021936 0.0294231 0.0378666 0.0468249 0.0555969 0.0633613 0.0693548 0.073008 0.0740347 0.0724816 0.0687052 0.0632656 0.0567865 0.0498408 0.0428833 0.0362232 0.030028 0.0243555 0.019208 0.0145913 0.0105526 0.00717431
