SBPRF35
9.18344
Curr Bio
605128
B35
691644
F35
0.197615
FOFL
0.158694
OFL
71479.5
Bzero
2.62384e+006
#pred survey bio
 3.53951e+006 3.2356e+006 2.90693e+006 2.61362e+006 2.32558e+006 2.057e+006 1.83532e+006 1.60771e+006 1.43464e+006 1.26583e+006 1.12474e+006 989691 895118 824609 757596 731902 696136 663010 647883 633413 623115 610743 609735 611254 595660 589945 579604 572839 565948 567051 554828 540629 528415 521195 524937 533315 546258 552182 560257 564760 576062 573732 573078 574841 575658 562190 561792 519143 566559 587027 653731 654908 644957 609830 1.98267e+007 1.18079e+007 1.20713e+007 1.29231e+007 1.41154e+007 1.53834e+007 1.65578e+007 1.75586e+007 1.8366e+007 1.89939e+007 1.947e+007 1.98251e+007 2.00871e+007 2.02795e+007 2.04203e+007 2.05235e+007 2.05993e+007 2.06553e+007 2.06968e+007 2.07277e+007 2.0751e+007 2.07685e+007 2.07818e+007 2.0792e+007 2.07997e+007 2.08057e+007 2.08103e+007 2.08139e+007 2.08167e+007 2.08189e+007 2.08205e+007 2.08219e+007 2.08229e+007 2.08237e+007 2.08243e+007 2.08248e+007 2.08252e+007 2.08256e+007 2.08258e+007 2.0826e+007 2.08261e+007 2.08263e+007 2.08264e+007 2.08264e+007 2.08265e+007 2.08265e+007 2.08266e+007 2.08266e+007 2.08266e+007 2.08266e+007 2.08267e+007 2.08267e+007 2.08267e+007 2.08267e+007 2.08267e+007 2.08267e+007 2.08267e+007 2.08267e+007 2.08267e+007 2.08267e+007 2.08267e+007 2.08267e+007 2.08267e+007 2.08267e+007 2.08267e+007 2.08267e+007 2.08267e+007 2.08267e+007 2.08267e+007 2.08267e+007 2.08267e+007 2.08267e+007 2.08267e+007 2.08267e+007 2.08267e+007 2.08267e+007 2.08267e+007 2.08267e+007 2.08267e+007 2.08267e+007 2.08267e+007 2.08267e+007 2.08267e+007 2.08267e+007 2.08267e+007 2.08267e+007 2.08267e+007 2.08267e+007 2.08267e+007 2.08267e+007 2.08267e+007 2.08267e+007 2.08267e+007 2.08267e+007 2.08267e+007 2.08267e+007 2.08267e+007 2.08267e+007 2.08267e+007 2.08267e+007 0 0 0 0 0 0 0 0 0 0 0 0 0 0 0 0 0 0 0 0 0 0 0 0 0
#obs survey bio
 2.48387e+006 2.77443e+006 2.3367e+006 1.91137e+006 2.44798e+006 2.24098e+006 1.9908e+006 1.66258e+006 898514 1.2077e+006 913363 767961 650524 580917 736649 703349 556079 1.03296e+006 842150 796497 540971 461459 519725 446196 551389 896415 536973 581050 586516 669654 434364 411481 483930 490312 485580 494844 670566 566358 463130 647698 545028 656234 516590 799358 601136 738779 400016 674424 375974 631778 624608 904180 672658 743852
#pred catch bio
 261527 301293 289220 305368 307357 282509 302068 264535 267867 246301 240470 203551 180929 174893 136894 142768 136259 117119 113888 108632 109380 99353.9 96957.9 109754 98785.3 100195 94933.7 93317.3 85103.3 94485.3 93712.6 91628.3 90432 85741.4 85478.9 83847 90760.1 89406.6 92621.2 86929.3 97982 95684.2 92890 92254.5 101828 88905.6 123012 48083.9 74396.5 38147.5 94689.3 102133 120592 122205 71479.5 86468.4 87043.3 91894.9 99940.1 108786 116944 123775 129147 133191 136138 138234 139697 140704 141388 141849 142158 142363 142499 142588 142647 142686 142711 142727 142738 142745 142750 142753 142755 142756 142757 142757 142758 142758 142758 142758 142758 142758 142758 142758 142758 142758 142758 142758 142758 142758 142758 142758 142758 142758 142758 142758 142758 142758 142758 142758 142758 142758 142758 142758 142758 142758 142758 142758 142758 142758 142758 142758 142758 142758 142758 142758 142758 142758 142758 142758 142758 142758 142758 142758 142758 142758 142758 142758 142758 142758 142758 142758 142758 142758 142758 142758 142758 142758 142758 142758 142758 142758 142758 142758 0 0 0 0 0 0 0 0 0 0 0 0 0 0 0 0 0 0 0 0 0 0 0 0 0
#obs catch bio
 241982 302554 290902 308989 311389 285277 307050 268515 274173 251196 244288 205693 183267 177732 137940 144718 138160 117628 114086 108745 110025 100029 97858.2 110877 99434.8 100336 95282.8 93749.5 85415.7 94733.7 94306.3 92500.2 90999.6 86086.2 85776.6 84066.9 90890.6 89490.7 93096.7 86830.2 98073.9 95433.5 93180.5 92278.5 101268 87708.9 123086 47410.3 75080.8 37735.3 95703.7 102352 120888 122286
#pred cpue bio
 3.47897e+006 3.17798e+006 2.85263e+006 2.56087e+006 2.27427e+006 2.00746e+006 1.78719e+006 1.56148e+006 1.38986e+006 1.22315e+006 1.08439e+006 951928 859132 790138 724896 700079 665663 633972 619796 605982 595948 583790 582761 584461 569674 564581 554949 548600 542065 543415 531888 518292 505775 497269 499806 507745 520535 526496 534398 538870 550053 547984 547427 549340 550640 537999 537695 495825 541578 561708 627110 628714 619043 584917 1.90189e+007 1.13317e+007 1.14639e+007 1.21644e+007 1.3301e+007 1.45553e+007 1.57269e+007 1.67272e+007 1.75345e+007 1.81624e+007 1.86385e+007 1.89936e+007 1.92556e+007 1.94479e+007 1.95888e+007 1.9692e+007 1.97678e+007 1.98238e+007 1.98653e+007 1.98962e+007 1.99195e+007 1.9937e+007 1.99503e+007 1.99604e+007 1.99682e+007 1.99742e+007 1.99788e+007 1.99824e+007 1.99852e+007 1.99873e+007 1.9989e+007 1.99904e+007 1.99914e+007 1.99922e+007 1.99928e+007 1.99933e+007 1.99937e+007 1.9994e+007 1.99943e+007 1.99945e+007 1.99946e+007 1.99948e+007 1.99949e+007 1.99949e+007 1.9995e+007 1.9995e+007 1.99951e+007 1.99951e+007 1.99951e+007 1.99951e+007 1.99952e+007 1.99952e+007 1.99952e+007 1.99952e+007 1.99952e+007 1.99952e+007 1.99952e+007 1.99952e+007 1.99952e+007 1.99952e+007 1.99952e+007 1.99952e+007 1.99952e+007 1.99952e+007 1.99952e+007 1.99952e+007 1.99952e+007 1.99952e+007 1.99952e+007 1.99952e+007 1.99952e+007 1.99952e+007 1.99952e+007 1.99952e+007 1.99952e+007 1.99952e+007 1.99952e+007 1.99952e+007 1.99952e+007 1.99952e+007 1.99952e+007 1.99952e+007 1.99952e+007 1.99952e+007 1.99952e+007 1.99952e+007 1.99952e+007 1.99952e+007 1.99952e+007 1.99952e+007 1.99952e+007 1.99952e+007 1.99952e+007 1.99952e+007 1.99952e+007 1.99952e+007 1.99952e+007 1.99952e+007 1.99952e+007 1.99952e+007 0 0 0 0 0 0 0 0 0 0 0 0 0 0 0 0 0 0 0 0 0 0 0 0 0
#obs cpue bio
 3.04713e+006 3.14804e+006 1.99489e+006 1.97591e+006 1.91321e+006 1.84162e+006 1.17545e+006 1.0769e+006 1.23759e+006 1.16763e+006 1.60163e+006 1.21431e+006 811332 883806 734584 526874 681648 569413 584608 468069 493073 567347 462650 892340 561737 584215 445784 501827 431934 595666 451383 470054 657721 541056 549272 513980 514447 479869 488942 635514 599315 595932 378383 469596 1.02937e+006 624456 606447 466165 406307 466544 530586 507638 679138 540288
#pred surv len freq
 0.00625701 0.00999054 0.0147184 0.0203094 0.0265612 0.0331416 0.0395445 0.0451844 0.0496094 0.0526607 0.054459 0.0552721 0.0553865 0.0550402 0.0543976 0.0535459 0.0525056 0.0512456 0.0496783 0.0476281 0.0448111 0.0408932 0.0356648 0.0292573 0.0222375
 0.0065538 0.0103888 0.0151684 0.0207298 0.026883 0.0333664 0.0397742 0.0455883 0.0503342 0.0537348 0.0557533 0.0565438 0.0563778 0.0555754 0.0544336 0.053162 0.0518497 0.0504627 0.0488536 0.0467698 0.043879 0.0398561 0.034549 0.0281527 0.0212597
 0.00705213 0.0111587 0.0162469 0.0221107 0.0285052 0.0351088 0.0414665 0.0470527 0.0514519 0.0544989 0.0562599 0.0569142 0.0566647 0.055722 0.0543137 0.0526648 0.0509462 0.0492147 0.047372 0.0451604 0.0422158 0.0381933 0.0329503 0.0267043 0.020051
 0.00735041 0.0116561 0.0170177 0.0232294 0.0300269 0.0370376 0.0437231 0.0494623 0.0537692 0.0564688 0.057691 0.0577318 0.0569133 0.0555134 0.0537505 0.0517913 0.0497553 0.0476956 0.0455539 0.0431231 0.0400721 0.0360678 0.0309663 0.0249744 0.0186588
 0.00767038 0.0121578 0.0177409 0.0242055 0.031282 0.0385925 0.0455835 0.0515976 0.0560904 0.0588163 0.0598471 0.0594623 0.0580289 0.0559215 0.0534677 0.0509089 0.0483837 0.0459268 0.0434615 0.0407888 0.0376087 0.0336214 0.0286964 0.0230224 0.0171169
 0.0080682 0.0127746 0.0186136 0.0253494 0.0326907 0.0402399 0.0474234 0.053566 0.0581118 0.0608105 0.0617255 0.0611156 0.0593208 0.0567056 0.0536251 0.050386 0.0472052 0.0441791 0.0412647 0.0382793 0.0349404 0.0309681 0.0262403 0.0209227 0.0154733
 0.00836232 0.0132474 0.0193148 0.0263204 0.0339557 0.0417925 0.0492145 0.0555023 0.0600733 0.0626785 0.0634047 0.0625383 0.060433 0.0574468 0.0539195 0.0501532 0.0463884 0.0427727 0.0393291 0.0359373 0.0323641 0.02836 0.023807 0.0188388 0.0138455
 0.00873826 0.0138375 0.020164 0.027458 0.0353923 0.043515 0.0511761 0.0576157 0.0622141 0.0647021 0.0651713 0.063935 0.0613876 0.0579266 0.0539156 0.0496606 0.0453966 0.0412765 0.0373538 0.0335643 0.0297408 0.0256872 0.0213037 0.0166938 0.0121737
 0.00891696 0.0141373 0.0206326 0.0281459 0.0363428 0.0447484 0.0526741 0.0593155 0.0640179 0.0664949 0.0668362 0.0653638 0.062487 0.058625 0.0541673 0.0494444 0.0447081 0.0401235 0.0357624 0.0315973 0.0275151 0.0233746 0.0191037 0.0147877 0.0106776
 0.0090727 0.0143967 0.0210353 0.0287346 0.0371574 0.0458143 0.053988 0.0608362 0.0656666 0.0681649 0.0684089 0.0667245 0.0635389 0.0592971 0.0544164 0.0492513 0.0440723 0.0390601 0.034305 0.0298083 0.0254989 0.0212802 0.0171071 0.0130525 0.00931191
 0.00929252 0.0147306 0.0214953 0.0293199 0.0378602 0.0466275 0.0549085 0.0618596 0.0667782 0.0693308 0.0695719 0.0678077 0.0644557 0.0599645 0.0547664 0.049238 0.0436735 0.0382764 0.0331609 0.0283584 0.0238348 0.0195317 0.0154264 0.0115821 0.0081484
 0.00962943 0.0152522 0.0222306 0.0302753 0.0390163 0.0479364 0.0562933 0.0632222 0.0680183 0.0703712 0.0703733 0.0683642 0.0647767 0.0600562 0.0546235 0.0488454 0.043015 0.0373444 0.0319666 0.0269404 0.0222664 0.0179202 0.013899 0.0102575 0.00710582
 0.00979273 0.0155162 0.0226248 0.0308259 0.03974 0.0488319 0.0573314 0.0643417 0.0691336 0.0713893 0.0712138 0.0689743 0.0651367 0.0601733 0.0545173 0.0485332 0.0425033 0.0366321 0.0310559 0.0258519 0.0210503 0.0166585 0.0126932 0.00920501 0.00627326
 0.00984236 0.015601 0.0227608 0.0310326 0.0400386 0.0492413 0.0578621 0.0649894 0.0698747 0.0721794 0.0719912 0.0696693 0.0656848 0.0605287 0.0546589 0.0484614 0.0422303 0.0361724 0.0304245 0.0250703 0.0201576 0.0157165 0.0117807 0.00839997 0.00563104
 0.0100161 0.0158598 0.0231069 0.0314535 0.040513 0.0497472 0.0583826 0.0655134 0.0703929 0.0726804 0.0724577 0.0700765 0.0660015 0.0607217 0.0547005 0.0483358 0.0419363 0.0357212 0.0298358 0.0243712 0.0193855 0.0149218 0.0110235 0.00773863 0.00510649
 0.00990766 0.0156997 0.0228962 0.0312039 0.040244 0.0494821 0.0581459 0.0653318 0.0702975 0.0727046 0.0726298 0.070408 0.0664766 0.0612947 0.0553022 0.0488891 0.0423727 0.0359937 0.0299238 0.0242807 0.0191454 0.0145791 0.0106363 0.0073645 0.00478994
 0.00982345 0.015581 0.0227513 0.0310522 0.040111 0.0493903 0.0581078 0.0653477 0.0703584 0.0727987 0.0727494 0.070554 0.0666574 0.0615184 0.0555662 0.0491724 0.0426371 0.0361938 0.0300212 0.024256 0.0190035 0.0143483 0.0103597 0.00708856 0.00455196
 0.00988886 0.0156614 0.0228253 0.0310865 0.0400727 0.0492649 0.0579113 0.0651243 0.0701627 0.0726733 0.0727117 0.0705972 0.0667629 0.0616681 0.0557478 0.0493755 0.0428466 0.0363848 0.0301633 0.0243224 0.0189823 0.0142479 0.0102065 0.00691739 0.00439449
 0.0100168 0.015834 0.0230188 0.0312545 0.0401561 0.0492102 0.0576896 0.0647431 0.0696681 0.0721424 0.072235 0.0702547 0.0666021 0.0616947 0.055932 0.0496685 0.0431955 0.0367413 0.0304854 0.0245771 0.0191495 0.0143247 0.0102079 0.00687021 0.00432798
 0.0101615 0.0160559 0.0233259 0.0316404 0.0405957 0.0496566 0.0580749 0.0649885 0.0697061 0.071943 0.0718226 0.069705 0.0660191 0.0611786 0.0555522 0.049451 0.0431263 0.0367805 0.0305835 0.0246876 0.0192374 0.0143712 0.0102111 0.00684134 0.00428411
 0.0102508 0.0161949 0.0235236 0.0319008 0.0409167 0.0500279 0.0584742 0.0653781 0.0700334 0.0721485 0.0718553 0.0695409 0.0656751 0.0607127 0.0550482 0.0489923 0.0427714 0.0365507 0.0304656 0.0246471 0.019235 0.0143754 0.0102047 0.00682113 0.00425567
 0.0102953 0.0162718 0.0236474 0.0320874 0.0411788 0.0503685 0.0588808 0.0658207 0.0704684 0.0725257 0.0721251 0.069661 0.0656185 0.0604776 0.0546647 0.0485194 0.0422825 0.0361117 0.0301176 0.0244 0.0190738 0.0142739 0.0101381 0.00677293 0.00421836
 0.0101429 0.0160498 0.0233617 0.0317624 0.0408532 0.0500875 0.0586878 0.0657505 0.0705407 0.0727389 0.0724528 0.0700547 0.0660169 0.0608207 0.0549075 0.0486438 0.0423004 0.0360589 0.0300377 0.0243284 0.0190277 0.0142531 0.0101326 0.00677239 0.00421682
 0.00995622 0.0157639 0.0229655 0.03126 0.0402665 0.0494569 0.058072 0.0652222 0.0701735 0.0725892 0.0725439 0.0703707 0.0665074 0.0614124 0.0555205 0.0492075 0.0427675 0.0364119 0.0302863 0.0244981 0.019146 0.0143396 0.0101972 0.00681855 0.00424666
 0.00988025 0.0156535 0.0228234 0.031096 0.0400933 0.0492842 0.0579037 0.0650585 0.0700182 0.0724553 0.0724541 0.0703514 0.0665773 0.061573 0.0557521 0.0494739 0.0430267 0.0366293 0.0304441 0.024597 0.0192 0.0143663 0.0102105 0.00682626 0.00425158
 0.00984287 0.0155777 0.0226826 0.0308594 0.0397373 0.0488082 0.0573416 0.0644758 0.0694933 0.0720554 0.0722193 0.0702933 0.0666877 0.061832 0.0561311 0.0499348 0.0435235 0.0371138 0.0308753 0.0249497 0.019467 0.0145553 0.0103368 0.00690643 0.00429981
 0.00992178 0.0156904 0.0228221 0.0310057 0.039858 0.0488637 0.0572928 0.0642954 0.0691789 0.0716379 0.0717598 0.0698667 0.06636 0.0616439 0.0560934 0.0500331 0.0437261 0.0373793 0.0311603 0.0252165 0.0196902 0.0147244 0.010454 0.00698131 0.00434419
 0.0099146 0.0156857 0.0228272 0.0310301 0.0399087 0.0489383 0.0573739 0.0643518 0.0691729 0.0715394 0.0715601 0.0695856 0.066044 0.0613529 0.0558824 0.0499365 0.0437504 0.0375055 0.031353 0.0254351 0.0198989 0.0148993 0.0105851 0.00706999 0.00439871
 0.00985582 0.0156004 0.0227184 0.0309084 0.0397907 0.0488428 0.0573177 0.0643439 0.0692103 0.071604 0.0716213 0.069611 0.0660128 0.0612673 0.0557687 0.0498351 0.0436995 0.0375266 0.0314448 0.0255767 0.0200605 0.0150526 0.0107111 0.00716155 0.00445809
 0.00967812 0.0153312 0.0223504 0.0304498 0.0392649 0.0482861 0.056778 0.0638766 0.0688698 0.0714305 0.0716289 0.0697823 0.0663049 0.0616258 0.0561447 0.0501984 0.0440418 0.037854 0.031765 0.025889 0.0203533 0.015309 0.0109173 0.00731238 0.00455786
 0.00973092 0.0153977 0.0224149 0.0304858 0.0392427 0.0481847 0.0565945 0.0636296 0.0685932 0.0711642 0.0714092 0.0696352 0.0662417 0.0616414 0.0562208 0.0503108 0.0441698 0.0379869 0.031901 0.0260295 0.0204963 0.0154465 0.0110384 0.00740828 0.00462572
 0.0104825 0.0164645 0.0237327 0.0318954 0.0405325 0.049161 0.0571398 0.0637204 0.0682815 0.0705442 0.0705905 0.0687245 0.0653306 0.0607978 0.0554852 0.0496981 0.0436762 0.0375994 0.0316056 0.0258147 0.0203515 0.0153598 0.010995 0.00739254 0.00462416
 0.0112285 0.0176165 0.0253462 0.0339624 0.0429629 0.0517684 0.0596423 0.0657793 0.0695871 0.0709161 0.0700341 0.067412 0.0635246 0.0587658 0.0534435 0.0477925 0.0419885 0.0361636 0.0304254 0.0248774 0.0196358 0.0148389 0.0106373 0.00716312 0.00448786
 0.0111733 0.0176262 0.0255436 0.03452 0.0440541 0.0534897 0.0619416 0.0684324 0.0722383 0.0731658 0.0715397 0.0679711 0.0631164 0.0575398 0.0516597 0.0457405 0.0399185 0.0342516 0.0287713 0.0235207 0.0185766 0.0140532 0.0100867 0.00680169 0.00426754
 0.0108378 0.017129 0.0248915 0.0337687 0.0433159 0.0529309 0.0617636 0.0688248 0.073305 0.0748533 0.0736135 0.0700678 0.0648551 0.0586401 0.0520138 0.0454168 0.0391065 0.0331832 0.0276532 0.0224983 0.0177282 0.0134031 0.00962394 0.00649562 0.00408029
 0.010637 0.0168044 0.0244081 0.0331011 0.042461 0.0519278 0.0607117 0.0678884 0.0726896 0.0747539 0.0741475 0.0712173 0.066447 0.0603834 0.053587 0.0465688 0.0397256 0.0333051 0.0274149 0.0220699 0.0172564 0.0129833 0.00929943 0.00627135 0.00394008
 0.0105282 0.0166252 0.0241339 0.0327062 0.0419227 0.0512343 0.0598747 0.0669554 0.0717523 0.0739459 0.0736269 0.0711293 0.0668737 0.0612985 0.0548426 0.0479314 0.0409511 0.0342176 0.0279517 0.0222751 0.0172361 0.0128522 0.00914471 0.00614091 0.00384931
 0.0105544 0.0166594 0.0241687 0.0327266 0.0419065 0.0511539 0.0597011 0.0666639 0.0713325 0.0734143 0.0730378 0.070577 0.0664778 0.0611699 0.0550403 0.0484292 0.0416365 0.0349305 0.0285449 0.0226645 0.0174164 0.0128761 0.00908444 0.00605688 0.00377647
 0.0104388 0.0164972 0.0239717 0.0325208 0.041723 0.0510149 0.0596085 0.0665979 0.0712596 0.0733005 0.0728628 0.0703457 0.0662267 0.0609642 0.054957 0.0485276 0.041928 0.0353659 0.0290299 0.0230987 0.0177321 0.0130566 0.00915537 0.00606185 0.00375462
 0.0103792 0.0164005 0.0238282 0.0323248 0.0414781 0.0507392 0.0593361 0.0663714 0.0711139 0.073246 0.072879 0.0703918 0.0662628 0.0609734 0.0549549 0.0485551 0.0420297 0.0355638 0.0293079 0.0234076 0.0180129 0.013267 0.00928334 0.00612162 0.00377186
 0.0102647 0.0162227 0.023576 0.0319939 0.0410717 0.0502697 0.0588286 0.0658662 0.0706643 0.0729086 0.072699 0.0703877 0.0664196 0.0612486 0.055297 0.0489239 0.0424071 0.0359483 0.029699 0.0237921 0.0183641 0.013556 0.00949318 0.00625424 0.00384387
 0.0103177 0.0162988 0.0236715 0.0320975 0.0411659 0.0503343 0.0588433 0.0658148 0.0705383 0.0727125 0.0724532 0.0701265 0.0661831 0.06107 0.0551929 0.0488932 0.0424379 0.0360273 0.0298156 0.0239356 0.018519 0.0137025 0.00961374 0.00633957 0.0038953
 0.0102002 0.0161379 0.0234845 0.0319182 0.0410336 0.0502764 0.0588628 0.0658888 0.0706286 0.0727815 0.0724763 0.0700982 0.0661155 0.0609878 0.0551243 0.0488613 0.0424545 0.0360918 0.029919 0.0240643 0.0186574 0.0138349 0.0097264 0.00642441 0.00395132
 0.00994364 0.0157561 0.0229769 0.0313113 0.0403781 0.0496395 0.0583181 0.0655043 0.0704508 0.0728202 0.0727002 0.0704461 0.0665193 0.0613936 0.0555032 0.049207 0.0427736 0.0363933 0.0302066 0.0243348 0.0189027 0.0140453 0.0098945 0.0065477 0.00403333
 0.00986683 0.0156134 0.0227309 0.0309204 0.0398119 0.048901 0.0574608 0.0646314 0.0696909 0.0722896 0.0724697 0.0705258 0.0668639 0.0619223 0.056126 0.0498477 0.0433816 0.0369439 0.0306922 0.0247551 0.0192576 0.0143339 0.0101168 0.00670739 0.00413889
 0.0101207 0.0159797 0.0231939 0.0314306 0.0402929 0.0492653 0.057629 0.0645497 0.0693485 0.0717302 0.0717872 0.0698408 0.0662866 0.061521 0.0559156 0.0497988 0.0434436 0.0370665 0.0308387 0.0249037 0.0193971 0.0144576 0.01022 0.00678712 0.00419514
 0.0102601 0.0161925 0.023487 0.0317975 0.0407108 0.0496929 0.0580068 0.0648062 0.0694162 0.0715676 0.0713981 0.0692801 0.0656485 0.0609131 0.0554281 0.0494817 0.0433001 0.0370638 0.0309276 0.0250374 0.0195406 0.0145897 0.0103296 0.00687061 0.00425334
 0.0107605 0.0169717 0.0245934 0.0332466 0.0424758 0.0516934 0.0600983 0.0667846 0.0710473 0.0726377 0.0717643 0.0689016 0.0645929 0.0593392 0.0535499 0.0475221 0.0414471 0.0354431 0.0295975 0.024002 0.0187716 0.0140443 0.00996225 0.00663754 0.00411551
 0.0102015 0.0161262 0.0234427 0.0318256 0.0408757 0.0500572 0.0586114 0.0656505 0.0704427 0.0726568 0.0723826 0.0699803 0.0659243 0.0607107 0.0547994 0.0485665 0.0422788 0.0361014 0.0301337 0.024454 0.0191557 0.0143615 0.0102097 0.00681659 0.00423448
 0.0101344 0.0159979 0.0232148 0.0314523 0.0403174 0.0493024 0.057697 0.064669 0.0695295 0.07196 0.0720249 0.0700245 0.0663532 0.0614302 0.0556671 0.0494372 0.0430455 0.0367159 0.0305998 0.0248036 0.0194238 0.0145717 0.0103729 0.00693755 0.00431758
 0.00963175 0.0152303 0.0221515 0.0300972 0.0387052 0.0474931 0.0557767 0.0627567 0.0677772 0.0705412 0.0711088 0.0697429 0.0667665 0.0625036 0.0572694 0.0513666 0.0450769 0.0386517 0.0323052 0.0262147 0.0205334 0.0154059 0.0109717 0.00734478 0.00457693
 0.00976965 0.0154307 0.0224081 0.0303851 0.0389836 0.0477099 0.055874 0.0626759 0.0674697 0.0699848 0.070328 0.0688214 0.0658414 0.0617349 0.056793 0.0512502 0.0453005 0.0391222 0.0328961 0.02681 0.0210551 0.0158194 0.0112747 0.00755206 0.00470953
 0.00957081 0.0151804 0.0221645 0.0302432 0.0390436 0.0480296 0.0564308 0.0633637 0.0681319 0.0704654 0.0705148 0.0686703 0.0653823 0.0610648 0.0560547 0.0505955 0.0448473 0.0389218 0.0329267 0.0269988 0.0213142 0.0160766 0.0114881 0.00770787 0.00481208
 0.00915508 0.0145921 0.0214444 0.0294929 0.0384072 0.0476578 0.056441 0.0638077 0.068974 0.0715765 0.0716929 0.0696909 0.0660637 0.0613201 0.0559093 0.0501668 0.0442979 0.0384055 0.0325464 0.0267889 0.0212514 0.0161078 0.0115591 0.00778107 0.00486933
#obs surv len freq
 0.00496921 0.0081385 0.0123773 0.0176987 0.0239764 0.0308456 0.0376823 0.0437647 0.0485433 0.0518166 0.0537022 0.0544839 0.0544802 0.0539878 0.0532669 0.0525316 0.0519267 0.0514872 0.0510742 0.0503182 0.0486367 0.0453988 0.0402274 0.0332917 0.0253739
 0.00518319 0.00848998 0.012913 0.0184641 0.0250072 0.0321531 0.0392395 0.0455012 0.0503558 0.0535889 0.0553226 0.0558547 0.0555188 0.054625 0.0534475 0.0522176 0.0511054 0.0501788 0.0493389 0.0482593 0.0463978 0.0431518 0.0381484 0.0315275 0.02401
 0.00540907 0.00886094 0.0134784 0.0192728 0.0260987 0.0335431 0.0409045 0.0473721 0.0523266 0.0555355 0.0571225 0.0573988 0.0567166 0.0554042 0.0537514 0.0520032 0.0503456 0.0488713 0.0475211 0.0460222 0.0438928 0.0405799 0.0357285 0.0294495 0.0223905
 0.00563765 0.00923468 0.0140451 0.0200793 0.0271822 0.0349192 0.0425523 0.0492287 0.0542943 0.0574991 0.0589655 0.0590139 0.0580099 0.0562964 0.0541776 0.0519117 0.0496985 0.0476515 0.0457466 0.043767 0.0413011 0.0378619 0.0331277 0.0271872 0.0206107
 0.00589434 0.00965292 0.0146762 0.0209714 0.0283713 0.036414 0.0443203 0.0511912 0.0563387 0.0595009 0.0608084 0.0605997 0.059259 0.0571441 0.0545695 0.0518008 0.0490453 0.0464307 0.0439632 0.0414792 0.0386413 0.0350387 0.0303953 0.0247868 0.0187066
 0.00612989 0.0100426 0.0152753 0.0218351 0.0295438 0.0379106 0.0461094 0.0531891 0.0584223 0.0615332 0.0626625 0.0621722 0.0604723 0.0579431 0.054914 0.0516583 0.0483862 0.0452322 0.0422243 0.0392455 0.03603 0.0322457 0.0276699 0.0223737 0.0167788
 0.00637591 0.0104444 0.0158834 0.0226985 0.030701 0.0393757 0.0478563 0.0551444 0.0604734 0.0635473 0.064508 0.0637343 0.0616623 0.0587002 0.0552021 0.0514571 0.0476829 0.0440188 0.0405071 0.0370674 0.0334965 0.0295367 0.0250198 0.0200178 0.0148884
 0.00661882 0.01084 0.0164801 0.0235416 0.0318239 0.0407862 0.0495229 0.0569919 0.0623933 0.0654189 0.0662163 0.0651806 0.0627667 0.0594025 0.055461 0.0512482 0.0469945 0.0428496 0.0388715 0.0350112 0.0311187 0.0270009 0.0225395 0.0178094 0.0131118
 0.00685259 0.0112274 0.0170763 0.0244011 0.0329884 0.0422649 0.0512743 0.05892 0.0643638 0.0672887 0.0678603 0.0665046 0.0637088 0.0599267 0.0555498 0.0508951 0.0461998 0.0416205 0.0372285 0.0330028 0.028839 0.0245999 0.0202093 0.0157439 0.0114536
 0.00705958 0.0115667 0.0175924 0.0251381 0.0339822 0.0435303 0.0527906 0.0606227 0.0661503 0.0690343 0.0694382 0.0678037 0.0646456 0.0604509 0.0556413 0.0505556 0.0454429 0.0404662 0.0357063 0.0311641 0.0267724 0.0224399 0.0181246 0.0139028 0.00997862
 0.00727301 0.0119169 0.018125 0.0258967 0.0349982 0.0448087 0.0542955 0.0622744 0.0678381 0.0706388 0.070851 0.0689371 0.0654345 0.0608529 0.0556363 0.0501443 0.0446423 0.0393053 0.0342253 0.0294206 0.0248531 0.020466 0.0162428 0.0122557 0.0086674
 0.00742119 0.0121625 0.0185035 0.0264447 0.0357464 0.0457711 0.0554571 0.0635856 0.0692201 0.0719968 0.0720898 0.0699718 0.0661981 0.0612983 0.0557361 0.049889 0.0440379 0.0383722 0.0329994 0.0279577 0.0232349 0.018802 0.0146597 0.0108738 0.00757022
 0.00751886 0.0123195 0.0187374 0.0267719 0.0361822 0.0463264 0.0561348 0.0643761 0.0700988 0.0729247 0.073015 0.0708331 0.0669307 0.0618408 0.0560378 0.0499139 0.0437678 0.0378072 0.0321602 0.0268887 0.0220068 0.0175109 0.0134161 0.0097809 0.00669925
 0.00760535 0.0124569 0.018938 0.0270452 0.0365327 0.0467522 0.0566256 0.064914 0.0706628 0.0734955 0.0735767 0.0713697 0.0674198 0.0622499 0.0563255 0.0500362 0.0436865 0.0374982 0.0316207 0.0261423 0.0211062 0.0165351 0.0124585 0.00892983 0.00601656
 0.00766313 0.0125459 0.019063 0.0272077 0.0367317 0.0469849 0.0568877 0.0651997 0.0709654 0.0738086 0.0738952 0.0716897 0.0677353 0.0625487 0.0565853 0.0502237 0.0437616 0.0374231 0.0313704 0.0257155 0.0205315 0.0158695 0.011777 0.00830732 0.00550824
 0.0077172 0.0126277 0.0191746 0.0273468 0.0368923 0.0471587 0.0570653 0.0653724 0.0711274 0.0739588 0.0740377 0.0718316 0.0678833 0.0627044 0.0567416 0.0503631 0.0438561 0.0374386 0.0312755 0.0254925 0.0201866 0.0154362 0.0113093 0.00786455 0.00513777
 0.00775529 0.0126857 0.0192543 0.0274469 0.0370083 0.0472833 0.0571893 0.0654859 0.0712222 0.0740318 0.0740923 0.071877 0.0679309 0.0627637 0.0568162 0.0504474 0.0439342 0.0374856 0.031263 0.0253977 0.020002 0.015176 0.0110077 0.00756487 0.00487838
 0.00780124 0.0127531 0.0193422 0.0275495 0.0371166 0.0473876 0.0572813 0.0655597 0.0712744 0.0740618 0.0741026 0.0718735 0.067922 0.0627589 0.0568231 0.0504688 0.0439656 0.0375136 0.0312676 0.0253582 0.0199056 0.0150244 0.010819 0.00736789 0.00470151
 0.00784901 0.0128262 0.0194433 0.0276772 0.0372646 0.0475446 0.0574316 0.0656854 0.0713598 0.0740983 0.0740917 0.0718252 0.067851 0.0626801 0.0567491 0.0504081 0.0439208 0.0374806 0.0312357 0.0253129 0.0198341 0.0149224 0.0106935 0.00723498 0.00457987
 0.00786974 0.0128594 0.0194924 0.0277445 0.0373507 0.0476469 0.0575435 0.065796 0.0714557 0.0741672 0.0741255 0.071822 0.0678155 0.0626222 0.0566809 0.0503408 0.0438621 0.037433 0.0311957 0.0252724 0.0197839 0.0148568 0.0106138 0.00714959 0.00450005
 0.00789281 0.0128921 0.0195326 0.0277878 0.0373918 0.0476824 0.0575733 0.065823 0.0714836 0.0741974 0.0741556 0.0718465 0.0678286 0.0626201 0.0566638 0.0503127 0.0438291 0.0374003 0.0311655 0.0252429 0.0197507 0.0148161 0.0105651 0.00709667 0.00444955
 0.00788443 0.0128788 0.0195132 0.0277612 0.0373568 0.0476383 0.0575204 0.0657642 0.0714252 0.0741488 0.0741275 0.0718468 0.0678589 0.0626747 0.0567323 0.0503839 0.0438946 0.0374558 0.0312093 0.0252743 0.0197689 0.0148202 0.0105561 0.0070782 0.00442688
 0.00790412 0.0129038 0.0195381 0.0277767 0.0373529 0.047608 0.0574633 0.065687 0.0713388 0.0740653 0.074057 0.0717976 0.0678367 0.0626821 0.0567673 0.0504397 0.0439616 0.0375239 0.0312707 0.0253238 0.0198041 0.0148408 0.0105634 0.00707524 0.00441798
 0.00790551 0.0129073 0.0195451 0.0277882 0.0373678 0.0476216 0.0574671 0.0656706 0.0712953 0.0739954 0.0739707 0.0717109 0.0677659 0.0626391 0.0567572 0.0504611 0.0440077 0.037585 0.0313361 0.0253844 0.0198535 0.014876 0.0105845 0.00708467 0.00441945
 0.00787845 0.0128627 0.0194772 0.0276925 0.037243 0.0474724 0.0573056 0.0655146 0.0711631 0.0738996 0.073916 0.0716953 0.0677856 0.0626911 0.0568393 0.0505701 0.0441374 0.0377261 0.0314773 0.0255149 0.0199645 0.0149624 0.0106458 0.00712363 0.0044413
 0.00784695 0.0128099 0.019395 0.0275726 0.0370796 0.0472656 0.0570647 0.0652596 0.0709213 0.0737002 0.0737824 0.0716408 0.0678106 0.062786 0.0569884 0.0507564 0.0443452 0.0379413 0.0316872 0.0257074 0.0201299 0.0150947 0.0107433 0.00718949 0.00448161
 0.0078405 0.012796 0.0193676 0.0275238 0.0370007 0.0471501 0.0569111 0.0650734 0.0707152 0.0734931 0.0735968 0.071499 0.067731 0.0627779 0.0570509 0.0508789 0.0445112 0.0381321 0.0318848 0.0258963 0.0202976 0.0152328 0.0108484 0.00726273 0.00452807
 0.00784497 0.0128001 0.0193678 0.0275141 0.036974 0.0470993 0.0568313 0.064963 0.0705772 0.0733351 0.0734317 0.0713437 0.067604 0.0626964 0.0570268 0.0509161 0.0446043 0.038268 0.0320457 0.0260635 0.0204547 0.0153676 0.0109543 0.00733878 0.00457771
 0.00780785 0.012745 0.0192944 0.0274254 0.0368747 0.0469939 0.0567231 0.0648537 0.0704684 0.0732293 0.073333 0.0712582 0.0675394 0.0626614 0.0570296 0.0509627 0.0446957 0.038399 0.0322046 0.0262343 0.0206203 0.0155138 0.011072 0.00742502 0.00463513
 0.00775996 0.0126639 0.0191672 0.0272398 0.0366244 0.0466851 0.0563789 0.0645123 0.0701728 0.0730141 0.0732149 0.0712359 0.0675993 0.0627855 0.0572015 0.0511696 0.0449284 0.0386488 0.0324615 0.0264857 0.0208522 0.0157134 0.0112309 0.00754126 0.00471274
 0.00774361 0.0126329 0.019112 0.0271483 0.0364838 0.0464865 0.0561219 0.0642092 0.0698491 0.0727053 0.0729599 0.071067 0.0675344 0.0628247 0.0573301 0.051365 0.0451673 0.0389112 0.0327307 0.0267471 0.0210924 0.0159206 0.0113971 0.00766413 0.00479576
 0.00931826 0.0148363 0.0217697 0.0298775 0.0388041 0.0479967 0.0566406 0.0638017 0.0687478 0.0711927 0.0712824 0.0694024 0.0659965 0.0614778 0.0562022 0.0504573 0.0444626 0.0383828 0.0323494 0.0264847 0.020923 0.0158203 0.0113444 0.00764077 0.00478808
 0.00931983 0.0151288 0.0227206 0.0319406 0.0423215 0.0529315 0.0624068 0.0693592 0.0729699 0.0733084 0.0711307 0.0673767 0.0627738 0.0577321 0.0524366 0.0469732 0.041404 0.0357967 0.0302307 0.0248032 0.0196357 0.0148763 0.0106872 0.00721047 0.00452552
 0.00897427 0.014588 0.0219672 0.0310288 0.0414287 0.0523919 0.0626705 0.0708307 0.0757645 0.0770724 0.0750853 0.0706125 0.0646285 0.0580198 0.051419 0.0451456 0.0392639 0.033707 0.0283947 0.0233011 0.0184738 0.0140233 0.0100946 0.0068236 0.00429015
 0.00879475 0.0142876 0.0215001 0.0303508 0.0405149 0.0512692 0.0614577 0.0697653 0.0751818 0.0773115 0.076336 0.0727722 0.0672727 0.0605395 0.053266 0.0460417 0.0392556 0.033065 0.027451 0.0223251 0.0176254 0.0133655 0.009628 0.00651777 0.00410479
 0.00870948 0.0141432 0.0212715 0.0300089 0.040031 0.0506233 0.0606524 0.0688417 0.0742361 0.0765044 0.0758792 0.072874 0.0680465 0.0619156 0.0549728 0.047693 0.0405058 0.0337407 0.0275843 0.022086 0.0172176 0.0129475 0.00928573 0.00627613 0.00395304
 0.00869733 0.014116 0.0212162 0.0299071 0.0398615 0.0503661 0.0602937 0.0683786 0.0736813 0.0758936 0.0752813 0.0723974 0.0678253 0.0620675 0.0555377 0.0485873 0.0415326 0.0346637 0.0282259 0.0223896 0.0172415 0.0128082 0.00909482 0.00610535 0.00383054
 0.00870001 0.0141224 0.0212289 0.029928 0.0398882 0.0503885 0.0602918 0.0683246 0.0735469 0.0756607 0.0749524 0.0720038 0.0674305 0.0617614 0.0554138 0.0487053 0.0418825 0.0351567 0.0287266 0.022776 0.0174534 0.0128582 0.00904143 0.0060133 0.00374448
 0.00867433 0.0140835 0.0211757 0.0298621 0.0398141 0.0503129 0.0602223 0.0682665 0.073499 0.0756123 0.0748856 0.0719013 0.0672879 0.0615973 0.0552718 0.048642 0.041943 0.0353482 0.0290083 0.0230741 0.0176959 0.0130059 0.00909692 0.00600701 0.00371198
 0.00868462 0.0140961 0.0211873 0.0298672 0.0398068 0.0502897 0.0601842 0.068219 0.0734497 0.0755674 0.0748456 0.0718598 0.0672345 0.0615243 0.0551827 0.0485565 0.0418922 0.0353605 0.0290919 0.0232095 0.0178439 0.0131277 0.00917155 0.00603606 0.00371116
 0.00864438 0.0140385 0.0211149 0.0297867 0.0397269 0.0502171 0.0601212 0.0681645 0.0734021 0.0755276 0.0748175 0.0718476 0.067239 0.0615411 0.0552044 0.0485785 0.0419177 0.0354002 0.029157 0.0233017 0.0179515 0.0132304 0.00925119 0.00608508 0.00373339
 0.00862729 0.0140074 0.0210624 0.0297055 0.0396129 0.0500743 0.059964 0.0680153 0.0732839 0.0754553 0.074794 0.0718658 0.0672873 0.0616084 0.055282 0.0486597 0.0419988 0.035481 0.0292403 0.02339 0.0180428 0.013317 0.00932364 0.00613687 0.00376422
 0.00865731 0.0140525 0.0211229 0.0297782 0.0396903 0.0501448 0.0600136 0.068031 0.0732585 0.0753914 0.0747041 0.0717673 0.0671958 0.0615331 0.0552255 0.0486206 0.0419745 0.03547 0.0292421 0.0234045 0.0180684 0.0133495 0.00935659 0.00616439 0.00378317
 0.00863596 0.0140234 0.0210895 0.0297469 0.0396686 0.0501379 0.0600217 0.0680484 0.0732758 0.075399 0.0746957 0.071743 0.0671618 0.061499 0.0552002 0.0486093 0.0419781 0.0354861 0.0292676 0.0234365 0.0181042 0.013386 0.00939029 0.00619205 0.00380304
 0.00861478 0.0139884 0.0210363 0.0296723 0.0395728 0.0500271 0.0599089 0.0679516 0.0732119 0.0753769 0.074713 0.0717882 0.0672201 0.0615587 0.055256 0.0486614 0.042029 0.0355381 0.029321 0.0234898 0.0181551 0.0134321 0.00942932 0.00622252 0.00382461
 0.00862816 0.0140086 0.0210636 0.0297052 0.0396078 0.0500585 0.0599299 0.0679558 0.0731968 0.0753453 0.0746729 0.0717486 0.0671874 0.0615341 0.0552372 0.0486454 0.0420151 0.0355276 0.0293161 0.0234918 0.0181635 0.0134449 0.00944385 0.00623613 0.00383555
 0.00862816 0.0140086 0.0210636 0.0297052 0.0396078 0.0500585 0.0599299 0.0679558 0.0731968 0.0753453 0.0746729 0.0717486 0.0671874 0.0615341 0.0552372 0.0486454 0.0420151 0.0355276 0.0293161 0.0234918 0.0181635 0.0134449 0.00944385 0.00623613 0.00383555
 0.00891048 0.0144544 0.0217077 0.0305652 0.0406738 0.0512804 0.0612091 0.0691517 0.0741546 0.0759377 0.0748334 0.0714827 0.0665618 0.0606523 0.0542125 0.0475807 0.0409908 0.034599 0.028516 0.022835 0.0176505 0.0130653 0.00917939 0.00606392 0.0037315
 0.00823896 0.0134258 0.0202819 0.0287591 0.03857 0.0490319 0.0590359 0.0673169 0.0729088 0.0754481 0.0751338 0.0724724 0.0680482 0.0624115 0.0560419 0.0493286 0.0425632 0.0359512 0.0296371 0.0237335 0.0183456 0.0135815 0.00954425 0.00630712 0.00388282
 0.00834813 0.0135188 0.0202674 0.0285047 0.037943 0.0479615 0.0575655 0.0656131 0.071219 0.0740298 0.0741897 0.072111 0.0682724 0.0631327 0.0571101 0.0505728 0.0438289 0.0371243 0.0306506 0.0245612 0.0189889 0.0140578 0.00987921 0.00652917 0.00402038
 0.00799396 0.0129883 0.0195493 0.0276076 0.0368789 0.0467275 0.0561434 0.0639973 0.0694622 0.0722766 0.0726678 0.0710745 0.0679209 0.0635448 0.0582234 0.0522109 0.0457573 0.0391101 0.032506 0.0261642 0.0202827 0.0150378 0.0105758 0.0069923 0.00430667
 0.00822898 0.0133263 0.0199764 0.0280831 0.0373457 0.047127 0.0564223 0.0641012 0.069326 0.0718308 0.0718721 0.0699647 0.0666356 0.0623037 0.0572576 0.0516819 0.0457072 0.0394642 0.0331182 0.0268744 0.0209616 0.0156067 0.011005 0.00728723 0.00449219
 0.00836352 0.0135777 0.0204112 0.0287724 0.0383349 0.0483949 0.0578529 0.0654945 0.070451 0.0724939 0.071963 0.069467 0.0656163 0.060902 0.0556717 0.0501383 0.0444096 0.0385397 0.0325907 0.0266783 0.0209845 0.0157358 0.0111568 0.00741619 0.00458319
 0.00850493 0.0138178 0.0207927 0.0293448 0.0391472 0.0494796 0.0592038 0.0670446 0.0720626 0.0739692 0.0730803 0.0700335 0.0655212 0.0601467 0.0543701 0.0484892 0.0426517 0.036899 0.0312322 0.0256774 0.0203293 0.0153563 0.0109637 0.00733095 0.00455128
#pred catch len freq
 0.00511253 0.00807351 0.0117418 0.0160064 0.0207852 0.026003 0.0315142 0.0370673 0.042356 0.0470996 0.0510919 0.0542163 0.0564483 0.0578429 0.0585011 0.0585297 0.0580148 0.0570042 0.0554788 0.0533054 0.0502099 0.0458461 0.0399952 0.0328138 0.0249421
 0.00540906 0.00848311 0.0122298 0.0165103 0.0212517 0.0264356 0.0319965 0.0377331 0.0433126 0.0483468 0.0524905 0.0555286 0.0574276 0.0583237 0.0584484 0.0580318 0.0572297 0.0560867 0.0545194 0.0523106 0.0491342 0.0446551 0.0387195 0.0315551 0.0238304
 0.0058641 0.00917913 0.0131918 0.0177224 0.0226513 0.0279165 0.0334238 0.0389795 0.044309 0.0491164 0.0531283 0.0561257 0.0579901 0.0587475 0.058571 0.0577227 0.0564572 0.0549217 0.0530858 0.0507245 0.0474742 0.0429764 0.0370872 0.030061 0.0225727
 0.00618887 0.00970387 0.0139757 0.0188188 0.0240968 0.0297114 0.0355078 0.0412161 0.0464964 0.0510309 0.0545886 0.0570477 0.0583973 0.0587262 0.0581977 0.0570172 0.0553932 0.0534781 0.0512923 0.0486694 0.0452817 0.0407818 0.0350238 0.0282506 0.0211078
 0.00653308 0.0102368 0.0147313 0.0198192 0.0253601 0.0312576 0.0373526 0.0433488 0.0488494 0.0534585 0.056872 0.0589367 0.0596781 0.059282 0.0580275 0.0562026 0.0540405 0.051678 0.0491203 0.046213 0.0426649 0.0381658 0.0325851 0.0261459 0.0194405
 0.00692491 0.0108388 0.0155733 0.0209088 0.0266874 0.0328034 0.0390917 0.0452494 0.05087 0.0555414 0.0589304 0.0608406 0.0612541 0.0603405 0.0584117 0.0558341 0.0529343 0.0499232 0.0468469 0.0435716 0.039826 0.0353226 0.0299399 0.0238762 0.0176588
 0.00728872 0.0114083 0.0163896 0.0219968 0.0280534 0.0344316 0.0409388 0.0472416 0.0529114 0.0575301 0.060774 0.0624596 0.062572 0.0612699 0.058849 0.0556754 0.0521072 0.0484179 0.0447306 0.0409838 0.0369623 0.0324131 0.027219 0.0215423 0.0158336
 0.0076609 0.0119862 0.0172105 0.0230812 0.0294075 0.0360488 0.0427937 0.0492799 0.0550425 0.0596312 0.0627065 0.0640921 0.0638017 0.0620294 0.0590976 0.0553814 0.0512402 0.0469606 0.0427063 0.0384828 0.0341516 0.0295202 0.024492 0.0191957 0.0139993
 0.0079162 0.0123942 0.0178118 0.023911 0.0304913 0.0373961 0.044388 0.0510726 0.0569538 0.0615585 0.0645333 0.0656976 0.065072 0.0628705 0.0594449 0.0552 0.0505175 0.0457006 0.0409366 0.0362746 0.031639 0.0269003 0.0219943 0.0170286 0.0122968
 0.00810865 0.0127036 0.0182726 0.0245564 0.0313518 0.0384938 0.0457275 0.0526293 0.0586681 0.0633367 0.0662574 0.0672413 0.0663175 0.0637226 0.0598375 0.055096 0.0499048 0.0445892 0.0393611 0.0343052 0.0293951 0.0245537 0.0197475 0.0150702 0.0107525
 0.00839217 0.0131311 0.0188551 0.0252861 0.0322107 0.0394655 0.0468033 0.0538037 0.0599273 0.0646471 0.0675595 0.0684524 0.0673422 0.064467 0.060223 0.0550683 0.0494363 0.0436788 0.0380361 0.0326277 0.0274708 0.0225323 0.0178047 0.0133708 0.0094079
 0.00870487 0.0136118 0.0195267 0.0261507 0.0332494 0.040641 0.0480607 0.0550751 0.061142 0.0657458 0.0685024 0.0692155 0.0679062 0.0648071 0.060306 0.0548576 0.0489013 0.0428047 0.0368331 0.0311402 0.0257843 0.0207719 0.016119 0.0118989 0.00824391
 0.00886654 0.0138696 0.0199058 0.0266722 0.0339279 0.0414794 0.0490426 0.0561589 0.0622615 0.0668192 0.0694482 0.0699688 0.0684285 0.065086 0.0603441 0.0546583 0.0484611 0.0421157 0.0358954 0.0299771 0.024455 0.0193728 0.0147693 0.0107135 0.00730231
 0.00895907 0.0140169 0.0201223 0.0269717 0.0343239 0.0419841 0.0496634 0.0568919 0.063085 0.0676901 0.0703033 0.0707338 0.0690326 0.0654768 0.0604955 0.0545683 0.048141 0.0415805 0.0351608 0.0290679 0.0234162 0.0182764 0.0137072 0.00977645 0.00655472
 0.00902759 0.0141187 0.0202586 0.0271399 0.0345217 0.0422155 0.0499413 0.0572352 0.0635103 0.0682011 0.0708827 0.0713411 0.0696096 0.0659582 0.0608231 0.0547015 0.0480619 0.0412915 0.0346795 0.028424 0.022654 0.017457 0.0129041 0.00906161 0.00598043
 0.00897051 0.0140353 0.0201504 0.027014 0.0343888 0.0420869 0.0498286 0.0571533 0.0634817 0.0682564 0.0710544 0.0716496 0.0700493 0.0664908 0.061382 0.055208 0.0484437 0.0414976 0.0346874 0.0282403 0.0223114 0.0170089 0.0124165 0.00859982 0.00559431
 0.00889381 0.0139271 0.0200183 0.0268755 0.0342671 0.0420026 0.0497935 0.0571678 0.0635382 0.0683452 0.0711706 0.0717973 0.0702401 0.0667347 0.0616759 0.0555268 0.0487423 0.0417228 0.0347943 0.0282059 0.0221415 0.0167362 0.0120912 0.00827599 0.00531537
 0.0088889 0.0139055 0.0199618 0.0267617 0.0340786 0.0417401 0.0494843 0.0568627 0.0632947 0.0682075 0.0711558 0.071897 0.0704316 0.0669937 0.0619823 0.0558618 0.0490814 0.0420321 0.0350348 0.0283454 0.0221658 0.0166561 0.011939 0.00809428 0.00514305
 0.00899885 0.0140533 0.020126 0.0269005 0.0341381 0.0416701 0.0492554 0.0564786 0.0627971 0.0676707 0.0706711 0.0715479 0.0702699 0.0670286 0.0621851 0.0561829 0.0494652 0.0424258 0.0353916 0.028627 0.0223487 0.0167365 0.0119339 0.00803454 0.00506235
 0.00912404 0.0142439 0.0203872 0.0272242 0.0345002 0.0420283 0.0495504 0.0566432 0.0627737 0.0674347 0.0702466 0.0710068 0.0697124 0.0665529 0.0618599 0.0560325 0.049472 0.0425442 0.0355652 0.028803 0.0224876 0.0168178 0.0119567 0.00801354 0.00501904
 0.00922821 0.0144038 0.0206103 0.0275114 0.0348458 0.0424199 0.0499658 0.0570459 0.0631121 0.0676474 0.070278 0.0708282 0.0693387 0.0660454 0.0613102 0.0555333 0.0490891 0.0423017 0.0354479 0.0287715 0.0224967 0.0168313 0.0119553 0.00799383 0.00498817
 0.00923526 0.0144232 0.0206545 0.0275973 0.0349914 0.0426381 0.0502585 0.0574 0.0634987 0.0680241 0.0705924 0.0710255 0.0693745 0.0659017 0.0610065 0.0551258 0.0486541 0.0419106 0.0351456 0.0285685 0.0223758 0.0167634 0.0119134 0.00796157 0.00495952
 0.00907987 0.0141968 0.0203631 0.0272658 0.0346589 0.0423503 0.0500591 0.0573245 0.0635685 0.0682399 0.0709301 0.0714371 0.0697965 0.0662683 0.0612667 0.0552567 0.0486674 0.0418453 0.035051 0.0284848 0.0223225 0.0167397 0.0119077 0.00796139 0.00495801
 0.00896309 0.0140172 0.0201126 0.0269451 0.0342794 0.0419351 0.0496443 0.0569578 0.0633024 0.0681201 0.0709832 0.0716619 0.0701617 0.0667183 0.061733 0.0556754 0.0489945 0.0420665 0.03518 0.0285514 0.0223574 0.0167633 0.0119279 0.00797845 0.00496991
 0.00884446 0.0138431 0.0198848 0.0266767 0.0339896 0.0416422 0.0493617 0.0566957 0.0630737 0.0679451 0.0708888 0.0716747 0.0702969 0.0669703 0.0620728 0.0560556 0.0493624 0.0423792 0.035415 0.0287091 0.0224539 0.0168198 0.0119616 0.00799959 0.00498323
 0.00881224 0.0137785 0.019766 0.0264778 0.0336897 0.0412378 0.0488761 0.0561782 0.0625863 0.0675453 0.0706175 0.0715541 0.0703342 0.0671605 0.0623972 0.0564802 0.0498393 0.0428551 0.0358431 0.0290596 0.0227178 0.0170046 0.0120837 0.00807619 0.00502895
