SBPRF35
12.7214
Curr Bio
821867
B35
856278
F35
0.171373
FOFL
0.163481
OFL
109837
Bzero
3.63469e+006
#pred survey bio
 3.09723e+006 2.81807e+006 2.54137e+006 2.31168e+006 2.03609e+006 1.82915e+006 1.61059e+006 1.42262e+006 1.2662e+006 1.1322e+006 1.0009e+006 896930 802474 732564 678122 626609 596970 570359 559408 551718 552715 562769 557529 546561 553000 554160 558129 555570 566457 574883 591709 601483 606429 613801 632563 646301 661618 665179 673394 669771 680750 689410 688897 697461 703101 698474 702581 725859 743801 752406 781830 790954 799966 800701 828734 848835 842909 828810 2.88983e+007 1.74279e+007 1.78421e+007 1.87835e+007 2.00556e+007 2.14403e+007 2.27766e+007 2.39708e+007 2.49839e+007 2.58127e+007 2.64738e+007 2.69918e+007 2.73928e+007 2.77009e+007 2.79365e+007 2.81165e+007 2.8254e+007 2.83592e+007 2.84399e+007 2.85021e+007 2.85503e+007 2.85877e+007 2.86169e+007 2.86398e+007 2.86579e+007 2.86721e+007 2.86835e+007 2.86925e+007 2.86997e+007 2.87054e+007 2.87101e+007 2.87138e+007 2.87168e+007 2.87193e+007 2.87213e+007 2.87229e+007 2.87242e+007 2.87252e+007 2.87261e+007 2.87268e+007 2.87274e+007 2.87279e+007 2.87283e+007 2.87286e+007 2.87288e+007 2.8729e+007 2.87292e+007 2.87293e+007 2.87295e+007 2.87296e+007 2.87296e+007 2.87297e+007 2.87297e+007 2.87298e+007 2.87298e+007 2.87299e+007 2.87299e+007 2.87299e+007 2.87299e+007 2.87299e+007 2.87299e+007 2.87299e+007 2.87299e+007 2.873e+007 2.873e+007 2.873e+007 2.873e+007 2.873e+007 2.873e+007 2.873e+007 2.873e+007 2.873e+007 2.873e+007 2.873e+007 2.873e+007 2.873e+007 2.873e+007 2.873e+007 2.873e+007 2.873e+007 2.873e+007 2.873e+007 2.873e+007 2.873e+007 2.873e+007 2.873e+007 2.873e+007 2.873e+007 2.873e+007 2.873e+007 2.873e+007 2.873e+007 2.873e+007 2.873e+007 2.873e+007 2.873e+007 2.873e+007 2.873e+007 2.873e+007 2.873e+007 0 0 0 0 0 0 0 0 0 0 0 0 0 0 0 0 0 0 0 0 0 0 0 0 0
#obs survey bio
 2.58083e+006 3.79303e+006 2.98274e+006 1.76787e+006 1.83647e+006 1.64317e+006 1.11568e+006 1.59412e+006 1.07647e+006 720923 756514 715817 1.1207e+006 973946 768807 696839 453396 519650 711043 505129 477523 577324 604651 701553 493191 752466 611242 583136 639848 648676 574462 576167 514313 556428 623991 748205 913411 726031 771730 588547 511188 839883 743618 778628 822186 826589 702237 713897 723851 1.1661e+006 866913 801514 692064 876146 1.04163e+006 873282 570545 991364
#pred catch bio
 293902 307946 282578 340067 292184 314351 295116 272207 255310 253549 228323 215914 188098 167986 159071 135855 130727 116102 113078 106504 100499 113396 115846 99368.1 102861 99236.5 103482 91761.7 94566.3 88651.9 95886.5 100439 98736.3 90330.3 96348.4 96300.2 106802 103262 114076 102889 106660 115006 107349 109982 117833 109373 93574.9 99330.2 107646 90510.1 108731 109273 116900 94220.4 101735 123414 129213 119063 109837 115041 116555 121619 129380 137995 146259 153535 159580 164399 168122 170931 173014 174535 175634 176421 176981 177377 177655 177850 177987 178082 178148 178194 178226 178248 178263 178274 178281 178286 178290 178292 178294 178295 178296 178296 178297 178297 178297 178297 178297 178297 178297 178297 178297 178297 178297 178297 178297 178297 178297 178297 178297 178297 178297 178297 178297 178297 178297 178297 178297 178297 178297 178297 178297 178297 178297 178297 178297 178297 178297 178297 178297 178297 178297 178297 178297 178297 178297 178297 178297 178297 178297 178297 178297 178297 178297 178297 178297 178297 178297 178297 178297 178297 178297 178297 178297 178297 178297 178297 0 0 0 0 0 0 0 0 0 0 0 0 0 0 0 0 0 0 0 0 0 0 0 0 0
#obs catch bio
 241354 308166 282235 342615 293100 316970 299064 274393 257307 255965 231599 220470 189315 167197 157718 134647 130688 116356 113108 106790 101311 114597 116747 99152.9 103043 98859.3 103245 91228.4 94308.6 88209.7 95764.5 100285 98828.3 90154.4 96298.6 96191.4 106518 102623 113754 102822 106978 115418 107367 110064 117970 109136 93044.9 98971 107936 90050.8 108608 109042 117287 94271.6 101409 123243 129411 118994
#pred cpue bio
 3.05419e+006 2.77657e+006 2.50037e+006 2.2708e+006 1.9964e+006 1.79005e+006 1.57255e+006 1.38582e+006 1.23066e+006 1.09779e+006 967726 865021 772680 705026 652418 602323 573316 547121 536330 528723 529396 539144 534409 524204 530839 532255 536449 534136 544787 552999 569424 579011 583893 591126 609452 622822 637883 641469 649392 645554 656032 664440 664077 672608 678305 674003 678184 701117 718822 727370 756424 765426 774060 774637 802456 822660 816870 802755 2.79872e+007 1.68789e+007 1.71612e+007 1.79838e+007 1.92236e+007 2.06023e+007 2.19376e+007 2.31317e+007 2.41447e+007 2.49736e+007 2.56346e+007 2.61526e+007 2.65536e+007 2.68617e+007 2.70974e+007 2.72773e+007 2.74148e+007 2.752e+007 2.76008e+007 2.7663e+007 2.77111e+007 2.77485e+007 2.77777e+007 2.78006e+007 2.78187e+007 2.7833e+007 2.78443e+007 2.78533e+007 2.78605e+007 2.78663e+007 2.78709e+007 2.78746e+007 2.78777e+007 2.78801e+007 2.78821e+007 2.78837e+007 2.7885e+007 2.78861e+007 2.78869e+007 2.78876e+007 2.78882e+007 2.78887e+007 2.78891e+007 2.78894e+007 2.78897e+007 2.78899e+007 2.789e+007 2.78902e+007 2.78903e+007 2.78904e+007 2.78905e+007 2.78905e+007 2.78906e+007 2.78906e+007 2.78907e+007 2.78907e+007 2.78907e+007 2.78907e+007 2.78907e+007 2.78908e+007 2.78908e+007 2.78908e+007 2.78908e+007 2.78908e+007 2.78908e+007 2.78908e+007 2.78908e+007 2.78908e+007 2.78908e+007 2.78908e+007 2.78908e+007 2.78908e+007 2.78908e+007 2.78908e+007 2.78908e+007 2.78908e+007 2.78908e+007 2.78908e+007 2.78908e+007 2.78908e+007 2.78908e+007 2.78908e+007 2.78908e+007 2.78908e+007 2.78908e+007 2.78908e+007 2.78908e+007 2.78908e+007 2.78908e+007 2.78908e+007 2.78908e+007 2.78908e+007 2.78908e+007 2.78908e+007 2.78908e+007 2.78908e+007 2.78908e+007 2.78908e+007 2.78908e+007 2.78908e+007 0 0 0 0 0 0 0 0 0 0 0 0 0 0 0 0 0 0 0 0 0 0 0 0 0
#obs cpue bio
 4.01928e+006 2.52578e+006 1.85057e+006 2.00258e+006 2.04388e+006 1.62439e+006 1.32428e+006 1.54421e+006 1.30049e+006 1.54448e+006 780661 658949 929005 943885 823694 592281 521995 467279 493821 465603 342040 485098 553956 617838 512857 553513 520064 614399 460767 553394 492916 644941 575388 727559 636090 516911 627924 719200 543216 520069 667326 571665 679885 585458 629642 741464 849685 696264 499012 677544 678335 718626 686890 567275 1.12711e+006 797887 923040 705240
#pred surv len freq
 0.00476136 0.00783641 0.0119886 0.0172519 0.0235113 0.0303988 0.0372784 0.0434202 0.0482801 0.051675 0.0537421 0.0547708 0.0550551 0.0548315 0.0542727 0.0535033 0.052619 0.051688 0.0507083 0.0495197 0.0477322 0.0447819 0.0401787 0.0338505 0.0263442
 0.00518302 0.00845067 0.0127845 0.0181835 0.0245231 0.0314602 0.0383995 0.044632 0.0495885 0.0530196 0.0549928 0.0557681 0.0556733 0.0550259 0.0540868 0.0530348 0.0519648 0.0508952 0.0497539 0.0483327 0.0462516 0.0430227 0.0382636 0.0319818 0.0247274
 0.00542947 0.00890413 0.0135585 0.0194 0.0262654 0.03371 0.0409974 0.047303 0.0520341 0.0550224 0.0564647 0.0567185 0.0561398 0.0550281 0.0536301 0.0521414 0.0506904 0.0493133 0.0479235 0.0462822 0.044 0.0406262 0.0358495 0.0297354 0.0228324
 0.00561957 0.00920725 0.0140088 0.020039 0.0271494 0.0349106 0.042583 0.0492972 0.0543672 0.0575098 0.0588377 0.0587037 0.0575402 0.0557598 0.0537028 0.051613 0.0496337 0.0478039 0.0460381 0.044098 0.0416015 0.0381227 0.0333895 0.0274945 0.0209689
 0.00595952 0.00975415 0.01482 0.0211608 0.0286066 0.0366923 0.0446339 0.0515248 0.0566651 0.0597774 0.0609781 0.0606008 0.059047 0.0567185 0.0539894 0.0511744 0.0484929 0.0460395 0.0437582 0.0414276 0.0386847 0.035131 0.0305201 0.0249461 0.018897
 0.00618458 0.0101294 0.0154022 0.0220087 0.0297686 0.0381876 0.0464331 0.0535438 0.0587806 0.0618569 0.062907 0.062293 0.0604333 0.0577256 0.0545275 0.0511474 0.0478283 0.0447176 0.0418266 0.0389979 0.0359231 0.0322451 0.0277389 0.022484 0.0169093
 0.00641499 0.0105182 0.0160137 0.0229118 0.0310228 0.0398196 0.0484135 0.0557782 0.0611222 0.0641361 0.0649627 0.0639966 0.0616996 0.0585094 0.0548066 0.0509019 0.0470303 0.0433427 0.0398817 0.036551 0.033118 0.0292942 0.0248903 0.0199705 0.0148935
 0.00665075 0.010898 0.0165798 0.0237043 0.0320757 0.0411528 0.0500211 0.0576181 0.0631128 0.0661627 0.0668903 0.065687 0.0630309 0.0593911 0.0551855 0.0507549 0.0463504 0.0421304 0.0381524 0.0343577 0.0305773 0.0265928 0.0222612 0.0176399 0.0130224
 0.0069057 0.0113057 0.0171806 0.0245305 0.033145 0.0424599 0.0515288 0.0592575 0.064796 0.0678007 0.0684045 0.0670084 0.0640931 0.0601273 0.055533 0.0506634 0.0457882 0.0410862 0.0366393 0.0324253 0.0283281 0.0241902 0.0199121 0.0155499 0.0113408
 0.00715656 0.0117131 0.0177921 0.0253881 0.0342745 0.0438554 0.053139 0.0609839 0.0665112 0.0693782 0.0697454 0.0680526 0.0648139 0.0605169 0.0555867 0.05037 0.0451297 0.0400465 0.0352184 0.0306573 0.0262968 0.0220351 0.0178123 0.0136848 0.00984148
 0.00735515 0.0120575 0.0183495 0.0262319 0.0354654 0.0454116 0.0550093 0.0630416 0.0685769 0.0712613 0.0712847 0.0691414 0.065408 0.060627 0.0552595 0.0496644 0.0440962 0.0387189 0.0336217 0.0288267 0.0243005 0.019986 0.0158572 0.0119714 0.0084763
 0.00727203 0.0119727 0.0183165 0.0263362 0.0358082 0.0460804 0.0560475 0.0644299 0.0702305 0.0730414 0.0730195 0.070656 0.0665562 0.061317 0.0554631 0.049407 0.0434351 0.03772 0.0323473 0.0273383 0.0226725 0.0183171 0.0142676 0.0105799 0.00736805
 0.00722161 0.0118918 0.0182003 0.0261905 0.03566 0.0459883 0.0561028 0.0647389 0.0708772 0.0740462 0.0743159 0.0720997 0.0679618 0.0625043 0.0562951 0.0498097 0.0433969 0.0372776 0.0315662 0.026299 0.0214661 0.0170459 0.013041 0.00949909 0.00650408
 0.0072919 0.0119755 0.0182701 0.0262031 0.0355696 0.0457691 0.0557702 0.0643588 0.070558 0.0739137 0.0744774 0.072606 0.0687817 0.0635246 0.0573487 0.0507219 0.0440292 0.0375539 0.0314762 0.0258864 0.020812 0.0162532 0.0122184 0.00874436 0.00588614
 0.00742764 0.0121788 0.0185418 0.026527 0.0359102 0.0460729 0.0559718 0.0643973 0.0704029 0.0735898 0.0740725 0.0722506 0.068604 0.0636017 0.0576757 0.0512123 0.0445461 0.0379563 0.0316614 0.0258134 0.0205024 0.015776 0.0116664 0.00820807 0.00543282
 0.00769898 0.0125913 0.0191079 0.0272364 0.0367287 0.0469434 0.0568154 0.0651172 0.0708985 0.0737815 0.0739293 0.0718073 0.06796 0.0628953 0.0570419 0.050738 0.0442447 0.0377725 0.0315039 0.0255981 0.0201859 0.015366 0.0112101 0.00776752 0.00506022
 0.00786155 0.0128482 0.0194795 0.0277334 0.0373465 0.0476552 0.0575673 0.0658319 0.0714898 0.0741745 0.0740768 0.0716967 0.0676147 0.0623729 0.0564268 0.0501245 0.0437097 0.0373511 0.0311817 0.0253275 0.0199158 0.0150691 0.0108923 0.00745859 0.00479387
 0.00796364 0.0130203 0.0197495 0.0281292 0.037888 0.0483423 0.0583679 0.0666795 0.072294 0.0748404 0.0745245 0.0718759 0.0675107 0.0620077 0.0558556 0.0494268 0.0429738 0.0366544 0.0305722 0.0248169 0.0194883 0.0147008 0.0105688 0.00718012 0.00456882
 0.0080343 0.0131165 0.0198612 0.028239 0.0379809 0.0484182 0.0584495 0.0668057 0.0725017 0.0751425 0.0748974 0.0722629 0.0678397 0.0622135 0.0558986 0.049303 0.0427134 0.0363101 0.0302009 0.0244625 0.0191734 0.0144301 0.010339 0.00698885 0.00441707
 0.00820153 0.0133643 0.0201881 0.0286252 0.0383904 0.0488056 0.0587688 0.0670216 0.0726015 0.0751434 0.0748419 0.0721986 0.0677955 0.0621856 0.0558556 0.0492054 0.0425354 0.0360518 0.0298869 0.0241294 0.0188557 0.0141506 0.0101077 0.0068073 0.00428218
 0.00813842 0.0132955 0.0201456 0.028656 0.0385396 0.0490913 0.0591639 0.0674566 0.0729889 0.0754128 0.0749646 0.0721922 0.067708 0.0620694 0.0557448 0.0491056 0.0424302 0.0359191 0.0297151 0.0239244 0.0186367 0.0139407 0.00992496 0.00666119 0.00417437
 0.00785328 0.012867 0.0195687 0.0279561 0.0377739 0.0483449 0.0585398 0.0670561 0.072882 0.0756099 0.0754093 0.0727845 0.0683442 0.0626756 0.0562866 0.0495758 0.0428293 0.0362436 0.0299581 0.0240829 0.0187182 0.0139625 0.00990941 0.00662866 0.00413956
 0.00772221 0.0126543 0.019251 0.0275164 0.0372108 0.0476841 0.0578433 0.0664183 0.0724089 0.0753876 0.075476 0.0731186 0.0688736 0.0633034 0.0569209 0.0501518 0.0433151 0.0366318 0.0302527 0.0242915 0.0188506 0.0140323 0.0099338 0.00662591 0.004125
 0.00780647 0.0127594 0.0193499 0.0275635 0.0371529 0.0474796 0.0574806 0.0659241 0.0718452 0.0748392 0.0750326 0.0728542 0.0688273 0.0634684 0.0572486 0.0505692 0.0437488 0.0370261 0.0305767 0.0245353 0.0190179 0.0141347 0.00998673 0.0066459 0.00412679
 0.00772506 0.0126366 0.0191815 0.0273479 0.0368864 0.0471519 0.0570751 0.0654287 0.0712681 0.0742227 0.0744537 0.0724082 0.0685999 0.0635087 0.0575542 0.0510886 0.0443977 0.0377116 0.0312196 0.0250829 0.0194464 0.0144441 0.0101927 0.00677147 0.00419625
 0.00766771 0.012546 0.0190505 0.0271729 0.0366689 0.0468997 0.0568017 0.0651482 0.0709888 0.0739431 0.0741691 0.072125 0.0683477 0.0633389 0.0575221 0.0512285 0.0447057 0.0381448 0.0317107 0.025563 0.0198628 0.0147693 0.0104229 0.00691941 0.00428246
 0.00765474 0.0125112 0.018973 0.0270263 0.0364291 0.0465574 0.0563726 0.0646738 0.070525 0.0735428 0.0738666 0.0719304 0.0682534 0.0633336 0.057603 0.0514035 0.0449837 0.0385205 0.0321561 0.0260309 0.0203015 0.0151382 0.0107022 0.00711029 0.00440022
 0.00777102 0.012682 0.019195 0.0272813 0.0366851 0.0467726 0.0565019 0.0646778 0.0703821 0.0732594 0.0734792 0.0714952 0.0678288 0.062965 0.0573179 0.0512161 0.0449012 0.0385443 0.0322769 0.0262246 0.0205317 0.0153654 0.0108956 0.00725456 0.00449532
 0.00774702 0.0126484 0.0191542 0.0272374 0.0366413 0.0467269 0.0564448 0.064594 0.0702561 0.0730837 0.07326 0.071254 0.0675976 0.0627778 0.0572019 0.0511862 0.0449598 0.0386842 0.0324837 0.0264773 0.020803 0.0156253 0.0111183 0.00742515 0.00461191
 0.00776744 0.0126741 0.0191794 0.027253 0.0366382 0.0467012 0.0563997 0.0645379 0.070196 0.073019 0.0731818 0.0711511 0.0674659 0.0626266 0.0570532 0.0510679 0.0448961 0.038689 0.032558 0.0266096 0.0209722 0.0158057 0.0112853 0.00756135 0.00471018
 0.00767242 0.0125322 0.018989 0.0270202 0.0363747 0.0464204 0.0561155 0.0642659 0.0699561 0.072834 0.073072 0.0711265 0.0675214 0.0627438 0.0572093 0.0512454 0.045088 0.0388962 0.0327828 0.026849 0.0212157 0.0160368 0.0114869 0.00772118 0.0048245
 0.00762272 0.0124534 0.0188746 0.026867 0.0361849 0.0462036 0.0558898 0.0640545 0.0697805 0.0727074 0.0729971 0.0710995 0.0675369 0.0627977 0.0572972 0.0513613 0.0452251 0.0390493 0.0329489 0.0270256 0.0213969 0.0162124 0.0116444 0.00784985 0.00491934
 0.00762282 0.0124506 0.0188648 0.0268444 0.0361429 0.0461374 0.0557982 0.063942 0.0696567 0.0725849 0.0728887 0.0710145 0.0674801 0.0627697 0.0572969 0.0513872 0.0452755 0.0391223 0.0330418 0.0271344 0.0215158 0.0163332 0.0117572 0.00794548 0.00499231
 0.0076686 0.0125112 0.0189305 0.0268974 0.036162 0.0461057 0.0557097 0.0638033 0.0694844 0.0724006 0.072714 0.0708679 0.0673743 0.0627106 0.0572835 0.0514138 0.0453345 0.0392058 0.033143 0.0272469 0.0216331 0.0164478 0.0118611 0.0080322 0.00505804
 0.00762777 0.0124478 0.0188399 0.0267762 0.0360071 0.0459135 0.0554785 0.0635365 0.0691956 0.0721153 0.0724665 0.0706926 0.0672961 0.0627378 0.0574075 0.0516137 0.0455839 0.0394793 0.033419 0.0275094 0.0218704 0.0166519 0.0120273 0.0081589 0.00514752
 0.00753803 0.01232 0.0186811 0.026604 0.0358441 0.0457787 0.0553792 0.063467 0.0691405 0.0720573 0.0723943 0.0706073 0.0672123 0.0626791 0.0573972 0.0516657 0.0456984 0.0396439 0.0336143 0.0277145 0.0220672 0.016827 0.0121722 0.00827018 0.00522632
 0.00745234 0.0121788 0.0184668 0.0263028 0.0354543 0.0453196 0.0548961 0.0630248 0.0688041 0.0718681 0.0723569 0.0706941 0.0673812 0.0628929 0.0576344 0.0519204 0.0459718 0.0399353 0.033916 0.0280121 0.0223435 0.0170667 0.0123659 0.00841509 0.00532619
 0.00754827 0.0123133 0.0186287 0.0264668 0.0355852 0.0453823 0.0548661 0.0628952 0.068589 0.071601 0.0720823 0.0704537 0.0672013 0.0627792 0.0575776 0.0519069 0.0459928 0.0399876 0.0339982 0.0281192 0.0224651 0.0171891 0.0124759 0.00850413 0.00539111
 0.0075827 0.0123745 0.0187292 0.0266175 0.0357886 0.0456234 0.0551071 0.0630818 0.0686679 0.0715416 0.0718904 0.0701693 0.0668825 0.0624816 0.0573388 0.0517414 0.0458973 0.0399506 0.034007 0.0281624 0.0225316 0.0172668 0.012553 0.00857081 0.00544213
 0.00767482 0.0125226 0.0189487 0.0269216 0.0361846 0.0461072 0.0556566 0.0636517 0.0691921 0.0719436 0.0721016 0.0701492 0.066633 0.0620479 0.056795 0.0511678 0.0453592 0.0394886 0.0336381 0.0278866 0.0223394 0.0171438 0.0124822 0.00853574 0.00542825
 0.00759329 0.0124064 0.0188046 0.0267676 0.036047 0.046015 0.0556353 0.0637194 0.0693554 0.0721928 0.072407 0.0704625 0.0668972 0.0622143 0.05684 0.0511002 0.0452145 0.0393132 0.0334725 0.0277561 0.0222524 0.0170966 0.0124647 0.00853595 0.00543629
 0.00746469 0.0122131 0.0185439 0.0264498 0.0356954 0.0456638 0.0553271 0.0634997 0.0692637 0.0722514 0.0726131 0.0707869 0.0672905 0.0626169 0.0571953 0.0513676 0.0453786 0.0393852 0.0334815 0.0277358 0.0222294 0.0170846 0.0124659 0.00854627 0.00544971
 0.00747388 0.0122133 0.0185177 0.0263739 0.035549 0.0454412 0.055047 0.0632047 0.0690082 0.0720848 0.0725654 0.070864 0.0674754 0.0628757 0.0574839 0.0516406 0.0455994 0.0395336 0.0335582 0.0277579 0.0222211 0.0170673 0.0124526 0.00854081 0.00545051
 0.00740094 0.0121041 0.01837 0.0261894 0.03533 0.0451871 0.0547543 0.0628743 0.0686551 0.0717447 0.0722914 0.070711 0.0674809 0.0630459 0.0577916 0.0520347 0.0460196 0.0399264 0.0338873 0.028009 0.0223986 0.0171866 0.0125309 0.00859216 0.00548404
 0.00730875 0.0119631 0.0181748 0.025942 0.0350406 0.0448726 0.0544372 0.0625778 0.0683978 0.0715362 0.0721347 0.0706109 0.0674507 0.0631057 0.0579572 0.0523042 0.046368 0.0403113 0.034262 0.0283362 0.0226585 0.0173768 0.0126609 0.00867616 0.00553575
 0.00734756 0.0120114 0.0182204 0.0259651 0.0350197 0.0447942 0.0543026 0.0624037 0.0682086 0.0713542 0.0719726 0.070472 0.0673352 0.0630183 0.0579107 0.0523154 0.0464478 0.0404554 0.0344493 0.028536 0.0228417 0.0175247 0.012768 0.00874672 0.00557858
 0.00737987 0.0120548 0.0182682 0.0260033 0.0350289 0.044753 0.0541936 0.0622196 0.0679579 0.0710634 0.0716815 0.0702222 0.0671574 0.0629252 0.0578997 0.0523767 0.0465709 0.0406297 0.0346605 0.0287636 0.0230614 0.0177152 0.0129166 0.00885132 0.00564533
 0.00730156 0.0119284 0.0180798 0.0257413 0.0346865 0.0443327 0.0537114 0.0617059 0.0674543 0.070615 0.0713307 0.0700032 0.0670921 0.0630194 0.0581412 0.0527376 0.0470144 0.0411176 0.0351578 0.0292394 0.0234894 0.0180749 0.0131968 0.00905195 0.00577658
 0.00722438 0.011811 0.017918 0.0255357 0.034441 0.0440526 0.0534024 0.0613757 0.0671142 0.070282 0.0710271 0.0697555 0.0669277 0.0629625 0.0582066 0.0529266 0.0473127 0.0414973 0.0355829 0.0296721 0.0238951 0.0184266 0.0134779 0.00925816 0.00591454
 0.00721175 0.0117872 0.0178763 0.0254685 0.0343425 0.0439218 0.0532452 0.061203 0.0669367 0.0701054 0.0708515 0.0695803 0.0667591 0.0628169 0.0581088 0.0529021 0.0473784 0.0416547 0.0358167 0.0299539 0.0241905 0.018703 0.0137113 0.00943656 0.00603781
 0.00714769 0.0116722 0.0176838 0.0251689 0.0339122 0.0433568 0.0525733 0.0604852 0.0662553 0.0695423 0.0704676 0.0694034 0.0667828 0.0630104 0.0584316 0.0533171 0.0478578 0.0421781 0.0363641 0.0305003 0.0247059 0.0191575 0.0140824 0.00971486 0.00622826
 0.00722714 0.011794 0.0178518 0.0253777 0.0341434 0.0435767 0.0527335 0.0605325 0.0661487 0.0692718 0.0700635 0.0689287 0.0663129 0.0626103 0.0581418 0.0531515 0.0478111 0.042235 0.0365048 0.0307016 0.0249406 0.0193963 0.0142987 0.00989023 0.00635558
 0.0071913 0.0117566 0.0178337 0.0254097 0.0342565 0.0437863 0.053026 0.0608622 0.0664475 0.069469 0.0701063 0.0687986 0.0660313 0.0622321 0.0577383 0.0527894 0.0475371 0.0420701 0.0364477 0.0307353 0.0250392 0.01953 0.014439 0.0100149 0.0064521
 0.00709234 0.0116154 0.0176589 0.0252252 0.034099 0.0436983 0.0530468 0.061016 0.066732 0.0698467 0.0705074 0.069138 0.0662359 0.0622656 0.0576111 0.0525516 0.0472579 0.0418144 0.0362597 0.0306326 0.025016 0.0195655 0.0145064 0.0100898 0.00651754
 0.00693532 0.0113478 0.0172357 0.024604 0.0332579 0.0426612 0.051902 0.0599114 0.0658402 0.0693128 0.070405 0.0694511 0.0668713 0.0630864 0.058479 0.0533629 0.047961 0.0424052 0.0367617 0.0310731 0.0254108 0.019915 0.0148019 0.0103223 0.00668513
 0.00694949 0.0113499 0.017199 0.0244869 0.0330104 0.0422381 0.0512801 0.0591061 0.064916 0.0683819 0.0696086 0.068924 0.0667002 0.063282 0.0589756 0.054046 0.0487087 0.043124 0.037401 0.0316198 0.0258708 0.0202972 0.0151107 0.0105593 0.00685412
 0.00704385 0.0115107 0.017452 0.0248539 0.0334952 0.0428091 0.0518585 0.0595739 0.0651477 0.0682897 0.0691794 0.0682306 0.0658812 0.0624971 0.058356 0.0536575 0.0485452 0.0431284 0.0375008 0.0317561 0.0260096 0.0204244 0.0152217 0.0106517 0.00692583
 0.00703965 0.0115261 0.0175167 0.0250102 0.0337884 0.0432699 0.0524843 0.0603164 0.0659124 0.0689505 0.0696062 0.0683266 0.0656175 0.0619284 0.0576051 0.0528741 0.0478557 0.0426032 0.0371496 0.0315476 0.0258994 0.0203743 0.0152061 0.0106546 0.0069371
#obs surv len freq
 0.00497306 0.00814507 0.0123877 0.017714 0.0239974 0.030872 0.0377125 0.0437961 0.0485729 0.0518421 0.0537223 0.0544981 0.0544884 0.0539897 0.0532623 0.0525202 0.0519089 0.0514638 0.0510466 0.0502879 0.0486054 0.0453685 0.0402 0.0332687 0.0253563
 0.00518034 0.00848587 0.0129078 0.0184586 0.0250024 0.0321507 0.0392409 0.0455078 0.050368 0.0536059 0.0553428 0.0558758 0.0555385 0.0546416 0.0534597 0.0522245 0.0511064 0.0501738 0.0493284 0.0482445 0.0463803 0.0431334 0.038131 0.0315125 0.0239984
 0.00540659 0.00885541 0.0134674 0.0192534 0.0260685 0.0335017 0.0408548 0.0473202 0.0522803 0.0555019 0.0571061 0.0574008 0.0567348 0.0554344 0.0537885 0.0520426 0.0503835 0.0489054 0.0475499 0.0460457 0.0439113 0.0405941 0.0357392 0.0294574 0.022396
 0.00563531 0.00923145 0.0140412 0.0200748 0.0271768 0.0349113 0.0425392 0.0492077 0.0542643 0.0574621 0.058927 0.0589811 0.0579894 0.0562917 0.0541885 0.0519348 0.0497289 0.0476843 0.0457779 0.0437944 0.0413236 0.0378795 0.0331408 0.0271967 0.0206171
 0.00589451 0.00965334 0.0146772 0.0209732 0.0283744 0.0364187 0.0443263 0.0511975 0.0563428 0.0594996 0.0607991 0.0605818 0.0592351 0.0571195 0.0545502 0.0517911 0.0490462 0.0464402 0.0439776 0.0414946 0.038655 0.0350492 0.0304025 0.0247912 0.018709
 0.00615609 0.0100826 0.0153305 0.021905 0.0296258 0.0380005 0.0462013 0.0532757 0.0584958 0.0615864 0.06269 0.0621711 0.0604432 0.0578899 0.0548438 0.0515798 0.0483078 0.0451597 0.04216 0.0391891 0.0359799 0.0322009 0.0276306 0.0223408 0.0167534
 0.00637531 0.0104454 0.0158886 0.0227114 0.0307248 0.0394117 0.0479029 0.055197 0.0605258 0.0635939 0.0645446 0.0637583 0.0616719 0.0586946 0.0551816 0.0514239 0.0476412 0.0439738 0.0404637 0.0370286 0.0334632 0.0295086 0.0249964 0.0199988 0.0148739
 0.00660564 0.0108215 0.0164579 0.0235193 0.0318068 0.04078 0.049532 0.0570186 0.0624366 0.0654744 0.0662769 0.0652379 0.0628133 0.0594335 0.0554744 0.0512443 0.0469758 0.0428203 0.0388363 0.034975 0.0310848 0.0269714 0.0225152 0.0177903 0.0130977
 0.00685189 0.0112237 0.0170662 0.0243806 0.0329544 0.0422181 0.0512209 0.0588708 0.064331 0.0672815 0.0678813 0.0665498 0.0637687 0.0599903 0.0556069 0.0509389 0.0462272 0.041632 0.0372271 0.0329929 0.028825 0.0245853 0.0201963 0.0157335 0.0114459
 0.00706554 0.0115752 0.017603 0.025149 0.0339901 0.0435311 0.0527799 0.0605978 0.0661121 0.0689888 0.0693958 0.0677755 0.0646391 0.0604668 0.055674 0.0505956 0.0454808 0.0404952 0.0357237 0.0311705 0.0267708 0.0224338 0.018117 0.0138958 0.00997315
 0.007294 0.0119498 0.0181723 0.0259591 0.0350746 0.0448948 0.0543835 0.0623529 0.0678949 0.0706641 0.0708412 0.0688959 0.0653724 0.0607833 0.0555711 0.0500901 0.0445998 0.0392708 0.034194 0.0293893 0.024821 0.0204347 0.0162144 0.0122322 0.0086499
 0.00747501 0.0122503 0.018636 0.0266304 0.0359891 0.0460644 0.0557815 0.0639083 0.0695017 0.0722012 0.0721926 0.0699653 0.0660906 0.0611111 0.0554979 0.0496289 0.0437804 0.038133 0.0327861 0.0277721 0.0230763 0.0186696 0.0145532 0.0107926 0.0075124
 0.00752825 0.0123422 0.0187852 0.0268605 0.0363271 0.0465368 0.0564074 0.0646925 0.0704279 0.0732287 0.0732566 0.0709826 0.0669713 0.0617718 0.0558741 0.0496816 0.043498 0.0375289 0.0318958 0.0266521 0.0218046 0.0173451 0.0132858 0.0096838 0.00663149
 0.00761939 0.0124773 0.0189649 0.0270785 0.0365747 0.0468095 0.0567094 0.0650369 0.0708319 0.073706 0.0738083 0.0715908 0.0675951 0.0623503 0.0563354 0.0499567 0.0435336 0.0372975 0.0314 0.0259259 0.0209114 0.0163715 0.0123296 0.00883454 0.00595089
 0.00768164 0.0125779 0.0191142 0.0272837 0.0368358 0.0471151 0.0570355 0.0653522 0.0711102 0.0739393 0.0740118 0.0717937 0.0678234 0.0626099 0.0566034 0.0501848 0.0436609 0.0372679 0.0311786 0.0255101 0.0203343 0.0156969 0.011638 0.00820381 0.00543714
 0.00771821 0.0126299 0.0191793 0.0273562 0.0369096 0.0471882 0.0571115 0.0654382 0.0712119 0.0740568 0.0741411 0.0719321 0.0679743 0.0627807 0.0567974 0.0503899 0.0438449 0.0373841 0.0311804 0.0253683 0.0200504 0.0153053 0.011197 0.00777761 0.00507674
 0.00779369 0.0127468 0.0193436 0.0275678 0.0371609 0.0474624 0.0573834 0.0656779 0.0713931 0.0741656 0.0741794 0.0719147 0.0679221 0.0627149 0.0567353 0.0503416 0.0438084 0.0373427 0.0311057 0.0252315 0.0198365 0.0150229 0.0108776 0.00746402 0.00480731
 0.00783476 0.0128086 0.0194275 0.0276719 0.0372808 0.0475925 0.0575169 0.0658069 0.071508 0.0742563 0.0742381 0.0719387 0.0679156 0.0626881 0.0567006 0.0503095 0.0437834 0.0373199 0.031071 0.0251659 0.0197249 0.0148633 0.0106845 0.00726411 0.00462829
 0.0078547 0.0128384 0.0194674 0.0277203 0.0373344 0.047647 0.0575683 0.0658519 0.0715451 0.0742862 0.0742627 0.0719597 0.0679335 0.0627021 0.0567106 0.0503166 0.043789 0.0373229 0.0310658 0.0251424 0.0196729 0.0147786 0.0105735 0.00714215 0.00451399
 0.00786433 0.0128498 0.0194767 0.0277215 0.0373213 0.0476159 0.0575203 0.0657936 0.0714868 0.0742387 0.0742351 0.0719576 0.0679579 0.0627499 0.0567751 0.0503898 0.043863 0.0373906 0.0311204 0.0251769 0.019681 0.0147576 0.0105269 0.00707998 0.00444939
 0.00789619 0.0128968 0.0195383 0.0277933 0.0373954 0.047682 0.0575674 0.0658123 0.0714717 0.0741917 0.0741654 0.0718795 0.0678865 0.0626966 0.0567456 0.0503833 0.0438742 0.0374119 0.0311433 0.0251933 0.0196843 0.0147443 0.0104979 0.00704082 0.0044079
 0.0078956 0.0128935 0.0195291 0.0277737 0.0373611 0.0476306 0.0574999 0.0657333 0.0713887 0.0741128 0.0740984 0.0718314 0.067863 0.0627017 0.0567803 0.050445 0.0439564 0.037505 0.0312364 0.0252759 0.0197484 0.0147854 0.0105163 0.00704106 0.00439718
 0.00791897 0.012929 0.0195775 0.0278337 0.0374281 0.0476975 0.0575569 0.0657696 0.0713953 0.0740855 0.07404 0.0717507 0.0677725 0.0626146 0.0567079 0.0503951 0.0439321 0.0375045 0.0312535 0.025302 0.0197744 0.0148046 0.0105254 0.00704056 0.00439032
 0.00789979 0.012901 0.0195415 0.0277924 0.0373858 0.0476584 0.0575243 0.0657449 0.0713782 0.0740742 0.0740317 0.0717433 0.0677656 0.0626098 0.0567088 0.0504057 0.0439555 0.0375412 0.0313008 0.0253542 0.0198247 0.0148466 0.0105554 0.00705815 0.00439791
 0.0079039 0.0129008 0.0195287 0.027756 0.0373162 0.0475529 0.0573914 0.0656037 0.0712519 0.0739823 0.0739839 0.0717385 0.0677954 0.0626632 0.056776 0.0504801 0.0440335 0.0376212 0.0313812 0.025432 0.0198956 0.0149062 0.0106007 0.00708878 0.00441587
 0.00785359 0.0128232 0.0194194 0.0276132 0.0371403 0.0473465 0.0571604 0.0653599 0.0710147 0.0737777 0.0738398 0.0716767 0.0678249 0.0627771 0.0569547 0.0506981 0.0442665 0.03785 0.0315931 0.0256192 0.0200534 0.0150323 0.0106949 0.00715379 0.00445676
 0.00788739 0.012865 0.0194583 0.0276314 0.0371181 0.0472706 0.0570299 0.0651867 0.0708184 0.0735791 0.0736572 0.0715266 0.0677221 0.0627339 0.0569763 0.05078 0.0443948 0.0380057 0.0317567 0.0257751 0.0201908 0.0151449 0.0107809 0.00721435 0.00449579
 0.00784792 0.0128103 0.0193929 0.0275633 0.0370546 0.0472119 0.0569664 0.0651027 0.0707016 0.0734301 0.073492 0.0713712 0.0676033 0.0626711 0.0569788 0.0508472 0.0445175 0.0381683 0.0319397 0.0259586 0.0203583 0.0152854 0.0108894 0.00729151 0.00454603
 0.00782528 0.0127698 0.0193258 0.0274613 0.036914 0.0470386 0.0567783 0.0649253 0.0705582 0.0733307 0.0734321 0.0713383 0.067588 0.0626736 0.0570073 0.0509116 0.0446226 0.0383105 0.0321075 0.0261356 0.0205274 0.0154327 0.0110066 0.00737663 0.00460237
 0.00777378 0.0126867 0.0192018 0.0272885 0.0366873 0.0467595 0.0564584 0.0645888 0.0702396 0.073069 0.0732596 0.0712724 0.0676264 0.0627983 0.057194 0.0511382 0.0448735 0.0385749 0.0323754 0.026395 0.0207645 0.0156352 0.0111667 0.00749299 0.00467964
 0.00774827 0.0126411 0.0191257 0.0271698 0.0365155 0.0465299 0.0561769 0.064273 0.0699164 0.0727693 0.0730142 0.0711075 0.0675601 0.0628364 0.0573282 0.0513486 0.0451349 0.0388625 0.0326683 0.0266762 0.0210197 0.0158529 0.0113397 0.00761989 0.00476481
 0.00771415 0.0125848 0.0190395 0.0270455 0.0363462 0.0463119 0.055913 0.0639744 0.0696023 0.0724653 0.0727484 0.0709071 0.0674469 0.0628238 0.0574188 0.0515331 0.0453936 0.039169 0.032994 0.0269951 0.0213106 0.0161007 0.0115362 0.00776395 0.00486172
 0.00768372 0.0125376 0.0189722 0.0269564 0.0362343 0.0461769 0.0557552 0.0637955 0.0694068 0.0722608 0.0725467 0.0707239 0.0673014 0.0627355 0.0574034 0.0515988 0.0455379 0.0393784 0.0332464 0.027264 0.0215703 0.0163306 0.0117231 0.0079034 0.00495677
 0.00767231 0.0125179 0.0189406 0.026909 0.036168 0.0460909 0.0556519 0.0636802 0.0692854 0.0721378 0.0724244 0.0706047 0.06719 0.0626417 0.0573412 0.0515831 0.0455797 0.0394802 0.0334003 0.0274525 0.0217706 0.0165203 0.011885 0.00802835 0.00504405
 0.00765566 0.0124918 0.0189031 0.0268587 0.0361041 0.0460135 0.0555624 0.0635817 0.0691827 0.0720371 0.0723318 0.0705244 0.0671244 0.0625922 0.0573106 0.0515771 0.045606 0.0395455 0.0335059 0.0275915 0.0219285 0.0166784 0.0120263 0.00814139 0.00512521
 0.00761625 0.0124324 0.0188224 0.0267587 0.0359896 0.045891 0.0554393 0.0634657 0.0690812 0.0719554 0.072273 0.0704892 0.0671119 0.0626003 0.0573373 0.0516213 0.0456687 0.039629 0.0336119 0.027718 0.022068 0.0168187 0.0121538 0.00824562 0.00520163
 0.00759351 0.0123929 0.0187587 0.0266634 0.0358578 0.0457249 0.0552504 0.0632743 0.0689106 0.0718252 0.0721936 0.0704611 0.0671288 0.0626528 0.0574158 0.0517182 0.0457789 0.0397497 0.0337417 0.027855 0.0222076 0.0169532 0.012274 0.00834379 0.00527413
 0.00759237 0.0123891 0.018749 0.0266429 0.0358205 0.0456644 0.0551623 0.0631583 0.068773 0.0716791 0.072057 0.0703524 0.0670611 0.062631 0.0574369 0.0517741 0.0458601 0.039848 0.033851 0.0279706 0.0223245 0.0170653 0.0123744 0.00842649 0.00533603
 0.00757296 0.0123645 0.0187247 0.0266275 0.0358225 0.045687 0.0552001 0.0631973 0.0687952 0.0716697 0.0720101 0.0702731 0.0669642 0.0625355 0.05736 0.0517268 0.0458457 0.039864 0.0338914 0.0280284 0.0223928 0.017137 0.0124426 0.0084852 0.00538156
 0.00755743 0.0123382 0.0186838 0.0265691 0.0357472 0.0456016 0.0551178 0.0631349 0.0687659 0.071676 0.0720416 0.0703117 0.0669928 0.0625459 0.0573551 0.0517173 0.0458438 0.0398783 0.0339248 0.0280784 0.0224536 0.0172015 0.0125037 0.00853759 0.00542203
 0.00753273 0.0122996 0.0186286 0.0264956 0.0356551 0.0454925 0.0549964 0.0630106 0.0686525 0.0715897 0.0719965 0.0703138 0.0670371 0.0626182 0.0574386 0.051799 0.0459191 0.039949 0.0339954 0.0281517 0.0225287 0.0172746 0.0125697 0.00859219 0.00546314
 0.00752931 0.0122923 0.0186143 0.0264706 0.0356156 0.0454366 0.0549251 0.0629278 0.0685649 0.0715054 0.071924 0.0702621 0.0670134 0.0626257 0.0574744 0.0518551 0.0459852 0.0400174 0.0340622 0.0282163 0.0225913 0.0173339 0.0126232 0.00863686 0.00549715
 0.00750545 0.0122556 0.018563 0.0264042 0.0355351 0.0453437 0.0548229 0.0628212 0.0684604 0.071411 0.0718482 0.0702122 0.066995 0.0626416 0.0575239 0.0519336 0.0460845 0.0401272 0.0341731 0.0283211 0.0226857 0.0174156 0.0126908 0.00868957 0.00553535
 0.00749938 0.0122444 0.0185437 0.0263735 0.0354902 0.0452839 0.0547507 0.0627418 0.0683805 0.0713365 0.0717834 0.0701605 0.0669595 0.0626261 0.0575316 0.0519661 0.0461403 0.0402016 0.0342585 0.0284094 0.0227696 0.0174899 0.0127523 0.00873722 0.00556954
 0.00751021 0.0122605 0.0185649 0.0263983 0.0355155 0.0453052 0.0547625 0.0627388 0.068359 0.0712961 0.0717273 0.0700949 0.0668919 0.0625637 0.0574812 0.051933 0.046128 0.0402109 0.0342867 0.0284512 0.0228182 0.0175384 0.0127957 0.00877233 0.00559539
 0.00750736 0.0122592 0.0185689 0.0264127 0.035545 0.0453513 0.0548214 0.0628012 0.0684126 0.0713294 0.0717329 0.0700711 0.0668428 0.0624975 0.0574081 0.0518632 0.0460702 0.0401707 0.0342666 0.0284498 0.0228311 0.0175599 0.0128197 0.00879444 0.00561297
 0.00750736 0.0122592 0.0185689 0.0264127 0.035545 0.0453513 0.0548214 0.0628012 0.0684126 0.0713294 0.0717329 0.0700711 0.0668428 0.0624975 0.0574081 0.0518632 0.0460702 0.0401707 0.0342666 0.0284498 0.0228311 0.0175599 0.0128197 0.00879444 0.00561297
 0.00731406 0.0119546 0.0181302 0.0258291 0.0348245 0.0445284 0.0539622 0.0619984 0.0677658 0.0709187 0.0715979 0.0702057 0.0672043 0.0630235 0.0580322 0.0525265 0.0467271 0.0407894 0.0348266 0.0289385 0.0232415 0.0178891 0.0130696 0.00897214 0.00573017
 0.00732725 0.0119531 0.0180854 0.0257005 0.03457 0.0441217 0.0534084 0.0613397 0.0670748 0.0702813 0.0710954 0.0698988 0.0671227 0.0631621 0.0583559 0.0529814 0.0472539 0.0413348 0.0353491 0.0294096 0.023644 0.0182149 0.0133182 0.00914951 0.00584744
 0.00731865 0.011945 0.0180823 0.0257055 0.0345783 0.0441124 0.0533433 0.0611729 0.0667729 0.0698459 0.0705722 0.0693682 0.066676 0.0628741 0.058266 0.0530885 0.0475232 0.041712 0.0357755 0.0298341 0.0240288 0.0185373 0.013569 0.00933024 0.00596759
 0.00718199 0.0117281 0.017767 0.0252821 0.0340507 0.0435047 0.0527014 0.0605566 0.0662385 0.069427 0.0702751 0.0691836 0.0665986 0.0629143 0.0584451 0.0534227 0.0480073 0.0423136 0.036441 0.0305014 0.0246421 0.0190568 0.0139753 0.00962326 0.00616178
 0.00724386 0.0118154 0.0178731 0.0253907 0.0341383 0.0435455 0.0526733 0.0604469 0.0660474 0.0691679 0.0699708 0.0688596 0.066278 0.0626192 0.0582012 0.0532608 0.0479569 0.04239 0.0366357 0.030782 0.0249615 0.0193677 0.0142423 0.00982837 0.0063036
 0.00723276 0.0118107 0.0178898 0.0254483 0.0342526 0.0437169 0.0528784 0.060641 0.0661781 0.0691943 0.0698768 0.0686567 0.0659976 0.0623008 0.0578846 0.0529823 0.0477484 0.0422761 0.0366279 0.0308726 0.0251239 0.0195637 0.0144343 0.00998948 0.006422
 0.00719102 0.0117438 0.0177923 0.0253191 0.0340986 0.0435568 0.0527423 0.0605621 0.0661779 0.069269 0.0699947 0.0687707 0.0660658 0.062303 0.0578267 0.05289 0.0476565 0.0422182 0.0366283 0.0309405 0.0252506 0.019726 0.0146025 0.0101379 0.00653581
 0.00706478 0.0115439 0.017502 0.0249278 0.0336067 0.0429806 0.0521204 0.0599556 0.0656622 0.0689156 0.0698508 0.0688447 0.0663248 0.0626853 0.058263 0.0533254 0.0480618 0.0425894 0.0369753 0.0312744 0.025574 0.0200299 0.0148707 0.0103554 0.00669554
 0.00700429 0.0114338 0.0173147 0.024632 0.0331754 0.0424052 0.0514227 0.0591911 0.0649102 0.0682627 0.0693743 0.0685993 0.0663336 0.0629351 0.0587065 0.0538935 0.0486826 0.0432054 0.0375523 0.0317974 0.0260381 0.0204312 0.0152032 0.0106141 0.00688122
 0.00710138 0.0115892 0.017542 0.0249364 0.0335461 0.0428069 0.051792 0.0594464 0.0649764 0.0681003 0.0689975 0.0680736 0.0657545 0.0623989 0.0582856 0.0536222 0.048557 0.0431955 0.0376189 0.0319068 0.0261668 0.0205643 0.0153295 0.010724 0.00696797
 0.00709727 0.0115971 0.0175809 0.025033 0.0337276 0.0430889 0.0521663 0.0598747 0.0653929 0.0684252 0.0691578 0.0680251 0.065499 0.0619864 0.0577989 0.0531504 0.0481689 0.0429252 0.0374663 0.0318497 0.0261753 0.0206106 0.0153922 0.0107877 0.00702276
#pred catch len freq
 0.00372072 0.00602212 0.00904876 0.0128298 0.0173833 0.0226628 0.0284903 0.0345517 0.0404638 0.0458582 0.0504371 0.0540088 0.0565111 0.0580071 0.0586497 0.0586354 0.0581689 0.0574274 0.0564922 0.0552437 0.053284 0.050005 0.0448703 0.0378051 0.0294225
 0.00410064 0.00657836 0.0097756 0.0136923 0.01834 0.0236952 0.0296153 0.0358003 0.041837 0.0472884 0.0517858 0.0551083 0.0572278 0.0582906 0.0585407 0.058232 0.0575692 0.0566767 0.0555605 0.054049 0.0517558 0.0481568 0.0428351 0.0358046 0.0276837
 0.00432575 0.00697452 0.0104238 0.0146767 0.0197172 0.0254548 0.0316547 0.0379422 0.0438884 0.0491051 0.0532958 0.056283 0.0580364 0.0586821 0.0584676 0.0576873 0.0565994 0.0553569 0.0539527 0.0521811 0.0496422 0.0458498 0.0404642 0.0335649 0.0257735
 0.00456762 0.00735343 0.0109729 0.0154316 0.0207263 0.0267832 0.033368 0.0400646 0.0463521 0.0517255 0.0558013 0.0583945 0.0595486 0.0595013 0.0585923 0.057165 0.0554963 0.0537478 0.0519186 0.0498063 0.0470203 0.0431021 0.0377558 0.0310916 0.0237128
 0.00486946 0.00783194 0.0116706 0.016381 0.0219471 0.0282788 0.0351232 0.0420472 0.0485185 0.0540172 0.0581263 0.060604 0.0614387 0.0608522 0.0592294 0.0570036 0.0545468 0.0520893 0.0496676 0.0470994 0.0440154 0.0399859 0.0347431 0.0283996 0.0215136
 0.00514048 0.00826744 0.0123175 0.0172821 0.023136 0.0297711 0.036903 0.0440595 0.0506723 0.0562021 0.0602316 0.0625287 0.063086 0.0621149 0.0599834 0.0571237 0.0539404 0.0507292 0.0476056 0.044462 0.0409901 0.0368071 0.0316684 0.0256708 0.0193065
 0.00538856 0.0086725 0.0129316 0.018158 0.0243211 0.0312949 0.0387609 0.0461988 0.0529909 0.0585589 0.0624676 0.0644922 0.0646545 0.0632034 0.0605352 0.0570913 0.0532757 0.0493951 0.0456059 0.041872 0.0379726 0.0336018 0.0285553 0.0229128 0.0170883
 0.00563505 0.00906234 0.0135001 0.0189362 0.0253374 0.0325738 0.0403152 0.0480165 0.0550213 0.0607062 0.0645958 0.0664424 0.0662715 0.0643611 0.0611493 0.0571158 0.0526885 0.0481882 0.0437924 0.0395111 0.0351964 0.0306234 0.0256402 0.0203191 0.0150008
 0.00590589 0.00948757 0.0141126 0.0197583 0.0263801 0.0338348 0.041775 0.0496356 0.0567423 0.0624594 0.066302 0.0680131 0.0676085 0.0653626 0.0617215 0.0571854 0.0522092 0.0471417 0.0421915 0.0374118 0.0327167 0.0279509 0.0230125 0.0179727 0.0131083
 0.00620997 0.00996768 0.0148088 0.0206988 0.0275769 0.0352775 0.0434219 0.0514094 0.0585386 0.0641645 0.0678138 0.0692539 0.0685272 0.0659275 0.0619085 0.0569692 0.0515622 0.0460424 0.0406395 0.0354467 0.030436 0.0255161 0.0206308 0.0158518 0.0114003
 0.00642737 0.0103301 0.0153713 0.021519 0.028704 0.0367334 0.0451804 0.0533856 0.0605951 0.0661351 0.0695331 0.0705865 0.0693887 0.0662902 0.0617913 0.0564143 0.0506122 0.0447281 0.0389865 0.0334956 0.0282666 0.02326 0.0184593 0.0139374 0.00986878
 0.00640046 0.0103241 0.015434 0.0217244 0.0291406 0.0374825 0.0462907 0.0548525 0.0623506 0.0680495 0.0714308 0.0722757 0.0706992 0.0671068 0.0620688 0.0561698 0.049902 0.0436226 0.0375545 0.0318074 0.0264084 0.0213472 0.0166321 0.0123347 0.00859059
 0.00634059 0.0102316 0.0153074 0.0215747 0.0290012 0.0374174 0.0463942 0.0552323 0.0630917 0.0691735 0.0728709 0.0738824 0.0722747 0.0684518 0.063025 0.0566456 0.0498763 0.0431312 0.036669 0.0306187 0.0250215 0.019881 0.0152143 0.0110836 0.00758943
 0.00638834 0.0102851 0.0153432 0.0215567 0.0288914 0.0371946 0.0460738 0.0548765 0.0628066 0.0690874 0.0730985 0.0744821 0.0732163 0.0696125 0.064219 0.0576758 0.0505848 0.04343 0.0365456 0.0301233 0.0242477 0.018948 0.0142485 0.0101987 0.00686555
 0.00652949 0.010495 0.0156208 0.0218829 0.0292279 0.0374862 0.0462561 0.0548919 0.0626289 0.0687463 0.0726874 0.0741376 0.0730732 0.0697516 0.0646324 0.0582654 0.0511956 0.0439019 0.0367618 0.0300374 0.0238858 0.0183908 0.0136042 0.00957282 0.00633656
 0.00674116 0.0108142 0.0160544 0.0224196 0.0298398 0.0381321 0.0468821 0.0554314 0.063008 0.0688988 0.0725787 0.0737873 0.0725627 0.0692062 0.064179 0.0579842 0.0510896 0.0439005 0.0367569 0.029932 0.0236316 0.018 0.0131357 0.00910319 0.00593077
 0.00690757 0.0110731 0.0164216 0.0229005 0.0304259 0.0387987 0.0475851 0.0561089 0.0635876 0.0693115 0.0727711 0.0737325 0.0722681 0.0687195 0.0635845 0.0573831 0.0505674 0.0434964 0.0364541 0.0296753 0.0233623 0.0176877 0.0127891 0.0087587 0.0056299
 0.00696982 0.0111809 0.0165964 0.0231667 0.0308063 0.0393055 0.0482101 0.0568166 0.0643166 0.0699821 0.0732995 0.0740469 0.0723246 0.0685131 0.0631522 0.0567973 0.0499185 0.0428679 0.0358991 0.0292072 0.0229638 0.0173335 0.0124655 0.00846991 0.00538994
