SBPRF35
7.03936
Curr Bio
552719
B35
492917
F35
0.223616
FOFL
0.223616
OFL
93393.5
Bzero
2.01125e+006
#pred survey bio
 4.02669e+006 3.9678e+006 3.53721e+006 3.15739e+006 2.93915e+006 2.68176e+006 2.46506e+006 2.26702e+006 2.03803e+006 1.77734e+006 1.5383e+006 1.33132e+006 1.11583e+006 990725 899519 828194 755324 713543 679108 624177 567323 543425 527190 521073 508176 505197 522148 530924 528395 529687 517616 498548 509923 545867 568868 582006 608718 595380 565958 562712 587566 618190 601840 609780 598880 580244 562816 604040 619169 607566 588439 560296 1.2643e+007 1.13225e+007 1.14179e+007 1.19338e+007 1.26518e+007 1.33903e+007 1.40478e+007 1.45856e+007 1.50024e+007 1.53142e+007 1.55421e+007 1.57066e+007 1.58243e+007 1.59085e+007 1.59687e+007 1.60118e+007 1.6043e+007 1.60656e+007 1.60821e+007 1.60943e+007 1.61032e+007 1.61099e+007 1.61149e+007 1.61186e+007 1.61214e+007 1.61235e+007 1.61251e+007 1.61263e+007 1.61272e+007 1.61279e+007 1.61285e+007 1.61289e+007 1.61292e+007 1.61294e+007 1.61296e+007 1.61297e+007 1.61298e+007 1.61299e+007 1.613e+007 1.613e+007 1.613e+007 1.61301e+007 1.61301e+007 1.61301e+007 1.61301e+007 1.61301e+007 1.61301e+007 1.61301e+007 1.61302e+007 1.61302e+007 1.61302e+007 1.61302e+007 1.61302e+007 1.61302e+007 1.61302e+007 1.61302e+007 1.61302e+007 1.61302e+007 1.61302e+007 1.61302e+007 1.61302e+007 1.61302e+007 1.61302e+007 1.61302e+007 1.61302e+007 1.61302e+007 1.61302e+007 1.61302e+007 1.61302e+007 1.61302e+007 1.61302e+007 1.61302e+007 1.61302e+007 1.61302e+007 1.61302e+007 1.61302e+007 1.61302e+007 1.61302e+007 1.61302e+007 1.61302e+007 1.61302e+007 1.61302e+007 1.61302e+007 1.61302e+007 1.61302e+007 1.61302e+007 1.61302e+007 1.61302e+007 1.61302e+007 1.61302e+007 1.61302e+007 1.61302e+007 1.61302e+007 1.61302e+007 1.61302e+007 1.61302e+007 1.61302e+007 1.61302e+007 1.61302e+007 1.61302e+007 0 0 0 0 0 0 0 0 0 0 0 0 0 0 0 0 0 0 0 0 0 0 0 0 0
#obs survey bio
 3.03823e+006 4.56761e+006 2.76839e+006 3.58242e+006 3.59798e+006 3.04937e+006 2.69219e+006 2.58018e+006 1.75914e+006 1.86638e+006 1.88677e+006 1.37448e+006 911850 759278 727481 736028 658532 866015 566445 698317 466866 638944 588428 648924 621677 439812 401880 629591 412634 709662 617672 484989 513845 708598 763764 470920 740889 563972 639795 399460 551209 810060 427297 745759 425282 549119 505243 824471 521442 595041 487984 594978
#pred catch bio
 105358 105511 151822 208595 275157 274540 293944 311389 312940 312651 263292 288043 246502 246984 228242 214839 181327 153939 155269 134932 126142 124845 114904 115518 106162 105666 114827 101628 99199.3 98774.9 87036.6 97792.9 93988.5 94443.3 95791.9 86609 90943.2 86900.2 84544.9 90149.9 84305.4 80971.7 86928 88412.3 85266.7 94241.5 82597.3 87285.7 92648.8 94081.6 111142 92332 93393.5 90936.5 90183.9 93142.9 98252.9 103636 108368 112134 114944 116948 118329 119257 119870 120268 120523 120686 120789 120853 120893 120918 120934 120943 120949 120953 120955 120957 120958 120958 120958 120959 120959 120959 120959 120959 120959 120959 120959 120959 120959 120959 120959 120959 120959 120959 120959 120959 120959 120959 120959 120959 120959 120959 120959 120959 120959 120959 120959 120959 120959 120959 120959 120959 120959 120959 120959 120959 120959 120959 120959 120959 120959 120959 120959 120959 120959 120959 120959 120959 120959 120959 120959 120959 120959 120959 120959 120959 120959 120959 120959 120959 120959 120959 120959 120959 120959 120959 120959 120959 120959 120959 0 0 0 0 0 0 0 0 0 0 0 0 0 0 0 0 0 0 0 0 0 0 0 0 0
#obs catch bio
 0 105138 151850 208819 275709 274398 294159 311562 312635 313379 262489 288219 246219 248225 228788 214828 181741 153604 155463 134454 126308 125083 114905 115545 105890 105911 115455 101267 99277.7 98875.8 86575.5 98195.5 94430 94329.4 95824.9 86659.1 90897.8 86775.1 84471.6 90422.1 84383.7 80722.3 87081.8 88409.4 85114.4 94315.5 82763.4 87221.8 92601.8 93907.5 111522 92218
#pred cpue bio
 3.98157e+006 3.9235e+006 3.49662e+006 3.11917e+006 2.90139e+006 2.6449e+006 2.42857e+006 2.23056e+006 2.00231e+006 1.74325e+006 1.50585e+006 1.30096e+006 1.0879e+006 963707 872858 801896 729732 688311 654723 601275 546189 522837 507021 501179 488733 485866 502159 510582 508362 509667 498198 480056 490834 525699 548336 561040 585598 570860 541646 538499 562406 592142 576900 584374 574096 556353 539334 578910 593817 582787 564378 536839 1.21109e+007 1.08395e+007 1.08264e+007 1.12602e+007 1.19596e+007 1.26951e+007 1.33522e+007 1.389e+007 1.43068e+007 1.46185e+007 1.48465e+007 1.50109e+007 1.51287e+007 1.52129e+007 1.5273e+007 1.53162e+007 1.53474e+007 1.537e+007 1.53865e+007 1.53986e+007 1.54076e+007 1.54143e+007 1.54192e+007 1.5423e+007 1.54258e+007 1.54279e+007 1.54295e+007 1.54307e+007 1.54316e+007 1.54323e+007 1.54328e+007 1.54332e+007 1.54336e+007 1.54338e+007 1.5434e+007 1.54341e+007 1.54342e+007 1.54343e+007 1.54343e+007 1.54344e+007 1.54344e+007 1.54345e+007 1.54345e+007 1.54345e+007 1.54345e+007 1.54345e+007 1.54345e+007 1.54345e+007 1.54345e+007 1.54345e+007 1.54345e+007 1.54345e+007 1.54345e+007 1.54345e+007 1.54345e+007 1.54345e+007 1.54345e+007 1.54345e+007 1.54345e+007 1.54345e+007 1.54345e+007 1.54345e+007 1.54345e+007 1.54345e+007 1.54345e+007 1.54345e+007 1.54345e+007 1.54345e+007 1.54345e+007 1.54345e+007 1.54345e+007 1.54345e+007 1.54345e+007 1.54345e+007 1.54345e+007 1.54345e+007 1.54345e+007 1.54345e+007 1.54345e+007 1.54345e+007 1.54345e+007 1.54345e+007 1.54345e+007 1.54345e+007 1.54345e+007 1.54345e+007 1.54345e+007 1.54345e+007 1.54345e+007 1.54345e+007 1.54345e+007 1.54345e+007 1.54345e+007 1.54345e+007 1.54345e+007 1.54345e+007 1.54345e+007 1.54345e+007 1.54345e+007 1.54345e+007 0 0 0 0 0 0 0 0 0 0 0 0 0 0 0 0 0 0 0 0 0 0 0 0 0
#obs cpue bio
 4.20261e+006 5.78141e+006 4.07403e+006 2.14873e+006 2.67888e+006 2.29014e+006 2.03752e+006 2.04243e+006 2.59921e+006 1.4134e+006 1.44394e+006 1.29112e+006 1.25516e+006 961641 1.11936e+006 1.05233e+006 695102 667101 740458 669591 514649 442761 460825 428522 451321 405201 581072 652030 510522 397694 577341 317182 377507 608998 394150 556103 619830 638345 454259 610288 594489 638692 594576 548458 850638 615498 396452 583276 724134 607374 608721 527154
#pred surv len freq
 0.00425195 0.00701344 0.0107599 0.015536 0.0212535 0.0275962 0.0340067 0.0398433 0.0446294 0.0482073 0.0506971 0.052342 0.0533773 0.053978 0.0542614 0.0543105 0.054199 0.0539912 0.0536873 0.053112 0.0518213 0.0491566 0.0445276 0.0378164 0.0296246
 0.0044801 0.00731314 0.0110819 0.0157972 0.0213678 0.027519 0.0337636 0.0395196 0.0443236 0.0479794 0.0505464 0.052228 0.053265 0.0538756 0.0542261 0.0544208 0.0545072 0.0544806 0.0542557 0.053597 0.0520613 0.0490616 0.0441201 0.0372172 0.0289922
 0.00462414 0.00757576 0.0115238 0.0164764 0.0223075 0.0286676 0.0349761 0.0405879 0.0450545 0.0482749 0.0504344 0.0518243 0.0527027 0.0532553 0.0536122 0.0538635 0.0540538 0.0541591 0.0540447 0.0534135 0.0517889 0.0486092 0.043475 0.0364556 0.0282393
 0.00474244 0.00777566 0.0118411 0.0169556 0.0229982 0.0296136 0.0361922 0.0420312 0.0466031 0.0497355 0.0515884 0.0524992 0.0528324 0.0528921 0.0528886 0.0529349 0.0530546 0.0531818 0.0531304 0.0525505 0.0509271 0.0476978 0.0425051 0.0354796 0.0273489
 0.00485294 0.00796894 0.0121576 0.0174425 0.0237014 0.0305636 0.0373919 0.0434502 0.0481792 0.0513757 0.0531653 0.053852 0.0537892 0.0533158 0.0527256 0.0522345 0.0519466 0.0518254 0.0516637 0.0510616 0.0494554 0.0462596 0.0411277 0.0342183 0.0262753
 0.00508857 0.00834092 0.0126977 0.0181755 0.0246442 0.0317226 0.0387568 0.0449877 0.049832 0.0530666 0.0548017 0.0553282 0.054985 0.0541028 0.0529867 0.0518974 0.0510142 0.0503825 0.049852 0.0490388 0.0473631 0.0442146 0.0392305 0.0325604 0.0249294
 0.00530623 0.0087015 0.013252 0.0189726 0.0257192 0.0330788 0.0403511 0.0467325 0.0516165 0.0547863 0.0563774 0.0567031 0.0561073 0.054907 0.0533875 0.0518018 0.0503508 0.0491349 0.0480796 0.0468726 0.0449804 0.0418078 0.0369801 0.0306132 0.0233796
 0.0055084 0.00903924 0.0137775 0.0197413 0.0267794 0.0344546 0.0420236 0.0486301 0.0536227 0.0567619 0.0581871 0.0582378 0.0572931 0.0556994 0.0537529 0.0516997 0.0497312 0.0479569 0.0463455 0.0446573 0.0424396 0.0391573 0.034454 0.0284138 0.0216356
 0.00573984 0.00941724 0.0143502 0.0205557 0.0278745 0.0358487 0.0436999 0.0505292 0.0556472 0.0587904 0.0600906 0.0598934 0.0585966 0.0565733 0.0541481 0.0515867 0.0490873 0.0467634 0.0446031 0.0424167 0.0398291 0.0363838 0.0317687 0.0260515 0.0197547
 0.0059737 0.00980478 0.0149468 0.0214173 0.0290453 0.0373435 0.0454869 0.0525253 0.0577328 0.0608344 0.0619717 0.0615094 0.0598633 0.0574224 0.054526 0.0514539 0.048417 0.0455416 0.0428368 0.0401558 0.0371911 0.0335647 0.029018 0.023614 0.0178037
 0.00620301 0.0101894 0.0155475 0.0222982 0.0302608 0.0389167 0.0473885 0.0546654 0.0599735 0.0630177 0.063948 0.0631565 0.0610947 0.0581842 0.0547884 0.0511999 0.0476353 0.0442263 0.0409991 0.037845 0.0345202 0.030721 0.0262433 0.0211505 0.0158271
 0.00633069 0.0104041 0.0158851 0.0227999 0.0309693 0.0398672 0.0485965 0.0561167 0.0616191 0.0647755 0.0657094 0.0647982 0.0624946 0.0592367 0.0554139 0.0513459 0.047271 0.0433388 0.039597 0.0359736 0.0322817 0.0282852 0.0238306 0.0189846 0.0140747
 0.00663851 0.0109043 0.0166364 0.0238542 0.032358 0.0415827 0.0505755 0.0582394 0.0637321 0.0667272 0.0673791 0.0661057 0.0633932 0.0597016 0.0554318 0.0509096 0.0463772 0.0419902 0.0378109 0.0337982 0.0298162 0.0256899 0.0213125 0.0167528 0.012283
 0.00678735 0.0111676 0.0170723 0.0245299 0.0333355 0.0428943 0.0522003 0.0600946 0.0656862 0.0686273 0.0690802 0.0674913 0.0643854 0.0602605 0.0555464 0.0505852 0.0456247 0.0408227 0.0362504 0.0318913 0.0276526 0.0234117 0.0191017 0.0147925 0.0107081
 0.00698494 0.0114927 0.0175695 0.0252452 0.0343094 0.0441497 0.0537267 0.0618372 0.0675455 0.0704714 0.0707631 0.0688763 0.0653657 0.060773 0.0555738 0.0501454 0.0447546 0.0395654 0.0346523 0.0300117 0.0255801 0.0212743 0.0170575 0.0129982 0.00927645
 0.00720226 0.0118355 0.0180663 0.0259165 0.0351655 0.0451878 0.054926 0.0631562 0.0689255 0.0718424 0.0720492 0.0699974 0.0662406 0.0613268 0.0557498 0.0499148 0.0441191 0.0385528 0.0333105 0.0284077 0.0238049 0.0194468 0.015316 0.011475 0.00806463
 0.00743462 0.0122092 0.0186199 0.02668 0.0361515 0.0463787 0.0562646 0.0645491 0.0702627 0.0730267 0.0730163 0.0707174 0.0667045 0.0615303 0.0556826 0.0495618 0.0434689 0.0376078 0.0320951 0.0269736 0.0222326 0.017843 0.0138015 0.0101612 0.00702657
 0.00752916 0.0123594 0.0188403 0.0269836 0.0365496 0.0468797 0.0568703 0.0652494 0.0710323 0.0738249 0.0737926 0.0714195 0.0672866 0.0619564 0.0559249 0.0495961 0.043273 0.037166 0.031408 0.0260674 0.0211659 0.0167039 0.0126938 0.0091826 0.00624466
 0.0075455 0.0123749 0.018844 0.0269605 0.0364876 0.0467799 0.0567548 0.0651619 0.0710287 0.0739568 0.07409 0.0718799 0.0678721 0.0626018 0.0565513 0.0501255 0.0436388 0.0373196 0.0313238 0.0257487 0.0206488 0.016056 0.012003 0.00853667 0.00570939
 0.00765625 0.0125526 0.0191053 0.0273152 0.0369315 0.0472871 0.0572744 0.0656263 0.0713747 0.0741508 0.0741419 0.0718364 0.0677944 0.062539 0.056523 0.0501175 0.0436122 0.0372255 0.0311198 0.0254127 0.0201883 0.0155094 0.011431 0.0080051 0.00526976
 0.00775151 0.0126935 0.0192919 0.0275397 0.0371822 0.047553 0.0575476 0.0658981 0.0716303 0.0743669 0.0742925 0.0719047 0.0677834 0.0624729 0.0564356 0.0500355 0.0435407 0.0371459 0.030999 0.02522 0.019911 0.0151612 0.011049 0.00763691 0.00495688
 0.00769175 0.0126289 0.0192537 0.027574 0.0373339 0.0478431 0.0579564 0.0663678 0.0720867 0.0747468 0.0745599 0.0720506 0.0678166 0.0624116 0.0563044 0.0498624 0.043351 0.0369536 0.0308024 0.0250061 0.019667 0.0148867 0.0107603 0.00736178 0.00472274
 0.00773249 0.0126762 0.0192922 0.0275839 0.037304 0.0477866 0.0579169 0.0664061 0.07225 0.0750391 0.0749337 0.0724271 0.06812 0.0625957 0.0563602 0.0498092 0.0432214 0.0367797 0.0306066 0.0247989 0.0194509 0.0146637 0.0105388 0.00715671 0.00454998
 0.0077196 0.0126555 0.0192605 0.0275359 0.0372311 0.0476771 0.0577615 0.0662081 0.0720361 0.0748608 0.0748523 0.0724861 0.0683208 0.0628947 0.0566885 0.0501023 0.0434395 0.0369116 0.0306611 0.0247917 0.0193974 0.0145774 0.0104333 0.00704694 0.00445043
 0.00782484 0.0128062 0.0194496 0.0277435 0.0374297 0.0478396 0.0578673 0.0662445 0.0719975 0.07475 0.0746854 0.0722952 0.068149 0.0627803 0.0566483 0.0501239 0.0434901 0.036955 0.0306726 0.0247635 0.0193342 0.0144908 0.0103367 0.00695298 0.00436925
 0.00785329 0.0128524 0.0195179 0.0278355 0.0375407 0.0479557 0.0579646 0.0662948 0.0719789 0.0746573 0.0745335 0.0721145 0.067975 0.0626452 0.0565742 0.050118 0.0435424 0.0370413 0.0307628 0.0248323 0.0193686 0.0144904 0.0103103 0.00691311 0.00432757
 0.00775685 0.0127179 0.0193569 0.0276729 0.0374081 0.0478797 0.0579571 0.066349 0.0720723 0.0747595 0.0746165 0.0721608 0.0679835 0.0626299 0.0565577 0.0501224 0.0435806 0.0371126 0.0308538 0.0249234 0.0194417 0.0145357 0.0103277 0.00690985 0.00431341
 0.00785074 0.0128421 0.0194925 0.027788 0.0374706 0.0478757 0.0579024 0.0662834 0.0720391 0.0747814 0.0746838 0.0722388 0.068032 0.0626232 0.0564938 0.0500201 0.043468 0.0370146 0.0307838 0.0248811 0.0194182 0.0145197 0.0103115 0.00689131 0.00429432
 0.00791569 0.012928 0.0195844 0.0278568 0.0374781 0.0477845 0.057689 0.0659509 0.0716244 0.0743531 0.0743252 0.0720201 0.0679842 0.0627292 0.0567025 0.0502719 0.0437177 0.037239 0.0309771 0.0250446 0.0195528 0.0146247 0.0103866 0.00693902 0.00432038
 0.0078211 0.0128047 0.0194538 0.0277541 0.0374377 0.0478196 0.0577768 0.0660369 0.0716452 0.0742668 0.0741331 0.0717678 0.0677431 0.0625667 0.0566566 0.0503417 0.0438715 0.037434 0.0311763 0.0252247 0.0197031 0.0147421 0.010472 0.00699598 0.00435453
 0.00790033 0.012896 0.0195242 0.027756 0.0373291 0.0475913 0.0574688 0.0657263 0.0714096 0.0741446 0.0741081 0.0717887 0.0677609 0.0625639 0.0566501 0.0503639 0.0439461 0.0375625 0.0313405 0.0253984 0.0198631 0.0148744 0.0105715 0.00706429 0.00439716
 0.00788595 0.0128786 0.0195068 0.0277394 0.0373047 0.0475348 0.057343 0.0654977 0.0710739 0.0737436 0.0737214 0.0714996 0.067619 0.0625691 0.0567674 0.0505506 0.044172 0.037811 0.0315997 0.0256536 0.0200968 0.0150712 0.0107233 0.00717115 0.00446564
 0.00778387 0.012754 0.0193953 0.0276982 0.0373947 0.0477928 0.0577567 0.0659999 0.0715587 0.0741009 0.0738733 0.0714264 0.0673619 0.062209 0.05639 0.0502188 0.0439158 0.0376354 0.0314964 0.0256087 0.0200939 0.0150929 0.0107542 0.00720033 0.00448781
 0.00769263 0.0125867 0.0191122 0.0272612 0.036789 0.0470544 0.0569869 0.065347 0.0711661 0.0740456 0.0741338 0.0718982 0.0679097 0.0627222 0.0568139 0.0505519 0.0441862 0.0378742 0.0317221 0.0258248 0.0202941 0.0152676 0.0108955 0.0073053 0.00455873
 0.00782911 0.0127597 0.019281 0.0273545 0.0367212 0.0467538 0.056427 0.0645658 0.0702681 0.0731822 0.0734641 0.0715394 0.0678977 0.0630051 0.0572824 0.0510891 0.0447069 0.0383375 0.0321203 0.0261641 0.0205806 0.015503 0.0110795 0.00743942 0.00464873
 0.00866081 0.0139549 0.0207863 0.0290136 0.0383093 0.0480399 0.0572287 0.0647793 0.0698758 0.0722539 0.0721502 0.0700468 0.0664444 0.0617662 0.0563506 0.0504675 0.0443354 0.0381339 0.0320145 0.0261119 0.0205598 0.0155025 0.0110915 0.0074568 0.0046656
 0.00923349 0.0148887 0.0221869 0.0309534 0.0407801 0.050896 0.0601557 0.0673353 0.0716147 0.0728775 0.0716044 0.0685151 0.0642593 0.0592977 0.0539182 0.048292 0.0425271 0.03671 0.0309334 0.0253099 0.0199761 0.0150891 0.0108107 0.00727691 0.00455839
 0.00923235 0.0149707 0.022466 0.0315889 0.0419372 0.0526787 0.0625389 0.0701288 0.0744798 0.0753928 0.0733648 0.0692376 0.0638611 0.0579129 0.0518442 0.0458912 0.0401285 0.034546 0.0291244 0.0238843 0.0189053 0.0143193 0.0102825 0.00693388 0.00434988
 0.00898322 0.0146056 0.0219964 0.0310668 0.0414615 0.0523928 0.0626151 0.0707288 0.0756916 0.0771655 0.0754795 0.0713439 0.0655733 0.0589287 0.0520339 0.045321 0.0390143 0.0331662 0.0277319 0.0226529 0.0179184 0.0135888 0.00977813 0.00660811 0.00415361
 0.00885661 0.014388 0.0216498 0.030556 0.040772 0.0515566 0.0617316 0.0699648 0.0752497 0.0772266 0.0761391 0.0725641 0.0671717 0.0606155 0.0534926 0.0463058 0.0394217 0.033048 0.0272508 0.0220068 0.0172741 0.0130478 0.00937777 0.00634104 0.00399125
 0.00881023 0.0143153 0.0215439 0.0304087 0.0405709 0.0512847 0.0613728 0.0695187 0.0747511 0.0767587 0.0758269 0.0725397 0.0675206 0.0613278 0.0544468 0.0472998 0.0402427 0.0335489 0.0273944 0.0218597 0.0169596 0.01269 0.00906261 0.00610659 0.00383873
 0.00877697 0.0142447 0.0214081 0.0301741 0.0402093 0.0507888 0.0607679 0.0688602 0.0741097 0.0762025 0.075414 0.0723227 0.0675506 0.061643 0.0550459 0.048118 0.041152 0.0343929 0.0280429 0.0222522 0.0171149 0.0126802 0.00897253 0.00600185 0.0037541
 0.00887287 0.01437 0.0215391 0.0302674 0.0402107 0.0506492 0.0604601 0.0683892 0.0735141 0.0755487 0.0747839 0.0717988 0.0672024 0.0615191 0.0551689 0.0484775 0.0416969 0.0350325 0.0286662 0.0227622 0.0174594 0.0128614 0.00903233 0.00599426 0.00372291
 0.00868783 0.0141403 0.0213222 0.0301533 0.0402879 0.0509561 0.060949 0.0689322 0.0739512 0.0757521 0.0747033 0.0714688 0.0667188 0.0610019 0.0547286 0.0481924 0.0416003 0.0351095 0.0288615 0.0229995 0.0176691 0.0130025 0.00909896 0.00600592 0.00370683
 0.00873378 0.0141679 0.0212817 0.029983 0.0399465 0.0504637 0.0604077 0.0684981 0.073763 0.0758565 0.0750295 0.0718694 0.0670482 0.0611809 0.0547634 0.0481494 0.0415615 0.0351346 0.0289685 0.0231671 0.017854 0.0131627 0.00921064 0.00606731 0.00373103
 0.00873503 0.0141834 0.0213265 0.0300703 0.0400738 0.0505988 0.0604887 0.0684587 0.0735746 0.0755588 0.0747191 0.0716481 0.0669654 0.0612132 0.054843 0.0482144 0.0415905 0.0351452 0.0289925 0.0232239 0.0179399 0.0132576 0.00929259 0.00612393 0.00376204
 0.00880952 0.0143056 0.0215125 0.0303358 0.0404303 0.0510463 0.0610052 0.0689926 0.0740467 0.0758798 0.0748209 0.0715138 0.0666384 0.0607763 0.0543792 0.0477769 0.0411991 0.0348038 0.0287055 0.0229993 0.0177818 0.0131593 0.00923837 0.00609601 0.00374696
 0.00861596 0.0140218 0.0211436 0.029909 0.0399904 0.0506467 0.0606995 0.0688267 0.0740503 0.0760554 0.0751366 0.0719073 0.0670361 0.0611185 0.054638 0.0479565 0.0413207 0.0348896 0.0287708 0.0230532 0.0178298 0.013204 0.00927888 0.00612946 0.00377108
 0.00862925 0.0140081 0.0210599 0.0296992 0.0396069 0.050081 0.0600042 0.0681114 0.0734479 0.0756768 0.0750365 0.0720761 0.0674129 0.0616159 0.055168 0.0484504 0.0417403 0.035225 0.0290302 0.0232517 0.0179816 0.0133194 0.00936479 0.00619068 0.00381181
 0.00860931 0.0139967 0.0210785 0.0297725 0.0397467 0.0502662 0.0601731 0.0681795 0.0733482 0.0754006 0.0746456 0.0716769 0.0671084 0.0614652 0.0551728 0.0485691 0.0419148 0.0354047 0.029185 0.0233714 0.0180688 0.0133818 0.0094093 0.00622206 0.00383305
 0.00858654 0.0139639 0.0210382 0.029733 0.0397237 0.050281 0.0602466 0.0683189 0.0735338 0.0755815 0.0747567 0.0716699 0.0669805 0.0612623 0.054965 0.0484157 0.0418408 0.0354008 0.0292231 0.0234234 0.0181167 0.0134186 0.00943517 0.00623952 0.00384454
 0.00871672 0.0141786 0.0213658 0.0301981 0.0403373 0.0510284 0.0610775 0.0691506 0.0742683 0.076129 0.0750523 0.0716802 0.0667048 0.0607351 0.0542558 0.0476187 0.0410527 0.0346964 0.0286419 0.0229719 0.0177812 0.0131784 0.0092699 0.00613161 0.00377865
#obs surv len freq
 nan nan nan nan nan nan nan nan nan nan nan nan nan nan nan nan nan nan nan nan nan nan nan nan nan
 0.00448368 0.0073449 0.0111752 0.0159926 0.0216951 0.0279729 0.034289 0.0400215 0.0447012 0.0481641 0.0505203 0.052014 0.0529041 0.0534145 0.0537271 0.0539807 0.0542584 0.0545505 0.0546889 0.0542807 0.0527187 0.0493512 0.0438015 0.0362823 0.0276669
 0.00461539 0.00756001 0.0115005 0.0164527 0.0223067 0.0287354 0.0351757 0.0409766 0.0456471 0.0490162 0.0512028 0.0524715 0.0531072 0.0533609 0.0534376 0.0534915 0.0536123 0.0537901 0.0538531 0.0534064 0.0518446 0.0485201 0.0430578 0.0356637 0.027194
 0.00477616 0.00782432 0.0119037 0.0170294 0.0230836 0.0297203 0.0363455 0.0422725 0.0469812 0.050286 0.0523073 0.0533228 0.0536394 0.0535358 0.0532474 0.0529578 0.0527797 0.0527172 0.0526058 0.0520549 0.0504643 0.0471914 0.0418608 0.0346643 0.0264288
 0.00496453 0.00813237 0.0123709 0.0176939 0.0239758 0.0308514 0.0376954 0.0437844 0.048567 0.0518409 0.0537235 0.0544996 0.0544897 0.0539917 0.0532669 0.0525285 0.051921 0.0514786 0.0510625 0.0503039 0.0486207 0.0453824 0.0402121 0.0332785 0.0253637
 0.00518106 0.00848592 0.0129059 0.0184529 0.0249915 0.0321341 0.0392203 0.0454865 0.0503501 0.0535946 0.0553391 0.0558784 0.0555448 0.0546488 0.0534663 0.0522308 0.0511133 0.0501821 0.0493384 0.0482556 0.0463915 0.043144 0.0381402 0.03152 0.0240039
 0.00541816 0.00887336 0.0134927 0.0192861 0.0261071 0.0335434 0.040895 0.0473536 0.0523023 0.0555106 0.0571025 0.0573883 0.0567172 0.0554142 0.053767 0.0520199 0.0503599 0.0488813 0.0475264 0.0460233 0.0438905 0.0405752 0.0357228 0.0294438 0.0223857
 0.00566416 0.00927667 0.014106 0.0201606 0.027283 0.0350341 0.0426712 0.0493376 0.0543787 0.0575487 0.0589772 0.0589922 0.0579641 0.0562372 0.0541133 0.051847 0.0496344 0.0475871 0.0456808 0.0436995 0.0412332 0.0377964 0.0330681 0.027137 0.0205719
 0.00590479 0.00967339 0.0147134 0.0210334 0.0284653 0.036543 0.0444793 0.051367 0.0565116 0.0596495 0.060915 0.0606537 0.0592587 0.057096 0.0544857 0.0516949 0.0489286 0.0463105 0.0438431 0.0413611 0.0385271 0.0349317 0.0302999 0.0247074 0.0186457
 0.00615622 0.0100827 0.0153306 0.0219061 0.0296307 0.0380145 0.0462322 0.0533314 0.0585808 0.0616979 0.062817 0.0622967 0.0605492 0.0579617 0.0548736 0.0515669 0.0482576 0.0450812 0.0420632 0.0390835 0.0358738 0.0321012 0.027543 0.0222691 0.0166993
 0.00637274 0.0104426 0.0158868 0.0227124 0.0307306 0.0394237 0.0479218 0.0552234 0.0605614 0.0636418 0.0646076 0.0638363 0.061759 0.0587793 0.0552496 0.0514628 0.0476443 0.0439412 0.0404014 0.0369463 0.0333714 0.0294174 0.0249138 0.0199303 0.014822
 0.00661004 0.010828 0.0164665 0.0235298 0.031819 0.0407942 0.0495492 0.0570399 0.0624629 0.0655057 0.0663132 0.0652792 0.0628598 0.0594835 0.0555232 0.0512839 0.046997 0.0428157 0.0388038 0.0349181 0.0310116 0.0268922 0.0224396 0.0177259 0.0130481
 0.00683883 0.0112024 0.0170343 0.0243361 0.0328965 0.0421483 0.051144 0.0587947 0.0642661 0.0672376 0.0678656 0.0665653 0.0638144 0.0600612 0.0556955 0.0510353 0.0463206 0.0417116 0.0372847 0.0330248 0.0288329 0.0245754 0.0201765 0.0157112 0.0114262
 0.00706733 0.0115794 0.0176116 0.0251641 0.034013 0.0435606 0.0528116 0.0606247 0.0661273 0.0689885 0.069381 0.0677517 0.0646145 0.0604491 0.0556679 0.050602 0.0454961 0.040513 0.0357365 0.0311722 0.0267589 0.0224102 0.0180869 0.0138651 0.00994682
 0.00727169 0.011912 0.0181129 0.0258726 0.0349585 0.044753 0.0542281 0.062203 0.0677712 0.0705821 0.0708071 0.068907 0.065421 0.0608606 0.0556693 0.0502026 0.0447201 0.0393916 0.0343075 0.0294882 0.0249 0.0204921 0.0162521 0.0122543 0.00866133
 0.00745316 0.0122129 0.0185761 0.0265406 0.035863 0.0459 0.0555839 0.0636919 0.0692885 0.0720169 0.0720609 0.0699021 0.0661006 0.0611879 0.055627 0.0497928 0.0439623 0.0383186 0.0329639 0.0279329 0.0232133 0.018779 0.0146347 0.0108489 0.00754841
 0.00754274 0.0123623 0.0188086 0.0268823 0.0363398 0.0465316 0.0563757 0.0646278 0.0703284 0.0730997 0.073111 0.0708401 0.0668533 0.0616963 0.0558502 0.0497087 0.043567 0.0376263 0.0320067 0.0267634 0.0219061 0.0174299 0.0133511 0.0097298 0.00666114
 0.00758458 0.0124249 0.0188939 0.0269906 0.0364736 0.0466998 0.0565956 0.0649233 0.0707227 0.0736054 0.0737208 0.0715214 0.0675502 0.0623371 0.0563602 0.0500224 0.0436375 0.037431 0.0315504 0.0260786 0.0210535 0.0164934 0.0124261 0.00890497 0.00599808
 0.00766729 0.0125493 0.0190618 0.0271965 0.0367054 0.0469413 0.0568304 0.065139 0.0709165 0.0737878 0.0739143 0.0717508 0.0678285 0.0626545 0.0566809 0.0502909 0.0437922 0.0374196 0.0313431 0.0256766 0.0204913 0.015834 0.0117487 0.00828603 0.0054931
 0.00774069 0.0126666 0.0192341 0.0274306 0.0370007 0.0472853 0.0571959 0.0654868 0.0712059 0.0739902 0.0740238 0.0717859 0.0678237 0.0626457 0.05669 0.0503157 0.0438056 0.0373786 0.031205 0.0254161 0.0201118 0.0153699 0.0112558 0.00782491 0.00511063
 0.00777967 0.0127265 0.0193178 0.0275394 0.0371345 0.0474434 0.0573763 0.0656841 0.0714088 0.0741813 0.0741829 0.0718972 0.0678825 0.062661 0.0566803 0.0502987 0.0437866 0.0373456 0.0311324 0.0252772 0.0198941 0.0150839 0.010934 0.00751042 0.00484132
 0.0078407 0.0128163 0.0194355 0.0276781 0.037283 0.04759 0.0575117 0.0658029 0.0715093 0.074265 0.0742516 0.0719504 0.0679169 0.0626725 0.0566675 0.0502652 0.0437385 0.037285 0.0310535 0.0251678 0.0197434 0.0148922 0.0107169 0.00729392 0.00465185
 0.00784378 0.0128237 0.0194509 0.0277053 0.0373243 0.0476437 0.0575706 0.0658565 0.071549 0.0742881 0.0742643 0.0719635 0.06794 0.0627091 0.0567136 0.0503122 0.0437771 0.0373077 0.0310536 0.0251387 0.0196799 0.0147947 0.0105945 0.00716337 0.00453186
 0.00787332 0.012863 0.0194942 0.0277428 0.0373456 0.0476431 0.0575508 0.0658274 0.071522 0.0742711 0.0742588 0.0719678 0.0679526 0.0627303 0.0567446 0.0503519 0.0438206 0.0373472 0.0310799 0.0251437 0.0196583 0.0147463 0.010525 0.00708408 0.00445574
 0.00787249 0.0128628 0.0194955 0.0277458 0.037349 0.047642 0.0575376 0.0657944 0.0714669 0.0742006 0.0741879 0.0719135 0.0679278 0.0627394 0.0567842 0.050414 0.0438955 0.0374244 0.0311492 0.0251956 0.0196862 0.0147479 0.0105039 0.00704822 0.00441529
 0.00790337 0.0129051 0.0195445 0.0277927 0.0373834 0.0476564 0.0575299 0.0657678 0.0714262 0.0741496 0.0741291 0.071851 0.0678686 0.0626932 0.0567596 0.050415 0.04392 0.0374653 0.0311963 0.0252387 0.0197168 0.0147614 0.0105004 0.00703216 0.00439332
 0.00792762 0.012943 0.0195985 0.0278628 0.0374657 0.0477421 0.0576054 0.0658172 0.0714373 0.0741187 0.0740626 0.0717622 0.0677725 0.0626029 0.0566846 0.0503615 0.0438907 0.0374586 0.0312068 0.0252579 0.019736 0.0147739 0.0105031 0.00702617 0.00438217
 0.00792564 0.0129409 0.0195974 0.0278646 0.0374726 0.0477561 0.0576267 0.0658437 0.0714636 0.0741374 0.0740662 0.0717469 0.0677399 0.0625595 0.0566399 0.0503246 0.0438679 0.0374525 0.0312156 0.025277 0.0197586 0.0147937 0.0105161 0.00703145 0.0043814
 0.007886 0.0128774 0.0195041 0.0277375 0.0373123 0.0475697 0.0574303 0.0656606 0.0713192 0.0740515 0.0740473 0.0717904 0.0678315 0.0626811 0.0567752 0.0504622 0.0440017 0.0375797 0.0313345 0.0253848 0.0198518 0.014869 0.0105717 0.00706814 0.00440262
 0.00786938 0.0128424 0.0194368 0.027621 0.0371317 0.04732 0.0571233 0.0653261 0.0709991 0.0737891 0.073877 0.0717305 0.0678825 0.0628272 0.0569896 0.0507147 0.0442651 0.0378336 0.0315659 0.0255862 0.0200194 0.0150012 0.0106694 0.00713485 0.00444411
 0.00786514 0.0128352 0.0194247 0.0276003 0.0370957 0.0472583 0.0570232 0.0651771 0.0707999 0.0735533 0.0736341 0.0715188 0.0677382 0.0627733 0.0570306 0.0508373 0.0444447 0.0380417 0.0317773 0.025782 0.0201878 0.0151365 0.0107708 0.00720523 0.00448889
 0.00783134 0.0127828 0.0193507 0.0275041 0.036979 0.0471254 0.0568804 0.0650315 0.0706568 0.0734156 0.0735034 0.0714005 0.0676442 0.0627214 0.0570384 0.0509142 0.0445868 0.0382326 0.0319927 0.0259971 0.0203823 0.0152979 0.0108941 0.00729196 0.00454481
 0.00780901 0.0127413 0.0192791 0.02739 0.0368128 0.0469065 0.0566215 0.0647586 0.0704023 0.073208 0.07336 0.0713251 0.0676308 0.0627614 0.0571255 0.0510461 0.0447617 0.0384443 0.0322278 0.0262365 0.0206056 0.0154887 0.0110435 0.00739902 0.00461482
 0.00777943 0.0126921 0.0192027 0.0272783 0.0366581 0.0467042 0.0563734 0.0644756 0.0701059 0.0729279 0.0731288 0.0711704 0.0675687 0.0627927 0.0572389 0.0512238 0.0449855 0.0386981 0.0324965 0.0265039 0.0208546 0.0157039 0.0112149 0.00752393 0.00469781
 0.00774728 0.0126409 0.0191279 0.0271759 0.0365256 0.0465412 0.0561824 0.0642631 0.0698818 0.0727055 0.0729245 0.0710033 0.0674582 0.0627547 0.0572809 0.0513426 0.0451683 0.0389264 0.0327495 0.0267612 0.0210978 0.0159171 0.0113875 0.00765213 0.00478452
 0.00935188 0.0148861 0.0218355 0.0299563 0.0388913 0.0480878 0.0567317 0.0638889 0.068825 0.0712508 0.0713106 0.0693918 0.0659447 0.0613916 0.0560963 0.0503493 0.044367 0.038307 0.0322934 0.0264436 0.020891 0.0157934 0.011321 0.00762111 0.00477282
 0.00933408 0.0151547 0.0227642 0.0320083 0.0424176 0.0530544 0.0625473 0.0695011 0.0730947 0.0734015 0.0711838 0.0673878 0.0627445 0.0576659 0.05234 0.0468563 0.0412799 0.0356783 0.0301275 0.0247193 0.0195706 0.0148271 0.0106505 0.00718379 0.00450698
 0.00898856 0.0146122 0.0220054 0.0310855 0.0415082 0.0524966 0.062799 0.0709761 0.0759143 0.0772101 0.0751937 0.0706776 0.0646427 0.057983 0.0513376 0.0450303 0.0391278 0.0335641 0.028258 0.0231804 0.0183744 0.0139465 0.0100385 0.00678479 0.00426482
 0.00878865 0.0142781 0.0214869 0.0303343 0.0404972 0.0512544 0.0614524 0.0697772 0.0752176 0.0773738 0.0764208 0.0728688 0.0673656 0.0606133 0.053309 0.0460489 0.0392293 0.0330129 0.0273841 0.0222545 0.0175601 0.0133112 0.00958658 0.00648861 0.00408574
 0.00872759 0.0141697 0.0213059 0.0300486 0.0400722 0.0506619 0.060685 0.0688668 0.0742544 0.0765189 0.0758939 0.0728925 0.0680694 0.0619394 0.0549904 0.0476963 0.0404893 0.0337035 0.0275303 0.0220231 0.0171544 0.0128912 0.00924059 0.00624333 0.00393133
 0.00870393 0.0141275 0.0212345 0.0299344 0.0398985 0.0504114 0.0603427 0.0684244 0.0737167 0.0759142 0.0752872 0.0723928 0.0678161 0.062059 0.0555318 0.0485819 0.0415231 0.0346453 0.0281963 0.0223505 0.0171975 0.0127651 0.00905762 0.00607675 0.00381085
 0.00869147 0.0141091 0.0212101 0.0299037 0.0398599 0.0503592 0.0602661 0.0683078 0.0735429 0.0756704 0.0749735 0.072032 0.0674616 0.061793 0.0554448 0.0487351 0.0419092 0.0351771 0.0287377 0.0227761 0.0174438 0.0128423 0.00902361 0.00599723 0.00373217
 0.00869017 0.0141055 0.0212019 0.0298884 0.0398351 0.0503243 0.0602223 0.0682563 0.0734822 0.075594 0.0748701 0.0718913 0.0672838 0.061598 0.0552753 0.0486467 0.0419475 0.0353512 0.0290083 0.0230698 0.0176868 0.0129931 0.00908268 0.00599376 0.00370141
 0.00867051 0.0140783 0.0211698 0.0298561 0.0398083 0.0503063 0.0602124 0.0682504 0.0734745 0.075579 0.0748434 0.0718483 0.0672205 0.0615132 0.0551775 0.048557 0.0418965 0.0353662 0.0290968 0.0232117 0.0178426 0.013123 0.00916463 0.00602854 0.0037045
 0.0086729 0.0140783 0.0211628 0.0298365 0.0397716 0.0502528 0.060149 0.068189 0.0734273 0.0755527 0.0748365 0.0718528 0.0672252 0.061509 0.0551599 0.0485292 0.0418704 0.0353586 0.0291221 0.023273 0.0179279 0.0132108 0.00923513 0.00607243 0.00372408
 0.0086487 0.0140445 0.0211219 0.0297936 0.0397321 0.0502193 0.0601199 0.0681597 0.0733948 0.0755185 0.074807 0.0718355 0.0672241 0.0615218 0.0551798 0.0485494 0.041888 0.035377 0.0291486 0.0233133 0.0179816 0.0132703 0.00928935 0.0061129 0.00374842
 0.00864121 0.0140282 0.0210904 0.0297394 0.0396503 0.0501117 0.0599974 0.0680406 0.0732977 0.075456 0.0747819 0.0718431 0.067257 0.061573 0.0552434 0.0486194 0.0419588 0.0354449 0.0292127 0.0233752 0.0180422 0.0133279 0.00934005 0.00615244 0.00377505
 0.00864208 0.0140312 0.0210974 0.0297521 0.0396682 0.0501304 0.0600085 0.0680339 0.0732668 0.0754023 0.0747152 0.0717775 0.0672046 0.0615403 0.0552308 0.0486237 0.0419755 0.0354696 0.0292422 0.0234074 0.0180759 0.0133615 0.00937104 0.00617814 0.00379378
 0.00862389 0.0140015 0.0210528 0.0296902 0.0395891 0.0500383 0.0599118 0.0679443 0.0731948 0.0753535 0.0746898 0.0717723 0.0672167 0.061569 0.0552759 0.0486838 0.0420467 0.0355463 0.0293189 0.0234795 0.0181403 0.0134164 0.00941542 0.00621171 0.00381711
 0.00863031 0.0140131 0.0210721 0.0297195 0.0396291 0.0500862 0.0599606 0.0679842 0.0732163 0.0753516 0.0746647 0.071729 0.0671623 0.0615105 0.0552202 0.0486368 0.0420127 0.0355273 0.0293139 0.0234856 0.0181536 0.013433 0.00943227 0.0062265 0.00382856
 0.00863031 0.0140131 0.0210721 0.0297195 0.0396291 0.0500862 0.0599606 0.0679842 0.0732163 0.0753516 0.0746647 0.071729 0.0671623 0.0615105 0.0552202 0.0486368 0.0420127 0.0355273 0.0293139 0.0234856 0.0181536 0.013433 0.00943227 0.0062265 0.00382856
 0.00874592 0.0141956 0.0213358 0.030072 0.0400674 0.0505916 0.0604953 0.0684925 0.0736347 0.0756244 0.0747584 0.0716386 0.0669099 0.0611371 0.0547751 0.0481681 0.0415603 0.0351196 0.0289676 0.0232071 0.0179415 0.0132805 0.00932912 0.00616142 0.00379053
#pred catch len freq
 0.00313614 0.00511098 0.00774921 0.0111067 0.0152282 0.0200951 0.0255665 0.0313747 0.0371834 0.0426577 0.0475127 0.0515475 0.0546707 0.0569012 0.0583411 0.0591405 0.0594731 0.0595023 0.059303 0.0587339 0.0573365 0.0544006 0.0492824 0.0418562 0.0327898
 0.00331236 0.00534562 0.00800843 0.0113319 0.0153584 0.0200983 0.0254593 0.0312132 0.037029 0.04254 0.0474173 0.0514375 0.0545261 0.056749 0.0582563 0.0592155 0.0597673 0.0599971 0.0598853 0.0592243 0.0575569 0.0542528 0.0487929 0.0411605 0.0320645
 0.00345068 0.00558422 0.00838828 0.0118874 0.016095 0.0209671 0.0263468 0.0319667 0.037514 0.0426978 0.047282 0.051102 0.0540871 0.0562752 0.0577934 0.058809 0.059469 0.0598401 0.0598474 0.0592132 0.0574412 0.0539263 0.0482349 0.0404485 0.0313328
 0.00358299 0.00580037 0.00871841 0.0123674 0.0167668 0.0218719 0.027505 0.033348 0.0390104 0.044125 0.0484227 0.0517793 0.0542287 0.0559284 0.0570884 0.0579014 0.0584951 0.0588948 0.0589724 0.0583931 0.0566177 0.0530391 0.0472692 0.0394577 0.0304158
 0.00371883 0.00602514 0.00906487 0.0128711 0.017463 0.0227891 0.028657 0.0347265 0.0405782 0.0458054 0.0500877 0.0532506 0.0553068 0.0564495 0.0569821 0.0572139 0.0573642 0.0574931 0.0574504 0.0568461 0.0550866 0.0515385 0.0458252 0.038128 0.0292779
 0.00393112 0.00635717 0.00954184 0.0135122 0.0182842 0.0238045 0.0298759 0.0361444 0.0421676 0.0475096 0.0518186 0.0548888 0.0567057 0.0574475 0.0574306 0.0570176 0.0565163 0.0560819 0.0556301 0.0547892 0.0529462 0.0494382 0.0438696 0.0364121 0.0278789
 0.0041464 0.00670509 0.0100617 0.0142396 0.0192451 0.0250064 0.0312988 0.0377389 0.0438643 0.0492327 0.0534949 0.0564455 0.0580604 0.0584996 0.0580616 0.0571079 0.0559768 0.0548897 0.0538491 0.0525638 0.0504712 0.0469231 0.041509 0.0343638 0.0262444
 0.00435838 0.00704928 0.0105802 0.0149749 0.0202357 0.0262786 0.0328527 0.039536 0.0458236 0.0512388 0.0554166 0.0581588 0.0594651 0.0595217 0.0586405 0.0571801 0.0554742 0.0537598 0.0520913 0.05026 0.0477932 0.0441086 0.0388149 0.0320116 0.0243755
 0.00459739 0.00743141 0.0111448 0.015758 0.0212689 0.0275837 0.0344322 0.0413627 0.0478338 0.0533332 0.0574676 0.0600253 0.0610124 0.0606401 0.0592529 0.0572362 0.054937 0.0526015 0.0503092 0.0479091 0.0450153 0.0411331 0.0359198 0.029457 0.0223374
 0.00485476 0.00784578 0.0117617 0.0166193 0.0224079 0.0290161 0.0361448 0.0433056 0.0499228 0.0554603 0.059513 0.061867 0.0625344 0.0617396 0.0598467 0.0572631 0.0543564 0.051392 0.0484762 0.0455073 0.0421762 0.0380752 0.0329216 0.026792 0.0202002
 0.00506144 0.00818646 0.0122844 0.0173753 0.0234457 0.0303697 0.0378177 0.045258 0.0520682 0.0576741 0.0616493 0.0637791 0.0640937 0.0628467 0.0604322 0.0572803 0.053774 0.0501928 0.0466677 0.043143 0.0393813 0.0350586 0.0299528 0.0241416 0.0180658
 0.00528282 0.00853876 0.012802 0.0180893 0.0243835 0.0315528 0.0392532 0.0469289 0.0539256 0.0596342 0.0635984 0.0655852 0.0656236 0.0639833 0.0610861 0.0573917 0.0533074 0.0491331 0.0450243 0.0409675 0.0367907 0.032247 0.0271725 0.0216482 0.0160498
 0.00557831 0.00901102 0.013498 0.019048 0.0256307 0.0330906 0.0410495 0.048911 0.0559875 0.0616536 0.065454 0.0671691 0.0668462 0.0647751 0.0613969 0.0571881 0.0525704 0.0478579 0.0432273 0.0387023 0.0341697 0.0294518 0.0244374 0.0192104 0.0140853
 0.00579147 0.00936344 0.01404 0.0198321 0.0267031 0.0344767 0.0427359 0.050835 0.0580392 0.0636922 0.0673305 0.0687484 0.0680254 0.0654902 0.0616188 0.0569107 0.0517987 0.046603 0.041513 0.0365819 0.031746 0.0268879 0.0219417 0.0169931 0.0123015
 0.00599858 0.00969711 0.0145382 0.0205325 0.0276416 0.0356814 0.0442152 0.0525628 0.0599446 0.0656583 0.0692062 0.070373 0.069258 0.0662343 0.0618307 0.0565922 0.0509793 0.0453247 0.0398255 0.0345524 0.0294761 0.0245247 0.0196674 0.0149882 0.010697
 0.00622873 0.0100556 0.0150493 0.0212115 0.0284954 0.0367107 0.045412 0.0539057 0.0613944 0.0671556 0.0706711 0.0717071 0.0703528 0.0669863 0.0621591 0.0564521 0.0503655 0.0442651 0.0383736 0.0327848 0.0274981 0.0224738 0.0177036 0.0132651 0.00932307
 0.00640585 0.0103397 0.0154701 0.0217937 0.0292554 0.0376491 0.0465068 0.0551101 0.0626437 0.0683795 0.0718046 0.0726941 0.0711431 0.0675308 0.0624091 0.056364 0.0499097 0.0434364 0.0371974 0.0313208 0.0258409 0.0207489 0.0160527 0.0118198 0.0081739
 0.0064408 0.0103983 0.0155628 0.0219351 0.0294655 0.0379534 0.0469324 0.0556773 0.063355 0.0692113 0.0727064 0.0735972 0.0719747 0.0682248 0.0629093 0.0566228 0.0498878 0.0431074 0.0365582 0.0304014 0.0247102 0.0195109 0.0148305 0.0107295 0.00729696
 0.00649332 0.0104705 0.0156474 0.0220183 0.0295326 0.0379979 0.0469639 0.0557241 0.063459 0.0694166 0.0730443 0.0740729 0.0725593 0.0688592 0.0635159 0.0571209 0.0502057 0.0431913 0.0363789 0.0299622 0.0240523 0.0187122 0.0139922 0.00995251 0.00665667
 0.00657113 0.0105953 0.0158309 0.0222676 0.0298453 0.038357 0.0473358 0.0560642 0.0637266 0.0695927 0.0731411 0.0741284 0.07262 0.0689576 0.063656 0.0572743 0.0503207 0.0432082 0.0362478 0.029658 0.0235852 0.0181286 0.0133649 0.00936048 0.00616234
 0.00666921 0.0107407 0.0160243 0.0225019 0.0301094 0.0386412 0.0476326 0.0563648 0.0640146 0.0698417 0.0733211 0.0742197 0.0726249 0.0689023 0.0635776 0.0572016 0.0502581 0.0431332 0.0361216 0.0294449 0.0232705 0.0177286 0.0129233 0.0089335 0.00579879
 0.00663811 0.0107146 0.0160292 0.0225748 0.0302859 0.038937 0.0480311 0.0568182 0.0644609 0.0702257 0.0736075 0.0743934 0.0726857 0.0688609 0.0634556 0.057028 0.0500613 0.0429293 0.0359089 0.0292084 0.0229958 0.0174155 0.0125914 0.00861561 0.00552742
 0.00664304 0.0107111 0.0160052 0.0225182 0.0301957 0.0388358 0.0479684 0.0568563 0.0646451 0.0705562 0.0740323 0.0748287 0.0730503 0.0691034 0.0635625 0.0570157 0.0499613 0.0427744 0.0357224 0.0290014 0.022771 0.0171759 0.0123476 0.00838606 0.00533188
 0.0066406 0.010706 0.0159945 0.0224955 0.0301501 0.0387525 0.0478346 0.0566728 0.0644386 0.0703812 0.0739548 0.0748958 0.0732639 0.0694166 0.0639009 0.0573102 0.0501703 0.0428878 0.0357515 0.0289649 0.0226865 0.0170583 0.0122122 0.00824949 0.00521021
 0.00670142 0.0107907 0.0160955 0.0225973 0.0302331 0.0387997 0.0478361 0.0566258 0.0643449 0.0702477 0.0737979 0.0747458 0.0731601 0.0693924 0.0639657 0.057442 0.0503258 0.0430222 0.0358353 0.0289889 0.0226572 0.0169905 0.012123 0.00815564 0.00512532
 0.00672261 0.0108247 0.0161453 0.022663 0.0303097 0.0388747 0.0478895 0.0566351 0.0642941 0.0701352 0.0736396 0.0745702 0.0730006 0.0692795 0.0639209 0.0574721 0.0504189 0.04315 0.035963 0.0290873 0.0227112 0.0170003 0.0120994 0.00811374 0.00507947
 0.00666544 0.010748 0.0160599 0.0225889 0.0302707 0.0388884 0.0479594 0.0567468 0.0644194 0.0702405 0.0736967 0.0745653 0.0729394 0.0691849 0.0638249 0.0574043 0.0503972 0.0431751 0.0360201 0.0291534 0.022765 0.0170295 0.0121027 0.00809845 0.00505569
 0.0066809 0.0107571 0.0160453 0.0225289 0.0301494 0.0387102 0.0477567 0.0565733 0.0643276 0.0702569 0.0738087 0.0747293 0.0731022 0.0693068 0.0638921 0.0574277 0.0504005 0.0431815 0.0360418 0.0291892 0.0228044 0.0170609 0.0121195 0.00810068 0.00504825
 0.00672446 0.0108123 0.0160983 0.0225541 0.0301127 0.0385776 0.0475061 0.0562078 0.0638848 0.069808 0.0734413 0.0745173 0.0730774 0.0694489 0.064144 0.0577236 0.0506908 0.0434415 0.0362656 0.0293786 0.0229607 0.017183 0.0122068 0.00815609 0.00507847
 0.00664129 0.0107023 0.0159783 0.0224523 0.0300564 0.0385763 0.0475394 0.0562288 0.0638397 0.0696628 0.0732022 0.0742328 0.072821 0.0692901 0.0641208 0.0578319 0.0508929 0.0436875 0.0365129 0.0296006 0.0231453 0.0173269 0.0123114 0.00822582 0.00512034
 0.006663 0.0107128 0.0159505 0.0223515 0.0298569 0.0382816 0.0471939 0.0559057 0.0636076 0.0695512 0.0731895 0.0742664 0.072854 0.0693087 0.0641457 0.0578975 0.0510223 0.0438784 0.0367412 0.0298341 0.0233567 0.0174999 0.0124408 0.00831449 0.00517567
