SBPRF35
12.7214
Curr Bio
988103
B35
900623
F35
0.172331
FOFL
0.172331
OFL
138703
Bzero
3.63469e+06
#pred survey bio
 3.63281e+06 3.47029e+06 3.33551e+06 3.16782e+06 2.96716e+06 2.74099e+06 2.50648e+06 2.28205e+06 2.05422e+06 1.83016e+06 1.61545e+06 1.4184e+06 1.27512e+06 1.15006e+06 1.00758e+06 880630 778213 713533 652383 625959 589845 572007 553791 539019 532358 533623 524079 527019 532771 534673 544068 549325 558055 563679 574017 576124 577884 590327 603703 616277 633156 645399 655576 661268 666834 673431 675205 678239 692312 700080 714227 763708 757125 772933 791359 824121 852703 876347 884733 877158 896650 943785 960707 994523 2.28336e+07 2.09231e+07 2.12064e+07 2.18421e+07 2.27e+07 2.36339e+07 2.45371e+07 2.53471e+07 2.60376e+07 2.66057e+07 2.7062e+07 2.74222e+07 2.77036e+07 2.79218e+07 2.80903e+07 2.82204e+07 2.83209e+07 2.83986e+07 2.8459e+07 2.8506e+07 2.85427e+07 2.85715e+07 2.85943e+07 2.86123e+07 2.86265e+07 2.86379e+07 2.8647e+07 2.86543e+07 2.86601e+07 2.86648e+07 2.86686e+07 2.86717e+07 2.86742e+07 2.86762e+07 2.86779e+07 2.86792e+07 2.86803e+07 2.86812e+07 2.86819e+07 2.86825e+07 2.8683e+07 2.86834e+07 2.86837e+07 2.8684e+07 2.86842e+07 2.86844e+07 2.86845e+07 2.86846e+07 2.86847e+07 2.86848e+07 2.86849e+07 2.86849e+07 2.8685e+07 2.8685e+07 2.8685e+07 2.8685e+07 2.86851e+07 2.86851e+07 2.86851e+07 2.86851e+07 2.86851e+07 2.86851e+07 2.86851e+07 2.86851e+07 2.86851e+07 2.86851e+07 2.86851e+07 2.86851e+07 2.86851e+07 2.86852e+07 2.86852e+07 2.86852e+07 2.86852e+07 2.86852e+07 2.86852e+07 2.86852e+07 2.86852e+07 2.86852e+07 2.86852e+07 2.86852e+07 2.86852e+07 2.86852e+07 2.86852e+07 2.86852e+07 2.86852e+07 2.86852e+07 2.86852e+07 2.86852e+07 2.86852e+07 2.86852e+07 2.86852e+07 2.86852e+07 2.86852e+07 2.86852e+07 2.86852e+07 2.86852e+07 2.86852e+07 2.86852e+07 2.86852e+07 2.86852e+07 0 0 0 0 0 0 0 0 0 0 0 0 0 0 0 0 0 0 0 0 0 0 0 0 0
#obs survey bio
 4.47286e+06 4.76078e+06 2.33359e+06 2.51623e+06 3.63453e+06 2.77475e+06 1.65220e+06 2.27294e+06 1.80699e+06 1.44026e+06 1.19905e+06 1.42935e+06 1.023e+06 1.1311e+06 1.11463e+06 825283 957806 637872 545479 546744 512636 604964 476415 640205 698528 527557 498059 716424 495090 503448 555983 472891 652728 789006 627106 778741 641886 393551 444342 637691 550946 643604 560046 640871 780628 599135 531524 697334 685268 654764 806845 602505 880423 572032 672847 1.02883e+06 1.0799e+06 1.03476e+06 596007 721138 1.19602e+06 1.09609e+06 1.16119e+06 1.0193e+06
#pred catch bio
 118697 105770 150853 196894 237838 264567 274896 296306 308701 312421 304770 262789 250511 265084 246871 219672 181665 173797 140922 146475 127856 125536 119877 111077 103505 111583 100213 97972.1 101196 94863.6 98447.3 95655 98458.4 94531.5 101332 101162 92643.8 93316.5 95337.4 93237.3 98914.4 102055 107110 108441 108801 113918 113450 104882 110813 105462 77212.4 125776 106217 105802 95811.6 101188 106537 120997 136383 115734 95875.9 123948 110469 141677 138703 138852 139712 142840 147741 153217 158481 163119 166973 170044 172416 174205 175530 176498 177196 177696 178051 178302 178478 178602 178688 178748 178790 178819 178839 178853 178863 178869 178874 178877 178879 178881 178882 178882 178883 178883 178883 178883 178884 178884 178884 178884 178884 178884 178884 178884 178884 178884 178884 178884 178884 178884 178884 178884 178884 178884 178884 178884 178884 178884 178884 178884 178884 178884 178884 178884 178884 178884 178884 178884 178884 178884 178884 178884 178884 178884 178884 178884 178884 178884 178884 178884 178884 178884 178884 178884 178884 178884 178884 178884 178884 178884 178884 178884 178884 178884 178884 178884 178884 178884 0 0 0 0 0 0 0 0 0 0 0 0 0 0 0 0 0 0 0 0 0 0 0 0 0
#obs catch bio
 0 105264 150878 196909 237386 263910 275249 296946 309948 315692 308192 264676 252637 268309 247532 221207 182114 173670 141070 147851 128655 126116 120582 111182 103713 111952 100473 97993 101495 95045.2 98431.5 95619.2 98447 94368.2 101079 100871 92383.7 93546.5 95504.9 93009.4 98924 102010 106938 108538 108870 114227 114169 105066 111332 105803 76427.4 126119 105718 106012 96023.8 101188 106429 120583 136892 116367 95853.6 124997 110105 141940
#pred cpue bio
 3.59051e+06 3.42939e+06 3.29448e+06 3.12648e+06 2.92618e+06 2.70027e+06 2.46578e+06 2.24135e+06 2.01391e+06 1.79058e+06 1.57704e+06 1.38138e+06 1.23897e+06 1.11496e+06 974524 849670 749198 686044 626254 600331 565161 548003 530529 516355 509999 511386 502165 505106 510834 512799 522155 527448 536050 541658 551956 554164 555925 568016 581029 593341 609794 621647 631513 636901 642158 648500 650119 653076 666975 674812 688919 737699 731407 746696 764496 796734 825139 848449 856205 847966 866668 913190 930259 963533 2.21201e+07 2.02681e+07 2.04711e+07 2.1028e+07 2.18633e+07 2.27929e+07 2.36954e+07 2.45053e+07 2.51957e+07 2.57638e+07 2.62201e+07 2.65804e+07 2.68617e+07 2.70799e+07 2.72484e+07 2.73785e+07 2.7479e+07 2.75567e+07 2.76171e+07 2.76641e+07 2.77008e+07 2.77296e+07 2.77524e+07 2.77704e+07 2.77846e+07 2.7796e+07 2.78051e+07 2.78124e+07 2.78182e+07 2.78229e+07 2.78267e+07 2.78298e+07 2.78323e+07 2.78343e+07 2.7836e+07 2.78373e+07 2.78384e+07 2.78393e+07 2.784e+07 2.78406e+07 2.78411e+07 2.78415e+07 2.78418e+07 2.78421e+07 2.78423e+07 2.78425e+07 2.78426e+07 2.78427e+07 2.78428e+07 2.78429e+07 2.7843e+07 2.7843e+07 2.78431e+07 2.78431e+07 2.78431e+07 2.78432e+07 2.78432e+07 2.78432e+07 2.78432e+07 2.78432e+07 2.78432e+07 2.78432e+07 2.78432e+07 2.78432e+07 2.78432e+07 2.78432e+07 2.78433e+07 2.78433e+07 2.78433e+07 2.78433e+07 2.78433e+07 2.78433e+07 2.78433e+07 2.78433e+07 2.78433e+07 2.78433e+07 2.78433e+07 2.78433e+07 2.78433e+07 2.78433e+07 2.78433e+07 2.78433e+07 2.78433e+07 2.78433e+07 2.78433e+07 2.78433e+07 2.78433e+07 2.78433e+07 2.78433e+07 2.78433e+07 2.78433e+07 2.78433e+07 2.78433e+07 2.78433e+07 2.78433e+07 2.78433e+07 2.78433e+07 2.78433e+07 2.78433e+07 2.78433e+07 0 0 0 0 0 0 0 0 0 0 0 0 0 0 0 0 0 0 0 0 0 0 0 0 0
#obs cpue bio
 3.70498e+06 3.75675e+06 3.10647e+06 3.80674e+06 3.35883e+06 2.73508e+06 2.03119e+06 2.18396e+06 1.89693e+06 1.31241e+06 1.95735e+06 1.38421e+06 1.28197e+06 973291 1.30474e+06 687799 644175 1.0066e+06 557564 485085 590899 560175 527225 542334 325003 543305 458738 431443 481156 503516 645301 582779 486694 403081 606972 445892 473877 573507 847521 762507 607998 637820 848497 529743 536002 638598 593799 743620 591588 857869 1.19091e+06 680659 764598 643852 682657 912246 678142 981584 790455 660646 710664 613347 1.40881e+06 880650
#pred surv len freq
 0.00418384 0.00687279 0.0104951 0.0150863 0.0205708 0.0266751 0.032906 0.0386789 0.0435368 0.0472912 0.0499982 0.0518338 0.052988 0.0536212 0.0538649 0.0538421 0.0536907 0.0535575 0.0535231 0.0534533 0.0528617 0.0509475 0.0469147 0.0404662 0.0321403
 0.00452197 0.0073366 0.011037 0.0156155 0.0209875 0.0269192 0.0329891 0.0386737 0.0435292 0.0473293 0.0500727 0.0519032 0.0530251 0.0536471 0.0539465 0.0540533 0.0540586 0.0540214 0.0539311 0.0536069 0.0525971 0.0502156 0.0458151 0.0392093 0.030958
 0.00460125 0.00752629 0.0114279 0.0163115 0.0220578 0.0283369 0.0345961 0.0402129 0.0447413 0.0480595 0.0503171 0.0517714 0.0526605 0.0531674 0.0534318 0.0535626 0.0536345 0.0536692 0.0535917 0.0531591 0.0519065 0.0492112 0.0445441 0.0378301 0.0296713
 0.00472927 0.00771935 0.0116962 0.0166698 0.0225401 0.0290069 0.0355347 0.0414731 0.0462874 0.0497317 0.0518618 0.0529338 0.0532849 0.0532428 0.053065 0.0529098 0.0528387 0.0528225 0.0527193 0.052223 0.0508369 0.0479621 0.0431456 0.0363989 0.0283662
 0.0049436 0.00806084 0.012196 0.0173492 0.0234046 0.0300414 0.0367039 0.0427336 0.0476048 0.0510842 0.053217 0.0542112 0.0543427 0.0539144 0.0532284 0.0525417 0.0520155 0.0516729 0.0513626 0.0507312 0.0492376 0.0462759 0.0414294 0.0347606 0.0269367
 0.00522107 0.00850594 0.0128544 0.0182587 0.0245868 0.0314893 0.0383692 0.0445237 0.0493987 0.0527631 0.0546917 0.0554303 0.0552743 0.0545162 0.0534326 0.0522725 0.0512294 0.0503901 0.0496654 0.0487341 0.0470592 0.0440328 0.0392473 0.0327766 0.0252766
 0.00548828 0.00894642 0.0135284 0.0192255 0.0258923 0.0331462 0.040337 0.0467017 0.0516401 0.0549035 0.0565803 0.0569511 0.0563557 0.0551251 0.0535564 0.0518983 0.0503387 0.0489741 0.0477518 0.0464057 0.0444535 0.0413276 0.0366394 0.0304532 0.0233795
 0.00572191 0.00933229 0.0141213 0.0200823 0.0270639 0.0346621 0.0421868 0.0488241 0.0539242 0.0572038 0.0587357 0.0588063 0.0577801 0.056027 0.053886 0.0516391 0.0494924 0.047553 0.0457873 0.04397 0.0416796 0.0384115 0.0338147 0.0279447 0.0213499
 0.00596117 0.00972602 0.0147232 0.0209469 0.0282377 0.0361688 0.0440115 0.0509052 0.0561601 0.0594679 0.0608926 0.0607211 0.0593261 0.0570943 0.0543899 0.0515261 0.04874 0.046167 0.0438043 0.0414696 0.0388025 0.0353651 0.0308523 0.025313 0.0192276
 0.00616833 0.0100761 0.015275 0.0217644 0.0293777 0.037661 0.0458384 0.0529943 0.0583947 0.0617102 0.0630057 0.0625823 0.0608303 0.0581531 0.0549296 0.0514877 0.0480821 0.044873 0.0418938 0.0390146 0.0359437 0.0323157 0.0278741 0.0226627 0.0170914
 0.00641385 0.0104732 0.0158698 0.0226011 0.0304935 0.0390766 0.0475445 0.0549411 0.0604917 0.0638365 0.0650261 0.0643653 0.0622629 0.0591486 0.0554263 0.0514415 0.0474607 0.0436574 0.0400914 0.0366819 0.0332075 0.0293797 0.0249948 0.0200943 0.0150197
 0.00673336 0.0109819 0.0166152 0.02362 0.0318051 0.0406727 0.0493793 0.0569296 0.0625214 0.0657887 0.0667934 0.0658578 0.0634072 0.0598852 0.0557087 0.051235 0.0467402 0.0424089 0.0383213 0.0344368 0.0305978 0.0265893 0.0222611 0.0176564 0.0130537
 0.00691165 0.0112837 0.0170914 0.0243244 0.0327825 0.0419399 0.0509074 0.0586397 0.0643006 0.0675158 0.068362 0.0671865 0.064438 0.0605759 0.0560255 0.0511469 0.0462189 0.0414328 0.036887 0.0325779 0.0284047 0.0242189 0.0199199 0.0155558 0.0113522
 0.00694039 0.0113615 0.0172667 0.0246639 0.0333582 0.042806 0.0520771 0.0600735 0.0659096 0.0691788 0.0699467 0.0685717 0.0655301 0.0613167 0.0563875 0.0511214 0.0458024 0.0406223 0.0356867 0.0310162 0.0265555 0.0222125 0.0179311 0.0137654 0.00989792
 0.00713788 0.011673 0.0177192 0.0252804 0.0341584 0.0438053 0.05328 0.0614611 0.0674293 0.07074 0.0714291 0.0698453 0.0664817 0.0618709 0.056515 0.0508311 0.0451249 0.0395936 0.0343433 0.0294037 0.0247458 0.0203167 0.0160938 0.012135 0.00858563
 0.00730655 0.0119597 0.0181728 0.0259506 0.0350818 0.0449847 0.0546685 0.0629648 0.0689307 0.0721298 0.0726256 0.0707931 0.0671394 0.0622033 0.0564956 0.0504503 0.0443945 0.0385452 0.0330221 0.027868 0.0230724 0.0186069 0.0144685 0.0107129 0.00745209
 0.00745884 0.0122024 0.0185299 0.0264443 0.035732 0.0458054 0.0556599 0.0641025 0.0701582 0.0733604 0.0737563 0.0717262 0.0678025 0.062557 0.0565285 0.0501677 0.0438112 0.0376846 0.03192 0.0265766 0.0216643 0.0171748 0.0131165 0.00953835 0.00652174
 0.00763033 0.0124503 0.0188463 0.0268042 0.0361028 0.0461631 0.0560013 0.0644476 0.0705409 0.0738126 0.0742904 0.0723223 0.068407 0.0630942 0.0569198 0.0503498 0.0437457 0.0373594 0.0313482 0.0257951 0.0207342 0.0161777 0.0121452 0.00867861 0.00583312
 0.00787476 0.0128379 0.0194089 0.0275576 0.0370356 0.0472251 0.0570973 0.0654514 0.0713311 0.0743151 0.0745018 0.0723003 0.0682346 0.0628406 0.0566173 0.049993 0.043307 0.036809 0.0306704 0.0249987 0.0198546 0.0152736 0.0112873 0.0079331 0.00524425
 0.00782039 0.0127694 0.0193432 0.0275249 0.0370737 0.0473681 0.0573642 0.0658362 0.0718008 0.0748147 0.0749686 0.0726837 0.0685117 0.0630179 0.0567168 0.0500319 0.0432835 0.0367033 0.0304578 0.0246664 0.0194142 0.0147632 0.0107627 0.00745226 0.00485065
 0.00787615 0.0128554 0.0194647 0.027686 0.0372792 0.0476255 0.0576823 0.0662199 0.0722425 0.0752872 0.0754248 0.0730659 0.068768 0.0631194 0.0566657 0.0498555 0.0430186 0.0363788 0.0300874 0.0242537 0.018965 0.0142957 0.0103088 0.00704832 0.00452528
 0.007851 0.0128104 0.01939 0.027571 0.0371173 0.0474204 0.057454 0.0660065 0.0720939 0.075253 0.0755378 0.0733288 0.0691481 0.0635563 0.0570891 0.0502065 0.0432627 0.0365067 0.030106 0.024177 0.0188104 0.0140857 0.0100723 0.00681759 0.00432749
 0.00788137 0.0128533 0.019442 0.0276235 0.0371576 0.0474336 0.0574271 0.0659324 0.0719771 0.075113 0.0754087 0.0732508 0.0691544 0.0636585 0.0572711 0.0504288 0.0434764 0.0366694 0.0301925 0.0241807 0.0187401 0.0139606 0.00991785 0.0066601 0.00418901
 0.00796167 0.0129686 0.0195871 0.0277833 0.0373099 0.0475556 0.0575 0.0659442 0.0719235 0.0749985 0.0752483 0.0730702 0.0689869 0.0635376 0.0572197 0.0504508 0.0435539 0.0367695 0.0302788 0.024226 0.0187327 0.0139051 0.0098302 0.00656099 0.00409703
 0.00797062 0.0129848 0.019614 0.0278232 0.0373615 0.0476109 0.0575432 0.0659557 0.0718872 0.0749103 0.0751191 0.0729228 0.0688487 0.0634338 0.0571687 0.0504613 0.0436224 0.0368791 0.030403 0.024336 0.018807 0.0139352 0.00982112 0.00652672 0.00405369
 0.0079401 0.0129305 0.0195241 0.0276857 0.037169 0.0473671 0.0572671 0.0656794 0.0716463 0.0747319 0.0750156 0.0728932 0.0688852 0.0635278 0.0573134 0.0506501 0.0438464 0.0371246 0.0306506 0.0245631 0.0189934 0.0140688 0.00990141 0.00656345 0.00406185
 0.00800207 0.0130298 0.0196697 0.0278823 0.0374124 0.0476398 0.0575364 0.065902 0.0717808 0.0747536 0.0749239 0.0727093 0.0686425 0.0632616 0.0570549 0.0504242 0.0436697 0.0370043 0.0305838 0.0245378 0.0189922 0.014075 0.00990378 0.00655796 0.00405035
 0.00797568 0.0129828 0.0195925 0.0277652 0.0372509 0.0474401 0.0573189 0.0656978 0.0716215 0.074659 0.0748966 0.0727377 0.0687094 0.0633521 0.0571599 0.0505396 0.0437943 0.0371372 0.0307219 0.0246746 0.0191185 0.0141812 0.00998337 0.00661013 0.00407944
 0.00792495 0.0129031 0.0194772 0.0276098 0.0370528 0.0472002 0.0570441 0.0654042 0.0713358 0.0744156 0.07473 0.0726723 0.0687512 0.063488 0.0573639 0.0507821 0.0440505 0.0373897 0.0309596 0.0248899 0.0193049 0.0143333 0.0100985 0.00668952 0.00412856
 0.00788048 0.0128369 0.0193889 0.0275027 0.0369326 0.0470722 0.0569118 0.0652691 0.0711987 0.0742794 0.0746024 0.0725669 0.0686859 0.0634789 0.0574185 0.0508961 0.0442092 0.0375735 0.0311495 0.0250708 0.019466 0.0144676 0.0102024 0.00676332 0.00417609
 0.00783193 0.012748 0.0192376 0.0272648 0.0365908 0.0466285 0.0563968 0.06474 0.0707246 0.0739201 0.0743929 0.072514 0.0687752 0.0636854 0.0577148 0.0512554 0.0446054 0.0379804 0.0315422 0.0254278 0.0197716 0.0147134 0.0103873 0.00689234 0.00425892
 0.00784105 0.0127594 0.0192474 0.0272645 0.036566 0.0465595 0.0562617 0.064523 0.0704267 0.0735664 0.0740307 0.0722003 0.068558 0.063591 0.0577445 0.051392 0.0448219 0.0382471 0.03183 0.0257105 0.0200278 0.0149283 0.0105539 0.00701139 0.0043368
 0.00776631 0.0126493 0.0191029 0.0270936 0.0363809 0.0463716 0.0560781 0.0643446 0.0702495 0.073386 0.0738483 0.0720277 0.0684187 0.0635147 0.0577561 0.051502 0.0450225 0.0385155 0.0321353 0.0260208 0.0203157 0.0151739 0.0107469 0.00715058 0.00442863
 0.00771206 0.0125622 0.0189744 0.0269183 0.0361599 0.046116 0.0558103 0.0640953 0.0700476 0.0732478 0.0737722 0.0719984 0.068419 0.0635359 0.0578031 0.0515884 0.045161 0.0387088 0.0323727 0.0262804 0.0205714 0.0154024 0.0109328 0.00728828 0.00452134
 0.00765237 0.0124612 0.0188156 0.026685 0.0358398 0.0457093 0.0553369 0.0635963 0.0695794 0.0728688 0.0735278 0.0719102 0.0684812 0.063721 0.0580737 0.0519105 0.0455113 0.0390736 0.0327416 0.0266406 0.0209055 0.0156929 0.0111665 0.007461 0.00463773
 0.00767191 0.0124896 0.0188513 0.0267222 0.0358679 0.045712 0.0552942 0.0634893 0.0693981 0.0726201 0.0732385 0.0716221 0.0682391 0.063559 0.0580072 0.0519355 0.0456115 0.0392286 0.0329323 0.0268498 0.0211166 0.0158892 0.0113339 0.00759089 0.00472892
 0.00776857 0.012628 0.0190247 0.0269123 0.0360491 0.0458593 0.0553888 0.0635195 0.0693572 0.0725045 0.0730503 0.0713731 0.0679539 0.0632728 0.0577577 0.0517526 0.04551 0.0392072 0.0329778 0.0269428 0.0212362 0.0160157 0.0114509 0.00768718 0.00479972
 0.00773668 0.0125857 0.018978 0.0268705 0.03602 0.0458425 0.0553724 0.0634841 0.0692862 0.0723941 0.0729118 0.0712269 0.0678204 0.0631669 0.0576889 0.0517283 0.0455357 0.0392843 0.0331005 0.027098 0.0214058 0.0161809 0.011596 0.0078026 0.00488271
 0.00767259 0.0124868 0.0188396 0.0266938 0.0358137 0.0456234 0.0551645 0.0633135 0.0691718 0.0723401 0.0729068 0.0712519 0.0678592 0.0632129 0.0577445 0.0518001 0.0456304 0.0394057 0.0332478 0.0272646 0.0215801 0.0163481 0.0117424 0.00791913 0.00496667
 0.0077009 0.0125159 0.0188527 0.0266656 0.0357183 0.0454466 0.0549137 0.0630193 0.0688796 0.0720955 0.0727417 0.0711775 0.0678667 0.0632808 0.0578495 0.0519251 0.0457668 0.0395518 0.0334036 0.0274279 0.0217444 0.0165036 0.0118786 0.00802816 0.00504589
 0.0076734 0.0124783 0.0188078 0.0266179 0.0356684 0.0453861 0.0548239 0.0628782 0.0686755 0.0718396 0.0724708 0.0709419 0.0677113 0.0632291 0.0578987 0.052053 0.0459444 0.0397536 0.033612 0.0276319 0.021936 0.0166754 0.0120236 0.00814179 0.00512746
 0.00763927 0.0124297 0.0187478 0.0265543 0.0356126 0.0453495 0.0548133 0.0628914 0.0686986 0.0718492 0.0724424 0.0708631 0.0675909 0.0630957 0.0577886 0.0519945 0.0459485 0.0398138 0.0337121 0.0277537 0.022064 0.0167974 0.0121307 0.00822813 0.00519097
 0.00767253 0.0124719 0.0187899 0.0265816 0.0356105 0.0453111 0.0547454 0.0628128 0.0686319 0.0718093 0.0724288 0.0708605 0.0675779 0.0630578 0.0577264 0.0519241 0.0458928 0.0397914 0.0337298 0.0278065 0.0221393 0.0168809 0.0122101 0.00829509 0.00524161
 0.00767571 0.0124889 0.0188363 0.0266762 0.0357668 0.0455266 0.0549942 0.063051 0.0688134 0.0719044 0.0724334 0.0707909 0.0674573 0.0629044 0.0575517 0.0517374 0.0457068 0.039623 0.0335953 0.0277153 0.022091 0.016867 0.0122183 0.00831348 0.00526132
 0.00766652 0.0124746 0.018817 0.0266548 0.0357515 0.0455319 0.0550389 0.0631505 0.0689693 0.0720974 0.072626 0.0709417 0.0675372 0.0629057 0.057485 0.051623 0.0455665 0.0394769 0.0334609 0.0276061 0.0220145 0.016823 0.0122005 0.00831238 0.00526806
 0.0076588 0.0124615 0.0187962 0.0266243 0.03571 0.0454807 0.0549841 0.063104 0.0689477 0.0721172 0.0726961 0.0710561 0.0676742 0.0630345 0.0575775 0.0516639 0.0455566 0.039429 0.0333934 0.0275369 0.021957 0.016784 0.0121801 0.00830623 0.00527006
 0.00761593 0.0124063 0.0187396 0.0265845 0.0357067 0.0455258 0.0550751 0.063224 0.0690728 0.072227 0.072781 0.0711177 0.0677195 0.063068 0.0575971 0.0516617 0.0455249 0.0393667 0.033308 0.0274422 0.0218677 0.0167111 0.0121284 0.00827458 0.00525369
 0.00758847 0.0123573 0.0186588 0.026463 0.0355424 0.0453307 0.0548784 0.0630664 0.0689915 0.07224 0.0728799 0.0712745 0.0679006 0.0632471 0.0577582 0.0517968 0.045629 0.0394367 0.0333441 0.0274497 0.0218563 0.0166919 0.01211 0.00826162 0.00524675
 0.00746467 0.0121668 0.0183922 0.0261185 0.0351259 0.044856 0.0543697 0.0625617 0.0685429 0.071906 0.0727124 0.071302 0.0681183 0.0636176 0.0582245 0.0522986 0.0461164 0.039875 0.033714 0.0277443 0.0220785 0.0168511 0.0122189 0.00833281 0.00529122
 0.00742272 0.0120925 0.0182697 0.0259303 0.0348587 0.0445082 0.0539573 0.0621183 0.0681118 0.0715306 0.0724297 0.0711411 0.0680993 0.0637472 0.0584907 0.0526694 0.0465456 0.0403135 0.0341206 0.0280919 0.0223551 0.017057 0.0123627 0.00842712 0.00534925
 0.00742858 0.0120864 0.0182314 0.0258309 0.0346669 0.044202 0.0535347 0.061603 0.0675506 0.0709841 0.0719608 0.0708033 0.0679287 0.0637587 0.0586779 0.053007 0.0469925 0.0408188 0.0346313 0.0285625 0.022754 0.0173698 0.0125902 0.00858059 0.0054451
 0.00719815 0.0117261 0.0177157 0.0251455 0.0338113 0.0431927 0.0524119 0.0604348 0.0664301 0.0700174 0.0712489 0.0704243 0.0679226 0.0641215 0.0593646 0.0539425 0.0480863 0.0419769 0.0357663 0.0296006 0.0236422 0.0180796 0.0131183 0.00894488 0.005677
 0.00741122 0.0120419 0.0181334 0.0256418 0.0343436 0.0437056 0.0528426 0.0607171 0.0665021 0.0698357 0.0708055 0.069759 0.0671225 0.0633029 0.0586443 0.0534089 0.0477811 0.0418932 0.0358598 0.0298078 0.0238976 0.0183298 0.013329 0.00910184 0.00578163
 0.00743046 0.0120835 0.0182136 0.025779 0.0345493 0.043973 0.053139 0.0609878 0.0666855 0.0698829 0.0706925 0.0694893 0.0667231 0.0628215 0.0581458 0.0529667 0.0474607 0.0417347 0.0358664 0.0299479 0.0241182 0.0185742 0.0135522 0.00927813 0.00590449
 0.00730452 0.0119039 0.0179908 0.025541 0.0343365 0.0438282 0.0530957 0.0610606 0.0668638 0.0701288 0.070948 0.0696917 0.0668242 0.0628016 0.0580189 0.052775 0.0472631 0.0415896 0.0358145 0.0300003 0.0242559 0.0187585 0.0137409 0.00943979 0.00602411
 0.00713507 0.0116268 0.0175734 0.0249581 0.033584 0.0429394 0.0521528 0.0601874 0.0661949 0.0697678 0.0709342 0.0699921 0.0673506 0.0634428 0.058673 0.0533742 0.0477817 0.0420374 0.036219 0.0303865 0.0246317 0.0191128 0.0140522 0.00968879 0.00620347
 0.00713133 0.0115979 0.0174869 0.0247685 0.0332425 0.0424115 0.0514373 0.0593283 0.0652813 0.0689194 0.0702769 0.069626 0.067322 0.0637307 0.0591996 0.0540333 0.0484738 0.0426941 0.0368095 0.0309073 0.0250892 0.0195098 0.0143839 0.00994868 0.00639028
 0.00726749 0.0117953 0.0177377 0.0250454 0.0334995 0.0425896 0.0514731 0.0591661 0.0648905 0.0683132 0.0695219 0.0688341 0.0666234 0.0632371 0.0589721 0.0540693 0.0487171 0.0430626 0.0372255 0.0313159 0.0254609 0.0198319 0.0146509 0.0101576 0.00654186
 0.00739229 0.0120085 0.0180755 0.0255419 0.0341716 0.0434158 0.0523776 0.0600216 0.0655462 0.0686374 0.0694416 0.0683557 0.0658306 0.062269 0.0579869 0.0532036 0.0480549 0.0426249 0.0369833 0.0312162 0.0254504 0.0198695 0.0147094 0.0102195 0.00659614
 0.00741259 0.0120693 0.018219 0.0258259 0.0346563 0.0441417 0.0533411 0.0611606 0.0667413 0.0697297 0.0702628 0.0687662 0.0657573 0.0617277 0.0570801 0.0520913 0.046909 0.0415861 0.0361347 0.0305813 0.0250101 0.0195846 0.0145376 0.0101244 0.00654928
 0.0072416 0.011805 0.0178496 0.0253573 0.0341204 0.0436031 0.0528976 0.0609283 0.0668202 0.0701617 0.0710035 0.0696874 0.0666813 0.0624807 0.0575434 0.0522319 0.0467792 0.0412929 0.0357953 0.0302852 0.0248013 0.0194662 0.0144887 0.0101173 0.00656085
 0.00701424 0.0114338 0.0172897 0.0245704 0.0330888 0.0423499 0.0515058 0.059545 0.0656357 0.0693676 0.0707423 0.0700117 0.0675338 0.0637048 0.0589252 0.0535613 0.0479062 0.042156 0.0364135 0.0307223 0.0251257 0.0197244 0.0147005 0.0102859 0.00668543
 0.00709977 0.0115421 0.0173946 0.0246249 0.0330327 0.0421254 0.0510752 0.0589046 0.0648258 0.0684755 0.0698957 0.0693565 0.0671964 0.0637512 0.0593342 0.0542288 0.0486812 0.0428938 0.0370198 0.0311681 0.0254322 0.0199332 0.0148485 0.0103948 0.00676477
 0.00699227 0.0113948 0.0172218 0.0244518 0.0328818 0.0419971 0.0509367 0.0586972 0.0644904 0.0679854 0.0692789 0.0686978 0.0666181 0.0633797 0.0592611 0.0544797 0.0492053 0.0435818 0.0377434 0.0318227 0.0259612 0.0203267 0.0151252 0.0105821 0.0068871
#obs surv len freq
 nan nan nan nan nan nan nan nan nan nan nan nan nan nan nan nan nan nan nan nan nan nan nan nan nan
 0.00448643 0.00734845 0.0111789 0.0159951 0.0216951 0.0279695 0.0342822 0.0400122 0.044691 0.0481544 0.0505124 0.0520085 0.0529011 0.0534138 0.0537284 0.0539835 0.0542623 0.0545551 0.0546939 0.0542859 0.052724 0.0493561 0.0438059 0.036286 0.0276697
 0.0046153 0.00756102 0.011504 0.0164606 0.0223203 0.0287548 0.0351987 0.0409994 0.0456652 0.0490267 0.0512049 0.0524665 0.0530977 0.0533492 0.0534254 0.0534798 0.0536015 0.0537801 0.0538438 0.0533975 0.0518363 0.0485124 0.043051 0.0356581 0.0271898
 0.0047771 0.00782524 0.0119041 0.0170286 0.0230816 0.029718 0.0363448 0.0422759 0.04699 0.0502996 0.0523227 0.0533363 0.0536478 0.0535379 0.0532443 0.0529514 0.0527718 0.0527092 0.0525984 0.0520482 0.0504582 0.0471861 0.0418562 0.0346606 0.026426
 0.00496275 0.00812935 0.0123661 0.0176868 0.0239656 0.0308377 0.0376785 0.0437653 0.0485483 0.0518258 0.0537151 0.0544995 0.0544971 0.0540039 0.0532805 0.0525411 0.0519317 0.0514876 0.0510709 0.0503123 0.0486293 0.0453909 0.0402199 0.0332852 0.0253689
 0.00518321 0.00848943 0.0129111 0.0184602 0.0250007 0.0321446 0.0392309 0.0454951 0.0503548 0.0535943 0.0553341 0.0558705 0.0555365 0.0546424 0.0534625 0.0522289 0.0511119 0.05018 0.0493351 0.0482513 0.046387 0.0431397 0.0381366 0.0315172 0.0240019
 0.00542189 0.00887935 0.0135015 0.0192983 0.026123 0.0335628 0.040917 0.0473765 0.0523238 0.055528 0.0571134 0.0573914 0.0567125 0.0554036 0.0537528 0.0520045 0.0503446 0.0488666 0.0475117 0.0460085 0.0438757 0.0405611 0.0357102 0.0294334 0.0223778
 0.00565863 0.00926885 0.0140964 0.0201506 0.0272743 0.0350284 0.0426697 0.0493408 0.0543866 0.0575603 0.0589911 0.0590063 0.0579764 0.0562459 0.0541178 0.0518477 0.0496326 0.047584 0.0456772 0.0436958 0.0412294 0.0377926 0.0330647 0.0271341 0.0205696
 0.00588907 0.00964703 0.0146725 0.0209742 0.0283861 0.0364456 0.044371 0.0512596 0.0564189 0.0595834 0.0608819 0.0606541 0.059288 0.057147 0.0545503 0.051766 0.0490012 0.0463818 0.0439117 0.0414262 0.0385881 0.034987 0.0303479 0.0247465 0.0186752
 0.00612553 0.010034 0.0152596 0.0218095 0.029507 0.037865 0.0460622 0.0531517 0.0584063 0.0615463 0.0627048 0.0622361 0.0605451 0.0580114 0.0549677 0.0516926 0.0484016 0.0452324 0.042214 0.0392286 0.0360093 0.0322234 0.0276482 0.0223543 0.0167632
 0.00638734 0.0104609 0.0159043 0.0227215 0.0307222 0.0393903 0.04786 0.0551349 0.0604521 0.0635202 0.0644844 0.0637236 0.0616694 0.0587235 0.0552342 0.051488 0.0477042 0.0440263 0.0405008 0.0370504 0.0334728 0.0295101 0.0249938 0.0199949 0.0148701
 0.0066263 0.0108574 0.0165157 0.0236053 0.0319238 0.0409231 0.0496866 0.0571613 0.0625423 0.0655249 0.0662675 0.0651778 0.0627215 0.059331 0.0553781 0.051163 0.0469099 0.0427644 0.0387838 0.034921 0.0310284 0.0269149 0.0224627 0.0177458 0.0130634
 0.00685017 0.0112221 0.0170665 0.0243858 0.0329691 0.0422482 0.0512717 0.0589444 0.0644232 0.0673801 0.0679686 0.0666077 0.0637868 0.0599689 0.0555567 0.050875 0.0461631 0.0415749 0.037178 0.0329491 0.0287836 0.0245454 0.020159 0.0157013 0.0114206
 0.00706873 0.0115804 0.0176108 0.0251602 0.0340056 0.0435522 0.0528081 0.0606351 0.0661602 0.0690482 0.0694633 0.0678433 0.0646955 0.0605 0.0556766 0.0505681 0.0454308 0.0404338 0.0356604 0.031111 0.026717 0.0223861 0.0180758 0.0138618 0.00994702
 0.00727477 0.0119221 0.018137 0.0259197 0.0350357 0.0448614 0.0543594 0.0623412 0.0678975 0.0706828 0.0708767 0.0689473 0.0654356 0.0608506 0.0556324 0.0501357 0.0446242 0.039274 0.034181 0.0293669 0.0247951 0.0204092 0.0161916 0.0122132 0.00863511
 0.00742111 0.0121611 0.0184996 0.0264367 0.0357343 0.0457569 0.055446 0.0635842 0.0692334 0.0720255 0.0721292 0.0700141 0.0662362 0.0613282 0.0557577 0.0499031 0.0440448 0.0383705 0.0329877 0.027936 0.0232054 0.0187686 0.0146268 0.0108451 0.00754773
 0.00752585 0.0123311 0.0187551 0.0267969 0.0362144 0.046364 0.0561736 0.0644109 0.0701255 0.0729423 0.073025 0.0708387 0.0669336 0.0618408 0.0560334 0.0499037 0.0437516 0.0377854 0.0321333 0.0268572 0.021972 0.0174751 0.0133822 0.00975171 0.0066766
 0.00761314 0.0124709 0.0189616 0.0270821 0.0365858 0.0468222 0.0567088 0.0650025 0.0707456 0.0735616 0.0736179 0.0713828 0.0674069 0.0622168 0.0562789 0.0499821 0.0436289 0.0374397 0.0315628 0.0260862 0.0210532 0.0164866 0.0124164 0.00889554 0.00599089
 0.00766261 0.0125449 0.0190613 0.0272055 0.0367302 0.0469865 0.0568963 0.0652195 0.0709989 0.0738546 0.0739482 0.0717411 0.0677763 0.0625732 0.0565915 0.0502135 0.0437391 0.0373926 0.0313356 0.0256789 0.0204953 0.0158354 0.0117469 0.00828252 0.00548946
 0.00774322 0.0126674 0.0192295 0.0274162 0.0369733 0.0472462 0.0571525 0.0654518 0.0711919 0.0740042 0.0740627 0.0718374 0.0678712 0.0626756 0.056697 0.0503044 0.0437867 0.0373632 0.0311991 0.0254198 0.020121 0.0153799 0.0112635 0.00782944 0.00511272
 0.00778241 0.012732 0.0193278 0.0275554 0.0371564 0.0474684 0.0573985 0.0656965 0.0714071 0.0741671 0.0741639 0.0718823 0.067877 0.0626637 0.0566845 0.0502972 0.0437766 0.0373293 0.0311152 0.0252641 0.0198867 0.0150813 0.010934 0.00751099 0.00484163
 0.00780979 0.0127697 0.0193725 0.0276008 0.0371965 0.0475018 0.0574306 0.0657375 0.0714664 0.0742469 0.0742573 0.0719766 0.0679604 0.0627304 0.056736 0.0503384 0.0438093 0.0373475 0.0311049 0.0252085 0.0197754 0.0149174 0.0107363 0.00730796 0.00466118
 0.00785842 0.0128402 0.0194623 0.0277013 0.0372946 0.0475829 0.0574827 0.0657547 0.0714509 0.07421 0.074216 0.0719472 0.0679521 0.062743 0.0567625 0.0503701 0.0438386 0.0373677 0.0311078 0.0251845 0.0197164 0.0148225 0.0106149 0.00717763 0.00454123
 0.00786184 0.0128481 0.019478 0.0277285 0.0373349 0.0476335 0.0575343 0.0657937 0.0714644 0.0741921 0.0741714 0.0718905 0.0679019 0.0627151 0.0567642 0.0503989 0.0438849 0.0374185 0.0311501 0.0252069 0.0197112 0.0147876 0.0105554 0.00710495 0.00446913
 0.00788275 0.0128745 0.019504 0.0277448 0.0373324 0.0476082 0.0574906 0.0657427 0.0714183 0.074158 0.0741492 0.0718757 0.0678914 0.0627105 0.056771 0.0504225 0.043926 0.037472 0.0312058 0.0252532 0.0197383 0.0147909 0.0105364 0.00707095 0.00442993
 0.0079161 0.0129251 0.0195731 0.0278297 0.0374261 0.0476987 0.0575628 0.0657814 0.0714141 0.074112 0.0740728 0.0717859 0.0678037 0.0626346 0.0567115 0.0503811 0.0439033 0.0374666 0.0312134 0.0252663 0.0197485 0.0147915 0.0105254 0.00705065 0.00440565
 0.00789939 0.0129008 0.0195418 0.0277939 0.0373893 0.0476647 0.0575337 0.0657576 0.0713938 0.0740921 0.0740513 0.0717637 0.0677851 0.0626258 0.0567179 0.0504047 0.0439426 0.0375175 0.0312702 0.0253223 0.0197971 0.0148275 0.0105462 0.00705773 0.00440318
 0.00790467 0.0129028 0.0195332 0.0277644 0.03733 0.0475726 0.0574163 0.0656317 0.07128 0.0740075 0.074004 0.0717524 0.0678028 0.0626645 0.0567713 0.0504693 0.0440161 0.0375971 0.0313518 0.0254004 0.0198659 0.0148823 0.0105847 0.00708065 0.00441386
 0.00787063 0.0128539 0.0194711 0.0276938 0.0372556 0.0474964 0.0573355 0.0655417 0.0711798 0.0739042 0.0739124 0.0716903 0.0677831 0.0626903 0.0568366 0.0505628 0.0441258 0.0377131 0.0314661 0.0255067 0.0199587 0.0149575 0.0106405 0.00711784 0.00443565
 0.00786435 0.0128326 0.0194192 0.0275922 0.0370887 0.0472619 0.0570521 0.0652458 0.0709139 0.0737018 0.0737903 0.0716494 0.0678158 0.0627865 0.0569852 0.0507505 0.0443371 0.0379314 0.0316764 0.0256972 0.0201212 0.0150875 0.0107374 0.00718437 0.00447725
 0.00785933 0.012828 0.0194178 0.0275962 0.0370961 0.0472629 0.0570281 0.0651761 0.0707865 0.0735236 0.0735879 0.0714597 0.0676721 0.0627084 0.0569767 0.0508042 0.044439 0.038065 0.0318249 0.0258449 0.0202556 0.0152001 0.0108242 0.00724574 0.00451677
 0.00782045 0.0127643 0.0193217 0.027462 0.036923 0.0470584 0.0568092 0.0649657 0.0706056 0.0733837 0.0734896 0.0713993 0.067649 0.0627281 0.0570464 0.0509267 0.0446086 0.0382679 0.0320425 0.0260584 0.0204489 0.0153619 0.0109493 0.00733473 0.00457467
 0.0078156 0.0127513 0.0192926 0.0274061 0.0368295 0.0469205 0.0566286 0.0647549 0.070386 0.0731809 0.0733264 0.0712902 0.0675985 0.0627327 0.0571002 0.0510242 0.0447451 0.0384364 0.0322319 0.0262533 0.0206331 0.0155219 0.0110766 0.00742744 0.00463618
 0.00778636 0.0127047 0.0192242 0.0273121 0.0367065 0.0467666 0.056445 0.0645471 0.0701656 0.0729653 0.0731374 0.0711498 0.0675237 0.0627314 0.0571699 0.0511544 0.0449213 0.0386434 0.0324547 0.026477 0.0208426 0.0157042 0.011223 0.00753515 0.00470845
 0.00774761 0.0126419 0.0191303 0.0271811 0.0365357 0.0465585 0.0562095 0.064301 0.069929 0.0727571 0.0729721 0.0710377 0.067472 0.0627451 0.0572502 0.051297 0.0451159 0.0388745 0.0327043 0.0267266 0.0210754 0.0159064 0.0113857 0.0076556 0.0047899
 0.0076971 0.0125616 0.019013 0.0270215 0.0363318 0.0463137 0.0559341 0.0640135 0.0696533 0.0725179 0.0727904 0.0709271 0.0674384 0.0627874 0.0573626 0.0514709 0.0453398 0.0391341 0.0329825 0.0270046 0.0213347 0.0161316 0.0115671 0.00779015 0.00488122
 0.00768604 0.0125401 0.0189739 0.0269562 0.0362319 0.0461743 0.0557571 0.063808 0.0694345 0.0723039 0.072599 0.0707744 0.0673373 0.0627467 0.0573859 0.0515564 0.0454808 0.0393197 0.033198 0.0272326 0.0215568 0.0163313 0.0117322 0.00791528 0.00496762
 0.00766104 0.012502 0.0189211 0.0268881 0.0361483 0.0460744 0.0556393 0.0636717 0.0692819 0.0721417 0.0724393 0.0706321 0.0672275 0.0626821 0.0573749 0.0516019 0.0455807 0.0394665 0.0333795 0.027433 0.0217585 0.0165171 0.0118891 0.00803616 0.00505226
 0.00763627 0.0124615 0.01886 0.0268023 0.0360362 0.0459385 0.0554876 0.0635163 0.0691357 0.0720143 0.0723349 0.0705517 0.067172 0.0626547 0.0573808 0.0516467 0.0456671 0.0395928 0.0335385 0.0276126 0.0219431 0.0166907 0.0120382 0.00815271 0.00513493
 0.00761803 0.0124305 0.018811 0.0267297 0.0359353 0.045808 0.0553314 0.0633447 0.0689639 0.071859 0.0722105 0.070467 0.0671299 0.0626527 0.0574149 0.0517134 0.0457644 0.0397188 0.0336891 0.0277798 0.022115 0.0168536 0.0121796 0.00826462 0.00521517
 0.00759201 0.0123921 0.01876 0.026668 0.0358655 0.0457315 0.055248 0.063253 0.0688636 0.0717533 0.0721066 0.0703756 0.0670616 0.0626159 0.0574133 0.0517467 0.0458296 0.039812 0.0338055 0.0279126 0.022255 0.0169895 0.0123004 0.00836223 0.00528652
 0.00758466 0.0123794 0.0187398 0.0266382 0.0358251 0.0456819 0.0551929 0.0631977 0.0688121 0.0717062 0.0720615 0.0703292 0.0670134 0.0625702 0.0573779 0.05173 0.0458379 0.0398475 0.0338667 0.0279946 0.02235 0.0170878 0.0123919 0.00843905 0.00534441
 0.00757316 0.0123615 0.0187142 0.0266043 0.0357826 0.0456311 0.0551352 0.063136 0.068751 0.0716511 0.072017 0.0702974 0.0669937 0.0625599 0.0573753 0.0517358 0.0458551 0.0398801 0.0339168 0.0280611 0.0224282 0.01717 0.0124697 0.00850519 0.00539493
 0.007528 0.0122936 0.0186223 0.0264911 0.0356542 0.0454957 0.0550023 0.0630154 0.0686522 0.0715814 0.0719806 0.0702951 0.0670227 0.062615 0.0574495 0.0518222 0.0459483 0.0399773 0.0340169 0.0281631 0.0225296 0.0172662 0.0125552 0.00857521 0.00544716
 0.00753408 0.0122987 0.0186214 0.0264771 0.0356202 0.045439 0.0549265 0.0629302 0.0685695 0.0715115 0.0719288 0.0702622 0.0670073 0.062615 0.0574635 0.0518486 0.0459855 0.0400234 0.0340703 0.0282223 0.0225922 0.0173288 0.0126134 0.00862485 0.00548547
 0.00753107 0.012297 0.0186243 0.0264885 0.0356426 0.0454698 0.0549573 0.0629486 0.0685646 0.0714791 0.071874 0.0701963 0.0669427 0.0625611 0.0574249 0.0518264 0.0459788 0.0400306 0.0340894 0.0282511 0.022628 0.0173683 0.0126525 0.00865968 0.00551332
 0.00751938 0.0122787 0.0185986 0.0264556 0.0356048 0.0454318 0.0549257 0.0629297 0.0685609 0.0714877 0.0718866 0.0702041 0.0669408 0.0625507 0.0574118 0.0518173 0.0459786 0.0400412 0.0341104 0.0282805 0.0226629 0.0174054 0.0126882 0.00869085 0.00553792
 0.00750467 0.0122546 0.0185619 0.0264038 0.0355365 0.0453486 0.0548333 0.0628382 0.0684829 0.0714347 0.0718654 0.0702144 0.0669757 0.0625999 0.0574658 0.0518707 0.0460302 0.0400922 0.0341622 0.0283331 0.0227149 0.0174543 0.0127314 0.00872622 0.00556448
 0.00749067 0.0122307 0.0185241 0.0263477 0.0354586 0.0452483 0.0547144 0.0627095 0.0683575 0.0713271 0.071789 0.0701785 0.0669837 0.0626482 0.057545 0.0519683 0.0461345 0.040195 0.0342588 0.0284215 0.0227938 0.0175224 0.0127875 0.00876963 0.00559562
 0.00747508 0.0122064 0.0184891 0.0263008 0.0353989 0.0451753 0.0546285 0.0626129 0.0682547 0.0712254 0.0716984 0.0701099 0.0669469 0.0626494 0.0575846 0.0520411 0.0462306 0.0403028 0.0343678 0.0285238 0.0228848 0.0175993 0.0128491 0.00881613 0.00562822
 0.00747508 0.0122064 0.0184891 0.0263008 0.0353989 0.0451753 0.0546285 0.0626129 0.0682547 0.0712254 0.0716984 0.0701099 0.0669469 0.0626494 0.0575846 0.0520411 0.0462306 0.0403028 0.0343678 0.0285238 0.0228848 0.0175993 0.0128491 0.00881613 0.00562822
 0.00721623 0.0117927 0.0178817 0.0254737 0.0343506 0.0439434 0.0533008 0.0613227 0.0671546 0.070448 0.0713239 0.070155 0.0673721 0.0633783 0.0585236 0.0530957 0.0473168 0.0413519 0.0353288 0.0293624 0.0235818 0.0181495 0.0132592 0.0091025 0.00581409
 0.00738412 0.0120305 0.0181731 0.0257774 0.0346069 0.0440876 0.053278 0.0611007 0.0667342 0.0698687 0.0706612 0.069505 0.0668282 0.0630081 0.0583567 0.0531233 0.0475017 0.0416425 0.0356713 0.0297103 0.0239004 0.0184174 0.0134674 0.00925216 0.00591319
 0.00728049 0.0118936 0.0180239 0.0256506 0.0345357 0.0440818 0.0533102 0.0611107 0.0666535 0.0696523 0.0703092 0.0690647 0.0663788 0.0626365 0.0581334 0.0530866 0.0476513 0.0419447 0.0360716 0.030148 0.0243219 0.018784 0.0137585 0.00946387 0.00605411
 0.00727645 0.0118745 0.0179741 0.0255531 0.034383 0.0438882 0.0531155 0.060967 0.0665968 0.069677 0.0703647 0.0690812 0.0663063 0.0624721 0.0579226 0.0529002 0.0475545 0.0419733 0.0362237 0.030391 0.0246075 0.0190651 0.0140005 0.00964957 0.00618219
 0.00712688 0.0116438 0.0176498 0.0251313 0.0338682 0.0432941 0.0524694 0.0603159 0.0660076 0.0692261 0.0701159 0.0690602 0.0664887 0.0627946 0.0583132 0.0533095 0.0479682 0.0424017 0.036679 0.030869 0.0250838 0.0195041 0.01437 0.00993184 0.00637727
 0.00703844 0.0114874 0.0173923 0.0247368 0.0333099 0.0425708 0.0516185 0.0594122 0.0651471 0.068502 0.069601 0.0688005 0.0665005 0.0630621 0.0587895 0.0539266 0.0486565 0.0431079 0.0373713 0.0315291 0.0256942 0.0200432 0.0148161 0.0102722 0.00661404
 0.00710599 0.011593 0.0175412 0.0249259 0.0335217 0.0427688 0.0517476 0.0594102 0.0649666 0.0681334 0.0690833 0.0682113 0.0659335 0.062601 0.0584895 0.0538063 0.048701 0.0432805 0.037629 0.0318331 0.026013 0.0203499 0.0150877 0.0104919 0.00677483
 0.00713987 0.0116593 0.0176612 0.0251246 0.0338197 0.043169 0.052223 0.0599002 0.0653863 0.0683943 0.0691184 0.0679968 0.0654988 0.0620223 0.0578676 0.0532381 0.0482556 0.0429886 0.0374861 0.031812 0.026077 0.020462 0.0152159 0.0106117 0.00687141
 0.00719207 0.0117471 0.0177992 0.0253296 0.0341082 0.0435527 0.0527017 0.0604548 0.0659739 0.0689487 0.0695576 0.0682399 0.0654882 0.0617445 0.0573622 0.0525888 0.0475664 0.0423546 0.0369718 0.0314435 0.0258475 0.0203444 0.0151751 0.0106148 0.0068928
 0.00705842 0.0115433 0.0175188 0.0249783 0.0337063 0.043136 0.0523215 0.0601732 0.0658511 0.0690242 0.0698331 0.0686721 0.0659955 0.0622291 0.0577392 0.0528124 0.0476412 0.0423268 0.0369052 0.0313929 0.0258425 0.0203868 0.0152487 0.0106972 0.00696609
 0.00692193 0.0113111 0.0171518 0.0244383 0.03297 0.0422149 0.0512783 0.0591214 0.0649321 0.0683715 0.0695391 0.0687691 0.0664523 0.0629595 0.0586226 0.0537223 0.0484757 0.0430295 0.0374677 0.0318392 0.0262055 0.0206904 0.0155017 0.010899 0.00711526
 0.00697908 0.0113887 0.0172388 0.0245102 0.0329899 0.0421387 0.0510641 0.0587429 0.0643952 0.0677258 0.0688763 0.0682025 0.0660847 0.0628515 0.0587751 0.0540801 0.0489492 0.0435259 0.0379181 0.0322112 0.0264981 0.0209183 0.0156803 0.0110375 0.00721783
 0.00694559 0.0113486 0.0172038 0.0244976 0.0330138 0.0421985 0.0511351 0.0587779 0.0643382 0.0675335 0.0685392 0.067756 0.0656054 0.062437 0.0585136 0.054021 0.0490883 0.0438123 0.0382777 0.0325748 0.0268198 0.021179 0.0158797 0.0111836 0.00732002
#pred catch len freq
 0.00311069 0.00504836 0.00761552 0.0108568 0.0148161 0.0194908 0.0247718 0.0304282 0.036152 0.0416178 0.0465292 0.0506578 0.0538764 0.0561717 0.0576312 0.0584215 0.0587701 0.0589255 0.0590527 0.0590595 0.0584451 0.0563454 0.0518918 0.0447615 0.0355525
 0.00337104 0.00540795 0.00804114 0.0112836 0.0151728 0.0197356 0.0249142 0.0305198 0.0362489 0.0417427 0.0466615 0.0507583 0.0539292 0.0562125 0.0577397 0.0586797 0.059206 0.0594698 0.0595358 0.0592612 0.0581835 0.0555655 0.0507025 0.0433942 0.034263
 0.00345965 0.00558924 0.00837771 0.0118433 0.0159962 0.0207951 0.0260926 0.031635 0.037124 0.0422795 0.0468678 0.0507157 0.0537345 0.05594 0.0574431 0.0584087 0.059004 0.0593436 0.0594212 0.0590233 0.0576703 0.0546917 0.049511 0.0420506 0.0329823
 0.003593 0.00579246 0.00866385 0.01223 0.0165189 0.0215156 0.0270856 0.0329443 0.038705 0.0439679 0.0484119 0.0518675 0.0543463 0.0560067 0.0570734 0.0577584 0.0582152 0.0585068 0.0585583 0.0580889 0.0565845 0.0534002 0.0480437 0.0405331 0.0315887
 0.00379771 0.00611371 0.00912533 0.0128452 0.0172898 0.0224332 0.028134 0.0341105 0.0399857 0.0453612 0.0498843 0.0533163 0.0555946 0.0568529 0.0573712 0.0574765 0.0574351 0.0573691 0.0571929 0.0565732 0.0549455 0.0516561 0.0462521 0.0388091 0.0300746
 0.00405948 0.0065273 0.00972618 0.0136601 0.0183342 0.0237061 0.0296096 0.0357321 0.0416708 0.0470179 0.0514314 0.0546903 0.0567376 0.0576897 0.057801 0.0573958 0.0567845 0.0561657 0.0555259 0.0545681 0.0527306 0.0493551 0.0439971 0.0367454 0.0283379
