SBPRF35
12.7214
Curr Bio
865070
B35
863738
F35
0.172141
FOFL
0.171814
OFL
120730
Bzero
3.63469e+006
#pred survey bio
 2.92841e+006 2.67517e+006 2.43531e+006 2.21038e+006 1.98021e+006 1.75869e+006 1.57418e+006 1.38326e+006 1.19773e+006 1.04275e+006 926917 839606 764888 706012 652585 616414 583590 564680 554664 539390 535064 523605 524377 533060 532055 533347 533500 539417 550721 561358 573916 580822 595709 597684 610973 617698 627401 627220 634845 634062 644474 663769 673904 674045 672829 672996 675152 721073 750378 792570 824944 840698 868968 879543 888709 879856 865496 871695 867516 870840 3.03766e+007 1.859e+007 1.91795e+007 2.01396e+007 2.13122e+007 2.253e+007 2.36759e+007 2.46849e+007 2.55336e+007 2.62247e+007 2.67747e+007 2.72055e+007 2.75395e+007 2.77967e+007 2.79941e+007 2.81455e+007 2.82616e+007 2.8351e+007 2.84199e+007 2.84733e+007 2.85148e+007 2.85472e+007 2.85727e+007 2.85927e+007 2.86086e+007 2.86212e+007 2.86312e+007 2.86392e+007 2.86456e+007 2.86508e+007 2.86549e+007 2.86583e+007 2.8661e+007 2.86632e+007 2.8665e+007 2.86664e+007 2.86676e+007 2.86686e+007 2.86694e+007 2.867e+007 2.86705e+007 2.8671e+007 2.86713e+007 2.86716e+007 2.86718e+007 2.8672e+007 2.86722e+007 2.86723e+007 2.86724e+007 2.86725e+007 2.86726e+007 2.86726e+007 2.86727e+007 2.86727e+007 2.86727e+007 2.86728e+007 2.86728e+007 2.86728e+007 2.86728e+007 2.86728e+007 2.86728e+007 2.86728e+007 2.86728e+007 2.86728e+007 2.86728e+007 2.86729e+007 2.86729e+007 2.86729e+007 2.86729e+007 2.86729e+007 2.86729e+007 2.86729e+007 2.86729e+007 2.86729e+007 2.86729e+007 2.86729e+007 2.86729e+007 2.86729e+007 2.86729e+007 2.86729e+007 2.86729e+007 2.86729e+007 2.86729e+007 2.86729e+007 2.86729e+007 2.86729e+007 2.86729e+007 2.86729e+007 2.86729e+007 2.86729e+007 2.86729e+007 2.86729e+007 2.86729e+007 2.86729e+007 2.86729e+007 2.86729e+007 2.86729e+007 2.86729e+007 2.86729e+007 2.86729e+007 0 0 0 0 0 0 0 0 0 0 0 0 0 0 0 0 0 0 0 0 0 0 0 0 0
#obs survey bio
 2.53466e+006 2.67558e+006 3.24528e+006 2.60726e+006 2.21672e+006 1.64844e+006 1.2379e+006 1.19883e+006 1.12329e+006 726942 768428 951860 634274 753457 809627 475344 557904 493308 561221 367384 652596 566151 430867 497107 654533 385726 505583 380602 559032 632307 559102 803326 569156 738366 489159 601929 534756 822234 645004 669239 510026 612315 734594 703102 575297 670496 565546 811687 777306 784835 856717 820457 751923 872806 953607 816229 1.2448e+006 736566 1.06528e+006 733390
#pred catch bio
 269486 272941 275315 294542 300184 278867 293497 293163 267163 232541 206813 193439 176107 167024 148192 141995 127230 117696 120371 109736 114087 102160 95584.2 103922 101821 102817 98267.8 94974.1 97098 96659 101635 94576.5 105081 95737.6 102596 101012 109633 102988 110248 101572 96460.4 106135 114503 114625 112699 110812 75742.5 92939.5 84234.9 95266.5 110987 101530 117920 119489 134588 138154 120665 131397 127230 134629 120730 123089 126042 131397 138491 145946 152892 158899 163830 167726 170718 172964 174622 175829 176699 177321 177762 178074 178292 178446 178553 178627 178679 178715 178740 178757 178769 178777 178783 178786 178789 178791 178792 178793 178794 178794 178794 178795 178795 178795 178795 178795 178795 178795 178795 178795 178795 178795 178795 178795 178795 178795 178795 178795 178795 178795 178795 178795 178795 178795 178795 178795 178795 178795 178795 178795 178795 178795 178795 178795 178795 178795 178795 178795 178795 178795 178795 178795 178795 178795 178795 178795 178795 178795 178795 178795 178795 178795 178795 178795 178795 178795 178795 178795 178795 178795 178795 178795 178795 178795 0 0 0 0 0 0 0 0 0 0 0 0 0 0 0 0 0 0 0 0 0 0 0 0 0
#obs catch bio
 233514 273991 276206 294004 299827 279331 296136 296006 270136 234802 209598 195400 176832 167535 147817 142894 128061 118031 120800 110411 115030 102064 95536.6 104135 101632 103383 98365.1 95289.3 97526.2 97238.4 102525 94526.2 105002 95166.3 102786 101399 109970 102918 110276 101299 96727.1 106738 114854 114390 112592 110987 75341.7 93154.3 84168.7 95349.7 111362 101516 118007 119425 134327 138036 119720 131129 126761 134689
#pred cpue bio
 2.88877e+006 2.63643e+006 2.39697e+006 2.17258e+006 1.94328e+006 1.72237e+006 1.53831e+006 1.34853e+006 1.16465e+006 1.01129e+006 896631 810407 737058 679452 627330 592028 559995 541724 532154 517289 513129 502262 503244 511749 510774 511997 512153 517935 528876 539213 551613 558713 573671 575753 588595 594957 604482 604423 611974 611199 621137 639772 649782 650232 649230 649440 651503 696566 725548 767042 798751 814146 841917 852297 861308 852633 838482 844303 839653 842377 2.93755e+007 1.79821e+007 1.84815e+007 1.93542e+007 2.05019e+007 2.1715e+007 2.28601e+007 2.3869e+007 2.47177e+007 2.54088e+007 2.59588e+007 2.63896e+007 2.67236e+007 2.69808e+007 2.71782e+007 2.73296e+007 2.74458e+007 2.75351e+007 2.7604e+007 2.76574e+007 2.76989e+007 2.77313e+007 2.77568e+007 2.77768e+007 2.77927e+007 2.78053e+007 2.78153e+007 2.78233e+007 2.78297e+007 2.78349e+007 2.7839e+007 2.78424e+007 2.78451e+007 2.78473e+007 2.78491e+007 2.78505e+007 2.78517e+007 2.78527e+007 2.78535e+007 2.78541e+007 2.78546e+007 2.78551e+007 2.78554e+007 2.78557e+007 2.78559e+007 2.78561e+007 2.78563e+007 2.78564e+007 2.78565e+007 2.78566e+007 2.78567e+007 2.78567e+007 2.78568e+007 2.78568e+007 2.78568e+007 2.78569e+007 2.78569e+007 2.78569e+007 2.78569e+007 2.78569e+007 2.78569e+007 2.78569e+007 2.7857e+007 2.7857e+007 2.7857e+007 2.7857e+007 2.7857e+007 2.7857e+007 2.7857e+007 2.7857e+007 2.7857e+007 2.7857e+007 2.7857e+007 2.7857e+007 2.7857e+007 2.7857e+007 2.7857e+007 2.7857e+007 2.7857e+007 2.7857e+007 2.7857e+007 2.7857e+007 2.7857e+007 2.7857e+007 2.7857e+007 2.7857e+007 2.7857e+007 2.7857e+007 2.7857e+007 2.7857e+007 2.7857e+007 2.7857e+007 2.7857e+007 2.7857e+007 2.7857e+007 2.7857e+007 2.7857e+007 2.7857e+007 2.7857e+007 2.7857e+007 0 0 0 0 0 0 0 0 0 0 0 0 0 0 0 0 0 0 0 0 0 0 0 0 0
#obs cpue bio
 1.89897e+006 1.7736e+006 1.8395e+006 3.50705e+006 1.6765e+006 1.2389e+006 1.2253e+006 1.43928e+006 992860 1.29209e+006 721563 767012 1.07613e+006 670264 639640 478467 495294 681328 531846 523060 391951 706832 555536 519563 506117 434449 674090 572070 474428 372473 469721 639144 759244 611383 457205 449008 843852 514721 658980 673994 445862 585103 739281 893936 702748 669087 811584 548569 627044 750770 733718 794190 1.19512e+006 817740 1.06299e+006 897711 945282 752510 729897 775876
#pred surv len freq
 0.00484068 0.00791508 0.0120159 0.0171542 0.0232175 0.0298767 0.0365619 0.0426063 0.0474947 0.0510277 0.0532964 0.0545412 0.0550246 0.0549718 0.0545562 0.053905 0.0531127 0.0522418 0.0512826 0.0500701 0.0482159 0.0451673 0.0404524 0.0340197 0.0264316
 0.00519375 0.00844277 0.0127275 0.0180375 0.0242546 0.0310631 0.0379093 0.0441201 0.0491353 0.0526834 0.0547922 0.0556878 0.0556844 0.0551057 0.0542274 0.0532397 0.0522387 0.0512339 0.0501385 0.04873 0.0466216 0.0433297 0.0384868 0.03212 0.0247964
 0.00535639 0.00875258 0.0132741 0.0189231 0.0255596 0.0327983 0.0399846 0.0463574 0.0513283 0.0546644 0.0564602 0.0569863 0.0565615 0.0555007 0.0540947 0.0525844 0.0511265 0.0497639 0.0483992 0.0467738 0.0444803 0.0410596 0.0362054 0.0299985 0.0230061
 0.00560594 0.00913261 0.013803 0.0196135 0.0264319 0.0338925 0.0413546 0.0480401 0.0532986 0.0568069 0.0585819 0.0588689 0.0580217 0.0564215 0.0544217 0.0523079 0.050272 0.0483903 0.0465927 0.0446349 0.0421169 0.0385959 0.0337936 0.0278097 0.0211909
 0.00593569 0.00966353 0.0145902 0.0206995 0.0278325 0.0355821 0.0432573 0.0500431 0.0552864 0.0586938 0.0603153 0.0604012 0.0592782 0.0572951 0.0547985 0.0521014 0.0494449 0.0469587 0.0446214 0.0422316 0.0394278 0.0358013 0.0310964 0.0254078 0.0192362
 0.00624424 0.0101717 0.0153671 0.0218127 0.0293339 0.0374837 0.0455065 0.0525129 0.0577936 0.0610393 0.0623303 0.0619773 0.0603695 0.0578934 0.0548992 0.0516828 0.0484733 0.0454131 0.0425217 0.0396579 0.0365275 0.0327801 0.0281915 0.0228437 0.0171731
 0.0064293 0.0104888 0.0158753 0.0225799 0.0304257 0.0389434 0.047333 0.0546465 0.0601175 0.0633939 0.0645364 0.0638621 0.061794 0.0587717 0.0551985 0.0514053 0.0476316 0.0440193 0.0405989 0.0372681 0.0337967 0.0299031 0.0254065 0.0203802 0.0151945
 0.00662908 0.0108239 0.0163996 0.0233525 0.0315012 0.0403562 0.0490786 0.056671 0.0623198 0.0656397 0.0666737 0.0657372 0.0632664 0.0597299 0.055572 0.0511671 0.0467906 0.0426075 0.0386664 0.0348934 0.0311066 0.0270833 0.0226846 0.0179785 0.0132713
 0.00688833 0.0112449 0.0170326 0.024245 0.0326902 0.0418551 0.0508631 0.0586712 0.0644274 0.0677247 0.068603 0.0673879 0.0645331 0.0605288 0.0558436 0.0508779 0.0459336 0.0412026 0.0367621 0.0325738 0.028502 0.0243745 0.0200862 0.0156968 0.0114517
 0.0072204 0.0117654 0.0177802 0.0252434 0.033946 0.0433537 0.0525623 0.060498 0.0662838 0.069502 0.0701971 0.0687086 0.0655078 0.0611022 0.0559759 0.0505428 0.0451189 0.039914 0.0350315 0.0304704 0.0261429 0.0219256 0.017743 0.0136447 0.00981956
 0.00739642 0.012069 0.0182683 0.0259768 0.0349721 0.0446824 0.0541449 0.0622278 0.0680213 0.0711125 0.0715784 0.0697978 0.0662714 0.0615218 0.0560379 0.0502345 0.0444296 0.0388411 0.0335912 0.0287116 0.0241594 0.0198572 0.015758 0.011904 0.00843456
 0.00745503 0.0121747 0.0184483 0.0262676 0.035417 0.0453234 0.0550101 0.0633164 0.0692914 0.0724788 0.0729235 0.0709973 0.067222 0.0621581 0.056332 0.0501824 0.0440367 0.0381157 0.0325499 0.0273924 0.0226355 0.0182411 0.0141889 0.0105168 0.00732506
 0.00756312 0.0123414 0.0186831 0.0265756 0.035801 0.0457875 0.0555605 0.0639595 0.0700286 0.0732988 0.0737948 0.0718642 0.0680088 0.0627828 0.0567243 0.0502962 0.0438526 0.0376359 0.0317929 0.0263951 0.0214601 0.0169795 0.0129535 0.00941799 0.00644231
 0.00760666 0.0124208 0.0188182 0.0267882 0.0361088 0.046194 0.056049 0.0644955 0.0705733 0.0738246 0.0742924 0.0723359 0.0684533 0.0631817 0.057038 0.0504729 0.0438427 0.0374053 0.0313319 0.0257216 0.0206215 0.0160503 0.0120259 0.00858236 0.00576513
 0.0077909 0.0126914 0.0191724 0.0272069 0.0365647 0.0466631 0.0565175 0.0649566 0.0710176 0.0742333 0.0746395 0.0725985 0.068622 0.0632615 0.0570393 0.0503979 0.0436786 0.0371289 0.0309218 0.0251731 0.0199563 0.0153182 0.0112954 0.00792385 0.00523094
 0.00785957 0.012811 0.0193655 0.0274949 0.0369573 0.0471462 0.0570463 0.0654643 0.0714395 0.0745318 0.0748146 0.072677 0.0686362 0.0632334 0.056977 0.0502988 0.0435331 0.0369217 0.0306359 0.024798 0.0194978 0.0148044 0.010773 0.00744515 0.00483766
 0.00789504 0.0128728 0.0194667 0.0276518 0.0371875 0.0474638 0.057454 0.0659457 0.0719543 0.0750205 0.0752124 0.0729344 0.0687349 0.0631888 0.0568252 0.0500784 0.0432713 0.0366298 0.0303127 0.0244385 0.0191028 0.0143878 0.0103623 0.00707421 0.00453459
 0.00794488 0.0129336 0.0195218 0.0276759 0.0371567 0.0473708 0.0573193 0.0658159 0.0718868 0.0750604 0.0753739 0.0731948 0.0690436 0.0634869 0.0570655 0.0502367 0.0433442 0.0366256 0.0302411 0.0243069 0.0189192 0.0141657 0.0101238 0.00684583 0.00434011
 0.00799242 0.0130016 0.0196058 0.0277627 0.0372251 0.0473936 0.0572702 0.0656798 0.0716719 0.0748052 0.0751412 0.0730505 0.0690306 0.0636073 0.0572826 0.0504928 0.0435838 0.0368098 0.0303514 0.0243408 0.0188845 0.0140776 0.0100027 0.00671523 0.00422091
 0.00804713 0.0130965 0.0197586 0.0279907 0.0375373 0.0477801 0.0576938 0.066078 0.0719716 0.0749467 0.0750998 0.0728464 0.0687221 0.0632696 0.0569808 0.0502621 0.0434248 0.0366992 0.0302591 0.0242431 0.0187707 0.0139489 0.00986893 0.00658938 0.00411468
 0.00787134 0.0128415 0.019433 0.0276247 0.0371774 0.0474786 0.0574971 0.0660167 0.0720532 0.0751504 0.0753791 0.0731432 0.0689862 0.0634761 0.0571336 0.0503838 0.0435389 0.0368159 0.0303723 0.0243372 0.0188314 0.0139708 0.00985715 0.00655624 0.00407417
 0.00797517 0.0129661 0.0195405 0.0276575 0.0370798 0.0472277 0.0571253 0.0656077 0.07171 0.0749537 0.0753587 0.0732749 0.0692105 0.0637253 0.0573559 0.0505546 0.0436592 0.0369006 0.0304362 0.024387 0.0188658 0.0139863 0.00985351 0.00653826 0.00404967
 0.00805558 0.013084 0.0196917 0.0278229 0.0372227 0.0472949 0.0570568 0.0653577 0.0712751 0.0743924 0.0747834 0.0728128 0.068954 0.0636995 0.0575205 0.0508334 0.0439757 0.0372009 0.0306932 0.0245929 0.0190216 0.0140959 0.00992274 0.00657523 0.00406433
 0.00798536 0.0129859 0.0195733 0.0277004 0.0371142 0.0472108 0.0569908 0.0652853 0.0711612 0.0742069 0.0745206 0.0725044 0.0686661 0.0635099 0.0574863 0.0509673 0.0442437 0.0375419 0.0310449 0.0249097 0.0192794 0.0142885 0.0100549 0.00665773 0.00411033
 0.00803972 0.0130622 0.0196664 0.0277998 0.037209 0.0472963 0.0570709 0.0653676 0.0712451 0.0742743 0.0745365 0.072432 0.0684889 0.0632473 0.0571922 0.0507089 0.044074 0.0374799 0.031075 0.0249958 0.0193837 0.0143837 0.0101275 0.00670554 0.00413766
 0.00799971 0.0130125 0.0196192 0.027774 0.0372228 0.0473569 0.0571687 0.0654793 0.0713456 0.074348 0.0745796 0.0724451 0.0684682 0.063185 0.0570859 0.0505725 0.0439373 0.0373769 0.0310276 0.025005 0.0194326 0.0144486 0.0101886 0.00675232 0.00416796
 0.00803945 0.0130609 0.0196632 0.0277944 0.0372031 0.0472949 0.057083 0.0654034 0.0713116 0.0743695 0.0746461 0.0725298 0.0685422 0.0632279 0.0570883 0.0505354 0.0438719 0.0373021 0.030965 0.0249705 0.01943 0.0144702 0.0102213 0.00678399 0.00419207
 0.00809807 0.0131433 0.0197624 0.0278937 0.037278 0.0473185 0.0570339 0.0652742 0.0711161 0.0741434 0.0744381 0.0723839 0.0684807 0.0632446 0.0571564 0.0506221 0.0439516 0.0373636 0.0310098 0.0250072 0.019467 0.0145105 0.0102622 0.00682048 0.00422011
 0.00803996 0.0130641 0.019671 0.027806 0.0372106 0.047279 0.0570141 0.0652521 0.0710661 0.074051 0.0743093 0.0722459 0.0683715 0.0631973 0.0571858 0.0507197 0.0440924 0.0375181 0.0311553 0.0251323 0.0195699 0.0145937 0.0103282 0.00687078 0.00425583
 0.0079318 0.0129011 0.0194504 0.0275364 0.036912 0.0469815 0.0567541 0.0650644 0.0709732 0.0740527 0.0743829 0.0723571 0.0684922 0.0633171 0.0573113 0.0508637 0.0442612 0.0377056 0.0313462 0.0253099 0.0197222 0.0147157 0.0104205 0.00693674 0.00430003
 0.00773241 0.0125987 0.0190367 0.0270198 0.0363175 0.0463484 0.0561344 0.0645196 0.0705656 0.0738314 0.0743697 0.0725402 0.0688303 0.0637539 0.0577921 0.0513484 0.0447268 0.0381406 0.0317426 0.0256589 0.0200154 0.0149483 0.0105937 0.00705702 0.00437763
 0.00766587 0.0124769 0.0188295 0.0266939 0.0358486 0.045738 0.0554227 0.063784 0.069902 0.0733273 0.074083 0.0724913 0.0690053 0.064113 0.05828 0.0519056 0.0453002 0.0386904 0.0322431 0.026095 0.020379 0.0152364 0.0108085 0.00720654 0.00447392
 0.00764392 0.0124248 0.0187199 0.0264895 0.0355092 0.0452334 0.0547482 0.0629715 0.0690219 0.0724803 0.0733812 0.072033 0.0688509 0.0642713 0.0587107 0.0525345 0.04604 0.0394588 0.0329747 0.0267453 0.0209231 0.0156657 0.0111267 0.0074266 0.00461486
 0.00781305 0.0126762 0.0190528 0.0268833 0.0359234 0.0456107 0.0550195 0.0630659 0.0688836 0.0720897 0.0727703 0.0712852 0.0680827 0.0636023 0.0582321 0.0522893 0.0460195 0.0396154 0.0332419 0.0270577 0.0212286 0.0159307 0.0113353 0.00757676 0.00471374
 0.0078072 0.0126808 0.0190848 0.0269648 0.0360721 0.0458274 0.0552778 0.0633128 0.0690527 0.0721209 0.0726288 0.0709723 0.0676381 0.0630971 0.0577537 0.051919 0.0458111 0.0395824 0.0333589 0.0272735 0.0214855 0.0161797 0.0115449 0.00773396 0.00481986
 0.00770789 0.0125453 0.0189297 0.0268238 0.0359892 0.0458441 0.0554192 0.0635775 0.0694084 0.0725066 0.0729659 0.0711841 0.0676735 0.0629479 0.0574583 0.0515508 0.0454552 0.0393099 0.0332081 0.0272446 0.021549 0.0162929 0.0116683 0.00784093 0.00489883
 0.0076281 0.0124091 0.018715 0.0265116 0.0355752 0.045353 0.0549132 0.0631482 0.0691495 0.0724786 0.0731711 0.0715655 0.0681351 0.0633881 0.0578013 0.0517661 0.0455593 0.0393507 0.0332403 0.0273068 0.0216526 0.0164255 0.0118057 0.00796099 0.00498941
 0.00763692 0.0124225 0.0187322 0.0265284 0.0355815 0.0453317 0.0548437 0.0630161 0.0689598 0.0722645 0.0729878 0.0714683 0.068153 0.0635083 0.0579754 0.0519335 0.045675 0.039402 0.0332451 0.0272979 0.0216583 0.0164573 0.0118583 0.00802027 0.00504205
 0.0076288 0.0124019 0.0186879 0.0264463 0.0354491 0.0451444 0.0546091 0.0627528 0.0686917 0.0720151 0.0727792 0.0713241 0.0680985 0.0635621 0.058137 0.0521768 0.0459546 0.0396708 0.0334721 0.0274756 0.0217961 0.0165692 0.0119531 0.00809961 0.0051039
 0.0077974 0.0126487 0.0190079 0.0268152 0.0358277 0.0454871 0.0548725 0.0629021 0.068706 0.0718918 0.0725356 0.0709945 0.0677274 0.063197 0.0578201 0.0519362 0.0457979 0.0395854 0.0334339 0.0274612 0.0217917 0.0165706 0.0119605 0.00811253 0.00511943
 0.0078248 0.0127036 0.0191083 0.0269805 0.0360696 0.0457969 0.0552135 0.0632144 0.0689252 0.0719723 0.0724655 0.0707952 0.0674415 0.0628739 0.0575049 0.0516639 0.0455901 0.0394484 0.0333597 0.0274329 0.0217907 0.0165825 0.0119771 0.00812963 0.00513497
 0.00761938 0.0124063 0.0187299 0.0265573 0.0356565 0.0454539 0.0549916 0.0631441 0.0690089 0.0721815 0.072747 0.0710877 0.0676958 0.0630661 0.057638 0.0517584 0.0456712 0.0395357 0.0334618 0.0275472 0.0219071 0.0166895 0.0120661 0.00819717 0.00518203
 0.00745904 0.0121539 0.0183675 0.0260794 0.0350772 0.0448154 0.0543669 0.062628 0.0686922 0.0721194 0.0729388 0.0714781 0.068197 0.0635884 0.0581142 0.0521553 0.0459867 0.0397869 0.0336703 0.0277286 0.0220677 0.0168279 0.0121787 0.0082819 0.00524049
 0.00747114 0.0121556 0.0183367 0.0259844 0.0348853 0.0445062 0.0539464 0.0621346 0.0681924 0.0716935 0.0726607 0.0713945 0.0683135 0.0638675 0.0584898 0.0525558 0.0463569 0.0400984 0.0339196 0.0279259 0.0222257 0.0169555 0.0122795 0.00835754 0.00529313
 0.00750118 0.0122034 0.0184053 0.0260721 0.0349811 0.0445859 0.0539728 0.0620663 0.068001 0.0713821 0.072272 0.0710019 0.0679973 0.0636876 0.0584669 0.0526692 0.046558 0.0403325 0.034144 0.0281177 0.0223791 0.0170739 0.0123686 0.00842237 0.00533768
 0.00755082 0.0122752 0.018497 0.0261763 0.0350873 0.044684 0.0540534 0.0621185 0.068009 0.0713255 0.0721336 0.0707808 0.0677182 0.0633997 0.058228 0.0525242 0.0465227 0.0403914 0.0342618 0.0282565 0.0225106 0.0171834 0.0124522 0.0084821 0.00537775
 0.00762296 0.0123829 0.0186409 0.0263495 0.0352764 0.0448706 0.0542172 0.0622398 0.0680723 0.0713221 0.0720615 0.0706426 0.0675212 0.0631582 0.0579679 0.0522809 0.0463319 0.040276 0.0342235 0.0282782 0.0225662 0.0172486 0.0125112 0.00852779 0.00540938
 0.00737454 0.0119956 0.01809 0.0256256 0.0343904 0.0438589 0.0531468 0.061207 0.0671886 0.0706903 0.0717518 0.070678 0.0678748 0.063764 0.0587395 0.0531338 0.0471994 0.0411139 0.0350043 0.0289814 0.0231733 0.0177449 0.0128909 0.00879707 0.00558514
 0.00738724 0.0119894 0.018031 0.0254667 0.0340832 0.0433743 0.0524923 0.0604312 0.0663708 0.0699217 0.0711181 0.0702473 0.0676903 0.0638376 0.0590498 0.0536309 0.0478175 0.0417863 0.0356748 0.0296078 0.023726 0.0182047 0.0132489 0.00905549 0.00575659
 0.00731946 0.0118856 0.0178851 0.0252725 0.0338302 0.0430434 0.0520582 0.0598742 0.0656943 0.0691672 0.0703654 0.0695981 0.0672406 0.0636535 0.0591538 0.054002 0.0484002 0.0425047 0.0364483 0.0303641 0.0244093 0.018779 0.0136978 0.00938026 0.00597267
 0.00722918 0.0117545 0.017717 0.0250807 0.0336334 0.0428577 0.0518892 0.059712 0.0655143 0.0689373 0.0700615 0.0692217 0.0668305 0.0632806 0.0589003 0.0539332 0.0485435 0.0428435 0.0369301 0.0309181 0.0249645 0.0192782 0.0141056 0.00968417 0.00617904
 0.0072147 0.011731 0.0176822 0.0250342 0.0335785 0.042803 0.0518478 0.0596968 0.0655282 0.068965 0.0700683 0.0691641 0.066676 0.0630278 0.0585876 0.05363 0.0483261 0.0427675 0.0370122 0.0311341 0.0252625 0.0195986 0.0143983 0.00991883 0.00634646
 0.007143 0.0116151 0.0175094 0.0247945 0.0332676 0.0424282 0.0514326 0.0592815 0.0651638 0.0687 0.0699333 0.0691609 0.066776 0.0631834 0.0587527 0.0537809 0.0484705 0.0429357 0.0372358 0.0314251 0.0256047 0.0199545 0.0147253 0.0101855 0.00654
 0.00710905 0.0115703 0.0174607 0.0247529 0.0332435 0.0424235 0.0514369 0.0592741 0.0651235 0.0686164 0.0698134 0.0690265 0.066653 0.0630892 0.0586901 0.0537419 0.0484475 0.0429321 0.0372665 0.0315065 0.025741 0.0201314 0.014915 0.0103585 0.0066766
 0.0070603 0.0114946 0.0173541 0.0246161 0.0330836 0.0422556 0.0512825 0.0591565 0.0650579 0.0686024 0.0698347 0.0690598 0.0666805 0.0631063 0.0587032 0.0537605 0.0484785 0.0429791 0.0373338 0.0315994 0.0258625 0.0202762 0.0150683 0.0105011 0.00679266
 0.00708606 0.0115376 0.0174203 0.024711 0.0332098 0.0424098 0.051454 0.059328 0.0652102 0.0687188 0.0699033 0.0690725 0.0666326 0.0629977 0.0585418 0.0535633 0.0482685 0.0427801 0.0371657 0.0314763 0.025791 0.0202545 0.015086 0.0105417 0.00683922
 0.00726298 0.0117955 0.0177538 0.0250963 0.0336123 0.042796 0.0517995 0.0596181 0.0654348 0.068868 0.0699665 0.0690416 0.0665056 0.0627807 0.0582485 0.053214 0.0478886 0.0423982 0.0368101 0.0311711 0.0255522 0.0200872 0.0149844 0.0104915 0.0068226
 0.00737069 0.0119629 0.0179897 0.0254005 0.0339712 0.0431801 0.052164 0.0599121 0.0656174 0.0689246 0.0699129 0.0689129 0.0663369 0.0625929 0.0580467 0.0529946 0.0476496 0.0421454 0.0365578 0.0309382 0.0253564 0.0199398 0.014887 0.0104371 0.00679874
 0.00745197 0.0121057 0.0182236 0.0257572 0.0344745 0.0438303 0.0529243 0.0607062 0.0663443 0.0694839 0.0702323 0.0689653 0.066142 0.0622051 0.0575333 0.0524171 0.0470536 0.0415615 0.0360084 0.030443 0.0249333 0.0196015 0.0146371 0.0102685 0.00669597
 0.00736405 0.011988 0.0180944 0.0256524 0.0344418 0.0439176 0.0531663 0.0611131 0.066894 0.0701199 0.0708702 0.0695102 0.0665136 0.0623591 0.0574702 0.0521747 0.0466888 0.0411326 0.0355641 0.0300201 0.0245582 0.0192917 0.0144006 0.0101032 0.00659111
#obs surv len freq
 0.0049606 0.00812706 0.0123649 0.0176887 0.023973 0.0308525 0.037701 0.0437941 0.0485794 0.051854 0.0537351 0.0545082 0.0544942 0.0539924 0.0532645 0.0525241 0.0519156 0.0514729 0.0510571 0.0502989 0.0486163 0.0453786 0.0402089 0.0332761 0.0253619
 0.00517706 0.00847875 0.0128939 0.0184346 0.024966 0.0321023 0.0391853 0.0454534 0.0503244 0.0535803 0.0553373 0.0558874 0.055561 0.0546684 0.0534864 0.0522497 0.0511306 0.0501982 0.0493538 0.0482707 0.0464063 0.0431581 0.038153 0.0315307 0.0240122
 0.00539667 0.00884033 0.0134465 0.0192265 0.026035 0.0334609 0.0408054 0.0472624 0.0522167 0.0554389 0.0570526 0.0573655 0.056723 0.0554459 0.0538186 0.0520846 0.0504314 0.0489556 0.0476008 0.0460964 0.0439608 0.0406408 0.0357808 0.0294918 0.0224223
 0.0056441 0.00924454 0.0140587 0.0200958 0.0272001 0.0349349 0.0425609 0.0492244 0.0542722 0.0574575 0.0589079 0.058949 0.0579494 0.0562518 0.0541558 0.0519134 0.0497188 0.0476828 0.045782 0.0438014 0.0413318 0.037888 0.0331488 0.0272035 0.0206224
 0.00588951 0.00964585 0.0146671 0.0209608 0.0283601 0.0364031 0.0443098 0.0511807 0.0563262 0.0594837 0.060784 0.0605672 0.0592206 0.0571057 0.0545393 0.0517862 0.0490502 0.0464543 0.0440005 0.0415237 0.0386869 0.0350807 0.0304312 0.0248153 0.0187274
 0.00612555 0.0100362 0.0152667 0.0218248 0.0295326 0.0378998 0.0461001 0.0531824 0.0584186 0.0615317 0.0626609 0.0621673 0.0604613 0.0579251 0.0548915 0.0516364 0.0483715 0.0452298 0.0422359 0.039269 0.0360606 0.032278 0.0276996 0.022398 0.0167969
 0.00636541 0.0104266 0.0158557 0.0226581 0.0306465 0.039308 0.0477801 0.0550678 0.0604059 0.0634972 0.06448 0.0637286 0.061675 0.0587254 0.0552338 0.0514913 0.0477189 0.0440583 0.0405525 0.0371196 0.0335535 0.0295943 0.0250729 0.0200623 0.0149222
 0.00663654 0.0108691 0.0165242 0.0236034 0.0319036 0.04088 0.0496214 0.0570813 0.0624598 0.0654525 0.0662149 0.0651487 0.062713 0.0593361 0.0553894 0.0511761 0.0469252 0.0427859 0.0388161 0.0349664 0.0310852 0.0269781 0.0225251 0.0178009 0.013107
 0.00685537 0.0112328 0.0170862 0.0244182 0.0330155 0.0423044 0.0513273 0.0589844 0.0644339 0.0673555 0.0679132 0.0665348 0.0637117 0.0599036 0.0555066 0.0508395 0.0461395 0.0415612 0.0371743 0.0329565 0.0288022 0.0245729 0.020191 0.0157325 0.011447
 0.00705403 0.0115586 0.0175819 0.0251264 0.0339711 0.0435226 0.0527898 0.0606323 0.0661731 0.0690707 0.0694854 0.067855 0.0646923 0.0604843 0.055656 0.0505507 0.0454218 0.0404349 0.0356712 0.0311303 0.0267436 0.0224178 0.0181094 0.0138933 0.00997336
 0.00727462 0.0119174 0.0181222 0.0258873 0.0349793 0.0447796 0.0542588 0.0622362 0.0678064 0.0706211 0.0708523 0.0689581 0.0654717 0.0608991 0.0556827 0.0501825 0.0446674 0.039316 0.0342242 0.0294123 0.0248422 0.0204561 0.0162356 0.0122515 0.00866551
 0.00743366 0.0121821 0.0185316 0.0264814 0.0357901 0.0458178 0.0555001 0.0636172 0.0692338 0.0719909 0.0720677 0.0699416 0.0661684 0.0612751 0.0557213 0.0498801 0.0440304 0.0383616 0.0329835 0.0279371 0.023212 0.0187801 0.0146413 0.0108601 0.00756107
 0.00753418 0.0123462 0.0187807 0.0268374 0.0362736 0.046443 0.056269 0.0645131 0.07022 0.0730124 0.0730568 0.070826 0.0668806 0.06176 0.055941 0.0498139 0.0436727 0.0377204 0.0320819 0.0268183 0.0219443 0.0174573 0.0133727 0.0097481 0.00667649
 0.00761616 0.0124737 0.0189619 0.0270772 0.0365743 0.0468052 0.0566921 0.0649945 0.0707543 0.0735901 0.0736618 0.0714314 0.0674471 0.0622383 0.0562785 0.0499635 0.0436002 0.0374093 0.0315365 0.0260667 0.0210408 0.0164805 0.0124149 0.00889711 0.00599382
 0.0076712 0.0125586 0.0190814 0.0272323 0.0367625 0.0470213 0.0569285 0.0652437 0.0710116 0.0738567 0.0739445 0.0717373 0.0677754 0.0625735 0.0565876 0.0502007 0.0437158 0.0373614 0.0313017 0.0256476 0.02047 0.0158175 0.0117357 0.00827653 0.00548695
 0.00773176 0.0126525 0.0192137 0.0274043 0.0369708 0.047257 0.0571773 0.0654871 0.0712312 0.0740402 0.0740898 0.0718533 0.0678774 0.0626754 0.0566933 0.0502978 0.0437762 0.0373477 0.0311792 0.025398 0.0201005 0.0153631 0.0112515 0.00782209 0.00510888
 0.00776437 0.0127003 0.0192762 0.0274779 0.0370502 0.0473377 0.0572567 0.0655649 0.0713083 0.0741174 0.0741677 0.0719327 0.0679603 0.0627647 0.0567908 0.0504 0.04387 0.0374096 0.0311804 0.0253141 0.0199232 0.0151071 0.0109519 0.0075233 0.00484993
 0.0078108 0.012769 0.0193668 0.0275851 0.0371648 0.0474483 0.0573522 0.0656365 0.0713514 0.0741336 0.0741643 0.0719208 0.0679508 0.0627655 0.0568058 0.0504285 0.0439058 0.0374396 0.0311857 0.0252747 0.0198264 0.0149546 0.010762 0.00732503 0.004672
 0.00783646 0.0128092 0.0194241 0.0276602 0.0372554 0.0475482 0.057451 0.0657209 0.071409 0.0741571 0.0741547 0.0718867 0.0679056 0.0627229 0.056776 0.0504162 0.0439092 0.037451 0.0311919 0.0252603 0.019779 0.0148703 0.0106489 0.00720032 0.00455539
 0.00787889 0.0128711 0.0195043 0.027753 0.0373527 0.0476418 0.0575348 0.0657904 0.0714606 0.0741869 0.0741594 0.0718653 0.0678612 0.0626632 0.0567117 0.0503576 0.0438632 0.0374183 0.0311671 0.0252336 0.01974 0.0148132 0.0105752 0.0071187 0.0044778
 0.00791181 0.0129243 0.0195834 0.0278616 0.0374902 0.0478012 0.0577007 0.0659418 0.0715762 0.0742526 0.0741717 0.07183 0.0677891 0.0625663 0.0566014 0.0502445 0.0437565 0.0373244 0.0310879 0.0251661 0.0196782 0.0147516 0.0105117 0.00705585 0.00442101
 0.00788832 0.0128868 0.0195284 0.0277877 0.0373994 0.0477007 0.0576036 0.0658645 0.0715335 0.0742516 0.0742097 0.0718966 0.0678711 0.0626521 0.0566829 0.0503173 0.043819 0.0373767 0.0311304 0.0251984 0.0196986 0.0147584 0.0105052 0.0070393 0.00439963
 0.00788807 0.0128793 0.0195042 0.0277342 0.0373047 0.0475598 0.0574233 0.0656649 0.0713436 0.0741014 0.0741222 0.0718823 0.0679265 0.0627622 0.056827 0.0504747 0.0439732 0.0375167 0.0312503 0.0252954 0.0197719 0.0148084 0.0105341 0.00705126 0.00440024
 0.00788587 0.0128742 0.0194934 0.0277131 0.0372667 0.0474968 0.0573277 0.065533 0.0711797 0.0739208 0.07395 0.0717476 0.0678536 0.0627631 0.0568981 0.0505997 0.0441293 0.0376815 0.0314056 0.0254296 0.0198791 0.0148873 0.0105868 0.00708212 0.00441529
 0.00790505 0.0129028 0.0195315 0.0277585 0.0373151 0.0475416 0.0573605 0.0655436 0.0711579 0.0738594 0.0738489 0.0716166 0.0677123 0.0626363 0.0568087 0.0505611 0.0441419 0.0377344 0.0314818 0.0255119 0.0199542 0.0149476 0.0106296 0.0071089 0.00442965
 0.00786399 0.0128387 0.0194403 0.0276387 0.0371689 0.0473756 0.0571866 0.0653777 0.0710168 0.0737563 0.0737893 0.0715986 0.0677296 0.0626829 0.0568816 0.0506606 0.0442682 0.0378833 0.0316437 0.0256727 0.0201 0.0150679 0.0107199 0.00717044 0.00446748
 0.00784796 0.012808 0.0193857 0.0275495 0.0370361 0.0471973 0.0569717 0.0651467 0.0707971 0.0735744 0.073665 0.071541 0.0677375 0.0627473 0.0569897 0.0508 0.0444287 0.038057 0.0318227 0.0258476 0.02026 0.0152034 0.0108252 0.00724497 0.00451524
 0.00783535 0.0127846 0.0193449 0.027483 0.0369351 0.047055 0.0567872 0.0649271 0.0705585 0.073341 0.0734643 0.0713988 0.0676711 0.062762 0.0570788 0.0509476 0.0446157 0.0382648 0.0320353 0.0260518 0.0204445 0.0153595 0.0109476 0.00733317 0.00457313
 0.00778759 0.0127113 0.0192425 0.0273508 0.0367748 0.0468705 0.0565839 0.0647129 0.0703441 0.0731394 0.073291 0.0712703 0.0676031 0.062766 0.0571586 0.0510974 0.0448206 0.0385043 0.0322874 0.0262964 0.0206656 0.0155459 0.0110938 0.00743884 0.00464311
 0.00776865 0.0126739 0.0191746 0.0272382 0.036606 0.0466434 0.056311 0.0644203 0.0700643 0.0729013 0.0731128 0.0711596 0.0675607 0.0627905 0.0572479 0.0512479 0.0450241 0.038747 0.0325504 0.0265587 0.0209077 0.0157529 0.0112575 0.00755808 0.00472263
 0.00775684 0.0126551 0.0191466 0.0271977 0.0365479 0.0465601 0.0561938 0.0642635 0.06987 0.0726831 0.0728951 0.0709704 0.067424 0.0627206 0.0572487 0.0513157 0.0451506 0.0389205 0.0327555 0.026777 0.0211198 0.0159419 0.0114117 0.00767308 0.00480074
 0.00770533 0.0125745 0.0190313 0.0270454 0.0363603 0.0463442 0.0559622 0.0640326 0.0696566 0.0725 0.0727503 0.0708692 0.067372 0.0627241 0.0573127 0.0514402 0.0453297 0.0391422 0.0330039 0.0270333 0.021365 0.016159 0.0115889 0.00780572 0.00489123
 0.00770218 0.0125639 0.0190053 0.0269933 0.0362721 0.0462145 0.0557944 0.0638396 0.0694573 0.0723141 0.0725931 0.07075 0.0672948 0.0626903 0.0573236 0.0514975 0.0454334 0.0392887 0.0331838 0.0272323 0.0215657 0.0163442 0.0117451 0.00792582 0.00497501
 0.0076618 0.0125046 0.0189273 0.0269002 0.0361681 0.0461018 0.0556717 0.0637043 0.0693095 0.0721603 0.072447 0.0706285 0.0672131 0.0626574 0.0573416 0.0515636 0.0455425 0.0394342 0.0333574 0.0274225 0.021758 0.0165232 0.0118979 0.00804469 0.00505892
 0.00764386 0.0124731 0.0188761 0.0268231 0.0360617 0.0459688 0.0555226 0.063555 0.0691756 0.0720512 0.0723634 0.070567 0.0671711 0.0626372 0.0573488 0.051604 0.0456187 0.0395444 0.0334955 0.027579 0.0219205 0.0166781 0.012033 0.00815194 0.00513601
 0.00761742 0.0124346 0.0188262 0.0267647 0.0359979 0.0459008 0.0554492 0.063474 0.0690872 0.0719601 0.0722784 0.0704971 0.0671223 0.0626113 0.0573458 0.0516243 0.0456639 0.0396158 0.0335919 0.027695 0.0220468 0.0168031 0.0121454 0.00824351 0.00520329
 0.00760563 0.0124131 0.0187899 0.0267082 0.035918 0.0457992 0.0553342 0.0633589 0.0689854 0.0718804 0.0722227 0.0704629 0.0671063 0.062612 0.0573632 0.051659 0.0457165 0.0396864 0.0336796 0.0277967 0.0221564 0.016912 0.0122443 0.00832501 0.00526393
 0.00760798 0.0124165 0.0187941 0.026712 0.0359186 0.0457924 0.0553144 0.0633216 0.0689295 0.0718099 0.0721465 0.070391 0.0670467 0.0625687 0.0573373 0.0516503 0.045725 0.0397124 0.0337229 0.0278555 0.0222264 0.0169866 0.0123157 0.00838644 0.00531123
 0.00758259 0.0123804 0.0187492 0.0266634 0.0358729 0.0457552 0.0552881 0.0633046 0.0689173 0.0717971 0.072129 0.0703679 0.067021 0.062546 0.0573231 0.0516487 0.0457377 0.0397396 0.0337636 0.0279078 0.0222869 0.0170503 0.0123766 0.00843902 0.00535203
 0.00755229 0.0123298 0.0186712 0.0265518 0.0357258 0.0455785 0.0550982 0.063126 0.0687759 0.0717112 0.0721036 0.0703958 0.0670876 0.062636 0.0574252 0.0517561 0.0458474 0.0398501 0.0338735 0.028015 0.0223886 0.0171428 0.0124562 0.00850274 0.00539895
 0.00755602 0.0123339 0.0186733 0.0265478 0.03571 0.0455444 0.0550404 0.0630431 0.0686724 0.0715991 0.072 0.0703172 0.0670448 0.0626308 0.0574515 0.0518044 0.0459088 0.0399185 0.0339452 0.0280878 0.0224599 0.0172096 0.0125151 0.00855095 0.00543511
 0.00754058 0.0123136 0.0186514 0.0265299 0.0357016 0.0455479 0.0550524 0.0630545 0.0686719 0.0715775 0.0719547 0.0702542 0.0669766 0.062572 0.0574139 0.0517931 0.0459224 0.0399512 0.0339905 0.0281396 0.0225137 0.0172614 0.0125615 0.00858943 0.00546425
 0.00753074 0.0122965 0.018624 0.0264896 0.0356482 0.0454853 0.0549894 0.063003 0.0686413 0.0715703 0.0719646 0.0702699 0.0669876 0.0625743 0.0574109 0.0517929 0.0459325 0.0399756 0.0340283 0.0281867 0.0225646 0.017311 0.0126058 0.0086256 0.0054913
 0.00752635 0.012288 0.0186089 0.0264645 0.0356096 0.045431 0.0549204 0.062924 0.0685617 0.0715018 0.0719182 0.0702513 0.0669957 0.0626016 0.057448 0.0518328 0.0459732 0.0400184 0.0340753 0.0282379 0.0226177 0.0173621 0.0126509 0.00866213 0.00551824
 0.00750513 0.0122552 0.0185626 0.0264039 0.0355352 0.0453445 0.0548248 0.0628241 0.0684642 0.0714149 0.0718508 0.0702119 0.0669901 0.062631 0.0575075 0.0519135 0.0460647 0.0401124 0.0341665 0.0283238 0.0226963 0.0174313 0.0127086 0.00870688 0.0055502
 0.00749899 0.0122431 0.0185404 0.0263671 0.0354796 0.0452689 0.0547324 0.0627227 0.0683636 0.0713246 0.071778 0.0701614 0.0669653 0.062634 0.0575391 0.0519713 0.046143 0.0402032 0.0342614 0.0284157 0.0227802 0.017504 0.0127679 0.00875222 0.00558222
 0.00749899 0.0122431 0.0185404 0.0263671 0.0354796 0.0452689 0.0547324 0.0627227 0.0683636 0.0713246 0.071778 0.0701614 0.0669653 0.062634 0.0575391 0.0519713 0.046143 0.0402032 0.0342614 0.0284157 0.0227802 0.017504 0.0127679 0.00875222 0.00558222
 0.00723403 0.0118266 0.0179417 0.025571 0.0344943 0.0441344 0.0535281 0.0615636 0.0673808 0.0706335 0.0714515 0.0702172 0.0673694 0.0633166 0.0584123 0.0529467 0.0471428 0.0411656 0.0351415 0.0291836 0.0234193 0.0180094 0.0131454 0.00901645 0.00575403
 0.00723114 0.0117868 0.0178176 0.025298 0.0340086 0.043401 0.0525649 0.0604485 0.0662347 0.0695921 0.0706361 0.0697159 0.0672268 0.0635303 0.0589373 0.0537066 0.048046 0.0421214 0.0360717 0.0300293 0.024142 0.0185904 0.0135835 0.00932449 0.0059546
 0.00720054 0.011748 0.0177763 0.0252593 0.0339653 0.043322 0.0523928 0.0601151 0.0656936 0.0688518 0.0697734 0.0688586 0.066516 0.0630802 0.0588091 0.0539012 0.0485131 0.0427776 0.0368215 0.0307835 0.0248306 0.0191684 0.0140316 0.00964503 0.00616549
 0.00717453 0.0117074 0.0177194 0.0251869 0.0338827 0.043238 0.0523153 0.060042 0.0656035 0.0687021 0.0695166 0.0684707 0.0660223 0.0625595 0.0583704 0.0536448 0.0484964 0.0430006 0.0372337 0.0313047 0.0253761 0.0196684 0.0144423 0.00995027 0.00637138
 0.00716138 0.0116901 0.0177005 0.0251713 0.0338754 0.0432421 0.0523303 0.0600638 0.0656242 0.0687088 0.0694882 0.0683787 0.0658403 0.0622803 0.0580226 0.0532939 0.0482256 0.0428786 0.0372888 0.0315168 0.0256888 0.020013 0.0147598 0.0102048 0.00655201
 0.0071389 0.0116567 0.0176564 0.0251192 0.0338206 0.043192 0.0522931 0.0600465 0.0656305 0.068736 0.0695259 0.0684089 0.0658398 0.0622265 0.0579033 0.0531186 0.0480303 0.0427181 0.0372153 0.0315576 0.0258351 0.0202259 0.0149891 0.0104085 0.00670736
 0.00713568 0.0116534 0.0176549 0.0251225 0.0338321 0.0432141 0.0523262 0.0600892 0.0656794 0.068787 0.0695735 0.0684458 0.0658559 0.0622096 0.0578416 0.0530073 0.0478785 0.0425523 0.0370742 0.0314778 0.025835 0.020298 0.0151054 0.0105344 0.00681598
 0.00716601 0.0117039 0.0177329 0.0252349 0.0339832 0.0434024 0.0525416 0.0603127 0.0658869 0.0689548 0.0696839 0.0684894 0.0658314 0.0621207 0.0576948 0.0528104 0.0476427 0.0422961 0.0368245 0.0312659 0.0256862 0.0202219 0.0150923 0.0105618 0.00685884
 0.00715878 0.0116987 0.0177374 0.0252607 0.034043 0.0435057 0.0526909 0.0605006 0.0660974 0.0691661 0.069872 0.0686324 0.0659128 0.0621322 0.0576362 0.0526881 0.0474688 0.0420872 0.0366028 0.0310569 0.0255142 0.0201026 0.015028 0.0105416 0.00686519
 0.00719797 0.0117592 0.0178227 0.0253725 0.0341819 0.043672 0.0528834 0.0607156 0.0663259 0.0693929 0.0700767 0.0687924 0.0660077 0.0621483 0.0575687 0.0525418 0.0472567 0.0418289 0.0363224 0.0307813 0.0252691 0.0199075 0.0148912 0.0104591 0.0068243
 0.00719771 0.0117629 0.0178358 0.0254023 0.0342356 0.0437536 0.0529917 0.0608447 0.0664678 0.0695406 0.0702245 0.0689338 0.0661322 0.0622411 0.0576136 0.0525264 0.0471765 0.0416898 0.0361402 0.0305785 0.0250709 0.0197358 0.0147597 0.010371 0.00677341
 0.00728007 0.0118946 0.0180296 0.0256676 0.0345756 0.0441608 0.0534444 0.0613061 0.0668922 0.0698836 0.0704535 0.0690338 0.0661062 0.0621047 0.0573879 0.0522316 0.04683 0.0413075 0.0357402 0.030183 0.0247044 0.0194207 0.0145111 0.0101926 0.00665807
 0.00725832 0.0118669 0.0180023 0.0256525 0.0345879 0.0442154 0.0535522 0.0614707 0.0671084 0.070136 0.070718 0.0692808 0.0663067 0.0622362 0.0574388 0.0522014 0.0467263 0.0411431 0.0355314 0.0299491 0.0244673 0.0192021 0.0143283 0.0100549 0.0065649
#pred catch len freq
 0.00370871 0.00599624 0.00899791 0.0127394 0.0172383 0.0224529 0.0282152 0.0342235 0.040106 0.045502 0.0501168 0.0537577 0.0563575 0.0579712 0.0587408 0.0588499 0.0584892 0.0578218 0.0569171 0.0556494 0.0536246 0.050249 0.0450095 0.0378541 0.0294114
 0.00401795 0.00645946 0.00962528 0.0135244 0.0181729 0.0235445 0.0294877 0.035693 0.0417407 0.0471926 0.0516844 0.0550028 0.0571292 0.0582184 0.058519 0.0582827 0.0577048 0.0568935 0.0558364 0.0543463 0.0520305 0.0483715 0.0429707 0.0358641 0.0276875
 0.00418333 0.00675572 0.0101198 0.0142918 0.0192727 0.0249904 0.0312267 0.0376134 0.0437088 0.0490915 0.0534235 0.0564972 0.0582756 0.058902 0.0586532 0.0578509 0.0567681 0.0555563 0.0541936 0.0524528 0.0499167 0.0460927 0.040649 0.0336823 0.0258318
 0.00443683 0.00714236 0.0106591 0.0149981 0.0201685 0.0261187 0.0326452 0.0393626 0.0457669 0.0513445 0.0556773 0.0585285 0.0598908 0.0599688 0.0590988 0.0576484 0.0559316 0.0541422 0.0522928 0.0501748 0.04738 0.0434337 0.038035 0.0313019 0.0238525
 0.00476166 0.0076566 0.0114064 0.0160076 0.0214487 0.0276511 0.0343818 0.041235 0.0477061 0.0532949 0.0575882 0.060326 0.0614568 0.0611497 0.059742 0.0576418 0.0552251 0.0527498 0.0502853 0.0476712 0.0445419 0.0404596 0.035148 0.0287202 0.0217445
 0.00505753 0.00813517 0.0121232 0.0170156 0.0227913 0.0293486 0.0364123 0.0435202 0.050113 0.0556578 0.0597437 0.0621447 0.0628556 0.0620785 0.0601569 0.0574884 0.0544461 0.051311 0.0482042 0.0450363 0.0415166 0.0372719 0.0320599 0.0259801 0.0195315
 0.00529558 0.00852451 0.0127153 0.0178644 0.0239488 0.0308535 0.0382742 0.0457025 0.0525241 0.0581538 0.0621425 0.0642541 0.0645079 0.0631588 0.0606096 0.0572999 0.0536193 0.0498526 0.046137 0.0424288 0.0385112 0.0340887 0.0289679 0.0232389 0.0173263
 0.00554738 0.00893149 0.0133249 0.0187235 0.0251001 0.0323275 0.0400758 0.0477985 0.0548365 0.0605617 0.0644912 0.0663705 0.0662221 0.0643278 0.0611365 0.0571404 0.0527737 0.0483514 0.0440345 0.0398132 0.0355261 0.030945 0.0259243 0.0205477 0.0151684
 0.00582339 0.00937132 0.0139717 0.019615 0.0262666 0.0337865 0.0418213 0.0497906 0.0569976 0.0627799 0.0666314 0.0682879 0.0677767 0.0653987 0.0616316 0.0570022 0.0519817 0.046921 0.0420177 0.0373049 0.0326747 0.0279564 0.023043 0.0180091 0.0131392
 0.00613855 0.00986135 0.0146688 0.0205378 0.0274218 0.0351705 0.0434166 0.0515584 0.0588728 0.0646729 0.0684347 0.0698873 0.069063 0.0662774 0.0620286 0.0568658 0.0512834 0.0456596 0.0402263 0.035062 0.0301149 0.02527 0.0204543 0.0157315 0.0113218
 0.00631639 0.0101596 0.0151346 0.0212201 0.0283615 0.0363833 0.044878 0.0531997 0.0605934 0.066362 0.06999 0.0712229 0.0701093 0.0669778 0.062337 0.0567458 0.0507095 0.0446219 0.0387408 0.0331851 0.0279553 0.02299 0.0182489 0.0137873 0.00976949
 0.00640189 0.0103035 0.015362 0.0215633 0.0288592 0.0370768 0.0458001 0.0543585 0.0619561 0.0678474 0.0714772 0.0725766 0.071211 0.067746 0.0627297 0.056748 0.0503188 0.0438424 0.0375889 0.0317035 0.0262288 0.0211494 0.0164557 0.0121985 0.0084969
 0.00650708 0.0104651 0.0155887 0.0218598 0.0292299 0.0375301 0.0463503 0.0550226 0.062746 0.0687582 0.0724763 0.0735986 0.0721635 0.0685275 0.0632515 0.0569501 0.0501736 0.0433486 0.0367661 0.0305936 0.0249041 0.0197167 0.0150462 0.0109411 0.00748462
