SBPRF35
7.78865
Curr Bio
499815
B35
665538
F35
0.21018
FOFL
0.157196
OFL
63069.5
Bzero
2.22533e+006
#pred survey bio
 3.68258e+006 3.34565e+006 3.01122e+006 2.66698e+006 2.36098e+006 2.07602e+006 1.79772e+006 1.59615e+006 1.39248e+006 1.24265e+006 1.12048e+006 993614 900076 807801 761631 723709 699296 683105 663796 645054 621815 613588 591186 594450 605115 605614 607067 603459 603590 605872 599700 572212 553368 543549 545220 549410 555042 562011 563439 570597 575386 583300 592273 599954 600699 608684 615280 610317 608165 593468 580360 561908 537691 505619 1.78993e+007 1.07214e+007 1.09759e+007 1.17155e+007 1.27118e+007 1.37418e+007 1.46704e+007 1.54411e+007 1.60472e+007 1.65069e+007 1.68473e+007 1.70956e+007 1.72751e+007 1.74042e+007 1.74971e+007 1.75641e+007 1.76126e+007 1.76479e+007 1.76737e+007 1.76927e+007 1.77068e+007 1.77173e+007 1.77252e+007 1.77311e+007 1.77356e+007 1.7739e+007 1.77416e+007 1.77435e+007 1.77451e+007 1.77462e+007 1.77471e+007 1.77478e+007 1.77483e+007 1.77487e+007 1.7749e+007 1.77493e+007 1.77495e+007 1.77496e+007 1.77497e+007 1.77498e+007 1.77499e+007 1.77499e+007 1.775e+007 1.775e+007 1.775e+007 1.775e+007 1.775e+007 1.77501e+007 1.77501e+007 1.77501e+007 1.77501e+007 1.77501e+007 1.77501e+007 1.77501e+007 1.77501e+007 1.77501e+007 1.77501e+007 1.77501e+007 1.77501e+007 1.77501e+007 1.77501e+007 1.77501e+007 1.77501e+007 1.77501e+007 1.77501e+007 1.77501e+007 1.77501e+007 1.77501e+007 1.77501e+007 1.77501e+007 1.77501e+007 1.77501e+007 1.77501e+007 1.77501e+007 1.77501e+007 1.77501e+007 1.77501e+007 1.77501e+007 1.77501e+007 1.77501e+007 1.77501e+007 1.77501e+007 1.77501e+007 1.77501e+007 1.77501e+007 1.77501e+007 1.77501e+007 1.77501e+007 1.77501e+007 1.77501e+007 1.77501e+007 1.77501e+007 1.77501e+007 1.77501e+007 1.77501e+007 1.77501e+007 1.77501e+007 1.77501e+007 1.77501e+007 1.77501e+007 0 0 0 0 0 0 0 0 0 0 0 0 0 0 0 0 0 0 0 0 0 0 0 0 0
#obs survey bio
 2.77946e+006 2.80153e+006 2.38434e+006 1.72558e+006 2.49782e+006 1.55567e+006 1.25132e+006 936228 1.02576e+006 1.52515e+006 1.32451e+006 790178 804233 696340 656118 435374 728704 648491 554079 579962 573968 661095 411718 427794 682785 511758 581359 470717 721721 493202 746644 683140 480126 614933 306249 609679 700878 572658 499563 526988 454774 579424 603278 446551 528040 435168 819274 660705 544213 450501 517383 759900 458841 709219
#pred catch bio
 245903 263629 297669 291286 300212 319602 272188 289039 250318 229394 232638 201472 196693 153733 144323 130827 122101 123187 121217 122962 108463 118579 96281.2 90891.6 99461.6 97533.7 99654.1 93589.7 88400.9 91094.2 103434 92715.4 86696.7 81288.4 83109.5 84224.4 84432.6 89968.3 85980.3 88889.1 87306.6 87425.1 89124.6 95103.5 89449.3 91532.3 101202 98189.2 108085 106055 109315 111663 114215 77852.1 63069.5 81941.5 82590 86891.5 93805.5 101205 107838 113228 117339 120340 122459 123920 124908 125566 126000 126283 126466 126584 126660 126708 126739 126759 126771 126779 126784 126787 126789 126790 126791 126791 126792 126792 126792 126792 126792 126792 126792 126792 126792 126792 126792 126792 126792 126792 126792 126792 126792 126792 126792 126792 126792 126792 126792 126792 126792 126792 126792 126792 126792 126792 126792 126792 126792 126792 126792 126792 126792 126792 126792 126792 126792 126792 126792 126792 126792 126792 126792 126792 126792 126792 126792 126792 126792 126792 126792 126792 126792 126792 126792 126792 126792 126792 126792 126792 126792 126792 126792 126792 126792 126792 0 0 0 0 0 0 0 0 0 0 0 0 0 0 0 0 0 0 0 0 0 0 0 0 0
#obs catch bio
 234028 264347 300104 294204 304458 328420 279878 300883 261231 237112 239588 206359 201726 156706 146910 133684 124296 124996 123776 125634 110562 120944 98109.1 92551 101454 99681.9 101765 95323.4 89612.9 92157.3 104561 93081.1 86859 81210.9 83675.9 84685.9 84805.1 90465.2 86612.6 89535.2 88023.2 88195.7 89658.1 95891.8 89835.9 92136.4 102234 98553.9 108795 106483 109871 111405 115173 77630.5
#pred cpue bio
 3.61772e+006 3.28492e+006 2.95431e+006 2.612e+006 2.30698e+006 2.02311e+006 1.74646e+006 1.54599e+006 1.34445e+006 1.19686e+006 1.0773e+006 953360 861926 772095 727353 690620 666993 651486 632768 614530 592109 584345 562737 565800 576165 576861 578651 575736 576590 579682 574715 548891 530327 519361 519663 523215 528718 535575 536887 543724 548288 555831 564523 572062 572831 580495 586782 582048 580056 565697 552752 534911 511694 481101 1.70783e+007 1.02522e+007 1.03951e+007 1.10009e+007 1.19481e+007 1.29659e+007 1.3892e+007 1.46622e+007 1.52682e+007 1.57279e+007 1.60683e+007 1.63166e+007 1.64961e+007 1.66252e+007 1.67182e+007 1.67851e+007 1.68336e+007 1.68689e+007 1.68947e+007 1.69137e+007 1.69278e+007 1.69383e+007 1.69462e+007 1.69521e+007 1.69566e+007 1.696e+007 1.69626e+007 1.69646e+007 1.69661e+007 1.69672e+007 1.69681e+007 1.69688e+007 1.69693e+007 1.69697e+007 1.697e+007 1.69703e+007 1.69705e+007 1.69706e+007 1.69707e+007 1.69708e+007 1.69709e+007 1.69709e+007 1.6971e+007 1.6971e+007 1.6971e+007 1.6971e+007 1.69711e+007 1.69711e+007 1.69711e+007 1.69711e+007 1.69711e+007 1.69711e+007 1.69711e+007 1.69711e+007 1.69711e+007 1.69711e+007 1.69711e+007 1.69711e+007 1.69711e+007 1.69711e+007 1.69711e+007 1.69711e+007 1.69711e+007 1.69711e+007 1.69711e+007 1.69711e+007 1.69711e+007 1.69711e+007 1.69711e+007 1.69711e+007 1.69711e+007 1.69711e+007 1.69711e+007 1.69711e+007 1.69711e+007 1.69711e+007 1.69711e+007 1.69711e+007 1.69711e+007 1.69711e+007 1.69711e+007 1.69711e+007 1.69711e+007 1.69711e+007 1.69711e+007 1.69711e+007 1.69711e+007 1.69711e+007 1.69711e+007 1.69711e+007 1.69711e+007 1.69711e+007 1.69711e+007 1.69711e+007 1.69711e+007 1.69711e+007 1.69711e+007 1.69711e+007 1.69711e+007 1.69711e+007 0 0 0 0 0 0 0 0 0 0 0 0 0 0 0 0 0 0 0 0 0 0 0 0 0
#obs cpue bio
 2.04312e+006 2.73595e+006 2.17171e+006 2.53115e+006 1.41457e+006 992488 1.10918e+006 1.27288e+006 696644 1.12794e+006 1.04766e+006 926477 798489 618909 755024 579412 570124 733501 360839 554011 394757 583006 386995 551584 438020 377018 526203 586658 499158 718988 585496 578996 696225 536118 474041 485849 402340 501943 407162 581735 533078 463910 621625 654300 697266 609322 355872 687596 575006 761843 569567 635937 369900 476337
#pred surv len freq
 0.00559492 0.00909131 0.0136916 0.0193649 0.025948 0.0330521 0.040038 0.0461746 0.0509161 0.0540859 0.0558448 0.0565217 0.0564567 0.0559218 0.055095 0.0540597 0.0528209 0.0513283 0.049482 0.0471145 0.0439776 0.0397969 0.0344252 0.0280302 0.0211674
 0.005933 0.00953553 0.0141722 0.0197696 0.0261763 0.0330875 0.0399896 0.0462452 0.0513011 0.0548616 0.0569153 0.0576568 0.0573927 0.0564661 0.0551848 0.0537602 0.0522748 0.050683 0.0488282 0.0464617 0.0432786 0.0390044 0.0335438 0.0271291 0.0203487
 0.00642948 0.010317 0.0152927 0.0212422 0.0279485 0.0350214 0.0418659 0.0478162 0.0523864 0.0554316 0.0570957 0.0576376 0.0573043 0.05631 0.0548609 0.0531561 0.0513458 0.0494743 0.0474391 0.0449907 0.0417911 0.0375406 0.0321474 0.025865 0.01929
 0.00687626 0.011043 0.0163837 0.022775 0.0299712 0.0375209 0.0447319 0.0508242 0.055223 0.0577648 0.058669 0.0583454 0.0572092 0.0555865 0.0536979 0.0516788 0.0496034 0.0474835 0.0452361 0.0426525 0.0394249 0.0352629 0.0300706 0.0240869 0.0178786
 0.00729445 0.0117075 0.0173568 0.0241081 0.0317008 0.0396589 0.0472487 0.0536301 0.0581593 0.0606084 0.0611542 0.0602071 0.0582429 0.055704 0.0529455 0.0502035 0.0475857 0.045082 0.0425738 0.0398385 0.0365813 0.0325329 0.0276034 0.0220087 0.0162635
 0.0076653 0.0123084 0.018257 0.0253697 0.033366 0.041732 0.0496776 0.056304 0.0609261 0.0633013 0.0636072 0.0622546 0.0597167 0.0564483 0.0528522 0.0492489 0.0458427 0.0426988 0.0397351 0.0367367 0.0334083 0.0294807 0.0248547 0.0197109 0.0144969
 0.00807159 0.0129568 0.0192107 0.02668 0.0350646 0.0438171 0.0520982 0.0589521 0.0636472 0.0659208 0.065958 0.0641933 0.0611265 0.0572321 0.0529292 0.0485626 0.0443826 0.040521 0.0369695 0.0335755 0.0300834 0.0262376 0.0219216 0.0172629 0.012625
 0.00828366 0.0133112 0.019762 0.0274861 0.0361755 0.0452579 0.0538514 0.0609509 0.0657851 0.0680708 0.0679906 0.0659867 0.0625696 0.0582259 0.0533871 0.0484134 0.0435788 0.0390568 0.0349012 0.0310343 0.0272701 0.0233957 0.019294 0.015043 0.0109184
 0.00841383 0.0135492 0.0201693 0.0281366 0.0371397 0.0465766 0.0555106 0.0628731 0.0678431 0.0701157 0.0698793 0.067599 0.0638146 0.0590392 0.0537235 0.0482382 0.0428659 0.0377967 0.0331203 0.0288168 0.0247699 0.0208238 0.01688 0.0129817 0.00932338
 0.00848962 0.0136673 0.0203401 0.0283733 0.0374646 0.0470265 0.0561349 0.0637196 0.0689346 0.0714277 0.071332 0.0690699 0.0651659 0.0601447 0.0544843 0.0485853 0.042755 0.0372062 0.0320584 0.027337 0.0229841 0.0188997 0.0150129 0.0113483 0.0080379
 0.00865473 0.0139152 0.0206748 0.0287849 0.0379325 0.0475266 0.0566474 0.0642359 0.0694627 0.0719915 0.0719599 0.0697743 0.0659234 0.0608905 0.0551234 0.049015 0.0428856 0.0369755 0.0314413 0.026355 0.0217129 0.0174671 0.013578 0.0100633 0.00700863
 0.00891493 0.0143291 0.0212788 0.0296013 0.0389591 0.0487238 0.0579293 0.0654779 0.0705306 0.0727825 0.0724332 0.0699561 0.0658846 0.0607107 0.0548575 0.048675 0.0424437 0.0363825 0.0306527 0.0253563 0.0205364 0.0161946 0.0123252 0.00894818 0.00611601
 0.00898357 0.0144563 0.0214993 0.0299574 0.0394912 0.0494541 0.0588451 0.066523 0.0716103 0.0737817 0.0732414 0.0704937 0.0661215 0.0606698 0.0545991 0.0482677 0.041936 0.0357894 0.0299633 0.0245558 0.0196318 0.0152294 0.0113743 0.0080962 0.00542834
 0.00918329 0.0147588 0.021914 0.0304814 0.0401136 0.0501633 0.05963 0.0673675 0.0724839 0.0746316 0.0739944 0.0710669 0.0664431 0.0606996 0.0543415 0.0477682 0.0412627 0.0350087 0.0291221 0.0236802 0.0187407 0.0143508 0.0105521 0.00738127 0.00486044
 0.00931864 0.0149499 0.0221485 0.0307297 0.0403393 0.0503376 0.0597459 0.0674446 0.0725628 0.074761 0.0742117 0.071381 0.0668235 0.0610818 0.0546471 0.0479317 0.0412512 0.0348248 0.028793 0.0232433 0.0182345 0.0138149 0.0100292 0.00691364 0.00448098
 0.0093925 0.015075 0.0223442 0.0310123 0.0407124 0.0507809 0.0602094 0.0678576 0.072859 0.0749073 0.0742231 0.0713114 0.066738 0.0610257 0.0546276 0.0479203 0.0412018 0.0346966 0.0285669 0.0229249 0.0178493 0.0133993 0.00962278 0.00655215 0.00418957
 0.00939742 0.0150817 0.0223527 0.0310245 0.0407344 0.050825 0.060292 0.0679917 0.0730434 0.0751198 0.0744268 0.0714711 0.0668386 0.0610776 0.054656 0.0479448 0.0412221 0.0346929 0.0285124 0.0228022 0.0176593 0.0131615 0.00936828 0.00631317 0.00399061
 0.00952688 0.0152582 0.0225558 0.0312148 0.0408655 0.0508626 0.0602299 0.0678553 0.0728795 0.0749786 0.074344 0.0714582 0.0668829 0.0611537 0.0547392 0.0480204 0.0412835 0.0347345 0.028524 0.0227716 0.0175799 0.013039 0.00922013 0.00616292 0.00385914
 0.00955691 0.0153279 0.0226968 0.0314627 0.0412429 0.051357 0.0607801 0.068362 0.0732404 0.0751301 0.0742842 0.0712389 0.0665794 0.0608327 0.0544415 0.047761 0.0410613 0.0345418 0.0283514 0.0226097 0.0174213 0.0128812 0.00906778 0.00602533 0.0037459
 0.00951992 0.0152783 0.0226431 0.0314235 0.0412464 0.0514371 0.0609671 0.0686685 0.073646 0.075576 0.0746854 0.0715142 0.0666833 0.0607701 0.0542574 0.0475147 0.040803 0.034301 0.0281387 0.0224239 0.0172572 0.0127346 0.00893783 0.00591474 0.00365807
 0.00956353 0.015341 0.0227229 0.0315142 0.0413413 0.051534 0.061072 0.0687955 0.0738116 0.0757887 0.0749354 0.0717679 0.0668898 0.060879 0.05424 0.0473756 0.0405754 0.0340308 0.0278665 0.0221757 0.017044 0.012558 0.00879577 0.00580446 0.00357684
 0.00958957 0.0153684 0.0227367 0.0314921 0.0412604 0.0513814 0.0608548 0.0685432 0.0735708 0.0756112 0.0748646 0.0718265 0.067071 0.0611459 0.0545354 0.0476407 0.0407693 0.0341397 0.027901 0.0221589 0.0169995 0.0125033 0.00874141 0.00575631 0.00353796
 0.00981028 0.0157024 0.0231916 0.0320545 0.0418946 0.0520316 0.0614491 0.0690035 0.0738309 0.0756384 0.0746723 0.0714692 0.0666252 0.0606842 0.054107 0.0472646 0.0404401 0.0338421 0.0276237 0.0219007 0.0167677 0.0123071 0.00858643 0.00564247 0.00346035
 0.00975107 0.0156206 0.0230951 0.0319601 0.0418233 0.0520011 0.061467 0.0690644 0.0739181 0.0757291 0.0747447 0.0715105 0.066636 0.0606781 0.0541037 0.0472792 0.0404756 0.0338889 0.0276656 0.0219245 0.0167685 0.012289 0.00855816 0.00561274 0.00343502
 0.00959393 0.0153811 0.0227656 0.0315467 0.0413481 0.0515016 0.0609947 0.0686783 0.0736715 0.0756537 0.0748401 0.0717463 0.0669647 0.0610512 0.0544839 0.0476441 0.040814 0.0341937 0.0279297 0.0221401 0.0169311 0.0124001 0.00862583 0.00564866 0.003451
 0.00945168 0.0151707 0.0224876 0.0312155 0.0409874 0.0511384 0.0606547 0.0683855 0.0734496 0.0755245 0.07482 0.07184 0.0671615 0.0613259 0.054803 0.0479746 0.0411304 0.0344802 0.0281776 0.0223449 0.0170908 0.0125156 0.00870192 0.00569357 0.00347429
 0.00925487 0.0148702 0.0220729 0.0306922 0.0403788 0.0504849 0.0600118 0.0678183 0.0730201 0.075277 0.0747715 0.0719811 0.0674644 0.061753 0.0553122 0.0485226 0.0416764 0.0349899 0.0286269 0.0227199 0.017387 0.0127358 0.00885477 0.0057916 0.00353183
 0.00909274 0.0146177 0.0217142 0.0302215 0.0398035 0.0498284 0.0593169 0.067146 0.0724408 0.0748554 0.0745524 0.0719815 0.0676734 0.0621378 0.0558269 0.0491161 0.0422984 0.0355958 0.0291803 0.0231958 0.0177721 0.0130282 0.009062 0.00592781 0.00361423
 0.00887744 0.0142845 0.0212443 0.0296104 0.039062 0.0489852 0.0584208 0.0662656 0.0716566 0.074246 0.0741798 0.0718811 0.0678502 0.0625678 0.0564614 0.0498905 0.0431421 0.0364413 0.0299707 0.0238888 0.0183426 0.0134683 0.00937876 0.00613933 0.00374445
 0.00858163 0.0138305 0.0206119 0.0288002 0.0380964 0.0479071 0.0572945 0.0651744 0.0706936 0.0734982 0.0737134 0.0717334 0.0680284 0.0630512 0.0572045 0.0508276 0.0441943 0.0375255 0.0310096 0.0248196 0.0191234 0.0140805 0.00982567 0.00644159 0.00393275
 0.0084133 0.0135542 0.0201924 0.0282061 0.0373104 0.0469399 0.0561967 0.0640355 0.0696248 0.072606 0.073078 0.0714012 0.0680147 0.0633462 0.0577782 0.0516312 0.0451623 0.0385803 0.0320692 0.0258082 0.0199813 0.0147722 0.0103423 0.00679757 0.00415791
 0.00918085 0.0146312 0.0214962 0.0295501 0.0384527 0.0476646 0.0563813 0.063673 0.068801 0.0714596 0.0717648 0.07007 0.0667924 0.0623281 0.057024 0.0511654 0.0449766 0.0386373 0.0323091 0.0261584 0.0203692 0.0151375 0.0106456 0.00702277 0.00430821
 0.00998239 0.0158751 0.0232484 0.0318071 0.0411144 0.050511 0.0590704 0.0657927 0.0699813 0.0715007 0.0707065 0.0681615 0.0643883 0.0597772 0.054599 0.0490422 0.0432448 0.0373202 0.0313815 0.0255625 0.0200293 0.0149742 0.0105884 0.00701828 0.00432265
 0.0101282 0.0161814 0.0238356 0.032825 0.0426979 0.0527105 0.0617869 0.0687554 0.0727897 0.0737182 0.0719728 0.0682861 0.0633967 0.0578922 0.052164 0.0464222 0.0407437 0.0351399 0.0296205 0.024236 0.0190962 0.0143625 0.010216 0.00680859 0.00421386
 0.00990355 0.0158654 0.0234566 0.0324553 0.0424534 0.0527378 0.0622375 0.0697429 0.0743339 0.0756963 0.0741116 0.0702174 0.0647629 0.0584577 0.051883 0.0454348 0.0393112 0.0335533 0.0281221 0.0229791 0.0181417 0.0137003 0.00979511 0.00656354 0.00408341
 0.00970196 0.0155508 0.0230104 0.031876 0.0417663 0.0520065 0.0615719 0.0692941 0.0742659 0.0761363 0.0750951 0.0716509 0.0664248 0.0600473 0.0531079 0.0461022 0.0393821 0.0331363 0.0274146 0.022189 0.017427 0.0131442 0.00941343 0.0063299 0.00395527
 0.00967541 0.015488 0.02288 0.0316377 0.0413829 0.0514624 0.0608916 0.0685511 0.073576 0.0756385 0.0749227 0.0718962 0.0671026 0.0610711 0.0542962 0.0472249 0.0402331 0.0336009 0.0274974 0.0219911 0.0170901 0.0127939 0.00912667 0.00613217 0.00383737
 0.00970259 0.0155251 0.0229213 0.0316697 0.0413825 0.0513981 0.0607288 0.0682625 0.0731585 0.0751288 0.0744025 0.0714792 0.0669044 0.0611691 0.0546954 0.0478452 0.0409299 0.0342145 0.0279108 0.0221669 0.0170681 0.0126568 0.00895744 0.00598609 0.0037358
 0.0097146 0.015554 0.0229813 0.0317776 0.0415506 0.0516233 0.0609843 0.0684975 0.0733097 0.0751401 0.0742468 0.071174 0.0665142 0.0607908 0.0544276 0.0477507 0.04101 0.0344085 0.0281249 0.0223174 0.0171146 0.0126089 0.00885623 0.0058761 0.00364623
 0.00970849 0.0155382 0.0229476 0.0317177 0.0414613 0.0515134 0.0608769 0.0684236 0.0732932 0.0751822 0.0743211 0.0712376 0.0665297 0.0607481 0.0543517 0.0476905 0.0410119 0.0344908 0.0282672 0.0224726 0.017235 0.0126694 0.00886021 0.00584572 0.003606
 0.00974636 0.0155946 0.0230224 0.031806 0.0415532 0.0515952 0.0609336 0.068444 0.0732751 0.0751355 0.074263 0.0711825 0.0664801 0.0606947 0.0542837 0.0476086 0.0409327 0.0344376 0.0282545 0.0224956 0.0172732 0.0126994 0.0088692 0.00583467 0.00358455
 0.00965438 0.0154672 0.0228714 0.0316557 0.0414332 0.0515283 0.0609266 0.068486 0.0733444 0.0752094 0.0743269 0.0712328 0.0665216 0.0607337 0.0543226 0.0476451 0.0409645 0.0344668 0.0282869 0.0225352 0.0173173 0.0127398 0.00889739 0.0058476 0.00358524
 0.00959406 0.0153659 0.0227146 0.0314317 0.0411408 0.0511851 0.0605738 0.0681812 0.0731429 0.0751432 0.0743933 0.0714003 0.0667468 0.0609784 0.0545616 0.0478655 0.0411609 0.0346378 0.0284333 0.022659 0.0174199 0.0128211 0.00895678 0.00588589 0.00360603
 0.00955822 0.0153094 0.0226323 0.031319 0.0409928 0.0509977 0.0603467 0.0679231 0.0728766 0.074905 0.0742249 0.0713347 0.0667951 0.061126 0.0547757 0.048109 0.0414032 0.0348596 0.0286256 0.0228191 0.0175486 0.0129202 0.00902863 0.0059339 0.00363484
 0.00964871 0.0154393 0.0227956 0.0314986 0.0411644 0.0511365 0.0604324 0.0679424 0.0728226 0.0747789 0.0740387 0.0711128 0.0665716 0.0609355 0.0546422 0.0480392 0.0413879 0.0348809 0.0286654 0.022864 0.0175907 0.0129557 0.00905606 0.00595318 0.0036469
 0.00963629 0.0154267 0.02279 0.0315098 0.0412 0.0511959 0.0605026 0.068001 0.0728461 0.0747524 0.0739616 0.0709978 0.0664394 0.0608094 0.0545436 0.047983 0.0413794 0.0349146 0.0287277 0.0229388 0.0176641 0.0130187 0.00910474 0.00598734 0.00366867
 0.00947209 0.0151949 0.0225067 0.0312127 0.0409392 0.0510171 0.0604329 0.0680422 0.0729772 0.0749375 0.0741596 0.0711731 0.0665703 0.060892 0.054589 0.0480106 0.0414083 0.0349575 0.0287878 0.023011 0.017739 0.0130868 0.00915992 0.00602744 0.00369493
 0.00951351 0.0152403 0.0225361 0.0311982 0.0408576 0.0508672 0.060246 0.067875 0.0728884 0.0749594 0.0742839 0.0713564 0.0667559 0.061033 0.0546625 0.0480191 0.0413719 0.0349025 0.0287367 0.0229765 0.0177238 0.0130867 0.00916795 0.00603766 0.00370372
 0.00957466 0.0153316 0.0226569 0.0313395 0.0410001 0.0509825 0.0603015 0.067845 0.0727683 0.0747751 0.0740859 0.0711993 0.066673 0.0610236 0.0546986 0.0480642 0.0413998 0.034905 0.0287205 0.0229543 0.0177059 0.0130777 0.00916706 0.00604141 0.00370873
 0.00969071 0.0155196 0.0229375 0.031728 0.0414997 0.0515743 0.0609366 0.0684462 0.0732456 0.0750515 0.0741217 0.0710041 0.0663002 0.0605493 0.0541954 0.0475827 0.0409641 0.0345211 0.0283883 0.0226749 0.0174816 0.0129087 0.00904896 0.00596541 0.00366387
 0.00955496 0.0153444 0.0227583 0.0316063 0.041507 0.0517657 0.0613268 0.0690011 0.0738906 0.0756903 0.074658 0.0713616 0.0664384 0.0604716 0.0539442 0.0472228 0.0405614 0.0341267 0.0280329 0.022373 0.017238 0.0127227 0.00891585 0.00587715 0.00361011
 0.00950472 0.015259 0.0226252 0.0314189 0.0412742 0.051523 0.0611395 0.06895 0.0740408 0.0760574 0.0751928 0.0719631 0.066989 0.0608746 0.0541493 0.047231 0.0404136 0.033883 0.0277528 0.0221018 0.0170032 0.0125365 0.00877937 0.00578477 0.00355266
 0.00930942 0.01499 0.0223092 0.0311081 0.0410293 0.051387 0.0611215 0.0690297 0.0741911 0.0762662 0.0754659 0.0723072 0.0673881 0.0612817 0.0544987 0.0474646 0.0405032 0.0338375 0.0276095 0.0219093 0.0168052 0.0123625 0.0086438 0.00568942 0.0034918
 0.00887992 0.0143683 0.0215175 0.0302212 0.04016 0.050658 0.0606365 0.0688529 0.0743354 0.0766908 0.076089 0.0730315 0.0681297 0.0619825 0.0551221 0.0479834 0.0408953 0.0340919 0.0277334 0.0219294 0.0167591 0.0122877 0.00856793 0.00562776 0.00344886
#obs surv len freq
 0.00496873 0.00813662 0.0123726 0.0176893 0.023961 0.0308248 0.0376591 0.0437443 0.0485318 0.0518189 0.0537196 0.0545136 0.0545164 0.0540233 0.0532958 0.0525504 0.0519352 0.051487 0.0510678 0.050308 0.0486247 0.0453866 0.0402161 0.033282 0.0253665
 0.00518329 0.00848955 0.0129111 0.0184595 0.0249979 0.0321376 0.0392165 0.0454712 0.0503214 0.053555 0.0552961 0.0558417 0.0555227 0.0546449 0.0534783 0.0522525 0.0511379 0.0502048 0.0493573 0.048271 0.0464046 0.0431555 0.0381504 0.0315285 0.0240106
 0.00540205 0.00884967 0.0134617 0.0192497 0.0260684 0.0335056 0.0408604 0.0473232 0.0522754 0.0554855 0.0570778 0.0573644 0.0566977 0.0554046 0.0537722 0.0520417 0.050396 0.0489267 0.0475754 0.0460717 0.0439358 0.0406161 0.0357581 0.0294727 0.0224076
 0.00564563 0.00924571 0.0140581 0.0200918 0.0271914 0.034922 0.0425469 0.0492144 0.0542714 0.0574687 0.0589293 0.0589748 0.0579718 0.0562643 0.0541565 0.0519052 0.0497073 0.0476729 0.0457758 0.0437985 0.0413305 0.0378869 0.0331474 0.0272019 0.0206209
 0.00588859 0.00964692 0.0146733 0.0209761 0.0283878 0.0364437 0.0443596 0.0512322 0.0563719 0.0595184 0.0608069 0.0605803 0.0592259 0.0571034 0.0545279 0.0517646 0.0490192 0.0464169 0.043961 0.0414855 0.0386518 0.0350496 0.0304044 0.0247934 0.0187108
 0.00614035 0.0100576 0.0152943 0.021857 0.0295679 0.0379376 0.046142 0.0532301 0.058472 0.061587 0.0627112 0.062205 0.0604815 0.0579264 0.0548754 0.0516057 0.0483289 0.0451782 0.0421786 0.0392097 0.0360031 0.0322254 0.0276542 0.0223613 0.0167693
 0.0063862 0.0104607 0.0159073 0.0227306 0.0307408 0.0394209 0.0479031 0.0551885 0.0605114 0.0635784 0.0645332 0.0637541 0.0616749 0.0587014 0.0551877 0.0514256 0.0476372 0.043965 0.0404523 0.0370174 0.0334543 0.0295029 0.0249937 0.0199982 0.0148742
 0.00662491 0.0108524 0.0165034 0.0235811 0.0318845 0.0408694 0.0496247 0.0571025 0.0624995 0.0655078 0.0662789 0.0652132 0.0627708 0.059382 0.0554202 0.0511902 0.0469222 0.0427668 0.0387834 0.0349242 0.0310383 0.0269312 0.0224825 0.0177656 0.0130803
 0.00683591 0.0112008 0.0170376 0.0243496 0.032926 0.0421978 0.0512132 0.0588779 0.0643524 0.067313 0.0679167 0.0665821 0.0637932 0.0600056 0.0556147 0.050942 0.046228 0.0416312 0.0372248 0.0329891 0.0288202 0.0245805 0.0201924 0.0157309 0.0114445
 0.0070517 0.011553 0.0175704 0.0251048 0.0339352 0.0434691 0.052718 0.0605458 0.0660798 0.0689827 0.0694162 0.067817 0.0646924 0.0605223 0.0557242 0.0506369 0.0455128 0.0405195 0.035742 0.0311843 0.0267811 0.0224414 0.0181228 0.0139002 0.00997642
 0.00727685 0.0119209 0.018127 0.0258928 0.0349843 0.044781 0.0542526 0.0622174 0.0677714 0.0705696 0.0707888 0.0688919 0.0654149 0.060863 0.0556743 0.0502025 0.0447097 0.0393707 0.0342808 0.0294624 0.0248812 0.0204832 0.0162523 0.0122606 0.00866988
 0.00745063 0.0122107 0.0185764 0.0265466 0.0358782 0.0459266 0.0556215 0.0637365 0.0693331 0.0720535 0.0720827 0.0699067 0.0660906 0.0611691 0.0556052 0.0497711 0.0439401 0.0382943 0.0329369 0.0279051 0.0231883 0.0187602 0.0146234 0.0108444 0.00754829
 0.00753821 0.0123558 0.0188007 0.0268742 0.0363338 0.0465306 0.056383 0.064646 0.0703583 0.0731387 0.0731535 0.0708785 0.0668806 0.0617084 0.0558476 0.0496949 0.0435464 0.0376023 0.0319814 0.0267382 0.0218828 0.0174106 0.013337 0.00972129 0.0066571
 0.00759686 0.012443 0.0189174 0.0270182 0.0365031 0.0467291 0.0566233 0.0649489 0.0707465 0.0736276 0.0737412 0.0715387 0.0675618 0.0623397 0.0563512 0.0500014 0.0436064 0.0373934 0.0315102 0.0260396 0.0210183 0.0164638 0.0124033 0.00888902 0.00598813
 0.00766578 0.0125476 0.0190606 0.0271967 0.0367077 0.0469458 0.056836 0.0651442 0.0709203 0.0737905 0.0739177 0.0717572 0.0678393 0.0626692 0.0566963 0.0503031 0.0437978 0.0374173 0.0313335 0.0256621 0.0204748 0.0158182 0.0117354 0.00827626 0.00548675
 0.00770667 0.0126104 0.0191481 0.0273086 0.0368403 0.0470915 0.056984 0.0652813 0.0710344 0.0738761 0.0739798 0.0718128 0.0679127 0.0627818 0.0568556 0.0504932 0.0439791 0.0375361 0.031339 0.0255238 0.0201942 0.0154302 0.0112981 0.00785335 0.00512889
 0.00774731 0.0126704 0.0192271 0.0274023 0.0369416 0.0471928 0.0570785 0.0653636 0.0711005 0.0739235 0.0740088 0.0718276 0.0679228 0.0628009 0.0568973 0.050564 0.0440707 0.0376229 0.0313837 0.025491 0.0200655 0.015214 0.0110275 0.0075738 0.00488169
 0.00783626 0.0128075 0.019419 0.0276487 0.0372338 0.0475129 0.0573991 0.0656506 0.0713204 0.0740524 0.0740383 0.0717659 0.0677901 0.0626239 0.0567042 0.0503791 0.0439098 0.0374881 0.0312624 0.0253616 0.0199084 0.0150224 0.0108125 0.00735923 0.00469332
 0.00783696 0.0128139 0.0194383 0.0276905 0.0373076 0.0476237 0.0575437 0.0658167 0.071489 0.0742026 0.0741524 0.0718328 0.0678065 0.0625948 0.056641 0.0502969 0.043823 0.037406 0.0311861 0.0252836 0.0198176 0.0149118 0.0106848 0.00722702 0.00457293
 0.00786269 0.0128466 0.0194712 0.0277131 0.0373104 0.0476047 0.0575123 0.0657917 0.0714906 0.0742423 0.0742278 0.0719287 0.0679023 0.0626718 0.0566881 0.0503123 0.0438123 0.0373777 0.0311472 0.0252366 0.0197609 0.0148432 0.0106057 0.00714402 0.00449582
 0.00788943 0.0128871 0.0195258 0.0277791 0.0373806 0.0476676 0.0575541 0.0658006 0.0714628 0.0741867 0.0741644 0.0718799 0.067883 0.0626829 0.0567187 0.0503465 0.0438369 0.0373862 0.0311391 0.0252141 0.0197264 0.0147987 0.010554 0.00708993 0.00444541
 0.00791132 0.0129203 0.0195716 0.0278365 0.037447 0.0477383 0.0576219 0.0658563 0.071496 0.0741894 0.0741344 0.0718238 0.0678152 0.0626208 0.0566749 0.0503246 0.0438314 0.0373872 0.0311371 0.0252036 0.0197058 0.0147693 0.0105188 0.00705307 0.00441125
 0.00790606 0.0129115 0.0195579 0.0278167 0.0374206 0.0477061 0.0575869 0.0658226 0.0714684 0.0741709 0.0741254 0.0718227 0.0678195 0.0626301 0.0566913 0.0503509 0.0438684 0.0374315 0.031182 0.0252414 0.0197312 0.0147804 0.0105173 0.00704296 0.00439736
 0.00787787 0.0128646 0.0194857 0.0277132 0.0372825 0.0475363 0.0573966 0.0656315 0.0713004 0.0740482 0.0740628 0.0718245 0.0678802 0.0627371 0.0568291 0.050505 0.0440271 0.0375856 0.0313239 0.0253643 0.0198299 0.0148524 0.0105639 0.00706872 0.00440848
 0.00786803 0.0128428 0.0194421 0.0276354 0.0371587 0.0473605 0.0571739 0.0653795 0.0710464 0.073823 0.0738947 0.0717335 0.0678752 0.0628143 0.0569741 0.0506969 0.0442431 0.0378053 0.031531 0.0255472 0.0199809 0.0149684 0.0106458 0.00712108 0.00443835
 0.00787258 0.0128467 0.0194412 0.0276226 0.0371247 0.0472953 0.0570691 0.0652317 0.0708601 0.0736128 0.073684 0.0715511 0.0677478 0.0627605 0.057 0.0507951 0.0443963 0.0379909 0.0317259 0.0257319 0.0201414 0.0150968 0.0107402 0.00718448 0.00447687
 0.00784585 0.0128066 0.0193868 0.0275549 0.0370457 0.0472067 0.0569713 0.065124 0.0707421 0.0734856 0.0735529 0.0714262 0.0676443 0.0626959 0.0569892 0.050846 0.0445064 0.0381473 0.0319088 0.0259194 0.0203142 0.0152416 0.0108509 0.00726165 0.00452569
 0.00783864 0.0127903 0.0193543 0.0274977 0.0369565 0.0470844 0.0568238 0.0649671 0.0705938 0.0733603 0.0734565 0.0713579 0.0676011 0.0626769 0.056998 0.0508892 0.0445889 0.0382683 0.0320596 0.0260848 0.0204765 0.015385 0.0109656 0.00734471 0.00458006
 0.007802 0.0127333 0.019273 0.0273897 0.0368211 0.0469224 0.0566388 0.0647676 0.0703944 0.0731802 0.073316 0.0712727 0.0675779 0.0627123 0.0570825 0.0510116 0.0447402 0.0384416 0.0322478 0.0262778 0.0206613 0.0155487 0.0110984 0.00744277 0.00464568
 0.00776589 0.0126713 0.0191739 0.0272421 0.0366174 0.0466639 0.05634 0.0644552 0.0701014 0.0729367 0.0731437 0.0711829 0.0675731 0.0627884 0.0572288 0.0512127 0.0449783 0.0386993 0.0325098 0.0265305 0.0208926 0.0157479 0.0112581 0.00756072 0.00472517
 0.00775358 0.0126499 0.019139 0.0271877 0.0365364 0.0465492 0.0561869 0.0642644 0.0698814 0.0727054 0.0729258 0.0710046 0.0674563 0.0627458 0.0572628 0.0513165 0.0451384 0.0388985 0.0327294 0.0267529 0.0211019 0.0159314 0.0114074 0.00767257 0.00480175
 0.00932877 0.0148542 0.0217979 0.0299192 0.0388621 0.0480719 0.0567302 0.0638986 0.0688408 0.0712681 0.0713269 0.0694072 0.0659596 0.0614057 0.0561079 0.0503564 0.0443688 0.0383047 0.0322901 0.0264431 0.0208959 0.0158039 0.0113354 0.00763634 0.00478618
 0.00930561 0.0151078 0.0226931 0.0319086 0.0422889 0.0529035 0.0623898 0.0693593 0.072991 0.0733505 0.0711884 0.0674398 0.06283 0.0577706 0.0524519 0.0469664 0.0413819 0.0357682 0.030204 0.024783 0.0196232 0.0148705 0.0106858 0.00721126 0.00452701
 0.00895183 0.0145519 0.0219139 0.0309558 0.0413361 0.052284 0.062557 0.070726 0.0756846 0.0770308 0.0750887 0.0706592 0.0647091 0.0581202 0.0515233 0.0452408 0.039342 0.0337662 0.0284379 0.0233331 0.0184986 0.0140434 0.0101108 0.00683598 0.00429888
 0.00877608 0.0142548 0.0214464 0.0302687 0.0403989 0.0511189 0.0612813 0.0695797 0.0750098 0.0771765 0.0762565 0.0727579 0.067323 0.0606445 0.0534089 0.0462026 0.039416 0.033211 0.0275751 0.0224251 0.017703 0.0134239 0.0096704 0.00654718 0.00412395
 0.00871447 0.014148 0.0212723 0.0299996 0.0400041 0.0505717 0.0605716 0.0687321 0.0741042 0.0763631 0.0757461 0.0727686 0.0679852 0.0619076 0.0550175 0.0477807 0.0406209 0.033866 0.0277046 0.0221913 0.0173031 0.0130128 0.00933274 0.00630813 0.00397349
 0.00869127 0.0141097 0.021213 0.0299116 0.0398771 0.0503921 0.0603231 0.068399 0.0736789 0.075859 0.0752135 0.0723051 0.0677247 0.0619779 0.055476 0.0485632 0.0415469 0.0347088 0.0282894 0.0224585 0.0173053 0.0128609 0.00913443 0.00613275 0.00384806
 0.00868575 0.0140991 0.0211939 0.0298797 0.0398274 0.0503201 0.0602247 0.0682699 0.0735132 0.0756495 0.0749575 0.0720141 0.0674367 0.0617605 0.0554104 0.0487085 0.0419011 0.0351945 0.0287814 0.0228402 0.017518 0.0129155 0.00908687 0.00604589 0.00376573
 0.00865685 0.0140562 0.021137 0.029811 0.0397507 0.0502389 0.0601412 0.0681846 0.0734253 0.0755566 0.0748557 0.0719 0.0673115 0.0616373 0.055319 0.0486907 0.0419921 0.0354 0.0290648 0.0231345 0.0177564 0.0130612 0.00914261 0.00604107 0.00373486
 0.00864867 0.0140396 0.021106 0.029759 0.0396728 0.0501352 0.0600196 0.0680593 0.0733121 0.0754668 0.0747922 0.0718576 0.0672812 0.0616122 0.0552999 0.0486892 0.0420281 0.0354909 0.0292121 0.0233173 0.0179379 0.0132062 0.00923342 0.00608122 0.00374136
 0.00866462 0.0140635 0.0211379 0.0297967 0.0397114 0.050167 0.060035 0.0680494 0.0732719 0.0753986 0.074705 0.0717638 0.0671918 0.061533 0.0552335 0.0486381 0.0419983 0.0354914 0.0292496 0.0233889 0.0180291 0.0132957 0.00930304 0.00612338 0.00375941
 0.00865453 0.0140525 0.0211311 0.0298018 0.0397359 0.0502142 0.0601011 0.0681224 0.0733354 0.0754368 0.0747079 0.07173 0.0671279 0.0614511 0.0551465 0.0485573 0.0419325 0.0354476 0.0292327 0.0233997 0.0180622 0.0133399 0.00934566 0.00615531 0.00377793
 0.0086318 0.014017 0.0210808 0.0297368 0.03966 0.0501358 0.0600328 0.0680786 0.073327 0.0754657 0.0747651 0.0717986 0.0671902 0.061495 0.0551686 0.0485618 0.041928 0.0354435 0.0292367 0.0234161 0.0180904 0.0133754 0.00938135 0.00618484 0.00379815
 0.00864003 0.014027 0.0210897 0.0297398 0.0396517 0.0501125 0.0599947 0.0680308 0.0732787 0.0754278 0.0747465 0.071803 0.0672139 0.0615284 0.0552001 0.0485831 0.0419367 0.0354429 0.0292334 0.0234165 0.0180982 0.0133902 0.00939973 0.00620257 0.00381203
 0.00862393 0.014005 0.0210639 0.0297145 0.0396311 0.0500983 0.0599848 0.06802 0.0732618 0.0754035 0.074719 0.0717804 0.0672045 0.0615366 0.0552244 0.0486167 0.0419713 0.0354726 0.0292563 0.0234344 0.0181141 0.0134062 0.00941581 0.0062173 0.00382381
 0.00861428 0.0139888 0.0210389 0.0296788 0.0395848 0.0500448 0.0599307 0.0679743 0.0732318 0.0753916 0.0747221 0.0717928 0.0672213 0.0615567 0.055249 0.0486472 0.0420066 0.0355093 0.0292906 0.0234639 0.0181384 0.0134262 0.00943243 0.00623079 0.00383406
 0.00861428 0.0139888 0.0210389 0.0296788 0.0395848 0.0500448 0.0599307 0.0679743 0.0732318 0.0753916 0.0747221 0.0717928 0.0672213 0.0615567 0.055249 0.0486472 0.0420066 0.0355093 0.0292906 0.0234639 0.0181384 0.0134262 0.00943243 0.00623079 0.00383406
 0.00871502 0.0141462 0.0212633 0.0299734 0.0399427 0.0504462 0.060341 0.0683473 0.0735199 0.0755583 0.0747515 0.0716903 0.0670094 0.0612667 0.0549154 0.0483023 0.041677 0.0352135 0.0290388 0.0232593 0.0179798 0.0133094 0.0093515 0.00617865 0.00380316
 0.0087129 0.0141523 0.0212902 0.0300383 0.0400632 0.0506325 0.0605892 0.068637 0.0738176 0.0758255 0.0749527 0.0718004 0.0670178 0.0611781 0.0547474 0.0480807 0.04143 0.0349672 0.0288131 0.0230667 0.0178258 0.0131938 0.00927038 0.00612567 0.00377124
 0.00892089 0.0144783 0.0217571 0.0306572 0.0408282 0.0515155 0.0615344 0.069562 0.0746253 0.0764244 0.0752769 0.0718209 0.0667442 0.060653 0.0540364 0.0472596 0.0405736 0.0341399 0.0280639 0.0224272 0.0173104 0.0128024 0.00899138 0.00594012 0.00365687
 0.0089409 0.0145319 0.0218763 0.0308836 0.0412012 0.0520543 0.0622223 0.0703435 0.0754179 0.0771389 0.0758348 0.0721654 0.0668442 0.0605052 0.0536643 0.0467104 0.0399103 0.033431 0.0273729 0.0218043 0.0167878 0.0123937 0.00869383 0.00573923 0.00353171
 0.0089936 0.0146115 0.0219863 0.0310266 0.0413836 0.0522893 0.0625298 0.0707408 0.0759058 0.0776893 0.07639 0.0726496 0.0671843 0.0606495 0.0535926 0.0464353 0.0394712 0.032885 0.0267843 0.0212333 0.0162817 0.0119811 0.00838412 0.00552532 0.00339622
 0.00898269 0.0145965 0.0219687 0.0310097 0.0413717 0.0522876 0.0625453 0.0707846 0.075995 0.0778438 0.0766236 0.0729578 0.0675363 0.0609908 0.0538605 0.046578 0.0394639 0.0327351 0.0265257 0.0209153 0.0159553 0.0116873 0.00814759 0.00535365 0.00328354
 0.00927177 0.0150468 0.0226078 0.0318451 0.0423837 0.0534222 0.0637097 0.0718544 0.0768392 0.078361 0.0767703 0.0727558 0.0670566 0.0603249 0.0530919 0.0457661 0.0386434 0.0319265 0.0257485 0.0201942 0.0153187 0.0111595 0.00774093 0.00506489 0.00309584
#pred catch len freq
 0.0057028 0.00895275 0.0129153 0.017426 0.0223626 0.0276346 0.0330992 0.0385167 0.0435964 0.0480801 0.0517897 0.0546367 0.0566166 0.0577921 0.0582589 0.0581079 0.0574021 0.0561658 0.0543672 0.0518847 0.0484893 0.0439068 0.0379919 0.0309387 0.0233653
 0.00611051 0.00950855 0.0135597 0.0180525 0.0228678 0.0279853 0.0333729 0.0388746 0.0441958 0.0489754 0.0528858 0.055721 0.0574478 0.0581957 0.0581842 0.0576294 0.0566713 0.0553385 0.0535388 0.0510638 0.0476244 0.0429477 0.0369462 0.0298851 0.0224173
 0.00669767 0.0104044 0.0147927 0.0195956 0.0246296 0.0298132 0.0350716 0.0402541 0.0451421 0.0495044 0.0531303 0.0558432 0.057533 0.0582023 0.057983 0.0570956 0.0557627 0.0541115 0.0521065 0.0495354 0.046071 0.0414116 0.0354732 0.028545 0.0212902
 0.00723379 0.0112423 0.0159921 0.0211911 0.0266267 0.0321777 0.0377094 0.0429915 0.0477305 0.0516649 0.0546311 0.0565754 0.057538 0.0576261 0.0569854 0.0557763 0.0541515 0.0522148 0.0499594 0.0472209 0.0437042 0.0391159 0.0333669 0.0267313 0.0198428
 0.00777265 0.0120708 0.0171528 0.0226996 0.0284796 0.0343622 0.0402 0.0457313 0.0506058 0.0544893 0.0571526 0.0585178 0.0586701 0.0578311 0.056289 0.0543159 0.052106 0.0497458 0.0471945 0.0442761 0.0407113 0.0362306 0.0307509 0.0245221 0.0181221
 0.00829266 0.0128773 0.0182951 0.0242004 0.0303365 0.0365503 0.0426692 0.0484027 0.0533735 0.0572243 0.0597039 0.0607082 0.0603005 0.0587078 0.0562712 0.05336 0.0502811 0.0472085 0.0441458 0.0409271 0.0372734 0.0329155 0.0277604 0.0220189 0.0161956
 0.00877501 0.0136234 0.0193489 0.0255819 0.032046 0.0385722 0.0449684 0.050915 0.0559994 0.0598333 0.0621466 0.0628303 0.0619525 0.0597496 0.0565783 0.0528408 0.0489029 0.0450213 0.0412877 0.037609 0.0337517 0.0294609 0.0246244 0.019395 0.0141855
 0.00913673 0.0141896 0.0201612 0.0266675 0.0334172 0.040225 0.0468768 0.0530249 0.0582281 0.062076 0.0642845 0.0647384 0.0635064 0.0608312 0.0570812 0.0526759 0.0480101 0.0433894 0.0389772 0.0347661 0.0306014 0.0262769 0.0216795 0.0169065 0.012272
 0.00930443 0.0144742 0.0206128 0.0273425 0.0343697 0.041491 0.0484564 0.0548717 0.0602517 0.0641554 0.0662857 0.0665305 0.064973 0.0618763 0.0576282 0.0526637 0.0473929 0.0421464 0.0371329 0.0324132 0.0279121 0.0234881 0.019049 0.0146531 0.010525
 0.00942378 0.0146556 0.020865 0.0276725 0.0347913 0.0420333 0.0491651 0.0557956 0.0614187 0.0655476 0.0678288 0.0681035 0.0664335 0.0630874 0.0584767 0.053065 0.0472892 0.0415065 0.0359615 0.0307681 0.0259185 0.0213346 0.016956 0.0128205 0.00908174
 0.00970489 0.0150716 0.0214146 0.0283279 0.0355066 0.0427605 0.0498681 0.0564596 0.0620529 0.0661813 0.0684969 0.0688239 0.0671866 0.0638093 0.0590708 0.0534247 0.0473202 0.0411423 0.035175 0.0295832 0.0244199 0.0196658 0.0152956 0.0113395 0.00789855
 0.0100058 0.0155361 0.0220664 0.0291699 0.0365178 0.0438942 0.0510504 0.0575946 0.0630407 0.066944 0.069002 0.0690895 0.0672664 0.0637639 0.058938 0.0532022 0.0469676 0.0406006 0.0343936 0.0285466 0.023166 0.0182885 0.0139271 0.0101142 0.00691401
 0.0101576 0.0157816 0.022434 0.029686 0.0372024 0.0447528 0.0520636 0.058709 0.0641694 0.0679785 0.0698336 0.0696363 0.0674952 0.0636963 0.0586358 0.0527371 0.0463905 0.0399268 0.0336102 0.0276373 0.0221392 0.0171936 0.0128491 0.00914885 0.0061351
 0.0103029 0.0159991 0.0227283 0.0300533 0.0376376 0.0452583 0.0526516 0.0593934 0.0649486 0.0688191 0.0706649 0.0703611 0.0680154 0.0639424 0.0585865 0.0524206 0.0458661 0.0392575 0.032843 0.0267998 0.0212536 0.0162941 0.0119887 0.00838902 0.00552499
 0.0104623 0.0162247 0.0230056 0.0303486 0.0379083 0.0454709 0.052797 0.0594925 0.0650463 0.068969 0.0709085 0.0707083 0.0684332 0.06436 0.0589176 0.0525929 0.0458428 0.0390416 0.0324647 0.0263006 0.0206766 0.0156839 0.0113936 0.00785696 0.00509331
 0.01052 0.0163217 0.0231563 0.0305646 0.0381918 0.0458062 0.0531467 0.059805 0.0652746 0.0690931 0.0709468 0.0707086 0.0684488 0.0644226 0.059021 0.052696 0.0458893 0.0389837 0.0322807 0.0259979 0.0202851 0.0152465 0.0109568 0.00746318 0.00477302
 0.0105065 0.0163015 0.0231302 0.0305371 0.0381731 0.0458128 0.0531986 0.0599177 0.0654483 0.0693064 0.0711624 0.0708912 0.0685825 0.0645168 0.0590988 0.0527734 0.0459606 0.0390229 0.0322556 0.0258881 0.020092 0.0149931 0.0106793 0.00719933 0.00455166
 0.0106794 0.016542 0.023417 0.0308254 0.0384076 0.0459491 0.053221 0.059844 0.0653207 0.0691738 0.0710628 0.0708403 0.0685737 0.0645304 0.0591159 0.0527842 0.0459621 0.039011 0.0322194 0.0258133 0.0199706 0.0148303 0.010494 0.00701702 0.00439485
 0.010726 0.0166312 0.0235743 0.0310771 0.0387677 0.0464026 0.0537136 0.0602912 0.0656365 0.0693055 0.0710099 0.0706483 0.068308 0.064249 0.058854 0.0525541 0.0457623 0.0388341 0.0320564 0.0256551 0.0198098 0.0146653 0.0103307 0.0068671 0.00427008
 0.0107186 0.0166259 0.0235802 0.0311104 0.0388521 0.0465657 0.0539785 0.060663 0.0660883 0.0697736 0.0714079 0.0708969 0.0683664 0.0641286 0.0586063 0.0522443 0.0454444 0.0385399 0.0317972 0.0254294 0.0196116 0.0144896 0.0101766 0.00673702 0.00416746
 0.0107123 0.0166147 0.0235619 0.031084 0.0388204 0.0465385 0.053975 0.0607102 0.0662134 0.0699915 0.0717077 0.0712365 0.0686808 0.0643516 0.0586961 0.0521973 0.0452915 0.0383279 0.0315692 0.0252137 0.019421 0.0143273 0.010042 0.00662939 0.00408602
 0.0108114 0.016751 0.0237211 0.031237 0.0389312 0.046577 0.0539294 0.0605918 0.0660545 0.0698372 0.0716043 0.0712174 0.0687538 0.0644932 0.0588592 0.0523297 0.0453564 0.0383156 0.0314943 0.0251026 0.0192993 0.0142124 0.00994323 0.00655022 0.00402674
 0.0109607 0.0169739 0.0240188 0.0315956 0.0393221 0.0469616 0.0542629 0.0608303 0.0661641 0.0698056 0.0714474 0.0709765 0.0684824 0.0642391 0.0586496 0.0521657 0.0452196 0.0381824 0.0313496 0.0249458 0.0191411 0.014067 0.00982131 0.00645649 0.0039604
 0.0108552 0.016824 0.0238336 0.0313975 0.0391418 0.0468272 0.0541921 0.0608255 0.0662138 0.0698888 0.0715409 0.0710629 0.0685564 0.0643086 0.0587285 0.0522644 0.0453362 0.0383025 0.0314535 0.0250181 0.0191768 0.0140719 0.00980682 0.00643421 0.0039386
 0.0107094 0.0166056 0.02354 0.0310402 0.0387454 0.0464261 0.0538265 0.0605368 0.0660374 0.0698443 0.071626 0.0712543 0.0688183 0.0646045 0.059031 0.0525577 0.0456129 0.038557 0.0316779 0.0252028 0.0193153 0.0141641 0.00985992 0.00645934 0.00394712
 0.0105266 0.0163378 0.0231915 0.0306341 0.0383162 0.0460096 0.0534521 0.0602272 0.0658117 0.0697209 0.0716196 0.0713698 0.0690454 0.0649172 0.0593935 0.0529339 0.0459744 0.0388855 0.031963 0.0254389 0.0194997 0.0142977 0.00994803 0.00651143 0.00397421
