SBPRF35
7.78865
Curr Bio
513103
B35
686763
F35
0.213736
FOFL
0.157877
OFL
64545.6
Bzero
2.22533e+006
#pred survey bio
 4.72225e+006 4.46787e+006 4.21833e+006 3.92351e+006 3.59611e+006 3.26472e+006 2.93584e+006 2.60771e+006 2.31495e+006 2.04746e+006 1.80581e+006 1.62125e+006 1.41952e+006 1.26391e+006 1.11577e+006 992799 913075 817601 774751 715782 692575 655583 624786 616340 606053 593332 595947 599025 597220 606912 605040 601442 597210 596399 588268 571943 550818 536653 537465 537056 548316 554208 567203 578295 592279 589713 596745 595392 588098 595683 592201 567413 543861 537510 515814 516535 542084 518447 1.8247e+007 1.08269e+007 1.10236e+007 1.17423e+007 1.27337e+007 1.37632e+007 1.46913e+007 1.54605e+007 1.60641e+007 1.65211e+007 1.68588e+007 1.71046e+007 1.7282e+007 1.74095e+007 1.75012e+007 1.75672e+007 1.7615e+007 1.76498e+007 1.76753e+007 1.7694e+007 1.7708e+007 1.77183e+007 1.77261e+007 1.7732e+007 1.77365e+007 1.77398e+007 1.77424e+007 1.77444e+007 1.77459e+007 1.7747e+007 1.77479e+007 1.77486e+007 1.77491e+007 1.77495e+007 1.77498e+007 1.77501e+007 1.77503e+007 1.77504e+007 1.77505e+007 1.77506e+007 1.77507e+007 1.77507e+007 1.77508e+007 1.77508e+007 1.77508e+007 1.77508e+007 1.77508e+007 1.77509e+007 1.77509e+007 1.77509e+007 1.77509e+007 1.77509e+007 1.77509e+007 1.77509e+007 1.77509e+007 1.77509e+007 1.77509e+007 1.77509e+007 1.77509e+007 1.77509e+007 1.77509e+007 1.77509e+007 1.77509e+007 1.77509e+007 1.77509e+007 1.77509e+007 1.77509e+007 1.77509e+007 1.77509e+007 1.77509e+007 1.77509e+007 1.77509e+007 1.77509e+007 1.77509e+007 1.77509e+007 1.77509e+007 1.77509e+007 1.77509e+007 1.77509e+007 1.77509e+007 1.77509e+007 1.77509e+007 1.77509e+007 1.77509e+007 1.77509e+007 1.77509e+007 1.77509e+007 1.77509e+007 1.77509e+007 1.77509e+007 1.77509e+007 1.77509e+007 1.77509e+007 1.77509e+007 1.77509e+007 1.77509e+007 1.77509e+007 1.77509e+007 1.77509e+007 1.77509e+007 0 0 0 0 0 0 0 0 0 0 0 0 0 0 0 0 0 0 0 0 0 0 0 0 0
#obs survey bio
 3.63732e+006 2.40481e+006 2.84256e+006 3.7154e+006 3.66129e+006 2.664e+006 2.22298e+006 2.18983e+006 1.47993e+006 2.14885e+006 1.41466e+006 1.64279e+006 1.2463e+006 1.23136e+006 1.07034e+006 739371 734597 627967 499804 667698 638951 629409 386483 545982 478842 538330 508130 525593 658782 587833 807838 420938 734865 868210 623982 316053 571653 565619 635683 454299 309012 499990 482959 551320 570219 587094 342903 658187 436267 541512 732021 509546 575756 470061 387993 551776 430160 483596
#pred catch bio
 92087 91188.3 145798 197638 230437 261748 296060 296581 300772 297843 261386 285987 251699 248765 228167 191271 202836 155067 165513 131863 140352 131773 111624 112817 113996 100624 99701.2 101868 89940.3 97027.8 94988.2 92023.2 85830.3 88358.2 91650.3 94669.6 91375.9 82875.8 87128.9 79969 86982.9 82762.4 85447.4 83426.3 96708.3 88114.9 95137.1 99087.3 85735 94552.8 110778 107629 92232.8 104445 84791.1 64213.3 103635 77673.9 64545.6 83866.9 83939.2 88082.5 95071.7 102588 109318 114776 118929 121950 124078 125539 126524 127179 127608 127887 128068 128183 128257 128304 128334 128353 128365 128373 128377 128380 128382 128383 128384 128385 128385 128385 128385 128385 128385 128385 128385 128385 128385 128385 128385 128385 128385 128385 128385 128385 128385 128385 128385 128385 128385 128385 128385 128385 128385 128385 128385 128385 128385 128385 128385 128385 128385 128385 128385 128385 128385 128385 128385 128385 128385 128385 128385 128385 128385 128385 128385 128385 128385 128385 128385 128385 128385 128385 128385 128385 128385 128385 128385 128385 128385 128385 128385 128385 128385 128385 128385 128385 128385 128385 0 0 0 0 0 0 0 0 0 0 0 0 0 0 0 0 0 0 0 0 0 0 0 0 0
#obs catch bio
 0 90983.3 146513 198772 231905 264261 300992 303181 309694 307070 267814 293263 257637 255213 233850 194995 208233 157591 169579 133804 143206 133971 113616 115024 116556 102586 101897 104224 90906.6 98307.9 95801.7 92899 86160.2 88642.4 91682.4 95321.4 91911.3 82897.6 87199.5 79834.8 87667.8 83276.2 86071.6 83715 97072.5 87933.6 95517.6 99674.6 85710.5 94541 110996 107736 91725.8 104661 85258.1 63682.8 104447 77507.1
#pred cpue bio
 4.64722e+006 4.39807e+006 4.15207e+006 3.85885e+006 3.53303e+006 3.20287e+006 2.87489e+006 2.54787e+006 2.25651e+006 1.99109e+006 1.7521e+006 1.56978e+006 1.37089e+006 1.21737e+006 1.0716e+006 950774 872513 779524 738016 681044 658814 623281 593487 585142 575120 562822 565469 568845 567797 577927 576824 574057 570605 570470 563326 547893 526566 511181 510873 510220 520937 526375 538932 549863 563713 561504 568338 566977 560122 567716 564468 540442 517485 511227 490083 490893 516216 493902 1.74101e+007 1.03382e+007 1.04105e+007 1.09893e+007 1.19333e+007 1.29519e+007 1.3878e+007 1.46468e+007 1.52504e+007 1.57074e+007 1.60451e+007 1.62909e+007 1.64683e+007 1.65958e+007 1.66875e+007 1.67535e+007 1.68013e+007 1.68361e+007 1.68616e+007 1.68803e+007 1.68943e+007 1.69046e+007 1.69124e+007 1.69183e+007 1.69228e+007 1.69261e+007 1.69287e+007 1.69307e+007 1.69322e+007 1.69333e+007 1.69342e+007 1.69349e+007 1.69354e+007 1.69358e+007 1.69361e+007 1.69364e+007 1.69365e+007 1.69367e+007 1.69368e+007 1.69369e+007 1.6937e+007 1.6937e+007 1.6937e+007 1.69371e+007 1.69371e+007 1.69371e+007 1.69371e+007 1.69371e+007 1.69372e+007 1.69372e+007 1.69372e+007 1.69372e+007 1.69372e+007 1.69372e+007 1.69372e+007 1.69372e+007 1.69372e+007 1.69372e+007 1.69372e+007 1.69372e+007 1.69372e+007 1.69372e+007 1.69372e+007 1.69372e+007 1.69372e+007 1.69372e+007 1.69372e+007 1.69372e+007 1.69372e+007 1.69372e+007 1.69372e+007 1.69372e+007 1.69372e+007 1.69372e+007 1.69372e+007 1.69372e+007 1.69372e+007 1.69372e+007 1.69372e+007 1.69372e+007 1.69372e+007 1.69372e+007 1.69372e+007 1.69372e+007 1.69372e+007 1.69372e+007 1.69372e+007 1.69372e+007 1.69372e+007 1.69372e+007 1.69372e+007 1.69372e+007 1.69372e+007 1.69372e+007 1.69372e+007 1.69372e+007 1.69372e+007 1.69372e+007 1.69372e+007 1.69372e+007 0 0 0 0 0 0 0 0 0 0 0 0 0 0 0 0 0 0 0 0 0 0 0 0 0
#obs cpue bio
 3.13589e+006 3.9438e+006 3.4307e+006 4.67267e+006 2.96501e+006 2.54383e+006 1.94202e+006 1.35455e+006 1.65832e+006 1.61288e+006 1.9903e+006 1.96654e+006 1.02189e+006 971027 868411 978284 800099 795248 788234 617674 518686 599629 497002 494754 485542 409285 409148 493991 727276 520137 503527 658337 605042 421461 665905 585582 511024 622894 482094 605006 479032 514045 574837 628009 734879 694469 661138 465240 893991 686434 449851 621671 651910 471264 418622 889956 429809 612891
#pred surv len freq
 0.00464908 0.00762516 0.0116193 0.0166566 0.0226351 0.0292318 0.0358821 0.0419289 0.0468743 0.0505421 0.05305 0.0546619 0.0556514 0.0562282 0.0565088 0.0565106 0.0561669 0.0553545 0.0539114 0.0516331 0.0482728 0.0436012 0.0375562 0.0304133 0.0228355
 0.00494869 0.00799961 0.0119797 0.0168639 0.022554 0.028807 0.0351879 0.0411496 0.0462162 0.0501301 0.0528721 0.0545924 0.0555312 0.0559536 0.0560849 0.0560521 0.055849 0.055336 0.0542613 0.0522947 0.0490862 0.0443735 0.0381415 0.030759 0.0229759
 0.00516461 0.00837848 0.0125923 0.0177689 0.0237564 0.0302098 0.0365759 0.0422415 0.0467782 0.0500862 0.0523312 0.0537685 0.0546173 0.0550403 0.0551709 0.0551172 0.0549241 0.0545156 0.0536565 0.0519654 0.0490018 0.0444294 0.0382169 0.0307751 0.0229174
 0.0053856 0.00873153 0.013115 0.0184999 0.0247348 0.0314671 0.0381113 0.0439856 0.048566 0.0516692 0.0534433 0.0542242 0.0543822 0.0542266 0.0539642 0.0536935 0.0534142 0.0530196 0.0522682 0.0507685 0.0480428 0.0436998 0.0376663 0.0303462 0.0225743
 0.00569461 0.00921798 0.0138175 0.0194441 0.0259306 0.0329048 0.0397577 0.0457821 0.05043 0.0534921 0.0550828 0.0555031 0.0551162 0.0542801 0.0533053 0.0524088 0.051674 0.0510231 0.0502012 0.048785 0.0462572 0.042181 0.036438 0.0293973 0.0218752
 0.00603996 0.00977006 0.0146304 0.0205601 0.027371 0.0346566 0.0417606 0.0479285 0.0525841 0.0555184 0.0568661 0.0569458 0.0561212 0.0547414 0.0531226 0.0515269 0.050121 0.0489214 0.0477448 0.0461964 0.0437465 0.0399167 0.0345314 0.0278988 0.0207794
 0.00635174 0.0102806 0.0154052 0.021662 0.0288466 0.0365161 0.0439568 0.0503496 0.0550697 0.0578915 0.0589648 0.0586421 0.0573226 0.0553796 0.0531404 0.0508753 0.0487773 0.0469203 0.0452028 0.0433106 0.040764 0.0370871 0.0320595 0.0259113 0.0193126
 0.00663459 0.0107456 0.0161152 0.0226802 0.0302262 0.038282 0.0460856 0.0527585 0.0576228 0.0604208 0.0612945 0.0606102 0.0587961 0.0562619 0.0533688 0.0504131 0.0476091 0.0450627 0.0427285 0.0403706 0.0375881 0.0339515 0.029229 0.0235794 0.017565
 0.00683543 0.0110832 0.0166447 0.0234618 0.0313155 0.0397134 0.047854 0.05481 0.0598599 0.0627171 0.0635096 0.0626009 0.0604251 0.0574072 0.0539315 0.0503224 0.0468249 0.0435815 0.0405975 0.0377084 0.0345951 0.0308935 0.0263872 0.0211829 0.0157372
 0.00700928 0.0113714 0.0170898 0.0241093 0.0322079 0.0408794 0.0492952 0.0564932 0.0617182 0.0646584 0.0654273 0.0643822 0.0619569 0.0585803 0.0546454 0.0504895 0.046378 0.042485 0.0388651 0.0354238 0.031926 0.0280818 0.0237068 0.0188741 0.0139457
 0.00725026 0.0117505 0.0176372 0.0248462 0.0331454 0.042016 0.0506123 0.0579519 0.0632616 0.0662193 0.066935 0.0657659 0.063146 0.0595032 0.0552282 0.0506573 0.0460596 0.0416256 0.0374467 0.0334908 0.0296046 0.0255777 0.02127 0.0167371 0.0122621
 0.00744687 0.0120656 0.0181025 0.0254871 0.0339752 0.0430281 0.0517732 0.0592027 0.0645305 0.0674394 0.0680571 0.066758 0.0639838 0.0601585 0.0556604 0.0508115 0.0458704 0.0410291 0.036401 0.0320034 0.027756 0.0235263 0.0192261 0.0149092 0.0107981
 0.00777159 0.0125828 0.0188601 0.0265201 0.0352961 0.044614 0.053553 0.0610555 0.0663047 0.0689864 0.0692632 0.0675631 0.0643821 0.0601837 0.0553633 0.0502349 0.0450333 0.0399245 0.0350118 0.0303308 0.0258507 0.0215039 0.0172529 0.013159 0.00939841
 0.00798897 0.0129391 0.0194015 0.0272905 0.0363279 0.0459124 0.0550807 0.0627269 0.0679963 0.070559 0.0705867 0.068536 0.0649438 0.0603197 0.0551 0.0496251 0.0441343 0.0387808 0.0336512 0.028778 0.0241516 0.0197451 0.015559 0.0116636 0.00820203
 0.008254 0.013362 0.020023 0.0281433 0.0374305 0.0472596 0.0566326 0.0644036 0.0696844 0.0721292 0.0719137 0.0695147 0.0655014 0.0604229 0.0547573 0.0488811 0.0430573 0.0374462 0.0321285 0.0271295 0.0224421 0.0180554 0.013987 0.0103079 0.00713306
 0.00850012 0.0137548 0.0206002 0.028934 0.038449 0.0484962 0.0580442 0.0659114 0.071185 0.0735131 0.0730822 0.0703887 0.066023 0.0605572 0.0544945 0.0482389 0.0420798 0.0361978 0.0306851 0.0255709 0.0208506 0.0165166 0.0125879 0.00912486 0.00621417
 0.00847982 0.0137497 0.0206446 0.0290782 0.0387478 0.0489909 0.0587453 0.0667927 0.07219 0.0745686 0.0741101 0.0713133 0.0667751 0.0610768 0.0547353 0.0481734 0.0417043 0.0355352 0.0297839 0.0245002 0.0196932 0.0153618 0.011522 0.0082184 0.00550927
 0.00868948 0.0140669 0.021079 0.0296262 0.0393986 0.0497332 0.0595691 0.0676828 0.0731153 0.0754763 0.0749301 0.0719722 0.0672129 0.0612578 0.0546488 0.0478269 0.0411172 0.0347367 0.0288148 0.023416 0.0185634 0.0142639 0.010531 0.00739262 0.00487881
 0.00865548 0.0140186 0.0210191 0.0295617 0.0393388 0.0496887 0.059552 0.0677106 0.0732146 0.0756806 0.0752675 0.0724475 0.067794 0.0618768 0.0552182 0.0482629 0.0413582 0.0347525 0.0286074 0.0230167 0.0180274 0.013662 0.00993668 0.00686838 0.00446369
 0.00881109 0.0142562 0.0213477 0.0299783 0.0398288 0.0502261 0.0601002 0.0682237 0.0736449 0.0759901 0.0754406 0.0724962 0.0677521 0.0617826 0.0550965 0.0481141 0.0411611 0.0344782 0.028236 0.022549 0.0174886 0.0130967 0.00939787 0.00640289 0.00410039
 0.00876238 0.0141812 0.021243 0.0298446 0.0396716 0.0500572 0.0599381 0.0680928 0.0735714 0.0759954 0.0755353 0.0726773 0.0680046 0.0620847 0.0554228 0.0484365 0.0414475 0.0346936 0.0283492 0.0225429 0.017368 0.0128894 0.00914726 0.00615437 0.00388887
 0.00895344 0.0144611 0.0216069 0.0302673 0.0401137 0.0504755 0.0602947 0.0683593 0.0737297 0.0760397 0.075473 0.0725287 0.0677986 0.0618524 0.0551911 0.0482228 0.0412569 0.0345187 0.028174 0.02235 0.0171484 0.012648 0.00890204 0.00592956 0.00370464
 0.00917789 0.0148056 0.022086 0.0308765 0.0408263 0.0512408 0.061039 0.0689947 0.0741744 0.0762411 0.0754229 0.0722603 0.0673712 0.0613324 0.0546386 0.0476843 0.0407625 0.034082 0.0277943 0.0220176 0.0168514 0.0123798 0.00866405 0.00572865 0.00354764
 0.00915693 0.0147863 0.0220839 0.0309151 0.0409303 0.0514258 0.061302 0.069311 0.0745027 0.0765342 0.0756395 0.0723745 0.0673773 0.0612439 0.0544817 0.0474896 0.0405569 0.0338842 0.0276128 0.0218528 0.0166996 0.012238 0.00853318 0.00561355 0.00345413
 0.0091623 0.0147928 0.0220906 0.0309222 0.0409419 0.051453 0.061363 0.0694256 0.0746816 0.0767691 0.0759002 0.0726166 0.0675564 0.0613304 0.0544684 0.0473901 0.0403984 0.0336967 0.0274212 0.021673 0.0165388 0.0120981 0.00841426 0.00551623 0.00337907
 0.00919034 0.0148386 0.0221593 0.0310177 0.0410649 0.051599 0.0615217 0.0695834 0.0748272 0.0768978 0.0760132 0.0727147 0.0676336 0.061372 0.0544574 0.0473161 0.0402641 0.0335177 0.0272206 0.0214732 0.0163566 0.0119426 0.00828875 0.00542006 0.0033096
 0.00902555 0.0145921 0.021829 0.0306173 0.0406223 0.0511516 0.061112 0.0692549 0.0746182 0.0768342 0.0761026 0.0729462 0.0679797 0.0617936 0.0549079 0.0477485 0.0406392 0.0338115 0.027427 0.0216014 0.016424 0.0119684 0.00828968 0.00540866 0.00329438
 0.00878958 0.0142333 0.0213362 0.0299993 0.0399083 0.0503897 0.0603669 0.0686023 0.0741326 0.0765718 0.076089 0.0731723 0.0684093 0.0623731 0.055576 0.0484434 0.0413045 0.034402 0.0279138 0.021974 0.0166886 0.0121421 0.00839434 0.00546578 0.00332188
 0.00873548 0.0141242 0.0211341 0.0296595 0.0393948 0.0496971 0.0595383 0.0677289 0.0733311 0.0759516 0.0757251 0.0730944 0.0686055 0.0628007 0.0561733 0.0491404 0.0420316 0.0350977 0.0285304 0.0224816 0.0170766 0.0124172 0.0085745 0.00557432 0.00338163
 0.00854307 0.0138316 0.0207303 0.0291442 0.0387741 0.0489785 0.0587324 0.0668597 0.0724489 0.0751383 0.0750839 0.0727244 0.0685716 0.0631142 0.0567905 0.0499776 0.0429873 0.0360723 0.0294407 0.0232688 0.0177093 0.0128895 0.00890138 0.00578326 0.00350442
 0.00841971 0.0136375 0.020451 0.0287724 0.0383126 0.0484429 0.0581518 0.0662716 0.0718897 0.074635 0.0746555 0.0723933 0.0683732 0.0630927 0.0569814 0.0503871 0.0435819 0.0367856 0.0301905 0.0239777 0.0183195 0.0133705 0.00924919 0.00601365 0.0036439
 0.00835316 0.0135231 0.0202676 0.0284977 0.0379291 0.0479479 0.0575656 0.0656392 0.0712712 0.07409 0.0742287 0.0721084 0.0682366 0.0631041 0.0571422 0.0506998 0.0440406 0.0373647 0.0308413 0.0246364 0.0189234 0.0138737 0.00963049 0.0062765 0.00380849
 0.00825479 0.013373 0.0200594 0.0282303 0.0376045 0.0475687 0.0571352 0.0651663 0.0707752 0.0736043 0.0737973 0.0717772 0.0680417 0.063064 0.0572581 0.0509608 0.0444296 0.0378578 0.0314049 0.0252253 0.019486 0.0143637 0.0100183 0.00655469 0.00398889
 0.00805697 0.0130706 0.0196408 0.027699 0.0369796 0.0468834 0.056435 0.0645041 0.0702026 0.0731605 0.0735038 0.07164 0.0680592 0.0632316 0.057568 0.0513994 0.0449753 0.0384817 0.0320714 0.0258932 0.0201118 0.0149075 0.0104532 0.00687214 0.00419914
 0.00812891 0.0131445 0.0196733 0.0276258 0.0367355 0.0464323 0.0557943 0.0637458 0.0694301 0.072474 0.0729737 0.0712987 0.0679078 0.0632537 0.0577414 0.0517024 0.0453867 0.0389777 0.0326224 0.0264631 0.0206604 0.0153968 0.0108545 0.00717279 0.00440347
 0.00883087 0.0141562 0.0209531 0.0290452 0.0381063 0.0475561 0.0565099 0.0639575 0.0691206 0.0717058 0.0718764 0.0700381 0.0666445 0.0621103 0.0567892 0.0509689 0.0448707 0.0386623 0.0324812 0.0264616 0.0207571 0.0155472 0.0110178 0.00731829 0.0045149
 0.00942689 0.0151217 0.022391 0.0310251 0.0406215 0.0504722 0.0595338 0.0666703 0.0710859 0.0726098 0.0716243 0.0687594 0.0646219 0.0596797 0.0542576 0.0485685 0.0427482 0.0368903 0.0310782 0.0254101 0.0200164 0.0150621 0.0107262 0.00715997 0.00443874
 0.00943973 0.0152175 0.0226746 0.0316428 0.0417269 0.0521666 0.0618041 0.0693539 0.07388 0.0751254 0.0734721 0.0696484 0.0644376 0.0585097 0.0523524 0.0462561 0.0403457 0.0346433 0.0291397 0.0238488 0.0188372 0.0142278 0.0101759 0.00682381 0.00424995
 0.00921373 0.0148772 0.0222187 0.0311037 0.0411815 0.0517434 0.061675 0.0696989 0.0748215 0.0766563 0.0754174 0.0716909 0.0662049 0.0596872 0.0527744 0.0459402 0.0394611 0.0334369 0.0278556 0.0226723 0.0178739 0.013511 0.00968791 0.00651966 0.00407688
 0.00932665 0.0150096 0.0223246 0.0311122 0.0410211 0.0513805 0.0611473 0.0691252 0.0743785 0.0765287 0.0757368 0.0724809 0.0673539 0.0609672 0.0539072 0.0466894 0.0397075 0.0332045 0.0272803 0.021937 0.0171438 0.0128948 0.00923034 0.00621609 0.00389574
 0.00928338 0.0149598 0.0222845 0.0311015 0.0410476 0.051422 0.0611467 0.0690106 0.0741072 0.0761303 0.0753255 0.07222 0.0673868 0.0613479 0.0545676 0.0474603 0.0403857 0.033632 0.0273973 0.0217856 0.0168303 0.0125356 0.00891147 0.00597826 0.00374195
 0.00918606 0.0148236 0.0221214 0.0309387 0.0409229 0.0513723 0.0611943 0.0691509 0.0743019 0.0763151 0.0754352 0.072225 0.0673173 0.0612855 0.0546013 0.0476321 0.0406621 0.0339202 0.0275953 0.0218334 0.0167318 0.012344 0.00869495 0.00578948 0.00360509
 0.00905551 0.0146148 0.0218153 0.0305248 0.0404072 0.050787 0.0606029 0.0686407 0.0739605 0.0761989 0.0755471 0.0725154 0.0677097 0.061712 0.0550278 0.0480579 0.0410951 0.0343495 0.0279825 0.0221305 0.0169087 0.0124054 0.00867485 0.00573159 0.00354403
 0.00894001 0.0144365 0.0215643 0.0301977 0.0400069 0.0503228 0.060094 0.0681206 0.0734794 0.0758186 0.0753277 0.0724967 0.0678952 0.0620669 0.0554927 0.0485713 0.0416106 0.0348371 0.0284195 0.022494 0.0171793 0.0125766 0.0087592 0.00575558 0.00353681
 0.00881281 0.0142348 0.0212711 0.0298022 0.0395087 0.049737 0.0594547 0.0674796 0.0728971 0.075352 0.0750217 0.0723809 0.0679837 0.0623545 0.0559518 0.0491529 0.0422536 0.0354809 0.0290144 0.0230045 0.0175842 0.0128694 0.00894843 0.00586209 0.00358718
 0.0089563 0.014437 0.0215173 0.0300578 0.0397267 0.0498715 0.0594732 0.0673687 0.0726628 0.0750168 0.0746213 0.0719608 0.0675934 0.0620409 0.0557511 0.049083 0.0423093 0.0356357 0.0292285 0.0232351 0.0177953 0.0130379 0.00906564 0.00593209 0.00362184
 0.00890521 0.0143763 0.0214658 0.0300427 0.0397713 0.0499783 0.0596131 0.0674872 0.0727012 0.0749389 0.0744282 0.0716875 0.0672928 0.0617669 0.0555466 0.0489753 0.0423079 0.0357322 0.0293983 0.0234438 0.0180065 0.0132223 0.00920686 0.00602711 0.00367775
 0.0087469 0.0141531 0.0211942 0.0297623 0.0395369 0.0498445 0.0596181 0.0676395 0.0729739 0.075272 0.074743 0.0719116 0.067385 0.0617294 0.0554192 0.0488155 0.0421701 0.0356526 0.0293895 0.0234966 0.0180981 0.0133259 0.0093002 0.00609802 0.00372399
 0.00883102 0.0142507 0.0212705 0.0297664 0.0394221 0.0495976 0.0592791 0.0672959 0.0727268 0.0751925 0.0748427 0.0721418 0.0676617 0.0619693 0.055569 0.0488646 0.0421444 0.0355957 0.0293418 0.0234817 0.0181195 0.0133724 0.00935507 0.00614728 0.00376038
 0.00876145 0.0141513 0.0211444 0.0296196 0.0392554 0.0493978 0.05902 0.066954 0.0723073 0.074748 0.0744656 0.0719287 0.0676695 0.062189 0.0559345 0.0492862 0.0425463 0.035937 0.029616 0.0237016 0.0183006 0.0135234 0.00947753 0.00624019 0.00382458
 0.00872786 0.0141049 0.0210902 0.0295682 0.0392208 0.0493922 0.0590469 0.0670022 0.0723491 0.0747459 0.0743901 0.0717785 0.0674798 0.0620193 0.0558384 0.0492864 0.0426276 0.0360624 0.0297489 0.0238204 0.0183992 0.0136039 0.00954302 0.00629161 0.00386212
 0.00886796 0.0143241 0.0214034 0.0299823 0.0397315 0.0499809 0.0596772 0.0676194 0.0728864 0.0751355 0.0745756 0.0717265 0.0671903 0.0615309 0.0552239 0.0486343 0.0420167 0.0355422 0.0293359 0.0235078 0.0181711 0.0134443 0.00943764 0.00622747 0.00382679
 0.00900988 0.0145463 0.0217216 0.0304043 0.0402551 0.0505906 0.0603406 0.0682874 0.0734985 0.0756304 0.0749009 0.0718453 0.067085 0.0612066 0.0547122 0.0479917 0.0413165 0.0348586 0.0287271 0.0230068 0.017786 0.0131661 0.0092487 0.00610751 0.00375627
 0.00901367 0.0145515 0.0217281 0.030413 0.0402693 0.0506183 0.0603951 0.0683847 0.0736519 0.0758431 0.0751608 0.0721237 0.0673404 0.0613941 0.0547946 0.0479511 0.0411607 0.0346194 0.0284497 0.0227358 0.0175535 0.0129871 0.00912348 0.00602743 0.00370943
 0.00901543 0.0145801 0.0218176 0.0306075 0.0406082 0.0511139 0.0610162 0.069058 0.0742844 0.0763525 0.0754977 0.0722752 0.0673205 0.0612283 0.054509 0.0475689 0.0407051 0.0341186 0.027939 0.0222536 0.0171338 0.0126511 0.00887676 0.00586141 0.00360724
 0.00886926 0.0143398 0.0214545 0.0301023 0.0399657 0.0503806 0.0602877 0.0684639 0.0739476 0.0763431 0.0758074 0.0728284 0.0680084 0.0619454 0.0551741 0.0481298 0.0411349 0.034411 0.0281054 0.0223195 0.0171322 0.012615 0.00883166 0.0058224 0.00357985
 0.00849479 0.0137568 0.0206258 0.0290127 0.0386271 0.0488393 0.0586355 0.0668436 0.0725421 0.0753424 0.0753639 0.0730137 0.0687913 0.0631991 0.0567131 0.0497582 0.0426877 0.0357755 0.0292238 0.0231801 0.0177561 0.0130418 0.00910757 0.005991 0.00367707
 0.00842493 0.0136691 0.02054 0.0289589 0.0386318 0.0489053 0.0587285 0.0668967 0.0724805 0.0751187 0.0749861 0.0725515 0.0683551 0.0629005 0.056623 0.0498843 0.0429791 0.0361497 0.0295993 0.0234991 0.0179924 0.0131961 0.00919651 0.00603601 0.00369686
#obs surv len freq
 nan nan nan nan nan nan nan nan nan nan nan nan nan nan nan nan nan nan nan nan nan nan nan nan nan
 0.00448502 0.00734641 0.0111763 0.0159922 0.0216922 0.0279668 0.03428 0.0400107 0.04469 0.048154 0.0505124 0.0520089 0.0529019 0.0534149 0.0537298 0.0539851 0.054264 0.0545569 0.0546958 0.0542878 0.0527258 0.0493579 0.0438075 0.0362873 0.0276706
 0.00461939 0.00756621 0.0115092 0.0164638 0.0223195 0.0287487 0.0351876 0.040985 0.0456502 0.0490134 0.0511948 0.0524603 0.053095 0.0533495 0.0534281 0.0534843 0.0536071 0.0537865 0.0538506 0.0534046 0.0518433 0.0485191 0.043057 0.035663 0.0271936
 0.00477866 0.00782906 0.011912 0.017043 0.0231037 0.0297473 0.036378 0.0423072 0.0470136 0.0503116 0.0523228 0.0533269 0.0536327 0.0535206 0.0532269 0.052935 0.0527566 0.052695 0.0525849 0.0520353 0.050446 0.0471748 0.0418462 0.0346523 0.0264197
 0.00497434 0.00814584 0.0123866 0.0177094 0.0239883 0.0308595 0.0377 0.0437881 0.0485731 0.0518509 0.0537364 0.0545125 0.0544988 0.0539944 0.0532621 0.0525174 0.0519057 0.0514613 0.0510452 0.0502875 0.0486058 0.0453693 0.0402009 0.0332695 0.025357
 0.00518846 0.00849895 0.0129271 0.0184848 0.025035 0.0321876 0.0392783 0.0455408 0.050393 0.0536217 0.0553508 0.0558782 0.0555366 0.054635 0.0534471 0.0522056 0.0510821 0.050146 0.0492992 0.0482154 0.0463525 0.043108 0.0381088 0.0314944 0.0239846
 0.00541856 0.00887582 0.0134998 0.0193016 0.0261352 0.0335872 0.0409551 0.0474269 0.0523819 0.0555868 0.0571655 0.0574306 0.0567359 0.0554109 0.0537457 0.0519853 0.0503155 0.0488296 0.0474693 0.0459634 0.0438307 0.0405188 0.0356728 0.0294026 0.0223545
 0.0056448 0.00924699 0.0140649 0.0201088 0.0272235 0.0349724 0.0426156 0.0492979 0.0543638 0.0575633 0.0590199 0.0590554 0.0580363 0.0563067 0.0541718 0.0518904 0.0496627 0.0476024 0.045686 0.0436975 0.0412267 0.0377878 0.0330593 0.0271293 0.020566
 0.00590228 0.00966522 0.0146937 0.0209946 0.0284006 0.0364501 0.0443636 0.0512418 0.056395 0.0595599 0.0608658 0.0606505 0.0592985 0.057169 0.0545778 0.0517919 0.0490197 0.0463894 0.0439082 0.0414135 0.038569 0.0349651 0.0303264 0.0247278 0.0186606
 0.00613068 0.0100455 0.0152823 0.0218491 0.0295675 0.0379453 0.0461539 0.0532404 0.0584763 0.0615863 0.0627123 0.0622168 0.0605099 0.0579712 0.0549298 0.0516592 0.0483708 0.0452004 0.0421773 0.039186 0.0359622 0.0321752 0.0276029 0.0223155 0.0167332
 0.00637572 0.0104435 0.0158812 0.0226944 0.0306952 0.0393697 0.0478535 0.0551493 0.0604894 0.0635756 0.0645467 0.0637792 0.0617086 0.0587433 0.0552382 0.0514829 0.0476956 0.0440164 0.0404891 0.0370352 0.0334534 0.0294875 0.0249704 0.0199734 0.0148527
 0.00659548 0.0108052 0.0164335 0.0234849 0.0317604 0.04072 0.0494585 0.0569343 0.0623483 0.0653925 0.0662138 0.0652041 0.0628146 0.0594692 0.0555384 0.0513275 0.047068 0.0429112 0.0389174 0.0350402 0.0311318 0.0270014 0.0225316 0.0177978 0.0131002
 0.00681421 0.0111639 0.0169792 0.0242632 0.0328064 0.0420436 0.0510299 0.0586781 0.0641543 0.0671369 0.0677814 0.066502 0.0637764 0.0600522 0.0557173 0.0510874 0.0464004 0.041815 0.0374061 0.0331567 0.028966 0.0246998 0.020284 0.0157968 0.0114888
 0.00706448 0.0115707 0.0175908 0.0251236 0.0339454 0.0434628 0.0526873 0.0604849 0.0659872 0.0688626 0.0692798 0.0676807 0.0645748 0.0604399 0.0556878 0.0506496 0.0455696 0.0406094 0.035851 0.0312982 0.026888 0.022533 0.0181948 0.0139524 0.0100112
 0.00727912 0.011928 0.0181436 0.0259247 0.0350355 0.0448507 0.054332 0.0622909 0.0678201 0.070578 0.0707494 0.0688078 0.0652989 0.0607344 0.0555541 0.0501085 0.0446532 0.0393541 0.0342986 0.0295039 0.0249338 0.0205358 0.0162973 0.0122946 0.00869292
 0.00744149 0.0121944 0.0185497 0.0265067 0.0358248 0.0458641 0.0555599 0.063689 0.0693104 0.072058 0.0721065 0.0699351 0.0661091 0.0611699 0.0555901 0.0497495 0.0439249 0.0382962 0.0329608 0.0279491 0.023245 0.0188199 0.0146778 0.010888 0.00757953
 0.00754084 0.0123579 0.0187997 0.0268662 0.0363142 0.0464957 0.0563317 0.0645819 0.0702896 0.073077 0.0731102 0.0708602 0.0668862 0.0617296 0.0558734 0.0497175 0.0435642 0.0376195 0.0320043 0.0267709 0.0219247 0.0174572 0.0133821 0.00975951 0.0066857
 0.00760057 0.0124513 0.0189339 0.0270467 0.0365461 0.0467848 0.0566843 0.0650027 0.0707798 0.0736315 0.0737151 0.07149 0.0675026 0.0622817 0.0563015 0.0499614 0.0435746 0.0373682 0.0314923 0.0260307 0.0210195 0.016474 0.0124189 0.00890565 0.00600246
 0.00765977 0.0125409 0.0190565 0.0272003 0.0367251 0.0469821 0.0568929 0.0652184 0.0710029 0.0738684 0.0739763 0.071785 0.0678319 0.0626304 0.0566367 0.0502349 0.0437312 0.0373585 0.0312854 0.025626 0.0204508 0.0158054 0.0117315 0.00827789 0.00549074
 0.00771841 0.0126281 0.0191725 0.0273397 0.0368781 0.0471366 0.0570374 0.0653439 0.0711053 0.0739507 0.07405 0.0718673 0.0679404 0.0627757 0.0568151 0.0504247 0.0438941 0.0374469 0.0312559 0.0254535 0.0201396 0.0153915 0.0112733 0.00783923 0.00512198
 0.00776152 0.0126951 0.0192673 0.0274627 0.0370255 0.047299 0.0572001 0.0654882 0.0712143 0.074015 0.0740715 0.0718595 0.0679239 0.0627717 0.0568386 0.0504785 0.0439646 0.0375058 0.0312668 0.0253845 0.0199765 0.0151454 0.0109789 0.00754213 0.00486285
 0.00782108 0.0127838 0.0193854 0.0276054 0.0371836 0.047462 0.057357 0.0656284 0.071327 0.0740906 0.0741037 0.0718481 0.0678766 0.0627031 0.056767 0.0504196 0.0439256 0.0374805 0.0312367 0.0253257 0.0198703 0.0149885 0.0107863 0.00734143 0.00468262
 0.00786558 0.0128539 0.0194863 0.0277394 0.0373482 0.0476482 0.0575487 0.0658044 0.0714663 0.0741786 0.0741361 0.0718293 0.0678164 0.0626138 0.0566615 0.0503112 0.0438252 0.0373934 0.0311595 0.0252472 0.0197774 0.0148738 0.0106534 0.00720401 0.00455796
 0.00786001 0.0128478 0.0194826 0.027743 0.0373649 0.0476832 0.0576043 0.0658788 0.0715532 0.0742681 0.0742169 0.0718916 0.0678543 0.0626263 0.056652 0.0502858 0.043791 0.037356 0.0311211 0.0252053 0.0197264 0.0148094 0.0105763 0.0071213 0.00448023
 0.00789639 0.0128959 0.0195352 0.027787 0.0373868 0.0476752 0.0575698 0.0658318 0.0715124 0.0742489 0.0742257 0.0719247 0.0679011 0.062674 0.0566905 0.0503096 0.0437994 0.0373516 0.031107 0.025183 0.0196958 0.0147695 0.0105283 0.00706946 0.00443083
 0.00787533 0.0128657 0.0194964 0.0277418 0.0373362 0.0476171 0.057499 0.0657432 0.0714074 0.0741398 0.0741341 0.071874 0.0679064 0.062736 0.0567958 0.0504375 0.0439295 0.0374688 0.0312028 0.0252541 0.019742 0.0147927 0.010532 0.0070592 0.00441338
 0.00788225 0.01287 0.0194904 0.0277151 0.0372792 0.0475268 0.0573817 0.0656137 0.0712823 0.0740319 0.0740501 0.0718177 0.0678826 0.0627506 0.0568521 0.0505318 0.0440498 0.0375984 0.0313255 0.0253579 0.0198207 0.0148451 0.010561 0.00707027 0.00441301
 0.00791506 0.0129181 0.0195529 0.0277862 0.0373488 0.0475814 0.0574065 0.0655964 0.0712182 0.0739267 0.0739195 0.0716825 0.0677623 0.0626593 0.0567981 0.0505174 0.0440724 0.0376496 0.0313929 0.0254281 0.0198823 0.0148916 0.0105906 0.00708525 0.00441774
 0.00788503 0.0128752 0.0194992 0.0277271 0.0372913 0.0475303 0.0573631 0.0655575 0.071178 0.0738803 0.0738658 0.071626 0.0677123 0.0626271 0.056793 0.0505445 0.0441309 0.0377338 0.0314927 0.0255314 0.0199773 0.0149697 0.0106478 0.00712225 0.00443855
 0.00787107 0.0128485 0.0194519 0.027651 0.0371811 0.0473887 0.0572036 0.0654023 0.0710507 0.0737968 0.0738293 0.0716288 0.067742 0.0626738 0.0568525 0.0506171 0.0442185 0.0378358 0.031605 0.025646 0.0200848 0.0150614 0.0107187 0.0071715 0.00446908
 0.00785921 0.0128249 0.0194084 0.0275771 0.0370664 0.0472272 0.056998 0.0651669 0.0708104 0.0735825 0.0736707 0.0715465 0.0677419 0.0627471 0.0569806 0.0507792 0.0443973 0.0380194 0.0317849 0.0258151 0.0202358 0.015188 0.010817 0.00724138 0.00451415
 0.00782228 0.012767 0.0193253 0.0274657 0.036925 0.0470557 0.0567987 0.0649465 0.0705809 0.0733618 0.0734814 0.0714123 0.0676828 0.0627731 0.0570888 0.0509543 0.0446164 0.0382584 0.0320232 0.026037 0.0204307 0.0153491 0.0109413 0.00733016 0.00457222
 0.00778525 0.0127043 0.0192264 0.0273203 0.0367263 0.0468052 0.0565096 0.064643 0.0702926 0.0731156 0.0732964 0.0712994 0.0676474 0.0628175 0.0572114 0.0511475 0.044865 0.0385407 0.0323146 0.0263149 0.0206772 0.0155531 0.0110985 0.00744233 0.00464578
 0.00776348 0.0126681 0.0191702 0.0272379 0.0366115 0.0466531 0.0563193 0.0644199 0.0700499 0.0728735 0.0730789 0.0711298 0.0675432 0.0627883 0.057259 0.0512672 0.0450464 0.0387681 0.0325676 0.026571 0.0209152 0.0157569 0.0112594 0.007559 0.00472324
 0.00772902 0.0126107 0.0190816 0.02711 0.0364386 0.0464353 0.0560652 0.0641466 0.0697794 0.072628 0.0728771 0.0709861 0.0674679 0.0627878 0.0573346 0.0514145 0.0452551 0.0390227 0.0328486 0.0268561 0.0211827 0.0159889 0.0114446 0.00769481 0.00481415
 0.00932628 0.0148468 0.0217808 0.0298859 0.0388063 0.0479901 0.0566246 0.0637776 0.0687173 0.0711565 0.0712398 0.0693525 0.0659404 0.0614213 0.0561551 0.0504306 0.0444641 0.0384134 0.0324024 0.0265489 0.0209864 0.0158744 0.0113852 0.0076684 0.00480505
 0.00932567 0.0151394 0.0227383 0.0319677 0.042359 0.0529773 0.0624552 0.0694014 0.072997 0.0733144 0.0711141 0.06734 0.0627216 0.0576699 0.052371 0.0469118 0.0413551 0.0357669 0.0302224 0.0248137 0.019658 0.0149026 0.0107112 0.00722878 0.00453767
 0.00896539 0.0145761 0.021954 0.0310177 0.0414241 0.0523979 0.0626894 0.0708618 0.075804 0.0771133 0.0751197 0.070633 0.0646308 0.0580039 0.0513883 0.0451064 0.0392235 0.0336725 0.0283717 0.0232918 0.0184766 0.0140341 0.0101083 0.00683619 0.0042996
 0.00881332 0.0143143 0.0215339 0.0303886 0.040553 0.0513047 0.0614899 0.0697952 0.0752105 0.077339 0.0763597 0.0727877 0.0672748 0.0605246 0.0532335 0.0459946 0.0391997 0.0330075 0.0273992 0.0222842 0.0175976 0.01335 0.00962161 0.00651676 0.00410603
 0.00872928 0.0141749 0.021318 0.0300719 0.0401098 0.0507135 0.0607452 0.0689255 0.0742996 0.076541 0.0758878 0.0728588 0.0680132 0.0618691 0.0549159 0.0476277 0.0404347 0.0336679 0.027515 0.0220254 0.0171693 0.0129129 0.00926352 0.00626352 0.00394676
 0.00872148 0.0141569 0.0212804 0.0300014 0.03999 0.0505276 0.0604785 0.0685684 0.0738523 0.0760229 0.0753526 0.0724041 0.0677715 0.0619655 0.0554035 0.0484366 0.0413785 0.0345158 0.0280912 0.0222732 0.0171465 0.0127356 0.00904338 0.00607179 0.00381051
 0.00868674 0.0141035 0.0212057 0.0299042 0.0398699 0.0503837 0.060309 0.0683704 0.0736233 0.0757623 0.0750663 0.0721119 0.067515 0.0618099 0.055422 0.0486772 0.0418273 0.0350855 0.02865 0.0227024 0.0173888 0.0128061 0.00900285 0.00598724 0.0037285
 0.0086736 0.0140814 0.0211712 0.0298538 0.0398014 0.0502971 0.0602071 0.0682584 0.0735054 0.0756393 0.0749352 0.0719695 0.0673647 0.0616692 0.0553255 0.0486684 0.0419395 0.0353189 0.0289616 0.0230196 0.0176423 0.0129593 0.0090605 0.00598129 0.00369555
 0.00866786 0.0140702 0.0211508 0.0298196 0.0397491 0.0502242 0.060115 0.0681525 0.0733944 0.0755322 0.0748385 0.0718857 0.0672929 0.0616083 0.05528 0.0486522 0.0419728 0.0354174 0.0291231 0.0232187 0.017838 0.0131143 0.00915671 0.00602341 0.00370212
 0.0086678 0.0140692 0.0211475 0.0298118 0.0397339 0.0501983 0.0600758 0.0680984 0.0733261 0.0754536 0.0747558 0.0718062 0.067223 0.0615521 0.0552401 0.0486318 0.0419782 0.0354568 0.029201 0.023329 0.0179632 0.0132306 0.0092454 0.00607764 0.00372695
 0.00865446 0.0140504 0.0211244 0.0297873 0.0397111 0.0501795 0.0600605 0.0680842 0.0733088 0.0754296 0.0747234 0.0717664 0.0671792 0.0615096 0.0552043 0.0486078 0.0419709 0.0354707 0.0292391 0.0233903 0.01804 0.0133102 0.00931427 0.00612731 0.0037563
 0.00863741 0.0140248 0.0210899 0.0297453 0.039665 0.0501338 0.0600209 0.0680557 0.0732946 0.0754289 0.0747319 0.0717776 0.067187 0.0615108 0.0551996 0.0486012 0.0419679 0.0354771 0.0292592 0.0234255 0.0180875 0.0133633 0.0093643 0.00616732 0.00378332
 0.00862272 0.0140017 0.0210567 0.0297013 0.0396108 0.0500723 0.0599572 0.067997 0.073249 0.0754027 0.0747276 0.0717931 0.0672166 0.0615468 0.0552352 0.0486324 0.0419944 0.0355016 0.0292857 0.0234571 0.0181248 0.0134036 0.00940304 0.00619983 0.00380694
 0.00862056 0.0139966 0.0210461 0.029682 0.0395797 0.0500281 0.0599015 0.0679347 0.0731875 0.0753501 0.0746908 0.0717764 0.0672209 0.0615693 0.0552704 0.0486736 0.042036 0.0355405 0.0293216 0.0234914 0.0181588 0.013437 0.00943406 0.00622602 0.00382662
 0.00863 0.0140114 0.0210673 0.0297095 0.0396121 0.0500616 0.0599303 0.0679519 0.0731868 0.0753292 0.0746523 0.0717274 0.0671702 0.0615251 0.0552376 0.0486537 0.0420274 0.0355401 0.0293267 0.0235003 0.0181706 0.0134511 0.00944909 0.00624017 0.00383825
 0.00863 0.0140114 0.0210673 0.0297095 0.0396121 0.0500616 0.0599303 0.0679519 0.0731868 0.0753292 0.0746523 0.0717274 0.0671702 0.0615251 0.0552376 0.0486537 0.0420274 0.0355401 0.0293267 0.0235003 0.0181706 0.0134511 0.00944909 0.00624017 0.00383825
 0.00882193 0.0143178 0.0215163 0.030319 0.0403805 0.0509572 0.0608824 0.0688552 0.0739234 0.0757993 0.0748005 0.0715526 0.0667185 0.0608725 0.0544711 0.0478543 0.0412594 0.0348473 0.0287334 0.0230158 0.0177937 0.0131731 0.00925611 0.00611518 0.00376335
 0.00881925 0.0143341 0.0215791 0.030467 0.0406545 0.0513838 0.0614594 0.0695441 0.0746535 0.0764811 0.0753437 0.0718833 0.0667955 0.0606954 0.0540781 0.0473107 0.0406408 0.0342234 0.0281579 0.0225223 0.0173974 0.0128744 0.00904537 0.00597675 0.00367924
 0.00879479 0.0142872 0.0214975 0.0303402 0.040483 0.0511904 0.0612943 0.0694757 0.0747439 0.076758 0.0757824 0.0724115 0.0673154 0.0611136 0.054331 0.0473767 0.0405389 0.034001 0.027873 0.0222282 0.0171326 0.0126601 0.00888728 0.00586999 0.00361325
 0.00893212 0.0145007 0.0217988 0.0307297 0.0409452 0.0516911 0.0617814 0.0698899 0.0750387 0.0769179 0.0758274 0.0723813 0.0672435 0.0610095 0.0541794 0.0471532 0.0402297 0.0336145 0.0274403 0.0217923 0.0167351 0.0123301 0.00863732 0.00569692 0.00350385
 0.00877158 0.0142608 0.021478 0.0303427 0.0405219 0.0512721 0.0614125 0.0696158 0.0748937 0.0769183 0.0759694 0.0726462 0.067605 0.0614366 0.0546347 0.0475919 0.0406054 0.0338913 0.027604 0.0218532 0.0167215 0.0122766 0.00857314 0.00564068 0.00346306
 0.0085452 0.0138788 0.0208807 0.0294749 0.0393562 0.0498405 0.0598296 0.0680716 0.0736086 0.076079 0.0756788 0.0729075 0.0683392 0.0625165 0.0559168 0.0489401 0.041904 0.035052 0.0285702 0.0226021 0.0172615 0.0126387 0.0087994 0.00577272 0.00353519
 0.00888762 0.0143957 0.0215804 0.0303286 0.0402927 0.0507479 0.0605655 0.0684897 0.0736042 0.0756339 0.0748785 0.0719151 0.0673388 0.0616563 0.0552788 0.0485381 0.0417021 0.0349892 0.0285816 0.0226352 0.017284 0.0126391 0.00878126 0.00574619 0.00350972
#pred catch len freq
 0.00429574 0.00682146 0.00999847 0.0137695 0.0181019 0.0229621 0.0282457 0.0337454 0.0391919 0.0443198 0.0489129 0.0528246 0.0559873 0.0584004 0.0600942 0.0610876 0.0613652 0.0608718 0.0595076 0.05711 0.0534504 0.0483036 0.0416173 0.0337061 0.0253092
 0.00460014 0.00721825 0.0104182 0.0140967 0.0182192 0.0228129 0.0278749 0.0332845 0.0387893 0.0440588 0.0487685 0.0526839 0.0557173 0.0579254 0.0594446 0.0604011 0.0608384 0.0606805 0.0597284 0.057682 0.0542001 0.049022 0.0421476 0.0339937 0.0253934
 0.00483118 0.00759939 0.0109947 0.0148949 0.0192186 0.0239177 0.0289096 0.034038 0.0391016 0.0438999 0.0482484 0.0519797 0.0549695 0.0571787 0.0586712 0.0595759 0.0600029 0.0599474 0.0592254 0.057476 0.0542548 0.0492175 0.0423458 0.0341038 0.0253976
 0.00509195 0.00800388 0.0115707 0.0156641 0.0202018 0.0251344 0.0303593 0.0356648 0.040761 0.0453637 0.0492653 0.0523717 0.0547033 0.0563622 0.0574813 0.0581787 0.0585219 0.0584819 0.057874 0.0563286 0.0533598 0.0485607 0.0418661 0.0337335 0.0250954
 0.00544087 0.00853919 0.0123178 0.0166284 0.021374 0.0264979 0.0318946 0.0373452 0.042542 0.0471638 0.0509471 0.0537405 0.0555434 0.0565074 0.0568801 0.0569129 0.0567687 0.0564529 0.0557684 0.0543119 0.0515533 0.0470349 0.0406407 0.0327916 0.0244022
 0.00583972 0.00915709 0.0131916 0.0177738 0.0227866 0.0281548 0.033752 0.0393358 0.0445793 0.0491511 0.0527834 0.0553158 0.0567289 0.0571565 0.0568551 0.0561324 0.055251 0.0543271 0.053246 0.0516368 0.0489544 0.0446932 0.0386732 0.0312486 0.0232756
 0.00622498 0.00976243 0.0140646 0.0189476 0.0242782 0.0299609 0.0358393 0.0416324 0.0469743 0.0515062 0.0549515 0.0571578 0.0581236 0.0579994 0.0570531 0.0556072 0.0539612 0.0523021 0.0506113 0.0486094 0.0458069 0.0416995 0.0360564 0.0291452 0.0217242
 0.00657108 0.0103085 0.0148573 0.0200241 0.0256657 0.0316735 0.0378682 0.043933 0.0494579 0.0540421 0.0573776 0.0593007 0.0598206 0.0591166 0.0574918 0.0553008 0.0528738 0.0504405 0.0480503 0.0455149 0.0424334 0.0383522 0.0330272 0.026647 0.0198513
 0.00684239 0.0107409 0.0154933 0.020902 0.026818 0.0331229 0.0396184 0.0459584 0.0516974 0.0563982 0.0597212 0.061479 0.0616711 0.0604841 0.0582444 0.05534 0.0521399 0.0489198 0.0457906 0.0426467 0.0391807 0.0350125 0.0299148 0.0240183 0.0178448
 0.00708539 0.0111243 0.0160505 0.0216603 0.0278003 0.0343465 0.0410893 0.0476631 0.0535953 0.0584196 0.0617687 0.0634339 0.0634016 0.0618554 0.059128 0.0556227 0.0517344 0.0477781 0.0439238 0.0401473 0.036237 0.0318975 0.0269374 0.0214496 0.0158498
 0.0073577 0.0115425 0.0166353 0.0224186 0.0287297 0.0354417 0.0423437 0.0490638 0.0551173 0.0600204 0.0633874 0.0649925 0.0648092 0.0630127 0.0599317 0.0559706 0.0515329 0.0469563 0.0424566 0.0380825 0.0337166 0.0291538 0.0242531 0.0190879 0.0139855
 0.00767426 0.0120291 0.0173157 0.0232967 0.0297912 0.0366576 0.0436714 0.0504489 0.0564996 0.0613438 0.0646069 0.0660737 0.0657213 0.0637192 0.0603842 0.056106 0.0512772 0.0462378 0.0412284 0.0363539 0.0315797 0.0267896 0.0219018 0.0169874 0.0123044
 0.00805156 0.0126127 0.0181388 0.0243712 0.0311076 0.0381851 0.0453539 0.0522015 0.0582123 0.0628977 0.0658958 0.0670235 0.0662998 0.0639323 0.0602588 0.0556677 0.0505325 0.0451706 0.0398155 0.034596 0.0295349 0.0245901 0.0197377 0.0150573 0.0107552
 0.00837207 0.0131134 0.0188549 0.0253236 0.0323013 0.039607 0.046966 0.0539339 0.0599639 0.0645456 0.0673124 0.0680964 0.0669507 0.0641295 0.0600176 0.0550362 0.0495684 0.0439205 0.0383096 0.0328622 0.0276263 0.0226062 0.0178217 0.0133627 0.00939792
 0.00871331 0.0136405 0.0195975 0.0262934 0.0334942 0.0410054 0.048536 0.0556179 0.0616769 0.0661785 0.068743 0.0692061 0.0676425 0.0643452 0.0597465 0.0543127 0.048459 0.0425049 0.0366644 0.0310579 0.0257376 0.0207263 0.016064 0.0118413 0.00819514
 0.00896794 0.0140373 0.0201634 0.0270437 0.0344333 0.042126 0.0498153 0.0570132 0.0631232 0.0675929 0.0700309 0.0702698 0.0683916 0.0647079 0.0596813 0.0538161 0.047565 0.0412776 0.0351863 0.0294196 0.0240341 0.0190576 0.0145322 0.010537 0.00717677
 0.00905882 0.0141946 0.0204181 0.0274313 0.0349871 0.0428656 0.0507358 0.0580798 0.0642763 0.0687584 0.0711309 0.0712285 0.0691391 0.0651836 0.0598382 0.0536268 0.0470283 0.0404217 0.0340677 0.0281179 0.0226445 0.0176823 0.0132697 0.00946766 0.00634758
