SBPRF35
8.24377
Curr Bio
755360
B35
554270
F35
0.207401
FOFL
0.207401
OFL
142389
Bzero
2.35536e+006
#pred survey bio
 3.84991e+006 3.07428e+006 2.55092e+006 2.11862e+006 1.78789e+006 1.54621e+006 1.34637e+006 1.19344e+006 1.07848e+006 1.01104e+006 941246 848981 773107 704619 635265 613597 595078 560160 539183 528294 505446 487651 481804 497455 516387 534974 566173 606736 625745 622837 617159 588834 519867 534389 561779 582539 580983 577393 571158 543877 537547 565295 581777 588622 601585 609721 562603 542957 661029 764853 2.03498e+007 1.82798e+007 1.79734e+007 1.78317e+007 1.78296e+007 1.7913e+007 1.80358e+007 1.81668e+007 1.8289e+007 1.83948e+007 1.84825e+007 1.85533e+007 1.86093e+007 1.86532e+007 1.86875e+007 1.8714e+007 1.87346e+007 1.87505e+007 1.87628e+007 1.87723e+007 1.87797e+007 1.87854e+007 1.87899e+007 1.87933e+007 1.8796e+007 1.87981e+007 1.87997e+007 1.8801e+007 1.88019e+007 1.88027e+007 1.88033e+007 1.88037e+007 1.88041e+007 1.88044e+007 1.88046e+007 1.88048e+007 1.88049e+007 1.8805e+007 1.88051e+007 1.88051e+007 1.88052e+007 1.88052e+007 1.88053e+007 1.88053e+007 1.88053e+007 1.88053e+007 1.88053e+007 1.88053e+007 1.88053e+007 1.88053e+007 1.88053e+007 1.88053e+007 1.88054e+007 1.88054e+007 1.88054e+007 1.88054e+007 1.88054e+007 1.88054e+007 1.88054e+007 1.88054e+007 1.88054e+007 1.88054e+007 1.88054e+007 1.88054e+007 1.88054e+007 1.88054e+007 1.88054e+007 1.88054e+007 1.88054e+007 1.88054e+007 1.88054e+007 1.88054e+007 1.88054e+007 1.88054e+007 1.88054e+007 1.88054e+007 1.88054e+007 1.88054e+007 1.88054e+007 1.88054e+007 1.88054e+007 1.88054e+007 1.88054e+007 1.88054e+007 1.88054e+007 1.88054e+007 1.88054e+007 1.88054e+007 1.88054e+007 1.88054e+007 1.88054e+007 1.88054e+007 1.88054e+007 1.88054e+007 1.88054e+007 1.88054e+007 1.88054e+007 1.88054e+007 1.88054e+007 1.88054e+007 0 0 0 0 0 0 0 0 0 0 0 0 0 0 0 0 0 0 0 0 0 0 0 0 0
#obs survey bio
 3.96185e+006 2.58517e+006 2.37641e+006 1.96214e+006 1.71318e+006 1.29416e+006 1.63356e+006 874225 1.22659e+006 1.02141e+006 782897 764037 683237 700460 701432 674534 683984 496152 577847 602530 480863 336064 496251 486079 471745 528702 637516 647823 804852 452978 690842 819453 320477 715794 656163 525513 552051 568513 581878 556900 434758 619084 631905 467702 657999 811388 394363 587334 555767 959040
#pred catch bio
 337483 260715 281871 313171 308793 331538 292332 279421 248842 249270 252707 215572 179855 175872 139928 139078 136094 127903 111841 109705 103505 112352 99979.6 93318.4 97351.8 91381.8 92694 95232.2 90780.5 88327.7 92420.9 90699.7 89470.7 86744.3 81862.4 90326 91941.6 94990.2 85064.6 87002.5 86314.6 90930.9 89039.8 89653.8 85521.2 86915.2 124086 38612.4 92264.8 101276 142389 139622 136082 133708 132634 132340 132447 132716 133016 133284 133499 133662 133780 133862 133919 133957 133982 133999 134010 134018 134022 134025 134027 134028 134029 134030 134030 134030 134030 134030 134030 134030 134030 134030 134030 134030 134031 134031 134031 134031 134031 134031 134031 134031 134031 134031 134031 134031 134031 134031 134031 134031 134031 134031 134031 134031 134031 134031 134031 134031 134031 134031 134031 134031 134031 134031 134031 134031 134031 134031 134031 134031 134031 134031 134031 134031 134031 134031 134031 134031 134031 134031 134031 134031 134031 134031 134031 134031 134031 134031 134031 134031 134031 134031 134031 134031 134031 134031 134031 134031 0 0 0 0 0 0 0 0 0 0 0 0 0 0 0 0 0 0 0 0 0 0 0 0 0
#obs catch bio
 236558 260072 281708 313538 308540 333140 291782 279981 249270 249782 253270 215813 179206 176025 139816 139413 135805 128222 111797 109615 103166 112861 100202 93134.8 97434 91299.7 92877.9 95229.2 90651.8 88280.6 92490.3 90405.5 89960.6 86871.8 81717.8 90304.3 91914.7 95188.1 84838.3 87012 86488.4 90977.6 88946.1 89738.7 85530.8 86402.9 125963 38053.7 92963.7 101223
#pred cpue bio
 3.80257e+006 3.03398e+006 2.51486e+006 2.08589e+006 1.75762e+006 1.51761e+006 1.31891e+006 1.16682e+006 1.05198e+006 984081 914196 822622 747705 680649 612771 591559 573547 539728 519248 508753 486755 469594 463695 478888 497363 515276 545429 584733 603354 600849 595610 568356 500756 512559 538021 558298 557020 553688 547791 521859 515669 542261 558245 564934 577283 585282 540261 519975 634420 735150 1.95967e+007 1.76439e+007 1.7314e+007 1.71377e+007 1.71271e+007 1.72092e+007 1.73317e+007 1.74627e+007 1.75849e+007 1.76907e+007 1.77784e+007 1.78492e+007 1.79052e+007 1.79491e+007 1.79834e+007 1.80099e+007 1.80305e+007 1.80464e+007 1.80587e+007 1.80682e+007 1.80756e+007 1.80813e+007 1.80858e+007 1.80892e+007 1.80919e+007 1.8094e+007 1.80956e+007 1.80968e+007 1.80978e+007 1.80986e+007 1.80992e+007 1.80996e+007 1.81e+007 1.81003e+007 1.81005e+007 1.81007e+007 1.81008e+007 1.81009e+007 1.8101e+007 1.8101e+007 1.81011e+007 1.81011e+007 1.81012e+007 1.81012e+007 1.81012e+007 1.81012e+007 1.81012e+007 1.81012e+007 1.81012e+007 1.81012e+007 1.81012e+007 1.81012e+007 1.81013e+007 1.81013e+007 1.81013e+007 1.81013e+007 1.81013e+007 1.81013e+007 1.81013e+007 1.81013e+007 1.81013e+007 1.81013e+007 1.81013e+007 1.81013e+007 1.81013e+007 1.81013e+007 1.81013e+007 1.81013e+007 1.81013e+007 1.81013e+007 1.81013e+007 1.81013e+007 1.81013e+007 1.81013e+007 1.81013e+007 1.81013e+007 1.81013e+007 1.81013e+007 1.81013e+007 1.81013e+007 1.81013e+007 1.81013e+007 1.81013e+007 1.81013e+007 1.81013e+007 1.81013e+007 1.81013e+007 1.81013e+007 1.81013e+007 1.81013e+007 1.81013e+007 1.81013e+007 1.81013e+007 1.81013e+007 1.81013e+007 1.81013e+007 1.81013e+007 1.81013e+007 1.81013e+007 1.81013e+007 0 0 0 0 0 0 0 0 0 0 0 0 0 0 0 0 0 0 0 0 0 0 0 0 0
#obs cpue bio
 2.4285e+006 3.62464e+006 2.904e+006 2.12283e+006 1.89762e+006 1.41078e+006 1.40836e+006 1.34908e+006 834852 967471 1.14588e+006 892930 1.02469e+006 640415 511283 481081 652705 478548 511919 495660 572368 496853 429507 612738 503629 536404 388394 663427 511158 747573 511237 583431 425750 470630 525178 639383 565166 502554 679482 468876 498379 582066 556149 631738 504786 662854 464164 567048 642598 687856
#pred surv len freq
 0.00478537 0.00786298 0.0120051 0.0172375 0.023441 0.0302498 0.0370371 0.0430855 0.047863 0.051194 0.0532167 0.0542136 0.0544673 0.0542036 0.0535946 0.0527825 0.0519015 0.0510735 0.0503473 0.0495819 0.0483457 0.0459657 0.0418047 0.0356693 0.0280709
 0.00511841 0.00836459 0.0126882 0.018094 0.0244525 0.0314009 0.0383174 0.0444751 0.0493103 0.0526038 0.0544628 0.0551758 0.0550738 0.0544551 0.0535539 0.0525339 0.0515001 0.0505077 0.0495356 0.0484114 0.0467439 0.0439695 0.0395851 0.0334866 0.0261798
 0.00531125 0.00870415 0.0132444 0.0189404 0.0256406 0.0329261 0.0400963 0.0463572 0.0511251 0.0542151 0.0557938 0.0561938 0.0557595 0.0547886 0.0535258 0.0521611 0.0508223 0.0495604 0.0483209 0.0468974 0.0449038 0.0418419 0.0373103 0.0312846 0.024275
 0.00543227 0.0089262 0.0136273 0.0195604 0.0265786 0.0342441 0.0418081 0.0484058 0.053377 0.0564787 0.0578576 0.0578739 0.0569362 0.0554154 0.0536124 0.0517482 0.0499617 0.0483032 0.0467085 0.044961 0.0426826 0.0394176 0.0348324 0.0289563 0.0222944
 0.00559616 0.00920562 0.0140731 0.0202317 0.0275349 0.0355305 0.0434388 0.050351 0.0555599 0.0587779 0.0601139 0.059904 0.0585578 0.0564803 0.0540338 0.0515086 0.0490993 0.0468871 0.044818 0.0426794 0.0401085 0.0366852 0.0321225 0.0264759 0.0202261
 0.00574046 0.0094571 0.0144834 0.020861 0.0284409 0.0367508 0.0449728 0.0521535 0.0575492 0.0608517 0.0621614 0.061808 0.0601925 0.0577145 0.0547449 0.0516037 0.0485339 0.0456725 0.0430155 0.0403915 0.0374752 0.0338862 0.0293707 0.0239893 0.0181794
 0.00601734 0.00990708 0.0151607 0.0218166 0.0297141 0.0383547 0.0468777 0.0542797 0.0597754 0.0630374 0.0641711 0.0635283 0.0615373 0.0586191 0.0551545 0.0514662 0.0478043 0.044328 0.0410764 0.0379363 0.0346482 0.0308922 0.0264523 0.0213831 0.016062
 0.00632881 0.0103985 0.0158727 0.0227779 0.030938 0.0398338 0.0485764 0.056131 0.0616875 0.0649073 0.0658982 0.0650218 0.0627197 0.0594262 0.0555341 0.0513738 0.0472005 0.0431837 0.0393887 0.0357526 0.0320863 0.0281422 0.0237517 0.0189664 0.0141021
 0.00661503 0.0108754 0.0166103 0.0238437 0.0323775 0.0416426 0.0506772 0.0583756 0.0638901 0.0668945 0.0675461 0.0662653 0.063538 0.0598211 0.0555111 0.0509321 0.0463299 0.04187 0.0376293 0.0335807 0.0295959 0.0254981 0.0211701 0.0166659 0.0122445
 0.00678207 0.0111524 0.0170385 0.0244684 0.0332429 0.0427805 0.0520914 0.0600273 0.0656925 0.0687198 0.0692458 0.0676991 0.0646004 0.0604552 0.0557037 0.0506945 0.0456784 0.040816 0.0361849 0.0317788 0.0275145 0.0232739 0.0189861 0.0147112 0.0106617
 0.00693921 0.0114181 0.0174572 0.0250872 0.0341014 0.0438946 0.0534393 0.0615462 0.0672906 0.0702949 0.070699 0.0689388 0.0655446 0.0610372 0.0558812 0.0504546 0.0450325 0.0397901 0.0348134 0.0301099 0.0256261 0.0212856 0.0170526 0.0129913 0.00927445
 0.00718377 0.0118129 0.0180459 0.0259083 0.0351799 0.0452299 0.0549914 0.0632307 0.0689888 0.0718762 0.0720454 0.0699624 0.0661931 0.06129 0.05574 0.0499349 0.0441587 0.0385939 0.0333357 0.0284067 0.0237769 0.0193997 0.015262 0.0114257 0.00802721
 0.00737601 0.0121111 0.0184685 0.0264646 0.035871 0.0460502 0.0559272 0.0642568 0.0700671 0.072956 0.0730658 0.0708563 0.0668934 0.0617382 0.0558941 0.0497729 0.043678 0.0378091 0.0322779 0.0271261 0.0223476 0.0179205 0.0138477 0.0101856 0.00703832
 0.00744955 0.0122294 0.018644 0.0267073 0.0361861 0.0464353 0.0563711 0.0647429 0.0705803 0.0734895 0.0736198 0.0714271 0.067461 0.062259 0.0563062 0.0500099 0.0436849 0.0375539 0.0317577 0.0263692 0.0214131 0.0168944 0.0128311 0.0092749 0.00630248
 0.00764062 0.0125294 0.0190748 0.0272802 0.0368974 0.0472612 0.0572628 0.0656286 0.0713779 0.0741271 0.0740552 0.0716561 0.0675108 0.0621712 0.0561158 0.0497309 0.043308 0.0370569 0.0311223 0.0255969 0.0205344 0.0159688 0.0119357 0.00848519 0.00567161
 0.00758574 0.0124493 0.0189721 0.0271648 0.0367868 0.0471783 0.0572341 0.0656798 0.0715288 0.0743844 0.0744076 0.0720749 0.0679567 0.0626038 0.0565004 0.0500395 0.0435157 0.0371389 0.0310569 0.0253749 0.0201694 0.0155014 0.0114273 0.00800201 0.00526625
 0.00758747 0.0124477 0.0189618 0.0271393 0.0367417 0.0471158 0.057166 0.0656273 0.0715168 0.0744346 0.0745316 0.0722716 0.0682121 0.0628939 0.0567954 0.0503078 0.0437274 0.0372674 0.0310807 0.0252817 0.019963 0.015206 0.0110853 0.00766358 0.00497431
 0.00771056 0.0126273 0.0191937 0.0274052 0.037013 0.0473611 0.0573577 0.0657467 0.0715576 0.0744049 0.0744529 0.0721733 0.0681232 0.0628341 0.0567706 0.0503098 0.0437374 0.0372606 0.0310327 0.025174 0.0197895 0.0149769 0.0108261 0.00740805 0.00475311
 0.00779915 0.012773 0.0194145 0.0277149 0.0374133 0.0478319 0.0578517 0.0661952 0.0718893 0.0745703 0.0744405 0.0720095 0.0678586 0.0625256 0.0564659 0.0500389 0.04351 0.0370696 0.0308602 0.0250001 0.0196001 0.0147697 0.0106118 0.00720536 0.00458091
 0.00777981 0.0127369 0.0193529 0.0276198 0.0372833 0.0476788 0.0577032 0.066088 0.0718546 0.0746183 0.0745555 0.0721583 0.0680078 0.0626547 0.0565713 0.0501282 0.0435918 0.0371463 0.0309251 0.025041 0.0196057 0.014736 0.0105453 0.00712107 0.0044965
 0.00782609 0.0128025 0.0194332 0.0277034 0.0373537 0.0477185 0.0576992 0.066037 0.0717663 0.074515 0.0744651 0.0721036 0.0679965 0.0626783 0.0566126 0.0501715 0.043629 0.0371757 0.0309463 0.0250512 0.0195996 0.0147098 0.0105006 0.00706528 0.00443997
 0.00779825 0.0127689 0.0194036 0.0276926 0.0373752 0.0477765 0.0577822 0.06612 0.0718207 0.0745217 0.0744232 0.0720306 0.0679194 0.0626218 0.0565894 0.0501801 0.0436588 0.0372135 0.0309818 0.0250772 0.0196117 0.0147062 0.0104822 0.00703663 0.0044079
 0.00783282 0.0128338 0.0195172 0.0278769 0.0376503 0.0481505 0.0582417 0.0666253 0.0723103 0.0749241 0.0746751 0.0720934 0.0677908 0.0623355 0.056203 0.0497562 0.0432478 0.0368463 0.0306708 0.0248226 0.019408 0.0145458 0.0103582 0.00694324 0.00434041
 0.0079036 0.0129102 0.0195627 0.0278387 0.0374799 0.0478333 0.0578177 0.0661848 0.0719617 0.0747518 0.074708 0.0723007 0.0681014 0.0626685 0.056495 0.0499754 0.0433929 0.0369341 0.030722 0.0248529 0.0194255 0.0145537 0.010358 0.00693692 0.00433079
 0.00795826 0.0129861 0.0196508 0.0279168 0.037512 0.0477735 0.057621 0.0658258 0.071457 0.074172 0.0741661 0.0719151 0.0679494 0.0627593 0.0567739 0.0503551 0.0437895 0.0372909 0.0310137 0.0250771 0.0195905 0.0146699 0.0104353 0.00698426 0.00435664
 0.00805275 0.0131304 0.0198497 0.0281663 0.0377971 0.0480661 0.057879 0.0659955 0.0714835 0.0740181 0.0738322 0.0714499 0.0674423 0.0623121 0.056465 0.0502137 0.0437942 0.0373888 0.0311483 0.0252071 0.0196952 0.0147447 0.0104837 0.00701271 0.00437149
 0.00802876 0.0130939 0.0197997 0.0281039 0.0377256 0.0479906 0.0578052 0.0659282 0.0714231 0.0739579 0.0737591 0.0713507 0.0673144 0.0621725 0.0563495 0.0501633 0.0438351 0.0375198 0.0313415 0.025422 0.0198953 0.0149076 0.0106024 0.00709111 0.00441859
 0.00797075 0.0130006 0.0196617 0.0279144 0.0374835 0.0477044 0.0574961 0.0656284 0.0711694 0.0737805 0.0736729 0.0713514 0.0673825 0.0622828 0.0564828 0.0503137 0.044009 0.0377254 0.0315777 0.0256736 0.0201379 0.0151178 0.010766 0.00720568 0.00449104
 0.00797725 0.012997 0.0196303 0.0278305 0.0373225 0.0474526 0.0571604 0.0652388 0.0707725 0.0734278 0.0734084 0.0712032 0.067358 0.0623697 0.0566549 0.0505408 0.044266 0.0379965 0.0318538 0.0259458 0.0203933 0.0153413 0.0109454 0.00733645 0.00457708
 0.00795591 0.0129616 0.0195747 0.027747 0.0372007 0.0472802 0.0569264 0.0649393 0.0704178 0.0730469 0.0730469 0.070913 0.0671833 0.0623339 0.056756 0.0507551 0.0445578 0.0383291 0.0321962 0.026275 0.0206924 0.0155972 0.0111495 0.00748643 0.00467754
 0.00787838 0.0128465 0.0194219 0.0275631 0.0369969 0.047068 0.056714 0.0647303 0.0702122 0.0728439 0.0728495 0.070733 0.0670428 0.062261 0.0567753 0.0508774 0.0447755 0.0386179 0.0325235 0.0266075 0.0210025 0.0158651 0.0113641 0.00764496 0.00478469
 0.00850909 0.0137285 0.0204849 0.0286539 0.0379252 0.0476779 0.0569397 0.0646039 0.0698262 0.0723 0.0722249 0.0700737 0.066377 0.0616146 0.0561797 0.0503667 0.0443772 0.0383443 0.0323681 0.0265488 0.0210109 0.0159112 0.0114236 0.00770115 0.00482898
 0.00938034 0.0150804 0.0223896 0.0311099 0.0408296 0.0508038 0.0599354 0.067047 0.0713392 0.0726794 0.0715056 0.0684896 0.0642508 0.0592499 0.0538044 0.0481294 0.0423681 0.0366152 0.0309425 0.0254255 0.0201679 0.0153109 0.0110199 0.00744642 0.0046792
 0.00914049 0.0148833 0.0224451 0.0317209 0.042298 0.0532855 0.0633188 0.0709314 0.0751353 0.0757814 0.0734557 0.069078 0.0635322 0.0574872 0.0513678 0.0453917 0.0396327 0.0340904 0.0287491 0.0236179 0.0187531 0.014262 0.0102871 0.00696717 0.00438778
 0.00892099 0.014497 0.021824 0.0308226 0.0411632 0.0521006 0.0624309 0.0707644 0.0760126 0.0777424 0.0761854 0.0720068 0.0660508 0.0591572 0.0520286 0.0451437 0.0387369 0.0328518 0.0274308 0.0224023 0.0177394 0.013484 0.00973413 0.006603 0.00416635
 0.00879465 0.0142814 0.0214786 0.0302992 0.0404141 0.0510995 0.0612075 0.0694432 0.0748305 0.0770151 0.0762078 0.0729176 0.0677356 0.0612607 0.0540859 0.0467563 0.0397002 0.0331771 0.0272792 0.021986 0.017244 0.0130312 0.00938094 0.00635896 0.00401466
 0.00874422 0.0142069 0.0213791 0.0301742 0.040258 0.050894 0.0609197 0.0690356 0.0742856 0.0763688 0.075574 0.0724776 0.0676793 0.0616954 0.0549634 0.0478724 0.0407765 0.0339786 0.0276983 0.0220528 0.0170753 0.0127615 0.00911264 0.00614602 0.00387036
 0.0086713 0.0140996 0.0212385 0.0300094 0.0400835 0.050725 0.0607664 0.0688973 0.0741476 0.0762056 0.0753644 0.0722291 0.0674474 0.0615782 0.0550603 0.0482252 0.0413311 0.0345993 0.0282302 0.0223915 0.0172012 0.0127258 0.00899473 0.00601416 0.00376324
 0.00867729 0.0141022 0.0212297 0.0299786 0.0400217 0.0506309 0.0606499 0.0687771 0.0740425 0.0761235 0.0752969 0.0721564 0.067354 0.0614712 0.0549775 0.0482222 0.0414489 0.0348332 0.0285234 0.0226623 0.0173844 0.0128002 0.00898214 0.0059563 0.0036977
 0.00875212 0.0141962 0.0213204 0.0300281 0.0399875 0.0504833 0.0603864 0.0684273 0.0736592 0.0757675 0.0750191 0.0719853 0.0672915 0.0614981 0.0550689 0.0483621 0.0416351 0.0350668 0.0287927 0.0229354 0.0176197 0.0129664 0.00907214 0.00598594 0.00369287
 0.00874698 0.0142132 0.0213903 0.0301888 0.0402662 0.0508722 0.0608289 0.0688269 0.0739146 0.0758142 0.0748542 0.0716622 0.0668914 0.0610982 0.054722 0.0480939 0.0414519 0.0349652 0.0287626 0.0229586 0.0176705 0.0130179 0.00910573 0.00599657 0.00368654
 0.00863781 0.0140505 0.0211747 0.0299358 0.0400074 0.0506541 0.0607045 0.0688399 0.0740776 0.0760939 0.0751767 0.0719418 0.0670669 0.0611552 0.0546887 0.0480189 0.0413806 0.034926 0.0287651 0.0229976 0.0177313 0.0130823 0.00915883 0.00603095 0.00370297
 0.00869163 0.0141097 0.0212124 0.0299121 0.0398835 0.0504133 0.0603693 0.0684728 0.0737626 0.0759061 0.0751547 0.0720745 0.0673 0.0614152 0.0549129 0.0481759 0.0414735 0.0349791 0.0288056 0.0230431 0.0177857 0.0131399 0.00921018 0.00606937 0.00372678
 0.00877966 0.0142396 0.0213818 0.0301056 0.040072 0.0505558 0.0604193 0.0683921 0.0735395 0.0755702 0.0747754 0.0717382 0.0670763 0.0613308 0.0549472 0.0482793 0.0415945 0.0350848 0.0288866 0.0231051 0.0178377 0.0131866 0.00925114 0.00610176 0.00374903
 0.00872726 0.0141793 0.0213364 0.0301093 0.0401582 0.0507386 0.0606792 0.0686748 0.0737723 0.075688 0.0747448 0.0715698 0.066821 0.0610591 0.0547223 0.0481354 0.0415312 0.0350786 0.0289086 0.0231346 0.0178657 0.0132113 0.00927253 0.00611945 0.00376222
 0.00861371 0.0139984 0.0210733 0.0297586 0.0397318 0.0502738 0.0602402 0.0683403 0.0736081 0.0757179 0.0749385 0.0718579 0.0671276 0.0613328 0.0549491 0.0483299 0.0417163 0.0352675 0.0290991 0.0233145 0.0180219 0.0133362 0.00936534 0.00618373 0.00380359
 0.00883434 0.0142978 0.0214141 0.0300692 0.0399262 0.0502844 0.0600462 0.0679765 0.0731526 0.0752656 0.0745725 0.0716267 0.0670353 0.0613469 0.055021 0.0484185 0.0418011 0.0353464 0.0291776 0.0233951 0.0181013 0.0134078 0.00942367 0.00622668 0.00383228
 0.00909738 0.0147866 0.0222548 0.0313953 0.0418202 0.0526986 0.0627497 0.0705798 0.0752204 0.0764647 0.0747734 0.0709129 0.0656344 0.0595355 0.0530491 0.0464722 0.0399996 0.0337572 0.0278338 0.0223067 0.01726 0.0127903 0.00899563 0.00594821 0.00366346
 0.00849741 0.01381 0.0207952 0.0293865 0.0392891 0.0498252 0.0598921 0.0682138 0.0737885 0.0762054 0.0756355 0.0726049 0.0677659 0.0617589 0.0551341 0.0483078 0.0415561 0.0350453 0.0288781 0.0231345 0.0178981 0.013265 0.00933291 0.00617455 0.00380523
 0.00817079 0.013333 0.020173 0.0286476 0.0384636 0.0489211 0.058894 0.0671176 0.0726552 0.0751905 0.0749556 0.0724475 0.0681969 0.0626886 0.0563632 0.0496152 0.0427727 0.0360816 0.0297112 0.0237788 0.0183816 0.0136166 0.00957885 0.0063381 0.00390733
#obs surv len freq
 0.00496696 0.00813542 0.0123737 0.0176952 0.0239738 0.0308446 0.0376832 0.0437676 0.0485483 0.0518243 0.0537128 0.0544972 0.0544951 0.0540023 0.0532789 0.052539 0.0519288 0.051484 0.0510666 0.0503076 0.0486245 0.0453863 0.0402158 0.0332818 0.0253663
 0.00518826 0.00849663 0.01292 0.0184697 0.0250092 0.0321506 0.0392328 0.0454924 0.0503477 0.0535836 0.0553216 0.0558582 0.0555263 0.0546354 0.0534591 0.0522285 0.0511135 0.0501826 0.049338 0.0482541 0.0463895 0.0431419 0.0381386 0.0315187 0.0240031
 0.00540341 0.00885263 0.0134675 0.0192597 0.0260836 0.0335259 0.0408844 0.0473484 0.0522996 0.0555075 0.0570975 0.0573813 0.0567099 0.0554096 0.0537676 0.0520274 0.0503741 0.0489007 0.0475485 0.0460461 0.0439126 0.0405957 0.0357407 0.0294586 0.022397
 0.00563797 0.00923409 0.0140423 0.0200723 0.0271697 0.0349006 0.0425287 0.0492025 0.0542683 0.057475 0.0589441 0.0589958 0.0579963 0.0562895 0.0541794 0.0519231 0.0497184 0.0476774 0.0457752 0.0437951 0.0413265 0.0378833 0.0331447 0.0272001 0.0206198
 0.0058759 0.00962487 0.0146376 0.0209224 0.0283131 0.0363486 0.0442501 0.0511198 0.0562707 0.0594417 0.0607634 0.0605727 0.0592514 0.0571553 0.0545977 0.0518435 0.0491002 0.0464948 0.0440331 0.041551 0.0387109 0.0351022 0.0304498 0.0248305 0.0187389
 0.00612382 0.0100309 0.0152543 0.0218007 0.0294926 0.0378421 0.0460273 0.0531008 0.0583372 0.0614594 0.0626054 0.0621341 0.0604542 0.0579447 0.0549346 0.0516963 0.0484393 0.0452974 0.0422982 0.0393238 0.036108 0.0323187 0.0277337 0.0224253 0.0168173
 0.0063651 0.0104265 0.0158558 0.0226583 0.0306455 0.0393029 0.0477662 0.0550404 0.0603621 0.0634388 0.0644134 0.0636636 0.061622 0.0586924 0.0552251 0.0515069 0.0477544 0.0441069 0.0406064 0.0371727 0.0336017 0.0296357 0.0251069 0.0200888 0.0149416
 0.00661876 0.0108421 0.0164872 0.023557 0.0318501 0.0408226 0.0495639 0.0570276 0.0624121 0.0654115 0.0661797 0.0651186 0.0626894 0.0593229 0.0553914 0.0511973 0.0469666 0.0428448 0.0388867 0.0350418 0.0311587 0.0270444 0.022581 0.0178449 0.013139
 0.00684277 0.0112116 0.0170531 0.02437 0.0329504 0.0422238 0.0512365 0.0588925 0.0643517 0.0672917 0.0678722 0.0665159 0.0637113 0.0599175 0.055532 0.0508762 0.0461884 0.0416229 0.0372471 0.0330362 0.0288828 0.0246482 0.0202561 0.0157843 0.0114849
 0.00707864 0.0115962 0.0176338 0.0251915 0.0340456 0.0435996 0.0528598 0.0606845 0.0661983 0.0690644 0.0694494 0.0677963 0.0646201 0.0604075 0.0555814 0.0504834 0.0453659 0.0403933 0.0356456 0.0311201 0.0267456 0.0224276 0.0181223 0.0139058 0.0099834
 0.00729269 0.0119488 0.018173 0.0259636 0.0350853 0.0449138 0.0544119 0.0623909 0.0679412 0.070716 0.0708944 0.0689439 0.0654072 0.0607968 0.055558 0.0500504 0.0445398 0.0392015 0.0341281 0.0293366 0.0247864 0.0204175 0.0162103 0.0122357 0.0086561
 0.00743779 0.0121916 0.0185513 0.0265178 0.0358502 0.0459068 0.0556189 0.0637603 0.0693892 0.0721409 0.0721923 0.0700224 0.0661936 0.0612425 0.0556382 0.0497611 0.0438927 0.0382214 0.0328534 0.0278251 0.0231218 0.0187116 0.0145923 0.0108269 0.00753987
 0.00751545 0.0123177 0.0187416 0.0267891 0.0362203 0.0463923 0.0562315 0.0645013 0.0702444 0.0730771 0.0731572 0.0709477 0.0670032 0.0618629 0.0560085 0.0498392 0.0436589 0.0376776 0.0320236 0.0267569 0.0218891 0.0174132 0.0133407 0.00972694 0.00666362
 0.00759911 0.0124463 0.0189215 0.0270219 0.0365037 0.0467223 0.0566035 0.0649115 0.0706906 0.0735591 0.073673 0.071487 0.0675404 0.062355 0.0563993 0.0500695 0.0436779 0.0374536 0.0315509 0.02606 0.0210233 0.0164608 0.0123982 0.00888527 0.00598659
 0.00766081 0.0125416 0.0190555 0.0271953 0.0367129 0.0469589 0.0568553 0.0651644 0.0709341 0.0737905 0.0738999 0.0717234 0.0677975 0.0626311 0.0566734 0.0503012 0.0438151 0.0374455 0.0313623 0.0256838 0.0204863 0.0158211 0.0117333 0.0082728 0.00548398
 0.00771366 0.0126208 0.0191622 0.0273263 0.0368613 0.0471161 0.0570127 0.065314 0.0710692 0.0739084 0.0740028 0.0718194 0.0678989 0.0627491 0.0568111 0.0504471 0.0439408 0.0375103 0.0313247 0.0255166 0.0201891 0.0154243 0.0112911 0.00784648 0.00512333
 0.00776629 0.012701 0.0192726 0.0274649 0.0370218 0.0472876 0.057181 0.0654634 0.0711861 0.0739856 0.0740416 0.0718296 0.0678945 0.0627454 0.0568198 0.0504724 0.0439752 0.0375332 0.0313067 0.0254294 0.0200185 0.0151787 0.0110012 0.00755472 0.00486854
 0.00780845 0.0127649 0.0193599 0.0275739 0.0371472 0.0474218 0.057314 0.065584 0.0712835 0.0740514 0.0740729 0.071829 0.0678706 0.0627095 0.0567841 0.0504459 0.0439604 0.0375235 0.0312863 0.0253782 0.0199207 0.0150317 0.0108191 0.00736349 0.00469567
 0.00786192 0.0128471 0.0194745 0.0277207 0.0373211 0.0476131 0.057508 0.0657622 0.0714272 0.0741461 0.0741118 0.0718134 0.0678089 0.0626147 0.0566711 0.0503291 0.0438508 0.0374257 0.0311971 0.0252877 0.0198177 0.0149102 0.0106829 0.00722539 0.00457167
 0.00789284 0.0128973 0.0195497 0.0278255 0.0374575 0.0477779 0.0576913 0.0659473 0.0715941 0.0742762 0.0741919 0.0718384 0.0677808 0.0625414 0.0565645 0.0502031 0.0437187 0.0372979 0.0310786 0.0251778 0.0197116 0.0148038 0.010576 0.00712329 0.0044824
 0.00787852 0.0128742 0.0195159 0.0277801 0.0374025 0.0477193 0.0576397 0.0659164 0.0715959 0.0743164 0.0742671 0.0719367 0.0678858 0.0626375 0.0566403 0.0502535 0.0437443 0.0373029 0.0310681 0.0251555 0.019679 0.0147615 0.0105261 0.00707028 0.00443258
 0.00791678 0.0129258 0.019574 0.0278318 0.0374326 0.0477161 0.0576005 0.0658488 0.0715156 0.0742424 0.0742162 0.0719189 0.0679024 0.0626808 0.0566972 0.0503098 0.0437892 0.0373308 0.0310783 0.0251501 0.0196611 0.0147341 0.0104926 0.00703475 0.0043993
 0.00790602 0.0129138 0.0195654 0.0278328 0.0374471 0.0477417 0.0576257 0.0658567 0.0714918 0.0741836 0.0741341 0.0718357 0.0678414 0.0626574 0.0567143 0.0503589 0.0438552 0.0373981 0.0311351 0.0251902 0.0196832 0.0147403 0.0104867 0.00702146 0.00438341
 0.00789546 0.0128892 0.0195152 0.0277439 0.0373102 0.0475588 0.0574147 0.0656482 0.0713179 0.0740658 0.0740775 0.0718334 0.0678832 0.0627365 0.0568269 0.0505006 0.0440169 0.037566 0.0312937 0.0253266 0.0197898 0.0148155 0.0105337 0.00704657 0.00439378
 0.0078911 0.0128813 0.0195015 0.0277202 0.0372701 0.0474937 0.0573162 0.0655123 0.0711506 0.0738858 0.0739122 0.0717104 0.0678205 0.0627381 0.0568859 0.0506043 0.0441514 0.0377173 0.0314477 0.0254696 0.019911 0.0149086 0.0105983 0.00708648 0.00441534
 0.00787089 0.0128473 0.0194483 0.0276427 0.0371648 0.0473609 0.0571614 0.0653457 0.0709844 0.0737312 0.0737794 0.0716099 0.0677638 0.0627355 0.0569422 0.0507158 0.0443064 0.0378989 0.0316376 0.0256508 0.0200699 0.0150367 0.0106926 0.00714954 0.00445334
 0.00785453 0.0128195 0.0194041 0.0275768 0.0370725 0.0472402 0.0570149 0.0651816 0.0708154 0.0735723 0.0736447 0.0715102 0.0677065 0.0627248 0.0569802 0.0508017 0.0444353 0.0380606 0.0318173 0.0258315 0.0202358 0.0151759 0.0107994 0.00722406 0.00450041
 0.00782743 0.0127759 0.0193397 0.0274876 0.0369563 0.0470976 0.0568506 0.0650047 0.070639 0.0734107 0.0735117 0.0714169 0.0676603 0.062729 0.0570339 0.0509012 0.0445739 0.0382291 0.0320036 0.0260209 0.0204133 0.0153289 0.01092 0.00731076 0.00455693
 0.00781207 0.0127455 0.0192841 0.0273947 0.0368157 0.0469059 0.056616 0.0647475 0.0703864 0.0731899 0.0733436 0.0713137 0.067626 0.0627615 0.0571266 0.0510446 0.0447567 0.0384386 0.032226 0.0262419 0.0206183 0.0155056 0.0110607 0.00741335 0.00462503
 0.00777632 0.0126902 0.0192058 0.0272912 0.0366853 0.0467472 0.0564286 0.0645347 0.0701581 0.0729636 0.0731429 0.0711631 0.0675444 0.0627577 0.057199 0.0511829 0.0449458 0.0386614 0.0324649 0.0264796 0.0208392 0.0156969 0.0112139 0.00752622 0.0047009
 0.00774211 0.0126315 0.0191122 0.0271521 0.0364937 0.0465045 0.0561481 0.0642404 0.0698786 0.0727241 0.0729601 0.0710461 0.067498 0.0627845 0.0572985 0.0513495 0.0451678 0.0389216 0.0327434 0.026756 0.0210949 0.0159173 0.0113903 0.0076562 0.00478858
 0.00931977 0.0148388 0.0217733 0.0298827 0.0388115 0.0480072 0.0566553 0.0638213 0.0687722 0.0712196 0.0713071 0.0694188 0.065999 0.0614647 0.0561769 0.0504272 0.0444356 0.0383637 0.0323384 0.026479 0.0209187 0.0158152 0.011338 0.00763398 0.00478199
 0.00931989 0.0151278 0.0227171 0.0319327 0.0423077 0.0529115 0.0623827 0.0693351 0.0729509 0.0732992 0.0711335 0.0673907 0.0627953 0.0577554 0.0524564 0.0469865 0.0414113 0.0358006 0.0302342 0.0248075 0.0196403 0.01488 0.010689 0.00721049 0.0045244
 0.00898665 0.0146075 0.0219953 0.0310658 0.0414735 0.0524413 0.0627188 0.0708707 0.0757899 0.0770799 0.0750761 0.0705909 0.0646003 0.0579897 0.0513892 0.0451165 0.039235 0.0336786 0.0283681 0.0232779 0.0184549 0.0140088 0.0100839 0.0068159 0.00428475
 0.00879973 0.0142959 0.0215129 0.0303692 0.0405399 0.0513008 0.0614947 0.0698046 0.0752186 0.0773407 0.0763531 0.0727748 0.0672613 0.0605173 0.0532374 0.0460107 0.0392251 0.0330361 0.0274246 0.0223018 0.0176057 0.0133499 0.0096163 0.00650953 0.00409929
 0.0087461 0.0141975 0.0213435 0.0300951 0.0401253 0.0507187 0.0607419 0.0689191 0.0742957 0.0765417 0.0758909 0.0728592 0.0680065 0.0618546 0.0548969 0.0476095 0.0404219 0.033662 0.0275141 0.0220262 0.0171688 0.0129096 0.00925774 0.00625679 0.0039406
 0.00871376 0.014148 0.0212736 0.0300011 0.0400001 0.0505483 0.060505 0.0685925 0.0738665 0.0760242 0.0753436 0.0723909 0.067759 0.0619557 0.0553957 0.0484298 0.0413727 0.0345121 0.02809 0.0222741 0.0171479 0.0127361 0.00904229 0.0060694 0.00380765
 0.00869127 0.0141108 0.0212166 0.0299198 0.0398919 0.0504137 0.0603483 0.0684184 0.0736757 0.0758115 0.0751026 0.0721279 0.0675081 0.0617833 0.0553825 0.0486319 0.0417821 0.0350443 0.028615 0.0226744 0.0173674 0.0127902 0.00899117 0.00597868 0.00372237
 0.00869279 0.0141091 0.0212064 0.0298935 0.0398413 0.0503334 0.060238 0.0682838 0.0735267 0.0756581 0.0749514 0.0719809 0.0673674 0.0616594 0.0553016 0.0486323 0.0418958 0.0352732 0.0289187 0.0229828 0.0176129 0.0129371 0.00904456 0.00597033 0.00368834
 0.00867546 0.0140843 0.021175 0.0298578 0.0398033 0.050293 0.0601917 0.0682263 0.0734537 0.0755693 0.0748518 0.0718786 0.0672711 0.0615765 0.0552407 0.0486065 0.041922 0.035364 0.0290709 0.0231714 0.0177983 0.0130834 0.00913423 0.00600815 0.00369242
 0.0086731 0.0140804 0.0211692 0.02985 0.0397941 0.0502835 0.0601835 0.0682201 0.0734477 0.0755587 0.0748296 0.0718395 0.0672137 0.0615056 0.0551662 0.0485416 0.0418813 0.0353604 0.0291106 0.0232488 0.017896 0.0131779 0.00920675 0.00605134 0.00371039
 0.00866847 0.0140727 0.0211573 0.0298327 0.0397709 0.0502548 0.0601512 0.0681876 0.0734193 0.0755378 0.0748173 0.0718332 0.0672086 0.0614966 0.0551506 0.0485217 0.0418641 0.0353556 0.0291265 0.0232881 0.0179534 0.0132415 0.00926341 0.00609241 0.00373421
 0.00865633 0.014054 0.0211311 0.0297989 0.03973 0.0502084 0.0601019 0.0681389 0.0733756 0.0755035 0.0747962 0.0718272 0.0672169 0.0615153 0.0551747 0.0485463 0.0418871 0.0353787 0.0291539 0.0233236 0.0179971 0.0132893 0.00930837 0.00612833 0.00375837
 0.00865574 0.0140522 0.0211267 0.0297903 0.0397156 0.0501874 0.0600748 0.0681078 0.0733433 0.0754732 0.0747704 0.071808 0.0672058 0.0615131 0.0551807 0.0485584 0.0419031 0.0353969 0.0291744 0.0233474 0.018025 0.0133199 0.00933844 0.00615407 0.0037773
 0.00863069 0.0140157 0.0210796 0.0297361 0.0396591 0.0501334 0.0600264 0.0680668 0.0733107 0.0754499 0.0747578 0.0718073 0.0672175 0.0615363 0.0552137 0.0485985 0.0419471 0.035442 0.0292184 0.0233891 0.0180639 0.0133555 0.0093695 0.00617923 0.00379571
 0.00863119 0.014012 0.0210661 0.0297055 0.0396055 0.0500558 0.0599319 0.0679691 0.0732258 0.0753899 0.0747278 0.0718054 0.0672381 0.0615733 0.0552617 0.0486535 0.0420056 0.0355009 0.0292749 0.0234412 0.0181102 0.0133951 0.0094019 0.00620419 0.00381348
 0.00863119 0.014012 0.0210661 0.0297055 0.0396055 0.0500558 0.0599319 0.0679691 0.0732258 0.0753899 0.0747278 0.0718054 0.0672381 0.0615733 0.0552617 0.0486535 0.0420056 0.0355009 0.0292749 0.0234412 0.0181102 0.0133951 0.0094019 0.00620419 0.00381348
 0.00901388 0.014617 0.0219414 0.030875 0.0410542 0.051712 0.0616557 0.069564 0.0744814 0.0761398 0.0748934 0.0714066 0.0663721 0.0603798 0.0538895 0.0472363 0.0406484 0.0342758 0.0282236 0.0225805 0.0174383 0.012897 0.00905354 0.0059761 0.00367481
 0.00823229 0.0134245 0.0202974 0.0288083 0.0386711 0.0491972 0.0592655 0.0675957 0.0732081 0.0757315 0.0753647 0.0726221 0.0681007 0.0623667 0.0559132 0.0491383 0.0423366 0.0357119 0.0294043 0.0235215 0.0181635 0.013434 0.00943217 0.00622782 0.00383103
 0.00848489 0.013733 0.0205741 0.0289119 0.0384489 0.0485517 0.0582094 0.066263 0.0718151 0.0745108 0.0745041 0.0722258 0.0681783 0.0628447 0.0566638 0.0500176 0.0432191 0.0365108 0.0300753 0.0240538 0.0185667 0.0137267 0.00963531 0.00636152 0.00391364
#pred catch len freq
 0.00365086 0.00592588 0.00893568 0.0127188 0.017296 0.0226135 0.0284777 0.0345562 0.0404521 0.0457906 0.0502739 0.0537148 0.0560586 0.05738 0.0578508 0.0576982 0.0571724 0.0565064 0.0558321 0.055046 0.0537018 0.0510696 0.0464508 0.039635 0.0311923
 0.00392005 0.00633097 0.00948749 0.0134132 0.018125 0.0235778 0.0295873 0.0358134 0.0418244 0.0471929 0.0515786 0.0547898 0.0568155 0.0578036 0.0579921 0.0576337 0.0569501 0.0561053 0.0551567 0.0539681 0.0521373 0.0490541 0.0441669 0.037364 0.0292116
 0.00412934 0.00668171 0.010033 0.0142051 0.0191974 0.0249262 0.0311547 0.0374977 0.0435079 0.0487753 0.0529886 0.0559717 0.0577114 0.0583553 0.0581628 0.057427 0.0564032 0.0552547 0.0540035 0.0524752 0.0502722 0.0468554 0.041785 0.035038 0.0271878
 0.00430512 0.00697795 0.0105007 0.0149048 0.0201936 0.0262736 0.0328746 0.0395533 0.0457896 0.0511068 0.0551595 0.0577862 0.0590302 0.0591118 0.05835 0.0570742 0.0555569 0.0539652 0.0523139 0.0504187 0.047891 0.0442384 0.0390965 0.0325023 0.0250251
 0.00449817 0.00729433 0.0109836 0.0156014 0.0211533 0.0275409 0.0344775 0.0414885 0.0480088 0.0535076 0.0575827 0.0600293 0.0608795 0.0603855 0.0589344 0.0569357 0.0547276 0.0525159 0.0503296 0.0479904 0.0451267 0.041286 0.0361551 0.0298009 0.0227667
 0.00471063 0.00764178 0.0115114 0.0163559 0.022177 0.0288626 0.0361006 0.0433828 0.0501115 0.0557293 0.0598128 0.0621376 0.0627179 0.0617965 0.0597705 0.0570852 0.0541361 0.0511935 0.048344 0.0454561 0.0422009 0.03817 0.0330876 0.0270264 0.0204814
 0.00497149 0.00805954 0.0121298 0.0172156 0.0233127 0.030297 0.0378323 0.0453746 0.0522856 0.0579728 0.0619927 0.0641184 0.0643764 0.0630268 0.0604805 0.0571927 0.0535748 0.0499293 0.0463955 0.0429098 0.0392173 0.0349767 0.0299536 0.0242147 0.0181894
 0.00529298 0.00856057 0.0128448 0.0181653 0.0245057 0.0317303 0.0394879 0.0472129 0.054242 0.0599604 0.0639084 0.0658518 0.0658202 0.0640856 0.0610749 0.0572577 0.0530565 0.0487894 0.0446287 0.0405689 0.0364348 0.0319667 0.0269833 0.0215482 0.0160221
 0.00555577 0.00899098 0.0134981 0.0190942 0.0257489 0.0332955 0.0413349 0.0492495 0.0563396 0.0619811 0.06573 0.0673794 0.066986 0.0648425 0.0613882 0.0570974 0.0523938 0.0475995 0.0429052 0.0383485 0.0338238 0.0291509 0.0242066 0.0190576 0.0140021
 0.00575831 0.00931677 0.0139839 0.019777 0.0266653 0.0344763 0.0427928 0.0509624 0.0582373 0.0639439 0.067604 0.069007 0.0682391 0.0656424 0.0617045 0.0569302 0.0517523 0.0464913 0.0413414 0.0363658 0.0315111 0.0266645 0.0217557 0.0168584 0.0122182
 0.00597333 0.00966404 0.0145026 0.0205029 0.0276256 0.0356807 0.0442238 0.052571 0.0599472 0.0656612 0.0692254 0.0704249 0.0693489 0.0663552 0.0619618 0.0567102 0.0510643 0.045363 0.0398116 0.0344897 0.0293781 0.0244116 0.0195605 0.014903 0.0106396
 0.00617975 0.00999513 0.0149936 0.0211862 0.0285279 0.0368168 0.0455854 0.0541166 0.0615989 0.0673114 0.0707526 0.0717135 0.0703056 0.0669175 0.0620969 0.0564099 0.0503398 0.0442418 0.0383369 0.0327252 0.0274158 0.0223781 0.0176086 0.0131837 0.00926257
 0.0063158 0.0102062 0.0152936 0.0215853 0.0290355 0.0374448 0.0463478 0.055022 0.0626402 0.0684558 0.071937 0.072849 0.0712909 0.0676573 0.0625168 0.0564643 0.0500119 0.0435406 0.0372948 0.0313993 0.0258923 0.0207724 0.0160548 0.0118102 0.00816127
 0.00643402 0.0103904 0.0155557 0.0219306 0.0294619 0.0379426 0.0469003 0.0556095 0.0632469 0.069075 0.0725691 0.0734899 0.0719183 0.0682229 0.0629522 0.0566961 0.0499792 0.0432082 0.03666 0.0304951 0.024787 0.0195655 0.0148631 0.0107448 0.00730162
 0.00653465 0.0105504 0.0157901 0.0222516 0.0298771 0.0384523 0.0474926 0.056257 0.0639078 0.0697009 0.073117 0.0739331 0.0722497 0.0684483 0.0630755 0.0567064 0.0498488 0.0429024 0.0361543 0.0297914 0.023923 0.0186131 0.0139155 0.00989366 0.00661338
 0.00650162 0.0105034 0.0157325 0.0221921 0.0298303 0.0384371 0.0475302 0.0563684 0.0641091 0.0699974 0.0734982 0.0743726 0.0727104 0.0688907 0.0634646 0.0570126 0.0500443 0.0429583 0.0360451 0.0295057 0.023476 0.0180518 0.0133106 0.00932182 0.00613515
 0.00651311 0.0105174 0.0157453 0.0221982 0.0298251 0.0384205 0.0475101 0.0563604 0.0641332 0.0700727 0.0736374 0.0745779 0.0729717 0.0691865 0.063765 0.0572844 0.0502544 0.0430765 0.0360464 0.0293758 0.0232187 0.0176947 0.0129027 0.00892107 0.00579083
 0.00662212 0.0106762 0.0159496 0.0224315 0.0300617 0.0386328 0.0476748 0.0564626 0.0641694 0.0700521 0.0735808 0.0745125 0.0729235 0.0691724 0.0637881 0.0573332 0.0503062 0.0431028 0.0360189 0.0292734 0.0230348 0.0174416 0.0126109 0.00863035 0.00553766
 0.00665281 0.0107313 0.0160415 0.0225726 0.0302594 0.0388815 0.0479511 0.0567276 0.0643799 0.0701755 0.0736059 0.0744522 0.0728074 0.0690363 0.0636628 0.0572367 0.0502401 0.0430535 0.0359639 0.0291898 0.0229077 0.0172709 0.012412 0.00842869 0.00535896
 0.00663812 0.0107041 0.0159953 0.0225021 0.0301647 0.0387735 0.0478526 0.0566679 0.0643821 0.0702439 0.0737231 0.0745873 0.0729317 0.0691348 0.063737 0.0572977 0.0502986 0.0431118 0.036014 0.0292167 0.0228979 0.0172191 0.0123254 0.00832413 0.00525645
 0.00667065 0.0107493 0.0160487 0.0225538 0.0302005 0.0387788 0.0478176 0.0565925 0.0642788 0.0701374 0.0736424 0.0745539 0.0729501 0.0691923 0.063812 0.0573718 0.0503624 0.0431636 0.0360535 0.0292406 0.0229002 0.0171958 0.0122783 0.00826237 0.00519254
 0.00670824 0.0108129 0.0161481 0.0226971 0.0303896 0.0390029 0.0480496 0.0567923 0.0644054 0.0701644 0.073569 0.0744048 0.0727653 0.0690109 0.0636598 0.0572568 0.0502796 0.0431028 0.0360049 0.029197 0.0228561 0.0171475 0.0122253 0.00820777 0.00514183
 0.00668151 0.0107827 0.0161279 0.0227093 0.0304613 0.0391583 0.0482998 0.0571271 0.0647896 0.0705409 0.0738715 0.074578 0.0727836 0.0688864 0.0634345 0.056984 0.0500051 0.0428551 0.0357952 0.0290251 0.0227165 0.0170341 0.0121332 0.00813405 0.00508511
 0.00668813 0.0107684 0.0160616 0.0225516 0.0301808 0.0387542 0.0478187 0.0566585 0.0644378 0.0703868 0.0739429 0.0748429 0.0731668 0.0692999 0.0638065 0.057276 0.0502123 0.0429939 0.0358875 0.0290878 0.0227589 0.0170599 0.0121448 0.00813459 0.0050788
 0.00673504 0.0108327 0.0161341 0.0226102 0.0301896 0.0386669 0.0475893 0.0562614 0.0638914 0.0697665 0.0733694 0.0744422 0.0730212 0.0694178 0.0641276 0.0577044 0.050656 0.0433908 0.0362105 0.029335 0.0229399 0.017187 0.0122289 0.0081857 0.00510637
 0.00677467 0.0108932 0.0162174 0.0227142 0.0303063 0.0387807 0.0476745 0.0562824 0.0638085 0.0695508 0.0730213 0.0740054 0.0725793 0.069068 0.0639435 0.0577075 0.0508135 0.0436373 0.0364787 0.0295769 0.0231327 0.0173271 0.012323 0.00824402 0.00513935
 0.00673313 0.0108304 0.0161321 0.0226085 0.0301863 0.038655 0.047553 0.0561735 0.0637157 0.0694684 0.0729349 0.0738994 0.072449 0.0689309 0.0638386 0.0576798 0.0508919 0.0438185 0.0367292 0.0298487 0.023383 0.0175299 0.0124706 0.00834158 0.00519808
 0.00666524 0.0107236 0.0159783 0.0224036 0.0299317 0.0383602 0.0472375 0.0558665 0.0634507 0.0692748 0.0728293 0.0738805 0.0725002 0.0690286 0.0639643 0.0578291 0.0510726 0.0440405 0.0369908 0.0301318 0.0236585 0.0177698 0.0126577 0.00847284 0.00528112
 0.0066398 0.0106744 0.0158898 0.0222569 0.0297093 0.0380539 0.0468562 0.055439 0.0630214 0.0688948 0.0725452 0.0737243 0.0724827 0.0691381 0.0641723 0.0581013 0.05138 0.0443646 0.0373204 0.0304561 0.0239624 0.0180353 0.0128707 0.00862796 0.00538314
 0.00660942 0.0106257 0.0158168 0.0221525 0.0295638 0.0378554 0.0465928 0.0551055 0.0626276 0.0684711 0.0721408 0.0733971 0.0722826 0.0690932 0.0642822 0.0583408 0.0517096 0.0447426 0.0377116 0.0308338 0.0243066 0.0183306 0.0131067 0.00880163 0.00549959
 0.00656219 0.0105561 0.0157254 0.0220434 0.0294428 0.0377256 0.0464523 0.0549467 0.0624409 0.0682501 0.0718895 0.0731349 0.0720442 0.068921 0.0642133 0.0583944 0.0518813 0.0450069 0.0380316 0.0311712 0.0246286 0.0186134 0.0133359 0.00897245 0.00561583
 0.00713514 0.011363 0.0167096 0.0230751 0.0303566 0.0383808 0.0467794 0.0549555 0.0621917 0.0678153 0.0713286 0.0724901 0.0713506 0.0682178 0.0635472 0.0578137 0.051424 0.0446911 0.037852 0.0311036 0.0246392 0.0186679 0.0134059 0.00903854 0.00566789
 0.00798621 0.0126701 0.0185266 0.0253806 0.0330375 0.0412224 0.0494721 0.0571399 0.0635507 0.0681764 0.0707159 0.0710943 0.0694414 0.0660567 0.0613409 0.0557079 0.0495169 0.043045 0.0364985 0.0300459 0.0238557 0.0181192 0.0130442 0.00881527 0.00553965
 0.00780987 0.0125391 0.0186158 0.0259451 0.0343406 0.0434201 0.0525079 0.0607102 0.0671625 0.071273 0.0728215 0.0719304 0.0689826 0.0645081 0.0590496 0.0530514 0.046817 0.0405299 0.0343047 0.0282375 0.0224437 0.0170773 0.0123208 0.00834542 0.00525606
