SBPRF35
7.78865
Curr Bio
590574
B35
671734
F35
0.211473
FOFL
0.17772
OFL
79802.6
Bzero
2.22533e+006
#pred survey bio
 4.77016e+006 4.52444e+006 4.27894e+006 3.98306e+006 3.65201e+006 3.31546e+006 2.98077e+006 2.64689e+006 2.3488e+006 2.07662e+006 1.83107e+006 1.64318e+006 1.43894e+006 1.28117e+006 1.13136e+006 1.00706e+006 926127 829917 786317 726889 703157 665863 634886 626164 615662 602812 605235 608133 606237 615801 613862 610248 605996 605110 596973 580706 559508 545182 545895 545564 556890 562859 575905 587061 601093 598714 605883 604698 597688 605528 602431 578381 555922 551100 531807 535866 566148 550030 564737 565059 571885 580189 583597 603278 615863 618937 607103 595238 2.00906e+007 1.1656e+007 1.1591e+007 1.2102e+007 1.29499e+007 1.38846e+007 1.47526e+007 1.54848e+007 1.60664e+007 1.65104e+007 1.68407e+007 1.70823e+007 1.72573e+007 1.73834e+007 1.74743e+007 1.75399e+007 1.75874e+007 1.7622e+007 1.76473e+007 1.7666e+007 1.76798e+007 1.76902e+007 1.76979e+007 1.77037e+007 1.77082e+007 1.77115e+007 1.77141e+007 1.7716e+007 1.77175e+007 1.77186e+007 1.77195e+007 1.77202e+007 1.77207e+007 1.77211e+007 1.77214e+007 1.77217e+007 1.77218e+007 1.7722e+007 1.77221e+007 1.77222e+007 1.77222e+007 1.77223e+007 1.77223e+007 1.77224e+007 1.77224e+007 1.77224e+007 1.77224e+007 1.77224e+007 1.77224e+007 1.77225e+007 1.77225e+007 1.77225e+007 1.77225e+007 1.77225e+007 1.77225e+007 1.77225e+007 1.77225e+007 1.77225e+007 1.77225e+007 1.77225e+007 1.77225e+007 1.77225e+007 1.77225e+007 1.77225e+007 1.77225e+007 1.77225e+007 1.77225e+007 1.77225e+007 1.77225e+007 1.77225e+007 1.77225e+007 1.77225e+007 1.77225e+007 1.77225e+007 1.77225e+007 1.77225e+007 1.77225e+007 1.77225e+007 1.77225e+007 1.77225e+007 1.77225e+007 1.77225e+007 1.77225e+007 1.77225e+007 1.77225e+007 1.77225e+007 1.77225e+007 1.77225e+007 1.77225e+007 1.77225e+007 1.77225e+007 1.77225e+007 1.77225e+007 1.77225e+007 1.77225e+007 1.77225e+007 1.77225e+007 1.77225e+007 1.77225e+007 1.77225e+007 0 0 0 0 0 0 0 0 0 0 0 0 0 0 0 0 0 0 0 0 0 0 0 0 0
#obs survey bio
 3.63732e+006 2.40481e+006 2.84256e+006 3.7154e+006 3.66129e+006 2.664e+006 2.22298e+006 2.18983e+006 1.47993e+006 2.14885e+006 1.41466e+006 1.64279e+006 1.2463e+006 1.23136e+006 1.07034e+006 739371 734597 627967 499804 667698 638951 629409 386483 545982 478842 538330 508130 525593 658782 587833 807838 420938 734865 868210 623982 316053 571653 565619 635683 454299 309012 499990 482959 551320 570219 587094 342903 658187 436267 541512 732021 509546 575756 470061 387993 551776 430160 483596 593099 545324 702109 491833 505231 624796 620988 665655 562387 860677
#pred catch bio
 91732.2 91186.8 145799 197620 230384 261643 295881 296354 300481 297466 261017 285440 251223 248243 227675 190886 202367 154763 165147 131607 140048 131484 111416 112593 113761 100435 99512.1 101663 89764.8 96822.2 94784.3 91832.2 85656 88169.9 91441.2 94456.6 91173.6 82699.3 86929.5 79800.6 86798.3 82596 85271 83256.3 96478.2 87921.7 94923.1 98857.5 85556.5 94333 110477 107336 91998 104140 84583.2 64061 103242 77500.3 90828.6 85887.3 85399.6 90004.9 76881.9 82888.6 89726.7 100372 96915 98596.8 79802.6 90006.8 88036.9 90510.3 96268.3 102951 109144 114267 118216 121118 123177 124600 125564 126207 126630 126907 127086 127201 127275 127323 127353 127372 127384 127391 127396 127399 127401 127402 127403 127403 127404 127404 127404 127404 127404 127404 127404 127404 127404 127404 127404 127404 127404 127404 127404 127404 127404 127404 127404 127404 127404 127404 127404 127404 127404 127404 127404 127404 127404 127404 127404 127404 127404 127404 127404 127404 127404 127404 127404 127404 127404 127404 127404 127404 127404 127404 127404 127404 127404 127404 127404 127404 127404 127404 127404 127404 127404 127404 127404 127404 127404 127404 127404 127404 127404 127404 127404 127404 127404 127404 0 0 0 0 0 0 0 0 0 0 0 0 0 0 0 0 0 0 0 0 0 0 0 0 0
#obs catch bio
 0 90983.3 146513 198772 231905 264261 300992 303181 309694 307070 267814 293263 257637 255213 233850 194995 208233 157591 169579 133804 143206 133971 113616 115024 116556 102586 101897 104224 90906.6 98307.9 95801.7 92899 86160.2 88642.4 91682.4 95321.4 91911.3 82897.6 87199.5 79834.8 87667.8 83276.2 86071.6 83715 97072.5 87933.6 95517.6 99674.6 85710.5 94541 110996 107736 91725.8 104661 85258.1 63682.8 104447 77507.1 91421.6 86363.8 85784.1 90856.1 77386.9 83457.7 90116.1 101110 97512.3 98631.1
#pred cpue bio
 4.6975e+006 4.45672e+006 4.21574e+006 3.92217e+006 3.59252e+006 3.25714e+006 2.92338e+006 2.59063e+006 2.29391e+006 2.0237e+006 1.78065e+006 1.59486e+006 1.39331e+006 1.23754e+006 1.08996e+006 967671 888116 794210 751851 694290 671470 635522 605466 596854 586599 574136 576594 579770 578558 588525 587305 584452 580932 580688 573449 558004 536673 521228 520869 520271 531090 536652 549284 560284 574184 572120 579105 577922 571290 579123 576227 552831 530839 525969 507007 510879 540568 525029 539038 539210 545834 553922 557244 576545 589239 592625 581315 570484 1.92979e+007 1.12063e+007 1.10281e+007 1.14058e+007 1.22051e+007 1.3128e+007 1.39936e+007 1.47254e+007 1.53069e+007 1.57509e+007 1.60812e+007 1.63228e+007 1.64978e+007 1.66239e+007 1.67148e+007 1.67804e+007 1.68279e+007 1.68625e+007 1.68878e+007 1.69065e+007 1.69203e+007 1.69307e+007 1.69384e+007 1.69442e+007 1.69487e+007 1.6952e+007 1.69546e+007 1.69565e+007 1.6958e+007 1.69591e+007 1.696e+007 1.69607e+007 1.69612e+007 1.69616e+007 1.69619e+007 1.69622e+007 1.69624e+007 1.69625e+007 1.69626e+007 1.69627e+007 1.69628e+007 1.69628e+007 1.69628e+007 1.69629e+007 1.69629e+007 1.69629e+007 1.69629e+007 1.69629e+007 1.6963e+007 1.6963e+007 1.6963e+007 1.6963e+007 1.6963e+007 1.6963e+007 1.6963e+007 1.6963e+007 1.6963e+007 1.6963e+007 1.6963e+007 1.6963e+007 1.6963e+007 1.6963e+007 1.6963e+007 1.6963e+007 1.6963e+007 1.6963e+007 1.6963e+007 1.6963e+007 1.6963e+007 1.6963e+007 1.6963e+007 1.6963e+007 1.6963e+007 1.6963e+007 1.6963e+007 1.6963e+007 1.6963e+007 1.6963e+007 1.6963e+007 1.6963e+007 1.6963e+007 1.6963e+007 1.6963e+007 1.6963e+007 1.6963e+007 1.6963e+007 1.6963e+007 1.6963e+007 1.6963e+007 1.6963e+007 1.6963e+007 1.6963e+007 1.6963e+007 1.6963e+007 1.6963e+007 1.6963e+007 1.6963e+007 1.6963e+007 1.6963e+007 1.6963e+007 0 0 0 0 0 0 0 0 0 0 0 0 0 0 0 0 0 0 0 0 0 0 0 0 0
#obs cpue bio
 3.13589e+006 3.9438e+006 3.4307e+006 4.67267e+006 2.96501e+006 2.54383e+006 1.94202e+006 1.35455e+006 1.65832e+006 1.61288e+006 1.9903e+006 1.96654e+006 1.02189e+006 971027 868411 978284 800099 795248 788234 617674 518686 599629 497002 494754 485542 409285 409148 493991 727276 520137 503527 658337 605042 421461 665905 585582 511024 622894 482094 605006 479032 514045 574837 628009 734879 694469 661138 465240 893991 686434 449851 621671 651910 471264 418622 889956 429809 612891 443258 458542 440988 468324 484336 596017 685586 468569 568703 675708
#pred surv len freq
 0.00583173 0.00930138 0.0136867 0.0188673 0.0246689 0.0308134 0.0368729 0.0423448 0.0468344 0.050196 0.0525244 0.0540414 0.0549831 0.0555342 0.0557969 0.0557802 0.0554107 0.0545594 0.0530617 0.0507184 0.0472994 0.0426019 0.0365894 0.0295492 0.0221322
 0.00600264 0.00948606 0.0137982 0.0187825 0.02428 0.0300985 0.0359401 0.0414074 0.046118 0.0498293 0.0524817 0.0541687 0.0550864 0.0554776 0.0555632 0.0554743 0.0552102 0.0546336 0.0534924 0.0514595 0.048196 0.0434599 0.0372572 0.0299671 0.0223295
 0.0063801 0.0100551 0.0145652 0.0197077 0.0252692 0.031005 0.0365859 0.0416331 0.0458524 0.0491397 0.051558 0.0532348 0.0542919 0.0548438 0.0550175 0.054939 0.0546786 0.0541822 0.0532295 0.0514485 0.0484091 0.0437897 0.037575 0.0301843 0.0224248
 0.0066799 0.0105427 0.015298 0.0207341 0.0266123 0.0326366 0.0384002 0.0434379 0.0473973 0.0501794 0.0519316 0.0529231 0.0534202 0.0536207 0.0536444 0.0535471 0.0533279 0.0529073 0.0520785 0.0504816 0.0476636 0.0432536 0.0371943 0.0298968 0.0221908
 0.00705598 0.0111231 0.0161157 0.0218049 0.0279393 0.0342146 0.0402089 0.0454236 0.0494503 0.0521242 0.0535412 0.0539667 0.0537311 0.0531555 0.0524963 0.0519045 0.0514047 0.0508874 0.0500996 0.0486454 0.0460449 0.0418974 0.0361111 0.0290688 0.0215848
 0.00748622 0.0117919 0.0170652 0.0230536 0.0294808 0.0360169 0.0422123 0.0475426 0.0515827 0.0541611 0.0553664 0.0554459 0.0547089 0.053479 0.0520641 0.0507134 0.0495632 0.0485873 0.0475648 0.046087 0.0436372 0.0397695 0.0343434 0.0276921 0.0205846
 0.00787494 0.0124098 0.0179686 0.0242855 0.0310626 0.037937 0.0444129 0.0499158 0.0539854 0.0564416 0.0573889 0.057099 0.0558968 0.0541076 0.0520393 0.0499613 0.0480676 0.0464209 0.0448936 0.043143 0.0406738 0.0370175 0.0319776 0.0258115 0.0192078
 0.00822208 0.0129644 0.0187861 0.0254127 0.0325321 0.0397563 0.0465501 0.0522899 0.0564701 0.0588824 0.0596254 0.0589841 0.0573095 0.054955 0.0522499 0.0494792 0.0468587 0.0444972 0.0423431 0.0401438 0.037479 0.0339094 0.0292096 0.023557 0.017533
 0.00847208 0.01337 0.0193957 0.026273 0.0336825 0.0412178 0.0483126 0.0543035 0.0586472 0.0611078 0.0617682 0.0609086 0.058884 0.0560617 0.052791 0.0493796 0.0460689 0.0430039 0.0401904 0.0374575 0.0344734 0.0308615 0.026402 0.02121 0.0157572
 0.00869027 0.0137203 0.0199156 0.0269971 0.0346389 0.0424227 0.0497607 0.0559618 0.060455 0.0629828 0.0636143 0.0626221 0.0603585 0.0571919 0.0534773 0.0495328 0.0456174 0.0419059 0.0384545 0.0351666 0.0317993 0.028053 0.0237372 0.0189274 0.0139965
 0.00898624 0.0141763 0.0205557 0.0278291 0.0356568 0.0436106 0.0510931 0.0574015 0.0619528 0.0644812 0.065052 0.0639361 0.0614844 0.0580624 0.054021 0.0496747 0.0452842 0.0410387 0.0370308 0.0332279 0.0294719 0.0255454 0.0213023 0.016799 0.012326
 0.00923738 0.0145669 0.0211104 0.0285587 0.0365573 0.0446618 0.0522573 0.0586253 0.0631755 0.0656476 0.0661205 0.0648787 0.062278 0.0586793 0.0544214 0.0498045 0.0450781 0.0404314 0.0359781 0.0317346 0.0276173 0.0234884 0.019255 0.0149711 0.0108655
 0.00962712 0.0151744 0.0219753 0.0296985 0.0379627 0.0462916 0.0540319 0.0604277 0.0648673 0.0670974 0.0672317 0.0656038 0.0626178 0.0586682 0.0541066 0.0492237 0.044245 0.0393349 0.0345976 0.030069 0.0257157 0.0214665 0.0172805 0.0132196 0.0094654
 0.00990091 0.0156074 0.0226045 0.0305507 0.03905 0.0476046 0.0555303 0.0620351 0.0664761 0.0685842 0.0684778 0.0665139 0.0631342 0.0587771 0.0538338 0.0486192 0.0433618 0.0382127 0.0332593 0.0285354 0.0240307 0.0197161 0.0155903 0.0117249 0.00826874
 0.0102247 0.0161124 0.0233247 0.0315036 0.0402345 0.0489978 0.0570825 0.0636664 0.0680826 0.0700522 0.0696991 0.0673987 0.0636196 0.0588338 0.0534689 0.047873 0.042297 0.0368985 0.0317598 0.0269081 0.0223373 0.018036 0.0140222 0.010369 0.00719769
 0.0105176 0.016569 0.0239756 0.032364 0.0413023 0.0502512 0.0584753 0.0651263 0.0695176 0.0713642 0.070798 0.0682105 0.0640906 0.0589324 0.0531873 0.0472287 0.0413314 0.0356714 0.0303416 0.0253739 0.0207655 0.0165104 0.0126298 0.00918775 0.00627764
 0.0105067 0.0165761 0.0240324 0.0325165 0.0416009 0.0507341 0.0591531 0.0659763 0.0704888 0.0723888 0.0718015 0.0691187 0.0648335 0.0594491 0.0534309 0.0471719 0.0409707 0.035029 0.0294638 0.0243265 0.0196284 0.0153706 0.0115729 0.00828533 0.00557341
 0.0107444 0.0169337 0.0245181 0.0331214 0.0423056 0.0515176 0.0599965 0.0668583 0.0713778 0.0732377 0.0725514 0.0697095 0.0652163 0.0595936 0.0533262 0.0468217 0.0403895 0.0342418 0.0285083 0.0232556 0.0185095 0.01428 0.0105852 0.00745948 0.0049409
 0.0107143 0.0168887 0.024458 0.0330496 0.0422295 0.0514497 0.059956 0.0668723 0.0714798 0.0734606 0.0729152 0.0702078 0.0658093 0.0602123 0.0538876 0.0472485 0.0406247 0.0342567 0.0283042 0.0228618 0.017979 0.0136821 0.0099928 0.00693513 0.00452433
 0.0108898 0.0171548 0.0248218 0.0335036 0.0427517 0.0520061 0.0605034 0.0673623 0.0718676 0.0737178 0.0730388 0.0702209 0.0657498 0.0601162 0.0537731 0.0471097 0.040437 0.0339905 0.0279397 0.0223999 0.0174446 0.0131192 0.00945434 0.00646836 0.00415887
 0.0108523 0.0170946 0.0247331 0.0333833 0.0426021 0.0518382 0.0603384 0.0672293 0.0717964 0.073729 0.0731388 0.0704019 0.0659953 0.0604063 0.0540866 0.0474215 0.0407159 0.0342008 0.0280495 0.0223913 0.0173219 0.01291 0.00920144 0.00621732 0.00394484
 0.0110831 0.0174322 0.0251712 0.0338899 0.0431275 0.0523274 0.0607428 0.0675134 0.071941 0.0737337 0.0730213 0.0701935 0.0657332 0.0601254 0.0538141 0.0471738 0.0404972 0.0340031 0.0278558 0.0221836 0.01709 0.0126582 0.00894772 0.00598563 0.00375533
 0.0113416 0.0178221 0.0257002 0.0345424 0.0438649 0.0530928 0.0614658 0.0681176 0.0723573 0.0739172 0.0729633 0.0699218 0.0653016 0.059598 0.0532516 0.0466248 0.0399932 0.0335582 0.0274692 0.0218449 0.0167873 0.0123847 0.00870462 0.00578015 0.00359456
 0.0113243 0.0178065 0.0256998 0.0345773 0.0439568 0.0532559 0.0616992 0.0684022 0.0726594 0.0741965 0.0731819 0.0700528 0.0653337 0.0595374 0.0531187 0.0464472 0.0397981 0.0333661 0.0272906 0.0216815 0.0166359 0.0122425 0.00857269 0.00566358 0.00349948
 0.0113326 0.0178187 0.0257168 0.0346006 0.0439908 0.0533094 0.0617849 0.0685324 0.072839 0.074416 0.0734162 0.0702656 0.0654891 0.05961 0.0531009 0.046349 0.0396425 0.0331802 0.0270985 0.0214995 0.016472 0.0120992 0.00845063 0.0055635 0.00342217
 0.0113562 0.0178577 0.0257762 0.0346849 0.044102 0.0534452 0.0619375 0.0686906 0.0729918 0.0745563 0.0735408 0.0703716 0.0655689 0.059651 0.0530891 0.0462766 0.0395126 0.0330072 0.0269034 0.0213035 0.0162916 0.0119438 0.00832419 0.00546598 0.00335136
 0.0111587 0.0175654 0.0253904 0.0342273 0.0436103 0.0529656 0.0615173 0.068373 0.0728111 0.0745324 0.073675 0.0706465 0.065952 0.0601 0.0535572 0.0467191 0.0398934 0.0333051 0.0271137 0.0214354 0.016362 0.0119718 0.0083263 0.00545499 0.0033361
 0.0108772 0.0171447 0.0248266 0.0335429 0.0428504 0.0521893 0.0607904 0.0677627 0.0723784 0.0743217 0.0737047 0.0709064 0.0664069 0.0606979 0.0542379 0.0474211 0.0405614 0.0338954 0.0275992 0.0218069 0.016626 0.0121453 0.008431 0.00551214 0.00336352
 0.0108049 0.017012 0.0246003 0.0331863 0.042336 0.0515173 0.0600035 0.0669447 0.071635 0.0737511 0.0733742 0.0708428 0.0666001 0.0611098 0.0548121 0.0480923 0.041263 0.0345676 0.0281952 0.0222975 0.017001 0.012411 0.00860483 0.00561667 0.00342088
 0.01058 0.0166733 0.0241394 0.0326104 0.0416617 0.050763 0.0591885 0.066097 0.070803 0.0730088 0.072812 0.0705458 0.0666221 0.0614565 0.0554408 0.0489244 0.0422039 0.0355237 0.0290876 0.0230696 0.0176221 0.0128753 0.00892657 0.00582261 0.00354208
 0.0104318 0.0164468 0.0238255 0.0322108 0.0411888 0.0502373 0.0586362 0.0655467 0.0702807 0.0725352 0.0724059 0.070233 0.0664404 0.0614496 0.0556411 0.0493351 0.042791 0.036223 0.0298204 0.0237618 0.0182183 0.0133458 0.0092672 0.00604856 0.00367905
 0.0103423 0.0163008 0.0236057 0.0319021 0.0407827 0.0497387 0.0580689 0.0649531 0.0697135 0.0720438 0.0720254 0.0699807 0.0663214 0.0614663 0.0557987 0.0496395 0.0432379 0.0367876 0.030455 0.0244043 0.0188077 0.0138372 0.00964018 0.00630607 0.00384055
 0.010218 0.0161134 0.02335 0.0315816 0.0404063 0.0493166 0.0576111 0.064473 0.0692323 0.071593 0.0716436 0.0697052 0.0661796 0.0614698 0.0559456 0.0499195 0.0436363 0.0372836 0.0310173 0.0249895 0.0193657 0.0143229 0.0100246 0.00658196 0.00401963
 0.0099943 0.0157755 0.0228902 0.0310108 0.039752 0.0486177 0.0569136 0.0638255 0.0686802 0.071171 0.0713718 0.0695905 0.0662208 0.0616614 0.0562771 0.0503744 0.0441917 0.0379109 0.0316828 0.025654 0.0199874 0.0148631 0.0104567 0.00689762 0.00422891
 0.0100696 0.0158576 0.0229401 0.030969 0.0395569 0.0482324 0.0563484 0.0631401 0.067964 0.0705141 0.0708416 0.0692238 0.0660277 0.0616349 0.0564023 0.0506332 0.0445637 0.0383717 0.0322024 0.0261964 0.020513 0.0153343 0.010845 0.00718966 0.00442803
 0.0109332 0.0170915 0.0244799 0.032642 0.041123 0.0494571 0.0570652 0.063279 0.0675475 0.0696382 0.0696511 0.0678829 0.0646881 0.0604119 0.0553661 0.0498146 0.0439664 0.0379825 0.0319966 0.0261401 0.0205649 0.0154498 0.0109825 0.00731752 0.00452835
 0.0116906 0.0182769 0.0261703 0.0348571 0.0437981 0.0524146 0.0600027 0.0658053 0.0692777 0.070313 0.069216 0.0664858 0.062609 0.0579706 0.0528486 0.0474357 0.0418619 0.036221 0.0305968 0.0250865 0.0198188 0.0149578 0.0106841 0.0071534 0.00444787
 0.0116755 0.0183368 0.026417 0.0354477 0.0448953 0.0541204 0.062293 0.0684977 0.072051 0.0727721 0.0709831 0.0672934 0.0623675 0.056783 0.0509669 0.0451776 0.0395288 0.034044 0.0287193 0.023573 0.018674 0.0141465 0.0101479 0.00682521 0.00426316
 0.0114034 0.0179311 0.0258808 0.034824 0.044276 0.0536488 0.062151 0.0688668 0.0730458 0.0743692 0.0729878 0.0693733 0.0641458 0.0579528 0.0513772 0.0448592 0.0386571 0.0328642 0.0274688 0.0224298 0.0177388 0.0134505 0.0096738 0.00652944 0.0040947
 0.0115347 0.0180908 0.0260226 0.0348746 0.0441595 0.0533258 0.0616534 0.0683094 0.0726045 0.074232 0.0732914 0.0701448 0.0652736 0.0592063 0.0524768 0.0455709 0.0388677 0.0326034 0.0268754 0.0216857 0.0170059 0.0128343 0.00921681 0.00622612 0.00391342
 0.0114824 0.0180257 0.025959 0.0348306 0.0441439 0.0533207 0.0616101 0.0681663 0.0723267 0.0738508 0.0729158 0.0699289 0.0653516 0.0596258 0.0531659 0.0463596 0.039554 0.0330324 0.0269912 0.0215336 0.0166936 0.0124778 0.0089011 0.005991 0.00376149
 0.0113584 0.017853 0.025753 0.0346256 0.0439848 0.0532485 0.0616458 0.0682994 0.0725138 0.0740268 0.07302 0.0699381 0.0653 0.0595939 0.0532377 0.0465704 0.0398648 0.0333474 0.0272081 0.021594 0.0166034 0.012292 0.00868892 0.0058054 0.0036268
 0.011203 0.0176102 0.0254078 0.0341753 0.0434444 0.0526572 0.0610685 0.0678189 0.0722087 0.0739434 0.0731537 0.070237 0.0656903 0.0600139 0.0536595 0.0469966 0.0403032 0.0337847 0.0276032 0.0218971 0.016784 0.0123553 0.00866975 0.00574802 0.00356609
 0.0110625 0.0173976 0.0251167 0.0338093 0.0430151 0.0521807 0.0605664 0.0673222 0.0717615 0.0736007 0.0729691 0.0702453 0.0658926 0.0603751 0.0541228 0.0475047 0.0408137 0.0342699 0.0280405 0.0222626 0.0170568 0.0125282 0.00875493 0.00577231 0.00355892
 0.0109223 0.0171788 0.0248051 0.0333993 0.0425119 0.0516032 0.0599491 0.0667133 0.0712155 0.0731683 0.0726903 0.0701471 0.0659879 0.0606595 0.0545702 0.0480689 0.0414367 0.0348947 0.0286197 0.0227616 0.0174541 0.0128162 0.0089412 0.00587694 0.0036081
 0.0110882 0.0174135 0.025093 0.033702 0.0427771 0.0517795 0.0599991 0.0666208 0.0709858 0.0728251 0.0722726 0.069704 0.0655721 0.0603197 0.0543432 0.0479725 0.0414662 0.0350244 0.0288111 0.0229731 0.0176504 0.0129739 0.009051 0.00594209 0.00363974
 0.011027 0.0173366 0.0250175 0.0336547 0.0427828 0.051845 0.0601032 0.0667176 0.0710234 0.0727683 0.0721169 0.0694749 0.0653133 0.0600792 0.0541624 0.0478796 0.0414727 0.035124 0.0289811 0.0231804 0.0178597 0.0131568 0.00919115 0.00603647 0.00369528
 0.0108413 0.0170757 0.0247018 0.033331 0.0425137 0.0516897 0.0600983 0.0668663 0.0712932 0.0730978 0.0724312 0.0697071 0.0654254 0.0600719 0.0540702 0.0477543 0.0413646 0.0350675 0.0289891 0.0232449 0.0179593 0.0132655 0.00928786 0.0061095 0.00374278
 0.0109334 0.0171867 0.024799 0.0333651 0.0424383 0.0514894 0.0598075 0.0665641 0.0710715 0.0730215 0.0725111 0.0698997 0.065656 0.060267 0.0541832 0.0477772 0.0413216 0.0349992 0.0289329 0.0232228 0.0179743 0.0133067 0.00933861 0.00615586 0.00377732
 0.0108686 0.0170917 0.0246735 0.0332112 0.0422542 0.0512641 0.0595228 0.0662078 0.0706582 0.0726049 0.0721755 0.0697281 0.065693 0.0604981 0.0545442 0.0481849 0.0417073 0.0353265 0.0291969 0.0234359 0.0181509 0.0134546 0.00945903 0.00624745 0.00384074
 0.0108531 0.0170736 0.0246595 0.0332113 0.042279 0.0513182 0.0595991 0.066284 0.0707 0.0725774 0.0720594 0.0695352 0.0654676 0.0603014 0.0544265 0.0481641 0.0417664 0.0354292 0.0293087 0.023537 0.0182359 0.0135254 0.00951785 0.00629456 0.00387565
 0.011044 0.0173652 0.0250631 0.0337237 0.0428829 0.051983 0.0602803 0.0669242 0.0712328 0.0729371 0.0721936 0.0694172 0.0651064 0.0597451 0.0537545 0.0474667 0.0411204 0.0348808 0.0288716 0.0232036 0.0179904 0.0133519 0.00940225 0.0062234 0.00383586
 0.0112416 0.0176666 0.0254795 0.0342519 0.0435057 0.0526716 0.0609952 0.0676152 0.0718432 0.0734106 0.072482 0.0694866 0.0649421 0.059356 0.053177 0.0467626 0.0403666 0.0341527 0.0282271 0.0226739 0.0175825 0.013056 0.00920011 0.00609424 0.00375941
 0.0113018 0.0177544 0.0255931 0.0343846 0.0436491 0.0528212 0.0611535 0.0677907 0.0720443 0.0736385 0.0727252 0.0697195 0.0651283 0.0594567 0.0531622 0.0466217 0.0401144 0.0338266 0.0278756 0.0223429 0.0173033 0.0128423 0.00905024 0.00599763 0.00370221
 0.0113382 0.0178356 0.0257547 0.0346692 0.0440911 0.0534249 0.061877 0.068549 0.0727343 0.0741725 0.0730544 0.0698365 0.0650544 0.0592242 0.0528024 0.0461617 0.039581 0.0332514 0.0272975 0.0218028 0.0168367 0.0124704 0.00877752 0.00581397 0.00358889
 0.011228 0.0176527 0.0254754 0.0342775 0.0435921 0.0528599 0.06133 0.0681315 0.0725479 0.0742676 0.07341 0.0703737 0.0656707 0.0598272 0.0533266 0.0465704 0.0398597 0.0334029 0.027339 0.0217633 0.0167505 0.01237 0.00868658 0.00574437 0.00354253
 0.0110554 0.0173641 0.0250269 0.0336257 0.0427069 0.0517445 0.0600421 0.0667915 0.0713251 0.0733451 0.0729384 0.0704293 0.0662339 0.0607903 0.0545286 0.0478421 0.0410612 0.0344419 0.0281719 0.0223859 0.0171858 0.0126553 0.0088624 0.0058467 0.00359899
 0.0114416 0.0179482 0.0258216 0.0346047 0.0438013 0.0528444 0.061003 0.0674555 0.0715604 0.0730933 0.0722448 0.0694352 0.0651318 0.059763 0.0536992 0.0472528 0.0406852 0.0342149 0.0280254 0.0222703 0.0170769 0.0125493 0.00876623 0.00576845 0.00354252
 0.0112461 0.017679 0.0255067 0.0343015 0.0435815 0.0527678 0.0610943 0.0676924 0.0718786 0.0734035 0.0724592 0.0694966 0.0650363 0.0595629 0.0534814 0.0471024 0.0406512 0.0342971 0.0281851 0.0224544 0.0172412 0.0126708 0.00884199 0.00580823 0.00355963
 0.0112396 0.0176624 0.0254723 0.0342431 0.0435015 0.0526859 0.0610493 0.0677321 0.0720371 0.0736774 0.0727975 0.0698143 0.065246 0.0596101 0.053366 0.0468752 0.0403893 0.0340709 0.0280334 0.0223791 0.0172199 0.012675 0.00885096 0.00581268 0.00355883
 0.0112139 0.0176183 0.0254015 0.0341361 0.0433501 0.0524874 0.0608124 0.0674819 0.0718153 0.0735348 0.0727778 0.069934 0.0654815 0.0599021 0.0536421 0.0470805 0.0405061 0.0341179 0.0280474 0.0223921 0.0172462 0.0127119 0.00888843 0.00584231 0.00357779
 0.0111662 0.0175466 0.0253044 0.0340153 0.0432092 0.0523294 0.0606392 0.0672963 0.0716248 0.0733558 0.0726367 0.0698628 0.0655066 0.060031 0.053855 0.0473348 0.0407532 0.0343227 0.0281984 0.022498 0.0173229 0.0127719 0.00893665 0.00587907 0.00360292
 0.0110705 0.0174122 0.025141 0.0338451 0.0430597 0.052223 0.0605843 0.0672851 0.0716387 0.0733737 0.0726437 0.069856 0.0654971 0.0600389 0.0538998 0.0474243 0.0408785 0.034462 0.0283283 0.0226037 0.0174014 0.0128278 0.00897625 0.005907 0.0036218
 0.0107637 0.0169476 0.0245069 0.033057 0.0421609 0.0512806 0.0596847 0.0665245 0.0711047 0.073123 0.0726869 0.0701595 0.0659991 0.0606702 0.0545994 0.0481447 0.0415835 0.0351216 0.0289166 0.0231009 0.0177978 0.0131253 0.00918636 0.00604628 0.00370805
 0.0106793 0.0167984 0.0242609 0.0326793 0.0416241 0.0505818 0.0588594 0.0656495 0.0702842 0.0724636 0.0722723 0.0700333 0.0661591 0.061075 0.0551822 0.0488314 0.0423063 0.0358264 0.0295633 0.0236621 0.0182574 0.013479 0.00944092 0.00621683 0.00381392
 0.0106488 0.016756 0.024209 0.0326203 0.041554 0.050483 0.0587 0.0653931 0.0699099 0.0719857 0.0717467 0.069545 0.0657959 0.0608997 0.0552167 0.0490564 0.0426732 0.0362741 0.0300331 0.0241063 0.0186433 0.0137892 0.00967159 0.00637515 0.00391382
 0.0101662 0.0160897 0.0234242 0.03185 0.0409593 0.0501905 0.0587496 0.0657263 0.0703989 0.0724833 0.0721338 0.0697602 0.0658442 0.0608401 0.0551339 0.0490273 0.0427429 0.036448 0.0302852 0.0243951 0.0189273 0.0140373 0.00986706 0.00651493 0.00400466
 0.00939848 0.0149409 0.0218855 0.0299925 0.0389316 0.0482011 0.0570418 0.0645371 0.0698996 0.0727194 0.0730011 0.0710419 0.0672909 0.0622497 0.0563946 0.0501145 0.0436855 0.0372878 0.0310484 0.0250837 0.0195265 0.0145292 0.0102429 0.0067797 0.00417554
#obs surv len freq
 nan nan nan nan nan nan nan nan nan nan nan nan nan nan nan nan nan nan nan nan nan nan nan nan nan
 0.00448502 0.00734641 0.0111763 0.0159922 0.0216922 0.0279668 0.03428 0.0400107 0.04469 0.048154 0.0505124 0.0520089 0.0529019 0.0534149 0.0537298 0.0539851 0.054264 0.0545569 0.0546958 0.0542878 0.0527258 0.0493579 0.0438075 0.0362873 0.0276706
 0.00461939 0.00756621 0.0115092 0.0164638 0.0223195 0.0287487 0.0351876 0.040985 0.0456502 0.0490134 0.0511948 0.0524603 0.053095 0.0533495 0.0534281 0.0534843 0.0536071 0.0537865 0.0538506 0.0534046 0.0518433 0.0485191 0.043057 0.035663 0.0271936
 0.00477866 0.00782906 0.011912 0.017043 0.0231037 0.0297473 0.036378 0.0423072 0.0470136 0.0503116 0.0523228 0.0533269 0.0536327 0.0535206 0.0532269 0.052935 0.0527566 0.052695 0.0525849 0.0520353 0.050446 0.0471748 0.0418462 0.0346523 0.0264197
 0.00497434 0.00814584 0.0123866 0.0177094 0.0239883 0.0308595 0.0377 0.0437881 0.0485731 0.0518509 0.0537364 0.0545125 0.0544988 0.0539944 0.0532621 0.0525174 0.0519057 0.0514613 0.0510452 0.0502875 0.0486058 0.0453693 0.0402009 0.0332695 0.025357
 0.00518846 0.00849895 0.0129271 0.0184848 0.025035 0.0321876 0.0392783 0.0455408 0.050393 0.0536217 0.0553508 0.0558782 0.0555366 0.054635 0.0534471 0.0522056 0.0510821 0.050146 0.0492992 0.0482154 0.0463525 0.043108 0.0381088 0.0314944 0.0239846
 0.00541856 0.00887582 0.0134998 0.0193016 0.0261352 0.0335872 0.0409551 0.0474269 0.0523819 0.0555868 0.0571655 0.0574306 0.0567359 0.0554109 0.0537457 0.0519853 0.0503155 0.0488296 0.0474693 0.0459634 0.0438307 0.0405188 0.0356728 0.0294026 0.0223545
 0.0056448 0.00924699 0.0140649 0.0201088 0.0272235 0.0349724 0.0426156 0.0492979 0.0543638 0.0575633 0.0590199 0.0590554 0.0580363 0.0563067 0.0541718 0.0518904 0.0496627 0.0476024 0.045686 0.0436975 0.0412267 0.0377878 0.0330593 0.0271293 0.020566
 0.00590228 0.00966522 0.0146937 0.0209946 0.0284006 0.0364501 0.0443636 0.0512418 0.056395 0.0595599 0.0608658 0.0606505 0.0592985 0.057169 0.0545778 0.0517919 0.0490197 0.0463894 0.0439082 0.0414135 0.038569 0.0349651 0.0303264 0.0247278 0.0186606
 0.00613068 0.0100455 0.0152823 0.0218491 0.0295675 0.0379453 0.0461539 0.0532404 0.0584763 0.0615863 0.0627123 0.0622168 0.0605099 0.0579712 0.0549298 0.0516592 0.0483708 0.0452004 0.0421773 0.039186 0.0359622 0.0321752 0.0276029 0.0223155 0.0167332
 0.00637572 0.0104435 0.0158812 0.0226944 0.0306952 0.0393697 0.0478535 0.0551493 0.0604894 0.0635756 0.0645467 0.0637792 0.0617086 0.0587433 0.0552382 0.0514829 0.0476956 0.0440164 0.0404891 0.0370352 0.0334534 0.0294875 0.0249704 0.0199734 0.0148527
 0.00659548 0.0108052 0.0164335 0.0234849 0.0317604 0.04072 0.0494585 0.0569343 0.0623483 0.0653925 0.0662138 0.0652041 0.0628146 0.0594692 0.0555384 0.0513275 0.047068 0.0429112 0.0389174 0.0350402 0.0311318 0.0270014 0.0225316 0.0177978 0.0131002
 0.00681421 0.0111639 0.0169792 0.0242632 0.0328064 0.0420436 0.0510299 0.0586781 0.0641543 0.0671369 0.0677814 0.066502 0.0637764 0.0600522 0.0557173 0.0510874 0.0464004 0.041815 0.0374061 0.0331567 0.028966 0.0246998 0.020284 0.0157968 0.0114888
 0.00706448 0.0115707 0.0175908 0.0251236 0.0339454 0.0434628 0.0526873 0.0604849 0.0659872 0.0688626 0.0692798 0.0676807 0.0645748 0.0604399 0.0556878 0.0506496 0.0455696 0.0406094 0.035851 0.0312982 0.026888 0.022533 0.0181948 0.0139524 0.0100112
 0.00727912 0.011928 0.0181436 0.0259247 0.0350355 0.0448507 0.054332 0.0622909 0.0678201 0.070578 0.0707494 0.0688078 0.0652989 0.0607344 0.0555541 0.0501085 0.0446532 0.0393541 0.0342986 0.0295039 0.0249338 0.0205358 0.0162973 0.0122946 0.00869292
 0.00744149 0.0121944 0.0185497 0.0265067 0.0358248 0.0458641 0.0555599 0.063689 0.0693104 0.072058 0.0721065 0.0699351 0.0661091 0.0611699 0.0555901 0.0497495 0.0439249 0.0382962 0.0329608 0.0279491 0.023245 0.0188199 0.0146778 0.010888 0.00757953
 0.00754084 0.0123579 0.0187997 0.0268662 0.0363142 0.0464957 0.0563317 0.0645819 0.0702896 0.073077 0.0731102 0.0708602 0.0668862 0.0617296 0.0558734 0.0497175 0.0435642 0.0376195 0.0320043 0.0267709 0.0219247 0.0174572 0.0133821 0.00975951 0.0066857
 0.00760057 0.0124513 0.0189339 0.0270467 0.0365461 0.0467848 0.0566843 0.0650027 0.0707798 0.0736315 0.0737151 0.07149 0.0675026 0.0622817 0.0563015 0.0499614 0.0435746 0.0373682 0.0314923 0.0260307 0.0210195 0.016474 0.0124189 0.00890565 0.00600246
 0.00765977 0.0125409 0.0190565 0.0272003 0.0367251 0.0469821 0.0568929 0.0652184 0.0710029 0.0738684 0.0739763 0.071785 0.0678319 0.0626304 0.0566367 0.0502349 0.0437312 0.0373585 0.0312854 0.025626 0.0204508 0.0158054 0.0117315 0.00827789 0.00549074
 0.00771841 0.0126281 0.0191725 0.0273397 0.0368781 0.0471366 0.0570374 0.0653439 0.0711053 0.0739507 0.07405 0.0718673 0.0679404 0.0627757 0.0568151 0.0504247 0.0438941 0.0374469 0.0312559 0.0254535 0.0201396 0.0153915 0.0112733 0.00783923 0.00512198
 0.00776152 0.0126951 0.0192673 0.0274627 0.0370255 0.047299 0.0572001 0.0654882 0.0712143 0.074015 0.0740715 0.0718595 0.0679239 0.0627717 0.0568386 0.0504785 0.0439646 0.0375058 0.0312668 0.0253845 0.0199765 0.0151454 0.0109789 0.00754213 0.00486285
 0.00782108 0.0127838 0.0193854 0.0276054 0.0371836 0.047462 0.057357 0.0656284 0.071327 0.0740906 0.0741037 0.0718481 0.0678766 0.0627031 0.056767 0.0504196 0.0439256 0.0374805 0.0312367 0.0253257 0.0198703 0.0149885 0.0107863 0.00734143 0.00468262
 0.00786558 0.0128539 0.0194863 0.0277394 0.0373482 0.0476482 0.0575487 0.0658044 0.0714663 0.0741786 0.0741361 0.0718293 0.0678164 0.0626138 0.0566615 0.0503112 0.0438252 0.0373934 0.0311595 0.0252472 0.0197774 0.0148738 0.0106534 0.00720401 0.00455796
 0.00786001 0.0128478 0.0194826 0.027743 0.0373649 0.0476832 0.0576043 0.0658788 0.0715532 0.0742681 0.0742169 0.0718916 0.0678543 0.0626263 0.056652 0.0502858 0.043791 0.037356 0.0311211 0.0252053 0.0197264 0.0148094 0.0105763 0.0071213 0.00448023
 0.00789639 0.0128959 0.0195352 0.027787 0.0373868 0.0476752 0.0575698 0.0658318 0.0715124 0.0742489 0.0742257 0.0719247 0.0679011 0.062674 0.0566905 0.0503096 0.0437994 0.0373516 0.031107 0.025183 0.0196958 0.0147695 0.0105283 0.00706946 0.00443083
 0.00787533 0.0128657 0.0194964 0.0277418 0.0373362 0.0476171 0.057499 0.0657432 0.0714074 0.0741398 0.0741341 0.071874 0.0679064 0.062736 0.0567958 0.0504375 0.0439295 0.0374688 0.0312028 0.0252541 0.019742 0.0147927 0.010532 0.0070592 0.00441338
 0.00788225 0.01287 0.0194904 0.0277151 0.0372792 0.0475268 0.0573817 0.0656137 0.0712823 0.0740319 0.0740501 0.0718177 0.0678826 0.0627506 0.0568521 0.0505318 0.0440498 0.0375984 0.0313255 0.0253579 0.0198207 0.0148451 0.010561 0.00707027 0.00441301
 0.00791506 0.0129181 0.0195529 0.0277862 0.0373488 0.0475814 0.0574065 0.0655964 0.0712182 0.0739267 0.0739195 0.0716825 0.0677623 0.0626593 0.0567981 0.0505174 0.0440724 0.0376496 0.0313929 0.0254281 0.0198823 0.0148916 0.0105906 0.00708525 0.00441774
 0.00788503 0.0128752 0.0194992 0.0277271 0.0372913 0.0475303 0.0573631 0.0655575 0.071178 0.0738803 0.0738658 0.071626 0.0677123 0.0626271 0.056793 0.0505445 0.0441309 0.0377338 0.0314927 0.0255314 0.0199773 0.0149697 0.0106478 0.00712225 0.00443855
 0.00787107 0.0128485 0.0194519 0.027651 0.0371811 0.0473887 0.0572036 0.0654023 0.0710507 0.0737968 0.0738293 0.0716288 0.067742 0.0626738 0.0568525 0.0506171 0.0442185 0.0378358 0.031605 0.025646 0.0200848 0.0150614 0.0107187 0.0071715 0.00446908
 0.00785921 0.0128249 0.0194084 0.0275771 0.0370664 0.0472272 0.056998 0.0651669 0.0708104 0.0735825 0.0736707 0.0715465 0.0677419 0.0627471 0.0569806 0.0507792 0.0443973 0.0380194 0.0317849 0.0258151 0.0202358 0.015188 0.010817 0.00724138 0.00451415
 0.00782228 0.012767 0.0193253 0.0274657 0.036925 0.0470557 0.0567987 0.0649465 0.0705809 0.0733618 0.0734814 0.0714123 0.0676828 0.0627731 0.0570888 0.0509543 0.0446164 0.0382584 0.0320232 0.026037 0.0204307 0.0153491 0.0109413 0.00733016 0.00457222
 0.00778525 0.0127043 0.0192264 0.0273203 0.0367263 0.0468052 0.0565096 0.064643 0.0702926 0.0731156 0.0732964 0.0712994 0.0676474 0.0628175 0.0572114 0.0511475 0.044865 0.0385407 0.0323146 0.0263149 0.0206772 0.0155531 0.0110985 0.00744233 0.00464578
 0.00776348 0.0126681 0.0191702 0.0272379 0.0366115 0.0466531 0.0563193 0.0644199 0.0700499 0.0728735 0.0730789 0.0711298 0.0675432 0.0627883 0.057259 0.0512672 0.0450464 0.0387681 0.0325676 0.026571 0.0209152 0.0157569 0.0112594 0.007559 0.00472324
 0.00772902 0.0126107 0.0190816 0.02711 0.0364386 0.0464353 0.0560652 0.0641466 0.0697794 0.072628 0.0728771 0.0709861 0.0674679 0.0627878 0.0573346 0.0514145 0.0452551 0.0390227 0.0328486 0.0268561 0.0211827 0.0159889 0.0114446 0.00769481 0.00481415
 0.00932628 0.0148468 0.0217808 0.0298859 0.0388063 0.0479901 0.0566246 0.0637776 0.0687173 0.0711565 0.0712398 0.0693525 0.0659404 0.0614213 0.0561551 0.0504306 0.0444641 0.0384134 0.0324024 0.0265489 0.0209864 0.0158744 0.0113852 0.0076684 0.00480505
 0.00932567 0.0151394 0.0227383 0.0319677 0.042359 0.0529773 0.0624552 0.0694014 0.072997 0.0733144 0.0711141 0.06734 0.0627216 0.0576699 0.052371 0.0469118 0.0413551 0.0357669 0.0302224 0.0248137 0.019658 0.0149026 0.0107112 0.00722878 0.00453767
 0.00896539 0.0145761 0.021954 0.0310177 0.0414241 0.0523979 0.0626894 0.0708618 0.075804 0.0771133 0.0751197 0.070633 0.0646308 0.0580039 0.0513883 0.0451064 0.0392235 0.0336725 0.0283717 0.0232918 0.0184766 0.0140341 0.0101083 0.00683619 0.0042996
 0.00881332 0.0143143 0.0215339 0.0303886 0.040553 0.0513047 0.0614899 0.0697952 0.0752105 0.077339 0.0763597 0.0727877 0.0672748 0.0605246 0.0532335 0.0459946 0.0391997 0.0330075 0.0273992 0.0222842 0.0175976 0.01335 0.00962161 0.00651676 0.00410603
 0.00872928 0.0141749 0.021318 0.0300719 0.0401098 0.0507135 0.0607452 0.0689255 0.0742996 0.076541 0.0758878 0.0728588 0.0680132 0.0618691 0.0549159 0.0476277 0.0404347 0.0336679 0.027515 0.0220254 0.0171693 0.0129129 0.00926352 0.00626352 0.00394676
 0.00872148 0.0141569 0.0212804 0.0300014 0.03999 0.0505276 0.0604785 0.0685684 0.0738523 0.0760229 0.0753526 0.0724041 0.0677715 0.0619655 0.0554035 0.0484366 0.0413785 0.0345158 0.0280912 0.0222732 0.0171465 0.0127356 0.00904338 0.00607179 0.00381051
 0.00868674 0.0141035 0.0212057 0.0299042 0.0398699 0.0503837 0.060309 0.0683704 0.0736233 0.0757623 0.0750663 0.0721119 0.067515 0.0618099 0.055422 0.0486772 0.0418273 0.0350855 0.02865 0.0227024 0.0173888 0.0128061 0.00900285 0.00598724 0.0037285
 0.0086736 0.0140814 0.0211712 0.0298538 0.0398014 0.0502971 0.0602071 0.0682584 0.0735054 0.0756393 0.0749352 0.0719695 0.0673647 0.0616692 0.0553255 0.0486684 0.0419395 0.0353189 0.0289616 0.0230196 0.0176423 0.0129593 0.0090605 0.00598129 0.00369555
 0.00866786 0.0140702 0.0211508 0.0298196 0.0397491 0.0502242 0.060115 0.0681525 0.0733944 0.0755322 0.0748385 0.0718857 0.0672929 0.0616083 0.05528 0.0486522 0.0419728 0.0354174 0.0291231 0.0232187 0.017838 0.0131143 0.00915671 0.00602341 0.00370212
 0.0086678 0.0140692 0.0211475 0.0298118 0.0397339 0.0501983 0.0600758 0.0680984 0.0733261 0.0754536 0.0747558 0.0718062 0.067223 0.0615521 0.0552401 0.0486318 0.0419782 0.0354568 0.029201 0.023329 0.0179632 0.0132306 0.0092454 0.00607764 0.00372695
 0.00865446 0.0140504 0.0211244 0.0297873 0.0397111 0.0501795 0.0600605 0.0680842 0.0733088 0.0754296 0.0747234 0.0717664 0.0671792 0.0615096 0.0552043 0.0486078 0.0419709 0.0354707 0.0292391 0.0233903 0.01804 0.0133102 0.00931427 0.00612731 0.0037563
 0.00863741 0.0140248 0.0210899 0.0297453 0.039665 0.0501338 0.0600209 0.0680557 0.0732946 0.0754289 0.0747319 0.0717776 0.067187 0.0615108 0.0551996 0.0486012 0.0419679 0.0354771 0.0292592 0.0234255 0.0180875 0.0133633 0.0093643 0.00616732 0.00378332
 0.00862272 0.0140017 0.0210567 0.0297013 0.0396108 0.0500723 0.0599572 0.067997 0.073249 0.0754027 0.0747276 0.0717931 0.0672166 0.0615468 0.0552352 0.0486324 0.0419944 0.0355016 0.0292857 0.0234571 0.0181248 0.0134036 0.00940304 0.00619983 0.00380694
 0.00862056 0.0139966 0.0210461 0.029682 0.0395797 0.0500281 0.0599015 0.0679347 0.0731875 0.0753501 0.0746908 0.0717764 0.0672209 0.0615693 0.0552704 0.0486736 0.042036 0.0355405 0.0293216 0.0234914 0.0181588 0.013437 0.00943406 0.00622602 0.00382662
 0.00863 0.0140114 0.0210673 0.0297095 0.0396121 0.0500616 0.0599303 0.0679519 0.0731868 0.0753292 0.0746523 0.0717274 0.0671702 0.0615251 0.0552376 0.0486537 0.0420274 0.0355401 0.0293267 0.0235003 0.0181706 0.0134511 0.00944909 0.00624017 0.00383825
 0.00863 0.0140114 0.0210673 0.0297095 0.0396121 0.0500616 0.0599303 0.0679519 0.0731868 0.0753292 0.0746523 0.0717274 0.0671702 0.0615251 0.0552376 0.0486537 0.0420274 0.0355401 0.0293267 0.0235003 0.0181706 0.0134511 0.00944909 0.00624017 0.00383825
 0.00882193 0.0143178 0.0215163 0.030319 0.0403805 0.0509572 0.0608824 0.0688552 0.0739234 0.0757993 0.0748005 0.0715526 0.0667185 0.0608725 0.0544711 0.0478543 0.0412594 0.0348473 0.0287334 0.0230158 0.0177937 0.0131731 0.00925611 0.00611518 0.00376335
 0.00881925 0.0143341 0.0215791 0.030467 0.0406545 0.0513838 0.0614594 0.0695441 0.0746535 0.0764811 0.0753437 0.0718833 0.0667955 0.0606954 0.0540781 0.0473107 0.0406408 0.0342234 0.0281579 0.0225223 0.0173974 0.0128744 0.00904537 0.00597675 0.00367924
 0.00879479 0.0142872 0.0214975 0.0303402 0.040483 0.0511904 0.0612943 0.0694757 0.0747439 0.076758 0.0757824 0.0724115 0.0673154 0.0611136 0.054331 0.0473767 0.0405389 0.034001 0.027873 0.0222282 0.0171326 0.0126601 0.00888728 0.00586999 0.00361325
 0.00893212 0.0145007 0.0217988 0.0307297 0.0409452 0.0516911 0.0617814 0.0698899 0.0750387 0.0769179 0.0758274 0.0723813 0.0672435 0.0610095 0.0541794 0.0471532 0.0402297 0.0336145 0.0274403 0.0217923 0.0167351 0.0123301 0.00863732 0.00569692 0.00350385
 0.00877158 0.0142608 0.021478 0.0303427 0.0405219 0.0512721 0.0614125 0.0696158 0.0748937 0.0769183 0.0759694 0.0726462 0.067605 0.0614366 0.0546347 0.0475919 0.0406054 0.0338913 0.027604 0.0218532 0.0167215 0.0122766 0.00857314 0.00564068 0.00346306
 0.0085452 0.0138788 0.0208807 0.0294749 0.0393562 0.0498405 0.0598296 0.0680716 0.0736086 0.076079 0.0756788 0.0729075 0.0683392 0.0625165 0.0559168 0.0489401 0.041904 0.035052 0.0285702 0.0226021 0.0172615 0.0126387 0.0087994 0.00577272 0.00353519
 0.00888762 0.0143957 0.0215804 0.0303286 0.0402927 0.0507479 0.0605655 0.0684897 0.0736042 0.0756339 0.0748785 0.0719151 0.0673388 0.0616563 0.0552788 0.0485381 0.0417021 0.0349892 0.0285816 0.0226352 0.017284 0.0126391 0.00878126 0.00574619 0.00350972
 0.00868111 0.0141161 0.0212629 0.0300392 0.0401083 0.0507229 0.0607045 0.0687409 0.073876 0.0758278 0.0749234 0.0717923 0.0670889 0.0613638 0.0550395 0.0484243 0.0417403 0.0351592 0.0288326 0.022908 0.01753 0.0128306 0.0089119 0.00582469 0.00355124
 0.00869878 0.0141132 0.0212036 0.02988 0.0398202 0.0503209 0.0602627 0.068375 0.0736939 0.0758753 0.0751592 0.0721101 0.0673715 0.061536 0.0550923 0.0484039 0.0417145 0.0351819 0.028923 0.0230518 0.0176944 0.0129827 0.00903101 0.00590526 0.00359878
 0.00867042 0.0140749 0.0211584 0.0298299 0.0397599 0.050231 0.0601127 0.0681407 0.0733819 0.0755373 0.0748793 0.0719657 0.0673922 0.06169 0.0553097 0.0486181 0.0418929 0.0353285 0.0290596 0.0231949 0.0178439 0.0131255 0.00915151 0.0059944 0.0036566
 0.00859242 0.0139523 0.0209825 0.0295979 0.0394771 0.0499132 0.0597856 0.0678333 0.0731174 0.0753269 0.0747274 0.0718807 0.0673924 0.0617946 0.0555209 0.048911 0.0422239 0.035655 0.0293559 0.023453 0.0180651 0.0133106 0.00929886 0.00610287 0.00372896
 0.00862818 0.0139988 0.0210308 0.0296319 0.0394779 0.0498651 0.0596825 0.0676813 0.0729324 0.0751297 0.0745371 0.071712 0.0672567 0.0617032 0.0554863 0.0489423 0.042319 0.0357984 0.0295238 0.0236228 0.018221 0.0134442 0.00940653 0.00618365 0.00378452
 0.00851397 0.0138282 0.0208019 0.0293524 0.0391617 0.0495286 0.0593414 0.0673518 0.0726339 0.0748847 0.0743691 0.0716395 0.0672876 0.0618328 0.0556999 0.04922 0.0426402 0.0361423 0.0298688 0.0239473 0.0185066 0.0136792 0.00958678 0.00631219 0.00386917
