SBPRF35
12.7214
Curr Bio
916705
B35
888661
F35
0.173238
FOFL
0.173238
OFL
128369
Bzero
3.63469e+06
#pred survey bio
 3.48072e+06 3.37118e+06 3.26377e+06 3.12783e+06 2.92732e+06 2.70013e+06 2.4532e+06 2.21968e+06 1.99426e+06 1.75557e+06 1.57515e+06 1.39597e+06 1.22991e+06 1.08741e+06 950202 852327 775860 716892 651057 629828 614955 595824 571051 554387 538948 538462 545110 546631 537037 532795 540338 542446 554110 559036 567251 576529 589762 602166 613008 631219 629244 639599 646642 651953 654474 653847 664923 669332 667889 667761 675100 746402 806814 872207 910319 923083 2.10991e+07 1.94006e+07 1.97858e+07 2.05819e+07 2.16327e+07 2.27635e+07 2.3848e+07 2.48142e+07 2.5633e+07 2.63029e+07 2.6838e+07 2.72581e+07 2.75845e+07 2.78361e+07 2.80295e+07 2.81779e+07 2.82918e+07 2.83795e+07 2.84473e+07 2.84997e+07 2.85406e+07 2.85725e+07 2.85976e+07 2.86173e+07 2.8633e+07 2.86454e+07 2.86553e+07 2.86632e+07 2.86696e+07 2.86747e+07 2.86788e+07 2.86821e+07 2.86848e+07 2.8687e+07 2.86887e+07 2.86902e+07 2.86913e+07 2.86923e+07 2.86931e+07 2.86937e+07 2.86942e+07 2.86947e+07 2.8695e+07 2.86953e+07 2.86955e+07 2.86957e+07 2.86959e+07 2.8696e+07 2.86961e+07 2.86962e+07 2.86962e+07 2.86963e+07 2.86963e+07 2.86964e+07 2.86964e+07 2.86964e+07 2.86965e+07 2.86965e+07 2.86965e+07 2.86965e+07 2.86965e+07 2.86965e+07 2.86965e+07 2.86965e+07 2.86965e+07 2.86965e+07 2.86965e+07 2.86965e+07 2.86965e+07 2.86965e+07 2.86965e+07 2.86965e+07 2.86965e+07 2.86965e+07 2.86965e+07 2.86965e+07 2.86965e+07 2.86965e+07 2.86966e+07 2.86966e+07 2.86966e+07 2.86966e+07 2.86966e+07 2.86966e+07 2.86966e+07 2.86966e+07 2.86966e+07 2.86966e+07 2.86966e+07 2.86966e+07 2.86966e+07 2.86966e+07 2.86966e+07 2.86966e+07 2.86966e+07 2.86966e+07 2.86966e+07 2.86966e+07 2.86966e+07 2.86966e+07 0 0 0 0 0 0 0 0 0 0 0 0 0 0 0 0 0 0 0 0 0 0 0 0 0
#obs survey bio
 2.64509e+06 3.49882e+06 3.75574e+06 3.05498e+06 2.88733e+06 1.85458e+06 2.84610e+06 2.1775e+06 2.26208e+06 1.47414e+06 1.40315e+06 1.32424e+06 1.23216e+06 973844 1.16286e+06 681366 734054 690133 482649 464030 600669 788405 623911 602049 522391 857629 636738 544252 544306 448560 524686 564711 484919 501835 462641 679849 570304 755000 537632 646017 682828 593389 792316 833501 703800 798368 918172 687324 685770 448245 674855 588806 1.16562e+06 852407 1.14598e+06 1.08229e+06
#pred catch bio
 101920 105853 141354 212009 250453 284024 287378 294136 317588 274288 280271 272771 253675 248801 213691 194749 178377 180889 140472 134688 136120 136538 125211 120824 106190 99351.2 102801 110405 104109 93993.6 99317.5 92319.1 98943.2 96427 95871.2 93045.1 94588.7 97032.7 92621.8 110976 101157 105339 107742 110486 113013 103255 109261 114035 113281 108713 59516.8 74599.7 73478.9 98590.5 120971 136742 128369 128944 130416 134557 140802 147685 154248 159997 164755 168534 171445 173636 175256 176437 177288 177896 178328 178632 178846 178995 179100 179172 179223 179258 179282 179299 179310 179318 179324 179327 179330 179332 179333 179334 179334 179335 179335 179335 179335 179335 179336 179336 179336 179336 179336 179336 179336 179336 179336 179336 179336 179336 179336 179336 179336 179336 179336 179336 179336 179336 179336 179336 179336 179336 179336 179336 179336 179336 179336 179336 179336 179336 179336 179336 179336 179336 179336 179336 179336 179336 179336 179336 179336 179336 179336 179336 179336 179336 179336 179336 179336 179336 179336 179336 179336 179336 179336 179336 179336 179336 0 0 0 0 0 0 0 0 0 0 0 0 0 0 0 0 0 0 0 0 0 0 0 0 0
#obs catch bio
 0 105690 141225 212663 250705 284989 288181 295380 319310 274523 280664 273721 253970 248713 212884 195572 179355 182557 141279 136555 138158 137770 125497 120919 106598 99295.6 102613 110259 103646 93620.8 99073.8 92220.2 99354.9 96548.1 96090.9 92954.3 94433.9 96767.3 92361.9 111378 100958 105506 107831 110701 113336 103115 109224 113741 112946 109466 59270.7 75183.5 73541.4 98862.3 120956 136871
#pred cpue bio
 3.43411e+06 3.32585e+06 3.21846e+06 3.08216e+06 2.88222e+06 2.65563e+06 2.40941e+06 2.17666e+06 1.95233e+06 1.71527e+06 1.53595e+06 1.35806e+06 1.19348e+06 1.05247e+06 916829 819846 744163 686203 621896 600992 586513 568417 545037 529322 514496 514240 521089 522903 513778 509734 517043 518947 530219 535133 543323 552538 565591 577725 588165 605732 603712 613739 620493 625642 628178 627650 638562 643003 641571 641099 647730 717338 777147 841974 879499 891597 2.03697e+07 1.87284e+07 1.90135e+07 1.97071e+07 2.07266e+07 2.1851e+07 2.29345e+07 2.39005e+07 2.47192e+07 2.53892e+07 2.59242e+07 2.63444e+07 2.66707e+07 2.69224e+07 2.71157e+07 2.72641e+07 2.73781e+07 2.74658e+07 2.75335e+07 2.7586e+07 2.76268e+07 2.76588e+07 2.76838e+07 2.77036e+07 2.77192e+07 2.77317e+07 2.77416e+07 2.77495e+07 2.77558e+07 2.77609e+07 2.7765e+07 2.77683e+07 2.7771e+07 2.77732e+07 2.7775e+07 2.77764e+07 2.77776e+07 2.77785e+07 2.77793e+07 2.77799e+07 2.77805e+07 2.77809e+07 2.77812e+07 2.77815e+07 2.77818e+07 2.77819e+07 2.77821e+07 2.77822e+07 2.77823e+07 2.77824e+07 2.77825e+07 2.77825e+07 2.77826e+07 2.77826e+07 2.77827e+07 2.77827e+07 2.77827e+07 2.77827e+07 2.77827e+07 2.77827e+07 2.77827e+07 2.77828e+07 2.77828e+07 2.77828e+07 2.77828e+07 2.77828e+07 2.77828e+07 2.77828e+07 2.77828e+07 2.77828e+07 2.77828e+07 2.77828e+07 2.77828e+07 2.77828e+07 2.77828e+07 2.77828e+07 2.77828e+07 2.77828e+07 2.77828e+07 2.77828e+07 2.77828e+07 2.77828e+07 2.77828e+07 2.77828e+07 2.77828e+07 2.77828e+07 2.77828e+07 2.77828e+07 2.77828e+07 2.77828e+07 2.77828e+07 2.77828e+07 2.77828e+07 2.77828e+07 2.77828e+07 2.77828e+07 2.77828e+07 2.77828e+07 2.77828e+07 2.77828e+07 0 0 0 0 0 0 0 0 0 0 0 0 0 0 0 0 0 0 0 0 0 0 0 0 0
#obs cpue bio
 3.26394e+06 3.58506e+06 3.29887e+06 2.38375e+06 3.33977e+06 3.03708e+06 1.98828e+06 1.83406e+06 1.8978e+06 2.21855e+06 1.86032e+06 1.21567e+06 1.2841e+06 1.38604e+06 861992 656484 651324 632556 686516 454742 487621 542007 622020 550615 387471 412829 509150 564349 634630 567902 574673 400421 460177 668300 613010 577571 640331 547911 579048 478443 675159 539018 524556 442499 566507 604491 471613 774322 660773 583890 583148 511117 714901 1.0386e+06 955103 711375
#pred surv len freq
 0.00426368 0.00701159 0.0107201 0.0154271 0.0210509 0.0273005 0.0336551 0.0395039 0.0443774 0.0480972 0.0507484 0.0525449 0.0537114 0.0544284 0.0548213 0.05497 0.054926 0.0547155 0.0542979 0.0534767 0.051828 0.0487631 0.0437921 0.0368863 0.0286827
 0.00456256 0.00741205 0.0111683 0.0158289 0.0213093 0.0273674 0.0335645 0.0393564 0.0442816 0.048105 0.0508281 0.0526094 0.0536784 0.0542739 0.0545969 0.0547774 0.0548639 0.0548253 0.0545328 0.0537134 0.0519198 0.0486106 0.0433913 0.0363265 0.0280964
 0.00464559 0.00760286 0.0115516 0.0164993 0.0223257 0.0286954 0.0350453 0.0407416 0.0453307 0.0486871 0.0509599 0.052407 0.0532695 0.0537393 0.0539725 0.0540926 0.0541689 0.0541794 0.0539668 0.053201 0.051388 0.0479873 0.0426579 0.0355366 0.0273483
 0.00474589 0.00775642 0.0117703 0.0168018 0.0227493 0.0293028 0.0359106 0.0419078 0.0467542 0.0502097 0.0523418 0.0534153 0.0537686 0.053725 0.0535379 0.053366 0.0532692 0.0532005 0.0529738 0.0522247 0.0504256 0.0470216 0.0416903 0.0346068 0.0265243
 0.00493492 0.00806152 0.0122244 0.0174314 0.0235683 0.0303048 0.0370673 0.0431771 0.0480948 0.0515848 0.0537 0.0546611 0.0547563 0.0542961 0.0535837 0.0528714 0.0523112 0.0519085 0.0514828 0.0506449 0.0488347 0.0454761 0.0402437 0.0333206 0.0254593
 0.00514469 0.00840577 0.0127483 0.018179 0.0245729 0.0315749 0.0385713 0.0448389 0.0498067 0.0532338 0.0551921 0.0559288 0.0557454 0.0549432 0.0538082 0.0525953 0.0514967 0.0505869 0.0497537 0.0486497 0.0467253 0.0433953 0.0383184 0.0316564 0.0241284
 0.00536927 0.00877533 0.0133132 0.0189897 0.0256714 0.0329797 0.0402611 0.046744 0.0518155 0.0552111 0.0570015 0.0574523 0.0568946 0.0556597 0.0540521 0.052332 0.0506957 0.0492404 0.0479029 0.0464007 0.0442428 0.0408774 0.0359631 0.0296276 0.022527
 0.00555982 0.0090931 0.0138068 0.0197111 0.0266673 0.0342773 0.0418518 0.0485755 0.0537962 0.0572239 0.0589189 0.0591486 0.0582565 0.0565947 0.0544928 0.0522339 0.0500322 0.048004 0.0461194 0.0441508 0.0416759 0.0382032 0.0334157 0.0274131 0.0207774
 0.00573868 0.00939033 0.0142668 0.0203812 0.0275908 0.0354808 0.0433316 0.0502896 0.0556672 0.0591507 0.0607892 0.0608487 0.059678 0.0576403 0.0550802 0.0522985 0.0495292 0.0469124 0.0444535 0.0419782 0.039135 0.0355021 0.0308011 0.0251151 0.0189507
 0.0060402 0.00986903 0.0149663 0.0213354 0.0288198 0.0369835 0.0450762 0.0522086 0.0576632 0.0611116 0.0626038 0.0624176 0.0609176 0.0584824 0.0554689 0.0521868 0.0488782 0.0456973 0.0426783 0.0396981 0.0364778 0.0326715 0.0280496 0.0226857 0.0170128
 0.00626622 0.0102391 0.0155276 0.0221327 0.0298851 0.038322 0.0466529 0.0539464 0.0594583 0.0628568 0.0642069 0.0638059 0.0620324 0.0592718 0.055883 0.0521765 0.0483971 0.0447087 0.04117 0.0377055 0.0341061 0.030103 0.0255197 0.0204286 0.0151979
 0.00648112 0.0105998 0.0160915 0.0229598 0.0310257 0.0397955 0.048427 0.0559293 0.0615119 0.064825 0.0659462 0.0652072 0.0630297 0.0598376 0.0560144 0.0518771 0.0476647 0.0435342 0.0395511 0.0356719 0.0317467 0.0275789 0.0230458 0.018224 0.0134242
 0.00672594 0.0109949 0.0166817 0.023787 0.0321235 0.0411796 0.0500813 0.0577957 0.0634898 0.0667818 0.0677358 0.066691 0.0640981 0.0604246 0.0560997 0.0514754 0.0468064 0.0422508 0.0378736 0.0336465 0.0294599 0.0251733 0.0207104 0.0161527 0.0117607
 0.00699433 0.0114244 0.0173152 0.0246594 0.0332552 0.0425666 0.0516851 0.0595414 0.0652762 0.0684997 0.0692821 0.0679741 0.0650384 0.0609574 0.0561822 0.0510922 0.0459696 0.0409931 0.0362427 0.0317078 0.0273084 0.0229437 0.0185697 0.0142677 0.0102533
 0.00737828 0.0120329 0.0182006 0.025858 0.0347778 0.0443862 0.0537247 0.0616724 0.0673378 0.070332 0.0707566 0.06901 0.0656005 0.0610445 0.0558127 0.0502938 0.0447753 0.0394425 0.0343871 0.0296177 0.0250818 0.0207098 0.0164782 0.0124607 0.0088281
 0.00761208 0.0124208 0.0187984 0.0267204 0.0359452 0.0458639 0.0554638 0.0635657 0.0692376 0.0720817 0.0722203 0.070089 0.0662382 0.0612231 0.0555448 0.049612 0.0437222 0.0380655 0.0327404 0.0277697 0.0231241 0.0187592 0.0146657 0.0109062 0.0076098
 0.00768331 0.0125589 0.0190481 0.0271393 0.0365927 0.0467824 0.0566581 0.0649918 0.070805 0.0736669 0.073687 0.0713086 0.0671089 0.0616822 0.0555717 0.0492217 0.0429538 0.0369724 0.0313848 0.0262251 0.0214795 0.0171211 0.0131481 0.00960995 0.00659836
 0.00772244 0.0126215 0.0191425 0.0272774 0.0367943 0.0470785 0.0570888 0.0655959 0.0716029 0.0746427 0.0747792 0.0724167 0.0681129 0.0624674 0.0560503 0.0493445 0.0427115 0.0363899 0.0305132 0.0251355 0.0202599 0.0158723 0.0119738 0.00859916 0.00580685
 0.00804991 0.0131128 0.0198048 0.0280893 0.0377107 0.0480412 0.0580366 0.0664723 0.0723641 0.0752655 0.0752617 0.072768 0.0683375 0.0625541 0.0559721 0.0490691 0.0422154 0.03567 0.0295923 0.0240619 0.0191046 0.0147204 0.0109124 0.00770047 0.00511265
 0.00801729 0.0130838 0.0198042 0.0281513 0.0378661 0.0482993 0.0583735 0.0668379 0.0727058 0.075555 0.075507 0.0730032 0.0685974 0.0628494 0.0562784 0.0493322 0.0423688 0.035656 0.0293801 0.0236572 0.0185486 0.0140814 0.0102695 0.00712483 0.00465165
 0.0077992 0.0127658 0.0193951 0.0276874 0.0374062 0.0479135 0.058129 0.066784 0.0728596 0.0758937 0.0759739 0.0735301 0.0691296 0.0633584 0.0567542 0.0497645 0.0427333 0.0359146 0.0294944 0.0236067 0.0183432 0.0137619 0.0098964 0.00676087 0.00434427
 0.00766719 0.0125487 0.0190662 0.0272269 0.0368133 0.0472214 0.0574149 0.0661603 0.0724442 0.0757705 0.0761642 0.0739892 0.0697687 0.0640776 0.0574703 0.0504223 0.0433008 0.0363703 0.0298192 0.0237865 0.0183782 0.0136739 0.00972732 0.00656081 0.00415698
 0.00774407 0.0126461 0.0191611 0.0272789 0.0367735 0.0470487 0.0570925 0.0657072 0.0719173 0.0752557 0.0757577 0.0737709 0.0697777 0.0643008 0.0578511 0.0508837 0.0437689 0.0367882 0.0301496 0.0240088 0.018487 0.0136803 0.00965776 0.00645098 0.00404129
 0.0078442 0.0127935 0.0193526 0.0274974 0.036987 0.0472123 0.057154 0.0656184 0.0716513 0.0748245 0.0752199 0.0732215 0.0693216 0.0640208 0.057784 0.051014 0.0440402 0.0371259 0.0304828 0.0242849 0.0186774 0.0137798 0.00968034 0.00642224 0.00398933
 0.00788692 0.0128701 0.0194801 0.0276931 0.0372606 0.0475547 0.0575285 0.065962 0.0718884 0.0748899 0.0750805 0.0728901 0.0688564 0.0635115 0.0573263 0.0506817 0.0438659 0.037097 0.0305542 0.0243995 0.0187858 0.0138522 0.00970849 0.00641447 0.00396163
 0.00781506 0.0127515 0.0193001 0.0274409 0.0369369 0.0471798 0.0571465 0.0656329 0.0716679 0.0748059 0.0751216 0.0730126 0.0690075 0.0636535 0.0574512 0.0508083 0.0440232 0.037304 0.030807 0.024672 0.019042 0.0140611 0.00985507 0.00650108 0.00400251
 0.00774637 0.0126319 0.0191055 0.0271449 0.0365178 0.0466326 0.0564945 0.064933 0.0710039 0.0742706 0.0747927 0.0729311 0.0691661 0.0640021 0.0579178 0.0513247 0.0445433 0.0378056 0.0312808 0.0251085 0.019426 0.0143758 0.0100902 0.00665858 0.00409574
 0.0076863 0.0125432 0.0189876 0.0270004 0.036348 0.0464322 0.0562507 0.0646309 0.070639 0.0738611 0.074384 0.0725875 0.0689514 0.0639577 0.0580488 0.0516013 0.0449152 0.0382208 0.0316981 0.0254999 0.0197725 0.0146639 0.0103119 0.00681406 0.0041937
 0.00777551 0.0126716 0.0191502 0.0271825 0.0365298 0.0465952 0.0563807 0.0647159 0.0706636 0.0738041 0.0742263 0.0723252 0.0686084 0.0635857 0.057712 0.0513542 0.0447853 0.0382048 0.0317705 0.0256267 0.0199212 0.0148089 0.010436 0.00690837 0.00425733
 0.00788916 0.0128394 0.0193706 0.0274412 0.0368013 0.0468475 0.0565812 0.064837 0.0706888 0.0737321 0.0740689 0.072101 0.0683362 0.0632843 0.0574049 0.0510724 0.0445616 0.0380629 0.0317163 0.0256473 0.0199916 0.0149012 0.0105272 0.00698399 0.00431172
 0.00790895 0.0128693 0.0194109 0.0274894 0.0368512 0.0468891 0.0566007 0.0648204 0.0706266 0.0736249 0.0739293 0.0719497 0.0681946 0.0631669 0.0573175 0.0510153 0.044536 0.0380729 0.0317657 0.025734 0.020105 0.015024 0.0106415 0.00707729 0.00437894
 0.00792892 0.0129083 0.0194811 0.027605 0.0370233 0.0471179 0.05687 0.0650964 0.0708654 0.0737845 0.0739812 0.0718864 0.0680298 0.0629306 0.0570465 0.0507441 0.044291 0.0378717 0.0316183 0.0256431 0.0200657 0.0150246 0.0106661 0.00711043 0.00440957
 0.00778067 0.0126876 0.0191879 0.0272546 0.0366453 0.0467517 0.0565592 0.0648825 0.0707785 0.0738332 0.0741482 0.072133 0.0683087 0.0632003 0.0572809 0.0509352 0.0444442 0.037999 0.0317319 0.0257514 0.0201716 0.0151259 0.0107573 0.00718568 0.00446567
 0.00774004 0.0126132 0.0190615 0.0270571 0.036365 0.0463952 0.0561598 0.0644971 0.0704722 0.0736585 0.0741284 0.0722582 0.0685432 0.0634952 0.0575885 0.0512192 0.0446851 0.0381935 0.0318873 0.0258788 0.0202802 0.0152202 0.0108378 0.00725066 0.00451394
 0.00769204 0.0125354 0.0189442 0.0268901 0.0361382 0.046101 0.0557981 0.0640819 0.070037 0.0732557 0.07382 0.0720986 0.068561 0.0636838 0.0579088 0.051614 0.0450973 0.0385794 0.0322223 0.0261552 0.020501 0.0153924 0.0109683 0.00734558 0.00457897
 0.00766684 0.0124893 0.0188654 0.0267647 0.0359533 0.0458503 0.0554857 0.0637237 0.0696576 0.0728846 0.0734898 0.0718451 0.0684201 0.0636829 0.0580565 0.051893 0.0454673 0.0389888 0.0326227 0.0265121 0.0207965 0.0156229 0.0111387 0.00746481 0.00465741
 0.00766591 0.0124776 0.018829 0.0266837 0.0358067 0.045623 0.055176 0.0633464 0.0692423 0.0724695 0.0731152 0.0715473 0.0682283 0.0636176 0.0581274 0.0520965 0.0457837 0.0393823 0.0330477 0.0269232 0.0211588 0.0159166 0.0113593 0.0076187 0.00475702
 0.0077055 0.0125341 0.0188987 0.0267562 0.035865 0.0456454 0.0551394 0.0632313 0.0690388 0.0721841 0.0727727 0.0711873 0.0678965 0.0633562 0.0579681 0.0520567 0.0458643 0.0395678 0.0333078 0.0272187 0.0214502 0.0161728 0.0115627 0.00776571 0.00485394
 0.00775481 0.0126115 0.0190095 0.026902 0.0360415 0.0458399 0.0553288 0.0633834 0.0691187 0.072163 0.0726375 0.070946 0.0675775 0.0630033 0.0576311 0.051781 0.0456821 0.0394926 0.0333332 0.0273215 0.0215973 0.0163305 0.0117046 0.00787712 0.00493156
 0.00760879 0.0124042 0.0187532 0.0266274 0.0357895 0.0456475 0.0552179 0.0633565 0.069162 0.0722525 0.0727448 0.0710437 0.0676455 0.0630336 0.0576309 0.0517707 0.0456882 0.0395386 0.0334309 0.0274673 0.0217735 0.0165123 0.0118685 0.00800778 0.00502424
 0.00768652 0.0125103 0.0188768 0.0267493 0.0358917 0.0457263 0.0552899 0.0634515 0.0693036 0.0724391 0.0729432 0.0712017 0.0677133 0.0629839 0.0574661 0.0515195 0.0453953 0.039252 0.0331905 0.0272965 0.0216766 0.0164772 0.0118742 0.00803263 0.00505216
 0.00767195 0.0124905 0.0188532 0.0267231 0.0358606 0.0456818 0.0552191 0.0633455 0.0691692 0.0723051 0.0728524 0.0711898 0.0677886 0.0631206 0.0576179 0.0516422 0.0454656 0.0392722 0.0331816 0.0272843 0.0216797 0.0165014 0.0119142 0.00807755 0.0050922
 0.00762155 0.0124206 0.0187704 0.0266413 0.0357974 0.0456518 0.0552276 0.0633854 0.0692229 0.0723512 0.0728757 0.07119 0.0677804 0.0631246 0.057646 0.0516899 0.0455156 0.0393068 0.0331937 0.0272798 0.0216716 0.0165009 0.011925 0.00809658 0.00511335
 0.00756089 0.0123273 0.0186407 0.0264774 0.0356088 0.0454567 0.0550523 0.0632596 0.0691702 0.072379 0.0729713 0.0713253 0.0679251 0.0632583 0.0577627 0.0517932 0.0456097 0.0393908 0.0332633 0.0273321 0.0217086 0.0165282 0.0119481 0.00811797 0.00513249
 0.00753406 0.0122824 0.0185707 0.0263758 0.0354716 0.0452861 0.0548597 0.0630663 0.0690043 0.0722681 0.0729342 0.0713663 0.0680322 0.0634075 0.0579274 0.0519522 0.0457514 0.0395117 0.0333634 0.0274122 0.0217704 0.0165744 0.0119824 0.00814362 0.00515161
 0.00755085 0.0123054 0.0185974 0.0264001 0.0354852 0.0452799 0.0548259 0.0630009 0.0689094 0.0721536 0.0728175 0.0712683 0.0679713 0.0633932 0.0579572 0.0520138 0.0458283 0.0395894 0.0334324 0.0274688 0.0218141 0.0166068 0.0120059 0.00816059 0.00516376
 0.00747169 0.0121829 0.0184245 0.0261748 0.035211 0.0449664 0.0544897 0.0626659 0.0686044 0.0719076 0.0726549 0.0712054 0.0680146 0.0635386 0.0581901 0.0523106 0.0461596 0.0399248 0.0337459 0.0277421 0.0220379 0.0167796 0.0121316 0.00824664 0.00521893
 0.00750365 0.0122209 0.0184563 0.0261806 0.0351694 0.0448629 0.054324 0.0624524 0.0683668 0.0716716 0.0724425 0.0710342 0.0678985 0.0634884 0.0582118 0.0524028 0.0463117 0.0401179 0.0339565 0.027947 0.0222192 0.0169269 0.0122422 0.00832347 0.00526834
 0.00765744 0.0124508 0.0187635 0.0265505 0.0355718 0.0452554 0.0546574 0.062678 0.0684472 0.0715924 0.0722179 0.0707018 0.067508 0.0630892 0.0578448 0.0520968 0.0460825 0.039968 0.0338767 0.0279202 0.0222256 0.0169488 0.0122671 0.00834464 0.00528353
 0.00780424 0.0126833 0.0191009 0.0270029 0.0361344 0.0459014 0.0553324 0.0633032 0.0689359 0.0718725 0.0722517 0.0704938 0.0670996 0.0625447 0.0572364 0.0514908 0.0455301 0.0395015 0.0335097 0.0276503 0.0220394 0.0168278 0.0121927 0.00830115 0.00525935
 0.0078066 0.0127026 0.0191585 0.0271283 0.0363577 0.0462411 0.0557835 0.0638325 0.0694855 0.0723715 0.0726304 0.0706978 0.0671011 0.0623493 0.0568805 0.0510317 0.0450323 0.0390226 0.0330911 0.027314 0.0217894 0.0166551 0.0120814 0.00823407 0.00522154
 0.00731305 0.0119356 0.0180733 0.0257159 0.0346565 0.0443482 0.053862 0.0620992 0.0681686 0.0716507 0.0725867 0.0712969 0.068213 0.0637898 0.0584592 0.0525905 0.0464655 0.040278 0.0341556 0.0281951 0.022501 0.0172113 0.0124966 0.00852576 0.00541187
 0.0071088 0.0115792 0.0174935 0.0248357 0.0334159 0.0427393 0.0519607 0.0600719 0.0662453 0.0700738 0.0715581 0.0709391 0.0685494 0.0647448 0.0598784 0.0542785 0.0482291 0.0419613 0.035657 0.0294648 0.0235271 0.0180045 0.0130801 0.00893042 0.00567347
 0.00706337 0.011481 0.0172985 0.0244824 0.0328327 0.0418621 0.0507554 0.0585567 0.0645059 0.0682656 0.0698903 0.0696375 0.0678056 0.0646689 0.0604716 0.0554364 0.0497718 0.0436802 0.0373603 0.031009 0.0248278 0.0190304 0.0138392 0.00945592 0.00601155
 0.00711648 0.0115729 0.0174443 0.0246919 0.0330982 0.0421429 0.0509685 0.058586 0.0642329 0.0676141 0.0688659 0.0683447 0.0664334 0.0634472 0.0596113 0.0550716 0.0499274 0.0442743 0.0382398 0.0320003 0.0257815 0.0198471 0.0144739 0.0099073 0.00630598
 0.00707422 0.0115387 0.0174567 0.0248076 0.0333766 0.0426198 0.0516307 0.0593579 0.0649832 0.0681802 0.0690917 0.0681255 0.0657556 0.0624071 0.058399 0.0539193 0.0490406 0.0437735 0.0381361 0.0322118 0.0261776 0.0202979 0.014884 0.0102277 0.00652714
#obs surv len freq
 nan nan nan nan nan nan nan nan nan nan nan nan nan nan nan nan nan nan nan nan nan nan nan nan nan
 0.00448449 0.00734587 0.011176 0.0159927 0.021694 0.0279701 0.0342847 0.0400163 0.0446957 0.0481591 0.0505163 0.0520114 0.0529029 0.0534146 0.0537283 0.0539827 0.054261 0.0545535 0.0546922 0.054284 0.0527221 0.0493543 0.0438043 0.0362847 0.0276687
 0.00461335 0.00755748 0.0114981 0.0164514 0.0223073 0.0287384 0.0351805 0.0409818 0.0456512 0.049018 0.0512022 0.052469 0.0531039 0.0533576 0.0534349 0.0534897 0.0536114 0.0537899 0.0538534 0.053407 0.0518454 0.0485209 0.0430585 0.0356643 0.0271945
 0.00477556 0.00782274 0.0119003 0.0170231 0.0230738 0.0297074 0.0363311 0.0422592 0.0469712 0.0502808 0.0523065 0.053325 0.053643 0.0535397 0.0532515 0.0529623 0.052785 0.0527235 0.052613 0.0520627 0.0504723 0.0471992 0.0418678 0.0346701 0.0264333
 0.0049726 0.0081439 0.0123852 0.0177094 0.0239899 0.0308615 0.0376995 0.0437816 0.048558 0.0518277 0.0537089 0.0544864 0.0544793 0.0539845 0.0532621 0.0525253 0.0519187 0.0514771 0.0510618 0.0503039 0.0486214 0.0453835 0.0402132 0.0332797 0.0253647
 0.00517774 0.00848183 0.012902 0.0184509 0.0249926 0.0321385 0.0392262 0.0454906 0.0503491 0.0535865 0.0553245 0.0558601 0.0555268 0.0546347 0.0534581 0.0522287 0.0511165 0.0501892 0.049348 0.0482667 0.0464034 0.0431558 0.0381512 0.0315293 0.0240111
 0.00541622 0.00887039 0.0134886 0.0192813 0.0261024 0.0335403 0.0408952 0.0473585 0.0523119 0.0555229 0.0571138 0.0573946 0.0567163 0.0554068 0.0537557 0.0520084 0.0503509 0.0488763 0.0475251 0.0460251 0.0438942 0.04058 0.0357277 0.0294482 0.0223892
 0.00565229 0.00925872 0.0140815 0.0201302 0.0272481 0.0349969 0.0426344 0.0493047 0.0543535 0.0575342 0.0589749 0.0590011 0.057981 0.0562578 0.054134 0.0518661 0.0496524 0.0476054 0.0457009 0.0437218 0.041257 0.0378202 0.0330903 0.0271559 0.0205865
 0.00589374 0.00965377 0.014681 0.0209837 0.028395 0.0364525 0.0443742 0.0512579 0.0564117 0.0595709 0.0608656 0.0606365 0.0592717 0.057134 0.0545416 0.0517613 0.0489997 0.0463826 0.0439148 0.0414316 0.0385955 0.034996 0.0303573 0.0247552 0.0186823
 0.00611495 0.010019 0.0152412 0.02179 0.029489 0.0378506 0.0460519 0.0531443 0.0584003 0.06154 0.0626976 0.0622285 0.0605385 0.0580073 0.0549677 0.0516973 0.0484111 0.045246 0.0422306 0.0392473 0.0360293 0.0322436 0.0276672 0.0223708 0.0167762
 0.006368 0.0104293 0.0158568 0.0226552 0.0306365 0.0392888 0.0477512 0.0550315 0.0603673 0.0634638 0.0644599 0.0637282 0.0616972 0.0587678 0.0552893 0.0515502 0.0477708 0.0440954 0.0405709 0.0371197 0.0335393 0.0295717 0.0250479 0.0200394 0.014904
 0.00660956 0.0108273 0.0164652 0.0235262 0.0318094 0.0407714 0.0495036 0.0569619 0.0623483 0.0653594 0.06615 0.0651199 0.0627248 0.0593888 0.0554778 0.0512903 0.0470522 0.0429122 0.0389305 0.0350621 0.0311599 0.0270332 0.0225641 0.0178275 0.0131245
 0.00684175 0.0112081 0.0170445 0.0243528 0.0329212 0.0421806 0.05118 0.0588264 0.0642819 0.067225 0.0678159 0.0664774 0.0636973 0.0599324 0.0555759 0.0509439 0.0462696 0.0417049 0.0373188 0.0330904 0.0289176 0.0246661 0.0202621 0.0157837 0.0114816
 0.00709059 0.0116149 0.0176605 0.0252261 0.0340864 0.0436424 0.0528977 0.0607093 0.0662026 0.0690446 0.0694071 0.0677385 0.064557 0.0603501 0.055539 0.0504617 0.0453652 0.0404088 0.0356688 0.0311422 0.0267605 0.0224329 0.0181196 0.0138985 0.00997497
 0.00727894 0.0119298 0.0181506 0.0259417 0.0350688 0.0449067 0.0544158 0.0624041 0.0679592 0.0707328 0.0709039 0.0689424 0.0653942 0.060776 0.0555359 0.0500343 0.0445353 0.0392105 0.0341481 0.0293621 0.0248111 0.0204367 0.0162223 0.0122412 0.00865737
 0.00743723 0.0121872 0.0185386 0.0264912 0.0358057 0.0458448 0.0555466 0.0636906 0.069336 0.0721136 0.0721924 0.0700439 0.0662266 0.0612774 0.0556696 0.0497879 0.0439176 0.0382479 0.0328836 0.0278583 0.023155 0.018741 0.0146152 0.0108427 0.00754932
 0.00751268 0.0123139 0.0187369 0.0267833 0.0362122 0.0463789 0.0562086 0.064465 0.0701947 0.0730199 0.0731032 0.0709086 0.0669865 0.0618689 0.0560317 0.0498719 0.0436945 0.037713 0.032058 0.0267905 0.0219211 0.017442 0.0133644 0.00974453 0.00667525
 0.00761841 0.0124746 0.0189584 0.027065 0.0365493 0.0467662 0.0566418 0.0649398 0.0707045 0.0735542 0.0736472 0.0714423 0.067484 0.0622967 0.0563484 0.0500313 0.0436532 0.0374401 0.0315455 0.02606 0.0210271 0.0164666 0.0124045 0.0088907 0.00599049
 0.00765309 0.0125318 0.0190457 0.027189 0.0367133 0.0469674 0.0568704 0.0651818 0.0709485 0.0737982 0.0738992 0.0717143 0.0677816 0.0626109 0.0566524 0.0502835 0.043804 0.0374426 0.0313669 0.0256936 0.0204989 0.0158342 0.0117452 0.00828242 0.00549093
 0.0077261 0.0126382 0.0191831 0.0273479 0.036881 0.0471327 0.0570272 0.0653292 0.071087 0.0739277 0.0740194 0.0718279 0.067895 0.0627318 0.0567827 0.0504123 0.0439052 0.0374788 0.0313005 0.0255006 0.0201805 0.0154211 0.0112912 0.007848 0.00512509
 0.00775038 0.012679 0.0192466 0.027439 0.0370002 0.0472731 0.0571733 0.06546 0.0711849 0.0739861 0.0740462 0.0718402 0.0679116 0.062766 0.0568397 0.0504879 0.043985 0.0375385 0.0313099 0.0254328 0.0200232 0.0151847 0.0110078 0.00756069 0.00487328
 0.00781463 0.0127734 0.0193702 0.0275848 0.0371581 0.0474332 0.0573278 0.0656025 0.0713071 0.0740775 0.0740963 0.0718443 0.0678748 0.0627028 0.0567689 0.0504252 0.0439364 0.0374981 0.0312616 0.0253562 0.019903 0.0150191 0.0108112 0.0073592 0.0046937
 0.00784805 0.0128272 0.0194495 0.0276928 0.0372936 0.0475885 0.0574878 0.0657473 0.0714187 0.0741458 0.0741214 0.0718332 0.0678365 0.0626457 0.0567006 0.0503536 0.0438687 0.0374371 0.0312032 0.0252903 0.0198183 0.0149103 0.0106833 0.00722614 0.00457265
 0.00787491 0.0128699 0.019512 0.0277781 0.037403 0.0477209 0.0576379 0.0659044 0.0715674 0.0742685 0.0742029 0.071865 0.0678187 0.0625864 0.0566123 0.0502496 0.0437605 0.0373326 0.0311054 0.0251972 0.019725 0.0148128 0.0105821 0.00712741 0.00448519
 0.00788503 0.0128809 0.0195189 0.0277736 0.0373807 0.0476793 0.0575837 0.0658518 0.0715334 0.0742662 0.0742364 0.0719281 0.0678979 0.0626658 0.0566793 0.0502976 0.0437887 0.0373437 0.0311028 0.0251829 0.0196993 0.0147757 0.0105355 0.00707632 0.00443633
 0.00786646 0.012849 0.0194674 0.0276959 0.0372709 0.0475349 0.0574091 0.0656602 0.0713464 0.0741106 0.0741383 0.0719056 0.0679556 0.0627931 0.0568536 0.0504917 0.0439782 0.0375116 0.0312401 0.0252866 0.01977 0.0148163 0.010551 0.00707371 0.00442356
 0.00787882 0.0128619 0.0194737 0.0276841 0.0372282 0.0474518 0.0572832 0.065498 0.0711622 0.073924 0.0739714 0.0717807 0.0678914 0.0628001 0.0569309 0.0506258 0.0441469 0.03769 0.0314067 0.0254268 0.019877 0.0148894 0.0105943 0.00709399 0.00442877
 0.00789726 0.0128917 0.0195175 0.0277428 0.0372987 0.0475249 0.0573429 0.0655243 0.0711378 0.0738416 0.0738381 0.0716169 0.0677247 0.0626585 0.0568359 0.0505883 0.0441651 0.0377513 0.031492 0.0255168 0.0199564 0.0149498 0.0106338 0.00711543 0.00443738
 0.00789234 0.0128847 0.019509 0.0277343 0.0372926 0.0475239 0.0573487 0.0655365 0.0711513 0.0738475 0.0738254 0.0715779 0.0676597 0.0625778 0.056757 0.0505302 0.0441415 0.0377662 0.0315395 0.0255836 0.0200272 0.0150122 0.0106809 0.0071459 0.00445412
 0.00786488 0.0128378 0.0194348 0.027625 0.0371441 0.0473398 0.0571438 0.0653354 0.0709829 0.0737356 0.0737812 0.0715976 0.0677283 0.0626756 0.0568677 0.0506451 0.0442595 0.0378897 0.0316687 0.025714 0.0201504 0.0151187 0.0107641 0.00720439 0.00449079
 0.00785631 0.0128214 0.0194052 0.0275755 0.0370673 0.0472301 0.0570002 0.0651642 0.0707985 0.0735591 0.073637 0.0715065 0.067702 0.0627129 0.0569562 0.050767 0.0443981 0.0380332 0.0318104 0.0258495 0.0202746 0.0152261 0.01085 0.00726691 0.00453183
 0.00782604 0.0127719 0.0193303 0.0274695 0.0369263 0.0470542 0.0567954 0.0649429 0.070578 0.0733588 0.0734756 0.0714008 0.0676642 0.0627488 0.0570626 0.0509313 0.0446008 0.038253 0.0320287 0.0260523 0.0204528 0.015374 0.0109651 0.00735001 0.00458676
 0.00777748 0.0126947 0.0192175 0.027316 0.0367305 0.0468195 0.0565323 0.0646693 0.0703166 0.0731328 0.0733047 0.0712987 0.0676384 0.0628011 0.057189 0.0511218 0.0448397 0.03852 0.0323017 0.0263111 0.0206818 0.0155635 0.0111114 0.00745482 0.00465588
 0.00775182 0.012649 0.0191415 0.0271983 0.0365616 0.0465967 0.056264 0.0643755 0.0700249 0.0728719 0.0730984 0.0711636 0.0675831 0.0628274 0.0572929 0.0512941 0.0450668 0.0387839 0.0325815 0.0265851 0.0209308 0.0157736 0.0112757 0.00757336 0.0047344
 0.00774186 0.0126289 0.019104 0.0271335 0.0364589 0.0464479 0.0560669 0.0641364 0.0697594 0.0726029 0.0728531 0.0709681 0.0674584 0.0627853 0.0573356 0.0514153 0.0452534 0.0390184 0.032843 0.0268513 0.0211805 0.0159899 0.0114483 0.00769983 0.00481912
 0.00769219 0.0125535 0.0190002 0.0270021 0.0363026 0.0462704 0.0558718 0.0639283 0.0695451 0.0723926 0.0726607 0.0708104 0.0673524 0.0627458 0.0573712 0.0515268 0.0454332 0.0392514 0.0331089 0.0271273 0.0214439 0.0162215 0.0116357 0.00783885 0.00491319
 0.00768865 0.0125414 0.0189706 0.0269435 0.0362049 0.0461302 0.0556961 0.0637336 0.0693515 0.0722164 0.0725106 0.0706893 0.0672623 0.0626914 0.0573604 0.051568 0.0455305 0.0394019 0.0333015 0.027344 0.0216634 0.0164236 0.0118052 0.00796814 0.00500266
 0.00765484 0.012493 0.0189095 0.0268743 0.0361322 0.0460544 0.0556126 0.0636347 0.0692326 0.0720813 0.0723718 0.0705637 0.0671647 0.0626308 0.0573409 0.0515911 0.0455972 0.0395114 0.0334487 0.0275179 0.0218478 0.0166002 0.0119584 0.00808826 0.00508769
 0.00763518 0.0124598 0.0188576 0.0267993 0.0360329 0.0459352 0.0554846 0.0635129 0.0691301 0.072003 0.0723145 0.07052 0.0671299 0.0626063 0.0573332 0.0516077 0.0456439 0.0395907 0.0335589 0.0276526 0.0219957 0.016747 0.0120899 0.00819445 0.0051648
 0.00761942 0.0124366 0.0188268 0.026762 0.0359898 0.0458862 0.0554282 0.0634483 0.0690587 0.0719303 0.0722479 0.0704659 0.0670908 0.0625812 0.0573204 0.0516079 0.0456609 0.0396291 0.0336215 0.0277379 0.0220973 0.0168541 0.0121908 0.00827941 0.00522867
 0.0076071 0.0124157 0.0187942 0.0267146 0.0359261 0.045808 0.055341 0.0633608 0.0689796 0.0718659 0.0722006 0.0704354 0.0670761 0.0625814 0.0573343 0.0516344 0.0456993 0.0396798 0.0336857 0.0278154 0.0221848 0.0169453 0.012277 0.00835285 0.00528474
 0.00759393 0.0123958 0.0187667 0.0266794 0.0358837 0.0457584 0.0552846 0.0632985 0.0689144 0.0718028 0.0721457 0.0703943 0.0670521 0.0625751 0.0573442 0.0516583 0.0457352 0.0397264 0.0337422 0.0278807 0.0222566 0.0170192 0.0123471 0.0084132 0.00533152
 0.00756466 0.0123509 0.0187044 0.0266001 0.0357901 0.0456557 0.05518 0.0632004 0.0688311 0.0717401 0.0721066 0.0703792 0.0670598 0.0626037 0.0573913 0.0517205 0.0458087 0.0398075 0.0338275 0.0279676 0.0223422 0.0170999 0.012419 0.00847268 0.00537651
 0.00756989 0.0123549 0.0187023 0.0265848 0.0357547 0.0455966 0.0550995 0.0631072 0.0687371 0.071657 0.0720424 0.0703375 0.0670407 0.0626052 0.0574109 0.0517558 0.045857 0.0398659 0.033893 0.0280368 0.0224117 0.017166 0.012478 0.00852151 0.00541356
 0.00755096 0.0123308 0.0186779 0.0265678 0.0357521 0.0456099 0.0551223 0.0631264 0.0687391 0.0716342 0.0719972 0.0702797 0.066983 0.0625582 0.0573806 0.051744 0.0458627 0.0398867 0.0339259 0.0280783 0.0224578 0.0172128 0.0125214 0.00855839 0.00544205
 0.00753015 0.0122957 0.0186233 0.0264897 0.0356502 0.0454912 0.0550015 0.0630233 0.0686706 0.0716073 0.0720062 0.0703112 0.0670237 0.0626008 0.0574243 0.0517916 0.0459169 0.0399483 0.0339931 0.0281479 0.022526 0.0172756 0.0125756 0.00860178 0.005474
 0.00750366 0.012252 0.0185562 0.0263933 0.0355202 0.0453273 0.0548107 0.0628209 0.0684797 0.0714537 0.0719114 0.0702865 0.0670665 0.0626971 0.0575549 0.0519386 0.0460679 0.040096 0.0341335 0.0282778 0.0226422 0.0173749 0.0126558 0.00866246 0.00551649
 0.00749973 0.0122451 0.0185447 0.0263749 0.0354915 0.0452844 0.0547493 0.0627382 0.0683762 0.0713354 0.0717909 0.0701807 0.0669929 0.0626678 0.0575727 0.0519971 0.046155 0.0401983 0.0342402 0.0283811 0.0227368 0.0174571 0.0127231 0.00871385 0.00555274
 0.00750485 0.0122525 0.0185542 0.0263854 0.0355013 0.0452908 0.0547491 0.0627273 0.0683502 0.0712908 0.0717265 0.0701004 0.0669058 0.0625874 0.0575134 0.0519692 0.0461615 0.0402352 0.0342983 0.0284499 0.022807 0.0175217 0.0127778 0.00875638 0.00558311
 0.00749952 0.0122473 0.0185527 0.0263926 0.0355221 0.0453272 0.0547982 0.0627811 0.0683978 0.0713212 0.0717318 0.0700769 0.066855 0.0625159 0.0574326 0.0518928 0.0461023 0.0402012 0.0342909 0.0284648 0.0228363 0.0175571 0.0128122 0.00878552 0.00560501
 0.00749952 0.0122473 0.0185527 0.0263926 0.0355221 0.0453272 0.0547982 0.0627811 0.0683978 0.0713212 0.0717318 0.0700769 0.066855 0.0625159 0.0574326 0.0518928 0.0461023 0.0402012 0.0342909 0.0284648 0.0228363 0.0175571 0.0128122 0.00878552 0.00560501
 0.0071013 0.0116142 0.0176295 0.0251463 0.0339579 0.0435093 0.0528645 0.0609348 0.0668659 0.0702954 0.0713196 0.0702849 0.067604 0.063673 0.058846 0.0534206 0.047629 0.0416434 0.0355936 0.0295943 0.0237746 0.0182996 0.0133672 0.00917388 0.00585708
 0.00705215 0.0114894 0.0173591 0.0246379 0.0331211 0.0422933 0.0512947 0.0591262 0.0650063 0.0686054 0.0700082 0.0695094 0.0674428 0.0641148 0.0597991 0.0547399 0.049151 0.0432159 0.0370951 0.0309398 0.0249134 0.0192099 0.0140515 0.00965417 0.00616937
 0.00697277 0.0113698 0.0171931 0.0244167 0.0328229 0.0418739 0.050689 0.0582694 0.0638712 0.0672397 0.0685471 0.0681536 0.0664062 0.0635667 0.0598214 0.055313 0.0501686 0.0445195 0.0385133 0.0323215 0.0261468 0.020229 0.014833 0.0102092 0.00653281
 0.00703302 0.0114647 0.0173299 0.0245992 0.0330484 0.0421281 0.0509384 0.0584542 0.0639065 0.0670317 0.0680258 0.0673132 0.0653316 0.0624263 0.0588232 0.0546397 0.0499228 0.0447013 0.0390345 0.0330444 0.0269286 0.0209547 0.0154317 0.0106548 0.00683332
 0.00707628 0.0115525 0.0174937 0.0248764 0.0334707 0.0427034 0.0516352 0.0591988 0.0645952 0.0675507 0.068271 0.0672065 0.0648414 0.0615876 0.0577487 0.0535042 0.0489182 0.0439791 0.038663 0.0329998 0.0271199 0.0212663 0.0157621 0.0109378 0.00704137
#pred catch len freq
 0.00321139 0.00519633 0.00780924 0.0110855 0.0150638 0.0197438 0.025024 0.0306839 0.0364261 0.0419358 0.0469285 0.0511886 0.0545992 0.0571484 0.0589047 0.0599832 0.060518 0.0606299 0.0603559 0.0595391 0.0577487 0.0543532 0.04882 0.041124 0.0319788
 0.00345198 0.00552356 0.00818625 0.0114453 0.0153369 0.0198959 0.025079 0.0307104 0.0364921 0.0420608 0.047067 0.0512572 0.0545304 0.0569363 0.0586181 0.059738 0.060423 0.0607288 0.060595 0.0597806 0.0578291 0.0541624 0.0483545 0.0404842 0.0313131
 0.00353911 0.00569833 0.00850531 0.0119681 0.0160953 0.0208565 0.0261252 0.0316708 0.0372089 0.0424592 0.0471738 0.0511574 0.0543005 0.0566097 0.0582006 0.0592488 0.0599161 0.0602723 0.0602242 0.0594648 0.0574825 0.0536973 0.0477412 0.0397739 0.03061
 0.00366356 0.00588973 0.00877807 0.0123414 0.0166041 0.0215576 0.0270826 0.0329149 0.0386853 0.0440044 0.0485507 0.0521419 0.0547674 0.0565616 0.0577324 0.0584868 0.0589771 0.0592506 0.0591875 0.0584452 0.0564753 0.0526814 0.0467155 0.0387807 0.0297242
 0.00385172 0.00618688 0.00920875 0.0129225 0.0173431 0.0224521 0.0281229 0.0340895 0.0399852 0.0454137 0.0500173 0.0535485 0.0559335 0.057294 0.0578983 0.0580627 0.0580444 0.0579504 0.0576674 0.056825 0.054838 0.051085 0.0452143 0.0374386 0.0286065
 0.00406721 0.00653134 0.00971705 0.0136253 0.0182636 0.0236 0.0294845 0.0356206 0.0416141 0.0470537 0.0515832 0.0549626 0.0571173 0.0581521 0.0583174 0.057938 0.0573227 0.0566611 0.0559195 0.0547749 0.0526524 0.0489185 0.0432025 0.0356939 0.0272065
 0.00428885 0.00688734 0.0102461 0.0143642 0.0192448 0.0248457 0.0309956 0.0373657 0.0435232 0.0490212 0.0534805 0.0566572 0.0584921 0.0591153 0.0587976 0.0578739 0.0566647 0.0553912 0.0540788 0.0524793 0.0500828 0.0462917 0.0407337 0.0335602 0.0255179
 0.00449157 0.00721511 0.0107375 0.0150579 0.0201774 0.0260454 0.0324724 0.0391004 0.0454609 0.0510713 0.0555218 0.0585496 0.0600935 0.0602992 0.0594649 0.0579552 0.056116 0.0541952 0.0522599 0.0501254 0.0473597 0.043432 0.0379962 0.0311733 0.0236281
 0.00470967 0.0075646 0.0112555 0.0157792 0.0211335 0.0272596 0.0339512 0.040824 0.0473777 0.0530983 0.0575498 0.0604522 0.0617385 0.0615611 0.0602344 0.0581456 0.0556666 0.0530763 0.0504843 0.0477682 0.0445764 0.0404565 0.0351065 0.0286281 0.0216022
 0.00498187 0.00799128 0.0118696 0.0166052 0.0221882 0.0285529 0.0354808 0.0425662 0.0492812 0.0550824 0.0595101 0.0622707 0.0632959 0.0627468 0.0609525 0.0583161 0.0552267 0.0519863 0.0487425 0.0454341 0.041792 0.0374495 0.0321586 0.0260113 0.0195076
 0.00524184 0.00840458 0.0124748 0.0174333 0.0232596 0.0298713 0.0370256 0.0442886 0.0511078 0.0569265 0.0612811 0.0638795 0.0646561 0.063776 0.0615734 0.0584577 0.0548264 0.0509969 0.0471478 0.0432734 0.039185 0.0346037 0.0293419 0.0234906 0.0174767
 0.00549143 0.00880831 0.0130795 0.0182836 0.0243923 0.0313045 0.0387443 0.0462334 0.0531757 0.0589838 0.0631854 0.0655023 0.0659007 0.0645828 0.0619121 0.0583116 0.0541792 0.0498305 0.0454558 0.0410885 0.0366088 0.03182 0.0265964 0.021034 0.0154948
 0.00575712 0.00922818 0.0136907 0.0191173 0.0254741 0.0326525 0.0403594 0.0480864 0.0551959 0.061057 0.0651632 0.0672251 0.0672263 0.0654113 0.0621957 0.0580462 0.053385 0.0485348 0.0436897 0.0389033 0.0341032 0.0291579 0.023995 0.0187166 0.0136282
 0.00607786 0.00972984 0.0144095 0.0200758 0.0266804 0.0340986 0.0420164 0.0499002 0.0570878 0.0629302 0.0669105 0.0687346 0.068389 0.0661327 0.062409 0.0577217 0.0525293 0.0471818 0.0418932 0.0367387 0.0316806 0.0266334 0.0215621 0.0165691 0.0119079
 0.00644641 0.0103057 0.0152334 0.0211718 0.0280542 0.0357347 0.0438707 0.051893 0.059107 0.0648444 0.0685891 0.0700658 0.069291 0.0665563 0.0623333 0.0571476 0.0514753 0.0456835 0.040006 0.0345435 0.0292918 0.0242019 0.0192628 0.0145685 0.0103221
 0.00669745 0.0107109 0.0158382 0.0220175 0.0291718 0.0371335 0.0455248 0.053733 0.0610233 0.0667025 0.070249 0.0714012 0.0702054 0.0669919 0.062272 0.0566028 0.050481 0.0442869 0.0382671 0.0325421 0.0271358 0.0220291 0.017228 0.0128136 0.00894132
 0.00678726 0.0108711 0.0161071 0.0224436 0.0298079 0.0380244 0.0466907 0.0551556 0.0626382 0.0684016 0.0718927 0.0728404 0.071307 0.0676609 0.0624612 0.05631 0.0497382 0.0431481 0.0368016 0.0308349 0.0252923 0.0201753 0.0154993 0.0113303 0.00778022
 0.00689815 0.0110421 0.016349 0.0227652 0.0302206 0.0385476 0.0473514 0.0559792 0.0636334 0.0695439 0.0731163 0.0740424 0.0723649 0.0684562 0.0629015 0.0563432 0.0493553 0.0423785 0.0357044 0.0294929 0.0238079 0.0186665 0.0140872 0.0101188 0.00683359
 0.00711143 0.0113585 0.0167693 0.0232716 0.0307842 0.03914 0.0479543 0.0565866 0.0642488 0.0701736 0.0737604 0.0746851 0.0729675 0.0689572 0.0632269 0.0564234 0.0491421 0.0418571 0.0348974 0.0284577 0.0226308 0.0174521 0.0129429 0.00913519 0.0060658
 0.00708057 0.0113281 0.0167591 0.0233095 0.0308965 0.0393366 0.0482204 0.0568883 0.0645515 0.0704628 0.0740497 0.0750055 0.0733439 0.069387 0.0636702 0.0568096 0.0493896 0.0418967 0.0346927 0.0280158 0.0220015 0.016717 0.0121969 0.00846391 0.00552648
 0.00689752 0.0110635 0.0164234 0.0229375 0.0305422 0.0390622 0.0480822 0.0569233 0.0647661 0.0708282 0.0745108 0.0755022 0.0738335 0.0698525 0.0641092 0.0572135 0.0497296 0.0421263 0.0347649 0.0279049 0.0217178 0.0163077 0.0117323 0.00801689 0.0051519
 0.00678814 0.0108859 0.0161583 0.0225717 0.0300772 0.0385245 0.0475308 0.0564447 0.0644532 0.0707509 0.0746915 0.0759095 0.0743965 0.0704867 0.0647416 0.0577945 0.0502287 0.04252 0.0350299 0.0280225 0.0216855 0.0161486 0.0114928 0.00775333 0.00491311
 0.00682598 0.0109269 0.016181 0.0225418 0.0299537 0.0382731 0.0471388 0.0559326 0.0638795 0.0702049 0.074275 0.0757083 0.0744522 0.0707836 0.0652155 0.0583575 0.0507961 0.0430261 0.0354311 0.0282942 0.0218214 0.0161617 0.0114146 0.00762623 0.00477808
