SBPRF35
7.78865
Curr Bio
479195
B35
667992
F35
0.210181
FOFL
0.144056
OFL
54009.5
Bzero
2.22533e+006
#pred survey bio
 4.83664e+006 4.57208e+006 4.31072e+006 3.99745e+006 3.65463e+006 3.2897e+006 2.94726e+006 2.60266e+006 2.27936e+006 2.00815e+006 1.75611e+006 1.58927e+006 1.40593e+006 1.24984e+006 1.09726e+006 976806 879049 812745 762944 723161 691661 662525 630643 622767 621040 621460 612723 607849 605556 610433 607613 601603 602752 598367 590115 581013 571961 566350 572415 581597 580275 594543 596026 592228 602734 606171 611335 615473 626061 621813 625343 599903 571058 538167 527680 516051 524446 501102 497295 492515 489487 504926 492988 484811 484174 1.65476e+007 9.71483e+006 9.88021e+006 1.06773e+007 1.18207e+007 1.30263e+007 1.41223e+007 1.50351e+007 1.57535e+007 1.62981e+007 1.67007e+007 1.69934e+007 1.72043e+007 1.73555e+007 1.74638e+007 1.75415e+007 1.75975e+007 1.7638e+007 1.76676e+007 1.76892e+007 1.77052e+007 1.77171e+007 1.7726e+007 1.77326e+007 1.77377e+007 1.77415e+007 1.77444e+007 1.77466e+007 1.77483e+007 1.77496e+007 1.77506e+007 1.77513e+007 1.77519e+007 1.77523e+007 1.77527e+007 1.7753e+007 1.77532e+007 1.77533e+007 1.77535e+007 1.77535e+007 1.77536e+007 1.77537e+007 1.77537e+007 1.77538e+007 1.77538e+007 1.77538e+007 1.77538e+007 1.77538e+007 1.77538e+007 1.77539e+007 1.77539e+007 1.77539e+007 1.77539e+007 1.77539e+007 1.77539e+007 1.77539e+007 1.77539e+007 1.77539e+007 1.77539e+007 1.77539e+007 1.77539e+007 1.77539e+007 1.77539e+007 1.77539e+007 1.77539e+007 1.77539e+007 1.77539e+007 1.77539e+007 1.77539e+007 1.77539e+007 1.77539e+007 1.77539e+007 1.77539e+007 1.77539e+007 1.77539e+007 1.77539e+007 1.77539e+007 1.77539e+007 1.77539e+007 1.77539e+007 1.77539e+007 1.77539e+007 1.77539e+007 1.77539e+007 1.77539e+007 1.77539e+007 1.77539e+007 1.77539e+007 1.77539e+007 1.77539e+007 1.77539e+007 1.77539e+007 1.77539e+007 1.77539e+007 1.77539e+007 1.77539e+007 1.77539e+007 1.77539e+007 1.77539e+007 1.77539e+007 0 0 0 0 0 0 0 0 0 0 0 0 0 0 0 0 0 0 0 0 0 0 0 0 0
#obs survey bio
 3.73868e+006 3.89347e+006 4.0605e+006 3.81248e+006 2.53884e+006 2.68338e+006 2.7593e+006 2.45567e+006 1.60569e+006 1.40701e+006 1.36954e+006 1.42586e+006 1.179e+006 822203 973185 682982 864627 586148 689418 500474 681763 567037 764256 568328 519033 401157 458035 685907 444276 460305 459141 619882 518470 580283 706371 563694 640177 584191 651590 541893 465574 597566 763447 591410 421188 622014 584297 715362 528704 609393 608441 758127 546445 510035 509514 630784 516578 670861 534561 574115 634107 540939 501680 490778 578922
#pred catch bio
 96378.5 95412.2 154307 203541 253217 265865 301230 313634 294773 300714 242662 269066 251832 251330 223332 202378 173754 158040 147132 137037 131613 130261 107740 102183 100767 108473 104250 100931 94506.2 100546 101519 93033.9 94556.8 93546.9 89940.6 88511 88434.1 82873.3 83071.9 92554.6 79792.5 90953.7 95195.2 83802.8 90737.1 89669.8 90943.6 86177.3 98612.6 91269.1 114227 115248 117122 97150.9 97121.6 79915 105703 87994.7 88065.2 85245.6 68830.2 90189.2 84615.7 75671.3 79891.8 54009.5 74524 74287.1 78958.5 87075.5 95923 103918 110447 115444 119097 121682 123465 124672 125477 126007 126354 126578 126723 126815 126875 126912 126936 126951 126961 126967 126971 126973 126975 126976 126976 126977 126977 126977 126977 126977 126977 126977 126977 126977 126977 126977 126977 126977 126977 126977 126977 126977 126977 126977 126977 126977 126977 126977 126977 126977 126977 126977 126977 126977 126977 126977 126977 126977 126977 126977 126977 126977 126977 126977 126977 126977 126977 126977 126977 126977 126977 126977 126977 126977 126977 126977 126977 126977 126977 126977 126977 126977 126977 126977 126977 126977 126977 126977 126977 126977 126977 126977 126977 126977 126977 0 0 0 0 0 0 0 0 0 0 0 0 0 0 0 0 0 0 0 0 0 0 0 0 0
#obs catch bio
 0 95133.2 154958 204685 256144 268747 306837 320257 301741 311257 249611 278892 260231 260574 229711 208484 177460 162037 150880 140370 134346 133282 109296 103903 102380 111088 106827 102586 96084.7 102665 104148 94691.4 96339 95003.2 90800.1 89236.9 89233.2 83468.3 83384.2 93001.1 79804.4 91290.9 95444.9 83935.1 91481 90172 91307.3 86479.2 99365.9 91540.3 114775 115429 117725 97133.4 97435 79539.7 106202 87934.5 88188.5 85641.9 68614.8 90339.1 84743.7 75662.6 79932.7
#pred cpue bio
 4.76436e+006 4.50517e+006 4.24831e+006 3.93709e+006 3.59557e+006 3.23228e+006 2.89132e+006 2.54853e+006 2.22708e+006 1.9573e+006 1.70703e+006 1.54135e+006 1.36029e+006 1.20648e+006 1.05658e+006 938399 842675 777807 729238 690753 660513 632588 601894 594342 592614 592857 584295 579809 577874 582672 580029 574615 576411 572929 565812 557654 548300 541279 546198 555215 554288 568300 569779 566007 576043 579316 584392 588401 598679 594669 598330 573636 545260 512971 502773 491745 500059 477381 473650 469208 466630 482096 470883 463131 463167 1.58713e+007 9.32861e+006 9.35076e+006 9.99126e+006 1.10797e+007 1.22723e+007 1.33657e+007 1.4278e+007 1.49964e+007 1.55409e+007 1.59435e+007 1.62363e+007 1.64471e+007 1.65983e+007 1.67066e+007 1.67843e+007 1.68403e+007 1.68808e+007 1.69104e+007 1.6932e+007 1.6948e+007 1.69599e+007 1.69688e+007 1.69755e+007 1.69805e+007 1.69843e+007 1.69872e+007 1.69894e+007 1.69911e+007 1.69924e+007 1.69934e+007 1.69941e+007 1.69947e+007 1.69952e+007 1.69955e+007 1.69958e+007 1.6996e+007 1.69962e+007 1.69963e+007 1.69964e+007 1.69964e+007 1.69965e+007 1.69965e+007 1.69966e+007 1.69966e+007 1.69966e+007 1.69966e+007 1.69967e+007 1.69967e+007 1.69967e+007 1.69967e+007 1.69967e+007 1.69967e+007 1.69967e+007 1.69967e+007 1.69967e+007 1.69967e+007 1.69967e+007 1.69967e+007 1.69967e+007 1.69967e+007 1.69967e+007 1.69967e+007 1.69967e+007 1.69967e+007 1.69967e+007 1.69967e+007 1.69967e+007 1.69967e+007 1.69967e+007 1.69967e+007 1.69967e+007 1.69967e+007 1.69967e+007 1.69967e+007 1.69967e+007 1.69967e+007 1.69967e+007 1.69967e+007 1.69967e+007 1.69967e+007 1.69967e+007 1.69967e+007 1.69967e+007 1.69967e+007 1.69967e+007 1.69967e+007 1.69967e+007 1.69967e+007 1.69967e+007 1.69967e+007 1.69967e+007 1.69967e+007 1.69967e+007 1.69967e+007 1.69967e+007 1.69967e+007 1.69967e+007 1.69967e+007 1.69967e+007 0 0 0 0 0 0 0 0 0 0 0 0 0 0 0 0 0 0 0 0 0 0 0 0 0
#obs cpue bio
 2.9898e+006 3.74836e+006 2.5264e+006 2.68191e+006 2.47235e+006 3.67425e+006 1.58718e+006 2.22719e+006 1.74768e+006 1.19097e+006 1.26169e+006 1.35822e+006 1.2267e+006 1.26151e+006 1.14411e+006 825209 855585 570082 538780 699807 601105 525687 467953 416114 551790 463284 465895 690311 483155 495940 399805 588013 519038 600539 605247 558707 429391 481375 577868 665688 673164 516408 499046 452284 529736 590526 695639 406996 631141 577793 734628 489284 488600 602696 487861 497721 423132 364430 419752 332439 431155 500949 399982 459137 443700
#pred surv len freq
 0.00560788 0.00899728 0.0133387 0.018544 0.0244491 0.030752 0.0369753 0.0425651 0.0470977 0.0504289 0.0526758 0.0540868 0.0549177 0.0553642 0.0555363 0.0554529 0.0550563 0.0542358 0.0528403 0.0506683 0.0474647 0.04298 0.0371243 0.0301469 0.0226935
 0.00583389 0.00925379 0.0135257 0.0185157 0.0240721 0.0299867 0.0359286 0.0414673 0.0462038 0.0499003 0.0525146 0.0541581 0.055036 0.0553908 0.0554403 0.0553161 0.0550272 0.0544545 0.0533662 0.0514457 0.0483429 0.0437807 0.037717 0.0304912 0.0228309
 0.00622461 0.00985372 0.0143553 0.0195504 0.0252265 0.0311059 0.0368037 0.041891 0.0460576 0.0492252 0.0515064 0.0530747 0.0540735 0.054613 0.0548005 0.0547425 0.0545002 0.0540256 0.0531151 0.0514133 0.0484924 0.0440109 0.0379166 0.0305924 0.0228289
 0.00651342 0.01033 0.0150835 0.0205913 0.0266187 0.0328363 0.0387749 0.0439068 0.0478458 0.0505023 0.0520663 0.052862 0.0532009 0.0533055 0.0532965 0.0532135 0.0530343 0.0526644 0.0518955 0.0503752 0.0476564 0.0433603 0.0374059 0.0301763 0.0224839
 0.00681236 0.010801 0.0157664 0.0215188 0.0278171 0.034323 0.0405468 0.0459196 0.0499924 0.0526018 0.053876 0.054123 0.053711 0.0529885 0.0522291 0.0515898 0.0510904 0.05061 0.049884 0.0485092 0.0460017 0.041953 0.0362557 0.0292728 0.0218063
 0.00717961 0.0113749 0.0165875 0.0226102 0.0291831 0.0359481 0.0423918 0.0479214 0.0520695 0.0546587 0.0557987 0.0557671 0.054899 0.0535373 0.0520047 0.0505632 0.0493592 0.0483708 0.047375 0.0459552 0.043584 0.0398015 0.034451 0.0278499 0.0207582
 0.00750925 0.0119005 0.017359 0.023667 0.0305469 0.0376121 0.0443098 0.0500057 0.0542046 0.0567251 0.0576911 0.0573949 0.0561724 0.05435 0.0522344 0.0500991 0.0481491 0.0464616 0.0449209 0.0431877 0.0407606 0.0371563 0.0321606 0.0260162 0.0194051
 0.00790737 0.0125229 0.0182501 0.0248535 0.032036 0.0393887 0.0463293 0.0521883 0.0564389 0.058883 0.0596465 0.0590391 0.0574191 0.0551297 0.0524817 0.0497444 0.0471296 0.044754 0.0425814 0.0403732 0.037714 0.0341585 0.0294683 0.023808 0.0177544
 0.00836638 0.0132391 0.0192719 0.0262058 0.033717 0.0413661 0.0485344 0.0545151 0.0587565 0.0610575 0.0615599 0.0605976 0.0585517 0.0557828 0.0526119 0.0493115 0.0460946 0.0430922 0.0403118 0.0375938 0.0346184 0.0310153 0.0265622 0.0213676 0.015899
 0.00870211 0.0137809 0.0200795 0.027331 0.0351928 0.04319 0.050652 0.0568159 0.0610909 0.0632668 0.0635051 0.0621733 0.0596871 0.0564341 0.0527516 0.0489183 0.0451479 0.0415772 0.0382398 0.0350333 0.0317212 0.0280143 0.0237288 0.0189418 0.0140244
 0.00904875 0.0143282 0.0208739 0.0284071 0.0365701 0.0448673 0.0525961 0.0589533 0.0633081 0.0654235 0.0654539 0.0637805 0.0608497 0.0570877 0.0528678 0.0484928 0.0441864 0.0400902 0.0362516 0.0326068 0.0289845 0.025168 0.021018 0.0165952 0.0121904
 0.0091853 0.0145537 0.0212206 0.0289089 0.037259 0.0457656 0.0537079 0.060259 0.0647654 0.0669706 0.0670122 0.065256 0.0621372 0.0580817 0.053476 0.048647 0.043847 0.0392447 0.0349162 0.030837 0.0268902 0.0229193 0.0188249 0.0146604 0.0106543
 0.00942941 0.0149411 0.0217859 0.0296777 0.0382432 0.0469565 0.0550688 0.0617237 0.0662479 0.0683823 0.0682776 0.0663186 0.0629555 0.0586212 0.0537019 0.0485228 0.0433391 0.0383313 0.0335998 0.029158 0.0249407 0.0208458 0.0168101 0.0128825 0.00923866
 0.00962353 0.0152533 0.0222492 0.0303209 0.0390849 0.0479969 0.0562807 0.0630485 0.0676021 0.0696733 0.0694196 0.0672444 0.0636216 0.0590053 0.0537955 0.0483212 0.0428344 0.0375136 0.0324677 0.0277364 0.0232975 0.0190972 0.0151065 0.0113736 0.00803209
 0.00992567 0.0157222 0.0229134 0.0311919 0.0401567 0.0492441 0.0576553 0.0644777 0.0689943 0.0709311 0.0704552 0.0679919 0.0640429 0.059091 0.05356 0.0477926 0.042043 0.0364842 0.0312219 0.0263041 0.0217334 0.017491 0.0135749 0.0100338 0.00696789
 0.0101614 0.0160935 0.0234496 0.0319115 0.0410632 0.0503207 0.058859 0.065739 0.0702264 0.0720461 0.0713779 0.0686666 0.0644343 0.0591832 0.0533552 0.0473091 0.0413102 0.0355364 0.0300949 0.0250386 0.0203833 0.0161306 0.0122951 0.00892387 0.00609065
 0.010432 0.0165053 0.0240171 0.0326307 0.0419145 0.0512749 0.059879 0.0667788 0.0712306 0.0729536 0.0721298 0.0692133 0.0647411 0.0592324 0.0531461 0.0468548 0.0406347 0.0346716 0.0290787 0.0239153 0.0192072 0.0149677 0.011219 0.00800261 0.00536924
 0.0105565 0.0167045 0.0243105 0.0330329 0.0424312 0.0518975 0.0605806 0.0675159 0.0719527 0.0736155 0.0726985 0.0696662 0.0650595 0.0593976 0.0531399 0.0466649 0.040259 0.0341209 0.0283771 0.0231001 0.0183278 0.0140841 0.0103953 0.00729563 0.00481537
 0.0105403 0.0166926 0.0243198 0.033089 0.0425634 0.0521299 0.0609228 0.0679583 0.0724675 0.0741627 0.0732338 0.0701486 0.0654564 0.0596856 0.0533023 0.0466888 0.0401353 0.0338474 0.0279628 0.0225688 0.0177187 0.0134484 0.00978904 0.0067684 0.00439934
 0.0105464 0.0166957 0.0243129 0.0330643 0.0425182 0.0520736 0.0608812 0.0679691 0.0725677 0.0743729 0.0735481 0.0705358 0.06587 0.060076 0.0536265 0.0469148 0.0402417 0.0338231 0.0278075 0.0222954 0.0173549 0.0130353 0.00937408 0.00639567 0.00409919
 0.010555 0.0167062 0.024322 0.0330659 0.0425042 0.0520363 0.0608167 0.0678822 0.0724757 0.0743052 0.0735399 0.0706153 0.0660459 0.0603314 0.0539233 0.0472045 0.0404782 0.033971 0.0278473 0.0222247 0.0171889 0.0128037 0.00911555 0.00614863 0.00389242
 0.0106087 0.0167838 0.0244207 0.0331763 0.0426124 0.0521272 0.0608771 0.0679029 0.0724525 0.0742418 0.0734497 0.0705219 0.0659782 0.0603144 0.0539675 0.0473003 0.040598 0.0340786 0.0279088 0.0222189 0.0171121 0.0126697 0.00895014 0.0059812 0.00374713
 0.0108403 0.0171223 0.024859 0.0336824 0.0431365 0.0526154 0.0612824 0.0681902 0.0725999 0.074241 0.0733082 0.0702631 0.0656385 0.0599385 0.0535996 0.046975 0.0403323 0.0338694 0.0277384 0.0220643 0.0169559 0.0125065 0.00878678 0.00583101 0.00362288
 0.0109639 0.0173005 0.0250848 0.0339332 0.0433794 0.0528158 0.0614126 0.0682345 0.0725574 0.0741252 0.0731433 0.0700774 0.0654571 0.0597783 0.0534703 0.0468809 0.0402738 0.0338418 0.0277306 0.0220605 0.0169411 0.0124722 0.00873395 0.00576865 0.00356255
 0.0110507 0.017432 0.025264 0.034155 0.0436295 0.0530711 0.0616429 0.0684064 0.0726419 0.0741076 0.0730287 0.0698895 0.0652302 0.0595472 0.0532619 0.046711 0.0401478 0.0337569 0.0276782 0.0220287 0.0169169 0.0124456 0.00870072 0.00573054 0.00352496
 0.0109758 0.0173357 0.0251657 0.0340879 0.0436303 0.0531644 0.0618285 0.0686563 0.0729096 0.074343 0.0731921 0.0699602 0.0652088 0.0594525 0.0531234 0.0465599 0.0400089 0.033645 0.0275972 0.0219743 0.0168804 0.0124178 0.0086754 0.00570547 0.00350128
 0.0108078 0.0171004 0.0248828 0.0338013 0.0433991 0.0530458 0.0618603 0.0688479 0.073239 0.0747606 0.0736306 0.0703491 0.0654926 0.0596035 0.0531455 0.0464817 0.0398709 0.0334864 0.0274475 0.0218494 0.0167844 0.0123473 0.00862422 0.00566805 0.00347398
 0.0108188 0.0170883 0.0248113 0.0336244 0.0430804 0.0525855 0.0613143 0.0683206 0.0728499 0.0745989 0.0737241 0.0706605 0.0659394 0.0600896 0.0535892 0.0468326 0.0401138 0.0336336 0.0275252 0.0218852 0.016799 0.0123526 0.00862526 0.00566655 0.00347081
 0.0109358 0.0172541 0.0250137 0.0338318 0.0432448 0.0526514 0.0612327 0.0680665 0.0724392 0.0740971 0.073234 0.0702894 0.0657598 0.0601137 0.0537722 0.0470985 0.0403876 0.0338641 0.0276917 0.0219911 0.0168595 0.0123843 0.00864066 0.00567325 0.00347297
 0.0108167 0.0170933 0.0248315 0.033665 0.0431333 0.0526174 0.0612654 0.0681219 0.0724583 0.0740323 0.0730732 0.0700648 0.0655377 0.0599685 0.0537554 0.0472188 0.0406115 0.0341351 0.0279551 0.0222107 0.0170223 0.0124942 0.00870936 0.00571344 0.00349493
 0.010571 0.0167395 0.0243851 0.0331725 0.042663 0.0522418 0.0610421 0.0680806 0.0725918 0.0742957 0.0733931 0.0703635 0.0657614 0.0601067 0.0538384 0.0472958 0.0407225 0.0342926 0.0281437 0.0224012 0.0171881 0.0126211 0.00879617 0.00576719 0.00352532
 0.0103969 0.0164646 0.0239884 0.0326456 0.0420181 0.0515209 0.0603222 0.0674643 0.0721821 0.0741612 0.0735435 0.0707469 0.0662853 0.0606713 0.0543676 0.0477537 0.0411097 0.0346283 0.0284454 0.0226732 0.0174235 0.0128103 0.00893521 0.00586004 0.0035816
 0.0101703 0.0161147 0.0234964 0.0320067 0.0412422 0.0506342 0.0593715 0.066522 0.0713434 0.0735312 0.0732145 0.0707724 0.0666613 0.0613338 0.055211 0.0486623 0.0419884 0.0354187 0.0291234 0.0232361 0.0178762 0.0131594 0.00918929 0.00603209 0.00368876
 0.00987661 0.0156769 0.022911 0.0312959 0.0404465 0.0498001 0.0585429 0.0657396 0.0706478 0.0729665 0.0728286 0.0706132 0.0667666 0.0617165 0.0558459 0.0494843 0.0429062 0.0363379 0.0299688 0.0239617 0.0184635 0.0136094 0.00951465 0.0062522 0.00382668
 0.00987828 0.0156401 0.0227843 0.0310117 0.0399439 0.0490577 0.0576036 0.0647073 0.0696552 0.0721314 0.0722255 0.0702719 0.0666889 0.0618924 0.0562588 0.050104 0.0436812 0.0371961 0.0308294 0.0247526 0.0191351 0.0141388 0.00990279 0.00651641 0.00399286
 0.010751 0.0168682 0.0242774 0.0325604 0.0412714 0.0499081 0.0578195 0.0642629 0.0686438 0.0707289 0.070646 0.0687231 0.0653351 0.0608345 0.0555359 0.0497087 0.0435758 0.0373224 0.031115 0.0251202 0.0195142 0.0144772 0.010172 0.00670967 0.00411868
 0.0115063 0.0180498 0.0259602 0.0347581 0.0439055 0.0527771 0.0605895 0.066513 0.0699782 0.070911 0.0696805 0.0668406 0.0628964 0.0582152 0.0530407 0.0475358 0.0418203 0.0359995 0.0301869 0.0245185 0.019158 0.0142881 0.0100845 0.00667639 0.00411005
 0.0113342 0.0178948 0.0259575 0.0351098 0.044826 0.0544035 0.0628971 0.0692813 0.0728252 0.0733821 0.071362 0.0674658 0.0624128 0.0567874 0.0509859 0.0452207 0.0395652 0.0340234 0.028597 0.0233312 0.0183307 0.0137493 0.00975637 0.00648974 0.004011
 0.0108882 0.0172265 0.0250647 0.0340486 0.0437214 0.05345 0.062341 0.0693685 0.0737135 0.0750501 0.0735709 0.0698092 0.0644413 0.0581513 0.0515325 0.0450119 0.0388188 0.0330161 0.0275746 0.0224558 0.017672 0.0133059 0.00948727 0.00634215 0.00393794
 0.0107096 0.0169206 0.0245778 0.0333275 0.0427344 0.0522194 0.0609725 0.0680595 0.0727233 0.0746346 0.0738997 0.0708941 0.0661077 0.0600756 0.0533404 0.0463994 0.0396404 0.033301 0.027475 0.022163 0.0173453 0.0130381 0.00930834 0.00624189 0.00389094
 0.0108148 0.0170647 0.0247427 0.0334729 0.0428013 0.0521395 0.0606853 0.0675344 0.0719857 0.073786 0.0731126 0.0703715 0.0660131 0.0604612 0.0541143 0.0473527 0.0405282 0.0339363 0.0277865 0.0221941 0.0172046 0.0128391 0.00912868 0.00611436 0.0038155
 0.010734 0.016946 0.0245868 0.0332868 0.042593 0.0519111 0.0604277 0.0672282 0.0716105 0.0733351 0.072612 0.0698914 0.0656625 0.0603577 0.0543344 0.0478882 0.0412754 0.0347317 0.0284723 0.0226763 0.0174724 0.0129432 0.00914037 0.00609175 0.00379101
 0.0107766 0.0170099 0.024673 0.0333926 0.0427125 0.0520358 0.0605454 0.0673211 0.0716527 0.0732953 0.0724613 0.0696184 0.0652898 0.0599488 0.0539824 0.0476834 0.0412657 0.0348985 0.0287395 0.0229478 0.0176759 0.0130534 0.00917307 0.00608074 0.00376638
 0.0109265 0.0172318 0.0249664 0.0337421 0.0430917 0.0524134 0.0608908 0.0676061 0.0718524 0.0733886 0.0724318 0.0694568 0.0649973 0.059545 0.0535114 0.0472114 0.0408649 0.0346209 0.0285966 0.0229093 0.0176898 0.0130733 0.00917525 0.00606442 0.00374203
 0.010812 0.0170728 0.0247772 0.0335524 0.0429375 0.0523235 0.0608756 0.0676571 0.07195 0.0735116 0.0725632 0.0695821 0.0651019 0.0596134 0.053533 0.0471889 0.040818 0.0345807 0.0285904 0.0229467 0.017759 0.0131501 0.00923834 0.0061041 0.00376052
 0.0107475 0.0169749 0.0246436 0.0333884 0.0427574 0.0521507 0.0607411 0.0675919 0.0719743 0.0736251 0.0727423 0.069789 0.0652978 0.0597695 0.0536343 0.0472337 0.0408157 0.0345501 0.0285546 0.022925 0.0177595 0.0131689 0.00926401 0.00612631 0.00377444
 0.0107907 0.0170253 0.0246831 0.0333887 0.0426892 0.0519973 0.06051 0.0673175 0.0717084 0.0734209 0.0726383 0.069798 0.0654056 0.0599418 0.0538293 0.0474148 0.0409606 0.0346525 0.0286214 0.0229697 0.0177949 0.0132018 0.0092949 0.00615221 0.00379291
 0.0107729 0.0170085 0.024679 0.0334123 0.0427503 0.0520903 0.0606083 0.0673801 0.0716986 0.073326 0.0724789 0.0696195 0.0652577 0.0598582 0.0538175 0.047459 0.041033 0.0347271 0.0286822 0.0230125 0.0178237 0.0132226 0.00931176 0.00616629 0.00380373
 0.0106048 0.0167609 0.0243548 0.0330332 0.0423534 0.0517203 0.0603085 0.0671835 0.0716192 0.073354 0.072585 0.0697692 0.0654269 0.0600409 0.05402 0.0476866 0.0412809 0.0349789 0.0289172 0.0232142 0.0179843 0.0133426 0.00939693 0.00622373 0.00384027
 0.0105511 0.0166803 0.0242465 0.0329017 0.0422085 0.0515758 0.0601813 0.0670917 0.0715779 0.07337 0.0726523 0.0698689 0.0655339 0.0601336 0.0540892 0.0477375 0.0413265 0.0350305 0.0289782 0.0232796 0.0180461 0.0133944 0.00943603 0.00625084 0.00385772
 0.010548 0.0166591 0.0241855 0.0327726 0.0419861 0.0512526 0.0597783 0.0666587 0.0711806 0.0730704 0.0724918 0.0698602 0.0656618 0.0603631 0.0543764 0.048042 0.0416197 0.0352976 0.0292139 0.0234826 0.018215 0.0135282 0.00953539 0.0063193 0.00390119
 0.0108366 0.0171006 0.0247959 0.0335422 0.0428754 0.0521902 0.0606639 0.0673759 0.071625 0.0731816 0.0722732 0.0693737 0.0650022 0.0596274 0.0536425 0.0473604 0.0410164 0.0347827 0.0287888 0.0231446 0.017958 0.0133426 0.00940889 0.00623832 0.00385278
 0.0109539 0.0173094 0.0251424 0.034077 0.0436372 0.0531813 0.0618284 0.068596 0.0727424 0.0740366 0.0727449 0.0694074 0.064618 0.0589087 0.0527095 0.0463384 0.0400106 0.0338652 0.0279999 0.0224996 0.0174556 0.0129709 0.0091492 0.00606827 0.0037492
 0.0110043 0.0174028 0.0253054 0.0343446 0.044048 0.0537682 0.0626041 0.0695398 0.0737908 0.0750835 0.0736552 0.0700449 0.0648804 0.0587565 0.0521763 0.0455183 0.0390293 0.0328477 0.0270462 0.0216743 0.0167888 0.0124658 0.00879068 0.00583073 0.00360319
 0.0108791 0.0172062 0.0250245 0.0339777 0.0436118 0.0533057 0.0621887 0.0692676 0.0737564 0.0753478 0.0742169 0.0708313 0.065762 0.0595812 0.0528112 0.0458849 0.0391177 0.0327081 0.0267621 0.0213326 0.0164582 0.0121876 0.00858075 0.00568684 0.00351317
 0.0110437 0.0174264 0.0252682 0.0341854 0.0437129 0.0532455 0.0619531 0.0688922 0.0733196 0.0749508 0.0739581 0.0707802 0.0659369 0.0599396 0.0532609 0.0463129 0.039428 0.0328496 0.0267378 0.0211867 0.0162522 0.011977 0.00840182 0.00555449 0.00342619
 0.0109592 0.0173039 0.0251096 0.0339979 0.0435018 0.0530053 0.0616656 0.0685369 0.0728936 0.074487 0.0735291 0.0704812 0.0658534 0.0601153 0.0536784 0.0468972 0.0400695 0.0334395 0.027199 0.0214903 0.0164129 0.0120353 0.00840262 0.00553281 0.00340243
 0.0111 0.0175362 0.0254645 0.0345023 0.0441676 0.0538139 0.0625537 0.0693961 0.0735894 0.0748939 0.0735689 0.0701492 0.065223 0.0593168 0.0528587 0.0461743 0.0395032 0.0330282 0.0269011 0.0212556 0.0162071 0.0118475 0.00823836 0.00540171 0.00330882
 0.0109656 0.017336 0.0251988 0.0341885 0.043841 0.0535258 0.0623654 0.069365 0.0737477 0.0752285 0.0740152 0.0706081 0.0655959 0.0595424 0.0529317 0.0461387 0.0394239 0.0329591 0.0268655 0.0212474 0.0162064 0.0118379 0.00821554 0.00537113 0.00327896
 0.0108218 0.0171191 0.0249043 0.0338243 0.0434274 0.0530932 0.061954 0.0690236 0.0735298 0.07518 0.0741591 0.0709302 0.0660423 0.060032 0.0533825 0.0464948 0.0396702 0.0331144 0.0269633 0.0213154 0.0162575 0.0118738 0.00823521 0.00537656 0.0032754
 0.0107473 0.0169931 0.0247063 0.0335347 0.0430339 0.0526017 0.0613962 0.0684574 0.0730276 0.0748123 0.0739789 0.0709636 0.0662844 0.0604459 0.0539046 0.0470488 0.0401867 0.0335484 0.0273 0.0215626 0.0164329 0.0119944 0.00831403 0.00542381 0.00330037
 0.0105535 0.0166831 0.0242501 0.0329095 0.0422312 0.0516366 0.060318 0.0673522 0.0720088 0.0739991 0.0734718 0.0708261 0.0665311 0.0610415 0.054771 0.0480795 0.041267 0.0345758 0.0282005 0.0222978 0.0169964 0.0124017 0.00859153 0.00560096 0.00340531
 0.0106408 0.0168203 0.0244458 0.0331631 0.0425266 0.0519357 0.0605595 0.0674615 0.0719207 0.0736858 0.0729609 0.0701973 0.0658951 0.060508 0.0544199 0.0479434 0.041329 0.0347821 0.0284814 0.0225887 0.0172524 0.0126011 0.00873184 0.00569102 0.00345815
 0.0102037 0.0162103 0.0237138 0.0324195 0.04191 0.051562 0.0604789 0.0676458 0.0722813 0.0741076 0.0733368 0.070456 0.0660166 0.0605238 0.0543964 0.0479542 0.0414268 0.0349822 0.028762 0.0229054 0.0175575 0.0128593 0.00892677 0.00582359 0.00353972
 0.00938724 0.0149867 0.0220702 0.0304249 0.0397119 0.0493686 0.058535 0.0661971 0.0715197 0.0741119 0.0740433 0.0716823 0.0675277 0.0621055 0.055903 0.0493187 0.0426413 0.0360652 0.0297293 0.0237567 0.018279 0.0134365 0.00935619 0.00611782 0.0037242
#obs surv len freq
 nan nan nan nan nan nan nan nan nan nan nan nan nan nan nan nan nan nan nan nan nan nan nan nan nan
 0.00448659 0.00734893 0.01118 0.0159974 0.0216989 0.0279748 0.034289 0.0400198 0.0446984 0.0481608 0.0505171 0.0520112 0.0529018 0.0534128 0.0537259 0.0539799 0.0542578 0.0545501 0.0546886 0.0542804 0.0527185 0.049351 0.0438013 0.0362822 0.0276668
 0.00461474 0.00755986 0.0115019 0.016457 0.022315 0.0287478 0.0351911 0.0409923 0.0456601 0.0490244 0.0512057 0.0524697 0.0531023 0.0533543 0.0534303 0.0534841 0.0536052 0.0537832 0.0538463 0.0533998 0.0518383 0.0485142 0.0430526 0.0356593 0.0271907
 0.00477804 0.00782678 0.0119064 0.0170317 0.0230854 0.029722 0.0363483 0.0422781 0.0469904 0.0502983 0.0523205 0.0533341 0.0536464 0.0535376 0.0532447 0.0529518 0.0527718 0.0527085 0.052597 0.0520461 0.0504558 0.0471835 0.0418538 0.0346585 0.0264244
 0.00497004 0.00814008 0.0123801 0.0177033 0.0239834 0.0308554 0.0376949 0.0437795 0.0485593 0.0518329 0.0537177 0.0544977 0.0544914 0.0539957 0.0532707 0.0525307 0.0519208 0.0514763 0.051059 0.0502998 0.0486166 0.0453786 0.0402087 0.0332758 0.0253617
 0.00518706 0.00849626 0.0129224 0.0184773 0.0250246 0.032175 0.0392651 0.0455293 0.0503845 0.053616 0.0553461 0.0558731 0.0555311 0.0546307 0.0534464 0.05221 0.0510914 0.0501586 0.0493131 0.0482291 0.046365 0.0431188 0.0381178 0.0315014 0.0239898
 0.00540935 0.00885988 0.0134741 0.0192629 0.0260808 0.0335169 0.0408719 0.047338 0.0522967 0.0555152 0.0571149 0.0574043 0.0567332 0.0554285 0.0537795 0.0520316 0.0503713 0.0488927 0.0475372 0.0460331 0.043899 0.0405825 0.0357288 0.0294485 0.0223892
 0.00564604 0.00924827 0.0140653 0.0201068 0.0272165 0.0349576 0.0425898 0.0492589 0.0543118 0.0575014 0.0589546 0.058995 0.057989 0.0562782 0.0541639 0.0519019 0.0496905 0.0476427 0.0457351 0.0437518 0.0412824 0.0378412 0.033107 0.0271687 0.0205958
 0.00588343 0.00963849 0.0146607 0.0209591 0.0283673 0.0364224 0.0443422 0.0512242 0.0563771 0.0595374 0.0608365 0.0606154 0.0592619 0.0571374 0.0545581 0.051789 0.0490353 0.0464226 0.0439554 0.0414702 0.0386301 0.0350254 0.0303813 0.0247736 0.0186956
 0.00614075 0.0100571 0.0152915 0.0218497 0.029554 0.0379159 0.0461132 0.0531975 0.0584408 0.0615636 0.0627011 0.0622107 0.060502 0.0579577 0.0549122 0.0516426 0.0483618 0.0452037 0.0421947 0.039216 0.0360009 0.0322174 0.0276436 0.0223507 0.0167605
 0.0063747 0.0104422 0.0158796 0.022692 0.0306901 0.0393582 0.0478303 0.05511 0.0604337 0.0635095 0.0644813 0.0637261 0.0616749 0.0587295 0.0552399 0.0514946 0.0477144 0.0440423 0.0405236 0.0370788 0.0335042 0.0295415 0.0250223 0.0200185 0.014888
 0.00660716 0.0108246 0.0164635 0.023528 0.031818 0.040791 0.0495374 0.0570114 0.0624109 0.0654283 0.0662151 0.0651707 0.0627539 0.0593935 0.0554602 0.0512555 0.0470065 0.0428618 0.0388804 0.0350158 0.0311192 0.0269986 0.0225357 0.0178051 0.0131078
 0.00683604 0.0111983 0.0170289 0.0243299 0.0328905 0.0421439 0.0511422 0.0587952 0.0642658 0.0672307 0.0678452 0.0665262 0.0637565 0.0599907 0.0556236 0.0509751 0.0462832 0.0417039 0.037308 0.0330749 0.0289012 0.0246513 0.0202498 0.0157742 0.0114748
 0.00706335 0.0115719 0.0175984 0.0251428 0.033982 0.0435199 0.0527643 0.0605765 0.0660851 0.0689577 0.0693631 0.0677439 0.0646107 0.0604432 0.055657 0.0505882 0.045486 0.0405147 0.0357564 0.0312122 0.0268157 0.0224764 0.0181534 0.0139241 0.00999319
 0.00725511 0.0118902 0.0180895 0.0258538 0.0349505 0.044759 0.0542459 0.0622258 0.0677906 0.070592 0.070806 0.0688972 0.065406 0.0608426 0.0556488 0.0501798 0.0446968 0.039372 0.0342971 0.0294914 0.0249181 0.0205222 0.0162882 0.0122899 0.00869133
 0.00742523 0.0121676 0.0185087 0.0264481 0.0357465 0.045767 0.0554496 0.0635762 0.0692099 0.0719857 0.0720753 0.0699515 0.0661708 0.0612665 0.0557056 0.0498667 0.0440292 0.0383788 0.0330193 0.0279864 0.023267 0.0188328 0.0146862 0.0108945 0.00758481
 0.00754051 0.012353 0.0187842 0.026832 0.0362532 0.0464034 0.0562102 0.0644407 0.0701442 0.0729452 0.0730089 0.0708027 0.0668802 0.0617754 0.0559636 0.049838 0.0436975 0.0377488 0.0321174 0.0268616 0.0219928 0.017506 0.0134162 0.00978289 0.00670144
 0.00759882 0.012449 0.0189311 0.027043 0.0365395 0.0467709 0.056656 0.0649529 0.0707043 0.0735331 0.0736047 0.0713844 0.0674199 0.0622363 0.0563006 0.0500036 0.0436505 0.0374639 0.0315923 0.0261226 0.0210958 0.0165322 0.0124603 0.00893365 0.00602046
 0.0076624 0.0125424 0.0190537 0.027189 0.0367013 0.046944 0.0568424 0.06516 0.0709415 0.0738067 0.073915 0.0717249 0.0677767 0.0625877 0.0566159 0.0502435 0.0437712 0.0374251 0.0313687 0.0257136 0.0205318 0.0158727 0.0117824 0.00831343 0.00551372
 0.00772594 0.0126416 0.0191948 0.0273733 0.0369237 0.047191 0.0570926 0.0653884 0.0711279 0.0739447 0.0740149 0.0718082 0.0678653 0.0626937 0.056736 0.0503583 0.0438487 0.0374272 0.0312612 0.0254777 0.0201739 0.0154271 0.011304 0.0078624 0.00513751
 0.0077602 0.0126945 0.0192691 0.0274701 0.0370416 0.047327 0.0572407 0.0655393 0.0712695 0.0740649 0.0741054 0.0718689 0.0679054 0.0627279 0.0567772 0.0504102 0.0439006 0.0374553 0.0312352 0.0253724 0.0199801 0.0151586 0.0109951 0.00755686 0.00487389
 0.00781342 0.0127742 0.0193764 0.0276012 0.0371892 0.0474814 0.0573919 0.0656775 0.0713862 0.0741536 0.0741626 0.0718942 0.0679018 0.0627022 0.0567394 0.0503703 0.0438636 0.0374168 0.0311812 0.0252845 0.0198453 0.0149775 0.0107846 0.00734438 0.00468673
 0.00785386 0.0128338 0.0194545 0.027693 0.0372864 0.0475747 0.0574726 0.0657391 0.0714258 0.0741726 0.074166 0.0718887 0.0678932 0.0626936 0.0567318 0.0503633 0.0438565 0.0374066 0.0311612 0.0252446 0.0197761 0.0148764 0.0106593 0.00721142 0.00456486
 0.00785811 0.0128425 0.0194707 0.0277198 0.0373258 0.0476251 0.057528 0.06579 0.0714626 0.0741898 0.0741647 0.0718757 0.0678775 0.0626831 0.0567305 0.0503713 0.0438703 0.0374208 0.031169 0.0252384 0.0197493 0.0148263 0.0105897 0.00713228 0.00448875
 0.00787383 0.0128613 0.0194869 0.0277248 0.0373114 0.0475881 0.0574735 0.0657303 0.0714116 0.0741573 0.0741534 0.0718824 0.0678971 0.062712 0.0567671 0.0504147 0.0439185 0.0374697 0.0312125 0.0252697 0.0197624 0.0148185 0.010563 0.00709338 0.00444663
 0.0078903 0.0128865 0.0195212 0.0277665 0.0373558 0.047627 0.0574963 0.0657268 0.0713772 0.0740965 0.0740792 0.0718116 0.0678436 0.0626824 0.056761 0.0504276 0.0439446 0.0375031 0.0312471 0.0252993 0.0197815 0.0148235 0.0105542 0.00707426 0.00442309
 0.00789461 0.0128899 0.0195198 0.0277548 0.0373285 0.0475817 0.057435 0.0656556 0.0713039 0.0740276 0.0740195 0.0717654 0.0678159 0.0626783 0.0567834 0.050475 0.0440114 0.0375806 0.031326 0.025371 0.0198395 0.014864 0.0105766 0.00708161 0.00442046
 0.00788276 0.0128719 0.0194949 0.0277227 0.0372888 0.0475335 0.0573769 0.0655874 0.071228 0.07395 0.0739492 0.0717115 0.0677854 0.0626748 0.0568074 0.0505245 0.0440818 0.0376652 0.0314163 0.0254579 0.0199148 0.0149225 0.0106165 0.00710457 0.00443068
 0.00786526 0.0128399 0.0194406 0.0276376 0.0371666 0.0473748 0.0571923 0.0653963 0.0710536 0.0738125 0.0738607 0.0716761 0.0678009 0.0627356 0.0569059 0.0506519 0.0442286 0.0378214 0.0315715 0.0256024 0.0200402 0.0150229 0.01069 0.00715317 0.00445919
 0.00785972 0.0128285 0.0194188 0.0275991 0.0371043 0.0472824 0.0570672 0.0652419 0.0708807 0.0736388 0.0737078 0.0715641 0.0677436 0.0627376 0.056963 0.050754 0.0443627 0.0379738 0.0317293 0.0257535 0.0201747 0.0151339 0.0107742 0.0072113 0.00449545
 0.00785576 0.0128182 0.0193961 0.0275561 0.037033 0.047178 0.0569303 0.0650799 0.0707057 0.0734656 0.0735518 0.0714403 0.0676655 0.0627147 0.0569989 0.0508447 0.0444975 0.0381377 0.0319056 0.0259267 0.0203317 0.0152654 0.0108758 0.00728326 0.0045418
 0.00782228 0.012768 0.0193284 0.0274722 0.0369355 0.0470687 0.0568101 0.0649495 0.0705682 0.0733277 0.073424 0.0713353 0.0675957 0.0626898 0.0570243 0.0509208 0.044619 0.0382939 0.0320817 0.0261062 0.0204993 0.0154093 0.0109893 0.00736519 0.00459568
 0.00779667 0.0127234 0.019256 0.0273633 0.0367844 0.0468779 0.0565928 0.0647281 0.0703679 0.0731683 0.0733153 0.0712779 0.0675857 0.0627232 0.0570986 0.0510339 0.0447672 0.0384703 0.0322753 0.026303 0.0206845 0.0155703 0.011118 0.00745941 0.00465853
 0.00775854 0.0126613 0.0191624 0.027231 0.0366083 0.0466569 0.0563334 0.0644465 0.0700888 0.0729214 0.0731287 0.0711717 0.0675674 0.0627877 0.0572321 0.0512194 0.0449883 0.0387125 0.0325252 0.026547 0.020909 0.0157634 0.0112721 0.00757259 0.00473447
 0.00774364 0.0126336 0.0191145 0.0271537 0.0364929 0.0464986 0.0561344 0.0642168 0.0698452 0.0726843 0.0729196 0.0710112 0.0674726 0.0627695 0.0572919 0.0513492 0.045173 0.0389334 0.0327632 0.0267845 0.0211303 0.0159559 0.0114274 0.00768798 0.00481283
 0.00932419 0.0148455 0.0217825 0.0298939 0.0388242 0.04802 0.0566664 0.0638282 0.068772 0.0712098 0.0712871 0.0693903 0.0659657 0.0614317 0.0561486 0.0504061 0.0444226 0.0383588 0.0323415 0.0264899 0.0209365 0.0158375 0.0113617 0.00765577 0.00479953
 0.00930105 0.0151033 0.0226913 0.0319133 0.0423032 0.0529273 0.0624183 0.0693839 0.0730027 0.0733436 0.0711631 0.067402 0.0627886 0.0577339 0.0524257 0.0469525 0.0413794 0.0357745 0.0302161 0.0247981 0.019639 0.0148853 0.0106984 0.00722123 0.00453422
 0.00897203 0.0145834 0.0219586 0.0310148 0.0414093 0.0523696 0.062651 0.0708214 0.0757713 0.0770966 0.0751226 0.0706544 0.0646658 0.0580457 0.05143 0.0451422 0.0392492 0.0336861 0.0283734 0.023284 0.0184632 0.0140192 0.0100954 0.00682687 0.00429397
 0.0087833 0.0142695 0.0214739 0.0303154 0.0404702 0.051216 0.0613991 0.0697068 0.0751312 0.0772777 0.0763262 0.0727892 0.0673135 0.0605959 0.0533275 0.0460987 0.0393021 0.033099 0.0274744 0.0223412 0.0176376 0.0133761 0.0096376 0.00652619 0.00411149
 0.00873362 0.014178 0.0213154 0.0300575 0.040078 0.0506621 0.0606775 0.0688498 0.0742262 0.076478 0.0758405 0.0728298 0.0680045 0.061882 0.0549505 0.0476807 0.0404997 0.0337366 0.0275791 0.0220793 0.0172105 0.0129415 0.00928183 0.00627437 0.00395279
 0.00867825 0.0140895 0.0211845 0.0298749 0.0398339 0.0503464 0.0602815 0.0683705 0.0736729 0.0758824 0.0752682 0.0723855 0.067819 0.0620705 0.0555517 0.0486115 0.041564 0.0346979 0.0282583 0.0224172 0.017263 0.0128238 0.00910584 0.00611297 0.00383571
 0.00869442 0.0141093 0.0212022 0.0298805 0.0398149 0.0502907 0.0601796 0.0682153 0.0734589 0.0756068 0.0749358 0.0720195 0.0674697 0.0618159 0.0554777 0.0487747 0.0419543 0.0352272 0.0287923 0.0228333 0.0175001 0.0128939 0.009067 0.00603053 0.00375539
 0.00870118 0.0141237 0.0212294 0.0299261 0.0398815 0.0503736 0.0602641 0.0682783 0.0734749 0.0755555 0.0748076 0.0718179 0.0672132 0.0615396 0.055233 0.0486203 0.041935 0.0353507 0.029018 0.0230878 0.0177105 0.0130191 0.00910745 0.00601456 0.00371691
 0.00864327 0.0140397 0.0211223 0.029806 0.0397638 0.0502754 0.0601999 0.0682563 0.0734941 0.0756038 0.0748643 0.0718589 0.0672197 0.0615052 0.055169 0.0485541 0.0419024 0.0353811 0.0291189 0.0232387 0.0178718 0.0131517 0.00919035 0.0060495 0.00371993
 0.00864161 0.0140268 0.0210848 0.0297271 0.0396302 0.0500866 0.0599748 0.0680313 0.0733117 0.0754966 0.0748439 0.0719138 0.0673219 0.0616225 0.0552756 0.0486394 0.0419722 0.035452 0.0292073 0.0233493 0.0179943 0.0132662 0.00927888 0.00610479 0.00374623
 0.00863636 0.0140222 0.0210841 0.0297337 0.0396438 0.0500994 0.0599709 0.0679922 0.0732267 0.0753723 0.0747049 0.0717929 0.0672453 0.0615992 0.0552968 0.0486864 0.0420283 0.0355094 0.0292672 0.0234158 0.0180672 0.013339 0.00934186 0.00615062 0.0037736
 0.00865294 0.0140454 0.0211126 0.0297642 0.0396731 0.0501257 0.0599942 0.068012 0.0732384 0.075367 0.0746725 0.0717298 0.0671594 0.0615082 0.0552201 0.0486366 0.0420072 0.0355116 0.0292855 0.023445 0.0181039 0.013379 0.00937975 0.00618136 0.0037946
 0.00863121 0.014016 0.0210789 0.0297329 0.0396512 0.0501176 0.0599995 0.0680259 0.0732549 0.0753811 0.0746812 0.0717307 0.0671503 0.0614886 0.0551936 0.0486107 0.0419905 0.0355095 0.0292988 0.0234706 0.0181368 0.0134142 0.00941272 0.00620849 0.00381412
 0.00862139 0.0139994 0.0210532 0.0296963 0.0396044 0.0500649 0.0599496 0.0679896 0.0732411 0.0753923 0.0747122 0.0717713 0.0671895 0.0615183 0.0552105 0.0486161 0.0419892 0.035508 0.0293025 0.0234823 0.0181557 0.0134374 0.00943618 0.00622894 0.00382962
 0.0086067 0.0139753 0.0210165 0.0296441 0.0395349 0.0499787 0.0598512 0.0678885 0.0731502 0.0753258 0.0746811 0.0717802 0.0672347 0.061589 0.0552929 0.0486978 0.0420624 0.03557 0.0293547 0.0235275 0.0181961 0.0134735 0.00946714 0.00625362 0.00384752
 0.0086067 0.0139753 0.0210165 0.0296441 0.0395349 0.0499787 0.0598512 0.0678885 0.0731502 0.0753258 0.0746811 0.0717802 0.0672347 0.061589 0.0552929 0.0486978 0.0420624 0.03557 0.0293547 0.0235275 0.0181961 0.0134735 0.00946714 0.00625362 0.00384752
 0.00884247 0.014346 0.0215491 0.0303503 0.0404027 0.050964 0.0608711 0.068828 0.0738861 0.0757598 0.0747669 0.0715305 0.0667094 0.0608742 0.0544784 0.0478618 0.0412638 0.0348481 0.0287326 0.0230156 0.0177953 0.0131766 0.00926057 0.00611958 0.00376698
 0.00900053 0.0146228 0.0220006 0.031036 0.0413662 0.0522041 0.0623173 0.0703387 0.075276 0.0768465 0.0754137 0.0716719 0.0663563 0.0601021 0.0534058 0.0466237 0.0399866 0.0336333 0.0276497 0.0221038 0.0170686 0.0126293 0.00887314 0.00586351 0.0036101
 0.00906918 0.0147413 0.0221931 0.0313329 0.041802 0.0528102 0.0631104 0.0713055 0.0763615 0.0779499 0.0764003 0.0724001 0.0667137 0.0600355 0.0529332 0.0458249 0.0389795 0.0325449 0.026592 0.021159 0.0162846 0.0120226 0.00843544 0.00557018 0.00342846
 0.00892866 0.0145225 0.0218838 0.0309334 0.0413317 0.0523141 0.0626631 0.0710046 0.0763052 0.0782057 0.0769747 0.0732269 0.0676643 0.0609511 0.053668 0.0462836 0.0391369 0.0324405 0.0263068 0.0207861 0.0159042 0.0116893 0.00817563 0.00538737 0.00331174
 0.00899415 0.0146007 0.0219495 0.0309464 0.0412484 0.0521067 0.0623367 0.0706028 0.075903 0.0778918 0.0768306 0.0733052 0.0679712 0.0614383 0.0542408 0.0468268 0.0395491 0.0326639 0.0263383 0.0206681 0.0157018 0.0114658 0.0079765 0.00523478 0.00320867
 0.00898074 0.0145839 0.0219319 0.0309298 0.0412283 0.0520669 0.0622488 0.0704364 0.0756438 0.0775589 0.0764819 0.0730233 0.067836 0.061498 0.0544926 0.0472167 0.0399892 0.0330618 0.0266265 0.0208209 0.0157346 0.0114188 0.00789446 0.00515215 0.00314362
 0.00916432 0.0148675 0.0223303 0.0314444 0.0418443 0.05275 0.0629419 0.0710601 0.0761074 0.0777818 0.076418 0.0726803 0.0672786 0.0608317 0.0538327 0.0466527 0.039562 0.0327615 0.0264115 0.0206446 0.0155669 0.0112531 0.00774077 0.00502419 0.00304937
 0.00902815 0.0146732 0.0220884 0.0311832 0.0416039 0.0525712 0.0628562 0.0710838 0.0762387 0.0779998 0.0766838 0.0729432 0.0674904 0.0609634 0.0538853 0.0466545 0.039552 0.032769 0.026443 0.0206865 0.015599 0.0112621 0.00772644 0.00499592 0.00301875
 0.00901507 0.0146296 0.0219835 0.0309799 0.0412748 0.0521205 0.0623341 0.0705808 0.0758567 0.0778146 0.0767201 0.0731722 0.0678468 0.06137 0.0542757 0.0469877 0.0398159 0.0329727 0.0266032 0.0208151 0.0156991 0.0113322 0.00776696 0.00501242 0.00302015
 0.00897006 0.0145598 0.0218835 0.0308436 0.0410926 0.0518783 0.0620178 0.0701877 0.0754103 0.0773717 0.0763613 0.0729754 0.0678565 0.0615801 0.0546345 0.0474207 0.0402529 0.0333655 0.0269296 0.021072 0.0158924 0.0114702 0.0078584 0.00506693 0.00304838
 0.00886296 0.0143828 0.0216132 0.0304595 0.0405854 0.0512602 0.0613292 0.069493 0.0747822 0.0768722 0.0760321 0.0728407 0.0679289 0.0618599 0.0551014 0.0480284 0.0409335 0.0340457 0.0275483 0.0215914 0.0162988 0.0117679 0.00806215 0.00519635 0.00312384
 0.00896742 0.0145392 0.0218221 0.0307091 0.0408502 0.0515017 0.0615001 0.069546 0.0746839 0.0766173 0.0756484 0.0723832 0.0674651 0.0614552 0.0548079 0.0478753 0.0409226 0.0341514 0.027727 0.0217958 0.0164905 0.0119245 0.0081763 0.0052714 0.0031684
 0.00900246 0.0146087 0.0219486 0.0309185 0.0411614 0.0519122 0.0619744 0.0700163 0.0750657 0.0768339 0.0756542 0.0721747 0.0670802 0.0609614 0.0542852 0.0473982 0.0405449 0.0338984 0.0275946 0.0217578 0.0165112 0.0119704 0.00822408 0.00530919 0.00319337
 0.00886966 0.0144055 0.0216682 0.0305678 0.0407642 0.0515116 0.0616299 0.0697922 0.0750105 0.0769578 0.0759205 0.0725122 0.0674101 0.0612255 0.0544612 0.047499 0.0406049 0.0339549 0.0276727 0.0218639 0.0166352 0.0120942 0.00833099 0.00539008 0.00324738
#pred catch len freq
 0.00470818 0.00744302 0.010842 0.0148128 0.0192921 0.0242256 0.0294953 0.0348867 0.0401322 0.0449832 0.0492524 0.0528268 0.0556676 0.0577944 0.0592507 0.0600643 0.0602275 0.0596921 0.0583624 0.0560729 0.0525816 0.047638 0.041158 0.0334265 0.0251637
 0.00490281 0.00767221 0.0110304 0.0148483 0.0190713 0.023716 0.0287762 0.0341299 0.0395258 0.0446387 0.0491546 0.0528528 0.0556593 0.0576429 0.0589509 0.0597206 0.0600082 0.0597526 0.0587686 0.0567646 0.0533952 0.0483808 0.0416901 0.0337069 0.0252402
