SBPRF35
7.78865
Curr Bio
507286
B35
658942
F35
0.223558
FOFL
0.18668
OFL
79551.4
Bzero
2.22533e+006
#pred survey bio
 4.48974e+006 4.22258e+006 3.96872e+006 3.68067e+006 3.39706e+006 3.08087e+006 2.76859e+006 2.43544e+006 2.13305e+006 1.86031e+006 1.64209e+006 1.44898e+006 1.25957e+006 1.11775e+006 966376 888247 791772 728998 690623 662738 634017 615232 597981 588313 589849 574887 574936 582000 581531 576912 583261 586278 585414 581754 569709 548273 541783 534858 546436 559804 564845 565019 578939 584713 575559 579845 579962 580379 582140 579414 573297 548008 521483 529900 522765 531770 542792 538238 528735 540650 516479 478493 461987 454450 456805 466529 466154 473819 508756 1.94938e+007 1.20962e+007 1.25782e+007 1.32932e+007 1.41025e+007 1.48722e+007 1.55337e+007 1.60669e+007 1.64786e+007 1.67875e+007 1.7015e+007 1.71809e+007 1.73012e+007 1.73884e+007 1.74517e+007 1.74978e+007 1.75316e+007 1.75565e+007 1.7575e+007 1.75888e+007 1.75992e+007 1.7607e+007 1.76129e+007 1.76174e+007 1.76208e+007 1.76235e+007 1.76255e+007 1.7627e+007 1.76282e+007 1.76291e+007 1.76298e+007 1.76303e+007 1.76308e+007 1.76311e+007 1.76313e+007 1.76315e+007 1.76317e+007 1.76318e+007 1.76319e+007 1.76319e+007 1.7632e+007 1.7632e+007 1.76321e+007 1.76321e+007 1.76321e+007 1.76321e+007 1.76321e+007 1.76322e+007 1.76322e+007 1.76322e+007 1.76322e+007 1.76322e+007 1.76322e+007 1.76322e+007 1.76322e+007 1.76322e+007 1.76322e+007 1.76322e+007 1.76322e+007 1.76322e+007 1.76322e+007 1.76322e+007 1.76322e+007 1.76322e+007 1.76322e+007 1.76322e+007 1.76322e+007 1.76322e+007 1.76322e+007 1.76322e+007 1.76322e+007 1.76322e+007 1.76322e+007 1.76322e+007 1.76322e+007 1.76322e+007 1.76322e+007 1.76322e+007 1.76322e+007 1.76322e+007 1.76322e+007 1.76322e+007 1.76322e+007 1.76322e+007 1.76322e+007 1.76322e+007 1.76322e+007 1.76322e+007 1.76322e+007 1.76322e+007 1.76322e+007 1.76322e+007 1.76322e+007 1.76322e+007 1.76322e+007 1.76322e+007 1.76322e+007 1.76322e+007 1.76322e+007 1.76322e+007 0 0 0 0 0 0 0 0 0 0 0 0 0 0 0 0 0 0 0 0 0 0 0 0 0
#obs survey bio
 3.23197e+006 3.13882e+006 2.59416e+006 3.85583e+006 2.13394e+006 2.91482e+006 2.38619e+006 2.3751e+006 2.03868e+006 1.63814e+006 1.26042e+006 1.26567e+006 1.15704e+006 957998 853301 507199 654083 638683 874774 676657 560760 476602 560776 521680 598057 496333 569198 465365 468916 485694 498901 832190 705217 508445 686715 590684 551304 486013 773772 446925 645409 472285 454161 690655 547387 553160 626582 639402 622690 598386 644182 600600 710278 493931 506417 576025 604762 470813 735651 710642 434523 576994 448800 493324 485034 471368 502344 405194 482753
#pred catch bio
 102310 102855 155838 177964 237451 265288 314707 314243 309987 279200 271027 277541 241514 252356 190689 207043 175545 151403 139283 137177 126634 123548 115562 105635 118850 105093 98604.4 103829 105558 95029.3 96396.1 97166.3 96598.1 100050 103654 89544.2 93136 82215.5 84208.6 92177.5 95582.4 83756.2 90531.4 101464 88482.9 91465.1 90919.5 89961.2 94298.6 97470.6 113011 112985 84245.5 98716.8 85592.2 84210.3 96837.4 100084 81447.3 110407 119801 100969 93679.8 85472 80058.9 90220.1 86698.3 69580.7 64324.4 79551.4 96530.6 99322.3 103843 109562 115112 119809 123479 126195 128129 129466 130370 130970 131364 131619 131783 131887 131954 131996 132022 132039 132049 132056 132060 132062 132064 132065 132065 132066 132066 132066 132066 132066 132066 132066 132066 132066 132066 132066 132066 132066 132066 132066 132066 132066 132066 132066 132066 132066 132066 132066 132066 132066 132066 132066 132066 132066 132066 132066 132066 132066 132066 132066 132066 132066 132066 132066 132066 132066 132066 132066 132066 132066 132066 132066 132066 132066 132066 132066 132066 132066 132066 132066 132066 132066 132066 132066 132066 132066 132066 132066 132066 132066 132066 132066 132066 132066 132066 132066 132066 0 0 0 0 0 0 0 0 0 0 0 0 0 0 0 0 0 0 0 0 0 0 0 0 0
#obs catch bio
 0 102651 156746 178643 240015 268214 320307 320272 316670 283888 276692 284537 246987 259183 193782 213772 180240 154490 140839 138980 128521 125757 117295 106615 120920 106860 99829.9 105336 106765 95928.3 97572.8 97739.4 97110.3 100679 104265 89504.2 93824.1 82130.7 83976.1 92101.9 95107.2 83248.4 90212.3 101113 87605.9 90786.1 90138.4 89253.3 93416.6 97026.9 112375 112818 83404.1 98789.8 85433.4 83694.7 96467.7 100106 80655.4 108956 118434 99761.7 92798.5 84768.6 79078.1 89441.7 86352.8 69476.2 64237.2
#pred cpue bio
 4.41578e+006 4.15212e+006 3.90025e+006 3.61301e+006 3.33073e+006 3.01617e+006 2.70564e+006 2.37493e+006 2.07514e+006 1.80512e+006 1.58895e+006 1.39775e+006 1.21087e+006 1.07125e+006 922641 845444 751008 690220 653643 627106 599406 581216 564654 555477 557000 542526 542773 550006 549995 545861 552312 555808 555705 552799 541867 521725 514835 506407 516501 529458 534835 535403 549044 554874 546415 550837 550986 551344 552933 550040 543954 519287 493214 501013 493946 502788 513856 509592 500305 512153 488962 451657 435062 427664 430169 439595 438648 444963 477795 1.83591e+007 1.14186e+007 1.18342e+007 1.24611e+007 1.32402e+007 1.40034e+007 1.46638e+007 1.51968e+007 1.56084e+007 1.59173e+007 1.61449e+007 1.63108e+007 1.64311e+007 1.65182e+007 1.65815e+007 1.66276e+007 1.66614e+007 1.66864e+007 1.67048e+007 1.67186e+007 1.6729e+007 1.67368e+007 1.67427e+007 1.67472e+007 1.67507e+007 1.67533e+007 1.67553e+007 1.67568e+007 1.6758e+007 1.67589e+007 1.67596e+007 1.67602e+007 1.67606e+007 1.67609e+007 1.67611e+007 1.67613e+007 1.67615e+007 1.67616e+007 1.67617e+007 1.67618e+007 1.67618e+007 1.67619e+007 1.67619e+007 1.67619e+007 1.67619e+007 1.67619e+007 1.6762e+007 1.6762e+007 1.6762e+007 1.6762e+007 1.6762e+007 1.6762e+007 1.6762e+007 1.6762e+007 1.6762e+007 1.6762e+007 1.6762e+007 1.6762e+007 1.6762e+007 1.6762e+007 1.6762e+007 1.6762e+007 1.6762e+007 1.6762e+007 1.6762e+007 1.6762e+007 1.6762e+007 1.6762e+007 1.6762e+007 1.6762e+007 1.6762e+007 1.6762e+007 1.6762e+007 1.6762e+007 1.6762e+007 1.6762e+007 1.6762e+007 1.6762e+007 1.6762e+007 1.6762e+007 1.6762e+007 1.6762e+007 1.6762e+007 1.6762e+007 1.6762e+007 1.6762e+007 1.6762e+007 1.6762e+007 1.6762e+007 1.6762e+007 1.6762e+007 1.6762e+007 1.6762e+007 1.6762e+007 1.6762e+007 1.6762e+007 1.6762e+007 1.6762e+007 1.6762e+007 1.6762e+007 0 0 0 0 0 0 0 0 0 0 0 0 0 0 0 0 0 0 0 0 0 0 0 0 0
#obs cpue bio
 2.96855e+006 4.00256e+006 2.95939e+006 2.8545e+006 3.13254e+006 2.82239e+006 2.2362e+006 1.81124e+006 1.71734e+006 2.16752e+006 1.30022e+006 1.21547e+006 902824 1.08002e+006 842031 674316 662242 699162 678518 481052 443304 509475 535763 620612 363919 390158 537322 545407 747840 512611 479224 568662 428113 563086 485603 591674 332118 846431 452814 618980 730419 638351 659139 580294 898035 590117 626488 515736 669140 365467 613768 415042 537838 366757 513235 682312 458338 493566 581203 695687 580072 440083 486391 429041 598011 426358 339672 388612 492149
#pred surv len freq
 0.00457722 0.0074406 0.01122 0.0159157 0.0214439 0.0275618 0.033831 0.0397141 0.0447663 0.0487761 0.0517646 0.0538915 0.0553586 0.0563465 0.0569723 0.0572672 0.0571802 0.0566 0.0553687 0.0532729 0.0500412 0.0454093 0.0392845 0.0319368 0.0240592
 0.00496892 0.00797782 0.011849 0.0165365 0.0219536 0.0279136 0.0340683 0.0399462 0.0450934 0.0492091 0.0521954 0.0541347 0.0552404 0.0557905 0.0560418 0.0561484 0.0561171 0.0558069 0.0549532 0.0532039 0.0501773 0.0455747 0.03935 0.0318633 0.0238861
 0.00511045 0.00826109 0.0123661 0.017386 0.0231936 0.0295025 0.0358347 0.0416276 0.046439 0.050084 0.0526106 0.0541837 0.055 0.0552675 0.0552011 0.0549884 0.0547261 0.0543552 0.0536275 0.052128 0.0493704 0.0449706 0.0388572 0.0314218 0.0234868
 0.00530931 0.00856505 0.0127934 0.0179562 0.0239414 0.0304866 0.0371233 0.0432518 0.0483338 0.0520601 0.0543931 0.0555076 0.0557022 0.055316 0.0546551 0.0539416 0.0532837 0.0526451 0.0518086 0.0503657 0.0477919 0.0436358 0.0377673 0.0305519 0.0228134
 0.00551809 0.00890189 0.0132945 0.0186513 0.0248465 0.0315971 0.0384115 0.0446768 0.049856 0.0536446 0.0559867 0.057005 0.0569369 0.0560968 0.0548321 0.0534559 0.0521762 0.0510353 0.0498657 0.0482814 0.045751 0.0417862 0.0362013 0.0293069 0.0218843
 0.00574284 0.0092684 0.0138487 0.0194376 0.0259004 0.0329323 0.0400048 0.0464604 0.051726 0.0554832 0.0576872 0.0584829 0.0581209 0.0569077 0.0551713 0.0532219 0.0513041 0.0495363 0.0478429 0.045916 0.0432672 0.0394065 0.0341062 0.0276078 0.0206165
 0.00595632 0.00961702 0.0143771 0.0201905 0.0269171 0.0342353 0.0415865 0.0482731 0.0536822 0.0574658 0.0595652 0.0601298 0.0594296 0.0577972 0.055579 0.053092 0.0505861 0.0482053 0.0459332 0.0435474 0.0406414 0.0367722 0.0317025 0.0256107 0.0191074
 0.00619779 0.0100125 0.0149784 0.0210492 0.028076 0.0357154 0.0433705 0.0502972 0.0558411 0.0596283 0.0615922 0.0618884 0.0608048 0.0586989 0.0559448 0.0528821 0.0497766 0.0467892 0.0439384 0.0410641 0.0378418 0.033898 0.0290176 0.0233347 0.0173619
 0.00646072 0.0104325 0.0155975 0.0219044 0.0291967 0.0371161 0.045041 0.0521927 0.0578807 0.0617012 0.0635703 0.0636405 0.06221 0.0596577 0.0563836 0.0527525 0.049052 0.0454647 0.042041 0.0386737 0.0351108 0.0310504 0.026313 0.0210052 0.015551
 0.00682275 0.0109979 0.0164057 0.0229779 0.0305392 0.0387105 0.0468443 0.0541336 0.059865 0.0636251 0.0653318 0.0651462 0.0633765 0.0604125 0.0566666 0.0525178 0.0482696 0.0441248 0.0401643 0.0363299 0.0324368 0.0282526 0.0236379 0.0186817 0.0137288
 0.00710535 0.011458 0.0170986 0.0239532 0.0318292 0.0403124 0.0487042 0.0561447 0.0618873 0.0655176 0.0669793 0.0664693 0.0643267 0.0609601 0.0567895 0.0521949 0.0474801 0.0428558 0.0384252 0.0341732 0.0299774 0.0256713 0.021157 0.0165132 0.0120166
 0.00731107 0.0118018 0.017634 0.0247379 0.0329149 0.0417277 0.0504338 0.0581167 0.0639761 0.0675622 0.068812 0.0679451 0.0653463 0.0614782 0.0568064 0.0517354 0.0465738 0.0415276 0.0367034 0.0321093 0.0276697 0.023274 0.0188627 0.0145087 0.0104311
 0.00757582 0.0122269 0.018265 0.0256159 0.0340719 0.0431776 0.0521592 0.060058 0.0660299 0.0695903 0.0706575 0.0694538 0.0663903 0.0619764 0.0567342 0.0511187 0.0454707 0.0400083 0.0348395 0.02998 0.0253777 0.0209572 0.0166853 0.0126276 0.00895238
 0.00781638 0.0126032 0.0188045 0.0263362 0.0349806 0.0442718 0.0534218 0.0614538 0.067505 0.0710748 0.0720685 0.0706987 0.0673713 0.0626014 0.0569318 0.0508516 0.0447419 0.0388574 0.0333337 0.0282079 0.0234494 0.0190049 0.0148535 0.011048 0.00771201
 0.008315 0.013375 0.0198926 0.0277521 0.0367009 0.0462349 0.055524 0.063553 0.0694399 0.0726972 0.0732719 0.0714294 0.0676223 0.0623957 0.0563053 0.0498434 0.0433925 0.0372136 0.0314561 0.026176 0.0213641 0.0169848 0.013022 0.00950999 0.00652826
 0.00831747 0.0134227 0.0200444 0.0280882 0.0373009 0.0471438 0.056724 0.0649582 0.0709197 0.0741123 0.0745048 0.0723973 0.0682769 0.0627161 0.0562898 0.0495025 0.0427444 0.0362848 0.030286 0.0248236 0.0199116 0.0155341 0.011681 0.00837043 0.00564507
 0.00836816 0.0135226 0.0202296 0.0284094 0.0378187 0.0479169 0.0577888 0.0663065 0.0724801 0.0757475 0.0760319 0.0736312 0.0690786 0.0630233 0.0561173 0.0489168 0.0418325 0.0351313 0.0289657 0.0234069 0.0184728 0.014155 0.0104438 0.00734253 0.00486206
 0.00840015 0.0135583 0.0202553 0.0284076 0.0377809 0.0478597 0.0577653 0.0664004 0.0727814 0.0763155 0.076863 0.0746467 0.0701385 0.0639639 0.0567967 0.0492494 0.0417992 0.0347673 0.0283385 0.0225973 0.0175658 0.0132355 0.00959085 0.00661902 0.00430361
 0.00850817 0.0137032 0.0204158 0.0285429 0.0378399 0.047798 0.0575639 0.0660799 0.0724062 0.075987 0.0766965 0.074735 0.0705146 0.0645802 0.0575347 0.0499578 0.0423409 0.0350558 0.0283503 0.0223636 0.0171535 0.0127273 0.00906843 0.00614896 0.00392761
 0.00863211 0.0138914 0.0206725 0.0288585 0.0381874 0.0481318 0.0578226 0.066198 0.0723364 0.0757248 0.0762953 0.074297 0.0701601 0.064406 0.0575784 0.0501841 0.0426575 0.035349 0.0285258 0.0223738 0.017003 0.0124608 0.00874925 0.00583765 0.00366683
 0.00875063 0.0140818 0.0209538 0.0292447 0.0386814 0.0487171 0.0584554 0.066806 0.0728292 0.076016 0.0763276 0.074064 0.0697138 0.0638455 0.0570199 0.0497224 0.0423355 0.0351505 0.0283941 0.0222443 0.016833 0.0122425 0.00850415 0.00560004 0.00346642
 0.00874376 0.0140799 0.0209684 0.0292937 0.0387857 0.0488952 0.058716 0.0671421 0.0732146 0.076405 0.0766609 0.074281 0.0697714 0.0637349 0.0567737 0.0494047 0.0420175 0.0348833 0.0281927 0.0220914 0.0166979 0.0121023 0.00835435 0.00545226 0.00333738
 0.00880472 0.0141638 0.0210675 0.029393 0.0388703 0.0489593 0.0587696 0.0672084 0.0733192 0.0765619 0.0768621 0.0744956 0.0699536 0.0638391 0.0567707 0.0492936 0.0418259 0.034655 0.0279691 0.0218964 0.0165352 0.0119636 0.00823166 0.00534381 0.00324687
 0.0089243 0.0143346 0.0212802 0.0296223 0.0390799 0.049112 0.058838 0.0671828 0.0732123 0.0764078 0.0767079 0.0743853 0.0699106 0.063857 0.0568186 0.0493315 0.0418238 0.0346041 0.0278801 0.0217893 0.0164277 0.0118655 0.00814582 0.00527094 0.00318787
 0.00883597 0.0142162 0.0211473 0.0295025 0.0390012 0.0490874 0.0588549 0.0672068 0.0732053 0.0763494 0.0766077 0.0742797 0.0698457 0.0638679 0.0569141 0.0494922 0.0420118 0.0347796 0.0280159 0.021876 0.0164705 0.0118762 0.00813688 0.00525222 0.00316658
 0.00883945 0.0142275 0.021176 0.0295633 0.0391132 0.0492704 0.0591212 0.0675514 0.0735959 0.0767258 0.0768957 0.0744162 0.0698053 0.0636729 0.0566227 0.0491719 0.0417144 0.0345297 0.0278148 0.021714 0.0163377 0.011767 0.0080493 0.0051854 0.00311879
 0.00877468 0.0141168 0.0210003 0.0293048 0.0387637 0.0488421 0.0586562 0.0671194 0.073278 0.0765886 0.076967 0.0746747 0.0701879 0.0640986 0.0570213 0.0495033 0.0419704 0.0347224 0.0279602 0.0218233 0.0164159 0.0118175 0.00807675 0.00519634 0.00312003
 0.00864135 0.0139114 0.0207119 0.0289297 0.0383044 0.0483071 0.0580632 0.0665018 0.0726899 0.0761024 0.0766606 0.0746094 0.0703857 0.0645307 0.0576148 0.050165 0.0426156 0.0352934 0.0284309 0.0221904 0.0166887 0.0120099 0.00820409 0.0052742 0.00316336
 0.00862508 0.0138765 0.0206442 0.0288113 0.0381188 0.0480464 0.0577337 0.0661241 0.0722933 0.0757193 0.0763242 0.0743559 0.0702529 0.0645493 0.0577947 0.0504855 0.0430279 0.0357359 0.0288479 0.0225453 0.0169661 0.012211 0.00833968 0.00535888 0.00321193
 0.0086319 0.0138889 0.0206643 0.0288396 0.0381511 0.0480708 0.0577298 0.0660679 0.0721664 0.0755182 0.076065 0.0740705 0.0699825 0.0643356 0.0576725 0.0504755 0.0431295 0.0359261 0.0290877 0.022792 0.0171859 0.0123851 0.00846408 0.00543961 0.00325959
 0.00841055 0.0135618 0.0202334 0.028329 0.0376014 0.0475285 0.0572386 0.0656631 0.0718725 0.0753464 0.0760134 0.0741277 0.0701336 0.0645674 0.057975 0.05084 0.0435448 0.0363742 0.0295424 0.0232219 0.0175615 0.0126869 0.00868603 0.00558878 0.00335098
 0.00826725 0.0133265 0.0198769 0.0278278 0.0369492 0.0467501 0.0563994 0.0648625 0.0712186 0.0749225 0.0758548 0.0742204 0.0704298 0.0650073 0.0585036 0.0514148 0.0441358 0.0369589 0.0301004 0.023732 0.018003 0.0130444 0.00895405 0.00577328 0.00346687
 0.00819773 0.0132114 0.019699 0.0275681 0.0365885 0.0462748 0.0558098 0.0641831 0.0705037 0.0742534 0.0753242 0.0739074 0.070376 0.0652063 0.0589083 0.0519574 0.0447485 0.0375862 0.0307017 0.0242785 0.018474 0.0134267 0.00924344 0.00597555 0.0035963
 0.0079717 0.0128844 0.0192813 0.0270932 0.0361015 0.0458129 0.0553896 0.0637997 0.0701431 0.0739092 0.0750103 0.0736609 0.070248 0.0652431 0.0591324 0.0523569 0.0452806 0.038191 0.0313187 0.0248576 0.0189802 0.01384 0.0095578 0.00619676 0.00373919
 0.00794209 0.0128117 0.019129 0.0268185 0.0356738 0.0452385 0.0547257 0.063144 0.0695976 0.0735383 0.074821 0.0736164 0.0703014 0.065367 0.0593267 0.0526359 0.0456523 0.0386434 0.0318184 0.0253604 0.0194434 0.0142324 0.00986368 0.00641584 0.00388276
 0.00875143 0.0139604 0.0205464 0.0283287 0.0370386 0.0462325 0.0552023 0.0630653 0.0690264 0.0726093 0.0737014 0.0724638 0.0692305 0.0644379 0.0585575 0.0520268 0.0452016 0.038349 0.03167 0.0253329 0.0194999 0.0143321 0.00997213 0.00651027 0.00395306
 0.00927915 0.0148194 0.021831 0.0300995 0.039277 0.0487881 0.0577672 0.06522 0.0703652 0.0728892 0.0729287 0.0708705 0.0671654 0.0622422 0.0564834 0.0502162 0.0437079 0.0371727 0.0307866 0.0247065 0.0190866 0.0140829 0.00983784 0.00644761 0.00392933
 0.00921767 0.0148049 0.0219688 0.0305448 0.0402 0.0503096 0.0598914 0.0677902 0.0730666 0.0753041 0.074638 0.0715746 0.0667786 0.060912 0.0545229 0.0479881 0.0415211 0.03523 0.0291853 0.0234663 0.0181807 0.0134604 0.00943767 0.00620865 0.00379766
 0.00887002 0.0142747 0.0212428 0.0296522 0.0392272 0.0494109 0.0592825 0.0677078 0.0736887 0.0766587 0.0765518 0.073701 0.068701 0.0622799 0.0551584 0.0479177 0.0409288 0.0343647 0.0282724 0.0226577 0.0175475 0.0130121 0.00914801 0.00603772 0.00370584
 0.0085969 0.0138428 0.0206168 0.0288112 0.0381743 0.048188 0.0579873 0.0665021 0.0727835 0.0762707 0.0768376 0.0746899 0.0702579 0.0641245 0.0569462 0.0493522 0.0418503 0.034776 0.0282974 0.0224663 0.0172882 0.0127784 0.00897841 0.00593302 0.00364993
 0.00854256 0.0137406 0.020437 0.0285168 0.0377288 0.0475688 0.0572009 0.0655944 0.0718422 0.0754201 0.0762245 0.0744563 0.0704993 0.064845 0.0580348 0.0506027 0.0430268 0.0356933 0.0288757 0.0227336 0.0173394 0.0127205 0.00889205 0.00586059 0.00360344
 0.00864806 0.0138893 0.0206171 0.0286992 0.03787 0.0476186 0.0571113 0.0653301 0.0713923 0.0748094 0.0755211 0.0737677 0.0699542 0.0645607 0.0580789 0.0509625 0.0436054 0.0363418 0.0294486 0.0231395 0.0175608 0.0127971 0.00888537 0.00582366 0.0035672
 0.00846283 0.0136263 0.0202911 0.0283453 0.0375307 0.0473232 0.0568623 0.065104 0.0711548 0.0745362 0.0752124 0.0734538 0.0696907 0.0644172 0.0581204 0.0512269 0.0440824 0.0369663 0.0301172 0.0237464 0.0180333 0.0131134 0.00906691 0.00591234 0.00360366
 0.00828709 0.0133564 0.0199164 0.0278716 0.0369845 0.0467536 0.0563373 0.0646961 0.0709163 0.0744757 0.0752901 0.0736018 0.069848 0.0645584 0.0582627 0.0514144 0.044358 0.0373447 0.0305728 0.0242214 0.0184626 0.0134502 0.00929678 0.00604884 0.00367426
 0.00842159 0.0135366 0.0201164 0.028044 0.0370739 0.0467189 0.0561708 0.0644282 0.0706048 0.0741839 0.0750647 0.0734583 0.06977 0.0645115 0.0582176 0.0513657 0.0443263 0.0373617 0.030659 0.0243713 0.0186465 0.0136294 0.00944122 0.00614696 0.00373077
 0.00843763 0.0135647 0.0201604 0.0281031 0.0371362 0.0467557 0.0561371 0.0642773 0.0703124 0.0737708 0.0745999 0.0730359 0.0694725 0.064379 0.058241 0.0515027 0.0445285 0.0375948 0.030906 0.0246235 0.0188922 0.0138515 0.00962281 0.00627899 0.00381543
 0.00846866 0.0136137 0.0202318 0.0282002 0.0372608 0.0469057 0.0563028 0.0644365 0.0704288 0.0738009 0.0745083 0.0728158 0.069156 0.0640299 0.05793 0.0512806 0.044413 0.0375747 0.0309568 0.0247195 0.0190113 0.0139749 0.0097344 0.00636772 0.00387733
 0.00852703 0.013699 0.0203422 0.0283286 0.0373963 0.0470384 0.0564262 0.0645473 0.0705235 0.073871 0.0745382 0.0727847 0.0690472 0.0638424 0.0576861 0.0510217 0.0441848 0.0374105 0.0308684 0.0246993 0.0190404 0.0140312 0.00979851 0.00642561 0.00392156
 0.0085898 0.0137947 0.0204741 0.0284941 0.037587 0.0472398 0.056619 0.0647101 0.0706383 0.0739284 0.0745386 0.0727342 0.0689515 0.0637038 0.0575068 0.050811 0.0439626 0.0372043 0.0307037 0.0245902 0.0189864 0.0140204 0.00981378 0.00645114 0.00394638
 0.00853397 0.0137322 0.0204317 0.0285127 0.037709 0.0474895 0.0569868 0.0651501 0.0710822 0.0743067 0.0747995 0.0728532 0.06893 0.0635623 0.0572749 0.0505204 0.043644 0.0368874 0.0304158 0.0243529 0.0188111 0.013906 0.00974952 0.00642155 0.00393664
 0.00854645 0.0137432 0.020433 0.0284962 0.037675 0.0474565 0.056994 0.0652459 0.0712992 0.0746389 0.0751956 0.0732333 0.0692163 0.0637054 0.0572642 0.0503774 0.0434088 0.0366047 0.0301265 0.0240896 0.0185951 0.0137465 0.00964392 0.0063595 0.00390468
 0.00873728 0.0140438 0.0208659 0.0290714 0.0383838 0.0482645 0.0578381 0.0660425 0.0719654 0.0751153 0.0754572 0.0732819 0.0690647 0.0633678 0.0567589 0.0497353 0.0426768 0.0358413 0.0293912 0.0234321 0.0180486 0.0133248 0.00934316 0.00616218 0.00378625
 0.00900798 0.0144591 0.0214446 0.0298145 0.0392742 0.0492684 0.0589025 0.0670924 0.0729078 0.0758531 0.0759096 0.0734037 0.0688554 0.0628666 0.0560294 0.0488493 0.0417046 0.0348488 0.0284394 0.022574 0.0173236 0.0127534 0.00892534 0.00588034 0.00361188
 0.00886699 0.014254 0.0211812 0.0295145 0.0389712 0.049 0.0587045 0.0669972 0.0729432 0.0760371 0.0762417 0.0738558 0.0693716 0.063374 0.0564574 0.0491467 0.0418495 0.0348481 0.0283224 0.0223832 0.0171041 0.0125439 0.00875139 0.00575243 0.00352799
 0.00881528 0.0141842 0.0211031 0.0294475 0.0389409 0.0490312 0.0588137 0.0671873 0.0732014 0.0763376 0.0765514 0.0741436 0.0696137 0.0635549 0.0565654 0.0491719 0.041785 0.0346957 0.0280969 0.0221118 0.016821 0.0122819 0.0085342 0.00559066 0.00341969
 0.00866508 0.0139416 0.0207427 0.0289515 0.0383089 0.0482919 0.0580337 0.0664668 0.0726519 0.0760499 0.0765702 0.0744575 0.0701649 0.0642578 0.057328 0.0499109 0.0424359 0.0352172 0.028472 0.0223464 0.0169395 0.0123185 0.0085242 0.00556223 0.00339058
 0.00866967 0.013924 0.0206695 0.0287759 0.0379814 0.0477802 0.0573421 0.0656458 0.0717942 0.0752738 0.0759942 0.0741733 0.0702143 0.0646231 0.0579386 0.0506651 0.0432264 0.0359531 0.0290912 0.0228196 0.0172667 0.0125212 0.00863443 0.00561316 0.00340911
 0.00869173 0.0139804 0.0207896 0.0289921 0.0383119 0.0482059 0.0577923 0.0660093 0.0719565 0.0751641 0.075617 0.0736085 0.0695874 0.0640628 0.0575387 0.050464 0.0432074 0.0360617 0.0292598 0.0229893 0.0174004 0.0126057 0.00867493 0.00562376 0.00340469
 0.00859595 0.013852 0.0206484 0.0288776 0.0382767 0.0483019 0.0580529 0.0664315 0.0724889 0.0757085 0.0760508 0.0738255 0.0695401 0.0637815 0.0571173 0.050019 0.0428345 0.0358091 0.0291269 0.0229436 0.0174002 0.0126178 0.0086817 0.0056213 0.00339634
 0.00851405 0.0136881 0.0203477 0.0283785 0.0375361 0.047331 0.0569437 0.0653505 0.071632 0.0752347 0.0760283 0.0742139 0.0702142 0.0645829 0.0579093 0.0507221 0.0434299 0.0363157 0.02957 0.0233348 0.017735 0.0128859 0.00887789 0.00575085 0.00347298
 0.00886476 0.0142268 0.0210958 0.0293238 0.0386238 0.0484581 0.0579638 0.0661004 0.0719816 0.0751392 0.0755479 0.0734858 0.0693912 0.0637784 0.057175 0.0500634 0.0428368 0.035787 0.0291177 0.0229738 0.0174703 0.0127076 0.00876658 0.00568504 0.00343535
 0.00916553 0.0147288 0.0218732 0.0304465 0.0401334 0.0503322 0.0600834 0.0682449 0.0738658 0.0764831 0.0761521 0.073284 0.0684621 0.0623128 0.0554127 0.0482268 0.0410896 0.0342265 0.027791 0.0218967 0.0166386 0.0121012 0.00835163 0.00541987 0.00327763
 0.00910387 0.0146533 0.0218081 0.0304376 0.0402457 0.0506401 0.0606533 0.0691104 0.0749996 0.077778 0.0774274 0.0743248 0.0690827 0.0624154 0.0550135 0.0474397 0.0400787 0.0331541 0.0267817 0.0210267 0.0159413 0.011579 0.00798673 0.0051829 0.0031353
 0.00904396 0.0145482 0.0216376 0.0301839 0.0399053 0.0502394 0.0602598 0.0688284 0.0749446 0.078037 0.0780203 0.0751845 0.070064 0.0633328 0.055698 0.0477893 0.0400833 0.032883 0.0263468 0.0205405 0.0154887 0.0112081 0.00771253 0.00499837 0.00302191
 0.00918791 0.0147296 0.0218132 0.0302802 0.039838 0.0499458 0.0597294 0.068117 0.0741671 0.077343 0.0775593 0.0750664 0.0703236 0.0639135 0.0564646 0.048571 0.0407287 0.0333039 0.0265321 0.0205394 0.0153773 0.0110576 0.00757161 0.00488997 0.00294975
 0.00942233 0.0150735 0.0222587 0.0307883 0.0403392 0.0503484 0.0599335 0.068037 0.0737626 0.0766474 0.0766875 0.0741901 0.0696202 0.0635095 0.0563988 0.0487895 0.0411123 0.0337161 0.0268658 0.0207434 0.0154556 0.011048 0.00751965 0.00483076 0.00290184
 0.00978823 0.0156405 0.0230577 0.0318228 0.0415776 0.0517152 0.0613031 0.0692396 0.0746139 0.0769954 0.0764601 0.0734218 0.0684485 0.0621392 0.0550455 0.0476216 0.0402139 0.0330839 0.0264381 0.020442 0.0152203 0.0108493 0.00735259 0.00469982 0.00280929
 0.00987311 0.0157993 0.0233347 0.0322703 0.0422411 0.0526104 0.0623938 0.0704306 0.0757634 0.0779437 0.0770625 0.0735798 0.0681337 0.0614053 0.0540193 0.0464715 0.0391038 0.0321312 0.0256931 0.0198965 0.0148331 0.0105748 0.00715659 0.00456179 0.00271664
 0.00931273 0.0149796 0.0222731 0.031049 0.0409936 0.051493 0.0615576 0.0699991 0.0758108 0.0784727 0.0779928 0.0747599 0.0693758 0.0625331 0.0549107 0.0470815 0.0394603 0.0323077 0.0257713 0.0199366 0.014864 0.0106017 0.0071757 0.00457063 0.0027172
#obs surv len freq
 nan nan nan nan nan nan nan nan nan nan nan nan nan nan nan nan nan nan nan nan nan nan nan nan nan
 0.00447938 0.00733887 0.0111679 0.015985 0.0216884 0.0279682 0.0342867 0.0400216 0.044703 0.0481668 0.0505234 0.0520171 0.052907 0.0534172 0.0537297 0.0539832 0.0542607 0.0545528 0.0546912 0.0542828 0.0527209 0.0493531 0.0438032 0.0362837 0.027668
 0.00461256 0.0075552 0.0114929 0.0164417 0.022292 0.0287178 0.0351572 0.0409601 0.0456352 0.0490107 0.0512036 0.0524773 0.053116 0.053371 0.0534477 0.0535012 0.0536215 0.0537989 0.0538616 0.0534146 0.0518525 0.0485274 0.0430642 0.035669 0.0271981
 0.00477936 0.00782795 0.0119063 0.0170285 0.0230766 0.0297052 0.0363221 0.0422426 0.0469483 0.0502548 0.0522822 0.053307 0.0536338 0.0535395 0.0532583 0.0529733 0.0527976 0.0527361 0.052625 0.0520738 0.0504825 0.0472084 0.0418758 0.0346767 0.0264383
 0.00497497 0.00814907 0.0123953 0.017727 0.0240168 0.0308976 0.0377415 0.0438232 0.0485919 0.0518476 0.0537121 0.0544744 0.0544569 0.0539577 0.053236 0.0525026 0.0518997 0.0514607 0.0510465 0.0502888 0.0486063 0.0453689 0.0402 0.0332685 0.025356
 0.00518203 0.00848823 0.0129107 0.0184619 0.0250063 0.0321561 0.0392493 0.0455205 0.0503851 0.0536252 0.0553597 0.0558852 0.0555368 0.0546287 0.0534392 0.052202 0.051087 0.0501601 0.0493206 0.0482411 0.0463792 0.0431333 0.038131 0.0315124 0.0239982
 0.00542053 0.00887743 0.0134992 0.0192961 0.0261218 0.0335637 0.0409215 0.0473864 0.05234 0.0555506 0.0571407 0.0574194 0.0567362 0.0554178 0.0537546 0.0519944 0.0503261 0.0488445 0.0474902 0.04599 0.0438608 0.0405493 0.0357007 0.0294259 0.0223722
 0.00567088 0.00928712 0.0141208 0.0201802 0.0273074 0.0350629 0.0427038 0.0493729 0.0544156 0.0575856 0.0590125 0.0590234 0.0579883 0.0562508 0.0541133 0.0518318 0.0496052 0.0475471 0.0456346 0.0436517 0.0411874 0.0377549 0.0330327 0.0271084 0.0205505
 0.00589381 0.00965703 0.0146916 0.0210071 0.0284365 0.0365139 0.0444528 0.0513459 0.0564988 0.0596475 0.0609254 0.0606763 0.0592916 0.0571353 0.054526 0.0517306 0.0489553 0.0463261 0.0438484 0.0413588 0.0385207 0.034924 0.0302929 0.0247019 0.0186418
 0.00614696 0.0100678 0.0153086 0.0218759 0.0295924 0.0379696 0.0461843 0.0532859 0.0585436 0.0616738 0.0628088 0.0623047 0.0605721 0.0579968 0.054917 0.0516139 0.0483029 0.0451203 0.0420934 0.0391045 0.035887 0.032109 0.0275476 0.0222721 0.0167014
 0.0063939 0.0104735 0.0159267 0.0227582 0.0307775 0.0394663 0.0479551 0.0552441 0.0605679 0.0636346 0.0645896 0.0638116 0.0617323 0.0587544 0.0552291 0.0514471 0.0476323 0.0439303 0.0403887 0.03693 0.0333514 0.0293952 0.0248919 0.0199112 0.014807
 0.00661767 0.0108425 0.0164919 0.0235705 0.0318778 0.0408698 0.0496345 0.0571225 0.0625292 0.0655454 0.0663224 0.0652609 0.0628213 0.0594337 0.0554701 0.0512331 0.0469514 0.0427756 0.0387677 0.0348841 0.0309786 0.0268602 0.0224101 0.0177006 0.0130285
 0.00682493 0.0111832 0.0170118 0.0243147 0.0328826 0.0421488 0.0511641 0.0588366 0.0643266 0.0673085 0.0679349 0.0666207 0.0638473 0.0600695 0.0556829 0.0510091 0.0462881 0.0416784 0.0372536 0.0329964 0.0288069 0.0245513 0.0201548 0.0156927 0.0114117
 0.00706713 0.0115765 0.0176025 0.0251449 0.0339809 0.0435167 0.0527625 0.0605819 0.0661037 0.0689929 0.0694148 0.067808 0.0646806 0.0605112 0.0557155 0.0506304 0.0455065 0.0405102 0.035726 0.0311585 0.0267446 0.0223965 0.0180744 0.0138544 0.00993829
 0.00728059 0.0119287 0.0181418 0.0259182 0.035023 0.0448336 0.0543153 0.0622828 0.0678301 0.0706132 0.0708123 0.0688948 0.0654007 0.0608376 0.0556438 0.0501715 0.0446806 0.0393433 0.034253 0.0294318 0.0248462 0.0204442 0.0162119 0.0122228 0.00863828
 0.0074563 0.0122171 0.018581 0.0265459 0.0358694 0.04591 0.0556015 0.0637207 0.0693289 0.0720645 0.072107 0.0699377 0.0661208 0.0611928 0.0556205 0.0497787 0.0439425 0.0382933 0.0329331 0.0278979 0.0231768 0.0187442 0.0146043 0.0108246 0.00753058
 0.00754033 0.0123573 0.0187992 0.0268661 0.0363148 0.0464974 0.0563344 0.0645851 0.0702924 0.0730786 0.0731108 0.0708616 0.0668918 0.0617435 0.0558975 0.0497501 0.0435995 0.0376489 0.0320198 0.0267678 0.0219036 0.0174228 0.013342 0.00972093 0.00665385
 0.00759511 0.0124411 0.0189161 0.0270185 0.0365052 0.0467316 0.0566227 0.0649404 0.0707258 0.0735937 0.0736978 0.0714938 0.0675254 0.0623201 0.0563522 0.0500209 0.0436384 0.0374305 0.0315461 0.0260702 0.0210416 0.0164796 0.0124122 0.00889264 0.0059884
 0.00765618 0.0125343 0.0190449 0.0271813 0.0366962 0.0469412 0.0568399 0.0651555 0.0709354 0.073804 0.073924 0.0717527 0.0678243 0.0626481 0.0566764 0.0502911 0.0437972 0.0374275 0.0313508 0.0256817 0.0204926 0.0158318 0.0117441 0.0082807 0.00548821
 0.00771054 0.0126167 0.0191576 0.0273222 0.0368587 0.0471157 0.0570143 0.0653169 0.071073 0.0739134 0.07401 0.0718296 0.0679115 0.0627616 0.0568197 0.0504485 0.0439339 0.0374973 0.0313101 0.0255048 0.0201827 0.0154232 0.0112932 0.0078494 0.00512551
 0.00778198 0.0127248 0.019305 0.0275055 0.0370688 0.0473385 0.0572324 0.0655113 0.071226 0.0740131 0.0740539 0.0718256 0.0678761 0.0627157 0.0567826 0.0504305 0.0439306 0.0374878 0.0312631 0.0253904 0.0199868 0.0151554 0.0109858 0.0075453 0.00486311
 0.00782943 0.0128006 0.0194163 0.0276568 0.03726 0.0475622 0.0574719 0.0657419 0.0714208 0.0741504 0.0741229 0.0718278 0.0678229 0.0626251 0.0566745 0.0503229 0.0438343 0.0374023 0.0311758 0.0252823 0.0198419 0.0149708 0.0107751 0.00733391 0.00467721
 0.00786808 0.0128586 0.0194947 0.027754 0.0373725 0.0476865 0.0576048 0.0658793 0.0715561 0.0742732 0.0742203 0.0718881 0.0678392 0.0625977 0.0566116 0.0502374 0.0437397 0.0373077 0.0310826 0.0251844 0.0197304 0.0148412 0.010632 0.00719047 0.00454956
 0.00787219 0.012865 0.0195038 0.0277657 0.0373863 0.0477017 0.0576206 0.0658962 0.0715764 0.0743009 0.0742597 0.0719399 0.067899 0.0626565 0.0566592 0.0502668 0.0437489 0.037299 0.031059 0.0251469 0.0196777 0.0147725 0.0105507 0.00710491 0.00447035
 0.00787959 0.0128713 0.0195031 0.0277495 0.0373464 0.0476346 0.0575309 0.0657964 0.0714834 0.0742313 0.0742252 0.0719463 0.0679454 0.0627359 0.0567598 0.0503739 0.0438488 0.0373814 0.0311183 0.025181 0.0196871 0.0147594 0.0105199 0.00706368 0.00442737
 0.00789568 0.0128934 0.0195283 0.0277718 0.0373574 0.0476249 0.0574928 0.0657266 0.0713855 0.0741171 0.0741132 0.0718567 0.0678948 0.0627323 0.056801 0.0504497 0.0439437 0.0374792 0.0312053 0.0252481 0.0197299 0.0147783 0.0105187 0.007049 0.00440657
 0.00789025 0.0128848 0.0195157 0.0277542 0.0373335 0.0475927 0.0574499 0.0656706 0.0713154 0.0740349 0.0740252 0.0717739 0.0678309 0.0627004 0.0568097 0.0504996 0.0440274 0.037583 0.0313131 0.0253455 0.0198068 0.0148306 0.0105475 0.00705929 0.00440522
 0.00790106 0.0128967 0.0195234 0.0277495 0.037308 0.0475416 0.0573748 0.0655795 0.0712196 0.0739444 0.0739467 0.0717108 0.0677855 0.0626761 0.056811 0.0505302 0.0440876 0.0376674 0.0314114 0.0254446 0.0198947 0.014899 0.0105938 0.00708574 0.00441702
 0.00789664 0.0128918 0.0195198 0.0277493 0.0373119 0.0475467 0.0573736 0.0655625 0.0711796 0.073881 0.0738675 0.0716285 0.067713 0.0626229 0.056782 0.0505275 0.044111 0.0377146 0.0314767 0.0255192 0.0199683 0.0149625 0.0106418 0.00711722 0.00443462
 0.00786401 0.0128384 0.0194393 0.0276368 0.0371666 0.0473745 0.0571894 0.0653873 0.0710348 0.0737814 0.0738176 0.0716245 0.0677474 0.0626886 0.0568736 0.0506401 0.0442396 0.0378533 0.0316187 0.0256567 0.0200932 0.0150676 0.0107228 0.00717381 0.00447006
 0.00785099 0.0128128 0.0193928 0.027559 0.0370479 0.0472106 0.0569853 0.0651595 0.0708085 0.0735847 0.073675 0.0715513 0.0677469 0.0627532 0.0569891 0.0507907 0.0444107 0.0380331 0.0317972 0.025825 0.0202433 0.0151934 0.0108205 0.00724348 0.00451521
 0.00781278 0.0127502 0.0192974 0.0274231 0.0368653 0.04698 0.0567133 0.064862 0.0705099 0.0733146 0.0734632 0.0714225 0.0677163 0.0628228 0.0571478 0.051017 0.0446787 0.0383173 0.032076 0.0260821 0.020467 0.0153766 0.0109609 0.00734313 0.00458015
 0.00780503 0.012736 0.0192729 0.027383 0.0368039 0.0468919 0.0565947 0.0647127 0.070334 0.0731216 0.0732684 0.0712458 0.06758 0.062747 0.0571452 0.0510896 0.0448168 0.0385021 0.0322848 0.0262925 0.0206609 0.0155414 0.0110904 0.00743692 0.00464233
 0.00778524 0.012701 0.0192152 0.0272945 0.0366777 0.0467265 0.0563964 0.0644957 0.070117 0.0729231 0.0731024 0.0711219 0.0675047 0.0627257 0.0571823 0.051187 0.044971 0.0387026 0.0325139 0.0265289 0.0208837 0.0157342 0.0112437 0.0075487 0.00471687
 0.00773868 0.0126306 0.0191189 0.0271732 0.0365345 0.0465647 0.0562198 0.0643093 0.069929 0.0727455 0.0729497 0.0710083 0.0674407 0.0627167 0.0572292 0.0512874 0.0451199 0.0388919 0.0327313 0.0267576 0.0211047 0.0159305 0.0114033 0.00766737 0.00479714
 0.00931768 0.0148355 0.021769 0.0298781 0.0388093 0.0480119 0.0566727 0.0638561 0.0688242 0.0712818 0.0713666 0.0694613 0.0660144 0.0614508 0.0561389 0.0503749 0.04438 0.0383142 0.032301 0.0264555 0.0209076 0.0158129 0.0113406 0.00763846 0.0047864
 0.0093019 0.0151027 0.0226868 0.0319017 0.0422815 0.0528947 0.0623778 0.0693429 0.0729711 0.0733312 0.071176 0.0674395 0.0628432 0.0577933 0.0524773 0.0469878 0.0413962 0.035776 0.0302079 0.0247856 0.0196258 0.0148729 0.0106874 0.00721194 0.00452688
 0.00896869 0.0145767 0.0219461 0.0309934 0.041376 0.0523226 0.062591 0.0707524 0.0757008 0.0770344 0.075079 0.0706381 0.064681 0.0580903 0.0514956 0.0452165 0.0393203 0.0337457 0.0284181 0.0233146 0.0184826 0.0140307 0.0101015 0.00682947 0.00429455
 0.00879058 0.0142804 0.0214885 0.0303327 0.040488 0.0512311 0.061407 0.0697028 0.0751121 0.077243 0.0762798 0.0727388 0.0672689 0.0605661 0.0533175 0.0461084 0.0393262 0.0331297 0.0275039 0.0223648 0.0176536 0.0133853 0.00964193 0.00652755 0.00411138
 0.00873031 0.0141742 0.0213127 0.030058 0.040084 0.0506746 0.0606953 0.0688692 0.074242 0.0764849 0.075835 0.0728114 0.067976 0.0618495 0.0549214 0.0476614 0.0404934 0.0337422 0.0275926 0.0220954 0.0172249 0.012952 0.00928813 0.00627744 0.00395388
 0.00871021 0.0141387 0.0212531 0.029963 0.0399391 0.0504635 0.0604029 0.0684855 0.0737691 0.075948 0.0752939 0.0723674 0.0677589 0.0619762 0.0554359 0.0484888 0.041448 0.034598 0.028179 0.0223579 0.0172202 0.0127936 0.00908463 0.00609836 0.00382605
 0.00867045 0.0140783 0.02117 0.0298575 0.0398128 0.0503176 0.0602367 0.068296 0.0735515 0.0756984 0.0750151 0.0720779 0.0675015 0.0618184 0.0554523 0.048727 0.0418929 0.0351623 0.0287324 0.0227838 0.0174628 0.0128676 0.00904937 0.0060191 0.00374824
 0.0086705 0.0140744 0.0211572 0.0298289 0.0397621 0.0502421 0.060139 0.0681831 0.0734309 0.0755732 0.0748828 0.0719338 0.0673471 0.0616699 0.0553443 0.0487043 0.0419905 0.0353816 0.0290312 0.0230908 0.0177092 0.013017 0.00910592 0.00601376 0.00371654
 0.00865903 0.0140577 0.0211353 0.0298025 0.0397314 0.0502058 0.0600937 0.0681251 0.0733587 0.0754888 0.0747916 0.0718417 0.067258 0.0615872 0.0552751 0.0486637 0.0419994 0.0354568 0.0291719 0.0232722 0.0178912 0.0131624 0.00919621 0.00605281 0.00372184
 0.00864442 0.0140331 0.021097 0.0297471 0.0396574 0.0501152 0.0599933 0.0680252 0.0732697 0.075418 0.0747407 0.0718085 0.0672389 0.0615791 0.0552771 0.0486784 0.0420335 0.035519 0.0292671 0.0233955 0.0180258 0.0132857 0.00929005 0.00611083 0.0037494
 0.0086351 0.0140195 0.021079 0.0297254 0.0396323 0.0500862 0.0599587 0.0679834 0.0732206 0.0753643 0.0746877 0.0717619 0.0672027 0.0615549 0.0552645 0.0486771 0.0420452 0.035547 0.0293151 0.0234631 0.0181067 0.0133678 0.00936061 0.00616175 0.00377969
 0.00861535 0.0139894 0.0210377 0.0296736 0.0395725 0.0500225 0.0598963 0.0679276 0.0731755 0.0753318 0.0746674 0.071752 0.0672018 0.0615622 0.0552799 0.0487007 0.0420769 0.0355874 0.0293648 0.0235221 0.018172 0.0134336 0.00941934 0.00620742 0.00381024
 0.00863297 0.0140142 0.0210679 0.0297052 0.0396002 0.0500416 0.0599041 0.0679239 0.0731619 0.0753101 0.0746395 0.0717192 0.0671653 0.0615237 0.055242 0.0486666 0.0420501 0.0355711 0.029361 0.0235314 0.0181928 0.0134617 0.00944938 0.00623408 0.00383023
 0.00862672 0.0140082 0.0210663 0.0297137 0.0396239 0.0500814 0.059955 0.0679752 0.0732018 0.0753302 0.0746373 0.0716979 0.0671309 0.0614824 0.0551987 0.0486249 0.0420131 0.0355415 0.0293414 0.0235229 0.0181951 0.0134726 0.00946488 0.00625012 0.00384366
 0.00862337 0.0140002 0.0210498 0.0296847 0.0395803 0.0500259 0.0598963 0.0679265 0.0731747 0.0753299 0.0746599 0.0717336 0.0671688 0.061515 0.0552231 0.0486419 0.0420251 0.0355511 0.0293511 0.0235346 0.0182096 0.0134894 0.0094824 0.00626621 0.00385661
 0.00862337 0.0140002 0.0210498 0.0296847 0.0395803 0.0500259 0.0598963 0.0679265 0.0731747 0.0753299 0.0746599 0.0717336 0.0671688 0.061515 0.0552231 0.0486419 0.0420251 0.0355511 0.0293511 0.0235346 0.0182096 0.0134894 0.0094824 0.00626621 0.00385661
 0.00879271 0.0142719 0.0214505 0.0302316 0.0402724 0.0508326 0.0607498 0.0687278 0.0738167 0.0757277 0.0747735 0.0715711 0.0667752 0.0609548 0.0545653 0.0479501 0.0413514 0.0349341 0.0288154 0.0230927 0.0178638 0.0132337 0.00930512 0.00615174 0.00378829
 0.00888902 0.01444 0.0217241 0.0306478 0.040861 0.0515999 0.0616633 0.0697112 0.0747608 0.0765139 0.0752999 0.0717742 0.0666408 0.0605175 0.0538963 0.0471387 0.0404869 0.0340923 0.0280519 0.022442 0.0173412 0.0128388 0.00902545 0.00596724 0.00367568
 0.00874 0.0142096 0.0214019 0.0302384 0.0403906 0.0511219 0.0612579 0.0694728 0.0747698 0.0768045 0.07584 0.0724713 0.0673703 0.06116 0.0543682 0.0474064 0.0405638 0.0340232 0.0278941 0.0222489 0.017153 0.0126796 0.00890493 0.00588466 0.00362429
 0.00891179 0.0144618 0.0217304 0.03062 0.0407878 0.0514917 0.0615625 0.0696876 0.0748908 0.07685 0.0758446 0.0724692 0.067377 0.0611625 0.0543317 0.0472924 0.0403503 0.0337159 0.0275241 0.0218609 0.0167904 0.0123739 0.0086708 0.00572126 0.00352041
 0.00870592 0.014157 0.0213273 0.0301388 0.0402625 0.0509608 0.0610629 0.0692538 0.0745571 0.0766512 0.0758123 0.0726243 0.0677202 0.0616667 0.054941 0.0479311 0.0409402 0.0341962 0.0278654 0.0220669 0.016889 0.0124024 0.00866332 0.0057018 0.00350184
 0.00868588 0.0140951 0.0211819 0.0298585 0.0398056 0.0503226 0.0602947 0.0684576 0.073854 0.076141 0.0755479 0.0726116 0.0679351 0.0620713 0.0554899 0.0485701 0.041606 0.0348235 0.0283997 0.0224771 0.0171714 0.0125757 0.00875738 0.00574644 0.00352
 0.00890722 0.0144445 0.0216846 0.0305205 0.0406009 0.0511805 0.061097 0.0690601 0.0741321 0.0760387 0.0751003 0.0719269 0.0671498 0.061307 0.0548302 0.0480565 0.0412438 0.0345911 0.0282594 0.0223884 0.0171031 0.012512 0.00869597 0.00569201 0.00347751
 0.00891733 0.0144859 0.0217928 0.0307432 0.0409842 0.0517471 0.0618247 0.0698729 0.0749105 0.0766478 0.075427 0.0719138 0.0668129 0.0607289 0.0541296 0.0473509 0.04062 0.0340928 0.0278917 0.022131 0.0169258 0.0123873 0.00860533 0.00562568 0.00343078
 0.00878833 0.014278 0.0214863 0.0303291 0.0404762 0.0511939 0.0613147 0.0695189 0.0748124 0.0768488 0.0758887 0.0725266 0.0674374 0.061246 0.054477 0.0475301 0.0406782 0.0340915 0.0278801 0.0221334 0.0169447 0.0124133 0.00862834 0.00564049 0.00343748
 0.00905805 0.0146881 0.0220486 0.0310303 0.0412756 0.0520249 0.062091 0.0701496 0.0752271 0.0770217 0.0758438 0.072318 0.0671167 0.0608407 0.0539919 0.0469674 0.0400567 0.0334526 0.0272763 0.0216106 0.0165285 0.0121065 0.00841721 0.00550394 0.00335429
 0.00933726 0.0151623 0.0227956 0.0321245 0.0427571 0.0538591 0.064137 0.0721673 0.0769335 0.0781741 0.0763069 0.0720886 0.0663015 0.0596078 0.0525185 0.0454031 0.038511 0.0320017 0.0259753 0.0204998 0.0156314 0.011426 0.00793492 0.00518586 0.00315978
 0.0092306 0.0150182 0.0226361 0.0319968 0.0427314 0.0540177 0.0645555 0.0728879 0.0779356 0.0793552 0.0774942 0.0730826 0.0669389 0.0598092 0.052301 0.0448562 0.0377561 0.0311563 0.0251343 0.0197312 0.0149785 0.01091 0.00755662 0.00492979 0.00300043
