SBPRF35
7.78865
Curr Bio
484819
B35
676275
F35
0.209483
FOFL
0.142862
OFL
53863
Bzero
2.22533e+06
#pred survey bio
 4.50274e+06 4.28904e+06 4.06819e+06 3.79604e+06 3.48614e+06 3.17036e+06 2.84702e+06 2.5531e+06 2.26759e+06 1.99669e+06 1.76477e+06 1.55957e+06 1.38326e+06 1.20372e+06 1.07207e+06 949616 872880 818391 754443 711807 688260 673592 668941 657882 654407 648520 651147 637127 634861 636251 633123 644251 644514 635092 620863 601437 591698 577931 578208 585799 599010 600031 601514 615419 618217 630726 630883 639099 647739 648221 652184 579427 527067 476174 457946 472409 508308 526346 525373 537440 511830 498435 508860 500641 519438 486510 489232 1.66538e+07 9.73911e+06 9.86158e+06 1.06315e+07 1.17632e+07 1.29677e+07 1.40678e+07 1.49864e+07 1.57106e+07 1.62603e+07 1.66669e+07 1.69628e+07 1.71761e+07 1.7329e+07 1.74385e+07 1.75171e+07 1.75737e+07 1.76147e+07 1.76446e+07 1.76665e+07 1.76826e+07 1.76946e+07 1.77036e+07 1.77103e+07 1.77154e+07 1.77193e+07 1.77222e+07 1.77244e+07 1.77261e+07 1.77274e+07 1.77284e+07 1.77291e+07 1.77297e+07 1.77302e+07 1.77305e+07 1.77308e+07 1.7731e+07 1.77312e+07 1.77313e+07 1.77314e+07 1.77315e+07 1.77315e+07 1.77316e+07 1.77316e+07 1.77316e+07 1.77317e+07 1.77317e+07 1.77317e+07 1.77317e+07 1.77317e+07 1.77317e+07 1.77317e+07 1.77317e+07 1.77317e+07 1.77317e+07 1.77317e+07 1.77317e+07 1.77317e+07 1.77317e+07 1.77317e+07 1.77317e+07 1.77317e+07 1.77317e+07 1.77317e+07 1.77317e+07 1.77317e+07 1.77317e+07 1.77317e+07 1.77317e+07 1.77317e+07 1.77317e+07 1.77317e+07 1.77317e+07 1.77317e+07 1.77317e+07 1.77317e+07 1.77317e+07 1.77317e+07 1.77317e+07 1.77317e+07 1.77317e+07 1.77317e+07 1.77317e+07 1.77317e+07 1.77317e+07 1.77317e+07 1.77317e+07 1.77317e+07 1.77317e+07 1.77317e+07 1.77317e+07 1.77317e+07 1.77317e+07 1.77317e+07 1.77317e+07 1.77317e+07 1.77317e+07 1.77317e+07 1.77317e+07 1.77317e+07 0 0 0 0 0 0 0 0 0 0 0 0 0 0 0 0 0 0 0 0 0 0 0 0 0
#obs survey bio
 3.16068e+06 2.53478e+06 2.83182e+06 2.66437e+06 3.85922e+06 2.52388e+06 1.93258e+06 2.33821e+06 1.34686e+06 2.01747e+06 1.27858e+06 1.20876e+06 1.25118e+06 1.01906e+06 831419 893287 923392 797454 573364 589356 494691 443013 825212 541761 559097 742141 792576 519729 642457 550951 474478 722748 504576 606636 537052 528942 772201 695853 584309 786396 511438 479405 476588 474209 584468 514764 450046 651149 489609 1.06143e+06 872921 628313 639551 464212 368612 485608 366409 399837 561577 536622 442001 622186 399057 580013 450936 486269 473897
#pred catch bio
 92509.2 94196 146550 198301 228612 264975 268820 289879 301993 287674 279665 265617 275456 237724 231228 190843 169595 173990 152141 133515 124335 114307 117292 108364 108227 99754.1 112966 102265 98680 101413 88150.2 95465.9 100329 99773.3 99122.9 88582 93462.2 84526.7 81176.2 78659.4 90602.3 91877.1 84141.7 95962.3 89251.8 100279 93677 93430.1 99008 93653.5 153910 132282 129460 101732 75519 58834.2 73477.6 87812.4 76274.3 107406 96225.3 76537.7 91103.5 66773.6 107130 72665.8 80928.1 53863 74448.5 73970.4 78317.7 86225.1 95003.7 103001 109556 114584 118267 120876 122678 123899 124713 125251 125602 125830 125977 126071 126131 126170 126194 126210 126219 126226 126230 126232 126234 126235 126235 126236 126236 126236 126236 126236 126236 126236 126236 126236 126236 126236 126236 126236 126236 126236 126236 126236 126236 126236 126236 126236 126236 126236 126236 126236 126236 126236 126236 126236 126236 126236 126236 126236 126236 126236 126236 126236 126236 126236 126236 126236 126236 126236 126236 126236 126236 126236 126236 126236 126236 126236 126236 126236 126236 126236 126236 126236 126236 126236 126236 126236 126236 126236 126236 126236 126236 126236 126236 126236 126236 0 0 0 0 0 0 0 0 0 0 0 0 0 0 0 0 0 0 0 0 0 0 0 0 0
#obs catch bio
 0 94031.4 147302 200151 230939 269286 274154 296766 311663 296678 289533 274663 286590 246297 241439 198771 174148 178856 156023 137156 127433 117406 119596 110285 110186 100444 114775 104068 100294 103397 89464.1 96673.8 101839 101079 100363 89175.3 94221 84528.4 81098.2 78497.9 90698.6 92139 84558.5 97102.3 90052.5 101336 94484.7 94159.3 100306 93368.2 154288 131474 128920 101920 75912.4 58787.3 73779.3 88467.3 75876.8 107884 96616.4 76429.9 92107.3 66307.1 108283 72449.7 81010
#pred cpue bio
 4.42709e+06 4.21855e+06 4.00261e+06 3.73282e+06 3.42422e+06 3.1098e+06 2.78795e+06 2.49538e+06 2.21154e+06 1.94266e+06 1.71274e+06 1.5096e+06 1.33527e+06 1.15837e+06 1.02862e+06 908424 833556 780880 719011 677677 654948 640885 636735 626586 623674 618335 621013 607312 605064 606619 603911 615163 616038 607568 594632 576578 566903 552360 551667 558762 571596 572443 573426 586364 588770 600899 601180 609213 617794 618791 623346 552903 501353 451109 432866 447058 482762 501153 500491 512083 486971 473593 483747 476400 495272 463921 467251 1.59492e+07 9.34451e+06 9.33592e+06 9.93601e+06 1.09993e+07 1.21854e+07 1.32813e+07 1.4199e+07 1.49231e+07 1.54727e+07 1.58794e+07 1.61753e+07 1.63885e+07 1.65415e+07 1.6651e+07 1.67296e+07 1.67862e+07 1.68272e+07 1.68571e+07 1.68789e+07 1.68951e+07 1.69071e+07 1.69161e+07 1.69228e+07 1.69279e+07 1.69317e+07 1.69346e+07 1.69369e+07 1.69385e+07 1.69398e+07 1.69408e+07 1.69416e+07 1.69422e+07 1.69426e+07 1.6943e+07 1.69433e+07 1.69435e+07 1.69436e+07 1.69438e+07 1.69439e+07 1.69439e+07 1.6944e+07 1.6944e+07 1.69441e+07 1.69441e+07 1.69441e+07 1.69441e+07 1.69441e+07 1.69442e+07 1.69442e+07 1.69442e+07 1.69442e+07 1.69442e+07 1.69442e+07 1.69442e+07 1.69442e+07 1.69442e+07 1.69442e+07 1.69442e+07 1.69442e+07 1.69442e+07 1.69442e+07 1.69442e+07 1.69442e+07 1.69442e+07 1.69442e+07 1.69442e+07 1.69442e+07 1.69442e+07 1.69442e+07 1.69442e+07 1.69442e+07 1.69442e+07 1.69442e+07 1.69442e+07 1.69442e+07 1.69442e+07 1.69442e+07 1.69442e+07 1.69442e+07 1.69442e+07 1.69442e+07 1.69442e+07 1.69442e+07 1.69442e+07 1.69442e+07 1.69442e+07 1.69442e+07 1.69442e+07 1.69442e+07 1.69442e+07 1.69442e+07 1.69442e+07 1.69442e+07 1.69442e+07 1.69442e+07 1.69442e+07 1.69442e+07 1.69442e+07 1.69442e+07 0 0 0 0 0 0 0 0 0 0 0 0 0 0 0 0 0 0 0 0 0 0 0 0 0
#obs cpue bio
 4.21135e+06 3.65148e+06 2.79538e+06 2.73185e+06 2.67545e+06 2.2714e+06 2.04654e+06 2.21498e+06 1.74431e+06 1.49276e+06 1.38664e+06 1.43591e+06 962847 835062 639329 438044 1.03037e+06 662003 608323 409320 686716 459895 757196 537129 595335 832354 298942 388995 485248 495991 579359 704416 567432 598948 650133 721718 449417 733934 610335 412711 608656 584838 431842 526718 495788 772287 693996 562193 525912 883941 588514 619513 447569 325931 362724 477296 599574 590385 779186 412295 471046 401314 390450 753135 383627 564863 531494
#pred surv len freq
 0.00542292 0.00874614 0.0130531 0.0182864 0.0242981 0.0307782 0.0372198 0.0430319 0.0477597 0.0512415 0.0535907 0.0550626 0.0559251 0.056384 0.0565477 0.0564146 0.0558887 0.0548141 0.0530108 0.0502914 0.0464751 0.0414383 0.0352262 0.0281734 0.0209196
 0.00559053 0.00891707 0.0131289 0.0181294 0.0237881 0.0298908 0.0360758 0.0418714 0.0468411 0.0507198 0.0534513 0.0551459 0.05602 0.0563348 0.056324 0.0561211 0.0557153 0.0549493 0.0535523 0.0511972 0.0475787 0.0425214 0.036109 0.0287732 0.0212536
 0.00600376 0.00954185 0.0139744 0.019154 0.0248888 0.030903 0.0367954 0.0421111 0.0465113 0.0498899 0.052335 0.0540036 0.0550347 0.0555465 0.0556619 0.0555002 0.0551229 0.0544645 0.0532929 0.051236 0.0478884 0.0429827 0.0365718 0.0291262 0.0214591
 0.00628055 0.0100081 0.0147039 0.0202194 0.0263364 0.0327147 0.0388521 0.0441833 0.0482961 0.0510916 0.0527601 0.0536273 0.0540029 0.0541049 0.0540516 0.0538825 0.053575 0.0530288 0.0520232 0.0501981 0.047123 0.0424736 0.0362518 0.028914 0.0212969
 0.00658472 0.0104853 0.0153927 0.0211512 0.027539 0.0342115 0.0406492 0.0462436 0.0505099 0.0532606 0.0546145 0.0548837 0.0544502 0.0536778 0.0528493 0.052121 0.0515044 0.050866 0.0499301 0.048291 0.0454825 0.0411421 0.0352284 0.0281633 0.0207678
 0.00693049 0.0110279 0.0161729 0.0221945 0.0288526 0.0357816 0.0424382 0.0481907 0.0525386 0.0552829 0.0565218 0.0565294 0.0556456 0.0542244 0.0526026 0.0510525 0.0497219 0.0485816 0.0473974 0.0457486 0.0431221 0.0390961 0.0335682 0.0269028 0.0198746
 0.00727179 0.0115729 0.0169748 0.0232953 0.0302756 0.037519 0.0444386 0.050357 0.0547439 0.0573971 0.0584336 0.0581481 0.0568848 0.0549814 0.0527564 0.0504925 0.0483991 0.0465518 0.0448298 0.0428924 0.0402504 0.0364514 0.0313242 0.0251472 0.0186109
 0.00760027 0.0120918 0.0177283 0.0243166 0.0315836 0.0391132 0.0462891 0.0523975 0.0568735 0.0594938 0.0603714 0.0598125 0.0581804 0.055829 0.0530814 0.0502182 0.047458 0.0449203 0.0425692 0.040169 0.0373163 0.0335912 0.0287885 0.0230999 0.0171071
 0.00791497 0.0125961 0.0184736 0.0253455 0.032922 0.0407585 0.0481976 0.0544818 0.0590155 0.0615663 0.0622575 0.0614135 0.0594147 0.0566288 0.0533882 0.0499778 0.0466212 0.043457 0.0404979 0.0375911 0.0344296 0.0306642 0.0260987 0.0208624 0.0154255
 0.00823904 0.0131107 0.0192256 0.0263715 0.0342435 0.0423733 0.0500689 0.056532 0.0611316 0.0636176 0.0641158 0.0629684 0.060582 0.0573496 0.0536226 0.0496954 0.0457948 0.0420678 0.038556 0.0351663 0.0316757 0.0278138 0.0234184 0.0185821 0.0136775
 0.00857748 0.0136397 0.0199826 0.0273783 0.0355048 0.0438744 0.0517705 0.0583666 0.0630082 0.0654333 0.0657682 0.0643644 0.0616422 0.0580117 0.0538417 0.049441 0.0450469 0.0408163 0.0368121 0.0329855 0.0291813 0.0252014 0.0209251 0.0164268 0.0119994
 0.00889867 0.0141499 0.0207275 0.0283912 0.0367988 0.0454323 0.0535348 0.0602392 0.0648663 0.067155 0.0672537 0.0655431 0.0624686 0.0584565 0.0538845 0.049067 0.044245 0.0395824 0.0351592 0.0309614 0.0268891 0.0228057 0.0186307 0.0144293 0.0104301
 0.00915916 0.0145682 0.0213473 0.0292499 0.0379202 0.0468161 0.0551437 0.0619932 0.0666509 0.068841 0.0687197 0.0666936 0.0632421 0.0588251 0.053846 0.0486319 0.0434271 0.0383956 0.0336247 0.0291241 0.0248362 0.0206742 0.0165924 0.0126511 0.00902666
 0.0095759 0.0152128 0.0222564 0.0304355 0.0393701 0.0484929 0.0569821 0.0638973 0.0685009 0.0705097 0.070091 0.0676767 0.0637802 0.0588982 0.0534677 0.0478402 0.042271 0.0369254 0.0318898 0.0271833 0.0227724 0.0186043 0.0146575 0.0109862 0.00772249
 0.00977723 0.0155487 0.022777 0.0311904 0.0403951 0.0497912 0.058507 0.0655514 0.0701554 0.0720343 0.0713779 0.0686487 0.0643879 0.0591151 0.0532875 0.0472769 0.041357 0.0357063 0.0304216 0.0255328 0.0210235 0.0168614 0.0130382 0.00959907 0.00663846
 0.00985391 0.015696 0.0230412 0.0316302 0.0410697 0.0507399 0.059728 0.0669901 0.0717091 0.0735696 0.072755 0.069746 0.0651197 0.0594392 0.0532016 0.0468072 0.0405468 0.0346093 0.0290992 0.0240561 0.0194758 0.0153389 0.0116414 0.00841524 0.00572092
 0.00991822 0.0157772 0.0231226 0.0316892 0.0410931 0.0507441 0.0597707 0.0671595 0.0720907 0.0742066 0.0736226 0.0707527 0.066133 0.0603215 0.0538407 0.0471333 0.040535 0.034273 0.0284804 0.0232185 0.0185003 0.0143178 0.0106691 0.00757221 0.00505815
 0.0100128 0.0159149 0.023299 0.0318868 0.0412834 0.0508935 0.0598503 0.0671593 0.0720332 0.0741512 0.0736517 0.0709392 0.066504 0.0608391 0.0544115 0.0476397 0.0408716 0.0343721 0.0283219 0.0228266 0.0179338 0.013657 0.0100004 0.0069715 0.00457567
 0.0102212 0.0162385 0.0237564 0.0324814 0.0419983 0.051687 0.0606526 0.0678778 0.0725719 0.0744402 0.0736733 0.0707363 0.0661651 0.0604643 0.0540746 0.0473635 0.0406284 0.0341055 0.0279784 0.0223797 0.017394 0.0130671 0.00941991 0.00645753 0.00416675
 0.0103128 0.0163823 0.0239634 0.032759 0.0423496 0.0521089 0.0611319 0.068387 0.0730676 0.0748674 0.0739756 0.0708724 0.0661244 0.0602738 0.05379 0.0470466 0.0403215 0.0338175 0.0276897 0.0220621 0.0170326 0.0126718 0.00902216 0.00609651 0.00387348
 0.010378 0.0164713 0.0240666 0.0328584 0.0424262 0.0521535 0.0611527 0.0684088 0.0731213 0.0749751 0.0741395 0.0710708 0.0663189 0.0604242 0.0538697 0.0470518 0.0402666 0.0337221 0.0275654 0.0219088 0.0168459 0.0124545 0.00879013 0.00587451 0.00368513
 0.0102568 0.0163047 0.0238714 0.0326671 0.0422756 0.0520678 0.0611324 0.0684343 0.0731689 0.075034 0.0742179 0.071187 0.0664847 0.0606324 0.0540946 0.0472598 0.0404303 0.0338277 0.0276115 0.0219002 0.0167895 0.0123597 0.00867081 0.00574909 0.00357175
 0.0101121 0.0160733 0.0235323 0.0322093 0.0417069 0.0514246 0.0604838 0.0678711 0.0727771 0.0748661 0.0742786 0.0714422 0.0668835 0.0611247 0.0546364 0.0478105 0.0409507 0.0342838 0.0279795 0.0221699 0.0169635 0.0124504 0.00869754 0.00573446 0.00353764
 0.0101417 0.0161033 0.0235435 0.0321714 0.0415849 0.051191 0.0601314 0.0674218 0.0722826 0.0743989 0.0739143 0.0712389 0.0668659 0.0612806 0.0549266 0.0481841 0.0413573 0.0346797 0.0283303 0.0224528 0.0171682 0.0125794 0.00876334 0.00575536 0.00353271
 0.0100908 0.0160281 0.0234438 0.0320494 0.0414417 0.0510217 0.0599241 0.0671622 0.0719646 0.074036 0.073545 0.0709209 0.06666 0.0612316 0.0550483 0.0484562 0.0417342 0.0351046 0.0287493 0.0228238 0.0174657 0.0127946 0.00890202 0.00583295 0.00356846
 0.0102442 0.0162371 0.0236839 0.0322739 0.0415956 0.0510633 0.0598412 0.0669717 0.0716985 0.0737243 0.0732086 0.0705772 0.0663329 0.0609557 0.0548624 0.048389 0.0417918 0.035267 0.0289774 0.023072 0.0176946 0.012979 0.00903276 0.00591413 0.00361185
 0.0102768 0.0162957 0.0237805 0.0324178 0.0417853 0.0512766 0.0600321 0.0670813 0.0716777 0.0735572 0.0729201 0.0702205 0.0659672 0.0606291 0.0546075 0.0482263 0.0417314 0.0353062 0.0290983 0.0232437 0.0178808 0.0131485 0.00916617 0.006006 0.00366722
 0.0102886 0.016333 0.02387 0.0325949 0.0420835 0.0517114 0.0605852 0.067694 0.0722601 0.0740088 0.0731575 0.0702011 0.0657006 0.0601722 0.0540444 0.0476442 0.0412019 0.0348761 0.0287874 0.0230477 0.0177781 0.0131089 0.00916085 0.00601354 0.0036758
 0.0101867 0.0161766 0.0236534 0.0323236 0.0417787 0.0514129 0.0603499 0.067585 0.072325 0.0742562 0.0735454 0.0706462 0.066107 0.0604638 0.0541877 0.0476515 0.041118 0.0347567 0.0286797 0.0229791 0.0177547 0.0131207 0.00919119 0.00604712 0.0037032
 0.0100825 0.016013 0.0234185 0.0320112 0.0413912 0.050965 0.0598733 0.0671308 0.0719586 0.0740439 0.073535 0.0708493 0.0664894 0.0609523 0.0546927 0.0480961 0.0414595 0.0349915 0.028832 0.0230824 0.0178358 0.0131931 0.00925668 0.00610196 0.00374412
 0.00996754 0.0158427 0.0231925 0.0317395 0.0410893 0.0506486 0.0595548 0.0668209 0.0716715 0.0738028 0.0733723 0.0708004 0.0665804 0.0611864 0.0550424 0.0485076 0.0418701 0.0353505 0.0291142 0.0232884 0.0179816 0.0132979 0.00933405 0.00615917 0.00378452
 0.00974999 0.0155037 0.022711 0.0311092 0.0403237 0.0497858 0.05866 0.0659809 0.0709772 0.0733265 0.0731528 0.0708425 0.0668648 0.0616799 0.0557009 0.0492759 0.0426822 0.0361378 0.0298189 0.0238743 0.0184382 0.0136341 0.00956967 0.00631631 0.00388361
 0.00955042 0.0152043 0.0223066 0.0306101 0.0397515 0.0491656 0.0580181 0.0653471 0.0703898 0.0728327 0.0728025 0.0706774 0.066908 0.0619308 0.0561369 0.0498571 0.0433571 0.0368478 0.030505 0.0244866 0.0189443 0.0140226 0.0098474 0.00650159 0.00399884
 0.00925806 0.0147733 0.0217406 0.0299422 0.0390355 0.0484613 0.0573777 0.0648094 0.0699779 0.0725553 0.072658 0.0706609 0.0670183 0.0621709 0.0565083 0.0503516 0.0439507 0.0375012 0.0311687 0.0251103 0.0194859 0.0144571 0.0101691 0.00672106 0.00413669
 0.00920632 0.0146603 0.0215195 0.0295574 0.0384439 0.0476612 0.0564302 0.0638323 0.0691106 0.0719116 0.0722942 0.0705734 0.0671648 0.0624976 0.0569692 0.0509132 0.0445868 0.0381839 0.0318623 0.0257729 0.0200768 0.0149455 0.0105413 0.00698151 0.0043034
 0.00995462 0.0157123 0.0227964 0.0308775 0.0395669 0.048365 0.0565788 0.0634062 0.068198 0.0706765 0.0709356 0.0692801 0.0660767 0.0616858 0.0564412 0.0506366 0.0445144 0.0382681 0.0320587 0.0260374 0.0203656 0.0152195 0.010772 0.00715533 0.00442094
 0.0105101 0.016593 0.0240716 0.0325738 0.0416363 0.0506504 0.0588006 0.0652023 0.0692264 0.0707377 0.0700455 0.0676541 0.0640399 0.0595649 0.0544866 0.0489927 0.0432307 0.03733 0.0314185 0.0256356 0.0201417 0.0151168 0.010742 0.00716084 0.00443789
 0.0105496 0.0167228 0.0243886 0.0332087 0.0427201 0.0522583 0.0608941 0.0676001 0.071621 0.0727571 0.0713445 0.0680096 0.063417 0.0581236 0.0525224 0.046839 0.0411694 0.0355435 0.0299872 0.024563 0.0193861 0.0146168 0.0104323 0.00698244 0.00434284
 0.0103649 0.0164474 0.0240252 0.0327899 0.0423174 0.0519857 0.0608985 0.068028 0.0725594 0.0741717 0.073051 0.0697055 0.06477 0.058879 0.0525825 0.0462802 0.0401949 0.0343998 0.028886 0.0236382 0.0186894 0.0141394 0.010133 0.00681052 0.00425264
 0.0102982 0.0163247 0.0238155 0.0324594 0.0418429 0.0513758 0.0602139 0.0673869 0.072121 0.074095 0.0734408 0.070562 0.0659651 0.0601796 0.0537207 0.0470438 0.0404956 0.0342859 0.0284998 0.0231466 0.0182255 0.0137757 0.00988647 0.00666367 0.00417528
 0.0103441 0.0163786 0.0238571 0.0324543 0.0417482 0.0511517 0.0598382 0.066869 0.0715115 0.0734894 0.0729679 0.0703544 0.0661133 0.0606881 0.0544901 0.0478966 0.0412389 0.0347821 0.0287084 0.023119 0.018062 0.0135751 0.00971358 0.00654355 0.004105
 0.0105342 0.0166686 0.0242567 0.0329551 0.0423206 0.0517431 0.0603733 0.0672587 0.0716734 0.073376 0.0725908 0.0697906 0.0654889 0.0601407 0.054122 0.0477379 0.0412394 0.034841 0.0287257 0.0230399 0.0178912 0.0133582 0.00950403 0.0063772 0.00399277
 0.0106713 0.0168863 0.024574 0.0333845 0.0428635 0.052383 0.0610692 0.0679426 0.0722582 0.0737723 0.0727289 0.0696409 0.0650754 0.0595408 0.0534482 0.0471034 0.0407211 0.0344581 0.0284469 0.022813 0.0176767 0.0131456 0.00930655 0.00621433 0.00387535
 0.0105226 0.0166814 0.0243344 0.0331548 0.0427012 0.052341 0.0611793 0.0682074 0.0726514 0.074243 0.0732086 0.0700547 0.0653578 0.059654 0.0533952 0.0469273 0.0404879 0.0342297 0.0282587 0.0226687 0.0175603 0.0130406 0.00920763 0.00612635 0.0038058
 0.010409 0.0165149 0.0241187 0.0329086 0.0424572 0.0521418 0.0610715 0.0682325 0.0728336 0.0745776 0.0736567 0.0705493 0.0658201 0.060013 0.0536046 0.0469757 0.0403993 0.0340526 0.0280471 0.0224643 0.0173842 0.012897 0.00909308 0.00603739 0.00374039
 0.0103131 0.0163547 0.0238712 0.0325533 0.0419856 0.05157 0.0604498 0.0676438 0.072376 0.0743368 0.0736813 0.0708373 0.0663204 0.0606393 0.0542575 0.0475668 0.0408701 0.0343828 0.0282496 0.0225707 0.0174292 0.0129075 0.00908617 0.00602286 0.00372428
 0.0103231 0.0163722 0.0238981 0.0325889 0.0420224 0.0515899 0.0604254 0.0675471 0.0721942 0.0740872 0.0734129 0.0706173 0.0662083 0.0606642 0.0544077 0.0477965 0.0411186 0.0345963 0.0283969 0.022647 0.0174487 0.0128923 0.00905601 0.00599113 0.00369778
 0.0101909 0.016178 0.0236449 0.0322938 0.0417125 0.0512951 0.0601707 0.0673479 0.0720536 0.0739978 0.0733638 0.0706039 0.06624 0.0607614 0.0545888 0.0480624 0.0414455 0.0349418 0.028715 0.0229043 0.0176322 0.0130075 0.00911916 0.00602055 0.0037085
 0.00989225 0.015739 0.0230711 0.0316222 0.0410031 0.0506158 0.0595842 0.0669044 0.0717866 0.0739194 0.0734621 0.0708467 0.0665857 0.0611723 0.0550396 0.0485394 0.0419379 0.0354322 0.0291771 0.023309 0.0179576 0.0132461 0.00927827 0.0061169 0.00376141
 0.00974137 0.0154922 0.0226992 0.0311023 0.0403306 0.0498182 0.0587304 0.066098 0.0711398 0.0735183 0.0733432 0.0709943 0.0669472 0.0616798 0.0556286 0.0491591 0.0425535 0.03602 0.0297184 0.0237853 0.0183527 0.013551 0.00949482 0.00625743 0.00384435
 0.00978032 0.0155224 0.022683 0.0309834 0.0400475 0.0493273 0.0580288 0.0652344 0.0702098 0.0726449 0.0726498 0.0705757 0.0668481 0.0618876 0.0560838 0.0497782 0.0432518 0.0367278 0.0303848 0.0243763 0.0188472 0.0139391 0.00977815 0.00644802 0.00396158
 0.0105827 0.0167454 0.0243668 0.0330982 0.042487 0.0519091 0.0605004 0.0672994 0.0715857 0.0731401 0.0722208 0.0693348 0.0650208 0.0597456 0.0538804 0.0477061 0.041429 0.0352057 0.0291677 0.0234411 0.0181572 0.0134518 0.00945006 0.00623859 0.00383557
 0.011018 0.0174507 0.0254214 0.0345669 0.0443978 0.0542216 0.0630765 0.0698988 0.0739024 0.074869 0.0731281 0.0693087 0.0640916 0.0580728 0.0517116 0.0453183 0.0390717 0.0330627 0.0273454 0.0219777 0.0170421 0.0126451 0.00889775 0.00588255 0.00362092
 0.0112723 0.0178717 0.0260695 0.0355042 0.0456768 0.0558646 0.0650507 0.0720995 0.0761531 0.076941 0.0747742 0.0703081 0.0642959 0.0574438 0.0503347 0.0433846 0.0368328 0.0307743 0.0252192 0.0201535 0.0155841 0.0115549 0.0081347 0.00538383 0.00331796
 0.0109334 0.0173896 0.0254744 0.0348751 0.0451291 0.0555257 0.0650352 0.0724895 0.0769812 0.0781735 0.0763004 0.0719447 0.0658164 0.0586255 0.0510123 0.0434909 0.0364124 0.0299634 0.0242008 0.0191065 0.014644 0.0107972 0.00757921 0.00501108 0.00308858
 0.0104296 0.0165904 0.0243143 0.0333215 0.0432076 0.0533488 0.0628209 0.0705432 0.0756294 0.0776707 0.0767543 0.0732907 0.0678407 0.0610196 0.0534397 0.0456545 0.0381096 0.0311149 0.0248442 0.0193591 0.0146515 0.0106895 0.00744583 0.00489846 0.0030109
 0.0102149 0.0161959 0.0236374 0.0322425 0.0416226 0.0512228 0.0602396 0.0677331 0.0729291 0.0754636 0.0753839 0.0729826 0.0686484 0.0628092 0.0559213 0.0484525 0.0408509 0.0335077 0.0267245 0.0206948 0.0155113 0.0111925 0.00771475 0.00503142 0.00307281
 0.0102804 0.0162884 0.0237459 0.0323348 0.0416367 0.0510634 0.059788 0.0668799 0.0716279 0.0737838 0.0735307 0.0712628 0.0673883 0.0622571 0.0561723 0.049424 0.042316 0.0351699 0.0283059 0.0220038 0.0164685 0.0118151 0.00807634 0.00521941 0.00316069
 0.0104704 0.0165846 0.0241666 0.0328843 0.0422992 0.0517941 0.0605035 0.067456 0.0719142 0.0736395 0.0728751 0.0701229 0.0659197 0.0607192 0.054857 0.0485637 0.0420099 0.0353645 0.0288335 0.0226579 0.0170768 0.0122809 0.00837881 0.00538746 0.00324026
 0.0104905 0.0166157 0.0242113 0.0329461 0.0423837 0.0519102 0.0606604 0.0676554 0.0721382 0.0738402 0.0729755 0.070036 0.0655856 0.0601448 0.0541357 0.0478563 0.041488 0.0351425 0.0289258 0.0229841 0.0175076 0.0126957 0.00870412 0.00560329 0.00336341
 0.0107105 0.016978 0.0247625 0.033726 0.043409 0.0531532 0.0620333 0.0690155 0.073319 0.0746945 0.0734058 0.0700012 0.0650912 0.0592351 0.0528961 0.0464179 0.0400191 0.0338163 0.0278745 0.0222625 0.0170887 0.0124983 0.00863531 0.00559061 0.0033659
 0.0105437 0.0167557 0.0245201 0.033531 0.0433483 0.0533082 0.0624544 0.0697036 0.0742196 0.0757025 0.0743833 0.0708057 0.065607 0.0593954 0.0526922 0.0458972 0.0392763 0.0329779 0.027072 0.0216 0.0166176 0.0122132 0.00849195 0.00553345 0.00334983
 0.0101022 0.0160786 0.0235808 0.0323418 0.041969 0.0518518 0.0610867 0.0686247 0.0736195 0.0757033 0.0749956 0.0719223 0.0670349 0.060909 0.0540874 0.047031 0.0400857 0.0334766 0.0273301 0.0217113 0.0166668 0.0122543 0.00854375 0.00559127 0.00340169
 0.0100926 0.0160333 0.0234578 0.0320847 0.0415223 0.0511867 0.060225 0.0676501 0.0726663 0.0749289 0.074543 0.071883 0.0674212 0.0616467 0.0550347 0.0480194 0.0409662 0.0341559 0.0277833 0.0219705 0.0167943 0.0123126 0.00857636 0.00561832 0.0034269
 0.00975662 0.015524 0.0227591 0.0312034 0.0404822 0.0500199 0.058971 0.0663638 0.0714294 0.0738534 0.0737613 0.0715226 0.0675702 0.0623219 0.0561654 0.0494576 0.0425214 0.0356431 0.029065 0.0229796 0.0175294 0.0128156 0.00890497 0.00582567 0.00355339
 0.00962916 0.0153683 0.0226183 0.0311454 0.0405754 0.0502968 0.0593989 0.066842 0.0718179 0.0740209 0.073632 0.0711048 0.0669575 0.0616649 0.055622 0.0491401 0.0424633 0.0357991 0.0293422 0.0232804 0.0177851 0.0129984 0.00901901 0.00589015 0.00358798
 0.0087426 0.0140473 0.0208584 0.0290322 0.0382747 0.0480265 0.0573986 0.0653381 0.070978 0.0739054 0.0741732 0.0721339 0.0682696 0.0630876 0.0570539 0.0505472 0.0438448 0.0371475 0.0306217 0.0244322 0.0187515 0.0137466 0.00955175 0.00623881 0.00379803
#obs surv len freq
 nan nan nan nan nan nan nan nan nan nan nan nan nan nan nan nan nan nan nan nan nan nan nan nan nan
 0.00448338 0.00734429 0.0111741 0.0159907 0.0216922 0.0279688 0.034284 0.0400161 0.044696 0.0481597 0.0505171 0.0520122 0.0529036 0.0534153 0.053729 0.0539835 0.0542617 0.0545542 0.0546928 0.0542847 0.0527227 0.0493549 0.0438048 0.0362851 0.027669
 0.0046107 0.00755416 0.0114949 0.0164497 0.0223087 0.0287439 0.0351904 0.0409951 0.0456662 0.0490328 0.0512148 0.0524783 0.0531093 0.0533591 0.0534329 0.0534849 0.0536047 0.0537818 0.0538444 0.0533976 0.051836 0.048512 0.0430506 0.0356576 0.0271894
 0.00478205 0.00783139 0.0119099 0.0170315 0.023079 0.0297084 0.0363289 0.0422564 0.0469711 0.0502852 0.0523153 0.0533364 0.0536541 0.0535481 0.0532557 0.0529621 0.0527805 0.0527158 0.052603 0.0520514 0.0504605 0.0471877 0.0418574 0.0346614 0.0264266
 0.00497565 0.00815004 0.0123965 0.0177279 0.024017 0.0308962 0.0377379 0.0438178 0.0485862 0.0518448 0.0537155 0.0544857 0.0544747 0.053978 0.0532537 0.052514 0.0519035 0.0514576 0.0510386 0.0502782 0.0485945 0.0453573 0.0401895 0.0332597 0.0253494
 0.00518202 0.00848841 0.0129113 0.0184633 0.0250088 0.0321596 0.0392533 0.0455241 0.0503872 0.0536253 0.0553585 0.0558843 0.0555387 0.0546348 0.053449 0.0522129 0.0510957 0.050164 0.0493188 0.0482343 0.0463692 0.043122 0.0381202 0.0315031 0.023991
 0.00540868 0.00885861 0.0134718 0.0192591 0.0260752 0.0335092 0.0408629 0.0473289 0.0522898 0.0555125 0.0571178 0.0574123 0.0567441 0.0554393 0.0537877 0.0520366 0.0503738 0.048894 0.0475381 0.0460338 0.0438993 0.0405823 0.0357281 0.0294477 0.0223884
 0.00564105 0.00924134 0.0140571 0.0200984 0.0272096 0.0349529 0.0425874 0.049258 0.0543113 0.0575008 0.0589544 0.0589963 0.0579929 0.0562848 0.0541722 0.0519102 0.0496973 0.0476475 0.045738 0.0437534 0.0412833 0.0378415 0.0331069 0.0271683 0.0205953
 0.00589169 0.00964884 0.0146707 0.0209648 0.0283647 0.0364096 0.0443205 0.0511981 0.0563523 0.0595182 0.0608247 0.0606106 0.0592628 0.0571425 0.0545664 0.0517995 0.0490469 0.046434 0.0439657 0.0414788 0.0386371 0.035031 0.0303856 0.0247769 0.0186979
 0.00612743 0.0100378 0.0152665 0.0218205 0.0295219 0.0378812 0.0460747 0.0531534 0.0583915 0.0615128 0.0626555 0.0621783 0.0604882 0.057964 0.0549363 0.05168 0.0484074 0.0452533 0.042245 0.0392646 0.0360459 0.0322575 0.0276777 0.022378 0.0167808
 0.00638991 0.0104638 0.0159066 0.0227216 0.0307189 0.0393835 0.0478509 0.0551253 0.0604428 0.0635098 0.0644698 0.0637016 0.0616398 0.0586896 0.0552023 0.0514648 0.0476948 0.0440324 0.0405209 0.0370805 0.0335079 0.0295456 0.0250258 0.0200212 0.0148898
 0.00661565 0.0108403 0.0164903 0.02357 0.0318777 0.0408667 0.0496221 0.0570934 0.0624778 0.0654709 0.0662295 0.0651583 0.0627189 0.0593414 0.0553975 0.0511894 0.0469435 0.0428066 0.038835 0.0349798 0.031091 0.0269765 0.0225182 0.0177917 0.013098
 0.00684838 0.0112202 0.0170653 0.0243867 0.032973 0.0422545 0.0512783 0.0589473 0.0644186 0.0673656 0.0679446 0.0665775 0.0637551 0.0599404 0.0555343 0.0508601 0.046156 0.0415762 0.0371882 0.032968 0.0288095 0.0245751 0.0201887 0.0157274 0.0114411
 0.00707148 0.0115849 0.0176177 0.0251701 0.0340193 0.0435701 0.0528301 0.0606598 0.066185 0.0690685 0.0694744 0.0678414 0.0646795 0.0604722 0.0556417 0.0505317 0.0453979 0.0404078 0.0356433 0.0311032 0.0267179 0.0223937 0.0180871 0.0138738 0.00995758
 0.00727725 0.011924 0.0181363 0.0259131 0.0350206 0.0448367 0.0543275 0.0623072 0.0678683 0.0706639 0.0708708 0.068953 0.0654488 0.0608658 0.0556453 0.0501447 0.0446298 0.0392787 0.0341874 0.0293768 0.024809 0.0204262 0.0162096 0.0122301 0.00864906
 0.00742749 0.012174 0.0185232 0.0264757 0.0357915 0.0458309 0.0555287 0.0636625 0.0692935 0.0720579 0.0721319 0.069992 0.0661971 0.0612799 0.0557054 0.0498498 0.0439924 0.0383208 0.032943 0.0278986 0.0231766 0.0187486 0.0146147 0.0108388 0.00754512
 0.0075347 0.0123457 0.0187775 0.0268295 0.0362597 0.0464241 0.056249 0.0644988 0.0702186 0.0730288 0.0730915 0.0708739 0.0669325 0.0618058 0.0559727 0.0498279 0.0436702 0.0377054 0.0320595 0.0267927 0.0219188 0.0174338 0.0133524 0.00973186 0.0066644
 0.00762479 0.0124878 0.0189833 0.027107 0.0366122 0.0468489 0.0567363 0.0650327 0.0707809 0.0736031 0.0736637 0.0714274 0.0674418 0.0622338 0.0562731 0.0499534 0.0435823 0.0373827 0.031503 0.0260297 0.0210042 0.0164472 0.012387 0.0088754 0.00597819
 0.00767247 0.012561 0.0190855 0.0272391 0.0367731 0.0470368 0.0569493 0.0652689 0.0710391 0.0738827 0.073965 0.0717499 0.0677798 0.0625719 0.0565826 0.0501937 0.0437064 0.0373481 0.0312836 0.0256252 0.0204453 0.0157931 0.0117141 0.00825916 0.00547426
 0.00772232 0.0126367 0.0191894 0.0273696 0.0369248 0.0472016 0.0571176 0.0654311 0.0711882 0.0740175 0.0740908 0.0718765 0.0679175 0.0627253 0.0567465 0.0503495 0.0438229 0.037387 0.0312096 0.0254186 0.0201121 0.0153676 0.0112514 0.00781973 0.005106
 0.00777671 0.0127177 0.0192975 0.0274999 0.0370685 0.0473478 0.0572551 0.0655501 0.0712816 0.0740828 0.0741316 0.071902 0.0679403 0.0627576 0.0567954 0.0504128 0.0438867 0.0374264 0.0311945 0.0253238 0.0199281 0.0151077 0.0109496 0.00751965 0.00484625
 0.00784041 0.0128167 0.0194374 0.0276817 0.0372871 0.0475903 0.0575008 0.0657724 0.071454 0.074187 0.0741625 0.0718681 0.06786 0.062653 0.0566873 0.0503158 0.0438057 0.0373546 0.0311154 0.0252173 0.0197799 0.0149176 0.0107335 0.00730397 0.00465744
 0.0078522 0.0128356 0.0194655 0.0277209 0.037339 0.0476558 0.0575793 0.0658605 0.0715456 0.0742734 0.074234 0.0719171 0.0678829 0.0626524 0.0566702 0.0502914 0.0437812 0.0373316 0.0310879 0.0251743 0.0197106 0.0148179 0.0106102 0.00717302 0.00453727
 0.00786497 0.0128507 0.0194779 0.0277231 0.0373236 0.0476198 0.0575269 0.0658037 0.0714996 0.0742516 0.0742433 0.0719561 0.0679434 0.0627228 0.0567399 0.0503535 0.0438329 0.0373719 0.0311152 0.0251842 0.0196978 0.0147797 0.0105502 0.00710112 0.00446616
 0.00788597 0.0128822 0.0195199 0.027773 0.0373756 0.0476653 0.0575555 0.065806 0.0714715 0.0741977 0.0741767 0.0718942 0.0679012 0.0627074 0.0567495 0.0503802 0.0438668 0.0374045 0.0311402 0.0251971 0.0196951 0.0147601 0.0105156 0.00705743 0.00442144
 0.00790535 0.0129101 0.0195552 0.0278123 0.0374141 0.0476977 0.0575773 0.0658137 0.0714624 0.0741701 0.074132 0.071838 0.0678432 0.0626593 0.0567208 0.0503747 0.0438816 0.037432 0.031171 0.0252227 0.0197096 0.0147608 0.0105033 0.00703612 0.00439674
 0.00790514 0.012909 0.019552 0.0278053 0.0374013 0.0476773 0.0575485 0.0657771 0.0714204 0.0741266 0.0740917 0.0718048 0.0678204 0.0626493 0.0567257 0.050396 0.0439187 0.0374815 0.0312262 0.0252755 0.0197527 0.0147897 0.0105172 0.00703757 0.00439042
 0.00789462 0.0128912 0.0195241 0.0277643 0.0373452 0.0476064 0.0574665 0.0656908 0.0713387 0.0740581 0.074043 0.0717797 0.0678198 0.0626719 0.0567685 0.0504552 0.0439903 0.0375609 0.0313079 0.0253532 0.01982 0.0148418 0.0105523 0.00705722 0.00439851
 0.00786888 0.0128473 0.0194545 0.0276614 0.0372037 0.047427 0.0572591 0.0654746 0.0711384 0.073898 0.0739409 0.0717446 0.0678508 0.0627607 0.0569019 0.0506179 0.0441677 0.0377403 0.0314789 0.0255072 0.0199506 0.0149449 0.0106272 0.00710647 0.00442734
 0.00787295 0.0128486 0.0194464 0.0276342 0.0371464 0.0473311 0.0571221 0.0653025 0.0709452 0.0737041 0.0737694 0.0716169 0.0677826 0.0627586 0.0569628 0.0507306 0.0443164 0.0379076 0.0316488 0.0256666 0.0200896 0.0150576 0.0107116 0.00716424 0.00446315
 0.00786523 0.0128362 0.0194279 0.0276074 0.0371084 0.0472775 0.0570476 0.0652027 0.0708194 0.0735578 0.0736152 0.0714735 0.0676703 0.0626946 0.0569571 0.050784 0.0444205 0.0380476 0.0318069 0.0258253 0.0202347 0.0151793 0.0108052 0.00723024 0.00450544
 0.00783367 0.0127837 0.019347 0.0274915 0.0369537 0.0470869 0.0568326 0.0649827 0.0706164 0.0733899 0.0734935 0.0714014 0.0676481 0.0627217 0.0570332 0.0509076 0.044586 0.0382445 0.0320199 0.0260369 0.0204284 0.0153429 0.0109325 0.007321 0.00456452
 0.00780636 0.0127385 0.0192773 0.0273908 0.0368166 0.0469118 0.0566242 0.0647533 0.0703854 0.0731803 0.0733269 0.071294 0.0676074 0.062747 0.0571179 0.0510422 0.0447605 0.0384476 0.0322385 0.026256 0.0206325 0.0155187 0.011072 0.00742242 0.00463171
 0.00776377 0.0126669 0.0191658 0.0272281 0.0365951 0.0466319 0.0562983 0.0644067 0.0700512 0.0728924 0.0731131 0.0711723 0.0675853 0.0628219 0.0572785 0.0512709 0.0450366 0.03875 0.0325473 0.0265529 0.0209013 0.0157467 0.0112516 0.00755295 0.00471852
 0.00772606 0.0126076 0.01908 0.0271121 0.0364459 0.0464477 0.0560801 0.0641599 0.0697881 0.0726321 0.0728797 0.0709913 0.0674781 0.0628016 0.0573477 0.051422 0.0452537 0.0390123 0.0328316 0.0268366 0.0211643 0.0159736 0.011433 0.00768651 0.00480846
 0.00933927 0.0148648 0.021802 0.0299072 0.0388242 0.0480025 0.056632 0.0637824 0.0687218 0.0711614 0.0712437 0.069354 0.0659389 0.0614177 0.0561505 0.0504253 0.0444568 0.0384026 0.0323876 0.0265312 0.0209681 0.0158577 0.0113716 0.00765847 0.00479836
 0.00931116 0.0151187 0.0227122 0.0319386 0.0423298 0.0529502 0.0624308 0.0693796 0.072978 0.0733 0.0711073 0.0673437 0.0627367 0.0576948 0.0524024 0.0469461 0.0413888 0.0357968 0.0302465 0.0248309 0.0196687 0.0149082 0.0107134 0.00722923 0.00453738
 0.00896307 0.0145686 0.0219362 0.0309832 0.0413679 0.0523198 0.0625963 0.0707669 0.075722 0.077056 0.0750922 0.0706346 0.0646572 0.0580496 0.0514477 0.0451737 0.0392931 0.0337393 0.0284314 0.0233417 0.0185154 0.0140622 0.0101272 0.00684803 0.00430645
 0.00878235 0.0142685 0.0214734 0.0303158 0.0404715 0.0512175 0.0613986 0.0697017 0.0751192 0.0772583 0.0763009 0.0727608 0.0672854 0.0605715 0.0533096 0.04609 0.0393041 0.0331119 0.0274964 0.0223691 0.0176671 0.0134033 0.00965967 0.00654199 0.00412147
 0.00869664 0.0141206 0.0212344 0.0299524 0.0399518 0.0505221 0.0605357 0.0687213 0.0741264 0.0764183 0.0758253 0.0728565 0.068065 0.0619663 0.0550484 0.0477841 0.0406027 0.0338356 0.0276719 0.0221639 0.0172847 0.0130031 0.00932954 0.00630842 0.00397494
 0.00867777 0.0140866 0.0211762 0.0298572 0.0398026 0.0502988 0.0602183 0.0682961 0.0735949 0.0758101 0.0752103 0.072349 0.0678069 0.0620824 0.055584 0.0486587 0.0416204 0.0347584 0.0283189 0.0224749 0.0173152 0.0128684 0.00914148 0.0061392 0.00385331
 0.00869604 0.0141113 0.0212039 0.0298806 0.0398113 0.0502805 0.0601597 0.0681831 0.0734139 0.0755515 0.0748759 0.0719631 0.0674254 0.0617899 0.0554731 0.0487907 0.0419869 0.0352711 0.0288416 0.0228831 0.0175467 0.0129343 0.00909957 0.00605477 0.0037719
 0.00868351 0.014097 0.0211932 0.0298813 0.0398302 0.0503189 0.0602093 0.0682268 0.0734295 0.075518 0.0747789 0.0717988 0.0672047 0.0615435 0.0552512 0.0486535 0.0419819 0.0354079 0.0290805 0.02315 0.0177678 0.0130681 0.00914627 0.00604303 0.0037361
 0.00865697 0.0140559 0.0211355 0.0298078 0.0397455 0.0502322 0.060134 0.0681768 0.0734136 0.075534 0.0748122 0.0718268 0.0672058 0.061507 0.0551838 0.0485805 0.0419393 0.0354268 0.0291706 0.0232924 0.0179232 0.013197 0.00922704 0.00607678 0.00373847
 0.00862917 0.0140118 0.0210715 0.0297216 0.0396373 0.0501059 0.0599986 0.0680469 0.0733066 0.0754663 0.0747931 0.0718545 0.0672676 0.0615825 0.0552539 0.0486355 0.0419835 0.0354752 0.0292391 0.0233862 0.0180323 0.0133016 0.00930897 0.00612794 0.00376237
 0.00863357 0.0140144 0.0210669 0.0297021 0.0395949 0.0500356 0.0599016 0.0679308 0.0731849 0.0753543 0.0747056 0.071803 0.0672568 0.0616095 0.0553086 0.048704 0.0420544 0.0355438 0.0293078 0.0234593 0.01811 0.0133778 0.00937423 0.00617534 0.00379079
 0.00863236 0.0140176 0.0210808 0.0297343 0.0396507 0.0501131 0.0599885 0.0680066 0.0732277 0.0753502 0.0746541 0.0717161 0.067154 0.0615107 0.0552279 0.0486477 0.0420215 0.03553 0.0293088 0.0234724 0.0181332 0.0134073 0.00940459 0.00620105 0.0038087
 0.00861328 0.013987 0.0210362 0.0296748 0.0395793 0.0500376 0.0599216 0.0679627 0.0732167 0.0753713 0.0746956 0.071761 0.0671885 0.0615297 0.0552353 0.0486523 0.0420313 0.035549 0.029337 0.0235072 0.0181713 0.0134452 0.00943884 0.00622881 0.00382853
 0.00862859 0.0140075 0.0210588 0.0296939 0.0395878 0.0500298 0.0598957 0.0679221 0.0731695 0.0753284 0.0746665 0.0717498 0.0671922 0.0615401 0.0552441 0.0486551 0.0420293 0.0355469 0.0293392 0.0235163 0.0181867 0.0134645 0.00945879 0.0062465 0.00384214
 0.00861756 0.0139933 0.021044 0.0296827 0.0395838 0.0500336 0.0599033 0.0679258 0.073162 0.0753068 0.0746345 0.0717162 0.067167 0.0615294 0.0552481 0.0486691 0.0420474 0.035565 0.0293564 0.0235333 0.0182046 0.0134831 0.00947672 0.0062621 0.00385419
 0.00861756 0.0139933 0.021044 0.0296827 0.0395838 0.0500336 0.0599033 0.0679258 0.073162 0.0753068 0.0746345 0.0717162 0.067167 0.0615294 0.0552481 0.0486691 0.0420474 0.035565 0.0293564 0.0235333 0.0182046 0.0134831 0.00947672 0.0062621 0.00385419
 0.00912659 0.0147953 0.0221997 0.0312213 0.0414857 0.05221 0.0621813 0.0700596 0.0748807 0.0763849 0.0749499 0.0712718 0.0660737 0.0599665 0.0534181 0.0467595 0.0402068 0.0338951 0.0279159 0.0223474 0.0172735 0.012789 0.0089887 0.0059409 0.00365786
 0.00933891 0.0151864 0.0228705 0.0322873 0.0430411 0.0542736 0.0646505 0.0727031 0.0773837 0.0784259 0.0762738 0.0717361 0.0656626 0.0587808 0.051645 0.0446306 0.0379536 0.0317139 0.0259489 0.0206788 0.0159369 0.0117787 0.00827077 0.00546418 0.00336417
 0.00944922 0.0153734 0.0231693 0.0327426 0.043707 0.0552061 0.0658897 0.0742474 0.0791625 0.0802852 0.0779907 0.073064 0.0663948 0.0588055 0.0509706 0.0433745 0.0363059 0.0298898 0.0241461 0.0190487 0.0145725 0.0107161 0.00750057 0.00494594 0.003042
 0.00932993 0.0151907 0.0229172 0.0324285 0.043357 0.0548706 0.0656464 0.0741956 0.0794019 0.0808828 0.0789447 0.0742831 0.067705 0.0599893 0.051826 0.0437729 0.036223 0.029401 0.0233913 0.0181865 0.0137396 0.0100046 0.0069526 0.00456236 0.00279737
 0.00895247 0.0145683 0.0219688 0.0310864 0.041597 0.0527533 0.0633485 0.0720024 0.077649 0.0798671 0.0788464 0.0751261 0.0693581 0.0621981 0.0542669 0.0461209 0.0382192 0.0308991 0.0243685 0.0187178 0.0139515 0.0100281 0.00689173 0.00448306 0.00273125
 0.00877704 0.0142348 0.0213787 0.0301208 0.0401488 0.0507782 0.060915 0.0693106 0.0750058 0.0776257 0.0773338 0.074575 0.0698574 0.063671 0.0564853 0.0487557 0.0409138 0.0333462 0.0263664 0.0201912 0.0149339 0.01062 0.00721357 0.00464065 0.00280061
 0.00899541 0.0145543 0.0217887 0.0305753 0.0405619 0.0510267 0.0608523 0.0687998 0.0739709 0.0761048 0.0755034 0.072723 0.0683115 0.0627064 0.0562497 0.0492339 0.0419427 0.0346724 0.0277247 0.0213749 0.0158334 0.0112213 0.00756737 0.0048231 0.00288214
 0.00903248 0.0146472 0.0219862 0.0309358 0.0411286 0.0517927 0.0617314 0.0696259 0.0745345 0.0762152 0.0750521 0.0717287 0.0669276 0.0611893 0.0548901 0.0482721 0.0415006 0.0347284 0.0281409 0.0219611 0.0164165 0.0116913 0.00788731 0.00500926 0.00297463
 0.00896316 0.0145438 0.0218504 0.0307822 0.0409895 0.0517186 0.0617837 0.0698545 0.0749448 0.0767411 0.0755574 0.0720465 0.0669266 0.0608339 0.0542629 0.047547 0.0408762 0.0343534 0.0280656 0.0221357 0.0167308 0.0120295 0.00816945 0.00520431 0.0030891
 0.00926298 0.0150132 0.0225211 0.0316659 0.04207 0.0529435 0.0630608 0.0710618 0.0759571 0.07746 0.0759253 0.0720384 0.0665348 0.060066 0.0531597 0.0462039 0.0394439 0.0330069 0.0269529 0.021334 0.0162342 0.0117709 0.00806064 0.00517004 0.00308226
 0.00911287 0.0148154 0.0223096 0.0315022 0.0420282 0.0530852 0.0634118 0.0716032 0.0766314 0.0781872 0.0766195 0.0726214 0.066943 0.0602532 0.0530998 0.0458993 0.0389359 0.0323779 0.0263104 0.0207779 0.0158255 0.011519 0.0079345 0.00512282 0.00307289
 0.00890592 0.0144703 0.0217786 0.0307483 0.0410481 0.0519382 0.0622361 0.0705973 0.075997 0.0780576 0.0770138 0.073447 0.0680358 0.0614305 0.0542016 0.046811 0.0395982 0.0327876 0.0265116 0.0208432 0.0158292 0.0115148 0.0079458 0.0051491 0.00310345
 0.0089786 0.0145566 0.0218481 0.0307493 0.0409174 0.0516198 0.0617047 0.0698777 0.0751728 0.0772631 0.0764044 0.073152 0.0681144 0.0618508 0.0548555 0.0475544 0.040297 0.0333499 0.0269011 0.0210731 0.0159433 0.0115633 0.00796794 0.0051654 0.00311952
 0.00876798 0.0142361 0.021406 0.0301877 0.0402482 0.0508605 0.0608765 0.0690103 0.0743113 0.0764734 0.0757726 0.0727748 0.0680766 0.0621959 0.0555617 0.048531 0.0414052 0.0344425 0.0278608 0.0218355 0.0164981 0.0119387 0.008208 0.00531305 0.0032076
 0.00908277 0.0147084 0.0220423 0.0309647 0.0411151 0.0517448 0.0616892 0.0696504 0.074678 0.0764872 0.0754016 0.0720533 0.0671083 0.0611339 0.05457 0.0477388 0.0408735 0.0341578 0.027757 0.0218302 0.0165247 0.0119606 0.00821536 0.00531027 0.0032019
