SBPRF35
8.06186
Curr Bio
582565
B35
557751
F35
0.209859
FOFL
0.209859
OFL
109541
Bzero
2.30339e+006
#pred survey bio
 4.28105e+006 3.22466e+006 2.87819e+006 2.78998e+006 2.66363e+006 2.50612e+006 2.38674e+006 2.17051e+006 1.96613e+006 1.68901e+006 1.47517e+006 1.31006e+006 1.18617e+006 1.07812e+006 978836 843550 745438 674041 629712 602369 583130 565625 531423 509454 504828 519070 557299 587916 596148 575610 568290 589122 615124 641864 656201 620437 580265 574780 553159 537780 551601 576439 577524 562357 563342 583942 606595 619756 595705 564507 590361 1.55199e+007 1.39417e+007 1.39239e+007 1.42963e+007 1.48936e+007 1.55534e+007 1.6172e+007 1.67002e+007 1.71251e+007 1.74538e+007 1.77018e+007 1.78859e+007 1.80212e+007 1.81203e+007 1.81927e+007 1.82458e+007 1.82848e+007 1.83136e+007 1.8335e+007 1.8351e+007 1.83629e+007 1.8372e+007 1.83788e+007 1.8384e+007 1.8388e+007 1.8391e+007 1.83933e+007 1.83951e+007 1.83965e+007 1.83976e+007 1.83984e+007 1.8399e+007 1.83995e+007 1.83999e+007 1.84002e+007 1.84004e+007 1.84006e+007 1.84007e+007 1.84008e+007 1.84009e+007 1.8401e+007 1.8401e+007 1.84011e+007 1.84011e+007 1.84011e+007 1.84011e+007 1.84012e+007 1.84012e+007 1.84012e+007 1.84012e+007 1.84012e+007 1.84012e+007 1.84012e+007 1.84012e+007 1.84012e+007 1.84012e+007 1.84012e+007 1.84012e+007 1.84012e+007 1.84012e+007 1.84012e+007 1.84012e+007 1.84012e+007 1.84012e+007 1.84012e+007 1.84012e+007 1.84012e+007 1.84012e+007 1.84012e+007 1.84012e+007 1.84012e+007 1.84012e+007 1.84012e+007 1.84012e+007 1.84012e+007 1.84012e+007 1.84012e+007 1.84012e+007 1.84012e+007 1.84012e+007 1.84012e+007 1.84012e+007 1.84012e+007 1.84012e+007 1.84012e+007 1.84012e+007 1.84012e+007 1.84012e+007 1.84012e+007 1.84012e+007 1.84012e+007 1.84012e+007 1.84012e+007 1.84012e+007 1.84012e+007 1.84012e+007 1.84012e+007 1.84012e+007 1.84012e+007 1.84012e+007 0 0 0 0 0 0 0 0 0 0 0 0 0 0 0 0 0 0 0 0 0 0 0 0 0
#obs survey bio
 4.85591e+006 3.01739e+006 2.31712e+006 3.65843e+006 2.25026e+006 2.90944e+006 3.32743e+006 1.98176e+006 1.99408e+006 1.67772e+006 1.6086e+006 1.30122e+006 1.11713e+006 1.20969e+006 1.04013e+006 598457 791413 773314 599246 560760 654735 638289 568452 542094 361673 346952 630935 484578 784790 414636 550760 612406 634089 650630 898996 530033 455073 549740 655299 573232 466782 562975 474757 641932 464150 752224 552645 615576 682340 499936 662312
#pred catch bio
 132458 102870 159868 201093 255442 249459 284938 279044 289201 299880 299254 300160 279360 229038 219352 217555 179483 159243 145984 137810 122776 129399 117894 110170 116195 105886 108392 101413 102507 99098.8 88966.9 91398.9 96449.5 95662.7 96968.2 90355.4 80154.4 86593.8 91498.9 80568.3 88845.3 86296.2 84607.3 89166.4 100273 92549.4 97787.8 100001 91044.8 92085 36932.5 109541 107295 105693 107292 111110 115535 119666 123116 125800 127789 129211 130202 130877 131331 131632 131829 131958 132041 132095 132130 132152 132166 132175 132181 132184 132187 132188 132189 132190 132190 132190 132190 132190 132191 132191 132191 132191 132191 132191 132191 132191 132191 132191 132191 132191 132191 132191 132191 132191 132191 132191 132191 132191 132191 132191 132191 132191 132191 132191 132191 132191 132191 132191 132191 132191 132191 132191 132191 132191 132191 132191 132191 132191 132191 132191 132191 132191 132191 132191 132191 132191 132191 132191 132191 132191 132191 132191 132191 132191 132191 132191 132191 132191 132191 132191 132191 132191 132191 132191 132191 0 0 0 0 0 0 0 0 0 0 0 0 0 0 0 0 0 0 0 0 0 0 0 0 0
#obs catch bio
 0 102431 160374 201030 255936 249442 284971 279146 288542 300053 299154 301720 280806 228622 218293 218906 179143 159308 146051 138127 122504 129442 117811 109845 116865 106203 108646 101191 102332 99139.4 88942.9 91383.6 96577.3 95700.8 96890.9 90330.1 80118.7 86533.5 91626.7 80439 89130.3 86216.1 84450.3 89094.1 100715 92424.4 97886.5 99985.8 90788.3 93130.8 36645.3
#pred cpue bio
 4.23393e+006 3.18906e+006 2.84553e+006 2.75641e+006 2.62982e+006 2.47204e+006 2.35174e+006 2.136e+006 1.93212e+006 1.6572e+006 1.44464e+006 1.28027e+006 1.15664e+006 1.04895e+006 950539 817395 720533 650603 607238 580448 561621 544743 511576 490306 485768 499215 536133 565874 574055 554348 547207 567448 592781 618766 632989 598673 558643 551436 529770 514918 528452 552441 553809 539359 540210 559807 581817 594563 571509 541547 566113 1.49332e+007 1.34321e+007 1.33169e+007 1.36088e+007 1.41873e+007 1.4844e+007 1.54623e+007 1.59904e+007 1.64153e+007 1.6744e+007 1.6992e+007 1.71761e+007 1.73114e+007 1.74104e+007 1.74829e+007 1.7536e+007 1.7575e+007 1.76038e+007 1.76252e+007 1.76412e+007 1.76531e+007 1.76622e+007 1.7669e+007 1.76742e+007 1.76782e+007 1.76812e+007 1.76835e+007 1.76853e+007 1.76867e+007 1.76878e+007 1.76886e+007 1.76892e+007 1.76897e+007 1.76901e+007 1.76904e+007 1.76906e+007 1.76908e+007 1.76909e+007 1.7691e+007 1.76911e+007 1.76912e+007 1.76912e+007 1.76913e+007 1.76913e+007 1.76913e+007 1.76913e+007 1.76914e+007 1.76914e+007 1.76914e+007 1.76914e+007 1.76914e+007 1.76914e+007 1.76914e+007 1.76914e+007 1.76914e+007 1.76914e+007 1.76914e+007 1.76914e+007 1.76914e+007 1.76914e+007 1.76914e+007 1.76914e+007 1.76914e+007 1.76914e+007 1.76914e+007 1.76914e+007 1.76914e+007 1.76914e+007 1.76914e+007 1.76914e+007 1.76914e+007 1.76914e+007 1.76914e+007 1.76914e+007 1.76914e+007 1.76914e+007 1.76914e+007 1.76914e+007 1.76914e+007 1.76914e+007 1.76914e+007 1.76914e+007 1.76914e+007 1.76914e+007 1.76914e+007 1.76914e+007 1.76914e+007 1.76914e+007 1.76914e+007 1.76914e+007 1.76914e+007 1.76914e+007 1.76914e+007 1.76914e+007 1.76914e+007 1.76914e+007 1.76914e+007 1.76914e+007 1.76914e+007 1.76914e+007 0 0 0 0 0 0 0 0 0 0 0 0 0 0 0 0 0 0 0 0 0 0 0 0 0
#obs cpue bio
 4.85016e+006 3.14304e+006 2.53071e+006 2.94409e+006 2.99671e+006 1.76467e+006 2.2043e+006 1.91285e+006 2.60188e+006 1.38881e+006 1.37955e+006 931742 1.16281e+006 1.17779e+006 1.175e+006 711047 895422 513330 627372 567236 583512 485168 480262 518878 447033 697062 513200 855062 472194 691543 522297 571150 526884 603649 553601 688204 618983 678155 422519 482276 501042 708638 729726 452667 496325 534742 573006 687906 582336 350353 704931
#pred surv len freq
 0.00424909 0.00700349 0.0107354 0.0154874 0.0211726 0.0274807 0.0338641 0.0396903 0.0444872 0.0480946 0.0506246 0.0523101 0.053377 0.0539941 0.0542768 0.054311 0.0541787 0.0539571 0.0536602 0.053122 0.0518972 0.0493124 0.0447532 0.0380791 0.0298816
 0.00445488 0.0072814 0.0110509 0.0157786 0.0213734 0.0275545 0.0338243 0.0395911 0.0443878 0.0480219 0.0505614 0.0522183 0.0532375 0.0538362 0.0541765 0.054358 0.0544275 0.0543851 0.0541555 0.0535138 0.0520215 0.0490847 0.0442083 0.0373526 0.0291443
 0.00461941 0.0075637 0.0114985 0.0164324 0.0222441 0.0285941 0.0349134 0.0405626 0.0450862 0.0483646 0.0505617 0.0519562 0.0528082 0.0533166 0.0536261 0.0538359 0.0539934 0.0540748 0.0539478 0.053321 0.051722 0.0485869 0.043505 0.0365294 0.0283359
 0.00468591 0.00770092 0.01176 0.016889 0.0229697 0.0296392 0.0362743 0.0421592 0.0467609 0.0499093 0.0517681 0.0526747 0.0529883 0.0530085 0.0529475 0.0529268 0.0529817 0.0530556 0.0529689 0.0523756 0.0507632 0.0475675 0.042423 0.0354472 0.0273549
 0.00487477 0.00798664 0.0121531 0.0173923 0.0235884 0.0303923 0.0371966 0.0432871 0.0481038 0.0514177 0.0533171 0.0540775 0.0540418 0.0535543 0.0529201 0.0523658 0.0520056 0.0518133 0.0515922 0.0509512 0.0493321 0.0461486 0.0410474 0.0341755 0.0262651
 0.00511811 0.00838856 0.0127675 0.0182677 0.0247517 0.0318284 0.0388355 0.045015 0.0497992 0.0529906 0.0547217 0.055287 0.0550079 0.0541858 0.0531019 0.0520069 0.0510846 0.0503928 0.0497974 0.0489294 0.0472207 0.0440664 0.0391009 0.0324644 0.0248701
 0.00529744 0.00868823 0.0132344 0.0189527 0.0257016 0.0330704 0.0403593 0.0467601 0.0516578 0.0548272 0.0564025 0.0567071 0.0561015 0.0549136 0.0534248 0.0518712 0.0504348 0.0492057 0.0481129 0.0468577 0.0449231 0.0417259 0.0368953 0.0305429 0.0233318
 0.00555502 0.0091009 0.0138446 0.0197974 0.0268072 0.0344451 0.0419824 0.0485765 0.0535806 0.0567481 0.0582036 0.0582722 0.0573281 0.0557237 0.0537675 0.0517139 0.0497524 0.0479824 0.0463625 0.044651 0.0424029 0.0390951 0.0343804 0.0283447 0.0215819
 0.00572372 0.00939532 0.0143245 0.0205295 0.0278494 0.0358216 0.0436627 0.0504725 0.0555676 0.0586961 0.060001 0.0598307 0.0585755 0.056595 0.0542031 0.0516623 0.0491738 0.0468541 0.044691 0.0424929 0.0398848 0.0364155 0.0317795 0.0260495 0.0197481
 0.00594251 0.00974913 0.0148549 0.0212773 0.0288516 0.0371028 0.0452223 0.0522716 0.0575239 0.0606908 0.0618961 0.0614925 0.0598951 0.0574975 0.0546419 0.0516064 0.0485975 0.0457382 0.0430371 0.0403476 0.0373638 0.03371 0.0291318 0.0236971 0.0178605
 0.00612959 0.0100791 0.0153981 0.0221131 0.0300472 0.0386835 0.0471454 0.0544246 0.0597512 0.0628334 0.0638202 0.0630969 0.0611046 0.0582566 0.0549124 0.0513654 0.0478333 0.0444477 0.0412331 0.0380787 0.0347401 0.0309152 0.0264034 0.0212732 0.015914
 0.00631528 0.0103907 0.0158868 0.0228365 0.0310624 0.0400321 0.0488336 0.0564063 0.0619231 0.0650449 0.0658978 0.0648754 0.0624552 0.0591003 0.0552155 0.0511235 0.0470554 0.0431491 0.0394407 0.0358491 0.0321826 0.028204 0.0237624 0.0189277 0.0140294
 0.00656381 0.0107949 0.0164956 0.0236955 0.0322061 0.0414706 0.0505397 0.0583113 0.0639259 0.0670287 0.0677431 0.0664667 0.0636859 0.0598813 0.0554859 0.0508556 0.046251 0.0418312 0.0376504 0.033655 0.0296971 0.0255943 0.0212371 0.0166943 0.0122392
 0.00690655 0.0113277 0.0172521 0.0246917 0.0334388 0.0429172 0.0521544 0.0600234 0.0656463 0.0686635 0.0692066 0.0676874 0.0646048 0.0604473 0.0556536 0.050588 0.0455252 0.0406454 0.0360304 0.0316624 0.0274396 0.0232286 0.0189535 0.0146791 0.0106264
 0.00710389 0.0116488 0.0177347 0.0253679 0.0343262 0.0440055 0.0533966 0.0613398 0.0669447 0.0698659 0.0702641 0.0685764 0.0653104 0.0609476 0.0559122 0.0505577 0.0451579 0.0399054 0.034909 0.0301919 0.0257031 0.0213597 0.0171191 0.0130432 0.00930826
 0.00722587 0.0118709 0.0181123 0.0259656 0.0352002 0.0451776 0.0548295 0.0629316 0.0685491 0.0713287 0.07146 0.0694317 0.0658064 0.0611071 0.0557758 0.050159 0.0445107 0.0390051 0.0337493 0.0287873 0.0241086 0.019678 0.0154861 0.0115962 0.00814731
 0.00735213 0.012096 0.0184883 0.0265548 0.0360628 0.0463501 0.0563014 0.0646319 0.0703495 0.0730633 0.0729552 0.0705391 0.0664325 0.0612286 0.0554341 0.0494357 0.0434948 0.0377687 0.0323416 0.0272473 0.0224871 0.0180528 0.0139597 0.0102725 0.00710008
 0.00746859 0.012258 0.018684 0.0267629 0.0362677 0.046562 0.0565674 0.0650262 0.070943 0.0738851 0.0739673 0.0716366 0.0674686 0.0620549 0.0559388 0.0495656 0.0432557 0.0372075 0.031523 0.0262398 0.0213618 0.0168897 0.0128476 0.00929665 0.00632148
 0.00755709 0.0124005 0.0188942 0.0270474 0.0366195 0.0469547 0.0569562 0.0653637 0.0712047 0.0740915 0.0741797 0.0719245 0.0678656 0.0625306 0.0564046 0.0499094 0.0433826 0.0370678 0.0311185 0.025613 0.0205817 0.0160392 0.012013 0.00855481 0.00572555
 0.0076164 0.0124922 0.0190235 0.0272168 0.0368289 0.0472009 0.0572311 0.0656505 0.0714784 0.0743245 0.0743558 0.0720508 0.0679741 0.0626607 0.0565757 0.0501003 0.0435342 0.0371071 0.0309895 0.0252991 0.0201097 0.015469 0.0114201 0.00801045 0.00528024
 0.0076846 0.0125948 0.0191625 0.0273883 0.0370243 0.0474089 0.0574396 0.0658481 0.0716552 0.0744731 0.0744711 0.0721309 0.0680222 0.0626877 0.0565982 0.0501304 0.0435669 0.0371143 0.0309294 0.0251362 0.0198344 0.015105 0.0110163 0.00762311 0.00495425
 0.00763689 0.0125225 0.0190637 0.0272647 0.0368813 0.0472547 0.0572855 0.065709 0.0715495 0.0744203 0.0744873 0.0722238 0.0681878 0.0629113 0.0568583 0.0504048 0.0438334 0.0373489 0.0311043 0.0252241 0.0198196 0.0149934 0.0108364 0.00741675 0.0047616
 0.00770359 0.0126291 0.0192202 0.0274778 0.0371513 0.0475717 0.0576259 0.0660362 0.0718208 0.0745983 0.074551 0.0721745 0.0680475 0.0627148 0.0566426 0.0501988 0.0436529 0.0371952 0.0309667 0.0250853 0.0196634 0.0148135 0.0106407 0.00722433 0.00459363
 0.00779157 0.0127547 0.0193773 0.0276507 0.0373203 0.0477216 0.0577518 0.0661427 0.0719151 0.0746823 0.0746176 0.0722102 0.0680396 0.0626583 0.0565441 0.0500741 0.0435204 0.0370688 0.0308507 0.0249753 0.0195506 0.0146918 0.0105117 0.00709732 0.00448127
 0.00782742 0.0128138 0.0194666 0.0277746 0.0374767 0.0478976 0.057923 0.0662789 0.0719926 0.0746952 0.0745804 0.0721483 0.0679749 0.0626002 0.0564895 0.0500158 0.043454 0.0369952 0.0307737 0.024897 0.0194705 0.0146083 0.0104256 0.00701346 0.00440685
 0.00789469 0.0129235 0.0196322 0.0280077 0.0377833 0.0482728 0.0583449 0.066707 0.0723736 0.0749754 0.0747204 0.0721344 0.0678222 0.0623452 0.0561765 0.0496836 0.0431293 0.0366933 0.0305024 0.0246597 0.0192676 0.0144383 0.0102862 0.00690271 0.00432298
 0.00785796 0.0128531 0.0195078 0.0278076 0.0374941 0.0479031 0.0579342 0.0663222 0.0720893 0.0748478 0.0747679 0.0723344 0.0681235 0.0626882 0.0565116 0.0499795 0.0433735 0.036885 0.030646 0.024761 0.0193326 0.0144731 0.0102977 0.0068984 0.00431045
 0.00795303 0.0129757 0.0196327 0.0278902 0.037481 0.0477502 0.0576253 0.0658784 0.0715678 0.0743306 0.0743429 0.0720727 0.0680596 0.0628121 0.0567759 0.0503199 0.0437291 0.0372122 0.0309212 0.0249765 0.0194903 0.0145801 0.0103635 0.00693357 0.00432539
 0.00794812 0.0129716 0.019632 0.0278933 0.0374801 0.0477236 0.0575368 0.0656876 0.0712499 0.073897 0.073849 0.0716059 0.0677119 0.0626501 0.0568213 0.0505474 0.0440803 0.0376173 0.0313188 0.0253248 0.0197689 0.0147855 0.0105033 0.0070208 0.00437468
 0.00804153 0.0131042 0.0197962 0.0280704 0.0376463 0.047858 0.0576257 0.065722 0.0712182 0.0737821 0.0736353 0.0712945 0.0673338 0.0622654 0.0565015 0.0503496 0.0440272 0.0376931 0.0314807 0.0255219 0.0199587 0.0149423 0.0106177 0.00709544 0.00441829
 0.00806016 0.0131466 0.019881 0.0282187 0.0378722 0.0481554 0.0579609 0.0660385 0.0714552 0.073895 0.0736066 0.0711316 0.0670602 0.0619154 0.0561201 0.0499891 0.0437371 0.0375056 0.0314005 0.0255284 0.0200172 0.0150184 0.0106873 0.0071474 0.00445137
 0.0079916 0.0130319 0.0197041 0.0279676 0.0375471 0.0477784 0.0575802 0.0657191 0.0712564 0.0738461 0.0736959 0.0713153 0.0672833 0.0621319 0.0563039 0.0501364 0.0438617 0.0376292 0.0315413 0.0256913 0.0201922 0.0151865 0.0108303 0.00725514 0.00452341
 0.00795159 0.0129642 0.0195972 0.0278084 0.0373236 0.0474847 0.0572227 0.0653226 0.070865 0.0735165 0.0734829 0.0712536 0.0673746 0.062345 0.0565882 0.0504416 0.0441533 0.0378934 0.0317798 0.0259106 0.0203948 0.015368 0.0109825 0.00737157 0.00460367
 0.00785165 0.0128198 0.0194128 0.0275988 0.0371075 0.0472764 0.057026 0.0651318 0.0706724 0.0733223 0.0733018 0.0711141 0.0673104 0.0623805 0.0567272 0.0506646 0.0444258 0.0381796 0.0320536 0.0261586 0.0206121 0.0155525 0.0111321 0.00748505 0.00468261
 0.00782778 0.0127615 0.0192907 0.0273776 0.0367603 0.0468034 0.0564674 0.064562 0.0701752 0.0729604 0.0730997 0.0710623 0.0673838 0.0625556 0.0569881 0.0509979 0.0448126 0.038593 0.0324627 0.0265363 0.0209398 0.0158212 0.0113401 0.00763617 0.00478446
 0.00864458 0.0139127 0.020695 0.0288458 0.0380447 0.0476808 0.0568098 0.0643611 0.069522 0.0720033 0.072002 0.0699685 0.0663971 0.0617317 0.056343 0.0505239 0.044491 0.0384004 0.0323721 0.0265183 0.0209665 0.0158691 0.0113926 0.00768296 0.00482072
 0.00937677 0.0150905 0.0224323 0.0312068 0.040993 0.0510204 0.0601584 0.0672062 0.07137 0.0725551 0.0712536 0.0681812 0.0639699 0.0590602 0.0537291 0.0481517 0.0424468 0.0367061 0.0310143 0.0254663 0.020181 0.0153073 0.0110105 0.00743819 0.00467448
 0.00915198 0.0148661 0.0223558 0.0315037 0.0419078 0.0527189 0.062633 0.0702342 0.0745448 0.0753791 0.0732638 0.069071 0.0636686 0.0577349 0.0517088 0.0458104 0.0401037 0.0345758 0.0292069 0.0240143 0.0190697 0.0144973 0.010451 0.00707447 0.00445395
 0.00886731 0.0144269 0.0217474 0.0307528 0.0411045 0.0520353 0.0623163 0.0705502 0.0756728 0.0773019 0.0757197 0.0716116 0.0658016 0.0590847 0.0521221 0.0453691 0.0390542 0.0332213 0.0278142 0.0227639 0.0180516 0.0137312 0.00991415 0.00672393 0.00424139
 0.00883684 0.014356 0.0216019 0.0304901 0.0406885 0.0514611 0.0616372 0.0698915 0.0752205 0.0772593 0.0762367 0.0727086 0.0673273 0.0607407 0.0535574 0.0463033 0.0393682 0.0329731 0.0271839 0.0219677 0.0172695 0.0130733 0.00942187 0.00639042 0.00403528
 0.00872056 0.0141736 0.021339 0.0301354 0.0402333 0.0509008 0.0609771 0.0691589 0.0744783 0.0766137 0.0758295 0.0726851 0.067782 0.0616625 0.0548043 0.047634 0.0405223 0.0337639 0.0275535 0.0219809 0.0170602 0.0127798 0.00914343 0.00617558 0.00389254
 0.00866341 0.0140856 0.0212156 0.029975 0.0400369 0.0506699 0.0607129 0.0688616 0.0741486 0.0762593 0.0754758 0.0723862 0.0676201 0.0617249 0.0551425 0.0482238 0.0412548 0.0344803 0.0281079 0.0222966 0.0171463 0.0127069 0.00899909 0.00602827 0.00377786
 0.00873059 0.0141625 0.0212723 0.0299656 0.039914 0.0504066 0.0603191 0.0683843 0.073654 0.0758082 0.0751077 0.0721198 0.0674658 0.0616993 0.0552702 0.0485219 0.0417089 0.0350296 0.028657 0.0227503 0.0174474 0.0128524 0.00902851 0.00599585 0.0037281
 0.0087053 0.0141411 0.0212744 0.0300154 0.0400263 0.050569 0.0604833 0.0684781 0.0736122 0.0756053 0.0747716 0.0717178 0.0670757 0.061385 0.0550732 0.048464 0.0417935 0.0352376 0.0289432 0.0230514 0.0177025 0.0130248 0.00911479 0.00601803 0.00371644
 0.00862072 0.0140251 0.0211406 0.0298923 0.0399522 0.0505811 0.0606044 0.0687041 0.0739056 0.0758989 0.0749866 0.0717928 0.066992 0.0611734 0.0547994 0.0482021 0.0416027 0.0351483 0.0289539 0.0231338 0.0178141 0.0131259 0.00918199 0.00604807 0.00371989
 0.0085975 0.0139932 0.021104 0.0298605 0.0399402 0.0506082 0.0606912 0.0688668 0.0741475 0.0762018 0.0753069 0.0720678 0.0671578 0.0611881 0.0546603 0.0479478 0.041298 0.0348604 0.0287304 0.022992 0.0177438 0.0131014 0.00917684 0.00604496 0.00371279
 0.00859809 0.0139703 0.0210269 0.0296895 0.0396415 0.0501751 0.0601611 0.0683203 0.0736873 0.07592 0.0752562 0.0722475 0.0675166 0.0616415 0.055117 0.048337 0.0415868 0.0350545 0.0288598 0.0230898 0.0178309 0.0131825 0.00924673 0.00609727 0.00374584
 0.00855899 0.013924 0.0209868 0.0296736 0.0396606 0.0502189 0.0601924 0.0682871 0.0735502 0.0756802 0.074964 0.0719832 0.0673557 0.0616223 0.055229 0.0485321 0.0418047 0.0352475 0.0290064 0.0231921 0.0179027 0.0132371 0.00929039 0.00613098 0.00376912
 0.00866094 0.0140626 0.0211465 0.0298258 0.0397752 0.0502794 0.0602042 0.06827 0.0735203 0.0756342 0.0748815 0.0718464 0.0671703 0.0614228 0.0550626 0.0484334 0.0417796 0.0352763 0.0290588 0.0232441 0.0179432 0.0132656 0.00931066 0.00614587 0.00377981
 0.00874929 0.0141986 0.0213355 0.0300637 0.0400452 0.0505504 0.0604332 0.0684128 0.0735476 0.0755448 0.0747019 0.0716157 0.0669227 0.0611805 0.0548407 0.0482465 0.0416416 0.0351932 0.0290244 0.0232425 0.0179572 0.0132829 0.00932534 0.00615669 0.00378721
 0.00847379 0.0138292 0.0209239 0.0297048 0.0398478 0.0505924 0.0607243 0.0688888 0.0740969 0.0760504 0.0750778 0.0718242 0.0669721 0.061109 0.0546969 0.048075 0.0414763 0.035056 0.0289257 0.0231821 0.0179271 0.0132721 0.0093243 0.0061591 0.00379004
#obs surv len freq
 nan nan nan nan nan nan nan nan nan nan nan nan nan nan nan nan nan nan nan nan nan nan nan nan nan
 0.00447725 0.00733548 0.011163 0.0159783 0.02168 0.0279581 0.0342757 0.0400104 0.0446928 0.0481586 0.0505177 0.0520144 0.0529072 0.05342 0.0537345 0.0539897 0.0542684 0.0545613 0.0547001 0.054292 0.0527299 0.0493617 0.0438108 0.0362901 0.0276728
 0.00461873 0.00756416 0.0115044 0.0164548 0.0223054 0.02873 0.0351671 0.0409668 0.0456385 0.0490106 0.0512005 0.0524718 0.0531089 0.0533631 0.0534398 0.0534936 0.0536145 0.0537924 0.0538555 0.0534089 0.0518471 0.0485225 0.0430599 0.0356654 0.0271954
 0.00478296 0.00783451 0.0119173 0.0170457 0.023101 0.0297365 0.0363577 0.0422781 0.0469787 0.0502763 0.0522928 0.0533071 0.0536253 0.0535248 0.0532396 0.0529525 0.0527758 0.0527142 0.0526034 0.0520528 0.0504624 0.0471898 0.0418594 0.0346632 0.026428
 0.00497666 0.00815177 0.0123994 0.0177329 0.0240254 0.0309099 0.0377588 0.0438461 0.0486196 0.0518777 0.0537405 0.0544966 0.0544697 0.05396 0.0532286 0.0524878 0.0518801 0.0514384 0.0510232 0.0502655 0.0485838 0.0453481 0.0401817 0.0332534 0.0253446
 0.00518508 0.00849308 0.0129178 0.0184716 0.0250189 0.0321713 0.039267 0.0455403 0.0504067 0.0536482 0.0553835 0.0559082 0.0555565 0.054642 0.0534435 0.0521962 0.0510718 0.0501376 0.0492934 0.0482116 0.0463496 0.0431053 0.0381062 0.031492 0.0239827
 0.00542689 0.00888701 0.0135123 0.0193123 0.0261404 0.033584 0.0409427 0.0474075 0.0523604 0.0555695 0.057158 0.0574349 0.0567495 0.055428 0.0537601 0.0519931 0.0503163 0.048826 0.0474642 0.0459587 0.0438271 0.0405162 0.0356708 0.029401 0.0223532
 0.00565278 0.00926163 0.0140898 0.0201477 0.0272784 0.0350419 0.0426925 0.0493711 0.0544212 0.0575967 0.0590279 0.0590428 0.0580114 0.0562767 0.0541404 0.0518579 0.0496274 0.0475632 0.0456434 0.0436535 0.0411837 0.037748 0.0330246 0.0271009 0.0205445
 0.00588364 0.0096382 0.0146594 0.0209565 0.0283646 0.0364231 0.0443521 0.0512499 0.0564231 0.059603 0.060915 0.0606959 0.0593333 0.0571911 0.0545895 0.051797 0.0490208 0.0463877 0.0439035 0.041406 0.0385596 0.0349551 0.0303171 0.0247201 0.0186548
 0.00612954 0.0100399 0.0152675 0.0218189 0.029517 0.0378743 0.0460696 0.0531567 0.0584097 0.0615502 0.0627122 0.0622491 0.060564 0.0580342 0.0549909 0.0517122 0.0484139 0.0452347 0.0422045 0.0392077 0.0359794 0.0321886 0.0276132 0.0223233 0.0167388
 0.00637177 0.0104372 0.0158717 0.0226803 0.0306739 0.0393375 0.0478062 0.0550842 0.0604088 0.0634887 0.0644682 0.0637249 0.0616892 0.0587605 0.055285 0.0515472 0.0477653 0.0440831 0.0405484 0.0370861 0.0334962 0.0295229 0.0249988 0.0199953 0.0148686
 0.0066076 0.0108244 0.0164616 0.0235228 0.0318078 0.0407745 0.0495147 0.0569836 0.0623805 0.0653985 0.0661892 0.0651522 0.0627462 0.0593991 0.0554802 0.0512886 0.0470483 0.0429055 0.0389186 0.0350428 0.0311328 0.0270002 0.0225289 0.0177945 0.0130971
 0.00683789 0.0112012 0.0170329 0.0243348 0.0328957 0.0421481 0.0511434 0.0587912 0.0642549 0.0672127 0.0678217 0.0665005 0.0637328 0.0599733 0.0556159 0.0509789 0.0462983 0.0417272 0.0373344 0.0330987 0.0289181 0.0246594 0.0202502 0.0157696 0.0114684
 0.00705606 0.0115598 0.0175797 0.0251161 0.0339464 0.0434763 0.0527155 0.0605273 0.0660408 0.0689223 0.0693391 0.0677315 0.0646094 0.0604522 0.055676 0.0506168 0.0455236 0.0405594 0.0358049 0.03126 0.0268583 0.0225104 0.0181775 0.0139392 0.0100015
 0.00728035 0.0119269 0.0181365 0.025907 0.0350038 0.0448054 0.0542796 0.0622427 0.0677887 0.0705724 0.0707717 0.0688531 0.0653575 0.0607946 0.0556053 0.0501439 0.0446705 0.039356 0.0342905 0.029492 0.0249224 0.020527 0.0162913 0.0122906 0.00869026
 0.0074276 0.0121753 0.0185272 0.0264839 0.0358045 0.045847 0.0555433 0.0636686 0.0692838 0.0720279 0.0720808 0.0699234 0.066118 0.0611995 0.0556342 0.0497983 0.043969 0.0383296 0.0329818 0.0279599 0.0232492 0.0188211 0.0146781 0.0108883 0.00757985
 0.00753359 0.0123434 0.0187733 0.0268228 0.0362504 0.0464132 0.0562387 0.0644915 0.0702153 0.0730276 0.0730879 0.0708624 0.0669095 0.0617715 0.0559315 0.0497876 0.0436396 0.0376923 0.0320681 0.0268222 0.0219633 0.017485 0.0134017 0.00977299 0.0066947
 0.00758015 0.0124184 0.018885 0.0269787 0.0364565 0.0466731 0.0565534 0.0648608 0.07064 0.0735106 0.0736294 0.0714512 0.0675143 0.0623393 0.0563949 0.0500785 0.0437033 0.0374978 0.0316135 0.0261368 0.0211069 0.016542 0.012469 0.00894071 0.0060256
 0.0076617 0.0125408 0.0190502 0.027182 0.0366887 0.0469232 0.0568114 0.0651185 0.0708923 0.0737568 0.0738743 0.0717037 0.0677813 0.0626177 0.0566637 0.0502975 0.0438204 0.0374628 0.0313932 0.0257275 0.0205391 0.0158768 0.0117853 0.00831573 0.00551556
 0.00772459 0.0126398 0.0191928 0.0273715 0.0369221 0.0471892 0.0570893 0.0653813 0.0711147 0.0739239 0.0739874 0.071778 0.0678391 0.0626786 0.0567367 0.0503747 0.043876 0.037458 0.0312888 0.0254985 0.0201874 0.015435 0.0113085 0.00786501 0.00513915
 0.00776262 0.0126964 0.0192684 0.0274636 0.0370266 0.0473023 0.0572082 0.0655033 0.0712352 0.0740363 0.0740843 0.0718549 0.0678976 0.0627264 0.0567835 0.0504258 0.0439257 0.0374873 0.0312697 0.0254046 0.0200066 0.0151781 0.0110083 0.00756525 0.00487896
 0.00782471 0.0127912 0.0193992 0.0276286 0.0372185 0.0475085 0.0574117 0.0656851 0.0713785 0.0741309 0.0741287 0.0718551 0.0678633 0.0626686 0.0567132 0.0503528 0.0438554 0.0374176 0.0311893 0.0252969 0.0198588 0.0149893 0.0107935 0.00735029 0.00469027
 0.00783281 0.0128049 0.0194206 0.02766 0.0372613 0.0475628 0.0574749 0.0657524 0.0714438 0.0741887 0.0741757 0.0718906 0.0678888 0.0626866 0.0567259 0.0503617 0.0438605 0.0374165 0.031176 0.0252624 0.0197946 0.0148932 0.0106729 0.00722117 0.00457116
 0.00785913 0.0128398 0.0194588 0.0276922 0.0372775 0.047557 0.0574491 0.0657158 0.0714091 0.0741669 0.0741724 0.0719058 0.0679183 0.062725 0.0567683 0.050404 0.0438994 0.0374484 0.031196 0.0252649 0.0197742 0.0148481 0.0106073 0.00714521 0.00449736
 0.00790068 0.0129047 0.0195509 0.0278116 0.0374191 0.0477083 0.0575907 0.0658249 0.071467 0.0741663 0.0741206 0.0718208 0.067821 0.0626315 0.0566874 0.0503379 0.0438464 0.0374047 0.0311571 0.0252257 0.01973 0.0147964 0.0105491 0.00708522 0.00444216
 0.00788919 0.0128893 0.0195341 0.0277979 0.0374141 0.0477172 0.0576156 0.0658638 0.071513 0.0742095 0.0741511 0.0718324 0.0678144 0.0626137 0.0566678 0.0503244 0.0438422 0.0374083 0.031164 0.0252302 0.0197273 0.0147838 0.010527 0.00705697 0.0044129
 0.00788304 0.0128725 0.0194966 0.0277278 0.0373021 0.0475633 0.0574342 0.0656822 0.0713632 0.074117 0.0741266 0.0718708 0.0678996 0.062726 0.0567909 0.0504475 0.04396 0.0375177 0.031262 0.025313 0.0197914 0.0148271 0.0105505 0.00706457 0.00441025
 0.00789164 0.012882 0.0195023 0.0277215 0.0372728 0.0475 0.0573292 0.0655352 0.0711852 0.0739304 0.0739618 0.071757 0.0678553 0.0627536 0.0568776 0.0505726 0.0441023 0.0376606 0.0313941 0.0254273 0.0198836 0.0148955 0.0105959 0.00709051 0.00442198
 0.0079038 0.0129002 0.0195264 0.0277496 0.0373008 0.0475211 0.0573339 0.0655128 0.0711268 0.0738332 0.0738326 0.0716134 0.0677218 0.062655 0.0568307 0.0505815 0.0441583 0.0377473 0.0314936 0.0255246 0.0199684 0.0149623 0.0106434 0.00712041 0.00443826
 0.00787884 0.0128643 0.0194812 0.0276995 0.0372519 0.0474784 0.0573002 0.0654873 0.0711053 0.0738099 0.0738016 0.0715717 0.0676721 0.0626063 0.0567966 0.050575 0.0441869 0.0378093 0.0315793 0.0256199 0.0200597 0.0150397 0.0107021 0.0071604 0.00446249
 0.00784827 0.0128102 0.0193921 0.0275639 0.0370629 0.0472404 0.0570333 0.0652252 0.0708863 0.0736636 0.0737406 0.0715904 0.0677526 0.0627274 0.0569407 0.0507319 0.044352 0.0379806 0.0317526 0.0257876 0.020212 0.0151678 0.010801 0.00722988 0.00450678
 0.00781577 0.0127559 0.0193076 0.0274401 0.0368914 0.0470171 0.0567619 0.0649211 0.0705768 0.073385 0.0735305 0.0714782 0.067751 0.0628293 0.0571237 0.0509665 0.0446109 0.038243 0.0320045 0.0260191 0.0204149 0.0153358 0.0109307 0.00732222 0.00456685
 0.00779881 0.0127235 0.01925 0.0273451 0.0367478 0.0468188 0.0565123 0.0646342 0.0702749 0.073095 0.0732804 0.0712945 0.0676561 0.0628365 0.0572329 0.051163 0.0448689 0.0385322 0.0322972 0.0262933 0.0206559 0.0155346 0.0110839 0.00743174 0.00463873
 0.00777794 0.012689 0.0191968 0.0272677 0.0366402 0.0466761 0.0563321 0.0644192 0.0700345 0.072845 0.0730424 0.0710928 0.0675139 0.0627726 0.0572579 0.0512773 0.0450609 0.0387803 0.0325735 0.0265699 0.0209091 0.0157486 0.0112512 0.00755237 0.00471851
 0.00774067 0.0126302 0.0191118 0.0271534 0.036496 0.0465043 0.0561389 0.0642144 0.0698297 0.0726517 0.0728709 0.0709526 0.0674154 0.0627266 0.0572749 0.0513635 0.0452154 0.038993 0.0328253 0.0268359 0.021164 0.0159717 0.01143 0.00768343 0.00480622
 0.00933931 0.0148683 0.0218136 0.0299328 0.0388694 0.0480696 0.0567175 0.0638771 0.068813 0.071236 0.0712913 0.0693681 0.0659179 0.0613652 0.0560753 0.0503396 0.0443735 0.0383313 0.0323326 0.0264916 0.0209405 0.0158383 0.0113577 0.00764863 0.00479183
 0.0093118 0.0151196 0.0227138 0.0319417 0.0423362 0.0529632 0.0624548 0.0694186 0.0730329 0.073367 0.0711774 0.0674047 0.0627772 0.0577074 0.0523856 0.0469042 0.0413307 0.0357332 0.0301867 0.0247809 0.0196305 0.0148808 0.0106947 0.0072169 0.00452963
 0.00895613 0.0145604 0.0219295 0.0309821 0.041377 0.0523416 0.0626304 0.07081 0.07577 0.0771053 0.0751405 0.0706793 0.0646945 0.0580741 0.051454 0.0451589 0.0392585 0.0336904 0.0283761 0.0232879 0.0184691 0.0140261 0.0101013 0.00683078 0.00429577
 0.00878798 0.0142733 0.0214727 0.0303037 0.0404429 0.0511719 0.0613425 0.0696475 0.0750806 0.077245 0.0763155 0.0727993 0.0673395 0.0606317 0.0533669 0.0461366 0.0393349 0.0331254 0.0274947 0.0223569 0.0176503 0.0133866 0.00964602 0.00653225 0.00411526
 0.00872027 0.0141598 0.0212941 0.0300364 0.0400599 0.0506473 0.060663 0.0688304 0.0741983 0.0764429 0.0758049 0.0728031 0.0679942 0.061891 0.0549762 0.0477172 0.0405402 0.0337755 0.0276131 0.0221071 0.0172322 0.0129581 0.00929402 0.00628286 0.00395824
 0.00871282 0.0141421 0.0212569 0.0299663 0.0399411 0.050464 0.0604018 0.0684827 0.0737639 0.0759387 0.0752793 0.0723486 0.0677401 0.0619634 0.0554335 0.0484972 0.0414634 0.0346147 0.0281922 0.022366 0.017224 0.012795 0.0090855 0.00609939 0.00382723
 0.00867121 0.0140792 0.0211706 0.0298572 0.0398108 0.0503133 0.0602297 0.0682864 0.0735404 0.0756869 0.0750042 0.0720681 0.0674933 0.0618124 0.0554499 0.0487298 0.0419016 0.0351756 0.0287474 0.0227976 0.0174735 0.0128749 0.00905396 0.00602202 0.00375017
 0.00868058 0.0140899 0.0211788 0.0298565 0.0397946 0.0502773 0.0601735 0.0682125 0.073451 0.0755809 0.0748772 0.071916 0.06732 0.0616374 0.0553102 0.0486721 0.0419631 0.0353606 0.0290168 0.0230818 0.0177038 0.0130137 0.0091037 0.00601224 0.00371559
 0.00866523 0.0140683 0.0211522 0.0298275 0.0397657 0.0502489 0.060143 0.0681754 0.0734033 0.0755218 0.0748084 0.0718405 0.0672398 0.0615552 0.0552338 0.0486183 0.0419547 0.0354166 0.0291385 0.0232465 0.0178727 0.0131497 0.00918787 0.00604754 0.00371868
 0.00865689 0.0140537 0.0211284 0.029792 0.0397174 0.0501898 0.0600789 0.0681146 0.0733534 0.0754858 0.0747845 0.0718232 0.0672232 0.061536 0.0552126 0.0486004 0.0419504 0.0354383 0.0291948 0.023335 0.0179784 0.0132509 0.00926603 0.0060953 0.00374001
 0.00865332 0.0140484 0.0211211 0.0297826 0.0397052 0.0501736 0.060057 0.068086 0.0733186 0.0754482 0.0747486 0.0717931 0.0672006 0.0615195 0.0551998 0.0485901 0.041945 0.0354434 0.0292167 0.0233766 0.0180359 0.0133138 0.00932227 0.00613644 0.00376423
 0.0086365 0.0140226 0.0210853 0.0297369 0.0396515 0.0501149 0.0599977 0.0680311 0.0732728 0.0754147 0.0747287 0.0717867 0.0672068 0.0615367 0.0552254 0.0486213 0.0419794 0.0354805 0.0292578 0.0234233 0.0180877 0.0133669 0.00937055 0.00617449 0.00378979
 0.0086424 0.0140305 0.0210943 0.0297448 0.0396558 0.0501136 0.0599897 0.0680167 0.0732534 0.075392 0.0747046 0.0717628 0.0671845 0.0615174 0.0552105 0.0486118 0.041976 0.0354834 0.0292674 0.0234399 0.0181107 0.0133939 0.00939798 0.00619836 0.00380755
 0.00861733 0.0139955 0.021052 0.0297014 0.0396182 0.0500872 0.0599758 0.0680128 0.0732549 0.075395 0.0747073 0.0717654 0.0671883 0.0615235 0.0552195 0.0486238 0.0419908 0.035501 0.0292878 0.0234629 0.0181356 0.0134195 0.00942223 0.00621906 0.00382321
 0.00861409 0.0139845 0.0210255 0.0296499 0.0395346 0.0499723 0.0598416 0.0678808 0.0731487 0.0753314 0.074691 0.0717902 0.0672422 0.0615941 0.0552972 0.0487023 0.0420663 0.0355712 0.0293516 0.0235197 0.0181852 0.0134617 0.0094566 0.00624545 0.00384192
 0.00861409 0.0139845 0.0210255 0.0296499 0.0395346 0.0499723 0.0598416 0.0678808 0.0731487 0.0753314 0.074691 0.0717902 0.0672422 0.0615941 0.0552972 0.0487023 0.0420663 0.0355712 0.0293516 0.0235197 0.0181852 0.0134617 0.0094566 0.00624545 0.00384192
#pred catch len freq
 0.00313378 0.00510691 0.00774266 0.0110969 0.0152145 0.0200777 0.0255463 0.0313539 0.0371649 0.042644 0.0475046 0.051543 0.0546638 0.0568825 0.0582996 0.0590677 0.0593682 0.0593769 0.0591827 0.058654 0.0573308 0.0544875 0.0494543 0.0420807 0.0330222
 0.00329122 0.00532145 0.00799056 0.0113345 0.0153955 0.0201768 0.0255734 0.0313452 0.0371548 0.0426386 0.0474768 0.051456 0.0545084 0.0567015 0.0581827 0.0591158 0.0596409 0.0598482 0.0597285 0.0590853 0.0574664 0.0542341 0.0488505 0.0412765 0.0322064
 0.00345289 0.00558806 0.0083952 0.0119006 0.016121 0.0210163 0.0264316 0.0320964 0.0376873 0.0428977 0.0474781 0.0512597 0.0541803 0.0562935 0.0577413 0.0586991 0.0593149 0.0596545 0.0596453 0.0590156 0.057274 0.0538139 0.0481896 0.0404644 0.0313887
 0.00353693 0.00574219 0.00866141 0.0123335 0.0167801 0.0219484 0.027646 0.03354 0.0392335 0.0443603 0.0486549 0.0519932 0.0544051 0.0560456 0.0571286 0.0578573 0.0583721 0.0587085 0.0587445 0.0581497 0.0563875 0.052849 0.0471375 0.0393878 0.0303964
 0.00372745 0.00603118 0.00906047 0.0128474 0.0174165 0.0227293 0.0286096 0.0347266 0.0406549 0.0459666 0.0503156 0.0535096 0.0555579 0.0566603 0.0571295 0.0572828 0.057348 0.0573948 0.0572844 0.056637 0.0548652 0.051336 0.0456655 0.0380219 0.0292216
 0.00393817 0.00637316 0.00957311 0.0135645 0.0183578 0.0238895 0.0299517 0.0361881 0.0421689 0.0474813 0.0517939 0.054904 0.0567798 0.0575722 0.0575755 0.0571441 0.0565911 0.0560851 0.0555584 0.0546553 0.0527754 0.0492614 0.0437148 0.0362965 0.0278063
 0.00412884 0.00668274 0.0100399 0.014228 0.0192557 0.0250501 0.0313797 0.0378502 0.0439866 0.0493392 0.0535627 0.0564682 0.0580535 0.0584918 0.0580772 0.0571516 0.0560313 0.054926 0.0538418 0.0525021 0.050363 0.0467901 0.0413775 0.0342547 0.0261677
 0.00436885 0.00706242 0.0105931 0.0149833 0.0202365 0.0262725 0.0328466 0.0395416 0.0458518 0.0512934 0.0554901 0.058234 0.0595241 0.0595556 0.0586542 0.0571874 0.0554859 0.0537744 0.0520954 0.0502376 0.0477368 0.0440244 0.0387194 0.0319234 0.0243072
 0.00455985 0.00738059 0.0110866 0.0157027 0.0212264 0.0275573 0.0344154 0.0413425 0.0477997 0.0532857 0.0574198 0.0599954 0.0610136 0.0606735 0.0593104 0.0573073 0.0550145 0.0526807 0.0503842 0.0479709 0.045055 0.0411474 0.0359132 0.0294392 0.0223182
 0.00481431 0.00778313 0.0116737 0.0165064 0.0222752 0.0288741 0.0360082 0.0431896 0.0498372 0.0554054 0.0594816 0.0618514 0.0625337 0.0617602 0.0598971 0.0573468 0.0544692 0.0515238 0.0486149 0.0456406 0.0422933 0.0381686 0.0329889 0.026836 0.0202267
 0.00504098 0.00816164 0.012262 0.0173648 0.0234549 0.0303981 0.0378535 0.0452816 0.0520617 0.0576303 0.0615745 0.0636886 0.0640038 0.0627704 0.0603788 0.0572566 0.0537835 0.050234 0.046733 0.0432207 0.0394587 0.0351252 0.030003 0.0241746 0.0180849
 0.00527234 0.00853594 0.0128241 0.0181613 0.024532 0.0317946 0.0395852 0.0473223 0.054329 0.0599853 0.06384 0.0656816 0.06557 0.0638048 0.0608261 0.0570971 0.0530167 0.048871 0.0448013 0.0407833 0.0366389 0.0321201 0.0270657 0.0215601 0.015981
 0.0055243 0.00893841 0.0134176 0.0189818 0.0256084 0.0331436 0.0412023 0.0491739 0.0563498 0.06208 0.0658875 0.0675417 0.0670979 0.0648711 0.0613364 0.057001 0.052304 0.0475609 0.0429374 0.0384421 0.0339477 0.0292683 0.0242894 0.0190949 0.0139996
 0.00579663 0.00935989 0.0140138 0.019766 0.0265854 0.0343129 0.0425563 0.0506911 0.0579876 0.0637725 0.0675485 0.0690721 0.0683941 0.0658328 0.0618742 0.0570443 0.0518082 0.0465135 0.0413633 0.0364104 0.031581 0.0267449 0.0218265 0.0169055 0.0122385
 0.00602281 0.00971886 0.0145373 0.020477 0.0274928 0.0354057 0.0437981 0.0520221 0.0593371 0.0650753 0.0687545 0.0701436 0.0692945 0.0665168 0.0622851 0.0571185 0.0514857 0.0457514 0.0401512 0.0347855 0.0296395 0.0246412 0.0197528 0.0150511 0.0107416
 0.00623026 0.0100624 0.0150658 0.0212392 0.0285264 0.0367195 0.0453542 0.0537282 0.0610582 0.066662 0.070076 0.0711129 0.0698788 0.0667291 0.0621612 0.0566907 0.0507668 0.0447356 0.0388317 0.0331799 0.0278119 0.0227103 0.017876 0.013387 0.00940581
 0.00632074 0.0102267 0.0153467 0.0216919 0.0292118 0.0376895 0.0466313 0.055286 0.0628109 0.0684663 0.0717517 0.0724796 0.0707983 0.0671358 0.062066 0.0561585 0.0498805 0.0435672 0.0374329 0.0315945 0.0260993 0.0209623 0.0162129 0.0119317 0.00824725
 0.00641602 0.0103597 0.0155089 0.0218688 0.0293966 0.037901 0.0469231 0.0557368 0.0634935 0.06941 0.0729146 0.0737467 0.0720064 0.068116 0.0626867 0.0563533 0.0496506 0.0429622 0.0365249 0.0304612 0.024823 0.0196359 0.01494 0.0108118 0.00735211
 0.00648702 0.010473 0.015674 0.0220891 0.0296649 0.0381962 0.0472133 0.0559933 0.0637129 0.069629 0.0732013 0.0741661 0.0725768 0.0687843 0.0633391 0.0568538 0.0498872 0.0428769 0.0361199 0.0297868 0.0239598 0.0186812 0.0139952 0.00996751 0.00667138
 0.0065359 0.0105484 0.0157802 0.0222286 0.0298393 0.038406 0.0474555 0.0562578 0.0639797 0.0698734 0.0734072 0.07434 0.07275 0.0689952 0.0636024 0.057139 0.0501213 0.0429728 0.036012 0.0294558 0.0234375 0.0180381 0.0133201 0.00934425 0.00615976
 0.00655483 0.0105762 0.0158169 0.0222729 0.02989 0.0384639 0.0475248 0.0563452 0.0640917 0.0700121 0.0735675 0.0745109 0.0729207 0.0691626 0.0637718 0.0573137 0.0502882 0.0430949 0.0360386 0.0293452 0.0231794 0.0176617 0.0128842 0.00891673 0.00579529
 0.00656125 0.0105861 0.0158304 0.022289 0.0299061 0.0384756 0.0475268 0.0563342 0.0640703 0.0699909 0.0735635 0.0745412 0.0729954 0.0692811 0.0639246 0.0574866 0.0504634 0.043249 0.036141 0.0293644 0.0230961 0.017481 0.0126375 0.00865052 0.00555401
 0.00660549 0.0106572 0.0159357 0.0224344 0.030094 0.0387023 0.0477796 0.05659 0.0642985 0.0701607 0.0736527 0.0745434 0.0729227 0.0691594 0.0637845 0.0573533 0.0503499 0.0431543 0.0360516 0.0292603 0.0229593 0.0173054 0.0124339 0.00844279 0.00536871
 0.00666716 0.0107441 0.0160424 0.0225486 0.0302017 0.0387953 0.0478598 0.0566676 0.0643845 0.0702578 0.0737512 0.0746244 0.0729666 0.0691551 0.0637343 0.057271 0.0502539 0.0430585 0.0359603 0.0291679 0.022856 0.0171847 0.0122984 0.00830472 0.00524393
 0.00673083 0.0108438 0.0161842 0.0227331 0.0304211 0.0390308 0.0480822 0.0568439 0.0644893 0.0702846 0.0737147 0.0745508 0.0728792 0.069065 0.0636406 0.0571689 0.050142 0.0429408 0.0358426 0.0290535 0.0227442 0.0170732 0.0121879 0.00820001 0.0051527
 0.00672514 0.0108414 0.0161939 0.0227682 0.0304973 0.0391612 0.0482714 0.057082 0.0647505 0.0705306 0.0739048 0.0746558 0.0728913 0.0689976 0.0635193 0.0570191 0.0499818 0.0427805 0.0356884 0.0289089 0.0226112 0.0169529 0.0120808 0.008108 0.00507813
 0.00666569 0.0107401 0.016034 0.0225344 0.0301832 0.0387796 0.0478609 0.0567044 0.0644745 0.0704096 0.0739583 0.0748645 0.0732064 0.0693595 0.0638759 0.0573365 0.050245 0.0429876 0.0358432 0.0290174 0.0226796 0.0169878 0.0120901 0.00810019 0.0050617
 0.00669501 0.0107668 0.0160348 0.0224737 0.0300205 0.038484 0.047426 0.056158 0.0638791 0.0698521 0.0735312 0.0746412 0.0732194 0.0695913 0.0642678 0.0578111 0.0507299 0.0434307 0.0362164 0.0293115 0.0228971 0.0171379 0.0121848 0.00815315 0.00508652
 0.00669318 0.010766 0.016036 0.0224743 0.0300099 0.0384377 0.0473065 0.0559251 0.0635099 0.0693612 0.0729789 0.074122 0.0728337 0.0694131 0.0643226 0.0580718 0.0511315 0.0438943 0.0366719 0.0297107 0.0232165 0.0173732 0.0123448 0.00825275 0.00514262
 0.00677429 0.0108814 0.0161795 0.0226305 0.0301587 0.0385609 0.0473913 0.05596 0.0634783 0.06924 0.0727476 0.0737806 0.0724173 0.0689905 0.0639758 0.0578662 0.0510925 0.044003 0.0368781 0.029955 0.0234494 0.0175647 0.0124843 0.00834387 0.005196
 0.00675018 0.010856 0.0161659 0.0226473 0.0302224 0.0386761 0.0475433 0.0561176 0.0636049 0.0693057 0.0727353 0.0736846 0.0722413 0.0687508 0.0637054 0.0576135 0.0509078 0.0439199 0.0369004 0.0300581 0.0235931 0.0177105 0.0126063 0.00843184 0.00525163
 0.00668019 0.0107422 0.015996 0.0224141 0.0299298 0.0383456 0.0472166 0.0558487 0.0634414 0.0692693 0.0728137 0.0738389 0.0724237 0.0689216 0.0638433 0.0577176 0.0509953 0.0440158 0.0370252 0.0302169 0.0237734 0.0178892 0.0127611 0.0085496 0.00533079
 0.00664337 0.0106807 0.0159 0.0222721 0.02973 0.0380795 0.0468851 0.0554693 0.0630525 0.0689264 0.0725756 0.0737473 0.072487 0.0691118 0.0641098 0.0580086 0.051275 0.0442708 0.0372586 0.0304364 0.0239817 0.0180801 0.0129239 0.00867578 0.00541848
