SBPRF35
11.3665
Curr Bio
615909
B35
808453
F35
0.176219
FOFL
0.142401
OFL
76991.7
Bzero
3.24757e+006
#pred survey bio
 4.01114e+006 3.85673e+006 3.70449e+006 3.51006e+006 3.2678e+006 2.97197e+006 2.69829e+006 2.4254e+006 2.15431e+006 1.89991e+006 1.66102e+006 1.4887e+006 1.2983e+006 1.16035e+006 1.02575e+006 912222 810830 742735 701860 654944 627401 607941 588232 578399 566383 564122 561789 546622 543927 542223 539097 548814 545402 544313 539175 527882 525048 518570 519852 526571 527565 535395 547374 552661 556313 564615 563559 578583 590737 598774 607654 598276 613844 623945 621186 618730 621072 2.32999e+007 1.4454e+007 1.50991e+007 1.61753e+007 1.75183e+007 1.8922e+007 2.02391e+007 2.13898e+007 2.2347e+007 2.31161e+007 2.37193e+007 2.41845e+007 2.45392e+007 2.48078e+007 2.50105e+007 2.51631e+007 2.52783e+007 2.53653e+007 2.54313e+007 2.54816e+007 2.552e+007 2.55496e+007 2.55724e+007 2.55902e+007 2.5604e+007 2.56148e+007 2.56233e+007 2.563e+007 2.56353e+007 2.56395e+007 2.56428e+007 2.56455e+007 2.56476e+007 2.56493e+007 2.56507e+007 2.56518e+007 2.56527e+007 2.56534e+007 2.5654e+007 2.56544e+007 2.56548e+007 2.56551e+007 2.56553e+007 2.56555e+007 2.56557e+007 2.56558e+007 2.56559e+007 2.5656e+007 2.56561e+007 2.56561e+007 2.56562e+007 2.56562e+007 2.56562e+007 2.56563e+007 2.56563e+007 2.56563e+007 2.56563e+007 2.56563e+007 2.56563e+007 2.56563e+007 2.56563e+007 2.56563e+007 2.56563e+007 2.56564e+007 2.56564e+007 2.56564e+007 2.56564e+007 2.56564e+007 2.56564e+007 2.56564e+007 2.56564e+007 2.56564e+007 2.56564e+007 2.56564e+007 2.56564e+007 2.56564e+007 2.56564e+007 2.56564e+007 2.56564e+007 2.56564e+007 2.56564e+007 2.56564e+007 2.56564e+007 2.56564e+007 2.56564e+007 2.56564e+007 2.56564e+007 2.56564e+007 2.56564e+007 2.56564e+007 2.56564e+007 2.56564e+007 2.56564e+007 2.56564e+007 2.56564e+007 2.56564e+007 2.56564e+007 2.56564e+007 2.56564e+007 2.56564e+007 0 0 0 0 0 0 0 0 0 0 0 0 0 0 0 0 0 0 0 0 0 0 0 0 0
#obs survey bio
 3.03823e+006 4.56761e+006 2.76839e+006 3.58242e+006 3.59798e+006 3.04937e+006 2.69219e+006 2.58018e+006 1.75914e+006 1.86638e+006 1.88677e+006 1.37448e+006 911850 759278 727481 736028 658532 866015 566445 698317 466866 638944 588428 648924 621677 439812 401880 629591 412634 709662 617672 484989 513845 708598 763764 470920 740889 563972 639795 399460 551209 810060 427297 745759 425282 549119 505243 824471 521442 595041 487984 594978 664681 801180 562893 391146 527458
#pred catch bio
 102981 105479 151879 208523 274595 273635 292524 309425 310691 310132 261151 284952 243574 243390 224549 211284 178813 152209 153686 133785 125071 123598 113703 114208 104977 104477 113420 100618 98374.9 98044.9 86506 97097.7 93266.7 93791.7 95356.3 86460 91135.1 87350.1 85077.6 90746.7 84878.5 81686.6 87779.7 89318.9 86110 95178.6 83170.6 87851.1 93276.6 94665.2 111729 92581.8 99841.8 112010 112960 110015 74637.7 76991.7 96992.9 100432 106524 114852 123768 132100 139268 145101 149660 153117 155680 157546 158886 159838 160508 160976 161302 161527 161683 161789 161863 161913 161947 161970 161986 161997 162004 162009 162013 162015 162017 162018 162018 162019 162019 162019 162019 162020 162020 162020 162020 162020 162020 162020 162020 162020 162020 162020 162020 162020 162020 162020 162020 162020 162020 162020 162020 162020 162020 162020 162020 162020 162020 162020 162020 162020 162020 162020 162020 162020 162020 162020 162020 162020 162020 162020 162020 162020 162020 162020 162020 162020 162020 162020 162020 162020 162020 162020 162020 162020 162020 162020 162020 162020 162020 162020 162020 162020 162020 0 0 0 0 0 0 0 0 0 0 0 0 0 0 0 0 0 0 0 0 0 0 0 0 0
#obs catch bio
 0 105138 151850 208819 275709 274398 294159 311562 312635 313379 262489 288219 246219 248225 228788 214828 181741 153604 155463 134454 126308 125083 114905 115545 105890 105911 115455 101267 99277.7 98875.8 86575.5 98195.5 94430 94329.4 95824.9 86659.1 90897.8 86775.1 84471.6 90422.1 84383.7 80722.3 87081.8 88409.4 85114.4 94315.5 82763.4 87221.8 92601.8 93907.5 111522 92218 99591.2 111725 112564 110301 74384.1
#pred cpue bio
 3.95909e+006 3.80701e+006 3.65704e+006 3.46359e+006 3.22195e+006 2.92727e+006 2.65458e+006 2.38282e+006 2.1131e+006 1.86015e+006 1.62288e+006 1.45159e+006 1.26286e+006 1.12594e+006 992845 880960 781389 714748 675006 629440 602589 583536 564326 554822 543230 541088 538925 524442 522110 520700 517921 527535 524351 523701 519375 508942 505983 498688 499149 505610 506846 514781 526631 531803 535345 543316 542023 556452 568198 575842 584184 574646 589464 599222 596412 593566 595699 2.24125e+007 1.39421e+007 1.44925e+007 1.54409e+007 1.67311e+007 1.81204e+007 1.94341e+007 2.05841e+007 2.15411e+007 2.23102e+007 2.29134e+007 2.33786e+007 2.37333e+007 2.40019e+007 2.42045e+007 2.43572e+007 2.44724e+007 2.45594e+007 2.46254e+007 2.46756e+007 2.47141e+007 2.47437e+007 2.47665e+007 2.47843e+007 2.47981e+007 2.48089e+007 2.48174e+007 2.48241e+007 2.48294e+007 2.48336e+007 2.48369e+007 2.48396e+007 2.48417e+007 2.48434e+007 2.48448e+007 2.48459e+007 2.48468e+007 2.48475e+007 2.48481e+007 2.48485e+007 2.48489e+007 2.48492e+007 2.48494e+007 2.48496e+007 2.48498e+007 2.48499e+007 2.485e+007 2.48501e+007 2.48502e+007 2.48502e+007 2.48503e+007 2.48503e+007 2.48503e+007 2.48504e+007 2.48504e+007 2.48504e+007 2.48504e+007 2.48504e+007 2.48504e+007 2.48504e+007 2.48504e+007 2.48504e+007 2.48504e+007 2.48504e+007 2.48504e+007 2.48505e+007 2.48505e+007 2.48505e+007 2.48505e+007 2.48505e+007 2.48505e+007 2.48505e+007 2.48505e+007 2.48505e+007 2.48505e+007 2.48505e+007 2.48505e+007 2.48505e+007 2.48505e+007 2.48505e+007 2.48505e+007 2.48505e+007 2.48505e+007 2.48505e+007 2.48505e+007 2.48505e+007 2.48505e+007 2.48505e+007 2.48505e+007 2.48505e+007 2.48505e+007 2.48505e+007 2.48505e+007 2.48505e+007 2.48505e+007 2.48505e+007 2.48505e+007 2.48505e+007 2.48505e+007 2.48505e+007 0 0 0 0 0 0 0 0 0 0 0 0 0 0 0 0 0 0 0 0 0 0 0 0 0
#obs cpue bio
 4.20261e+006 5.78141e+006 4.07403e+006 2.14873e+006 2.67888e+006 2.29014e+006 2.03752e+006 2.04243e+006 2.59921e+006 1.4134e+006 1.44394e+006 1.29112e+006 1.25516e+006 961641 1.11936e+006 1.05233e+006 695102 667101 740458 669591 514649 442761 460825 428522 451321 405201 581072 652030 510522 397694 577341 317182 377507 608998 394150 556103 619830 638345 454259 610288 594489 638692 594576 548458 850638 615498 396452 583276 724134 607374 608721 527154 569551 519736 714297 755096 746795
#pred surv len freq
 0.00513062 0.0082464 0.0122564 0.0170963 0.0226345 0.028612 0.0346033 0.0401004 0.0446967 0.0482207 0.0507268 0.0523899 0.053407 0.0539503 0.0541532 0.0541144 0.0539088 0.0535859 0.053124 0.0523374 0.0508006 0.0479089 0.0431435 0.0364414 0.0284106
 0.00526933 0.00839387 0.0123387 0.0170086 0.0222837 0.027976 0.0337691 0.0392469 0.0440211 0.0478527 0.0506818 0.0525876 0.0537339 0.0543238 0.0545529 0.0545712 0.0544633 0.0542402 0.0538122 0.0529343 0.0511696 0.0479656 0.0428991 0.0359972 0.0279073
 0.00555781 0.00883439 0.012943 0.0177539 0.0231017 0.028749 0.034343 0.039474 0.043825 0.0472792 0.0498943 0.0517961 0.0531035 0.0539208 0.0543571 0.0545287 0.0545309 0.054391 0.05401 0.0531098 0.0512289 0.0478314 0.042556 0.0355057 0.027375
 0.00575897 0.00917239 0.013471 0.0185247 0.0241518 0.0300714 0.0358607 0.0410291 0.0452001 0.0482526 0.0503109 0.0516249 0.0524492 0.0529783 0.0533318 0.0535678 0.0536999 0.05369 0.0534009 0.0525351 0.0506249 0.0471508 0.0417944 0.0347128 0.0266354
 0.00597198 0.00951214 0.013972 0.0192197 0.0250714 0.0312403 0.0372851 0.0426776 0.0469843 0.0500176 0.0518482 0.0527147 0.0529252 0.0527869 0.0525522 0.0523773 0.0523026 0.0522486 0.0520037 0.0512019 0.0493387 0.0458951 0.0405821 0.0335936 0.025677
 0.00627498 0.0099877 0.0146563 0.0201365 0.02623 0.0326337 0.0388858 0.0444361 0.0488317 0.0518686 0.0535964 0.0542246 0.0540342 0.0533337 0.052427 0.0515686 0.0509085 0.0504429 0.049975 0.0491037 0.0472739 0.0439336 0.0387875 0.0320345 0.0244146
 0.00655048 0.0104274 0.0153029 0.0210247 0.0273809 0.0340462 0.0405274 0.0462402 0.0507076 0.0537186 0.0553297 0.0557563 0.0552743 0.0541755 0.0527524 0.0512758 0.0499541 0.0488714 0.0479171 0.0467426 0.0448028 0.0415272 0.0365921 0.0301636 0.0229386
 0.00684037 0.0108876 0.0159754 0.0219427 0.0285652 0.0354983 0.0422202 0.048112 0.0526664 0.0556561 0.0571367 0.0573354 0.0565424 0.0550588 0.0531765 0.0511618 0.0492324 0.0475118 0.0459617 0.0443191 0.0421102 0.0387993 0.0340544 0.0279943 0.0212409
 0.00717172 0.0114106 0.0167338 0.0229675 0.0298713 0.0370782 0.044036 0.0500914 0.0547092 0.0576496 0.0589717 0.0589148 0.0577851 0.0558985 0.0535563 0.0510279 0.0485324 0.0462072 0.0440554 0.0418874 0.0393184 0.035886 0.0312845 0.0255971 0.0193579
 0.00748679 0.0119148 0.0174777 0.023993 0.0312039 0.0387164 0.0459382 0.0521715 0.0568482 0.0597167 0.0608456 0.0604954 0.058996 0.0566831 0.053872 0.0508383 0.0478026 0.0449084 0.0421838 0.0394948 0.0365396 0.0329408 0.028441 0.0231058 0.0173856
 0.00787462 0.0125197 0.0183409 0.025138 0.0326356 0.0404193 0.0478705 0.0542593 0.0589868 0.061783 0.0627141 0.0620538 0.0601558 0.057384 0.0540783 0.0505301 0.0469662 0.043534 0.040277 0.0371026 0.0337796 0.0300119 0.025598 0.0205984 0.0153885
 0.00815634 0.0129656 0.0189896 0.0260176 0.0337597 0.0417813 0.049436 0.055965 0.0607485 0.0635098 0.064319 0.063457 0.061283 0.0581663 0.0544561 0.0504562 0.0464071 0.042471 0.0387128 0.0350788 0.0313985 0.027448 0.023079 0.0183533 0.0135845
 0.00857647 0.0136241 0.0199347 0.0272767 0.0353344 0.0436398 0.0515051 0.0581282 0.0628609 0.0654254 0.0659178 0.064659 0.0620481 0.0584839 0.0543303 0.0498941 0.0454122 0.0410454 0.036869 0.0328594 0.0288987 0.024827 0.0205438 0.0161133 0.0117922
 0.00877811 0.0139604 0.0204565 0.0280368 0.0363765 0.0449812 0.053119 0.0599367 0.0647454 0.0672486 0.0675469 0.0659833 0.0629884 0.0589958 0.0544002 0.0495293 0.044629 0.0398622 0.0353099 0.0309691 0.0267627 0.0225824 0.0183683 0.0141867 0.0102466
 0.00897846 0.0142856 0.0209457 0.0287279 0.0373017 0.0461574 0.0545358 0.0615467 0.0664636 0.068961 0.0691261 0.0673059 0.0639525 0.0595338 0.0544829 0.0491612 0.0438371 0.0386852 0.0337942 0.0291748 0.0247775 0.0205309 0.0164037 0.0124609 0.00886927
 0.00915943 0.0145728 0.0213655 0.0293018 0.0380442 0.0470737 0.0556153 0.0627597 0.0677608 0.0702774 0.0703855 0.0684248 0.0648463 0.0601257 0.0547146 0.049001 0.0432822 0.0377587 0.0325406 0.0276594 0.02309 0.0187877 0.0147395 0.0110039 0.00770949
 0.00929463 0.0147978 0.0217133 0.0298055 0.0387293 0.0479457 0.0566501 0.0639015 0.0689334 0.0714026 0.0713965 0.069271 0.0654888 0.0605308 0.0548516 0.0488436 0.0428149 0.0369837 0.031483 0.0263712 0.0216511 0.0173034 0.0133279 0.00977383 0.00673487
 0.00937327 0.0149127 0.0218637 0.0299866 0.0389389 0.0481931 0.0569589 0.0643028 0.0694501 0.0720334 0.0721093 0.0700093 0.0661855 0.061122 0.0552823 0.0490687 0.0428 0.0367077 0.0309456 0.0255997 0.0207047 0.0162696 0.0123093 0.00886664 0.00600628
 0.0094112 0.0149626 0.0219172 0.0300283 0.0389514 0.0481644 0.0568914 0.0642182 0.0693898 0.0720504 0.072254 0.0703105 0.0666363 0.0616766 0.0558663 0.0495969 0.0431931 0.0369048 0.0309122 0.0253337 0.0202395 0.0156708 0.0116626 0.00825779 0.00549982
 0.00965525 0.0153252 0.0223982 0.0306031 0.0395743 0.0487778 0.0574339 0.0646331 0.0696354 0.0721126 0.0721543 0.0701031 0.0663914 0.061457 0.0557066 0.0494939 0.0431103 0.0367886 0.0307111 0.0250167 0.0198067 0.0151552 0.0111211 0.00775324 0.00508187
 0.00979165 0.0155364 0.0226956 0.030988 0.0400353 0.0492885 0.0579514 0.0651017 0.0699969 0.0723221 0.0721933 0.0699846 0.0661562 0.061162 0.0554094 0.0492356 0.0429039 0.0366169 0.0305373 0.0248019 0.0195287 0.0148188 0.0107564 0.00740298 0.00478446
 0.00979004 0.0155466 0.0227348 0.0310799 0.0402041 0.0495488 0.0582989 0.0655093 0.0704193 0.0727051 0.0724862 0.0701508 0.0661821 0.06106 0.055214 0.0489927 0.0426552 0.0363867 0.0303268 0.0245957 0.0193079 0.0145755 0.0105001 0.00715667 0.00457288
 0.0098373 0.0156145 0.0228212 0.0311794 0.0403127 0.0496696 0.058444 0.0656954 0.0706565 0.0729861 0.0727817 0.070416 0.0663699 0.0611369 0.0551703 0.0488438 0.0424345 0.0361322 0.0300683 0.0243476 0.019072 0.0143494 0.0102859 0.00696309 0.00441157
 0.00982239 0.0155909 0.022787 0.0311329 0.0402531 0.0495976 0.0583643 0.0656191 0.0706028 0.0729799 0.0728455 0.0705585 0.0665779 0.0613758 0.0553945 0.0490135 0.042528 0.0361496 0.0300249 0.0242636 0.0189644 0.01423 0.0101638 0.00684781 0.00431234
 0.00990899 0.0157147 0.0229415 0.0313012 0.040412 0.049725 0.0584456 0.0656488 0.0705841 0.072923 0.072767 0.0704797 0.0665196 0.061351 0.0554021 0.0490374 0.0425445 0.036138 0.0299759 0.0241803 0.018858 0.0141142 0.0100508 0.00674692 0.0042299
 0.00984355 0.0156239 0.0228335 0.0311918 0.0403192 0.0496598 0.0584064 0.0656236 0.0705583 0.0728897 0.0727312 0.070456 0.0665256 0.0613997 0.0554971 0.0491705 0.0426971 0.0362858 0.0300964 0.0242595 0.0188933 0.0141126 0.0100246 0.00670938 0.00419172
 0.00963389 0.0153196 0.0224438 0.0307507 0.0398772 0.0492709 0.0581147 0.0654558 0.0705207 0.0729683 0.0728969 0.0706747 0.0667689 0.0616518 0.0557531 0.0494303 0.0429572 0.0365361 0.0303217 0.0244447 0.019029 0.0141985 0.0100685 0.00672365 0.00418926
 0.00969332 0.015389 0.0224992 0.0307563 0.0397991 0.049097 0.0578679 0.0651906 0.070302 0.0728441 0.072881 0.0707472 0.0668915 0.0617863 0.0558751 0.049532 0.0430429 0.0366129 0.0303929 0.0245077 0.0190782 0.0142295 0.0100813 0.00672252 0.00418054
 0.00965561 0.0153307 0.0224158 0.0306424 0.0396463 0.0488922 0.0575974 0.0648504 0.0699106 0.0724497 0.0725528 0.0705523 0.0668685 0.0619314 0.0561478 0.0498756 0.0434049 0.0369567 0.030698 0.0247646 0.0192832 0.0143826 0.0101865 0.00678772 0.00421621
 0.00956802 0.0152 0.0222408 0.0304299 0.0394087 0.0486432 0.0573488 0.0646092 0.0696793 0.0722293 0.07235 0.0703861 0.0667703 0.061935 0.0562729 0.0501159 0.0437286 0.0373189 0.0310554 0.0250851 0.0195488 0.014587 0.0103323 0.00688324 0.00427308
 0.00970323 0.015378 0.0224322 0.0305827 0.0394647 0.0485626 0.0571289 0.0642857 0.0693092 0.0718671 0.0720316 0.0701271 0.0665752 0.0618083 0.0562241 0.0501548 0.0438558 0.0375193 0.0312997 0.0253387 0.0197813 0.0147789 0.0104759 0.00698112 0.0043336
 0.00953669 0.0151476 0.0221583 0.0303041 0.0392218 0.0483733 0.0569753 0.0641235 0.0690973 0.0715975 0.0717392 0.0698733 0.0664183 0.0617809 0.0563286 0.050373 0.0441614 0.0378836 0.0316921 0.025727 0.020135 0.0150748 0.0107028 0.00713996 0.00443487
 0.0092746 0.0147689 0.0216776 0.0297691 0.0387037 0.0479489 0.0567061 0.0640399 0.0691875 0.0718085 0.0719928 0.0700968 0.0665735 0.0618743 0.056398 0.0504624 0.0443002 0.0380795 0.0319344 0.0259932 0.0203981 0.0153103 0.0108938 0.00728015 0.00452778
 0.00898009 0.014312 0.021033 0.0289344 0.0377069 0.0468555 0.0556225 0.0631023 0.0685311 0.0715255 0.0721014 0.0705373 0.0672344 0.0626338 0.0571611 0.0511779 0.0449561 0.0386833 0.032494 0.0265065 0.0208537 0.0156935 0.0111945 0.00749775 0.00467175
 0.00892157 0.0141927 0.0208093 0.0285518 0.0371152 0.0460323 0.0545963 0.0619608 0.0674094 0.070577 0.0714621 0.0702929 0.0673997 0.0631512 0.0579221 0.0520593 0.0458537 0.0395299 0.033257 0.0271743 0.0214213 0.0161573 0.0115531 0.00775627 0.00484327
 0.0096096 0.0151609 0.0219862 0.0297719 0.0381585 0.0466932 0.0547433 0.0615622 0.0665265 0.069342 0.0700527 0.0689036 0.0662067 0.062278 0.0574166 0.0518943 0.0459497 0.0397885 0.0335909 0.0275213 0.0217444 0.0164363 0.0117783 0.00792499 0.00495936
 0.0101977 0.0160784 0.0232879 0.0314632 0.0401719 0.048866 0.0568118 0.0631988 0.0674272 0.0693304 0.0691434 0.0672903 0.0641887 0.0601697 0.0554762 0.0502861 0.0447373 0.0389537 0.0330651 0.0272198 0.0215907 0.0163722 0.0117638 0.00793394 0.00497581
 0.0101636 0.0161105 0.0234972 0.032005 0.0412027 0.0504734 0.0589487 0.0656579 0.0698721 0.071373 0.0704409 0.0676336 0.0635564 0.0587267 0.0535167 0.0481426 0.0426955 0.0372009 0.0316812 0.0262005 0.0208826 0.0159054 0.0114715 0.00776119 0.00488034
 0.00985317 0.0156528 0.0229018 0.0313274 0.0405507 0.0500028 0.0588445 0.0660906 0.0709303 0.0729974 0.0724011 0.0695758 0.0651091 0.0596186 0.0536538 0.0476171 0.0417294 0.0360571 0.0305828 0.0252856 0.0202013 0.015444 0.0111843 0.00759602 0.00479256
 0.00963296 0.0152977 0.022375 0.0306034 0.0396289 0.0489278 0.0577245 0.0650992 0.0702801 0.0728843 0.0729368 0.070732 0.0667019 0.061348 0.055194 0.04872 0.042296 0.0361437 0.030348 0.0249119 0.0198319 0.0151558 0.0109953 0.00748964 0.004741
 0.00954699 0.0151594 0.0221687 0.0303124 0.0392361 0.0484183 0.0570944 0.06437 0.0695133 0.0721894 0.0724594 0.0706178 0.0670417 0.0621278 0.0562786 0.0498885 0.0433179 0.0368602 0.0307161 0.0249936 0.0197423 0.0150062 0.0108586 0.00739487 0.00468751
 0.00960007 0.0152138 0.0221918 0.0302547 0.0390442 0.0480556 0.056558 0.0636935 0.068757 0.0714268 0.0717716 0.0700944 0.0667762 0.0621969 0.056707 0.0506205 0.0442189 0.0377571 0.0314593 0.0255054 0.0200275 0.0151249 0.0108849 0.00738589 0.004674
 0.00958358 0.0151943 0.0221739 0.0302423 0.0390325 0.0480231 0.0564643 0.0634903 0.0684094 0.0709352 0.0711813 0.0694869 0.0662504 0.0618481 0.0566079 0.0508021 0.0446543 0.0383608 0.0321096 0.026086 0.0204658 0.0154056 0.0110369 0.00745507 0.00470049
 0.00956775 0.0151759 0.02216 0.0302443 0.0390636 0.0480922 0.0565692 0.0636115 0.0685087 0.0709621 0.0710885 0.0692514 0.0658902 0.0614248 0.0562115 0.0505234 0.0445554 0.0384534 0.032352 0.026401 0.0207719 0.0156469 0.0111947 0.00754089 0.00473884
 0.00970153 0.015362 0.0223825 0.0304703 0.0392541 0.0482191 0.0566273 0.0636177 0.0684887 0.0709322 0.0710441 0.0691681 0.0657377 0.0611874 0.0559045 0.0501949 0.0442714 0.0382719 0.0322989 0.0264611 0.0208998 0.0157895 0.0113133 0.00761992 0.00478188
 0.00976021 0.0154583 0.0225277 0.0306712 0.039507 0.0485029 0.0569017 0.0638322 0.068601 0.070927 0.070938 0.0689968 0.0655343 0.060968 0.0556703 0.0499472 0.0440254 0.0380577 0.0321489 0.0263928 0.0209058 0.0158429 0.0113816 0.00767916 0.00482196
 0.00980935 0.0155461 0.0226741 0.0308991 0.0398357 0.0489382 0.057425 0.0643962 0.069135 0.0713528 0.0711904 0.0690415 0.0653764 0.0606454 0.0552373 0.0494578 0.0435252 0.0375849 0.0317364 0.0260652 0.0206736 0.0156986 0.0113043 0.0076437 0.0048077
 0.00974755 0.015445 0.0225224 0.0306904 0.0395749 0.0486492 0.0571543 0.064205 0.0690799 0.0714614 0.071447 0.0693909 0.0657437 0.0609623 0.0554611 0.0495776 0.0435552 0.0375535 0.0316753 0.0260026 0.0206287 0.0156792 0.0113072 0.00765938 0.00482617
 0.00980471 0.0155222 0.0226091 0.0307656 0.0396121 0.0486246 0.0570561 0.0640406 0.068878 0.0712679 0.0713125 0.0693531 0.065811 0.0611096 0.05564 0.0497369 0.0436599 0.0375932 0.0316616 0.0259587 0.0205786 0.0156396 0.0112846 0.00765199 0.00482794
 0.00989034 0.0156566 0.0228013 0.031018 0.0399162 0.0489573 0.0573779 0.0643004 0.0690273 0.0712785 0.0711894 0.0691338 0.0655518 0.0608639 0.0554403 0.0495871 0.0435425 0.0374846 0.0315465 0.0258361 0.0204589 0.0155361 0.0112064 0.00760037 0.00479842
 0.00993143 0.0157248 0.0229064 0.0311701 0.0401231 0.0492206 0.0576878 0.0646327 0.0693438 0.0715331 0.0713392 0.0691522 0.065439 0.0606478 0.055167 0.0493037 0.0432816 0.0372583 0.0313522 0.0256667 0.020311 0.0154118 0.0111092 0.00753158 0.00475491
 0.0100494 0.0159181 0.0231996 0.0315847 0.0406712 0.0498947 0.0584524 0.0654233 0.0700778 0.0721274 0.0717262 0.0692902 0.0653164 0.0602848 0.054613 0.0486286 0.0425614 0.0365591 0.0307197 0.0251248 0.0198674 0.0150647 0.0108518 0.00735292 0.00464034
 0.00988288 0.0156708 0.0228724 0.0311978 0.0402636 0.0495199 0.0581723 0.0652979 0.0701494 0.0724047 0.0721756 0.0698419 0.0658826 0.0607827 0.0549831 0.0488453 0.0426328 0.0365183 0.03061 0.0249865 0.0197298 0.0149447 0.0107567 0.0072838 0.00459438
 0.00990782 0.0156909 0.0228654 0.0311325 0.0401104 0.0492678 0.0578416 0.064942 0.0698419 0.072217 0.0721555 0.0700001 0.06619 0.0611785 0.0553921 0.0491981 0.0428833 0.0366515 0.0306394 0.024943 0.0196483 0.0148543 0.010676 0.00722136 0.00455138
 0.0101706 0.0160811 0.0233822 0.0317464 0.0407664 0.0498934 0.058358 0.0652776 0.0699501 0.0720939 0.0718456 0.0695829 0.0657525 0.0607865 0.0550738 0.0489452 0.0426657 0.0364371 0.0304097 0.024699 0.0194058 0.0146343 0.010495 0.00708653 0.00446046
 0.00993631 0.0157891 0.0231053 0.0316026 0.0408803 0.0503386 0.0591113 0.066215 0.0708898 0.0728601 0.0723218 0.0697345 0.0656193 0.0604559 0.054646 0.0485026 0.0422563 0.0360751 0.0300887 0.0244088 0.0191433 0.0144047 0.0103068 0.00694454 0.00436307
 0.00911504 0.0145924 0.0215659 0.0298524 0.0391294 0.0488293 0.0580688 0.065804 0.0711742 0.073776 0.0736832 0.0712854 0.0671138 0.0617253 0.0556244 0.0492087 0.0427513 0.0364236 0.030337 0.0245822 0.0192552 0.0144665 0.0103319 0.00694765 0.00435653
#obs surv len freq
 nan nan nan nan nan nan nan nan nan nan nan nan nan nan nan nan nan nan nan nan nan nan nan nan nan
 0.00448368 0.0073449 0.0111752 0.0159926 0.0216951 0.0279729 0.034289 0.0400215 0.0447012 0.0481641 0.0505203 0.052014 0.0529041 0.0534145 0.0537271 0.0539807 0.0542584 0.0545505 0.0546889 0.0542807 0.0527187 0.0493512 0.0438015 0.0362823 0.0276669
 0.00461539 0.00756001 0.0115005 0.0164527 0.0223067 0.0287354 0.0351757 0.0409766 0.0456471 0.0490162 0.0512028 0.0524715 0.0531072 0.0533609 0.0534376 0.0534915 0.0536123 0.0537901 0.0538531 0.0534064 0.0518446 0.0485201 0.0430578 0.0356637 0.027194
 0.00477616 0.00782432 0.0119037 0.0170294 0.0230836 0.0297203 0.0363455 0.0422725 0.0469812 0.050286 0.0523073 0.0533228 0.0536394 0.0535358 0.0532474 0.0529578 0.0527797 0.0527172 0.0526058 0.0520549 0.0504643 0.0471914 0.0418608 0.0346643 0.0264288
 0.00496453 0.00813237 0.0123709 0.0176939 0.0239758 0.0308514 0.0376954 0.0437844 0.048567 0.0518409 0.0537235 0.0544996 0.0544897 0.0539917 0.0532669 0.0525285 0.051921 0.0514786 0.0510625 0.0503039 0.0486207 0.0453824 0.0402121 0.0332785 0.0253637
 0.00518106 0.00848592 0.0129059 0.0184529 0.0249915 0.0321341 0.0392203 0.0454865 0.0503501 0.0535946 0.0553391 0.0558784 0.0555448 0.0546488 0.0534663 0.0522308 0.0511133 0.0501821 0.0493384 0.0482556 0.0463915 0.043144 0.0381402 0.03152 0.0240039
 0.00541816 0.00887336 0.0134927 0.0192861 0.0261071 0.0335434 0.040895 0.0473536 0.0523023 0.0555106 0.0571025 0.0573883 0.0567172 0.0554142 0.053767 0.0520199 0.0503599 0.0488813 0.0475264 0.0460233 0.0438905 0.0405752 0.0357228 0.0294438 0.0223857
 0.00566416 0.00927667 0.014106 0.0201606 0.027283 0.0350341 0.0426712 0.0493376 0.0543787 0.0575487 0.0589772 0.0589922 0.0579641 0.0562372 0.0541133 0.051847 0.0496344 0.0475871 0.0456808 0.0436995 0.0412332 0.0377964 0.0330681 0.027137 0.0205719
 0.00590479 0.00967339 0.0147134 0.0210334 0.0284653 0.036543 0.0444793 0.051367 0.0565116 0.0596495 0.060915 0.0606537 0.0592587 0.057096 0.0544857 0.0516949 0.0489286 0.0463105 0.0438431 0.0413611 0.0385271 0.0349317 0.0302999 0.0247074 0.0186457
 0.00615622 0.0100827 0.0153306 0.0219061 0.0296307 0.0380145 0.0462322 0.0533314 0.0585808 0.0616979 0.062817 0.0622967 0.0605492 0.0579617 0.0548736 0.0515669 0.0482576 0.0450812 0.0420632 0.0390835 0.0358738 0.0321012 0.027543 0.0222691 0.0166993
 0.00637274 0.0104426 0.0158868 0.0227124 0.0307306 0.0394237 0.0479218 0.0552234 0.0605614 0.0636418 0.0646076 0.0638363 0.061759 0.0587793 0.0552496 0.0514628 0.0476443 0.0439412 0.0404014 0.0369463 0.0333714 0.0294174 0.0249138 0.0199303 0.014822
 0.00661004 0.010828 0.0164665 0.0235298 0.031819 0.0407942 0.0495492 0.0570399 0.0624629 0.0655057 0.0663132 0.0652792 0.0628598 0.0594835 0.0555232 0.0512839 0.046997 0.0428157 0.0388038 0.0349181 0.0310116 0.0268922 0.0224396 0.0177259 0.0130481
 0.00683883 0.0112024 0.0170343 0.0243361 0.0328965 0.0421483 0.051144 0.0587947 0.0642661 0.0672376 0.0678656 0.0665653 0.0638144 0.0600612 0.0556955 0.0510353 0.0463206 0.0417116 0.0372847 0.0330248 0.0288329 0.0245754 0.0201765 0.0157112 0.0114262
 0.00706733 0.0115794 0.0176116 0.0251641 0.034013 0.0435606 0.0528116 0.0606247 0.0661273 0.0689885 0.069381 0.0677517 0.0646145 0.0604491 0.0556679 0.050602 0.0454961 0.040513 0.0357365 0.0311722 0.0267589 0.0224102 0.0180869 0.0138651 0.00994682
 0.00727169 0.011912 0.0181129 0.0258726 0.0349585 0.044753 0.0542281 0.062203 0.0677712 0.0705821 0.0708071 0.068907 0.065421 0.0608606 0.0556693 0.0502026 0.0447201 0.0393916 0.0343075 0.0294882 0.0249 0.0204921 0.0162521 0.0122543 0.00866133
 0.00745316 0.0122129 0.0185761 0.0265406 0.035863 0.0459 0.0555839 0.0636919 0.0692885 0.0720169 0.0720609 0.0699021 0.0661006 0.0611879 0.055627 0.0497928 0.0439623 0.0383186 0.0329639 0.0279329 0.0232133 0.018779 0.0146347 0.0108489 0.00754841
 0.00754274 0.0123623 0.0188086 0.0268823 0.0363398 0.0465316 0.0563757 0.0646278 0.0703284 0.0730997 0.073111 0.0708401 0.0668533 0.0616963 0.0558502 0.0497087 0.043567 0.0376263 0.0320067 0.0267634 0.0219061 0.0174299 0.0133511 0.0097298 0.00666114
 0.00758458 0.0124249 0.0188939 0.0269906 0.0364736 0.0466998 0.0565956 0.0649233 0.0707227 0.0736054 0.0737208 0.0715214 0.0675502 0.0623371 0.0563602 0.0500224 0.0436375 0.037431 0.0315504 0.0260786 0.0210535 0.0164934 0.0124261 0.00890497 0.00599808
 0.00766729 0.0125493 0.0190618 0.0271965 0.0367054 0.0469413 0.0568304 0.065139 0.0709165 0.0737878 0.0739143 0.0717508 0.0678285 0.0626545 0.0566809 0.0502909 0.0437922 0.0374196 0.0313431 0.0256766 0.0204913 0.015834 0.0117487 0.00828603 0.0054931
 0.00774069 0.0126666 0.0192341 0.0274306 0.0370007 0.0472853 0.0571959 0.0654868 0.0712059 0.0739902 0.0740238 0.0717859 0.0678237 0.0626457 0.05669 0.0503157 0.0438056 0.0373786 0.031205 0.0254161 0.0201118 0.0153699 0.0112558 0.00782491 0.00511063
 0.00777967 0.0127265 0.0193178 0.0275394 0.0371345 0.0474434 0.0573763 0.0656841 0.0714088 0.0741813 0.0741829 0.0718972 0.0678825 0.062661 0.0566803 0.0502987 0.0437866 0.0373456 0.0311324 0.0252772 0.0198941 0.0150839 0.010934 0.00751042 0.00484132
 0.0078407 0.0128163 0.0194355 0.0276781 0.037283 0.04759 0.0575117 0.0658029 0.0715093 0.074265 0.0742516 0.0719504 0.0679169 0.0626725 0.0566675 0.0502652 0.0437385 0.037285 0.0310535 0.0251678 0.0197434 0.0148922 0.0107169 0.00729392 0.00465185
 0.00784378 0.0128237 0.0194509 0.0277053 0.0373243 0.0476437 0.0575706 0.0658565 0.071549 0.0742881 0.0742643 0.0719635 0.06794 0.0627091 0.0567136 0.0503122 0.0437771 0.0373077 0.0310536 0.0251387 0.0196799 0.0147947 0.0105945 0.00716337 0.00453186
 0.00787332 0.012863 0.0194942 0.0277428 0.0373456 0.0476431 0.0575508 0.0658274 0.071522 0.0742711 0.0742588 0.0719678 0.0679526 0.0627303 0.0567446 0.0503519 0.0438206 0.0373472 0.0310799 0.0251437 0.0196583 0.0147463 0.010525 0.00708408 0.00445574
 0.00787249 0.0128628 0.0194955 0.0277458 0.037349 0.047642 0.0575376 0.0657944 0.0714669 0.0742006 0.0741879 0.0719135 0.0679278 0.0627394 0.0567842 0.050414 0.0438955 0.0374244 0.0311492 0.0251956 0.0196862 0.0147479 0.0105039 0.00704822 0.00441529
 0.00790337 0.0129051 0.0195445 0.0277927 0.0373834 0.0476564 0.0575299 0.0657678 0.0714262 0.0741496 0.0741291 0.071851 0.0678686 0.0626932 0.0567596 0.050415 0.04392 0.0374653 0.0311963 0.0252387 0.0197168 0.0147614 0.0105004 0.00703216 0.00439332
 0.00792762 0.012943 0.0195985 0.0278628 0.0374657 0.0477421 0.0576054 0.0658172 0.0714373 0.0741187 0.0740626 0.0717622 0.0677725 0.0626029 0.0566846 0.0503615 0.0438907 0.0374586 0.0312068 0.0252579 0.019736 0.0147739 0.0105031 0.00702617 0.00438217
 0.00792564 0.0129409 0.0195974 0.0278646 0.0374726 0.0477561 0.0576267 0.0658437 0.0714636 0.0741374 0.0740662 0.0717469 0.0677399 0.0625595 0.0566399 0.0503246 0.0438679 0.0374525 0.0312156 0.025277 0.0197586 0.0147937 0.0105161 0.00703145 0.0043814
 0.007886 0.0128774 0.0195041 0.0277375 0.0373123 0.0475697 0.0574303 0.0656606 0.0713192 0.0740515 0.0740473 0.0717904 0.0678315 0.0626811 0.0567752 0.0504622 0.0440017 0.0375797 0.0313345 0.0253848 0.0198518 0.014869 0.0105717 0.00706814 0.00440262
 0.00786938 0.0128424 0.0194368 0.027621 0.0371317 0.04732 0.0571233 0.0653261 0.0709991 0.0737891 0.073877 0.0717305 0.0678825 0.0628272 0.0569896 0.0507147 0.0442651 0.0378336 0.0315659 0.0255862 0.0200194 0.0150012 0.0106694 0.00713485 0.00444411
 0.00786514 0.0128352 0.0194247 0.0276003 0.0370957 0.0472583 0.0570232 0.0651771 0.0707999 0.0735533 0.0736341 0.0715188 0.0677382 0.0627733 0.0570306 0.0508373 0.0444447 0.0380417 0.0317773 0.025782 0.0201878 0.0151365 0.0107708 0.00720523 0.00448889
 0.00783134 0.0127828 0.0193507 0.0275041 0.036979 0.0471254 0.0568804 0.0650315 0.0706568 0.0734156 0.0735034 0.0714005 0.0676442 0.0627214 0.0570384 0.0509142 0.0445868 0.0382326 0.0319927 0.0259971 0.0203823 0.0152979 0.0108941 0.00729196 0.00454481
 0.00780901 0.0127413 0.0192791 0.02739 0.0368128 0.0469065 0.0566215 0.0647586 0.0704023 0.073208 0.07336 0.0713251 0.0676308 0.0627614 0.0571255 0.0510461 0.0447617 0.0384443 0.0322278 0.0262365 0.0206056 0.0154887 0.0110435 0.00739902 0.00461482
 0.00777943 0.0126921 0.0192027 0.0272783 0.0366581 0.0467042 0.0563734 0.0644756 0.0701059 0.0729279 0.0731288 0.0711704 0.0675687 0.0627927 0.0572389 0.0512238 0.0449855 0.0386981 0.0324965 0.0265039 0.0208546 0.0157039 0.0112149 0.00752393 0.00469781
 0.00774728 0.0126409 0.0191279 0.0271759 0.0365256 0.0465412 0.0561824 0.0642631 0.0698818 0.0727055 0.0729245 0.0710033 0.0674582 0.0627547 0.0572809 0.0513426 0.0451683 0.0389264 0.0327495 0.0267612 0.0210978 0.0159171 0.0113875 0.00765213 0.00478452
 0.00935188 0.0148861 0.0218355 0.0299563 0.0388913 0.0480878 0.0567317 0.0638889 0.068825 0.0712508 0.0713106 0.0693918 0.0659447 0.0613916 0.0560963 0.0503493 0.044367 0.038307 0.0322934 0.0264436 0.020891 0.0157934 0.011321 0.00762111 0.00477282
 0.00933408 0.0151547 0.0227642 0.0320083 0.0424176 0.0530544 0.0625473 0.0695011 0.0730947 0.0734015 0.0711838 0.0673878 0.0627445 0.0576659 0.05234 0.0468563 0.0412799 0.0356783 0.0301275 0.0247193 0.0195706 0.0148271 0.0106505 0.00718379 0.00450698
 0.00898856 0.0146122 0.0220054 0.0310855 0.0415082 0.0524966 0.062799 0.0709761 0.0759143 0.0772101 0.0751937 0.0706776 0.0646427 0.057983 0.0513376 0.0450303 0.0391278 0.0335641 0.028258 0.0231804 0.0183744 0.0139465 0.0100385 0.00678479 0.00426482
 0.00878865 0.0142781 0.0214869 0.0303343 0.0404972 0.0512544 0.0614524 0.0697772 0.0752176 0.0773738 0.0764208 0.0728688 0.0673656 0.0606133 0.053309 0.0460489 0.0392293 0.0330129 0.0273841 0.0222545 0.0175601 0.0133112 0.00958658 0.00648861 0.00408574
 0.00872759 0.0141697 0.0213059 0.0300486 0.0400722 0.0506619 0.060685 0.0688668 0.0742544 0.0765189 0.0758939 0.0728925 0.0680694 0.0619394 0.0549904 0.0476963 0.0404893 0.0337035 0.0275303 0.0220231 0.0171544 0.0128912 0.00924059 0.00624333 0.00393133
 0.00870393 0.0141275 0.0212345 0.0299344 0.0398985 0.0504114 0.0603427 0.0684244 0.0737167 0.0759142 0.0752872 0.0723928 0.0678161 0.062059 0.0555318 0.0485819 0.0415231 0.0346453 0.0281963 0.0223505 0.0171975 0.0127651 0.00905762 0.00607675 0.00381085
 0.00869147 0.0141091 0.0212101 0.0299037 0.0398599 0.0503592 0.0602661 0.0683078 0.0735429 0.0756704 0.0749735 0.072032 0.0674616 0.061793 0.0554448 0.0487351 0.0419092 0.0351771 0.0287377 0.0227761 0.0174438 0.0128423 0.00902361 0.00599723 0.00373217
 0.00869017 0.0141055 0.0212019 0.0298884 0.0398351 0.0503243 0.0602223 0.0682563 0.0734822 0.075594 0.0748701 0.0718913 0.0672838 0.061598 0.0552753 0.0486467 0.0419475 0.0353512 0.0290083 0.0230698 0.0176868 0.0129931 0.00908268 0.00599376 0.00370141
 0.00867051 0.0140783 0.0211698 0.0298561 0.0398083 0.0503063 0.0602124 0.0682504 0.0734745 0.075579 0.0748434 0.0718483 0.0672205 0.0615132 0.0551775 0.048557 0.0418965 0.0353662 0.0290968 0.0232117 0.0178426 0.013123 0.00916463 0.00602854 0.0037045
 0.0086729 0.0140783 0.0211628 0.0298365 0.0397716 0.0502528 0.060149 0.068189 0.0734273 0.0755527 0.0748365 0.0718528 0.0672252 0.061509 0.0551599 0.0485292 0.0418704 0.0353586 0.0291221 0.023273 0.0179279 0.0132108 0.00923513 0.00607243 0.00372408
 0.0086487 0.0140445 0.0211219 0.0297936 0.0397321 0.0502193 0.0601199 0.0681597 0.0733948 0.0755185 0.074807 0.0718355 0.0672241 0.0615218 0.0551798 0.0485494 0.041888 0.035377 0.0291486 0.0233133 0.0179816 0.0132703 0.00928935 0.0061129 0.00374842
 0.00864121 0.0140282 0.0210904 0.0297394 0.0396503 0.0501117 0.0599974 0.0680406 0.0732977 0.075456 0.0747819 0.0718431 0.067257 0.061573 0.0552434 0.0486194 0.0419588 0.0354449 0.0292127 0.0233752 0.0180422 0.0133279 0.00934005 0.00615244 0.00377505
 0.00864208 0.0140312 0.0210974 0.0297521 0.0396682 0.0501304 0.0600085 0.0680339 0.0732668 0.0754023 0.0747152 0.0717775 0.0672046 0.0615403 0.0552308 0.0486237 0.0419755 0.0354696 0.0292422 0.0234074 0.0180759 0.0133615 0.00937104 0.00617814 0.00379378
 0.00862389 0.0140015 0.0210528 0.0296902 0.0395891 0.0500383 0.0599118 0.0679443 0.0731948 0.0753535 0.0746898 0.0717723 0.0672167 0.061569 0.0552759 0.0486838 0.0420467 0.0355463 0.0293189 0.0234795 0.0181403 0.0134164 0.00941542 0.00621171 0.00381711
 0.00863031 0.0140131 0.0210721 0.0297195 0.0396291 0.0500862 0.0599606 0.0679842 0.0732163 0.0753516 0.0746647 0.071729 0.0671623 0.0615105 0.0552202 0.0486368 0.0420127 0.0355273 0.0293139 0.0234856 0.0181536 0.013433 0.00943227 0.0062265 0.00382856
 0.00863031 0.0140131 0.0210721 0.0297195 0.0396291 0.0500862 0.0599606 0.0679842 0.0732163 0.0753516 0.0746647 0.071729 0.0671623 0.0615105 0.0552202 0.0486368 0.0420127 0.0355273 0.0293139 0.0234856 0.0181536 0.013433 0.00943227 0.0062265 0.00382856
 0.00874592 0.0141956 0.0213358 0.030072 0.0400674 0.0505916 0.0604953 0.0684925 0.0736347 0.0756244 0.0747584 0.0716386 0.0669099 0.0611371 0.0547751 0.0481681 0.0415603 0.0351196 0.0289676 0.0232071 0.0179415 0.0132805 0.00932912 0.00616142 0.00379053
 0.00860866 0.0139926 0.0210686 0.0297574 0.0397355 0.0502813 0.0602482 0.0683469 0.0736169 0.0757399 0.0749875 0.0719401 0.0672329 0.0614353 0.0550178 0.0483437 0.0416739 0.0351858 0.0290036 0.0232273 0.0179552 0.0132922 0.00933993 0.00617095 0.00379811
 0.00862993 0.014009 0.0210605 0.0296979 0.0396004 0.0500638 0.0599698 0.0680557 0.073373 0.0755941 0.0749655 0.0720378 0.0674218 0.061673 0.0552604 0.0485562 0.0418361 0.0352938 0.0290656 0.0232573 0.0179671 0.0132962 0.00934189 0.00617292 0.00380029
 0.00881102 0.0142971 0.0214796 0.0302592 0.0402918 0.0508389 0.0607433 0.068716 0.0738146 0.0757546 0.0748463 0.0716962 0.0669418 0.0611346 0.0547203 0.0480447 0.041365 0.0348662 0.0286842 0.0229271 0.0176938 0.013083 0.00918668 0.00606841 0.00373562
 0.00893345 0.0145114 0.0218293 0.030791 0.0410411 0.0518069 0.0618769 0.0699031 0.0749033 0.0765897 0.0753093 0.0717339 0.0665758 0.0604491 0.0538336 0.0470762 0.04041 0.0339872 0.0279145 0.0222807 0.0171735 0.0126841 0.00889826 0.00587371 0.00361405
 0.00897673 0.0145869 0.0219537 0.0309862 0.0413333 0.0522225 0.0624338 0.0705993 0.0757047 0.0774241 0.0760718 0.0723078 0.0668642 0.0604043 0.0534706 0.0464652 0.0396519 0.0331845 0.0271498 0.0216077 0.0166189 0.0122543 0.00858559 0.00566148 0.0034807
#pred catch len freq
 0.00480669 0.00755401 0.0109166 0.0147703 0.0190348 0.0236646 0.0285761 0.0336007 0.0385131 0.0430913 0.0471551 0.0505787 0.0532985 0.0553141 0.056678 0.0574802 0.057835 0.057853 0.0575711 0.0568388 0.0552314 0.0521164 0.0469449 0.0396572 0.0309194
 0.00494832 0.00771778 0.0110438 0.0147747 0.0188376 0.0232428 0.0279939 0.0329958 0.0380383 0.0428453 0.0471462 0.0507403 0.0535411 0.0555792 0.0569637 0.0578295 0.0582944 0.0584242 0.0581817 0.0573529 0.055502 0.0520555 0.0465693 0.0390816 0.0303002
 0.00525118 0.00817252 0.0116533 0.0155046 0.0196107 0.0239427 0.0284823 0.0331512 0.0378094 0.0422899 0.0464204 0.0500337 0.0529952 0.0552439 0.0568133 0.0578138 0.0583783 0.0585881 0.058392 0.0575373 0.0555599 0.0519035 0.046191 0.0385431 0.0297185
 0.00549004 0.00855617 0.0122216 0.01629 0.0206289 0.0251771 0.029864 0.0345472 0.0390338 0.0431464 0.046766 0.0498364 0.0523517 0.0543392 0.0558443 0.0569209 0.0576222 0.0579656 0.0578622 0.0570386 0.0550229 0.0512741 0.0454609 0.0377627 0.0289771
 0.00576242 0.00897793 0.0128194 0.0170807 0.0216248 0.0263893 0.0312966 0.0361784 0.0407911 0.0448891 0.0482919 0.0509234 0.0528252 0.0541372 0.0550422 0.0556982 0.0561885 0.0564892 0.056434 0.0556774 0.0537081 0.0499858 0.0442103 0.0366013 0.0279775
 0.00609625 0.0094911 0.0135378 0.0180119 0.0227626 0.0277204 0.0328032 0.0378353 0.0425599 0.0467091 0.0500667 0.0525098 0.05404 0.0547928 0.0550059 0.0549452 0.0548159 0.0546785 0.0543849 0.0535522 0.0516142 0.0479934 0.0423827 0.035008 0.0266823
 0.00642477 0.0100009 0.0142607 0.0189637 0.0239446 0.029121 0.0343958 0.0395754 0.044386 0.0485486 0.0518408 0.0541305 0.0554013 0.055765 0.0554454 0.0547288 0.0538872 0.0530807 0.0522573 0.0510922 0.0490296 0.0454712 0.0400784 0.0330416 0.0251287
 0.00678162 0.0105522 0.0150377 0.0199801 0.0251991 0.0306018 0.0360787 0.0414175 0.046322 0.0504929 0.053696 0.0557973 0.0567844 0.0567719 0.0559807 0.0546937 0.0531958 0.051694 0.0502177 0.0485374 0.0461754 0.0425709 0.0373756 0.0307287 0.023317
 0.00718279 0.0111697 0.0159038 0.0211047 0.026574 0.032206 0.0378784 0.0433619 0.0483402 0.0524972 0.0555881 0.0574766 0.0581549 0.057747 0.0564827 0.0546501 0.0525391 0.0503753 0.0482366 0.0459754 0.0432119 0.0394653 0.0344156 0.028163 0.0212998
 0.00758101 0.0117876 0.0167797 0.022257 0.0280026 0.033893 0.0397853 0.0454241 0.0504685 0.0545858 0.0575268 0.059161 0.0594927 0.0586615 0.0569108 0.0545381 0.0518387 0.0490486 0.046276 0.0434362 0.040241 0.0363027 0.0313541 0.0254764 0.0191707
 0.0079932 0.0124194 0.0176606 0.0233935 0.0293842 0.0355007 0.0415918 0.0473869 0.0525206 0.0566339 0.0594577 0.060855 0.0608398 0.0595729 0.0573229 0.0544069 0.0511326 0.0477458 0.0443765 0.0409883 0.0373715 0.033228 0.0283514 0.0228179 0.017048
 0.00841092 0.0130593 0.0185516 0.0245384 0.030764 0.037082 0.0433292 0.0492223 0.0543843 0.0584489 0.0611443 0.062332 0.0620255 0.0603886 0.0576991 0.0542886 0.0504808 0.0465385 0.042616 0.0387205 0.0347102 0.0303667 0.0255429 0.0203165 0.0150389
 0.00887211 0.0137682 0.0195427 0.0258185 0.0323153 0.0388663 0.0452877 0.0512722 0.0564207 0.0603565 0.0628133 0.0636724 0.0629731 0.0609036 0.0577588 0.0538785 0.0495891 0.0451586 0.040757 0.0364275 0.0320876 0.0275896 0.0228394 0.0179175 0.0131138
 0.00918218 0.0142575 0.0202522 0.0267782 0.033541 0.0403544 0.0470063 0.0531541 0.0583657 0.0622433 0.0645157 0.0650752 0.0639861 0.0614691 0.0578517 0.0534978 0.0487464 0.0438703 0.0390481 0.0343471 0.0297305 0.0251087 0.0204323 0.0157843 0.0114017
 0.00945119 0.0146784 0.0208564 0.0275876 0.0345689 0.0416054 0.0484701 0.0547959 0.060119 0.0640093 0.0661725 0.0664944 0.0650524 0.0620984 0.0579994 0.053157 0.0479377 0.0426303 0.0374248 0.0324061 0.027569 0.0228651 0.0182775 0.0138876 0.00988584
 0.00970971 0.0150759 0.0214132 0.0283099 0.0354529 0.0426412 0.0496426 0.056081 0.0614787 0.0653891 0.0675009 0.0676855 0.0660134 0.0627412 0.0582546 0.0529844 0.0473299 0.04161 0.0360397 0.0307278 0.0256971 0.0209295 0.0164282 0.0122677 0.00859604
 0.00983325 0.0152789 0.0217228 0.0287534 0.036053 0.0434085 0.0505681 0.0571323 0.0626044 0.0665285 0.0685917 0.0686675 0.0668282 0.0633318 0.058567 0.0529735 0.0469669 0.0408902 0.0349874 0.0293997 0.0241825 0.0193465 0.0149098 0.010937 0.00753742
 0.00987256 0.0153353 0.0217957 0.028842 0.0361627 0.0435583 0.0507926 0.057474 0.0630967 0.0671775 0.0693681 0.0695111 0.0676626 0.0640783 0.0591541 0.0533396 0.0470637 0.0406871 0.0344798 0.0286163 0.0231891 0.0182416 0.0138094 0.00995026 0.00674137
 0.0099636 0.0154641 0.0219537 0.0290087 0.0363111 0.0436651 0.0508484 0.0574905 0.0631082 0.0672347 0.0695236 0.0698001 0.0680855 0.0645956 0.0596949 0.0538187 0.0473996 0.0408155 0.0343635 0.0282528 0.022615 0.0175293 0.0130536 0.00924562 0.00615874
 0.0101833 0.0157871 0.0223757 0.029502 0.0368306 0.0441591 0.0512684 0.0577978 0.063279 0.067267 0.0694423 0.0696543 0.0679356 0.0644931 0.0596629 0.0538432 0.0474335 0.0407958 0.0342318 0.0279746 0.0221914 0.0169988 0.0124816 0.00870468 0.00570648
