SBPRF35
10.5277
Curr Bio
627947
B35
781790
F35
0.185277
FOFL
0.151381
OFL
79015.8
Bzero
3.00791e+006
#pred survey bio
 3.97209e+006 3.81608e+006 3.66471e+006 3.47757e+006 3.24985e+006 2.97022e+006 2.7035e+006 2.417e+006 2.14631e+006 1.90959e+006 1.69601e+006 1.4848e+006 1.32751e+006 1.18865e+006 1.0568e+006 946436 841860 736494 688671 656997 631724 606214 587872 583145 583657 572300 563813 565530 557093 544915 546423 548341 550395 546732 541072 528345 516954 508949 508806 507294 510245 520390 529167 535444 546522 557288 561488 564666 564842 578707 591775 607871 654842 626647 640438 635528 633121 2.27743e+007 1.40054e+007 1.45489e+007 1.5521e+007 1.67451e+007 1.80164e+007 1.91957e+007 2.02127e+007 2.10475e+007 2.17094e+007 2.2222e+007 2.26125e+007 2.2907e+007 2.31276e+007 2.32924e+007 2.34156e+007 2.35077e+007 2.35769e+007 2.36291e+007 2.36686e+007 2.36987e+007 2.37217e+007 2.37394e+007 2.37531e+007 2.37637e+007 2.3772e+007 2.37785e+007 2.37836e+007 2.37876e+007 2.37907e+007 2.37932e+007 2.37952e+007 2.37967e+007 2.3798e+007 2.3799e+007 2.37998e+007 2.38004e+007 2.38009e+007 2.38013e+007 2.38017e+007 2.38019e+007 2.38021e+007 2.38023e+007 2.38024e+007 2.38025e+007 2.38026e+007 2.38027e+007 2.38027e+007 2.38028e+007 2.38028e+007 2.38029e+007 2.38029e+007 2.38029e+007 2.38029e+007 2.38029e+007 2.38029e+007 2.38029e+007 2.38029e+007 2.38029e+007 2.3803e+007 2.3803e+007 2.3803e+007 2.3803e+007 2.3803e+007 2.3803e+007 2.3803e+007 2.3803e+007 2.3803e+007 2.3803e+007 2.3803e+007 2.3803e+007 2.3803e+007 2.3803e+007 2.3803e+007 2.3803e+007 2.3803e+007 2.3803e+007 2.3803e+007 2.3803e+007 2.3803e+007 2.3803e+007 2.3803e+007 2.3803e+007 2.3803e+007 2.3803e+007 2.3803e+007 2.3803e+007 2.3803e+007 2.3803e+007 2.3803e+007 2.3803e+007 2.3803e+007 2.3803e+007 2.3803e+007 2.3803e+007 2.3803e+007 2.3803e+007 2.3803e+007 2.3803e+007 2.3803e+007 0 0 0 0 0 0 0 0 0 0 0 0 0 0 0 0 0 0 0 0 0 0 0 0 0
#obs survey bio
 3.46287e+006 3.32281e+006 4.40353e+006 2.99651e+006 4.37072e+006 1.98018e+006 2.19307e+006 1.71392e+006 2.5848e+006 1.63683e+006 1.56168e+006 1.41739e+006 1.03685e+006 956630 922365 1.19595e+006 874510 575227 476463 684638 551298 735899 377225 472542 739009 457097 513775 524234 509606 469463 382274 472395 397912 407788 591161 488719 465929 561159 491067 413314 541780 468363 457006 520582 740205 589462 809000 675929 430724 651458 556189 949072 582367 727598 516075 547994 597003
#pred catch bio
 99787.8 98633.1 138456 187878 252539 261134 300497 306441 293235 286603 295298 255679 245917 243795 226195 218599 212833 157779 140911 132774 130338 122094 109738 104999 113521 109002 99204.6 106738 108319 96019.5 95566.9 94611.5 97351.1 95401.1 97082.8 93791.4 92359.4 88421.4 91290.7 88223.6 83065 85415.8 88551 85570 86842.7 92532.7 92899.9 95280.6 85043.9 88385.2 88340.7 65451.8 129930 94430.8 112564 111063 93446.4 79015.8 97466.5 100220 105776 113597 121943 129649 136183 141416 145440 148442 150629 152195 153300 154072 154606 154972 155223 155394 155509 155587 155640 155675 155699 155715 155725 155732 155737 155740 155743 155744 155745 155745 155746 155746 155746 155746 155747 155747 155747 155747 155747 155747 155747 155747 155747 155747 155747 155747 155747 155747 155747 155747 155747 155747 155747 155747 155747 155747 155747 155747 155747 155747 155747 155747 155747 155747 155747 155747 155747 155747 155747 155747 155747 155747 155747 155747 155747 155747 155747 155747 155747 155747 155747 155747 155747 155747 155747 155747 155747 155747 155747 155747 155747 155747 155747 155747 155747 155747 155747 0 0 0 0 0 0 0 0 0 0 0 0 0 0 0 0 0 0 0 0 0 0 0 0 0
#obs catch bio
 0 98428.1 138683 188389 253584 262195 303155 310063 296528 290062 298622 258670 249132 247438 230623 223232 217135 159573 143117 134080 131814 123176 111191 106600 114660 110070 99960.7 107516 109409 96780.2 97095.3 95774.6 98851.1 96658.8 97276 93875.2 92676.8 88256.2 90842.5 87909.6 82589.7 85123.6 88469 85390.8 86656.4 92437.2 92127.1 94358.6 84427.2 87967.9 88554.2 64747.6 130499 93791.2 112194 110750 93302.9
#pred cpue bio
 3.91369e+006 3.76022e+006 3.61116e+006 3.42503e+006 3.19804e+006 2.91949e+006 2.65364e+006 2.36841e+006 2.09919e+006 1.864e+006 1.65202e+006 1.44267e+006 1.28655e+006 1.14882e+006 1.0183e+006 909490 807310 704919 658533 627902 603494 578785 560936 556264 556948 546286 538268 540095 532025 520229 521677 523678 526059 523121 518523 506889 495446 486437 485515 484014 487047 496974 505458 511464 522186 532737 537039 540334 540436 553563 565865 581346 627256 599862 612712 607424 605013 2.18061e+007 1.34371e+007 1.38783e+007 1.47198e+007 1.58922e+007 1.71499e+007 1.83262e+007 1.93426e+007 2.01772e+007 2.08392e+007 2.13518e+007 2.17423e+007 2.20367e+007 2.22573e+007 2.24222e+007 2.25453e+007 2.26375e+007 2.27067e+007 2.27588e+007 2.27983e+007 2.28284e+007 2.28515e+007 2.28692e+007 2.28828e+007 2.28935e+007 2.29018e+007 2.29082e+007 2.29133e+007 2.29173e+007 2.29205e+007 2.29229e+007 2.29249e+007 2.29265e+007 2.29277e+007 2.29287e+007 2.29295e+007 2.29302e+007 2.29307e+007 2.29311e+007 2.29314e+007 2.29317e+007 2.29319e+007 2.2932e+007 2.29322e+007 2.29323e+007 2.29324e+007 2.29324e+007 2.29325e+007 2.29325e+007 2.29326e+007 2.29326e+007 2.29326e+007 2.29326e+007 2.29327e+007 2.29327e+007 2.29327e+007 2.29327e+007 2.29327e+007 2.29327e+007 2.29327e+007 2.29327e+007 2.29327e+007 2.29327e+007 2.29327e+007 2.29327e+007 2.29327e+007 2.29327e+007 2.29327e+007 2.29327e+007 2.29327e+007 2.29327e+007 2.29327e+007 2.29327e+007 2.29327e+007 2.29327e+007 2.29327e+007 2.29327e+007 2.29327e+007 2.29327e+007 2.29327e+007 2.29327e+007 2.29327e+007 2.29327e+007 2.29327e+007 2.29327e+007 2.29327e+007 2.29327e+007 2.29327e+007 2.29327e+007 2.29327e+007 2.29327e+007 2.29327e+007 2.29327e+007 2.29327e+007 2.29327e+007 2.29327e+007 2.29327e+007 2.29327e+007 2.29327e+007 2.29327e+007 0 0 0 0 0 0 0 0 0 0 0 0 0 0 0 0 0 0 0 0 0 0 0 0 0
#obs cpue bio
 3.08474e+006 3.4687e+006 2.35951e+006 3.23444e+006 3.07176e+006 2.82391e+006 2.40873e+006 2.27787e+006 1.59229e+006 1.82186e+006 2.1182e+006 1.02836e+006 1.35928e+006 1.17454e+006 677917 543868 748327 801992 591929 704926 560966 465804 486163 445893 640714 568386 501846 619875 447745 495644 362010 627618 512248 638461 1.03355e+006 555112 460466 613794 707599 564759 556136 508666 520671 558363 402373 506807 689980 620216 590688 480994 399676 602059 591400 583686 872477 722163 516190
#pred surv len freq
 0.00518617 0.00834213 0.0124102 0.0173274 0.0229583 0.0290326 0.0351074 0.0406581 0.0452698 0.048777 0.0512517 0.0528913 0.0539129 0.0544977 0.0547721 0.054805 0.0546184 0.0541939 0.053449 0.0521775 0.0500068 0.0464638 0.0412021 0.0342967 0.0263919
 0.00536087 0.00854527 0.0125712 0.0173433 0.0227367 0.0285513 0.034451 0.0399982 0.0447889 0.0485805 0.0513232 0.0531164 0.0541502 0.0546529 0.0548363 0.0548465 0.0547372 0.0544616 0.0538625 0.0526504 0.050406 0.0466739 0.0411801 0.034086 0.0260896
 0.00560207 0.00892448 0.0131119 0.0180431 0.0235507 0.0293792 0.0351435 0.0403982 0.0448011 0.0482281 0.0507458 0.0524986 0.0536285 0.0542651 0.0545417 0.0545898 0.0545008 0.0542705 0.0537474 0.0526046 0.050373 0.0465769 0.0409703 0.0337728 0.0257318
 0.00579985 0.00924817 0.0136031 0.0187415 0.0244846 0.0305478 0.0364953 0.0418157 0.0461078 0.0492271 0.0512807 0.0525127 0.0531859 0.0535152 0.0536483 0.0536704 0.0536113 0.0534289 0.0529603 0.0518738 0.0496881 0.0459167 0.0403211 0.0331472 0.0251685
 0.00603677 0.00962173 0.0141449 0.0194762 0.02543 0.0317121 0.0378688 0.0433592 0.0477409 0.0508224 0.0526711 0.0535184 0.0536617 0.0534001 0.052988 0.0525956 0.0522843 0.0519911 0.051508 0.0504617 0.0483458 0.0446649 0.0391836 0.0321558 0.0243568
 0.00634887 0.0101144 0.0148589 0.02044 0.0266554 0.0331887 0.0395573 0.0451895 0.0496203 0.0526469 0.0543311 0.0548955 0.0546272 0.0538303 0.0527975 0.0517729 0.0509047 0.0501965 0.0494654 0.0483256 0.0462415 0.0426921 0.0374246 0.0306766 0.023198
 0.00661854 0.0105487 0.0155052 0.0213401 0.0278388 0.0346612 0.0412884 0.0471071 0.0516194 0.0546083 0.0561386 0.0564438 0.055819 0.0545707 0.0529955 0.0513574 0.0498521 0.0485538 0.0473529 0.0459163 0.0437294 0.0402633 0.0352377 0.0288474 0.0217862
 0.00690774 0.0110123 0.0161913 0.0222908 0.0290845 0.0362109 0.0431172 0.0491487 0.0537698 0.0567407 0.0581212 0.0581537 0.0571506 0.0554369 0.0533238 0.0510874 0.0489426 0.0470027 0.0452209 0.0433396 0.0409106 0.0374406 0.0326416 0.0266568 0.020097
 0.0071952 0.0114707 0.0168653 0.0232175 0.0302896 0.0377009 0.0448693 0.0511045 0.0558392 0.0588136 0.0600803 0.0598844 0.0585468 0.0564053 0.0537855 0.0509781 0.0482144 0.0456344 0.0432388 0.040841 0.0380747 0.0345119 0.0298842 0.0242939 0.0182604
 0.0074905 0.0119352 0.017536 0.0241202 0.0314371 0.0390897 0.0464737 0.0528723 0.0576949 0.0606679 0.0618401 0.0614589 0.0598497 0.0573549 0.0543055 0.0509985 0.0476753 0.0444964 0.041502 0.0385702 0.0354182 0.0316966 0.0271762 0.0219347 0.0164053
 0.00780909 0.0124371 0.0182613 0.0250957 0.0326716 0.0405688 0.0481526 0.0546742 0.0595216 0.0624179 0.0634247 0.0628083 0.0609097 0.05808 0.0546513 0.0509173 0.0471172 0.0434183 0.0398873 0.0364568 0.0329229 0.0290187 0.0245665 0.0196337 0.0145777
 0.00821612 0.0130754 0.019178 0.0263185 0.0342039 0.0423831 0.0501816 0.0568087 0.0616228 0.0643424 0.0650501 0.0640489 0.06172 0.0584473 0.0545818 0.0504201 0.0461925 0.0420569 0.0380857 0.0342454 0.0303959 0.0263467 0.0219748 0.0173473 0.0127563
 0.00855874 0.0136116 0.0199467 0.0273428 0.035489 0.0439125 0.0519103 0.0586595 0.0634911 0.0661103 0.0666031 0.0652893 0.0625759 0.0588768 0.0545719 0.0499782 0.0453345 0.0407982 0.0364441 0.0322584 0.0281461 0.0239766 0.0196748 0.0153119 0.0111277
 0.00886838 0.0141052 0.0206707 0.0283326 0.0367614 0.0454542 0.0536673 0.0605347 0.0653586 0.0678399 0.0680819 0.0664319 0.0633252 0.0592009 0.054461 0.0494414 0.0443941 0.0394845 0.0347945 0.0303261 0.0260154 0.0217754 0.0175658 0.0134589 0.00964998
 0.00903428 0.0143967 0.0211494 0.0290688 0.0378172 0.0468575 0.0553865 0.0624708 0.0673611 0.0697392 0.0697216 0.0676916 0.0641298 0.0595205 0.0543021 0.0488351 0.0433846 0.038122 0.0331344 0.0284353 0.0239837 0.0197221 0.015632 0.0117809 0.00832287
 0.00898891 0.0143579 0.0211579 0.0291895 0.0381298 0.0474375 0.0562828 0.063688 0.0688494 0.0713944 0.0713971 0.0692221 0.0653632 0.0603446 0.054659 0.0487178 0.0428243 0.0371729 0.0318641 0.0269235 0.0223265 0.0180344 0.0140402 0.010401 0.00723304
 0.00902885 0.0144194 0.0212458 0.0293114 0.0383016 0.0476887 0.0566574 0.0642354 0.0696068 0.0723646 0.0725342 0.0704308 0.0665145 0.061302 0.0553057 0.0489778 0.0426704 0.0366234 0.0309728 0.02577 0.02101 0.0166686 0.0127423 0.00927389 0.00634353
 0.00939137 0.0149564 0.0219562 0.0301591 0.0392245 0.0486164 0.0575265 0.0649995 0.0702421 0.0728732 0.0729389 0.0707601 0.0667822 0.0614925 0.0553742 0.0488644 0.042322 0.0360127 0.0301091 0.0247 0.0198121 0.0154418 0.0115901 0.00828423 0.00557033
 0.00948224 0.0150974 0.0221549 0.0304153 0.0395278 0.0489445 0.0578459 0.0652734 0.0704443 0.073003 0.0730257 0.0708537 0.0669303 0.0617174 0.055658 0.0491504 0.04253 0.0360639 0.0299506 0.0243214 0.0192491 0.0147665 0.0108923 0.00764798 0.00505406
 0.00956229 0.0152122 0.0222996 0.0305766 0.0396886 0.0490907 0.0579711 0.0653774 0.0705283 0.0730662 0.0730678 0.0708811 0.0669613 0.0617777 0.055768 0.0493088 0.0427054 0.0362005 0.0299867 0.0242137 0.0189902 0.0143891 0.0104575 0.00722406 0.00469495
 0.00963655 0.0153259 0.022457 0.0307753 0.0399182 0.0493327 0.0582002 0.0655657 0.0706532 0.0731181 0.0730528 0.0708176 0.0668725 0.0616876 0.0556977 0.0492724 0.0427034 0.0362144 0.0299815 0.0241505 0.018844 0.014162 0.0101789 0.0069383 0.00444348
 0.00978463 0.0155477 0.0227553 0.0311398 0.0403281 0.0497607 0.0586156 0.0659351 0.0709428 0.0732979 0.0731042 0.070739 0.0666814 0.0614167 0.055387 0.0489605 0.0424188 0.0359692 0.0297701 0.0239537 0.0186407 0.013941 0.00994633 0.00671383 0.00424987
 0.00991749 0.0157494 0.023032 0.0314865 0.040729 0.0501912 0.0590435 0.066324 0.0712567 0.0735087 0.0731964 0.0707101 0.0665402 0.061181 0.0550829 0.0486193 0.0420724 0.0356437 0.0294794 0.0236986 0.0184126 0.0137308 0.00975108 0.00653879 0.00410426
 0.00975453 0.0155238 0.0227651 0.0312226 0.0405231 0.0500887 0.0590643 0.0664586 0.0714754 0.0737745 0.0734747 0.0709735 0.0667683 0.0613596 0.055204 0.0486822 0.0420843 0.0356169 0.0294277 0.0236322 0.0183368 0.0136476 0.00966311 0.00645191 0.00402642
 0.00961719 0.0152999 0.0224297 0.0307591 0.039935 0.0494135 0.0583801 0.0658729 0.0710932 0.0736614 0.0736351 0.0713565 0.067293 0.0619428 0.0557782 0.0492018 0.0425238 0.0359675 0.029692 0.0238196 0.0184589 0.0137164 0.0096908 0.00645129 0.00401027
 0.00968175 0.0153888 0.0225323 0.0308527 0.0399872 0.0493892 0.0582526 0.0656349 0.0707672 0.0733013 0.0733147 0.0711448 0.0672287 0.0620225 0.0559634 0.0494386 0.0427627 0.0361743 0.0298504 0.0239269 0.0185211 0.013743 0.00969238 0.00643798 0.00399079
 0.00971851 0.0154465 0.0226148 0.03096 0.0401128 0.0495175 0.058357 0.0656816 0.0707244 0.0731531 0.0730727 0.0708504 0.0669431 0.061806 0.0558543 0.0494416 0.0428523 0.0363096 0.0299917 0.0240468 0.018607 0.0137945 0.00971587 0.0064426 0.00398528
 0.00968304 0.0153875 0.022524 0.0308305 0.0399422 0.049312 0.0581334 0.0654641 0.0705365 0.0730082 0.072971 0.0707843 0.0669077 0.0618069 0.0559065 0.0495595 0.0430379 0.0365469 0.0302503 0.0242931 0.0188151 0.0139516 0.00982205 0.0065065 0.00401902
 0.00971905 0.0154463 0.0226123 0.0309525 0.0400967 0.0494882 0.0583094 0.0656104 0.0706247 0.0730208 0.0729058 0.0706523 0.0667271 0.0615989 0.0556945 0.0493689 0.0428922 0.0364606 0.0302237 0.0243125 0.0188589 0.0139995 0.00986096 0.00653175 0.00403209
 0.00984287 0.0156297 0.022855 0.0312431 0.0404161 0.0498154 0.0586245 0.0658939 0.0708544 0.0731718 0.0729553 0.0705867 0.0665481 0.0613254 0.0553584 0.0490082 0.0425444 0.0361566 0.0299832 0.024141 0.0187489 0.0139357 0.00982649 0.00651328 0.00402147
 0.00971199 0.0154455 0.0226306 0.031008 0.0402072 0.0496635 0.0585442 0.065883 0.0709018 0.0732658 0.0730862 0.0707436 0.0667153 0.0614825 0.0554867 0.0490975 0.0425964 0.0361831 0.0299994 0.0241596 0.0187756 0.0139687 0.00986011 0.00654182 0.00404195
 0.00952284 0.0151592 0.0222407 0.0305261 0.0396642 0.0491077 0.0580372 0.0654903 0.0706774 0.0732354 0.0732398 0.0710425 0.0671074 0.0619166 0.0559201 0.0494985 0.0429448 0.0364708 0.0302291 0.0243402 0.0189175 0.0140798 0.00994513 0.0066035 0.00408329
 0.00925115 0.0147503 0.0216869 0.029843 0.038888 0.048289 0.0572371 0.0647783 0.0701259 0.0729079 0.0731761 0.0712473 0.067548 0.0625315 0.0566334 0.0502365 0.0436477 0.0370982 0.03076 0.0247698 0.0192516 0.01433 0.0101247 0.00672587 0.00416143
 0.00889905 0.0142226 0.0209765 0.0289746 0.0379127 0.0472739 0.0562569 0.0639102 0.0694421 0.0724668 0.0730132 0.0713719 0.0679441 0.0631596 0.0574342 0.0511367 0.0445707 0.0379757 0.0315412 0.0254254 0.0197725 0.0147223 0.0104043 0.00691349 0.00427906
 0.00887192 0.014133 0.0207596 0.0285479 0.0372037 0.0462608 0.0549999 0.0625501 0.0681618 0.0714353 0.072344 0.0711099 0.068077 0.0636375 0.0581852 0.052077 0.0456108 0.0390283 0.0325298 0.0262927 0.0204854 0.0152716 0.0108006 0.00718031 0.00444588
 0.00967134 0.0152654 0.0221511 0.0300158 0.038497 0.0471328 0.0552763 0.0621663 0.0671701 0.0699902 0.0706698 0.0694512 0.0666432 0.0625626 0.0575167 0.051791 0.0456381 0.0392781 0.0329084 0.0267159 0.0208881 0.0156125 0.0110619 0.00736309 0.00456277
 0.0102797 0.0162381 0.0235754 0.0319373 0.0408811 0.0498205 0.0579617 0.0644346 0.0686078 0.0703246 0.0698626 0.0676985 0.0642931 0.060002 0.0550763 0.0496922 0.0439841 0.0380749 0.0320986 0.0262128 0.020601 0.0154635 0.0109923 0.00733444 0.00455276
 0.0101424 0.0161165 0.0235817 0.0322417 0.0416709 0.0512289 0.0599954 0.066934 0.071258 0.0727152 0.0715832 0.0684486 0.0639694 0.0587252 0.0531416 0.0474677 0.0418047 0.0361729 0.0305856 0.0251 0.0198369 0.01497 0.0106913 0.00716054 0.0044577
 0.00987349 0.0157032 0.0230107 0.0315353 0.0409037 0.0505417 0.0595906 0.0670348 0.0720274 0.0741655 0.0735291 0.0705378 0.0657881 0.0599312 0.0535683 0.047157 0.0409626 0.0350762 0.0294864 0.0241654 0.0191368 0.0144988 0.0104029 0.00699876 0.00437409
 0.00981893 0.0155982 0.0228231 0.0312264 0.0404412 0.0499199 0.0588545 0.0662936 0.0714476 0.0739362 0.073801 0.0713553 0.0670442 0.0613787 0.0548957 0.0480983 0.0413872 0.0350158 0.0290924 0.0236296 0.0186179 0.0140871 0.0101222 0.00683058 0.00428447
 0.00986034 0.0156477 0.0228635 0.0312274 0.0403631 0.0497228 0.05851 0.0657986 0.0708375 0.0732948 0.0732574 0.0710582 0.0671126 0.0618471 0.055681 0.0490165 0.0422195 0.035593 0.0293518 0.0236169 0.0184422 0.0138616 0.00992391 0.00669086 0.00420151
 0.00987116 0.0156601 0.0228718 0.0312212 0.0403269 0.0496373 0.0583544 0.0655545 0.0704958 0.0728652 0.0727783 0.070601 0.0667746 0.0617259 0.0558372 0.049439 0.0428165 0.0362219 0.0298756 0.023956 0.018593 0.0138761 0.0098712 0.00662508 0.00415016
 0.00985481 0.0156404 0.0228545 0.0312148 0.0403388 0.0496681 0.0583933 0.0655791 0.0704771 0.0727762 0.0726037 0.0703469 0.0664745 0.0614399 0.055639 0.0493908 0.0429408 0.0364857 0.0302013 0.0242558 0.0188057 0.013986 0.00990021 0.0066102 0.00412266
 0.00983072 0.0156066 0.0228139 0.0311742 0.0403081 0.0496579 0.0584118 0.0656282 0.070549 0.0728518 0.0726553 0.070346 0.0664033 0.0613024 0.0554655 0.0492309 0.0428456 0.0364853 0.0302906 0.024397 0.018949 0.0140932 0.00995818 0.00662772 0.00411777
 0.00971176 0.0154291 0.0225766 0.0308874 0.0399921 0.0493395 0.058121 0.0653959 0.0704023 0.0728077 0.0727143 0.0704896 0.0665984 0.061511 0.0556577 0.0493956 0.0429918 0.0366333 0.0304562 0.0245796 0.019131 0.0142507 0.0100741 0.00669939 0.00415421
 0.00954838 0.0151828 0.0222425 0.0304749 0.0395236 0.0488472 0.0576442 0.0649779 0.0700854 0.0726255 0.0726842 0.0706093 0.0668462 0.0618507 0.0560458 0.0497911 0.0433655 0.0369721 0.0307597 0.0248512 0.0193699 0.0144504 0.0102276 0.0068052 0.00421855
 0.00951695 0.0151235 0.0221384 0.0303068 0.0392762 0.0485182 0.0572519 0.0645612 0.0696949 0.0723095 0.0724783 0.0705313 0.0668968 0.0620159 0.0563002 0.050102 0.0436991 0.0372996 0.031062 0.0251185 0.0195981 0.0146372 0.0103718 0.0069076 0.00428429
 0.00966469 0.0153281 0.0223801 0.0305431 0.0394515 0.0485811 0.0571706 0.0643319 0.0693418 0.0718794 0.0720311 0.0701281 0.0665872 0.0618292 0.0562421 0.0501577 0.0438403 0.0374929 0.0312757 0.0253277 0.0197862 0.0147949 0.010495 0.00699665 0.00434305
 0.0098923 0.0156734 0.0228516 0.0311275 0.0401114 0.0492552 0.0577774 0.0647804 0.0695526 0.0718098 0.0716914 0.0695791 0.0659212 0.0611435 0.0556177 0.0496466 0.0434629 0.0372435 0.0311321 0.0252611 0.019769 0.0148047 0.0105159 0.00701866 0.00436098
 0.00992619 0.0157338 0.0229521 0.0312834 0.0403352 0.0495491 0.0581259 0.0651474 0.0698849 0.072048 0.0717851 0.0695021 0.0656809 0.0607811 0.0551969 0.0492351 0.0431151 0.0369894 0.030976 0.0251882 0.0197548 0.0148239 0.0105482 0.00705085 0.00438649
 0.00978741 0.0155438 0.0227327 0.0310779 0.040198 0.0495281 0.0582459 0.0654033 0.0702445 0.0724596 0.072186 0.0698293 0.0658836 0.0608331 0.0551044 0.0490348 0.0428622 0.03674 0.0307717 0.0250482 0.0196775 0.0147947 0.0105481 0.00706358 0.00440137
 0.00964577 0.0153207 0.0224121 0.0306557 0.0396891 0.048974 0.0577179 0.0649919 0.070034 0.072498 0.0724662 0.0702914 0.0664362 0.0613811 0.0555722 0.0493812 0.0430827 0.0368596 0.0308296 0.0250816 0.0197103 0.014835 0.0105929 0.00710566 0.00443507
 0.00943562 0.014972 0.0218759 0.0298859 0.0386577 0.0476936 0.0562625 0.0635014 0.0686935 0.0714959 0.0719486 0.0703263 0.066999 0.0623637 0.0568143 0.050712 0.0443594 0.0379895 0.0317722 0.0258361 0.0202965 0.0152783 0.0109168 0.00733116 0.00458211
 0.00994275 0.0157434 0.0229341 0.0312061 0.040162 0.0492508 0.0576943 0.0646056 0.0692912 0.0714891 0.0713581 0.0692867 0.0657122 0.0610353 0.0555998 0.0496914 0.0435431 0.0373453 0.0312576 0.0254192 0.0199619 0.0150207 0.0107316 0.00720887 0.00450877
 0.00986313 0.0156528 0.0228694 0.0312254 0.0403288 0.0496072 0.0582364 0.0652733 0.0699772 0.0720652 0.0717087 0.0693431 0.065475 0.060575 0.0550314 0.0491333 0.0430796 0.0370095 0.031039 0.025285 0.0198789 0.0149665 0.0106952 0.0071855 0.0044954
 0.00969856 0.0154299 0.0226182 0.0310056 0.0402189 0.0496833 0.0585497 0.0658336 0.0707443 0.0729484 0.0725777 0.0700538 0.0659064 0.0606649 0.0547948 0.0486535 0.0424766 0.0363994 0.0305027 0.0248589 0.0195639 0.0147451 0.0105458 0.00708914 0.00443688
 0.00912721 0.0146009 0.0215575 0.029807 0.0390243 0.0486479 0.0578103 0.0654902 0.0708499 0.0734991 0.0735053 0.0712301 0.0671643 0.0618336 0.0557388 0.0493024 0.0428338 0.0365271 0.0304892 0.0247858 0.0194853 0.0146854 0.0105085 0.00706895 0.00442709
#obs surv len freq
 nan nan nan nan nan nan nan nan nan nan nan nan nan nan nan nan nan nan nan nan nan nan nan nan nan
 0.00448124 0.00734108 0.0111698 0.0159854 0.0216862 0.0279625 0.0342777 0.0400103 0.0446911 0.048156 0.0505148 0.0520115 0.0529045 0.0534174 0.0537322 0.0539874 0.0542662 0.0545592 0.054698 0.05429 0.0527279 0.0493599 0.0438092 0.0362887 0.0276718
 0.00461226 0.00755522 0.0114938 0.0164442 0.0222964 0.0287238 0.0351632 0.040964 0.0456351 0.0490056 0.0511945 0.0524661 0.053105 0.053362 0.0534418 0.0534985 0.0536216 0.0538011 0.0538652 0.053419 0.0518573 0.0485321 0.0430686 0.0356726 0.0272009
 0.00477983 0.00782907 0.0119086 0.0170329 0.023084 0.0297164 0.0363372 0.0422608 0.0469677 0.0502724 0.0522949 0.0533125 0.0536315 0.0535306 0.0532452 0.0529587 0.0527834 0.0527235 0.0526141 0.0520645 0.0504744 0.0472014 0.0418698 0.0346719 0.0264346
 0.00497203 0.00814445 0.0123887 0.0177183 0.0240064 0.0308863 0.0377311 0.0438157 0.0485892 0.051851 0.0537211 0.0544869 0.0544699 0.0539683 0.0532425 0.0525049 0.0518993 0.0514592 0.0510455 0.050289 0.0486077 0.0453711 0.0402025 0.0332709 0.025358
 0.0051866 0.00849453 0.0129181 0.0184691 0.0250118 0.0321585 0.0392481 0.0455163 0.0503793 0.0536198 0.0553566 0.0558854 0.0555404 0.0546343 0.0534446 0.0522053 0.0510869 0.0501569 0.0493154 0.0482352 0.0463738 0.0431288 0.0381277 0.0315101 0.0239966
 0.00541108 0.00886415 0.013483 0.019279 0.0261059 0.0335506 0.0409111 0.0473771 0.0523305 0.0555402 0.0571306 0.057412 0.0567339 0.0554221 0.0537653 0.0520096 0.0503433 0.0488614 0.0475058 0.046004 0.0438734 0.0405609 0.0357112 0.0294349 0.0223792
 0.00566034 0.00926927 0.0140929 0.0201396 0.027253 0.0349968 0.0426316 0.0493034 0.0543578 0.0575457 0.0589921 0.0590208 0.058 0.0562738 0.0541456 0.0518718 0.0496509 0.0475961 0.0456846 0.0437006 0.0412337 0.0377972 0.0330696 0.0271389 0.0205737
 0.00589875 0.00966314 0.0146971 0.0210089 0.0284306 0.0364966 0.0444216 0.0513012 0.0564441 0.0595894 0.0608717 0.0606344 0.0592658 0.0571266 0.0545327 0.0517497 0.0489837 0.0463612 0.0438875 0.0413993 0.0385604 0.0349607 0.0303251 0.0247282 0.0186617
 0.00612566 0.0100362 0.0152667 0.0218255 0.0295359 0.0379094 0.0461216 0.0532212 0.0584775 0.0616087 0.062749 0.0622565 0.0605419 0.0579894 0.0549342 0.0516539 0.0483614 0.0451919 0.0421729 0.0391869 0.0359679 0.0321843 0.0276135 0.0223259 0.016742
 0.00637873 0.0104478 0.0158863 0.0226993 0.0306981 0.0393684 0.0478461 0.0551352 0.060471 0.0635584 0.0645371 0.0637813 0.0617216 0.0587619 0.055255 0.0514923 0.0476963 0.0440107 0.0404809 0.0370283 0.0334498 0.0294876 0.0249732 0.0199776 0.014857
 0.00661572 0.0108367 0.0164782 0.0235434 0.0318314 0.0407998 0.0495405 0.0570094 0.0624069 0.0654272 0.0662216 0.0651878 0.0627809 0.0594258 0.055491 0.0512782 0.0470167 0.0428578 0.0388631 0.0349876 0.0310838 0.0269605 0.0224991 0.0177736 0.0130834
 0.0068547 0.0112286 0.0170741 0.0243924 0.0329706 0.042238 0.0512422 0.058889 0.0643407 0.0672774 0.067861 0.0665152 0.0637269 0.0599514 0.0555806 0.0509306 0.0462363 0.0416526 0.0372507 0.0330121 0.0288355 0.0245867 0.0201909 0.0157249 0.0114371
 0.00707502 0.0115936 0.017636 0.0252033 0.0340713 0.0436401 0.0529105 0.0607363 0.0662405 0.0690891 0.0694543 0.0677856 0.0646019 0.0603912 0.0555739 0.0504869 0.0453771 0.0404046 0.035648 0.031107 0.0267155 0.022384 0.0180726 0.0138581 0.00994358
 0.00727602 0.011922 0.0181334 0.02591 0.0350191 0.0448407 0.054342 0.0623367 0.0679131 0.0707181 0.0709224 0.0689882 0.0654577 0.0608472 0.0556068 0.050099 0.0445893 0.0392504 0.0341719 0.0293697 0.0248046 0.0204204 0.0162014 0.0122203 0.00863971
 0.00740834 0.0121419 0.0184733 0.0264036 0.035695 0.0457121 0.0553969 0.0635336 0.069187 0.0719918 0.0721163 0.0700264 0.0662705 0.0613748 0.0558045 0.0499415 0.0440727 0.0383914 0.0330071 0.0279576 0.0232294 0.0187929 0.0146487 0.0108625 0.00756009
 0.00752903 0.0123345 0.018757 0.0267948 0.0362058 0.0463474 0.0561497 0.064382 0.0700949 0.072913 0.073 0.0708211 0.0669266 0.0618461 0.0560495 0.0499264 0.0437751 0.037806 0.0321501 0.0268717 0.021986 0.0174892 0.0133956 0.00976312 0.00668521
 0.00757861 0.0124147 0.0188772 0.0269639 0.0364316 0.0466352 0.0565008 0.0647932 0.0705593 0.0734215 0.07354 0.0713735 0.0674625 0.0623262 0.0564269 0.0501519 0.0438048 0.0376086 0.0317157 0.0262183 0.0211632 0.0165753 0.0124851 0.00894627 0.00602595
 0.00764446 0.0125139 0.0190118 0.0271312 0.0366256 0.0468492 0.0567293 0.0650326 0.070808 0.0736794 0.073809 0.0716545 0.0677529 0.0626148 0.0566909 0.0503571 0.0439093 0.0375718 0.0315086 0.025835 0.020628 0.0159425 0.0118289 0.0083418 0.00552962
 0.00773403 0.0126514 0.0192032 0.0273754 0.0369137 0.0471643 0.0570474 0.0653257 0.0710509 0.0738581 0.0739246 0.071722 0.067793 0.062646 0.0567213 0.0503805 0.0439051 0.037509 0.0313556 0.0255717 0.0202567 0.0154925 0.0113506 0.00789242 0.005155
 0.00776935 0.012711 0.0192968 0.0275123 0.0370998 0.0473978 0.0573145 0.0656015 0.071305 0.0740631 0.0740639 0.0717935 0.0678077 0.0626225 0.0566792 0.0503324 0.0438516 0.0374374 0.0312446 0.0254003 0.0200162 0.0151936 0.0110234 0.00757656 0.00488582
 0.00782277 0.0127898 0.0194007 0.0276368 0.0372387 0.0475462 0.057471 0.065766 0.0714744 0.0742281 0.0742089 0.0719011 0.0678653 0.0626273 0.0566387 0.0502604 0.043761 0.0373341 0.0311247 0.0252538 0.0198349 0.0149795 0.0107918 0.00735179 0.00469214
 0.00784599 0.0128238 0.0194446 0.0276871 0.0372894 0.0475907 0.0575039 0.0657856 0.0714848 0.0742389 0.0742322 0.0719452 0.0679296 0.0627018 0.0567089 0.0503135 0.04379 0.0373366 0.0310997 0.0251991 0.0197485 0.0148636 0.0106562 0.00721295 0.00456754
 0.00788359 0.0128797 0.0195189 0.0277759 0.0373856 0.047685 0.0575863 0.0658464 0.071517 0.0742406 0.0742085 0.0719075 0.0678919 0.0626752 0.0566975 0.0503134 0.0437922 0.0373313 0.031079 0.0251583 0.0196859 0.0147815 0.0105616 0.00711647 0.00448073
 0.00789274 0.0128947 0.0195415 0.0278076 0.0374262 0.0477322 0.0576348 0.0658889 0.0715458 0.074251 0.0742002 0.0718848 0.0678627 0.0626487 0.0566813 0.050311 0.0438015 0.0373455 0.031089 0.0251557 0.0196656 0.0147432 0.0105097 0.007059 0.00442643
 0.00788857 0.0128844 0.0195199 0.0277683 0.0373645 0.0476484 0.0575363 0.0657898 0.0714623 0.0741956 0.0741783 0.0718948 0.0678988 0.0627044 0.0567509 0.0503904 0.0438865 0.0374306 0.0311668 0.0252184 0.0197073 0.0147616 0.0105074 0.00704232 0.00440343
 0.00790604 0.0129071 0.0195432 0.0277839 0.0373621 0.0476187 0.0574744 0.0656975 0.0713491 0.074077 0.0740727 0.0718188 0.0678624 0.0627092 0.0567913 0.0504569 0.0439687 0.0375188 0.0312525 0.0252938 0.019766 0.0148003 0.0105264 0.00704577 0.00439735
 0.00789303 0.0128894 0.0195226 0.0277636 0.0373444 0.0476026 0.0574548 0.065666 0.0712981 0.0740048 0.0739859 0.0717314 0.0677916 0.0626695 0.0567904 0.0504939 0.044036 0.0376049 0.031345 0.0253816 0.0198406 0.0148566 0.0105632 0.00706544 0.00440467
 0.00790297 0.0128984 0.0195232 0.0277455 0.0372982 0.0475254 0.0573533 0.0655553 0.0711955 0.073922 0.0739261 0.0716916 0.0677681 0.0626623 0.0568033 0.0505311 0.0440985 0.0376883 0.0314405 0.0254783 0.0199282 0.0149279 0.0106149 0.0070985 0.00442282
 0.00786646 0.0128414 0.0194416 0.0276365 0.0371603 0.0473588 0.0571616 0.0653478 0.0709889 0.0737392 0.0737913 0.0716232 0.0677728 0.0627341 0.0569277 0.0506915 0.0442799 0.0378788 0.0316293 0.025655 0.0200834 0.0150544 0.0107099 0.00716338 0.00446285
 0.00785564 0.01282 0.0194028 0.0275717 0.0370623 0.0472248 0.0569964 0.0651635 0.0708018 0.0735657 0.073646 0.0715186 0.0677194 0.0627387 0.056991 0.0508064 0.0444335 0.038055 0.0318124 0.0258313 0.0202415 0.0151863 0.0108114 0.00723504 0.00450875
 0.00783557 0.0127886 0.0193574 0.0275102 0.0369826 0.0471249 0.0568751 0.0650223 0.0706464 0.0734073 0.0734993 0.0713995 0.0676416 0.0627115 0.0570182 0.0508862 0.0445585 0.0382129 0.0319878 0.0260079 0.0204049 0.0153257 0.010921 0.00731394 0.00456051
 0.00778527 0.0127067 0.0192344 0.0273385 0.0367591 0.0468552 0.0565761 0.0647209 0.0703738 0.0731902 0.0733546 0.0713336 0.0676528 0.0627938 0.0571628 0.0510827 0.0447941 0.0384728 0.0322554 0.0262661 0.0206381 0.0155219 0.0110742 0.0074241 0.00463302
 0.00777856 0.0126894 0.0191966 0.0272668 0.0366401 0.0466805 0.0563473 0.0644523 0.0700899 0.0729213 0.0731301 0.0711763 0.0675762 0.0628004 0.0572465 0.0512313 0.0449928 0.0387051 0.0325038 0.0265127 0.0208662 0.0157182 0.0112302 0.00753821 0.00470927
 0.00774656 0.0126409 0.0191298 0.0271813 0.0365355 0.0465549 0.0561972 0.0642748 0.0698872 0.0727035 0.0729167 0.0709926 0.067447 0.0627442 0.0572712 0.0513334 0.0451598 0.038919 0.0327439 0.0267583 0.021098 0.0159207 0.0113935 0.00765909 0.00479098
 0.00934061 0.0148711 0.0218191 0.0299429 0.0388861 0.048095 0.0567527 0.0639214 0.0688637 0.0712887 0.0713408 0.0694099 0.0659493 0.0613846 0.0560812 0.0503298 0.0443462 0.0382871 0.0322757 0.0264295 0.020881 0.0157877 0.0113191 0.0076218 0.00477479
 0.00930222 0.0151042 0.0226911 0.0319108 0.0422976 0.0529195 0.0624113 0.0693827 0.0730123 0.0733674 0.0712003 0.0674472 0.0628329 0.0577685 0.0524444 0.0469543 0.0413674 0.0357538 0.030191 0.0247716 0.0196126 0.01486 0.0106755 0.00720189 0.00451936
 0.00899621 0.0146186 0.0220041 0.0310669 0.0414624 0.0524176 0.0626885 0.0708451 0.0757805 0.0770936 0.075112 0.0706415 0.0646541 0.0580356 0.0514189 0.0451263 0.0392261 0.0336559 0.0283383 0.0232474 0.0184281 0.0139879 0.010069 0.00680617 0.0042789
 0.00879175 0.0142854 0.0215015 0.0303593 0.0405331 0.0512965 0.0614893 0.0697934 0.0751998 0.0773174 0.0763336 0.0727685 0.0672736 0.0605468 0.0532765 0.0460496 0.0392554 0.0330538 0.0274299 0.022298 0.0175974 0.0133408 0.00960858 0.00650402 0.00409585
 0.00872936 0.0141717 0.0213072 0.0300486 0.0400709 0.0506608 0.060687 0.068874 0.0742659 0.0765289 0.0758935 0.0728745 0.0680328 0.0618914 0.0549435 0.0476628 0.0404761 0.0337107 0.0275526 0.022053 0.017185 0.0129182 0.00926177 0.00625849 0.0039413
 0.00870996 0.0141392 0.0212557 0.029969 0.0399493 0.0504777 0.0604191 0.0685011 0.0737826 0.0759604 0.0753082 0.0723863 0.0677825 0.0620011 0.0554563 0.0484991 0.0414449 0.0345815 0.0281518 0.0223246 0.0171859 0.0127623 0.009059 0.00607937 0.00381325
 0.00867971 0.0140901 0.0211821 0.029866 0.0398137 0.0503092 0.0602204 0.0682762 0.0735338 0.075687 0.0750119 0.0720831 0.0675145 0.061838 0.0554759 0.0487506 0.041912 0.0351729 0.0287327 0.0227749 0.0174478 0.0128502 0.00903288 0.0060057 0.00373863
 0.00868413 0.0140962 0.021189 0.0298715 0.0398143 0.0502996 0.0601943 0.0682268 0.073455 0.0755744 0.0748635 0.0719009 0.0673087 0.0616329 0.0553125 0.0486789 0.0419702 0.035364 0.0290137 0.0230717 0.0176887 0.0129966 0.00908757 0.00599897 0.00370588
 0.00867841 0.0140899 0.0211848 0.0298736 0.0398265 0.0503231 0.0602258 0.0682584 0.0734755 0.0755724 0.07483 0.0718311 0.0672033 0.0615 0.0551698 0.0485539 0.0418952 0.0353637 0.0290918 0.0232049 0.0178357 0.0131178 0.00916175 0.00602772 0.00370491
 0.00865723 0.0140543 0.0211295 0.029794 0.0397214 0.0501977 0.060093 0.0681372 0.0733851 0.0755248 0.0748256 0.0718591 0.0672473 0.0615439 0.0552042 0.0485793 0.041922 0.0354076 0.0291651 0.0233078 0.0179542 0.0132298 0.00924842 0.00608153 0.00373012
 0.00866242 0.0140623 0.0211406 0.0298075 0.0397347 0.0502062 0.0600906 0.0681181 0.0733474 0.0754725 0.0747682 0.0718075 0.0672085 0.061519 0.0551885 0.0485677 0.041913 0.0354054 0.029177 0.023339 0.0180028 0.0132863 0.00930074 0.00612053 0.00375328
 0.00864471 0.0140375 0.0211104 0.0297761 0.0397074 0.0501874 0.0600817 0.0681174 0.0733502 0.0754731 0.0747623 0.0717945 0.0671916 0.0615031 0.0551784 0.0485651 0.0419173 0.0354158 0.0291942 0.0233644 0.0180365 0.0133252 0.00933876 0.00615188 0.00377487
 0.00862683 0.0140086 0.0210678 0.029718 0.0396346 0.0501044 0.0599979 0.0680451 0.0733009 0.0754534 0.0747713 0.0718248 0.0672332 0.0615478 0.0552216 0.0486058 0.0419564 0.0354544 0.029233 0.0234038 0.0180762 0.0133639 0.00937391 0.00618065 0.0037956
 0.0086344 0.0140171 0.0210733 0.0297147 0.0396159 0.0500657 0.059939 0.0679712 0.0732221 0.0753818 0.0747182 0.0717972 0.0672326 0.0615695 0.055258 0.0486488 0.0420004 0.0354967 0.0292729 0.0234415 0.0181119 0.0133969 0.00940294 0.00620425 0.00381293
 0.00863187 0.0140149 0.0210733 0.0297191 0.0396257 0.050079 0.05995 0.0679716 0.0732045 0.0753441 0.074665 0.0717392 0.0671818 0.0615357 0.0552452 0.0486554 0.0420211 0.0355252 0.0293042 0.0234727 0.0181413 0.0134236 0.00942603 0.00622293 0.00382675
 0.00863187 0.0140149 0.0210733 0.0297191 0.0396257 0.050079 0.05995 0.0679716 0.0732045 0.0753441 0.074665 0.0717392 0.0671818 0.0615357 0.0552452 0.0486554 0.0420211 0.0355252 0.0293042 0.0234727 0.0181413 0.0134236 0.00942603 0.00622293 0.00382675
 0.00854265 0.013875 0.0208732 0.0294552 0.0393036 0.049716 0.0595769 0.0676295 0.0729359 0.0751801 0.0746184 0.0718038 0.067339 0.0617613 0.0555149 0.0489471 0.0423149 0.0358043 0.0295557 0.0236881 0.0183168 0.0135594 0.00952566 0.00629168 0.00387101
 0.00827436 0.0134432 0.0202336 0.0285756 0.0381772 0.0483799 0.0581259 0.0662128 0.0717278 0.0743361 0.0742362 0.0719062 0.0678791 0.0626433 0.0566193 0.0501546 0.0435231 0.0369356 0.0305581 0.0245326 0.0189935 0.0140735 0.00989404 0.00653897 0.00402536
 0.00877509 0.0142061 0.0212827 0.0298886 0.03968 0.0499449 0.059578 0.0673517 0.072374 0.0743873 0.0737027 0.0709053 0.0665934 0.0612652 0.0553063 0.0490072 0.0425846 0.036206 0.0300126 0.0241373 0.0187152 0.0138839 0.00976979 0.00646163 0.00398018
 0.00866108 0.0140913 0.0212385 0.0300207 0.0400944 0.0506967 0.0606289 0.0685642 0.0735478 0.0753189 0.0742412 0.0709848 0.0662391 0.0605771 0.0544269 0.0480823 0.0417306 0.0354925 0.029463 0.0237415 0.0184457 0.013709 0.00966151 0.00639777 0.00394457
 0.00870981 0.0141441 0.0212739 0.0300144 0.0400413 0.050636 0.0606516 0.0687854 0.0740478 0.0760848 0.0751481 0.0718359 0.0668405 0.060808 0.0542716 0.0476178 0.0410857 0.0348006 0.0288272 0.02322 0.0180552 0.0134384 0.00948629 0.00629142 0.00388412
 0.00880708 0.0143066 0.0215238 0.0303681 0.0404979 0.051166 0.0611955 0.0692725 0.0744297 0.0763619 0.075363 0.0720325 0.0670198 0.0609145 0.0542232 0.0473563 0.0406124 0.0341778 0.0281506 0.0225822 0.0175194 0.0130306 0.00920241 0.00610947 0.00377651
#pred catch len freq
 0.00449564 0.00709601 0.0103167 0.0140663 0.0182897 0.0229519 0.0279674 0.0331592 0.0382896 0.0431207 0.0474546 0.0511508 0.054137 0.0564069 0.058002 0.0589853 0.0594229 0.059362 0.058781 0.057511 0.0551833 0.0513037 0.0455067 0.0378849 0.0291548
 0.00465595 0.00729132 0.0104936 0.0141448 0.0181966 0.0226677 0.0275549 0.0327472 0.0380127 0.0430504 0.0475648 0.0513393 0.0542852 0.0564438 0.0579374 0.0589023 0.0594321 0.0595403 0.0591233 0.0579219 0.0555175 0.0514368 0.045395 0.0375797 0.0287654
 0.00489351 0.00765674 0.011 0.0147779 0.0189042 0.0233551 0.0280948 0.033017 0.0379501 0.0426956 0.047051 0.0508265 0.0538795 0.0561586 0.0577203 0.0586983 0.0592325 0.0593813 0.059044 0.0579166 0.0555239 0.0513692 0.0451982 0.0372627 0.0283925
 0.00511275 0.00800426 0.0115071 0.015469 0.0197929 0.0244344 0.0293209 0.0342927 0.0391247 0.0435926 0.0475246 0.0508203 0.0534518 0.0554505 0.0568864 0.0578474 0.0584139 0.0586098 0.0583262 0.0572544 0.0549045 0.0507659 0.0445915 0.0366625 0.0278392
 0.00538928 0.00843095 0.0121083 0.0162567 0.0207712 0.0256038 0.0306755 0.0358073 0.0407368 0.0451884 0.0489392 0.0518653 0.0539671 0.0553615 0.0562318 0.056759 0.0570597 0.0571381 0.0568382 0.0558077 0.053529 0.0494814 0.0434207 0.0356375 0.0269956
 0.00571652 0.00893757 0.0128244 0.0171957 0.0219324 0.026975 0.0322322 0.0375096 0.042527 0.0469891 0.0506495 0.0533552 0.0550815 0.0559448 0.0561711 0.0560256 0.0557255 0.0553523 0.05478 0.0536432 0.0513918 0.047475 0.0416289 0.0341272 0.0258089
 0.00603831 0.00944078 0.0135456 0.0181586 0.0231475 0.028439 0.0339225 0.0393781 0.044499 0.0489698 0.0525323 0.0550276 0.0564264 0.0568404 0.0564986 0.0556914 0.0546928 0.0536668 0.0525718 0.0511018 0.0487296 0.0448949 0.0393027 0.0321795 0.0243042
 0.00637026 0.00995931 0.014288 0.0191495 0.0244002 0.0299556 0.0356885 0.0413535 0.0466127 0.051121 0.0545993 0.0568802 0.0579384 0.0578972 0.0569992 0.0555504 0.0538506 0.0521123 0.0503674 0.048396 0.045745 0.0418926 0.0365344 0.0298401 0.0224984
 0.00669182 0.0104604 0.0150032 0.0201004 0.0255979 0.0314018 0.0373723 0.0432435 0.0486513 0.0532239 0.056659 0.0587738 0.059538 0.0590808 0.0576588 0.0555958 0.0532143 0.0507613 0.0483256 0.0457689 0.0427297 0.0387588 0.0335729 0.0272969 0.0205189
 0.00703345 0.0109869 0.0157431 0.0210648 0.0267844 0.0328003 0.0389647 0.0449987 0.0505202 0.055138 0.0585329 0.0605097 0.061031 0.0602249 0.0583521 0.0557454 0.0527421 0.0496157 0.0465025 0.0433386 0.0398568 0.0356958 0.0306162 0.0247155 0.0184864
 0.00743308 0.0116016 0.0166039 0.0221793 0.02814 0.034369 0.0407037 0.0468481 0.0524048 0.056974 0.0602371 0.0620046 0.0622461 0.0610947 0.058813 0.0557332 0.0521934 0.0484778 0.0447548 0.0410229 0.0371043 0.0327305 0.0277195 0.0221577 0.0164531
 0.00785826 0.0122573 0.0175251 0.0233776 0.0296056 0.0360742 0.0426009 0.0488646 0.0544425 0.0589187 0.0619737 0.0634329 0.0632917 0.0617119 0.0589778 0.0554306 0.051406 0.0471847 0.0429466 0.0387314 0.0344343 0.0298726 0.0249261 0.0196811 0.0144739
 0.00826534 0.0128819 0.0183971 0.0245028 0.0309708 0.0376532 0.0443548 0.0507363 0.0563524 0.0607671 0.0636497 0.0648274 0.0643119 0.0622927 0.0590861 0.0550592 0.0505618 0.0458785 0.0411952 0.036576 0.031968 0.0272569 0.0223767 0.0174184 0.0126599
 0.00866751 0.0135047 0.019277 0.0256542 0.0323863 0.0393043 0.0461887 0.0526733 0.0582899 0.0625918 0.0652513 0.066109 0.0651963 0.0627266 0.0590425 0.0545362 0.0495769 0.044462 0.0393878 0.0344377 0.0295952 0.0247953 0.0200114 0.0153364 0.0109973
 0.00889407 0.013878 0.0198486 0.0264762 0.0335023 0.0407335 0.0479083 0.0546082 0.0603183 0.064564 0.0670139 0.0675274 0.0661712 0.0632012 0.0590011 0.053995 0.0485728 0.0430441 0.0376155 0.0323864 0.0273671 0.0225268 0.0178643 0.0134667 0.00951502
 0.00892372 0.0139481 0.0199965 0.0267562 0.0339792 0.0414701 0.048947 0.0559543 0.0619267 0.0663351 0.0688019 0.0691626 0.0674917 0.0640832 0.0593749 0.0538457 0.0479286 0.041961 0.0361674 0.0306623 0.0254761 0.0206003 0.0160466 0.0118906 0.00827007
 0.00905151 0.0141403 0.0202586 0.027088 0.0343825 0.0419575 0.0495462 0.0567009 0.0628484 0.0674307 0.0700262 0.0704238 0.0686629 0.0650265 0.0599701 0.054013 0.0476394 0.0412363 0.0350672 0.0292761 0.023916 0.018995 0.0145292 0.0105775 0.0072363
 0.00930598 0.014513 0.0207438 0.0276545 0.0349841 0.0425503 0.0501028 0.0572163 0.0633377 0.0679214 0.070546 0.0709846 0.0692463 0.065577 0.0604025 0.0542325 0.0475671 0.0408301 0.0343324 0.028265 0.0227195 0.0177289 0.0133153 0.00952043 0.00640262
 0.00937066 0.014613 0.020884 0.0278343 0.0351958 0.0427781 0.0503246 0.0574101 0.0634917 0.0680452 0.070673 0.0711615 0.0695128 0.0659441 0.0608387 0.0546653 0.0479005 0.0409715 0.0342205 0.027888 0.0221189 0.0169886 0.0125398 0.00880785 0.00582159
 0.00944672 0.0147218 0.0210207 0.0279858 0.0353456 0.0429135 0.0504406 0.0575078 0.0635738 0.0681119 0.0707246 0.0712057 0.0695692 0.0660401 0.0609946 0.0548767 0.0481293 0.0411522 0.0342817 0.0277799 0.0218332 0.0165634 0.0120459 0.0083243 0.00541102
