SBPRF35
8.53048
Curr Bio
600655
B35
605408
F35
0.204123
FOFL
0.204123
OFL
102739
Bzero
2.43728e+006
#pred survey bio
 4.02621e+006 3.9672e+006 3.53661e+006 3.15685e+006 2.93859e+006 2.68121e+006 2.46451e+006 2.26644e+006 2.03744e+006 1.77679e+006 1.53774e+006 1.33085e+006 1.11547e+006 990404 899156 827793 754922 713108 678694 623797 567043 543144 526889 520763 507886 504944 521858 530578 528081 529363 517307 498345 509693 545560 568545 581682 608339 595008 565630 562395 587192 617765 601514 609452 598576 579843 561967 602348 616165 604840 593206 585974 615968 637204 628559 608367 609384 1.4936e+007 1.39613e+007 1.4417e+007 1.50833e+007 1.58358e+007 1.65652e+007 1.72082e+007 1.77402e+007 1.81618e+007 1.84861e+007 1.87308e+007 1.89132e+007 1.90482e+007 1.91478e+007 1.92213e+007 1.92756e+007 1.9316e+007 1.93461e+007 1.93686e+007 1.93856e+007 1.93985e+007 1.94083e+007 1.94157e+007 1.94214e+007 1.94258e+007 1.94292e+007 1.94318e+007 1.94338e+007 1.94354e+007 1.94366e+007 1.94376e+007 1.94383e+007 1.94389e+007 1.94393e+007 1.94397e+007 1.944e+007 1.94402e+007 1.94403e+007 1.94405e+007 1.94406e+007 1.94406e+007 1.94407e+007 1.94408e+007 1.94408e+007 1.94408e+007 1.94409e+007 1.94409e+007 1.94409e+007 1.94409e+007 1.94409e+007 1.94409e+007 1.94409e+007 1.94409e+007 1.94409e+007 1.94409e+007 1.94409e+007 1.94409e+007 1.94409e+007 1.94409e+007 1.94409e+007 1.94409e+007 1.94409e+007 1.94409e+007 1.94409e+007 1.94409e+007 1.94409e+007 1.94409e+007 1.94409e+007 1.94409e+007 1.94409e+007 1.94409e+007 1.94409e+007 1.94409e+007 1.94409e+007 1.94409e+007 1.94409e+007 1.94409e+007 1.94409e+007 1.94409e+007 1.94409e+007 1.94409e+007 1.94409e+007 1.94409e+007 1.94409e+007 1.94409e+007 1.94409e+007 1.94409e+007 1.94409e+007 1.94409e+007 1.94409e+007 1.94409e+007 1.94409e+007 1.94409e+007 1.94409e+007 1.94409e+007 1.94409e+007 1.94409e+007 1.94409e+007 1.94409e+007 1.94409e+007 0 0 0 0 0 0 0 0 0 0 0 0 0 0 0 0 0 0 0 0 0 0 0 0 0
#obs survey bio
 3.03823e+006 4.56761e+006 2.76839e+006 3.58242e+006 3.59798e+006 3.04937e+006 2.69219e+006 2.58018e+006 1.75914e+006 1.86638e+006 1.88677e+006 1.37448e+006 911850 759278 727481 736028 658532 866015 566445 698317 466866 638944 588428 648924 621677 439812 401880 629591 412634 709662 617672 484989 513845 708598 763764 470920 740889 563972 639795 399460 551209 810060 427297 745759 425282 549119 505243 824471 521442 595041 487984 594978 664681 801180 562893 391146 527458
#pred catch bio
 105360 105511 151822 208595 275157 274540 293943 311388 312939 312651 263291 288042 246501 246982 228240 214837 181325 153938 155268 134932 126141 124844 114903 115517 106161 105665 114826 101627 99198.5 98774.3 87036.2 97791.8 93987.3 94442.4 95791.1 86608.2 90942.6 86899.5 84544.3 90148.8 84304.5 80971.1 86927.1 88411.5 85265.8 94240.6 82597.7 87289.9 92657.7 94091.8 111129 92299.7 99594.1 111708 112665 109852 74636.6 102739 104754 107124 111166 116115 120938 125113 128465 131021 132894 134229 135158 135795 136224 136512 136702 136827 136909 136962 136996 137019 137033 137043 137049 137052 137055 137056 137057 137058 137059 137059 137059 137059 137059 137059 137059 137059 137059 137059 137059 137059 137059 137059 137059 137059 137059 137059 137059 137059 137059 137059 137059 137059 137059 137059 137059 137059 137059 137059 137059 137059 137059 137059 137059 137059 137059 137059 137059 137059 137059 137059 137059 137059 137059 137059 137059 137059 137059 137059 137059 137059 137059 137059 137059 137059 137059 137059 137059 137059 137059 137059 137059 137059 137059 137059 137059 137059 137059 137059 137059 0 0 0 0 0 0 0 0 0 0 0 0 0 0 0 0 0 0 0 0 0 0 0 0 0
#obs catch bio
 0 105138 151850 208819 275709 274398 294159 311562 312635 313379 262489 288219 246219 248225 228788 214828 181741 153604 155463 134454 126308 125083 114905 115545 105890 105911 115455 101267 99277.7 98875.8 86575.5 98195.5 94430 94329.4 95824.9 86659.1 90897.8 86775.1 84471.6 90422.1 84383.7 80722.3 87081.8 88409.4 85114.4 94315.5 82763.4 87221.8 92601.8 93907.5 111522 92218 99591.2 111725 112564 110301 74384.1
#pred cpue bio
 3.98263e+006 3.92443e+006 3.4974e+006 3.11991e+006 2.9021e+006 2.64559e+006 2.42924e+006 2.2312e+006 2.0029e+006 1.74383e+006 1.50635e+006 1.30148e+006 1.08845e+006 964263 873361 802351 730163 688698 655104 601640 546594 523223 507376 501516 489075 486238 502515 510898 508699 509993 498521 480451 491220 526051 548686 561396 585952 571259 542087 538954 562837 592556 577370 584853 574582 556718 539257 578076 591726 580926 569672 562181 591009 611583 603042 582930 583107 1.43127e+007 1.33932e+007 1.37795e+007 1.43927e+007 1.51329e+007 1.58604e+007 1.65031e+007 1.70351e+007 1.74566e+007 1.7781e+007 1.80257e+007 1.8208e+007 1.8343e+007 1.84426e+007 1.85161e+007 1.85705e+007 1.86108e+007 1.86409e+007 1.86635e+007 1.86805e+007 1.86933e+007 1.87031e+007 1.87106e+007 1.87163e+007 1.87207e+007 1.87241e+007 1.87267e+007 1.87287e+007 1.87303e+007 1.87315e+007 1.87324e+007 1.87332e+007 1.87337e+007 1.87342e+007 1.87345e+007 1.87348e+007 1.8735e+007 1.87352e+007 1.87353e+007 1.87354e+007 1.87355e+007 1.87356e+007 1.87356e+007 1.87356e+007 1.87357e+007 1.87357e+007 1.87357e+007 1.87357e+007 1.87357e+007 1.87358e+007 1.87358e+007 1.87358e+007 1.87358e+007 1.87358e+007 1.87358e+007 1.87358e+007 1.87358e+007 1.87358e+007 1.87358e+007 1.87358e+007 1.87358e+007 1.87358e+007 1.87358e+007 1.87358e+007 1.87358e+007 1.87358e+007 1.87358e+007 1.87358e+007 1.87358e+007 1.87358e+007 1.87358e+007 1.87358e+007 1.87358e+007 1.87358e+007 1.87358e+007 1.87358e+007 1.87358e+007 1.87358e+007 1.87358e+007 1.87358e+007 1.87358e+007 1.87358e+007 1.87358e+007 1.87358e+007 1.87358e+007 1.87358e+007 1.87358e+007 1.87358e+007 1.87358e+007 1.87358e+007 1.87358e+007 1.87358e+007 1.87358e+007 1.87358e+007 1.87358e+007 1.87358e+007 1.87358e+007 1.87358e+007 1.87358e+007 1.87358e+007 0 0 0 0 0 0 0 0 0 0 0 0 0 0 0 0 0 0 0 0 0 0 0 0 0
#obs cpue bio
 4.20261e+006 5.78141e+006 4.07403e+006 2.14873e+006 2.67888e+006 2.29014e+006 2.03752e+006 2.04243e+006 2.59921e+006 1.4134e+006 1.44394e+006 1.29112e+006 1.25516e+006 961641 1.11936e+006 1.05233e+006 695102 667101 740458 669591 514649 442761 460825 428522 451321 405201 581072 652030 510522 397694 577341 317182 377507 608998 394150 556103 619830 638345 454259 610288 594489 638692 594576 548458 850638 615498 396452 583276 724134 607374 608721 527154 569551 519736 714297 755096 746795
#pred surv len freq
 0.00424599 0.00700144 0.0107378 0.0154991 0.0211984 0.0275234 0.0339222 0.0397579 0.0445558 0.0481556 0.0506723 0.0523434 0.0534004 0.0540167 0.0543099 0.0543639 0.0542536 0.0540444 0.0537374 0.0531582 0.0518631 0.0491936 0.0445592 0.0378422 0.0296442
 0.0044759 0.00730415 0.0110645 0.0157669 0.0213211 0.0274552 0.0336865 0.0394374 0.0442467 0.0479171 0.0505047 0.0522091 0.053268 0.0538976 0.0542634 0.0544692 0.0545626 0.0545391 0.0543141 0.0536529 0.0521128 0.0491075 0.0441592 0.0372487 0.0290159
 0.00461971 0.0075666 0.0115065 0.0164471 0.0222632 0.0286079 0.0349051 0.0405133 0.044985 0.0482178 0.0503935 0.0518003 0.0526946 0.0532623 0.0536337 0.0538984 0.0541003 0.0542142 0.0541047 0.0534747 0.0518477 0.0486627 0.0435209 0.0364927 0.028267
 0.0047382 0.00776664 0.0118238 0.0169258 0.022953 0.0295529 0.0361207 0.0419575 0.0465369 0.049684 0.0515539 0.0524805 0.0528262 0.0528961 0.0529023 0.0529589 0.0530901 0.0532284 0.0531862 0.0526118 0.0509896 0.0477569 0.0425572 0.035522 0.0273807
 0.00484893 0.00796028 0.0121408 0.0174133 0.0236567 0.0305033 0.0373205 0.0433762 0.0481125 0.0513239 0.0531314 0.0538349 0.0537852 0.0533213 0.0527387 0.0522551 0.0519761 0.0518652 0.0517139 0.0511201 0.0495184 0.0463221 0.0411845 0.0342656 0.0263112
 0.00508488 0.00833272 0.0126815 0.0181471 0.0246003 0.031663 0.038686 0.0449141 0.0497654 0.0530143 0.0547669 0.0553097 0.0549798 0.0541076 0.0529993 0.0519171 0.0510419 0.0504193 0.0498988 0.0490949 0.0474256 0.0442786 0.0392906 0.0326116 0.024969
 0.00530301 0.00869394 0.0132365 0.0189449 0.0256759 0.0330197 0.0402808 0.0466595 0.0515506 0.0547349 0.0563434 0.0566852 0.0561021 0.0549112 0.0533991 0.0518204 0.050377 0.0491698 0.0481241 0.0469263 0.0450413 0.0418715 0.0370412 0.0306663 0.0234213
 0.00550528 0.00903187 0.0137623 0.0197141 0.0267368 0.0343965 0.0419545 0.0485586 0.0535584 0.056712 0.0581544 0.0582207 0.0572883 0.0557034 0.0537639 0.0517173 0.0497561 0.0479902 0.046388 0.044709 0.0424986 0.0392198 0.0345147 0.0284673 0.0216781
 0.00573681 0.00940996 0.014335 0.0205284 0.0278318 0.0357904 0.0436307 0.0504579 0.0555836 0.0587417 0.0600593 0.0598777 0.0585927 0.0565779 0.0541594 0.0516042 0.0491119 0.0467961 0.0446447 0.0424672 0.0398867 0.0364451 0.0318286 0.0261047 0.0197973
 0.00597106 0.00979801 0.0149323 0.0213904 0.0290027 0.0372851 0.0454174 0.0524536 0.0576688 0.0607855 0.0619406 0.0614941 0.05986 0.0574278 0.054538 0.0514721 0.0484422 0.0455746 0.0428785 0.0402058 0.0372479 0.0336249 0.0290767 0.0236663 0.0178458
 0.00620118 0.0101838 0.0155345 0.0222732 0.0302201 0.0388601 0.0473204 0.0545946 0.05991 0.0629687 0.063916 0.06314 0.0610901 0.0581884 0.0547996 0.051218 0.0476606 0.0442596 0.0410408 0.0378947 0.0345761 0.0307798 0.0263004 0.0212013 0.0158681
 0.00632887 0.0103986 0.0158724 0.0227756 0.03093 0.0398126 0.0485314 0.0560497 0.0615598 0.0647307 0.065681 0.0647842 0.062491 0.0592406 0.0554239 0.0513621 0.0472944 0.0433701 0.0396365 0.0360208 0.0323348 0.0283409 0.0238846 0.0190325 0.0141132
 0.00663738 0.0108998 0.016625 0.0238312 0.0323199 0.0415293 0.0505111 0.0581726 0.0636724 0.0666816 0.0673496 0.0660905 0.0633887 0.059705 0.0554418 0.0509263 0.0464014 0.0420225 0.0378513 0.0338458 0.0298689 0.0257444 0.0213648 0.0167988 0.0123198
 0.00678639 0.0111633 0.0170612 0.0245076 0.0332983 0.042842 0.0521375 0.0600299 0.065629 0.0685843 0.0690529 0.0674776 0.0643817 0.0602639 0.0555559 0.0506013 0.0456482 0.0408543 0.03629 0.0319377 0.0277035 0.0234639 0.0191513 0.0148358 0.0107425
 0.0069833 0.0114875 0.0175574 0.0252219 0.0342717 0.0440976 0.0536647 0.0617737 0.0674899 0.0704299 0.0707373 0.0688639 0.065363 0.0607772 0.0555841 0.0501622 0.044779 0.0395978 0.0346923 0.0300579 0.0256301 0.0213248 0.0171049 0.0130391 0.00930864
 0.00720005 0.0118294 0.0180526 0.0258909 0.0351248 0.0451321 0.0548605 0.0630903 0.068869 0.0718019 0.072026 0.0699887 0.0662418 0.0613348 0.0557635 0.0499345 0.0441458 0.038587 0.0333516 0.0284543 0.0238544 0.0194961 0.0153615 0.0115138 0.0080948
 0.0074325 0.0122031 0.018606 0.0266538 0.0361094 0.0463208 0.0561962 0.0644797 0.0702029 0.0729836 0.0729919 0.070709 0.0667078 0.0615417 0.0557003 0.0495857 0.0434994 0.037645 0.0321384 0.0270213 0.0222821 0.0178913 0.0138454 0.010198 0.00705485
 0.00752763 0.0123541 0.0188272 0.0269579 0.0365076 0.0468215 0.0568012 0.0651793 0.0709719 0.0737819 0.0737688 0.0714123 0.0672914 0.0619694 0.0559444 0.0496217 0.0433049 0.0372041 0.0314514 0.0261144 0.021214 0.0167501 0.0127352 0.00921697 0.00627076
 0.00754303 0.0123683 0.0188295 0.0269336 0.036445 0.0467218 0.0566868 0.0650938 0.0709709 0.0739166 0.0740693 0.0718756 0.0678795 0.0626169 0.0565722 0.0501517 0.0436707 0.0373571 0.031366 0.0257939 0.0206946 0.0160997 0.0120418 0.0085685 0.00573335
 0.00765424 0.0125465 0.0190911 0.0272879 0.0368875 0.0472265 0.0572031 0.0655546 0.0713139 0.0741088 0.0741207 0.071833 0.0678039 0.0625571 0.0565472 0.0501472 0.0436472 0.0372655 0.0311636 0.0254586 0.0202339 0.0155521 0.0114684 0.00803533 0.00529223
 0.0077492 0.012687 0.0192773 0.0275123 0.0371383 0.0474929 0.0574768 0.0658268 0.0715695 0.0743245 0.0742706 0.0719008 0.0677929 0.0624915 0.056461 0.0500666 0.0435772 0.0371871 0.0310436 0.0252662 0.0199562 0.0152029 0.011085 0.00766566 0.004978
 0.00768952 0.0126224 0.0192389 0.0275459 0.0372888 0.0477812 0.0578836 0.0662946 0.0720246 0.0747038 0.0745381 0.0720473 0.067827 0.0624313 0.0563311 0.0498952 0.0433893 0.0369966 0.0308486 0.0250533 0.0197126 0.0149282 0.0107956 0.00738963 0.00474294
 0.00773025 0.0126698 0.0192776 0.0275564 0.0372598 0.0477259 0.0578452 0.0663336 0.0721879 0.0749953 0.0749106 0.0724223 0.068129 0.0626145 0.0563865 0.049842 0.0432602 0.0368234 0.0306536 0.0248468 0.0194969 0.0147052 0.0105738 0.00718395 0.00456951
 0.00771694 0.0126484 0.019245 0.0275073 0.0371857 0.0476153 0.0576891 0.0661356 0.0719748 0.0748185 0.0748311 0.072483 0.0683311 0.0629141 0.056715 0.050135 0.043478 0.0369552 0.030708 0.0248396 0.0194434 0.0146187 0.0104679 0.00707372 0.00446948
 0.00782324 0.0128006 0.0194357 0.0277163 0.0373852 0.0477778 0.057794 0.0661703 0.0719342 0.0747058 0.0746628 0.0722915 0.0681593 0.0628003 0.0566755 0.0501573 0.0435291 0.0369989 0.0307198 0.0248114 0.0193802 0.014532 0.0103711 0.00697947 0.00438797
 0.00785191 0.0128472 0.0195049 0.0278097 0.0374984 0.0478966 0.0578943 0.0662235 0.0719176 0.0746141 0.0745108 0.0721099 0.067984 0.0626637 0.0565998 0.0501498 0.0435799 0.0370837 0.0308085 0.024879 0.0194134 0.0145307 0.0103439 0.00693895 0.00434579
 0.00775403 0.0127107 0.0193414 0.0276446 0.0373636 0.0478194 0.0578869 0.0662792 0.0720138 0.0747199 0.0745975 0.0721595 0.0679948 0.0626496 0.0565837 0.050154 0.0436175 0.0371541 0.0308986 0.0249691 0.0194857 0.0145752 0.0103607 0.00693518 0.00433124
 0.00784797 0.0128347 0.0194764 0.0277583 0.0374236 0.0478119 0.0578279 0.0662093 0.0719773 0.0747401 0.074665 0.0722392 0.0680462 0.0626463 0.0565231 0.0500545 0.0435072 0.0370579 0.0308299 0.0249278 0.0194627 0.0145595 0.0103446 0.00691664 0.00431209
 0.0079128 0.0129205 0.019568 0.0278267 0.0374304 0.0477197 0.0576133 0.0658753 0.071561 0.0743104 0.0743057 0.0720208 0.0679997 0.0627544 0.056734 0.0503083 0.0437583 0.0372832 0.0310235 0.0250912 0.0195971 0.0146643 0.0104194 0.00696412 0.00433797
 0.00781778 0.0127965 0.0194365 0.0277228 0.0373887 0.0477532 0.0576995 0.0659598 0.0715805 0.0742233 0.0741131 0.0717686 0.0677592 0.0625931 0.0566899 0.0503801 0.0439141 0.0374798 0.0312239 0.025272 0.0197478 0.0147818 0.0105048 0.00702101 0.00437204
 0.0078975 0.0128884 0.0195076 0.0277253 0.0372803 0.0475248 0.0573907 0.0656481 0.0713436 0.0740996 0.0740868 0.0717884 0.0677763 0.06259 0.0566835 0.0504029 0.0439896 0.0376095 0.0313892 0.0254466 0.0199084 0.0149144 0.0106045 0.00708938 0.00441468
 0.00788347 0.0128716 0.0194909 0.0277095 0.0372567 0.047469 0.0572654 0.0654196 0.0710077 0.0736983 0.0736997 0.0714989 0.0676338 0.0625947 0.0568003 0.0505891 0.0442151 0.0378576 0.0316482 0.0257017 0.0201421 0.0151112 0.0107562 0.00719618 0.0044831
 0.00778041 0.0127457 0.019378 0.0276671 0.0373463 0.0477274 0.0576803 0.065923 0.0714934 0.0740555 0.0738506 0.0714241 0.0673752 0.0622333 0.0564224 0.0502575 0.0439596 0.0376831 0.0315461 0.025658 0.0201402 0.0151337 0.0107876 0.00722571 0.00450547
 0.00768918 0.0125782 0.0190943 0.0272287 0.0367384 0.0469861 0.0569075 0.0652681 0.0711002 0.0740015 0.0741137 0.0718989 0.0679254 0.062748 0.0568467 0.0505905 0.0442298 0.0379218 0.0317719 0.0258745 0.0203409 0.0153089 0.0109295 0.00733103 0.00457662
 0.00782634 0.0127522 0.0192644 0.0273238 0.0366722 0.0466868 0.0563481 0.0644863 0.0702004 0.0731356 0.0734416 0.0715385 0.0679129 0.0630313 0.0573159 0.0511281 0.0447504 0.0383847 0.0321697 0.0262135 0.0206273 0.0155444 0.0111136 0.00746536 0.00466679
 0.00865774 0.0139471 0.0207696 0.0289831 0.0382612 0.0479745 0.057152 0.0647021 0.0698102 0.0722085 0.0721278 0.070045 0.0664583 0.0617911 0.0563831 0.0505059 0.0443785 0.0381805 0.0320631 0.0261605 0.0206057 0.0155433 0.0111252 0.00748248 0.00468351
 0.00923103 0.0148814 0.0221701 0.0309216 0.0407291 0.0508262 0.060074 0.0672539 0.0715472 0.0728332 0.0715859 0.0685187 0.0642787 0.0593271 0.0539538 0.048332 0.0425708 0.0367564 0.0309812 0.0253572 0.0200207 0.0151286 0.0108434 0.00730179 0.00457577
 0.00923013 0.0149638 0.0224497 0.0315577 0.0418868 0.0526093 0.0624573 0.0700474 0.0744122 0.0753486 0.0733469 0.0692427 0.0638827 0.0579446 0.0518818 0.0459324 0.0401722 0.0345915 0.0291707 0.0239297 0.0189478 0.0143568 0.0103134 0.00695746 0.00436635
 0.00898163 0.0145996 0.0219812 0.0310368 0.0414123 0.0523247 0.0625349 0.070649 0.0756258 0.0771233 0.0754635 0.0713503 0.0655956 0.0589606 0.0520712 0.0453614 0.0390569 0.03321 0.0277761 0.0226959 0.0179585 0.0136241 0.00980724 0.00663029 0.00416911
 0.00885398 0.0143807 0.0216334 0.0305254 0.0407233 0.0514903 0.0616544 0.0698884 0.0751871 0.0771868 0.0761245 0.0725713 0.0671944 0.0606476 0.0535297 0.0463458 0.0394633 0.0330907 0.0272935 0.0220481 0.0173123 0.0130814 0.00940541 0.00636208 0.00400596
 0.00880726 0.0143073 0.0215264 0.0303764 0.0405198 0.0512155 0.0612926 0.0694398 0.074687 0.0767188 0.0758135 0.0725489 0.0675458 0.0613626 0.0544866 0.0473422 0.0402865 0.0335931 0.027438 0.0219013 0.0169977 0.0127231 0.00908965 0.00612708 0.00385301
 0.00877479 0.0142378 0.0213918 0.0301428 0.0401587 0.0507193 0.0606863 0.0687794 0.0740434 0.0761606 0.0753994 0.0723318 0.0675765 0.061679 0.0550873 0.048162 0.041197 0.0344379 0.0280868 0.0222937 0.0171526 0.0127127 0.00899889 0.00602174 0.00376791
 0.00887049 0.0143629 0.0215229 0.0302367 0.0401614 0.0505817 0.060381 0.0683104 0.0734489 0.0755067 0.0747681 0.071806 0.0672265 0.0615539 0.0552097 0.0485214 0.041742 0.0350777 0.0287102 0.0228035 0.0174966 0.0128934 0.00905805 0.00601356 0.00373626
 0.00868616 0.0141342 0.021307 0.0301233 0.0402388 0.0508881 0.0608689 0.0688523 0.0738851 0.0757094 0.0746869 0.0714754 0.0667423 0.0610359 0.0547689 0.0482363 0.041646 0.0351557 0.0289065 0.0230418 0.0177069 0.0130347 0.00912467 0.00602506 0.00371998
 0.00872984 0.0141588 0.0212633 0.0299504 0.0398964 0.0503967 0.0603305 0.0684222 0.0737008 0.0758169 0.0750148 0.0718765 0.0670711 0.0612138 0.0548024 0.0481919 0.0416062 0.0351803 0.0290135 0.0232096 0.0178921 0.0131951 0.00923643 0.00608641 0.00374407
 0.00873046 0.014173 0.0213056 0.0300334 0.0400174 0.0505238 0.0604029 0.0683754 0.0735078 0.0755182 0.0747069 0.0716601 0.0669942 0.061252 0.054887 0.0482612 0.0416387 0.0351937 0.0290399 0.0232685 0.0179798 0.0132914 0.0093194 0.00614368 0.00377543
 0.00880564 0.0142962 0.021493 0.0303007 0.0403757 0.0509726 0.0609194 0.0689073 0.0739758 0.0758335 0.0748028 0.0715209 0.0666643 0.0608144 0.0544244 0.047826 0.04125 0.034855 0.0287553 0.023046 0.0178234 0.0131944 0.00926613 0.00611637 0.00376071
 0.00861272 0.0140135 0.0211257 0.0298762 0.0399389 0.0505771 0.0606185 0.0687466 0.0739843 0.0760128 0.0751199 0.0719133 0.0670587 0.0611519 0.0546782 0.0480009 0.0413677 0.0349377 0.0288182 0.0230981 0.0178702 0.0132384 0.00930614 0.00614952 0.00378467
 0.00863058 0.0140066 0.0210511 0.0296774 0.0395675 0.0500235 0.0599346 0.0680411 0.0733893 0.0756385 0.0750209 0.0720796 0.0674297 0.0616408 0.0551976 0.0484834 0.0417761 0.035263 0.0290691 0.0232899 0.0180169 0.01335 0.00938952 0.00620913 0.00382443
 0.00862419 0.0140151 0.0210959 0.0297815 0.03974 0.0502404 0.0601311 0.06813 0.073302 0.0753656 0.0746246 0.0716677 0.067107 0.0614682 0.0551786 0.0485779 0.0419272 0.0354213 0.0292052 0.023394 0.018092 0.0134034 0.00942772 0.00623636 0.00384313
 0.00863039 0.0140244 0.0211095 0.0298033 0.0397788 0.0503105 0.0602476 0.0682966 0.0734975 0.07554 0.074715 0.0716298 0.066942 0.0612254 0.0549309 0.0483862 0.0418178 0.0353856 0.0292158 0.0234231 0.0181216 0.0134264 0.00944381 0.00624735 0.00385064
 0.00873805 0.0142082 0.0214007 0.0302324 0.0403634 0.0510397 0.0610705 0.0691257 0.0742292 0.0760817 0.0750033 0.0716355 0.0666688 0.0607102 0.0542424 0.0476158 0.0410584 0.0347088 0.0286589 0.0229914 0.0178013 0.0131973 0.00928618 0.00614439 0.00378776
 0.00862127 0.0140235 0.0211348 0.0298823 0.0399448 0.050594 0.060667 0.0688497 0.0741548 0.0762419 0.0753741 0.0721432 0.067215 0.0612009 0.054612 0.0478382 0.0411472 0.034704 0.028608 0.0229322 0.0177541 0.013167 0.0092696 0.0061363 0.00378415
 0.00864237 0.014041 0.0211299 0.0298276 0.0398113 0.0503644 0.0603478 0.0684773 0.073791 0.0759597 0.0752377 0.0721869 0.0674306 0.0615384 0.0549962 0.0481939 0.0414216 0.0348782 0.0286935 0.0229576 0.0177494 0.0131539 0.00925852 0.00612987 0.00378134
 0.00889563 0.0144197 0.0216369 0.0304395 0.0404796 0.0510212 0.0609136 0.068872 0.0739527 0.0758655 0.0749162 0.0717121 0.0668978 0.0610332 0.0545702 0.0478578 0.041155 0.03465 0.0284811 0.0227548 0.0175638 0.0129972 0.00913848 0.00604673 0.00372923
 0.00909567 0.0147479 0.0221339 0.0311379 0.041389 0.0521082 0.0620868 0.0699883 0.0748493 0.0764066 0.075031 0.0714094 0.0662548 0.0601697 0.0536158 0.0469221 0.0403096 0.0339254 0.0278778 0.0222606 0.0171661 0.0126873 0.00890933 0.00588869 0.00362889
 0.00899706 0.0146356 0.0220542 0.0311645 0.0416053 0.0525759 0.0628176 0.07093 0.0758931 0.0774099 0.0758473 0.07192 0.0663959 0.0599457 0.053094 0.0462099 0.0395224 0.0331591 0.0271945 0.0216886 0.0167098 0.0123391 0.00865622 0.00571546 0.00351872
#obs surv len freq
 nan nan nan nan nan nan nan nan nan nan nan nan nan nan nan nan nan nan nan nan nan nan nan nan nan
 0.00448368 0.0073449 0.0111752 0.0159926 0.0216951 0.0279729 0.034289 0.0400215 0.0447012 0.0481641 0.0505203 0.052014 0.0529041 0.0534145 0.0537271 0.0539807 0.0542584 0.0545505 0.0546889 0.0542807 0.0527187 0.0493512 0.0438015 0.0362823 0.0276669
 0.00461539 0.00756001 0.0115005 0.0164527 0.0223067 0.0287354 0.0351757 0.0409766 0.0456471 0.0490162 0.0512028 0.0524715 0.0531072 0.0533609 0.0534376 0.0534915 0.0536123 0.0537901 0.0538531 0.0534064 0.0518446 0.0485201 0.0430578 0.0356637 0.027194
 0.00477616 0.00782432 0.0119037 0.0170294 0.0230836 0.0297203 0.0363455 0.0422725 0.0469812 0.050286 0.0523073 0.0533228 0.0536394 0.0535358 0.0532474 0.0529578 0.0527797 0.0527172 0.0526058 0.0520549 0.0504643 0.0471914 0.0418608 0.0346643 0.0264288
 0.00496453 0.00813237 0.0123709 0.0176939 0.0239758 0.0308514 0.0376954 0.0437844 0.048567 0.0518409 0.0537235 0.0544996 0.0544897 0.0539917 0.0532669 0.0525285 0.051921 0.0514786 0.0510625 0.0503039 0.0486207 0.0453824 0.0402121 0.0332785 0.0253637
 0.00518106 0.00848592 0.0129059 0.0184529 0.0249915 0.0321341 0.0392203 0.0454865 0.0503501 0.0535946 0.0553391 0.0558784 0.0555448 0.0546488 0.0534663 0.0522308 0.0511133 0.0501821 0.0493384 0.0482556 0.0463915 0.043144 0.0381402 0.03152 0.0240039
 0.00541816 0.00887336 0.0134927 0.0192861 0.0261071 0.0335434 0.040895 0.0473536 0.0523023 0.0555106 0.0571025 0.0573883 0.0567172 0.0554142 0.053767 0.0520199 0.0503599 0.0488813 0.0475264 0.0460233 0.0438905 0.0405752 0.0357228 0.0294438 0.0223857
 0.00566416 0.00927667 0.014106 0.0201606 0.027283 0.0350341 0.0426712 0.0493376 0.0543787 0.0575487 0.0589772 0.0589922 0.0579641 0.0562372 0.0541133 0.051847 0.0496344 0.0475871 0.0456808 0.0436995 0.0412332 0.0377964 0.0330681 0.027137 0.0205719
 0.00590479 0.00967339 0.0147134 0.0210334 0.0284653 0.036543 0.0444793 0.051367 0.0565116 0.0596495 0.060915 0.0606537 0.0592587 0.057096 0.0544857 0.0516949 0.0489286 0.0463105 0.0438431 0.0413611 0.0385271 0.0349317 0.0302999 0.0247074 0.0186457
 0.00615622 0.0100827 0.0153306 0.0219061 0.0296307 0.0380145 0.0462322 0.0533314 0.0585808 0.0616979 0.062817 0.0622967 0.0605492 0.0579617 0.0548736 0.0515669 0.0482576 0.0450812 0.0420632 0.0390835 0.0358738 0.0321012 0.027543 0.0222691 0.0166993
 0.00637274 0.0104426 0.0158868 0.0227124 0.0307306 0.0394237 0.0479218 0.0552234 0.0605614 0.0636418 0.0646076 0.0638363 0.061759 0.0587793 0.0552496 0.0514628 0.0476443 0.0439412 0.0404014 0.0369463 0.0333714 0.0294174 0.0249138 0.0199303 0.014822
 0.00661004 0.010828 0.0164665 0.0235298 0.031819 0.0407942 0.0495492 0.0570399 0.0624629 0.0655057 0.0663132 0.0652792 0.0628598 0.0594835 0.0555232 0.0512839 0.046997 0.0428157 0.0388038 0.0349181 0.0310116 0.0268922 0.0224396 0.0177259 0.0130481
 0.00683883 0.0112024 0.0170343 0.0243361 0.0328965 0.0421483 0.051144 0.0587947 0.0642661 0.0672376 0.0678656 0.0665653 0.0638144 0.0600612 0.0556955 0.0510353 0.0463206 0.0417116 0.0372847 0.0330248 0.0288329 0.0245754 0.0201765 0.0157112 0.0114262
 0.00706733 0.0115794 0.0176116 0.0251641 0.034013 0.0435606 0.0528116 0.0606247 0.0661273 0.0689885 0.069381 0.0677517 0.0646145 0.0604491 0.0556679 0.050602 0.0454961 0.040513 0.0357365 0.0311722 0.0267589 0.0224102 0.0180869 0.0138651 0.00994682
 0.00727169 0.011912 0.0181129 0.0258726 0.0349585 0.044753 0.0542281 0.062203 0.0677712 0.0705821 0.0708071 0.068907 0.065421 0.0608606 0.0556693 0.0502026 0.0447201 0.0393916 0.0343075 0.0294882 0.0249 0.0204921 0.0162521 0.0122543 0.00866133
 0.00745316 0.0122129 0.0185761 0.0265406 0.035863 0.0459 0.0555839 0.0636919 0.0692885 0.0720169 0.0720609 0.0699021 0.0661006 0.0611879 0.055627 0.0497928 0.0439623 0.0383186 0.0329639 0.0279329 0.0232133 0.018779 0.0146347 0.0108489 0.00754841
 0.00754274 0.0123623 0.0188086 0.0268823 0.0363398 0.0465316 0.0563757 0.0646278 0.0703284 0.0730997 0.073111 0.0708401 0.0668533 0.0616963 0.0558502 0.0497087 0.043567 0.0376263 0.0320067 0.0267634 0.0219061 0.0174299 0.0133511 0.0097298 0.00666114
 0.00758458 0.0124249 0.0188939 0.0269906 0.0364736 0.0466998 0.0565956 0.0649233 0.0707227 0.0736054 0.0737208 0.0715214 0.0675502 0.0623371 0.0563602 0.0500224 0.0436375 0.037431 0.0315504 0.0260786 0.0210535 0.0164934 0.0124261 0.00890497 0.00599808
 0.00766729 0.0125493 0.0190618 0.0271965 0.0367054 0.0469413 0.0568304 0.065139 0.0709165 0.0737878 0.0739143 0.0717508 0.0678285 0.0626545 0.0566809 0.0502909 0.0437922 0.0374196 0.0313431 0.0256766 0.0204913 0.015834 0.0117487 0.00828603 0.0054931
 0.00774069 0.0126666 0.0192341 0.0274306 0.0370007 0.0472853 0.0571959 0.0654868 0.0712059 0.0739902 0.0740238 0.0717859 0.0678237 0.0626457 0.05669 0.0503157 0.0438056 0.0373786 0.031205 0.0254161 0.0201118 0.0153699 0.0112558 0.00782491 0.00511063
 0.00777967 0.0127265 0.0193178 0.0275394 0.0371345 0.0474434 0.0573763 0.0656841 0.0714088 0.0741813 0.0741829 0.0718972 0.0678825 0.062661 0.0566803 0.0502987 0.0437866 0.0373456 0.0311324 0.0252772 0.0198941 0.0150839 0.010934 0.00751042 0.00484132
 0.0078407 0.0128163 0.0194355 0.0276781 0.037283 0.04759 0.0575117 0.0658029 0.0715093 0.074265 0.0742516 0.0719504 0.0679169 0.0626725 0.0566675 0.0502652 0.0437385 0.037285 0.0310535 0.0251678 0.0197434 0.0148922 0.0107169 0.00729392 0.00465185
 0.00784378 0.0128237 0.0194509 0.0277053 0.0373243 0.0476437 0.0575706 0.0658565 0.071549 0.0742881 0.0742643 0.0719635 0.06794 0.0627091 0.0567136 0.0503122 0.0437771 0.0373077 0.0310536 0.0251387 0.0196799 0.0147947 0.0105945 0.00716337 0.00453186
 0.00787332 0.012863 0.0194942 0.0277428 0.0373456 0.0476431 0.0575508 0.0658274 0.071522 0.0742711 0.0742588 0.0719678 0.0679526 0.0627303 0.0567446 0.0503519 0.0438206 0.0373472 0.0310799 0.0251437 0.0196583 0.0147463 0.010525 0.00708408 0.00445574
 0.00787249 0.0128628 0.0194955 0.0277458 0.037349 0.047642 0.0575376 0.0657944 0.0714669 0.0742006 0.0741879 0.0719135 0.0679278 0.0627394 0.0567842 0.050414 0.0438955 0.0374244 0.0311492 0.0251956 0.0196862 0.0147479 0.0105039 0.00704822 0.00441529
 0.00790337 0.0129051 0.0195445 0.0277927 0.0373834 0.0476564 0.0575299 0.0657678 0.0714262 0.0741496 0.0741291 0.071851 0.0678686 0.0626932 0.0567596 0.050415 0.04392 0.0374653 0.0311963 0.0252387 0.0197168 0.0147614 0.0105004 0.00703216 0.00439332
 0.00792762 0.012943 0.0195985 0.0278628 0.0374657 0.0477421 0.0576054 0.0658172 0.0714373 0.0741187 0.0740626 0.0717622 0.0677725 0.0626029 0.0566846 0.0503615 0.0438907 0.0374586 0.0312068 0.0252579 0.019736 0.0147739 0.0105031 0.00702617 0.00438217
 0.00792564 0.0129409 0.0195974 0.0278646 0.0374726 0.0477561 0.0576267 0.0658437 0.0714636 0.0741374 0.0740662 0.0717469 0.0677399 0.0625595 0.0566399 0.0503246 0.0438679 0.0374525 0.0312156 0.025277 0.0197586 0.0147937 0.0105161 0.00703145 0.0043814
 0.007886 0.0128774 0.0195041 0.0277375 0.0373123 0.0475697 0.0574303 0.0656606 0.0713192 0.0740515 0.0740473 0.0717904 0.0678315 0.0626811 0.0567752 0.0504622 0.0440017 0.0375797 0.0313345 0.0253848 0.0198518 0.014869 0.0105717 0.00706814 0.00440262
 0.00786938 0.0128424 0.0194368 0.027621 0.0371317 0.04732 0.0571233 0.0653261 0.0709991 0.0737891 0.073877 0.0717305 0.0678825 0.0628272 0.0569896 0.0507147 0.0442651 0.0378336 0.0315659 0.0255862 0.0200194 0.0150012 0.0106694 0.00713485 0.00444411
 0.00786514 0.0128352 0.0194247 0.0276003 0.0370957 0.0472583 0.0570232 0.0651771 0.0707999 0.0735533 0.0736341 0.0715188 0.0677382 0.0627733 0.0570306 0.0508373 0.0444447 0.0380417 0.0317773 0.025782 0.0201878 0.0151365 0.0107708 0.00720523 0.00448889
 0.00783134 0.0127828 0.0193507 0.0275041 0.036979 0.0471254 0.0568804 0.0650315 0.0706568 0.0734156 0.0735034 0.0714005 0.0676442 0.0627214 0.0570384 0.0509142 0.0445868 0.0382326 0.0319927 0.0259971 0.0203823 0.0152979 0.0108941 0.00729196 0.00454481
 0.00780901 0.0127413 0.0192791 0.02739 0.0368128 0.0469065 0.0566215 0.0647586 0.0704023 0.073208 0.07336 0.0713251 0.0676308 0.0627614 0.0571255 0.0510461 0.0447617 0.0384443 0.0322278 0.0262365 0.0206056 0.0154887 0.0110435 0.00739902 0.00461482
 0.00777943 0.0126921 0.0192027 0.0272783 0.0366581 0.0467042 0.0563734 0.0644756 0.0701059 0.0729279 0.0731288 0.0711704 0.0675687 0.0627927 0.0572389 0.0512238 0.0449855 0.0386981 0.0324965 0.0265039 0.0208546 0.0157039 0.0112149 0.00752393 0.00469781
 0.00774728 0.0126409 0.0191279 0.0271759 0.0365256 0.0465412 0.0561824 0.0642631 0.0698818 0.0727055 0.0729245 0.0710033 0.0674582 0.0627547 0.0572809 0.0513426 0.0451683 0.0389264 0.0327495 0.0267612 0.0210978 0.0159171 0.0113875 0.00765213 0.00478452
 0.00935188 0.0148861 0.0218355 0.0299563 0.0388913 0.0480878 0.0567317 0.0638889 0.068825 0.0712508 0.0713106 0.0693918 0.0659447 0.0613916 0.0560963 0.0503493 0.044367 0.038307 0.0322934 0.0264436 0.020891 0.0157934 0.011321 0.00762111 0.00477282
 0.00933408 0.0151547 0.0227642 0.0320083 0.0424176 0.0530544 0.0625473 0.0695011 0.0730947 0.0734015 0.0711838 0.0673878 0.0627445 0.0576659 0.05234 0.0468563 0.0412799 0.0356783 0.0301275 0.0247193 0.0195706 0.0148271 0.0106505 0.00718379 0.00450698
 0.00898856 0.0146122 0.0220054 0.0310855 0.0415082 0.0524966 0.062799 0.0709761 0.0759143 0.0772101 0.0751937 0.0706776 0.0646427 0.057983 0.0513376 0.0450303 0.0391278 0.0335641 0.028258 0.0231804 0.0183744 0.0139465 0.0100385 0.00678479 0.00426482
 0.00878865 0.0142781 0.0214869 0.0303343 0.0404972 0.0512544 0.0614524 0.0697772 0.0752176 0.0773738 0.0764208 0.0728688 0.0673656 0.0606133 0.053309 0.0460489 0.0392293 0.0330129 0.0273841 0.0222545 0.0175601 0.0133112 0.00958658 0.00648861 0.00408574
 0.00872759 0.0141697 0.0213059 0.0300486 0.0400722 0.0506619 0.060685 0.0688668 0.0742544 0.0765189 0.0758939 0.0728925 0.0680694 0.0619394 0.0549904 0.0476963 0.0404893 0.0337035 0.0275303 0.0220231 0.0171544 0.0128912 0.00924059 0.00624333 0.00393133
 0.00870393 0.0141275 0.0212345 0.0299344 0.0398985 0.0504114 0.0603427 0.0684244 0.0737167 0.0759142 0.0752872 0.0723928 0.0678161 0.062059 0.0555318 0.0485819 0.0415231 0.0346453 0.0281963 0.0223505 0.0171975 0.0127651 0.00905762 0.00607675 0.00381085
 0.00869147 0.0141091 0.0212101 0.0299037 0.0398599 0.0503592 0.0602661 0.0683078 0.0735429 0.0756704 0.0749735 0.072032 0.0674616 0.061793 0.0554448 0.0487351 0.0419092 0.0351771 0.0287377 0.0227761 0.0174438 0.0128423 0.00902361 0.00599723 0.00373217
 0.00869017 0.0141055 0.0212019 0.0298884 0.0398351 0.0503243 0.0602223 0.0682563 0.0734822 0.075594 0.0748701 0.0718913 0.0672838 0.061598 0.0552753 0.0486467 0.0419475 0.0353512 0.0290083 0.0230698 0.0176868 0.0129931 0.00908268 0.00599376 0.00370141
 0.00867051 0.0140783 0.0211698 0.0298561 0.0398083 0.0503063 0.0602124 0.0682504 0.0734745 0.075579 0.0748434 0.0718483 0.0672205 0.0615132 0.0551775 0.048557 0.0418965 0.0353662 0.0290968 0.0232117 0.0178426 0.013123 0.00916463 0.00602854 0.0037045
 0.0086729 0.0140783 0.0211628 0.0298365 0.0397716 0.0502528 0.060149 0.068189 0.0734273 0.0755527 0.0748365 0.0718528 0.0672252 0.061509 0.0551599 0.0485292 0.0418704 0.0353586 0.0291221 0.023273 0.0179279 0.0132108 0.00923513 0.00607243 0.00372408
 0.0086487 0.0140445 0.0211219 0.0297936 0.0397321 0.0502193 0.0601199 0.0681597 0.0733948 0.0755185 0.074807 0.0718355 0.0672241 0.0615218 0.0551798 0.0485494 0.041888 0.035377 0.0291486 0.0233133 0.0179816 0.0132703 0.00928935 0.0061129 0.00374842
 0.00864121 0.0140282 0.0210904 0.0297394 0.0396503 0.0501117 0.0599974 0.0680406 0.0732977 0.075456 0.0747819 0.0718431 0.067257 0.061573 0.0552434 0.0486194 0.0419588 0.0354449 0.0292127 0.0233752 0.0180422 0.0133279 0.00934005 0.00615244 0.00377505
 0.00864208 0.0140312 0.0210974 0.0297521 0.0396682 0.0501304 0.0600085 0.0680339 0.0732668 0.0754023 0.0747152 0.0717775 0.0672046 0.0615403 0.0552308 0.0486237 0.0419755 0.0354696 0.0292422 0.0234074 0.0180759 0.0133615 0.00937104 0.00617814 0.00379378
 0.00862389 0.0140015 0.0210528 0.0296902 0.0395891 0.0500383 0.0599118 0.0679443 0.0731948 0.0753535 0.0746898 0.0717723 0.0672167 0.061569 0.0552759 0.0486838 0.0420467 0.0355463 0.0293189 0.0234795 0.0181403 0.0134164 0.00941542 0.00621171 0.00381711
 0.00863031 0.0140131 0.0210721 0.0297195 0.0396291 0.0500862 0.0599606 0.0679842 0.0732163 0.0753516 0.0746647 0.071729 0.0671623 0.0615105 0.0552202 0.0486368 0.0420127 0.0355273 0.0293139 0.0234856 0.0181536 0.013433 0.00943227 0.0062265 0.00382856
 0.00863031 0.0140131 0.0210721 0.0297195 0.0396291 0.0500862 0.0599606 0.0679842 0.0732163 0.0753516 0.0746647 0.071729 0.0671623 0.0615105 0.0552202 0.0486368 0.0420127 0.0355273 0.0293139 0.0234856 0.0181536 0.013433 0.00943227 0.0062265 0.00382856
 0.00874592 0.0141956 0.0213358 0.030072 0.0400674 0.0505916 0.0604953 0.0684925 0.0736347 0.0756244 0.0747584 0.0716386 0.0669099 0.0611371 0.0547751 0.0481681 0.0415603 0.0351196 0.0289676 0.0232071 0.0179415 0.0132805 0.00932912 0.00616142 0.00379053
 0.00860866 0.0139926 0.0210686 0.0297574 0.0397355 0.0502813 0.0602482 0.0683469 0.0736169 0.0757399 0.0749875 0.0719401 0.0672329 0.0614353 0.0550178 0.0483437 0.0416739 0.0351858 0.0290036 0.0232273 0.0179552 0.0132922 0.00933993 0.00617095 0.00379811
 0.00862993 0.014009 0.0210605 0.0296979 0.0396004 0.0500638 0.0599698 0.0680557 0.073373 0.0755941 0.0749655 0.0720378 0.0674218 0.061673 0.0552604 0.0485562 0.0418361 0.0352938 0.0290656 0.0232573 0.0179671 0.0132962 0.00934189 0.00617292 0.00380029
 0.00881102 0.0142971 0.0214796 0.0302592 0.0402918 0.0508389 0.0607433 0.068716 0.0738146 0.0757546 0.0748463 0.0716962 0.0669418 0.0611346 0.0547203 0.0480447 0.041365 0.0348662 0.0286842 0.0229271 0.0176938 0.013083 0.00918668 0.00606841 0.00373562
 0.00893345 0.0145114 0.0218293 0.030791 0.0410411 0.0518069 0.0618769 0.0699031 0.0749033 0.0765897 0.0753093 0.0717339 0.0665758 0.0604491 0.0538336 0.0470762 0.04041 0.0339872 0.0279145 0.0222807 0.0171735 0.0126841 0.00889826 0.00587371 0.00361405
 0.00897673 0.0145869 0.0219537 0.0309862 0.0413333 0.0522225 0.0624338 0.0705993 0.0757047 0.0774241 0.0760718 0.0723078 0.0668642 0.0604043 0.0534706 0.0464652 0.0396519 0.0331845 0.0271498 0.0216077 0.0166189 0.0122543 0.00858559 0.00566148 0.0034807
#pred catch len freq
 0.00312406 0.0050973 0.00773962 0.0111102 0.0152545 0.0201513 0.0256531 0.0314848 0.0373048 0.0427759 0.0476144 0.051623 0.0547151 0.0569143 0.0583262 0.0591027 0.0594178 0.0594339 0.059225 0.0586494 0.0572486 0.0543134 0.049201 0.0417857 0.0327339
 0.00330047 0.00533238 0.0079997 0.0113368 0.0153865 0.0201558 0.0255453 0.0313195 0.0371419 0.0426447 0.0475016 0.0514942 0.054553 0.0567487 0.0582337 0.0591762 0.0597161 0.0599373 0.059819 0.0591531 0.0574829 0.0541792 0.0487241 0.0411007 0.032017
 0.00343839 0.0055709 0.00838048 0.0118951 0.0161287 0.0210335 0.0264444 0.0320855 0.0376375 0.0428084 0.0473653 0.0511499 0.0540987 0.0562556 0.0577512 0.0587533 0.0594066 0.0597751 0.0597813 0.0591463 0.0573738 0.0538604 0.0481736 0.0403954 0.0312905
 0.00357019 0.00578638 0.00870989 0.0123746 0.0168007 0.0219397 0.0276061 0.0334725 0.039142 0.0442453 0.0485153 0.0518338 0.0542418 0.055904 0.0570356 0.0578315 0.0584183 0.058818 0.0588991 0.0583239 0.0565523 0.0529777 0.0472135 0.0394099 0.030378
 0.0037056 0.00601071 0.00905616 0.0128787 0.0174982 0.022859 0.0287605 0.0348532 0.0407113 0.0459264 0.0501807 0.0533055 0.0553202 0.0564246 0.0569269 0.0571389 0.0572801 0.0574086 0.0573708 0.0567738 0.0550219 0.0514811 0.0457753 0.0380864 0.0292454
 0.00391703 0.00634169 0.00953218 0.0135195 0.0183201 0.0238765 0.0299825 0.0362746 0.0423035 0.0476317 0.0519106 0.0549408 0.0567151 0.0574184 0.0573715 0.0569391 0.0564287 0.0559937 0.0555474 0.0547153 0.0528823 0.0493842 0.043825 0.0363765 0.027852
 0.00413166 0.00668892 0.0100517 0.0142473 0.0192828 0.0250816 0.0314099 0.0378741 0.0440046 0.0493575 0.0535872 0.0564952 0.0580653 0.0584647 0.0579965 0.0570239 0.0558846 0.054798 0.0537639 0.0524887 0.0504078 0.0468713 0.0414682 0.0343328 0.0262219
 0.00434265 0.00703194 0.0105693 0.0149825 0.0202748 0.026357 0.0329684 0.0396764 0.0459684 0.0513665 0.0555096 0.0582068 0.0594663 0.0594816 0.0585695 0.0570905 0.0553772 0.0536645 0.0520039 0.0501842 0.0477305 0.044059 0.0387773 0.0319844 0.0243568
 0.00458043 0.00741251 0.0111323 0.0157646 0.0213081 0.0276636 0.0345508 0.0415067 0.0479821 0.0534632 0.0575609 0.0600715 0.06101 0.0605953 0.059177 0.057142 0.0548365 0.0525041 0.0502211 0.0478339 0.0449546 0.0410865 0.035886 0.0294338 0.0223224
 0.00483672 0.00782556 0.0117479 0.0166253 0.0224476 0.0290979 0.0362662 0.0434525 0.0500731 0.0555906 0.0596045 0.0619096 0.0625272 0.0616895 0.0597658 0.057165 0.0542534 0.0512936 0.0483888 0.0454342 0.0421185 0.0380325 0.032892 0.026773 0.0201888
 0.00504284 0.00816572 0.0122706 0.0173822 0.0234878 0.0304555 0.0379443 0.04541 0.0522223 0.0578056 0.061739 0.063817 0.0640799 0.0627893 0.0603444 0.0571766 0.0536672 0.0500927 0.0465803 0.0430714 0.0393263 0.0350192 0.0299268 0.0241259 0.0180573
 0.00526303 0.00851648 0.0127866 0.0180951 0.0244255 0.0316397 0.0393821 0.0470839 0.0540822 0.059767 0.0636876 0.0656206 0.0656055 0.0639207 0.0609931 0.0572837 0.053198 0.0490321 0.0449378 0.0408982 0.036739 0.0322114 0.0271503 0.021636 0.0160442
 0.00555731 0.00898729 0.0134813 0.0190534 0.0256737 0.0331802 0.0411821 0.0490696 0.0561463 0.0617862 0.0655404 0.0671993 0.0668216 0.0647059 0.0612982 0.0570761 0.052459 0.047757 0.0431427 0.0386364 0.0341222 0.0294206 0.0244193 0.0192017 0.0140823
 0.00576938 0.00933836 0.0140221 0.0198369 0.0267467 0.0345683 0.0428717 0.0509971 0.0582008 0.0638259 0.0674156 0.0687753 0.0679959 0.0654154 0.0615148 0.0567946 0.0516849 0.0465017 0.0414297 0.0365185 0.0317017 0.0268601 0.0219268 0.0169871 0.0123006
 0.00597449 0.00966936 0.0145173 0.0205348 0.0276839 0.0357733 0.0443526 0.0527272 0.0601082 0.0657926 0.0692902 0.0703971 0.0692247 0.0661555 0.0617234 0.056474 0.050865 0.0452244 0.0397447 0.0344924 0.0294356 0.0245007 0.0196558 0.0149848 0.010698
 0.00620256 0.0100248 0.0150247 0.0212096 0.0285336 0.0367992 0.0455471 0.0540688 0.0615575 0.0672899 0.070755 0.0717308 0.0703187 0.0669065 0.0620512 0.0563342 0.0502526 0.0441674 0.0382962 0.0327288 0.0274618 0.0224537 0.0176953 0.0132641 0.00932572
 0.00637842 0.0103073 0.0154435 0.02179 0.0292922 0.0377368 0.0466415 0.0552728 0.0628058 0.0685121 0.0718862 0.0727154 0.0711069 0.0674496 0.0623007 0.0562465 0.0497982 0.0433409 0.0371229 0.0312681 0.0258079 0.0207316 0.0160467 0.0118205 0.00817762
 0.00641342 0.0103659 0.0155363 0.0219315 0.0295026 0.0380415 0.0470677 0.0558408 0.063518 0.0693446 0.0727882 0.073618 0.0719374 0.068142 0.0627992 0.0565039 0.0497753 0.0430115 0.0364838 0.0303492 0.024678 0.0194944 0.0148251 0.0107306 0.00730087
 0.0064648 0.0104365 0.0156189 0.0220126 0.0295678 0.0380846 0.0470984 0.0558875 0.0636225 0.069551 0.0731277 0.0740954 0.0725236 0.0687777 0.0634067 0.0570024 0.0500934 0.0430956 0.0363048 0.0299103 0.0240205 0.0186961 0.0139871 0.00995373 0.00666055
 0.00654243 0.010561 0.015802 0.0222612 0.0298796 0.0384427 0.0474692 0.0562265 0.0638893 0.0697265 0.0732242 0.074151 0.0725847 0.0688768 0.0635477 0.0571569 0.0502095 0.0431135 0.0361745 0.0296069 0.0235538 0.0181128 0.0133598 0.00936161 0.00616606
