SBPRF35
10.3143
Curr Bio
630637
B35
773304
F35
0.186465
FOFL
0.142555
OFL
69537.2
Bzero
2.94695e+006
#pred survey bio
 3.96635e+006 3.795e+006 3.63916e+006 3.42948e+006 3.19022e+006 2.91258e+006 2.66458e+006 2.40186e+006 2.16799e+006 1.94351e+006 1.72476e+006 1.52018e+006 1.32272e+006 1.15088e+006 1.03479e+006 928991 822306 754927 707532 672584 644305 631352 608855 597894 595672 586113 587296 583302 584217 580794 578553 586176 588783 581803 570554 551983 538441 539829 538604 534837 546598 550373 558113 569417 577188 572495 576859 574591 568548 572972 576949 649531 636114 2.1189e+007 1.27275e+007 1.30814e+007 1.40336e+007 1.53537e+007 1.67766e+007 1.81186e+007 1.92845e+007 2.02437e+007 2.10041e+007 2.15915e+007 2.20374e+007 2.23721e+007 2.26215e+007 2.28068e+007 2.29444e+007 2.30468e+007 2.31231e+007 2.31803e+007 2.32233e+007 2.32559e+007 2.32807e+007 2.32997e+007 2.33143e+007 2.33256e+007 2.33343e+007 2.33411e+007 2.33464e+007 2.33506e+007 2.33539e+007 2.33565e+007 2.33585e+007 2.33601e+007 2.33614e+007 2.33624e+007 2.33632e+007 2.33639e+007 2.33644e+007 2.33648e+007 2.33651e+007 2.33654e+007 2.33656e+007 2.33658e+007 2.33659e+007 2.3366e+007 2.33661e+007 2.33662e+007 2.33662e+007 2.33663e+007 2.33663e+007 2.33663e+007 2.33664e+007 2.33664e+007 2.33664e+007 2.33664e+007 2.33664e+007 2.33664e+007 2.33664e+007 2.33664e+007 2.33664e+007 2.33664e+007 2.33664e+007 2.33664e+007 2.33664e+007 2.33664e+007 2.33664e+007 2.33664e+007 2.33664e+007 2.33664e+007 2.33664e+007 2.33664e+007 2.33664e+007 2.33664e+007 2.33664e+007 2.33664e+007 2.33664e+007 2.33664e+007 2.33664e+007 2.33664e+007 2.33664e+007 2.33664e+007 2.33664e+007 2.33664e+007 2.33664e+007 2.33664e+007 2.33664e+007 2.33664e+007 2.33664e+007 2.33664e+007 2.33664e+007 2.33664e+007 2.33664e+007 2.33664e+007 2.33664e+007 2.33664e+007 2.33664e+007 2.33664e+007 2.33664e+007 2.33664e+007 2.33664e+007 0 0 0 0 0 0 0 0 0 0 0 0 0 0 0 0 0 0 0 0 0 0 0 0 0
#obs survey bio
 4.85591e+006 3.01739e+006 2.31712e+006 3.65843e+006 2.25026e+006 2.90944e+006 3.32743e+006 1.98176e+006 1.99408e+006 1.67772e+006 1.6086e+006 1.30122e+006 1.11713e+006 1.20969e+006 1.04013e+006 598457 791413 773314 599246 560760 654735 638289 568452 542094 361673 346952 630935 484578 784790 414636 550760 612406 634089 650630 898996 530033 455073 549740 655299 573232 466782 562975 474757 641932 464150 752224 552645 615576 682340 499936 662312 549463 580913
#pred catch bio
 114066 102824 159669 200283 253656 247332 281678 275600 285094 295017 293636 293947 273500 224987 215791 214151 176911 157108 144048 135999 121265 127692 116362 108657 114449 104349 106883 100335 101692 98490.8 88532.2 91017.4 96168.4 95608.5 97263.6 90851.1 80612.7 87171.2 92112 80979.1 89247.8 86680.5 85002.9 89540 100587 92782.2 98099.2 100461 91509.3 92461.9 37249.9 110041 118361 69537.2 89019 90192 95420.1 103931 113451 122420 130098 136276 141035 144587 147173 149022 150324 151232 151858 152287 152580 152778 152912 153002 153063 153103 153130 153148 153161 153169 153174 153178 153180 153182 153183 153183 153184 153184 153184 153184 153184 153185 153185 153185 153185 153185 153185 153185 153185 153185 153185 153185 153185 153185 153185 153185 153185 153185 153185 153185 153185 153185 153185 153185 153185 153185 153185 153185 153185 153185 153185 153185 153185 153185 153185 153185 153185 153185 153185 153185 153185 153185 153185 153185 153185 153185 153185 153185 153185 153185 153185 153185 153185 153185 153185 153185 153185 153185 153185 153185 153185 153185 153185 0 0 0 0 0 0 0 0 0 0 0 0 0 0 0 0 0 0 0 0 0 0 0 0 0
#obs catch bio
 0 102431 160374 201030 255936 249442 284971 279146 288542 300053 299154 301720 280806 228622 218293 218906 179143 159308 146051 138127 122504 129442 117811 109845 116865 106203 108646 101191 102332 99139.4 88942.9 91383.6 96577.3 95700.8 96890.9 90330.1 80118.7 86533.5 91626.7 80439 89130.3 86216.1 84450.3 89094.1 100715 92424.4 97886.5 99985.8 90788.3 93130.8 36645.3 110433 118463
#pred cpue bio
 3.90311e+006 3.73493e+006 3.58178e+006 3.37334e+006 3.13478e+006 2.85816e+006 2.61097e+006 2.34948e+006 2.11665e+006 1.89339e+006 1.67619e+006 1.47352e+006 1.27865e+006 1.10964e+006 995475 891439 786882 721074 674996 641095 613732 601247 579474 568821 566596 557330 558794 555577 557093 554245 552405 560213 563327 557228 547121 529746 516150 516011 513627 509646 521086 524849 532396 543227 550560 545942 550287 548262 542479 546679 550488 621475 609494 2.03233e+007 1.2217e+007 1.24308e+007 1.32115e+007 1.44619e+007 1.58657e+007 1.72034e+007 1.83683e+007 1.93274e+007 2.00877e+007 2.06751e+007 2.1121e+007 2.14557e+007 2.17051e+007 2.18905e+007 2.20281e+007 2.21304e+007 2.22067e+007 2.22639e+007 2.2307e+007 2.23396e+007 2.23644e+007 2.23833e+007 2.23979e+007 2.24092e+007 2.2418e+007 2.24248e+007 2.24301e+007 2.24342e+007 2.24375e+007 2.24401e+007 2.24421e+007 2.24438e+007 2.24451e+007 2.24461e+007 2.24469e+007 2.24475e+007 2.2448e+007 2.24485e+007 2.24488e+007 2.2449e+007 2.24493e+007 2.24494e+007 2.24496e+007 2.24497e+007 2.24497e+007 2.24498e+007 2.24499e+007 2.24499e+007 2.24499e+007 2.245e+007 2.245e+007 2.245e+007 2.245e+007 2.245e+007 2.24501e+007 2.24501e+007 2.24501e+007 2.24501e+007 2.24501e+007 2.24501e+007 2.24501e+007 2.24501e+007 2.24501e+007 2.24501e+007 2.24501e+007 2.24501e+007 2.24501e+007 2.24501e+007 2.24501e+007 2.24501e+007 2.24501e+007 2.24501e+007 2.24501e+007 2.24501e+007 2.24501e+007 2.24501e+007 2.24501e+007 2.24501e+007 2.24501e+007 2.24501e+007 2.24501e+007 2.24501e+007 2.24501e+007 2.24501e+007 2.24501e+007 2.24501e+007 2.24501e+007 2.24501e+007 2.24501e+007 2.24501e+007 2.24501e+007 2.24501e+007 2.24501e+007 2.24501e+007 2.24501e+007 2.24501e+007 2.24501e+007 2.24501e+007 2.24501e+007 0 0 0 0 0 0 0 0 0 0 0 0 0 0 0 0 0 0 0 0 0 0 0 0 0
#obs cpue bio
 4.85016e+006 3.14304e+006 2.53071e+006 2.94409e+006 2.99671e+006 1.76467e+006 2.2043e+006 1.91285e+006 2.60188e+006 1.38881e+006 1.37955e+006 931742 1.16281e+006 1.17779e+006 1.175e+006 711047 895422 513330 627372 567236 583512 485168 480262 518878 447033 697062 513200 855062 472194 691543 522297 571150 526884 603649 553601 688204 618983 678155 422519 482276 501042 708638 729726 452667 496325 534742 573006 687906 582336 350353 704931 785526 519006
#pred surv len freq
 0.00530616 0.00854268 0.0127211 0.017777 0.023564 0.0297882 0.035973 0.0415623 0.0461272 0.0495121 0.0518165 0.0532684 0.054107 0.0545246 0.054649 0.0545454 0.0542299 0.0536783 0.0528052 0.0514095 0.0491341 0.0455304 0.0402755 0.0334543 0.0256983
 0.00551478 0.0087865 0.012917 0.0178023 0.0233062 0.0292141 0.0351734 0.0407321 0.0454817 0.0491876 0.0518166 0.0534836 0.0543882 0.0547608 0.0548121 0.0546866 0.0544374 0.0540182 0.0532745 0.0519251 0.0495669 0.0457678 0.0402761 0.0332615 0.0254089
 0.00579568 0.00922734 0.0135441 0.0186116 0.0242443 0.0301635 0.0359595 0.0411708 0.0454592 0.0487277 0.051081 0.0526937 0.0537174 0.0542712 0.0544692 0.0544256 0.0542231 0.0538579 0.0531864 0.0518968 0.049542 0.0456725 0.0400647 0.0329458 0.0250488
 0.00603789 0.00962297 0.0141429 0.0194599 0.0253735 0.0315692 0.0375758 0.0428537 0.0469971 0.0498871 0.0516787 0.0526654 0.0531419 0.0533307 0.0533658 0.0533079 0.0531624 0.0528723 0.0522737 0.0510492 0.0487444 0.044905 0.0393188 0.0322397 0.0244242
 0.00629848 0.0100353 0.0147435 0.0202788 0.0264334 0.0328812 0.03913 0.0446049 0.0488518 0.0516976 0.0532519 0.0537941 0.0536593 0.0531681 0.0525792 0.0520535 0.0516334 0.0512354 0.050639 0.0494746 0.0472574 0.0435248 0.0380707 0.0311584 0.0235451
 0.0065903 0.0105007 0.0154273 0.0212169 0.0276471 0.034369 0.0408583 0.0465059 0.0508317 0.0536489 0.0550573 0.0553214 0.0547604 0.0536966 0.0524314 0.0512106 0.0501784 0.0493294 0.0484716 0.0472181 0.0450474 0.0414642 0.0362418 0.0296262 0.0223488
 0.00686372 0.0109327 0.016055 0.0220687 0.0287402 0.0357057 0.0424187 0.0482422 0.0526704 0.0554996 0.0568222 0.0568998 0.0560459 0.0545744 0.0527836 0.0509392 0.0492402 0.0477644 0.0464056 0.0448372 0.0425582 0.0390605 0.0340833 0.0278259 0.0209626
 0.00718821 0.0114456 0.0167998 0.023076 0.0300235 0.0372542 0.0441893 0.050158 0.0546309 0.0573991 0.0585653 0.058406 0.0572445 0.055395 0.0531491 0.0507678 0.0484614 0.0463491 0.0443973 0.0423666 0.0398304 0.0363186 0.0315601 0.025699 0.0193253
 0.0074971 0.0119345 0.0175111 0.0240412 0.0312587 0.0387537 0.0459165 0.052041 0.0565698 0.0592826 0.060288 0.0598796 0.0583999 0.0561776 0.0535092 0.0506518 0.0478123 0.0451221 0.0425904 0.0400529 0.0371733 0.0335536 0.0289461 0.0234555 0.0175814
 0.00779024 0.0124044 0.0182058 0.0250009 0.0325086 0.0402924 0.0477043 0.0539956 0.0585771 0.0612175 0.0620347 0.061343 0.059509 0.056883 0.0537764 0.0504521 0.0471158 0.043901 0.0408383 0.0378163 0.0345792 0.030811 0.0263091 0.0211584 0.0157758
 0.00805666 0.0128362 0.0188535 0.0259109 0.0337154 0.041805 0.0494912 0.0559785 0.0606386 0.0632216 0.0638484 0.0628527 0.0606293 0.0575586 0.0539782 0.050168 0.04634 0.0426308 0.0390829 0.0356213 0.0320536 0.0281387 0.0237243 0.0188885 0.0139772
 0.00824557 0.013153 0.0193485 0.0266383 0.0347231 0.0431186 0.0510962 0.0578123 0.062597 0.065176 0.0656651 0.0644083 0.0618215 0.0583133 0.0542519 0.0499433 0.0456181 0.0414246 0.037419 0.0335547 0.029689 0.0256418 0.0213056 0.0167561 0.0122789
 0.00846056 0.0134991 0.0198637 0.0273581 0.0356763 0.0443202 0.052537 0.0594502 0.0643562 0.0669544 0.0673463 0.0658748 0.0629677 0.0590565 0.0545377 0.0497457 0.0449351 0.0402732 0.0358355 0.031603 0.0274746 0.0233193 0.0190648 0.0147833 0.0107067
 0.00882069 0.014046 0.0206156 0.0283083 0.0367993 0.045581 0.0538963 0.0608637 0.0657736 0.0683193 0.0685982 0.0669503 0.063802 0.0595871 0.0547105 0.0495216 0.044294 0.0392171 0.0343916 0.0298301 0.0254717 0.0212279 0.0170547 0.0130181 0.00930139
 0.00912632 0.0145163 0.0212732 0.0291544 0.0378128 0.0467193 0.0550969 0.0620513 0.0668749 0.0692815 0.069398 0.0675864 0.0642776 0.0598927 0.0548172 0.0493864 0.0438723 0.0384765 0.033326 0.0284705 0.0238938 0.0195505 0.0154238 0.0115749 0.00814647
 0.00927044 0.0147728 0.021699 0.0298125 0.0387529 0.0479498 0.056561 0.0636261 0.0683988 0.0705991 0.0703988 0.0682225 0.0645584 0.0598635 0.0545324 0.0488867 0.0431743 0.0375779 0.0322214 0.0271731 0.0224522 0.0180533 0.013987 0.0103136 0.0071422
 0.00947876 0.0151007 0.0221738 0.0304566 0.0395847 0.0489815 0.0577901 0.06502 0.069882 0.0720512 0.0716712 0.0691719 0.0650845 0.0599341 0.0541823 0.0481936 0.0422256 0.0364451 0.0309536 0.0258076 0.0210339 0.0166484 0.0126803 0.00918956 0.00625904
 0.00961595 0.0153048 0.0224466 0.0307896 0.0399651 0.0494017 0.058254 0.0655434 0.070485 0.0727445 0.0724393 0.0699617 0.0658075 0.0604856 0.0544732 0.0481767 0.0419035 0.035859 0.0301625 0.0248737 0.02002 0.0156221 0.0117146 0.00835257 0.00559761
 0.00972845 0.0154752 0.0226794 0.0310795 0.0402976 0.0497554 0.0586044 0.0658691 0.0707759 0.073009 0.0727028 0.0702533 0.066139 0.0608351 0.054784 0.0483737 0.0419205 0.0356606 0.0297525 0.0242895 0.0193208 0.0148781 0.0109968 0.00772275 0.00509671
 0.0097894 0.0155716 0.0228191 0.0312673 0.0405333 0.0500315 0.0589043 0.0661678 0.071046 0.0732291 0.0728665 0.0703722 0.0662374 0.0609372 0.0548976 0.0484803 0.0419778 0.0356185 0.0295742 0.0239674 0.0188802 0.0143695 0.0104819 0.00725834 0.00472168
 0.00990039 0.0157336 0.0230289 0.0315108 0.0407902 0.0502829 0.0591381 0.066378 0.0712287 0.0733789 0.0729759 0.0704352 0.0662553 0.0609204 0.0548621 0.0484379 0.0419266 0.0355395 0.0294397 0.0237552 0.0185881 0.0140197 0.0101147 0.00691776 0.00444139
 0.0099157 0.0157574 0.0230624 0.0315533 0.0408385 0.0503307 0.0591769 0.0664007 0.071234 0.0733744 0.0729766 0.0704567 0.0663064 0.061 0.0549614 0.0485448 0.0420272 0.0356175 0.0294756 0.0237306 0.0184939 0.0138633 0.00991994 0.00671728 0.00426471
 0.0100352 0.0159405 0.0233167 0.0318775 0.0412213 0.0507508 0.0596026 0.0667912 0.0715453 0.0735694 0.0730351 0.0703814 0.066121 0.0607417 0.0546694 0.0482513 0.0417521 0.0353676 0.0292471 0.0235135 0.0182787 0.0136472 0.00970965 0.00652646 0.00410725
 0.0101423 0.0160954 0.0235147 0.0321021 0.0414505 0.050965 0.0597907 0.0669503 0.0716761 0.0736702 0.0730991 0.0703987 0.0660836 0.0606488 0.0545301 0.0480822 0.041572 0.0351912 0.0290812 0.0233578 0.0181289 0.0135007 0.00956894 0.00639868 0.00400083
 0.0100742 0.0160061 0.023419 0.0320255 0.0414197 0.0509952 0.0598766 0.0670688 0.0717985 0.0737766 0.0731852 0.0704705 0.066148 0.0607062 0.0545744 0.0481061 0.0415721 0.0351695 0.0290423 0.0233062 0.0180673 0.0134313 0.00949549 0.00632719 0.00393809
 0.00991668 0.0157839 0.0231482 0.0317442 0.0411803 0.0508486 0.0598575 0.0671866 0.0720349 0.0740899 0.0735207 0.0707765 0.0663891 0.0608697 0.0546662 0.0481406 0.0415645 0.0351322 0.0289854 0.0232375 0.0179934 0.0133571 0.00942509 0.0062646 0.00388664
 0.00966891 0.0153996 0.0226065 0.031044 0.0403469 0.0499401 0.058967 0.0664319 0.0715317 0.0739163 0.0736925 0.0712448 0.0670614 0.0616402 0.0554418 0.0488563 0.0421846 0.0356437 0.0293896 0.023543 0.0182123 0.0135034 0.00951424 0.00631208 0.00390702
 0.00962056 0.015304 0.0224315 0.0307501 0.0398979 0.0493209 0.0582001 0.0655844 0.0707067 0.0732314 0.0732522 0.0711155 0.0672545 0.0621104 0.0561026 0.0496052 0.0429292 0.0363178 0.0299567 0.0239916 0.0185472 0.0137387 0.00966831 0.00640489 0.00395751
 0.00956648 0.0152159 0.0222973 0.0305559 0.0396266 0.0489539 0.0577226 0.0649945 0.070027 0.0725171 0.0725891 0.0706047 0.0669863 0.0621376 0.0564231 0.0501633 0.0436333 0.0370671 0.0306651 0.0246015 0.0190319 0.0140965 0.00991385 0.00656087 0.00404859
 0.00956832 0.0152141 0.0222854 0.0305239 0.0395625 0.0488451 0.0575577 0.064764 0.069724 0.0721409 0.0721528 0.070143 0.0665584 0.0618169 0.056277 0.0502291 0.0439035 0.0374911 0.0311671 0.025104 0.0194756 0.0144491 0.0101685 0.00672867 0.00414947
 0.00947394 0.0150783 0.0221136 0.0303314 0.0393692 0.0486671 0.0574008 0.0646231 0.0695872 0.0719953 0.071989 0.0699593 0.0663643 0.0616373 0.0561509 0.0502007 0.0440057 0.0377298 0.0315147 0.0255081 0.0198764 0.0147983 0.0104395 0.0069177 0.0042683
 0.00926225 0.0147521 0.0216575 0.0297465 0.0386762 0.0479083 0.0566399 0.0639382 0.0690538 0.0716651 0.0718763 0.0700418 0.0665976 0.0619729 0.0565514 0.0506465 0.0444924 0.0382574 0.0320747 0.0260756 0.0204134 0.0152654 0.0108098 0.00718386 0.00444125
 0.0090388 0.0144124 0.02119 0.0291566 0.0379839 0.0471456 0.0558497 0.0631755 0.0683832 0.071152 0.0715737 0.0699774 0.0667668 0.0623407 0.0570644 0.0512485 0.0451377 0.0389154 0.0327247 0.0266985 0.0209855 0.0157604 0.011207 0.00747565 0.00463582
 0.00877896 0.0140239 0.0206687 0.0285211 0.0372711 0.0464006 0.0551191 0.0625038 0.0678112 0.0707142 0.0712964 0.0698785 0.0668549 0.0626126 0.057501 0.051815 0.045789 0.039605 0.0334122 0.027351 0.021576 0.0162666 0.011613 0.00777652 0.00483954
 0.00874401 0.0139385 0.0204891 0.0281931 0.0367488 0.045673 0.0542303 0.0615503 0.066914 0.0699807 0.0707932 0.0696271 0.0668449 0.0628181 0.0578909 0.052355 0.0464397 0.0403214 0.0341467 0.0280585 0.0222182 0.0168148 0.0120505 0.00810011 0.00505923
 0.00959872 0.0151459 0.0219669 0.0297456 0.0381147 0.046609 0.0545832 0.0612873 0.0661105 0.0687876 0.0693979 0.0682152 0.0655663 0.061768 0.0571091 0.0518399 0.0461646 0.0402467 0.0342258 0.0282416 0.0224561 0.0170641 0.0122777 0.00828445 0.00519328
 0.0104143 0.0164158 0.0237646 0.0320773 0.0408907 0.0496169 0.0574814 0.0636517 0.0675457 0.0690586 0.0685101 0.0663963 0.0631701 0.0591598 0.0545838 0.049589 0.0442827 0.0387563 0.0331045 0.0274424 0.021921 0.0167319 0.0120902 0.00819084 0.00515407
 0.0103071 0.0163514 0.0238705 0.0325389 0.0419018 0.0512972 0.0597989 0.0663901 0.0703362 0.0714645 0.0701354 0.0669877 0.0626819 0.0577545 0.0525679 0.047313 0.04205 0.0367734 0.0314749 0.0261887 0.0210139 0.0161152 0.0116982 0.00795981 0.00502892
 0.0100145 0.0159232 0.0233212 0.0319306 0.0413506 0.0509687 0.0598876 0.0670718 0.0716949 0.073422 0.0724271 0.0692159 0.0644318 0.0587242 0.0526537 0.0466181 0.0408229 0.0353106 0.0300343 0.0249413 0.0200374 0.0154146 0.0112349 0.00767738 0.00487077
 0.0100009 0.015873 0.0231956 0.0316818 0.0409421 0.0504059 0.0592448 0.0664972 0.0713832 0.0735575 0.0731148 0.0704242 0.065974 0.0602982 0.0539342 0.0473647 0.0409542 0.0349108 0.0292967 0.0240845 0.0192366 0.0147697 0.0107744 0.00738177 0.0046992
 0.00985978 0.0156599 0.0229037 0.0313112 0.0404942 0.0498786 0.0586354 0.0658184 0.0706867 0.0729488 0.0727441 0.0704439 0.0664751 0.061254 0.0551848 0.0486601 0.0420403 0.0356183 0.029588 0.02404 0.0189974 0.0144727 0.0105114 0.00719151 0.00458161
 0.00988216 0.0156836 0.0229161 0.0312933 0.0404256 0.0497449 0.0584327 0.0655519 0.0703656 0.0725864 0.0723677 0.0701089 0.0662672 0.0612653 0.0554684 0.0491887 0.0426998 0.0362482 0.0300482 0.024265 0.0190081 0.0143466 0.0103369 0.00703238 0.00446637
 0.00998652 0.0158294 0.0230907 0.0314686 0.0405637 0.0498091 0.0583974 0.0654085 0.0701222 0.0722652 0.0720002 0.069733 0.0659274 0.0610135 0.0553581 0.0492565 0.0429414 0.036606 0.0304266 0.0245695 0.0191842 0.0143948 0.0102975 0.00695683 0.00439318
 0.00997275 0.0158208 0.0231021 0.031519 0.0406677 0.0499642 0.0585763 0.0655631 0.0702001 0.0722301 0.0718456 0.0694825 0.0656249 0.0607116 0.055109 0.0491047 0.0429138 0.0367006 0.0306076 0.0247775 0.0193598 0.0145027 0.0103353 0.00694616 0.0043619
 0.00983401 0.0156268 0.0228694 0.0312844 0.0404802 0.0498701 0.0586043 0.0657143 0.0704464 0.0725187 0.0721118 0.0696681 0.0656967 0.0606711 0.0549896 0.0489584 0.0427934 0.0366431 0.0306237 0.0248502 0.0194548 0.0145854 0.0103857 0.00696289 0.00435634
 0.00979256 0.0155636 0.0227831 0.0311796 0.0403696 0.0497764 0.0585589 0.0657507 0.070587 0.0727612 0.072422 0.0699863 0.0659554 0.0608174 0.0550021 0.0488528 0.0426138 0.0364447 0.0304528 0.0247312 0.0193874 0.0145532 0.010369 0.00694859 0.00434047
 0.00971938 0.0154443 0.0226034 0.0309279 0.0400415 0.0493813 0.0581265 0.0653319 0.0702459 0.0725599 0.0724024 0.070156 0.0662826 0.0612383 0.05544 0.0492413 0.0429153 0.0366554 0.0305935 0.0248303 0.0194664 0.0146207 0.010424 0.00698791 0.00436383
 0.00973553 0.0154659 0.0226269 0.0309451 0.0400404 0.0493469 0.0580443 0.0651927 0.0700528 0.0723334 0.0721802 0.0699845 0.066202 0.0612669 0.0555664 0.0494285 0.0431159 0.03683 0.0307226 0.0249149 0.0195193 0.0146553 0.0104487 0.00700565 0.00437523
 0.00990023 0.0157042 0.0229304 0.0312868 0.0403807 0.0496451 0.0582674 0.0653184 0.0700684 0.0722354 0.0719775 0.0697012 0.0658774 0.0609486 0.0552968 0.0492322 0.0429937 0.0367632 0.0306856 0.0248875 0.0194922 0.0146286 0.0104257 0.00698863 0.00436408
 0.00983089 0.0156174 0.0228468 0.0312388 0.0404003 0.0497465 0.0584346 0.0655084 0.0702285 0.0723253 0.0719816 0.0696287 0.0657529 0.0608023 0.0551586 0.0491267 0.0429356 0.0367535 0.0307127 0.024933 0.0195392 0.0146669 0.0104523 0.00700506 0.00437338
 0.00968471 0.0154007 0.0225608 0.0309021 0.0400481 0.0494259 0.058197 0.0653975 0.0702657 0.0724973 0.0722422 0.0699151 0.0660096 0.0609988 0.0552928 0.0492161 0.0430044 0.0368218 0.0307898 0.0250174 0.0196224 0.0147395 0.0105086 0.00704404 0.0043977
 0.00886114 0.0141416 0.0208177 0.0286911 0.0374537 0.0466 0.0553584 0.0628197 0.0682373 0.0712597 0.0719297 0.0705252 0.0674131 0.0629806 0.0576064 0.0516336 0.0453477 0.0389708 0.0326748 0.0266045 0.0209024 0.0157222 0.0112207 0.00752678 0.00470111
 0.00858168 0.0137276 0.0202682 0.0280284 0.0367118 0.0458094 0.0545378 0.0619816 0.0674046 0.070481 0.0712829 0.0701048 0.0673026 0.063223 0.0581857 0.052478 0.0463508 0.0400212 0.0336794 0.0274991 0.0216511 0.0163123 0.011657 0.00782739 0.00489256
#obs surv len freq
 nan nan nan nan nan nan nan nan nan nan nan nan nan nan nan nan nan nan nan nan nan nan nan nan nan
 0.00447725 0.00733548 0.011163 0.0159783 0.02168 0.0279581 0.0342757 0.0400104 0.0446928 0.0481586 0.0505177 0.0520144 0.0529072 0.05342 0.0537345 0.0539897 0.0542684 0.0545613 0.0547001 0.054292 0.0527299 0.0493617 0.0438108 0.0362901 0.0276728
 0.00461873 0.00756416 0.0115044 0.0164548 0.0223054 0.02873 0.0351671 0.0409668 0.0456385 0.0490106 0.0512005 0.0524718 0.0531089 0.0533631 0.0534398 0.0534936 0.0536145 0.0537924 0.0538555 0.0534089 0.0518471 0.0485225 0.0430599 0.0356654 0.0271954
 0.00478296 0.00783451 0.0119173 0.0170457 0.023101 0.0297365 0.0363577 0.0422781 0.0469787 0.0502763 0.0522928 0.0533071 0.0536253 0.0535248 0.0532396 0.0529525 0.0527758 0.0527142 0.0526034 0.0520528 0.0504624 0.0471898 0.0418594 0.0346632 0.026428
 0.00497666 0.00815177 0.0123994 0.0177329 0.0240254 0.0309099 0.0377588 0.0438461 0.0486196 0.0518777 0.0537405 0.0544966 0.0544697 0.05396 0.0532286 0.0524878 0.0518801 0.0514384 0.0510232 0.0502655 0.0485838 0.0453481 0.0401817 0.0332534 0.0253446
 0.00518508 0.00849308 0.0129178 0.0184716 0.0250189 0.0321713 0.039267 0.0455403 0.0504067 0.0536482 0.0553835 0.0559082 0.0555565 0.054642 0.0534435 0.0521962 0.0510718 0.0501376 0.0492934 0.0482116 0.0463496 0.0431053 0.0381062 0.031492 0.0239827
 0.00542689 0.00888701 0.0135123 0.0193123 0.0261404 0.033584 0.0409427 0.0474075 0.0523604 0.0555695 0.057158 0.0574349 0.0567495 0.055428 0.0537601 0.0519931 0.0503163 0.048826 0.0474642 0.0459587 0.0438271 0.0405162 0.0356708 0.029401 0.0223532
 0.00565278 0.00926163 0.0140898 0.0201477 0.0272784 0.0350419 0.0426925 0.0493711 0.0544212 0.0575967 0.0590279 0.0590428 0.0580114 0.0562767 0.0541404 0.0518579 0.0496274 0.0475632 0.0456434 0.0436535 0.0411837 0.037748 0.0330246 0.0271009 0.0205445
 0.00588364 0.0096382 0.0146594 0.0209565 0.0283646 0.0364231 0.0443521 0.0512499 0.0564231 0.059603 0.060915 0.0606959 0.0593333 0.0571911 0.0545895 0.051797 0.0490208 0.0463877 0.0439035 0.041406 0.0385596 0.0349551 0.0303171 0.0247201 0.0186548
 0.00612954 0.0100399 0.0152675 0.0218189 0.029517 0.0378743 0.0460696 0.0531567 0.0584097 0.0615502 0.0627122 0.0622491 0.060564 0.0580342 0.0549909 0.0517122 0.0484139 0.0452347 0.0422045 0.0392077 0.0359794 0.0321886 0.0276132 0.0223233 0.0167388
 0.00637177 0.0104372 0.0158717 0.0226803 0.0306739 0.0393375 0.0478062 0.0550842 0.0604088 0.0634887 0.0644682 0.0637249 0.0616892 0.0587605 0.055285 0.0515472 0.0477653 0.0440831 0.0405484 0.0370861 0.0334962 0.0295229 0.0249988 0.0199953 0.0148686
 0.0066076 0.0108244 0.0164616 0.0235228 0.0318078 0.0407745 0.0495147 0.0569836 0.0623805 0.0653985 0.0661892 0.0651522 0.0627462 0.0593991 0.0554802 0.0512886 0.0470483 0.0429055 0.0389186 0.0350428 0.0311328 0.0270002 0.0225289 0.0177945 0.0130971
 0.00683789 0.0112012 0.0170329 0.0243348 0.0328957 0.0421481 0.0511434 0.0587912 0.0642549 0.0672127 0.0678217 0.0665005 0.0637328 0.0599733 0.0556159 0.0509789 0.0462983 0.0417272 0.0373344 0.0330987 0.0289181 0.0246594 0.0202502 0.0157696 0.0114684
 0.00705606 0.0115598 0.0175797 0.0251161 0.0339464 0.0434763 0.0527155 0.0605273 0.0660408 0.0689223 0.0693391 0.0677315 0.0646094 0.0604522 0.055676 0.0506168 0.0455236 0.0405594 0.0358049 0.03126 0.0268583 0.0225104 0.0181775 0.0139392 0.0100015
 0.00728035 0.0119269 0.0181365 0.025907 0.0350038 0.0448054 0.0542796 0.0622427 0.0677887 0.0705724 0.0707717 0.0688531 0.0653575 0.0607946 0.0556053 0.0501439 0.0446705 0.039356 0.0342905 0.029492 0.0249224 0.020527 0.0162913 0.0122906 0.00869026
 0.0074276 0.0121753 0.0185272 0.0264839 0.0358045 0.045847 0.0555433 0.0636686 0.0692838 0.0720279 0.0720808 0.0699234 0.066118 0.0611995 0.0556342 0.0497983 0.043969 0.0383296 0.0329818 0.0279599 0.0232492 0.0188211 0.0146781 0.0108883 0.00757985
 0.00753359 0.0123434 0.0187733 0.0268228 0.0362504 0.0464132 0.0562387 0.0644915 0.0702153 0.0730276 0.0730879 0.0708624 0.0669095 0.0617715 0.0559315 0.0497876 0.0436396 0.0376923 0.0320681 0.0268222 0.0219633 0.017485 0.0134017 0.00977299 0.0066947
 0.00758015 0.0124184 0.018885 0.0269787 0.0364565 0.0466731 0.0565534 0.0648608 0.07064 0.0735106 0.0736294 0.0714512 0.0675143 0.0623393 0.0563949 0.0500785 0.0437033 0.0374978 0.0316135 0.0261368 0.0211069 0.016542 0.012469 0.00894071 0.0060256
 0.0076617 0.0125408 0.0190502 0.027182 0.0366887 0.0469232 0.0568114 0.0651185 0.0708923 0.0737568 0.0738743 0.0717037 0.0677813 0.0626177 0.0566637 0.0502975 0.0438204 0.0374628 0.0313932 0.0257275 0.0205391 0.0158768 0.0117853 0.00831573 0.00551556
 0.00772459 0.0126398 0.0191928 0.0273715 0.0369221 0.0471892 0.0570893 0.0653813 0.0711147 0.0739239 0.0739874 0.071778 0.0678391 0.0626786 0.0567367 0.0503747 0.043876 0.037458 0.0312888 0.0254985 0.0201874 0.015435 0.0113085 0.00786501 0.00513915
 0.00776262 0.0126964 0.0192684 0.0274636 0.0370266 0.0473023 0.0572082 0.0655033 0.0712352 0.0740363 0.0740843 0.0718549 0.0678976 0.0627264 0.0567835 0.0504258 0.0439257 0.0374873 0.0312697 0.0254046 0.0200066 0.0151781 0.0110083 0.00756525 0.00487896
 0.00782471 0.0127912 0.0193992 0.0276286 0.0372185 0.0475085 0.0574117 0.0656851 0.0713785 0.0741309 0.0741287 0.0718551 0.0678633 0.0626686 0.0567132 0.0503528 0.0438554 0.0374176 0.0311893 0.0252969 0.0198588 0.0149893 0.0107935 0.00735029 0.00469027
 0.00783281 0.0128049 0.0194206 0.02766 0.0372613 0.0475628 0.0574749 0.0657524 0.0714438 0.0741887 0.0741757 0.0718906 0.0678888 0.0626866 0.0567259 0.0503617 0.0438605 0.0374165 0.031176 0.0252624 0.0197946 0.0148932 0.0106729 0.00722117 0.00457116
 0.00785913 0.0128398 0.0194588 0.0276922 0.0372775 0.047557 0.0574491 0.0657158 0.0714091 0.0741669 0.0741724 0.0719058 0.0679183 0.062725 0.0567683 0.050404 0.0438994 0.0374484 0.031196 0.0252649 0.0197742 0.0148481 0.0106073 0.00714521 0.00449736
 0.00790068 0.0129047 0.0195509 0.0278116 0.0374191 0.0477083 0.0575907 0.0658249 0.071467 0.0741663 0.0741206 0.0718208 0.067821 0.0626315 0.0566874 0.0503379 0.0438464 0.0374047 0.0311571 0.0252257 0.01973 0.0147964 0.0105491 0.00708522 0.00444216
 0.00788919 0.0128893 0.0195341 0.0277979 0.0374141 0.0477172 0.0576156 0.0658638 0.071513 0.0742095 0.0741511 0.0718324 0.0678144 0.0626137 0.0566678 0.0503244 0.0438422 0.0374083 0.031164 0.0252302 0.0197273 0.0147838 0.010527 0.00705697 0.0044129
 0.00788304 0.0128725 0.0194966 0.0277278 0.0373021 0.0475633 0.0574342 0.0656822 0.0713632 0.074117 0.0741266 0.0718708 0.0678996 0.062726 0.0567909 0.0504475 0.04396 0.0375177 0.031262 0.025313 0.0197914 0.0148271 0.0105505 0.00706457 0.00441025
 0.00789164 0.012882 0.0195023 0.0277215 0.0372728 0.0475 0.0573292 0.0655352 0.0711852 0.0739304 0.0739618 0.071757 0.0678553 0.0627536 0.0568776 0.0505726 0.0441023 0.0376606 0.0313941 0.0254273 0.0198836 0.0148955 0.0105959 0.00709051 0.00442198
 0.0079038 0.0129002 0.0195264 0.0277496 0.0373008 0.0475211 0.0573339 0.0655128 0.0711268 0.0738332 0.0738326 0.0716134 0.0677218 0.062655 0.0568307 0.0505815 0.0441583 0.0377473 0.0314936 0.0255246 0.0199684 0.0149623 0.0106434 0.00712041 0.00443826
 0.00787884 0.0128643 0.0194812 0.0276995 0.0372519 0.0474784 0.0573002 0.0654873 0.0711053 0.0738099 0.0738016 0.0715717 0.0676721 0.0626063 0.0567966 0.050575 0.0441869 0.0378093 0.0315793 0.0256199 0.0200597 0.0150397 0.0107021 0.0071604 0.00446249
 0.00784827 0.0128102 0.0193921 0.0275639 0.0370629 0.0472404 0.0570333 0.0652252 0.0708863 0.0736636 0.0737406 0.0715904 0.0677526 0.0627274 0.0569407 0.0507319 0.044352 0.0379806 0.0317526 0.0257876 0.020212 0.0151678 0.010801 0.00722988 0.00450678
 0.00781577 0.0127559 0.0193076 0.0274401 0.0368914 0.0470171 0.0567619 0.0649211 0.0705768 0.073385 0.0735305 0.0714782 0.067751 0.0628293 0.0571237 0.0509665 0.0446109 0.038243 0.0320045 0.0260191 0.0204149 0.0153358 0.0109307 0.00732222 0.00456685
 0.00779881 0.0127235 0.01925 0.0273451 0.0367478 0.0468188 0.0565123 0.0646342 0.0702749 0.073095 0.0732804 0.0712945 0.0676561 0.0628365 0.0572329 0.051163 0.0448689 0.0385322 0.0322972 0.0262933 0.0206559 0.0155346 0.0110839 0.00743174 0.00463873
 0.00777794 0.012689 0.0191968 0.0272677 0.0366402 0.0466761 0.0563321 0.0644192 0.0700345 0.072845 0.0730424 0.0710928 0.0675139 0.0627726 0.0572579 0.0512773 0.0450609 0.0387803 0.0325735 0.0265699 0.0209091 0.0157486 0.0112512 0.00755237 0.00471851
 0.00774067 0.0126302 0.0191118 0.0271534 0.036496 0.0465043 0.0561389 0.0642144 0.0698297 0.0726517 0.0728709 0.0709526 0.0674154 0.0627266 0.0572749 0.0513635 0.0452154 0.038993 0.0328253 0.0268359 0.021164 0.0159717 0.01143 0.00768343 0.00480622
 0.00933931 0.0148683 0.0218136 0.0299328 0.0388694 0.0480696 0.0567175 0.0638771 0.068813 0.071236 0.0712913 0.0693681 0.0659179 0.0613652 0.0560753 0.0503396 0.0443735 0.0383313 0.0323326 0.0264916 0.0209405 0.0158383 0.0113577 0.00764863 0.00479183
 0.0093118 0.0151196 0.0227138 0.0319417 0.0423362 0.0529632 0.0624548 0.0694186 0.0730329 0.073367 0.0711774 0.0674047 0.0627772 0.0577074 0.0523856 0.0469042 0.0413307 0.0357332 0.0301867 0.0247809 0.0196305 0.0148808 0.0106947 0.0072169 0.00452963
 0.00895613 0.0145604 0.0219295 0.0309821 0.041377 0.0523416 0.0626304 0.07081 0.07577 0.0771053 0.0751405 0.0706793 0.0646945 0.0580741 0.051454 0.0451589 0.0392585 0.0336904 0.0283761 0.0232879 0.0184691 0.0140261 0.0101013 0.00683078 0.00429577
 0.00878798 0.0142733 0.0214727 0.0303037 0.0404429 0.0511719 0.0613425 0.0696475 0.0750806 0.077245 0.0763155 0.0727993 0.0673395 0.0606317 0.0533669 0.0461366 0.0393349 0.0331254 0.0274947 0.0223569 0.0176503 0.0133866 0.00964602 0.00653225 0.00411526
 0.00872027 0.0141598 0.0212941 0.0300364 0.0400599 0.0506473 0.060663 0.0688304 0.0741983 0.0764429 0.0758049 0.0728031 0.0679942 0.061891 0.0549762 0.0477172 0.0405402 0.0337755 0.0276131 0.0221071 0.0172322 0.0129581 0.00929402 0.00628286 0.00395824
 0.00871282 0.0141421 0.0212569 0.0299663 0.0399411 0.050464 0.0604018 0.0684827 0.0737639 0.0759387 0.0752793 0.0723486 0.0677401 0.0619634 0.0554335 0.0484972 0.0414634 0.0346147 0.0281922 0.022366 0.017224 0.012795 0.0090855 0.00609939 0.00382723
 0.00867121 0.0140792 0.0211706 0.0298572 0.0398108 0.0503133 0.0602297 0.0682864 0.0735404 0.0756869 0.0750042 0.0720681 0.0674933 0.0618124 0.0554499 0.0487298 0.0419016 0.0351756 0.0287474 0.0227976 0.0174735 0.0128749 0.00905396 0.00602202 0.00375017
 0.00868058 0.0140899 0.0211788 0.0298565 0.0397946 0.0502773 0.0601735 0.0682125 0.073451 0.0755809 0.0748772 0.071916 0.06732 0.0616374 0.0553102 0.0486721 0.0419631 0.0353606 0.0290168 0.0230818 0.0177038 0.0130137 0.0091037 0.00601224 0.00371559
 0.00866523 0.0140683 0.0211522 0.0298275 0.0397657 0.0502489 0.060143 0.0681754 0.0734033 0.0755218 0.0748084 0.0718405 0.0672398 0.0615552 0.0552338 0.0486183 0.0419547 0.0354166 0.0291385 0.0232465 0.0178727 0.0131497 0.00918787 0.00604754 0.00371868
 0.00865689 0.0140537 0.0211284 0.029792 0.0397174 0.0501898 0.0600789 0.0681146 0.0733534 0.0754858 0.0747845 0.0718232 0.0672232 0.061536 0.0552126 0.0486004 0.0419504 0.0354383 0.0291948 0.023335 0.0179784 0.0132509 0.00926603 0.0060953 0.00374001
 0.00865332 0.0140484 0.0211211 0.0297826 0.0397052 0.0501736 0.060057 0.068086 0.0733186 0.0754482 0.0747486 0.0717931 0.0672006 0.0615195 0.0551998 0.0485901 0.041945 0.0354434 0.0292167 0.0233766 0.0180359 0.0133138 0.00932227 0.00613644 0.00376423
 0.0086365 0.0140226 0.0210853 0.0297369 0.0396515 0.0501149 0.0599977 0.0680311 0.0732728 0.0754147 0.0747287 0.0717867 0.0672068 0.0615367 0.0552254 0.0486213 0.0419794 0.0354805 0.0292578 0.0234233 0.0180877 0.0133669 0.00937055 0.00617449 0.00378979
 0.0086424 0.0140305 0.0210943 0.0297448 0.0396558 0.0501136 0.0599897 0.0680167 0.0732534 0.075392 0.0747046 0.0717628 0.0671845 0.0615174 0.0552105 0.0486118 0.041976 0.0354834 0.0292674 0.0234399 0.0181107 0.0133939 0.00939798 0.00619836 0.00380755
 0.00861733 0.0139955 0.021052 0.0297014 0.0396182 0.0500872 0.0599758 0.0680128 0.0732549 0.075395 0.0747073 0.0717654 0.0671883 0.0615235 0.0552195 0.0486238 0.0419908 0.035501 0.0292878 0.0234629 0.0181356 0.0134195 0.00942223 0.00621906 0.00382321
 0.00861409 0.0139845 0.0210255 0.0296499 0.0395346 0.0499723 0.0598416 0.0678808 0.0731487 0.0753314 0.074691 0.0717902 0.0672422 0.0615941 0.0552972 0.0487023 0.0420663 0.0355712 0.0293516 0.0235197 0.0181852 0.0134617 0.0094566 0.00624545 0.00384192
 0.00861409 0.0139845 0.0210255 0.0296499 0.0395346 0.0499723 0.0598416 0.0678808 0.0731487 0.0753314 0.074691 0.0717902 0.0672422 0.0615941 0.0552972 0.0487023 0.0420663 0.0355712 0.0293516 0.0235197 0.0181852 0.0134617 0.0094566 0.00624545 0.00384192
 0.00805346 0.0131024 0.0197562 0.0279615 0.0374468 0.0475766 0.0573179 0.0654884 0.0711793 0.0740371 0.0742213 0.0721639 0.0683582 0.0632688 0.057311 0.0508429 0.0441586 0.0374902 0.0310212 0.0249051 0.019282 0.0142875 0.0100447 0.00663854 0.00408648
 0.00850506 0.0137568 0.02059 0.0288946 0.0383542 0.0483154 0.0577554 0.0655258 0.0707745 0.0732243 0.0731155 0.0709394 0.0672052 0.0623432 0.0566995 0.0505543 0.0441395 0.0376554 0.0312829 0.025192 0.0195471 0.0145065 0.01021 0.00675345 0.0041601
#pred catch len freq
 0.00474839 0.00747013 0.0108114 0.0146571 0.0189357 0.0236084 0.0285956 0.0337296 0.0387816 0.0435214 0.0477587 0.051359 0.0542529 0.056434 0.0579409 0.0588324 0.05917 0.0589966 0.0582902 0.0568891 0.0544425 0.050483 0.044671 0.0371111 0.0285093
 0.00494362 0.00770948 0.0110313 0.0147607 0.0188317 0.0232661 0.0280802 0.0331866 0.0383714 0.0433417 0.0478025 0.0515316 0.0544316 0.0565348 0.0579568 0.0588305 0.0592493 0.0592287 0.0586702 0.0573248 0.0547927 0.0506264 0.0445659 0.0368099 0.0281215
 0.0052348 0.00815512 0.0116448 0.0155216 0.0196748 0.0240772 0.0287089 0.0334882 0.0382707 0.0428825 0.0471394 0.0508578 0.0538862 0.0561531 0.0576918 0.0586183 0.0590645 0.0590908 0.0586061 0.0573239 0.0547933 0.0505464 0.0443542 0.0364786 0.0277368
 0.00550314 0.0085788 0.0122597 0.0163539 0.0207367 0.0253563 0.0301499 0.034975 0.0396261 0.0439011 0.0476521 0.0508004 0.0533294 0.0552677 0.0566684 0.0575947 0.0581038 0.0582061 0.0577937 0.0565749 0.0540889 0.0498603 0.0436713 0.0358138 0.0271339
 0.00581067 0.00905318 0.0129279 0.0172294 0.0218243 0.0266577 0.0316601 0.0366676 0.0414319 0.0456911 0.0492381 0.0519656 0.0538895 0.0551371 0.0558942 0.0563336 0.0565552 0.0565447 0.0561348 0.0549782 0.0525814 0.0484592 0.0423998 0.0347065 0.0262282
 0.00612136 0.0095367 0.0136164 0.0181411 0.0229653 0.0280234 0.0332333 0.0384148 0.0432999 0.047604 0.0510899 0.0536127 0.0551545 0.0558376 0.0558939 0.0555938 0.0551547 0.0546526 0.0539549 0.0526963 0.0503417 0.0463685 0.0405413 0.0331458 0.0250056
 0.00645259 0.0100468 0.0143326 0.019074 0.0241133 0.0293782 0.0347803 0.0401265 0.0451301 0.0494854 0.0529354 0.0553169 0.0565937 0.0568708 0.0563747 0.0553991 0.0542259 0.0530277 0.0517704 0.0501572 0.0476757 0.0437884 0.0382217 0.0312094 0.0235133
 0.00681392 0.0106047 0.0151182 0.0200993 0.025374 0.0308578 0.0364493 0.0419393 0.0470244 0.0513855 0.0547578 0.0569732 0.0579907 0.0579081 0.056944 0.0553903 0.0535466 0.0516368 0.0497115 0.0475733 0.0447932 0.0408748 0.0355322 0.0289383 0.021763
 0.00718485 0.0111767 0.0159223 0.0211471 0.0266608 0.0323671 0.0381521 0.0437884 0.0489515 0.0533046 0.0565736 0.0585907 0.059322 0.0588741 0.0574696 0.0553987 0.0529616 0.0504006 0.0478178 0.0451019 0.0419258 0.0378738 0.0326858 0.0264906 0.019858
 0.00755724 0.0117546 0.0167419 0.0222262 0.0280002 0.0339519 0.039948 0.0457371 0.0509703 0.0552931 0.0584246 0.0602011 0.0606007 0.0597472 0.0578793 0.0552969 0.0523033 0.0491473 0.0459585 0.0426873 0.039098 0.034867 0.0297848 0.0239583 0.0178651
 0.00790556 0.0122987 0.0175207 0.023264 0.029307 0.0355227 0.0417562 0.0477271 0.0530549 0.05736 0.060349 0.0618605 0.0618893 0.0605852 0.0582144 0.0550984 0.0515525 0.0478332 0.0440876 0.040309 0.0363347 0.0319256 0.026929 0.0214445 0.0158703
 0.00819303 0.0127538 0.0181838 0.0241675 0.0304735 0.0369601 0.0434495 0.0496291 0.0550843 0.0594067 0.0622857 0.0635561 0.0632243 0.0614644 0.0585748 0.0549078 0.0508024 0.046532 0.0422621 0.0380203 0.0337008 0.0291344 0.024219 0.0190517 0.0139627
 0.00848192 0.0132031 0.0188233 0.0250157 0.0315399 0.0382473 0.0449498 0.0513157 0.0569024 0.0612714 0.0640862 0.0651677 0.0645244 0.0623487 0.0589679 0.0547669 0.0501145 0.0453094 0.0405419 0.0358731 0.0312458 0.0265468 0.0217146 0.0168423 0.0121993
 0.00884458 0.0137475 0.01956 0.0259284 0.0325965 0.0394156 0.0462068 0.0526452 0.058285 0.0626737 0.0654542 0.0664271 0.0655859 0.0631192 0.0593632 0.0547226 0.0495929 0.0443027 0.0390754 0.034011 0.0290999 0.0242778 0.019516 0.0149009 0.0106481
 0.00922689 0.0143249 0.0203466 0.026908 0.0337274 0.0406419 0.0474663 0.053876 0.0594329 0.0637005 0.066341 0.0671667 0.0661687 0.0635208 0.0595405 0.0546206 0.0491578 0.0434969 0.0378918 0.0324854 0.0273191 0.0223784 0.0176652 0.013261 0.00933452
 0.00947833 0.0147319 0.0209551 0.0277568 0.0348381 0.0420029 0.0490184 0.0555102 0.0610079 0.0650758 0.0674088 0.0678712 0.0665069 0.0635268 0.0592615 0.0540934 0.048397 0.0424984 0.0366504 0.0310175 0.0256818 0.020674 0.0160273 0.0118218 0.00818789
 0.0096703 0.0150309 0.0213827 0.0283305 0.0355752 0.0429227 0.0501358 0.0568183 0.0624572 0.0665627 0.0687857 0.0689798 0.067222 0.0637892 0.0590835 0.0535376 0.0475425 0.0414137 0.0353845 0.0296108 0.024186 0.0191665 0.0146078 0.0105901 0.00721417
 0.0098024 0.0152261 0.0216412 0.0286425 0.0359284 0.043313 0.0505749 0.0573333 0.0630806 0.067314 0.0696513 0.0698991 0.0680902 0.0644812 0.0594904 0.0535981 0.0472532 0.0408163 0.034543 0.0285948 0.0230669 0.0180228 0.0135242 0.00964628 0.00646581
 0.00991201 0.0153902 0.0218618 0.0289116 0.0362302 0.043628 0.0508852 0.0576277 0.0633608 0.0675975 0.0699676 0.0702751 0.06853 0.0649502 0.0599163 0.0538901 0.0473322 0.0406403 0.0341156 0.0279588 0.0222908 0.0171878 0.0127132 0.00893159 0.00589568
 0.00997707 0.015491 0.0220041 0.0290973 0.0364566 0.0438875 0.0511646 0.0579084 0.0636221 0.0678235 0.0701538 0.0704322 0.06868 0.0651138 0.060096 0.0540599 0.0474406 0.040628 0.0339399 0.0276111 0.0218008 0.0166145 0.0121286 0.00840199 0.00546681
 0.0100495 0.0155951 0.0221359 0.0292454 0.0366072 0.0440311 0.0512999 0.0580415 0.0637594 0.0679658 0.0702942 0.07056 0.0687879 0.0652029 0.0601736 0.0541297 0.0474929 0.0406363 0.0338693 0.0274354 0.0215179 0.0162514 0.0117337 0.00802838 0.00515557
 0.0101163 0.0156946 0.0222684 0.0294042 0.0367789 0.0441981 0.0514437 0.0581466 0.0638189 0.0679845 0.0702874 0.0705469 0.0687832 0.0652126 0.060196 0.0541592 0.04752 0.0406463 0.033842 0.0273501 0.0213638 0.016036 0.0114834 0.00777916 0.00493999
 0.0102097 0.0158367 0.0224639 0.0296508 0.0370677 0.0445146 0.0517677 0.058452 0.0640756 0.0681636 0.070369 0.0705269 0.0686748 0.0650422 0.0599941 0.0539516 0.0473224 0.0404626 0.0336662 0.0271708 0.0211709 0.0158279 0.0112697 0.00757828 0.00477028
 0.0102931 0.0159559 0.0226135 0.0298164 0.0372311 0.0446621 0.0518953 0.0585647 0.0641806 0.0682631 0.0704558 0.0705865 0.0686923 0.0650093 0.059914 0.0538371 0.04719 0.0403261 0.0335318 0.0270374 0.0210341 0.0156856 0.0111261 0.00744309 0.00465493
 0.0102596 0.0159166 0.0225816 0.0298118 0.037273 0.0447583 0.0520356 0.0587235 0.064329 0.0683815 0.0705402 0.0706436 0.06873 0.0650298 0.0599136 0.0538114 0.0471389 0.0402545 0.0334468 0.0269447 0.0209367 0.0155856 0.0110269 0.00735076 0.00457623
 0.0100446 0.0156099 0.0222001 0.0294007 0.0368959 0.0444792 0.0519016 0.0587543 0.0645138 0.0686827 0.0709032 0.0710119 0.0690604 0.0652998 0.0601187 0.0539568 0.0472326 0.0403045 0.033461 0.0269309 0.0209026 0.015538 0.0109726 0.0072963 0.00452779
 0.00978543 0.0152149 0.0216563 0.0287175 0.0361076 0.0436447 0.0511029 0.0580889 0.0640759 0.0685375 0.0710664 0.0714454 0.0696858 0.0660222 0.0608513 0.054636 0.0478219 0.0407895 0.0338419 0.0272157 0.0211031 0.0156683 0.0110482 0.00733291 0.00453996
 0.00968697 0.0150492 0.0213964 0.0283354 0.0355802 0.0429658 0.050296 0.0572147 0.0632292 0.0678317 0.0706092 0.0713111 0.0698939 0.0665315 0.0615725 0.0554593 0.0486455 0.0415387 0.0344745 0.0277171 0.0214777 0.0159314 0.0112202 0.00743616 0.00459581
 0.00962588 0.0149519 0.0212527 0.0281333 0.0353048 0.0425981 0.0498172 0.0566164 0.0625271 0.0670775 0.0698908 0.0707383 0.0695699 0.0665216 0.0618829 0.0560355 0.0493903 0.0423414 0.0352388 0.0283778 0.0220036 0.0163196 0.0114861 0.00760464 0.00469378
