SBPRF35
7.91784
Curr Bio
587191
B35
546363
F35
0.211431
FOFL
0.204275
OFL
84670.3
Bzero
2.26224e+006
#pred survey bio
 4.28094e+006 3.2245e+006 2.87803e+006 2.78978e+006 2.66343e+006 2.5059e+006 2.38648e+006 2.17025e+006 1.96585e+006 1.68883e+006 1.47503e+006 1.30992e+006 1.18597e+006 1.07785e+006 978581 843400 745278 673903 629578 602227 582970 565474 531295 509356 504761 518976 557156 587735 595984 575496 568191 589014 615005 641720 656037 620304 580151 574648 553036 537660 551473 576270 577351 562216 563263 583984 607023 620731 596692 561983 579462 641047 594266 1.87541e+007 1.11973e+007 1.15144e+007 1.22909e+007 1.32804e+007 1.42773e+007 1.51643e+007 1.5895e+007 1.64673e+007 1.69006e+007 1.72214e+007 1.74556e+007 1.76251e+007 1.77475e+007 1.78358e+007 1.78998e+007 1.79462e+007 1.79801e+007 1.80051e+007 1.80235e+007 1.80372e+007 1.80475e+007 1.80553e+007 1.80611e+007 1.80655e+007 1.80689e+007 1.80715e+007 1.80735e+007 1.8075e+007 1.80761e+007 1.8077e+007 1.80777e+007 1.80782e+007 1.80787e+007 1.8079e+007 1.80792e+007 1.80794e+007 1.80796e+007 1.80797e+007 1.80798e+007 1.80798e+007 1.80799e+007 1.80799e+007 1.808e+007 1.808e+007 1.808e+007 1.808e+007 1.808e+007 1.808e+007 1.808e+007 1.80801e+007 1.80801e+007 1.80801e+007 1.80801e+007 1.80801e+007 1.80801e+007 1.80801e+007 1.80801e+007 1.80801e+007 1.80801e+007 1.80801e+007 1.80801e+007 1.80801e+007 1.80801e+007 1.80801e+007 1.80801e+007 1.80801e+007 1.80801e+007 1.80801e+007 1.80801e+007 1.80801e+007 1.80801e+007 1.80801e+007 1.80801e+007 1.80801e+007 1.80801e+007 1.80801e+007 1.80801e+007 1.80801e+007 1.80801e+007 1.80801e+007 1.80801e+007 1.80801e+007 1.80801e+007 1.80801e+007 1.80801e+007 1.80801e+007 1.80801e+007 1.80801e+007 1.80801e+007 1.80801e+007 1.80801e+007 1.80801e+007 1.80801e+007 1.80801e+007 1.80801e+007 1.80801e+007 1.80801e+007 1.80801e+007 1.80801e+007 0 0 0 0 0 0 0 0 0 0 0 0 0 0 0 0 0 0 0 0 0 0 0 0 0
#obs survey bio
 4.85591e+006 3.01739e+006 2.31712e+006 3.65843e+006 2.25026e+006 2.90944e+006 3.32743e+006 1.98176e+006 1.99408e+006 1.67772e+006 1.6086e+006 1.30122e+006 1.11713e+006 1.20969e+006 1.04013e+006 598457 791413 773314 599246 560760 654735 638289 568452 542094 361673 346952 630935 484578 784790 414636 550760 612406 634089 650630 898996 530033 455073 549740 655299 573232 466782 562975 474757 641932 464150 752224 552645 615576 682340 499936 662312 549463 580913
#pred catch bio
 132458 102870 159868 201094 255442 249459 284938 279044 289202 299881 299255 300161 279361 229039 219353 217556 179484 159244 145984 137810 122777 129400 117895 110170 116195 105886 108392 101413 102507 99099.1 88967 91398.9 96449.5 95662.7 96968.4 90355.6 80154.5 86593.9 91499 80568.4 88845.4 86296.3 84607.5 89166.8 100273 92549.1 97786.2 99997.4 91039.8 92091.4 37212.7 109773 118299 84670.3 86264.4 87293.4 92221.6 99301.1 106515 112844 117933 121790 124592 126566 127924 128841 129451 129853 130115 130285 130394 130465 130509 130538 130556 130568 130575 130579 130582 130584 130585 130586 130586 130587 130587 130587 130587 130587 130587 130587 130587 130587 130587 130587 130587 130587 130587 130587 130587 130587 130587 130587 130587 130587 130587 130587 130587 130587 130587 130587 130587 130587 130587 130587 130587 130587 130587 130587 130587 130587 130587 130587 130587 130587 130587 130587 130587 130587 130587 130587 130587 130587 130587 130587 130587 130587 130587 130587 130587 130587 130587 130587 130587 130587 130587 130587 130587 130587 130587 130587 130587 130587 130587 0 0 0 0 0 0 0 0 0 0 0 0 0 0 0 0 0 0 0 0 0 0 0 0 0
#obs catch bio
 0 102431 160374 201030 255936 249442 284971 279146 288542 300053 299154 301720 280806 228622 218293 218906 179143 159308 146051 138127 122504 129442 117811 109845 116865 106203 108646 101191 102332 99139.4 88942.9 91383.6 96577.3 95700.8 96890.9 90330.1 80118.7 86533.5 91626.7 80439 89130.3 86216.1 84450.3 89094.1 100715 92424.4 97886.5 99985.8 90788.3 93130.8 36645.3 110433 118463
#pred cpue bio
 4.23435e+006 3.18931e+006 2.84574e+006 2.7566e+006 2.63001e+006 2.47221e+006 2.35187e+006 2.13612e+006 1.93223e+006 1.65737e+006 1.44483e+006 1.28046e+006 1.15676e+006 1.049e+006 950599 817532 720648 650723 607352 580549 561700 544823 511667 490418 485908 499337 536224 565937 574135 554466 547337 567578 592908 618877 633082 598778 558759 551551 529898 515046 528575 552533 553893 539465 540375 560096 582479 595751 572704 539394 556007 617097 572252 1.80162e+007 1.07335e+007 1.09269e+007 1.1615e+007 1.25845e+007 1.35782e+007 1.44647e+007 1.51954e+007 1.57677e+007 1.6201e+007 1.65218e+007 1.6756e+007 1.69255e+007 1.70479e+007 1.71362e+007 1.72001e+007 1.72466e+007 1.72805e+007 1.73054e+007 1.73239e+007 1.73376e+007 1.73479e+007 1.73556e+007 1.73615e+007 1.73659e+007 1.73693e+007 1.73719e+007 1.73738e+007 1.73753e+007 1.73765e+007 1.73774e+007 1.73781e+007 1.73786e+007 1.7379e+007 1.73794e+007 1.73796e+007 1.73798e+007 1.73799e+007 1.73801e+007 1.73801e+007 1.73802e+007 1.73803e+007 1.73803e+007 1.73803e+007 1.73804e+007 1.73804e+007 1.73804e+007 1.73804e+007 1.73804e+007 1.73804e+007 1.73804e+007 1.73804e+007 1.73804e+007 1.73804e+007 1.73804e+007 1.73804e+007 1.73804e+007 1.73805e+007 1.73805e+007 1.73805e+007 1.73805e+007 1.73805e+007 1.73805e+007 1.73805e+007 1.73805e+007 1.73805e+007 1.73805e+007 1.73805e+007 1.73805e+007 1.73805e+007 1.73805e+007 1.73805e+007 1.73805e+007 1.73805e+007 1.73805e+007 1.73805e+007 1.73805e+007 1.73805e+007 1.73805e+007 1.73805e+007 1.73805e+007 1.73805e+007 1.73805e+007 1.73805e+007 1.73805e+007 1.73805e+007 1.73805e+007 1.73805e+007 1.73805e+007 1.73805e+007 1.73805e+007 1.73805e+007 1.73805e+007 1.73805e+007 1.73805e+007 1.73805e+007 1.73805e+007 1.73805e+007 1.73805e+007 1.73805e+007 0 0 0 0 0 0 0 0 0 0 0 0 0 0 0 0 0 0 0 0 0 0 0 0 0
#obs cpue bio
 4.85016e+006 3.14304e+006 2.53071e+006 2.94409e+006 2.99671e+006 1.76467e+006 2.2043e+006 1.91285e+006 2.60188e+006 1.38881e+006 1.37955e+006 931742 1.16281e+006 1.17779e+006 1.175e+006 711047 895422 513330 627372 567236 583512 485168 480262 518878 447033 697062 513200 855062 472194 691543 522297 571150 526884 603649 553601 688204 618983 678155 422519 482276 501042 708638 729726 452667 496325 534742 573006 687906 582336 350353 704931 785526 519006
#pred surv len freq
 0.00425065 0.00700505 0.010736 0.0154856 0.0211672 0.0274711 0.0338512 0.0396761 0.0444745 0.0480857 0.0506207 0.0523111 0.0533822 0.0540021 0.0542861 0.0543205 0.0541875 0.0539646 0.053666 0.0531263 0.0519 0.0493142 0.0447542 0.0380797 0.0298819
 0.00445712 0.00728391 0.0110526 0.0157778 0.0213684 0.0275442 0.033809 0.0395724 0.0443685 0.0480046 0.0505483 0.0522107 0.0532359 0.0538401 0.0541847 0.0543693 0.0544403 0.0543981 0.0541677 0.0535246 0.0520306 0.0490922 0.0442142 0.0373572 0.0291476
 0.00462193 0.0075667 0.011501 0.0164328 0.0222407 0.0285857 0.0348999 0.0405452 0.0450667 0.0483452 0.0505443 0.0519423 0.052799 0.0533129 0.0536281 0.0538432 0.054005 0.0540891 0.0539634 0.0533364 0.0517363 0.0485994 0.0435153 0.0365375 0.0283418
 0.00468848 0.00770399 0.0117627 0.0168896 0.0229666 0.0296314 0.0362617 0.0421429 0.0467427 0.0498908 0.0517507 0.0526593 0.0529757 0.0529997 0.0529436 0.0529284 0.0529891 0.053068 0.0529849 0.0523936 0.0507815 0.0475845 0.0424376 0.0354589 0.0273636
 0.00487752 0.00798998 0.012156 0.0173933 0.0235857 0.0303849 0.0371843 0.0432712 0.048086 0.0513996 0.0533 0.0540621 0.0540285 0.0535437 0.052913 0.0523634 0.0520088 0.0518223 0.0516065 0.0509695 0.0493524 0.0461688 0.0410657 0.0341905 0.0262764
 0.0051211 0.00839225 0.0127709 0.0182691 0.0247494 0.0318212 0.0388232 0.0449989 0.0497809 0.052972 0.054704 0.0552711 0.054994 0.0541745 0.0530938 0.0520028 0.0510855 0.0503995 0.0498099 0.0489471 0.0472419 0.0440887 0.039122 0.0324824 0.024884
 0.00530072 0.00869232 0.0132383 0.0189547 0.0256998 0.0330637 0.0403474 0.0467443 0.0516398 0.0548087 0.0563848 0.056691 0.0560874 0.0549018 0.053416 0.0518662 0.0504343 0.0492107 0.0481238 0.0468741 0.0449438 0.0417487 0.0369178 0.0305626 0.0233473
 0.00555848 0.00910528 0.0138489 0.0197999 0.0268062 0.0344391 0.0419714 0.0485613 0.053563 0.0567297 0.0581856 0.0582555 0.0573133 0.0557113 0.0537581 0.0517082 0.0497512 0.0479865 0.0463723 0.0446665 0.042423 0.0391179 0.0344034 0.0283653 0.0215985
 0.00572742 0.00940003 0.0143292 0.0205324 0.0278486 0.0358158 0.0436517 0.0504574 0.0555501 0.0586779 0.0599833 0.0598143 0.0585608 0.0565826 0.0541936 0.0516564 0.0491724 0.0468578 0.0447003 0.0425077 0.0399043 0.0364379 0.0318025 0.0260704 0.0197651
 0.00594638 0.00975412 0.01486 0.0212808 0.0288515 0.0370978 0.045212 0.0522569 0.0575065 0.0606724 0.0618779 0.0614755 0.0598799 0.0574847 0.0546322 0.0516005 0.0485961 0.0457419 0.0430463 0.0403621 0.0373828 0.033732 0.0291544 0.0237179 0.0178776
 0.00613373 0.0100844 0.0154037 0.022117 0.0300475 0.0386787 0.0471352 0.0544098 0.0597335 0.0628145 0.0638013 0.063079 0.0610885 0.0582432 0.0549024 0.0513596 0.0478323 0.044452 0.0412428 0.0380936 0.0347594 0.0309371 0.0264259 0.0212938 0.015931
 0.0063195 0.0103962 0.0158926 0.0228409 0.0310633 0.0400281 0.0488242 0.0563922 0.0619056 0.0650257 0.0658782 0.0648565 0.062438 0.0590859 0.0552049 0.0511175 0.0470547 0.043154 0.0394511 0.0358645 0.032202 0.0282259 0.0237845 0.0189479 0.014046
 0.00656803 0.0108005 0.0165014 0.0236999 0.032207 0.0414666 0.0505304 0.0582973 0.0639085 0.0670095 0.0677234 0.0664475 0.0636682 0.0598664 0.0554749 0.0508496 0.0462506 0.0418366 0.0376615 0.033671 0.0297169 0.0256162 0.0212589 0.016714 0.0122552
 0.00691093 0.0113334 0.0172582 0.0246962 0.0334397 0.042913 0.0521447 0.060009 0.0656287 0.0686443 0.0691871 0.0676686 0.0645875 0.0604328 0.055643 0.0505823 0.0455252 0.0406512 0.0360418 0.0316787 0.0274594 0.0232501 0.0189747 0.014698 0.0106417
 0.0071087 0.0116551 0.0177413 0.025373 0.0343273 0.0440013 0.0533866 0.061325 0.0669269 0.0698469 0.0702452 0.0685586 0.0652944 0.0609341 0.0559024 0.0505525 0.045158 0.039911 0.03492 0.0302075 0.0257219 0.0213801 0.017139 0.0130609 0.00932246
 0.0072303 0.0118767 0.0181185 0.0259704 0.0352016 0.045174 0.0548204 0.0629177 0.0685318 0.0713098 0.0714409 0.0694135 0.0657903 0.0610941 0.0557667 0.0501548 0.0445117 0.0390114 0.0337605 0.0288026 0.0241268 0.0196974 0.0155048 0.0116127 0.00816043
 0.00735675 0.0121019 0.0184945 0.0265593 0.0360634 0.0463452 0.0562907 0.0646163 0.0703309 0.0730435 0.0729356 0.0705209 0.0664167 0.0612162 0.0554262 0.0494331 0.0434976 0.0377769 0.0323544 0.0272637 0.0225057 0.018072 0.0139778 0.0102881 0.00711239
 0.00747327 0.0122641 0.0186905 0.0267678 0.0362688 0.0465576 0.056557 0.0650109 0.0709243 0.073865 0.0739474 0.071618 0.0674526 0.0620426 0.055931 0.0495632 0.043259 0.0372161 0.0315363 0.0262564 0.0213803 0.0169085 0.0128651 0.00931146 0.00633294
 0.00756172 0.0124065 0.0189005 0.027052 0.0366202 0.0469498 0.0569455 0.0653481 0.0711862 0.0740718 0.0741604 0.0719067 0.0678502 0.0625188 0.0563974 0.0499075 0.0433862 0.0370768 0.0311319 0.0256296 0.0205999 0.0160574 0.0120297 0.00856883 0.00573626
 0.0076209 0.012498 0.0190295 0.027221 0.036829 0.0471955 0.0572198 0.0656345 0.0714595 0.0743049 0.0743368 0.0720337 0.0679597 0.0626499 0.0565695 0.0500993 0.0435386 0.0371165 0.0310032 0.0253157 0.0201276 0.0154868 0.0114362 0.00802378 0.0052903
 0.00768927 0.0126008 0.0191687 0.0273926 0.0370244 0.0474031 0.0574278 0.0658314 0.0716357 0.074453 0.074452 0.0721139 0.0680082 0.0626776 0.0565927 0.0501302 0.0435719 0.0371242 0.0309434 0.0251529 0.0198522 0.0151224 0.0110319 0.00763586 0.00496377
 0.00764158 0.0125286 0.0190699 0.0272691 0.0368815 0.0472491 0.0572739 0.0656926 0.0715304 0.0744004 0.0744684 0.072207 0.068174 0.0629013 0.056853 0.0504047 0.0438385 0.0373588 0.0311181 0.0252406 0.0198371 0.0150103 0.0108514 0.00742895 0.00477064
 0.00770834 0.0126353 0.0192266 0.0274825 0.037152 0.0475667 0.0576148 0.0660201 0.0718016 0.0745781 0.0745315 0.072157 0.0680331 0.0627045 0.0566372 0.0501989 0.0436584 0.0372056 0.0309809 0.0251019 0.0196809 0.0148303 0.0106555 0.00723618 0.00460233
 0.0077967 0.0127614 0.0193843 0.027656 0.0373213 0.0477167 0.0577407 0.0661265 0.0718959 0.0746621 0.0745982 0.0721928 0.0680251 0.0626477 0.0565383 0.0500738 0.0435256 0.037079 0.0308649 0.0249919 0.019568 0.0147084 0.0105262 0.00710888 0.00448967
 0.00783216 0.01282 0.0194731 0.0277795 0.0374776 0.047893 0.0579125 0.0662635 0.0719741 0.0746758 0.0745615 0.0721313 0.0679607 0.0625898 0.0564838 0.0500153 0.0434589 0.0370051 0.0307875 0.0249133 0.0194876 0.0146246 0.0104398 0.00702476 0.00441502
 0.00789947 0.0129297 0.0196384 0.028012 0.0377833 0.0482668 0.0583328 0.0666902 0.0723542 0.0749556 0.0747018 0.0721181 0.067809 0.0623359 0.0561719 0.0496841 0.0431351 0.0367039 0.0305167 0.0246763 0.0192849 0.0144547 0.0103004 0.00691391 0.00433104
 0.00786235 0.0128587 0.0195134 0.0278112 0.0374935 0.0478966 0.0579218 0.0663053 0.0720699 0.0748283 0.0747498 0.0723189 0.0681112 0.0626798 0.0565076 0.0499806 0.0433795 0.0368955 0.0306601 0.0247774 0.0193497 0.0144893 0.0103117 0.00690944 0.00431838
 0.00795756 0.0129815 0.0196384 0.0278936 0.0374798 0.0477428 0.0576118 0.0658603 0.0715476 0.0743107 0.074325 0.0720578 0.0680482 0.0628047 0.0567729 0.0503217 0.0437357 0.0372231 0.0309355 0.0249929 0.0195073 0.0145961 0.0103773 0.00694451 0.00433323
 0.00795272 0.0129775 0.0196378 0.0278968 0.0374789 0.0477162 0.0575231 0.0656692 0.0712293 0.0738768 0.0738308 0.0715909 0.0677008 0.0626431 0.0568189 0.0505497 0.0440872 0.0376283 0.031333 0.025341 0.0197857 0.0148014 0.010517 0.00703157 0.0043824
 0.00804599 0.0131099 0.0198017 0.0280737 0.0376451 0.0478506 0.0576121 0.0657037 0.0711977 0.0737618 0.0736169 0.0712793 0.0673225 0.0622583 0.0564992 0.0503522 0.0440345 0.0377045 0.0314952 0.0255383 0.0199755 0.0149581 0.0106313 0.00710612 0.00442594
 0.00806466 0.0131523 0.0198864 0.0282217 0.0378703 0.0481471 0.0579462 0.0660192 0.0714339 0.0738743 0.0735883 0.0711167 0.0670493 0.0619089 0.0561183 0.0499922 0.043745 0.0375175 0.0314156 0.0255452 0.0200343 0.0150343 0.010701 0.00715811 0.00445902
 0.00799607 0.0130375 0.0197095 0.0279705 0.0375451 0.0477699 0.0575653 0.0656995 0.0712348 0.0738252 0.0736775 0.0713005 0.0672727 0.0621256 0.0563023 0.0501396 0.0438696 0.0376412 0.0315564 0.0257082 0.0202093 0.0152025 0.010844 0.00726588 0.00453106
 0.00795585 0.0129695 0.0196022 0.027811 0.0373214 0.0474761 0.0572079 0.0653032 0.0708436 0.0734957 0.0734646 0.0712388 0.067364 0.0623388 0.0565867 0.050445 0.0441613 0.0379055 0.0317949 0.0259276 0.0204121 0.0153841 0.0109963 0.00738238 0.00461136
 0.00785599 0.0128252 0.0194179 0.0276013 0.037105 0.0472673 0.0570106 0.0651117 0.0706505 0.0733011 0.0732833 0.0710994 0.0672999 0.0623745 0.056726 0.0506683 0.0444341 0.038192 0.0320691 0.0261758 0.0206296 0.0155688 0.0111461 0.00749599 0.0046904
 0.00783215 0.012767 0.0192959 0.0273804 0.0367583 0.046795 0.0564527 0.0645425 0.0701535 0.0729392 0.0730809 0.0710471 0.0673727 0.0625491 0.0569865 0.0510012 0.0448207 0.0386052 0.0324781 0.0265535 0.0209573 0.0158375 0.0113542 0.00764718 0.00479231
 0.00864944 0.0139188 0.0207011 0.0288496 0.0380436 0.0476732 0.0567956 0.064342 0.0695006 0.0719822 0.0719831 0.0699529 0.0663855 0.0617245 0.0563406 0.0505264 0.0444984 0.0384121 0.032387 0.0265352 0.0209838 0.0158853 0.0114065 0.00769389 0.00482853
 0.00938211 0.0150973 0.0224389 0.0312109 0.0409917 0.0510121 0.0601431 0.0671859 0.0713477 0.0725337 0.0712351 0.0681664 0.0639594 0.059054 0.0537275 0.0481547 0.0424543 0.0367176 0.0310289 0.0254827 0.0201978 0.015323 0.0110241 0.00744882 0.00468207
 0.00915707 0.0148725 0.0223619 0.0315072 0.041906 0.0527099 0.0626171 0.0702136 0.0745225 0.075358 0.0732459 0.0690573 0.0636594 0.0577302 0.0517084 0.0458143 0.0401117 0.0345873 0.0292212 0.0240302 0.0190859 0.0145125 0.010464 0.00708467 0.00446123
 0.00887229 0.0144331 0.0217535 0.0307563 0.0411029 0.0520268 0.062301 0.0705301 0.0756507 0.0772808 0.0757016 0.0715977 0.0657922 0.0590799 0.0521219 0.0453733 0.0390625 0.033233 0.0278284 0.0227796 0.0180674 0.0137459 0.00992678 0.00673382 0.00424844
 0.00884212 0.0143627 0.0216087 0.0304944 0.0406877 0.0514535 0.0616226 0.0698718 0.0751986 0.077238 0.076218 0.0726938 0.0673169 0.0607351 0.0535566 0.0463073 0.0393764 0.0329849 0.0271982 0.0219833 0.0172852 0.0130878 0.00943426 0.00640009 0.00404217
 0.00872579 0.0141803 0.0213458 0.0301398 0.0402329 0.0508937 0.0609634 0.0691403 0.0744575 0.0765934 0.0758116 0.0726707 0.0677718 0.0616566 0.054803 0.0476372 0.0405297 0.0337749 0.0275671 0.0219959 0.0170753 0.0127938 0.0091554 0.00618493 0.0038992
 0.00866851 0.0140921 0.0212222 0.0299793 0.0400365 0.0506631 0.0606995 0.0688434 0.0741284 0.0762395 0.0754583 0.0723722 0.06761 0.0617191 0.0551412 0.0482269 0.0412621 0.0344911 0.0281212 0.0223113 0.0171611 0.0127206 0.00901073 0.00603735 0.00378432
 0.00873616 0.0141696 0.0212796 0.0299706 0.0399141 0.0504 0.0603058 0.068366 0.0736337 0.0757885 0.0750905 0.072106 0.0674559 0.0616936 0.0552687 0.0485247 0.0417159 0.03504 0.0286699 0.0227645 0.0174617 0.0128657 0.00903979 0.00600464 0.00373435
 0.00871185 0.0141498 0.0212837 0.0300227 0.0400287 0.0505645 0.0604716 0.0684609 0.0735921 0.0755851 0.0747534 0.0717027 0.0670644 0.0613779 0.0550705 0.0484657 0.0417994 0.035247 0.0289552 0.0230649 0.0177162 0.0130375 0.00912559 0.00602644 0.00372242
 0.00862832 0.0140354 0.0211521 0.0299026 0.0399583 0.0505807 0.0605968 0.0686904 0.0738879 0.0758796 0.0749677 0.0717757 0.0669779 0.0611631 0.0547934 0.0482009 0.0416059 0.0351555 0.0289641 0.0231458 0.0178266 0.0131376 0.00919208 0.00605597 0.00372552
 0.00860728 0.0140067 0.0211198 0.0298759 0.0399518 0.0506133 0.0606886 0.0688571 0.0741326 0.0761837 0.0752875 0.0720486 0.0671402 0.0611733 0.0546496 0.0479419 0.041297 0.0348639 0.0287376 0.0230016 0.0177544 0.0131117 0.0091859 0.00605214 0.00371795
 0.00860911 0.0139859 0.0210459 0.0297093 0.0396588 0.050187 0.0601658 0.0683178 0.0736783 0.0759059 0.0752384 0.0722276 0.0674963 0.0616224 0.0551008 0.0483249 0.0415797 0.0350524 0.028862 0.0230953 0.0178383 0.0131905 0.00925412 0.00610334 0.0037503
 0.0085674 0.0139359 0.0210015 0.0296893 0.0396748 0.0502296 0.0601983 0.0682879 0.0735463 0.0756721 0.0749523 0.0719687 0.0673394 0.0616056 0.0552136 0.0485195 0.0417959 0.0352431 0.0290061 0.0231953 0.0179082 0.0132435 0.00929668 0.00613631 0.00377312
 0.00864773 0.0140436 0.0211226 0.0297994 0.0397496 0.0502581 0.0601894 0.0682628 0.0735204 0.0756401 0.0748911 0.0718576 0.0671814 0.061433 0.0550719 0.0484421 0.0417886 0.0352862 0.0290697 0.0232556 0.0179548 0.0132764 0.00931989 0.00615311 0.00378496
 0.00869473 0.0141182 0.02123 0.0299399 0.0399146 0.050427 0.0603307 0.0683429 0.0735176 0.075556 0.0747488 0.0716883 0.0670092 0.0612708 0.0549277 0.0483263 0.0417127 0.0352554 0.0290778 0.0232876 0.0179943 0.0133122 0.00934745 0.00617234 0.0037975
 0.00847726 0.0138248 0.0208994 0.0296443 0.0397382 0.0504318 0.0605283 0.0686887 0.0739293 0.0759442 0.075045 0.0718594 0.0670585 0.0612262 0.0548265 0.0482035 0.0415952 0.035161 0.0290151 0.0232559 0.0179861 0.0133174 0.00935737 0.00618188 0.00380466
 0.00800101 0.0130157 0.0196262 0.0277871 0.0372445 0.0473899 0.0572162 0.0655465 0.0714415 0.0744844 0.0747665 0.0726824 0.068738 0.0634503 0.0572977 0.0506842 0.0439215 0.0372351 0.0307892 0.024716 0.0191399 0.0141875 0.0099784 0.00659739 0.00406289
 0.00847335 0.0137284 0.0205886 0.0289519 0.0384971 0.0485476 0.0580481 0.0658267 0.0710326 0.073414 0.0732417 0.0710202 0.0672484 0.0623371 0.0566238 0.0503993 0.043918 0.0373989 0.0310286 0.0249693 0.0193712 0.0143793 0.0101251 0.00670087 0.00412997
#obs surv len freq
 nan nan nan nan nan nan nan nan nan nan nan nan nan nan nan nan nan nan nan nan nan nan nan nan nan
 0.00447725 0.00733548 0.011163 0.0159783 0.02168 0.0279581 0.0342757 0.0400104 0.0446928 0.0481586 0.0505177 0.0520144 0.0529072 0.05342 0.0537345 0.0539897 0.0542684 0.0545613 0.0547001 0.054292 0.0527299 0.0493617 0.0438108 0.0362901 0.0276728
 0.00461873 0.00756416 0.0115044 0.0164548 0.0223054 0.02873 0.0351671 0.0409668 0.0456385 0.0490106 0.0512005 0.0524718 0.0531089 0.0533631 0.0534398 0.0534936 0.0536145 0.0537924 0.0538555 0.0534089 0.0518471 0.0485225 0.0430599 0.0356654 0.0271954
 0.00478296 0.00783451 0.0119173 0.0170457 0.023101 0.0297365 0.0363577 0.0422781 0.0469787 0.0502763 0.0522928 0.0533071 0.0536253 0.0535248 0.0532396 0.0529525 0.0527758 0.0527142 0.0526034 0.0520528 0.0504624 0.0471898 0.0418594 0.0346632 0.026428
 0.00497666 0.00815177 0.0123994 0.0177329 0.0240254 0.0309099 0.0377588 0.0438461 0.0486196 0.0518777 0.0537405 0.0544966 0.0544697 0.05396 0.0532286 0.0524878 0.0518801 0.0514384 0.0510232 0.0502655 0.0485838 0.0453481 0.0401817 0.0332534 0.0253446
 0.00518508 0.00849308 0.0129178 0.0184716 0.0250189 0.0321713 0.039267 0.0455403 0.0504067 0.0536482 0.0553835 0.0559082 0.0555565 0.054642 0.0534435 0.0521962 0.0510718 0.0501376 0.0492934 0.0482116 0.0463496 0.0431053 0.0381062 0.031492 0.0239827
 0.00542689 0.00888701 0.0135123 0.0193123 0.0261404 0.033584 0.0409427 0.0474075 0.0523604 0.0555695 0.057158 0.0574349 0.0567495 0.055428 0.0537601 0.0519931 0.0503163 0.048826 0.0474642 0.0459587 0.0438271 0.0405162 0.0356708 0.029401 0.0223532
 0.00565278 0.00926163 0.0140898 0.0201477 0.0272784 0.0350419 0.0426925 0.0493711 0.0544212 0.0575967 0.0590279 0.0590428 0.0580114 0.0562767 0.0541404 0.0518579 0.0496274 0.0475632 0.0456434 0.0436535 0.0411837 0.037748 0.0330246 0.0271009 0.0205445
 0.00588364 0.0096382 0.0146594 0.0209565 0.0283646 0.0364231 0.0443521 0.0512499 0.0564231 0.059603 0.060915 0.0606959 0.0593333 0.0571911 0.0545895 0.051797 0.0490208 0.0463877 0.0439035 0.041406 0.0385596 0.0349551 0.0303171 0.0247201 0.0186548
 0.00612954 0.0100399 0.0152675 0.0218189 0.029517 0.0378743 0.0460696 0.0531567 0.0584097 0.0615502 0.0627122 0.0622491 0.060564 0.0580342 0.0549909 0.0517122 0.0484139 0.0452347 0.0422045 0.0392077 0.0359794 0.0321886 0.0276132 0.0223233 0.0167388
 0.00637177 0.0104372 0.0158717 0.0226803 0.0306739 0.0393375 0.0478062 0.0550842 0.0604088 0.0634887 0.0644682 0.0637249 0.0616892 0.0587605 0.055285 0.0515472 0.0477653 0.0440831 0.0405484 0.0370861 0.0334962 0.0295229 0.0249988 0.0199953 0.0148686
 0.0066076 0.0108244 0.0164616 0.0235228 0.0318078 0.0407745 0.0495147 0.0569836 0.0623805 0.0653985 0.0661892 0.0651522 0.0627462 0.0593991 0.0554802 0.0512886 0.0470483 0.0429055 0.0389186 0.0350428 0.0311328 0.0270002 0.0225289 0.0177945 0.0130971
 0.00683789 0.0112012 0.0170329 0.0243348 0.0328957 0.0421481 0.0511434 0.0587912 0.0642549 0.0672127 0.0678217 0.0665005 0.0637328 0.0599733 0.0556159 0.0509789 0.0462983 0.0417272 0.0373344 0.0330987 0.0289181 0.0246594 0.0202502 0.0157696 0.0114684
 0.00705606 0.0115598 0.0175797 0.0251161 0.0339464 0.0434763 0.0527155 0.0605273 0.0660408 0.0689223 0.0693391 0.0677315 0.0646094 0.0604522 0.055676 0.0506168 0.0455236 0.0405594 0.0358049 0.03126 0.0268583 0.0225104 0.0181775 0.0139392 0.0100015
 0.00728035 0.0119269 0.0181365 0.025907 0.0350038 0.0448054 0.0542796 0.0622427 0.0677887 0.0705724 0.0707717 0.0688531 0.0653575 0.0607946 0.0556053 0.0501439 0.0446705 0.039356 0.0342905 0.029492 0.0249224 0.020527 0.0162913 0.0122906 0.00869026
 0.0074276 0.0121753 0.0185272 0.0264839 0.0358045 0.045847 0.0555433 0.0636686 0.0692838 0.0720279 0.0720808 0.0699234 0.066118 0.0611995 0.0556342 0.0497983 0.043969 0.0383296 0.0329818 0.0279599 0.0232492 0.0188211 0.0146781 0.0108883 0.00757985
 0.00753359 0.0123434 0.0187733 0.0268228 0.0362504 0.0464132 0.0562387 0.0644915 0.0702153 0.0730276 0.0730879 0.0708624 0.0669095 0.0617715 0.0559315 0.0497876 0.0436396 0.0376923 0.0320681 0.0268222 0.0219633 0.017485 0.0134017 0.00977299 0.0066947
 0.00758015 0.0124184 0.018885 0.0269787 0.0364565 0.0466731 0.0565534 0.0648608 0.07064 0.0735106 0.0736294 0.0714512 0.0675143 0.0623393 0.0563949 0.0500785 0.0437033 0.0374978 0.0316135 0.0261368 0.0211069 0.016542 0.012469 0.00894071 0.0060256
 0.0076617 0.0125408 0.0190502 0.027182 0.0366887 0.0469232 0.0568114 0.0651185 0.0708923 0.0737568 0.0738743 0.0717037 0.0677813 0.0626177 0.0566637 0.0502975 0.0438204 0.0374628 0.0313932 0.0257275 0.0205391 0.0158768 0.0117853 0.00831573 0.00551556
 0.00772459 0.0126398 0.0191928 0.0273715 0.0369221 0.0471892 0.0570893 0.0653813 0.0711147 0.0739239 0.0739874 0.071778 0.0678391 0.0626786 0.0567367 0.0503747 0.043876 0.037458 0.0312888 0.0254985 0.0201874 0.015435 0.0113085 0.00786501 0.00513915
 0.00776262 0.0126964 0.0192684 0.0274636 0.0370266 0.0473023 0.0572082 0.0655033 0.0712352 0.0740363 0.0740843 0.0718549 0.0678976 0.0627264 0.0567835 0.0504258 0.0439257 0.0374873 0.0312697 0.0254046 0.0200066 0.0151781 0.0110083 0.00756525 0.00487896
 0.00782471 0.0127912 0.0193992 0.0276286 0.0372185 0.0475085 0.0574117 0.0656851 0.0713785 0.0741309 0.0741287 0.0718551 0.0678633 0.0626686 0.0567132 0.0503528 0.0438554 0.0374176 0.0311893 0.0252969 0.0198588 0.0149893 0.0107935 0.00735029 0.00469027
 0.00783281 0.0128049 0.0194206 0.02766 0.0372613 0.0475628 0.0574749 0.0657524 0.0714438 0.0741887 0.0741757 0.0718906 0.0678888 0.0626866 0.0567259 0.0503617 0.0438605 0.0374165 0.031176 0.0252624 0.0197946 0.0148932 0.0106729 0.00722117 0.00457116
 0.00785913 0.0128398 0.0194588 0.0276922 0.0372775 0.047557 0.0574491 0.0657158 0.0714091 0.0741669 0.0741724 0.0719058 0.0679183 0.062725 0.0567683 0.050404 0.0438994 0.0374484 0.031196 0.0252649 0.0197742 0.0148481 0.0106073 0.00714521 0.00449736
 0.00790068 0.0129047 0.0195509 0.0278116 0.0374191 0.0477083 0.0575907 0.0658249 0.071467 0.0741663 0.0741206 0.0718208 0.067821 0.0626315 0.0566874 0.0503379 0.0438464 0.0374047 0.0311571 0.0252257 0.01973 0.0147964 0.0105491 0.00708522 0.00444216
 0.00788919 0.0128893 0.0195341 0.0277979 0.0374141 0.0477172 0.0576156 0.0658638 0.071513 0.0742095 0.0741511 0.0718324 0.0678144 0.0626137 0.0566678 0.0503244 0.0438422 0.0374083 0.031164 0.0252302 0.0197273 0.0147838 0.010527 0.00705697 0.0044129
 0.00788304 0.0128725 0.0194966 0.0277278 0.0373021 0.0475633 0.0574342 0.0656822 0.0713632 0.074117 0.0741266 0.0718708 0.0678996 0.062726 0.0567909 0.0504475 0.04396 0.0375177 0.031262 0.025313 0.0197914 0.0148271 0.0105505 0.00706457 0.00441025
 0.00789164 0.012882 0.0195023 0.0277215 0.0372728 0.0475 0.0573292 0.0655352 0.0711852 0.0739304 0.0739618 0.071757 0.0678553 0.0627536 0.0568776 0.0505726 0.0441023 0.0376606 0.0313941 0.0254273 0.0198836 0.0148955 0.0105959 0.00709051 0.00442198
 0.0079038 0.0129002 0.0195264 0.0277496 0.0373008 0.0475211 0.0573339 0.0655128 0.0711268 0.0738332 0.0738326 0.0716134 0.0677218 0.062655 0.0568307 0.0505815 0.0441583 0.0377473 0.0314936 0.0255246 0.0199684 0.0149623 0.0106434 0.00712041 0.00443826
 0.00787884 0.0128643 0.0194812 0.0276995 0.0372519 0.0474784 0.0573002 0.0654873 0.0711053 0.0738099 0.0738016 0.0715717 0.0676721 0.0626063 0.0567966 0.050575 0.0441869 0.0378093 0.0315793 0.0256199 0.0200597 0.0150397 0.0107021 0.0071604 0.00446249
 0.00784827 0.0128102 0.0193921 0.0275639 0.0370629 0.0472404 0.0570333 0.0652252 0.0708863 0.0736636 0.0737406 0.0715904 0.0677526 0.0627274 0.0569407 0.0507319 0.044352 0.0379806 0.0317526 0.0257876 0.020212 0.0151678 0.010801 0.00722988 0.00450678
 0.00781577 0.0127559 0.0193076 0.0274401 0.0368914 0.0470171 0.0567619 0.0649211 0.0705768 0.073385 0.0735305 0.0714782 0.067751 0.0628293 0.0571237 0.0509665 0.0446109 0.038243 0.0320045 0.0260191 0.0204149 0.0153358 0.0109307 0.00732222 0.00456685
 0.00779881 0.0127235 0.01925 0.0273451 0.0367478 0.0468188 0.0565123 0.0646342 0.0702749 0.073095 0.0732804 0.0712945 0.0676561 0.0628365 0.0572329 0.051163 0.0448689 0.0385322 0.0322972 0.0262933 0.0206559 0.0155346 0.0110839 0.00743174 0.00463873
 0.00777794 0.012689 0.0191968 0.0272677 0.0366402 0.0466761 0.0563321 0.0644192 0.0700345 0.072845 0.0730424 0.0710928 0.0675139 0.0627726 0.0572579 0.0512773 0.0450609 0.0387803 0.0325735 0.0265699 0.0209091 0.0157486 0.0112512 0.00755237 0.00471851
 0.00774067 0.0126302 0.0191118 0.0271534 0.036496 0.0465043 0.0561389 0.0642144 0.0698297 0.0726517 0.0728709 0.0709526 0.0674154 0.0627266 0.0572749 0.0513635 0.0452154 0.038993 0.0328253 0.0268359 0.021164 0.0159717 0.01143 0.00768343 0.00480622
 0.00933931 0.0148683 0.0218136 0.0299328 0.0388694 0.0480696 0.0567175 0.0638771 0.068813 0.071236 0.0712913 0.0693681 0.0659179 0.0613652 0.0560753 0.0503396 0.0443735 0.0383313 0.0323326 0.0264916 0.0209405 0.0158383 0.0113577 0.00764863 0.00479183
 0.0093118 0.0151196 0.0227138 0.0319417 0.0423362 0.0529632 0.0624548 0.0694186 0.0730329 0.073367 0.0711774 0.0674047 0.0627772 0.0577074 0.0523856 0.0469042 0.0413307 0.0357332 0.0301867 0.0247809 0.0196305 0.0148808 0.0106947 0.0072169 0.00452963
 0.00895613 0.0145604 0.0219295 0.0309821 0.041377 0.0523416 0.0626304 0.07081 0.07577 0.0771053 0.0751405 0.0706793 0.0646945 0.0580741 0.051454 0.0451589 0.0392585 0.0336904 0.0283761 0.0232879 0.0184691 0.0140261 0.0101013 0.00683078 0.00429577
 0.00878798 0.0142733 0.0214727 0.0303037 0.0404429 0.0511719 0.0613425 0.0696475 0.0750806 0.077245 0.0763155 0.0727993 0.0673395 0.0606317 0.0533669 0.0461366 0.0393349 0.0331254 0.0274947 0.0223569 0.0176503 0.0133866 0.00964602 0.00653225 0.00411526
 0.00872027 0.0141598 0.0212941 0.0300364 0.0400599 0.0506473 0.060663 0.0688304 0.0741983 0.0764429 0.0758049 0.0728031 0.0679942 0.061891 0.0549762 0.0477172 0.0405402 0.0337755 0.0276131 0.0221071 0.0172322 0.0129581 0.00929402 0.00628286 0.00395824
 0.00871282 0.0141421 0.0212569 0.0299663 0.0399411 0.050464 0.0604018 0.0684827 0.0737639 0.0759387 0.0752793 0.0723486 0.0677401 0.0619634 0.0554335 0.0484972 0.0414634 0.0346147 0.0281922 0.022366 0.017224 0.012795 0.0090855 0.00609939 0.00382723
 0.00867121 0.0140792 0.0211706 0.0298572 0.0398108 0.0503133 0.0602297 0.0682864 0.0735404 0.0756869 0.0750042 0.0720681 0.0674933 0.0618124 0.0554499 0.0487298 0.0419016 0.0351756 0.0287474 0.0227976 0.0174735 0.0128749 0.00905396 0.00602202 0.00375017
 0.00868058 0.0140899 0.0211788 0.0298565 0.0397946 0.0502773 0.0601735 0.0682125 0.073451 0.0755809 0.0748772 0.071916 0.06732 0.0616374 0.0553102 0.0486721 0.0419631 0.0353606 0.0290168 0.0230818 0.0177038 0.0130137 0.0091037 0.00601224 0.00371559
 0.00866523 0.0140683 0.0211522 0.0298275 0.0397657 0.0502489 0.060143 0.0681754 0.0734033 0.0755218 0.0748084 0.0718405 0.0672398 0.0615552 0.0552338 0.0486183 0.0419547 0.0354166 0.0291385 0.0232465 0.0178727 0.0131497 0.00918787 0.00604754 0.00371868
 0.00865689 0.0140537 0.0211284 0.029792 0.0397174 0.0501898 0.0600789 0.0681146 0.0733534 0.0754858 0.0747845 0.0718232 0.0672232 0.061536 0.0552126 0.0486004 0.0419504 0.0354383 0.0291948 0.023335 0.0179784 0.0132509 0.00926603 0.0060953 0.00374001
 0.00865332 0.0140484 0.0211211 0.0297826 0.0397052 0.0501736 0.060057 0.068086 0.0733186 0.0754482 0.0747486 0.0717931 0.0672006 0.0615195 0.0551998 0.0485901 0.041945 0.0354434 0.0292167 0.0233766 0.0180359 0.0133138 0.00932227 0.00613644 0.00376423
 0.0086365 0.0140226 0.0210853 0.0297369 0.0396515 0.0501149 0.0599977 0.0680311 0.0732728 0.0754147 0.0747287 0.0717867 0.0672068 0.0615367 0.0552254 0.0486213 0.0419794 0.0354805 0.0292578 0.0234233 0.0180877 0.0133669 0.00937055 0.00617449 0.00378979
 0.0086424 0.0140305 0.0210943 0.0297448 0.0396558 0.0501136 0.0599897 0.0680167 0.0732534 0.075392 0.0747046 0.0717628 0.0671845 0.0615174 0.0552105 0.0486118 0.041976 0.0354834 0.0292674 0.0234399 0.0181107 0.0133939 0.00939798 0.00619836 0.00380755
 0.00861733 0.0139955 0.021052 0.0297014 0.0396182 0.0500872 0.0599758 0.0680128 0.0732549 0.075395 0.0747073 0.0717654 0.0671883 0.0615235 0.0552195 0.0486238 0.0419908 0.035501 0.0292878 0.0234629 0.0181356 0.0134195 0.00942223 0.00621906 0.00382321
 0.00861409 0.0139845 0.0210255 0.0296499 0.0395346 0.0499723 0.0598416 0.0678808 0.0731487 0.0753314 0.074691 0.0717902 0.0672422 0.0615941 0.0552972 0.0487023 0.0420663 0.0355712 0.0293516 0.0235197 0.0181852 0.0134617 0.0094566 0.00624545 0.00384192
 0.00861409 0.0139845 0.0210255 0.0296499 0.0395346 0.0499723 0.0598416 0.0678808 0.0731487 0.0753314 0.074691 0.0717902 0.0672422 0.0615941 0.0552972 0.0487023 0.0420663 0.0355712 0.0293516 0.0235197 0.0181852 0.0134617 0.0094566 0.00624545 0.00384192
 0.00805346 0.0131024 0.0197562 0.0279615 0.0374468 0.0475766 0.0573179 0.0654884 0.0711793 0.0740371 0.0742213 0.0721639 0.0683582 0.0632688 0.057311 0.0508429 0.0441586 0.0374902 0.0310212 0.0249051 0.019282 0.0142875 0.0100447 0.00663854 0.00408648
 0.00850506 0.0137568 0.02059 0.0288946 0.0383542 0.0483154 0.0577554 0.0655258 0.0707745 0.0732243 0.0731155 0.0709394 0.0672052 0.0623432 0.0566995 0.0505543 0.0441395 0.0376554 0.0312829 0.025192 0.0195471 0.0145065 0.01021 0.00675345 0.0041601
#pred catch len freq
 0.00313116 0.00510455 0.00774264 0.0111023 0.0152286 0.0201027 0.0255822 0.031398 0.0372124 0.0426896 0.0475435 0.0515715 0.0546801 0.0568866 0.0582926 0.0590516 0.0593449 0.0593482 0.0591501 0.0586187 0.0572944 0.0544515 0.0494209 0.0420519 0.0329994
 0.00328869 0.00531917 0.0079905 0.0113396 0.0154086 0.0201999 0.0256059 0.0313839 0.0371953 0.0426758 0.0475067 0.0514763 0.0545184 0.056702 0.0581752 0.0591019 0.059622 0.0598255 0.0597027 0.0590571 0.0574369 0.0542047 0.0488231 0.0412527 0.0321875
 0.00345041 0.005586 0.00839571 0.0119068 0.0161361 0.0210418 0.0264666 0.0321371 0.0377279 0.0429326 0.0475029 0.0512725 0.0541815 0.0562853 0.0577267 0.0586808 0.0592947 0.0596333 0.0596232 0.0589924 0.0572502 0.0537902 0.0481673 0.040445 0.0313732
 0.00353438 0.00574012 0.00866208 0.0123402 0.0167961 0.0219756 0.0276833 0.0335834 0.0392768 0.0443972 0.0486803 0.0520044 0.0544024 0.0560313 0.0571067 0.0578319 0.0583464 0.0586842 0.058722 0.0581286 0.0563673 0.0528296 0.0471195 0.0393722 0.030384
 0.00372465 0.00602877 0.00906075 0.0128537 0.0174323 0.0227564 0.0286472 0.0347705 0.040699 0.0460042 0.0503414 0.0535207 0.0555541 0.0566437 0.057104 0.057253 0.0573178 0.0573671 0.0572603 0.0566165 0.0548477 0.0513207 0.0456521 0.0380105 0.0292126
 0.0039352 0.00637059 0.00957338 0.0135712 0.0183744 0.0239179 0.0299908 0.0362335 0.042214 0.0475192 0.0518192 0.054914 0.0567743 0.0575535 0.0575475 0.0571112 0.0565576 0.0560543 0.0555322 0.0546342 0.052759 0.0492487 0.0437049 0.0362888 0.0278004
 0.00412576 0.00668007 0.0100402 0.0142348 0.0192729 0.0250795 0.0314201 0.037897 0.0440329 0.0493779 0.0535882 0.0564776 0.0580468 0.0584714 0.0580471 0.0571164 0.0559954 0.0548929 0.0538137 0.05248 0.0503468 0.0467788 0.0413699 0.0342497 0.0261644
 0.00436543 0.00705936 0.0105931 0.0149902 0.0202541 0.026303 0.0328886 0.03959 0.0458994 0.0513327 0.0555153 0.0582424 0.0595158 0.0595332 0.0586222 0.0571505 0.0554484 0.0537399 0.0520662 0.050215 0.0477208 0.0440142 0.0387137 0.0319205 0.0243059
 0.0045563 0.0073774 0.0110865 0.0157098 0.0212446 0.0275888 0.0344586 0.0413923 0.0478485 0.0533257 0.057445 0.060003 0.0610037 0.0606493 0.0592764 0.0572686 0.0549756 0.0526452 0.0503544 0.047948 0.0450393 0.041138 0.0359087 0.0294378 0.0223185
 0.00481038 0.00777949 0.0116732 0.0165133 0.0222936 0.0289061 0.0360522 0.0432401 0.0498863 0.0554451 0.0595058 0.0618574 0.0625221 0.0617343 0.0598617 0.0573071 0.0544298 0.0514882 0.0485855 0.0456185 0.0422786 0.0381605 0.032986 0.0268363 0.0202285
 0.00503687 0.00815781 0.0122614 0.0173719 0.0234738 0.0304311 0.0378988 0.0453332 0.0521113 0.0576695 0.0615972 0.0636923 0.0639895 0.0627419 0.0603413 0.0572156 0.0537437 0.0501988 0.0467045 0.0431998 0.0394454 0.0351186 0.0300015 0.0241763 0.0180879
 0.00526783 0.00853161 0.0128231 0.0181681 0.0245511 0.0318283 0.0396314 0.0473748 0.0543789 0.0600239 0.0638612 0.065683 0.0655531 0.0637737 0.0607866 0.0570548 0.0529766 0.0488364 0.0447741 0.0407642 0.0366276 0.0321154 0.0270659 0.0215632 0.0159851
 0.00551924 0.00893337 0.0134159 0.0189881 0.0256274 0.0331775 0.0412492 0.0492272 0.0564003 0.0621187 0.0659078 0.0675415 0.0670787 0.0648376 0.0612948 0.0569574 0.0522635 0.0475268 0.0429115 0.0384248 0.0339383 0.0292654 0.0242911 0.0190992 0.0140045
 0.005791 0.00935408 0.0140111 0.0197715 0.026604 0.0343469 0.0426037 0.0507453 0.0580391 0.0638118 0.0675691 0.0690715 0.068374 0.065798 0.0618313 0.0569996 0.0517671 0.0464794 0.041338 0.0363941 0.0315728 0.0267433 0.0218292 0.0169105 0.0122439
 0.00601706 0.0097129 0.0145345 0.0204824 0.0275113 0.0354397 0.0438456 0.0520765 0.0593887 0.0651147 0.0687751 0.070143 0.0692742 0.0664818 0.0622418 0.0570734 0.0514441 0.045717 0.0401258 0.0347695 0.0296317 0.02464 0.0197559 0.0150563 0.0107471
 0.00622376 0.0100555 0.015062 0.0212438 0.0285446 0.0367539 0.0454025 0.0537831 0.0611098 0.0667007 0.0700953 0.0711108 0.0698574 0.0666936 0.062118 0.0566463 0.0507263 0.0447024 0.0388075 0.0331648 0.0278049 0.0227096 0.0178794 0.0133924 0.00941133
 0.00631409 0.0102195 0.0153425 0.021696 0.0292295 0.0377234 0.0466791 0.0553406 0.0628621 0.0685045 0.0717702 0.0724763 0.0707756 0.0670993 0.0620225 0.0561145 0.0498411 0.0435356 0.0374103 0.0315809 0.0260935 0.0209624 0.0162168 0.0119372 0.00825273
 0.00640908 0.0103521 0.0155043 0.0218724 0.0294138 0.0379344 0.0469705 0.0557908 0.0635442 0.0694475 0.0729324 0.0737428 0.0719832 0.0680791 0.0626431 0.0563096 0.049612 0.0429317 0.0365037 0.030449 0.0248183 0.0196368 0.0149443 0.0108174 0.00735752
 0.00647987 0.0104652 0.015669 0.0220924 0.0296819 0.0382296 0.0472608 0.0560477 0.063764 0.0696669 0.0732193 0.0741621 0.0725532 0.0687469 0.063295 0.0568098 0.0498484 0.0428466 0.0360991 0.029775 0.0239556 0.0186824 0.0139995 0.00997305 0.00667662
 0.0065285 0.0105401 0.0157748 0.0222314 0.0298558 0.0384388 0.0475026 0.056312 0.0640308 0.0699115 0.0734256 0.0743367 0.0727272 0.0689584 0.0635587 0.0570951 0.0500826 0.0429425 0.0359913 0.0294442 0.0234333 0.0180393 0.0133244 0.0093496 0.00616477
 0.00654747 0.010568 0.0158115 0.0222757 0.0299064 0.0384966 0.0475718 0.0563992 0.0641426 0.0700502 0.0735861 0.0745077 0.0728982 0.0691262 0.0637284 0.0572702 0.0502497 0.0430647 0.0360179 0.0293335 0.0231751 0.0176627 0.0128882 0.0089218 0.00580003
 0.00655396 0.010578 0.0158251 0.0222919 0.0299226 0.0385083 0.0475737 0.056388 0.064121 0.0700287 0.0735818 0.074538 0.072973 0.069245 0.0638816 0.0574434 0.0504252 0.043219 0.0361204 0.0293527 0.0230918 0.0174818 0.0126412 0.00865532 0.00555848
 0.0065981 0.010649 0.0159304 0.0224374 0.0301107 0.0387355 0.047827 0.0566442 0.0643494 0.0701984 0.0736706 0.0745395 0.0728996 0.0691228 0.0637413 0.0573102 0.050312 0.0431246 0.0360314 0.0292489 0.0229551 0.0173062 0.0124375 0.00844738 0.00537296
 0.00665988 0.0107361 0.0160372 0.0225516 0.0302185 0.0388284 0.0479071 0.0567219 0.0644356 0.0702959 0.0737695 0.0746209 0.0729436 0.0691183 0.0636908 0.0572276 0.0502158 0.0430287 0.03594 0.0291565 0.0228517 0.0171854 0.0123019 0.00830911 0.00524799
 0.0067231 0.0108351 0.0161783 0.0227356 0.0304376 0.039064 0.0481299 0.0568987 0.0645409 0.0703231 0.0737333 0.0745476 0.0728566 0.0690284 0.0635973 0.0571256 0.0501039 0.042911 0.0358223 0.029042 0.0227398 0.0170738 0.0121912 0.00820425 0.00515662
 0.00671737 0.0108327 0.0161879 0.0227704 0.0305133 0.0391939 0.0483186 0.0571366 0.0648022 0.0705695 0.0739241 0.0746533 0.0728692 0.0689615 0.0634763 0.0569759 0.0499437 0.0427507 0.0356679 0.0288972 0.0226067 0.0169533 0.012084 0.00811208 0.0050819
 0.0066577 0.0107311 0.0160275 0.022536 0.0301986 0.0388116 0.0479076 0.0567586 0.0645261 0.0704488 0.0739783 0.074863 0.0731855 0.0693245 0.0638337 0.0572938 0.0502071 0.0429576 0.0358225 0.0290054 0.0226747 0.016988 0.0120931 0.00810409 0.00506534
 0.00668699 0.0107576 0.0160281 0.0224749 0.0300352 0.0385152 0.0474718 0.0562116 0.0639305 0.0698916 0.0735519 0.0746407 0.0731996 0.0695573 0.0642265 0.057769 0.0506922 0.0434007 0.0361955 0.0292992 0.022892 0.0171377 0.0121875 0.00815688 0.00509003
