SBPRF35
12.7214
Curr Bio
855901
B35
870283
F35
0.169553
FOFL
0.169553
OFL
0
Bzero
3.63469e+06
#pred survey bio
 3.72665e+06 3.59017e+06 3.46784e+06 3.29676e+06 3.08751e+06 2.84167e+06 2.60142e+06 2.3306e+06 2.0714e+06 1.85339e+06 1.61432e+06 1.39647e+06 1.24243e+06 1.12096e+06 971198 848795 751980 685665 653653 629896 618752 594516 591951 572037 574348 566708 561883 568622 573027 572469 581754 589009 598040 594811 604793 618532 633728 649723 651201 658778 659462 662713 672804 683062 677303 672970 667307 654410 653807 635375 625197 740184 860911 2.05979e+07 1.96948e+07 1.91455e+07 1.9374e+07 2.01921e+07 2.13237e+07 2.25424e+07 2.37009e+07 2.47224e+07 2.55799e+07 2.62759e+07 2.68281e+07 2.72592e+07 2.75923e+07 2.78481e+07 2.80438e+07 2.81935e+07 2.83079e+07 2.83957e+07 2.84632e+07 2.85154e+07 2.85558e+07 2.85873e+07 2.8612e+07 2.86314e+07 2.86467e+07 2.86588e+07 2.86684e+07 2.86761e+07 2.86822e+07 2.86871e+07 2.86911e+07 2.86943e+07 2.86968e+07 2.86989e+07 2.87006e+07 2.8702e+07 2.87031e+07 2.8704e+07 2.87048e+07 2.87054e+07 2.87059e+07 2.87063e+07 2.87066e+07 2.87069e+07 2.87071e+07 2.87073e+07 2.87074e+07 2.87076e+07 2.87076e+07 2.87077e+07 2.87078e+07 2.87078e+07 2.87079e+07 2.87079e+07 2.8708e+07 2.8708e+07 2.8708e+07 2.8708e+07 2.8708e+07 2.8708e+07 2.87081e+07 2.87081e+07 2.87081e+07 2.87081e+07 2.87081e+07 2.87081e+07 2.87081e+07 2.87081e+07 2.87081e+07 2.87081e+07 2.87081e+07 2.87081e+07 2.87081e+07 2.87081e+07 2.87081e+07 2.87081e+07 2.87081e+07 2.87081e+07 2.87081e+07 2.87081e+07 2.87081e+07 2.87081e+07 2.87081e+07 2.87081e+07 2.87081e+07 2.87081e+07 2.87081e+07 2.87081e+07 2.87081e+07 2.87081e+07 2.87081e+07 2.87081e+07 2.87081e+07 2.87081e+07 2.87081e+07 2.87081e+07 2.87081e+07 2.87081e+07 2.87081e+07 1.28191e+06 0 0 0 0 0 0 0 0 0 0 0 0 0 0 0 0 0 0 0 0 0 0 0 0
#obs survey bio
 3.94214e+06 3.97036e+06 3.26214e+06 3.59913e+06 3.05773e+06 3.24933e+06 2.69774e+06 1.97455e+06 2.2613e+06 1.64602e+06 1.36038e+06 1.6975e+06 839459 1.12143e+06 656975 885201 636304 358753 640490 608662 692196 533095 777949 540326 367743 535617 637870 872262 694795 539763 558878 651967 452172 564455 601823 543058 630645 578410 570574 716422 681887 711524 606647 885587 602141 512111 620237 624806 970003 552885 647311 868982 749156
#pred catch bio
 107827 101829 155415 201743 249533 260800 305983 311985 289417 320484 310078 259916 236851 263813 238168 212672 183006 151836 143211 130364 138126 116653 128490 107562 114776 110450 99318.7 100295 103213 94427.8 96654.5 95922.7 106717 95873.1 93679.4 93390.6 93870.4 106742 101492 107124 104361 98799.5 99511.2 113037 110691 110477 114514 101563 113859 104047 6.94082 7.75629 8.70466 136024 129856 124692 124545 129017 135827 143249 150252 156329 161318 165256 168276 170543 172215 173433 174311 174939 175385 175701 175923 176078 176187 176263 176316 176353 176379 176396 176409 176417 176423 176427 176430 176432 176433 176434 176435 176435 176435 176436 176436 176436 176436 176436 176436 176436 176436 176436 176436 176436 176436 176436 176436 176436 176436 176436 176436 176436 176436 176436 176436 176436 176436 176436 176436 176436 176436 176436 176436 176436 176436 176436 176436 176436 176436 176436 176436 176436 176436 176436 176436 176436 176436 176436 176436 176436 176436 176436 176436 176436 176436 176436 176436 176436 176436 176436 176436 176436 176436 176436 176436 0 0 0 0 0 0 0 0 0 0 0 0 0 0 0 0 0 0 0 0 0 0 0 0 0
#obs catch bio
 0 101467 155635 201465 249150 259779 305628 312539 288883 321001 311997 261088 238676 266822 242505 216534 185866 155207 146508 132317 140366 117481 129128 107817 115913 111321 99579.2 100208 102898 93922.3 96340.4 95427.1 106999 95837.1 94095.4 93382.4 93649.8 107100 101560 107175 104276 98281.9 99561.4 112884 110832 110519 114857 101377 113383 110974 6.45761 7.75505 8.70208
#pred cpue bio
 3.68094e+06 3.54622e+06 3.42488e+06 3.25426e+06 3.0456e+06 2.80039e+06 2.5606e+06 2.2906e+06 2.03239e+06 1.81523e+06 1.57753e+06 1.36112e+06 1.2079e+06 1.08703e+06 938801 817917 722715 657568 626131 603205 592795 569652 567560 548444 550833 543567 539172 546142 550828 550502 559593 566644 575395 572169 581919 595513 610525 626175 627618 635106 635943 639271 649114 659126 653579 649486 644182 631892 631782 614204 604280 717500 837740 2.01162e+07 1.92501e+07 1.85485e+07 1.86046e+07 1.9364e+07 2.04822e+07 2.16983e+07 2.28563e+07 2.38778e+07 2.47352e+07 2.54312e+07 2.59834e+07 2.64145e+07 2.67476e+07 2.70034e+07 2.71992e+07 2.73488e+07 2.74633e+07 2.7551e+07 2.76185e+07 2.76707e+07 2.77111e+07 2.77426e+07 2.77673e+07 2.77867e+07 2.7802e+07 2.78141e+07 2.78237e+07 2.78314e+07 2.78375e+07 2.78424e+07 2.78464e+07 2.78496e+07 2.78521e+07 2.78542e+07 2.78559e+07 2.78573e+07 2.78584e+07 2.78593e+07 2.78601e+07 2.78607e+07 2.78612e+07 2.78616e+07 2.78619e+07 2.78622e+07 2.78624e+07 2.78626e+07 2.78627e+07 2.78629e+07 2.7863e+07 2.7863e+07 2.78631e+07 2.78632e+07 2.78632e+07 2.78632e+07 2.78633e+07 2.78633e+07 2.78633e+07 2.78633e+07 2.78633e+07 2.78634e+07 2.78634e+07 2.78634e+07 2.78634e+07 2.78634e+07 2.78634e+07 2.78634e+07 2.78634e+07 2.78634e+07 2.78634e+07 2.78634e+07 2.78634e+07 2.78634e+07 2.78634e+07 2.78634e+07 2.78634e+07 2.78634e+07 2.78634e+07 2.78634e+07 2.78634e+07 2.78634e+07 2.78634e+07 2.78634e+07 2.78634e+07 2.78634e+07 2.78634e+07 2.78634e+07 2.78634e+07 2.78634e+07 2.78634e+07 2.78634e+07 2.78634e+07 2.78634e+07 2.78634e+07 2.78634e+07 2.78634e+07 2.78634e+07 2.78634e+07 2.78634e+07 2.78634e+07 1.24176e+06 0 0 0 0 0 0 0 0 0 0 0 0 0 0 0 0 0 0 0 0 0 0 0 0
#obs cpue bio
 4.04526e+06 2.9393e+06 3.4778e+06 4.74547e+06 3.43106e+06 2.49256e+06 2.09483e+06 1.89668e+06 2.15783e+06 1.84245e+06 1.3163e+06 1.0125e+06 1.21009e+06 1.032e+06 744354 615440 720394 542456 459818 644009 501856 665519 603844 483782 575269 567361 555501 479453 592922 667713 565085 583047 506488 632782 390137 976601 700403 524877 729322 663829 669900 869420 422550 714838 544016 898576 629180 764901 686893 505755 749962 701430 698337
#pred surv len freq
 0.00464871 0.00756148 0.0114066 0.0161752 0.0217595 0.0278755 0.0340369 0.0396737 0.0443466 0.0478888 0.0503819 0.0520272 0.0530345 0.0535746 0.053777 0.0537475 0.0535881 0.0533935 0.0531898 0.0528117 0.0517964 0.0494337 0.0450606 0.0384957 0.030315
 0.00485763 0.00782301 0.0116594 0.0163233 0.0217097 0.0275903 0.0335689 0.0391521 0.0439175 0.0476473 0.0503382 0.0521267 0.0532107 0.0537965 0.0540639 0.0541453 0.0541235 0.0540314 0.053818 0.0532676 0.0519301 0.0491782 0.0444686 0.0377185 0.029534
 0.00497173 0.00803203 0.0120114 0.0168613 0.0224426 0.0284593 0.0344351 0.0398319 0.0442598 0.0476079 0.049999 0.0516444 0.0527342 0.0534134 0.0538011 0.0540016 0.0540933 0.0540971 0.0539248 0.0533139 0.0517962 0.0487841 0.0438233 0.0369236 0.0287373
 0.00513447 0.00828712 0.01238 0.0173631 0.0230983 0.0292885 0.0354421 0.0409799 0.0454484 0.0486766 0.0507709 0.0519952 0.0526459 0.0529758 0.0531619 0.0533023 0.0534285 0.0535038 0.0533874 0.0527748 0.0511782 0.0480292 0.0429336 0.0359729 0.0278413
 0.00535482 0.00863804 0.0128941 0.018065 0.0239997 0.030382 0.0366965 0.0423402 0.0468426 0.0500203 0.051965 0.0529233 0.0531903 0.0530554 0.0527705 0.0525187 0.0523849 0.0523331 0.0521786 0.0515586 0.0499443 0.0467639 0.0416572 0.0347527 0.0267703
 0.00562383 0.00906903 0.0135309 0.0189437 0.0251422 0.0317851 0.0383202 0.0441045 0.0486375 0.0517271 0.053474 0.0541401 0.0540319 0.0534467 0.0526549 0.05188 0.0512666 0.0508347 0.0504266 0.0496707 0.048011 0.0448574 0.0398527 0.033138 0.0254306
 0.00587345 0.00947403 0.0141391 0.0197998 0.0262797 0.0332142 0.0400138 0.0459917 0.0506112 0.0536615 0.0552435 0.0556317 0.0551504 0.0541146 0.0528114 0.051485 0.050312 0.0493583 0.0485175 0.0474586 0.0456462 0.0424943 0.0376394 0.0312055 0.0238732
 0.00614761 0.00992085 0.0148139 0.0207551 0.0275562 0.0348256 0.0419301 0.0481324 0.0528547 0.0558662 0.0572684 0.0573511 0.0564597 0.0549318 0.0530757 0.0511548 0.0493678 0.047812 0.0464268 0.0449376 0.0428644 0.0396597 0.034969 0.0288877 0.0220312
 0.00645887 0.010416 0.0155398 0.0217501 0.0288466 0.0364178 0.0438001 0.0502184 0.0550591 0.0580675 0.0593361 0.0591582 0.0578921 0.055894 0.053493 0.0509728 0.0485524 0.0463566 0.0443662 0.0423664 0.039948 0.0366262 0.0320743 0.0263623 0.0200271
 0.00672971 0.0108529 0.0161908 0.022658 0.0300405 0.0379024 0.0455436 0.0521497 0.0570794 0.0600694 0.0612186 0.0608303 0.0592686 0.0568923 0.0540331 0.0509817 0.0479711 0.0451503 0.0425415 0.0399921 0.037172 0.0336724 0.0292097 0.0238372 0.0180128
 0.00706304 0.0113937 0.0170023 0.0237969 0.0315452 0.0397739 0.0477269 0.0545287 0.0594945 0.0623511 0.0632197 0.0624444 0.0604315 0.0575713 0.0542104 0.0506394 0.0470851 0.0436972 0.0405194 0.037451 0.0342405 0.0305639 0.0261926 0.0211727 0.0158846
 0.0074869 0.0120585 0.0179582 0.0250761 0.0331595 0.041709 0.0499331 0.0569128 0.0619235 0.0646683 0.0652677 0.0640868 0.0615703 0.0581533 0.0542227 0.0500935 0.0459982 0.0420835 0.0383983 0.0348734 0.0313204 0.027493 0.02322 0.0185474 0.0137857
 0.00781955 0.0125872 0.0187309 0.0261286 0.0345079 0.0433405 0.051796 0.0589164 0.0639526 0.0666053 0.0670082 0.0655425 0.0626642 0.0588195 0.0544103 0.0497728 0.045161 0.0407396 0.0365756 0.0326295 0.028763 0.0247927 0.0205961 0.0162211 0.0119189
 0.00800493 0.0129017 0.0192282 0.0268663 0.0355341 0.0446736 0.0534056 0.0607177 0.0658218 0.0684074 0.0686236 0.0668804 0.063663 0.0594388 0.0546219 0.0495546 0.0444974 0.0396263 0.0350295 0.0307011 0.0265508 0.0224497 0.0183153 0.0141956 0.0102906
 0.00829626 0.0133802 0.0199571 0.0279064 0.0369307 0.0464351 0.0554812 0.062989 0.068117 0.0705339 0.0704046 0.068184 0.0644175 0.0596327 0.0542892 0.0487516 0.0432812 0.0380452 0.0331272 0.0285347 0.0242106 0.0200696 0.0160615 0.0122315 0.00873198
 0.00848055 0.0136889 0.0204393 0.0286152 0.037914 0.0477204 0.0570573 0.0647954 0.0700464 0.0724458 0.0721446 0.0696044 0.0653984 0.0600993 0.05422 0.0481736 0.0422536 0.0366403 0.0314198 0.0266036 0.0221504 0.0180005 0.0141227 0.0105556 0.00740987
 0.00877289 0.0141286 0.0210362 0.0293587 0.0387826 0.0486936 0.0581224 0.0659433 0.0712592 0.0736858 0.073348 0.0706847 0.0662574 0.0606437 0.0543791 0.047912 0.0415762 0.0355875 0.030058 0.0250178 0.0204413 0.0162837 0.0125208 0.00917815 0.00632842
 0.00894571 0.0144093 0.0214564 0.0299429 0.039538 0.0495981 0.0591185 0.0669472 0.0721878 0.074486 0.0740086 0.0712216 0.0666841 0.0609479 0.0545188 0.0478301 0.0412238 0.0349433 0.0291376 0.0238737 0.0191572 0.0149638 0.0112749 0.00810199 0.00548269
 0.00883412 0.014252 0.0212656 0.0297488 0.0393848 0.0495353 0.0591896 0.0671797 0.0725843 0.0750219 0.0746381 0.071892 0.0673493 0.0615713 0.055065 0.0482554 0.0414754 0.0349713 0.0289141 0.023407 0.0184963 0.0141905 0.0104863 0.00738754 0.00490439
 0.00878784 0.0141658 0.0211173 0.0295157 0.039055 0.0491228 0.0587454 0.0667868 0.072336 0.0749909 0.074853 0.0723314 0.067954 0.0622644 0.0557698 0.048904 0.042009 0.0353398 0.02908 0.0233562 0.0182476 0.0137965 0.0100224 0.00693166 0.00451662
 0.00866151 0.013972 0.0208467 0.0291655 0.0386278 0.0486256 0.0581924 0.0662078 0.0717838 0.0745404 0.0745883 0.0723219 0.0682294 0.0628017 0.0564988 0.0497266 0.0428225 0.0360541 0.029628 0.0237 0.0183829 0.0137534 0.00985726 0.00671138 0.00429992
 0.00874115 0.0140819 0.0209759 0.0292913 0.0387213 0.0486608 0.0581532 0.0660888 0.0715878 0.0742779 0.0742818 0.0720112 0.0679705 0.0626537 0.0565025 0.0498866 0.0431029 0.0363898 0.029945 0.023936 0.0185025 0.0137538 0.00976466 0.00656864 0.00415018
 0.00867736 0.0139787 0.0208212 0.029074 0.038433 0.0482994 0.0577277 0.0656231 0.0711198 0.0738542 0.073948 0.0718034 0.0679103 0.0627487 0.0567493 0.0502711 0.0435962 0.0369449 0.0305004 0.0244282 0.0188825 0.0140002 0.00988632 0.00659706 0.0041253
 0.00884353 0.0142249 0.0211464 0.0294595 0.038845 0.0486945 0.0580581 0.0658417 0.0711874 0.0737489 0.0736744 0.0713949 0.0674233 0.0622507 0.0563048 0.0499299 0.0433855 0.0368651 0.0305267 0.0245173 0.0189861 0.0140796 0.00992295 0.00659298 0.00409571
 0.00873991 0.0140758 0.0209576 0.0292482 0.0386335 0.048502 0.0578942 0.0657062 0.0710752 0.0736557 0.0735991 0.0713392 0.0673906 0.0622464 0.0563374 0.0500103 0.0435232 0.037062 0.0307714 0.0247849 0.0192434 0.0142957 0.0100793 0.00668775 0.00414102
 0.00865811 0.0139558 0.0208018 0.0290686 0.0384507 0.0483404 0.0577775 0.065651 0.0710858 0.0737197 0.0736903 0.0714269 0.0674512 0.0622715 0.0563348 0.0499991 0.0435261 0.0370982 0.0308496 0.0249003 0.0193787 0.0144279 0.0101883 0.00676348 0.00418435
 0.00861301 0.0138744 0.0206653 0.0288574 0.0381522 0.0479608 0.0573493 0.0652316 0.0707418 0.073506 0.0736325 0.0715159 0.0676504 0.0625323 0.0566123 0.0502636 0.0437665 0.0373173 0.0310558 0.0250987 0.0195667 0.0145963 0.0103262 0.00686443 0.00424931
 0.00851553 0.013715 0.0204239 0.0285146 0.0376941 0.0473857 0.0566769 0.0645083 0.0700393 0.0729103 0.0732259 0.0713571 0.0677582 0.0628799 0.0571366 0.0508851 0.044411 0.0379305 0.0316069 0.0255748 0.0199648 0.0149162 0.01057 0.00703747 0.00436174
 0.00851735 0.0137044 0.0203826 0.0284164 0.0375101 0.0470938 0.0562706 0.0640019 0.0694666 0.0723215 0.0726827 0.0709257 0.0674987 0.0628323 0.057308 0.0512459 0.0449031 0.0384842 0.0321589 0.0260794 0.0203955 0.0152626 0.0108322 0.00722282 0.00448275
 0.00862513 0.0138621 0.0205862 0.0286482 0.0377396 0.047282 0.0563751 0.0639837 0.0692993 0.0720008 0.0722331 0.0703991 0.0669654 0.0623671 0.0569748 0.0510835 0.0449164 0.0386456 0.0324189 0.0263822 0.0206933 0.015523 0.0110391 0.00737338 0.00458305
 0.00861788 0.0138544 0.0205817 0.0286516 0.0377537 0.0473036 0.0563925 0.0639769 0.0692455 0.0718816 0.0720414 0.0701434 0.0666709 0.0620727 0.0567268 0.0509257 0.0448789 0.0387352 0.0326166 0.0266491 0.0209829 0.015794 0.0112643 0.00754172 0.00469684
 0.0086421 0.0138878 0.0206214 0.0286917 0.0377881 0.047329 0.0564097 0.0639888 0.0692522 0.0718757 0.0720079 0.0700654 0.0665383 0.0618899 0.0565157 0.050722 0.0447224 0.038658 0.0326324 0.026749 0.0211394 0.0159717 0.011431 0.0076769 0.00479347
 0.00858492 0.0138086 0.0205271 0.0285967 0.037709 0.0472776 0.0563879 0.0639897 0.0692653 0.0718931 0.0720256 0.0700803 0.0665442 0.0618781 0.0564801 0.0506659 0.0446616 0.0386164 0.0326325 0.0268018 0.0212396 0.0160999 0.0115627 0.00779146 0.0048799
 0.00860973 0.0138486 0.0205871 0.0286816 0.0378237 0.0474255 0.0565689 0.0641959 0.0694788 0.0720868 0.0721688 0.0701471 0.0665218 0.0617689 0.0562992 0.0504358 0.0444089 0.0383697 0.0324194 0.0266436 0.0211453 0.0160641 0.0115689 0.00781935 0.00491231
 0.00849136 0.0136689 0.020341 0.0283743 0.037471 0.0470534 0.0562122 0.0638964 0.0692784 0.0720166 0.0722391 0.0703428 0.066806 0.0620935 0.0566179 0.0507151 0.0446329 0.0385392 0.032547 0.0267465 0.0212381 0.0161541 0.0116551 0.00789589 0.00497329
 0.00845356 0.013592 0.0201976 0.0281319 0.037103 0.0465551 0.055614 0.063264 0.0686975 0.07157 0.071986 0.0703086 0.066981 0.0624389 0.0570757 0.0512209 0.0451296 0.038987 0.0329265 0.0270558 0.0214854 0.0163501 0.0118083 0.00801168 0.00505582
 0.00846593 0.0136034 0.0201974 0.0281018 0.0370178 0.0463866 0.0553386 0.0628727 0.0682067 0.0710272 0.0714651 0.0698927 0.0667389 0.0624054 0.057244 0.0515491 0.0455553 0.0394453 0.0333644 0.0274397 0.0218009 0.016597 0.0119935 0.00814449 0.00514598
 0.00837021 0.0134693 0.0200347 0.0279315 0.0368637 0.0462627 0.0552398 0.0627745 0.0680757 0.0708368 0.071211 0.0695998 0.0664586 0.0622005 0.0571682 0.0516283 0.04578 0.0397757 0.0337457 0.0278189 0.0221392 0.0168736 0.0122035 0.0082935 0.0052447
 0.00834582 0.0134338 0.0199898 0.0278833 0.0368234 0.0462458 0.0552621 0.0628449 0.0681868 0.0709594 0.0712986 0.0696058 0.0663577 0.0620041 0.0569229 0.0513987 0.0456234 0.0397226 0.0337933 0.0279388 0.0222929 0.0170269 0.0123342 0.00839257 0.00531266
 0.00824895 0.0132857 0.0197847 0.0276235 0.0365196 0.0459176 0.0549386 0.0625633 0.067986 0.0708696 0.071329 0.0697386 0.0665515 0.0622091 0.0571008 0.0515373 0.0457379 0.0398418 0.0339409 0.0281203 0.0224945 0.0172246 0.0125059 0.00852538 0.00540483
 0.00824157 0.013267 0.0197446 0.0275487 0.0363982 0.0457447 0.0547215 0.0623227 0.0677517 0.0706736 0.0711983 0.0696892 0.0665846 0.0623091 0.0572399 0.0516855 0.0458748 0.0399639 0.0340576 0.0282437 0.0226288 0.0173627 0.0126341 0.00863128 0.00548241
 0.00834105 0.0134029 0.0199009 0.0276937 0.0364918 0.0457517 0.0546235 0.0621229 0.0674738 0.0703551 0.0708834 0.0694204 0.0663945 0.0622142 0.0572373 0.051756 0.045991 0.0400998 0.0341968 0.0283796 0.02276 0.0174871 0.0127462 0.00872431 0.00555205
 0.00829074 0.0133414 0.0198444 0.0276661 0.0365134 0.0458239 0.0547195 0.0621938 0.0674688 0.0702463 0.0706791 0.0691615 0.0661372 0.0620103 0.0571203 0.0517356 0.0460557 0.0402252 0.0343548 0.0285468 0.0229205 0.0176314 0.0128687 0.00882145 0.00562303
 0.00817447 0.0131665 0.019609 0.027381 0.0362033 0.0455254 0.0544756 0.0620428 0.067429 0.0703047 0.0707942 0.0692819 0.0662267 0.0620629 0.057157 0.0517883 0.0461492 0.0403669 0.0345351 0.0287459 0.0231171 0.0178086 0.0130161 0.00893481 0.00570337
 0.00814617 0.0131252 0.0195554 0.0273191 0.0361395 0.0454676 0.0544325 0.0620239 0.0674435 0.0703577 0.070881 0.0693841 0.0663152 0.0621087 0.0571457 0.0517279 0.0460662 0.0402934 0.0344945 0.028746 0.0231516 0.0178633 0.0130762 0.00898924 0.00574616
 0.00807516 0.0130187 0.0194122 0.0271445 0.0359448 0.0452681 0.0542462 0.0618695 0.0673389 0.0703163 0.0709087 0.0694774 0.0664597 0.0622807 0.0573167 0.0518737 0.0461755 0.0403704 0.0345542 0.0288043 0.023217 0.017935 0.013147 0.00905115 0.00579402
 0.0079694 0.0128595 0.0191964 0.0268785 0.0356434 0.0449524 0.0539414 0.0616031 0.0671372 0.0701994 0.0708869 0.0695497 0.0666152 0.0625002 0.0575755 0.0521442 0.0464324 0.0405966 0.0347439 0.0289611 0.0233486 0.0180471 0.0132413 0.00912661 0.00584976
 0.00787918 0.0127229 0.0190099 0.0266461 0.0353766 0.0446683 0.0536617 0.0613521 0.066938 0.07007 0.0708363 0.069578 0.0667156 0.0626615 0.0577833 0.052381 0.0466789 0.040834 0.0349577 0.0291437 0.023499 0.0181683 0.0133368 0.0091992 0.00590179
 0.00775624 0.0125203 0.0187012 0.0262082 0.0347984 0.0439628 0.0528753 0.0605632 0.0662408 0.0695497 0.0705489 0.0695416 0.0669141 0.0630545 0.0583177 0.0530006 0.0473309 0.041473 0.0355481 0.0296609 0.0239296 0.0185091 0.0135927 0.00938043 0.00602191
 0.00801213 0.0128812 0.0191414 0.0266663 0.0351907 0.0442081 0.0529166 0.0603807 0.065853 0.0690093 0.0699329 0.0689362 0.0663965 0.0626778 0.0581032 0.0529408 0.0473974 0.0416273 0.03575 0.0298753 0.0241302 0.0186799 0.0137269 0.00947818 0.00608795
 0.00801243 0.0129171 0.0192575 0.026917 0.0356153 0.0447966 0.0535885 0.060996 0.0662597 0.0691024 0.0696926 0.068427 0.0657351 0.0619912 0.0574956 0.0524761 0.0470976 0.0414801 0.0357219 0.0299251 0.0242191 0.0187778 0.0138148 0.00954718 0.00613649
 0.00707138 0.0114495 0.0171719 0.0241887 0.0323113 0.0410995 0.0498081 0.0575365 0.0635303 0.0674026 0.0691382 0.0689525 0.0671564 0.0640805 0.0600332 0.0552697 0.0499824 0.0443131 0.0383795 0.0323045 0.0262449 0.0204087 0.0150478 0.0104161 0.00670284
 0.00639721 0.0103606 0.0155478 0.0219269 0.029353 0.0374711 0.0456653 0.0531833 0.0593877 0.063931 0.0667397 0.0678865 0.067492 0.0657002 0.0626811 0.0586244 0.0537211 0.0481496 0.0420769 0.0356763 0.0291555 0.0227776 0.0168546 0.011698 0.00754266
#obs surv len freq
 nan nan nan nan nan nan nan nan nan nan nan nan nan nan nan nan nan nan nan nan nan nan nan nan nan
 0.00448704 0.00734945 0.0111804 0.0159973 0.021698 0.0279731 0.0342863 0.0400165 0.044695 0.0481578 0.0505147 0.0520097 0.0529011 0.0534129 0.0537267 0.0539812 0.0542595 0.054552 0.0546906 0.0542825 0.0527206 0.049353 0.0438031 0.0362837 0.0276679
 0.00461928 0.00756676 0.0115114 0.0164689 0.0223287 0.0287624 0.0352053 0.0410047 0.0456695 0.0490299 0.0512071 0.0524676 0.0530973 0.0533473 0.0534221 0.0534753 0.053596 0.0537739 0.053837 0.0533905 0.0518292 0.0485057 0.0430451 0.0356531 0.027186
 0.00477746 0.00782635 0.0119067 0.0170336 0.0230895 0.0297288 0.0363574 0.0422884 0.0470002 0.0503063 0.0523257 0.0533361 0.0536456 0.0535346 0.0532401 0.0529464 0.0527661 0.0527027 0.0525913 0.0520407 0.0504507 0.0471788 0.0418497 0.0346551 0.0264218
 0.00495915 0.00812498 0.0123623 0.0176857 0.0239699 0.0308493 0.0376981 0.0437916 0.0485785 0.0518559 0.0537411 0.0545183 0.0545072 0.0540056 0.053275 0.0525304 0.0519173 0.0514708 0.0510524 0.0502928 0.0486096 0.0453721 0.0402029 0.0332711 0.0253581
 0.00517608 0.00847711 0.0128914 0.0184311 0.0249613 0.0320967 0.0391794 0.0454478 0.05032 0.0535778 0.0553373 0.0558905 0.0555674 0.0546778 0.0534976 0.0522606 0.0511394 0.0502035 0.0493555 0.0482694 0.0464031 0.043154 0.0381489 0.0315271 0.0240094
 0.00541955 0.00887513 0.0134944 0.0192867 0.0261051 0.0335369 0.0408822 0.0473338 0.0522765 0.0554819 0.0570761 0.0573693 0.0567092 0.0554181 0.0537807 0.0520398 0.0503818 0.0489021 0.0475438 0.046037 0.0439008 0.040583 0.0357287 0.0294483 0.022389
 0.00565062 0.009257 0.0140807 0.0201317 0.0272531 0.0350054 0.0426449 0.0493135 0.054356 0.0575266 0.0589561 0.0589741 0.0579523 0.0562351 0.0541232 0.0518688 0.0496657 0.0476239 0.0457192 0.0437363 0.0412665 0.0378253 0.0330922 0.027156 0.0205859
 0.00588394 0.00963767 0.0146566 0.0209494 0.0283506 0.0363997 0.0443177 0.0512044 0.0563677 0.0595405 0.0608491 0.060631 0.0592738 0.057142 0.0545563 0.0517849 0.0490335 0.0464257 0.0439636 0.0414814 0.0386421 0.0350365 0.0303905 0.0247807 0.0187007
 0.00612591 0.0100367 0.0152674 0.0218257 0.029534 0.0379021 0.0461047 0.0531914 0.0584346 0.0615572 0.0626971 0.0622124 0.0605103 0.0579708 0.0549263 0.0516548 0.0483715 0.0452127 0.0422049 0.0392283 0.0360148 0.0322314 0.0276562 0.022361 0.0167681
 0.00639391 0.01047 0.0159154 0.0227333 0.030734 0.0394029 0.0478758 0.0551566 0.0604803 0.0635519 0.0645131 0.0637416 0.0616715 0.0587088 0.0552059 0.0514518 0.0476665 0.0439924 0.0404744 0.0370326 0.0334628 0.0295059 0.0249928 0.0199953 0.0148708
 0.00661586 0.0108409 0.0164917 0.0235727 0.0318823 0.0408735 0.0496313 0.0571051 0.0624924 0.0654891 0.0662519 0.0651846 0.0627473 0.0593684 0.0554188 0.0512007 0.0469422 0.0427923 0.0388099 0.0349478 0.0310567 0.0269438 0.02249 0.0177693 0.0130816
 0.00685627 0.0112316 0.0170797 0.0244027 0.0329889 0.0422689 0.0512905 0.0589575 0.0644274 0.0673738 0.0679527 0.0665863 0.0637649 0.0599509 0.0555443 0.050867 0.0461571 0.0415688 0.0371717 0.0329436 0.0287804 0.024545 0.0201612 0.0157048 0.0114242
 0.00707904 0.0115971 0.0176358 0.0251949 0.0340506 0.0436062 0.0528675 0.0606936 0.0662104 0.069083 0.0694779 0.0678363 0.0646693 0.06046 0.0556296 0.05052 0.0453856 0.0403929 0.0356242 0.0310795 0.0266905 0.0223649 0.0180601 0.013851 0.00994021
 0.00729958 0.0119597 0.0181888 0.0259849 0.035112 0.0449454 0.0544465 0.0624256 0.0679726 0.0707415 0.0709128 0.0689565 0.0654167 0.0608058 0.0555672 0.0500578 0.0445416 0.0391933 0.0341066 0.0293013 0.0247393 0.0203637 0.0161561 0.0121872 0.00861737
 0.00745747 0.0122226 0.0185958 0.026577 0.0359237 0.0459917 0.0557097 0.063849 0.0694664 0.0721984 0.0722248 0.0700285 0.0661758 0.0612062 0.0555904 0.0497077 0.0438374 0.0381653 0.0327954 0.0277642 0.0230582 0.0186477 0.0145323 0.0107751 0.00749936
 0.00753802 0.0123533 0.0187932 0.0268584 0.0363074 0.0464947 0.0563436 0.0646141 0.0703471 0.0731591 0.0732104 0.0709679 0.0669902 0.0618202 0.0559427 0.0497585 0.043571 0.0375886 0.0319371 0.0266745 0.0218116 0.0173419 0.0132778 0.0096748 0.00662381
 0.00760134 0.0124508 0.0189299 0.0270362 0.0365264 0.046755 0.0566469 0.0649643 0.07075 0.0736208 0.0737313 0.071536 0.0675746 0.0623702 0.0563938 0.0500446 0.0436373 0.0374024 0.0314943 0.026002 0.0209671 0.0164085 0.0123521 0.00884704 0.00595732
 0.00767636 0.0125639 0.0190836 0.0272266 0.0367443 0.0469879 0.0568816 0.0651895 0.07096 0.0738187 0.07393 0.071753 0.0678229 0.062648 0.056678 0.0502911 0.0437902 0.0374079 0.0313158 0.0256329 0.0204352 0.0157734 0.0116917 0.00823894 0.00545851
 0.00773083 0.0126511 0.0192117 0.027401 0.0369648 0.0472457 0.0571573 0.0654554 0.0711875 0.0739884 0.0740387 0.0718144 0.0678614 0.0626886 0.0567354 0.0503618 0.0438495 0.037416 0.0312307 0.0254265 0.0201066 0.0153525 0.0112322 0.00780117 0.00509096
 0.00778178 0.012726 0.0193101 0.027518 0.0370932 0.0473797 0.0572934 0.0655919 0.0713209 0.0741116 0.074142 0.0718896 0.0679068 0.0627114 0.0567483 0.0503755 0.0438646 0.0374181 0.031194 0.025324 0.0199241 0.0150983 0.0109365 0.00750588 0.00483437
 0.00783387 0.0128069 0.0194242 0.0276657 0.0372697 0.0475737 0.0574876 0.0657657 0.0714564 0.0741993 0.0741826 0.0718915 0.0678804 0.0626657 0.0566909 0.0503132 0.0438019 0.0373543 0.0311197 0.0252244 0.0197864 0.0149207 0.0107325 0.0073001 0.00465255
 0.00786798 0.0128603 0.0195005 0.0277669 0.0373951 0.0477194 0.0576455 0.0659231 0.0715978 0.0743095 0.0742511 0.0719149 0.067863 0.0626171 0.0566225 0.0502351 0.0437212 0.0372734 0.0310365 0.0251322 0.0196778 0.0147929 0.0105911 0.00715847 0.00452653
 0.00785341 0.0128361 0.0194635 0.0277145 0.0373271 0.0476399 0.057564 0.0658539 0.071556 0.0743063 0.0742896 0.0719893 0.0679611 0.0627248 0.0567275 0.0503291 0.0437998 0.0373341 0.0310769 0.0251492 0.0196683 0.0147566 0.0105329 0.0070886 0.00445742
 0.00789445 0.0128917 0.0195267 0.0277717 0.0373619 0.047639 0.0575228 0.0657779 0.0714595 0.0742081 0.0742082 0.0719389 0.0679484 0.0627477 0.056777 0.0503929 0.0438656 0.0373925 0.0311214 0.0251754 0.019674 0.0147418 0.0105012 0.00704693 0.00441425
 0.00792298 0.012939 0.0195989 0.0278729 0.0374908 0.0477848 0.0576638 0.0658852 0.071507 0.0741832 0.0741182 0.0718074 0.0678061 0.0626213 0.0566826 0.0503344 0.0438373 0.0373839 0.0311211 0.0251742 0.0196659 0.0147243 0.0104751 0.00701601 0.0043835
 0.00788444 0.0128799 0.019517 0.0277697 0.0373724 0.0476626 0.0575529 0.0658012 0.0714603 0.0741744 0.0741378 0.0718419 0.0678455 0.0626641 0.0567339 0.0504003 0.0439197 0.0374782 0.0312179 0.0252626 0.0197371 0.0147738 0.0105031 0.00702651 0.00438265
 0.00790709 0.0129046 0.0195321 0.0277578 0.0373156 0.0475514 0.0573932 0.0656151 0.0712794 0.0740292 0.0740484 0.0718135 0.0678701 0.0627262 0.0568179 0.0504957 0.0440213 0.0375831 0.0313223 0.0253606 0.0198215 0.0148392 0.0105477 0.00705236 0.00439446
 0.00791212 0.0129159 0.0195538 0.0277933 0.0373642 0.0476035 0.0574298 0.0656127 0.0712204 0.0739134 0.0738957 0.0716568 0.0677421 0.0626473 0.0567925 0.0505153 0.0440722 0.0376522 0.0313993 0.0254375 0.0198917 0.0148973 0.0105908 0.00708035 0.00441
 0.00788088 0.0128649 0.0194773 0.0276873 0.0372291 0.0474469 0.0572669 0.065463 0.0711006 0.0738302 0.0738457 0.0716326 0.06774 0.0626709 0.056849 0.0506082 0.0441976 0.0377989 0.0315528 0.0255841 0.020021 0.015003 0.0106703 0.00713495 0.00444387
 0.00784953 0.0128134 0.0193991 0.0275762 0.0370808 0.0472621 0.0570538 0.0652389 0.0708893 0.0736574 0.0737314 0.0715863 0.0677593 0.062745 0.0569646 0.0507545 0.0443662 0.0379817 0.0317399 0.0257637 0.0201817 0.0151363 0.0107724 0.00720666 0.00448975
 0.00783179 0.0127798 0.0193397 0.0274794 0.0369361 0.0470651 0.0568109 0.0649681 0.0706172 0.0734134 0.0735424 0.071472 0.0677298 0.0627995 0.0570921 0.0509371 0.0445839 0.038216 0.0319749 0.0259857 0.0203792 0.0153007 0.0108994 0.0072971 0.0045486
 0.00782407 0.0127654 0.0193145 0.0274372 0.0368699 0.0469674 0.0566763 0.0647957 0.0704136 0.0731934 0.0733283 0.0712901 0.0676042 0.0627469 0.0571183 0.0510368 0.0447424 0.0384133 0.0321898 0.0261987 0.0205744 0.0154666 0.01103 0.00739161 0.00461117
 0.0077647 0.0126719 0.0191795 0.0272566 0.0366439 0.0467026 0.0563864 0.0645015 0.0701387 0.0729595 0.0731519 0.0711815 0.0675697 0.0627897 0.0572378 0.0512269 0.0449905 0.0387005 0.0324931 0.0264949 0.0208431 0.0156932 0.0112071 0.00751934 0.00469563
 0.00773509 0.0126189 0.019091 0.0271192 0.0364465 0.0464427 0.0560752 0.0641641 0.0698091 0.0726716 0.0729319 0.0710448 0.0675216 0.0628277 0.057355 0.0514136 0.0452343 0.0389854 0.0327995 0.0268005 0.0211261 0.0159364 0.0114 0.00766019 0.00478966
 0.00769504 0.0125558 0.0189994 0.0269945 0.036285 0.0462418 0.0558352 0.063891 0.0695171 0.0723834 0.0726761 0.0708502 0.0674103 0.0628111 0.0574322 0.0515745 0.0454628 0.0392621 0.033103 0.0271082 0.0214159 0.0161893 0.0116039 0.00781096 0.00489148
 0.00767106 0.0125147 0.0189339 0.026897 0.0361495 0.046067 0.055627 0.0636616 0.0692821 0.0721579 0.0724732 0.070682 0.0672901 0.0627525 0.0574462 0.0516652 0.0456254 0.0394835 0.0333634 0.0273847 0.021685 0.0164303 0.0118023 0.00796043 0.00499403
 0.0076684 0.0125116 0.0189311 0.0268949 0.036147 0.0460596 0.0556064 0.0636175 0.069206 0.0720472 0.0723327 0.0705237 0.0671299 0.0626083 0.0573362 0.0516051 0.0456257 0.0395464 0.0334816 0.0275424 0.0218611 0.0166033 0.0119541 0.00808038 0.00507937
 0.00766439 0.0125055 0.0189226 0.0268842 0.036135 0.0460475 0.0555952 0.063607 0.0691931 0.0720256 0.0722947 0.0704634 0.067047 0.0625098 0.0572356 0.0515196 0.045572 0.0395366 0.03352 0.0276238 0.0219722 0.0167259 0.0120705 0.00817758 0.0051514
 0.00763741 0.0124666 0.0188734 0.0268293 0.0360807 0.0460001 0.0555589 0.0635835 0.0691823 0.0720254 0.072301 0.0704701 0.0670471 0.0624978 0.0572106 0.0514868 0.0455422 0.0395229 0.0335332 0.0276679 0.0220432 0.0168128 0.0121592 0.00825583 0.00521187
 0.00759388 0.0123975 0.0187729 0.0266945 0.0359135 0.0458093 0.055362 0.0634044 0.0690452 0.0719478 0.0722885 0.0705159 0.0671359 0.0626112 0.0573312 0.0516022 0.0456472 0.0396189 0.0336259 0.0277632 0.0221429 0.0169135 0.0122536 0.00833605 0.00527308
 0.00757265 0.0123612 0.0187151 0.0266082 0.0357931 0.0456536 0.055177 0.0632045 0.068852 0.0717852 0.0721778 0.0704705 0.0671585 0.062693 0.0574556 0.0517496 0.0457999 0.0397653 0.033761 0.0278869 0.0222567 0.0170172 0.0123447 0.00841103 0.00532959
 0.00755223 0.0123283 0.0186659 0.0265392 0.0357011 0.0455367 0.0550359 0.0630437 0.0686807 0.0716175 0.0720309 0.0703628 0.0671053 0.0627027 0.0575267 0.0518709 0.0459541 0.0399334 0.0339274 0.0280414 0.022394 0.017135 0.012442 0.00848719 0.0053851
 0.00755751 0.0123349 0.0186721 0.0265418 0.035696 0.0455196 0.0550028 0.062992 0.0686088 0.0715261 0.0719243 0.0702496 0.0669986 0.0626183 0.0574787 0.0518677 0.0459954 0.0400108 0.0340273 0.0281497 0.0224991 0.0172291 0.0125209 0.00854897 0.00543005
 0.00754461 0.0123195 0.0186591 0.0265386 0.0357097 0.045553 0.0550514 0.0630442 0.0686494 0.0715417 0.0719067 0.0701981 0.0669195 0.0625236 0.0573841 0.0517895 0.0459463 0.0399969 0.0340468 0.0281941 0.0225572 0.0172902 0.0125768 0.00859489 0.00546428
 0.00752656 0.0122877 0.0186072 0.0264608 0.035604 0.045425 0.0549165 0.0629247 0.068567 0.0715077 0.0719185 0.0702414 0.0669756 0.0625775 0.0574292 0.0518273 0.0459839 0.0400426 0.0341055 0.0282656 0.022636 0.0173681 0.0126461 0.0086506 0.0055048
 0.00753107 0.012294 0.0186146 0.026467 0.035605 0.0454152 0.05489 0.0628778 0.0685016 0.0714334 0.0718497 0.0701916 0.0669517 0.0625771 0.0574432 0.0518466 0.0460037 0.0400635 0.0341314 0.0282998 0.0226786 0.0174154 0.0126922 0.00869045 0.00553535
 0.0075016 0.0122526 0.0185642 0.0264144 0.0355583 0.0453808 0.0548695 0.0628675 0.0684944 0.0714222 0.0718313 0.0701683 0.0669306 0.0625665 0.0574485 0.0518677 0.0460362 0.0401021 0.0341729 0.0283431 0.0227233 0.0174601 0.0127342 0.00872641 0.00556307
 0.00749208 0.0122333 0.0185287 0.0263556 0.035472 0.0452697 0.0547461 0.0627516 0.0684063 0.0713744 0.0718239 0.0701917 0.0669717 0.0626153 0.0575008 0.0519234 0.0460963 0.040166 0.0342383 0.0284072 0.0227836 0.0175147 0.0127813 0.00876447 0.0055914
 0.00748986 0.0122305 0.0185254 0.0263516 0.0354655 0.0452564 0.0547196 0.0627065 0.0683421 0.0712984 0.0717498 0.0701343 0.0669405 0.0626112 0.0575183 0.0519549 0.0461359 0.0402103 0.0342854 0.0284554 0.0228307 0.0175584 0.0128193 0.00879532 0.00561445
 0.00748986 0.0122305 0.0185254 0.0263516 0.0354655 0.0452564 0.0547196 0.0627065 0.0683421 0.0712984 0.0717498 0.0701343 0.0669405 0.0626112 0.0575183 0.0519549 0.0461359 0.0402103 0.0342854 0.0284554 0.0228307 0.0175584 0.0128193 0.00879532 0.00561445
 0.00668839 0.0109565 0.0166679 0.0238425 0.0323112 0.0415777 0.0507823 0.0589074 0.0651328 0.0690714 0.070744 0.0703967 0.0683465 0.0649176 0.0604249 0.05516 0.0493769 0.0432847 0.0370546 0.0308368 0.0247867 0.0190872 0.013949 0.00957802 0.0061184
 0.00647298 0.0105249 0.0158688 0.0224872 0.0302227 0.0386681 0.0471264 0.0547697 0.0609282 0.0652807 0.0678178 0.0686753 0.0680049 0.0659424 0.062629 0.058232 0.0529493 0.0470007 0.0406158 0.0340272 0.0274759 0.021222 0.0155403 0.0106853 0.00683264
#pred catch len freq
 0.00389331 0.00620984 0.00915606 0.0127007 0.0168289 0.0215124 0.0266442 0.0320136 0.0373468 0.0423691 0.0468456 0.0506047 0.0535558 0.0556965 0.0571002 0.0578983 0.0582642 0.0583783 0.05834 0.0580225 0.0569544 0.0543774 0.0495755 0.0423559 0.0333559
 0.00407688 0.00644589 0.00939875 0.0128759 0.0168633 0.0213746 0.0263707 0.0316982 0.0370948 0.0422452 0.0468506 0.0506938 0.0536828 0.0558524 0.0573219 0.0582431 0.0587629 0.0589917 0.0589439 0.0584379 0.0570175 0.0540167 0.0488522 0.0414397 0.0324488
 0.0042021 0.00665919 0.00973274 0.0133538 0.0174784 0.0220683 0.0270279 0.0321776 0.0372897 0.0421394 0.0465274 0.0502884 0.0533145 0.0555839 0.0571674 0.0582003 0.058831 0.0591573 0.0591505 0.0585754 0.0569539 0.0536621 0.0482135 0.0406256 0.0316196
 0.00438051 0.0069345 0.0101223 0.0138704 0.0181355 0.0228806 0.0279999 0.0332777 0.0384251 0.0431574 0.0472569 0.0506091 0.053211 0.0551471 0.0565442 0.0575304 0.0582064 0.0586121 0.058665 0.0580853 0.0563727 0.0529238 0.0473168 0.0396484 0.030687
 0.00461942 0.00730632 0.0106513 0.0145692 0.0190051 0.0239119 0.0291729 0.0345602 0.0397709 0.0444992 0.0484963 0.0516152 0.0538431 0.0553028 0.0562059 0.056776 0.0571754 0.057446 0.0574587 0.0568698 0.0551336 0.0516422 0.0460105 0.0383873 0.029571
 0.00489435 0.00773719 0.0112705 0.0153985 0.0200547 0.0251783 0.0306335 0.0361672 0.0414513 0.0461616 0.0500404 0.0529361 0.0548332 0.0558573 0.0562407 0.0562566 0.0561386 0.0559953 0.0557297 0.0549889 0.0531963 0.0497215 0.0441817 0.0367405 0.0281961
 0.00518631 0.00819659 0.0119346 0.0162947 0.0211998 0.0265758 0.0322666 0.0379906 0.0433889 0.0481111 0.0518833 0.0545498 0.0561013 0.0566766 0.0565264 0.05595 0.0552207 0.0545022 0.0537569 0.0526778 0.0507106 0.0472282 0.04184 0.0346908 0.0265405
 0.00549071 0.00867841 0.0126366 0.0172513 0.0224354 0.0281002 0.0340659 0.0400182 0.0455626 0.0503187 0.0539932 0.0564242 0.0576091 0.057704 0.0569825 0.0557697 0.0543688 0.0529839 0.0516319 0.0500698 0.0478042 0.0442493 0.0390233 0.0322396 0.0245884
 0.00581334 0.00918176 0.0133565 0.0182117 0.023651 0.0295782 0.035801 0.0419831 0.0476987 0.0525337 0.0561655 0.0584145 0.0592757 0.0589173 0.0576349 0.0557794 0.0536828 0.0515851 0.0495537 0.0474143 0.0447523 0.0410501 0.035956 0.0295554 0.0224537
 0.00616541 0.00973147 0.0141424 0.019257 0.0249634 0.0311494 0.0376027 0.0439632 0.0497836 0.0546349 0.0581869 0.0602552 0.0608307 0.0600801 0.058303 0.0558611 0.0531055 0.0503062 0.0475787 0.0448193 0.0417022 0.0377948 0.032793 0.0267641 0.0202254
 0.00655769 0.010349 0.0150348 0.020459 0.0264919 0.0329975 0.0397297 0.046287 0.0521843 0.0569714 0.0603186 0.0620605 0.0622169 0.0609828 0.0586758 0.0556639 0.0522977 0.0488544 0.0454774 0.0421233 0.0385545 0.0344329 0.0295154 0.0238613 0.0179025
 0.00698033 0.011002 0.015956 0.021666 0.0279866 0.0347712 0.0417592 0.0485232 0.0545409 0.0593238 0.0625148 0.0639435 0.063651 0.0618733 0.0589732 0.0553519 0.0513755 0.0473255 0.0433574 0.0394665 0.0354873 0.0311686 0.0263314 0.0210353 0.0156357
 0.00734181 0.0115647 0.016757 0.0227253 0.0293073 0.0363395 0.0435417 0.0504635 0.0565622 0.0613347 0.064415 0.0656261 0.0650064 0.0627982 0.0593844 0.0551959 0.0506299 0.0459934 0.0414666 0.0370807 0.0327278 0.0282278 0.0234567 0.0184765 0.0135769
 0.0076799 0.0120991 0.0175331 0.0237759 0.0306477 0.0379604 0.0453989 0.0524734 0.0586094 0.0632914 0.0661621 0.067067 0.0660705 0.0634365 0.0595618 0.054886 0.0498148 0.0446694 0.0396537 0.0348373 0.0301665 0.0255235 0.0208294 0.0161465 0.0117057
 0.00803316 0.0126599 0.018353 0.0248957 0.032093 0.0397323 0.0474598 0.0547352 0.0609343 0.0655085 0.0680945 0.0685625 0.0670266 0.0638112 0.0593658 0.0541614 0.0486123 0.0430357 0.0376356 0.0324992 0.0276116 0.0229048 0.0183366 0.0139663 0.00997114
 0.00826205 0.0130285 0.0189025 0.0256657 0.0331188 0.0410374 0.0490438 0.0565607 0.0629198 0.0675295 0.0699954 0.0701771 0.0682063 0.0644513 0.0594211 0.0536451 0.047579 0.0415604 0.0357998 0.0303916 0.0253407 0.0206084 0.0161748 0.0120915 0.0084887
 0.00855432 0.0134649 0.0194891 0.0263882 0.0339538 0.0419694 0.0500732 0.0576982 0.0641677 0.068863 0.0713505 0.0714532 0.0692804 0.0652012 0.0597492 0.0534963 0.0469479 0.0404863 0.0343554 0.0286731 0.0234637 0.0187064 0.0143894 0.01055 0.00727499
 0.00867095 0.0136562 0.0197791 0.026798 0.0344954 0.0426371 0.0508394 0.058519 0.0649994 0.0696781 0.0721414 0.0722172 0.0699976 0.06582 0.0601905 0.053673 0.0467908 0.039964 0.0334837 0.0275128 0.0221128 0.0172873 0.0130314 0.00936621 0.00633885
 0.00855367 0.0134907 0.0195781 0.0265931 0.0343327 0.0425684 0.050911 0.0587609 0.0654169 0.0702489 0.0728216 0.0729549 0.0707451 0.0665361 0.0608314 0.054183 0.0471037 0.0400188 0.0332456 0.0269906 0.0213629 0.0164043 0.0121278 0.00854597 0.00567408
 0.00846306 0.0133421 0.0193536 0.0262794 0.0339299 0.0420999 0.0504316 0.0583523 0.0651697 0.0702352 0.0730721 0.0734513 0.0714289 0.0673266 0.0616438 0.0549388 0.0477325 0.0404594 0.0334522 0.0269452 0.0210863 0.0159572 0.0115975 0.00802303 0.00522838
 0.00837945 0.0132139 0.0191739 0.0260444 0.0336358 0.0417422 0.0500081 0.0578742 0.0646737 0.0697895 0.0727658 0.0733685 0.071618 0.0677809 0.0623029 0.0557072 0.0485041 0.0411374 0.0339617 0.0272423 0.0211645 0.0158486 0.0113643 0.00773936 0.00495915
 0.00837191 0.0131942 0.019131 0.0259638 0.0335041 0.0415521 0.0497626 0.0575857 0.0643593 0.0694681 0.0724617 0.0731181 0.0714704 0.0677864 0.0624916 0.0560707 0.0489916 0.0416681 0.0344481 0.0276123 0.0213785 0.0159059 0.011298 0.007602 0.00480369
 0.00836772 0.0131816 0.0191007 0.0259019 0.0333932 0.0413752 0.0495087 0.0572556 0.0639703 0.0690546 0.0720697 0.0727954 0.0712584 0.0677152 0.0625787 0.0563175 0.0493776 0.0421469 0.0349523 0.0280695 0.0217308 0.0161259 0.0113927 0.00760409 0.00475561
 0.00844509 0.0132937 0.0192435 0.026062 0.0335502 0.041506 0.0495906 0.0572684 0.0638981 0.0688889 0.0718148 0.0724734 0.070908 0.067386 0.0623204 0.0561692 0.0493585 0.0422509 0.0351477 0.028306 0.0219543 0.0162949 0.0114896 0.00763572 0.00474408
 0.00837608 0.0131962 0.0191238 0.0259339 0.0334298 0.0414041 0.0495073 0.057194 0.0638195 0.0687968 0.0717081 0.072358 0.0707952 0.0672908 0.0622614 0.0561665 0.0494285 0.0423993 0.0353633 0.0285605 0.022209 0.0165128 0.0116477 0.00773028 0.00478714
 0.0082775 0.0130519 0.0189369 0.025719 0.0332111 0.0412095 0.0493628 0.0571175 0.063815 0.0688519 0.0717962 0.0724477 0.070862 0.0673255 0.0622712 0.0561704 0.0494503 0.0424587 0.0354693 0.0287068 0.0223756 0.0166732 0.0117792 0.00782144 0.00483947
 0.00817114 0.0128821 0.0186879 0.0253812 0.0327855 0.0407147 0.0488397 0.0566269 0.063425 0.0686184 0.071746 0.0725718 0.0711211 0.0676647 0.0626376 0.0565267 0.0497795 0.0427606 0.0357509 0.0289726 0.0226221 0.0168899 0.0119543 0.00794862 0.00492106
 0.008063 0.0127099 0.0184352 0.0250339 0.0323339 0.0401573 0.0481899 0.0559203 0.0627226 0.0680014 0.0713005 0.0723667 0.0711871 0.067984 0.0631504 0.0571516 0.0504378 0.0433936 0.0363243 0.0294717 0.0230423 0.0172302 0.0122153 0.00813477 0.00504245
 0.00806926 0.0127079 0.0184091 0.0249598 0.0321839 0.0399062 0.0478237 0.0554417 0.0621545 0.0673872 0.0707031 0.0718619 0.0708495 0.0678682 0.0632743 0.0574897 0.0509299 0.0439638 0.0369022 0.0300052 0.0235012 0.0176013 0.0124976 0.00833517 0.00517373
 0.00812973 0.012794 0.0185152 0.0250708 0.0322758 0.0399501 0.0477894 0.0553032 0.0618961 0.0670108 0.0702331 0.0713458 0.0703523 0.067461 0.0630191 0.0574235 0.0510544 0.044245 0.0372822 0.03042 0.0238961 0.0179403 0.0127637 0.00852727 0.0053009
