SBPRF35
7.78865
Curr Bio
509202
B35
678874
F35
0.211873
FOFL
0.151978
OFL
60098.4
Bzero
2.22533e+006
#pred survey bio
 4.68046e+006 4.44627e+006 4.20795e+006 3.9172e+006 3.58503e+006 3.27797e+006 2.93823e+006 2.61019e+006 2.31794e+006 2.04358e+006 1.80352e+006 1.58623e+006 1.40191e+006 1.25885e+006 1.11913e+006 978150 874710 813915 742287 704855 665170 641715 636514 624553 617185 609759 615781 614248 606871 608090 598122 590305 584255 570876 562754 547778 528688 523102 518185 528172 536902 549971 557521 560037 565276 579089 582022 588849 589043 586482 586691 534622 481352 464983 469329 490614 510484 524499 532095 514659 1.75555e+007 1.03032e+007 1.04495e+007 1.11929e+007 1.22566e+007 1.33767e+007 1.43938e+007 1.52401e+007 1.59059e+007 1.64104e+007 1.67833e+007 1.70547e+007 1.72503e+007 1.73908e+007 1.74915e+007 1.75639e+007 1.76161e+007 1.7654e+007 1.76817e+007 1.7702e+007 1.77171e+007 1.77283e+007 1.77367e+007 1.7743e+007 1.77478e+007 1.77514e+007 1.77541e+007 1.77562e+007 1.77578e+007 1.7759e+007 1.776e+007 1.77607e+007 1.77613e+007 1.77617e+007 1.7762e+007 1.77623e+007 1.77625e+007 1.77626e+007 1.77628e+007 1.77629e+007 1.77629e+007 1.7763e+007 1.7763e+007 1.77631e+007 1.77631e+007 1.77631e+007 1.77631e+007 1.77631e+007 1.77631e+007 1.77631e+007 1.77631e+007 1.77632e+007 1.77632e+007 1.77632e+007 1.77632e+007 1.77632e+007 1.77632e+007 1.77632e+007 1.77632e+007 1.77632e+007 1.77632e+007 1.77632e+007 1.77632e+007 1.77632e+007 1.77632e+007 1.77632e+007 1.77632e+007 1.77632e+007 1.77632e+007 1.77632e+007 1.77632e+007 1.77632e+007 1.77632e+007 1.77632e+007 1.77632e+007 1.77632e+007 1.77632e+007 1.77632e+007 1.77632e+007 1.77632e+007 1.77632e+007 1.77632e+007 1.77632e+007 1.77632e+007 1.77632e+007 1.77632e+007 1.77632e+007 1.77632e+007 1.77632e+007 1.77632e+007 1.77632e+007 1.77632e+007 1.77632e+007 1.77632e+007 1.77632e+007 1.77632e+007 1.77632e+007 1.77632e+007 1.77632e+007 1.77632e+007 0 0 0 0 0 0 0 0 0 0 0 0 0 0 0 0 0 0 0 0 0 0 0 0 0
#obs survey bio
 3.13199e+006 3.13629e+006 3.04369e+006 4.25754e+006 2.03539e+006 3.52014e+006 2.35318e+006 1.75403e+006 2.96142e+006 2.08562e+006 1.23182e+006 1.39941e+006 901321 1.0911e+006 1.1139e+006 804552 747936 848558 644054 737876 483148 392267 639077 614314 337349 495437 564558 653673 961595 582158 520477 654086 515251 898305 470616 424248 535263 516588 569516 442198 303566 426428 486857 475499 464194 600014 544777 624140 863199 498767 665367 575238 466027 409832 479041 507739 397762 651880 520716 671810
#pred catch bio
 94500.8 96739 154439 213311 218809 280498 303038 301082 310430 300366 296386 279234 250978 251436 251056 214883 174673 179298 146115 145007 129089 112639 116803 111134 109636 97190.7 102047 104143 94008.2 100779 96192.6 92035.6 94998.2 86764 89342.9 92248.3 84295 88334.2 79131.9 82745.4 80929.3 86292.8 90144.7 87064.7 79161.8 87419.1 83332.8 87846.2 88486.6 85125.9 127736 126606 95304.2 78848.8 65326.3 66543.6 70766.7 74891.8 92973.1 84533.9 60098.4 79399.3 78995.9 83247.9 90764.8 98970.6 106379 112418 117032 120401 122779 124417 125524 126261 126746 127062 127266 127398 127482 127535 127569 127591 127605 127613 127619 127622 127624 127626 127627 127627 127627 127628 127628 127628 127628 127628 127628 127628 127628 127628 127628 127628 127628 127628 127628 127628 127628 127628 127628 127628 127628 127628 127628 127628 127628 127628 127628 127628 127628 127628 127628 127628 127628 127628 127628 127628 127628 127628 127628 127628 127628 127628 127628 127628 127628 127628 127628 127628 127628 127628 127628 127628 127628 127628 127628 127628 127628 127628 127628 127628 127628 127628 127628 127628 127628 127628 127628 127628 127628 127628 0 0 0 0 0 0 0 0 0 0 0 0 0 0 0 0 0 0 0 0 0 0 0 0 0
#obs catch bio
 0 96561.1 155148 215064 220666 285051 309525 309246 319199 308877 305904 289053 260413 260705 261268 221888 179238 183488 149152 148175 132209 115605 119266 113386 112263 98848.6 103979 106127 94714.9 101895 97374 92970.2 96283.7 87328.1 89721.8 93308 84839 89436.8 79426.9 83222 81784.4 87117.2 90848.3 87793.4 79485.6 87513.1 83308.1 88180.3 88151.5 84409.6 127385 126213 95130.6 79121 65352.8 66747.5 71104.1 74866.4 93530.7 84494.8
#pred cpue bio
 4.60495e+006 4.37629e+006 4.14192e+006 3.85269e+006 3.52167e+006 3.21539e+006 2.87705e+006 2.55058e+006 2.26002e+006 1.98785e+006 1.74983e+006 1.53448e+006 1.35206e+006 1.21082e+006 1.07367e+006 935967 835238 776389 707149 670968 632513 609667 604791 593599 586714 579711 585878 584895 578403 580212 570934 563709 558309 545921 538789 524613 505210 498030 492133 501651 510115 522795 530337 533033 538411 552243 555415 562165 562662 560535 560788 509745 457129 440625 445013 466345 486315 500358 508088 491699 1.67984e+007 9.86657e+006 9.87367e+006 1.04632e+007 1.14739e+007 1.25817e+007 1.35964e+007 1.44423e+007 1.5108e+007 1.56125e+007 1.59854e+007 1.62568e+007 1.64524e+007 1.65929e+007 1.66936e+007 1.6766e+007 1.68182e+007 1.68561e+007 1.68838e+007 1.69042e+007 1.69192e+007 1.69304e+007 1.69388e+007 1.69451e+007 1.69499e+007 1.69535e+007 1.69562e+007 1.69583e+007 1.69599e+007 1.69612e+007 1.69621e+007 1.69628e+007 1.69634e+007 1.69638e+007 1.69641e+007 1.69644e+007 1.69646e+007 1.69647e+007 1.69649e+007 1.6965e+007 1.6965e+007 1.69651e+007 1.69651e+007 1.69652e+007 1.69652e+007 1.69652e+007 1.69652e+007 1.69652e+007 1.69652e+007 1.69652e+007 1.69653e+007 1.69653e+007 1.69653e+007 1.69653e+007 1.69653e+007 1.69653e+007 1.69653e+007 1.69653e+007 1.69653e+007 1.69653e+007 1.69653e+007 1.69653e+007 1.69653e+007 1.69653e+007 1.69653e+007 1.69653e+007 1.69653e+007 1.69653e+007 1.69653e+007 1.69653e+007 1.69653e+007 1.69653e+007 1.69653e+007 1.69653e+007 1.69653e+007 1.69653e+007 1.69653e+007 1.69653e+007 1.69653e+007 1.69653e+007 1.69653e+007 1.69653e+007 1.69653e+007 1.69653e+007 1.69653e+007 1.69653e+007 1.69653e+007 1.69653e+007 1.69653e+007 1.69653e+007 1.69653e+007 1.69653e+007 1.69653e+007 1.69653e+007 1.69653e+007 1.69653e+007 1.69653e+007 1.69653e+007 1.69653e+007 1.69653e+007 0 0 0 0 0 0 0 0 0 0 0 0 0 0 0 0 0 0 0 0 0 0 0 0 0
#obs cpue bio
 3.55954e+006 3.25304e+006 3.77972e+006 2.71046e+006 2.5169e+006 2.28882e+006 1.94794e+006 1.67148e+006 1.76326e+006 1.51438e+006 1.64415e+006 998057 977213 1.18352e+006 693649 929212 652981 859070 465215 524721 459232 433150 756219 413729 633765 622999 500325 454692 559626 489683 454031 471975 477564 432960 770112 379292 533911 339138 615433 533835 466713 707090 655802 517404 688279 861638 563356 401973 754590 766970 473147 478375 406717 351647 454520 372360 524294 564375 420075 492258
#pred surv len freq
 0.00484559 0.00792901 0.0120471 0.0172123 0.0233089 0.0299996 0.0367049 0.042756 0.0476517 0.0512261 0.053617 0.05511 0.0559944 0.056485 0.0566916 0.0566139 0.056159 0.0551763 0.0534881 0.0508997 0.0472094 0.0422622 0.0360728 0.0289612 0.0215781
 0.00513763 0.00828004 0.0123525 0.0173138 0.0230558 0.0293355 0.0357248 0.0416838 0.0467398 0.0506343 0.0533454 0.0550218 0.0559048 0.0562624 0.0563226 0.0562092 0.0559046 0.0552496 0.0539743 0.0517478 0.0482496 0.0432791 0.0368925 0.0295072 0.0218713
 0.00543041 0.00876601 0.0130925 0.0183442 0.0243507 0.0307666 0.0370536 0.0426213 0.0470642 0.0503013 0.0525085 0.0539393 0.0547994 0.0552324 0.0553547 0.0552636 0.0549971 0.0544718 0.0534444 0.0515343 0.0483226 0.0435219 0.0371623 0.0297009 0.0219559
 0.00570542 0.00921063 0.0137587 0.0192826 0.025603 0.0323483 0.0389238 0.0446509 0.0490263 0.051905 0.0534816 0.0541272 0.0542237 0.0540654 0.053828 0.0535769 0.0532845 0.0528274 0.0519566 0.0502858 0.0473608 0.0428335 0.0366842 0.0293571 0.0216926
 0.00601837 0.00971062 0.0144953 0.0202973 0.0269239 0.033981 0.0408397 0.0467786 0.0512485 0.0540597 0.0553649 0.0555113 0.054902 0.0539174 0.0528673 0.0519477 0.0512081 0.0505359 0.0496514 0.0481259 0.0454599 0.0412561 0.0354438 0.0284277 0.0210275
 0.0062787 0.0101346 0.0151349 0.0212017 0.0281305 0.0355017 0.0426472 0.0488014 0.0533817 0.0561817 0.0573471 0.0572143 0.0561692 0.0545846 0.0527987 0.0510854 0.0496075 0.0483614 0.0471367 0.0455197 0.0429817 0.0390693 0.0336446 0.0270462 0.0200395
 0.00659464 0.0106402 0.0158814 0.0222322 0.029474 0.0371623 0.0445912 0.0509515 0.0556247 0.0583873 0.0593862 0.0589688 0.0575291 0.055441 0.0530414 0.0506179 0.0483811 0.0464135 0.0446091 0.042643 0.0400297 0.0363028 0.0312637 0.0251621 0.018671
 0.00687452 0.0110997 0.0165808 0.0232298 0.0308141 0.038856 0.0465986 0.0531775 0.0579346 0.0606351 0.0614388 0.0607163 0.0588826 0.0563236 0.0533787 0.0503361 0.0474176 0.0447466 0.0422943 0.0398355 0.0369753 0.0332917 0.0285639 0.0229597 0.0170386
 0.00712217 0.0115009 0.0171827 0.0240777 0.0319452 0.0402891 0.0483201 0.055132 0.060027 0.0627427 0.0634295 0.0624644 0.0602809 0.0572872 0.0538409 0.0502398 0.0467122 0.0433999 0.040321 0.0373307 0.0341303 0.0303725 0.0258532 0.0206837 0.0153142
 0.00745809 0.0120277 0.0179399 0.0250899 0.0332196 0.0418123 0.0500521 0.0570041 0.0619483 0.0646139 0.0651543 0.063955 0.0614582 0.0580813 0.0541916 0.0500954 0.0460298 0.0421502 0.0385064 0.0350143 0.0314597 0.0275764 0.0231987 0.0184067 0.0135562
 0.00779486 0.0125666 0.0187339 0.02618 0.034624 0.043512 0.0519782 0.0590389 0.0639479 0.0664419 0.0667082 0.0651732 0.06231 0.0585503 0.0542626 0.0497474 0.045236 0.0408861 0.0367679 0.0328439 0.0289709 0.0249592 0.020689 0.0162266 0.0118504
 0.00809856 0.0130602 0.0194762 0.027224 0.0360054 0.0452304 0.0539782 0.0612044 0.0661175 0.0684416 0.0683855 0.0664207 0.0630739 0.0588247 0.0540723 0.0491269 0.0442121 0.0394736 0.0349811 0.0307217 0.0266043 0.0225025 0.0183412 0.0141818 0.010241
 0.0083337 0.0134451 0.0200604 0.028056 0.0371236 0.0466486 0.0556695 0.0630926 0.0680835 0.0703416 0.0700725 0.0677645 0.0639771 0.0592337 0.0539791 0.0485597 0.0432186 0.0381043 0.033285 0.0287568 0.0244576 0.0203043 0.0162546 0.0123674 0.00881025
 0.00843958 0.0136291 0.0203598 0.0285145 0.0377838 0.0475392 0.0567917 0.0644127 0.0695363 0.0718387 0.071513 0.069043 0.0649927 0.0599005 0.0542377 0.0483848 0.0426184 0.0371145 0.0319601 0.0271682 0.0226986 0.018495 0.0145343 0.0108687 0.00762503
 0.00853575 0.0137975 0.020636 0.0289396 0.0383964 0.0483618 0.0578173 0.0655995 0.0708133 0.0731202 0.0727121 0.0700802 0.0658002 0.0604234 0.054435 0.0482314 0.0421082 0.0362636 0.0308085 0.0257802 0.0211639 0.016925 0.0130518 0.0095851 0.00661425
 0.00874547 0.0141287 0.0211163 0.0295887 0.0392233 0.0493603 0.0589592 0.0668307 0.0720574 0.0742896 0.0737216 0.0708598 0.0663023 0.0606243 0.0543308 0.0478311 0.0414285 0.0353279 0.0296513 0.0244538 0.0197423 0.0155027 0.0117314 0.00845715 0.00573534
 0.00887477 0.0143356 0.0214217 0.0300093 0.039769 0.050029 0.0597323 0.0676724 0.0729198 0.0751213 0.0744745 0.0714904 0.0667717 0.060899 0.0543862 0.0476543 0.0410191 0.0346979 0.0288259 0.0234741 0.0186686 0.0144126 0.0107101 0.00758015 0.00505013
 0.00891365 0.0143873 0.021479 0.0300612 0.0398067 0.0500553 0.0597673 0.0677511 0.0730807 0.0753921 0.0748607 0.0719718 0.0673057 0.061428 0.0548469 0.0479867 0.0411763 0.0346522 0.028573 0.0230349 0.0180884 0.0137569 0.0100539 0.00699228 0.00457787
 0.0091492 0.0147469 0.0219753 0.0306866 0.0405316 0.0508288 0.0605203 0.0684054 0.0735685 0.0756764 0.0749464 0.0718991 0.0671297 0.0611968 0.0545875 0.0477025 0.0408526 0.0342673 0.0281103 0.0224929 0.0174864 0.0131338 0.00945988 0.00647547 0.00417044
 0.00925887 0.0149113 0.022197 0.0309588 0.0408404 0.0511562 0.0608466 0.0687093 0.0738275 0.0758701 0.075062 0.0719365 0.0671023 0.0611272 0.0544978 0.0476042 0.040742 0.0341273 0.0279195 0.0222368 0.0171671 0.0127724 0.00909206 0.00614002 0.00389696
 0.00945413 0.0152112 0.0226146 0.0314922 0.0414704 0.051846 0.0615417 0.0693426 0.0743317 0.0761935 0.0751806 0.0718562 0.0668525 0.0607519 0.0540463 0.047123 0.0402659 0.033675 0.0274934 0.0218304 0.0167746 0.012397 0.00874728 0.00584399 0.00366401
 0.00942367 0.0151845 0.0226161 0.0315577 0.0416368 0.0521344 0.0619443 0.06982 0.0748237 0.0766366 0.0755232 0.0720666 0.0669208 0.0606871 0.0538717 0.04687 0.0399677 0.0333596 0.0271796 0.0215274 0.016486 0.0121265 0.00850228 0.00563478 0.00349919
 0.00931599 0.0150066 0.0223457 0.0311792 0.0411526 0.0515791 0.0613907 0.0693689 0.0745724 0.0766431 0.0757844 0.0725236 0.0674841 0.0612664 0.054397 0.0472998 0.040287 0.0335727 0.027301 0.0215748 0.0164762 0.0120759 0.00842742 0.00555221 0.00342319
 0.00937236 0.0150806 0.0224238 0.0312355 0.041154 0.0514946 0.0612032 0.0690853 0.0742293 0.0763032 0.075522 0.0723999 0.0675252 0.0614539 0.0546778 0.0476085 0.0405674 0.03379 0.0274432 0.0216463 0.0164908 0.0120502 0.00837838 0.00549496 0.00336953
 0.00936068 0.0150689 0.0224187 0.0312452 0.0411826 0.0515351 0.0612335 0.0690728 0.0741437 0.0761336 0.0752877 0.0721492 0.0673201 0.0613474 0.0546944 0.0477361 0.0407656 0.0340079 0.0276372 0.0217906 0.0165784 0.0120882 0.00838073 0.00547708 0.0033445
 0.00931858 0.0150067 0.0223372 0.0311505 0.0410856 0.0514497 0.0611738 0.0690471 0.0741497 0.0761555 0.0753012 0.0721333 0.0672705 0.0612823 0.0546468 0.0477377 0.0408302 0.0341256 0.0277807 0.0219286 0.0166875 0.0121589 0.00841587 0.00548662 0.00333989
 0.00914847 0.0147435 0.0219667 0.0306712 0.0405116 0.0508134 0.0605281 0.0684617 0.0736981 0.0758957 0.0752585 0.072295 0.0675928 0.0617077 0.0551224 0.0482265 0.0413116 0.034587 0.0282084 0.0223056 0.0169976 0.0123931 0.0085763 0.00558523 0.0033936
 0.00895649 0.0144561 0.0215804 0.0301988 0.0399786 0.0502519 0.0599721 0.0679475 0.0732646 0.0755821 0.0750983 0.0723082 0.0677795 0.0620453 0.0555706 0.0487368 0.0418391 0.035097 0.0286773 0.0227167 0.0173392 0.0126588 0.00876706 0.00571013 0.0034674
 0.00893966 0.0144068 0.0214668 0.0299813 0.039624 0.0497529 0.0593625 0.0672987 0.0726642 0.0751052 0.0747898 0.0721816 0.0678272 0.0622488 0.0559037 0.0491665 0.0423261 0.0356003 0.0291602 0.0231507 0.0177056 0.0129483 0.00897963 0.00585376 0.00355583
 0.00891273 0.0143564 0.0213776 0.0298322 0.0393894 0.0494086 0.0588943 0.066714 0.0720012 0.0744337 0.0741997 0.0717594 0.0676314 0.0622962 0.0561718 0.0496062 0.0428771 0.0362018 0.0297576 0.0237001 0.0181763 0.0133241 0.00925828 0.00604451 0.00367554
 0.00886026 0.0142909 0.0213146 0.0297955 0.0394008 0.0494729 0.0589879 0.0667871 0.0719932 0.0742983 0.0739255 0.0713789 0.0672134 0.0619239 0.0559171 0.0495099 0.0429419 0.0363995 0.0300417 0.0240201 0.0184877 0.013595 0.00947175 0.00619735 0.00377488
 0.0087796 0.0141623 0.0211274 0.0295456 0.0390964 0.0491395 0.058669 0.066534 0.0718447 0.074261 0.0739682 0.0714484 0.0672629 0.0619366 0.055912 0.0495281 0.0430238 0.0365654 0.0302845 0.0243108 0.0187877 0.0138689 0.00969574 0.0063625 0.00388479
 0.00859762 0.0138909 0.0207645 0.0291048 0.0386033 0.048625 0.0581664 0.0660796 0.0714796 0.074026 0.0738927 0.0715367 0.0674884 0.0622501 0.0562612 0.0498777 0.0433635 0.0369024 0.030628 0.0246589 0.0191248 0.0141722 0.00994548 0.00654925 0.00401106
 0.00844809 0.0136586 0.020436 0.0286776 0.038089 0.0480519 0.0575806 0.0655395 0.0710433 0.0737368 0.0737703 0.0715792 0.0676782 0.0625589 0.0566527 0.0503122 0.043806 0.0373297 0.0310299 0.0250317 0.0194637 0.0144682 0.0101882 0.00673265 0.00413719
 0.00858049 0.0138122 0.0205539 0.0286717 0.0378661 0.0475556 0.0568245 0.0646129 0.0700838 0.0728863 0.0731388 0.0712258 0.0676111 0.0627472 0.0570408 0.0508341 0.0443966 0.0379334 0.0316052 0.0255521 0.0199143 0.0148413 0.0104811 0.00694771 0.0042829
 0.00932902 0.0148987 0.0219436 0.0302389 0.0394167 0.0488729 0.0577151 0.0649413 0.0697991 0.0720397 0.0718783 0.0697605 0.0661542 0.0614638 0.0560228 0.0501035 0.043926 0.0376707 0.0314927 0.0255385 0.019959 0.0149143 0.0105609 0.00702003 0.0043398
 0.0100742 0.0160738 0.0236365 0.0324859 0.0421712 0.05197 0.0608518 0.0677069 0.0717709 0.0729098 0.0715469 0.0683505 0.0639525 0.0588278 0.0532921 0.0475404 0.0416925 0.035835 0.0300547 0.0244584 0.0191806 0.0143787 0.010212 0.00680726 0.00421977
 0.00991277 0.0159361 0.0236594 0.0328723 0.0431351 0.0536469 0.063217 0.0705461 0.0747176 0.0755319 0.0734474 0.0692567 0.0637742 0.0576687 0.0514086 0.0452635 0.0393416 0.0336562 0.0281956 0.0229761 0.0180669 0.0135878 0.00968215 0.00647434 0.0040251
 0.0097013 0.0156082 0.0232036 0.0323099 0.0425414 0.0531681 0.0630643 0.0709454 0.0758177 0.0773095 0.0756695 0.0715319 0.0656746 0.0588632 0.0517513 0.0448095 0.0382982 0.0322984 0.0267834 0.0216993 0.0170281 0.0128137 0.00914948 0.00613488 0.00382512
 0.00966068 0.0155069 0.0229875 0.031911 0.0419013 0.0522755 0.0619906 0.0698584 0.0749576 0.0769288 0.0759503 0.0725099 0.0672019 0.0606381 0.0534124 0.0460544 0.0389729 0.0324195 0.0264941 0.0211932 0.0164783 0.0123337 0.00878837 0.00589391 0.00368055
 0.00957324 0.0153894 0.022853 0.0317795 0.0417837 0.0521553 0.061818 0.06957 0.0745194 0.0763808 0.0754208 0.0721817 0.0672386 0.061105 0.054234 0.0470356 0.0398753 0.0330545 0.0267847 0.0211776 0.0162665 0.0120482 0.00852039 0.00568885 0.00354588
 0.00938645 0.0151064 0.0224673 0.0313027 0.0412468 0.0516056 0.061312 0.0691589 0.0742312 0.0762095 0.075338 0.0721682 0.0673138 0.061326 0.0546579 0.0476672 0.0406401 0.0338188 0.0274124 0.021587 0.0164535 0.0120692 0.00845314 0.00559847 0.00346934
 0.00930562 0.014972 0.0222603 0.0310058 0.0408512 0.0511204 0.0607716 0.0686221 0.0737679 0.075879 0.0751704 0.0721585 0.0674337 0.061547 0.0549688 0.048072 0.0411359 0.0343724 0.027957 0.0220464 0.0167761 0.0122474 0.00851818 0.00559728 0.00344289
 0.00921989 0.0148467 0.0220971 0.0308132 0.0406397 0.0508957 0.0605319 0.0683625 0.0734903 0.0756006 0.0749239 0.0719824 0.067358 0.0615835 0.0551117 0.0483069 0.0414462 0.0347372 0.0283449 0.0224144 0.017081 0.0124626 0.00864261 0.0056515 0.00345541
 0.00911511 0.01468 0.0218543 0.0304864 0.040232 0.0504265 0.060039 0.0678969 0.0731022 0.075324 0.0747702 0.0719459 0.0674274 0.0617495 0.0553666 0.0486401 0.0418408 0.0351699 0.0287867 0.0228327 0.0174436 0.0127459 0.0088387 0.00576959 0.00351595
 0.00905064 0.0145606 0.021648 0.0301567 0.0397486 0.0497823 0.0592653 0.0670659 0.0723128 0.0746769 0.0743427 0.0717763 0.0675127 0.0620544 0.0558385 0.0492233 0.0424851 0.0358319 0.0294283 0.0234198 0.0179474 0.0131471 0.00913144 0.00596302 0.00363047
 0.00909386 0.0146259 0.0217355 0.0302586 0.0398459 0.0498427 0.059245 0.066921 0.0720171 0.0742404 0.0738173 0.0712444 0.0670617 0.0617509 0.0557138 0.0492729 0.042679 0.0361274 0.0297802 0.0237856 0.0182906 0.01344 0.00935849 0.00612183 0.00372998
 0.00889383 0.014344 0.0213914 0.0298974 0.0395249 0.0496092 0.0591183 0.0668859 0.0720326 0.0742559 0.0737918 0.0711615 0.0669375 0.0616283 0.055646 0.0493027 0.0428244 0.0363782 0.0301049 0.0241424 0.0186384 0.0137457 0.00960224 0.00629779 0.00384449
 0.00884896 0.014253 0.0212237 0.0296205 0.0391205 0.0490944 0.0585575 0.0663789 0.071678 0.0741089 0.0738422 0.0713454 0.0671725 0.0618513 0.0558334 0.0494678 0.0429989 0.0365899 0.0303628 0.024434 0.0189368 0.0140209 0.00983089 0.00646897 0.00395975
 0.00899052 0.0144501 0.0214576 0.0298494 0.0392865 0.0491389 0.0584386 0.066087 0.0712456 0.0736083 0.0733671 0.0709794 0.0669587 0.0617822 0.0558664 0.0495546 0.0431089 0.036716 0.0305104 0.0246066 0.0191267 0.0142105 0.0100003 0.00660392 0.00405544
 0.0090785 0.0145929 0.0216704 0.0301405 0.0396497 0.0495433 0.0588239 0.0663714 0.07135 0.0734874 0.0730313 0.0704948 0.0664242 0.0612939 0.0554878 0.0493053 0.0429739 0.0366663 0.0305204 0.0246591 0.0192092 0.0143097 0.0101009 0.00669217 0.00412303
 0.00959515 0.0154029 0.022831 0.0316781 0.0415465 0.0517213 0.06113 0.0685801 0.0731968 0.0747269 0.0734971 0.0701378 0.0653204 0.0596219 0.0534827 0.0472035 0.0409675 0.0348814 0.0290201 0.0234599 0.0182982 0.013656 0.00966148 0.00641786 0.00396523
 0.00987587 0.0158887 0.0236142 0.0328568 0.043195 0.0538457 0.0636294 0.07124 0.0757268 0.0768253 0.0749129 0.0707111 0.0650013 0.0584735 0.051668 0.0449547 0.0385408 0.03251 0.0268794 0.0216552 0.0168694 0.0125929 0.00892038 0.00593661 0.00367611
 0.00964011 0.0155458 0.0231775 0.0323765 0.0427595 0.0535751 0.0636585 0.0716877 0.0766521 0.0781861 0.0765521 0.0723857 0.0664451 0.0594662 0.0520862 0.0447913 0.0378926 0.0315416 0.0257762 0.02058 0.0159353 0.0118558 0.00838795 0.00558357 0.00346153
 0.0093626 0.0150917 0.0224924 0.0314186 0.0415218 0.0521149 0.0621205 0.0702983 0.0756731 0.0778413 0.0769564 0.0735055 0.0681017 0.061381 0.0539527 0.0463514 0.0389933 0.0321529 0.0259716 0.0204906 0.0157009 0.0115881 0.00815486 0.0054124 0.00335166
 0.00917687 0.0147673 0.0219633 0.0306109 0.0403735 0.0506071 0.0603098 0.0683325 0.0737789 0.0762857 0.0759932 0.0733167 0.0687478 0.0627742 0.0558697 0.0484879 0.041043 0.0338823 0.027263 0.0213423 0.0161923 0.0118312 0.00825364 0.00544181 0.00335503
 0.00908712 0.014618 0.0217304 0.0302647 0.0398783 0.049925 0.0594104 0.0672101 0.0724721 0.0748938 0.0746773 0.0722787 0.068185 0.0628229 0.0565564 0.0497106 0.0425937 0.0355069 0.0287338 0.0225141 0.0170205 0.0123523 0.00854645 0.00558924 0.00342207
 0.008959 0.0144299 0.0214839 0.0299723 0.0395559 0.0495814 0.0590392 0.0667885 0.071969 0.0742857 0.0739688 0.0715209 0.0674824 0.0623172 0.0563869 0.0499622 0.0432574 0.036474 0.0298305 0.0235603 0.0178852 0.0129801 0.00894981 0.00581978 0.00353986
 0.00863423 0.0139577 0.0208774 0.029281 0.0388535 0.0489439 0.0585249 0.0664272 0.0717584 0.0741927 0.0739382 0.0714945 0.067425 0.0622398 0.0563506 0.0500579 0.0435643 0.0370176 0.0305628 0.0243753 0.0186601 0.0136207 0.00941469 0.00611783 0.00370953
 0.00830581 0.0134745 0.020246 0.0285449 0.0380865 0.048235 0.0579623 0.0660822 0.0716688 0.0743478 0.0742755 0.0719152 0.0678256 0.0625459 0.0565414 0.0501695 0.0436719 0.0372004 0.0308663 0.0247905 0.0191304 0.0140711 0.00978518 0.00638243 0.00387472
#obs surv len freq
 nan nan nan nan nan nan nan nan nan nan nan nan nan nan nan nan nan nan nan nan nan nan nan nan nan
 0.00448026 0.00733962 0.0111678 0.015983 0.0216834 0.0279596 0.0342749 0.0400077 0.0446889 0.0481544 0.0505138 0.0520112 0.0529048 0.0534184 0.0537336 0.0539892 0.0542683 0.0545614 0.0547004 0.0542923 0.0527303 0.0493621 0.0438112 0.0362904 0.027673
 0.00460813 0.00754949 0.011487 0.0164374 0.0222909 0.0287207 0.0351631 0.0409664 0.0456392 0.0490105 0.0511993 0.0524702 0.0531083 0.0533644 0.0534434 0.0534996 0.0536223 0.0538016 0.0538656 0.0534194 0.0518577 0.0485325 0.0430689 0.0356729 0.0272011
 0.00477931 0.00782688 0.0119029 0.0170215 0.023065 0.0296896 0.036305 0.0422277 0.046939 0.0502524 0.0522851 0.0533123 0.0536387 0.0535427 0.0532602 0.0529752 0.0528006 0.0527411 0.0526319 0.0520822 0.0504916 0.0472175 0.0418842 0.0346838 0.0264437
 0.00496759 0.00813772 0.0123794 0.0177061 0.0239909 0.0308665 0.0377057 0.0437839 0.048552 0.0518115 0.0536846 0.054459 0.0544547 0.053967 0.0532535 0.0525254 0.051926 0.0514896 0.0510777 0.0503218 0.04864 0.0454015 0.0402296 0.0332933 0.0253751
 0.00518294 0.00848815 0.0129078 0.0184536 0.0249901 0.0321305 0.039215 0.0454801 0.0503422 0.0535835 0.0553225 0.0558552 0.0555167 0.0546205 0.0534433 0.0522173 0.0511112 0.0501907 0.0493555 0.0482785 0.0464176 0.0431706 0.0381651 0.0315411 0.0240203
 0.00540726 0.00885775 0.013473 0.0192642 0.0260853 0.0335234 0.0408773 0.0473378 0.0522879 0.0554974 0.0570906 0.0573775 0.056707 0.0554045 0.0537586 0.0520153 0.0503622 0.048893 0.0475478 0.0460532 0.0439258 0.0406123 0.0357579 0.029474 0.0224092
 0.00565475 0.00926017 0.0140791 0.0201202 0.0272272 0.0349642 0.0425929 0.0492602 0.0543123 0.0575005 0.05895 0.0589844 0.0579716 0.0562554 0.0541385 0.0518771 0.0496694 0.0476279 0.0457286 0.0437542 0.0412929 0.0378571 0.0331252 0.027186 0.02061
 0.00590391 0.00967072 0.014707 0.0210204 0.0284422 0.0365065 0.0444278 0.0513014 0.0564366 0.059573 0.0608466 0.0606022 0.0592293 0.0570894 0.0544987 0.0517227 0.0489668 0.0463563 0.0438952 0.0414187 0.0385887 0.0349939 0.0303585 0.0247581 0.0186855
 0.00614149 0.0100616 0.0153041 0.0218765 0.0296008 0.0379858 0.0462038 0.0533006 0.058544 0.0616535 0.0627665 0.0622453 0.0605045 0.0579313 0.0548626 0.0515767 0.0482861 0.0451243 0.0421169 0.0391443 0.0359384 0.0321659 0.0276034 0.0223212 0.0167402
 0.00638434 0.010458 0.0159039 0.0227274 0.0307397 0.0394249 0.0479164 0.0552147 0.0605525 0.0636327 0.0645951 0.0638159 0.0617283 0.0587401 0.0552082 0.0514271 0.0476206 0.0439328 0.0404081 0.0369655 0.0333995 0.0294501 0.0249471 0.0199605 0.0148465
 0.006633 0.0108633 0.0165156 0.023592 0.031891 0.0408696 0.0496191 0.0570944 0.0624941 0.0655106 0.066294 0.0652414 0.0628088 0.0594235 0.0554575 0.0512167 0.0469335 0.0427616 0.0387632 0.0348923 0.0309994 0.0268905 0.0224446 0.0177339 0.0130564
 0.00683379 0.0112014 0.0170459 0.0243719 0.0329678 0.0422599 0.0512896 0.0589567 0.0644201 0.0673598 0.0679399 0.0665857 0.0637848 0.0599921 0.0555995 0.0509247 0.0462057 0.041601 0.037185 0.0329406 0.0287662 0.0245257 0.0201418 0.0156884 0.0114122
 0.00706229 0.0115683 0.0175899 0.0251278 0.0339615 0.0435006 0.0527586 0.0605991 0.0661463 0.0690563 0.0694859 0.06787 0.0647203 0.0605237 0.0557038 0.0506018 0.0454691 0.0404703 0.0356883 0.0311267 0.0267212 0.0223825 0.0180689 0.013855 0.00994194
 0.00728917 0.0119422 0.0181612 0.0259439 0.0350542 0.0448683 0.0543507 0.0623164 0.0678608 0.0706423 0.0708417 0.0689245 0.0654265 0.0608523 0.0556408 0.050148 0.0446393 0.0392906 0.0341966 0.0293782 0.0248002 0.0204084 0.0161868 0.0122071 0.00862969
 0.00744091 0.0121967 0.018559 0.0265281 0.0358626 0.0459191 0.0556273 0.0637597 0.0693746 0.07211 0.0721477 0.0699718 0.0661484 0.061214 0.0556338 0.0497815 0.0439322 0.0382701 0.0329 0.0278602 0.02314 0.0187127 0.0145804 0.0108084 0.00752086
 0.00753276 0.0123431 0.0187747 0.0268278 0.0362613 0.0464322 0.0562672 0.0645298 0.0702624 0.0730814 0.0731447 0.0709175 0.0669582 0.0618099 0.0559572 0.0497991 0.0436355 0.0376711 0.0320287 0.0267658 0.0218947 0.0174114 0.0133314 0.0097131 0.00664903
 0.00761429 0.0124691 0.0189522 0.0270591 0.0365448 0.0467633 0.0566398 0.0649385 0.0707051 0.0735597 0.0736606 0.0714637 0.0675088 0.0623173 0.0563589 0.0500307 0.0436457 0.0374318 0.0315402 0.0260576 0.0210246 0.0164611 0.0123952 0.00887907 0.00597891
 0.0076478 0.0125224 0.0190302 0.0271655 0.0366807 0.0469269 0.0568257 0.0651391 0.0709144 0.0737778 0.0738949 0.0717264 0.0678081 0.0626478 0.056694 0.0503237 0.0438384 0.0374695 0.0313874 0.0257093 0.0205105 0.0158416 0.0117482 0.00828173 0.005488
 0.00774526 0.0126683 0.0192264 0.0274052 0.0369507 0.0472101 0.0571042 0.0653952 0.071132 0.0739457 0.0740099 0.0717957 0.0678478 0.0626777 0.0567281 0.050361 0.0438586 0.0374369 0.0312632 0.0254679 0.0201525 0.015398 0.0112725 0.00783321 0.00511389
 0.00778409 0.0127325 0.0193244 0.0275439 0.0371323 0.047428 0.0573407 0.065624 0.071326 0.0740862 0.0740925 0.0718284 0.0678465 0.0626594 0.0567072 0.0503452 0.0438448 0.0374095 0.0311968 0.0253374 0.0199455 0.0151238 0.010962 0.00752788 0.00485105
 0.00779401 0.0127456 0.0193389 0.0275575 0.037144 0.0474407 0.0573619 0.0656629 0.0713889 0.0741717 0.0741911 0.0719267 0.0679334 0.0627304 0.0567643 0.0503928 0.0438849 0.0374372 0.0311998 0.0252995 0.0198546 0.0149802 0.0107816 0.00733792 0.0046793
 0.00784432 0.0128167 0.0194259 0.0276488 0.0372244 0.0474963 0.0573851 0.0656549 0.071359 0.0741345 0.0741616 0.0719155 0.0679431 0.0627566 0.0567985 0.0504275 0.0439148 0.0374578 0.0312049 0.0252804 0.0198034 0.0148949 0.0106699 0.00721575 0.00456529
 0.00786241 0.0128474 0.0194741 0.0277181 0.0373144 0.0475995 0.0574855 0.0657312 0.0713923 0.0741171 0.0741015 0.0718332 0.0678628 0.0626969 0.0567675 0.0504227 0.0439272 0.0374763 0.0312187 0.0252801 0.0197821 0.01485 0.0106053 0.00714111 0.00449283
 0.00789235 0.0128912 0.0195311 0.0277851 0.0373872 0.0476747 0.057561 0.0658044 0.0714579 0.0741653 0.0741208 0.0718159 0.0678106 0.0626215 0.0566863 0.0503515 0.0438747 0.0374425 0.031197 0.0252613 0.0197577 0.0148152 0.0105602 0.00709057 0.00444399
 0.00788016 0.0128728 0.0195058 0.0277533 0.0373495 0.0476324 0.0575159 0.0657603 0.0714203 0.0741413 0.0741161 0.0718318 0.0678425 0.0626615 0.0567274 0.0503908 0.0439131 0.0374818 0.0312366 0.025297 0.0197839 0.0148275 0.0105577 0.00707651 0.00442411
 0.00787529 0.0128594 0.019476 0.0276969 0.0372582 0.0475041 0.0573593 0.0655937 0.0712674 0.0740236 0.0740481 0.0718189 0.0678819 0.0627439 0.0568394 0.0505178 0.0440426 0.0376046 0.0313471 0.0253915 0.0198592 0.0148816 0.0105908 0.00709178 0.00442692
 0.00790033 0.012896 0.019523 0.0277494 0.0373074 0.0475381 0.0573649 0.0655601 0.0711906 0.0739105 0.0739158 0.0716906 0.0677796 0.0626818 0.0568213 0.0505387 0.0440916 0.0376694 0.0314165 0.0254569 0.0199148 0.0149239 0.0106189 0.0071071 0.00443267
 0.00788946 0.0128799 0.0195016 0.0277236 0.0372781 0.0475059 0.057329 0.0655183 0.0711401 0.0738492 0.073845 0.0716164 0.0677129 0.0626357 0.056807 0.050561 0.044148 0.0377508 0.0315102 0.0255505 0.0199983 0.0149914 0.010668 0.00713898 0.00445074
 0.00785086 0.0128166 0.0194059 0.027589 0.0371025 0.0472949 0.0570984 0.0652931 0.0709477 0.0737119 0.0737733 0.071609 0.0677603 0.0627262 0.0569305 0.0507103 0.0443167 0.0379311 0.0316921 0.0257225 0.0201497 0.0151146 0.0107604 0.00720223 0.00449
 0.00784779 0.0128053 0.019377 0.0275301 0.0370009 0.0471428 0.056898 0.0650587 0.0707038 0.0734877 0.073597 0.0715008 0.0677292 0.0627689 0.0570347 0.0508595 0.0444945 0.0381233 0.0318864 0.0259073 0.0203147 0.0152519 0.0108658 0.00727653 0.00453765
 0.00782072 0.0127646 0.0193215 0.0274598 0.0369156 0.0470404 0.0567744 0.0649099 0.0705307 0.0732998 0.0734129 0.0713454 0.0676265 0.0627357 0.0570758 0.0509677 0.044654 0.0383144 0.0320895 0.0261054 0.0204942 0.0154031 0.0109838 0.00736115 0.00459305
 0.00778517 0.0127064 0.0192338 0.0273369 0.0367555 0.0468476 0.0565616 0.0646962 0.070336 0.0731384 0.0732914 0.0712651 0.0675889 0.0627447 0.0571367 0.0510828 0.0448189 0.0385168 0.0323116 0.0263277 0.0206992 0.0155778 0.0111214 0.00746073 0.00465896
 0.00774426 0.0126378 0.0191268 0.0271809 0.036543 0.0465787 0.0562484 0.0643642 0.0700192 0.0728721 0.0731031 0.0711696 0.0675868 0.0628262 0.0572873 0.0512876 0.0450642 0.0387892 0.0325957 0.0266059 0.0209541 0.0157951 0.0112928 0.00758526 0.00474173
 0.00774898 0.0126383 0.0191139 0.0271412 0.0364615 0.0464436 0.0560561 0.0641216 0.0697441 0.0725905 0.0728451 0.0709645 0.0674574 0.0627846 0.0573331 0.0514103 0.0452473 0.0390138 0.0328426 0.0268564 0.0211902 0.0160016 0.0114595 0.00770874 0.0048252
 0.00931772 0.0148372 0.021774 0.0298875 0.0388207 0.0480178 0.0566599 0.0638096 0.0687346 0.0711529 0.0712165 0.0693176 0.0659045 0.0613928 0.0561373 0.0504223 0.0444617 0.0384136 0.0324041 0.0265525 0.0209928 0.0158836 0.011396 0.00767903 0.00481389
 0.00930877 0.015111 0.0226944 0.031905 0.0422773 0.0528819 0.0623577 0.0693175 0.0729407 0.0732925 0.0711237 0.0673717 0.0627654 0.0577192 0.0524233 0.0469666 0.0414116 0.0358227 0.0302749 0.0248605 0.0196982 0.0149361 0.010738 0.00724918 0.00455215
 0.00895903 0.0145658 0.0219386 0.0309957 0.0413939 0.0523578 0.0626387 0.0708022 0.0757405 0.0770546 0.0750756 0.0706111 0.0646332 0.0580274 0.0514263 0.0451522 0.0392723 0.0337215 0.0284186 0.0233348 0.0185143 0.0140655 0.0101331 0.00685468 0.00431246
 0.00878963 0.0142776 0.0214821 0.0303213 0.0404718 0.051213 0.0613937 0.069702 0.0751287 0.0772756 0.0763199 0.0727745 0.0672894 0.0605658 0.0532973 0.0460744 0.0392878 0.0330966 0.0274835 0.0223597 0.017662 0.0134021 0.00966134 0.0065452 0.00412495
 0.0087169 0.0141539 0.0212848 0.030023 0.0400428 0.0506289 0.0606475 0.0688234 0.0742043 0.0764626 0.0758339 0.0728332 0.0680161 0.0618986 0.0549684 0.0476984 0.0405177 0.0337565 0.0276026 0.0221064 0.0172397 0.0129704 0.00930749 0.00629489 0.00396749
 0.00867966 0.014092 0.0211886 0.0298813 0.0398435 0.05036 0.0602994 0.0683915 0.0736945 0.0759007 0.0752788 0.0723857 0.0678083 0.0620511 0.055527 0.0485849 0.0415386 0.0346764 0.0282429 0.022409 0.0172618 0.012828 0.00911306 0.0061208 0.00384243
 0.00868731 0.0141008 0.0211949 0.0298786 0.039823 0.0503116 0.0602128 0.0682569 0.0735031 0.0756473 0.0749673 0.0720383 0.067474 0.0618055 0.0554546 0.0487429 0.0419183 0.0351918 0.0287612 0.0228091 0.0174839 0.012885 0.00906376 0.00603078 0.00375716
 0.0086911 0.014108 0.0212075 0.0298983 0.0398498 0.0503421 0.0602388 0.068266 0.0734806 0.0755801 0.0748473 0.0718649 0.0672588 0.0615765 0.0552571 0.0486307 0.0419337 0.0353412 0.0290047 0.0230744 0.0176998 0.0130123 0.00910431 0.00601411 0.00371787
 0.0086722 0.0140809 0.0211733 0.0298607 0.0398144 0.0503145 0.0602233 0.0682639 0.0734892 0.0755915 0.0748498 0.0718458 0.0672087 0.0614947 0.0551557 0.0485352 0.041877 0.0353503 0.0290858 0.0232068 0.0178443 0.0131304 0.00917571 0.00604058 0.00371519
 0.00865108 0.0140447 0.0211159 0.0297764 0.0397003 0.0501746 0.0600706 0.0681189 0.0733746 0.0755247 0.0748361 0.0718781 0.0672702 0.0615655 0.0552203 0.048588 0.0419244 0.0354066 0.0291641 0.0233095 0.0179596 0.0132382 0.00925838 0.00609117 0.00373811
 0.00863927 0.0140265 0.0210903 0.0297423 0.0396565 0.050119 0.060001 0.0680352 0.0732809 0.0754309 0.0747568 0.0718271 0.0672554 0.0615857 0.0552658 0.0486462 0.0419856 0.0354681 0.0292289 0.0233812 0.0180371 0.0133142 0.00932298 0.00613749 0.00376535
 0.00863573 0.0140214 0.0210838 0.029735 0.0396489 0.0501111 0.0599918 0.0680223 0.073261 0.0754008 0.0747155 0.0717779 0.0672061 0.0615459 0.0552432 0.0486435 0.0420004 0.0354956 0.0292651 0.0234238 0.018084 0.0133618 0.0093661 0.00617141 0.00378806
 0.00864851 0.0140401 0.021108 0.0297631 0.0396783 0.0501391 0.0600161 0.0680409 0.0732717 0.0754012 0.0747029 0.0717506 0.0671647 0.0614943 0.0551887 0.0485943 0.0419633 0.0354741 0.0292591 0.0234309 0.0181008 0.0133842 0.00938961 0.0061921 0.00380347
 0.00863802 0.0140261 0.0210924 0.0297495 0.0396705 0.0501395 0.0600244 0.0680541 0.0732858 0.0754129 0.0747103 0.0717529 0.0671613 0.0614851 0.0551741 0.0485765 0.0419461 0.0354617 0.0292547 0.0234356 0.0181132 0.0134015 0.00940829 0.00620901 0.00381659
 0.00861375 0.0139886 0.02104 0.0296825 0.0395921 0.050056 0.0599451 0.0679902 0.0732468 0.0754037 0.0747295 0.071794 0.0672154 0.0615436 0.0552304 0.0486269 0.0419891 0.0354982 0.0292868 0.0234653 0.0181416 0.0134283 0.00943224 0.00622868 0.00383118
 0.00861375 0.0139886 0.02104 0.0296825 0.0395921 0.050056 0.0599451 0.0679902 0.0732468 0.0754037 0.0747295 0.071794 0.0672154 0.0615436 0.0552304 0.0486269 0.0419891 0.0354982 0.0292868 0.0234653 0.0181416 0.0134283 0.00943224 0.00622868 0.00383118
 0.0091424 0.0148167 0.0222241 0.0312438 0.0415013 0.0522157 0.0621788 0.070055 0.0748826 0.0764004 0.074982 0.0713173 0.0661238 0.0600099 0.0534449 0.0467644 0.04019 0.0338612 0.0278712 0.0222983 0.0172253 0.0127457 0.00895275 0.00591347 0.00363873
 0.00922802 0.0150137 0.0226253 0.0319664 0.0426513 0.0538342 0.0641955 0.0722797 0.0770444 0.0782159 0.0762202 0.0718419 0.0659076 0.0591276 0.0520477 0.0450443 0.038342 0.0320533 0.026228 0.0208964 0.016098 0.0118918 0.00834559 0.00551046 0.00339071
 0.00904705 0.014725 0.0222073 0.0314191 0.042016 0.0532125 0.0637507 0.0722023 0.0774809 0.0791938 0.0776144 0.0734067 0.0673575 0.0602249 0.0526594 0.0451552 0.0380325 0.0314586 0.0254953 0.0201526 0.0154325 0.0113525 0.00794551 0.00523781 0.00322019
 0.00882466 0.0143475 0.0216122 0.0305448 0.0408246 0.051724 0.0620747 0.070545 0.0761134 0.0783858 0.0775553 0.0741418 0.0687656 0.0620478 0.0545785 0.0468827 0.0393814 0.0323661 0.0260027 0.0203606 0.0154555 0.0112868 0.00785605 0.00515887 0.00316367
 0.00862951 0.0140088 0.0210632 0.0297116 0.0396445 0.050176 0.0602099 0.0685013 0.0741047 0.0766682 0.076382 0.0737134 0.0691793 0.0632613 0.0564061 0.0490368 0.0415483 0.0342875 0.027528 0.0214552 0.0161706 0.0117153 0.00809342 0.00528161 0.00322351
 0.00869362 0.0140857 0.0211261 0.0297122 0.0395178 0.049851 0.0596261 0.0676263 0.0729532 0.0753178 0.0749784 0.0724545 0.0682777 0.06289 0.0566458 0.0498443 0.0427635 0.0356812 0.0288722 0.0225846 0.0170115 0.0122757 0.00843019 0.00546538 0.00331522
 0.00867557 0.0140699 0.0211255 0.0297425 0.0395863 0.0499427 0.0596933 0.0675937 0.0727378 0.0748606 0.074272 0.0715592 0.0673191 0.0620364 0.0560674 0.0496635 0.0430134 0.0362922 0.0296965 0.0234493 0.0177747 0.0128601 0.00882436 0.00570175 0.00344211
 0.00861531 0.0139768 0.0209956 0.0295781 0.0393986 0.0497524 0.0595279 0.0674768 0.0726741 0.0748231 0.0742053 0.0714017 0.0670363 0.0616485 0.0556539 0.0493408 0.0428915 0.0364295 0.0300756 0.0239851 0.0183514 0.0133756 0.00922013 0.00596708 0.00359892
 0.00873057 0.0141591 0.0212595 0.0299308 0.0398355 0.0502519 0.0600484 0.0679613 0.0730615 0.0750633 0.0742658 0.0712664 0.0667021 0.0611289 0.0549899 0.0486083 0.0421937 0.0358703 0.0297245 0.0238536 0.0183942 0.0135163 0.00938436 0.00610588 0.00369404
#pred catch len freq
 0.00456713 0.00723412 0.0105663 0.0144862 0.0189437 0.0238926 0.0292191 0.0347092 0.0400921 0.0451105 0.0495654 0.0533311 0.0563578 0.058654 0.0602465 0.0611374 0.0612829 0.0605973 0.0589616 0.0562233 0.0522033 0.0467582 0.039921 0.0320548 0.0238845
 0.00487103 0.00762044 0.0109529 0.0147416 0.0189369 0.0235643 0.0286287 0.0340181 0.0394844 0.0446974 0.0493322 0.0531565 0.056088 0.0581906 0.0596055 0.0604561 0.0607716 0.0604531 0.0592802 0.0569512 0.0531577 0.0477068 0.0406772 0.0325382 0.0241193
 0.00518504 0.00811836 0.011671 0.0156843 0.0200529 0.0247256 0.0296348 0.0346473 0.0395852 0.0442684 0.0485258 0.0521936 0.0551397 0.0573109 0.0587565 0.0595947 0.0599262 0.0597352 0.0588266 0.0568392 0.0533529 0.0480774 0.0410624 0.0328217 0.0242643
 0.00551042 0.00862615 0.0123982 0.0166573 0.0212882 0.0262246 0.031362 0.0364983 0.0413662 0.0457174 0.0493871 0.0523166 0.0545412 0.0561542 0.0572625 0.0579521 0.0582619 0.0581423 0.0573983 0.0556648 0.0524812 0.0474886 0.0406809 0.0325593 0.0240601
 0.00585864 0.0091662 0.0131639 0.0176672 0.022549 0.027735 0.0331099 0.0384502 0.0434502 0.0478044 0.0512817 0.0537733 0.0553206 0.0561031 0.0563735 0.056364 0.0562023 0.0558551 0.0550975 0.0535188 0.0506086 0.0459526 0.0394884 0.0316752 0.0234309
 0.00619634 0.00969368 0.0139188 0.0186732 0.0238167 0.0292616 0.0348758 0.0404131 0.0455433 0.0499373 0.0533375 0.0556023 0.0567383 0.0569093 0.0563987 0.0555288 0.0545574 0.0535767 0.0524409 0.0507571 0.0479821 0.0436386 0.0375891 0.0302207 0.0223928
 0.00658598 0.0102968 0.0147714 0.0197927 0.0252049 0.030909 0.0367583 0.0424852 0.047733 0.0521479 0.0554542 0.0574993 0.0582813 0.0579559 0.0568034 0.055165 0.0533571 0.0515732 0.0497877 0.0477083 0.0448396 0.0406891 0.0350507 0.0282136 0.0209365
 0.00693118 0.0108403 0.0155573 0.0208527 0.0265568 0.0325525 0.0386678 0.0446029 0.049971 0.0543969 0.0575953 0.0594123 0.0598498 0.0590676 0.0573491 0.05504 0.0524764 0.0499032 0.0473853 0.0447445 0.0415866 0.0374677 0.0321565 0.0258509 0.0191854
 0.00726394 0.0113582 0.0162955 0.0218333 0.0277915 0.0340446 0.0404077 0.0465583 0.0520778 0.0565586 0.0596905 0.0613091 0.0614221 0.0602054 0.0579594 0.0550422 0.051801 0.0485057 0.0452778 0.0420316 0.0384819 0.0342687 0.0291791 0.023348 0.017288
 0.00768303 0.0119981 0.0171827 0.0229683 0.0291557 0.0356098 0.0421402 0.0484154 0.0540031 0.0584803 0.0615226 0.0629555 0.062782 0.0611816 0.0584653 0.0550042 0.0511592 0.0472201 0.0433474 0.0395255 0.0355654 0.0311985 0.0262551 0.0208352 0.0153458
 0.00812295 0.0126775 0.0181388 0.0242124 0.0306738 0.0373645 0.044069 0.0504305 0.0559995 0.0603516 0.0631763 0.0643192 0.0638016 0.0618136 0.05867 0.0547414 0.0503886 0.0459088 0.0414885 0.0371663 0.0328343 0.02831 0.0234755 0.0184154 0.01345
 0.00851876 0.0132955 0.0190221 0.0253863 0.0321441 0.0391148 0.0460526 0.0525623 0.0581577 0.0623915 0.0649535 0.0657136 0.0647338 0.0622496 0.0586112 0.0542052 0.0493911 0.0444586 0.0395982 0.0348791 0.0302533 0.0256104 0.020883 0.0161503 0.0116636
 0.00881336 0.0137591 0.0196923 0.0262911 0.0333016 0.0405302 0.0477099 0.0544145 0.0601205 0.0643463 0.0667593 0.0672255 0.065827 0.0628399 0.0586646 0.0537329 0.0484315 0.0430597 0.0378109 0.0327676 0.0279164 0.0231964 0.0185783 0.0141384 0.0100729
