SBPRF35
7.78865
Curr Bio
555084
B35
675283
F35
0.224695
FOFL
0.187693
OFL
81687.7
Bzero
2.22533e+006
#pred survey bio
 4.49902e+006 4.24268e+006 3.99571e+006 3.6889e+006 3.38412e+006 3.04306e+006 2.71748e+006 2.40959e+006 2.13139e+006 1.88533e+006 1.66903e+006 1.47693e+006 1.299e+006 1.14167e+006 1.03144e+006 909366 815029 766790 718549 693343 655507 628421 612427 595918 592756 590854 581584 580658 565609 565219 567393 568947 569023 559260 554403 545679 541384 542370 541425 536540 537233 542865 550807 557290 552447 552383 558447 566299 564389 570832 581812 528928 516080 495093 512945 533851 568107 564338 567936 556473 1.99782e+007 1.24238e+007 1.29612e+007 1.36749e+007 1.44404e+007 1.51485e+007 1.57475e+007 1.62258e+007 1.65931e+007 1.68682e+007 1.70709e+007 1.7219e+007 1.73266e+007 1.7405e+007 1.74621e+007 1.75039e+007 1.75347e+007 1.75575e+007 1.75745e+007 1.75873e+007 1.75969e+007 1.76041e+007 1.76096e+007 1.76138e+007 1.76171e+007 1.76195e+007 1.76214e+007 1.76228e+007 1.7624e+007 1.76248e+007 1.76255e+007 1.7626e+007 1.76264e+007 1.76267e+007 1.76269e+007 1.76271e+007 1.76272e+007 1.76273e+007 1.76274e+007 1.76275e+007 1.76275e+007 1.76276e+007 1.76276e+007 1.76276e+007 1.76277e+007 1.76277e+007 1.76277e+007 1.76277e+007 1.76277e+007 1.76277e+007 1.76277e+007 1.76277e+007 1.76277e+007 1.76277e+007 1.76277e+007 1.76277e+007 1.76277e+007 1.76277e+007 1.76277e+007 1.76277e+007 1.76277e+007 1.76277e+007 1.76277e+007 1.76277e+007 1.76277e+007 1.76277e+007 1.76277e+007 1.76277e+007 1.76277e+007 1.76277e+007 1.76277e+007 1.76277e+007 1.76277e+007 1.76277e+007 1.76277e+007 1.76277e+007 1.76277e+007 1.76277e+007 1.76277e+007 1.76277e+007 1.76277e+007 1.76277e+007 1.76277e+007 1.76277e+007 1.76277e+007 1.76277e+007 1.76277e+007 1.76277e+007 1.76277e+007 1.76277e+007 1.76277e+007 1.76277e+007 1.76277e+007 1.76277e+007 1.76277e+007 1.76277e+007 1.76277e+007 1.76277e+007 1.76277e+007 1.76277e+007 0 0 0 0 0 0 0 0 0 0 0 0 0 0 0 0 0 0 0 0 0 0 0 0 0
#obs survey bio
 2.79695e+006 3.51324e+006 2.91534e+006 3.46489e+006 2.76021e+006 2.43437e+006 2.32089e+006 2.42054e+006 2.3543e+006 1.5393e+006 1.54679e+006 1.02338e+006 1.16828e+006 1.17472e+006 883189 775293 668180 550233 701667 717268 836593 754737 423894 495310 428300 579886 673802 498682 570514 592810 625149 479728 456470 514147 756596 439785 842357 789389 485643 379935 381826 716967 574837 753998 581587 584740 610104 613883 617943 914566 579765 640490 424043 466247 525620 545154 691948 598156 523194 480044
#pred catch bio
 94248.2 97309.6 173226 197785 260721 277900 291893 292455 287269 280341 273863 271930 260588 223583 234669 208151 165785 162449 138667 144298 129824 117384 116618 104746 103077 107777 99064.1 109063 94604.2 91257.7 91356.5 92333.1 99341.6 92111.7 91280.4 85688.1 83521.1 88625.1 93920.2 90015.7 86175.3 84227.1 85486.2 94973.9 91070.8 86276.4 84881.6 92908.3 85845 82631.5 135827 101434 109808 78878 78294.3 68452 100903 95979.9 112451 95053.4 81687.7 99204.4 102538 107170 112550 117585 121758 124973 127330 128994 130138 130908 131417 131749 131964 132102 132190 132245 132280 132302 132316 132325 132330 132333 132336 132337 132338 132338 132338 132339 132339 132339 132339 132339 132339 132339 132339 132339 132339 132339 132339 132339 132339 132339 132339 132339 132339 132339 132339 132339 132339 132339 132339 132339 132339 132339 132339 132339 132339 132339 132339 132339 132339 132339 132339 132339 132339 132339 132339 132339 132339 132339 132339 132339 132339 132339 132339 132339 132339 132339 132339 132339 132339 132339 132339 132339 132339 132339 132339 132339 132339 132339 132339 132339 132339 132339 132339 132339 132339 132339 0 0 0 0 0 0 0 0 0 0 0 0 0 0 0 0 0 0 0 0 0 0 0 0 0
#obs catch bio
 0 97022.8 174458 198685 263635 281351 295731 297447 291883 286023 279966 278233 267408 228490 241642 214002 168531 165815 140116 146170 130274 117023 117643 105672 104355 108617 99505.1 109908 95267.8 91417.5 91571.8 92972.6 100437 93253.2 91747.1 85890.1 83317.4 87927.2 93177.9 89598.6 86018.4 83600.4 84883.2 94097.3 90628.3 86148.1 84466.5 92341 85308.6 81591.2 135038 100192 109675 78473.5 78428 68023.6 100687 95110.2 112104 94918.1
#pred cpue bio
 4.42145e+006 4.16853e+006 3.92378e+006 3.61827e+006 3.31534e+006 2.97658e+006 2.65318e+006 2.34736e+006 2.07109e+006 1.82683e+006 1.61228e+006 1.4222e+006 1.24656e+006 1.09155e+006 983029 863685 772005 725486 679282 655672 619996 594487 579061 562803 559721 558190 549622 549076 534819 534836 537233 538720 538810 529700 525988 518622 514184 513707 511779 506844 507605 513306 521263 527651 522836 522557 528482 536341 534573 540772 551407 499716 486343 465348 482475 503168 536856 533208 535688 522945 1.87545e+007 1.16774e+007 1.21589e+007 1.28019e+007 1.35425e+007 1.42451e+007 1.48431e+007 1.53212e+007 1.56885e+007 1.59636e+007 1.61663e+007 1.63143e+007 1.6422e+007 1.65003e+007 1.65574e+007 1.65993e+007 1.66301e+007 1.66529e+007 1.66699e+007 1.66826e+007 1.66922e+007 1.66995e+007 1.6705e+007 1.67092e+007 1.67124e+007 1.67149e+007 1.67168e+007 1.67182e+007 1.67193e+007 1.67202e+007 1.67208e+007 1.67214e+007 1.67218e+007 1.67221e+007 1.67223e+007 1.67225e+007 1.67226e+007 1.67227e+007 1.67228e+007 1.67229e+007 1.67229e+007 1.6723e+007 1.6723e+007 1.6723e+007 1.6723e+007 1.67231e+007 1.67231e+007 1.67231e+007 1.67231e+007 1.67231e+007 1.67231e+007 1.67231e+007 1.67231e+007 1.67231e+007 1.67231e+007 1.67231e+007 1.67231e+007 1.67231e+007 1.67231e+007 1.67231e+007 1.67231e+007 1.67231e+007 1.67231e+007 1.67231e+007 1.67231e+007 1.67231e+007 1.67231e+007 1.67231e+007 1.67231e+007 1.67231e+007 1.67231e+007 1.67231e+007 1.67231e+007 1.67231e+007 1.67231e+007 1.67231e+007 1.67231e+007 1.67231e+007 1.67231e+007 1.67231e+007 1.67231e+007 1.67231e+007 1.67231e+007 1.67231e+007 1.67231e+007 1.67231e+007 1.67231e+007 1.67231e+007 1.67231e+007 1.67231e+007 1.67231e+007 1.67231e+007 1.67231e+007 1.67231e+007 1.67231e+007 1.67231e+007 1.67231e+007 1.67231e+007 1.67231e+007 1.67231e+007 0 0 0 0 0 0 0 0 0 0 0 0 0 0 0 0 0 0 0 0 0 0 0 0 0
#obs cpue bio
 3.5148e+006 3.89193e+006 3.18243e+006 2.79249e+006 2.85601e+006 2.76331e+006 3.17333e+006 1.4381e+006 1.90911e+006 1.35659e+006 1.26938e+006 1.70832e+006 943084 781927 749078 713675 944578 727059 802309 568839 707486 704414 387069 506681 511711 791930 447146 602371 392437 730546 449581 397940 518037 375488 653460 710350 492364 615261 647288 587798 602989 672454 516105 568588 372328 391801 657358 681924 501790 493809 553511 489247 444213 510567 356910 681565 544338 652688 505305 444964
#pred surv len freq
 0.00458387 0.00744948 0.0112298 0.015924 0.0214478 0.0275591 0.0338208 0.0396968 0.0447433 0.0487495 0.0517375 0.0538685 0.055347 0.0563553 0.0570102 0.0573388 0.0572821 0.0567181 0.0554795 0.0533486 0.0500588 0.0453598 0.0391776 0.0317971 0.0239168
 0.00493943 0.00793435 0.0117921 0.0164703 0.0218852 0.0278521 0.0340232 0.0399251 0.0450996 0.0492398 0.0522419 0.0541858 0.0552876 0.0558317 0.0560822 0.0561973 0.0561824 0.0558889 0.0550413 0.0532785 0.0502165 0.045564 0.03929 0.0317693 0.0237815
 0.00506564 0.008189 0.0122597 0.0172412 0.0230122 0.0292957 0.035625 0.0414456 0.0463151 0.0500373 0.0526424 0.0542785 0.0551329 0.0554143 0.0553454 0.0551249 0.0548577 0.0544871 0.0537597 0.0522519 0.0494707 0.0450323 0.038874 0.0313999 0.0234419
 0.00524707 0.00847026 0.0126628 0.0177916 0.0237492 0.030278 0.0369139 0.0430614 0.0481842 0.0519709 0.0543769 0.0555656 0.0558237 0.0554806 0.0548391 0.0541251 0.053455 0.052801 0.0519499 0.0504912 0.0478959 0.0437096 0.0378055 0.0305567 0.0227948
 0.00544222 0.00878493 0.013131 0.018442 0.0245998 0.03133 0.0381494 0.0444498 0.049692 0.0535612 0.0559874 0.0570809 0.0570725 0.0562748 0.0550353 0.0536679 0.0523828 0.0512264 0.0500357 0.0484275 0.0458707 0.0418759 0.0362586 0.0293336 0.0218876
 0.00569317 0.00918783 0.0137284 0.0192712 0.0256873 0.0326819 0.0397394 0.046213 0.0515325 0.0553712 0.057668 0.0585503 0.0582561 0.0570872 0.0553731 0.0534285 0.0515029 0.0497186 0.0480027 0.0460495 0.0433721 0.0394821 0.0341532 0.0276298 0.0206199
 0.00598012 0.00964408 0.0143965 0.0201857 0.0268707 0.0341377 0.041442 0.048101 0.0535111 0.0573249 0.0594764 0.0601035 0.0594643 0.0578813 0.0556957 0.0532229 0.0507157 0.048322 0.0460298 0.0436197 0.0406884 0.036795 0.031705 0.0255987 0.0190878
 0.00626552 0.0101057 0.0150871 0.0211527 0.0281484 0.035733 0.0433202 0.0501801 0.0556718 0.0594314 0.0613975 0.061725 0.0606947 0.0586528 0.0559604 0.0529466 0.0498715 0.0468953 0.0440396 0.0411492 0.0379049 0.0339378 0.0290364 0.0233374 0.0173549
 0.00658923 0.0106173 0.0158306 0.0221621 0.0294449 0.0373198 0.0451727 0.0522362 0.0578317 0.0615673 0.0633702 0.063402 0.0619659 0.059439 0.0562132 0.0526408 0.048996 0.0454515 0.0420528 0.0386933 0.0351255 0.0310538 0.0263046 0.0209885 0.0155312
 0.00686941 0.0110745 0.0165215 0.0231398 0.0307478 0.0389552 0.0470999 0.0543631 0.0600289 0.0636938 0.0652947 0.0650133 0.0631736 0.0601735 0.0564264 0.0523053 0.0481028 0.0440087 0.0400926 0.036289 0.032412 0.0282324 0.0236166 0.0186588 0.0137066
 0.00711221 0.011469 0.017116 0.0239815 0.0318771 0.040394 0.0488362 0.0563387 0.0621393 0.0658001 0.0672447 0.0666644 0.064412 0.0609237 0.0566487 0.0519864 0.0472461 0.0426312 0.0382314 0.0340168 0.0298549 0.0255749 0.0210799 0.0164516 0.011969
 0.00737215 0.0118837 0.0177259 0.024821 0.0329702 0.0417479 0.0504313 0.058122 0.0640258 0.0676816 0.0690012 0.0681755 0.0655686 0.0616394 0.0568683 0.0516871 0.046432 0.0413271 0.0364824 0.0318982 0.0274859 0.0231233 0.0187442 0.014419 0.0103662
 0.0076389 0.0123161 0.0183742 0.0257301 0.0341709 0.0432417 0.0521763 0.0600285 0.0659686 0.0695246 0.0706204 0.0694714 0.0664695 0.0620988 0.0568619 0.0512095 0.045495 0.039959 0.0347313 0.0298395 0.0252317 0.0208251 0.0165771 0.0125455 0.00889437
 0.00793491 0.0127856 0.0190593 0.0266637 0.0353722 0.0447093 0.0538764 0.0618865 0.0678711 0.0713339 0.0721955 0.0706911 0.0672489 0.0623973 0.0566781 0.0505694 0.0444389 0.0385345 0.0329949 0.0278656 0.0231227 0.0187136 0.0146123 0.0108631 0.00758112
 0.0079961 0.012909 0.0192894 0.0270572 0.0359854 0.0455777 0.0549963 0.0632091 0.0693126 0.0727929 0.0735681 0.0718787 0.0681636 0.0629685 0.0568606 0.0503474 0.0438247 0.037563 0.0317192 0.0263573 0.0214762 0.0170456 0.0130501 0.00952046 0.00653088
 0.00813235 0.0131361 0.0196429 0.0275766 0.0367097 0.0465354 0.0561908 0.0646052 0.0708308 0.074315 0.0749561 0.073001 0.0689209 0.0633079 0.0567747 0.0498624 0.0429865 0.0364282 0.0303522 0.0248327 0.0198817 0.015482 0.0116216 0.00831566 0.00560168
 0.00832561 0.0134259 0.0200348 0.028063 0.0372768 0.0471731 0.056898 0.0653864 0.0716851 0.0752237 0.0758733 0.0738544 0.0696219 0.0637707 0.0569358 0.0496929 0.0424937 0.0356484 0.0293421 0.0236632 0.0186354 0.0142496 0.0104929 0.00736404 0.00486902
 0.00826619 0.0133464 0.0199462 0.0279847 0.0372299 0.0471714 0.0569441 0.0654778 0.0718271 0.075439 0.0761974 0.0743143 0.0702116 0.0644374 0.0575876 0.0502243 0.042815 0.0357079 0.0291331 0.0232206 0.0180251 0.0135558 0.00980282 0.00675193 0.00438224
 0.0082696 0.0133488 0.0199448 0.0279776 0.0372195 0.0471679 0.0569657 0.0655446 0.0719513 0.0756183 0.0764179 0.0745619 0.0704811 0.06473 0.0578969 0.0505223 0.0430519 0.035826 0.0290895 0.0230037 0.0176604 0.013098 0.00932061 0.00630911 0.00402258
 0.0081202 0.0131209 0.01963 0.0275783 0.0367488 0.0466491 0.0564331 0.0650457 0.0715443 0.0753632 0.076362 0.074726 0.0708534 0.0652702 0.0585468 0.0512165 0.043723 0.0364091 0.0295293 0.023266 0.0177423 0.0130295 0.00915497 0.00610601 0.00383126
 0.0082407 0.0132831 0.019812 0.0277397 0.0368423 0.0466393 0.0563112 0.0648306 0.0712731 0.0750773 0.0760992 0.0745187 0.0707288 0.0652472 0.0586305 0.0513937 0.0439627 0.0366672 0.0297573 0.0234226 0.017804 0.0129975 0.00905307 0.00597063 0.00369752
 0.00855822 0.0137418 0.020394 0.0283868 0.037467 0.0471452 0.0566149 0.0648787 0.0710542 0.0746279 0.0754977 0.0738658 0.0701206 0.0647538 0.0582879 0.0512061 0.0439095 0.0367106 0.0298503 0.0235184 0.0178662 0.0130083 0.00901499 0.00590139 0.0036198
 0.00866053 0.0139263 0.0207019 0.0288589 0.0381225 0.047955 0.057484 0.0656579 0.0715838 0.074795 0.0752756 0.0733177 0.0693695 0.0639404 0.0575327 0.050588 0.0434608 0.0364243 0.0296929 0.0234444 0.0178314 0.0129798 0.00897668 0.00585225 0.00356778
 0.00868052 0.013967 0.0207801 0.0289999 0.0383594 0.0483226 0.0580058 0.0663271 0.0723448 0.0755389 0.0758616 0.0736172 0.0693158 0.0635537 0.0569094 0.049861 0.0427545 0.0358234 0.0292334 0.0231214 0.0176162 0.0128374 0.00887791 0.00577903 0.00351196
 0.00856826 0.0137954 0.0205434 0.0287029 0.0380201 0.0479746 0.0576997 0.0661267 0.0723143 0.0757201 0.0762509 0.074154 0.0698934 0.0640533 0.0572421 0.0499979 0.0427276 0.035701 0.0290859 0.0229966 0.0175318 0.0127888 0.00885125 0.00576189 0.00349785
 0.00848024 0.0136538 0.0203334 0.0284134 0.0376476 0.0475294 0.0572119 0.0656478 0.071911 0.0754621 0.0761939 0.0743236 0.0702726 0.0645799 0.0578225 0.0505343 0.0431495 0.0359835 0.0292469 0.0230763 0.0175699 0.0128107 0.00886731 0.00577361 0.00350458
 0.00850194 0.0136814 0.0203603 0.0284273 0.0376323 0.0474683 0.0570928 0.065467 0.0716779 0.0752015 0.0759454 0.0741349 0.0701871 0.0646219 0.0579853 0.0507795 0.0434196 0.0362232 0.0294219 0.0231807 0.017619 0.0128272 0.0088695 0.00577172 0.00350231
 0.00841283 0.0135486 0.0201825 0.0282106 0.0373869 0.0472045 0.0568186 0.0651895 0.0714065 0.0749511 0.0757377 0.0739965 0.0701451 0.0646966 0.0581826 0.0510846 0.0437964 0.0366214 0.0297913 0.0234854 0.017845 0.0129798 0.00896485 0.00582761 0.00353326
 0.00840856 0.0135462 0.0201874 0.0282309 0.0374314 0.0472793 0.0569225 0.065311 0.0715233 0.0750335 0.075757 0.0739358 0.0700083 0.0645106 0.0579895 0.0509276 0.0437041 0.0365999 0.0298249 0.0235472 0.0179091 0.0130301 0.00899683 0.00584439 0.00354049
 0.00847502 0.0136178 0.020229 0.0281899 0.0372558 0.0469432 0.0564473 0.0647653 0.0710014 0.0746231 0.0755121 0.0738674 0.070091 0.0646997 0.0582403 0.0512075 0.0439956 0.0368939 0.0301126 0.0238153 0.0181421 0.013216 0.0091318 0.00593326 0.00359353
 0.00854338 0.0137239 0.0203768 0.0283729 0.0374508 0.0471057 0.0565148 0.064675 0.0707191 0.0741695 0.0749659 0.0733393 0.0696814 0.0644653 0.0581848 0.0512962 0.0441789 0.0371264 0.0303605 0.0240549 0.0183565 0.0133934 0.00926649 0.00602634 0.00365176
 0.00848662 0.0136533 0.0203103 0.0283404 0.0374847 0.0472262 0.0567156 0.0649176 0.0709392 0.0742954 0.0749442 0.0731577 0.0693782 0.0641165 0.0578743 0.051085 0.044089 0.0371447 0.0304543 0.0241879 0.0184984 0.0135232 0.00937189 0.00610327 0.00370224
 0.00828772 0.0133636 0.0199381 0.0279183 0.0370652 0.0468704 0.0564813 0.0648471 0.0710471 0.0745584 0.0753008 0.0735241 0.0696763 0.0643023 0.0579507 0.051093 0.0440834 0.0371684 0.0305248 0.0242983 0.0186282 0.0136502 0.00948003 0.0061849 0.00375734
 0.00792288 0.0128307 0.0192493 0.0271268 0.0362546 0.0461349 0.0559073 0.0645022 0.0709725 0.0747605 0.0757456 0.0741389 0.0703643 0.0649654 0.0585139 0.0515215 0.0443843 0.0373773 0.0306839 0.0244385 0.0187617 0.0137744 0.00958662 0.00626737 0.0038145
 0.00783732 0.0126411 0.0188747 0.026472 0.0352473 0.0447782 0.0543178 0.0629011 0.0696234 0.0738843 0.075457 0.0744307 0.0711321 0.0660497 0.0597426 0.0527434 0.0454924 0.0383163 0.0314439 0.0250371 0.0192255 0.0141269 0.00984567 0.00644783 0.00393149
 0.0085195 0.0135994 0.0200336 0.0276554 0.0362139 0.0452886 0.0542024 0.062108 0.0682386 0.0721234 0.0736218 0.0728316 0.0700012 0.065484 0.0597005 0.0530886 0.0460549 0.0389449 0.0320343 0.0255361 0.0196189 0.0144223 0.0100583 0.00659388 0.00402586
 0.00901178 0.0144012 0.0212334 0.0293098 0.038304 0.0476678 0.0565691 0.0640449 0.0693316 0.072112 0.0725009 0.0708512 0.0675715 0.063039 0.0575796 0.0514726 0.0449669 0.0382981 0.0316962 0.0253822 0.0195595 0.0144052 0.0100582 0.00660002 0.0040335
 0.00889673 0.0142966 0.0212306 0.0295502 0.0389484 0.048839 0.0582894 0.0661924 0.0716345 0.0741904 0.0739562 0.0713852 0.0670897 0.0616862 0.0556835 0.0494226 0.04309 0.0367848 0.0305956 0.0246446 0.019094 0.0141227 0.00989139 0.00650421 0.00398087
 0.00872057 0.0140279 0.0208648 0.0291103 0.038498 0.0484931 0.0582088 0.066549 0.072544 0.0756372 0.0757533 0.073203 0.0685521 0.0624963 0.0557233 0.0487813 0.04201 0.035558 0.0294626 0.023741 0.0184514 0.0137062 0.00964066 0.00636222 0.00390479
 0.00867569 0.0139497 0.0207377 0.028918 0.0382297 0.048155 0.0578375 0.066221 0.0723719 0.075746 0.0762352 0.0740639 0.0696774 0.063664 0.0566719 0.0493067 0.0420412 0.0351713 0.0288315 0.0230551 0.0178508 0.0132555 0.00934194 0.00618384 0.00380751
 0.00857154 0.0137934 0.0205263 0.0286555 0.0379245 0.0478153 0.0574712 0.0658418 0.0720096 0.0754553 0.0760946 0.0741576 0.0700605 0.064324 0.0575092 0.0501544 0.0427227 0.0355692 0.0289275 0.0229213 0.0176016 0.0129947 0.00913142 0.00604198 0.0037249
 0.00854566 0.0137344 0.0204072 0.0284433 0.0375914 0.0473544 0.056909 0.065236 0.0714338 0.0749783 0.0757696 0.0740231 0.0701453 0.0646437 0.0580505 0.0508576 0.043482 0.0362594 0.029448 0.023231 0.0177244 0.0129945 0.00907674 0.00598105 0.00367964
 0.00853885 0.01372 0.0203778 0.0283866 0.0374886 0.0471813 0.056641 0.0648593 0.0709584 0.0744467 0.0752523 0.0736019 0.0698915 0.0646021 0.0582328 0.0512415 0.0440114 0.0368509 0.0300086 0.0236845 0.018034 0.0131674 0.00914992 0.00599821 0.00367452
 0.00857861 0.0137757 0.0204448 0.0284544 0.0375421 0.0472039 0.0566167 0.064773 0.0707967 0.0742021 0.0749309 0.073231 0.0695211 0.0642954 0.0580493 0.0512185 0.0441523 0.0371227 0.030351 0.0240281 0.0183219 0.0133707 0.00926959 0.00605506 0.00369443
 0.00864679 0.013893 0.0206322 0.0287324 0.0379222 0.0476772 0.0571447 0.0652891 0.0712202 0.0744594 0.0749743 0.0730481 0.0691367 0.0637673 0.0574581 0.0506516 0.0436832 0.0367938 0.0301658 0.023957 0.0183187 0.0133919 0.00928737 0.00605995 0.0036891
 0.00855573 0.0137667 0.0204835 0.0285891 0.0378229 0.0476613 0.0572416 0.0655085 0.0715457 0.0748468 0.0753576 0.0733554 0.0693097 0.063779 0.0573197 0.0504074 0.0433968 0.0365281 0.029965 0.0238369 0.0182686 0.013386 0.00929953 0.00607272 0.00369584
 0.00848155 0.0136385 0.020278 0.028285 0.0374112 0.0471601 0.0567059 0.065025 0.0712097 0.07473 0.0754828 0.0736894 0.0697764 0.0642841 0.0577786 0.0507666 0.0436423 0.0366794 0.0300587 0.0239077 0.0183367 0.0134552 0.00936341 0.00612352 0.00373024
 0.00848011 0.0136247 0.0202354 0.0281889 0.0372331 0.0468756 0.0563059 0.0645264 0.0706619 0.0742116 0.0750861 0.0734938 0.0698205 0.0645508 0.058202 0.0512569 0.0441162 0.0370831 0.0303737 0.0241423 0.0185106 0.013586 0.00946181 0.0061947 0.00377783
 0.00853107 0.01371 0.020367 0.0283758 0.0374746 0.0471532 0.0565777 0.0647321 0.0707394 0.0741211 0.0748293 0.0731186 0.0694075 0.0641864 0.0579487 0.0511353 0.0441056 0.0371392 0.0304518 0.0242132 0.0185637 0.0136232 0.00948848 0.00621464 0.00379252
 0.00852867 0.013701 0.0203447 0.0283331 0.0374079 0.0470675 0.0564884 0.0646593 0.0706964 0.0741041 0.0748168 0.0730839 0.0693363 0.064089 0.0578575 0.0510884 0.0441273 0.0372288 0.0305865 0.0243614 0.0186991 0.0137318 0.0095675 0.00626808 0.0038264
 0.00851221 0.0136716 0.0202953 0.028255 0.0372925 0.046909 0.0562886 0.0644311 0.0704646 0.0739011 0.074673 0.0730164 0.0693429 0.0641518 0.0579549 0.0512071 0.0442653 0.0373887 0.0307657 0.024548 0.0188753 0.0138816 0.00968246 0.00634819 0.00387736
 0.00910375 0.0145906 0.0215965 0.0299532 0.0393523 0.0492338 0.0587093 0.0667127 0.0723421 0.0751384 0.0751209 0.072644 0.0682353 0.0624803 0.0559333 0.0490496 0.042156 0.0354652 0.0291154 0.0232102 0.017849 0.0131368 0.00917211 0.00601947 0.00367964
 0.00910755 0.0146333 0.0217282 0.0302436 0.0398735 0.0500323 0.0597801 0.0679878 0.0736993 0.0764247 0.0761788 0.0733381 0.0684764 0.0622437 0.0552644 0.0480528 0.0409693 0.0342305 0.0279526 0.0222027 0.0170393 0.0125309 0.00874977 0.00574557 0.00351491
 0.00914132 0.0146954 0.0218373 0.0304271 0.0401687 0.0504828 0.0604259 0.0688482 0.0747526 0.0775937 0.0773341 0.0743219 0.0691408 0.0624871 0.055054 0.0474277 0.0400278 0.0331059 0.0267851 0.0211127 0.01611 0.0118024 0.00822318 0.00539465 0.00329975
 0.00883738 0.0142175 0.0211507 0.0295169 0.0390509 0.0492182 0.0591318 0.067695 0.0739358 0.0772842 0.0776259 0.0751977 0.070469 0.0640524 0.0566138 0.048773 0.0410285 0.0337266 0.0270703 0.0211547 0.0160126 0.0116526 0.00807826 0.0052819 0.00322446
 0.00875333 0.0140533 0.0208528 0.0290202 0.0382956 0.0481785 0.0578433 0.0662661 0.0725352 0.0761101 0.0768663 0.0749899 0.0708648 0.0649982 0.0579563 0.0502952 0.0425064 0.0349845 0.0280149 0.0217782 0.0163686 0.011822 0.00813881 0.00529107 0.00321628
 0.00869056 0.0139372 0.0206504 0.0286874 0.0377819 0.0474383 0.0568528 0.0650419 0.0711496 0.0746953 0.0756019 0.0740709 0.070455 0.0651853 0.0587235 0.0515212 0.0439944 0.0365134 0.0293942 0.0228881 0.0171715 0.0123467 0.00844979 0.00545911 0.00329959
 0.00920505 0.0147024 0.0216674 0.0299047 0.0391022 0.0487329 0.0579753 0.0658396 0.0714834 0.0744716 0.0748077 0.0727948 0.0688807 0.0635544 0.0572758 0.050433 0.043337 0.0362487 0.0294077 0.0230405 0.0173476 0.0124804 0.00852342 0.00548478 0.00329883
 0.00951944 0.0152122 0.0224288 0.0309592 0.0404565 0.0503332 0.0596877 0.0674592 0.0727765 0.0752373 0.0749274 0.0722529 0.0677599 0.0620167 0.0555355 0.0487178 0.0418412 0.0350921 0.0286171 0.0225641 0.0170921 0.0123522 0.00845495 0.00544032 0.0032655
 0.00940522 0.0151175 0.0224542 0.0312544 0.0411807 0.0515905 0.0614678 0.0696136 0.0750436 0.0773005 0.0764852 0.0730814 0.0677571 0.0612189 0.0541023 0.0468904 0.0398874 0.0332504 0.0270548 0.0213574 0.0162348 0.0117849 0.00809966 0.00522645 0.00314077
#obs surv len freq
 nan nan nan nan nan nan nan nan nan nan nan nan nan nan nan nan nan nan nan nan nan nan nan nan nan
 0.00448711 0.00734964 0.0111808 0.0159981 0.0216994 0.027975 0.0342888 0.0400192 0.0446977 0.0481601 0.0505164 0.0520107 0.0529014 0.0534125 0.0537257 0.0539798 0.0542578 0.0545502 0.0546887 0.0542805 0.0527187 0.0493511 0.0438014 0.0362823 0.0276668
 0.00461139 0.00755544 0.0114971 0.0164531 0.0223134 0.0287495 0.0351958 0.0409992 0.0456678 0.0490314 0.051211 0.0524731 0.0531039 0.0533545 0.0534295 0.0534827 0.0536033 0.053781 0.053844 0.0533973 0.0518359 0.0485119 0.0430506 0.0356577 0.0271894
 0.00478083 0.0078295 0.0119072 0.0170282 0.0230751 0.0297044 0.0363254 0.0422539 0.0469698 0.0502848 0.0523151 0.0533358 0.0536528 0.0535465 0.0532545 0.0529618 0.0527817 0.0527182 0.0526065 0.0520556 0.050465 0.0471921 0.0418614 0.0346648 0.0264292
 0.00497326 0.0081467 0.0123925 0.0177239 0.0240136 0.0308941 0.0377374 0.0438187 0.0485882 0.0518475 0.0537186 0.0544885 0.0544769 0.053979 0.0532535 0.0525129 0.0519022 0.0514568 0.0510386 0.0502789 0.0485959 0.0453591 0.0401913 0.0332613 0.0253506
 0.00518715 0.00849588 0.012921 0.0184746 0.0250208 0.0321717 0.0392653 0.0455359 0.0503988 0.0536362 0.0553676 0.0558907 0.0555413 0.0546331 0.0534431 0.0522035 0.0510835 0.0501502 0.0493044 0.0482201 0.0463559 0.04311 0.0381098 0.0314947 0.0239846
 0.0054147 0.00886806 0.0134854 0.019277 0.0260971 0.033534 0.0408883 0.0473524 0.052309 0.055526 0.0571254 0.0574149 0.0567425 0.0554339 0.0537788 0.052024 0.050358 0.0488753 0.0475176 0.0460126 0.0438786 0.0405631 0.0357114 0.029434 0.0223781
 0.00565904 0.00926858 0.0140943 0.0201449 0.0272634 0.0350113 0.0426468 0.0493143 0.05436 0.0575378 0.0589769 0.0590032 0.057985 0.0562644 0.0541422 0.0518731 0.0496551 0.0476015 0.0456897 0.0437042 0.041235 0.0377963 0.033067 0.0271355 0.0205705
 0.00589467 0.0096576 0.0146909 0.0210037 0.0284286 0.0365005 0.0444332 0.0513207 0.0564693 0.0596155 0.0608931 0.0606465 0.0592672 0.0571193 0.0545209 0.0517374 0.0489733 0.0463531 0.043881 0.0413933 0.0385538 0.0349534 0.0303172 0.0247207 0.0186553
 0.00614762 0.010069 0.0153105 0.0218788 0.0295958 0.0379726 0.0461852 0.0532825 0.0585339 0.061657 0.0627856 0.0622772 0.0605435 0.0579706 0.0548967 0.0516022 0.0483016 0.0451294 0.0421114 0.0391283 0.0359132 0.0321343 0.0275696 0.0222895 0.016714
 0.00638949 0.0104669 0.0159178 0.0227475 0.0307657 0.0394543 0.0479441 0.0552346 0.06056 0.0636276 0.0645822 0.0638025 0.0617211 0.0587419 0.0552173 0.0514389 0.0476301 0.0439361 0.0404028 0.0369511 0.0333768 0.0294216 0.0249163 0.0199313 0.014822
 0.00660829 0.0108272 0.0164688 0.0235381 0.0318356 0.040819 0.0495787 0.0570675 0.0624816 0.0655107 0.0663033 0.0652571 0.06283 0.0594512 0.0554929 0.0512591 0.0469801 0.0428077 0.0388038 0.034924 0.0310207 0.0269018 0.022448 0.0177322 0.0130524
 0.006831 0.0111901 0.0170165 0.0243127 0.0328689 0.0421196 0.0511191 0.0587791 0.0642632 0.0672471 0.0678832 0.0665843 0.0638291 0.0600691 0.0556973 0.0510341 0.04632 0.0417145 0.0372925 0.0330374 0.0288486 0.0245919 0.0201917 0.0157236 0.0114353
 0.00706919 0.0115789 0.0176042 0.0251439 0.0339743 0.0435008 0.0527339 0.0605385 0.0660458 0.0689247 0.0693442 0.0677448 0.0646338 0.0604867 0.0557147 0.0506507 0.045543 0.0405572 0.0357786 0.0312129 0.026798 0.0224464 0.0181184 0.0138905 0.00996556
 0.00726487 0.0119059 0.0181126 0.025885 0.0349887 0.0448006 0.0542846 0.0622534 0.0678001 0.0705808 0.070777 0.0688588 0.0653684 0.060815 0.0556364 0.0501824 0.0447096 0.0393873 0.0343071 0.0294905 0.0249048 0.0204986 0.0162593 0.0122611 0.00866691
 0.00744213 0.0121946 0.0185485 0.0265025 0.0358161 0.0458501 0.055541 0.0636672 0.0692891 0.0720413 0.072099 0.06994 0.0661279 0.0612018 0.0556317 0.049795 0.0439672 0.0383282 0.0329774 0.0279487 0.0232296 0.0187946 0.0146487 0.0108606 0.00755733
 0.00754029 0.0123583 0.0188026 0.0268735 0.0363273 0.0465144 0.0563535 0.0646021 0.0703033 0.0730812 0.0731048 0.0708483 0.0668728 0.0617198 0.0558707 0.0497225 0.0435746 0.0376308 0.0320114 0.0267699 0.0219143 0.017439 0.0133599 0.00973751 0.00666717
 0.00761758 0.0124772 0.0189697 0.0270923 0.0366003 0.0468455 0.0567486 0.0650662 0.0708366 0.0736747 0.0737383 0.0714895 0.0674787 0.0622392 0.0562483 0.0499058 0.0435228 0.0373232 0.0314534 0.0259957 0.0209862 0.0164416 0.0123883 0.00887893 0.00598124
 0.00766264 0.0125476 0.0190701 0.0272249 0.0367639 0.0470358 0.0569586 0.0652893 0.0710705 0.073925 0.0740163 0.0718053 0.0678314 0.0626098 0.0565988 0.0501849 0.0436755 0.0373031 0.0312344 0.025581 0.0204117 0.0157713 0.0117022 0.00825371 0.00547214
 0.00773448 0.0126531 0.0192078 0.0273864 0.0369362 0.0472059 0.0571165 0.0654293 0.0711912 0.074029 0.0741112 0.0719037 0.0679473 0.0627525 0.0567654 0.0503549 0.043812 0.0373607 0.0311727 0.0253782 0.0200751 0.0153384 0.0112313 0.00780749 0.00509933
 0.00779007 0.0127422 0.0193389 0.0275643 0.0371595 0.0474625 0.0573823 0.0656719 0.071379 0.0741427 0.0741505 0.0718855 0.0678982 0.0626998 0.0567287 0.0503409 0.0438112 0.0373483 0.0311159 0.0252485 0.0198606 0.015052 0.0109076 0.00749075 0.00482814
 0.0078347 0.0128075 0.0194241 0.0276648 0.037269 0.0475762 0.0574984 0.0657892 0.0714938 0.0742462 0.0742305 0.0719316 0.0679078 0.0626805 0.0566953 0.0503083 0.0437869 0.0373276 0.0310825 0.0251811 0.0197437 0.0148847 0.0107066 0.00728428 0.00464453
 0.00783261 0.0128061 0.0194255 0.0276716 0.0372829 0.0475967 0.057522 0.0658118 0.0715133 0.074265 0.0742544 0.0719654 0.0679519 0.0627301 0.0567445 0.0503533 0.0438264 0.03736 0.0311018 0.0251769 0.0197053 0.0148084 0.0105997 0.00716382 0.00453049
 0.00785738 0.0128349 0.0194481 0.0276724 0.0372466 0.0475162 0.0574041 0.0656764 0.0713863 0.074169 0.0742025 0.0719612 0.0679918 0.0628063 0.0568461 0.0504681 0.0439424 0.0374667 0.0311903 0.0252389 0.0197344 0.014802 0.0105624 0.00710697 0.00446857
 0.00789823 0.0128973 0.0195336 0.0277777 0.0373621 0.0476249 0.0574836 0.0657039 0.0713479 0.0740675 0.0740589 0.0718072 0.0678581 0.0627132 0.0568001 0.0504645 0.0439696 0.0375108 0.0312377 0.0252779 0.0197563 0.0148026 0.0105429 0.00707349 0.00443015
 0.00790867 0.0129165 0.0195664 0.0278297 0.0374371 0.0477224 0.0575954 0.0658139 0.0714344 0.0741094 0.0740433 0.0717345 0.0677437 0.0625822 0.0566792 0.050373 0.0439154 0.0374906 0.0312408 0.0252914 0.0197685 0.0148058 0.0105343 0.00705552 0.00440775
 0.00788768 0.0128831 0.0195179 0.027765 0.0373586 0.0476371 0.0575157 0.0657547 0.0714085 0.0741211 0.0740854 0.0717914 0.0677978 0.0626219 0.0567032 0.0503889 0.0439343 0.0375204 0.0312827 0.0253398 0.0198148 0.0148422 0.0105567 0.0070643 0.00440671
 0.00789336 0.012887 0.0195141 0.0277449 0.0373134 0.0475621 0.0574136 0.0656374 0.0712939 0.074029 0.0740315 0.0717824 0.0678295 0.0626818 0.0567753 0.0504606 0.0439997 0.0375799 0.0313392 0.0253945 0.0198655 0.0148849 0.0105879 0.00708323 0.00441538
 0.00785686 0.0128282 0.0194265 0.0276231 0.0371538 0.0473653 0.0571867 0.0653952 0.0710588 0.0738275 0.0738896 0.0717201 0.0678558 0.0627915 0.0569506 0.0506757 0.0442281 0.0378005 0.0315387 0.0255665 0.0200075 0.0149964 0.0106698 0.00713842 0.00444885
 0.00786828 0.0128379 0.0194247 0.0275952 0.0370847 0.0472448 0.0570151 0.0651843 0.0708291 0.0736029 0.0736933 0.0715728 0.0677739 0.0627849 0.0570199 0.0508108 0.0444098 0.0380051 0.0317433 0.0257537 0.0201668 0.015123 0.0107637 0.00720282 0.00448924
 0.00785363 0.0128173 0.0193993 0.0275667 0.0370526 0.0472045 0.0569566 0.0650957 0.0707026 0.0734416 0.0735129 0.0713979 0.0676315 0.0626971 0.0569996 0.0508603 0.044521 0.0381612 0.0319228 0.0259347 0.0203313 0.0152596 0.0108679 0.00727581 0.00453598
 0.00782924 0.0127764 0.0193357 0.0274749 0.0369305 0.047056 0.0567931 0.0649339 0.0705582 0.0733235 0.0734218 0.0713302 0.0675858 0.062678 0.0570162 0.0509212 0.0446293 0.0383115 0.0321014 0.026123 0.0205103 0.0154142 0.0109896 0.00736315 0.00459305
 0.00780115 0.012731 0.0192679 0.0273801 0.0368056 0.0469009 0.0566127 0.0647398 0.0703677 0.0731564 0.0732954 0.0712552 0.0675635 0.0627031 0.0570811 0.0510202 0.044759 0.0384685 0.0322791 0.0263098 0.0206912 0.0155748 0.0111197 0.00745901 0.00465712
 0.00775315 0.012655 0.0191576 0.0272314 0.0366179 0.0466784 0.0563665 0.0644872 0.0701303 0.0729557 0.0731494 0.0711757 0.0675558 0.0627647 0.0572031 0.0511892 0.0449607 0.0386899 0.0325087 0.0265362 0.0209026 0.0157595 0.0112692 0.00757003 0.00473218
 0.00772023 0.0125955 0.0190573 0.0270744 0.0363916 0.0463807 0.0560119 0.064107 0.0697659 0.0726475 0.0729282 0.0710585 0.0675462 0.0628558 0.0573802 0.0514327 0.0452488 0.0390006 0.032822 0.0268349 0.0211721 0.0159889 0.0114517 0.0077044 0.00482289
 0.00932278 0.014841 0.0217716 0.0298722 0.0387865 0.0479628 0.0565895 0.0637363 0.0686748 0.0711207 0.0712202 0.0693562 0.065969 0.0614691 0.0562107 0.0504815 0.0445008 0.0384326 0.0324072 0.0265458 0.0209823 0.0158734 0.0113882 0.00767401 0.00481104
 0.00931305 0.0151208 0.0227138 0.0319385 0.0423271 0.0529446 0.0624232 0.069371 0.0729686 0.073289 0.071094 0.0673289 0.0627241 0.057689 0.0524061 0.046958 0.0414044 0.035811 0.0302564 0.0248366 0.0196724 0.0149122 0.0107186 0.00723536 0.00454329
 0.00895939 0.0145658 0.0219376 0.0309935 0.0413913 0.0523575 0.0626448 0.0708184 0.0757672 0.077087 0.0751049 0.0706289 0.0646361 0.058018 0.0514117 0.0451388 0.0392628 0.0337146 0.0284114 0.0233251 0.018502 0.0140521 0.0101207 0.00684482 0.00430561
 0.00880336 0.0142991 0.021513 0.0303619 0.0405212 0.0512684 0.0614503 0.0697541 0.0751708 0.0773047 0.076335 0.0727754 0.0672761 0.0605387 0.0532583 0.0460276 0.0392386 0.0330497 0.0274415 0.0223231 0.0176305 0.0133755 0.00963997 0.00652919 0.00411401
 0.00872864 0.0141757 0.0213226 0.0300832 0.0401304 0.050744 0.0607828 0.068964 0.0743313 0.0765586 0.0758874 0.0728407 0.0679816 0.0618305 0.0548772 0.0475944 0.04041 0.0336527 0.0275081 0.0220247 0.0171722 0.0129169 0.00926726 0.00626638 0.00394871
 0.0087184 0.0141499 0.0212666 0.0299775 0.0399541 0.050481 0.0604274 0.0685224 0.0738211 0.0760123 0.0753618 0.0724275 0.067801 0.0619943 0.0554283 0.0484572 0.0413965 0.0345332 0.028109 0.0222914 0.0171641 0.0127512 0.00905601 0.00608105 0.00381667
 0.00868579 0.014102 0.0212032 0.0298999 0.0398626 0.0503714 0.0602893 0.0683423 0.0735883 0.0757254 0.0750347 0.0720926 0.0675116 0.061821 0.055443 0.0487023 0.0418523 0.0351084 0.0286707 0.0227211 0.0174056 0.0128208 0.00901482 0.00599622 0.00373462
 0.00867328 0.014078 0.0211608 0.0298314 0.0397626 0.0502403 0.0601358 0.0681802 0.0734304 0.0755766 0.0748911 0.0719475 0.0673663 0.0616934 0.0553691 0.0487256 0.0420032 0.0353822 0.0290195 0.0230695 0.0176831 0.0129913 0.00908434 0.00599804 0.0037065
 0.00867731 0.0140852 0.0211725 0.0298481 0.0397825 0.0502578 0.0601416 0.0681635 0.0733831 0.0754974 0.0747852 0.0718235 0.0672327 0.0615593 0.0552478 0.0486383 0.0419753 0.0354321 0.0291448 0.0232425 0.0178605 0.0131334 0.00917165 0.00603424 0.00370936
 0.0086468 0.0140419 0.021119 0.029791 0.0397306 0.0502194 0.060121 0.0681601 0.073391 0.0755072 0.0747867 0.0718093 0.0672002 0.0615115 0.0551926 0.0485877 0.0419447 0.0354367 0.0291932 0.0233305 0.01797 0.0132393 0.00925367 0.00608431 0.0037317
 0.00864794 0.014039 0.0211063 0.0297612 0.0396782 0.0501449 0.0600336 0.0680762 0.0733282 0.0754765 0.0747883 0.0718333 0.067232 0.0615377 0.0552061 0.0485894 0.0419422 0.0354413 0.0292157 0.0233754 0.018033 0.0133088 0.00931593 0.00612995 0.00375875
 0.00865265 0.0140452 0.0211125 0.0297645 0.0396738 0.0501271 0.059997 0.0680184 0.0732525 0.0753934 0.0747132 0.0717807 0.0672095 0.0615436 0.0552309 0.0486217 0.0419743 0.0354719 0.0292481 0.0234141 0.0180793 0.0133592 0.00936349 0.0061683 0.00378484
 0.00862129 0.0140017 0.0210608 0.0297126 0.0396313 0.0501006 0.0599871 0.0680193 0.0732549 0.0753884 0.074697 0.0717563 0.0671851 0.0615287 0.0552321 0.0486396 0.0420046 0.0355087 0.0292874 0.0234544 0.0181204 0.0133998 0.009401 0.00619935 0.00380737
 0.00863596 0.0140191 0.0210755 0.0297166 0.0396175 0.0500677 0.0599421 0.0679755 0.0732253 0.0753794 0.0747044 0.0717692 0.0671928 0.0615263 0.0552217 0.0486277 0.0419976 0.0355099 0.0292969 0.0234705 0.0181409 0.0134225 0.00942339 0.00621905 0.00382263
 0.00863372 0.0140201 0.0210852 0.0297415 0.0396619 0.0501294 0.0600106 0.0680346 0.0732604 0.0753841 0.0746834 0.0717333 0.067152 0.0614857 0.0551817 0.0485882 0.04196 0.0354775 0.0292727 0.0234561 0.0181357 0.0134246 0.00942996 0.0062273 0.00383032
 0.00863372 0.0140201 0.0210852 0.0297415 0.0396619 0.0501294 0.0600106 0.0680346 0.0732604 0.0753841 0.0746834 0.0717333 0.067152 0.0614857 0.0551817 0.0485882 0.04196 0.0354775 0.0292727 0.0234561 0.0181357 0.0134246 0.00942996 0.0062273 0.00383032
 0.00903501 0.0146496 0.0219871 0.0309348 0.0411285 0.0518005 0.0617568 0.0696727 0.074587 0.0762268 0.0749449 0.0714099 0.0663244 0.060289 0.0537713 0.0471088 0.0405277 0.0341732 0.0281451 0.0225273 0.0174076 0.0128833 0.00905075 0.00597876 0.0036791
 0.00899931 0.0146407 0.0220643 0.0311822 0.0416322 0.0526123 0.0628613 0.0709777 0.0759428 0.0774612 0.0758997 0.0719693 0.0664316 0.0599538 0.0530639 0.0461415 0.0394287 0.0330616 0.0271138 0.0216367 0.0166868 0.0123358 0.00866133 0.00572072 0.00352078
 0.00899521 0.0146187 0.0220066 0.0310731 0.0414746 0.052447 0.0627742 0.0710796 0.0763229 0.0781374 0.076796 0.0729338 0.0672869 0.0605511 0.0533198 0.0460489 0.0390452 0.0324845 0.0264514 0.020984 0.0161111 0.0118731 0.00831986 0.00548888 0.00337622
 0.00870936 0.0141673 0.0213532 0.0301964 0.0403773 0.0511691 0.0614074 0.0697727 0.0752653 0.0775198 0.0767569 0.073512 0.0683991 0.0620093 0.0548842 0.0474955 0.0402198 0.0333247 0.0269752 0.0212592 0.0162211 0.0118919 0.00829991 0.00546051 0.00335277
 0.00869728 0.0141084 0.0211927 0.0298609 0.0397957 0.0503044 0.0602852 0.0684885 0.0739674 0.0763778 0.0759314 0.0731299 0.0685301 0.0626442 0.0559254 0.0487736 0.0415369 0.0345079 0.0279168 0.0219279 0.0166464 0.0121344 0.0084238 0.00551714 0.00337591
 0.0086273 0.0139987 0.021033 0.0296383 0.0394901 0.0498857 0.0597176 0.067747 0.0730613 0.0753699 0.07494 0.0723066 0.0680223 0.0625552 0.0562855 0.0495299 0.042564 0.0356403 0.0289935 0.0228324 0.0173259 0.0125946 0.00870672 0.00567609 0.00345809
 0.00882782 0.0143089 0.0214691 0.0302009 0.0401593 0.0506155 0.0604308 0.068337 0.073408 0.0753706 0.0745437 0.0715413 0.0669992 0.0614465 0.0552792 0.0487769 0.0421383 0.0355276 0.0291102 0.0230652 0.0175738 0.0127947 0.00883831 0.00574755 0.00348959
 0.00895519 0.0145347 0.0218417 0.030772 0.0409659 0.0516534 0.0616332 0.0695734 0.0745097 0.0761712 0.0749168 0.0714235 0.0664012 0.0604539 0.0540409 0.0474764 0.0409508 0.0345768 0.0284441 0.0226597 0.0173605 0.0126961 0.00879396 0.00572315 0.00347166
 0.0090813 0.0147502 0.0221856 0.031288 0.0416927 0.0526095 0.0627988 0.0708788 0.075837 0.0773698 0.075829 0.0719147 0.0663892 0.0599291 0.0530724 0.0462001 0.0395419 0.0332114 0.0272602 0.0217322 0.0166982 0.01226 0.00852483 0.00556445 0.00338092
#pred catch len freq
 0.00342383 0.00549563 0.00817472 0.0114699 0.0154085 0.020003 0.0251867 0.030783 0.0365343 0.042155 0.0473776 0.0519897 0.055862 0.0589465 0.0612432 0.0627558 0.0634637 0.0633117 0.0621982 0.0599513 0.0563237 0.051068 0.0441207 0.0358139 0.0269397
 0.00370794 0.00588808 0.00864098 0.0119452 0.0158294 0.0203494 0.0255025 0.0311529 0.0370203 0.0427324 0.0479138 0.0522865 0.05574 0.0583304 0.0602062 0.0615066 0.062279 0.0624393 0.0617677 0.0599332 0.056558 0.0513488 0.0442907 0.0358175 0.0268135
 0.00384601 0.00613968 0.00906461 0.0125985 0.01674 0.0214805 0.0267384 0.032329 0.0379919 0.0434367 0.0483739 0.0525504 0.0558065 0.0581262 0.0596383 0.0605484 0.0610267 0.061094 0.0605529 0.0589986 0.0559277 0.0509406 0.0439867 0.0355342 0.0265299
 0.00402174 0.00641165 0.00945355 0.0131281 0.0174478 0.0224231 0.0279759 0.033883 0.0397948 0.0453107 0.0500695 0.0538322 0.0565303 0.0582567 0.0592087 0.0596157 0.0596656 0.0594218 0.0587405 0.0572357 0.054363 0.049642 0.0429488 0.0347183 0.0259008
 0.0042294 0.00673943 0.00992879 0.0137706 0.0182692 0.0234269 0.02916 0.0352427 0.0413246 0.0469905 0.0518343 0.0555441 0.0579829 0.0592261 0.059525 0.0592101 0.058576 0.0577701 0.0567059 0.0550294 0.0521939 0.047679 0.0412955 0.0334129 0.0249328
 0.00447554 0.00712817 0.0104938 0.014539 0.0192609 0.0246518 0.0306101 0.0368845 0.0430971 0.048813 0.0536185 0.0571994 0.0594096 0.0603026 0.0601078 0.0591612 0.0578085 0.0562895 0.0546241 0.0525475 0.0495625 0.045148 0.0390666 0.0316092 0.0235912
 0.00476161 0.00757652 0.0111389 0.0154058 0.0203658 0.0260027 0.0322003 0.0386836 0.0450439 0.0508157 0.0555623 0.058961 0.0608726 0.0613653 0.0606794 0.059155 0.0571469 0.0549304 0.0525995 0.04999 0.0467002 0.0422621 0.036428 0.0294165 0.021936
 0.00505045 0.00803489 0.011809 0.0163225 0.0215546 0.0274748 0.0339434 0.0406535 0.0471622 0.0529753 0.0576383 0.060822 0.0623937 0.0624393 0.0612217 0.059101 0.0564475 0.0535574 0.0505683 0.0473924 0.0437247 0.0391786 0.0335324 0.0269554 0.0200469
 0.00537742 0.00854509 0.0125389 0.017297 0.0227896 0.0289785 0.0357107 0.0426541 0.0493299 0.0552053 0.0597945 0.062755 0.0639616 0.0635254 0.0617418 0.0590006 0.055695 0.0521422 0.0485129 0.0447782 0.040717 0.0360268 0.0305289 0.0243634 0.01803
 0.00567555 0.00902049 0.013238 0.018259 0.0240427 0.0305328 0.0375476 0.044719 0.0515339 0.0574344 0.0619207 0.0646453 0.0654882 0.064576 0.0622297 0.0588689 0.0549155 0.0507137 0.0464668 0.042197 0.0377551 0.0329156 0.0275457 0.0217672 0.0159914
 0.00594985 0.00945608 0.0138761 0.0191361 0.02519 0.0319721 0.0392807 0.0467136 0.0537134 0.0596782 0.0640773 0.0665546 0.0670065 0.0655929 0.062673 0.0586998 0.0541203 0.049301 0.0444743 0.0397069 0.0349135 0.0299365 0.0246862 0.0192701 0.0140209
 0.00625482 0.00993342 0.0145615 0.0200543 0.026356 0.033391 0.0409424 0.048584 0.0557275 0.0617395 0.0660619 0.0683231 0.0684204 0.0665343 0.0630593 0.0584885 0.0533046 0.0479027 0.0425425 0.0373285 0.0322275 0.0271395 0.0220106 0.0169356 0.0121768
 0.0065652 0.0104245 0.0152763 0.0210256 0.0276032 0.0349144 0.0427134 0.050538 0.0577663 0.0637424 0.0679013 0.0698779 0.0695859 0.0672295 0.0632307 0.0581104 0.0523781 0.0464541 0.0406255 0.0350308 0.0296816 0.0245241 0.0195319 0.0147854 0.0104836
