SBPRF35
7.78865
Curr Bio
529590
B35
715213
F35
0.21249
FOFL
0.140014
OFL
53972.8
Bzero
2.22533e+006
#pred survey bio
 4.51598e+006 4.32029e+006 4.11254e+006 3.84768e+006 3.54356e+006 3.23799e+006 2.8929e+006 2.59365e+006 2.28482e+006 2.02113e+006 1.76826e+006 1.56943e+006 1.40057e+006 1.22297e+006 1.07383e+006 967569 873760 810662 749436 705673 682014 657728 637166 637077 635935 630621 628295 624001 603168 604883 600940 606053 601688 597703 593813 576082 549761 545193 556849 563471 582804 597239 603392 606764 611806 615171 611075 609420 602642 603767 596488 534283 1.70737e+007 1.02446e+007 1.05772e+007 1.1413e+007 1.24942e+007 1.35882e+007 1.45614e+007 1.53614e+007 1.59862e+007 1.64575e+007 1.6805e+007 1.70576e+007 1.72396e+007 1.73703e+007 1.74642e+007 1.75318e+007 1.75806e+007 1.76162e+007 1.76422e+007 1.76613e+007 1.76755e+007 1.76861e+007 1.7694e+007 1.77e+007 1.77045e+007 1.7708e+007 1.77106e+007 1.77126e+007 1.77141e+007 1.77153e+007 1.77162e+007 1.77169e+007 1.77174e+007 1.77178e+007 1.77181e+007 1.77184e+007 1.77186e+007 1.77187e+007 1.77188e+007 1.77189e+007 1.7719e+007 1.7719e+007 1.77191e+007 1.77191e+007 1.77191e+007 1.77191e+007 1.77192e+007 1.77192e+007 1.77192e+007 1.77192e+007 1.77192e+007 1.77192e+007 1.77192e+007 1.77192e+007 1.77192e+007 1.77192e+007 1.77192e+007 1.77192e+007 1.77192e+007 1.77192e+007 1.77192e+007 1.77192e+007 1.77192e+007 1.77192e+007 1.77192e+007 1.77192e+007 1.77192e+007 1.77192e+007 1.77192e+007 1.77192e+007 1.77192e+007 1.77192e+007 1.77192e+007 1.77192e+007 1.77192e+007 1.77192e+007 1.77192e+007 1.77192e+007 1.77192e+007 1.77192e+007 1.77192e+007 1.77192e+007 1.77192e+007 1.77192e+007 1.77192e+007 1.77192e+007 1.77192e+007 1.77192e+007 1.77192e+007 1.77192e+007 1.77192e+007 1.77192e+007 1.77192e+007 1.77192e+007 1.77192e+007 1.77192e+007 1.77192e+007 1.77192e+007 1.77192e+007 1.77192e+007 0 0 0 0 0 0 0 0 0 0 0 0 0 0 0 0 0 0 0 0 0 0 0 0 0
#obs survey bio
 2.76011e+006 3.01656e+006 2.79926e+006 1.75752e+006 2.45134e+006 2.32661e+006 3.04446e+006 2.34197e+006 2.24727e+006 1.28939e+006 1.84734e+006 1.18431e+006 1.45218e+006 801039 1.15288e+006 906304 762597 1.20494e+006 498648 788606 625130 527896 430482 601637 547928 389412 566014 552608 513804 540725 604679 405664 522671 725090 672789 600173 466630 608490 622166 527174 655253 624026 408691 702815 691379 741612 786717 520664 541618 610079 700559 480494
#pred catch bio
 92862.1 97575.1 155920 208904 233922 296547 282092 316327 299427 309363 276204 260327 274075 251805 215720 204270 175224 169823 151324 131422 129091 123377 105076 105280 107229 103195 103686 115576 94651.1 98126.4 89309.1 96124.4 93778.9 90886.9 99217.9 105094 90008 81752.8 89307.2 80354.7 85211.1 91411.9 92270.8 89310.9 89453.8 94612 91731.6 95255.2 87619.2 93597.2 136630 118065 53972.8 78889.4 80186.7 85327 93010.5 101005 108058 113729 118021 121134 123322 124823 125834 126505 126946 127233 127418 127537 127613 127661 127692 127712 127724 127732 127737 127740 127742 127743 127744 127744 127744 127745 127745 127745 127745 127745 127745 127745 127745 127745 127745 127745 127745 127745 127745 127745 127745 127745 127745 127745 127745 127745 127745 127745 127745 127745 127745 127745 127745 127745 127745 127745 127745 127745 127745 127745 127745 127745 127745 127745 127745 127745 127745 127745 127745 127745 127745 127745 127745 127745 127745 127745 127745 127745 127745 127745 127745 127745 127745 127745 127745 127745 127745 127745 127745 127745 127745 127745 127745 127745 0 0 0 0 0 0 0 0 0 0 0 0 0 0 0 0 0 0 0 0 0 0 0 0 0
#obs catch bio
 0 97486.1 156863 211336 236811 303273 286866 323433 305656 320042 283717 267937 282658 260393 221285 210620 179898 172639 154993 133688 131532 125292 106762 107000 108830 104442 104682 117858 95774.2 99364.7 90086.8 97316.9 95219.5 91558.2 100203 106150 90997.9 82568.8 89986 80616.4 85632.9 91622.4 92651.1 89082 89053.8 94163.8 91231.8 95481.1 87270.6 93014.4 136078 118043
#pred cpue bio
 4.44088e+006 4.25004e+006 4.04599e+006 3.78248e+006 3.47961e+006 3.17562e+006 2.83301e+006 2.53588e+006 2.22933e+006 1.96734e+006 1.71669e+006 1.5199e+006 1.35305e+006 1.17817e+006 1.0315e+006 927040 835291 774130 714933 672511 649807 626633 606817 606738 605909 601146 599125 595074 575045 576991 573495 578728 574721 571272 568182 551497 525240 519014 529214 535691 554778 569228 575645 579302 584570 588095 584213 582594 576088 577393 570546 510159 1.62821e+007 9.7714e+006 9.9911e+006 1.06936e+007 1.17268e+007 1.28093e+007 1.37802e+007 1.45798e+007 1.52045e+007 1.56758e+007 1.60233e+007 1.62759e+007 1.64579e+007 1.65886e+007 1.66825e+007 1.67501e+007 1.67989e+007 1.68345e+007 1.68605e+007 1.68796e+007 1.68938e+007 1.69044e+007 1.69123e+007 1.69183e+007 1.69228e+007 1.69263e+007 1.69289e+007 1.69309e+007 1.69324e+007 1.69336e+007 1.69345e+007 1.69352e+007 1.69357e+007 1.69361e+007 1.69364e+007 1.69367e+007 1.69369e+007 1.6937e+007 1.69371e+007 1.69372e+007 1.69373e+007 1.69373e+007 1.69374e+007 1.69374e+007 1.69374e+007 1.69374e+007 1.69375e+007 1.69375e+007 1.69375e+007 1.69375e+007 1.69375e+007 1.69375e+007 1.69375e+007 1.69375e+007 1.69375e+007 1.69375e+007 1.69375e+007 1.69375e+007 1.69375e+007 1.69375e+007 1.69375e+007 1.69375e+007 1.69375e+007 1.69375e+007 1.69375e+007 1.69375e+007 1.69375e+007 1.69375e+007 1.69375e+007 1.69375e+007 1.69375e+007 1.69375e+007 1.69375e+007 1.69375e+007 1.69375e+007 1.69375e+007 1.69375e+007 1.69375e+007 1.69375e+007 1.69375e+007 1.69375e+007 1.69375e+007 1.69375e+007 1.69375e+007 1.69375e+007 1.69375e+007 1.69375e+007 1.69375e+007 1.69375e+007 1.69375e+007 1.69375e+007 1.69375e+007 1.69375e+007 1.69375e+007 1.69375e+007 1.69375e+007 1.69375e+007 1.69375e+007 1.69375e+007 1.69375e+007 0 0 0 0 0 0 0 0 0 0 0 0 0 0 0 0 0 0 0 0 0 0 0 0 0
#obs cpue bio
 3.43958e+006 2.27409e+006 3.9617e+006 3.09699e+006 3.62544e+006 2.66174e+006 3.26755e+006 2.5085e+006 1.84085e+006 1.0453e+006 1.73909e+006 1.2296e+006 1.18775e+006 997186 876189 560165 657073 801161 452707 564653 525485 774112 489401 534675 664090 892666 653918 370327 573453 647010 506976 673666 395453 696486 418044 534035 390111 363602 680548 571021 445314 698758 692879 848420 634422 572943 475997 405067 956406 642183 596782 393362
#pred surv len freq
 0.00469738 0.0077087 0.0117553 0.0168672 0.022946 0.029669 0.0364661 0.0426694 0.0477664 0.0515669 0.0541799 0.0558692 0.0569145 0.0575291 0.0578169 0.0577569 0.0572208 0.0560193 0.0539537 0.0508502 0.0465825 0.0411131 0.034578 0.0273704 0.0201331
 0.0049731 0.00804185 0.0120499 0.016978 0.0227366 0.0290927 0.035617 0.0417581 0.0470203 0.051114 0.053987 0.0557711 0.0567097 0.0570875 0.057149 0.0570188 0.0566569 0.0558635 0.05433 0.0517166 0.0477475 0.0423183 0.0356015 0.0280973 0.0205638
 0.0052498 0.00850355 0.0127571 0.0179692 0.0239908 0.0304895 0.0369292 0.0427081 0.0473943 0.0508667 0.0532584 0.0547935 0.0556732 0.0560597 0.0560991 0.0559119 0.0555391 0.0548754 0.0536434 0.051439 0.0478601 0.0426856 0.0360418 0.0284655 0.020796
 0.0054556 0.00884869 0.0132979 0.0187686 0.0251081 0.0319574 0.0387195 0.0446991 0.0493617 0.0525191 0.0543191 0.055098 0.0552249 0.0550062 0.054645 0.0542368 0.053774 0.0531344 0.0520532 0.0501268 0.0469044 0.0420793 0.0357016 0.028281 0.0206797
 0.00565596 0.00917589 0.0137943 0.0194779 0.0260717 0.0332058 0.04026 0.0465025 0.05135 0.0545552 0.0562037 0.0565889 0.0560895 0.0550931 0.0539362 0.0528471 0.0519028 0.0510064 0.0498815 0.0480958 0.0451552 0.0406899 0.034678 0.0275721 0.0202103
 0.00583013 0.00946335 0.0142354 0.0201143 0.0269399 0.0343272 0.0416299 0.0480862 0.053088 0.05637 0.0579993 0.0582405 0.0574356 0.0559483 0.0541329 0.0522923 0.0506194 0.0491358 0.0476476 0.0457521 0.0429337 0.0387638 0.0331408 0.0264384 0.0194352
 0.00610699 0.00990126 0.0148723 0.0209787 0.028048 0.0356778 0.043197 0.0498147 0.0548986 0.0581719 0.0597022 0.0597588 0.058682 0.0568218 0.0545155 0.0520653 0.049703 0.0475346 0.0454774 0.0432279 0.0403234 0.0363257 0.0310686 0.0248307 0.0182957
 0.00639881 0.0103648 0.0155494 0.0219005 0.0292289 0.0371072 0.0448308 0.0515747 0.0566855 0.0598857 0.0612589 0.0610945 0.0597454 0.0575614 0.054867 0.0519478 0.0490318 0.0462555 0.0436096 0.0408936 0.0377418 0.0337654 0.0287787 0.0229795 0.0169426
 0.00676108 0.0109442 0.0164028 0.0230728 0.0307426 0.0389476 0.0469311 0.0538135 0.0589046 0.0619239 0.0629834 0.0624173 0.0606236 0.0579842 0.0548357 0.0514558 0.0480556 0.0447659 0.041605 0.0384421 0.0350054 0.0309845 0.0262152 0.0208435 0.0153386
 0.00699025 0.0113332 0.0170186 0.0239875 0.0320173 0.0406071 0.0489391 0.0560639 0.0612378 0.0641587 0.0649499 0.0639801 0.0616936 0.0585196 0.0548335 0.0509346 0.0470368 0.0432653 0.039645 0.0360821 0.0323729 0.0282805 0.023679 0.0186872 0.0136868
 0.00727635 0.0117874 0.0176834 0.0248988 0.0332032 0.0420827 0.0506949 0.0580538 0.0633712 0.0663045 0.0669503 0.0656738 0.062941 0.0592247 0.0549524 0.0504692 0.0460196 0.0417433 0.037676 0.033747 0.0297976 0.0256459 0.0212001 0.0165623 0.0120406
 0.00751209 0.0121673 0.0182486 0.0256845 0.034232 0.0433539 0.0521763 0.0596812 0.0650615 0.0679718 0.0685148 0.0670574 0.0640601 0.0599902 0.0552819 0.0503041 0.0453362 0.0405555 0.0360326 0.031733 0.0275399 0.0233145 0.0189899 0.0146525 0.010548
 0.00769446 0.0124684 0.01871 0.0263477 0.0351293 0.0444949 0.0535343 0.0611885 0.0666204 0.069476 0.0698703 0.0681936 0.0649288 0.0605561 0.0555115 0.0501613 0.0447882 0.039586 0.0346573 0.0300113 0.025581 0.0212722 0.0170412 0.0129595 0.00921764
 0.00798373 0.0129296 0.0193871 0.0272748 0.0363239 0.0459474 0.0551957 0.0629662 0.0683882 0.0710967 0.0712207 0.0691834 0.0655098 0.0607205 0.0552801 0.0495661 0.0438575 0.038341 0.0331224 0.0282329 0.0236439 0.0193028 0.0151897 0.0113652 0.0079708
 0.008276 0.0133939 0.0200652 0.0281973 0.0375036 0.0473696 0.056808 0.0646761 0.0700745 0.072631 0.0724889 0.0700986 0.0660187 0.0608042 0.0549519 0.0488635 0.0428304 0.0370406 0.0315983 0.0265409 0.0218594 0.017528 0.0135443 0.00996006 0.00687722
 0.00837202 0.0135669 0.0203568 0.0286565 0.0381751 0.0482762 0.0579337 0.065961 0.0714257 0.0739428 0.0736606 0.0710458 0.0666769 0.0611315 0.0549297 0.0484969 0.0421451 0.0360783 0.0304113 0.0251918 0.0204242 0.0160978 0.0122186 0.0088284 0.00599618
 0.0083832 0.0136031 0.0204455 0.0288375 0.0384942 0.0487734 0.0586297 0.0668468 0.0724584 0.075049 0.0747461 0.0720108 0.0674334 0.0616156 0.0551068 0.0483597 0.0417087 0.0353753 0.0294892 0.0241113 0.019259 0.0149322 0.0111393 0.00790934 0.00528249
 0.00849434 0.0137464 0.0205941 0.0289484 0.0385272 0.0487177 0.0585224 0.0667688 0.072506 0.0752951 0.0752116 0.072657 0.0681747 0.062344 0.0557176 0.0487703 0.0418694 0.0352713 0.0291373 0.023555 0.0185629 0.0141748 0.0104019 0.00726191 0.00476994
 0.00865881 0.0140093 0.0209784 0.0294641 0.0391601 0.0494181 0.0592032 0.0673245 0.0728519 0.0754074 0.0751398 0.0724983 0.0680251 0.0622564 0.055687 0.0487479 0.0417895 0.0350783 0.0288023 0.0230823 0.017987 0.0135519 0.00979644 0.00673122 0.00435078
 0.00868197 0.0140572 0.0210697 0.0296231 0.0394118 0.0497778 0.059665 0.0678527 0.0733824 0.0758606 0.0754451 0.0726213 0.0679818 0.0621044 0.0554958 0.0485649 0.0416228 0.034902 0.0285785 0.0227847 0.0176153 0.0131329 0.00937383 0.00635028 0.00404392
 0.00866761 0.0140224 0.0209976 0.0294953 0.0392179 0.049529 0.0594019 0.0676399 0.0732868 0.0759236 0.0756637 0.072949 0.0683494 0.0624487 0.0557803 0.0487831 0.0417835 0.0350112 0.02863 0.0227651 0.0175178 0.0129676 0.0091683 0.00614015 0.00386033
 0.00881085 0.0142268 0.0212518 0.0297681 0.0394645 0.0497025 0.0594665 0.0675816 0.0731201 0.0756917 0.0754285 0.0727699 0.0682614 0.0624509 0.055843 0.0488661 0.0418547 0.0350523 0.028633 0.0227263 0.0174358 0.0128474 0.00902406 0.00599255 0.00372967
 0.00892018 0.0144032 0.0215127 0.030124 0.0399106 0.0502094 0.059975 0.06801 0.0733874 0.0757466 0.07527 0.0724473 0.0678548 0.0620421 0.0554904 0.0485936 0.0416555 0.0349035 0.0285094 0.0226087 0.0173139 0.0127191 0.00889436 0.00587129 0.00362711
 0.00877213 0.0141876 0.0212358 0.0298101 0.0395982 0.0499425 0.0597934 0.0679401 0.0734336 0.0758881 0.0754649 0.0726487 0.0680292 0.0621813 0.0556086 0.0487129 0.0417904 0.0350521 0.0286563 0.022734 0.0174022 0.0127649 0.00890237 0.00585332 0.00359718
 0.00869916 0.0140612 0.021033 0.029509 0.0391887 0.0494401 0.0592485 0.067433 0.0730526 0.0756991 0.0754895 0.0728605 0.0683685 0.0625789 0.0560082 0.0490823 0.0421196 0.0353431 0.0289111 0.0229494 0.0175719 0.0128846 0.00897458 0.00588732 0.00360594
 0.00874095 0.014115 0.0210867 0.0295404 0.0391683 0.0493386 0.0590461 0.0671295 0.072674 0.0752984 0.0751363 0.0726207 0.0682817 0.0626463 0.0561958 0.0493391 0.0423974 0.0356084 0.0291466 0.0231477 0.0177299 0.0130015 0.00905232 0.00593189 0.00362641
 0.00874783 0.014128 0.021109 0.0295737 0.0392098 0.0493771 0.05906 0.0670905 0.0725571 0.0750942 0.0748615 0.0723178 0.0680089 0.0624586 0.0561267 0.0493908 0.0425441 0.0358097 0.0293626 0.023349 0.0178992 0.0131318 0.00914384 0.00598968 0.00365845
 0.00863593 0.0139728 0.0209249 0.0293909 0.0390659 0.0493027 0.0590669 0.067167 0.072672 0.0752067 0.0749331 0.0723246 0.0679502 0.0623584 0.0560255 0.0493293 0.0425477 0.0358809 0.0294838 0.0234927 0.0180395 0.0132507 0.00923342 0.00604996 0.00369454
 0.00869202 0.0140513 0.0210205 0.0294936 0.039167 0.049403 0.0591797 0.0673111 0.0728574 0.0754207 0.0751369 0.0724654 0.067982 0.0622618 0.0558153 0.0490491 0.0422533 0.0356213 0.029288 0.0233665 0.0179712 0.0132215 0.0092251 0.00605004 0.00369636
 0.00861247 0.013922 0.0208263 0.0292212 0.0388094 0.0489655 0.0586877 0.0668134 0.0724214 0.0751182 0.0750237 0.0725616 0.0682631 0.0626651 0.0562628 0.0494738 0.0426173 0.0359173 0.0295281 0.0235667 0.0181413 0.0133634 0.0093371 0.00613132 0.00374981
 0.00862752 0.0139376 0.0208329 0.0292034 0.0387486 0.0488449 0.0584976 0.0665559 0.0721131 0.0747907 0.0747215 0.0723346 0.0681534 0.0626926 0.0564162 0.0497146 0.0428946 0.0361868 0.0297636 0.0237604 0.0182966 0.013486 0.0094312 0.00619975 0.00379577
 0.00855554 0.0138272 0.0206789 0.0290049 0.0385079 0.0485666 0.0581888 0.0662275 0.0717812 0.0744776 0.0744543 0.0721432 0.0680664 0.062731 0.0565861 0.0500018 0.0432647 0.0365932 0.0301599 0.0241124 0.0185864 0.01371 0.00959465 0.00631217 0.00386798
 0.00838969 0.0135929 0.0203916 0.0287006 0.0382323 0.0483578 0.0580629 0.0661756 0.071777 0.0744897 0.0744583 0.0721286 0.0680397 0.0627131 0.0566049 0.050081 0.0434145 0.0368048 0.0304089 0.0243672 0.0188188 0.0139022 0.0097404 0.00641404 0.00393369
 0.00820808 0.0133059 0.0199775 0.0281512 0.0375619 0.0476123 0.0573233 0.0655452 0.0713517 0.0743235 0.0745448 0.072411 0.0684392 0.0631597 0.0570549 0.0505183 0.0438397 0.0372217 0.0308142 0.024748 0.0191569 0.0141819 0.00995418 0.00656433 0.00403055
 0.00816549 0.013216 0.0198043 0.0278497 0.0370907 0.0469541 0.0565038 0.0646404 0.0704759 0.0736024 0.0740836 0.0722666 0.0686077 0.0635829 0.0576443 0.0511844 0.0445139 0.0378623 0.0313999 0.0252671 0.0196003 0.0145419 0.0102283 0.0067578 0.00415598
 0.00889726 0.0142562 0.0210913 0.0292274 0.0383467 0.0478843 0.0569696 0.0645918 0.069946 0.0726897 0.0729316 0.0710393 0.0674595 0.062628 0.0569381 0.0507248 0.0442592 0.0377562 0.0313909 0.025316 0.0196795 0.0146312 0.0103124 0.00682696 0.00420623
 0.00968444 0.0155028 0.0228955 0.0316312 0.0412962 0.0511864 0.0602717 0.0674274 0.0718573 0.0733772 0.0723481 0.0693808 0.0650716 0.0598917 0.0541824 0.0481836 0.0420644 0.0359547 0.0299715 0.0242378 0.0188904 0.0140783 0.0099448 0.00659726 0.00407255
 0.00949148 0.0153186 0.0228581 0.0319492 0.0421938 0.0528126 0.0626141 0.0702758 0.0748351 0.0760282 0.0742479 0.0702426 0.0648162 0.0586547 0.0522557 0.0459174 0.0397752 0.0338689 0.0282128 0.0228446 0.0178452 0.0133341 0.00944335 0.00627952 0.00388476
 0.00910021 0.0147088 0.0219988 0.0308548 0.0409506 0.0516028 0.0617134 0.0699981 0.0754206 0.0775215 0.0764394 0.0727167 0.0670879 0.060327 0.053128 0.0460091 0.0392714 0.033027 0.0272738 0.0219796 0.0171431 0.0128171 0.0090931 0.00605998 0.00375742
 0.00901113 0.0145396 0.0216995 0.0303661 0.0402222 0.0506238 0.060546 0.0687953 0.0744143 0.0769718 0.0765543 0.073566 0.0685517 0.062114 0.0548688 0.0473828 0.0401047 0.0333208 0.0271596 0.0216398 0.0167404 0.0124569 0.00882119 0.00587936 0.00364985
 0.00878563 0.0141993 0.0212346 0.0297803 0.0395251 0.0498225 0.0596451 0.0678111 0.0733982 0.0760305 0.0758488 0.0732782 0.068821 0.0629695 0.0561923 0.048933 0.041597 0.0345264 0.0279708 0.0220756 0.0169008 0.012462 0.00876628 0.00581962 0.00360651
 0.00866363 0.0139969 0.0209241 0.0293369 0.0389365 0.0491004 0.0588315 0.0669721 0.0726044 0.0753381 0.0752981 0.0729103 0.0686953 0.0631571 0.0567394 0.0498156 0.0427009 0.0356745 0.0289864 0.0228441 0.017396 0.0127293 0.00888243 0.00585578 0.00361041
 0.00857936 0.0138697 0.0207497 0.0291153 0.0386679 0.0487817 0.0584564 0.0665376 0.0721198 0.0748308 0.0748106 0.0724919 0.0683948 0.0630207 0.0568096 0.0501198 0.0432307 0.036369 0.0297396 0.0235387 0.0179458 0.0131032 0.00910001 0.00596299 0.00365421
 0.00852564 0.0137809 0.0206141 0.0289224 0.0384128 0.0484691 0.0581037 0.066171 0.0717657 0.0745069 0.0745244 0.0722474 0.068202 0.062901 0.0567934 0.0502382 0.0435021 0.0367851 0.0302572 0.0240866 0.0184467 0.013501 0.00937467 0.00612788 0.00374019
 0.00852333 0.0137653 0.0205685 0.0288243 0.0382389 0.0482053 0.0577536 0.065759 0.0713323 0.0740985 0.0741811 0.071995 0.0680497 0.0628466 0.0568324 0.0503701 0.0437306 0.0371093 0.0306612 0.024534 0.0188864 0.0138833 0.00966787 0.00632585 0.00385773
 0.00852488 0.0137684 0.0205735 0.0288292 0.0382373 0.0481836 0.0576911 0.0656336 0.0711303 0.0738241 0.0738604 0.0716696 0.0677643 0.062636 0.0567156 0.0503526 0.0438094 0.0372772 0.0309051 0.024831 0.019203 0.0141813 0.00991575 0.00650772 0.00397525
 0.00858396 0.0138586 0.0206981 0.028987 0.0384222 0.0483844 0.0578905 0.0658069 0.0712469 0.0738529 0.0737791 0.0714739 0.0674732 0.0622895 0.0563642 0.0500439 0.0435784 0.0371423 0.0308684 0.0248801 0.0193137 0.0143223 0.0100561 0.00662475 0.00405898
 0.00850323 0.0137508 0.0205789 0.0288852 0.0383708 0.0484072 0.0579919 0.0659695 0.0714388 0.0740378 0.0739241 0.0715541 0.0674739 0.0622101 0.0562201 0.0498649 0.0434018 0.0370027 0.0307888 0.0248674 0.019359 0.0144053 0.0101525 0.0067135 0.00412772
 0.00848227 0.0137119 0.020513 0.0287844 0.0382354 0.0482528 0.057852 0.065888 0.0714519 0.0741558 0.0741234 0.0717859 0.0676834 0.0623544 0.0562789 0.0498419 0.0433201 0.0368958 0.0306908 0.024803 0.0193384 0.0144238 0.0101956 0.00676424 0.0041729
 0.00841619 0.0136069 0.0203595 0.028575 0.0379667 0.0479283 0.0574869 0.0655134 0.0711143 0.0739099 0.0740171 0.0718432 0.0678935 0.0626728 0.0566431 0.0501923 0.0436169 0.0371255 0.0308614 0.0249336 0.0194473 0.0145216 0.010284 0.00683962 0.00423121
 0.00830782 0.0134544 0.0201733 0.0283786 0.0377883 0.0477886 0.0573896 0.0654455 0.0710561 0.0738474 0.0739527 0.071796 0.0678908 0.0627363 0.0567759 0.0503761 0.0438195 0.0373151 0.0310185 0.0250542 0.0195385 0.0145936 0.0103437 0.00688929 0.00427021
 0.00837481 0.0136033 0.02047 0.0289049 0.0386162 0.0489417 0.0588092 0.0669849 0.0725096 0.0750038 0.074648 0.0719495 0.0675166 0.0619311 0.0556869 0.0491602 0.0426084 0.0361983 0.0300444 0.0242427 0.0188927 0.0141062 0.0099989 0.00666329 0.00413444
#obs surv len freq
 nan nan nan nan nan nan nan nan nan nan nan nan nan nan nan nan nan nan nan nan nan nan nan nan nan
 0.00449014 0.007354 0.0111863 0.0160043 0.0217055 0.0279804 0.0342929 0.0400221 0.0446993 0.0481606 0.0505161 0.0520096 0.0528997 0.0534102 0.053723 0.0539768 0.0542545 0.0545467 0.0546851 0.0542769 0.0527151 0.0493478 0.0437985 0.0362798 0.027665
 0.00461668 0.00756389 0.0115095 0.0164699 0.0223346 0.0287741 0.0352221 0.0410243 0.0456887 0.0490461 0.0512185 0.0524738 0.0530989 0.0533451 0.0534169 0.0534678 0.0535869 0.0537636 0.0538259 0.0533791 0.051818 0.048495 0.0430355 0.0356452 0.0271799
 0.00478402 0.00783559 0.011918 0.0170459 0.0231018 0.0297408 0.0363703 0.0423039 0.0470198 0.0503293 0.0523494 0.0533568 0.0536598 0.0535402 0.053237 0.0529359 0.0527497 0.0526823 0.0525682 0.0520161 0.0504259 0.0471552 0.0418285 0.0346375 0.0264083
 0.00497019 0.00814139 0.012384 0.0177115 0.0239975 0.0308758 0.0377205 0.0438079 0.0485879 0.05186 0.0537425 0.0545196 0.0545095 0.0540078 0.0532748 0.0525253 0.0519062 0.0514538 0.0510307 0.050268 0.0485836 0.0453466 0.0401799 0.0332517 0.0253432
 0.00517692 0.00848064 0.0129006 0.0184497 0.0249926 0.0321413 0.0392341 0.0455056 0.0503721 0.0536169 0.0553599 0.0558973 0.0555622 0.0546651 0.0534806 0.0522407 0.051116 0.0501756 0.0493227 0.0482326 0.0463641 0.0431154 0.0381135 0.0314973 0.0239864
 0.00541047 0.00886117 0.0134751 0.0192627 0.0260787 0.0335123 0.0408652 0.0473303 0.0522901 0.0555119 0.0571169 0.0574126 0.0567473 0.0554467 0.0537991 0.0520498 0.0503854 0.0489006 0.0475378 0.0460266 0.043887 0.0405673 0.0357129 0.0294342 0.0223777
 0.00565411 0.00926028 0.0140813 0.0201259 0.0272372 0.0349778 0.0426073 0.0492716 0.0543182 0.0575015 0.0589496 0.0589876 0.057982 0.0562736 0.0541625 0.0519029 0.0496917 0.0476415 0.0457294 0.0437405 0.0412659 0.0378212 0.0330862 0.0271497 0.0205804
 0.00588758 0.00964514 0.0146705 0.0209723 0.0283839 0.0364415 0.0443619 0.0512418 0.0563899 0.0595434 0.0608352 0.060608 0.0592508 0.0571255 0.054548 0.0517821 0.0490316 0.0464204 0.0439525 0.0414645 0.0386206 0.0350127 0.0303668 0.0247596 0.0186837
 0.00614746 0.0100677 0.0153068 0.0218703 0.0295799 0.0379467 0.0461472 0.0532321 0.0584728 0.0615892 0.0627173 0.0622157 0.0604958 0.0579422 0.0548904 0.0516181 0.0483374 0.0451809 0.0421735 0.0391953 0.0359797 0.0321956 0.0276221 0.0223312 0.0167445
 0.0063758 0.0104461 0.0158892 0.0227112 0.0307226 0.0394055 0.0478905 0.0551775 0.0605009 0.0635685 0.0645257 0.0637523 0.0616816 0.0587176 0.0552122 0.0514553 0.0476682 0.0439935 0.0404752 0.0370323 0.0334603 0.0295009 0.0249858 0.0199876 0.0148638
 0.00661447 0.0108352 0.0164773 0.0235446 0.0318374 0.0408141 0.0495666 0.0570492 0.0624585 0.0654834 0.0662717 0.0652208 0.0627899 0.0594102 0.0554561 0.0512323 0.0469683 0.0428137 0.0388275 0.034962 0.0310677 0.0269514 0.0224944 0.0177712 0.0130819
 0.0068297 0.0111905 0.0170216 0.0243263 0.032894 0.0421563 0.0511629 0.0588218 0.0642957 0.0672625 0.067879 0.066562 0.0637924 0.0600225 0.0556458 0.0509833 0.0462757 0.041682 0.0372752 0.0330356 0.0288601 0.0246119 0.0202149 0.0157455 0.011453
 0.00706736 0.0115774 0.0176049 0.0251497 0.0339889 0.0435279 0.0527756 0.060594 0.0661104 0.0689897 0.0693985 0.0677783 0.0646404 0.060466 0.0556715 0.0505928 0.0454794 0.0404963 0.035727 0.0311748 0.0267743 0.0224353 0.0181163 0.0138933 0.00996999
 0.00729592 0.0119524 0.0181751 0.0259613 0.0350751 0.0448924 0.0543774 0.0623433 0.0678827 0.0706514 0.0708302 0.0688888 0.0653699 0.0607848 0.0555751 0.0500953 0.0446055 0.039277 0.0342008 0.0293964 0.0248277 0.02044 0.0162178 0.0122338 0.00865008
 0.0074311 0.0121804 0.0185339 0.0264921 0.0358148 0.0458606 0.0555625 0.0636961 0.0693211 0.0720739 0.072132 0.0699743 0.0661627 0.061233 0.0556532 0.0498012 0.0439553 0.0383 0.0329385 0.0279064 0.0231907 0.0187633 0.0146266 0.0108468 0.00754968
 0.00750736 0.0123031 0.0187169 0.0267504 0.0361643 0.0463181 0.0561423 0.064404 0.0701485 0.0729921 0.0730906 0.0709041 0.0669846 0.0618694 0.0560392 0.0498924 0.0437315 0.0377651 0.0321191 0.0268522 0.0219758 0.0174849 0.0133946 0.00976355 0.0066861
 0.00760449 0.0124507 0.0189202 0.0270077 0.0364689 0.0466614 0.056516 0.064803 0.0705717 0.0734431 0.0735728 0.071413 0.0674991 0.062348 0.0564245 0.0501223 0.0437525 0.0375437 0.0316496 0.0261598 0.0211167 0.0165413 0.0124618 0.00893104 0.00601652
 0.00769083 0.012591 0.0191302 0.0272997 0.0368467 0.0471138 0.0570129 0.0652987 0.0710183 0.073807 0.0738455 0.0716099 0.0676467 0.0624674 0.0565181 0.0501692 0.0437144 0.0373778 0.0313247 0.0256702 0.0204892 0.0158328 0.0117474 0.00828504 0.00549266
 0.00773359 0.0126565 0.019222 0.0274195 0.0369961 0.047295 0.0572283 0.0655472 0.0712913 0.0740869 0.0741088 0.0718353 0.0678233 0.0625967 0.0566085 0.050225 0.0437267 0.0373235 0.0311752 0.0254059 0.0201131 0.0153757 0.011262 0.00782985 0.00511409
 0.00776613 0.012705 0.0192867 0.0274979 0.0370834 0.0473862 0.0573199 0.0656388 0.0713863 0.0741907 0.0742265 0.0719671 0.067962 0.0627307 0.0567254 0.050315 0.043781 0.0373308 0.03112 0.0252735 0.019899 0.015094 0.0109454 0.00752016 0.00484842
 0.00782675 0.0127935 0.0194011 0.0276297 0.0372193 0.0475121 0.057424 0.0657138 0.0714302 0.0742077 0.0742267 0.0719634 0.0679668 0.0627503 0.0567585 0.0503531 0.0438114 0.0373389 0.0310913 0.0251956 0.0197665 0.014913 0.0107352 0.0073087 0.00466256
 0.00785167 0.0128344 0.0194628 0.0277154 0.0373287 0.0476382 0.0575523 0.0658243 0.0715043 0.0742353 0.0742104 0.0719174 0.0679105 0.0627018 0.0567291 0.0503451 0.0438184 0.0373481 0.0310869 0.0251634 0.0196977 0.0148081 0.0106053 0.00717208 0.00453847
 0.00786946 0.0128582 0.0194896 0.02774 0.0373458 0.0476462 0.0575542 0.0658267 0.0715126 0.0742504 0.0742275 0.0719302 0.0679156 0.0627016 0.0567303 0.0503549 0.0438394 0.0373763 0.0311125 0.0251741 0.0196834 0.0147654 0.010539 0.00709406 0.00446261
 0.00788541 0.0128804 0.0195157 0.027765 0.037363 0.0476484 0.0575367 0.0657888 0.0714593 0.0741919 0.0741764 0.0718969 0.0679047 0.0627115 0.056756 0.0503913 0.0438828 0.0374232 0.0311576 0.0252097 0.0197018 0.0147619 0.0105149 0.00705623 0.00442068
 0.0078826 0.0128753 0.019507 0.027751 0.0373415 0.0476172 0.0574942 0.0657348 0.0713957 0.0741236 0.0741116 0.0718457 0.0678769 0.0627132 0.0567877 0.0504477 0.0439555 0.0375028 0.0312352 0.0252773 0.0197527 0.0147922 0.0105245 0.00704946 0.00440468
 0.00787566 0.0128605 0.0194785 0.0277015 0.037265 0.0475121 0.0573659 0.0655957 0.0712622 0.0740109 0.0740306 0.0718021 0.0678723 0.0627466 0.0568559 0.0505451 0.0440735 0.0376309 0.031362 0.0253922 0.0198474 0.0148618 0.0105686 0.00707168 0.00441141
 0.00790427 0.0129011 0.0195282 0.0277533 0.0373083 0.0475354 0.0573592 0.065553 0.0711836 0.0739039 0.0739091 0.0716834 0.0677723 0.0626768 0.0568219 0.0505469 0.0441071 0.0376887 0.0314342 0.0254682 0.0199172 0.0149183 0.0106083 0.00709517 0.00442222
 0.0079029 0.0129003 0.0195295 0.0277581 0.0373172 0.047546 0.0573655 0.0655464 0.0711559 0.073851 0.0738336 0.0715946 0.0676842 0.0626037 0.0567751 0.0505327 0.0441257 0.0377352 0.0315001 0.025543 0.0199907 0.014982 0.0106571 0.00712805 0.00444136
 0.00788472 0.0128708 0.0194854 0.0276973 0.0372397 0.0474556 0.0572704 0.0654577 0.0710839 0.0738013 0.0738056 0.0715832 0.0676842 0.0626129 0.0567952 0.0505675 0.0441784 0.0378059 0.0315848 0.0256343 0.0200796 0.0150603 0.0107193 0.00717242 0.00446955
 0.0078428 0.0128025 0.0193827 0.0275534 0.0370516 0.0472272 0.0570158 0.0652011 0.0708554 0.0736296 0.0737103 0.0715712 0.0677485 0.0627372 0.0569596 0.0507539 0.0443732 0.0380001 0.031772 0.0258083 0.020234 0.0151894 0.0108198 0.00724419 0.00451625
 0.00782364 0.0127667 0.0193203 0.0274525 0.0369012 0.0470227 0.0567628 0.0649179 0.0705698 0.0733736 0.0735141 0.0714571 0.0677281 0.0628087 0.057109 0.0509593 0.0446101 0.0382466 0.0320108 0.0260274 0.0204249 0.0153468 0.0109413 0.00733125 0.00457345
 0.00780512 0.0127374 0.0192772 0.0273926 0.0368207 0.0469167 0.0566268 0.0647497 0.070373 0.0731605 0.0733054 0.071279 0.0676062 0.0627617 0.0571443 0.0510712 0.0447823 0.0384564 0.0322345 0.0262443 0.0206198 0.0155098 0.0110683 0.00742287 0.00463416
 0.00777509 0.0126862 0.0191961 0.0272728 0.0366565 0.0467091 0.0563868 0.0644969 0.0701307 0.0729487 0.0731375 0.0711627 0.0675466 0.0627642 0.0572133 0.0512067 0.044977 0.0386947 0.032495 0.0265037 0.0208573 0.0157109 0.0112257 0.00753645 0.00470941
 0.00773357 0.0126191 0.019096 0.0271329 0.0364722 0.0464803 0.0561201 0.064208 0.069843 0.0726892 0.0729317 0.0710291 0.0674945 0.0627934 0.0573173 0.051376 0.0452001 0.0389576 0.0327798 0.0267895 0.0211232 0.0159396 0.0114072 0.0076688 0.00479766
 0.00933116 0.0148538 0.0217897 0.0298961 0.0388174 0.0480027 0.0566403 0.0637985 0.0687452 0.0711913 0.0712794 0.0693929 0.0659769 0.0614488 0.0561691 0.0504282 0.0444447 0.0383793 0.0323581 0.0265001 0.0209389 0.0158325 0.0113518 0.00764424 0.00478919
 0.00931269 0.0151204 0.0227134 0.0319385 0.042328 0.0529472 0.0624286 0.0693809 0.0729853 0.0733143 0.0711278 0.0673681 0.0627622 0.0577183 0.0524208 0.0469563 0.0413888 0.0357864 0.0302277 0.0248071 0.0196438 0.0148853 0.0106946 0.00721529 0.00452808
 0.00896459 0.0145741 0.0219497 0.0310099 0.0414119 0.0523816 0.0626708 0.070844 0.07579 0.0771057 0.0751195 0.0706403 0.0646452 0.0580245 0.0514135 0.0451333 0.0392483 0.0336914 0.028382 0.023293 0.0184704 0.0140233 0.0100962 0.0068254 0.0042914
 0.00880774 0.0143049 0.0215192 0.0303671 0.0405236 0.0512674 0.0614464 0.0697494 0.0751678 0.0773052 0.0763398 0.0727843 0.067288 0.0605524 0.0532721 0.0460394 0.0392461 0.0330511 0.0274361 0.0223119 0.0176155 0.0133593 0.00962476 0.0065164 0.00410431
 0.00872737 0.0141707 0.0213096 0.0300569 0.0400858 0.0506794 0.0607017 0.0688757 0.0742487 0.0764944 0.0758513 0.0728369 0.0680087 0.0618824 0.0549451 0.0476689 0.0404828 0.0337177 0.0275614 0.0220648 0.0171997 0.0129338 0.00927628 0.00627024 0.00394969
 0.00870488 0.0141318 0.0212464 0.0299589 0.0399408 0.0504735 0.0604217 0.0685115 0.0737987 0.0759766 0.0753179 0.0723853 0.0677713 0.0619848 0.055441 0.0484888 0.0414403 0.0345815 0.0281549 0.0223301 0.0171934 0.0127711 0.00906802 0.00608733 0.00381937
 0.00868734 0.0141 0.0211923 0.0298732 0.0398146 0.0503019 0.060206 0.0682585 0.0735181 0.0756775 0.0750103 0.0720872 0.0675202 0.0618411 0.0554749 0.0487465 0.0419073 0.03517 0.0287327 0.0227776 0.0174525 0.0128562 0.00903924 0.0060115 0.00374328
 0.00870321 0.0141272 0.0212353 0.0299355 0.0398956 0.0503937 0.0602913 0.0683131 0.073517 0.0756033 0.0748581 0.0718666 0.0672542 0.0615666 0.0552409 0.0486065 0.0419009 0.0353012 0.0289602 0.0230292 0.0176573 0.0129752 0.00907413 0.00599133 0.00370202
 0.00869274 0.0141129 0.0212188 0.0299206 0.0398878 0.0503985 0.0603128 0.0683508 0.0735641 0.0756457 0.0748773 0.0718451 0.0671826 0.0614492 0.0550976 0.0484703 0.041809 0.0352818 0.029019 0.0231441 0.0177881 0.013083 0.00913829 0.0060131 0.00369657
 0.00866226 0.0140648 0.0211495 0.0298286 0.039775 0.0502721 0.0601856 0.0682405 0.0734886 0.0756174 0.0748972 0.0719023 0.0672572 0.0615195 0.0551485 0.0484995 0.041828 0.0353098 0.0290723 0.0232264 0.0178878 0.0131794 0.00921295 0.00605844 0.0037163
 0.00864044 0.014029 0.0210953 0.0297518 0.0396733 0.0501466 0.0600428 0.068093 0.0733537 0.075513 0.0748386 0.0718969 0.0673029 0.0616042 0.055254 0.0486075 0.0419269 0.0353977 0.0291547 0.0233099 0.0179733 0.0132608 0.00928126 0.0061072 0.00374508
 0.00864244 0.0140304 0.0210937 0.0297437 0.0396541 0.0501121 0.0599901 0.0680221 0.0732679 0.0754198 0.0747485 0.0718229 0.0672565 0.0615925 0.0552767 0.0486574 0.0419927 0.0354688 0.0292249 0.0233771 0.0180372 0.0133199 0.00933188 0.00614588 0.00377065
 0.00865171 0.0140461 0.0211182 0.029779 0.0397006 0.0501665 0.060045 0.0680663 0.0732894 0.0754097 0.074705 0.0717513 0.0671688 0.0615035 0.0552007 0.0486038 0.0419646 0.0354635 0.0292364 0.0233993 0.0180651 0.0133495 0.00935969 0.00616899 0.00378736
 0.00862541 0.0140077 0.0210686 0.0297222 0.039643 0.0501158 0.0600081 0.0680478 0.0732905 0.0754271 0.0747309 0.0717768 0.0671866 0.0615113 0.0552014 0.048604 0.041971 0.0354803 0.0292639 0.0234345 0.0181036 0.0133868 0.00939233 0.00619485 0.0038058
 0.00862136 0.013997 0.0210453 0.029679 0.0395744 0.0500219 0.0598978 0.0679377 0.0732001 0.0753717 0.0747171 0.0718007 0.0672371 0.0615748 0.0552663 0.0486636 0.042024 0.0355287 0.0293105 0.0234806 0.0181483 0.0134278 0.00942722 0.00622202 0.00382499
 0.00862136 0.013997 0.0210453 0.029679 0.0395744 0.0500219 0.0598978 0.0679377 0.0732001 0.0753717 0.0747171 0.0718007 0.0672371 0.0615748 0.0552663 0.0486636 0.042024 0.0355287 0.0293105 0.0234806 0.0181483 0.0134278 0.00942722 0.00622202 0.00382499
 0.00905199 0.0146783 0.0220318 0.0309986 0.0412111 0.0518954 0.0618504 0.0697475 0.0746285 0.0762299 0.0749157 0.071362 0.0662707 0.0602375 0.0537241 0.0470651 0.0404861 0.0341334 0.0281072 0.0224919 0.0173752 0.0128548 0.00902685 0.00596013 0.00366581
#pred catch len freq
 0.00474042 0.00749123 0.0109076 0.0148966 0.0193977 0.0243635 0.0296863 0.0351611 0.0405274 0.0455387 0.0500063 0.0538127 0.0569089 0.0592934 0.0609675 0.0618923 0.061972 0.0610715 0.0590476 0.055772 0.0511508 0.0451723 0.0380035 0.0300863 0.0221324
 0.00505515 0.00789591 0.0113234 0.0151958 0.0194531 0.0241184 0.0291991 0.0345869 0.0400359 0.0452187 0.0498151 0.053601 0.0565038 0.0585946 0.0600128 0.060864 0.0611406 0.0606938 0.0592609 0.0565331 0.052254 0.0463394 0.0389955 0.0307802 0.0225289
 0.00537084 0.00839644 0.0120455 0.0161451 0.0205809 0.0253014 0.0302434 0.0352775 0.0402248 0.0449001 0.0491265 0.0527377 0.0556053 0.0576861 0.0590412 0.0597936 0.0600331 0.0597139 0.0586028 0.0563166 0.0524579 0.046813 0.0395379 0.0312308 0.0228177
 0.00563562 0.00881765 0.0126645 0.0169997 0.0217034 0.0267076 0.0319076 0.0370999 0.0420137 0.0463943 0.0500694 0.0529718 0.0551311 0.0566409 0.0576158 0.0581538 0.0583014 0.0580044 0.0570505 0.0550586 0.0515773 0.0462976 0.0392914 0.0311286 0.0227634
 0.00589037 0.0092164 0.0132378 0.0177713 0.0226932 0.0279342 0.033384 0.0388196 0.0439288 0.0483922 0.0519592 0.0545021 0.0560485 0.0567713 0.0569256 0.0567531 0.0563944 0.055826 0.0548259 0.0529844 0.0498033 0.0449042 0.0382802 0.0304401 0.0223139
 0.00614852 0.00962032 0.0138175 0.0185471 0.0236772 0.029131 0.0347885 0.0404132 0.0456764 0.0502383 0.0538185 0.0562454 0.0574964 0.0577126 0.0571668 0.0561835 0.0550321 0.0538218 0.0524232 0.0504598 0.0474104 0.0428317 0.0366292 0.0292252 0.0214851
 0.00648334 0.0101339 0.0145345 0.0194739 0.0248067 0.0304499 0.0362784 0.0420458 0.0474084 0.0520101 0.055556 0.0578613 0.0588864 0.0587493 0.0577015 0.0560687 0.0541672 0.052204 0.0501752 0.0478157 0.0446625 0.0402609 0.034445 0.0275331 0.0202882
 0.00688437 0.0107485 0.0153905 0.0205743 0.0261335 0.0319706 0.0379483 0.0438073 0.0491928 0.0537438 0.0571676 0.0592843 0.0600557 0.0595945 0.0581381 0.0559963 0.0534851 0.0508477 0.0481639 0.0452838 0.041852 0.0374685 0.0319454 0.025512 0.0188111
 0.00733643 0.0114462 0.0163718 0.0218516 0.0276953 0.033784 0.0399565 0.0459256 0.0513114 0.0557407 0.0589266 0.0607105 0.0610837 0.0601849 0.058265 0.0556305 0.0525855 0.0493731 0.0461081 0.0427199 0.0389578 0.0345084 0.0292071 0.0232261 0.0170932
 0.00767756 0.0119888 0.0171667 0.02294 0.0291038 0.0355154 0.0419772 0.048156 0.0536287 0.057994 0.0609584 0.0623784 0.0622783 0.0608403 0.0583567 0.0551612 0.0515661 0.0478133 0.044029 0.040186 0.0361101 0.0315699 0.0264432 0.0208724 0.0152885
 0.0080389 0.0125444 0.017946 0.0239554 0.0303578 0.0370085 0.0437056 0.0500989 0.0557303 0.0601524 0.0630291 0.0641943 0.06368 0.0617047 0.0586133 0.0547912 0.0505886 0.0462694 0.0419763 0.0377114 0.0333524 0.0287295 0.0237589 0.0185649 0.0134978
 0.00835885 0.0130396 0.0186455 0.0248712 0.0314866 0.038334 0.0451993 0.0517189 0.0574242 0.0618597 0.0646804 0.0657049 0.0649466 0.0626132 0.0590571 0.0546926 0.0499123 0.045025 0.040215 0.0355267 0.0308855 0.0261703 0.0213255 0.0164581 0.0118491
 0.00868334 0.0135434 0.0193599 0.025811 0.0326498 0.0397017 0.0467321 0.0533537 0.059077 0.0634382 0.0660981 0.0668918 0.0658496 0.0631894 0.0592646 0.0544875 0.0492558 0.0438984 0.0386358 0.033562 0.0286582 0.0238535 0.0191182 0.0145424 0.0103446
 0.00908054 0.0141538 0.0202133 0.0269136 0.0339872 0.041243 0.0484284 0.0551331 0.0608436 0.0650794 0.0675004 0.0679586 0.0665169 0.0634309 0.0590857 0.053909 0.0482994 0.0425819 0.0369842 0.0316266 0.0265347 0.0216843 0.0170724 0.012777 0.00896209
 0.00943173 0.0146945 0.0209715 0.0278971 0.0351856 0.0426314 0.0499658 0.056758 0.0624728 0.0666137 0.0688346 0.0689946 0.0671764 0.063667 0.0588876 0.0532979 0.0473167 0.0412766 0.035408 0.029841 0.0246249 0.0197663 0.0152822 0.0112412 0.00776283
 0.00959726 0.0149645 0.0213797 0.0284761 0.0359615 0.0436143 0.0511397 0.0580753 0.0638583 0.0679753 0.070076 0.0700248 0.0679177 0.0640619 0.0589041 0.0529325 0.0465918 0.040235 0.0341071 0.0283508 0.0230312 0.0181726 0.0138015 0.00997499 0.00677592
 0.00958457 0.0149629 0.021414 0.028585 0.0361934 0.044017 0.0517473 0.0588968 0.0648688 0.0691137 0.0712502 0.0711263 0.0688407 0.0647204 0.059242 0.0529248 0.0462423 0.039572 0.0331793 0.0272254 0.0217918 0.0169157 0.0126267 0.00896837 0.00599076
 0.00975663 0.0151977 0.0216859 0.0288466 0.0363946 0.0441331 0.0517998 0.0589516 0.0650111 0.0694128 0.0717314 0.0717603 0.0695518 0.0654066 0.0597993 0.0532685 0.0463197 0.0393665 0.0327087 0.0265373 0.0209575 0.0160225 0.0117654 0.00821661 0.00539796
 0.00992957 0.0154659 0.022063 0.0293305 0.036961 0.0447319 0.0523577 0.0593887 0.0652714 0.0694931 0.0716871 0.0716806 0.0695164 0.0654501 0.0599002 0.0533639 0.0463334 0.0392357 0.032402 0.0260607 0.0203515 0.0153522 0.0111053 0.00763329 0.00493475
 0.00990693 0.0154437 0.0220573 0.0293672 0.0370712 0.0449419 0.052677 0.0597996 0.0657261 0.0699219 0.0720207 0.0718782 0.0695835 0.0654325 0.0598557 0.0533284 0.0463032 0.0391746 0.0322643 0.0258166 0.0200026 0.0149312 0.0106648 0.0072275 0.00460344
 0.0099017 0.0154251 0.022012 0.0292798 0.036933 0.0447617 0.0524883 0.0596563 0.0656842 0.070016 0.0722471 0.0721941 0.0699252 0.0657425 0.0601024 0.0535094 0.0464299 0.0392532 0.0322863 0.0257657 0.0198697 0.0147268 0.0104193 0.00698059 0.00438958
 0.0100671 0.01566 0.0223016 0.0295867 0.037205 0.0449467 0.0525498 0.059584 0.0654991 0.0697679 0.0720016 0.072012 0.0698404 0.0657513 0.0601721 0.0535973 0.0465024 0.0392916 0.0322828 0.0257161 0.0197724 0.0145873 0.0102532 0.00681138 0.00424016
 0.0101185 0.0157455 0.0224328 0.0297724 0.0374454 0.0452261 0.052832 0.059817 0.0656302 0.0697637 0.071864 0.0717794 0.0695745 0.0655143 0.0600047 0.0535087 0.0464746 0.0392933 0.032284 0.0256958 0.0197211 0.0145057 0.0101509 0.00670335 0.00414198
 0.0099425 0.0154916 0.022111 0.0294149 0.0370996 0.0449424 0.0526509 0.0597601 0.0656946 0.0699218 0.0720708 0.0719877 0.0697534 0.0656588 0.060132 0.0536428 0.0466294 0.0394652 0.0324542 0.025841 0.0198236 0.0145592 0.0101609 0.00668336 0.00410813
 0.0098642 0.0153619 0.0219128 0.0291339 0.0367319 0.0445037 0.0521833 0.0593283 0.0653702 0.0697599 0.0720915 0.0721711 0.0700494 0.0660071 0.0604826 0.0539676 0.0469213 0.0397272 0.0326881 0.0260421 0.0199831 0.0146709 0.0102259 0.00671077 0.00411115
 0.0098922 0.0153951 0.0219389 0.0291318 0.0366742 0.0443634 0.0519433 0.0589907 0.0649636 0.0693396 0.0717292 0.071934 0.0699773 0.0660997 0.0607031 0.0542612 0.0472363 0.0400276 0.0329548 0.0262671 0.0201627 0.0148039 0.0103144 0.00676152 0.00413445
 0.00990307 0.0154131 0.0219661 0.0291681 0.0367147 0.0443957 0.0519457 0.058936 0.0648276 0.0691141 0.0714311 0.0716076 0.0696837 0.0658978 0.0606298 0.0543198 0.0473991 0.0402506 0.0331944 0.0264904 0.0203508 0.0149488 0.0104162 0.00682572 0.00416994
 0.00984012 0.0153315 0.0218815 0.0291071 0.0367074 0.0444621 0.0520847 0.0591219 0.0650162 0.0692548 0.0714821 0.0715483 0.069523 0.0656736 0.0603975 0.0541338 0.0472945 0.0402345 0.0332493 0.0265863 0.0204576 0.015045 0.0104907 0.00687629 0.0042
 0.00981187 0.0152847 0.0218108 0.0290109 0.0365922 0.0443477 0.0520043 0.0591135 0.0651056 0.0694386 0.0717218 0.071782 0.069689 0.0657341 0.0603512 0.0540124 0.0471472 0.0401073 0.0331699 0.0265593 0.0204707 0.0150788 0.0105282 0.0069072 0.0042209
 0.00973032 0.0151558 0.0216236 0.0287576 0.0362699 0.0439617 0.0515735 0.0586752 0.064715 0.0691597 0.0716097 0.0718615 0.0699421 0.0661037 0.0607622 0.0543994 0.0474739 0.040369 0.0333811 0.0267379 0.0206266 0.0152128 0.0106365 0.00698716 0.00427407
 0.00969813 0.0151018 0.0215387 0.0286319 0.0360936 0.0437276 0.0512809 0.0583333 0.0643459 0.0687988 0.0713033 0.0716598 0.0698856 0.0662079 0.0610089 0.0547411 0.0478508 0.0407293 0.0336945 0.0269954 0.0208323 0.0153739 0.0107588 0.00707513 0.00433259
