SBPRF35
7.78865
Curr Bio
523170
B35
697441
F35
0.213359
FOFL
0.142224
OFL
53996.2
Bzero
2.22533e+006
#pred survey bio
 4.67466e+006 4.42707e+006 4.1773e+006 3.88074e+006 3.5816e+006 3.24636e+006 2.91424e+006 2.56245e+006 2.24347e+006 1.9566e+006 1.72642e+006 1.5233e+006 1.32582e+006 1.17722e+006 1.02089e+006 938219 838232 772493 731802 702266 672314 652421 634281 623936 624924 609634 609247 615922 615226 610518 616599 619282 618135 614123 601685 579996 573411 566438 577761 590847 595702 595694 608976 613726 603241 605514 602796 599238 595485 585200 568780 529302 1.68731e+007 9.94866e+006 1.0172e+007 1.09861e+007 1.21128e+007 1.32837e+007 1.43388e+007 1.52119e+007 1.5896e+007 1.64127e+007 1.67937e+007 1.70702e+007 1.72692e+007 1.74119e+007 1.7514e+007 1.75874e+007 1.76403e+007 1.76786e+007 1.77067e+007 1.77272e+007 1.77425e+007 1.77538e+007 1.77623e+007 1.77686e+007 1.77735e+007 1.77771e+007 1.77799e+007 1.7782e+007 1.77836e+007 1.77849e+007 1.77858e+007 1.77866e+007 1.77871e+007 1.77876e+007 1.77879e+007 1.77882e+007 1.77884e+007 1.77885e+007 1.77886e+007 1.77887e+007 1.77888e+007 1.77889e+007 1.77889e+007 1.77889e+007 1.7789e+007 1.7789e+007 1.7789e+007 1.7789e+007 1.7789e+007 1.7789e+007 1.7789e+007 1.7789e+007 1.7789e+007 1.7789e+007 1.7789e+007 1.7789e+007 1.7789e+007 1.7789e+007 1.77891e+007 1.77891e+007 1.77891e+007 1.77891e+007 1.77891e+007 1.77891e+007 1.77891e+007 1.77891e+007 1.77891e+007 1.77891e+007 1.77891e+007 1.77891e+007 1.77891e+007 1.77891e+007 1.77891e+007 1.77891e+007 1.77891e+007 1.77891e+007 1.77891e+007 1.77891e+007 1.77891e+007 1.77891e+007 1.77891e+007 1.77891e+007 1.77891e+007 1.77891e+007 1.77891e+007 1.77891e+007 1.77891e+007 1.77891e+007 1.77891e+007 1.77891e+007 1.77891e+007 1.77891e+007 1.77891e+007 1.77891e+007 1.77891e+007 1.77891e+007 1.77891e+007 1.77891e+007 1.77891e+007 1.77891e+007 0 0 0 0 0 0 0 0 0 0 0 0 0 0 0 0 0 0 0 0 0 0 0 0 0
#obs survey bio
 3.23197e+006 3.13882e+006 2.59416e+006 3.85583e+006 2.13394e+006 2.91482e+006 2.38619e+006 2.3751e+006 2.03868e+006 1.63814e+006 1.26042e+006 1.26567e+006 1.15704e+006 957998 853301 507199 654083 638683 874774 676657 560760 476602 560776 521680 598057 496333 569198 465365 468916 485694 498901 832190 705217 508445 686715 590684 551304 486013 773772 446925 645409 472285 454161 690655 547387 553160 626582 639402 622690 598386 644182 600600
#pred catch bio
 100925 102837 155805 177870 237192 264805 313805 313086 308578 277758 269467 275664 239900 250359 189381 205462 174274 150335 138253 136140 125732 122670 114749 104915 117951 104389 97954.2 103107 104785 94399.4 95755.2 96480.2 95918.1 99320.6 102854 88919.3 92485 81672.5 83629 91501.8 94846.7 83202.8 89908.9 100696 87890.4 90856.7 90337.2 89424.1 93749.8 96959.8 112444 112733 53996.2 76700.6 76815 81574 89600.2 98254.6 106010 112298 117082 120562 123012 124696 125831 126584 127079 127401 127609 127743 127828 127882 127917 127939 127952 127961 127966 127970 127972 127973 127974 127975 127975 127975 127975 127976 127976 127976 127976 127976 127976 127976 127976 127976 127976 127976 127976 127976 127976 127976 127976 127976 127976 127976 127976 127976 127976 127976 127976 127976 127976 127976 127976 127976 127976 127976 127976 127976 127976 127976 127976 127976 127976 127976 127976 127976 127976 127976 127976 127976 127976 127976 127976 127976 127976 127976 127976 127976 127976 127976 127976 127976 127976 127976 127976 127976 127976 127976 127976 127976 127976 127976 0 0 0 0 0 0 0 0 0 0 0 0 0 0 0 0 0 0 0 0 0 0 0 0 0
#obs catch bio
 0 102651 156746 178643 240015 268214 320307 320272 316670 283888 276692 284537 246987 259183 193782 213772 180240 154490 140839 138980 128521 125757 117295 106615 120920 106860 99829.9 105336 106765 95928.3 97572.8 97739.4 97110.3 100679 104265 89504.2 93824.1 82130.7 83976.1 92101.9 95107.2 83248.4 90212.3 101113 87605.9 90786.1 90138.4 89253.3 93416.6 97026.9 112375 112818
#pred cpue bio
 4.59165e+006 4.35022e+006 4.10527e+006 3.81081e+006 3.51292e+006 3.17941e+006 2.84922e+006 2.50002e+006 2.18375e+006 1.8997e+006 1.67168e+006 1.47058e+006 1.27572e+006 1.12935e+006 975847 894130 796223 732457 693522 665326 636430 617143 599675 589803 590755 575982 575787 582611 582363 578154 584359 587531 587163 583951 572664 552315 545279 536765 546553 559223 564433 564888 577980 582879 573220 575789 573347 570047 566551 556700 541075 503473 1.6054e+007 9.46833e+006 9.53752e+006 1.01838e+007 1.12499e+007 1.24061e+007 1.34581e+007 1.43307e+007 1.50147e+007 1.55314e+007 1.59123e+007 1.61889e+007 1.63879e+007 1.65305e+007 1.66327e+007 1.6706e+007 1.67589e+007 1.67973e+007 1.68253e+007 1.68459e+007 1.68611e+007 1.68724e+007 1.68809e+007 1.68873e+007 1.68921e+007 1.68958e+007 1.68986e+007 1.69007e+007 1.69023e+007 1.69035e+007 1.69045e+007 1.69052e+007 1.69058e+007 1.69062e+007 1.69066e+007 1.69068e+007 1.6907e+007 1.69072e+007 1.69073e+007 1.69074e+007 1.69075e+007 1.69075e+007 1.69076e+007 1.69076e+007 1.69076e+007 1.69076e+007 1.69076e+007 1.69077e+007 1.69077e+007 1.69077e+007 1.69077e+007 1.69077e+007 1.69077e+007 1.69077e+007 1.69077e+007 1.69077e+007 1.69077e+007 1.69077e+007 1.69077e+007 1.69077e+007 1.69077e+007 1.69077e+007 1.69077e+007 1.69077e+007 1.69077e+007 1.69077e+007 1.69077e+007 1.69077e+007 1.69077e+007 1.69077e+007 1.69077e+007 1.69077e+007 1.69077e+007 1.69077e+007 1.69077e+007 1.69077e+007 1.69077e+007 1.69077e+007 1.69077e+007 1.69077e+007 1.69077e+007 1.69077e+007 1.69077e+007 1.69077e+007 1.69077e+007 1.69077e+007 1.69077e+007 1.69077e+007 1.69077e+007 1.69077e+007 1.69077e+007 1.69077e+007 1.69077e+007 1.69077e+007 1.69077e+007 1.69077e+007 1.69077e+007 1.69077e+007 1.69077e+007 1.69077e+007 0 0 0 0 0 0 0 0 0 0 0 0 0 0 0 0 0 0 0 0 0 0 0 0 0
#obs cpue bio
 2.96855e+006 4.00256e+006 2.95939e+006 2.8545e+006 3.13254e+006 2.82239e+006 2.2362e+006 1.81124e+006 1.71734e+006 2.16752e+006 1.30022e+006 1.21547e+006 902824 1.08002e+006 842031 674316 662242 699162 678518 481052 443304 509475 535763 620612 363919 390158 537322 545407 747840 512611 479224 568662 428113 563086 485603 591674 332118 846431 452814 618980 730419 638351 659139 580294 898035 590117 626488 515736 669140 365467 613768 415042
#pred surv len freq
 0.00526805 0.00854138 0.01283 0.0180986 0.0242005 0.0307962 0.0373288 0.0431611 0.0478218 0.0511685 0.0533565 0.0546819 0.055437 0.0558344 0.0559811 0.0558772 0.0554351 0.0545114 0.0529315 0.0504952 0.046982 0.042208 0.036157 0.0291281 0.0217685
 0.00554719 0.00886987 0.0130991 0.0181463 0.0238754 0.0300474 0.0362641 0.0420231 0.0468816 0.0505979 0.0531571 0.0547082 0.055489 0.055763 0.0557558 0.0555933 0.0552657 0.0546251 0.0534115 0.0512958 0.0479459 0.0431359 0.0368908 0.0296022 0.0220088
 0.00587882 0.00940242 0.0138789 0.0191872 0.0251279 0.0313701 0.0374247 0.0427588 0.0470085 0.0501091 0.0522322 0.0536159 0.0544479 0.054856 0.0549476 0.0548205 0.0545215 0.0539822 0.0529758 0.0511311 0.0480267 0.0433568 0.0371232 0.029756 0.0220599
 0.00614808 0.00984312 0.0145483 0.0201413 0.0264097 0.0329862 0.0393138 0.0447657 0.0488873 0.0515703 0.0530288 0.0536346 0.0537507 0.0536414 0.0534524 0.0532302 0.0529448 0.0524843 0.0516191 0.0499811 0.0471232 0.0426896 0.0366394 0.0293926 0.0217738
 0.00640282 0.0102488 0.0151442 0.0209622 0.0274838 0.0343306 0.040924 0.0466019 0.0508603 0.0535317 0.054773 0.0549257 0.0543807 0.0535 0.0525697 0.0517612 0.0511068 0.0504893 0.0496381 0.0481401 0.0455091 0.0413496 0.0355807 0.0285921 0.0211935
 0.00668315 0.0106984 0.0158096 0.0218824 0.028684 0.035812 0.0426542 0.048513 0.0528593 0.0555138 0.0566256 0.0565192 0.0555605 0.0541006 0.0524573 0.0508871 0.049538 0.0483962 0.0472478 0.0456831 0.0431809 0.039293 0.0338803 0.0272765 0.0202441
 0.00695396 0.0111341 0.016457 0.0227829 0.0298669 0.0372841 0.0443874 0.0504389 0.0548776 0.05751 0.0584881 0.0581453 0.056851 0.0549492 0.0527496 0.0505193 0.0484559 0.0466345 0.0449443 0.0430578 0.0404888 0.0367716 0.031709 0.0255543 0.0189885
 0.00724983 0.011612 0.0171705 0.0237798 0.0311807 0.0389198 0.0463073 0.0525576 0.0570728 0.0596459 0.0604368 0.0597993 0.0581239 0.0557693 0.053049 0.0502296 0.0475177 0.0450264 0.0427198 0.0403668 0.0375671 0.0338948 0.0291302 0.0234486 0.0174245
 0.00755708 0.0120996 0.017883 0.0247522 0.0324349 0.0404576 0.0481002 0.0545406 0.0591478 0.061695 0.0623381 0.0614398 0.0594077 0.0566197 0.0534054 0.0500404 0.0467378 0.0436284 0.040721 0.0378615 0.0347418 0.031008 0.0264553 0.0212041 0.0157231
 0.00796325 0.0127298 0.0187754 0.0259229 0.033877 0.0421413 0.0499697 0.0565137 0.0611242 0.0635707 0.064019 0.0628463 0.0604732 0.0572873 0.0536259 0.0497703 0.0459398 0.0422773 0.0388226 0.0354808 0.032026 0.0281831 0.0237838 0.0189175 0.013959
 0.00830091 0.0132694 0.0195691 0.0270103 0.0352751 0.0438305 0.0518817 0.0585325 0.063108 0.0653853 0.0655631 0.0640585 0.0613219 0.0577552 0.0536969 0.0494231 0.0451475 0.0410162 0.0370895 0.0333193 0.0295504 0.0255825 0.0212923 0.0167542 0.0122667
 0.00854436 0.0136714 0.0201855 0.0278967 0.0364749 0.0453563 0.0536955 0.0605382 0.0651633 0.0673294 0.0672475 0.06537 0.0621941 0.0581662 0.053656 0.0489515 0.044263 0.039728 0.0354099 0.0312876 0.0272589 0.0231873 0.0189935 0.0147468 0.0106841
 0.00886024 0.0141701 0.020909 0.0288759 0.0377261 0.0468754 0.0554487 0.0624538 0.0671333 0.0692211 0.0689209 0.0666971 0.0630762 0.0585472 0.0535257 0.048337 0.0432113 0.0382904 0.0336369 0.0292396 0.0250272 0.0209069 0.0168329 0.0128708 0.00920638
 0.00912915 0.0145912 0.0215129 0.0296807 0.0387354 0.0480758 0.0568057 0.063911 0.0686183 0.0706556 0.0702279 0.067802 0.0639061 0.0590349 0.0536193 0.0480102 0.0424682 0.0371621 0.0321755 0.0275166 0.0231383 0.0189767 0.0150062 0.0112849 0.00795538
 0.00966102 0.0154068 0.0226479 0.0311332 0.0404657 0.0500093 0.0588337 0.0658962 0.0704131 0.07213 0.0712948 0.0684246 0.064089 0.0588064 0.0530143 0.0470621 0.0412084 0.0356259 0.0304101 0.0255878 0.0211357 0.0170129 0.0132049 0.00975674 0.00676942
 0.00971052 0.0155223 0.0228855 0.0315643 0.0411566 0.0509905 0.0600748 0.0673033 0.0718537 0.0734703 0.0724288 0.0692851 0.0646429 0.0590443 0.0529415 0.0466912 0.0405557 0.0347128 0.0292681 0.0242668 0.0197091 0.0155766 0.011865 0.00860812 0.00587217
 0.00975367 0.0156175 0.0230766 0.0319105 0.0417225 0.0518261 0.0611932 0.0686647 0.0733619 0.0749852 0.0737913 0.0703506 0.0653121 0.0592794 0.0527612 0.0461507 0.0397233 0.0336541 0.0280424 0.0229328 0.0183339 0.0142389 0.0106485 0.00758479 0.00508415
 0.0097888 0.0156564 0.0231038 0.0319073 0.0416808 0.0517667 0.0611759 0.0687787 0.0736952 0.0755847 0.0746351 0.0713454 0.0663179 0.0601479 0.0533741 0.0464418 0.0396816 0.0333107 0.027453 0.0221652 0.0174624 0.0133426 0.00980529 0.00686027 0.00451849
 0.00989107 0.0157938 0.0232566 0.0320375 0.0417414 0.0517179 0.0610028 0.0685046 0.073384 0.0753325 0.0745458 0.0714962 0.0667259 0.0607569 0.0540685 0.0470841 0.0401532 0.0335403 0.0274241 0.0219071 0.0170358 0.0128234 0.00927101 0.00637676 0.00412887
 0.0100284 0.0159977 0.0235262 0.0323559 0.0420754 0.0520216 0.0612232 0.0685913 0.0733059 0.075095 0.0742008 0.0711344 0.0664504 0.0606467 0.0541486 0.0473151 0.0404473 0.0337945 0.0275557 0.0218769 0.0168518 0.0125297 0.00892921 0.00604614 0.003852
 0.0101583 0.0162043 0.0238275 0.0327623 0.042584 0.0526084 0.0618374 0.0691571 0.0737368 0.0753172 0.0741761 0.0708742 0.0660153 0.0601317 0.0536553 0.0469197 0.0401776 0.033627 0.0274341 0.0217421 0.0166673 0.012293 0.00866523 0.00579117 0.00363699
 0.0101677 0.0162265 0.023874 0.0328491 0.0427286 0.0528245 0.0621282 0.0695098 0.0741201 0.0756831 0.0744677 0.0710392 0.0660227 0.0599848 0.0533934 0.046606 0.0398758 0.033378 0.0272448 0.0215912 0.0165249 0.012139 0.00849904 0.00562744 0.00349444
 0.0102169 0.0162966 0.0239615 0.032946 0.0428266 0.0529208 0.0622292 0.0696293 0.0742716 0.0758703 0.0746776 0.0712414 0.0661769 0.0600534 0.0533563 0.0464694 0.0396703 0.033146 0.0270228 0.0213977 0.0163597 0.0119932 0.00836572 0.00550729 0.00339331
 0.0103469 0.0164789 0.0241824 0.0331741 0.0430214 0.0530471 0.0622695 0.0695889 0.0741757 0.0757556 0.0745815 0.0711905 0.066178 0.0600911 0.0533997 0.046486 0.03964 0.0330678 0.0269115 0.0212737 0.0162389 0.0118832 0.00826849 0.00542376 0.00332517
 0.0102602 0.0163644 0.0240575 0.0330683 0.0429642 0.0530512 0.0623201 0.0696485 0.0742038 0.0757314 0.0745154 0.0711178 0.0661403 0.0601163 0.0534906 0.0466213 0.0397861 0.033193 0.026997 0.0213162 0.0162461 0.0118669 0.00823948 0.00539036 0.00329342
 0.0102569 0.0163661 0.0240741 0.033115 0.0430602 0.0532141 0.0625588 0.0699542 0.0745445 0.0760533 0.0747562 0.0712287 0.0661055 0.0599586 0.0532593 0.0463697 0.0395516 0.0329911 0.0268267 0.0211702 0.0161189 0.0117572 0.00814856 0.00531923 0.00324146
 0.0101788 0.0162376 0.023879 0.032841 0.0427057 0.0527976 0.0621251 0.0695707 0.0742841 0.0759702 0.0748654 0.0715004 0.0664766 0.0603565 0.0536255 0.0466735 0.0397889 0.0331724 0.0269641 0.0212716 0.0161884 0.0117986 0.00816763 0.00532326 0.00323755
 0.0100533 0.0160426 0.0236022 0.032477 0.0422567 0.052275 0.0615531 0.0689908 0.0737546 0.0755596 0.0746383 0.0714996 0.0667079 0.0607833 0.0541787 0.0472722 0.0403632 0.033677 0.0273794 0.0215959 0.0164294 0.011968 0.00827863 0.00538998 0.00327367
 0.0100174 0.0159826 0.0235089 0.0323408 0.0420694 0.0520329 0.0612601 0.0686594 0.0734053 0.0752196 0.0743408 0.0712821 0.0666073 0.0608255 0.054367 0.0475822 0.0407478 0.034081 0.0277552 0.0219133 0.0166765 0.0121465 0.00839844 0.00546417 0.00331564
 0.0100136 0.0159762 0.0234984 0.0323237 0.0420414 0.0519877 0.0611893 0.0685545 0.0732609 0.0750367 0.0741295 0.0710625 0.0664077 0.0606783 0.0543016 0.0476157 0.0408779 0.0342847 0.0279961 0.0221533 0.0168862 0.0123107 0.00851476 0.0055391 0.00335949
 0.00978937 0.0156459 0.0230652 0.0318136 0.0414964 0.0514548 0.0607107 0.0681635 0.0729807 0.0748789 0.0740936 0.0711376 0.066577 0.0609245 0.054611 0.0479778 0.0412822 0.0347156 0.0284301 0.0225618 0.0172422 0.0125962 0.00872476 0.00568031 0.00344608
 0.00961385 0.0153682 0.0226633 0.0312764 0.0408316 0.0506961 0.0599232 0.0674363 0.0724054 0.0745231 0.0739823 0.0712538 0.0668762 0.0613535 0.0551207 0.04853 0.0418492 0.0352761 0.0289649 0.0230508 0.0176659 0.0129399 0.00898285 0.00585839 0.00355823
 0.0095339 0.0152341 0.022454 0.0309697 0.0404095 0.0501533 0.0592766 0.0667303 0.0717092 0.0739185 0.0735464 0.0710407 0.0669045 0.061604 0.0555461 0.0490703 0.0424464 0.0358831 0.0295462 0.02358 0.0181232 0.0133121 0.00926556 0.00605663 0.00368549
 0.00931154 0.0149124 0.0220425 0.0305007 0.0399255 0.0496888 0.0588457 0.0663284 0.0713266 0.0735573 0.07323 0.0708112 0.0668095 0.0616794 0.0558017 0.049486 0.0429781 0.0364753 0.0301449 0.0241408 0.0186145 0.0137149 0.00957329 0.00627421 0.0038267
 0.00925374 0.0148037 0.0218539 0.0302016 0.0394973 0.0491428 0.0582332 0.0657309 0.0708268 0.0732062 0.0730328 0.0707406 0.0668334 0.0617827 0.0559892 0.0497692 0.0433583 0.0369342 0.0306468 0.0246421 0.0190746 0.0141046 0.00987775 0.00649304 0.00397069
 0.0101448 0.0160589 0.0233838 0.0317991 0.0408927 0.0500957 0.0586093 0.0655279 0.0701484 0.0722127 0.0718927 0.0695946 0.0657758 0.0608616 0.0552217 0.0491601 0.0429099 0.0366449 0.0305038 0.024618 0.0191316 0.0142028 0.00998395 0.00658541 0.00403955
 0.0107619 0.017044 0.0248226 0.0337315 0.0432728 0.0527479 0.0612115 0.0676615 0.0714226 0.0724081 0.0710397 0.0679406 0.0636715 0.0586386 0.053119 0.0473105 0.0413659 0.0354117 0.0295634 0.0239392 0.0186731 0.0139167 0.00982114 0.00650231 0.00400236
 0.0106819 0.0170122 0.0249566 0.0342019 0.0442588 0.0543632 0.0634308 0.0702859 0.0741031 0.0747214 0.0725957 0.06849 0.0631752 0.0572669 0.0511797 0.0451427 0.0392507 0.0335318 0.0280067 0.0227252 0.017779 0.0132966 0.00941841 0.00625894 0.00386638
 0.0102672 0.0163903 0.0241248 0.0332102 0.0432194 0.0534511 0.0628687 0.0702995 0.0748432 0.0761818 0.0745735 0.0706248 0.065059 0.0585747 0.0517631 0.0450482 0.0386661 0.0326968 0.0271328 0.0219529 0.0171738 0.0128669 0.00913986 0.00609393 0.00377738
 0.009993 0.0159513 0.0234788 0.032329 0.0421032 0.0521488 0.0614974 0.0690477 0.0739445 0.0758575 0.0749626 0.0717236 0.0666991 0.0604572 0.0535452 0.0464503 0.0395502 0.0330813 0.0271472 0.0217641 0.016924 0.0126441 0.00897926 0.00599553 0.00372536
 0.00989566 0.0157914 0.0232345 0.0319768 0.0416207 0.0515208 0.0607268 0.0681686 0.0730323 0.0750323 0.0743758 0.071525 0.0669862 0.0612268 0.0546737 0.0477219 0.0407274 0.0339856 0.0277084 0.0220177 0.0169677 0.0125842 0.00889397 0.00592518 0.00368076
 0.00998513 0.0159099 0.0233623 0.0320773 0.0416481 0.0514328 0.0604965 0.0677894 0.0725184 0.0744188 0.0737232 0.070922 0.0665423 0.0610465 0.054817 0.0481707 0.0413799 0.0346895 0.0283184 0.0224462 0.0172025 0.0126692 0.00889336 0.00589281 0.00364781
 0.00980479 0.0156529 0.0230416 0.0317249 0.0413023 0.0511194 0.0602167 0.067522 0.0722364 0.0741085 0.0733948 0.0706106 0.0663008 0.0609361 0.0548938 0.0484664 0.0418817 0.0353319 0.0289984 0.0230586 0.0176761 0.0129843 0.00907307 0.00598014 0.00368367
 0.00958835 0.0153297 0.0226098 0.0312054 0.0407366 0.0505636 0.059732 0.0671625 0.0720326 0.074055 0.0734517 0.0707222 0.0664233 0.0610575 0.0550366 0.048672 0.0421862 0.0357428 0.0294846 0.0235592 0.0181246 0.0133342 0.00931109 0.00612137 0.00375691
 0.0096922 0.0154606 0.0227376 0.0312806 0.0407068 0.0503982 0.0594409 0.0667974 0.0716674 0.073757 0.0732577 0.0706308 0.0664034 0.0610689 0.055052 0.04869 0.0422286 0.0358382 0.0296473 0.0237775 0.0183645 0.0135555 0.00948464 0.00623795 0.00382417
 0.00968211 0.0154474 0.0227218 0.0312601 0.0406718 0.0503262 0.0592994 0.0665559 0.0713185 0.0733319 0.0728255 0.0702749 0.0661885 0.0610178 0.0551441 0.0488811 0.042475 0.0361117 0.0299351 0.0240709 0.0186492 0.0138111 0.00969204 0.0063879 0.00392004
 0.00966861 0.0154308 0.0227068 0.0312543 0.0406832 0.0503593 0.0593494 0.0666054 0.0713383 0.0732889 0.072697 0.0700633 0.0659274 0.0607625 0.0549496 0.0487809 0.0424736 0.036192 0.0300717 0.0242397 0.0188295 0.0139841 0.00984151 0.00650333 0.00399908
 0.00966642 0.015425 0.0226944 0.0312322 0.0406501 0.0503181 0.0593084 0.0665758 0.0713285 0.0732973 0.0727091 0.0700561 0.0658806 0.0606709 0.0548295 0.0486644 0.0423945 0.0361716 0.030113 0.0243304 0.0189491 0.0141112 0.0099583 0.00659795 0.00406699
 0.00964495 0.0153944 0.022656 0.0311895 0.0406074 0.0502782 0.0592719 0.0665424 0.0712989 0.0732751 0.0726987 0.0700586 0.0658902 0.0606762 0.0548197 0.0486377 0.042361 0.0361494 0.0301187 0.0243709 0.0190195 0.014198 0.0100457 0.00667337 0.00412377
 0.00950984 0.0152094 0.0224414 0.0309855 0.0404619 0.0502285 0.0593293 0.0666892 0.0714975 0.0734833 0.0728819 0.0701965 0.0659765 0.0607139 0.0548165 0.0486028 0.0423053 0.0360867 0.0300645 0.0243382 0.0190143 0.0142175 0.0100803 0.00671189 0.00415747
 0.00918945 0.0147457 0.0218511 0.0303242 0.0398134 0.0496837 0.0589654 0.0665555 0.0716068 0.0738075 0.0733573 0.0707396 0.0665075 0.0611756 0.0551816 0.0488694 0.0424877 0.0362057 0.030142 0.0243936 0.0190617 0.0142638 0.0101262 0.00675391 0.00419171
 0.0089172 0.014346 0.021331 0.029722 0.0391939 0.0491258 0.058549 0.0663486 0.0716513 0.0741048 0.0738623 0.0713692 0.0671622 0.061766 0.0556473 0.049187 0.042666 0.0362747 0.0301396 0.0243555 0.0190154 0.0142259 0.0101032 0.00674459 0.0041914
#obs surv len freq
 nan nan nan nan nan nan nan nan nan nan nan nan nan nan nan nan nan nan nan nan nan nan nan nan nan
 0.00447938 0.00733887 0.0111679 0.015985 0.0216884 0.0279682 0.0342867 0.0400216 0.044703 0.0481668 0.0505234 0.0520171 0.052907 0.0534172 0.0537297 0.0539832 0.0542607 0.0545528 0.0546912 0.0542828 0.0527209 0.0493531 0.0438032 0.0362837 0.027668
 0.00461256 0.0075552 0.0114929 0.0164417 0.022292 0.0287178 0.0351572 0.0409601 0.0456352 0.0490107 0.0512036 0.0524773 0.053116 0.053371 0.0534477 0.0535012 0.0536215 0.0537989 0.0538616 0.0534146 0.0518525 0.0485274 0.0430642 0.035669 0.0271981
 0.00477936 0.00782795 0.0119063 0.0170285 0.0230766 0.0297052 0.0363221 0.0422426 0.0469483 0.0502548 0.0522822 0.053307 0.0536338 0.0535395 0.0532583 0.0529733 0.0527976 0.0527361 0.052625 0.0520738 0.0504825 0.0472084 0.0418758 0.0346767 0.0264383
 0.00497497 0.00814907 0.0123953 0.017727 0.0240168 0.0308976 0.0377415 0.0438232 0.0485919 0.0518476 0.0537121 0.0544744 0.0544569 0.0539577 0.053236 0.0525026 0.0518997 0.0514607 0.0510465 0.0502888 0.0486063 0.0453689 0.0402 0.0332685 0.025356
 0.00518203 0.00848823 0.0129107 0.0184619 0.0250063 0.0321561 0.0392493 0.0455205 0.0503851 0.0536252 0.0553597 0.0558852 0.0555368 0.0546287 0.0534392 0.052202 0.051087 0.0501601 0.0493206 0.0482411 0.0463792 0.0431333 0.038131 0.0315124 0.0239982
 0.00542053 0.00887743 0.0134992 0.0192961 0.0261218 0.0335637 0.0409215 0.0473864 0.05234 0.0555506 0.0571407 0.0574194 0.0567362 0.0554178 0.0537546 0.0519944 0.0503261 0.0488445 0.0474902 0.04599 0.0438608 0.0405493 0.0357007 0.0294259 0.0223722
 0.00567088 0.00928712 0.0141208 0.0201802 0.0273074 0.0350629 0.0427038 0.0493729 0.0544156 0.0575856 0.0590125 0.0590234 0.0579883 0.0562508 0.0541133 0.0518318 0.0496052 0.0475471 0.0456346 0.0436517 0.0411874 0.0377549 0.0330327 0.0271084 0.0205505
 0.00589381 0.00965703 0.0146916 0.0210071 0.0284365 0.0365139 0.0444528 0.0513459 0.0564988 0.0596475 0.0609254 0.0606763 0.0592916 0.0571353 0.054526 0.0517306 0.0489553 0.0463261 0.0438484 0.0413588 0.0385207 0.034924 0.0302929 0.0247019 0.0186418
 0.00614696 0.0100678 0.0153086 0.0218759 0.0295924 0.0379696 0.0461843 0.0532859 0.0585436 0.0616738 0.0628088 0.0623047 0.0605721 0.0579968 0.054917 0.0516139 0.0483029 0.0451203 0.0420934 0.0391045 0.035887 0.032109 0.0275476 0.0222721 0.0167014
 0.0063939 0.0104735 0.0159267 0.0227582 0.0307775 0.0394663 0.0479551 0.0552441 0.0605679 0.0636346 0.0645896 0.0638116 0.0617323 0.0587544 0.0552291 0.0514471 0.0476323 0.0439303 0.0403887 0.03693 0.0333514 0.0293952 0.0248919 0.0199112 0.014807
 0.00661767 0.0108425 0.0164919 0.0235705 0.0318778 0.0408698 0.0496345 0.0571225 0.0625292 0.0655454 0.0663224 0.0652609 0.0628213 0.0594337 0.0554701 0.0512331 0.0469514 0.0427756 0.0387677 0.0348841 0.0309786 0.0268602 0.0224101 0.0177006 0.0130285
 0.00682493 0.0111832 0.0170118 0.0243147 0.0328826 0.0421488 0.0511641 0.0588366 0.0643266 0.0673085 0.0679349 0.0666207 0.0638473 0.0600695 0.0556829 0.0510091 0.0462881 0.0416784 0.0372536 0.0329964 0.0288069 0.0245513 0.0201548 0.0156927 0.0114117
 0.00706713 0.0115765 0.0176025 0.0251449 0.0339809 0.0435167 0.0527625 0.0605819 0.0661037 0.0689929 0.0694148 0.067808 0.0646806 0.0605112 0.0557155 0.0506304 0.0455065 0.0405102 0.035726 0.0311585 0.0267446 0.0223965 0.0180744 0.0138544 0.00993829
 0.00728059 0.0119287 0.0181418 0.0259182 0.035023 0.0448336 0.0543153 0.0622828 0.0678301 0.0706132 0.0708123 0.0688948 0.0654007 0.0608376 0.0556438 0.0501715 0.0446806 0.0393433 0.034253 0.0294318 0.0248462 0.0204442 0.0162119 0.0122228 0.00863828
 0.0074563 0.0122171 0.018581 0.0265459 0.0358694 0.04591 0.0556015 0.0637207 0.0693289 0.0720645 0.072107 0.0699377 0.0661208 0.0611928 0.0556205 0.0497787 0.0439425 0.0382933 0.0329331 0.0278979 0.0231768 0.0187442 0.0146043 0.0108246 0.00753058
 0.00754033 0.0123573 0.0187992 0.0268661 0.0363148 0.0464974 0.0563344 0.0645851 0.0702924 0.0730786 0.0731108 0.0708616 0.0668918 0.0617435 0.0558975 0.0497501 0.0435995 0.0376489 0.0320198 0.0267678 0.0219036 0.0174228 0.013342 0.00972093 0.00665385
 0.00759511 0.0124411 0.0189161 0.0270185 0.0365052 0.0467316 0.0566227 0.0649404 0.0707258 0.0735937 0.0736978 0.0714938 0.0675254 0.0623201 0.0563522 0.0500209 0.0436384 0.0374305 0.0315461 0.0260702 0.0210416 0.0164796 0.0124122 0.00889264 0.0059884
 0.00765618 0.0125343 0.0190449 0.0271813 0.0366962 0.0469412 0.0568399 0.0651555 0.0709354 0.073804 0.073924 0.0717527 0.0678243 0.0626481 0.0566764 0.0502911 0.0437972 0.0374275 0.0313508 0.0256817 0.0204926 0.0158318 0.0117441 0.0082807 0.00548821
 0.00771054 0.0126167 0.0191576 0.0273222 0.0368587 0.0471157 0.0570143 0.0653169 0.071073 0.0739134 0.07401 0.0718296 0.0679115 0.0627616 0.0568197 0.0504485 0.0439339 0.0374973 0.0313101 0.0255048 0.0201827 0.0154232 0.0112932 0.0078494 0.00512551
 0.00778198 0.0127248 0.019305 0.0275055 0.0370688 0.0473385 0.0572324 0.0655113 0.071226 0.0740131 0.0740539 0.0718256 0.0678761 0.0627157 0.0567826 0.0504305 0.0439306 0.0374878 0.0312631 0.0253904 0.0199868 0.0151554 0.0109858 0.0075453 0.00486311
 0.00782943 0.0128006 0.0194163 0.0276568 0.03726 0.0475622 0.0574719 0.0657419 0.0714208 0.0741504 0.0741229 0.0718278 0.0678229 0.0626251 0.0566745 0.0503229 0.0438343 0.0374023 0.0311758 0.0252823 0.0198419 0.0149708 0.0107751 0.00733391 0.00467721
 0.00786808 0.0128586 0.0194947 0.027754 0.0373725 0.0476865 0.0576048 0.0658793 0.0715561 0.0742732 0.0742203 0.0718881 0.0678392 0.0625977 0.0566116 0.0502374 0.0437397 0.0373077 0.0310826 0.0251844 0.0197304 0.0148412 0.010632 0.00719047 0.00454956
 0.00787219 0.012865 0.0195038 0.0277657 0.0373863 0.0477017 0.0576206 0.0658962 0.0715764 0.0743009 0.0742597 0.0719399 0.067899 0.0626565 0.0566592 0.0502668 0.0437489 0.037299 0.031059 0.0251469 0.0196777 0.0147725 0.0105507 0.00710491 0.00447035
 0.00787959 0.0128713 0.0195031 0.0277495 0.0373464 0.0476346 0.0575309 0.0657964 0.0714834 0.0742313 0.0742252 0.0719463 0.0679454 0.0627359 0.0567598 0.0503739 0.0438488 0.0373814 0.0311183 0.025181 0.0196871 0.0147594 0.0105199 0.00706368 0.00442737
 0.00789568 0.0128934 0.0195283 0.0277718 0.0373574 0.0476249 0.0574928 0.0657266 0.0713855 0.0741171 0.0741132 0.0718567 0.0678948 0.0627323 0.056801 0.0504497 0.0439437 0.0374792 0.0312053 0.0252481 0.0197299 0.0147783 0.0105187 0.007049 0.00440657
 0.00789025 0.0128848 0.0195157 0.0277542 0.0373335 0.0475927 0.0574499 0.0656706 0.0713154 0.0740349 0.0740252 0.0717739 0.0678309 0.0627004 0.0568097 0.0504996 0.0440274 0.037583 0.0313131 0.0253455 0.0198068 0.0148306 0.0105475 0.00705929 0.00440522
 0.00790106 0.0128967 0.0195234 0.0277495 0.037308 0.0475416 0.0573748 0.0655795 0.0712196 0.0739444 0.0739467 0.0717108 0.0677855 0.0626761 0.056811 0.0505302 0.0440876 0.0376674 0.0314114 0.0254446 0.0198947 0.014899 0.0105938 0.00708574 0.00441702
 0.00789664 0.0128918 0.0195198 0.0277493 0.0373119 0.0475467 0.0573736 0.0655625 0.0711796 0.073881 0.0738675 0.0716285 0.067713 0.0626229 0.056782 0.0505275 0.044111 0.0377146 0.0314767 0.0255192 0.0199683 0.0149625 0.0106418 0.00711722 0.00443462
 0.00786401 0.0128384 0.0194393 0.0276368 0.0371666 0.0473745 0.0571894 0.0653873 0.0710348 0.0737814 0.0738176 0.0716245 0.0677474 0.0626886 0.0568736 0.0506401 0.0442396 0.0378533 0.0316187 0.0256567 0.0200932 0.0150676 0.0107228 0.00717381 0.00447006
 0.00785099 0.0128128 0.0193928 0.027559 0.0370479 0.0472106 0.0569853 0.0651595 0.0708085 0.0735847 0.073675 0.0715513 0.0677469 0.0627532 0.0569891 0.0507907 0.0444107 0.0380331 0.0317972 0.025825 0.0202433 0.0151934 0.0108205 0.00724348 0.00451521
 0.00781278 0.0127502 0.0192974 0.0274231 0.0368653 0.04698 0.0567133 0.064862 0.0705099 0.0733146 0.0734632 0.0714225 0.0677163 0.0628228 0.0571478 0.051017 0.0446787 0.0383173 0.032076 0.0260821 0.020467 0.0153766 0.0109609 0.00734313 0.00458015
 0.00780503 0.012736 0.0192729 0.027383 0.0368039 0.0468919 0.0565947 0.0647127 0.070334 0.0731216 0.0732684 0.0712458 0.06758 0.062747 0.0571452 0.0510896 0.0448168 0.0385021 0.0322848 0.0262925 0.0206609 0.0155414 0.0110904 0.00743692 0.00464233
 0.00778524 0.012701 0.0192152 0.0272945 0.0366777 0.0467265 0.0563964 0.0644957 0.070117 0.0729231 0.0731024 0.0711219 0.0675047 0.0627257 0.0571823 0.051187 0.044971 0.0387026 0.0325139 0.0265289 0.0208837 0.0157342 0.0112437 0.0075487 0.00471687
 0.00773868 0.0126306 0.0191189 0.0271732 0.0365345 0.0465647 0.0562198 0.0643093 0.069929 0.0727455 0.0729497 0.0710083 0.0674407 0.0627167 0.0572292 0.0512874 0.0451199 0.0388919 0.0327313 0.0267576 0.0211047 0.0159305 0.0114033 0.00766737 0.00479714
 0.00931768 0.0148355 0.021769 0.0298781 0.0388093 0.0480119 0.0566727 0.0638561 0.0688242 0.0712818 0.0713666 0.0694613 0.0660144 0.0614508 0.0561389 0.0503749 0.04438 0.0383142 0.032301 0.0264555 0.0209076 0.0158129 0.0113406 0.00763846 0.0047864
 0.0093019 0.0151027 0.0226868 0.0319017 0.0422815 0.0528947 0.0623778 0.0693429 0.0729711 0.0733312 0.071176 0.0674395 0.0628432 0.0577933 0.0524773 0.0469878 0.0413962 0.035776 0.0302079 0.0247856 0.0196258 0.0148729 0.0106874 0.00721194 0.00452688
 0.00896869 0.0145767 0.0219461 0.0309934 0.041376 0.0523226 0.062591 0.0707524 0.0757008 0.0770344 0.075079 0.0706381 0.064681 0.0580903 0.0514956 0.0452165 0.0393203 0.0337457 0.0284181 0.0233146 0.0184826 0.0140307 0.0101015 0.00682947 0.00429455
 0.00879058 0.0142804 0.0214885 0.0303327 0.040488 0.0512311 0.061407 0.0697028 0.0751121 0.077243 0.0762798 0.0727388 0.0672689 0.0605661 0.0533175 0.0461084 0.0393262 0.0331297 0.0275039 0.0223648 0.0176536 0.0133853 0.00964193 0.00652755 0.00411138
 0.00873031 0.0141742 0.0213127 0.030058 0.040084 0.0506746 0.0606953 0.0688692 0.074242 0.0764849 0.075835 0.0728114 0.067976 0.0618495 0.0549214 0.0476614 0.0404934 0.0337422 0.0275926 0.0220954 0.0172249 0.012952 0.00928813 0.00627744 0.00395388
 0.00871021 0.0141387 0.0212531 0.029963 0.0399391 0.0504635 0.0604029 0.0684855 0.0737691 0.075948 0.0752939 0.0723674 0.0677589 0.0619762 0.0554359 0.0484888 0.041448 0.034598 0.028179 0.0223579 0.0172202 0.0127936 0.00908463 0.00609836 0.00382605
 0.00867045 0.0140783 0.02117 0.0298575 0.0398128 0.0503176 0.0602367 0.068296 0.0735515 0.0756984 0.0750151 0.0720779 0.0675015 0.0618184 0.0554523 0.048727 0.0418929 0.0351623 0.0287324 0.0227838 0.0174628 0.0128676 0.00904937 0.0060191 0.00374824
 0.0086705 0.0140744 0.0211572 0.0298289 0.0397621 0.0502421 0.060139 0.0681831 0.0734309 0.0755732 0.0748828 0.0719338 0.0673471 0.0616699 0.0553443 0.0487043 0.0419905 0.0353816 0.0290312 0.0230908 0.0177092 0.013017 0.00910592 0.00601376 0.00371654
 0.00865903 0.0140577 0.0211353 0.0298025 0.0397314 0.0502058 0.0600937 0.0681251 0.0733587 0.0754888 0.0747916 0.0718417 0.067258 0.0615872 0.0552751 0.0486637 0.0419994 0.0354568 0.0291719 0.0232722 0.0178912 0.0131624 0.00919621 0.00605281 0.00372184
 0.00864442 0.0140331 0.021097 0.0297471 0.0396574 0.0501152 0.0599933 0.0680252 0.0732697 0.075418 0.0747407 0.0718085 0.0672389 0.0615791 0.0552771 0.0486784 0.0420335 0.035519 0.0292671 0.0233955 0.0180258 0.0132857 0.00929005 0.00611083 0.0037494
 0.0086351 0.0140195 0.021079 0.0297254 0.0396323 0.0500862 0.0599587 0.0679834 0.0732206 0.0753643 0.0746877 0.0717619 0.0672027 0.0615549 0.0552645 0.0486771 0.0420452 0.035547 0.0293151 0.0234631 0.0181067 0.0133678 0.00936061 0.00616175 0.00377969
 0.00861535 0.0139894 0.0210377 0.0296736 0.0395725 0.0500225 0.0598963 0.0679276 0.0731755 0.0753318 0.0746674 0.071752 0.0672018 0.0615622 0.0552799 0.0487007 0.0420769 0.0355874 0.0293648 0.0235221 0.018172 0.0134336 0.00941934 0.00620742 0.00381024
 0.00863297 0.0140142 0.0210679 0.0297052 0.0396002 0.0500416 0.0599041 0.0679239 0.0731619 0.0753101 0.0746395 0.0717192 0.0671653 0.0615237 0.055242 0.0486666 0.0420501 0.0355711 0.029361 0.0235314 0.0181928 0.0134617 0.00944938 0.00623408 0.00383023
 0.00862672 0.0140082 0.0210663 0.0297137 0.0396239 0.0500814 0.059955 0.0679752 0.0732018 0.0753302 0.0746373 0.0716979 0.0671309 0.0614824 0.0551987 0.0486249 0.0420131 0.0355415 0.0293414 0.0235229 0.0181951 0.0134726 0.00946488 0.00625012 0.00384366
 0.00862337 0.0140002 0.0210498 0.0296847 0.0395803 0.0500259 0.0598963 0.0679265 0.0731747 0.0753299 0.0746599 0.0717336 0.0671688 0.061515 0.0552231 0.0486419 0.0420251 0.0355511 0.0293511 0.0235346 0.0182096 0.0134894 0.0094824 0.00626621 0.00385661
 0.00862337 0.0140002 0.0210498 0.0296847 0.0395803 0.0500259 0.0598963 0.0679265 0.0731747 0.0753299 0.0746599 0.0717336 0.0671688 0.061515 0.0552231 0.0486419 0.0420251 0.0355511 0.0293511 0.0235346 0.0182096 0.0134894 0.0094824 0.00626621 0.00385661
 0.00879271 0.0142719 0.0214505 0.0302316 0.0402724 0.0508326 0.0607498 0.0687278 0.0738167 0.0757277 0.0747735 0.0715711 0.0667752 0.0609548 0.0545653 0.0479501 0.0413514 0.0349341 0.0288154 0.0230927 0.0178638 0.0132337 0.00930512 0.00615174 0.00378829
#pred catch len freq
 0.00457212 0.00723114 0.0105412 0.0144185 0.0188112 0.0236792 0.0289218 0.0343408 0.0396783 0.0446836 0.0491567 0.0529654 0.0560504 0.0584109 0.0600689 0.0610277 0.0612514 0.0606645 0.0591546 0.0565643 0.0526946 0.0473704 0.0405922 0.032706 0.0244442
 0.0048318 0.00755285 0.0108443 0.0145782 0.0187072 0.023265 0.0282692 0.0336219 0.0390845 0.0443285 0.0490224 0.0529216 0.0559307 0.0581022 0.059572 0.0604663 0.0608242 0.0605612 0.0594689 0.0572476 0.0535751 0.0482304 0.0412602 0.0331132 0.0246208
 0.00515943 0.0080627 0.0115617 0.0154922 0.0197515 0.0243047 0.0291116 0.034068 0.0390149 0.0437728 0.0481552 0.0519727 0.0550662 0.0573608 0.0588941 0.0597849 0.0601456 0.0599794 0.0591095 0.0571844 0.0537781 0.0485787 0.0416067 0.0333546 0.0247294
 0.00544102 0.00850905 0.0122137 0.0163839 0.0209061 0.0257231 0.0307482 0.0358031 0.0406448 0.0450417 0.0488323 0.0519444 0.0543848 0.0562107 0.057497 0.0583118 0.0586945 0.0586113 0.0578897 0.0561828 0.0530343 0.0480736 0.0412723 0.0331138 0.0245321
 0.0057385 0.00896998 0.0128672 0.0172476 0.0219915 0.0270398 0.0323006 0.0375751 0.0425759 0.0470033 0.0506207 0.053307 0.0550865 0.0561168 0.0566246 0.0568174 0.0568064 0.0565555 0.0558501 0.0542953 0.0513914 0.0467226 0.0402158 0.0323212 0.0239592
 0.00605583 0.00946429 0.013572 0.0181824 0.0231633 0.0284447 0.0339217 0.039379 0.0445105 0.0489954 0.0525673 0.055063 0.056463 0.0569056 0.056654 0.0560152 0.0552357 0.0544002 0.0533605 0.0517259 0.048957 0.0445776 0.0384486 0.0309587 0.0229784
 0.0063961 0.00999349 0.014325 0.0191792 0.0244107 0.0299378 0.0356404 0.0412813 0.0465298 0.0510441 0.0545437 0.0568558 0.0579491 0.0579462 0.0570998 0.0557324 0.0541515 0.0525469 0.0508906 0.0488862 0.0460337 0.041836 0.0360876 0.0290874 0.0216152
 0.0067429 0.0105359 0.0151026 0.0202178 0.0257227 0.0315209 0.0374721 0.0433117 0.0486795 0.05321 0.056609 0.0587008 0.0594592 0.059014 0.057622 0.0556089 0.0532989 0.0509314 0.0485674 0.0460227 0.0428943 0.0387297 0.033297 0.026807 0.0199215
 0.00710932 0.0111021 0.0159015 0.0212648 0.0270196 0.0330609 0.0392376 0.0452663 0.0507602 0.0553257 0.0586463 0.0605358 0.0609707 0.060094 0.0581786 0.0555637 0.0525859 0.0495099 0.046452 0.0433181 0.0398115 0.0355608 0.030351 0.0243308 0.018043
 0.00755099 0.0117752 0.0168319 0.0224503 0.0284372 0.0346776 0.0410152 0.0471585 0.0527077 0.0572547 0.0604708 0.0621616 0.0623005 0.0610347 0.0586463 0.0554861 0.0519044 0.0481859 0.044487 0.0407837 0.0368742 0.032477 0.0274187 0.0218128 0.0160969
 0.00795784 0.0124062 0.0177251 0.0236216 0.0298799 0.0363624 0.0428871 0.0491357 0.0546892 0.0591355 0.0621566 0.0635753 0.0633815 0.0617323 0.0589147 0.0552804 0.0511809 0.0469103 0.0426525 0.0384393 0.034151 0.029592 0.0246402 0.0193926 0.0141998
 0.00831035 0.0129602 0.0185244 0.0246963 0.0312446 0.0380115 0.044785 0.0512075 0.0568209 0.0611868 0.0639824 0.0650495 0.0644151 0.0622799 0.0589661 0.0548434 0.0502644 0.0455189 0.0407977 0.0361662 0.0315664 0.0268769 0.0220261 0.0171053 0.0123941
 0.00866509 0.013508 0.0192965 0.0257071 0.0324958 0.0394963 0.0464852 0.0530837 0.058801 0.0631626 0.0658172 0.0665962 0.0655422 0.0628954 0.0590292 0.0543605 0.0492716 0.0440639 0.0389329 0.0339595 0.0291228 0.0243529 0.0196175 0.0150037 0.0107333
 0.00907501 0.0141318 0.0201568 0.0267986 0.0337915 0.0409573 0.0480659 0.0547308 0.060453 0.0647502 0.0672642 0.0678203 0.0664572 0.0634194 0.0590989 0.0539436 0.0483721 0.0427181 0.0372016 0.031926 0.0268992 0.0220846 0.0174734 0.0131438 0.00926695
 0.00956962 0.0148809 0.0211821 0.0280855 0.0352963 0.0426196 0.0498155 0.0564871 0.0621255 0.0662458 0.068499 0.068729 0.0669965 0.0635655 0.0588417 0.0532833 0.0473202 0.041302 0.0354707 0.0299563 0.0247965 0.0199826 0.0155192 0.0114702 0.00795938
 0.00976725 0.0152086 0.0216864 0.0288119 0.0362775 0.0438584 0.0512691 0.0580652 0.0637066 0.0677044 0.0697296 0.0696571 0.0675789 0.0637848 0.0586994 0.0527923 0.0465001 0.040179 0.0340834 0.0283641 0.0230864 0.0182673 0.0139233 0.0101047 0.00689414
 0.00979873 0.0152819 0.0218396 0.0290991 0.0367623 0.0445989 0.0522973 0.0593684 0.0652153 0.069294 0.0712387 0.0709218 0.0684704 0.0642343 0.0586999 0.0523818 0.0457385 0.0391307 0.0328122 0.0269375 0.0215842 0.0167843 0.0125604 0.00894978 0.00600015
 0.00979359 0.0152639 0.0217971 0.0290223 0.0366549 0.0444926 0.0522599 0.0594936 0.0655942 0.0699763 0.0722028 0.0720696 0.0696487 0.065275 0.0594626 0.0527821 0.0457547 0.0387915 0.0321773 0.0260838 0.0205983 0.0157596 0.0115899 0.0081119 0.0053439
 0.00987649 0.0153734 0.0219144 0.0291129 0.0366759 0.0444083 0.0520585 0.0592012 0.0652786 0.069739 0.0721547 0.0722924 0.0701589 0.0660074 0.0602856 0.0535389 0.0463094 0.0390617 0.0321437 0.0257804 0.0200959 0.0151476 0.0109597 0.00754126 0.00488388
 0.0100399 0.0156136 0.0222277 0.0294758 0.0370477 0.0447371 0.052289 0.0592845 0.0651869 0.0694815 0.0717872 0.0719111 0.069874 0.0659048 0.060393 0.0538121 0.0466489 0.0393503 0.0322869 0.0257336 0.0198693 0.0147935 0.0105505 0.00714687 0.00455427
 0.0101615 0.0158038 0.0224993 0.0298339 0.0374867 0.0452362 0.0528087 0.059766 0.0655601 0.0696814 0.0717739 0.071687 0.0694897 0.0654496 0.0599672 0.0534924 0.0464607 0.0392626 0.0322331 0.025645 0.0197053 0.0145534 0.0102663 0.00686406 0.00431175
 0.0101824 0.0158419 0.0225646 0.0299397 0.0376475 0.0454648 0.0531097 0.0601301 0.0659593 0.0700685 0.0720888 0.0718713 0.069506 0.0652977 0.0596881 0.0531554 0.0461367 0.0389975 0.0320335 0.025486 0.0195514 0.0143817 0.0100768 0.00667489 0.0041458
 0.0102112 0.0158819 0.0226128 0.0299905 0.0376972 0.0455159 0.0531746 0.0602281 0.0661087 0.0702753 0.072339 0.0721291 0.0697223 0.0654248 0.0596978 0.0530498 0.0459478 0.0387721 0.031813 0.0252913 0.0193826 0.0142287 0.00993263 0.00654156 0.00403148
 0.0103005 0.0160042 0.0227544 0.0301247 0.0377911 0.0455436 0.0531281 0.0601217 0.0659749 0.070156 0.0722729 0.0721397 0.0698087 0.065561 0.0598408 0.0531565 0.045991 0.0387487 0.0317395 0.0251916 0.0192759 0.0141252 0.0098362 0.00645487 0.00395823
 0.0102854 0.0159939 0.0227639 0.0301731 0.0378925 0.0456944 0.0532999 0.0602676 0.0660487 0.070135 0.0721696 0.0719961 0.0696768 0.0654801 0.0598238 0.053189 0.0460424 0.038788 0.0317481 0.0251668 0.0192262 0.0140629 0.00977175 0.00639549 0.00390844
 0.010224 0.0159089 0.0226646 0.0300801 0.0378353 0.0457048 0.0534026 0.0604692 0.0663293 0.0704462 0.0724465 0.0721808 0.0697414 0.0654362 0.0597115 0.0530544 0.0459173 0.0386831 0.0316586 0.0250836 0.0191444 0.0139834 0.00969902 0.00633405 0.00386078
 0.0100981 0.0157128 0.0223866 0.029718 0.0374 0.0452249 0.0529268 0.0600633 0.0660626 0.0703706 0.0725773 0.0724887 0.0701618 0.0658915 0.0601373 0.053415 0.0462059 0.0389089 0.0318334 0.0252148 0.0192358 0.0140393 0.00972644 0.00634196 0.00385802
 0.00997896 0.01553 0.0221312 0.0293877 0.036998 0.0447589 0.052412 0.0595277 0.0655526 0.0699495 0.0723139 0.0724373 0.0703414 0.0662756 0.0606602 0.0539945 0.0467682 0.0394051 0.0322417 0.0255328 0.0194711 0.0142034 0.00983264 0.00640451 0.00389077
 0.00994514 0.0154745 0.0220464 0.0292657 0.0368312 0.0445416 0.0521424 0.0592104 0.0652003 0.069585 0.0719721 0.072164 0.0701852 0.0662741 0.0608246 0.0543018 0.0471673 0.0398336 0.0326448 0.0258751 0.019738 0.014396 0.00996151 0.0064839 0.00393532
 0.00988332 0.0153819 0.0219218 0.0291122 0.0366549 0.0443483 0.051936 0.0589935 0.0649757 0.0693585 0.0717542 0.0719712 0.0700409 0.0662056 0.0608571 0.0544478 0.0474187 0.0401601 0.0330018 0.026217 0.0200308 0.0146231 0.0101219 0.00658741 0.00399622
 0.00964491 0.0150328 0.0214679 0.028584 0.036099 0.0438131 0.0514607 0.0586044 0.0646884 0.0691804 0.0716857 0.072007 0.0701716 0.0664213 0.0611492 0.054809 0.0478389 0.0406214 0.0334762 0.0266698 0.0204291 0.0149445 0.0103591 0.00674718 0.00409425
