SBPRF35
9.65725
Curr Bio
594952
B35
677353
F35
0.193041
FOFL
0.170674
OFL
82571.9
Bzero
2.75922e+006
#pred survey bio
 4.5983e+006 3.48295e+006 3.06889e+006 2.86647e+006 2.75058e+006 2.71316e+006 2.56019e+006 2.24873e+006 1.85154e+006 1.62892e+006 1.44432e+006 1.31074e+006 1.12592e+006 987659 890599 801150 739217 659686 619826 586017 586358 578873 561687 520450 493249 497818 499864 519267 511321 508608 521778 541490 567410 590792 610912 606975 586941 585160 577315 576490 587933 593178 603604 638309 667424 675422 689472 693430 627768 536546 536953 615857 624087 567717 539076 596839 620583 605212 620560 621309 625165 603369 2.13882e+007 1.34529e+007 1.4265e+007 1.53251e+007 1.64715e+007 1.75659e+007 1.85277e+007 1.93259e+007 1.99622e+007 2.04554e+007 2.08304e+007 2.1112e+007 2.13218e+007 2.14776e+007 2.15932e+007 2.1679e+007 2.1743e+007 2.17909e+007 2.1827e+007 2.18542e+007 2.18749e+007 2.18908e+007 2.19029e+007 2.19123e+007 2.19195e+007 2.19251e+007 2.19295e+007 2.19329e+007 2.19356e+007 2.19377e+007 2.19394e+007 2.19407e+007 2.19417e+007 2.19425e+007 2.19431e+007 2.19436e+007 2.19441e+007 2.19444e+007 2.19446e+007 2.19448e+007 2.1945e+007 2.19451e+007 2.19452e+007 2.19453e+007 2.19454e+007 2.19454e+007 2.19454e+007 2.19455e+007 2.19455e+007 2.19455e+007 2.19455e+007 2.19455e+007 2.19456e+007 2.19456e+007 2.19456e+007 2.19456e+007 2.19456e+007 2.19456e+007 2.19456e+007 2.19456e+007 2.19456e+007 2.19456e+007 2.19456e+007 2.19456e+007 2.19456e+007 2.19456e+007 2.19456e+007 2.19456e+007 2.19456e+007 2.19456e+007 2.19456e+007 2.19456e+007 2.19456e+007 2.19456e+007 2.19456e+007 2.19456e+007 2.19456e+007 2.19456e+007 2.19456e+007 2.19456e+007 2.19456e+007 2.19456e+007 2.19456e+007 2.19456e+007 2.19456e+007 2.19456e+007 2.19456e+007 2.19456e+007 2.19456e+007 2.19456e+007 2.19456e+007 2.19456e+007 2.19456e+007 2.19456e+007 2.19456e+007 2.19456e+007 2.19456e+007 2.19456e+007 2.19456e+007 2.19456e+007 0 0 0 0 0 0 0 0 0 0 0 0 0 0 0 0 0 0 0 0 0 0 0 0 0
#obs survey bio
 5.13506e+006 2.50796e+006 2.65736e+006 3.67853e+006 2.15619e+006 2.84259e+006 2.72019e+006 2.586e+006 1.71855e+006 1.65106e+006 1.39701e+006 1.82806e+006 1.24836e+006 849914 848026 970632 840724 772346 606852 659080 595705 604388 831818 398602 364948 558932 514806 421075 441940 459107 616063 679248 544135 492247 464647 610984 494717 623500 606368 537218 754029 562430 522089 726631 639099 755562 707636 680805 634579 500844 408496 783175 504138 484328 594980 773300 604822 631841 424996 667303 658075 644464
#pred catch bio
 130875 102207 142854 203675 235254 265638 256626 306497 287472 316358 287802 265622 256514 243172 242378 213853 210861 164947 154744 130950 134917 126355 114747 109670 108482 114838 97872 102618 95894.3 96967.2 99074.5 89806.1 96994 89060.1 99604.7 87649.7 85727.6 83312.8 85734.6 92463.2 88359.9 88266.1 86105.8 87553.6 90019.6 90071.7 87152.5 83936.4 87886.8 84305.5 42984.7 83745.1 119806 127881 62977.6 89660.4 130979 93035.4 114300 94792.3 112961 81620.9 82571.9 96552.3 101439 108246 115947 123287 129628 134760 138722 141675 143819 145343 146408 147144 147648 147989 148219 148373 148476 148544 148590 148620 148640 148653 148661 148667 148671 148673 148675 148676 148676 148677 148677 148677 148677 148678 148678 148678 148678 148678 148678 148678 148678 148678 148678 148678 148678 148678 148678 148678 148678 148678 148678 148678 148678 148678 148678 148678 148678 148678 148678 148678 148678 148678 148678 148678 148678 148678 148678 148678 148678 148678 148678 148678 148678 148678 148678 148678 148678 148678 148678 148678 148678 148678 148678 148678 148678 148678 148678 148678 148678 148678 148678 148678 148678 148678 148678 148678 148678 148678 0 0 0 0 0 0 0 0 0 0 0 0 0 0 0 0 0 0 0 0 0 0 0 0 0
#obs catch bio
 0 101852 142887 204050 235907 266004 255832 306442 287407 317418 289278 264293 256605 243526 243151 214312 211085 164695 154706 131010 135264 126483 114349 109436 108888 115259 97920.6 102473 95697.4 97078.5 99350.4 89598.8 97234.5 88878.1 99838.8 87459.5 85811.4 83217.5 85673.8 92666.7 88273.6 88243.9 86171.1 87550.4 89953.7 90122.1 87188.9 83755.7 87788.9 84956.5 42613.2 83841.1 119710 129050 62540 89525.7 131916 92565.1 114790 94448.3 113390 81412.3
#pred cpue bio
 4.54776e+006 3.4446e+006 3.03413e+006 2.83209e+006 2.71551e+006 2.67628e+006 2.52288e+006 2.21353e+006 1.81976e+006 1.59816e+006 1.41427e+006 1.28112e+006 1.09842e+006 961295 864755 776005 714760 636730 597708 564529 564673 557299 540732 501110 474724 478972 480920 499929 492384 489780 502458 521568 546868 569541 589364 585563 565116 561361 552918 552145 563239 568597 578636 611901 640040 647850 661354 665341 602627 514935 514975 592194 601170 545989 516618 572669 596332 580748 595172 595196 598834 577544 2.04868e+007 1.2889e+007 1.36101e+007 1.46055e+007 1.57366e+007 1.68286e+007 1.77901e+007 1.85882e+007 1.92245e+007 1.97177e+007 2.00927e+007 2.03743e+007 2.05841e+007 2.07399e+007 2.08554e+007 2.09413e+007 2.10053e+007 2.10532e+007 2.10893e+007 2.11165e+007 2.11372e+007 2.1153e+007 2.11652e+007 2.11745e+007 2.11818e+007 2.11874e+007 2.11918e+007 2.11952e+007 2.11979e+007 2.12e+007 2.12016e+007 2.12029e+007 2.1204e+007 2.12048e+007 2.12054e+007 2.12059e+007 2.12063e+007 2.12066e+007 2.12069e+007 2.12071e+007 2.12073e+007 2.12074e+007 2.12075e+007 2.12076e+007 2.12076e+007 2.12077e+007 2.12077e+007 2.12077e+007 2.12078e+007 2.12078e+007 2.12078e+007 2.12078e+007 2.12078e+007 2.12078e+007 2.12078e+007 2.12078e+007 2.12079e+007 2.12079e+007 2.12079e+007 2.12079e+007 2.12079e+007 2.12079e+007 2.12079e+007 2.12079e+007 2.12079e+007 2.12079e+007 2.12079e+007 2.12079e+007 2.12079e+007 2.12079e+007 2.12079e+007 2.12079e+007 2.12079e+007 2.12079e+007 2.12079e+007 2.12079e+007 2.12079e+007 2.12079e+007 2.12079e+007 2.12079e+007 2.12079e+007 2.12079e+007 2.12079e+007 2.12079e+007 2.12079e+007 2.12079e+007 2.12079e+007 2.12079e+007 2.12079e+007 2.12079e+007 2.12079e+007 2.12079e+007 2.12079e+007 2.12079e+007 2.12079e+007 2.12079e+007 2.12079e+007 2.12079e+007 2.12079e+007 2.12079e+007 0 0 0 0 0 0 0 0 0 0 0 0 0 0 0 0 0 0 0 0 0 0 0 0 0
#obs cpue bio
 5.17125e+006 4.24055e+006 3.67303e+006 2.18092e+006 2.17507e+006 3.50787e+006 3.01257e+006 2.09668e+006 1.55125e+006 1.44586e+006 1.08719e+006 1.74143e+006 768895 1.00853e+006 867214 592345 731435 535916 640176 422199 539140 546997 477161 644717 436892 460577 435899 819425 567398 453065 392324 507815 473188 781812 697939 699967 558698 608498 520566 507472 509117 599700 576287 574053 740857 518472 610434 823243 671338 377277 641641 628998 851576 436197 503105 538438 485004 671262 716749 655307 529960 551613
#pred surv len freq
 0.00424612 0.00700075 0.0107351 0.0154929 0.0211874 0.0275071 0.0339018 0.0397362 0.0445362 0.048141 0.050663 0.0523359 0.0533872 0.053987 0.0542521 0.0542706 0.0541263 0.0538984 0.0536025 0.0530733 0.051864 0.0492982 0.044757 0.0380959 0.0299042
 0.00446235 0.00729165 0.0110629 0.0157901 0.0213821 0.0275586 0.0338237 0.0395875 0.0443841 0.0480211 0.0505655 0.0522273 0.0532493 0.0538469 0.0541813 0.0543532 0.0544114 0.0543592 0.0541244 0.0534845 0.052001 0.0490778 0.0442157 0.037371 0.0291675
 0.00463982 0.00759533 0.0115429 0.0164893 0.0223103 0.0286633 0.034976 0.0406081 0.0451063 0.0483573 0.0505322 0.0519148 0.0527656 0.0532798 0.0535965 0.0538103 0.0539667 0.0540433 0.053911 0.0532822 0.0516868 0.048561 0.0434915 0.0365277 0.0283422
 0.0047379 0.00777554 0.0118539 0.0169924 0.0230689 0.0297206 0.0363275 0.0421786 0.0467455 0.049862 0.0516956 0.0525871 0.0528978 0.0529266 0.0528824 0.0528809 0.0529522 0.0530366 0.0529545 0.052363 0.0507529 0.0475618 0.0424241 0.0354549 0.0273668
 0.00490583 0.00804433 0.0122521 0.0175482 0.0238104 0.0306739 0.0375099 0.0435865 0.0483399 0.0515549 0.0533443 0.0540074 0.0539011 0.0533733 0.0527248 0.0521745 0.0518281 0.0516521 0.0514451 0.0508154 0.0492067 0.0460361 0.0409521 0.0341009 0.0262122
 0.00507981 0.00833252 0.0126954 0.0181867 0.024675 0.0317731 0.0388198 0.045052 0.04989 0.0531201 0.054861 0.0554035 0.055078 0.054203 0.0530757 0.051956 0.0510281 0.0503445 0.0497637 0.048911 0.0472147 0.0440691 0.0391093 0.0324758 0.0248824
 0.00529938 0.00868473 0.0132171 0.0189104 0.0256243 0.0329551 0.0402152 0.0466095 0.0515306 0.0547514 0.056394 0.0567632 0.0562017 0.0550277 0.0535253 0.0519432 0.0504783 0.0492314 0.0481341 0.0468841 0.0449583 0.0417682 0.0369402 0.0305852 0.0233675
 0.00547727 0.00898211 0.0136795 0.0195846 0.0265479 0.0341411 0.0416373 0.0482003 0.0531952 0.0563895 0.0579173 0.0581012 0.0572982 0.0558338 0.0539901 0.0520072 0.0500757 0.0483082 0.0466788 0.0449559 0.042696 0.0393715 0.0346299 0.0285556 0.021746
 0.00574543 0.00942479 0.014358 0.0205598 0.0278669 0.0358169 0.043628 0.0504013 0.0554542 0.0585374 0.059801 0.0596066 0.0583582 0.0564222 0.0541059 0.0516531 0.0492436 0.0469793 0.0448455 0.0426568 0.0400463 0.0365676 0.0319166 0.0261656 0.0198391
 0.00586606 0.00965544 0.0147694 0.0212401 0.0289029 0.0372627 0.0454752 0.0525674 0.057796 0.0608805 0.061969 0.0614437 0.0597437 0.0572796 0.054402 0.0513877 0.0484314 0.0456375 0.0429965 0.0403508 0.0373925 0.0337498 0.0291735 0.0237351 0.0178916
 0.00609652 0.0100288 0.0153309 0.0220361 0.0299785 0.0386538 0.0471944 0.0545874 0.0600383 0.0632148 0.0642267 0.0634423 0.0613179 0.0583058 0.0548096 0.0511555 0.047574 0.0441907 0.0410119 0.0379066 0.0346146 0.0308266 0.0263417 0.0212307 0.0158858
 0.00630504 0.0103682 0.0158424 0.0227579 0.030939 0.0398613 0.0486282 0.0561979 0.0617587 0.0649747 0.0659558 0.0650621 0.0627311 0.0593978 0.055465 0.05128 0.0471114 0.0431288 0.0393827 0.0357884 0.0321397 0.0281843 0.0237612 0.0189367 0.0140415
 0.0065647 0.0107797 0.0164416 0.0235712 0.0319787 0.041119 0.0500668 0.0577505 0.0633376 0.0664908 0.067336 0.0662559 0.0637041 0.0601165 0.0558823 0.0513317 0.0467273 0.042254 0.0380009 0.0339409 0.0299365 0.0258013 0.021416 0.0168426 0.0123534
 0.00676018 0.0111256 0.0170126 0.0244495 0.0332297 0.0427557 0.0520206 0.0598701 0.0654251 0.0683556 0.0688391 0.0673275 0.0643354 0.0603372 0.0557342 0.0508449 0.0459068 0.0410834 0.0364641 0.0320535 0.0277734 0.0235054 0.0191781 0.0148553 0.010757
 0.00689037 0.0113524 0.0173836 0.0250231 0.0340677 0.0439075 0.0535014 0.0616408 0.0673828 0.07034 0.0706588 0.0688001 0.0653293 0.0607967 0.0556758 0.0503298 0.0450054 0.0398506 0.0349359 0.030266 0.0257915 0.021442 0.0171868 0.0130954 0.00934646
 0.00703059 0.0115959 0.017779 0.0256257 0.0349278 0.0450527 0.0549186 0.0632711 0.06913 0.072087 0.0722805 0.070171 0.0663327 0.061341 0.0557136 0.0498672 0.0440947 0.0385686 0.0333636 0.0284821 0.023882 0.0195139 0.015368 0.0115125 0.00809027
 0.00707831 0.0116772 0.0179097 0.0258271 0.0352274 0.0454825 0.0555102 0.0640459 0.0700883 0.073199 0.0734826 0.0713716 0.0674233 0.062211 0.0562655 0.0500322 0.0438442 0.0379183 0.032367 0.0272197 0.0224531 0.018032 0.0139534 0.0102749 0.0071055
 0.00735125 0.0120922 0.0184805 0.0265467 0.0360702 0.0464096 0.0564736 0.0649933 0.070971 0.0739807 0.0741442 0.0719053 0.0678221 0.0624576 0.0563292 0.0498739 0.0434286 0.037228 0.0314146 0.0260526 0.0211507 0.0166963 0.0126934 0.00918584 0.00624848
 0.00749546 0.0123067 0.0187657 0.0268888 0.0364442 0.0467851 0.056822 0.0652946 0.0712203 0.0741925 0.074349 0.0721371 0.0681009 0.0627757 0.0566481 0.0501313 0.0435534 0.0371586 0.0311155 0.0255265 0.020442 0.0158832 0.0118711 0.00844361 0.00564839
 0.00766129 0.0125671 0.0191393 0.0273827 0.0370485 0.0474666 0.0575213 0.0659325 0.0717178 0.0744966 0.0744507 0.0720719 0.0679325 0.0625712 0.0564538 0.0499596 0.0433817 0.0369413 0.0308046 0.0250929 0.0198903 0.0152541 0.0112299 0.00785932 0.00517257
 0.00763264 0.012524 0.0190814 0.0273138 0.0369772 0.0474073 0.0574922 0.0659517 0.0717967 0.0746335 0.0746306 0.0722732 0.0681366 0.0627697 0.0566476 0.0501498 0.0435589 0.0370805 0.0308697 0.025051 0.019728 0.0149876 0.010902 0.00752481 0.00487968
 0.00767272 0.0125833 0.0191598 0.0274072 0.037079 0.0475102 0.0575902 0.0660414 0.0718776 0.0747073 0.0746992 0.0723368 0.0681927 0.0628147 0.05668 0.0501712 0.043571 0.0370792 0.0308418 0.0249774 0.019594 0.0147939 0.0106685 0.00728466 0.00466609
 0.00769221 0.0126087 0.0191861 0.0274261 0.0370805 0.0474866 0.0575402 0.0659711 0.0717997 0.0746389 0.0746577 0.0723353 0.0682364 0.0628994 0.0567935 0.0502974 0.0436942 0.0371854 0.0309179 0.0250108 0.0195753 0.0147222 0.0105552 0.00715154 0.00453771
 0.00781424 0.012775 0.0193772 0.0276035 0.0371979 0.0475065 0.0574481 0.0657804 0.0715448 0.074364 0.0744061 0.0721419 0.0681231 0.0628727 0.0568453 0.0504085 0.0438393 0.0373382 0.0310551 0.0251139 0.0196326 0.0147306 0.0105215 0.00709095 0.00446871
 0.00779222 0.0127741 0.0194376 0.0277769 0.037525 0.0479866 0.0580194 0.0663298 0.0719485 0.0745369 0.0743318 0.0718686 0.067735 0.0624558 0.056465 0.0501009 0.0436137 0.0371851 0.0309543 0.025043 0.0195723 0.0146684 0.0104537 0.0070211 0.00440411
 0.0076781 0.012606 0.0192197 0.0275307 0.0372917 0.047824 0.0579914 0.0664851 0.0722939 0.0750191 0.0748462 0.072297 0.0679932 0.0625227 0.0563781 0.0499284 0.0434216 0.0370172 0.0308278 0.0249548 0.0195096 0.0146179 0.0104069 0.00697594 0.00436286
 0.00777753 0.0127354 0.0193556 0.0276338 0.037321 0.0477585 0.057847 0.0663158 0.0721737 0.0750119 0.0749777 0.072541 0.0682795 0.0627656 0.0565115 0.0499298 0.0433132 0.0368469 0.0306444 0.0247912 0.0193787 0.0145186 0.0103322 0.00691928 0.00432024
 0.00776435 0.0127024 0.0192834 0.027495 0.0370839 0.0473964 0.0573512 0.0657083 0.0715155 0.0744001 0.0745261 0.0723465 0.0683857 0.0631439 0.057071 0.050553 0.0438976 0.037332 0.0310145 0.0250601 0.0195696 0.0146518 0.0104217 0.00697498 0.004351
 0.00787723 0.0128674 0.0194965 0.0277378 0.0373246 0.0475943 0.0574613 0.0656881 0.0713353 0.0740568 0.074055 0.0718221 0.0679061 0.0628011 0.0569191 0.0505902 0.0440729 0.0375714 0.031252 0.0252558 0.0197118 0.0147461 0.01048 0.00700856 0.00436848
 0.00787458 0.0128738 0.0195251 0.0278048 0.0374422 0.0477602 0.0576514 0.0658585 0.0714342 0.074042 0.073908 0.0715551 0.0675614 0.0624425 0.0566171 0.0504009 0.0440198 0.0376395 0.0313978 0.0254279 0.0198699 0.0148694 0.0105648 0.00706114 0.00439803
 0.00781432 0.0127869 0.0194154 0.0276851 0.0373329 0.0476855 0.057634 0.0659118 0.0715544 0.0742036 0.0740671 0.0716631 0.0675833 0.0623722 0.0564803 0.0502455 0.0438975 0.0375854 0.0314197 0.025508 0.019977 0.0149743 0.0106493 0.00711969 0.00443372
 0.00787306 0.0128561 0.0194721 0.0276939 0.0372593 0.0475141 0.0573827 0.065631 0.0713096 0.07405 0.0740295 0.0717293 0.0677127 0.0625134 0.056592 0.0503106 0.0439255 0.0376027 0.0314523 0.0255686 0.0200612 0.0150664 0.0107328 0.00718412 0.00447686
 0.00785234 0.0128176 0.0194042 0.0275802 0.0370794 0.0472477 0.0570174 0.0651731 0.0707943 0.0735431 0.0736157 0.0714865 0.0676838 0.0626907 0.0569227 0.0507209 0.044348 0.0379943 0.0317969 0.0258663 0.0203161 0.0152794 0.0109016 0.00730803 0.00455968
 0.00780817 0.0127584 0.0193377 0.0275199 0.0370378 0.0472278 0.0570056 0.0651406 0.0707065 0.0733762 0.0733714 0.0711987 0.0674112 0.0624974 0.0568535 0.0507849 0.0445196 0.0382285 0.0320492 0.0261057 0.0205265 0.0154546 0.0110401 0.00741052 0.00462956
 0.00781894 0.0127455 0.0192637 0.0273361 0.0367024 0.0467314 0.0563895 0.0644911 0.0701249 0.0729407 0.0731138 0.0711073 0.0674534 0.0626437 0.0570887 0.0511036 0.0449128 0.0386739 0.0325118 0.0265472 0.0209157 0.0157734 0.0112836 0.00758363 0.00474347
 0.00859617 0.0138589 0.0206593 0.0288625 0.0381467 0.0478818 0.0570912 0.0646741 0.0698059 0.0722087 0.0721058 0.0699749 0.0663282 0.0616153 0.0562045 0.0503821 0.0443571 0.0382777 0.0322583 0.0264092 0.0208598 0.0157672 0.0113011 0.00760796 0.00476539
 0.00934714 0.0150381 0.022347 0.0310812 0.0408285 0.0508356 0.0599909 0.0671035 0.0713696 0.0726654 0.0714478 0.0684094 0.0641823 0.0592247 0.0538369 0.0482108 0.0424719 0.0367103 0.0310056 0.0254475 0.0201533 0.0152725 0.0109727 0.00740233 0.00464492
 0.00921558 0.0149641 0.0224919 0.0316753 0.0421033 0.0529168 0.0628045 0.070351 0.0745908 0.07536 0.0732045 0.0690015 0.0636075 0.0576823 0.0516518 0.0457362 0.0400081 0.0344641 0.0290893 0.0239005 0.0189663 0.0144078 0.0103772 0.00701708 0.00441249
 0.00895251 0.0145501 0.0219043 0.0309291 0.0412796 0.0521876 0.0624282 0.07061 0.0756747 0.0772473 0.0756191 0.0714848 0.0656732 0.058976 0.0520432 0.0453163 0.0390149 0.0331828 0.0277692 0.0227122 0.0179971 0.013679 0.00986827 0.00668683 0.00421386
 0.00878951 0.0142895 0.0215207 0.030403 0.0406047 0.051384 0.0615614 0.0698068 0.0751204 0.0771486 0.0761326 0.0726344 0.0673023 0.0607738 0.0536452 0.046433 0.0395209 0.0331287 0.0273249 0.0220828 0.0173546 0.0131303 0.00945616 0.00640853 0.00404325
 0.00871821 0.0141766 0.021356 0.030178 0.0403129 0.0510219 0.0611324 0.0693273 0.0746287 0.0767137 0.0758552 0.0726303 0.0676604 0.0615032 0.0546415 0.0474957 0.0404234 0.0337051 0.0275255 0.0219708 0.0170567 0.0127762 0.00913749 0.00616804 0.00388507
 0.0088156 0.0142933 0.0214555 0.0302021 0.0401993 0.050731 0.0606679 0.0687384 0.0739926 0.0761114 0.0753581 0.0722992 0.0675507 0.0616586 0.0550724 0.0481534 0.0411939 0.0344376 0.0280867 0.0222933 0.0171534 0.0127168 0.009007 0.00603255 0.00377908
 0.00888739 0.0144134 0.0216393 0.0304584 0.0405184 0.0510727 0.0609581 0.0688852 0.0739204 0.0757976 0.0748477 0.0716906 0.066962 0.0611957 0.0548085 0.0481173 0.0413636 0.0347427 0.0284275 0.0225753 0.0173207 0.0127648 0.00897012 0.00595812 0.00370453
 0.0088211 0.0143209 0.0215292 0.03035 0.0404383 0.0510467 0.0610018 0.0689942 0.0740647 0.0759252 0.0749005 0.0716293 0.0667876 0.0609536 0.054573 0.0479627 0.0413369 0.0348481 0.0286267 0.0228049 0.0175188 0.0128944 0.00902686 0.00596182 0.00368246
 0.00882952 0.014316 0.0214887 0.0302452 0.0402459 0.0507657 0.0606645 0.0686626 0.0738095 0.0757964 0.0749072 0.0717379 0.0669399 0.061095 0.0546762 0.0480359 0.0414125 0.0349593 0.0287865 0.0229986 0.017713 0.0130553 0.00913572 0.00601962 0.00370346
 0.00886298 0.0143672 0.0215587 0.0303292 0.0403305 0.0508276 0.0606729 0.0685899 0.0736463 0.0755634 0.0746531 0.0715199 0.0667986 0.0610386 0.054684 0.0480775 0.0414672 0.0350237 0.0288674 0.0230997 0.0178262 0.0131634 0.0092222 0.00607654 0.00373329
 0.00883442 0.0143302 0.0215202 0.0303013 0.0403265 0.0508551 0.0607286 0.0686571 0.0736984 0.0755734 0.0746043 0.0714159 0.0666637 0.0609085 0.0545896 0.0480331 0.0414695 0.0350602 0.0289262 0.0231725 0.0179064 0.0132423 0.00929039 0.00612717 0.00376501
 0.00873359 0.014177 0.0213104 0.0300401 0.0400296 0.0505483 0.0604462 0.0684362 0.0735697 0.0755493 0.074674 0.0715499 0.0668271 0.0610748 0.0547487 0.0481876 0.0416264 0.0352226 0.029091 0.0233322 0.0180526 0.0133682 0.00939093 0.00620056 0.00381313
 0.00868299 0.0140905 0.021173 0.0298372 0.0397522 0.0502014 0.0600548 0.0680449 0.0732329 0.0753162 0.0745746 0.0715881 0.0669824 0.0613108 0.0550254 0.0484724 0.0418998 0.0354764 0.0293229 0.0235407 0.0182346 0.0135198 0.00950948 0.00628641 0.00386994
 0.00878988 0.0142576 0.0214108 0.0301473 0.0401231 0.0506039 0.0604409 0.0683546 0.0734104 0.0753296 0.0744278 0.0713179 0.0666431 0.0609559 0.0546941 0.0481859 0.0416645 0.0352914 0.0291845 0.0234446 0.018175 0.0134889 0.00949829 0.00628623 0.00387408
 0.00856331 0.0139629 0.0211027 0.02992 0.040082 0.0508209 0.0609178 0.0690166 0.0741323 0.0759782 0.0748992 0.0715584 0.0666523 0.0607759 0.0543908 0.0478279 0.0413078 0.034972 0.0289202 0.0232398 0.0180264 0.0133887 0.00943618 0.00625131 0.0038565
 0.00797994 0.0130177 0.0196948 0.0279822 0.0376228 0.0479753 0.0579762 0.0663891 0.0722383 0.0751073 0.0751211 0.0727264 0.0684841 0.0629565 0.0566504 0.0499778 0.0432404 0.0366411 0.0303168 0.0243738 0.0189166 0.0140593 0.00991661 0.00657527 0.00406006
 0.00823007 0.0133413 0.0200254 0.028199 0.0375743 0.0475251 0.0570526 0.0650226 0.0705742 0.0733885 0.0736352 0.0717268 0.0681131 0.0632089 0.0573939 0.0510162 0.0443812 0.0377397 0.0312882 0.025182 0.0195566 0.014543 0.0102638 0.00681014 0.00420827
 0.00868906 0.0141025 0.0211899 0.0298452 0.0397112 0.0500321 0.0596433 0.0672765 0.0720513 0.0737818 0.0728823 0.0700247 0.0658375 0.0607838 0.0551692 0.0491962 0.0430188 0.0367815 0.0306357 0.0247403 0.0192559 0.0143388 0.0101288 0.00672525 0.00415856
 0.00878379 0.0143295 0.0216666 0.0307259 0.0411476 0.0521078 0.0623067 0.0703063 0.0750764 0.076351 0.0745691 0.0705399 0.0651147 0.0590009 0.0526886 0.0464474 0.0403759 0.0344867 0.0287883 0.023333 0.0182273 0.0136137 0.00963749 0.00640857 0.00396688
 0.00829055 0.0135188 0.0204412 0.0290202 0.0389786 0.0496361 0.0598683 0.0683663 0.0740903 0.0765897 0.0760005 0.0728324 0.0677586 0.061485 0.0546549 0.0477651 0.0411189 0.034842 0.0289514 0.0234396 0.0183372 0.0137329 0.00975025 0.00649999 0.00403137
 0.0083733 0.0136016 0.0204674 0.0288982 0.0385978 0.0489013 0.0587439 0.0669166 0.0725009 0.075151 0.0750385 0.0725978 0.0683214 0.0626929 0.0561904 0.0492727 0.0423349 0.0356627 0.0294176 0.0236671 0.0184432 0.0137946 0.00980084 0.00654524 0.00406789
 0.00877724 0.0142559 0.0214409 0.0302345 0.0402837 0.0508278 0.0606829 0.0685464 0.0734928 0.075288 0.0743069 0.0712018 0.0666094 0.0610286 0.0548263 0.048285 0.0416463 0.035129 0.0289211 0.0231646 0.0179569 0.0133709 0.00947333 0.00632011 0.00392934
 0.00878198 0.014259 0.0214402 0.0302332 0.0402993 0.0508989 0.0608637 0.0688813 0.0739773 0.0758417 0.0747849 0.0714526 0.0665503 0.0606925 0.0543454 0.0478212 0.0413119 0.0349464 0.0288401 0.0231144 0.0178912 0.0132822 0.00937863 0.00623925 0.00387221
 0.00889319 0.0144493 0.0217421 0.0306779 0.0409039 0.0516502 0.0617088 0.0697355 0.0747492 0.076458 0.0751981 0.0716296 0.0664618 0.0603223 0.0537159 0.0470102 0.0404379 0.0341264 0.0281488 0.0225707 0.0174762 0.0129668 0.0091415 0.00606814 0.00375759
 0.00882101 0.01433 0.0215612 0.0304271 0.04059 0.0513059 0.0613959 0.0695332 0.0747279 0.0766506 0.0755857 0.0721485 0.0670229 0.0608328 0.0540981 0.0472185 0.0404707 0.0340243 0.0279749 0.0223837 0.0173119 0.0128368 0.00904364 0.00599677 0.003708
 0.00893087 0.0145064 0.0218211 0.0307801 0.0410316 0.0518098 0.0619114 0.0699949 0.0750768 0.0768565 0.0756558 0.0721153 0.0669223 0.0606849 0.0539028 0.0469636 0.0401469 0.0336382 0.0275536 0.0219671 0.0169387 0.0125322 0.00881515 0.00583814 0.0036058
#obs surv len freq
 nan nan nan nan nan nan nan nan nan nan nan nan nan nan nan nan nan nan nan nan nan nan nan nan nan
 0.00448294 0.00734372 0.0111735 0.0159902 0.0216919 0.027969 0.0342846 0.040017 0.0446971 0.0481607 0.0505179 0.0520128 0.052904 0.0534155 0.053729 0.0539833 0.0542614 0.0545539 0.0546924 0.0542842 0.0527223 0.0493545 0.0438045 0.0362848 0.0276687
 0.00462057 0.00756782 0.0115111 0.0164658 0.0223216 0.0287511 0.0351912 0.0409906 0.0456584 0.0490239 0.0512065 0.0524712 0.0531035 0.0533544 0.053429 0.0534815 0.0536016 0.0537789 0.0538416 0.0533948 0.0518333 0.0485095 0.0430484 0.0356558 0.0271881
 0.00477985 0.00783009 0.0119119 0.0170402 0.0230969 0.0297354 0.0363613 0.0422875 0.0469938 0.050295 0.0523122 0.0533238 0.0536369 0.0535303 0.0532397 0.0529485 0.0527691 0.0527059 0.0525942 0.0520432 0.0504529 0.0471807 0.0418513 0.0346564 0.0264228
 0.004972 0.00814465 0.0123896 0.0177205 0.0240111 0.030895 0.0377452 0.0438362 0.0486157 0.0518815 0.0537522 0.0545146 0.0544908 0.0539805 0.0532454 0.0524993 0.0518863 0.0514403 0.051022 0.0502626 0.04858 0.0453441 0.040178 0.0332503 0.0253422
 0.00517576 0.00847838 0.0128966 0.0184432 0.0249834 0.0321301 0.0392225 0.0454966 0.0503685 0.0536202 0.0553692 0.055909 0.0555718 0.0546689 0.0534778 0.0522332 0.0511078 0.0501704 0.0493222 0.0482368 0.0463717 0.0431247 0.0381228 0.0315054 0.0239928
 0.00540787 0.00885635 0.0134667 0.0192492 0.0260586 0.0334849 0.0408312 0.0472924 0.0522525 0.0554797 0.0570947 0.0574033 0.0567508 0.05546 0.0538178 0.0520698 0.0504047 0.0489194 0.0475578 0.0460491 0.043912 0.0405932 0.0357377 0.0294556 0.0223945
 0.00564197 0.00924176 0.0140556 0.0200931 0.027198 0.0349329 0.0425579 0.0492194 0.0542658 0.0574525 0.0589086 0.0589591 0.0579696 0.056279 0.0541844 0.0519375 0.0497345 0.0476885 0.0457782 0.04379 0.0413154 0.0378692 0.0331303 0.0271872 0.0206096
 0.00589596 0.00965695 0.0146849 0.0209875 0.0283974 0.0364511 0.0443664 0.0512405 0.0563824 0.0595293 0.0608141 0.0605807 0.05922 0.0570953 0.054523 0.0517658 0.0490252 0.046423 0.0439618 0.0414781 0.0386368 0.0350298 0.0303836 0.0247746 0.0186958
 0.00613735 0.0100528 0.0152871 0.0218467 0.0295536 0.0379185 0.0461175 0.053201 0.0584408 0.0615582 0.0626895 0.0621936 0.0604808 0.057935 0.0548914 0.0516277 0.048356 0.0452085 0.0422089 0.0392363 0.0360233 0.0322386 0.0276616 0.0223647 0.0167705
 0.00636789 0.0104316 0.0158648 0.0226731 0.0306681 0.0393351 0.0478091 0.0550938 0.0604247 0.0635079 0.064485 0.0637317 0.0616791 0.0587307 0.0552383 0.0514923 0.0477144 0.0440476 0.0405356 0.0370971 0.0335266 0.0295649 0.0250436 0.020036 0.014901
 0.00660236 0.0108149 0.0164456 0.0234979 0.0317725 0.0407293 0.0494634 0.056933 0.0623388 0.0653724 0.066182 0.0651621 0.0627671 0.0594225 0.0554985 0.0512979 0.04705 0.0429057 0.0389254 0.0350621 0.0311659 0.0270436 0.0225759 0.0178383 0.0131328
 0.00682588 0.0111822 0.0170054 0.0242977 0.0328482 0.0420903 0.0510767 0.0587191 0.0641833 0.0671494 0.0677749 0.0664768 0.0637349 0.0599988 0.055658 0.0510287 0.0463483 0.041774 0.0373788 0.0331439 0.0289668 0.0247116 0.0203024 0.0158171 0.0115069
 0.00705134 0.0115519 0.0175674 0.025098 0.0339215 0.0434442 0.0526766 0.0604831 0.0659936 0.0688749 0.0692948 0.0676947 0.0645844 0.0604431 0.0556844 0.050641 0.0455592 0.0406009 0.0358482 0.0313034 0.0269017 0.0225536 0.0182192 0.0139766 0.0100321
 0.00726882 0.0119106 0.0181165 0.0258855 0.0349835 0.0447883 0.0542658 0.0622304 0.0677756 0.0705562 0.0707521 0.0688311 0.0653357 0.0607766 0.0555951 0.0501444 0.0446826 0.0393783 0.0343202 0.0295257 0.0249578 0.0205619 0.0163241 0.0123196 0.00871369
 0.00742866 0.012174 0.0185196 0.0264654 0.0357711 0.0457983 0.0554841 0.0636081 0.0692323 0.0719923 0.0720628 0.0699198 0.0661239 0.0612108 0.0556488 0.0498166 0.0439921 0.0383584 0.033016 0.0279977 0.0232883 0.0188589 0.0147123 0.0109172 0.00760241
 0.00750459 0.0123004 0.0187162 0.0267536 0.0361725 0.0463295 0.0561515 0.0644033 0.0701307 0.0729547 0.0730365 0.0708408 0.0669208 0.0618126 0.0559947 0.0498638 0.0437212 0.0377744 0.0321478 0.0268976 0.0220329 0.0175467 0.0134537 0.00981428 0.00672517
 0.00761588 0.0124712 0.0189546 0.0270614 0.0365464 0.0467632 0.0566368 0.0649303 0.0706878 0.0735288 0.0736127 0.0713995 0.0674347 0.0622441 0.0562977 0.0499903 0.0436302 0.0374415 0.0315732 0.0261105 0.021092 0.0165357 0.0124685 0.00894342 0.0060294
 0.00766143 0.0125449 0.0190646 0.0272142 0.0367447 0.047004 0.0569097 0.06522 0.0709803 0.0738178 0.0739015 0.0716965 0.0677437 0.062556 0.0565864 0.0502142 0.0437405 0.0373933 0.0313381 0.0256875 0.0205127 0.0158613 0.0117777 0.00831325 0.00551573
 0.00774163 0.0126648 0.0192255 0.027411 0.0369676 0.0472418 0.0571518 0.0654562 0.0712006 0.0740128 0.0740656 0.0718304 0.0678548 0.0626544 0.0566773 0.0502904 0.0437792 0.0373607 0.0312005 0.025425 0.0201311 0.015395 0.0112823 0.0078492 0.00513045
 0.00776702 0.0127067 0.0192893 0.027501 0.037085 0.047382 0.0573034 0.0656036 0.0713293 0.0741156 0.0741448 0.071895 0.0679151 0.0627179 0.0567465 0.0503613 0.0438395 0.0373893 0.0311709 0.0253145 0.0199316 0.0151207 0.0109679 0.00753897 0.00486326
 0.00780553 0.0127614 0.0193572 0.0275749 0.0371564 0.0474454 0.0573584 0.0656539 0.071379 0.0741662 0.0741939 0.0719393 0.0679539 0.0627539 0.0567838 0.0504019 0.0438798 0.0374182 0.0311714 0.0252684 0.0198274 0.0149612 0.0107718 0.00733562 0.00468146
 0.00786206 0.0128473 0.0194749 0.0277215 0.0373231 0.0476175 0.0575172 0.0657797 0.0714571 0.0741917 0.0741737 0.0718879 0.0678871 0.0626841 0.056719 0.050346 0.0438333 0.0373771 0.0311264 0.0252074 0.0197401 0.0148448 0.0106343 0.00719349 0.00455326
 0.00787199 0.0128641 0.0195013 0.0277601 0.0373756 0.0476829 0.0575908 0.0658531 0.0715197 0.0742343 0.0741911 0.0718815 0.0678637 0.0626535 0.0566904 0.0503253 0.0438217 0.0373713 0.0311196 0.0251907 0.0197054 0.0147883 0.0105594 0.00711013 0.00447405
 0.00787511 0.0128654 0.0194965 0.0277437 0.0373429 0.0476338 0.0575315 0.0657953 0.0714764 0.0742147 0.0741974 0.071909 0.0679044 0.0627002 0.0567387 0.0503737 0.0438698 0.0374177 0.0311606 0.0252204 0.0197179 0.0147803 0.0105325 0.00707081 0.0044314
 0.00790638 0.0129092 0.0195494 0.0277972 0.0373858 0.0476547 0.0575227 0.0657548 0.0714096 0.0741332 0.0741169 0.0718443 0.0678653 0.0626886 0.0567502 0.0504008 0.0439053 0.0374559 0.0311967 0.0252498 0.0197363 0.0147848 0.0105232 0.00705137 0.00440755
 0.00788536 0.0128804 0.0195154 0.0277633 0.037357 0.0476326 0.0575035 0.0657305 0.0713724 0.0740805 0.0740541 0.0717837 0.0678216 0.0626735 0.0567683 0.0504492 0.043975 0.0375359 0.0312763 0.0253207 0.0197924 0.0148232 0.0105439 0.00705739 0.00440402
 0.00790404 0.0129018 0.0195315 0.0277622 0.0373274 0.0475706 0.057416 0.0656338 0.0712846 0.0740135 0.0740098 0.0717572 0.0678073 0.0626702 0.0567793 0.0504785 0.0440239 0.0376005 0.031349 0.0253922 0.0198548 0.0148711 0.0105757 0.00707467 0.00441055
 0.00788806 0.0128769 0.0194959 0.0277137 0.0372632 0.0474865 0.0573081 0.065502 0.0711362 0.0738653 0.0738843 0.0716755 0.0677809 0.0626982 0.0568517 0.0505822 0.0441468 0.0377326 0.0314817 0.025517 0.0199637 0.0149586 0.0106396 0.00711648 0.00443465
 0.00785817 0.012829 0.0194253 0.0276173 0.0371402 0.0473403 0.0571469 0.0653379 0.0709824 0.0737329 0.073782 0.0716101 0.0677594 0.0627258 0.0569289 0.0507028 0.0442987 0.0379011 0.0316524 0.0256775 0.0201045 0.0150734 0.0107259 0.00717576 0.00447145
 0.00784897 0.0128082 0.0193834 0.0275421 0.037021 0.0471727 0.0569377 0.0651056 0.0707532 0.0735333 0.0736323 0.0715218 0.0677352 0.0627626 0.0570201 0.0508398 0.0444707 0.0380947 0.0318524 0.0258691 0.0202752 0.0152145 0.0108338 0.00725153 0.00451995
 0.00782265 0.0127676 0.0193259 0.027466 0.0369242 0.0470525 0.0567912 0.0649328 0.07056 0.0733342 0.073449 0.0713785 0.0676515 0.062749 0.0570764 0.050957 0.0446346 0.038289 0.0320599 0.0260732 0.0204611 0.0153715 0.0109561 0.007339 0.00457706
 0.00782542 0.0127665 0.019314 0.0274338 0.0368627 0.046957 0.0566646 0.0647849 0.0704034 0.0731802 0.0733062 0.0712543 0.0675552 0.0626919 0.0570686 0.0510037 0.0447334 0.0384297 0.0322273 0.0262498 0.0206304 0.0155199 0.0110753 0.00742648 0.00463547
 0.00777082 0.0126843 0.0192023 0.0272946 0.0367005 0.0467769 0.0564721 0.0645868 0.0702104 0.0730066 0.0731678 0.0711646 0.0675216 0.0627155 0.057146 0.0511293 0.0449001 0.0386283 0.0324452 0.0264714 0.0208393 0.015702 0.0112216 0.00753421 0.00470782
 0.00774253 0.0126329 0.0191154 0.027159 0.0365068 0.0465264 0.0561814 0.0642862 0.069935 0.0727856 0.0730178 0.0710895 0.0675181 0.062777 0.0572646 0.0512962 0.0451052 0.03886 0.0326904 0.0267158 0.0210679 0.0159014 0.0113826 0.00765367 0.00478872
 0.00935261 0.0148861 0.0218333 0.0299499 0.0388785 0.0480674 0.0567049 0.0638601 0.0688022 0.0712432 0.0713255 0.0694308 0.0660008 0.0614516 0.0561452 0.0503763 0.0443693 0.0382895 0.0322652 0.0264142 0.0208672 0.0157781 0.0113138 0.00761981 0.0047746
 0.00929775 0.015101 0.0226933 0.0319239 0.0423258 0.0529621 0.0624606 0.0694255 0.0730356 0.0733641 0.0711735 0.0674087 0.0627975 0.0577469 0.0524393 0.0469601 0.0413748 0.0357551 0.0301834 0.0247571 0.0195956 0.0148445 0.0106638 0.00719447 0.0045153
 0.0089771 0.0145917 0.0219714 0.0310334 0.0414355 0.0524051 0.0626966 0.0708759 0.0758304 0.0771527 0.0751673 0.070681 0.0646723 0.0580352 0.051408 0.0451134 0.0392157 0.033648 0.0283304 0.0232374 0.018416 0.0139754 0.0100582 0.00679819 0.00427384
 0.00879045 0.0142799 0.0214872 0.0303306 0.0404861 0.0512319 0.0614152 0.0697243 0.0751518 0.0773023 0.076354 0.0728173 0.0673369 0.0606102 0.05333 0.0460896 0.0392835 0.0330736 0.0274442 0.0223079 0.0176032 0.0133432 0.00960866 0.00650308 0.00409483
 0.00873272 0.0141769 0.0213143 0.0300568 0.0400779 0.0506625 0.0606782 0.0688503 0.0742268 0.0764801 0.0758462 0.072841 0.0680215 0.0619029 0.0549714 0.0476974 0.040509 0.0337373 0.0275719 0.0220659 0.017193 0.0129225 0.00926364 0.00625889 0.00394106
 0.00870477 0.0141304 0.0212417 0.0299484 0.0399214 0.0504429 0.0603794 0.0684599 0.073743 0.0759248 0.0752784 0.0723647 0.0677729 0.0620074 0.0554804 0.0485388 0.041494 0.0346324 0.0281979 0.0223624 0.0172143 0.0127823 0.00907216 0.00608744 0.00381785
 0.00869353 0.0141126 0.0212156 0.0299122 0.0398726 0.0503774 0.0602908 0.0683389 0.0735781 0.075705 0.0750008 0.0720453 0.0674568 0.0617695 0.0554068 0.0486896 0.0418645 0.0351401 0.0287125 0.0227632 0.0174407 0.0128454 0.00902914 0.0060027 0.00373637
 0.00870472 0.0141292 0.0212375 0.029938 0.0398997 0.050402 0.060308 0.0683419 0.0735583 0.0756522 0.0749047 0.0718994 0.0672651 0.061554 0.0552098 0.0485661 0.0418602 0.0352664 0.0289339 0.0230106 0.0176443 0.0129654 0.00906634 0.00598499 0.0036971
 0.00868572 0.0141018 0.0212027 0.0298989 0.0398607 0.0503672 0.0602799 0.0683211 0.0735436 0.0756403 0.0748904 0.0718755 0.0672242 0.0614925 0.0551339 0.0484945 0.0418212 0.0352856 0.0290189 0.0231433 0.0177879 0.0130832 0.00913836 0.00601271 0.0036958
 0.00864903 0.0140451 0.0211232 0.0297967 0.0397394 0.0502351 0.0601493 0.0682074 0.0734613 0.0755987 0.0748904 0.0719099 0.0672801 0.0615554 0.0551923 0.0485444 0.0418676 0.0353406 0.0290941 0.0232409 0.0178974 0.0131858 0.00921719 0.00606103 0.00371765
 0.00864701 0.0140345 0.0210942 0.0297364 0.0396361 0.0500845 0.05996 0.0680009 0.0732668 0.0754445 0.0747965 0.0718838 0.0673171 0.0616415 0.0553086 0.0486725 0.0419948 0.0354617 0.0292098 0.0233538 0.0180061 0.0132841 0.00929691 0.00611715 0.00375097
 0.00865459 0.014051 0.0211257 0.0297891 0.0397122 0.0501767 0.0600497 0.0680616 0.0732745 0.0753892 0.0746871 0.071745 0.0671783 0.0615268 0.0552305 0.0486317 0.0419845 0.0354728 0.0292354 0.0233892 0.018048 0.0133279 0.00933716 0.00614902 0.00377235
 0.00862406 0.0140044 0.0210619 0.0297101 0.0396242 0.0500903 0.059978 0.0680168 0.0732622 0.0754041 0.0747151 0.0717696 0.0671904 0.0615281 0.055231 0.0486429 0.0420131 0.0355187 0.0292937 0.0234532 0.0181115 0.013386 0.00938616 0.00618659 0.00379811
 0.00863134 0.0140129 0.0210684 0.0297099 0.0396122 0.0500637 0.0599383 0.0679706 0.0732191 0.0753735 0.0747019 0.0717722 0.067201 0.0615372 0.0552328 0.048638 0.0420076 0.0355199 0.0293058 0.0234763 0.0181421 0.0134192 0.00941718 0.00621213 0.0038167
 0.00863042 0.0140133 0.0210722 0.0297196 0.0396291 0.0500863 0.0599612 0.0679856 0.0732194 0.0753569 0.0746724 0.071738 0.0671705 0.0615148 0.0552179 0.0486276 0.0419991 0.0355136 0.0293041 0.0234815 0.0181544 0.0134365 0.00943602 0.0062293 0.00383014
 0.00863042 0.0140133 0.0210722 0.0297196 0.0396291 0.0500863 0.0599612 0.0679856 0.0732194 0.0753569 0.0746724 0.071738 0.0671705 0.0615148 0.0552179 0.0486276 0.0419991 0.0355136 0.0293041 0.0234815 0.0181544 0.0134365 0.00943602 0.0062293 0.00383014
 0.0081251 0.0132173 0.0199256 0.028194 0.037745 0.047933 0.057711 0.0658814 0.0715256 0.0742904 0.0743472 0.0721483 0.0682101 0.063016 0.0569919 0.0504965 0.043817 0.0371763 0.0307485 0.0246793 0.0191034 0.0141526 0.00994763 0.00657252 0.00404442
 0.00830249 0.0134444 0.020153 0.0283342 0.0376923 0.0475969 0.0570495 0.0649192 0.0703534 0.0730494 0.0732036 0.0712607 0.0676954 0.0629244 0.0573003 0.0511218 0.0446432 0.0380828 0.0316332 0.0254702 0.0197604 0.0146631 0.0103188 0.00682434 0.00420286
 0.00875802 0.0141936 0.0212885 0.0299261 0.0397467 0.0500052 0.0595567 0.0671515 0.071917 0.0736595 0.072777 0.0699271 0.0657366 0.0606803 0.0550817 0.0491537 0.0430438 0.0368748 0.0307741 0.0248876 0.0193795 0.0144213 0.01017 0.00673627 0.00415342
 0.0088519 0.014394 0.0216792 0.0306168 0.0408476 0.0515834 0.061588 0.0694905 0.0743008 0.0757504 0.0742358 0.0705022 0.065338 0.0594069 0.0531867 0.046963 0.0408646 0.0349308 0.0291826 0.0236727 0.0185047 0.0138227 0.00977979 0.00649459 0.00401227
 0.00828458 0.0135009 0.020398 0.0289308 0.038816 0.049372 0.0594825 0.0678593 0.0734956 0.0759781 0.0754696 0.0724794 0.0676481 0.0616266 0.0550036 0.0482422 0.0416417 0.0353464 0.0294001 0.023817 0.0186395 0.0139617 0.00991139 0.00660367 0.00409134
 0.00845543 0.0137037 0.0205637 0.0289472 0.0385559 0.0487423 0.0584729 0.0665689 0.0721249 0.0747898 0.0747215 0.0723462 0.0681561 0.062636 0.056255 0.0494519 0.0425991 0.0359682 0.0297212 0.0239376 0.0186646 0.0139628 0.00991948 0.00662223 0.0041132
 0.00877922 0.0142447 0.0213971 0.0301306 0.0400905 0.0505259 0.0602748 0.0680633 0.0729926 0.074843 0.0739846 0.0710452 0.0666259 0.061194 0.0550996 0.0486245 0.0420177 0.0355044 0.0292764 0.0234795 0.0182174 0.0135714 0.00961652 0.00641456 0.00398645
 0.00863007 0.0140392 0.0211595 0.0299152 0.0399769 0.050603 0.0606142 0.0686855 0.0738352 0.0757524 0.0747511 0.0714809 0.0666467 0.0608559 0.0545648 0.0480769 0.0415817 0.0352112 0.0290859 0.0233313 0.0180725 0.0134244 0.0094822 0.00630868 0.00391471
 0.00884774 0.0143565 0.0215703 0.030393 0.0404866 0.0511184 0.0611302 0.0692163 0.074398 0.076342 0.0753193 0.0719323 0.0668632 0.0607451 0.0541081 0.0473472 0.0407149 0.0343491 0.0283259 0.0227105 0.0175851 0.0130492 0.00920084 0.00610799 0.00378213
 0.00871026 0.0141684 0.0213515 0.0301817 0.0403254 0.0510352 0.0611273 0.069277 0.0745069 0.0765044 0.07556 0.0722725 0.067289 0.061194 0.0544855 0.0475683 0.0407442 0.0342123 0.0280896 0.0224461 0.0173425 0.0128505 0.00904943 0.0059991 0.00370882
 0.00890925 0.0144545 0.0217139 0.0305896 0.0407402 0.0514279 0.0614877 0.0696074 0.0748058 0.0767536 0.0757292 0.0723369 0.0672461 0.061062 0.0542868 0.0473123 0.0404265 0.0338305 0.0276595 0.0220039 0.0169313 0.0125041 0.0087831 0.00581117 0.00358675
#pred catch len freq
 0.0031445 0.00512352 0.00776614 0.0111276 0.0152524 0.0201218 0.0255953 0.0314052 0.0372149 0.0426887 0.0475395 0.051564 0.0546675 0.0568669 0.0582644 0.0590149 0.0593019 0.0593034 0.0591103 0.0585915 0.0572856 0.0544637 0.0494511 0.0420929 0.0330423
 0.00331085 0.00534945 0.00802547 0.0113725 0.0154316 0.0202067 0.025595 0.0313588 0.0371628 0.042644 0.0474818 0.0514615 0.0545128 0.0567015 0.0581742 0.0590952 0.059607 0.059803 0.0596775 0.0590363 0.0574276 0.0542112 0.048845 0.0412851 0.0322229
 0.00347565 0.00562175 0.00843952 0.0119527 0.0161753 0.0210657 0.0264684 0.032114 0.0376823 0.042872 0.0474386 0.0512164 0.0541422 0.0562655 0.0577231 0.0586861 0.0593011 0.0596356 0.0596205 0.0589884 0.0572504 0.0537997 0.0481875 0.0404733 0.0314041
 0.00359476 0.00582555 0.00876699 0.0124512 0.0168953 0.0220464 0.0277154 0.033574 0.0392297 0.0443206 0.0485851 0.0519035 0.0543083 0.0559544 0.0570525 0.0577998 0.0583311 0.0586779 0.0587186 0.0581256 0.0563661 0.0528333 0.0471303 0.0393894 0.0304042
 0.00375634 0.00608095 0.0091399 0.0129646 0.0175748 0.0229224 0.0288181 0.0349204 0.040802 0.0460441 0.0503163 0.0534422 0.0554412 0.0565166 0.056979 0.0571409 0.0572229 0.0572884 0.0571938 0.0565581 0.0547957 0.0512763 0.0456177 0.0379874 0.0292
 0.00392543 0.00635456 0.00954969 0.0135402 0.0183403 0.0238903 0.0299837 0.0362608 0.0422811 0.0476173 0.0519257 0.0550015 0.0568223 0.0575563 0.0575133 0.0570564 0.0564987 0.0560026 0.0554927 0.0546071 0.0527419 0.0492395 0.0437019 0.0362908 0.0278058
 0.00412124 0.00666504 0.0100036 0.0141626 0.0191525 0.0249073 0.0312079 0.0376732 0.0438364 0.0492465 0.0535456 0.0565252 0.058163 0.0586211 0.0581957 0.057242 0.0560928 0.0549694 0.0538812 0.0525477 0.0504181 0.0468522 0.0414408 0.0343129 0.026216
 0.00434311 0.0070217 0.0105332 0.0148991 0.0201206 0.0261152 0.0326378 0.0392772 0.0455421 0.0509683 0.055196 0.0580213 0.059429 0.0595871 0.0587923 0.0573942 0.0557223 0.0540134 0.0523258 0.050459 0.0479508 0.0442285 0.0389062 0.0320831 0.0244327
 0.00461315 0.00745731 0.0111835 0.0158099 0.0213293 0.0276395 0.0344609 0.0413365 0.0477288 0.0531417 0.0572056 0.0597319 0.0607394 0.0604357 0.0591486 0.0572395 0.0550333 0.0527617 0.0504992 0.0480986 0.0451832 0.0412695 0.0360245 0.0295347 0.022394
