SBPRF35
7.78865
Curr Bio
453346
B35
670729
F35
0.212073
FOFL
0.135417
OFL
47830.5
Bzero
2.22533e+06
#pred survey bio
 4.77029e+06 4.53141e+06 4.28613e+06 3.98795e+06 3.66145e+06 3.33698e+06 2.98268e+06 2.6459e+06 2.35856e+06 2.08483e+06 1.84396e+06 1.61469e+06 1.43469e+06 1.25965e+06 1.11014e+06 975663 887804 817422 758983 734376 709697 677487 662591 645878 638558 625837 622414 622174 611093 610373 603122 599824 582445 580904 567243 556796 539711 525801 528537 533835 550701 558214 560581 572358 577414 583458 585484 592232 589742 603362 605094 609748 600842 602608 588643 557353 530931 512095 477854 487727 483662 456042 458697 1.55847e+07 9.24236e+06 9.51807e+06 1.04155e+07 1.16417e+07 1.29105e+07 1.40523e+07 1.49967e+07 1.57364e+07 1.6295e+07 1.67065e+07 1.70051e+07 1.72196e+07 1.73732e+07 1.7483e+07 1.75617e+07 1.76183e+07 1.76593e+07 1.76892e+07 1.77111e+07 1.77273e+07 1.77393e+07 1.77483e+07 1.7755e+07 1.77601e+07 1.7764e+07 1.77669e+07 1.77691e+07 1.77708e+07 1.77721e+07 1.77731e+07 1.77739e+07 1.77745e+07 1.7775e+07 1.77753e+07 1.77756e+07 1.77758e+07 1.77759e+07 1.77761e+07 1.77762e+07 1.77762e+07 1.77763e+07 1.77763e+07 1.77764e+07 1.77764e+07 1.77764e+07 1.77764e+07 1.77765e+07 1.77765e+07 1.77765e+07 1.77765e+07 1.77765e+07 1.77765e+07 1.77765e+07 1.77765e+07 1.77765e+07 1.77765e+07 1.77765e+07 1.77765e+07 1.77765e+07 1.77765e+07 1.77765e+07 1.77765e+07 1.77765e+07 1.77765e+07 1.77765e+07 1.77765e+07 1.77765e+07 1.77765e+07 1.77765e+07 1.77765e+07 1.77765e+07 1.77765e+07 1.77765e+07 1.77765e+07 1.77765e+07 1.77765e+07 1.77765e+07 1.77765e+07 1.77765e+07 1.77765e+07 1.77765e+07 1.77765e+07 1.77765e+07 1.77765e+07 1.77765e+07 1.77765e+07 1.77765e+07 1.77765e+07 1.77765e+07 1.77765e+07 1.77765e+07 1.77765e+07 1.77765e+07 1.77765e+07 1.77765e+07 1.77765e+07 1.77765e+07 1.77765e+07 1.77765e+07 0 0 0 0 0 0 0 0 0 0 0 0 0 0 0 0 0 0 0 0 0 0 0 0 0
#obs survey bio
 3.06423e+06 3.33838e+06 3.09893e+06 2.53442e+06 2.89108e+06 2.09139e+06 3.22781e+06 1.65614e+06 1.86643e+06 1.3685e+06 1.55562e+06 1.52843e+06 996618 1.56297e+06 1.0503e+06 759164 763969 497438 584508 671183 722209 796538 595172 541540 545657 384644 665052 556638 418320 389890 493958 607224 833897 679340 475000 493877 623029 416348 604759 478398 719268 623213 366511 339561 675677 541029 508687 552760 630599 637446 551780 352804 522266 707635 676498 558663 663652 405874 426482 519721 447855 516617 353082
#pred catch bio
 96536.3 99631.4 156224 201607 226440 284517 300673 285607 298899 290180 295438 263115 265490 245793 232979 192731 177991 166803 136307 133882 136255 117976 117280 108282 112277 104037 100616 107898 97314 100758 94745.8 103167 86154 92750.1 86433 90930.7 90910.7 81525.5 82816.8 75139.9 84267.6 89086.4 82375.9 89286.7 88813.4 92340 88722.8 96650.1 83525.5 93685.3 90714.9 101377 91532.2 103473 115921 110204 102977 113870 75166.2 85314.9 101256 72030.1 81067.2 47830.5 71197.9 71725.2 77201.9 86063.9 95500.5 103928 110758 115957 119744 122412 124248 125487 126311 126853 127206 127434 127581 127674 127734 127772 127796 127812 127821 127827 127831 127834 127835 127836 127837 127837 127837 127837 127837 127837 127838 127838 127838 127838 127838 127838 127838 127838 127838 127838 127838 127838 127838 127838 127838 127838 127838 127838 127838 127838 127838 127838 127838 127838 127838 127838 127838 127838 127838 127838 127838 127838 127838 127838 127838 127838 127838 127838 127838 127838 127838 127838 127838 127838 127838 127838 127838 127838 127838 127838 127838 127838 127838 127838 127838 127838 127838 127838 127838 127838 127838 127838 127838 127838 127838 0 0 0 0 0 0 0 0 0 0 0 0 0 0 0 0 0 0 0 0 0 0 0 0 0
#obs catch bio
 0 99457.2 156976 203202 228290 289243 306286 291450 306539 298148 304012 269932 274620 251975 239002 196785 181345 172209 139683 136931 139118 119572 118588 109717 114035 106088 102527 109819 98712.4 102710 95903.1 104922 86942.7 93595 87185.8 91736.7 91455.9 82088.9 83666.7 75415.4 84535.1 89630.6 82665.9 90388 89338.7 92846 89340.9 97380.6 83925.4 94431.2 91089.7 102215 91818.8 103506 115885 110077 102435 114611 74794.5 85069.2 101591 71660.2 81146.5
#pred cpue bio
 4.69422e+06 4.46104e+06 4.22018e+06 3.92375e+06 3.59845e+06 3.27526e+06 2.92276e+06 2.58791e+06 2.3022e+06 2.03044e+06 1.79172e+06 1.56495e+06 1.38703e+06 1.21468e+06 1.06789e+06 935924 849493 780278 723242 699726 676405 645731 631703 615519 608282 595803 592471 592635 582321 581928 575358 572758 556506 555717 543136 533447 516198 500947 502341 507415 524079 531495 533714 544862 549665 555689 557689 564204 561760 575021 576910 581626 573013 574851 561517 531005 504936 486436 453373 463430 460252 433992 437297 1.4893e+07 8.8397e+06 8.95454e+06 9.68817e+06 1.086e+07 1.21166e+07 1.32561e+07 1.42001e+07 1.49398e+07 1.54983e+07 1.59099e+07 1.62084e+07 1.6423e+07 1.65765e+07 1.66863e+07 1.6765e+07 1.68217e+07 1.68627e+07 1.68926e+07 1.69145e+07 1.69306e+07 1.69426e+07 1.69516e+07 1.69584e+07 1.69634e+07 1.69673e+07 1.69702e+07 1.69725e+07 1.69742e+07 1.69755e+07 1.69765e+07 1.69772e+07 1.69778e+07 1.69783e+07 1.69786e+07 1.69789e+07 1.69791e+07 1.69793e+07 1.69794e+07 1.69795e+07 1.69796e+07 1.69796e+07 1.69797e+07 1.69797e+07 1.69798e+07 1.69798e+07 1.69798e+07 1.69798e+07 1.69798e+07 1.69798e+07 1.69798e+07 1.69798e+07 1.69798e+07 1.69798e+07 1.69798e+07 1.69798e+07 1.69798e+07 1.69798e+07 1.69798e+07 1.69798e+07 1.69798e+07 1.69798e+07 1.69798e+07 1.69798e+07 1.69798e+07 1.69798e+07 1.69798e+07 1.69798e+07 1.69798e+07 1.69798e+07 1.69798e+07 1.69798e+07 1.69798e+07 1.69798e+07 1.69798e+07 1.69798e+07 1.69798e+07 1.69798e+07 1.69798e+07 1.69798e+07 1.69798e+07 1.69798e+07 1.69798e+07 1.69798e+07 1.69798e+07 1.69798e+07 1.69798e+07 1.69798e+07 1.69798e+07 1.69798e+07 1.69798e+07 1.69798e+07 1.69798e+07 1.69798e+07 1.69798e+07 1.69798e+07 1.69798e+07 1.69798e+07 1.69798e+07 1.69798e+07 0 0 0 0 0 0 0 0 0 0 0 0 0 0 0 0 0 0 0 0 0 0 0 0 0
#obs cpue bio
 3.62737e+06 3.50844e+06 3.74272e+06 3.13704e+06 3.521e+06 2.83662e+06 2.18711e+06 2.38233e+06 2.0751e+06 2.02353e+06 1.95501e+06 1.22276e+06 1.04407e+06 1.2029e+06 884734 897347 866171 417983 657604 677682 648419 529250 769407 436065 567618 461927 404954 719004 640773 577727 787593 447548 370974 566412 475763 607468 528700 436174 343354 674287 484630 370987 744420 468534 645659 618748 439885 675875 406234 519089 652516 859788 679831 701076 551886 531520 506616 410069 641920 495891 436614 447118 517764
#pred surv len freq
 0.00563946 0.00906279 0.0134628 0.0187566 0.0247759 0.0312013 0.0375277 0.0431751 0.0477094 0.0509964 0.0531784 0.0545318 0.0553313 0.0557769 0.0559659 0.0558889 0.0554476 0.0544885 0.0528323 0.0502841 0.0466433 0.0417566 0.03564 0.0286114 0.0213152
 0.00590988 0.00937801 0.0137136 0.0187812 0.024424 0.0304231 0.0364326 0.042007 0.0467395 0.0503952 0.0529449 0.0545172 0.0553339 0.0556491 0.0556826 0.0555546 0.0552467 0.0546003 0.0533458 0.0511526 0.0477011 0.0427909 0.0364776 0.0291748 0.0216236
 0.00628798 0.00996931 0.0145512 0.0198574 0.0256668 0.0316782 0.0374726 0.042591 0.0467136 0.0497776 0.0519277 0.0533682 0.0542618 0.0547248 0.0548625 0.0547732 0.0545018 0.0539732 0.0529513 0.0510594 0.0478809 0.0431277 0.0368282 0.0294347 0.021759
 0.00656614 0.0104277 0.0152522 0.0208617 0.0270173 0.0333727 0.0394305 0.0446326 0.0485734 0.0511621 0.0526045 0.05325 0.0534364 0.053406 0.0532905 0.0531292 0.0528895 0.0524569 0.0515972 0.0499377 0.0470327 0.042538 0.0364327 0.0291571 0.0215453
 0.00687401 0.0109099 0.0159458 0.0217941 0.0282083 0.0348344 0.0411581 0.0465869 0.0506601 0.0532174 0.0544011 0.0545339 0.0539951 0.0531414 0.0522546 0.0514992 0.0508983 0.0503251 0.0495009 0.0480077 0.0453594 0.0411688 0.0353705 0.0283698 0.0209852
 0.00716031 0.0113668 0.0166173 0.0227154 0.0293999 0.0362939 0.0428526 0.048453 0.0526138 0.0551651 0.0562379 0.0561296 0.0551854 0.0537472 0.0521322 0.0505994 0.0492961 0.048203 0.0470965 0.0455578 0.0430616 0.0391631 0.0337342 0.0271215 0.0200965
 0.00748461 0.0118819 0.0173704 0.0237431 0.030723 0.0379092 0.0447217 0.0504977 0.0547248 0.0572211 0.0581242 0.0577453 0.0564362 0.0545315 0.0523381 0.0501244 0.0480889 0.0463051 0.0446568 0.0428084 0.0402676 0.0365677 0.0315168 0.025377 0.0188347
 0.00785826 0.0124658 0.0182058 0.0248543 0.0321158 0.0395682 0.046605 0.0525326 0.056812 0.0592482 0.05998 0.0593299 0.0576633 0.0553253 0.0526247 0.0498284 0.047145 0.0446886 0.0424217 0.0401093 0.037346 0.0337033 0.0289624 0.023303 0.0173035
 0.0081453 0.0129281 0.0188932 0.0258094 0.0333655 0.0411111 0.0483986 0.0544913 0.0588213 0.0611885 0.0617459 0.0608364 0.0588424 0.0561175 0.0529728 0.049673 0.0464277 0.0433687 0.0405068 0.0376887 0.0346049 0.0308996 0.0263677 0.0211318 0.0156638
 0.00843411 0.0133883 0.0195688 0.0267367 0.0345681 0.0425917 0.0501277 0.0564002 0.0608063 0.063126 0.0635121 0.0623243 0.0599712 0.0568335 0.0532411 0.0494654 0.0457146 0.0421235 0.038728 0.0354326 0.0320115 0.0281898 0.0238001 0.018934 0.0139704
 0.00871178 0.0138279 0.0202088 0.0276058 0.0356818 0.0439464 0.0516932 0.0581152 0.0625842 0.0648671 0.065116 0.0636981 0.0610347 0.0575233 0.0535121 0.0492882 0.0450694 0.0409983 0.0371279 0.033403 0.0296637 0.0257078 0.021413 0.0168573 0.012345
 0.0090629 0.0143774 0.020996 0.0286527 0.0369898 0.0454918 0.0534209 0.0599376 0.0643914 0.0665461 0.0665688 0.0648506 0.0618366 0.0579428 0.0535306 0.0488949 0.0442589 0.0397705 0.0354964 0.0314122 0.0274102 0.0233489 0.0191476 0.0148788 0.0107856
 0.00921584 0.014641 0.02142 0.0292919 0.0378911 0.0466739 0.054856 0.0615472 0.0660605 0.0681498 0.0679954 0.0660142 0.0626789 0.0584294 0.0536448 0.0486312 0.0436175 0.0387567 0.0341265 0.0297278 0.0254945 0.0213347 0.0172031 0.0131696 0.00942846
 0.00944811 0.015005 0.0219436 0.0299951 0.0387861 0.0477644 0.0561304 0.0629693 0.0675636 0.0696381 0.0693564 0.0671375 0.0634763 0.0588482 0.0536684 0.0482697 0.0428947 0.0377011 0.0327717 0.0281222 0.0237157 0.0194971 0.0154483 0.0116359 0.00821301
 0.00978987 0.0155249 0.0226596 0.0309003 0.0398526 0.0489501 0.0573841 0.0642336 0.0687794 0.0707506 0.0703176 0.0679033 0.0640032 0.0590946 0.0536022 0.0478767 0.0421813 0.0366913 0.0315036 0.0266495 0.0221138 0.0178673 0.0139095 0.0103012 0.00715984
 0.0102141 0.0161811 0.0235834 0.0320985 0.041299 0.0505821 0.0591004 0.0659011 0.0702565 0.0719204 0.071113 0.0683113 0.0640495 0.058821 0.0530487 0.0470739 0.0411523 0.0354595 0.0301005 0.0251216 0.0205277 0.0163096 0.0124777 0.00908383 0.00621301
 0.0105026 0.0166265 0.0242098 0.0329129 0.0422914 0.0517254 0.0603479 0.0671836 0.0714859 0.0730012 0.0719588 0.0688606 0.0642747 0.0587281 0.0526686 0.0464479 0.0403204 0.0344557 0.0289573 0.0238785 0.0192392 0.0150469 0.0113204 0.00810303 0.00545252
 0.0105263 0.0166984 0.0243791 0.0332438 0.042845 0.0525317 0.0613831 0.0683678 0.0727037 0.0741339 0.0729087 0.0695601 0.0646851 0.0588362 0.0524839 0.0459993 0.0396498 0.0336098 0.0279827 0.0228227 0.0181551 0.0139952 0.0103653 0.00729985 0.00483377
 0.0105131 0.0166812 0.0243632 0.0332434 0.0428869 0.052658 0.0616462 0.0688148 0.0733531 0.0749552 0.0738198 0.0704469 0.0654338 0.0593613 0.0527403 0.0459804 0.0393774 0.0331238 0.0273327 0.0220635 0.0173446 0.0131937 0.00963087 0.00668004 0.00435576
 0.0104069 0.0165054 0.024094 0.0328606 0.0423834 0.0520532 0.060998 0.06822 0.072931 0.0748163 0.0740313 0.0710083 0.0662719 0.0603482 0.0537279 0.0468371 0.0400136 0.0335002 0.0274543 0.0219674 0.0170877 0.012842 0.00925011 0.00632588 0.00406554
 0.0103309 0.0163904 0.0239361 0.0326593 0.0421387 0.0517629 0.0606587 0.0678359 0.0725251 0.0744392 0.0737582 0.0709203 0.0664267 0.0607542 0.0543335 0.047543 0.040702 0.0340682 0.0278376 0.0221479 0.017088 0.0127115 0.00904865 0.00610905 0.00387393
 0.0104539 0.0165631 0.0241456 0.0328763 0.0423256 0.051886 0.0606975 0.0677837 0.0723845 0.0742186 0.0734748 0.0706078 0.0661381 0.0605518 0.0542672 0.0476271 0.0409056 0.0343249 0.0280706 0.0222977 0.0171288 0.0126527 0.00892384 0.00595963 0.00373459
 0.0106493 0.0168369 0.0244759 0.0332139 0.0426059 0.0520491 0.0607072 0.0676353 0.0721022 0.0738461 0.0730643 0.0702091 0.065793 0.0602922 0.0541168 0.0475991 0.0409959 0.0345057 0.028293 0.0225053 0.0172771 0.0127223 0.00892235 0.00591218 0.00367003
 0.010776 0.0170452 0.0247915 0.033655 0.0431712 0.0527036 0.0613736 0.0682046 0.072465 0.0739313 0.0728632 0.0697735 0.0652114 0.0596606 0.0535173 0.0470905 0.0406109 0.034251 0.0281514 0.0224418 0.0172503 0.0126988 0.00888528 0.00586159 0.00361565
 0.0108245 0.0171172 0.0248881 0.0337759 0.0433186 0.0528854 0.0616015 0.0684842 0.0727813 0.0742406 0.0731004 0.0698753 0.0651436 0.0594335 0.0531804 0.0467124 0.0402564 0.0339651 0.0279521 0.0223225 0.0171884 0.0126668 0.00886176 0.00583619 0.00358788
 0.0108409 0.0171547 0.0249637 0.0339104 0.0435291 0.0531758 0.0619556 0.0688683 0.0731549 0.0745678 0.0733542 0.0700332 0.0651836 0.0593387 0.0529505 0.0463725 0.039855 0.0335598 0.0275924 0.022037 0.0169821 0.0125276 0.00877047 0.00577544 0.00354617
 0.0106182 0.0168329 0.0245552 0.033455 0.0430863 0.0528097 0.0617208 0.0687997 0.0732632 0.0748374 0.0737458 0.0704926 0.0656521 0.0597624 0.0532874 0.0465978 0.0399659 0.0335756 0.0275476 0.0219683 0.0169171 0.0124792 0.00873944 0.00575655 0.00353394
 0.010529 0.0166733 0.0242903 0.0330495 0.0425204 0.0521004 0.0609368 0.0680555 0.0726875 0.0745319 0.0737541 0.0707938 0.0661764 0.0604162 0.0539761 0.0472426 0.0405129 0.0339997 0.02785 0.0221691 0.0170444 0.0125589 0.00878987 0.00578834 0.00355297
 0.0105775 0.0167455 0.0243846 0.0331552 0.0426145 0.0521469 0.0608922 0.0678831 0.0723791 0.0741234 0.0733238 0.070437 0.06597 0.0603918 0.0541145 0.047489 0.0408002 0.0342699 0.0280669 0.0223205 0.0171368 0.0126085 0.00881346 0.00579849 0.00355698
 0.0103728 0.0164506 0.024011 0.0327378 0.0422018 0.0517838 0.0606057 0.0676767 0.0722368 0.0740213 0.0732445 0.0703825 0.0659653 0.0604741 0.0543131 0.0478059 0.0412051 0.0347103 0.028487 0.0226787 0.0174133 0.0128039 0.008941 0.00587604 0.00360107
 0.0102651 0.016277 0.0237545 0.032388 0.0417623 0.0512809 0.0600915 0.0672213 0.0719064 0.0738533 0.0732346 0.0704926 0.0661472 0.0606935 0.0545601 0.0480881 0.0415304 0.0350721 0.0288606 0.02303 0.0177123 0.0130344 0.00910264 0.00597951 0.00366179
 0.0100711 0.0159848 0.0233574 0.0318945 0.0411923 0.0506606 0.0594524 0.0666034 0.0713615 0.0734406 0.0730077 0.0704823 0.0663489 0.0610685 0.055051 0.048639 0.0420999 0.0356335 0.0293937 0.0235143 0.0181273 0.0133651 0.00934544 0.00614277 0.00376199
 0.0100028 0.0158784 0.0232059 0.0316951 0.0409471 0.0503773 0.0591444 0.0662883 0.0710575 0.0731647 0.0727763 0.0703144 0.0662663 0.0610899 0.0551826 0.0488697 0.0424042 0.0359801 0.0297526 0.0238598 0.0184379 0.0136247 0.00954515 0.00628312 0.00385152
 0.0098212 0.0155916 0.0227911 0.0311393 0.0402524 0.0495678 0.0582718 0.0654304 0.0703046 0.0725982 0.0724498 0.070246 0.0664423 0.0614754 0.0557324 0.0495352 0.0431362 0.03673 0.0304753 0.024517 0.0190016 0.0140789 0.00988674 0.006521 0.00400366
 0.00986017 0.0156356 0.0228211 0.0311239 0.0401545 0.0493558 0.0579308 0.0649695 0.0697574 0.0720185 0.0719031 0.0697978 0.066145 0.0613588 0.0558002 0.0497682 0.0434995 0.03718 0.0309656 0.0250032 0.0194459 0.0144542 0.0101794 0.00673076 0.00414109
 0.010625 0.0167099 0.0241244 0.0324743 0.041318 0.0501269 0.0581985 0.0647345 0.0691048 0.0710736 0.0707976 0.0686533 0.0650658 0.0604268 0.0550699 0.0492635 0.043215 0.0370867 0.0310191 0.0251527 0.019642 0.0146554 0.0103566 0.00686871 0.00423701
 0.0115301 0.0180994 0.0260546 0.0349211 0.0441586 0.0531291 0.0610272 0.0669989 0.0704564 0.0713183 0.069958 0.0669427 0.0627995 0.0579245 0.0525934 0.0469955 0.0412633 0.0354978 0.0297928 0.0242562 0.0190227 0.014253 0.0101119 0.00673031 0.00416464
 0.0115532 0.0182432 0.026465 0.0357925 0.0456758 0.0553764 0.0639075 0.0702125 0.0735598 0.0738375 0.0715101 0.0673265 0.0620304 0.0562101 0.050259 0.0443926 0.0386938 0.0331746 0.0278354 0.0227056 0.0178641 0.0134368 0.00957125 0.00639517 0.00397133
 0.0110552 0.017519 0.0255413 0.0347686 0.044722 0.0547142 0.0637737 0.0708027 0.0749524 0.075927 0.0739935 0.0697711 0.0640027 0.0574057 0.0505785 0.0439371 0.0376981 0.031916 0.0265563 0.0215721 0.016959 0.0127755 0.00912627 0.00611889 0.00381327
 0.0109569 0.0173189 0.0251696 0.0341469 0.0437972 0.053508 0.0624214 0.0695518 0.0741065 0.0757513 0.0746213 0.071145 0.0658773 0.0594141 0.0523426 0.0451811 0.0383165 0.0319723 0.0262238 0.0210532 0.0164211 0.0123207 0.00879322 0.00590239 0.00368692
 0.0108763 0.0171861 0.0249636 0.0338405 0.0433551 0.0528901 0.0615985 0.0685327 0.0729698 0.074662 0.0738087 0.0708378 0.0662145 0.0603762 0.0537424 0.0467236 0.0397022 0.032995 0.0268176 0.0212775 0.0164024 0.0121898 0.00864446 0.00578354 0.00360968
 0.0108978 0.0172197 0.0250109 0.0338993 0.0434159 0.052932 0.0615856 0.0684163 0.0727003 0.0742126 0.0732035 0.0701704 0.0656378 0.060056 0.0537883 0.047134 0.0403582 0.0337103 0.0274183 0.0216648 0.0165703 0.0121974 0.00857125 0.00569302 0.00353599
 0.0110887 0.0174963 0.0253646 0.0343003 0.0438214 0.0532989 0.0618794 0.0686111 0.0727729 0.074138 0.0729596 0.0697532 0.065081 0.0594409 0.053231 0.0467466 0.0402009 0.0337639 0.0275964 0.0218597 0.0167026 0.0122408 0.00854426 0.00563297 0.00347487
 0.0109124 0.0172618 0.0251067 0.0340806 0.0437077 0.0533338 0.0620581 0.0688823 0.073063 0.0743805 0.0731135 0.0698025 0.065027 0.0592992 0.0530354 0.0465503 0.0400644 0.0337295 0.0276671 0.0219978 0.0168516 0.0123547 0.0086052 0.00564893 0.00346566
 0.0107811 0.0170603 0.0248282 0.0337332 0.0433196 0.0529563 0.0617614 0.068739 0.0731198 0.0746329 0.0735011 0.0702311 0.0654051 0.0595671 0.0531765 0.0465857 0.040039 0.0336947 0.0276618 0.0220358 0.0169207 0.0124292 0.00866293 0.00568112 0.00347628
 0.0108313 0.0171128 0.0248539 0.0336885 0.0431595 0.0526564 0.0613365 0.0682483 0.0726541 0.0742879 0.0733468 0.0702893 0.0656428 0.0599108 0.0535409 0.046904 0.0402799 0.033862 0.0277802 0.0221317 0.017009 0.0125107 0.00873047 0.0057287 0.00350378
 0.0108344 0.0171311 0.0249038 0.0337878 0.043316 0.0528534 0.0615265 0.0683641 0.072637 0.0741196 0.0730637 0.0699693 0.0653714 0.0597461 0.0534947 0.0469471 0.0403647 0.0339474 0.0278455 0.0221761 0.0170411 0.0125381 0.00875507 0.00574868 0.00351726
 0.0107936 0.0170656 0.0248083 0.033661 0.0431647 0.0526958 0.0613901 0.0682765 0.072611 0.0741427 0.0731022 0.0699887 0.0653591 0.0597192 0.0534877 0.0469886 0.0404606 0.0340806 0.0279886 0.0223062 0.0171468 0.0126181 0.00881295 0.00578856 0.00354287
 0.0108196 0.0171091 0.0248751 0.0337559 0.0432881 0.0528407 0.0615413 0.0684139 0.0727164 0.0742053 0.0731189 0.0699589 0.0652813 0.0595944 0.0533267 0.0468146 0.0403021 0.0339594 0.0279117 0.0222667 0.0171316 0.0126154 0.00881512 0.00579195 0.00354593
 0.0106234 0.0168155 0.0244813 0.0332779 0.0427591 0.0523053 0.0610502 0.0680179 0.0724586 0.0741115 0.0731915 0.070178 0.0656107 0.0599899 0.0537444 0.0472186 0.0406707 0.0342844 0.0281935 0.0225076 0.0173319 0.0127742 0.00893321 0.0058733 0.00359747
 0.0106103 0.0167854 0.0244204 0.0331692 0.042588 0.0520685 0.0607621 0.0677109 0.0721747 0.0738906 0.073061 0.0701485 0.065677 0.060135 0.053944 0.0474463 0.0409023 0.0345022 0.0283875 0.022674 0.0174704 0.0128851 0.00901741 0.00593296 0.00363637
 0.010608 0.0167769 0.0243982 0.0331221 0.0425026 0.0519322 0.0605677 0.0674613 0.0718865 0.0735943 0.0727967 0.0699561 0.0655858 0.0601554 0.0540666 0.0476464 0.041148 0.034762 0.0286361 0.0228946 0.0176544 0.0130301 0.00912524 0.00600805 0.00368484
 0.0105805 0.0167547 0.0244054 0.0331922 0.0426657 0.0521968 0.0609072 0.0678149 0.0721778 0.0737575 0.0727987 0.0698041 0.0653211 0.0598376 0.053755 0.0473852 0.0409588 0.0346457 0.0285795 0.0228792 0.0176627 0.0130489 0.00914607 0.00602623 0.00369851
 0.0104518 0.0165542 0.0241219 0.0328262 0.0422357 0.0517437 0.0604937 0.0675135 0.0720462 0.0738137 0.073011 0.0701058 0.0656392 0.0601206 0.0539845 0.0475701 0.0411204 0.0348023 0.0287384 0.0230367 0.017809 0.0131743 0.00924463 0.00609717 0.00374518
 0.0106272 0.016804 0.0244318 0.0331591 0.0425404 0.0519712 0.0606117 0.0675149 0.0719496 0.0736565 0.0728364 0.0699469 0.0655072 0.060005 0.0538651 0.0474335 0.0409689 0.0346517 0.0286081 0.0229397 0.0177481 0.0131434 0.00923377 0.00609694 0.00374887
 0.0109397 0.0172924 0.0251274 0.0340708 0.0436445 0.0532011 0.0618531 0.0686173 0.0727601 0.0740653 0.0728095 0.0695284 0.0647949 0.0591144 0.0528993 0.0464688 0.040056 0.0338241 0.0278895 0.0223457 0.0172842 0.0128033 0.00900079 0.00594842 0.00366113
 0.0110127 0.017432 0.0253761 0.0344801 0.0442617 0.054047 0.0629005 0.0697816 0.07391 0.075049 0.0734893 0.0698123 0.064658 0.0586012 0.0521064 0.0455151 0.0390534 0.0328599 0.0270225 0.0216102 0.0166947 0.0123588 0.00868742 0.00574311 0.00353687
 0.0108365 0.0171857 0.0250815 0.0341876 0.0440427 0.0539781 0.0630457 0.0701773 0.0745519 0.0758835 0.074414 0.0706931 0.0653599 0.0590234 0.0522076 0.0453181 0.0386305 0.0323065 0.0264308 0.0210523 0.0162166 0.0119818 0.00841288 0.00555881 0.00342325
 0.0108806 0.0172526 0.0251741 0.0343077 0.0441943 0.0541705 0.0632947 0.0705007 0.0749615 0.0763748 0.0749583 0.0712362 0.0658289 0.0593409 0.0523114 0.0451794 0.0382643 0.0317683 0.025801 0.0204147 0.0156395 0.0115074 0.00805626 0.00531325 0.00326858
 0.0105051 0.0166651 0.0243352 0.033203 0.0428449 0.0526456 0.0617213 0.069058 0.0738504 0.0757692 0.0749598 0.0718488 0.0669592 0.060821 0.0539358 0.0467487 0.0396232 0.0328296 0.0265481 0.0208862 0.0159031 0.011635 0.00810711 0.00532756 0.00326911
 0.010398 0.0164882 0.0240631 0.032809 0.0423048 0.0519459 0.0608705 0.0680978 0.0728603 0.0748624 0.0742666 0.0714897 0.0670129 0.0612979 0.0547689 0.0478082 0.0407498 0.0338752 0.0274094 0.0215194 0.0163188 0.0118776 0.00823196 0.00538333 0.00329009
 0.0102824 0.01635 0.0239447 0.0327746 0.0424149 0.0522207 0.0612634 0.0684991 0.0731344 0.0749011 0.0740319 0.0710283 0.0664395 0.0607564 0.0543858 0.0476532 0.0408198 0.0341056 0.0277066 0.0217979 0.0165262 0.0120008 0.00828604 0.00539457 0.00328227
 0.00959204 0.0153087 0.022533 0.0310393 0.0404699 0.0502366 0.0594502 0.0670746 0.0722725 0.0746774 0.0743996 0.0718453 0.0675322 0.0619815 0.0556591 0.0489404 0.0421049 0.0353608 0.0288818 0.0228314 0.0173679 0.0126298 0.00871541 0.00566181 0.00343388
#obs surv len freq
 nan nan nan nan nan nan nan nan nan nan nan nan nan nan nan nan nan nan nan nan nan nan nan nan nan
 0.00448621 0.00734814 0.0111785 0.0159948 0.0216948 0.0279693 0.0342822 0.0400123 0.0446912 0.0481547 0.0505126 0.0520087 0.0529012 0.0534139 0.0537285 0.0539836 0.0542623 0.0545552 0.054694 0.0542859 0.052724 0.0493562 0.043806 0.036286 0.0276697
 0.0046207 0.00756921 0.0115153 0.0164747 0.0223366 0.0287725 0.0352168 0.0410166 0.0456804 0.0490385 0.0512126 0.0524697 0.0530963 0.0533438 0.0534167 0.0534686 0.0535884 0.0537658 0.0538286 0.053382 0.051821 0.048498 0.0430382 0.0356474 0.0271816
 0.00477373 0.00782113 0.0119004 0.0170273 0.0230845 0.0297263 0.0363583 0.0422928 0.0470078 0.0503159 0.0523361 0.0533459 0.0536535 0.0535398 0.0532426 0.0529466 0.0527644 0.0526998 0.0525876 0.0520366 0.0504465 0.0471748 0.0418461 0.0346522 0.0264196
 0.00497101 0.00814112 0.0123808 0.0177031 0.0239821 0.0308539 0.037695 0.0437838 0.0485699 0.05185 0.0537394 0.0545205 0.0545114 0.0540098 0.0532774 0.05253 0.0519139 0.0514648 0.0510444 0.0502837 0.0486 0.0453627 0.0401945 0.033264 0.0253527
 0.00518152 0.00848781 0.0129107 0.0184624 0.0250067 0.0321545 0.0392429 0.0455068 0.0503643 0.0536013 0.0553403 0.0558781 0.0555464 0.0546535 0.0534724 0.0522349 0.0511124 0.0501745 0.0493243 0.0482367 0.0463702 0.0431224 0.0381205 0.0315034 0.0239913
 0.00539813 0.00884398 0.0134545 0.0192419 0.0260615 0.0335018 0.0408624 0.0473336 0.0522961 0.0555167 0.0571176 0.0574085 0.0567402 0.0554394 0.0537946 0.0520494 0.0503895 0.0489087 0.0475492 0.0460407 0.0439029 0.0405838 0.0357287 0.0294478 0.0223885
 0.00565614 0.00926024 0.0140753 0.0201089 0.0272051 0.0349302 0.0425494 0.0492136 0.054271 0.0574726 0.0589403 0.0589936 0.0579967 0.0562915 0.0541809 0.0519215 0.0497118 0.0476643 0.0457552 0.0437689 0.0412959 0.037851 0.0331138 0.0271733 0.0205988
 0.00589002 0.00965076 0.0146816 0.0209914 0.0284115 0.0364747 0.0443937 0.0512628 0.0563928 0.0595268 0.0608045 0.0605726 0.0592192 0.0571018 0.0545318 0.0517711 0.0490237 0.0464149 0.0439497 0.0414647 0.0386237 0.0350179 0.0303732 0.0247659 0.0186891
 0.00614128 0.0100567 0.0152886 0.021843 0.0295427 0.0379016 0.0460994 0.0531886 0.0584392 0.0615673 0.0627047 0.062209 0.0604929 0.0579442 0.0548996 0.0516359 0.0483631 0.0452125 0.0422086 0.0392323 0.036017 0.0322316 0.027655 0.0223591 0.0167662
 0.00637068 0.0104381 0.0158777 0.0226956 0.030702 0.039379 0.0478575 0.0551386 0.0604586 0.0635274 0.0644915 0.0637289 0.0616703 0.0587173 0.0552209 0.0514715 0.0476913 0.044023 0.0405097 0.0370702 0.0334993 0.0295386 0.02502 0.0200164 0.0148861
 0.00661168 0.0108296 0.016467 0.0235273 0.031811 0.040778 0.0495222 0.0569998 0.0624084 0.0654367 0.0662319 0.0651907 0.0627718 0.0594056 0.0554648 0.0512532 0.0469989 0.0428518 0.0388709 0.0350086 0.031115 0.0269969 0.0225353 0.0178052 0.0131079
 0.00685343 0.0112272 0.0170733 0.0243931 0.0329732 0.0422424 0.0512472 0.0588932 0.0643436 0.0672798 0.0678639 0.0665183 0.0637278 0.0599464 0.0555674 0.05091 0.0462124 0.041631 0.0372368 0.0330087 0.0288427 0.0246018 0.0202099 0.0157436 0.0114528
 0.00702435 0.0115132 0.017519 0.0250457 0.0338739 0.0434112 0.0526674 0.0605041 0.0660467 0.0689568 0.0693962 0.0678024 0.0646845 0.0605235 0.0557369 0.0506626 0.0455517 0.04057 0.0358014 0.0312482 0.0268447 0.0225 0.0181725 0.0139389 0.0100041
 0.00726841 0.0119054 0.0181006 0.0258518 0.0349264 0.0447084 0.0541728 0.0621423 0.0677128 0.0705349 0.0707783 0.0688999 0.0654337 0.0608864 0.0556998 0.0502306 0.0447425 0.0394101 0.0343269 0.0295135 0.024934 0.0205334 0.0162962 0.0122956 0.00869535
 0.00744853 0.0122065 0.0185684 0.0265324 0.0358547 0.0458909 0.0555719 0.063674 0.0692625 0.0719835 0.072024 0.0698683 0.0660766 0.0611778 0.0556308 0.0498071 0.0439818 0.0383393 0.0329846 0.0279548 0.0232381 0.0188074 0.014665 0.010878 0.00757305
 0.00754113 0.0123573 0.0187969 0.0268597 0.036303 0.0464803 0.0563137 0.0645629 0.0702694 0.073053 0.0730794 0.0708233 0.06685 0.0617055 0.0558716 0.0497412 0.0436079 0.0376717 0.032053 0.0268081 0.0219483 0.0174692 0.0133868 0.00976066 0.00668577
 0.00757877 0.0124183 0.0188889 0.0269905 0.0364809 0.0467139 0.0566118 0.0649339 0.0707206 0.0735875 0.0736899 0.071484 0.0675136 0.0623068 0.0563396 0.0500126 0.0436384 0.0374412 0.0315675 0.0261002 0.0210771 0.0165171 0.0124484 0.00892456 0.00601394
 0.00765703 0.0125314 0.019033 0.0271538 0.0366479 0.046872 0.0567572 0.0650731 0.0708682 0.0737624 0.0739102 0.071762 0.0678488 0.0626799 0.0567103 0.0503244 0.0438301 0.0374612 0.0313869 0.0257205 0.0205331 0.0158717 0.0117808 0.00831181 0.00551235
 0.0077247 0.0126405 0.0191946 0.0273748 0.0369263 0.0471923 0.0570878 0.0653719 0.0710964 0.0739005 0.0739664 0.0717679 0.0678447 0.0626989 0.056765 0.0504021 0.0438954 0.0374667 0.0312882 0.0254922 0.020179 0.0154269 0.0113017 0.00785969 0.00513527
 0.00777895 0.012721 0.0193017 0.0275048 0.0370736 0.0473523 0.0572573 0.0655468 0.0712677 0.0740524 0.074081 0.0718333 0.067863 0.0626865 0.0567455 0.0503934 0.0438984 0.0374626 0.0312453 0.0253799 0.0199829 0.0151572 0.0109914 0.00755266 0.00487035
 0.00782396 0.0127928 0.0194067 0.0276466 0.0372512 0.0475572 0.0574732 0.0657516 0.0714402 0.0741789 0.074157 0.0718615 0.0678489 0.0626374 0.0566712 0.0503065 0.0438103 0.0373767 0.0311533 0.0252655 0.0198314 0.0149661 0.0107749 0.00733639 0.00468074
 0.00787768 0.0128719 0.0195105 0.0277698 0.0373856 0.047695 0.0576086 0.0658805 0.0715575 0.0742775 0.0742289 0.0719004 0.0678526 0.0626082 0.0566151 0.0502313 0.043724 0.037285 0.0310574 0.0251611 0.0197118 0.0148285 0.0106247 0.0071874 0.00454906
 0.00787895 0.0128792 0.019531 0.027812 0.0374563 0.0477946 0.057728 0.0660032 0.0716658 0.0743599 0.0742831 0.0719303 0.0678638 0.0626041 0.0565966 0.0501985 0.0436782 0.0372283 0.0309916 0.0250863 0.0196269 0.0147332 0.0105229 0.00708703 0.00445998
 0.00786989 0.0128587 0.0194901 0.027741 0.0373493 0.0476559 0.0575757 0.0658659 0.0715729 0.0743295 0.0743168 0.072016 0.0679832 0.0627393 0.0567334 0.0503261 0.0437885 0.0373159 0.0310532 0.0251207 0.0196348 0.0147174 0.0104887 0.00704262 0.00441446
 0.00788946 0.0128836 0.0195143 0.0277539 0.037337 0.0476057 0.0574805 0.0657284 0.0714081 0.0741634 0.0741801 0.0719351 0.0679712 0.062793 0.0568365 0.0504568 0.0439257 0.0374431 0.0311593 0.0251997 0.0196847 0.01474 0.0104891 0.00702815 0.00439326
 0.007896 0.0128923 0.0195238 0.0277606 0.0373355 0.0475885 0.0574394 0.0656562 0.0713019 0.0740281 0.0740309 0.0717952 0.0678666 0.0627447 0.056853 0.0505322 0.0440426 0.037579 0.031293 0.0253152 0.0197731 0.0147988 0.0105212 0.00703984 0.0043923
 0.00790915 0.0129111 0.019547 0.0277853 0.0373576 0.0476031 0.0574419 0.0656422 0.0712673 0.07397 0.0739492 0.071695 0.0677597 0.0626481 0.0567853 0.0505071 0.0440638 0.0376393 0.0313769 0.0254048 0.0198531 0.0148602 0.0105612 0.00706122 0.0044004
 0.00791137 0.0129136 0.0195487 0.0277843 0.0373515 0.0475898 0.05742 0.0656116 0.0712289 0.0739255 0.0739004 0.0716436 0.0677077 0.0625993 0.0567461 0.0504859 0.0440684 0.0376729 0.0314357 0.0254785 0.0199286 0.0149259 0.0106107 0.00709322 0.00441792
 0.00788139 0.0128666 0.0194814 0.0276953 0.0372417 0.0474634 0.0572851 0.0654799 0.0711137 0.0738388 0.0738495 0.0716307 0.0677294 0.0626489 0.0568159 0.0505697 0.0441629 0.0377764 0.031546 0.0255908 0.0200354 0.0150188 0.0106837 0.00714459 0.00444999
 0.00784697 0.0128073 0.0193862 0.0275531 0.037045 0.0472138 0.0569978 0.0651834 0.0708437 0.0736288 0.0737226 0.0715958 0.0677826 0.0627761 0.0569973 0.0507841 0.0443912 0.0380039 0.0317624 0.0257886 0.0202084 0.0151621 0.0107944 0.00722334 0.00450092
 0.00782621 0.0127708 0.0193262 0.02746 0.0369095 0.0470297 0.0567658 0.0649141 0.0705582 0.0733562 0.0734957 0.071444 0.067725 0.0628175 0.0571278 0.0509833 0.0446334 0.0382638 0.0320187 0.0260252 0.0204145 0.0153315 0.0109248 0.00731631 0.00456179
 0.00781225 0.0127469 0.0192879 0.0274019 0.0368259 0.046916 0.0566199 0.0647377 0.0703578 0.0731436 0.073288 0.0712628 0.0675936 0.0627559 0.0571475 0.0510833 0.0448008 0.0384768 0.032252 0.0262556 0.0206235 0.0155071 0.0110616 0.0074148 0.00462687
 0.00777505 0.0126879 0.0192018 0.0272851 0.0366773 0.0467381 0.0564199 0.0645277 0.0701523 0.0729566 0.073131 0.0711444 0.0675213 0.0627369 0.0571884 0.0511876 0.0449652 0.0386897 0.0324942 0.0265039 0.0208561 0.015707 0.0112197 0.00752968 0.00470323
 0.0077447 0.0126361 0.0191195 0.0271631 0.0365089 0.0465231 0.0561683 0.0642594 0.0698935 0.0727325 0.0729606 0.0710378 0.0674808 0.0627598 0.05727 0.0513227 0.0451479 0.0389114 0.0327418 0.0267595 0.0210998 0.015921 0.0113923 0.00765696 0.00478882
 0.00934471 0.0148752 0.0218207 0.0299378 0.0388695 0.0480633 0.0567056 0.0638631 0.0688031 0.0712375 0.0713103 0.0694063 0.0659711 0.0614234 0.0561257 0.0503709 0.0443799 0.0383138 0.0322979 0.0264487 0.0208975 0.0158007 0.0113282 0.0076274 0.00477776
 0.00932434 0.01514 0.0227442 0.0319835 0.0423893 0.0530244 0.0625176 0.069474 0.0730724 0.0733857 0.0711763 0.0673898 0.0627568 0.057688 0.0523693 0.0468883 0.04131 0.0357034 0.030147 0.0247343 0.0195826 0.0148371 0.010659 0.00719062 0.00451206
 0.00897884 0.0145964 0.0219817 0.0310525 0.0414656 0.0524459 0.062744 0.0709227 0.0758691 0.0771784 0.0751784 0.0706788 0.0646588 0.0580117 0.0513758 0.0450747 0.0391745 0.0336092 0.0282983 0.0232141 0.0184013 0.0139672 0.0100539 0.0067958 0.00427227
 0.00880626 0.0143025 0.0215157 0.0303625 0.0405184 0.0512629 0.061445 0.069754 0.0751818 0.0773306 0.0763765 0.072829 0.067335 0.0605942 0.0533018 0.0460525 0.0392412 0.0330301 0.0274035 0.0222733 0.0175765 0.0133243 0.00959646 0.00649565 0.00409048
 0.00870397 0.0141357 0.0212627 0.0299999 0.0400225 0.0506146 0.060641 0.0688251 0.0742142 0.0764815 0.0758631 0.0728739 0.0680675 0.0619561 0.0550244 0.0477438 0.0405452 0.0337626 0.027588 0.0220756 0.0171991 0.012927 0.00926728 0.0062619 0.00394331
 0.00870878 0.0141332 0.0212392 0.0299355 0.0398937 0.0504003 0.0603277 0.0684093 0.0737047 0.0759056 0.0752791 0.0723815 0.0678004 0.062041 0.0555161 0.0485732 0.0415241 0.034656 0.0282142 0.0223721 0.0172194 0.0127847 0.00907337 0.00608825 0.0038185
 0.00870318 0.0141281 0.0212382 0.029942 0.0399078 0.0504133 0.0603201 0.0683533 0.0735723 0.0756797 0.0749629 0.0720048 0.0674223 0.0617457 0.0553938 0.048685 0.0418648 0.0351423 0.0287141 0.0227632 0.017439 0.0128427 0.00902636 0.00600043 0.00373485
 0.00869604 0.0141165 0.0212211 0.0299194 0.039881 0.050386 0.0602969 0.0683366 0.0735579 0.0756539 0.0749052 0.071897 0.0672607 0.0615509 0.0552118 0.0485751 0.0418756 0.0352855 0.0289533 0.0230277 0.0176575 0.0129746 0.00907216 0.00598838 0.00369895
 0.00867512 0.0140854 0.0211797 0.0298693 0.0398255 0.0503289 0.0602423 0.0682891 0.0735218 0.0756315 0.0748947 0.07189 0.0672445 0.0615148 0.0551562 0.0485167 0.0418442 0.0353095 0.0290429 0.0231656 0.0178069 0.0130979 0.00914863 0.00601929 0.00369966
 0.00865788 0.0140569 0.0211363 0.0298078 0.0397449 0.050232 0.0601369 0.0681873 0.073437 0.0755745 0.0748701 0.071896 0.0672731 0.0615546 0.0551957 0.0485502 0.0418748 0.0353489 0.0291034 0.0232509 0.0179071 0.0131942 0.00922371 0.00606551 0.0037204
 0.00864957 0.0140414 0.0211091 0.0297639 0.0396794 0.0501428 0.0600268 0.0680647 0.0733149 0.0754681 0.0747931 0.0718575 0.0672755 0.0615931 0.0552601 0.0486281 0.0419565 0.0354301 0.0291851 0.0233354 0.0179934 0.0132759 0.00929193 0.00611429 0.00374938
 0.00865536 0.0140509 0.0211236 0.0297836 0.039703 0.0501662 0.0600427 0.0680642 0.0732905 0.0754174 0.074721 0.0717752 0.0671973 0.0615316 0.0552228 0.0486161 0.041966 0.0354552 0.0292207 0.0233783 0.0180405 0.0133234 0.00933471 0.00614787 0.00377188
 0.00863966 0.0140288 0.0210966 0.0297555 0.0396787 0.0501502 0.0600373 0.0680686 0.0733006 0.0754266 0.0747224 0.0717642 0.067174 0.0615011 0.0551936 0.0485966 0.0419614 0.0354665 0.0292455 0.0234123 0.0180792 0.0133624 0.00936996 0.00617627 0.00379201
 0.00863741 0.0140218 0.02108 0.0297236 0.0396273 0.0500797 0.0599552 0.0679882 0.0732369 0.0753902 0.0747157 0.0717817 0.0672055 0.0615365 0.0552268 0.0486264 0.0419902 0.0354979 0.0292814 0.0234524 0.0181211 0.0134026 0.00940526 0.00620435 0.00381206
 0.00860724 0.0139792 0.0210278 0.0296676 0.039574 0.050033 0.0599143 0.0679492 0.0731966 0.0753504 0.0746834 0.0717656 0.0672115 0.0615643 0.0552705 0.0486779 0.0420431 0.0355487 0.0293297 0.0234984 0.0181645 0.0134421 0.00943903 0.00623094 0.00383108
 0.00860724 0.0139792 0.0210278 0.0296676 0.039574 0.050033 0.0599143 0.0679492 0.0731966 0.0753504 0.0746834 0.0717656 0.0672115 0.0615643 0.0552705 0.0486779 0.0420431 0.0355487 0.0293297 0.0234984 0.0181645 0.0134421 0.00943903 0.00623094 0.00383108
 0.00865189 0.014044 0.0211111 0.0297633 0.0396738 0.0501292 0.0600016 0.068024 0.0732541 0.0753831 0.0746835 0.0717288 0.0671405 0.0614695 0.0551656 0.0485756 0.0419518 0.0354723 0.0292693 0.0234539 0.0181348 0.013425 0.00943148 0.00622941 0.00383246
 0.00874435 0.0141965 0.0213431 0.0300909 0.040102 0.0506424 0.0605571 0.0685555 0.0736888 0.0756627 0.0747791 0.0716431 0.0669003 0.0611145 0.0547405 0.0481237 0.04151 0.0350686 0.0289211 0.0231691 0.017914 0.0132633 0.00932037 0.00615834 0.00379047
 0.00870296 0.0141425 0.0212873 0.0300533 0.0401085 0.0507183 0.0607192 0.0688049 0.0740068 0.0760114 0.0751075 0.0719002 0.0670483 0.0611384 0.054649 0.0479428 0.0412743 0.034813 0.0286745 0.022952 0.0177372 0.0131296 0.00922655 0.00609743 0.00375409
 0.00879137 0.0142723 0.0214572 0.0302541 0.0403276 0.0509454 0.0609503 0.0690412 0.0742488 0.0762524 0.07533 0.0720765 0.0671472 0.0611345 0.0545315 0.04772 0.0409719 0.0344671 0.0283234 0.0226279 0.0174623 0.0129141 0.00907026 0.00599282 0.0036897
 0.00904849 0.014688 0.0220754 0.0311063 0.0414168 0.0522271 0.0623193 0.0703416 0.0753124 0.0769476 0.0755969 0.0719293 0.0666522 0.0603797 0.0536043 0.0466978 0.0399211 0.0334453 0.0273801 0.0218021 0.0167795 0.0123835 0.00868486 0.00573276 0.00352769
 0.00915217 0.0148753 0.0223917 0.0316046 0.0421441 0.0532022 0.0635108 0.071659 0.0766161 0.0780778 0.0764081 0.0723233 0.0665966 0.0599104 0.0528083 0.0456864 0.038805 0.0323194 0.0263187 0.0208593 0.0159896 0.0117617 0.00822756 0.00542059 0.0033312
 0.00910604 0.0148086 0.0223089 0.0315205 0.0420877 0.0532173 0.0636523 0.0719793 0.0771438 0.0787948 0.0772397 0.0731499 0.0672848 0.0603505 0.0529426 0.0455188 0.0383904 0.0317419 0.025668 0.0202141 0.0154087 0.011281 0.00786096 0.00516338 0.00316586
 0.00922367 0.0149808 0.0225327 0.031781 0.0423623 0.0534842 0.063898 0.0722036 0.0773595 0.0790233 0.0775003 0.0734442 0.0675861 0.0606038 0.0530809 0.0454876 0.038169 0.0313512 0.0251622 0.0196633 0.0148794 0.0108226 0.00749991 0.00490409 0.00299622
 0.0088918 0.0144644 0.0218005 0.0308246 0.0412036 0.0521835 0.0625604 0.0709738 0.0763989 0.0784731 0.0774474 0.0739025 0.068495 0.0618407 0.0544837 0.0468855 0.0394153 0.0323491 0.0258762 0.0201127 0.0151194 0.010921 0.00751819 0.00488736 0.00297139
 0.00900765 0.0145997 0.0219063 0.0308236 0.0410111 0.0517418 0.0618686 0.0700953 0.0754456 0.0775767 0.0767321 0.0734662 0.0683957 0.0620869 0.0550307 0.0476408 0.0402578 0.0331569 0.0265548 0.0206131 0.0154395 0.0110932 0.0075897 0.00490288 0.0029634
 0.0091136 0.014781 0.0221916 0.0312337 0.0415406 0.0523374 0.0624201 0.0704568 0.0754866 0.0772399 0.0760639 0.0726012 0.0675085 0.0613372 0.0545243 0.0474142 0.0402816 0.0333549 0.0268318 0.0208838 0.0156492 0.0112234 0.00765052 0.00491796 0.00295638
 0.00890687 0.0144693 0.0217704 0.0307203 0.0409764 0.0517843 0.0619512 0.0701375 0.0753486 0.0772625 0.0761801 0.0727322 0.067606 0.061407 0.0546166 0.0475895 0.0405763 0.0337621 0.0273053 0.0213577 0.0160634 0.0115416 0.00786583 0.00504604 0.00302299
#pred catch len freq
 0.00441467 0.00701691 0.0102964 0.0141949 0.0186736 0.0236841 0.0290989 0.0346851 0.0401551 0.0452396 0.0497331 0.0535095 0.0565246 0.0587963 0.0603614 0.0612295 0.0613604 0.0606677 0.0590296 0.0562897 0.0522659 0.0468134 0.0399657 0.0320876 0.0239062
 0.00462914 0.00727282 0.0105149 0.0142579 0.0184709 0.0231794 0.0283716 0.0339113 0.0395255 0.0448634 0.0495848 0.0534511 0.0563836 0.0584584 0.0598324 0.060643 0.060928 0.0605909 0.0594091 0.0570756 0.0532766 0.0478155 0.0407703 0.0326116 0.0241722
 0.00496634 0.00779216 0.0112355 0.0151595 0.0194776 0.0241509 0.0291171 0.0342419 0.0393368 0.0441998 0.0486314 0.0524408 0.0554798 0.057693 0.0591397 0.059954 0.0602531 0.0600326 0.059102 0.0570982 0.0535956 0.0482981 0.0412527 0.0329744 0.0243768
 0.00524198 0.00823528 0.0118938 0.0160754 0.0206797 0.0256365 0.0308252 0.036029 0.0409769 0.0454272 0.0492223 0.0523011 0.0546837 0.0564408 0.0576593 0.0584164 0.0587544 0.0586355 0.0578768 0.0561202 0.052906 0.0478722 0.0410104 0.0328239 0.024256
 0.00554174 0.00869987 0.0125533 0.0169495 0.0217842 0.0269877 0.0324349 0.0378838 0.043009 0.0474885 0.0510822 0.0536842 0.0553472 0.0562597 0.0566723 0.0568019 0.0567565 0.0564891 0.0557709 0.0541947 0.0512554 0.046542 0.0399957 0.0320828 0.0237328
 0.00585356 0.00918741 0.0132517 0.0178809 0.0229578 0.0284004 0.0340686 0.0397036 0.0449632 0.0495056 0.0530597 0.0554724 0.0567456 0.0570475 0.0566703 0.0559415 0.0551137 0.0542637 0.0532269 0.0515955 0.0488193 0.0444216 0.0382725 0.0307734 0.0228035
 0.00619015 0.00971325 0.0140045 0.018885 0.0242247 0.0299285 0.0358378 0.0416677 0.047048 0.0516149 0.0550847 0.0572976 0.0582469 0.0580851 0.0570932 0.0556139 0.0539642 0.0523318 0.0506768 0.048687 0.0458485 0.041658 0.0359129 0.0289198 0.0214652
 0.00655613 0.0102791 0.0148033 0.0199321 0.0255216 0.0314667 0.0375972 0.0436097 0.0491089 0.0537062 0.0570989 0.0591178 0.0597558 0.05917 0.0576436 0.0555226 0.0531416 0.0507405 0.0483733 0.0458438 0.0427365 0.0385903 0.0331708 0.0266922 0.0198212
