SBPRF35
7.78865
Curr Bio
572525
B35
674963
F35
0.225641
FOFL
0.201025
OFL
92687.9
Bzero
2.22533e+006
#pred survey bio
 4.50218e+006 4.24727e+006 4.01137e+006 3.72223e+006 3.41672e+006 3.1192e+006 2.82242e+006 2.49509e+006 2.21563e+006 1.95253e+006 1.71424e+006 1.50453e+006 1.32595e+006 1.18362e+006 1.0452e+006 922369 826167 765974 730864 693915 689034 660902 648808 630735 610165 600019 583679 583428 575835 569940 562475 556932 551450 553411 537842 520053 515612 509741 516432 536368 548180 551889 557880 559831 560874 565227 559713 563519 565922 563944 570611 587806 585770 572793 532249 521442 520681 526246 513878 501278 484469 510449 537583 573274 2.11982e+007 1.28322e+007 1.30754e+007 1.36174e+007 1.43111e+007 1.50051e+007 1.56176e+007 1.61189e+007 1.65097e+007 1.68049e+007 1.70234e+007 1.71832e+007 1.72994e+007 1.73837e+007 1.74451e+007 1.74899e+007 1.75228e+007 1.75471e+007 1.75651e+007 1.75786e+007 1.75887e+007 1.75963e+007 1.76021e+007 1.76065e+007 1.76099e+007 1.76125e+007 1.76144e+007 1.76159e+007 1.76171e+007 1.7618e+007 1.76187e+007 1.76192e+007 1.76196e+007 1.762e+007 1.76202e+007 1.76204e+007 1.76205e+007 1.76206e+007 1.76207e+007 1.76208e+007 1.76209e+007 1.76209e+007 1.76209e+007 1.7621e+007 1.7621e+007 1.7621e+007 1.7621e+007 1.7621e+007 1.7621e+007 1.7621e+007 1.7621e+007 1.7621e+007 1.7621e+007 1.7621e+007 1.7621e+007 1.7621e+007 1.7621e+007 1.7621e+007 1.7621e+007 1.7621e+007 1.7621e+007 1.7621e+007 1.7621e+007 1.7621e+007 1.7621e+007 1.7621e+007 1.7621e+007 1.7621e+007 1.7621e+007 1.7621e+007 1.7621e+007 1.7621e+007 1.7621e+007 1.7621e+007 1.7621e+007 1.7621e+007 1.7621e+007 1.7621e+007 1.7621e+007 1.7621e+007 1.7621e+007 1.7621e+007 1.7621e+007 1.7621e+007 1.7621e+007 1.7621e+007 1.7621e+007 1.7621e+007 1.7621e+007 1.7621e+007 1.7621e+007 1.7621e+007 1.7621e+007 1.7621e+007 1.7621e+007 1.7621e+007 1.7621e+007 1.7621e+007 1.7621e+007 1.7621e+007 0 0 0 0 0 0 0 0 0 0 0 0 0 0 0 0 0 0 0 0 0 0 0 0 0
#obs survey bio
 4.15189e+006 3.23908e+006 2.4109e+006 2.37424e+006 3.17072e+006 3.44435e+006 2.75818e+006 2.49088e+006 1.33043e+006 1.6162e+006 1.85798e+006 959627 1.36547e+006 983480 1.05204e+006 631689 974474 735840 736357 732568 527848 734411 723516 534318 794301 665112 711131 325173 623942 498904 597560 509139 460426 658660 558005 493860 664198 608620 569942 459006 576383 736782 476724 405140 697853 452450 743653 544693 676686 512824 672396 633393 706236 524358 573324 669968 628689 429116 525895 366508 462507 411609 698538 590282
#pred catch bio
 97870 93413.9 164243 206237 227911 256387 313227 296976 305198 301459 290218 273006 247505 246762 232909 207577 173383 148938 147262 117338 134267 117575 120221 119487 108037 111153 96278.9 101994 99879.8 100321 97715.8 96848.2 89525.6 101626 99509.1 87126 91664 85779.5 78131.1 86086.9 92238.9 89751.5 93566.7 95215.5 93174.6 101514 93401.6 94623.4 98214.2 91193.8 82969.5 98896.6 106992 128937 103019 94557.8 88768.4 102987 102632 106608 73185.4 76070.2 72115.3 77096.8 92687.9 103250 103962 106938 111664 116605 120928 124366 126939 128782 130061 130929 131505 131883 132129 132286 132386 132450 132490 132516 132531 132541 132547 132551 132554 132555 132556 132557 132557 132557 132557 132557 132557 132557 132558 132558 132558 132558 132558 132558 132558 132558 132558 132558 132558 132558 132558 132558 132558 132558 132558 132558 132558 132558 132558 132558 132558 132558 132558 132558 132558 132558 132558 132558 132558 132558 132558 132558 132558 132558 132558 132558 132558 132558 132558 132558 132558 132558 132558 132558 132558 132558 132558 132558 132558 132558 132558 132558 132558 132558 132558 132558 132558 132558 132558 132558 132558 132558 132558 132558 0 0 0 0 0 0 0 0 0 0 0 0 0 0 0 0 0 0 0 0 0 0 0 0 0
#obs catch bio
 0 93089 165442 208076 230300 258925 318294 301471 311552 307578 295916 279716 252939 252234 238022 212186 175970 150443 149120 117837 135603 117600 120626 120125 108068 111333 96388.7 102571 100202 101066 98180.2 97710.2 90328.4 102826 100405 87516.5 92193.3 86027 78258.9 86134.6 91669.8 88951.3 93030.5 95096.6 92955.5 101621 93050.7 94539 97908.8 91243.4 82744.6 98599.9 106023 128386 102459 94036.3 88108.6 102255 101495 106579 72905.7 76245.9 72195.5 77096.2
#pred cpue bio
 4.42119e+006 4.16952e+006 3.93545e+006 3.64714e+006 3.3435e+006 3.04801e+006 2.75328e+006 2.42847e+006 2.15114e+006 1.89048e+006 1.65481e+006 1.44761e+006 1.2714e+006 1.13143e+006 995859 875830 782267 724241 690726 655422 651208 624494 613154 595962 576417 567003 551430 551256 543902 538218 531150 525934 520727 522999 508775 492272 487436 479985 485138 504442 516566 520665 526546 528121 528767 532901 527664 531436 533854 531919 538304 555151 553513 540901 501129 490240 489749 495624 483774 471139 454206 478769 504916 539499 1.9993e+007 1.21156e+007 1.22894e+007 1.27326e+007 1.33901e+007 1.40759e+007 1.46869e+007 1.51879e+007 1.55787e+007 1.58739e+007 1.60923e+007 1.62521e+007 1.63683e+007 1.64527e+007 1.6514e+007 1.65588e+007 1.65917e+007 1.6616e+007 1.6634e+007 1.66475e+007 1.66576e+007 1.66653e+007 1.66711e+007 1.66755e+007 1.66788e+007 1.66814e+007 1.66834e+007 1.66849e+007 1.66861e+007 1.6687e+007 1.66876e+007 1.66882e+007 1.66886e+007 1.66889e+007 1.66891e+007 1.66893e+007 1.66895e+007 1.66896e+007 1.66897e+007 1.66898e+007 1.66898e+007 1.66898e+007 1.66899e+007 1.66899e+007 1.66899e+007 1.66899e+007 1.669e+007 1.669e+007 1.669e+007 1.669e+007 1.669e+007 1.669e+007 1.669e+007 1.669e+007 1.669e+007 1.669e+007 1.669e+007 1.669e+007 1.669e+007 1.669e+007 1.669e+007 1.669e+007 1.669e+007 1.669e+007 1.669e+007 1.669e+007 1.669e+007 1.669e+007 1.669e+007 1.669e+007 1.669e+007 1.669e+007 1.669e+007 1.669e+007 1.669e+007 1.669e+007 1.669e+007 1.669e+007 1.669e+007 1.669e+007 1.669e+007 1.669e+007 1.669e+007 1.669e+007 1.669e+007 1.669e+007 1.669e+007 1.669e+007 1.669e+007 1.669e+007 1.669e+007 1.669e+007 1.669e+007 1.669e+007 1.669e+007 1.669e+007 1.669e+007 1.669e+007 1.669e+007 1.669e+007 0 0 0 0 0 0 0 0 0 0 0 0 0 0 0 0 0 0 0 0 0 0 0 0 0
#obs cpue bio
 3.38871e+006 2.83229e+006 2.57863e+006 3.62573e+006 2.57774e+006 3.60995e+006 2.37285e+006 1.83639e+006 2.223e+006 2.15758e+006 1.37586e+006 1.28099e+006 1.01491e+006 1.21784e+006 791294 918114 672590 729748 600525 635562 771363 796001 469566 603592 529687 534146 365635 780769 530592 429648 535388 398933 436281 419512 510575 520442 391869 441751 399716 735414 906987 500336 544827 547336 442304 606973 511494 470500 588710 432617 511158 672559 675750 558379 458013 453195 470595 737950 629324 429418 431471 469651 356738 632852
#pred surv len freq
 0.00465141 0.0075488 0.0113601 0.0160782 0.0216158 0.0277318 0.0339932 0.0398675 0.0449119 0.0489132 0.0518897 0.0539998 0.0554464 0.0564127 0.0570178 0.0572915 0.0571781 0.0565597 0.0552729 0.0531049 0.0497939 0.0450932 0.0389298 0.0315857 0.0237523
 0.00504489 0.00809071 0.0119997 0.0167201 0.0221629 0.0281433 0.0343169 0.0402139 0.0453767 0.0494961 0.0524658 0.0543639 0.0554068 0.0558815 0.0560557 0.0560915 0.055998 0.0556306 0.0547189 0.0529076 0.0498195 0.0451685 0.0389251 0.0314597 0.0235418
 0.00516626 0.00834333 0.0124748 0.0175178 0.0233452 0.0296753 0.0360369 0.0418712 0.0467318 0.0504215 0.0529721 0.054535 0.0553019 0.0554855 0.0553129 0.0549865 0.0546154 0.0541472 0.0533349 0.0517624 0.0489459 0.044509 0.0383912 0.0309907 0.0231256
 0.00531798 0.00857957 0.0128168 0.0179936 0.0240014 0.0305827 0.0372726 0.0434714 0.048634 0.0524373 0.0548263 0.05596 0.0561282 0.0556692 0.0548972 0.0540476 0.053244 0.0524646 0.0515029 0.0499576 0.0473105 0.0431169 0.037253 0.0300854 0.0224292
 0.00550766 0.00888376 0.0132664 0.0186138 0.0248076 0.0315767 0.0384423 0.0447976 0.0500984 0.0540179 0.0564703 0.0575521 0.0574867 0.0565883 0.0552132 0.0536887 0.0522389 0.0509228 0.0495888 0.0478659 0.0452359 0.0412208 0.0356405 0.028802 0.0214731
 0.00573142 0.00923829 0.0137833 0.0193178 0.025714 0.0326866 0.0397358 0.0462299 0.0516051 0.055529 0.057924 0.0588955 0.0586598 0.0575026 0.0557457 0.0537065 0.0516459 0.0497033 0.0478262 0.0457294 0.0429448 0.0389985 0.0336706 0.0271996 0.0202764
 0.00595666 0.00960416 0.0143334 0.0200923 0.0267424 0.0339753 0.041256 0.047913 0.0533524 0.0572312 0.059481 0.0602286 0.059714 0.058237 0.0561165 0.0536524 0.0510925 0.0485928 0.04616 0.0436001 0.0405362 0.0365491 0.0314162 0.0253169 0.0188499
 0.00625042 0.0100758 0.0150328 0.0210636 0.0280177 0.035564 0.0431297 0.0499961 0.0555252 0.059346 0.0613855 0.0617896 0.0608353 0.0588667 0.0562385 0.0532672 0.0501977 0.0471802 0.0442377 0.0412303 0.0378635 0.0337949 0.0288325 0.0231189 0.0171602
 0.00649432 0.0104716 0.0156279 0.0219033 0.0291389 0.0369839 0.0448326 0.0519249 0.0575842 0.0614129 0.0633252 0.0634679 0.0621318 0.0596879 0.0565267 0.0529996 0.0493768 0.0458234 0.0423788 0.0389386 0.0352688 0.0310954 0.026266 0.0209038 0.0154347
 0.00674529 0.0108775 0.0162352 0.0227558 0.0302712 0.0384111 0.046537 0.0538477 0.0596287 0.0634572 0.0652383 0.0651232 0.0634174 0.060514 0.0568304 0.0527462 0.0485586 0.0444573 0.0405087 0.0366454 0.0326859 0.0284134 0.0237111 0.0186874 0.0136963
 0.00705982 0.0113722 0.0169495 0.0237173 0.0314937 0.0398912 0.0482461 0.0557258 0.0615855 0.0653817 0.067012 0.0666326 0.0645641 0.0612209 0.0570443 0.0524368 0.0477168 0.0430959 0.0386681 0.0344047 0.0301752 0.0258154 0.0212396 0.0165417 0.0120091
 0.00731809 0.0117977 0.0175997 0.0246474 0.032744 0.0414672 0.0501005 0.0577555 0.0636493 0.0673314 0.0687188 0.0679987 0.0655223 0.0617286 0.0570779 0.0519874 0.0467876 0.0417041 0.0368523 0.0322375 0.0277758 0.0233512 0.018906 0.0145204 0.0104206
 0.00752556 0.0121359 0.0181118 0.0253772 0.0337313 0.0427372 0.051649 0.0595348 0.0655639 0.0692458 0.0704778 0.0694549 0.0665618 0.0622855 0.0571327 0.051553 0.0458937 0.0403887 0.0351642 0.0302486 0.0255941 0.0211246 0.0168061 0.0127058 0.00899598
 0.00769965 0.0124141 0.0185222 0.0259448 0.0344764 0.0436717 0.0527701 0.0608194 0.0669662 0.070698 0.0718923 0.0707292 0.0675886 0.0629688 0.057404 0.0513807 0.0452822 0.0393699 0.0337912 0.0285961 0.0237647 0.0192502 0.0150348 0.0111733 0.00779159
 0.00791736 0.0127665 0.0190491 0.0266813 0.0354442 0.0448678 0.0541551 0.0623151 0.0684686 0.072099 0.0730994 0.0716739 0.0682247 0.0632667 0.0573457 0.0509597 0.0445058 0.0382635 0.0324008 0.0269907 0.0220384 0.0175197 0.0134266 0.00979905 0.00672123
 0.00805823 0.0130086 0.0194379 0.0272674 0.0362729 0.0459611 0.0554928 0.0638267 0.0700399 0.0735937 0.0743844 0.0726424 0.0688111 0.0634498 0.0571405 0.0504021 0.0436396 0.037134 0.0310579 0.0254964 0.0204729 0.0159805 0.0120174 0.00860902 0.00580286
 0.00817404 0.0131893 0.0196976 0.0276186 0.0367299 0.0465423 0.0562178 0.0647052 0.071057 0.074698 0.0754873 0.0736321 0.0695776 0.0639093 0.057251 0.0501635 0.0430834 0.0363102 0.0300253 0.0243207 0.0192291 0.0147535 0.0108936 0.00766102 0.00507253
 0.00828563 0.0133474 0.0198924 0.0278273 0.0369248 0.0467039 0.0563468 0.0648268 0.0712164 0.0749462 0.0758618 0.0741372 0.0701726 0.0645136 0.0577639 0.0504932 0.0431696 0.0361334 0.0296041 0.0237032 0.0184837 0.0139598 0.0101324 0.00700005 0.00455382
 0.00828161 0.0133456 0.0198974 0.0278434 0.0369514 0.0467308 0.0563539 0.0647929 0.0711348 0.0748396 0.0757839 0.0741562 0.0703426 0.0648469 0.05822 0.0509882 0.0436023 0.0364162 0.0296856 0.0235771 0.0181844 0.0135497 0.00968464 0.00658116 0.00420971
 0.00838246 0.013493 0.0200888 0.0280665 0.0371884 0.0469646 0.0565706 0.0649799 0.071276 0.0749153 0.0757794 0.074075 0.0702141 0.0647204 0.0581434 0.0509837 0.0436532 0.0364737 0.029691 0.0234874 0.0179886 0.0132705 0.0093669 0.00627458 0.00395249
 0.00826637 0.0133141 0.0198379 0.0277413 0.0367933 0.0465111 0.0560802 0.0644872 0.0708295 0.0745709 0.0755874 0.0740656 0.0703896 0.065058 0.0586056 0.0515277 0.0442332 0.037039 0.0301878 0.0238684 0.0182271 0.0133692 0.00935586 0.00619862 0.00385524
 0.00837825 0.0134799 0.0200573 0.0280028 0.0370766 0.0467909 0.056329 0.0646763 0.0709313 0.0745641 0.0754653 0.0738431 0.0701026 0.064755 0.0583344 0.0513228 0.0441093 0.0369893 0.0301882 0.0238849 0.0182276 0.0133347 0.00928568 0.00610731 0.00376302
 0.00836703 0.0134649 0.0200402 0.0279862 0.0370618 0.0467758 0.0563071 0.0646395 0.0708741 0.0744878 0.0753781 0.0737563 0.0700275 0.0647011 0.0583105 0.0513371 0.0441666 0.037087 0.030313 0.0240149 0.0183385 0.0134085 0.0093166 0.0061026 0.00373758
 0.00831921 0.0134029 0.019976 0.0279406 0.0370588 0.0468326 0.0564262 0.0648052 0.0710566 0.0746516 0.0754917 0.0738007 0.0699999 0.0646146 0.0581885 0.0512068 0.0440523 0.0370053 0.0302696 0.0240041 0.0183465 0.0134193 0.00931886 0.00609281 0.00371921
 0.00837374 0.0134743 0.0200526 0.0280037 0.037091 0.0468298 0.0564044 0.0647955 0.0710893 0.0747388 0.0756185 0.0739315 0.0700947 0.0646451 0.0581476 0.0511077 0.0439208 0.0368698 0.0301523 0.0239165 0.0182885 0.0133832 0.00929496 0.00607374 0.00370197
 0.00840447 0.0135158 0.0200984 0.0280403 0.037099 0.0467876 0.0562949 0.0646153 0.0708563 0.074494 0.0754163 0.0738195 0.0700938 0.0647416 0.0583025 0.051276 0.0440695 0.0369847 0.0302354 0.0239769 0.0183348 0.0134195 0.00932184 0.00609098 0.00371051
 0.00854333 0.0137246 0.0203805 0.0283858 0.0374855 0.0471824 0.056657 0.0648985 0.0710171 0.0745032 0.0752713 0.0735487 0.0697498 0.0643843 0.0579793 0.0510101 0.0438606 0.0368203 0.0301022 0.0238676 0.0182474 0.0133536 0.00927547 0.00606029 0.00369108
 0.00854385 0.0137262 0.0203843 0.0283925 0.0374947 0.0471915 0.0566607 0.0648899 0.0709903 0.0744554 0.0752041 0.0734683 0.0696663 0.0643113 0.0579314 0.0509985 0.0438878 0.0368782 0.0301759 0.0239414 0.0183106 0.0134019 0.00930915 0.00608196 0.00370382
 0.00854185 0.0137329 0.0204124 0.0284595 0.0376171 0.0473768 0.0569003 0.0651573 0.0712467 0.0746599 0.0753239 0.0734861 0.0695833 0.0641456 0.0577133 0.0507628 0.043666 0.036692 0.0300341 0.0238419 0.0182448 0.0133597 0.00928257 0.00606543 0.0036938
 0.00849534 0.0136639 0.0203218 0.0283545 0.037512 0.0472923 0.0568608 0.0651852 0.0713535 0.0748382 0.0755454 0.0737089 0.0697649 0.0642566 0.0577443 0.0507242 0.0435813 0.0365886 0.0299353 0.0237617 0.0181874 0.0133229 0.00926071 0.00605318 0.00368716
 0.00852995 0.0137079 0.0203656 0.0283824 0.0375077 0.047247 0.05678 0.0650898 0.0712735 0.0748024 0.075571 0.0737946 0.0698909 0.0643906 0.0578532 0.0507847 0.0435869 0.0365489 0.0298691 0.0236891 0.0181233 0.0132741 0.0092279 0.00603321 0.00367599
 0.00853778 0.0137235 0.0203935 0.0284264 0.0375671 0.047313 0.0568345 0.0651106 0.071245 0.0747264 0.0754692 0.0737005 0.0698346 0.0643859 0.0578926 0.0508456 0.0436433 0.0365822 0.0298738 0.023671 0.0180938 0.0132438 0.00920342 0.00601647 0.00366599
 0.00839628 0.0135253 0.0201542 0.028181 0.0373607 0.0471848 0.0568042 0.065173 0.071374 0.0748849 0.0756217 0.0738239 0.0699245 0.0644537 0.0579559 0.0509163 0.0437214 0.036658 0.0299355 0.0237117 0.0181139 0.0132493 0.00920129 0.0060122 0.00366235
 0.00804475 0.012996 0.0194381 0.0273026 0.0363775 0.0461812 0.0558837 0.064445 0.0709318 0.0747791 0.0758447 0.0743153 0.0705941 0.06521 0.0587258 0.0516515 0.0443936 0.0372505 0.0304377 0.0241179 0.0184249 0.0134735 0.00935301 0.00610834 0.00371927
 0.00808063 0.0130133 0.01939 0.0271245 0.0360094 0.0456004 0.0551305 0.0636228 0.0701771 0.0742181 0.0755571 0.0743191 0.0708529 0.065652 0.0592679 0.0522199 0.044935 0.037734 0.030849 0.0244527 0.0186847 0.013664 0.00948396 0.00619212 0.00376892
 0.00885049 0.01411 0.0207508 0.028586 0.0373437 0.0465816 0.0555954 0.0635049 0.0695134 0.0731373 0.0742515 0.0729995 0.0696963 0.0647636 0.0586719 0.0518779 0.0447784 0.0376926 0.0308674 0.0244945 0.0187296 0.0137021 0.00951186 0.00621021 0.00377935
 0.00942788 0.0150307 0.0220939 0.0303887 0.0395651 0.0490624 0.0580402 0.0655226 0.0707269 0.0733168 0.073397 0.0713297 0.0675571 0.0625128 0.0565904 0.0501297 0.0434154 0.036687 0.0301527 0.0239976 0.0183887 0.0134718 0.00935991 0.00611376 0.00372131
 0.00935277 0.015007 0.0222406 0.0308783 0.0405795 0.0507186 0.0603161 0.0682205 0.0734936 0.0757169 0.0750205 0.0719032 0.067023 0.0610402 0.0545084 0.0478154 0.0411888 0.0347529 0.0285965 0.0228169 0.0175337 0.0128777 0.00896434 0.00586306 0.00357161
 0.00895836 0.0144156 0.0214507 0.0299406 0.0396086 0.0498948 0.0598694 0.0683817 0.0744105 0.0773669 0.0771722 0.0741634 0.0689565 0.0623096 0.054971 0.0475405 0.0403978 0.0337199 0.0275578 0.0219222 0.0168435 0.0123887 0.00864146 0.00566296 0.00345517
 0.00863752 0.0138923 0.020663 0.0288387 0.0381767 0.0481829 0.0580231 0.0666468 0.0730952 0.0767652 0.0774717 0.0753709 0.0708738 0.064578 0.0571783 0.0493478 0.0416309 0.0343856 0.0277909 0.0219012 0.016721 0.012259 0.00854405 0.00560277 0.00342287
 0.00856507 0.0137606 0.0204375 0.0284743 0.0376234 0.0473988 0.0569941 0.0654083 0.0717501 0.0754872 0.0764845 0.0748963 0.0710589 0.0654307 0.0585454 0.0509566 0.0431804 0.0356452 0.028659 0.0224016 0.0169525 0.0123349 0.0085515 0.00559114 0.00341205
 0.00867278 0.0139133 0.0206241 0.0286663 0.0377765 0.0474586 0.0569037 0.0651171 0.0712276 0.0747418 0.0755817 0.0739647 0.0702717 0.0649603 0.058503 0.0513441 0.0438829 0.0364752 0.0294294 0.0229901 0.0173252 0.0125269 0.00862671 0.00560804 0.00340824
 0.00881101 0.0141197 0.0208998 0.0289975 0.0381346 0.0478026 0.0571822 0.0652733 0.0712075 0.0745074 0.075125 0.0733187 0.0695152 0.0642108 0.0578942 0.0509872 0.0438267 0.036685 0.0298025 0.0234006 0.0176734 0.0127666 0.00876164 0.00566868 0.00342818
 0.00881411 0.0141495 0.0209892 0.0291891 0.0384664 0.0482853 0.0577819 0.0659103 0.0717748 0.0749 0.0752661 0.0731749 0.0691017 0.06359 0.057167 0.0502751 0.0432422 0.0362999 0.0296273 0.0233895 0.0177513 0.0128639 0.00883665 0.00571018 0.00344361
 0.0087537 0.0140623 0.0208804 0.0290757 0.0383787 0.0482656 0.0578771 0.0661567 0.0721775 0.0754166 0.0758076 0.0736289 0.0693689 0.0636163 0.0569589 0.0498945 0.0427854 0.0358672 0.0292932 0.0231839 0.0176606 0.0128483 0.00885386 0.00573135 0.00345691
 0.00865746 0.0139137 0.0206721 0.0288079 0.0380614 0.0479217 0.0575447 0.0658885 0.072033 0.0754454 0.0760296 0.0740193 0.0698573 0.064105 0.0573539 0.0501371 0.0428686 0.0358309 0.0292012 0.0230951 0.0176088 0.0128384 0.00887152 0.00575788 0.00347954
 0.00870057 0.0139741 0.0207448 0.0288819 0.0381223 0.0479562 0.0575452 0.0658557 0.0719768 0.0753847 0.0759891 0.0740234 0.0699192 0.0642168 0.0574845 0.0502416 0.0429079 0.0357898 0.0290945 0.0229585 0.0174801 0.0127418 0.00881274 0.0057292 0.00346876
 0.00866349 0.0139168 0.020664 0.0287757 0.03799 0.0477974 0.0573615 0.065653 0.0717684 0.0751927 0.0758424 0.0739515 0.0699444 0.0643456 0.0577025 0.0505144 0.043189 0.0360349 0.0292755 0.0230706 0.0175379 0.0127675 0.00882518 0.00573831 0.00347718
 0.00869827 0.0139616 0.0207095 0.0288065 0.0379882 0.0477503 0.057266 0.065517 0.0716063 0.0750206 0.0756762 0.0738076 0.0698406 0.0642996 0.0577261 0.0506068 0.043334 0.0362039 0.029437 0.0232011 0.017628 0.0128215 0.00885424 0.0057535 0.00348579
 0.00872699 0.014014 0.0207982 0.0289436 0.0381797 0.0479872 0.0575201 0.0657439 0.0717598 0.0750688 0.0756116 0.0736469 0.0696164 0.0640502 0.057488 0.0504088 0.0431925 0.0361205 0.0294 0.0231918 0.0176289 0.012822 0.00885109 0.00574826 0.00348088
 0.00861497 0.0138475 0.0205773 0.028681 0.0378991 0.0477204 0.0573014 0.0656035 0.0717149 0.0751167 0.0757298 0.0738018 0.0697769 0.0641978 0.0576189 0.0505295 0.0433124 0.0362454 0.0295289 0.0233173 0.0177408 0.0129119 0.00891595 0.00579034 0.0035056
 0.00845129 0.0135852 0.0201909 0.028153 0.0372278 0.0469303 0.0564515 0.0647856 0.0710359 0.0746709 0.0755735 0.0739404 0.0701686 0.0647698 0.0582886 0.0512238 0.0439783 0.036851 0.0300579 0.0237622 0.0180993 0.0131858 0.00911218 0.00592079 0.00358544
 0.0085711 0.0137542 0.0203966 0.028365 0.0374032 0.0470239 0.0564275 0.0646263 0.0707479 0.0742881 0.0751528 0.0735493 0.0698669 0.0645934 0.0582425 0.0512869 0.0441155 0.0370262 0.0302424 0.0239368 0.0182521 0.0133106 0.0092068 0.00598682 0.0036275
 0.00872866 0.0140098 0.0207781 0.0288921 0.0380761 0.0478094 0.0572494 0.0653715 0.0712933 0.0745375 0.0750669 0.073155 0.0692448 0.0638516 0.057488 0.0506024 0.0435482 0.0365897 0.0299264 0.0237197 0.0181103 0.0132229 0.00915579 0.00595913 0.00361351
 0.00892901 0.0143543 0.0213305 0.0297201 0.039233 0.0493034 0.059014 0.0672553 0.0730785 0.0759848 0.075969 0.0733843 0.0687825 0.0627895 0.0560019 0.0489046 0.0418386 0.0350203 0.0285881 0.0226474 0.017298 0.0126402 0.0087609 0.0057077 0.00346414
 0.00875412 0.0140965 0.0209947 0.0293368 0.0388605 0.0490256 0.058931 0.0674619 0.0736304 0.0768636 0.077067 0.0745229 0.0697607 0.0634432 0.0562482 0.048757 0.0413888 0.0343999 0.0279263 0.0220413 0.0168017 0.0122694 0.00850554 0.00554491 0.00336811
 0.00869587 0.0139759 0.0207673 0.0289506 0.038276 0.0482452 0.0580233 0.0665635 0.0729175 0.076502 0.0771606 0.0750786 0.0706817 0.0645532 0.057342 0.0496598 0.0420012 0.0347109 0.0279948 0.0219584 0.0166548 0.0121203 0.00838581 0.00546256 0.00331803
 0.00874202 0.0140283 0.0208023 0.0289269 0.0381391 0.0479392 0.0575087 0.0658382 0.0720358 0.0755817 0.0763669 0.0745819 0.0706005 0.0649097 0.0580516 0.0505603 0.0429096 0.0354805 0.0285499 0.0222964 0.0168222 0.01218 0.00839227 0.00545088 0.0033052
 0.00901931 0.0144531 0.021391 0.0296718 0.039003 0.0488523 0.058367 0.0665118 0.0723948 0.0755356 0.0759013 0.073775 0.0696079 0.06392 0.0572272 0.0499895 0.0425895 0.0353395 0.0284925 0.0222469 0.0167458 0.0120789 0.00828658 0.00536032 0.00323949
 0.00921249 0.0147672 0.0218626 0.0303313 0.0398644 0.0498972 0.0595304 0.0676791 0.0734173 0.0762611 0.0762101 0.073609 0.0689898 0.062953 0.0560729 0.0488247 0.0415575 0.0345162 0.0278834 0.0218109 0.0164293 0.0118408 0.00810501 0.00522643 0.00314783
 0.00941922 0.0150935 0.0223361 0.0309719 0.0406819 0.0508861 0.0606611 0.0688887 0.0746076 0.0773065 0.0769759 0.0739778 0.0688897 0.0623816 0.0551045 0.0475969 0.0402382 0.0332609 0.0268008 0.0209485 0.0157832 0.0113779 0.00778497 0.00501343 0.00301317
 0.0091909 0.0147375 0.0218304 0.0303118 0.0398869 0.0500087 0.0597925 0.068154 0.0741419 0.0772177 0.0773071 0.0746868 0.0698547 0.0634325 0.0560713 0.0483567 0.0407424 0.0335325 0.0269065 0.0209628 0.0157623 0.0113516 0.00776325 0.0049968 0.0030004
 0.00907538 0.0145438 0.0215285 0.0298713 0.0392856 0.0492458 0.0589024 0.067213 0.0732614 0.0765253 0.0769198 0.0746831 0.0702506 0.0641698 0.0570275 0.0493767 0.0416821 0.0342958 0.0274603 0.0213269 0.0159836 0.0114794 0.00783504 0.00503617 0.00302093
 0.00872829 0.0140298 0.0208474 0.0290531 0.0383784 0.0482976 0.0579513 0.0662912 0.0724096 0.0758041 0.0764099 0.0744708 0.0704024 0.0647066 0.0579079 0.0504987 0.0429045 0.0354741 0.0284822 0.0221334 0.016569 0.0118744 0.008085 0.00518536 0.00310479
#obs surv len freq
 nan nan nan nan nan nan nan nan nan nan nan nan nan nan nan nan nan nan nan nan nan nan nan nan nan
 0.0044838 0.00734477 0.0111744 0.0159906 0.0216913 0.027967 0.0342813 0.0400128 0.0446926 0.0481566 0.0505146 0.0520106 0.052903 0.0534155 0.0537298 0.0539848 0.0542634 0.0545561 0.0546949 0.0542868 0.0527249 0.049357 0.0438067 0.0362866 0.0276701
 0.00461392 0.00755806 0.0114983 0.0164508 0.0223054 0.0287347 0.0351752 0.0409753 0.0456442 0.0490115 0.0511967 0.0524651 0.0531017 0.0533572 0.0534361 0.0534922 0.053615 0.0537942 0.0538582 0.053412 0.0518505 0.0485257 0.0430629 0.0356679 0.0271972
 0.00477717 0.00782504 0.0119031 0.0170261 0.0230764 0.0297088 0.0363306 0.0422562 0.0469657 0.0502731 0.0522976 0.0533162 0.0536354 0.0535341 0.0532484 0.0529617 0.0527865 0.0527267 0.0526174 0.0520679 0.0504778 0.0472046 0.0418727 0.0346743 0.0264365
 0.00496841 0.00813844 0.0123795 0.017705 0.0239887 0.0308645 0.0377065 0.0437908 0.048567 0.0518341 0.0537113 0.0544846 0.0544743 0.0539778 0.0532553 0.0525196 0.051915 0.0514754 0.0510621 0.0503057 0.048624 0.0453865 0.0402163 0.0332823 0.0253667
 0.00517918 0.00848271 0.0129008 0.0184454 0.0249813 0.0321213 0.0392057 0.045471 0.0503348 0.0535802 0.0553257 0.0558664 0.0555347 0.0546416 0.0534633 0.0522326 0.0511202 0.0501937 0.0493541 0.0482744 0.0464122 0.043165 0.0381599 0.0315368 0.024017
 0.0054048 0.00885326 0.0134654 0.0192523 0.0260683 0.0335015 0.0408521 0.0473122 0.052265 0.0554799 0.0570804 0.0573757 0.0567141 0.05542 0.0537805 0.0520404 0.0503867 0.0489141 0.0475643 0.0460651 0.0439342 0.0406184 0.0357624 0.0294773 0.0224116
 0.00564453 0.00924496 0.0140588 0.0200955 0.0271992 0.034934 0.0425612 0.0492278 0.0542805 0.0574717 0.0589271 0.0589702 0.0579684 0.0562639 0.0541582 0.051906 0.0497041 0.0476648 0.0457644 0.0437867 0.041321 0.0378807 0.0331443 0.0272009 0.020621
 0.00588367 0.00963715 0.0146554 0.0209466 0.0283442 0.0363864 0.0442933 0.0511654 0.0563139 0.0594765 0.0607839 0.0605754 0.0592366 0.0571268 0.0545613 0.051805 0.0490632 0.046461 0.0440029 0.0415243 0.0386879 0.0350833 0.030435 0.0248196 0.0187315
 0.0061282 0.0100375 0.0152631 0.0218115 0.0295052 0.0378562 0.0460429 0.0531184 0.0583569 0.0614807 0.0626265 0.0621521 0.0604652 0.0579458 0.054925 0.0516776 0.0484151 0.0452715 0.0422734 0.0393018 0.0360896 0.032304 0.0277226 0.0224174 0.016812
 0.00637034 0.010435 0.0158686 0.0226762 0.0306687 0.0393307 0.0477968 0.0550709 0.0603898 0.0634615 0.0644304 0.063675 0.0616277 0.0586919 0.0552173 0.0514909 0.0477307 0.0440774 0.0405743 0.0371409 0.0335727 0.0296108 0.0250869 0.0200737 0.014931
 0.00660645 0.0108233 0.0164612 0.0235243 0.0318122 0.0407823 0.0495252 0.0569951 0.0623901 0.0654029 0.0661851 0.0651367 0.0627175 0.0593572 0.055428 0.0512324 0.046997 0.0428686 0.0389039 0.0350535 0.0311669 0.0270508 0.0225865 0.0178497 0.0131431
 0.00681675 0.0111709 0.0169949 0.0242933 0.0328563 0.0421163 0.0511232 0.0587843 0.0642607 0.0672284 0.0678433 0.0665228 0.0637507 0.0599827 0.0556145 0.0509674 0.0462807 0.0417102 0.0373257 0.0331044 0.0289405 0.024696 0.0202947 0.0158144 0.011507
 0.00704094 0.0115341 0.0175392 0.0250571 0.0338675 0.0433811 0.0526138 0.0604339 0.065971 0.068887 0.0693407 0.0677645 0.0646632 0.0605151 0.0557378 0.0506709 0.0455674 0.0405944 0.0358355 0.0312917 0.0268951 0.022553 0.0182233 0.0139831 0.0100388
 0.00731384 0.011977 0.0182036 0.0259879 0.0350916 0.0448905 0.0543507 0.0622893 0.0678042 0.0705565 0.0707312 0.0687989 0.0652999 0.06074 0.0555555 0.0500973 0.0446249 0.0393108 0.0342473 0.0294541 0.0248936 0.0205093 0.0162844 0.0122918 0.00869581
 0.00742904 0.0121831 0.0185486 0.0265283 0.0358798 0.0459546 0.0556745 0.0638049 0.069402 0.0721077 0.0721114 0.0699054 0.0660612 0.0611187 0.0555436 0.0497083 0.043885 0.0382534 0.0329139 0.027901 0.0232008 0.0187844 0.0146533 0.0108739 0.0075732
 0.00751789 0.0123192 0.0187399 0.0267816 0.0362062 0.046375 0.0562187 0.064502 0.070263 0.0731087 0.0731873 0.0709587 0.0669833 0.0618122 0.0559391 0.0497697 0.0436068 0.0376538 0.0320298 0.0267876 0.0219345 0.017463 0.0133867 0.00976435 0.00669088
 0.00757084 0.0124022 0.0188587 0.0269389 0.0364011 0.046603 0.0564744 0.064784 0.0705805 0.0734828 0.0736425 0.0715048 0.0675977 0.0624347 0.0564836 0.0501474 0.0437476 0.0375201 0.0316204 0.0261351 0.0211019 0.016537 0.0124656 0.0089394 0.00602593
 0.00767483 0.0125595 0.0190734 0.0272066 0.0367099 0.0469358 0.0568102 0.0651005 0.0708579 0.0737109 0.0738266 0.0716659 0.0677631 0.0626228 0.0566881 0.0503314 0.0438525 0.0374848 0.0314026 0.0257262 0.0205314 0.0158671 0.0117766 0.0083095 0.00551185
 0.00771286 0.0126225 0.0191699 0.0273441 0.0368917 0.0471569 0.0570555 0.0653456 0.0710771 0.0738855 0.0739513 0.0717494 0.0678244 0.0626835 0.0567636 0.0504211 0.0439346 0.0375191 0.0313433 0.0255412 0.0202173 0.0154541 0.0113201 0.00787191 0.00514338
 0.00777883 0.0127207 0.0193011 0.0275037 0.0370719 0.0473499 0.0572544 0.0655438 0.0712649 0.07405 0.0740779 0.0718272 0.0678517 0.0626695 0.0567255 0.0503758 0.0438895 0.0374656 0.0312592 0.0254 0.0200036 0.0151746 0.0110041 0.00756104 0.00487557
 0.00782585 0.0127946 0.0194071 0.0276437 0.0372431 0.047543 0.0574535 0.0657289 0.071418 0.0741604 0.0741446 0.0718557 0.0678487 0.0626405 0.0566752 0.0503105 0.0438152 0.0373845 0.0311657 0.0252822 0.0198502 0.0149841 0.0107897 0.00734719 0.00468778
 0.0078636 0.0128526 0.0194882 0.0277483 0.0373692 0.0476863 0.0576071 0.0658829 0.0715596 0.0742766 0.0742249 0.0718953 0.0678492 0.0626084 0.0566191 0.0502382 0.0437327 0.0372951 0.031069 0.0251743 0.0197262 0.0148428 0.0106374 0.00719728 0.00455591
 0.00787371 0.012867 0.0195061 0.0277679 0.0373884 0.047704 0.0576241 0.0659019 0.0715846 0.074311 0.0742696 0.0719479 0.0679041 0.0626585 0.0566583 0.0502628 0.0437414 0.0372879 0.0310457 0.0251338 0.0196674 0.0147665 0.0105488 0.00710592 0.00447267
 0.00787767 0.0128697 0.0195033 0.0277537 0.0373567 0.0476516 0.0575534 0.0658212 0.0715069 0.0742502 0.0742382 0.0719528 0.0679459 0.062731 0.0567501 0.0503606 0.0438328 0.0373635 0.0310997 0.0251633 0.0196717 0.0147478 0.0105124 0.00705982 0.00442605
 0.00787905 0.0128678 0.0194928 0.0277269 0.0373055 0.0475703 0.057442 0.0656868 0.0713632 0.0741154 0.0741311 0.07189 0.0679372 0.0627781 0.0568456 0.0504898 0.0439776 0.037506 0.0312252 0.0252619 0.0197391 0.0147843 0.010523 0.00705224 0.00440916
 0.00790201 0.0129009 0.0195344 0.027772 0.037346 0.0475966 0.0574439 0.0656563 0.0712964 0.0740158 0.0740099 0.0717649 0.0678286 0.0627035 0.0568156 0.0505059 0.0440322 0.0375853 0.0313127 0.0253429 0.019803 0.0148265 0.010544 0.00705688 0.00440388
 0.00789323 0.0128878 0.0195168 0.0277502 0.0373205 0.0475671 0.0574091 0.0656142 0.0712452 0.0739548 0.0739414 0.0716943 0.0677645 0.0626566 0.0567961 0.0505206 0.0440819 0.0376638 0.0314081 0.0254409 0.0198904 0.0148947 0.01059 0.00708285 0.00441514
 0.00788576 0.012874 0.0194932 0.027713 0.0372669 0.0474975 0.0573283 0.0655307 0.0711686 0.0738923 0.0738957 0.0716642 0.0677479 0.0626523 0.0568057 0.0505476 0.0441294 0.0377319 0.0314925 0.0255325 0.0199784 0.0149695 0.0106462 0.00711981 0.00443605
 0.00784517 0.0128088 0.0193968 0.0275802 0.0370958 0.0472918 0.0570995 0.0652986 0.0709582 0.0737283 0.0737967 0.0716387 0.0677928 0.0627557 0.0569511 0.0507185 0.0443128 0.0379185 0.0316749 0.0257035 0.0201304 0.0150957 0.0107426 0.00718687 0.00447803
 0.00785639 0.0128171 0.0193909 0.0275437 0.0370119 0.0471497 0.0569013 0.0650602 0.070706 0.0734923 0.0736043 0.0715105 0.0677402 0.06278 0.0570438 0.0508641 0.0444923 0.0381138 0.0318706 0.0258878 0.020294 0.015232 0.0108483 0.00726207 0.00452673
 0.00783454 0.0127875 0.0193565 0.0275095 0.0369804 0.0471173 0.0568561 0.0649856 0.0705894 0.0733339 0.0734205 0.0713299 0.0675941 0.0626929 0.0570279 0.050918 0.0446042 0.0382654 0.0320419 0.0260603 0.0204533 0.0153679 0.0109553 0.00733964 0.00457802
 0.00778626 0.0127065 0.0192309 0.0273288 0.0367408 0.0468274 0.0565402 0.0646802 0.0703311 0.0731471 0.0733112 0.0712908 0.0676146 0.0627667 0.0571535 0.0510945 0.0448259 0.0385194 0.0323099 0.026322 0.0206904 0.0155674 0.0111109 0.00745148 0.00465173
 0.007774 0.0126816 0.0191839 0.0272474 0.0366122 0.0466426 0.0562996 0.0643967 0.0700308 0.0728642 0.073081 0.0711396 0.0675538 0.0627928 0.0572537 0.0512535 0.0450298 0.0387551 0.0325627 0.026575 0.020926 0.0157707 0.0112727 0.00756978 0.00473074
 0.00775141 0.0126476 0.0191376 0.0271885 0.0365398 0.0465539 0.0561887 0.0642573 0.06986 0.0726676 0.0728746 0.0709484 0.0674058 0.0627107 0.0572488 0.0513244 0.0451649 0.0389376 0.032774 0.0267963 0.0211393 0.0159602 0.0114275 0.00768549 0.00480948
 0.00930663 0.014821 0.0217532 0.0298649 0.038802 0.0480112 0.0566749 0.0638541 0.0688104 0.0712517 0.0713216 0.0694085 0.0659646 0.0614149 0.0561243 0.0503836 0.0444085 0.0383553 0.0323471 0.0265006 0.0209481 0.015847 0.0113676 0.00765833 0.0047999
 0.00930798 0.0151093 0.0226911 0.0318994 0.0422691 0.0528716 0.062348 0.069313 0.0729475 0.0733162 0.0711666 0.0674303 0.06283 0.0577764 0.0524613 0.0469791 0.0413994 0.0357921 0.0302343 0.0248175 0.0196581 0.014902 0.0107112 0.00722966 0.004539
 0.00897427 0.0145897 0.0219728 0.0310407 0.0414486 0.052419 0.0627008 0.070858 0.0757834 0.077081 0.0750862 0.0706102 0.0646261 0.0580168 0.0514115 0.0451297 0.0392386 0.0336759 0.0283641 0.0232771 0.0184594 0.0140181 0.0100957 0.00682755 0.00429442
 0.00879888 0.0142917 0.0215017 0.0303464 0.0405018 0.0512471 0.0614305 0.0697395 0.0751638 0.0773049 0.0763404 0.0727844 0.0672893 0.0605579 0.0532842 0.0460574 0.0392666 0.0330698 0.0274506 0.0223222 0.0176231 0.0133658 0.00963091 0.00652214 0.00410917
 0.00872418 0.0141656 0.021302 0.0300465 0.0400727 0.0506643 0.0606862 0.0688621 0.0742392 0.0764907 0.0758531 0.0728425 0.0680157 0.0618892 0.0549517 0.0476761 0.0404917 0.0337278 0.0275715 0.0220737 0.0172067 0.0129393 0.00928072 0.00627399 0.00395278
 0.00869442 0.0141157 0.0212238 0.0299299 0.0399061 0.0504348 0.0603818 0.0684739 0.0737675 0.0759558 0.0753101 0.0723912 0.0677895 0.062012 0.0554733 0.0485227 0.0414732 0.0346119 0.028182 0.0223533 0.0172124 0.0127859 0.009079 0.00609515 0.00382469
 0.00868009 0.014089 0.0211772 0.0298543 0.0397926 0.0502778 0.060181 0.0682343 0.0734962 0.0756599 0.0749983 0.0720823 0.0675231 0.061852 0.0554927 0.0487693 0.0419326 0.0351955 0.0287565 0.0227987 0.0174701 0.0128701 0.00904962 0.00601883 0.00374814
 0.00867962 0.0140884 0.0211764 0.0298523 0.0397866 0.0502622 0.0601473 0.0681726 0.0733983 0.0755218 0.0748226 0.0718778 0.0673066 0.0616506 0.0553457 0.0487216 0.0420169 0.0354106 0.0290578 0.0231117 0.0177235 0.0130255 0.0091103 0.00601577 0.00371744
 0.00870129 0.0141227 0.0212259 0.0299185 0.0398687 0.0503562 0.0602444 0.0682594 0.0734579 0.0755374 0.0747816 0.0717752 0.0671477 0.061452 0.0551346 0.0485335 0.0418884 0.0353674 0.0291023 0.0232189 0.0178507 0.013132 0.00917402 0.00603743 0.00371193
 0.00865727 0.0140613 0.0211523 0.029844 0.0398079 0.0503218 0.0602433 0.0682906 0.073514 0.0756064 0.0748487 0.0718255 0.0671684 0.0614363 0.0550849 0.0484629 0.0418187 0.0353229 0.0291002 0.023261 0.0179225 0.0132097 0.00923672 0.00607538 0.00372731
 0.00864288 0.0140318 0.0210976 0.0297529 0.0396737 0.0501491 0.0600525 0.0681148 0.0733883 0.0755544 0.0748743 0.0719135 0.067292 0.0615671 0.0552004 0.0485516 0.0418811 0.0353692 0.0291447 0.0233145 0.0179867 0.0132773 0.0092967 0.00611942 0.00375355
 0.00864324 0.0140314 0.0210945 0.0297437 0.0396524 0.0501078 0.0599831 0.0680136 0.0732608 0.0754181 0.0747553 0.0718375 0.0672739 0.0616048 0.0552778 0.0486461 0.0419734 0.035449 0.0292114 0.0233729 0.0180417 0.0133298 0.00934336 0.00615615 0.00377835
 0.0086283 0.0140099 0.0210673 0.0297131 0.0396215 0.0500783 0.0599545 0.0679821 0.0732212 0.075366 0.0746911 0.071769 0.0672151 0.0615716 0.0552803 0.0486842 0.0420374 0.0355248 0.0292868 0.0234413 0.0181011 0.0133804 0.00938521 0.00618851 0.00380094
 0.00862692 0.0140052 0.021056 0.0296912 0.0395857 0.0500288 0.0598958 0.0679226 0.0731692 0.0753264 0.0746634 0.0717487 0.0671986 0.0615589 0.0552765 0.048696 0.0420687 0.0355739 0.0293469 0.023504 0.0181597 0.0134307 0.00942565 0.00621886 0.00382194
 0.00862501 0.0140054 0.0210619 0.0297074 0.0396156 0.0500715 0.0599446 0.0679663 0.0731965 0.0753305 0.0746443 0.0717115 0.0671501 0.0615053 0.0552232 0.0486483 0.0420323 0.0355531 0.0293428 0.0235141 0.0181787 0.0134531 0.00944698 0.00623655 0.00383499
 0.00862501 0.0140054 0.0210619 0.0297074 0.0396156 0.0500715 0.0599446 0.0679663 0.0731965 0.0753305 0.0746443 0.0717115 0.0671501 0.0615053 0.0552232 0.0486483 0.0420323 0.0355531 0.0293428 0.0235141 0.0181787 0.0134531 0.00944698 0.00623655 0.00383499
 0.00856001 0.0139031 0.0209151 0.0295133 0.0393787 0.0498062 0.0596762 0.0677278 0.0730203 0.0752384 0.0746414 0.0717875 0.0672854 0.0616781 0.055414 0.048842 0.0422184 0.0357255 0.0294983 0.0236507 0.0182949 0.0135476 0.00951943 0.00628831 0.00386912
 0.0086397 0.0140226 0.0210757 0.0297083 0.0395934 0.0500196 0.0598637 0.0678646 0.0730875 0.0752285 0.0745609 0.0716538 0.0671206 0.0615026 0.0552431 0.0486859 0.0420829 0.0356137 0.029411 0.0235873 0.0182527 0.0135227 0.009507 0.00628368 0.00386849
 0.0088095 0.0142975 0.0214855 0.030275 0.0403209 0.0508802 0.0607882 0.0687473 0.0738085 0.0756874 0.0747038 0.071482 0.0666822 0.0608739 0.0545086 0.0479225 0.0413509 0.0349539 0.0288467 0.0231275 0.0178964 0.013261 0.00932601 0.00616664 0.00379824
 0.00901859 0.0146463 0.0220254 0.0310549 0.0413719 0.052192 0.0622887 0.0702992 0.0752326 0.0768037 0.0753717 0.0716288 0.0663113 0.0600581 0.053369 0.0466014 0.0399844 0.0336526 0.0276876 0.0221539 0.0171228 0.0126804 0.00891615 0.00589617 0.00363259
 0.00887132 0.0144347 0.0217608 0.030772 0.0411267 0.0520553 0.0623339 0.0705856 0.0757834 0.0775857 0.0762905 0.072545 0.0670773 0.0605578 0.0535461 0.0464668 0.0396034 0.0331198 0.0270999 0.0215908 0.0166368 0.0122962 0.00863621 0.00570792 0.00351605
 0.00876991 0.0142495 0.0214473 0.0302838 0.0404369 0.0511848 0.0613728 0.0696877 0.0751286 0.0773233 0.0764912 0.0731803 0.0680297 0.0616552 0.0546084 0.0473491 0.0402257 0.0334722 0.0272274 0.0215658 0.0165329 0.0121706 0.00852367 0.00562314 0.00346009
 0.00884061 0.0143457 0.0215555 0.0303746 0.0404665 0.0511026 0.0611345 0.0692742 0.0745652 0.0766915 0.0759176 0.0728007 0.0679406 0.0618766 0.0550768 0.0479432 0.0408107 0.0339429 0.0275328 0.0217094 0.0165549 0.0121234 0.00845244 0.00555657 0.00341052
 0.00891985 0.0144792 0.0217634 0.0306735 0.0408596 0.0515665 0.06161 0.0696709 0.0747852 0.0766634 0.0756279 0.0723059 0.0673534 0.0613295 0.0546766 0.0477361 0.0407743 0.0340074 0.0276179 0.0217577 0.0165457 0.0120675 0.00837511 0.00548167 0.00335195
 0.00895546 0.0145416 0.0218659 0.0308321 0.04109 0.0518782 0.0619983 0.0701098 0.075224 0.0770318 0.0758501 0.0723243 0.0671525 0.0609485 0.0542 0.0472644 0.040387 0.0337385 0.0274545 0.0216603 0.0164741 0.0119984 0.00830443 0.00541619 0.00329944
 0.00900863 0.0146285 0.0219974 0.0310185 0.0413389 0.052191 0.0623668 0.0705144 0.075635 0.0774118 0.0761563 0.0725119 0.0671827 0.060801 0.0538864 0.0468321 0.0399074 0.0332837 0.027074 0.0213705 0.0162647 0.011848 0.00819411 0.00533478 0.00324153
 0.00867752 0.0141096 0.0212555 0.0300415 0.040149 0.0508571 0.0610121 0.0693061 0.0747491 0.0769845 0.0762446 0.0730808 0.0681209 0.0619534 0.0550933 0.0479631 0.0408831 0.0340778 0.0276984 0.0218527 0.0166307 0.0121166 0.0083799 0.00545306 0.00330958
 0.0086114 0.0139615 0.0209587 0.0295129 0.0393141 0.0496886 0.0595641 0.0677208 0.0732293 0.0757437 0.0754571 0.072847 0.0684513 0.0627724 0.0562593 0.0493034 0.042233 0.0353119 0.0287447 0.0226879 0.0172651 0.0125764 0.00869618 0.00565732 0.00343179
 0.00852889 0.013834 0.0207765 0.0292638 0.0389765 0.0492272 0.0589338 0.0668874 0.0722005 0.0745943 0.074331 0.0719259 0.0679027 0.0626987 0.0566694 0.0501159 0.0433048 0.0364798 0.0298653 0.0236628 0.0180467 0.0131594 0.00910238 0.00592131 0.00359094
#pred catch len freq
 0.0034813 0.00557779 0.00827749 0.0115824 0.015516 0.0200925 0.0252508 0.0308221 0.0365551 0.0421678 0.0473932 0.052016 0.0559013 0.0589947 0.0612903 0.0627886 0.0634691 0.06328 0.0621253 0.0598401 0.0561837 0.0509137 0.0439687 0.0356794 0.0268326
 0.0037945 0.00601377 0.00880231 0.0121295 0.0160186 0.0205266 0.0256573 0.0312825 0.0371281 0.042825 0.0479977 0.0523652 0.0558122 0.058389 0.0602401 0.0615028 0.0622258 0.0623291 0.0615995 0.059714 0.0563031 0.0510801 0.0440332 0.0355933 0.0266368
 0.00392866 0.00626303 0.00922978 0.0127995 0.0169659 0.0217188 0.0269784 0.0325623 0.0382132 0.0436425 0.0485619 0.0527175 0.0559461 0.0582277 0.059688 0.0605321 0.060933 0.0609168 0.0602944 0.0586707 0.055553 0.0505503 0.0436156 0.035213 0.026278
 0.00408897 0.00651198 0.00958835 0.013294 0.0176394 0.0226367 0.0282119 0.0341437 0.040081 0.0456173 0.0503836 0.0541339 0.0567958 0.0584618 0.0593316 0.0596388 0.059577 0.0592171 0.0584247 0.056826 0.0538894 0.0491456 0.0424751 0.0343077 0.0255787
 0.00427266 0.00680166 0.0100079 0.0138611 0.0183657 0.0235298 0.0292784 0.0353943 0.041529 0.0472613 0.0521712 0.0559285 0.0583796 0.05959 0.0598095 0.059377 0.0585998 0.0576407 0.0564286 0.0546253 0.0516997 0.0471442 0.0407753 0.0329565 0.0245721
