SBPRF35
9.58293
Curr Bio
629062
B35
756862
F35
0.195648
FOFL
0.158597
OFL
78904.4
Bzero
2.73798e+006
#pred survey bio
 4.36142e+006 4.14705e+006 3.93825e+006 3.69399e+006 3.40913e+006 3.07856e+006 2.77748e+006 2.48348e+006 2.1966e+006 1.93076e+006 1.68389e+006 1.50579e+006 1.31155e+006 1.17111e+006 1.03504e+006 920673 818907 750715 709690 662477 634694 615072 595308 585516 573600 571558 569461 554479 551994 550465 547475 557351 554109 553136 547877 536238 533138 526818 528672 536092 537793 546325 558962 564947 569446 578859 579474 596810 611760 623099 635124 2.19274e+007 1.33956e+007 1.38692e+007 1.47491e+007 1.58465e+007 1.69672e+007 1.79886e+007 1.88541e+007 1.95525e+007 2.00973e+007 2.05128e+007 2.08248e+007 2.1057e+007 2.12289e+007 2.1356e+007 2.145e+007 2.15198e+007 2.15718e+007 2.16107e+007 2.164e+007 2.16622e+007 2.16791e+007 2.1692e+007 2.17019e+007 2.17096e+007 2.17155e+007 2.17201e+007 2.17237e+007 2.17265e+007 2.17287e+007 2.17305e+007 2.17318e+007 2.17329e+007 2.17338e+007 2.17344e+007 2.17349e+007 2.17354e+007 2.17357e+007 2.1736e+007 2.17362e+007 2.17363e+007 2.17365e+007 2.17366e+007 2.17366e+007 2.17367e+007 2.17368e+007 2.17368e+007 2.17368e+007 2.17369e+007 2.17369e+007 2.17369e+007 2.17369e+007 2.17369e+007 2.17369e+007 2.17369e+007 2.17369e+007 2.17369e+007 2.17369e+007 2.1737e+007 2.1737e+007 2.1737e+007 2.1737e+007 2.1737e+007 2.1737e+007 2.1737e+007 2.1737e+007 2.1737e+007 2.1737e+007 2.1737e+007 2.1737e+007 2.1737e+007 2.1737e+007 2.1737e+007 2.1737e+007 2.1737e+007 2.1737e+007 2.1737e+007 2.1737e+007 2.1737e+007 2.1737e+007 2.1737e+007 2.1737e+007 2.1737e+007 2.1737e+007 2.1737e+007 2.1737e+007 2.1737e+007 2.1737e+007 2.1737e+007 2.1737e+007 2.1737e+007 2.1737e+007 2.1737e+007 2.1737e+007 2.1737e+007 2.1737e+007 2.1737e+007 2.1737e+007 2.1737e+007 2.1737e+007 0 0 0 0 0 0 0 0 0 0 0 0 0 0 0 0 0 0 0 0 0 0 0 0 0
#obs survey bio
 3.03823e+006 4.56761e+006 2.76839e+006 3.58242e+006 3.59798e+006 3.04937e+006 2.69219e+006 2.58018e+006 1.75914e+006 1.86638e+006 1.88677e+006 1.37448e+006 911850 759278 727481 736028 658532 866015 566445 698317 466866 638944 588428 648924 621677 439812 401880 629591 412634 709662 617672 484989 513845 708598 763764 470920 740889 563972 639795 399460 551209 810060 427297 745759 425282 549119 505243 824471 521442 595041 487984
#pred catch bio
 102685 105428 151728 208165 273838 272761 291409 308058 309219 308619 260051 283664 242663 242527 223853 210708 178429 151943 153430 133595 124913 123445 113574 114077 104865 104366 113283 100500 98261.4 97923.5 86406.6 96973.8 93146.8 93658.8 95211.1 86335.1 90985.6 87212 84946.9 90598.8 84741.7 81548.9 87620.5 89142.3 85939.7 94962.1 83002.2 87637.4 93012.9 94359 111382 78904.4 97133.3 99377 104569 111874 119502 126395 132118 136607 139988 142458 144220 145456 146310 146894 147290 147557 147735 147853 147932 147984 148019 148041 148056 148066 148072 148077 148079 148081 148082 148083 148084 148084 148084 148084 148084 148084 148084 148084 148084 148084 148084 148084 148084 148084 148084 148084 148084 148084 148084 148084 148084 148084 148084 148084 148084 148084 148084 148084 148084 148084 148084 148084 148084 148084 148084 148084 148084 148084 148084 148084 148084 148084 148084 148084 148084 148084 148084 148084 148084 148084 148084 148084 148084 148084 148084 148084 148084 148084 148084 148084 148084 148084 148084 148084 148084 148084 148084 148084 148084 0 0 0 0 0 0 0 0 0 0 0 0 0 0 0 0 0 0 0 0 0 0 0 0 0
#obs catch bio
 0 105138 151850 208819 275709 274398 294159 311562 312635 313379 262489 288219 246219 248225 228788 214828 181741 153604 155463 134454 126308 125083 114905 115545 105890 105911 115455 101267 99277.7 98875.8 86575.5 98195.5 94430 94329.4 95824.9 86659.1 90897.8 86775.1 84471.6 90422.1 84383.7 80722.3 87081.8 88409.4 85114.4 94315.5 82763.4 87221.8 92601.8 93907.5 111522
#pred cpue bio
 4.29932e+006 4.08844e+006 3.88178e+006 3.63814e+006 3.35425e+006 3.02519e+006 2.72536e+006 2.4328e+006 2.14764e+006 1.88354e+006 1.6386e+006 1.46181e+006 1.2695e+006 1.13028e+006 995993 883623 783998 717570 677984 632349 605352 586182 566991 557599 546161 544240 542357 528195 526151 524956 522373 532110 529104 528727 524498 513857 510453 502998 503921 511146 513140 521792 534246 540029 544354 553290 553439 569981 584377 595125 606693 2.09565e+007 1.28132e+007 1.31766e+007 1.39411e+007 1.50007e+007 1.61133e+007 1.71331e+007 1.79984e+007 1.86967e+007 1.92415e+007 1.9657e+007 1.9969e+007 2.02012e+007 2.03731e+007 2.05002e+007 2.05942e+007 2.0664e+007 2.0716e+007 2.07549e+007 2.07842e+007 2.08064e+007 2.08233e+007 2.08362e+007 2.08461e+007 2.08538e+007 2.08597e+007 2.08644e+007 2.08679e+007 2.08708e+007 2.0873e+007 2.08747e+007 2.0876e+007 2.08771e+007 2.0878e+007 2.08786e+007 2.08792e+007 2.08796e+007 2.08799e+007 2.08802e+007 2.08804e+007 2.08805e+007 2.08807e+007 2.08808e+007 2.08808e+007 2.08809e+007 2.0881e+007 2.0881e+007 2.0881e+007 2.08811e+007 2.08811e+007 2.08811e+007 2.08811e+007 2.08811e+007 2.08811e+007 2.08811e+007 2.08811e+007 2.08811e+007 2.08812e+007 2.08812e+007 2.08812e+007 2.08812e+007 2.08812e+007 2.08812e+007 2.08812e+007 2.08812e+007 2.08812e+007 2.08812e+007 2.08812e+007 2.08812e+007 2.08812e+007 2.08812e+007 2.08812e+007 2.08812e+007 2.08812e+007 2.08812e+007 2.08812e+007 2.08812e+007 2.08812e+007 2.08812e+007 2.08812e+007 2.08812e+007 2.08812e+007 2.08812e+007 2.08812e+007 2.08812e+007 2.08812e+007 2.08812e+007 2.08812e+007 2.08812e+007 2.08812e+007 2.08812e+007 2.08812e+007 2.08812e+007 2.08812e+007 2.08812e+007 2.08812e+007 2.08812e+007 2.08812e+007 2.08812e+007 2.08812e+007 0 0 0 0 0 0 0 0 0 0 0 0 0 0 0 0 0 0 0 0 0 0 0 0 0
#obs cpue bio
 4.20261e+006 5.78141e+006 4.07403e+006 2.14873e+006 2.67888e+006 2.29014e+006 2.03752e+006 2.04243e+006 2.59921e+006 1.4134e+006 1.44394e+006 1.29112e+006 1.25516e+006 961641 1.11936e+006 1.05233e+006 695102 667101 740458 669591 514649 442761 460825 428522 451321 405201 581072 652030 510522 397694 577341 317182 377507 608998 394150 556103 619830 638345 454259 610288 594489 638692 594576 548458 850638 615498 396452 583276 724134 607374 608721
#pred surv len freq
 0.00497088 0.00804157 0.0120486 0.0169564 0.0226399 0.0288132 0.0349986 0.0406357 0.045291 0.0488023 0.0512593 0.0528783 0.0538878 0.0544719 0.054754 0.0548003 0.0546337 0.0542404 0.0535436 0.0523395 0.0502486 0.0467811 0.0415685 0.0346693 0.0267255
 0.00529575 0.00845708 0.0124705 0.017249 0.0226686 0.0285189 0.034446 0.039996 0.0447599 0.0485034 0.0511943 0.0529491 0.0539684 0.0544815 0.0546946 0.0547457 0.0546821 0.0544559 0.0539125 0.0527659 0.050594 0.0469303 0.0414837 0.0344008 0.026376
 0.0055216 0.00884568 0.0130866 0.0181439 0.0238426 0.0298789 0.0357921 0.0410694 0.0453472 0.0485378 0.0507799 0.0522891 0.0532501 0.0538009 0.0540609 0.054139 0.0541057 0.0539434 0.0534947 0.0524317 0.0502847 0.0465721 0.0410366 0.0338854 0.02586
 0.00570343 0.00914213 0.0135371 0.0187925 0.0247356 0.0310537 0.0372513 0.0427469 0.0470843 0.0500974 0.0519108 0.0528177 0.0531475 0.0531784 0.0531001 0.0530095 0.0529231 0.0527737 0.0523748 0.0513785 0.0492946 0.0456296 0.040136 0.0330488 0.0251327
 0.00592189 0.00949088 0.0140507 0.0195008 0.0256615 0.0322091 0.038631 0.0443225 0.0487991 0.0518568 0.0535725 0.0541957 0.054046 0.0534539 0.0527162 0.0520483 0.051545 0.0511548 0.0506604 0.0496681 0.0476501 0.0440929 0.0387457 0.0318471 0.0241592
 0.0062192 0.00996231 0.0147381 0.0204357 0.0268603 0.0336663 0.0403111 0.0461581 0.0506997 0.0537247 0.0553108 0.0557041 0.0552095 0.0541426 0.052809 0.0514757 0.0503248 0.0493959 0.0485311 0.0473521 0.0453138 0.0418746 0.0367571 0.0301734 0.0228501
 0.00647884 0.0103813 0.015363 0.0213081 0.02801 0.0350995 0.0419982 0.048029 0.0526534 0.0556478 0.0570962 0.0572586 0.0564505 0.0549875 0.0531688 0.0512625 0.0494782 0.0479169 0.0465034 0.0449356 0.0427152 0.03931 0.0344187 0.0282038 0.021325
 0.00674839 0.0108131 0.0160016 0.0221922 0.0291674 0.0365381 0.0436952 0.0499234 0.0546505 0.057633 0.0589516 0.0588761 0.0577389 0.0558724 0.053586 0.0511507 0.0487812 0.0466025 0.0445939 0.0425334 0.0400052 0.0365328 0.0318216 0.0259875 0.0196035
 0.00706589 0.0113168 0.0167366 0.0231931 0.0304532 0.0381051 0.0455068 0.0519067 0.0567027 0.0596382 0.0607964 0.0604598 0.0589769 0.0566965 0.0539414 0.050991 0.0480655 0.0453018 0.0427123 0.040138 0.0372482 0.0336442 0.0290666 0.0236019 0.0177343
 0.0073624 0.0117965 0.0174541 0.0241968 0.0317763 0.03975 0.0474303 0.0540155 0.0588673 0.0617184 0.0626653 0.0620161 0.0601464 0.0574274 0.0541972 0.0507432 0.0472888 0.0439772 0.0408429 0.0377762 0.0345219 0.0307623 0.0262871 0.0211689 0.0158114
 0.00772761 0.01237 0.0182802 0.0253054 0.03318 0.0414402 0.0493682 0.0561245 0.0610354 0.0638116 0.0645466 0.0635642 0.0612691 0.0580672 0.054327 0.0503553 0.0463833 0.0425575 0.0389251 0.0354121 0.0318262 0.0279233 0.023545 0.0187584 0.0138966
 0.00798954 0.0127872 0.0188919 0.0261425 0.0342601 0.0427601 0.050896 0.0577977 0.0627697 0.0655151 0.0661308 0.0649461 0.0623704 0.0588158 0.0546627 0.0502352 0.0457829 0.0414704 0.0373661 0.0334309 0.0295258 0.0254701 0.0211511 0.0166352 0.0121967
 0.00839685 0.0134294 0.0198209 0.0273915 0.0358365 0.0446352 0.0529937 0.0599932 0.0649061 0.0674352 0.0677068 0.0660962 0.0630581 0.0590378 0.0544329 0.0495713 0.0446999 0.0399825 0.0354975 0.0312326 0.0270945 0.0229568 0.0187463 0.0145276 0.0105206
 0.00857005 0.0137266 0.020297 0.028107 0.0368445 0.0459597 0.0546088 0.0618158 0.0668082 0.0692693 0.0693318 0.0673963 0.063953 0.059486 0.0544273 0.0491286 0.0438477 0.0387516 0.0339237 0.0293692 0.0250292 0.0208204 0.0167014 0.0127341 0.00909264
 0.00874546 0.0140152 0.0207386 0.0287434 0.0377139 0.0470866 0.0559897 0.0634078 0.0685262 0.0709936 0.0709244 0.0687219 0.0649008 0.0599856 0.0544539 0.0486962 0.042996 0.037533 0.0323969 0.0276034 0.0231147 0.0188757 0.0148654 0.0111399 0.00783186
 0.00892089 0.0142931 0.0211439 0.0292961 0.0384276 0.0479659 0.0570256 0.0645735 0.0697766 0.0722676 0.0721477 0.0698101 0.065766 0.0605467 0.0546501 0.0484973 0.0424055 0.0365838 0.0311444 0.0261217 0.0214966 0.0172333 0.013321 0.00980475 0.00678015
 0.00905165 0.0145138 0.0214904 0.0298052 0.0391275 0.0488618 0.0580876 0.0657359 0.0709526 0.0733716 0.073112 0.070589 0.0663288 0.0608688 0.0547078 0.0482699 0.0418825 0.0357728 0.0300771 0.0248553 0.0201131 0.0158333 0.0120117 0.00868013 0.00589971
 0.00911898 0.0146116 0.0216177 0.029958 0.0393056 0.0490775 0.058368 0.0661148 0.0714539 0.0739916 0.0738141 0.0713114 0.0670014 0.0614277 0.0551017 0.0484595 0.0418396 0.0354825 0.0295446 0.0241123 0.01922 0.0148743 0.0110809 0.00786208 0.00525025
 0.00915661 0.0146589 0.021663 0.0299819 0.0392867 0.0490017 0.0582392 0.0659606 0.0713242 0.0739492 0.0739161 0.0715893 0.067446 0.0619875 0.055696 0.0489989 0.0422442 0.0356945 0.0295342 0.0238822 0.0188061 0.0143407 0.0105077 0.00732638 0.00480814
 0.0094118 0.0150388 0.0221687 0.0305884 0.0399464 0.0496525 0.0588125 0.0663912 0.0715632 0.0739792 0.0737615 0.0713122 0.0671267 0.0616979 0.0554766 0.0488491 0.0421283 0.0355594 0.0293302 0.0235797 0.0184056 0.0138729 0.0100235 0.00688072 0.00444287
 0.00955651 0.0152638 0.0224873 0.0310033 0.0404461 0.0502077 0.0593745 0.0668957 0.0719432 0.0741839 0.0737715 0.0711442 0.0668287 0.0613353 0.0551144 0.0485341 0.041877 0.0353568 0.0291406 0.0233654 0.0181444 0.0135674 0.00969914 0.00657368 0.00418512
 0.00955439 0.0152749 0.0225307 0.0311056 0.0406341 0.0504971 0.0597591 0.0673434 0.0724018 0.074592 0.0740728 0.0712998 0.0668257 0.0611902 0.0548679 0.0482385 0.04158 0.0350872 0.0289033 0.0231469 0.0179262 0.0133401 0.00946857 0.00635727 0.00400221
 0.0096054 0.0153478 0.0226229 0.0312108 0.0407478 0.0506229 0.059911 0.0675406 0.0726556 0.0748937 0.0743889 0.0715793 0.0670165 0.0612561 0.0548 0.0480563 0.0413225 0.0347982 0.0286175 0.0228822 0.017686 0.0131214 0.00927047 0.00618444 0.00386174
 0.00959484 0.0153306 0.0225966 0.031173 0.0406959 0.0505556 0.0598313 0.0674588 0.072592 0.0748761 0.0744437 0.0717183 0.0672267 0.0615 0.055028 0.0482248 0.0414087 0.0348037 0.028561 0.0227878 0.0175737 0.0130042 0.00915707 0.00608176 0.00377601
 0.00969338 0.0154718 0.022774 0.0313679 0.0408829 0.05071 0.0599355 0.067505 0.0725813 0.0748175 0.0743538 0.0716201 0.0671443 0.06145 0.0550118 0.0482273 0.0414059 0.0347745 0.0284963 0.0226921 0.0174598 0.0128867 0.00904765 0.00598821 0.00370233
 0.00961875 0.0153697 0.022655 0.0312525 0.040793 0.0506586 0.059919 0.0675057 0.0725784 0.0747994 0.0743244 0.0715957 0.0671451 0.0614913 0.0550983 0.0483514 0.041549 0.0349124 0.028607 0.0227624 0.0174883 0.0128815 0.00902142 0.00595343 0.00366847
 0.00940228 0.0150536 0.0222467 0.0307843 0.040316 0.05023 0.05959 0.0673122 0.0725338 0.0748922 0.0745213 0.0718543 0.0674284 0.0617775 0.05538 0.0486283 0.0418189 0.0351668 0.0288322 0.022945 0.0176207 0.0129648 0.0090643 0.00596843 0.00366795
 0.00947503 0.0151404 0.0223206 0.0308043 0.0402426 0.0500474 0.059322 0.0670185 0.072287 0.0747474 0.0744967 0.0719302 0.067563 0.0619275 0.0555161 0.0487398 0.0419091 0.0352437 0.0289007 0.0230041 0.0176661 0.0129932 0.00907603 0.00596776 0.00366066
 0.00944729 0.0150976 0.0222588 0.0307176 0.0401199 0.0498709 0.0590709 0.0666817 0.0718796 0.0743198 0.0741265 0.071696 0.0675129 0.0620615 0.0557917 0.0490942 0.0422832 0.035596 0.0292089 0.0232592 0.0178662 0.0131404 0.00917596 0.00602921 0.00369421
 0.0093573 0.0149642 0.0220823 0.0305066 0.0398891 0.0496356 0.0588429 0.0664657 0.0716734 0.0741189 0.0739329 0.0715269 0.0674021 0.0620481 0.055901 0.0493233 0.0426006 0.0359545 0.0295623 0.0235738 0.0181239 0.0133361 0.00931362 0.00611831 0.00374674
 0.0095198 0.0151792 0.0223156 0.0306979 0.039971 0.0495625 0.0586129 0.0661218 0.0712822 0.0737426 0.0736096 0.0712693 0.0672093 0.0619201 0.0558454 0.0493511 0.0427147 0.0361419 0.0297945 0.023816 0.0183454 0.0135176 0.00944828 0.00620907 0.00380226
 0.00935114 0.0149501 0.0220519 0.0304451 0.0397736 0.0494361 0.0585284 0.066018 0.0711028 0.0734737 0.0732925 0.0709793 0.0670181 0.0618674 0.0559333 0.0495568 0.0430071 0.0364897 0.0301671 0.0241824 0.018677 0.013793 0.00965758 0.00635423 0.00389387
 0.00907967 0.0145572 0.0215521 0.029888 0.039235 0.0490002 0.0582662 0.0659672 0.0712523 0.0737613 0.0736231 0.0712627 0.0672058 0.0619659 0.0559882 0.0496213 0.0431174 0.0366565 0.0303802 0.0244199 0.0189129 0.0140041 0.00982823 0.00647883 0.00397589
 0.0087921 0.0141061 0.0209067 0.029038 0.0382017 0.0478478 0.0571085 0.0649565 0.0705437 0.0734633 0.0737601 0.0717688 0.0679535 0.062814 0.0568254 0.0503884 0.0438014 0.0372687 0.0309337 0.0249175 0.0193473 0.0143643 0.0101074 0.00667854 0.00410662
 0.00872765 0.0139782 0.0206715 0.0286415 0.0375934 0.0470047 0.0560577 0.0637851 0.0693888 0.0724845 0.0731027 0.0715276 0.0681477 0.063383 0.0576508 0.0513335 0.0447503 0.0381478 0.0317095 0.0255813 0.0198998 0.0148072 0.0104443 0.00691796 0.00426349
 0.0094252 0.0149585 0.0218607 0.0298697 0.0386366 0.0476547 0.056184 0.0633597 0.0684777 0.0712233 0.071671 0.0701216 0.0669463 0.0625125 0.0571612 0.0511959 0.0448797 0.0384385 0.0320677 0.0259417 0.0202255 0.0150811 0.0106601 0.00707644 0.00437077
 0.00999774 0.0158606 0.0231566 0.0315775 0.040699 0.0499088 0.058351 0.0650855 0.0694315 0.0712142 0.0707173 0.0684341 0.0648459 0.0603309 0.0551658 0.0495536 0.0436524 0.0376027 0.031549 0.0256498 0.0200795 0.0150211 0.0106463 0.00708397 0.00438497
 0.00995293 0.0158788 0.0233518 0.0321104 0.0417329 0.0515374 0.0605301 0.0676046 0.0719445 0.0733176 0.072052 0.0687805 0.064182 0.0588317 0.0531411 0.0473508 0.0415666 0.0358244 0.0301561 0.0246331 0.0193803 0.0145648 0.0103634 0.00691808 0.00429385
 0.00964779 0.0154254 0.0227551 0.0314199 0.0410509 0.0510188 0.0603656 0.0679768 0.0729558 0.0749189 0.0740152 0.0707459 0.0657676 0.0597558 0.0533041 0.0468445 0.0406162 0.0346967 0.029076 0.0237384 0.0187192 0.0141212 0.01009 0.00676248 0.00421195
 0.00944139 0.0150884 0.0222476 0.0307105 0.0401322 0.0499299 0.0592128 0.0669366 0.0722473 0.074747 0.0745007 0.0718679 0.0673457 0.0614896 0.0548634 0.0479758 0.0412155 0.0348166 0.0288728 0.0233929 0.0183732 0.0138508 0.00991334 0.00666359 0.00416434
 0.00935797 0.0149553 0.0220507 0.0304351 0.0397625 0.0494505 0.0586165 0.0662388 0.0715026 0.0740587 0.0740115 0.0717243 0.0676435 0.0622222 0.0559038 0.0491098 0.0422163 0.0355257 0.0292447 0.0234852 0.0182966 0.0137134 0.00978582 0.00657465 0.0041139
 0.00941881 0.015019 0.022082 0.0303805 0.0395649 0.0490727 0.0580591 0.0655428 0.0707358 0.0732991 0.073339 0.0712223 0.0673972 0.0623013 0.0563304 0.0498301 0.043101 0.0364082 0.0299797 0.0239962 0.0185868 0.0138396 0.0098192 0.00657084 0.00410335
 0.00941032 0.0150121 0.0220821 0.0303912 0.0395798 0.0490665 0.0579861 0.065349 0.070384 0.0727922 0.0727291 0.070599 0.0668641 0.0619527 0.0562334 0.050009 0.0435259 0.0369945 0.0306103 0.0245599 0.0190137 0.0141147 0.00996965 0.0066403 0.00413044
 0.00938792 0.0149857 0.0220611 0.0303911 0.0396179 0.0491547 0.0581219 0.0655093 0.0705237 0.0728533 0.0726585 0.0703718 0.0665003 0.0615185 0.0558229 0.0497149 0.0434092 0.0370661 0.0308291 0.0248514 0.0193 0.0143419 0.0101192 0.00672227 0.00416748
 0.00954383 0.0152012 0.0223162 0.0306451 0.0398241 0.0492805 0.0581644 0.0654934 0.0704848 0.0728147 0.0726167 0.0702985 0.0663595 0.0612898 0.0555193 0.0493844 0.0431187 0.0368739 0.0307618 0.0248952 0.0194116 0.0144707 0.0102281 0.00679568 0.00420791
 0.00963055 0.0153411 0.0225224 0.0309239 0.040167 0.0496571 0.0585203 0.0657628 0.0706146 0.0727878 0.0724589 0.0700607 0.0660895 0.0610127 0.0552387 0.0490996 0.042841 0.0366306 0.0305837 0.0247995 0.0193921 0.0145021 0.0102793 0.00684315 0.00424091
 0.00967455 0.0154261 0.0226752 0.0311766 0.0405482 0.0501767 0.0591554 0.0664518 0.0712659 0.0733018 0.0727545 0.0700986 0.0658809 0.0606104 0.0547144 0.0485217 0.0422638 0.0360946 0.0301205 0.0244314 0.0191275 0.0143325 0.0101832 0.00679492 0.00421885
 0.0095927 0.0152939 0.0224796 0.0309116 0.0402225 0.0498223 0.0588311 0.0662327 0.0712195 0.0734584 0.0730901 0.0705411 0.0663363 0.0609955 0.0549803 0.0486595 0.0422948 0.0360549 0.0300475 0.0243559 0.01907 0.0143012 0.0101756 0.00680202 0.00423114
 0.00964754 0.0153646 0.0225516 0.0309591 0.0402144 0.0497334 0.0586537 0.0659845 0.0709436 0.0732154 0.0729415 0.0705277 0.0664609 0.0612199 0.0552407 0.0488915 0.042456 0.0361341 0.030059 0.0243272 0.0190283 0.0142655 0.010154 0.00679403 0.00423171
 0.00953448 0.0152204 0.0224064 0.0308615 0.0402133 0.0498518 0.0588698 0.0662352 0.0711512 0.0733226 0.0729351 0.0704395 0.066348 0.0611363 0.0552142 0.0489169 0.0425046 0.0361727 0.0300671 0.0243026 0.0189832 0.0142163 0.0101132 0.00676678 0.0042169
 0.00911533 0.0146115 0.0216266 0.0299802 0.0393378 0.049101 0.0583477 0.0660097 0.0712386 0.0736808 0.0734735 0.0710486 0.066937 0.0616577 0.0556633 0.0493108 0.0428587 0.0364883 0.0303346 0.0245122 0.0191333 0.0143154 0.0101747 0.00680374 0.00423901
#obs surv len freq
 nan nan nan nan nan nan nan nan nan nan nan nan nan nan nan nan nan nan nan nan nan nan nan nan nan
 0.00448368 0.0073449 0.0111752 0.0159926 0.0216951 0.0279729 0.034289 0.0400215 0.0447012 0.0481641 0.0505203 0.052014 0.0529041 0.0534145 0.0537271 0.0539807 0.0542584 0.0545505 0.0546889 0.0542807 0.0527187 0.0493512 0.0438015 0.0362823 0.0276669
 0.00461539 0.00756001 0.0115005 0.0164527 0.0223067 0.0287354 0.0351757 0.0409766 0.0456471 0.0490162 0.0512028 0.0524715 0.0531072 0.0533609 0.0534376 0.0534915 0.0536123 0.0537901 0.0538531 0.0534064 0.0518446 0.0485201 0.0430578 0.0356637 0.027194
 0.00477616 0.00782432 0.0119037 0.0170294 0.0230836 0.0297203 0.0363455 0.0422725 0.0469812 0.050286 0.0523073 0.0533228 0.0536394 0.0535358 0.0532474 0.0529578 0.0527797 0.0527172 0.0526058 0.0520549 0.0504643 0.0471914 0.0418608 0.0346643 0.0264288
 0.00496453 0.00813237 0.0123709 0.0176939 0.0239758 0.0308514 0.0376954 0.0437844 0.048567 0.0518409 0.0537235 0.0544996 0.0544897 0.0539917 0.0532669 0.0525285 0.051921 0.0514786 0.0510625 0.0503039 0.0486207 0.0453824 0.0402121 0.0332785 0.0253637
 0.00518106 0.00848592 0.0129059 0.0184529 0.0249915 0.0321341 0.0392203 0.0454865 0.0503501 0.0535946 0.0553391 0.0558784 0.0555448 0.0546488 0.0534663 0.0522308 0.0511133 0.0501821 0.0493384 0.0482556 0.0463915 0.043144 0.0381402 0.03152 0.0240039
 0.00541816 0.00887336 0.0134927 0.0192861 0.0261071 0.0335434 0.040895 0.0473536 0.0523023 0.0555106 0.0571025 0.0573883 0.0567172 0.0554142 0.053767 0.0520199 0.0503599 0.0488813 0.0475264 0.0460233 0.0438905 0.0405752 0.0357228 0.0294438 0.0223857
 0.00566416 0.00927667 0.014106 0.0201606 0.027283 0.0350341 0.0426712 0.0493376 0.0543787 0.0575487 0.0589772 0.0589922 0.0579641 0.0562372 0.0541133 0.051847 0.0496344 0.0475871 0.0456808 0.0436995 0.0412332 0.0377964 0.0330681 0.027137 0.0205719
 0.00590479 0.00967339 0.0147134 0.0210334 0.0284653 0.036543 0.0444793 0.051367 0.0565116 0.0596495 0.060915 0.0606537 0.0592587 0.057096 0.0544857 0.0516949 0.0489286 0.0463105 0.0438431 0.0413611 0.0385271 0.0349317 0.0302999 0.0247074 0.0186457
 0.00615622 0.0100827 0.0153306 0.0219061 0.0296307 0.0380145 0.0462322 0.0533314 0.0585808 0.0616979 0.062817 0.0622967 0.0605492 0.0579617 0.0548736 0.0515669 0.0482576 0.0450812 0.0420632 0.0390835 0.0358738 0.0321012 0.027543 0.0222691 0.0166993
 0.00637274 0.0104426 0.0158868 0.0227124 0.0307306 0.0394237 0.0479218 0.0552234 0.0605614 0.0636418 0.0646076 0.0638363 0.061759 0.0587793 0.0552496 0.0514628 0.0476443 0.0439412 0.0404014 0.0369463 0.0333714 0.0294174 0.0249138 0.0199303 0.014822
 0.00661004 0.010828 0.0164665 0.0235298 0.031819 0.0407942 0.0495492 0.0570399 0.0624629 0.0655057 0.0663132 0.0652792 0.0628598 0.0594835 0.0555232 0.0512839 0.046997 0.0428157 0.0388038 0.0349181 0.0310116 0.0268922 0.0224396 0.0177259 0.0130481
 0.00683883 0.0112024 0.0170343 0.0243361 0.0328965 0.0421483 0.051144 0.0587947 0.0642661 0.0672376 0.0678656 0.0665653 0.0638144 0.0600612 0.0556955 0.0510353 0.0463206 0.0417116 0.0372847 0.0330248 0.0288329 0.0245754 0.0201765 0.0157112 0.0114262
 0.00706733 0.0115794 0.0176116 0.0251641 0.034013 0.0435606 0.0528116 0.0606247 0.0661273 0.0689885 0.069381 0.0677517 0.0646145 0.0604491 0.0556679 0.050602 0.0454961 0.040513 0.0357365 0.0311722 0.0267589 0.0224102 0.0180869 0.0138651 0.00994682
 0.00727169 0.011912 0.0181129 0.0258726 0.0349585 0.044753 0.0542281 0.062203 0.0677712 0.0705821 0.0708071 0.068907 0.065421 0.0608606 0.0556693 0.0502026 0.0447201 0.0393916 0.0343075 0.0294882 0.0249 0.0204921 0.0162521 0.0122543 0.00866133
 0.00745316 0.0122129 0.0185761 0.0265406 0.035863 0.0459 0.0555839 0.0636919 0.0692885 0.0720169 0.0720609 0.0699021 0.0661006 0.0611879 0.055627 0.0497928 0.0439623 0.0383186 0.0329639 0.0279329 0.0232133 0.018779 0.0146347 0.0108489 0.00754841
 0.00754274 0.0123623 0.0188086 0.0268823 0.0363398 0.0465316 0.0563757 0.0646278 0.0703284 0.0730997 0.073111 0.0708401 0.0668533 0.0616963 0.0558502 0.0497087 0.043567 0.0376263 0.0320067 0.0267634 0.0219061 0.0174299 0.0133511 0.0097298 0.00666114
 0.00758458 0.0124249 0.0188939 0.0269906 0.0364736 0.0466998 0.0565956 0.0649233 0.0707227 0.0736054 0.0737208 0.0715214 0.0675502 0.0623371 0.0563602 0.0500224 0.0436375 0.037431 0.0315504 0.0260786 0.0210535 0.0164934 0.0124261 0.00890497 0.00599808
 0.00766729 0.0125493 0.0190618 0.0271965 0.0367054 0.0469413 0.0568304 0.065139 0.0709165 0.0737878 0.0739143 0.0717508 0.0678285 0.0626545 0.0566809 0.0502909 0.0437922 0.0374196 0.0313431 0.0256766 0.0204913 0.015834 0.0117487 0.00828603 0.0054931
 0.00774069 0.0126666 0.0192341 0.0274306 0.0370007 0.0472853 0.0571959 0.0654868 0.0712059 0.0739902 0.0740238 0.0717859 0.0678237 0.0626457 0.05669 0.0503157 0.0438056 0.0373786 0.031205 0.0254161 0.0201118 0.0153699 0.0112558 0.00782491 0.00511063
 0.00777967 0.0127265 0.0193178 0.0275394 0.0371345 0.0474434 0.0573763 0.0656841 0.0714088 0.0741813 0.0741829 0.0718972 0.0678825 0.062661 0.0566803 0.0502987 0.0437866 0.0373456 0.0311324 0.0252772 0.0198941 0.0150839 0.010934 0.00751042 0.00484132
 0.0078407 0.0128163 0.0194355 0.0276781 0.037283 0.04759 0.0575117 0.0658029 0.0715093 0.074265 0.0742516 0.0719504 0.0679169 0.0626725 0.0566675 0.0502652 0.0437385 0.037285 0.0310535 0.0251678 0.0197434 0.0148922 0.0107169 0.00729392 0.00465185
 0.00784378 0.0128237 0.0194509 0.0277053 0.0373243 0.0476437 0.0575706 0.0658565 0.071549 0.0742881 0.0742643 0.0719635 0.06794 0.0627091 0.0567136 0.0503122 0.0437771 0.0373077 0.0310536 0.0251387 0.0196799 0.0147947 0.0105945 0.00716337 0.00453186
 0.00787332 0.012863 0.0194942 0.0277428 0.0373456 0.0476431 0.0575508 0.0658274 0.071522 0.0742711 0.0742588 0.0719678 0.0679526 0.0627303 0.0567446 0.0503519 0.0438206 0.0373472 0.0310799 0.0251437 0.0196583 0.0147463 0.010525 0.00708408 0.00445574
 0.00787249 0.0128628 0.0194955 0.0277458 0.037349 0.047642 0.0575376 0.0657944 0.0714669 0.0742006 0.0741879 0.0719135 0.0679278 0.0627394 0.0567842 0.050414 0.0438955 0.0374244 0.0311492 0.0251956 0.0196862 0.0147479 0.0105039 0.00704822 0.00441529
 0.00790337 0.0129051 0.0195445 0.0277927 0.0373834 0.0476564 0.0575299 0.0657678 0.0714262 0.0741496 0.0741291 0.071851 0.0678686 0.0626932 0.0567596 0.050415 0.04392 0.0374653 0.0311963 0.0252387 0.0197168 0.0147614 0.0105004 0.00703216 0.00439332
 0.00792762 0.012943 0.0195985 0.0278628 0.0374657 0.0477421 0.0576054 0.0658172 0.0714373 0.0741187 0.0740626 0.0717622 0.0677725 0.0626029 0.0566846 0.0503615 0.0438907 0.0374586 0.0312068 0.0252579 0.019736 0.0147739 0.0105031 0.00702617 0.00438217
 0.00792564 0.0129409 0.0195974 0.0278646 0.0374726 0.0477561 0.0576267 0.0658437 0.0714636 0.0741374 0.0740662 0.0717469 0.0677399 0.0625595 0.0566399 0.0503246 0.0438679 0.0374525 0.0312156 0.025277 0.0197586 0.0147937 0.0105161 0.00703145 0.0043814
 0.007886 0.0128774 0.0195041 0.0277375 0.0373123 0.0475697 0.0574303 0.0656606 0.0713192 0.0740515 0.0740473 0.0717904 0.0678315 0.0626811 0.0567752 0.0504622 0.0440017 0.0375797 0.0313345 0.0253848 0.0198518 0.014869 0.0105717 0.00706814 0.00440262
 0.00786938 0.0128424 0.0194368 0.027621 0.0371317 0.04732 0.0571233 0.0653261 0.0709991 0.0737891 0.073877 0.0717305 0.0678825 0.0628272 0.0569896 0.0507147 0.0442651 0.0378336 0.0315659 0.0255862 0.0200194 0.0150012 0.0106694 0.00713485 0.00444411
 0.00786514 0.0128352 0.0194247 0.0276003 0.0370957 0.0472583 0.0570232 0.0651771 0.0707999 0.0735533 0.0736341 0.0715188 0.0677382 0.0627733 0.0570306 0.0508373 0.0444447 0.0380417 0.0317773 0.025782 0.0201878 0.0151365 0.0107708 0.00720523 0.00448889
 0.00783134 0.0127828 0.0193507 0.0275041 0.036979 0.0471254 0.0568804 0.0650315 0.0706568 0.0734156 0.0735034 0.0714005 0.0676442 0.0627214 0.0570384 0.0509142 0.0445868 0.0382326 0.0319927 0.0259971 0.0203823 0.0152979 0.0108941 0.00729196 0.00454481
 0.00780901 0.0127413 0.0192791 0.02739 0.0368128 0.0469065 0.0566215 0.0647586 0.0704023 0.073208 0.07336 0.0713251 0.0676308 0.0627614 0.0571255 0.0510461 0.0447617 0.0384443 0.0322278 0.0262365 0.0206056 0.0154887 0.0110435 0.00739902 0.00461482
 0.00777943 0.0126921 0.0192027 0.0272783 0.0366581 0.0467042 0.0563734 0.0644756 0.0701059 0.0729279 0.0731288 0.0711704 0.0675687 0.0627927 0.0572389 0.0512238 0.0449855 0.0386981 0.0324965 0.0265039 0.0208546 0.0157039 0.0112149 0.00752393 0.00469781
 0.00774728 0.0126409 0.0191279 0.0271759 0.0365256 0.0465412 0.0561824 0.0642631 0.0698818 0.0727055 0.0729245 0.0710033 0.0674582 0.0627547 0.0572809 0.0513426 0.0451683 0.0389264 0.0327495 0.0267612 0.0210978 0.0159171 0.0113875 0.00765213 0.00478452
 0.00935188 0.0148861 0.0218355 0.0299563 0.0388913 0.0480878 0.0567317 0.0638889 0.068825 0.0712508 0.0713106 0.0693918 0.0659447 0.0613916 0.0560963 0.0503493 0.044367 0.038307 0.0322934 0.0264436 0.020891 0.0157934 0.011321 0.00762111 0.00477282
 0.00933408 0.0151547 0.0227642 0.0320083 0.0424176 0.0530544 0.0625473 0.0695011 0.0730947 0.0734015 0.0711838 0.0673878 0.0627445 0.0576659 0.05234 0.0468563 0.0412799 0.0356783 0.0301275 0.0247193 0.0195706 0.0148271 0.0106505 0.00718379 0.00450698
 0.00898856 0.0146122 0.0220054 0.0310855 0.0415082 0.0524966 0.062799 0.0709761 0.0759143 0.0772101 0.0751937 0.0706776 0.0646427 0.057983 0.0513376 0.0450303 0.0391278 0.0335641 0.028258 0.0231804 0.0183744 0.0139465 0.0100385 0.00678479 0.00426482
 0.00878865 0.0142781 0.0214869 0.0303343 0.0404972 0.0512544 0.0614524 0.0697772 0.0752176 0.0773738 0.0764208 0.0728688 0.0673656 0.0606133 0.053309 0.0460489 0.0392293 0.0330129 0.0273841 0.0222545 0.0175601 0.0133112 0.00958658 0.00648861 0.00408574
 0.00872759 0.0141697 0.0213059 0.0300486 0.0400722 0.0506619 0.060685 0.0688668 0.0742544 0.0765189 0.0758939 0.0728925 0.0680694 0.0619394 0.0549904 0.0476963 0.0404893 0.0337035 0.0275303 0.0220231 0.0171544 0.0128912 0.00924059 0.00624333 0.00393133
 0.00870393 0.0141275 0.0212345 0.0299344 0.0398985 0.0504114 0.0603427 0.0684244 0.0737167 0.0759142 0.0752872 0.0723928 0.0678161 0.062059 0.0555318 0.0485819 0.0415231 0.0346453 0.0281963 0.0223505 0.0171975 0.0127651 0.00905762 0.00607675 0.00381085
 0.00869147 0.0141091 0.0212101 0.0299037 0.0398599 0.0503592 0.0602661 0.0683078 0.0735429 0.0756704 0.0749735 0.072032 0.0674616 0.061793 0.0554448 0.0487351 0.0419092 0.0351771 0.0287377 0.0227761 0.0174438 0.0128423 0.00902361 0.00599723 0.00373217
 0.00869017 0.0141055 0.0212019 0.0298884 0.0398351 0.0503243 0.0602223 0.0682563 0.0734822 0.075594 0.0748701 0.0718913 0.0672838 0.061598 0.0552753 0.0486467 0.0419475 0.0353512 0.0290083 0.0230698 0.0176868 0.0129931 0.00908268 0.00599376 0.00370141
 0.00867051 0.0140783 0.0211698 0.0298561 0.0398083 0.0503063 0.0602124 0.0682504 0.0734745 0.075579 0.0748434 0.0718483 0.0672205 0.0615132 0.0551775 0.048557 0.0418965 0.0353662 0.0290968 0.0232117 0.0178426 0.013123 0.00916463 0.00602854 0.0037045
 0.0086729 0.0140783 0.0211628 0.0298365 0.0397716 0.0502528 0.060149 0.068189 0.0734273 0.0755527 0.0748365 0.0718528 0.0672252 0.061509 0.0551599 0.0485292 0.0418704 0.0353586 0.0291221 0.023273 0.0179279 0.0132108 0.00923513 0.00607243 0.00372408
 0.0086487 0.0140445 0.0211219 0.0297936 0.0397321 0.0502193 0.0601199 0.0681597 0.0733948 0.0755185 0.074807 0.0718355 0.0672241 0.0615218 0.0551798 0.0485494 0.041888 0.035377 0.0291486 0.0233133 0.0179816 0.0132703 0.00928935 0.0061129 0.00374842
 0.00864121 0.0140282 0.0210904 0.0297394 0.0396503 0.0501117 0.0599974 0.0680406 0.0732977 0.075456 0.0747819 0.0718431 0.067257 0.061573 0.0552434 0.0486194 0.0419588 0.0354449 0.0292127 0.0233752 0.0180422 0.0133279 0.00934005 0.00615244 0.00377505
 0.00864208 0.0140312 0.0210974 0.0297521 0.0396682 0.0501304 0.0600085 0.0680339 0.0732668 0.0754023 0.0747152 0.0717775 0.0672046 0.0615403 0.0552308 0.0486237 0.0419755 0.0354696 0.0292422 0.0234074 0.0180759 0.0133615 0.00937104 0.00617814 0.00379378
 0.00862389 0.0140015 0.0210528 0.0296902 0.0395891 0.0500383 0.0599118 0.0679443 0.0731948 0.0753535 0.0746898 0.0717723 0.0672167 0.061569 0.0552759 0.0486838 0.0420467 0.0355463 0.0293189 0.0234795 0.0181403 0.0134164 0.00941542 0.00621171 0.00381711
 0.00863031 0.0140131 0.0210721 0.0297195 0.0396291 0.0500862 0.0599606 0.0679842 0.0732163 0.0753516 0.0746647 0.071729 0.0671623 0.0615105 0.0552202 0.0486368 0.0420127 0.0355273 0.0293139 0.0234856 0.0181536 0.013433 0.00943227 0.0062265 0.00382856
 0.00863031 0.0140131 0.0210721 0.0297195 0.0396291 0.0500862 0.0599606 0.0679842 0.0732163 0.0753516 0.0746647 0.071729 0.0671623 0.0615105 0.0552202 0.0486368 0.0420127 0.0355273 0.0293139 0.0234856 0.0181536 0.013433 0.00943227 0.0062265 0.00382856
#pred catch len freq
 0.00372883 0.00597232 0.00885522 0.012368 0.0165132 0.0212712 0.0265344 0.0320849 0.0376372 0.042901 0.047627 0.0516354 0.0548359 0.0572274 0.058872 0.0598602 0.0602851 0.0602166 0.0596481 0.0584138 0.0561319 0.0522813 0.0464651 0.0387566 0.0298775
 0.00398094 0.00629971 0.00919906 0.0126318 0.0166012 0.0211415 0.0262337 0.0317339 0.0373687 0.0427899 0.0476548 0.0517113 0.0548565 0.057138 0.0586975 0.0596927 0.0602366 0.0603577 0.0599628 0.0587949 0.0564263 0.0523629 0.0462949 0.0383939 0.0294387
 0.00418493 0.0066385 0.00971554 0.0133527 0.0175112 0.022156 0.0271946 0.0324499 0.037696 0.0427044 0.0472625 0.0511814 0.0543272 0.0566616 0.0582566 0.0592597 0.0598205 0.0600029 0.0597073 0.0586268 0.0562769 0.0521441 0.0459553 0.0379503 0.0289632
 0.00437267 0.00693838 0.0101601 0.0139766 0.0183522 0.023249 0.0285484 0.0340127 0.0393262 0.0441788 0.0483371 0.0516844 0.0542278 0.0560675 0.0573437 0.0581908 0.058705 0.0589037 0.0586606 0.0576489 0.0553601 0.0512657 0.0451022 0.0371413 0.028246
 0.00460335 0.0073002 0.0106814 0.0146786 0.0192514 0.0243581 0.0298748 0.0355501 0.0410411 0.0459907 0.0501006 0.0531928 0.0552555 0.0564431 0.0570153 0.0572397 0.0573016 0.0572381 0.0568904 0.0558813 0.0536602 0.0496757 0.0436599 0.0358895 0.0272267
 0.00487726 0.00772954 0.0112988 0.0155068 0.0203032 0.0256362 0.0313674 0.0372261 0.0428492 0.0478605 0.0519421 0.0548897 0.0566593 0.0573822 0.0573293 0.0568315 0.0561785 0.0555144 0.0547507 0.0535276 0.0512737 0.0474038 0.0416191 0.0341675 0.0258758
 0.00514102 0.0081472 0.0119077 0.0163371 0.0213765 0.0269618 0.0329345 0.0389971 0.0447578 0.0498188 0.0538489 0.0566386 0.05814 0.0584782 0.0579167 0.0567924 0.0554318 0.0540539 0.0526667 0.0509979 0.0485283 0.0446815 0.0391303 0.0320677 0.0242475
 0.00542509 0.00859418 0.0125541 0.017211 0.0224976 0.0283397 0.0345622 0.0408417 0.0467552 0.0518754 0.0558505 0.0584632 0.0596705 0.0596093 0.0585542 0.0568487 0.0548303 0.0527503 0.0506823 0.0484462 0.0456165 0.0416786 0.0363123 0.0296579 0.0223732
 0.0057522 0.00910549 0.0132867 0.0181891 0.0237332 0.0298326 0.0362948 0.0427717 0.0488129 0.0539664 0.0578639 0.0602809 0.061178 0.0607042 0.0591505 0.0568744 0.0542255 0.0514741 0.0487351 0.0459023 0.0426468 0.0385416 0.0333061 0.0270473 0.0203242
 0.00607593 0.00961776 0.0140324 0.019203 0.025037 0.0314292 0.0381588 0.0448426 0.0509961 0.0561447 0.059912 0.0620785 0.0626192 0.0617022 0.0596376 0.0567979 0.0535431 0.0501564 0.046782 0.0433717 0.0396836 0.0353826 0.0302435 0.0243578 0.0181943
 0.00640522 0.0101311 0.0147657 0.0201799 0.0262714 0.0329265 0.0399106 0.0468144 0.0531179 0.0583089 0.0619831 0.0639119 0.0640836 0.0626965 0.0600954 0.0566808 0.0528301 0.0488384 0.0448705 0.0409229 0.0368268 0.0323314 0.0272699 0.021729 0.0160982
 0.00674597 0.0106611 0.0155193 0.0211752 0.0275106 0.0343966 0.0415805 0.0486323 0.0550128 0.0601964 0.0637709 0.0655023 0.0653771 0.0635988 0.0605277 0.0565871 0.0521785 0.0476195 0.043101 0.0386602 0.0341904 0.0295137 0.0245167 0.019285 0.0141404
 0.00712898 0.0112592 0.0163745 0.0223119 0.0289345 0.036092 0.043503 0.0507022 0.0571173 0.0622043 0.0655524 0.0669476 0.0664068 0.064165 0.0606062 0.0561679 0.0512588 0.0462051 0.0412148 0.03636 0.0315876 0.026783 0.0218783 0.0169575 0.0122812
 0.00737592 0.0116595 0.0169756 0.0231586 0.0300627 0.0375168 0.0452045 0.0526155 0.0591355 0.0641918 0.0673641 0.0684491 0.0674917 0.0647664 0.0606979 0.0557553 0.050365 0.0448607 0.0394597 0.0342558 0.0292371 0.0243392 0.0195312 0.0148944 0.010636
 0.00758771 0.011998 0.0174759 0.0238537 0.030983 0.0386859 0.0466285 0.0542697 0.0609538 0.0660646 0.0691486 0.0699911 0.0686531 0.0654487 0.0608535 0.0553841 0.0495012 0.0435577 0.0377825 0.032284 0.0270764 0.0221287 0.0174343 0.0130674 0.00918781
 0.00780638 0.0123379 0.0179593 0.024494 0.0317864 0.0396535 0.0477545 0.0555367 0.0623269 0.0674879 0.070544 0.0712609 0.0696892 0.0661482 0.0611368 0.0552085 0.0488653 0.0424967 0.0363595 0.0305853 0.0252109 0.0202283 0.0156428 0.011516 0.00796428
 0.00791116 0.0125149 0.0182381 0.0249071 0.0323628 0.0404091 0.0486825 0.0566032 0.0634765 0.0686543 0.0716599 0.072262 0.0705143 0.066738 0.0614359 0.0551714 0.0484655 0.0417357 0.0352709 0.0292361 0.0236984 0.0186727 0.0141724 0.0102438 0.00696328
 0.00793103 0.0125426 0.0182733 0.0249515 0.0324266 0.0405178 0.0488774 0.0569326 0.0639761 0.0693282 0.0724717 0.0731422 0.0713778 0.067501 0.0620256 0.0555281 0.0485446 0.0415118 0.034746 0.0284459 0.0227145 0.0175955 0.0131146 0.00930732 0.00621611
 0.00800672 0.0126483 0.0184 0.025079 0.0325292 0.0405733 0.0488782 0.0568931 0.0639356 0.0693443 0.0726042 0.0734301 0.0718202 0.068052 0.062605 0.0560431 0.0489096 0.0416629 0.0346498 0.0281052 0.0221706 0.0169227 0.0124059 0.00865204 0.00567886
 0.00820123 0.0129365 0.0187806 0.0255311 0.0330149 0.0410457 0.0492885 0.0571973 0.0641025 0.0693662 0.0725045 0.0732615 0.0716493 0.0679361 0.0625705 0.0560752 0.0489586 0.0416629 0.0345415 0.0278552 0.0217816 0.0164336 0.0118799 0.00815719 0.00526779
 0.00832702 0.0131309 0.019054 0.0258843 0.033438 0.0415158 0.0497683 0.0576371 0.0644485 0.0695735 0.0725505 0.0731534 0.071424 0.0676509 0.0622864 0.0558372 0.0487807 0.041525 0.0344013 0.0276689 0.0215244 0.0161105 0.0115232 0.00781209 0.00497423
 0.00834606 0.0131713 0.0191322 0.0260219 0.0336563 0.0418274 0.0501685 0.058099 0.0649248 0.0700051 0.0728781 0.0733315 0.0714332 0.067504 0.0620251 0.0555184 0.0484577 0.0412305 0.0341405 0.0274259 0.0212779 0.0158499 0.0112558 0.00755929 0.0047596
 0.0083643 0.0131961 0.0191616 0.0260541 0.0336942 0.0418834 0.0502657 0.0582644 0.0651758 0.0703351 0.0732507 0.0736878 0.0717094 0.0676519 0.0620265 0.0553881 0.0482347 0.040962 0.033865 0.0271638 0.0210333 0.0156203 0.0110419 0.00736823 0.00460159
 0.00836632 0.0131978 0.0191612 0.0260483 0.0336784 0.0418536 0.0502213 0.0582128 0.0651357 0.0703347 0.0733183 0.0738375 0.0719287 0.0679013 0.0622524 0.0555437 0.0482963 0.0409331 0.0337684 0.027028 0.0208816 0.0154676 0.0108975 0.00723974 0.00449561
 0.00841834 0.0132702 0.0192477 0.0261354 0.0337495 0.0418948 0.050226 0.0581828 0.0650795 0.0702654 0.0732528 0.0737955 0.0719285 0.0679515 0.0623449 0.0556531 0.0483892 0.040982 0.0337614 0.0269705 0.0207898 0.0153601 0.0107901 0.00714349 0.00441725
 0.00834976 0.0131754 0.0191353 0.0260224 0.0336546 0.0418289 0.0501864 0.0581556 0.0650487 0.0702239 0.0732074 0.0737637 0.0719305 0.0680026 0.0624492 0.0558012 0.0485593 0.0411455 0.0338925 0.0270536 0.0208232 0.0153535 0.0107585 0.00710178 0.00437672
 0.0082009 0.0129602 0.0188616 0.0257163 0.0333548 0.0415764 0.0500142 0.0580812 0.0650711 0.0703239 0.073354 0.073925 0.0720858 0.0681471 0.0625906 0.0559499 0.0487189 0.041309 0.0340446 0.0271778 0.0209088 0.0153995 0.0107722 0.00709503 0.00436094
 0.00820572 0.0129494 0.0188125 0.0255996 0.0331471 0.0412767 0.0496556 0.057727 0.064794 0.0701783 0.073357 0.0740547 0.0722957 0.0683868 0.0628227 0.0561569 0.0488992 0.0414675 0.0341841 0.0272957 0.0210001 0.0154609 0.0108057 0.00710707 0.00436016
 0.00816425 0.0128857 0.0187218 0.0254762 0.0329807 0.0410506 0.0493509 0.0573355 0.0643349 0.0697077 0.0729586 0.0738122 0.0722591 0.0685543 0.0631464 0.056567 0.0493302 0.0418733 0.0345395 0.0275904 0.0212316 0.0156313 0.0109213 0.00717805 0.00439877
 0.00807845 0.0127586 0.0185536 0.0252749 0.0327594 0.0408223 0.0491232 0.0571089 0.0641033 0.0694654 0.0727104 0.0735828 0.0720933 0.068502 0.0632402 0.0568049 0.0496759 0.0422715 0.0349358 0.0279451 0.021523 0.0158529 0.0110772 0.00727892 0.00445813
 0.0081566 0.0128522 0.0186334 0.0252951 0.0326721 0.0405999 0.0487755 0.0566823 0.0636636 0.0690716 0.0723976 0.0733612 0.0719591 0.0684524 0.0632801 0.056942 0.0499089 0.0425811 0.035286 0.0282935 0.0218335 0.0161037 0.0112618 0.00740297 0.00453403
 0.00805263 0.0127152 0.0184837 0.0251651 0.0325886 0.0405622 0.0487445 0.0565942 0.0634646 0.0687534 0.0720081 0.0729825 0.0716708 0.0683021 0.0632774 0.0570712 0.0501436 0.0428918 0.0356407 0.0286571 0.0221716 0.0163896 0.0114816 0.00755644 0.00463124
 0.00778929 0.0123334 0.0179972 0.0246207 0.0320591 0.0401287 0.0484755 0.0565257 0.0635848 0.0690002 0.0722884 0.0732108 0.0718053 0.0683573 0.0633053 0.0571281 0.0502652 0.0430857 0.035892 0.0289383 0.0224514 0.0166401 0.0116842 0.0077044 0.00472866
