SBPRF35
12.7214
Curr Bio
914122
B35
880777
F35
0.171462
FOFL
0.171462
OFL
125292
Bzero
3.63469e+006
#pred survey bio
 3.49861e+006 3.40547e+006 3.32044e+006 3.17345e+006 2.98683e+006 2.78819e+006 2.53804e+006 2.30967e+006 2.07767e+006 1.84697e+006 1.64612e+006 1.45183e+006 1.28952e+006 1.15858e+006 1.02907e+006 893133 807229 723033 682162 642643 611718 591296 576859 556394 556590 555420 552017 544150 543920 545160 557125 558105 561395 570769 585303 581455 592833 599978 619204 633573 638019 644821 649822 656589 667736 687639 703790 707052 715823 717403 717011 759283 767855 776451 778053 760348 755682 782163 830081 855859 900666 933743 959974 960218 946487 924555 919996 2.07486e+007 1.87003e+007 1.87715e+007 1.94266e+007 2.04871e+007 2.17226e+007 2.29563e+007 2.40813e+007 2.50481e+007 2.58462e+007 2.64867e+007 2.6991e+007 2.73828e+007 2.76846e+007 2.7916e+007 2.8093e+007 2.82283e+007 2.8332e+007 2.84117e+007 2.84731e+007 2.85207e+007 2.85577e+007 2.85865e+007 2.86092e+007 2.86271e+007 2.86412e+007 2.86524e+007 2.86613e+007 2.86685e+007 2.86742e+007 2.86788e+007 2.86825e+007 2.86855e+007 2.86879e+007 2.86899e+007 2.86915e+007 2.86928e+007 2.86938e+007 2.86947e+007 2.86954e+007 2.8696e+007 2.86964e+007 2.86968e+007 2.86971e+007 2.86974e+007 2.86976e+007 2.86977e+007 2.86979e+007 2.8698e+007 2.86981e+007 2.86982e+007 2.86982e+007 2.86983e+007 2.86983e+007 2.86984e+007 2.86984e+007 2.86984e+007 2.86984e+007 2.86984e+007 2.86985e+007 2.86985e+007 2.86985e+007 2.86985e+007 2.86985e+007 2.86985e+007 2.86985e+007 2.86985e+007 2.86985e+007 2.86985e+007 2.86985e+007 2.86985e+007 2.86985e+007 2.86985e+007 2.86985e+007 2.86985e+007 2.86985e+007 2.86985e+007 2.86985e+007 2.86985e+007 2.86985e+007 2.86985e+007 2.86985e+007 2.86985e+007 2.86985e+007 2.86985e+007 2.86985e+007 2.86985e+007 2.86985e+007 2.86985e+007 2.86985e+007 2.86985e+007 2.86985e+007 2.86985e+007 2.86985e+007 2.86985e+007 2.86985e+007 2.86985e+007 2.86985e+007 2.86985e+007 2.86985e+007 0 0 0 0 0 0 0 0 0 0 0 0 0 0 0 0 0 0 0 0 0 0 0 0 0
#obs survey bio
 3.577e+006 3.46675e+006 2.94572e+006 3.44658e+006 2.63641e+006 3.26096e+006 2.97672e+006 2.91378e+006 1.37851e+006 1.51908e+006 1.13676e+006 1.41971e+006 1.32072e+006 1.23993e+006 774644 943525 766868 585468 626827 498388 641848 823402 561170 516176 461152 645884 418016 552436 409447 471108 613157 374057 518271 442269 589893 590760 591566 514653 809485 528348 754279 554409 761863 506730 650333 579960 772385 980700 726452 642440 763919 650172 773003 1.24404e+006 780773 675133 624420 846462 673776 790904 767424 1.13071e+006 1.05031e+006 1.35656e+006 725404 1.06492e+006 908508
#pred catch bio
 89696.8 86472.7 150380 196894 220697 282387 278013 296548 309208 294196 297700 275633 251814 251254 253310 204892 198299 156651 152298 141328 129014 121058 123409 104334 105004 105796 108025 100493 99024.5 90423.6 100228 98374.6 93684.6 90086 105664 92541 96695.1 87493.4 93285.4 102779 101717 104772 105057 103268 98026.9 103153 114428 109140 114564 114903 78704.6 107847 106507 111683 127688 117067 93117.3 78743.3 100539 86264.2 98399.2 104966 126585 136840 142145 125141 132958 125292 123447 122644 125536 131699 139248 146807 153618 159359 163979 167573 170299 172327 173813 174889 175661 176210 176599 176873 177065 177199 177293 177358 177404 177435 177457 177472 177483 177490 177495 177498 177500 177502 177503 177504 177504 177505 177505 177505 177505 177505 177505 177506 177506 177506 177506 177506 177506 177506 177506 177506 177506 177506 177506 177506 177506 177506 177506 177506 177506 177506 177506 177506 177506 177506 177506 177506 177506 177506 177506 177506 177506 177506 177506 177506 177506 177506 177506 177506 177506 177506 177506 177506 177506 177506 177506 177506 177506 177506 177506 177506 177506 177506 177506 177506 177506 177506 177506 177506 177506 0 0 0 0 0 0 0 0 0 0 0 0 0 0 0 0 0 0 0 0 0 0 0 0 0
#obs catch bio
 0 86128 150810 197338 220955 283629 277677 296547 310446 295178 299968 278609 254043 254179 256959 205799 199386 156893 153089 142519 129821 121051 123618 104493 105536 105685 108083 100228 99341.8 90290.1 100129 98567.5 94019 90134.8 105587 92609.1 96948.9 87509 92979.5 102929 101508 104873 105454 104066 98583.2 103676 115252 108927 114775 115416 78098.5 108018 106173 110925 126965 116951 93362.3 78618.4 101221 86446.3 98957.9 105202 126988 136492 142576 125200 133035
#pred cpue bio
 3.44826e+006 3.35654e+006 3.27229e+006 3.1255e+006 2.93924e+006 2.741e+006 2.49178e+006 2.2641e+006 2.03292e+006 1.80329e+006 1.60338e+006 1.41031e+006 1.24924e+006 1.11958e+006 991917 858500 774391 692253 652449 614085 584198 564695 551006 531253 531481 530521 527485 520034 519867 521086 532799 533794 536957 546172 560522 556888 568040 575074 593826 607780 611997 618427 622968 629246 639949 659337 675186 678648 687504 689295 689205 730939 739821 748470 750032 732293 727038 752599 799685 825215 869178 901731 927709 928217 914767 893132 889064 2.00723e+007 1.81012e+007 1.80477e+007 1.85528e+007 1.95578e+007 2.07797e+007 2.20106e+007 2.3135e+007 2.41017e+007 2.48998e+007 2.55403e+007 2.60446e+007 2.64364e+007 2.67382e+007 2.69696e+007 2.71466e+007 2.72819e+007 2.73856e+007 2.74653e+007 2.75267e+007 2.75743e+007 2.76112e+007 2.76401e+007 2.76628e+007 2.76807e+007 2.76948e+007 2.7706e+007 2.77149e+007 2.77221e+007 2.77278e+007 2.77324e+007 2.77361e+007 2.77391e+007 2.77415e+007 2.77435e+007 2.77451e+007 2.77464e+007 2.77474e+007 2.77483e+007 2.7749e+007 2.77496e+007 2.775e+007 2.77504e+007 2.77507e+007 2.7751e+007 2.77512e+007 2.77513e+007 2.77515e+007 2.77516e+007 2.77517e+007 2.77518e+007 2.77518e+007 2.77519e+007 2.77519e+007 2.7752e+007 2.7752e+007 2.7752e+007 2.7752e+007 2.7752e+007 2.77521e+007 2.77521e+007 2.77521e+007 2.77521e+007 2.77521e+007 2.77521e+007 2.77521e+007 2.77521e+007 2.77521e+007 2.77521e+007 2.77521e+007 2.77521e+007 2.77521e+007 2.77521e+007 2.77521e+007 2.77521e+007 2.77521e+007 2.77521e+007 2.77521e+007 2.77521e+007 2.77521e+007 2.77521e+007 2.77521e+007 2.77521e+007 2.77521e+007 2.77521e+007 2.77521e+007 2.77521e+007 2.77521e+007 2.77521e+007 2.77521e+007 2.77521e+007 2.77521e+007 2.77521e+007 2.77521e+007 2.77521e+007 2.77521e+007 2.77521e+007 2.77521e+007 2.77521e+007 2.77521e+007 0 0 0 0 0 0 0 0 0 0 0 0 0 0 0 0 0 0 0 0 0 0 0 0 0
#obs cpue bio
 4.32313e+006 2.45297e+006 3.72621e+006 2.76679e+006 2.75899e+006 2.45518e+006 3.1077e+006 1.69325e+006 2.16715e+006 2.02431e+006 1.76328e+006 1.00189e+006 1.15384e+006 840453 1.14199e+006 983374 844246 818442 604864 583155 547638 551623 567079 465291 521188 675903 660624 601591 485061 717984 562209 605420 479461 762958 819240 374657 580821 653266 683389 533530 634868 580754 405350 537567 622070 794098 566614 862424 535787 746377 1.03343e+006 687543 904460 681448 827880 577277 523094 771707 753724 723987 894080 916211 942123 1.09436e+006 780527 747765 1.09361e+006
#pred surv len freq
 0.00482197 0.00782071 0.0117554 0.0166033 0.0222474 0.0284018 0.0345828 0.0402236 0.0448857 0.0484039 0.0508644 0.0524791 0.0534718 0.0540249 0.0542686 0.054289 0.054144 0.0538646 0.0534139 0.0525975 0.0509924 0.0480083 0.0431497 0.0363763 0.0283089
 0.0050533 0.00810917 0.0120319 0.0167609 0.0221843 0.0280817 0.0340735 0.039679 0.0444748 0.0482283 0.0509175 0.052669 0.0536865 0.0541963 0.0544009 0.0544426 0.0543888 0.0542274 0.0538459 0.0529821 0.0511936 0.0479377 0.0428115 0.0358645 0.0277587
 0.00517956 0.00833906 0.0124167 0.0173456 0.0229763 0.0290149 0.0349964 0.0403948 0.0448262 0.048178 0.0505644 0.0521846 0.0532202 0.0538157 0.0541006 0.0541945 0.054183 0.0540729 0.0537391 0.0528789 0.0510157 0.0476135 0.0423242 0.0352694 0.0271558
 0.00534339 0.00859912 0.0127989 0.0178764 0.0236837 0.0299241 0.0361122 0.0416731 0.0461519 0.0493714 0.0514311 0.0525914 0.0531498 0.0533628 0.0534134 0.0534064 0.053378 0.0532887 0.0529824 0.0521344 0.0502525 0.0468037 0.0414702 0.0344178 0.026383
 0.00554084 0.00891657 0.01327 0.0185299 0.024539 0.0309839 0.0373566 0.0430577 0.0476107 0.0508178 0.0527537 0.053654 0.0538127 0.0535276 0.0530639 0.0526171 0.0522795 0.052016 0.0516363 0.0507711 0.0488973 0.0454747 0.0402007 0.0332637 0.0254087
 0.00573401 0.00922936 0.0137387 0.0191885 0.0254135 0.0320841 0.0386654 0.0445271 0.0491665 0.0523718 0.0542139 0.054926 0.0547968 0.0541204 0.0531761 0.0522029 0.0513612 0.0506822 0.0500148 0.0489924 0.0470729 0.043697 0.0385536 0.0318263 0.0242444
 0.00602959 0.00969715 0.0144194 0.0201122 0.0265964 0.0335217 0.0403244 0.0463404 0.051039 0.0541948 0.0558799 0.0563386 0.0558722 0.0547843 0.0533613 0.0518544 0.0504521 0.0492344 0.0481096 0.0467637 0.0446861 0.0413261 0.0363609 0.0299445 0.022757
 0.00630484 0.0101398 0.0150765 0.0210244 0.0277902 0.0349986 0.0420485 0.0482352 0.0529981 0.0561018 0.057626 0.0578307 0.0570322 0.0555453 0.0536635 0.0516441 0.0496882 0.0479036 0.046247 0.0444692 0.0421237 0.0387044 0.0338968 0.0278208 0.0210862
 0.00659145 0.0106018 0.0157647 0.0219841 0.0290538 0.0365732 0.0439017 0.0502886 0.0551352 0.0581878 0.0595295 0.0594387 0.0582573 0.0563246 0.0539521 0.0514071 0.0488966 0.0465416 0.0443318 0.0420752 0.0394 0.0358669 0.0311924 0.0254709 0.0192331
 0.00692654 0.0111349 0.0165456 0.0230526 0.0304338 0.0382638 0.0458656 0.0524456 0.057369 0.0603632 0.0615115 0.0611069 0.0595142 0.0570994 0.0541993 0.0511002 0.0480212 0.0450943 0.0423321 0.0395898 0.0365658 0.0328951 0.0283383 0.0229747 0.0172564
 0.00722333 0.0116135 0.0172587 0.0240465 0.0317402 0.0398862 0.0477658 0.0545388 0.0595354 0.0624702 0.0634332 0.062735 0.0607598 0.0578929 0.0544894 0.0508522 0.0472153 0.0437263 0.0404223 0.0372015 0.0338269 0.0300052 0.0255448 0.0205165 0.0153001
 0.00750347 0.012071 0.0179512 0.0250288 0.033054 0.0415432 0.0497294 0.0567172 0.0617931 0.0646527 0.0653936 0.0643517 0.0619443 0.0585888 0.0546658 0.0504952 0.0463208 0.0423001 0.0384889 0.0348233 0.0311249 0.0271677 0.0228061 0.0181057 0.013379
 0.00774433 0.0124578 0.0185252 0.0258277 0.0341079 0.0428666 0.0513102 0.0585079 0.0637097 0.0665831 0.0672112 0.0659302 0.063173 0.0593838 0.0549743 0.0502924 0.045602 0.0410758 0.0367881 0.0327075 0.0287065 0.0246174 0.0203363 0.0159249 0.0116362
 0.00787541 0.0126819 0.018883 0.0263645 0.0348644 0.0438651 0.052541 0.0599254 0.0652408 0.0681424 0.068712 0.0672881 0.0643055 0.0602122 0.0554295 0.0503217 0.0451741 0.0401828 0.0354491 0.0309771 0.0266861 0.0224599 0.0182296 0.0140539 0.0101344
 0.00799141 0.0128823 0.0192071 0.0268573 0.0355688 0.0448075 0.0537162 0.0612885 0.0667116 0.06962 0.0700923 0.0684793 0.0652368 0.0608351 0.0557121 0.0502419 0.0447159 0.0393392 0.0342316 0.0294282 0.0248917 0.0205521 0.0163722 0.0124072 0.00881376
 0.00824195 0.0132782 0.0197821 0.027636 0.0365639 0.0460141 0.0551041 0.0627966 0.0682506 0.0710837 0.0713736 0.0694853 0.0659013 0.0611245 0.0556236 0.0497936 0.0439342 0.0382513 0.0328674 0.0278318 0.0231365 0.0187475 0.0146529 0.0109047 0.00762042
 0.00833886 0.0134333 0.0200115 0.0279544 0.0369838 0.0465443 0.0557464 0.0635433 0.0690839 0.0719748 0.0722813 0.0703551 0.0666667 0.0617153 0.0559775 0.0498666 0.0437058 0.0377228 0.0320593 0.0267849 0.0219165 0.0174478 0.0133863 0.00978092 0.00671852
 0.00858567 0.0138106 0.0205343 0.0286203 0.0377738 0.0474258 0.0566749 0.0644647 0.0699412 0.0727189 0.0728796 0.0707924 0.0669398 0.0618229 0.0559138 0.0496202 0.043264 0.0370792 0.0312217 0.0257809 0.0207982 0.016291 0.0122814 0.00881435 0.0059504
 0.00862569 0.013874 0.0206265 0.0287456 0.0379343 0.0476215 0.0569033 0.0647221 0.0702247 0.0730282 0.0732154 0.0711526 0.0673135 0.0621876 0.0562352 0.0498563 0.0433711 0.0370205 0.0309757 0.0253503 0.0202144 0.0156128 0.0115851 0.00817624 0.00542751
 0.00866038 0.0139351 0.0207269 0.0288992 0.0381523 0.0479058 0.0572415 0.0650878 0.0705838 0.0733493 0.073479 0.071354 0.0674603 0.0622917 0.0563042 0.0498863 0.0433453 0.0369134 0.0307627 0.0250193 0.0197754 0.0151013 0.0110552 0.00768643 0.00502337
 0.00864766 0.0139175 0.0207068 0.0288823 0.0381483 0.0479278 0.0573045 0.0652041 0.070758 0.0735733 0.0737325 0.0716098 0.0676934 0.0624861 0.0564539 0.0499903 0.0434004 0.0369097 0.0306854 0.024856 0.0195262 0.014785 0.0107083 0.00735261 0.00473997
 0.00867987 0.0139515 0.0207245 0.0288572 0.0380544 0.0477535 0.0570636 0.0649368 0.07052 0.0734183 0.0736961 0.0717012 0.0678956 0.0627638 0.0567648 0.0502954 0.0436689 0.037119 0.0308185 0.0249018 0.019483 0.0146646 0.0105368 0.00716415 0.0045668
 0.00874714 0.0140473 0.0208427 0.0289807 0.0381564 0.0478023 0.0570295 0.0648011 0.0702856 0.0731161 0.0733819 0.071441 0.0677438 0.0627459 0.0568727 0.0504941 0.0439113 0.0373585 0.0310176 0.0250357 0.0195409 0.0146503 0.0104675 0.00706537 0.00446463
 0.00889743 0.0142788 0.021166 0.0293944 0.0386443 0.0483308 0.0575463 0.0652392 0.0705753 0.073205 0.0732525 0.071119 0.0672924 0.0622475 0.0564047 0.0501095 0.043629 0.0371675 0.0308892 0.0249373 0.019447 0.0145481 0.0103567 0.00695517 0.00436682
 0.00879721 0.0141331 0.0209792 0.0291825 0.0384321 0.0481453 0.0574108 0.0651689 0.0705741 0.0732633 0.0733487 0.0712253 0.0673852 0.0623176 0.0564602 0.05017 0.0437139 0.0372842 0.0310285 0.0250782 0.019566 0.014629 0.0103958 0.00695994 0.00435093
 0.00871647 0.014005 0.0207933 0.0289338 0.0381247 0.0477976 0.0570573 0.0648568 0.0703513 0.0731631 0.0733789 0.0713671 0.0676018 0.0625673 0.0567096 0.050401 0.0439239 0.0374792 0.0312135 0.0252508 0.0197166 0.0147467 0.0104748 0.00700271 0.00436674
 0.00871129 0.0139886 0.0207539 0.0288552 0.0379905 0.0475976 0.0567945 0.0645509 0.0700373 0.0728847 0.0731784 0.0712748 0.0676271 0.0626968 0.0569124 0.0506405 0.0441691 0.0377108 0.0314231 0.0254352 0.0198731 0.0148714 0.0105651 0.00706026 0.00439758
 0.00880935 0.0141322 0.0209399 0.0290688 0.0382065 0.047785 0.0569214 0.0645896 0.069971 0.0727143 0.0729262 0.0709813 0.0673406 0.0624597 0.0567504 0.0505581 0.0441534 0.0377407 0.0314778 0.0254992 0.019936 0.0149265 0.0106082 0.00708951 0.00441423
 0.00882299 0.0141559 0.0209778 0.0291243 0.0382799 0.04787 0.0570034 0.0646472 0.0699817 0.0726626 0.0728098 0.0708131 0.0671464 0.0622723 0.0566009 0.0504684 0.0441305 0.0377767 0.0315547 0.0255957 0.0200338 0.0150129 0.0106764 0.00713784 0.00444474
 0.00881847 0.0141485 0.0209667 0.0291094 0.0382627 0.0478539 0.0569934 0.0646477 0.0699929 0.0726778 0.0728163 0.070797 0.0671 0.0621988 0.0565152 0.0503916 0.0440828 0.0377696 0.0315881 0.0256593 0.0201119 0.0150904 0.0107424 0.00718743 0.00447776
 0.00876813 0.0140617 0.0208275 0.0289016 0.0379755 0.0474905 0.0565777 0.0642244 0.069618 0.0724035 0.0726763 0.0707992 0.0672272 0.0624172 0.0567865 0.050684 0.0443762 0.0380544 0.0318596 0.0259123 0.0203385 0.0152819 0.0108929 0.0072961 0.00454933
 0.00879749 0.0141108 0.0209029 0.0290074 0.0381086 0.0476361 0.0567074 0.0643016 0.0696118 0.0723026 0.0724964 0.0705774 0.0670073 0.0622344 0.0566587 0.0506124 0.0443517 0.0380656 0.0318968 0.0259678 0.0204048 0.0153507 0.0109559 0.00734722 0.00458614
 0.00872695 0.0140117 0.0207828 0.0288838 0.0380051 0.0475744 0.0567 0.0643471 0.0696939 0.0723939 0.0725667 0.0706049 0.0669877 0.0621818 0.0565984 0.050569 0.0443401 0.0380883 0.0319478 0.0260371 0.0204821 0.0154267 0.0110233 0.00740128 0.00462513
 0.00866269 0.0139007 0.0206052 0.0286207 0.0376475 0.0471349 0.0562204 0.0638944 0.0693411 0.0721953 0.0725402 0.07073 0.0672186 0.0624673 0.0568982 0.0508606 0.0446164 0.0383497 0.0321942 0.0262649 0.020685 0.0155982 0.0111593 0.00750149 0.00469312
 0.00857659 0.0137641 0.0204056 0.0283474 0.0372928 0.0466966 0.0557074 0.063333 0.0687796 0.0717001 0.072183 0.0705674 0.0672741 0.062723 0.0573032 0.0513501 0.045131 0.0388468 0.0326488 0.0266642 0.0210226 0.0158712 0.0113682 0.00765103 0.0047922
 0.00862325 0.0138395 0.0205172 0.0284998 0.0374833 0.0469104 0.0559142 0.0634894 0.0688391 0.0716292 0.0719761 0.0702541 0.0669119 0.0623803 0.0570362 0.0511873 0.0450708 0.0388667 0.0327195 0.0267598 0.0211242 0.0159664 0.0114495 0.00771451 0.00483739
 0.00858221 0.0137676 0.0204004 0.0283242 0.0372415 0.0466093 0.0555799 0.0631633 0.0685641 0.0714338 0.0718653 0.0702136 0.0669221 0.0624297 0.0571271 0.0513299 0.0452716 0.0391199 0.0330054 0.0270511 0.0213949 0.0161976 0.0116318 0.00784729 0.00492637
 0.00861986 0.0138198 0.0204617 0.028382 0.0372777 0.0466035 0.0555149 0.0630309 0.0683703 0.0712006 0.0716259 0.0700016 0.0667604 0.0623263 0.0570794 0.0513331 0.0453238 0.0392201 0.0331481 0.0272229 0.021576 0.0163676 0.0117752 0.00795659 0.00500184
 0.0085926 0.0137718 0.0203827 0.0282603 0.0371029 0.0463709 0.0552294 0.0627081 0.0680348 0.0708813 0.0713527 0.0698022 0.0666565 0.0623291 0.0571858 0.0515272 0.0455822 0.0395184 0.0334646 0.0275382 0.0218717 0.0166271 0.0119862 0.00811426 0.00510938
 0.00855355 0.0137185 0.0203206 0.0281995 0.0370528 0.0463339 0.0551966 0.0626614 0.0679544 0.0707561 0.071186 0.069612 0.066471 0.0621786 0.0570961 0.0515134 0.0456462 0.03965 0.0336452 0.0277458 0.0220842 0.0168248 0.0121542 0.0082444 0.00520083
 0.00862446 0.0138221 0.0204553 0.028357 0.0372219 0.0465048 0.0553627 0.0628162 0.0680861 0.0708441 0.0712045 0.0695403 0.0663041 0.0619338 0.0568091 0.051228 0.0454019 0.0394727 0.0335437 0.0277135 0.0221046 0.0168769 0.0122182 0.00830493 0.00524916
 0.00870859 0.0139488 0.0206269 0.0285679 0.0374588 0.0467488 0.0555913 0.0630075 0.0682228 0.0709172 0.0712131 0.0694866 0.0661898 0.06176 0.0565825 0.0509659 0.0451321 0.0392267 0.0333475 0.0275803 0.0220329 0.0168544 0.0122271 0.00832829 0.00527444
 0.00872405 0.0139859 0.0207041 0.0287082 0.0376818 0.047059 0.0559695 0.0634104 0.0685946 0.0712063 0.0713856 0.0695316 0.0661151 0.0615847 0.0563294 0.0506592 0.0447976 0.0388927 0.0330425 0.0273274 0.0218446 0.0167303 0.0121565 0.00829532 0.00526349
 0.00869208 0.0139402 0.0206477 0.0286507 0.0376397 0.0470548 0.0560279 0.0635507 0.0688207 0.0714989 0.071703 0.0698203 0.0663273 0.0616913 0.0563249 0.0505569 0.0446226 0.0386751 0.032813 0.0271138 0.0216675 0.0165997 0.0120719 0.00824792 0.00524135
 0.00864289 0.0138618 0.0205334 0.0284965 0.0374473 0.0468351 0.0558039 0.0633572 0.068698 0.0714818 0.0718081 0.0700383 0.0666224 0.0620109 0.0566152 0.0507779 0.0447561 0.038725 0.0327986 0.0270615 0.0216026 0.0165414 0.0120299 0.00822362 0.00523074
 0.00852966 0.0136864 0.0202859 0.0281739 0.0370547 0.046387 0.055326 0.0628879 0.0682859 0.0711785 0.0716588 0.070071 0.0668398 0.0623862 0.0570955 0.0512966 0.0452495 0.0391467 0.033127 0.0272977 0.0217625 0.0166459 0.0120979 0.00826854 0.00526065
 0.00833108 0.0133942 0.0199028 0.0277222 0.0365689 0.045903 0.0548729 0.0624866 0.0679526 0.0709292 0.0715113 0.0700443 0.0669497 0.0626386 0.0574787 0.051778 0.0457792 0.0396691 0.0335943 0.0276805 0.0220526 0.0168516 0.012236 0.00835725 0.00531529
 0.00831649 0.0133541 0.0198136 0.0275552 0.0363022 0.0455364 0.0544382 0.0620423 0.0675634 0.0706413 0.0713403 0.0699807 0.0669761 0.0627436 0.0576602 0.0520349 0.0461011 0.0400308 0.0339602 0.0280146 0.0223293 0.0170608 0.0123814 0.00845097 0.00537175
 0.00824296 0.0132441 0.0196645 0.0273677 0.036076 0.0452662 0.0541149 0.0616616 0.0671389 0.0702122 0.070965 0.0697183 0.0668649 0.0627914 0.0578492 0.0523349 0.0464798 0.0404564 0.0343993 0.028433 0.0226967 0.0173571 0.0126007 0.00859983 0.00546454
 0.00816725 0.0131315 0.0195147 0.0271878 0.0358786 0.0450657 0.0539228 0.0614833 0.0669712 0.0700457 0.0707922 0.0695437 0.0667105 0.0626912 0.0578353 0.0524244 0.0466693 0.0407255 0.0347173 0.0287652 0.0230103 0.0176262 0.0128108 0.00874894 0.00556062
 0.00816643 0.0131186 0.0194744 0.0271003 0.0357267 0.0448443 0.053647 0.0611862 0.0666932 0.0698188 0.0706297 0.0694403 0.0666522 0.0626679 0.0578491 0.0524877 0.0467955 0.0409187 0.0349668 0.0290472 0.0232943 0.0178836 0.0130215 0.00890479 0.00566471
 0.00791782 0.012726 0.0189056 0.0263347 0.0347607 0.0437 0.0523818 0.0598968 0.0655059 0.0688666 0.0700232 0.0692432 0.0668679 0.0632433 0.0586935 0.0534995 0.0478846 0.042015 0.0360184 0.030013 0.02414 0.0185837 0.0135636 0.00929383 0.00592118
 0.00794933 0.0127633 0.0189353 0.0263329 0.0346962 0.0435401 0.0520998 0.0594789 0.064958 0.0682202 0.0693379 0.0686011 0.0663581 0.0629397 0.0586349 0.0536811 0.0482647 0.0425318 0.0366064 0.0306137 0.0247053 0.019077 0.0139621 0.00958992 0.00612212
 0.0079911 0.0128257 0.0190179 0.0264297 0.0347937 0.0436168 0.0521264 0.0594218 0.0647867 0.0679175 0.0689093 0.06808 0.0658043 0.0624302 0.0582472 0.0534745 0.0482645 0.0427247 0.0369475 0.0310413 0.0251565 0.019499 0.0143185 0.00986306 0.00631198
 0.00816796 0.0130855 0.0193575 0.0268274 0.035215 0.0440232 0.0524813 0.0596922 0.064941 0.0679267 0.0687518 0.0677498 0.0653191 0.0618356 0.0576134 0.0528838 0.0477925 0.0424211 0.0368254 0.0310776 0.0253033 0.0197001 0.0145244 0.0100401 0.00644455
 0.00840078 0.0134599 0.0199108 0.0275857 0.0361806 0.0451592 0.0537007 0.0608639 0.0659184 0.0685857 0.0690192 0.06761 0.0648044 0.061012 0.056571 0.0517289 0.0466374 0.0413688 0.0359523 0.0304211 0.0248604 0.0194368 0.0143912 0.00998747 0.00643344
 0.00837795 0.0134496 0.0199458 0.0277152 0.0364602 0.0456326 0.0543807 0.0617195 0.0668736 0.0695299 0.0698275 0.0681691 0.0650372 0.0608928 0.0561269 0.0510299 0.0457815 0.0404648 0.0351016 0.0297009 0.0243114 0.0190617 0.0141637 0.00986689 0.0063792
 0.00818336 0.0131408 0.0194982 0.0271188 0.0357316 0.0448281 0.0536029 0.0611052 0.0665587 0.0696028 0.0702941 0.0689478 0.0659836 0.0618423 0.0569377 0.0516137 0.0461147 0.0405811 0.0350708 0.0296024 0.024211 0.0189972 0.0141439 0.00988071 0.00640848
 0.00800397 0.0128424 0.0190372 0.0264526 0.03483 0.0436928 0.0522874 0.0597243 0.0652778 0.068607 0.0697461 0.0689449 0.0665282 0.0628369 0.05821 0.0529653 0.0473734 0.0416373 0.0358874 0.0301999 0.0246395 0.0193089 0.0143766 0.0100552 0.00653484
 0.00801394 0.0128513 0.0190352 0.0264211 0.0347402 0.0435065 0.0519626 0.0592283 0.064606 0.0678018 0.0689044 0.0682049 0.0660341 0.0626934 0.0584455 0.0535206 0.0481232 0.0424349 0.0366117 0.0307832 0.0250688 0.0196074 0.0145796 0.0101933 0.00662815
 0.00785316 0.0126101 0.0187096 0.0260201 0.0342818 0.0430106 0.0514458 0.0587009 0.0640726 0.0672657 0.0683771 0.0677185 0.0656494 0.0624925 0.0585065 0.0538837 0.0487652 0.0432693 0.0375156 0.0316383 0.0257936 0.0201686 0.0149831 0.010466 0.00680249
 0.00771938 0.0124042 0.0184218 0.0256505 0.0338418 0.0425228 0.0509429 0.0582212 0.0636496 0.0669169 0.0680993 0.0674958 0.06547 0.062367 0.0584738 0.0539987 0.0490715 0.0437713 0.0381663 0.0323523 0.0264775 0.0207512 0.0154307 0.0107795 0.00700425
 0.00761185 0.0122355 0.0181795 0.025328 0.0334399 0.0420525 0.0504282 0.057699 0.0631642 0.06651 0.0677992 0.0673106 0.0653898 0.0623735 0.0585548 0.0541591 0.0493323 0.0441536 0.0386697 0.032942 0.0270904 0.0213175 0.0158979 0.0111255 0.0072354
 0.00767198 0.012321 0.0182853 0.0254404 0.033539 0.0421168 0.0504387 0.0576421 0.0630342 0.0663102 0.067543 0.0670197 0.0650894 0.0620874 0.0583033 0.0539608 0.0492084 0.0441268 0.0387561 0.0331387 0.0273688 0.0216297 0.016193 0.0113668 0.00740841
 0.00772673 0.0124178 0.0184441 0.0256816 0.0338748 0.0425395 0.0509121 0.0581035 0.0634094 0.0665357 0.0675825 0.0668704 0.0647776 0.0616579 0.0578093 0.0534554 0.0487398 0.0437358 0.0384734 0.0329792 0.0273265 0.0216775 0.0162911 0.0114763 0.0075022
 0.00754556 0.0121759 0.0181778 0.0254588 0.0337779 0.0426367 0.0512312 0.0586207 0.0640551 0.0672112 0.0681825 0.067305 0.0649906 0.0616368 0.0575828 0.0530819 0.0482904 0.0432807 0.038071 0.0326693 0.0271258 0.0215793 0.0162705 0.0115005 0.00754212
 0.00717716 0.0116101 0.0173917 0.0244628 0.032624 0.041424 0.0501041 0.0577484 0.0635888 0.0672324 0.0686715 0.068148 0.0660206 0.0626854 0.0585211 0.0538401 0.0488572 0.0436867 0.0383673 0.0329063 0.0273394 0.0217843 0.0164637 0.0116695 0.0076754
#obs surv len freq
 nan nan nan nan nan nan nan nan nan nan nan nan nan nan nan nan nan nan nan nan nan nan nan nan nan
 0.00448756 0.00735011 0.011181 0.0159977 0.0216978 0.0279721 0.0342845 0.0400142 0.0446925 0.0481555 0.0505129 0.0520084 0.0529005 0.0534128 0.0537271 0.0539819 0.0542605 0.0545532 0.054692 0.0542839 0.052722 0.0493543 0.0438043 0.0362846 0.0276686
 0.00461736 0.00756389 0.0115075 0.0164641 0.0223231 0.0287563 0.0351987 0.0409978 0.0456624 0.0490232 0.0512013 0.0524634 0.0530952 0.0533475 0.0534245 0.0534795 0.0536016 0.0537805 0.0538442 0.053398 0.0518368 0.0485129 0.0430515 0.0356585 0.0271901
 0.00477309 0.00781998 0.0118984 0.0170241 0.0230798 0.0297197 0.0363498 0.0422824 0.0469961 0.0503036 0.052324 0.0533352 0.0536454 0.0535352 0.0532421 0.05295 0.0527712 0.0527094 0.0525991 0.0520492 0.0504594 0.0471872 0.0418573 0.0346615 0.0264267
 0.00496814 0.00813687 0.0123752 0.0176963 0.0239746 0.0308458 0.0376866 0.043775 0.0485605 0.0518401 0.0537294 0.0545108 0.054503 0.0540035 0.0532744 0.0525309 0.051919 0.0514739 0.0510568 0.0502983 0.0486158 0.0453784 0.0402088 0.0332761 0.0253619
 0.00519188 0.00850213 0.0129276 0.0184792 0.02502 0.0321618 0.0392435 0.0455018 0.0503555 0.0535906 0.0553286 0.0558657 0.0555335 0.0546404 0.0534599 0.0522242 0.0511045 0.0501702 0.0493237 0.0482394 0.0463752 0.0431287 0.038127 0.0315092 0.0239959
 0.00541295 0.00886801 0.0134903 0.0192912 0.0261242 0.0335745 0.040938 0.0474022 0.0523479 0.0555454 0.0571219 0.0573918 0.0567081 0.0553977 0.0537475 0.0520004 0.0503409 0.0488621 0.047506 0.0460016 0.0438682 0.0405538 0.0357036 0.0294279 0.0223737
 0.00564565 0.0092474 0.0140638 0.0201049 0.0272157 0.0349607 0.0426012 0.0492824 0.0543483 0.0575471 0.0590012 0.0590328 0.0580111 0.0562827 0.054154 0.0518827 0.0496669 0.0476176 0.0457097 0.0437265 0.0412579 0.0378181 0.0330866 0.0271519 0.0205831
 0.00587929 0.00962996 0.0146446 0.0209315 0.028325 0.0363647 0.0442727 0.0511512 0.0563123 0.0594924 0.0608191 0.0606271 0.0592974 0.0571867 0.0546109 0.0518379 0.0490774 0.0464581 0.0439861 0.0414975 0.0386547 0.0350473 0.0304 0.0247888 0.0187071
 0.00612558 0.0100347 0.0152616 0.0218134 0.0295122 0.0378691 0.0460605 0.053138 0.0583758 0.061498 0.0626434 0.0621714 0.0604892 0.0579741 0.054954 0.0517014 0.0484279 0.0452695 0.0422559 0.0392713 0.0360501 0.0322605 0.0276801 0.02238 0.0167824
 0.00638481 0.0104574 0.0159001 0.0227174 0.0307193 0.0393897 0.0478623 0.0551394 0.060456 0.063519 0.0644733 0.0636997 0.061634 0.0586829 0.0551973 0.0514632 0.0476962 0.0440349 0.0405224 0.0370797 0.0335049 0.0295412 0.0250211 0.0200171 0.0148867
 0.00662251 0.0108481 0.0164961 0.0235696 0.031867 0.0408444 0.0495914 0.0570609 0.0624512 0.0654553 0.0662257 0.0651634 0.0627287 0.0593526 0.0554086 0.0512004 0.0469551 0.0428189 0.0388474 0.0349911 0.0311003 0.0269833 0.022523 0.0177948 0.0131
 0.00683035 0.0111922 0.0170254 0.0243335 0.032906 0.0421739 0.0511856 0.0588469 0.0643184 0.067277 0.0678798 0.0665461 0.0637607 0.0599797 0.0555991 0.0509403 0.0462429 0.0416635 0.0372718 0.0330452 0.0288784 0.0246341 0.0202369 0.0157646 0.0114679
 0.00704784 0.0115474 0.0175631 0.0250964 0.0339263 0.0434604 0.0527096 0.0605373 0.0660704 0.0689712 0.0694017 0.0677987 0.0646707 0.0604988 0.0557021 0.05062 0.0455051 0.0405241 0.0357598 0.0312134 0.0268171 0.0224789 0.0181566 0.0139273 0.00999588
 0.00728007 0.011927 0.0181377 0.0259103 0.03501 0.0448153 0.0542934 0.0622604 0.0678107 0.0705992 0.0708039 0.0688899 0.0653957 0.0608289 0.0556297 0.0501529 0.0446615 0.0393297 0.034251 0.0294455 0.024876 0.0204863 0.0162597 0.0122687 0.00867668
 0.00744958 0.0122082 0.0185714 0.0265379 0.0358652 0.0459106 0.0556057 0.0637255 0.0693312 0.0720625 0.072101 0.0699295 0.066112 0.0611839 0.0556106 0.049767 0.043929 0.0382804 0.0329247 0.0278981 0.0231879 0.0187655 0.0146322 0.0108539 0.00755651
 0.00754535 0.0123655 0.0188117 0.026884 0.0363392 0.0465289 0.0563727 0.064628 0.0703357 0.0731163 0.0731365 0.0708705 0.0668825 0.0617178 0.05586 0.0497056 0.0435525 0.0376033 0.0319793 0.0267358 0.0218825 0.0174133 0.0133424 0.00972773 0.00666313
 0.00758447 0.0124259 0.0188971 0.0269978 0.0364861 0.0467172 0.0566159 0.064943 0.0707387 0.0736162 0.0737276 0.0715268 0.067556 0.0623433 0.0563644 0.0500216 0.0436294 0.0374153 0.0315287 0.0260543 0.0210302 0.0164743 0.0124129 0.00889755 0.00599516
 0.00767823 0.0125645 0.0190802 0.0272157 0.0367226 0.0469548 0.0568405 0.0651472 0.0709245 0.073796 0.0739214 0.0717551 0.0678293 0.062652 0.0566759 0.0502838 0.0437825 0.0374064 0.0313262 0.0256571 0.0204712 0.015816 0.0117345 0.00827654 0.00548775
 0.00771109 0.0126214 0.0191713 0.0273507 0.0369061 0.0471803 0.057087 0.0653831 0.0711182 0.0739297 0.0739988 0.0718 0.0678743 0.062725 0.0567872 0.0504196 0.0439066 0.0374698 0.031282 0.0254773 0.0201578 0.0154029 0.0112786 0.00784035 0.00512088
 0.00777182 0.0127099 0.0192861 0.027485 0.037051 0.0473297 0.0572391 0.065538 0.0712722 0.0740715 0.0741121 0.0718709 0.067901 0.0627199 0.0567715 0.0504113 0.0439085 0.0374655 0.0312413 0.0253695 0.0199675 0.0151389 0.010973 0.00753659 0.00485798
 0.0078217 0.0127874 0.0193955 0.0276263 0.037219 0.0475124 0.0574188 0.0656945 0.0713897 0.074144 0.0741442 0.0718728 0.0678815 0.0626849 0.0567255 0.0503601 0.0438578 0.0374149 0.0311811 0.025283 0.0198397 0.0149673 0.0107715 0.00733102 0.00467535
 0.00784806 0.0128258 0.0194452 0.027684 0.0372801 0.047573 0.0574765 0.065748 0.0714372 0.0741832 0.0741728 0.0718903 0.0678905 0.0626892 0.0567284 0.0503627 0.0438591 0.0374118 0.0311676 0.0252504 0.0197794 0.0148761 0.0106557 0.00720589 0.00455907
 0.00786576 0.0128524 0.0194808 0.0277271 0.0373272 0.0476191 0.057516 0.065776 0.0714514 0.0741845 0.0741658 0.0718809 0.0678835 0.0626871 0.0567317 0.0503705 0.0438692 0.0374207 0.0311702 0.0252403 0.0197508 0.0148263 0.010588 0.00712928 0.00448529
 0.00791601 0.0129284 0.0195845 0.027856 0.0374745 0.0477746 0.0576663 0.065906 0.0715463 0.0742336 0.0741653 0.0718349 0.0678027 0.0625855 0.0566228 0.0502649 0.0437733 0.0373367 0.0310967 0.0251735 0.019686 0.0147603 0.0105205 0.00706369 0.00442702
 0.00788851 0.0128908 0.019541 0.0278147 0.0374451 0.0477644 0.0576776 0.0659353 0.071587 0.0742785 0.0742086 0.0718729 0.0678332 0.0626078 0.0566377 0.0502744 0.0437795 0.0373411 0.0310991 0.025172 0.0196781 0.014744 0.0104964 0.00703466 0.00439766
 0.00787668 0.0128616 0.0194796 0.0277036 0.0372711 0.047529 0.0574034 0.0656638 0.0713652 0.0741429 0.074174 0.071932 0.0679642 0.0627839 0.0568342 0.0504718 0.0439648 0.0375063 0.0312397 0.0252857 0.0197639 0.0148027 0.0105306 0.00704962 0.00439984
 0.00790486 0.0129007 0.0195252 0.0277453 0.0372934 0.0475129 0.0573316 0.065527 0.0711694 0.0739127 0.073949 0.0717548 0.0678653 0.062773 0.0569002 0.0505912 0.0441112 0.0376573 0.0313796 0.0254051 0.0198583 0.0148711 0.0105752 0.00707466 0.00441098
 0.00789618 0.0128928 0.0195242 0.0277597 0.0373297 0.0475706 0.0573988 0.0655813 0.0711845 0.0738691 0.0738429 0.0716018 0.0676972 0.0626265 0.0568047 0.0505598 0.0441392 0.0377275 0.0314707 0.0254983 0.0199405 0.0149355 0.0106203 0.00710256 0.00442579
 0.00786084 0.012833 0.0194308 0.0276248 0.0371513 0.0473581 0.0571751 0.065379 0.0710346 0.0737881 0.0738271 0.0716323 0.0677521 0.0626929 0.0568824 0.0506566 0.0442623 0.0378763 0.0316352 0.0256626 0.020089 0.0150574 0.0107111 0.00716394 0.00446322
 0.00785646 0.0128204 0.0194017 0.0275677 0.0370542 0.0472126 0.0569821 0.0651514 0.0707973 0.0735734 0.0736663 0.0715464 0.0677453 0.0627536 0.0569906 0.0507937 0.0444163 0.038041 0.0318054 0.0258305 0.0202441 0.0151895 0.0108139 0.0072365 0.00450954
 0.00783643 0.0127886 0.019355 0.0275031 0.0369683 0.0471019 0.0568436 0.064985 0.0706082 0.0733746 0.0734785 0.0713951 0.0676544 0.0627376 0.0570502 0.0509167 0.0445829 0.0382308 0.0320016 0.0260201 0.0204165 0.0153362 0.0109296 0.00732016 0.0045645
 0.00780769 0.0127408 0.0192811 0.0273966 0.0368252 0.0469236 0.056639 0.0647697 0.0704006 0.0731909 0.0733302 0.0712899 0.0675988 0.0627385 0.0571126 0.0510399 0.0447581 0.0384418 0.0322284 0.0262433 0.02062 0.0155089 0.0110656 0.00741888 0.00463005
 0.00779328 0.0127165 0.0192428 0.0273396 0.0367449 0.0468167 0.0565053 0.0646137 0.0702317 0.0730225 0.0731772 0.0711661 0.0675149 0.062701 0.0571251 0.0511032 0.0448696 0.0385939 0.032408 0.0264333 0.0208031 0.0156704 0.0111962 0.00751562 0.00469537
 0.00774037 0.0126314 0.0191168 0.0271659 0.0365212 0.0465478 0.0562061 0.0643082 0.069949 0.0727896 0.0730141 0.071083 0.0675131 0.0627752 0.0572655 0.0512976 0.0451046 0.0388558 0.0326819 0.0267032 0.0210527 0.0158857 0.0113683 0.00764219 0.0047805
 0.00770991 0.0125778 0.0190288 0.027031 0.0363287 0.0462945 0.0559005 0.0639724 0.0696146 0.0724911 0.0727815 0.0709374 0.0674645 0.0628228 0.0573993 0.0515018 0.0453606 0.039144 0.0329828 0.0269983 0.0213247 0.0161204 0.0115565 0.00778132 0.00487466
 0.00770671 0.0125706 0.0190137 0.0270022 0.0362783 0.0462133 0.0557801 0.0638081 0.0694089 0.0722562 0.0725393 0.0707161 0.0672923 0.0627214 0.0573802 0.0515647 0.0454954 0.0393336 0.0332069 0.0272353 0.0215543 0.0163256 0.0117254 0.00790887 0.00496254
 0.00767941 0.0125318 0.0189657 0.0269499 0.0362275 0.0461673 0.055737 0.0637607 0.0693469 0.0721706 0.0724268 0.0705819 0.0671512 0.0625949 0.0572912 0.0515314 0.0455264 0.0394265 0.0333493 0.0274085 0.021737 0.0164982 0.0118731 0.00802356 0.00504325
 0.00763512 0.0124627 0.0188676 0.0268219 0.0360736 0.0459976 0.0555678 0.0636114 0.0692346 0.0721031 0.0723996 0.0705816 0.0671628 0.0626095 0.05731 0.0515638 0.045585 0.0395204 0.0334792 0.027566 0.0219068 0.0166625 0.0120166 0.00813683 0.00512399
 0.00760991 0.0124204 0.0188016 0.0267258 0.0359432 0.0458335 0.0553787 0.0634146 0.0690528 0.0719588 0.072309 0.0705501 0.0671842 0.0626698 0.0573932 0.0516588 0.0456881 0.0396342 0.0336077 0.0277088 0.0220575 0.0168095 0.0121472 0.00824203 0.00520032
 0.00760729 0.0124132 0.0187852 0.0266938 0.0358884 0.0457501 0.0552648 0.0632736 0.0688945 0.0717981 0.0721643 0.0704394 0.0671209 0.0626588 0.0574301 0.0517326 0.0457863 0.0397471 0.0337298 0.0278371 0.0221879 0.0169351 0.0122596 0.00833388 0.00526818
 0.00758451 0.0123811 0.0187459 0.0266515 0.0358476 0.0457126 0.0552275 0.0632295 0.0688359 0.0717211 0.0720719 0.0703416 0.0670325 0.0625953 0.0574028 0.0517457 0.0458367 0.0398265 0.0338284 0.0279459 0.0222993 0.017042 0.0123551 0.00841231 0.00532677
 0.00757276 0.0123616 0.0187158 0.0266091 0.0357928 0.0456492 0.0551628 0.0631728 0.0687939 0.0716944 0.0720542 0.0703238 0.0670084 0.0625655 0.0573753 0.0517316 0.0458452 0.0398615 0.0338875 0.0280226 0.0223849 0.0171277 0.0124333 0.00847738 0.00537589
 0.00754907 0.0123254 0.0186658 0.0265454 0.035717 0.0455639 0.0550722 0.0630829 0.0687129 0.0716314 0.0720159 0.0703126 0.0670204 0.0625931 0.0574108 0.0517714 0.0458905 0.0399158 0.0339537 0.0280999 0.0224685 0.0172107 0.0125085 0.0085395 0.00542243
 0.00753747 0.0123055 0.0186339 0.0264978 0.0356514 0.0454808 0.0549764 0.0629832 0.0686199 0.0715544 0.0719617 0.0702845 0.0670188 0.0626156 0.0574525 0.0518261 0.0459528 0.0399829 0.0340248 0.0281745 0.022545 0.0172851 0.0125758 0.00859516 0.00546427
 0.00754221 0.0123128 0.0186441 0.0265104 0.0356646 0.045491 0.0549787 0.0629721 0.0685918 0.0715096 0.0719048 0.0702233 0.0669622 0.0625707 0.0574237 0.0518145 0.0459571 0.0400003 0.0340527 0.0282107 0.022587 0.0173297 0.0126189 0.00863297 0.00549399
 0.00752197 0.0122836 0.018607 0.0264688 0.0356232 0.0454546 0.0549501 0.0629519 0.0685782 0.0714993 0.0718946 0.0702112 0.0669488 0.062559 0.0574182 0.0518189 0.0459734 0.0400282 0.0340902 0.0282547 0.0226342 0.0173765 0.012662 0.00866934 0.00552196
 0.00751159 0.0122633 0.0185705 0.0264092 0.0355357 0.0453404 0.0548192 0.062822 0.0684693 0.0714267 0.0718642 0.0702192 0.0669857 0.0626142 0.0574831 0.0518888 0.0460462 0.0401033 0.0341664 0.02833 0.0227058 0.0174413 0.0127171 0.00871305 0.00555392
 0.00749402 0.0122373 0.0185358 0.0263663 0.035485 0.0452808 0.0547481 0.0627375 0.0683738 0.0713288 0.0717781 0.07016 0.0669632 0.06263 0.0575311 0.0519588 0.0461283 0.0401899 0.0342528 0.0284129 0.0227824 0.0175089 0.0127736 0.00875705 0.00558558
 0.00747234 0.0122018 0.0184823 0.0262915 0.0353878 0.0451642 0.0546201 0.0626102 0.068259 0.0712356 0.071711 0.0701209 0.066954 0.0626529 0.0575865 0.0520437 0.0462351 0.0403086 0.0343736 0.0285279 0.0228858 0.0175971 0.0128446 0.00881053 0.00562292
 0.00747234 0.0122018 0.0184823 0.0262915 0.0353878 0.0451642 0.0546201 0.0626102 0.068259 0.0712356 0.071711 0.0701209 0.066954 0.0626529 0.0575865 0.0520437 0.0462351 0.0403086 0.0343736 0.0285279 0.0228858 0.0175971 0.0128446 0.00881053 0.00562292
 0.00721859 0.0117984 0.0178938 0.0254956 0.0343853 0.0439912 0.0533583 0.0613832 0.06721 0.0704913 0.0713509 0.0701641 0.0673637 0.0633542 0.0584873 0.0530519 0.0472704 0.0413075 0.0352889 0.029328 0.0235527 0.0181253 0.0132395 0.00908712 0.00580286
 0.0073363 0.0119543 0.0180619 0.0256275 0.0344198 0.0438727 0.0530546 0.060896 0.0665762 0.0697788 0.0706479 0.0695633 0.0669435 0.0631612 0.0585284 0.0532977 0.0476671 0.0417917 0.0358008 0.0298186 0.0239873 0.0184837 0.0135148 0.00928357 0.00593229
 0.00727999 0.0118875 0.018005 0.0256088 0.0344605 0.0439666 0.0531562 0.060929 0.0664638 0.0694793 0.070177 0.0689913 0.0663724 0.0626937 0.0582415 0.0532274 0.0478062 0.042098 0.0362122 0.0302694 0.024421 0.0188606 0.013814 0.00950135 0.00607743
 0.00728981 0.011897 0.0180088 0.0256019 0.0344442 0.0439543 0.0531717 0.0609942 0.066578 0.0696049 0.0702464 0.0689373 0.066164 0.0623568 0.0578509 0.0528766 0.047573 0.0420211 0.0362863 0.0304559 0.0246662 0.019113 0.0140363 0.00967406 0.00619752
 0.00735381 0.0120074 0.0181853 0.0258635 0.0348009 0.0443963 0.0536642 0.0614822 0.0670023 0.0699193 0.0704228 0.0689586 0.0660177 0.0620386 0.0573799 0.0523053 0.0469808 0.0414918 0.0358812 0.0301981 0.0245419 0.0190852 0.0140625 0.00971955 0.00624084
 0.00733168 0.0119792 0.0181581 0.0258509 0.034822 0.0444727 0.0538138 0.0617121 0.0673027 0.0702597 0.0707577 0.0692377 0.0661974 0.0620896 0.0572902 0.0520842 0.0466613 0.0411281 0.0355356 0.029922 0.0243604 0.0189946 0.0140388 0.00973288 0.00626667
 0.00715931 0.0117034 0.017753 0.0253002 0.0341281 0.0436679 0.052969 0.0609325 0.0667051 0.0699401 0.0707622 0.0695514 0.0667521 0.0627856 0.0580223 0.0527647 0.0472352 0.0415779 0.035876 0.0301853 0.024579 0.0191877 0.01421 0.00987609 0.00637563
 0.00699498 0.0114229 0.0173072 0.0246381 0.0332119 0.0424962 0.051598 0.0594811 0.0653373 0.0688295 0.0700542 0.0693338 0.067039 0.0635172 0.05908 0.0540001 0.0485038 0.0427666 0.0369167 0.0310533 0.0252792 0.0197383 0.0146304 0.0101836 0.00658691
 0.00701091 0.0114359 0.0173012 0.0245849 0.0330723 0.0422244 0.0511512 0.0588344 0.0645004 0.0678611 0.0690633 0.0684616 0.0664257 0.0632636 0.0592203 0.0544942 0.0492528 0.043644 0.037803 0.0318607 0.02596 0.0202786 0.0150376 0.0104749 0.00678315
 0.00696061 0.0113638 0.0172097 0.0244803 0.032959 0.0420982 0.0509936 0.058613 0.064178 0.0674107 0.0684854 0.067798 0.0657613 0.0627116 0.058892 0.0544639 0.0495324 0.0441801 0.0384968 0.0326007 0.0266524 0.0208639 0.0154921 0.0108016 0.00700094
 0.006926 0.0113073 0.0171249 0.0243627 0.0328089 0.0419229 0.0508077 0.058433 0.0640117 0.0672482 0.0682987 0.067555 0.0654473 0.0623488 0.0585433 0.0542167 0.0494669 0.0443364 0.0388588 0.0331029 0.0272058 0.0213862 0.0159279 0.0111286 0.00722346
 0.00690286 0.011273 0.0170791 0.0243066 0.0327439 0.0418496 0.0507253 0.0583411 0.0639121 0.0671438 0.0681907 0.0674369 0.0653053 0.0621694 0.0583288 0.0539965 0.0492958 0.0442754 0.0389474 0.0333392 0.0275465 0.0217651 0.0162816 0.0114153 0.0074288
 0.00693946 0.011334 0.0171735 0.0244427 0.0329264 0.0420751 0.0509787 0.0585949 0.0641312 0.0672942 0.0682473 0.0673883 0.0651527 0.0619234 0.0580069 0.0536256 0.0489153 0.0439364 0.0387013 0.0332197 0.0275551 0.0218711 0.0164364 0.0115724 0.00755781
 0.00695975 0.0113719 0.0172397 0.0245501 0.0330873 0.042296 0.0512552 0.0589092 0.0644535 0.0675878 0.0684743 0.0675166 0.0651612 0.061806 0.0577732 0.0532991 0.0485318 0.0435415 0.0383445 0.0329446 0.0273863 0.0218067 0.0164508 0.011629 0.00762383
