SBPRF35
7.78865
Curr Bio
453880
B35
636614
F35
0.213124
FOFL
0.155401
OFL
58397
Bzero
2.22533e+006
#pred survey bio
 3.8332e+006 3.41562e+006 3.06012e+006 2.73213e+006 2.4045e+006 2.12814e+006 1.89339e+006 1.65649e+006 1.45568e+006 1.27248e+006 1.1034e+006 983093 885385 831183 775498 730665 699905 663339 638793 622398 617061 616616 616761 621244 625674 636605 640766 631968 626746 619957 604527 588852 565153 560259 552087 557080 563568 560456 565417 572159 582450 586586 581104 582210 586740 581913 586428 582613 593178 595870 603938 591175 584239 566431 581879 583476 584125 565193 545509 521142 520798 508611 470701 471751 459163 1.67263e+007 1.01598e+007 1.05593e+007 1.14307e+007 1.25274e+007 1.36262e+007 1.45996e+007 1.53983e+007 1.60213e+007 1.64909e+007 1.68369e+007 1.70883e+007 1.72694e+007 1.73994e+007 1.74928e+007 1.756e+007 1.76086e+007 1.76439e+007 1.76698e+007 1.76888e+007 1.77029e+007 1.77135e+007 1.77214e+007 1.77273e+007 1.77318e+007 1.77352e+007 1.77378e+007 1.77398e+007 1.77413e+007 1.77425e+007 1.77434e+007 1.77441e+007 1.77446e+007 1.7745e+007 1.77453e+007 1.77456e+007 1.77458e+007 1.77459e+007 1.7746e+007 1.77461e+007 1.77462e+007 1.77462e+007 1.77463e+007 1.77463e+007 1.77463e+007 1.77463e+007 1.77464e+007 1.77464e+007 1.77464e+007 1.77464e+007 1.77464e+007 1.77464e+007 1.77464e+007 1.77464e+007 1.77464e+007 1.77464e+007 1.77464e+007 1.77464e+007 1.77464e+007 1.77464e+007 1.77464e+007 1.77464e+007 1.77464e+007 1.77464e+007 1.77464e+007 1.77464e+007 1.77464e+007 1.77464e+007 1.77464e+007 1.77464e+007 1.77464e+007 1.77464e+007 1.77464e+007 1.77464e+007 1.77464e+007 1.77464e+007 1.77464e+007 1.77464e+007 1.77464e+007 1.77464e+007 1.77464e+007 1.77464e+007 1.77464e+007 1.77464e+007 1.77464e+007 1.77464e+007 1.77464e+007 1.77464e+007 1.77464e+007 1.77464e+007 1.77464e+007 1.77464e+007 1.77464e+007 1.77464e+007 1.77464e+007 1.77464e+007 1.77464e+007 1.77464e+007 1.77464e+007 1.77464e+007 0 0 0 0 0 0 0 0 0 0 0 0 0 0 0 0 0 0 0 0 0 0 0 0 0
#obs survey bio
 3.66218e+006 2.56615e+006 2.99116e+006 2.41058e+006 1.69466e+006 2.5846e+006 1.71136e+006 1.51056e+006 928546 1.41962e+006 1.05662e+006 924950 787742 610007 619919 636104 559994 1.07993e+006 594565 551733 510681 529887 607786 577417 628141 474722 604054 792261 632638 499444 710152 609114 554643 549179 707980 560523 535601 449340 623735 457444 515788 896074 496078 574683 578976 636533 528727 507112 628939 594552 578168 720755 477026 519220 536511 806226 562960 491589 440379 488496 516083 346417 634954 343906 466760
#pred catch bio
 294395 266620 272100 302185 284800 272462 294471 277626 271760 263512 222512 202911 164969 165218 153716 139238 140757 126690 117189 107040 103285 103070 99012.5 98065.4 91545.7 95585.6 103282 96294 93703.6 96649.8 92428.7 97349.7 84082.7 91322.8 83014.9 83136.1 91629.4 85466.6 85344.7 84108.3 90180.3 97594.6 91666.3 89462.6 97775.1 90393.3 98077.3 86866.6 94011.3 89482.6 106508 100968 109486 81494.4 92812.1 92067.5 106787 105831 108400 87400.6 96616.6 115766 81683.8 92620.5 65578.3 58397 78656.8 80407.5 85961 93891.8 101979 109060 114737 119027 122136 124318 125815 126822 127491 127930 128215 128399 128517 128593 128641 128671 128691 128703 128711 128715 128718 128720 128722 128722 128723 128723 128723 128723 128723 128723 128723 128723 128723 128723 128724 128724 128724 128724 128724 128724 128724 128724 128724 128724 128724 128724 128724 128724 128724 128724 128724 128724 128724 128724 128724 128724 128724 128724 128724 128724 128724 128724 128724 128724 128724 128724 128724 128724 128724 128724 128724 128724 128724 128724 128724 128724 128724 128724 128724 128724 128724 128724 128724 128724 128724 128724 128724 128724 128724 128724 128724 128724 128724 128724 128724 0 0 0 0 0 0 0 0 0 0 0 0 0 0 0 0 0 0 0 0 0 0 0 0 0
#obs catch bio
 247611 267476 273403 304833 288026 276060 300788 282970 280256 270541 227227 207748 167356 168068 157127 141564 144064 128343 118622 108290 104858 105024 100659 99502 92469.3 96862.7 104303 96905.5 94064.4 97179.6 92546.1 97569.5 83889.1 91414.8 83036.8 82972.9 91411.7 85413.8 85438.6 84300.3 90801.4 97605.1 91624.4 89537 98245.2 90460.3 98689.1 87105.5 94557.5 89547.8 107028 100920 110426 81476.4 93255.9 91825.6 106743 105492 108298 86954.2 95846.3 115718 80782.6 92827 65390
#pred cpue bio
 3.77606e+006 3.36234e+006 3.00899e+006 2.68204e+006 2.35579e+006 2.08045e+006 1.84674e+006 1.61156e+006 1.41243e+006 1.23148e+006 1.06509e+006 946678 850756 797644 743152 699520 669770 634562 611130 595289 589925 589307 589501 594225 598983 610040 614653 606764 602406 596456 582093 567356 543584 537192 528178 533065 539719 536702 541318 547638 557421 561585 556502 557492 561704 556893 561192 557311 567530 570322 578335 565854 558911 541450 556684 558753 559756 541269 521824 497934 497718 486029 449083 450017 437915 1.59861e+007 9.72202e+006 9.99829e+006 1.07521e+007 1.18154e+007 1.29077e+007 1.38801e+007 1.46787e+007 1.53017e+007 1.57713e+007 1.61173e+007 1.63687e+007 1.65498e+007 1.66798e+007 1.67732e+007 1.68404e+007 1.6889e+007 1.69243e+007 1.69501e+007 1.69692e+007 1.69833e+007 1.69938e+007 1.70017e+007 1.70077e+007 1.70122e+007 1.70156e+007 1.70182e+007 1.70202e+007 1.70217e+007 1.70229e+007 1.70237e+007 1.70244e+007 1.7025e+007 1.70254e+007 1.70257e+007 1.70259e+007 1.70261e+007 1.70263e+007 1.70264e+007 1.70265e+007 1.70265e+007 1.70266e+007 1.70266e+007 1.70267e+007 1.70267e+007 1.70267e+007 1.70267e+007 1.70267e+007 1.70267e+007 1.70267e+007 1.70268e+007 1.70268e+007 1.70268e+007 1.70268e+007 1.70268e+007 1.70268e+007 1.70268e+007 1.70268e+007 1.70268e+007 1.70268e+007 1.70268e+007 1.70268e+007 1.70268e+007 1.70268e+007 1.70268e+007 1.70268e+007 1.70268e+007 1.70268e+007 1.70268e+007 1.70268e+007 1.70268e+007 1.70268e+007 1.70268e+007 1.70268e+007 1.70268e+007 1.70268e+007 1.70268e+007 1.70268e+007 1.70268e+007 1.70268e+007 1.70268e+007 1.70268e+007 1.70268e+007 1.70268e+007 1.70268e+007 1.70268e+007 1.70268e+007 1.70268e+007 1.70268e+007 1.70268e+007 1.70268e+007 1.70268e+007 1.70268e+007 1.70268e+007 1.70268e+007 1.70268e+007 1.70268e+007 1.70268e+007 1.70268e+007 1.70268e+007 0 0 0 0 0 0 0 0 0 0 0 0 0 0 0 0 0 0 0 0 0 0 0 0 0
#obs cpue bio
 3.17401e+006 2.15409e+006 2.5272e+006 2.49568e+006 1.96741e+006 1.17623e+006 1.22558e+006 1.56962e+006 815624 1.25497e+006 923918 684224 948260 861539 493187 747303 482006 505595 549547 516910 428638 416190 498941 612742 596018 558054 893537 494209 667679 668831 599949 599294 624160 534578 367490 642907 698137 514295 442104 557928 427803 684271 608748 474682 479091 545174 480970 595712 489526 651921 564660 546236 457151 635164 554959 610877 586944 708455 658479 581378 729576 591705 508985 402450 412716
#pred surv len freq
 0.00538076 0.00874842 0.0131861 0.0186706 0.0250535 0.0319705 0.0388154 0.0448897 0.0496657 0.0529612 0.0549113 0.0558103 0.0559666 0.0556314 0.0549772 0.0540988 0.0530285 0.0517503 0.0501911 0.0481815 0.0454283 0.0415718 0.0363693 0.0299282 0.0228134
 0.00588028 0.009451 0.0140461 0.0195907 0.0259301 0.0327558 0.0395524 0.0456869 0.0506196 0.0540751 0.0560656 0.056803 0.0565993 0.0557886 0.0546617 0.0534142 0.0521238 0.0507552 0.0491684 0.0471198 0.0442782 0.0403066 0.03503 0.0286236 0.0216741
 0.00622066 0.0100332 0.0149677 0.0209394 0.02774 0.0349547 0.0419371 0.0479654 0.0525174 0.0554448 0.056919 0.0572468 0.0567278 0.0556189 0.0541488 0.0525158 0.0508556 0.0491958 0.0474226 0.0452758 0.0423932 0.0384275 0.0332251 0.0269911 0.0203156
 0.00655382 0.0105598 0.015736 0.0219935 0.0291223 0.0366997 0.0440489 0.0503812 0.0550779 0.0579008 0.0589892 0.0587055 0.0574729 0.0556748 0.0536091 0.0514772 0.0493894 0.0473629 0.0452991 0.0429607 0.0400003 0.0360765 0.0310387 0.0250865 0.0187831
 0.00694845 0.0111889 0.0166588 0.0232555 0.0307458 0.0386726 0.0463139 0.0528374 0.0575958 0.0603385 0.0611962 0.0605188 0.0587265 0.0562344 0.0534122 0.0505472 0.0478152 0.0452632 0.0428008 0.0401986 0.0371252 0.0332561 0.0284447 0.0228683 0.0170369
 0.00726472 0.011703 0.0174325 0.024346 0.0321946 0.0404882 0.0484535 0.0552004 0.060039 0.0627046 0.0633402 0.0623183 0.0600765 0.0570381 0.0535833 0.0500271 0.0465955 0.0433977 0.040401 0.0374208 0.0341584 0.0303095 0.0257263 0.0205523 0.0152286
 0.00750513 0.0120968 0.0180313 0.0252013 0.03335 0.0419653 0.050236 0.0572254 0.062201 0.0648718 0.0653734 0.0640869 0.0614689 0.0579639 0.05397 0.0498177 0.0457537 0.0419239 0.0383501 0.0349136 0.0313781 0.0274814 0.0230831 0.0182889 0.0134624
 0.00782987 0.0126143 0.0187908 0.0262421 0.0346946 0.04361 0.0521389 0.0593014 0.0643318 0.0669253 0.0672238 0.0656267 0.0626133 0.0586503 0.0541544 0.0494693 0.0448527 0.0404675 0.0363697 0.0324953 0.0286753 0.0247058 0.020469 0.016041 0.0117067
 0.00797884 0.0128841 0.0192473 0.0269625 0.0357484 0.0450293 0.0538923 0.0612888 0.0664052 0.0689253 0.0690104 0.0670939 0.0636892 0.0592904 0.0543326 0.0491713 0.0440708 0.0392039 0.0346482 0.0303807 0.0262905 0.0222314 0.0181161 0.0140023 0.0101064
 0.0081608 0.0131752 0.0196786 0.0275646 0.0365524 0.0460632 0.0551711 0.0627989 0.0680905 0.0706829 0.0707014 0.0685701 0.0648236 0.0599989 0.0545776 0.0489492 0.0433959 0.0380987 0.0331463 0.0285422 0.0242181 0.020076 0.0160582 0.012211 0.00869456
 0.00851714 0.0137239 0.0204468 0.0285566 0.0377491 0.047425 0.0566388 0.0642983 0.069543 0.0720176 0.0718611 0.069506 0.0654871 0.0603415 0.0545589 0.0485474 0.0426119 0.0369533 0.0316781 0.0268114 0.0223165 0.0181308 0.014219 0.0106184 0.00744247
 0.00868582 0.0140095 0.0208963 0.029217 0.0386531 0.0485696 0.05797 0.0657122 0.0709119 0.0732268 0.0728359 0.0702163 0.0659332 0.060532 0.0544956 0.0482212 0.0420104 0.036072 0.0305315 0.0254412 0.0207971 0.0165677 0.0127358 0.00933057 0.00642737
 0.00891971 0.0143634 0.0213814 0.0298302 0.0393837 0.0494072 0.058905 0.0667273 0.0719679 0.0742562 0.0737508 0.0709301 0.0663849 0.0606988 0.0543879 0.047865 0.0414304 0.0352855 0.0295549 0.0243034 0.019551 0.0152937 0.0115308 0.00828597 0.00560472
 0.00902082 0.0145196 0.0216007 0.0301137 0.0397246 0.049792 0.0593161 0.0671486 0.0723925 0.0746892 0.0742019 0.0713975 0.0668419 0.0610949 0.0546638 0.0479718 0.0413401 0.0349908 0.0290651 0.0236435 0.0187648 0.0144458 0.0106996 0.00754761 0.00501312
 0.00904592 0.0145829 0.0217368 0.0303656 0.0401304 0.0503635 0.0600225 0.0679171 0.0731284 0.0753075 0.0746522 0.0716721 0.0669649 0.0611011 0.0545782 0.0478005 0.0410733 0.0346146 0.0285731 0.0230448 0.0180877 0.0137368 0.0100169 0.00694762 0.00453546
 0.00912848 0.0146972 0.0218739 0.0305098 0.04027 0.0505043 0.0601933 0.0681587 0.0734693 0.07574 0.0751271 0.0721159 0.0673102 0.0613099 0.0546466 0.0477455 0.0409151 0.0343656 0.0282383 0.0226305 0.0176109 0.0132292 0.00952121 0.00650719 0.00418194
 0.00902367 0.0145564 0.0217156 0.0303671 0.040178 0.0504841 0.0602421 0.0682562 0.0735969 0.0758971 0.0753303 0.0723811 0.0676315 0.0616529 0.0549611 0.0479859 0.0410539 0.0343945 0.0281616 0.0224596 0.0173641 0.0129335 0.00921123 0.00621874 0.00394296
 0.00906023 0.0146001 0.0217539 0.0303825 0.040158 0.0504329 0.0601857 0.0682341 0.0736414 0.0760157 0.0755032 0.0725757 0.0678212 0.0618248 0.0551097 0.048103 0.0411254 0.0344052 0.0281024 0.0223314 0.0171785 0.0127111 0.00897837 0.00600213 0.00376336
 0.00925898 0.0148758 0.0220806 0.030705 0.0404061 0.0505449 0.0601314 0.0680248 0.073327 0.0756693 0.0751998 0.0723709 0.0677368 0.0618491 0.0552096 0.0482391 0.0412621 0.0345139 0.0281626 0.0223327 0.0171217 0.0126084 0.00885007 0.00587096 0.00364828
 0.00944877 0.015168 0.0224874 0.0312202 0.0409987 0.0511551 0.0606721 0.0683966 0.0734487 0.0755114 0.0748012 0.0718264 0.0671618 0.0613405 0.0548219 0.0479811 0.0411096 0.0344282 0.0281055 0.0222752 0.0170483 0.0125164 0.00874696 0.00576953 0.0035606
 0.00951996 0.0152823 0.0226566 0.0314538 0.041301 0.0515207 0.0610794 0.0688046 0.0737992 0.0757402 0.0748568 0.0716895 0.0668568 0.0609307 0.0543882 0.0475947 0.0408118 0.0342249 0.027977 0.0221915 0.0169823 0.012452 0.00867991 0.00570361 0.00350255
 0.00942203 0.0151493 0.0225049 0.0313157 0.0412166 0.0515244 0.0611886 0.0690146 0.0740853 0.0760631 0.0751682 0.0719389 0.0670025 0.0609529 0.054297 0.0474276 0.0406191 0.0340505 0.0278445 0.0221025 0.0169241 0.0124092 0.00864187 0.00566714 0.00346938
 0.00927628 0.0149278 0.0222018 0.03094 0.0407941 0.0510985 0.0608176 0.0687626 0.0740054 0.0761781 0.0754598 0.0723524 0.0674636 0.0613883 0.0546523 0.0476775 0.0407678 0.0341236 0.0278746 0.0221155 0.0169333 0.0124167 0.00864527 0.00566476 0.00346239
 0.00916922 0.0147497 0.0219276 0.0305467 0.0402701 0.0504561 0.0601036 0.0680582 0.0734115 0.0757893 0.0753391 0.072515 0.0678745 0.061973 0.0553171 0.0483328 0.0413477 0.0345949 0.0282337 0.0223779 0.0171204 0.0125471 0.00873258 0.00571921 0.00349285
 0.00911948 0.0146644 0.0217903 0.0303383 0.0399716 0.0500546 0.0596 0.067475 0.0727958 0.0752104 0.074878 0.0722473 0.0678495 0.0621984 0.0557547 0.0489091 0.0419752 0.0351948 0.0287525 0.0227916 0.0174291 0.0127648 0.0088781 0.00581082 0.00354644
 0.00890103 0.0143404 0.0213605 0.0298218 0.0394002 0.0494615 0.0590129 0.0669154 0.0722836 0.0747696 0.07454 0.0720497 0.0678304 0.0623851 0.0561508 0.049486 0.0426734 0.0359367 0.0294615 0.0234094 0.0179246 0.0131332 0.00913292 0.00597488 0.00364439
 0.00868634 0.0140092 0.0208966 0.0292256 0.0386922 0.0486842 0.05823 0.0662032 0.0717133 0.0743863 0.0743534 0.0720419 0.0679755 0.0626647 0.0565578 0.0500149 0.0433063 0.0366355 0.0301711 0.0240705 0.0184899 0.013577 0.00945321 0.0061874 0.00377391
 0.00857059 0.0138265 0.0206322 0.0288701 0.0382442 0.0481542 0.0576445 0.065606 0.07116 0.0739332 0.0740439 0.0718974 0.0679937 0.0628269 0.05684 0.0503961 0.0437697 0.0371615 0.0307301 0.0246225 0.0189918 0.013995 0.0097708 0.00640714 0.00391215
 0.00848549 0.0136817 0.0204028 0.0285305 0.0377753 0.0475545 0.0569399 0.0648514 0.0704297 0.0733042 0.0735804 0.0716414 0.0679608 0.0630072 0.0572024 0.0508979 0.0443652 0.0378081 0.0313888 0.0252557 0.0195636 0.0144755 0.0101433 0.00667136 0.00408269
 0.00829879 0.0134064 0.0200398 0.0280967 0.0372952 0.0470487 0.0564193 0.0643209 0.0698994 0.0728 0.0731455 0.071328 0.0678158 0.0630583 0.0574517 0.0513221 0.044923 0.0384489 0.0320606 0.0259104 0.0201596 0.0149811 0.0105404 0.006958 0.00427135
 0.00828101 0.0133574 0.0199304 0.0278913 0.0369653 0.0465912 0.0558678 0.0637399 0.0693599 0.0723525 0.0728082 0.0710965 0.0676832 0.0630292 0.057541 0.0515428 0.0452734 0.0389075 0.032589 0.026461 0.0206853 0.0154429 0.0109132 0.00723344 0.00445662
 0.00897411 0.0143295 0.0211061 0.0291008 0.0379886 0.047232 0.0560172 0.0633989 0.0686206 0.0713588 0.0717146 0.0700352 0.066745 0.0622609 0.0569575 0.0511434 0.0450513 0.0388498 0.0326718 0.026648 0.0209312 0.0157022 0.0111487 0.00742224 0.00459146
 0.00979475 0.0156129 0.0229333 0.031487 0.0408508 0.0503576 0.0590548 0.0659073 0.0701877 0.0717404 0.0709158 0.0682869 0.0643995 0.0596737 0.0544091 0.048816 0.0430427 0.037199 0.0313807 0.0256927 0.0202685 0.0152757 0.0108971 0.0072881 0.00452797
 0.00969255 0.0155625 0.0230707 0.0320078 0.0419562 0.0521664 0.0615215 0.0687925 0.0730974 0.0742214 0.0725704 0.0688734 0.0638885 0.0582399 0.052361 0.0464967 0.0407457 0.0351263 0.0296408 0.0243212 0.0192515 0.0145684 0.0104385 0.00701275 0.00437597
 0.00938262 0.0151102 0.0224929 0.0313728 0.0413896 0.0518454 0.0616512 0.0695531 0.0745675 0.0763049 0.0749779 0.0711848 0.0656791 0.0592129 0.0524267 0.0457716 0.0394833 0.0336211 0.0281471 0.0230102 0.0182066 0.0138033 0.00992165 0.00669108 0.0041922
 0.00923006 0.0148362 0.0220362 0.0306704 0.0404056 0.0506122 0.0603028 0.0683256 0.0737501 0.0761554 0.0756313 0.0725919 0.0676006 0.0612798 0.0542514 0.0470661 0.0401339 0.0336904 0.0278136 0.0224836 0.0176604 0.0133427 0.0095864 0.00647531 0.00406825
 0.00926406 0.0148683 0.0220394 0.0305991 0.0402004 0.0502126 0.0596683 0.0674615 0.0727329 0.0751427 0.074841 0.0722434 0.0678338 0.0620878 0.0554666 0.0484122 0.0413252 0.0345287 0.0282384 0.0225591 0.0175176 0.0131151 0.00936794 0.00631037 0.00396332
 0.00940698 0.0150908 0.0223538 0.0310047 0.0406761 0.05071 0.0601079 0.0677408 0.0727525 0.0748446 0.0742446 0.071459 0.0670419 0.061483 0.055185 0.0484769 0.0416389 0.034923 0.0285515 0.0226996 0.0174829 0.0129649 0.00917909 0.00614115 0.00384033
 0.00945673 0.0151698 0.0224692 0.0311621 0.0408789 0.0509565 0.060387 0.0680268 0.0730017 0.0749989 0.0742457 0.0712715 0.0666779 0.0610135 0.0547244 0.0481404 0.0414931 0.0349568 0.0286884 0.0228419 0.0175601 0.0129578 0.00911086 0.00605078 0.00375918
 0.00950097 0.0152368 0.022561 0.0312777 0.0410153 0.0511099 0.0605536 0.0682018 0.073177 0.0751601 0.0743689 0.0713252 0.0666314 0.0608524 0.0544662 0.0478374 0.0412156 0.034762 0.0285943 0.0228238 0.0175712 0.0129581 0.00908471 0.00600504 0.00370986
 0.00924166 0.0148753 0.022128 0.0308388 0.0406515 0.050888 0.0605023 0.0683081 0.0734008 0.0754549 0.0746947 0.0716502 0.0669272 0.0610924 0.0546296 0.0479192 0.0412325 0.0347475 0.0285829 0.0228342 0.0176004 0.0129899 0.00910392 0.00600681 0.00369912
 0.00913856 0.0146956 0.0218388 0.0304114 0.0400797 0.0502097 0.0598101 0.0677323 0.0730648 0.075425 0.0749561 0.0721215 0.0675005 0.0616709 0.055147 0.0483411 0.0415506 0.0349733 0.0287397 0.022947 0.0176871 0.0130576 0.00915278 0.00603642 0.00371248
 0.00933283 0.0149693 0.022171 0.0307522 0.0403591 0.0503566 0.0597734 0.0674989 0.0726698 0.0749488 0.0745038 0.0717874 0.0673343 0.0616649 0.0552498 0.0484873 0.0416866 0.0350704 0.0287929 0.0229667 0.0176883 0.0130522 0.00914644 0.00603049 0.0037067
 0.00939122 0.0150742 0.0223452 0.0310165 0.0407202 0.0507901 0.0602149 0.0678529 0.0728404 0.0748794 0.0742034 0.0713301 0.0668308 0.0612207 0.0549312 0.0483076 0.0416169 0.0350636 0.0288072 0.0229776 0.0176883 0.013044 0.00913524 0.00601998 0.00369831
 0.0093303 0.01499 0.0222469 0.0309249 0.0406649 0.0508031 0.0603203 0.0680559 0.0731167 0.0751736 0.0744419 0.0714477 0.0667996 0.0610634 0.0547094 0.048092 0.0414578 0.0349768 0.0287794 0.022983 0.017704 0.013057 0.00914207 0.00602178 0.00369747
 0.00940884 0.0151034 0.0223916 0.0310896 0.0408356 0.0509706 0.060485 0.068226 0.0733013 0.0753714 0.0746337 0.0715963 0.0668604 0.0610029 0.0545231 0.04781 0.041134 0.0346669 0.0285214 0.0227902 0.0175702 0.0129677 0.00908324 0.00598345 0.00367321
 0.00941562 0.0151136 0.022405 0.0311047 0.040849 0.0509769 0.0604788 0.0682056 0.0732731 0.0753518 0.0746442 0.0716523 0.0669598 0.0611222 0.0546253 0.0478623 0.0411231 0.0346034 0.0284316 0.0227011 0.0174989 0.0129189 0.00905328 0.00596614 0.00366339
 0.00944797 0.0151723 0.0225041 0.0312593 0.0410696 0.0512614 0.0608058 0.0685352 0.0735565 0.0755464 0.0747271 0.0716262 0.066848 0.0609567 0.0544333 0.0476585 0.0409111 0.0343848 0.0282134 0.0224967 0.0173231 0.0127811 0.00895495 0.00590186 0.00362466
 0.00926413 0.0148987 0.0221402 0.030824 0.0405997 0.0508057 0.0604188 0.0682691 0.0734494 0.0756109 0.0749449 0.0719537 0.0672319 0.0613494 0.0548015 0.047983 0.0411822 0.0345979 0.0283683 0.022599 0.0173838 0.0128137 0.00897119 0.00590995 0.00362897
 0.00927449 0.0148954 0.022099 0.0307128 0.0403899 0.0504896 0.0600224 0.0678512 0.0730845 0.0753649 0.074855 0.0720222 0.0674308 0.0616332 0.0551213 0.0482975 0.0414632 0.0348303 0.0285472 0.0227268 0.0174676 0.0128637 0.00899827 0.00592336 0.0036352
 0.00924364 0.0148485 0.0220333 0.0306247 0.0402721 0.0503289 0.0598022 0.0675604 0.0727316 0.0749869 0.0745139 0.0717861 0.0673497 0.061721 0.0553541 0.0486255 0.0418293 0.0351854 0.028858 0.0229769 0.0176543 0.0129934 0.00908228 0.00597407 0.00366375
 0.00938461 0.0150689 0.0223478 0.0310386 0.0407772 0.0508986 0.0603869 0.0680882 0.0731197 0.0751629 0.074439 0.071471 0.0668542 0.0611365 0.0547751 0.048123 0.0414367 0.0349018 0.0286621 0.0228419 0.0175584 0.0129228 0.00902974 0.00593623 0.00363823
 0.0093566 0.015043 0.0223451 0.0310906 0.0409177 0.0511497 0.0607468 0.0685266 0.0735828 0.0755845 0.0747536 0.0716265 0.0668248 0.0609314 0.0544381 0.0477203 0.0410365 0.0345543 0.0283907 0.0226461 0.0174239 0.0128323 0.00896928 0.00589624 0.00361265
 0.0093876 0.0150971 0.0224339 0.031229 0.041122 0.0514344 0.0611186 0.0689779 0.0740862 0.0760918 0.0752012 0.0719477 0.0669654 0.0608648 0.0541729 0.047299 0.0405247 0.0340242 0.027903 0.0222385 0.0171097 0.0126058 0.00881526 0.00579707 0.00355237
 0.0090791 0.0146223 0.0217712 0.0303814 0.0401223 0.050349 0.0600499 0.0680569 0.0734489 0.0758436 0.0753851 0.0725303 0.0678459 0.061902 0.0552212 0.0482418 0.0412945 0.0346048 0.0283162 0.0225239 0.0173061 0.0127422 0.00890947 0.00585997 0.00359177
 0.00906977 0.0145814 0.0216625 0.0301568 0.0397359 0.049779 0.0593177 0.0672323 0.0726374 0.0751617 0.0749352 0.0723801 0.068015 0.0623566 0.0558808 0.0489982 0.0420399 0.0352574 0.0288342 0.0229032 0.0175673 0.0129147 0.00902029 0.00592925 0.00363338
 0.00914229 0.0146848 0.0217895 0.0302864 0.0398329 0.0497973 0.0592073 0.0669537 0.0721794 0.0745581 0.0742667 0.0717582 0.067551 0.0621295 0.0559164 0.0492659 0.0424659 0.0357496 0.0293089 0.0233044 0.0178722 0.013127 0.00915776 0.00601309 0.00368175
 0.00932565 0.01498 0.0222263 0.0308852 0.0405933 0.0506836 0.0601377 0.0678029 0.0728041 0.0748361 0.074135 0.071234 0.0667286 0.0611546 0.0549464 0.0484288 0.041833 0.0353297 0.0290644 0.0231774 0.0178091 0.0130916 0.00913275 0.00599318 0.00366667
 0.00935786 0.0150536 0.0223764 0.0311573 0.0410324 0.0513149 0.0609476 0.0687297 0.0737431 0.0756574 0.0747096 0.0714622 0.0665667 0.0606304 0.0541549 0.0475072 0.0409216 0.0345362 0.0284435 0.022733 0.0175117 0.0129009 0.00901259 0.00591827 0.003621
 0.00940987 0.0151391 0.0225081 0.0313506 0.0413058 0.0516887 0.0614385 0.069341 0.0744535 0.0764124 0.075422 0.0720255 0.0668798 0.0606264 0.053823 0.0468993 0.0401394 0.0337021 0.027667 0.0220858 0.0170207 0.0125567 0.008787 0.0057786 0.00353909
 0.00932554 0.0149942 0.0222773 0.0310103 0.0408456 0.0511271 0.0608352 0.068795 0.0740805 0.0763111 0.0756405 0.0725428 0.0676073 0.0614302 0.0545608 0.0474597 0.0404705 0.0338165 0.0276246 0.0219633 0.0168832 0.0124428 0.00870894 0.00573232 0.00351459
 0.0093413 0.0150261 0.022335 0.0311024 0.0409717 0.0512699 0.0609579 0.0688518 0.0740398 0.0761771 0.0754605 0.0723903 0.0675492 0.0614952 0.0547263 0.0476623 0.0406349 0.0338881 0.0275883 0.0218425 0.016722 0.0122843 0.0085806 0.00564289 0.0034597
 0.00968012 0.0155485 0.0230674 0.0320469 0.0421033 0.0525322 0.0622588 0.0700641 0.0750167 0.0767842 0.0756123 0.0720773 0.0668431 0.0605274 0.0536466 0.0465954 0.0396548 0.0330187 0.0268253 0.0211776 0.0161558 0.0118247 0.00823243 0.00540041 0.00330581
 0.00948602 0.0152643 0.0226988 0.0316228 0.0416711 0.0521499 0.0619852 0.0699509 0.0750977 0.0770626 0.0760519 0.0726061 0.0673717 0.060977 0.0539723 0.0467931 0.0397488 0.0330411 0.0268003 0.0211192 0.0160745 0.0117324 0.00814344 0.00532642 0.00325239
 0.00930248 0.0150018 0.0223709 0.0312661 0.0413373 0.0518909 0.0618403 0.0699413 0.0752261 0.0773159 0.0764029 0.0730159 0.0677933 0.0613613 0.0542765 0.0469911 0.0398367 0.0330357 0.0267298 0.0210125 0.0159546 0.0116158 0.00804114 0.00524519 0.00319435
#obs surv len freq
 0.0049782 0.00815327 0.0123998 0.0177306 0.0240189 0.0308985 0.037743 0.0438282 0.0486024 0.0518642 0.0537326 0.0544948 0.0544733 0.0539673 0.0532378 0.0524974 0.0518894 0.0514471 0.0510313 0.0502731 0.0485908 0.0453545 0.0401873 0.0332581 0.0253481
 0.00518421 0.00849214 0.0129172 0.0184717 0.0250198 0.0321724 0.0392665 0.0455362 0.0503975 0.0536342 0.0553668 0.0558923 0.0555446 0.054636 0.0534437 0.0522013 0.0510801 0.0501474 0.0493036 0.0482214 0.0463588 0.0431136 0.0381135 0.0314979 0.0239871
 0.0054122 0.00886543 0.0134841 0.0192794 0.0261058 0.033551 0.040914 0.047385 0.0523447 0.0555599 0.0571528 0.0574328 0.0567503 0.0554325 0.0537696 0.0520085 0.0503375 0.0488517 0.0474927 0.0459882 0.043856 0.0405431 0.0356944 0.0294204 0.0223679
 0.00565445 0.00926093 0.0140826 0.0201285 0.0272425 0.0349878 0.0426247 0.0492987 0.0543557 0.0575474 0.058999 0.0590335 0.0580174 0.0562934 0.0541642 0.051887 0.0496612 0.0476014 0.0456852 0.0436974 0.0412275 0.0377894 0.0330614 0.0271312 0.0205675
 0.00588059 0.00963407 0.0146544 0.0209508 0.028357 0.0364106 0.0443298 0.051213 0.0563698 0.0595373 0.0608464 0.0606363 0.0592923 0.057173 0.0545932 0.0518179 0.0490541 0.0464293 0.0439506 0.0414562 0.0386105 0.0350038 0.0303607 0.0247562 0.0186823
 0.00612483 0.0100314 0.0152533 0.0217969 0.0294858 0.0378342 0.046023 0.0531069 0.0583599 0.0615019 0.0626654 0.0622048 0.0605258 0.0580078 0.054982 0.0517237 0.048445 0.0452817 0.0422625 0.0392718 0.0360451 0.0322517 0.0276698 0.0223703 0.0167745
 0.00637538 0.0104428 0.0158794 0.0226898 0.0306841 0.0393462 0.0478103 0.0550806 0.0603953 0.0634647 0.0644351 0.0636853 0.0616461 0.0587178 0.0552473 0.0515196 0.0477523 0.0440865 0.0405674 0.0371172 0.0335345 0.0295635 0.0250371 0.020028 0.0148939
 0.00659801 0.0108107 0.0164445 0.0235042 0.0317902 0.04076 0.0495044 0.0569771 0.062376 0.0653936 0.0661817 0.0651406 0.0627304 0.0593805 0.0554614 0.0512731 0.0470399 0.0429075 0.0389329 0.0350688 0.0311675 0.027039 0.022567 0.0178278 0.0131232
 0.00681746 0.0111696 0.0169885 0.0242778 0.032828 0.0420742 0.0510701 0.058727 0.0642078 0.0671874 0.0678184 0.0665151 0.063759 0.060005 0.0556487 0.0510111 0.0463306 0.0417617 0.0373733 0.0331431 0.028967 0.0247098 0.020298 0.0158109 0.0115006
 0.0070562 0.0115587 0.0175755 0.0251064 0.0339288 0.0434496 0.0526804 0.0604871 0.0660005 0.0688875 0.0693142 0.0677189 0.0646087 0.0604609 0.0556903 0.0506333 0.0455405 0.0405768 0.035824 0.0312825 0.0268845 0.0225394 0.0182067 0.0139656 0.0100229
 0.00727047 0.0119121 0.0181167 0.0258825 0.0349753 0.0447735 0.0542442 0.062204 0.0677479 0.0705322 0.0707366 0.0688281 0.0653464 0.060799 0.0556239 0.0501729 0.0447057 0.0393936 0.0343284 0.0295294 0.0249592 0.0205624 0.016324 0.0123189 0.00871253
 0.00742997 0.0121754 0.0185206 0.0264646 0.035767 0.0457892 0.0554689 0.0635865 0.069205 0.071962 0.0720334 0.0698964 0.0661109 0.0612108 0.055662 0.0498399 0.0440205 0.0383865 0.0330401 0.0280162 0.0233016 0.0188681 0.0147185 0.0109211 0.00760471
 0.00750762 0.0123052 0.0187231 0.0267627 0.0361835 0.0463412 0.0561618 0.0644095 0.0701302 0.0729458 0.0730192 0.0708172 0.066895 0.0617893 0.0559782 0.0498565 0.0437232 0.0377832 0.0321599 0.0269097 0.0220428 0.0175537 0.0134582 0.00981688 0.0067265
 0.00757045 0.012401 0.0188559 0.0269339 0.0363937 0.0465938 0.0564642 0.0647718 0.0705616 0.0734491 0.0735862 0.0714249 0.0675039 0.0623458 0.0564203 0.0501233 0.0437653 0.0375722 0.0316941 0.0262174 0.0211821 0.0166079 0.0125232 0.00898248 0.00605546
 0.007684 0.0125734 0.0190922 0.0272298 0.0367359 0.046962 0.0568339 0.0651184 0.070867 0.0737087 0.0738103 0.0716326 0.0677115 0.0625555 0.0566135 0.0502629 0.0438035 0.0374638 0.0314099 0.0257555 0.0205729 0.0159112 0.0118163 0.00834102 0.00553422
 0.0077248 0.0126414 0.0191972 0.0273805 0.0369368 0.0472087 0.0571098 0.0653966 0.0711178 0.0739105 0.0739568 0.0717341 0.067789 0.0626303 0.0566965 0.050347 0.0438628 0.0374595 0.0313036 0.0255236 0.0202186 0.0154678 0.0113387 0.00788994 0.00515764
 0.0077773 0.012722 0.01931 0.0275266 0.0371149 0.0474158 0.0573401 0.0656402 0.0713589 0.0741282 0.07413 0.0718476 0.0678394 0.0626276 0.0566596 0.0502937 0.0438002 0.0373791 0.0311842 0.025343 0.0199667 0.0151556 0.0109979 0.00756207 0.00487928
 0.00781884 0.0127839 0.0193927 0.0276268 0.0372266 0.0475322 0.0574555 0.0657508 0.0714634 0.0742268 0.0742227 0.0719316 0.0679086 0.0626747 0.0566801 0.0502882 0.0437721 0.0373297 0.0311087 0.0252313 0.019811 0.0149584 0.010776 0.00734198 0.00468726
 0.00785273 0.0128363 0.019466 0.027721 0.0373384 0.0476544 0.0575776 0.0658604 0.0715497 0.0742847 0.0742542 0.0719445 0.0679118 0.0626734 0.0566747 0.0502753 0.0437475 0.0372894 0.0310489 0.0251477 0.0197003 0.0148224 0.0106243 0.00719067 0.00455369
 0.00786086 0.0128464 0.0194757 0.0277263 0.0373355 0.047642 0.0575578 0.0658387 0.0715331 0.0742787 0.0742621 0.0719671 0.0679485 0.0627229 0.0567339 0.0503388 0.0438076 0.0373375 0.0310766 0.0251486 0.0196714 0.0147654 0.0105467 0.00710482 0.00447285
 0.00787524 0.0128632 0.019489 0.0277265 0.037312 0.0475874 0.0574721 0.0657303 0.0714173 0.074174 0.0741854 0.0719303 0.0679561 0.0627722 0.0568164 0.0504429 0.0439202 0.0374456 0.0311685 0.0252151 0.0197069 0.0147697 0.0105254 0.0070675 0.00443076
 0.00791833 0.0129274 0.0195742 0.0278276 0.037419 0.0476858 0.057545 0.0657616 0.0713963 0.0741004 0.0740711 0.0717968 0.0678279 0.0626696 0.056751 0.0504164 0.0439264 0.0374733 0.0312047 0.0252477 0.019727 0.0147729 0.0105126 0.00704384 0.00440324
 0.00787382 0.0128642 0.019496 0.0277434 0.0373401 0.0476217 0.0574993 0.0657315 0.0713751 0.0740808 0.0740489 0.0717728 0.0678081 0.0626632 0.0567672 0.0504607 0.0439979 0.0375648 0.0313046 0.0253429 0.0198064 0.0148299 0.0105459 0.00705732 0.00440354
 0.00788305 0.0128676 0.0194803 0.0276912 0.0372366 0.0474644 0.0573044 0.0655315 0.0712065 0.0739701 0.0740036 0.0717835 0.0678569 0.062734 0.0568507 0.0505539 0.0441012 0.0376772 0.0314214 0.0254558 0.019906 0.0149088 0.0106011 0.00709044 0.00441967
 0.00788624 0.0128707 0.0194806 0.0276829 0.0372106 0.0474083 0.057206 0.065384 0.0710161 0.0737593 0.0738075 0.0716377 0.067785 0.0627398 0.0569211 0.0506684 0.0442401 0.0378259 0.0315696 0.0255953 0.0200292 0.0150095 0.0106761 0.00714057 0.00444923
 0.00786616 0.0128408 0.0194405 0.027634 0.0371549 0.0473473 0.0571393 0.0653089 0.0709283 0.0736557 0.0736908 0.0715193 0.0676843 0.0626785 0.0569149 0.0507203 0.0443407 0.0379583 0.0317156 0.0257392 0.0201594 0.0151183 0.0107596 0.00719886 0.00448589
 0.00785535 0.0128205 0.019405 0.0275773 0.0370724 0.0472396 0.0570139 0.0651795 0.07081 0.0735593 0.0736194 0.07147 0.0676529 0.062665 0.0569246 0.0507608 0.0444166 0.0380668 0.0318465 0.0258781 0.0202918 0.0152329 0.01085 0.00726384 0.00452817
 0.00782143 0.0127647 0.0193201 0.0274563 0.0369106 0.0470375 0.05678 0.0649315 0.070573 0.0733606 0.0734819 0.0714067 0.0676648 0.0627422 0.0570515 0.0509223 0.044601 0.0382655 0.0320509 0.0260779 0.0204754 0.0153898 0.0109738 0.00735335 0.00458715
 0.00778084 0.0126977 0.0192177 0.0273097 0.036714 0.046791 0.0564934 0.0646249 0.0702738 0.0730987 0.0732842 0.0712932 0.0676458 0.0628168 0.057208 0.051141 0.0448591 0.0385413 0.0323261 0.0263377 0.0207076 0.0155852 0.0111271 0.00746443 0.00466084
 0.00776032 0.0126627 0.0191619 0.0272259 0.0365954 0.0466334 0.0562974 0.064398 0.0700301 0.0728575 0.0730677 0.0711236 0.0675422 0.0627918 0.0572655 0.0512749 0.0450542 0.0387767 0.0325793 0.0265874 0.0209364 0.0157806 0.0112821 0.00757799 0.00473705
 0.00774093 0.0126286 0.0191057 0.0271393 0.0364711 0.046468 0.0560946 0.0641689 0.0697916 0.0726284 0.0728659 0.0709651 0.0674402 0.0627565 0.0573026 0.0513841 0.0452279 0.0389998 0.0328311 0.0268453 0.021179 0.0159912 0.0114509 0.0077024 0.00482098
 0.00932832 0.0148524 0.0217931 0.029909 0.0388435 0.0480421 0.0566875 0.0638435 0.068776 0.071199 0.0712604 0.06935 0.0659173 0.0613825 0.0561065 0.0503779 0.0444122 0.0383659 0.0323619 0.0265169 0.0209637 0.0158603 0.0113783 0.00766635 0.00480554
 0.00932167 0.015134 0.0227323 0.031963 0.0423584 0.0529843 0.0624731 0.0694323 0.07304 0.073365 0.0711647 0.0673815 0.062747 0.0576756 0.0523578 0.0468839 0.0413183 0.035727 0.0301843 0.0247808 0.0196323 0.0148845 0.0107 0.00722294 0.00453529
 0.00896103 0.0145703 0.0219477 0.0310126 0.0414223 0.0524014 0.0626996 0.0708794 0.0758288 0.0771447 0.0751555 0.0706699 0.0646638 0.0580273 0.051398 0.0451006 0.0392038 0.0336432 0.028338 0.0232587 0.0184479 0.0140118 0.0100928 0.00682656 0.00429435
 0.00879043 0.0142792 0.0214853 0.030327 0.0404815 0.0512285 0.0614167 0.0697344 0.0751712 0.0773277 0.0763783 0.072833 0.06734 0.0606006 0.0533104 0.0460639 0.0392556 0.0330478 0.0274249 0.0222985 0.0176045 0.0133529 0.00962294 0.0065177 0.00410695
 0.00872282 0.0141625 0.0212958 0.0300354 0.0400557 0.0506413 0.0606595 0.0688358 0.0742185 0.0764804 0.0758565 0.0728604 0.0680462 0.0619275 0.0549908 0.0477089 0.0405127 0.0337357 0.0275687 0.0220646 0.0171959 0.0129298 0.00927397 0.00626987 0.00395061
 0.00869458 0.0141139 0.0212171 0.0299145 0.0398783 0.0503926 0.0603266 0.068411 0.0737052 0.0759031 0.0752753 0.0723796 0.0678028 0.0620478 0.0555255 0.0485829 0.0415325 0.034663 0.0282209 0.0223798 0.0172286 0.0127952 0.00908432 0.00609835 0.00382674
 0.00868413 0.0140968 0.021191 0.0298764 0.0398237 0.0503156 0.0602192 0.0682636 0.0735078 0.0756487 0.0749661 0.0720365 0.0674744 0.0618101 0.0554641 0.0487559 0.041932 0.0352027 0.0287661 0.0228065 0.0174744 0.0128712 0.00904882 0.00601742 0.00374691
 0.00869699 0.0141151 0.0212137 0.0299005 0.0398449 0.0503289 0.0602192 0.0682443 0.0734618 0.0755678 0.0748422 0.071866 0.0672644 0.0615853 0.0552688 0.048645 0.0419496 0.0353569 0.0290176 0.0230825 0.0177021 0.0130095 0.0090983 0.00600712 0.00371164
 0.00869458 0.0141146 0.021219 0.0299166 0.0398764 0.0503763 0.0602772 0.068302 0.0735057 0.075585 0.0748235 0.0718063 0.0671631 0.0614488 0.0551132 0.0484982 0.0418462 0.0353256 0.0290662 0.0231908 0.0178304 0.0131177 0.00916424 0.00603079 0.00370759
 0.00865437 0.0140543 0.021138 0.0298186 0.0397692 0.0502714 0.0601881 0.0682418 0.0734832 0.0756014 0.0748704 0.0718683 0.0672228 0.0614918 0.0551329 0.048498 0.0418397 0.0353319 0.0291014 0.0232587 0.0179196 0.0132075 0.00923535 0.00607456 0.00372677
 0.00865044 0.0140446 0.0211176 0.0297814 0.0397104 0.0501906 0.0600919 0.0681439 0.0734005 0.0755485 0.0748551 0.0718894 0.0672706 0.0615518 0.0551905 0.0485432 0.0418705 0.0353544 0.029126 0.0232942 0.0179677 0.0132616 0.00928497 0.00611148 0.00374862
 0.00865393 0.0140484 0.0211194 0.0297776 0.039696 0.0501605 0.0600425 0.0680746 0.0733159 0.075459 0.074775 0.0718331 0.0672477 0.0615637 0.05523 0.0485981 0.0419286 0.0354081 0.0291739 0.0233389 0.0180119 0.0133052 0.00932471 0.00614317 0.0037701
 0.00864881 0.0140425 0.0211149 0.0297776 0.039703 0.0501744 0.0600593 0.0680868 0.0733147 0.075438 0.0747337 0.0717776 0.0671894 0.0615151 0.0552006 0.0485912 0.041941 0.0354331 0.0292046 0.023371 0.0180435 0.0133353 0.0093519 0.00616556 0.00378636
 0.0086602 0.0140598 0.0211387 0.0298079 0.0397393 0.0502163 0.0601056 0.068135 0.0733601 0.075473 0.0747497 0.0717678 0.0671521 0.0614556 0.0551297 0.0485216 0.041883 0.0353919 0.0291802 0.0233604 0.0180426 0.0133406 0.0093603 0.00617456 0.00379409
 0.00862934 0.0140161 0.021085 0.0297508 0.0396876 0.0501777 0.0600849 0.0681332 0.0733756 0.075503 0.0747901 0.0718129 0.0671948 0.0614892 0.0551502 0.0485293 0.0418826 0.0353894 0.0291807 0.0233662 0.0180533 0.013354 0.00937404 0.00618668 0.00380348
 0.00862934 0.0140161 0.021085 0.0297508 0.0396876 0.0501777 0.0600849 0.0681332 0.0733756 0.075503 0.0747901 0.0718129 0.0671948 0.0614892 0.0551502 0.0485293 0.0418826 0.0353894 0.0291807 0.0233662 0.0180533 0.013354 0.00937404 0.00618668 0.00380348
 0.00870303 0.0141274 0.0212365 0.0299392 0.0399044 0.0504105 0.0603185 0.0683495 0.0735547 0.0756259 0.0748426 0.0717895 0.0670996 0.0613346 0.054954 0.0483108 0.0416602 0.035179 0.0289947 0.0232122 0.0179342 0.0132682 0.00931655 0.0061511 0.00378324
 0.00861293 0.0139941 0.0210606 0.0297304 0.0396795 0.0501899 0.060123 0.0681991 0.073467 0.0756132 0.074908 0.071924 0.0672836 0.0615419 0.0551584 0.0484927 0.0418086 0.0352921 0.0290768 0.0232704 0.0179756 0.0132982 0.00933864 0.0061671 0.00379428
 0.0086095 0.0139778 0.0210172 0.0296419 0.0395311 0.0499799 0.0598696 0.0679387 0.0732429 0.0754612 0.0748467 0.0719537 0.0673907 0.0617052 0.0553533 0.048695 0.0419979 0.0354545 0.0292061 0.0233673 0.018045 0.0133464 0.00937139 0.00618879 0.00380813
 0.00861962 0.013994 0.02104 0.0296694 0.039557 0.0499914 0.0598489 0.0678687 0.0731171 0.0752908 0.0746611 0.0717907 0.0672829 0.0616689 0.0553866 0.0487815 0.0421148 0.0355793 0.0293213 0.0234629 0.0181176 0.0133978 0.00940575 0.00621069 0.00382145
 0.00874726 0.0141956 0.0213316 0.0300593 0.0400411 0.0505474 0.0604311 0.0684098 0.0735399 0.0755287 0.0746773 0.071589 0.0669054 0.061183 0.054865 0.0482843 0.0416794 0.0352203 0.029037 0.0232433 0.0179516 0.0132755 0.00931915 0.00615271 0.00378532
 0.00873369 0.0141896 0.0213522 0.0301341 0.040199 0.050807 0.06079 0.0688401 0.073993 0.0759447 0.0749969 0.0717652 0.0669136 0.0610275 0.0545783 0.0479182 0.0412901 0.0348542 0.0287228 0.0229919 0.0177609 0.0131373 0.00922341 0.00608975 0.00374648
 0.00882502 0.0143288 0.0215452 0.0303816 0.0404988 0.0511561 0.061184 0.0692697 0.0744373 0.076369 0.0753546 0.0720062 0.0669966 0.0609315 0.0543096 0.0475102 0.0407957 0.0343332 0.0282288 0.0225628 0.0174155 0.0128776 0.00904053 0.00596923 0.00367248
 0.0086111 0.0140023 0.0210943 0.0298125 0.0398372 0.0504478 0.0604953 0.0686832 0.0740401 0.0762312 0.0755081 0.0724326 0.0676291 0.0616708 0.0550495 0.048163 0.0413098 0.0346968 0.0284611 0.022698 0.0174888 0.0129162 0.00906124 0.00598089 0.00367922
 0.00869013 0.0140969 0.0211747 0.0298314 0.0397441 0.0502116 0.060122 0.0682191 0.0735579 0.0758091 0.075212 0.0723053 0.067685 0.0618935 0.0553935 0.0485632 0.0416984 0.0350211 0.0286951 0.0228429 0.0175638 0.0129465 0.00906835 0.00597903 0.00367555
 0.00870101 0.0141295 0.0212487 0.0299678 0.0399515 0.0504697 0.0603738 0.0683838 0.0735631 0.0756269 0.0748749 0.0718944 0.0672968 0.0616068 0.0552481 0.0485567 0.0417948 0.0351684 0.0288437 0.0229597 0.0176369 0.0129809 0.00907731 0.00597571 0.00366892
 0.00894177 0.0145066 0.0217892 0.0306854 0.0408419 0.0515032 0.0614861 0.069471 0.0744916 0.0762579 0.0751017 0.0716752 0.0666722 0.0606896 0.0541894 0.0475016 0.0408481 0.034381 0.0282206 0.0224796 0.0172713 0.0127058 0.008876 0.00583554 0.00357797
 0.00898862 0.0146085 0.0219891 0.031037 0.0413935 0.0522738 0.0624455 0.0705366 0.0755449 0.0771729 0.0757669 0.0720083 0.0666307 0.0602801 0.0534728 0.046584 0.0398557 0.0334285 0.027387 0.0218009 0.0167489 0.0123218 0.00860567 0.00565436 0.00346374
 0.00904247 0.0146899 0.022102 0.031186 0.0415891 0.0525371 0.0628065 0.0710223 0.0761595 0.07788 0.0764875 0.0726366 0.0670616 0.060438 0.0533291 0.046163 0.0392277 0.0326913 0.0266411 0.021126 0.0161919 0.0118967 0.00830315 0.005453 0.00333863
 0.00899829 0.0146227 0.0220096 0.0310701 0.041456 0.052399 0.0626836 0.0709452 0.0761679 0.0780143 0.0767723 0.0730636 0.0675801 0.0609619 0.0537608 0.046424 0.0392822 0.0325541 0.0263664 0.0207863 0.015854 0.0116064 0.008081 0.00529905 0.00324122
 0.00905787 0.0147051 0.022107 0.0311661 0.0415307 0.0524363 0.0626777 0.0709026 0.0761055 0.0779559 0.0767456 0.0730952 0.0676865 0.0611392 0.0539783 0.0466292 0.039418 0.0325805 0.0262763 0.0206052 0.0156274 0.0113808 0.00788959 0.00515664 0.00314685
 0.00927097 0.0150461 0.0226077 0.0318454 0.0423829 0.0534169 0.0636949 0.0718271 0.0768022 0.0783261 0.0767567 0.0727839 0.0671395 0.0604618 0.0532658 0.0459465 0.0387938 0.0320146 0.0257567 0.0201252 0.015193 0.0110076 0.00759205 0.00493959 0.00300313
 0.00900703 0.0146529 0.0220846 0.031221 0.0417137 0.0527805 0.0631797 0.0715161 0.076751 0.0785413 0.0771897 0.0733479 0.06774 0.0610259 0.0537545 0.0463497 0.0391156 0.0322605 0.0259283 0.020224 0.0152263 0.0109917 0.00754867 0.00488935 0.00295989
 0.00919006 0.0148995 0.0223624 0.0314703 0.0418673 0.0527933 0.0630522 0.0712961 0.0765132 0.0783568 0.0771014 0.0733601 0.0678245 0.0611376 0.0538504 0.0464027 0.0391186 0.0322209 0.0258588 0.0201358 0.0151283 0.0108919 0.0074557 0.00481107 0.00290096
#pred catch len freq
 0.00441948 0.00707435 0.010476 0.0145961 0.0194057 0.0248318 0.030686 0.0366529 0.0423613 0.0474737 0.0517398 0.0550189 0.0572874 0.0586231 0.0591623 0.0590493 0.0584038 0.0573009 0.0557396 0.053591 0.0505674 0.0462912 0.0405046 0.0333334 0.0254098
 0.00485969 0.00769809 0.0112495 0.015443 0.0202456 0.0256321 0.0314894 0.0375529 0.0434326 0.0487007 0.052992 0.0560907 0.0579793 0.0588192 0.0588663 0.0583684 0.0574937 0.056297 0.0547059 0.0525109 0.0493831 0.0449699 0.0390893 0.0319428 0.0241881
