SBPRF35
7.78865
Curr Bio
481880
B35
635962
F35
0.219937
FOFL
0.177491
OFL
71600
Bzero
2.22533e+006
#pred survey bio
 3.76739e+006 3.33415e+006 2.97751e+006 2.65378e+006 2.33308e+006 2.06478e+006 1.83811e+006 1.60853e+006 1.41405e+006 1.23616e+006 1.0711e+006 953996 858764 806589 752446 708924 679241 643498 619517 603512 598510 598375 598784 603467 608030 619108 623425 614731 609685 603117 587959 572560 548948 544163 536102 541206 547660 544379 549225 555882 566151 570268 564642 565652 570143 565254 569744 565881 576504 579269 587463 574764 567972 550380 566371 568656 570189 552335 534162 511926 514718 506801 474793 484659 485141 1.82887e+007 1.13523e+007 1.18755e+007 1.26887e+007 1.36162e+007 1.4502e+007 1.52654e+007 1.58815e+007 1.63572e+007 1.67137e+007 1.69759e+007 1.71665e+007 1.73043e+007 1.74036e+007 1.74754e+007 1.75275e+007 1.75655e+007 1.75934e+007 1.76139e+007 1.76292e+007 1.76406e+007 1.76492e+007 1.76557e+007 1.76606e+007 1.76644e+007 1.76672e+007 1.76694e+007 1.7671e+007 1.76723e+007 1.76733e+007 1.76741e+007 1.76746e+007 1.76751e+007 1.76754e+007 1.76757e+007 1.76759e+007 1.76761e+007 1.76762e+007 1.76763e+007 1.76764e+007 1.76764e+007 1.76765e+007 1.76765e+007 1.76765e+007 1.76766e+007 1.76766e+007 1.76766e+007 1.76766e+007 1.76766e+007 1.76766e+007 1.76766e+007 1.76766e+007 1.76766e+007 1.76766e+007 1.76766e+007 1.76766e+007 1.76766e+007 1.76766e+007 1.76766e+007 1.76766e+007 1.76766e+007 1.76766e+007 1.76766e+007 1.76766e+007 1.76766e+007 1.76766e+007 1.76766e+007 1.76766e+007 1.76766e+007 1.76766e+007 1.76766e+007 1.76766e+007 1.76766e+007 1.76766e+007 1.76766e+007 1.76766e+007 1.76766e+007 1.76766e+007 1.76766e+007 1.76766e+007 1.76766e+007 1.76766e+007 1.76766e+007 1.76766e+007 1.76766e+007 1.76766e+007 1.76766e+007 1.76766e+007 1.76766e+007 1.76766e+007 1.76766e+007 1.76766e+007 1.76766e+007 1.76766e+007 1.76766e+007 1.76766e+007 1.76766e+007 1.76766e+007 1.76766e+007 1.76766e+007 0 0 0 0 0 0 0 0 0 0 0 0 0 0 0 0 0 0 0 0 0 0 0 0 0
#obs survey bio
 3.66218e+006 2.56615e+006 2.99116e+006 2.41058e+006 1.69466e+006 2.5846e+006 1.71136e+006 1.51056e+006 928546 1.41962e+006 1.05662e+006 924950 787742 610007 619919 636104 559994 1.07993e+006 594565 551733 510681 529887 607786 577417 628141 474722 604054 792261 632638 499444 710152 609114 554643 549179 707980 560523 535601 449340 623735 457444 515788 896074 496078 574683 578976 636533 528727 507112 628939 594552 578168 720755 477026 519220 536511 806226 562960 491589 440379 488496 516083 346417 634954 343906 466760
#pred catch bio
 301063 266695 272196 302426 285130 272895 295128 278399 272590 264513 223367 203715 165594 165903 154328 139793 141335 127217 117663 107451 103667 103451 99374 98431.5 91873.4 95935 103706 96667.8 94066.2 97037.4 92796.3 97766.2 84403.4 91705 83332.7 83462 92028.2 85804 85676.1 84424.2 90528.5 98022.7 92041.6 89813.6 98185.7 90749.3 98486 87188.9 94384.5 89825.8 106984 101403 109976 81774.8 93170.2 92428.6 107260 106289 108865 87693.8 96952.1 116179 81841.9 92752.5 65595.8 71600 89667.8 92699.6 98005.2 104692 111166 116659 120965 124165 126451 128038 129114 129831 130303 130610 130808 130935 131016 131067 131099 131120 131133 131141 131146 131149 131151 131152 131153 131153 131154 131154 131154 131154 131154 131154 131154 131154 131154 131154 131154 131154 131154 131154 131154 131154 131154 131154 131154 131154 131154 131154 131154 131154 131154 131154 131154 131154 131154 131154 131154 131154 131154 131154 131154 131154 131154 131154 131154 131154 131154 131154 131154 131154 131154 131154 131154 131154 131154 131154 131154 131154 131154 131154 131154 131154 131154 131154 131154 131154 131154 131154 131154 131154 131154 131154 131154 131154 131154 131154 131154 0 0 0 0 0 0 0 0 0 0 0 0 0 0 0 0 0 0 0 0 0 0 0 0 0
#obs catch bio
 247611 267476 273403 304833 288026 276060 300788 282970 280256 270541 227227 207748 167356 168068 157127 141564 144064 128343 118622 108290 104858 105024 100659 99502 92469.3 96862.7 104303 96905.5 94064.4 97179.6 92546.1 97569.5 83889.1 91414.8 83036.8 82972.9 91411.7 85413.8 85438.6 84300.3 90801.4 97605.1 91624.4 89537 98245.2 90460.3 98689.1 87105.5 94557.5 89547.8 107028 100920 110426 81476.4 93255.9 91825.6 106743 105492 108298 86954.2 95846.3 115718 80782.6 92827 65390
#pred cpue bio
 3.70708e+006 3.27677e+006 2.92157e+006 2.59877e+006 2.27968e+006 2.01249e+006 1.78695e+006 1.55927e+006 1.36664e+006 1.19126e+006 1.02922e+006 914247 821006 770041 717220 675007 646442 612204 589470 574099 569077 568756 569218 574162 579075 590280 595075 587362 583242 577578 563566 549200 525599 519240 510234 515193 521832 518660 523135 529325 539035 543175 537988 538875 543020 538147 542404 538467 548701 551548 559676 547283 540483 523238 538938 541670 543539 526114 508104 486219 488913 481223 449811 458801 458642 1.7318e+007 1.07673e+007 1.12076e+007 1.19292e+007 1.28292e+007 1.37096e+007 1.44722e+007 1.50881e+007 1.55638e+007 1.59204e+007 1.61826e+007 1.63732e+007 1.65109e+007 1.66103e+007 1.66821e+007 1.67342e+007 1.67721e+007 1.68e+007 1.68206e+007 1.68359e+007 1.68473e+007 1.68559e+007 1.68623e+007 1.68672e+007 1.6871e+007 1.68738e+007 1.6876e+007 1.68777e+007 1.68789e+007 1.68799e+007 1.68807e+007 1.68813e+007 1.68817e+007 1.68821e+007 1.68823e+007 1.68825e+007 1.68827e+007 1.68828e+007 1.68829e+007 1.6883e+007 1.68831e+007 1.68831e+007 1.68831e+007 1.68832e+007 1.68832e+007 1.68832e+007 1.68832e+007 1.68832e+007 1.68832e+007 1.68832e+007 1.68832e+007 1.68832e+007 1.68832e+007 1.68832e+007 1.68832e+007 1.68833e+007 1.68833e+007 1.68833e+007 1.68833e+007 1.68833e+007 1.68833e+007 1.68833e+007 1.68833e+007 1.68833e+007 1.68833e+007 1.68833e+007 1.68833e+007 1.68833e+007 1.68833e+007 1.68833e+007 1.68833e+007 1.68833e+007 1.68833e+007 1.68833e+007 1.68833e+007 1.68833e+007 1.68833e+007 1.68833e+007 1.68833e+007 1.68833e+007 1.68833e+007 1.68833e+007 1.68833e+007 1.68833e+007 1.68833e+007 1.68833e+007 1.68833e+007 1.68833e+007 1.68833e+007 1.68833e+007 1.68833e+007 1.68833e+007 1.68833e+007 1.68833e+007 1.68833e+007 1.68833e+007 1.68833e+007 1.68833e+007 1.68833e+007 1.68833e+007 0 0 0 0 0 0 0 0 0 0 0 0 0 0 0 0 0 0 0 0 0 0 0 0 0
#obs cpue bio
 3.17401e+006 2.15409e+006 2.5272e+006 2.49568e+006 1.96741e+006 1.17623e+006 1.22558e+006 1.56962e+006 815624 1.25497e+006 923918 684224 948260 861539 493187 747303 482006 505595 549547 516910 428638 416190 498941 612742 596018 558054 893537 494209 667679 668831 599949 599294 624160 534578 367490 642907 698137 514295 442104 557928 427803 684271 608748 474682 479091 545174 480970 595712 489526 651921 564660 546236 457151 635164 554959 610877 586944 708455 658479 581378 729576 591705 508985 402450 412716
#pred surv len freq
 0.005043 0.00820704 0.0123883 0.0175795 0.0236632 0.0303248 0.0370209 0.0431063 0.0480688 0.0516923 0.054044 0.0553486 0.0558683 0.055837 0.0554313 0.0547607 0.0538764 0.0527807 0.0514125 0.0495994 0.0470222 0.0432754 0.0380675 0.0314814 0.0241005
 0.0055541 0.00895658 0.0133702 0.0187486 0.024965 0.0317335 0.0385543 0.044797 0.0499045 0.0535643 0.0557452 0.0566307 0.0565302 0.0557971 0.0547476 0.0535967 0.0524313 0.0512177 0.049812 0.0479588 0.0453016 0.0414644 0.0362315 0.0297549 0.0226322
 0.00580353 0.00940991 0.0141352 0.0199403 0.0266619 0.0339205 0.0410877 0.0474308 0.0523758 0.0556855 0.0574363 0.057875 0.0573036 0.056036 0.05438 0.0526027 0.0508789 0.0492463 0.0475793 0.0455923 0.0428876 0.0390754 0.033962 0.0277278 0.0209655
 0.00610113 0.00986969 0.0147879 0.0208129 0.0277899 0.0353561 0.0428863 0.0496106 0.0548677 0.0583085 0.0599274 0.059966 0.0587963 0.0568309 0.0544538 0.0519714 0.0495851 0.047369 0.0452422 0.0429515 0.0401103 0.0363265 0.0314008 0.0254997 0.0191783
 0.00646508 0.0104543 0.0156529 0.0220052 0.0293314 0.0372288 0.0450238 0.0519081 0.0572095 0.0605936 0.0620678 0.0618608 0.0603127 0.0578166 0.0547763 0.0515538 0.0484188 0.0455083 0.0427955 0.0400762 0.0370047 0.0332139 0.0285039 0.0230073 0.0172109
 0.00674561 0.0109148 0.0163546 0.0230087 0.0306858 0.0389528 0.0470849 0.0542118 0.0596112 0.0629281 0.064184 0.0636441 0.0616852 0.0587183 0.0551445 0.0513192 0.0475238 0.0439356 0.040592 0.0373641 0.0339766 0.0301126 0.0255844 0.0204883 0.015229
 0.00695903 0.0112662 0.0168926 0.0237842 0.0317449 0.0403246 0.0487657 0.0561541 0.0617227 0.0650817 0.0662341 0.0654466 0.0631171 0.0596905 0.0556001 0.0512212 0.0468429 0.0426537 0.0387243 0.0349865 0.031244 0.027249 0.0228455 0.018103 0.0133456
 0.00725791 0.0117448 0.0175998 0.0247614 0.0330196 0.0419002 0.050609 0.0581892 0.0638382 0.0671478 0.0681207 0.0670359 0.0643117 0.0604183 0.0558162 0.0509042 0.0459875 0.0412666 0.036831 0.0326526 0.028597 0.0244838 0.0201969 0.0157914 0.011518
 0.00737139 0.0119624 0.0179882 0.0254026 0.0339915 0.0432453 0.0523062 0.0601469 0.065913 0.0691791 0.0699611 0.0685678 0.0654508 0.06111 0.0560303 0.0506287 0.0452235 0.0400269 0.035146 0.0305842 0.0262565 0.0220377 0.0178482 0.0137346 0.00988703
 0.00754297 0.0122332 0.0183834 0.0259471 0.0347139 0.0441795 0.053483 0.0615757 0.0675591 0.0709494 0.0717114 0.0701314 0.066678 0.0618979 0.0563307 0.0504374 0.0445614 0.0389273 0.0336531 0.0287634 0.0242089 0.019907 0.015807 0.0119481 0.00846971
 0.00787438 0.0127481 0.0191128 0.0269025 0.0358841 0.045529 0.0549519 0.0630844 0.0690238 0.0722981 0.0728895 0.0710932 0.0673738 0.062273 0.056336 0.0500446 0.043771 0.0377659 0.0321681 0.0270233 0.0223089 0.0179722 0.0139814 0.0103666 0.00722349
 0.00803149 0.0130151 0.0195352 0.0275268 0.036745 0.0466292 0.0562453 0.0644764 0.0703918 0.073526 0.0738944 0.0718354 0.0678465 0.0624826 0.0562853 0.049726 0.0431728 0.0368849 0.0310217 0.0256572 0.0208003 0.0164268 0.0125196 0.00909944 0.00622471
 0.00826762 0.0133715 0.020022 0.0281396 0.0374719 0.0474598 0.0571723 0.0654858 0.0714485 0.0745642 0.0748248 0.0725664 0.0683105 0.0626517 0.0561683 0.0493512 0.0425697 0.0360759 0.0300278 0.0245104 0.0195551 0.0151628 0.0113307 0.00807308 0.00541846
 0.00835634 0.0135121 0.0202259 0.028413 0.0378125 0.0478546 0.0575984 0.065918 0.0718712 0.0749796 0.0752472 0.073003 0.0687435 0.0630347 0.0564413 0.0494614 0.0424853 0.0357882 0.0295465 0.023862 0.0187848 0.0143351 0.0105223 0.00735711 0.00484608
 0.00837939 0.0135709 0.0203534 0.0286511 0.0382 0.0484075 0.0582938 0.0666909 0.0726309 0.0756365 0.0757389 0.0733078 0.0688767 0.0630305 0.0563313 0.0492602 0.0421905 0.03539 0.0290405 0.0232579 0.0181109 0.0136366 0.0098551 0.0067743 0.00438429
 0.00846253 0.0136857 0.0204903 0.0287936 0.0383356 0.0485418 0.0584565 0.0669253 0.072969 0.0760743 0.0762284 0.0737729 0.0692434 0.0632533 0.0564008 0.0491934 0.0420118 0.0351182 0.0286865 0.0228319 0.0176309 0.0131338 0.00936976 0.00634683 0.00404341
 0.0083415 0.0135228 0.0203065 0.0286263 0.0382247 0.0485108 0.0585009 0.0670204 0.0730917 0.0762226 0.0764219 0.0740332 0.0695691 0.0636108 0.0567363 0.0494552 0.0421677 0.035158 0.0286161 0.022666 0.0173908 0.0128476 0.00907179 0.00607121 0.00381619
 0.00838944 0.0135786 0.0203515 0.0286351 0.0381782 0.0484131 0.0583874 0.0669466 0.0731051 0.0763376 0.0766144 0.0742591 0.0697902 0.0638076 0.0569022 0.0495841 0.0422473 0.0351744 0.0285607 0.022541 0.0172092 0.0126312 0.00884698 0.00586372 0.00364532
 0.00858256 0.0138498 0.0206795 0.02897 0.0384522 0.0485605 0.0583656 0.0667504 0.0727727 0.0759429 0.0762467 0.0739939 0.0696649 0.0638154 0.0570057 0.0497355 0.0424033 0.0353017 0.0286374 0.0225561 0.0171645 0.0125395 0.00872893 0.00574195 0.00353832
 0.00877035 0.0141394 0.0210838 0.029484 0.0390471 0.0491783 0.05892 0.0671404 0.0729115 0.0757928 0.0758389 0.0734212 0.0690485 0.063264 0.0565854 0.0494614 0.042251 0.0352277 0.0285974 0.0225171 0.0171083 0.0124626 0.00863877 0.0056512 0.003459
 0.00883492 0.0142449 0.0212434 0.0297094 0.0393452 0.0495452 0.0593339 0.0675584 0.0732726 0.0760298 0.0758977 0.07328 0.0687307 0.0628342 0.0561288 0.0490553 0.0419419 0.035024 0.0284779 0.022448 0.0170589 0.0124142 0.00858538 0.00559618 0.00340905
 0.00873423 0.0141067 0.0210829 0.0295577 0.0392419 0.049526 0.0594194 0.0677485 0.0735468 0.0763508 0.0762158 0.0735414 0.0688893 0.0628666 0.0560437 0.0488909 0.0417508 0.0348528 0.0283523 0.0223697 0.017014 0.012385 0.00855966 0.0055697 0.00338326
 0.00859752 0.0138965 0.0207904 0.0291873 0.0388144 0.0490818 0.0590178 0.0674586 0.073429 0.0764352 0.0764891 0.0739504 0.0693578 0.0633172 0.0564172 0.0491581 0.0419142 0.0349378 0.0283926 0.0223926 0.0170331 0.0124024 0.00857213 0.00557488 0.00338196
 0.00850157 0.0137346 0.0205367 0.0288166 0.0383108 0.0484519 0.0583021 0.0667338 0.0727954 0.0759922 0.07631 0.0740622 0.069735 0.0638894 0.0570885 0.0498331 0.0425197 0.035435 0.0287748 0.0226741 0.0172354 0.0125448 0.00866874 0.00563628 0.00341732
 0.00845693 0.0136577 0.0204123 0.028626 0.0380346 0.0480744 0.0578195 0.0661619 0.0721751 0.0753899 0.0758087 0.0737444 0.0696602 0.0640746 0.057502 0.0504028 0.0431553 0.0360522 0.0293143 0.0231076 0.0175609 0.0127754 0.00882374 0.00573449 0.00347526
 0.00824156 0.0133381 0.0199876 0.0281145 0.0374667 0.0474819 0.0572286 0.0655927 0.0716471 0.0749274 0.075444 0.0735177 0.069613 0.0642386 0.0578848 0.0509783 0.0438641 0.0368143 0.0300486 0.0237514 0.0180794 0.0131621 0.00909169 0.00590722 0.00357853
 0.00803839 0.0130218 0.0195392 0.0275298 0.036761 0.046695 0.0564251 0.0648537 0.0710497 0.0745217 0.0752417 0.0735003 0.0697523 0.0645145 0.0582895 0.0515072 0.0445007 0.0375214 0.0307707 0.0244274 0.0186597 0.0136189 0.0094219 0.00612652 0.00371222
 0.00793296 0.0128547 0.019296 0.0272 0.036341 0.0461915 0.0558598 0.0642662 0.0704935 0.0740541 0.0749108 0.0733329 0.0697503 0.0646603 0.058558 0.051876 0.0449523 0.0380368 0.0313216 0.0249745 0.0191598 0.0140371 0.00974075 0.00634762 0.00385149
 0.00785739 0.012724 0.0190853 0.0268825 0.0358953 0.0456128 0.0551703 0.0635171 0.0697566 0.0734064 0.0744197 0.0730458 0.0696892 0.0648199 0.0589094 0.0523749 0.04555 0.0386874 0.031984 0.0256104 0.0197334 0.014519 0.0101142 0.00661255 0.00402248
 0.00767392 0.0124543 0.0187314 0.026462 0.0354327 0.0451272 0.054669 0.0630002 0.0692301 0.0728941 0.073966 0.0727071 0.0695177 0.0648484 0.0591431 0.0527917 0.0461074 0.0393322 0.0326614 0.02627 0.0203326 0.0150262 0.0105118 0.00689898 0.00421074
 0.00766031 0.0124102 0.0186261 0.0262579 0.0350997 0.0446626 0.0541098 0.0624156 0.0686948 0.0724589 0.0736454 0.0724908 0.0693939 0.0648202 0.0592268 0.0530036 0.0464491 0.039784 0.033185 0.0268173 0.0208554 0.015485 0.0108816 0.00717182 0.00439398
 0.00831482 0.01333 0.0197421 0.0274116 0.0360833 0.045287 0.054264 0.0620907 0.0679718 0.0714757 0.0725578 0.071437 0.0684699 0.0640737 0.0586699 0.0526316 0.0462521 0.039748 0.0332861 0.0270192 0.0211131 0.0157529 0.0111228 0.00736401 0.00453059
 0.00908926 0.0145489 0.0214918 0.0297193 0.0388815 0.0483768 0.0573008 0.0646319 0.0695951 0.0719224 0.0718182 0.0697317 0.0661483 0.0614952 0.0561225 0.0503041 0.0442462 0.0381038 0.0320048 0.0260756 0.0204627 0.0153381 0.0108812 0.00723752 0.00447241
 0.00898217 0.0144877 0.0216082 0.030205 0.0399368 0.0501262 0.0597127 0.0674844 0.0725082 0.0744445 0.0735392 0.070389 0.065693 0.060092 0.0540809 0.0479761 0.0419356 0.03602 0.0302598 0.0247052 0.019451 0.0146382 0.0104302 0.00696873 0.00432531
 0.00869643 0.0140663 0.0210619 0.0295921 0.0393733 0.0497861 0.0598077 0.0682105 0.0739618 0.0765415 0.0759904 0.0727626 0.0675461 0.0611101 0.0541637 0.0472387 0.0406388 0.0344694 0.0287202 0.0233548 0.0183763 0.0138527 0.00990069 0.00663989 0.00413786
 0.00855334 0.0138075 0.0206269 0.0289174 0.0384195 0.0485778 0.0584682 0.0669659 0.0730988 0.0763264 0.076577 0.0741226 0.0694534 0.0631953 0.0560269 0.0485755 0.0413222 0.0345563 0.0283904 0.0228231 0.0178215 0.0133837 0.00955899 0.00641985 0.00401139
 0.00859255 0.0138481 0.0206428 0.0288633 0.0382352 0.0482 0.0578511 0.0661079 0.0720693 0.0752797 0.075734 0.0737126 0.0696304 0.063966 0.057231 0.0499352 0.042543 0.0354289 0.0288454 0.0229205 0.0176922 0.0131633 0.00934396 0.00625644 0.00390711
 0.00872331 0.0140554 0.0209427 0.0292614 0.0387174 0.0487227 0.058335 0.0664447 0.0721493 0.0750326 0.0751679 0.0729313 0.0688141 0.0633163 0.0568961 0.0499506 0.0428204 0.0358023 0.0291504 0.0230605 0.01766 0.0130158 0.009157 0.00608824 0.00378462
 0.00878221 0.0141453 0.0210677 0.0294224 0.0389138 0.0489524 0.0585917 0.0667116 0.0723917 0.0751969 0.0751929 0.0727729 0.0684743 0.0628583 0.0564318 0.0495986 0.0426538 0.0358173 0.0292749 0.0231978 0.0177381 0.0130126 0.00909326 0.00600162 0.00370606
 0.00881919 0.0142043 0.0211541 0.0295399 0.0390631 0.0491298 0.0587882 0.0669138 0.0725836 0.0753612 0.0753096 0.0728174 0.0684213 0.0626945 0.0561715 0.0492902 0.0423656 0.0356077 0.0291653 0.0231671 0.0177411 0.0130095 0.00906685 0.00595714 0.00365827
 0.00855198 0.0138299 0.0207019 0.0290747 0.0386673 0.0488739 0.0587072 0.0670016 0.0728048 0.075669 0.0756587 0.073169 0.0687422 0.0629563 0.0563542 0.0493891 0.0423966 0.0356031 0.0291593 0.0231795 0.0177708 0.0130418 0.00908724 0.00596061 0.00364929
 0.0084715 0.0136786 0.0204402 0.0286634 0.0380892 0.0481615 0.0579573 0.0663579 0.0724082 0.0756002 0.0759093 0.0736548 0.0693461 0.063571 0.0569051 0.0498377 0.0427339 0.0358414 0.0293231 0.0232953 0.0178579 0.0131087 0.00913521 0.00598982 0.00366272
 0.00865866 0.0139473 0.0207764 0.0290257 0.0384136 0.0483746 0.0579947 0.0661856 0.0720422 0.0751139 0.0754156 0.0732658 0.0691293 0.0635286 0.0569866 0.0499724 0.0428622 0.0359308 0.0293676 0.0233055 0.01785 0.0130954 0.00912297 0.00597996 0.00365468
 0.00870934 0.0140408 0.0209356 0.0292733 0.0387599 0.0488006 0.0584416 0.0665613 0.0722487 0.0750854 0.0751483 0.0728234 0.0686198 0.0630641 0.056644 0.0497739 0.0427824 0.0359213 0.029383 0.0233183 0.0178512 0.0130874 0.00911142 0.005969 0.003646
 0.0086491 0.0139562 0.0208341 0.0291734 0.0386895 0.0487918 0.0585221 0.0667424 0.0725132 0.0753828 0.075405 0.0729688 0.0686172 0.0629281 0.0564323 0.0495589 0.0426193 0.0358305 0.0293536 0.0233244 0.0178686 0.0131023 0.00911948 0.00597147 0.00364548
 0.00872771 0.0140699 0.0209795 0.0293397 0.0388631 0.0489639 0.0586929 0.0669202 0.0727069 0.0755916 0.0756098 0.0731318 0.0686923 0.0628786 0.0562503 0.0492725 0.0422829 0.0355028 0.0290769 0.0231152 0.0177224 0.0130045 0.00905528 0.00592994 0.00361942
 0.00873547 0.0140818 0.0209957 0.0293587 0.0388808 0.0489736 0.0586871 0.0668949 0.0726676 0.0755556 0.0756024 0.0731734 0.0687849 0.0630003 0.0563627 0.0493389 0.0422856 0.0354494 0.0289925 0.0230278 0.0176506 0.0129545 0.0090243 0.00591199 0.00360927
 0.00876717 0.0141401 0.0210954 0.0295161 0.0391084 0.049271 0.0590339 0.0672506 0.0729806 0.0757785 0.0757065 0.0731566 0.0686692 0.06282 0.0561499 0.049113 0.0420535 0.0352137 0.0287598 0.0228111 0.0174645 0.0128086 0.00891999 0.00584374 0.00356819
 0.00859598 0.0138833 0.0207501 0.0290967 0.038646 0.0488105 0.0586291 0.0669567 0.0728416 0.0758136 0.0759027 0.0734734 0.0690526 0.0632197 0.056529 0.0494495 0.042336 0.0354368 0.0289231 0.0229198 0.0175294 0.0128433 0.00893703 0.00585187 0.00357224
 0.00860693 0.0138821 0.020714 0.0289953 0.0384519 0.0485152 0.0582555 0.0665587 0.0724888 0.0755692 0.0758049 0.0735277 0.0692354 0.0634889 0.0568371 0.0497551 0.04261 0.0356633 0.0290969 0.0230429 0.0176092 0.0128899 0.00896127 0.00586307 0.00357689
 0.00856862 0.0138248 0.0206357 0.0288941 0.0383224 0.0483455 0.0580287 0.0662625 0.0721302 0.0751845 0.0754564 0.0732854 0.0691517 0.0635792 0.057078 0.050096 0.0429918 0.0360347 0.0294224 0.0233052 0.017805 0.0130258 0.0090491 0.00591589 0.00360646
 0.00870592 0.0140393 0.0209417 0.0292974 0.0388168 0.0489084 0.0586161 0.0668078 0.0725527 0.0754077 0.0754322 0.0730126 0.0686807 0.0629982 0.0564843 0.0495672 0.0425687 0.0357221 0.0292022 0.0231516 0.0176958 0.0129462 0.00899089 0.00587464 0.003579
 0.00868459 0.014023 0.0209509 0.0293623 0.0389692 0.0491683 0.0589807 0.0672473 0.0730153 0.0758306 0.0757527 0.0731794 0.0686655 0.0628051 0.0561522 0.0491596 0.0421546 0.0353551 0.0289101 0.022937 0.0175464 0.0128451 0.00892344 0.00583042 0.00355105
 0.00873513 0.0141055 0.0210767 0.0295437 0.0392196 0.0495 0.0593992 0.0677444 0.073562 0.0763752 0.0762266 0.0735112 0.068799 0.0627145 0.0558492 0.0486907 0.0415895 0.03477 0.0283696 0.0224828 0.017194 0.0125899 0.00874949 0.00571854 0.00348334
 0.0084413 0.0136531 0.0204445 0.0287332 0.0382591 0.0484485 0.0583496 0.0668188 0.0728929 0.0760732 0.0763477 0.0740383 0.0696434 0.0637394 0.0569052 0.0496528 0.0423813 0.0353687 0.0287938 0.0227717 0.0173884 0.0127213 0.00883806 0.0057766 0.00351925
 0.00844154 0.0136262 0.0203541 0.0285304 0.0378968 0.0479038 0.0576433 0.0660193 0.0721027 0.075404 0.0758974 0.0738727 0.0697851 0.0641614 0.0575346 0.0503865 0.0431124 0.036013 0.0293058 0.0231447 0.0176421 0.0128855 0.00894095 0.00583931 0.0035561
 0.00851153 0.013728 0.020483 0.0286689 0.0380123 0.0479496 0.0575651 0.0657703 0.071665 0.0748081 0.075225 0.0732389 0.0693047 0.0639158 0.0575513 0.0506365 0.0435237 0.0364946 0.0297737 0.0235415 0.0179433 0.0130939 0.00907443 0.00591942 0.00360147
 0.00870289 0.0140347 0.0209348 0.0292855 0.038794 0.0488632 0.0585327 0.0666703 0.0723532 0.0751549 0.0751547 0.0727553 0.0684933 0.0629212 0.0565366 0.0497394 0.0428255 0.0360124 0.0294754 0.0233716 0.0178482 0.013036 0.00903414 0.00588962 0.00358029
 0.00876495 0.0141521 0.0211421 0.0296248 0.0393048 0.0495653 0.0594084 0.0676555 0.0733422 0.0760171 0.0757595 0.0729996 0.068329 0.0623722 0.0556971 0.0487499 0.0418337 0.035135 0.0287756 0.0228593 0.017497 0.0128057 0.00888698 0.0057975 0.00352441
 0.0088563 0.0142972 0.0213548 0.029919 0.0396944 0.050064 0.0600244 0.0683827 0.0741491 0.0768403 0.0765057 0.0735605 0.0686056 0.0623024 0.0552764 0.0480371 0.0409375 0.0341854 0.0278897 0.0221155 0.0169266 0.012401 0.00861867 0.00563 0.0034258
 0.00883161 0.0142407 0.021241 0.0297175 0.0393828 0.0496457 0.0595437 0.0679245 0.0738207 0.0767392 0.0766866 0.0740138 0.0692549 0.0630227 0.05593 0.0485141 0.0411859 0.034218 0.0277681 0.0219194 0.0167244 0.0122342 0.00850065 0.00555604 0.00338379
 0.0089214 0.0143848 0.0214522 0.030001 0.0397285 0.0500208 0.0598909 0.0681751 0.0739201 0.0766752 0.0765005 0.0737849 0.0690648 0.06292 0.0559116 0.0485326 0.0411773 0.0341338 0.027596 0.0216836 0.0164693 0.0120023 0.00831827 0.00542952 0.00330545
 0.00941093 0.0151281 0.0224722 0.0312815 0.0412163 0.0516309 0.061508 0.0696544 0.0751001 0.0774065 0.0766838 0.0734029 0.0681922 0.0617039 0.0545281 0.0471378 0.0398742 0.0329693 0.0265794 0.0208123 0.0157433 0.0114249 0.0078878 0.005133 0.0031185
 0.00945664 0.0152018 0.0225818 0.0314332 0.041413 0.0518702 0.0617818 0.0699507 0.0754065 0.0777105 0.0769683 0.0736396 0.0683426 0.0617319 0.0544184 0.0469059 0.0395597 0.0326177 0.0262269 0.0204806 0.0154454 0.0111705 0.00768435 0.00498328 0.00301844
 0.00935267 0.015082 0.0224914 0.0314428 0.0415966 0.0522724 0.0623908 0.0706948 0.0761768 0.0783968 0.0774883 0.0739518 0.0684417 0.0616366 0.054159 0.0465185 0.0390854 0.0321018 0.0257134 0.0200064 0.015035 0.0108363 0.00742883 0.00480121 0.00289877
#obs surv len freq
 0.0049782 0.00815327 0.0123998 0.0177306 0.0240189 0.0308985 0.037743 0.0438282 0.0486024 0.0518642 0.0537326 0.0544948 0.0544733 0.0539673 0.0532378 0.0524974 0.0518894 0.0514471 0.0510313 0.0502731 0.0485908 0.0453545 0.0401873 0.0332581 0.0253481
 0.00518421 0.00849214 0.0129172 0.0184717 0.0250198 0.0321724 0.0392665 0.0455362 0.0503975 0.0536342 0.0553668 0.0558923 0.0555446 0.054636 0.0534437 0.0522013 0.0510801 0.0501474 0.0493036 0.0482214 0.0463588 0.0431136 0.0381135 0.0314979 0.0239871
 0.0054122 0.00886543 0.0134841 0.0192794 0.0261058 0.033551 0.040914 0.047385 0.0523447 0.0555599 0.0571528 0.0574328 0.0567503 0.0554325 0.0537696 0.0520085 0.0503375 0.0488517 0.0474927 0.0459882 0.043856 0.0405431 0.0356944 0.0294204 0.0223679
 0.00565445 0.00926093 0.0140826 0.0201285 0.0272425 0.0349878 0.0426247 0.0492987 0.0543557 0.0575474 0.058999 0.0590335 0.0580174 0.0562934 0.0541642 0.051887 0.0496612 0.0476014 0.0456852 0.0436974 0.0412275 0.0377894 0.0330614 0.0271312 0.0205675
 0.00588059 0.00963407 0.0146544 0.0209508 0.028357 0.0364106 0.0443298 0.051213 0.0563698 0.0595373 0.0608464 0.0606363 0.0592923 0.057173 0.0545932 0.0518179 0.0490541 0.0464293 0.0439506 0.0414562 0.0386105 0.0350038 0.0303607 0.0247562 0.0186823
 0.00612483 0.0100314 0.0152533 0.0217969 0.0294858 0.0378342 0.046023 0.0531069 0.0583599 0.0615019 0.0626654 0.0622048 0.0605258 0.0580078 0.054982 0.0517237 0.048445 0.0452817 0.0422625 0.0392718 0.0360451 0.0322517 0.0276698 0.0223703 0.0167745
 0.00637538 0.0104428 0.0158794 0.0226898 0.0306841 0.0393462 0.0478103 0.0550806 0.0603953 0.0634647 0.0644351 0.0636853 0.0616461 0.0587178 0.0552473 0.0515196 0.0477523 0.0440865 0.0405674 0.0371172 0.0335345 0.0295635 0.0250371 0.020028 0.0148939
 0.00659801 0.0108107 0.0164445 0.0235042 0.0317902 0.04076 0.0495044 0.0569771 0.062376 0.0653936 0.0661817 0.0651406 0.0627304 0.0593805 0.0554614 0.0512731 0.0470399 0.0429075 0.0389329 0.0350688 0.0311675 0.027039 0.022567 0.0178278 0.0131232
 0.00681746 0.0111696 0.0169885 0.0242778 0.032828 0.0420742 0.0510701 0.058727 0.0642078 0.0671874 0.0678184 0.0665151 0.063759 0.060005 0.0556487 0.0510111 0.0463306 0.0417617 0.0373733 0.0331431 0.028967 0.0247098 0.020298 0.0158109 0.0115006
 0.0070562 0.0115587 0.0175755 0.0251064 0.0339288 0.0434496 0.0526804 0.0604871 0.0660005 0.0688875 0.0693142 0.0677189 0.0646087 0.0604609 0.0556903 0.0506333 0.0455405 0.0405768 0.035824 0.0312825 0.0268845 0.0225394 0.0182067 0.0139656 0.0100229
 0.00727047 0.0119121 0.0181167 0.0258825 0.0349753 0.0447735 0.0542442 0.062204 0.0677479 0.0705322 0.0707366 0.0688281 0.0653464 0.060799 0.0556239 0.0501729 0.0447057 0.0393936 0.0343284 0.0295294 0.0249592 0.0205624 0.016324 0.0123189 0.00871253
 0.00742997 0.0121754 0.0185206 0.0264646 0.035767 0.0457892 0.0554689 0.0635865 0.069205 0.071962 0.0720334 0.0698964 0.0661109 0.0612108 0.055662 0.0498399 0.0440205 0.0383865 0.0330401 0.0280162 0.0233016 0.0188681 0.0147185 0.0109211 0.00760471
 0.00750762 0.0123052 0.0187231 0.0267627 0.0361835 0.0463412 0.0561618 0.0644095 0.0701302 0.0729458 0.0730192 0.0708172 0.066895 0.0617893 0.0559782 0.0498565 0.0437232 0.0377832 0.0321599 0.0269097 0.0220428 0.0175537 0.0134582 0.00981688 0.0067265
 0.00757045 0.012401 0.0188559 0.0269339 0.0363937 0.0465938 0.0564642 0.0647718 0.0705616 0.0734491 0.0735862 0.0714249 0.0675039 0.0623458 0.0564203 0.0501233 0.0437653 0.0375722 0.0316941 0.0262174 0.0211821 0.0166079 0.0125232 0.00898248 0.00605546
 0.007684 0.0125734 0.0190922 0.0272298 0.0367359 0.046962 0.0568339 0.0651184 0.070867 0.0737087 0.0738103 0.0716326 0.0677115 0.0625555 0.0566135 0.0502629 0.0438035 0.0374638 0.0314099 0.0257555 0.0205729 0.0159112 0.0118163 0.00834102 0.00553422
 0.0077248 0.0126414 0.0191972 0.0273805 0.0369368 0.0472087 0.0571098 0.0653966 0.0711178 0.0739105 0.0739568 0.0717341 0.067789 0.0626303 0.0566965 0.050347 0.0438628 0.0374595 0.0313036 0.0255236 0.0202186 0.0154678 0.0113387 0.00788994 0.00515764
 0.0077773 0.012722 0.01931 0.0275266 0.0371149 0.0474158 0.0573401 0.0656402 0.0713589 0.0741282 0.07413 0.0718476 0.0678394 0.0626276 0.0566596 0.0502937 0.0438002 0.0373791 0.0311842 0.025343 0.0199667 0.0151556 0.0109979 0.00756207 0.00487928
 0.00781884 0.0127839 0.0193927 0.0276268 0.0372266 0.0475322 0.0574555 0.0657508 0.0714634 0.0742268 0.0742227 0.0719316 0.0679086 0.0626747 0.0566801 0.0502882 0.0437721 0.0373297 0.0311087 0.0252313 0.019811 0.0149584 0.010776 0.00734198 0.00468726
 0.00785273 0.0128363 0.019466 0.027721 0.0373384 0.0476544 0.0575776 0.0658604 0.0715497 0.0742847 0.0742542 0.0719445 0.0679118 0.0626734 0.0566747 0.0502753 0.0437475 0.0372894 0.0310489 0.0251477 0.0197003 0.0148224 0.0106243 0.00719067 0.00455369
 0.00786086 0.0128464 0.0194757 0.0277263 0.0373355 0.047642 0.0575578 0.0658387 0.0715331 0.0742787 0.0742621 0.0719671 0.0679485 0.0627229 0.0567339 0.0503388 0.0438076 0.0373375 0.0310766 0.0251486 0.0196714 0.0147654 0.0105467 0.00710482 0.00447285
 0.00787524 0.0128632 0.019489 0.0277265 0.037312 0.0475874 0.0574721 0.0657303 0.0714173 0.074174 0.0741854 0.0719303 0.0679561 0.0627722 0.0568164 0.0504429 0.0439202 0.0374456 0.0311685 0.0252151 0.0197069 0.0147697 0.0105254 0.0070675 0.00443076
 0.00791833 0.0129274 0.0195742 0.0278276 0.037419 0.0476858 0.057545 0.0657616 0.0713963 0.0741004 0.0740711 0.0717968 0.0678279 0.0626696 0.056751 0.0504164 0.0439264 0.0374733 0.0312047 0.0252477 0.019727 0.0147729 0.0105126 0.00704384 0.00440324
 0.00787382 0.0128642 0.019496 0.0277434 0.0373401 0.0476217 0.0574993 0.0657315 0.0713751 0.0740808 0.0740489 0.0717728 0.0678081 0.0626632 0.0567672 0.0504607 0.0439979 0.0375648 0.0313046 0.0253429 0.0198064 0.0148299 0.0105459 0.00705732 0.00440354
 0.00788305 0.0128676 0.0194803 0.0276912 0.0372366 0.0474644 0.0573044 0.0655315 0.0712065 0.0739701 0.0740036 0.0717835 0.0678569 0.062734 0.0568507 0.0505539 0.0441012 0.0376772 0.0314214 0.0254558 0.019906 0.0149088 0.0106011 0.00709044 0.00441967
 0.00788624 0.0128707 0.0194806 0.0276829 0.0372106 0.0474083 0.057206 0.065384 0.0710161 0.0737593 0.0738075 0.0716377 0.067785 0.0627398 0.0569211 0.0506684 0.0442401 0.0378259 0.0315696 0.0255953 0.0200292 0.0150095 0.0106761 0.00714057 0.00444923
 0.00786616 0.0128408 0.0194405 0.027634 0.0371549 0.0473473 0.0571393 0.0653089 0.0709283 0.0736557 0.0736908 0.0715193 0.0676843 0.0626785 0.0569149 0.0507203 0.0443407 0.0379583 0.0317156 0.0257392 0.0201594 0.0151183 0.0107596 0.00719886 0.00448589
 0.00785535 0.0128205 0.019405 0.0275773 0.0370724 0.0472396 0.0570139 0.0651795 0.07081 0.0735593 0.0736194 0.07147 0.0676529 0.062665 0.0569246 0.0507608 0.0444166 0.0380668 0.0318465 0.0258781 0.0202918 0.0152329 0.01085 0.00726384 0.00452817
 0.00782143 0.0127647 0.0193201 0.0274563 0.0369106 0.0470375 0.05678 0.0649315 0.070573 0.0733606 0.0734819 0.0714067 0.0676648 0.0627422 0.0570515 0.0509223 0.044601 0.0382655 0.0320509 0.0260779 0.0204754 0.0153898 0.0109738 0.00735335 0.00458715
 0.00778084 0.0126977 0.0192177 0.0273097 0.036714 0.046791 0.0564934 0.0646249 0.0702738 0.0730987 0.0732842 0.0712932 0.0676458 0.0628168 0.057208 0.051141 0.0448591 0.0385413 0.0323261 0.0263377 0.0207076 0.0155852 0.0111271 0.00746443 0.00466084
 0.00776032 0.0126627 0.0191619 0.0272259 0.0365954 0.0466334 0.0562974 0.064398 0.0700301 0.0728575 0.0730677 0.0711236 0.0675422 0.0627918 0.0572655 0.0512749 0.0450542 0.0387767 0.0325793 0.0265874 0.0209364 0.0157806 0.0112821 0.00757799 0.00473705
 0.00774093 0.0126286 0.0191057 0.0271393 0.0364711 0.046468 0.0560946 0.0641689 0.0697916 0.0726284 0.0728659 0.0709651 0.0674402 0.0627565 0.0573026 0.0513841 0.0452279 0.0389998 0.0328311 0.0268453 0.021179 0.0159912 0.0114509 0.0077024 0.00482098
 0.00932832 0.0148524 0.0217931 0.029909 0.0388435 0.0480421 0.0566875 0.0638435 0.068776 0.071199 0.0712604 0.06935 0.0659173 0.0613825 0.0561065 0.0503779 0.0444122 0.0383659 0.0323619 0.0265169 0.0209637 0.0158603 0.0113783 0.00766635 0.00480554
 0.00932167 0.015134 0.0227323 0.031963 0.0423584 0.0529843 0.0624731 0.0694323 0.07304 0.073365 0.0711647 0.0673815 0.062747 0.0576756 0.0523578 0.0468839 0.0413183 0.035727 0.0301843 0.0247808 0.0196323 0.0148845 0.0107 0.00722294 0.00453529
 0.00896103 0.0145703 0.0219477 0.0310126 0.0414223 0.0524014 0.0626996 0.0708794 0.0758288 0.0771447 0.0751555 0.0706699 0.0646638 0.0580273 0.051398 0.0451006 0.0392038 0.0336432 0.028338 0.0232587 0.0184479 0.0140118 0.0100928 0.00682656 0.00429435
 0.00879043 0.0142792 0.0214853 0.030327 0.0404815 0.0512285 0.0614167 0.0697344 0.0751712 0.0773277 0.0763783 0.072833 0.06734 0.0606006 0.0533104 0.0460639 0.0392556 0.0330478 0.0274249 0.0222985 0.0176045 0.0133529 0.00962294 0.0065177 0.00410695
 0.00872282 0.0141625 0.0212958 0.0300354 0.0400557 0.0506413 0.0606595 0.0688358 0.0742185 0.0764804 0.0758565 0.0728604 0.0680462 0.0619275 0.0549908 0.0477089 0.0405127 0.0337357 0.0275687 0.0220646 0.0171959 0.0129298 0.00927397 0.00626987 0.00395061
 0.00869458 0.0141139 0.0212171 0.0299145 0.0398783 0.0503926 0.0603266 0.068411 0.0737052 0.0759031 0.0752753 0.0723796 0.0678028 0.0620478 0.0555255 0.0485829 0.0415325 0.034663 0.0282209 0.0223798 0.0172286 0.0127952 0.00908432 0.00609835 0.00382674
 0.00868413 0.0140968 0.021191 0.0298764 0.0398237 0.0503156 0.0602192 0.0682636 0.0735078 0.0756487 0.0749661 0.0720365 0.0674744 0.0618101 0.0554641 0.0487559 0.041932 0.0352027 0.0287661 0.0228065 0.0174744 0.0128712 0.00904882 0.00601742 0.00374691
 0.00869699 0.0141151 0.0212137 0.0299005 0.0398449 0.0503289 0.0602192 0.0682443 0.0734618 0.0755678 0.0748422 0.071866 0.0672644 0.0615853 0.0552688 0.048645 0.0419496 0.0353569 0.0290176 0.0230825 0.0177021 0.0130095 0.0090983 0.00600712 0.00371164
 0.00869458 0.0141146 0.021219 0.0299166 0.0398764 0.0503763 0.0602772 0.068302 0.0735057 0.075585 0.0748235 0.0718063 0.0671631 0.0614488 0.0551132 0.0484982 0.0418462 0.0353256 0.0290662 0.0231908 0.0178304 0.0131177 0.00916424 0.00603079 0.00370759
 0.00865437 0.0140543 0.021138 0.0298186 0.0397692 0.0502714 0.0601881 0.0682418 0.0734832 0.0756014 0.0748704 0.0718683 0.0672228 0.0614918 0.0551329 0.048498 0.0418397 0.0353319 0.0291014 0.0232587 0.0179196 0.0132075 0.00923535 0.00607456 0.00372677
 0.00865044 0.0140446 0.0211176 0.0297814 0.0397104 0.0501906 0.0600919 0.0681439 0.0734005 0.0755485 0.0748551 0.0718894 0.0672706 0.0615518 0.0551905 0.0485432 0.0418705 0.0353544 0.029126 0.0232942 0.0179677 0.0132616 0.00928497 0.00611148 0.00374862
 0.00865393 0.0140484 0.0211194 0.0297776 0.039696 0.0501605 0.0600425 0.0680746 0.0733159 0.075459 0.074775 0.0718331 0.0672477 0.0615637 0.05523 0.0485981 0.0419286 0.0354081 0.0291739 0.0233389 0.0180119 0.0133052 0.00932471 0.00614317 0.0037701
 0.00864881 0.0140425 0.0211149 0.0297776 0.039703 0.0501744 0.0600593 0.0680868 0.0733147 0.075438 0.0747337 0.0717776 0.0671894 0.0615151 0.0552006 0.0485912 0.041941 0.0354331 0.0292046 0.023371 0.0180435 0.0133353 0.0093519 0.00616556 0.00378636
 0.0086602 0.0140598 0.0211387 0.0298079 0.0397393 0.0502163 0.0601056 0.068135 0.0733601 0.075473 0.0747497 0.0717678 0.0671521 0.0614556 0.0551297 0.0485216 0.041883 0.0353919 0.0291802 0.0233604 0.0180426 0.0133406 0.0093603 0.00617456 0.00379409
 0.00862934 0.0140161 0.021085 0.0297508 0.0396876 0.0501777 0.0600849 0.0681332 0.0733756 0.075503 0.0747901 0.0718129 0.0671948 0.0614892 0.0551502 0.0485293 0.0418826 0.0353894 0.0291807 0.0233662 0.0180533 0.013354 0.00937404 0.00618668 0.00380348
 0.00862934 0.0140161 0.021085 0.0297508 0.0396876 0.0501777 0.0600849 0.0681332 0.0733756 0.075503 0.0747901 0.0718129 0.0671948 0.0614892 0.0551502 0.0485293 0.0418826 0.0353894 0.0291807 0.0233662 0.0180533 0.013354 0.00937404 0.00618668 0.00380348
 0.00870303 0.0141274 0.0212365 0.0299392 0.0399044 0.0504105 0.0603185 0.0683495 0.0735547 0.0756259 0.0748426 0.0717895 0.0670996 0.0613346 0.054954 0.0483108 0.0416602 0.035179 0.0289947 0.0232122 0.0179342 0.0132682 0.00931655 0.0061511 0.00378324
 0.00861293 0.0139941 0.0210606 0.0297304 0.0396795 0.0501899 0.060123 0.0681991 0.073467 0.0756132 0.074908 0.071924 0.0672836 0.0615419 0.0551584 0.0484927 0.0418086 0.0352921 0.0290768 0.0232704 0.0179756 0.0132982 0.00933864 0.0061671 0.00379428
 0.0086095 0.0139778 0.0210172 0.0296419 0.0395311 0.0499799 0.0598696 0.0679387 0.0732429 0.0754612 0.0748467 0.0719537 0.0673907 0.0617052 0.0553533 0.048695 0.0419979 0.0354545 0.0292061 0.0233673 0.018045 0.0133464 0.00937139 0.00618879 0.00380813
 0.00861962 0.013994 0.02104 0.0296694 0.039557 0.0499914 0.0598489 0.0678687 0.0731171 0.0752908 0.0746611 0.0717907 0.0672829 0.0616689 0.0553866 0.0487815 0.0421148 0.0355793 0.0293213 0.0234629 0.0181176 0.0133978 0.00940575 0.00621069 0.00382145
 0.00874726 0.0141956 0.0213316 0.0300593 0.0400411 0.0505474 0.0604311 0.0684098 0.0735399 0.0755287 0.0746773 0.071589 0.0669054 0.061183 0.054865 0.0482843 0.0416794 0.0352203 0.029037 0.0232433 0.0179516 0.0132755 0.00931915 0.00615271 0.00378532
 0.00873369 0.0141896 0.0213522 0.0301341 0.040199 0.050807 0.06079 0.0688401 0.073993 0.0759447 0.0749969 0.0717652 0.0669136 0.0610275 0.0545783 0.0479182 0.0412901 0.0348542 0.0287228 0.0229919 0.0177609 0.0131373 0.00922341 0.00608975 0.00374648
 0.00882502 0.0143288 0.0215452 0.0303816 0.0404988 0.0511561 0.061184 0.0692697 0.0744373 0.076369 0.0753546 0.0720062 0.0669966 0.0609315 0.0543096 0.0475102 0.0407957 0.0343332 0.0282288 0.0225628 0.0174155 0.0128776 0.00904053 0.00596923 0.00367248
 0.0086111 0.0140023 0.0210943 0.0298125 0.0398372 0.0504478 0.0604953 0.0686832 0.0740401 0.0762312 0.0755081 0.0724326 0.0676291 0.0616708 0.0550495 0.048163 0.0413098 0.0346968 0.0284611 0.022698 0.0174888 0.0129162 0.00906124 0.00598089 0.00367922
 0.00869013 0.0140969 0.0211747 0.0298314 0.0397441 0.0502116 0.060122 0.0682191 0.0735579 0.0758091 0.075212 0.0723053 0.067685 0.0618935 0.0553935 0.0485632 0.0416984 0.0350211 0.0286951 0.0228429 0.0175638 0.0129465 0.00906835 0.00597903 0.00367555
 0.00870101 0.0141295 0.0212487 0.0299678 0.0399515 0.0504697 0.0603738 0.0683838 0.0735631 0.0756269 0.0748749 0.0718944 0.0672968 0.0616068 0.0552481 0.0485567 0.0417948 0.0351684 0.0288437 0.0229597 0.0176369 0.0129809 0.00907731 0.00597571 0.00366892
 0.00894177 0.0145066 0.0217892 0.0306854 0.0408419 0.0515032 0.0614861 0.069471 0.0744916 0.0762579 0.0751017 0.0716752 0.0666722 0.0606896 0.0541894 0.0475016 0.0408481 0.034381 0.0282206 0.0224796 0.0172713 0.0127058 0.008876 0.00583554 0.00357797
 0.00898862 0.0146085 0.0219891 0.031037 0.0413935 0.0522738 0.0624455 0.0705366 0.0755449 0.0771729 0.0757669 0.0720083 0.0666307 0.0602801 0.0534728 0.046584 0.0398557 0.0334285 0.027387 0.0218009 0.0167489 0.0123218 0.00860567 0.00565436 0.00346374
 0.00904247 0.0146899 0.022102 0.031186 0.0415891 0.0525371 0.0628065 0.0710223 0.0761595 0.07788 0.0764875 0.0726366 0.0670616 0.060438 0.0533291 0.046163 0.0392277 0.0326913 0.0266411 0.021126 0.0161919 0.0118967 0.00830315 0.005453 0.00333863
 0.00899829 0.0146227 0.0220096 0.0310701 0.041456 0.052399 0.0626836 0.0709452 0.0761679 0.0780143 0.0767723 0.0730636 0.0675801 0.0609619 0.0537608 0.046424 0.0392822 0.0325541 0.0263664 0.0207863 0.015854 0.0116064 0.008081 0.00529905 0.00324122
 0.00905787 0.0147051 0.022107 0.0311661 0.0415307 0.0524363 0.0626777 0.0709026 0.0761055 0.0779559 0.0767456 0.0730952 0.0676865 0.0611392 0.0539783 0.0466292 0.039418 0.0325805 0.0262763 0.0206052 0.0156274 0.0113808 0.00788959 0.00515664 0.00314685
 0.00927097 0.0150461 0.0226077 0.0318454 0.0423829 0.0534169 0.0636949 0.0718271 0.0768022 0.0783261 0.0767567 0.0727839 0.0671395 0.0604618 0.0532658 0.0459465 0.0387938 0.0320146 0.0257567 0.0201252 0.015193 0.0110076 0.00759205 0.00493959 0.00300313
 0.00900703 0.0146529 0.0220846 0.031221 0.0417137 0.0527805 0.0631797 0.0715161 0.076751 0.0785413 0.0771897 0.0733479 0.06774 0.0610259 0.0537545 0.0463497 0.0391156 0.0322605 0.0259283 0.020224 0.0152263 0.0109917 0.00754867 0.00488935 0.00295989
 0.00919006 0.0148995 0.0223624 0.0314703 0.0418673 0.0527933 0.0630522 0.0712961 0.0765132 0.0783568 0.0771014 0.0733601 0.0678245 0.0611376 0.0538504 0.0464027 0.0391186 0.0322209 0.0258588 0.0201358 0.0151283 0.0108919 0.0074557 0.00481107 0.00290096
#pred catch len freq
 0.00387684 0.00623528 0.0092946 0.013061 0.0175438 0.0227106 0.0284175 0.0343906 0.0402796 0.0457342 0.0504601 0.0542573 0.0570452 0.0588589 0.0598107 0.0600407 0.0596811 0.0588291 0.0575031 0.0555767 0.0527367 0.0485551 0.04272 0.0353319 0.0270492
 0.00430209 0.00686081 0.0101188 0.0140531 0.0186696 0.023965 0.0298341 0.0360115 0.0420968 0.047639 0.05224 0.055653 0.0578399 0.0589546 0.0592539 0.0589908 0.0583402 0.0573643 0.0559944 0.0540143 0.0510694 0.046764 0.0408702 0.0335673 0.0255329
