SBPRF35
12.7214
Curr Bio
779987
B35
873383
F35
0.170066
FOFL
0.149844
OFL
95713.3
Bzero
3.63469e+06
#pred survey bio
 3.53441e+06 3.43573e+06 3.33408e+06 3.19898e+06 2.99618e+06 2.7647e+06 2.51241e+06 2.27316e+06 2.04217e+06 1.79855e+06 1.61356e+06 1.43048e+06 1.26107e+06 1.11579e+06 976483 876756 798619 738258 671592 649409 633556 613631 588411 571499 555960 555265 561676 563052 553515 549397 557012 559257 570946 575970 584322 593758 607151 619739 630761 649022 647235 657674 664761 670068 672562 671900 682760 686921 685229 684708 691212 760524 817907 878782 910516 914376 897253 892996 860588 849869 848433 833757 827700 816687 784931 2.72745e+07 1.6059e+07 1.61451e+07 1.69722e+07 1.83187e+07 1.98909e+07 2.14619e+07 2.28938e+07 2.4123e+07 2.5136e+07 2.59472e+07 2.65839e+07 2.7077e+07 2.74553e+07 2.77441e+07 2.79639e+07 2.81311e+07 2.82585e+07 2.83558e+07 2.84304e+07 2.84879e+07 2.85323e+07 2.85668e+07 2.85937e+07 2.86148e+07 2.86315e+07 2.86446e+07 2.8655e+07 2.86633e+07 2.867e+07 2.86753e+07 2.86795e+07 2.8683e+07 2.86858e+07 2.8688e+07 2.86898e+07 2.86913e+07 2.86925e+07 2.86935e+07 2.86943e+07 2.8695e+07 2.86955e+07 2.86959e+07 2.86963e+07 2.86966e+07 2.86968e+07 2.8697e+07 2.86972e+07 2.86973e+07 2.86974e+07 2.86975e+07 2.86976e+07 2.86976e+07 2.86977e+07 2.86977e+07 2.86977e+07 2.86978e+07 2.86978e+07 2.86978e+07 2.86978e+07 2.86978e+07 2.86978e+07 2.86978e+07 2.86978e+07 2.86979e+07 2.86979e+07 2.86979e+07 2.86979e+07 2.86979e+07 2.86979e+07 2.86979e+07 2.86979e+07 2.86979e+07 2.86979e+07 2.86979e+07 2.86979e+07 2.86979e+07 2.86979e+07 2.86979e+07 2.86979e+07 2.86979e+07 2.86979e+07 2.86979e+07 2.86979e+07 2.86979e+07 2.86979e+07 2.86979e+07 2.86979e+07 2.86979e+07 2.86979e+07 2.86979e+07 2.86979e+07 2.86979e+07 2.86979e+07 2.86979e+07 2.86979e+07 2.86979e+07 2.86979e+07 2.86979e+07 2.86979e+07 0 0 0 0 0 0 0 0 0 0 0 0 0 0 0 0 0 0 0 0 0 0 0 0 0
#obs survey bio
 2.64509e+06 3.49882e+06 3.75574e+06 3.05498e+06 2.88733e+06 1.85458e+06 2.84610e+06 2.1775e+06 2.26208e+06 1.47414e+06 1.40315e+06 1.32424e+06 1.23216e+06 973844 1.16286e+06 681366 734054 690133 482649 464030 600669 788405 623911 602049 522391 857629 636738 544252 544306 448560 524686 564711 484919 501835 462641 679849 570304 755000 537632 646017 682828 593389 792316 833501 703800 798368 918172 687324 685770 448245 674855 588806 1.16562e+06 852407 1.14598e+06 1.08229e+06 952956 847678 619128 855040 733611 885613 713645 689656 973300
#pred catch bio
 101208 105845 141338 211942 250294 283746 286999 293644 316876 273640 279480 271933 252843 247886 212921 194085 177767 180203 140013 134261 135652 136009 124724 120347 105824 99007 102422 109966 103705 93664.4 98947.4 92006.3 98594.6 96086.6 95536.6 92722.1 94255.1 96681.7 92311.3 110552 100798 104963 107351 110084 112597 102902 108872 113611 112870 108359 59410.8 74446.1 73334.3 98351 120652 136321 123554 146483 126124 117357 127114 117090 118494 131704 103065 95713.3 105451 104645 108531 116573 126400 136242 145117 152604 158635 163333 166901 169558 171508 172921 173937 174660 175173 175535 175789 175967 176091 176178 176238 176280 176310 176330 176344 176353 176360 176364 176367 176370 176371 176372 176373 176373 176374 176374 176374 176374 176374 176374 176374 176374 176374 176375 176375 176375 176375 176375 176375 176375 176375 176375 176375 176375 176375 176375 176375 176375 176375 176375 176375 176375 176375 176375 176375 176375 176375 176375 176375 176375 176375 176375 176375 176375 176375 176375 176375 176375 176375 176375 176375 176375 176375 176375 176375 176375 176375 176375 176375 176375 176375 176375 176375 176375 176375 176375 176375 0 0 0 0 0 0 0 0 0 0 0 0 0 0 0 0 0 0 0 0 0 0 0 0 0
#obs catch bio
 0 105690 141225 212663 250705 284989 288181 295380 319310 274523 280664 273721 253970 248713 212884 195572 179355 182557 141279 136555 138158 137770 125497 120919 106598 99295.6 102613 110259 103646 93620.8 99073.8 92220.2 99354.9 96548.1 96090.9 92954.3 94433.9 96767.3 92361.9 111378 100958 105506 107831 110701 113336 103115 109224 113741 112946 109466 59270.7 75183.5 73541.4 98862.3 120956 136871 123052 146632 126428 117135 127471 117156 118240 132092 102880
#pred cpue bio
 3.484e+06 3.38704e+06 3.2868e+06 3.15204e+06 2.94976e+06 2.71898e+06 2.46758e+06 2.22924e+06 1.99942e+06 1.75756e+06 1.57377e+06 1.3921e+06 1.22427e+06 1.08053e+06 942874 844118 766808 707412 642267 620430 604980 586021 562135 546152 531253 530774 537349 539002 529928 526002 533375 535436 546719 551692 559988 569347 582541 594859 605500 623118 621284 631384 638197 643343 645842 645285 655984 660183 658533 657743 663662 731305 788201 848771 880442 884319 867453 863146 831285 820783 819646 805706 800275 790033 759713 2.64404e+07 1.55797e+07 1.5511e+07 1.61491e+07 1.74225e+07 1.89757e+07 2.05425e+07 2.19736e+07 2.32027e+07 2.42156e+07 2.50268e+07 2.56636e+07 2.61566e+07 2.6535e+07 2.68237e+07 2.70435e+07 2.72107e+07 2.73382e+07 2.74355e+07 2.75101e+07 2.75675e+07 2.76119e+07 2.76464e+07 2.76733e+07 2.76945e+07 2.77111e+07 2.77243e+07 2.77347e+07 2.7743e+07 2.77496e+07 2.77549e+07 2.77592e+07 2.77626e+07 2.77654e+07 2.77677e+07 2.77695e+07 2.7771e+07 2.77722e+07 2.77732e+07 2.7774e+07 2.77746e+07 2.77751e+07 2.77756e+07 2.77759e+07 2.77762e+07 2.77765e+07 2.77767e+07 2.77768e+07 2.77769e+07 2.7777e+07 2.77771e+07 2.77772e+07 2.77773e+07 2.77773e+07 2.77773e+07 2.77774e+07 2.77774e+07 2.77774e+07 2.77774e+07 2.77775e+07 2.77775e+07 2.77775e+07 2.77775e+07 2.77775e+07 2.77775e+07 2.77775e+07 2.77775e+07 2.77775e+07 2.77775e+07 2.77775e+07 2.77775e+07 2.77775e+07 2.77775e+07 2.77775e+07 2.77775e+07 2.77775e+07 2.77775e+07 2.77775e+07 2.77775e+07 2.77775e+07 2.77775e+07 2.77775e+07 2.77775e+07 2.77775e+07 2.77775e+07 2.77775e+07 2.77775e+07 2.77775e+07 2.77775e+07 2.77775e+07 2.77775e+07 2.77775e+07 2.77775e+07 2.77775e+07 2.77775e+07 2.77775e+07 2.77775e+07 2.77775e+07 2.77775e+07 2.77775e+07 0 0 0 0 0 0 0 0 0 0 0 0 0 0 0 0 0 0 0 0 0 0 0 0 0
#obs cpue bio
 3.26394e+06 3.58506e+06 3.29887e+06 2.38375e+06 3.33977e+06 3.03708e+06 1.98828e+06 1.83406e+06 1.8978e+06 2.21855e+06 1.86032e+06 1.21567e+06 1.2841e+06 1.38604e+06 861992 656484 651324 632556 686516 454742 487621 542007 622020 550615 387471 412829 509150 564349 634630 567902 574673 400421 460177 668300 613010 577571 640331 547911 579048 478443 675159 539018 524556 442499 566507 604491 471613 774322 660773 583890 583148 511117 714901 1.0386e+06 955103 711375 1.2296e+06 847654 779980 1.14192e+06 758055 766232 1.20292e+06 810855 650116
#pred surv len freq
 0.0050585 0.00816045 0.0121839 0.0170794 0.0227155 0.0288125 0.0349082 0.0404604 0.0450481 0.0485124 0.0509385 0.052535 0.0535229 0.0540823 0.0543397 0.0543727 0.0542242 0.0539049 0.0533581 0.0523821 0.0505706 0.0473778 0.0423666 0.0355437 0.0275416
 0.00524375 0.00837733 0.0123592 0.0171049 0.0224926 0.0283123 0.0342112 0.0397379 0.0444872 0.0482288 0.0509316 0.0527092 0.0537548 0.054289 0.0545125 0.0545666 0.0545129 0.0543272 0.05388 0.0528977 0.0509446 0.0475092 0.0422376 0.0352242 0.0271479
 0.00544596 0.00870556 0.0128457 0.0177624 0.0232922 0.0291628 0.0349597 0.040211 0.0445669 0.0479188 0.0503624 0.0520697 0.0531971 0.0538729 0.0542182 0.0543506 0.0543551 0.0542345 0.0538552 0.0529059 0.0509121 0.0473589 0.0419367 0.034806 0.0266937
 0.00560392 0.00896623 0.013246 0.0183409 0.0240816 0.0301756 0.0361654 0.0415172 0.0458169 0.048921 0.0509484 0.05216 0.0528338 0.0531948 0.0533925 0.0535075 0.0535628 0.0535131 0.0531997 0.0522959 0.050314 0.0467382 0.0412813 0.0341428 0.0260804
 0.00582796 0.0093216 0.0137652 0.0190505 0.0250008 0.031312 0.0375076 0.0430247 0.0474127 0.0504868 0.052329 0.0531832 0.0533526 0.0531368 0.0527902 0.0524842 0.0522819 0.0521219 0.0517962 0.0509283 0.0489985 0.0454837 0.0401087 0.0330928 0.025202
 0.00608193 0.00972697 0.0143614 0.0198696 0.0260624 0.0326159 0.039025 0.0446961 0.0491547 0.052204 0.0539192 0.0545348 0.0543419 0.0536406 0.0527167 0.0518097 0.0510683 0.0505003 0.049926 0.048956 0.0470389 0.0436244 0.0384244 0.03165 0.0240507
 0.00635145 0.0101599 0.0150034 0.0207602 0.0272291 0.034063 0.0407227 0.0465744 0.0511119 0.0541238 0.0556883 0.0560506 0.0555108 0.0543728 0.0529258 0.0514267 0.0500673 0.0489217 0.0478814 0.046609 0.0445746 0.0412221 0.0362398 0.0298021 0.0226073
 0.00658739 0.0105416 0.015575 0.0215632 0.0282962 0.0354086 0.0423301 0.0483898 0.0530477 0.0560718 0.0575336 0.057683 0.0568304 0.0552906 0.0533623 0.0513118 0.0493488 0.047586 0.0459764 0.0442571 0.041964 0.0385778 0.0337826 0.0277079 0.0209764
 0.00680851 0.0108994 0.0161109 0.022316 0.0292972 0.0366724 0.0438437 0.0501063 0.0548903 0.0579446 0.0593341 0.0593094 0.0581866 0.0562886 0.0539224 0.0513623 0.0488297 0.0464612 0.0442559 0.0420215 0.0393756 0.0358659 0.0312001 0.0254733 0.019224
 0.00716092 0.0114491 0.0168956 0.0233569 0.0305978 0.0382172 0.0455935 0.0519946 0.0568273 0.0598294 0.0610674 0.0608028 0.0593652 0.0570895 0.0542913 0.0512486 0.0481861 0.0452513 0.0424745 0.0397226 0.0366961 0.0330235 0.0284575 0.0230736 0.0173277
 0.0074322 0.011882 0.0175317 0.0242288 0.0317229 0.0395888 0.0471716 0.053705 0.0585744 0.0615156 0.0626089 0.0621333 0.0604309 0.0578424 0.0546836 0.0512312 0.047709 0.0442712 0.0409716 0.0377274 0.0343147 0.0304447 0.0259243 0.0208243 0.0155298
 0.00769336 0.0123067 0.0181708 0.0251293 0.0329182 0.0410834 0.0489255 0.0556283 0.0605393 0.0633819 0.0642505 0.0634557 0.061377 0.0583866 0.0548192 0.0509552 0.0470113 0.0431348 0.0393867 0.0357182 0.0319683 0.0279247 0.0234511 0.018622 0.013762
 0.00799332 0.0127795 0.0188555 0.0260543 0.0340991 0.0425187 0.0505875 0.0574557 0.0624365 0.0652289 0.0659186 0.0648256 0.0623554 0.0589174 0.0548843 0.0505639 0.0461845 0.0418925 0.0377494 0.0337241 0.0296997 0.0255248 0.0211128 0.0165445 0.0120934
 0.0083164 0.0132862 0.0195834 0.0270258 0.0353181 0.0439659 0.0522151 0.0591863 0.0641732 0.0668704 0.0673724 0.0660118 0.0632066 0.0593795 0.0549216 0.050163 0.0453538 0.0406568 0.0361461 0.031809 0.0275614 0.0232961 0.0189632 0.0146458 0.0105723
 0.00875407 0.0139678 0.020553 0.028303 0.0368936 0.045797 0.0542195 0.0612424 0.0661356 0.0685974 0.0687518 0.0669736 0.0637206 0.0594449 0.054554 0.049386 0.0441953 0.0391502 0.0343355 0.0297574 0.025361 0.0210736 0.01687 0.0128286 0.00913391
 0.00902571 0.0144062 0.0212063 0.0292123 0.0380835 0.0472613 0.0559072 0.0630545 0.067939 0.0702521 0.0701351 0.0679958 0.0643289 0.059621 0.054307 0.0487429 0.0431921 0.0378276 0.0327411 0.0279536 0.0234347 0.0191395 0.0150604 0.0112674 0.0079045
 0.00912237 0.0145796 0.0214977 0.0296718 0.0387605 0.0481882 0.0570822 0.0644321 0.0694335 0.0717506 0.0715154 0.0691438 0.0651534 0.0600638 0.0543457 0.0483863 0.0424712 0.0367872 0.0314359 0.0264508 0.0218194 0.0175166 0.0135452 0.00996446 0.00688213
 0.00917969 0.0146705 0.0216318 0.0298609 0.0390216 0.0485462 0.0575675 0.0650723 0.0702393 0.0727016 0.072554 0.0701801 0.0660819 0.0607836 0.0547781 0.0484851 0.0422246 0.036214 0.0305795 0.0253753 0.0206076 0.0162671 0.0123622 0.00893994 0.0060755
 0.00951904 0.0151764 0.0223079 0.0306795 0.0399317 0.0494868 0.0584797 0.0659067 0.070961 0.0732947 0.0730193 0.070526 0.0663104 0.0608814 0.0547171 0.0482327 0.0417564 0.0355242 0.029687 0.0243245 0.019466 0.0151186 0.0112952 0.00802986 0.00536797
 0.00948281 0.0151381 0.0222875 0.0307063 0.0400339 0.0496774 0.0587468 0.0662173 0.0712778 0.0735954 0.073306 0.0708183 0.0666277 0.0612243 0.0550585 0.0485209 0.0419296 0.0355283 0.0294921 0.0239344 0.0189199 0.014483 0.0106493 0.00744669 0.00489757
 0.00924847 0.0147998 0.0218586 0.0302296 0.0395739 0.0493042 0.0585203 0.0661749 0.0714274 0.0739136 0.0737455 0.071324 0.0671541 0.0617436 0.0555552 0.0489774 0.0423162 0.0358048 0.02962 0.0238936 0.0187199 0.0141642 0.0102726 0.00707593 0.00458221
 0.0091113 0.0145792 0.0215333 0.0297872 0.03902 0.0486738 0.0578839 0.0656306 0.0710752 0.0738225 0.0739303 0.0717446 0.0677347 0.0624005 0.0562175 0.049596 0.0428583 0.0362448 0.0299344 0.0240648 0.0187463 0.0140668 0.0100932 0.0068654 0.00438533
 0.0092015 0.0146964 0.0216545 0.0298714 0.0390173 0.0485424 0.0576068 0.0652262 0.0705976 0.0733516 0.0735541 0.0715351 0.0677272 0.0625843 0.0565445 0.0499996 0.0432736 0.0366198 0.0302321 0.0242622 0.0188352 0.0140563 0.0100087 0.00674259 0.00425898
 0.00930513 0.0148483 0.0218511 0.0300947 0.0392354 0.048712 0.0576796 0.0651586 0.0703657 0.0729664 0.073068 0.0710331 0.0673039 0.0623153 0.0564652 0.0500988 0.0435031 0.0369135 0.0305256 0.0245059 0.0190003 0.014136 0.0100156 0.00670139 0.00419738
 0.00933775 0.014908 0.0219524 0.030253 0.03946 0.0489966 0.0579948 0.065452 0.0705729 0.0730302 0.0729575 0.0707561 0.0669083 0.0618782 0.0560706 0.0498131 0.0433567 0.0368965 0.0305978 0.0246155 0.0191017 0.0142013 0.0100371 0.00668756 0.0041645
 0.00925312 0.0147722 0.0217528 0.0299828 0.0391242 0.0486185 0.0576181 0.0651335 0.0703644 0.0729568 0.0730072 0.0708871 0.0670697 0.0620333 0.0562102 0.0499531 0.0435232 0.0371068 0.0308485 0.0248823 0.0193506 0.0144031 0.0101776 0.00676931 0.0042016
 0.00918807 0.014659 0.0215689 0.0297035 0.0387296 0.0481045 0.0570076 0.0644804 0.0697469 0.0724606 0.0727029 0.070811 0.0672145 0.0623529 0.0566391 0.0504298 0.044006 0.0375756 0.0312942 0.0252953 0.0197157 0.0147031 0.0104019 0.00691932 0.00428988
 0.00913219 0.0145777 0.0214632 0.0295776 0.0385859 0.0479379 0.0568031 0.0642198 0.0694214 0.0720843 0.072318 0.0704795 0.0669985 0.0622936 0.0567431 0.0506707 0.0443383 0.0379516 0.0316761 0.0256569 0.0200384 0.0149732 0.0106107 0.00706601 0.00438221
 0.00922654 0.0147142 0.0216375 0.0297752 0.0387866 0.0481216 0.0569535 0.0643222 0.0694584 0.0720346 0.0721637 0.070219 0.0666569 0.0619219 0.0564037 0.0504161 0.044195 0.0379173 0.0317275 0.0257626 0.0201681 0.0151026 0.0107229 0.00715188 0.00444027
 0.00935239 0.0148975 0.0218734 0.0300444 0.039059 0.0483644 0.0571381 0.0644292 0.0694791 0.0719712 0.0720254 0.0700177 0.0664047 0.0616335 0.0561019 0.0501327 0.0439641 0.037764 0.0316593 0.025768 0.0202239 0.0151821 0.010804 0.00722022 0.00448986
 0.00936976 0.0149245 0.0219111 0.0300917 0.0391114 0.0484128 0.0571693 0.0644285 0.0694363 0.0718858 0.0719084 0.0698876 0.0662797 0.0615253 0.0560144 0.0500666 0.0439228 0.0377544 0.0316879 0.025835 0.0203199 0.0152908 0.0109077 0.00730614 0.00455236
 0.00938741 0.0149582 0.021971 0.0301893 0.0392559 0.048605 0.0573967 0.0646642 0.0696443 0.0720302 0.0719638 0.0698451 0.0661491 0.0613303 0.0557853 0.0498321 0.0437059 0.0375718 0.0315504 0.0257476 0.0202802 0.015289 0.0109294 0.00733676 0.00458113
 0.00922977 0.0147258 0.0216662 0.0298318 0.0388795 0.0482506 0.0571058 0.0644726 0.0695753 0.072088 0.0721304 0.0700849 0.0664191 0.0615929 0.0560163 0.0500232 0.0438607 0.0377002 0.0316634 0.0258533 0.0203823 0.0153862 0.011017 0.00740929 0.00463545
 0.00917803 0.0146381 0.0215283 0.029631 0.03861 0.0479221 0.0567484 0.0641348 0.0693114 0.0719416 0.0721208 0.0702036 0.0666351 0.0618637 0.0562994 0.0502859 0.0440849 0.0378819 0.0318086 0.0259721 0.0204831 0.0154738 0.011092 0.00747025 0.00468108
 0.00912111 0.014547 0.0213938 0.0294446 0.0383652 0.0476165 0.0563877 0.0637378 0.0689125 0.0715881 0.0718646 0.0700872 0.0666787 0.0620578 0.0566085 0.0506595 0.0444726 0.0382449 0.0321248 0.026234 0.0206931 0.015638 0.0112169 0.00756139 0.00474377
 0.00909019 0.0144934 0.0213069 0.0293126 0.0381775 0.0473681 0.0560831 0.0633919 0.0685491 0.0712366 0.0715575 0.0698589 0.0665613 0.0620738 0.0567622 0.0509325 0.0448269 0.0386335 0.0325038 0.0265721 0.020974 0.015858 0.0113802 0.00767619 0.00481962
 0.00909073 0.0144842 0.0212745 0.0292377 0.03804 0.0471538 0.055791 0.0630369 0.0681592 0.0708472 0.0712053 0.0695771 0.0663777 0.0620087 0.0568257 0.0511217 0.045123 0.0390026 0.032903 0.026959 0.0213159 0.0161363 0.0115901 0.00782335 0.00491536
 0.00913067 0.0145411 0.0213446 0.0293105 0.0380989 0.0471778 0.0557582 0.0629291 0.0679678 0.0705785 0.0708827 0.0692373 0.066063 0.0617585 0.0566704 0.0510784 0.0451937 0.0391733 0.0331454 0.0272362 0.0215904 0.0163785 0.0117834 0.00796353 0.00500819
 0.00918427 0.0146232 0.0214582 0.0294542 0.0382653 0.0473533 0.055922 0.0630545 0.0680262 0.0705466 0.0707496 0.0690099 0.0657662 0.0614314 0.056358 0.0508228 0.0450252 0.039105 0.0331719 0.0273357 0.021732 0.0165302 0.01192 0.00807101 0.00508328
 0.00903129 0.0144067 0.0211921 0.0291718 0.03801 0.0471637 0.055819 0.0630378 0.0680787 0.0706421 0.0708594 0.0691082 0.0658347 0.0614636 0.0563615 0.0508169 0.0450351 0.039153 0.0332693 0.0274792 0.0219045 0.016708 0.0120803 0.00819897 0.00517421
 0.0091082 0.0145131 0.0213186 0.029301 0.0381246 0.0472578 0.0559042 0.0631369 0.0682105 0.0708046 0.0710253 0.0692342 0.0658796 0.0614042 0.0561999 0.0505781 0.0447588 0.0388829 0.0330423 0.0273175 0.0218127 0.0166749 0.012086 0.00822304 0.00520122
 0.00909214 0.0144894 0.021287 0.029261 0.0380741 0.0471916 0.055816 0.0630257 0.0680874 0.070696 0.0709649 0.069247 0.0659667 0.06154 0.0563432 0.0506914 0.0448232 0.0389019 0.0330356 0.0273088 0.0218189 0.0167012 0.0121271 0.00826834 0.0052413
 0.00903054 0.0144041 0.0211858 0.0291603 0.037994 0.0471476 0.0558125 0.0630537 0.068129 0.0707324 0.0709856 0.0692546 0.0659753 0.0615654 0.0563919 0.0507555 0.0448852 0.0389458 0.033056 0.0273124 0.0218183 0.0167068 0.0121424 0.00829042 0.00526428
 0.00896764 0.0143076 0.0210521 0.0289917 0.0378007 0.0469481 0.0556331 0.0629234 0.0680703 0.070752 0.0710709 0.0693797 0.0661129 0.0616977 0.0565135 0.0508683 0.0449905 0.0390406 0.0331348 0.0273724 0.0218619 0.0167397 0.01217 0.00831505 0.00528557
 0.00893286 0.0142527 0.0209726 0.0288849 0.037666 0.0467894 0.0554596 0.0627513 0.0679215 0.0706495 0.0710323 0.0694109 0.0662053 0.0618315 0.0566653 0.051019 0.0451288 0.0391618 0.0332375 0.027456 0.021927 0.0167889 0.0122067 0.00834264 0.00530608
 0.00893867 0.0142592 0.0209768 0.028882 0.0376501 0.0467549 0.0554033 0.0626734 0.0678265 0.0705467 0.0709351 0.0693347 0.066164 0.0618321 0.0567058 0.0510888 0.0452135 0.0392479 0.0333158 0.0275219 0.0219794 0.0168287 0.012236 0.00836372 0.00532097
 0.00885863 0.0141349 0.0208008 0.0286518 0.0373691 0.0464336 0.0550602 0.0623351 0.0675239 0.0703094 0.0707859 0.0692865 0.0662193 0.0619838 0.0569382 0.0513797 0.0455363 0.0395752 0.0336236 0.0277927 0.0222034 0.0170033 0.0123643 0.00845233 0.0053782
 0.00889823 0.0141855 0.0208515 0.0286835 0.0373598 0.0463659 0.0549281 0.0621462 0.0672968 0.0700685 0.0705566 0.0690925 0.0660802 0.0619133 0.0569424 0.0514555 0.045672 0.0397521 0.0338192 0.0279852 0.0223757 0.0171449 0.0124717 0.00852772 0.00542713
 0.00906776 0.0144362 0.0211818 0.0290734 0.0377738 0.046759 0.055253 0.0623596 0.0673672 0.0699844 0.0703311 0.0687603 0.0656883 0.0615104 0.0565703 0.0511442 0.0454374 0.0395964 0.0337331 0.0279521 0.0223762 0.0171621 0.0124934 0.00854694 0.0054413
 0.0091953 0.0146395 0.0214788 0.0294751 0.0382779 0.0473427 0.0558678 0.062934 0.0678215 0.0702521 0.0703762 0.0685846 0.0653266 0.0610195 0.0560155 0.0505872 0.0449273 0.0391652 0.0333944 0.027704 0.0222062 0.0170527 0.0124269 0.00850861 0.00542034
 0.009129 0.0145564 0.0213998 0.029436 0.0383211 0.0475028 0.0561575 0.063337 0.0682936 0.0707294 0.0707878 0.0688677 0.0654409 0.0609566 0.055799 0.0502644 0.0445554 0.0387974 0.0330703 0.0274452 0.0220174 0.0169261 0.0123487 0.00846391 0.00539663
 0.00852429 0.0136319 0.0201209 0.027818 0.0364342 0.0454729 0.0541643 0.0615982 0.0670259 0.0700936 0.070845 0.0695671 0.0666426 0.0624742 0.0574453 0.0518864 0.0460514 0.0401164 0.034198 0.0283866 0.0227837 0.017529 0.0128011 0.00878317 0.00560578
 0.00825461 0.0131796 0.0194162 0.0267922 0.0350405 0.043718 0.0521368 0.0594749 0.065044 0.0684993 0.0698396 0.0692673 0.0670618 0.0635252 0.0589639 0.0536709 0.0479065 0.0418862 0.0357812 0.0297327 0.0238788 0.0183815 0.0134324 0.00922362 0.00589201
 0.00814344 0.0129846 0.0190944 0.0262896 0.0342979 0.0426847 0.0507907 0.0578435 0.0632194 0.0666408 0.0681577 0.0679869 0.0663718 0.063531 0.0596602 0.0549453 0.0495712 0.0437261 0.0375999 0.0313833 0.025274 0.0194876 0.0142558 0.00979704 0.00626306
 0.00814336 0.0129906 0.0191125 0.0263229 0.0343374 0.0426975 0.0507136 0.0575902 0.0627049 0.0658164 0.0670441 0.06669 0.0650722 0.0624448 0.0589822 0.0547938 0.0499553 0.0445496 0.0386973 0.0325713 0.0263969 0.0204425 0.014997 0.0103252 0.00660875
 0.00815426 0.0130223 0.0191858 0.0264655 0.0345753 0.0430419 0.0511461 0.0580539 0.0631061 0.0660392 0.0669773 0.0662628 0.0642888 0.0614027 0.0578591 0.0538015 0.0492765 0.0442821 0.0388319 0.0330087 0.0269933 0.0210594 0.0155358 0.0107382 0.00689146
 0.00826646 0.0131937 0.0194241 0.0267725 0.0349501 0.0434832 0.0516512 0.0586113 0.0636852 0.0665811 0.0673944 0.0664521 0.0641596 0.0609121 0.0570422 0.0527783 0.0482254 0.043387 0.0382233 0.0327278 0.0269932 0.0212397 0.0157877 0.0109794 0.00707908
 0.00824174 0.0131651 0.0194025 0.0267751 0.034996 0.0435869 0.0518179 0.0588378 0.0639634 0.0669009 0.0677381 0.0667849 0.0644224 0.0610301 0.0569503 0.0524549 0.0477161 0.0427989 0.037689 0.0323545 0.0268255 0.0212538 0.015916 0.011147 0.00723107
 0.00829042 0.0132518 0.0195469 0.0269999 0.0353218 0.0440229 0.0523535 0.0594388 0.0645774 0.0674685 0.0682061 0.0671139 0.0645881 0.0610166 0.0567449 0.0520515 0.0471294 0.0420805 0.0369281 0.0316567 0.026277 0.0208928 0.0157277 0.011082 0.00723301
 0.00820997 0.0131281 0.0193753 0.0267842 0.0350773 0.0437792 0.0521541 0.0593347 0.0646132 0.0676655 0.0685521 0.0675644 0.0650786 0.0614779 0.0571149 0.0522828 0.0471956 0.0419833 0.0367031 0.0313678 0.0259975 0.0206797 0.0156043 0.0110378 0.0072386
 0.00807255 0.012916 0.0190775 0.0263989 0.0346132 0.043257 0.0516094 0.0588193 0.0641912 0.0674027 0.0684999 0.0677452 0.0654761 0.0620377 0.057756 0.052916 0.0477425 0.0423923 0.0369583 0.0314891 0.0260302 0.0206754 0.0156016 0.011053 0.00726886
 0.00800473 0.0128112 0.0189298 0.0262062 0.0343768 0.0429817 0.0513039 0.0584979 0.0638753 0.0671207 0.0682867 0.0676381 0.0655064 0.0622198 0.058077 0.0533331 0.0481918 0.0428062 0.0372853 0.0317074 0.0261494 0.0207262 0.0156192 0.011063 0.00728222
 0.00791269 0.0126639 0.0187127 0.0259086 0.0339951 0.0425236 0.0507926 0.0579717 0.0633806 0.0667026 0.0679812 0.0674705 0.0654931 0.062369 0.0583856 0.0537803 0.0487356 0.043387 0.0378384 0.0321805 0.0265152 0.020985 0.0157904 0.0111723 0.0073518
 0.00761993 0.0122418 0.0181766 0.0253054 0.0333877 0.0419671 0.0503168 0.0575802 0.0630645 0.0664558 0.0678094 0.0673897 0.0655227 0.062525 0.0586755 0.0541996 0.0492639 0.0439864 0.0384568 0.0327619 0.0270137 0.0213759 0.0160723 0.0113611 0.00747028
 0.00731415 0.0117791 0.0175466 0.0245268 0.0325097 0.0410658 0.0494869 0.0569189 0.0626451 0.0663029 0.0678916 0.0676393 0.0658695 0.0629227 0.0591096 0.0546764 0.0497928 0.0445643 0.0390616 0.0333555 0.0275528 0.0218256 0.0164159 0.0116016 0.00762475
#obs surv len freq
 nan nan nan nan nan nan nan nan nan nan nan nan nan nan nan nan nan nan nan nan nan nan nan nan nan
 0.00448449 0.00734587 0.011176 0.0159927 0.021694 0.0279701 0.0342847 0.0400163 0.0446957 0.0481591 0.0505163 0.0520114 0.0529029 0.0534146 0.0537283 0.0539827 0.054261 0.0545535 0.0546922 0.054284 0.0527221 0.0493543 0.0438043 0.0362847 0.0276687
 0.00461335 0.00755748 0.0114981 0.0164514 0.0223073 0.0287384 0.0351805 0.0409818 0.0456512 0.049018 0.0512022 0.052469 0.0531039 0.0533576 0.0534349 0.0534897 0.0536114 0.0537899 0.0538534 0.053407 0.0518454 0.0485209 0.0430585 0.0356643 0.0271945
 0.00477556 0.00782274 0.0119003 0.0170231 0.0230738 0.0297074 0.0363311 0.0422592 0.0469712 0.0502808 0.0523065 0.053325 0.053643 0.0535397 0.0532515 0.0529623 0.052785 0.0527235 0.052613 0.0520627 0.0504723 0.0471992 0.0418678 0.0346701 0.0264333
 0.0049726 0.0081439 0.0123852 0.0177094 0.0239899 0.0308615 0.0376995 0.0437816 0.048558 0.0518277 0.0537089 0.0544864 0.0544793 0.0539845 0.0532621 0.0525253 0.0519187 0.0514771 0.0510618 0.0503039 0.0486214 0.0453835 0.0402132 0.0332797 0.0253647
 0.00517774 0.00848183 0.012902 0.0184509 0.0249926 0.0321385 0.0392262 0.0454906 0.0503491 0.0535865 0.0553245 0.0558601 0.0555268 0.0546347 0.0534581 0.0522287 0.0511165 0.0501892 0.049348 0.0482667 0.0464034 0.0431558 0.0381512 0.0315293 0.0240111
 0.00541622 0.00887039 0.0134886 0.0192813 0.0261024 0.0335403 0.0408952 0.0473585 0.0523119 0.0555229 0.0571138 0.0573946 0.0567163 0.0554068 0.0537557 0.0520084 0.0503509 0.0488763 0.0475251 0.0460251 0.0438942 0.04058 0.0357277 0.0294482 0.0223892
 0.00565229 0.00925872 0.0140815 0.0201302 0.0272481 0.0349969 0.0426344 0.0493047 0.0543535 0.0575342 0.0589749 0.0590011 0.057981 0.0562578 0.054134 0.0518661 0.0496524 0.0476054 0.0457009 0.0437218 0.041257 0.0378202 0.0330903 0.0271559 0.0205865
 0.00589374 0.00965377 0.014681 0.0209837 0.028395 0.0364525 0.0443742 0.0512579 0.0564117 0.0595709 0.0608656 0.0606365 0.0592717 0.057134 0.0545416 0.0517613 0.0489997 0.0463826 0.0439148 0.0414316 0.0385955 0.034996 0.0303573 0.0247552 0.0186823
 0.00611495 0.010019 0.0152412 0.02179 0.029489 0.0378506 0.0460519 0.0531443 0.0584003 0.06154 0.0626976 0.0622285 0.0605385 0.0580073 0.0549677 0.0516973 0.0484111 0.045246 0.0422306 0.0392473 0.0360293 0.0322436 0.0276672 0.0223708 0.0167762
 0.006368 0.0104293 0.0158568 0.0226552 0.0306365 0.0392888 0.0477512 0.0550315 0.0603673 0.0634638 0.0644599 0.0637282 0.0616972 0.0587678 0.0552893 0.0515502 0.0477708 0.0440954 0.0405709 0.0371197 0.0335393 0.0295717 0.0250479 0.0200394 0.014904
 0.00660956 0.0108273 0.0164652 0.0235262 0.0318094 0.0407714 0.0495036 0.0569619 0.0623483 0.0653594 0.06615 0.0651199 0.0627248 0.0593888 0.0554778 0.0512903 0.0470522 0.0429122 0.0389305 0.0350621 0.0311599 0.0270332 0.0225641 0.0178275 0.0131245
 0.00684175 0.0112081 0.0170445 0.0243528 0.0329212 0.0421806 0.05118 0.0588264 0.0642819 0.067225 0.0678159 0.0664774 0.0636973 0.0599324 0.0555759 0.0509439 0.0462696 0.0417049 0.0373188 0.0330904 0.0289176 0.0246661 0.0202621 0.0157837 0.0114816
 0.00709059 0.0116149 0.0176605 0.0252261 0.0340864 0.0436424 0.0528977 0.0607093 0.0662026 0.0690446 0.0694071 0.0677385 0.064557 0.0603501 0.055539 0.0504617 0.0453652 0.0404088 0.0356688 0.0311422 0.0267605 0.0224329 0.0181196 0.0138985 0.00997497
 0.00727894 0.0119298 0.0181506 0.0259417 0.0350688 0.0449067 0.0544158 0.0624041 0.0679592 0.0707328 0.0709039 0.0689424 0.0653942 0.060776 0.0555359 0.0500343 0.0445353 0.0392105 0.0341481 0.0293621 0.0248111 0.0204367 0.0162223 0.0122412 0.00865737
 0.00743723 0.0121872 0.0185386 0.0264912 0.0358057 0.0458448 0.0555466 0.0636906 0.069336 0.0721136 0.0721924 0.0700439 0.0662266 0.0612774 0.0556696 0.0497879 0.0439176 0.0382479 0.0328836 0.0278583 0.023155 0.018741 0.0146152 0.0108427 0.00754932
 0.00751268 0.0123139 0.0187369 0.0267833 0.0362122 0.0463789 0.0562086 0.064465 0.0701947 0.0730199 0.0731032 0.0709086 0.0669865 0.0618689 0.0560317 0.0498719 0.0436945 0.037713 0.032058 0.0267905 0.0219211 0.017442 0.0133644 0.00974453 0.00667525
 0.00761841 0.0124746 0.0189584 0.027065 0.0365493 0.0467662 0.0566418 0.0649398 0.0707045 0.0735542 0.0736472 0.0714423 0.067484 0.0622967 0.0563484 0.0500313 0.0436532 0.0374401 0.0315455 0.02606 0.0210271 0.0164666 0.0124045 0.0088907 0.00599049
 0.00765309 0.0125318 0.0190457 0.027189 0.0367133 0.0469674 0.0568704 0.0651818 0.0709485 0.0737982 0.0738992 0.0717143 0.0677816 0.0626109 0.0566524 0.0502835 0.043804 0.0374426 0.0313669 0.0256936 0.0204989 0.0158342 0.0117452 0.00828242 0.00549093
 0.0077261 0.0126382 0.0191831 0.0273479 0.036881 0.0471327 0.0570272 0.0653292 0.071087 0.0739277 0.0740194 0.0718279 0.067895 0.0627318 0.0567827 0.0504123 0.0439052 0.0374788 0.0313005 0.0255006 0.0201805 0.0154211 0.0112912 0.007848 0.00512509
 0.00775038 0.012679 0.0192466 0.027439 0.0370002 0.0472731 0.0571733 0.06546 0.0711849 0.0739861 0.0740462 0.0718402 0.0679116 0.062766 0.0568397 0.0504879 0.043985 0.0375385 0.0313099 0.0254328 0.0200232 0.0151847 0.0110078 0.00756069 0.00487328
 0.00781463 0.0127734 0.0193702 0.0275848 0.0371581 0.0474332 0.0573278 0.0656025 0.0713071 0.0740775 0.0740963 0.0718443 0.0678748 0.0627028 0.0567689 0.0504252 0.0439364 0.0374981 0.0312616 0.0253562 0.019903 0.0150191 0.0108112 0.0073592 0.0046937
 0.00784805 0.0128272 0.0194495 0.0276928 0.0372936 0.0475885 0.0574878 0.0657473 0.0714187 0.0741458 0.0741214 0.0718332 0.0678365 0.0626457 0.0567006 0.0503536 0.0438687 0.0374371 0.0312032 0.0252903 0.0198183 0.0149103 0.0106833 0.00722614 0.00457265
 0.00787491 0.0128699 0.019512 0.0277781 0.037403 0.0477209 0.0576379 0.0659044 0.0715674 0.0742685 0.0742029 0.071865 0.0678187 0.0625864 0.0566123 0.0502496 0.0437605 0.0373326 0.0311054 0.0251972 0.019725 0.0148128 0.0105821 0.00712741 0.00448519
 0.00788503 0.0128809 0.0195189 0.0277736 0.0373807 0.0476793 0.0575837 0.0658518 0.0715334 0.0742662 0.0742364 0.0719281 0.0678979 0.0626658 0.0566793 0.0502976 0.0437887 0.0373437 0.0311028 0.0251829 0.0196993 0.0147757 0.0105355 0.00707632 0.00443633
 0.00786646 0.012849 0.0194674 0.0276959 0.0372709 0.0475349 0.0574091 0.0656602 0.0713464 0.0741106 0.0741383 0.0719056 0.0679556 0.0627931 0.0568536 0.0504917 0.0439782 0.0375116 0.0312401 0.0252866 0.01977 0.0148163 0.010551 0.00707371 0.00442356
 0.00787882 0.0128619 0.0194737 0.0276841 0.0372282 0.0474518 0.0572832 0.065498 0.0711622 0.073924 0.0739714 0.0717807 0.0678914 0.0628001 0.0569309 0.0506258 0.0441469 0.03769 0.0314067 0.0254268 0.019877 0.0148894 0.0105943 0.00709399 0.00442877
 0.00789726 0.0128917 0.0195175 0.0277428 0.0372987 0.0475249 0.0573429 0.0655243 0.0711378 0.0738416 0.0738381 0.0716169 0.0677247 0.0626585 0.0568359 0.0505883 0.0441651 0.0377513 0.031492 0.0255168 0.0199564 0.0149498 0.0106338 0.00711543 0.00443738
 0.00789234 0.0128847 0.019509 0.0277343 0.0372926 0.0475239 0.0573487 0.0655365 0.0711513 0.0738475 0.0738254 0.0715779 0.0676597 0.0625778 0.056757 0.0505302 0.0441415 0.0377662 0.0315395 0.0255836 0.0200272 0.0150122 0.0106809 0.0071459 0.00445412
 0.00786488 0.0128378 0.0194348 0.027625 0.0371441 0.0473398 0.0571438 0.0653354 0.0709829 0.0737356 0.0737812 0.0715976 0.0677283 0.0626756 0.0568677 0.0506451 0.0442595 0.0378897 0.0316687 0.025714 0.0201504 0.0151187 0.0107641 0.00720439 0.00449079
 0.00785631 0.0128214 0.0194052 0.0275755 0.0370673 0.0472301 0.0570002 0.0651642 0.0707985 0.0735591 0.073637 0.0715065 0.067702 0.0627129 0.0569562 0.050767 0.0443981 0.0380332 0.0318104 0.0258495 0.0202746 0.0152261 0.01085 0.00726691 0.00453183
 0.00782604 0.0127719 0.0193303 0.0274695 0.0369263 0.0470542 0.0567954 0.0649429 0.070578 0.0733588 0.0734756 0.0714008 0.0676642 0.0627488 0.0570626 0.0509313 0.0446008 0.038253 0.0320287 0.0260523 0.0204528 0.015374 0.0109651 0.00735001 0.00458676
 0.00777748 0.0126947 0.0192175 0.027316 0.0367305 0.0468195 0.0565323 0.0646693 0.0703166 0.0731328 0.0733047 0.0712987 0.0676384 0.0628011 0.057189 0.0511218 0.0448397 0.03852 0.0323017 0.0263111 0.0206818 0.0155635 0.0111114 0.00745482 0.00465588
 0.00775182 0.012649 0.0191415 0.0271983 0.0365616 0.0465967 0.056264 0.0643755 0.0700249 0.0728719 0.0730984 0.0711636 0.0675831 0.0628274 0.0572929 0.0512941 0.0450668 0.0387839 0.0325815 0.0265851 0.0209308 0.0157736 0.0112757 0.00757336 0.0047344
 0.00774186 0.0126289 0.019104 0.0271335 0.0364589 0.0464479 0.0560669 0.0641364 0.0697594 0.0726029 0.0728531 0.0709681 0.0674584 0.0627853 0.0573356 0.0514153 0.0452534 0.0390184 0.032843 0.0268513 0.0211805 0.0159899 0.0114483 0.00769983 0.00481912
 0.00769219 0.0125535 0.0190002 0.0270021 0.0363026 0.0462704 0.0558718 0.0639283 0.0695451 0.0723926 0.0726607 0.0708104 0.0673524 0.0627458 0.0573712 0.0515268 0.0454332 0.0392514 0.0331089 0.0271273 0.0214439 0.0162215 0.0116357 0.00783885 0.00491319
 0.00768865 0.0125414 0.0189706 0.0269435 0.0362049 0.0461302 0.0556961 0.0637336 0.0693515 0.0722164 0.0725106 0.0706893 0.0672623 0.0626914 0.0573604 0.051568 0.0455305 0.0394019 0.0333015 0.027344 0.0216634 0.0164236 0.0118052 0.00796814 0.00500266
 0.00765484 0.012493 0.0189095 0.0268743 0.0361322 0.0460544 0.0556126 0.0636347 0.0692326 0.0720813 0.0723718 0.0705637 0.0671647 0.0626308 0.0573409 0.0515911 0.0455972 0.0395114 0.0334487 0.0275179 0.0218478 0.0166002 0.0119584 0.00808826 0.00508769
 0.00763518 0.0124598 0.0188576 0.0267993 0.0360329 0.0459352 0.0554846 0.0635129 0.0691301 0.072003 0.0723145 0.07052 0.0671299 0.0626063 0.0573332 0.0516077 0.0456439 0.0395907 0.0335589 0.0276526 0.0219957 0.016747 0.0120899 0.00819445 0.0051648
 0.00761942 0.0124366 0.0188268 0.026762 0.0359898 0.0458862 0.0554282 0.0634483 0.0690587 0.0719303 0.0722479 0.0704659 0.0670908 0.0625812 0.0573204 0.0516079 0.0456609 0.0396291 0.0336215 0.0277379 0.0220973 0.0168541 0.0121908 0.00827941 0.00522867
 0.0076071 0.0124157 0.0187942 0.0267146 0.0359261 0.045808 0.055341 0.0633608 0.0689796 0.0718659 0.0722006 0.0704354 0.0670761 0.0625814 0.0573343 0.0516344 0.0456993 0.0396798 0.0336857 0.0278154 0.0221848 0.0169453 0.012277 0.00835285 0.00528474
 0.00759393 0.0123958 0.0187667 0.0266794 0.0358837 0.0457584 0.0552846 0.0632985 0.0689144 0.0718028 0.0721457 0.0703943 0.0670521 0.0625751 0.0573442 0.0516583 0.0457352 0.0397264 0.0337422 0.0278807 0.0222566 0.0170192 0.0123471 0.0084132 0.00533152
 0.00756466 0.0123509 0.0187044 0.0266001 0.0357901 0.0456557 0.05518 0.0632004 0.0688311 0.0717401 0.0721066 0.0703792 0.0670598 0.0626037 0.0573913 0.0517205 0.0458087 0.0398075 0.0338275 0.0279676 0.0223422 0.0170999 0.012419 0.00847268 0.00537651
 0.00756989 0.0123549 0.0187023 0.0265848 0.0357547 0.0455966 0.0550995 0.0631072 0.0687371 0.071657 0.0720424 0.0703375 0.0670407 0.0626052 0.0574109 0.0517558 0.045857 0.0398659 0.033893 0.0280368 0.0224117 0.017166 0.012478 0.00852151 0.00541356
 0.00755096 0.0123308 0.0186779 0.0265678 0.0357521 0.0456099 0.0551223 0.0631264 0.0687391 0.0716342 0.0719972 0.0702797 0.066983 0.0625582 0.0573806 0.051744 0.0458627 0.0398867 0.0339259 0.0280783 0.0224578 0.0172128 0.0125214 0.00855839 0.00544205
 0.00753015 0.0122957 0.0186233 0.0264897 0.0356502 0.0454912 0.0550015 0.0630233 0.0686706 0.0716073 0.0720062 0.0703112 0.0670237 0.0626008 0.0574243 0.0517916 0.0459169 0.0399483 0.0339931 0.0281479 0.022526 0.0172756 0.0125756 0.00860178 0.005474
 0.00750366 0.012252 0.0185562 0.0263933 0.0355202 0.0453273 0.0548107 0.0628209 0.0684797 0.0714537 0.0719114 0.0702865 0.0670665 0.0626971 0.0575549 0.0519386 0.0460679 0.040096 0.0341335 0.0282778 0.0226422 0.0173749 0.0126558 0.00866246 0.00551649
 0.00749973 0.0122451 0.0185447 0.0263749 0.0354915 0.0452844 0.0547493 0.0627382 0.0683762 0.0713354 0.0717909 0.0701807 0.0669929 0.0626678 0.0575727 0.0519971 0.046155 0.0401983 0.0342402 0.0283811 0.0227368 0.0174571 0.0127231 0.00871385 0.00555274
 0.00750485 0.0122525 0.0185542 0.0263854 0.0355013 0.0452908 0.0547491 0.0627273 0.0683502 0.0712908 0.0717265 0.0701004 0.0669058 0.0625874 0.0575134 0.0519692 0.0461615 0.0402352 0.0342983 0.0284499 0.022807 0.0175217 0.0127778 0.00875638 0.00558311
 0.00749952 0.0122473 0.0185527 0.0263926 0.0355221 0.0453272 0.0547982 0.0627811 0.0683978 0.0713212 0.0717318 0.0700769 0.066855 0.0625159 0.0574326 0.0518928 0.0461023 0.0402012 0.0342909 0.0284648 0.0228363 0.0175571 0.0128122 0.00878552 0.00560501
 0.00749952 0.0122473 0.0185527 0.0263926 0.0355221 0.0453272 0.0547982 0.0627811 0.0683978 0.0713212 0.0717318 0.0700769 0.066855 0.0625159 0.0574326 0.0518928 0.0461023 0.0402012 0.0342909 0.0284648 0.0228363 0.0175571 0.0128122 0.00878552 0.00560501
 0.0071013 0.0116142 0.0176295 0.0251463 0.0339579 0.0435093 0.0528645 0.0609348 0.0668659 0.0702954 0.0713196 0.0702849 0.067604 0.063673 0.058846 0.0534206 0.047629 0.0416434 0.0355936 0.0295943 0.0237746 0.0182996 0.0133672 0.00917388 0.00585708
 0.00705215 0.0114894 0.0173591 0.0246379 0.0331211 0.0422933 0.0512947 0.0591262 0.0650063 0.0686054 0.0700082 0.0695094 0.0674428 0.0641148 0.0597991 0.0547399 0.049151 0.0432159 0.0370951 0.0309398 0.0249134 0.0192099 0.0140515 0.00965417 0.00616937
 0.00697277 0.0113698 0.0171931 0.0244167 0.0328229 0.0418739 0.050689 0.0582694 0.0638712 0.0672397 0.0685471 0.0681536 0.0664062 0.0635667 0.0598214 0.055313 0.0501686 0.0445195 0.0385133 0.0323215 0.0261468 0.020229 0.014833 0.0102092 0.00653281
 0.00703302 0.0114647 0.0173299 0.0245992 0.0330484 0.0421281 0.0509384 0.0584542 0.0639065 0.0670317 0.0680258 0.0673132 0.0653316 0.0624263 0.0588232 0.0546397 0.0499228 0.0447013 0.0390345 0.0330444 0.0269286 0.0209547 0.0154317 0.0106548 0.00683332
 0.00707628 0.0115525 0.0174937 0.0248764 0.0334707 0.0427034 0.0516352 0.0591988 0.0645952 0.0675507 0.068271 0.0672065 0.0648414 0.0615876 0.0577487 0.0535042 0.0489182 0.0439791 0.038663 0.0329998 0.0271199 0.0212663 0.0157621 0.0109378 0.00704137
 0.00713104 0.0116451 0.0176405 0.0250977 0.0337888 0.0431386 0.0521975 0.0598778 0.0653505 0.0683085 0.06893 0.0676545 0.0649797 0.061358 0.0571548 0.0526222 0.0478875 0.0429694 0.037826 0.0324257 0.0268198 0.0211858 0.015816 0.0110458 0.00714876
 0.00710209 0.0116105 0.017612 0.0250949 0.0338364 0.04326 0.0524098 0.0601894 0.0657604 0.0688035 0.0694789 0.0682022 0.065447 0.0616543 0.0572027 0.0523865 0.0473957 0.0423121 0.0371319 0.0318199 0.0263835 0.0209383 0.0157239 0.0110503 0.00719404
 0.00715108 0.0116849 0.0177145 0.0252263 0.0339969 0.043452 0.0526381 0.0604592 0.0660734 0.0691541 0.0698527 0.0685756 0.0657861 0.0619142 0.0573302 0.0523318 0.0471327 0.0418577 0.0365518 0.0312117 0.0258443 0.020532 0.0154666 0.0109179 0.00714405
 0.00713258 0.0116617 0.0176923 0.0252141 0.0340048 0.0434871 0.0527027 0.0605516 0.0661926 0.0693034 0.0700386 0.0688021 0.0660474 0.0621887 0.0575795 0.0525068 0.0471862 0.0417621 0.0363139 0.0308767 0.0254816 0.0202092 0.0152264 0.0107689 0.00706898
 0.00703379 0.0114981 0.0174421 0.024859 0.0335384 0.0429263 0.0520948 0.0599713 0.0657235 0.069015 0.0699695 0.0689564 0.0664008 0.0626971 0.058185 0.0531413 0.0477788 0.0422505 0.0366592 0.0310737 0.025558 0.0202124 0.0152027 0.010749 0.00706337
 0.00707372 0.0115544 0.0175097 0.0249253 0.0335834 0.0429252 0.0520235 0.059814 0.0654827 0.0687176 0.0696647 0.0687032 0.0662506 0.062679 0.058299 0.0533607 0.0480566 0.0425307 0.0368908 0.0312242 0.0256222 0.0202095 0.0151645 0.0107047 0.00703007
 0.00701578 0.0114665 0.0173892 0.0247734 0.0334041 0.0427231 0.0518027 0.0595779 0.0652352 0.0684661 0.0694237 0.0684972 0.0661126 0.0626432 0.0583892 0.0535795 0.0483809 0.0429152 0.0372799 0.0315672 0.0258867 0.0203875 0.015269 0.0107586 0.00705559
 0.00698945 0.0114175 0.0173043 0.0246379 0.0332068 0.0424635 0.0514958 0.0592529 0.0649262 0.0682007 0.0692161 0.0683505 0.0660269 0.0626234 0.0584472 0.053728 0.0486228 0.0432356 0.0376447 0.0319313 0.026208 0.0206393 0.0154447 0.0108685 0.00711791
 0.00702423 0.0114722 0.0173824 0.0247391 0.0333242 0.0425813 0.0515893 0.0592936 0.0648912 0.0680829 0.0690276 0.0681172 0.0657796 0.0623902 0.058252 0.0535911 0.0485606 0.0432552 0.0377383 0.0320758 0.0263706 0.0207889 0.0155615 0.010947 0.00716382
#pred catch len freq
 0.00425574 0.00674094 0.00984727 0.0135062 0.0176783 0.0223328 0.0273785 0.0326289 0.0378353 0.0427477 0.0471548 0.0509046 0.0539171 0.0561865 0.0577641 0.0587344 0.0591958 0.0592333 0.0588564 0.0579007 0.055959 0.0524538 0.0469173 0.039366 0.0305049
 0.00442197 0.00694453 0.010034 0.0135938 0.01759 0.0220444 0.0269477 0.0321807 0.0375044 0.0426121 0.0472023 0.0510515 0.0540646 0.0562772 0.0578104 0.0588064 0.0593771 0.0595658 0.0593016 0.0583418 0.0562479 0.0524823 0.0466704 0.0389253 0.0300019
 0.00461826 0.00725386 0.0104761 0.0141667 0.0182558 0.0227172 0.0274998 0.0324787 0.03747 0.0422711 0.046681 0.050514 0.0536307 0.0559803 0.0576173 0.0586728 0.0592901 0.0595414 0.0593477 0.0584216 0.0562794 0.0523789 0.0463932 0.038509 0.0295351
 0.00480884 0.00755652 0.0109195 0.0147756 0.0190485 0.0236977 0.0286404 0.0337 0.0386332 0.0431993 0.0472142 0.0505746 0.0532592 0.0553124 0.0568158 0.057863 0.0585358 0.0588603 0.0587335 0.0578523 0.0557174 0.0517839 0.0457487 0.0378419 0.0289075
