SBPRF35
12.7214
Curr Bio
783214
B35
866310
F35
0.169832
FOFL
0.151532
OFL
97043.3
Bzero
3.63469e+06
#pred survey bio
 3.65274e+06 3.5411e+06 3.43598e+06 3.27713e+06 3.08432e+06 2.85385e+06 2.59032e+06 2.3264e+06 2.08209e+06 1.83954e+06 1.6417e+06 1.44469e+06 1.28788e+06 1.1521e+06 1.02591e+06 924261 829200 735908 680346 642267 617123 590156 571337 571867 565869 562480 553538 550968 556607 547104 551823 570587 577945 586533 597528 617977 631211 644214 666936 668861 678559 692664 700572 701899 713878 726300 738409 741743 729663 731824 742092 739402 735205 766242 797838 812236 852243 861685 856133 828357 809033 792809 774211 788620 2.73899e+07 1.6125e+07 1.62e+07 1.7011e+07 1.83436e+07 1.9907e+07 2.14733e+07 2.29034e+07 2.41326e+07 2.51463e+07 2.59586e+07 2.65966e+07 2.70908e+07 2.74701e+07 2.77596e+07 2.79801e+07 2.81478e+07 2.82757e+07 2.83733e+07 2.84481e+07 2.85057e+07 2.85502e+07 2.85848e+07 2.86118e+07 2.8633e+07 2.86497e+07 2.86629e+07 2.86733e+07 2.86817e+07 2.86883e+07 2.86936e+07 2.86979e+07 2.87013e+07 2.87041e+07 2.87064e+07 2.87082e+07 2.87097e+07 2.87109e+07 2.87119e+07 2.87127e+07 2.87133e+07 2.87139e+07 2.87143e+07 2.87147e+07 2.8715e+07 2.87152e+07 2.87154e+07 2.87155e+07 2.87157e+07 2.87158e+07 2.87159e+07 2.87159e+07 2.8716e+07 2.8716e+07 2.87161e+07 2.87161e+07 2.87161e+07 2.87162e+07 2.87162e+07 2.87162e+07 2.87162e+07 2.87162e+07 2.87162e+07 2.87162e+07 2.87162e+07 2.87162e+07 2.87162e+07 2.87162e+07 2.87163e+07 2.87163e+07 2.87163e+07 2.87163e+07 2.87163e+07 2.87163e+07 2.87163e+07 2.87163e+07 2.87163e+07 2.87163e+07 2.87163e+07 2.87163e+07 2.87163e+07 2.87163e+07 2.87163e+07 2.87163e+07 2.87163e+07 2.87163e+07 2.87163e+07 2.87163e+07 2.87163e+07 2.87163e+07 2.87163e+07 2.87163e+07 2.87163e+07 2.87163e+07 2.87163e+07 2.87163e+07 2.87163e+07 2.87163e+07 2.87163e+07 2.87163e+07 0 0 0 0 0 0 0 0 0 0 0 0 0 0 0 0 0 0 0 0 0 0 0 0 0
#obs survey bio
 3.3756e+06 3.8429e+06 2.64664e+06 3.28739e+06 3.53866e+06 4.23759e+06 2.51542e+06 2.16111e+06 2.1592e+06 1.57685e+06 1.54584e+06 1.13941e+06 801637 847981 1.0337e+06 973972 717411 694471 681502 526392 720331 622928 471362 491231 674570 486425 596597 616332 492961 563699 571871 583800 724625 698666 547194 597402 798687 696137 1.01189e+06 496479 621734 597745 670723 711807 739986 585611 714505 901988 846757 714987 765452 618907 584348 977017 590619 620100 913754 1.19904e+06 939492 627059 754132 736341 865457 696690
#pred catch bio
 97119.7 95625.4 151635 192722 239897 284440 299350 295225 305961 276498 284836 256062 242996 237434 216207 208546 202677 165846 147933 134375 133209 123718 106638 112326 109813 113848 107616 100573 112513 99189.3 87665.8 97843 96826.8 95169.5 88248.6 95748 97133.1 90557.5 109298 103101 100531 106648 111954 102468 102378 103125 110702 122707 109352 102750 114349 115745 87230.5 89411.7 105141 83854.6 109956 120332 136155 126123 122051 122383 91471.2 104508 97043.3 105693 104782 108507 116416 126160 135957 144808 152286 158316 163017 166589 169250 171204 172621 173639 174366 174881 175244 175499 175678 175803 175890 175950 175993 176022 176042 176056 176066 176072 176077 176080 176082 176084 176085 176086 176086 176087 176087 176087 176087 176087 176087 176087 176087 176087 176087 176087 176087 176087 176087 176087 176087 176087 176087 176087 176087 176087 176087 176087 176087 176087 176087 176087 176087 176087 176087 176087 176087 176087 176087 176087 176087 176087 176087 176087 176087 176087 176087 176087 176087 176087 176087 176087 176087 176087 176087 176087 176087 176087 176087 176087 176087 176087 176087 176087 176087 176087 176087 176087 0 0 0 0 0 0 0 0 0 0 0 0 0 0 0 0 0 0 0 0 0 0 0 0 0
#obs catch bio
 0 95248.9 151951 192751 240164 285171 299580 295264 305106 275369 284178 255922 243809 239578 217105 209068 203515 166237 149042 135678 134090 124730 107004 113282 110481 115047 108691 101161 114212 100056 88106 98227.3 96969.2 95534.9 88490.2 95899.4 97272.4 90792.3 109342 103563 100677 107211 112472 102566 102143 103085 110500 122688 108932 102287 113871 115879 87125 89382.3 105949 83745.4 110466 119998 135933 125503 121587 122873 91232.8 104612
#pred cpue bio
 3.60015e+06 3.49035e+06 3.38675e+06 3.22854e+06 3.03618e+06 2.80654e+06 2.54436e+06 2.28196e+06 2.03912e+06 1.79815e+06 1.60138e+06 1.40569e+06 1.24983e+06 1.11498e+06 990136 889924 796610 705320 650998 613931 589623 563579 545345 545768 539860 536551 527899 525498 531105 522095 526972 545496 552842 561289 572079 592086 605002 617588 639729 641642 651037 664761 672572 674107 686053 698320 710183 713518 701878 704085 714090 711341 707048 737275 768390 782804 822272 832051 827098 800094 781043 765028 747052 762149 2.65289e+07 1.56349e+07 1.55506e+07 1.61654e+07 1.74202e+07 1.89628e+07 2.05245e+07 2.19536e+07 2.31826e+07 2.41962e+07 2.50086e+07 2.56465e+07 2.61407e+07 2.652e+07 2.68096e+07 2.703e+07 2.71978e+07 2.73256e+07 2.74232e+07 2.7498e+07 2.75556e+07 2.76002e+07 2.76348e+07 2.76618e+07 2.7683e+07 2.76997e+07 2.77128e+07 2.77233e+07 2.77316e+07 2.77382e+07 2.77435e+07 2.77478e+07 2.77513e+07 2.77541e+07 2.77563e+07 2.77581e+07 2.77596e+07 2.77608e+07 2.77618e+07 2.77626e+07 2.77633e+07 2.77638e+07 2.77642e+07 2.77646e+07 2.77649e+07 2.77651e+07 2.77653e+07 2.77655e+07 2.77656e+07 2.77657e+07 2.77658e+07 2.77659e+07 2.77659e+07 2.7766e+07 2.7766e+07 2.7766e+07 2.77661e+07 2.77661e+07 2.77661e+07 2.77661e+07 2.77661e+07 2.77661e+07 2.77662e+07 2.77662e+07 2.77662e+07 2.77662e+07 2.77662e+07 2.77662e+07 2.77662e+07 2.77662e+07 2.77662e+07 2.77662e+07 2.77662e+07 2.77662e+07 2.77662e+07 2.77662e+07 2.77662e+07 2.77662e+07 2.77662e+07 2.77662e+07 2.77662e+07 2.77662e+07 2.77662e+07 2.77662e+07 2.77662e+07 2.77662e+07 2.77662e+07 2.77662e+07 2.77662e+07 2.77662e+07 2.77662e+07 2.77662e+07 2.77662e+07 2.77662e+07 2.77662e+07 2.77662e+07 2.77662e+07 2.77662e+07 2.77662e+07 2.77662e+07 0 0 0 0 0 0 0 0 0 0 0 0 0 0 0 0 0 0 0 0 0 0 0 0 0
#obs cpue bio
 2.79164e+06 4.07502e+06 3.13295e+06 3.65391e+06 2.30265e+06 1.6923e+06 3.13783e+06 2.38888e+06 2.99315e+06 2.0406e+06 1.73136e+06 1.42449e+06 1.50348e+06 1.04241e+06 1.14757e+06 912806 874910 691533 449710 541130 585012 430272 672449 477772 442598 450308 408065 475612 368762 534522 483617 689737 478287 383716 547944 764209 479934 382851 715910 495086 843218 564035 770522 746162 946989 706928 866151 607241 740273 756018 819934 629871 722038 595910 665363 1.15929e+06 727157 1.07409e+06 797917 1.28257e+06 812503 526847 740882 946382
#pred surv len freq
 0.00505666 0.00815916 0.0121846 0.0170828 0.0227198 0.0288104 0.034886 0.0403996 0.04493 0.0483226 0.0506684 0.0521785 0.0530721 0.0535273 0.053675 0.0536124 0.0534199 0.0531598 0.0528244 0.0522309 0.0509349 0.0482874 0.0437122 0.0370999 0.0290453
 0.00522937 0.00835735 0.0123347 0.0170772 0.0224602 0.028268 0.0341409 0.0396239 0.0443155 0.0479957 0.0506452 0.0523834 0.0533997 0.0539032 0.0540841 0.0540843 0.0539868 0.0538101 0.0534779 0.0527536 0.0511911 0.0482046 0.0433205 0.0365201 0.0284326
 0.00541315 0.0086563 0.0127786 0.0176772 0.0231875 0.029034 0.0347976 0.0400051 0.0443105 0.0476147 0.0500247 0.0517203 0.0528581 0.0535574 0.0539255 0.0540695 0.0540771 0.0539754 0.0536723 0.0528973 0.0511848 0.047975 0.0428653 0.0359173 0.0278051
 0.00559352 0.00894931 0.0132198 0.018301 0.0240205 0.0300815 0.0360235 0.0413132 0.0455434 0.0485831 0.0505655 0.0517616 0.0524518 0.0528546 0.0531073 0.0532777 0.0533826 0.0533848 0.0531497 0.0523815 0.0506073 0.0472874 0.0420694 0.0350752 0.0270146
 0.00576731 0.00923163 0.0136449 0.0189022 0.0248261 0.0311069 0.0372609 0.0427221 0.0470457 0.0500618 0.0518698 0.0527269 0.0529395 0.0528005 0.0525515 0.0523499 0.052249 0.0521866 0.0519657 0.0512273 0.0494622 0.0461324 0.0409191 0.0339857 0.0260643
 0.00594683 0.00952409 0.0140867 0.0195287 0.0256667 0.0321765 0.0385498 0.044191 0.0486284 0.0516718 0.0534046 0.0540678 0.0539544 0.0533614 0.052567 0.0518009 0.0512026 0.0507747 0.0503385 0.0495094 0.0477372 0.0444573 0.0393503 0.0325914 0.0249121
 0.00618713 0.0099055 0.0146441 0.02029 0.0266502 0.0333861 0.0399676 0.0457727 0.0503057 0.0533609 0.0550153 0.0555064 0.0551233 0.0541581 0.0528906 0.0515716 0.0503893 0.0494162 0.0485418 0.0474254 0.045528 0.0422754 0.0373298 0.0308442 0.0235147
 0.00645613 0.0103339 0.0152723 0.0211499 0.0277603 0.0347435 0.0415397 0.0474946 0.0520891 0.0551105 0.0566424 0.0569335 0.0562803 0.0549746 0.0532917 0.0514805 0.0497428 0.0481893 0.0467727 0.045225 0.0430691 0.0397643 0.0349715 0.0288076 0.0219046
 0.00676045 0.0108126 0.0159631 0.0220787 0.028938 0.0361621 0.0431655 0.0492641 0.053914 0.0568912 0.0582822 0.0583491 0.0574039 0.0557508 0.0536693 0.0514056 0.0491598 0.0470555 0.045085 0.0430482 0.0405491 0.0371145 0.0324329 0.0265932 0.0201512
 0.00714138 0.011412 0.0168281 0.0232392 0.0304016 0.0379069 0.0451316 0.0513524 0.0559996 0.0588462 0.0599969 0.0597411 0.0584172 0.0563488 0.0538266 0.0510987 0.0483615 0.0457391 0.0432434 0.040725 0.037866 0.0342745 0.0296875 0.0241808 0.0182338
 0.00745427 0.0119125 0.0175662 0.0242558 0.0317212 0.0395264 0.047007 0.0533947 0.0580852 0.0608396 0.061773 0.0611995 0.0594865 0.0569845 0.054004 0.0508037 0.0475819 0.0444634 0.0414726 0.0384978 0.0352872 0.0315272 0.0270097 0.0218092 0.0163368
 0.00785092 0.0125356 0.0184635 0.0254581 0.0332385 0.0413414 0.0490668 0.055605 0.0603181 0.062952 0.0636283 0.0626833 0.060516 0.0575114 0.0540101 0.0502921 0.0465655 0.0429585 0.0395035 0.0361161 0.0325981 0.0287041 0.0242784 0.0193967 0.0144079
 0.00817695 0.0130549 0.019225 0.0264996 0.0345798 0.0429744 0.0509434 0.057635 0.0623807 0.0649179 0.0653782 0.0641177 0.0615563 0.0580997 0.05411 0.0498881 0.0456602 0.0415694 0.0376644 0.0338886 0.0300893 0.0260777 0.0217414 0.0171565 0.0126151
 0.00837146 0.0133837 0.0197431 0.027266 0.035645 0.0443597 0.0526221 0.0595251 0.0643578 0.0668404 0.0671128 0.0655544 0.0626141 0.058725 0.0542721 0.0495738 0.0448707 0.0403196 0.0359881 0.031849 0.0277924 0.0236785 0.0194298 0.0151191 0.0109863
 0.00856301 0.0136926 0.0202045 0.0279139 0.0365096 0.0454612 0.0539599 0.0610674 0.0660362 0.0685538 0.0687388 0.0669671 0.0637037 0.0594119 0.0545118 0.0493519 0.0441938 0.0392095 0.0344831 0.030013 0.0257266 0.021526 0.0173621 0.0133018 0.00953666
 0.00870175 0.0139172 0.0205411 0.0283871 0.0371391 0.0462569 0.0549154 0.0621579 0.0672215 0.0697832 0.0699534 0.0680988 0.0646747 0.0601409 0.0549251 0.049395 0.0438381 0.0384538 0.0333536 0.0285662 0.0240548 0.019758 0.0156495 0.0117896 0.00832726
 0.00885136 0.01416 0.0209053 0.0288984 0.037815 0.0470984 0.0558994 0.0632349 0.0683246 0.0708424 0.0709093 0.0689075 0.065305 0.0605668 0.0551187 0.0493258 0.0434778 0.0377856 0.0323828 0.0273296 0.0226266 0.0182478 0.0141879 0.0105008 0.00729816
 0.00911435 0.0145674 0.0214811 0.0296514 0.0387384 0.0481689 0.0570744 0.0644507 0.0695007 0.071894 0.071762 0.0695095 0.0656323 0.0606212 0.0549186 0.0488935 0.0428298 0.0369313 0.0313328 0.0261093 0.0212888 0.016876 0.0128855 0.00936701 0.006401
 0.00921433 0.0147248 0.0217085 0.0299577 0.0391282 0.0486416 0.0576224 0.0650583 0.0701453 0.0725479 0.072393 0.0700809 0.0661044 0.0609555 0.0550843 0.0488711 0.0426112 0.0365172 0.0307317 0.0253422 0.0203969 0.0159244 0.0119566 0.0085423 0.00573933
 0.00925761 0.0147909 0.0218005 0.0300765 0.039274 0.0488154 0.057827 0.0652981 0.0704244 0.0728679 0.0727506 0.070465 0.0664942 0.0613197 0.0553845 0.0490673 0.0426691 0.0364135 0.0304582 0.0249091 0.019835 0.0152859 0.0113081 0.00795125 0.00525644
 0.00928095 0.0148217 0.0218338 0.0301036 0.0392858 0.048807 0.0578021 0.0652701 0.0704139 0.0728985 0.0728429 0.0706313 0.066734 0.0616174 0.0557092 0.0493769 0.0429166 0.0365559 0.0304653 0.0247703 0.0195639 0.0149193 0.0108994 0.0075573 0.00492284
 0.00941455 0.0150199 0.0220963 0.0304165 0.0396234 0.0491374 0.058092 0.0654896 0.0705424 0.0729304 0.0727912 0.0705248 0.0666087 0.0615056 0.0556302 0.0493316 0.0428878 0.036514 0.030378 0.0246136 0.0193317 0.0146269 0.0105799 0.00725066 0.00466296
 0.00961704 0.0153174 0.0224846 0.0308702 0.0401016 0.0495941 0.0584848 0.0657844 0.0707156 0.0729714 0.0727054 0.0703337 0.0663464 0.061212 0.0553427 0.0490768 0.0426757 0.0363371 0.0302157 0.0244419 0.0191341 0.0144019 0.0103419 0.00702365 0.00446991
 0.00958198 0.0152751 0.0224476 0.030857 0.0401297 0.0496694 0.058595 0.0659017 0.0708089 0.0730206 0.0727084 0.0703038 0.0663033 0.0611738 0.0553219 0.0490795 0.0427016 0.0363785 0.0302575 0.0244655 0.0191232 0.0143501 0.010256 0.00692053 0.00436943
 0.00958774 0.0152861 0.0224676 0.0308922 0.0401888 0.0497627 0.0587308 0.066081 0.0710192 0.0732339 0.0728869 0.0704128 0.0663247 0.0611123 0.0552004 0.0489293 0.0425505 0.0362441 0.0301452 0.0243702 0.0190349 0.0142603 0.0101625 0.00682841 0.0042872
 0.00955725 0.0152414 0.0224098 0.0308258 0.0401216 0.0497046 0.0586932 0.0660758 0.0710571 0.0733207 0.0730184 0.0705722 0.0664846 0.0612434 0.0552821 0.0489562 0.0425326 0.0361991 0.0300897 0.0243139 0.0189801 0.0142053 0.0101061 0.0067725 0.00423641
 0.0095506 0.0152358 0.0224107 0.0308416 0.0401605 0.0497715 0.0587866 0.0661875 0.071175 0.0734333 0.0731177 0.0706538 0.0665457 0.0612796 0.055287 0.0489245 0.0424641 0.0361011 0.0299753 0.0241972 0.0188717 0.0141104 0.0100261 0.00670716 0.00418545
 0.00956886 0.0152521 0.0224111 0.0308068 0.0400733 0.0496272 0.0586004 0.0659932 0.0710134 0.0733371 0.0731019 0.0707145 0.0666657 0.0614356 0.0554553 0.0490833 0.0425964 0.0361968 0.0300323 0.0242207 0.0188707 0.0140945 0.010003 0.00668255 0.00416298
 0.00939089 0.0149952 0.0220841 0.0304365 0.0396951 0.0492705 0.0582798 0.0657117 0.0707745 0.0731559 0.0730055 0.0707314 0.0668108 0.061701 0.055811 0.0494867 0.0430035 0.0365711 0.0303499 0.0244707 0.0190537 0.0142188 0.0100807 0.00672637 0.00418456
 0.00938865 0.0149844 0.0220554 0.0303799 0.0396049 0.0491527 0.0581543 0.0656054 0.0707079 0.0731308 0.0730054 0.0707349 0.0668075 0.0616981 0.0558262 0.0495348 0.0430863 0.0366771 0.0304608 0.0245694 0.0191297 0.0142694 0.0101092 0.00673899 0.00418773
 0.00939426 0.0149733 0.0220016 0.0302475 0.0393586 0.048774 0.0576567 0.0650391 0.0701496 0.0726638 0.0726966 0.0706175 0.0668767 0.0619194 0.0561524 0.0499212 0.0434975 0.0370856 0.0308434 0.0249064 0.0194068 0.0144808 0.0102579 0.00683497 0.00424428
 0.00930013 0.0148241 0.0217838 0.0299489 0.0389689 0.0482863 0.0570726 0.0643766 0.0694501 0.0719936 0.072139 0.0702549 0.0667675 0.0620805 0.0565549 0.0505017 0.0441781 0.0377926 0.0315175 0.0255058 0.0199063 0.0148701 0.0105403 0.00702456 0.00436122
 0.00929255 0.0148132 0.0217692 0.0299298 0.0389419 0.0482427 0.0569969 0.0642476 0.0692468 0.0717041 0.0717713 0.0698439 0.0663728 0.0617727 0.0563941 0.0505181 0.0443635 0.0381063 0.0319021 0.0259038 0.020272 0.0151745 0.0107718 0.00718537 0.0044631
 0.00925751 0.0147591 0.0216935 0.0298324 0.0388257 0.0481132 0.0568618 0.0641142 0.0691183 0.0715767 0.0716349 0.0696882 0.0661976 0.0615957 0.0562508 0.0504508 0.0444048 0.0382647 0.0321575 0.0262154 0.0205922 0.0154632 0.0110043 0.00735396 0.00457351
 0.00924129 0.0147268 0.0216341 0.0297328 0.0386749 0.0479085 0.0566136 0.0638466 0.0688625 0.0713616 0.071478 0.069592 0.0661521 0.0615863 0.0562682 0.0504979 0.0444954 0.0384139 0.03237 0.026478 0.0208762 0.0157344 0.0112344 0.00752848 0.00469207
 0.00919946 0.0146538 0.021515 0.0295509 0.0384153 0.0475652 0.0561959 0.0633823 0.0683956 0.0709437 0.0711578 0.0694048 0.0661117 0.0616832 0.0564751 0.0507806 0.0448242 0.0387694 0.0327406 0.0268526 0.0212383 0.0160626 0.0115087 0.00773732 0.00483579
 0.00920806 0.0146681 0.0215364 0.0295785 0.0384439 0.0475819 0.0561804 0.0633107 0.0682492 0.0707194 0.070874 0.0690989 0.0658306 0.0614693 0.0563554 0.0507618 0.0448961 0.0389126 0.0329338 0.0270759 0.0214726 0.0162884 0.0117076 0.00789619 0.00495004
 0.00914937 0.0145856 0.0214363 0.0294748 0.0383543 0.0475216 0.0561552 0.0633144 0.0682645 0.0707225 0.0708423 0.06902 0.0657087 0.0613265 0.0562247 0.050676 0.0448769 0.0389656 0.0330502 0.0272375 0.0216574 0.0164745 0.011876 0.00803375 0.00505116
 0.00903945 0.0144101 0.0211794 0.0291271 0.0379186 0.0470192 0.0556306 0.0628299 0.0678848 0.0704943 0.0707795 0.0691033 0.0658974 0.0615766 0.0565028 0.0509659 0.0451762 0.0392773 0.0333738 0.0275645 0.0219724 0.0167594 0.0121156 0.00821924 0.00518242
 0.00909075 0.0144893 0.0212896 0.0292661 0.0380762 0.0471758 0.0557581 0.0628983 0.0678727 0.0703992 0.0706205 0.0689123 0.0657056 0.0614035 0.0563551 0.0508436 0.0450803 0.0392132 0.0333487 0.0275816 0.0220271 0.0168391 0.012204 0.00830126 0.00524819
 0.00906827 0.0144558 0.021245 0.0292128 0.0380187 0.04712 0.0557095 0.0628595 0.0678416 0.0703688 0.0705824 0.0688624 0.0656485 0.0613507 0.0563197 0.0508337 0.0450974 0.0392548 0.0334115 0.0276631 0.0221231 0.0169425 0.0123046 0.00838906 0.00531661
 0.00894449 0.0142732 0.0210052 0.0289296 0.0377152 0.0468224 0.0554422 0.0626433 0.0676923 0.0702958 0.0705857 0.0689326 0.0657694 0.0615047 0.0564928 0.0510175 0.0452876 0.0394483 0.0336046 0.0278509 0.0223003 0.0171029 0.0124422 0.00849919 0.00539764
 0.00881772 0.0140822 0.0207462 0.0286106 0.0373551 0.0464487 0.0550883 0.0623443 0.0674791 0.0701872 0.0705846 0.0690268 0.0659372 0.0617217 0.0567367 0.0512708 0.0455387 0.0396903 0.0338338 0.0280642 0.0224939 0.0172724 0.0125833 0.00860932 0.00547714
 0.00880702 0.0140543 0.0206854 0.0284971 0.0371715 0.04619 0.0547693 0.0620001 0.0671561 0.0699294 0.0704222 0.0689713 0.0659824 0.0618494 0.0569226 0.0514908 0.0457723 0.0399227 0.0340554 0.0282689 0.0226774 0.0174309 0.0127138 0.00871022 0.00554947
 0.00881117 0.0140482 0.0206519 0.0284115 0.0370065 0.0459248 0.0543994 0.0615436 0.0666538 0.0694389 0.070007 0.0686873 0.0658646 0.0619043 0.0571296 0.0518105 0.0461588 0.040333 0.0344556 0.0286355 0.0229959 0.0176941 0.0129197 0.00886159 0.00565296
 0.00879595 0.014027 0.0206258 0.0283811 0.0369687 0.0458688 0.0543055 0.0613879 0.0664185 0.0691244 0.0696392 0.0683145 0.0655465 0.061695 0.0570629 0.051892 0.0463672 0.0406294 0.0347951 0.0289776 0.02331 0.017961 0.0131307 0.00901682 0.0057586
 0.0087131 0.0139068 0.0204719 0.0282066 0.0367927 0.0457099 0.0541762 0.0612901 0.0663427 0.069052 0.0695492 0.0681945 0.065402 0.0615521 0.0569612 0.0518698 0.0464467 0.0408089 0.0350507 0.0292725 0.0236059 0.018227 0.0133483 0.0091795 0.00586992
 0.00861678 0.0137658 0.020289 0.0279955 0.0365753 0.0455115 0.0540199 0.061193 0.0663119 0.0690809 0.0696171 0.068271 0.0654573 0.0615691 0.0569434 0.051841 0.0464407 0.040855 0.0351612 0.029439 0.0238041 0.0184274 0.0135257 0.00931947 0.00596902
 0.00870163 0.0138844 0.020432 0.0281432 0.0367043 0.045605 0.0540752 0.0612207 0.0663282 0.0690975 0.0696339 0.0682763 0.0654325 0.0614969 0.0568159 0.051666 0.0462423 0.040667 0.0350158 0.0293552 0.0237826 0.0184534 0.0135771 0.00937579 0.00601694
 0.00877059 0.0139811 0.0205486 0.0282611 0.0367975 0.0456471 0.0540469 0.0611163 0.0661597 0.0688941 0.0694356 0.0681207 0.0653415 0.0614696 0.0568321 0.0516982 0.0462697 0.0406836 0.0350295 0.0293796 0.0238271 0.0185174 0.0136509 0.00944661 0.00607489
 0.00876421 0.0139748 0.0205459 0.0282662 0.0368121 0.0456659 0.0540557 0.0610948 0.0660893 0.068768 0.0692654 0.0679356 0.0651793 0.061363 0.0567974 0.051731 0.0463497 0.0407862 0.0351364 0.0294828 0.0239259 0.0186122 0.0137394 0.00952346 0.00613534
 0.00881909 0.0140626 0.0206754 0.0284439 0.0370407 0.0459408 0.0543615 0.0614031 0.066361 0.0689603 0.0693425 0.0678795 0.0649976 0.0610883 0.0564777 0.0514143 0.0460708 0.040561 0.0349653 0.0293589 0.0238416 0.0185611 0.0137148 0.00951777 0.0061402
 0.00886976 0.0141431 0.0207929 0.0286042 0.0372468 0.0461918 0.0546502 0.0617143 0.0666713 0.0692396 0.0695573 0.067998 0.0649965 0.0609608 0.0562383 0.0510973 0.0457211 0.0402213 0.0346663 0.0291161 0.0236578 0.0184314 0.0136305 0.00946841 0.00611504
 0.00864754 0.0138041 0.0203253 0.0280144 0.0365606 0.0454539 0.0539236 0.061076 0.0662 0.0689978 0.0695742 0.0682615 0.0654568 0.061544 0.0568651 0.0517012 0.0462606 0.0406814 0.0350508 0.029436 0.0239229 0.0186471 0.0137997 0.00959391 0.00620185
 0.0084836 0.013541 0.0199365 0.0274798 0.0358734 0.04463 0.0530101 0.0601521 0.0653649 0.0683503 0.0691917 0.0681863 0.0656899 0.0620463 0.0575654 0.0525112 0.0470936 0.0414684 0.0357488 0.0300265 0.0244041 0.0190254 0.0140849 0.00979773 0.00633811
 0.00843554 0.0134651 0.0198255 0.027326 0.0356672 0.0443592 0.0526623 0.0597217 0.0648623 0.067809 0.0686688 0.0677533 0.0654158 0.0619789 0.0577183 0.0528599 0.0475829 0.0420282 0.0363115 0.0305412 0.024841 0.0193739 0.0143473 0.00998375 0.00646144
 0.00814657 0.0130281 0.0192294 0.0265832 0.0348104 0.043435 0.051726 0.0588327 0.0640781 0.0671773 0.0682235 0.0675166 0.065404 0.0622037 0.0581815 0.053544 0.0484442 0.0429985 0.0373089 0.0314862 0.0256715 0.0200532 0.0148648 0.0103505 0.00670209
 0.00806979 0.0128995 0.0190295 0.0262933 0.0344185 0.0429442 0.0511606 0.0582366 0.0635032 0.0666686 0.0678094 0.0672099 0.0652111 0.0621348 0.0582531 0.0537735 0.0488376 0.0435388 0.0379526 0.03217 0.0263277 0.0206263 0.0153221 0.0106843 0.00692497
 0.00811189 0.0129584 0.0190995 0.0263607 0.0344623 0.0429389 0.0510808 0.0580634 0.0632316 0.0663121 0.067399 0.0667869 0.0648168 0.061804 0.058014 0.0536502 0.0488496 0.0436944 0.0382406 0.0325556 0.0267584 0.0210452 0.0156836 0.0109635 0.00711878
 0.00830764 0.0132576 0.0195135 0.026885 0.0350749 0.0436 0.0517325 0.0586325 0.0636402 0.0664953 0.0673219 0.0664541 0.0642709 0.0611147 0.0572632 0.052918 0.048204 0.0431855 0.0378949 0.0323733 0.0267138 0.0210951 0.01578 0.0110667 0.00720474
 0.00835601 0.013348 0.0196707 0.0271379 0.0354478 0.0440994 0.0523356 0.0592845 0.0642643 0.067009 0.0676543 0.0665579 0.0641293 0.0607447 0.0567133 0.05226 0.0475199 0.0425522 0.0373719 0.0319931 0.0264796 0.0209845 0.0157555 0.0110887 0.00724172
 0.00820761 0.0131424 0.0194282 0.0269025 0.0352789 0.0440554 0.0524582 0.0595878 0.0647299 0.0675866 0.0682673 0.0671169 0.0645507 0.0609691 0.0567182 0.0520632 0.0471736 0.0421294 0.0369489 0.031632 0.0262163 0.0208253 0.015683 0.0110736 0.00725495
 0.00783966 0.012603 0.0187273 0.0260913 0.0344415 0.0432909 0.0518633 0.0592448 0.0646941 0.0678732 0.0688424 0.0678996 0.0654289 0.0618234 0.0574465 0.0525996 0.0474984 0.0422671 0.0369548 0.0315725 0.0261487 0.0207844 0.0156784 0.0110965 0.00728963
 0.00723465 0.0116632 0.0173981 0.0243613 0.0323546 0.0409594 0.0494764 0.0570555 0.0629729 0.066842 0.068619 0.0684766 0.0666888 0.0635734 0.0594611 0.054662 0.0494338 0.0439636 0.038366 0.0327044 0.0270365 0.0214702 0.0161978 0.0114763 0.0075523
#obs surv len freq
 nan nan nan nan nan nan nan nan nan nan nan nan nan nan nan nan nan nan nan nan nan nan nan nan nan
 0.00448696 0.00734954 0.0111809 0.0159986 0.0217005 0.0279768 0.0342912 0.040022 0.0447005 0.0481626 0.0505183 0.0520118 0.0529019 0.0534122 0.0537249 0.0539786 0.0542563 0.0545484 0.0546868 0.0542786 0.0527167 0.0493493 0.0437998 0.0362809 0.0276658
 0.00461272 0.00755772 0.0115008 0.0164586 0.022321 0.0287595 0.0352079 0.0410125 0.0456811 0.0490435 0.0512207 0.0524796 0.0531067 0.0533536 0.0534253 0.0534758 0.0535944 0.0537707 0.0538329 0.0533858 0.0518244 0.048501 0.0430408 0.0356495 0.0271833
 0.00477918 0.00782724 0.0119046 0.0170258 0.0230737 0.0297046 0.036328 0.0422592 0.0469777 0.0502948 0.0523263 0.0533468 0.0536625 0.0535536 0.0532584 0.0529623 0.0527791 0.0527131 0.0525996 0.0520474 0.0504563 0.0471836 0.0418537 0.0346584 0.0264243
 0.00497217 0.00814407 0.0123869 0.0177138 0.0239977 0.0308722 0.0377112 0.0437915 0.0485643 0.0518306 0.0537108 0.0544902 0.0544865 0.0539943 0.0532718 0.0525318 0.05192 0.0514726 0.0510522 0.0502907 0.048606 0.0453677 0.0401986 0.0332672 0.025355
 0.00518287 0.00848887 0.0129103 0.0184591 0.0249996 0.0321438 0.0392305 0.0454953 0.050355 0.0535934 0.0553312 0.0558655 0.0555307 0.0546378 0.0534613 0.0522317 0.0511179 0.0501872 0.0493414 0.0482557 0.046389 0.0431399 0.0381356 0.0315157 0.0240005
 0.00540639 0.00885595 0.0134697 0.0192588 0.0260776 0.0335143 0.0408685 0.0473319 0.0522866 0.0555012 0.0570988 0.0573887 0.0567204 0.0554202 0.0537766 0.0520344 0.0503798 0.0489056 0.0475528 0.0460494 0.0439144 0.0405959 0.0357398 0.029457 0.0223954
 0.00563686 0.00923364 0.014044 0.020078 0.0271806 0.0349162 0.0425463 0.0492177 0.0542769 0.0574755 0.0589381 0.058987 0.0579884 0.0562843 0.0541768 0.0519216 0.0497167 0.0476746 0.0457714 0.0437904 0.0413209 0.0378771 0.0331383 0.0271941 0.0206147
 0.00589538 0.0096545 0.0146785 0.0209743 0.0283748 0.0364181 0.0443246 0.0511951 0.0563408 0.0594991 0.0608011 0.0605862 0.0592405 0.0571238 0.0545517 0.0517893 0.0490421 0.0464355 0.0439738 0.0414925 0.0386545 0.0350496 0.0304032 0.0247917 0.0187092
 0.00613388 0.0100481 0.0152816 0.0218412 0.0295482 0.0379123 0.0461081 0.0531853 0.0584172 0.0615276 0.0626566 0.0621654 0.0604638 0.0579324 0.0549019 0.0516468 0.048378 0.0452295 0.0422277 0.0392538 0.0360409 0.0322567 0.0276793 0.0223805 0.0167832
 0.00637319 0.0104406 0.0158789 0.022694 0.0306969 0.039372 0.0478522 0.055139 0.0604656 0.0635375 0.0644973 0.0637245 0.0616548 0.0586954 0.0551997 0.0514565 0.0476842 0.0440227 0.0405146 0.0370787 0.0335105 0.0295517 0.0250337 0.0200291 0.0148966
 0.00660895 0.0108273 0.016467 0.0235325 0.0318237 0.0407984 0.0495478 0.057026 0.0624308 0.0654529 0.0662413 0.0651934 0.062767 0.0593925 0.0554441 0.0512278 0.0469734 0.0428299 0.0388548 0.0349985 0.03111 0.0269958 0.0225369 0.0178082 0.0131112
 0.00685512 0.0112283 0.0170719 0.024387 0.0329609 0.0422247 0.0512278 0.0588778 0.0643372 0.0672844 0.0678775 0.0665365 0.0637458 0.0599605 0.0555756 0.0509117 0.0462089 0.0416249 0.0372308 0.033005 0.0288422 0.0246044 0.0202144 0.0157489 0.0114577
 0.00706569 0.0115792 0.0176158 0.0251769 0.0340389 0.0436024 0.0528688 0.0606935 0.0662006 0.0690577 0.0694368 0.0677853 0.0646189 0.0604209 0.0556089 0.0505199 0.0454033 0.0404236 0.0356631 0.031123 0.0267358 0.0224093 0.0181005 0.013885 0.00996633
 0.00726758 0.0119063 0.0181062 0.0258666 0.034956 0.0447575 0.0542438 0.0622333 0.0678171 0.0706411 0.0708724 0.0689693 0.0654699 0.0608871 0.0556681 0.0501733 0.0446676 0.0393256 0.0342399 0.0294301 0.0248589 0.0204697 0.0162454 0.0122579 0.00866923
 0.00740163 0.0121324 0.0184614 0.02639 0.0356795 0.0456933 0.0553712 0.063497 0.0691375 0.0719317 0.0720528 0.0699695 0.0662299 0.0613571 0.0558114 0.0499705 0.0441178 0.0384455 0.0330633 0.0280113 0.0232781 0.0188358 0.0146854 0.0108926 0.00758331
 0.00753848 0.0123492 0.0187778 0.026822 0.036239 0.0463854 0.05619 0.0644199 0.0701239 0.0729257 0.0729906 0.0707878 0.0668735 0.0617824 0.0559867 0.0498744 0.0437398 0.037788 0.0321466 0.0268781 0.0219978 0.0175029 0.0134093 0.00977545 0.00669532
 0.00760144 0.0124539 0.0189394 0.0270561 0.0365579 0.0467938 0.0566807 0.0649751 0.0707198 0.0735387 0.0735992 0.0713689 0.0673975 0.0622113 0.0562784 0.0499886 0.0436445 0.0374651 0.0315964 0.026125 0.0210938 0.0165258 0.0124514 0.00892445 0.00601274
 0.0076396 0.0125085 0.0190086 0.027135 0.0366428 0.0468867 0.0567924 0.065123 0.0709214 0.0738048 0.0739293 0.0717511 0.0678098 0.0626236 0.0566521 0.0502794 0.0438072 0.0374611 0.0314034 0.0257447 0.0205569 0.0158904 0.0117932 0.00831894 0.00551593
 0.00769227 0.0125852 0.019107 0.0272467 0.0367545 0.0469841 0.0568645 0.0651659 0.0709421 0.0738216 0.0739686 0.0718383 0.0679601 0.0628346 0.0569031 0.0505341 0.0440201 0.0375856 0.0314016 0.0255973 0.0202714 0.0155024 0.0113587 0.00789945 0.00516077
 0.00776543 0.0126976 0.0192636 0.027446 0.0369877 0.047234 0.0571058 0.0653684 0.0710782 0.0738762 0.0739459 0.071762 0.0678656 0.0627574 0.0568662 0.0505409 0.0440532 0.0376119 0.0313826 0.0255022 0.020088 0.0152431 0.0110573 0.00759961 0.00490108
 0.00782897 0.0127985 0.0194107 0.0276448 0.0372382 0.0475275 0.057422 0.0656762 0.0713407 0.0740594 0.074028 0.0717391 0.0677526 0.0625846 0.0566708 0.050356 0.0438976 0.0374851 0.0312673 0.0253736 0.0199267 0.015045 0.0108361 0.00738047 0.00470998
 0.00784237 0.012821 0.0194461 0.0276974 0.0373126 0.0476274 0.0575486 0.0658266 0.071506 0.0742252 0.074175 0.0718472 0.0678066 0.0625787 0.0566122 0.0502621 0.0437896 0.0373792 0.0311684 0.0252753 0.0198177 0.0149184 0.0106951 0.00723827 0.00458288
 0.00786751 0.0128537 0.0194804 0.0277235 0.0373206 0.0476126 0.057516 0.0657904 0.0714849 0.074235 0.0742225 0.0719276 0.0679049 0.0626746 0.056687 0.0503049 0.0437994 0.0373626 0.0311338 0.025228 0.0197582 0.0148457 0.0106118 0.00715154 0.00450291
 0.00786968 0.0128584 0.0194891 0.0277373 0.037338 0.0476285 0.0575214 0.0657758 0.0714462 0.0741786 0.0741651 0.07189 0.0679028 0.0627114 0.056753 0.0503822 0.0438698 0.0374138 0.031161 0.0252318 0.0197416 0.0148126 0.0105667 0.00710099 0.00445421
 0.00789201 0.0128882 0.0195221 0.0277659 0.037354 0.0476267 0.0575019 0.0657432 0.0714063 0.0741351 0.07412 0.0718465 0.0678674 0.0626935 0.0567599 0.0504144 0.0439196 0.0374685 0.031208 0.0252625 0.019753 0.014806 0.0105466 0.0070733 0.00442523
 0.00788823 0.0128801 0.0195062 0.0277373 0.0373073 0.0475574 0.0574089 0.0656305 0.071284 0.0740182 0.0740249 0.0717866 0.0678495 0.0627179 0.0568218 0.0505063 0.044032 0.0375898 0.0313252 0.0253639 0.0198305 0.0148568 0.0105731 0.00708151 0.00442234
 0.00788305 0.0128705 0.0194895 0.0277101 0.0372661 0.0474995 0.0573337 0.0655398 0.0711824 0.0739131 0.0739261 0.0717055 0.0677976 0.0627035 0.056848 0.0505705 0.0441262 0.0377026 0.0314437 0.0254754 0.0199247 0.0149278 0.0106198 0.00710743 0.00443341
 0.00787925 0.0128626 0.0194745 0.0276842 0.0372254 0.0474418 0.0572592 0.0654524 0.0710882 0.0738192 0.0738398 0.0716337 0.0677469 0.0626797 0.0568557 0.0506113 0.0441978 0.037798 0.0315525 0.0255854 0.0200245 0.015009 0.010679 0.00714543 0.00445457
 0.00785547 0.0128216 0.0194087 0.0275856 0.0370882 0.047266 0.0570537 0.0652351 0.0708827 0.0736486 0.0737214 0.0715763 0.0677509 0.0627395 0.0569619 0.0507534 0.0443652 0.0379801 0.0317379 0.0257622 0.0201818 0.0151385 0.0107767 0.00721249 0.00449604
 0.0078563 0.0128198 0.0193998 0.0275631 0.0370441 0.0471932 0.0569481 0.065098 0.0707219 0.0734783 0.0735605 0.0714448 0.067665 0.0627084 0.0569866 0.0508279 0.0444789 0.0381203 0.0318915 0.0259163 0.0203244 0.0152603 0.010872 0.00728051 0.00453991
 0.00783827 0.0127931 0.0193643 0.0275198 0.0369943 0.0471369 0.0568836 0.065022 0.0706321 0.0733753 0.0734498 0.071337 0.0675742 0.0626488 0.0569691 0.050857 0.0445521 0.038229 0.0320229 0.0260563 0.0204595 0.0153793 0.0109679 0.00735085 0.00458666
 0.00779142 0.0127165 0.0192487 0.0273579 0.0367838 0.0468845 0.0566081 0.0647522 0.0703994 0.0732045 0.0733524 0.0713114 0.0676112 0.0627371 0.0570994 0.0510221 0.0447454 0.0384421 0.0322447 0.0262737 0.020659 0.01555 0.0111031 0.00744932 0.00465218
 0.00777453 0.0126853 0.0191949 0.0272711 0.0366543 0.0467068 0.0563851 0.0644977 0.0701369 0.072963 0.0731604 0.0711904 0.067571 0.0627753 0.0572043 0.0511781 0.0449368 0.038655 0.0324664 0.0264915 0.0208605 0.0157242 0.0112427 0.00755231 0.00472158
 0.00773315 0.0126192 0.0190977 0.0271375 0.0364808 0.0464933 0.0561368 0.0642263 0.0698604 0.0727041 0.0729437 0.071039 0.0675025 0.0627982 0.0573156 0.0513642 0.0451772 0.0389268 0.0327478 0.0267636 0.0211077 0.0159348 0.0114101 0.0076752 0.00480434
 0.00771234 0.0125833 0.0190398 0.0270502 0.0363578 0.0463323 0.0559416 0.0640076 0.0696335 0.0724856 0.0727493 0.0708831 0.0673987 0.0627583 0.0573475 0.0514688 0.0453467 0.0391452 0.0329941 0.0270152 0.0213445 0.0161411 0.0115763 0.00779863 0.00488824
 0.00767967 0.0125325 0.0189674 0.0269542 0.0362374 0.0461881 0.0557761 0.0638261 0.0694448 0.0723013 0.072583 0.070748 0.067306 0.0627169 0.0573634 0.0515446 0.0454802 0.0393284 0.0332121 0.0272487 0.0215725 0.0163452 0.011744 0.00792473 0.00497477
 0.00766655 0.012507 0.0189215 0.0268784 0.0361239 0.0460345 0.0555894 0.0636215 0.0692419 0.0721183 0.0724322 0.0706363 0.0672369 0.0626927 0.0573859 0.051615 0.0455978 0.0394886 0.0334055 0.0274607 0.021785 0.0165403 0.0119079 0.00805022 0.00506207
 0.00764195 0.0124721 0.0188782 0.0268305 0.0360747 0.0459838 0.0555315 0.0635482 0.0691467 0.072002 0.0723041 0.0705116 0.0671313 0.0626182 0.05735 0.0516212 0.0456469 0.0395786 0.0335309 0.0276112 0.0219464 0.0166967 0.0120449 0.00815882 0.00513972
 0.00762009 0.012436 0.0188231 0.0267529 0.035974 0.0458648 0.0554051 0.0634288 0.0690472 0.0719277 0.0722523 0.070475 0.0671045 0.0626015 0.0573486 0.0516424 0.0456962 0.0396583 0.0336389 0.0277409 0.022087 0.0168351 0.0121685 0.00825867 0.0052124
 0.00760823 0.0124156 0.0187904 0.0267034 0.0359038 0.0457717 0.0552912 0.0633012 0.0689179 0.0718115 0.0721621 0.0704184 0.0670818 0.0626073 0.0573761 0.0516871 0.0457573 0.0397371 0.033736 0.0278535 0.0222086 0.0169557 0.0122775 0.00834807 0.00527848
 0.00758162 0.0123781 0.0187444 0.0266543 0.0358577 0.0457322 0.0552571 0.0632673 0.0688776 0.0717612 0.0721037 0.0703591 0.0670313 0.062574 0.0573644 0.0516972 0.0457874 0.039785 0.0337999 0.0279314 0.0222959 0.0170455 0.0123617 0.00841927 0.00533257
 0.00755902 0.0123398 0.0186843 0.0265671 0.0357415 0.0455923 0.0551071 0.0631271 0.068767 0.0716919 0.072076 0.0703647 0.0670593 0.0626166 0.0574183 0.0517623 0.0458639 0.0398719 0.0338952 0.0280317 0.0223971 0.0171422 0.012448 0.00849014 0.0053856
 0.00755156 0.0123287 0.0186694 0.0265481 0.0357172 0.04556 0.055063 0.0630685 0.0686949 0.0716133 0.0720025 0.0703076 0.0670256 0.0626067 0.0574283 0.0517873 0.0459006 0.0399191 0.0339518 0.0280962 0.0224661 0.0172112 0.0125116 0.00854391 0.00542678
 0.00753044 0.0122946 0.0186186 0.0264779 0.0356271 0.0454528 0.0549459 0.0629518 0.0685898 0.071528 0.071942 0.0702741 0.0670203 0.0626299 0.0574784 0.0518599 0.0459893 0.040017 0.0340533 0.0281968 0.022562 0.0172984 0.0125866 0.00860399 0.00547104
 0.00750907 0.0122599 0.0185665 0.0264049 0.035531 0.0453342 0.0548096 0.0628075 0.0684507 0.0714084 0.0718537 0.0702246 0.0670117 0.0626601 0.0575424 0.0519511 0.0461003 0.04014 0.0341804 0.0283208 0.0226769 0.0173994 0.0126704 0.00866892 0.00551759
 0.00752377 0.0122818 0.0185957 0.0264395 0.0355671 0.045366 0.0548299 0.0628085 0.0684263 0.0713566 0.0717782 0.0701344 0.0669193 0.0625779 0.0574803 0.051915 0.0460914 0.0401559 0.0342162 0.0283699 0.0227323 0.0174548 0.0127204 0.00871013 0.00554846
 0.00750725 0.0122608 0.0185748 0.0264263 0.0355697 0.0453889 0.0548712 0.0628596 0.0684742 0.0713885 0.0717849 0.0701131 0.0668732 0.0625158 0.057414 0.0518562 0.0460493 0.0401354 0.0342175 0.0283895 0.0227643 0.0174924 0.0127575 0.00874227 0.00557326
 0.00748211 0.0122184 0.0185085 0.0263308 0.0354438 0.0452397 0.0547157 0.0627224 0.0683793 0.07135 0.0718021 0.0701722 0.0669545 0.0626016 0.0574937 0.051927 0.0461141 0.040199 0.0342835 0.0284586 0.022834 0.0175584 0.0128153 0.00878846 0.00560692
 0.00749296 0.0122318 0.0185206 0.0263348 0.035431 0.0452021 0.0546489 0.0626282 0.0682676 0.0712376 0.0717088 0.070114 0.0669384 0.0626231 0.0575406 0.0519853 0.0461738 0.0402559 0.0343378 0.0285117 0.0228865 0.0176085 0.0128602 0.0088254 0.00563449
 0.00749296 0.0122318 0.0185206 0.0263348 0.035431 0.0452021 0.0546489 0.0626282 0.0682676 0.0712376 0.0717088 0.070114 0.0669384 0.0626231 0.0575406 0.0519853 0.0461738 0.0402559 0.0343378 0.0285117 0.0228865 0.0176085 0.0128602 0.0088254 0.00563449
 0.0074374 0.0121487 0.0184091 0.0261984 0.0352764 0.0450369 0.0544801 0.0624626 0.0681129 0.0711036 0.0716077 0.0700588 0.0669395 0.0626849 0.0576578 0.0521439 0.0463549 0.0404409 0.0345129 0.0286689 0.0230219 0.0177208 0.012949 0.00889163 0.00568037
 0.00744531 0.0121531 0.0184004 0.0261635 0.0352033 0.044921 0.054329 0.0622947 0.0679506 0.0709648 0.0715015 0.0699872 0.0669024 0.0626836 0.0576949 0.0522199 0.0464648 0.0405741 0.0346555 0.0288076 0.0231469 0.0178263 0.0130326 0.00895367 0.00572312
 0.00729569 0.0119203 0.0180696 0.0257287 0.0346689 0.0443044 0.0536638 0.0616321 0.0673546 0.0705009 0.071222 0.0699195 0.0670442 0.0630061 0.058153 0.0527639 0.0470488 0.0411595 0.0352108 0.029308 0.0235745 0.0181716 0.0132947 0.00913937 0.00584511
 0.00721921 0.0117806 0.017832 0.025354 0.0341258 0.0435873 0.0528075 0.0607125 0.0664716 0.069753 0.0706857 0.0696409 0.0670384 0.0632605 0.0586307 0.0534098 0.047798 0.0419473 0.03598 0.0300133 0.0241841 0.0186673 0.0136724 0.00940727 0.00602076
 0.00722704 0.0117905 0.01784 0.0253502 0.0340912 0.0434922 0.0526151 0.0603898 0.0660065 0.0691697 0.0700471 0.069035 0.0665547 0.062967 0.0585611 0.0535612 0.048137 0.0424198 0.036523 0.0305658 0.0246958 0.0191033 0.0140153 0.00965577 0.00618608
 0.00711064 0.0116105 0.0175866 0.0250214 0.0336938 0.0430415 0.052134 0.0599046 0.0655403 0.0687373 0.0696572 0.0686995 0.0662986 0.0628286 0.0585814 0.0537671 0.0485285 0.0429663 0.0371698 0.0312459 0.0253441 0.0196687 0.0144676 0.00998759 0.00640859
 0.00712741 0.0116299 0.0176012 0.0250193 0.0336612 0.0429674 0.052014 0.0597415 0.0653414 0.0685093 0.0694044 0.068425 0.0660097 0.0625447 0.0583368 0.0536064 0.0484929 0.0430779 0.0374209 0.0316001 0.025747 0.0200637 0.0148102 0.0102535 0.00659416
 0.00711522 0.0116182 0.017598 0.0250351 0.0337043 0.0430366 0.0520943 0.0598067 0.0653625 0.0684661 0.0692907 0.0682481 0.0657847 0.0622908 0.0580775 0.0533716 0.0483184 0.0429973 0.0374543 0.0317439 0.0259727 0.020327 0.0150658 0.0104679 0.00675237
 0.0072083 0.0117671 0.0178173 0.0253361 0.0340918 0.0435042 0.0526186 0.060344 0.065853 0.0688439 0.0694985 0.0682506 0.0655773 0.0618996 0.0575521 0.0527747 0.0477157 0.04245 0.037011 0.0314326 0.0257954 0.0202619 0.0150759 0.0105147 0.00680591
 0.00720055 0.0117689 0.0178467 0.0254189 0.034255 0.0437658 0.0529783 0.0607801 0.0663262 0.0693049 0.0698945 0.0685319 0.0657033 0.0618472 0.057323 0.0523978 0.0472426 0.0419445 0.0365362 0.0310387 0.02551 0.0200869 0.0149921 0.0104918 0.00681426
 0.00719224 0.0117546 0.0178247 0.0253902 0.0342266 0.0437544 0.0530101 0.0608853 0.0665266 0.0696008 0.0702594 0.068916 0.066046 0.0620914 0.0574277 0.0523466 0.0470475 0.0416437 0.0361848 0.0306947 0.02522 0.019876 0.0148621 0.010427 0.00679152
 0.00715699 0.0116969 0.0177376 0.0252673 0.034065 0.043558 0.052794 0.0606777 0.0663664 0.06953 0.0703107 0.0691 0.0663436 0.0624548 0.0577923 0.0526489 0.0472425 0.0417162 0.0361504 0.0305913 0.0250928 0.0197625 0.0147827 0.0103844 0.00677671
 0.00697739 0.0114078 0.017309 0.0246766 0.0333052 0.042649 0.0517928 0.0596773 0.0654807 0.0688687 0.0699561 0.0690935 0.0666816 0.06309 0.0586412 0.0536056 0.0481991 0.0425836 0.0368739 0.0311542 0.0255088 0.0200609 0.0149944 0.0105335 0.00687942
#pred catch len freq
 0.00433889 0.00685591 0.00998249 0.013637 0.0177722 0.0223583 0.0273135 0.0324637 0.0375715 0.0423938 0.0467207 0.0503956 0.0533304 0.0555123 0.0569949 0.0578821 0.0583134 0.0584303 0.0582969 0.0577708 0.0564026 0.0535012 0.0484448 0.0411214 0.0321955
 0.00449557 0.00704516 0.0101497 0.0136998 0.0176537 0.0220334 0.026839 0.0319651 0.0371884 0.0422154 0.0467527 0.0505764 0.0535811 0.0557857 0.0572968 0.0582557 0.0587965 0.0590094 0.0588821 0.0582135 0.0565542 0.0532848 0.0478986 0.0403843 0.0314429
 0.00468716 0.00734599 0.0105775 0.0142505 0.0182876 0.0226648 0.0273418 0.0322095 0.0370999 0.0418235 0.0461889 0.0500137 0.0531539 0.0555457 0.0572255 0.0583111 0.0589472 0.0592317 0.0591314 0.0584042 0.0565771 0.0530585 0.0474198 0.0397384 0.0307649
 0.00488515 0.007658 0.0110299 0.0148641 0.0190758 0.0236272 0.0284485 0.033382 0.0382031 0.0426867 0.0466595 0.0500219 0.0527492 0.0548743 0.0564629 0.0575931 0.0583387 0.0587343 0.058704 0.057979 0.056077 0.0524267 0.0466537 0.0389019 0.0299636
 0.00508958 0.00797931 0.0114941 0.0154912 0.0198809 0.0246198 0.0296278 0.0347258 0.0396557 0.0441475 0.0479807 0.0510288 0.0532855 0.0548603 0.0559309 0.0566743 0.0572065 0.0575372 0.057524 0.0568299 0.0549327 0.0512625 0.0454809 0.0377791 0.028975
 0.0053096 0.00832517 0.0119936 0.0161654 0.0207443 0.0256801 0.0308814 0.0361525 0.0412135 0.0457695 0.0495717 0.0524625 0.0544107 0.0555244 0.0560207 0.0561578 0.05615 0.0560813 0.0558315 0.0550361 0.0531271 0.0495045 0.043829 0.0363052 0.0277524
