SBPRF35
12.7214
Curr Bio
930060
B35
879852
F35
0.169879
FOFL
0.169879
OFL
126470
Bzero
3.63469e+006
#pred survey bio
 3.67523e+006 3.56617e+006 3.46347e+006 3.31594e+006 3.09779e+006 2.85103e+006 2.59093e+006 2.33552e+006 2.08299e+006 1.83443e+006 1.63739e+006 1.46795e+006 1.29872e+006 1.15279e+006 1.0386e+006 889936 819732 764374 701810 646918 620022 602724 565348 553603 538275 541005 536627 542562 545120 548937 550509 564353 580595 589576 601249 602183 617233 625214 635870 640405 643516 651576 656067 656844 669936 681343 681182 683559 702976 721293 719042 772364 792655 815257 826508 859045 865167 853539 865949 855718 861663 880559 906371 934338 2.10615e+007 1.87705e+007 1.86155e+007 1.912e+007 2.01132e+007 2.13405e+007 2.26005e+007 2.37678e+007 2.47812e+007 2.56234e+007 2.63025e+007 2.68388e+007 2.72562e+007 2.75782e+007 2.78252e+007 2.8014e+007 2.81584e+007 2.82689e+007 2.83537e+007 2.84189e+007 2.84693e+007 2.85085e+007 2.8539e+007 2.8563e+007 2.85818e+007 2.85967e+007 2.86084e+007 2.86178e+007 2.86253e+007 2.86312e+007 2.8636e+007 2.86399e+007 2.8643e+007 2.86455e+007 2.86476e+007 2.86492e+007 2.86506e+007 2.86517e+007 2.86526e+007 2.86533e+007 2.86539e+007 2.86544e+007 2.86548e+007 2.86551e+007 2.86554e+007 2.86556e+007 2.86558e+007 2.86559e+007 2.8656e+007 2.86561e+007 2.86562e+007 2.86563e+007 2.86563e+007 2.86564e+007 2.86564e+007 2.86564e+007 2.86564e+007 2.86565e+007 2.86565e+007 2.86565e+007 2.86565e+007 2.86565e+007 2.86565e+007 2.86565e+007 2.86565e+007 2.86565e+007 2.86565e+007 2.86565e+007 2.86565e+007 2.86565e+007 2.86565e+007 2.86565e+007 2.86565e+007 2.86565e+007 2.86565e+007 2.86565e+007 2.86565e+007 2.86566e+007 2.86566e+007 2.86566e+007 2.86566e+007 2.86566e+007 2.86566e+007 2.86566e+007 2.86566e+007 2.86566e+007 2.86566e+007 2.86566e+007 2.86566e+007 2.86566e+007 2.86566e+007 2.86566e+007 2.86566e+007 2.86566e+007 2.86566e+007 2.86566e+007 2.86566e+007 2.86566e+007 2.86566e+007 2.86566e+007 0 0 0 0 0 0 0 0 0 0 0 0 0 0 0 0 0 0 0 0 0 0 0 0 0
#obs survey bio
 3.4532e+006 2.86008e+006 3.89799e+006 2.98423e+006 3.41475e+006 2.63915e+006 2.75847e+006 2.59759e+006 1.47059e+006 1.68923e+006 1.26405e+006 1.43112e+006 1.11802e+006 1.2189e+006 867294 960925 717299 755340 587230 723535 528497 523414 649668 679952 368960 629974 706949 422383 454767 635106 556162 501886 527350 821026 490315 539555 727019 782010 543353 615624 580839 517586 457576 621808 579985 611010 820596 710805 622909 576223 885999 862504 701256 949054 1.01035e+006 954667 952762 853672 850746 731748 737061 625050 1.08016e+006 1.21668e+006
#pred catch bio
 98532 96693.7 143307 217267 255995 282720 293804 306433 316980 282859 268438 275397 258474 232290 260473 188999 174736 177113 164665 136119 125201 138758 114017 115993 100645 106823 97828.3 100612 99201.5 100683 90448.2 89188.5 95384.1 92727.2 101423 89469.5 96180.9 94611.4 100868 103072 100309 104860 108663 98850.4 101411 111488 108962 95408.2 98518.6 116947 70937.2 100859 98875.6 108949 91534.9 115272 130380 110506 131212 117565 107140 101282 97191.9 130363 126470 123282 121015 122784 128366 135781 143463 150517 156534 161418 165242 168157 170335 171936 173099 173936 174533 174957 175256 175466 175614 175716 175788 175838 175873 175897 175914 175925 175933 175939 175943 175945 175947 175948 175949 175950 175950 175951 175951 175951 175951 175951 175951 175951 175951 175951 175951 175951 175951 175951 175951 175951 175951 175951 175951 175951 175951 175951 175951 175951 175951 175951 175951 175951 175951 175951 175951 175951 175951 175951 175951 175951 175951 175951 175951 175951 175951 175951 175951 175951 175951 175951 175951 175951 175951 175951 175951 175951 175951 175951 175951 175951 175951 175951 175951 175951 175951 175951 175951 175951 0 0 0 0 0 0 0 0 0 0 0 0 0 0 0 0 0 0 0 0 0 0 0 0 0
#obs catch bio
 0 96441.9 143276 217611 255986 283018 293243 305632 317739 283529 269913 278075 261301 233127 264878 189656 176053 178950 166155 136272 125797 139238 114036 116424 101679 107994 98517.1 101531 99924.4 101185 90983.3 89674.9 95830.9 92334 101541 89259.1 96293.8 94282.7 100976 103094 100428 105536 109748 99210 101968 112133 109288 95337.5 98595.8 118257 70552.8 101237 98971.9 109523 91401.4 115317 130765 110249 131846 118058 107639 102048 97310.4 130665
#pred cpue bio
 3.62329e+006 3.51572e+006 3.41469e+006 3.26806e+006 3.05073e+006 2.80493e+006 2.54598e+006 2.2917e+006 2.04033e+006 1.79304e+006 1.59687e+006 1.42832e+006 1.26049e+006 1.11603e+006 1.00309e+006 856911 787725 733464 672654 619546 593614 576983 540759 529304 514245 516739 512578 518551 521231 525105 526776 540388 556450 565544 577195 578220 592920 600758 611094 615343 618150 625757 629983 630767 643612 654802 654737 657125 675998 693733 691538 743947 764383 786696 797664 829530 835551 823926 835689 825484 831313 850092 876007 904765 2.04363e+007 1.82325e+007 1.79592e+007 1.82979e+007 1.92203e+007 2.04275e+007 2.16828e+007 2.28491e+007 2.38623e+007 2.47045e+007 2.53835e+007 2.59198e+007 2.63373e+007 2.66593e+007 2.69062e+007 2.70951e+007 2.72394e+007 2.73499e+007 2.74347e+007 2.75e+007 2.75504e+007 2.75895e+007 2.76201e+007 2.7644e+007 2.76628e+007 2.76777e+007 2.76895e+007 2.76988e+007 2.77063e+007 2.77123e+007 2.77171e+007 2.77209e+007 2.77241e+007 2.77266e+007 2.77286e+007 2.77303e+007 2.77316e+007 2.77327e+007 2.77336e+007 2.77343e+007 2.77349e+007 2.77354e+007 2.77358e+007 2.77361e+007 2.77364e+007 2.77366e+007 2.77368e+007 2.77369e+007 2.77371e+007 2.77372e+007 2.77372e+007 2.77373e+007 2.77374e+007 2.77374e+007 2.77374e+007 2.77375e+007 2.77375e+007 2.77375e+007 2.77375e+007 2.77375e+007 2.77375e+007 2.77376e+007 2.77376e+007 2.77376e+007 2.77376e+007 2.77376e+007 2.77376e+007 2.77376e+007 2.77376e+007 2.77376e+007 2.77376e+007 2.77376e+007 2.77376e+007 2.77376e+007 2.77376e+007 2.77376e+007 2.77376e+007 2.77376e+007 2.77376e+007 2.77376e+007 2.77376e+007 2.77376e+007 2.77376e+007 2.77376e+007 2.77376e+007 2.77376e+007 2.77376e+007 2.77376e+007 2.77376e+007 2.77376e+007 2.77376e+007 2.77376e+007 2.77376e+007 2.77376e+007 2.77376e+007 2.77376e+007 2.77376e+007 2.77376e+007 2.77376e+007 2.77376e+007 0 0 0 0 0 0 0 0 0 0 0 0 0 0 0 0 0 0 0 0 0 0 0 0 0
#obs cpue bio
 2.99097e+006 3.47924e+006 3.90318e+006 3.81774e+006 2.82959e+006 2.55306e+006 3.26466e+006 2.21806e+006 1.96462e+006 1.64333e+006 1.49954e+006 1.13542e+006 1.18321e+006 1.32016e+006 736627 983532 675843 627813 768714 706215 492735 867822 433793 393258 342459 453212 368844 555172 599329 532617 377222 569819 693384 742053 561458 679162 446563 656036 524337 683948 571801 506003 667635 825856 604122 770759 638762 701882 654387 589920 792007 668355 757034 576102 721950 931024 671701 856109 665583 764402 810747 763159 1.06759e+006 1.13454e+006
#pred surv len freq
 0.0052694 0.00843542 0.0124731 0.0172967 0.022765 0.0286282 0.034486 0.0398592 0.0443619 0.0478305 0.0503168 0.0519882 0.0530337 0.0536185 0.053872 0.0538921 0.0537566 0.0535206 0.0531674 0.0525096 0.0511094 0.0483377 0.0436472 0.0369551 0.0288694
 0.00535439 0.00851581 0.0124917 0.0171761 0.0224421 0.028101 0.0338408 0.0392522 0.0439534 0.0477111 0.0504715 0.0523196 0.0534249 0.0539941 0.0542248 0.0542671 0.0542061 0.0540541 0.0537226 0.052964 0.05133 0.0482472 0.0432661 0.0363939 0.0282753
 0.00555675 0.00882235 0.012907 0.0176785 0.0229769 0.0285796 0.0341539 0.0393039 0.0437091 0.0472311 0.0498983 0.0518155 0.0530987 0.0538662 0.0542492 0.0543841 0.0543799 0.05427 0.053956 0.0531541 0.0513888 0.048102 0.0429062 0.0358845 0.0277274
 0.00572771 0.00910398 0.0133368 0.0182908 0.0237915 0.0295839 0.0352844 0.0404396 0.0446895 0.0478983 0.0501509 0.0516494 0.0526097 0.0532077 0.0535683 0.0537726 0.0538652 0.0538357 0.0535636 0.0527532 0.0509242 0.0475324 0.042231 0.0351563 0.0270335
 0.00594013 0.00944274 0.0138354 0.0189791 0.0246931 0.0307105 0.0366246 0.0419448 0.0462635 0.0493985 0.0514045 0.0524898 0.0529243 0.0529785 0.0528781 0.0527709 0.0527095 0.0526416 0.0523858 0.0515959 0.0497687 0.0463682 0.0410795 0.034075 0.0260972
 0.00618613 0.00983215 0.0144024 0.01975 0.0256842 0.0319242 0.0380427 0.0435244 0.0479373 0.051077 0.0529765 0.0538227 0.0538742 0.053417 0.0527318 0.052051 0.0515115 0.0511115 0.0506705 0.0498084 0.047983 0.0446391 0.0394664 0.0326493 0.0249266
 0.00648302 0.0102983 0.0150737 0.0206501 0.0268228 0.0332938 0.0396132 0.0452399 0.0497203 0.0528388 0.054626 0.055267 0.0550147 0.0541479 0.0529503 0.0516828 0.0505405 0.0495957 0.0487328 0.0476065 0.0456783 0.0423803 0.0373857 0.0308577 0.0234998
 0.00682387 0.0108326 0.0158411 0.0216753 0.0281126 0.0348339 0.0413619 0.0471254 0.0516478 0.0547053 0.0563347 0.0567339 0.0561662 0.0549135 0.053257 0.0514578 0.0497278 0.0481823 0.0467718 0.0452234 0.0430562 0.0397311 0.0349165 0.0287373 0.0218309
 0.00717367 0.0113882 0.0166529 0.0227814 0.0295327 0.036559 0.0433434 0.0492709 0.0538326 0.0567946 0.0582057 0.0582883 0.0573317 0.0556381 0.0534986 0.0511754 0.0488807 0.0467444 0.044758 0.0427172 0.040222 0.0367986 0.0321385 0.0263339 0.0199397
 0.00756797 0.0120087 0.0175493 0.0239878 0.0310643 0.0384062 0.0454617 0.0515739 0.0561964 0.0590744 0.0602566 0.0599833 0.0585737 0.0563637 0.0536731 0.0507812 0.0479065 0.0451843 0.0426284 0.0400856 0.0372332 0.0336766 0.0291513 0.0237296 0.0178822
 0.0078961 0.0125268 0.0183009 0.0250048 0.0323637 0.0399846 0.0472873 0.0535814 0.0582915 0.0611456 0.0621877 0.0616619 0.0598968 0.0572442 0.0540447 0.0506 0.0471482 0.0438426 0.0407216 0.0376769 0.0344537 0.0307333 0.0263009 0.0212198 0.0158848
 0.00813569 0.0129162 0.0188868 0.025831 0.0334633 0.0413678 0.0489284 0.0554141 0.0602177 0.0630539 0.0639698 0.0632216 0.0611511 0.058121 0.0544819 0.0505459 0.0465641 0.0427079 0.0390446 0.0355117 0.0319198 0.0280217 0.0236518 0.0188696 0.0140027
 0.0084207 0.0133676 0.0195447 0.0267265 0.0346155 0.0427781 0.0505707 0.0572281 0.0621107 0.0649123 0.0656759 0.0646688 0.0622551 0.0588232 0.0547457 0.0503477 0.0458868 0.0415413 0.0373966 0.0334281 0.0295057 0.0254496 0.0211423 0.0166422 0.0122162
 0.00872681 0.0138454 0.0202271 0.0276319 0.0357468 0.044121 0.0520895 0.0588629 0.0637815 0.0665285 0.0671471 0.0659116 0.0631976 0.0594085 0.0549344 0.0501166 0.0452249 0.0404475 0.0358842 0.0315401 0.0273335 0.0231428 0.0188933 0.0146447 0.010612
 0.00882064 0.0140197 0.0205293 0.0281191 0.0364718 0.0451107 0.0533261 0.0602803 0.0652802 0.068001 0.0684982 0.0670667 0.0641005 0.0600162 0.0552129 0.0500399 0.0447755 0.0396182 0.0346845 0.0300071 0.0255463 0.0212286 0.017016 0.0129694 0.00926112
 0.00926022 0.0146922 0.0214642 0.0293186 0.0379157 0.0467631 0.0551345 0.0621672 0.0671381 0.069699 0.0699011 0.0680617 0.06462 0.0600466 0.0547854 0.0492101 0.0436016 0.0381506 0.0329673 0.0280918 0.0235083 0.0191778 0.015088 0.0112978 0.00793932
 0.00933415 0.0148175 0.0216621 0.0296125 0.0383267 0.047304 0.0558049 0.0629538 0.0680192 0.0706481 0.070883 0.0690236 0.0654869 0.0607306 0.0552051 0.0493098 0.0433603 0.0375777 0.0320949 0.0269708 0.0222119 0.0178043 0.0137535 0.010115 0.00698981
 0.0092206 0.0146664 0.0214975 0.0294791 0.0382807 0.0473958 0.0560643 0.0633835 0.0685986 0.071342 0.0716501 0.0698208 0.066269 0.0614458 0.0557933 0.0497072 0.0435111 0.0374473 0.0316791 0.0262988 0.0213448 0.0168296 0.0127743 0.00922984 0.00627037
 0.00926656 0.0147302 0.0215748 0.0295628 0.0383683 0.047498 0.0562082 0.0636055 0.068928 0.0717836 0.072178 0.0703861 0.0668164 0.0619275 0.0561725 0.0499533 0.0435946 0.0373414 0.0313681 0.0257895 0.0206738 0.0160629 0.0119956 0.00852148 0.00569283
 0.00948254 0.0150438 0.0219764 0.0300184 0.0388274 0.0479088 0.0565322 0.0638262 0.0690538 0.0718446 0.0722156 0.0704376 0.0668997 0.0620352 0.0562773 0.0500185 0.0435836 0.0372226 0.0311196 0.0254051 0.0201704 0.0154828 0.0113999 0.00797433 0.00524356
 0.00954118 0.0151339 0.0221014 0.0301753 0.0390048 0.0480854 0.0566781 0.0639099 0.0690541 0.071764 0.0720857 0.0703109 0.066831 0.0620605 0.0564003 0.0502105 0.0437934 0.0373925 0.0311997 0.0253649 0.0200055 0.0152163 0.0110763 0.00764687 0.00495765
 0.00953335 0.0151224 0.0220867 0.030159 0.0389897 0.048075 0.0566749 0.0639132 0.0690586 0.0717602 0.0720655 0.0702751 0.0667947 0.0620508 0.0564451 0.050323 0.0439626 0.0375838 0.0313659 0.0254626 0.0200095 0.0151275 0.0109197 0.00746087 0.00478027
 0.00980897 0.0155355 0.0226426 0.0308384 0.0397521 0.0488666 0.0574349 0.0645777 0.069566 0.0720606 0.0721295 0.0700999 0.0664059 0.0614995 0.0558004 0.049659 0.0433421 0.0370439 0.0309138 0.0250821 0.0196764 0.0148238 0.0106416 0.00721676 0.00458189
 0.00994963 0.0157422 0.0229128 0.031155 0.0400884 0.0491939 0.057729 0.0648216 0.0697499 0.0721799 0.0721831 0.0700873 0.0663256 0.061351 0.0555891 0.0494007 0.043062 0.0367699 0.0306663 0.0248678 0.01949 0.0146559 0.0104868 0.0070773 0.0044646
 0.0100526 0.0159131 0.0231753 0.0315297 0.0405837 0.0497949 0.058389 0.0654662 0.0702956 0.0725592 0.0723618 0.0700672 0.0661342 0.0610268 0.0551714 0.0489256 0.0425628 0.036278 0.030209 0.0244648 0.0191501 0.0143784 0.010266 0.00690654 0.00433828
 0.00987192 0.015649 0.0228339 0.0311396 0.0401923 0.0494595 0.0581667 0.065402 0.07041 0.072839 0.07276 0.0705168 0.0665684 0.0613964 0.0554508 0.0491096 0.0426595 0.0363028 0.0301813 0.0244042 0.0190736 0.0142984 0.0101903 0.00684006 0.00428392
 0.00985339 0.0156083 0.0227542 0.0310014 0.0399821 0.0491816 0.0578518 0.0651057 0.0701979 0.0727646 0.0728467 0.0707497 0.0669009 0.0617656 0.0557962 0.0493877 0.04285 0.0364062 0.030212 0.024383 0.0190216 0.0142334 0.0101252 0.00678272 0.00423829
 0.00979655 0.0155142 0.022609 0.0307904 0.0396921 0.0488056 0.0573963 0.0645973 0.0696863 0.0723184 0.0725401 0.0706429 0.0670201 0.0620924 0.0562725 0.0499339 0.043388 0.036878 0.0305869 0.0246553 0.0192027 0.0143428 0.0101837 0.0068087 0.00424591
 0.00975191 0.0154483 0.0225219 0.0306847 0.0395703 0.048666 0.0572311 0.0643954 0.0694403 0.0720338 0.0722417 0.0703751 0.066837 0.0620414 0.0563758 0.0501788 0.0437304 0.0372574 0.0309461 0.024955 0.0194262 0.0144927 0.010274 0.00685682 0.00426787
 0.00972176 0.0153968 0.0224402 0.0305644 0.0394061 0.0484606 0.0569969 0.0641525 0.0692092 0.0718279 0.0720654 0.0702293 0.0667282 0.061987 0.0563999 0.0503005 0.0439503 0.0375523 0.0312749 0.0252721 0.0196961 0.0146975 0.0104134 0.00694214 0.00431466
 0.00971577 0.0153867 0.022424 0.030539 0.0393668 0.0484009 0.0569102 0.0640346 0.0690618 0.0716603 0.0718929 0.0700685 0.0665928 0.0618872 0.0563459 0.0503034 0.04402 0.0376898 0.0314664 0.0254907 0.0199097 0.0148798 0.0105505 0.00703351 0.00436881
 0.00957314 0.0151685 0.0221215 0.0301543 0.0389131 0.047902 0.0563996 0.0635533 0.0686526 0.0713594 0.071723 0.0700366 0.0666921 0.0621005 0.0566497 0.0506728 0.0444319 0.0381243 0.0319042 0.0259103 0.020288 0.0151962 0.0107934 0.00720332 0.00447625
 0.0093856 0.0148815 0.0217231 0.0296461 0.0383103 0.0472321 0.0557027 0.062881 0.0680629 0.0709072 0.0714496 0.0699627 0.0668166 0.0624028 0.0570952 0.0512195 0.0450369 0.038748 0.0325125 0.0264745 0.0207841 0.0156066 0.0111094 0.0074275 0.00462146
 0.00937095 0.0148425 0.0216368 0.0294823 0.0380404 0.0468414 0.0552016 0.0623074 0.0674735 0.0703633 0.0710053 0.0696585 0.0666768 0.062435 0.0572906 0.0515542 0.0454759 0.0392505 0.033037 0.0269829 0.0212447 0.0159962 0.0114154 0.00764893 0.00476791
 0.00935295 0.0148117 0.0215865 0.0294029 0.0379176 0.0466572 0.0549374 0.0619513 0.0670306 0.0698623 0.0704981 0.0692091 0.0663454 0.0622642 0.057298 0.0517331 0.0457996 0.039679 0.0335235 0.0274802 0.021711 0.0163997 0.0117375 0.00788512 0.00492617
 0.00940776 0.014897 0.0217071 0.0295593 0.0381039 0.0468587 0.0551281 0.0620947 0.0670847 0.0697911 0.0702839 0.0688633 0.0659102 0.0618044 0.0568845 0.0514249 0.045631 0.039655 0.033624 0.0276684 0.0219435 0.0166358 0.0119466 0.00804986 0.00504242
 0.00932772 0.0147736 0.0215347 0.0293384 0.0378428 0.0465739 0.0548444 0.0618414 0.0668877 0.0696634 0.0702204 0.0688436 0.06591 0.0618084 0.0568953 0.051462 0.0457209 0.0398172 0.033861 0.0279627 0.0222632 0.0169448 0.0122144 0.00825881 0.00518927
 0.00940212 0.0148744 0.0216489 0.0294414 0.0379045 0.0465701 0.0547658 0.0616968 0.0667 0.0694615 0.0700304 0.0686821 0.065781 0.0617059 0.0568108 0.0513933 0.0456764 0.0398136 0.0339133 0.0280745 0.0224225 0.0171272 0.012392 0.0084094 0.0053018
 0.0094243 0.0149131 0.0217111 0.0295321 0.0380228 0.0467029 0.0548863 0.0617696 0.0666944 0.0693654 0.0698571 0.0684649 0.0655591 0.0615103 0.056657 0.0512835 0.0456074 0.0397836 0.0339245 0.0281292 0.0225166 0.0172477 0.0125194 0.00852484 0.00539274
 0.0094681 0.0149831 0.0218143 0.0296745 0.038208 0.0469301 0.0551464 0.0620419 0.0669456 0.0695546 0.069946 0.0684306 0.0654035 0.0612605 0.0563555 0.0509736 0.045323 0.039546 0.0337444 0.0280105 0.0224569 0.0172377 0.0125439 0.008566 0.0054352
 0.00954021 0.0150916 0.0219615 0.0298572 0.0384192 0.0471616 0.05539 0.0622886 0.0671834 0.0697665 0.0701089 0.0685184 0.0653931 0.0611408 0.0561342 0.0506779 0.044992 0.0392202 0.0334567 0.0277812 0.0222937 0.0171373 0.0124946 0.0085517 0.00543982
 0.00946976 0.0149976 0.0218576 0.0297686 0.0383748 0.0471829 0.0554824 0.0624404 0.0673732 0.069972 0.0703121 0.0687041 0.0655455 0.0612419 0.0561675 0.0506361 0.044882 0.0390634 0.0332827 0.0276189 0.0221638 0.0170485 0.0124449 0.00853171 0.00543781
 0.0093598 0.0148365 0.0216488 0.029529 0.0381334 0.0469754 0.0553452 0.0624034 0.0674511 0.0701582 0.0705785 0.0690095 0.0658472 0.0615055 0.0563698 0.0507643 0.0449336 0.0390464 0.0332153 0.0275258 0.0220695 0.0169712 0.0123925 0.00850329 0.0054268
 0.00938429 0.0148599 0.0216545 0.0294932 0.0380339 0.0468046 0.0551199 0.0621645 0.0672522 0.0700468 0.0705812 0.0691245 0.0660478 0.0617498 0.0566138 0.0509716 0.0450813 0.0391266 0.0332337 0.0274984 0.0220174 0.0169144 0.0123452 0.00847129 0.00540939
 0.00933577 0.0147838 0.0215443 0.0293432 0.0378376 0.0465553 0.0548138 0.061808 0.0668692 0.0696822 0.0702942 0.0689722 0.0660659 0.0619385 0.0569382 0.051374 0.0454992 0.0395085 0.0335477 0.0277337 0.0221798 0.0170193 0.0124102 0.00851118 0.00543417
 0.00922547 0.0146236 0.0213385 0.0291072 0.0375933 0.0463216 0.0546003 0.0616134 0.0666858 0.0695036 0.0701238 0.0688288 0.0659816 0.0619486 0.0570652 0.0516154 0.0458253 0.0398722 0.0339002 0.0280379 0.0224175 0.0171895 0.0125233 0.00858184 0.00547617
 0.00924483 0.0146459 0.021356 0.0291083 0.0375675 0.0462664 0.054524 0.0615322 0.0666142 0.069445 0.070068 0.0687594 0.0658895 0.0618424 0.0569705 0.051564 0.0458398 0.0399542 0.0340308 0.0281868 0.022556 0.0172999 0.0126005 0.00863021 0.00550376
 0.00937541 0.0148299 0.0215801 0.0293413 0.0377679 0.0463952 0.0545574 0.0614668 0.0664664 0.0692444 0.0698482 0.068548 0.0657015 0.0616806 0.0568339 0.0514558 0.0457692 0.0399311 0.0340567 0.0282512 0.0226394 0.017382 0.0126676 0.00867728 0.00553274
 0.00935992 0.0148097 0.0215577 0.0293201 0.0377475 0.0463673 0.0545043 0.061367 0.0663055 0.0690268 0.0696009 0.0683133 0.0655216 0.0615833 0.0568254 0.0515246 0.0458959 0.0400969 0.0342462 0.0284503 0.0228331 0.0175548 0.0128077 0.00877979 0.00560026
 0.0091678 0.0145375 0.0212228 0.028964 0.0374246 0.046126 0.0543698 0.0613359 0.0663505 0.0691086 0.0696818 0.0683699 0.0655517 0.0616043 0.0568638 0.0516029 0.0460232 0.0402684 0.0344477 0.0286639 0.0230407 0.0177409 0.0129607 0.00889446 0.00567805
 0.00909149 0.0144212 0.0210635 0.0287677 0.0372091 0.0459218 0.054218 0.0612783 0.0664133 0.0692866 0.0699339 0.0686322 0.0657617 0.0617238 0.0568899 0.0515617 0.0459549 0.0402095 0.0344205 0.028674 0.0230813 0.0177985 0.0130214 0.0089476 0.00571816
 0.0087664 0.0139013 0.0202992 0.0277243 0.0358806 0.0443497 0.0525079 0.0595994 0.0649701 0.0682704 0.0694739 0.0687646 0.0664275 0.0627917 0.0581963 0.0529531 0.0473157 0.0414697 0.0355456 0.0296493 0.0238999 0.0184575 0.0135242 0.00930651 0.0059552
 0.00887108 0.0140354 0.0204324 0.0278011 0.0358288 0.044098 0.052007 0.0588395 0.0639944 0.067178 0.068409 0.0678879 0.065874 0.0626333 0.0584247 0.0534905 0.0480473 0.0422798 0.0363434 0.0303766 0.0245254 0.0189681 0.013918 0.00959091 0.00614535
 0.0088319 0.013993 0.0204057 0.0278151 0.0359 0.0442148 0.0521173 0.0588578 0.0638295 0.0667724 0.067769 0.0670921 0.0650565 0.0619465 0.0579949 0.0533829 0.0482522 0.0427261 0.0369291 0.0310014 0.0251122 0.0194694 0.0143129 0.0098787 0.00633862
 0.00881054 0.0139626 0.0203691 0.0277807 0.0358832 0.0442363 0.052197 0.0590019 0.0640152 0.0669403 0.0678349 0.0669793 0.0647346 0.0614557 0.0574388 0.0528921 0.0479368 0.0426398 0.0370595 0.0312866 0.0254711 0.0198289 0.0146235 0.0101175 0.00650405
 0.00874227 0.0138447 0.0201799 0.0274982 0.0354935 0.043746 0.0516428 0.0584508 0.0635493 0.0666304 0.067714 0.0670287 0.0648917 0.061642 0.0575981 0.0530163 0.0480648 0.0428297 0.0373519 0.0316812 0.0259274 0.0202867 0.0150277 0.0104349 0.0067272
 0.00882578 0.0139743 0.020362 0.0277309 0.0357621 0.0440201 0.051877 0.058594 0.0635627 0.0665057 0.06748 0.0667385 0.0645974 0.0613727 0.0573545 0.052786 0.0478451 0.0426403 0.037228 0.0316522 0.0259972 0.0204301 0.0152027 0.0106012 0.00685956
 0.00897819 0.0142133 0.020705 0.0281868 0.0363286 0.0446785 0.052587 0.0592908 0.064164 0.0669277 0.0676594 0.0666508 0.0642643 0.0608533 0.0567239 0.052113 0.0471819 0.0420254 0.036694 0.0312275 0.0256987 0.0202545 0.0151265 0.0105892 0.00687787
 0.00886547 0.0140559 0.0205166 0.0279981 0.0361811 0.0446133 0.0526336 0.059461 0.0644482 0.0672947 0.068058 0.067018 0.0645395 0.0609953 0.0567223 0.0519884 0.0469746 0.0417816 0.0364559 0.0310279 0.0255585 0.0201801 0.015109 0.0106092 0.0069138
 0.0088346 0.0140141 0.0204698 0.0279593 0.0361693 0.044651 0.0527427 0.0596573 0.0647352 0.067658 0.0684635 0.0674154 0.0648716 0.0612102 0.0567854 0.0518914 0.0467376 0.041448 0.0360804 0.0306638 0.0252473 0.0199448 0.0149535 0.0105218 0.00687417
 0.00871383 0.0138274 0.0202077 0.0276214 0.0357669 0.0442098 0.0523043 0.0592775 0.0644748 0.0675683 0.0685712 0.0677136 0.0653193 0.0617399 0.0573186 0.0523559 0.0470844 0.0416601 0.0361721 0.0306705 0.025211 0.0199009 0.0149228 0.0105103 0.00687758
 0.00845269 0.0134336 0.0196723 0.0269568 0.0350032 0.0433886 0.051476 0.0585011 0.0638174 0.0670987 0.0683488 0.0677757 0.0656698 0.0623436 0.0581042 0.0532288 0.0479471 0.0424325 0.0368066 0.0311551 0.0255611 0.020146 0.015093 0.0106285 0.00695878
 0.00790266 0.0126163 0.0185856 0.0256502 0.0335652 0.0419233 0.0500856 0.0572787 0.0628439 0.0664385 0.0680447 0.0678471 0.0661125 0.0631294 0.0591772 0.0545052 0.0493211 0.0437925 0.0380547 0.0322239 0.0264207 0.0207991 0.0155638 0.0109508 0.00716749
 0.00724783 0.0116092 0.01718 0.0238486 0.0314245 0.0395576 0.0476662 0.0550204 0.0609682 0.0651232 0.0673871 0.0678583 0.0667394 0.0642829 0.0607514 0.0563837 0.0513776 0.0458928 0.0400667 0.0340344 0.0279506 0.0220125 0.0164658 0.0115778 0.00757321
#obs surv len freq
 nan nan nan nan nan nan nan nan nan nan nan nan nan nan nan nan nan nan nan nan nan nan nan nan nan
 0.00448394 0.00734488 0.0111744 0.0159902 0.0216904 0.0279654 0.0342791 0.0400103 0.04469 0.0481543 0.0505129 0.0520095 0.0529026 0.0534157 0.0537305 0.0539859 0.0542648 0.0545577 0.0546966 0.0542886 0.0527266 0.0493586 0.0438081 0.0362878 0.0276711
 0.00461072 0.00755365 0.0114932 0.0164457 0.0223013 0.0287325 0.0351748 0.0409763 0.0456457 0.0490128 0.0511976 0.0524655 0.053102 0.0533576 0.0534368 0.0534934 0.0536165 0.0537961 0.0538603 0.0534142 0.0518527 0.0485278 0.0430648 0.0356695 0.0271985
 0.00477496 0.00782126 0.0118972 0.0170175 0.023065 0.0296953 0.0363165 0.0422439 0.0469573 0.0502696 0.0522987 0.0533206 0.0536415 0.0535407 0.0532549 0.052968 0.0527927 0.0527331 0.052624 0.0520746 0.0504845 0.0472109 0.0418783 0.034679 0.02644
 0.00496487 0.00813236 0.0123697 0.0176904 0.0239681 0.0308376 0.0376742 0.0437554 0.048532 0.0518038 0.0536893 0.0544731 0.0544737 0.0539867 0.0532713 0.0525404 0.0519385 0.0515004 0.0510879 0.0503317 0.0486496 0.0454107 0.0402378 0.0333001 0.0253804
 0.00517291 0.00847321 0.0128877 0.0184288 0.0249614 0.0320983 0.0391795 0.0454418 0.0503033 0.053548 0.0552956 0.0558417 0.0555187 0.0546366 0.0534697 0.0522492 0.0511447 0.0502237 0.0493872 0.0483089 0.0464465 0.0431974 0.0381888 0.0315608 0.0240354
 0.00539552 0.00883845 0.0134437 0.0192228 0.0260309 0.0334572 0.0408035 0.0472629 0.052219 0.0554402 0.0570488 0.057353 0.0567007 0.0554167 0.0537884 0.0520601 0.0504177 0.0489547 0.0476118 0.0461166 0.0439866 0.0406685 0.0358073 0.0295147 0.0224402
 0.00563915 0.00923503 0.0140417 0.0200681 0.0271589 0.0348797 0.0424947 0.0491539 0.0542063 0.0574043 0.0588726 0.0589322 0.057948 0.0562606 0.0541707 0.0519329 0.0497442 0.0477167 0.0458258 0.0438547 0.0413915 0.0379491 0.0332062 0.0272526 0.0206606
 0.00588735 0.00964219 0.0146611 0.0209514 0.0283455 0.0363811 0.044278 0.0511374 0.0562724 0.0594234 0.0607242 0.0605161 0.0591848 0.057088 0.0545387 0.0517995 0.0490742 0.0464869 0.0440414 0.0415724 0.0387417 0.035138 0.0304861 0.0248631 0.0187651
 0.00612224 0.0100305 0.0152576 0.0218112 0.0295135 0.0378746 0.0460691 0.0531463 0.0583782 0.0614879 0.0626152 0.0621222 0.0604212 0.0578951 0.054876 0.0516376 0.0483889 0.0452612 0.0422785 0.0393202 0.0361174 0.0323368 0.0277558 0.0224471 0.0168358
 0.00635599 0.0104099 0.0158279 0.0226152 0.0305852 0.0392277 0.0476844 0.0549646 0.0603055 0.0634096 0.0644124 0.0636841 0.0616538 0.0587258 0.055254 0.0515299 0.0477744 0.0441288 0.0406351 0.0372104 0.033648 0.0296869 0.0251579 0.0201345 0.0149783
 0.00659603 0.0108052 0.0164318 0.0234792 0.0317471 0.0406941 0.0494143 0.0568669 0.062256 0.0652787 0.0660875 0.0650785 0.0627033 0.0593831 0.0554839 0.0513067 0.047081 0.0429579 0.0389968 0.0351495 0.0312639 0.0271449 0.0226723 0.0179222 0.0131991
 0.00682883 0.0111881 0.0170161 0.0243153 0.0328745 0.042125 0.0511163 0.0587566 0.0642091 0.0671539 0.0677519 0.066426 0.0636628 0.0599167 0.0555783 0.0509619 0.046301 0.0417495 0.0373773 0.0331635 0.0290034 0.024759 0.0203535 0.0158651 0.0115467
 0.00705168 0.0115535 0.0175718 0.0251075 0.0339385 0.0434707 0.0527134 0.0605284 0.0660428 0.0689211 0.0693291 0.0677082 0.0645715 0.0604034 0.0556236 0.0505696 0.045489 0.0405425 0.035808 0.031284 0.0269015 0.0225684 0.0182429 0.0140029 0.010056
 0.00727245 0.0119148 0.0181198 0.025886 0.0349794 0.0447797 0.0542551 0.0622227 0.0677759 0.070568 0.0707746 0.0688595 0.0653621 0.0607928 0.0555952 0.0501273 0.0446525 0.0393432 0.0342888 0.0295048 0.0249504 0.0205673 0.0163384 0.0123378 0.00873137
 0.00744187 0.0121942 0.0185478 0.0265009 0.0358119 0.0458407 0.0555229 0.063638 0.0692493 0.0719959 0.072056 0.0699077 0.0661104 0.0611968 0.0556322 0.049794 0.0439616 0.0383211 0.0329766 0.0279621 0.0232615 0.0188432 0.0147068 0.0109189 0.0076077
 0.00750528 0.0123042 0.0187267 0.0267755 0.03621 0.046384 0.0562194 0.0644763 0.0701978 0.0730055 0.0730643 0.0708442 0.0669034 0.0617808 0.0559547 0.0498197 0.043675 0.037727 0.0321005 0.0268532 0.0219948 0.0175177 0.0134348 0.00980405 0.00672111
 0.00758116 0.012416 0.0188744 0.026954 0.0364138 0.0466142 0.0564874 0.0648016 0.0706006 0.0734962 0.0736362 0.0714695 0.067535 0.0623585 0.0564133 0.0500984 0.043726 0.0375228 0.0316394 0.0261626 0.0211322 0.0165668 0.012493 0.00896274 0.00604421
 0.00765353 0.0125295 0.0190367 0.0271676 0.0366737 0.046906 0.0567879 0.0650846 0.0708476 0.0737068 0.0738294 0.0716742 0.0677725 0.062628 0.0566873 0.0503281 0.0438537 0.0374965 0.0314265 0.0257594 0.020569 0.0159041 0.0118095 0.00833625 0.00553186
 0.00772777 0.0126436 0.0191958 0.0273722 0.036919 0.0471821 0.0570794 0.0653702 0.071103 0.0739104 0.0739701 0.0717563 0.0678159 0.0626589 0.0567251 0.0503734 0.0438839 0.0374724 0.0313068 0.025518 0.020207 0.0154536 0.0113253 0.00787932 0.0051505
 0.00777082 0.0127103 0.0192902 0.0274953 0.0370687 0.0473529 0.0572619 0.0655524 0.0712717 0.0740545 0.0740821 0.0718335 0.0678606 0.0626788 0.0567313 0.0503754 0.0438822 0.0374537 0.0312465 0.0253905 0.0199997 0.0151763 0.0110098 0.00756838 0.00488253
 0.00781622 0.012778 0.0193806 0.0276048 0.037191 0.0474803 0.0573873 0.0656694 0.0713752 0.0741404 0.074148 0.0718787 0.0678857 0.062686 0.0567241 0.0503581 0.0438575 0.0374192 0.0311926 0.0253029 0.019867 0.0149988 0.0108029 0.00735861 0.00469688
 0.00786649 0.0128548 0.0194866 0.0277387 0.0373465 0.0476469 0.0575507 0.0658134 0.0714852 0.0742082 0.0741734 0.0718685 0.0678498 0.0626338 0.0566629 0.0502923 0.0437895 0.0373487 0.0311157 0.0252127 0.0197566 0.0148664 0.0106555 0.007211 0.00456581
 0.00785914 0.0128456 0.0194778 0.0277341 0.0373504 0.0476624 0.0575784 0.0658508 0.0715282 0.0742519 0.0742143 0.0719049 0.0678819 0.0626626 0.0566891 0.0503157 0.0438084 0.0373601 0.0311151 0.0251951 0.0197179 0.0148057 0.0105778 0.00712633 0.00448628
 0.00789031 0.0128878 0.0195259 0.0277786 0.0373809 0.0476726 0.0575694 0.0658311 0.0715087 0.0742415 0.0742159 0.0719165 0.0678985 0.0626799 0.0567046 0.0503284 0.0438178 0.037365 0.0311132 0.025183 0.0196925 0.0147664 0.0105272 0.00707074 0.00443348
 0.0078929 0.0128922 0.0195327 0.0277871 0.0373889 0.0476747 0.0575581 0.0657995 0.0714553 0.0741732 0.0741476 0.0718651 0.0678766 0.0626908 0.0567429 0.050384 0.0438799 0.0374246 0.0311637 0.0252196 0.0197123 0.0147687 0.0105144 0.00704794 0.00440719
 0.00787156 0.0128555 0.0194741 0.0277004 0.0372703 0.0475266 0.0573912 0.0656312 0.0713054 0.0740576 0.0740759 0.0718412 0.0679009 0.0627613 0.0568543 0.0505264 0.0440394 0.0375857 0.0313124 0.0253455 0.0198094 0.0148353 0.0105533 0.00706499 0.00440994
 0.0078761 0.0128561 0.0194624 0.0276642 0.0371969 0.0474075 0.0572269 0.0654337 0.0710957 0.0738616 0.0739181 0.07174 0.0678656 0.0627917 0.0569431 0.0506611 0.0442049 0.0377653 0.0314895 0.0255056 0.019942 0.0149354 0.0106212 0.00710544 0.0044303
 0.00787969 0.0128627 0.0194732 0.0276795 0.0372141 0.0474194 0.0572213 0.0653961 0.0710154 0.0737382 0.0737646 0.0715795 0.0677251 0.0626941 0.0569012 0.0506771 0.0442712 0.0378681 0.0316118 0.0256306 0.0200555 0.0150279 0.0106888 0.0071494 0.00445534
 0.00786082 0.0128321 0.0194275 0.0276163 0.0371332 0.0473243 0.0571194 0.0652969 0.070927 0.0736635 0.0737015 0.0715248 0.0676793 0.0626636 0.0568966 0.050708 0.0443413 0.0379733 0.0317408 0.025768 0.020186 0.0151395 0.0107749 0.00720913 0.00449245
 0.00783861 0.0127934 0.0193649 0.0275218 0.0370008 0.0471539 0.05692 0.0650871 0.0707311 0.0735054 0.0735976 0.0714808 0.0676907 0.0627199 0.0569867 0.0508238 0.0444785 0.0381281 0.0319073 0.0259364 0.0203443 0.0152763 0.010883 0.00728669 0.00454273
 0.00782762 0.0127736 0.0193313 0.0274683 0.036921 0.0470429 0.0567767 0.0649167 0.0705454 0.0733221 0.0734377 0.0713643 0.0676314 0.0627223 0.0570458 0.0509282 0.0446148 0.0382844 0.0320731 0.0261022 0.0205 0.0154127 0.0109929 0.00736771 0.00459681
 0.00780448 0.012735 0.0192714 0.0273811 0.0368019 0.046891 0.0565966 0.0647187 0.0703445 0.0731348 0.0732799 0.07125 0.0675718 0.0627244 0.0571103 0.051049 0.0447795 0.0384769 0.0322772 0.0263029 0.0206848 0.0155718 0.0111203 0.00746162 0.00466005
 0.00777563 0.0126883 0.0192015 0.0272834 0.0366732 0.0467313 0.0564107 0.064517 0.0701417 0.0729475 0.0731238 0.071138 0.067513 0.0627238 0.0571688 0.0511629 0.0449404 0.0386719 0.0324901 0.0265168 0.0208841 0.0157443 0.0112587 0.00756399 0.00472933
 0.00772921 0.0126129 0.0190883 0.027125 0.0364659 0.0464779 0.0561239 0.0642189 0.0698601 0.0727093 0.0729497 0.0710402 0.0674951 0.0627828 0.057297 0.0513494 0.045172 0.0389333 0.0327645 0.0267862 0.0211318 0.0159569 0.0114281 0.00768854 0.00481329
 0.00769085 0.0125497 0.0189918 0.0269868 0.0362798 0.0462432 0.0558478 0.0639186 0.0695602 0.0724377 0.0727324 0.0708971 0.067438 0.062814 0.0574106 0.0515332 0.0454097 0.0392068 0.0330543 0.0270729 0.0213972 0.0161861 0.0116118 0.00782435 0.00490526
 0.00766269 0.0125037 0.018922 0.0268873 0.0361459 0.0460725 0.0556427 0.063687 0.0693156 0.0721979 0.0725171 0.0707262 0.0673287 0.0627785 0.0574539 0.051652 0.0455935 0.0394391 0.0333152 0.027341 0.0216521 0.0164106 0.0117946 0.00796117 0.00499885
 0.00765577 0.012491 0.0189003 0.0268523 0.0360929 0.0459975 0.0555437 0.0635643 0.0691725 0.07204 0.0723534 0.0705684 0.0671912 0.062677 0.0574026 0.0516609 0.0456653 0.0395681 0.0334881 0.0275394 0.021855 0.0165989 0.0119537 0.00808357 0.00508441
 0.00765823 0.0124963 0.0189103 0.026869 0.036117 0.0460265 0.0555708 0.0635793 0.069164 0.0719992 0.0722768 0.0704594 0.0670597 0.0625382 0.0572748 0.0515624 0.0456109 0.0395661 0.0335376 0.0276306 0.021972 0.0167229 0.0120681 0.00817718 0.00515278
 0.00761688 0.0124332 0.0188233 0.0267597 0.0359907 0.0458925 0.0554415 0.0634685 0.0690829 0.0719531 0.0722627 0.0704681 0.0670799 0.0625614 0.0572983 0.05159 0.0456507 0.0396266 0.033624 0.0277414 0.0220986 0.0168522 0.0121863 0.00827396 0.00522382
 0.00761069 0.0124211 0.0188015 0.0267235 0.0359366 0.0458198 0.0553545 0.0633763 0.0689975 0.0718854 0.0722196 0.0704503 0.0670827 0.062577 0.0573192 0.0516119 0.0456745 0.0396575 0.0336683 0.0278028 0.0221756 0.0169376 0.01227 0.00834655 0.0052796
 0.0075711 0.0123608 0.0187181 0.0266176 0.0358109 0.0456788 0.0552044 0.0632259 0.068858 0.0717702 0.0721413 0.0704182 0.0670998 0.0626388 0.0574147 0.0517275 0.0457979 0.0397806 0.0337881 0.0279192 0.0222881 0.0170435 0.0123644 0.00842436 0.0053379
 0.00756516 0.0123477 0.0186922 0.0265721 0.0357398 0.0455805 0.0550839 0.0630942 0.0687291 0.0716564 0.0720516 0.0703581 0.0670727 0.0626465 0.0574567 0.0517992 0.0458913 0.0398864 0.0338979 0.0280271 0.0223903 0.017137 0.0124458 0.00849074 0.00538763
 0.00753347 0.0122995 0.0186258 0.0264874 0.035638 0.0454632 0.0549531 0.0629536 0.0685863 0.0715227 0.0719408 0.0702829 0.0670419 0.0626627 0.057517 0.0518969 0.0460171 0.0400295 0.0340472 0.0281727 0.0225244 0.017254 0.0125425 0.0085657 0.00544153
 0.00754922 0.012322 0.0186538 0.0265178 0.0356665 0.0454854 0.0549651 0.062952 0.0685672 0.0714827 0.0718782 0.0702005 0.0669482 0.0625707 0.0574406 0.0518471 0.0459991 0.0400426 0.0340859 0.0282286 0.0225884 0.0173181 0.0126003 0.0086132 0.00547714
 0.00753962 0.0123105 0.0186438 0.0265147 0.0356753 0.0455078 0.0549979 0.0629871 0.0685947 0.0714943 0.0718695 0.0701709 0.0669003 0.0625103 0.057376 0.0517885 0.0459563 0.0400223 0.03409 0.0282539 0.0226282 0.0173642 0.0126454 0.00865191 0.00550682
 0.00752103 0.0122822 0.0186054 0.0264675 0.0356234 0.045458 0.0549587 0.0629669 0.0685984 0.0715205 0.0719099 0.0702135 0.0669338 0.0625275 0.0573764 0.0517765 0.04594 0.0400106 0.0340896 0.0282678 0.0226549 0.0173988 0.0126816 0.00868447 0.00553247
 0.00751847 0.0122765 0.0185937 0.0264468 0.0355912 0.0454139 0.0549062 0.0629136 0.068554 0.0714942 0.071907 0.0702331 0.0669693 0.0625686 0.0574128 0.0518019 0.0459535 0.0400161 0.0340937 0.0282762 0.0226705 0.0174208 0.0127068 0.00870862 0.00555244
 0.00748366 0.0122218 0.0185152 0.0263422 0.0354607 0.0452613 0.0547397 0.0627464 0.0684031 0.0713774 0.0718392 0.0702234 0.0670181 0.0626676 0.0575465 0.0519517 0.0461026 0.0401529 0.034213 0.0283778 0.0227565 0.017493 0.0127659 0.00875454 0.00558563
 0.00748947 0.0122275 0.0185168 0.0263336 0.0354351 0.0452137 0.0546689 0.0626559 0.0683001 0.0712716 0.0717414 0.0701449 0.0669691 0.0626552 0.0575725 0.0520111 0.046185 0.0402456 0.0343047 0.0284613 0.0228282 0.0175524 0.0128134 0.00879093 0.0056118
 0.00748947 0.0122275 0.0185168 0.0263336 0.0354351 0.0452137 0.0546689 0.0626559 0.0683001 0.0712716 0.0717414 0.0701449 0.0669691 0.0626552 0.0575725 0.0520111 0.046185 0.0402456 0.0343047 0.0284613 0.0228282 0.0175524 0.0128134 0.00879093 0.0056118
 0.00714644 0.0116863 0.017735 0.0252883 0.034134 0.0437078 0.0530637 0.0611062 0.0669829 0.0703427 0.071299 0.0702129 0.0675036 0.0635641 0.0587398 0.0533183 0.0475262 0.0415352 0.0354797 0.0294803 0.0236698 0.0182126 0.0133026 0.00913093 0.00583163
 0.00721653 0.0117562 0.0177586 0.0251947 0.0338447 0.0431662 0.0522609 0.0600918 0.065856 0.0692309 0.0703341 0.0695094 0.0671404 0.0635715 0.0590963 0.053959 0.048359 0.0424605 0.0364066 0.0303371 0.0244082 0.018808 0.0137513 0.00944578 0.00603614
 0.00724283 0.0118164 0.0178777 0.0253971 0.0341355 0.0435086 0.0525656 0.0602336 0.065719 0.068761 0.0695693 0.068571 0.066193 0.0627745 0.0585649 0.0537451 0.048451 0.0427972 0.0368997 0.0308938 0.0249496 0.0192792 0.0141241 0.00971554 0.00621467
 0.00718288 0.0117305 0.0177716 0.025287 0.0340483 0.043477 0.0526175 0.060376 0.0659206 0.0689476 0.0696425 0.0684491 0.065854 0.062275 0.0580213 0.0532898 0.0481855 0.0427644 0.0370804 0.0312248 0.0253499 0.0196748 0.0144635 0.00997428 0.00639182
 0.00713438 0.0116455 0.0176333 0.025079 0.0337622 0.0431232 0.0522331 0.0600219 0.0656649 0.0688385 0.0696849 0.0685966 0.0660255 0.06239 0.0580396 0.0532303 0.0481152 0.0427623 0.0371995 0.0314706 0.0256846 0.0200383 0.0147986 0.010244 0.00658394
 0.00716934 0.0117021 0.0177168 0.0251911 0.0338973 0.0432642 0.0523518 0.0600866 0.0656539 0.068754 0.0695539 0.0684572 0.065904 0.062286 0.0579292 0.0530884 0.0479399 0.0425839 0.037067 0.0314248 0.0257367 0.0201665 0.0149621 0.0104024 0.00671103
 0.00721221 0.0117789 0.0178451 0.0253904 0.0341825 0.0436365 0.0527893 0.0605422 0.0660641 0.0690543 0.0696984 0.0684314 0.0657268 0.0619983 0.057576 0.0527039 0.0475462 0.0422008 0.0367206 0.0311462 0.0255493 0.0200738 0.0149457 0.0104314 0.00675578
 0.00715757 0.0116999 0.0177452 0.0252815 0.0340847 0.0435755 0.0527924 0.0606315 0.0662471 0.0693161 0.0699997 0.0687176 0.0659449 0.062114 0.0575816 0.0526153 0.0473921 0.0420125 0.0365278 0.0309759 0.0254231 0.0200025 0.0149259 0.0104476 0.00678818
 0.00715704 0.0116933 0.0177254 0.0252398 0.0340149 0.0434801 0.0526869 0.0605437 0.0662097 0.0693556 0.0701254 0.0689159 0.0661804 0.0623394 0.057752 0.0527019 0.0473886 0.0419342 0.0364034 0.0308378 0.0253 0.0199131 0.0148761 0.0104317 0.00679373
 0.00708532 0.0115778 0.0175536 0.0250014 0.0337046 0.0431019 0.0522592 0.060102 0.0658038 0.0690417 0.069954 0.0689191 0.0663622 0.0626716 0.0581801 0.0531589 0.0478139 0.0422875 0.0366705 0.0310268 0.0254308 0.0200075 0.0149499 0.0104926 0.00684328
 0.00699726 0.0114323 0.0173306 0.0246821 0.0332764 0.0425667 0.0516403 0.0594455 0.065172 0.0685009 0.0695635 0.0687237 0.0663869 0.0629168 0.0586182 0.0537361 0.0484594 0.0429292 0.0372511 0.031513 0.0258141 0.0202965 0.0151607 0.0106419 0.00694494
 0.00695583 0.0113576 0.0172046 0.0244829 0.0329828 0.0421657 0.0511349 0.0588593 0.0645473 0.0678928 0.0690321 0.0683261 0.0661699 0.06291 0.0588277 0.0541411 0.0490134 0.0435667 0.0379009 0.0321135 0.0263245 0.0206996 0.0154592 0.01085 0.00708156
 0.00687438 0.0112272 0.0170119 0.024216 0.0326329 0.0417294 0.0506182 0.05828 0.0639362 0.0672908 0.0684868 0.0678872 0.0658838 0.0628136 0.0589423 0.0544668 0.0495252 0.0442154 0.0386193 0.0328294 0.0269745 0.0212415 0.0158757 0.0111458 0.00727578
#pred catch len freq
 0.0045242 0.00712426 0.0103249 0.014023 0.0181567 0.0226948 0.0275647 0.0326074 0.0376018 0.0423206 0.0465685 0.0501993 0.0531291 0.0553419 0.0568813 0.0578366 0.0583286 0.0584793 0.0583363 0.0577498 0.0562795 0.0532603 0.0481062 0.0407359 0.031825
 0.00460062 0.00720339 0.010364 0.0139636 0.0179514 0.0223427 0.0271325 0.0322139 0.0373666 0.0423063 0.0467538 0.0504999 0.0534504 0.0556302 0.0571459 0.0581333 0.0587145 0.0589626 0.0588464 0.058151 0.0564263 0.0530699 0.0476048 0.0400489 0.0311169
 0.00480307 0.00750634 0.0107677 0.0144414 0.0184466 0.0227711 0.0273978 0.0322379 0.03713 0.0418741 0.0462594 0.0500871 0.0532084 0.0555661 0.05721 0.05827 0.0588963 0.0591824 0.0590821 0.0583382 0.0564693 0.0528896 0.0471904 0.0394729 0.030502
 0.00500634 0.00782875 0.0112375 0.0150785 0.0192558 0.0237326 0.0284535 0.033284 0.038027 0.0424803 0.0464802 0.0499165 0.0527361 0.0549389 0.0565692 0.0577028 0.0584267 0.0587916 0.05873 0.0579714 0.0560278 0.052327 0.0465041 0.0387187 0.0297747
 0.00524348 0.0081984 0.0117658 0.0157833 0.020149 0.0248205 0.0297301 0.0347162 0.0395385 0.0439436 0.0477275 0.0507753 0.053082 0.0547424 0.0559069 0.0567238 0.0572917 0.0576193 0.0575753 0.056836 0.0548881 0.051168 0.0453445 0.0376178 0.0288124
