SBPRF35
12.7214
Curr Bio
1.13653e+06
B35
873363
F35
0.170968
FOFL
0.170968
OFL
0
Bzero
3.63469e+06
#pred survey bio
 3.69953e+06 3.55688e+06 3.43118e+06 3.25936e+06 3.05103e+06 2.80724e+06 2.5697e+06 2.30177e+06 2.04542e+06 1.83012e+06 1.59331e+06 1.37739e+06 1.22522e+06 1.10549e+06 956996 835641 739587 673830 642417 619172 608469 584470 582145 562261 564700 557113 552297 559075 563476 562832 572062 579257 588235 584867 594791 608524 623715 639757 641256 648918 649685 653057 663407 674113 668890 665321 660671 649101 650330 634117 627034 747037 875379 1.00813e+06 1.14315e+06 2.68446e+07 2.53296e+07 2.42172e+07 2.38006e+07 2.39244e+07 2.43757e+07 2.4976e+07 2.56035e+07 2.61876e+07 2.66961e+07 2.71201e+07 2.74639e+07 2.77375e+07 2.79525e+07 2.81203e+07 2.82506e+07 2.83517e+07 2.84302e+07 2.84912e+07 2.85388e+07 2.8576e+07 2.86053e+07 2.86283e+07 2.86465e+07 2.8661e+07 2.86725e+07 2.86817e+07 2.86891e+07 2.8695e+07 2.86997e+07 2.87036e+07 2.87067e+07 2.87092e+07 2.87112e+07 2.87128e+07 2.87142e+07 2.87153e+07 2.87162e+07 2.87169e+07 2.87175e+07 2.8718e+07 2.87184e+07 2.87187e+07 2.8719e+07 2.87192e+07 2.87194e+07 2.87195e+07 2.87196e+07 2.87197e+07 2.87198e+07 2.87199e+07 2.87199e+07 2.872e+07 2.872e+07 2.872e+07 2.872e+07 2.87201e+07 2.87201e+07 2.87201e+07 2.87201e+07 2.87201e+07 2.87201e+07 2.87201e+07 2.87201e+07 2.87201e+07 2.87201e+07 2.87201e+07 2.87201e+07 2.87201e+07 2.87201e+07 2.87201e+07 2.87201e+07 2.87201e+07 2.87201e+07 2.87201e+07 2.87201e+07 2.87201e+07 2.87201e+07 2.87201e+07 2.87201e+07 2.87201e+07 2.87201e+07 2.87201e+07 2.87201e+07 2.87201e+07 2.87201e+07 2.87201e+07 2.87201e+07 2.87201e+07 2.87201e+07 2.87201e+07 2.87201e+07 2.87201e+07 2.87201e+07 2.87201e+07 2.87201e+07 2.87201e+07 2.87201e+07 2.87201e+07 2.87201e+07 1.28228e+06 0 0 0 0 0 0 0 0 0 0 0 0 0 0 0 0 0 0 0 0 0 0 0 0
#obs survey bio
 3.94214e+06 3.97036e+06 3.26214e+06 3.59913e+06 3.05773e+06 3.24933e+06 2.69774e+06 1.97455e+06 2.2613e+06 1.64602e+06 1.36038e+06 1.6975e+06 839459 1.12143e+06 656975 885201 636304 358753 640490 608662 692196 533095 777949 540326 367743 535617 637870 872262 694795 539763 558878 651967 452172 564455 601823 543058 630645 578410 570574 716422 681887 711524 606647 885587 602141 512111 620237 624806 970003 552885 647311 868982 749156 1.36494e+06 895136
#pred catch bio
 108329 101834 155421 201774 249612 260922 306195 312249 289706 320897 310512 260276 237184 264283 238573 213046 183333 152069 143448 130598 138409 116875 128780 107767 115001 110667 99506.3 100496 103431 94612.1 96843.3 96109 106932 96050.3 93841.2 93560.4 94042.3 106952 101681 107335 104560 98981.8 99680.7 113257 110890 110671 114712 101713 114034 104174 6.94081 7.75626 8.70771 10.4641 11.8889 179047 168460 159502 155206 155018 157174 160367 163766 166908 169586 171752 173440 174722 175675 176374 176879 177242 177500 177682 177811 177901 177965 178009 178039 178061 178076 178086 178093 178098 178101 178104 178105 178106 178107 178108 178108 178108 178108 178108 178109 178109 178109 178109 178109 178109 178109 178109 178109 178109 178109 178109 178109 178109 178109 178109 178109 178109 178109 178109 178109 178109 178109 178109 178109 178109 178109 178109 178109 178109 178109 178109 178109 178109 178109 178109 178109 178109 178109 178109 178109 178109 178109 178109 178109 178109 178109 178109 178109 178109 178109 178109 178109 178109 178109 178109 178109 178109 178109 178109 178109 0 0 0 0 0 0 0 0 0 0 0 0 0 0 0 0 0 0 0 0 0 0 0 0 0
#obs catch bio
 0 101467 155635 201465 249150 259779 305628 312539 288883 321001 311997 261088 238676 266822 242505 216534 185866 155207 146508 132317 140366 117481 129128 107817 115913 111321 99579.2 100208 102898 93922.3 96340.4 95427.1 106999 95837.1 94095.4 93382.4 93649.8 107100 101560 107175 104276 98281.9 99561.4 112884 110832 110519 114857 101377 113383 110974 6.45761 7.75505 8.70208 10.4672 11.8889
#pred cpue bio
 3.65842e+06 3.51721e+06 3.39155e+06 3.21986e+06 3.01211e+06 2.76879e+06 2.53156e+06 2.26429e+06 2.00879e+06 1.79423e+06 1.55861e+06 1.34395e+06 1.19247e+06 1.07326e+06 926142 806206 711716 647058 616198 593795 583832 560879 559036 539890 542409 535189 530815 537842 542524 542093 551133 558130 566844 563483 573193 586823 601846 617538 618995 626589 627506 630951 641015 651470 646419 643051 638705 627645 629291 613799 606681 724908 852407 984101 1.11765e+06 2.62838e+07 2.47894e+07 2.35603e+07 2.30356e+07 2.31308e+07 2.35769e+07 2.41765e+07 2.48038e+07 2.53879e+07 2.58964e+07 2.63205e+07 2.66643e+07 2.69378e+07 2.71528e+07 2.73206e+07 2.74509e+07 2.7552e+07 2.76305e+07 2.76916e+07 2.77391e+07 2.77764e+07 2.78056e+07 2.78286e+07 2.78468e+07 2.78613e+07 2.78729e+07 2.7882e+07 2.78894e+07 2.78953e+07 2.79e+07 2.79039e+07 2.7907e+07 2.79095e+07 2.79115e+07 2.79132e+07 2.79145e+07 2.79156e+07 2.79165e+07 2.79172e+07 2.79178e+07 2.79183e+07 2.79187e+07 2.7919e+07 2.79193e+07 2.79195e+07 2.79197e+07 2.79198e+07 2.79199e+07 2.792e+07 2.79201e+07 2.79202e+07 2.79202e+07 2.79203e+07 2.79203e+07 2.79203e+07 2.79204e+07 2.79204e+07 2.79204e+07 2.79204e+07 2.79204e+07 2.79204e+07 2.79204e+07 2.79204e+07 2.79204e+07 2.79204e+07 2.79204e+07 2.79204e+07 2.79204e+07 2.79205e+07 2.79205e+07 2.79205e+07 2.79205e+07 2.79205e+07 2.79205e+07 2.79205e+07 2.79205e+07 2.79205e+07 2.79205e+07 2.79205e+07 2.79205e+07 2.79205e+07 2.79205e+07 2.79205e+07 2.79205e+07 2.79205e+07 2.79205e+07 2.79205e+07 2.79205e+07 2.79205e+07 2.79205e+07 2.79205e+07 2.79205e+07 2.79205e+07 2.79205e+07 2.79205e+07 2.79205e+07 2.79205e+07 2.79205e+07 2.79205e+07 2.79205e+07 1.24425e+06 0 0 0 0 0 0 0 0 0 0 0 0 0 0 0 0 0 0 0 0 0 0 0 0
#obs cpue bio
 4.04526e+06 2.9393e+06 3.4778e+06 4.74547e+06 3.43106e+06 2.49256e+06 2.09483e+06 1.89668e+06 2.15783e+06 1.84245e+06 1.3163e+06 1.0125e+06 1.21009e+06 1.032e+06 744354 615440 720394 542456 459818 644009 501856 665519 603844 483782 575269 567361 555501 479453 592922 667713 565085 583047 506488 632782 390137 976601 700403 524877 729322 663829 669900 869420 422550 714838 544016 898576 629180 764901 686893 505755 749962 701430 698337 750074 1.29373e+06
#pred surv len freq
 0.00420867 0.00693022 0.0106118 0.0152943 0.0208956 0.027119 0.0334369 0.0392344 0.0440451 0.047699 0.0502882 0.0520257 0.053126 0.0537562 0.0540388 0.0540747 0.0539669 0.0538186 0.0536678 0.0533569 0.0524186 0.0501228 0.045778 0.0391808 0.0309052
 0.00448605 0.00730404 0.0110344 0.0156802 0.0211533 0.0271972 0.0333535 0.0390666 0.0438829 0.0475943 0.0502351 0.051984 0.0530664 0.0536959 0.0540428 0.0542214 0.0542978 0.0542963 0.0541656 0.0536945 0.0524326 0.0497416 0.0450596 0.0382867 0.0300274
 0.00453749 0.00744388 0.0113424 0.0162484 0.0220432 0.0283835 0.0346937 0.0403305 0.0448411 0.0481147 0.0503227 0.0517452 0.0526346 0.0531778 0.0535105 0.053731 0.0538968 0.0540036 0.0539427 0.0534395 0.0520188 0.0490848 0.0441722 0.0372805 0.0290605
 0.00466653 0.00763576 0.011603 0.016585 0.0224787 0.028968 0.0354951 0.0413951 0.0461384 0.0495049 0.0515845 0.0526574 0.0530661 0.0531267 0.0530784 0.053063 0.0531272 0.0532243 0.0531877 0.0526843 0.0512011 0.0481508 0.0431248 0.0361957 0.0280575
 0.00486807 0.00796056 0.0120849 0.0172495 0.0233344 0.0299982 0.0366555 0.0426261 0.0473865 0.050734 0.0527594 0.053711 0.0538836 0.0535742 0.0530621 0.0525757 0.0522495 0.052083 0.0519013 0.0513271 0.0498024 0.0467234 0.0417033 0.0348543 0.0268919
 0.00510973 0.00835467 0.0126801 0.018091 0.0244541 0.0313988 0.0382945 0.0444102 0.0491868 0.0524167 0.054217 0.0548754 0.0547152 0.0540372 0.0531088 0.0521577 0.0513498 0.0507411 0.0502103 0.0494059 0.047768 0.0446825 0.0397609 0.0331178 0.0254559
 0.00533126 0.00872025 0.0132407 0.0188983 0.0255511 0.0328047 0.0399873 0.0463189 0.0511976 0.0543919 0.0560162 0.0563753 0.055823 0.0546942 0.0532824 0.0518288 0.0505078 0.0493948 0.0484073 0.047243 0.0453859 0.0422493 0.0374502 0.0310857 0.0238139
 0.00557829 0.00912965 0.0138715 0.0198108 0.0267956 0.0344026 0.0419122 0.0484888 0.0534852 0.0566471 0.058089 0.0581307 0.0571496 0.0555098 0.0535353 0.0514945 0.0495829 0.0478953 0.0463776 0.0447725 0.0426219 0.0393917 0.0347245 0.0286981 0.021905
 0.00585758 0.00958064 0.0145452 0.0207546 0.0280468 0.0359769 0.04379 0.0506061 0.0557379 0.0589049 0.0602122 0.0599847 0.0586145 0.0564873 0.0539522 0.051303 0.0487598 0.046444 0.0443356 0.0422271 0.0397242 0.0363575 0.0318066 0.0261335 0.0198572
 0.00609476 0.00997033 0.0151393 0.0216038 0.029191 0.03743 0.0455251 0.0525519 0.0577913 0.060952 0.062145 0.0617051 0.060032 0.0575152 0.054509 0.0513173 0.0481775 0.0452374 0.0425168 0.0398657 0.036963 0.0334125 0.028939 0.0235937 0.0178214
 0.00639905 0.0104714 0.0159046 0.0226991 0.0306654 0.0392934 0.0477261 0.0549716 0.0602621 0.0632938 0.0642005 0.0633604 0.0612191 0.0582013 0.0546792 0.0509581 0.04727 0.0437634 0.0404794 0.0373172 0.034031 0.030306 0.0259214 0.0209235 0.0156831
 0.0067911 0.0110936 0.0168135 0.0239383 0.0322596 0.0412383 0.0499741 0.0574232 0.0627719 0.0656912 0.0663159 0.0650496 0.0623802 0.0587819 0.0546705 0.0503776 0.046142 0.0421089 0.0383232 0.0347139 0.0310951 0.0272271 0.0229448 0.0182948 0.0135797
 0.00708795 0.0115738 0.017531 0.0249402 0.0335758 0.0428664 0.0518655 0.0594822 0.0648727 0.0677041 0.0681262 0.066561 0.0635114 0.0594649 0.054855 0.0500372 0.0452736 0.0407286 0.0364655 0.0324415 0.0285186 0.0245169 0.0203177 0.0159686 0.0117136
 0.00724171 0.0118434 0.0179732 0.0256196 0.0345504 0.0441644 0.0534632 0.0612973 0.0667792 0.069561 0.0698048 0.0679609 0.0645626 0.0601217 0.0550871 0.0498234 0.0446013 0.0395986 0.0349001 0.0304965 0.0262961 0.0221711 0.0180402 0.0139498 0.0100925
 0.00750674 0.0122863 0.0186615 0.026623 0.0359248 0.0459269 0.0555665 0.0636197 0.0691403 0.0717564 0.0716461 0.0693074 0.0653381 0.0603153 0.0547368 0.0489914 0.0433507 0.0379823 0.0329663 0.0283055 0.0239403 0.0197849 0.0157883 0.0119924 0.00854209
 0.0076646 0.0125592 0.019103 0.0272948 0.0368852 0.0472116 0.0571674 0.0654731 0.0711308 0.0737333 0.0734451 0.0707727 0.0663449 0.0607872 0.0546546 0.0483867 0.0422888 0.0365418 0.0312268 0.0263496 0.0218648 0.01771 0.0138516 0.0103236 0.00722885
 0.00793813 0.012971 0.0196634 0.0279958 0.03771 0.0481463 0.0582064 0.0666134 0.0723578 0.0750075 0.0746962 0.0719045 0.0672497 0.061365 0.0548319 0.0481292 0.0416049 0.0354767 0.0298522 0.0247545 0.0201525 0.0159967 0.0122586 0.00895812 0.00615954
 0.00811281 0.0132572 0.0200958 0.0286026 0.0385002 0.0490952 0.0592485 0.0676537 0.0733037 0.0758031 0.0753349 0.0724116 0.0676473 0.0616447 0.0549509 0.0480279 0.0412323 0.0348115 0.0289119 0.0235945 0.0188585 0.0146739 0.011016 0.00788899 0.00532215
 0.00800585 0.0131071 0.0199155 0.0284225 0.0383647 0.0490534 0.0593428 0.0679093 0.0737198 0.0763512 0.0759664 0.0730733 0.0682953 0.0622466 0.0554752 0.0484328 0.0414653 0.0348225 0.0286729 0.0231149 0.0181888 0.0138968 0.0102284 0.00717898 0.00474976
 0.00796313 0.0130238 0.0197663 0.0281807 0.0380151 0.0486103 0.0588622 0.067483 0.0734504 0.0763167 0.0761945 0.0735367 0.0689268 0.0629628 0.0561965 0.0490913 0.042004 0.0351931 0.0288397 0.023065 0.0179421 0.0135067 0.00977019 0.00673 0.0043689
 0.00783896 0.0128324 0.0194972 0.027829 0.0375805 0.0480966 0.0582818 0.0668663 0.0728541 0.0758235 0.0758981 0.073514 0.0692097 0.0635247 0.0569591 0.0499483 0.042847 0.0359298 0.0294036 0.02342 0.0180861 0.0134713 0.00961248 0.00651686 0.0041586
 0.00791563 0.0129377 0.0196196 0.0279459 0.0376636 0.0481212 0.0582331 0.06674 0.0726529 0.0755562 0.0755848 0.0731939 0.0689407 0.0633697 0.0569625 0.0501156 0.0431404 0.0362808 0.0297353 0.0236687 0.0182164 0.0134808 0.00952811 0.00638144 0.00401505
 0.00785375 0.0128359 0.0194641 0.0277226 0.0373608 0.0477343 0.0577707 0.0662287 0.0721365 0.0750894 0.0752211 0.0729742 0.068887 0.0634859 0.0572396 0.0505343 0.0436677 0.0368672 0.0303175 0.0241828 0.0186134 0.0137401 0.00965952 0.00641729 0.00399574
 0.00801551 0.0130774 0.0197867 0.0281112 0.0377848 0.0481511 0.0581298 0.0664765 0.0722255 0.0749907 0.0749365 0.0725396 0.0683656 0.0629535 0.0567675 0.0501757 0.0434498 0.0367883 0.0303497 0.0242799 0.0187254 0.0138273 0.00970286 0.00641874 0.00397048
 0.00791476 0.0129319 0.0196015 0.0279018 0.037572 0.047953 0.0579557 0.0663275 0.0720989 0.074885 0.0748528 0.07248 0.0683328 0.0629512 0.056803 0.0502596 0.043592 0.036991 0.0306014 0.0245549 0.0189896 0.0140494 0.00986404 0.0065173 0.00401864
 0.00784177 0.0128237 0.0194586 0.0277334 0.0373955 0.047791 0.0578328 0.066263 0.0721001 0.0749415 0.0749384 0.0725629 0.0683882 0.0629706 0.0567948 0.0502436 0.0435918 0.037026 0.0306803 0.0246725 0.0191281 0.0141851 0.00997637 0.00659579 0.00406412
 0.00780839 0.0127582 0.0193406 0.0275394 0.0371085 0.0474135 0.057396 0.0658259 0.0717333 0.0747047 0.0748615 0.0726394 0.0685821 0.0632315 0.0570755 0.0505125 0.0438364 0.0372487 0.0308897 0.0248739 0.019319 0.014356 0.0101165 0.00669857 0.00413047
 0.00771275 0.0126015 0.0191022 0.0271993 0.0366513 0.0468356 0.0567149 0.0650866 0.0710079 0.0740822 0.0744296 0.0724627 0.0686831 0.0635842 0.0576142 0.0511533 0.0445008 0.0378794 0.0314545 0.0253599 0.0197236 0.0146803 0.010363 0.00687319 0.00424384
 0.00770964 0.0125824 0.0190474 0.0270814 0.036441 0.0465121 0.0562752 0.0645494 0.0704117 0.0734794 0.0738818 0.0720344 0.0684331 0.0635518 0.0578062 0.0515393 0.0450205 0.0384604 0.0320309 0.0258843 0.0201692 0.015037 0.0106318 0.00706257 0.00436713
 0.00781609 0.0127383 0.0192489 0.0273109 0.0366678 0.0466962 0.0563727 0.06452 0.0702284 0.0731397 0.0734131 0.0714921 0.0678901 0.0630839 0.0574771 0.0513865 0.0450477 0.0386384 0.0323081 0.0262031 0.0204804 0.0153074 0.0108456 0.00721751 0.00446997
 0.00781002 0.0127329 0.0192486 0.0273209 0.0366908 0.0467277 0.0563979 0.0645153 0.0701681 0.0730049 0.0731993 0.0712128 0.0675754 0.0627761 0.0572235 0.0512302 0.0450168 0.0387376 0.0325165 0.0264804 0.0207789 0.0155854 0.0110756 0.00738881 0.0045854
 0.00783088 0.0127616 0.0192823 0.0273547 0.0367198 0.0467499 0.0564153 0.0645313 0.0701815 0.073006 0.0731701 0.0711342 0.0674369 0.0625844 0.0570037 0.0510208 0.0448591 0.0386633 0.0325382 0.0265874 0.0209424 0.0157689 0.0112467 0.00752686 0.0046837
 0.00777064 0.0126777 0.0191816 0.0272516 0.0366313 0.0466884 0.0563836 0.0645234 0.0701884 0.0730209 0.0731895 0.0711541 0.0674496 0.0625791 0.0569732 0.0509684 0.0448016 0.0386258 0.0325436 0.0266465 0.021049 0.0159028 0.0113827 0.0076444 0.00477192
 0.00781273 0.0127415 0.0192696 0.027364 0.0367677 0.0468487 0.0565672 0.0647251 0.0703942 0.073206 0.0733237 0.0712106 0.0674147 0.0624554 0.0567766 0.0507229 0.0445353 0.0383683 0.0323231 0.0264842 0.0209531 0.0158671 0.0113899 0.00767326 0.00480508
 0.00769535 0.0125655 0.0190327 0.0270745 0.0364431 0.0465129 0.0562489 0.0644568 0.0702097 0.0731337 0.0733776 0.0713829 0.0676754 0.06276 0.0570791 0.0509884 0.0447464 0.0385255 0.0324394 0.0265774 0.0210384 0.0159517 0.0114724 0.00774749 0.00486463
 0.00766252 0.0124922 0.0188868 0.0268173 0.0360435 0.0459672 0.0555955 0.063775 0.069598 0.0726809 0.0731399 0.071377 0.0678826 0.0631358 0.0575636 0.0515172 0.0452627 0.0389893 0.0328313 0.0268958 0.0212921 0.016152 0.0116285 0.00786502 0.00494816
 0.00767839 0.0125095 0.0188955 0.0267991 0.0359713 0.0458087 0.0553211 0.06337 0.0690774 0.0720974 0.072578 0.070931 0.0676275 0.063106 0.057747 0.0518652 0.0457081 0.0394646 0.0332826 0.0272895 0.0216144 0.0164032 0.0118162 0.00799923 0.00503899
 0.00758432 0.0123782 0.0187376 0.0266362 0.0358276 0.0456983 0.0552375 0.0632861 0.0689557 0.0719072 0.0723125 0.0706167 0.0673212 0.0628775 0.0576554 0.0519383 0.0459343 0.0398006 0.0336703 0.027674 0.0219561 0.0166816 0.0120268 0.00814821 0.00513741
 0.0075667 0.0123515 0.018702 0.0265954 0.0357911 0.0456813 0.0552585 0.0633581 0.0690746 0.0720435 0.0724154 0.070633 0.0672205 0.0626701 0.0573916 0.0516884 0.045761 0.0397367 0.0337127 0.0277924 0.02211 0.0168354 0.0121578 0.0082472 0.00520515
 0.00747581 0.012212 0.0185076 0.0263469 0.035497 0.0453589 0.0549348 0.0630696 0.0688619 0.0719404 0.0724359 0.0707623 0.0674172 0.0628812 0.0575743 0.0518279 0.0458723 0.0398509 0.0338555 0.0279706 0.0223097 0.0170322 0.0123289 0.00837949 0.00529681
 0.00746693 0.0121909 0.0184638 0.0262673 0.0353699 0.0451803 0.0547134 0.0628272 0.0686287 0.0717476 0.072309 0.0707163 0.067453 0.0629842 0.0577172 0.0519802 0.0460127 0.0399748 0.0339726 0.0280937 0.0224436 0.01717 0.0124571 0.00848539 0.00537432
 0.00757558 0.012339 0.0186337 0.0264239 0.0354694 0.0451846 0.0546036 0.0626091 0.0683298 0.07141 0.0719803 0.0704404 0.0672623 0.0628931 0.057721 0.0520581 0.0461359 0.0401169 0.0341164 0.0282326 0.0225767 0.0172955 0.0125697 0.00857863 0.00544402
 0.00752879 0.012286 0.0185948 0.0264276 0.0355384 0.045318 0.0547655 0.0627367 0.0683592 0.0713064 0.071754 0.0701418 0.0669589 0.0626457 0.0575673 0.0520082 0.0461771 0.0402227 0.0342578 0.0283853 0.0227248 0.0174296 0.0126842 0.00867003 0.00551116
 0.00742489 0.0121269 0.0183751 0.0261534 0.0352306 0.0450134 0.0545129 0.0625832 0.0683301 0.0713886 0.0718986 0.0702865 0.0670595 0.0626944 0.0575891 0.0520411 0.0462506 0.0403468 0.0344231 0.0285719 0.0229108 0.017598 0.0128245 0.00877811 0.00558786
 0.00740106 0.0120935 0.0183349 0.0261118 0.0351947 0.0449894 0.0545055 0.0625965 0.068369 0.0714569 0.071993 0.0703906 0.0671446 0.0627302 0.0575598 0.0519553 0.0461378 0.0402429 0.0343549 0.0285487 0.0229265 0.0176381 0.0128738 0.00882494 0.00562561
 0.00734552 0.0120084 0.0182168 0.0259622 0.0350205 0.0448038 0.0543272 0.0624478 0.0682711 0.0714246 0.072031 0.0704925 0.0672936 0.062901 0.0577236 0.0520879 0.0462284 0.0402973 0.0343904 0.0285837 0.0229716 0.0176934 0.0129322 0.00887799 0.00566762
 0.00726146 0.0118812 0.018043 0.0257455 0.0347711 0.0445368 0.0540622 0.062208 0.0680808 0.0713053 0.0719966 0.0705467 0.0674287 0.0630995 0.0579602 0.0523341 0.0464586 0.0404946 0.0345501 0.0287113 0.0230766 0.017783 0.013009 0.00894081 0.00571496
 0.00719525 0.0117804 0.0179046 0.0255718 0.03457 0.0443212 0.0538488 0.0620158 0.0679275 0.0712037 0.0719527 0.0705605 0.0674968 0.0632163 0.0581171 0.0525184 0.0466535 0.0406826 0.0347176 0.0288515 0.0231897 0.0178731 0.0130801 0.00899572 0.0057552
 0.00707357 0.0115804 0.0176007 0.025142 0.0340045 0.0436338 0.0530862 0.0612557 0.0672628 0.0707176 0.0716984 0.0705527 0.0677154 0.0636179 0.0586474 0.053122 0.0472803 0.0412906 0.0352741 0.0293345 0.0235881 0.0181855 0.0133129 0.00915956 0.00586334
 0.00738535 0.0120188 0.0181328 0.0256922 0.0344724 0.0439258 0.0531434 0.0610656 0.0668561 0.0701572 0.0710659 0.0699334 0.0671833 0.0632224 0.0584079 0.0530305 0.0473096 0.0414039 0.0354338 0.029508 0.0237514 0.0183244 0.0134214 0.00923825 0.00591635
 0.00746099 0.0121767 0.0184302 0.026191 0.0352079 0.0448663 0.0541656 0.0619743 0.0674488 0.0703034 0.0707534 0.0692603 0.066308 0.0623061 0.0575751 0.0523539 0.0468135 0.0410768 0.0352438 0.0294159 0.0237205 0.0183258 0.013436 0.00925515 0.0059306
 0.00675066 0.0110331 0.0167385 0.0238748 0.0322714 0.0414444 0.0505537 0.058595 0.0647436 0.0685971 0.0701695 0.0697267 0.0676311 0.064255 0.0599343 0.0549402 0.0494725 0.0436761 0.03767 0.031577 0.025551 0.0197922 0.0145395 0.0100294 0.00643323
 0.006497 0.0105659 0.0159333 0.022581 0.0303469 0.038815 0.0472757 0.0548886 0.0609764 0.0652172 0.0676084 0.0683007 0.0674718 0.0652953 0.0619539 0.0576424 0.0525551 0.0468734 0.0407655 0.0344034 0.027989 0.0217729 0.0160462 0.0110954 0.00712948
 0.00634775 0.0103249 0.0155686 0.0220503 0.0295888 0.0377443 0.0457938 0.0529168 0.058508 0.0623698 0.0646455 0.0656003 0.0654411 0.0642608 0.0620721 0.058868 0.0546731 0.0495719 0.0437129 0.037305 0.0306171 0.0239792 0.0177637 0.0123305 0.00794593
 0.00607098 0.00991019 0.0150095 0.0213617 0.0287981 0.0368753 0.0448515 0.0518772 0.0573182 0.0609653 0.0629909 0.0637437 0.0635542 0.0626303 0.0610293 0.0586811 0.055453 0.0512347 0.046013 0.0399126 0.0332047 0.0262872 0.0196348 0.0137142 0.00887831
#obs surv len freq
 nan nan nan nan nan nan nan nan nan nan nan nan nan nan nan nan nan nan nan nan nan nan nan nan nan
 0.00448704 0.00734945 0.0111804 0.0159973 0.021698 0.0279731 0.0342863 0.0400165 0.044695 0.0481578 0.0505147 0.0520097 0.0529011 0.0534129 0.0537267 0.0539812 0.0542595 0.054552 0.0546906 0.0542825 0.0527206 0.049353 0.0438031 0.0362837 0.0276679
 0.00461928 0.00756676 0.0115114 0.0164689 0.0223287 0.0287624 0.0352053 0.0410047 0.0456695 0.0490299 0.0512071 0.0524676 0.0530973 0.0533473 0.0534221 0.0534753 0.053596 0.0537739 0.053837 0.0533905 0.0518292 0.0485057 0.0430451 0.0356531 0.027186
 0.00477746 0.00782635 0.0119067 0.0170336 0.0230895 0.0297288 0.0363574 0.0422884 0.0470002 0.0503063 0.0523257 0.0533361 0.0536456 0.0535346 0.0532401 0.0529464 0.0527661 0.0527027 0.0525913 0.0520407 0.0504507 0.0471788 0.0418497 0.0346551 0.0264218
 0.00495915 0.00812498 0.0123623 0.0176857 0.0239699 0.0308493 0.0376981 0.0437916 0.0485785 0.0518559 0.0537411 0.0545183 0.0545072 0.0540056 0.053275 0.0525304 0.0519173 0.0514708 0.0510524 0.0502928 0.0486096 0.0453721 0.0402029 0.0332711 0.0253581
 0.00517608 0.00847711 0.0128914 0.0184311 0.0249613 0.0320967 0.0391794 0.0454478 0.05032 0.0535778 0.0553373 0.0558905 0.0555674 0.0546778 0.0534976 0.0522606 0.0511394 0.0502035 0.0493555 0.0482694 0.0464031 0.043154 0.0381489 0.0315271 0.0240094
 0.00541955 0.00887513 0.0134944 0.0192867 0.0261051 0.0335369 0.0408822 0.0473338 0.0522765 0.0554819 0.0570761 0.0573693 0.0567092 0.0554181 0.0537807 0.0520398 0.0503818 0.0489021 0.0475438 0.046037 0.0439008 0.040583 0.0357287 0.0294483 0.022389
 0.00565062 0.009257 0.0140807 0.0201317 0.0272531 0.0350054 0.0426449 0.0493135 0.054356 0.0575266 0.0589561 0.0589741 0.0579523 0.0562351 0.0541232 0.0518688 0.0496657 0.0476239 0.0457192 0.0437363 0.0412665 0.0378253 0.0330922 0.027156 0.0205859
 0.00588394 0.00963767 0.0146566 0.0209494 0.0283506 0.0363997 0.0443177 0.0512044 0.0563677 0.0595405 0.0608491 0.060631 0.0592738 0.057142 0.0545563 0.0517849 0.0490335 0.0464257 0.0439636 0.0414814 0.0386421 0.0350365 0.0303905 0.0247807 0.0187007
 0.00612591 0.0100367 0.0152674 0.0218257 0.029534 0.0379021 0.0461047 0.0531914 0.0584346 0.0615572 0.0626971 0.0622124 0.0605103 0.0579708 0.0549263 0.0516548 0.0483715 0.0452127 0.0422049 0.0392283 0.0360148 0.0322314 0.0276562 0.022361 0.0167681
 0.00639391 0.01047 0.0159154 0.0227333 0.030734 0.0394029 0.0478758 0.0551566 0.0604803 0.0635519 0.0645131 0.0637416 0.0616715 0.0587088 0.0552059 0.0514518 0.0476665 0.0439924 0.0404744 0.0370326 0.0334628 0.0295059 0.0249928 0.0199953 0.0148708
 0.00661586 0.0108409 0.0164917 0.0235727 0.0318823 0.0408735 0.0496313 0.0571051 0.0624924 0.0654891 0.0662519 0.0651846 0.0627473 0.0593684 0.0554188 0.0512007 0.0469422 0.0427923 0.0388099 0.0349478 0.0310567 0.0269438 0.02249 0.0177693 0.0130816
 0.00685627 0.0112316 0.0170797 0.0244027 0.0329889 0.0422689 0.0512905 0.0589575 0.0644274 0.0673738 0.0679527 0.0665863 0.0637649 0.0599509 0.0555443 0.050867 0.0461571 0.0415688 0.0371717 0.0329436 0.0287804 0.024545 0.0201612 0.0157048 0.0114242
 0.00707904 0.0115971 0.0176358 0.0251949 0.0340506 0.0436062 0.0528675 0.0606936 0.0662104 0.069083 0.0694779 0.0678363 0.0646693 0.06046 0.0556296 0.05052 0.0453856 0.0403929 0.0356242 0.0310795 0.0266905 0.0223649 0.0180601 0.013851 0.00994021
 0.00729958 0.0119597 0.0181888 0.0259849 0.035112 0.0449454 0.0544465 0.0624256 0.0679726 0.0707415 0.0709128 0.0689565 0.0654167 0.0608058 0.0555672 0.0500578 0.0445416 0.0391933 0.0341066 0.0293013 0.0247393 0.0203637 0.0161561 0.0121872 0.00861737
 0.00745747 0.0122226 0.0185958 0.026577 0.0359237 0.0459917 0.0557097 0.063849 0.0694664 0.0721984 0.0722248 0.0700285 0.0661758 0.0612062 0.0555904 0.0497077 0.0438374 0.0381653 0.0327954 0.0277642 0.0230582 0.0186477 0.0145323 0.0107751 0.00749936
 0.00753802 0.0123533 0.0187932 0.0268584 0.0363074 0.0464947 0.0563436 0.0646141 0.0703471 0.0731591 0.0732104 0.0709679 0.0669902 0.0618202 0.0559427 0.0497585 0.043571 0.0375886 0.0319371 0.0266745 0.0218116 0.0173419 0.0132778 0.0096748 0.00662381
 0.00760134 0.0124508 0.0189299 0.0270362 0.0365264 0.046755 0.0566469 0.0649643 0.07075 0.0736208 0.0737313 0.071536 0.0675746 0.0623702 0.0563938 0.0500446 0.0436373 0.0374024 0.0314943 0.026002 0.0209671 0.0164085 0.0123521 0.00884704 0.00595732
 0.00767636 0.0125639 0.0190836 0.0272266 0.0367443 0.0469879 0.0568816 0.0651895 0.07096 0.0738187 0.07393 0.071753 0.0678229 0.062648 0.056678 0.0502911 0.0437902 0.0374079 0.0313158 0.0256329 0.0204352 0.0157734 0.0116917 0.00823894 0.00545851
 0.00773083 0.0126511 0.0192117 0.027401 0.0369648 0.0472457 0.0571573 0.0654554 0.0711875 0.0739884 0.0740387 0.0718144 0.0678614 0.0626886 0.0567354 0.0503618 0.0438495 0.037416 0.0312307 0.0254265 0.0201066 0.0153525 0.0112322 0.00780117 0.00509096
 0.00778178 0.012726 0.0193101 0.027518 0.0370932 0.0473797 0.0572934 0.0655919 0.0713209 0.0741116 0.074142 0.0718896 0.0679068 0.0627114 0.0567483 0.0503755 0.0438646 0.0374181 0.031194 0.025324 0.0199241 0.0150983 0.0109365 0.00750588 0.00483437
 0.00783387 0.0128069 0.0194242 0.0276657 0.0372697 0.0475737 0.0574876 0.0657657 0.0714564 0.0741993 0.0741826 0.0718915 0.0678804 0.0626657 0.0566909 0.0503132 0.0438019 0.0373543 0.0311197 0.0252244 0.0197864 0.0149207 0.0107325 0.0073001 0.00465255
 0.00786798 0.0128603 0.0195005 0.0277669 0.0373951 0.0477194 0.0576455 0.0659231 0.0715978 0.0743095 0.0742511 0.0719149 0.067863 0.0626171 0.0566225 0.0502351 0.0437212 0.0372734 0.0310365 0.0251322 0.0196778 0.0147929 0.0105911 0.00715847 0.00452653
 0.00785341 0.0128361 0.0194635 0.0277145 0.0373271 0.0476399 0.057564 0.0658539 0.071556 0.0743063 0.0742896 0.0719893 0.0679611 0.0627248 0.0567275 0.0503291 0.0437998 0.0373341 0.0310769 0.0251492 0.0196683 0.0147566 0.0105329 0.0070886 0.00445742
 0.00789445 0.0128917 0.0195267 0.0277717 0.0373619 0.047639 0.0575228 0.0657779 0.0714595 0.0742081 0.0742082 0.0719389 0.0679484 0.0627477 0.056777 0.0503929 0.0438656 0.0373925 0.0311214 0.0251754 0.019674 0.0147418 0.0105012 0.00704693 0.00441425
 0.00792298 0.012939 0.0195989 0.0278729 0.0374908 0.0477848 0.0576638 0.0658852 0.071507 0.0741832 0.0741182 0.0718074 0.0678061 0.0626213 0.0566826 0.0503344 0.0438373 0.0373839 0.0311211 0.0251742 0.0196659 0.0147243 0.0104751 0.00701601 0.0043835
 0.00788444 0.0128799 0.019517 0.0277697 0.0373724 0.0476626 0.0575529 0.0658012 0.0714603 0.0741744 0.0741378 0.0718419 0.0678455 0.0626641 0.0567339 0.0504003 0.0439197 0.0374782 0.0312179 0.0252626 0.0197371 0.0147738 0.0105031 0.00702651 0.00438265
 0.00790709 0.0129046 0.0195321 0.0277578 0.0373156 0.0475514 0.0573932 0.0656151 0.0712794 0.0740292 0.0740484 0.0718135 0.0678701 0.0627262 0.0568179 0.0504957 0.0440213 0.0375831 0.0313223 0.0253606 0.0198215 0.0148392 0.0105477 0.00705236 0.00439446
 0.00791212 0.0129159 0.0195538 0.0277933 0.0373642 0.0476035 0.0574298 0.0656127 0.0712204 0.0739134 0.0738957 0.0716568 0.0677421 0.0626473 0.0567925 0.0505153 0.0440722 0.0376522 0.0313993 0.0254375 0.0198917 0.0148973 0.0105908 0.00708035 0.00441
 0.00788088 0.0128649 0.0194773 0.0276873 0.0372291 0.0474469 0.0572669 0.065463 0.0711006 0.0738302 0.0738457 0.0716326 0.06774 0.0626709 0.056849 0.0506082 0.0441976 0.0377989 0.0315528 0.0255841 0.020021 0.015003 0.0106703 0.00713495 0.00444387
 0.00784953 0.0128134 0.0193991 0.0275762 0.0370808 0.0472621 0.0570538 0.0652389 0.0708893 0.0736574 0.0737314 0.0715863 0.0677593 0.062745 0.0569646 0.0507545 0.0443662 0.0379817 0.0317399 0.0257637 0.0201817 0.0151363 0.0107724 0.00720666 0.00448975
 0.00783179 0.0127798 0.0193397 0.0274794 0.0369361 0.0470651 0.0568109 0.0649681 0.0706172 0.0734134 0.0735424 0.071472 0.0677298 0.0627995 0.0570921 0.0509371 0.0445839 0.038216 0.0319749 0.0259857 0.0203792 0.0153007 0.0108994 0.0072971 0.0045486
 0.00782407 0.0127654 0.0193145 0.0274372 0.0368699 0.0469674 0.0566763 0.0647957 0.0704136 0.0731934 0.0733283 0.0712901 0.0676042 0.0627469 0.0571183 0.0510368 0.0447424 0.0384133 0.0321898 0.0261987 0.0205744 0.0154666 0.01103 0.00739161 0.00461117
 0.0077647 0.0126719 0.0191795 0.0272566 0.0366439 0.0467026 0.0563864 0.0645015 0.0701387 0.0729595 0.0731519 0.0711815 0.0675697 0.0627897 0.0572378 0.0512269 0.0449905 0.0387005 0.0324931 0.0264949 0.0208431 0.0156932 0.0112071 0.00751934 0.00469563
 0.00773509 0.0126189 0.019091 0.0271192 0.0364465 0.0464427 0.0560752 0.0641641 0.0698091 0.0726716 0.0729319 0.0710448 0.0675216 0.0628277 0.057355 0.0514136 0.0452343 0.0389854 0.0327995 0.0268005 0.0211261 0.0159364 0.0114 0.00766019 0.00478966
 0.00769504 0.0125558 0.0189994 0.0269945 0.036285 0.0462418 0.0558352 0.063891 0.0695171 0.0723834 0.0726761 0.0708502 0.0674103 0.0628111 0.0574322 0.0515745 0.0454628 0.0392621 0.033103 0.0271082 0.0214159 0.0161893 0.0116039 0.00781096 0.00489148
 0.00767106 0.0125147 0.0189339 0.026897 0.0361495 0.046067 0.055627 0.0636616 0.0692821 0.0721579 0.0724732 0.070682 0.0672901 0.0627525 0.0574462 0.0516652 0.0456254 0.0394835 0.0333634 0.0273847 0.021685 0.0164303 0.0118023 0.00796043 0.00499403
 0.0076684 0.0125116 0.0189311 0.0268949 0.036147 0.0460596 0.0556064 0.0636175 0.069206 0.0720472 0.0723327 0.0705237 0.0671299 0.0626083 0.0573362 0.0516051 0.0456257 0.0395464 0.0334816 0.0275424 0.0218611 0.0166033 0.0119541 0.00808038 0.00507937
 0.00766439 0.0125055 0.0189226 0.0268842 0.036135 0.0460475 0.0555952 0.063607 0.0691931 0.0720256 0.0722947 0.0704634 0.067047 0.0625098 0.0572356 0.0515196 0.045572 0.0395366 0.03352 0.0276238 0.0219722 0.0167259 0.0120705 0.00817758 0.0051514
 0.00763741 0.0124666 0.0188734 0.0268293 0.0360807 0.0460001 0.0555589 0.0635835 0.0691823 0.0720254 0.072301 0.0704701 0.0670471 0.0624978 0.0572106 0.0514868 0.0455422 0.0395229 0.0335332 0.0276679 0.0220432 0.0168128 0.0121592 0.00825583 0.00521187
 0.00759388 0.0123975 0.0187729 0.0266945 0.0359135 0.0458093 0.055362 0.0634044 0.0690452 0.0719478 0.0722885 0.0705159 0.0671359 0.0626112 0.0573312 0.0516022 0.0456472 0.0396189 0.0336259 0.0277632 0.0221429 0.0169135 0.0122536 0.00833605 0.00527308
 0.00757265 0.0123612 0.0187151 0.0266082 0.0357931 0.0456536 0.055177 0.0632045 0.068852 0.0717852 0.0721778 0.0704705 0.0671585 0.062693 0.0574556 0.0517496 0.0457999 0.0397653 0.033761 0.0278869 0.0222567 0.0170172 0.0123447 0.00841103 0.00532959
 0.00755223 0.0123283 0.0186659 0.0265392 0.0357011 0.0455367 0.0550359 0.0630437 0.0686807 0.0716175 0.0720309 0.0703628 0.0671053 0.0627027 0.0575267 0.0518709 0.0459541 0.0399334 0.0339274 0.0280414 0.022394 0.017135 0.012442 0.00848719 0.0053851
 0.00755751 0.0123349 0.0186721 0.0265418 0.035696 0.0455196 0.0550028 0.062992 0.0686088 0.0715261 0.0719243 0.0702496 0.0669986 0.0626183 0.0574787 0.0518677 0.0459954 0.0400108 0.0340273 0.0281497 0.0224991 0.0172291 0.0125209 0.00854897 0.00543005
 0.00754461 0.0123195 0.0186591 0.0265386 0.0357097 0.045553 0.0550514 0.0630442 0.0686494 0.0715417 0.0719067 0.0701981 0.0669195 0.0625236 0.0573841 0.0517895 0.0459463 0.0399969 0.0340468 0.0281941 0.0225572 0.0172902 0.0125768 0.00859489 0.00546428
 0.00752656 0.0122877 0.0186072 0.0264608 0.035604 0.045425 0.0549165 0.0629247 0.068567 0.0715077 0.0719185 0.0702414 0.0669756 0.0625775 0.0574292 0.0518273 0.0459839 0.0400426 0.0341055 0.0282656 0.022636 0.0173681 0.0126461 0.0086506 0.0055048
 0.00753107 0.012294 0.0186146 0.026467 0.035605 0.0454152 0.05489 0.0628778 0.0685016 0.0714334 0.0718497 0.0701916 0.0669517 0.0625771 0.0574432 0.0518466 0.0460037 0.0400635 0.0341314 0.0282998 0.0226786 0.0174154 0.0126922 0.00869045 0.00553535
 0.0075016 0.0122526 0.0185642 0.0264144 0.0355583 0.0453808 0.0548695 0.0628675 0.0684944 0.0714222 0.0718313 0.0701683 0.0669306 0.0625665 0.0574485 0.0518677 0.0460362 0.0401021 0.0341729 0.0283431 0.0227233 0.0174601 0.0127342 0.00872641 0.00556307
 0.00749208 0.0122333 0.0185287 0.0263556 0.035472 0.0452697 0.0547461 0.0627516 0.0684063 0.0713744 0.0718239 0.0701917 0.0669717 0.0626153 0.0575008 0.0519234 0.0460963 0.040166 0.0342383 0.0284072 0.0227836 0.0175147 0.0127813 0.00876447 0.0055914
 0.00748986 0.0122305 0.0185254 0.0263516 0.0354655 0.0452564 0.0547196 0.0627065 0.0683421 0.0712984 0.0717498 0.0701343 0.0669405 0.0626112 0.0575183 0.0519549 0.0461359 0.0402103 0.0342854 0.0284554 0.0228307 0.0175584 0.0128193 0.00879532 0.00561445
 0.00748986 0.0122305 0.0185254 0.0263516 0.0354655 0.0452564 0.0547196 0.0627065 0.0683421 0.0712984 0.0717498 0.0701343 0.0669405 0.0626112 0.0575183 0.0519549 0.0461359 0.0402103 0.0342854 0.0284554 0.0228307 0.0175584 0.0128193 0.00879532 0.00561445
 0.00668839 0.0109565 0.0166679 0.0238425 0.0323112 0.0415777 0.0507823 0.0589074 0.0651328 0.0690714 0.070744 0.0703967 0.0683465 0.0649176 0.0604249 0.05516 0.0493769 0.0432847 0.0370546 0.0308368 0.0247867 0.0190872 0.013949 0.00957802 0.0061184
 0.00647298 0.0105249 0.0158688 0.0224872 0.0302227 0.0386681 0.0471264 0.0547697 0.0609282 0.0652807 0.0678178 0.0686753 0.0680049 0.0659424 0.062629 0.058232 0.0529493 0.0470007 0.0406158 0.0340272 0.0274759 0.021222 0.0155403 0.0106853 0.00683264
 0.00633398 0.0103088 0.0155549 0.0220434 0.0295875 0.0377362 0.0457556 0.0528252 0.0583584 0.0621908 0.0644989 0.0655607 0.0655666 0.0645696 0.062532 0.0594013 0.0551746 0.0499367 0.0438677 0.0372311 0.0303531 0.0236031 0.0173628 0.0119745 0.00767232
 0.00616633 0.010048 0.0151843 0.0215561 0.0289852 0.0370248 0.0449354 0.0518749 0.0572214 0.0607837 0.0627561 0.0635076 0.0633786 0.0625702 0.0611138 0.0588995 0.0557523 0.0515321 0.0462209 0.0399693 0.0330958 0.0260477 0.0193308 0.0134143 0.00863092
#pred catch len freq
 0.00311563 0.00507115 0.00767709 0.0109858 0.0150416 0.0198313 0.0252243 0.030966 0.0367304 0.0421871 0.0470485 0.0511046 0.0542517 0.0564971 0.0579381 0.0587338 0.059083 0.0591883 0.0591654 0.0588936 0.0578905 0.0553685 0.0505741 0.0432875 0.0341451
 0.00332871 0.00536094 0.00801055 0.0113023 0.0152762 0.0199478 0.0252356 0.0309248 0.0366936 0.0421792 0.047051 0.0510799 0.0541832 0.0564185 0.0579297 0.0588852 0.0594399 0.0597082 0.0597079 0.0592592 0.0578984 0.0549403 0.0497739 0.0422942 0.0331709
 0.00339628 0.00550527 0.00828672 0.0117701 0.0159705 0.020841 0.0262186 0.031831 0.0373643 0.0425307 0.0470989 0.0509067 0.0538827 0.056061 0.0575656 0.0585642 0.0592121 0.0595961 0.0596702 0.0591828 0.0576408 0.0544026 0.0489627 0.0413253 0.032214
 0.00352704 0.00570243 0.00855965 0.0121302 0.0164439 0.0214775 0.0270809 0.0329559 0.0387104 0.043951 0.04837 0.0518116 0.0542967 0.0559886 0.0571126 0.057878 0.0584289 0.0588087 0.0589116 0.0584234 0.0568097 0.0534379 0.0478647 0.0401757 0.0311432
 0.00372235 0.0060114 0.00900792 0.0127341 0.0172068 0.0223876 0.0281131 0.0340812 0.0399073 0.0452034 0.0496421 0.0530144 0.0552821 0.0565896 0.0572134 0.0574646 0.0575878 0.0576787 0.0576224 0.0570553 0.0553917 0.0519799 0.0463997 0.0387811 0.0299221
 0.00394467 0.00636784 0.00953583 0.0134668 0.0181695 0.0235894 0.0295354 0.0356688 0.0415721 0.0468403 0.0511512 0.054315 0.0563076 0.0572718 0.0574729 0.0572284 0.056825 0.0564271 0.0559824 0.0551562 0.053359 0.0499252 0.0444309 0.0370091 0.0284474
 0.00418072 0.00674729 0.0101 0.0142545 0.0192138 0.0249101 0.0311277 0.0374921 0.0435456 0.0488478 0.053055 0.0559758 0.0576062 0.058121 0.0578163 0.0570286 0.0560596 0.0551002 0.0541439 0.052912 0.0508634 0.0473608 0.0419859 0.0348521 0.0266997
 0.00442931 0.00714952 0.0107031 0.0151045 0.0203511 0.0263607 0.0328892 0.0395232 0.045762 0.0511289 0.055255 0.0579398 0.0591876 0.0591992 0.0583065 0.0568826 0.0552598 0.0536567 0.0521023 0.0503698 0.0479816 0.0443579 0.039107 0.0323215 0.0246711
 0.0046902 0.00756499 0.0113141 0.0159481 0.0214604 0.0277604 0.034587 0.0414965 0.0479496 0.053429 0.057532 0.0600382 0.0609511 0.0604878 0.0590093 0.056923 0.0545963 0.0522837 0.0500573 0.0477477 0.0449491 0.0411523 0.0360059 0.0295854 0.0224805
 0.00497464 0.00801849 0.0119808 0.0168654 0.0226553 0.0292432 0.0363418 0.0434756 0.0500762 0.055606 0.0596512 0.0619851 0.0626079 0.0617382 0.0597449 0.0570517 0.0540496 0.0510267 0.0481021 0.0451723 0.0419141 0.0379005 0.0328307 0.0267681 0.0202197
 0.00530079 0.00854224 0.0127578 0.0179452 0.0240748 0.0310149 0.0384381 0.0458184 0.0525403 0.058038 0.0618937 0.0638999 0.0640894 0.0627146 0.0601684 0.0568845 0.0532562 0.0495793 0.0460011 0.0424759 0.0387656 0.0345345 0.0295427 0.0238481 0.0178756
 0.00565288 0.00909603 0.0135584 0.0190275 0.0254635 0.0327225 0.0404549 0.0480977 0.0549884 0.0605147 0.0642274 0.0659137 0.0656317 0.0636818 0.0605095 0.0565876 0.052328 0.0480316 0.0438568 0.0397947 0.0356763 0.0312505 0.0263399 0.0210034 0.0155906
 0.00594646 0.00956325 0.0142435 0.0199668 0.0266815 0.0342256 0.0422217 0.0500744 0.0570915 0.0626399 0.0662582 0.0677264 0.0671015 0.0646948 0.0609771 0.0564568 0.0515813 0.0466799 0.0419361 0.0373762 0.0328861 0.0282835 0.0234436 0.0184268 0.0135172
 0.00622071 0.0100072 0.0149086 0.0209 0.027918 0.0357746 0.0440519 0.0521061 0.0592047 0.0646958 0.0681224 0.0692861 0.0682726 0.0654186 0.0612142 0.0561805 0.0507764 0.0453478 0.0401034 0.0351076 0.0303002 0.0255583 0.0208005 0.0160856 0.0116381
 0.00651645 0.0104872 0.0156303 0.0219187 0.0292785 0.0374966 0.0461101 0.0544153 0.0616205 0.0670322 0.0701829 0.0708988 0.0693203 0.0658528 0.0610465 0.0554583 0.0495576 0.0436858 0.0380509 0.0327342 0.0277133 0.0229138 0.0182891 0.0138933 0.00989649
 0.0066998 0.0107921 0.0161031 0.022611 0.0302414 0.0387687 0.0477008 0.0562898 0.0636918 0.0691639 0.0722029 0.0726238 0.0705871 0.0665479 0.0611232 0.0549342 0.048495 0.0421686 0.0361683 0.0305814 0.025403 0.0205864 0.0161052 0.0120045 0.00840622
 0.00694605 0.011162 0.0166056 0.0232403 0.0309873 0.0396303 0.0486917 0.0574292 0.0649846 0.0705796 0.0736651 0.0740146 0.0717666 0.0673813 0.0615063 0.0548117 0.0478659 0.041079 0.0346988 0.028835 0.0235007 0.0186649 0.0143071 0.0104563 0.00719006
 0.00705581 0.0113447 0.0168873 0.0236451 0.0315296 0.040305 0.0494688 0.058261 0.0658245 0.0714011 0.0744644 0.0747934 0.0725061 0.0680263 0.0619709 0.0550022 0.0477093 0.0405446 0.0338058 0.0276496 0.0221258 0.0172265 0.012936 0.00926526 0.006251
 0.0069544 0.0112021 0.0167155 0.0234731 0.0314008 0.0402687 0.04957 0.0585291 0.0662636 0.0719867 0.0751498 0.0755256 0.0732391 0.0687225 0.06259 0.05549 0.0479992 0.0405742 0.0335404 0.0270993 0.0213498 0.016322 0.012017 0.00843558 0.00558152
 0.00687434 0.0110666 0.0165034 0.0231664 0.0309946 0.0397851 0.0490671 0.0580965 0.0660008 0.0719714 0.0754132 0.0760444 0.0739474 0.0695333 0.0634153 0.0562509 0.0486269 0.041009 0.0337381 0.0270432 0.0210624 0.0158657 0.0114802 0.00790908 0.00513469
 0.00679977 0.0109511 0.016339 0.0229462 0.0307102 0.0394259 0.0486258 0.0575816 0.065452 0.0714659 0.0750536 0.0759276 0.0741285 0.0700038 0.0641063 0.0570567 0.0494331 0.0417145 0.0342672 0.0273531 0.0211485 0.0157621 0.0112506 0.00762859 0.00486838
 0.00679114 0.010929 0.0162911 0.022857 0.0305656 0.0392196 0.048363 0.0572772 0.0651242 0.071133 0.0747379 0.0756647 0.0739697 0.0700038 0.0642993 0.0574348 0.0499425 0.0422697 0.0347759 0.0277412 0.021376 0.0158289 0.0111912 0.00749648 0.00471695
 0.00678753 0.0109169 0.0162605 0.0227925 0.0304477 0.0390281 0.0480836 0.0569095 0.064688 0.0706693 0.0743018 0.0753126 0.0737472 0.0699405 0.0644085 0.0577132 0.0503649 0.0427857 0.0353149 0.0282281 0.0217519 0.0160665 0.0112984 0.00750723 0.00467474
 0.00685516 0.0110156 0.0163879 0.0229383 0.0305948 0.039156 0.04817 0.0569316 0.0646248 0.0705068 0.0740409 0.074975 0.0733759 0.0695914 0.0641374 0.0575622 0.0503532 0.0429046 0.0355292 0.0284841 0.0219931 0.01625 0.0114064 0.00754681 0.00466862
 0.00679528 0.010931 0.0162836 0.0228257 0.0304871 0.0390607 0.0480853 0.0568476 0.06453 0.0703951 0.0739142 0.0748418 0.0732482 0.0694843 0.0640694 0.0575539 0.0504219 0.0430563 0.0357519 0.0287481 0.0222576 0.0164769 0.0115718 0.00764675 0.00471541
