SBPRF35
7.78865
Curr Bio
539638
B35
633196
F35
0.224868
FOFL
0.202549
OFL
88359.8
Bzero
2.22533e+006
#pred survey bio
 3.62276e+006 3.27186e+006 2.91217e+006 2.57367e+006 2.22593e+006 1.96465e+006 1.7206e+006 1.49884e+006 1.3042e+006 1.1618e+006 1.03213e+006 908549 815055 755340 709138 672475 643878 625091 607074 590046 581512 564132 553141 551263 558749 564523 560772 556134 554000 555623 544897 534953 525793 514455 512303 521250 531189 537225 543369 557317 567290 564052 572424 567996 564181 561979 567354 567937 567329 564610 549946 531624 523107 514262 491933 494119 506670 511625 527029 500088 499920 540440 2.00951e+007 1.23372e+007 1.27146e+007 1.33603e+007 1.41305e+007 1.48794e+007 1.55306e+007 1.60589e+007 1.64684e+007 1.67764e+007 1.70036e+007 1.71693e+007 1.72896e+007 1.73767e+007 1.744e+007 1.74861e+007 1.75199e+007 1.75448e+007 1.75633e+007 1.75771e+007 1.75874e+007 1.75952e+007 1.76012e+007 1.76057e+007 1.76091e+007 1.76117e+007 1.76137e+007 1.76153e+007 1.76164e+007 1.76174e+007 1.76181e+007 1.76186e+007 1.7619e+007 1.76193e+007 1.76196e+007 1.76198e+007 1.76199e+007 1.762e+007 1.76201e+007 1.76202e+007 1.76203e+007 1.76203e+007 1.76203e+007 1.76204e+007 1.76204e+007 1.76204e+007 1.76204e+007 1.76204e+007 1.76204e+007 1.76204e+007 1.76204e+007 1.76204e+007 1.76204e+007 1.76204e+007 1.76204e+007 1.76204e+007 1.76204e+007 1.76204e+007 1.76204e+007 1.76204e+007 1.76204e+007 1.76204e+007 1.76204e+007 1.76204e+007 1.76204e+007 1.76204e+007 1.76204e+007 1.76204e+007 1.76204e+007 1.76204e+007 1.76204e+007 1.76204e+007 1.76204e+007 1.76204e+007 1.76204e+007 1.76204e+007 1.76204e+007 1.76204e+007 1.76204e+007 1.76204e+007 1.76204e+007 1.76204e+007 1.76204e+007 1.76204e+007 1.76204e+007 1.76204e+007 1.76204e+007 1.76204e+007 1.76204e+007 1.76204e+007 1.76204e+007 1.76204e+007 1.76204e+007 1.76204e+007 1.76204e+007 1.76204e+007 1.76204e+007 1.76204e+007 1.76204e+007 1.76204e+007 0 0 0 0 0 0 0 0 0 0 0 0 0 0 0 0 0 0 0 0 0 0 0 0 0
#obs survey bio
 2.2428e+006 3.05287e+006 3.07288e+006 3.07638e+006 1.94129e+006 1.86624e+006 1.46038e+006 1.78795e+006 979613 897102 815580 828908 910542 715483 455111 586091 461960 448240 530549 531297 540324 481216 763971 468346 504858 433496 433696 526073 620728 430636 589497 727162 603095 494971 547061 451884 538626 621640 457447 697077 561877 579696 680283 569184 434921 530537 510158 486337 648549 742314 810229 493739 509767 554915 474680 597318 499435 1.07661e+006 588322 417080 402072 573653
#pred catch bio
 228809 270996 287077 327872 277641 285104 283582 273670 238070 233307 230189 203852 173649 160376 149121 138275 126815 123491 119912 110619 116229 109152 100735 93063.6 94517.7 101288 100166 95741.2 89638.4 96384.3 91747.6 89749.4 94416.7 91016.2 84909.2 85710 89179.7 88747.3 82812.2 87429.5 99031.5 89451.7 100376 99743.6 98596.3 92509.9 96636.6 97152.5 97926.8 106273 107418 98395.3 99063.6 110299 89625.1 81673.1 88103.5 79656.7 115860 95382 66813.8 76756.2 88359.8 98952.6 100837 104721 110105 115503 120140 123791 126506 128445 129788 130696 131299 131695 131951 132116 132221 132288 132330 132356 132373 132383 132389 132393 132396 132398 132398 132399 132399 132400 132400 132400 132400 132400 132400 132400 132400 132400 132400 132400 132400 132400 132400 132400 132400 132400 132400 132400 132400 132400 132400 132400 132400 132400 132400 132400 132400 132400 132400 132400 132400 132400 132400 132400 132400 132400 132400 132400 132400 132400 132400 132400 132400 132400 132400 132400 132400 132400 132400 132400 132400 132400 132400 132400 132400 132400 132400 132400 132400 132400 132400 132400 132400 132400 132400 132400 132400 132400 132400 132400 0 0 0 0 0 0 0 0 0 0 0 0 0 0 0 0 0 0 0 0 0 0 0 0 0
#obs catch bio
 253135 272173 287866 331090 279056 288396 286642 277676 242114 238838 234759 208100 176501 162963 152767 139864 128365 125143 121195 111401 117533 110394 101821 94136.9 95800 102607 101138 97040.5 90175.7 97141.1 92018.2 89754.1 94518.8 91047.9 84948.3 85730.9 89103.9 88385.2 82352.5 87091.4 99077 89142.7 100061 99372.3 98731 92456.1 96679.8 97165.5 97676.2 105779 106788 97713.2 98075.1 109972 89239.8 81272.3 88026 78655.2 115230 95504 66684.4 76795.9
#pred cpue bio
 3.55588e+006 3.2069e+006 2.84929e+006 2.51252e+006 2.16762e+006 1.90824e+006 1.66617e+006 1.44648e+006 1.2538e+006 1.11281e+006 985158 864047 772639 714502 669795 634863 607876 590040 572923 556795 548792 532112 521542 519764 527046 532928 529744 525629 524200 526672 517163 508190 498792 486011 482553 491029 501005 507269 513438 526814 536279 533056 541184 536923 533072 530799 536053 536747 536335 533989 520041 502308 493786 484845 462933 464960 477379 482537 497489 470690 469153 507534 1.89252e+007 1.16452e+007 1.19541e+007 1.25034e+007 1.32391e+007 1.39804e+007 1.46303e+007 1.51584e+007 1.55678e+007 1.58758e+007 1.6103e+007 1.62687e+007 1.6389e+007 1.64761e+007 1.65394e+007 1.65855e+007 1.66193e+007 1.66442e+007 1.66627e+007 1.66765e+007 1.66868e+007 1.66946e+007 1.67006e+007 1.67051e+007 1.67085e+007 1.67111e+007 1.67131e+007 1.67147e+007 1.67158e+007 1.67167e+007 1.67175e+007 1.6718e+007 1.67184e+007 1.67187e+007 1.6719e+007 1.67192e+007 1.67193e+007 1.67194e+007 1.67195e+007 1.67196e+007 1.67197e+007 1.67197e+007 1.67197e+007 1.67198e+007 1.67198e+007 1.67198e+007 1.67198e+007 1.67198e+007 1.67198e+007 1.67198e+007 1.67198e+007 1.67198e+007 1.67198e+007 1.67198e+007 1.67198e+007 1.67198e+007 1.67198e+007 1.67198e+007 1.67198e+007 1.67198e+007 1.67198e+007 1.67198e+007 1.67198e+007 1.67198e+007 1.67198e+007 1.67198e+007 1.67198e+007 1.67198e+007 1.67198e+007 1.67198e+007 1.67198e+007 1.67198e+007 1.67198e+007 1.67198e+007 1.67198e+007 1.67198e+007 1.67198e+007 1.67198e+007 1.67198e+007 1.67198e+007 1.67198e+007 1.67198e+007 1.67198e+007 1.67198e+007 1.67198e+007 1.67198e+007 1.67198e+007 1.67198e+007 1.67198e+007 1.67198e+007 1.67198e+007 1.67198e+007 1.67198e+007 1.67198e+007 1.67198e+007 1.67198e+007 1.67198e+007 1.67198e+007 1.67198e+007 1.67198e+007 0 0 0 0 0 0 0 0 0 0 0 0 0 0 0 0 0 0 0 0 0 0 0 0 0
#obs cpue bio
 1.86742e+006 2.9908e+006 2.89614e+006 1.38946e+006 2.40721e+006 1.26272e+006 1.98043e+006 862110 977432 827611 1.37189e+006 642188 591452 606226 467730 1.1846e+006 618352 647116 664348 596375 455497 482078 311931 425920 424021 683635 711931 341455 630228 643796 583908 443706 444315 513133 414985 585782 569808 599006 670539 397194 467417 566765 553186 552461 495970 592944 600474 630346 566157 528637 419203 594969 689557 366092 483033 425026 445761 454956 407772 339512 490231 561336
#pred surv len freq
 0.0051284 0.00830184 0.0124508 0.0175469 0.0234717 0.0299402 0.0364608 0.042439 0.0473868 0.051078 0.0535478 0.0549881 0.0556425 0.055742 0.0554676 0.054932 0.054182 0.053208 0.0519326 0.0501685 0.0475882 0.0437886 0.0384915 0.0317995 0.0243165
 0.00551378 0.00886296 0.0131801 0.0184115 0.024444 0.0310341 0.037742 0.0439877 0.0492243 0.053101 0.0555203 0.0566059 0.0566398 0.0559825 0.0549782 0.0538715 0.0527674 0.0516327 0.0503093 0.0485194 0.0458861 0.0420227 0.0367175 0.0301389 0.0229065
 0.00573454 0.00926271 0.0138525 0.019457 0.025933 0.0329594 0.0399913 0.0463674 0.0515321 0.0551977 0.0573446 0.0581233 0.0577757 0.0566047 0.0549475 0.0531197 0.0513435 0.0496863 0.0480285 0.0460691 0.043385 0.0395637 0.0344023 0.0280878 0.0212306
 0.00596907 0.00963217 0.0143915 0.0202025 0.0269326 0.0342731 0.0416758 0.0484388 0.0539235 0.0577427 0.0598067 0.0602626 0.0594102 0.0576268 0.055299 0.0527652 0.0502749 0.0479499 0.0457416 0.0434057 0.0405426 0.0367376 0.0317729 0.0258101 0.0194125
 0.00635243 0.0102348 0.0152598 0.0213655 0.0283977 0.0360225 0.0436634 0.0505952 0.0561683 0.0599937 0.0619734 0.0622294 0.0610303 0.0587421 0.0557743 0.0525144 0.0492681 0.046213 0.0433596 0.0405283 0.0373793 0.0335355 0.0287805 0.0232349 0.0173837
 0.00663785 0.0106966 0.0159504 0.0223318 0.0296722 0.0376085 0.0455207 0.0526359 0.0582723 0.0620364 0.063851 0.0638667 0.0623687 0.0597183 0.056306 0.0525057 0.0486324 0.0449033 0.041395 0.0380094 0.0344897 0.0305217 0.0259106 0.0207423 0.0154165
 0.00695333 0.0112011 0.0166949 0.02336 0.0310147 0.0392726 0.0474758 0.0548038 0.0605296 0.0642315 0.0658299 0.0654985 0.0635643 0.0604325 0.0565228 0.052214 0.0478103 0.0435241 0.0394552 0.0355649 0.0316805 0.0275682 0.0230748 0.0182654 0.0134574
 0.00731164 0.0117706 0.0175279 0.0244974 0.0324794 0.04106 0.0495412 0.0570556 0.062837 0.0664434 0.0677958 0.067086 0.064672 0.0609992 0.0565289 0.0516712 0.0467442 0.0419607 0.0374242 0.0331238 0.0289442 0.0247214 0.020349 0.0158835 0.0115717
 0.00765085 0.0123177 0.018343 0.025633 0.0339701 0.0429063 0.0516916 0.0594004 0.0652212 0.0686938 0.06975 0.0686117 0.0656766 0.061432 0.0563786 0.0509586 0.0455114 0.0402604 0.035317 0.0306877 0.0262935 0.0220187 0.0177922 0.0136637 0.00981995
 0.00779527 0.0125679 0.0187489 0.0262531 0.0348615 0.0441072 0.0532023 0.061171 0.0671534 0.0706546 0.0715903 0.0701863 0.0668623 0.0621415 0.0565657 0.0506157 0.0446617 0.0389497 0.0336094 0.0286683 0.0240769 0.0197536 0.0156492 0.0118032 0.00835118
 0.00800646 0.012899 0.0192262 0.0268967 0.0356874 0.0451273 0.0544193 0.0625683 0.0686851 0.0722411 0.0731227 0.0715405 0.0679191 0.0628052 0.0567764 0.0503518 0.0439358 0.0378016 0.0321014 0.0268854 0.02213 0.0177786 0.013795 0.0102043 0.0070954
 0.00822683 0.0132622 0.0197806 0.0276876 0.0367443 0.0464461 0.0559475 0.064206 0.070306 0.0737232 0.0743709 0.0724909 0.0685311 0.0630527 0.0566444 0.0498389 0.0430571 0.036591 0.0306125 0.0251935 0.0203329 0.0159943 0.0121483 0.00880367 0.00600733
 0.00842595 0.013571 0.0202191 0.0282681 0.037474 0.0473288 0.056979 0.0653638 0.0715388 0.074949 0.0754872 0.0733969 0.0691496 0.063342 0.0565958 0.049465 0.0423816 0.035645 0.0294382 0.0238497 0.0188994 0.0145686 0.0108333 0.00768752 0.00514273
 0.00850563 0.0136999 0.0204116 0.0285367 0.0378266 0.047766 0.0574917 0.0659359 0.0721527 0.0755893 0.076138 0.0740318 0.0697244 0.0637984 0.0568742 0.0495197 0.0421895 0.0352071 0.0287775 0.0230099 0.0179448 0.01358 0.00989762 0.00688021 0.00451094
 0.00838485 0.0135398 0.0202381 0.0283968 0.0377768 0.0478522 0.0577327 0.0663184 0.0726397 0.0761348 0.0766999 0.0745781 0.0702314 0.0642436 0.0572296 0.0497505 0.0422609 0.0350945 0.0284756 0.0225386 0.0173483 0.0129221 0.00924995 0.00630724 0.00405527
 0.00845762 0.0136171 0.0202814 0.0283521 0.0375984 0.0475343 0.057331 0.0659398 0.0724022 0.0761189 0.07692 0.0749882 0.0707538 0.0647989 0.0577537 0.0501957 0.0425904 0.0352799 0.0285002 0.0224036 0.0170778 0.0125614 0.00885662 0.00593726 0.00374937
 0.0085817 0.0138047 0.0205342 0.0286551 0.0379141 0.0478031 0.0574789 0.0659024 0.0721579 0.0757138 0.0764622 0.0746067 0.0705453 0.064794 0.0579177 0.0504561 0.0428678 0.0355081 0.0286343 0.0224223 0.0169839 0.0123796 0.00862686 0.00570318 0.00354612
 0.00856463 0.0137904 0.0205373 0.028696 0.0380125 0.0479654 0.0576881 0.0661149 0.0723126 0.075753 0.0763568 0.0743755 0.0702545 0.064533 0.0577622 0.0504378 0.0429672 0.0356706 0.028796 0.0225321 0.0170158 0.0123344 0.00852598 0.00557778 0.00342543
 0.00858729 0.0138179 0.0205625 0.0287093 0.0380079 0.0479478 0.0576766 0.0661356 0.0723834 0.0758679 0.0764819 0.0744624 0.0702647 0.0644603 0.0576374 0.0503128 0.0428879 0.0356552 0.0288303 0.0225826 0.0170484 0.0123296 0.00848364 0.0055119 0.00335474
 0.00866137 0.0139267 0.0207039 0.0288725 0.038174 0.0480944 0.0577822 0.0661862 0.0723784 0.0758215 0.0764172 0.0743986 0.0702063 0.0643968 0.0575548 0.0502085 0.0427758 0.0355573 0.0287626 0.0225453 0.0170282 0.0123097 0.00845381 0.00547206 0.00331179
 0.00867505 0.0139473 0.0207317 0.0289057 0.0382083 0.0481223 0.0577938 0.0661711 0.0723297 0.0757409 0.0763178 0.0743023 0.070136 0.0643666 0.0575643 0.0502448 0.0428224 0.035603 0.0288041 0.022583 0.017061 0.0123336 0.00846479 0.00546992 0.00330049
 0.00875225 0.0140703 0.0209117 0.0291501 0.0385176 0.0484859 0.0581862 0.0665517 0.0726491 0.0759523 0.0763891 0.0742249 0.0699272 0.0640644 0.0572161 0.0498945 0.042501 0.0353268 0.028578 0.0224055 0.0169272 0.0122362 0.00839544 0.00542083 0.00326588
 0.00883971 0.0141966 0.0210728 0.029333 0.0387058 0.0486665 0.0583544 0.0667093 0.0727979 0.0760868 0.0764938 0.074278 0.0699095 0.0639677 0.0570483 0.0496776 0.0422642 0.0350974 0.0283756 0.0222398 0.0167995 0.0121427 0.00832991 0.0053764 0.0032366
 0.00886872 0.0142399 0.0211299 0.0293998 0.0387735 0.0487224 0.0583847 0.066704 0.0727571 0.0760243 0.0764336 0.0742436 0.0699113 0.0639986 0.0570882 0.0497049 0.0422661 0.0350735 0.0283344 0.0221928 0.0167558 0.0121073 0.00830355 0.00535792 0.00322411
 0.00867914 0.0139648 0.0207774 0.0289985 0.0383647 0.0483466 0.0580709 0.0664675 0.0726035 0.0759551 0.0764505 0.0743489 0.0701049 0.0642723 0.0574215 0.0500664 0.0426198 0.0353889 0.0285934 0.0223908 0.0168986 0.0122051 0.00836729 0.00539714 0.00324655
 0.00855841 0.0137657 0.0204747 0.0285724 0.0378116 0.0476925 0.0573787 0.0658291 0.0721132 0.0756789 0.0764069 0.074513 0.0704283 0.0647032 0.0579157 0.0505873 0.043135 0.0358684 0.0290123 0.0227338 0.0171616 0.012394 0.00849455 0.00547731 0.00329355
 0.00852816 0.0137189 0.0204076 0.0284803 0.0376865 0.0475219 0.0571489 0.0655342 0.0717667 0.0753197 0.076093 0.074302 0.0703564 0.0647743 0.0581063 0.0508596 0.0434501 0.0361925 0.0293185 0.0230018 0.0173792 0.0125578 0.00860848 0.0055505 0.00333686
 0.00831749 0.0134179 0.0200313 0.0280688 0.037293 0.0471935 0.0569105 0.0653836 0.0716824 0.0752741 0.0760666 0.0742932 0.0703814 0.0648585 0.0582689 0.0511027 0.0437562 0.0365315 0.029657 0.0233114 0.0176404 0.0127614 0.00875502 0.00564756 0.00339583
 0.00817926 0.0131823 0.0196595 0.027526 0.0365658 0.0463117 0.0559608 0.0644981 0.0709986 0.0748868 0.0759987 0.0745009 0.0707863 0.0653823 0.0588547 0.0517159 0.0443748 0.0371351 0.0302221 0.0238137 0.0180606 0.0130899 0.00899367 0.00580772 0.0034946
 0.00797149 0.0128648 0.0192181 0.0269571 0.0358724 0.0455001 0.0550453 0.0635149 0.0700209 0.0740261 0.0753832 0.0742357 0.0709149 0.0658724 0.0596148 0.0526319 0.0453426 0.0380766 0.031085 0.024565 0.0186811 0.013573 0.00934527 0.00604513 0.00364223
 0.00798936 0.01287 0.0191826 0.0268417 0.0356383 0.0451256 0.0545381 0.0629107 0.0693697 0.0733779 0.0747859 0.0737416 0.070584 0.0657607 0.0597516 0.0530032 0.0458925 0.0387263 0.0317556 0.0251931 0.0192245 0.01401 0.00967163 0.00627037 0.003785
 0.00868227 0.0138466 0.0203733 0.0280841 0.0367178 0.045845 0.0547769 0.0626481 0.068671 0.0723639 0.0736001 0.0725246 0.0694554 0.0648109 0.0590405 0.0525592 0.0457108 0.0387686 0.031959 0.0254847 0.0195382 0.0142971 0.00990446 0.00644032 0.00389718
 0.00932191 0.0148617 0.0218456 0.0300475 0.0391227 0.0485186 0.0574076 0.0648299 0.0700168 0.0726402 0.0728056 0.0708701 0.0672687 0.0624282 0.0567343 0.0505127 0.044023 0.0374709 0.0310315 0.024873 0.0191698 0.0140977 0.00981026 0.00640383 0.00388776
 0.00928918 0.0149087 0.0221016 0.0306947 0.0403487 0.0504372 0.0599807 0.0678309 0.073057 0.0752516 0.0745566 0.0714801 0.0666837 0.0608249 0.0544492 0.0479328 0.0414868 0.0352138 0.0291773 0.0234528 0.0181512 0.0134128 0.00937894 0.00615006 0.00374873
 0.00901831 0.0145018 0.0215592 0.0300598 0.0397211 0.0499807 0.0599095 0.0683586 0.0743094 0.077178 0.076895 0.0738116 0.0685604 0.0619134 0.0546259 0.0472948 0.0402868 0.0337588 0.0277365 0.0222063 0.0171811 0.012724 0.00892964 0.00588008 0.00359931
 0.00882129 0.0141755 0.021059 0.0293465 0.0387775 0.048838 0.0586725 0.0672136 0.0735001 0.0769451 0.0773956 0.0750458 0.0703401 0.063901 0.0564368 0.0486231 0.0409949 0.0338907 0.0274623 0.0217347 0.0166865 0.0123111 0.00863537 0.00569598 0.00349689
 0.00865744 0.0139217 0.0206989 0.0288698 0.0381772 0.0481094 0.0578201 0.0662668 0.0725316 0.0760822 0.0768088 0.0749073 0.0707608 0.0648696 0.0577989 0.0501185 0.0423451 0.0348935 0.0280473 0.021956 0.0166686 0.0121843 0.00849358 0.00558529 0.00342718
 0.00869937 0.0139614 0.0207066 0.0288009 0.0379847 0.0477624 0.0573181 0.0656404 0.071832 0.0753688 0.0761479 0.0743798 0.0704626 0.0648915 0.0581852 0.0508298 0.0432517 0.0358152 0.0288193 0.0224859 0.016953 0.012284 0.00848961 0.00554391 0.003386
 0.00883374 0.0141584 0.0209612 0.0290895 0.0382653 0.0479784 0.0574069 0.065547 0.0715267 0.0748628 0.0754972 0.0736734 0.0698037 0.0643791 0.057899 0.0508128 0.0434927 0.036243 0.0293207 0.0229459 0.0172948 0.0124871 0.00857927 0.00556443 0.00337685
 0.00878156 0.0140933 0.0208989 0.0290546 0.0382813 0.0480539 0.0575235 0.0656599 0.0715775 0.0748003 0.0752968 0.0733478 0.0694015 0.0639738 0.0575713 0.0506307 0.043494 0.0364226 0.0296302 0.0233086 0.017633 0.0127484 0.0087477 0.00565407 0.00341481
 0.00868876 0.013957 0.020722 0.0288521 0.0380802 0.0478888 0.0574306 0.065666 0.0716868 0.0749856 0.0755014 0.073504 0.0694572 0.0639145 0.0574255 0.0504585 0.043363 0.036383 0.029698 0.0234628 0.0178281 0.0129358 0.00889432 0.00574948 0.00346654
 0.00870327 0.0139803 0.0207569 0.0289017 0.0381483 0.0479801 0.05755 0.0658173 0.0718695 0.0751904 0.0757065 0.0736741 0.0695504 0.0638951 0.0572804 0.0502072 0.0430551 0.0360818 0.0294582 0.0233126 0.0177642 0.0129324 0.0089193 0.00577808 0.00348678
 0.00864833 0.0138894 0.0206177 0.0287032 0.0378855 0.0476598 0.0571965 0.0654722 0.071585 0.0750161 0.0756758 0.0737942 0.0697982 0.0642216 0.0576239 0.0505116 0.0432871 0.0362388 0.0295615 0.0233915 0.0178403 0.0130117 0.00899568 0.0058419 0.00353238
 0.00874591 0.0140364 0.0208165 0.0289465 0.0381555 0.04793 0.0574336 0.0656414 0.0716588 0.0749842 0.0755506 0.0736077 0.0695906 0.0640267 0.057459 0.0503752 0.0431663 0.0361209 0.0294436 0.0232818 0.0177512 0.0129514 0.0089637 0.00583055 0.00353196
 0.00874609 0.0140512 0.0208651 0.0290539 0.0383444 0.0482077 0.057782 0.0660162 0.0720003 0.0752351 0.0756725 0.0735897 0.0694496 0.0638 0.057191 0.0501047 0.0429175 0.0359032 0.0292571 0.0231249 0.0176246 0.0128567 0.00890002 0.00579308 0.00351307
 0.00872227 0.014014 0.0208131 0.0289902 0.0382793 0.0481616 0.0577836 0.066094 0.0721688 0.0754821 0.0759564 0.0738529 0.0696387 0.0638846 0.0571708 0.0500035 0.0427699 0.0357413 0.0291032 0.022991 0.0175155 0.0127736 0.00884154 0.00575591 0.00349215
 0.00866029 0.0139138 0.0206637 0.0287827 0.0380105 0.0478385 0.057429 0.0657486 0.0718862 0.0753165 0.0759462 0.0740056 0.0699261 0.06425 0.0575483 0.0503386 0.0430332 0.0359281 0.0292257 0.0230669 0.0175608 0.0128001 0.00885711 0.00576539 0.00349823
 0.0085949 0.0138198 0.0205446 0.0286484 0.0378729 0.0477054 0.0573005 0.0656195 0.0717532 0.0751866 0.0758397 0.0739515 0.0699501 0.064362 0.057735 0.0505673 0.0432637 0.0361275 0.0293769 0.0231689 0.017623 0.0128349 0.00887547 0.00577481 0.00350318
 0.00851492 0.0136976 0.0203759 0.0284362 0.0376282 0.0474476 0.0570553 0.0654145 0.0716101 0.0751138 0.0758316 0.0739953 0.0700358 0.0644871 0.057901 0.0507711 0.0434916 0.0363571 0.0295841 0.023337 0.0177463 0.0129175 0.00892657 0.00580439 0.00351937
 0.00846608 0.013619 0.0202593 0.0282752 0.0374208 0.047199 0.0567812 0.0651413 0.0713705 0.0749385 0.0757413 0.0739951 0.0701162 0.06463 0.0580869 0.0509844 0.0437199 0.0365878 0.029803 0.0235293 0.0179014 0.0130318 0.00900362 0.00585203 0.00354651
 0.00858836 0.0137999 0.0204981 0.0285583 0.0377241 0.0474926 0.0570341 0.0653245 0.0714613 0.0749256 0.0756281 0.0738002 0.069868 0.0643597 0.0578225 0.0507469 0.0435228 0.0364373 0.0296979 0.0234625 0.0178623 0.0130099 0.00899073 0.00584365 0.00354072
 0.00882763 0.0141621 0.0209923 0.0291729 0.0384272 0.0482354 0.0577536 0.0659488 0.0719199 0.0751645 0.0756228 0.0735602 0.069432 0.063786 0.0571766 0.050091 0.0429074 0.0358971 0.0292511 0.023113 0.0176031 0.0128272 0.00886832 0.00576582 0.003494
 0.00893173 0.0143328 0.0212509 0.0295374 0.0389054 0.0488151 0.0583958 0.0665885 0.0724797 0.075574 0.0758352 0.0735586 0.0692281 0.0634131 0.0566826 0.0495305 0.0423342 0.0353571 0.0287777 0.0227246 0.017304 0.0126109 0.00872141 0.00567226 0.00343831
 0.0089313 0.0143488 0.0213063 0.0296647 0.0391397 0.0491815 0.0588964 0.0671951 0.0731348 0.0762002 0.0763502 0.0738923 0.0693381 0.0632931 0.0563606 0.0490593 0.0417783 0.0347801 0.0282333 0.0222508 0.0169212 0.012323 0.00851999 0.00554136 0.00335953
 0.00902438 0.0145019 0.0215403 0.0300014 0.0395981 0.0497722 0.0596126 0.0680058 0.073982 0.0770037 0.0770183 0.0743387 0.0695003 0.0631471 0.0559266 0.0483958 0.0409683 0.0339141 0.0273935 0.0215005 0.0162993 0.0118437 0.008177 0.00531401 0.00322052
 0.00889666 0.0143004 0.0212501 0.0296169 0.0391296 0.049253 0.0591044 0.0675937 0.073757 0.0770353 0.0773297 0.0748951 0.070215 0.0639027 0.0566062 0.0489112 0.0412783 0.0340255 0.0273492 0.0213599 0.0161203 0.0116703 0.00803447 0.005211 0.00315402
 0.00875826 0.0140729 0.0209035 0.0291237 0.0384728 0.0484389 0.0581754 0.066634 0.0728836 0.0763764 0.0769964 0.0749541 0.0706687 0.0646845 0.0575938 0.0499574 0.042247 0.0348221 0.0279333 0.0217405 0.0163378 0.0117764 0.00807562 0.00522071 0.00315208
 0.00890498 0.014271 0.0211263 0.0293183 0.0385717 0.0483797 0.0579198 0.0661793 0.0722648 0.0756633 0.0762853 0.0743536 0.0702773 0.0645654 0.0577559 0.0503515 0.0427803 0.0353867 0.0284373 0.0221292 0.0165981 0.0119264 0.00814801 0.00524785 0.00315789
 0.00910236 0.0145563 0.0214875 0.0297168 0.0389458 0.0486558 0.0580259 0.0660588 0.0718933 0.075062 0.0755257 0.0735452 0.0695431 0.0640138 0.0574569 0.0503234 0.0429883 0.0357548 0.0288715 0.0225438 0.0169362 0.0121667 0.00829801 0.00533024 0.00319761
 0.00966898 0.0154477 0.0227696 0.0314198 0.0410459 0.0510522 0.0605235 0.0683776 0.0737187 0.0761234 0.0756687 0.0727674 0.0679872 0.0619266 0.0551299 0.0480307 0.040938 0.0340642 0.0275693 0.0215939 0.0162699 0.011711 0.00799247 0.00513075 0.0030729
 0.00961418 0.0154118 0.0228147 0.0316387 0.0415408 0.0518982 0.0617313 0.0698738 0.0753495 0.0776798 0.0769249 0.0735286 0.0681355 0.0614522 0.0541337 0.046695 0.0394761 0.0326677 0.0263703 0.0206522 0.0155838 0.0112412 0.00768658 0.00494011 0.0029593
 0.00890825 0.0143484 0.021376 0.0298773 0.0395812 0.0499292 0.0599923 0.0686245 0.0748146 0.0779794 0.078025 0.0752405 0.0701666 0.0634859 0.0559087 0.0480586 0.0403977 0.0332135 0.026655 0.0207896 0.0156557 0.0112904 0.00772721 0.00497267 0.00298211
#obs surv len freq
 0.00496284 0.00813197 0.0123744 0.0177049 0.0239971 0.0308832 0.0377342 0.0438235 0.0485996 0.0518625 0.0537333 0.0544998 0.0544831 0.0539806 0.0532523 0.0525111 0.0519014 0.0514577 0.0510414 0.0502832 0.0486011 0.0453645 0.0401964 0.0332657 0.0253541
 0.0051889 0.00849618 0.0129169 0.0184622 0.024997 0.0321361 0.0392219 0.0454925 0.0503644 0.0536171 0.0553656 0.0559027 0.0555616 0.0546558 0.053464 0.0522211 0.0510985 0.050164 0.0493183 0.0482348 0.0463712 0.0431251 0.0381238 0.0315065 0.0239938
 0.00541467 0.00886953 0.0134902 0.0192871 0.0261132 0.0335544 0.0409079 0.0473645 0.0523083 0.055512 0.0571027 0.0573912 0.0567245 0.0554246 0.0537767 0.0520257 0.0503602 0.0488764 0.0475173 0.0460118 0.0438781 0.0405632 0.035712 0.0294349 0.022379
 0.00563352 0.00923026 0.0140427 0.0200822 0.0271939 0.0349414 0.0425834 0.0492636 0.0543256 0.05752 0.0589723 0.0590081 0.0579973 0.0562844 0.0541711 0.0519112 0.0497005 0.0476512 0.0457406 0.0437543 0.0412828 0.0378405 0.0331061 0.0271679 0.0205953
 0.00588243 0.00963235 0.0146433 0.0209228 0.0283055 0.0363339 0.0442341 0.0511114 0.0562779 0.0594671 0.0608024 0.0606162 0.05929 0.0571834 0.0546141 0.0518501 0.0490987 0.0464861 0.0440171 0.0415282 0.0386831 0.0350724 0.0304213 0.024806 0.01872
 0.0061262 0.0100364 0.0152652 0.0218195 0.0295204 0.0378769 0.0460636 0.0531314 0.0583566 0.0614674 0.0626068 0.0621356 0.0604596 0.0579534 0.0549425 0.0516988 0.0484338 0.0452835 0.0422764 0.0392955 0.0360752 0.032284 0.0277004 0.0223963 0.0167945
 0.00637519 0.0104417 0.0158766 0.0226847 0.0306772 0.0393401 0.047809 0.0550875 0.0604104 0.0634823 0.064446 0.063681 0.0616242 0.0586829 0.0552084 0.0514857 0.0477293 0.0440769 0.0405709 0.0371318 0.0335574 0.0295907 0.0250646 0.0200524 0.0149132
 0.00660239 0.0108174 0.0164536 0.0235154 0.0318025 0.0407721 0.0495146 0.0569845 0.0623809 0.0653973 0.0661851 0.0651428 0.062728 0.0593696 0.0554403 0.0512443 0.0470092 0.0428812 0.0389157 0.0350625 0.0311712 0.0270498 0.0225814 0.0178424 0.0131356
 0.00685403 0.0112269 0.0170707 0.0243865 0.032962 0.0422275 0.0512319 0.0588814 0.0643373 0.0672773 0.0678604 0.0665085 0.0637094 0.059921 0.0555398 0.0508861 0.046198 0.04163 0.0372503 0.0330348 0.0288767 0.0246384 0.0202442 0.0157723 0.0114745
 0.00705389 0.011559 0.0175836 0.0251294 0.0339741 0.0435217 0.0527783 0.0606033 0.0661228 0.0690016 0.0694068 0.0677802 0.0646332 0.0604482 0.0556443 0.0505611 0.0454503 0.0404773 0.0357237 0.0311886 0.0268026 0.0224725 0.0181557 0.0139292 0.00999861
 0.0072763 0.0119215 0.0181307 0.0259028 0.0350044 0.044815 0.0543023 0.0622817 0.0678446 0.0706418 0.0708474 0.0689252 0.0654158 0.0608309 0.0556151 0.0501264 0.0446288 0.0392965 0.0342219 0.0294233 0.0248616 0.0204791 0.0162578 0.01227 0.00867916
 0.00743312 0.0121819 0.0185326 0.026485 0.0357984 0.0458327 0.0555234 0.0636491 0.0692728 0.0720322 0.0721041 0.0699644 0.0661706 0.0612543 0.055681 0.0498289 0.0439787 0.0383183 0.0329537 0.0279218 0.023209 0.0187852 0.0146504 0.0108696 0.00756898
 0.00753167 0.0123423 0.0187751 0.02683 0.036265 0.0464344 0.0562624 0.0645115 0.070226 0.0730275 0.0730807 0.0708552 0.066909 0.0617809 0.0559489 0.0498069 0.0436536 0.0376954 0.032058 0.0268007 0.0219354 0.0174562 0.0133766 0.00975416 0.00668239
 0.00761315 0.0124695 0.0189571 0.0270725 0.0365705 0.0468032 0.0566919 0.064996 0.0707575 0.0735954 0.07367 0.0714433 0.0674622 0.0622546 0.0562924 0.0499711 0.043599 0.0373997 0.0315217 0.0260511 0.0210284 0.0164731 0.0124125 0.00889796 0.00599611
 0.00766264 0.0125451 0.0190619 0.0272063 0.0367305 0.0469852 0.0568918 0.0652108 0.0709872 0.0738444 0.0739454 0.0717508 0.0677993 0.0626049 0.056623 0.0502358 0.0437468 0.0373854 0.0313178 0.0256571 0.0204754 0.0158213 0.0117396 0.00828069 0.00549094
 0.00772025 0.0126335 0.0191848 0.0273633 0.0369164 0.0471902 0.0571023 0.0654111 0.0711635 0.0739896 0.0740629 0.0718526 0.0679019 0.0627207 0.056753 0.0503649 0.0438438 0.0374102 0.0312327 0.0254408 0.020133 0.015387 0.0112689 0.00783463 0.00511768
 0.00778248 0.0127273 0.0193122 0.027521 0.0370965 0.0473816 0.0572919 0.0655849 0.0713085 0.0740964 0.0741287 0.0718826 0.0679078 0.0627178 0.0567547 0.0503768 0.0438585 0.0374067 0.0311824 0.0253176 0.0199264 0.0151092 0.0109532 0.00752415 0.00485065
 0.0078377 0.0128132 0.019434 0.0276798 0.0372885 0.0475969 0.0575135 0.0657911 0.0714771 0.0742114 0.0741839 0.0718822 0.0678635 0.0626452 0.05667 0.0502931 0.0437821 0.0373341 0.0311002 0.0252078 0.0197755 0.0149169 0.0107351 0.00730673 0.00466038
 0.00786521 0.0128567 0.019497 0.0277647 0.037396 0.0477247 0.0576561 0.0659386 0.0716166 0.0743294 0.0742688 0.0719274 0.0678681 0.0626144 0.0566134 0.0502219 0.0437061 0.0372579 0.0310217 0.0251192 0.019668 0.0147874 0.0105899 0.00716061 0.00453037
 0.00786494 0.0128543 0.0194901 0.0277504 0.0373725 0.0476934 0.0576229 0.0659133 0.07161 0.0743491 0.0743165 0.0719976 0.0679502 0.0626962 0.0566847 0.0502767 0.043743 0.0372778 0.0310249 0.0251042 0.0196321 0.0147297 0.0105149 0.00707808 0.00445233
 0.00788269 0.0128737 0.0195019 0.0277406 0.0373263 0.0476021 0.0574892 0.0657531 0.0714484 0.0742138 0.0742306 0.0719745 0.0679914 0.0627912 0.0568152 0.0504217 0.0438838 0.0374009 0.0311224 0.0251721 0.0196691 0.0147373 0.0104982 0.00704558 0.00441424
 0.00788737 0.0128822 0.0195155 0.0277596 0.0373476 0.0476174 0.0574848 0.065714 0.0713656 0.0740911 0.0740871 0.071839 0.0678929 0.062749 0.0568338 0.0504917 0.0439866 0.0375156 0.0312306 0.0252607 0.0197313 0.0147718 0.0105084 0.00703836 0.0043978
 0.00789189 0.0128843 0.0195094 0.0277374 0.0373022 0.0475465 0.0573934 0.0656124 0.0712649 0.0739982 0.0740041 0.071767 0.0678369 0.0627191 0.0568413 0.0505429 0.0440784 0.0376354 0.0313604 0.0253826 0.0198318 0.0148442 0.0105526 0.00705938 0.00440315
 0.00789518 0.0128879 0.0195112 0.0277337 0.0372877 0.047515 0.0573395 0.065534 0.0711653 0.0738869 0.0738948 0.0716733 0.0677685 0.0626811 0.0568359 0.0505711 0.0441394 0.0377248 0.0314683 0.0254953 0.0199352 0.0149277 0.0106117 0.00709529 0.00442121
 0.00788065 0.0128639 0.0194744 0.0276809 0.0372169 0.0474262 0.0572358 0.0654217 0.0710523 0.0737815 0.0738045 0.0716052 0.0677287 0.0626741 0.0568632 0.0506313 0.0442284 0.0378362 0.0315937 0.0256241 0.0200557 0.01503 0.0106896 0.00714817 0.00445282
 0.00787848 0.0128588 0.0194641 0.0276619 0.0371856 0.0473798 0.0571738 0.0653461 0.0709677 0.0736941 0.0737213 0.071533 0.0676736 0.0626411 0.0568562 0.0506521 0.0442766 0.0379085 0.0316839 0.0257236 0.0201545 0.0151185 0.010761 0.00719978 0.00448595
 0.00786069 0.0128316 0.0194262 0.0276132 0.0371268 0.0473124 0.0570996 0.0652678 0.0708891 0.0736199 0.0736566 0.0714827 0.0676418 0.0626306 0.0568685 0.0506873 0.0443336 0.0379846 0.0317744 0.0258218 0.0202522 0.0152072 0.0108344 0.00725452 0.00452262
 0.00782297 0.0127703 0.0193341 0.0274849 0.0369603 0.0471127 0.0568805 0.0650512 0.0706998 0.073479 0.0735762 0.0714649 0.0676809 0.0627166 0.05699 0.0508335 0.0444951 0.0381532 0.0319429 0.025983 0.0203989 0.0153332 0.010935 0.00732863 0.00457237
 0.00779687 0.0127233 0.0192552 0.0273613 0.0367817 0.0468758 0.056595 0.0647405 0.0703974 0.0732208 0.0733924 0.0713742 0.0676881 0.0628134 0.0571587 0.0510519 0.0447409 0.0384073 0.0321899 0.0262112 0.0205996 0.0155002 0.0110655 0.00742333 0.00463558
 0.00778345 0.0126971 0.0192076 0.027281 0.0366568 0.0466979 0.0563629 0.0644635 0.0700953 0.0729223 0.0731305 0.0711809 0.0675875 0.0628169 0.0572625 0.0512393 0.0449869 0.0386843 0.0324723 0.0264781 0.0208358 0.0156965 0.0112181 0.00753353 0.00470891
 0.00774461 0.0126371 0.0191228 0.0271698 0.0365185 0.0465325 0.0561713 0.0642487 0.0698644 0.0726871 0.0729088 0.0709944 0.0674593 0.0627667 0.0573019 0.0513681 0.0451922 0.0389432 0.0327571 0.0267613 0.0210948 0.0159157 0.01139 0.00765808 0.00479187
 0.00933324 0.0148583 0.0217985 0.0299119 0.0388427 0.0480388 0.0566864 0.0638508 0.0687968 0.071234 0.0713054 0.0693978 0.0659615 0.0614188 0.0561329 0.050393 0.0444139 0.0383521 0.0323322 0.0264738 0.0209129 0.0158091 0.011333 0.00763105 0.00478106
 0.00932014 0.0151335 0.0227351 0.0319718 0.0423755 0.0530095 0.0625034 0.0694625 0.0730653 0.073384 0.0711789 0.0673944 0.0627603 0.057689 0.0523689 0.0468897 0.0413164 0.0357157 0.030163 0.0247503 0.0195954 0.0148458 0.0106641 0.00719361 0.00451405
 0.0089863 0.014605 0.0219883 0.0310523 0.0414535 0.0524192 0.062704 0.0708752 0.0758221 0.0771397 0.0751534 0.0706692 0.064663 0.0580261 0.0513962 0.0450979 0.0391988 0.0336341 0.0283233 0.0232381 0.0184225 0.0139842 0.0100662 0.00680396 0.00427733
 0.00880184 0.0142992 0.0215174 0.0303746 0.040545 0.0513037 0.0614933 0.069798 0.0752094 0.0773346 0.0763574 0.0727941 0.0672941 0.0605559 0.0532711 0.0460306 0.0392272 0.0330224 0.0274004 0.0222736 0.0175789 0.0133276 0.00959951 0.00649799 0.00409202
 0.00874465 0.014196 0.0213425 0.0300959 0.040129 0.0507258 0.0607518 0.0689298 0.0743048 0.0765469 0.0758921 0.0728586 0.0680081 0.0618614 0.0549092 0.0476236 0.0404324 0.0336643 0.027507 0.0220117 0.0171507 0.0128917 0.00924282 0.00624581 0.00393338
 0.00871261 0.0141451 0.0212675 0.02999 0.0399827 0.0505249 0.0604784 0.0685671 0.0738471 0.0760141 0.0753437 0.0723996 0.067774 0.0619752 0.0554186 0.0484548 0.0413976 0.0345337 0.0281054 0.0222818 0.0171488 0.0127325 0.00903685 0.00606417 0.00380365
 0.00867751 0.0140875 0.0211798 0.0298656 0.0398177 0.0503202 0.060241 0.0683079 0.0735761 0.0757365 0.0750625 0.072127 0.0675447 0.0618501 0.0554695 0.0487286 0.0418791 0.0351342 0.0286925 0.0227365 0.0174135 0.0128218 0.0090111 0.00599032 0.0037287
 0.00865689 0.0140539 0.0211291 0.0297937 0.039721 0.0501966 0.0600913 0.068137 0.0733921 0.0755493 0.0748807 0.0719574 0.0673949 0.0617349 0.0554163 0.0487728 0.0420474 0.035422 0.0290538 0.023097 0.0177031 0.0130036 0.0090902 0.00599945 0.00370557
 0.00864742 0.0140386 0.0211061 0.0297612 0.0396771 0.0501399 0.060021 0.068053 0.0732955 0.0754423 0.0747671 0.0718419 0.0672837 0.0616365 0.0553431 0.0487425 0.0420794 0.0355289 0.0292294 0.0233124 0.0179148 0.0131726 0.00919774 0.00604994 0.00371778
 0.00866707 0.0140659 0.0211386 0.0297934 0.0397022 0.0501515 0.060015 0.0680281 0.0732524 0.0753823 0.0746921 0.0717544 0.0671875 0.0615377 0.0552504 0.0486678 0.0420368 0.0355313 0.0292822 0.0234081 0.0180328 0.0132867 0.00928661 0.00610533 0.00374389
 0.0086318 0.0140177 0.0210827 0.0297399 0.0396621 0.0501318 0.0600148 0.068039 0.0732631 0.0753839 0.0746808 0.0717316 0.0671568 0.0615031 0.0552159 0.0486385 0.0420197 0.0355344 0.0293122 0.0234655 0.01811 0.0133694 0.00935974 0.00615907 0.00377643
 0.00863678 0.0140206 0.021078 0.0297206 0.0396235 0.0500755 0.0599513 0.067985 0.0732335 0.0753842 0.0747045 0.0717643 0.0671838 0.0615153 0.0552122 0.0486235 0.0420014 0.0355218 0.029313 0.023484 0.0181453 0.0134149 0.00940601 0.00619776 0.00380336
 0.00864539 0.0140364 0.0211047 0.0297615 0.0396789 0.0501408 0.0600156 0.0680342 0.0732565 0.0753788 0.0746774 0.0717265 0.0671438 0.0614757 0.0551708 0.048578 0.0419527 0.0354747 0.0292742 0.0234594 0.0181372 0.0134214 0.00942148 0.00621559 0.00381852
 0.0086206 0.0140005 0.0210592 0.029711 0.0396308 0.0501033 0.0599959 0.068036 0.0732785 0.0754145 0.0747175 0.0717623 0.067171 0.0614946 0.0551835 0.0485862 0.0419567 0.0354749 0.0292726 0.0234593 0.0181417 0.0134314 0.00943556 0.00623066 0.00383158
 0.00862177 0.0139976 0.0210461 0.02968 0.0395756 0.0500233 0.0598993 0.0679394 0.0732013 0.0753717 0.0747146 0.0717946 0.0672268 0.0615601 0.0552481 0.0486435 0.0420045 0.0355132 0.0293027 0.0234832 0.0181618 0.0134495 0.00945228 0.00624547 0.00384354
 0.00862177 0.0139976 0.0210461 0.02968 0.0395756 0.0500233 0.0598993 0.0679394 0.0732013 0.0753717 0.0747146 0.0717946 0.0672268 0.0615601 0.0552481 0.0486435 0.0420045 0.0355132 0.0293027 0.0234832 0.0181618 0.0134495 0.00945228 0.00624547 0.00384354
 0.0086269 0.0140079 0.0210649 0.0297102 0.0396176 0.0500726 0.0599453 0.0679682 0.073202 0.0753421 0.0746633 0.0717368 0.067177 0.0615266 0.0552311 0.0486382 0.0420047 0.0355143 0.0293029 0.0234827 0.0181616 0.0134506 0.00945511 0.00624956 0.00384793
 0.00863305 0.0140181 0.0210807 0.0297335 0.0396504 0.0501161 0.0599993 0.0680289 0.0732616 0.0753894 0.0746872 0.0717309 0.0671429 0.0614735 0.0551714 0.0485825 0.0419584 0.0354784 0.0292754 0.0234616 0.0181457 0.0134395 0.00944826 0.00624623 0.003847
 0.00863128 0.0140171 0.0210826 0.0297414 0.0396676 0.0501449 0.0600396 0.0680787 0.0733163 0.0754436 0.0747343 0.0717637 0.0671552 0.0614623 0.0551387 0.0485348 0.041905 0.0354272 0.0292315 0.0234267 0.0181194 0.0134207 0.00943581 0.00623871 0.00384304
 0.00871585 0.0141508 0.0212761 0.0300007 0.0399909 0.0505192 0.0604378 0.0684609 0.0736377 0.0756648 0.0748315 0.0717322 0.0670071 0.0612215 0.0548348 0.0481983 0.041564 0.0351052 0.0289456 0.023187 0.0179294 0.0132783 0.00933544 0.00617257 0.00380263
 0.0088409 0.0143554 0.0215855 0.0304363 0.0405625 0.0512144 0.0612128 0.069241 0.0743316 0.0761871 0.0751219 0.0717664 0.0667963 0.0608047 0.0542686 0.0475463 0.0408864 0.0344526 0.0283559 0.0226841 0.0175242 0.0129705 0.00911587 0.00602636 0.00371236
 0.00889858 0.0144575 0.0217546 0.0306987 0.0409419 0.051722 0.0618371 0.0699428 0.0750475 0.0768398 0.0756349 0.0720771 0.0668682 0.0606336 0.0538826 0.0469978 0.0402411 0.0337773 0.0277084 0.0221076 0.0170448 0.0125978 0.00884541 0.00584405 0.0035988
 0.00891292 0.0144818 0.0217936 0.0307596 0.0410356 0.0518632 0.0620427 0.0702267 0.0754125 0.0772702 0.076093 0.0725073 0.0672082 0.0608293 0.0539017 0.0468376 0.0399279 0.0333589 0.0272421 0.0216479 0.0166343 0.0122621 0.00859302 0.0056696 0.00348823
 0.00904467 0.0146871 0.0220854 0.0311421 0.0415015 0.0523916 0.0625976 0.0707612 0.0758792 0.0776338 0.0763368 0.0726304 0.0672154 0.0607234 0.0536815 0.0465036 0.0394905 0.0328435 0.0266882 0.021102 0.0161397 0.0118498 0.00827727 0.00544778 0.00334573
 0.00884276 0.0143798 0.0216633 0.0306139 0.0408962 0.0517578 0.0620023 0.0702824 0.0755907 0.0775855 0.0765408 0.0730585 0.0678088 0.0614059 0.0543729 0.0471314 0.0399994 0.0332033 0.0268965 0.0211812 0.0161274 0.0117876 0.00819997 0.00537804 0.00329366
 0.0087846 0.0142569 0.0214278 0.0302088 0.0402757 0.0509167 0.0609991 0.0692385 0.074661 0.0769135 0.0762216 0.0731225 0.068225 0.0620977 0.0552374 0.0480585 0.0408891 0.0339787 0.0275119 0.0216241 0.0164134 0.0119503 0.00827881 0.00540809 0.00330027
 0.0088309 0.0143263 0.0215189 0.0303097 0.040359 0.050937 0.060898 0.0689625 0.0741895 0.0762836 0.0755302 0.0725005 0.0677941 0.0619314 0.0553451 0.0483917 0.0413638 0.0345012 0.0280013 0.0220261 0.0167055 0.0121372 0.00838255 0.00545644 0.00331769
 0.00876613 0.0142319 0.021397 0.0301695 0.0402137 0.0507981 0.0607694 0.0688359 0.0740445 0.0760941 0.0752795 0.0721986 0.0674863 0.0616896 0.055241 0.0484676 0.0416154 0.0348808 0.0284369 0.0224462 0.0170582 0.0123988 0.00855468 0.00555691 0.00336947
 0.00911551 0.0147724 0.0221574 0.0311533 0.0413931 0.052109 0.0621071 0.0700606 0.0750035 0.0766554 0.0753623 0.0717898 0.0666424 0.0605266 0.0539135 0.0471389 0.0404231 0.0339102 0.0277131 0.0219445 0.0167279 0.0121861 0.00841694 0.00546661 0.00331075
 0.00900937 0.0146495 0.0220639 0.0311617 0.0415822 0.0525312 0.0627612 0.0708851 0.0758929 0.0774887 0.076028 0.0722024 0.0667518 0.0603254 0.0534408 0.0464758 0.0396765 0.0331872 0.0270946 0.0214708 0.0163987 0.011975 0.00828906 0.00539135 0.00326687
 0.00863387 0.0140409 0.0211579 0.0299175 0.0400114 0.0507326 0.060939 0.0693221 0.0748719 0.0771948 0.076486 0.0732806 0.0682205 0.0619321 0.0549722 0.0477921 0.0407195 0.0339669 0.0276618 0.0218865 0.0167119 0.0122144 0.0084681 0.0055173 0.00334798
#pred catch len freq
 0.00391359 0.00625893 0.00926281 0.0129103 0.0172034 0.0221263 0.0275744 0.0333244 0.0390719 0.0444964 0.0493136 0.0533137 0.0563904 0.0585432 0.0598481 0.0604137 0.0603481 0.0597306 0.0585658 0.0567176 0.0538696 0.0495995 0.0436121 0.0360347 0.0275566
 0.00427062 0.00678394 0.00995585 0.0137511 0.0181772 0.0232542 0.0289199 0.0349573 0.0410008 0.0466095 0.0513714 0.0550106 0.0574562 0.0588346 0.0593857 0.0593561 0.0589187 0.0581311 0.0569128 0.0550302 0.0521119 0.0477546 0.041738 0.0342644 0.0260435
 0.00449807 0.00717428 0.0105785 0.0146761 0.0194526 0.0248773 0.0308217 0.0370201 0.0431045 0.0486711 0.0533387 0.0568114 0.0589498 0.0598182 0.0596651 0.0588335 0.0576393 0.0562585 0.0546555 0.0525697 0.0495759 0.0452397 0.0393499 0.0321317 0.0242888
 0.00476914 0.00759671 0.0111853 0.0154992 0.0205327 0.0262695 0.0325816 0.0391678 0.0455814 0.0513201 0.0559315 0.0591108 0.0607665 0.0610252 0.0601744 0.0585775 0.0565856 0.0544451 0.0522092 0.0496853 0.0464763 0.0421443 0.0364609 0.0296226 0.0222815
 0.00510749 0.00812382 0.0119367 0.0164955 0.0217815 0.0277685 0.0343205 0.0411287 0.0477372 0.0536251 0.0583013 0.0614033 0.0627861 0.0625571 0.061032 0.0586357 0.0557899 0.0528108 0.049824 0.0467143 0.0431537 0.0387464 0.0332645 0.0268593 0.0200968
 0.00541673 0.00861361 0.0126506 0.0174679 0.0230346 0.0293067 0.0361215 0.0431367 0.049867 0.0557771 0.0603769 0.0633125 0.0644404 0.0638547 0.0618503 0.0588422 0.0552704 0.0515034 0.047747 0.0439824 0.0399771 0.0354076 0.0300701 0.0240765 0.017896
 0.00576064 0.00915409 0.013431 0.0185206 0.0243813 0.0309558 0.0380585 0.0453117 0.0521867 0.0581088 0.0625664 0.0652103 0.0659269 0.0648515 0.0623106 0.0587288 0.0545403 0.050115 0.0456914 0.0413226 0.0368748 0.0321171 0.0268937 0.0212925 0.015689
 0.00614764 0.00975959 0.0142996 0.0196815 0.0258488 0.0327275 0.0401082 0.0475793 0.0545738 0.0604833 0.0647744 0.067094 0.0673468 0.0657065 0.0625481 0.0583382 0.0535343 0.0485138 0.0435249 0.038656 0.0338415 0.028932 0.0238258 0.0186014 0.0135531
