SBPRF35
12.7214
Curr Bio
780294
B35
846792
F35
0.171542
FOFL
0.154569
OFL
97258.1
Bzero
3.63469e+006
#pred survey bio
 3.12312e+006 2.82129e+006 2.55265e+006 2.31986e+006 2.04282e+006 1.82379e+006 1.61038e+006 1.4296e+006 1.28589e+006 1.1312e+006 974753 863525 760009 685691 668148 636801 607274 595204 580900 567984 554797 551200 554010 551289 554636 551943 543598 552498 565172 573284 571574 590440 611317 618909 631457 640953 647991 653576 664678 677099 676916 688400 698735 693311 695239 681463 687332 718729 744117 804718 844667 878556 882259 875467 858249 857044 833379 821963 807949 786046 2.70413e+007 1.61558e+007 1.6448e+007 1.73932e+007 1.87764e+007 2.03314e+007 2.18557e+007 2.32294e+007 2.44e+007 2.53598e+007 2.61257e+007 2.67256e+007 2.71893e+007 2.75448e+007 2.7816e+007 2.80225e+007 2.81797e+007 2.82995e+007 2.83912e+007 2.84615e+007 2.85157e+007 2.85577e+007 2.85904e+007 2.86159e+007 2.8636e+007 2.86519e+007 2.86644e+007 2.86743e+007 2.86822e+007 2.86886e+007 2.86937e+007 2.86978e+007 2.87011e+007 2.87037e+007 2.87059e+007 2.87077e+007 2.87091e+007 2.87102e+007 2.87112e+007 2.8712e+007 2.87126e+007 2.87131e+007 2.87135e+007 2.87139e+007 2.87141e+007 2.87144e+007 2.87146e+007 2.87147e+007 2.87148e+007 2.87149e+007 2.8715e+007 2.87151e+007 2.87151e+007 2.87152e+007 2.87152e+007 2.87153e+007 2.87153e+007 2.87153e+007 2.87153e+007 2.87153e+007 2.87153e+007 2.87154e+007 2.87154e+007 2.87154e+007 2.87154e+007 2.87154e+007 2.87154e+007 2.87154e+007 2.87154e+007 2.87154e+007 2.87154e+007 2.87154e+007 2.87154e+007 2.87154e+007 2.87154e+007 2.87154e+007 2.87154e+007 2.87154e+007 2.87154e+007 2.87154e+007 2.87154e+007 2.87154e+007 2.87154e+007 2.87154e+007 2.87154e+007 2.87154e+007 2.87154e+007 2.87154e+007 2.87154e+007 2.87154e+007 2.87154e+007 2.87154e+007 2.87154e+007 2.87154e+007 2.87154e+007 2.87154e+007 2.87154e+007 2.87154e+007 2.87154e+007 2.87154e+007 0 0 0 0 0 0 0 0 0 0 0 0 0 0 0 0 0 0 0 0 0 0 0 0 0
#obs survey bio
 2.85557e+006 3.05015e+006 2.21311e+006 1.80342e+006 2.07145e+006 1.7646e+006 1.72558e+006 1.76806e+006 1.31044e+006 820591 827674 867075 713725 632068 538672 773319 434095 548876 662470 710015 357701 528807 653866 770068 664209 431568 557086 517401 530308 572761 364749 600632 594852 584571 528216 716530 551934 661708 731429 748086 741996 830920 572268 974220 727836 1.03246e+006 684482 573060 681402 993706 947615 1.06046e+006 1.03356e+006 651764 1.10191e+006 1.01657e+006 857722 905199 642308 819489
#pred catch bio
 302145 290144 275597 332548 294235 300425 279590 253288 266897 267949 225602 214800 184733 134471 145917 142173 125544 125754 122105 119606 109360 102739 106112 99715.9 103874 107438 92672.5 90764.8 95712.8 104345 87887.1 88143.5 100646 97521.2 101465 104701 107023 103224 102614 112647 101523 101926 114523 107724 121040 104802 85983.4 94263 67032.4 86675.3 91940.8 117210 125046 132880 118237 136412 123915 124490 128563 117262 97258.1 106467 107054 111803 120171 129945 139528 148059 155196 160909 165337 168687 171174 172993 174308 175251 175922 176396 176730 176964 177128 177242 177321 177376 177415 177441 177459 177472 177481 177487 177491 177494 177496 177497 177498 177499 177499 177499 177500 177500 177500 177500 177500 177500 177500 177500 177500 177500 177500 177500 177500 177500 177500 177500 177500 177500 177500 177500 177500 177500 177500 177500 177500 177500 177500 177500 177500 177500 177500 177500 177500 177500 177500 177500 177500 177500 177500 177500 177500 177500 177500 177500 177500 177500 177500 177500 177500 177500 177500 177500 177500 177500 177500 177500 177500 177500 177500 177500 177500 177500 0 0 0 0 0 0 0 0 0 0 0 0 0 0 0 0 0 0 0 0 0 0 0 0 0
#obs catch bio
 259559 289700 274438 333607 294843 302331 279968 253218 268178 271007 228110 216518 186393 134727 147592 143475 127243 127201 122986 120179 110230 103141 106310 99442.2 103440 107628 92459.5 90812.4 95884.2 104404 88308.6 88359.9 100702 97617.6 101940 104658 107501 103963 103075 113266 101612 101444 114020 106819 120736 104531 85707.8 95121.2 67009.4 87152.2 91960.9 117224 124868 133099 117613 136294 123634 124031 128606 117198
#pred cpue bio
 3.07257e+006 2.77277e+006 2.50557e+006 2.27328e+006 1.99761e+006 1.77971e+006 1.56788e+006 1.38842e+006 1.24561e+006 1.09249e+006 938303 828962 727647 655011 637633 606972 578238 566608 552991 540833 528390 525184 528233 525926 529459 526984 518880 527485 539784 547717 546005 564315 584783 592202 604258 613402 620134 625422 636328 648768 649003 660629 671027 665769 667465 653752 659147 689541 714456 774206 814055 847688 851329 844431 827396 826253 803281 792302 778829 757864 2.60969e+007 1.56025e+007 1.57416e+007 1.65056e+007 1.78216e+007 1.93599e+007 2.08807e+007 2.22537e+007 2.34242e+007 2.4384e+007 2.51499e+007 2.57497e+007 2.62135e+007 2.6569e+007 2.68402e+007 2.70467e+007 2.72039e+007 2.73237e+007 2.74154e+007 2.74857e+007 2.75399e+007 2.75819e+007 2.76146e+007 2.76401e+007 2.76602e+007 2.7676e+007 2.76886e+007 2.76985e+007 2.77064e+007 2.77128e+007 2.77178e+007 2.77219e+007 2.77252e+007 2.77279e+007 2.77301e+007 2.77318e+007 2.77333e+007 2.77344e+007 2.77354e+007 2.77361e+007 2.77368e+007 2.77373e+007 2.77377e+007 2.7738e+007 2.77383e+007 2.77386e+007 2.77387e+007 2.77389e+007 2.7739e+007 2.77391e+007 2.77392e+007 2.77393e+007 2.77393e+007 2.77394e+007 2.77394e+007 2.77394e+007 2.77395e+007 2.77395e+007 2.77395e+007 2.77395e+007 2.77395e+007 2.77395e+007 2.77395e+007 2.77395e+007 2.77396e+007 2.77396e+007 2.77396e+007 2.77396e+007 2.77396e+007 2.77396e+007 2.77396e+007 2.77396e+007 2.77396e+007 2.77396e+007 2.77396e+007 2.77396e+007 2.77396e+007 2.77396e+007 2.77396e+007 2.77396e+007 2.77396e+007 2.77396e+007 2.77396e+007 2.77396e+007 2.77396e+007 2.77396e+007 2.77396e+007 2.77396e+007 2.77396e+007 2.77396e+007 2.77396e+007 2.77396e+007 2.77396e+007 2.77396e+007 2.77396e+007 2.77396e+007 2.77396e+007 2.77396e+007 2.77396e+007 2.77396e+007 0 0 0 0 0 0 0 0 0 0 0 0 0 0 0 0 0 0 0 0 0 0 0 0 0
#obs cpue bio
 2.17715e+006 3.46022e+006 3.22784e+006 2.00762e+006 1.54649e+006 1.46566e+006 1.98773e+006 1.12104e+006 945427 1.03267e+006 828683 954335 657605 688596 514908 499416 445787 632790 537253 476057 563161 619563 549933 473480 536278 498501 581043 463059 524166 702451 439232 649994 840578 514899 536183 808384 489310 424493 630217 630395 676006 920275 976304 600780 525222 419636 586068 407098 715652 672344 946610 968300 753690 971480 944290 655328 742144 887011 784231 707228
#pred surv len freq
 0.00500409 0.00816973 0.0123773 0.0176263 0.0237877 0.0305119 0.0372056 0.0431831 0.0479241 0.051242 0.0532524 0.0542205 0.0544265 0.0541072 0.0534506 0.0526098 0.0517204 0.0508966 0.0501746 0.0494024 0.0481454 0.0457374 0.0415557 0.0354204 0.0278481
 0.00535783 0.00867768 0.0130218 0.01836 0.0245627 0.0313166 0.0380829 0.0442072 0.0491451 0.0526322 0.0546929 0.0555396 0.0554663 0.0547793 0.05375 0.0525866 0.051428 0.0503456 0.0493166 0.0481577 0.0464665 0.043676 0.0392879 0.0332057 0.0259372
 0.00566362 0.00918804 0.0138092 0.0194867 0.0260521 0.0331198 0.0400623 0.046165 0.0508941 0.0540672 0.0558108 0.0563929 0.056093 0.0551636 0.0538376 0.0523271 0.0508025 0.0493592 0.0479731 0.0464493 0.0444004 0.0413226 0.0368112 0.0308391 0.0239097
 0.00587606 0.00954039 0.0143544 0.0202833 0.0271575 0.0345738 0.0418626 0.0482429 0.0531058 0.0562129 0.0576829 0.0578346 0.0570357 0.0556198 0.0538568 0.0519502 0.0500436 0.048214 0.0464369 0.0445326 0.0421478 0.0388365 0.0342641 0.0284503 0.0218845
 0.00616414 0.0100095 0.0150621 0.0212844 0.0284954 0.0362659 0.0438844 0.0505209 0.0555226 0.0586203 0.0599131 0.0597144 0.0584084 0.0563762 0.053958 0.0514235 0.0489528 0.0466263 0.0444071 0.0421143 0.0394217 0.0359382 0.0313893 0.0258244 0.0197025
 0.0063841 0.0103672 0.0156016 0.0220489 0.0295218 0.0375753 0.0454704 0.0523421 0.0575056 0.0606688 0.0619166 0.0615517 0.0599504 0.0574934 0.0545378 0.0513914 0.0482862 0.0453519 0.0425878 0.0398396 0.0368124 0.0331584 0.0286461 0.0233378 0.0176522
 0.00670713 0.0108759 0.0163366 0.0230379 0.0307759 0.0390844 0.0471961 0.0542156 0.0594356 0.062557 0.0636713 0.0630924 0.0612039 0.058387 0.0549957 0.05134 0.0476675 0.0441407 0.0408055 0.0375623 0.0341742 0.0303483 0.0258911 0.0208644 0.0156337
 0.00703282 0.011397 0.0171046 0.0240929 0.0321373 0.0407371 0.0490786 0.0562198 0.0614266 0.0644041 0.0652732 0.0643847 0.0621515 0.0589687 0.0551894 0.0511136 0.0469806 0.042957 0.0391155 0.0354079 0.0316659 0.0276662 0.023261 0.0185107 0.0137233
 0.0072174 0.0117121 0.0176065 0.0248432 0.0331888 0.0421128 0.0507495 0.0580986 0.0633807 0.0662839 0.0669412 0.0657359 0.063121 0.0595288 0.055337 0.0508531 0.04631 0.0418661 0.0375993 0.0334925 0.0294352 0.0252721 0.0209051 0.016399 0.0120102
 0.00740011 0.0120235 0.0181024 0.0255858 0.0342355 0.0434957 0.0524544 0.0600529 0.0654589 0.068327 0.0687832 0.0672289 0.0641566 0.0600505 0.0553392 0.0503667 0.0453807 0.0405378 0.0359108 0.0314922 0.0272053 0.0229449 0.0186552 0.0144054 0.0104062
 0.00764951 0.0124286 0.0187118 0.0264457 0.0353822 0.0449431 0.0541791 0.0619851 0.0674866 0.0703108 0.0705746 0.068688 0.0651686 0.0605394 0.0552761 0.0497687 0.0442997 0.0390438 0.0340803 0.0294076 0.0249661 0.0206796 0.0165164 0.0125425 0.00892593
 0.00778864 0.0126559 0.0190566 0.0269375 0.0360477 0.0457992 0.0552256 0.0631991 0.0688227 0.0717051 0.0719483 0.0699504 0.0662214 0.0612865 0.055637 0.0496923 0.043773 0.0380922 0.0327618 0.0278063 0.0231893 0.0188558 0.0147856 0.0110339 0.00772818
 0.00803053 0.0130343 0.0195983 0.0276572 0.0369453 0.0468573 0.0564051 0.0644397 0.0700508 0.0728483 0.0729466 0.07076 0.0668102 0.0616261 0.0556985 0.0494475 0.0432017 0.0371936 0.031563 0.0263675 0.0216026 0.0172383 0.0132638 0.00971973 0.00669406
 0.00838919 0.0135702 0.0203169 0.028533 0.0379297 0.047893 0.0574361 0.0654152 0.0709268 0.0735892 0.073529 0.0711723 0.0670489 0.0616902 0.0555833 0.0491419 0.0426899 0.0364627 0.0306151 0.0252315 0.0203405 0.0159413 0.012037 0.00865813 0.00585914
 0.00835067 0.0135275 0.0202883 0.028545 0.0380066 0.0480428 0.0576436 0.0656487 0.071158 0.073813 0.0737675 0.0714597 0.0674068 0.0621097 0.0560222 0.0495353 0.0429669 0.0365616 0.0304965 0.0248888 0.0198054 0.0152806 0.0113388 0.00801007 0.00532563
 0.00838494 0.0135891 0.0203927 0.0287115 0.0382557 0.0483895 0.0580887 0.0661706 0.0717103 0.0743313 0.0741869 0.0717372 0.0675363 0.0621195 0.0559556 0.0494253 0.0428202 0.0363593 0.0302087 0.0244939 0.0193063 0.0147107 0.0107547 0.0074742 0.00488655
 0.0084517 0.0136916 0.0205361 0.0288977 0.0384847 0.0486613 0.0584032 0.0665255 0.0720966 0.0747294 0.0745644 0.0720523 0.0677487 0.0622039 0.0559115 0.0492749 0.0425944 0.0360818 0.0298874 0.0241258 0.0188912 0.014263 0.0103064 0.00706541 0.00455115
 0.00836931 0.0135695 0.0203744 0.0287048 0.038276 0.0484562 0.0582238 0.0663963 0.0720438 0.074777 0.0747272 0.0723271 0.0681096 0.0626052 0.0562992 0.0496016 0.0428309 0.0362178 0.0299253 0.0240732 0.0187591 0.0140694 0.0100782 0.00683554 0.00434956
 0.00831244 0.0134806 0.020248 0.0285395 0.0380764 0.0482347 0.0580014 0.0662006 0.0719034 0.0747148 0.0747558 0.0724489 0.0683172 0.0628817 0.0566172 0.0499253 0.0431223 0.0364453 0.0300698 0.0241297 0.0187346 0.0139805 0.00994889 0.00669294 0.00421803
 0.00830119 0.0134552 0.0201967 0.0284477 0.0379307 0.0480303 0.0577476 0.0659223 0.0716362 0.0744968 0.0746186 0.0724122 0.0683866 0.0630494 0.0568637 0.0502219 0.0434342 0.0367365 0.030309 0.0242964 0.0188225 0.0139973 0.00991297 0.00662786 0.0041462
 0.00834157 0.0135121 0.0202657 0.0285175 0.0379847 0.0480491 0.0577135 0.065824 0.0714737 0.0742846 0.0743861 0.0721971 0.0682256 0.0629687 0.0568732 0.0503147 0.0435891 0.036923 0.0304942 0.0244515 0.018929 0.0140501 0.00991942 0.00660349 0.00410843
 0.0083012 0.0134491 0.0201756 0.0283978 0.0378346 0.04787 0.0575092 0.0656019 0.071245 0.0740644 0.0741923 0.0720497 0.0681445 0.0629701 0.0569653 0.0504936 0.043838 0.0372143 0.0307941 0.0247269 0.0191543 0.0142123 0.0100193 0.00665265 0.00412385
 0.00822066 0.0133193 0.0199827 0.0281313 0.0374909 0.0474575 0.0570525 0.0651407 0.0708264 0.0737308 0.0739727 0.0719566 0.0681771 0.0631187 0.0572154 0.0508273 0.0442333 0.0376438 0.0312262 0.0251288 0.0194982 0.0144806 0.0102083 0.00677124 0.00418892
 0.00822168 0.0133143 0.0199628 0.0280833 0.0373997 0.0473106 0.0568449 0.0648782 0.0705263 0.0734203 0.0736842 0.0717223 0.0680224 0.0630587 0.0572538 0.0509579 0.0444422 0.037911 0.0315262 0.0254328 0.019778 0.0147143 0.0103842 0.00688985 0.0042598
 0.00822932 0.013316 0.0199452 0.0280273 0.0372846 0.0471217 0.0565802 0.0645513 0.0701637 0.0730558 0.0733537 0.0714586 0.0678517 0.0629971 0.0573055 0.0511153 0.0446878 0.0382201 0.0318699 0.0257806 0.0201011 0.0149894 0.0105981 0.00704056 0.0043554
 0.00825307 0.0133587 0.020016 0.0281342 0.0374289 0.0472912 0.0567453 0.0646693 0.0701922 0.0729693 0.0731533 0.0711722 0.0675244 0.0626787 0.0570395 0.050932 0.0446012 0.0382281 0.0319567 0.0259214 0.0202668 0.015153 0.010739 0.00714785 0.0044279
 0.00837137 0.0135346 0.0202505 0.0284182 0.0377467 0.0476252 0.0570779 0.0649798 0.0704525 0.073143 0.0732033 0.0710733 0.0672758 0.0623089 0.0566003 0.0504843 0.0442 0.0379111 0.0317399 0.0258006 0.0202232 0.0151606 0.010772 0.00718652 0.00446054
 0.00835508 0.0135075 0.0202085 0.0283568 0.0376623 0.0475165 0.0569489 0.0648425 0.0703267 0.0730521 0.0731657 0.0710931 0.0673387 0.0623878 0.0566684 0.0505284 0.0442245 0.0379332 0.0317782 0.0258652 0.0203124 0.0152626 0.0108715 0.00727068 0.00452295
 0.00826463 0.0133723 0.0200273 0.028136 0.0374144 0.0472565 0.0566923 0.0646045 0.0701234 0.0729004 0.0730817 0.0710891 0.0674189 0.0625433 0.0568774 0.0507615 0.0444548 0.0381447 0.0319673 0.0260363 0.0204695 0.0154052 0.0109948 0.00736928 0.00459446
 0.0082718 0.0133725 0.020007 0.0280771 0.0373003 0.0470817 0.0564688 0.0643603 0.0698927 0.0727117 0.0729508 0.0710202 0.06741 0.0625909 0.0569759 0.0509012 0.0446208 0.0383198 0.0321372 0.0261925 0.0206089 0.0155267 0.011097 0.00745034 0.00465372
 0.00831817 0.0134531 0.0201364 0.0282684 0.0375575 0.0473905 0.0567912 0.0646411 0.0700768 0.0727649 0.0728707 0.0708326 0.0671551 0.0623096 0.0567021 0.0506585 0.0444229 0.0381707 0.0320337 0.0261274 0.0205741 0.0155145 0.0111002 0.00746197 0.00466782
 0.00818829 0.0132489 0.0198437 0.0278826 0.0370889 0.0468694 0.0562697 0.064185 0.0697471 0.0725977 0.0728674 0.0709664 0.0673876 0.0626054 0.0570348 0.0510098 0.0447782 0.0385172 0.0323592 0.0264209 0.0208267 0.0157212 0.0112599 0.00757783 0.00474605
 0.00815999 0.0131858 0.0197173 0.0276573 0.0367319 0.0463674 0.0556434 0.0634933 0.0690767 0.0720408 0.0724987 0.0708259 0.0674743 0.0628837 0.0574496 0.0515028 0.0453001 0.0390309 0.0328387 0.026848 0.0211896 0.016014 0.0114826 0.00773631 0.00485073
 0.00821848 0.0132816 0.0198609 0.0278534 0.0369722 0.0466221 0.0558591 0.0636028 0.0690231 0.0718039 0.0721091 0.0703565 0.0670148 0.0625109 0.0572077 0.0513993 0.0453147 0.0391299 0.032987 0.0270158 0.0213546 0.0161608 0.0116025 0.00782625 0.00491263
 0.00816287 0.0132047 0.0197705 0.0277663 0.0369107 0.0466066 0.0558998 0.0636932 0.0691367 0.0718982 0.0721386 0.0702914 0.0668572 0.0622974 0.0569954 0.0512432 0.0452482 0.0391574 0.0330899 0.027164 0.0215175 0.0163142 0.0117314 0.00792424 0.00498032
 0.00818038 0.013222 0.0197768 0.0277468 0.0368535 0.0465118 0.0557855 0.0635919 0.0690818 0.0719078 0.0722037 0.0703786 0.0669228 0.062308 0.0569436 0.0511503 0.0451526 0.0390963 0.0330839 0.0272125 0.0216039 0.0164158 0.0118281 0.00800362 0.0050378
 0.00817645 0.0132235 0.0197928 0.027788 0.0369266 0.0466125 0.055895 0.0636826 0.0691306 0.0719085 0.0721697 0.0703321 0.0668793 0.0622669 0.0568919 0.051076 0.0450567 0.0389953 0.0330008 0.0271653 0.021597 0.0164407 0.0118698 0.00804747 0.00507439
 0.00806605 0.0130681 0.0196038 0.0275926 0.0367611 0.0465114 0.05588 0.0637562 0.0692755 0.0720924 0.0723553 0.0704891 0.0669927 0.0623372 0.0569273 0.0510842 0.0450428 0.0389649 0.0329641 0.027135 0.0215837 0.0164476 0.0118919 0.00807602 0.00510125
 0.0079381 0.0128616 0.0192977 0.0271734 0.0362319 0.0459024 0.0552546 0.0632033 0.0688858 0.0719278 0.0724286 0.0707641 0.0674028 0.06281 0.0574039 0.0515264 0.0454312 0.0392932 0.0332341 0.0273534 0.0217595 0.0165887 0.0120038 0.00816139 0.00516226
 0.00779245 0.0126352 0.0189763 0.0267501 0.0357079 0.0452885 0.0545758 0.0625047 0.0682335 0.0714018 0.072106 0.0706974 0.0676024 0.0632396 0.0579924 0.0521904 0.0460962 0.0399066 0.0337668 0.0277953 0.0221124 0.0168608 0.0122056 0.00830424 0.00525749
 0.00775033 0.0125644 0.0188655 0.0265876 0.0354841 0.0449999 0.0542284 0.0621142 0.0678233 0.0710005 0.0717472 0.0704206 0.0674495 0.0632437 0.0581642 0.0525096 0.0465164 0.0403691 0.0342178 0.0281969 0.0224452 0.0171205 0.0123974 0.00843818 0.00534535
 0.0077324 0.0125183 0.0187652 0.0263991 0.0351751 0.0445542 0.0536583 0.0614637 0.0671579 0.0703903 0.071252 0.0700825 0.0672923 0.0632768 0.0583839 0.0528983 0.0470391 0.0409746 0.0348459 0.0287907 0.0229618 0.0175368 0.0127094 0.00865554 0.00548585
 0.00775062 0.0125427 0.0187909 0.0264148 0.0351614 0.0444838 0.0535001 0.0611913 0.0667629 0.0698933 0.0707041 0.0695548 0.066857 0.0629902 0.0582775 0.052978 0.0472883 0.0413576 0.0353127 0.0292843 0.0234289 0.0179377 0.0130233 0.00888046 0.0056334
 0.00786978 0.0127285 0.0190548 0.02676 0.0355795 0.0449507 0.0539721 0.0616058 0.0670474 0.0699828 0.0705608 0.0691821 0.0663034 0.0623382 0.0576238 0.0524096 0.0468653 0.041105 0.0352219 0.0293212 0.0235461 0.0180875 0.0131681 0.00899844 0.0057173
 0.00789764 0.0127782 0.0191376 0.026889 0.0357662 0.0451996 0.0542752 0.0619397 0.0673748 0.070257 0.0707333 0.0692118 0.0661677 0.0620438 0.05721 0.0519421 0.0464192 0.0407445 0.0349842 0.029211 0.0235406 0.0181487 0.0132571 0.00908536 0.00578605
 0.00804549 0.0130068 0.0194597 0.0273085 0.0362774 0.045787 0.0549114 0.0625843 0.0679759 0.0707578 0.0710798 0.0693602 0.066091 0.0617376 0.0566975 0.051275 0.0456723 0.0400023 0.0343225 0.0286808 0.0231599 0.0179056 0.0131208 0.00901992 0.0057605
 0.00809625 0.013082 0.0195596 0.0274292 0.036413 0.0459329 0.0550671 0.0627529 0.0681626 0.0709651 0.0713019 0.0695792 0.0662754 0.061848 0.0566977 0.0511458 0.0454213 0.0396653 0.0339543 0.0283379 0.022884 0.0177141 0.0130078 0.00896536 0.00574116
 0.00784938 0.0127172 0.0190788 0.0268581 0.0357948 0.045317 0.0545007 0.0622798 0.0678244 0.0707995 0.0713365 0.0698218 0.0667064 0.0624179 0.0573344 0.0517699 0.0459654 0.0400904 0.0342553 0.0285374 0.0230167 0.0178111 0.0130875 0.00903339 0.00579614
 0.00767444 0.0124354 0.0186613 0.0262856 0.0350676 0.0444674 0.0536004 0.0614325 0.0671394 0.0703605 0.0711819 0.069946 0.067075 0.0629819 0.0580352 0.0525407 0.0467353 0.0407949 0.0348497 0.0290044 0.0233641 0.0180612 0.0132652 0.00915831 0.00588165
 0.00736613 0.0119408 0.0179303 0.0252788 0.0337674 0.042895 0.0518335 0.059611 0.0654497 0.0689988 0.0703121 0.0696657 0.0673985 0.0638448 0.0593158 0.0540884 0.0483963 0.0424311 0.0363512 0.0302973 0.0244134 0.0188662 0.0138494 0.00955874 0.00613945
 0.00732489 0.0118517 0.0177547 0.0249651 0.0332608 0.0421543 0.0508494 0.0584171 0.0641228 0.0676523 0.0690837 0.0687 0.0668228 0.0637417 0.0597016 0.0549083 0.0495379 0.0437504 0.0377023 0.0315568 0.025496 0.0197297 0.0144904 0.0100016 0.00642363
 0.00732048 0.0118443 0.0177411 0.0249369 0.0331996 0.042027 0.0506086 0.0580108 0.063513 0.0668368 0.0681109 0.0676688 0.0658676 0.0630052 0.059304 0.0549177 0.0499526 0.0444993 0.038664 0.0325914 0.0264771 0.0205681 0.0151427 0.0104658 0.00672619
 0.00738664 0.011958 0.017923 0.0252077 0.0335721 0.0424942 0.0511319 0.0585161 0.0638998 0.0669997 0.0679675 0.0671871 0.0650839 0.0620256 0.0582841 0.0540253 0.0493245 0.0442066 0.0386989 0.0328794 0.0269078 0.0210312 0.0155559 0.0107864 0.00694672
 0.00738483 0.0119715 0.017974 0.0253281 0.0337965 0.0428482 0.0516191 0.0591095 0.0645404 0.0676012 0.0684276 0.0674062 0.06499 0.0616004 0.0575788 0.0531563 0.0484456 0.043466 0.038197 0.0326451 0.0269018 0.021173 0.015758 0.0109816 0.00709925
 0.00738833 0.0119822 0.0180003 0.0253837 0.0339005 0.0430234 0.0518878 0.0594867 0.0650237 0.068162 0.0690067 0.0679182 0.0653391 0.061703 0.05739 0.0526904 0.0477802 0.0427248 0.0375131 0.0321201 0.026579 0.0210354 0.0157502 0.0110392 0.00717202
 0.0073032 0.0118494 0.0178118 0.0251378 0.033605 0.0426991 0.0515714 0.0592295 0.0648837 0.0681886 0.0692241 0.0683122 0.065853 0.0622457 0.0578575 0.0529954 0.0478817 0.0426418 0.0373163 0.0319015 0.0264154 0.0209629 0.015762 0.0111019 0.00724871
 0.00733138 0.0118947 0.0178787 0.0252288 0.0337192 0.04283 0.0517064 0.0593526 0.0649822 0.0682607 0.0692819 0.0683774 0.0659445 0.0623655 0.0579818 0.0530786 0.0478742 0.042515 0.03708 0.0316035 0.026121 0.020727 0.0156098 0.0110275 0.0072275
 0.00730614 0.011854 0.0178182 0.0251459 0.0336143 0.0427085 0.0515799 0.0592371 0.0648943 0.0682126 0.0692805 0.0684259 0.0660449 0.0625175 0.0581774 0.0532957 0.0480765 0.0426621 0.0371448 0.0315854 0.0260466 0.020636 0.0155356 0.0109852 0.00721449
 0.00716122 0.0116488 0.0175656 0.0248761 0.033366 0.0425139 0.051454 0.0591769 0.0648863 0.0682436 0.0693428 0.0685178 0.0661676 0.0626723 0.0583628 0.0535045 0.0482927 0.0428616 0.0373016 0.0316827 0.0260848 0.0206322 0.0155139 0.0109653 0.00720497
 0.00694416 0.0113228 0.0171264 0.0243419 0.0327767 0.0419275 0.0509397 0.0588029 0.0647026 0.0682647 0.0695429 0.0688428 0.066558 0.063082 0.0587659 0.0538905 0.0486565 0.0431954 0.0375927 0.0319175 0.0262561 0.0207437 0.0155793 0.0110014 0.00722576
#obs surv len freq
 0.00497295 0.00814497 0.0123876 0.0177138 0.0239965 0.0308696 0.0377074 0.0437875 0.0485609 0.0518287 0.0537104 0.0544905 0.0544866 0.053993 0.0532689 0.052528 0.0519166 0.0514707 0.0510527 0.0502935 0.0486107 0.0453733 0.0402042 0.0332722 0.025359
 0.00518167 0.00848844 0.0129124 0.0184661 0.0250136 0.0321657 0.0392587 0.0455262 0.0503841 0.0536168 0.0553467 0.0558727 0.0555303 0.054631 0.0534491 0.0522152 0.0510983 0.0501662 0.0493206 0.0482362 0.0463717 0.0431251 0.0381235 0.0315063 0.0239936
 0.00541911 0.00887469 0.0134944 0.0192884 0.0261109 0.0335503 0.0409074 0.0473739 0.0523309 0.0555449 0.0571371 0.0574164 0.0567337 0.0554176 0.0537592 0.0520049 0.0503413 0.0488613 0.0475054 0.0460015 0.0438684 0.0405539 0.0357034 0.0294277 0.0223734
 0.00564673 0.00925052 0.0140707 0.0201174 0.0272342 0.034983 0.0426215 0.0492939 0.0543463 0.0575323 0.0589798 0.0590134 0.0579998 0.0562805 0.0541573 0.0518868 0.0496683 0.0476156 0.0457052 0.043721 0.0412523 0.037813 0.0330821 0.0271481 0.0205802
 0.00589887 0.00966059 0.0146885 0.02099 0.0283982 0.0364514 0.0443691 0.0512504 0.0564039 0.0595648 0.0608625 0.0606368 0.0592757 0.0571416 0.0545519 0.0517726 0.0490098 0.0463894 0.0439168 0.0414287 0.0385883 0.0349858 0.0303461 0.0247447 0.0186736
 0.00611555 0.0100208 0.0152451 0.0217972 0.0295002 0.0378648 0.0460667 0.0531562 0.0584058 0.0615378 0.0626892 0.062217 0.0605275 0.0579996 0.0549643 0.051698 0.0484144 0.0452499 0.0422329 0.0392466 0.036025 0.0322364 0.0276584 0.022362 0.0167687
 0.00638419 0.0104527 0.0158865 0.0226888 0.0306708 0.0393211 0.04778 0.0550563 0.0603875 0.0634778 0.0644655 0.0637238 0.0616828 0.0587458 0.0552635 0.051524 0.0477468 0.0440741 0.0405515 0.0371009 0.0335203 0.0295525 0.0250293 0.0200229 0.0148907
 0.00660171 0.0108174 0.0164554 0.0235201 0.0318101 0.0407802 0.0495183 0.0569781 0.0623611 0.0653664 0.0661516 0.0651183 0.0627223 0.0593862 0.0554751 0.0512877 0.04705 0.0429108 0.0389301 0.035062 0.0311594 0.0270316 0.0225613 0.017824 0.013121
 0.00683346 0.0111952 0.0170264 0.0243298 0.0328951 0.0421549 0.0511599 0.0588171 0.0642865 0.0672427 0.0678419 0.0665051 0.0637213 0.0599503 0.0555877 0.050951 0.0462737 0.0417074 0.0373205 0.0330917 0.0289184 0.0246663 0.0202614 0.0157823 0.01148
 0.00703903 0.0115333 0.0175421 0.0250671 0.0338875 0.0434115 0.0526514 0.0604724 0.066004 0.0689096 0.069351 0.0677631 0.0646518 0.0604964 0.0557156 0.0506498 0.045551 0.0405838 0.0358284 0.0312842 0.0268838 0.0225368 0.0182034 0.0139624 0.0100205
 0.0072677 0.0119055 0.0181028 0.0258576 0.0349362 0.0447205 0.0541822 0.0621423 0.0676978 0.0705031 0.0707334 0.0688497 0.0653871 0.0608499 0.0556762 0.05022 0.0447441 0.0394231 0.0343504 0.0295453 0.0249704 0.02057 0.0163287 0.0123217 0.00871412
 0.00742583 0.0121702 0.0185154 0.0264608 0.0357653 0.0457883 0.055465 0.0635749 0.0691828 0.0719306 0.0719992 0.0698682 0.0660963 0.0612132 0.0556794 0.0498668 0.0440503 0.0384139 0.0330622 0.0280324 0.0233125 0.018875 0.0147225 0.0109233 0.00760573
 0.00750333 0.012297 0.0187086 0.0267395 0.0361501 0.0462986 0.0561141 0.064363 0.070091 0.0729172 0.0730013 0.0708088 0.0668952 0.0617992 0.0559993 0.0498886 0.0437636 0.0378271 0.0322023 0.0269468 0.0220728 0.0175765 0.0134745 0.00982788 0.00673352
 0.00755798 0.0123806 0.0188249 0.0268897 0.0363346 0.0465197 0.056378 0.0646799 0.0704734 0.0733753 0.0735361 0.0714039 0.0675124 0.0623802 0.0564747 0.0501914 0.0438415 0.0376512 0.0317708 0.0262873 0.0212418 0.0166558 0.0125592 0.00900786 0.00607218
 0.00764994 0.0125205 0.0190174 0.0271319 0.0366165 0.0468253 0.0566875 0.064973 0.0707355 0.0736036 0.0737419 0.0716073 0.0677312 0.0626171 0.0567098 0.0503835 0.0439373 0.0376004 0.0315406 0.0258738 0.0206743 0.0159933 0.0118789 0.0083856 0.00556379
 0.00771203 0.0126194 0.019162 0.027328 0.0368638 0.047115 0.0569994 0.0652779 0.071002 0.0738084 0.0738772 0.0716832 0.0677704 0.0626454 0.0567444 0.0504235 0.0439611 0.0375706 0.0314178 0.0256324 0.0203153 0.0155479 0.0114008 0.00793465 0.0051874
 0.00776058 0.0126928 0.0192624 0.0274541 0.0370123 0.0472815 0.0571793 0.065465 0.0711866 0.0739775 0.0740167 0.0717822 0.067826 0.0626643 0.0567402 0.0504092 0.0439401 0.0375323 0.0313396 0.0254903 0.0200976 0.0152643 0.0110823 0.00762285 0.00491973
 0.00782742 0.0127959 0.0194068 0.02764 0.0372338 0.0475268 0.0574305 0.0657001 0.0713847 0.0741237 0.0741052 0.0718149 0.0678088 0.0626051 0.0566488 0.0502968 0.0438167 0.0374023 0.0311991 0.0253288 0.0199054 0.0150417 0.0108435 0.00739202 0.0047212
 0.0078573 0.0128449 0.0194813 0.0277453 0.0373732 0.0476982 0.0576247 0.0659007 0.0715715 0.0742777 0.0742135 0.0718722 0.0678173 0.0625716 0.0565818 0.0502052 0.0437084 0.0372832 0.0310712 0.0251903 0.0197533 0.0148763 0.010672 0.0072283 0.00458027
 0.00786259 0.0128494 0.0194808 0.0277346 0.0373486 0.0476614 0.0575847 0.0658728 0.0715712 0.0743144 0.0742862 0.0719707 0.0679259 0.0626747 0.0566676 0.0502668 0.0437435 0.0372921 0.0310552 0.0251504 0.0196906 0.0147941 0.0105773 0.00713157 0.00449309
 0.00787006 0.012857 0.0194837 0.0277254 0.0373185 0.0476039 0.0574988 0.0657653 0.0714571 0.0742144 0.0742217 0.0719576 0.067969 0.0627659 0.0567894 0.0503981 0.0438655 0.0373915 0.0311249 0.025188 0.0196973 0.0147739 0.0105375 0.00708195 0.00444354
 0.0079147 0.0129223 0.0195681 0.0278218 0.0374154 0.0476871 0.0575541 0.0657807 0.0714258 0.0741382 0.0741127 0.0718362 0.0678588 0.0626869 0.0567513 0.0503991 0.0438939 0.0374316 0.0311618 0.0252111 0.0197019 0.0147603 0.0105101 0.00704735 0.0044089
 0.00790024 0.012904 0.0195498 0.0278097 0.0374154 0.0477011 0.0575773 0.0658025 0.0714338 0.0741233 0.0740729 0.0717776 0.067794 0.0626311 0.0567186 0.0503976 0.0439238 0.0374846 0.0312247 0.0252701 0.0197466 0.014786 0.0105176 0.00704163 0.00439634
 0.00789071 0.0128838 0.0195112 0.0277443 0.0373177 0.0475739 0.0574346 0.0656669 0.0713285 0.0740626 0.0740576 0.0717975 0.0678353 0.0626836 0.0567786 0.0504666 0.0440044 0.0375765 0.0313224 0.0253646 0.019828 0.0148475 0.0105573 0.00706234 0.0044036
 0.00788513 0.0128725 0.0194899 0.0277069 0.0372573 0.0474844 0.0573138 0.0655194 0.0711675 0.073909 0.0739353 0.0717258 0.0678222 0.0627246 0.0568603 0.0505737 0.0441245 0.0377012 0.0314458 0.0254805 0.0199297 0.0149294 0.0106166 0.00710013 0.00442436
 0.00789493 0.0128837 0.019498 0.0277045 0.0372357 0.0474366 0.0572364 0.065414 0.0710404 0.0737702 0.0737983 0.0716071 0.0677384 0.0626881 0.0568755 0.0506357 0.0442212 0.0378181 0.0315693 0.0255997 0.0200362 0.0150174 0.0106831 0.0071456 0.00445204
 0.00785697 0.0128278 0.0194245 0.027617 0.0371392 0.0473352 0.0571321 0.065307 0.0709315 0.0736634 0.0737009 0.0715289 0.0676897 0.0626777 0.0569088 0.0507128 0.0443363 0.0379599 0.0317234 0.0257515 0.0201736 0.015132 0.0107711 0.00720743 0.00449144
 0.00781656 0.0127582 0.0193132 0.0274518 0.0369134 0.0470541 0.0568173 0.0649946 0.0706615 0.0734671 0.0735931 0.0715076 0.0677434 0.0627919 0.0570705 0.0509111 0.044561 0.0381996 0.0319648 0.0259805 0.0203772 0.0153008 0.0109008 0.0072992 0.00455081
 0.00781699 0.0127522 0.0192915 0.0274009 0.0368181 0.0469021 0.056605 0.0647311 0.0703695 0.0731801 0.0733484 0.0713371 0.0676657 0.0628089 0.0571704 0.0510746 0.0447676 0.0384305 0.0322031 0.0262108 0.0205857 0.0154769 0.0110386 0.00739841 0.00461611
 0.00777962 0.0126979 0.0192213 0.0273189 0.0367282 0.046805 0.0564958 0.064601 0.0702119 0.0729965 0.0731523 0.0711532 0.0675234 0.0627338 0.0571764 0.0511613 0.0449217 0.0386311 0.0324273 0.026437 0.020796 0.0156579 0.0111825 0.0075036 0.00468635
 0.00774006 0.0126288 0.0191092 0.0271503 0.0364955 0.0465131 0.0561672 0.0642726 0.069923 0.0727758 0.0730102 0.0710855 0.0675203 0.0627889 0.0572887 0.051331 0.0451447 0.0388956 0.0327143 0.0267241 0.0210618 0.0158858 0.0113633 0.00763558 0.00477456
 0.00770813 0.0125745 0.0190229 0.027021 0.0363126 0.0462703 0.0558669 0.0639299 0.0695668 0.0724445 0.0727437 0.0709145 0.0674591 0.0628339 0.0574241 0.0515373 0.0454034 0.03919 0.0330272 0.0270359 0.0213524 0.0161376 0.0115649 0.00778404 0.00487448
 0.00768952 0.0125447 0.0189788 0.0269591 0.0362291 0.0461606 0.0557266 0.0637563 0.0693611 0.0722151 0.0725077 0.0706972 0.0672894 0.0627366 0.0574133 0.0516131 0.0455544 0.0393978 0.0332705 0.0272931 0.0216021 0.0163613 0.0117494 0.00792314 0.00496999
 0.00766117 0.0125013 0.0189183 0.0268814 0.0361359 0.0460548 0.0556118 0.063636 0.069238 0.07209 0.0723813 0.0705722 0.0671738 0.0626446 0.0573626 0.0516193 0.0456251 0.0395298 0.0334506 0.0275013 0.0218163 0.0165608 0.0119185 0.00805365 0.00506133
 0.00766712 0.012508 0.0189231 0.02688 0.0361236 0.0460286 0.0555713 0.0635836 0.0691772 0.072023 0.0723082 0.0704917 0.0670856 0.0625525 0.0572762 0.051553 0.0455944 0.0395459 0.0335157 0.0276076 0.0219479 0.0166984 0.0120446 0.00815647 0.00513626
 0.00764004 0.0124721 0.0188838 0.0268468 0.0361064 0.0460325 0.0555935 0.0636137 0.0692016 0.0720311 0.0722954 0.0704587 0.0670362 0.0624913 0.057209 0.0514877 0.045542 0.039518 0.0335214 0.027649 0.0220188 0.0167861 0.0121339 0.00823466 0.00519627
 0.00759291 0.0123948 0.018767 0.0266837 0.035897 0.0457883 0.0553399 0.0633864 0.0690354 0.0719478 0.0722962 0.070528 0.0671498 0.0626262 0.057348 0.0516214 0.0456675 0.0396376 0.0336398 0.0277701 0.0221424 0.0169068 0.0122436 0.00832549 0.00526408
 0.00757335 0.0123617 0.0187145 0.0266052 0.035786 0.0456408 0.0551576 0.0631794 0.0688237 0.0717585 0.0721576 0.0704607 0.06716 0.0627047 0.0574745 0.0517728 0.0458251 0.0397902 0.0337832 0.0279042 0.0222676 0.0170217 0.0123442 0.00840755 0.0053253
 0.00755536 0.0123325 0.0186705 0.026543 0.0357025 0.0455342 0.055028 0.06303 0.0686614 0.0715938 0.0720054 0.0703393 0.0670877 0.0626942 0.0575286 0.0518823 0.0459722 0.0399552 0.0339495 0.028061 0.0224091 0.0171448 0.0124468 0.00848829 0.00538415
 0.00756188 0.0123421 0.0186831 0.0265574 0.0357162 0.0455432 0.0550271 0.0630128 0.0686218 0.0715281 0.071914 0.0702287 0.0669708 0.0625882 0.0574512 0.0518466 0.0459825 0.0400058 0.0340282 0.0281538 0.0225038 0.0172327 0.0125224 0.00854875 0.00542878
 0.00752754 0.0122901 0.0186122 0.0264691 0.0356147 0.0454348 0.0549193 0.0629137 0.0685385 0.071465 0.0718718 0.0702046 0.066961 0.062591 0.0574684 0.0518829 0.046043 0.0400921 0.0341364 0.0282746 0.0226255 0.0173444 0.0126166 0.00862179 0.00548081
 0.00752241 0.012282 0.0186004 0.0264533 0.035595 0.0454118 0.0548945 0.0628888 0.068515 0.0714432 0.0718506 0.0701821 0.0669356 0.0625625 0.057439 0.0518578 0.0460289 0.0400957 0.0341614 0.0283196 0.0226845 0.0174084 0.0126769 0.00867217 0.00551848
 0.00751125 0.0122638 0.0185728 0.0264144 0.0355439 0.0453497 0.0548252 0.0628189 0.0684522 0.0713946 0.0718206 0.0701713 0.0669412 0.0625798 0.057463 0.0518852 0.0460592 0.0401311 0.0342045 0.0283719 0.022744 0.0174704 0.012735 0.00872095 0.00555521
 0.00752223 0.0122812 0.0185983 0.0264484 0.0355857 0.0453959 0.0548699 0.0628544 0.0684712 0.0713925 0.0717976 0.0701317 0.0668916 0.0625266 0.0574113 0.0518381 0.046019 0.0400997 0.0341844 0.0283649 0.0227502 0.0174872 0.0127578 0.00874458 0.00557557
 0.0075092 0.012264 0.0185795 0.0264332 0.0355799 0.0454041 0.0548933 0.06289 0.0685125 0.0714315 0.0718264 0.0701451 0.0668882 0.0625084 0.0573831 0.0518055 0.0459871 0.0400725 0.0341646 0.0283544 0.0227496 0.0174953 0.0127717 0.00876059 0.00559032
 0.00747389 0.0122092 0.0185023 0.0263336 0.0354618 0.0452765 0.0547701 0.0627884 0.0684484 0.0714143 0.0718555 0.0702107 0.0669753 0.0626023 0.0574725 0.0518845 0.0460542 0.0401293 0.0342137 0.0283982 0.0227896 0.017532 0.0128044 0.00878798 0.00561145
 0.00747389 0.0122092 0.0185023 0.0263336 0.0354618 0.0452765 0.0547701 0.0627884 0.0684484 0.0714143 0.0718555 0.0702107 0.0669753 0.0626023 0.0574725 0.0518845 0.0460542 0.0401293 0.0342137 0.0283982 0.0227896 0.017532 0.0128044 0.00878798 0.00561145
 0.00730104 0.0119284 0.0180818 0.0257482 0.0347033 0.0443674 0.0537745 0.0618098 0.0676089 0.0708231 0.0715815 0.07027 0.067335 0.0631947 0.0582141 0.0526928 0.0468606 0.0408842 0.0348864 0.0289728 0.0232608 0.0179016 0.0130798 0.00898135 0.00573801
 0.00723922 0.0118097 0.0178696 0.0253972 0.0341707 0.0436309 0.0528502 0.0607601 0.0665359 0.0698492 0.0708263 0.0698275 0.0672554 0.0634753 0.0588026 0.0535021 0.0477896 0.0418379 0.0357891 0.0297729 0.02393 0.0184307 0.0134742 0.0092568 0.00591687
 0.00705062 0.0115084 0.0174255 0.0247851 0.0333735 0.0426462 0.0516996 0.0594966 0.0652443 0.068639 0.0698177 0.069134 0.0669644 0.0636306 0.0593925 0.0544603 0.0490077 0.0431866 0.037142 0.0310253 0.0250098 0.0193009 0.0141293 0.0097157 0.0062144
 0.00702792 0.0114565 0.0173196 0.0245917 0.0330578 0.0421826 0.0510818 0.0587409 0.0643862 0.0677269 0.0689116 0.0683073 0.0663029 0.0632228 0.0593104 0.0547371 0.0496235 0.0440685 0.0381798 0.0320974 0.0260082 0.0201497 0.0147916 0.0101906 0.00652663
 0.00704768 0.0114963 0.0173918 0.0247078 0.0332192 0.0423695 0.0512469 0.0588155 0.0643001 0.0674337 0.0684059 0.0676281 0.0655264 0.0624492 0.0586492 0.0542884 0.0494557 0.0442003 0.0385734 0.0326691 0.026653 0.0207694 0.0153167 0.0105885 0.00679816
 0.00711595 0.0116132 0.0175784 0.0249871 0.0336094 0.0428742 0.0518433 0.0594481 0.0648831 0.0678654 0.068591 0.0675031 0.0650803 0.061732 0.0577636 0.0533685 0.0486369 0.0435891 0.0382244 0.0325764 0.0267598 0.0209922 0.015573 0.0108188 0.00697274
 0.00715638 0.0116891 0.0177117 0.0252048 0.033938 0.0433299 0.052422 0.0601197 0.0655927 0.0685386 0.0691421 0.0678457 0.0651432 0.0614788 0.0572098 0.0525861 0.0477432 0.0427183 0.0374937 0.0320569 0.0264645 0.0208838 0.0155873 0.0108902 0.00705333
 0.00714684 0.0116807 0.0177131 0.0252306 0.0340085 0.0434677 0.0526484 0.0604484 0.0660234 0.0690505 0.0696907 0.0683649 0.065554 0.0617045 0.0571952 0.0523165 0.0472549 0.0420954 0.036846 0.0314879 0.0260417 0.0206253 0.0154685 0.0108639 0.00707238
 0.00709348 0.011596 0.01759 0.0250665 0.0338079 0.0432471 0.0524387 0.0602932 0.0659706 0.0691385 0.0699352 0.0687501 0.0660317 0.0622002 0.0576229 0.0525998 0.0473491 0.0420025 0.0366151 0.0311972 0.02577 0.0204257 0.0153566 0.0108249 0.00707707
 0.0071266 0.0116444 0.0176525 0.0251375 0.0338785 0.0433064 0.0524768 0.0603049 0.0659593 0.0691193 0.0699334 0.0687937 0.066139 0.0623687 0.0578235 0.0527817 0.0474563 0.0419951 0.0364866 0.0309787 0.0255166 0.0201937 0.0151827 0.0107184 0.0070257
 0.00711567 0.0116294 0.0176349 0.0251201 0.0338637 0.0432948 0.0524658 0.0602894 0.0659348 0.0690854 0.0698973 0.0687708 0.0661496 0.0624303 0.0579411 0.0529405 0.0476219 0.0421244 0.0365449 0.0309552 0.0254285 0.0200762 0.0150717 0.0106362 0.00697743
 0.00708525 0.0115797 0.0175599 0.0250153 0.0337281 0.0431338 0.0522927 0.0601239 0.0657974 0.0689912 0.0698524 0.0687744 0.0661985 0.0625234 0.0580786 0.0531188 0.0478277 0.0423321 0.0367234 0.031079 0.0254892 0.0200843 0.0150498 0.0106068 0.00695441
 0.00709838 0.0115957 0.017574 0.0250191 0.0337119 0.043089 0.0522155 0.0600174 0.0656716 0.0688614 0.0697359 0.0686863 0.0661494 0.0625174 0.0581159 0.0531965 0.047939 0.0424644 0.0368575 0.0311938 0.0255687 0.0201244 0.0150582 0.0105977 0.00694076
#pred catch len freq
 0.004543 0.00719891 0.0105209 0.0144346 0.0188918 0.0238458 0.0291771 0.034658 0.0399921 0.0448837 0.0490856 0.0524259 0.0548285 0.0563196 0.0570145 0.0570916 0.0567684 0.0562597 0.0556895 0.0549546 0.0536168 0.0509625 0.0463143 0.0394807 0.0310418
 0.00490871 0.00772638 0.0111947 0.0152088 0.019718 0.0247096 0.0301159 0.0357395 0.0412623 0.0463157 0.050566 0.0537895 0.0559212 0.0570524 0.0573777 0.0571291 0.0565265 0.0557396 0.0548306 0.0536644 0.0518398 0.0487535 0.0438664 0.0370794 0.0289644
 0.0052231 0.00823049 0.011937 0.016221 0.021 0.0262136 0.0317424 0.0373598 0.042765 0.0476492 0.0517394 0.054829 0.0568162 0.0577361 0.0577565 0.0571292 0.056119 0.0549269 0.0536146 0.0520338 0.0497983 0.0463731 0.0413212 0.0346215 0.0268436
 0.00552186 0.00870206 0.012623 0.0171575 0.0222184 0.0277366 0.0335673 0.0394345 0.0449706 0.0498078 0.0536552 0.0563457 0.0578566 0.0582987 0.0578737 0.0568251 0.0553932 0.0537661 0.0520099 0.049996 0.0473764 0.0436801 0.0385479 0.0320112 0.0246249
 0.00582888 0.00918665 0.0133267 0.0181138 0.0234527 0.0292646 0.0353883 0.0415207 0.0472578 0.0521872 0.0559714 0.0584082 0.0594724 0.0593173 0.0582212 0.0565052 0.0544569 0.0522743 0.0500153 0.0475528 0.0445703 0.0406574 0.0355215 0.0292279 0.0223004
 0.00611502 0.00963447 0.01397 0.0189768 0.0245522 0.0306111 0.0369819 0.0433433 0.0492661 0.0543094 0.0581064 0.0604264 0.0612218 0.0606375 0.0589688 0.0565812 0.0538244 0.0509558 0.0480773 0.0450937 0.0417245 0.0376082 0.0325005 0.0264817 0.0200314
 0.00648405 0.0102016 0.0147637 0.0200054 0.0258083 0.0320782 0.0386355 0.0451469 0.0511669 0.056239 0.0599834 0.0621599 0.0627128 0.0617804 0.0596545 0.0567068 0.0533104 0.049765 0.0462294 0.0426725 0.0388799 0.0345521 0.0294875 0.0237663 0.0178094
 0.00684735 0.0107667 0.0155669 0.0210649 0.0271239 0.0336308 0.0403834 0.0470233 0.0530844 0.0581019 0.0617005 0.0636524 0.0639148 0.0626344 0.0601041 0.0566918 0.0527685 0.0486458 0.0445174 0.040413 0.0361974 0.0316498 0.0266201 0.0211875 0.015709
 0.00714205 0.0112362 0.0162562 0.0220112 0.028352 0.0351444 0.0421536 0.0489801 0.0551199 0.0600846 0.0634968 0.0651468 0.065024 0.063311 0.0603289 0.0564572 0.0520642 0.0474557 0.0428342 0.0382667 0.033684 0.0289432 0.0239513 0.018792 0.0137639
 0.00744255 0.0117141 0.0169572 0.0229737 0.0296047 0.0366995 0.0439942 0.0510475 0.0573095 0.0622528 0.0654791 0.0667833 0.0661866 0.0639232 0.0603699 0.0559498 0.0510517 0.0459831 0.0409436 0.0360127 0.0311611 0.0263034 0.0213947 0.0165241 0.0119378
 0.00771548 0.0121447 0.0175823 0.0238231 0.0307013 0.0380572 0.0456095 0.0528884 0.0593056 0.0642939 0.0674221 0.0684689 0.067464 0.0646754 0.0605324 0.055515 0.050059 0.0445003 0.0390516 0.0338034 0.0287479 0.0238338 0.0190442 0.0144653 0.0102953
 0.00793554 0.0124877 0.0180721 0.0244752 0.0315246 0.0390552 0.046779 0.0542134 0.0607528 0.0658089 0.0689283 0.0698686 0.0686445 0.0655227 0.0609485 0.0554357 0.049465 0.0434176 0.0375452 0.0319692 0.0267093 0.0217389 0.0170547 0.0127303 0.0089173
 0.00819503 0.0128854 0.0186261 0.0251882 0.0323868 0.0400491 0.0478801 0.0553886 0.0619589 0.066995 0.0700393 0.0708486 0.0694374 0.0660716 0.0611973 0.0553337 0.0489769 0.0425352 0.0362966 0.0304231 0.0249726 0.0199479 0.0153567 0.0112564 0.00775335
