SBPRF35
12.7214
Curr Bio
807993
B35
884829
F35
0.16939
FOFL
0.151504
OFL
99406.9
Bzero
3.63469e+006
#pred survey bio
 3.51094e+006 3.39474e+006 3.29633e+006 3.15465e+006 2.95071e+006 2.73226e+006 2.50619e+006 2.27606e+006 2.03896e+006 1.82704e+006 1.62993e+006 1.43139e+006 1.27742e+006 1.13241e+006 996043 881485 797244 735891 694185 649451 618242 595764 585971 563274 555427 552104 551430 554538 556219 554371 561642 565405 566537 584355 596417 601313 618407 634564 644612 647360 649490 657353 661618 665670 673467 676632 678999 693434 699416 708794 712733 745588 775318 805655 818507 829440 830606 834913 851295 855502 838297 820590 812791 807660 818465 825237 813424 2.80391e+007 1.66261e+007 1.67856e+007 1.76163e+007 1.89106e+007 2.04018e+007 2.18836e+007 2.32307e+007 2.4386e+007 2.53378e+007 2.61003e+007 2.66994e+007 2.71637e+007 2.75204e+007 2.7793e+007 2.80009e+007 2.81592e+007 2.82801e+007 2.83726e+007 2.84436e+007 2.84983e+007 2.85407e+007 2.85736e+007 2.85994e+007 2.86196e+007 2.86356e+007 2.86482e+007 2.86582e+007 2.86662e+007 2.86725e+007 2.86776e+007 2.86818e+007 2.86851e+007 2.86878e+007 2.86899e+007 2.86917e+007 2.86931e+007 2.86943e+007 2.86952e+007 2.8696e+007 2.86966e+007 2.86971e+007 2.86976e+007 2.86979e+007 2.86982e+007 2.86984e+007 2.86986e+007 2.86987e+007 2.86989e+007 2.8699e+007 2.86991e+007 2.86991e+007 2.86992e+007 2.86992e+007 2.86993e+007 2.86993e+007 2.86993e+007 2.86993e+007 2.86994e+007 2.86994e+007 2.86994e+007 2.86994e+007 2.86994e+007 2.86994e+007 2.86994e+007 2.86994e+007 2.86994e+007 2.86994e+007 2.86994e+007 2.86994e+007 2.86994e+007 2.86994e+007 2.86994e+007 2.86994e+007 2.86994e+007 2.86994e+007 2.86994e+007 2.86994e+007 2.86994e+007 2.86994e+007 2.86994e+007 2.86994e+007 2.86994e+007 2.86994e+007 2.86994e+007 2.86994e+007 2.86994e+007 2.86994e+007 2.86994e+007 2.86994e+007 2.86994e+007 2.86994e+007 2.86994e+007 2.86994e+007 2.86994e+007 2.86994e+007 2.86994e+007 2.86994e+007 2.86994e+007 2.86994e+007 0 0 0 0 0 0 0 0 0 0 0 0 0 0 0 0 0 0 0 0 0 0 0 0 0
#obs survey bio
 4.52994e+006 3.46792e+006 2.95457e+006 2.58129e+006 2.48608e+006 2.69595e+006 1.80906e+006 1.73372e+006 1.54347e+006 1.6878e+006 1.52962e+006 1.1368e+006 1.03058e+006 1.14587e+006 818291 805119 797679 726573 629898 650552 493016 707904 508578 468579 367962 694498 516904 647819 547575 465218 517986 578322 631982 583944 577247 735892 556553 788823 679778 523786 680622 694674 499233 577361 575618 475068 673970 668682 1.06026e+006 675870 576624 821872 957413 705799 830096 520240 644396 597125 921320 1.00141e+006 1.14373e+006 676388 923014 756734 889168 808051 523156
#pred catch bio
 106770 95553.6 143057 211542 239509 263023 283844 306361 297686 295789 305067 270879 266166 258458 236833 206822 182679 161207 158838 142973 132724 120346 129424 114873 109852 106463 102460 102910 104738 96228.3 98884.9 100598 86810.7 92630.3 98696.3 88564.3 90374.2 96125.4 102492 103373 99346.4 103679 105422 104316 110377 112370 102866 109857 106068 110390 87058.6 91864.6 92479.7 107773 109410 118065 115644 105901 116344 133016 131383 121984 119216 104969 107563 120601 115765 99406.9 108774 108549 112548 120237 129471 138658 146916 153872 159470 163829 167138 169604 171413 172725 173668 174340 174817 175154 175390 175556 175672 175752 175809 175848 175875 175894 175907 175916 175922 175926 175929 175931 175933 175934 175934 175935 175935 175935 175935 175936 175936 175936 175936 175936 175936 175936 175936 175936 175936 175936 175936 175936 175936 175936 175936 175936 175936 175936 175936 175936 175936 175936 175936 175936 175936 175936 175936 175936 175936 175936 175936 175936 175936 175936 175936 175936 175936 175936 175936 175936 175936 175936 175936 175936 175936 175936 175936 175936 175936 175936 175936 175936 175936 175936 175936 175936 175936 175936 175936 0 0 0 0 0 0 0 0 0 0 0 0 0 0 0 0 0 0 0 0 0 0 0 0 0
#obs catch bio
 0 95181.3 143096 212161 240205 264031 285677 309482 301102 299094 309636 274222 270782 263547 241730 211146 185838 162882 159601 143140 134040 120813 131000 116077 111492 106957 103129 103405 105430 96586 99011.1 100918 86865.2 92715.2 99095 88378.2 90473.1 96048.7 101921 103317 99341.6 103432 105698 104605 111110 113902 103928 110837 105849 110409 86986.4 92052.6 92476.2 107998 109320 118268 115939 105980 116349 132922 130924 121901 119438 104783 107539 120556 115741
#pred cpue bio
 3.46308e+006 3.34859e+006 3.25117e+006 3.10954e+006 2.90582e+006 2.68762e+006 2.46189e+006 2.23224e+006 1.99598e+006 1.78496e+006 1.58893e+006 1.39192e+006 1.23905e+006 1.09542e+006 960800 848012 765414 705740 665517 622264 591891 569963 560442 538415 530877 527913 527557 530802 532670 531113 538413 542244 543450 560937 572854 577822 594644 610507 620444 623096 624981 632529 636505 640112 647347 650116 652337 666719 673093 682619 686449 718467 747810 777900 790686 801322 802271 806378 822550 827013 810413 792995 785158 780219 791181 798343 787511 2.71799e+007 1.61285e+007 1.61483e+007 1.68098e+007 1.80398e+007 1.95144e+007 2.09926e+007 2.2339e+007 2.34941e+007 2.44459e+007 2.52085e+007 2.58075e+007 2.62718e+007 2.66285e+007 2.69012e+007 2.7109e+007 2.72674e+007 2.73883e+007 2.74807e+007 2.75517e+007 2.76064e+007 2.76488e+007 2.76818e+007 2.77075e+007 2.77278e+007 2.77437e+007 2.77563e+007 2.77663e+007 2.77743e+007 2.77807e+007 2.77858e+007 2.77899e+007 2.77932e+007 2.77959e+007 2.77981e+007 2.77998e+007 2.78013e+007 2.78024e+007 2.78034e+007 2.78041e+007 2.78048e+007 2.78053e+007 2.78057e+007 2.7806e+007 2.78063e+007 2.78066e+007 2.78067e+007 2.78069e+007 2.7807e+007 2.78071e+007 2.78072e+007 2.78073e+007 2.78073e+007 2.78074e+007 2.78074e+007 2.78074e+007 2.78075e+007 2.78075e+007 2.78075e+007 2.78075e+007 2.78075e+007 2.78075e+007 2.78075e+007 2.78076e+007 2.78076e+007 2.78076e+007 2.78076e+007 2.78076e+007 2.78076e+007 2.78076e+007 2.78076e+007 2.78076e+007 2.78076e+007 2.78076e+007 2.78076e+007 2.78076e+007 2.78076e+007 2.78076e+007 2.78076e+007 2.78076e+007 2.78076e+007 2.78076e+007 2.78076e+007 2.78076e+007 2.78076e+007 2.78076e+007 2.78076e+007 2.78076e+007 2.78076e+007 2.78076e+007 2.78076e+007 2.78076e+007 2.78076e+007 2.78076e+007 2.78076e+007 2.78076e+007 2.78076e+007 2.78076e+007 2.78076e+007 2.78076e+007 0 0 0 0 0 0 0 0 0 0 0 0 0 0 0 0 0 0 0 0 0 0 0 0 0
#obs cpue bio
 4.08939e+006 2.5323e+006 3.28442e+006 3.28944e+006 2.55443e+006 2.40154e+006 2.44988e+006 2.20108e+006 1.96865e+006 1.82741e+006 1.34855e+006 1.49838e+006 1.02701e+006 811584 854361 644984 683168 779210 989910 679091 408632 549663 425120 506934 497053 713199 431001 477282 470254 621861 720264 488522 450455 616187 500178 645660 521753 600287 948011 523915 528164 786711 548252 651295 553767 485762 562922 834528 952413 743649 623842 616352 634686 885047 894640 1.1111e+006 916312 1.06953e+006 907681 862228 740084 725435 612315 983153 654257 1.00684e+006 1.10407e+006
#pred surv len freq
 0.00476354 0.00773967 0.0116593 0.0165084 0.0221742 0.028369 0.034601 0.0402932 0.0449982 0.0485438 0.0510108 0.0526064 0.0535507 0.0540258 0.0541672 0.0540746 0.0538286 0.0534901 0.0530517 0.0523359 0.0509115 0.0481491 0.0434933 0.0368476 0.0288063
 0.00500125 0.0080353 0.0119405 0.0166626 0.0220928 0.0280089 0.0340259 0.0396584 0.044481 0.0482616 0.0509786 0.0527548 0.0537852 0.054285 0.0544483 0.0544179 0.0542739 0.0540304 0.0536081 0.052773 0.0510907 0.0479954 0.0430362 0.0362094 0.0281449
 0.00518909 0.00835333 0.0124356 0.0173675 0.0229975 0.0290294 0.0349967 0.0403742 0.0447826 0.0481166 0.0504984 0.0521315 0.0531938 0.053819 0.054121 0.0542059 0.0541556 0.0539881 0.0536042 0.0527322 0.0509158 0.0476146 0.0424491 0.0354968 0.0274315
 0.00538082 0.00866162 0.0128949 0.018012 0.0238577 0.0301226 0.036306 0.041823 0.0462219 0.0493434 0.0513136 0.0524156 0.0529566 0.0531883 0.0532771 0.0533072 0.0532976 0.0532026 0.052876 0.0520154 0.050152 0.0467619 0.0415134 0.0345423 0.0265564
 0.00562229 0.00904982 0.0134712 0.0188123 0.024907 0.0314259 0.0378384 0.0435246 0.0479985 0.0510708 0.0528403 0.0535742 0.0535953 0.0532194 0.0527154 0.0522676 0.0519493 0.0517061 0.0513389 0.0504841 0.0486338 0.0452611 0.0400623 0.0332088 0.0254228
 0.00588313 0.009467 0.0140867 0.0196616 0.0260147 0.0327969 0.0394484 0.0453146 0.0498797 0.0529365 0.0545753 0.055057 0.0546981 0.053818 0.0527148 0.0516366 0.0507408 0.0500462 0.0493866 0.0483875 0.0465089 0.0431993 0.0381494 0.0315328 0.0240594
 0.00615884 0.00990913 0.0147409 0.020567 0.0271973 0.0342601 0.0411617 0.0472094 0.051858 0.0548877 0.056391 0.0566367 0.055946 0.0546382 0.0530133 0.0513359 0.0498054 0.0485064 0.0473449 0.0460015 0.0439617 0.0406738 0.0358123 0.029521 0.0224618
 0.00641924 0.010333 0.01538 0.02147 0.0284012 0.0357761 0.0429602 0.0492145 0.0539577 0.0569549 0.0583042 0.0582907 0.0572539 0.0555254 0.0534108 0.0511778 0.0490379 0.0471094 0.0453577 0.0435384 0.0412072 0.0378562 0.0331645 0.0272371 0.0206616
 0.00670686 0.0107951 0.0160658 0.022423 0.0296533 0.0373367 0.0448035 0.0512718 0.0561225 0.0590991 0.0602963 0.0600113 0.0586041 0.0564296 0.0538116 0.0510287 0.0482989 0.0457556 0.0434013 0.0410573 0.0383616 0.034879 0.0303201 0.0247613 0.0187058
 0.00698264 0.0112373 0.0167203 0.0233292 0.0308385 0.0388064 0.0465305 0.0531912 0.0581388 0.0611015 0.0621735 0.0616596 0.059931 0.0573557 0.0542716 0.0509697 0.0476796 0.0445488 0.0416096 0.0387373 0.0356485 0.0319886 0.0275159 0.0222924 0.0167418
 0.00724518 0.0116626 0.0173572 0.0242225 0.0320196 0.0402813 0.0482652 0.0551082 0.0601279 0.0630412 0.0639509 0.0631812 0.0611232 0.0581609 0.0546428 0.0508661 0.0470649 0.043396 0.0399149 0.0365444 0.0330725 0.0292243 0.024812 0.0198935 0.0148216
 0.00760554 0.012231 0.0181804 0.0253328 0.0334304 0.0419796 0.0502021 0.0571934 0.062238 0.0650391 0.0657083 0.0645946 0.0621218 0.0587056 0.0547183 0.0504688 0.0461926 0.0420461 0.0380949 0.0342954 0.0304959 0.026494 0.0221556 0.0175397 0.0129363
 0.00785135 0.0126333 0.0187904 0.0261989 0.0345873 0.0434324 0.051911 0.0590706 0.0641619 0.0668797 0.0673487 0.0659406 0.0631037 0.0592759 0.0548501 0.0501521 0.0454284 0.0408422 0.0364698 0.0322935 0.0282086 0.0240725 0.0197973 0.0154456 0.0112543
 0.00806756 0.0129894 0.0193352 0.0269811 0.0356469 0.0447851 0.053532 0.0608858 0.0660555 0.0687141 0.0689876 0.0672689 0.0640392 0.0597728 0.0548938 0.0497499 0.0445991 0.039611 0.0348702 0.0303783 0.0260673 0.0218405 0.0176462 0.0135475 0.00973503
 0.00830731 0.013375 0.0199081 0.0277778 0.0366931 0.0460862 0.055061 0.0625774 0.0678108 0.0704142 0.0705109 0.0685053 0.0649017 0.0602055 0.0548747 0.049287 0.0437214 0.0383594 0.0332946 0.0285433 0.0240632 0.0197909 0.0156994 0.0118476 0.0083841
 0.00844468 0.0136111 0.0202871 0.0283483 0.0374977 0.047144 0.056352 0.0640375 0.0693429 0.0719087 0.0718634 0.0696261 0.0657189 0.0606663 0.0549478 0.0489634 0.0430144 0.0373018 0.031936 0.0269514 0.0223281 0.0180268 0.0140352 0.0104037 0.00724262
 0.00845764 0.0136423 0.020354 0.0284778 0.0377242 0.0475057 0.0568818 0.0647536 0.0702379 0.0729426 0.0729646 0.0707018 0.0666715 0.0614087 0.0554127 0.0491075 0.0428185 0.0367707 0.0310996 0.0258652 0.0210737 0.0167083 0.0127678 0.00929266 0.00635915
 0.00847874 0.0136664 0.0203725 0.0284792 0.0377016 0.0474661 0.0568543 0.064787 0.0703898 0.0732603 0.0734674 0.0713703 0.067447 0.0622037 0.0561276 0.0496492 0.043115 0.0367804 0.030815 0.0253147 0.0203192 0.0158394 0.0118871 0.00849541 0.00571267
 0.00854309 0.0137515 0.0204644 0.0285518 0.0377233 0.0474109 0.0567134 0.0645765 0.0701515 0.0730572 0.0733707 0.0714412 0.0677162 0.0626572 0.0567055 0.0502581 0.0436502 0.0371498 0.030958 0.0252129 0.0199988 0.0153638 0.0113419 0.00796655 0.00526543
 0.00877678 0.0141018 0.0209349 0.0291229 0.0383527 0.0480388 0.0572683 0.0649854 0.0703558 0.0730319 0.0731381 0.0710685 0.067297 0.0622833 0.0564393 0.0501154 0.0435991 0.0371254 0.0308875 0.0250417 0.0197079 0.0149743 0.0109046 0.00754276 0.00490591
 0.00888455 0.0142803 0.0212085 0.0295125 0.0388671 0.0486626 0.0579523 0.0656487 0.0709032 0.0733803 0.07324 0.0709237 0.0669511 0.0618145 0.0559374 0.0496576 0.0432293 0.0368452 0.0306635 0.0248255 0.019461 0.0146845 0.0105889 0.00723561 0.00464198
 0.00897129 0.0144098 0.021383 0.0297292 0.0391221 0.0489555 0.0582869 0.0660255 0.0713086 0.0737781 0.0735742 0.0711333 0.0669922 0.0616779 0.0556535 0.0492857 0.0428359 0.0364816 0.0303516 0.0245588 0.019218 0.0144469 0.0103534 0.00701434 0.00445282
 0.00893299 0.0143567 0.0213197 0.0296654 0.0390698 0.0489251 0.058285 0.0660575 0.0713815 0.0739015 0.0737536 0.0713601 0.0672373 0.0618972 0.0558043 0.0493442 0.0428065 0.0363902 0.0302299 0.0244291 0.0190883 0.0143162 0.0102214 0.00688671 0.0043398
 0.00899941 0.0144623 0.021474 0.0298753 0.0393373 0.0492446 0.0586401 0.0664199 0.0717153 0.0741712 0.0739336 0.0714408 0.0672242 0.0618037 0.0556433 0.0491248 0.0425374 0.0360853 0.0299104 0.0241188 0.0188061 0.0140723 0.0100188 0.00672459 0.00421653
 0.00891027 0.0143291 0.0212961 0.0296611 0.0391043 0.0490175 0.0584482 0.0662936 0.0716799 0.0742395 0.0741005 0.0716838 0.0675096 0.0620957 0.0559106 0.0493444 0.0426947 0.0361749 0.029936 0.0240924 0.0187448 0.0139935 0.00993659 0.00664915 0.00415392
 0.00888224 0.0142703 0.0211839 0.029469 0.0388114 0.0486222 0.0579796 0.0658109 0.0712578 0.0739468 0.0739815 0.0717502 0.0677419 0.0624513 0.0563355 0.0497838 0.0431027 0.0365193 0.0302002 0.0242744 0.0188537 0.0140454 0.00994969 0.00664019 0.00413589
 0.00887858 0.0142591 0.0211566 0.0294119 0.0387062 0.0484491 0.057723 0.0654681 0.0708478 0.0735143 0.0735916 0.0714719 0.0676272 0.0625191 0.0565677 0.050134 0.0435109 0.0369275 0.0305636 0.0245663 0.0190657 0.0141836 0.0100289 0.00667817 0.00414912
 0.0088014 0.0141444 0.0210036 0.0292262 0.0384971 0.0482249 0.0574881 0.0652226 0.0705908 0.0732491 0.0733316 0.0712442 0.0674702 0.0624728 0.0566586 0.0503633 0.0438512 0.0373306 0.0309748 0.0249384 0.0193687 0.0144067 0.0101774 0.00676701 0.00419633
 0.00874234 0.0140494 0.0208632 0.0290338 0.0382523 0.0479368 0.0571777 0.0649194 0.0703244 0.0730388 0.0731821 0.0711497 0.0674245 0.0624784 0.0567282 0.0505121 0.0440851 0.0376373 0.0313235 0.0252886 0.0196824 0.0146589 0.0103598 0.00688568 0.00426563
 0.00874428 0.0140469 0.0208489 0.0289968 0.0381802 0.04782 0.0570133 0.0647144 0.0700952 0.0728088 0.0729756 0.0709858 0.0673135 0.0624222 0.0567259 0.0505645 0.0441955 0.0378059 0.0315408 0.0255331 0.0199254 0.0148731 0.0105278 0.00700325 0.00433896
 0.00871499 0.013993 0.0207562 0.0288488 0.0379622 0.0475263 0.0566529 0.0643132 0.0696915 0.0724446 0.072689 0.0708045 0.0672514 0.0624782 0.0568857 0.0508059 0.0444947 0.0381415 0.0318936 0.0258836 0.0202521 0.0151556 0.0107519 0.00716471 0.00444399
 0.00869085 0.0139587 0.0207131 0.0287994 0.0379069 0.0474597 0.0565627 0.0641834 0.069511 0.072216 0.0724318 0.0705518 0.0670406 0.0623409 0.0568402 0.0508553 0.0446286 0.038341 0.0321358 0.0261446 0.0205087 0.0153872 0.010943 0.00730792 0.00454086
 0.00871018 0.0139836 0.0207387 0.0288177 0.0379099 0.0474425 0.0565259 0.0641309 0.0694447 0.0721323 0.072323 0.0704133 0.0668782 0.0621738 0.0566965 0.0507623 0.0446039 0.0383883 0.0322455 0.0262977 0.0206819 0.0155577 0.0110924 0.00742541 0.00462364
 0.00860913 0.0138223 0.020502 0.0284947 0.0374976 0.0469512 0.0559841 0.0635858 0.0689554 0.0717561 0.0721005 0.0703591 0.0669803 0.0624011 0.0570116 0.0511327 0.0450068 0.0388078 0.0326673 0.0267055 0.0210571 0.0158823 0.011354 0.00761976 0.00475574
 0.00848729 0.0136424 0.0202643 0.0282102 0.0371828 0.046621 0.0556478 0.0632493 0.0686274 0.0714538 0.071851 0.0701938 0.0669256 0.0624688 0.0571952 0.0514104 0.0453491 0.039186 0.0330568 0.0270853 0.0214084 0.0161886 0.0116032 0.00780701 0.00488452
 0.00852859 0.0136877 0.0202932 0.0281921 0.0370877 0.0464347 0.055382 0.062939 0.0683155 0.0711734 0.0716174 0.0700098 0.0667923 0.062394 0.0571909 0.0514852 0.0455017 0.039403 0.0333167 0.0273636 0.0216815 0.0164363 0.0118106 0.00796666 0.0049966
 0.00847569 0.0136059 0.0201769 0.0280363 0.036886 0.046178 0.0550615 0.0625541 0.0678838 0.070735 0.0712281 0.0697241 0.0666459 0.0623955 0.0573265 0.0517302 0.0458289 0.0397858 0.0337281 0.0277758 0.0220677 0.016774 0.012085 0.00817258 0.00513833
 0.0083701 0.0134488 0.0199675 0.0277835 0.0366054 0.0458867 0.0547737 0.0622786 0.0676237 0.0704907 0.0710029 0.0695307 0.066508 0.0623415 0.0573785 0.0518945 0.0460943 0.040128 0.0341162 0.0281772 0.0224517 0.0171147 0.0123648 0.00838397 0.00528451
 0.00842907 0.0135201 0.0200301 0.0278043 0.0365501 0.0457361 0.0545353 0.0619856 0.0673207 0.0702146 0.0707717 0.0693446 0.0663605 0.0622316 0.0573159 0.0518958 0.0461734 0.0402875 0.0343441 0.0284493 0.0227378 0.0173856 0.0125974 0.00856564 0.0054132
 0.00849258 0.0136282 0.0201996 0.0280485 0.0368691 0.0461057 0.0549022 0.0622773 0.0674701 0.0701874 0.0705781 0.0690295 0.0659809 0.0618373 0.0569427 0.0515696 0.0459148 0.0401121 0.0342583 0.0284467 0.0227994 0.0174849 0.0127076 0.00866581 0.00549157
 0.00849114 0.0136342 0.0202248 0.0281101 0.0369874 0.0462976 0.0551724 0.0626103 0.0678264 0.0705074 0.0707973 0.0690993 0.0658866 0.0616013 0.0566141 0.0512053 0.0455654 0.039815 0.0340361 0.0283073 0.0227369 0.017482 0.0127412 0.00871354 0.0055372
 0.00855411 0.013715 0.0203072 0.0281685 0.0369964 0.0462474 0.0550794 0.0625149 0.0677766 0.070537 0.0709086 0.0692609 0.0660454 0.0617049 0.0566307 0.0511336 0.0454309 0.0396562 0.0338905 0.0282011 0.0226805 0.0174714 0.0127629 0.00875057 0.00557528
 0.00864844 0.0138638 0.0205212 0.0284502 0.0373352 0.0466146 0.055428 0.0627897 0.067934 0.0705646 0.0708302 0.0691221 0.0658881 0.0615479 0.0564677 0.0509471 0.0452101 0.0394081 0.0336379 0.0279725 0.0224986 0.017346 0.01269 0.00871743 0.00556638
 0.00871059 0.0139656 0.0206756 0.0286695 0.0376275 0.0469787 0.0558471 0.0632279 0.0683392 0.0708795 0.0710087 0.0691437 0.0657648 0.0613165 0.0561727 0.0506239 0.0448783 0.0390772 0.0333173 0.0276769 0.0222456 0.0171488 0.0125521 0.00863206 0.00552026
 0.00871204 0.0139731 0.0206968 0.0287156 0.0377118 0.0471134 0.0560394 0.0634765 0.0686318 0.071191 0.0713029 0.0693788 0.065904 0.0613395 0.0560819 0.0504416 0.0446364 0.0388065 0.0330422 0.0274162 0.0220149 0.0169601 0.0124115 0.00853782 0.00546413
 0.00860622 0.0138304 0.0205364 0.0285738 0.0376325 0.0471326 0.0561722 0.0637141 0.0689475 0.0715496 0.0716677 0.0697145 0.0661774 0.0615221 0.0561553 0.0504026 0.0444989 0.0385974 0.0327943 0.0271609 0.0217776 0.0167587 0.0122553 0.00842778 0.0053943
 0.00844232 0.0135834 0.0202025 0.0281664 0.0371842 0.0466933 0.0558051 0.063485 0.0689071 0.0717158 0.0720166 0.0701886 0.0667039 0.062032 0.0565948 0.0507374 0.044715 0.0386996 0.0328024 0.0271039 0.0216863 0.0166595 0.0121668 0.00835969 0.00534827
 0.00823526 0.0132544 0.0197228 0.0275185 0.0363696 0.0457436 0.0547914 0.0625162 0.0681118 0.0712109 0.071877 0.0704288 0.0672771 0.0628451 0.0575323 0.0516874 0.0455882 0.0394392 0.0333848 0.0275322 0.0219817 0.0168513 0.0122848 0.0084287 0.00538695
 0.00825012 0.0132528 0.0196726 0.027373 0.0360788 0.0452725 0.0541383 0.0617214 0.0672542 0.0703946 0.0712131 0.0700142 0.0671737 0.0630642 0.0580311 0.0523801 0.046369 0.0402077 0.0340654 0.0280833 0.0223933 0.0171367 0.0124693 0.00854038 0.00545035
 0.00835683 0.0134031 0.0198542 0.0275554 0.0362159 0.04531 0.0540236 0.0614161 0.0667479 0.0697171 0.0704385 0.0692505 0.0665392 0.0626586 0.0579106 0.0525449 0.0467661 0.0407484 0.0346515 0.0286311 0.0228491 0.0174799 0.0127052 0.00868932 0.00553701
 0.00841116 0.0135012 0.0200183 0.0278078 0.0365676 0.045746 0.0544915 0.0618291 0.0670054 0.0697366 0.0701826 0.0687417 0.0658564 0.0619183 0.0572386 0.0520439 0.0464914 0.0406983 0.034776 0.0288554 0.0230994 0.0177027 0.0128746 0.00880221 0.00560398
 0.00815766 0.0131204 0.0195052 0.0271828 0.0358762 0.0450536 0.0538752 0.0613641 0.0667441 0.0696879 0.0703061 0.068963 0.0660995 0.0621371 0.0574315 0.0522472 0.0467545 0.0410559 0.0352281 0.0293658 0.0236109 0.018159 0.0132387 0.00906316 0.00577236
 0.00802757 0.0128996 0.0191575 0.0266731 0.0351841 0.044192 0.0529057 0.0603951 0.0659075 0.0691011 0.0700377 0.0690165 0.0664188 0.0626312 0.0580078 0.0528402 0.0473381 0.0416339 0.0358122 0.0299538 0.024179 0.0186701 0.013659 0.00937609 0.00598233
 0.00797732 0.0128097 0.0190059 0.0264316 0.0348215 0.0436821 0.0522387 0.0595901 0.0650209 0.0682256 0.0692884 0.0685034 0.0662151 0.0627504 0.0584038 0.0534286 0.0480287 0.0423564 0.0365241 0.0306315 0.0248033 0.0192188 0.0141102 0.0097173 0.00621673
 0.00803523 0.0128982 0.0191273 0.0265809 0.0349836 0.0438283 0.0523265 0.0595676 0.06484 0.0678613 0.0687559 0.0678646 0.0655683 0.0622043 0.0580446 0.0532958 0.0481099 0.0426027 0.036874 0.0310294 0.0252062 0.0195939 0.0144324 0.00997101 0.00639794
 0.00805987 0.0129415 0.0191981 0.0266889 0.0351354 0.0440228 0.0525487 0.0597864 0.0650102 0.0679316 0.0686818 0.0676235 0.0651732 0.0617086 0.0575323 0.0528581 0.0478172 0.042485 0.0369192 0.0311963 0.0254426 0.0198511 0.0146726 0.0101699 0.0065453
 0.00804189 0.0129265 0.0192021 0.0267356 0.0352504 0.0442234 0.052835 0.0601369 0.0653846 0.0682772 0.0689417 0.0677458 0.065122 0.0614762 0.0571476 0.052385 0.0473392 0.0420814 0.0366424 0.0310607 0.0254283 0.0199188 0.0147792 0.0102803 0.00663786
 0.007965 0.0128108 0.0190462 0.0265472 0.0350477 0.0440352 0.0526983 0.0600904 0.0654565 0.0684726 0.0692346 0.0680833 0.0654368 0.0617051 0.0572489 0.0523506 0.0471977 0.0418885 0.0364612 0.0309397 0.0253879 0.0199502 0.0148554 0.0103708 0.00671936
 0.00780589 0.0125643 0.0186986 0.0260959 0.0345034 0.0434251 0.0520691 0.0595072 0.0649944 0.0682002 0.0691962 0.0682848 0.0658423 0.0622439 0.0578331 0.0528985 0.0476547 0.042238 0.0367206 0.0311442 0.0255702 0.0201267 0.0150244 0.0105203 0.00683802
 0.00776622 0.0124932 0.0185796 0.0259098 0.0342337 0.0430652 0.05163 0.0590204 0.064508 0.067771 0.0688799 0.0681268 0.0658685 0.0624519 0.0581893 0.0533436 0.04812 0.0426654 0.0370777 0.0314272 0.0257942 0.0203105 0.0151798 0.0106495 0.00693868
 0.00791329 0.0127123 0.0188711 0.0262583 0.0346085 0.0434242 0.0519241 0.0592005 0.0645357 0.067631 0.0685886 0.0677311 0.0654349 0.0620491 0.0578706 0.0531343 0.0480136 0.0426324 0.0370814 0.0314399 0.0258041 0.020319 0.0151923 0.0106684 0.00696129
 0.00801404 0.0128788 0.0191254 0.0266192 0.0350838 0.0439995 0.0525541 0.0598106 0.0650372 0.0679445 0.0686654 0.0675644 0.0650589 0.0615297 0.0572888 0.0525673 0.0475181 0.0422349 0.0367809 0.0312189 0.0256422 0.0202015 0.0151109 0.0106172 0.00693377
 0.00790734 0.0127347 0.0189636 0.0264785 0.0350137 0.0440457 0.0527435 0.0601418 0.0654778 0.0684348 0.0691285 0.0679232 0.0652555 0.0615414 0.0571332 0.0522945 0.0471929 0.0419174 0.0365111 0.0310127 0.0254968 0.0201049 0.0150499 0.0105815 0.00691527
 0.00781894 0.012589 0.0187429 0.0261706 0.0346218 0.0435994 0.0523052 0.0597978 0.0653134 0.0685017 0.0694236 0.0683872 0.0657934 0.0620523 0.0575386 0.0525561 0.0473152 0.0419363 0.0364748 0.0309626 0.0254579 0.0200849 0.0150459 0.0105868 0.00692387
 0.00766801 0.0123505 0.0183966 0.0257025 0.0340268 0.0428869 0.0515072 0.0589758 0.0645572 0.0679173 0.0691087 0.0684031 0.066142 0.0626715 0.0583196 0.0533767 0.0480748 0.0425765 0.0369812 0.0313507 0.0257538 0.0203115 0.0152179 0.0107127 0.00701054
 0.00740273 0.0119565 0.0178724 0.0250698 0.0333226 0.0421503 0.0507711 0.0582673 0.0639046 0.0673575 0.0686913 0.0681864 0.0661795 0.0629911 0.0589049 0.0541626 0.0489622 0.0434612 0.0377816 0.0320223 0.0262862 0.0207158 0.0155134 0.0109194 0.00714715
 0.00708665 0.0114805 0.0172278 0.0242765 0.0324267 0.0412171 0.0498761 0.0574859 0.0632969 0.066954 0.06849 0.0681664 0.0663226 0.0632952 0.0593789 0.0548067 0.0497489 0.0443306 0.0386549 0.0328249 0.0269669 0.0212532 0.0159109 0.0111953 0.00732642
#obs surv len freq
 nan nan nan nan nan nan nan nan nan nan nan nan nan nan nan nan nan nan nan nan nan nan nan nan nan
 0.00448413 0.00734536 0.0111754 0.0159921 0.0216935 0.0279699 0.0342848 0.0400165 0.0446961 0.0481596 0.0505168 0.0520118 0.0529032 0.0534148 0.0537284 0.0539828 0.0542611 0.0545536 0.0546922 0.054284 0.0527221 0.0493543 0.0438043 0.0362846 0.0276686
 0.00461649 0.00756152 0.0115022 0.0164542 0.0223074 0.0287348 0.0351733 0.0409721 0.0456407 0.0490084 0.0511947 0.0524642 0.0531016 0.0533575 0.0534365 0.0534926 0.0536151 0.0537942 0.053858 0.0534117 0.0518501 0.0485253 0.0430625 0.0356676 0.027197
 0.00477721 0.0078263 0.0119072 0.0170349 0.0230916 0.0297307 0.0363573 0.042284 0.0469902 0.0502911 0.0523075 0.0533186 0.0536318 0.0535263 0.0532377 0.0529491 0.0527724 0.0527116 0.0526016 0.0520517 0.0504618 0.0471894 0.0418592 0.034663 0.0264278
 0.0049736 0.00814593 0.0123891 0.0177163 0.0240014 0.0308789 0.0377238 0.0438123 0.048593 0.0518627 0.0537389 0.0545066 0.0544874 0.0539807 0.0532487 0.0525056 0.0518956 0.0514526 0.0510371 0.0502796 0.048598 0.0453617 0.040194 0.0332638 0.0253526
 0.00517892 0.00848373 0.0129049 0.018455 0.0249984 0.0321467 0.0392377 0.0455063 0.0503698 0.053612 0.0553533 0.0558892 0.0555517 0.0546512 0.0534637 0.0522231 0.0511013 0.0501673 0.0493223 0.0482395 0.0463765 0.0431306 0.0381288 0.0315108 0.0239971
 0.00541272 0.00886394 0.0134776 0.0192637 0.026077 0.0335069 0.0408562 0.0473185 0.0522768 0.0554984 0.0571042 0.0574015 0.0567382 0.0554394 0.0537931 0.0520445 0.0503816 0.0488998 0.0475419 0.0460367 0.0439027 0.0405866 0.035733 0.0294525 0.0223925
 0.0056452 0.00924826 0.0140677 0.0201134 0.0272289 0.0349753 0.0426098 0.0492765 0.0543221 0.0575019 0.0589459 0.0589807 0.0579738 0.0562659 0.0541562 0.0518984 0.0496892 0.0476416 0.0457328 0.0437481 0.0412781 0.0378369 0.0331034 0.027166 0.020594
 0.00587354 0.00962273 0.0146377 0.0209283 0.0283294 0.0363801 0.0443001 0.0511882 0.056352 0.0595251 0.0608355 0.0606221 0.059273 0.0571514 0.0545752 0.0518099 0.0490602 0.0464501 0.0439839 0.0414979 0.0386559 0.0350485 0.0304012 0.0247899 0.018708
 0.00613802 0.010051 0.0152791 0.0218276 0.0295187 0.0378662 0.0460508 0.0531281 0.058373 0.0615064 0.0626617 0.0621926 0.0605044 0.0579768 0.054943 0.0516809 0.0484047 0.0452494 0.0422418 0.0392628 0.0360455 0.032258 0.0276787 0.0223791 0.0167819
 0.00638423 0.0104586 0.0159056 0.02273 0.0307408 0.0394185 0.0478926 0.0551631 0.0604666 0.0635152 0.0644599 0.0636843 0.0616225 0.0586762 0.0551923 0.0514558 0.0476845 0.0440203 0.0405079 0.0370678 0.0334967 0.0295363 0.0250185 0.0200158 0.0148861
 0.00660217 0.010816 0.0164499 0.0235084 0.0317926 0.0407619 0.0495096 0.0569903 0.0624007 0.065429 0.0662224 0.0651785 0.0627577 0.0593925 0.0554571 0.0512545 0.0470108 0.0428726 0.0388971 0.0350364 0.0311416 0.0270207 0.0225556 0.0178216 0.0131203
 0.00683571 0.0111979 0.0170283 0.024329 0.0328889 0.0421406 0.0511362 0.058786 0.0642542 0.067219 0.0678361 0.0665215 0.0637557 0.0599915 0.0556233 0.0509729 0.0462805 0.0417031 0.037311 0.0330822 0.028912 0.0246638 0.0202622 0.0157851 0.0114832
 0.00707346 0.0115874 0.0176199 0.0251703 0.0340144 0.0435555 0.0528002 0.060609 0.06611 0.0689716 0.0693644 0.0677332 0.0645906 0.0604172 0.055628 0.0505581 0.0454561 0.0404866 0.0357317 0.0311924 0.0268013 0.0224671 0.0181481 0.0139214 0.00999204
 0.00727817 0.0119265 0.0181418 0.0259233 0.0350366 0.0448581 0.054351 0.0623268 0.067876 0.070652 0.0708343 0.0688924 0.0653709 0.0607832 0.055573 0.0500954 0.0446107 0.0392892 0.0342213 0.0294249 0.0248624 0.0204776 0.0162542 0.0122655 0.00867483
 0.00745603 0.0122186 0.0185868 0.0265596 0.035895 0.04595 0.0556562 0.0637872 0.0694012 0.0721345 0.0721654 0.0699756 0.0661308 0.0611714 0.0555692 0.0497046 0.0438563 0.0382077 0.0328593 0.0278437 0.0231452 0.0187333 0.0146089 0.0108377 0.00754582
 0.00753809 0.0123539 0.0187946 0.0268609 0.0363104 0.0464964 0.0563406 0.0646024 0.0703234 0.0731232 0.0731646 0.0709171 0.0669396 0.0617745 0.0559057 0.0497334 0.043561 0.0375963 0.0319633 0.0267173 0.0218659 0.0174007 0.0133339 0.00972254 0.00666022
 0.00760139 0.0124517 0.018933 0.0270431 0.0365386 0.0467733 0.0566702 0.0649894 0.0707718 0.0736335 0.07373 0.0715182 0.0675413 0.0623258 0.0563446 0.0499973 0.0435983 0.0373765 0.0314842 0.0260082 0.0209873 0.016438 0.0123848 0.00887758 0.00598206
 0.0076813 0.0125746 0.0191046 0.0272636 0.0368021 0.0470681 0.0569801 0.0652964 0.0710615 0.0739008 0.0739812 0.0717665 0.0677975 0.0625878 0.0565915 0.0501898 0.0436862 0.0373121 0.0312363 0.025574 0.0203976 0.0157543 0.0116863 0.0082415 0.00546428
 0.00773691 0.0126588 0.0192194 0.0274067 0.0369674 0.0472469 0.0571623 0.0654716 0.0712206 0.0740391 0.0741004 0.0718753 0.0679086 0.062712 0.0567307 0.0503307 0.043799 0.0373559 0.0311712 0.0253756 0.020069 0.0153293 0.0112212 0.00779857 0.00509279
 0.00779721 0.0127514 0.0193485 0.0275717 0.0371625 0.0474609 0.057379 0.0656713 0.0713846 0.0741547 0.074165 0.0718964 0.0679007 0.0626926 0.0567146 0.0503248 0.0437979 0.0373403 0.0311128 0.0252479 0.0198601 0.01505 0.010904 0.00748665 0.00482453
 0.00782277 0.0127917 0.0194067 0.0276498 0.0372605 0.047576 0.0575049 0.0657985 0.0715017 0.0742513 0.0742343 0.0719365 0.067915 0.0626887 0.0567021 0.0503121 0.0437879 0.0373276 0.031083 0.0251827 0.0197458 0.0148863 0.010707 0.00728369 0.00464342
 0.0078635 0.0128522 0.0194871 0.0277465 0.0373674 0.0476864 0.0576129 0.0658987 0.0715895 0.0743222 0.0742842 0.0719626 0.0679167 0.0626682 0.0566646 0.0502647 0.0437369 0.0372757 0.0310268 0.0251138 0.0196549 0.0147701 0.0105719 0.00714461 0.00451791
 0.00787569 0.0128694 0.019508 0.0277682 0.0373857 0.0476973 0.0576139 0.0658903 0.0715753 0.0743086 0.0742789 0.0719715 0.0679414 0.0627055 0.0567081 0.0503074 0.0437737 0.0373028 0.031041 0.0251106 0.01963 0.0147218 0.0105042 0.00706735 0.00444334
 0.00790219 0.0129068 0.0195537 0.027816 0.0374272 0.0477249 0.0576222 0.0658779 0.0715446 0.0742652 0.0742309 0.0719283 0.0679114 0.0626942 0.0567162 0.050331 0.0438057 0.0373353 0.0310668 0.0251239 0.0196268 0.0147008 0.010468 0.00702222 0.00439756
 0.0079048 0.0129118 0.0195625 0.0278296 0.0374454 0.0477446 0.0576375 0.0658814 0.0715301 0.0742316 0.074183 0.0718758 0.0678658 0.0626649 0.0567086 0.0503453 0.0438375 0.0373772 0.0311098 0.0251597 0.0196493 0.0147073 0.0104595 0.0070031 0.00437404
 0.007884 0.012875 0.0195021 0.0277378 0.0373175 0.0475832 0.0574557 0.0657006 0.071375 0.0741213 0.0741268 0.0718733 0.0679104 0.0627479 0.0568215 0.0504799 0.0439849 0.0375273 0.0312524 0.0252849 0.0197498 0.0147794 0.010504 0.00702495 0.00438032
 0.00788416 0.0128694 0.0194826 0.0276931 0.0372353 0.0474554 0.0572823 0.0654928 0.0711541 0.0739148 0.0739625 0.0717725 0.0678835 0.062793 0.0569267 0.0506284 0.0441592 0.0377111 0.0314313 0.0254469 0.0198858 0.0148841 0.010577 0.00706999 0.00440421
 0.0078929 0.0128823 0.0194993 0.0277111 0.0372496 0.0474572 0.0572603 0.0654355 0.0710543 0.073775 0.0737969 0.071605 0.0677414 0.0626992 0.0568938 0.0506566 0.0442384 0.0378252 0.0315624 0.0255785 0.0200045 0.0149813 0.010649 0.00711781 0.00443228
 0.00787461 0.0128547 0.0194618 0.0276646 0.0371962 0.0473998 0.0572015 0.0653769 0.0709952 0.073713 0.0737292 0.0715316 0.0676684 0.0626383 0.0568599 0.0506618 0.0442874 0.0379136 0.0316779 0.0257051 0.0201266 0.0150868 0.0107311 0.0071754 0.0044685
 0.00786247 0.0128304 0.0194172 0.0275902 0.0370847 0.0472508 0.0570253 0.0651937 0.0708296 0.0735854 0.0736502 0.0715007 0.0676771 0.0626766 0.0569205 0.0507425 0.0443889 0.0380357 0.0318165 0.0258509 0.0202673 0.0152106 0.0108301 0.00724714 0.00451538
 0.0078492 0.0128088 0.0193843 0.0275426 0.0370182 0.0471611 0.0569093 0.0650522 0.0706704 0.0734238 0.073507 0.0713962 0.0676247 0.0626791 0.0569712 0.0508299 0.0445018 0.0381656 0.0319564 0.0259937 0.0204043 0.0153327 0.0109301 0.00732158 0.0045655
 0.00780587 0.0127386 0.0192795 0.0273969 0.0368293 0.0469331 0.0566551 0.0647928 0.0704302 0.0732249 0.0733653 0.0713212 0.0676205 0.062745 0.057101 0.0510113 0.0447183 0.0383993 0.0321913 0.0262165 0.0206046 0.0155026 0.0110648 0.00742036 0.00463182
 0.00777443 0.0126857 0.0191964 0.0272747 0.036661 0.0467171 0.0563989 0.0645137 0.0701534 0.0729782 0.0731734 0.0712017 0.067582 0.0627877 0.0572179 0.0511903 0.0449434 0.0386519 0.032452 0.0264676 0.0208312 0.0156943 0.0112161 0.007531 0.00470615
 0.00773952 0.012629 0.0191112 0.0271548 0.0365015 0.0465169 0.0561623 0.0642523 0.0698852 0.0727254 0.0729595 0.0710478 0.0675041 0.0627936 0.0573068 0.0513529 0.0451641 0.038911 0.032728 0.0267393 0.0210801 0.0159067 0.0113845 0.00765431 0.00478906
 0.00769252 0.012552 0.0189946 0.0269897 0.0362827 0.046246 0.0558511 0.0639229 0.0695657 0.0724445 0.0727401 0.070906 0.0674488 0.0628279 0.0574277 0.0515515 0.0454255 0.0392153 0.033052 0.0270592 0.0213742 0.0161583 0.0115841 0.00780052 0.00488726
 0.00770818 0.0125704 0.0190088 0.0269883 0.0362519 0.0461733 0.0557295 0.0637532 0.0693571 0.0722127 0.0725062 0.0706929 0.0672778 0.0627163 0.0573866 0.051585 0.04553 0.03938 0.0332596 0.027288 0.0216015 0.016364 0.0117542 0.00792897 0.00497555
 0.00766152 0.0125061 0.0189331 0.026913 0.0361893 0.0461293 0.0556987 0.0637202 0.0693035 0.0721264 0.0723871 0.0705527 0.0671369 0.0625969 0.0573086 0.0515621 0.0455686 0.0394778 0.0334064 0.0274667 0.0217915 0.0165447 0.0119093 0.00804941 0.00506013
 0.00764076 0.01247 0.0188753 0.026828 0.0360764 0.0459965 0.0555641 0.0636072 0.069231 0.0720986 0.0723908 0.0705655 0.0671388 0.0625811 0.0572824 0.0515424 0.0455735 0.0395202 0.0334898 0.0275848 0.0219302 0.0166864 0.0120376 0.00815325 0.00513538
 0.00762821 0.0124484 0.0188403 0.0267746 0.0359995 0.0458927 0.0554346 0.06346 0.0690819 0.0719686 0.0722996 0.0705238 0.0671442 0.0626194 0.0573363 0.0516004 0.0456339 0.0395892 0.0335749 0.0276889 0.0220488 0.0168087 0.0121509 0.00824715 0.00520496
 0.00759595 0.0124011 0.0187786 0.0267019 0.0359205 0.0458112 0.0553517 0.063375 0.0689937 0.0718792 0.0722161 0.0704574 0.0671068 0.0626182 0.0573707 0.0516624 0.045713 0.0396774 0.0336694 0.0277894 0.022154 0.0169137 0.0122479 0.00832852 0.00526637
 0.00757291 0.0123617 0.0187162 0.0266102 0.0357963 0.0456583 0.0551824 0.0632087 0.0688509 0.0717742 0.0721535 0.0704338 0.0671161 0.0626564 0.0574355 0.0517518 0.0458224 0.0398001 0.0337977 0.0279173 0.0222765 0.0170265 0.0123463 0.00840848 0.0053258
 0.00756631 0.0123499 0.0186959 0.0265776 0.0357466 0.0455869 0.0550871 0.0630914 0.0687195 0.0716421 0.0720369 0.0703475 0.067069 0.0626496 0.0574651 0.0518114 0.0459056 0.0399005 0.0339088 0.028032 0.0223882 0.0171292 0.0124349 0.00847965 0.00537837
 0.00757069 0.012358 0.01871 0.0265995 0.035777 0.0456231 0.0551223 0.0631149 0.0687196 0.0716106 0.0719725 0.0702576 0.0669674 0.0625529 0.0573876 0.0517618 0.0458866 0.0399098 0.0339415 0.0280816 0.0224474 0.0171907 0.0124925 0.00852837 0.00541572
 0.00754765 0.0123233 0.0186631 0.0265421 0.0357132 0.0455591 0.0550651 0.0630712 0.0686934 0.071601 0.0719739 0.0702616 0.0669674 0.0625473 0.0573804 0.0517606 0.0458987 0.0399396 0.0339887 0.0281422 0.0225152 0.0172585 0.012554 0.00857909 0.00545372
 0.00753945 0.0123094 0.018641 0.0265096 0.0356691 0.0455045 0.0550044 0.0630118 0.0686441 0.0715688 0.0719617 0.070267 0.0669841 0.0625676 0.0573986 0.0517751 0.0459126 0.0399581 0.0340163 0.0281804 0.0225616 0.0173084 0.0126016 0.00861984 0.00548497
 0.00753026 0.012296 0.0186236 0.0264892 0.0356467 0.0454804 0.0549781 0.0629824 0.0686117 0.0715359 0.0719325 0.0702468 0.0669761 0.0625717 0.0574118 0.051793 0.0459319 0.0399782 0.0340389 0.0282076 0.0225941 0.0173443 0.0126373 0.00865147 0.00550995
 0.00750318 0.0122531 0.0185614 0.0264058 0.0355429 0.045361 0.0548523 0.0628633 0.0685126 0.0714671 0.071899 0.0702482 0.0670088 0.0626303 0.0574899 0.0518834 0.0460273 0.0400723 0.0341275 0.0282887 0.0226669 0.0174081 0.0126912 0.00869429 0.00554139
 0.00748485 0.0122237 0.0185179 0.0263457 0.0354648 0.0452655 0.0547433 0.0627481 0.0684017 0.0713722 0.0718306 0.0702132 0.0670097 0.0626652 0.0575531 0.0519676 0.0461242 0.040174 0.0342272 0.0283813 0.0227492 0.0174782 0.0127481 0.00873798 0.00557262
 0.00750433 0.0122489 0.0185441 0.0263642 0.0354657 0.0452409 0.0546904 0.0626704 0.0683071 0.0712709 0.0717333 0.0701299 0.0669487 0.0626323 0.0575505 0.0519936 0.0461736 0.0402396 0.0343012 0.0284563 0.0228194 0.0175396 0.0127984 0.00877653 0.00560001
 0.00750433 0.0122489 0.0185441 0.0263642 0.0354657 0.0452409 0.0546904 0.0626704 0.0683071 0.0712709 0.0717333 0.0701299 0.0669487 0.0626323 0.0575505 0.0519936 0.0461736 0.0402396 0.0343012 0.0284563 0.0228194 0.0175396 0.0127984 0.00877653 0.00560001
 0.0073635 0.0120313 0.0182379 0.0259672 0.0349862 0.044699 0.0541199 0.0621177 0.0678264 0.0709131 0.0715354 0.070108 0.0670967 0.0629252 0.0579519 0.0524626 0.0466715 0.040733 0.0347634 0.0288681 0.0231681 0.0178194 0.01301 0.00892625 0.00569835
 0.00725855 0.0118475 0.0179383 0.0255127 0.0343488 0.0438807 0.0531675 0.0611227 0.0669039 0.070172 0.0710536 0.0699223 0.0672056 0.0632972 0.0585345 0.0531913 0.0474785 0.041555 0.0355472 0.0295732 0.0237679 0.018301 0.0133732 0.00918183 0.00586497
 0.00723699 0.0118065 0.0178643 0.025386 0.0341435 0.0435688 0.0527259 0.0605447 0.0662115 0.0694221 0.0703328 0.0693285 0.0668228 0.0631749 0.0586795 0.0535721 0.0480372 0.0422209 0.0362489 0.0302483 0.0243691 0.0187988 0.0137564 0.00945505 0.0060445
 0.00726801 0.0118575 0.0179413 0.0254921 0.0342755 0.0437109 0.0528465 0.0605978 0.0661463 0.0692001 0.0699455 0.0688084 0.0662415 0.062627 0.0582567 0.0533386 0.0480148 0.0423894 0.0365577 0.0306329 0.0247672 0.0191614 0.0140534 0.00967581 0.00619362
 0.00726146 0.0118557 0.0179548 0.0255363 0.0343659 0.0438565 0.0530424 0.0608214 0.0663586 0.0693513 0.0699855 0.0687008 0.0659778 0.0622365 0.0578042 0.0529084 0.0476859 0.0422119 0.0365413 0.0307502 0.0249679 0.0193911 0.014268 0.009849 0.00631708
 0.00728811 0.0119005 0.0180251 0.0256405 0.0345126 0.0440523 0.0532883 0.0611093 0.0666682 0.0696497 0.0702288 0.0688409 0.0659737 0.0620679 0.0574824 0.0524796 0.0472223 0.0417917 0.0362254 0.0305659 0.0249065 0.0194184 0.0143415 0.0099324 0.00638806
 0.00724512 0.0118358 0.0179379 0.0255347 0.0343971 0.0439412 0.0532004 0.0610662 0.0666901 0.0697479 0.0703994 0.0690609 0.0662028 0.0622568 0.0575878 0.0524793 0.0471251 0.0416356 0.0360638 0.0304463 0.0248543 0.0194318 0.0143987 0.0100056 0.00645531
 0.00717297 0.0117209 0.0177701 0.0253076 0.0341114 0.0436086 0.0528471 0.0607317 0.0664205 0.0695851 0.0703705 0.0691717 0.0664359 0.0625735 0.0579357 0.0528041 0.047386 0.0418169 0.0361767 0.0305202 0.0249197 0.0195069 0.0144847 0.010092 0.00652968
 0.0071681 0.0117042 0.0177288 0.0252244 0.0339692 0.0433972 0.0525702 0.0604098 0.0660879 0.0692834 0.0701409 0.0690475 0.0664358 0.0626972 0.0581613 0.0530925 0.0476898 0.0420944 0.0364033 0.0306923 0.0250498 0.0196116 0.0145752 0.0101709 0.00659432
 0.00722251 0.0117936 0.0178638 0.0254123 0.034208 0.0436694 0.0528391 0.0606246 0.0661988 0.06926 0.0699847 0.0687916 0.0661334 0.0624046 0.0579225 0.0529292 0.0475997 0.0420571 0.0363926 0.0306879 0.0250433 0.0196049 0.0145735 0.0101768 0.00660593
 0.00725961 0.0118589 0.017971 0.0255771 0.034444 0.0439809 0.0532143 0.0610313 0.0665866 0.0695698 0.070163 0.0688051 0.0659807 0.0621176 0.0575566 0.0525459 0.0472485 0.0417654 0.0361654 0.030516 0.024914 0.0195087 0.0145052 0.0101328 0.00658146
 0.00727363 0.0118876 0.0180256 0.0256721 0.034595 0.0441999 0.053504 0.0613817 0.0669737 0.0699568 0.0705034 0.0690498 0.0660883 0.0620664 0.0573536 0.0522264 0.046866 0.041375 0.0358095 0.0302179 0.0246795 0.0193333 0.0143805 0.0100496 0.00653041
 0.0071808 0.0117399 0.0178104 0.0253833 0.034238 0.043798 0.053102 0.0610418 0.0667608 0.0699185 0.0706534 0.0693628 0.0665068 0.0625166 0.0577648 0.0525491 0.0470814 0.041494 0.0358609 0.0302335 0.0246829 0.0193367 0.014387 0.010058 0.00653867
 0.00710388 0.0116068 0.0175957 0.02506 0.0337858 0.0432156 0.0524192 0.0603223 0.0660934 0.069397 0.070356 0.0693337 0.0667461 0.0629803 0.0583753 0.0532146 0.0477195 0.0420485 0.036308 0.0305761 0.0249383 0.0195246 0.0145232 0.0101537 0.00660248
