SBPRF35
12.7214
Curr Bio
1.02067e+006
B35
907544
F35
0.173688
FOFL
0.173688
OFL
145323
Bzero
3.63469e+006
#pred survey bio
 3.36818e+006 3.25603e+006 3.15689e+006 3.00784e+006 2.81877e+006 2.59545e+006 2.38405e+006 2.1678e+006 1.94073e+006 1.73789e+006 1.5217e+006 1.37712e+006 1.23227e+006 1.09797e+006 973930 859174 774154 686256 641638 615654 588757 562692 548482 529372 521056 512175 514834 516953 518111 524918 524198 519769 527432 538347 546082 551576 572273 584025 598110 612901 639729 648824 649629 653379 657375 666840 667977 672174 675652 681339 679361 711084 745989 775563 803141 830938 862896 881734 892308 898993 922869 934306 964324 980924 1.00068e+006 1.01829e+006 1.0254e+006 2.37947e+007 2.19077e+007 2.2241e+007 2.28362e+007 2.35904e+007 2.43885e+007 2.51491e+007 2.58261e+007 2.64011e+007 2.68739e+007 2.7254e+007 2.7555e+007 2.77909e+007 2.79747e+007 2.81175e+007 2.82283e+007 2.83144e+007 2.83815e+007 2.84339e+007 2.84749e+007 2.85072e+007 2.85327e+007 2.85529e+007 2.85689e+007 2.85818e+007 2.8592e+007 2.86002e+007 2.86068e+007 2.86121e+007 2.86164e+007 2.86199e+007 2.86227e+007 2.8625e+007 2.86268e+007 2.86284e+007 2.86296e+007 2.86306e+007 2.86314e+007 2.86321e+007 2.86326e+007 2.86331e+007 2.86334e+007 2.86337e+007 2.8634e+007 2.86342e+007 2.86344e+007 2.86345e+007 2.86346e+007 2.86347e+007 2.86348e+007 2.86348e+007 2.86349e+007 2.86349e+007 2.86349e+007 2.8635e+007 2.8635e+007 2.8635e+007 2.8635e+007 2.8635e+007 2.8635e+007 2.8635e+007 2.86351e+007 2.86351e+007 2.86351e+007 2.86351e+007 2.86351e+007 2.86351e+007 2.86351e+007 2.86351e+007 2.86351e+007 2.86351e+007 2.86351e+007 2.86351e+007 2.86351e+007 2.86351e+007 2.86351e+007 2.86351e+007 2.86351e+007 2.86351e+007 2.86351e+007 2.86351e+007 2.86351e+007 2.86351e+007 2.86351e+007 2.86351e+007 2.86351e+007 2.86351e+007 2.86351e+007 2.86351e+007 2.86351e+007 2.86351e+007 2.86351e+007 2.86351e+007 2.86351e+007 2.86351e+007 2.86351e+007 2.86351e+007 2.86351e+007 2.86351e+007 2.86351e+007 0 0 0 0 0 0 0 0 0 0 0 0 0 0 0 0 0 0 0 0 0 0 0 0 0
#obs survey bio
 3.25548e+006 3.3958e+006 3.95582e+006 2.70461e+006 2.54958e+006 2.91653e+006 2.0938e+006 1.7923e+006 1.30958e+006 1.61791e+006 1.49362e+006 1.29491e+006 1.31467e+006 946584 829959 827062 620196 683209 673264 876814 531963 502519 321186 515440 555400 387165 466852 912636 659767 639129 439858 583323 442421 483394 362851 528460 739638 596316 687662 464471 610222 621141 569938 649021 846144 498075 645426 723305 732949 565691 788850 849012 773294 711000 565813 828191 798088 736792 642166 978648 675409 882113 889168 939728 1.08406e+006 1.25253e+006 1.13587e+006
#pred catch bio
 92657.3 89881.7 148285 199297 247214 253959 276039 302450 294775 317217 260942 266767 259666 250296 239469 209532 205863 162452 142340 139202 134944 122953 125679 114900 114025 103656 103745 103362 97574 103096 105107 94541.3 92624.5 96192.1 98465.6 86560.9 95368.1 94305.1 95194.8 87212.8 104013 111272 108762 108772 104966 113016 110685 111220 109237 115795 88278.5 87897.1 94220 97893.9 100192 99223.1 112456 120924 125694 113035 126053 112405 126539 126161 130641 141977 141764 145323 146201 147526 150450 154639 159176 163461 167194 170272 172711 174585 175994 177034 177791 178337 178726 179002 179197 179333 179429 179496 179542 179574 179596 179612 179622 179630 179635 179638 179641 179642 179643 179644 179645 179645 179645 179646 179646 179646 179646 179646 179646 179646 179646 179646 179646 179646 179646 179646 179646 179646 179646 179646 179646 179646 179646 179646 179646 179646 179646 179646 179646 179646 179646 179646 179646 179646 179646 179646 179646 179646 179646 179646 179646 179646 179646 179646 179646 179646 179646 179646 179646 179646 179646 179646 179646 179646 179646 179646 179646 179646 179646 179646 179646 179646 179646 179646 179646 179646 179646 0 0 0 0 0 0 0 0 0 0 0 0 0 0 0 0 0 0 0 0 0 0 0 0 0
#obs catch bio
 0 89481.3 148422 199476 247736 254362 276649 304736 297580 322630 263063 269897 262132 252373 242811 211842 209318 163836 143218 139204 134836 123088 127402 115821 115000 104556 104987 103603 97501.4 102749 105402 94590.7 92664.5 96365 99104.2 86543.7 95690.9 94157.9 95183.3 87143.3 104018 111030 108790 108634 104476 113404 110832 111213 108771 115776 87997.8 87776.3 94125.2 97931.2 100440 99289.3 112582 121069 126249 112999 126778 112584 126886 126570 131011 142066 141751
#pred cpue bio
 3.326e+006 3.2147e+006 3.11525e+006 2.96573e+006 2.77688e+006 2.55381e+006 2.34251e+006 2.12647e+006 1.8999e+006 1.69775e+006 1.483e+006 1.33917e+006 1.19541e+006 1.0624e+006 939779 826673 743233 657542 614402 589559 563678 538236 524136 505435 497512 489034 491703 494068 495634 502601 502041 497765 505296 515964 523534 528986 549322 560927 574676 589005 615180 624119 624896 628573 632500 641621 642602 646790 650406 656071 654041 685170 719728 748882 775707 802681 833967 852451 862595 868830 892048 903121 932454 948565 967644 984612 991249 2.30038e+007 2.11844e+007 2.14608e+007 2.19925e+007 2.27268e+007 2.35209e+007 2.42808e+007 2.49576e+007 2.55326e+007 2.60054e+007 2.63856e+007 2.66865e+007 2.69224e+007 2.71062e+007 2.7249e+007 2.73598e+007 2.7446e+007 2.7513e+007 2.75654e+007 2.76064e+007 2.76387e+007 2.76642e+007 2.76844e+007 2.77005e+007 2.77133e+007 2.77235e+007 2.77317e+007 2.77383e+007 2.77436e+007 2.77479e+007 2.77514e+007 2.77542e+007 2.77565e+007 2.77584e+007 2.77599e+007 2.77611e+007 2.77621e+007 2.77629e+007 2.77636e+007 2.77642e+007 2.77646e+007 2.7765e+007 2.77653e+007 2.77655e+007 2.77657e+007 2.77659e+007 2.7766e+007 2.77661e+007 2.77662e+007 2.77663e+007 2.77663e+007 2.77664e+007 2.77664e+007 2.77665e+007 2.77665e+007 2.77665e+007 2.77665e+007 2.77665e+007 2.77666e+007 2.77666e+007 2.77666e+007 2.77666e+007 2.77666e+007 2.77666e+007 2.77666e+007 2.77666e+007 2.77666e+007 2.77666e+007 2.77666e+007 2.77666e+007 2.77666e+007 2.77666e+007 2.77666e+007 2.77666e+007 2.77666e+007 2.77666e+007 2.77666e+007 2.77666e+007 2.77666e+007 2.77666e+007 2.77666e+007 2.77666e+007 2.77666e+007 2.77666e+007 2.77666e+007 2.77666e+007 2.77666e+007 2.77666e+007 2.77666e+007 2.77666e+007 2.77666e+007 2.77666e+007 2.77666e+007 2.77666e+007 2.77666e+007 2.77666e+007 2.77666e+007 2.77666e+007 2.77666e+007 2.77666e+007 0 0 0 0 0 0 0 0 0 0 0 0 0 0 0 0 0 0 0 0 0 0 0 0 0
#obs cpue bio
 3.08308e+006 4.10691e+006 2.38172e+006 2.56902e+006 2.89868e+006 1.86783e+006 2.6048e+006 1.64874e+006 1.91034e+006 1.26858e+006 1.72092e+006 1.19189e+006 1.14894e+006 1.19743e+006 748934 758213 690852 675878 566871 588610 662473 490203 436800 544987 430635 491137 395765 485162 429239 540277 418080 451260 600679 530781 573419 683626 382863 749665 483844 645947 771143 784916 561921 747461 621864 506917 712821 688482 820798 742826 539125 559771 729776 696107 872823 828172 991345 983619 925755 922602 894437 930946 1.16822e+006 790501 886675 1.08469e+006 892725
#pred surv len freq
 0.0043008 0.00702803 0.0106655 0.0152321 0.0206509 0.0266692 0.0328304 0.0385835 0.0434849 0.0473355 0.0501673 0.0521362 0.0534256 0.0541997 0.0545915 0.0547087 0.054648 0.0544924 0.0542548 0.0537636 0.0525644 0.0499741 0.0453709 0.0386146 0.0303072
 0.004637 0.00748885 0.0112036 0.0157585 0.02107 0.0269291 0.0329529 0.0386508 0.043585 0.0475045 0.0503682 0.0522883 0.0534619 0.0541133 0.0544443 0.0545986 0.0546534 0.054621 0.054423 0.0538225 0.0523657 0.0494452 0.0445576 0.0376626 0.0293942
 0.00470316 0.00765733 0.0115631 0.0164114 0.022086 0.028285 0.0344992 0.0401432 0.0447795 0.0482588 0.0506816 0.0522589 0.053205 0.0537074 0.0539309 0.0540144 0.0540473 0.0540374 0.0538652 0.053235 0.0516596 0.0485576 0.0435048 0.0365475 0.0283606
 0.00485113 0.00787906 0.0118677 0.0168105 0.0226099 0.0289944 0.0354746 0.0414397 0.0463642 0.0499747 0.0522771 0.0534789 0.053889 0.0538319 0.0535812 0.0533211 0.053136 0.053004 0.0527671 0.0520879 0.050449 0.0472714 0.042172 0.0352522 0.0272154
 0.00506307 0.00822158 0.0123779 0.0175177 0.0235272 0.0301098 0.0367488 0.0428181 0.0477985 0.0514313 0.0537171 0.0548207 0.0549924 0.0545303 0.0537477 0.0529209 0.0522311 0.0517148 0.0512218 0.050389 0.0486688 0.0454712 0.0404268 0.0336592 0.025874
 0.00531532 0.00863029 0.0129907 0.0183786 0.0246685 0.0315389 0.0384326 0.0446759 0.0497119 0.0532709 0.0553711 0.0562102 0.0560621 0.055225 0.0539962 0.0526485 0.0513946 0.0503338 0.049383 0.0482238 0.0463258 0.0431014 0.0381794 0.0316736 0.0242578
 0.00557331 0.00904537 0.0136079 0.0192388 0.0258029 0.0329595 0.04012 0.0465714 0.0517196 0.0552699 0.0572321 0.0578119 0.0573059 0.05604 0.0543329 0.0524668 0.0506599 0.0490314 0.0475428 0.0459388 0.0437515 0.0404365 0.035636 0.0294404 0.0224646
 0.00582364 0.00945697 0.014236 0.0201379 0.0270165 0.0345035 0.041966 0.048641 0.0538955 0.0574178 0.0592208 0.0595247 0.0586441 0.0569249 0.0547064 0.0522884 0.0499035 0.0476867 0.0456299 0.0435303 0.040991 0.0375354 0.032841 0.0269807 0.0204971
 0.00607018 0.009865 0.0148642 0.021047 0.0282592 0.0361072 0.043913 0.0508573 0.0562571 0.0597705 0.0614047 0.0613951 0.0600853 0.0578554 0.0550753 0.0520666 0.0490761 0.0462523 0.0436112 0.040997 0.0380819 0.0344638 0.0298682 0.0243574 0.018399
 0.00624923 0.0101669 0.0153396 0.0217526 0.0292497 0.0374203 0.045552 0.0527802 0.0583776 0.061968 0.0635386 0.0633199 0.0616654 0.0589783 0.0556595 0.0520616 0.0484567 0.0450151 0.04178 0.0386397 0.0353316 0.0315272 0.0270017 0.0218125 0.0163559
 0.00659485 0.0107086 0.0161182 0.0227953 0.0305691 0.0390121 0.0473883 0.0548024 0.0604963 0.0640713 0.0655045 0.0650285 0.063009 0.0598686 0.0560305 0.0518695 0.0476779 0.0436461 0.0398448 0.0362056 0.032529 0.0285569 0.024114 0.0192541 0.0143045
 0.00678118 0.0110194 0.0165998 0.0234945 0.0315219 0.0402275 0.0488351 0.0564096 0.0621701 0.0657199 0.0670526 0.066415 0.064176 0.0607516 0.0565584 0.0519718 0.047295 0.0427399 0.038411 0.0342891 0.0302393 0.0260724 0.0216608 0.0170576 0.0125304
 0.00698759 0.0113585 0.0171175 0.0242368 0.0325272 0.0415132 0.0503807 0.0581475 0.0639898 0.0674868 0.0686344 0.0677064 0.0651121 0.0613065 0.0567289 0.0517571 0.0466846 0.0417165 0.0369669 0.0324513 0.0280927 0.0237675 0.0193964 0.0150349 0.0108984
 0.00722345 0.0117383 0.0176825 0.0250237 0.0335626 0.0428035 0.0519006 0.0598332 0.0657431 0.0691884 0.0701605 0.0689448 0.0659769 0.0617483 0.0567373 0.0513506 0.0458934 0.0405679 0.0354849 0.0306722 0.0260887 0.0216615 0.0173522 0.0132212 0.00944047
 0.00740362 0.012046 0.0181725 0.025755 0.0345842 0.0441327 0.0535025 0.0616155 0.0675724 0.0709189 0.0716607 0.0701119 0.0667414 0.0620739 0.0566188 0.0508093 0.0449692 0.0393098 0.0339446 0.0289082 0.0241788 0.0197142 0.0155019 0.0116027 0.00815137
 0.0075647 0.0123152 0.0185923 0.0263721 0.0354425 0.0452606 0.054896 0.0632253 0.0693018 0.0726339 0.0732108 0.0713565 0.0675744 0.0624384 0.0565074 0.0502533 0.0440233 0.0380397 0.0324205 0.0272056 0.0223842 0.0179305 0.0138438 0.010177 0.00703015
 0.00754126 0.0123023 0.0186203 0.0264877 0.0357008 0.0457108 0.055567 0.0641175 0.0703856 0.0738515 0.0744785 0.0725697 0.0686186 0.0632068 0.0569199 0.0502702 0.0436469 0.0373075 0.031395 0.0259659 0.0210226 0.0165498 0.0125495 0.00906146 0.00615311
 0.00770108 0.0125424 0.0189466 0.0268965 0.0361855 0.04627 0.0562074 0.0648469 0.0711999 0.0747239 0.0753573 0.0733858 0.0692987 0.0636845 0.0571428 0.0502034 0.0432778 0.0366492 0.030487 0.024872 0.0198259 0.015345 0.0114311 0.008108 0.00541141
 0.00772973 0.0125783 0.0189807 0.0269134 0.0361677 0.0462058 0.0561002 0.0647228 0.071109 0.0747325 0.075529 0.073757 0.0698577 0.0643672 0.0578473 0.0508166 0.043702 0.0368207 0.0303852 0.0245194 0.0192816 0.0146924 0.0107613 0.00750119 0.00492128
 0.00777331 0.0126302 0.0190236 0.0269187 0.0361026 0.0460447 0.0558361 0.0643732 0.0707163 0.0743588 0.0752481 0.0736413 0.0699601 0.0647019 0.0583779 0.0514595 0.0443458 0.0373549 0.0307276 0.0246335 0.0191805 0.0144294 0.010412 0.00714148 0.00460873
 0.007967 0.0129173 0.0194024 0.0273661 0.0365756 0.0464862 0.0561831 0.0645663 0.0707136 0.0741517 0.0748702 0.0731647 0.0694788 0.0643077 0.058136 0.0513906 0.0444208 0.0375052 0.0308694 0.0246958 0.0191269 0.0142653 0.0101758 0.00688519 0.00437819
 0.00818678 0.0132626 0.0198979 0.0280218 0.0373791 0.0473941 0.0571147 0.0654094 0.0713465 0.0744761 0.074839 0.072794 0.0688415 0.0635146 0.0573094 0.0506369 0.0438074 0.0370496 0.0305439 0.0244477 0.0189043 0.0140378 0.00994054 0.00665965 0.00418491
 0.00814912 0.013231 0.0199053 0.0281169 0.0376137 0.0478022 0.0576928 0.0661092 0.0720829 0.0751456 0.0753422 0.0730562 0.0688294 0.0632445 0.0568429 0.0500645 0.0432235 0.0365276 0.0301203 0.0241216 0.0186509 0.0138277 0.00975536 0.00649593 0.00404848
 0.0081384 0.013216 0.0198889 0.0281086 0.0376334 0.0478826 0.0578761 0.0664339 0.072563 0.0757512 0.0759957 0.0736492 0.0692544 0.0634274 0.0567631 0.049756 0.0427604 0.0359995 0.0296066 0.0236736 0.0182875 0.0135441 0.0095369 0.00632908 0.00392452
 0.00814999 0.0132174 0.0198597 0.0280206 0.0374611 0.0476184 0.0575439 0.0660924 0.0722942 0.0756374 0.0760914 0.0739592 0.0697265 0.0639652 0.0572564 0.0501165 0.0429467 0.0360211 0.0295095 0.0235155 0.0181166 0.0133895 0.00940976 0.00623016 0.00385094
 0.00822917 0.0133359 0.0200174 0.0282072 0.0376543 0.0477845 0.0576421 0.0660858 0.0721664 0.0754074 0.0758165 0.0737184 0.0695906 0.063967 0.0573782 0.0502994 0.043118 0.0361243 0.0295223 0.0234497 0.0180041 0.0132639 0.00929518 0.00613832 0.00378405
 0.0080523 0.0130831 0.0197011 0.0278608 0.0373215 0.0475034 0.0574323 0.0659449 0.0720771 0.07535 0.0757809 0.0737119 0.0696369 0.0640964 0.0576092 0.0506237 0.0434968 0.0365007 0.0298426 0.0236823 0.0181452 0.0133309 0.00931397 0.00613246 0.00376967
 0.00794268 0.0128967 0.0194079 0.0274345 0.0367536 0.0468205 0.0567057 0.0652801 0.0715804 0.0750897 0.0757655 0.0738988 0.0699619 0.064503 0.0580636 0.0511096 0.0440005 0.0369994 0.0303034 0.0240717 0.0184423 0.0135338 0.00943702 0.00619798 0.00379962
 0.00793936 0.0128769 0.0193508 0.0273092 0.0365249 0.0464592 0.0562025 0.0646579 0.0709001 0.0744432 0.075255 0.0736062 0.0699227 0.0646994 0.0584392 0.0515956 0.0445365 0.0375391 0.0308114 0.0245191 0.0188076 0.0138072 0.00962286 0.00631188 0.00386219
 0.00793518 0.0128616 0.0193113 0.0272261 0.0363745 0.0462184 0.055855 0.0642006 0.070349 0.0738382 0.0746605 0.0731035 0.0695922 0.0645977 0.0585806 0.0519495 0.0450395 0.0381164 0.0313944 0.025055 0.0192614 0.0141618 0.00987743 0.0064787 0.00396138
 0.00793799 0.0128749 0.0193464 0.0272962 0.0364875 0.0463674 0.0560115 0.0643165 0.0703698 0.0737216 0.074393 0.072709 0.0691294 0.0641468 0.0582231 0.0517449 0.0450097 0.0382435 0.0316315 0.0253444 0.0195505 0.0144131 0.010072 0.00661377 0.00404559
 0.00799623 0.0129594 0.0194555 0.0274236 0.036626 0.0465136 0.0561667 0.0644809 0.0705327 0.0738546 0.0744535 0.0726547 0.0689391 0.0638349 0.0578398 0.0513621 0.0446975 0.0380481 0.0315641 0.0253838 0.0196567 0.0145435 0.0101937 0.00670896 0.00411008
 0.00800905 0.0129686 0.0194479 0.0273797 0.0365256 0.0463446 0.0559337 0.0642095 0.0702651 0.0736383 0.0743255 0.0726275 0.0689949 0.0639347 0.0579427 0.0514451 0.044764 0.0381203 0.0316658 0.0255245 0.0198269 0.0147205 0.0103532 0.00683485 0.00419762
 0.00794278 0.0128733 0.0193267 0.0272415 0.0363797 0.046194 0.0557722 0.0640261 0.0700546 0.0734121 0.0741142 0.0724723 0.0689309 0.0639753 0.0580741 0.0516346 0.0449761 0.0383316 0.0318689 0.0257214 0.0200184 0.0149008 0.0105111 0.00696034 0.00428701
 0.00787411 0.0127682 0.0191812 0.0270579 0.0361678 0.0459708 0.0555603 0.0638479 0.0699247 0.0733308 0.0740698 0.0724509 0.068928 0.0639993 0.0581393 0.0517489 0.0451347 0.0385185 0.0320658 0.0259143 0.0201989 0.0150629 0.0106493 0.00706974 0.00436597
 0.0078848 0.012774 0.0191687 0.0270085 0.0360632 0.0458024 0.0553363 0.0635947 0.0696792 0.0731285 0.0739337 0.0723862 0.0689251 0.0640422 0.0582147 0.051851 0.0452621 0.0386692 0.0322328 0.0260867 0.0203647 0.0152121 0.0107749 0.00716795 0.00443654
 0.007769 0.012592 0.0189064 0.0266565 0.035618 0.045269 0.054733 0.0629576 0.0690633 0.0726017 0.0735636 0.0722238 0.06899 0.064317 0.0586521 0.0523895 0.0458427 0.0392454 0.0327725 0.0265691 0.0207767 0.0155469 0.0110318 0.00735272 0.00455985
 0.00780564 0.0126355 0.018942 0.02666 0.035562 0.0451315 0.0545055 0.0626476 0.0686908 0.0721953 0.0731588 0.0718624 0.0687171 0.0641716 0.0586558 0.0525384 0.0461087 0.039586 0.033143 0.0269315 0.0211039 0.0158222 0.011248 0.0075105 0.00466622
 0.00782009 0.0126591 0.0189766 0.0267047 0.0356094 0.0451654 0.0545002 0.0625738 0.0685271 0.0719391 0.0728311 0.0715032 0.0683754 0.0638949 0.0584816 0.0524886 0.0461856 0.0397714 0.033403 0.0272253 0.0213935 0.0160792 0.011456 0.00766478 0.004771
 0.00779722 0.0126266 0.0189366 0.0266623 0.0355716 0.0451383 0.054486 0.0625676 0.0685159 0.0719037 0.0727522 0.0713711 0.0681966 0.0636944 0.0582966 0.0523576 0.0461374 0.0398173 0.0335343 0.027417 0.0216121 0.0162922 0.0116394 0.00780635 0.00486954
 0.00763929 0.0123843 0.0185994 0.0262321 0.0350636 0.0445818 0.0539246 0.062056 0.0681103 0.0716476 0.0726641 0.0714403 0.0683901 0.0639699 0.0586175 0.0527017 0.0464973 0.0401932 0.033924 0.0278095 0.0219874 0.0166269 0.0119146 0.00801328 0.00501117
 0.00761905 0.0123501 0.0185459 0.0261533 0.0349553 0.0444429 0.0537597 0.0618755 0.0679291 0.0714817 0.0725282 0.0713452 0.0683412 0.0639662 0.0586528 0.0527684 0.0465905 0.0403121 0.03407 0.0279807 0.0221745 0.0168137 0.0120832 0.00815006 0.00511054
 0.00760713 0.0123394 0.0185453 0.0261753 0.0350107 0.0445344 0.0538763 0.0619938 0.0680201 0.0715215 0.0725054 0.0712631 0.0682149 0.0638171 0.0585026 0.0526348 0.0464857 0.0402439 0.0340424 0.0279936 0.0222227 0.0168861 0.0121649 0.00822662 0.00517213
 0.00760683 0.0123315 0.0185206 0.0261229 0.0349235 0.0444163 0.0537456 0.0618793 0.0679489 0.0715062 0.0725379 0.0713207 0.0682721 0.0638567 0.0585202 0.0526369 0.0464841 0.0402504 0.0340655 0.0280372 0.0222853 0.0169614 0.0122431 0.00829778 0.00522909
 0.00769437 0.0124552 0.0186716 0.0262799 0.0350571 0.0444971 0.0537532 0.0618083 0.0678118 0.0713309 0.0723603 0.0711722 0.068169 0.063797 0.0584896 0.0526195 0.0464703 0.0402393 0.034062 0.028047 0.0223109 0.0170007 0.0122899 0.00834424 0.0052687
 0.00764037 0.0123888 0.01861 0.0262496 0.0350827 0.0445861 0.0538858 0.061941 0.0678953 0.0713325 0.0722782 0.071034 0.0680171 0.0636704 0.0584104 0.0525896 0.0464781 0.0402694 0.0341027 0.0280926 0.0223596 0.0170513 0.0123397 0.0083893 0.00530541
 0.00756884 0.0122857 0.0184809 0.0261109 0.0349617 0.0445164 0.0538997 0.0620582 0.0681103 0.0716082 0.0725532 0.0712442 0.0681215 0.0636651 0.0583241 0.0524653 0.0463532 0.0401658 0.0340274 0.0280439 0.022333 0.0170419 0.0123427 0.00839963 0.00531821
 0.007495 0.0121654 0.0183002 0.0258599 0.0346396 0.0441395 0.0535067 0.0617082 0.0678688 0.0715262 0.0726476 0.0714901 0.0684603 0.0640254 0.0586466 0.0527191 0.0465375 0.0402979 0.0341282 0.0281282 0.0224076 0.0171078 0.0123987 0.00844437 0.00535143
 0.00752274 0.0121937 0.0183115 0.0258269 0.0345319 0.0439346 0.0532018 0.0613254 0.0674548 0.0711434 0.072361 0.0713504 0.0684886 0.0642053 0.0589302 0.0530448 0.046851 0.0405667 0.0343431 0.0282952 0.0225372 0.0172089 0.0124767 0.0085023 0.00539195
 0.00755543 0.0122434 0.0183786 0.0259065 0.0346109 0.0439901 0.0532022 0.0612382 0.0672592 0.0708449 0.0719973 0.0709848 0.0681913 0.0640313 0.0589025 0.0531494 0.0470466 0.0408019 0.0345742 0.0284957 0.0226979 0.0173312 0.0125664 0.00856568 0.00543449
 0.00756128 0.0122649 0.018433 0.0260156 0.0347941 0.0442529 0.0535259 0.0615777 0.0675514 0.0710254 0.07202 0.0708376 0.067902 0.0636608 0.0585259 0.0528319 0.0468249 0.0406792 0.0345289 0.0284969 0.0227189 0.0173558 0.0125874 0.00858166 0.00544594
 0.00737172 0.0119588 0.0179784 0.0253906 0.0339987 0.0433238 0.0525459 0.0606673 0.0668389 0.0706064 0.0719281 0.0710414 0.0683266 0.0642203 0.0591494 0.0534762 0.0474694 0.0413123 0.0351353 0.0290543 0.0232031 0.0177491 0.0128845 0.00878938 0.00558
 0.0073387 0.0118792 0.0178103 0.0250786 0.0334875 0.0425802 0.0515821 0.0595526 0.0656929 0.0695764 0.0711564 0.0706309 0.068316 0.0645776 0.0597895 0.0542917 0.0483614 0.0422064 0.0359818 0.0298195 0.0238625 0.0182863 0.013294 0.00907902 0.00576859
 0.00739566 0.0119619 0.0179144 0.0251875 0.0335687 0.0425846 0.0514486 0.0592225 0.0651344 0.0688097 0.0702646 0.0697466 0.0675858 0.0641194 0.0596602 0.0544788 0.0487976 0.0427988 0.0366387 0.030467 0.0244486 0.0187788 0.0136785 0.00935641 0.00595228
 0.00738275 0.0119537 0.0179248 0.0252356 0.033671 0.0427431 0.0516399 0.0593953 0.0652183 0.0687344 0.069985 0.0692652 0.0669629 0.0634633 0.059097 0.0541129 0.0486811 0.0429221 0.0369442 0.0308751 0.024882 0.0191785 0.0140085 0.00960331 0.00612002
 0.00728452 0.0118097 0.0177384 0.0250226 0.033458 0.0425635 0.051527 0.0593731 0.0652903 0.0688744 0.070137 0.069359 0.0669409 0.0633077 0.0588428 0.053838 0.0484766 0.0428569 0.0370417 0.0311104 0.0251987 0.0195126 0.0143088 0.00984043 0.00628693
 0.00720327 0.0116734 0.0175265 0.0247168 0.0330502 0.042067 0.0509847 0.0588552 0.0648777 0.0686328 0.0700947 0.0694967 0.0671987 0.0636069 0.0591151 0.054051 0.0486421 0.0430179 0.0372445 0.0313782 0.0255209 0.0198527 0.0146233 0.0100971 0.00647268
 0.00724636 0.0117329 0.0175958 0.0247805 0.0330859 0.0420486 0.0508895 0.0586715 0.0646136 0.0683208 0.0697871 0.0692502 0.0670527 0.0635684 0.0591584 0.0541338 0.048729 0.0430976 0.03733 0.0314919 0.0256751 0.0200394 0.0148183 0.0102726 0.00661
 0.00726644 0.0117757 0.017678 0.0249213 0.0332986 0.0423295 0.0512086 0.0589745 0.0648357 0.0684089 0.0697185 0.0690406 0.0667502 0.0632354 0.0588496 0.0538801 0.048536 0.0429565 0.0372324 0.031437 0.0256663 0.0200751 0.0148864 0.0103536 0.00668503
 0.00728766 0.0118099 0.0177297 0.0249966 0.0334065 0.0424816 0.0514158 0.0592391 0.0651421 0.0687179 0.0699731 0.0691829 0.0667439 0.0630804 0.0585816 0.053555 0.0482083 0.0426647 0.036996 0.0312622 0.0255523 0.0200166 0.0148727 0.0103694 0.00671391
 0.00723432 0.0117242 0.0176029 0.0248227 0.0331852 0.0422224 0.0511422 0.0589889 0.0649609 0.0686463 0.0700312 0.0693601 0.0669987 0.0633541 0.05882 0.0537268 0.0483121 0.0427205 0.0370305 0.0312969 0.0255982 0.0200753 0.0149391 0.0104353 0.00677122
 0.00724523 0.0117415 0.0176279 0.0248551 0.0332221 0.0422572 0.0511649 0.0589888 0.0649323 0.0685937 0.0699711 0.0693156 0.0669887 0.0633829 0.0588732 0.0537787 0.0483386 0.0427113 0.0369922 0.0312468 0.0255547 0.0200496 0.0149337 0.0104453 0.00678892
 0.00721697 0.0116886 0.0175358 0.0247075 0.0330061 0.0419714 0.0508257 0.0586298 0.064596 0.0683203 0.06979 0.0692427 0.0670286 0.0635292 0.0591086 0.0540743 0.0486576 0.0430178 0.0372605 0.0314662 0.0257274 0.0201843 0.0150389 0.0105266 0.00684912
 0.00724852 0.0117401 0.0176128 0.0248125 0.033135 0.0421093 0.0509458 0.0586987 0.0645854 0.0682196 0.0696123 0.0690208 0.0668033 0.0633379 0.0589769 0.0540121 0.0486593 0.0430655 0.0373311 0.0315394 0.0257909 0.0202347 0.0150779 0.0105571 0.00687301
 0.00724788 0.0117413 0.0176191 0.0248285 0.0331665 0.0421612 0.0510188 0.0587867 0.0646732 0.0682844 0.0696305 0.0689775 0.0667002 0.063195 0.0588257 0.0538843 0.0485765 0.0430341 0.0373433 0.031579 0.0258411 0.020283 0.0151183 0.0105882 0.00689565
 0.00724997 0.0117455 0.0176269 0.0248424 0.0331894 0.0421963 0.051069 0.0588532 0.0647541 0.0683728 0.0697131 0.069036 0.0667167 0.063159 0.0587401 0.0537666 0.0484527 0.0429288 0.0372715 0.031543 0.0258335 0.0202923 0.0151342 0.0106042 0.00690874
 0.00716312 0.0116316 0.0175058 0.0247488 0.0331627 0.0422649 0.0512371 0.0590989 0.0650383 0.0686532 0.0699545 0.0692146 0.0668187 0.0631793 0.0586816 0.0536414 0.0482822 0.0427404 0.0370922 0.0313927 0.0257209 0.0202163 0.0150875 0.0105779 0.00689516
#obs surv len freq
 nan nan nan nan nan nan nan nan nan nan nan nan nan nan nan nan nan nan nan nan nan nan nan nan nan
 0.0044849 0.00734637 0.0111765 0.015993 0.0216937 0.0279693 0.0342833 0.0400144 0.0446937 0.0481572 0.0505148 0.0520104 0.0529024 0.0534146 0.0537286 0.0539834 0.0542619 0.0545546 0.0546933 0.0542851 0.0527232 0.0493554 0.0438053 0.0362855 0.0276693
 0.00461439 0.00755956 0.0115019 0.0164577 0.0223169 0.0287511 0.0351956 0.0409977 0.0456656 0.0490293 0.0512093 0.0524717 0.0531027 0.0533533 0.0534282 0.0534814 0.0536021 0.0537799 0.053843 0.0533964 0.051835 0.0485111 0.0430499 0.0356571 0.027189
 0.00478036 0.00782913 0.0119073 0.0170293 0.0230775 0.0297078 0.0363288 0.0422559 0.0469692 0.0502812 0.0523094 0.0533292 0.0536471 0.0535424 0.0532522 0.0529612 0.0527823 0.0527197 0.0526086 0.052058 0.0504675 0.0471946 0.0418637 0.0346668 0.0264307
 0.00496843 0.00813805 0.0123781 0.0177016 0.0239822 0.0308536 0.0376906 0.0437702 0.0485437 0.0518116 0.0536937 0.0544753 0.0544746 0.0539867 0.0532698 0.0525366 0.0519317 0.0514905 0.0510751 0.0503169 0.0486338 0.045395 0.0402234 0.033288 0.025371
 0.00517821 0.008482 0.0129013 0.0184483 0.0249877 0.0321313 0.0392177 0.0454823 0.0503419 0.0535805 0.0553188 0.055854 0.0555205 0.0546295 0.0534559 0.0522303 0.0511217 0.050197 0.0493573 0.0482764 0.0464128 0.0431645 0.0381587 0.0315355 0.0240159
 0.00539513 0.00883862 0.0134455 0.0192277 0.0260407 0.0334734 0.0408268 0.0472928 0.0522536 0.0554768 0.0570837 0.0573823 0.0567213 0.0554269 0.0537881 0.0520503 0.0504003 0.0489313 0.0475839 0.0460854 0.0439536 0.0406358 0.0357771 0.029489 0.0224203
 0.00565354 0.00925758 0.0140741 0.0201113 0.0272129 0.0349437 0.0425663 0.0492293 0.0542803 0.0574716 0.058928 0.0589717 0.0579688 0.0562614 0.0541519 0.0518963 0.0496927 0.0476536 0.0457546 0.0437787 0.0413143 0.0378748 0.033139 0.0271963 0.0206173
 0.00588164 0.00963542 0.0146556 0.0209508 0.0283539 0.0364015 0.0443112 0.0511817 0.0563241 0.0594785 0.0607788 0.0605664 0.0592273 0.0571193 0.0545557 0.0518003 0.0490584 0.0464558 0.0439977 0.0415198 0.0386844 0.0350806 0.030433 0.024818 0.0187301
 0.00613821 0.0100535 0.0152869 0.0218446 0.0295487 0.0379104 0.0461064 0.0531875 0.0584252 0.0615401 0.062669 0.0621719 0.0604612 0.057921 0.0548853 0.051629 0.0483624 0.0452179 0.0422206 0.0392513 0.0360425 0.0322617 0.0276864 0.0223882 0.0167901
 0.00637085 0.0104371 0.0158742 0.0226879 0.0306891 0.0393617 0.0478386 0.0551217 0.0604463 0.0635193 0.0644843 0.0637192 0.0616569 0.0587022 0.0552075 0.0514633 0.0476898 0.0440286 0.0405221 0.0370889 0.0335235 0.0295664 0.0250489 0.0200432 0.0149083
 0.00659824 0.0108112 0.0164453 0.0235058 0.0317935 0.0407668 0.0495169 0.056998 0.062407 0.0654344 0.0662289 0.065188 0.0627695 0.0594031 0.0554618 0.0512502 0.0469979 0.0428547 0.0388792 0.0350227 0.0311342 0.0270196 0.0225591 0.0178276 0.0131266
 0.00684373 0.0112103 0.017046 0.0243524 0.0329181 0.0421756 0.0511762 0.0588289 0.0642963 0.0672557 0.0678627 0.0665351 0.0637558 0.0599798 0.0556021 0.0509437 0.0462446 0.0416623 0.0372681 0.0330411 0.0288763 0.0246356 0.0202421 0.015772 0.0114755
 0.00704771 0.0115481 0.0175657 0.0251019 0.0339348 0.0434698 0.0527157 0.0605346 0.0660553 0.0689437 0.0693667 0.0677639 0.0646436 0.060484 0.0556999 0.050628 0.0455193 0.0405403 0.0357754 0.0312274 0.0268298 0.0224911 0.0181687 0.0139387 0.0100058
 0.00725367 0.0118836 0.018072 0.0258178 0.0348894 0.0446708 0.0541363 0.0621078 0.0676812 0.070507 0.0707557 0.0688853 0.0654298 0.0608952 0.0557211 0.050262 0.0447801 0.0394498 0.0343658 0.0295501 0.0249677 0.020564 0.0163231 0.0123181 0.00871278
 0.00745868 0.0122179 0.0185763 0.0265298 0.0358346 0.0458501 0.0555133 0.0636064 0.0691973 0.07193 0.0719869 0.0698478 0.0660707 0.0611841 0.0556479 0.0498335 0.0440158 0.0383785 0.0330257 0.027995 0.0232755 0.0188405 0.0146931 0.0109005 0.00758995
 0.00753413 0.012352 0.0187998 0.0268792 0.0363457 0.0465457 0.0563915 0.0646348 0.0703166 0.0730641 0.073055 0.0707734 0.0667883 0.0616438 0.0558175 0.0496982 0.0435771 0.0376525 0.0320438 0.0268065 0.0219518 0.0174755 0.013394 0.00976751 0.00669151
 0.00758213 0.0124193 0.0188827 0.0269714 0.0364454 0.0466649 0.0565601 0.0648951 0.0707074 0.0736026 0.0737241 0.0715221 0.0675424 0.0623211 0.0563416 0.0500089 0.0436352 0.0374423 0.0315741 0.0261115 0.0210913 0.0165322 0.0124625 0.00893645 0.00602301
 0.00763096 0.0124933 0.0189835 0.0270955 0.0365838 0.0468041 0.0566857 0.064999 0.0707963 0.0737027 0.0738754 0.0717613 0.0678826 0.0627396 0.0567825 0.0503976 0.0438975 0.0375212 0.0314402 0.0257683 0.0205756 0.0159084 0.0118109 0.00833498 0.00552885
 0.00770931 0.0126082 0.019133 0.0272695 0.0367665 0.0469779 0.0568351 0.0651117 0.0708652 0.0737287 0.0738713 0.0717533 0.0679048 0.0628211 0.0569323 0.0505947 0.0440938 0.0376553 0.0314568 0.0256364 0.0202979 0.0155214 0.0113737 0.00791168 0.00517041
 0.00775862 0.0126918 0.0192643 0.0274606 0.0370222 0.0472887 0.0571723 0.0654307 0.0711181 0.0738805 0.0739109 0.0716949 0.0677813 0.0626744 0.0568012 0.0505041 0.0440451 0.0376252 0.0314061 0.0255261 0.0201071 0.0152566 0.0110667 0.00760636 0.00490614
 0.007812 0.0127704 0.0193679 0.0275851 0.0371627 0.047443 0.0573416 0.0656159 0.071313 0.0740674 0.0740625 0.0717843 0.0677937 0.0626141 0.0566905 0.0503737 0.0439215 0.0375193 0.0313101 0.0254194 0.0199692 0.01508 0.0108623 0.00739867 0.00472189
 0.00785168 0.0128339 0.0194611 0.0277114 0.0373211 0.0476256 0.0575335 0.0657978 0.0714679 0.074186 0.0741439 0.0718305 0.0678043 0.0625851 0.0566198 0.0502665 0.0437912 0.0373819 0.0311758 0.0252886 0.0198349 0.0149361 0.0107106 0.00725 0.00459087
 0.0078576 0.0128422 0.0194712 0.0277228 0.037334 0.0476423 0.0575578 0.0658346 0.0715196 0.074251 0.0742172 0.0719054 0.0678742 0.0626439 0.0566614 0.0502854 0.0437845 0.0373511 0.031126 0.0252246 0.0197594 0.0148505 0.0106181 0.00715757 0.00450765
 0.0078757 0.0128652 0.0194941 0.0277371 0.0373304 0.0476147 0.0575073 0.0657697 0.0714548 0.0742021 0.0741967 0.0719189 0.0679198 0.0627132 0.0567421 0.0503643 0.0438505 0.0373967 0.0311476 0.0252226 0.0197367 0.0148113 0.010568 0.00710344 0.00445674
 0.00789329 0.0128901 0.0195244 0.0277679 0.0373542 0.0476226 0.0574909 0.0657241 0.0713809 0.0741091 0.074101 0.0718404 0.0678751 0.0627107 0.0567794 0.0504307 0.0439304 0.0374745 0.0312114 0.0252653 0.0197563 0.01481 0.010551 0.00707749 0.00442871
 0.00792226 0.0129347 0.0195868 0.0278475 0.0374473 0.0477217 0.0575843 0.0657969 0.0714184 0.0741011 0.0740462 0.071748 0.0677626 0.0625994 0.0566879 0.0503697 0.043901 0.0374693 0.0312189 0.0252743 0.0197588 0.014803 0.0105354 0.00705695 0.0044076
 0.00790908 0.0129155 0.0195621 0.0278196 0.0374195 0.0476977 0.0575673 0.0657887 0.0714186 0.0741068 0.0740525 0.0717495 0.0677565 0.0625869 0.056675 0.0503647 0.0439102 0.0374944 0.0312557 0.0253148 0.0197946 0.0148283 0.0105484 0.00705967 0.00440388
 0.0078795 0.0128648 0.0194815 0.0277004 0.0372571 0.0474962 0.0573428 0.0655685 0.0712344 0.0739849 0.0740063 0.0717774 0.0678451 0.0627168 0.0568271 0.050524 0.0440678 0.0376454 0.0313966 0.0254412 0.0199017 0.0149119 0.0106076 0.00709689 0.00442413
 0.00785262 0.0128192 0.0194092 0.0275929 0.0371068 0.0472997 0.057105 0.0653046 0.0709695 0.0737505 0.0738337 0.0716909 0.0678549 0.0628172 0.056999 0.0507412 0.0443042 0.0378799 0.0316144 0.0256332 0.0200622 0.0150383 0.0107001 0.00715892 0.00446178
 0.00784693 0.0128044 0.0193767 0.0275311 0.037004 0.0471483 0.0569056 0.0650677 0.0707138 0.0734998 0.0736138 0.0715264 0.0677666 0.0628175 0.0570881 0.0509065 0.0445229 0.0381249 0.0318602 0.0258597 0.0202564 0.0151936 0.0108155 0.00723817 0.00451155
 0.00784296 0.0127987 0.019369 0.0275206 0.0369878 0.0471202 0.0568562 0.0649866 0.0705943 0.0733434 0.0734326 0.0713417 0.0676041 0.0627017 0.0570373 0.0509285 0.0446137 0.0382694 0.0320362 0.0260433 0.0204273 0.015338 0.0109271 0.007317 0.00456233
 0.00780706 0.0127413 0.0192848 0.0274062 0.0368431 0.0469507 0.0566735 0.0648066 0.0704328 0.073211 0.0733328 0.0712728 0.0675648 0.0626945 0.0570682 0.0510046 0.0447377 0.0384366 0.0322336 0.0262519 0.0206266 0.0155112 0.0110643 0.00741604 0.00462733
 0.00777341 0.0126858 0.0192 0.0272849 0.036681 0.0467489 0.0564414 0.064563 0.0702022 0.0730181 0.0731961 0.0712015 0.0675575 0.0627429 0.0571623 0.0511358 0.0449005 0.0386262 0.0324423 0.0264676 0.0208339 0.0156947 0.0112131 0.00752591 0.00470097
 0.00774013 0.0126286 0.0191081 0.0271471 0.0364881 0.0464989 0.0561439 0.0642398 0.0698845 0.0727393 0.0729857 0.0710795 0.0675323 0.062811 0.0573097 0.0513433 0.0451477 0.0388952 0.0327181 0.0267365 0.0210824 0.0159104 0.0113869 0.00765479 0.0047881
 0.00768121 0.0125346 0.01897 0.0269577 0.0362433 0.0462001 0.0558004 0.0638709 0.0695182 0.0724085 0.0727229 0.0709118 0.0674771 0.0628727 0.0574798 0.0516019 0.0454684 0.0392495 0.0330793 0.0270822 0.0213944 0.0161755 0.0115975 0.0078096 0.00489256
 0.00769057 0.0125417 0.0189659 0.0269285 0.0361742 0.0460798 0.0556261 0.0636495 0.0692642 0.0721412 0.0724636 0.070683 0.0673014 0.0627703 0.0574646 0.0516774 0.0456263 0.0394712 0.0333399 0.0273551 0.0216555 0.0164058 0.0117851 0.00795017 0.00498891
 0.00768066 0.0125338 0.0189683 0.0269522 0.0362268 0.0461586 0.0557135 0.0637158 0.0692779 0.0720813 0.072328 0.0704882 0.0670763 0.0625488 0.0572784 0.0515515 0.0455752 0.0394965 0.0334309 0.0274919 0.021814 0.0165629 0.0119231 0.00805909 0.00506636
 0.00763336 0.0124604 0.0188651 0.0268201 0.0360732 0.0459988 0.0555696 0.0636109 0.0692272 0.0720834 0.0723637 0.0705297 0.0671005 0.0625473 0.0572594 0.0515345 0.0455818 0.0395426 0.0335217 0.0276205 0.0219645 0.0167158 0.0120605 0.00816943 0.00514586
 0.00761535 0.0124269 0.018807 0.026727 0.0359368 0.0458182 0.0553557 0.0633877 0.0690266 0.0719364 0.0722903 0.0705324 0.0671641 0.0626456 0.057367 0.0516363 0.0456765 0.0396386 0.0336294 0.0277448 0.0221015 0.0168542 0.0121868 0.00827302 0.00522194
 0.00758781 0.0123854 0.0187503 0.026655 0.0358496 0.0457141 0.0552319 0.0632428 0.0688647 0.0717705 0.0721421 0.0704265 0.067119 0.0626667 0.0574448 0.0517514 0.0458085 0.0397742 0.0337637 0.0278781 0.0222334 0.0169808 0.0123006 0.00836667 0.00529162
 0.00758904 0.0123867 0.018751 0.0266541 0.0358461 0.045707 0.05522 0.0632236 0.0688338 0.0717224 0.072073 0.0703386 0.0670231 0.0625801 0.0573847 0.0517279 0.0458219 0.039817 0.033826 0.0279517 0.0223128 0.0170608 0.0123757 0.00843125 0.00534171
 0.00754514 0.0123197 0.0186584 0.0265369 0.0357086 0.0455569 0.0550679 0.0630825 0.0687171 0.0716401 0.0720293 0.0703308 0.0670443 0.0626231 0.0574456 0.0518065 0.0459194 0.0399319 0.0339532 0.0280832 0.02244 0.0171765 0.0124744 0.00850971 0.0053992
 0.00754915 0.0123214 0.0186524 0.0265155 0.0356643 0.0454861 0.0549737 0.0629745 0.0686087 0.0715443 0.0719551 0.0702823 0.0670215 0.0626229 0.0574642 0.051841 0.0459684 0.0399951 0.0340295 0.0281691 0.0225296 0.0172627 0.0125509 0.00857195 0.00544547
 0.00753608 0.0123032 0.0186303 0.0264916 0.0356401 0.0454601 0.0549409 0.0629284 0.0685451 0.0714651 0.0718696 0.0702039 0.0669627 0.0625914 0.0574615 0.0518641 0.0460123 0.0400549 0.0341009 0.028248 0.0226112 0.0173412 0.0126207 0.00862892 0.0054878
 0.00754029 0.0123098 0.0186399 0.0265049 0.0356576 0.0454825 0.0549679 0.0629574 0.0685703 0.0714781 0.0718616 0.0701701 0.0669055 0.0625204 0.0573898 0.0518039 0.0459713 0.0400359 0.0341028 0.0282673 0.0226429 0.0173797 0.0126601 0.00866412 0.00551573
 0.00752644 0.0122909 0.0186179 0.026484 0.0356429 0.045478 0.0549752 0.0629756 0.0685962 0.0715074 0.0718889 0.0701893 0.0669108 0.0625086 0.0573623 0.0517671 0.0459344 0.0400077 0.0340889 0.0282691 0.0226582 0.017404 0.0126879 0.00869061 0.00553757
 0.00750989 0.0122641 0.018578 0.0264293 0.0355741 0.0453996 0.0548963 0.0629085 0.068553 0.0714953 0.071908 0.0702329 0.0669678 0.0625676 0.0574141 0.0518067 0.045962 0.0400274 0.0341064 0.0282894 0.0226833 0.0174327 0.0127173 0.00871729 0.00555899
 0.00748487 0.012223 0.0185156 0.0263408 0.0354567 0.0452549 0.0547323 0.0627402 0.0684005 0.0713791 0.0718444 0.0702296 0.0670223 0.0626683 0.0575436 0.0519468 0.0460977 0.0401498 0.0342124 0.0283797 0.0227602 0.0174978 0.0127709 0.00875918 0.00558943
 0.00748997 0.0122274 0.0185148 0.0263281 0.0354243 0.0451963 0.0546453 0.0626278 0.0682714 0.0712465 0.0717242 0.0701381 0.0669729 0.0626674 0.0575895 0.0520297 0.0462029 0.0402622 0.03432 0.0284755 0.0228414 0.0175643 0.0128235 0.00879892 0.00561763
 0.00748997 0.0122274 0.0185148 0.0263281 0.0354243 0.0451963 0.0546453 0.0626278 0.0682714 0.0712465 0.0717242 0.0701381 0.0669729 0.0626674 0.0575895 0.0520297 0.0462029 0.0402622 0.03432 0.0284755 0.0228414 0.0175643 0.0128235 0.00879892 0.00561763
 0.00724575 0.0118444 0.0179661 0.0256011 0.0345274 0.044166 0.0535516 0.061572 0.0673682 0.0705982 0.071397 0.070152 0.0673046 0.063262 0.0583739 0.0529256 0.0471365 0.0411704 0.0351544 0.029203 0.0234444 0.0180385 0.0131757 0.00904439 0.00577686
 0.00718475 0.0117173 0.0177239 0.0251834 0.0338798 0.043267 0.0524359 0.0603344 0.0661443 0.0695309 0.0706065 0.0697165 0.067255 0.0635829 0.0590113 0.0537983 0.0481505 0.0422323 0.0361825 0.030134 0.0242366 0.0186722 0.0136509 0.00937671 0.00599223
 0.00717175 0.0116976 0.0176945 0.0251359 0.0337939 0.0431051 0.052146 0.0598656 0.0654738 0.068689 0.069683 0.0688427 0.0665662 0.063183 0.0589501 0.0540672 0.0486929 0.0429614 0.0370003 0.0309494 0.0249772 0.0192914 0.014129 0.00971741 0.00621548
 0.00717325 0.0117028 0.0177074 0.0251614 0.0338355 0.0431605 0.052201 0.0598899 0.0654212 0.0685075 0.0693346 0.0683277 0.0659381 0.0625424 0.0584169 0.0537429 0.0486307 0.0431555 0.0373954 0.0314616 0.0255189 0.0197905 0.01454 0.010023 0.00642146
 0.00711678 0.0116193 0.0175973 0.0250313 0.0336973 0.0430288 0.0520907 0.059812 0.0653779 0.0684859 0.0693052 0.0682504 0.0657795 0.0622963 0.0581176 0.0534612 0.0484495 0.0431378 0.0375603 0.0317795 0.0259259 0.020213 0.0149172 0.0103198 0.0066296
 0.00702739 0.0114774 0.0173908 0.0247535 0.0333503 0.0426284 0.0516694 0.0594163 0.065058 0.0682807 0.0692289 0.0682879 0.0658916 0.0624337 0.0582404 0.0535567 0.0485382 0.0432628 0.0377629 0.0320755 0.0262958 0.02061 0.0152881 0.0106244 0.00685096
 0.00702332 0.0114648 0.0173608 0.0246934 0.0332467 0.0424717 0.0514583 0.0591619 0.0647828 0.0680158 0.0690078 0.0681375 0.0658238 0.0624409 0.0582993 0.0536392 0.0486269 0.0433601 0.0378879 0.0322492 0.0265236 0.0208747 0.0155558 0.0108605 0.00703311
 0.00705136 0.011513 0.0174374 0.0248055 0.0333955 0.0426472 0.0516359 0.059305 0.0648538 0.06799 0.0688826 0.0679343 0.0655793 0.0621946 0.0580809 0.0534629 0.048494 0.0432677 0.0378376 0.0322478 0.0265763 0.0209759 0.0156868 0.0109953 0.00714931
 0.00702968 0.0114867 0.0174145 0.0247995 0.0334228 0.042721 0.0517605 0.0594718 0.06504 0.0681619 0.0690033 0.0679748 0.0655282 0.0620626 0.0578963 0.0532609 0.0483052 0.0431126 0.0377269 0.0321867 0.0265656 0.0210106 0.0157541 0.0110769 0.00722696
 0.00695943 0.0113718 0.0172413 0.0245582 0.0331128 0.0423588 0.0513839 0.0591356 0.0648016 0.0680609 0.0690478 0.0681392 0.0657648 0.0623192 0.058133 0.0534586 0.0484651 0.0432478 0.0378531 0.0323153 0.0267012 0.0211509 0.0158914 0.0112006 0.00732773
 0.00698944 0.0114158 0.0172981 0.024622 0.0331726 0.0423994 0.0513888 0.0590924 0.0647092 0.0679346 0.0689165 0.0680349 0.0657087 0.0623126 0.058159 0.0534927 0.0484881 0.0432534 0.0378476 0.0323115 0.0267106 0.0211786 0.0159348 0.0112516 0.00737696
 0.0069289 0.0113253 0.0171767 0.0244739 0.0330061 0.0422239 0.0512132 0.058924 0.0645538 0.067798 0.0688065 0.0679631 0.0656894 0.0623575 0.0582697 0.0536571 0.0486829 0.0434532 0.0380336 0.0324755 0.0268529 0.0213026 0.0160423 0.0113419 0.00744797
 0.00693553 0.0113313 0.0171771 0.0244617 0.0329749 0.0421716 0.0511439 0.0588467 0.0644784 0.0677296 0.0687445 0.0679038 0.0656321 0.0623082 0.0582403 0.053659 0.0487209 0.0435218 0.0381207 0.0325677 0.0269409 0.0213821 0.0161119 0.0114006 0.00749473
 0.0069817 0.0114054 0.0172863 0.0246102 0.033161 0.0423845 0.0513618 0.0590403 0.0646181 0.0677955 0.068731 0.0678185 0.0654901 0.0621277 0.0580406 0.0534601 0.0485412 0.0433748 0.0380116 0.0324944 0.0268967 0.0213594 0.0161043 0.0114028 0.0075022
