SBPRF35
8.10463
Curr Bio
537093
B35
536313
F35
0.208601
FOFL
0.205993
OFL
85586.1
Bzero
2.31561e+006
#pred survey bio
 2.69274e+006 2.55593e+006 2.37329e+006 2.17402e+006 1.90079e+006 1.59515e+006 1.37647e+006 1.27414e+006 1.17812e+006 1.0817e+006 930670 814049 731599 651343 591746 568924 553583 538035 518565 508090 495459 489601 499839 514396 510990 538727 552648 559258 537367 524442 522352 518715 542132 565836 589891 610638 572352 565187 591111 596502 602776 631568 592328 616783 635034 609926 591436 583770 561921 552173 566154 571958 615559 654216 617722 590281 576828 544477 1.87981e+007 1.1374e+007 1.17739e+007 1.25913e+007 1.36014e+007 1.46113e+007 1.55094e+007 1.62507e+007 1.68332e+007 1.72758e+007 1.76048e+007 1.78459e+007 1.80211e+007 1.8148e+007 1.82399e+007 1.83066e+007 1.83552e+007 1.83908e+007 1.8417e+007 1.84364e+007 1.84509e+007 1.84618e+007 1.847e+007 1.84762e+007 1.8481e+007 1.84846e+007 1.84873e+007 1.84894e+007 1.84911e+007 1.84923e+007 1.84933e+007 1.8494e+007 1.84946e+007 1.8495e+007 1.84954e+007 1.84957e+007 1.84959e+007 1.8496e+007 1.84962e+007 1.84963e+007 1.84963e+007 1.84964e+007 1.84964e+007 1.84965e+007 1.84965e+007 1.84965e+007 1.84965e+007 1.84966e+007 1.84966e+007 1.84966e+007 1.84966e+007 1.84966e+007 1.84966e+007 1.84966e+007 1.84966e+007 1.84966e+007 1.84966e+007 1.84966e+007 1.84966e+007 1.84966e+007 1.84966e+007 1.84966e+007 1.84966e+007 1.84966e+007 1.84966e+007 1.84966e+007 1.84966e+007 1.84966e+007 1.84966e+007 1.84966e+007 1.84966e+007 1.84966e+007 1.84966e+007 1.84966e+007 1.84966e+007 1.84966e+007 1.84966e+007 1.84966e+007 1.84966e+007 1.84966e+007 1.84966e+007 1.84966e+007 1.84966e+007 1.84966e+007 1.84966e+007 1.84966e+007 1.84966e+007 1.84966e+007 1.84966e+007 1.84966e+007 1.84966e+007 1.84966e+007 1.84966e+007 1.84966e+007 1.84966e+007 1.84966e+007 1.84966e+007 1.84966e+007 1.84966e+007 1.84966e+007 0 0 0 0 0 0 0 0 0 0 0 0 0 0 0 0 0 0 0 0 0 0 0 0 0
#obs survey bio
 2.41814e+006 2.72841e+006 2.47632e+006 2.44179e+006 1.73028e+006 1.85468e+006 901594 1.28885e+006 1.26584e+006 1.18251e+006 812806 626683 576322 706538 507353 523402 598957 483001 649398 421403 501167 435821 674189 677224 364023 498004 630916 559720 466779 511020 478125 586612 500407 537147 630813 728486 437302 489642 560233 460963 643720 845883 452151 625114 779408 675833 664704 617200 520347 566881 616867 421909 675993 625566 681708 623838 495949 735826
#pred catch bio
 283297 289272 278807 296785 313406 299851 285954 275868 249066 272215 234150 204601 191350 171079 144754 144815 130576 123297 109009 111337 113351 103810 100618 108983 96761.8 106540 94698.4 99934.9 96520.2 92005.9 101573 88738.8 87463.5 88085.1 85240.7 95928.4 84988.5 80261.1 81810.9 90858.1 82979.3 96316.2 96412.7 91422 93358.7 98934.8 89313.9 92878.5 100189 71362.2 100678 89008.9 76009.2 123129 120569 77335.9 106463 78127.8 85586.1 86779.7 88484.1 93693.2 100853 108082 114419 119526 123411 126247 128254 129641 130583 131214 131631 131905 132083 132199 132273 132321 132352 132371 132384 132392 132397 132400 132402 132403 132404 132405 132405 132405 132405 132405 132405 132405 132405 132405 132405 132405 132405 132405 132405 132405 132405 132405 132405 132405 132405 132405 132405 132405 132405 132405 132405 132405 132405 132405 132405 132405 132405 132405 132405 132405 132405 132405 132405 132405 132405 132405 132405 132405 132405 132405 132405 132405 132405 132405 132405 132405 132405 132405 132405 132405 132405 132405 132405 132405 132405 132405 132405 132405 132405 132405 132405 132405 132405 132405 132405 132405 0 0 0 0 0 0 0 0 0 0 0 0 0 0 0 0 0 0 0 0 0 0 0 0 0
#obs catch bio
 254671 289306 278636 296551 313091 299242 288345 276684 248499 272239 234027 204823 191221 171072 144619 145732 130419 123294 108806 111223 113588 103890 100618 108826 96890.4 106865 94503.9 99816.7 96538 91888.5 101815 88852.3 87431.3 88112.5 85182.1 95890.9 84948 80359 81657.7 90989.5 82964.1 96089.1 96844.4 91403.4 93157 99104.3 89242.1 92748.2 100682 70919.3 101074 89300.1 75572.7 123373 121200 76787.3 107064 77954.6
#pred cpue bio
 2.66022e+006 2.52324e+006 2.33996e+006 2.14072e+006 1.86922e+006 1.56604e+006 1.34871e+006 1.24592e+006 1.14984e+006 1.05388e+006 904619 789501 708238 629575 571264 548858 533787 518750 499809 489716 477448 471655 481545 495761 492475 519358 532901 539635 518638 506214 504437 500796 522390 543481 565617 585797 549399 542541 567574 573028 578851 606682 569100 592332 610118 586201 568225 560984 540013 530272 544229 549703 591645 629548 593799 566319 553795 522502 1.8048e+007 1.09141e+007 1.11942e+007 1.19257e+007 1.29164e+007 1.39234e+007 1.4821e+007 1.55623e+007 1.61447e+007 1.65874e+007 1.69164e+007 1.71574e+007 1.73327e+007 1.74596e+007 1.75515e+007 1.76182e+007 1.76668e+007 1.77024e+007 1.77286e+007 1.7748e+007 1.77625e+007 1.77734e+007 1.77816e+007 1.77878e+007 1.77925e+007 1.77962e+007 1.77989e+007 1.7801e+007 1.78026e+007 1.78039e+007 1.78049e+007 1.78056e+007 1.78062e+007 1.78066e+007 1.7807e+007 1.78072e+007 1.78075e+007 1.78076e+007 1.78077e+007 1.78078e+007 1.78079e+007 1.7808e+007 1.7808e+007 1.78081e+007 1.78081e+007 1.78081e+007 1.78081e+007 1.78081e+007 1.78082e+007 1.78082e+007 1.78082e+007 1.78082e+007 1.78082e+007 1.78082e+007 1.78082e+007 1.78082e+007 1.78082e+007 1.78082e+007 1.78082e+007 1.78082e+007 1.78082e+007 1.78082e+007 1.78082e+007 1.78082e+007 1.78082e+007 1.78082e+007 1.78082e+007 1.78082e+007 1.78082e+007 1.78082e+007 1.78082e+007 1.78082e+007 1.78082e+007 1.78082e+007 1.78082e+007 1.78082e+007 1.78082e+007 1.78082e+007 1.78082e+007 1.78082e+007 1.78082e+007 1.78082e+007 1.78082e+007 1.78082e+007 1.78082e+007 1.78082e+007 1.78082e+007 1.78082e+007 1.78082e+007 1.78082e+007 1.78082e+007 1.78082e+007 1.78082e+007 1.78082e+007 1.78082e+007 1.78082e+007 1.78082e+007 1.78082e+007 1.78082e+007 1.78082e+007 0 0 0 0 0 0 0 0 0 0 0 0 0 0 0 0 0 0 0 0 0 0 0 0 0
#obs cpue bio
 2.85012e+006 2.68473e+006 2.12265e+006 2.11848e+006 2.26897e+006 1.43124e+006 981358 1.63807e+006 1.28337e+006 1.02494e+006 992247 919812 1.01821e+006 574455 641189 434234 656852 570521 413540 609726 412741 515489 356738 486407 468405 597508 537686 600346 535172 532738 517041 378288 669133 558586 495199 627481 636606 513827 779183 676531 445626 733419 410709 722855 617166 447533 508267 602021 463806 662678 437525 563151 739805 698897 412727 711238 531913 408821
#pred surv len freq
 0.00470759 0.00775013 0.0118607 0.0170741 0.0232774 0.0301061 0.0369301 0.0430268 0.0478581 0.0512427 0.0533143 0.0543529 0.0546414 0.0544077 0.0538255 0.053035 0.0521638 0.0513232 0.0505504 0.0496985 0.0483426 0.0458313 0.0415591 0.035361 0.0277595
 0.0051457 0.00838957 0.012691 0.0180469 0.0243307 0.0311975 0.038054 0.044199 0.0490776 0.0524583 0.0544227 0.055234 0.0552089 0.0546433 0.0537768 0.0527795 0.051758 0.0507631 0.0497644 0.0485815 0.0468239 0.0439417 0.039457 0.0332913 0.0259639
 0.00533386 0.0087602 0.0133623 0.0191528 0.0259694 0.033363 0.0405913 0.046828 0.0514879 0.0544192 0.0558385 0.0561189 0.0556191 0.0546275 0.0533693 0.0520183 0.0506917 0.0494339 0.0481835 0.0467284 0.0446828 0.0415595 0.0369777 0.0309342 0.0239489
 0.00550203 0.00902249 0.0137424 0.0196814 0.0266971 0.0343673 0.0419617 0.048621 0.0536667 0.0568181 0.0581873 0.0581258 0.0570656 0.0554179 0.0535173 0.051597 0.0497885 0.0481248 0.0465251 0.0447613 0.0424527 0.0391503 0.0345355 0.0286534 0.022017
 0.00569964 0.00935309 0.0142558 0.0204263 0.027708 0.0356481 0.0434777 0.0503091 0.0554613 0.0586686 0.0600447 0.0599062 0.0586276 0.0565828 0.0541249 0.0515585 0.0491014 0.0468508 0.044755 0.0425939 0.0399973 0.0365442 0.031955 0.0262957 0.0200543
 0.00596146 0.00978352 0.0149126 0.0213663 0.0289755 0.0372568 0.0453898 0.052428 0.0576456 0.0607653 0.0619251 0.0614858 0.059858 0.0574243 0.0545212 0.0514352 0.0483919 0.0455297 0.0428566 0.0402118 0.0372763 0.0336729 0.0291521 0.0237795 0.0179949
 0.00619922 0.0101842 0.0155416 0.022293 0.0302587 0.0389207 0.0474011 0.0546875 0.0600031 0.0630492 0.063973 0.0631668 0.0610852 0.0581544 0.0547407 0.0511381 0.0475647 0.0441557 0.0409402 0.0378092 0.0345143 0.0307474 0.0263016 0.0212372 0.0159332
 0.00638417 0.0104969 0.0160354 0.0230275 0.0312899 0.0402842 0.0490928 0.0566521 0.0621366 0.0652131 0.0660144 0.0649377 0.0624605 0.0590454 0.0550992 0.0509492 0.0468322 0.0428912 0.0391663 0.0355796 0.0319397 0.0280063 0.0236216 0.0188458 0.0139982
 0.00663179 0.0108847 0.0165926 0.0237742 0.0322379 0.0414366 0.0504401 0.0581668 0.0637697 0.0668952 0.0676579 0.0664421 0.0637201 0.0599598 0.0555857 0.0509512 0.0463213 0.0418647 0.0376475 0.0336258 0.0296574 0.0255603 0.0212199 0.0166975 0.0122591
 0.00672852 0.0110642 0.0169029 0.0242711 0.0329689 0.0424181 0.0516401 0.0595074 0.0651527 0.0682338 0.0688957 0.0675474 0.064666 0.0607063 0.0560736 0.0511109 0.0460882 0.0411949 0.0365306 0.0320966 0.0278059 0.023533 0.0192033 0.0148794 0.0107804
 0.00700662 0.0115136 0.0175741 0.0252095 0.0342058 0.0439559 0.0534343 0.0614566 0.067106 0.0700183 0.0703534 0.0685706 0.0652153 0.0608049 0.0557791 0.0504806 0.0451553 0.0399673 0.0350091 0.0303024 0.0258047 0.0214444 0.0171866 0.0130963 0.00934957
 0.00718557 0.0118128 0.0180398 0.0258891 0.035138 0.0451542 0.0548717 0.0630606 0.0687693 0.0716174 0.0717665 0.0696892 0.0659554 0.0611184 0.0556616 0.0499654 0.044296 0.0388165 0.0336097 0.0286965 0.0240539 0.019645 0.0154651 0.0115827 0.00813934
 0.00723729 0.0119119 0.0182175 0.0261859 0.0355969 0.0458087 0.0557328 0.0641086 0.0699539 0.0728643 0.0729861 0.0707866 0.0668398 0.0617133 0.0559141 0.0498533 0.0438285 0.0380281 0.0325507 0.0274275 0.0226486 0.0181954 0.0140789 0.010365 0.00716628
 0.0073466 0.0120838 0.0184661 0.0265227 0.0360312 0.0463482 0.0563807 0.0648591 0.0707877 0.0737464 0.0738667 0.071605 0.0675316 0.0622174 0.0561792 0.0498434 0.0435274 0.0374427 0.0317116 0.0263871 0.0214792 0.016986 0.0129263 0.00935804 0.00636593
 0.00752428 0.0123529 0.018834 0.0269827 0.0365647 0.0469289 0.0569785 0.0654448 0.0713375 0.0742468 0.0743143 0.0720001 0.0678677 0.0624746 0.0563247 0.0498381 0.0433361 0.0370446 0.0311076 0.025605 0.0205732 0.0160314 0.0120081 0.00855321 0.00572624
 0.00748074 0.0123014 0.0187915 0.0269753 0.0366193 0.0470602 0.0571808 0.0656943 0.0716056 0.0745154 0.0745835 0.0722826 0.0681757 0.0628057 0.0566547 0.0501236 0.0435243 0.0370864 0.0309718 0.0252882 0.0201038 0.0154659 0.0114185 0.00801008 0.00528078
 0.0075693 0.0124237 0.0189368 0.0271233 0.0367498 0.0471661 0.0572753 0.0658039 0.0717537 0.0747056 0.0747966 0.0724889 0.0683526 0.0629468 0.0567654 0.050207 0.0435701 0.0370699 0.0308635 0.0250687 0.0197764 0.0150602 0.0109842 0.00760158 0.0049408
 0.00769713 0.0126044 0.0191576 0.0273531 0.0369452 0.0472839 0.0572857 0.0657016 0.071563 0.0744772 0.0745937 0.0723659 0.0683356 0.0630291 0.0569168 0.0503894 0.0437472 0.0372096 0.0309371 0.0250546 0.0196672 0.0148691 0.0107433 0.00735233 0.00472032
 0.0077877 0.0127519 0.0193781 0.0276567 0.0373276 0.0477167 0.0577122 0.0660448 0.0717495 0.0744666 0.074397 0.0720421 0.0679689 0.0626978 0.0566701 0.0502396 0.0436762 0.0371825 0.0309159 0.0250073 0.0195749 0.0147299 0.0105719 0.00717386 0.00456029
 0.00778273 0.0127385 0.0193493 0.0276052 0.0372507 0.0476222 0.0576196 0.065979 0.0717276 0.0744865 0.0744369 0.0720739 0.0679762 0.062687 0.0566656 0.0502684 0.0437515 0.0372968 0.0310442 0.0251185 0.0196435 0.0147446 0.0105378 0.00710849 0.00448535
 0.00777044 0.012731 0.0193602 0.0276525 0.0373497 0.0477752 0.0578099 0.0661746 0.0718935 0.0745986 0.0744873 0.072066 0.0679174 0.0625854 0.0565334 0.0501249 0.0436202 0.0371963 0.0309799 0.0250811 0.0196156 0.0147102 0.01049 0.00705041 0.0044263
 0.00786785 0.0128715 0.0195392 0.0278564 0.0375621 0.0479852 0.0580159 0.0663801 0.0720963 0.0747825 0.0746239 0.0721254 0.0678816 0.0624554 0.0563272 0.0498708 0.0433497 0.036938 0.0307549 0.0248987 0.0194737 0.0145996 0.0104007 0.00697666 0.00436655
 0.00784246 0.0128351 0.019493 0.0278033 0.0375041 0.0479214 0.0579432 0.0662977 0.0720128 0.0747184 0.0746049 0.0721691 0.0679857 0.0625966 0.0564718 0.0499896 0.0434282 0.0369774 0.0307661 0.0248948 0.0194637 0.0145871 0.0103859 0.00695936 0.00434813
 0.00780312 0.0127638 0.019373 0.0276167 0.0372392 0.047582 0.0575549 0.0659061 0.0716708 0.0744713 0.0744805 0.0721769 0.0681198 0.0628376 0.0567883 0.0503411 0.0437738 0.0372851 0.0310188 0.0250894 0.0196062 0.0146863 0.0104506 0.00699747 0.00436726
 0.00793007 0.012951 0.0196181 0.0279024 0.0375347 0.0478477 0.057749 0.0659922 0.0716281 0.0743029 0.0742155 0.0718629 0.0678085 0.0625721 0.0565943 0.0502248 0.043724 0.0372805 0.0310359 0.0251101 0.0196206 0.0146921 0.0104494 0.00699228 0.00436058
 0.00781606 0.0127869 0.0194102 0.0276693 0.0373003 0.0476318 0.0575601 0.0658277 0.0714812 0.0741707 0.0741041 0.0717866 0.0677853 0.062617 0.056714 0.0504146 0.0439682 0.0375547 0.0313123 0.0253633 0.0198329 0.0148554 0.010565 0.00706727 0.00440501
 0.00785352 0.0128281 0.0194368 0.0276551 0.0372221 0.0474835 0.0573617 0.0656199 0.0713065 0.0740532 0.0740412 0.0717573 0.0677683 0.0626045 0.0567136 0.0504418 0.0440351 0.0376629 0.0314514 0.025515 0.0199775 0.014978 0.010658 0.00713082 0.0044441
 0.00779661 0.0127335 0.0192901 0.0274404 0.0369244 0.0470937 0.0568847 0.0650823 0.0707602 0.073569 0.073692 0.0715956 0.0678087 0.0628217 0.0570571 0.0508571 0.0444788 0.0381057 0.0318737 0.0259006 0.0203118 0.01525 0.0108635 0.00727374 0.00453499
 0.00780913 0.0127537 0.0193197 0.027479 0.0369671 0.0471282 0.0568904 0.0650328 0.0706315 0.0733513 0.0733995 0.0712688 0.0675047 0.062596 0.0569454 0.0508659 0.0445893 0.0382864 0.0320915 0.0261277 0.0205264 0.0154361 0.0110118 0.00738155 0.00460616
 0.00771445 0.0126222 0.019163 0.0273218 0.03684 0.047056 0.0568816 0.0650765 0.0707009 0.0734122 0.0734204 0.0712308 0.0674096 0.0624676 0.0568225 0.0507882 0.044583 0.0383563 0.0322233 0.0262959 0.0207039 0.0156007 0.0111486 0.00748441 0.00467603
 0.00773116 0.0126208 0.0191101 0.0271741 0.0365616 0.0466434 0.0563797 0.0645721 0.0702919 0.0731684 0.0733596 0.0713209 0.0675916 0.0626835 0.0570355 0.050988 0.0447785 0.0385619 0.0324463 0.0265311 0.020936 0.015811 0.0113226 0.0076152 0.0047652
 0.00853375 0.0137747 0.0205652 0.028782 0.038111 0.0479212 0.0572265 0.0649103 0.0701284 0.0725831 0.0724822 0.0702969 0.0665455 0.0616957 0.0561414 0.0501955 0.0440881 0.0379774 0.0319746 0.0261749 0.0206881 0.0156541 0.0112333 0.00757036 0.00474581
 0.00925194 0.0149031 0.0221813 0.0309081 0.0406819 0.0507529 0.0600048 0.067235 0.0716219 0.0730194 0.0718626 0.0688287 0.0645463 0.0594833 0.0539597 0.0481921 0.0423302 0.0364831 0.0307397 0.0251876 0.0199314 0.0151038 0.0108571 0.00733028 0.00460375
 0.00925413 0.0150033 0.022509 0.0316388 0.0419865 0.0527164 0.0625535 0.0701139 0.0744411 0.0753509 0.0733492 0.0692723 0.0639486 0.0580285 0.0519445 0.0459345 0.040094 0.0344437 0.0289882 0.0237548 0.018812 0.0142719 0.0102733 0.00694694 0.00437015
 0.00894962 0.0145546 0.0219268 0.0309813 0.041367 0.0523009 0.0625398 0.0706831 0.0756824 0.0771907 0.0755305 0.0714123 0.0656562 0.0590262 0.0521416 0.045425 0.0390943 0.0332058 0.0277291 0.0226213 0.0178792 0.0135597 0.00976651 0.00661147 0.00416468
 0.00867946 0.0141161 0.0212718 0.0300754 0.0402095 0.0509519 0.061143 0.0694628 0.0749021 0.0770791 0.0762016 0.0728111 0.0675543 0.0610784 0.0539866 0.0467923 0.0398715 0.0334396 0.0275711 0.0222535 0.0174552 0.0131776 0.00947071 0.00640759 0.00403783
 0.00887319 0.0143698 0.0215392 0.0302727 0.0402347 0.0507189 0.0606152 0.0686736 0.073957 0.0761425 0.0754689 0.0724623 0.0676977 0.0617027 0.05495 0.0478634 0.0408093 0.0340755 0.0278528 0.0222358 0.0172516 0.0129054 0.00921431 0.00620891 0.0039046
 0.00885517 0.0143706 0.021592 0.0304167 0.0404918 0.0510639 0.0609598 0.0688839 0.0739061 0.075773 0.0748309 0.071705 0.0670196 0.0612826 0.0548853 0.0481381 0.0413046 0.0346209 0.0282948 0.02249 0.017316 0.012836 0.00908449 0.00607713 0.00380167
 0.00877538 0.01424 0.0213968 0.0301505 0.0401654 0.0507135 0.0606458 0.0686709 0.0738291 0.0758108 0.0749109 0.0717446 0.0669793 0.0611944 0.0548366 0.04822 0.0415584 0.0350141 0.0287383 0.0228832 0.017592 0.0129803 0.00912534 0.0060597 0.00376491
 0.00885405 0.0143381 0.0214894 0.0301958 0.0401163 0.0505367 0.0603401 0.0682739 0.0734094 0.0754462 0.0746604 0.0716269 0.0669698 0.0612465 0.0549141 0.0483197 0.041704 0.0352274 0.0290125 0.0231784 0.0178549 0.0131719 0.0092361 0.00610544 0.00377205
 0.00882918 0.0143334 0.0215455 0.030365 0.0404396 0.0510124 0.0609032 0.0688071 0.0737847 0.0755782 0.0745381 0.0713081 0.0665463 0.060803 0.0545059 0.047973 0.0414304 0.035035 0.0289043 0.0231444 0.0178698 0.013204 0.00926084 0.00611302 0.00376548
 0.0086386 0.014039 0.0211342 0.0298437 0.0398423 0.0504057 0.0603822 0.0684727 0.0737062 0.0757584 0.0749076 0.0717574 0.0669751 0.0611564 0.0547782 0.0481878 0.0416165 0.0352129 0.0290833 0.023324 0.0180413 0.0133543 0.00937807 0.00619263 0.00381154
 0.00879945 0.0142574 0.0213831 0.0300712 0.0399864 0.0504187 0.0602522 0.0682312 0.0734185 0.0755005 0.0747394 0.071701 0.0670092 0.0612305 0.0548398 0.0482068 0.0415924 0.0351663 0.0290391 0.0232992 0.0180405 0.0133717 0.00940293 0.00621538 0.00382712
 0.00867615 0.0141179 0.0212826 0.03009 0.0401976 0.0508429 0.0608277 0.0688255 0.0738815 0.0757306 0.0747212 0.0714971 0.0667166 0.060933 0.054581 0.0479913 0.0414062 0.034997 0.0288857 0.0231694 0.0179421 0.0133063 0.00936531 0.00619659 0.00381865
 0.00864581 0.0140329 0.0210939 0.0297436 0.0396647 0.0501572 0.0601028 0.0682276 0.0735606 0.0757481 0.0750254 0.071961 0.0672086 0.0613712 0.0549432 0.0482907 0.0416608 0.0352151 0.0290676 0.0233147 0.0180542 0.0133911 0.00942841 0.00624196 0.00384924
 0.00867213 0.0140759 0.0211561 0.0298197 0.0397346 0.0501811 0.0600279 0.0680119 0.0732053 0.0753169 0.0746279 0.071703 0.0671415 0.0614744 0.0551493 0.0485277 0.041882 0.035402 0.0292189 0.0234346 0.018147 0.0134609 0.00947914 0.00627739 0.00387269
 0.00864231 0.0140523 0.0211659 0.0299018 0.0399264 0.0504984 0.0604466 0.0684641 0.0735942 0.075549 0.074648 0.0715175 0.0668156 0.0611022 0.054813 0.0482698 0.0417036 0.035282 0.0291344 0.023371 0.0180981 0.0134244 0.00945397 0.00626159 0.00386385
 0.00859718 0.0139674 0.0210195 0.029673 0.0396085 0.0501149 0.0600588 0.0681585 0.0734498 0.0755992 0.0748632 0.0718197 0.0671165 0.0613426 0.0549792 0.048384 0.0417985 0.0353789 0.0292366 0.0234705 0.018185 0.0134933 0.00950414 0.0062956 0.00388538
 0.00866111 0.0140629 0.0211462 0.0298218 0.0397599 0.0502404 0.0601262 0.0681432 0.0733489 0.0754398 0.074695 0.0716912 0.0670511 0.061329 0.0549853 0.0483801 0.0417735 0.0353406 0.0291998 0.0234452 0.0181732 0.0134912 0.00950662 0.00629922 0.0038885
 0.00867894 0.0141165 0.0212709 0.0300617 0.040152 0.0507905 0.0607909 0.0688303 0.0739418 0.0758352 0.0748359 0.0715806 0.0667426 0.0609008 0.0545112 0.0479112 0.0413368 0.0349481 0.0288587 0.023162 0.017951 0.0133275 0.00939377 0.0062265 0.00384483
 0.00850459 0.0138179 0.0207978 0.0293698 0.0392268 0.0496782 0.0596161 0.0677781 0.0732016 0.0755315 0.0749859 0.0721024 0.0675002 0.0617576 0.0553646 0.0487004 0.0420332 0.0355415 0.0293482 0.0235521 0.0182508 0.013549 0.00955025 0.00633116 0.00391035
 0.00866238 0.0140664 0.0211532 0.0298325 0.0397711 0.0502431 0.0601069 0.0680889 0.0732561 0.075322 0.0745811 0.0716156 0.0670377 0.0613806 0.055083 0.0484927 0.0418712 0.0354059 0.0292307 0.0234514 0.0181679 0.0134846 0.00950364 0.00630005 0.00389137
 0.00855589 0.0139142 0.0209638 0.0296286 0.0395854 0.0501087 0.060046 0.0681043 0.0733269 0.0754086 0.0746415 0.0716263 0.0670076 0.0613455 0.0550831 0.0485502 0.0419817 0.0355461 0.0293735 0.0235773 0.0182679 0.0135581 0.00955422 0.00633289 0.00391144
 0.00848639 0.0137675 0.0206836 0.0291496 0.0388589 0.0491389 0.0589162 0.0669703 0.0723728 0.0747844 0.0744172 0.0717826 0.0674614 0.0619908 0.0558258 0.0493231 0.0427414 0.0362618 0.030019 0.0241308 0.018716 0.013899 0.00979715 0.0064944 0.00401114
 0.00881156 0.0142929 0.0214623 0.0302128 0.0401908 0.050648 0.0604228 0.0682347 0.073167 0.0749768 0.0740175 0.0709236 0.0663341 0.0607757 0.0546538 0.0482705 0.0418435 0.0355284 0.0294444 0.0236986 0.0184034 0.0136811 0.00965094 0.0064006 0.00395425
 0.00886067 0.0144149 0.0217237 0.0307005 0.040989 0.0517998 0.0618922 0.069889 0.0747932 0.0763271 0.0748728 0.0711531 0.0659306 0.0598515 0.0533961 0.0468802 0.0404862 0.0343126 0.028424 0.0228871 0.017789 0.0132383 0.00934799 0.00620487 0.00383571
 0.00865516 0.0140589 0.0211537 0.0298614 0.0398681 0.0504698 0.0605358 0.0687724 0.0741832 0.0763867 0.0755919 0.0723531 0.0673365 0.0611903 0.0544779 0.0476323 0.0409363 0.034544 0.0285279 0.022933 0.0178167 0.0132634 0.0093727 0.00622665 0.0038523
 0.00879189 0.0142835 0.0214913 0.0303246 0.0404405 0.0510893 0.0610939 0.0691446 0.0742858 0.0762274 0.0752757 0.0720292 0.0671191 0.0611043 0.0544618 0.0475874 0.0407876 0.034273 0.0281701 0.0225499 0.0174655 0.0129791 0.00916572 0.00608959 0.00376927
#obs surv len freq
 0.00496748 0.00813755 0.0123794 0.0177072 0.023995 0.0308772 0.0377273 0.0438201 0.0486024 0.0518708 0.053743 0.0545059 0.0544827 0.0539745 0.0532436 0.0525031 0.0518962 0.0514554 0.0510411 0.050284 0.0486022 0.0453656 0.0401974 0.0332665 0.0253546
 0.00518442 0.00849153 0.0129146 0.0184657 0.0250093 0.0321577 0.0392499 0.0455214 0.0503887 0.053634 0.0553754 0.0559071 0.0555616 0.0546512 0.0534544 0.0522071 0.0510819 0.050147 0.0493025 0.0482207 0.0463587 0.0431141 0.0381142 0.0314987 0.0239878
 0.00542403 0.0088823 0.013505 0.0193018 0.026126 0.0335652 0.0409194 0.0473805 0.0523314 0.0555411 0.0571334 0.0574173 0.0567412 0.0554299 0.0537711 0.0520108 0.0503382 0.0488497 0.0474883 0.0459826 0.0438502 0.0405378 0.03569 0.029417 0.0223654
 0.00566127 0.00927406 0.0141059 0.0201662 0.0272976 0.0350592 0.042706 0.0493786 0.0544212 0.0575886 0.059012 0.0590209 0.0579866 0.0562528 0.0541207 0.0518443 0.0496202 0.0475612 0.045645 0.043657 0.041188 0.0377524 0.0330287 0.0271044 0.0205472
 0.00590077 0.00966514 0.0146981 0.0210079 0.0284278 0.0364951 0.0444271 0.0513199 0.0564796 0.0596391 0.060927 0.0606843 0.0593013 0.0571442 0.0545341 0.0517391 0.0489652 0.0463371 0.0438588 0.0413669 0.0385253 0.0349252 0.0302918 0.0246997 0.0186395
 0.006138 0.0100554 0.015294 0.0218609 0.0295783 0.037956 0.0461683 0.053264 0.0585139 0.061639 0.0627753 0.0622803 0.0605618 0.0580013 0.0549334 0.051638 0.0483313 0.0451506 0.042124 0.0391335 0.0359129 0.0321307 0.0275646 0.0222845 0.0167099
 0.00639494 0.0104727 0.0159212 0.0227444 0.0307523 0.0394295 0.0479103 0.0551976 0.0605262 0.0636013 0.064565 0.0637946 0.0617226 0.0587535 0.0552386 0.0514675 0.0476618 0.043966 0.0404273 0.0369684 0.0333873 0.0294267 0.0249179 0.0199311 0.0148212
 0.00662489 0.0108543 0.0165095 0.0235945 0.0319072 0.0409012 0.0496618 0.0571388 0.0625291 0.0655279 0.066291 0.0652219 0.062781 0.059397 0.05544 0.0512117 0.0469395 0.0427731 0.038773 0.0348945 0.0309912 0.0268728 0.0224209 0.0177089 0.0130342
 0.00683698 0.0112024 0.0170398 0.024353 0.0329315 0.0422073 0.0512291 0.0589018 0.064384 0.067349 0.0679515 0.0666104 0.0638126 0.0600169 0.0556211 0.0509464 0.0462309 0.0416303 0.0372159 0.0329685 0.028787 0.0245373 0.0201447 0.0156854 0.0114064
 0.00705766 0.0115626 0.0175844 0.0251239 0.0339593 0.0434976 0.0527493 0.0605778 0.0661107 0.069011 0.0694412 0.0678373 0.0647064 0.0605283 0.0557218 0.0506272 0.0454977 0.0405003 0.0357188 0.0311557 0.0267462 0.0224012 0.0180804 0.0138602 0.0099429
 0.00727109 0.0119125 0.0181162 0.0258807 0.0349723 0.044771 0.0542463 0.0622164 0.0677764 0.070581 0.070806 0.0689138 0.0654397 0.0608885 0.0556979 0.0502217 0.044723 0.0393776 0.034281 0.029456 0.0248683 0.0204646 0.0162301 0.0122379 0.0086497
 0.0074455 0.0122001 0.0185566 0.0265132 0.0358278 0.0458593 0.0555426 0.0636563 0.0692639 0.0720061 0.0720634 0.0699162 0.0661251 0.0612221 0.0556693 0.0498389 0.0440055 0.0383526 0.0329853 0.0279422 0.0232139 0.0187751 0.0146296 0.0108444 0.00754501
 0.00750408 0.0123028 0.0187257 0.0267759 0.0362128 0.0463901 0.0562292 0.0644892 0.0702125 0.0730201 0.0730772 0.0708547 0.0669125 0.0617908 0.0559686 0.0498394 0.0436991 0.0377503 0.0321155 0.0268528 0.0219755 0.0174812 0.0133876 0.00975483 0.00667757
 0.00762351 0.0124803 0.0189625 0.0270644 0.0365416 0.0467517 0.0566243 0.0649261 0.0707004 0.073561 0.0736598 0.0714514 0.0674801 0.0622756 0.0563138 0.0499939 0.0436257 0.0374318 0.031558 0.026088 0.021061 0.0164975 0.0124271 0.00890407 0.00599653
 0.00766206 0.0125473 0.0190705 0.0272253 0.0367618 0.0470253 0.0569306 0.0652348 0.0709855 0.0738149 0.0738965 0.0716966 0.0677525 0.0625718 0.0566039 0.0502277 0.0437466 0.0373914 0.0313291 0.0256721 0.0204914 0.0158353 0.0117493 0.00828567 0.00549215
 0.00771214 0.0126186 0.0191596 0.0273244 0.0368626 0.0471249 0.057034 0.0653513 0.0711218 0.0739691 0.0740599 0.0718604 0.0679154 0.0627393 0.0567785 0.0503985 0.0438847 0.0374553 0.0312788 0.0254848 0.0201724 0.0154198 0.0112939 0.00785176 0.00512802
 0.00778656 0.012732 0.0193155 0.0275194 0.0370857 0.0473576 0.0572524 0.0655313 0.0712462 0.0740347 0.0740776 0.0718497 0.0678955 0.0627237 0.0567742 0.0504057 0.0438939 0.0374465 0.0312242 0.0253589 0.0199644 0.0151416 0.0109785 0.00754226 0.00486229
 0.00781213 0.0127742 0.0193798 0.0276108 0.0372064 0.0475048 0.0574157 0.0656931 0.0713857 0.074134 0.0741279 0.0718542 0.0678678 0.0626821 0.0567354 0.050379 0.0438793 0.037434 0.031196 0.0252949 0.0198506 0.0149781 0.0107819 0.00733999 0.00468211
 0.00785916 0.0128439 0.0194724 0.0277224 0.0373308 0.0476358 0.0575484 0.065823 0.0715067 0.0742371 0.0742021 0.0718896 0.06786 0.0626351 0.0566609 0.0502926 0.043794 0.0373554 0.0311204 0.0252121 0.0197497 0.0148546 0.0106416 0.00719754 0.00455465
 0.00787679 0.0128726 0.0195155 0.0277821 0.0374072 0.0477251 0.0576428 0.0659121 0.0715811 0.0742924 0.0742391 0.0719115 0.0678688 0.0626302 0.0566406 0.0502574 0.0437476 0.0373027 0.0310643 0.0251513 0.01968 0.0147732 0.0105506 0.00710467 0.00447036
 0.00788475 0.0128809 0.0195195 0.0277755 0.0373846 0.0476852 0.0575911 0.0658598 0.0715413 0.0742744 0.0742464 0.0719423 0.0679178 0.0626907 0.0567051 0.0503183 0.0437986 0.0373398 0.0310857 0.0251563 0.0196683 0.0147452 0.0105094 0.0070564 0.00442275
 0.00790252 0.0129059 0.0195498 0.0278061 0.037408 0.0476933 0.0575771 0.0658206 0.0714798 0.0742005 0.0741748 0.0718882 0.0678917 0.0626956 0.0567367 0.0503674 0.0438546 0.037393 0.0311289 0.0251848 0.0196803 0.0147412 0.0104923 0.00703125 0.00439541
 0.00790158 0.0129026 0.0195414 0.0277891 0.0373784 0.0476481 0.0575156 0.0657451 0.0713951 0.0741138 0.0740952 0.0718263 0.0678578 0.0626967 0.0567746 0.0504371 0.0439457 0.0374924 0.0312238 0.0252652 0.0197404 0.0147793 0.0105105 0.00703443 0.00438966
 0.0079072 0.0129103 0.0195502 0.0277967 0.0373818 0.0476436 0.0574996 0.065715 0.07135 0.0740554 0.0740283 0.0717579 0.0677971 0.0626529 0.0567554 0.0504464 0.0439823 0.0375498 0.0312917 0.0253327 0.0197981 0.0148218 0.0105368 0.00704675 0.00439243
 0.00787649 0.0128595 0.0194724 0.0276858 0.0372346 0.0474633 0.0572979 0.0655115 0.0711683 0.0739163 0.0739449 0.0717343 0.0678295 0.062733 0.056873 0.0505917 0.0441456 0.0377214 0.0314613 0.0254894 0.0199325 0.014928 0.010613 0.00709596 0.00442055
 0.00787632 0.0128518 0.0194472 0.0276295 0.0371333 0.0473088 0.0570931 0.0652722 0.0709202 0.0736892 0.0737664 0.0716241 0.0677968 0.0627759 0.0569806 0.0507479 0.0443328 0.0379228 0.031662 0.0256766 0.0200958 0.0150602 0.0107116 0.00716313 0.00446189
 0.00786691 0.0128386 0.0194309 0.0276103 0.0371096 0.0472748 0.0570383 0.0651848 0.070793 0.073526 0.0735841 0.0714495 0.0676582 0.0626955 0.0569689 0.0508028 0.0444425 0.0380698 0.0318272 0.0258424 0.0202477 0.0151882 0.0108106 0.00723292 0.00450653
 0.00783195 0.0127823 0.0193474 0.0274957 0.0369637 0.0471033 0.0568538 0.0650046 0.0706336 0.0733974 0.0734886 0.0713849 0.067624 0.062696 0.0570115 0.0508931 0.0445794 0.0382441 0.0320232 0.0260417 0.0204329 0.0153463 0.0109345 0.00732181 0.0045646
 0.00781758 0.0127551 0.0192993 0.0274173 0.0368464 0.0469436 0.0566573 0.0647868 0.0704175 0.0732076 0.0733447 0.0712978 0.0675948 0.062719 0.0570791 0.050999 0.0447192 0.0384124 0.0322111 0.0262359 0.0206183 0.0155088 0.0110651 0.00741765 0.00462851
 0.00777203 0.0126841 0.0191983 0.0272834 0.0366792 0.0467449 0.0564324 0.0645458 0.0701763 0.0729868 0.0731667 0.0711825 0.0675552 0.0627576 0.0571885 0.0511649 0.044925 0.0386424 0.0324512 0.0264725 0.0208378 0.0156993 0.0112182 0.00753059 0.00470451
 0.00774017 0.0126291 0.0191099 0.0271512 0.0364954 0.0465099 0.0561579 0.0642547 0.0698966 0.0727448 0.0729817 0.071066 0.0675132 0.0627919 0.0572961 0.0513373 0.0451479 0.0388979 0.0327201 0.0267366 0.0210812 0.0159093 0.0113866 0.00765524 0.00478892
 0.0093383 0.0148657 0.021808 0.0299224 0.0388525 0.048046 0.0566894 0.0638497 0.0687943 0.0712352 0.0713158 0.0694201 0.0659925 0.0614502 0.0561543 0.0503971 0.0443993 0.0383238 0.0322983 0.0264422 0.0208883 0.0157924 0.0113226 0.00762461 0.00477689
 0.00933409 0.0151529 0.0227582 0.0319951 0.0423944 0.0530203 0.0625043 0.0694542 0.0730503 0.0733656 0.0711613 0.0673815 0.0627558 0.0576939 0.0523807 0.0469028 0.0413247 0.0357152 0.0301538 0.0247357 0.0195799 0.0148326 0.0106546 0.0071875 0.00451035
 0.0089562 0.0145635 0.0219394 0.0310039 0.0414148 0.0523963 0.0626976 0.0708802 0.0758313 0.0771478 0.0751589 0.0706744 0.0646719 0.058042 0.0514204 0.0451286 0.0392322 0.0336651 0.0283481 0.0232549 0.0184323 0.013989 0.0100684 0.00680495 0.00427784
 0.00878552 0.01427 0.0214693 0.0303017 0.0404449 0.0511816 0.0613637 0.0696827 0.0751293 0.0773018 0.0763714 0.0728439 0.0673652 0.060636 0.0533529 0.0461107 0.0393037 0.0330932 0.0274629 0.0223254 0.0176189 0.0133564 0.009619 0.00651038 0.00409946
 0.00870965 0.0141427 0.0212691 0.0300024 0.0400173 0.0505986 0.0606133 0.0687876 0.0741713 0.0764389 0.0758269 0.0728482 0.0680542 0.0619547 0.0550334 0.0477613 0.0405696 0.0337918 0.0276195 0.0221065 0.0172267 0.0129493 0.00928377 0.00627299 0.00395014
 0.00868616 0.0140981 0.0211897 0.0298707 0.0398146 0.0503095 0.06023 0.0683117 0.0736158 0.0758346 0.0752338 0.0723672 0.0678183 0.0620883 0.0555865 0.0486584 0.0416157 0.0347469 0.0282992 0.0224475 0.0172828 0.012835 0.00911075 0.00611399 0.00383482
 0.00868277 0.0140949 0.0211886 0.0298729 0.039818 0.0503048 0.0601992 0.0682306 0.0734604 0.0755902 0.0749042 0.0719812 0.0674346 0.0617914 0.0554681 0.0487807 0.041973 0.0352538 0.0288209 0.022859 0.0175199 0.012907 0.00907419 0.00603356 0.00375603
 0.00866553 0.0140659 0.0211435 0.0298081 0.0397322 0.0502015 0.0600868 0.0681196 0.0733578 0.075494 0.0748031 0.0718613 0.0672914 0.0616405 0.0553481 0.0487432 0.0420602 0.0354724 0.0291301 0.0231849 0.0177892 0.0130783 0.00914869 0.00604101 0.00373245
 0.00866548 0.0140662 0.0211444 0.0298095 0.039733 0.0501988 0.0600763 0.0680968 0.0733199 0.0754412 0.0747374 0.071784 0.0672017 0.0615387 0.0552416 0.0486518 0.0420128 0.0354941 0.0292269 0.0233356 0.0179533 0.0132154 0.00923645 0.00608016 0.00373858
 0.00863949 0.0140306 0.0211031 0.0297702 0.0397049 0.0501888 0.0600859 0.0681214 0.0733505 0.0754671 0.0747496 0.0717773 0.0671745 0.0614929 0.0551821 0.0485876 0.0419578 0.0354657 0.0292384 0.0233883 0.0180338 0.013301 0.00930628 0.00612414 0.00375853
 0.00864383 0.0140313 0.021093 0.02974 0.0396472 0.0501039 0.059985 0.0680245 0.0732789 0.0754345 0.0747565 0.0718126 0.0672218 0.0615371 0.0552138 0.0486048 0.0419652 0.0354726 0.0292556 0.0234229 0.0180848 0.0133599 0.00936107 0.0061656 0.00378381
 0.00863581 0.014022 0.0210853 0.0297377 0.0396523 0.0501136 0.0599908 0.0680155 0.0732479 0.0753839 0.0746986 0.0717636 0.0671934 0.0615314 0.0552246 0.0486221 0.0419817 0.0354863 0.0292697 0.0234423 0.0181123 0.0133936 0.00939573 0.00619513 0.00380466
 0.0086164 0.0139912 0.0210407 0.0296784 0.0395803 0.0500344 0.0599137 0.0679508 0.0732035 0.0753614 0.0746941 0.0717712 0.0672103 0.0615581 0.0552626 0.0486706 0.0420364 0.0355418 0.0293219 0.0234901 0.0181563 0.0134342 0.00943161 0.00622433 0.00382579
 0.00862126 0.013997 0.0210455 0.029679 0.0395727 0.0500157 0.0598829 0.0679102 0.0731582 0.0753181 0.0746589 0.0717477 0.0671986 0.0615564 0.055269 0.0486841 0.0420565 0.0355674 0.029351 0.0235204 0.0181859 0.0134619 0.00945619 0.00624462 0.00384098
 0.00862241 0.0140002 0.0210524 0.0296917 0.0395923 0.0500408 0.0599091 0.0679306 0.0731656 0.0753086 0.0746334 0.0717114 0.0671589 0.06152 0.0552402 0.0486646 0.0420464 0.0355658 0.0293565 0.0235312 0.0182001 0.0134774 0.00947128 0.00625777 0.00385124
 0.00862241 0.0140002 0.0210524 0.0296917 0.0395923 0.0500408 0.0599091 0.0679306 0.0731656 0.0753086 0.0746334 0.0717114 0.0671589 0.06152 0.0552402 0.0486646 0.0420464 0.0355658 0.0293565 0.0235312 0.0182001 0.0134774 0.00947128 0.00625777 0.00385124
 0.00858798 0.0139473 0.0209788 0.0295981 0.0394828 0.0499234 0.0597953 0.0678336 0.0730975 0.0752762 0.0746365 0.0717442 0.0672129 0.0615877 0.0553157 0.0487439 0.0421262 0.0356433 0.0294291 0.0235966 0.0182567 0.0135242 0.00950785 0.00628466 0.00386962
 0.00863109 0.01401 0.0210595 0.0296901 0.0395762 0.0500074 0.0598606 0.067874 0.0731103 0.0752618 0.0745986 0.0716885 0.0671457 0.0615149 0.0552427 0.0486756 0.0420666 0.035595 0.0293931 0.0235726 0.0182428 0.0135179 0.00950667 0.00628621 0.00387213
 0.00870752 0.0141382 0.0212585 0.0299768 0.0399578 0.0504715 0.0603681 0.0683622 0.0735085 0.075513 0.0746747 0.0715938 0.0669098 0.0611802 0.0548538 0.0482719 0.041679 0.035245 0.0290935 0.0233287 0.0180543 0.0133801 0.00941184 0.00622527 0.00383584
 0.00842203 0.0136949 0.020633 0.0291671 0.0389926 0.049417 0.0593302 0.0674738 0.0728975 0.0752632 0.0748009 0.0720438 0.0675895 0.0619848 0.0556917 0.0490758 0.0424071 0.0358762 0.0296215 0.0237558 0.0183875 0.0136296 0.00958953 0.00634452 0.00391049
 0.00863961 0.0140063 0.0210222 0.0295902 0.0393865 0.0497173 0.0594879 0.0674661 0.0727322 0.0749772 0.0744515 0.0716938 0.067288 0.0617567 0.0555365 0.0489768 0.0423432 0.0358308 0.0295847 0.0237243 0.0183614 0.0136095 0.00957562 0.00633596 0.00390588
 0.00854656 0.0138881 0.0209035 0.0295098 0.0393809 0.0497977 0.0596253 0.0675982 0.0727905 0.0749206 0.0742854 0.0714653 0.0670638 0.0615951 0.0554697 0.0490062 0.0424465 0.0359749 0.0297385 0.0238655 0.0184782 0.0136988 0.00963949 0.00637876 0.00393268
 0.00839938 0.0136427 0.0205263 0.0289747 0.0386856 0.0489825 0.0587821 0.0668535 0.0722632 0.0746757 0.0743142 0.0717038 0.0674331 0.062036 0.0559525 0.0495189 0.0429781 0.0365056 0.0302407 0.0243116 0.0188488 0.0139861 0.00984713 0.0065183 0.00401954
 0.00878015 0.0142301 0.0213479 0.0300253 0.0399185 0.0503032 0.0600502 0.0679038 0.0729488 0.0749145 0.0741106 0.0711324 0.0666011 0.0610496 0.0549038 0.0484863 0.0420267 0.0356827 0.0295709 0.0237958 0.0184707 0.0137211 0.00966948 0.00640499 0.00395144
 0.00886346 0.0144091 0.0216957 0.0306308 0.0408571 0.0515929 0.0616147 0.0695689 0.0744815 0.0760877 0.0747633 0.0712037 0.0661303 0.0601507 0.0537264 0.0471808 0.0407211 0.0344731 0.0285203 0.0229362 0.0178068 0.0132371 0.00933666 0.00618996 0.00382161
 0.00851946 0.0138638 0.0209073 0.0295872 0.0395982 0.0502338 0.0603522 0.0686477 0.0741169 0.0763787 0.0756461 0.0724766 0.0675323 0.0614491 0.0547738 0.0479267 0.0411904 0.0347314 0.0286418 0.0229836 0.0178231 0.0132451 0.00934508 0.00619943 0.00383031
 0.00879121 0.0142513 0.021388 0.0301011 0.040059 0.0505529 0.0604649 0.0685365 0.0738247 0.0760049 0.0753184 0.0723005 0.0675446 0.0616026 0.0549646 0.0480465 0.0411722 0.034567 0.0283705 0.0226663 0.0175163 0.012987 0.00915133 0.00606815 0.00374953
#pred catch len freq
 0.00359849 0.00585507 0.00885569 0.0126474 0.017255 0.0226211 0.0285422 0.034674 0.04061 0.0459714 0.0504613 0.0538975 0.0562322 0.057547 0.0580171 0.0578677 0.05734 0.056653 0.0559237 0.0550412 0.0535662 0.0507944 0.0460636 0.039195 0.0307698
 0.0039698 0.00639923 0.00956739 0.0134918 0.0181887 0.0236197 0.0296124 0.0358367 0.041863 0.0472574 0.0516682 0.0548949 0.056924 0.0579077 0.0580903 0.0577288 0.0570429 0.0561875 0.0552069 0.0539546 0.0520289 0.0488371 0.0438567 0.0370048 0.0288605
 0.00414719 0.00672894 0.010136 0.0143951 0.0194971 0.0253321 0.0316262 0.0379637 0.0438931 0.0490297 0.0531032 0.0559723 0.0576381 0.058244 0.0580365 0.0572971 0.0562727 0.0551195 0.0538509 0.0522846 0.0500221 0.0465362 0.0414097 0.0346431 0.0268207
 0.00433238 0.00701716 0.0105521 0.0149702 0.0202818 0.0264046 0.0330774 0.0398511 0.0461796 0.051547 0.0555762 0.0581026 0.0591993 0.0591315 0.0582548 0.0569114 0.055365 0.053764 0.0521046 0.0501898 0.0476275 0.043933 0.0387583 0.0321582 0.0247105
 0.00456219 0.00738832 0.0111055 0.0157409 0.0212925 0.0276584 0.0345551 0.0415201 0.0480083 0.0535076 0.0576205 0.0601245 0.0610193 0.06053 0.0590393 0.0569751 0.0547018 0.0524411 0.0502224 0.0478578 0.0449665 0.0410949 0.035938 0.0295746 0.0225553
 0.0048413 0.00783651 0.0117708 0.016667 0.0225142 0.029191 0.0363801 0.0435733 0.0501829 0.0556731 0.0596511 0.0619196 0.0625029 0.0616301 0.0596674 0.0570291 0.0540955 0.0511402 0.0482631 0.0453442 0.04206 0.0380045 0.0329059 0.0268427 0.0203134
 0.00509552 0.00825242 0.0124026 0.0175693 0.0237349 0.0307576 0.0382823 0.0457513 0.052527 0.0580367 0.0618714 0.0638419 0.0640042 0.0626305 0.0601236 0.0569138 0.05338 0.0497983 0.0462967 0.0428149 0.0391094 0.0348511 0.0298156 0.0240758 0.0180632
 0.00529244 0.00857609 0.012898 0.0182855 0.0247207 0.0320528 0.0399027 0.0476739 0.0546811 0.0603046 0.0640988 0.0658592 0.0656521 0.0637845 0.0607055 0.0568877 0.0527371 0.048544 0.0444528 0.0404406 0.0363287 0.0318649 0.0268797 0.0214463 0.0159302
 0.00551463 0.00892205 0.0133921 0.018945 0.0255601 0.0330868 0.0411446 0.0491265 0.0563248 0.0620874 0.0659323 0.0676227 0.0672073 0.0649943 0.0614541 0.057093 0.0523546 0.0475636 0.042897 0.038373 0.0338697 0.0292006 0.0242456 0.0190796 0.0140084
 0.00571309 0.00924853 0.0138897 0.019654 0.0265076 0.0342722 0.0425282 0.0506324 0.057861 0.0635716 0.0673069 0.06885 0.0682514 0.0658054 0.061964 0.0572244 0.0520366 0.0467486 0.041575 0.0365845 0.031718 0.0268534 0.0219162 0.0169826 0.0123045
 0.00598162 0.0096767 0.0145197 0.0205229 0.0276435 0.035687 0.0442025 0.0525008 0.0598066 0.0654387 0.0689314 0.0700984 0.0690504 0.066147 0.0618825 0.0567611 0.0512143 0.0455682 0.0400341 0.0347069 0.029579 0.0245903 0.0197111 0.0150211 0.0107241
 0.00615704 0.00996453 0.0149585 0.0211521 0.0284983 0.0367885 0.0455458 0.0540464 0.0614794 0.067133 0.0705204 0.0714476 0.0700389 0.0666912 0.0619517 0.0563751 0.0504223 0.044424 0.038584 0.0329983 0.027683 0.0226179 0.0178088 0.0133391 0.00937391
 0.00624404 0.0101134 0.0151975 0.021515 0.0290212 0.037502 0.046465 0.0551614 0.0627507 0.0684921 0.0718748 0.072691 0.0710632 0.0674014 0.0622794 0.0562878 0.0499258 0.0435549 0.0373989 0.0315665 0.0260891 0.0209683 0.0162276 0.011948 0.00826105
 0.00635303 0.0102835 0.0154412 0.0218426 0.0294426 0.0380288 0.047109 0.0559286 0.0636329 0.0694601 0.0728764 0.0736548 0.0719087 0.0680491 0.0626611 0.0563542 0.0496529 0.0429474 0.0364901 0.0304165 0.0247816 0.0196062 0.0149234 0.0108049 0.00735047
 0.00646809 0.0104568 0.015677 0.0221367 0.0297858 0.038412 0.0475267 0.0563797 0.0641196 0.0699846 0.0734355 0.0742335 0.0724754 0.0685552 0.0630468 0.0565586 0.0496253 0.0426583 0.0359387 0.0296349 0.0238335 0.0185807 0.0139207 0.00991654 0.00663927
 0.00645509 0.0104489 0.0156891 0.0221894 0.0298986 0.0385935 0.0477685 0.0566591 0.0644114 0.0702745 0.0737266 0.0745407 0.0728112 0.068916 0.063405 0.0568651 0.0498202 0.0426858 0.0357633 0.0292527 0.0232775 0.0179159 0.0132304 0.00928205 0.00611965
 0.00649142 0.0104944 0.0157339 0.0222198 0.0299056 0.0385831 0.0477664 0.0567027 0.0645314 0.0704775 0.0739912 0.074831 0.0730958 0.0691794 0.0636434 0.0570728 0.0499779 0.0427602 0.0357177 0.0290641 0.0229502 0.0174856 0.0127562 0.00882886 0.00573879
