SBPRF35
7.78865
Curr Bio
582726
B35
684831
F35
0.227031
FOFL
0.198907
OFL
90997.6
Bzero
2.22533e+06
#pred survey bio
 4.5101e+06 4.19761e+06 3.92017e+06 3.60277e+06 3.28306e+06 2.96242e+06 2.67424e+06 2.36101e+06 2.12862e+06 1.88787e+06 1.66117e+06 1.45161e+06 1.27741e+06 1.106e+06 984911 887401 803436 741377 696589 652285 635967 622562 603911 586981 578499 567363 562750 561470 560634 555678 559814 556614 550150 549502 541832 535418 515967 515845 516236 526993 530947 533770 540458 548294 543807 544504 543827 542273 548986 555098 567397 559524 553487 563870 543226 543700 565079 580720 2.10689e+07 1.30566e+07 1.35258e+07 1.41355e+07 1.47906e+07 1.53972e+07 1.59111e+07 1.63224e+07 1.66394e+07 1.68777e+07 1.70542e+07 1.71837e+07 1.72785e+07 1.73478e+07 1.73987e+07 1.74362e+07 1.7464e+07 1.74847e+07 1.75002e+07 1.75119e+07 1.75207e+07 1.75274e+07 1.75325e+07 1.75364e+07 1.75394e+07 1.75417e+07 1.75434e+07 1.75448e+07 1.75458e+07 1.75466e+07 1.75472e+07 1.75477e+07 1.75481e+07 1.75484e+07 1.75486e+07 1.75488e+07 1.75489e+07 1.7549e+07 1.75491e+07 1.75491e+07 1.75492e+07 1.75492e+07 1.75492e+07 1.75493e+07 1.75493e+07 1.75493e+07 1.75493e+07 1.75493e+07 1.75493e+07 1.75493e+07 1.75493e+07 1.75493e+07 1.75493e+07 1.75493e+07 1.75493e+07 1.75493e+07 1.75493e+07 1.75493e+07 1.75493e+07 1.75493e+07 1.75493e+07 1.75493e+07 1.75493e+07 1.75493e+07 1.75493e+07 1.75493e+07 1.75493e+07 1.75493e+07 1.75493e+07 1.75493e+07 1.75493e+07 1.75493e+07 1.75493e+07 1.75493e+07 1.75493e+07 1.75493e+07 1.75493e+07 1.75493e+07 1.75493e+07 1.75493e+07 1.75493e+07 1.75493e+07 1.75493e+07 1.75493e+07 1.75493e+07 1.75493e+07 1.75493e+07 1.75493e+07 1.75493e+07 1.75493e+07 1.75493e+07 1.75493e+07 1.75493e+07 1.75493e+07 1.75493e+07 1.75493e+07 1.75493e+07 1.75493e+07 1.75493e+07 1.75493e+07 0 0 0 0 0 0 0 0 0 0 0 0 0 0 0 0 0 0 0 0 0 0 0 0 0
#obs survey bio
 4.37712e+06 2.73035e+06 3.58973e+06 2.44549e+06 2.75883e+06 1.69793e+06 2.69048e+06 1.83645e+06 2.28284e+06 1.0621e+06 1.48075e+06 1.63741e+06 1.67101e+06 1.16199e+06 885325 794764 672938 639489 705395 664237 440204 649818 555614 578003 532884 615039 400158 416918 531649 646850 480252 516561 526453 467076 513866 593045 374295 429927 622084 561068 878158 546245 517920 467794 382882 614625 644678 493572 763476 352933 473542 679607 742742 560743 441799 599374 450478 673679
#pred catch bio
 99225.5 92430.3 160636 198404 237488 245518 303102 259994 292051 299045 297180 273492 274355 231866 212437 200867 181025 163403 157940 129539 123981 125141 120413 110924 111231 103980 99940.1 98432.8 100357 91291.5 96375.8 97184.6 89768.3 92756.1 88243.9 97535 83571.1 87721 81798.1 87979.2 87707.5 84075.1 84155.5 95562.5 91873 93798.8 94991 88418.2 89468.8 85496.6 103603 101953 88439.9 115084 98590.1 85427 95916.9 95731.7 90997.6 105412 108246 112065 116528 120719 124195 126870 128828 130209 131157 131793 132213 132487 132664 132777 132848 132894 132922 132940 132951 132958 132963 132966 132967 132968 132969 132969 132970 132970 132970 132970 132970 132970 132970 132970 132970 132970 132970 132970 132970 132970 132970 132970 132970 132970 132970 132970 132970 132970 132970 132970 132970 132970 132970 132970 132970 132970 132970 132970 132970 132970 132970 132970 132970 132970 132970 132970 132970 132970 132970 132970 132970 132970 132970 132970 132970 132970 132970 132970 132970 132970 132970 132970 132970 132970 132970 132970 132970 132970 132970 132970 132970 132970 132970 132970 132970 132970 132970 132970 0 0 0 0 0 0 0 0 0 0 0 0 0 0 0 0 0 0 0 0 0 0 0 0 0
#obs catch bio
 0 92026 161077 198908 238987 248162 309176 264246 298169 307188 306122 280181 280756 236322 217097 204776 185704 167719 161604 131095 125447 126642 121328 111842 112128 104748 100748 99208.6 101163 91554.3 96868.1 98028.4 90134.2 93230.1 88403.5 97710.6 83461.9 87652.8 81420.3 87855.8 86838 82904.4 83312.5 95071.8 91436.3 93361.8 94723.4 88248.6 88961.9 85065.1 103436 101986 87550.6 114739 98265.5 84867.6 95866.3 95702.1
#pred cpue bio
 4.43712e+06 4.12759e+06 3.852e+06 3.53548e+06 3.21684e+06 2.897e+06 2.60952e+06 2.29806e+06 2.06685e+06 1.82792e+06 1.6034e+06 1.39675e+06 1.22561e+06 1.05754e+06 938589 842800 760417 699864 656973 615069 600042 587581 570015 554009 546055 535548 531351 530362 529836 525405 529726 526880 521058 521080 514382 508871 489660 487937 487087 497449 501940 505271 511719 518926 514263 514707 513925 512341 518890 524845 536517 528596 522668 532769 512441 512021 531684 545780 1.98068e+07 1.2293e+07 1.27201e+07 1.32696e+07 1.39017e+07 1.45029e+07 1.50158e+07 1.5427e+07 1.57439e+07 1.59822e+07 1.61587e+07 1.62882e+07 1.6383e+07 1.64524e+07 1.65033e+07 1.65408e+07 1.65686e+07 1.65893e+07 1.66048e+07 1.66164e+07 1.66252e+07 1.66319e+07 1.6637e+07 1.66409e+07 1.66439e+07 1.66462e+07 1.6648e+07 1.66493e+07 1.66503e+07 1.66511e+07 1.66518e+07 1.66522e+07 1.66526e+07 1.66529e+07 1.66531e+07 1.66533e+07 1.66534e+07 1.66535e+07 1.66536e+07 1.66537e+07 1.66537e+07 1.66538e+07 1.66538e+07 1.66538e+07 1.66538e+07 1.66538e+07 1.66538e+07 1.66539e+07 1.66539e+07 1.66539e+07 1.66539e+07 1.66539e+07 1.66539e+07 1.66539e+07 1.66539e+07 1.66539e+07 1.66539e+07 1.66539e+07 1.66539e+07 1.66539e+07 1.66539e+07 1.66539e+07 1.66539e+07 1.66539e+07 1.66539e+07 1.66539e+07 1.66539e+07 1.66539e+07 1.66539e+07 1.66539e+07 1.66539e+07 1.66539e+07 1.66539e+07 1.66539e+07 1.66539e+07 1.66539e+07 1.66539e+07 1.66539e+07 1.66539e+07 1.66539e+07 1.66539e+07 1.66539e+07 1.66539e+07 1.66539e+07 1.66539e+07 1.66539e+07 1.66539e+07 1.66539e+07 1.66539e+07 1.66539e+07 1.66539e+07 1.66539e+07 1.66539e+07 1.66539e+07 1.66539e+07 1.66539e+07 1.66539e+07 1.66539e+07 1.66539e+07 1.66539e+07 0 0 0 0 0 0 0 0 0 0 0 0 0 0 0 0 0 0 0 0 0 0 0 0 0
#obs cpue bio
 3.64079e+06 5.40109e+06 4.78311e+06 3.00598e+06 2.38577e+06 1.63866e+06 1.98834e+06 1.83334e+06 1.91019e+06 1.7242e+06 1.29799e+06 1.22523e+06 972466 785804 676972 856014 437536 499126 623028 661661 736507 503473 698808 429859 577590 425992 615326 631702 543227 506484 550854 410720 609739 602254 577716 579949 668314 688578 499523 428012 650926 805016 431886 512179 686401 503095 418440 502965 583546 707535 642550 380135 707320 477637 575315 571314 512177 431809
#pred surv len freq
 0.0045631 0.00736368 0.0110061 0.0154664 0.0206661 0.026411 0.0323459 0.0380153 0.0430162 0.047121 0.05029 0.0526092 0.0542229 0.0552867 0.0559332 0.0562508 0.0562826 0.0560276 0.0554145 0.0542378 0.0521105 0.0485324 0.0431297 0.0359707 0.0277266
 0.0049365 0.0078868 0.0116424 0.016141 0.0213011 0.0269742 0.0328753 0.0385959 0.0437145 0.0479188 0.0510659 0.0531825 0.0544356 0.0550762 0.055359 0.0554667 0.0554709 0.0553251 0.0548611 0.0537723 0.0516172 0.0479156 0.0423728 0.0351449 0.0269478
 0.00510809 0.00820149 0.0121763 0.0169714 0.0224713 0.0284483 0.0345167 0.0401984 0.0450822 0.0489459 0.0517553 0.0535922 0.0546002 0.0549717 0.0549335 0.0547044 0.0544318 0.054129 0.0536302 0.0525767 0.0504617 0.0467744 0.0412419 0.0340698 0.026007
 0.00537953 0.00861729 0.0127594 0.017739 0.0234461 0.0296675 0.0360199 0.0419897 0.0470853 0.0509848 0.0535902 0.0549979 0.0554387 0.0552112 0.0546137 0.05389 0.0531939 0.0525548 0.0518292 0.0506658 0.048542 0.0449237 0.0395275 0.0325617 0.0247712
 0.00569875 0.00912322 0.0134957 0.0187359 0.0247141 0.0311909 0.0377535 0.0438659 0.0490284 0.052921 0.0554361 0.056639 0.056724 0.0559824 0.054754 0.0533586 0.0520276 0.0508472 0.049709 0.048282 0.0460532 0.042487 0.037288 0.0306394 0.0232451
 0.00596429 0.00955986 0.0141625 0.0196921 0.0260086 0.0328443 0.0397382 0.0460962 0.0513704 0.0552193 0.0575439 0.0584356 0.0581139 0.0568812 0.0550782 0.053034 0.0510143 0.0491646 0.0474463 0.0455925 0.0431367 0.0395669 0.0345817 0.0283249 0.0214295
 0.00618541 0.00991729 0.0146985 0.0204497 0.0270299 0.0341642 0.041372 0.0480243 0.0535278 0.0574928 0.0597826 0.0604721 0.0597915 0.0580736 0.0556943 0.0530099 0.0503083 0.047766 0.0453973 0.043008 0.0402086 0.0365437 0.0317264 0.0258612 0.0194949
 0.00649804 0.010414 0.0154253 0.0214438 0.0283162 0.0357488 0.0432334 0.0501075 0.0557473 0.0597421 0.0619429 0.0624177 0.0613948 0.0592146 0.0562713 0.0529475 0.0495603 0.0463189 0.043282 0.0403203 0.0371257 0.0333177 0.0286446 0.0231816 0.0173836
 0.00674301 0.0108028 0.0159937 0.022221 0.029323 0.0369933 0.0447038 0.0517668 0.0575343 0.0615783 0.0637412 0.0640875 0.0628437 0.0603482 0.0569939 0.053167 0.0491971 0.0453203 0.0416413 0.0380985 0.0344689 0.0304539 0.0258487 0.0207124 0.0154174
 0.00696768 0.0111775 0.0165749 0.0230671 0.0304817 0.0384825 0.0464922 0.0537681 0.0596207 0.0636076 0.065583 0.0656392 0.0640343 0.0611326 0.0573414 0.0530485 0.0485785 0.0441678 0.039942 0.0358901 0.0318667 0.0276575 0.023113 0.0182869 0.0134783
 0.00712248 0.0114426 0.0170004 0.0237121 0.0314068 0.0397341 0.0480822 0.0556574 0.0617129 0.0657575 0.0676175 0.067388 0.0653615 0.061956 0.0576327 0.0528153 0.0478411 0.0429442 0.0382515 0.0337766 0.0294283 0.0250617 0.0205803 0.0160394 0.0116773
 0.00732352 0.0117622 0.0174696 0.0243593 0.0322585 0.0408128 0.0493999 0.0572039 0.0634454 0.0675941 0.0694382 0.0690472 0.0667096 0.0628671 0.0580257 0.0526616 0.047155 0.0417661 0.0366356 0.0317939 0.0271826 0.0227037 0.0182986 0.0140227 0.0100632
 0.00757161 0.0121484 0.0180193 0.0250856 0.0331622 0.0418824 0.0506102 0.0585153 0.0648081 0.0689537 0.0707386 0.0702267 0.0676963 0.0635797 0.0583838 0.0526014 0.0466432 0.0408058 0.0352647 0.0300836 0.0252387 0.0206679 0.0163365 0.0122942 0.00868213
 0.0079738 0.0127757 0.0189133 0.0262655 0.0346204 0.0435787 0.0524647 0.0604094 0.0665992 0.0705041 0.071943 0.0710273 0.068081 0.0635668 0.0580033 0.0518792 0.0455975 0.0394537 0.0336354 0.0282315 0.0232522 0.0186684 0.0144643 0.0106795 0.00741192
 0.00827655 0.0132531 0.019604 0.0271955 0.0357978 0.0449869 0.054053 0.0620882 0.0682486 0.0719923 0.0731497 0.0718628 0.0684974 0.0635605 0.0576062 0.0511423 0.0445738 0.0381887 0.03217 0.026614 0.021552 0.0169807 0.0128998 0.00934081 0.00636544
 0.00854616 0.0136785 0.0202205 0.0280273 0.0368548 0.0462581 0.0554982 0.0636331 0.0697892 0.0734094 0.0743269 0.0727028 0.068935 0.0635709 0.0572049 0.0503782 0.0435147 0.0369069 0.0307332 0.0250865 0.0200021 0.0154867 0.0115463 0.00820248 0.0054871
 0.00864174 0.0138589 0.0205377 0.0285446 0.0376307 0.0473219 0.0568269 0.0651446 0.0713569 0.0748896 0.0755854 0.0736331 0.0694674 0.0636753 0.0568909 0.049689 0.0425178 0.0356829 0.0293653 0.0236547 0.0185826 0.0141533 0.0103673 0.00723133 0.00475028
 0.00854131 0.0137227 0.0203856 0.0284187 0.037593 0.0474449 0.0571795 0.065773 0.0722638 0.0760196 0.0768259 0.0748362 0.0704855 0.0643937 0.0572451 0.0496664 0.0421485 0.0350263 0.0284986 0.022662 0.0175483 0.0131567 0.00947643 0.00649548 0.00419268
 0.00843954 0.0135571 0.020138 0.0280778 0.0371634 0.0469597 0.0567081 0.0654171 0.072135 0.076205 0.0773563 0.07567 0.0715141 0.0654676 0.0582102 0.0503987 0.0425762 0.0351343 0.0283196 0.0222618 0.0170092 0.0125636 0.00890519 0.00600277 0.00380979
 0.00862787 0.0138162 0.0204402 0.0283663 0.0373664 0.0470143 0.0565838 0.0651281 0.07174 0.0757963 0.0770399 0.0755378 0.0716159 0.0657916 0.0586842 0.0509119 0.0430129 0.0354064 0.0283854 0.0221286 0.0167229 0.0121906 0.00851422 0.0056497 0.00352843
 0.00864452 0.0138439 0.0204809 0.0284158 0.0374082 0.0470137 0.0564899 0.0648893 0.0713316 0.0752466 0.0764376 0.0750117 0.0712934 0.065756 0.0589476 0.0514133 0.0436395 0.0360289 0.0288951 0.022462 0.0168693 0.0121827 0.00840798 0.00550341 0.003387
 0.00858685 0.0137612 0.0203771 0.0283023 0.0373006 0.0469259 0.0564272 0.064843 0.0712768 0.0751492 0.0762701 0.0747743 0.0710269 0.0655352 0.0588537 0.0514979 0.0439006 0.0364103 0.029309 0.0228226 0.0171206 0.0123101 0.00843227 0.00546369 0.00332246
 0.00866085 0.0138621 0.0204934 0.0284127 0.0373814 0.0469625 0.0564215 0.0648113 0.0712386 0.0751129 0.0762259 0.0746986 0.0708984 0.0653533 0.0586479 0.0513203 0.0438026 0.0364175 0.0294083 0.0229698 0.0172629 0.012409 0.00847491 0.00546005 0.00329337
 0.00872163 0.0139586 0.0206332 0.0285979 0.0376044 0.0472024 0.0566435 0.0649742 0.0713098 0.0750825 0.0761094 0.0745263 0.0706989 0.0651433 0.0584355 0.0511159 0.0436253 0.0362907 0.0293465 0.0229684 0.0172991 0.0124534 0.0085054 0.00546886 0.00328498
 0.00869754 0.0139222 0.0205838 0.0285378 0.0375392 0.0471405 0.0565948 0.0649463 0.0713037 0.0750908 0.0761198 0.0745287 0.0706911 0.065131 0.0584267 0.0511159 0.0436366 0.0363156 0.0293882 0.0230273 0.0173692 0.0125228 0.00856196 0.00550564 0.00330267
 0.00872221 0.0139567 0.0206254 0.0285803 0.0375754 0.0471645 0.0566047 0.0649448 0.0712965 0.0750831 0.0761132 0.0745202 0.0706746 0.0651012 0.0583833 0.0510641 0.0435853 0.0362738 0.0293624 0.0230204 0.0173793 0.0125437 0.00858549 0.0055249 0.00331449
 0.0087267 0.0139583 0.0206171 0.0285521 0.0375161 0.0470663 0.0564672 0.0647776 0.0711184 0.0749191 0.0759889 0.0744549 0.0706759 0.065163 0.0584882 0.051191 0.0437156 0.0363958 0.0294714 0.0231159 0.0174617 0.012613 0.00864043 0.00556488 0.00334043
 0.0086629 0.0138648 0.0204952 0.0284085 0.0373597 0.046904 0.0563013 0.0646075 0.0709463 0.0747544 0.0758497 0.0743643 0.0706542 0.0652203 0.0586202 0.0513798 0.0439356 0.0366211 0.0296814 0.0232981 0.0176112 0.0127296 0.00872661 0.00562456 0.00337855
 0.00856878 0.0137208 0.0202959 0.0281559 0.0370648 0.0465856 0.0559855 0.0643241 0.070722 0.074606 0.0757814 0.0743709 0.070728 0.0653553 0.0588114 0.0516189 0.0442081 0.0369064 0.0299573 0.0235455 0.0178179 0.012891 0.00884449 0.00570482 0.00342914
 0.00862081 0.0137846 0.0203535 0.0281785 0.0370208 0.0464545 0.0557684 0.0640461 0.070424 0.0743316 0.0755646 0.0742304 0.0706671 0.0653668 0.0588836 0.05174 0.0443668 0.0370905 0.0301518 0.0237345 0.0179869 0.01303 0.00894983 0.00577826 0.00347614
 0.00854096 0.0136687 0.0202037 0.0280027 0.0368259 0.0462394 0.0555217 0.0637538 0.0700848 0.0739692 0.0752283 0.0739802 0.0705516 0.0654061 0.0590664 0.0520323 0.0447254 0.0374744 0.0305277 0.0240774 0.01828 0.0132644 0.00912426 0.00589839 0.00355224
 0.00836493 0.0134165 0.0198875 0.0276564 0.0364968 0.0459731 0.0553476 0.0636775 0.0700872 0.0740142 0.0752764 0.0740053 0.0705532 0.0654086 0.0591045 0.0521326 0.0448949 0.0376998 0.0307835 0.0243353 0.018516 0.0134624 0.00927703 0.00600658 0.00362232
 0.00828237 0.0132748 0.0196626 0.0273265 0.0360547 0.0454398 0.0547818 0.0631666 0.0697206 0.0738488 0.0753161 0.0742048 0.0708428 0.0657244 0.0594088 0.052417 0.0451692 0.0379755 0.0310624 0.0246079 0.0187664 0.0136754 0.00944383 0.00612623 0.00370064
 0.00808063 0.0129719 0.0192523 0.0268169 0.0354619 0.0447818 0.0540775 0.0624459 0.0690358 0.0732781 0.074948 0.0741086 0.0710392 0.0661755 0.0600337 0.0531229 0.0458792 0.0386413 0.0316603 0.0251275 0.019202 0.0140239 0.0097062 0.00630992 0.00381904
 0.00801852 0.0128602 0.0190653 0.026527 0.0350492 0.0442472 0.0534516 0.0617851 0.0684063 0.0727376 0.0745382 0.0738599 0.0709766 0.066315 0.06037 0.0536209 0.046479 0.0392748 0.0322691 0.0256719 0.0196608 0.0143896 0.00998064 0.00650213 0.00394343
 0.00864118 0.0137252 0.0200938 0.0275515 0.0358575 0.0446551 0.0533659 0.0612242 0.0674796 0.0716027 0.0733599 0.0727791 0.0700933 0.0656842 0.060007 0.0535097 0.0465791 0.0395281 0.0326098 0.0260385 0.0200056 0.0146827 0.0102091 0.00666599 0.00405133
 0.0093935 0.014905 0.0217793 0.0297612 0.0385174 0.0475666 0.0561949 0.0635485 0.0689024 0.0718884 0.072513 0.071024 0.0677761 0.0631597 0.0575615 0.0513318 0.0447658 0.0381048 0.0315526 0.0252941 0.0195087 0.0143688 0.0100222 0.00656194 0.00399773
 0.00923289 0.0147536 0.021755 0.0300433 0.0393014 0.0489863 0.0582467 0.0660529 0.0715235 0.0742056 0.0741265 0.0716646 0.0673815 0.061882 0.0557014 0.0492338 0.0427246 0.0363157 0.0301074 0.0242047 0.0187372 0.0138543 0.00969943 0.00637206 0.00389355
 0.00891569 0.0142761 0.0211153 0.0292847 0.0385267 0.0483641 0.057997 0.0663973 0.0725982 0.0759725 0.0763373 0.0739139 0.0692326 0.0630086 0.0559806 0.0487559 0.0417276 0.0350855 0.0288897 0.0231581 0.0179294 0.0132847 0.00932921 0.00614953 0.00376988
 0.00853801 0.0136908 0.0202893 0.0282109 0.037231 0.0469156 0.056522 0.0650859 0.0716873 0.075695 0.0768461 0.0752078 0.0711227 0.0651534 0.0579891 0.0503138 0.0426865 0.0354768 0.0288688 0.0229183 0.0176317 0.0130259 0.00914541 0.00603758 0.00371031
 0.00852019 0.013624 0.0201192 0.0278649 0.0366376 0.0460361 0.0553795 0.0637768 0.0703697 0.074562 0.0760942 0.0749988 0.0715396 0.0661597 0.0594147 0.0518922 0.0441366 0.0365934 0.0295757 0.0232612 0.0177258 0.0129936 0.00907591 0.0059769 0.00367171
 0.00877366 0.0139842 0.0205622 0.0283275 0.0370245 0.0462375 0.0552942 0.0633367 0.0695661 0.0734658 0.0748574 0.0738292 0.0706509 0.065714 0.0594754 0.0524026 0.044937 0.0374747 0.0303506 0.0238203 0.0180521 0.0131373 0.00911061 0.00596505 0.00365037
 0.00884667 0.0141196 0.0207938 0.0286893 0.0375318 0.0468626 0.0559493 0.0638815 0.069845 0.073362 0.0743383 0.0729643 0.0695977 0.0646766 0.0586488 0.0519177 0.0448253 0.0376672 0.0307133 0.0242101 0.0183671 0.0133376 0.0092083 0.0059962 0.0036503
 0.00880142 0.0140595 0.0207301 0.0286456 0.0375434 0.0469707 0.0561887 0.0642621 0.0703319 0.0738662 0.0747318 0.0731223 0.0694507 0.0642456 0.0580428 0.0512941 0.0443307 0.0373868 0.0306501 0.0243014 0.0185241 0.0134867 0.00931196 0.00605086 0.00367059
 0.00884963 0.0141368 0.0208449 0.0288057 0.0377566 0.0472436 0.0565255 0.0646621 0.0707846 0.0743451 0.0751873 0.0734805 0.0696263 0.0641705 0.0576994 0.050734 0.0436635 0.0367412 0.0301274 0.0239454 0.0183211 0.0133898 0.009271 0.00603134 0.00365682
 0.00882663 0.0141051 0.0208081 0.0287715 0.0377357 0.0472482 0.0565675 0.0647518 0.0709306 0.0745519 0.0754509 0.0737821 0.0699276 0.0644158 0.0578293 0.0507082 0.0434821 0.0364497 0.0297995 0.023652 0.0181046 0.0132563 0.00920164 0.00600005 0.00364325
 0.00882755 0.0141058 0.0208078 0.0287699 0.0377337 0.0472493 0.0565784 0.0647815 0.070988 0.0746428 0.0755765 0.073938 0.0701024 0.0645896 0.057973 0.0507884 0.0434726 0.0363451 0.0296216 0.0234428 0.0179085 0.013103 0.00909962 0.00594118 0.00361305
 0.0087795 0.0140408 0.0207343 0.0287033 0.037692 0.0472456 0.0566157 0.0648524 0.0710799 0.0747444 0.0756814 0.0740448 0.0702113 0.0646983 0.0580739 0.0508673 0.043512 0.0363309 0.0295513 0.0233296 0.0177773 0.0129803 0.00900302 0.00587601 0.00357479
 0.00881564 0.0140725 0.0207331 0.0286293 0.0375085 0.0469399 0.0562141 0.0644185 0.070693 0.0744719 0.0755596 0.0740761 0.0703734 0.0649564 0.0583892 0.0512016 0.0438297 0.0366023 0.0297568 0.0234634 0.017848 0.0130061 0.0090045 0.0058689 0.00356771
 0.00894028 0.0142571 0.0209754 0.0289106 0.037792 0.0471741 0.0563406 0.0643872 0.0704832 0.0741086 0.0751129 0.0736378 0.0700248 0.0647433 0.0583161 0.051242 0.0439423 0.0367445 0.0298933 0.0235711 0.0179179 0.0130413 0.00901516 0.00586681 0.00356174
 0.00883938 0.0141248 0.0208344 0.0287998 0.0377535 0.0472327 0.0564872 0.0645768 0.0706492 0.0741881 0.0750707 0.0734805 0.0697986 0.064516 0.058151 0.0511762 0.0439781 0.0368563 0.0300427 0.0237216 0.0180441 0.0131323 0.0090721 0.00589771 0.00357621
 0.00878928 0.0140637 0.0207813 0.0287886 0.037828 0.0474357 0.0568461 0.0650886 0.0712696 0.0748302 0.0756201 0.0738273 0.0698744 0.0643187 0.0577431 0.0506582 0.0434518 0.0363954 0.0296813 0.02346 0.017864 0.0130107 0.00899022 0.00584296 0.00354073
 0.00887575 0.0141748 0.0208958 0.0288721 0.0378485 0.047384 0.0567505 0.065011 0.0712815 0.0749801 0.0759077 0.0741983 0.0702376 0.0645787 0.0578353 0.0505701 0.0432222 0.0360923 0.0293733 0.0231946 0.017661 0.0128686 0.00889673 0.00578412 0.00350511
 0.00895877 0.0142861 0.0210178 0.0289705 0.0378765 0.0472948 0.0565129 0.0646249 0.0707905 0.074471 0.0754922 0.0739768 0.0702594 0.0648212 0.0582152 0.0509799 0.0435727 0.0363387 0.0295161 0.0232621 0.017687 0.0128778 0.00890139 0.00578788 0.00350806
 0.00936717 0.0149172 0.0219039 0.030113 0.0392385 0.0487939 0.0580163 0.0659585 0.0717703 0.074952 0.0754139 0.0733815 0.0692774 0.0636268 0.0569737 0.0498077 0.0425255 0.0354276 0.0287338 0.0226029 0.017151 0.0124651 0.00860479 0.00559057 0.00338719
 0.009619 0.0153008 0.0224338 0.0307861 0.0400372 0.0496893 0.0589672 0.0669061 0.0726347 0.0756374 0.0758244 0.0734462 0.0689748 0.0629981 0.0561142 0.0488395 0.0415615 0.0345464 0.0279745 0.0219751 0.0166503 0.0120822 0.00832757 0.00540326 0.0032704
 0.00966264 0.0153712 0.0225384 0.0309313 0.0402268 0.0499231 0.05924 0.0672093 0.072958 0.0759694 0.0761477 0.073731 0.0691777 0.0630724 0.0560296 0.0485979 0.0412001 0.0341232 0.0275477 0.0215878 0.0163256 0.0118273 0.00813969 0.00527399 0.00318818
 0.00932792 0.0149182 0.0220249 0.0304668 0.0399411 0.049916 0.0595411 0.0677696 0.0736753 0.0767279 0.0768502 0.074313 0.0696053 0.0633327 0.0561217 0.0485307 0.0409947 0.033816 0.0271867 0.0212223 0.0159954 0.0115563 0.00793567 0.00513253 0.00309799
#obs surv len freq
 nan nan nan nan nan nan nan nan nan nan nan nan nan nan nan nan nan nan nan nan nan nan nan nan nan
 0.00449225 0.00735691 0.0111898 0.0160077 0.0217081 0.0279817 0.0342928 0.0400207 0.0446971 0.0481582 0.0505137 0.0520075 0.052898 0.053409 0.0537222 0.0539762 0.0542541 0.0545465 0.0546849 0.0542768 0.052715 0.0493477 0.0437984 0.0362798 0.0276649
 0.00461412 0.00756055 0.0115059 0.0164671 0.0223334 0.028775 0.0352245 0.0410271 0.0456905 0.049046 0.0512166 0.0524708 0.0530958 0.0533427 0.0534156 0.0534677 0.0535878 0.0537652 0.0538281 0.0533815 0.0518205 0.0484975 0.0430377 0.035647 0.0271813
 0.00477763 0.00782545 0.0119033 0.0170262 0.0230774 0.0297131 0.036342 0.0422783 0.0469999 0.0503169 0.0523446 0.0533581 0.0536655 0.0535491 0.0532485 0.0529496 0.0527656 0.0527 0.0525872 0.052036 0.0504457 0.047174 0.0418453 0.0346515 0.026419
 0.00496641 0.0081349 0.0123736 0.0176959 0.0239756 0.0308473 0.0376863 0.0437706 0.0485513 0.0518281 0.053719 0.0545066 0.0545071 0.0540147 0.0532889 0.0525447 0.0519292 0.0514797 0.0510586 0.0502972 0.0486129 0.0453746 0.040205 0.0332727 0.0253593
 0.00517617 0.0084783 0.012895 0.0184384 0.0249733 0.0321124 0.0391953 0.0454589 0.050321 0.0535661 0.0553144 0.0558616 0.0555399 0.0546578 0.053488 0.0522609 0.0511461 0.0502129 0.0493647 0.0482771 0.0464092 0.0431587 0.0381525 0.0315299 0.0240114
 0.00540382 0.00885122 0.0134616 0.0192458 0.0260584 0.0334882 0.0408362 0.0472953 0.0522487 0.0554654 0.0570684 0.057367 0.05671 0.0554224 0.0537909 0.0520586 0.0504102 0.0489386 0.0475856 0.0460805 0.0439432 0.040622 0.0357625 0.0294758 0.0224097
 0.00563662 0.00923275 0.0140416 0.020073 0.0271716 0.0349019 0.0425256 0.0491906 0.0542442 0.0574394 0.0589017 0.058954 0.0579625 0.0562687 0.0541734 0.0519309 0.0497373 0.0477037 0.0458054 0.043826 0.0413555 0.0379089 0.033166 0.0272167 0.0206319
 0.00589436 0.00965383 0.0146792 0.0209779 0.0283823 0.0364296 0.0443382 0.0512073 0.0563474 0.0594967 0.0607881 0.0605636 0.0592115 0.057093 0.0545242 0.0517692 0.0490319 0.0464357 0.0439829 0.0415077 0.0386727 0.035068 0.0304198 0.0248054 0.0187196
 0.00613689 0.0100528 0.0152883 0.0218502 0.0295599 0.0379272 0.0461267 0.0532075 0.0584412 0.0615502 0.0626734 0.0621719 0.0604573 0.0579132 0.0548734 0.0516141 0.0483469 0.0452043 0.0422106 0.0392449 0.0360384 0.0322582 0.0276826 0.022384 0.0167861
 0.00639359 0.0104723 0.0159236 0.0227521 0.0307673 0.0394516 0.047936 0.0552202 0.0605371 0.0635929 0.0645324 0.0637369 0.0616437 0.0586618 0.0551464 0.0513882 0.0476074 0.0439443 0.0404405 0.037013 0.033455 0.0295064 0.024998 0.0200021 0.0148772
 0.00660762 0.0108272 0.016471 0.023544 0.0318465 0.0408346 0.0495966 0.0570836 0.0624909 0.0655094 0.0662888 0.0652282 0.0627869 0.0593959 0.0554308 0.0511985 0.0469308 0.0427784 0.0387998 0.0349452 0.0310625 0.0269563 0.0225059 0.0177853 0.0130952
 0.00684166 0.0112076 0.0170434 0.0243512 0.0329206 0.0421846 0.0511946 0.058859 0.064339 0.0673086 0.0679214 0.0665929 0.0638059 0.0600159 0.0556201 0.0509417 0.0462233 0.0416248 0.0372196 0.0329872 0.0288224 0.024586 0.0201996 0.0157382 0.0114506
 0.00703278 0.0115248 0.0175325 0.0250583 0.0338818 0.0434107 0.0526561 0.0604827 0.0660196 0.0689319 0.0693825 0.0678064 0.064707 0.0605589 0.0557759 0.0506954 0.0455714 0.0405741 0.0357915 0.0312289 0.0268216 0.022478 0.0181547 0.0139263 0.00999619
 0.00727297 0.0119118 0.0181081 0.0258591 0.0349312 0.0447082 0.054165 0.062125 0.0676857 0.0705004 0.0707415 0.0688686 0.0654156 0.0608867 0.0557183 0.0502621 0.0447785 0.0394422 0.0343495 0.0295253 0.0249368 0.0205309 0.0162919 0.0122918 0.00869286
 0.00742151 0.0121644 0.0185086 0.026454 0.0357591 0.045782 0.0554567 0.0635621 0.0691648 0.0719094 0.0719798 0.0698566 0.0660972 0.0612285 0.0557076 0.0499037 0.0440899 0.0384492 0.0330871 0.0280432 0.0233095 0.0188619 0.0147049 0.0109062 0.00759214
 0.00749872 0.0122892 0.0186965 0.0267221 0.036127 0.0462711 0.0560849 0.0643357 0.0700688 0.0729016 0.0729923 0.0708056 0.066898 0.0618095 0.0560185 0.0499169 0.0437986 0.0378645 0.0322364 0.0269729 0.0220882 0.0175817 0.0134723 0.00982197 0.0067271
 0.00760873 0.0124584 0.0189331 0.0270276 0.0364967 0.0466957 0.0565528 0.064835 0.0705903 0.0734402 0.0735432 0.0713558 0.0674189 0.0622551 0.0563333 0.0500483 0.0437077 0.0375333 0.0316707 0.0262034 0.0211714 0.0165966 0.0125104 0.00896936 0.00604394
 0.00766256 0.0125466 0.0190666 0.0272158 0.0367446 0.0469995 0.0568973 0.0651956 0.0709414 0.0737648 0.0738389 0.0716322 0.0676869 0.062515 0.0565662 0.0502168 0.0437648 0.0374359 0.0313936 0.0257485 0.0205712 0.015911 0.0118151 0.00833827 0.00553063
 0.00771247 0.0126193 0.0191607 0.0273258 0.0368637 0.047124 0.0570287 0.0653392 0.0711011 0.07394 0.0740235 0.0718188 0.0678707 0.0626943 0.056738 0.0503687 0.0438716 0.0374628 0.0313067 0.025529 0.0202262 0.0154757 0.0113453 0.00789413 0.00515961
 0.00775795 0.0126886 0.0192562 0.0274454 0.0370007 0.0472673 0.057164 0.0654526 0.0711846 0.0739949 0.0740611 0.0718545 0.0679176 0.0627581 0.0568166 0.0504531 0.0439457 0.0375034 0.0312869 0.0254265 0.0200337 0.0152079 0.011037 0.00758934 0.00489679
 0.0078229 0.0127879 0.0193937 0.02762 0.0372057 0.0474906 0.0573883 0.0656565 0.0713456 0.0740959 0.0740955 0.0718289 0.0678492 0.0626695 0.0567282 0.0503769 0.0438828 0.0374439 0.0312134 0.0253199 0.0198819 0.0150127 0.0108157 0.00736945 0.00470496
 0.0078542 0.0128377 0.0194663 0.0277181 0.0373295 0.0476364 0.0575469 0.0658142 0.0714864 0.0742052 0.0741633 0.0718514 0.0678294 0.0626162 0.0566544 0.0502966 0.043806 0.0373734 0.0311432 0.0252389 0.0197794 0.0148853 0.0106708 0.00722274 0.00457424
 0.00788031 0.0128743 0.0195108 0.0277651 0.0373726 0.0476717 0.0575754 0.0658407 0.071517 0.0742434 0.0742078 0.0718965 0.0678675 0.0626407 0.0566623 0.050289 0.043787 0.0373471 0.0311107 0.0251971 0.0197235 0.0148126 0.0105844 0.00713194 0.00449059
 0.00787662 0.0128719 0.0195134 0.0277775 0.0373985 0.0477105 0.0576208 0.0658827 0.0715466 0.0742577 0.0742112 0.0718976 0.0678736 0.062654 0.0566795 0.0503046 0.0437962 0.0373472 0.031101 0.0251768 0.0196914 0.0147686 0.0105309 0.00707452 0.00443663
 0.0078962 0.0128943 0.0195302 0.0277761 0.0373672 0.0476453 0.0575297 0.0657839 0.0714614 0.0742014 0.074189 0.0719062 0.0679065 0.0627051 0.0567432 0.0503752 0.0438667 0.0374108 0.0311517 0.0252109 0.0197075 0.0147673 0.0105153 0.00704981 0.00440917
 0.0078833 0.0128768 0.0195097 0.0277548 0.0373457 0.0476196 0.0574913 0.0657237 0.0713761 0.0740992 0.0740888 0.0718307 0.0678724 0.0627178 0.0567973 0.0504585 0.0439653 0.0375116 0.031244 0.0252871 0.0197631 0.0148013 0.0105301 0.00705041 0.00440153
 0.00788594 0.0128722 0.019487 0.0276998 0.037246 0.0474723 0.0573077 0.065527 0.0711935 0.0739518 0.0739873 0.0717779 0.0678681 0.0627616 0.0568871 0.0505875 0.0441211 0.0376783 0.0314057 0.0254304 0.0198792 0.0148869 0.0105865 0.00708256 0.00441645
 0.00787102 0.012852 0.0194634 0.0276755 0.0372215 0.0474426 0.057262 0.065453 0.0710846 0.0738142 0.0738404 0.0716468 0.0677752 0.0627198 0.0568991 0.0506486 0.0442217 0.0378053 0.0315438 0.0255644 0.0199968 0.0149801 0.0106531 0.00712496 0.00444009
 0.00788269 0.0128624 0.0194636 0.027653 0.037165 0.0473483 0.0571371 0.0653141 0.07095 0.073696 0.0737423 0.0715686 0.0677184 0.0626904 0.056905 0.0506947 0.0443068 0.0379214 0.0316782 0.0257024 0.0201244 0.015087 0.0107341 0.00718031 0.00447392
 0.00786136 0.0128322 0.0194259 0.0276105 0.0371194 0.0472971 0.0570736 0.0652301 0.0708426 0.0735721 0.073618 0.0714629 0.0676459 0.0626579 0.0569131 0.0507406 0.0443866 0.0380295 0.0318057 0.0258375 0.0202542 0.0152002 0.0108236 0.00724432 0.0045151
 0.00781291 0.0127535 0.0193083 0.0274477 0.0369106 0.0470509 0.0568098 0.0649771 0.0706291 0.0734181 0.0735309 0.07144 0.0676805 0.0627431 0.0570421 0.0509059 0.0445788 0.0382378 0.0320189 0.0260437 0.020442 0.0153599 0.0109492 0.00733482 0.00457449
 0.00779697 0.0127221 0.019251 0.0273516 0.0367634 0.0468467 0.0565542 0.0646894 0.0703397 0.0731615 0.0733375 0.0713298 0.0676592 0.0628041 0.0571709 0.0510853 0.0447921 0.0384697 0.0322551 0.0262711 0.0206482 0.0155352 0.0110878 0.00743579 0.00464168
 0.00777167 0.0126809 0.0191884 0.0272619 0.0366408 0.0466866 0.056355 0.0644552 0.0700823 0.0729014 0.0731019 0.0711477 0.0675551 0.0627915 0.0572496 0.0512423 0.0450067 0.0387187 0.0325162 0.026525 0.0208791 0.0157317 0.0112432 0.00754939 0.00471776
 0.00774015 0.0126284 0.0191074 0.027145 0.0364829 0.0464876 0.0561224 0.0642036 0.0698305 0.072668 0.0729028 0.0709964 0.0674642 0.062772 0.0573083 0.0513786 0.0452103 0.0389706 0.0327928 0.0268019 0.0211353 0.0159515 0.011418 0.00767747 0.00480381
 0.00934216 0.014871 0.0218141 0.0299279 0.0388557 0.0480448 0.056682 0.0638341 0.068769 0.0711991 0.0712695 0.0693668 0.0659383 0.0614036 0.0561239 0.0503887 0.0444143 0.0383584 0.0323452 0.0264929 0.0209357 0.0158321 0.0113531 0.00764631 0.00479123
 0.00930163 0.0151057 0.0226976 0.0319257 0.0423232 0.0529542 0.0624482 0.0694107 0.0730203 0.0733483 0.071155 0.0673843 0.0627656 0.0577096 0.0524029 0.0469336 0.041366 0.0357673 0.030214 0.0247989 0.0196401 0.0148846 0.0106956 0.00721702 0.0045298
 0.00897186 0.0145837 0.0219603 0.0310192 0.041418 0.0523845 0.062673 0.0708499 0.0758037 0.077128 0.0751471 0.0706671 0.0646644 0.0580314 0.0514068 0.0451148 0.0392221 0.0336626 0.0283549 0.0232705 0.0184536 0.014012 0.0100894 0.00682171 0.00428966
 0.00879006 0.0142779 0.0214818 0.0303195 0.0404671 0.0512044 0.0613807 0.0696866 0.0751155 0.0772715 0.0763313 0.0728037 0.0673324 0.0606137 0.0533398 0.046104 0.0393012 0.0330946 0.027469 0.0223366 0.0176343 0.0133739 0.00963595 0.00652465 0.00411
 0.00872322 0.0141635 0.021298 0.0300395 0.0400616 0.0506482 0.060665 0.0688364 0.0742103 0.0764609 0.0758263 0.0728238 0.0680101 0.0618993 0.0549757 0.0477085 0.0405253 0.0337572 0.0275945 0.0220903 0.0172184 0.0129473 0.00928586 0.00627693 0.00395418
 0.00872471 0.0141589 0.0212773 0.0299876 0.0399594 0.0504759 0.0604054 0.0684782 0.0737535 0.0759262 0.0752688 0.072343 0.0677398 0.0619668 0.0554373 0.0484985 0.0414604 0.0346073 0.0281818 0.0223544 0.017213 0.0127857 0.00907823 0.00609415 0.00382372
 0.00870341 0.0141307 0.0212465 0.0299604 0.0399406 0.0504633 0.0603861 0.0684297 0.0736498 0.075747 0.0750094 0.0720232 0.0674102 0.0617058 0.0553332 0.0486131 0.0417915 0.0350757 0.0286599 0.0227236 0.0174135 0.0128286 0.00902025 0.00599898 0.00373551
 0.00869658 0.0141179 0.0212245 0.0299264 0.0398939 0.0504074 0.0603293 0.0683813 0.073614 0.075717 0.0749675 0.0719489 0.0672929 0.0615573 0.0551913 0.0485315 0.0418168 0.0352209 0.0288918 0.0229757 0.0176181 0.0129479 0.00905605 0.00597986 0.00369512
 0.00868476 0.0140984 0.0211946 0.0298832 0.0398353 0.0503329 0.0602414 0.0682869 0.0735236 0.075642 0.074916 0.0719205 0.067279 0.0615457 0.0551755 0.0485193 0.041829 0.03528 0.0290052 0.0231271 0.0177731 0.013072 0.0091312 0.00600896 0.00369432
 0.00867296 0.0140824 0.021176 0.0298653 0.0398212 0.0503238 0.0602352 0.0682786 0.0735074 0.075615 0.0748792 0.0718789 0.0672385 0.0615101 0.0551459 0.0484961 0.0418162 0.0352861 0.0290387 0.0231886 0.0178519 0.0131496 0.00919098 0.00604382 0.00370744
 0.00866886 0.0140731 0.0211576 0.0298332 0.0397723 0.0502592 0.0601617 0.0682073 0.0734499 0.0755781 0.0748631 0.0718789 0.0672481 0.0615245 0.0551629 0.0485157 0.0418395 0.0353159 0.0290782 0.0232394 0.0179112 0.0132098 0.00924266 0.00608053 0.00372829
 0.00866421 0.0140673 0.021152 0.0298294 0.0397711 0.0502591 0.0601584 0.0681956 0.0734264 0.0755439 0.0748243 0.0718431 0.0672214 0.0615089 0.0551571 0.048517 0.0418465 0.0353284 0.0290975 0.0232663 0.0179448 0.0132464 0.00927689 0.0061077 0.00374629
 0.00863924 0.0140293 0.0210996 0.0297637 0.0396957 0.0501799 0.0600832 0.0681325 0.0733817 0.0755202 0.07482 0.0718545 0.067245 0.0615424 0.055199 0.0485654 0.0418986 0.0353816 0.02915 0.0233171 0.017993 0.0132904 0.00931458 0.00613704 0.00376656
 0.00862764 0.0140085 0.021065 0.0297103 0.0396199 0.0500823 0.0599706 0.0680175 0.0732799 0.0754456 0.0747811 0.0718526 0.0672752 0.0615967 0.0552686 0.0486431 0.0419789 0.0354605 0.0292244 0.0233851 0.0180531 0.0133415 0.00935584 0.0061681 0.00378794
 0.00864056 0.014026 0.0210847 0.0297273 0.0396276 0.0500738 0.0599406 0.0679643 0.0732064 0.0753599 0.0746953 0.0717796 0.0672257 0.0615757 0.0552754 0.0486721 0.0420229 0.0355125 0.0292789 0.0234378 0.0181011 0.013383 0.00938954 0.00619361 0.0038057
 0.00864056 0.014026 0.0210847 0.0297273 0.0396276 0.0500738 0.0599406 0.0679643 0.0732064 0.0753599 0.0746953 0.0717796 0.0672257 0.0615757 0.0552754 0.0486721 0.0420229 0.0355125 0.0292789 0.0234378 0.0181011 0.013383 0.00938954 0.00619361 0.0038057
 0.00872014 0.0141572 0.0212844 0.0300092 0.0399961 0.050515 0.0604163 0.068415 0.073565 0.0755716 0.0747331 0.0716496 0.0669602 0.061222 0.0548828 0.0482827 0.041666 0.0352047 0.0290264 0.02324 0.0179534 0.0132783 0.00931983 0.00615035 0.00378089
 0.00870845 0.0141455 0.0212807 0.0300271 0.0400524 0.0506259 0.0605921 0.0686537 0.073849 0.0758666 0.0749941 0.0718318 0.0670327 0.0611771 0.0547363 0.0480672 0.0414195 0.0349606 0.0288082 0.02306 0.0178149 0.0131786 0.0092527 0.00610831 0.00375657
 0.00860609 0.0139827 0.0210438 0.0297091 0.0396588 0.0501812 0.0601435 0.0682674 0.0735942 0.075794 0.0751182 0.0721259 0.0674383 0.0616218 0.0551548 0.0484158 0.0416817 0.0351423 0.0289275 0.0231374 0.0178665 0.0132146 0.00927864 0.00612678 0.00376911
 0.00893076 0.0144792 0.0217307 0.0305772 0.0406677 0.0512585 0.0611872 0.0691576 0.0742191 0.0760821 0.0750583 0.0717645 0.0668561 0.0609054 0.0543763 0.0476261 0.0409149 0.0344238 0.0282793 0.0225787 0.0174102 0.0128642 0.00902714 0.00595913 0.00366589
 0.00884255 0.0143807 0.0216646 0.0306091 0.0408657 0.0516625 0.0617838 0.0698758 0.0749511 0.076716 0.0755083 0.0719864 0.0668493 0.060704 0.0540338 0.0471992 0.0404522 0.0339616 0.0278436 0.0221885 0.0170795 0.0126012 0.00883238 0.00582592 0.00358225
 0.00873199 0.0141884 0.0213562 0.0301558 0.0402649 0.0509614 0.0610908 0.0693408 0.0747132 0.0768451 0.0759741 0.072675 0.0676122 0.0614105 0.0546018 0.0476 0.0406964 0.0340803 0.0278731 0.0221619 0.0170241 0.0125374 0.00877397 0.00578013 0.00355076
 0.00888155 0.0144093 0.0216452 0.0304902 0.0406024 0.0512461 0.0612641 0.0693605 0.0745759 0.0765979 0.0757035 0.07247 0.0675232 0.0614292 0.0546746 0.0476607 0.0406975 0.0340065 0.0277368 0.0219903 0.016846 0.0123758 0.0086426 0.00568357 0.00348651
#pred catch len freq
 0.00332936 0.00533381 0.00791531 0.0110779 0.0148496 0.0192527 0.0242403 0.0296609 0.0352772 0.040812 0.0459902 0.0505787 0.0544216 0.0574528 0.0596812 0.061162 0.0619723 0.0621805 0.0617864 0.06063 0.0583299 0.0543605 0.048324 0.0403086 0.0310722
 0.0036169 0.0057398 0.00841633 0.0116237 0.0153898 0.0197727 0.0247774 0.030282 0.0360242 0.0416485 0.0467886 0.051162 0.0546384 0.0572461 0.0591154 0.0603972 0.0611984 0.0615391 0.0613146 0.0602543 0.0579168 0.0537986 0.0475898 0.0394775 0.0302719
 0.0037868 0.00603467 0.00889046 0.0123283 0.0163494 0.0209568 0.0260886 0.0315801 0.0371827 0.0426053 0.0475486 0.0517473 0.0550297 0.0573686 0.058884 0.0597851 0.0602722 0.0604346 0.0601689 0.0591435 0.0568415 0.0527228 0.0465011 0.0384198 0.0293294
 0.00403516 0.00641551 0.00942571 0.0130355 0.0172534 0.0220973 0.0275091 0.0332912 0.0391173 0.0446 0.0493767 0.0531926 0.0559538 0.0577279 0.0586968 0.0590922 0.0591276 0.0589197 0.0583983 0.0572437 0.0549208 0.0508614 0.0447661 0.0368823 0.02806
 0.00433116 0.00687981 0.0100932 0.0139282 0.0183795 0.0234513 0.0290721 0.0350341 0.0410045 0.0465826 0.0513714 0.0550597 0.0575018 0.058756 0.059055 0.0587199 0.0580549 0.0572434 0.0562567 0.0547994 0.0523468 0.0483276 0.0424278 0.034868 0.0264549
 0.00458322 0.00728714 0.010703 0.0147867 0.0195273 0.0249143 0.0308469 0.0370759 0.0432252 0.0488627 0.0535783 0.057063 0.0591755 0.0599732 0.0596862 0.0586511 0.0572194 0.0556501 0.0539999 0.0520479 0.0493218 0.0452746 0.0395842 0.0324275 0.0245351
 0.00484073 0.00769502 0.0112993 0.0156062 0.0206039 0.0262802 0.0325241 0.0390605 0.0454708 0.0512697 0.0559987 0.0593193 0.0610906 0.0613938 0.0604927 0.0587533 0.0565547 0.0541962 0.0517989 0.049228 0.0460998 0.0419319 0.036418 0.0296905 0.0223832
 0.00511307 0.00812483 0.0119238 0.016456 0.0217041 0.0276498 0.0341706 0.0409711 0.0476046 0.0535535 0.0583239 0.0615447 0.0630528 0.062926 0.0614458 0.0590109 0.0560404 0.0528783 0.0497028 0.0464575 0.042853 0.0384915 0.0331065 0.0267977 0.020097
 0.00539339 0.00856336 0.0125531 0.017299 0.0227752 0.0289561 0.0357077 0.0427166 0.0495132 0.0555571 0.0603353 0.0634617 0.0647621 0.0643068 0.0623745 0.0593695 0.0557282 0.0518289 0.0479054 0.0439811 0.0398652 0.0352548 0.0299371 0.0239933 0.0178612
 0.00565531 0.00898678 0.0131867 0.0181882 0.0239566 0.030446 0.0374888 0.0447293 0.0516593 0.0577136 0.062373 0.0652615 0.0662248 0.0653557 0.0629494 0.0594165 0.0551938 0.050666 0.0460952 0.0415658 0.0369778 0.0321255 0.0268598 0.0212562 0.0156684
 0.00586178 0.00932438 0.0137004 0.0189267 0.0249693 0.0317746 0.0391515 0.0467027 0.0538654 0.0600191 0.0646041 0.067234 0.0677794 0.066384 0.0633993 0.0592774 0.0544735 0.0493749 0.0442505 0.0392163 0.0342367 0.0291875 0.0239807 0.0186942 0.0136116
 0.00608066 0.00966829 0.0141979 0.0196023 0.0258467 0.0328789 0.0405043 0.04831 0.0557015 0.0620129 0.0666346 0.0691401 0.0693855 0.0675329 0.063981 0.0592415 0.0538222 0.0481448 0.0424983 0.0370216 0.0317196 0.026523 0.0213888 0.0163953 0.0117673
 0.00638544 0.010138 0.0148575 0.02046 0.0268964 0.0341042 0.0418797 0.0497991 0.0572576 0.0635805 0.06815 0.0705278 0.0705553 0.0683846 0.0644171 0.0591859 0.0532358 0.0470314 0.0409028 0.0350275 0.029451 0.0241458 0.019097 0.0143758 0.0101536
 0.00675307 0.010708 0.0156643 0.0215181 0.0282006 0.0356289 0.0435742 0.0515837 0.059027 0.0652186 0.069549 0.0716051 0.0712606 0.0686956 0.0643275 0.0586946 0.0523429 0.0457453 0.0392533 0.033078 0.0273066 0.0219512 0.0170188 0.0125697 0.00872511
 0.00706579 0.0111961 0.0163618 0.0224451 0.0293623 0.0370137 0.0451471 0.0532787 0.0607458 0.0668398 0.070945 0.0726631 0.0719025 0.0688883 0.0640811 0.058047 0.0513418 0.0444366 0.0376822 0.0313018 0.0254085 0.0200456 0.0152387 0.0110383 0.00752348
 0.00736542 0.0116633 0.0170283 0.0233293 0.030469 0.0383329 0.0466479 0.0549022 0.0624023 0.0684145 0.072312 0.0737033 0.072523 0.0690387 0.0637597 0.0572954 0.0502296 0.0430435 0.0360865 0.0295799 0.0236429 0.0183308 0.0136768 0.0097196 0.0065032
 0.00747495 0.0118584 0.0173542 0.0238398 0.0312162 0.039349 0.0479269 0.0563896 0.0639996 0.0699945 0.0737374 0.0748457 0.0732793 0.0693444 0.0635967 0.0566907 0.0492466 0.041768 0.0346133 0.0280036 0.0220557 0.016823 0.0123325 0.00860558 0.00565419
 0.0073823 0.0117329 0.0172143 0.0237259 0.031189 0.0394822 0.0482939 0.0570449 0.064956 0.0712043 0.0750902 0.0761873 0.0744474 0.0702036 0.0640611 0.0567307 0.0488833 0.0410615 0.0336484 0.0268778 0.0208689 0.0156703 0.0112963 0.00774631 0.00500118
 0.00730575 0.0116085 0.0170287 0.0234711 0.0308697 0.0391258 0.0479582 0.0568159 0.0649318 0.0714667 0.0756741 0.07706 0.0755071 0.0713007 0.0650342 0.0574457 0.0492602 0.0410825 0.0333502 0.0263352 0.0201767 0.0149269 0.0105895 0.00714146 0.00453357
