SBPRF35
7.78865
Curr Bio
517380
B35
682543
F35
0.213533
FOFL
0.153728
OFL
61100.8
Bzero
2.22533e+06
#pred survey bio
 4.71532e+06 4.41978e+06 4.14294e+06 3.81448e+06 3.4772e+06 3.13599e+06 2.82668e+06 2.49373e+06 2.24352e+06 1.98764e+06 1.74815e+06 1.52805e+06 1.34529e+06 1.16737e+06 1.0408e+06 938822 851272 785990 738502 692274 674388 659733 640120 622439 613254 601580 596490 594781 593573 588331 592165 588676 581832 580719 572522 565576 546106 546059 546447 557107 561130 564243 571227 579190 574728 575214 574156 571974 577671 582363 592440 581425 570758 574542 544907 532304 534550 522418 1.76966e+07 1.05749e+07 1.08353e+07 1.16039e+07 1.26336e+07 1.36901e+07 1.4637e+07 1.5419e+07 1.60315e+07 1.64944e+07 1.68361e+07 1.70847e+07 1.72639e+07 1.73927e+07 1.74852e+07 1.75519e+07 1.76001e+07 1.76352e+07 1.76608e+07 1.76797e+07 1.76938e+07 1.77042e+07 1.77121e+07 1.7718e+07 1.77225e+07 1.77259e+07 1.77284e+07 1.77304e+07 1.77319e+07 1.77331e+07 1.7734e+07 1.77347e+07 1.77352e+07 1.77356e+07 1.77359e+07 1.77362e+07 1.77363e+07 1.77365e+07 1.77366e+07 1.77367e+07 1.77367e+07 1.77368e+07 1.77368e+07 1.77369e+07 1.77369e+07 1.77369e+07 1.77369e+07 1.77369e+07 1.7737e+07 1.7737e+07 1.7737e+07 1.7737e+07 1.7737e+07 1.7737e+07 1.7737e+07 1.7737e+07 1.7737e+07 1.7737e+07 1.7737e+07 1.7737e+07 1.7737e+07 1.7737e+07 1.7737e+07 1.7737e+07 1.7737e+07 1.7737e+07 1.7737e+07 1.7737e+07 1.7737e+07 1.7737e+07 1.7737e+07 1.7737e+07 1.7737e+07 1.7737e+07 1.7737e+07 1.7737e+07 1.7737e+07 1.7737e+07 1.7737e+07 1.7737e+07 1.7737e+07 1.7737e+07 1.7737e+07 1.7737e+07 1.7737e+07 1.7737e+07 1.7737e+07 1.7737e+07 1.7737e+07 1.7737e+07 1.7737e+07 1.7737e+07 1.7737e+07 1.7737e+07 1.7737e+07 1.7737e+07 1.7737e+07 1.7737e+07 1.7737e+07 1.7737e+07 0 0 0 0 0 0 0 0 0 0 0 0 0 0 0 0 0 0 0 0 0 0 0 0 0
#obs survey bio
 4.37712e+06 2.73035e+06 3.58973e+06 2.44549e+06 2.75883e+06 1.69793e+06 2.69048e+06 1.83645e+06 2.28284e+06 1.0621e+06 1.48075e+06 1.63741e+06 1.67101e+06 1.16199e+06 885325 794764 672938 639489 705395 664237 440204 649818 555614 578003 532884 615039 400158 416918 531649 646850 480252 516561 526453 467076 513866 593045 374295 429927 622084 561068 878158 546245 517920 467794 382882 614625 644678 493572 763476 352933 473542 679607 742742 560743 441799 599374 450478 673679
#pred catch bio
 97481.4 92406.7 160557 198220 237112 245030 302115 259073 290589 297284 295159 271465 272003 229975 210713 199142 179573 162141 156637 128559 123039 124150 119439 110085 110359 103202 99209.2 97711.5 99593.9 90636.4 95645.3 96454.3 89122.7 92058.2 87597.5 96727.1 82968.9 87045.2 81197.3 87302.4 87005 83417.2 83525.4 94783.5 91163 93062.3 94248.1 87785.5 88808.7 84912.5 102782 101200 87880.2 114233 98043 85108.3 95660.8 95677 61100.8 81900.2 82523 87127.6 94446.6 102183 109060 114615 118832 121896 124051 125531 126528 127190 127624 127906 128089 128206 128281 128328 128359 128378 128390 128397 128402 128405 128407 128408 128409 128409 128410 128410 128410 128410 128410 128410 128410 128410 128410 128410 128410 128410 128410 128410 128410 128410 128410 128410 128410 128410 128410 128410 128410 128410 128410 128410 128410 128410 128410 128410 128410 128410 128410 128410 128410 128410 128410 128410 128410 128410 128410 128410 128410 128410 128410 128410 128410 128410 128410 128410 128410 128410 128410 128410 128410 128410 128410 128410 128410 128410 128410 128410 128410 128410 128410 128410 128410 128410 128410 128410 0 0 0 0 0 0 0 0 0 0 0 0 0 0 0 0 0 0 0 0 0 0 0 0 0
#obs catch bio
 0 92026 161077 198908 238987 248162 309176 264246 298169 307188 306122 280181 280756 236322 217097 204776 185704 167719 161604 131095 125447 126642 121328 111842 112128 104748 100748 99208.6 101163 91554.3 96868.1 98028.4 90134.2 93230.1 88403.5 97710.6 83461.9 87652.8 81420.3 87855.8 86838 82904.4 83312.5 95071.8 91436.3 93361.8 94723.4 88248.6 88961.9 85065.1 103436 101986 87550.6 114739 98265.5 84867.6 95866.3 95702.1
#pred cpue bio
 4.64652e+06 4.35597e+06 4.08245e+06 3.75529e+06 3.41879e+06 3.07825e+06 2.76958e+06 2.4382e+06 2.18901e+06 1.93471e+06 1.69711e+06 1.47954e+06 1.2994e+06 1.12435e+06 999592 899057 812870 748932 703106 658976 642219 628372 609708 592827 584098 572966 568242 566793 565861 561090 565096 561934 555697 555208 547921 541777 522340 520725 520066 530459 534986 538543 545298 552706 548115 548409 547301 545156 550792 555474 565182 554373 544171 548192 519487 507086 509367 498095 1.6894e+07 1.01041e+07 1.02428e+07 1.08783e+07 1.18636e+07 1.29103e+07 1.38553e+07 1.46371e+07 1.52495e+07 1.57123e+07 1.60541e+07 1.63026e+07 1.64819e+07 1.66107e+07 1.67032e+07 1.67699e+07 1.68181e+07 1.68531e+07 1.68788e+07 1.68977e+07 1.69117e+07 1.69222e+07 1.69301e+07 1.6936e+07 1.69404e+07 1.69438e+07 1.69464e+07 1.69484e+07 1.69499e+07 1.69511e+07 1.6952e+07 1.69526e+07 1.69532e+07 1.69536e+07 1.69539e+07 1.69541e+07 1.69543e+07 1.69545e+07 1.69546e+07 1.69547e+07 1.69547e+07 1.69548e+07 1.69548e+07 1.69549e+07 1.69549e+07 1.69549e+07 1.69549e+07 1.69549e+07 1.69549e+07 1.69549e+07 1.69549e+07 1.6955e+07 1.6955e+07 1.6955e+07 1.6955e+07 1.6955e+07 1.6955e+07 1.6955e+07 1.6955e+07 1.6955e+07 1.6955e+07 1.6955e+07 1.6955e+07 1.6955e+07 1.6955e+07 1.6955e+07 1.6955e+07 1.6955e+07 1.6955e+07 1.6955e+07 1.6955e+07 1.6955e+07 1.6955e+07 1.6955e+07 1.6955e+07 1.6955e+07 1.6955e+07 1.6955e+07 1.6955e+07 1.6955e+07 1.6955e+07 1.6955e+07 1.6955e+07 1.6955e+07 1.6955e+07 1.6955e+07 1.6955e+07 1.6955e+07 1.6955e+07 1.6955e+07 1.6955e+07 1.6955e+07 1.6955e+07 1.6955e+07 1.6955e+07 1.6955e+07 1.6955e+07 1.6955e+07 1.6955e+07 1.6955e+07 0 0 0 0 0 0 0 0 0 0 0 0 0 0 0 0 0 0 0 0 0 0 0 0 0
#obs cpue bio
 3.64079e+06 5.40109e+06 4.78311e+06 3.00598e+06 2.38577e+06 1.63866e+06 1.98834e+06 1.83334e+06 1.91019e+06 1.7242e+06 1.29799e+06 1.22523e+06 972466 785804 676972 856014 437536 499126 623028 661661 736507 503473 698808 429859 577590 425992 615326 631702 543227 506484 550854 410720 609739 602254 577716 579949 668314 688578 499523 428012 650926 805016 431886 512179 686401 503095 418440 502965 583546 707535 642550 380135 707320 477637 575315 571314 512177 431809
#pred surv len freq
 0.00490579 0.00796577 0.0119905 0.0169625 0.0227645 0.0291015 0.0354708 0.0412815 0.0460749 0.0496755 0.0521716 0.0537873 0.0547638 0.0552966 0.0555123 0.0554664 0.0551543 0.0545262 0.0534764 0.051804 0.0491841 0.0452323 0.039703 0.03274 0.0249884
 0.00524718 0.00840182 0.0124318 0.0172648 0.0227842 0.0287737 0.0348613 0.0405695 0.0454675 0.0493064 0.0520462 0.0538034 0.0547845 0.0552292 0.0553529 0.0552948 0.0550893 0.0546613 0.0538267 0.05229 0.0496645 0.0455693 0.0398247 0.0326628 0.024792
 0.00555078 0.00890511 0.0131982 0.0183355 0.0241416 0.0303022 0.0363379 0.0417155 0.0460582 0.0492759 0.0515126 0.0529908 0.0538997 0.0543792 0.0545488 0.0545149 0.05434 0.0539897 0.053286 0.0518927 0.049364 0.0452865 0.0394972 0.0322808 0.0243963
 0.00587695 0.00942331 0.0139578 0.0193793 0.0255027 0.0319916 0.0383183 0.0438701 0.0481754 0.0510759 0.0527221 0.0534392 0.0535816 0.0534406 0.0532062 0.0529665 0.0527225 0.0523876 0.0517572 0.0504785 0.0480839 0.0441377 0.0384713 0.0313836 0.0236501
 0.00623076 0.00998458 0.0147768 0.0204947 0.0269361 0.0337405 0.0403459 0.0460995 0.0504895 0.05332 0.0547059 0.0549486 0.0544161 0.0534732 0.0524329 0.0515094 0.0507821 0.0501763 0.0494535 0.0482138 0.0459505 0.0422016 0.0367827 0.0299805 0.0225546
 0.0065539 0.0105084 0.0155624 0.0215976 0.028396 0.0355651 0.042494 0.0484761 0.0529596 0.0557327 0.0569118 0.0568017 0.0557678 0.0541758 0.0523669 0.0506245 0.0491291 0.0479048 0.0467754 0.0453554 0.0431174 0.039564 0.0344711 0.0280821 0.0211063
 0.00680877 0.0109237 0.0161901 0.0224891 0.0295957 0.0370976 0.0443493 0.0505991 0.0552525 0.0580672 0.0591461 0.0587927 0.0573778 0.055274 0.0528312 0.0503548 0.0480742 0.0460937 0.0443328 0.042489 0.0400814 0.0366146 0.0318269 0.0258947 0.0194435
 0.00716346 0.0114842 0.0170041 0.023592 0.0310066 0.0388134 0.0463356 0.0527852 0.0575369 0.0603321 0.0612707 0.0606619 0.0588841 0.0563166 0.0533144 0.0501899 0.0471912 0.0444657 0.0420074 0.0396095 0.0368822 0.0333843 0.0288501 0.0233912 0.0175271
 0.00743464 0.0119172 0.0176415 0.0244686 0.0321445 0.0402138 0.0479698 0.054592 0.059431 0.0622203 0.0630647 0.0622815 0.060253 0.0573563 0.0539401 0.0503117 0.0467222 0.0433425 0.0402201 0.0372343 0.0340963 0.0304483 0.0260544 0.0209844 0.0156567
 0.00770792 0.0123639 0.0183175 0.0254265 0.0334214 0.0418139 0.0498472 0.0566468 0.0615264 0.0642126 0.0648314 0.0637359 0.0613432 0.0580538 0.0542236 0.0501518 0.0460756 0.0421611 0.0384789 0.0349686 0.0314328 0.0276063 0.0233054 0.0185817 0.013766
 0.00789163 0.0126781 0.0188199 0.0261813 0.0344876 0.0432238 0.0515846 0.058636 0.0636401 0.0662944 0.0667236 0.0653033 0.0624904 0.0587313 0.0544198 0.0498753 0.0453347 0.0409548 0.0368068 0.0328611 0.0289853 0.0249944 0.0207619 0.0163375 0.0119826
 0.00812135 0.0130419 0.0193506 0.0269069 0.0354306 0.0443987 0.0529903 0.0602453 0.0653923 0.0680944 0.0684491 0.0668207 0.0636755 0.0594897 0.0546987 0.0496617 0.0446428 0.0398107 0.0352431 0.030928 0.0267738 0.0226529 0.0184852 0.0143228 0.0103731
 0.00838064 0.0134479 0.0199326 0.0276816 0.0363994 0.0455457 0.0542787 0.0616195 0.0667865 0.0694445 0.0696984 0.0679158 0.0645584 0.0600958 0.0549645 0.0495377 0.0441037 0.0388578 0.0339034 0.0292564 0.0248615 0.0206336 0.0165249 0.0125875 0.00898364
 0.00880965 0.0141128 0.0208716 0.0289063 0.0378913 0.0472527 0.0561114 0.0634539 0.0684824 0.0708744 0.0707745 0.0686005 0.0648568 0.0600364 0.0545789 0.0488478 0.0431195 0.0375866 0.0323629 0.0274883 0.0229427 0.0186789 0.0146744 0.0109771 0.00770832
 0.00912929 0.014618 0.0216042 0.0298933 0.0391379 0.0487324 0.0577565 0.0651549 0.0701038 0.0722825 0.0718628 0.0693044 0.0651557 0.0599466 0.054141 0.0481109 0.0421278 0.0363734 0.0309562 0.025925 0.0212829 0.0170128 0.0131134 0.00962844 0.00664573
 0.00940266 0.0150503 0.0222322 0.0307425 0.0402175 0.0500278 0.0592202 0.0667027 0.0716227 0.0736496 0.0729661 0.0700589 0.0655133 0.0598987 0.0537145 0.0473575 0.0411101 0.0351525 0.0295863 0.0244575 0.0197771 0.0155427 0.0117645 0.0084808 0.00575136
 0.0095189 0.0152596 0.0225842 0.0312945 0.0410191 0.0510981 0.0605274 0.0681598 0.0731047 0.0750222 0.074111 0.0708881 0.0659727 0.0599679 0.0534052 0.0467086 0.0401804 0.0340109 0.028303 0.0231005 0.0184137 0.0142428 0.0105977 0.0075062 0.00500271
 0.00943468 0.0151509 0.0224745 0.0312282 0.0410565 0.0513031 0.0609516 0.0688278 0.0740016 0.076087 0.0752417 0.0719603 0.0668658 0.0605891 0.0537016 0.0466688 0.0398275 0.0333933 0.0274852 0.0221552 0.0174164 0.0132679 0.00971309 0.00676486 0.00443344
 0.0093151 0.014963 0.0222061 0.0308777 0.04064 0.0508621 0.0605571 0.0685732 0.0739807 0.0763637 0.0758252 0.0727963 0.0678475 0.0615824 0.0545753 0.04732 0.0401974 0.0334697 0.0272959 0.0217568 0.016882 0.012676 0.00913694 0.00626195 0.00403794
 0.00947163 0.0151731 0.0224401 0.0310803 0.0407456 0.0508201 0.0603546 0.0682437 0.073597 0.0760199 0.0756138 0.0727848 0.0680592 0.0619871 0.0550952 0.0478508 0.040636 0.0337398 0.0273624 0.0216279 0.0166005 0.0123049 0.00874294 0.00590152 0.00374706
 0.00951859 0.0152388 0.0225175 0.0311517 0.0407818 0.0507825 0.0602027 0.067949 0.0731612 0.0754892 0.0750784 0.0723577 0.067842 0.0620365 0.0554051 0.0483548 0.0412285 0.0343062 0.0278094 0.0219033 0.0166988 0.012259 0.00860716 0.00573223 0.00358806
 0.00945124 0.0151485 0.0224166 0.0310621 0.0407266 0.0507734 0.0602299 0.0679799 0.0731506 0.0753972 0.0748894 0.0720933 0.0675609 0.0618183 0.0553225 0.0484454 0.041479 0.0346571 0.0281778 0.0222118 0.0168996 0.0123425 0.00859622 0.00566576 0.00350425
 0.00952411 0.015245 0.0225224 0.0311528 0.0407781 0.0507755 0.0601941 0.0679342 0.0731209 0.075389 0.0748814 0.0720498 0.0674552 0.0616531 0.0551342 0.0482896 0.0414045 0.0346828 0.0282848 0.0223545 0.0170276 0.012422 0.00861876 0.00564434 0.00346117
 0.00958746 0.015345 0.0226658 0.0313406 0.041001 0.0510106 0.0604057 0.0680822 0.0731766 0.075348 0.0747643 0.0718884 0.0672743 0.0614633 0.0549388 0.0480977 0.0412364 0.034563 0.0282271 0.0223526 0.0170578 0.0124556 0.00863594 0.00563994 0.0034416
 0.0095705 0.0153194 0.0226314 0.0312995 0.0409581 0.0509733 0.0603823 0.0680782 0.0731909 0.0753716 0.0747843 0.0718948 0.0672658 0.0614457 0.0549196 0.0480817 0.0412269 0.0345646 0.0282454 0.0223897 0.0171083 0.0125077 0.00867719 0.0056638 0.00344915
 0.00958264 0.0153372 0.0226546 0.0313264 0.0409862 0.0510003 0.0604066 0.0680993 0.0732095 0.0753881 0.0747972 0.0719001 0.0672581 0.0614212 0.0548789 0.0480303 0.0411734 0.0345176 0.0282119 0.0223733 0.0171082 0.0125185 0.00869137 0.0056749 0.00345434
 0.00958608 0.0153354 0.0226383 0.0312833 0.0409047 0.0508759 0.0602466 0.0679233 0.0730444 0.07526 0.0747248 0.0718905 0.0673064 0.0615132 0.0549957 0.0481535 0.0412894 0.03462 0.0282996 0.0224485 0.0171728 0.0125729 0.00873467 0.00570614 0.00347404
 0.00952864 0.0152512 0.0225284 0.0311535 0.0407626 0.0507266 0.0600914 0.0677622 0.072881 0.0751068 0.0746023 0.0718217 0.0673082 0.0615895 0.0551359 0.0483365 0.0414906 0.0348171 0.0284777 0.0225997 0.0172954 0.0126681 0.00880501 0.00575485 0.00350503
 0.00942988 0.0151021 0.0223257 0.0309028 0.0404783 0.0504296 0.0598068 0.0675157 0.0726937 0.0749901 0.074557 0.0718422 0.067388 0.0617242 0.0553211 0.0485637 0.0417446 0.035078 0.0287252 0.0228182 0.0174757 0.0128079 0.00890675 0.00582406 0.00354866
 0.0094616 0.0151362 0.022345 0.0308819 0.0403911 0.0502624 0.0595673 0.0672339 0.0724124 0.0747499 0.0743854 0.0717493 0.0673699 0.06177 0.0554185 0.0487021 0.0419138 0.0352664 0.0289187 0.0230018 0.0176366 0.0129383 0.00900439 0.00589162 0.00359167
 0.00939699 0.0150388 0.022212 0.0307135 0.0401883 0.0500235 0.0592893 0.0669178 0.0720713 0.074415 0.0741015 0.0715626 0.0673122 0.0618481 0.0556154 0.0489853 0.0422468 0.0356163 0.0292586 0.0233113 0.0179013 0.0131502 0.00916234 0.00600058 0.00366085
 0.00921531 0.0147819 0.0218966 0.0303791 0.0398853 0.0497947 0.0591536 0.066866 0.0720737 0.0744354 0.0741119 0.0715539 0.0672966 0.0618526 0.0556679 0.0491023 0.0424271 0.0358433 0.029508 0.023558 0.0181248 0.0133369 0.00930609 0.00610235 0.0037268
 0.00911112 0.014609 0.0216321 0.0300056 0.0394023 0.0492313 0.0585749 0.0663625 0.0717316 0.0743026 0.0741809 0.0717712 0.0675919 0.0621685 0.0559752 0.0493977 0.0427194 0.0361395 0.0298054 0.0238443 0.0183839 0.0135547 0.00947538 0.00622324 0.00380575
 0.00890614 0.0142985 0.0212066 0.0294702 0.038773 0.0485313 0.0578356 0.0656292 0.0710691 0.07379 0.0738944 0.0717581 0.0678514 0.0626499 0.0565978 0.0500785 0.0433953 0.0367729 0.0303779 0.0243464 0.0188084 0.0138966 0.00973407 0.00640515 0.0039235
 0.00884952 0.0141945 0.0210288 0.0291892 0.0383659 0.0479954 0.0571984 0.0649469 0.0704116 0.0732236 0.0734706 0.071514 0.0678108 0.0628203 0.0569619 0.0505923 0.0439967 0.0373978 0.0309744 0.0248802 0.0192607 0.0142597 0.0100086 0.00659863 0.00404941
 0.00949782 0.0150947 0.0220987 0.0302547 0.0392083 0.0484277 0.05713 0.0644025 0.0695055 0.0721132 0.0723149 0.0704464 0.0669272 0.0621759 0.0565752 0.0504499 0.0440598 0.0376102 0.0312732 0.0252078 0.0195729 0.0145284 0.0102206 0.00675257 0.00415188
 0.0103049 0.016351 0.0238763 0.0325579 0.0419452 0.0513837 0.059963 0.0666923 0.0708669 0.0723273 0.0714031 0.068645 0.0645861 0.0596461 0.0541348 0.048279 0.0422489 0.036181 0.0302008 0.0244408 0.0190495 0.0141882 0.0100109 0.00663104 0.00408628
 0.0101365 0.0161987 0.0238708 0.032894 0.0428275 0.0529386 0.0621575 0.0693044 0.0735246 0.0746002 0.0729136 0.0691655 0.0640925 0.0583097 0.0522535 0.046182 0.0402136 0.0343912 0.0287444 0.0233306 0.0182516 0.0136462 0.00966341 0.00642145 0.00396815
 0.00979105 0.0156823 0.0231851 0.0320904 0.0420181 0.0522986 0.0619075 0.0696586 0.0746058 0.0763561 0.0750882 0.0713576 0.0658822 0.0593931 0.0525253 0.0457369 0.0392804 0.0332389 0.027602 0.0223459 0.0174883 0.0131048 0.00930899 0.00620653 0.00384746
 0.00942567 0.0151114 0.0223713 0.0310209 0.0407157 0.0508364 0.0604243 0.0683607 0.0737397 0.0761492 0.0756718 0.0727024 0.0677789 0.0614982 0.0544633 0.0472175 0.0401763 0.0335918 0.0275659 0.0221065 0.017198 0.0128544 0.00913154 0.00609846 0.00378987
 0.00936044 0.01498 0.0221271 0.0306057 0.0400748 0.0499437 0.059306 0.0671072 0.0724982 0.0751023 0.0750068 0.0725724 0.0682572 0.0625385 0.0558911 0.0487698 0.0415833 0.0346624 0.0282352 0.0224251 0.01728 0.0128182 0.00906234 0.00603934 0.00375275
 0.00961209 0.015328 0.0225359 0.0309988 0.0403495 0.0499979 0.0590656 0.0665445 0.0716418 0.0740393 0.0738781 0.0715542 0.0675267 0.0622298 0.0560526 0.0493417 0.0424104 0.0355448 0.0289966 0.022966 0.0175901 0.0129505 0.00909042 0.00602429 0.00373012
 0.00970845 0.0154968 0.0228086 0.031403 0.0408899 0.0506338 0.0596975 0.0670276 0.0718285 0.0738349 0.0732797 0.0706557 0.0664933 0.0612533 0.0553036 0.0489271 0.0423466 0.0357587 0.0293585 0.0233408 0.0178843 0.0131306 0.00917178 0.00604401 0.00372295
 0.00965348 0.0154274 0.0227425 0.0313721 0.0409361 0.050797 0.0600003 0.0674588 0.0723316 0.0743095 0.0736031 0.0707243 0.0662652 0.060772 0.0546869 0.0483257 0.0418913 0.0355178 0.029324 0.0234465 0.0180436 0.0132745 0.00926751 0.00609116 0.00373762
 0.00970335 0.0155046 0.0228522 0.0315182 0.0411229 0.0510311 0.0602899 0.0678093 0.0727381 0.0747463 0.074018 0.071041 0.0664013 0.0606687 0.0543385 0.0477914 0.0412789 0.0349458 0.0288789 0.0231591 0.0178929 0.0132125 0.00924686 0.00608193 0.00372828
 0.00967099 0.0154608 0.0228027 0.031474 0.041098 0.0510379 0.0603372 0.0679022 0.07288 0.0749401 0.0742612 0.071318 0.0666764 0.0608884 0.0544463 0.047752 0.0410977 0.0346705 0.0285808 0.0229024 0.0177123 0.0131083 0.0091979 0.00606285 0.00372097
 0.00965834 0.0154409 0.0227742 0.0314375 0.0410565 0.0509989 0.0603118 0.0679039 0.0729204 0.075025 0.0743893 0.0714813 0.0668609 0.061073 0.0546021 0.0478463 0.0411056 0.0345881 0.0284304 0.0227247 0.0175483 0.0129839 0.00911868 0.00601968 0.00370025
 0.00960815 0.0153712 0.0226914 0.0313543 0.0409887 0.0509587 0.0603039 0.0679253 0.072965 0.0750881 0.0744696 0.0715793 0.066976 0.0611998 0.0547287 0.0479551 0.0411766 0.0346059 0.0283919 0.0226426 0.0174466 0.0128873 0.00904336 0.00597013 0.00367218
 0.00958165 0.0153155 0.0225853 0.0311738 0.0407165 0.050598 0.0598878 0.0675132 0.0726252 0.0748749 0.0744085 0.0716657 0.0671843 0.0614949 0.0550733 0.0483128 0.041514 0.0348951 0.0286145 0.0227936 0.0175345 0.0129296 0.00905935 0.0059746 0.00367334
 0.00968932 0.0154658 0.0227649 0.031352 0.0408509 0.0506454 0.0598162 0.0673121 0.0723119 0.0744946 0.0740257 0.0713472 0.0669791 0.0614226 0.0551236 0.048455 0.0417082 0.0351023 0.0288033 0.0229437 0.0176385 0.0129918 0.00909075 0.00598758 0.00367755
 0.0095743 0.0153137 0.022599 0.0312126 0.0407795 0.0506622 0.0599048 0.0674217 0.072379 0.0744722 0.0739037 0.0711552 0.066773 0.0612618 0.0550514 0.0484863 0.0418304 0.0352837 0.0290058 0.023134 0.0177947 0.0131055 0.00916464 0.00603066 0.00370025
 0.00945891 0.0151595 0.0224297 0.0310737 0.0407288 0.0507523 0.0601637 0.0678391 0.0729014 0.0750102 0.074352 0.0714238 0.0668176 0.0610979 0.0547439 0.0481219 0.0414861 0.0350069 0.0288104 0.0230096 0.0177204 0.0130608 0.00913563 0.00601021 0.00368564
 0.00945041 0.0151284 0.0223532 0.0309256 0.0404939 0.0504448 0.059838 0.0675817 0.0728006 0.0751175 0.0746571 0.0718551 0.067269 0.0614681 0.0549702 0.0481949 0.0414415 0.0349015 0.0286963 0.0229184 0.0176614 0.0130286 0.00911997 0.00600255 0.00368123
 0.00942431 0.0150739 0.0222485 0.0307417 0.0402007 0.0500224 0.0592909 0.0669495 0.0721608 0.0745748 0.0743179 0.0717937 0.0674985 0.0619321 0.0555635 0.0488023 0.0419759 0.0353227 0.0290059 0.0231405 0.0178225 0.0131476 0.00920684 0.00606283 0.00371978
 0.00966916 0.0154617 0.0228101 0.0314915 0.0411246 0.0510637 0.0603426 0.0678644 0.0727866 0.0748032 0.074123 0.07124 0.0667154 0.0610674 0.0547373 0.0480804 0.0413709 0.0348163 0.0285758 0.0227753 0.0175221 0.0129147 0.0090394 0.00595198 0.0036523
 0.00962761 0.0154152 0.0227797 0.0315121 0.0412379 0.0513058 0.0607286 0.068377 0.0733711 0.0753729 0.0745771 0.0714927 0.0667245 0.0608505 0.0543621 0.047636 0.0409347 0.0344338 0.0282603 0.0225214 0.0173204 0.0127584 0.00892426 0.00587315 0.00360286
 0.00930556 0.0149346 0.0221385 0.0307409 0.0403984 0.0504822 0.060019 0.0678812 0.0731718 0.075511 0.0750326 0.072184 0.0675298 0.061643 0.0550456 0.0481653 0.0413133 0.0346946 0.0284413 0.0226506 0.0174133 0.0128228 0.00896595 0.00589807 0.00361668
 0.0089315 0.0143821 0.021411 0.0298802 0.0394756 0.0495815 0.0592242 0.0672689 0.0728058 0.0754343 0.0752576 0.0726858 0.0682466 0.0624842 0.0559094 0.0489602 0.0419781 0.0352069 0.0288119 0.0229078 0.0175876 0.012939 0.00904128 0.0059447 0.00364377
#obs surv len freq
 nan nan nan nan nan nan nan nan nan nan nan nan nan nan nan nan nan nan nan nan nan nan nan nan nan
 0.00449225 0.00735691 0.0111898 0.0160077 0.0217081 0.0279817 0.0342928 0.0400207 0.0446971 0.0481582 0.0505137 0.0520075 0.052898 0.053409 0.0537222 0.0539762 0.0542541 0.0545465 0.0546849 0.0542768 0.052715 0.0493477 0.0437984 0.0362798 0.0276649
 0.00461412 0.00756055 0.0115059 0.0164671 0.0223334 0.028775 0.0352245 0.0410271 0.0456905 0.049046 0.0512166 0.0524708 0.0530958 0.0533427 0.0534156 0.0534677 0.0535878 0.0537652 0.0538281 0.0533815 0.0518205 0.0484975 0.0430377 0.035647 0.0271813
 0.00477763 0.00782545 0.0119033 0.0170262 0.0230774 0.0297131 0.036342 0.0422783 0.0469999 0.0503169 0.0523446 0.0533581 0.0536655 0.0535491 0.0532485 0.0529496 0.0527656 0.0527 0.0525872 0.052036 0.0504457 0.047174 0.0418453 0.0346515 0.026419
 0.00496641 0.0081349 0.0123736 0.0176959 0.0239756 0.0308473 0.0376863 0.0437706 0.0485513 0.0518281 0.053719 0.0545066 0.0545071 0.0540147 0.0532889 0.0525447 0.0519292 0.0514797 0.0510586 0.0502972 0.0486129 0.0453746 0.040205 0.0332727 0.0253593
 0.00517617 0.0084783 0.012895 0.0184384 0.0249733 0.0321124 0.0391953 0.0454589 0.050321 0.0535661 0.0553144 0.0558616 0.0555399 0.0546578 0.053488 0.0522609 0.0511461 0.0502129 0.0493647 0.0482771 0.0464092 0.0431587 0.0381525 0.0315299 0.0240114
 0.00540382 0.00885122 0.0134616 0.0192458 0.0260584 0.0334882 0.0408362 0.0472953 0.0522487 0.0554654 0.0570684 0.057367 0.05671 0.0554224 0.0537909 0.0520586 0.0504102 0.0489386 0.0475856 0.0460805 0.0439432 0.040622 0.0357625 0.0294758 0.0224097
 0.00563662 0.00923275 0.0140416 0.020073 0.0271716 0.0349019 0.0425256 0.0491906 0.0542442 0.0574394 0.0589017 0.058954 0.0579625 0.0562687 0.0541734 0.0519309 0.0497373 0.0477037 0.0458054 0.043826 0.0413555 0.0379089 0.033166 0.0272167 0.0206319
 0.00589436 0.00965383 0.0146792 0.0209779 0.0283823 0.0364296 0.0443382 0.0512073 0.0563474 0.0594967 0.0607881 0.0605636 0.0592115 0.057093 0.0545242 0.0517692 0.0490319 0.0464357 0.0439829 0.0415077 0.0386727 0.035068 0.0304198 0.0248054 0.0187196
 0.00613689 0.0100528 0.0152883 0.0218502 0.0295599 0.0379272 0.0461267 0.0532075 0.0584412 0.0615502 0.0626734 0.0621719 0.0604573 0.0579132 0.0548734 0.0516141 0.0483469 0.0452043 0.0422106 0.0392449 0.0360384 0.0322582 0.0276826 0.022384 0.0167861
 0.00639359 0.0104723 0.0159236 0.0227521 0.0307673 0.0394516 0.047936 0.0552202 0.0605371 0.0635929 0.0645324 0.0637369 0.0616437 0.0586618 0.0551464 0.0513882 0.0476074 0.0439443 0.0404405 0.037013 0.033455 0.0295064 0.024998 0.0200021 0.0148772
 0.00660762 0.0108272 0.016471 0.023544 0.0318465 0.0408346 0.0495966 0.0570836 0.0624909 0.0655094 0.0662888 0.0652282 0.0627869 0.0593959 0.0554308 0.0511985 0.0469308 0.0427784 0.0387998 0.0349452 0.0310625 0.0269563 0.0225059 0.0177853 0.0130952
 0.00684166 0.0112076 0.0170434 0.0243512 0.0329206 0.0421846 0.0511946 0.058859 0.064339 0.0673086 0.0679214 0.0665929 0.0638059 0.0600159 0.0556201 0.0509417 0.0462233 0.0416248 0.0372196 0.0329872 0.0288224 0.024586 0.0201996 0.0157382 0.0114506
 0.00703278 0.0115248 0.0175325 0.0250583 0.0338818 0.0434107 0.0526561 0.0604827 0.0660196 0.0689319 0.0693825 0.0678064 0.064707 0.0605589 0.0557759 0.0506954 0.0455714 0.0405741 0.0357915 0.0312289 0.0268216 0.022478 0.0181547 0.0139263 0.00999619
 0.00727297 0.0119118 0.0181081 0.0258591 0.0349312 0.0447082 0.054165 0.062125 0.0676857 0.0705004 0.0707415 0.0688686 0.0654156 0.0608867 0.0557183 0.0502621 0.0447785 0.0394422 0.0343495 0.0295253 0.0249368 0.0205309 0.0162919 0.0122918 0.00869286
 0.00742151 0.0121644 0.0185086 0.026454 0.0357591 0.045782 0.0554567 0.0635621 0.0691648 0.0719094 0.0719798 0.0698566 0.0660972 0.0612285 0.0557076 0.0499037 0.0440899 0.0384492 0.0330871 0.0280432 0.0233095 0.0188619 0.0147049 0.0109062 0.00759214
 0.00749872 0.0122892 0.0186965 0.0267221 0.036127 0.0462711 0.0560849 0.0643357 0.0700688 0.0729016 0.0729923 0.0708056 0.066898 0.0618095 0.0560185 0.0499169 0.0437986 0.0378645 0.0322364 0.0269729 0.0220882 0.0175817 0.0134723 0.00982197 0.0067271
 0.00760873 0.0124584 0.0189331 0.0270276 0.0364967 0.0466957 0.0565528 0.064835 0.0705903 0.0734402 0.0735432 0.0713558 0.0674189 0.0622551 0.0563333 0.0500483 0.0437077 0.0375333 0.0316707 0.0262034 0.0211714 0.0165966 0.0125104 0.00896936 0.00604394
 0.00766256 0.0125466 0.0190666 0.0272158 0.0367446 0.0469995 0.0568973 0.0651956 0.0709414 0.0737648 0.0738389 0.0716322 0.0676869 0.062515 0.0565662 0.0502168 0.0437648 0.0374359 0.0313936 0.0257485 0.0205712 0.015911 0.0118151 0.00833827 0.00553063
 0.00771247 0.0126193 0.0191607 0.0273258 0.0368637 0.047124 0.0570287 0.0653392 0.0711011 0.07394 0.0740235 0.0718188 0.0678707 0.0626943 0.056738 0.0503687 0.0438716 0.0374628 0.0313067 0.025529 0.0202262 0.0154757 0.0113453 0.00789413 0.00515961
 0.00775795 0.0126886 0.0192562 0.0274454 0.0370007 0.0472673 0.057164 0.0654526 0.0711846 0.0739949 0.0740611 0.0718545 0.0679176 0.0627581 0.0568166 0.0504531 0.0439457 0.0375034 0.0312869 0.0254265 0.0200337 0.0152079 0.011037 0.00758934 0.00489679
 0.0078229 0.0127879 0.0193937 0.02762 0.0372057 0.0474906 0.0573883 0.0656565 0.0713456 0.0740959 0.0740955 0.0718289 0.0678492 0.0626695 0.0567282 0.0503769 0.0438828 0.0374439 0.0312134 0.0253199 0.0198819 0.0150127 0.0108157 0.00736945 0.00470496
 0.0078542 0.0128377 0.0194663 0.0277181 0.0373295 0.0476364 0.0575469 0.0658142 0.0714864 0.0742052 0.0741633 0.0718514 0.0678294 0.0626162 0.0566544 0.0502966 0.043806 0.0373734 0.0311432 0.0252389 0.0197794 0.0148853 0.0106708 0.00722274 0.00457424
 0.00788031 0.0128743 0.0195108 0.0277651 0.0373726 0.0476717 0.0575754 0.0658407 0.071517 0.0742434 0.0742078 0.0718965 0.0678675 0.0626407 0.0566623 0.050289 0.043787 0.0373471 0.0311107 0.0251971 0.0197235 0.0148126 0.0105844 0.00713194 0.00449059
 0.00787662 0.0128719 0.0195134 0.0277775 0.0373985 0.0477105 0.0576208 0.0658827 0.0715466 0.0742577 0.0742112 0.0718976 0.0678736 0.062654 0.0566795 0.0503046 0.0437962 0.0373472 0.031101 0.0251768 0.0196914 0.0147686 0.0105309 0.00707452 0.00443663
 0.0078962 0.0128943 0.0195302 0.0277761 0.0373672 0.0476453 0.0575297 0.0657839 0.0714614 0.0742014 0.074189 0.0719062 0.0679065 0.0627051 0.0567432 0.0503752 0.0438667 0.0374108 0.0311517 0.0252109 0.0197075 0.0147673 0.0105153 0.00704981 0.00440917
 0.0078833 0.0128768 0.0195097 0.0277548 0.0373457 0.0476196 0.0574913 0.0657237 0.0713761 0.0740992 0.0740888 0.0718307 0.0678724 0.0627178 0.0567973 0.0504585 0.0439653 0.0375116 0.031244 0.0252871 0.0197631 0.0148013 0.0105301 0.00705041 0.00440153
 0.00788594 0.0128722 0.019487 0.0276998 0.037246 0.0474723 0.0573077 0.065527 0.0711935 0.0739518 0.0739873 0.0717779 0.0678681 0.0627616 0.0568871 0.0505875 0.0441211 0.0376783 0.0314057 0.0254304 0.0198792 0.0148869 0.0105865 0.00708256 0.00441645
 0.00787102 0.012852 0.0194634 0.0276755 0.0372215 0.0474426 0.057262 0.065453 0.0710846 0.0738142 0.0738404 0.0716468 0.0677752 0.0627198 0.0568991 0.0506486 0.0442217 0.0378053 0.0315438 0.0255644 0.0199968 0.0149801 0.0106531 0.00712496 0.00444009
 0.00788269 0.0128624 0.0194636 0.027653 0.037165 0.0473483 0.0571371 0.0653141 0.07095 0.073696 0.0737423 0.0715686 0.0677184 0.0626904 0.056905 0.0506947 0.0443068 0.0379214 0.0316782 0.0257024 0.0201244 0.015087 0.0107341 0.00718031 0.00447392
 0.00786136 0.0128322 0.0194259 0.0276105 0.0371194 0.0472971 0.0570736 0.0652301 0.0708426 0.0735721 0.073618 0.0714629 0.0676459 0.0626579 0.0569131 0.0507406 0.0443866 0.0380295 0.0318057 0.0258375 0.0202542 0.0152002 0.0108236 0.00724432 0.0045151
 0.00781291 0.0127535 0.0193083 0.0274477 0.0369106 0.0470509 0.0568098 0.0649771 0.0706291 0.0734181 0.0735309 0.07144 0.0676805 0.0627431 0.0570421 0.0509059 0.0445788 0.0382378 0.0320189 0.0260437 0.020442 0.0153599 0.0109492 0.00733482 0.00457449
 0.00779697 0.0127221 0.019251 0.0273516 0.0367634 0.0468467 0.0565542 0.0646894 0.0703397 0.0731615 0.0733375 0.0713298 0.0676592 0.0628041 0.0571709 0.0510853 0.0447921 0.0384697 0.0322551 0.0262711 0.0206482 0.0155352 0.0110878 0.00743579 0.00464168
 0.00777167 0.0126809 0.0191884 0.0272619 0.0366408 0.0466866 0.056355 0.0644552 0.0700823 0.0729014 0.0731019 0.0711477 0.0675551 0.0627915 0.0572496 0.0512423 0.0450067 0.0387187 0.0325162 0.026525 0.0208791 0.0157317 0.0112432 0.00754939 0.00471776
 0.00774015 0.0126284 0.0191074 0.027145 0.0364829 0.0464876 0.0561224 0.0642036 0.0698305 0.072668 0.0729028 0.0709964 0.0674642 0.062772 0.0573083 0.0513786 0.0452103 0.0389706 0.0327928 0.0268019 0.0211353 0.0159515 0.011418 0.00767747 0.00480381
 0.00934216 0.014871 0.0218141 0.0299279 0.0388557 0.0480448 0.056682 0.0638341 0.068769 0.0711991 0.0712695 0.0693668 0.0659383 0.0614036 0.0561239 0.0503887 0.0444143 0.0383584 0.0323452 0.0264929 0.0209357 0.0158321 0.0113531 0.00764631 0.00479123
 0.00930163 0.0151057 0.0226976 0.0319257 0.0423232 0.0529542 0.0624482 0.0694107 0.0730203 0.0733483 0.071155 0.0673843 0.0627656 0.0577096 0.0524029 0.0469336 0.041366 0.0357673 0.030214 0.0247989 0.0196401 0.0148846 0.0106956 0.00721702 0.0045298
 0.00897186 0.0145837 0.0219603 0.0310192 0.041418 0.0523845 0.062673 0.0708499 0.0758037 0.077128 0.0751471 0.0706671 0.0646644 0.0580314 0.0514068 0.0451148 0.0392221 0.0336626 0.0283549 0.0232705 0.0184536 0.014012 0.0100894 0.00682171 0.00428966
 0.00879006 0.0142779 0.0214818 0.0303195 0.0404671 0.0512044 0.0613807 0.0696866 0.0751155 0.0772715 0.0763313 0.0728037 0.0673324 0.0606137 0.0533398 0.046104 0.0393012 0.0330946 0.027469 0.0223366 0.0176343 0.0133739 0.00963595 0.00652465 0.00411
 0.00872322 0.0141635 0.021298 0.0300395 0.0400616 0.0506482 0.060665 0.0688364 0.0742103 0.0764609 0.0758263 0.0728238 0.0680101 0.0618993 0.0549757 0.0477085 0.0405253 0.0337572 0.0275945 0.0220903 0.0172184 0.0129473 0.00928586 0.00627693 0.00395418
 0.00872471 0.0141589 0.0212773 0.0299876 0.0399594 0.0504759 0.0604054 0.0684782 0.0737535 0.0759262 0.0752688 0.072343 0.0677398 0.0619668 0.0554373 0.0484985 0.0414604 0.0346073 0.0281818 0.0223544 0.017213 0.0127857 0.00907823 0.00609415 0.00382372
 0.00870341 0.0141307 0.0212465 0.0299604 0.0399406 0.0504633 0.0603861 0.0684297 0.0736498 0.075747 0.0750094 0.0720232 0.0674102 0.0617058 0.0553332 0.0486131 0.0417915 0.0350757 0.0286599 0.0227236 0.0174135 0.0128286 0.00902025 0.00599898 0.00373551
 0.00869658 0.0141179 0.0212245 0.0299264 0.0398939 0.0504074 0.0603293 0.0683813 0.073614 0.075717 0.0749675 0.0719489 0.0672929 0.0615573 0.0551913 0.0485315 0.0418168 0.0352209 0.0288918 0.0229757 0.0176181 0.0129479 0.00905605 0.00597986 0.00369512
 0.00868476 0.0140984 0.0211946 0.0298832 0.0398353 0.0503329 0.0602414 0.0682869 0.0735236 0.075642 0.074916 0.0719205 0.067279 0.0615457 0.0551755 0.0485193 0.041829 0.03528 0.0290052 0.0231271 0.0177731 0.013072 0.0091312 0.00600896 0.00369432
 0.00867296 0.0140824 0.021176 0.0298653 0.0398212 0.0503238 0.0602352 0.0682786 0.0735074 0.075615 0.0748792 0.0718789 0.0672385 0.0615101 0.0551459 0.0484961 0.0418162 0.0352861 0.0290387 0.0231886 0.0178519 0.0131496 0.00919098 0.00604382 0.00370744
 0.00866886 0.0140731 0.0211576 0.0298332 0.0397723 0.0502592 0.0601617 0.0682073 0.0734499 0.0755781 0.0748631 0.0718789 0.0672481 0.0615245 0.0551629 0.0485157 0.0418395 0.0353159 0.0290782 0.0232394 0.0179112 0.0132098 0.00924266 0.00608053 0.00372829
 0.00866421 0.0140673 0.021152 0.0298294 0.0397711 0.0502591 0.0601584 0.0681956 0.0734264 0.0755439 0.0748243 0.0718431 0.0672214 0.0615089 0.0551571 0.048517 0.0418465 0.0353284 0.0290975 0.0232663 0.0179448 0.0132464 0.00927689 0.0061077 0.00374629
 0.00863924 0.0140293 0.0210996 0.0297637 0.0396957 0.0501799 0.0600832 0.0681325 0.0733817 0.0755202 0.07482 0.0718545 0.067245 0.0615424 0.055199 0.0485654 0.0418986 0.0353816 0.02915 0.0233171 0.017993 0.0132904 0.00931458 0.00613704 0.00376656
 0.00862764 0.0140085 0.021065 0.0297103 0.0396199 0.0500823 0.0599706 0.0680175 0.0732799 0.0754456 0.0747811 0.0718526 0.0672752 0.0615967 0.0552686 0.0486431 0.0419789 0.0354605 0.0292244 0.0233851 0.0180531 0.0133415 0.00935584 0.0061681 0.00378794
 0.00864056 0.014026 0.0210847 0.0297273 0.0396276 0.0500738 0.0599406 0.0679643 0.0732064 0.0753599 0.0746953 0.0717796 0.0672257 0.0615757 0.0552754 0.0486721 0.0420229 0.0355125 0.0292789 0.0234378 0.0181011 0.013383 0.00938954 0.00619361 0.0038057
 0.00864056 0.014026 0.0210847 0.0297273 0.0396276 0.0500738 0.0599406 0.0679643 0.0732064 0.0753599 0.0746953 0.0717796 0.0672257 0.0615757 0.0552754 0.0486721 0.0420229 0.0355125 0.0292789 0.0234378 0.0181011 0.013383 0.00938954 0.00619361 0.0038057
 0.00872014 0.0141572 0.0212844 0.0300092 0.0399961 0.050515 0.0604163 0.068415 0.073565 0.0755716 0.0747331 0.0716496 0.0669602 0.061222 0.0548828 0.0482827 0.041666 0.0352047 0.0290264 0.02324 0.0179534 0.0132783 0.00931983 0.00615035 0.00378089
 0.00870845 0.0141455 0.0212807 0.0300271 0.0400524 0.0506259 0.0605921 0.0686537 0.073849 0.0758666 0.0749941 0.0718318 0.0670327 0.0611771 0.0547363 0.0480672 0.0414195 0.0349606 0.0288082 0.02306 0.0178149 0.0131786 0.0092527 0.00610831 0.00375657
 0.00860609 0.0139827 0.0210438 0.0297091 0.0396588 0.0501812 0.0601435 0.0682674 0.0735942 0.075794 0.0751182 0.0721259 0.0674383 0.0616218 0.0551548 0.0484158 0.0416817 0.0351423 0.0289275 0.0231374 0.0178665 0.0132146 0.00927864 0.00612678 0.00376911
 0.00893076 0.0144792 0.0217307 0.0305772 0.0406677 0.0512585 0.0611872 0.0691576 0.0742191 0.0760821 0.0750583 0.0717645 0.0668561 0.0609054 0.0543763 0.0476261 0.0409149 0.0344238 0.0282793 0.0225787 0.0174102 0.0128642 0.00902714 0.00595913 0.00366589
 0.00884255 0.0143807 0.0216646 0.0306091 0.0408657 0.0516625 0.0617838 0.0698758 0.0749511 0.076716 0.0755083 0.0719864 0.0668493 0.060704 0.0540338 0.0471992 0.0404522 0.0339616 0.0278436 0.0221885 0.0170795 0.0126012 0.00883238 0.00582592 0.00358225
 0.00873199 0.0141884 0.0213562 0.0301558 0.0402649 0.0509614 0.0610908 0.0693408 0.0747132 0.0768451 0.0759741 0.072675 0.0676122 0.0614105 0.0546018 0.0476 0.0406964 0.0340803 0.0278731 0.0221619 0.0170241 0.0125374 0.00877397 0.00578013 0.00355076
 0.00888155 0.0144093 0.0216452 0.0304902 0.0406024 0.0512461 0.0612641 0.0693605 0.0745759 0.0765979 0.0757035 0.07247 0.0675232 0.0614292 0.0546746 0.0476607 0.0406975 0.0340065 0.0277368 0.0219903 0.016846 0.0123758 0.0086426 0.00568357 0.00348651
#pred catch len freq
 0.00415469 0.00661104 0.00971668 0.0134262 0.0177146 0.0225495 0.0278219 0.0333178 0.0387598 0.0438732 0.0484305 0.0522747 0.0553324 0.057608 0.0591545 0.0600369 0.0603083 0.0599919 0.0590467 0.0573106 0.0544662 0.0501143 0.0439982 0.0362856 0.0276958
 0.00445969 0.00701002 0.0101418 0.0137641 0.0178497 0.0224254 0.0274824 0.0328928 0.038399 0.0436671 0.048369 0.0522653 0.0552616 0.0574088 0.0588452 0.0597161 0.0601097 0.0600185 0.0593147 0.0577326 0.0548876 0.0503857 0.0440438 0.0361268 0.0274226
 0.00476257 0.00749455 0.0108492 0.0147085 0.0189941 0.0236592 0.0286212 0.0337235 0.038764 0.0435415 0.0478703 0.0515825 0.0545523 0.0567377 0.0581989 0.0590677 0.0594736 0.0594552 0.0588881 0.0574576 0.0547107 0.0502151 0.0438053 0.0358054 0.0270612
 0.00509754 0.0080164 0.0115951 0.015705 0.0202598 0.0252008 0.0304137 0.0356767 0.0406985 0.045203 0.0489982 0.052006 0.0542577 0.0558593 0.0569413 0.0576177 0.0579599 0.0579589 0.0574675 0.056155 0.0535425 0.0491711 0.0428679 0.0349736 0.0263567
 0.00547064 0.00859608 0.0124188 0.0167935 0.0216199 0.0268286 0.0322914 0.0377642 0.04292 0.0474319 0.0510471 0.0536386 0.055237 0.0560231 0.0562632 0.0562146 0.0560394 0.0557463 0.0551536 0.0538795 0.0514017 0.0472306 0.041175 0.0335638 0.0252515
 0.00581084 0.00913348 0.0131996 0.0178533 0.022982 0.0284995 0.0342525 0.039964 0.0452732 0.0498251 0.0533429 0.0556745 0.0568269 0.0569726 0.0564094 0.0554779 0.0544604 0.053482 0.0524345 0.0509532 0.0484914 0.0445178 0.0387962 0.0316089 0.0237581
 0.00613451 0.00964262 0.0139358 0.0188489 0.0242607 0.0300752 0.0361217 0.0420948 0.0475975 0.0522385 0.0557115 0.0578462 0.058641 0.0582672 0.0570296 0.0552949 0.0534047 0.0515787 0.0498193 0.0478571 0.0451976 0.0413109 0.0359181 0.0292266 0.0219464
 0.00648581 0.0101886 0.0147123 0.0198772 0.0255504 0.0316277 0.0379271 0.0441239 0.049795 0.0545205 0.0579681 0.0599475 0.0604464 0.0596338 0.0578195 0.0553827 0.0526927 0.0500247 0.0474705 0.0448709 0.0418339 0.0378893 0.0327522 0.0265583 0.0199013
 0.00682922 0.0107218 0.015469 0.0208748 0.0267919 0.0331034 0.039613 0.045978 0.0517569 0.056516 0.0599144 0.0617556 0.0620204 0.0608705 0.0586086 0.0556106 0.0522531 0.0488407 0.0455284 0.0422557 0.0387458 0.0346229 0.0296354 0.0238718 0.0178121
 0.0071708 0.0112605 0.0162494 0.0219288 0.0281355 0.0347311 0.0414886 0.0480287 0.0538786 0.0585887 0.0618213 0.0633972 0.063321 0.0617744 0.0590693 0.0555772 0.0516649 0.0476369 0.0436775 0.039797 0.0358226 0.0314834 0.0265872 0.0212015 0.0157078
 0.00742912 0.0116775 0.0168727 0.0228038 0.0293005 0.0362073 0.0432658 0.0500528 0.0560494 0.0607691 0.0638568 0.0651401 0.0646533 0.0626219 0.0593991 0.055382 0.0509418 0.046377 0.0418769 0.0374888 0.0331151 0.0285766 0.0237459 0.0186886 0.0137079
 0.00770396 0.0121033 0.0174764 0.0236019 0.030304 0.0374257 0.0447047 0.0517023 0.0578692 0.0626787 0.0657357 0.0668427 0.0660337 0.0635601 0.0598194 0.0552545 0.0502706 0.045184 0.0401946 0.0353725 0.0306681 0.0259682 0.0211986 0.0164281 0.0118989
 0.00805737 0.012644 0.0182274 0.0245634 0.0314569 0.0387384 0.0461362 0.0532039 0.0593871 0.064158 0.0671207 0.0680722 0.0670357 0.0642541 0.0601276 0.0551173 0.0496574 0.0440956 0.0386619 0.0334583 0.0284771 0.0236538 0.0189515 0.0144386 0.0103057
 0.0084992 0.013319 0.019163 0.0257571 0.0328795 0.0403405 0.0478495 0.054941 0.0610458 0.0656355 0.068331 0.068958 0.0675706 0.0644334 0.0599545 0.0545924 0.0487772 0.0428607 0.0370896 0.0315966 0.0264154 0.021525 0.0169179 0.0126579 0.00888955
 0.0088671 0.0138881 0.0199656 0.0268042 0.034161 0.0418246 0.0494798 0.0566329 0.062692 0.0671193 0.0695446 0.0698193 0.0680328 0.0644881 0.0596241 0.0539158 0.0477941 0.041604 0.0355899 0.0298965 0.0245854 0.0196708 0.0151693 0.0111405 0.00769025
 0.00920485 0.0144098 0.0207001 0.0277618 0.0353344 0.0431904 0.0509951 0.0582301 0.0642774 0.0685814 0.0707689 0.0707054 0.068511 0.0645295 0.0592421 0.0531565 0.0467212 0.0402836 0.0340832 0.0282634 0.0228953 0.0180106 0.0136392 0.0098347 0.00667032
 0.00934372 0.0146463 0.021076 0.0283231 0.0361214 0.0442225 0.052255 0.0596566 0.0657728 0.0700276 0.0720459 0.0717059 0.0691521 0.0647618 0.0590546 0.0525757 0.0458031 0.0391012 0.0327154 0.026789 0.0213936 0.0165645 0.0123318 0.00873673 0.00582358
 0.0092529 0.014527 0.0209513 0.0282376 0.0361375 0.0444085 0.0526706 0.0603364 0.0667114 0.0711697 0.0732884 0.0729151 0.0701918 0.06552 0.0594601 0.0526034 0.0454692 0.0384548 0.0318272 0.0257417 0.0202751 0.0154622 0.0113259 0.00789039 0.00517181
 0.00914801 0.0143646 0.0207233 0.0279467 0.0358015 0.0440659 0.0523832 0.0601849 0.066778 0.0715135 0.0739212 0.0737897 0.0712067 0.0665406 0.060349 0.0532491 0.0458057 0.0384671 0.0315454 0.0252293 0.0196153 0.0147447 0.0106343 0.00729039 0.00470184
