SBPRF35
7.78865
Curr Bio
461726
B35
701974
F35
0.213102
FOFL
0.132175
OFL
47305.1
Bzero
2.22533e+006
#pred survey bio
 4.67288e+006 4.41918e+006 4.17226e+006 3.8862e+006 3.573e+006 3.24489e+006 2.9293e+006 2.60746e+006 2.31128e+006 2.05251e+006 1.83816e+006 1.60662e+006 1.42318e+006 1.25615e+006 1.12942e+006 1.005e+006 898840 811141 747956 697462 667012 643997 623953 611279 605202 599155 603988 607563 612076 598379 599200 596045 581519 583418 578198 564755 572697 571168 571286 584604 586355 597509 602519 609023 612794 615324 614241 619755 618177 612564 597135 546061 513656 466155 1.58443e+007 9.49074e+006 9.81292e+006 1.07058e+007 1.18951e+007 1.31126e+007 1.42012e+007 1.50981e+007 1.57988e+007 1.6327e+007 1.67159e+007 1.69979e+007 1.72007e+007 1.73459e+007 1.74498e+007 1.75244e+007 1.75781e+007 1.76171e+007 1.76455e+007 1.76664e+007 1.76818e+007 1.76933e+007 1.77019e+007 1.77083e+007 1.77132e+007 1.77169e+007 1.77197e+007 1.77219e+007 1.77235e+007 1.77248e+007 1.77257e+007 1.77265e+007 1.7727e+007 1.77275e+007 1.77278e+007 1.77281e+007 1.77283e+007 1.77284e+007 1.77286e+007 1.77286e+007 1.77287e+007 1.77288e+007 1.77288e+007 1.77289e+007 1.77289e+007 1.77289e+007 1.77289e+007 1.77289e+007 1.77289e+007 1.77289e+007 1.77289e+007 1.7729e+007 1.7729e+007 1.7729e+007 1.7729e+007 1.7729e+007 1.7729e+007 1.7729e+007 1.7729e+007 1.7729e+007 1.7729e+007 1.7729e+007 1.7729e+007 1.7729e+007 1.7729e+007 1.7729e+007 1.7729e+007 1.7729e+007 1.7729e+007 1.7729e+007 1.7729e+007 1.7729e+007 1.7729e+007 1.7729e+007 1.7729e+007 1.7729e+007 1.7729e+007 1.7729e+007 1.7729e+007 1.7729e+007 1.7729e+007 1.7729e+007 1.7729e+007 1.7729e+007 1.7729e+007 1.7729e+007 1.7729e+007 1.7729e+007 1.7729e+007 1.7729e+007 1.7729e+007 1.7729e+007 1.7729e+007 1.7729e+007 1.7729e+007 1.7729e+007 1.7729e+007 1.7729e+007 1.7729e+007 1.7729e+007 0 0 0 0 0 0 0 0 0 0 0 0 0 0 0 0 0 0 0 0 0 0 0 0 0
#obs survey bio
 4.01418e+006 4.25685e+006 3.47236e+006 2.56424e+006 2.18978e+006 2.41352e+006 2.00341e+006 2.24356e+006 1.79192e+006 1.99609e+006 1.89454e+006 1.32137e+006 1.38437e+006 1.29155e+006 1.00066e+006 1.02697e+006 555974 555952 642576 449285 572226 519280 473653 490290 355422 517109 513130 537566 712499 475488 566835 443556 478484 607662 468097 470670 627395 657112 667824 900253 474820 579812 545879 657288 594459 516652 502392 808638 719198 513682 649556 590694 479505 450666
#pred catch bio
 99272.7 96489.1 145023 192371 234828 255148 292671 299081 290812 271263 301213 268522 259965 228368 228018 211605 193815 170307 156475 136655 128160 123929 116546 110328 109685 99872.9 99918.3 97409.2 109990 95251.5 96728 103797 87736.3 91626.6 95756.2 77650.2 89574.5 92180.9 83257.2 93383.7 85365.6 90466.2 88827.3 90604.4 90841.4 92924.8 86624.7 91806.7 93845.4 100184 126963 108010 117715 84606.7 47305.1 73154.2 74261 79697.5 88210.1 97223.3 105237 111706 116613 120177 122684 124405 125564 126334 126839 127168 127380 127516 127604 127659 127694 127717 127731 127739 127745 127749 127751 127752 127753 127754 127754 127754 127754 127754 127754 127754 127754 127754 127754 127754 127755 127755 127755 127755 127755 127755 127755 127755 127755 127755 127755 127755 127755 127755 127755 127755 127755 127755 127755 127755 127755 127755 127755 127755 127755 127755 127755 127755 127755 127755 127755 127755 127755 127755 127755 127755 127755 127755 127755 127755 127755 127755 127755 127755 127755 127755 127755 127755 127755 127755 127755 127755 127755 127755 127755 127755 127755 127755 127755 127755 0 0 0 0 0 0 0 0 0 0 0 0 0 0 0 0 0 0 0 0 0 0 0 0 0
#obs catch bio
 0 96244.8 145611 193665 237672 258492 298736 306142 298054 278418 310347 276356 267168 232789 233904 216080 198514 174367 160685 140040 130935 126435 119484 112818 112737 102043 102124 99066.8 111787 96478.6 98144 105603 88768.2 92794 97426.7 78444.5 90556.4 93160.8 83544.5 93417.9 85510.9 90654.5 88977.6 90730.4 90877.3 93098.3 86483.9 91650.8 93535 99881.6 127239 106967 117610 84422.4
#pred cpue bio
 4.594e+006 4.34549e+006 4.10298e+006 3.81876e+006 3.50665e+006 3.17996e+006 2.86585e+006 2.54588e+006 2.25169e+006 1.99488e+006 1.78245e+006 1.5539e+006 1.37308e+006 1.20884e+006 1.08412e+006 961975 858062 772452 711015 662212 632927 610821 591407 579101 573244 567491 572459 576419 581398 568661 569800 567126 553416 555620 551097 538532 545721 542704 541812 554908 557117 568151 573165 579630 583495 586185 585334 590845 589535 584327 569614 520171 488483 442497 1.50623e+007 9.03725e+006 9.22685e+006 9.95578e+006 1.1082e+007 1.22834e+007 1.33685e+007 1.42648e+007 1.49653e+007 1.54936e+007 1.58825e+007 1.61645e+007 1.63672e+007 1.65124e+007 1.66163e+007 1.66909e+007 1.67446e+007 1.67836e+007 1.6812e+007 1.68329e+007 1.68483e+007 1.68598e+007 1.68684e+007 1.68749e+007 1.68797e+007 1.68834e+007 1.68863e+007 1.68884e+007 1.689e+007 1.68913e+007 1.68923e+007 1.6893e+007 1.68936e+007 1.6894e+007 1.68944e+007 1.68946e+007 1.68948e+007 1.6895e+007 1.68951e+007 1.68952e+007 1.68953e+007 1.68953e+007 1.68954e+007 1.68954e+007 1.68954e+007 1.68954e+007 1.68955e+007 1.68955e+007 1.68955e+007 1.68955e+007 1.68955e+007 1.68955e+007 1.68955e+007 1.68955e+007 1.68955e+007 1.68955e+007 1.68955e+007 1.68955e+007 1.68955e+007 1.68955e+007 1.68955e+007 1.68955e+007 1.68955e+007 1.68955e+007 1.68955e+007 1.68955e+007 1.68955e+007 1.68955e+007 1.68955e+007 1.68955e+007 1.68955e+007 1.68955e+007 1.68955e+007 1.68955e+007 1.68955e+007 1.68955e+007 1.68955e+007 1.68955e+007 1.68955e+007 1.68955e+007 1.68955e+007 1.68955e+007 1.68955e+007 1.68955e+007 1.68955e+007 1.68955e+007 1.68955e+007 1.68955e+007 1.68955e+007 1.68955e+007 1.68955e+007 1.68955e+007 1.68955e+007 1.68955e+007 1.68955e+007 1.68955e+007 1.68955e+007 1.68955e+007 1.68955e+007 1.68955e+007 0 0 0 0 0 0 0 0 0 0 0 0 0 0 0 0 0 0 0 0 0 0 0 0 0
#obs cpue bio
 4.06698e+006 2.99056e+006 2.1704e+006 3.38716e+006 2.6638e+006 3.51006e+006 2.33835e+006 2.05769e+006 2.22675e+006 1.1549e+006 1.83786e+006 1.15414e+006 1.36497e+006 1.25944e+006 737506 900389 846353 727641 483618 658405 615565 611592 366545 547478 499895 541282 498422 614435 604377 501456 454501 637015 536252 483882 468750 513047 628075 436224 573993 602736 474604 642299 589400 562102 633575 655279 841679 519395 573057 640766 491981 815257 431950 397550
#pred surv len freq
 0.00535549 0.00863069 0.0128687 0.0180104 0.0239113 0.0302729 0.0366067 0.0423404 0.0470302 0.050512 0.052887 0.0543942 0.0552889 0.0557732 0.0559644 0.0558853 0.0554762 0.0546201 0.0531601 0.0508948 0.0475781 0.0429792 0.0370304 0.0299979 0.0225318
 0.00562116 0.00895005 0.0131473 0.0181064 0.0236933 0.0296998 0.035779 0.0414758 0.0463654 0.0501869 0.0528821 0.0545567 0.0554223 0.0557371 0.0557359 0.0555624 0.0552286 0.0546101 0.0534662 0.0514739 0.0482864 0.0436398 0.0375113 0.0302561 0.0226061
 0.00599001 0.00952763 0.0139674 0.0191646 0.0249248 0.0309624 0.0368613 0.0421523 0.0464905 0.049774 0.0521047 0.0536559 0.0545811 0.0550087 0.0550679 0.0548844 0.0545317 0.0539648 0.0529754 0.0512017 0.0482143 0.0436789 0.037556 0.0302394 0.0225201
 0.00626763 0.00998427 0.0146643 0.0201611 0.0262633 0.0326422 0.0388067 0.0441933 0.0483746 0.0512211 0.0528916 0.053695 0.0539485 0.0538976 0.0536942 0.0534078 0.0530386 0.0525053 0.0516039 0.0499815 0.0471905 0.0428553 0.0369008 0.0297129 0.0220979
 0.00653463 0.01041 0.0152913 0.0210279 0.0274033 0.0340783 0.0405384 0.0461786 0.0505128 0.0533437 0.0547706 0.0550805 0.0546328 0.0537829 0.0528251 0.0519454 0.0511942 0.0504771 0.0495486 0.0480172 0.0454063 0.0413117 0.0356273 0.0287111 0.0213501
 0.00685132 0.0109072 0.0160074 0.0219884 0.0286199 0.0355461 0.0422323 0.0480502 0.0524933 0.0553464 0.0566865 0.0567682 0.0559174 0.05448 0.0527909 0.0511301 0.0496667 0.0484061 0.0471535 0.0455187 0.0429949 0.0391348 0.0337844 0.0272514 0.020274
 0.00714402 0.0113761 0.0166998 0.0229438 0.0298619 0.0370727 0.044004 0.049989 0.0544955 0.0573047 0.0585058 0.0583653 0.0572066 0.0553569 0.053132 0.0508183 0.048636 0.0466822 0.0448672 0.042883 0.0402597 0.0365383 0.0315146 0.0254227 0.0189202
 0.00745704 0.0118747 0.0174316 0.0239473 0.0311617 0.03867 0.0458653 0.052039 0.0566234 0.0593814 0.0604057 0.0599816 0.0584568 0.0561761 0.0534587 0.0505844 0.0477753 0.0451615 0.0427262 0.0402592 0.0373792 0.0336725 0.0289187 0.0232805 0.0173123
 0.00778183 0.0123877 0.0181763 0.0249553 0.0324494 0.0402326 0.0476685 0.0540137 0.0586709 0.0613871 0.0622537 0.0615658 0.0596871 0.0569814 0.0537841 0.050384 0.0470071 0.0437962 0.0407735 0.0378019 0.034592 0.0308052 0.0262426 0.021018 0.015584
 0.00803723 0.0128017 0.0187969 0.0258265 0.0336023 0.0416731 0.0493635 0.0558878 0.0606169 0.0632872 0.0639975 0.0630595 0.0608542 0.05776 0.0541238 0.0502428 0.0463496 0.042598 0.0390377 0.035586 0.0320323 0.028116 0.0236778 0.018806 0.0138657
 0.00823104 0.0131131 0.0192596 0.0264717 0.0344563 0.0427509 0.0506602 0.0573703 0.0622225 0.064929 0.0655756 0.0644733 0.0620136 0.058592 0.0545726 0.0502656 0.0459122 0.0416763 0.0376294 0.0337328 0.0298418 0.0257673 0.0213951 0.0168026 0.0122851
 0.0085065 0.0135541 0.0199101 0.0273671 0.0356159 0.0441671 0.0522878 0.0591246 0.0639925 0.0665995 0.0670459 0.0656657 0.0628726 0.0590806 0.0546683 0.049956 0.0451906 0.0405404 0.0360895 0.0318297 0.027668 0.0234764 0.0191828 0.014861 0.0107474
 0.00874401 0.0139269 0.0204472 0.0280884 0.0365316 0.0452753 0.0535686 0.0605342 0.0654621 0.0680421 0.0683677 0.0667788 0.0637061 0.0595857 0.0548176 0.0497373 0.0446012 0.0395841 0.0347811 0.0302082 0.0258133 0.0215171 0.0172837 0.0131855 0.00941232
 0.00912891 0.0145141 0.0212591 0.0291203 0.0377545 0.0466426 0.0550189 0.0619942 0.0668522 0.0692868 0.0694044 0.0675603 0.0641987 0.0597672 0.0546767 0.0492731 0.0438213 0.0385028 0.033422 0.0286127 0.0240535 0.0197027 0.0155516 0.0116708 0.00821053
 0.00933025 0.0148493 0.0217766 0.0298663 0.0387583 0.0478963 0.0564619 0.0635148 0.0683135 0.0705633 0.0704101 0.068255 0.0645768 0.0598408 0.0544622 0.0487857 0.0430739 0.03751 0.0322056 0.0272106 0.0225287 0.0181473 0.0140782 0.0103887 0.00719591
 0.00955748 0.0152106 0.022306 0.0305919 0.0396996 0.0490573 0.0578202 0.0650106 0.069847 0.0720047 0.0716221 0.0691221 0.0650298 0.0598671 0.0540969 0.0480899 0.042113 0.0363407 0.0308761 0.0257689 0.0210347 0.0166787 0.0127248 0.00923435 0.00629526
 0.00978806 0.015571 0.0228217 0.0312772 0.0405562 0.0500729 0.0589642 0.0662329 0.0710809 0.0731741 0.0726469 0.0699231 0.0655353 0.0600248 0.0538871 0.0475308 0.0412549 0.0352512 0.0296266 0.0244286 0.0196727 0.0153682 0.0115406 0.00824042 0.00552946
 0.00993333 0.0158092 0.0231834 0.0317909 0.0412411 0.0509281 0.05996 0.0673089 0.072158 0.0741717 0.0734978 0.0705774 0.0659574 0.0601884 0.0537744 0.0471378 0.0405973 0.0343675 0.0285739 0.0232765 0.018496 0.0142417 0.0105328 0.00740436 0.00489229
 0.0100153 0.0159348 0.0233593 0.032021 0.0415298 0.0512834 0.0603926 0.0678266 0.072756 0.0748254 0.0741623 0.0711953 0.0664705 0.0605475 0.0539437 0.0470953 0.0403357 0.0338968 0.0279241 0.0224971 0.0176516 0.0134034 0.00976755 0.00676332 0.00440201
 0.0101411 0.0161213 0.0236063 0.0323165 0.0418537 0.051614 0.0607129 0.0681278 0.0730386 0.0750976 0.0744341 0.07147 0.0667369 0.0607781 0.0541011 0.0471413 0.0402409 0.0336471 0.0275252 0.0219754 0.0170528 0.0127852 0.00918861 0.00627092 0.00402248
 0.0102308 0.0162511 0.0237718 0.032503 0.0420396 0.0517775 0.0608378 0.0682077 0.0730781 0.0751126 0.0744493 0.0715123 0.0668259 0.0609168 0.0542711 0.0473062 0.0403555 0.0336706 0.0274323 0.0217643 0.0167455 0.0124226 0.00881965 0.00593986 0.00375824
 0.0103871 0.0164793 0.0240667 0.0328419 0.0423869 0.0520941 0.0610892 0.0683689 0.073137 0.0750724 0.0743296 0.0713459 0.0666516 0.0607691 0.0541707 0.0472536 0.0403313 0.0336423 0.0273662 0.0216376 0.016555 0.0121856 0.00856709 0.00570498 0.00356579
 0.0104436 0.0165803 0.0242344 0.0330987 0.0427462 0.0525466 0.0615938 0.0688568 0.0735306 0.0753107 0.0743864 0.0712337 0.0664116 0.0604566 0.0538397 0.0469456 0.0400679 0.0334237 0.0271766 0.0214557 0.0163653 0.0119858 0.0083679 0.00552382 0.00341795
 0.0105011 0.0166601 0.0243303 0.0331996 0.042843 0.0526409 0.0617014 0.0689997 0.073721 0.0755365 0.0746095 0.0714039 0.066489 0.0604277 0.0537198 0.0467689 0.0398718 0.0332357 0.0270083 0.021305 0.016224 0.0118478 0.00823463 0.00540272 0.0033178
 0.0104633 0.0166095 0.0242735 0.0331482 0.0428086 0.0526293 0.0617097 0.0690205 0.0737512 0.0755826 0.0746845 0.0715153 0.0666279 0.0605684 0.0538319 0.0468313 0.0398813 0.0332038 0.0269518 0.0212369 0.0161509 0.0117722 0.00815892 0.0053316 0.00325694
 0.0103775 0.0164841 0.0241113 0.0329622 0.0426199 0.0524623 0.061587 0.0689583 0.0737557 0.0756491 0.0747998 0.0716642 0.0667972 0.0607472 0.0540076 0.0469886 0.0400052 0.0332855 0.0269917 0.0212427 0.0161328 0.0117395 0.00811918 0.00529093 0.00322049
 0.0102115 0.0162256 0.0237447 0.0324837 0.0420415 0.0518163 0.0609285 0.0683614 0.0732989 0.0753946 0.074777 0.0718641 0.0671802 0.0612562 0.0545819 0.0475729 0.0405545 0.0337671 0.0273866 0.0215453 0.0163485 0.0118815 0.00820376 0.00533491 0.00323884
 0.0100536 0.0159827 0.023405 0.0320454 0.041513 0.0512159 0.0602867 0.0677228 0.0727209 0.0749407 0.074505 0.071813 0.0673599 0.061644 0.0551276 0.0482106 0.0412164 0.0343951 0.0279385 0.0219971 0.0166934 0.0121261 0.00836421 0.00543126 0.00329111
 0.00994414 0.0158044 0.0231368 0.0316691 0.0410191 0.0506114 0.0596017 0.0670107 0.0720491 0.0743766 0.0741043 0.0716144 0.0673835 0.0618896 0.0555721 0.0488083 0.0419048 0.0351054 0.028608 0.0225791 0.017162 0.0124757 0.00860532 0.00558435 0.00338005
 0.0100246 0.0159234 0.0232928 0.0318502 0.0412023 0.0507641 0.0596852 0.0669875 0.0718936 0.0740867 0.0737068 0.0711611 0.0669393 0.0615181 0.0553228 0.0487077 0.0419519 0.0352735 0.0288531 0.0228515 0.0174188 0.0126888 0.00876328 0.00568962 0.00344316
 0.00991452 0.0157604 0.023077 0.0315924 0.0409207 0.0504791 0.0594146 0.0667437 0.0716831 0.07391 0.0735615 0.0710465 0.0668614 0.0614911 0.0553657 0.0488371 0.0421738 0.0355777 0.0292126 0.0232282 0.0177729 0.0129892 0.00899378 0.00584961 0.00354352
 0.00983883 0.0156413 0.0229058 0.0313651 0.0406408 0.0501602 0.0590819 0.0664311 0.0714245 0.073729 0.0734644 0.0710236 0.0668947 0.0615646 0.0554724 0.0489799 0.0423604 0.0358127 0.0294901 0.0235297 0.018071 0.0132561 0.00920938 0.00600652 0.00364624
 0.00986107 0.0156753 0.0229524 0.0314225 0.0407034 0.0502179 0.0591208 0.0664366 0.0713863 0.073646 0.0733453 0.0708835 0.0667492 0.0614256 0.0553487 0.0488801 0.042295 0.0357927 0.0295219 0.0236103 0.0181866 0.0133854 0.00933112 0.00610558 0.00371681
 0.0096456 0.0153538 0.0225227 0.0309026 0.040128 0.0496308 0.058569 0.0659655 0.0710354 0.0734426 0.0732999 0.0709893 0.0669855 0.0617627 0.0557527 0.0493177 0.0427381 0.0362213 0.029924 0.0239785 0.018514 0.0136644 0.00955482 0.00627168 0.0038295
 0.00959681 0.0152617 0.0223617 0.0306439 0.0397502 0.0491347 0.0579887 0.0653662 0.0704964 0.073033 0.0730612 0.0709312 0.0670927 0.0620054 0.0560951 0.0497233 0.0431733 0.0366575 0.0303389 0.0243565 0.0188447 0.0139408 0.00977346 0.00643307 0.00393924
 0.0104036 0.0163991 0.0237498 0.0320968 0.0410251 0.0500136 0.0583471 0.0651956 0.0698821 0.0721129 0.0719877 0.0698427 0.0660954 0.0611643 0.055436 0.0492422 0.0428485 0.0364598 0.0302386 0.0243261 0.0188606 0.0139831 0.0098258 0.00648341 0.00398018
 0.0109493 0.0172557 0.0249742 0.0336999 0.0429451 0.0520904 0.060316 0.0667305 0.0706915 0.0720488 0.0711016 0.0683557 0.064305 0.0593465 0.0537852 0.047859 0.0417587 0.035643 0.0296528 0.0239245 0.0185994 0.0138244 0.00973802 0.00644089 0.00396352
 0.0106924 0.016976 0.0248075 0.0338553 0.0436457 0.0534778 0.062364 0.0692161 0.0732398 0.0742315 0.0725508 0.0688588 0.0638526 0.0581168 0.0520711 0.0459717 0.039949 0.0340662 0.0283743 0.0229462 0.0178883 0.0133335 0.00941759 0.00624484 0.00385217
 0.0102803 0.0163541 0.0239689 0.0328472 0.0425834 0.0525502 0.0618171 0.0692979 0.074106 0.0758515 0.0746742 0.0710772 0.0657337 0.0593459 0.0525347 0.0457555 0.039268 0.0331699 0.0274704 0.0221643 0.0172822 0.0129033 0.00913532 0.00607321 0.00375573
 0.0101219 0.016065 0.0234782 0.0320765 0.0414762 0.0511153 0.0601692 0.0676668 0.0727988 0.075172 0.0748255 0.0720825 0.06741 0.0613512 0.0544776 0.0473221 0.0403056 0.0336961 0.0276166 0.0220961 0.0171371 0.0127642 0.00903528 0.00601402 0.00372628
 0.0101794 0.0161461 0.0235738 0.0321611 0.0415031 0.0510164 0.0598665 0.0671005 0.0719688 0.0741739 0.0738524 0.0713764 0.0671745 0.0616651 0.0552556 0.0483472 0.0413179 0.0344919 0.0281073 0.0223061 0.0171565 0.0126926 0.00894519 0.00594158 0.00368021
 0.0100893 0.0160149 0.0234042 0.0319647 0.0412952 0.0508076 0.0596541 0.0668646 0.0716764 0.0737938 0.073381 0.0708629 0.0667276 0.0614239 0.0553318 0.0487658 0.0419959 0.0352709 0.0288219 0.0228473 0.0174959 0.0128652 0.00901161 0.00595621 0.00367725
 0.0100536 0.0159577 0.0233204 0.0318514 0.0411541 0.0506467 0.0594881 0.0667102 0.0715434 0.0736764 0.0732564 0.0707037 0.0665237 0.0612032 0.0551612 0.0487257 0.0421381 0.0355856 0.0292384 0.0232679 0.0178405 0.0130987 0.00914225 0.00601527 0.00369747
 0.00996591 0.0158268 0.023145 0.0316377 0.0409138 0.050394 0.0592377 0.0664777 0.0713459 0.0735295 0.0731693 0.0706735 0.0665351 0.0612371 0.0552089 0.0487993 0.0422658 0.0357922 0.0295227 0.0235955 0.0181585 0.0133606 0.00932646 0.0061263 0.00375496
 0.00990562 0.0157317 0.0230078 0.0314546 0.0406867 0.0501322 0.0589597 0.0662092 0.0711141 0.0733564 0.0730669 0.0706428 0.0665684 0.0613207 0.0553274 0.0489411 0.0424284 0.0359811 0.0297431 0.0238415 0.0184091 0.0135871 0.00950561 0.0062497 0.0038289
 0.00987168 0.0156763 0.0229239 0.0313358 0.040528 0.049933 0.0587259 0.0659553 0.070862 0.0731318 0.072894 0.0705394 0.0665422 0.0613683 0.0554367 0.0490956 0.0426126 0.0361843 0.0299587 0.0240634 0.0186269 0.0137856 0.00966978 0.00637086 0.00390793
 0.00988124 0.0156885 0.0229357 0.0313417 0.0405203 0.0499034 0.0586671 0.0658627 0.0707355 0.0729777 0.0727256 0.0703755 0.0664037 0.061273 0.0553953 0.0491097 0.0426762 0.0362868 0.0300887 0.0242095 0.0187777 0.0139288 0.00979359 0.00646715 0.0039746
 0.00976777 0.0155216 0.0227172 0.0310846 0.040245 0.0496315 0.0584162 0.0656454 0.0705605 0.0728506 0.07265 0.0703532 0.066435 0.0613573 0.05553 0.0492897 0.0428926 0.0365273 0.030339 0.024455 0.0190049 0.0141266 0.0099544 0.00658776 0.00405709
 0.00972345 0.0154502 0.0226116 0.03094 0.0400622 0.0494192 0.0581934 0.0654379 0.0703932 0.0727392 0.0725964 0.0703484 0.0664663 0.0614152 0.0556107 0.0493937 0.0430212 0.036679 0.030508 0.0246315 0.0191769 0.0142825 0.0100848 0.00668795 0.00412717
 0.00963227 0.0153204 0.0224499 0.0307636 0.0398921 0.0492722 0.0580754 0.0653453 0.0703199 0.072683 0.0725612 0.0703405 0.0664894 0.0614671 0.0556857 0.049486 0.0431276 0.0367985 0.0306388 0.0247695 0.0193145 0.0144104 0.0101945 0.00677391 0.00418839
 0.00961489 0.0152934 0.0224124 0.0307169 0.0398415 0.0492272 0.0580488 0.0653487 0.0703569 0.0727449 0.0726283 0.0703909 0.0665082 0.0614524 0.0556464 0.0494363 0.0430813 0.0367661 0.0306269 0.0247799 0.0193444 0.0144529 0.0102411 0.00681685 0.00422258
 0.0100769 0.0159874 0.0233494 0.0318664 0.0411368 0.0505772 0.0593473 0.0664832 0.0712207 0.0732555 0.0727429 0.0701116 0.0658777 0.0605441 0.0545525 0.0482553 0.0419059 0.0356725 0.029669 0.0239877 0.0187262 0.0139994 0.00993002 0.00661856 0.00410594
 0.00985987 0.0157302 0.023137 0.0318317 0.0414185 0.051256 0.0603964 0.0677649 0.0725341 0.074404 0.0735858 0.0705808 0.0659676 0.0602919 0.0540225 0.0475274 0.0410666 0.0348063 0.028849 0.0232681 0.0181386 0.0135527 0.00961475 0.00641281 0.00398242
 0.00948493 0.0151951 0.0224743 0.0311313 0.0408182 0.0509157 0.0604631 0.068332 0.0736012 0.075852 0.0751915 0.0720766 0.0671225 0.0609724 0.0542081 0.0472867 0.0405166 0.0340765 0.0280582 0.0225111 0.0174806 0.0130278 0.00922936 0.00615269 0.00382152
#obs surv len freq
 nan nan nan nan nan nan nan nan nan nan nan nan nan nan nan nan nan nan nan nan nan nan nan nan nan
 0.00449005 0.0073535 0.0111849 0.0160013 0.0217004 0.0279728 0.0342833 0.0400113 0.0446887 0.0481514 0.0505092 0.0520055 0.0528985 0.0534116 0.0537265 0.0539819 0.0542608 0.0545538 0.0546927 0.0542847 0.0527228 0.0493551 0.043805 0.0362852 0.0276691
 0.00461329 0.00755886 0.0115028 0.0164617 0.0223251 0.0287636 0.0352104 0.0410115 0.0456749 0.049032 0.0512055 0.0524634 0.0530924 0.0533433 0.0534199 0.053475 0.0535974 0.0537765 0.0538406 0.0533946 0.0518336 0.0485099 0.0430489 0.0356563 0.0271884
 0.0047764 0.00782413 0.0119025 0.0170269 0.0230803 0.0297183 0.0363484 0.042284 0.047003 0.0503161 0.0523398 0.0533504 0.0536565 0.0535405 0.0532415 0.052945 0.0527635 0.0527002 0.0525893 0.0520393 0.0504498 0.0471782 0.0418493 0.0346549 0.0264216
 0.00496182 0.00812847 0.0123659 0.0176882 0.0239696 0.0308449 0.0376888 0.0437783 0.0485632 0.0518422 0.0537322 0.0545163 0.0545116 0.054014 0.0532843 0.0525381 0.0519226 0.0514742 0.0510548 0.0502951 0.0486121 0.0453747 0.0402055 0.0332733 0.0253598
 0.00517759 0.00847956 0.012895 0.0184359 0.024967 0.0321023 0.0391832 0.0454478 0.0503146 0.0535666 0.0553221 0.0558744 0.0555542 0.0546701 0.053496 0.0522639 0.0511451 0.0502097 0.049361 0.0482741 0.0464074 0.0431579 0.0381525 0.0315302 0.0240118
 0.00541371 0.00886647 0.0134829 0.019273 0.0260903 0.0335222 0.0408687 0.0473221 0.0522668 0.0554737 0.0570686 0.057362 0.0567027 0.0554138 0.0537807 0.0520453 0.0503929 0.0489173 0.0475615 0.0460553 0.0439186 0.0405995 0.0357432 0.0294603 0.0223982
 0.00565053 0.00925578 0.0140769 0.0201236 0.027239 0.0349851 0.0426198 0.0492869 0.0543318 0.0575077 0.0589439 0.058968 0.0579507 0.0562366 0.0541271 0.0518755 0.0496761 0.0476384 0.0457373 0.0437569 0.0412878 0.0378457 0.0331103 0.027171 0.0205974
 0.00588832 0.00964518 0.0146685 0.0209667 0.0283734 0.0364265 0.044345 0.0512272 0.0563816 0.059543 0.0608409 0.0606149 0.0592536 0.0571207 0.0545355 0.0517657 0.0490167 0.0464121 0.0439536 0.041475 0.0386387 0.0350351 0.0303902 0.0247809 0.018701
 0.006139 0.0100548 0.0152888 0.0218471 0.0295516 0.0379134 0.0461096 0.0531918 0.0584327 0.0615543 0.0626925 0.0622046 0.0604987 0.0579559 0.0549097 0.0516388 0.0483574 0.0452014 0.042197 0.0392238 0.0360133 0.0322321 0.0276582 0.0223634 0.0167702
 0.00638258 0.0104557 0.0159012 0.0227242 0.0307347 0.039415 0.0478961 0.0551783 0.060496 0.0635575 0.0645091 0.0637317 0.0616599 0.0586981 0.0551971 0.0514449 0.0476615 0.0439896 0.0404741 0.037035 0.0334675 0.0295122 0.0249998 0.0200019 0.0148763
 0.0066258 0.0108528 0.0165021 0.0235768 0.0318757 0.0408559 0.0496078 0.0570847 0.0624831 0.0654937 0.0662668 0.0652021 0.0627606 0.0593745 0.0554181 0.0511958 0.0469356 0.0427861 0.0388052 0.0349452 0.0310563 0.0269453 0.0224928 0.0177725 0.0130846
 0.00683536 0.0111996 0.0170352 0.0243453 0.0329187 0.0421863 0.0511967 0.0588565 0.0643274 0.0672871 0.067893 0.0665635 0.0637813 0.0600006 0.0556163 0.0509498 0.0462419 0.0416508 0.0372484 0.0330144 0.0288445 0.0246017 0.0202093 0.0157433 0.0114529
 0.00706223 0.0115688 0.0175917 0.0251309 0.0339642 0.0434985 0.0527447 0.0605662 0.0660906 0.0689816 0.069403 0.0677932 0.0646618 0.0604892 0.0556927 0.05061 0.0454921 0.0405058 0.035735 0.0311826 0.026783 0.0224449 0.0181263 0.0139029 0.00997811
 0.00727735 0.0119237 0.0181348 0.0259091 0.035012 0.044821 0.0543017 0.0622694 0.067818 0.0706035 0.0708052 0.0688896 0.0653957 0.0608309 0.0556345 0.0501602 0.0446696 0.0393361 0.0342532 0.0294421 0.0248673 0.0204741 0.0162465 0.0122568 0.00866737
 0.00744109 0.0121935 0.0185478 0.0265028 0.0358175 0.0458518 0.0555412 0.0636641 0.0692821 0.0720324 0.0720924 0.0699408 0.0661391 0.0612221 0.0556558 0.0498157 0.0439782 0.0383271 0.032966 0.0279319 0.0232131 0.0187825 0.0146425 0.0108595 0.00755925
 0.00753781 0.0123543 0.0187969 0.0268659 0.036318 0.0465043 0.0563439 0.0645942 0.0702979 0.0730783 0.0731039 0.0708493 0.0668767 0.0617281 0.0558841 0.0497395 0.0435918 0.037644 0.032018 0.0267697 0.0219099 0.0174336 0.013356 0.00973608 0.00666777
 0.00758558 0.0124285 0.0189028 0.0270082 0.0365027 0.0467405 0.0566442 0.0649724 0.0707634 0.0736302 0.073727 0.0715108 0.0675282 0.0623098 0.0563323 0.049996 0.0436127 0.037407 0.0315268 0.026056 0.021033 0.0164766 0.0124138 0.00889729 0.00599419
 0.00767547 0.0125614 0.019078 0.0272166 0.0367291 0.0469691 0.0568634 0.0651778 0.0709598 0.0738312 0.0739508 0.0717731 0.0678321 0.0626394 0.056651 0.0502522 0.0437506 0.037379 0.0313054 0.0256429 0.0204622 0.0158102 0.0117305 0.00827346 0.0054853
 0.00774785 0.0126769 0.019247 0.0274448 0.0370143 0.0472966 0.0572039 0.065492 0.0712101 0.073996 0.0740334 0.0717994 0.0678386 0.0626576 0.0566946 0.050311 0.0437921 0.0373592 0.0311829 0.0253941 0.0200918 0.0153531 0.0112426 0.00781547 0.00510456
 0.00777502 0.0127193 0.0193078 0.0275265 0.0371188 0.0474253 0.0573562 0.0656632 0.0713887 0.0741649 0.0741737 0.0718981 0.0678949 0.0626839 0.0567099 0.0503294 0.0438136 0.0373655 0.0311445 0.0252829 0.0198952 0.0150826 0.0109319 0.00750834 0.0048398
 0.00782189 0.0127883 0.0193981 0.0276328 0.0372328 0.0475388 0.0574633 0.0657611 0.0714775 0.0742454 0.0742455 0.0719581 0.0679379 0.0627056 0.0567107 0.0503147 0.0437894 0.0373326 0.0310939 0.0251991 0.0197656 0.0149069 0.010726 0.00729927 0.00465487
 0.00784053 0.0128152 0.0194323 0.0276707 0.037269 0.0475669 0.0574783 0.0657606 0.0714636 0.0742255 0.0742309 0.07196 0.0679629 0.0627528 0.0567721 0.0503798 0.0438485 0.0373778 0.0311175 0.025193 0.0197227 0.0148262 0.010616 0.00717711 0.00454008
 0.00787325 0.012863 0.0194941 0.0277418 0.0373417 0.0476326 0.0575287 0.0657891 0.0714665 0.0742032 0.0741888 0.0719081 0.0679138 0.0627177 0.0567576 0.0503856 0.0438684 0.0374018 0.0311351 0.0251945 0.0197012 0.0147796 0.0105488 0.00709979 0.00446528
 0.00789714 0.0129014 0.0195507 0.0278187 0.0374383 0.0477432 0.0576419 0.0658892 0.0715372 0.0742332 0.0741751 0.0718567 0.0678371 0.0626307 0.0566746 0.0503171 0.043819 0.0373699 0.0311139 0.0251749 0.0196752 0.0147425 0.0105012 0.00704679 0.00441437
 0.0079055 0.0129111 0.0195582 0.0278192 0.0374274 0.0477202 0.0576113 0.0658596 0.0715174 0.0742277 0.0741823 0.0718708 0.0678512 0.0626413 0.056682 0.0503248 0.0438308 0.0373875 0.0311356 0.0251956 0.0196887 0.0147444 0.0104906 0.00702667 0.00439028
 0.00790202 0.0129044 0.0195464 0.0277992 0.0373959 0.0476745 0.0575503 0.065786 0.0714384 0.0741547 0.0741281 0.0718452 0.0678576 0.0626756 0.0567357 0.0503883 0.043897 0.0374522 0.0311959 0.0252487 0.0197312 0.0147734 0.0105052 0.00702909 0.00438474
 0.00791556 0.012919 0.0195544 0.0277897 0.0373572 0.0475993 0.0574404 0.065652 0.0712972 0.074024 0.0740234 0.0717777 0.0678337 0.0626964 0.0567962 0.0504786 0.0440043 0.0375642 0.0313026 0.025343 0.0198087 0.0148317 0.0105444 0.00705155 0.00439473
 0.00789629 0.0128936 0.0195269 0.0277659 0.0373418 0.0475916 0.0574317 0.0656287 0.0712472 0.0739448 0.0739241 0.0716765 0.067751 0.0626479 0.0567894 0.0505126 0.0440713 0.0376524 0.031399 0.0254363 0.0198903 0.0148966 0.0105911 0.00708148 0.00441138
 0.0078552 0.0128236 0.0194165 0.0276047 0.0371254 0.047328 0.0571449 0.0653549 0.0710238 0.0737968 0.0738584 0.0716845 0.0678182 0.0627615 0.0569405 0.0506942 0.0442751 0.0378669 0.0316109 0.025632 0.0200589 0.0150316 0.010691 0.00714927 0.0044532
 0.00787607 0.0128493 0.0194394 0.0276116 0.0371001 0.0472554 0.057017 0.0651746 0.0708073 0.0735712 0.0736558 0.0715333 0.0677349 0.0627483 0.0569889 0.0507908 0.0444064 0.0380202 0.0317738 0.0257921 0.0202044 0.0151536 0.010785 0.00721535 0.00449541
 0.00785551 0.0128205 0.0194041 0.0275734 0.0370613 0.0472142 0.0569656 0.0651013 0.0707018 0.0734322 0.0734944 0.071372 0.0676013 0.0626665 0.0569721 0.0508391 0.044509 0.0381607 0.0319344 0.0259559 0.0203572 0.0152848 0.0108884 0.00728994 0.00454431
 0.00781624 0.0127567 0.0193088 0.0274415 0.0368926 0.0470162 0.056755 0.0649013 0.0705345 0.0733103 0.0734187 0.0713352 0.0675961 0.0626911 0.0570311 0.050938 0.0446488 0.0383346 0.0321288 0.0261541 0.0205427 0.0154447 0.0110152 0.00738216 0.00460547
 0.00778961 0.012711 0.0192356 0.0273318 0.0367388 0.0468166 0.0565172 0.0646436 0.0702838 0.073096 0.0732654 0.0712562 0.0675917 0.0627515 0.0571419 0.0510865 0.044826 0.0385334 0.0323405 0.0263667 0.0207425 0.0156188 0.0111551 0.00748515 0.0046746
 0.00774141 0.0126327 0.0191181 0.0271668 0.0365213 0.0465472 0.0562055 0.06431 0.0699567 0.0728074 0.0730453 0.0711279 0.0675675 0.0628306 0.0573109 0.0513234 0.0451062 0.0388341 0.0326428 0.0266548 0.0210029 0.0158404 0.0113309 0.00761399 0.00476108
 0.00934664 0.0148773 0.0218218 0.0299366 0.0388655 0.0480574 0.0567009 0.0638646 0.0688158 0.0712647 0.0713525 0.0694612 0.0660343 0.0614883 0.0561833 0.0504114 0.0443945 0.0382985 0.0322553 0.0263876 0.0208296 0.0157368 0.0112753 0.00758836 0.00475176
 0.00934425 0.0151676 0.0227769 0.032016 0.0424147 0.053037 0.0625149 0.0694577 0.0730478 0.0733601 0.0711573 0.0673832 0.0627654 0.0577108 0.0524014 0.0469223 0.0413373 0.0357164 0.0301415 0.0247111 0.019547 0.014797 0.0106215 0.0071604 0.00449069
 0.0089779 0.0145973 0.0219874 0.0310665 0.0414902 0.0524799 0.0627814 0.0709541 0.0758853 0.0771748 0.0751574 0.0706486 0.0646297 0.0579921 0.0513698 0.0450813 0.0391884 0.0336233 0.0283059 0.0232113 0.018388 0.0139467 0.0100312 0.00677521 0.00425642
 0.0087967 0.0142897 0.0215015 0.0303508 0.0405143 0.051271 0.0614681 0.0697916 0.0752289 0.0773787 0.0764156 0.0728513 0.0673378 0.0605811 0.0532805 0.046031 0.0392245 0.0330189 0.0273952 0.0222642 0.0175641 0.0133085 0.00957911 0.00647944 0.00407746
 0.00874274 0.0141918 0.0213341 0.0300807 0.0401046 0.0506905 0.0607067 0.0688797 0.074258 0.0765141 0.0758822 0.0728752 0.0680471 0.061913 0.0549619 0.0476693 0.0404676 0.0336897 0.0275242 0.0220218 0.0171543 0.0128897 0.00923679 0.00623806 0.00392601
 0.00872128 0.0141578 0.0212837 0.0300083 0.0400005 0.0505387 0.0604845 0.0685623 0.0738297 0.0759855 0.0753087 0.0723659 0.0677497 0.0619652 0.0554232 0.0484697 0.0414165 0.034551 0.0281181 0.0222891 0.0171511 0.0127306 0.00903233 0.00605846 0.00379815
 0.00869813 0.0141206 0.0212286 0.0299324 0.0399022 0.0504185 0.0603444 0.0684035 0.0736495 0.0757758 0.0750621 0.0720887 0.0674769 0.0617655 0.0553811 0.0486469 0.0418097 0.0350782 0.0286481 0.0227009 0.0173845 0.0127981 0.00899206 0.00597566 0.0037181
 0.00868568 0.0140988 0.021193 0.0298778 0.0398246 0.0503165 0.0602212 0.0682667 0.0735088 0.0756389 0.0749315 0.0719619 0.0673522 0.0616512 0.0553035 0.0486461 0.041921 0.0353068 0.0289558 0.0230178 0.0176414 0.0129571 0.00905626 0.00597568 0.00368981
 0.00867214 0.0140792 0.0211679 0.0298487 0.0397928 0.0502819 0.0601812 0.0682175 0.0734473 0.075565 0.0748481 0.0718739 0.0672645 0.0615686 0.0552338 0.0486036 0.0419256 0.0353751 0.0290882 0.0231918 0.0178182 0.0130997 0.00914552 0.00601463 0.00369534
 0.00864845 0.0140417 0.0211135 0.0297759 0.0397026 0.050179 0.0600742 0.0681176 0.0733649 0.0755061 0.0748128 0.0718578 0.0672612 0.0615736 0.0552456 0.0486248 0.0419632 0.0354381 0.0291822 0.0233126 0.0179501 0.0132208 0.00923816 0.00607225 0.00372292
 0.00865864 0.0140538 0.0211234 0.0297772 0.0396879 0.0501429 0.0600159 0.0680418 0.0732808 0.0754244 0.0747431 0.0718059 0.0672288 0.0615582 0.0552434 0.048633 0.0419821 0.0354708 0.0292323 0.0233805 0.0180301 0.0133018 0.00930775 0.00612256 0.00375298
 0.00865403 0.0140505 0.0211259 0.0297911 0.0397175 0.0501873 0.0600668 0.068085 0.0733013 0.0754132 0.0747006 0.0717413 0.0671552 0.0614878 0.0551844 0.0485891 0.0419543 0.0354594 0.0292378 0.0234026 0.0180658 0.0133448 0.00935005 0.00615725 0.00377675
 0.00862993 0.0140123 0.0210707 0.0297181 0.0396293 0.0500914 0.0599758 0.0680137 0.0732612 0.0754075 0.0747228 0.0717789 0.0671962 0.0615257 0.0552183 0.0486221 0.0419895 0.0354989 0.0292822 0.0234513 0.018117 0.0133952 0.00939538 0.00619377 0.00380271
 0.00861263 0.013987 0.0210379 0.0296796 0.0395879 0.0500492 0.0599343 0.0679741 0.0732265 0.0753821 0.0747115 0.071784 0.0672157 0.0615538 0.0552485 0.0486498 0.0420141 0.0355223 0.0293071 0.0234793 0.018148 0.0134273 0.00942577 0.00621949 0.00382199
 0.00861651 0.0139871 0.0210269 0.0296478 0.0395264 0.0499556 0.0598155 0.0678465 0.0731098 0.0752934 0.0746605 0.0717725 0.0672401 0.0616066 0.0553204 0.048731 0.042096 0.0355991 0.0293762 0.0235404 0.0182016 0.0134735 0.00946402 0.00624929 0.00384334
 0.00861651 0.0139871 0.0210269 0.0296478 0.0395264 0.0499556 0.0598155 0.0678465 0.0731098 0.0752934 0.0746605 0.0717725 0.0672401 0.0616066 0.0553204 0.048731 0.042096 0.0355991 0.0293762 0.0235404 0.0182016 0.0134735 0.00946402 0.00624929 0.00384334
 0.00902406 0.0146323 0.0219619 0.0308993 0.0410793 0.0517328 0.0616655 0.0695561 0.074451 0.0760869 0.0748235 0.0713296 0.0662993 0.0603213 0.0538515 0.0472208 0.0406543 0.0342996 0.0282607 0.0226259 0.0174865 0.0129427 0.00909274 0.00600639 0.00369588
 0.00899557 0.0146332 0.0220505 0.031159 0.041597 0.0525637 0.0628003 0.070907 0.0758654 0.07738 0.0758188 0.0718953 0.0663748 0.0599257 0.0530727 0.0461882 0.0395061 0.0331574 0.0272145 0.0217309 0.016767 0.0123987 0.00870704 0.00575138 0.00353971
 0.00922898 0.0149879 0.02254 0.0317845 0.0423539 0.0534493 0.0638129 0.0720334 0.0770615 0.0785578 0.0768494 0.072634 0.0666985 0.0597684 0.0524446 0.045172 0.0382344 0.0317807 0.0258711 0.0205259 0.0157639 0.0116208 0.00814514 0.00537453 0.00330621
#pred catch len freq
 0.00476507 0.00751051 0.0108974 0.0148193 0.0192085 0.0240221 0.0291676 0.0344605 0.0396576 0.0445224 0.0488668 0.0525668 0.0555655 0.0578613 0.059476 0.060419 0.0606674 0.0601632 0.0588068 0.0564375 0.0528286 0.0477544 0.0411585 0.0333474 0.0250497
 0.00501635 0.00782573 0.011204 0.0150042 0.0191642 0.0237101 0.0286593 0.0339181 0.0392559 0.0443567 0.0489044 0.0526686 0.0555624 0.0576408 0.0590394 0.0598855 0.0602265 0.059993 0.0589932 0.0569335 0.0534771 0.0483629 0.0415846 0.0335468 0.0250667
 0.00538322 0.00838746 0.0119783 0.0159678 0.0202398 0.024762 0.0295082 0.0343894 0.0392539 0.0439219 0.0482028 0.0519066 0.0548783 0.0570513 0.0584723 0.059269 0.0595642 0.0593744 0.0585387 0.0567164 0.0534761 0.0484774 0.0416952 0.0335774 0.0250079
 0.00568904 0.00887334 0.0126893 0.0169397 0.021493 0.0262871 0.0312431 0.0361973 0.0409236 0.0452063 0.0488948 0.0519179 0.0542739 0.0560089 0.0571917 0.0578949 0.0581726 0.0580121 0.0572635 0.055597 0.0525594 0.0477618 0.0411385 0.0331301 0.0246411
 0.00599632 0.00935086 0.0133693 0.0178442 0.0226382 0.0276879 0.0329063 0.038103 0.042999 0.0473041 0.0507927 0.0533546 0.0550204 0.055946 0.0563509 0.0564351 0.0563107 0.0559548 0.0551762 0.0536051 0.0507566 0.0462096 0.0398638 0.03213 0.0238941
 0.00634866 0.00989271 0.0141285 0.0188299 0.0238464 0.0291084 0.0345254 0.0398999 0.0449384 0.0493256 0.0527962 0.0551868 0.0564776 0.0568074 0.0564395 0.0556804 0.0547777 0.0538232 0.0526846 0.0509943 0.048234 0.0439338 0.0379398 0.0306079 0.0227728
 0.00670377 0.0104448 0.0149131 0.0198656 0.0251357 0.0306382 0.036265 0.0417977 0.0469244 0.0513198 0.0547145 0.0569385 0.0579545 0.0578738 0.0569382 0.055465 0.0537635 0.0520328 0.0502609 0.0481737 0.0452938 0.0411373 0.0354937 0.0286374 0.0213143
 0.00707209 0.0110162 0.0157233 0.0209336 0.0264657 0.0322226 0.0380797 0.0437948 0.0490274 0.0534271 0.0567113 0.0587109 0.0593992 0.058898 0.0574505 0.0553693 0.0529708 0.0504965 0.0480208 0.0453817 0.0422015 0.0380466 0.0326877 0.0263193 0.0195736
 0.00744845 0.011597 0.016541 0.0220014 0.0277816 0.033774 0.0398425 0.045727 0.0510638 0.0554791 0.0586722 0.0604653 0.0608346 0.0599146 0.0579651 0.055311 0.0522783 0.0491273 0.0459805 0.0427607 0.0391948 0.0349338 0.0297719 0.0238492 0.0176848
 0.00774563 0.0120642 0.0172154 0.0229093 0.0289376 0.0351782 0.0414746 0.0475406 0.0529868 0.0574203 0.0605305 0.0621369 0.062219 0.06092 0.0585114 0.0553309 0.051717 0.047948 0.0441812 0.040404 0.0364331 0.0320078 0.0269673 0.0214232 0.0157969
 0.00805441 0.012541 0.0178873 0.0237887 0.0300255 0.0364687 0.0429532 0.0491769 0.0547274 0.0591879 0.0622291 0.0636634 0.0634752 0.0618218 0.0589914 0.0553355 0.0512031 0.0468852 0.0425655 0.0382821 0.0339277 0.0293233 0.0243592 0.0191348 0.0139918
 0.0083702 0.0130334 0.0185899 0.0247203 0.0311897 0.037853 0.0445249 0.0508795 0.0564829 0.0609053 0.0638144 0.0650266 0.0645366 0.0625156 0.0592689 0.0551634 0.0505601 0.0457603 0.040966 0.0362523 0.0315723 0.0268162 0.0219231 0.0169881 0.0122872
 0.00868539 0.0135161 0.0192623 0.0255866 0.0322414 0.0390747 0.0458953 0.0523645 0.0580289 0.0624373 0.0652419 0.0662561 0.0654845 0.0631181 0.0594838 0.0549674 0.0499423 0.0447203 0.0395184 0.0344408 0.0294878 0.0246062 0.0197757 0.0150906 0.0107737
 0.00910484 0.0141476 0.0201198 0.0266516 0.0334721 0.0404208 0.0473063 0.0537908 0.0594184 0.0637339 0.0663867 0.0671899 0.0661512 0.0634703 0.0594879 0.054606 0.0492129 0.0436326 0.0380958 0.0327297 0.0275708 0.022609 0.017856 0.013404 0.00943122
 0.00940657 0.0146236 0.0208082 0.0275762 0.0346362 0.0417986 0.0488357 0.0553746 0.0609399 0.0650826 0.067479 0.0679764 0.0666109 0.0636002 0.0592935 0.0540959 0.0483983 0.042529 0.0367288 0.0311435 0.0258386 0.0208375 0.0161751 0.0119397 0.00827152
 0.00970226 0.0150807 0.0214535 0.0284227 0.0356857 0.0430439 0.0502554 0.0569211 0.0625298 0.0665971 0.0687816 0.0689418 0.0671548 0.0636947 0.0589621 0.0533938 0.047389 0.0412712 0.0352749 0.0295484 0.0241717 0.019189 0.0146494 0.0106345 0.00725099
 0.00998693 0.0155162 0.0220587 0.0291992 0.036621 0.0441175 0.0514401 0.0581807 0.0638149 0.0678435 0.0699097 0.0698607 0.0677738 0.0639414 0.0588013 0.0528358 0.046484 0.0400922 0.0339015 0.0280594 0.0226472 0.0177141 0.0133111 0.00950801 0.00638118
 0.0101394 0.0157602 0.022419 0.0296964 0.0372688 0.044917 0.0523741 0.0592102 0.0648834 0.0688858 0.0708601 0.0706574 0.0683596 0.0642653 0.0588232 0.0525354 0.0458689 0.0392003 0.0327963 0.0268206 0.0213618 0.01647 0.0121895 0.0085723 0.00566509
 0.0102349 0.0159049 0.0226183 0.0299517 0.0375817 0.0452945 0.0528288 0.0597546 0.0655186 0.0695914 0.0715923 0.0713553 0.0689576 0.0647041 0.0590558 0.05253 0.0456111 0.0386976 0.032081 0.025949 0.0204086 0.0155182 0.0113172 0.00783948 0.00510352
 0.0103257 0.0160382 0.0227923 0.0301561 0.037802 0.0455182 0.0530518 0.0599832 0.0657677 0.0698788 0.0719298 0.0717395 0.0693638 0.0650878 0.0593621 0.0527054 0.0456148 0.038509 0.0317043 0.0254145 0.0197697 0.0148432 0.0106761 0.00728923 0.00467673
 0.0104087 0.0161574 0.0229426 0.0303227 0.0379637 0.0456552 0.0531514 0.0600434 0.0657979 0.0698988 0.0719663 0.0718194 0.0695048 0.0652886 0.0595983 0.0529327 0.0457798 0.0385637 0.0316194 0.0251877 0.0194271 0.0144326 0.010255 0.00690962 0.00437285
 0.0105787 0.0164045 0.0232596 0.0306831 0.038328 0.0459817 0.0534056 0.0602032 0.0658548 0.0698586 0.0718494 0.0716583 0.069338 0.0651509 0.0595107 0.0528949 0.0457697 0.0385446 0.0315528 0.0250481 0.0192112 0.014161 0.00996405 0.00663823 0.0041501
 0.0106251 0.0164871 0.0233964 0.0308924 0.0386215 0.0463535 0.0538253 0.0606172 0.0662006 0.0700841 0.0719281 0.0715945 0.0691616 0.0649073 0.0592477 0.0526507 0.0455641 0.0383756 0.031402 0.0248915 0.0190325 0.0139592 0.00975363 0.00644149 0.00398676
 0.0106665 0.0165437 0.0234629 0.0309607 0.0386865 0.0464211 0.0539144 0.0607519 0.0663939 0.0703234 0.0721734 0.0717929 0.0692695 0.0649079 0.0591539 0.0524959 0.045386 0.0382023 0.0312447 0.0247472 0.0188917 0.0138159 0.00961046 0.00630828 0.00387488
 0.0106294 0.0164935 0.0234056 0.0309071 0.0386476 0.0464029 0.0539155 0.0607678 0.0664245 0.0703778 0.0722652 0.0719276 0.0694339 0.0650713 0.0592815 0.0525649 0.0453937 0.0381626 0.0311771 0.0246668 0.0188059 0.0137273 0.00952183 0.00622509 0.00380371
 0.0104842 0.016281 0.0231302 0.0305894 0.0383209 0.0461047 0.05368 0.0606199 0.0663767 0.070429 0.0724031 0.0721344 0.0696909 0.0653588 0.0595762 0.0528402 0.0456253 0.0383356 0.0312896 0.0247269 0.018826 0.0137195 0.00949651 0.00619139 0.00376954
