SBPRF35
12.7214
Curr Bio
770019
B35
875335
F35
0.16828
FOFL
0.144512
OFL
90686.3
Bzero
3.63469e+006
#pred survey bio
 3.52566e+006 3.4202e+006 3.31222e+006 3.15835e+006 2.97037e+006 2.76201e+006 2.52384e+006 2.30078e+006 2.06101e+006 1.81926e+006 1.63113e+006 1.45367e+006 1.27985e+006 1.10988e+006 993926 873219 775363 707516 665769 634336 621869 604092 595806 586800 581522 583670 566980 565672 576693 573126 575590 573828 574745 585793 602610 615237 631124 637288 638291 651311 651095 659971 654623 660435 668014 681144 671885 684196 689221 684026 680230 706587 732694 733206 767352 775401 2.67012e+007 1.5794e+007 1.59576e+007 1.68436e+007 1.8225e+007 1.98195e+007 2.14061e+007 2.28498e+007 2.40886e+007 2.51095e+007 2.59275e+007 2.657e+007 2.70677e+007 2.745e+007 2.77419e+007 2.79642e+007 2.81334e+007 2.82624e+007 2.83609e+007 2.84364e+007 2.84945e+007 2.85395e+007 2.85744e+007 2.86016e+007 2.8623e+007 2.86398e+007 2.8653e+007 2.86636e+007 2.86719e+007 2.86786e+007 2.8684e+007 2.86883e+007 2.86917e+007 2.86945e+007 2.86968e+007 2.86986e+007 2.87001e+007 2.87013e+007 2.87023e+007 2.87031e+007 2.87038e+007 2.87043e+007 2.87047e+007 2.87051e+007 2.87054e+007 2.87056e+007 2.87058e+007 2.8706e+007 2.87061e+007 2.87062e+007 2.87063e+007 2.87064e+007 2.87064e+007 2.87065e+007 2.87065e+007 2.87066e+007 2.87066e+007 2.87066e+007 2.87066e+007 2.87066e+007 2.87066e+007 2.87067e+007 2.87067e+007 2.87067e+007 2.87067e+007 2.87067e+007 2.87067e+007 2.87067e+007 2.87067e+007 2.87067e+007 2.87067e+007 2.87067e+007 2.87067e+007 2.87067e+007 2.87067e+007 2.87067e+007 2.87067e+007 2.87067e+007 2.87067e+007 2.87067e+007 2.87067e+007 2.87067e+007 2.87067e+007 2.87067e+007 2.87067e+007 2.87067e+007 2.87067e+007 2.87067e+007 2.87067e+007 2.87067e+007 2.87067e+007 2.87067e+007 2.87067e+007 2.87067e+007 2.87067e+007 2.87067e+007 2.87067e+007 2.87067e+007 2.87067e+007 2.87067e+007 0 0 0 0 0 0 0 0 0 0 0 0 0 0 0 0 0 0 0 0 0 0 0 0 0
#obs survey bio
 2.7063e+006 3.82232e+006 3.89526e+006 4.11062e+006 3.16998e+006 2.45616e+006 2.7742e+006 1.92432e+006 2.3192e+006 1.64219e+006 1.74816e+006 1.31115e+006 1.32806e+006 801126 722950 777885 709528 800151 586878 523646 746318 689133 486072 679422 517066 637511 551298 438822 598893 663102 532784 713492 535850 459278 521743 653492 576214 599030 539394 531938 581345 637188 548290 578010 425985 673618 749911 587905 895678 646529 640904 633622 515136 934463 970150 613315
#pred catch bio
 105636 109859 157000 196891 227459 268927 270693 301420 316927 280017 279329 281691 280821 234454 237372 213154 182627 156758 145302 127230 129436 118835 117516 112663 105366 119693 105011 94562.3 106267 99809.7 102450 99326.4 90794.6 87074.5 91819.2 89738.9 98181.5 102382 92923.8 105496 99292.9 112948 104495 104483 101239 120186 101085 107151 114323 111075 84881.7 85613.4 106305 76145 96850 109499 90686.3 102844 102634 106937 115164 125054 134907 143775 151253 157278 161975 165545 168207 170163 171583 172605 173334 173852 174218 174475 174656 174782 174870 174932 174975 175004 175025 175039 175049 175056 175061 175064 175066 175068 175069 175070 175070 175070 175071 175071 175071 175071 175071 175071 175071 175071 175071 175071 175071 175071 175071 175071 175071 175071 175071 175071 175071 175071 175071 175071 175071 175071 175071 175071 175071 175071 175071 175071 175071 175071 175071 175071 175071 175071 175071 175071 175071 175071 175071 175071 175071 175071 175071 175071 175071 175071 175071 175071 175071 175071 175071 175071 175071 175071 175071 175071 175071 175071 175071 175071 0 0 0 0 0 0 0 0 0 0 0 0 0 0 0 0 0 0 0 0 0 0 0 0 0
#obs catch bio
 0 109657 157272 197106 227816 269963 270435 302428 319642 281710 281164 283163 282457 238560 242842 217158 184944 158223 146984 128764 130938 119402 118150 113025 105591 119777 105429 94896.1 106666 99499.7 102357 99160.8 90813.7 86962.4 92005.8 89737.6 97946.8 101877 92651.9 105415 99070.2 113700 105190 105221 101911 121495 101422 107651 114897 111084 84704.2 85358.2 107118 75847.6 96926.6 109619
#pred cpue bio
 3.47796e+006 3.37432e+006 3.26763e+006 3.11423e+006 2.92664e+006 2.71872e+006 2.48127e+006 2.2587e+006 2.01972e+006 1.77921e+006 1.59203e+006 1.41577e+006 1.24342e+006 1.07508e+006 960124 841297 745389 679075 638347 607733 595739 578824 571086 562506 557532 559807 543695 542485 553393 550256 552919 551338 552335 563191 579616 592003 607718 613937 614882 627413 626965 635274 629762 635283 642620 655439 646608 658869 664043 659330 655906 681963 707983 708968 742887 751552 2.59136e+007 1.53418e+007 1.53589e+007 1.60641e+007 1.73761e+007 1.89525e+007 2.0535e+007 2.19779e+007 2.32165e+007 2.42375e+007 2.50554e+007 2.56979e+007 2.61957e+007 2.65779e+007 2.68698e+007 2.70921e+007 2.72613e+007 2.73903e+007 2.74888e+007 2.75643e+007 2.76224e+007 2.76674e+007 2.77023e+007 2.77295e+007 2.77509e+007 2.77677e+007 2.7781e+007 2.77915e+007 2.77998e+007 2.78065e+007 2.78119e+007 2.78162e+007 2.78196e+007 2.78224e+007 2.78247e+007 2.78265e+007 2.7828e+007 2.78292e+007 2.78302e+007 2.7831e+007 2.78317e+007 2.78322e+007 2.78327e+007 2.7833e+007 2.78333e+007 2.78335e+007 2.78337e+007 2.78339e+007 2.7834e+007 2.78341e+007 2.78342e+007 2.78343e+007 2.78344e+007 2.78344e+007 2.78344e+007 2.78345e+007 2.78345e+007 2.78345e+007 2.78345e+007 2.78345e+007 2.78346e+007 2.78346e+007 2.78346e+007 2.78346e+007 2.78346e+007 2.78346e+007 2.78346e+007 2.78346e+007 2.78346e+007 2.78346e+007 2.78346e+007 2.78346e+007 2.78346e+007 2.78346e+007 2.78346e+007 2.78346e+007 2.78346e+007 2.78346e+007 2.78346e+007 2.78346e+007 2.78346e+007 2.78346e+007 2.78346e+007 2.78346e+007 2.78346e+007 2.78346e+007 2.78346e+007 2.78346e+007 2.78346e+007 2.78346e+007 2.78346e+007 2.78346e+007 2.78346e+007 2.78346e+007 2.78346e+007 2.78346e+007 2.78346e+007 2.78346e+007 2.78346e+007 2.78346e+007 0 0 0 0 0 0 0 0 0 0 0 0 0 0 0 0 0 0 0 0 0 0 0 0 0
#obs cpue bio
 2.55253e+006 2.99487e+006 2.77109e+006 2.64911e+006 2.17879e+006 2.79196e+006 3.26039e+006 1.90074e+006 1.19711e+006 1.80894e+006 1.45546e+006 1.6739e+006 1.18793e+006 509546 955823 863278 832416 559796 563449 503254 499361 617120 650920 522476 564035 704788 375475 583467 645402 679254 560684 483781 485730 792581 556884 582458 923650 895294 522091 833157 639662 398529 556991 671994 778267 651808 621357 746892 509742 1.10374e+006 616910 894184 610641 722215 627367 955234
#pred surv len freq
 0.00417183 0.00690338 0.0106329 0.0154204 0.0211898 0.0276294 0.0341771 0.0401768 0.0451295 0.0488515 0.051441 0.0531332 0.0541729 0.0547559 0.0550174 0.0550406 0.0548731 0.054531 0.053963 0.0529697 0.0511422 0.0479258 0.0428728 0.0359839 0.0278947
 0.00433452 0.00709479 0.0107897 0.0154481 0.0210006 0.0271938 0.0335579 0.0395143 0.04458 0.0485142 0.0513212 0.0531608 0.0542581 0.0548458 0.0551216 0.0552187 0.0551922 0.0550162 0.0545644 0.0535669 0.0515893 0.0481161 0.0427872 0.0356939 0.0275196
 0.00448517 0.00735569 0.0112055 0.0160534 0.0217918 0.0280989 0.0344275 0.0401589 0.0448489 0.0483704 0.050858 0.0525451 0.0536428 0.0543128 0.054686 0.0548717 0.0549372 0.0548685 0.0545212 0.0535805 0.0515714 0.0479791 0.0424931 0.0352756 0.027061
 0.00464994 0.00762313 0.0116087 0.0166267 0.0225669 0.0290946 0.0356292 0.0414954 0.0461806 0.0495072 0.0516124 0.0528012 0.0534021 0.0536848 0.0538313 0.0539367 0.0540209 0.0540224 0.0537615 0.0528935 0.0509195 0.047319 0.0418053 0.0345839 0.0264232
 0.00483867 0.00793115 0.0120745 0.0172867 0.0234494 0.0302089 0.0369557 0.0429809 0.0477409 0.0510317 0.0529663 0.0538342 0.0539747 0.0537116 0.0533168 0.0529775 0.0527682 0.0526295 0.0523439 0.0515165 0.0496083 0.0460814 0.0406557 0.0335557 0.0255613
 0.00503863 0.00825856 0.0125718 0.0179952 0.024402 0.0314181 0.0384008 0.0446033 0.0494516 0.0527262 0.0545366 0.0551707 0.0549646 0.0542444 0.0533058 0.0523909 0.0516504 0.0510955 0.0505461 0.049605 0.0477052 0.0442789 0.0390272 0.032163 0.0244498
 0.00531534 0.0087009 0.0132237 0.0188933 0.0255697 0.0328566 0.0400786 0.0464515 0.0513713 0.0546047 0.0562632 0.0566449 0.0560953 0.0549466 0.0535 0.0520135 0.0506751 0.0495556 0.0485432 0.0472953 0.0452718 0.041903 0.0368664 0.0303364 0.023024
 0.00555855 0.00910393 0.0138439 0.0197876 0.0267815 0.0343966 0.0419066 0.0484735 0.0534577 0.0566201 0.0580896 0.0581896 0.0572861 0.0557208 0.0537974 0.0517754 0.0498546 0.0481384 0.0465725 0.0448872 0.0426095 0.0392102 0.0343659 0.0282065 0.0213662
 0.00578813 0.00948872 0.0144448 0.0206696 0.0280012 0.0359821 0.0438356 0.0506634 0.0557748 0.0589041 0.0601817 0.0599543 0.0586225 0.0565632 0.0541051 0.0515195 0.0490104 0.0466931 0.0445476 0.042367 0.0397583 0.0362604 0.0315764 0.0258024 0.0194857
 0.0060743 0.00994949 0.0151307 0.0216266 0.0292652 0.0375678 0.0457233 0.0527903 0.0580374 0.0611708 0.0623091 0.0618019 0.0600666 0.0575076 0.0544859 0.0513009 0.0481765 0.0452441 0.0425097 0.0398162 0.0368441 0.0332083 0.0286544 0.023258 0.0174809
 0.00629643 0.0103138 0.015685 0.0224171 0.0303277 0.0389143 0.0473288 0.0545901 0.0599396 0.0630755 0.0641214 0.0634336 0.0614306 0.0585157 0.0550526 0.0513524 0.0476591 0.0441305 0.0408097 0.0375926 0.034231 0.0304145 0.0259359 0.0208598 0.0155724
 0.00655022 0.010724 0.0162978 0.0232741 0.0314578 0.0403219 0.0489807 0.0564108 0.0618217 0.0649011 0.0657836 0.0648485 0.0625382 0.0592717 0.0554175 0.0512837 0.0471114 0.0430664 0.0392185 0.0355145 0.0317783 0.027776 0.0233514 0.018565 0.0137352
 0.00685835 0.0112219 0.0170409 0.0243099 0.0328152 0.0419943 0.0509106 0.0584871 0.0638978 0.0668257 0.0674291 0.0661261 0.0633985 0.0596973 0.0554111 0.0508529 0.0462581 0.0417847 0.0375083 0.0334072 0.0293642 0.0252165 0.02086 0.0163571 0.011967
 0.00717488 0.0117438 0.0178389 0.0254517 0.0343483 0.0439206 0.0531621 0.0609213 0.0663206 0.0690339 0.0692503 0.0674416 0.0641495 0.0598784 0.0550559 0.0500156 0.0449946 0.0401416 0.0355248 0.0311331 0.0268858 0.0226728 0.0184331 0.0142313 0.0102755
 0.00724685 0.0118869 0.0181036 0.0259041 0.035059 0.0449432 0.0545113 0.0625585 0.0681548 0.0709328 0.0710592 0.0690053 0.0653353 0.0605948 0.055261 0.0497138 0.0442227 0.0389533 0.0339812 0.0293054 0.0248675 0.020591 0.0164422 0.0124841 0.00888228
 0.00738514 0.012115 0.0184538 0.0264116 0.0357576 0.0458587 0.0556505 0.0639007 0.0696472 0.0724927 0.0725801 0.0703677 0.0664216 0.0613054 0.0555288 0.0495112 0.0435616 0.0378772 0.0325567 0.0276172 0.02302 0.0187097 0.0146659 0.0109418 0.00766214
 0.00755483 0.0123804 0.0188341 0.0269182 0.036394 0.0466198 0.056521 0.0648547 0.070651 0.0735092 0.0735695 0.0712842 0.0672086 0.0618962 0.055854 0.0495118 0.0432023 0.0371554 0.0315053 0.0263025 0.021538 0.0171787 0.0132126 0.00967917 0.00666458
 0.00770174 0.0126071 0.0191524 0.0273307 0.0368934 0.0471897 0.0571365 0.0654853 0.0712672 0.0740903 0.0741073 0.0717784 0.0676558 0.0622787 0.0561342 0.0496365 0.0431147 0.0368123 0.0308926 0.0254453 0.020501 0.0160586 0.01212 0.00871456 0.00589566
 0.00778873 0.0127405 0.0193382 0.0275686 0.0371772 0.0475078 0.057473 0.0658218 0.0715872 0.0743845 0.0743764 0.0720316 0.067904 0.0625254 0.0563674 0.0498245 0.0432094 0.0367604 0.0306526 0.0250045 0.019886 0.0153334 0.0113715 0.00802917 0.00533628
 0.00780506 0.0127752 0.0194051 0.0276844 0.0373559 0.047753 0.0577717 0.0661454 0.0719001 0.0746565 0.074592 0.0721918 0.0680224 0.0626197 0.0564503 0.0498958 0.0432512 0.0367398 0.0305316 0.024756 0.0195088 0.0148593 0.010858 0.00754217 0.00492874
 0.0076783 0.0125805 0.0191344 0.0273411 0.0369579 0.0473342 0.0573817 0.0658424 0.0717366 0.0746624 0.0747658 0.0725046 0.0684309 0.0630806 0.0569277 0.0503604 0.043676 0.037095 0.0307853 0.0248816 0.0194962 0.0147232 0.010638 0.00729066 0.00469449
 0.0077288 0.0126372 0.0191732 0.0273254 0.0368499 0.0471128 0.0570571 0.0654588 0.0713602 0.0743613 0.0745916 0.0724814 0.0685538 0.0633219 0.0572475 0.0507168 0.044031 0.0374156 0.0310422 0.0250507 0.0195641 0.0146934 0.0105328 0.0071457 0.00454671
 0.00774883 0.0126672 0.0192122 0.0273667 0.0368782 0.0471021 0.056974 0.0652733 0.0710629 0.0739779 0.0741838 0.0721296 0.0683303 0.0632673 0.0573617 0.0509661 0.0443628 0.0377733 0.0313757 0.0253215 0.0197487 0.0147861 0.0105456 0.00710393 0.00448023
 0.00774839 0.0126706 0.0192247 0.0273952 0.0369283 0.0471737 0.0570567 0.0653445 0.0710909 0.0739315 0.0740449 0.0719066 0.0680615 0.0630115 0.0571786 0.0508945 0.0444088 0.0379123 0.0315646 0.0255136 0.0199065 0.0148884 0.0105897 0.0071021 0.00445189
 0.00775138 0.0126687 0.0192101 0.0273577 0.0368602 0.0470755 0.0569407 0.0652319 0.0710028 0.0738777 0.0740185 0.0718877 0.0680296 0.0629597 0.0571199 0.0508569 0.0444213 0.0379893 0.0316982 0.0256775 0.020067 0.0150179 0.0106745 0.00714351 0.00446162
 0.00769214 0.012577 0.0190804 0.0271876 0.0366501 0.0468291 0.056667 0.0649476 0.0707338 0.0736558 0.0738741 0.0718393 0.0680768 0.0630837 0.057293 0.0510556 0.0446337 0.0382135 0.0319331 0.0259149 0.0202901 0.0152072 0.0108166 0.00723588 0.00451221
 0.00778333 0.0127182 0.0192793 0.0274452 0.0369585 0.0471701 0.0570097 0.0652508 0.0709528 0.0737541 0.073835 0.0716714 0.0678109 0.0627623 0.0569578 0.0507389 0.0443567 0.0379888 0.031767 0.025807 0.0202325 0.0151852 0.0108134 0.00723819 0.00451291
 0.0077421 0.0126563 0.0191959 0.0273436 0.0368464 0.0470583 0.0569118 0.0651803 0.0709198 0.0737614 0.0738758 0.071731 0.0678725 0.0628136 0.056995 0.0507662 0.0443823 0.0380208 0.0318105 0.0258629 0.0202973 0.0152518 0.0108737 0.00728566 0.00454512
 0.00756079 0.0123773 0.018806 0.0268435 0.0362524 0.0464038 0.0562482 0.0645739 0.0704409 0.0734679 0.0737986 0.0718681 0.0681919 0.0632636 0.0575175 0.0513085 0.0449053 0.0385004 0.0322351 0.0262281 0.020602 0.0154964 0.0110599 0.00741812 0.00463175
 0.00758802 0.0124006 0.018803 0.0267814 0.036098 0.0461389 0.0558814 0.0641428 0.0700011 0.0730774 0.0735044 0.0716997 0.0681603 0.0633619 0.0577238 0.0515902 0.0452259 0.038827 0.0325431 0.0265024 0.0208349 0.0156852 0.0112049 0.00752248 0.00470115
 0.00758249 0.0123918 0.0187887 0.0267564 0.036051 0.0460506 0.0557268 0.0639001 0.0696654 0.0726722 0.0730819 0.0713275 0.0679001 0.0632524 0.0577726 0.0517776 0.0455141 0.0391709 0.0329002 0.0268388 0.0211284 0.0159243 0.0113873 0.00765217 0.00478649
 0.0075807 0.0123919 0.0187944 0.0267725 0.0360814 0.046095 0.0557768 0.0639372 0.0696632 0.0726032 0.0729289 0.071095 0.0676191 0.0629741 0.0575523 0.0516563 0.0455069 0.0392663 0.033068 0.0270421 0.0213336 0.0161072 0.0115345 0.0077603 0.00485908
 0.00761212 0.0124305 0.0188299 0.0267887 0.0360623 0.0460328 0.055678 0.063821 0.0695521 0.0725112 0.0728549 0.0710249 0.0675366 0.062873 0.057444 0.0515672 0.0454667 0.0392944 0.033165 0.0271905 0.0215056 0.0162752 0.0116784 0.00787021 0.00493463
 0.00762363 0.01244 0.0188267 0.0267562 0.0359812 0.045887 0.0554616 0.0635436 0.0692403 0.0722052 0.0725985 0.0708527 0.067463 0.0628897 0.0575281 0.0516948 0.0456234 0.039476 0.0333708 0.0274147 0.0217342 0.0164889 0.0118597 0.00800933 0.00503092
 0.00752638 0.0122984 0.0186437 0.0265437 0.0357549 0.0456587 0.0552343 0.0633135 0.0690038 0.0719676 0.0723785 0.0706799 0.0673688 0.0628957 0.0576379 0.0518934 0.0458844 0.0397718 0.0336791 0.027719 0.0220203 0.0167432 0.0120705 0.00817005 0.0051425
 0.00741902 0.0121327 0.0184116 0.0262462 0.035404 0.0452787 0.0548612 0.0629877 0.0687588 0.0718177 0.0723161 0.0706842 0.067421 0.062989 0.0577771 0.0520859 0.0461302 0.0400602 0.0339911 0.0280328 0.0223158 0.017004 0.0122853 0.00833349 0.0052564
 0.0073554 0.012019 0.0182225 0.025954 0.0349882 0.0447397 0.0542313 0.0623319 0.0681602 0.0713544 0.0720399 0.0706102 0.0675301 0.0632412 0.0581276 0.0524973 0.0465766 0.0405231 0.0344532 0.0284751 0.0227184 0.0173496 0.0125627 0.00854017 0.00539801
 0.00742287 0.0121148 0.0183396 0.0260741 0.0350823 0.0447725 0.0541683 0.0621483 0.0678523 0.0709477 0.0715884 0.0701833 0.0671918 0.0630319 0.0580572 0.0525506 0.0467257 0.0407383 0.0347082 0.0287468 0.0229857 0.0175932 0.0127678 0.00869866 0.00550978
 0.00751496 0.0122621 0.0185557 0.0263666 0.0354474 0.0451882 0.0545889 0.0625081 0.0680798 0.0709869 0.071418 0.0698253 0.0667061 0.0624992 0.0575564 0.0521403 0.0464349 0.0405683 0.034642 0.0287592 0.0230494 0.0176829 0.0128622 0.00878242 0.00557468
 0.00752314 0.0122745 0.0185732 0.0263906 0.0354815 0.0452381 0.0546618 0.0626077 0.0681995 0.0711056 0.0715021 0.069839 0.0666269 0.0623297 0.0573266 0.0518979 0.0462284 0.040432 0.0345882 0.0287797 0.0231229 0.0177838 0.0129671 0.0088746 0.00564553
 0.00764378 0.0124604 0.0188336 0.0267258 0.0358818 0.0456833 0.0551207 0.0630412 0.0685667 0.071372 0.0716441 0.0698439 0.0664901 0.0620559 0.0569344 0.0514232 0.045722 0.0399495 0.0341759 0.0284642 0.0229085 0.017657 0.0129049 0.00885286 0.00564442
 0.00759677 0.0124062 0.0187925 0.0267298 0.0359646 0.0458659 0.0553997 0.0633869 0.0689335 0.0717127 0.0719214 0.0700342 0.0665811 0.0620429 0.0568186 0.0512142 0.0454413 0.0396309 0.0338599 0.0281879 0.0226958 0.017514 0.0128227 0.00881444 0.00563194
 0.00761137 0.0124323 0.0188373 0.026804 0.0360833 0.0460475 0.0556614 0.0637362 0.0693584 0.0721759 0.0723645 0.0703921 0.0668011 0.0620978 0.056709 0.0509622 0.0450821 0.0392068 0.0334166 0.0277692 0.0223368 0.0172349 0.0126267 0.00869057 0.0055618
 0.00759378 0.0123987 0.0187781 0.0267092 0.0359471 0.0458755 0.0554764 0.0635779 0.0692748 0.0722081 0.0725311 0.070679 0.0671628 0.0624692 0.0570249 0.051175 0.0451715 0.03918 0.0333012 0.0276034 0.0221593 0.0170764 0.0125045 0.00860844 0.00551363
 0.00755462 0.0123407 0.018701 0.0266152 0.035839 0.0457544 0.0553415 0.0634309 0.0691255 0.0720794 0.0724562 0.070692 0.067283 0.0626897 0.0573102 0.0514714 0.0454249 0.0393525 0.0333805 0.0276015 0.0221037 0.0169983 0.012429 0.0085497 0.0054752
 0.00736719 0.0120641 0.0183373 0.0261854 0.0353784 0.0453032 0.0549372 0.0631032 0.0688948 0.0719557 0.0724415 0.0707843 0.0674802 0.0629876 0.0576962 0.0519173 0.0458876 0.0397829 0.0337378 0.0278646 0.022274 0.0170941 0.0124751 0.00856844 0.00548181
 0.00740345 0.0121032 0.0183605 0.0261663 0.0352931 0.0451459 0.054729 0.062888 0.0687203 0.0718523 0.0724115 0.0708079 0.0675322 0.063053 0.0577745 0.052016 0.0460101 0.0399208 0.0338717 0.0279731 0.0223439 0.0171249 0.0124771 0.00855557 0.00546574
 0.00730531 0.0119512 0.018145 0.0258814 0.0349358 0.0447157 0.0542321 0.0623456 0.0681753 0.0713688 0.0720613 0.0706483 0.067586 0.0633023 0.0581718 0.0525037 0.0465361 0.040444 0.0343597 0.0283998 0.022691 0.0173853 0.0126561 0.00866799 0.00553029
 0.00717403 0.0117553 0.0178829 0.0255631 0.03458 0.0443437 0.0538635 0.061995 0.0678526 0.0710817 0.071821 0.0704752 0.0675093 0.0633509 0.0583598 0.0528213 0.0469507 0.0409101 0.0348308 0.0288366 0.0230648 0.0176806 0.0128704 0.00881029 0.00561639
 0.00719433 0.0117679 0.0178651 0.0254839 0.0344108 0.044075 0.053515 0.061613 0.0674925 0.0707853 0.0716045 0.0703328 0.0674285 0.0633272 0.0584015 0.0529422 0.0471572 0.0411922 0.0351616 0.0291794 0.023384 0.0179497 0.0130765 0.00895345 0.00570648
 0.00718875 0.0117643 0.0178684 0.0254978 0.0344322 0.0440873 0.0534877 0.0615115 0.0672961 0.0705033 0.0712773 0.0700162 0.0671713 0.0631566 0.0583242 0.052954 0.0472517 0.0413608 0.0353894 0.0294423 0.0236516 0.0181927 0.0132744 0.00909837 0.00580186
 0.00701373 0.0114827 0.0174518 0.0249265 0.0337042 0.0432293 0.0525622 0.0606092 0.0665137 0.0699163 0.070925 0.0699049 0.0672876 0.0634778 0.05882 0.0535857 0.0479739 0.0421267 0.036155 0.030168 0.0243026 0.0187413 0.0137046 0.00940949 0.00600767
 0.00685163 0.0112233 0.0170691 0.0243994 0.0330209 0.0423948 0.0516073 0.0595957 0.0655297 0.0690613 0.0702895 0.0695518 0.0672419 0.063727 0.0593241 0.0542892 0.0488152 0.0430432 0.037086 0.0310576 0.0251032 0.0194175 0.014237 0.00979708 0.00626646
 0.00682274 0.0111763 0.0169978 0.024296 0.0328756 0.0421953 0.0513396 0.0592485 0.0650997 0.0685605 0.0697506 0.0690285 0.0667999 0.0634296 0.0592162 0.0543872 0.0491058 0.043489 0.0376347 0.0316507 0.025684 0.0199384 0.0146656 0.0101199 0.0064879
 0.00649729 0.0106786 0.0163077 0.0234181 0.0318388 0.0410508 0.0501594 0.0581202 0.0641139 0.0677922 0.0692458 0.0688021 0.0668454 0.0637305 0.0597525 0.0551347 0.0500303 0.0445418 0.0387524 0.0327609 0.0267151 0.020831 0.0153824 0.0106505 0.00684773
 0.00616733 0.0101728 0.0156047 0.0225211 0.0307768 0.0398777 0.0489529 0.0569752 0.0631274 0.0670422 0.0687754 0.0686186 0.0669306 0.0640553 0.0602878 0.0558544 0.0509084 0.0455451 0.039834 0.033859 0.0277595 0.0217556 0.0161393 0.01122 0.00723907
#obs surv len freq
 nan nan nan nan nan nan nan nan nan nan nan nan nan nan nan nan nan nan nan nan nan nan nan nan nan
 0.00448496 0.00734643 0.0111765 0.0159929 0.0216935 0.0279689 0.0342827 0.0400137 0.0446931 0.0481567 0.0505144 0.0520101 0.0529023 0.0534146 0.0537288 0.0539837 0.0542622 0.0545549 0.0546937 0.0542856 0.0527236 0.0493558 0.0438056 0.0362858 0.0276695
 0.00461559 0.00756136 0.0115044 0.0164608 0.0223203 0.0287548 0.0351992 0.0410009 0.0456681 0.0490309 0.0512099 0.0524715 0.0531017 0.0533517 0.0534262 0.0534791 0.0535997 0.0537774 0.0538404 0.0533939 0.0518325 0.0485088 0.0430478 0.0356554 0.0271877
 0.00478525 0.0078374 0.0119203 0.0170483 0.0231035 0.0297404 0.0363663 0.042295 0.0470055 0.050311 0.0523299 0.0533393 0.0536469 0.0535333 0.053236 0.0529396 0.052757 0.0526919 0.0525794 0.0520282 0.0504382 0.0471669 0.0418391 0.0346463 0.0264151
 0.00496883 0.00813994 0.0123832 0.0177125 0.0240014 0.0308831 0.0377305 0.0438185 0.0485964 0.0518635 0.0537395 0.0545101 0.0544954 0.0539922 0.0532609 0.0525152 0.0519007 0.0514526 0.0510328 0.0502723 0.0485891 0.0453524 0.0401853 0.0332564 0.0253469
 0.00518941 0.00849906 0.0129248 0.0184785 0.0250243 0.0321743 0.0392671 0.0455379 0.0504024 0.053643 0.0553786 0.0559054 0.0555578 0.0546484 0.053454 0.0522081 0.0510814 0.0501422 0.049292 0.0482049 0.0463396 0.0430939 0.0380952 0.0314825 0.0239753
 0.00541854 0.008875 0.013497 0.0192951 0.0261228 0.0335671 0.0409265 0.0473915 0.0523443 0.0555538 0.0571441 0.0574252 0.0567462 0.0554326 0.053773 0.0520132 0.0503411 0.048852 0.0474883 0.0459788 0.0438427 0.0405277 0.0356791 0.0294069 0.0223573
 0.00565317 0.00926104 0.0140867 0.0201402 0.0272652 0.0350228 0.0426696 0.0493479 0.0544015 0.0575826 0.0590192 0.0590382 0.0580096 0.0562777 0.0541451 0.0518674 0.0496419 0.0475817 0.0456636 0.0436729 0.0412004 0.0377611 0.0330342 0.0271075 0.0205488
 0.00590408 0.00966958 0.014703 0.0210119 0.0284292 0.0364922 0.044419 0.051307 0.0564636 0.0596231 0.0609147 0.0606782 0.0593025 0.0571515 0.054545 0.0517509 0.048976 0.0463461 0.0438658 0.0413714 0.0385274 0.034925 0.0302897 0.0246966 0.0186363
 0.00615844 0.010087 0.0153381 0.0219177 0.0296457 0.03803 0.0462425 0.0533303 0.0585642 0.0616675 0.06278 0.0622636 0.0605293 0.0579596 0.0548881 0.0515925 0.0482869 0.0451074 0.0420816 0.0390919 0.0358725 0.0320924 0.02753 0.0222553 0.0166872
 0.00636707 0.0104328 0.0158714 0.0226898 0.0307003 0.0393869 0.0478816 0.0551842 0.0605268 0.0636131 0.0645845 0.0638183 0.0617479 0.0587787 0.0552633 0.0514921 0.0476865 0.0439906 0.0404509 0.03699 0.033406 0.0294419 0.0249294 0.0199393 0.0148265
 0.00660687 0.010822 0.0164558 0.0235122 0.0317923 0.0407571 0.0495023 0.056986 0.0624072 0.0654543 0.0662716 0.0652509 0.0628459 0.0594837 0.0555368 0.0513106 0.0470359 0.0428645 0.0388583 0.0349726 0.0310609 0.0269329 0.0224704 0.0177473 0.0130619
 0.00682678 0.0111836 0.0170075 0.0243005 0.0328519 0.0420952 0.0510837 0.0587298 0.0642003 0.0671758 0.0678134 0.0665277 0.0637953 0.0600624 0.0557163 0.0510734 0.0463729 0.0417745 0.037354 0.0330958 0.0289005 0.024635 0.020225 0.0157476 0.0114513
 0.00703669 0.0115283 0.0175326 0.0250503 0.0338606 0.0433722 0.0525989 0.060408 0.065931 0.0688342 0.0692828 0.0677145 0.0646353 0.0605202 0.0557791 0.0507421 0.0456548 0.0406807 0.035905 0.0313343 0.0269082 0.0225409 0.0181948 0.0139483 0.0100061
 0.0072717 0.0119124 0.0181137 0.0258733 0.0349567 0.0447436 0.0542034 0.0621554 0.0676962 0.0704828 0.0706943 0.0687971 0.0653304 0.0608014 0.0556473 0.0502171 0.0447661 0.0394616 0.0343929 0.0295805 0.0249915 0.0205759 0.0163232 0.01231 0.00870135
 0.0074387 0.0121914 0.0185475 0.0265062 0.0358254 0.0458621 0.0555482 0.0636592 0.0692573 0.0719837 0.0720216 0.0698553 0.0660499 0.0611414 0.0555953 0.0497845 0.0439814 0.0383639 0.0330298 0.0280114 0.0232956 0.0188572 0.0147026 0.0109029 0.00758762
 0.00753234 0.0123451 0.0187825 0.0268455 0.0362916 0.046474 0.0563134 0.0645681 0.070279 0.0730653 0.0730921 0.0708326 0.0668515 0.0616956 0.0558503 0.0497133 0.0435818 0.037656 0.0320527 0.0268226 0.0219725 0.0174962 0.0134107 0.00977835 0.00669691
 0.00762244 0.0124837 0.0189769 0.0270983 0.0366025 0.0468416 0.056737 0.0650473 0.0708125 0.0736491 0.0737144 0.0714689 0.0674606 0.0622215 0.0562299 0.0498885 0.0435107 0.0373209 0.0314638 0.0260184 0.021018 0.0164775 0.0124231 0.00890859 0.00600371
 0.00767307 0.0125635 0.0190921 0.0272523 0.0367951 0.0470679 0.0569873 0.0653098 0.0710785 0.0739182 0.0739955 0.0717741 0.0677946 0.0625716 0.0565622 0.0501514 0.0436466 0.037281 0.0312216 0.0255788 0.0204194 0.0157864 0.0117206 0.00827158 0.00548684
 0.00771443 0.0126246 0.0191728 0.0273489 0.0369019 0.0471797 0.057101 0.0654245 0.0711948 0.0740379 0.0741223 0.0719145 0.0679566 0.0627604 0.0567725 0.050362 0.0438199 0.03737 0.0311842 0.0253929 0.020093 0.0153587 0.0112519 0.00782618 0.00511432
 0.00776902 0.0127047 0.0192769 0.0274697 0.0370276 0.0472969 0.0571982 0.0654942 0.0712353 0.0740543 0.0741262 0.0719205 0.0679793 0.0628103 0.0568534 0.0504678 0.0439322 0.0374588 0.0312136 0.0253328 0.019932 0.0151111 0.0109548 0.00752672 0.00485374
 0.00781979 0.0127828 0.0193859 0.0276086 0.0371902 0.0474711 0.0573657 0.0656335 0.0713272 0.0740883 0.0741047 0.0718584 0.0678986 0.0627337 0.0567984 0.0504429 0.0439344 0.037473 0.0312159 0.0252972 0.0198404 0.0149621 0.0107658 0.0073274 0.00467398
 0.00784848 0.0128279 0.0194508 0.0276953 0.0372983 0.0475967 0.0575011 0.0657662 0.0714418 0.07417 0.0741429 0.0718502 0.06785 0.0626586 0.0567149 0.0503679 0.0438783 0.0374362 0.0311882 0.0252618 0.0197811 0.0148711 0.0106484 0.00719927 0.00455457
 0.00787242 0.0128634 0.019498 0.0277521 0.0373616 0.0476634 0.0575689 0.0658335 0.0715064 0.0742284 0.0741897 0.0718791 0.0678559 0.0626397 0.0566748 0.0503152 0.0438234 0.0373873 0.0311469 0.0252229 0.0197355 0.0148116 0.0105744 0.00711803 0.00447722
 0.00788763 0.0128836 0.0195197 0.0277696 0.0373681 0.047654 0.0575431 0.0657959 0.071466 0.0741956 0.0741736 0.0718843 0.067881 0.0626781 0.0567171 0.0503533 0.0438532 0.0374083 0.0311603 0.0252283 0.0197305 0.0147935 0.010543 0.00707756 0.00443481
 0.00789236 0.0128902 0.0195277 0.0277772 0.0373721 0.0476504 0.057527 0.0657639 0.071418 0.0741368 0.0741143 0.0718373 0.067857 0.0626822 0.0567473 0.0504017 0.0439092 0.0374627 0.0312066 0.0252629 0.0197515 0.0148001 0.0105364 0.00706113 0.00441373
 0.00790153 0.0129016 0.0195383 0.0277822 0.0373661 0.0476296 0.0574911 0.0657157 0.0713623 0.0740787 0.0740585 0.071789 0.0678223 0.0626672 0.056756 0.0504339 0.0439601 0.0375236 0.0312682 0.0253171 0.0197929 0.0148265 0.0105484 0.00706175 0.0044073
 0.00789203 0.0128859 0.019514 0.0277469 0.0373174 0.0475662 0.0574134 0.0656273 0.0712698 0.0739913 0.0739863 0.0717405 0.0678027 0.0626779 0.0567955 0.0504982 0.0440435 0.0376185 0.0313654 0.0254075 0.019869 0.014884 0.0105868 0.00708335 0.00441667
 0.00788471 0.0128719 0.0194893 0.0277063 0.0372569 0.047484 0.0573126 0.0655153 0.0711573 0.0738893 0.0739043 0.0716853 0.067779 0.0626876 0.0568375 0.0505686 0.044136 0.0377249 0.0314765 0.025514 0.0199627 0.0149593 0.0106414 0.0071187 0.00443671
 0.00786609 0.012839 0.0194349 0.0276227 0.0371374 0.0473269 0.0571241 0.0653105 0.0709572 0.0737162 0.0737772 0.0716164 0.0677722 0.0627398 0.05694 0.0507098 0.0443026 0.0379037 0.031655 0.0256806 0.0201081 0.0150772 0.0107296 0.00717903 0.00447404
 0.00786003 0.0128274 0.019414 0.0275874 0.0370819 0.0472459 0.0570147 0.065174 0.0708004 0.0735519 0.0736225 0.0714901 0.0676908 0.0627133 0.0569707 0.0507921 0.0444256 0.0380531 0.0318156 0.0258384 0.0202511 0.015197 0.010822 0.00724419 0.00451581
 0.00782288 0.0127687 0.019329 0.0274729 0.0369374 0.0470747 0.0568244 0.0649769 0.0706114 0.0733855 0.0734911 0.0714031 0.0676548 0.0627326 0.0570458 0.0509189 0.0445946 0.0382506 0.0320252 0.0260433 0.0204369 0.0153532 0.0109432 0.0073307 0.00457218
 0.00780714 0.0127379 0.0192734 0.0273808 0.0367987 0.0468863 0.0565945 0.0647251 0.0703645 0.0731699 0.0733267 0.0713013 0.067619 0.0627608 0.0571327 0.0510571 0.0447744 0.0384597 0.0322487 0.0262649 0.020641 0.0155273 0.0110804 0.00742999 0.00463781
 0.00777548 0.0126867 0.0191967 0.0272727 0.0366541 0.0467022 0.0563724 0.0644735 0.0701001 0.0729164 0.0731113 0.0711488 0.0675466 0.062774 0.0572264 0.0512183 0.0449864 0.0387044 0.0325077 0.0265201 0.0208758 0.0157284 0.0112399 0.00754633 0.00471539
 0.0077442 0.0126353 0.0191183 0.0271611 0.0365049 0.0465153 0.056154 0.0642363 0.0698606 0.0726921 0.0729186 0.0710025 0.0674599 0.0627575 0.0572848 0.0513488 0.0451779 0.0389397 0.0327663 0.0267811 0.0211198 0.0159401 0.0114096 0.00767149 0.00479973
 0.00770275 0.01257 0.0190241 0.0270344 0.0363447 0.0463237 0.0559375 0.0640063 0.0696326 0.0724832 0.0727444 0.0708757 0.0673893 0.0627485 0.0573399 0.0514668 0.0453531 0.0391607 0.0330164 0.0270401 0.0213672 0.0161582 0.0115869 0.00780368 0.00488969
 0.0076791 0.0125287 0.0189566 0.0269317 0.0361997 0.046135 0.0557129 0.0637627 0.069392 0.0722672 0.0725698 0.0707532 0.0673242 0.0627428 0.057393 0.0515761 0.0455135 0.0393635 0.0332489 0.0272854 0.0216061 0.0163731 0.0117645 0.00793799 0.00498219
 0.00766815 0.0125096 0.0189254 0.0268832 0.036128 0.0460347 0.055581 0.0636005 0.0692068 0.0720726 0.0723839 0.070595 0.0672099 0.0626826 0.0573909 0.0516311 0.0456207 0.0395153 0.0334342 0.0274896 0.0218124 0.0165642 0.0119267 0.00806341 0.00507022
 0.00762602 0.0124478 0.0188446 0.0267882 0.0360254 0.0459306 0.0554782 0.0634986 0.0691041 0.0719679 0.072279 0.0704961 0.0671269 0.0626275 0.0573743 0.0516599 0.0456965 0.0396342 0.0335876 0.0276649 0.0219942 0.0167366 0.0120758 0.00818086 0.00515398
 0.00760891 0.012417 0.018793 0.0267086 0.0359136 0.0457892 0.0553192 0.0633415 0.068969 0.0718676 0.0722156 0.0704626 0.0671138 0.0626287 0.0573904 0.0516961 0.0457593 0.0397274 0.0337096 0.0278087 0.0221479 0.0168861 0.0122081 0.00828708 0.00523104
 0.00758906 0.0123872 0.0187526 0.0266577 0.0358522 0.045716 0.0552322 0.0632396 0.0688558 0.0717529 0.0721133 0.0703859 0.0670704 0.0626184 0.0574078 0.0517354 0.0458178 0.039805 0.0338069 0.0279229 0.0222721 0.0170099 0.0123204 0.00837928 0.00529926
 0.00756873 0.0123564 0.0187105 0.0266052 0.0357918 0.0456516 0.0551677 0.0631785 0.0687995 0.0717009 0.0720641 0.0703399 0.0670312 0.0625921 0.0574 0.051749 0.0458525 0.0398591 0.0338781 0.0280083 0.0223667 0.0171064 0.0124103 0.00845492 0.00535653
 0.00756693 0.012351 0.018698 0.0265812 0.0357525 0.0455958 0.055099 0.0631045 0.0687295 0.0716425 0.0720209 0.0703108 0.067013 0.062582 0.0573979 0.051757 0.0458736 0.0398954 0.0339296 0.0280729 0.0224402 0.0171827 0.0124824 0.00851671 0.00540415
 0.00755274 0.0123318 0.018676 0.0265602 0.0357362 0.0455851 0.0550909 0.0630931 0.0687091 0.0716113 0.071982 0.0702708 0.0669782 0.0625564 0.0573825 0.0517518 0.0458787 0.0399118 0.0339582 0.0281133 0.0224901 0.0172375 0.0125363 0.00856424 0.00544167
 0.00754278 0.0123138 0.018646 0.0265142 0.0356724 0.0455063 0.0550054 0.0630133 0.068647 0.0715733 0.0719673 0.0702736 0.066992 0.0625772 0.057409 0.0517839 0.0459167 0.0399555 0.0340073 0.0281671 0.0225468 0.0172942 0.0125891 0.00860936 0.00547662
 0.00753263 0.012299 0.0186265 0.0264908 0.0356453 0.0454749 0.0549678 0.0629681 0.0685955 0.0715204 0.0719211 0.0702415 0.0669781 0.0625807 0.0574261 0.0518103 0.0459494 0.039993 0.0340488 0.028212 0.0225937 0.0173407 0.0126322 0.00864624 0.00550532
 0.00749641 0.0122435 0.0185496 0.026393 0.0355307 0.0453502 0.0548429 0.0628542 0.0685029 0.0714564 0.0718884 0.0702399 0.0670053 0.0626337 0.0575006 0.0519004 0.0460483 0.0400941 0.0341472 0.0283042 0.0226772 0.0174137 0.0126931 0.00869395 0.00554003
 0.00750256 0.0122476 0.0185451 0.0263707 0.0354813 0.0452694 0.0547344 0.06273 0.0683799 0.0713507 0.0718115 0.0701965 0.0669951 0.0626529 0.0575443 0.0519635 0.0461252 0.0401793 0.0342349 0.0283892 0.0227554 0.0174819 0.0127495 0.00873765 0.00557146
 0.00750032 0.0122484 0.0185538 0.0263932 0.0355211 0.0453233 0.0547902 0.0627695 0.0683859 0.0713154 0.0717398 0.070104 0.0669008 0.0625726 0.0574871 0.0519323 0.0461183 0.0401924 0.0342628 0.0284262 0.0227962 0.0175218 0.012785 0.00876658 0.00559301
 0.00748015 0.0122149 0.0185026 0.0263212 0.0354287 0.045217 0.0546831 0.0626783 0.0683241 0.0712872 0.0717389 0.0701184 0.0669205 0.0625944 0.0575143 0.05197 0.04617 0.0402576 0.0343375 0.0285045 0.022872 0.0175898 0.0128414 0.00880991 0.00562358
 0.00748015 0.0122149 0.0185026 0.0263212 0.0354287 0.045217 0.0546831 0.0626783 0.0683241 0.0712872 0.0717389 0.0701184 0.0669205 0.0625944 0.0575143 0.05197 0.04617 0.0402576 0.0343375 0.0285045 0.022872 0.0175898 0.0128414 0.00880991 0.00562358
 0.00728182 0.0118975 0.0180357 0.0256837 0.0346175 0.0442587 0.0536438 0.0616616 0.0674522 0.0706705 0.0714478 0.0701697 0.0672798 0.0631922 0.0582663 0.0527962 0.0470052 0.0410546 0.0350642 0.0291399 0.0234037 0.0180133 0.0131599 0.00903405 0.00576997
 0.00719433 0.0117376 0.0177627 0.0252499 0.0339809 0.0434024 0.0525951 0.060498 0.0662904 0.0696427 0.0706755 0.0697422 0.0672396 0.0635287 0.0589208 0.0536771 0.0480095 0.0420866 0.0360475 0.030021 0.0241501 0.0186108 0.0136099 0.00935055 0.00597621
 0.00722118 0.0117746 0.0178044 0.0252817 0.0339764 0.0433224 0.0523918 0.0601269 0.0657301 0.0689139 0.0698493 0.0689292 0.0665635 0.0630943 0.0587887 0.0538518 0.0484441 0.0427001 0.0367469 0.0307213 0.0247865 0.0191433 0.014022 0.00964545 0.0061705
 0.00705574 0.0115221 0.0174553 0.0248388 0.0334541 0.042744 0.0517861 0.0595238 0.0651541 0.0683798 0.069365 0.0685075 0.0662345 0.0629078 0.0588018 0.0541066 0.048947 0.0434131 0.0375945 0.03161 0.025627 0.0198683 0.0145953 0.0100612 0.00644655
 0.00706698 0.0115255 0.0174334 0.0247672 0.033309 0.042513 0.0514767 0.0591624 0.0647748 0.0680099 0.0690167 0.0681795 0.0659241 0.0626259 0.0585809 0.0539966 0.0489974 0.0436506 0.0380074 0.0321474 0.026214 0.0204287 0.0150713 0.0104243 0.00669618
#pred catch len freq
 0.00454861 0.0071722 0.0104126 0.0141715 0.0183883 0.0230261 0.0280001 0.0331362 0.0382 0.0429573 0.0472126 0.0508268 0.0537266 0.0559062 0.0574127 0.058326 0.0587417 0.0587447 0.0583474 0.0573897 0.055468 0.0520064 0.0465345 0.0390616 0.030282
 0.00475975 0.00744354 0.0106909 0.0143701 0.0184201 0.0228501 0.0276525 0.0327197 0.0378335 0.0427165 0.0471001 0.0507874 0.0536943 0.0558514 0.0573641 0.0583564 0.0589264 0.0591111 0.0588414 0.057882 0.0558029 0.0520725 0.0463166 0.0386424 0.0297944
 0.0049499 0.00774938 0.0111398 0.0149718 0.0191491 0.0236292 0.0283533 0.033195 0.0379781 0.0425212 0.046658 0.0502423 0.0531681 0.0554013 0.0569937 0.0580576 0.0587104 0.0590016 0.0588402 0.0579393 0.0558237 0.0519612 0.0460307 0.0382166 0.0293186
 0.00517487 0.00809763 0.0116334 0.0156246 0.0199694 0.0246193 0.0294962 0.0344324 0.0391922 0.0435443 0.047319 0.0504336 0.0528921 0.0547637 0.0561481 0.0571438 0.0578221 0.0581881 0.0581167 0.0572906 0.0552079 0.0513294 0.0453589 0.0375277 0.0286738
 0.00542921 0.00849251 0.0121938 0.0163636 0.0208898 0.0257156 0.0307534 0.0358205 0.0406588 0.0450047 0.0486491 0.0514772 0.0534936 0.0548203 0.055653 0.0561903 0.0565647 0.0567858 0.0566898 0.0559065 0.0538908 0.0500842 0.0441975 0.0364829 0.0277925
 0.00571483 0.008936 0.0128233 0.0171942 0.0219248 0.0269483 0.0321647 0.0373738 0.0422975 0.0466532 0.0502146 0.0528488 0.0545441 0.0554181 0.0556907 0.0556218 0.05543 0.0552041 0.0548235 0.0539159 0.0519063 0.048203 0.042496 0.0350255 0.0266271
 0.00607773 0.00949269 0.0136004 0.0181976 0.0231451 0.028367 0.0337554 0.0390972 0.0440967 0.0484524 0.0519231 0.054366 0.0557633 0.0562306 0.0559917 0.0553263 0.0544974 0.0536632 0.05278 0.0515367 0.0493873 0.045737 0.0402498 0.0331243 0.0251411
 0.00643411 0.0100493 0.0143962 0.0192552 0.0244698 0.029945 0.035549 0.0410417 0.0461043 0.0504239 0.0537586 0.0559708 0.0570488 0.0571112 0.0563842 0.0551523 0.0536958 0.0522127 0.0507246 0.0490009 0.0465694 0.0428786 0.0375911 0.0308573 0.0233755
 0.006781 0.0105943 0.0151823 0.0203136 0.0258186 0.031587 0.0374626 0.0431709 0.0483553 0.0526719 0.0558636 0.0577971 0.0584806 0.0580612 0.0567892 0.0549637 0.0528742 0.0507359 0.048612 0.0463426 0.0435428 0.039736 0.0346128 0.0282873 0.0213634
 0.00714995 0.0111636 0.0159844 0.0213632 0.0271186 0.0331336 0.0392446 0.0451601 0.0504951 0.0548718 0.0580013 0.0597303 0.0600661 0.0591743 0.0573367 0.054885 0.0521351 0.0493252 0.0465517 0.043712 0.0405026 0.0365297 0.0315301 0.0255957 0.0192391
 0.00748446 0.0116828 0.0167205 0.0223324 0.0283222 0.0345602 0.0408689 0.04694 0.0523731 0.0567783 0.0598574 0.0614464 0.0615407 0.0602979 0.058002 0.0549993 0.0516306 0.0481664 0.0447458 0.0413261 0.0376831 0.0335052 0.028581 0.0229908 0.0171644
 0.00788123 0.0122925 0.0175733 0.0234354 0.0296634 0.0361138 0.0425953 0.0487819 0.0542542 0.0586095 0.0615478 0.0629133 0.0627143 0.0611188 0.0584145 0.0549462 0.0510546 0.0470219 0.0430189 0.0390603 0.0350018 0.0306161 0.0257483 0.020474 0.0151488
 0.00836671 0.0130379 0.018614 0.0247765 0.0312828 0.0379676 0.0446177 0.0508832 0.0563242 0.0605302 0.0632085 0.0642244 0.0636142 0.0615745 0.0584146 0.0544884 0.0501337 0.0456278 0.04115 0.0367508 0.0323516 0.0278035 0.0230088 0.0180453 0.0132032
 0.00876293 0.0136603 0.0195108 0.0259793 0.0328033 0.0397914 0.0466942 0.0531183 0.0585846 0.0626604 0.0650551 0.0656574 0.0645439 0.0619583 0.0582533 0.0538122 0.0489841 0.044044 0.0391692 0.0344258 0.0297765 0.0251316 0.0204406 0.0157844 0.0113979
 0.00895931 0.0139812 0.019998 0.0266764 0.0337508 0.041018 0.0482031 0.0548741 0.0605079 0.0646316 0.0669262 0.0672727 0.0657641 0.0626825 0.0584313 0.0534427 0.0481026 0.0427061 0.0374404 0.0323839 0.0275251 0.0228116 0.0182234 0.0138395 0.00984764
 0.00917142 0.0143118 0.0204706 0.0273076 0.0345533 0.0420029 0.0493764 0.0562285 0.0620116 0.0662202 0.0685026 0.0687152 0.0669427 0.0634807 0.0587641 0.0532691 0.0474264 0.0415691 0.0359126 0.0305574 0.025515 0.020757 0.0162785 0.0121478 0.00850758
 0.00937471 0.01462 0.0208939 0.0278429 0.0351898 0.0427291 0.0501846 0.0571137 0.0629667 0.0672301 0.0695377 0.0697256 0.0678574 0.064212 0.059221 0.0533739 0.0471306 0.0408637 0.0348305 0.0291709 0.0239304 0.0191059 0.0147025 0.0107734 0.00741898
 0.00952524 0.0148463 0.0212004 0.0282227 0.035628 0.0432092 0.0506931 0.0576414 0.0635091 0.0677864 0.0701082 0.0703063 0.0684317 0.0647441 0.059654 0.0536363 0.0471508 0.0405884 0.0342414 0.0282949 0.0228399 0.0179094 0.0135243 0.00972709 0.00658159
 0.00963132 0.0150047 0.0214128 0.0284816 0.0359197 0.0435182 0.0510059 0.0579485 0.0638053 0.0680721 0.0703893 0.070592 0.0687292 0.0650511 0.0599514 0.0538843 0.0472928 0.0405631 0.0340018 0.0278264 0.0221723 0.0171146 0.0126997 0.00896972 0.00596229
 0.00959249 0.0149557 0.021365 0.0284545 0.0359354 0.0435932 0.0511448 0.0581421 0.064036 0.0683211 0.0706428 0.0708437 0.0689791 0.0653016 0.0602004 0.0541186 0.0474836 0.0406681 0.0339759 0.0276388 0.0218226 0.0166397 0.0121662 0.00845352 0.00552519
 0.00945249 0.0147466 0.0210856 0.0281179 0.0355684 0.043233 0.0508341 0.057924 0.0639453 0.0683748 0.0708356 0.0711513 0.0693677 0.0657368 0.0606529 0.0545625 0.0478915 0.0410079 0.0342118 0.0277404 0.0217776 0.016464 0.0119028 0.00816007 0.00525518
 0.00948045 0.014771 0.0210837 0.028057 0.0354156 0.0429712 0.0504755 0.0575128 0.0635473 0.0680592 0.0706563 0.0711354 0.0695121 0.0660135 0.0610191 0.0549719 0.0483012 0.0413797 0.0345119 0.0279409 0.021863 0.0164378 0.0117903 0.00800137 0.00509202
