SBPRF35
12.7214
Curr Bio
765253
B35
870824
F35
0.171596
FOFL
0.150346
OFL
95393.8
Bzero
3.63469e+006
#pred survey bio
 3.56287e+006 3.46472e+006 3.36578e+006 3.22797e+006 3.04366e+006 2.8475e+006 2.59306e+006 2.33967e+006 2.08873e+006 1.89187e+006 1.637e+006 1.43346e+006 1.27737e+006 1.11832e+006 988602 890007 809409 739019 698251 672586 630864 616671 596542 577456 556661 547110 546760 546618 542298 540655 550351 550286 555953 562290 579357 600803 615300 631835 641885 648730 651651 663292 665840 667998 661901 664138 656733 662520 651978 646971 642018 692228 714595 751542 760090 771861 2.71237e+007 1.62218e+007 1.65617e+007 1.75416e+007 1.89355e+007 2.04844e+007 2.19943e+007 2.33507e+007 2.45043e+007 2.54489e+007 2.62021e+007 2.67917e+007 2.72473e+007 2.75966e+007 2.78631e+007 2.8066e+007 2.82205e+007 2.83383e+007 2.84285e+007 2.84977e+007 2.85511e+007 2.85924e+007 2.86246e+007 2.86498e+007 2.86696e+007 2.86852e+007 2.86976e+007 2.87074e+007 2.87152e+007 2.87215e+007 2.87265e+007 2.87305e+007 2.87338e+007 2.87364e+007 2.87386e+007 2.87403e+007 2.87417e+007 2.87429e+007 2.87438e+007 2.87446e+007 2.87452e+007 2.87457e+007 2.87461e+007 2.87465e+007 2.87467e+007 2.8747e+007 2.87471e+007 2.87473e+007 2.87474e+007 2.87475e+007 2.87476e+007 2.87477e+007 2.87477e+007 2.87478e+007 2.87478e+007 2.87478e+007 2.87479e+007 2.87479e+007 2.87479e+007 2.87479e+007 2.87479e+007 2.87479e+007 2.87479e+007 2.8748e+007 2.8748e+007 2.8748e+007 2.8748e+007 2.8748e+007 2.8748e+007 2.8748e+007 2.8748e+007 2.8748e+007 2.8748e+007 2.8748e+007 2.8748e+007 2.8748e+007 2.8748e+007 2.8748e+007 2.8748e+007 2.8748e+007 2.8748e+007 2.8748e+007 2.8748e+007 2.8748e+007 2.8748e+007 2.8748e+007 2.8748e+007 2.8748e+007 2.8748e+007 2.8748e+007 2.8748e+007 2.8748e+007 2.8748e+007 2.8748e+007 2.8748e+007 2.8748e+007 2.8748e+007 2.8748e+007 2.8748e+007 2.8748e+007 0 0 0 0 0 0 0 0 0 0 0 0 0 0 0 0 0 0 0 0 0 0 0 0 0
#obs survey bio
 2.52305e+006 4.19913e+006 2.7346e+006 2.78689e+006 3.32763e+006 2.72654e+006 2.32686e+006 2.49418e+006 1.94584e+006 2.51114e+006 1.81432e+006 1.21188e+006 1.13414e+006 1.27237e+006 1.67046e+006 724216 1.05568e+006 832747 554493 681021 899219 542274 821517 764342 645534 516998 557501 1.07556e+006 435838 459423 411032 569556 508141 472988 964428 779564 671565 894026 997839 688168 512281 615430 875122 629913 649024 612326 489725 503696 723276 650918 695993 624904 858537 662151 961663 700831
#pred catch bio
 94208.1 99340 143656 197878 222896 291638 306717 319631 283911 345425 305070 266680 270566 243856 215582 198488 186845 158614 143814 153880 126453 128322 123812 121748 109747 101061 100268 102745 100114 91897.3 102089 99046.7 100346 92780.7 90212.6 96562.1 95105.2 100518 102458 105211 98334.3 106844 107333 114321 107243 115289 103838 117080 110754 109315 63002.2 87553.6 74643.2 98605.3 94959.4 101819 95393.8 107198 108027 113219 121819 131603 141097 149512 156532 162143 166487 169770 172205 173985 175272 176194 176850 177313 177639 177868 178028 178139 178217 178271 178308 178334 178352 178364 178373 178379 178383 178385 178387 178389 178390 178390 178391 178391 178391 178391 178391 178391 178392 178392 178392 178392 178392 178392 178392 178392 178392 178392 178392 178392 178392 178392 178392 178392 178392 178392 178392 178392 178392 178392 178392 178392 178392 178392 178392 178392 178392 178392 178392 178392 178392 178392 178392 178392 178392 178392 178392 178392 178392 178392 178392 178392 178392 178392 178392 178392 178392 178392 178392 178392 178392 178392 178392 178392 178392 178392 0 0 0 0 0 0 0 0 0 0 0 0 0 0 0 0 0 0 0 0 0 0 0 0 0
#obs catch bio
 0 99079.7 143714 198555 223370 292866 307638 321879 285270 347452 306441 268039 271606 244198 214282 199450 186808 158983 144185 155205 126398 128288 123170 120980 109160 100869 100419 101862 99406.2 91459.3 102120 99279.6 101446 93925.9 90551.3 96587.1 95115.9 100462 102133 104464 97943.1 106871 106923 114099 107114 115423 103896 117567 110776 109850 62543.1 87795.1 74254.1 98802 94668.5 101865
#pred cpue bio
 3.51718e+006 3.42068e+006 3.32156e+006 3.18311e+006 2.99889e+006 2.80295e+006 2.54929e+006 2.29666e+006 2.04669e+006 1.8507e+006 1.5979e+006 1.39608e+006 1.24142e+006 1.08414e+006 955921 858380 778887 709854 670005 645061 604726 591386 572143 553856 533795 524556 524259 524377 520356 518504 527559 527095 532288 538351 555302 576788 591262 607570 617661 624671 627512 638680 641122 643260 637190 639333 632129 637882 627758 623100 618475 668210 690918 727583 736014 747555 2.62738e+007 1.57104e+007 1.58856e+007 1.67171e+007 1.80699e+007 1.9611e+007 2.11196e+007 2.24758e+007 2.36293e+007 2.4574e+007 2.53272e+007 2.59167e+007 2.63724e+007 2.67216e+007 2.69881e+007 2.7191e+007 2.73455e+007 2.74634e+007 2.75535e+007 2.76227e+007 2.76761e+007 2.77175e+007 2.77496e+007 2.77748e+007 2.77946e+007 2.78103e+007 2.78226e+007 2.78324e+007 2.78402e+007 2.78465e+007 2.78515e+007 2.78556e+007 2.78588e+007 2.78615e+007 2.78636e+007 2.78654e+007 2.78668e+007 2.78679e+007 2.78688e+007 2.78696e+007 2.78702e+007 2.78707e+007 2.78712e+007 2.78715e+007 2.78718e+007 2.7872e+007 2.78722e+007 2.78723e+007 2.78725e+007 2.78726e+007 2.78726e+007 2.78727e+007 2.78728e+007 2.78728e+007 2.78728e+007 2.78729e+007 2.78729e+007 2.78729e+007 2.78729e+007 2.78729e+007 2.7873e+007 2.7873e+007 2.7873e+007 2.7873e+007 2.7873e+007 2.7873e+007 2.7873e+007 2.7873e+007 2.7873e+007 2.7873e+007 2.7873e+007 2.7873e+007 2.7873e+007 2.7873e+007 2.7873e+007 2.7873e+007 2.7873e+007 2.7873e+007 2.7873e+007 2.7873e+007 2.7873e+007 2.7873e+007 2.7873e+007 2.7873e+007 2.7873e+007 2.7873e+007 2.7873e+007 2.7873e+007 2.7873e+007 2.7873e+007 2.7873e+007 2.7873e+007 2.7873e+007 2.7873e+007 2.7873e+007 2.7873e+007 2.7873e+007 2.7873e+007 2.7873e+007 2.7873e+007 0 0 0 0 0 0 0 0 0 0 0 0 0 0 0 0 0 0 0 0 0 0 0 0 0
#obs cpue bio
 2.64771e+006 4.44063e+006 3.56888e+006 2.3856e+006 2.20313e+006 3.68688e+006 2.7262e+006 1.59451e+006 1.74585e+006 2.03906e+006 1.27155e+006 1.34189e+006 1.68277e+006 1.02339e+006 878855 564914 816993 495864 746083 522646 542946 749511 573662 511664 461815 454014 415694 600282 655560 498289 585282 390704 306225 416781 561067 647565 495729 490577 497901 927083 582367 566448 648175 672456 540406 693256 683571 793302 658062 591284 691838 732552 683877 677027 731086 655578
#pred surv len freq
 0.00423716 0.00700701 0.0107827 0.0156184 0.0214274 0.027883 0.0344068 0.0403336 0.045171 0.0487587 0.0512261 0.0528337 0.0538354 0.0544204 0.0547093 0.0547719 0.0546492 0.0543587 0.0538545 0.0529415 0.0512069 0.0480822 0.0430995 0.0362425 0.0281423
 0.00457125 0.00744503 0.0112513 0.0159936 0.0215808 0.0277471 0.0340191 0.039824 0.0446943 0.0484169 0.0510293 0.0527204 0.0537314 0.0542942 0.0545941 0.0547463 0.0547904 0.0546915 0.0543216 0.0534131 0.0515308 0.0481513 0.0429 0.0358534 0.027689
 0.00468662 0.00769499 0.0117339 0.0168153 0.0228016 0.0293128 0.0357254 0.0413604 0.0457644 0.0488653 0.0508926 0.0521707 0.0529662 0.0534541 0.0537503 0.053937 0.0540547 0.0540681 0.0538196 0.0529885 0.0510978 0.0476285 0.0422609 0.0351451 0.0270051
 0.0048171 0.00789776 0.0120274 0.0172249 0.0233714 0.0301095 0.0368201 0.0427796 0.0474311 0.050574 0.0523549 0.0531227 0.0532743 0.0531514 0.0529893 0.0529056 0.0529128 0.0529252 0.0527353 0.0519768 0.0501367 0.0466846 0.0413236 0.0342461 0.0262077
 0.00497712 0.00816454 0.0124401 0.0178217 0.0241797 0.0311347 0.0380395 0.0441499 0.048904 0.0520995 0.0538605 0.0544839 0.0543135 0.0536878 0.052914 0.0522296 0.051757 0.0514632 0.0511314 0.0503493 0.0485538 0.0451843 0.0399397 0.0330239 0.0251974
 0.00513602 0.00842658 0.0128419 0.0184011 0.0249701 0.0321541 0.0392787 0.0455659 0.0504254 0.053642 0.0553426 0.0558307 0.0554448 0.0545027 0.0532933 0.0520697 0.0510165 0.0501923 0.0494599 0.0484441 0.0465763 0.0432681 0.0381907 0.0315243 0.0240021
 0.00537647 0.00881826 0.0134327 0.0192357 0.026081 0.033548 0.0409226 0.0473831 0.0523071 0.0554691 0.0570061 0.0572428 0.0565389 0.0552246 0.0535883 0.0518759 0.0502773 0.0488862 0.0476324 0.046218 0.0441336 0.0408149 0.0359197 0.0295855 0.0224818
 0.0056097 0.00920506 0.0140289 0.0200979 0.0272547 0.0350495 0.0427203 0.049392 0.0544012 0.0575073 0.0588566 0.0587977 0.057719 0.0559755 0.0538717 0.0516587 0.0495266 0.0475791 0.0457814 0.0439008 0.0415066 0.0380974 0.0333507 0.0273692 0.0207425
 0.00583657 0.00958217 0.0146122 0.0209455 0.0284167 0.0365501 0.0445392 0.0514553 0.0565899 0.0596777 0.0608631 0.0605102 0.059034 0.0568201 0.054201 0.051447 0.048758 0.0462463 0.0438991 0.0415326 0.0387895 0.0352435 0.0306131 0.0249809 0.0188563
 0.0059493 0.00977964 0.0149366 0.0214475 0.0291478 0.0375487 0.0458159 0.0529842 0.0583103 0.0615019 0.0626855 0.0622155 0.0605054 0.0579492 0.0548969 0.0516413 0.0484049 0.0453233 0.0424137 0.0395395 0.0364109 0.0326744 0.0280956 0.0227489 0.017073
 0.00623773 0.0102474 0.0156383 0.0224329 0.0304515 0.0391752 0.0477235 0.0550803 0.0604638 0.06357 0.0645382 0.0637505 0.0616497 0.0586543 0.0551297 0.0513763 0.0476215 0.0440092 0.040578 0.0372343 0.0337537 0.0298559 0.0253577 0.0203294 0.015141
 0.00648743 0.0106543 0.0162523 0.0233008 0.0316081 0.0406288 0.0494414 0.0569834 0.0624378 0.0654866 0.0662763 0.0652085 0.0627502 0.0593434 0.0553733 0.0511535 0.0469185 0.0428187 0.038909 0.0351314 0.0313203 0.0272639 0.0228283 0.0180839 0.01334
 0.00667229 0.0109573 0.0167134 0.0239591 0.0324955 0.0417587 0.0507966 0.0585112 0.0640568 0.0671006 0.0677886 0.0665305 0.0638058 0.0600707 0.0557248 0.0510953 0.0464277 0.0418839 0.0375364 0.0333597 0.0292394 0.025024 0.0206248 0.0161149 0.011752
 0.00694345 0.0113969 0.0173717 0.0248805 0.0337072 0.0432555 0.0525258 0.0603701 0.0659098 0.0688086 0.0692358 0.0676375 0.0645297 0.0603967 0.0556555 0.0506399 0.0455957 0.0406844 0.0359856 0.0314971 0.0271459 0.0228317 0.0185049 0.0142403 0.0102496
 0.00725107 0.0118821 0.0180742 0.0258273 0.034908 0.0446959 0.0541584 0.0621108 0.0676451 0.0704142 0.070597 0.0686648 0.0651666 0.0606209 0.055473 0.0500748 0.0446787 0.0394459 0.0344577 0.0297254 0.0252053 0.0208364 0.0165995 0.0125693 0.00891742
 0.00740289 0.0121494 0.0185133 0.0265 0.0358645 0.0459487 0.0556611 0.0637578 0.0692965 0.0719324 0.071874 0.0696299 0.06578 0.0608643 0.0553449 0.0495887 0.04386 0.0383285 0.033083 0.0281465 0.0234966 0.0190996 0.0149565 0.0111386 0.00778243
 0.00748057 0.0122841 0.0187331 0.0268404 0.0363651 0.0466454 0.0565737 0.0648757 0.0705691 0.073269 0.0731558 0.0707342 0.0666057 0.0613486 0.0554651 0.049352 0.0432925 0.0374666 0.031972 0.0268435 0.0220759 0.017655 0.0135936 0.00995598 0.00684736
 0.00762687 0.0125092 0.0190487 0.0272503 0.0368675 0.0472358 0.0572458 0.0656209 0.0713738 0.0741109 0.073999 0.0715253 0.0672762 0.061826 0.0556884 0.0492851 0.0429285 0.0368248 0.0310917 0.0257807 0.0209025 0.0164575 0.0124653 0.00898029 0.00607892
 0.00767957 0.0125912 0.0191652 0.0274032 0.037055 0.0474528 0.0574853 0.0658777 0.0716499 0.0744184 0.0743566 0.0719461 0.0677526 0.06232 0.0561352 0.049608 0.0430599 0.0367231 0.0307496 0.0252256 0.0201913 0.0156679 0.0116831 0.00828308 0.00551949
 0.00752863 0.012379 0.018907 0.0271342 0.0368203 0.0472919 0.0574196 0.0659085 0.0717662 0.0746079 0.0746136 0.072272 0.06815 0.0627824 0.056636 0.0500978 0.0434729 0.0369931 0.0308296 0.0251014 0.0198868 0.0152389 0.011203 0.00782406 0.00513511
 0.00759616 0.0124683 0.0190051 0.0272205 0.0368778 0.0473206 0.0574439 0.0659683 0.0718946 0.0748097 0.0748605 0.072518 0.0683568 0.0629357 0.0567444 0.0501758 0.0435229 0.0369981 0.0307599 0.024932 0.0196135 0.0148853 0.0108147 0.00745332 0.00482392
 0.00756962 0.012415 0.018906 0.0270506 0.0366119 0.0469435 0.0569628 0.065422 0.0713542 0.0743668 0.0746031 0.0725021 0.0685863 0.0633641 0.0572953 0.0507699 0.0440951 0.0375003 0.0311564 0.025198 0.0197397 0.014884 0.0107194 0.00730931 0.00467463
 0.00756636 0.0124167 0.0189203 0.0270858 0.0366705 0.0470145 0.0570174 0.065419 0.0712562 0.0741608 0.0743135 0.0721891 0.0683267 0.0632235 0.0573048 0.0509186 0.0443393 0.037782 0.0314203 0.0254015 0.0198587 0.0149149 0.0106779 0.00722427 0.00457716
 0.00760918 0.0124742 0.0189849 0.0271447 0.0367107 0.04703 0.0570125 0.0654038 0.0712361 0.0741278 0.0742488 0.072076 0.0681677 0.0630473 0.0571576 0.0508436 0.0443571 0.0378823 0.0315684 0.0255535 0.0199772 0.0149793 0.0106874 0.00719331 0.00452688
 0.00773804 0.0126681 0.0192469 0.0274648 0.0370663 0.0473878 0.0573328 0.0656466 0.0713712 0.0741426 0.0741499 0.0718824 0.0679022 0.0627334 0.056823 0.0505221 0.0440838 0.0376823 0.0314466 0.0254941 0.0199522 0.0149619 0.0106614 0.00715575 0.00448402
 0.00780484 0.0127702 0.0193881 0.0276432 0.0372733 0.0476079 0.0575437 0.0658218 0.0714852 0.0741788 0.0741055 0.0717688 0.0677392 0.0625421 0.0566212 0.0503249 0.0439058 0.0375376 0.0313453 0.0254368 0.0199287 0.0149556 0.0106573 0.00714591 0.00446807
 0.00768108 0.0125947 0.0191716 0.0274116 0.0370607 0.0474443 0.0574456 0.06579 0.0715093 0.0742437 0.0741965 0.0718736 0.0678485 0.0626493 0.0567221 0.0504174 0.0439899 0.0376158 0.031421 0.0255122 0.0200023 0.0150219 0.0107098 0.00718079 0.00448634
 0.00766962 0.0125528 0.0190674 0.0272067 0.0367265 0.0469842 0.0569094 0.0652668 0.071097 0.0740122 0.0741652 0.0720148 0.0681084 0.0629715 0.0570619 0.0507457 0.0442907 0.0378823 0.0316519 0.0257088 0.0201659 0.0151531 0.0108089 0.00724947 0.00452892
 0.00788497 0.0128632 0.0194591 0.0276371 0.0371294 0.0472851 0.0570423 0.0651915 0.0708144 0.0735713 0.0736535 0.0715302 0.0677264 0.0627245 0.0569409 0.0507174 0.0443177 0.0379351 0.0317127 0.0257685 0.0202206 0.0152007 0.0108475 0.00727812 0.00454779
 0.00803906 0.0131171 0.0198445 0.0281778 0.0378269 0.0480999 0.0578828 0.0659239 0.0712989 0.0737101 0.0734261 0.0709985 0.0670087 0.0619541 0.056227 0.0501235 0.0438611 0.0376018 0.0314757 0.0256019 0.0201049 0.0151223 0.0107967 0.00724695 0.00452976
 0.00804857 0.0131373 0.0198849 0.0282527 0.0379555 0.0483026 0.058174 0.0663006 0.0717293 0.0741299 0.073751 0.071151 0.0669493 0.0616983 0.0558392 0.0496898 0.043458 0.0372755 0.0312392 0.025445 0.0200076 0.0150651 0.0107646 0.00722986 0.00452118
 0.00810382 0.0132319 0.0200358 0.0284777 0.0382684 0.0487061 0.058654 0.0668257 0.0722563 0.0746117 0.07414 0.0714006 0.0670179 0.0615608 0.055501 0.0491941 0.0428768 0.0366886 0.0307117 0.0250137 0.0196816 0.0148344 0.0106107 0.0071329 0.00446376
 0.00803478 0.0131365 0.0199238 0.0283706 0.0381953 0.0486969 0.0587318 0.0670017 0.0725275 0.0749597 0.0745322 0.0717934 0.067362 0.0618082 0.0556141 0.0491557 0.0426984 0.0364094 0.030387 0.0246977 0.0194125 0.0146293 0.0104686 0.00704248 0.00441065
 0.00786232 0.0128812 0.0195874 0.0279735 0.0377744 0.0482995 0.0584092 0.0668027 0.0724897 0.0750997 0.0748389 0.072229 0.0678701 0.0623246 0.0560773 0.0495168 0.0429287 0.036506 0.0303721 0.0246104 0.0192957 0.0145168 0.0103793 0.00698132 0.0043736
 0.00766883 0.0125622 0.0191015 0.0272864 0.0368747 0.0472196 0.0572399 0.0656875 0.0715914 0.0745544 0.0747194 0.0725329 0.068531 0.0632354 0.0571148 0.0505629 0.0438867 0.0373114 0.0309967 0.025059 0.0195963 0.0147072 0.0104954 0.00705053 0.00441418
 0.00761439 0.0124475 0.0188803 0.0268995 0.0362641 0.0463527 0.0561342 0.0644223 0.070301 0.0734036 0.0738696 0.0721072 0.068586 0.0637494 0.0579961 0.0516755 0.0450826 0.0384597 0.0320031 0.0258734 0.0202092 0.0151387 0.0107811 0.00722915 0.00451959
 0.00759303 0.0124193 0.0188477 0.0268624 0.0362116 0.0462541 0.0559374 0.064067 0.0697462 0.0726578 0.073007 0.0712576 0.0679008 0.0633576 0.0579672 0.0520023 0.0456891 0.0392278 0.0328075 0.0266113 0.0208174 0.0155952 0.0110957 0.00742934 0.00463761
 0.00746116 0.0122229 0.0185862 0.0265483 0.0358682 0.0459097 0.0556171 0.0637845 0.0694961 0.0724144 0.0727363 0.070941 0.0675588 0.0630554 0.0577956 0.0520414 0.0459731 0.03973 0.0334497 0.0272928 0.0214465 0.016112 0.0114782 0.00768607 0.00479463
 0.00737655 0.0120843 0.0183769 0.0262552 0.0354884 0.0454584 0.0551331 0.0633248 0.0691192 0.0721583 0.072603 0.0708984 0.0675597 0.0630655 0.0578142 0.0521036 0.0461308 0.0400204 0.0338716 0.0278021 0.0219739 0.0165897 0.0118611 0.00796019 0.0049707
 0.00746643 0.012198 0.0184879 0.0263184 0.035452 0.045283 0.0548094 0.0628802 0.0686109 0.0716575 0.0721761 0.07059 0.0673832 0.0630042 0.0578368 0.0521844 0.0462641 0.0402181 0.0341464 0.0281488 0.0223617 0.0169716 0.0121925 0.00821444 0.00514376
 0.00756996 0.0123668 0.0187401 0.0266642 0.0358827 0.0457592 0.0552566 0.0632012 0.0687179 0.0715076 0.0717913 0.0700479 0.0667854 0.0624414 0.0573663 0.0518283 0.0460215 0.0400817 0.0341102 0.0282049 0.0224925 0.0171469 0.012376 0.00837498 0.00526434
 0.00747328 0.0122354 0.0185906 0.0265294 0.0358041 0.0457731 0.0553793 0.0634196 0.0689878 0.0717625 0.0719604 0.0700808 0.0666719 0.062215 0.0570891 0.0515656 0.0458212 0.0399671 0.0340842 0.0282578 0.0226063 0.0172971 0.012535 0.00851795 0.00537568
 0.00745805 0.012204 0.0185328 0.0264356 0.0356735 0.0456223 0.0552465 0.0633563 0.0690376 0.0719373 0.0722277 0.0703715 0.0669057 0.0623318 0.05707 0.0514355 0.0456335 0.0397803 0.0339432 0.0281846 0.0226014 0.0173454 0.0126133 0.00860284 0.00544963
 0.00748335 0.0122388 0.0185726 0.0264711 0.0356913 0.0456083 0.0551912 0.0632613 0.068921 0.0718328 0.0721743 0.0703952 0.0670033 0.0624681 0.0571928 0.0515004 0.045624 0.0397118 0.033851 0.0281056 0.0225594 0.0173457 0.0126462 0.00865169 0.00549864
 0.00750106 0.0122791 0.0186538 0.0266147 0.0359137 0.0459088 0.0555426 0.0636121 0.06921 0.0720108 0.0722217 0.0703263 0.0668564 0.0622856 0.0570031 0.0513106 0.0454269 0.0395009 0.0336323 0.0278982 0.0223861 0.0172214 0.0125728 0.00861918 0.00549193
 0.00744545 0.012192 0.01853 0.0264552 0.0357288 0.0457217 0.0553885 0.06353 0.0692276 0.0721299 0.0724141 0.0705458 0.0670588 0.062445 0.0571149 0.051383 0.0454689 0.0395166 0.0336238 0.0278708 0.0223505 0.0171903 0.0125547 0.00861542 0.00549824
 0.00747026 0.0122294 0.0185807 0.0265172 0.0357978 0.0457916 0.0554532 0.0635861 0.0692767 0.0721789 0.0724707 0.0706117 0.0671247 0.0624931 0.0571279 0.0513523 0.0453977 0.0394165 0.0335082 0.0277521 0.0222397 0.0170967 0.0124842 0.00856943 0.00547298
 0.00734696 0.0120448 0.0183325 0.0262144 0.0354585 0.0454393 0.0551145 0.0632888 0.0690487 0.0720446 0.0724478 0.0707066 0.0673297 0.0627853 0.0574719 0.0517072 0.045727 0.0396957 0.0337275 0.0279135 0.0223522 0.017172 0.0125337 0.00860204 0.00549483
 0.00733619 0.012026 0.0183022 0.0261697 0.035399 0.0453695 0.0550439 0.0632296 0.0690103 0.072029 0.0724495 0.0707182 0.0673482 0.0628141 0.0575168 0.0517699 0.0458014 0.0397693 0.0337877 0.0279529 0.0223706 0.0171747 0.0125281 0.00859447 0.00548891
 0.00732092 0.011996 0.0182478 0.0260792 0.0352622 0.045183 0.0548165 0.0629834 0.0687769 0.0718415 0.0723334 0.0706852 0.0673951 0.0629265 0.0576756 0.051957 0.0460007 0.0399665 0.0339691 0.0281072 0.0224912 0.0172612 0.0125852 0.00862948 0.00550915
 0.00728471 0.0119428 0.0181779 0.0259951 0.0351667 0.0450763 0.0546947 0.062842 0.0686155 0.0716695 0.0721709 0.0705584 0.0673278 0.0629323 0.0577539 0.052095 0.0461786 0.0401628 0.0341639 0.0282846 0.02264 0.017376 0.0126667 0.00868272 0.00554119
 0.00692535 0.011362 0.0173129 0.0247985 0.0336252 0.0432366 0.0526839 0.0608612 0.0668997 0.0704269 0.0715335 0.0705624 0.0679238 0.064011 0.0591747 0.0537105 0.0478531 0.0417838 0.0356469 0.0295729 0.0237029 0.0182062 0.0132767 0.00910151 0.00580777
 0.00696163 0.0113811 0.0172672 0.0246159 0.0332246 0.0425541 0.0516996 0.0596158 0.0654946 0.0690096 0.0702731 0.0696182 0.0674135 0.0639866 0.0596164 0.0545371 0.0489454 0.0430097 0.0368836 0.0307212 0.0246946 0.019005 0.0138763 0.0095191 0.00607614
 0.00690756 0.0112981 0.0171487 0.0244524 0.0329967 0.042226 0.0512212 0.0589366 0.0645898 0.0679074 0.0690671 0.0684562 0.0664643 0.0633991 0.0594829 0.0548743 0.049695 0.044057 0.0380859 0.0319376 0.0258093 0.0199413 0.0146 0.0100337 0.00641173
 0.00692489 0.0113377 0.0172287 0.0245952 0.03322 0.04253 0.0515748 0.0592719 0.0648092 0.0679058 0.0687642 0.0678309 0.0655761 0.0623842 0.058521 0.0541379 0.0493001 0.0440365 0.0383909 0.0324632 0.0264309 0.0205481 0.0151161 0.0104244 0.00667738
 0.00686509 0.011248 0.0171091 0.0244531 0.0330724 0.042403 0.0515 0.0592774 0.0649047 0.0680673 0.0689295 0.0679134 0.0654962 0.0621066 0.0580798 0.0536333 0.0488665 0.0437928 0.0383985 0.0327095 0.026843 0.0210262 0.0155692 0.0107937 0.00694175
#obs surv len freq
 nan nan nan nan nan nan nan nan nan nan nan nan nan nan nan nan nan nan nan nan nan nan nan nan nan
 0.00448484 0.00734623 0.0111762 0.0159924 0.0216929 0.0279681 0.0342818 0.0400127 0.0446921 0.0481559 0.0505138 0.0520098 0.0529022 0.0534148 0.0537292 0.0539842 0.0542629 0.0545557 0.0546945 0.0542864 0.0527244 0.0493566 0.0438063 0.0362863 0.0276699
 0.00461061 0.00755374 0.0114938 0.0164473 0.0223044 0.0287371 0.0351808 0.040983 0.0456522 0.0490184 0.0512016 0.0524679 0.0531027 0.0533569 0.0534349 0.0534904 0.0536128 0.0537919 0.0538558 0.0534095 0.051848 0.0485234 0.0430608 0.0356662 0.027196
 0.0047776 0.00782396 0.0118983 0.0170147 0.023056 0.029679 0.0362941 0.0422184 0.0469328 0.0502498 0.0522857 0.0533147 0.053642 0.0535462 0.0532638 0.0529792 0.0528053 0.0527464 0.0526378 0.0520884 0.0504978 0.0472234 0.0418895 0.0346882 0.0264471
 0.00497111 0.00814231 0.0123842 0.0177096 0.0239912 0.0308623 0.0376964 0.0437704 0.048536 0.0517957 0.0536715 0.0544502 0.0544505 0.0539669 0.0532564 0.0525301 0.0519318 0.0514962 0.0510851 0.0503297 0.048648 0.0454092 0.0402365 0.0332991 0.0253796
 0.00516945 0.00846926 0.0128849 0.0184296 0.0249685 0.0321136 0.0392028 0.0454704 0.0503324 0.0535719 0.0553096 0.0558434 0.0555089 0.0546188 0.0534487 0.0522291 0.0511279 0.0502109 0.0493778 0.0483019 0.046441 0.043193 0.0381851 0.0315578 0.0240331
 0.00539873 0.00884184 0.0134456 0.0192208 0.0260233 0.0334442 0.0407881 0.0472505 0.0522147 0.0554467 0.0570645 0.0573729 0.0567185 0.0554278 0.0537911 0.0520559 0.05041 0.0489467 0.0476057 0.0461131 0.0439854 0.0406687 0.0358083 0.0295158 0.0224412
 0.00565201 0.00925603 0.0140733 0.0201119 0.0272148 0.0349449 0.0425628 0.0492165 0.0542554 0.0574358 0.0588868 0.0589326 0.0579384 0.0562427 0.0541444 0.0518978 0.0497013 0.0476682 0.045775 0.0438047 0.0413446 0.0379071 0.0331703 0.0272237 0.0206389
 0.00589811 0.00966219 0.0146958 0.0210072 0.028428 0.0364922 0.0444136 0.0512862 0.056418 0.0595484 0.0608144 0.0605637 0.0591895 0.0570554 0.0544771 0.0517171 0.0489775 0.0463811 0.0439308 0.0414614 0.0386348 0.0350399 0.0304008 0.0247938 0.018713
 0.00614042 0.0100589 0.0152983 0.021866 0.0295841 0.0379628 0.0461763 0.0532718 0.0585175 0.0616313 0.0627484 0.0622291 0.0604879 0.0579137 0.0548464 0.0515662 0.0482856 0.0451365 0.0421418 0.0391794 0.0359799 0.0322093 0.0276444 0.0223564 0.0167676
 0.00639279 0.0104711 0.0159222 0.0227508 0.030767 0.0394535 0.0479422 0.0552336 0.0605607 0.0636288 0.0645801 0.0637923 0.0616989 0.0587072 0.0551734 0.0513925 0.0475898 0.0439094 0.0403951 0.0369637 0.0334075 0.0294647 0.0249645 0.0199775 0.0148606
 0.00661305 0.0108356 0.0164826 0.0235591 0.0318645 0.0408549 0.0496181 0.0571052 0.0625122 0.0655303 0.0663107 0.0652522 0.0628131 0.0594222 0.0554524 0.0512095 0.0469265 0.0427572 0.0387637 0.0348995 0.0310135 0.0269098 0.0224661 0.0177544 0.0130735
 0.00685373 0.0112266 0.0170707 0.0243876 0.0329658 0.0422367 0.0512503 0.0589134 0.0643865 0.067345 0.0679443 0.0666029 0.0638053 0.060008 0.055607 0.0509238 0.0461988 0.0415915 0.0371765 0.0329358 0.0287666 0.0245313 0.020151 0.0156989 0.011422
 0.00709202 0.0116192 0.0176705 0.0252455 0.0341186 0.0436889 0.0529572 0.0607779 0.0662759 0.0691199 0.0694835 0.0678157 0.0646324 0.0604175 0.0555885 0.0504826 0.0453492 0.0403535 0.0355789 0.0310285 0.0266374 0.0223147 0.0180171 0.0138178 0.00991712
 0.00728198 0.0119353 0.0181598 0.0259564 0.0350912 0.0449392 0.0544598 0.0624598 0.0680243 0.0708029 0.0709734 0.0690061 0.0654489 0.0608198 0.0555669 0.0500492 0.0445289 0.0391783 0.0340886 0.0292792 0.0247137 0.0203367 0.016131 0.0121665 0.00860229
 0.00742776 0.0121741 0.018523 0.0264759 0.0357941 0.0458404 0.0555522 0.0637077 0.0693651 0.0721541 0.0722425 0.0701002 0.0662846 0.0613322 0.0557167 0.0498233 0.0439376 0.0382491 0.0328637 0.0278178 0.0230982 0.0186758 0.0145507 0.0107867 0.00750638
 0.00753282 0.0123417 0.0187699 0.0268164 0.0362395 0.0463967 0.0562169 0.0644679 0.0701976 0.0730272 0.0731167 0.0709275 0.0670083 0.0618909 0.0560508 0.0498852 0.0436993 0.0377066 0.0320383 0.026757 0.0218758 0.0173897 0.0133116 0.00969748 0.00663817
 0.00760585 0.0124568 0.0189363 0.0270406 0.0365246 0.0467414 0.0566152 0.0649091 0.0706693 0.0735188 0.0736195 0.0714315 0.0674958 0.0623314 0.0564009 0.0500931 0.0437151 0.0374944 0.0315863 0.0260844 0.0210348 0.0164604 0.0123893 0.00887217 0.00597318
 0.00763599 0.012504 0.019004 0.0271312 0.0366395 0.0468811 0.0567793 0.0650968 0.0708801 0.0737532 0.0738795 0.0717186 0.0678079 0.0626575 0.0567174 0.0503627 0.0438909 0.0375286 0.0314439 0.0257555 0.0205427 0.0158603 0.011757 0.0082845 0.00548807
 0.00774109 0.0126594 0.0192092 0.0273754 0.0369045 0.0471467 0.0570271 0.0653126 0.0710548 0.0738841 0.0739708 0.0717813 0.0678562 0.0627048 0.0567697 0.0504138 0.0439201 0.0375037 0.0313302 0.0255292 0.0202032 0.0154353 0.0112972 0.00784782 0.00512169
 0.00776515 0.0127023 0.01928 0.0274829 0.0370533 0.0473312 0.0572291 0.0655041 0.0712081 0.0739828 0.0740161 0.0717889 0.0678484 0.0627011 0.0567816 0.0504424 0.0439547 0.0375229 0.0313063 0.0254368 0.02003 0.0151905 0.0110104 0.00756025 0.00487087
 0.0078303 0.0127988 0.0194082 0.0276379 0.0372272 0.0475168 0.0574208 0.0656957 0.0713887 0.0741356 0.0741215 0.0718324 0.0678279 0.0626287 0.0566792 0.0503322 0.0438507 0.0374266 0.0312069 0.0253175 0.0198771 0.015002 0.0107995 0.00735061 0.0046872
 0.00784552 0.0128245 0.0194481 0.0276951 0.0373026 0.0476071 0.057518 0.0657892 0.07147 0.0742017 0.0741746 0.0718753 0.0678598 0.0626457 0.0566773 0.050312 0.0438169 0.0373841 0.0311561 0.025253 0.0197917 0.0148927 0.0106721 0.00721901 0.00456795
 0.00787469 0.0128672 0.0195036 0.0277603 0.037373 0.0476789 0.0575889 0.065858 0.0715345 0.074258 0.074218 0.0719029 0.0678711 0.0626424 0.0566615 0.0502848 0.0437794 0.0373373 0.031101 0.0251892 0.0197176 0.0148077 0.0105794 0.00712618 0.00448464
 0.00787203 0.0128624 0.0194957 0.0277478 0.0373543 0.047653 0.0575562 0.0658213 0.0714996 0.0742328 0.0742106 0.0719181 0.0679091 0.062698 0.0567265 0.0503503 0.0438375 0.0373824 0.0311295 0.025199 0.0197083 0.0147806 0.0105386 0.00707849 0.00443786
 0.00787207 0.0128555 0.0194726 0.0276963 0.0372634 0.0475186 0.0573859 0.0656345 0.0713225 0.0740907 0.0741221 0.0718927 0.0679468 0.0627911 0.0568613 0.0505094 0.0440029 0.0375381 0.0312635 0.0253039 0.0197809 0.0148222 0.0105539 0.00707505 0.00442424
 0.0078855 0.0128749 0.0194968 0.0277213 0.0372819 0.0475199 0.0573579 0.0655671 0.0712129 0.0739479 0.0739668 0.0717517 0.0678452 0.0627446 0.0568735 0.0505728 0.0441024 0.0376554 0.0313808 0.0254074 0.0198616 0.0148769 0.0105844 0.00708656 0.00442375
 0.00789429 0.0128873 0.0195119 0.027737 0.0372949 0.0475266 0.0573542 0.0655485 0.0711747 0.0738864 0.0738819 0.07165 0.0677404 0.0626554 0.0568173 0.0505603 0.0441343 0.0377227 0.0314685 0.0254989 0.0199433 0.0149403 0.0106268 0.00711031 0.00443386
 0.00788563 0.0128748 0.019496 0.027719 0.0372763 0.0475084 0.0573362 0.0655295 0.0711529 0.07386 0.0738494 0.0716106 0.0676954 0.0626092 0.0567782 0.0505385 0.0441383 0.0377555 0.0315259 0.0255705 0.0200165 0.0150042 0.0106752 0.00714205 0.00445158
 0.00789883 0.012889 0.0195043 0.027711 0.037242 0.0474431 0.0572444 0.0654246 0.0710521 0.0737783 0.0737945 0.0715828 0.0676896 0.0626187 0.0567977 0.0505663 0.0441758 0.0378053 0.0315884 0.0256423 0.0200906 0.0150721 0.0107303 0.00718153 0.00447641
 0.00784864 0.0128155 0.0194084 0.0275979 0.0371185 0.0473142 0.057112 0.0652893 0.070918 0.0736558 0.0737 0.0715326 0.0676935 0.0626759 0.056898 0.0506946 0.0443178 0.0379504 0.0317299 0.0257756 0.020211 0.0151749 0.0108118 0.00724056 0.00451509
 0.00782331 0.0127653 0.019317 0.0274467 0.0368942 0.0470182 0.0567673 0.0649376 0.0706072 0.0734239 0.0735662 0.0714982 0.0677491 0.0628079 0.057091 0.0509309 0.0445778 0.0382148 0.0319823 0.0260038 0.0204073 0.015335 0.0109346 0.00732809 0.00457244
 0.00781362 0.0127493 0.0192918 0.0274075 0.0368331 0.046924 0.0566277 0.0647452 0.070367 0.0731582 0.0733113 0.0712943 0.0676268 0.0627806 0.0571545 0.0510692 0.0447691 0.0384359 0.0322114 0.0262225 0.0206016 0.0154964 0.0110595 0.00741781 0.00463171
 0.00777691 0.0126916 0.0192086 0.0272966 0.0366948 0.0467619 0.0564489 0.0645588 0.0701816 0.0729807 0.0731482 0.0711555 0.067528 0.06274 0.0571863 0.051177 0.0449436 0.0386576 0.0324561 0.0264662 0.0208243 0.0156845 0.0112065 0.00752384 0.0047019
 0.00774008 0.0126299 0.0191126 0.0271573 0.0365065 0.0465263 0.0561788 0.0642775 0.069918 0.0727609 0.0729891 0.071063 0.0675001 0.0627721 0.0572753 0.0513211 0.0451391 0.0388952 0.0327193 0.0267335 0.0210743 0.0158998 0.0113773 0.00764816 0.00478471
 0.00771025 0.0125788 0.0190311 0.0270352 0.0363348 0.0463015 0.0559062 0.0639737 0.069609 0.0724775 0.0727612 0.0709133 0.0674401 0.0628014 0.0573842 0.0514956 0.0453644 0.0391567 0.0330012 0.027018 0.021342 0.0161335 0.0115653 0.00778688 0.00487811
 0.0076849 0.0125395 0.0189752 0.0269606 0.0362397 0.0461833 0.0557623 0.063803 0.0694143 0.0722685 0.0725542 0.07073 0.0673033 0.0627297 0.0573875 0.0515734 0.0455076 0.0393505 0.0332277 0.0272581 0.0215762 0.0163442 0.0117395 0.00791852 0.0049686
 0.00766336 0.0125036 0.0189198 0.0268808 0.0361325 0.0460497 0.0556084 0.0636393 0.0692524 0.0721173 0.0724191 0.0706144 0.0672125 0.0626723 0.0573744 0.0516137 0.0456046 0.0394993 0.0334162 0.0274685 0.0217888 0.0165404 0.0119051 0.008046 0.00505765
 0.00763956 0.0124665 0.0188668 0.0268104 0.0360441 0.0459437 0.0554868 0.0635065 0.0691158 0.0719861 0.0723026 0.0705202 0.0671452 0.0626345 0.0573684 0.0516429 0.0456727 0.0396076 0.0335606 0.0276383 0.0219684 0.0167124 0.0120546 0.00816373 0.0051415
 0.00760598 0.0124147 0.0187941 0.0267164 0.0359309 0.0458158 0.0553511 0.0633718 0.0689913 0.0718794 0.0722188 0.0704619 0.0671136 0.06263 0.057391 0.0516929 0.0457502 0.0397126 0.0336909 0.0277881 0.0221272 0.0168666 0.0121909 0.00827311 0.00522069
 0.00759689 0.0123984 0.0187669 0.0266742 0.0358702 0.0457359 0.0552555 0.0632678 0.0688883 0.0717863 0.0721416 0.0704037 0.0670751 0.062611 0.0573919 0.0517142 0.0457932 0.0397781 0.0337782 0.0278938 0.0222442 0.0169848 0.0122994 0.00836291 0.00528754
 0.0075736 0.0123628 0.0187173 0.0266103 0.0357929 0.0456466 0.0551565 0.0631629 0.0687834 0.0716892 0.072061 0.0703469 0.0670464 0.0626113 0.0574186 0.0517637 0.0458618 0.039863 0.033877 0.028003 0.0223585 0.0170967 0.0124005 0.00844636 0.00534986
 0.00757258 0.0123608 0.0187136 0.026604 0.0357832 0.0456327 0.0551377 0.0631386 0.0687527 0.0716509 0.0720147 0.0702942 0.0669917 0.0625611 0.0573798 0.0517417 0.0458595 0.039881 0.033914 0.0280563 0.0224233 0.0171667 0.0124683 0.0085053 0.00539575
 0.00756285 0.012347 0.0186967 0.026586 0.0357664 0.045619 0.0551274 0.0631307 0.0687449 0.071641 0.0720009 0.0702753 0.0669674 0.062533 0.0573514 0.051718 0.0458458 0.0398813 0.0339303 0.0280879 0.022467 0.0172172 0.0125194 0.00855108 0.00543225
 0.00754588 0.0123207 0.0186597 0.0265383 0.0357099 0.0455576 0.0550673 0.0630791 0.0687085 0.0716233 0.0720011 0.0702889 0.0669886 0.0625561 0.0573731 0.0517375 0.045865 0.0399034 0.0339584 0.0281236 0.0225096 0.0172636 0.012565 0.00859151 0.00546433
 0.00752388 0.0122864 0.0186109 0.0264741 0.0356312 0.0454676 0.054972 0.0629872 0.06863 0.0715676 0.0719745 0.070293 0.0670199 0.0626077 0.0574363 0.0518046 0.0459306 0.0399655 0.0340172 0.0281802 0.0225646 0.0173159 0.0126125 0.00863151 0.00549514
 0.00751167 0.012263 0.0185692 0.0264061 0.0355301 0.0453322 0.0548096 0.0628138 0.0684667 0.0714348 0.0718873 0.070259 0.0670391 0.0626735 0.0575376 0.051928 0.046063 0.0400961 0.0341391 0.0282897 0.0226601 0.017397 0.0126787 0.00868273 0.00553208
 0.0075049 0.0122552 0.0185629 0.0264044 0.0355346 0.04534 0.0548118 0.0627983 0.0684234 0.0713617 0.0717928 0.0701597 0.0669537 0.0626168 0.0575168 0.0519423 0.0461059 0.0401577 0.0342093 0.0283605 0.022726 0.0174548 0.0127267 0.00872031 0.00555945
 0.00750487 0.012253 0.018556 0.0263898 0.0355104 0.0453072 0.0547753 0.0627642 0.068396 0.0713398 0.0717704 0.0701304 0.066916 0.0625763 0.0574841 0.0519279 0.0461154 0.0401906 0.0342597 0.02842 0.0227867 0.0175104 0.0127735 0.00875666 0.00558553
 0.00748222 0.0122201 0.0185138 0.0263411 0.0354592 0.0452564 0.0547262 0.0627174 0.0683529 0.0713035 0.0717449 0.070118 0.0669154 0.0625841 0.0574975 0.0519471 0.0461432 0.0402302 0.0343115 0.0284806 0.0228501 0.0175701 0.0128245 0.00879636 0.00561373
 0.00748222 0.0122201 0.0185138 0.0263411 0.0354592 0.0452564 0.0547262 0.0627174 0.0683529 0.0713035 0.0717449 0.070118 0.0669154 0.0625841 0.0574975 0.0519471 0.0461432 0.0402302 0.0343115 0.0284806 0.0228501 0.0175701 0.0128245 0.00879636 0.00561373
 0.00710821 0.0116226 0.0176371 0.0251489 0.0339511 0.0434896 0.0528313 0.0608909 0.0668171 0.0702493 0.0712841 0.0702662 0.0676053 0.0636929 0.0588791 0.0534589 0.0476652 0.0416725 0.0356143 0.0296081 0.0237841 0.018307 0.0133739 0.00918001 0.00586233
 0.00708464 0.0115436 0.0174427 0.0247576 0.0332793 0.0424843 0.0515017 0.059323 0.0651634 0.0686998 0.0700295 0.0694619 0.0673415 0.0639797 0.0596495 0.0545904 0.0490101 0.0430875 0.0369808 0.0308405 0.0248304 0.0191442 0.0140032 0.00962146 0.00614918
 0.00706425 0.0115186 0.0174167 0.0247302 0.033234 0.0423766 0.0512566 0.0588533 0.0644081 0.0676645 0.0688079 0.068222 0.0662819 0.0632754 0.0594071 0.0548273 0.0496601 0.0440271 0.0380639 0.0319313 0.0258239 0.0199752 0.014645 0.0100793 0.0064497
 0.00707813 0.011544 0.0174605 0.0248008 0.0333392 0.0425178 0.0514205 0.0590029 0.0644784 0.0675717 0.0684761 0.0676211 0.0654588 0.0623566 0.0585665 0.0542308 0.0494129 0.0441471 0.0384877 0.0325448 0.0265018 0.0206128 0.0151754 0.0104759 0.00671799
 0.00696774 0.0113807 0.0172453 0.0245464 0.0330681 0.042258 0.0512011 0.0588488 0.0644027 0.0675661 0.0685037 0.067621 0.0653674 0.0621397 0.0582473 0.0538927 0.0491719 0.044104 0.0386866 0.0329583 0.0270474 0.0211884 0.0156941 0.010886 0.00700632
#pred catch len freq
 0.00321198 0.00521563 0.00787242 0.0112279 0.0153231 0.0201464 0.0255723 0.0313513 0.0371608 0.0426725 0.0476011 0.0517413 0.0549947 0.0573706 0.0589564 0.0598783 0.0602734 0.0602579 0.0598625 0.058929 0.0570357 0.053571 0.0480256 0.040387 0.0313612
 0.0034821 0.00557623 0.00827257 0.0115785 0.0155299 0.0201576 0.0254099 0.0311004 0.0369206 0.0425006 0.0474884 0.0516321 0.0548355 0.0571552 0.058741 0.0597599 0.0603409 0.0605394 0.0602942 0.059367 0.0573119 0.0535689 0.0477327 0.0398944 0.0308104
 0.00359869 0.00580156 0.00867118 0.0122148 0.0164318 0.0212721 0.0265829 0.0321122 0.0375734 0.0427061 0.0472964 0.0511802 0.0542638 0.0565511 0.058142 0.0591918 0.0598452 0.0601617 0.0600465 0.059199 0.057123 0.0532598 0.0472634 0.0393073 0.030204
 0.00374177 0.00602336 0.00899044 0.0126562 0.0170371 0.0221046 0.0277091 0.0335535 0.0392482 0.0444065 0.0487353 0.0520986 0.0545354 0.0562152 0.0573546 0.0581416 0.0586918 0.0590151 0.0589667 0.0581982 0.0561737 0.0523207 0.0463181 0.0383872 0.0293773
 0.00389889 0.00627737 0.00936991 0.0131867 0.0177378 0.0229849 0.0287682 0.0347854 0.0406444 0.0459436 0.050342 0.0536255 0.0557642 0.0569242 0.0574074 0.0575413 0.0575672 0.0575556 0.057352 0.0565565 0.0545763 0.0508038 0.0449125 0.0371376 0.0283368
 0.00408668 0.00657667 0.00981036 0.013795 0.0185367 0.0239893 0.0299778 0.0361764 0.0421684 0.0475337 0.0519225 0.0551141 0.0570619 0.0579036 0.0579207 0.0574608 0.0568396 0.0562336 0.0555795 0.0545198 0.0524543 0.0487437 0.0430294 0.0355203 0.0270451
 0.00432892 0.00696187 0.0103749 0.0145696 0.0195439 0.0252393 0.0314594 0.0378509 0.0439676 0.0493667 0.0536864 0.0567052 0.0583845 0.05887 0.0584447 0.0574541 0.0562262 0.0549827 0.0537388 0.0522247 0.0499061 0.0461683 0.0406366 0.0334725 0.0254362
 0.00457624 0.00735953 0.0109662 0.0153946 0.0206355 0.0266151 0.0331103 0.0397313 0.045995 0.0514297 0.0556588 0.0584612 0.0598123 0.0598793 0.0589653 0.0574281 0.055603 0.0537287 0.0518643 0.049815 0.0471346 0.0432781 0.0378916 0.0310975 0.0235687
 0.00478727 0.00770245 0.0114836 0.01613 0.0216307 0.0279021 0.0346989 0.0415961 0.0480685 0.0536039 0.0577955 0.06041 0.0614309 0.0610509 0.0596055 0.0574806 0.055031 0.0525125 0.0500146 0.0474001 0.0443062 0.0402709 0.0349855 0.0285508 0.0215516
 0.00499296 0.00803416 0.0119791 0.0168262 0.0225611 0.0290915 0.0361537 0.0432958 0.0499615 0.0556085 0.0598046 0.0622984 0.0630661 0.0623069 0.0603751 0.0576825 0.0546106 0.0514426 0.048303 0.0451091 0.0415754 0.0373234 0.0320986 0.025992 0.0195075
 0.00527653 0.00848465 0.0126386 0.0177301 0.0237357 0.0305482 0.0378798 0.0452446 0.0520503 0.0577262 0.0618253 0.0640964 0.0645291 0.0633427 0.0609121 0.0576656 0.0539991 0.0502127 0.0464604 0.0427109 0.0387535 0.0342928 0.0291315 0.0233567 0.0173962
 0.00551805 0.0088703 0.0132072 0.0185161 0.0247672 0.0318416 0.0394301 0.0470164 0.0539743 0.0597038 0.063738 0.0658197 0.0659465 0.0643579 0.0614534 0.057684 0.0534617 0.0491013 0.0447804 0.0405113 0.0361516 0.0314837 0.0263669 0.0208888 0.0154097
 0.00576228 0.00925671 0.0137698 0.019282 0.0257551 0.0330584 0.0408638 0.0486296 0.055703 0.0614622 0.0654272 0.0673368 0.0671939 0.065251 0.0619257 0.0576871 0.0529636 0.0480859 0.0432533 0.0385169 0.0337935 0.0289353 0.0238537 0.0186395 0.0135937
 0.00604678 0.0097074 0.0144266 0.0201756 0.0269034 0.0344601 0.0424893 0.0504141 0.05755 0.0632562 0.0670509 0.0686867 0.0681906 0.0658427 0.0620847 0.057402 0.0522315 0.0469098 0.041649 0.0365292 0.0315159 0.0265207 0.0214998 0.0165467 0.0119102
 0.00635186 0.0101817 0.0151012 0.021068 0.0280187 0.0357917 0.044014 0.0520842 0.0592879 0.0649579 0.0685981 0.069964 0.069104 0.0663323 0.0621269 0.0570016 0.0514092 0.0456925 0.0400706 0.0346416 0.0294065 0.0243226 0.0193817 0.0146776 0.0104137
 0.00652625 0.0104738 0.0155564 0.0217335 0.0289332 0.0369696 0.0454299 0.0536687 0.060939 0.0665609 0.0700434 0.0711566 0.0699673 0.0668109 0.0621904 0.0566454 0.0506507 0.0445655 0.0386209 0.032931 0.0275226 0.022385 0.017534 0.0130597 0.0091252
 0.00663497 0.0106521 0.0158295 0.0221308 0.0294888 0.0377182 0.046397 0.0548553 0.062306 0.0680225 0.0714761 0.0724235 0.0709484 0.0674244 0.0623978 0.0564438 0.0500616 0.0436258 0.0373809 0.0314566 0.025901 0.0207264 0.0159631 0.011693 0.00804247
 0.00673724 0.0108087 0.0160486 0.0224166 0.0298456 0.0381554 0.0469311 0.0555056 0.0630858 0.0689264 0.0724681 0.0734331 0.071877 0.068165 0.0628579 0.0565641 0.0498219 0.0430415 0.0364943 0.0303325 0.0246242 0.0194003 0.0146988 0.0105909 0.00716962
 0.00676617 0.0108539 0.016113 0.0225023 0.029954 0.0382882 0.0470923 0.0557045 0.0633391 0.0692578 0.0729009 0.0739764 0.0725115 0.0688349 0.0634774 0.0570359 0.0500617 0.0429972 0.0361562 0.0297325 0.0238297 0.0185035 0.0138021 0.0097869 0.00652204
 0.00668799 0.0107499 0.0159991 0.0224068 0.0299091 0.0383174 0.0471997 0.0558753 0.0635498 0.0694898 0.0731509 0.0742564 0.0728393 0.0692182 0.0638996 0.0574501 0.0503981 0.0431827 0.036137 0.0294921 0.0233953 0.0179393 0.0131926 0.00921501 0.00604848
 0.00667458 0.0107194 0.015939 0.0223053 0.0297646 0.0381487 0.0470507 0.0558033 0.0636019 0.0696787 0.0734482 0.0746085 0.073195 0.0695487 0.0641986 0.0577186 0.0506258 0.0433405 0.0361856 0.0294004 0.023159 0.017588 0.0127827 0.00881108 0.00570314
 0.00666367 0.0106924 0.0158804 0.022193 0.0295732 0.0378575 0.0466552 0.0553274 0.0631036 0.0692445 0.0731706 0.0745545 0.0733808 0.0699364 0.0647157 0.0582863 0.0511773 0.0438245 0.0365619 0.0296398 0.0232494 0.0175422 0.012638 0.00861906 0.00551272
