SBPRF35
12.7214
Curr Bio
896695
B35
884593
F35
0.170737
FOFL
0.170737
OFL
125071
Bzero
3.63469e+06
#pred survey bio
 3.63069e+06 3.51587e+06 3.40938e+06 3.25068e+06 3.05904e+06 2.83038e+06 2.56894e+06 2.30713e+06 2.06483e+06 1.82405e+06 1.62781e+06 1.43214e+06 1.27655e+06 1.14184e+06 1.0166e+06 915742 821313 728482 673316 635582 610727 583953 565274 565930 560027 556713 547815 545277 550939 541423 546123 564866 572159 580667 591588 611979 625135 638071 660766 662637 672334 686487 694493 695967 708180 720942 733553 737576 726411 729833 741819 741435 740355 775613 812774 834266 883027 901856 2.07836e+07 1.87925e+07 1.8868e+07 1.95052e+07 2.05431e+07 2.17575e+07 2.29739e+07 2.40858e+07 2.50431e+07 2.58347e+07 2.64709e+07 2.69723e+07 2.73622e+07 2.76629e+07 2.78935e+07 2.80701e+07 2.82052e+07 2.83087e+07 2.83882e+07 2.84496e+07 2.84971e+07 2.8534e+07 2.85629e+07 2.85855e+07 2.86034e+07 2.86175e+07 2.86287e+07 2.86376e+07 2.86447e+07 2.86504e+07 2.8655e+07 2.86587e+07 2.86617e+07 2.86641e+07 2.86661e+07 2.86677e+07 2.8669e+07 2.867e+07 2.86709e+07 2.86716e+07 2.86721e+07 2.86726e+07 2.8673e+07 2.86733e+07 2.86736e+07 2.86738e+07 2.86739e+07 2.86741e+07 2.86742e+07 2.86743e+07 2.86744e+07 2.86744e+07 2.86745e+07 2.86745e+07 2.86745e+07 2.86746e+07 2.86746e+07 2.86746e+07 2.86746e+07 2.86746e+07 2.86746e+07 2.86747e+07 2.86747e+07 2.86747e+07 2.86747e+07 2.86747e+07 2.86747e+07 2.86747e+07 2.86747e+07 2.86747e+07 2.86747e+07 2.86747e+07 2.86747e+07 2.86747e+07 2.86747e+07 2.86747e+07 2.86747e+07 2.86747e+07 2.86747e+07 2.86747e+07 2.86747e+07 2.86747e+07 2.86747e+07 2.86747e+07 2.86747e+07 2.86747e+07 2.86747e+07 2.86747e+07 2.86747e+07 2.86747e+07 2.86747e+07 2.86747e+07 2.86747e+07 2.86747e+07 2.86747e+07 2.86747e+07 2.86747e+07 2.86747e+07 2.86747e+07 2.86747e+07 0 0 0 0 0 0 0 0 0 0 0 0 0 0 0 0 0 0 0 0 0 0 0 0 0
#obs survey bio
 3.3756e+06 3.8429e+06 2.64664e+06 3.28739e+06 3.53866e+06 4.23759e+06 2.51542e+06 2.16111e+06 2.1592e+06 1.57685e+06 1.54584e+06 1.13941e+06 801637 847981 1.0337e+06 973972 717411 694471 681502 526392 720331 622928 471362 491231 674570 486425 596597 616332 492961 563699 571871 583800 724625 698666 547194 597402 798687 696137 1.01189e+06 496479 621734 597745 670723 711807 739986 585611 714505 901988 846757 714987 765452 618907 584348 977017 590619 620100 913754 1.19904e+06
#pred catch bio
 97393.2 95629.3 151644 192748 239957 284552 299513 295420 306223 276746 285137 256333 243262 237708 216468 208815 202953 166050 148104 134525 133372 123866 106756 112458 109945 113988 107744 100689 112653 99303.7 87757.5 97960.5 96942.5 95278.6 88341.3 95858.3 97245.2 90650.5 109437 103217 100642 106768 112085 102578 102487 103230 110818 122842 109452 102830 114432 115811 87254.5 89416.8 105122 83812.6 109822 119927 125071 123688 122989 125752 131712 139075 146482 153177 158832 163391 166943 169641 171650 173124 174192 174959 175506 175893 176166 176358 176492 176586 176651 176696 176728 176750 176765 176775 176782 176787 176791 176793 176795 176796 176797 176797 176797 176798 176798 176798 176798 176798 176798 176798 176798 176798 176798 176798 176798 176798 176798 176798 176798 176798 176798 176798 176798 176798 176798 176798 176798 176798 176798 176798 176798 176798 176798 176798 176798 176798 176798 176798 176798 176798 176798 176798 176798 176798 176798 176798 176798 176798 176798 176798 176798 176798 176798 176798 176798 176798 176798 176798 176798 176798 176798 176798 176798 176798 176798 176798 0 0 0 0 0 0 0 0 0 0 0 0 0 0 0 0 0 0 0 0 0 0 0 0 0
#obs catch bio
 0 95248.9 151951 192751 240164 285171 299580 295264 305106 275369 284178 255922 243809 239578 217105 209068 203515 166237 149042 135678 134090 124730 107004 113282 110481 115047 108691 101161 114212 100056 88106 98227.3 96969.2 95534.9 88490.2 95899.4 97272.4 90792.3 109342 103563 100677 107211 112472 102566 102143 103085 110500 122688 108932 102287 113871 115879 87125 89382.3 105949 83745.4 110466 119998
#pred cpue bio
 3.58002e+06 3.46675e+06 3.36146e+06 3.20326e+06 3.01207e+06 2.78421e+06 2.52407e+06 2.26375e+06 2.02288e+06 1.78364e+06 1.58843e+06 1.39406e+06 1.23938e+06 1.10558e+06 981645 882202 789489 698624 644676 607931 583900 558037 539934 540488 534676 531440 522829 520459 526092 517061 521919 540433 547721 556093 566813 586774 599622 612148 634273 636130 645525 659296 667199 668864 681029 693614 705951 709933 699142 702534 714164 713586 712226 746454 782863 804054 851958 871219 2.01141e+07 1.82062e+07 1.81676e+07 1.86555e+07 1.96343e+07 2.08332e+07 2.20462e+07 2.31574e+07 2.41146e+07 2.49061e+07 2.55423e+07 2.60437e+07 2.64337e+07 2.67344e+07 2.6965e+07 2.71415e+07 2.72766e+07 2.73801e+07 2.74597e+07 2.7521e+07 2.75685e+07 2.76055e+07 2.76343e+07 2.7657e+07 2.76748e+07 2.76889e+07 2.77001e+07 2.7709e+07 2.77162e+07 2.77219e+07 2.77265e+07 2.77302e+07 2.77331e+07 2.77356e+07 2.77375e+07 2.77391e+07 2.77404e+07 2.77415e+07 2.77423e+07 2.7743e+07 2.77436e+07 2.77441e+07 2.77444e+07 2.77447e+07 2.7745e+07 2.77452e+07 2.77454e+07 2.77455e+07 2.77456e+07 2.77457e+07 2.77458e+07 2.77459e+07 2.77459e+07 2.7746e+07 2.7746e+07 2.7746e+07 2.7746e+07 2.77461e+07 2.77461e+07 2.77461e+07 2.77461e+07 2.77461e+07 2.77461e+07 2.77461e+07 2.77461e+07 2.77461e+07 2.77461e+07 2.77461e+07 2.77461e+07 2.77461e+07 2.77461e+07 2.77461e+07 2.77461e+07 2.77461e+07 2.77461e+07 2.77461e+07 2.77461e+07 2.77461e+07 2.77461e+07 2.77461e+07 2.77461e+07 2.77461e+07 2.77461e+07 2.77461e+07 2.77461e+07 2.77461e+07 2.77461e+07 2.77461e+07 2.77461e+07 2.77461e+07 2.77461e+07 2.77461e+07 2.77461e+07 2.77461e+07 2.77461e+07 2.77461e+07 2.77461e+07 2.77461e+07 2.77461e+07 2.77461e+07 0 0 0 0 0 0 0 0 0 0 0 0 0 0 0 0 0 0 0 0 0 0 0 0 0
#obs cpue bio
 2.79164e+06 4.07502e+06 3.13295e+06 3.65391e+06 2.30265e+06 1.6923e+06 3.13783e+06 2.38888e+06 2.99315e+06 2.0406e+06 1.73136e+06 1.42449e+06 1.50348e+06 1.04241e+06 1.14757e+06 912806 874910 691533 449710 541130 585012 430272 672449 477772 442598 450308 408065 475612 368762 534522 483617 689737 478287 383716 547944 764209 479934 382851 715910 495086 843218 564035 770522 746162 946989 706928 866151 607241 740273 756018 819934 629871 722038 595910 665363 1.15929e+06 727157 1.07409e+06
#pred surv len freq
 0.00493307 0.00795864 0.0118848 0.0166666 0.0221827 0.0281695 0.0341864 0.03971 0.0443255 0.047862 0.0503792 0.0520565 0.0530922 0.0536571 0.0538848 0.0538805 0.0537351 0.0535219 0.0532418 0.052715 0.051489 0.0488964 0.0443378 0.0376884 0.0295454
 0.00512813 0.00819664 0.0121009 0.0167626 0.0220669 0.0278127 0.0336571 0.0391579 0.0439145 0.047693 0.0504522 0.0522916 0.0533906 0.0539581 0.0541895 0.054233 0.054177 0.0540452 0.0537654 0.0531023 0.0516038 0.04867 0.0438085 0.0369872 0.0288354
 0.00528104 0.00845517 0.0125023 0.0173319 0.0227928 0.0286224 0.0344121 0.0396914 0.0441045 0.047529 0.0500437 0.0518081 0.0529746 0.0536732 0.0540288 0.054164 0.0541765 0.0540971 0.0538336 0.0531121 0.0514592 0.0483019 0.0432218 0.0362685 0.0281145
 0.00545104 0.00872758 0.0129064 0.017896 0.0235417 0.0295695 0.0355415 0.0409365 0.0453368 0.0485755 0.0507375 0.0520539 0.0527889 0.0531707 0.0533626 0.053462 0.0535094 0.0534816 0.0532479 0.0525085 0.0507802 0.047508 0.0423229 0.0353344 0.0272492
 0.00561906 0.009001 0.0133187 0.0184791 0.0243216 0.030558 0.0367275 0.0422802 0.0467687 0.0499968 0.0520213 0.0530557 0.053376 0.053266 0.0529774 0.0526922 0.0524935 0.0523463 0.0520717 0.0513168 0.0495664 0.0462678 0.0410838 0.0341631 0.0262314
 0.00579185 0.00928322 0.0137464 0.0190881 0.0251423 0.0316065 0.0379953 0.043728 0.0483288 0.0515816 0.0535303 0.0543781 0.0543936 0.0538643 0.0530701 0.0522508 0.0515631 0.0510327 0.0505048 0.0496131 0.0478134 0.0445351 0.0394434 0.0326973 0.0250177
 0.00602469 0.00965326 0.0142882 0.0198299 0.0261038 0.0327938 0.0393935 0.0452956 0.0499994 0.0532707 0.0551443 0.0558199 0.0555649 0.0546674 0.0534133 0.052062 0.0508115 0.0497462 0.0487727 0.0475688 0.0456104 0.0423273 0.0373755 0.0308945 0.0235686
 0.00628554 0.0100693 0.0148995 0.020669 0.0271904 0.0341275 0.0409446 0.0470026 0.0517766 0.0550237 0.0567829 0.0572629 0.0567379 0.0554975 0.0538267 0.051987 0.0501903 0.0485558 0.0470456 0.045405 0.043171 0.0398128 0.0349932 0.028822 0.0219207
 0.0065835 0.010538 0.0155763 0.0215796 0.0283466 0.0355233 0.0425493 0.0487563 0.0535943 0.056807 0.0584344 0.0586963 0.0578814 0.0562919 0.054219 0.0519241 0.0496197 0.0474383 0.0453791 0.0432506 0.0406677 0.0371679 0.0324453 0.0265874 0.0201426
 0.00695586 0.011125 0.0164252 0.0227217 0.0297917 0.0372521 0.0445044 0.0508407 0.055684 0.0587739 0.0601669 0.0601089 0.0589148 0.0569068 0.0543882 0.0516241 0.0488249 0.0461247 0.0435422 0.0409343 0.0379912 0.0343302 0.0296951 0.0241633 0.0182096
 0.00726254 0.0116158 0.0171496 0.0237207 0.0310912 0.0388511 0.0463628 0.0528737 0.0577711 0.0607802 0.0619648 0.0615935 0.0600097 0.0575635 0.05458 0.0513366 0.0480474 0.044848 0.0417699 0.0387067 0.0354131 0.031583 0.027015 0.0217858 0.0163042
 0.00765368 0.0122308 0.0180364 0.0249111 0.0325965 0.0406567 0.0484181 0.0550867 0.0600154 0.0629125 0.0638459 0.0631051 0.0610645 0.0581092 0.0545962 0.050826 0.0470243 0.0433315 0.0397873 0.0363126 0.032714 0.0287523 0.0242772 0.0193671 0.0143689
 0.00797239 0.0127394 0.0187842 0.0259373 0.0339233 0.0422785 0.0502899 0.0571207 0.0620918 0.0649008 0.0656243 0.0645696 0.062132 0.0587183 0.0547082 0.0504249 0.0461137 0.0419309 0.0379336 0.0340701 0.0301923 0.0261161 0.0217333 0.017122 0.0125723
 0.00816046 0.0130585 0.019289 0.0266874 0.0349707 0.0436474 0.0519573 0.0590085 0.0640782 0.0668445 0.0673889 0.06604 0.0632214 0.0593685 0.054886 0.0501164 0.045321 0.0406711 0.0362433 0.0320156 0.0278821 0.0237067 0.019415 0.0150807 0.0109413
 0.00834795 0.013361 0.0197413 0.0273235 0.0358218 0.0447356 0.053285 0.0605473 0.0657627 0.0685745 0.0690401 0.0674825 0.0643403 0.0600797 0.0551415 0.0499005 0.0446411 0.039551 0.034724 0.0301639 0.0258021 0.0215432 0.01734 0.0132594 0.00949008
 0.00848147 0.013578 0.020068 0.0277853 0.0364397 0.0455209 0.0542329 0.0616345 0.0669502 0.0698122 0.0702688 0.0686326 0.0653319 0.0608283 0.0555707 0.0499536 0.0442886 0.0387921 0.0335866 0.0287071 0.0241205 0.0197675 0.0156227 0.0117453 0.00828057
 0.00862724 0.0138148 0.0204242 0.0282868 0.0371048 0.0463524 0.0552099 0.0627099 0.0680582 0.0708827 0.0712403 0.0694586 0.0659782 0.0612669 0.055773 0.0498888 0.0439283 0.0381201 0.0326093 0.0274627 0.0226849 0.0182517 0.014158 0.0104557 0.00725227
 0.0088901 0.014222 0.0209997 0.0290395 0.0380284 0.0474245 0.056389 0.0639332 0.0692459 0.0719493 0.0721095 0.0700754 0.0663159 0.0613255 0.0555705 0.0494485 0.0432685 0.0372521 0.0315454 0.0262297 0.0213368 0.0168728 0.0128516 0.00932063 0.00635561
 0.00899084 0.0143806 0.0212288 0.0293482 0.0384212 0.0479005 0.0569403 0.0645441 0.0698937 0.0726063 0.0727439 0.0706509 0.0667922 0.0616633 0.0557375 0.0494244 0.0430452 0.0368309 0.0309359 0.0254545 0.0204383 0.0159167 0.0119207 0.00849586 0.00569509
 0.00902976 0.0144407 0.0213138 0.0294601 0.0385618 0.048072 0.0571461 0.064788 0.0701786 0.0729327 0.0731075 0.0710401 0.067186 0.0620307 0.0560402 0.0496222 0.0431032 0.0367257 0.0306599 0.0250184 0.0198738 0.0152767 0.0112721 0.00790592 0.00521396
 0.0090522 0.0144695 0.021343 0.0294802 0.0385628 0.0480494 0.057105 0.0647444 0.0701564 0.0729573 0.0732 0.0712118 0.0674349 0.0623392 0.056376 0.0499421 0.0433598 0.0368756 0.0306727 0.024884 0.0196061 0.0149131 0.0108664 0.00751495 0.00488312
 0.00918616 0.0146684 0.0216068 0.0297949 0.0389028 0.048382 0.0573958 0.0649623 0.0702798 0.0729813 0.0731392 0.071097 0.0673038 0.0622249 0.0562973 0.0498991 0.0433342 0.0368372 0.0305887 0.0247304 0.0193769 0.0146238 0.0105499 0.00721128 0.00462591
 0.00938787 0.014965 0.0219946 0.030249 0.0393829 0.0488423 0.0577937 0.0652625 0.0704572 0.0730238 0.0730512 0.0709002 0.0670334 0.0619228 0.0560027 0.0496396 0.0431201 0.0366604 0.030428 0.0245611 0.0191822 0.0144019 0.0103151 0.00698723 0.00443544
 0.00934939 0.0149178 0.0219511 0.0302284 0.0394031 0.0489098 0.0578965 0.0653731 0.0705446 0.0730682 0.0730509 0.0708687 0.0669906 0.0618866 0.0559855 0.0496476 0.0431527 0.0367095 0.030478 0.0245925 0.0191784 0.0143564 0.0102344 0.00688825 0.00433808
 0.0093575 0.0149315 0.0219734 0.0302642 0.0394599 0.0489975 0.0580246 0.0655446 0.0707491 0.0732785 0.073229 0.0709786 0.0670128 0.061825 0.0558634 0.0494967 0.0430016 0.0365763 0.030368 0.0245006 0.0190941 0.0142706 0.0101447 0.00679934 0.00425838
 0.00932367 0.0148826 0.0219111 0.0301944 0.0393916 0.0489409 0.0579899 0.065542 0.0707876 0.0733634 0.0733569 0.0711342 0.0671703 0.0619553 0.0559454 0.0495246 0.0429849 0.0365327 0.0303143 0.0244467 0.0190421 0.0142186 0.0100912 0.00674604 0.00420966
 0.00931891 0.0148791 0.0219136 0.0302099 0.0394276 0.0490025 0.058077 0.0656486 0.0709036 0.0734777 0.0734602 0.07122 0.0672339 0.061992 0.0559494 0.0494913 0.0429148 0.0364336 0.0301996 0.0243305 0.0189349 0.0141254 0.0100131 0.00668256 0.00416027
 0.00933783 0.0148965 0.0219159 0.0301779 0.0393437 0.0488612 0.0578923 0.065453 0.0707374 0.0733746 0.073437 0.071275 0.0673509 0.0621476 0.0561188 0.0496517 0.0430487 0.0365306 0.0302578 0.0243552 0.0189353 0.014111 0.00999162 0.0066594 0.00413902
 0.00915745 0.0146362 0.0215845 0.0298027 0.0389605 0.0484996 0.0575669 0.0651663 0.0704926 0.0731866 0.0733338 0.0712863 0.0674932 0.062414 0.0564793 0.0500629 0.0434649 0.0369141 0.0305835 0.0246119 0.0191236 0.0142394 0.0100723 0.00670545 0.00416215
 0.00915941 0.0146308 0.0215617 0.0297506 0.0388722 0.0483806 0.0574378 0.0650563 0.0704239 0.0731618 0.0733354 0.0712909 0.067489 0.0624078 0.0564898 0.0501062 0.0435441 0.0370181 0.0306939 0.0247111 0.0192005 0.0142911 0.0101019 0.00671898 0.00416605
 0.00916462 0.0146197 0.0215089 0.0296209 0.0386304 0.048007 0.0569437 0.0644888 0.0698583 0.0726821 0.0730118 0.0711608 0.0675505 0.0626272 0.0568186 0.0504977 0.0439612 0.0374325 0.0310819 0.0250528 0.0194816 0.0145056 0.0102529 0.00681658 0.00422365
 0.00906919 0.0144684 0.0212876 0.0293174 0.0382338 0.0475104 0.0563485 0.0638131 0.0691438 0.0719961 0.0724389 0.0707855 0.0674338 0.0627878 0.0572281 0.0510915 0.0446591 0.0381577 0.031773 0.0256666 0.0199924 0.0149033 0.0105412 0.00700991 0.00434285
 0.00906331 0.0144597 0.0212757 0.0293007 0.0382082 0.0474665 0.0562704 0.0636797 0.068934 0.0716982 0.0720614 0.070364 0.0670287 0.0624712 0.0570618 0.0511069 0.0448481 0.0384788 0.0321672 0.0260746 0.020367 0.0152149 0.0107778 0.00717421 0.00444687
 0.00903077 0.0144094 0.0212049 0.0292092 0.0380982 0.0473427 0.0561395 0.063548 0.0688041 0.0715662 0.0719174 0.0701988 0.0668432 0.0622843 0.0569099 0.0510334 0.0448863 0.0386373 0.0324256 0.0263909 0.0206926 0.0155085 0.0110143 0.00734559 0.00455904
 0.00901385 0.0143763 0.0211451 0.0291101 0.0379493 0.0471413 0.0558956 0.0632845 0.0685512 0.0713517 0.0717586 0.0700984 0.0667921 0.0622687 0.0569215 0.0510758 0.0449738 0.0387854 0.0326389 0.0266559 0.0209799 0.0157831 0.0112474 0.00752238 0.0046791
 0.00897204 0.0143031 0.0210251 0.0289258 0.0376855 0.0467915 0.0554693 0.0628103 0.0680741 0.0709246 0.0714315 0.0699072 0.0667509 0.0623679 0.057133 0.0513646 0.0453096 0.0391484 0.0330169 0.0270377 0.0213486 0.016117 0.0115261 0.00773436 0.00482486
 0.00898382 0.014322 0.0210523 0.02896 0.0377202 0.0468129 0.0554559 0.0627373 0.0679225 0.0706919 0.0711371 0.0695905 0.0664603 0.0621469 0.0570092 0.0513446 0.0453825 0.0392941 0.0332136 0.027265 0.0215869 0.0163464 0.011728 0.00789552 0.00494067
 0.00892191 0.0142354 0.0209481 0.0288537 0.0376311 0.046757 0.0554386 0.0627507 0.0679469 0.0707012 0.0711074 0.0695092 0.0663325 0.0619965 0.056871 0.0512527 0.0453594 0.0393454 0.0333301 0.0274278 0.0217735 0.0165344 0.0118982 0.00803451 0.00504278
 0.00881809 0.0140676 0.0206987 0.0285105 0.0371941 0.0462462 0.0548995 0.0622491 0.0675517 0.0704623 0.0710398 0.0695925 0.0665244 0.0622508 0.0571534 0.0515466 0.0456627 0.0396613 0.0336581 0.0277593 0.0220927 0.0168229 0.0121405 0.00822195 0.00517531
 0.00886758 0.0141455 0.0208101 0.0286553 0.0373638 0.0464211 0.0550486 0.0623371 0.0675524 0.0703707 0.0708758 0.0693912 0.0663204 0.0620659 0.0569951 0.0514148 0.0455583 0.0395898 0.0336269 0.0277718 0.0221443 0.0169009 0.0122281 0.00830359 0.00524095
 0.00884861 0.0141164 0.0207696 0.0286045 0.0373062 0.0463627 0.0549967 0.0622973 0.0675246 0.0703475 0.0708462 0.0693479 0.0662655 0.0620112 0.0569549 0.0513991 0.0455698 0.0396265 0.0336858 0.0278503 0.0222381 0.0170027 0.0123277 0.00839091 0.00530914
 0.00872545 0.0139352 0.0205324 0.0283257 0.0370088 0.046072 0.0547354 0.0620843 0.0673747 0.0702708 0.0708449 0.0694147 0.0663852 0.0621654 0.0571282 0.0515822 0.0457581 0.0398173 0.0338759 0.0280353 0.0224129 0.0171613 0.012464 0.00850014 0.0053896
 0.00860215 0.0137488 0.0202788 0.0280117 0.0366525 0.0457004 0.0543824 0.0617859 0.0671625 0.0701636 0.0708448 0.0695088 0.0665518 0.0623806 0.0573702 0.0518335 0.0460069 0.0400566 0.0341019 0.0282452 0.0226033 0.017328 0.0126029 0.00860867 0.00546804
 0.00859544 0.0137271 0.0202263 0.0279085 0.0364805 0.0454533 0.0540735 0.0614488 0.0668427 0.0699052 0.0706791 0.0694485 0.0665916 0.0625027 0.0575504 0.0520476 0.0462345 0.040283 0.0343176 0.0284443 0.0227817 0.0174821 0.0127299 0.00870699 0.00553862
 0.0086058 0.0137301 0.020205 0.0278372 0.0363306 0.0452022 0.0537148 0.0609988 0.066341 0.0694095 0.0702542 0.0691524 0.0664618 0.0625473 0.0577496 0.052362 0.0466171 0.0406901 0.0347146 0.0288075 0.0230968 0.017742 0.0129329 0.00885604 0.00564045
 0.00859357 0.013714 0.0201869 0.0278187 0.0363088 0.0451656 0.0536416 0.060862 0.0661195 0.0691012 0.0698841 0.0687702 0.0661295 0.0623219 0.0576672 0.0524297 0.0468144 0.0409777 0.0350471 0.0291437 0.0234056 0.0180044 0.0131402 0.00900831 0.00574396
 0.00851522 0.0136003 0.0200414 0.0276539 0.036143 0.0450174 0.0535235 0.0607763 0.0660564 0.0690409 0.0698037 0.0686547 0.0659831 0.062171 0.057553 0.0523928 0.0468791 0.0411437 0.0352912 0.029429 0.0236937 0.018264 0.0133527 0.00916718 0.00585261
 0.00842789 0.0134725 0.0198755 0.0274625 0.0359463 0.0448385 0.0533843 0.0606929 0.0660358 0.0690768 0.0698756 0.0687324 0.0660362 0.0621815 0.0575241 0.0523485 0.0468547 0.0411704 0.0353831 0.0295789 0.023878 0.0184533 0.0135217 0.00930108 0.00594764
 0.00852496 0.0136095 0.0200437 0.0276412 0.0361106 0.0449693 0.0534758 0.0607527 0.066077 0.069109 0.069898 0.0687337 0.0659993 0.0620908 0.0573732 0.0521465 0.0466268 0.0409521 0.0352081 0.0294681 0.0238334 0.0184607 0.013559 0.00934746 0.00598905
 0.00860534 0.013724 0.0201852 0.0277914 0.0362426 0.0450543 0.0534909 0.0606877 0.0659395 0.068925 0.0697063 0.068573 0.0658936 0.0620416 0.0573626 0.0521489 0.0466228 0.0409366 0.0351904 0.0294631 0.0238517 0.0185028 0.0136158 0.00940608 0.00603889
 0.00861732 0.0137448 0.0202185 0.0278395 0.0363041 0.0451206 0.0535447 0.0607058 0.0659007 0.0688201 0.0695454 0.0683847 0.0657164 0.0619102 0.0572959 0.0521451 0.046664 0.0410002 0.0352595 0.0295311 0.0239193 0.0185714 0.0136836 0.00946782 0.00608919
 0.00869574 0.0138682 0.0203962 0.0280771 0.0366009 0.0454677 0.0539213 0.0610776 0.0662229 0.0690458 0.0696365 0.0683233 0.0655119 0.0615982 0.0569277 0.0517726 0.0463259 0.0407158 0.0350321 0.029356 0.0237905 0.0184836 0.0136306 0.00944159 0.00608035
 0.00876888 0.0139831 0.0205618 0.0282989 0.0368803 0.0458003 0.0542944 0.0614693 0.0666024 0.0693763 0.0698799 0.0684461 0.0654919 0.0614315 0.0566334 0.0513899 0.0459044 0.0403029 0.0346626 0.0290486 0.0235505 0.0183076 0.0135105 0.00936643 0.006038
 0.00857161 0.0136819 0.0201455 0.0277729 0.0362674 0.045141 0.0536468 0.060905 0.0661947 0.0691832 0.0699276 0.0687208 0.0659436 0.0619875 0.0572162 0.051936 0.0463763 0.0406898 0.0349727 0.0292975 0.0237516 0.0184693 0.013637 0.00946062 0.00610367
 0.00842734 0.0134494 0.0198004 0.0272958 0.0356506 0.0443973 0.0528181 0.0600631 0.0654315 0.0685912 0.0695809 0.068661 0.0661726 0.0624675 0.0578778 0.0526929 0.0471444 0.0414038 0.035594 0.0298124 0.024163 0.0187874 0.0138738 0.0096285 0.00621542
 0.00837894 0.0133749 0.0196953 0.0271559 0.03547 0.0441662 0.0525237 0.0596963 0.0649966 0.0681149 0.069114 0.0682702 0.065924 0.0624078 0.0580207 0.0530153 0.0475931 0.0419115 0.0360973 0.0302647 0.0245395 0.0190817 0.0140915 0.00978062 0.00631527
 0.00786102 0.0126153 0.018705 0.0259991 0.0342461 0.0429795 0.0514596 0.0588125 0.0643262 0.0676728 0.0689028 0.0682866 0.0661649 0.0628706 0.0586971 0.0538812 0.0486017 0.0429944 0.037175 0.031262 0.0254 0.019775 0.0146129 0.0101461 0.00655284
 0.0073522 0.0118392 0.0176354 0.0246532 0.0326886 0.0413204 0.049848 0.0574172 0.0632977 0.0671002 0.0687913 0.0685707 0.0667472 0.0636622 0.0596378 0.0549368 0.049747 0.0441953 0.0383797 0.0324059 0.0264189 0.0206212 0.0152653 0.010611 0.00685781
#obs surv len freq
 nan nan nan nan nan nan nan nan nan nan nan nan nan nan nan nan nan nan nan nan nan nan nan nan nan
 0.00448696 0.00734954 0.0111809 0.0159986 0.0217005 0.0279768 0.0342912 0.040022 0.0447005 0.0481626 0.0505183 0.0520118 0.0529019 0.0534122 0.0537249 0.0539786 0.0542563 0.0545484 0.0546868 0.0542786 0.0527167 0.0493493 0.0437998 0.0362809 0.0276658
 0.00461272 0.00755772 0.0115008 0.0164586 0.022321 0.0287595 0.0352079 0.0410125 0.0456811 0.0490435 0.0512207 0.0524796 0.0531067 0.0533536 0.0534253 0.0534758 0.0535944 0.0537707 0.0538329 0.0533858 0.0518244 0.048501 0.0430408 0.0356495 0.0271833
 0.00477918 0.00782724 0.0119046 0.0170258 0.0230737 0.0297046 0.036328 0.0422592 0.0469777 0.0502948 0.0523263 0.0533468 0.0536625 0.0535536 0.0532584 0.0529623 0.0527791 0.0527131 0.0525996 0.0520474 0.0504563 0.0471836 0.0418537 0.0346584 0.0264243
 0.00497217 0.00814407 0.0123869 0.0177138 0.0239977 0.0308722 0.0377112 0.0437915 0.0485643 0.0518306 0.0537108 0.0544902 0.0544865 0.0539943 0.0532718 0.0525318 0.05192 0.0514726 0.0510522 0.0502907 0.048606 0.0453677 0.0401986 0.0332672 0.025355
 0.00518287 0.00848887 0.0129103 0.0184591 0.0249996 0.0321438 0.0392305 0.0454953 0.050355 0.0535934 0.0553312 0.0558655 0.0555307 0.0546378 0.0534613 0.0522317 0.0511179 0.0501872 0.0493414 0.0482557 0.046389 0.0431399 0.0381356 0.0315157 0.0240005
 0.00540639 0.00885595 0.0134697 0.0192588 0.0260776 0.0335143 0.0408685 0.0473319 0.0522866 0.0555012 0.0570988 0.0573887 0.0567204 0.0554202 0.0537766 0.0520344 0.0503798 0.0489056 0.0475528 0.0460494 0.0439144 0.0405959 0.0357398 0.029457 0.0223954
 0.00563686 0.00923364 0.014044 0.020078 0.0271806 0.0349162 0.0425463 0.0492177 0.0542769 0.0574755 0.0589381 0.058987 0.0579884 0.0562843 0.0541768 0.0519216 0.0497167 0.0476746 0.0457714 0.0437904 0.0413209 0.0378771 0.0331383 0.0271941 0.0206147
 0.00589538 0.0096545 0.0146785 0.0209743 0.0283748 0.0364181 0.0443246 0.0511951 0.0563408 0.0594991 0.0608011 0.0605862 0.0592405 0.0571238 0.0545517 0.0517893 0.0490421 0.0464355 0.0439738 0.0414925 0.0386545 0.0350496 0.0304032 0.0247917 0.0187092
 0.00613388 0.0100481 0.0152816 0.0218412 0.0295482 0.0379123 0.0461081 0.0531853 0.0584172 0.0615276 0.0626566 0.0621654 0.0604638 0.0579324 0.0549019 0.0516468 0.048378 0.0452295 0.0422277 0.0392538 0.0360409 0.0322567 0.0276793 0.0223805 0.0167832
 0.00637319 0.0104406 0.0158789 0.022694 0.0306969 0.039372 0.0478522 0.055139 0.0604656 0.0635375 0.0644973 0.0637245 0.0616548 0.0586954 0.0551997 0.0514565 0.0476842 0.0440227 0.0405146 0.0370787 0.0335105 0.0295517 0.0250337 0.0200291 0.0148966
 0.00660895 0.0108273 0.016467 0.0235325 0.0318237 0.0407984 0.0495478 0.057026 0.0624308 0.0654529 0.0662413 0.0651934 0.062767 0.0593925 0.0554441 0.0512278 0.0469734 0.0428299 0.0388548 0.0349985 0.03111 0.0269958 0.0225369 0.0178082 0.0131112
 0.00685512 0.0112283 0.0170719 0.024387 0.0329609 0.0422247 0.0512278 0.0588778 0.0643372 0.0672844 0.0678775 0.0665365 0.0637458 0.0599605 0.0555756 0.0509117 0.0462089 0.0416249 0.0372308 0.033005 0.0288422 0.0246044 0.0202144 0.0157489 0.0114577
 0.00706569 0.0115792 0.0176158 0.0251769 0.0340389 0.0436024 0.0528688 0.0606935 0.0662006 0.0690577 0.0694368 0.0677853 0.0646189 0.0604209 0.0556089 0.0505199 0.0454033 0.0404236 0.0356631 0.031123 0.0267358 0.0224093 0.0181005 0.013885 0.00996633
 0.00726758 0.0119063 0.0181062 0.0258666 0.034956 0.0447575 0.0542438 0.0622333 0.0678171 0.0706411 0.0708724 0.0689693 0.0654699 0.0608871 0.0556681 0.0501733 0.0446676 0.0393256 0.0342399 0.0294301 0.0248589 0.0204697 0.0162454 0.0122579 0.00866923
 0.00740163 0.0121324 0.0184614 0.02639 0.0356795 0.0456933 0.0553712 0.063497 0.0691375 0.0719317 0.0720528 0.0699695 0.0662299 0.0613571 0.0558114 0.0499705 0.0441178 0.0384455 0.0330633 0.0280113 0.0232781 0.0188358 0.0146854 0.0108926 0.00758331
 0.00753848 0.0123492 0.0187778 0.026822 0.036239 0.0463854 0.05619 0.0644199 0.0701239 0.0729257 0.0729906 0.0707878 0.0668735 0.0617824 0.0559867 0.0498744 0.0437398 0.037788 0.0321466 0.0268781 0.0219978 0.0175029 0.0134093 0.00977545 0.00669532
 0.00760144 0.0124539 0.0189394 0.0270561 0.0365579 0.0467938 0.0566807 0.0649751 0.0707198 0.0735387 0.0735992 0.0713689 0.0673975 0.0622113 0.0562784 0.0499886 0.0436445 0.0374651 0.0315964 0.026125 0.0210938 0.0165258 0.0124514 0.00892445 0.00601274
 0.0076396 0.0125085 0.0190086 0.027135 0.0366428 0.0468867 0.0567924 0.065123 0.0709214 0.0738048 0.0739293 0.0717511 0.0678098 0.0626236 0.0566521 0.0502794 0.0438072 0.0374611 0.0314034 0.0257447 0.0205569 0.0158904 0.0117932 0.00831894 0.00551593
 0.00769227 0.0125852 0.019107 0.0272467 0.0367545 0.0469841 0.0568645 0.0651659 0.0709421 0.0738216 0.0739686 0.0718383 0.0679601 0.0628346 0.0569031 0.0505341 0.0440201 0.0375856 0.0314016 0.0255973 0.0202714 0.0155024 0.0113587 0.00789945 0.00516077
 0.00776543 0.0126976 0.0192636 0.027446 0.0369877 0.047234 0.0571058 0.0653684 0.0710782 0.0738762 0.0739459 0.071762 0.0678656 0.0627574 0.0568662 0.0505409 0.0440532 0.0376119 0.0313826 0.0255022 0.020088 0.0152431 0.0110573 0.00759961 0.00490108
 0.00782897 0.0127985 0.0194107 0.0276448 0.0372382 0.0475275 0.057422 0.0656762 0.0713407 0.0740594 0.074028 0.0717391 0.0677526 0.0625846 0.0566708 0.050356 0.0438976 0.0374851 0.0312673 0.0253736 0.0199267 0.015045 0.0108361 0.00738047 0.00470998
 0.00784237 0.012821 0.0194461 0.0276974 0.0373126 0.0476274 0.0575486 0.0658266 0.071506 0.0742252 0.074175 0.0718472 0.0678066 0.0625787 0.0566122 0.0502621 0.0437896 0.0373792 0.0311684 0.0252753 0.0198177 0.0149184 0.0106951 0.00723827 0.00458288
 0.00786751 0.0128537 0.0194804 0.0277235 0.0373206 0.0476126 0.057516 0.0657904 0.0714849 0.074235 0.0742225 0.0719276 0.0679049 0.0626746 0.056687 0.0503049 0.0437994 0.0373626 0.0311338 0.025228 0.0197582 0.0148457 0.0106118 0.00715154 0.00450291
 0.00786968 0.0128584 0.0194891 0.0277373 0.037338 0.0476285 0.0575214 0.0657758 0.0714462 0.0741786 0.0741651 0.07189 0.0679028 0.0627114 0.056753 0.0503822 0.0438698 0.0374138 0.031161 0.0252318 0.0197416 0.0148126 0.0105667 0.00710099 0.00445421
 0.00789201 0.0128882 0.0195221 0.0277659 0.037354 0.0476267 0.0575019 0.0657432 0.0714063 0.0741351 0.07412 0.0718465 0.0678674 0.0626935 0.0567599 0.0504144 0.0439196 0.0374685 0.031208 0.0252625 0.019753 0.014806 0.0105466 0.0070733 0.00442523
 0.00788823 0.0128801 0.0195062 0.0277373 0.0373073 0.0475574 0.0574089 0.0656305 0.071284 0.0740182 0.0740249 0.0717866 0.0678495 0.0627179 0.0568218 0.0505063 0.044032 0.0375898 0.0313252 0.0253639 0.0198305 0.0148568 0.0105731 0.00708151 0.00442234
 0.00788305 0.0128705 0.0194895 0.0277101 0.0372661 0.0474995 0.0573337 0.0655398 0.0711824 0.0739131 0.0739261 0.0717055 0.0677976 0.0627035 0.056848 0.0505705 0.0441262 0.0377026 0.0314437 0.0254754 0.0199247 0.0149278 0.0106198 0.00710743 0.00443341
 0.00787925 0.0128626 0.0194745 0.0276842 0.0372254 0.0474418 0.0572592 0.0654524 0.0710882 0.0738192 0.0738398 0.0716337 0.0677469 0.0626797 0.0568557 0.0506113 0.0441978 0.037798 0.0315525 0.0255854 0.0200245 0.015009 0.010679 0.00714543 0.00445457
 0.00785547 0.0128216 0.0194087 0.0275856 0.0370882 0.047266 0.0570537 0.0652351 0.0708827 0.0736486 0.0737214 0.0715763 0.0677509 0.0627395 0.0569619 0.0507534 0.0443652 0.0379801 0.0317379 0.0257622 0.0201818 0.0151385 0.0107767 0.00721249 0.00449604
 0.0078563 0.0128198 0.0193998 0.0275631 0.0370441 0.0471932 0.0569481 0.065098 0.0707219 0.0734783 0.0735605 0.0714448 0.067665 0.0627084 0.0569866 0.0508279 0.0444789 0.0381203 0.0318915 0.0259163 0.0203244 0.0152603 0.010872 0.00728051 0.00453991
 0.00783827 0.0127931 0.0193643 0.0275198 0.0369943 0.0471369 0.0568836 0.065022 0.0706321 0.0733753 0.0734498 0.071337 0.0675742 0.0626488 0.0569691 0.050857 0.0445521 0.038229 0.0320229 0.0260563 0.0204595 0.0153793 0.0109679 0.00735085 0.00458666
 0.00779142 0.0127165 0.0192487 0.0273579 0.0367838 0.0468845 0.0566081 0.0647522 0.0703994 0.0732045 0.0733524 0.0713114 0.0676112 0.0627371 0.0570994 0.0510221 0.0447454 0.0384421 0.0322447 0.0262737 0.020659 0.01555 0.0111031 0.00744932 0.00465218
 0.00777453 0.0126853 0.0191949 0.0272711 0.0366543 0.0467068 0.0563851 0.0644977 0.0701369 0.072963 0.0731604 0.0711904 0.067571 0.0627753 0.0572043 0.0511781 0.0449368 0.038655 0.0324664 0.0264915 0.0208605 0.0157242 0.0112427 0.00755231 0.00472158
 0.00773315 0.0126192 0.0190977 0.0271375 0.0364808 0.0464933 0.0561368 0.0642263 0.0698604 0.0727041 0.0729437 0.071039 0.0675025 0.0627982 0.0573156 0.0513642 0.0451772 0.0389268 0.0327478 0.0267636 0.0211077 0.0159348 0.0114101 0.0076752 0.00480434
 0.00771234 0.0125833 0.0190398 0.0270502 0.0363578 0.0463323 0.0559416 0.0640076 0.0696335 0.0724856 0.0727493 0.0708831 0.0673987 0.0627583 0.0573475 0.0514688 0.0453467 0.0391452 0.0329941 0.0270152 0.0213445 0.0161411 0.0115763 0.00779863 0.00488824
 0.00767967 0.0125325 0.0189674 0.0269542 0.0362374 0.0461881 0.0557761 0.0638261 0.0694448 0.0723013 0.072583 0.070748 0.067306 0.0627169 0.0573634 0.0515446 0.0454802 0.0393284 0.0332121 0.0272487 0.0215725 0.0163452 0.011744 0.00792473 0.00497477
 0.00766655 0.012507 0.0189215 0.0268784 0.0361239 0.0460345 0.0555894 0.0636215 0.0692419 0.0721183 0.0724322 0.0706363 0.0672369 0.0626927 0.0573859 0.051615 0.0455978 0.0394886 0.0334055 0.0274607 0.021785 0.0165403 0.0119079 0.00805022 0.00506207
 0.00764195 0.0124721 0.0188782 0.0268305 0.0360747 0.0459838 0.0555315 0.0635482 0.0691467 0.072002 0.0723041 0.0705116 0.0671313 0.0626182 0.05735 0.0516212 0.0456469 0.0395786 0.0335309 0.0276112 0.0219464 0.0166967 0.0120449 0.00815882 0.00513972
 0.00762009 0.012436 0.0188231 0.0267529 0.035974 0.0458648 0.0554051 0.0634288 0.0690472 0.0719277 0.0722523 0.070475 0.0671045 0.0626015 0.0573486 0.0516424 0.0456962 0.0396583 0.0336389 0.0277409 0.022087 0.0168351 0.0121685 0.00825867 0.0052124
 0.00760823 0.0124156 0.0187904 0.0267034 0.0359038 0.0457717 0.0552912 0.0633012 0.0689179 0.0718115 0.0721621 0.0704184 0.0670818 0.0626073 0.0573761 0.0516871 0.0457573 0.0397371 0.033736 0.0278535 0.0222086 0.0169557 0.0122775 0.00834807 0.00527848
 0.00758162 0.0123781 0.0187444 0.0266543 0.0358577 0.0457322 0.0552571 0.0632673 0.0688776 0.0717612 0.0721037 0.0703591 0.0670313 0.062574 0.0573644 0.0516972 0.0457874 0.039785 0.0337999 0.0279314 0.0222959 0.0170455 0.0123617 0.00841927 0.00533257
 0.00755902 0.0123398 0.0186843 0.0265671 0.0357415 0.0455923 0.0551071 0.0631271 0.068767 0.0716919 0.072076 0.0703647 0.0670593 0.0626166 0.0574183 0.0517623 0.0458639 0.0398719 0.0338952 0.0280317 0.0223971 0.0171422 0.012448 0.00849014 0.0053856
 0.00755156 0.0123287 0.0186694 0.0265481 0.0357172 0.04556 0.055063 0.0630685 0.0686949 0.0716133 0.0720025 0.0703076 0.0670256 0.0626067 0.0574283 0.0517873 0.0459006 0.0399191 0.0339518 0.0280962 0.0224661 0.0172112 0.0125116 0.00854391 0.00542678
 0.00753044 0.0122946 0.0186186 0.0264779 0.0356271 0.0454528 0.0549459 0.0629518 0.0685898 0.071528 0.071942 0.0702741 0.0670203 0.0626299 0.0574784 0.0518599 0.0459893 0.040017 0.0340533 0.0281968 0.022562 0.0172984 0.0125866 0.00860399 0.00547104
 0.00750907 0.0122599 0.0185665 0.0264049 0.035531 0.0453342 0.0548096 0.0628075 0.0684507 0.0714084 0.0718537 0.0702246 0.0670117 0.0626601 0.0575424 0.0519511 0.0461003 0.04014 0.0341804 0.0283208 0.0226769 0.0173994 0.0126704 0.00866892 0.00551759
 0.00752377 0.0122818 0.0185957 0.0264395 0.0355671 0.045366 0.0548299 0.0628085 0.0684263 0.0713566 0.0717782 0.0701344 0.0669193 0.0625779 0.0574803 0.051915 0.0460914 0.0401559 0.0342162 0.0283699 0.0227323 0.0174548 0.0127204 0.00871013 0.00554846
 0.00750725 0.0122608 0.0185748 0.0264263 0.0355697 0.0453889 0.0548712 0.0628596 0.0684742 0.0713885 0.0717849 0.0701131 0.0668732 0.0625158 0.057414 0.0518562 0.0460493 0.0401354 0.0342175 0.0283895 0.0227643 0.0174924 0.0127575 0.00874227 0.00557326
 0.00748211 0.0122184 0.0185085 0.0263308 0.0354438 0.0452397 0.0547157 0.0627224 0.0683793 0.07135 0.0718021 0.0701722 0.0669545 0.0626016 0.0574937 0.051927 0.0461141 0.040199 0.0342835 0.0284586 0.022834 0.0175584 0.0128153 0.00878846 0.00560692
 0.00749296 0.0122318 0.0185206 0.0263348 0.035431 0.0452021 0.0546489 0.0626282 0.0682676 0.0712376 0.0717088 0.070114 0.0669384 0.0626231 0.0575406 0.0519853 0.0461738 0.0402559 0.0343378 0.0285117 0.0228865 0.0176085 0.0128602 0.0088254 0.00563449
 0.00749296 0.0122318 0.0185206 0.0263348 0.035431 0.0452021 0.0546489 0.0626282 0.0682676 0.0712376 0.0717088 0.070114 0.0669384 0.0626231 0.0575406 0.0519853 0.0461738 0.0402559 0.0343378 0.0285117 0.0228865 0.0176085 0.0128602 0.0088254 0.00563449
 0.0074374 0.0121487 0.0184091 0.0261984 0.0352764 0.0450369 0.0544801 0.0624626 0.0681129 0.0711036 0.0716077 0.0700588 0.0669395 0.0626849 0.0576578 0.0521439 0.0463549 0.0404409 0.0345129 0.0286689 0.0230219 0.0177208 0.012949 0.00889163 0.00568037
 0.00744531 0.0121531 0.0184004 0.0261635 0.0352033 0.044921 0.054329 0.0622947 0.0679506 0.0709648 0.0715015 0.0699872 0.0669024 0.0626836 0.0576949 0.0522199 0.0464648 0.0405741 0.0346555 0.0288076 0.0231469 0.0178263 0.0130326 0.00895367 0.00572312
 0.00729569 0.0119203 0.0180696 0.0257287 0.0346689 0.0443044 0.0536638 0.0616321 0.0673546 0.0705009 0.071222 0.0699195 0.0670442 0.0630061 0.058153 0.0527639 0.0470488 0.0411595 0.0352108 0.029308 0.0235745 0.0181716 0.0132947 0.00913937 0.00584511
 0.00721921 0.0117806 0.017832 0.025354 0.0341258 0.0435873 0.0528075 0.0607125 0.0664716 0.069753 0.0706857 0.0696409 0.0670384 0.0632605 0.0586307 0.0534098 0.047798 0.0419473 0.03598 0.0300133 0.0241841 0.0186673 0.0136724 0.00940727 0.00602076
 0.00722704 0.0117905 0.01784 0.0253502 0.0340912 0.0434922 0.0526151 0.0603898 0.0660065 0.0691697 0.0700471 0.069035 0.0665547 0.062967 0.0585611 0.0535612 0.048137 0.0424198 0.036523 0.0305658 0.0246958 0.0191033 0.0140153 0.00965577 0.00618608
 0.00711064 0.0116105 0.0175866 0.0250214 0.0336938 0.0430415 0.052134 0.0599046 0.0655403 0.0687373 0.0696572 0.0686995 0.0662986 0.0628286 0.0585814 0.0537671 0.0485285 0.0429663 0.0371698 0.0312459 0.0253441 0.0196687 0.0144676 0.00998759 0.00640859
 0.00712741 0.0116299 0.0176012 0.0250193 0.0336612 0.0429674 0.052014 0.0597415 0.0653414 0.0685093 0.0694044 0.068425 0.0660097 0.0625447 0.0583368 0.0536064 0.0484929 0.0430779 0.0374209 0.0316001 0.025747 0.0200637 0.0148102 0.0102535 0.00659416
#pred catch len freq
 0.00416596 0.00659732 0.00963538 0.0132138 0.0172973 0.0218618 0.0268264 0.0320158 0.0371892 0.042097 0.0465199 0.0502909 0.0533137 0.0555705 0.0571135 0.0580495 0.0585242 0.0586882 0.0586136 0.0581606 0.0568721 0.054038 0.0490126 0.0416669 0.0326659
 0.00433973 0.00681666 0.00985199 0.0133522 0.0172857 0.0216757 0.0265155 0.0316905 0.0369691 0.0420514 0.0466398 0.0505086 0.0535526 0.0557929 0.0573383 0.0583322 0.0589112 0.0591688 0.0590967 0.0584948 0.0569078 0.0537017 0.0483499 0.0408262 0.0318299
 0.004502 0.00707883 0.0102385 0.0138718 0.017915 0.0223442 0.0271069 0.032076 0.0370647 0.041868 0.0462834 0.0501249 0.0532541 0.0556192 0.0572713 0.0583398 0.0589768 0.0592828 0.059224 0.0585552 0.0567955 0.0533396 0.0477417 0.0400658 0.0310597
 0.00468752 0.00736919 0.0106564 0.0144353 0.0186389 0.0232364 0.0281548 0.0332243 0.0382007 0.042833 0.0469202 0.0503425 0.053069 0.0551432 0.0566524 0.0576994 0.0583796 0.0587407 0.058711 0.0580182 0.0561694 0.0525778 0.0468511 0.0391193 0.0301696
 0.00488246 0.00767654 0.011102 0.0150391 0.0194152 0.0241924 0.0292867 0.0345105 0.0395935 0.0442491 0.0482351 0.0514008 0.0537201 0.0552932 0.0563033 0.0569471 0.0573683 0.0576037 0.0575305 0.0568188 0.0549409 0.051312 0.0455742 0.0379014 0.0291032
 0.00509224 0.00800757 0.0115826 0.015692 0.0202573 0.0252333 0.0305236 0.0359214 0.0411332 0.045848 0.0497998 0.0528146 0.0548477 0.0559976 0.0564771 0.0565481 0.0564382 0.0562544 0.0559023 0.0550381 0.053102 0.0494883 0.0438414 0.0363473 0.0278119
 0.00535141 0.00841042 0.0121557 0.0164514 0.0212107 0.0263829 0.0318632 0.0374303 0.0427701 0.047549 0.0514796 0.0543706 0.056165 0.0569552 0.0569587 0.0564607 0.0557376 0.0549649 0.0541189 0.0529061 0.0507883 0.0471596 0.0416536 0.034435 0.026271
 0.00563261 0.008849 0.0127822 0.0172843 0.0222576 0.0276409 0.0333157 0.0390428 0.0444888 0.0493042 0.0531906 0.0559487 0.0575158 0.0579799 0.0575567 0.0565365 0.0552155 0.0538119 0.052367 0.0506634 0.0482309 0.0445062 0.0391295 0.032233 0.0245163
 0.00597413 0.00937551 0.0135223 0.018249 0.0234439 0.0290361 0.034897 0.0407712 0.0463053 0.0511305 0.0549364 0.0575206 0.0588248 0.058945 0.0581024 0.0565896 0.0547075 0.0526928 0.050631 0.0483767 0.0455471 0.0416541 0.0363724 0.0298095 0.0225851
 0.00635635 0.00996737 0.0143589 0.0193457 0.024798 0.030629 0.0366918 0.0427084 0.0483031 0.053092 0.0567593 0.0591068 0.0600872 0.0598111 0.058514 0.0564977 0.0540675 0.0514679 0.0488105 0.0460066 0.0427575 0.0386636 0.0334543 0.0272262 0.0205192
 0.00673121 0.010551 0.0151901 0.0204463 0.0261732 0.0322673 0.03856 0.0447446 0.0504157 0.0551677 0.0586763 0.0607495 0.0613579 0.0606366 0.0588453 0.0563029 0.0533233 0.0501577 0.046935 0.0436096 0.0399559 0.0356601 0.0305128 0.0246105 0.0184195
 0.0071468 0.011193 0.016095 0.0216294 0.0276322 0.0339864 0.0405067 0.0468622 0.0526173 0.0573382 0.0606836 0.0624599 0.0626541 0.0614314 0.0590867 0.0559695 0.0524139 0.0486825 0.044919 0.0411112 0.0370931 0.0326261 0.0275583 0.0219885 0.016315
 0.00751653 0.0117688 0.0169156 0.0227164 0.0289905 0.0356042 0.042351 0.0488731 0.0547081 0.0594023 0.0626038 0.064118 0.0639396 0.0622515 0.0593747 0.0556884 0.0515544 0.0472588 0.0429685 0.038705 0.0343544 0.0297406 0.0247595 0.0195097 0.0143268
 0.00777871 0.0121902 0.0175416 0.023588 0.0301394 0.0370433 0.0440624 0.0507988 0.0567518 0.0614414 0.0645058 0.0657563 0.0652058 0.0630624 0.0596742 0.0554456 0.0507607 0.045927 0.0411371 0.0364482 0.0317953 0.0270574 0.0221686 0.0172231 0.0124969
 0.00800222 0.0125414 0.0180494 0.0242761 0.0310288 0.0381525 0.0454013 0.0523564 0.0584834 0.0632616 0.0662934 0.067371 0.0665125 0.0639525 0.0600766 0.0553259 0.0501141 0.0447718 0.0395152 0.0344336 0.029506 0.0246586 0.0198569 0.0151875 0.0108712
 0.00819959 0.0128497 0.0184906 0.0248646 0.0317719 0.0390512 0.046449 0.0535362 0.0597664 0.064606 0.0676419 0.0686483 0.0676264 0.0648034 0.0605727 0.0553984 0.0497256 0.0439189 0.0382281 0.0327789 0.0275918 0.0226344 0.0178975 0.0134587 0.00948971
 0.00842502 0.0132009 0.018991 0.0255267 0.0325967 0.0400277 0.0475505 0.0547188 0.0609715 0.0657693 0.0687031 0.0695571 0.0683419 0.0652895 0.0607928 0.0553144 0.0493038 0.0431403 0.0371 0.0313455 0.0259402 0.020892 0.0162146 0.0119776 0.00830896
 0.00864741 0.0135428 0.0194699 0.0261479 0.0333564 0.0409158 0.0485496 0.0557989 0.0620849 0.0668512 0.0696791 0.0703563 0.0689101 0.0655962 0.0608284 0.0550807 0.0488041 0.0423769 0.0360819 0.0301021 0.0245343 0.019422 0.0148017 0.010738 0.00732314
 0.00873331 0.0136772 0.0196627 0.0264066 0.0336865 0.041322 0.0490352 0.0563632 0.0627209 0.0675416 0.070394 0.0710512 0.0695299 0.0660833 0.0611333 0.0551694 0.0486588 0.0419935 0.0354687 0.0292838 0.0235597 0.018368 0.0137647 0.00981311 0.0065791
