SBPRF35
8.98018
Curr Bio
568464
B35
713686
F35
0.195865
FOFL
0.172439
OFL
87044.7
Bzero
2.56576e+06
#pred survey bio
 4.36086e+06 4.16718e+06 3.9739e+06 3.72378e+06 3.41091e+06 3.10591e+06 2.815e+06 2.50438e+06 2.25622e+06 2.002e+06 1.77739e+06 1.58124e+06 1.39429e+06 1.22548e+06 1.09145e+06 960492 870087 791223 746980 705919 667764 653602 634207 620664 603814 589767 597670 593241 591194 583044 578971 573797 572408 577126 557633 550229 544384 544051 542426 559236 578035 578690 587451 590427 599041 596335 598226 599054 599958 608322 610017 584680 597089 615710 617955 566097 516952 518398 520345 557880 571303 578014 575395 555547 551630 558335 572600 574192 2.23265e+07 1.3307e+07 1.34353e+07 1.40478e+07 1.49559e+07 1.59493e+07 1.68853e+07 1.76922e+07 1.83489e+07 1.88629e+07 1.92549e+07 1.95487e+07 1.97665e+07 1.9927e+07 2.0045e+07 2.01317e+07 2.01956e+07 2.02429e+07 2.0278e+07 2.03043e+07 2.0324e+07 2.03389e+07 2.03502e+07 2.03589e+07 2.03655e+07 2.03706e+07 2.03745e+07 2.03775e+07 2.03799e+07 2.03817e+07 2.03831e+07 2.03842e+07 2.03851e+07 2.03858e+07 2.03863e+07 2.03867e+07 2.03871e+07 2.03873e+07 2.03875e+07 2.03877e+07 2.03878e+07 2.03879e+07 2.0388e+07 2.03881e+07 2.03881e+07 2.03881e+07 2.03882e+07 2.03882e+07 2.03882e+07 2.03882e+07 2.03882e+07 2.03883e+07 2.03883e+07 2.03883e+07 2.03883e+07 2.03883e+07 2.03883e+07 2.03883e+07 2.03883e+07 2.03883e+07 2.03883e+07 2.03883e+07 2.03883e+07 2.03883e+07 2.03883e+07 2.03883e+07 2.03883e+07 2.03883e+07 2.03883e+07 2.03883e+07 2.03883e+07 2.03883e+07 2.03883e+07 2.03883e+07 2.03883e+07 2.03883e+07 2.03883e+07 2.03883e+07 2.03883e+07 2.03883e+07 2.03883e+07 2.03883e+07 2.03883e+07 2.03883e+07 2.03883e+07 2.03883e+07 2.03883e+07 2.03883e+07 2.03883e+07 2.03883e+07 2.03883e+07 2.03883e+07 2.03883e+07 2.03883e+07 2.03883e+07 2.03883e+07 2.03883e+07 2.03883e+07 2.03883e+07 2.03883e+07 0 0 0 0 0 0 0 0 0 0 0 0 0 0 0 0 0 0 0 0 0 0 0 0 0
#obs survey bio
 3.42642e+06 5.27097e+06 3.64009e+06 3.0682e+06 2.60621e+06 3.08512e+06 2.5542e+06 1.94724e+06 1.45263e+06 1.55802e+06 1.45568e+06 1.40493e+06 1.56710e+06 1.21771e+06 1.14012e+06 588714 553085 553697 902531 673564 652185 766174 594918 468960 518888 541243 676906 541042 494911 554515 597428 541393 454753 614071 699986 613953 858602 459699 424628 368209 675351 653812 869281 754780 488485 513091 534747 655197 540048 484829 558809 558769 550341 912143 673654 573356 688820 491125 489735 498027 600713 702260 416058 566913 591131 571888 419737 748928
#pred catch bio
 91862.4 91845.9 151519 225780 242220 255833 300971 270352 298384 290020 278024 278557 267354 239137 236444 200641 189228 157022 150747 143639 119903 121907 114768 115638 111728 93288 103831 100994 104664 99125.8 97718.5 92187.7 85069.8 102240 88216.2 86356 85229.3 91411.1 80269.7 81524.5 96544.5 87673.1 90456.1 84389.4 93359.5 89145.8 90294 90559 85003.7 91720.8 114708 83661.3 80560.1 94958.8 138498 132604 88968.4 89193.3 60897 82551.4 88001.9 95574.9 109722 96867.9 89581.1 84737.8 94966.7 41524.8 87044.7 96987.4 96706 99804.9 105630 112297 118572 123888 128101 131289 133621 135283 136445 137246 137790 138157 138403 138566 138674 138746 138792 138823 138843 138856 138865 138870 138874 138876 138878 138879 138879 138880 138880 138880 138880 138880 138880 138881 138881 138881 138881 138881 138881 138881 138881 138881 138881 138881 138881 138881 138881 138881 138881 138881 138881 138881 138881 138881 138881 138881 138881 138881 138881 138881 138881 138881 138881 138881 138881 138881 138881 138881 138881 138881 138881 138881 138881 138881 138881 138881 138881 138881 138881 138881 138881 138881 138881 138881 138881 138881 138881 138881 138881 138881 138881 138881 138881 138881 138881 138881 0 0 0 0 0 0 0 0 0 0 0 0 0 0 0 0 0 0 0 0 0 0 0 0 0
#obs catch bio
 0 91565.7 152015 227171 243968 258175 306160 274275 305775 297512 285198 286140 273274 244681 241077 204096 194963 160832 154079 146371 121281 123438 115996 117574 112836 94518.3 105419 102473 106468 100521 99007.3 93189.4 85760.6 103650 88804.8 86854.2 85329.6 91900.6 80654.1 82196.6 97251.7 87849.5 90029.5 83485.3 93020.7 88534.3 89991.6 90226.9 84680.3 91173.5 114907 83528.2 80577.5 94665.5 138438 132452 88286.2 89210 60475.5 82650.6 88023.2 95283.2 109577 96588.4 89506.1 84559.8 96355.5 41240.5
#pred cpue bio
 4.29908e+06 4.10914e+06 3.91901e+06 3.67032e+06 3.35857e+06 3.05446e+06 2.76441e+06 2.45515e+06 2.2078e+06 1.95497e+06 1.73198e+06 1.53764e+06 1.35288e+06 1.18626e+06 1.05411e+06 925271 836154 758829 715878 676441 639795 626288 607603 594517 578216 564494 572090 567890 566074 558432 554869 550299 549374 554396 536009 529284 523093 521268 518418 534390 553025 554350 563576 566999 575528 572829 574573 575287 576103 584179 585658 560614 572339 590589 593057 542369 494020 495228 497375 534205 547620 554259 551609 531882 527519 533857 547877 549985 2.14744e+07 1.2832e+07 1.28622e+07 1.33481e+07 1.4209e+07 1.51906e+07 1.61241e+07 1.69305e+07 1.75871e+07 1.81011e+07 1.84931e+07 1.87869e+07 1.90047e+07 1.91652e+07 1.92831e+07 1.93699e+07 1.94338e+07 1.94811e+07 1.95162e+07 1.95425e+07 1.95622e+07 1.95771e+07 1.95884e+07 1.95971e+07 1.96037e+07 1.96088e+07 1.96127e+07 1.96157e+07 1.96181e+07 1.96199e+07 1.96213e+07 1.96224e+07 1.96233e+07 1.9624e+07 1.96245e+07 1.96249e+07 1.96253e+07 1.96255e+07 1.96257e+07 1.96259e+07 1.9626e+07 1.96261e+07 1.96262e+07 1.96262e+07 1.96263e+07 1.96263e+07 1.96264e+07 1.96264e+07 1.96264e+07 1.96264e+07 1.96264e+07 1.96264e+07 1.96264e+07 1.96264e+07 1.96265e+07 1.96265e+07 1.96265e+07 1.96265e+07 1.96265e+07 1.96265e+07 1.96265e+07 1.96265e+07 1.96265e+07 1.96265e+07 1.96265e+07 1.96265e+07 1.96265e+07 1.96265e+07 1.96265e+07 1.96265e+07 1.96265e+07 1.96265e+07 1.96265e+07 1.96265e+07 1.96265e+07 1.96265e+07 1.96265e+07 1.96265e+07 1.96265e+07 1.96265e+07 1.96265e+07 1.96265e+07 1.96265e+07 1.96265e+07 1.96265e+07 1.96265e+07 1.96265e+07 1.96265e+07 1.96265e+07 1.96265e+07 1.96265e+07 1.96265e+07 1.96265e+07 1.96265e+07 1.96265e+07 1.96265e+07 1.96265e+07 1.96265e+07 1.96265e+07 1.96265e+07 0 0 0 0 0 0 0 0 0 0 0 0 0 0 0 0 0 0 0 0 0 0 0 0 0
#obs cpue bio
 3.63274e+06 2.46348e+06 2.57932e+06 4.53816e+06 2.35427e+06 2.02868e+06 1.93183e+06 2.24515e+06 1.73252e+06 1.80214e+06 1.64781e+06 1.41791e+06 1.38228e+06 738235 1.17364e+06 1.09326e+06 501837 769987 526704 674989 620702 487352 550794 455833 916442 264292 496358 454863 504290 519429 487358 548201 575536 479769 448333 491719 439379 502808 491225 528520 668346 546838 805397 740336 483939 858037 528764 595699 607045 911642 512016 492945 540110 537373 611464 567174 467888 465516 554836 516814 481343 593417 799503 528168 442057 538140 366265 772924
#pred surv len freq
 0.00476422 0.00777914 0.0117897 0.016802 0.0227064 0.0291899 0.0357124 0.0416435 0.0465011 0.0501102 0.0525773 0.0541509 0.0550923 0.055608 0.0558246 0.0557851 0.0554623 0.0547768 0.0535981 0.0517184 0.0488368 0.0446237 0.038902 0.031868 0.024177
 0.00495234 0.00798974 0.0119359 0.0167578 0.0223573 0.0285032 0.0347825 0.0406714 0.0457086 0.0496371 0.0524253 0.0542041 0.0551936 0.0556438 0.0557756 0.0557273 0.0555228 0.0550664 0.0541495 0.0524607 0.0496214 0.0452901 0.0393459 0.032074 0.0242038
 0.00521789 0.00841394 0.0125527 0.0175736 0.0233271 0.0295092 0.035637 0.0411669 0.0457064 0.0491444 0.0516009 0.0532766 0.0543473 0.0549493 0.0552059 0.0552297 0.0550856 0.0547328 0.0539784 0.0524709 0.0497628 0.0454637 0.0394567 0.0320769 0.0241135
 0.00546647 0.00882005 0.0131676 0.0184461 0.0244916 0.0309644 0.0373189 0.0429292 0.0473279 0.0503746 0.0522354 0.0532322 0.0536928 0.0538682 0.0539108 0.0538857 0.0537865 0.0535266 0.0528998 0.0515479 0.0490019 0.0448406 0.0389307 0.0316177 0.0237164
 0.00576468 0.00929671 0.0138706 0.0194165 0.0257589 0.0325373 0.0391714 0.0449879 0.0494661 0.0524152 0.0539644 0.0544303 0.0541866 0.0535867 0.0529137 0.0523413 0.0519098 0.0515164 0.0509062 0.0496714 0.0473054 0.0433598 0.0376819 0.030605 0.0229356
 0.00605076 0.00975739 0.0145559 0.0203706 0.0270129 0.0340981 0.0410093 0.0470324 0.0516134 0.0545412 0.0559324 0.0560888 0.0553712 0.0541392 0.0527227 0.051386 0.0502789 0.0493878 0.0484982 0.0471938 0.0449304 0.0412145 0.0358507 0.0291331 0.0218303
 0.0063268 0.0102012 0.0152152 0.0212875 0.0282179 0.0355998 0.0427825 0.0490123 0.0537029 0.0566268 0.0578978 0.0578203 0.0567529 0.0550486 0.0530362 0.0510026 0.0491575 0.0475784 0.0461477 0.0445195 0.042176 0.0386057 0.033564 0.0272777 0.0204422
 0.00668488 0.010769 0.0160428 0.0224125 0.0296592 0.0373486 0.0447922 0.0511947 0.0559391 0.0587884 0.0598665 0.0594963 0.0580531 0.055897 0.0533549 0.0507114 0.0481897 0.0459122 0.043841 0.0417272 0.0391353 0.0355927 0.0308355 0.0250189 0.0187367
 0.00692659 0.0111678 0.0166537 0.0232899 0.0308459 0.0388586 0.0465934 0.0532047 0.058039 0.060848 0.0617666 0.0611389 0.0593602 0.0568037 0.0538005 0.0506328 0.0475237 0.0446134 0.0419139 0.03926 0.0363136 0.0326772 0.0281055 0.0227028 0.0169598
 0.00717184 0.0115685 0.0172612 0.0241545 0.0320087 0.0403377 0.0483678 0.0552055 0.060155 0.0629437 0.0637039 0.0627961 0.0606429 0.0576476 0.0541641 0.0504849 0.0468333 0.0433531 0.0400808 0.0369102 0.0335902 0.0298087 0.0253638 0.0203327 0.0151133
 0.00740394 0.0119421 0.0178171 0.0249295 0.0330312 0.0416189 0.0498915 0.056922 0.0619842 0.0647858 0.0654513 0.0643421 0.0618904 0.0585154 0.0545919 0.0504313 0.0462708 0.0422651 0.0384705 0.0348235 0.0311427 0.0271941 0.0228259 0.0181051 0.0133539
 0.00760499 0.0122699 0.018312 0.0256296 0.0339648 0.0427936 0.0512825 0.0584695 0.0636031 0.0663831 0.06694 0.0656472 0.0629467 0.0592646 0.0549812 0.0504151 0.0458125 0.0413411 0.0370795 0.0330036 0.028991 0.0248756 0.0205535 0.0160898 0.0117456
 0.00787722 0.0126996 0.0189349 0.0264708 0.0350349 0.044083 0.0527536 0.0600532 0.0652057 0.0679015 0.0682799 0.0667345 0.063732 0.0597197 0.0550913 0.0501692 0.0451983 0.0403468 0.0357047 0.0312778 0.0269942 0.0227468 0.0184751 0.0142457 0.0102695
 0.00813826 0.0131224 0.0195675 0.0273542 0.0361926 0.0455056 0.0543851 0.0617902 0.0669158 0.0694532 0.0695674 0.0676887 0.0643183 0.0599309 0.0549383 0.0496715 0.0443751 0.0392134 0.0342775 0.0295894 0.0251124 0.0207859 0.0165856 0.0125806 0.00894007
 0.00838413 0.0135079 0.0201218 0.0280966 0.0371317 0.0466364 0.0556829 0.0632038 0.0683666 0.0708426 0.070791 0.0686529 0.0649547 0.0602041 0.0548444 0.0492295 0.0436153 0.0381686 0.0329815 0.028085 0.0234648 0.0190921 0.0149683 0.0111628 0.00781076
 0.0087605 0.0140942 0.0209555 0.029193 0.0384786 0.0481897 0.0573619 0.0648953 0.0699432 0.0721889 0.071823 0.0693224 0.0652422 0.0601108 0.0543879 0.048442 0.0425403 0.0368556 0.0314826 0.0264571 0.021777 0.0174311 0.0134342 0.00985015 0.00678286
 0.00882496 0.0142322 0.0212235 0.029662 0.0392144 0.0492227 0.0586611 0.0663643 0.0714428 0.0735741 0.072975 0.0701635 0.0657354 0.0602502 0.0541881 0.0479301 0.0417516 0.0358322 0.030274 0.0251217 0.0203845 0.016063 0.0121772 0.00878114 0.0059503
 0.00884767 0.0142751 0.0213016 0.0297991 0.0394455 0.0495924 0.0592156 0.0671343 0.0724214 0.0747013 0.0741403 0.0712301 0.0665767 0.0607796 0.0543698 0.0477717 0.0412882 0.0351131 0.0293558 0.0240672 0.0192641 0.0149543 0.011158 0.00791692 0.00528013
 0.00874381 0.0141124 0.0210693 0.029495 0.0390805 0.0491972 0.0588457 0.0668688 0.0723499 0.0748995 0.0746421 0.0720081 0.0675401 0.0617936 0.0552904 0.0484805 0.0417142 0.0352362 0.0291979 0.0236793 0.018716 0.0143257 0.0105287 0.00735498 0.00482995
 0.00878233 0.0141551 0.021097 0.0294775 0.0389856 0.0490039 0.0585573 0.0665181 0.0719959 0.0746167 0.0745062 0.0720788 0.0678426 0.0623045 0.055936 0.0491523 0.0422977 0.0356405 0.0293752 0.0236298 0.0184796 0.0139677 0.0101232 0.00696831 0.00450842
 0.00894006 0.014387 0.0213992 0.0298271 0.0393426 0.0493176 0.0587743 0.0665926 0.0719029 0.0743652 0.0741447 0.0716869 0.0675103 0.0621056 0.0559056 0.0492757 0.042515 0.0358673 0.0295306 0.0236614 0.018376 0.0137555 0.00985247 0.00669323 0.00427105
 0.00895047 0.0144032 0.0214219 0.0298553 0.0393722 0.0493401 0.058776 0.0665566 0.0718137 0.0742155 0.0739419 0.0714571 0.067296 0.0619572 0.0558675 0.0493696 0.042729 0.0361551 0.0298248 0.0238961 0.0185083 0.0137771 0.00978642 0.00657951 0.00414929
 0.00903418 0.014529 0.0215916 0.0300634 0.0396067 0.0495841 0.0590092 0.0667552 0.0719517 0.0742689 0.0738939 0.0713045 0.0670541 0.061661 0.0555658 0.0491139 0.0425574 0.0360792 0.0298259 0.0239339 0.0185392 0.0137717 0.00973839 0.00650232 0.00406471
 0.00903234 0.0145336 0.0216125 0.0301134 0.0396974 0.0497193 0.0591804 0.0669415 0.0721261 0.0744055 0.0739738 0.0713169 0.0669963 0.0615391 0.0553969 0.0489257 0.0423831 0.035947 0.0297486 0.0239041 0.0185347 0.0137675 0.00971896 0.00646584 0.00401958
 0.00918781 0.0147554 0.0218893 0.0304167 0.0399907 0.0499735 0.0593834 0.0670974 0.0722444 0.0744897 0.0740163 0.0713031 0.0669129 0.0613819 0.055174 0.048657 0.042097 0.0356744 0.0295152 0.0237231 0.0184045 0.013676 0.00965109 0.00641107 0.00397394
 0.00928199 0.0149118 0.0221288 0.0307554 0.0404309 0.0504916 0.0599248 0.0675855 0.0726051 0.0746783 0.0740303 0.0711732 0.0666817 0.061085 0.0548348 0.0482915 0.0417211 0.0353082 0.0291805 0.0234381 0.0181785 0.0135075 0.00953104 0.00632768 0.00391696
 0.00913231 0.0146873 0.0218273 0.0303912 0.0400349 0.050109 0.0596089 0.0673873 0.0725576 0.0747835 0.0742582 0.0714749 0.0670086 0.0614023 0.0551218 0.0485366 0.0419174 0.0354533 0.0292784 0.0234986 0.0182135 0.0135271 0.00954143 0.00633194 0.00391685
 0.00909807 0.0146317 0.0217444 0.0302763 0.0398873 0.0499349 0.0594247 0.0672192 0.072437 0.074738 0.0743013 0.0716005 0.0671921 0.0616091 0.0553192 0.048702 0.0420407 0.0355339 0.0293218 0.0235135 0.0182098 0.0135142 0.0095261 0.00631812 0.00390595
 0.00897056 0.0144451 0.0215016 0.0299933 0.0395876 0.0496426 0.0591586 0.066993 0.0722631 0.0746304 0.0742754 0.0716679 0.0673542 0.0618522 0.0556155 0.0490158 0.0423382 0.0357908 0.0295259 0.0236638 0.0183129 0.01358 0.00956519 0.00633956 0.00391662
 0.00888282 0.0143083 0.0213077 0.0297408 0.0392848 0.0493094 0.0588272 0.0667027 0.0720499 0.0745156 0.074261 0.0717415 0.0674989 0.0620532 0.0558599 0.0492888 0.0426201 0.0360594 0.0297615 0.0238541 0.0184546 0.0136776 0.00962735 0.00637616 0.00393644
 0.0087764 0.0141398 0.0210629 0.0294108 0.0388691 0.0488207 0.0582953 0.0661755 0.0715862 0.0741726 0.0740801 0.0717391 0.0676649 0.0623571 0.0562605 0.0497441 0.0430921 0.0365157 0.0301758 0.024207 0.0187359 0.0138866 0.00977183 0.00646872 0.00399123
 0.00873901 0.0140714 0.0209461 0.029225 0.0385959 0.0484522 0.057842 0.0656689 0.0710744 0.0737112 0.0737218 0.0715259 0.0676206 0.0624837 0.0565381 0.0501353 0.043551 0.0369957 0.0306365 0.0246175 0.0190767 0.0141499 0.00996044 0.00659354 0.0040672
 0.00866204 0.0139521 0.020777 0.0290019 0.0383169 0.0481172 0.0574541 0.0652382 0.0706217 0.0732695 0.0733339 0.0712376 0.0674718 0.0624988 0.0567205 0.0504663 0.043993 0.0375003 0.0311526 0.0251005 0.0194936 0.0144828 0.010206 0.00676045 0.00417126
 0.00834259 0.0134811 0.0201581 0.0282705 0.0375305 0.0473387 0.0567389 0.0646283 0.070146 0.0729444 0.0731657 0.0712257 0.0676131 0.0627893 0.057153 0.0510247 0.0446489 0.0382122 0.0318708 0.0257747 0.0200825 0.0149602 0.0105641 0.00700794 0.00432811
 0.00843564 0.0135869 0.0202349 0.0282564 0.0373658 0.0469978 0.0562525 0.064078 0.06963 0.0725371 0.0728939 0.0710746 0.0675508 0.0627918 0.0572146 0.0511545 0.0448573 0.038499 0.032219 0.0261527 0.0204519 0.0152869 0.0108261 0.0071984 0.00445352
 0.009145 0.0145865 0.0214531 0.0295246 0.0384592 0.0477064 0.0564447 0.0637308 0.0688238 0.0714268 0.0716686 0.0699108 0.0665726 0.0620537 0.0567127 0.0508544 0.0447201 0.0384924 0.0323152 0.0263221 0.0206604 0.0154997 0.0110146 0.00734584 0.00455613
 0.00985495 0.0157005 0.0230458 0.0316142 0.0409764 0.0504623 0.0591204 0.0659215 0.0701481 0.0716586 0.0708167 0.0682012 0.0643526 0.0596749 0.0544472 0.0488643 0.0430711 0.0371873 0.0313253 0.025606 0.0201715 0.0151887 0.0108324 0.0072487 0.00450941
 0.00985441 0.0157932 0.0233573 0.0323162 0.0422386 0.0523752 0.0616222 0.0687711 0.0729627 0.0740024 0.0723105 0.0686199 0.0636811 0.0581007 0.0522916 0.0464807 0.0407564 0.0351362 0.0296308 0.0242852 0.0191961 0.0145073 0.0103845 0.0069735 0.00435239
 0.00960821 0.0154431 0.0229293 0.0318825 0.0419192 0.0523266 0.0620121 0.0697325 0.0745318 0.0760628 0.0745822 0.0707163 0.0652198 0.0588224 0.0521325 0.0455719 0.0393576 0.0335415 0.0280878 0.0229538 0.0181466 0.0137423 0.00986655 0.0066478 0.00416291
 0.00922839 0.014853 0.0220959 0.0308029 0.040633 0.0509297 0.0606674 0.0686621 0.0739773 0.0762181 0.0755211 0.0723462 0.0672843 0.0609603 0.05398 0.0468687 0.0400123 0.0336292 0.0277897 0.0224755 0.017653 0.0133302 0.00956951 0.00645803 0.00405415
 0.00885851 0.0142799 0.0212866 0.0297475 0.0393482 0.0494641 0.0591095 0.0671466 0.0726785 0.0753277 0.075212 0.0727293 0.0683653 0.062614 0.0559605 0.0488662 0.0417405 0.0349063 0.0285749 0.0228476 0.0177513 0.0132919 0.00949177 0.00639032 0.00401083
 0.0087364 0.0140758 0.0209692 0.0292854 0.0387171 0.0486587 0.0581549 0.0661017 0.0716299 0.0743784 0.0744726 0.0723097 0.0683608 0.063078 0.0568711 0.0501079 0.0431206 0.0362086 0.0296279 0.0235725 0.0181662 0.0134774 0.00954365 0.00638438 0.0039911
 0.00868011 0.0139673 0.0207745 0.028962 0.0382239 0.0479719 0.0572832 0.0650929 0.0705648 0.0733556 0.073594 0.0716697 0.0680394 0.0631331 0.057326 0.0509346 0.0442275 0.0374481 0.0308302 0.0245939 0.0189287 0.0139777 0.00983223 0.00653119 0.00405762
 0.00883589 0.0141838 0.0210311 0.0292125 0.0384043 0.0480151 0.0571349 0.0647228 0.0699743 0.0725822 0.0727099 0.070774 0.0672423 0.0625383 0.0570148 0.0509507 0.0445645 0.0380437 0.0315743 0.0253563 0.0195964 0.0144852 0.0101689 0.00672662 0.00415714
 0.00883571 0.0142001 0.0210841 0.029326 0.0385926 0.0482658 0.0573977 0.0649161 0.07001 0.0723986 0.0722955 0.0701719 0.0665382 0.0618396 0.0564293 0.0505671 0.0444362 0.0381758 0.0319208 0.025831 0.0200985 0.014929 0.0105059 0.00694905 0.00428548
 0.00890133 0.0143011 0.0212266 0.0295141 0.0388299 0.0485562 0.0577408 0.0652977 0.0703913 0.0727134 0.0724623 0.0701203 0.0662385 0.0613207 0.0557745 0.0498912 0.0438535 0.0377706 0.0317279 0.0258319 0.020234 0.0151244 0.010697 0.00709812 0.00438278
 0.00891522 0.0143242 0.0212623 0.029566 0.0389012 0.0486493 0.0578572 0.0654383 0.070556 0.0728976 0.0726496 0.0702775 0.0663184 0.0612777 0.0555872 0.0495796 0.0434781 0.0374125 0.0314597 0.0256925 0.0202197 0.0151981 0.0108091 0.00720713 0.00446585
 0.00891323 0.0143245 0.0212691 0.0295856 0.0389402 0.0487124 0.057945 0.065547 0.0706791 0.0730278 0.0727803 0.0704002 0.0664193 0.061335 0.0555752 0.0494801 0.0432943 0.0371755 0.0312201 0.025501 0.0201065 0.0151643 0.0108323 0.00725625 0.00451576
 0.00896166 0.0143918 0.0213497 0.0296677 0.0390107 0.0487623 0.0579748 0.0655657 0.0706991 0.0730587 0.0728252 0.0704556 0.0664767 0.0613824 0.0555975 0.0494615 0.0432237 0.0370543 0.0310667 0.0253463 0.0199816 0.0150873 0.010803 0.00726051 0.0045353
 0.00900189 0.0144478 0.0214162 0.0297331 0.0390591 0.0487783 0.057948 0.0654948 0.070594 0.0729397 0.0727188 0.0703861 0.0664586 0.0614154 0.0556672 0.0495444 0.0432951 0.0370957 0.031072 0.025323 0.019947 0.015059 0.0107909 0.00726472 0.00454906
 0.00906408 0.0145503 0.021572 0.0299525 0.0393441 0.0491159 0.0583053 0.0658224 0.0708384 0.0730611 0.0727037 0.0702505 0.0662396 0.0611574 0.0554085 0.0493085 0.043089 0.0369151 0.0309091 0.0251743 0.0198152 0.0149511 0.0107124 0.0072157 0.00452382
 0.00926822 0.0148801 0.0220633 0.0306336 0.0402259 0.0501775 0.0594815 0.0670027 0.0718848 0.0738395 0.0731152 0.0702525 0.0658513 0.060451 0.0544895 0.0482901 0.0420697 0.0359656 0.0300706 0.0244653 0.0192403 0.0145069 0.0103892 0.00699711 0.00438829
 0.00902141 0.0145173 0.0215905 0.0300864 0.0396663 0.0496842 0.059138 0.066883 0.0720345 0.0742566 0.0737419 0.0709857 0.0665703 0.0610515 0.0549083 0.0485139 0.0421263 0.035905 0.0299454 0.0243178 0.0190983 0.0143855 0.0102951 0.00693078 0.00434617
 0.00886958 0.0142588 0.0211826 0.0294891 0.0388605 0.0486956 0.0580556 0.0658534 0.0712281 0.0738173 0.0737446 0.0714183 0.0673432 0.0620256 0.0559318 0.0494579 0.0429083 0.0364951 0.0303563 0.0245851 0.0192632 0.0144832 0.0103512 0.00696223 0.0043635
 0.00895805 0.0143832 0.0213317 0.0296351 0.0389597 0.0486951 0.0579049 0.0655219 0.0707256 0.0732068 0.0731361 0.070939 0.0670941 0.0620465 0.0561916 0.0498714 0.0433707 0.0369166 0.0306831 0.0248034 0.0193877 0.0145419 0.0103715 0.00696453 0.00435984
 0.00929133 0.0149346 0.0221748 0.0308324 0.0405341 0.0505923 0.0599645 0.0674862 0.0722972 0.074135 0.0732916 0.0703447 0.065906 0.0604983 0.0545245 0.0482759 0.0419571 0.0357195 0.0296896 0.0239848 0.0187209 0.0140135 0.00997254 0.00668269 0.00417604
 0.0094577 0.0152193 0.0226306 0.0315198 0.0415106 0.0518917 0.0615704 0.0693107 0.0741746 0.0758392 0.0745769 0.071005 0.0658344 0.059721 0.0531925 0.0466151 0.0402009 0.0340529 0.0282245 0.0227661 0.0177494 0.0132692 0.00942778 0.00630618 0.00393353
 0.00927088 0.0149131 0.0221699 0.0308821 0.0407063 0.0509875 0.0607033 0.0686714 0.0739549 0.0761601 0.0754334 0.0722551 0.0672385 0.0610158 0.0541707 0.0471784 0.0403683 0.0339261 0.0279334 0.0224223 0.0174253 0.0129991 0.00922064 0.00615823 0.00383529
 0.0092767 0.0148984 0.0221023 0.0307151 0.0403894 0.0504856 0.0600189 0.067861 0.0731324 0.0754814 0.0750603 0.0723035 0.0677307 0.0618607 0.0551877 0.0481594 0.0411472 0.0344241 0.0281617 0.0224515 0.0173423 0.0128757 0.00910153 0.00606344 0.00376898
 0.00901663 0.0144876 0.0215067 0.0299118 0.0393718 0.0492708 0.0586572 0.0664412 0.0717768 0.0743322 0.0742616 0.0719803 0.0679626 0.0626534 0.0564539 0.049726 0.042795 0.035947 0.0294191 0.0233898 0.0179822 0.0132796 0.00934036 0.00619693 0.00383964
 0.00903561 0.0145071 0.0215141 0.0298855 0.0392829 0.0490875 0.0583508 0.0659929 0.071185 0.0736212 0.073488 0.0712346 0.0673591 0.0623071 0.0564475 0.0500777 0.0434439 0.0367676 0.0302622 0.0241302 0.0185506 0.0136659 0.00957482 0.00632502 0.00390305
 0.00908313 0.0145838 0.0216273 0.0300389 0.0394717 0.0492937 0.0585388 0.0661124 0.0711817 0.073452 0.0731368 0.0707221 0.0667452 0.0616845 0.0559245 0.0497512 0.043369 0.0369374 0.0306098 0.0245555 0.0189575 0.0139915 0.00979885 0.00645917 0.00397343
 0.00928104 0.0148783 0.02202 0.0305131 0.0399973 0.0498341 0.0590557 0.0665648 0.0715238 0.0736356 0.0731188 0.0704766 0.0662765 0.0610353 0.055175 0.0490057 0.0427315 0.0364827 0.030363 0.0244891 0.0190089 0.0140919 0.0098968 0.00653002 0.00401439
 0.00951574 0.0152621 0.022599 0.0313244 0.0410526 0.0510986 0.060433 0.0679042 0.0726548 0.0744138 0.0734595 0.0703615 0.0657406 0.0601499 0.0540373 0.0477321 0.0414477 0.0353071 0.0293842 0.0237493 0.0185012 0.0137738 0.00971181 0.00642725 0.00395799
 0.00941063 0.0151275 0.0224651 0.0312455 0.0410977 0.0513323 0.0608941 0.0685894 0.0735113 0.0753428 0.0743328 0.0710499 0.0661449 0.0602224 0.0537864 0.0472143 0.0407526 0.0345397 0.0286457 0.0231178 0.0180183 0.0134425 0.00950682 0.00631182 0.00389778
 0.00928604 0.0149219 0.022153 0.0308096 0.0405425 0.0507007 0.0602773 0.0681156 0.0733091 0.0754948 0.0748409 0.0718306 0.067055 0.0611015 0.0544995 0.0476808 0.0409562 0.03452 0.0284772 0.0228843 0.0177898 0.0132612 0.00938563 0.00624273 0.00386409
 0.00887653 0.0143223 0.0213727 0.0298979 0.039573 0.0497468 0.059398 0.0673598 0.072732 0.0751666 0.0748354 0.0721959 0.0677809 0.0621057 0.0556425 0.0488042 0.0419271 0.0352619 0.0289777 0.0231808 0.0179441 0.0133338 0.00942063 0.00626386 0.00388008
 0.00828305 0.0134381 0.0201943 0.0284813 0.038025 0.0482053 0.0580105 0.0662627 0.0720268 0.0748995 0.0749944 0.0727294 0.0686246 0.0631949 0.0569047 0.0501473 0.0432411 0.0364397 0.029943 0.0239052 0.0184448 0.0136566 0.00961831 0.00638119 0.00394837
#obs surv len freq
 nan nan nan nan nan nan nan nan nan nan nan nan nan nan nan nan nan nan nan nan nan nan nan nan nan
 0.00448413 0.00734504 0.0111743 0.0159897 0.0216892 0.0279635 0.0342765 0.0400072 0.0446869 0.0481515 0.0505108 0.0520082 0.0529021 0.0534159 0.0537314 0.0539873 0.0542665 0.0545597 0.0546987 0.0542907 0.0527287 0.0493606 0.0438099 0.0362893 0.0276722
 0.00461302 0.00755725 0.0114983 0.0164524 0.0223095 0.0287416 0.0351841 0.0409848 0.0456523 0.0490168 0.0511988 0.0524642 0.0530987 0.0533531 0.0534316 0.0534878 0.0536108 0.0537903 0.0538546 0.0534086 0.0518472 0.0485227 0.0430603 0.0356657 0.0271956
 0.00478398 0.00783448 0.0119144 0.0170376 0.0230863 0.029716 0.0363355 0.04226 0.0469699 0.0502782 0.0523029 0.0533202 0.0536366 0.053532 0.0532432 0.0529543 0.0527778 0.0527175 0.0526082 0.0520589 0.0504692 0.0471966 0.0418657 0.0346685 0.026432
 0.00497146 0.00814401 0.0123889 0.0177195 0.0240089 0.0308894 0.0377332 0.043815 0.0485848 0.0518436 0.0537132 0.054481 0.0544677 0.0539694 0.0532454 0.0525081 0.0519018 0.0514609 0.0510468 0.0502902 0.048609 0.0453726 0.0402039 0.0332721 0.025359
 0.00517752 0.00848045 0.0128983 0.0184434 0.024981 0.0321243 0.0392133 0.0454839 0.0503522 0.0535995 0.0553437 0.0558798 0.0555421 0.0546433 0.0534605 0.0522268 0.0511124 0.0501845 0.0493437 0.0482634 0.0464011 0.0431544 0.0381505 0.031529 0.0240111
 0.00540528 0.00885251 0.0134615 0.0192428 0.0260509 0.0334757 0.0408199 0.0472783 0.0522354 0.05546 0.0570732 0.0573808 0.0567285 0.0554394 0.0538013 0.05206 0.0504043 0.0489296 0.047578 0.0460773 0.0439452 0.0406281 0.0357708 0.0294842 0.0224168
 0.00563237 0.00922769 0.0140373 0.0200718 0.0271755 0.0349114 0.0425388 0.0492037 0.0542534 0.0574428 0.0589004 0.0589513 0.0579616 0.0562709 0.0541772 0.0519332 0.0497353 0.0476968 0.0457952 0.0438156 0.0413475 0.0379044 0.0331647 0.0272175 0.0206336
 0.00588536 0.00963853 0.0146552 0.0209429 0.0283358 0.0363737 0.0442786 0.0511522 0.0563048 0.0594714 0.0607806 0.060571 0.0592299 0.0571196 0.0545566 0.0518055 0.0490695 0.0464719 0.0440162 0.041538 0.0387006 0.0350944 0.0304442 0.0248269 0.0187368
 0.00612764 0.010038 0.0152664 0.0218198 0.0295198 0.0378769 0.0460668 0.0531408 0.0583734 0.0614888 0.0626265 0.0621456 0.0604539 0.057931 0.054908 0.0516602 0.0483995 0.0452595 0.0422653 0.0392969 0.0360866 0.0323018 0.0277207 0.0224157 0.0168107
 0.0063677 0.0104312 0.015864 0.0226716 0.0306656 0.0393313 0.0478034 0.0550849 0.0604107 0.0634865 0.0644547 0.0636938 0.0616379 0.0586928 0.0552102 0.0514782 0.0477153 0.0440618 0.0405604 0.0371296 0.033564 0.0296044 0.025082 0.02007 0.0149283
 0.0066111 0.010831 0.0164729 0.023541 0.0318346 0.0408102 0.0495576 0.0570301 0.0624253 0.0654359 0.0662135 0.065158 0.062729 0.059357 0.0554155 0.0512087 0.0469651 0.0428321 0.0388665 0.035018 0.0311352 0.0270238 0.0225645 0.0178327 0.0131307
 0.0068555 0.0112282 0.0170706 0.0243834 0.0329544 0.0422152 0.0512163 0.058866 0.0643264 0.0672745 0.0678674 0.0665245 0.0637311 0.0599437 0.0555592 0.050899 0.0462028 0.041627 0.0372416 0.0330236 0.0288665 0.0246316 0.0202415 0.015773 0.0114769
 0.00707203 0.011588 0.0176261 0.0251869 0.0340461 0.0436045 0.0528645 0.0606825 0.0661843 0.0690384 0.0694172 0.0677674 0.0646033 0.0604073 0.055597 0.0505097 0.045396 0.040421 0.0356667 0.0311332 0.0267517 0.0224289 0.0181211 0.013904 0.00998185
 0.00728274 0.0119324 0.0181479 0.0259283 0.0350401 0.0448617 0.0543591 0.0623451 0.0679088 0.070699 0.0708903 0.0689484 0.0654174 0.060813 0.0555822 0.0500838 0.0445808 0.0392462 0.0341711 0.029374 0.0248158 0.020439 0.0162251 0.0122455 0.00866235
 0.0074178 0.0121598 0.0185047 0.0264541 0.0357689 0.0458095 0.055511 0.0636509 0.0692906 0.0720654 0.0721492 0.0700155 0.0662204 0.0612958 0.0557098 0.0498435 0.0439803 0.0383098 0.0329383 0.0279024 0.0231882 0.0187653 0.0146331 0.0108562 0.00755956
 0.00750355 0.0122957 0.0187039 0.026729 0.0361324 0.0462753 0.0560906 0.0643486 0.0700964 0.0729508 0.0730666 0.0709018 0.067005 0.0619093 0.0560917 0.0499482 0.0437819 0.0378044 0.032146 0.026869 0.0219865 0.0174934 0.013403 0.00977226 0.00669433
 0.00759198 0.0124332 0.0188988 0.0269849 0.0364475 0.0466426 0.0564991 0.0647853 0.0705507 0.0734184 0.0735472 0.0713918 0.0674881 0.0623516 0.0564437 0.0501544 0.0437918 0.0375834 0.0316842 0.0261866 0.0211359 0.0165547 0.0124718 0.00893912 0.00602314
 0.00765163 0.0125266 0.0190327 0.0271628 0.0366687 0.0469013 0.0567837 0.0650796 0.0708385 0.0736888 0.0737991 0.0716327 0.0677279 0.0625927 0.0566733 0.0503412 0.0438909 0.037548 0.0314796 0.0258034 0.0205978 0.0159171 0.01181 0.00832939 0.00552253
 0.00770665 0.0126091 0.0191438 0.0272993 0.0368242 0.0470683 0.0569551 0.0652492 0.0710007 0.0738394 0.0739364 0.0717585 0.0678473 0.062712 0.0567946 0.0504566 0.0439789 0.0375752 0.0314101 0.0256127 0.0202854 0.0155115 0.0113632 0.00790087 0.00516085
 0.00778083 0.0127235 0.0193043 0.0275058 0.0370699 0.0473391 0.0572294 0.0655006 0.0712042 0.0739786 0.074008 0.0717716 0.0678184 0.0626597 0.0567345 0.0503978 0.0439202 0.0375036 0.0313038 0.0254493 0.0200538 0.0152204 0.0110415 0.00758816 0.00489308
 0.00780781 0.0127677 0.0193712 0.0276004 0.0371952 0.0474936 0.0574054 0.0656839 0.0713766 0.0741224 0.0741103 0.0718271 0.0678303 0.0626374 0.0566906 0.0503439 0.0438627 0.0374411 0.0312264 0.0253432 0.0199081 0.0150354 0.0108318 0.00737855 0.00470891
 0.00782884 0.0127955 0.0194015 0.0276262 0.0372096 0.0474944 0.0573979 0.0656797 0.0713887 0.0741591 0.0741713 0.0719042 0.0679111 0.0627102 0.0567482 0.050384 0.0438863 0.0374486 0.0312153 0.0253075 0.0198417 0.0149378 0.0107109 0.00725035 0.0045912
 0.00787774 0.0128703 0.0195049 0.0277561 0.0373586 0.0476493 0.0575405 0.0657908 0.0714538 0.0741746 0.0741459 0.0718542 0.0678524 0.0626529 0.0566948 0.0503326 0.0438337 0.0373924 0.0311536 0.0252376 0.019761 0.0148457 0.0106114 0.00715171 0.0045035
 0.00787862 0.0128738 0.019514 0.0277748 0.0373904 0.0476956 0.057599 0.0658545 0.0715129 0.074219 0.074169 0.0718557 0.067838 0.0626319 0.0566757 0.0503196 0.043826 0.0373856 0.0311421 0.0252167 0.0197278 0.0148 0.0105563 0.00709342 0.00444941
 0.00788036 0.0128711 0.0194999 0.0277405 0.037329 0.0476066 0.0574921 0.0657482 0.0714283 0.074172 0.0741648 0.0718888 0.0678971 0.062705 0.0567542 0.0503983 0.0439019 0.0374554 0.0312016 0.0252611 0.0197537 0.0148066 0.0105464 0.00707264 0.00442452
 0.00790873 0.0129097 0.019544 0.0277801 0.0373507 0.0475974 0.0574432 0.0656587 0.0713071 0.0740372 0.0740402 0.0717967 0.0678514 0.0627077 0.0567968 0.0504672 0.0439833 0.0375383 0.0312776 0.0253244 0.0198002 0.0148348 0.0105577 0.00707115 0.00441571
 0.00789611 0.0128939 0.0195285 0.02777 0.0373499 0.047605 0.0574513 0.0656539 0.071276 0.0739737 0.0739494 0.0716949 0.0677607 0.062648 0.0567799 0.0504936 0.0440439 0.0376191 0.0313642 0.0254048 0.0198664 0.014883 0.0105878 0.007086 0.00442003
 0.00788306 0.0128683 0.0194824 0.0276949 0.0372405 0.0474643 0.0572932 0.0655009 0.0711508 0.0738899 0.0739077 0.0716869 0.0677766 0.0626831 0.0568353 0.0505727 0.044147 0.0377406 0.0314934 0.0255291 0.019975 0.0149689 0.010649 0.00712483 0.00444156
 0.00786526 0.0128391 0.0194376 0.0276299 0.0371507 0.0473462 0.0571468 0.0653322 0.0709738 0.0737255 0.073779 0.0716116 0.0677619 0.0627244 0.0569209 0.0506894 0.0442842 0.0378899 0.0316463 0.0256762 0.0201065 0.0150771 0.0107303 0.00718013 0.00447532
 0.00785118 0.012814 0.0193958 0.0275651 0.0370574 0.0472223 0.0569959 0.0651636 0.0708008 0.0735627 0.0736407 0.0715115 0.0677112 0.0627302 0.0569829 0.0507999 0.04443 0.0380558 0.0318182 0.0258418 0.0202553 0.0152015 0.0108261 0.00724765 0.00451843
 0.00781714 0.0127572 0.019308 0.0274381 0.0368853 0.0470051 0.0567426 0.064893 0.0705384 0.0733351 0.0734702 0.0714127 0.0676904 0.0627859 0.0571078 0.050982 0.0446534 0.0383024 0.0320692 0.0260797 0.0204664 0.0153763 0.0109605 0.00734296 0.00458027
 0.00779028 0.0127126 0.019239 0.0273377 0.0367478 0.0468279 0.0565289 0.0646532 0.0702897 0.0730991 0.0732697 0.0712681 0.0676165 0.0627901 0.0571889 0.0511311 0.0448559 0.0385399 0.0323214 0.0263268 0.020691 0.0155659 0.0111086 0.00744946 0.00465034
 0.00775254 0.01265 0.0191427 0.0271992 0.0365611 0.046593 0.0562547 0.0643583 0.0699988 0.0728382 0.0730611 0.0711284 0.0675562 0.0628133 0.0572937 0.051309 0.0450927 0.0388165 0.0326159 0.0266169 0.0209565 0.0157916 0.0112862 0.00757801 0.00473554
 0.00774124 0.012628 0.0191026 0.0271318 0.0364567 0.0464453 0.0560635 0.0641316 0.069752 0.0725916 0.0728371 0.0709478 0.0674359 0.0627647 0.0573212 0.0514105 0.0452597 0.0390344 0.0328655 0.0268761 0.0212036 0.0160083 0.0114611 0.00770727 0.00482266
 0.00933399 0.014861 0.0218048 0.0299234 0.0388592 0.0480567 0.0566979 0.0638462 0.0687683 0.0711801 0.0712323 0.0693172 0.0658854 0.0613565 0.0560896 0.0503712 0.0444149 0.038376 0.0323766 0.0265332 0.0209788 0.0158723 0.0113863 0.00767076 0.00480741
 0.00931334 0.0151225 0.0227189 0.0319499 0.0423485 0.0529798 0.0624746 0.0694384 0.073048 0.0733715 0.0711668 0.0673781 0.0627384 0.0576642 0.0523472 0.0468772 0.0413177 0.0357328 0.0301953 0.0247948 0.0196467 0.0148973 0.0107097 0.00722939 0.00453897
 0.00897299 0.0145875 0.0219693 0.0310367 0.0414465 0.0524239 0.0627198 0.0708977 0.0758455 0.0771588 0.0751648 0.0706711 0.0646546 0.0580076 0.0513698 0.0450681 0.0391716 0.0336153 0.0283166 0.0232444 0.0184395 0.0140075 0.0100909 0.00682574 0.00429388
 0.00878842 0.0142759 0.0214802 0.0303196 0.0404711 0.0512147 0.0613997 0.0697153 0.0751525 0.0773128 0.0763707 0.0728347 0.0673503 0.0606164 0.0533274 0.0460786 0.0392667 0.0330557 0.0274313 0.0223048 0.0176112 0.0133598 0.00962915 0.00652265 0.00411038
 0.0086936 0.0141186 0.0212365 0.0299628 0.0399739 0.050556 0.0605774 0.068764 0.0741636 0.0764478 0.0758492 0.0728787 0.0680878 0.0619875 0.0550624 0.0477845 0.0405857 0.0338012 0.0276246 0.0221106 0.0172329 0.0129588 0.00929574 0.0062853 0.00396074
 0.0086719 0.0140772 0.0211625 0.029839 0.0397814 0.0502781 0.0602033 0.0682924 0.0736062 0.0758359 0.0752463 0.0723891 0.0678463 0.0621184 0.0556149 0.0486824 0.0416338 0.034759 0.0283063 0.0224517 0.0172863 0.0128394 0.00911657 0.00612059 0.00384106
 0.00867572 0.0140809 0.021163 0.0298307 0.0397552 0.0502222 0.0601036 0.0681348 0.0733792 0.0755362 0.0748838 0.0719944 0.0674761 0.0618532 0.055541 0.048856 0.042044 0.0353158 0.0288718 0.0228988 0.0175502 0.0129298 0.0090915 0.00604657 0.00376546
 0.00867412 0.01408 0.0211644 0.0298364 0.0397665 0.0502369 0.0601154 0.068132 0.0733472 0.0754595 0.0747514 0.0718041 0.0672405 0.0616042 0.0553292 0.0487398 0.0420677 0.0354855 0.0291445 0.0231979 0.0177996 0.0130863 0.00915481 0.00604578 0.00373616
 0.00866415 0.0140653 0.0211454 0.0298147 0.0397448 0.0502188 0.0601039 0.0681289 0.0733505 0.0754627 0.0747431 0.071771 0.0671724 0.0615003 0.0552033 0.048621 0.0419932 0.0354855 0.0292265 0.0233396 0.0179587 0.0132206 0.00924078 0.00608352 0.0037411
 0.00866302 0.0140643 0.0211455 0.0298171 0.039751 0.0502298 0.0601199 0.0681488 0.0733723 0.0754834 0.0747582 0.0717744 0.0671567 0.0614592 0.0551356 0.0485346 0.041906 0.0354211 0.0292042 0.0233646 0.0180186 0.0132919 0.00930112 0.00612143 0.00375726
 0.00863686 0.0140243 0.0210901 0.0297471 0.0396695 0.0501427 0.0600356 0.0680773 0.0733234 0.0754638 0.0747695 0.0718122 0.0672121 0.0615203 0.0551907 0.0485756 0.0419319 0.0354387 0.029225 0.0233984 0.0180673 0.0133487 0.00935456 0.00616218 0.0037822
 0.0086383 0.0140232 0.0210822 0.0297267 0.0396313 0.0500843 0.05996 0.0679934 0.0732431 0.0753992 0.0747294 0.0718008 0.0672281 0.0615581 0.0552413 0.0486293 0.0419809 0.0354797 0.0292597 0.0234316 0.0181031 0.0133871 0.00939183 0.00619323 0.00380396
 0.00862917 0.0140119 0.0210714 0.0297201 0.039632 0.0500919 0.0599692 0.0679953 0.0732298 0.0753679 0.0746847 0.0717526 0.0671879 0.0615341 0.0552363 0.0486409 0.0420032 0.0355064 0.0292866 0.0234575 0.0181285 0.0134125 0.00941608 0.00621424 0.00381984
 0.00860013 0.0139669 0.021008 0.0296387 0.0395361 0.049989 0.0598706 0.0679137 0.0731757 0.0753449 0.0746894 0.0717773 0.067225 0.0615797 0.0552896 0.048702 0.0420705 0.0355764 0.0293546 0.0235195 0.0181823 0.0134573 0.00945203 0.00624155 0.00383906
 0.00860729 0.013974 0.0210105 0.0296296 0.0395082 0.0499382 0.0597985 0.0678285 0.0730899 0.0752719 0.0746394 0.0717544 0.0672276 0.061602 0.055325 0.0487453 0.0421188 0.0356276 0.0294065 0.0235695 0.0182276 0.013496 0.00948314 0.00626496 0.00385541
 0.00860729 0.013974 0.0210105 0.0296296 0.0395082 0.0499382 0.0597985 0.0678285 0.0730899 0.0752719 0.0746394 0.0717544 0.0672276 0.061602 0.055325 0.0487453 0.0421188 0.0356276 0.0294065 0.0235695 0.0182276 0.013496 0.00948314 0.00626496 0.00385541
 0.0088194 0.0143118 0.0215037 0.0302955 0.0403414 0.050899 0.0608044 0.0687615 0.0738227 0.0757041 0.0747246 0.0715073 0.0667093 0.0608983 0.0545248 0.0479261 0.0413399 0.0349288 0.0288105 0.0230846 0.0178518 0.0132194 0.00929108 0.00614007 0.00377999
 0.00859326 0.0139765 0.021061 0.0297727 0.0397896 0.0503858 0.0604044 0.0685426 0.073828 0.0759351 0.0751358 0.0720188 0.0672334 0.0613642 0.0548933 0.0481892 0.0415112 0.035032 0.0288694 0.0231183 0.0178726 0.0132342 0.00930256 0.00614912 0.00378674
 0.00857612 0.0139189 0.0209213 0.0294991 0.0393404 0.0497575 0.0596532 0.0677812 0.0731947 0.0755482 0.075057 0.0722407 0.0676898 0.0619567 0.0555203 0.0487699 0.0419981 0.0354101 0.029147 0.0233148 0.0180089 0.0133276 0.00936561 0.00619048 0.00381263
 0.00869053 0.0141012 0.0211854 0.0298474 0.0397532 0.0501836 0.0600101 0.0679743 0.0731547 0.0752681 0.0746041 0.0717308 0.0672398 0.0616414 0.0553555 0.0487236 0.0420167 0.0354446 0.0291675 0.0233122 0.0179884 0.0132995 0.00933874 0.00616966 0.00379885
 0.00910128 0.0147648 0.0221731 0.0312126 0.0415085 0.05227 0.0622706 0.0701572 0.0749606 0.0764278 0.0749531 0.0712514 0.066057 0.0599784 0.0534669 0.0468314 0.0402727 0.0339255 0.0278947 0.0222782 0.0171749 0.0126847 0.00889781 0.00587309 0.0036138
 0.00912441 0.014845 0.0223731 0.0316183 0.0422094 0.0533252 0.0636751 0.0718242 0.0767271 0.0780808 0.0762678 0.0720365 0.066199 0.0594724 0.0524181 0.0454234 0.0387141 0.0323983 0.0265241 0.0211279 0.0162616 0.0119962 0.00840639 0.00554356 0.00340819
 0.0088552 0.0144115 0.0217341 0.030754 0.0411441 0.0521534 0.062573 0.0710249 0.0764524 0.0784568 0.0772683 0.0734842 0.0678219 0.0609858 0.0536019 0.0461685 0.0390283 0.0323754 0.0262943 0.0208124 0.0159468 0.011729 0.00820321 0.00540237 0.00331805
 0.0088968 0.014439 0.0217009 0.0305914 0.0407789 0.0515384 0.0617185 0.070016 0.0754443 0.0776448 0.0768384 0.0735553 0.0683999 0.0619533 0.0547527 0.0472759 0.0399153 0.0329573 0.0265804 0.0208747 0.0158777 0.0116083 0.00808284 0.0053067 0.00325249
 0.00858404 0.0139478 0.0209937 0.0296449 0.039588 0.050123 0.0601341 0.0683622 0.0738634 0.0763085 0.0759243 0.0732152 0.0687228 0.0629314 0.0562667 0.0491131 0.0418213 0.0347026 0.0280129 0.0219398 0.016602 0.0120633 0.00834991 0.00545463 0.00333029
 0.00874996 0.0141714 0.0212441 0.0298623 0.0396968 0.0500536 0.059842 0.0678361 0.0731232 0.0754024 0.0749308 0.072246 0.0679156 0.0624245 0.0561589 0.0494252 0.0424808 0.0355635 0.0289056 0.0227246 0.0172023 0.0124684 0.00859301 0.00558532 0.00339362
 0.00877492 0.0142386 0.0213911 0.0301316 0.0401136 0.0505973 0.0604282 0.0683282 0.0733763 0.0753167 0.0744866 0.0715062 0.0670031 0.0614917 0.0553574 0.0488763 0.0422473 0.0356334 0.0291986 0.0231242 0.0175985 0.0127892 0.00881359 0.00571622 0.00346116
 0.0088074 0.0142927 0.0214767 0.0302624 0.0403092 0.0508805 0.0608167 0.0688176 0.0739217 0.0758268 0.0748408 0.0715946 0.0667714 0.0609672 0.0546429 0.0481166 0.0415843 0.0351658 0.0289592 0.023082 0.0176824 0.012922 0.00893838 0.00580635 0.00351441
 0.00902068 0.0146375 0.0219901 0.0309725 0.0412236 0.0519722 0.0620134 0.0700074 0.0749769 0.0766338 0.0753185 0.0716961 0.0664792 0.0602956 0.053649 0.0469062 0.0402995 0.0339545 0.0279384 0.0223114 0.0171606 0.0126034 0.0087605 0.00571292 0.00346623
 0.00893177 0.0145233 0.0218752 0.0309014 0.041252 0.0521511 0.0623725 0.0705446 0.0756549 0.0773842 0.0760533 0.0723218 0.0669132 0.060479 0.053556 0.0465505 0.0397372 0.0332767 0.0272508 0.0217058 0.0166922 0.0122835 0.0085667 0.00560788 0.00341445
