SBPRF35
7.2228
Curr Bio
614609
B35
516396
F35
0.221172
FOFL
0.221172
OFL
131153
Bzero
2.06366e+06
#pred survey bio
 3.53151e+06 3.45009e+06 3.34545e+06 3.18891e+06 2.7891e+06 2.49426e+06 2.24946e+06 1.99915e+06 1.81781e+06 1.6743e+06 1.55625e+06 1.44534e+06 1.30735e+06 1.12414e+06 988959 813253 708236 661586 659827 654931 633368 615179 580258 554761 541855 501370 516645 518279 526859 533892 541696 542699 544936 564441 563824 566736 555990 513769 494000 529591 603838 667022 734778 706140 610972 600678 591639 603227 605800 612502 585878 556115 587057 640686 658012 605619 547712 521164 511585 543575 572152 601603 594297 555536 529881 527937 553445 623161 1.78681e+07 1.58536e+07 1.54405e+07 1.52883e+07 1.53307e+07 1.54764e+07 1.56579e+07 1.58353e+07 1.59901e+07 1.61168e+07 1.62166e+07 1.62934e+07 1.63517e+07 1.63955e+07 1.64284e+07 1.64531e+07 1.64716e+07 1.64855e+07 1.64959e+07 1.65038e+07 1.65098e+07 1.65144e+07 1.65178e+07 1.65204e+07 1.65224e+07 1.65239e+07 1.65251e+07 1.6526e+07 1.65267e+07 1.65272e+07 1.65276e+07 1.65279e+07 1.65281e+07 1.65283e+07 1.65284e+07 1.65285e+07 1.65286e+07 1.65287e+07 1.65287e+07 1.65288e+07 1.65288e+07 1.65288e+07 1.65288e+07 1.65288e+07 1.65289e+07 1.65289e+07 1.65289e+07 1.65289e+07 1.65289e+07 1.65289e+07 1.65289e+07 1.65289e+07 1.65289e+07 1.65289e+07 1.65289e+07 1.65289e+07 1.65289e+07 1.65289e+07 1.65289e+07 1.65289e+07 1.65289e+07 1.65289e+07 1.65289e+07 1.65289e+07 1.65289e+07 1.65289e+07 1.65289e+07 1.65289e+07 1.65289e+07 1.65289e+07 1.65289e+07 1.65289e+07 1.65289e+07 1.65289e+07 1.65289e+07 1.65289e+07 1.65289e+07 1.65289e+07 1.65289e+07 1.65289e+07 1.65289e+07 1.65289e+07 1.65289e+07 1.65289e+07 1.65289e+07 1.65289e+07 1.65289e+07 1.65289e+07 1.65289e+07 1.65289e+07 1.65289e+07 1.65289e+07 1.65289e+07 1.65289e+07 1.65289e+07 1.65289e+07 1.65289e+07 1.65289e+07 1.65289e+07 1.65289e+07 0 0 0 0 0 0 0 0 0 0 0 0 0 0 0 0 0 0 0 0 0 0 0 0 0
#obs survey bio
 3.42642e+06 5.27097e+06 3.64009e+06 3.0682e+06 2.60621e+06 3.08512e+06 2.5542e+06 1.94724e+06 1.45263e+06 1.55802e+06 1.45568e+06 1.40493e+06 1.56710e+06 1.21771e+06 1.14012e+06 588714 553085 553697 902531 673564 652185 766174 594918 468960 518888 541243 676906 541042 494911 554515 597428 541393 454753 614071 699986 613953 858602 459699 424628 368209 675351 653812 869281 754780 488485 513091 534747 655197 540048 484829 558809 558769 550341 912143 673654 573356 688820 491125 489735 498027 600713 702260 416058 566913 591131 571888 419737 748928
#pred catch bio
 94262.2 91943.5 151881 226893 243865 258359 305478 274924 304858 297073 285042 285767 273919 244265 241652 204749 193175 160233 153857 146318 121596 123499 116150 117074 113221 94357 105365 102497 106282 100543 99007.1 93243 85895.6 103302 88872.3 86836.1 85553 91785.4 80656.1 81979 97034.2 87819.2 90136.7 83773.4 92651 88627.4 89873 90209.2 84736.5 91434.4 114405 83611.7 80579.7 94923.3 138149 132057 88626.5 88881.4 60792 82444.8 87932.5 95430.7 109447 96669.1 89506.9 84782.8 95126.8 41563.6 131153 126956 122214 119571 118882 119195 119900 120665 121337 121867 122258 122535 122725 122852 122936 122990 123025 123047 123061 123070 123076 123079 123081 123083 123084 123084 123084 123085 123085 123085 123085 123085 123085 123085 123085 123085 123085 123085 123085 123085 123085 123085 123085 123085 123085 123085 123085 123085 123085 123085 123085 123085 123085 123085 123085 123085 123085 123085 123085 123085 123085 123085 123085 123085 123085 123085 123085 123085 123085 123085 123085 123085 123085 123085 123085 123085 123085 123085 123085 123085 123085 123085 123085 123085 123085 123085 123085 123085 123085 123085 123085 123085 123085 123085 123085 123085 123085 123085 123085 123085 0 0 0 0 0 0 0 0 0 0 0 0 0 0 0 0 0 0 0 0 0 0 0 0 0
#obs catch bio
 0 91565.7 152015 227171 243968 258175 306160 274275 305775 297512 285198 286140 273274 244681 241077 204096 194963 160832 154079 146371 121281 123438 115996 117574 112836 94518.3 105419 102473 106468 100521 99007.3 93189.4 85760.6 103650 88804.8 86854.2 85329.6 91900.6 80654.1 82196.6 97251.7 87849.5 90029.5 83485.3 93020.7 88534.3 89991.6 90226.9 84680.3 91173.5 114907 83528.2 80577.5 94665.5 138438 132452 88286.2 89210 60475.5 82650.6 88023.2 95283.2 109577 96588.4 89506.1 84559.8 96355.5 41240.5
#pred cpue bio
 3.49217e+06 3.41176e+06 3.30698e+06 3.15039e+06 2.75363e+06 2.46018e+06 2.21633e+06 1.96709e+06 1.78611e+06 1.6422e+06 1.5236e+06 1.41231e+06 1.27479e+06 1.09363e+06 959987 787587 684326 637953 635827 630907 609830 592238 558443 533797 521284 482213 496975 498619 506997 513803 521498 522649 524973 544022 543531 546492 535035 492777 472608 506550 578038 638862 704246 677198 586097 575808 567246 578408 580969 587622 562100 532712 562270 614158 631051 579434 522461 497243 488466 520182 548064 576424 569357 531401 506284 504473 529146 595746 1.71535e+07 1.52659e+07 1.48107e+07 1.46071e+07 1.46372e+07 1.47809e+07 1.49621e+07 1.51395e+07 1.52943e+07 1.5421e+07 1.55208e+07 1.55976e+07 1.56559e+07 1.56997e+07 1.57326e+07 1.57573e+07 1.57758e+07 1.57897e+07 1.58002e+07 1.58081e+07 1.58141e+07 1.58186e+07 1.5822e+07 1.58247e+07 1.58267e+07 1.58282e+07 1.58293e+07 1.58302e+07 1.58309e+07 1.58314e+07 1.58318e+07 1.58321e+07 1.58324e+07 1.58325e+07 1.58327e+07 1.58328e+07 1.58329e+07 1.58329e+07 1.5833e+07 1.5833e+07 1.5833e+07 1.5833e+07 1.58331e+07 1.58331e+07 1.58331e+07 1.58331e+07 1.58331e+07 1.58331e+07 1.58331e+07 1.58331e+07 1.58331e+07 1.58331e+07 1.58331e+07 1.58331e+07 1.58331e+07 1.58331e+07 1.58331e+07 1.58331e+07 1.58331e+07 1.58331e+07 1.58331e+07 1.58331e+07 1.58331e+07 1.58331e+07 1.58331e+07 1.58331e+07 1.58331e+07 1.58331e+07 1.58331e+07 1.58331e+07 1.58331e+07 1.58331e+07 1.58331e+07 1.58331e+07 1.58331e+07 1.58331e+07 1.58331e+07 1.58331e+07 1.58331e+07 1.58331e+07 1.58331e+07 1.58331e+07 1.58331e+07 1.58331e+07 1.58331e+07 1.58331e+07 1.58331e+07 1.58331e+07 1.58331e+07 1.58331e+07 1.58331e+07 1.58331e+07 1.58331e+07 1.58331e+07 1.58331e+07 1.58331e+07 1.58331e+07 1.58331e+07 1.58331e+07 1.58331e+07 0 0 0 0 0 0 0 0 0 0 0 0 0 0 0 0 0 0 0 0 0 0 0 0 0
#obs cpue bio
 3.63274e+06 2.46348e+06 2.57932e+06 4.53816e+06 2.35427e+06 2.02868e+06 1.93183e+06 2.24515e+06 1.73252e+06 1.80214e+06 1.64781e+06 1.41791e+06 1.38228e+06 738235 1.17364e+06 1.09326e+06 501837 769987 526704 674989 620702 487352 550794 455833 916442 264292 496358 454863 504290 519429 487358 548201 575536 479769 448333 491719 439379 502808 491225 528520 668346 546838 805397 740336 483939 858037 528764 595699 607045 911642 512016 492945 540110 537373 611464 567174 467888 465516 554836 516814 481343 593417 799503 528168 442057 538140 366265 772924
#pred surv len freq
 0.00421637 0.0069577 0.0106802 0.015431 0.0211253 0.0274516 0.0338573 0.0397039 0.0445142 0.0481248 0.0506477 0.0523186 0.0533687 0.053973 0.0542517 0.0542927 0.0541765 0.0539755 0.0536977 0.0531716 0.0519487 0.0493559 0.0447824 0.0380931 0.0298837
 0.00450591 0.00734291 0.0111048 0.0157969 0.0213293 0.0274365 0.033647 0.0393922 0.0442123 0.0479028 0.0505083 0.0522188 0.0532686 0.0538767 0.0542145 0.0543924 0.0544644 0.0544326 0.0542186 0.0535917 0.0521073 0.0491683 0.0442801 0.0374068 0.0291801
 0.00455991 0.0074917 0.0114343 0.016406 0.022282 0.0287017 0.0350646 0.0407074 0.0451742 0.0483711 0.0504973 0.051856 0.0527095 0.0532414 0.0535778 0.053807 0.053976 0.0540659 0.0539491 0.0533341 0.0517456 0.0486158 0.0435325 0.0365505 0.0283485
 0.00462816 0.0075987 0.0115933 0.0166404 0.0226361 0.0292451 0.0358761 0.0418309 0.0465633 0.0498604 0.0518374 0.0528051 0.0531299 0.0531395 0.0530716 0.053058 0.0531301 0.0532236 0.0531539 0.0525728 0.0509659 0.0477655 0.042604 0.0355993 0.0274712
 0.00486503 0.00796792 0.0121188 0.0173327 0.0234909 0.0302441 0.0369907 0.0430306 0.0478237 0.0511591 0.0531286 0.0539902 0.0540554 0.0536408 0.0530425 0.0524975 0.0521378 0.0519494 0.0517382 0.0511093 0.0494984 0.0463143 0.0412011 0.0343064 0.0263664
 0.00502423 0.00825262 0.0125937 0.0180704 0.0245505 0.0316404 0.0386689 0.0448672 0.0496606 0.0528524 0.0545849 0.055167 0.0549301 0.0541736 0.0531637 0.052133 0.0512549 0.0505886 0.0500072 0.049148 0.0474433 0.0442842 0.0393017 0.0326356 0.0250033
 0.00518432 0.00851536 0.0129959 0.0186536 0.0253598 0.0327172 0.0400366 0.0465122 0.0515161 0.0547962 0.056457 0.0568048 0.0562049 0.0550067 0.0535149 0.0519773 0.0505724 0.0493791 0.0483163 0.0470806 0.0451537 0.0419517 0.0371031 0.0307201 0.02347
 0.00546134 0.0089624 0.0136622 0.0195819 0.0265779 0.0342259 0.041799 0.048453 0.0535359 0.0567899 0.0583231 0.058443 0.0575126 0.0558849 0.0538827 0.0517818 0.0497897 0.0480125 0.046404 0.0447121 0.0424816 0.0391837 0.0344689 0.0284241 0.0216459
 0.0056736 0.00931453 0.0142052 0.0203677 0.0276486 0.0355978 0.0434458 0.0503012 0.0554777 0.0587073 0.0601095 0.0600121 0.0587937 0.0568126 0.0543886 0.0517964 0.0492527 0.0468887 0.0447009 0.0424976 0.039897 0.0364389 0.031811 0.0260829 0.0197779
 0.00592249 0.00972762 0.0148426 0.0212904 0.0289065 0.037209 0.0453765 0.0524585 0.0577223 0.0608815 0.0620663 0.0616351 0.0600048 0.057568 0.0546653 0.0515756 0.0485097 0.0455981 0.042858 0.0401488 0.0371658 0.03353 0.0289809 0.02358 0.0177764
 0.00618934 0.0101552 0.0154753 0.0221674 0.0300574 0.0386454 0.0470806 0.0543743 0.0597571 0.0629163 0.0639707 0.0632829 0.0612884 0.0584083 0.0550148 0.051411 0.0478204 0.0443788 0.0411158 0.0379268 0.0345719 0.0307501 0.0262574 0.0211559 0.0158283
 0.0064147 0.0105273 0.0160454 0.0229855 0.0311602 0.04004 0.0487289 0.0561926 0.0616332 0.0647362 0.0656365 0.064716 0.0624217 0.0591807 0.0553715 0.051308 0.0472279 0.0432831 0.0395248 0.0358846 0.0321797 0.0281775 0.0237268 0.0188939 0.0140032
 0.00664702 0.0109087 0.0166262 0.0238148 0.0322766 0.0414551 0.0504111 0.0580598 0.0635629 0.0665894 0.0672842 0.0660582 0.0633945 0.0597517 0.055527 0.0510401 0.0465273 0.0421421 0.0379489 0.033912 0.0299016 0.0257481 0.0213483 0.0167723 0.0122923
 0.0068804 0.011293 0.0172136 0.0246563 0.033411 0.0428925 0.0521154 0.0599432 0.0654986 0.0684355 0.0689081 0.0673527 0.0642861 0.0602024 0.0555298 0.0506087 0.0456828 0.040905 0.036343 0.0319801 0.027727 0.0234667 0.0191374 0.0148128 0.0107178
 0.00692751 0.0114046 0.0174464 0.0250854 0.0341128 0.0439165 0.0534587 0.0615414 0.0672384 0.0701803 0.0705224 0.0687185 0.065312 0.0608277 0.055725 0.0503714 0.0450306 0.0398671 0.034958 0.0303024 0.0258402 0.0214932 0.0172303 0.0131256 0.00936368
 0.00719879 0.0118216 0.0180312 0.0258477 0.0350553 0.0450405 0.0547612 0.0630029 0.0688072 0.0717645 0.0719982 0.069953 0.0661921 0.0612812 0.0557265 0.0499332 0.0441888 0.0386702 0.0334618 0.0285746 0.023969 0.0195935 0.0154359 0.0115649 0.00812628
 0.0072731 0.0119798 0.0183362 0.0263754 0.03587 0.0461596 0.0561307 0.0645039 0.0702959 0.0731201 0.073148 0.0708635 0.0668417 0.0616422 0.0557655 0.0496257 0.0435317 0.0376859 0.0321961 0.0270939 0.0223609 0.0179656 0.013907 0.0102433 0.00708445
 0.0074249 0.0122111 0.0186583 0.026796 0.0364007 0.0468229 0.056956 0.0655081 0.0714565 0.0743592 0.0743423 0.0718798 0.0675779 0.0620473 0.0558331 0.0493719 0.0429784 0.0368582 0.0311288 0.0258402 0.0209966 0.0165864 0.0126167 0.00913392 0.00621476
 0.00746562 0.0122611 0.0187038 0.0268149 0.0363705 0.0467337 0.0568241 0.0653833 0.0714169 0.0744916 0.0747103 0.0724921 0.0683741 0.0629115 0.0566297 0.0499836 0.0433283 0.0369128 0.0308921 0.0253475 0.0203111 0.0157939 0.0118132 0.00840752 0.00562679
 0.00760377 0.012458 0.0189478 0.0270756 0.0366039 0.0468938 0.0568752 0.0653102 0.0712334 0.0742452 0.0744787 0.0723653 0.0684241 0.063162 0.0570417 0.0504656 0.0437663 0.0372051 0.0309745 0.0252032 0.0199686 0.0153159 0.0112806 0.00789953 0.00520202
 0.00780281 0.012759 0.0193572 0.0275801 0.0371691 0.0474656 0.057383 0.0656772 0.0713955 0.0741734 0.0741948 0.0719404 0.0679601 0.0627617 0.0567777 0.0503584 0.0437804 0.0372653 0.0309957 0.0251214 0.0197601 0.0150001 0.0109076 0.00752935 0.00488425
 0.0077774 0.0127279 0.0193289 0.0275678 0.037186 0.0475174 0.0574624 0.0657637 0.0714615 0.0741938 0.074156 0.0718464 0.0678342 0.0626431 0.0567113 0.0503792 0.0438969 0.0374514 0.0311972 0.025276 0.0198216 0.0149554 0.0107777 0.00735592 0.00471101
 0.00780406 0.0127707 0.0193927 0.0276576 0.0373068 0.047673 0.0576531 0.0659819 0.0716882 0.0743985 0.0743018 0.0719011 0.0677823 0.0624944 0.0565002 0.0501547 0.0437057 0.037321 0.0311262 0.025238 0.0197806 0.0148845 0.0106709 0.00722763 0.00458441
 0.00774992 0.0126973 0.0193092 0.0275818 0.0372601 0.0476735 0.0577091 0.0660909 0.0718398 0.0745776 0.0744898 0.0720755 0.0679179 0.0625692 0.0565042 0.0500957 0.0436083 0.0372161 0.0310375 0.0251724 0.0197289 0.0148311 0.0106056 0.00715143 0.00450732
 0.00777408 0.0127286 0.0193426 0.0276094 0.0372765 0.0476811 0.0577213 0.0661279 0.0719184 0.0747012 0.0746448 0.0722355 0.0680538 0.0626571 0.05653 0.0500571 0.0435152 0.0370881 0.0308985 0.0250418 0.0196161 0.0147358 0.0105229 0.00707812 0.00444406
 0.00794263 0.012974 0.0196581 0.0279692 0.037641 0.0480078 0.057975 0.0662872 0.0719793 0.0746767 0.0745598 0.0721176 0.0679225 0.0625189 0.0563806 0.0498886 0.0433238 0.0368785 0.0306828 0.0248359 0.0194335 0.0145836 0.0104019 0.00698533 0.00437547
 0.00775888 0.0127176 0.0193497 0.0276517 0.0373646 0.0478072 0.0578541 0.0662226 0.0719394 0.0746449 0.0745445 0.0721455 0.0680205 0.0626971 0.0566257 0.0501689 0.043601 0.0371206 0.0308717 0.0249682 0.0195164 0.0146289 0.0104214 0.00698872 0.00437016
 0.00779207 0.0127448 0.0193437 0.0275773 0.0371959 0.0475497 0.0575562 0.0659618 0.0717872 0.0746299 0.0746416 0.0722971 0.0681726 0.0628245 0.056732 0.0502697 0.043706 0.0372265 0.0309669 0.0250415 0.0195629 0.014651 0.0104258 0.00698294 0.00436038
 0.00776172 0.0127058 0.0193023 0.0275409 0.0371653 0.0475112 0.0574814 0.0658217 0.0715745 0.0743751 0.0744057 0.0721432 0.0681346 0.0628956 0.0568774 0.0504501 0.0438934 0.0374055 0.0311285 0.0251785 0.0196698 0.0147262 0.0104726 0.00700786 0.00437107
 0.00777802 0.0127258 0.0193209 0.0275511 0.0371617 0.0474939 0.0574567 0.0657963 0.0715476 0.0743346 0.0743365 0.0720412 0.0680167 0.062793 0.0568198 0.05045 0.0439435 0.0374873 0.0312222 0.0252685 0.0197463 0.0147843 0.0105115 0.0070305 0.00438201
 0.00776539 0.0126989 0.0192686 0.0274593 0.0370172 0.0472906 0.0572017 0.0655129 0.0712712 0.0741037 0.0741807 0.0719733 0.0680313 0.0628749 0.056953 0.0506229 0.0441469 0.0377093 0.0314469 0.0254785 0.019927 0.0149274 0.0106155 0.00709951 0.00442356
 0.00781448 0.0127627 0.0193348 0.0275058 0.0370167 0.0472195 0.0570485 0.065282 0.0709832 0.073792 0.0738857 0.0717345 0.0678786 0.0628214 0.0569942 0.0507414 0.0443202 0.0379152 0.031665 0.0256906 0.0201173 0.0150846 0.0107346 0.00718185 0.00447526
 0.00785339 0.0128171 0.0193997 0.0275689 0.0370594 0.0472199 0.0569853 0.0651402 0.0707604 0.073503 0.0735633 0.0714232 0.0676237 0.0626579 0.0569391 0.0507923 0.0444589 0.0381144 0.0318951 0.0259245 0.0203332 0.0152674 0.0108766 0.00728267 0.00454043
 0.00764042 0.0125097 0.0190086 0.0271282 0.036616 0.0468162 0.0566466 0.0648724 0.0705571 0.0733557 0.0734683 0.0713843 0.0676507 0.0627623 0.0571286 0.0510659 0.044804 0.0385075 0.0323061 0.0263218 0.0206896 0.0155641 0.0111052 0.00744495 0.00464591
 0.00779877 0.0127183 0.0192341 0.0273142 0.0367042 0.0467772 0.0564988 0.0646747 0.0703761 0.0732293 0.0733905 0.0713186 0.0675599 0.0626324 0.0569749 0.0509223 0.0447047 0.0384736 0.0323399 0.0264091 0.0208073 0.0156877 0.0112157 0.00753163 0.00470637
 0.0085349 0.0137614 0.0205177 0.0286742 0.0379188 0.0476359 0.0568655 0.0645183 0.0697662 0.0723102 0.0723398 0.070299 0.0666793 0.0619298 0.0564365 0.0505138 0.0443977 0.038254 0.0322013 0.0263437 0.0208 0.0157178 0.0112621 0.00757815 0.00474371
 0.00908171 0.0146632 0.0218877 0.0305963 0.0403944 0.0505195 0.05983 0.0671006 0.0715037 0.0729065 0.0717664 0.068778 0.0645718 0.0596025 0.0541692 0.0484696 0.0426428 0.0367962 0.0310244 0.0254244 0.0201114 0.0152281 0.0109343 0.00737291 0.00462421
 0.00907704 0.0147353 0.0221449 0.0311919 0.0414913 0.0522273 0.0621383 0.0698386 0.0743468 0.0754346 0.0735636 0.0695482 0.0642275 0.0582836 0.0521797 0.0461668 0.0403357 0.034693 0.0292315 0.0239741 0.0189929 0.0144076 0.0103655 0.00700325 0.0044009
 0.00896551 0.014587 0.0219876 0.0310848 0.0415259 0.05252 0.0628112 0.0709852 0.0759852 0.0774613 0.0757378 0.0715289 0.0656618 0.0589147 0.0519272 0.0451416 0.0387866 0.032915 0.0274819 0.0224269 0.0177338 0.0134537 0.00969034 0.00655779 0.00412833
 0.00882687 0.0143485 0.0216076 0.0305261 0.0407768 0.0516227 0.0618841 0.070218 0.0755977 0.0776367 0.0765549 0.0729198 0.0674115 0.0607088 0.0534389 0.0461285 0.0391573 0.0327365 0.0269287 0.0217045 0.0170139 0.0128426 0.00923018 0.00624463 0.00393429
 0.00871308 0.0141602 0.0213175 0.0301054 0.0402001 0.0508784 0.0609893 0.0692342 0.0746385 0.0768605 0.0761374 0.0730052 0.0680575 0.0618475 0.0548779 0.0476015 0.0404065 0.0335926 0.0273505 0.0217652 0.0168476 0.012585 0.00897846 0.00604761 0.00380227
 0.00883488 0.0143234 0.0214981 0.0302577 0.0402663 0.0508056 0.0607448 0.0688127 0.0740632 0.0761837 0.0754425 0.0724057 0.0676796 0.0617948 0.0551877 0.0482162 0.0411824 0.0343479 0.0279327 0.0220999 0.0169487 0.0125251 0.00884509 0.00590857 0.00369303
 0.00876213 0.0142172 0.0213593 0.0300913 0.0400753 0.0505839 0.0604747 0.0684726 0.0736417 0.0756944 0.0749292 0.0719363 0.0673339 0.0616486 0.0552958 0.0485927 0.0417844 0.0350764 0.0286584 0.0227069 0.0173718 0.0127622 0.00893982 0.00592022 0.00367106
 0.00876764 0.0142113 0.021324 0.0300029 0.0399133 0.0503422 0.0601692 0.068136 0.0733085 0.0753852 0.0746471 0.0716781 0.067107 0.0614815 0.0552338 0.0486804 0.0420431 0.0354868 0.0291589 0.0232118 0.0178022 0.0130722 0.00912591 0.00600952 0.00370127
 0.00880259 0.0142655 0.0213994 0.0300966 0.0400145 0.0504304 0.0602155 0.0681104 0.0731917 0.0751788 0.0743738 0.071372 0.0668016 0.0612047 0.0550109 0.048539 0.0420099 0.0355756 0.0293578 0.0234806 0.0180842 0.0133157 0.00930158 0.00611489 0.00375249
 0.00863908 0.0140675 0.0212254 0.0300391 0.0401702 0.0508546 0.0608852 0.0689207 0.0739887 0.0758105 0.0747344 0.071423 0.066569 0.0607595 0.0544454 0.0479451 0.0414657 0.0351372 0.0290538 0.0233094 0.0180182 0.0133137 0.00932428 0.00613673 0.00376376
 0.00867852 0.0140827 0.021163 0.0298334 0.0397769 0.0502954 0.0602716 0.0684285 0.073785 0.0759722 0.0752107 0.0720633 0.0671947 0.0612345 0.0547114 0.0480174 0.0414053 0.0350186 0.0289401 0.0232386 0.0180004 0.013337 0.00936698 0.00617906 0.00379481
 0.00861874 0.0140159 0.021115 0.0298367 0.0398507 0.0504213 0.0603869 0.0684523 0.0736693 0.0757443 0.074969 0.071923 0.0672199 0.0614053 0.0549439 0.0482172 0.0415143 0.0350307 0.0288878 0.0231664 0.0179424 0.0133076 0.00936321 0.00618956 0.00380855
 0.00863864 0.014028 0.0210982 0.029765 0.039707 0.050214 0.0601554 0.0682526 0.0735435 0.0756969 0.0749716 0.0719444 0.0672548 0.0614746 0.0550686 0.0483917 0.0417037 0.0351925 0.0289966 0.0232228 0.0179651 0.0133174 0.00937288 0.00620217 0.0038217
 0.00856362 0.0139195 0.0209586 0.0296021 0.0395281 0.0500198 0.0599394 0.0680101 0.0732853 0.0754555 0.0747919 0.0718638 0.0672863 0.0616069 0.0552779 0.0486527 0.0419912 0.0354787 0.0292535 0.0234306 0.018118 0.0134226 0.00944294 0.00624862 0.00385224
 0.0086219 0.014001 0.0210571 0.0297045 0.0396192 0.0500884 0.0599814 0.0680256 0.0732716 0.0754047 0.0746958 0.0717238 0.0671201 0.0614442 0.0551487 0.0485759 0.0419702 0.0355039 0.0293073 0.0234935 0.0181747 0.0134654 0.00947153 0.00626644 0.0038632
 0.00886139 0.0143956 0.0216575 0.0305525 0.0407285 0.0514195 0.0614246 0.069409 0.0744021 0.076123 0.0749177 0.071451 0.0664251 0.0604442 0.0539789 0.0473658 0.0408253 0.0344943 0.0284667 0.0228267 0.0176676 0.0130952 0.00921342 0.00609619 0.00375831
 0.00873506 0.0141978 0.0213771 0.0301922 0.0403135 0.051005 0.061095 0.0692596 0.0745043 0.0764882 0.0754839 0.0721018 0.0670319 0.060907 0.0542503 0.047452 0.04077 0.0343572 0.0283029 0.0226743 0.0175454 0.0130068 0.00915408 0.00605872 0.00373602
 0.00861449 0.0139951 0.0210605 0.0297313 0.03969 0.0502295 0.0602219 0.068391 0.073774 0.0760286 0.0753872 0.0723903 0.0676475 0.0617288 0.0551321 0.0482658 0.0414363 0.0348518 0.0286438 0.0228991 0.0176922 0.0131042 0.00921941 0.00610191 0.00376321
 0.00874179 0.0141722 0.0212708 0.0299372 0.0398395 0.0502687 0.0601088 0.0681075 0.0733347 0.0754862 0.0748289 0.07192 0.0673568 0.0616661 0.0552856 0.0485707 0.0418019 0.0351955 0.0289149 0.023084 0.0178035 0.0131648 0.00925051 0.00611778 0.00377159
 0.00907483 0.0147353 0.0221529 0.0312193 0.0415582 0.0523666 0.0624002 0.0702912 0.0750679 0.076489 0.0749666 0.0712299 0.0660177 0.0599344 0.053424 0.0467891 0.0402275 0.0338746 0.027839 0.0222223 0.0171256 0.0126475 0.00887446 0.00586157 0.00361011
 0.00913163 0.0148684 0.0224297 0.0317313 0.0424019 0.0536099 0.064043 0.0722389 0.0771277 0.0783952 0.0764333 0.0720209 0.0660131 0.059165 0.0520567 0.0450698 0.0384081 0.0321547 0.02634 0.0209927 0.0161645 0.0119289 0.00836259 0.00551758 0.00339458
 0.00894362 0.014542 0.0219062 0.0309601 0.0413732 0.052396 0.0628237 0.071278 0.0766954 0.0786644 0.0774042 0.0735121 0.0677202 0.0607605 0.0532873 0.0458168 0.0386922 0.0320923 0.02608 0.0206642 0.0158514 0.0116712 0.00817027 0.00538495 0.0033098
 0.00889459 0.0144583 0.0217709 0.0307495 0.0410566 0.051941 0.0622108 0.0705255 0.0758839 0.0779426 0.076958 0.0734982 0.0681942 0.0616398 0.0543753 0.0468774 0.0395347 0.0326261 0.0263175 0.0206848 0.015753 0.0115339 0.00804243 0.0052869 0.00324391
 0.00867819 0.0140915 0.0211936 0.0299028 0.0399035 0.0504945 0.0605563 0.0688176 0.0743142 0.0766955 0.0761795 0.0732846 0.0685879 0.0626164 0.055828 0.0486186 0.0413321 0.0342629 0.0276489 0.0216609 0.0164045 0.0119344 0.00827259 0.0054121 0.00330889
 0.00872029 0.0141552 0.0212779 0.029996 0.039977 0.0504983 0.0604222 0.0684773 0.0737289 0.0758853 0.0752337 0.0723458 0.067817 0.0621528 0.0557554 0.0489432 0.0419772 0.035089 0.0284965 0.0223992 0.0169632 0.0123062 0.00849173 0.00552734 0.00336331
 0.0087065 0.0141442 0.0212819 0.0300324 0.0400617 0.0506352 0.0605929 0.0686369 0.0738117 0.0758217 0.0749748 0.0718883 0.067217 0.0615184 0.0552188 0.048619 0.0419252 0.0352964 0.0288859 0.0228615 0.0173972 0.0126486 0.00872428 0.0056649 0.00343466
 0.00888453 0.0143989 0.0216016 0.0303859 0.0404091 0.0509441 0.0608491 0.0688408 0.0739646 0.0759099 0.0749648 0.0717376 0.0668963 0.0610362 0.0546318 0.0480229 0.041425 0.0349696 0.0287569 0.0228987 0.0175337 0.0128134 0.00886719 0.00576466 0.00349283
 0.00904766 0.0146901 0.0220839 0.0311236 0.0414396 0.0522411 0.0622978 0.0702508 0.075124 0.0766536 0.0752181 0.0715148 0.066269 0.0600993 0.0534879 0.0467801 0.0401968 0.0338634 0.0278536 0.0222343 0.0170957 0.0125545 0.00872816 0.00569456 0.00345762
 0.00893296 0.0145349 0.0219108 0.03098 0.0413934 0.0523676 0.0626593 0.0708733 0.0759742 0.0776302 0.0761677 0.0722748 0.0667168 0.0601841 0.0532317 0.0462574 0.0395095 0.0331196 0.0271511 0.0216451 0.0166553 0.0122613 0.00855424 0.00560201 0.0034127
 0.00891598 0.014481 0.0217839 0.0307373 0.0410061 0.0518483 0.0620823 0.0703677 0.0756865 0.0776701 0.0765641 0.0729607 0.067551 0.0609971 0.0538779 0.0466523 0.0396414 0.0330366 0.0269342 0.0213799 0.0164093 0.0120723 0.00843088 0.00553327 0.00338009
 0.0089829 0.0145656 0.0218647 0.0307761 0.040953 0.0516561 0.0617233 0.0698514 0.0750716 0.0770636 0.0760996 0.0727574 0.0676676 0.0614055 0.0544713 0.0472869 0.0401874 0.0334169 0.0271354 0.0214377 0.0163816 0.012013 0.00837523 0.00549568 0.00336047
 0.00858841 0.0140319 0.0212583 0.0302197 0.0405839 0.0515624 0.0618969 0.0701883 0.0754214 0.077299 0.0761681 0.0726936 0.067567 0.0613751 0.054581 0.0475417 0.040532 0.0337678 0.0274202 0.0216211 0.0164683 0.0120326 0.00836209 0.00547491 0.00334428
#obs surv len freq
 nan nan nan nan nan nan nan nan nan nan nan nan nan nan nan nan nan nan nan nan nan nan nan nan nan
 0.00448413 0.00734504 0.0111743 0.0159897 0.0216892 0.0279635 0.0342765 0.0400072 0.0446869 0.0481515 0.0505108 0.0520082 0.0529021 0.0534159 0.0537314 0.0539873 0.0542665 0.0545597 0.0546987 0.0542907 0.0527287 0.0493606 0.0438099 0.0362893 0.0276722
 0.00461302 0.00755725 0.0114983 0.0164524 0.0223095 0.0287416 0.0351841 0.0409848 0.0456523 0.0490168 0.0511988 0.0524642 0.0530987 0.0533531 0.0534316 0.0534878 0.0536108 0.0537903 0.0538546 0.0534086 0.0518472 0.0485227 0.0430603 0.0356657 0.0271956
 0.00478398 0.00783448 0.0119144 0.0170376 0.0230863 0.029716 0.0363355 0.04226 0.0469699 0.0502782 0.0523029 0.0533202 0.0536366 0.053532 0.0532432 0.0529543 0.0527778 0.0527175 0.0526082 0.0520589 0.0504692 0.0471966 0.0418657 0.0346685 0.026432
 0.00497146 0.00814401 0.0123889 0.0177195 0.0240089 0.0308894 0.0377332 0.043815 0.0485848 0.0518436 0.0537132 0.054481 0.0544677 0.0539694 0.0532454 0.0525081 0.0519018 0.0514609 0.0510468 0.0502902 0.048609 0.0453726 0.0402039 0.0332721 0.025359
 0.00517752 0.00848045 0.0128983 0.0184434 0.024981 0.0321243 0.0392133 0.0454839 0.0503522 0.0535995 0.0553437 0.0558798 0.0555421 0.0546433 0.0534605 0.0522268 0.0511124 0.0501845 0.0493437 0.0482634 0.0464011 0.0431544 0.0381505 0.031529 0.0240111
 0.00540528 0.00885251 0.0134615 0.0192428 0.0260509 0.0334757 0.0408199 0.0472783 0.0522354 0.05546 0.0570732 0.0573808 0.0567285 0.0554394 0.0538013 0.05206 0.0504043 0.0489296 0.047578 0.0460773 0.0439452 0.0406281 0.0357708 0.0294842 0.0224168
 0.00563237 0.00922769 0.0140373 0.0200718 0.0271755 0.0349114 0.0425388 0.0492037 0.0542534 0.0574428 0.0589004 0.0589513 0.0579616 0.0562709 0.0541772 0.0519332 0.0497353 0.0476968 0.0457952 0.0438156 0.0413475 0.0379044 0.0331647 0.0272175 0.0206336
 0.00588536 0.00963853 0.0146552 0.0209429 0.0283358 0.0363737 0.0442786 0.0511522 0.0563048 0.0594714 0.0607806 0.060571 0.0592299 0.0571196 0.0545566 0.0518055 0.0490695 0.0464719 0.0440162 0.041538 0.0387006 0.0350944 0.0304442 0.0248269 0.0187368
 0.00612764 0.010038 0.0152664 0.0218198 0.0295198 0.0378769 0.0460668 0.0531408 0.0583734 0.0614888 0.0626265 0.0621456 0.0604539 0.057931 0.054908 0.0516602 0.0483995 0.0452595 0.0422653 0.0392969 0.0360866 0.0323018 0.0277207 0.0224157 0.0168107
 0.0063677 0.0104312 0.015864 0.0226716 0.0306656 0.0393313 0.0478034 0.0550849 0.0604107 0.0634865 0.0644547 0.0636938 0.0616379 0.0586928 0.0552102 0.0514782 0.0477153 0.0440618 0.0405604 0.0371296 0.033564 0.0296044 0.025082 0.02007 0.0149283
 0.0066111 0.010831 0.0164729 0.023541 0.0318346 0.0408102 0.0495576 0.0570301 0.0624253 0.0654359 0.0662135 0.065158 0.062729 0.059357 0.0554155 0.0512087 0.0469651 0.0428321 0.0388665 0.035018 0.0311352 0.0270238 0.0225645 0.0178327 0.0131307
 0.0068555 0.0112282 0.0170706 0.0243834 0.0329544 0.0422152 0.0512163 0.058866 0.0643264 0.0672745 0.0678674 0.0665245 0.0637311 0.0599437 0.0555592 0.050899 0.0462028 0.041627 0.0372416 0.0330236 0.0288665 0.0246316 0.0202415 0.015773 0.0114769
 0.00707203 0.011588 0.0176261 0.0251869 0.0340461 0.0436045 0.0528645 0.0606825 0.0661843 0.0690384 0.0694172 0.0677674 0.0646033 0.0604073 0.055597 0.0505097 0.045396 0.040421 0.0356667 0.0311332 0.0267517 0.0224289 0.0181211 0.013904 0.00998185
 0.00728274 0.0119324 0.0181479 0.0259283 0.0350401 0.0448617 0.0543591 0.0623451 0.0679088 0.070699 0.0708903 0.0689484 0.0654174 0.060813 0.0555822 0.0500838 0.0445808 0.0392462 0.0341711 0.029374 0.0248158 0.020439 0.0162251 0.0122455 0.00866235
 0.0074178 0.0121598 0.0185047 0.0264541 0.0357689 0.0458095 0.055511 0.0636509 0.0692906 0.0720654 0.0721492 0.0700155 0.0662204 0.0612958 0.0557098 0.0498435 0.0439803 0.0383098 0.0329383 0.0279024 0.0231882 0.0187653 0.0146331 0.0108562 0.00755956
 0.00750355 0.0122957 0.0187039 0.026729 0.0361324 0.0462753 0.0560906 0.0643486 0.0700964 0.0729508 0.0730666 0.0709018 0.067005 0.0619093 0.0560917 0.0499482 0.0437819 0.0378044 0.032146 0.026869 0.0219865 0.0174934 0.013403 0.00977226 0.00669433
 0.00759198 0.0124332 0.0188988 0.0269849 0.0364475 0.0466426 0.0564991 0.0647853 0.0705507 0.0734184 0.0735472 0.0713918 0.0674881 0.0623516 0.0564437 0.0501544 0.0437918 0.0375834 0.0316842 0.0261866 0.0211359 0.0165547 0.0124718 0.00893912 0.00602314
 0.00765163 0.0125266 0.0190327 0.0271628 0.0366687 0.0469013 0.0567837 0.0650796 0.0708385 0.0736888 0.0737991 0.0716327 0.0677279 0.0625927 0.0566733 0.0503412 0.0438909 0.037548 0.0314796 0.0258034 0.0205978 0.0159171 0.01181 0.00832939 0.00552253
 0.00770665 0.0126091 0.0191438 0.0272993 0.0368242 0.0470683 0.0569551 0.0652492 0.0710007 0.0738394 0.0739364 0.0717585 0.0678473 0.062712 0.0567946 0.0504566 0.0439789 0.0375752 0.0314101 0.0256127 0.0202854 0.0155115 0.0113632 0.00790087 0.00516085
 0.00778083 0.0127235 0.0193043 0.0275058 0.0370699 0.0473391 0.0572294 0.0655006 0.0712042 0.0739786 0.074008 0.0717716 0.0678184 0.0626597 0.0567345 0.0503978 0.0439202 0.0375036 0.0313038 0.0254493 0.0200538 0.0152204 0.0110415 0.00758816 0.00489308
 0.00780781 0.0127677 0.0193712 0.0276004 0.0371952 0.0474936 0.0574054 0.0656839 0.0713766 0.0741224 0.0741103 0.0718271 0.0678303 0.0626374 0.0566906 0.0503439 0.0438627 0.0374411 0.0312264 0.0253432 0.0199081 0.0150354 0.0108318 0.00737855 0.00470891
 0.00782884 0.0127955 0.0194015 0.0276262 0.0372096 0.0474944 0.0573979 0.0656797 0.0713887 0.0741591 0.0741713 0.0719042 0.0679111 0.0627102 0.0567482 0.050384 0.0438863 0.0374486 0.0312153 0.0253075 0.0198417 0.0149378 0.0107109 0.00725035 0.0045912
 0.00787774 0.0128703 0.0195049 0.0277561 0.0373586 0.0476493 0.0575405 0.0657908 0.0714538 0.0741746 0.0741459 0.0718542 0.0678524 0.0626529 0.0566948 0.0503326 0.0438337 0.0373924 0.0311536 0.0252376 0.019761 0.0148457 0.0106114 0.00715171 0.0045035
 0.00787862 0.0128738 0.019514 0.0277748 0.0373904 0.0476956 0.057599 0.0658545 0.0715129 0.074219 0.074169 0.0718557 0.067838 0.0626319 0.0566757 0.0503196 0.043826 0.0373856 0.0311421 0.0252167 0.0197278 0.0148 0.0105563 0.00709342 0.00444941
 0.00788036 0.0128711 0.0194999 0.0277405 0.037329 0.0476066 0.0574921 0.0657482 0.0714283 0.074172 0.0741648 0.0718888 0.0678971 0.062705 0.0567542 0.0503983 0.0439019 0.0374554 0.0312016 0.0252611 0.0197537 0.0148066 0.0105464 0.00707264 0.00442452
 0.00790873 0.0129097 0.019544 0.0277801 0.0373507 0.0475974 0.0574432 0.0656587 0.0713071 0.0740372 0.0740402 0.0717967 0.0678514 0.0627077 0.0567968 0.0504672 0.0439833 0.0375383 0.0312776 0.0253244 0.0198002 0.0148348 0.0105577 0.00707115 0.00441571
 0.00789611 0.0128939 0.0195285 0.02777 0.0373499 0.047605 0.0574513 0.0656539 0.071276 0.0739737 0.0739494 0.0716949 0.0677607 0.062648 0.0567799 0.0504936 0.0440439 0.0376191 0.0313642 0.0254048 0.0198664 0.014883 0.0105878 0.007086 0.00442003
 0.00788306 0.0128683 0.0194824 0.0276949 0.0372405 0.0474643 0.0572932 0.0655009 0.0711508 0.0738899 0.0739077 0.0716869 0.0677766 0.0626831 0.0568353 0.0505727 0.044147 0.0377406 0.0314934 0.0255291 0.019975 0.0149689 0.010649 0.00712483 0.00444156
 0.00786526 0.0128391 0.0194376 0.0276299 0.0371507 0.0473462 0.0571468 0.0653322 0.0709738 0.0737255 0.073779 0.0716116 0.0677619 0.0627244 0.0569209 0.0506894 0.0442842 0.0378899 0.0316463 0.0256762 0.0201065 0.0150771 0.0107303 0.00718013 0.00447532
 0.00785118 0.012814 0.0193958 0.0275651 0.0370574 0.0472223 0.0569959 0.0651636 0.0708008 0.0735627 0.0736407 0.0715115 0.0677112 0.0627302 0.0569829 0.0507999 0.04443 0.0380558 0.0318182 0.0258418 0.0202553 0.0152015 0.0108261 0.00724765 0.00451843
 0.00781714 0.0127572 0.019308 0.0274381 0.0368853 0.0470051 0.0567426 0.064893 0.0705384 0.0733351 0.0734702 0.0714127 0.0676904 0.0627859 0.0571078 0.050982 0.0446534 0.0383024 0.0320692 0.0260797 0.0204664 0.0153763 0.0109605 0.00734296 0.00458027
 0.00779028 0.0127126 0.019239 0.0273377 0.0367478 0.0468279 0.0565289 0.0646532 0.0702897 0.0730991 0.0732697 0.0712681 0.0676165 0.0627901 0.0571889 0.0511311 0.0448559 0.0385399 0.0323214 0.0263268 0.020691 0.0155659 0.0111086 0.00744946 0.00465034
 0.00775254 0.01265 0.0191427 0.0271992 0.0365611 0.046593 0.0562547 0.0643583 0.0699988 0.0728382 0.0730611 0.0711284 0.0675562 0.0628133 0.0572937 0.051309 0.0450927 0.0388165 0.0326159 0.0266169 0.0209565 0.0157916 0.0112862 0.00757801 0.00473554
 0.00774124 0.012628 0.0191026 0.0271318 0.0364567 0.0464453 0.0560635 0.0641316 0.069752 0.0725916 0.0728371 0.0709478 0.0674359 0.0627647 0.0573212 0.0514105 0.0452597 0.0390344 0.0328655 0.0268761 0.0212036 0.0160083 0.0114611 0.00770727 0.00482266
 0.00933399 0.014861 0.0218048 0.0299234 0.0388592 0.0480567 0.0566979 0.0638462 0.0687683 0.0711801 0.0712323 0.0693172 0.0658854 0.0613565 0.0560896 0.0503712 0.0444149 0.038376 0.0323766 0.0265332 0.0209788 0.0158723 0.0113863 0.00767076 0.00480741
 0.00931334 0.0151225 0.0227189 0.0319499 0.0423485 0.0529798 0.0624746 0.0694384 0.073048 0.0733715 0.0711668 0.0673781 0.0627384 0.0576642 0.0523472 0.0468772 0.0413177 0.0357328 0.0301953 0.0247948 0.0196467 0.0148973 0.0107097 0.00722939 0.00453897
 0.00897299 0.0145875 0.0219693 0.0310367 0.0414465 0.0524239 0.0627198 0.0708977 0.0758455 0.0771588 0.0751648 0.0706711 0.0646546 0.0580076 0.0513698 0.0450681 0.0391716 0.0336153 0.0283166 0.0232444 0.0184395 0.0140075 0.0100909 0.00682574 0.00429388
 0.00878842 0.0142759 0.0214802 0.0303196 0.0404711 0.0512147 0.0613997 0.0697153 0.0751525 0.0773128 0.0763707 0.0728347 0.0673503 0.0606164 0.0533274 0.0460786 0.0392667 0.0330557 0.0274313 0.0223048 0.0176112 0.0133598 0.00962915 0.00652265 0.00411038
 0.0086936 0.0141186 0.0212365 0.0299628 0.0399739 0.050556 0.0605774 0.068764 0.0741636 0.0764478 0.0758492 0.0728787 0.0680878 0.0619875 0.0550624 0.0477845 0.0405857 0.0338012 0.0276246 0.0221106 0.0172329 0.0129588 0.00929574 0.0062853 0.00396074
 0.0086719 0.0140772 0.0211625 0.029839 0.0397814 0.0502781 0.0602033 0.0682924 0.0736062 0.0758359 0.0752463 0.0723891 0.0678463 0.0621184 0.0556149 0.0486824 0.0416338 0.034759 0.0283063 0.0224517 0.0172863 0.0128394 0.00911657 0.00612059 0.00384106
 0.00867572 0.0140809 0.021163 0.0298307 0.0397552 0.0502222 0.0601036 0.0681348 0.0733792 0.0755362 0.0748838 0.0719944 0.0674761 0.0618532 0.055541 0.048856 0.042044 0.0353158 0.0288718 0.0228988 0.0175502 0.0129298 0.0090915 0.00604657 0.00376546
 0.00867412 0.01408 0.0211644 0.0298364 0.0397665 0.0502369 0.0601154 0.068132 0.0733472 0.0754595 0.0747514 0.0718041 0.0672405 0.0616042 0.0553292 0.0487398 0.0420677 0.0354855 0.0291445 0.0231979 0.0177996 0.0130863 0.00915481 0.00604578 0.00373616
 0.00866415 0.0140653 0.0211454 0.0298147 0.0397448 0.0502188 0.0601039 0.0681289 0.0733505 0.0754627 0.0747431 0.071771 0.0671724 0.0615003 0.0552033 0.048621 0.0419932 0.0354855 0.0292265 0.0233396 0.0179587 0.0132206 0.00924078 0.00608352 0.0037411
 0.00866302 0.0140643 0.0211455 0.0298171 0.039751 0.0502298 0.0601199 0.0681488 0.0733723 0.0754834 0.0747582 0.0717744 0.0671567 0.0614592 0.0551356 0.0485346 0.041906 0.0354211 0.0292042 0.0233646 0.0180186 0.0132919 0.00930112 0.00612143 0.00375726
 0.00863686 0.0140243 0.0210901 0.0297471 0.0396695 0.0501427 0.0600356 0.0680773 0.0733234 0.0754638 0.0747695 0.0718122 0.0672121 0.0615203 0.0551907 0.0485756 0.0419319 0.0354387 0.029225 0.0233984 0.0180673 0.0133487 0.00935456 0.00616218 0.0037822
 0.0086383 0.0140232 0.0210822 0.0297267 0.0396313 0.0500843 0.05996 0.0679934 0.0732431 0.0753992 0.0747294 0.0718008 0.0672281 0.0615581 0.0552413 0.0486293 0.0419809 0.0354797 0.0292597 0.0234316 0.0181031 0.0133871 0.00939183 0.00619323 0.00380396
 0.00862917 0.0140119 0.0210714 0.0297201 0.039632 0.0500919 0.0599692 0.0679953 0.0732298 0.0753679 0.0746847 0.0717526 0.0671879 0.0615341 0.0552363 0.0486409 0.0420032 0.0355064 0.0292866 0.0234575 0.0181285 0.0134125 0.00941608 0.00621424 0.00381984
 0.00860013 0.0139669 0.021008 0.0296387 0.0395361 0.049989 0.0598706 0.0679137 0.0731757 0.0753449 0.0746894 0.0717773 0.067225 0.0615797 0.0552896 0.048702 0.0420705 0.0355764 0.0293546 0.0235195 0.0181823 0.0134573 0.00945203 0.00624155 0.00383906
 0.00860729 0.013974 0.0210105 0.0296296 0.0395082 0.0499382 0.0597985 0.0678285 0.0730899 0.0752719 0.0746394 0.0717544 0.0672276 0.061602 0.055325 0.0487453 0.0421188 0.0356276 0.0294065 0.0235695 0.0182276 0.013496 0.00948314 0.00626496 0.00385541
 0.00860729 0.013974 0.0210105 0.0296296 0.0395082 0.0499382 0.0597985 0.0678285 0.0730899 0.0752719 0.0746394 0.0717544 0.0672276 0.061602 0.055325 0.0487453 0.0421188 0.0356276 0.0294065 0.0235695 0.0182276 0.013496 0.00948314 0.00626496 0.00385541
 0.0088194 0.0143118 0.0215037 0.0302955 0.0403414 0.050899 0.0608044 0.0687615 0.0738227 0.0757041 0.0747246 0.0715073 0.0667093 0.0608983 0.0545248 0.0479261 0.0413399 0.0349288 0.0288105 0.0230846 0.0178518 0.0132194 0.00929108 0.00614007 0.00377999
 0.00859326 0.0139765 0.021061 0.0297727 0.0397896 0.0503858 0.0604044 0.0685426 0.073828 0.0759351 0.0751358 0.0720188 0.0672334 0.0613642 0.0548933 0.0481892 0.0415112 0.035032 0.0288694 0.0231183 0.0178726 0.0132342 0.00930256 0.00614912 0.00378674
 0.00857612 0.0139189 0.0209213 0.0294991 0.0393404 0.0497575 0.0596532 0.0677812 0.0731947 0.0755482 0.075057 0.0722407 0.0676898 0.0619567 0.0555203 0.0487699 0.0419981 0.0354101 0.029147 0.0233148 0.0180089 0.0133276 0.00936561 0.00619048 0.00381263
 0.00869053 0.0141012 0.0211854 0.0298474 0.0397532 0.0501836 0.0600101 0.0679743 0.0731547 0.0752681 0.0746041 0.0717308 0.0672398 0.0616414 0.0553555 0.0487236 0.0420167 0.0354446 0.0291675 0.0233122 0.0179884 0.0132995 0.00933874 0.00616966 0.00379885
 0.00910128 0.0147648 0.0221731 0.0312126 0.0415085 0.05227 0.0622706 0.0701572 0.0749606 0.0764278 0.0749531 0.0712514 0.066057 0.0599784 0.0534669 0.0468314 0.0402727 0.0339255 0.0278947 0.0222782 0.0171749 0.0126847 0.00889781 0.00587309 0.0036138
 0.00912441 0.014845 0.0223731 0.0316183 0.0422094 0.0533252 0.0636751 0.0718242 0.0767271 0.0780808 0.0762678 0.0720365 0.066199 0.0594724 0.0524181 0.0454234 0.0387141 0.0323983 0.0265241 0.0211279 0.0162616 0.0119962 0.00840639 0.00554356 0.00340819
 0.0088552 0.0144115 0.0217341 0.030754 0.0411441 0.0521534 0.062573 0.0710249 0.0764524 0.0784568 0.0772683 0.0734842 0.0678219 0.0609858 0.0536019 0.0461685 0.0390283 0.0323754 0.0262943 0.0208124 0.0159468 0.011729 0.00820321 0.00540237 0.00331805
 0.0088968 0.014439 0.0217009 0.0305914 0.0407789 0.0515384 0.0617185 0.070016 0.0754443 0.0776448 0.0768384 0.0735553 0.0683999 0.0619533 0.0547527 0.0472759 0.0399153 0.0329573 0.0265804 0.0208747 0.0158777 0.0116083 0.00808284 0.0053067 0.00325249
 0.00858404 0.0139478 0.0209937 0.0296449 0.039588 0.050123 0.0601341 0.0683622 0.0738634 0.0763085 0.0759243 0.0732152 0.0687228 0.0629314 0.0562667 0.0491131 0.0418213 0.0347026 0.0280129 0.0219398 0.016602 0.0120633 0.00834991 0.00545463 0.00333029
 0.00874996 0.0141714 0.0212441 0.0298623 0.0396968 0.0500536 0.059842 0.0678361 0.0731232 0.0754024 0.0749308 0.072246 0.0679156 0.0624245 0.0561589 0.0494252 0.0424808 0.0355635 0.0289056 0.0227246 0.0172023 0.0124684 0.00859301 0.00558532 0.00339362
 0.00877492 0.0142386 0.0213911 0.0301316 0.0401136 0.0505973 0.0604282 0.0683282 0.0733763 0.0753167 0.0744866 0.0715062 0.0670031 0.0614917 0.0553574 0.0488763 0.0422473 0.0356334 0.0291986 0.0231242 0.0175985 0.0127892 0.00881359 0.00571622 0.00346116
 0.0088074 0.0142927 0.0214767 0.0302624 0.0403092 0.0508805 0.0608167 0.0688176 0.0739217 0.0758268 0.0748408 0.0715946 0.0667714 0.0609672 0.0546429 0.0481166 0.0415843 0.0351658 0.0289592 0.023082 0.0176824 0.012922 0.00893838 0.00580635 0.00351441
 0.00902068 0.0146375 0.0219901 0.0309725 0.0412236 0.0519722 0.0620134 0.0700074 0.0749769 0.0766338 0.0753185 0.0716961 0.0664792 0.0602956 0.053649 0.0469062 0.0402995 0.0339545 0.0279384 0.0223114 0.0171606 0.0126034 0.0087605 0.00571292 0.00346623
 0.00893177 0.0145233 0.0218752 0.0309014 0.041252 0.0521511 0.0623725 0.0705446 0.0756549 0.0773842 0.0760533 0.0723218 0.0669132 0.060479 0.053556 0.0465505 0.0397372 0.0332767 0.0272508 0.0217058 0.0166922 0.0122835 0.0085667 0.00560788 0.00341445
