SBPRF35
12.7214
Curr Bio
864121
B35
892632
F35
0.169785
FOFL
0.160684
OFL
111412
Bzero
3.63469e+006
#pred survey bio
 3.56839e+006 3.47666e+006 3.38551e+006 3.22729e+006 3.03369e+006 2.82639e+006 2.59784e+006 2.36398e+006 2.11524e+006 1.89785e+006 1.67851e+006 1.49093e+006 1.31787e+006 1.17738e+006 1.0141e+006 871605 785337 719623 676238 647979 608346 581679 568484 564235 554736 555497 551096 564303 569384 578258 590108 602974 606947 612883 627707 637245 649537 665202 664606 673221 676564 686115 705302 707488 707755 708030 719314 725290 731020 741785 747850 760318 777517 795110 802175 819874 841932 842251 874878 884159 869853 2.98335e+007 1.76693e+007 1.77626e+007 1.84842e+007 1.96496e+007 2.101e+007 2.23706e+007 2.36123e+007 2.46801e+007 2.55618e+007 2.62693e+007 2.68261e+007 2.72584e+007 2.7591e+007 2.78457e+007 2.80401e+007 2.81886e+007 2.83021e+007 2.83891e+007 2.8456e+007 2.85076e+007 2.85477e+007 2.85789e+007 2.86034e+007 2.86226e+007 2.86378e+007 2.86498e+007 2.86593e+007 2.86669e+007 2.8673e+007 2.86779e+007 2.86818e+007 2.8685e+007 2.86876e+007 2.86897e+007 2.86914e+007 2.86927e+007 2.86939e+007 2.86948e+007 2.86955e+007 2.86961e+007 2.86966e+007 2.8697e+007 2.86973e+007 2.86976e+007 2.86978e+007 2.8698e+007 2.86981e+007 2.86983e+007 2.86984e+007 2.86984e+007 2.86985e+007 2.86986e+007 2.86986e+007 2.86986e+007 2.86987e+007 2.86987e+007 2.86987e+007 2.86987e+007 2.86987e+007 2.86988e+007 2.86988e+007 2.86988e+007 2.86988e+007 2.86988e+007 2.86988e+007 2.86988e+007 2.86988e+007 2.86988e+007 2.86988e+007 2.86988e+007 2.86988e+007 2.86988e+007 2.86988e+007 2.86988e+007 2.86988e+007 2.86988e+007 2.86988e+007 2.86988e+007 2.86988e+007 2.86988e+007 2.86988e+007 2.86988e+007 2.86988e+007 2.86988e+007 2.86988e+007 2.86988e+007 2.86988e+007 2.86988e+007 2.86988e+007 2.86988e+007 2.86988e+007 2.86988e+007 2.86988e+007 2.86988e+007 2.86988e+007 2.86988e+007 2.86988e+007 2.86988e+007 2.86988e+007 0 0 0 0 0 0 0 0 0 0 0 0 0 0 0 0 0 0 0 0 0 0 0 0 0
#obs survey bio
 3.01979e+006 3.22876e+006 2.80594e+006 3.99099e+006 4.22915e+006 2.29927e+006 2.69741e+006 2.20243e+006 1.57548e+006 1.11205e+006 1.74321e+006 1.84024e+006 963026 943810 977042 766534 720323 498087 760521 668018 704202 640265 417329 600259 514677 432862 441801 495935 397252 826657 717254 568242 629821 684766 512485 647479 522046 846813 783066 848354 532042 537143 600093 573040 668610 873049 866664 899496 570634 622145 615785 836741 1.04405e+006 687398 909168 831488 782135 985077 944021 762379 1.11671e+006
#pred catch bio
 95513.7 96628.9 162559 203355 227540 261064 281267 310143 296117 309994 290319 282925 256992 276243 253462 200372 179548 157093 141002 146489 130826 116635 108286 112613 104286 109321 95565.6 103605 100367 97311.1 95740 102324 99829.2 92784.8 98563.9 97462.4 96033.7 110417 102607 107762 103514 97057.7 112512 113681 112903 103215 107869 108105 104387 109303 104623 101356 101689 111079 102409 99769.3 118743 91336.3 111928 129678 126635 111412 115577 114956 118177 124927 133245 141606 149157 155533 160673 164678 167721 169988 171652 172859 173727 174345 174784 175093 175310 175463 175569 175643 175695 175731 175756 175773 175785 175793 175799 175803 175805 175807 175808 175809 175810 175810 175811 175811 175811 175811 175811 175811 175811 175811 175811 175811 175811 175811 175811 175811 175811 175811 175811 175811 175811 175811 175811 175811 175811 175811 175811 175811 175811 175811 175811 175811 175811 175811 175811 175811 175811 175811 175811 175811 175811 175811 175811 175811 175811 175811 175811 175811 175811 175811 175811 175811 175811 175811 175811 175811 175811 175811 175811 175811 175811 175811 175811 175811 175811 0 0 0 0 0 0 0 0 0 0 0 0 0 0 0 0 0 0 0 0 0 0 0 0 0
#obs catch bio
 0 96303.4 163134 203734 227648 261800 281625 311063 297148 313085 292855 285235 259158 279449 256278 202204 181491 159482 141686 147935 131267 116784 108467 113126 104837 110619 96260.5 104948 101647 97876.1 95801.3 102210 99415 92320.6 98540.9 97677.4 96218.1 110733 102501 107528 103853 97271.5 112993 114156 113204 103127 107676 107899 104222 109186 104670 101243 101554 111402 102446 99655.9 119502 91102.3 111972 129787 126631
#pred cpue bio
 3.51391e+006 3.42387e+006 3.33435e+006 3.177e+006 2.98395e+006 2.77718e+006 2.54932e+006 2.31625e+006 2.06861e+006 1.85208e+006 1.63411e+006 1.44803e+006 1.27677e+006 1.13784e+006 977167 837269 752559 688263 646133 619001 580900 555314 542595 538320 528874 529374 524941 537692 542759 551743 563843 576880 581060 586946 601300 610437 622316 637579 637095 645535 648696 657803 676440 678693 679126 679601 690783 696736 702349 712779 718592 730770 747794 765206 772165 789468 811108 811536 843592 852984 839632 2.88372e+007 1.70979e+007 1.7064e+007 1.76141e+007 1.87068e+007 2.00466e+007 2.14023e+007 2.2643e+007 2.37105e+007 2.45921e+007 2.52997e+007 2.58565e+007 2.62887e+007 2.66214e+007 2.6876e+007 2.70705e+007 2.7219e+007 2.73324e+007 2.74194e+007 2.74863e+007 2.7538e+007 2.7578e+007 2.76093e+007 2.76337e+007 2.76529e+007 2.76681e+007 2.76801e+007 2.76897e+007 2.76973e+007 2.77034e+007 2.77083e+007 2.77122e+007 2.77154e+007 2.77179e+007 2.772e+007 2.77217e+007 2.77231e+007 2.77242e+007 2.77251e+007 2.77259e+007 2.77265e+007 2.7727e+007 2.77274e+007 2.77277e+007 2.7728e+007 2.77282e+007 2.77284e+007 2.77285e+007 2.77286e+007 2.77287e+007 2.77288e+007 2.77289e+007 2.77289e+007 2.7729e+007 2.7729e+007 2.7729e+007 2.7729e+007 2.77291e+007 2.77291e+007 2.77291e+007 2.77291e+007 2.77291e+007 2.77291e+007 2.77291e+007 2.77291e+007 2.77291e+007 2.77291e+007 2.77291e+007 2.77291e+007 2.77292e+007 2.77292e+007 2.77292e+007 2.77292e+007 2.77292e+007 2.77292e+007 2.77292e+007 2.77292e+007 2.77292e+007 2.77292e+007 2.77292e+007 2.77292e+007 2.77292e+007 2.77292e+007 2.77292e+007 2.77292e+007 2.77292e+007 2.77292e+007 2.77292e+007 2.77292e+007 2.77292e+007 2.77292e+007 2.77292e+007 2.77292e+007 2.77292e+007 2.77292e+007 2.77292e+007 2.77292e+007 2.77292e+007 2.77292e+007 2.77292e+007 0 0 0 0 0 0 0 0 0 0 0 0 0 0 0 0 0 0 0 0 0 0 0 0 0
#obs cpue bio
 3.14376e+006 3.30879e+006 3.37426e+006 2.92414e+006 2.33141e+006 2.64964e+006 2.80024e+006 2.37791e+006 2.14137e+006 2.02882e+006 1.44188e+006 1.20974e+006 1.34638e+006 1.31885e+006 914954 766334 672713 599765 836118 473567 611451 529976 656486 447633 432372 459308 575891 435503 598744 553285 632287 782021 729404 549278 567038 461812 683922 582758 597966 650451 492371 732898 830411 747151 811532 635337 709723 583702 827584 924921 716296 766121 552986 697184 725125 801574 659061 816561 876744 1.04794e+006 657188
#pred surv len freq
 0.00492551 0.00797586 0.0119645 0.0168604 0.0225407 0.0287178 0.0349089 0.0405483 0.045198 0.0486933 0.0511222 0.0527001 0.0536558 0.0541764 0.0543942 0.0543915 0.0542147 0.053877 0.053323 0.0523511 0.0505528 0.0473778 0.0423837 0.0355724 0.0275741
 0.00506243 0.00812293 0.0120509 0.016786 0.0222174 0.0281274 0.0341392 0.0397743 0.0446085 0.0484052 0.0511354 0.0529184 0.0539526 0.0544628 0.0546536 0.0546706 0.0545803 0.0543633 0.0538942 0.0529017 0.0509496 0.0475227 0.042262 0.0352564 0.027182
 0.00524604 0.00841682 0.0124787 0.0173507 0.0228838 0.0288057 0.0346895 0.0400462 0.044511 0.047964 0.0504928 0.0522646 0.0534339 0.0541296 0.0544753 0.0545922 0.05457 0.0544178 0.054008 0.0530347 0.0510253 0.0474635 0.0420348 0.0348954 0.0267695
 0.0054288 0.0087166 0.012935 0.0180019 0.0237581 0.0299047 0.035966 0.0413893 0.0457511 0.0489087 0.0509874 0.0522517 0.0529778 0.0533837 0.0536119 0.0537385 0.0537863 0.0537147 0.0533713 0.0524368 0.0504291 0.0468344 0.0413638 0.0342137 0.0261388
 0.00565223 0.00906994 0.0134493 0.0187021 0.024662 0.0310197 0.0372812 0.0428645 0.0473074 0.050424 0.0523029 0.0531964 0.0534134 0.0532532 0.0529635 0.052706 0.0525351 0.0523852 0.0520501 0.051159 0.0491999 0.0456547 0.0402509 0.0332074 0.0252901
 0.00589078 0.00945092 0.0140099 0.0194727 0.0256609 0.0322461 0.0387075 0.0444346 0.0489441 0.0520391 0.0538011 0.0544705 0.0543417 0.0537141 0.0528693 0.0520397 0.0513651 0.0508451 0.0502948 0.0493242 0.0473857 0.0439344 0.0386875 0.0318611 0.024209
 0.00615397 0.00987199 0.0146312 0.0203296 0.0267765 0.033622 0.0403133 0.0462038 0.0507812 0.0538366 0.0554549 0.055887 0.0554343 0.0543968 0.0530573 0.0516649 0.0504033 0.0493388 0.0483555 0.0471104 0.0450713 0.0416839 0.0366418 0.030128 0.0228515
 0.00644235 0.0103312 0.0153048 0.0212526 0.0279706 0.0350877 0.0420199 0.0480841 0.0527378 0.0557571 0.0572278 0.0574116 0.0566241 0.0551776 0.0533623 0.0514336 0.0495906 0.0479358 0.0464125 0.0447493 0.0424759 0.0390709 0.0342222 0.0280692 0.0212485
 0.00678547 0.010877 0.0161038 0.0223441 0.0293757 0.0367996 0.0439924 0.0502276 0.0549302 0.0578656 0.0591287 0.059002 0.0578233 0.0559235 0.0536058 0.0511331 0.0487115 0.0464613 0.044366 0.0422196 0.0396302 0.0361409 0.0314617 0.0256961 0.0193948
 0.00704374 0.0113001 0.0167467 0.0232602 0.030607 0.0383606 0.0458532 0.0523077 0.057109 0.0600048 0.0610947 0.0606796 0.0591208 0.0567722 0.0539553 0.0509453 0.0479568 0.0451226 0.0424556 0.0398051 0.0368562 0.0332278 0.0286702 0.0232651 0.0174797
 0.00729603 0.0117113 0.0173681 0.0241419 0.0317903 0.0398647 0.0476601 0.0543524 0.0592841 0.0621757 0.0631194 0.0624255 0.0604778 0.0576591 0.0543196 0.0507562 0.0471975 0.0437885 0.0405644 0.0374194 0.0341076 0.0303235 0.0258655 0.0208035 0.0155277
 0.00755132 0.0121145 0.0179539 0.0249372 0.0328132 0.0411214 0.0491383 0.0560156 0.0610698 0.064 0.0648831 0.0640219 0.0618006 0.0586116 0.0548233 0.0507546 0.046656 0.0426939 0.0389312 0.0353048 0.0316315 0.0276752 0.0232816 0.0185156 0.0136999
 0.00783549 0.012567 0.0186167 0.0258419 0.0339743 0.0425273 0.0507423 0.0577362 0.0628056 0.0656514 0.0663689 0.0652812 0.0627849 0.0592753 0.055119 0.0506354 0.0460813 0.0416381 0.0373954 0.0333338 0.0293301 0.0252138 0.0208762 0.0163801 0.0119883
 0.00796744 0.012798 0.0189949 0.0264223 0.0348068 0.0436368 0.0521102 0.0592939 0.0644461 0.0672533 0.0678205 0.0664965 0.0637076 0.0598742 0.0553764 0.0505355 0.0456039 0.0407626 0.0361148 0.0316754 0.0273754 0.0231054 0.018801 0.0145264 0.0104947
 0.00824716 0.0132437 0.0196493 0.0273205 0.0359716 0.0450699 0.0537803 0.0611277 0.0663301 0.0690483 0.0693834 0.0677042 0.0644767 0.060171 0.0552121 0.0499494 0.044642 0.0394638 0.0345117 0.02981 0.0253221 0.0209845 0.0167688 0.012741 0.00907076
 0.00861289 0.0138121 0.0204559 0.0283811 0.0372803 0.0465978 0.0554716 0.0628983 0.0680753 0.0706567 0.0707508 0.0687413 0.0651143 0.0603654 0.0549516 0.0492548 0.0435604 0.0380552 0.0328395 0.0279422 0.0233416 0.0189995 0.0149088 0.011132 0.00780054
 0.00875742 0.0140479 0.0208122 0.0288852 0.037952 0.0474411 0.0564665 0.0639999 0.0692217 0.0717823 0.0717949 0.0696492 0.0658333 0.0608424 0.0551374 0.0491133 0.043078 0.0372454 0.0317422 0.02662 0.0218787 0.0174996 0.0134866 0.00989379 0.00681919
 0.00878396 0.0141024 0.020916 0.0290664 0.0382412 0.0478627 0.0570296 0.0646929 0.0700128 0.0726246 0.0726343 0.070431 0.0665073 0.061364 0.0554664 0.0492135 0.0429205 0.0368167 0.0310517 0.0257063 0.0208097 0.016367 0.0123929 0.00893251 0.00605366
 0.00879049 0.014103 0.0208998 0.0290208 0.0381603 0.0477579 0.0569362 0.0646656 0.0701094 0.0728851 0.0730653 0.071003 0.0671632 0.0620327 0.0560747 0.0496941 0.0432175 0.0368899 0.0308834 0.0253079 0.0202248 0.0156683 0.0116688 0.00826793 0.00550992
 0.00872392 0.0140029 0.0207636 0.0288503 0.0379594 0.0475308 0.0566891 0.0644128 0.0698805 0.072727 0.0730341 0.0711458 0.0674981 0.0625373 0.0566886 0.0503334 0.043793 0.0373242 0.0311229 0.0253314 0.0200476 0.0153394 0.0112596 0.00785368 0.0051506
 0.00882864 0.0141571 0.0209658 0.0290884 0.0382136 0.0477783 0.0569074 0.0645805 0.0699783 0.0727419 0.0729672 0.0710192 0.0673534 0.0624238 0.0566438 0.0503665 0.0438792 0.0374138 0.0311593 0.0252708 0.0198736 0.0150681 0.0109329 0.00752429 0.004864
 0.00903552 0.0144532 0.0213366 0.0294942 0.0385997 0.0480927 0.0571152 0.0646691 0.0699543 0.0726241 0.0727801 0.0707893 0.0671081 0.0621912 0.0564514 0.0502352 0.0438148 0.0374003 0.0311618 0.0252479 0.0197941 0.0149235 0.0107399 0.00731525 0.0046728
 0.00921825 0.0147288 0.0217099 0.0299514 0.0391072 0.0485988 0.0575554 0.0649766 0.0700782 0.0725475 0.0725282 0.0704192 0.0666881 0.061781 0.0560922 0.0499496 0.0436096 0.0372682 0.0310823 0.0251912 0.0197303 0.0148336 0.0106223 0.007184 0.00454816
 0.00926732 0.0148144 0.0218488 0.0301609 0.039399 0.0489694 0.0579782 0.065401 0.070439 0.0727829 0.0725972 0.0703142 0.0664361 0.0614342 0.0557124 0.049591 0.0433085 0.0370395 0.0309216 0.0250806 0.0196461 0.0147552 0.0105391 0.00709716 0.00446628
 0.00938307 0.0149905 0.0220918 0.0304702 0.0397685 0.0493902 0.0584377 0.0658792 0.0709033 0.0731869 0.0728865 0.0704391 0.0663672 0.0611748 0.0552996 0.0490865 0.0427807 0.0365463 0.0304995 0.0247418 0.0193846 0.0145553 0.0103848 0.00697713 0.0043748
 0.00935641 0.0149582 0.0220636 0.0304617 0.0397971 0.0494689 0.0585702 0.0660598 0.0711215 0.0734302 0.07314 0.0706809 0.0665663 0.0612962 0.0553164 0.048992 0.0425936 0.0363039 0.0302444 0.0245081 0.0191905 0.014404 0.0102707 0.00689235 0.00431293
 0.00938984 0.0150084 0.0221318 0.0305476 0.0399005 0.0495915 0.0587157 0.0662315 0.0713172 0.0736398 0.073346 0.0708622 0.066703 0.0613713 0.0553166 0.0489096 0.0424306 0.0360761 0.0299798 0.02424 0.0189475 0.0142036 0.0101178 0.00678301 0.00423908
 0.00921728 0.0147491 0.0217814 0.0301173 0.039415 0.0490856 0.0582315 0.0658168 0.0710211 0.0735044 0.0733954 0.0710952 0.0670908 0.0618635 0.0558513 0.0494261 0.0428801 0.0364288 0.0302277 0.0243938 0.0190296 0.0142389 0.0101271 0.00678019 0.00423204
 0.00903065 0.0144719 0.0214134 0.029676 0.0389322 0.0485994 0.0577805 0.0654364 0.0707419 0.0733492 0.0733771 0.0712163 0.0673434 0.0622282 0.0562965 0.0499098 0.0433557 0.036854 0.0305733 0.0246486 0.0191992 0.0143401 0.0101807 0.00680463 0.0042409
 0.00883589 0.0141642 0.0209683 0.0290811 0.0381938 0.0477511 0.0568883 0.064594 0.0700503 0.0728902 0.073194 0.0713097 0.0676819 0.0627624 0.0569696 0.0506623 0.0441282 0.037591 0.0312282 0.0251903 0.0196156 0.0146374 0.0103774 0.00692531 0.00430933
 0.00877015 0.0140388 0.0207457 0.0287157 0.0376445 0.0470003 0.0559605 0.0635618 0.0690244 0.0719953 0.0725418 0.0709771 0.0676979 0.0631072 0.0575842 0.051465 0.0450302 0.0385085 0.0320898 0.0259428 0.0202275 0.0150998 0.0107014 0.0071352 0.00443461
 0.00872899 0.0139703 0.0206383 0.0285539 0.0374071 0.0466613 0.0554943 0.0629546 0.0682883 0.0711802 0.0717355 0.0702901 0.0672359 0.0629433 0.0577412 0.0519131 0.0456988 0.039305 0.0329193 0.0267234 0.0209003 0.0156335 0.0110913 0.00739683 0.00459548
 0.00878098 0.014045 0.0207322 0.028656 0.0375002 0.0467237 0.0555011 0.0628782 0.0681007 0.0708599 0.0712802 0.0697284 0.066633 0.062391 0.0573347 0.051723 0.0457504 0.0395734 0.0333412 0.0272174 0.0213891 0.0160596 0.0114241 0.00763146 0.00474505
 0.00888701 0.0141975 0.0209244 0.0288684 0.0377047 0.0468915 0.055609 0.0629104 0.0680472 0.0707141 0.0710383 0.0693923 0.0662165 0.0619274 0.0568792 0.0513442 0.0455117 0.0395115 0.0334529 0.0274618 0.021703 0.0163788 0.0117006 0.00784131 0.00488636
 0.00887252 0.014182 0.0209153 0.0288756 0.0377358 0.0469449 0.0556701 0.0629546 0.0680493 0.0706586 0.0709236 0.0692278 0.0660155 0.0617033 0.0566486 0.051132 0.0453527 0.0394418 0.0334952 0.0276127 0.0219322 0.0166394 0.0119466 0.00804118 0.00502856
 0.00883606 0.0141326 0.0208595 0.0288267 0.037711 0.0469603 0.0557351 0.0630666 0.068192 0.0708035 0.0710363 0.0692783 0.065987 0.0615965 0.0564798 0.0509288 0.045149 0.0392739 0.0333943 0.0275962 0.0219963 0.0167604 0.0120901 0.00817547 0.00513407
 0.00878389 0.0140495 0.0207384 0.0286641 0.0375103 0.0467354 0.055512 0.0628808 0.0680787 0.0707849 0.0711124 0.0694256 0.0661667 0.0617674 0.0566111 0.0510077 0.045182 0.0392819 0.0334048 0.0276328 0.0220702 0.016867 0.0122121 0.00829178 0.00522863
 0.00865271 0.0138538 0.0204766 0.0283459 0.0371537 0.0463619 0.055144 0.0625426 0.0677983 0.070593 0.0710364 0.0694806 0.0663474 0.0620461 0.0569443 0.0513489 0.045495 0.0395494 0.0336278 0.0278239 0.0222431 0.0170286 0.0123602 0.00841868 0.0053272
 0.00869859 0.0139148 0.0205436 0.0284028 0.0371826 0.0463508 0.0550924 0.0624602 0.0676988 0.0704879 0.070933 0.0693856 0.0662701 0.0619979 0.0569319 0.0513697 0.0455371 0.0395977 0.0336722 0.027863 0.022282 0.0170726 0.0124104 0.0084705 0.00537388
 0.00874851 0.0139828 0.0206209 0.028472 0.0372207 0.0463355 0.0550093 0.0623077 0.0674904 0.0702501 0.0707001 0.0691902 0.0661356 0.0619345 0.0569381 0.0514354 0.0456465 0.0397321 0.0338132 0.0279965 0.0224007 0.0171746 0.0124961 0.00854047 0.00542786
 0.00879886 0.014067 0.0207511 0.028658 0.0374642 0.0466234 0.0553083 0.0625685 0.0676607 0.0702925 0.0706053 0.0689793 0.0658513 0.0616263 0.0566498 0.0511961 0.0454691 0.0396154 0.0337471 0.0279673 0.0223955 0.0171839 0.0125132 0.00856058 0.00544736
 0.00873993 0.0139839 0.0206499 0.0285539 0.0373791 0.0465801 0.0553245 0.0626506 0.0677989 0.0704601 0.0707639 0.0690908 0.0658916 0.0615944 0.0565657 0.0510916 0.0453745 0.0395509 0.0337192 0.0279717 0.0224218 0.0172209 0.0125519 0.00859519 0.00547496
 0.00858768 0.0137503 0.0203255 0.0281414 0.036896 0.0460595 0.0548156 0.062214 0.0674949 0.0703319 0.0708232 0.0693142 0.0662289 0.0619849 0.0569568 0.0514503 0.0456903 0.039828 0.0339668 0.0281953 0.022621 0.0173912 0.0126889 0.00869776 0.00554578
 0.00852923 0.0136624 0.0202061 0.027993 0.0367239 0.0458707 0.0546177 0.0620174 0.0673149 0.0701888 0.0707395 0.0693071 0.0663035 0.0621296 0.0571459 0.0516527 0.04588 0.0399918 0.0341037 0.0283112 0.0227219 0.0174795 0.0127637 0.00875693 0.00558876
 0.0084865 0.0135947 0.0201077 0.0278607 0.0365581 0.0456771 0.0544084 0.0618097 0.0671274 0.0700377 0.070636 0.0692591 0.0663164 0.0622057 0.0572806 0.0518324 0.0460837 0.0401966 0.0342921 0.0284742 0.0228576 0.0175897 0.0128506 0.00882233 0.00563483
 0.00849869 0.013605 0.0201058 0.027831 0.0364843 0.0455484 0.0542258 0.0615871 0.0668892 0.0698114 0.0704467 0.0691253 0.0662485 0.062207 0.0573483 0.0519581 0.0462534 0.0403918 0.0344924 0.0286618 0.0230208 0.0177229 0.0129534 0.00889719 0.00568588
 0.008467 0.0135516 0.0200216 0.027706 0.0363085 0.0453152 0.0539359 0.0612518 0.0665316 0.0694649 0.0701497 0.0689137 0.066148 0.0622277 0.057484 0.0521898 0.0465543 0.0407315 0.0348409 0.0289922 0.0233122 0.0179627 0.0131374 0.00902866 0.00577294
 0.00848177 0.0135722 0.020046 0.0277289 0.0363217 0.0453079 0.0538955 0.0611666 0.0663932 0.0692732 0.069916 0.0686618 0.0659109 0.0620401 0.0573744 0.0521731 0.046629 0.040882 0.0350419 0.0292149 0.0235299 0.0181548 0.013292 0.00914254 0.0058497
 0.008527 0.0136374 0.0201287 0.027821 0.0364114 0.0453826 0.0539441 0.06118 0.0663641 0.069196 0.0697886 0.0684883 0.0657043 0.061823 0.0571757 0.052022 0.0465472 0.0408775 0.0351075 0.0293313 0.0236715 0.0182971 0.0134166 0.00923955 0.00591752
 0.00851554 0.013623 0.0201145 0.027812 0.0364118 0.0453928 0.053959 0.0611898 0.066358 0.0691665 0.0697335 0.0684099 0.0656076 0.0617155 0.0570683 0.0519297 0.0464871 0.0408642 0.0351471 0.0294181 0.0237897 0.0184257 0.013536 0.0093368 0.00598776
 0.00845142 0.0135347 0.020011 0.0277118 0.0363383 0.0453657 0.0539871 0.061268 0.0664693 0.069287 0.0698384 0.0684791 0.0656302 0.0616908 0.0570053 0.0518441 0.0463987 0.0407928 0.0351085 0.0294197 0.0238282 0.0184889 0.0136079 0.00940313 0.00603989
 0.00832926 0.0133457 0.0197455 0.0273703 0.0359342 0.0449282 0.0535616 0.0609101 0.0662316 0.0692017 0.0699071 0.0686741 0.065906 0.0619997 0.0573087 0.052119 0.0466375 0.0409997 0.0352932 0.0295915 0.0239914 0.018641 0.0137418 0.00951164 0.00611963
 0.00829485 0.0132744 0.0196104 0.0271382 0.035576 0.0444339 0.0529542 0.0602486 0.0656001 0.0686885 0.0695827 0.0685757 0.0660311 0.0623104 0.0577447 0.0526149 0.0471382 0.0414683 0.0357118 0.0299554 0.0243016 0.0188993 0.0139488 0.00966836 0.00622965
 0.00828235 0.0132527 0.019574 0.0270778 0.0354763 0.0442734 0.0527082 0.0598992 0.0651489 0.0681686 0.0690589 0.0681306 0.0657409 0.0622218 0.0578628 0.0529055 0.0475429 0.0419236 0.0361646 0.03037 0.0246594 0.0191933 0.0141789 0.00983843 0.00634686
 0.00827185 0.013244 0.019576 0.0271028 0.0355348 0.0443665 0.0528206 0.0599979 0.0651898 0.0681095 0.0688764 0.0678331 0.0653728 0.0618533 0.0575679 0.0527381 0.0475209 0.042029 0.0363562 0.030601 0.0248908 0.0193994 0.0143469 0.00996515 0.00643522
 0.00822617 0.0131668 0.0194555 0.0269288 0.0353044 0.0440907 0.0525278 0.0597287 0.0649825 0.0679835 0.068823 0.0678223 0.0653707 0.061842 0.0575558 0.0527549 0.0476009 0.0421923 0.0365976 0.0308929 0.0251947 0.0196798 0.01458 0.0101413 0.00655673
 0.00811842 0.0130049 0.0192358 0.0266558 0.0349878 0.0437419 0.0521595 0.0593581 0.0646357 0.0676946 0.0686269 0.0677416 0.065406 0.0619716 0.0577477 0.0529831 0.0478552 0.0424754 0.0369133 0.0312342 0.0255407 0.0200023 0.0148537 0.010352 0.00670375
 0.00812399 0.0130127 0.0192453 0.0266658 0.0349968 0.043748 0.05216 0.059348 0.0646069 0.0676375 0.0685357 0.0676195 0.0652673 0.061837 0.0576358 0.052905 0.0478155 0.0424767 0.0369584 0.0313232 0.0256659 0.0201468 0.0149965 0.0104749 0.00679673
 0.00795222 0.0127449 0.0188645 0.0261656 0.0343849 0.0430499 0.0514218 0.0586349 0.0639923 0.0671864 0.0682887 0.0675864 0.0654302 0.0621607 0.0580785 0.0534262 0.0483798 0.0430544 0.0375257 0.0318606 0.0261565 0.020575 0.015349 0.0107448 0.00698641
 0.00765189 0.0123138 0.0183208 0.025561 0.0337873 0.0425174 0.050984 0.0582917 0.0637291 0.0669923 0.0681666 0.067551 0.0654987 0.0623418 0.0583675 0.0538059 0.0488248 0.043537 0.038019 0.0323404 0.0266013 0.0209664 0.015673 0.0109943 0.00716309
 0.00719578 0.0116374 0.0174261 0.0244981 0.0326474 0.0414155 0.050039 0.0576066 0.0633682 0.066962 0.0684144 0.0679887 0.0660382 0.0629228 0.0589638 0.0544132 0.0494441 0.0441633 0.0386382 0.0329318 0.027142 0.0214355 0.0160558 0.0112852 0.00736697
#obs surv len freq
 nan nan nan nan nan nan nan nan nan nan nan nan nan nan nan nan nan nan nan nan nan nan nan nan nan
 0.00448175 0.00734178 0.0111706 0.0159861 0.0216866 0.0279626 0.0342774 0.0400096 0.0446902 0.0481551 0.050514 0.0520109 0.052904 0.0534172 0.0537321 0.0539875 0.0542664 0.0545594 0.0546982 0.0542902 0.0527282 0.0493601 0.0438094 0.0362889 0.0276719
 0.00461777 0.00756309 0.0115037 0.0164549 0.0223065 0.0287319 0.0351687 0.0409664 0.0456347 0.0490031 0.0511905 0.0524613 0.0531 0.0533571 0.0534371 0.0534941 0.0536175 0.0537971 0.0538614 0.0534154 0.0518538 0.0485289 0.0430657 0.0356703 0.0271991
 0.00477583 0.00782497 0.0119068 0.0170369 0.023097 0.0297397 0.036369 0.0422962 0.0470004 0.0502973 0.0523095 0.0533168 0.0536275 0.0535208 0.0532318 0.0529433 0.0527671 0.0527067 0.0525972 0.0520477 0.0504582 0.0471862 0.0418564 0.0346608 0.0264261
 0.00496684 0.00813499 0.0123728 0.0176939 0.023973 0.0308462 0.03769 0.0437818 0.0485698 0.0518494 0.0537353 0.0545109 0.0544969 0.0539934 0.0532635 0.0525219 0.0519135 0.0514718 0.0510575 0.0503007 0.048619 0.0453818 0.0402121 0.0332788 0.0253641
 0.00517347 0.00847375 0.0128878 0.0184278 0.0249585 0.0320931 0.0391723 0.0454344 0.0502989 0.0535507 0.0553085 0.0558648 0.0555484 0.0546664 0.0534932 0.0522623 0.0511469 0.0502168 0.0493742 0.0482925 0.0464289 0.0431801 0.0381732 0.0315477 0.0240253
 0.00539415 0.00883609 0.0134399 0.0192171 0.0260227 0.0334461 0.0407896 0.0472467 0.0522017 0.0554243 0.0570374 0.0573496 0.0567079 0.0554345 0.0538137 0.0520875 0.0504418 0.0489718 0.047621 0.0461191 0.0439846 0.0406641 0.0358023 0.0295101 0.0224365
 0.00564255 0.00924062 0.0140502 0.0200801 0.0271744 0.0348981 0.0425143 0.049172 0.0542199 0.0574112 0.0588719 0.0589252 0.0579377 0.0562507 0.0541642 0.0519307 0.0497447 0.0477166 0.0458222 0.0438459 0.0413779 0.0379328 0.0331895 0.0272377 0.0206488
 0.00589347 0.00965251 0.0146773 0.0209752 0.0283781 0.0364226 0.0443266 0.0511892 0.0563219 0.0594648 0.0607526 0.0605286 0.0591811 0.0570706 0.054512 0.0517681 0.0490417 0.0464549 0.0440095 0.0415395 0.0387072 0.0351031 0.0304529 0.0248343 0.0187425
 0.00613071 0.010042 0.0152709 0.021824 0.0295235 0.0378807 0.0460726 0.0531502 0.0583861 0.0615017 0.0626341 0.062143 0.0604394 0.0579067 0.054879 0.0516321 0.0483769 0.0452453 0.0422605 0.039301 0.0360973 0.0323161 0.0277357 0.0224292 0.0168212
 0.00635778 0.0104177 0.0158484 0.0226568 0.0306549 0.0393268 0.0478051 0.0550913 0.0604198 0.0634968 0.0644655 0.063704 0.0616453 0.0586949 0.0552056 0.051468 0.0477025 0.0440506 0.0405542 0.0371301 0.033571 0.0296159 0.0250955 0.0200829 0.0149388
 0.00659603 0.0108045 0.0164297 0.0234758 0.0317445 0.0406977 0.0494326 0.0569086 0.062325 0.0653703 0.0661881 0.0651706 0.0627719 0.0594203 0.0554894 0.0512854 0.0470393 0.042902 0.0389324 0.0350813 0.0311963 0.0270815 0.0226164 0.0178762 0.0131642
 0.00682939 0.0111875 0.0170126 0.0243064 0.0328574 0.0420985 0.0510823 0.0587207 0.0641806 0.0671436 0.0677682 0.0664708 0.0637293 0.0599916 0.0556466 0.0510123 0.0463283 0.0417543 0.0373639 0.0331375 0.0289706 0.0247242 0.0203209 0.0158372 0.0115251
 0.0070333 0.0115259 0.0175346 0.0250616 0.0338857 0.0434131 0.0526527 0.0604672 0.0659848 0.0688724 0.0692975 0.0677021 0.0645965 0.060459 0.0557026 0.0506592 0.0455753 0.0406145 0.0358605 0.0313169 0.0269183 0.022574 0.0182419 0.0139989 0.0100514
 0.00727286 0.0119122 0.0181101 0.0258637 0.0349399 0.0447214 0.0541819 0.0621429 0.0677001 0.0705049 0.0707296 0.068835 0.0653597 0.0608135 0.0556389 0.0501906 0.044728 0.0394208 0.0343588 0.0295609 0.0249903 0.0205926 0.0163526 0.0123447 0.00873414
 0.0074368 0.0121877 0.0185409 0.0264951 0.0358076 0.0458359 0.0555129 0.0636167 0.0692128 0.0719453 0.0719981 0.0698525 0.0660677 0.0611732 0.0556309 0.0498145 0.0440005 0.0383723 0.0330322 0.0280144 0.0233047 0.0188749 0.0147275 0.0109309 0.00761394
 0.00753292 0.0123455 0.0187821 0.0268432 0.0362863 0.0464641 0.056298 0.0645467 0.0702517 0.0730338 0.0730599 0.0708051 0.0668342 0.0616925 0.0558613 0.0497344 0.0436064 0.0376782 0.03207 0.0268361 0.0219852 0.0175111 0.0134285 0.00979761 0.00671511
 0.0075965 0.0124441 0.0189221 0.0270287 0.0365207 0.0467519 0.0566456 0.0649616 0.0707403 0.0735968 0.0736861 0.0714658 0.0674815 0.0622639 0.0562902 0.0499618 0.043591 0.0374014 0.0315386 0.026084 0.0210735 0.0165239 0.0124617 0.00894004 0.00602822
 0.0076398 0.0125094 0.0190109 0.0271393 0.0366486 0.0468923 0.056795 0.0651204 0.0709146 0.0737994 0.0739335 0.0717713 0.0678456 0.0626665 0.0566885 0.0502969 0.0438 0.0374324 0.0313628 0.0257041 0.0205255 0.0158724 0.0117875 0.00832143 0.00552209
 0.00772699 0.0126384 0.019181 0.0273409 0.0368659 0.0471066 0.0569889 0.0652802 0.0710329 0.0738777 0.0739841 0.0718152 0.067907 0.062763 0.0568225 0.0504493 0.0439318 0.0374938 0.0313087 0.0255091 0.0201947 0.0154426 0.0113173 0.00787417 0.00514741
 0.00775812 0.0126908 0.0192627 0.0274589 0.0370222 0.0472944 0.0571897 0.0654666 0.0711775 0.0739632 0.0740102 0.0717978 0.0678717 0.0627366 0.0568245 0.0504855 0.04399 0.037545 0.0313149 0.0254366 0.0200284 0.0151934 0.0110201 0.00757476 0.00488655
 0.00781658 0.0127775 0.0193778 0.0275978 0.0371778 0.0474597 0.0573591 0.0656342 0.0713335 0.0740929 0.0740966 0.0718286 0.0678455 0.0626659 0.0567315 0.0503935 0.0439137 0.0374841 0.031254 0.0253527 0.0199024 0.0150214 0.0108162 0.007366 0.0047009
 0.00783518 0.0128091 0.0194277 0.0276706 0.0372753 0.0475786 0.0574892 0.0657609 0.0714429 0.0741767 0.0741532 0.07186 0.0678533 0.0626504 0.0566942 0.0503402 0.0438532 0.0374238 0.0311942 0.0252858 0.0198176 0.0149123 0.0106871 0.00723098 0.00457759
 0.00788264 0.0128766 0.0195115 0.0277619 0.0373634 0.0476556 0.0575535 0.0658157 0.0714922 0.0742215 0.0741904 0.0718846 0.0678614 0.0626407 0.0566679 0.0502996 0.043802 0.0373658 0.0311322 0.0252196 0.0197443 0.0148293 0.0105958 0.00713833 0.0044934
 0.00789304 0.0128954 0.0195427 0.027809 0.0374273 0.0477313 0.0576296 0.0658773 0.0715275 0.0742276 0.074175 0.0718606 0.0678404 0.0626275 0.056661 0.050294 0.0437929 0.0373501 0.0311086 0.0251875 0.0197032 0.0147795 0.0105394 0.00708012 0.00443966
 0.00790686 0.0129151 0.0195675 0.027837 0.0374566 0.0477615 0.057662 0.0659133 0.071566 0.0742634 0.0742007 0.0718704 0.0678339 0.0626099 0.0566394 0.0502738 0.0437753 0.0373334 0.0310897 0.0251639 0.0196736 0.014744 0.0104999 0.00703997 0.00440303
 0.00788804 0.0128839 0.0195195 0.0277683 0.0373648 0.0476482 0.0575345 0.0657854 0.0714553 0.0741875 0.0741712 0.0718904 0.067897 0.0627035 0.0567496 0.0503887 0.0438864 0.0374345 0.0311762 0.025232 0.0197213 0.0147716 0.0105103 0.00703784 0.00439398
 0.00790759 0.0129068 0.0195377 0.0277687 0.0373332 0.0475746 0.0574183 0.0656366 0.0712926 0.074033 0.0740463 0.0718115 0.0678729 0.0627341 0.0568262 0.0504969 0.04401 0.0375591 0.0312905 0.0253287 0.0197964 0.0148241 0.0105422 0.00705343 0.00439862
 0.00788248 0.0128692 0.0194866 0.0277043 0.0372553 0.0474811 0.0573053 0.0655011 0.0711366 0.0738676 0.0738912 0.0716907 0.0678076 0.0627365 0.0568963 0.0506238 0.0441751 0.0377412 0.0314699 0.0254899 0.0199297 0.0149255 0.0106126 0.00709751 0.00442302
 0.00785016 0.0128145 0.0194008 0.0275793 0.0370864 0.0472719 0.0570699 0.0652623 0.0709196 0.0736921 0.0737678 0.0716227 0.0677959 0.0627821 0.0569997 0.050781 0.0443756 0.0379678 0.0317019 0.0257075 0.0201175 0.0150747 0.0107215 0.00717021 0.00446704
 0.00785193 0.0128119 0.0193867 0.027543 0.0370163 0.0471589 0.0569118 0.0650665 0.0707028 0.0734772 0.0735794 0.0714814 0.0677144 0.0627645 0.0570437 0.0508805 0.0445216 0.038148 0.0319005 0.0259063 0.0202993 0.0152267 0.0108376 0.00725093 0.00451794
 0.00783882 0.0127931 0.0193628 0.0275151 0.0369845 0.0471202 0.0568592 0.0649912 0.0705979 0.0733435 0.0734268 0.0713287 0.0675837 0.0626756 0.0570091 0.0509038 0.0445987 0.0382688 0.0320508 0.0260694 0.0204581 0.0153669 0.0109498 0.00733226 0.0045712
 0.00779614 0.0127237 0.0192586 0.0273701 0.0367974 0.0468977 0.0566182 0.0647562 0.0703946 0.0731899 0.0733296 0.0712848 0.0675865 0.0627204 0.0570943 0.0510293 0.0447619 0.0384627 0.0322636 0.0262861 0.0206627 0.0155453 0.0110927 0.00743689 0.00464082
 0.00777823 0.01269 0.0191995 0.027274 0.0366536 0.0467014 0.0563751 0.0644843 0.0701219 0.0729478 0.0731456 0.0711763 0.0675585 0.0627662 0.0572011 0.0511828 0.0449499 0.0386748 0.032489 0.0265122 0.0208757 0.0157321 0.011244 0.00754922 0.00471674
 0.00773118 0.0126157 0.0190916 0.0271276 0.036466 0.0464728 0.0561105 0.0641955 0.0698277 0.0726732 0.0729185 0.0710224 0.067496 0.0628018 0.0573281 0.0513842 0.0452035 0.0389576 0.0327808 0.0267953 0.0211348 0.015955 0.0114227 0.00768137 0.0048062
 0.00770106 0.0125636 0.0190078 0.0270017 0.0362898 0.046245 0.0558402 0.0639017 0.0695353 0.072407 0.0726986 0.0708645 0.0674118 0.0627997 0.057411 0.0515473 0.0454331 0.0392332 0.0330783 0.0270913 0.021409 0.0161918 0.0116128 0.00782239 0.00490205
 0.00769286 0.01255 0.0189864 0.0269693 0.0362417 0.0461748 0.055741 0.0637686 0.0693688 0.0722148 0.0724967 0.0706735 0.067253 0.0626912 0.057366 0.0515723 0.0455273 0.0393875 0.0332762 0.0273113 0.0216285 0.0163914 0.0117788 0.00794854 0.00498942
 0.00767296 0.0125214 0.0189503 0.0269288 0.0362009 0.0461364 0.0557044 0.0637298 0.0693206 0.0721499 0.0724105 0.0705672 0.0671356 0.0625782 0.0572759 0.0515226 0.0455296 0.0394454 0.033384 0.0274551 0.0217892 0.0165491 0.0119171 0.00805778 0.00506719
 0.00764799 0.0124818 0.0188926 0.0268515 0.0361051 0.0460275 0.0555926 0.063628 0.0692408 0.072098 0.0723838 0.0705565 0.0671298 0.0625704 0.0572669 0.0515205 0.0455463 0.0394917 0.0334645 0.0275661 0.0219195 0.0166828 0.012039 0.00815707 0.0051396
 0.00762353 0.0124441 0.0188398 0.0267831 0.036022 0.0459324 0.0554897 0.0635243 0.0691452 0.0720205 0.0723325 0.0705349 0.0671354 0.0625955 0.0573025 0.0515606 0.0455908 0.0395451 0.0335329 0.0276523 0.0220202 0.016789 0.0121392 0.00824145 0.00520294
 0.00760846 0.0124189 0.0188007 0.0267265 0.0359459 0.0458374 0.0553811 0.0634111 0.0690386 0.0719308 0.0722674 0.0704987 0.0671292 0.0626172 0.0573471 0.051621 0.0456605 0.0396203 0.0336129 0.027738 0.0221108 0.0168805 0.0122248 0.00831407 0.00525834
 0.00757381 0.0123678 0.0187335 0.0266465 0.0358581 0.0457466 0.0552904 0.0633226 0.068955 0.0718562 0.0722077 0.0704602 0.0671168 0.062633 0.0573895 0.0516857 0.0457412 0.0397105 0.0337075 0.0278333 0.0222041 0.0169686 0.0123037 0.00837965 0.00530807
 0.00757763 0.0123654 0.0187144 0.0265969 0.0357657 0.0456078 0.0551155 0.0631342 0.0687805 0.0717182 0.0721176 0.070419 0.0671192 0.062672 0.0574588 0.0517792 0.0458524 0.0398324 0.0338329 0.0279557 0.0223183 0.0170705 0.0123898 0.00844799 0.00535818
 0.00757598 0.0123659 0.0187203 0.0266113 0.0357885 0.0456321 0.0551265 0.063114 0.0687164 0.071611 0.0719838 0.0702837 0.0670066 0.0625974 0.0574267 0.0517864 0.0458916 0.0398953 0.033911 0.0280412 0.0224038 0.0171499 0.0124585 0.00850312 0.00539887
 0.00754666 0.0123215 0.0186601 0.0265373 0.0357062 0.0455497 0.0550533 0.0630576 0.068679 0.0715875 0.0719644 0.0702601 0.066978 0.0625717 0.057416 0.0518008 0.0459348 0.0399642 0.0339982 0.0281374 0.0224999 0.0172382 0.0125337 0.0085621 0.00544143
 0.00752728 0.0122915 0.0186177 0.0264823 0.03564 0.0454758 0.0549781 0.0629892 0.068626 0.071556 0.0719551 0.0702676 0.0669933 0.0625866 0.057428 0.0518134 0.0459554 0.0399993 0.0340497 0.0282021 0.0225712 0.0173083 0.0125959 0.00861224 0.00547814
 0.00753085 0.0122932 0.0186126 0.0264638 0.0356014 0.045414 0.0548954 0.0628946 0.0685322 0.0714761 0.0718988 0.0702398 0.0669928 0.0626075 0.0574621 0.0518536 0.0459984 0.0400455 0.0341013 0.0282601 0.0226335 0.0173702 0.0126519 0.00865818 0.00551214
 0.00749447 0.0122399 0.0185431 0.0263818 0.035512 0.0453209 0.0548 0.0627969 0.068434 0.0713835 0.0718223 0.0701915 0.0669817 0.0626363 0.0575262 0.0519432 0.046102 0.0401535 0.0342076 0.0283611 0.0227269 0.0174535 0.0127222 0.00871332 0.00555183
 0.00751548 0.012268 0.0185745 0.0264096 0.035529 0.0453227 0.0547872 0.0627738 0.0684052 0.0713502 0.0717823 0.0701424 0.0669256 0.0625803 0.0574801 0.0519151 0.0460951 0.0401661 0.0342348 0.0283976 0.0227679 0.0174948 0.0127604 0.00874552 0.00557642
 0.0074782 0.012214 0.0185051 0.0263297 0.0354447 0.0452385 0.0547048 0.0626931 0.0683277 0.0712812 0.0717302 0.0701149 0.0669257 0.0626063 0.0575271 0.0519784 0.0461713 0.040252 0.0343266 0.0284901 0.0228556 0.0175728 0.0128251 0.00879544 0.00561191
 0.0074782 0.012214 0.0185051 0.0263297 0.0354447 0.0452385 0.0547048 0.0626931 0.0683277 0.0712812 0.0717302 0.0701149 0.0669257 0.0626063 0.0575271 0.0519784 0.0461713 0.040252 0.0343266 0.0284901 0.0228556 0.0175728 0.0128251 0.00879544 0.00561191
 0.00738515 0.0120609 0.0182724 0.0260014 0.0350151 0.0447217 0.0541406 0.0621441 0.0678635 0.0709585 0.0715788 0.0701356 0.0670978 0.062897 0.0578993 0.052396 0.0466028 0.0406722 0.034717 0.0288378 0.0231519 0.0178133 0.0130094 0.00892772 0.00569995
 0.00728927 0.0119003 0.0180223 0.0256364 0.0345162 0.044086 0.0533926 0.0613394 0.067083 0.0702927 0.0711084 0.0699147 0.0671437 0.0631898 0.0583902 0.0530207 0.0472953 0.0413742 0.0353824 0.0294341 0.0236587 0.018221 0.0133184 0.00914657 0.00584365
 0.00730462 0.0119168 0.0180307 0.0256205 0.0344538 0.0439525 0.053166 0.0610066 0.0666473 0.0697799 0.0705687 0.0694163 0.0667588 0.0629761 0.0583766 0.0532011 0.0476332 0.0418153 0.035868 0.0299121 0.0240901 0.0185817 0.0135984 0.00934789 0.00597711
 0.00730615 0.0119247 0.0180518 0.0256625 0.0345204 0.0440375 0.0532479 0.0610508 0.0666143 0.0696386 0.0703091 0.0690567 0.0663453 0.0625738 0.0580541 0.0530125 0.0476038 0.0419368 0.0361046 0.0302135 0.0244055 0.0188707 0.0138361 0.00952531 0.0060975
 0.00720888 0.0117742 0.0178403 0.0253903 0.034198 0.0436869 0.0529025 0.0607492 0.0663884 0.0695011 0.070248 0.0690427 0.0663479 0.0625782 0.0580685 0.0530643 0.0477254 0.0421488 0.0364044 0.0305744 0.0247859 0.0192273 0.0141364 0.00975351 0.00625434
 0.00719315 0.0117416 0.0177786 0.0252844 0.0340344 0.0434609 0.0526244 0.0604455 0.0660963 0.0692579 0.0700799 0.0689574 0.0663342 0.0626127 0.0581286 0.0531398 0.0478227 0.0422849 0.0365938 0.0308168 0.0250626 0.0195074 0.0143881 0.00995516 0.00639862
 0.00721954 0.011784 0.0178408 0.025367 0.0341326 0.043561 0.0527034 0.0604755 0.066055 0.0691389 0.0698978 0.0687429 0.0661221 0.0624292 0.0579859 0.0530383 0.0477601 0.0422626 0.0366177 0.0308912 0.0251824 0.0196559 0.0145415 0.0100911 0.0065035
 0.00711223 0.011623 0.0176239 0.0251021 0.0338366 0.0432568 0.0524164 0.0602299 0.065868 0.0690171 0.0698368 0.0687329 0.0661548 0.0625021 0.0580995 0.0531921 0.0479488 0.042478 0.0368515 0.0311359 0.0254298 0.019894 0.0147555 0.0102674 0.00663494
 0.0071623 0.0116914 0.0177028 0.025177 0.0338906 0.0432784 0.0524046 0.0601933 0.0658194 0.0689657 0.0697835 0.068672 0.066079 0.0624092 0.0579958 0.0530911 0.0478666 0.0424277 0.03684 0.0311637 0.0254913 0.0199789 0.0148499 0.0103571 0.00670903
 0.00720673 0.0117721 0.0178386 0.0253871 0.0341856 0.0436488 0.0528133 0.0605813 0.0661235 0.0691407 0.0698156 0.0685749 0.0658819 0.0621434 0.0576886 0.0527665 0.0475475 0.0421359 0.0365941 0.0309757 0.0253646 0.0199081 0.0148229 0.0103585 0.00672397
#pred catch len freq
 0.00460965 0.00725273 0.010499 0.0142389 0.0184065 0.0229696 0.0278573 0.0329127 0.0379167 0.0426443 0.0469033 0.0505521 0.0535108 0.0557645 0.0573511 0.0583427 0.0588295 0.0588931 0.0585434 0.0576181 0.0557117 0.0522471 0.0467545 0.0392466 0.0304242
 0.004752 0.007421 0.0106391 0.0142707 0.0182572 0.0226191 0.0273675 0.0324128 0.0375462 0.0424862 0.0469501 0.0507228 0.0537053 0.0559201 0.0574718 0.0584892 0.0590771 0.0592781 0.059025 0.0580804 0.0560096 0.0522765 0.0465041 0.0388011 0.0299169
 0.00496303 0.00774661 0.0110918 0.0148379 0.0188904 0.023228 0.0278293 0.0326081 0.0374142 0.0420677 0.0463798 0.0501666 0.0532816 0.055659 0.0573351 0.0584258 0.0590655 0.0593257 0.0591325 0.058207 0.0560731 0.0521923 0.0462372 0.0383896 0.029452
 0.00517853 0.00808615 0.0115834 0.0155022 0.0197374 0.0242497 0.0289843 0.0338056 0.0385116 0.0428958 0.046797 0.0501186 0.0528281 0.0549459 0.0565257 0.0576388 0.0583547 0.0586976 0.0585708 0.0576819 0.0555429 0.0516161 0.0456009 0.0377238 0.0288224
 0.00543599 0.00848256 0.0121403 0.0162291 0.0206363 0.0253201 0.0302213 0.0351883 0.0399857 0.0443591 0.048098 0.0510801 0.0532975 0.0548512 0.0559064 0.0566274 0.0571199 0.0573844 0.0572683 0.0564244 0.0543322 0.050449 0.0444912 0.0367109 0.0279602
 0.00572338 0.00892718 0.0127681 0.0170515 0.0216524 0.0265192 0.0315832 0.0366805 0.0415615 0.0459554 0.0496295 0.0524323 0.0543284 0.0554135 0.0558896 0.0560009 0.0559505 0.0558135 0.0554622 0.0545294 0.0524552 0.0486662 0.0428675 0.0353086 0.0268303
 0.00603987 0.00941756 0.0134622 0.0179639 0.0227845 0.0278619 0.0331141 0.038359 0.0433263 0.0477274 0.0513183 0.0539403 0.0555513 0.0562398 0.0562074 0.0557193 0.0550313 0.0542965 0.0534665 0.0522273 0.0500356 0.0463066 0.0407185 0.033485 0.0253996
 0.00640596 0.0099821 0.014256 0.0189986 0.0240563 0.0293559 0.0348037 0.0402004 0.045254 0.0496561 0.0531487 0.0555678 0.0568731 0.0571588 0.0566329 0.0555698 0.0542457 0.052858 0.0514272 0.0497201 0.0472622 0.0435046 0.0381187 0.0312701 0.0236734
 0.00680504 0.0105988 0.0151254 0.0201353 0.0254568 0.0310027 0.0366634 0.0422182 0.0473519 0.0517366 0.0551036 0.0572871 0.058253 0.0581069 0.0570698 0.0554278 0.053471 0.0514218 0.04935 0.047097 0.0442759 0.0404084 0.0351896 0.0287457 0.0216983
 0.00715745 0.0111507 0.015918 0.0211957 0.0267979 0.032621 0.0385328 0.0442828 0.0495251 0.0539085 0.0571529 0.0590928 0.0597046 0.0591109 0.0575514 0.0553281 0.0527448 0.0500426 0.0473273 0.0445043 0.0412731 0.0372399 0.0321446 0.0260893 0.0196032
 0.00747431 0.0116477 0.0166336 0.022158 0.028025 0.0341207 0.0402953 0.0462707 0.0516669 0.0560993 0.0592633 0.0609841 0.0612456 0.0601926 0.058093 0.0552749 0.0520621 0.0487147 0.0453678 0.0419799 0.0383292 0.0341063 0.0291044 0.0234132 0.0174773
