SBPRF35
12.7214
Curr Bio
689805
B35
872908
F35
0.170916
FOFL
0.133315
OFL
76378.8
Bzero
3.63469e+006
#pred survey bio
 3.71641e+006 3.57236e+006 3.44783e+006 3.26207e+006 3.05446e+006 2.81575e+006 2.56824e+006 2.30827e+006 2.05833e+006 1.81471e+006 1.6084e+006 1.42787e+006 1.26654e+006 1.10442e+006 964881 847906 783038 712454 649873 621619 602953 578652 560141 544848 544247 540757 539030 535591 538193 542843 556896 572407 575200 583425 594074 598326 607616 620187 623756 639506 653570 660301 658795 658198 663809 671774 669646 664528 675112 667766 656431 684217 694624 2.43252e+007 1.45853e+007 1.49437e+007 1.6019e+007 1.75803e+007 1.93296e+007 2.10417e+007 2.25831e+007 2.38955e+007 2.49705e+007 2.58274e+007 2.64976e+007 2.7015e+007 2.74109e+007 2.77124e+007 2.79414e+007 2.81153e+007 2.82476e+007 2.83485e+007 2.84258e+007 2.84851e+007 2.8531e+007 2.85666e+007 2.85944e+007 2.86162e+007 2.86333e+007 2.86469e+007 2.86576e+007 2.86661e+007 2.86729e+007 2.86784e+007 2.86828e+007 2.86863e+007 2.86892e+007 2.86915e+007 2.86934e+007 2.86949e+007 2.86961e+007 2.86972e+007 2.8698e+007 2.86986e+007 2.86992e+007 2.86996e+007 2.87e+007 2.87003e+007 2.87005e+007 2.87007e+007 2.87009e+007 2.8701e+007 2.87011e+007 2.87012e+007 2.87013e+007 2.87014e+007 2.87014e+007 2.87015e+007 2.87015e+007 2.87015e+007 2.87015e+007 2.87016e+007 2.87016e+007 2.87016e+007 2.87016e+007 2.87016e+007 2.87016e+007 2.87016e+007 2.87016e+007 2.87016e+007 2.87016e+007 2.87016e+007 2.87016e+007 2.87016e+007 2.87016e+007 2.87016e+007 2.87016e+007 2.87016e+007 2.87016e+007 2.87016e+007 2.87016e+007 2.87016e+007 2.87016e+007 2.87016e+007 2.87016e+007 2.87016e+007 2.87016e+007 2.87016e+007 2.87016e+007 2.87016e+007 2.87016e+007 2.87016e+007 2.87016e+007 2.87016e+007 2.87016e+007 2.87016e+007 2.87016e+007 2.87016e+007 2.87016e+007 2.87016e+007 2.87016e+007 2.87016e+007 2.87016e+007 0 0 0 0 0 0 0 0 0 0 0 0 0 0 0 0 0 0 0 0 0 0 0 0 0
#obs survey bio
 4.28672e+006 4.81636e+006 3.67717e+006 3.14179e+006 2.99222e+006 3.06342e+006 2.99871e+006 1.88139e+006 2.52246e+006 1.40824e+006 1.00649e+006 1.49978e+006 782440 1.37502e+006 717418 692994 866699 465929 391040 536098 499368 564928 699659 431154 556624 638818 433051 442195 598032 408234 523567 740819 478894 533204 670430 462244 550858 586370 495522 663018 708170 649423 872526 567248 466238 771975 602892 772335 689821 722632 575509 640525 598222
#pred catch bio
 107330 98791.9 166432 200600 245606 271661 301383 309310 317909 295835 281930 271360 275042 254918 233401 186881 189638 178202 145022 134118 135314 126417 120356 106111 107761 105460 106165 100814 99583.2 92856 93041.8 103842 98448.2 95954.5 100895 96439.7 94181.2 102195 92363.9 94763.3 101338 107933 106732 102059 101287 110230 112076 98300.8 112668 113755 79393.9 93303.3 97950.5 76378.8 96028.4 97008.5 102635 112240 123353 134216 143880 151963 158436 163454 167253 170074 172138 173633 174704 175466 176006 176386 176653 176839 176969 177060 177123 177167 177197 177218 177233 177242 177249 177254 177257 177260 177261 177262 177263 177264 177264 177264 177264 177264 177265 177265 177265 177265 177265 177265 177265 177265 177265 177265 177265 177265 177265 177265 177265 177265 177265 177265 177265 177265 177265 177265 177265 177265 177265 177265 177265 177265 177265 177265 177265 177265 177265 177265 177265 177265 177265 177265 177265 177265 177265 177265 177265 177265 177265 177265 177265 177265 177265 177265 177265 177265 177265 177265 177265 177265 177265 177265 177265 0 0 0 0 0 0 0 0 0 0 0 0 0 0 0 0 0 0 0 0 0 0 0 0 0
#obs catch bio
 0 98277.4 166533 200282 245553 271548 301199 311046 319348 297348 283675 272950 279586 257311 237024 189302 192306 181931 147903 136328 137418 127762 121134 106818 108165 106010 106833 101251 100164 93674 93710.4 104511 98979.7 96086.5 100758 96498.2 94214.6 102461 92595.7 94806.5 101238 107744 106293 101880 101607 110639 112445 98362.6 112865 113741 78955 93036.6 97974.6
#pred cpue bio
 3.66778e+006 3.52546e+006 3.40197e+006 3.21658e+006 3.0092e+006 2.77093e+006 2.52396e+006 2.26472e+006 2.01578e+006 1.77355e+006 1.56841e+006 1.38892e+006 1.22872e+006 1.0683e+006 930495 815055 750983 681872 620869 593574 575848 552669 535072 520479 520038 516722 515139 511872 514399 518866 532528 547823 550881 559240 569945 574270 583379 595703 599225 614659 628536 635245 633851 633202 638433 646087 644135 639271 649828 643005 632225 659819 670864 2.35346e+007 1.41216e+007 1.43114e+007 1.51981e+007 1.66925e+007 1.84258e+007 2.01347e+007 2.16755e+007 2.29878e+007 2.40628e+007 2.49197e+007 2.55899e+007 2.61073e+007 2.65032e+007 2.68047e+007 2.70337e+007 2.72076e+007 2.73399e+007 2.74408e+007 2.75181e+007 2.75774e+007 2.76233e+007 2.76589e+007 2.76867e+007 2.77085e+007 2.77256e+007 2.77392e+007 2.77499e+007 2.77584e+007 2.77652e+007 2.77707e+007 2.77751e+007 2.77786e+007 2.77815e+007 2.77838e+007 2.77857e+007 2.77872e+007 2.77884e+007 2.77895e+007 2.77903e+007 2.77909e+007 2.77915e+007 2.77919e+007 2.77923e+007 2.77926e+007 2.77928e+007 2.7793e+007 2.77932e+007 2.77933e+007 2.77934e+007 2.77935e+007 2.77936e+007 2.77937e+007 2.77937e+007 2.77938e+007 2.77938e+007 2.77938e+007 2.77938e+007 2.77939e+007 2.77939e+007 2.77939e+007 2.77939e+007 2.77939e+007 2.77939e+007 2.77939e+007 2.77939e+007 2.77939e+007 2.77939e+007 2.77939e+007 2.77939e+007 2.77939e+007 2.77939e+007 2.77939e+007 2.77939e+007 2.77939e+007 2.77939e+007 2.77939e+007 2.77939e+007 2.77939e+007 2.77939e+007 2.77939e+007 2.77939e+007 2.77939e+007 2.77939e+007 2.77939e+007 2.77939e+007 2.77939e+007 2.77939e+007 2.77939e+007 2.77939e+007 2.77939e+007 2.77939e+007 2.77939e+007 2.77939e+007 2.77939e+007 2.77939e+007 2.77939e+007 2.77939e+007 2.77939e+007 2.77939e+007 0 0 0 0 0 0 0 0 0 0 0 0 0 0 0 0 0 0 0 0 0 0 0 0 0
#obs cpue bio
 4.02816e+006 3.17361e+006 3.96543e+006 2.71811e+006 2.64441e+006 2.29222e+006 2.36056e+006 1.3323e+006 1.9395e+006 1.90541e+006 2.18216e+006 1.24143e+006 1.01044e+006 1.07268e+006 804302 718337 634062 598719 622978 615497 645046 578774 496522 498858 619958 356482 571609 605988 401447 439417 547612 499783 577383 762740 692390 594276 612194 618475 590280 736735 681352 730367 593515 602301 562372 583431 748513 501015 744636 802665 726125 881161 573489
#pred surv len freq
 0.00499962 0.00805573 0.0120096 0.0168075 0.0223199 0.0282779 0.0342391 0.0396827 0.0442008 0.047634 0.0500522 0.0516389 0.0525882 0.0530618 0.0531899 0.0530894 0.0528851 0.0527042 0.0526058 0.0524432 0.0517388 0.049726 0.0456577 0.0392744 0.0311176
 0.00523356 0.0083509 0.0123004 0.0169906 0.0222953 0.0280064 0.0337795 0.0391769 0.0438095 0.0474611 0.050109 0.0518651 0.0529081 0.0534355 0.053627 0.0536235 0.0535262 0.0533967 0.0532178 0.0528 0.0516931 0.0492307 0.0447993 0.0382416 0.0301223
 0.00540436 0.00863995 0.0127502 0.0176313 0.0231187 0.0289382 0.0346729 0.0398502 0.0441225 0.0473872 0.0497493 0.0513914 0.0524771 0.0531331 0.0534704 0.0535967 0.053605 0.0535416 0.0533515 0.052803 0.0514394 0.0486511 0.0439297 0.0372191 0.0291262
 0.00561982 0.00898139 0.0132493 0.0183158 0.0240111 0.0300485 0.0359814 0.0412841 0.0455434 0.0486078 0.0505859 0.0517332 0.0523324 0.0526197 0.0527569 0.052833 0.0528806 0.0528782 0.0527123 0.0521104 0.050606 0.0476257 0.0427386 0.0359719 0.0279727
 0.00584741 0.00934548 0.0137864 0.0190566 0.0249757 0.0312402 0.037378 0.0428341 0.0471664 0.0501966 0.0520078 0.0528387 0.0529832 0.0527335 0.0523434 0.0519937 0.0517658 0.0516261 0.0514042 0.050762 0.0491945 0.046137 0.0412093 0.0344975 0.0266763
 0.00611517 0.00977154 0.0144108 0.0199115 0.0260814 0.0325978 0.0389605 0.0445817 0.0489913 0.0519949 0.0536698 0.0542521 0.0540331 0.0533102 0.0523648 0.0514345 0.0506754 0.0501159 0.0496088 0.0487991 0.0471497 0.0440813 0.039227 0.0326964 0.0251653
 0.00640848 0.0102381 0.0150942 0.0208463 0.0272885 0.0340765 0.0406793 0.0464733 0.0509598 0.0539307 0.0554637 0.0558026 0.0552459 0.0540957 0.0526398 0.0511338 0.0497721 0.0486404 0.0476516 0.0464949 0.0446543 0.0415559 0.0368317 0.03058 0.0234423
 0.00667322 0.0106718 0.0157532 0.021785 0.0285489 0.0356718 0.0425765 0.0485879 0.0531678 0.0560928 0.0574486 0.0574992 0.0565646 0.0549639 0.0529952 0.0509216 0.0489514 0.0472008 0.0456341 0.044005 0.0418603 0.0386705 0.0340816 0.0281677 0.0215067
 0.00694057 0.0110996 0.0163853 0.022661 0.0297007 0.0371165 0.0443052 0.0505548 0.055288 0.0582497 0.0595078 0.0593253 0.0580374 0.0559879 0.0534998 0.0508553 0.0482764 0.045898 0.043721 0.041559 0.0390347 0.0356886 0.0312022 0.0256301 0.0194749
 0.00730584 0.0116706 0.0172024 0.0237479 0.0310626 0.0387381 0.0461458 0.0525465 0.0573413 0.0602658 0.0613883 0.0609761 0.0593685 0.0569148 0.0539477 0.0507628 0.0475975 0.0446067 0.0418237 0.0391173 0.0361867 0.0326522 0.0282454 0.0230108 0.0173747
 0.00764886 0.0122157 0.017999 0.0248325 0.0324514 0.0404167 0.0480582 0.0545947 0.0594011 0.062213 0.0631209 0.062421 0.0604752 0.0576428 0.0542563 0.0506067 0.0469302 0.0433902 0.0400473 0.036822 0.0334898 0.0297535 0.0254014 0.0204766 0.015335
 0.00796326 0.0127179 0.0187386 0.0258499 0.0337713 0.0420369 0.0499368 0.0566433 0.0614939 0.0642083 0.0648859 0.0638511 0.0615022 0.0582334 0.0544 0.0502997 0.0461628 0.0421467 0.0383205 0.0346413 0.0309502 0.027029 0.0227249 0.0180858 0.0134063
 0.00818236 0.0130833 0.0193055 0.0266755 0.034903 0.0434937 0.0516902 0.0586107 0.0635494 0.0662066 0.0666857 0.0653322 0.0625752 0.0588442 0.0545285 0.0499508 0.0453528 0.0408924 0.0366417 0.0325779 0.028589 0.0245204 0.0202713 0.0158972 0.0116404
 0.00849933 0.0135827 0.0200282 0.0276514 0.0361487 0.0450077 0.053444 0.0605396 0.0655516 0.0681526 0.0684361 0.0667566 0.0635707 0.0593469 0.0545156 0.0494339 0.0443651 0.0394775 0.0348484 0.0304691 0.0262587 0.0221076 0.0179529 0.0138527 0.0100024
 0.00886609 0.0141557 0.0208472 0.028737 0.0374994 0.0465957 0.0552098 0.0623924 0.0673809 0.0698464 0.0698959 0.0679021 0.0643386 0.0596897 0.0544057 0.0488669 0.0433603 0.0380741 0.0331021 0.028454 0.0240748 0.0198869 0.0158511 0.0120206 0.00854685
 0.00917091 0.0146458 0.0215737 0.0297415 0.038803 0.0481838 0.057018 0.0643048 0.0692491 0.0715227 0.0712617 0.0688819 0.0648972 0.0598214 0.0541218 0.0481873 0.0423114 0.0366909 0.0314336 0.0265689 0.0220678 0.0178788 0.0139779 0.0104079 0.00727828
 0.00918876 0.0146869 0.0216595 0.0299037 0.0390813 0.0486199 0.0576452 0.0651367 0.0702694 0.0726785 0.0724665 0.0700292 0.0658803 0.0605522 0.0545401 0.0482618 0.0420345 0.0360747 0.03051 0.0253932 0.0207223 0.0164711 0.0126282 0.00922628 0.00633948
 0.00928264 0.0148418 0.0218967 0.0302446 0.0395433 0.0492103 0.0583552 0.0659405 0.0711282 0.0735484 0.0733025 0.0707847 0.0665062 0.0609985 0.0547624 0.0482278 0.041729 0.0355013 0.0296916 0.0243741 0.0195706 0.0152763 0.0114902 0.00823602 0.00555705
 0.00940149 0.0150283 0.0221651 0.0306043 0.0399983 0.0497574 0.0589817 0.0666214 0.0718279 0.074225 0.0739151 0.0712989 0.0668959 0.0612447 0.0548493 0.0481406 0.0414552 0.0350353 0.0290413 0.0235669 0.0186564 0.0143255 0.0105834 0.0074467 0.00493387
 0.00934937 0.0149423 0.0220344 0.0304211 0.0397632 0.0494867 0.0587123 0.0664086 0.0717334 0.074299 0.0741805 0.0717437 0.0674759 0.0618934 0.0554906 0.0487013 0.0418736 0.0352676 0.029066 0.023389 0.0183086 0.0138648 0.0100814 0.00697306 0.00454019
 0.00927958 0.0148308 0.0218704 0.0301957 0.0394717 0.049132 0.0583096 0.0659897 0.0713468 0.074005 0.0740395 0.0718012 0.0677486 0.0623605 0.0560961 0.0493651 0.0425085 0.0357954 0.0294307 0.0235643 0.0183016 0.0137125 0.00984084 0.00670612 0.00429775
 0.00929531 0.0148532 0.0218976 0.0302228 0.0394903 0.0491305 0.0582743 0.0659078 0.0712114 0.073821 0.0738289 0.0716028 0.0676105 0.0623264 0.0561895 0.0495789 0.0428036 0.0361113 0.0297028 0.0237419 0.0183606 0.0136597 0.00970806 0.00653729 0.00413361
 0.00936677 0.0149498 0.0220071 0.0303218 0.039551 0.0491312 0.0582077 0.0657816 0.0710426 0.0736286 0.0736294 0.0714118 0.0674463 0.0622123 0.0561501 0.0496304 0.0429446 0.036317 0.0299296 0.0239407 0.0184928 0.0137095 0.00968436 0.00646643 0.00404659
 0.00949985 0.0151449 0.0222602 0.0306131 0.0398475 0.0493926 0.058394 0.0658604 0.0709968 0.0734626 0.0733695 0.0710985 0.067123 0.0619164 0.0559096 0.0494646 0.0428626 0.036315 0.0299878 0.024027 0.0185722 0.013756 0.00968907 0.00643699 0.00399986
 0.00950011 0.0151443 0.0222571 0.0306045 0.0398289 0.0493577 0.0583355 0.0657716 0.0708747 0.0733106 0.0731995 0.07093 0.0669793 0.0618186 0.0558723 0.0494934 0.0429546 0.0364598 0.0301679 0.0242186 0.0187489 0.0138959 0.00978093 0.00648303 0.00401224
 0.00948214 0.0151225 0.0222377 0.0305975 0.0398441 0.0493999 0.0583999 0.0658437 0.0709336 0.0733358 0.0731772 0.0708573 0.0668655 0.0616832 0.0557406 0.0493897 0.0428966 0.0364547 0.0302116 0.024297 0.0188422 0.0139837 0.00984841 0.00652456 0.00403084
 0.00948762 0.0151238 0.0222264 0.0305627 0.0397773 0.0493018 0.0582842 0.0657341 0.0708545 0.0733011 0.0731841 0.0708894 0.0669015 0.0617073 0.0557481 0.0493873 0.0428978 0.0364731 0.0302549 0.0243639 0.0189231 0.0140648 0.00991719 0.00657384 0.0040602
 0.00956193 0.015232 0.0223652 0.0307195 0.0399322 0.0494314 0.0583671 0.0657559 0.0708126 0.0732066 0.0730591 0.0707585 0.0667824 0.0616059 0.0556607 0.0493085 0.0428264 0.0364136 0.0302146 0.0243476 0.0189296 0.0140869 0.00994505 0.00659895 0.004078
 0.00959463 0.01528 0.0224278 0.0307917 0.0400056 0.049495 0.0584089 0.0657647 0.0707805 0.0731329 0.0729523 0.0706359 0.0666653 0.0615126 0.0556009 0.0492813 0.0428239 0.0364268 0.0302374 0.0243775 0.0189652 0.0141255 0.00998236 0.00663045 0.00410101
 0.00959398 0.0152806 0.0224315 0.0308011 0.0400225 0.0495192 0.0584365 0.0657885 0.0707918 0.0731242 0.0729198 0.0705814 0.0665965 0.0614415 0.0555406 0.049242 0.0428096 0.0364352 0.0302624 0.0244122 0.0190041 0.0141645 0.0100178 0.00665972 0.00412263
 0.00941736 0.0150187 0.0220845 0.0303867 0.0395722 0.0490709 0.058029 0.0654573 0.0705659 0.0730213 0.0729428 0.0707179 0.066823 0.0617297 0.0558633 0.0495768 0.0431397 0.0367481 0.0305483 0.0246633 0.0192149 0.0143327 0.0101447 0.00674941 0.00418146
 0.00920756 0.0146954 0.0216322 0.0298058 0.0388817 0.0483108 0.0572603 0.0647576 0.0700148 0.072681 0.0728435 0.070854 0.0671604 0.0622177 0.0564459 0.0502009 0.0437612 0.0373333 0.0310743 0.0251159 0.0195872 0.0146239 0.0103598 0.00689813 0.00427695
 0.00915046 0.014601 0.0214873 0.0295973 0.0385994 0.047952 0.0568357 0.0642938 0.069553 0.0722702 0.0725315 0.0706784 0.0671407 0.062352 0.0567126 0.050565 0.0441814 0.0377703 0.0314944 0.0254946 0.0199086 0.0148809 0.0105525 0.00703288 0.00436414
 0.00908341 0.0144903 0.0213176 0.0293535 0.0382698 0.0475342 0.0563415 0.0637521 0.0690066 0.0717694 0.0721262 0.0704115 0.0670422 0.062434 0.0569666 0.0509624 0.0446789 0.0383173 0.0320419 0.0260015 0.0203461 0.0152336 0.0108177 0.00721804 0.00448352
 0.00906731 0.0144535 0.0212424 0.0292165 0.0380472 0.0472102 0.055917 0.0632479 0.068461 0.071231 0.0716465 0.070038 0.0668135 0.062375 0.0570847 0.0512461 0.0450981 0.0388274 0.0325909 0.0265382 0.0208286 0.0156341 0.0111249 0.00743533 0.00462469
 0.00910782 0.0145152 0.0213266 0.0293188 0.0381553 0.0473021 0.0559612 0.0632096 0.068312 0.0709625 0.0712762 0.0696081 0.0663813 0.062 0.056817 0.0511179 0.045119 0.0389838 0.0328498 0.0268547 0.0211557 0.0159327 0.0113696 0.00761668 0.00474645
 0.00907612 0.014468 0.0212636 0.029243 0.0380721 0.0472175 0.05588 0.0631322 0.068233 0.0708702 0.0711565 0.0694527 0.0661952 0.0618047 0.0566472 0.0510112 0.0451054 0.0390758 0.0330388 0.0271132 0.0214448 0.0162129 0.0116102 0.0078016 0.00487408
 0.00902361 0.0143839 0.0211398 0.0290739 0.0378571 0.0469641 0.0556062 0.0628653 0.068003 0.0707007 0.0710571 0.0694168 0.0662051 0.0618412 0.0566991 0.0510808 0.0452058 0.039223 0.0332406 0.0273626 0.0217201 0.016484 0.0118491 0.00799006 0.00500732
 0.00902493 0.0143883 0.0211503 0.0290932 0.0378857 0.0469975 0.0556334 0.0628716 0.0679756 0.0706351 0.0709593 0.0693005 0.0660849 0.0617275 0.0565971 0.0509944 0.0451422 0.0391934 0.0332568 0.0274297 0.0218315 0.0166218 0.01199 0.0081136 0.00510174
 0.00892517 0.0142323 0.0209277 0.0288005 0.0375286 0.0465938 0.0552146 0.0624794 0.0676531 0.070415 0.0708565 0.0693121 0.0661958 0.0619166 0.0568414 0.0512716 0.0454332 0.0394853 0.0335429 0.0277069 0.0220957 0.0168648 0.0122006 0.00828216 0.0052244
 0.0088481 0.014111 0.0207525 0.028565 0.0372313 0.0462396 0.0548179 0.062066 0.0672589 0.0700804 0.0706184 0.0691958 0.06621 0.0620523 0.0570763 0.0515761 0.0457773 0.0398429 0.033894 0.028038 0.0223973 0.017129 0.0124207 0.00845371 0.00534757
 0.00880839 0.0140514 0.0206718 0.0284645 0.0371131 0.0461045 0.0546645 0.0618917 0.0670635 0.0698696 0.0704065 0.0690053 0.0660671 0.0619805 0.0570891 0.0516736 0.0459466 0.0400629 0.0341412 0.0282908 0.0226383 0.0173451 0.0126027 0.00859653 0.00545083
 0.00889419 0.0141741 0.0208254 0.028633 0.0372745 0.0462384 0.0547569 0.0619353 0.067054 0.0698033 0.0702806 0.0688223 0.0658397 0.061733 0.0568532 0.0514805 0.0458181 0.0400064 0.0341506 0.0283505 0.0227287 0.0174476 0.0127018 0.0086815 0.0055162
 0.00904086 0.0143921 0.0211149 0.0289788 0.0376486 0.0466047 0.0550766 0.0621725 0.0671816 0.069809 0.0701692 0.0686116 0.0655544 0.0613997 0.0564996 0.0511354 0.0455098 0.0397579 0.0339742 0.0282459 0.0226849 0.0174472 0.0127264 0.00871543 0.00554864
 0.00897157 0.0143093 0.0210447 0.0289619 0.0377267 0.0468005 0.0553776 0.0625311 0.0675312 0.0700872 0.0703356 0.068654 0.0654837 0.0612405 0.0562818 0.0508889 0.0452625 0.0395345 0.0337939 0.0281191 0.0226119 0.017419 0.0127287 0.00873342 0.00557062
 0.00881447 0.014073 0.0207266 0.028577 0.0373098 0.0464043 0.0550674 0.0623706 0.0675617 0.0703078 0.0706984 0.0690802 0.0658921 0.0615732 0.0565141 0.0510252 0.0453248 0.0395512 0.0337919 0.0281188 0.0226247 0.0174469 0.0127667 0.00877354 0.00560576
 0.00880551 0.0140489 0.0206729 0.0284759 0.037146 0.046175 0.0547909 0.0620883 0.0673302 0.0701822 0.070714 0.0692384 0.066158 0.0618866 0.0568104 0.0512568 0.0454717 0.03962 0.0338057 0.0281053 0.0226064 0.0174371 0.0127689 0.00878468 0.00562042
 0.00876981 0.0140022 0.0206228 0.028434 0.0371218 0.0461676 0.0547852 0.0620602 0.0672605 0.0700716 0.0705883 0.0691399 0.0661263 0.0619395 0.0569357 0.0514181 0.0456263 0.039736 0.0338714 0.028128 0.0226033 0.0174255 0.0127601 0.00878244 0.00562351
 0.00858187 0.0137137 0.0202216 0.0279232 0.036522 0.0455178 0.0541412 0.0614872 0.0668186 0.0698 0.0704981 0.0692204 0.0663579 0.0623018 0.0574057 0.0519639 0.0462041 0.0402965 0.0343718 0.0285423 0.0229249 0.0176627 0.0129279 0.00889677 0.00569796
 0.00855933 0.0136734 0.0201541 0.0278173 0.0363671 0.0453084 0.0538813 0.061193 0.066517 0.0695235 0.0702775 0.069078 0.0663045 0.0623383 0.057527 0.0521605 0.0464606 0.0405892 0.0346708 0.0288177 0.0231555 0.0178397 0.013054 0.00898099 0.00575112
 0.00856703 0.0136853 0.0201701 0.0278357 0.0363833 0.0453132 0.0538616 0.0611342 0.0664084 0.0693645 0.0700807 0.0688682 0.0661122 0.0621918 0.0574464 0.0521548 0.0465276 0.0407168 0.0348385 0.0290005 0.0233291 0.0179863 0.0131655 0.00905814 0.00580012
 0.00810949 0.0129981 0.0192423 0.0266968 0.035097 0.0439658 0.0525517 0.0599662 0.0654818 0.0687581 0.0698381 0.0689919 0.0665687 0.0629225 0.05838 0.0532171 0.0476486 0.0418336 0.0358967 0.0299549 0.0241453 0.018644 0.0136614 0.00940535 0.00602445
 0.00770904 0.012381 0.0183785 0.025585 0.0337691 0.0424886 0.0510285 0.0585292 0.0642699 0.0678864 0.0693745 0.0689516 0.0669246 0.0636197 0.0593478 0.0543767 0.0489185 0.0431347 0.0371564 0.0311105 0.025148 0.019463 0.0142867 0.00984846 0.00631374
#obs surv len freq
 nan nan nan nan nan nan nan nan nan nan nan nan nan nan nan nan nan nan nan nan nan nan nan nan nan
 0.00448328 0.00734382 0.0111728 0.0159881 0.0216877 0.0279623 0.0342757 0.0400069 0.0446869 0.0481518 0.0505112 0.0520087 0.0529026 0.0534165 0.053732 0.0539879 0.0542672 0.0545603 0.0546994 0.0542914 0.0527294 0.0493612 0.0438105 0.0362898 0.0276726
 0.00461951 0.00756659 0.0115101 0.0164656 0.0223226 0.0287534 0.0351938 0.0409922 0.0456578 0.0490204 0.0512006 0.052464 0.0530965 0.0533489 0.0534257 0.0534805 0.0536025 0.0537813 0.0538451 0.053399 0.0518378 0.0485138 0.0430523 0.0356591 0.0271906
 0.0047785 0.00782816 0.0119096 0.0170378 0.023095 0.0297348 0.0363627 0.0422912 0.0469994 0.0503015 0.0523178 0.0533269 0.0536368 0.0535273 0.053235 0.0529436 0.0527651 0.0527033 0.0525931 0.0520432 0.0504536 0.0471819 0.0418525 0.0346575 0.0264237
 0.00497255 0.00814407 0.012386 0.0177115 0.0239944 0.0308698 0.0377129 0.0438007 0.0485824 0.051855 0.0537356 0.0545083 0.0544933 0.0539893 0.053258 0.0525141 0.0519027 0.0514583 0.0510417 0.0502837 0.0486018 0.0453653 0.0401973 0.0332665 0.0253547
 0.00518298 0.00848959 0.0129123 0.0184632 0.0250063 0.032153 0.0392414 0.0455067 0.0503667 0.053606 0.0553455 0.0558812 0.0555453 0.0546474 0.0534626 0.0522237 0.0511025 0.050168 0.049322 0.0482383 0.0463747 0.0431285 0.0381269 0.0315092 0.0239959
 0.00540795 0.00885948 0.0134768 0.0192717 0.0260983 0.0335439 0.0409065 0.0473754 0.0523314 0.0555424 0.0571324 0.0574126 0.0567341 0.0554238 0.0537703 0.0520181 0.0503536 0.0488711 0.0475128 0.0460074 0.0438737 0.0405591 0.0357084 0.029432 0.0223768
 0.00564461 0.00924645 0.0140636 0.0201064 0.0272194 0.0349662 0.0426069 0.0492863 0.054349 0.0575452 0.0589988 0.059033 0.0580156 0.056291 0.0541637 0.0518909 0.0496712 0.0476171 0.045705 0.043719 0.041249 0.0378093 0.0330787 0.0271454 0.0205782
 0.00589908 0.00966093 0.0146889 0.0209904 0.028398 0.0364497 0.0443651 0.0512438 0.0563959 0.0595579 0.0608596 0.06064 0.0592845 0.0571531 0.0545629 0.0517809 0.0490146 0.0463913 0.0439165 0.0414265 0.0385849 0.0349817 0.030342 0.024741 0.0186708
 0.0061408 0.0100597 0.0152998 0.0218679 0.029585 0.0379597 0.0461651 0.053249 0.0584833 0.0615919 0.0627152 0.062215 0.0605018 0.0579563 0.0549094 0.0516359 0.048348 0.0451811 0.0421633 0.0391779 0.0359591 0.0321755 0.0276051 0.0223184 0.0167357
 0.00637541 0.0104434 0.0158817 0.022696 0.0306977 0.0393723 0.0478542 0.0551459 0.0604808 0.0635628 0.0645325 0.0637671 0.0617004 0.0587393 0.0552368 0.0514823 0.0476952 0.0440167 0.0404913 0.0370405 0.0334619 0.0294984 0.024982 0.0199841 0.0148615
 0.00660469 0.0108192 0.0164529 0.0235096 0.0317896 0.0407525 0.0494923 0.0569665 0.0623754 0.0654106 0.0662199 0.0651975 0.0627969 0.0594439 0.0555095 0.0512979 0.0470394 0.0428847 0.0388938 0.0350204 0.0311163 0.0269903 0.0225245 0.0177937 0.013098
 0.00683119 0.0111921 0.0170224 0.0243249 0.0328884 0.0421442 0.0511424 0.0587915 0.0642552 0.0672136 0.0678258 0.0665113 0.0637522 0.0599999 0.0556443 0.0510021 0.0463104 0.0417264 0.037323 0.0330817 0.0289008 0.0246453 0.0202407 0.0157643 0.0114659
 0.00708309 0.011602 0.0176398 0.0251953 0.034044 0.043589 0.0528367 0.060647 0.0661465 0.0690019 0.0693835 0.0677376 0.0645802 0.0603957 0.0556019 0.0505332 0.0454353 0.0404688 0.0357135 0.0311708 0.0267751 0.0224374 0.0181179 0.013894 0.00996989
 0.00727979 0.0119309 0.0181517 0.025942 0.0350669 0.0449007 0.0544033 0.0623833 0.0679298 0.070697 0.0708663 0.0689093 0.0653719 0.0607693 0.0555465 0.0500607 0.0445724 0.0392514 0.0341855 0.0293909 0.0248292 0.0204452 0.0162237 0.0122388 0.00865352
 0.00743659 0.0121854 0.0185346 0.0264835 0.035793 0.0458265 0.0555233 0.0636636 0.0693072 0.0720848 0.072165 0.0700196 0.0662078 0.0612673 0.0556711 0.0498027 0.0439449 0.0382841 0.0329233 0.0278958 0.0231857 0.0187631 0.0146289 0.0108498 0.00755234
 0.00752665 0.0123354 0.018767 0.0268218 0.0362575 0.0464275 0.0562552 0.0645033 0.0702184 0.0730249 0.0730886 0.0708768 0.0669421 0.0618181 0.0559809 0.0498271 0.0436601 0.0376907 0.0320469 0.0267872 0.0219217 0.017443 0.013364 0.00974259 0.00667249
 0.00760267 0.012451 0.0189267 0.0270264 0.0365065 0.0467227 0.0566017 0.0649071 0.0706824 0.0735444 0.0736489 0.0714535 0.0675013 0.0623174 0.0563704 0.0500542 0.0436774 0.0374664 0.031574 0.0260897 0.0210556 0.0164916 0.0124241 0.00890457 0.00599921
 0.00765466 0.0125324 0.0190431 0.0271801 0.0366955 0.0469397 0.056835 0.0651439 0.0709143 0.0737731 0.0738858 0.0717125 0.0677891 0.0626245 0.0566692 0.0503014 0.0438222 0.037461 0.031386 0.0257134 0.0205185 0.0158522 0.0117603 0.00829371 0.00549845
 0.00772163 0.0126317 0.0191746 0.0273377 0.0368689 0.0471179 0.0570081 0.0653042 0.0710561 0.0738937 0.0739875 0.071804 0.0678835 0.0627341 0.0567971 0.0504351 0.0439324 0.0375072 0.0313283 0.0255268 0.0202044 0.015442 0.0113083 0.00786093 0.00513397
 0.00776508 0.0127012 0.0192766 0.027476 0.0370423 0.0473174 0.0572162 0.0654969 0.0712106 0.0739958 0.074037 0.0718125 0.0678696 0.0627168 0.0567907 0.050445 0.0439512 0.0375141 0.0312938 0.0254233 0.0200186 0.0151836 0.0110086 0.00756233 0.00487492
 0.0078274 0.0127955 0.0194057 0.027638 0.0372312 0.047525 0.0574315 0.0657062 0.0713967 0.0741405 0.074125 0.0718367 0.0678336 0.0626352 0.0566842 0.0503336 0.0438476 0.0374189 0.0311958 0.0253048 0.019865 0.0149925 0.0107937 0.00734832 0.00468738
 0.00786207 0.01285 0.0194841 0.027742 0.0373597 0.0476724 0.0575878 0.0658581 0.0715307 0.0742467 0.0741979 0.0718745 0.0678364 0.0626046 0.0566248 0.0502539 0.0437576 0.0373265 0.0311023 0.025205 0.019751 0.0148605 0.0106487 0.00720366 0.00455902
 0.00787749 0.0128739 0.0195179 0.0277864 0.0374147 0.0477375 0.0576616 0.0659378 0.0716121 0.0743241 0.0742656 0.0719275 0.0678713 0.0626193 0.0566189 0.0502283 0.0437152 0.0372714 0.0310381 0.0251326 0.0196694 0.0147692 0.0105507 0.00710662 0.00447251
 0.00789953 0.0129039 0.0195521 0.0278182 0.0374364 0.047744 0.057653 0.0659199 0.0715942 0.0743154 0.0742722 0.0719506 0.0679078 0.0626625 0.0566608 0.0502619 0.0437355 0.037276 0.0310267 0.0251063 0.0196296 0.0147179 0.0104919 0.00704627 0.00441739
 0.00790022 0.0129054 0.019555 0.0278223 0.0374404 0.0477444 0.0576448 0.0658979 0.0715568 0.0742674 0.0742243 0.0719164 0.0678978 0.0626807 0.0567034 0.0503192 0.043796 0.0373293 0.0310658 0.0251275 0.0196325 0.0147047 0.0104669 0.00701505 0.00438601
 0.0078988 0.0128986 0.0195367 0.0277849 0.0373772 0.0476539 0.0575331 0.0657782 0.071445 0.0741769 0.0741635 0.0718889 0.0679049 0.062722 0.0567763 0.0504172 0.0439087 0.037444 0.0311701 0.0252123 0.019693 0.0147408 0.010482 0.00701522 0.00437793
 0.00789801 0.0128925 0.0195186 0.0277453 0.0373062 0.0475444 0.0573851 0.065601 0.0712563 0.0739997 0.0740214 0.0718003 0.0678792 0.062759 0.0568677 0.0505499 0.0440671 0.0376121 0.0313325 0.0253558 0.0198088 0.0148252 0.0105367 0.00704566 0.00439147
 0.00787462 0.0128565 0.0194678 0.0276785 0.0372223 0.0474423 0.0572636 0.0654604 0.071101 0.0738399 0.0738726 0.0716818 0.0678093 0.0627499 0.0569223 0.0506617 0.0442219 0.0377915 0.0315172 0.0255288 0.0199569 0.0149411 0.0106189 0.00709812 0.0044211
 0.00788515 0.0128656 0.0194671 0.0276556 0.0371652 0.0473445 0.0571285 0.0653012 0.0709353 0.0736838 0.0737372 0.0715742 0.0677353 0.0627161 0.0569352 0.050724 0.0443301 0.0379351 0.0316804 0.0256936 0.0201073 0.0150656 0.0107125 0.0071617 0.00445987
 0.0078414 0.0128016 0.0193833 0.0275561 0.0370548 0.0472256 0.0569999 0.0651603 0.0707834 0.0735299 0.0735976 0.0714674 0.0676757 0.0627106 0.0569834 0.0508209 0.0444683 0.0381043 0.0318675 0.0258832 0.0202835 0.0152156 0.0108291 0.00724406 0.0045125
 0.00783956 0.0127911 0.0193541 0.0274958 0.0369529 0.0470804 0.0568224 0.0649723 0.0706088 0.0733858 0.0734904 0.0713959 0.0676379 0.0627071 0.057017 0.0508936 0.0445783 0.0382455 0.0320296 0.026053 0.0204467 0.0153595 0.0109449 0.00732873 0.00456849
 0.0077947 0.0127216 0.0192559 0.0273663 0.036791 0.0468863 0.0565988 0.0647277 0.0703602 0.0731582 0.0733114 0.0712882 0.067612 0.06276 0.0571361 0.0510628 0.0447824 0.038471 0.0322639 0.0262829 0.020659 0.0155426 0.0110911 0.00743589 0.00464007
 0.00777733 0.0126893 0.0191998 0.0272766 0.0366595 0.0467111 0.0563874 0.0644965 0.0701299 0.072948 0.0731371 0.0711621 0.0675443 0.0627581 0.0572018 0.0511904 0.0449592 0.0386809 0.0324896 0.0265081 0.0208691 0.0157254 0.0112386 0.00754542 0.00471428
 0.00775589 0.0126546 0.0191476 0.0272023 0.0365588 0.0465803 0.0562256 0.0643073 0.0699235 0.0727408 0.0729489 0.0710125 0.0674485 0.0627252 0.0572345 0.0512856 0.0451089 0.0388718 0.0327052 0.0267302 0.0210803 0.0159114 0.01139 0.00765867 0.00479168
 0.00770409 0.0125721 0.019027 0.0270386 0.0363509 0.0463333 0.0559525 0.0640283 0.069662 0.0725182 0.0727813 0.0709096 0.0674152 0.0627625 0.0573397 0.0514522 0.0453263 0.0391258 0.0329786 0.0270043 0.0213367 0.0161348 0.0115703 0.0077928 0.004883
 0.00767123 0.0125163 0.0189388 0.0269081 0.0361705 0.0461018 0.0556787 0.0637319 0.0693701 0.0722591 0.0725786 0.0707787 0.067363 0.0627885 0.0574385 0.0516148 0.0455411 0.0393788 0.0332534 0.0272822 0.0215992 0.0163655 0.0117582 0.0079335 0.00497938
 0.00766813 0.0125107 0.0189291 0.0268913 0.036142 0.0460547 0.0556048 0.0636241 0.069226 0.0720844 0.0723878 0.070593 0.0672055 0.0626786 0.0573883 0.0516289 0.0456166 0.039507 0.0334208 0.0274722 0.0217933 0.0165461 0.0119116 0.00805228 0.00506287
 0.00763997 0.0124675 0.0188689 0.0268141 0.0360499 0.0459512 0.0554949 0.0635127 0.0691169 0.0719795 0.0722876 0.0704991 0.067123 0.062617 0.0573594 0.0516429 0.0456789 0.0396163 0.0335689 0.0276453 0.0219743 0.0167178 0.0120598 0.0081686 0.00514556
 0.00761537 0.0124287 0.0188129 0.0267393 0.0359566 0.0458427 0.0553776 0.0633962 0.0690112 0.0718921 0.0722218 0.0704535 0.0670939 0.0626015 0.0573586 0.0516615 0.0457239 0.0396927 0.0336768 0.0277784 0.0221205 0.0168623 0.0121887 0.00827235 0.00522088
 0.00760239 0.0124082 0.0187832 0.0266992 0.0359054 0.0457808 0.0553067 0.0633195 0.0689337 0.0718196 0.0721594 0.0704049 0.0670605 0.0625829 0.0573534 0.0516697 0.0457475 0.0397356 0.0337419 0.0278648 0.0222224 0.0169692 0.0122889 0.00835642 0.00528392
 0.00757371 0.0123628 0.0187171 0.0266101 0.0357933 0.0456492 0.0551634 0.0631766 0.0688048 0.0717169 0.0720912 0.0703744 0.0670662 0.0626202 0.0574158 0.0517503 0.0458408 0.039838 0.0338518 0.0279805 0.0223404 0.0170834 0.0123915 0.00844079 0.00534674
 0.00756171 0.0123413 0.0186812 0.0265541 0.0357124 0.0455417 0.0550331 0.0630329 0.0686614 0.0715885 0.0719907 0.0703104 0.0670428 0.0626365 0.057467 0.0518293 0.0459395 0.039949 0.0339691 0.0280995 0.0224566 0.0171918 0.0124867 0.00851821 0.00540424
 0.00755381 0.012333 0.0186766 0.026559 0.0357313 0.0455741 0.055071 0.0630624 0.0686677 0.0715622 0.0719315 0.0702276 0.0669509 0.062551 0.0574002 0.0517882 0.045926 0.0399609 0.0340019 0.0281476 0.022514 0.0172525 0.0125447 0.00856836 0.00544334
 0.00752683 0.0122906 0.0186159 0.0264794 0.0356359 0.045471 0.0549731 0.0629844 0.0686207 0.0715488 0.0719443 0.0702533 0.0669776 0.0625731 0.0574195 0.0518111 0.045959 0.0400075 0.0340619 0.0282174 0.0225882 0.0173249 0.0126098 0.00862209 0.00548378
 0.00750584 0.0122556 0.018562 0.0264017 0.0355313 0.0453406 0.0548244 0.0628317 0.0684835 0.071446 0.0718895 0.0702504 0.06702 0.062647 0.0575096 0.0519061 0.0460535 0.040101 0.0341553 0.0283105 0.0226785 0.0174082 0.0126818 0.0086797 0.00552602
 0.00753453 0.012298 0.0186177 0.0264668 0.0355987 0.0454006 0.054866 0.0628451 0.0684619 0.0713896 0.0718063 0.0701547 0.0669277 0.0625705 0.0574548 0.0518723 0.0460366 0.0400972 0.0341621 0.0283269 0.0227031 0.0174382 0.0127132 0.00870842 0.00554926
 0.00751188 0.0122688 0.0185874 0.0264449 0.0355951 0.0454207 0.0549073 0.0628964 0.0685079 0.0714164 0.0718057 0.0701268 0.0668801 0.062515 0.0574037 0.0518347 0.0460166 0.0400941 0.0341728 0.0283475 0.02273 0.0174682 0.0127429 0.00873487 0.00557035
 0.00750585 0.0122555 0.0185617 0.0264013 0.0355311 0.0453407 0.0548246 0.0628299 0.0684746 0.0714228 0.0718448 0.0701815 0.066932 0.0625524 0.0574243 0.0518437 0.0460225 0.040104 0.0341903 0.0283724 0.02276 0.0174998 0.0127729 0.00876069 0.00559043
 0.00750592 0.0122565 0.0185644 0.0264062 0.035537 0.0453441 0.0548197 0.0628117 0.0684423 0.0713826 0.0718082 0.0701596 0.066929 0.0625641 0.0574413 0.0518577 0.04603 0.0401069 0.0341931 0.0283791 0.0227719 0.0175159 0.0127907 0.00877748 0.00560428
 0.00750592 0.0122565 0.0185644 0.0264062 0.035537 0.0453441 0.0548197 0.0628117 0.0684423 0.0713826 0.0718082 0.0701596 0.066929 0.0625641 0.0574413 0.0518577 0.04603 0.0401069 0.0341931 0.0283791 0.0227719 0.0175159 0.0127907 0.00877748 0.00560428
 0.00727214 0.0118868 0.018029 0.0256888 0.0346433 0.0443119 0.0537258 0.0617672 0.0675706 0.0707883 0.0715525 0.0702517 0.0673336 0.0632148 0.0582559 0.052752 0.0469296 0.0409549 0.0349522 0.0290295 0.0233062 0.0179356 0.0131035 0.00899668 0.00574726
 0.00722645 0.0117846 0.0178242 0.0253227 0.0340611 0.0434878 0.0526861 0.0605967 0.066397 0.0697528 0.0707794 0.0698265 0.0672919 0.0635409 0.0588909 0.0536077 0.0479067 0.041959 0.0359059 0.0298782 0.0240185 0.0185002 0.013525 0.00929124 0.00593846
#pred catch len freq
 0.0038122 0.00608072 0.008967 0.0124428 0.0164984 0.0211135 0.0261922 0.0315347 0.0368739 0.0419335 0.0464688 0.0502923 0.0532972 0.0554684 0.0568758 0.0576613 0.0580243 0.0581846 0.0582821 0.058212 0.0574844 0.0552725 0.0507604 0.0436674 0.0345995
 0.0039928 0.00631172 0.00920196 0.0126078 0.016522 0.020969 0.0259239 0.031246 0.0366783 0.0418997 0.0465958 0.0505298 0.0535915 0.0558026 0.0572778 0.0581753 0.0586622 0.058883 0.0588927 0.0585401 0.0573666 0.0546581 0.049748 0.0424697 0.0334538
 0.0041634 0.00658933 0.00961517 0.0131699 0.0172131 0.0217188 0.026611 0.0317309 0.0368639 0.0417845 0.0462794 0.0501603 0.0532939 0.0556371 0.0572491 0.0582663 0.0588533 0.0591379 0.0591303 0.0586297 0.0571682 0.054093 0.048853 0.0413939 0.0323945
 0.0043693 0.00691172 0.0100795 0.0137968 0.0180201 0.0227168 0.0277895 0.0330335 0.0381705 0.0429218 0.0470702 0.0504939 0.0531748 0.0551787 0.0566145 0.0576002 0.05824 0.0585933 0.0586103 0.0580464 0.0564217 0.0531216 0.0476799 0.0401343 0.0312107
 0.00459913 0.00727301 0.0106011 0.0144998 0.0189179 0.0238145 0.0290798 0.03449 0.0397396 0.0445136 0.0485517 0.0516986 0.0539386 0.0553952 0.0562804 0.0568159 0.0571631 0.0573705 0.0573273 0.0567169 0.0550161 0.0516193 0.046115 0.0386075 0.0298556
 0.00486375 0.0076878 0.0111978 0.0153009 0.0199372 0.0250563 0.0305341 0.0361256 0.0415002 0.046318 0.0502958 0.0532571 0.0551699 0.0561575 0.0564621 0.0563731 0.0561396 0.0558841 0.055524 0.0547245 0.0529259 0.0495039 0.0440614 0.0367292 0.0282703
 0.00516614 0.00816101 0.0118768 0.0162093 0.0210874 0.0264494 0.0321548 0.0379355 0.0434349 0.0482902 0.0522017 0.054982 0.0565939 0.0571596 0.0569287 0.0562146 0.0553148 0.0544202 0.0535189 0.0523264 0.0503059 0.0468377 0.0415218 0.0344773 0.026431
 0.00544508 0.0086069 0.0125348 0.0171189 0.0222791 0.0279372 0.0339251 0.0399393 0.0455875 0.0504809 0.0543061 0.0568745 0.0581558 0.0582834 0.057519 0.0561892 0.0546134 0.0530226 0.0514667 0.0497356 0.0473624 0.0437755 0.0385895 0.0318966 0.0243549
 0.00573966 0.00906928 0.0132018 0.0180191 0.0234349 0.0293644 0.035627 0.0418938 0.0477367 0.052727 0.0565185 0.0589056 0.0598614 0.059539 0.058226 0.0562719 0.054016 0.0517154 0.0494647 0.0471237 0.0443117 0.0405351 0.0354481 0.0291209 0.0221284
 0.0060985 0.00962446 0.0139861 0.019048 0.0247098 0.0308768 0.0373578 0.043808 0.0497794 0.0548225 0.0585715 0.0608046 0.0614848 0.0607657 0.0589464 0.0563966 0.0534788 0.0504779 0.0475297 0.0445582 0.0412697 0.0372604 0.0322403 0.0262685 0.0198355
 0.00645384 0.0101803 0.0147826 0.0201098 0.0260445 0.0324733 0.0391802 0.0457921 0.0518368 0.0568527 0.0604754 0.0624913 0.0628728 0.0617794 0.0595128 0.0564437 0.0529402 0.049303 0.0457025 0.042124 0.0383606 0.0341021 0.0291224 0.0234792 0.0175847
 0.00679745 0.0107192 0.0155579 0.0211497 0.0273634 0.0340691 0.0410263 0.0478284 0.0539674 0.0589549 0.0624165 0.0641485 0.0641496 0.0626121 0.0598643 0.0562896 0.0522558 0.0480622 0.0438935 0.039779 0.0355878 0.0310996 0.0261555 0.0208191 0.0154333
 0.00709616 0.0111962 0.0162604 0.022118 0.0286261 0.0356348 0.0428711 0.0498875 0.0561367 0.0611023 0.0643987 0.0658289 0.065414 0.0633815 0.0600992 0.0559826 0.0514167 0.0467059 0.0420403 0.0374743 0.0329313 0.0282644 0.0233743 0.0183335 0.0134252
 0.00745263 0.0117493 0.0170454 0.0231546 0.0299216 0.0371864 0.0446611 0.0518718 0.0582352 0.0631978 0.0663475 0.0674813 0.0666385 0.0640848 0.0602345 0.0555456 0.0504337 0.0452192 0.0401029 0.0351574 0.0303432 0.0255654 0.0207683 0.0160278 0.0115739
 0.00785271 0.0123664 0.0179127 0.0242825 0.0312998 0.0387871 0.0464385 0.0537594 0.0601471 0.0650358 0.0680089 0.0688641 0.0676477 0.0646406 0.0602827 0.0550652 0.0494367 0.0437457 0.0382152 0.0329406 0.0279136 0.0230762 0.0184003 0.0139564 0.00992409
 0.00809718 0.0127592 0.0184955 0.0250919 0.032362 0.0401081 0.0479921 0.0554806 0.0619363 0.0667739 0.0695758 0.0701541 0.0685785 0.0651558 0.06035 0.0546727 0.0485918 0.0424763 0.0365725 0.0310037 0.0257935 0.0209154 0.0163591 0.0121834 0.00852073
 0.00819851 0.0129234 0.0187433 0.0254462 0.0328488 0.0407547 0.0488208 0.0564981 0.0631222 0.068073 0.0708995 0.0713929 0.0696215 0.0659096 0.0607494 0.0546821 0.0482015 0.0416988 0.035444 0.0295879 0.0241861 0.0192416 0.014759 0.0107855 0.00741164
 0.0083266 0.0131268 0.0190408 0.0258531 0.0333756 0.0414049 0.0495879 0.0573633 0.0640558 0.0690366 0.0718471 0.0722701 0.0703664 0.0664576 0.0610424 0.0546778 0.0478788 0.0410599 0.0345145 0.0284195 0.0228582 0.0178591 0.0134395 0.00963553 0.00650209
 0.00836082 0.0131852 0.0191346 0.0259968 0.033587 0.0417029 0.0499887 0.0578745 0.0646706 0.0697309 0.0725805 0.0729919 0.0710226 0.0669967 0.0614173 0.0548476 0.0478119 0.0407397 0.0339459 0.0276336 0.0219153 0.0168445 0.0124508 0.00876299 0.00580674
 0.00828536 0.0130662 0.0189634 0.0257706 0.0333123 0.0414011 0.0496993 0.0576533 0.0645799 0.0698233 0.0728829 0.0734957 0.0716832 0.067742 0.0621612 0.055504 0.0483067 0.041019 0.0339823 0.0274314 0.0215122 0.0163074 0.0118638 0.00820821 0.00534514
 0.00824159 0.012995 0.0188558 0.0256174 0.0331053 0.0411358 0.0493798 0.0572988 0.0642287 0.0695317 0.0727163 0.0735116 0.0719124 0.0681748 0.0627463 0.0561595 0.0489384 0.0415396 0.0343273 0.02757 0.0214512 0.0160885 0.0115522 0.0078746 0.00504732
 0.0082357 0.012985 0.0188394 0.0255913 0.0330644 0.0410725 0.0492851 0.057164 0.0640505 0.0693179 0.0724908 0.0733151 0.0717952 0.0681825 0.0629024 0.0564527 0.0493217 0.0419417 0.0346726 0.0277992 0.0215365 0.0160385 0.0114049 0.00768208 0.0048582
 0.00828816 0.0130547 0.0189156 0.0256544 0.0330914 0.0410457 0.0491984 0.0570243 0.0638722 0.0691174 0.0722833 0.0731166 0.0716267 0.0680711 0.0628765 0.0565316 0.0495033 0.0421969 0.0349503 0.0280417 0.0216988 0.0161021 0.0113806 0.00760118 0.0047574
 0.00834793 0.01314 0.0190214 0.0257669 0.0331898 0.0411064 0.0492002 0.0569535 0.0637277 0.0689124 0.0720439 0.0728749 0.0714128 0.0679083 0.0627814 0.0565151 0.0495689 0.0423357 0.0351375 0.0282394 0.0218669 0.0162124 0.0114254 0.00759267 0.00471868
 0.00835686 0.0131524 0.0190357 0.0257793 0.033194 0.0410936 0.0491601 0.0568761 0.0636066 0.0687491 0.0718506 0.0726736 0.0712312 0.0677732 0.0627124 0.0565217 0.0496502 0.0424814 0.0353281 0.0284473 0.0220613 0.0163668 0.0115263 0.00764202 0.00473022
 0.00833209 0.0131195 0.0189999 0.0257496 0.0331804 0.0411023 0.0491896 0.056916 0.06364 0.068758 0.0718208 0.0726003 0.0711212 0.0676448 0.0625909 0.0564325 0.049612 0.0425017 0.0354015 0.0285575 0.022185 0.0164805 0.011613 0.00769572 0.00475507
 0.00834131 0.0131278 0.0190006 0.0257335 0.0331401 0.0410375 0.0491102 0.05684 0.0635856 0.0687346 0.0718243 0.0726156 0.0711304 0.0676356 0.0625624 0.0563951 0.0495829 0.0424973 0.0354308 0.0286188 0.0222667 0.016566 0.0116869 0.00774908 0.00478675
 0.00838223 0.0131861 0.0190727 0.0258098 0.0332063 0.041078 0.049112 0.0567972 0.0635027 0.068627 0.0717142 0.0725236 0.0710672 0.067599 0.0625418 0.0563797 0.0495687 0.0424883 0.0354351 0.0286418 0.0223074 0.0166168 0.0117373 0.00779032 0.00481493
 0.00840222 0.0132151 0.0191096 0.0258507 0.0332447 0.0411057 0.0491201 0.0567773 0.0634496 0.0685411 0.0716043 0.0724065 0.0709632 0.0675255 0.0625066 0.0563801 0.0495943 0.0425283 0.0354823 0.0286935 0.0223622 0.0166719 0.0117881 0.00783201 0.00484488
