SBPRF35
12.7214
Curr Bio
735863
B35
877420
F35
0.167826
FOFL
0.139432
OFL
85377.6
Bzero
3.63469e+006
#pred survey bio
 3.59348e+006 3.4992e+006 3.40826e+006 3.26489e+006 3.06163e+006 2.86542e+006 2.60547e+006 2.34252e+006 2.09842e+006 1.88143e+006 1.67407e+006 1.48837e+006 1.32847e+006 1.17312e+006 1.03087e+006 899582 794304 732070 684357 652348 634235 611715 586710 561180 541194 534527 532040 534705 536618 535467 544750 566841 576411 587477 607171 617393 625206 631478 634073 648088 655037 664265 667020 671948 676549 683955 670870 670805 670633 675465 677968 716057 741695 2.59664e+007 1.54483e+007 1.56941e+007 1.66435e+007 1.80735e+007 1.97059e+007 2.13224e+007 2.27899e+007 2.40474e+007 2.50829e+007 2.59121e+007 2.65632e+007 2.70676e+007 2.74547e+007 2.77504e+007 2.79755e+007 2.81468e+007 2.82773e+007 2.8377e+007 2.84534e+007 2.85122e+007 2.85576e+007 2.85929e+007 2.86204e+007 2.8642e+007 2.8659e+007 2.86724e+007 2.8683e+007 2.86914e+007 2.86982e+007 2.87035e+007 2.87079e+007 2.87114e+007 2.87142e+007 2.87165e+007 2.87183e+007 2.87198e+007 2.87211e+007 2.8722e+007 2.87229e+007 2.87235e+007 2.87241e+007 2.87245e+007 2.87249e+007 2.87251e+007 2.87254e+007 2.87256e+007 2.87257e+007 2.87259e+007 2.8726e+007 2.87261e+007 2.87261e+007 2.87262e+007 2.87262e+007 2.87263e+007 2.87263e+007 2.87263e+007 2.87264e+007 2.87264e+007 2.87264e+007 2.87264e+007 2.87264e+007 2.87264e+007 2.87264e+007 2.87264e+007 2.87264e+007 2.87264e+007 2.87264e+007 2.87264e+007 2.87264e+007 2.87265e+007 2.87265e+007 2.87265e+007 2.87265e+007 2.87265e+007 2.87265e+007 2.87265e+007 2.87265e+007 2.87265e+007 2.87265e+007 2.87265e+007 2.87265e+007 2.87265e+007 2.87265e+007 2.87265e+007 2.87265e+007 2.87265e+007 2.87265e+007 2.87265e+007 2.87265e+007 2.87265e+007 2.87265e+007 2.87265e+007 2.87265e+007 2.87265e+007 2.87265e+007 2.87265e+007 2.87265e+007 2.87265e+007 2.87265e+007 0 0 0 0 0 0 0 0 0 0 0 0 0 0 0 0 0 0 0 0 0 0 0 0 0
#obs survey bio
 3.25195e+006 3.78531e+006 3.34101e+006 3.07573e+006 1.71306e+006 2.44457e+006 2.53911e+006 3.42841e+006 2.13995e+006 1.27095e+006 1.5334e+006 1.60512e+006 1.41574e+006 966362 819535 692445 627532 761471 688254 791335 558348 612542 488003 574135 636946 613927 505888 539456 394034 538511 396811 589395 479628 542033 732190 815651 464032 880597 465838 517619 623135 573874 523763 890882 778401 675812 708220 643146 621594 448587 714132 736455 667922
#pred catch bio
 94340.5 93797 148152 213338 220427 293335 310316 306092 293298 294742 283175 266139 265774 255099 243656 217076 175760 159389 142194 127738 129222 128537 125847 118030 104740 100412 96098.2 97522.5 101057 93758.1 85642.2 98106.8 97226.9 90480.3 98746.2 100484 101514 104232 95008.2 101960 100373 105947 103925 104011 101354 117650 105101 104634 100184 102053 71882.8 81832.5 99386.5 85377.6 100444 100738 105533 114133 124280 134319 143326 150910 157017 161776 165393 168090 170071 171511 172546 173286 173811 174182 174444 174627 174755 174845 174907 174951 174981 175002 175017 175027 175034 175039 175042 175044 175046 175047 175048 175048 175049 175049 175049 175049 175049 175049 175049 175050 175050 175050 175050 175050 175050 175050 175050 175050 175050 175050 175050 175050 175050 175050 175050 175050 175050 175050 175050 175050 175050 175050 175050 175050 175050 175050 175050 175050 175050 175050 175050 175050 175050 175050 175050 175050 175050 175050 175050 175050 175050 175050 175050 175050 175050 175050 175050 175050 175050 175050 175050 175050 175050 175050 175050 0 0 0 0 0 0 0 0 0 0 0 0 0 0 0 0 0 0 0 0 0 0 0 0 0
#obs catch bio
 0 93455.1 148287 214035 221144 296164 313630 307532 293652 296477 284224 266089 267223 257043 245823 220051 178062 160549 142895 127473 129607 128540 126649 118681 104849 100693 96165.8 97670.4 101831 94571 86488.7 99317.4 98282.6 90927.9 99041.8 100521 102009 104364 95086.7 102561 100778 106179 104380 103960 101462 117809 105069 104679 99982 102583 71764.4 81582.1 99530.1
#pred cpue bio
 3.54779e+006 3.45535e+006 3.36518e+006 3.22168e+006 3.01857e+006 2.82249e+006 2.56361e+006 2.30211e+006 2.05942e+006 1.84347e+006 1.63722e+006 1.45269e+006 1.29383e+006 1.13976e+006 998979 869442 765949 705133 658821 627831 610266 588339 563975 539166 519867 513517 511157 513700 515357 513963 522795 544267 553775 564859 584395 594662 602428 608661 611306 624951 631730 640887 643682 648583 653225 660664 648015 648027 647950 652714 655269 693167 719402 2.52291e+007 1.50226e+007 1.51135e+007 1.58933e+007 1.72642e+007 1.88823e+007 2.04959e+007 2.19629e+007 2.32203e+007 2.42558e+007 2.5085e+007 2.5736e+007 2.62404e+007 2.66276e+007 2.69232e+007 2.71483e+007 2.73196e+007 2.74502e+007 2.75499e+007 2.76262e+007 2.7685e+007 2.77305e+007 2.77657e+007 2.77932e+007 2.78148e+007 2.78318e+007 2.78452e+007 2.78558e+007 2.78642e+007 2.7871e+007 2.78764e+007 2.78807e+007 2.78842e+007 2.7887e+007 2.78893e+007 2.78912e+007 2.78927e+007 2.78939e+007 2.78949e+007 2.78957e+007 2.78963e+007 2.78969e+007 2.78973e+007 2.78977e+007 2.7898e+007 2.78982e+007 2.78984e+007 2.78986e+007 2.78987e+007 2.78988e+007 2.78989e+007 2.7899e+007 2.7899e+007 2.78991e+007 2.78991e+007 2.78991e+007 2.78992e+007 2.78992e+007 2.78992e+007 2.78992e+007 2.78992e+007 2.78992e+007 2.78993e+007 2.78993e+007 2.78993e+007 2.78993e+007 2.78993e+007 2.78993e+007 2.78993e+007 2.78993e+007 2.78993e+007 2.78993e+007 2.78993e+007 2.78993e+007 2.78993e+007 2.78993e+007 2.78993e+007 2.78993e+007 2.78993e+007 2.78993e+007 2.78993e+007 2.78993e+007 2.78993e+007 2.78993e+007 2.78993e+007 2.78993e+007 2.78993e+007 2.78993e+007 2.78993e+007 2.78993e+007 2.78993e+007 2.78993e+007 2.78993e+007 2.78993e+007 2.78993e+007 2.78993e+007 2.78993e+007 2.78993e+007 2.78993e+007 2.78993e+007 0 0 0 0 0 0 0 0 0 0 0 0 0 0 0 0 0 0 0 0 0 0 0 0 0
#obs cpue bio
 3.99758e+006 3.76016e+006 2.87058e+006 3.07407e+006 2.24755e+006 2.84796e+006 2.0877e+006 2.78729e+006 2.6047e+006 1.8683e+006 2.01678e+006 1.67264e+006 845224 1.11752e+006 1.10677e+006 761783 700755 848404 665554 737852 524045 692168 447546 510323 512455 394406 577426 474343 457119 382947 440985 504208 592745 717025 630763 522714 529900 612475 693977 571501 649993 916768 609605 744014 427140 856404 561436 693319 819508 684320 598336 1.18415e+006 609352
#pred surv len freq
 0.00432161 0.0071302 0.0109428 0.0158067 0.0216339 0.0281036 0.034647 0.0406046 0.0454803 0.0491 0.0515754 0.0531535 0.0540844 0.0545645 0.0547282 0.0546612 0.0544191 0.0540304 0.0534564 0.0525058 0.0507666 0.0476683 0.0427381 0.0359509 0.0279264
 0.00456755 0.00743155 0.0112183 0.0159305 0.0214824 0.0276225 0.0338971 0.0397488 0.0447128 0.0485602 0.0513004 0.0530913 0.0541509 0.0547011 0.0549309 0.0549697 0.054878 0.0546428 0.0541552 0.0531614 0.0512331 0.0478471 0.0426225 0.035625 0.0275189
 0.00473092 0.00772796 0.0117131 0.0166816 0.0225006 0.0288253 0.0350912 0.0406764 0.0451554 0.0484433 0.0507254 0.0522712 0.0532999 0.0539544 0.0543347 0.0545228 0.0545723 0.0544714 0.0540909 0.0531366 0.05115 0.0476202 0.042225 0.0351053 0.026974
 0.00490145 0.0080031 0.0121262 0.0172694 0.0233031 0.0298773 0.0363991 0.042184 0.0467175 0.0498348 0.0517013 0.05266 0.0530749 0.0532365 0.0533263 0.0534202 0.0535109 0.0535163 0.0532511 0.0523808 0.0504239 0.0468727 0.0414401 0.0343171 0.0262519
 0.00509483 0.00832306 0.0126178 0.0179773 0.0242627 0.0311013 0.0378658 0.043835 0.0484641 0.051563 0.053269 0.0538971 0.0538087 0.0533458 0.0527949 0.0523509 0.0520848 0.0519238 0.0516357 0.0508193 0.0489401 0.0454703 0.0401341 0.0331477 0.0252729
 0.00520986 0.00852419 0.0129473 0.0184853 0.0249986 0.032099 0.0391281 0.0453256 0.0501121 0.0532743 0.0549362 0.0554018 0.0550191 0.0541226 0.0530164 0.0519534 0.0510956 0.0504607 0.0498688 0.0489187 0.0470411 0.0436685 0.0385012 0.0317447 0.0241469
 0.00537572 0.00879874 0.0133703 0.0190989 0.0258414 0.0331956 0.0404768 0.0468911 0.0518273 0.0550498 0.0566705 0.0569888 0.0563509 0.0550898 0.0535107 0.0518803 0.0504002 0.0491569 0.0480519 0.0467511 0.0447171 0.0413785 0.0364073 0.029967 0.0227534
 0.00560788 0.0091682 0.013912 0.0198411 0.0268027 0.0343795 0.0418648 0.0484393 0.0534709 0.0567131 0.0582757 0.0584586 0.0576066 0.0560482 0.0540823 0.0519728 0.0499328 0.0480848 0.0463959 0.0446151 0.0422819 0.0388706 0.0340531 0.0279479 0.0211741
 0.00590695 0.00964232 0.0146025 0.0207776 0.0279963 0.0358152 0.0434929 0.0501766 0.0552153 0.0583666 0.0597618 0.0597257 0.0586186 0.05677 0.0544679 0.0519605 0.0494497 0.0470669 0.0448189 0.0425278 0.0398244 0.0362611 0.0315433 0.0257608 0.0194504
 0.00615811 0.0100587 0.0152434 0.0217005 0.0292433 0.0373902 0.0453429 0.0521887 0.0572392 0.0602505 0.0613847 0.0610114 0.059533 0.0573058 0.0546256 0.0517302 0.0488023 0.0459595 0.0432206 0.0404572 0.0373823 0.0336372 0.0289828 0.0235003 0.0176519
 0.00641378 0.010475 0.0158716 0.0225903 0.0304344 0.0388991 0.0471458 0.054211 0.0593594 0.0623176 0.0632432 0.0625261 0.0606086 0.0578954 0.0547246 0.0513573 0.0479771 0.0446897 0.0415092 0.0383304 0.034926 0.0310157 0.0264207 0.0212264 0.0158317
 0.00670974 0.0109461 0.016562 0.023535 0.0316536 0.0403902 0.0488733 0.0561035 0.0613164 0.0642251 0.0649866 0.0639976 0.0617124 0.0585555 0.0548935 0.0510196 0.0471434 0.0433853 0.0397681 0.0362058 0.0325124 0.0284675 0.0239421 0.0190274 0.0140677
 0.00695101 0.0113458 0.0171765 0.0244191 0.0328471 0.041897 0.0506446 0.0580356 0.0632725 0.0660681 0.0666049 0.0653125 0.0626696 0.0591144 0.0550208 0.0506907 0.0463475 0.0421305 0.0380855 0.0341566 0.0302 0.0260447 0.0215998 0.0169566 0.0124085
 0.0071901 0.0117402 0.0177809 0.025288 0.034024 0.0433967 0.0524339 0.0600247 0.0653249 0.0680258 0.0683175 0.0666608 0.0635782 0.0595511 0.0549851 0.0501979 0.0454171 0.0407847 0.0363579 0.0321069 0.0279286 0.0236981 0.0193561 0.0149894 0.0108414
 0.00739704 0.0120858 0.0183178 0.0260708 0.035098 0.0447798 0.0540981 0.0618897 0.0672684 0.0699059 0.0699948 0.0680144 0.0645161 0.060017 0.0549605 0.049696 0.044472 0.0394407 0.0346674 0.0301389 0.0257818 0.0215079 0.0172826 0.0131856 0.00941296
 0.00755424 0.0123571 0.0187555 0.0267335 0.0360379 0.0460227 0.0556236 0.0636232 0.0690926 0.0716831 0.0715906 0.069313 0.0654295 0.0604884 0.0549648 0.0492377 0.0435799 0.0381621 0.0330645 0.0282905 0.02379 0.0195004 0.0154025 0.0115645 0.00813829
 0.00764929 0.0125173 0.019008 0.0271104 0.0365732 0.0467456 0.0565487 0.064741 0.0703633 0.0730364 0.072931 0.0705323 0.0664223 0.061167 0.055269 0.0491382 0.0430768 0.037282 0.0318579 0.0268317 0.0221777 0.0178548 0.0138531 0.0102265 0.00708647
 0.00766089 0.0125264 0.0190054 0.0270851 0.0365213 0.0466812 0.0565115 0.0647938 0.0705763 0.073464 0.0735906 0.0713919 0.0674021 0.0621534 0.0561366 0.0497736 0.0433972 0.0372458 0.0314674 0.0261315 0.0212493 0.0168071 0.0128062 0.00928897 0.00633244
 0.00774178 0.0126404 0.019144 0.0272279 0.0366403 0.0467489 0.056511 0.0647273 0.0704712 0.073373 0.0735823 0.0715311 0.0677247 0.0626472 0.0567378 0.05038 0.0438942 0.0375344 0.0314867 0.0258709 0.0207492 0.0161487 0.012092 0.00861812 0.00577697
 0.00786453 0.0128187 0.0193722 0.0274852 0.036894 0.0469615 0.0566474 0.0647615 0.0703933 0.0731964 0.0733476 0.0713019 0.0675729 0.0626318 0.0568822 0.0506598 0.0442398 0.0378499 0.0316792 0.0258786 0.0205588 0.015797 0.0116507 0.00816878 0.00538628
 0.00788653 0.0128605 0.0194449 0.0276003 0.0370566 0.0471625 0.0568583 0.0649387 0.0704914 0.0731859 0.0732275 0.0711019 0.0673457 0.0624393 0.056779 0.0506762 0.0443688 0.0380461 0.0318715 0.0259947 0.0205519 0.0156613 0.0114198 0.00789872 0.00513187
 0.00793062 0.0129324 0.0195539 0.0277554 0.0372651 0.0474266 0.0571707 0.0652775 0.0708195 0.0734552 0.0733899 0.0711241 0.067223 0.0622006 0.0564803 0.0503823 0.0441321 0.0378885 0.0317793 0.0259283 0.0204669 0.0155301 0.011243 0.00770037 0.00494444
 0.00794063 0.0129596 0.0196146 0.027871 0.0374559 0.047703 0.0575248 0.0656823 0.0712342 0.0738344 0.0736903 0.0713095 0.0672683 0.0620985 0.0562471 0.0500582 0.043772 0.0375446 0.0314846 0.0256889 0.0202675 0.0153495 0.0110687 0.00753408 0.00479773
 0.00794998 0.0129765 0.0196439 0.02792 0.0375351 0.0478251 0.0577025 0.065923 0.0715335 0.0741717 0.0740295 0.0716055 0.0674775 0.0621889 0.0562052 0.0498928 0.0435123 0.0372337 0.0311666 0.0253967 0.020016 0.0151384 0.0108914 0.00738597 0.00467842
 0.00804389 0.0131052 0.0197936 0.028064 0.0376427 0.0478755 0.0576959 0.0658821 0.0714948 0.0741713 0.0740896 0.0717265 0.0676375 0.0623502 0.0563261 0.0499405 0.0434727 0.0371143 0.030992 0.025198 0.0198207 0.0149636 0.0107442 0.00726747 0.00458737
 0.00808977 0.0131714 0.0198769 0.0281533 0.0377191 0.0479146 0.0576726 0.0657796 0.0713153 0.0739432 0.0738645 0.0715632 0.0675795 0.062409 0.0564783 0.0501384 0.0436637 0.037258 0.03107 0.0252135 0.0197905 0.0149084 0.0106812 0.00720811 0.00453779
 0.00817782 0.0132977 0.0200355 0.0283274 0.0378846 0.0480463 0.0577497 0.0657874 0.0712458 0.0737973 0.0736559 0.0713213 0.067347 0.0622304 0.0563847 0.0501358 0.0437311 0.037358 0.0311643 0.0252767 0.0198147 0.0148998 0.0106529 0.00717292 0.00450491
 0.00827077 0.0134372 0.0202231 0.0285549 0.038134 0.0482914 0.0579586 0.0659274 0.0712909 0.0737361 0.0734955 0.0710858 0.0670712 0.0619537 0.0561441 0.0499592 0.0436303 0.0373253 0.0311769 0.0253062 0.0198384 0.014907 0.0106438 0.00715423 0.00448407
 0.00832296 0.0135279 0.0203695 0.0287744 0.0384368 0.0486713 0.0583854 0.0663478 0.0716412 0.0739599 0.0735597 0.0709865 0.0668316 0.0616157 0.0557588 0.0495766 0.0432906 0.0370527 0.0309769 0.0251687 0.0197454 0.0148408 0.0105929 0.00711349 0.00445246
 0.00837798 0.0136174 0.0205046 0.028966 0.0386943 0.0489991 0.0587779 0.066785 0.0720861 0.0743616 0.0738619 0.0711406 0.0668103 0.0614213 0.0554226 0.0491504 0.0428333 0.0366167 0.0305988 0.0248657 0.0195172 0.0146766 0.0104782 0.00703532 0.00440089
 0.00833988 0.0135588 0.020423 0.0288632 0.0385778 0.0488836 0.0586862 0.0667452 0.0721249 0.074494 0.0740822 0.0714193 0.0670992 0.0616669 0.0555822 0.0492047 0.0427903 0.0365054 0.0304563 0.0247248 0.0193985 0.0145874 0.0104164 0.00699467 0.00437503
 0.00810631 0.0132075 0.019948 0.0282791 0.0379177 0.0481939 0.0580229 0.0661712 0.0717039 0.0742803 0.0741083 0.0716865 0.0675743 0.0622868 0.0562658 0.0498711 0.0433765 0.0369775 0.0308101 0.0249768 0.0195732 0.0147074 0.010498 0.0070484 0.00440835
 0.00799882 0.0130326 0.0196855 0.0279137 0.0374456 0.047632 0.0574146 0.0655825 0.0712082 0.073938 0.073954 0.0717279 0.0677988 0.0626664 0.0567599 0.0504271 0.0439364 0.0374888 0.0312372 0.0253061 0.0198104 0.0148692 0.0106037 0.00711475 0.00444803
 0.00792732 0.0129122 0.0194967 0.0276357 0.0370617 0.0471371 0.0568242 0.0649369 0.0705694 0.073379 0.0735439 0.071518 0.0678125 0.0628972 0.0571747 0.0509746 0.0445549 0.0381152 0.0318164 0.0257989 0.0201986 0.0151536 0.0107984 0.00723969 0.00452304
 0.00781525 0.012731 0.0192261 0.027258 0.0365657 0.0465246 0.0561161 0.0641762 0.0698169 0.0727038 0.0730134 0.0711889 0.0677234 0.0630621 0.0575788 0.0515755 0.045289 0.0389082 0.0325951 0.0265023 0.020786 0.015608 0.0111242 0.00745597 0.00465578
 0.00781913 0.0127276 0.0192028 0.0271958 0.0364428 0.0463218 0.0558232 0.0637957 0.0693642 0.072207 0.0725115 0.0707298 0.0673595 0.0628422 0.0575388 0.0517282 0.0456193 0.039374 0.0331357 0.0270518 0.0212872 0.0160227 0.0114369 0.00767126 0.00479111
 0.00777621 0.0126698 0.0191372 0.0271343 0.0363959 0.0462904 0.0557927 0.0637386 0.0692501 0.0720159 0.0722427 0.0704045 0.0670164 0.0625305 0.0573091 0.0516227 0.0456619 0.039563 0.0334424 0.0274276 0.0216759 0.0163753 0.011722 0.00787828 0.00492653
 0.00774503 0.0126168 0.019054 0.0270143 0.0362382 0.0461048 0.0556012 0.0635692 0.0691248 0.0719378 0.072194 0.0703557 0.0669439 0.0624301 0.0571997 0.0515398 0.0456441 0.0396378 0.0336156 0.0276804 0.0219708 0.0166686 0.0119771 0.00807472 0.00506125
 0.00785337 0.0127674 0.019233 0.0271922 0.0363773 0.0461717 0.0555788 0.0634613 0.0689535 0.0717352 0.0719911 0.0701724 0.0667841 0.0622856 0.057061 0.0514078 0.0455343 0.0395746 0.0336202 0.0277589 0.0221099 0.0168398 0.0121481 0.00822001 0.00516853
 0.00776369 0.0126481 0.0191013 0.027077 0.0363069 0.0461568 0.0556015 0.0634808 0.0689267 0.0716406 0.0718401 0.0700025 0.0666388 0.0621945 0.0570318 0.0514304 0.0455937 0.0396618 0.0337345 0.0279023 0.0222786 0.0170206 0.0123212 0.00836699 0.00527889
 0.007689 0.0125316 0.0189368 0.0268661 0.0360636 0.0459101 0.0553931 0.0633536 0.0689058 0.0717174 0.0719734 0.0701387 0.0667384 0.0622478 0.0570546 0.0514482 0.0456264 0.0397186 0.0338169 0.0280082 0.0224033 0.0171551 0.0124526 0.00848208 0.00536842
 0.00766373 0.0124802 0.0188406 0.0267029 0.0358144 0.0455707 0.0549843 0.0629232 0.0685193 0.0714394 0.0718468 0.0701706 0.0668994 0.0624867 0.0573198 0.0517053 0.0458625 0.039936 0.0340225 0.0282063 0.0225931 0.0173315 0.012608 0.00860929 0.00546363
 0.00763972 0.0124505 0.0188121 0.0266847 0.0358118 0.0455772 0.054978 0.0628738 0.0684028 0.0712549 0.0716228 0.0699558 0.066743 0.0624177 0.0573386 0.0517895 0.0459822 0.0400673 0.0341533 0.0283333 0.0227161 0.0174485 0.0127143 0.00869907 0.00553285
 0.00758862 0.0123697 0.0186955 0.0265306 0.0356249 0.0453714 0.0547758 0.0627001 0.068275 0.0711742 0.0715758 0.0699259 0.0667244 0.0624203 0.0573805 0.0518835 0.0461265 0.0402465 0.0343466 0.0285229 0.0228905 0.0176015 0.0128423 0.00880011 0.00560699
 0.00753561 0.0122861 0.0185746 0.026368 0.0354203 0.0451299 0.0545106 0.0624334 0.0680352 0.0709896 0.0714657 0.0698951 0.0667628 0.0625105 0.0575072 0.0520387 0.0463079 0.0404512 0.0345659 0.0287431 0.0230967 0.0177818 0.0129899 0.00891299 0.00568707
 0.00746492 0.0121735 0.0184098 0.0261439 0.0351349 0.0447898 0.0541336 0.0620485 0.0676787 0.0706975 0.0712673 0.0698082 0.0667914 0.0626446 0.057726 0.0523163 0.0466196 0.0407771 0.0348906 0.0290528 0.0233781 0.0180233 0.013184 0.00905812 0.00578732
 0.00753252 0.012278 0.0185564 0.0263319 0.035356 0.0450261 0.054357 0.0622241 0.0677721 0.0706859 0.0711473 0.0695973 0.0665232 0.0623594 0.0574607 0.0520974 0.0464604 0.040679 0.0348473 0.0290535 0.0234098 0.0180725 0.0132381 0.00910746 0.00582643
 0.00751449 0.0122496 0.0185156 0.0262779 0.0352905 0.0449534 0.0542847 0.0621605 0.0677233 0.0706523 0.0711227 0.0695726 0.0664916 0.0623211 0.0574239 0.052075 0.0464648 0.0407173 0.0349189 0.0291507 0.0235208 0.018184 0.0133386 0.00918916 0.00588646
 0.00754936 0.012295 0.0185633 0.0263134 0.0352973 0.0449202 0.0542102 0.0620552 0.0676053 0.0705407 0.0710318 0.0695083 0.0664516 0.0622982 0.057411 0.0520695 0.0464698 0.040739 0.0349622 0.0292158 0.023602 0.0182713 0.0134214 0.00925904 0.00593913
 0.00747407 0.0121906 0.0184387 0.0261865 0.0351877 0.0448389 0.0541534 0.0620069 0.0675479 0.0704673 0.070951 0.0694393 0.0664141 0.0623031 0.0574572 0.0521476 0.0465679 0.0408482 0.0350776 0.0293349 0.023721 0.0183846 0.0135217 0.0093405 0.00599922
 0.00725133 0.011864 0.0180141 0.0256948 0.034679 0.0443707 0.0537788 0.0617645 0.0674546 0.0705135 0.0711045 0.0696582 0.0666623 0.0625598 0.0577159 0.0524081 0.0468291 0.0411053 0.0353239 0.0295635 0.0239263 0.0185615 0.0136666 0.00945165 0.00607792
 0.00682447 0.0111826 0.0170157 0.0243408 0.0329743 0.0423893 0.0516808 0.0597841 0.0658486 0.0694895 0.0707649 0.0699858 0.0675459 0.0638393 0.0592257 0.0540056 0.0484067 0.0425885 0.0366635 0.0307287 0.0248999 0.0193387 0.0142544 0.00986897 0.0063533
 0.0064644 0.0106131 0.0161882 0.0232203 0.0315461 0.0406699 0.0497339 0.0577328 0.063872 0.0677989 0.0695649 0.0694295 0.0676979 0.0646611 0.0605894 0.0557314 0.0503056 0.0444961 0.0384555 0.0323215 0.0262451 0.0204164 0.015069 0.0104453 0.00673177
#obs surv len freq
 nan nan nan nan nan nan nan nan nan nan nan nan nan nan nan nan nan nan nan nan nan nan nan nan nan
 0.00448178 0.00734189 0.0111709 0.0159867 0.0216876 0.027964 0.0342793 0.0400117 0.0446923 0.0481569 0.0505153 0.0520116 0.0529042 0.0534169 0.0537314 0.0539865 0.0542651 0.054558 0.0546968 0.0542887 0.0527267 0.0493587 0.0438082 0.0362879 0.0276711
 0.00462081 0.00756811 0.0115114 0.0164659 0.0223213 0.0287503 0.0351898 0.0409887 0.0456561 0.0490214 0.051204 0.052469 0.0531017 0.0533533 0.0534286 0.0534819 0.0536026 0.0537804 0.0538435 0.053397 0.0518356 0.0485116 0.0430503 0.0356575 0.0271893
 0.00477688 0.00782606 0.0119073 0.017036 0.023094 0.0297347 0.0363628 0.0422905 0.0469973 0.0502981 0.0523142 0.0533246 0.0536367 0.0535295 0.0532388 0.0529478 0.0527689 0.0527062 0.052595 0.0520444 0.0504542 0.0471822 0.0418527 0.0346576 0.0264237
 0.00495685 0.00812003 0.0123526 0.0176691 0.0239444 0.0308151 0.0376574 0.0437493 0.0485394 0.0518239 0.0537177 0.0545037 0.0545011 0.0540079 0.0532858 0.052549 0.0519425 0.0515009 0.0510855 0.0503272 0.0486437 0.0454043 0.0402317 0.0332949 0.0253762
 0.00516646 0.00846269 0.0128719 0.0184066 0.0249322 0.0320629 0.0391403 0.0454035 0.0502718 0.0535291 0.0552931 0.055856 0.0555463 0.0546716 0.0535059 0.0522819 0.0511717 0.0502448 0.0494033 0.048321 0.0464557 0.0432043 0.038194 0.0315647 0.0240381
 0.00540117 0.00884477 0.013448 0.0192207 0.0260176 0.0334295 0.0407611 0.0472093 0.0521603 0.0553842 0.0570031 0.0573238 0.0566916 0.0554277 0.0538159 0.052098 0.0504596 0.0489955 0.0476487 0.0461486 0.0440138 0.0406912 0.0358259 0.0295292 0.0224508
 0.00563932 0.0092372 0.0140482 0.0200816 0.0271807 0.0349081 0.0425238 0.0491747 0.0542101 0.0573867 0.0588355 0.0588835 0.0578984 0.0562199 0.0541452 0.0519242 0.0497498 0.0477314 0.0458443 0.0438727 0.0414067 0.0379608 0.0332147 0.0272584 0.0206644
 0.00587962 0.00963118 0.0146476 0.0209375 0.0283344 0.0363766 0.0442836 0.0511543 0.0562984 0.0594522 0.0607471 0.0605253 0.0591771 0.0570665 0.054511 0.0517744 0.049058 0.0464819 0.0440459 0.0415825 0.0387535 0.0351488 0.0304945 0.024869 0.0187689
 0.00613465 0.0100471 0.0152761 0.0218275 0.0295232 0.0378754 0.0460622 0.0531365 0.0583719 0.0614898 0.062626 0.0621381 0.0604351 0.0579003 0.054869 0.05162 0.0483662 0.0452396 0.0422625 0.0393109 0.0361136 0.032336 0.0277559 0.0224471 0.0168354
 0.00636329 0.0104243 0.015854 0.022658 0.0306475 0.0393077 0.0477735 0.0550491 0.0603715 0.0634485 0.0644237 0.0636738 0.0616295 0.0586928 0.055214 0.051483 0.0477212 0.044072 0.0405789 0.0371589 0.0336034 0.0296501 0.0251284 0.0201116 0.0149614
 0.00658211 0.0107847 0.0164052 0.0234488 0.0317177 0.0406722 0.0494071 0.0568802 0.062291 0.0653305 0.066146 0.0651321 0.0627439 0.0594077 0.055494 0.0513056 0.0470713 0.0429416 0.0389764 0.0351277 0.0312434 0.0271275 0.0226588 0.0179124 0.0131923
 0.00681889 0.0111682 0.0169797 0.0242547 0.0327839 0.0420047 0.050976 0.058615 0.0640895 0.0670767 0.0677284 0.0664555 0.0637341 0.0600131 0.0556833 0.051063 0.0463915 0.0418266 0.0374416 0.0332166 0.0290473 0.0247954 0.0203834 0.0158886 0.0115642
 0.00706757 0.0115786 0.0176077 0.025154 0.0339922 0.0435239 0.0527539 0.060543 0.0660226 0.0688666 0.069252 0.0676274 0.0645052 0.0603625 0.0556093 0.0505753 0.045505 0.0405601 0.0358223 0.0312931 0.0269061 0.0225701 0.0182431 0.0140027 0.0100558
 0.00728378 0.0119344 0.0181514 0.0259334 0.0350455 0.0448642 0.0543526 0.0623216 0.0678607 0.0706224 0.070787 0.0688275 0.0652937 0.0607041 0.0555044 0.0500482 0.0445912 0.0392985 0.0342558 0.0294786 0.0249277 0.0205471 0.016321 0.0123239 0.00872122
 0.00742716 0.0121745 0.018526 0.0264827 0.0358048 0.0458513 0.0555556 0.0636928 0.0693217 0.0720768 0.0721326 0.0699663 0.0661402 0.0611937 0.0556005 0.0497443 0.0439067 0.0382711 0.0329362 0.0279314 0.0232384 0.0188252 0.0146926 0.0109079 0.00759968
 0.00752403 0.0123281 0.0187508 0.026792 0.0362113 0.0463673 0.05619 0.0644463 0.0701815 0.0730128 0.0730966 0.0708943 0.0669579 0.0618255 0.0559791 0.0498203 0.0436551 0.0376944 0.0320642 0.0268198 0.0219673 0.0174965 0.013419 0.00979267 0.00671323
 0.00756083 0.0123884 0.0188423 0.0269226 0.0363877 0.0465942 0.0564691 0.0647779 0.0705673 0.0734567 0.0736017 0.0714542 0.0675482 0.0623995 0.0564722 0.0501612 0.0437804 0.0375622 0.0316637 0.0261756 0.0211387 0.0165703 0.0124952 0.00896439 0.00604537
 0.00765436 0.0125262 0.0190234 0.0271373 0.0366212 0.0468319 0.056701 0.0649996 0.0707791 0.073663 0.0738104 0.0716755 0.0677905 0.0626617 0.0567366 0.0503902 0.0439218 0.037562 0.0314822 0.0258022 0.0205993 0.0159246 0.0118231 0.00834515 0.00553755
 0.00771323 0.0126213 0.0191648 0.0273314 0.0368673 0.0471175 0.0570001 0.0652769 0.0710013 0.0738122 0.0738906 0.0717092 0.067808 0.0626893 0.056787 0.0504573 0.04398 0.0375714 0.0314001 0.025599 0.0202721 0.0155025 0.0113599 0.0079025 0.00516516
 0.0077619 0.0126949 0.0192655 0.0274584 0.0370178 0.0472881 0.0571864 0.0654717 0.0711919 0.0739808 0.0740188 0.0717851 0.0678328 0.0626772 0.056759 0.0504308 0.0439592 0.0375433 0.0313388 0.0254768 0.0200738 0.0152351 0.0110529 0.00759781 0.00490118
 0.00781789 0.0127807 0.0193846 0.0276099 0.037196 0.047483 0.0573841 0.0656565 0.0713497 0.0741019 0.0740991 0.0718245 0.0678325 0.0626406 0.0566932 0.0503467 0.0438676 0.0374491 0.0312367 0.0253537 0.0199171 0.0150424 0.0108371 0.00738285 0.00471255
 0.00785295 0.0128374 0.0194691 0.0277269 0.0373471 0.0476642 0.0575838 0.0658561 0.0715278 0.0742402 0.074187 0.0718602 0.0678213 0.0625909 0.056614 0.0502468 0.0437552 0.0373304 0.0311142 0.025225 0.0197774 0.0148898 0.0106769 0.00722773 0.00457734
 0.00786783 0.0128581 0.019494 0.0277532 0.0373723 0.0476885 0.0576113 0.0658936 0.0715809 0.0743096 0.0742671 0.0719408 0.0678911 0.0626413 0.0566408 0.0502496 0.0437365 0.0372934 0.0310618 0.0251586 0.0196973 0.0147973 0.0105769 0.00712876 0.00448934
 0.00789002 0.012889 0.0195308 0.0277897 0.0374005 0.0477012 0.057605 0.0658697 0.0715467 0.0742766 0.0742477 0.0719439 0.0679187 0.0626877 0.056695 0.0502999 0.0437736 0.0373124 0.031061 0.0251387 0.0196601 0.0147461 0.0105168 0.0070666 0.00443263
 0.0078891 0.0128846 0.0195189 0.0277646 0.0373562 0.0476335 0.057514 0.0657609 0.0714309 0.0741684 0.0741634 0.0718983 0.0679214 0.0627402 0.0567898 0.0504218 0.0439042 0.0374344 0.0311618 0.0252113 0.019703 0.0147619 0.0105112 0.0070477 0.00440848
 0.00788372 0.012873 0.019496 0.0277239 0.0372914 0.0475406 0.057394 0.0656208 0.0712827 0.0740272 0.074045 0.0718171 0.0678887 0.0627621 0.0568651 0.050542 0.0440539 0.0375947 0.031314 0.0253406 0.0198009 0.0148267 0.0105467 0.00706103 0.00440822
 0.00788426 0.0128721 0.0194912 0.0277114 0.0372663 0.0474981 0.0573303 0.0655348 0.0711771 0.0739091 0.0739256 0.0717103 0.0678088 0.0627209 0.0568699 0.0505934 0.0441458 0.0377144 0.0314451 0.0254662 0.0199076 0.0149068 0.0105993 0.00709029 0.00442091
 0.0078851 0.0128712 0.0194857 0.0276971 0.0372388 0.047454 0.0572689 0.0654581 0.0710893 0.0738158 0.0738328 0.0716251 0.067739 0.0626748 0.0568551 0.0506149 0.0442038 0.0378035 0.0315544 0.0255816 0.020015 0.0149955 0.0106642 0.00713206 0.00444419
 0.0078632 0.0128338 0.0194263 0.027609 0.0371171 0.0472986 0.0570872 0.0652654 0.0709054 0.0736605 0.0737214 0.0715653 0.0677317 0.0627158 0.0569374 0.0507311 0.0443467 0.0379652 0.0317253 0.0257501 0.0201688 0.0151246 0.0107629 0.00720032 0.00448651
 0.00783707 0.0127924 0.0193657 0.0275262 0.0370099 0.0471666 0.0569327 0.0650948 0.07073 0.0734953 0.0735831 0.0714695 0.0676889 0.0627298 0.0570049 0.0508435 0.0444927 0.0381328 0.0319024 0.0259249 0.0203298 0.0152621 0.0108709 0.0072776 0.00453653
 0.00782436 0.0127676 0.0193209 0.027452 0.0368982 0.0470148 0.056747 0.0648903 0.0705265 0.0733125 0.0734363 0.0713692 0.0676415 0.0627381 0.057068 0.0509562 0.0446452 0.0383123 0.0320946 0.0261155 0.0205058 0.0154132 0.0109908 0.00736481 0.00459426
 0.00781395 0.0127493 0.0192907 0.0274046 0.0368277 0.046916 0.0566171 0.0647313 0.070347 0.0731273 0.0732646 0.0712305 0.0675511 0.0627048 0.0570937 0.0510366 0.0447718 0.0384731 0.0322753 0.0263007 0.020681 0.0155663 0.0111141 0.00745591 0.00465557
 0.00774755 0.0126473 0.0191485 0.0272223 0.0366099 0.0466719 0.0563601 0.0644783 0.0701165 0.0729362 0.0731259 0.0711528 0.0675392 0.0627596 0.0572119 0.0512106 0.0449898 0.0387202 0.0325347 0.0265552 0.0209147 0.0157666 0.0112735 0.00757274 0.00473399
 0.00774491 0.0126324 0.019107 0.0271352 0.0364601 0.0464526 0.0560823 0.0641702 0.0698155 0.0726772 0.0729327 0.0710359 0.0674993 0.0627917 0.0573087 0.0513635 0.0451883 0.0389516 0.0327835 0.0268044 0.0211476 0.0159692 0.0114366 0.00769367 0.00481596
 0.00770762 0.0125768 0.0190319 0.027041 0.0363462 0.0463149 0.0559131 0.0639634 0.0695734 0.0724164 0.0726836 0.070834 0.0673738 0.0627576 0.0573653 0.0514986 0.0453845 0.0391892 0.033043 0.0270665 0.0213941 0.0161849 0.0116114 0.00782397 0.00490479
 0.00767713 0.0125264 0.0189547 0.0269312 0.0362014 0.0461387 0.0557165 0.0637621 0.0693826 0.0722453 0.0725352 0.0707107 0.0672827 0.0627117 0.0573786 0.0515791 0.0455298 0.0393873 0.0332751 0.0273114 0.021631 0.0163962 0.0117851 0.00795506 0.00499506
 0.00765862 0.0124956 0.0189071 0.026862 0.0361061 0.0460148 0.0555656 0.0635913 0.069204 0.0720743 0.0723863 0.0705942 0.0672037 0.0626723 0.0573807 0.0516264 0.0456252 0.0395293 0.0334553 0.0275143 0.0218374 0.0165873 0.0119466 0.00807939 0.00508203
 0.00762995 0.0124529 0.0188498 0.0267918 0.0360259 0.0459272 0.0554717 0.0634913 0.0690985 0.0719657 0.0722801 0.0704983 0.0671271 0.062623 0.0573646 0.0516467 0.0456836 0.0396255 0.0335854 0.0276693 0.0220034 0.016748 0.0120874 0.00819104 0.00516192
 0.00759959 0.0124037 0.0187764 0.0266901 0.0358952 0.0457721 0.0553036 0.0633269 0.0689552 0.0718557 0.0722077 0.0704608 0.0671191 0.0626399 0.0574048 0.0517106 0.0457724 0.0397392 0.0337215 0.0278217 0.0221623 0.0169009 0.012222 0.00829878 0.00523989
 0.00760015 0.012403 0.0187724 0.0266795 0.0358736 0.0457351 0.0552482 0.0632528 0.0688658 0.0717589 0.0721134 0.0703789 0.0670565 0.0625994 0.0573864 0.0517138 0.0457974 0.0397868 0.0337915 0.0279113 0.0222648 0.0170068 0.0123205 0.00838125 0.00530181
 0.00757978 0.0123727 0.018732 0.0266305 0.0358184 0.0456761 0.0551868 0.0631895 0.0688011 0.0716938 0.0720509 0.0703236 0.0670142 0.0625753 0.0573837 0.0517333 0.0458377 0.0398458 0.0338668 0.0279996 0.022361 0.0171035 0.0124098 0.008456 0.00535827
 0.00756866 0.0123555 0.0187076 0.0265989 0.0357807 0.0456346 0.055145 0.0631511 0.0687687 0.0716677 0.0720287 0.0703021 0.0669915 0.0625526 0.0573652 0.0517243 0.0458429 0.0398677 0.0339055 0.028053 0.0224249 0.0171719 0.0124756 0.00851303 0.00540259
 0.0075331 0.0123024 0.0186365 0.0265126 0.0356846 0.0455354 0.0550501 0.0630679 0.0687041 0.0716269 0.0720138 0.0703116 0.0670202 0.062594 0.0574135 0.0517761 0.0458977 0.0399269 0.0339704 0.0281234 0.0224985 0.0172444 0.012542 0.00856882 0.00544513
 0.00750288 0.0122505 0.0185539 0.0263902 0.0355173 0.0453269 0.0548159 0.0628347 0.0685027 0.0714832 0.0719422 0.070313 0.0670854 0.062708 0.057559 0.0519373 0.0460623 0.0400866 0.0341207 0.0282619 0.0226233 0.0173534 0.0126328 0.00863969 0.00549632
 0.00752959 0.0122878 0.0185984 0.0264339 0.0355482 0.0453317 0.0547829 0.0627575 0.0683835 0.0713345 0.0717852 0.0701723 0.0669815 0.0626521 0.0575517 0.0519708 0.0461246 0.0401657 0.0342069 0.0283483 0.0227053 0.0174274 0.012696 0.00869031 0.00553368
 0.00752669 0.0122908 0.0186165 0.0264789 0.0356299 0.0454502 0.0549242 0.0628941 0.0684828 0.0713702 0.0717468 0.0700678 0.066834 0.0624912 0.0574048 0.0518566 0.0460504 0.0401293 0.0342005 0.0283625 0.0227315 0.0174589 0.0127276 0.00871825 0.00555584
 0.00751508 0.0122703 0.0185834 0.0264308 0.035568 0.0453831 0.0548679 0.0628674 0.0684984 0.0714262 0.0718249 0.0701408 0.0668782 0.0624966 0.0573776 0.0518138 0.0460112 0.0401072 0.0342007 0.0283824 0.0227644 0.0174971 0.0127646 0.00874985 0.00557997
 0.00748734 0.0122291 0.0185283 0.0263636 0.0354918 0.0453012 0.0547838 0.0627868 0.0684308 0.0713841 0.0718197 0.070176 0.0669456 0.0625785 0.0574545 0.0518732 0.0460517 0.0401363 0.0342281 0.0284149 0.022803 0.0175387 0.0128043 0.00878341 0.00560536
 0.00746932 0.0121977 0.0184775 0.0262872 0.0353863 0.0451685 0.0546336 0.0626357 0.0682978 0.0712855 0.0717658 0.0701711 0.0669883 0.0626619 0.057566 0.0519966 0.0461717 0.0402432 0.0343193 0.0284929 0.0228712 0.0175986 0.0128552 0.00882405 0.00563509
 0.00746932 0.0121977 0.0184775 0.0262872 0.0353863 0.0451685 0.0546336 0.0626357 0.0682978 0.0712855 0.0717658 0.0701711 0.0669883 0.0626619 0.057566 0.0519966 0.0461717 0.0402432 0.0343193 0.0284929 0.0228712 0.0175986 0.0128552 0.00882405 0.00563509
 0.00716243 0.0117083 0.017761 0.025314 0.0341544 0.0437198 0.0530671 0.0611043 0.0669802 0.070343 0.0713032 0.0702188 0.0675062 0.063558 0.058721 0.0532869 0.0474865 0.041495 0.0354477 0.0294624 0.0236673 0.018222 0.0133182 0.00914728 0.00584513
 0.00710723 0.0115861 0.0175172 0.0248783 0.0334585 0.0427259 0.0517954 0.0596426 0.0654714 0.0689565 0.0702022 0.0695321 0.0673076 0.063855 0.0594565 0.0543543 0.0487537 0.0428296 0.0367363 0.0306219 0.024647 0.0190013 0.0139006 0.00955405 0.00610884
#pred catch len freq
 0.00433828 0.0068779 0.0100585 0.0138118 0.018094 0.0228634 0.0280105 0.0333271 0.0385475 0.0434129 0.0477134 0.0513054 0.0541221 0.0561733 0.0575272 0.0582865 0.0585688 0.058479 0.0580442 0.0571106 0.0552671 0.0519159 0.0465552 0.0391652 0.0304244
 0.00461624 0.0072381 0.0104341 0.0140916 0.0181627 0.0226595 0.0275667 0.0327617 0.0380076 0.0430061 0.0474697 0.0511879 0.0540732 0.0561617 0.0575709 0.0584405 0.0588863 0.0589648 0.058626 0.0576486 0.0556054 0.0519519 0.0462878 0.0386918 0.0298891
 0.00480815 0.00755906 0.010927 0.0147839 0.0190399 0.0236361 0.02848 0.0334117 0.038238 0.0427821 0.0468955 0.0504492 0.0533449 0.0555463 0.0570973 0.0581044 0.0586851 0.0588984 0.0586696 0.0577308 0.0556193 0.0518019 0.0459415 0.0381984 0.0293517
 0.00503897 0.00791683 0.0114361 0.0154634 0.0199088 0.0247128 0.029766 0.034858 0.0397145 0.04408 0.0477835 0.0507644 0.0530652 0.0547936 0.0560722 0.0570001 0.0576339 0.0579627 0.0578561 0.0570045 0.0549202 0.0510725 0.0451613 0.0374017 0.0286127
 0.00526731 0.00827777 0.0119607 0.0161756 0.020824 0.0258364 0.0310894 0.0363548 0.0413347 0.0457391 0.0493479 0.0520514 0.0538767 0.0549825 0.0556057 0.0559768 0.05624 0.0563975 0.05627 0.0554759 0.0534702 0.0496992 0.0438747 0.0362401 0.0276317
 0.0054586 0.00858446 0.0124154 0.0168088 0.0216623 0.026898 0.0323763 0.037845 0.0429792 0.0474636 0.0510554 0.0536215 0.0551643 0.0558284 0.0558678 0.0555772 0.0552023 0.0548461 0.0543882 0.0534481 0.0514423 0.0477741 0.0421289 0.0347387 0.0264252
 0.00568485 0.00894017 0.0129296 0.0175041 0.0225562 0.0280026 0.0336938 0.0393597 0.0446518 0.0492288 0.0528243 0.0552862 0.0566038 0.0569131 0.056467 0.0555759 0.0545315 0.0535148 0.0524971 0.0511723 0.0489918 0.0453541 0.0399132 0.0328556 0.0249476
 0.00597933 0.00939277 0.0135632 0.0183262 0.0235627 0.0291843 0.0350372 0.0408436 0.0462422 0.0508767 0.054465 0.0568404 0.0579791 0.0580059 0.0571655 0.0557673 0.0541183 0.0524425 0.0507847 0.0489313 0.0464183 0.0426933 0.03741 0.0307058 0.0232645
 0.00634826 0.00995843 0.0143516 0.0193404 0.0247869 0.0305889 0.0365813 0.0424748 0.0478982 0.0524923 0.0559785 0.0581959 0.0591226 0.0588791 0.0576993 0.0558791 0.0537184 0.0514547 0.0491794 0.0467602 0.0438331 0.039931 0.0347436 0.0283773 0.0214269
 0.00668547 0.0104891 0.0151179 0.0203704 0.026091 0.032154 0.0383626 0.0443918 0.0498426 0.0543462 0.0576347 0.0595715 0.0601638 0.059555 0.0579887 0.0557547 0.0531373 0.0503639 0.0475418 0.0445949 0.0412498 0.0371366 0.0320058 0.0259543 0.019496
 0.00702546 0.0110189 0.0158738 0.0213754 0.0273558 0.0336783 0.0401282 0.0463512 0.0519109 0.0564025 0.0595365 0.0611779 0.0613611 0.0602736 0.0582032 0.0554679 0.0523576 0.0490915 0.0457755 0.0423614 0.0386424 0.034335 0.0292558 0.0235068 0.0175335
 0.00740972 0.0116092 0.0166994 0.0224437 0.0286576 0.0351936 0.0418274 0.0481905 0.0538276 0.0583131 0.061339 0.0627573 0.0626006 0.0610714 0.0584884 0.055208 0.0515533 0.0477636 0.0439578 0.0401104 0.0360614 0.0315935 0.0265786 0.0211253 0.0156196
 0.00776621 0.0121676 0.0175006 0.0235121 0.0299982 0.036788 0.0436279 0.0501177 0.0557789 0.0601798 0.0630206 0.0641683 0.0636685 0.0617334 0.0586912 0.0549124 0.0507398 0.046437 0.0421508 0.0378903 0.0335426 0.0289453 0.0240124 0.0188532 0.0137973
 0.00811764 0.0127173 0.0182886 0.0245639 0.0313243 0.0383811 0.045455 0.0521109 0.0578334 0.0621632 0.0647928 0.0656039 0.0646754 0.0622596 0.0587187 0.0544434 0.0497859 0.0450171 0.0402993 0.0356728 0.0310705 0.0263813 0.0215545 0.0166944 0.0120754
 0.00844065 0.0132247 0.0190198 0.0255461 0.0325703 0.0398863 0.0471895 0.0540124 0.0598069 0.0640891 0.0665399 0.0670443 0.0657005 0.0627942 0.0587286 0.0539322 0.0487835 0.0435681 0.0384599 0.0335187 0.0287117 0.0239686 0.0192664 0.0147015 0.0104959
 0.00866067 0.0135802 0.0195515 0.0262924 0.0335625 0.0411394 0.0486907 0.0557119 0.061618 0.0658977 0.0682183 0.0684669 0.0667574 0.0634034 0.0588428 0.0535404 0.0479066 0.0422518 0.0367701 0.0315423 0.0265622 0.0217888 0.0172163 0.0129287 0.00909903
 0.0087209 0.013684 0.0197207 0.0265556 0.0339554 0.0417017 0.0494575 0.0567026 0.0628224 0.0672663 0.0696606 0.0698624 0.0679757 0.0643257 0.0593788 0.0536363 0.0475463 0.0414546 0.0355868 0.0300538 0.0248786 0.0200453 0.0155588 0.011488 0.00796135
 0.00872759 0.0136874 0.019713 0.026529 0.033909 0.0416513 0.0494432 0.0567861 0.063074 0.0677424 0.0703821 0.0707996 0.0690469 0.0654098 0.0603384 0.0543439 0.0479071 0.0414193 0.0351557 0.0292751 0.0238427 0.0188742 0.0143874 0.0104381 0.00711658
 0.00879314 0.0137773 0.0198172 0.0266265 0.0339727 0.0416572 0.0493804 0.0566654 0.0629322 0.0676407 0.0703947 0.070993 0.0694544 0.0660123 0.0610606 0.0550695 0.0485064 0.0417804 0.0352097 0.0290097 0.0233033 0.0181522 0.0135984 0.00969391 0.00649883
 0.00890236 0.0139329 0.02001 0.0268328 0.0341587 0.041788 0.0494283 0.0566158 0.0627874 0.0674236 0.0701507 0.0707861 0.0693547 0.0660749 0.0613037 0.0554602 0.0489635 0.0421948 0.0354767 0.0290599 0.0231224 0.0177822 0.0131209 0.00920175 0.00606812
 0.00895458 0.0140172 0.020135 0.0270033 0.0343717 0.0420279 0.0496639 0.0568043 0.062886 0.0674046 0.0700138 0.0705613 0.0690968 0.0658507 0.061174 0.0554603 0.0490882 0.0423951 0.0356741 0.0291742 0.0231011 0.0176188 0.012853 0.00889212 0.00577799
 0.00903219 0.014137 0.0203037 0.0272237 0.0346429 0.042345 0.0500158 0.057169 0.0632277 0.0676764 0.0701672 0.0705625 0.0689412 0.0655699 0.0608289 0.0551224 0.048815 0.042211 0.0355639 0.0290936 0.0230004 0.0174672 0.0126511 0.00866675 0.00556562
 0.00906166 0.014191 0.0203962 0.0273709 0.0348598 0.0426384 0.0503788 0.0575789 0.0636493 0.0680675 0.0704841 0.0707644 0.068997 0.0654673 0.0605824 0.0547745 0.0484256 0.0418381 0.0352441 0.0288337 0.0227835 0.0172695 0.0124587 0.00848224 0.00540216
 0.00906212 0.0141944 0.0204068 0.0273965 0.0349123 0.0427333 0.0505324 0.0578032 0.0639442 0.0684153 0.0708486 0.0710973 0.0692489 0.0655991 0.0605744 0.0546315 0.0481763 0.0415278 0.0349208 0.0285336 0.0225232 0.0170492 0.0122717 0.00832401 0.00527323
 0.00912126 0.0142709 0.0204863 0.0274549 0.0349244 0.042686 0.050435 0.0576883 0.0638577 0.0684001 0.0709295 0.0712722 0.0694881 0.0658541 0.0607917 0.054768 0.0482111 0.0414657 0.0347871 0.0283624 0.0223452 0.0168843 0.012129 0.00820611 0.00518051
 0.0091557 0.014319 0.0205432 0.0275089 0.0349569 0.042675 0.0503599 0.0575384 0.0636419 0.0681521 0.0707036 0.0711268 0.0694647 0.06596 0.0609979 0.0550206 0.0484513 0.0416488 0.0348927 0.0283944 0.0223227 0.0168307 0.0120642 0.00814338 0.00512723
 0.00923776 0.0144349 0.0206851 0.027658 0.0350882 0.0427641 0.0503894 0.0574991 0.0635316 0.0679761 0.0704778 0.0708813 0.0692418 0.0658041 0.0609391 0.0550619 0.0485672 0.0417959 0.0350279 0.028489 0.0223683 0.0168348 0.012042 0.00811025 0.00509425
 0.00935574 0.0146089 0.0209132 0.0279252 0.0353686 0.0430258 0.0505997 0.0576287 0.0635601 0.0678963 0.0702983 0.0706254 0.0689437 0.0655036 0.0606759 0.0548674 0.0484554 0.0417593 0.0350414 0.0285213 0.0223941 0.016842 0.0120311 0.00808864 0.00507038
