SBPRF35
12.7214
Curr Bio
861662
B35
858428
F35
0.17114
FOFL
0.170083
OFL
118474
Bzero
3.63469e+006
#pred survey bio
 3.10303e+006 2.82894e+006 2.55503e+006 2.32631e+006 2.05078e+006 1.84317e+006 1.62362e+006 1.43452e+006 1.27697e+006 1.14192e+006 1.00975e+006 904950 809830 739460 684737 633126 603410 576759 565740 558021 558922 568762 563400 552430 558835 560001 564007 561565 572524 581031 597883 607703 612737 620202 639006 652776 668098 671741 680034 676548 687595 696324 695962 704684 710536 706272 710846 734663 753322 762836 793282 803724 814277 816762 846402 867149 3.00507e+007 1.78777e+007 1.8031e+007 1.87813e+007 1.99432e+007 2.12773e+007 2.26005e+007 2.38022e+007 2.48322e+007 2.56807e+007 2.63606e+007 2.68951e+007 2.73097e+007 2.76286e+007 2.78727e+007 2.80592e+007 2.82016e+007 2.83105e+007 2.8394e+007 2.84583e+007 2.8508e+007 2.85466e+007 2.85767e+007 2.86003e+007 2.86189e+007 2.86336e+007 2.86452e+007 2.86545e+007 2.86619e+007 2.86678e+007 2.86725e+007 2.86764e+007 2.86795e+007 2.8682e+007 2.8684e+007 2.86856e+007 2.8687e+007 2.86881e+007 2.8689e+007 2.86897e+007 2.86903e+007 2.86907e+007 2.86911e+007 2.86915e+007 2.86917e+007 2.86919e+007 2.86921e+007 2.86923e+007 2.86924e+007 2.86925e+007 2.86925e+007 2.86926e+007 2.86927e+007 2.86927e+007 2.86927e+007 2.86928e+007 2.86928e+007 2.86928e+007 2.86928e+007 2.86928e+007 2.86929e+007 2.86929e+007 2.86929e+007 2.86929e+007 2.86929e+007 2.86929e+007 2.86929e+007 2.86929e+007 2.86929e+007 2.86929e+007 2.86929e+007 2.86929e+007 2.86929e+007 2.86929e+007 2.86929e+007 2.86929e+007 2.86929e+007 2.86929e+007 2.86929e+007 2.86929e+007 2.86929e+007 2.86929e+007 2.86929e+007 2.86929e+007 2.86929e+007 2.86929e+007 2.86929e+007 2.86929e+007 2.86929e+007 2.86929e+007 2.86929e+007 2.86929e+007 2.86929e+007 2.86929e+007 2.86929e+007 2.86929e+007 2.86929e+007 2.86929e+007 2.86929e+007 2.86929e+007 0 0 0 0 0 0 0 0 0 0 0 0 0 0 0 0 0 0 0 0 0 0 0 0 0
#obs survey bio
 2.58083e+006 3.79303e+006 2.98274e+006 1.76787e+006 1.83647e+006 1.64317e+006 1.11568e+006 1.59412e+006 1.07647e+006 720923 756514 715817 1.1207e+006 973946 768807 696839 453396 519650 711043 505129 477523 577324 604651 701553 493191 752466 611242 583136 639848 648676 574462 576167 514313 556428 623991 748205 913411 726031 771730 588547 511188 839883 743618 778628 822186 826589 702237 713897 723851 1.1661e+006 866913 801514 692064 876146 1.04163e+006 873282
#pred catch bio
 292988 307969 282612 340098 292178 314308 295050 272094 255174 253381 228169 215752 187918 167804 158889 135716 130603 116000 112967 106404 100412 113277 115710 99256.6 102745 99121.9 103358 91662.5 94463.8 88560.9 95784.6 100327 98631.8 90241.2 96247.9 96201.2 106678 103146 113941 102786 106553 114880 107235 109862 117694 109247 93479 99222.4 107524 90414.8 108590 109125 116725 94096.7 101558 123063 118474 117923 117662 121207 128079 136309 144478 151807 157970 162922 166771 169689 171859 173449 174600 175425 176013 176429 176722 176928 177072 177172 177242 177291 177324 177348 177364 177375 177383 177388 177392 177394 177396 177397 177398 177399 177399 177399 177399 177400 177400 177400 177400 177400 177400 177400 177400 177400 177400 177400 177400 177400 177400 177400 177400 177400 177400 177400 177400 177400 177400 177400 177400 177400 177400 177400 177400 177400 177400 177400 177400 177400 177400 177400 177400 177400 177400 177400 177400 177400 177400 177400 177400 177400 177400 177400 177400 177400 177400 177400 177400 177400 177400 177400 177400 177400 177400 177400 177400 177400 0 0 0 0 0 0 0 0 0 0 0 0 0 0 0 0 0 0 0 0 0 0 0 0 0
#obs catch bio
 241354 308166 282235 342615 293100 316970 299064 274393 257307 255965 231599 220470 189315 167197 157718 134647 130688 116356 113108 106790 101311 114597 116747 99152.9 103043 98859.3 103245 91228.4 94308.6 88209.7 95764.5 100285 98828.3 90154.4 96298.6 96191.4 106518 102623 113754 102822 106978 115418 107367 110064 117970 109136 93044.9 98971 107936 90050.8 108608 109042 117287 94271.6 101409 123243
#pred cpue bio
 3.05463e+006 2.78225e+006 2.50989e+006 2.28169e+006 2.00745e+006 1.80058e+006 1.58232e+006 1.39462e+006 1.23851e+006 1.10476e+006 974030 870631 777705 709671 656918 606883 577887 551725 540861 533231 533830 543313 538429 528241 534846 536284 540506 538333 549044 557320 573730 583334 588290 595597 613921 627305 642321 645980 653981 650301 660796 669225 668986 677651 683543 679598 684218 707601 725964 735388 765346 775637 785771 788063 817401 838611 2.90997e+007 1.73216e+007 1.73438e+007 1.79416e+007 1.9049e+007 2.03701e+007 2.16906e+007 2.28919e+007 2.39218e+007 2.47703e+007 2.54502e+007 2.59846e+007 2.63992e+007 2.67181e+007 2.69623e+007 2.71487e+007 2.72911e+007 2.74e+007 2.74836e+007 2.75479e+007 2.75976e+007 2.76362e+007 2.76663e+007 2.76899e+007 2.77085e+007 2.77232e+007 2.77348e+007 2.77441e+007 2.77514e+007 2.77574e+007 2.77621e+007 2.77659e+007 2.7769e+007 2.77715e+007 2.77736e+007 2.77752e+007 2.77765e+007 2.77776e+007 2.77785e+007 2.77792e+007 2.77798e+007 2.77803e+007 2.77807e+007 2.7781e+007 2.77813e+007 2.77815e+007 2.77817e+007 2.77818e+007 2.77819e+007 2.7782e+007 2.77821e+007 2.77822e+007 2.77822e+007 2.77823e+007 2.77823e+007 2.77823e+007 2.77824e+007 2.77824e+007 2.77824e+007 2.77824e+007 2.77824e+007 2.77824e+007 2.77824e+007 2.77824e+007 2.77824e+007 2.77824e+007 2.77825e+007 2.77825e+007 2.77825e+007 2.77825e+007 2.77825e+007 2.77825e+007 2.77825e+007 2.77825e+007 2.77825e+007 2.77825e+007 2.77825e+007 2.77825e+007 2.77825e+007 2.77825e+007 2.77825e+007 2.77825e+007 2.77825e+007 2.77825e+007 2.77825e+007 2.77825e+007 2.77825e+007 2.77825e+007 2.77825e+007 2.77825e+007 2.77825e+007 2.77825e+007 2.77825e+007 2.77825e+007 2.77825e+007 2.77825e+007 2.77825e+007 2.77825e+007 2.77825e+007 2.77825e+007 0 0 0 0 0 0 0 0 0 0 0 0 0 0 0 0 0 0 0 0 0 0 0 0 0
#obs cpue bio
 4.01928e+006 2.52578e+006 1.85057e+006 2.00258e+006 2.04388e+006 1.62439e+006 1.32428e+006 1.54421e+006 1.30049e+006 1.54448e+006 780661 658949 929005 943885 823694 592281 521995 467279 493821 465603 342040 485098 553956 617838 512857 553513 520064 614399 460767 553394 492916 644941 575388 727559 636090 516911 627924 719200 543216 520069 667326 571665 679885 585458 629642 741464 849685 696264 499012 677544 678335 718626 686890 567275 1.12711e+006 797887
#pred surv len freq
 0.00539848 0.00873248 0.0130798 0.0183943 0.0245256 0.0311396 0.0376874 0.0435314 0.0481813 0.0514567 0.0534643 0.0544574 0.0547091 0.0544515 0.0538637 0.0530772 0.0521893 0.0512641 0.0502918 0.0491061 0.0473166 0.0443671 0.0397792 0.0334898 0.0260456
 0.00573767 0.00921533 0.0136843 0.0190697 0.0252235 0.0318539 0.0384732 0.0444786 0.0493521 0.0528238 0.054894 0.0557522 0.0556838 0.0549997 0.0539803 0.0528331 0.0516777 0.0505457 0.0493666 0.0479262 0.0458392 0.0426169 0.0378808 0.0316421 0.0244496
 0.00607625 0.00976966 0.0145208 0.0202394 0.0267372 0.0336543 0.0404228 0.0463892 0.0510512 0.0542199 0.05599 0.0565952 0.0562945 0.0553389 0.0539728 0.0524213 0.0508564 0.0493553 0.0478596 0.0461423 0.0438141 0.0404191 0.0356419 0.029545 0.0226731
 0.00630967 0.0101516 0.0151019 0.0210727 0.0278718 0.035121 0.0422116 0.048427 0.0531957 0.0562795 0.0577705 0.057954 0.0571718 0.0557453 0.0539454 0.0519841 0.0500126 0.0481062 0.0462254 0.0441709 0.0415839 0.0380464 0.0332847 0.027385 0.0208715
 0.00668279 0.0107419 0.0159603 0.0222373 0.0293634 0.0369361 0.0443125 0.0507353 0.0555951 0.0586254 0.0599013 0.0597054 0.0583996 0.0563538 0.0539052 0.0513245 0.048794 0.0463931 0.0440795 0.041665 0.0388238 0.0351851 0.0305159 0.0249111 0.0188528
 0.00694183 0.0111624 0.0165923 0.023127 0.0305455 0.0384209 0.0460728 0.0527026 0.0576695 0.0606945 0.0618531 0.0614306 0.059788 0.0572961 0.054306 0.0511216 0.0479714 0.0449807 0.0421439 0.039304 0.0361711 0.0324158 0.0278374 0.0225289 0.016922
 0.00720005 0.0115889 0.0172465 0.0240687 0.0318227 0.0400509 0.0480228 0.054882 0.059943 0.0629086 0.0638637 0.0631199 0.0610685 0.0581044 0.054593 0.0508477 0.0471103 0.0435319 0.0401467 0.0368479 0.0334015 0.0295298 0.0250623 0.0200814 0.0149567
 0.00746524 0.0120086 0.0178582 0.0249032 0.032903 0.0413889 0.0496105 0.0566816 0.0618815 0.0648808 0.0657432 0.0647759 0.0623836 0.0589882 0.0549851 0.0507119 0.0464271 0.0422983 0.0383867 0.0346311 0.0308576 0.0268485 0.0224692 0.0177912 0.0131208
 0.00776342 0.0124755 0.0185276 0.0257945 0.0340189 0.0427125 0.0511014 0.0582772 0.0635056 0.0664572 0.067203 0.0660558 0.0634192 0.0597122 0.055332 0.0506263 0.0458701 0.0412522 0.036863 0.0326837 0.028597 0.0244447 0.0201303 0.0157187 0.0114581
 0.00804464 0.0129257 0.0191913 0.0267065 0.0351955 0.0441393 0.0527218 0.0599921 0.0651913 0.0679938 0.0684995 0.0670592 0.0641081 0.060081 0.0553754 0.05033 0.0452118 0.0402113 0.0354364 0.0309051 0.0265534 0.02228 0.0180266 0.0138557 0.00996462
 0.00825774 0.013287 0.0197623 0.0275518 0.0363676 0.0456531 0.0545314 0.0619835 0.0672001 0.0698409 0.0700277 0.068159 0.0647288 0.0602261 0.0550862 0.0496614 0.0442114 0.0389106 0.0338585 0.0290851 0.0245612 0.0202312 0.0160714 0.0121435 0.00860228
 0.00817102 0.0131953 0.0197168 0.0276355 0.0366789 0.0462783 0.055515 0.0633106 0.0687939 0.0715721 0.0717337 0.06967 0.0658987 0.060958 0.0553437 0.0494615 0.0436046 0.0379584 0.032621 0.0276232 0.0229501 0.018572 0.0144868 0.0107549 0.00749619
 0.00812229 0.0131189 0.0196102 0.0275067 0.0365557 0.0462164 0.0555986 0.0636361 0.0694372 0.0725515 0.0729885 0.0710676 0.0672658 0.0621227 0.0561708 0.0498735 0.0435834 0.0375342 0.0318545 0.0265924 0.0217459 0.0172979 0.0132546 0.00966786 0.00662698
 0.00821024 0.013229 0.0197157 0.0275633 0.0365154 0.0460506 0.0553189 0.0633038 0.0691545 0.0724377 0.0731458 0.0715459 0.0680387 0.063086 0.0571683 0.0507386 0.0441812 0.0377873 0.0317487 0.0261673 0.0210797 0.0164925 0.0124193 0.00890166 0.00599989
 0.00836497 0.0134595 0.0200213 0.0279244 0.0368927 0.0463872 0.0555489 0.0633677 0.069023 0.0721352 0.072757 0.0711962 0.0678522 0.0631387 0.0574583 0.0511858 0.0446558 0.0381534 0.0319054 0.0260724 0.0207527 0.0160007 0.0118544 0.00835435 0.00553786
 0.0086639 0.0139094 0.0206303 0.0286738 0.0377388 0.047267 0.056384 0.064068 0.069498 0.0723138 0.0726119 0.0707609 0.0672203 0.0624419 0.0568261 0.0507031 0.0443373 0.0379476 0.0317251 0.0258366 0.0204187 0.015576 0.0113859 0.00790388 0.00515759
 0.00884118 0.0141859 0.0210235 0.0291895 0.0383667 0.0479769 0.0571226 0.0647624 0.0700683 0.0726906 0.0727509 0.0706499 0.0668811 0.0619294 0.0562218 0.0500983 0.0438068 0.0375259 0.0313987 0.0255593 0.0201411 0.0152718 0.0110615 0.00758924 0.00488663
 0.00895023 0.014366 0.0212993 0.0295843 0.0388961 0.0486385 0.0578864 0.0655685 0.0708347 0.0733296 0.073187 0.0708329 0.0667937 0.0615895 0.0556799 0.0494296 0.0430967 0.0368496 0.0308035 0.0250572 0.0197175 0.0149042 0.0107368 0.00730867 0.00465934
 0.00903923 0.0144887 0.0214446 0.0297314 0.0390249 0.0487438 0.0579862 0.0656988 0.0710316 0.0736078 0.073527 0.0711837 0.0670889 0.0617681 0.0557044 0.049296 0.0428331 0.0365059 0.030434 0.024704 0.0194024 0.0146318 0.0105043 0.00711451 0.00450495
 0.00920919 0.014741 0.0217786 0.0301281 0.0394487 0.0491491 0.058326 0.0659354 0.0711491 0.0736202 0.0734741 0.0711123 0.0670292 0.0617196 0.0556399 0.0491794 0.0426407 0.0362381 0.0301143 0.0243674 0.019082 0.0143496 0.0102703 0.00693013 0.00436759
 0.0091327 0.0146499 0.0217021 0.0301112 0.0395372 0.0493661 0.0586547 0.0663194 0.0715125 0.073897 0.0736312 0.0711565 0.0669961 0.0616526 0.0555691 0.049111 0.0425607 0.0361268 0.0299615 0.0241791 0.018877 0.0141503 0.0100948 0.00678846 0.0042621
 0.00882935 0.0141978 0.0211004 0.029392 0.038764 0.0486258 0.0580456 0.0659335 0.0714108 0.0740868 0.0740606 0.0717338 0.0676246 0.0622607 0.0561201 0.0495937 0.0429726 0.0364633 0.0302154 0.0243477 0.0189674 0.0141797 0.0100849 0.00675975 0.00422952
 0.00868996 0.013976 0.0207768 0.0289557 0.038219 0.0479999 0.0573967 0.0653463 0.0709793 0.0738877 0.0741284 0.07205 0.0681248 0.0628563 0.0567257 0.050147 0.0434414 0.0368384 0.0304996 0.024548 0.0190934 0.0142449 0.0101062 0.00675499 0.00421368
 0.00877749 0.0140865 0.020884 0.0290147 0.0381777 0.0478175 0.0570616 0.064884 0.0704491 0.0733699 0.0737072 0.0717948 0.0680727 0.0630022 0.057025 0.0505325 0.0438442 0.0372057 0.0308013 0.0247739 0.0192469 0.0143369 0.0101518 0.00677008 0.00421238
 0.00868644 0.0139501 0.020699 0.028782 0.0378972 0.047483 0.0566601 0.0644051 0.0699001 0.0727891 0.0731652 0.0713797 0.0678646 0.063048 0.0573239 0.0510368 0.0444747 0.0378736 0.0314297 0.0253109 0.0196684 0.014642 0.0103552 0.00689415 0.00428102
 0.00862336 0.0138518 0.0205594 0.0285992 0.0376749 0.0472301 0.0563898 0.0641307 0.0696286 0.0725191 0.0728927 0.071111 0.0676279 0.0628917 0.0573002 0.0511782 0.0447775 0.0382971 0.0319097 0.0257808 0.0200767 0.0149616 0.0105818 0.00704006 0.00436613
 0.00861691 0.0138272 0.0204967 0.0284724 0.0374594 0.0469154 0.055989 0.0636815 0.0691835 0.072128 0.072589 0.0709065 0.0675181 0.0628685 0.0573629 0.0513354 0.0450378 0.0386552 0.0323379 0.0262331 0.0205024 0.0153207 0.0108544 0.0072267 0.00448146
 0.00873598 0.0140022 0.0207243 0.0287343 0.0377234 0.0471396 0.0561286 0.0636971 0.0690531 0.0718572 0.0722125 0.0704789 0.0670964 0.0624977 0.0570712 0.0511382 0.0449436 0.038666 0.0324454 0.026414 0.0207211 0.0155384 0.0110408 0.00736623 0.00457366
 0.00871122 0.0139665 0.0206789 0.0286823 0.0376676 0.0470795 0.0560582 0.0636057 0.0689287 0.0716927 0.0720111 0.0702567 0.0668808 0.0623204 0.0569594 0.0511085 0.0450004 0.0388035 0.0326498 0.0266644 0.0209902 0.0157964 0.0112619 0.00753573 0.0046896
 0.00872716 0.0139866 0.0206986 0.0286943 0.0376645 0.0470575 0.0560187 0.0635543 0.0688703 0.0716266 0.0719307 0.0701537 0.0667524 0.062175 0.0568167 0.0509943 0.0449381 0.0388075 0.0327219 0.026794 0.0211569 0.0159747 0.0114274 0.00767081 0.00478717
 0.00862782 0.0138382 0.0204995 0.0284513 0.0373905 0.0467679 0.0557298 0.0632836 0.0686375 0.0714523 0.0718318 0.070137 0.0668115 0.0622927 0.0569724 0.0511721 0.0451313 0.0390166 0.0329487 0.0270352 0.0214019 0.016207 0.0116299 0.00783142 0.00490206
 0.00857314 0.0137537 0.0203809 0.0282984 0.0372081 0.046566 0.0555237 0.0630912 0.0684755 0.0713317 0.0717561 0.0701052 0.0668209 0.0623401 0.0570536 0.051281 0.0452614 0.0391631 0.0331091 0.0272071 0.0215794 0.0163799 0.0117855 0.00795891 0.00499623
 0.00857286 0.0137502 0.0203697 0.0282736 0.0371636 0.0464979 0.0554323 0.0629825 0.0683594 0.0712197 0.0716585 0.0700288 0.066769 0.0623133 0.0570516 0.0513033 0.045307 0.0392308 0.0331965 0.0273108 0.021694 0.0164973 0.0118959 0.00805297 0.00506827
 0.00862116 0.0138146 0.0204407 0.0283332 0.0371902 0.046474 0.055351 0.0628496 0.0681912 0.0710378 0.071485 0.0698824 0.0666623 0.0622519 0.0570341 0.0513243 0.0453593 0.0393073 0.0332909 0.0274173 0.0218062 0.0166079 0.011997 0.00813778 0.00513286
 0.00857163 0.0137392 0.0203362 0.0281988 0.0370261 0.0462796 0.0551258 0.0625965 0.067921 0.070772 0.0712539 0.0697177 0.0665881 0.0622776 0.0571533 0.0515183 0.0456033 0.0395763 0.0335638 0.0276776 0.0220421 0.0168113 0.0121628 0.00826443 0.00522242
 0.00847109 0.0135954 0.0201561 0.0280012 0.0368358 0.0461182 0.055004 0.0625115 0.06786 0.0707188 0.0711964 0.0696542 0.0665292 0.0622429 0.0571634 0.051586 0.0457293 0.0397493 0.0337655 0.0278879 0.0222433 0.0169899 0.0123105 0.00837773 0.00530261
 0.00838645 0.0134571 0.019948 0.0277114 0.0364633 0.0456813 0.0545441 0.0620881 0.0675329 0.0705273 0.071147 0.0697239 0.0666807 0.0624423 0.0573901 0.0518329 0.0459963 0.040035 0.0340618 0.0281808 0.0225158 0.017227 0.0125025 0.00852177 0.00540209
 0.00849127 0.013605 0.0201281 0.0278977 0.0366196 0.0457707 0.0545398 0.0619805 0.0673337 0.0702679 0.0708708 0.0694733 0.0664842 0.0623084 0.0573122 0.0517995 0.0459991 0.0400708 0.0341292 0.0282747 0.0226263 0.0173405 0.0126061 0.00860642 0.00546429
 0.00853096 0.0136725 0.0202341 0.0280505 0.0368195 0.0460026 0.054769 0.0621579 0.0674106 0.0702155 0.0706927 0.0692044 0.0661778 0.0620174 0.0570739 0.0516303 0.0458979 0.0400278 0.0341324 0.0283131 0.0226886 0.0174149 0.0126805 0.00867126 0.00551416
 0.00862834 0.0138271 0.0204598 0.0283575 0.0372117 0.0464736 0.0552966 0.0626995 0.0679055 0.0705938 0.0708916 0.0691863 0.0659431 0.0616063 0.0565545 0.0510775 0.0453748 0.0395749 0.033768 0.0280388 0.0224964 0.017291 0.0126088 0.00863526 0.00549958
 0.00853457 0.0136938 0.0202951 0.0281825 0.0370565 0.04637 0.0552709 0.0627683 0.0680724 0.0708461 0.0711979 0.0694988 0.0662073 0.0617764 0.0566082 0.0510232 0.0452456 0.0394145 0.0336151 0.0279179 0.0224163 0.0172484 0.0125941 0.0086373 0.00550871
 0.00839992 0.013492 0.0200243 0.0278544 0.0366961 0.046013 0.0549602 0.062549 0.0679828 0.0709074 0.0714062 0.0698245 0.0666009 0.0621789 0.0569643 0.0512933 0.0454148 0.0394933 0.0336315 0.0279045 0.0223986 0.0172402 0.0125978 0.00864908 0.00552295
 0.00840612 0.0134897 0.0199984 0.0277847 0.0365646 0.0458138 0.0547085 0.062281 0.0677463 0.070748 0.0713546 0.0698899 0.0667706 0.0624221 0.0572384 0.0515535 0.0456244 0.0396325 0.0337009 0.0279209 0.0223859 0.0172195 0.0125818 0.00864159 0.00552234
 0.00832688 0.0133711 0.0198382 0.0275858 0.0363314 0.045549 0.0544124 0.0619573 0.0674104 0.0704322 0.0711057 0.0697563 0.0667861 0.062593 0.0575406 0.0519395 0.046037 0.0400196 0.0340265 0.0281702 0.0225628 0.0173386 0.0126603 0.00869309 0.00555596
 0.00823242 0.0132279 0.0196422 0.0273409 0.0360491 0.0452462 0.0541095 0.0616743 0.067163 0.0702293 0.0709516 0.0696576 0.0667567 0.0626519 0.0577021 0.0522014 0.0463755 0.0403939 0.0343916 0.0284899 0.0228172 0.0175252 0.012788 0.0087757 0.00560685
 0.00827888 0.013288 0.0197045 0.0273856 0.0360539 0.045196 0.0540028 0.0615243 0.0669908 0.070055 0.0707879 0.0695097 0.0666276 0.0625488 0.0576391 0.0521955 0.0464371 0.0405191 0.0345603 0.0286726 0.0229861 0.0176621 0.0128871 0.00884089 0.00564633
 0.00831587 0.0133386 0.0197623 0.027437 0.0360795 0.0451746 0.0539169 0.0613657 0.0667661 0.0697874 0.070513 0.0692659 0.0664446 0.062441 0.0576073 0.0522333 0.0465368 0.0406715 0.0347516 0.0288828 0.0231912 0.0178409 0.0130271 0.00893966 0.00570942
 0.00822497 0.0131962 0.0195579 0.0271647 0.0357391 0.044773 0.0534702 0.0608999 0.0663147 0.069387 0.0701989 0.0690679 0.0663832 0.0625237 0.0578259 0.0525652 0.0469499 0.041131 0.0352245 0.0293387 0.0236036 0.018189 0.013299 0.00913474 0.00583725
 0.00813997 0.013067 0.0193801 0.0269398 0.035473 0.0444742 0.0531488 0.0605679 0.0659865 0.0690796 0.0699311 0.0688598 0.0662551 0.0624938 0.0579059 0.0527564 0.0472406 0.0414975 0.0356344 0.029757 0.0239973 0.0185314 0.0135735 0.0093366 0.00597255
 0.0081271 0.013043 0.0193386 0.0268733 0.0353753 0.0443433 0.0529889 0.0603886 0.0657992 0.0688929 0.0697498 0.0686875 0.0660991 0.0623678 0.0578294 0.0527491 0.0473157 0.0416557 0.0358624 0.0300293 0.0242824 0.0187987 0.0137999 0.00951009 0.00609272
 0.00806174 0.0129284 0.0191511 0.0265872 0.0349705 0.0438168 0.0523652 0.059721 0.0651601 0.0683555 0.0693704 0.0684952 0.0660939 0.0625276 0.0581207 0.0531384 0.0477751 0.0421624 0.0363942 0.0305604 0.0247831 0.0192404 0.0141608 0.0097812 0.00627856
 0.00814988 0.0130613 0.0193306 0.0268043 0.0352037 0.0440313 0.0525152 0.0597589 0.0650506 0.0680916 0.0689811 0.0680386 0.0656394 0.0621359 0.0578315 0.0529676 0.0477202 0.0422102 0.0365256 0.0307522 0.0250084 0.0194703 0.0143694 0.00995055 0.00640173
 0.00808722 0.0129856 0.0192644 0.0267834 0.0352657 0.0441973 0.0527752 0.0600681 0.0653409 0.0682923 0.0690398 0.0679363 0.065395 0.0618001 0.0574704 0.0526436 0.0474779 0.0420704 0.0364878 0.0308004 0.0251172 0.0196107 0.0145137 0.0100773 0.00649925
 0.00794567 0.0127806 0.0190038 0.0264945 0.0349923 0.0439917 0.0526878 0.0601345 0.0655681 0.0686483 0.0694546 0.0683204 0.0656685 0.0619183 0.0574358 0.052499 0.0472864 0.0418927 0.036366 0.0307517 0.0251364 0.0196779 0.0146037 0.0101673 0.00657404
 0.00758813 0.0122296 0.0182331 0.025505 0.0338172 0.0427013 0.0513918 0.0589757 0.0646973 0.0681863 0.0694576 0.0687632 0.0664533 0.0629052 0.0584821 0.0534945 0.0481718 0.0426564 0.0370246 0.0313278 0.0256432 0.0201153 0.0149642 0.0104449 0.00677064
 0.00721529 0.0116553 0.0174285 0.024466 0.0325659 0.0412866 0.0498935 0.0575058 0.0633921 0.0671859 0.0688803 0.0686809 0.0668744 0.0637686 0.0596683 0.0548535 0.049559 0.0439626 0.0381879 0.0323263 0.0264778 0.0207937 0.0154944 0.0108369 0.00704033
#obs surv len freq
 0.00497306 0.00814507 0.0123877 0.017714 0.0239974 0.030872 0.0377125 0.0437961 0.0485729 0.0518421 0.0537223 0.0544981 0.0544884 0.0539897 0.0532623 0.0525202 0.0519089 0.0514638 0.0510466 0.0502879 0.0486054 0.0453685 0.0402 0.0332687 0.0253563
 0.00518034 0.00848587 0.0129078 0.0184586 0.0250024 0.0321507 0.0392409 0.0455078 0.050368 0.0536059 0.0553428 0.0558758 0.0555385 0.0546416 0.0534597 0.0522245 0.0511064 0.0501738 0.0493284 0.0482445 0.0463803 0.0431334 0.038131 0.0315125 0.0239984
 0.00540659 0.00885541 0.0134674 0.0192534 0.0260685 0.0335017 0.0408548 0.0473202 0.0522803 0.0555019 0.0571061 0.0574008 0.0567348 0.0554344 0.0537885 0.0520426 0.0503835 0.0489054 0.0475499 0.0460457 0.0439113 0.0405941 0.0357392 0.0294574 0.022396
 0.00563531 0.00923145 0.0140412 0.0200748 0.0271768 0.0349113 0.0425392 0.0492077 0.0542643 0.0574621 0.058927 0.0589811 0.0579894 0.0562917 0.0541885 0.0519348 0.0497289 0.0476843 0.0457779 0.0437944 0.0413236 0.0378795 0.0331408 0.0271967 0.0206171
 0.00589451 0.00965334 0.0146772 0.0209732 0.0283744 0.0364187 0.0443263 0.0511975 0.0563428 0.0594996 0.0607991 0.0605818 0.0592351 0.0571195 0.0545502 0.0517911 0.0490462 0.0464402 0.0439776 0.0414946 0.038655 0.0350492 0.0304025 0.0247912 0.018709
 0.00615609 0.0100826 0.0153305 0.021905 0.0296258 0.0380005 0.0462013 0.0532757 0.0584958 0.0615864 0.06269 0.0621711 0.0604432 0.0578899 0.0548438 0.0515798 0.0483078 0.0451597 0.04216 0.0391891 0.0359799 0.0322009 0.0276306 0.0223408 0.0167534
 0.00637531 0.0104454 0.0158886 0.0227114 0.0307248 0.0394117 0.0479029 0.055197 0.0605258 0.0635939 0.0645446 0.0637583 0.0616719 0.0586946 0.0551816 0.0514239 0.0476412 0.0439738 0.0404637 0.0370286 0.0334632 0.0295086 0.0249964 0.0199988 0.0148739
 0.00660564 0.0108215 0.0164579 0.0235193 0.0318068 0.04078 0.049532 0.0570186 0.0624366 0.0654744 0.0662769 0.0652379 0.0628133 0.0594335 0.0554744 0.0512443 0.0469758 0.0428203 0.0388363 0.034975 0.0310848 0.0269714 0.0225152 0.0177903 0.0130977
 0.00685189 0.0112237 0.0170662 0.0243806 0.0329544 0.0422181 0.0512209 0.0588708 0.064331 0.0672815 0.0678813 0.0665498 0.0637687 0.0599903 0.0556069 0.0509389 0.0462272 0.041632 0.0372271 0.0329929 0.028825 0.0245853 0.0201963 0.0157335 0.0114459
 0.00706554 0.0115752 0.017603 0.025149 0.0339901 0.0435311 0.0527799 0.0605978 0.0661121 0.0689888 0.0693958 0.0677755 0.0646391 0.0604668 0.055674 0.0505956 0.0454808 0.0404952 0.0357237 0.0311705 0.0267708 0.0224338 0.018117 0.0138958 0.00997315
 0.007294 0.0119498 0.0181723 0.0259591 0.0350746 0.0448948 0.0543835 0.0623529 0.0678949 0.0706641 0.0708412 0.0688959 0.0653724 0.0607833 0.0555711 0.0500901 0.0445998 0.0392708 0.034194 0.0293893 0.024821 0.0204347 0.0162144 0.0122322 0.0086499
 0.00747501 0.0122503 0.018636 0.0266304 0.0359891 0.0460644 0.0557815 0.0639083 0.0695017 0.0722012 0.0721926 0.0699653 0.0660906 0.0611111 0.0554979 0.0496289 0.0437804 0.038133 0.0327861 0.0277721 0.0230763 0.0186696 0.0145532 0.0107926 0.0075124
 0.00752825 0.0123422 0.0187852 0.0268605 0.0363271 0.0465368 0.0564074 0.0646925 0.0704279 0.0732287 0.0732566 0.0709826 0.0669713 0.0617718 0.0558741 0.0496816 0.043498 0.0375289 0.0318958 0.0266521 0.0218046 0.0173451 0.0132858 0.0096838 0.00663149
 0.00761939 0.0124773 0.0189649 0.0270785 0.0365747 0.0468095 0.0567094 0.0650369 0.0708319 0.073706 0.0738083 0.0715908 0.0675951 0.0623503 0.0563354 0.0499567 0.0435336 0.0372975 0.0314 0.0259259 0.0209114 0.0163715 0.0123296 0.00883454 0.00595089
 0.00768164 0.0125779 0.0191142 0.0272837 0.0368358 0.0471151 0.0570355 0.0653522 0.0711102 0.0739393 0.0740118 0.0717937 0.0678234 0.0626099 0.0566034 0.0501848 0.0436609 0.0372679 0.0311786 0.0255101 0.0203343 0.0156969 0.011638 0.00820381 0.00543714
 0.00771821 0.0126299 0.0191793 0.0273562 0.0369096 0.0471882 0.0571115 0.0654382 0.0712119 0.0740568 0.0741411 0.0719321 0.0679743 0.0627807 0.0567974 0.0503899 0.0438449 0.0373841 0.0311804 0.0253683 0.0200504 0.0153053 0.011197 0.00777761 0.00507674
 0.00779369 0.0127468 0.0193436 0.0275678 0.0371609 0.0474624 0.0573834 0.0656779 0.0713931 0.0741656 0.0741794 0.0719147 0.0679221 0.0627149 0.0567353 0.0503416 0.0438084 0.0373427 0.0311057 0.0252315 0.0198365 0.0150229 0.0108776 0.00746402 0.00480731
 0.00783476 0.0128086 0.0194275 0.0276719 0.0372808 0.0475925 0.0575169 0.0658069 0.071508 0.0742563 0.0742381 0.0719387 0.0679156 0.0626881 0.0567006 0.0503095 0.0437834 0.0373199 0.031071 0.0251659 0.0197249 0.0148633 0.0106845 0.00726411 0.00462829
 0.0078547 0.0128384 0.0194674 0.0277203 0.0373344 0.047647 0.0575683 0.0658519 0.0715451 0.0742862 0.0742627 0.0719597 0.0679335 0.0627021 0.0567106 0.0503166 0.043789 0.0373229 0.0310658 0.0251424 0.0196729 0.0147786 0.0105735 0.00714215 0.00451399
 0.00786433 0.0128498 0.0194767 0.0277215 0.0373213 0.0476159 0.0575203 0.0657936 0.0714868 0.0742387 0.0742351 0.0719576 0.0679579 0.0627499 0.0567751 0.0503898 0.043863 0.0373906 0.0311204 0.0251769 0.019681 0.0147576 0.0105269 0.00707998 0.00444939
 0.00789619 0.0128968 0.0195383 0.0277933 0.0373954 0.047682 0.0575674 0.0658123 0.0714717 0.0741917 0.0741654 0.0718795 0.0678865 0.0626966 0.0567456 0.0503833 0.0438742 0.0374119 0.0311433 0.0251933 0.0196843 0.0147443 0.0104979 0.00704082 0.0044079
 0.0078956 0.0128935 0.0195291 0.0277737 0.0373611 0.0476306 0.0574999 0.0657333 0.0713887 0.0741128 0.0740984 0.0718314 0.067863 0.0627017 0.0567803 0.050445 0.0439564 0.037505 0.0312364 0.0252759 0.0197484 0.0147854 0.0105163 0.00704106 0.00439718
 0.00791897 0.012929 0.0195775 0.0278337 0.0374281 0.0476975 0.0575569 0.0657696 0.0713953 0.0740855 0.07404 0.0717507 0.0677725 0.0626146 0.0567079 0.0503951 0.0439321 0.0375045 0.0312535 0.025302 0.0197744 0.0148046 0.0105254 0.00704056 0.00439032
 0.00789979 0.012901 0.0195415 0.0277924 0.0373858 0.0476584 0.0575243 0.0657449 0.0713782 0.0740742 0.0740317 0.0717433 0.0677656 0.0626098 0.0567088 0.0504057 0.0439555 0.0375412 0.0313008 0.0253542 0.0198247 0.0148466 0.0105554 0.00705815 0.00439791
 0.0079039 0.0129008 0.0195287 0.027756 0.0373162 0.0475529 0.0573914 0.0656037 0.0712519 0.0739823 0.0739839 0.0717385 0.0677954 0.0626632 0.056776 0.0504801 0.0440335 0.0376212 0.0313812 0.025432 0.0198956 0.0149062 0.0106007 0.00708878 0.00441587
 0.00785359 0.0128232 0.0194194 0.0276132 0.0371403 0.0473465 0.0571604 0.0653599 0.0710147 0.0737777 0.0738398 0.0716767 0.0678249 0.0627771 0.0569547 0.0506981 0.0442665 0.03785 0.0315931 0.0256192 0.0200534 0.0150323 0.0106949 0.00715379 0.00445676
 0.00788739 0.012865 0.0194583 0.0276314 0.0371181 0.0472706 0.0570299 0.0651867 0.0708184 0.0735791 0.0736572 0.0715266 0.0677221 0.0627339 0.0569763 0.05078 0.0443948 0.0380057 0.0317567 0.0257751 0.0201908 0.0151449 0.0107809 0.00721435 0.00449579
 0.00784792 0.0128103 0.0193929 0.0275633 0.0370546 0.0472119 0.0569664 0.0651027 0.0707016 0.0734301 0.073492 0.0713712 0.0676033 0.0626711 0.0569788 0.0508472 0.0445175 0.0381683 0.0319397 0.0259586 0.0203583 0.0152854 0.0108894 0.00729151 0.00454603
 0.00782528 0.0127698 0.0193258 0.0274613 0.036914 0.0470386 0.0567783 0.0649253 0.0705582 0.0733307 0.0734321 0.0713383 0.067588 0.0626736 0.0570073 0.0509116 0.0446226 0.0383105 0.0321075 0.0261356 0.0205274 0.0154327 0.0110066 0.00737663 0.00460237
 0.00777378 0.0126867 0.0192018 0.0272885 0.0366873 0.0467595 0.0564584 0.0645888 0.0702396 0.073069 0.0732596 0.0712724 0.0676264 0.0627983 0.057194 0.0511382 0.0448735 0.0385749 0.0323754 0.026395 0.0207645 0.0156352 0.0111667 0.00749299 0.00467964
 0.00774827 0.0126411 0.0191257 0.0271698 0.0365155 0.0465299 0.0561769 0.064273 0.0699164 0.0727693 0.0730142 0.0711075 0.0675601 0.0628364 0.0573282 0.0513486 0.0451349 0.0388625 0.0326683 0.0266762 0.0210197 0.0158529 0.0113397 0.00761989 0.00476481
 0.00771415 0.0125848 0.0190395 0.0270455 0.0363462 0.0463119 0.055913 0.0639744 0.0696023 0.0724653 0.0727484 0.0709071 0.0674469 0.0628238 0.0574188 0.0515331 0.0453936 0.039169 0.032994 0.0269951 0.0213106 0.0161007 0.0115362 0.00776395 0.00486172
 0.00768372 0.0125376 0.0189722 0.0269564 0.0362343 0.0461769 0.0557552 0.0637955 0.0694068 0.0722608 0.0725467 0.0707239 0.0673014 0.0627355 0.0574034 0.0515988 0.0455379 0.0393784 0.0332464 0.027264 0.0215703 0.0163306 0.0117231 0.0079034 0.00495677
 0.00767231 0.0125179 0.0189406 0.026909 0.036168 0.0460909 0.0556519 0.0636802 0.0692854 0.0721378 0.0724244 0.0706047 0.06719 0.0626417 0.0573412 0.0515831 0.0455797 0.0394802 0.0334003 0.0274525 0.0217706 0.0165203 0.011885 0.00802835 0.00504405
 0.00765566 0.0124918 0.0189031 0.0268587 0.0361041 0.0460135 0.0555624 0.0635817 0.0691827 0.0720371 0.0723318 0.0705244 0.0671244 0.0625922 0.0573106 0.0515771 0.045606 0.0395455 0.0335059 0.0275915 0.0219285 0.0166784 0.0120263 0.00814139 0.00512521
 0.00761625 0.0124324 0.0188224 0.0267587 0.0359896 0.045891 0.0554393 0.0634657 0.0690812 0.0719554 0.072273 0.0704892 0.0671119 0.0626003 0.0573373 0.0516213 0.0456687 0.039629 0.0336119 0.027718 0.022068 0.0168187 0.0121538 0.00824562 0.00520163
 0.00759351 0.0123929 0.0187587 0.0266634 0.0358578 0.0457249 0.0552504 0.0632743 0.0689106 0.0718252 0.0721936 0.0704611 0.0671288 0.0626528 0.0574158 0.0517182 0.0457789 0.0397497 0.0337417 0.027855 0.0222076 0.0169532 0.012274 0.00834379 0.00527413
 0.00759237 0.0123891 0.018749 0.0266429 0.0358205 0.0456644 0.0551623 0.0631583 0.068773 0.0716791 0.072057 0.0703524 0.0670611 0.062631 0.0574369 0.0517741 0.0458601 0.039848 0.033851 0.0279706 0.0223245 0.0170653 0.0123744 0.00842649 0.00533603
 0.00757296 0.0123645 0.0187247 0.0266275 0.0358225 0.045687 0.0552001 0.0631973 0.0687952 0.0716697 0.0720101 0.0702731 0.0669642 0.0625355 0.05736 0.0517268 0.0458457 0.039864 0.0338914 0.0280284 0.0223928 0.017137 0.0124426 0.0084852 0.00538156
 0.00755743 0.0123382 0.0186838 0.0265691 0.0357472 0.0456016 0.0551178 0.0631349 0.0687659 0.071676 0.0720416 0.0703117 0.0669928 0.0625459 0.0573551 0.0517173 0.0458438 0.0398783 0.0339248 0.0280784 0.0224536 0.0172015 0.0125037 0.00853759 0.00542203
 0.00753273 0.0122996 0.0186286 0.0264956 0.0356551 0.0454925 0.0549964 0.0630106 0.0686525 0.0715897 0.0719965 0.0703138 0.0670371 0.0626182 0.0574386 0.051799 0.0459191 0.039949 0.0339954 0.0281517 0.0225287 0.0172746 0.0125697 0.00859219 0.00546314
 0.00752931 0.0122923 0.0186143 0.0264706 0.0356156 0.0454366 0.0549251 0.0629278 0.0685649 0.0715054 0.071924 0.0702621 0.0670134 0.0626257 0.0574744 0.0518551 0.0459852 0.0400174 0.0340622 0.0282163 0.0225913 0.0173339 0.0126232 0.00863686 0.00549715
 0.00750545 0.0122556 0.018563 0.0264042 0.0355351 0.0453437 0.0548229 0.0628212 0.0684604 0.071411 0.0718482 0.0702122 0.066995 0.0626416 0.0575239 0.0519336 0.0460845 0.0401272 0.0341731 0.0283211 0.0226857 0.0174156 0.0126908 0.00868957 0.00553535
 0.00749938 0.0122444 0.0185437 0.0263735 0.0354902 0.0452839 0.0547507 0.0627418 0.0683805 0.0713365 0.0717834 0.0701605 0.0669595 0.0626261 0.0575316 0.0519661 0.0461403 0.0402016 0.0342585 0.0284094 0.0227696 0.0174899 0.0127523 0.00873722 0.00556954
 0.00751021 0.0122605 0.0185649 0.0263983 0.0355155 0.0453052 0.0547625 0.0627388 0.068359 0.0712961 0.0717273 0.0700949 0.0668919 0.0625637 0.0574812 0.051933 0.046128 0.0402109 0.0342867 0.0284512 0.0228182 0.0175384 0.0127957 0.00877233 0.00559539
 0.00750736 0.0122592 0.0185689 0.0264127 0.035545 0.0453513 0.0548214 0.0628012 0.0684126 0.0713294 0.0717329 0.0700711 0.0668428 0.0624975 0.0574081 0.0518632 0.0460702 0.0401707 0.0342666 0.0284498 0.0228311 0.0175599 0.0128197 0.00879444 0.00561297
 0.00750736 0.0122592 0.0185689 0.0264127 0.035545 0.0453513 0.0548214 0.0628012 0.0684126 0.0713294 0.0717329 0.0700711 0.0668428 0.0624975 0.0574081 0.0518632 0.0460702 0.0401707 0.0342666 0.0284498 0.0228311 0.0175599 0.0128197 0.00879444 0.00561297
 0.00731406 0.0119546 0.0181302 0.0258291 0.0348245 0.0445284 0.0539622 0.0619984 0.0677658 0.0709187 0.0715979 0.0702057 0.0672043 0.0630235 0.0580322 0.0525265 0.0467271 0.0407894 0.0348266 0.0289385 0.0232415 0.0178891 0.0130696 0.00897214 0.00573017
 0.00732725 0.0119531 0.0180854 0.0257005 0.03457 0.0441217 0.0534084 0.0613397 0.0670748 0.0702813 0.0710954 0.0698988 0.0671227 0.0631621 0.0583559 0.0529814 0.0472539 0.0413348 0.0353491 0.0294096 0.023644 0.0182149 0.0133182 0.00914951 0.00584744
 0.00731865 0.011945 0.0180823 0.0257055 0.0345783 0.0441124 0.0533433 0.0611729 0.0667729 0.0698459 0.0705722 0.0693682 0.066676 0.0628741 0.058266 0.0530885 0.0475232 0.041712 0.0357755 0.0298341 0.0240288 0.0185373 0.013569 0.00933024 0.00596759
 0.00718199 0.0117281 0.017767 0.0252821 0.0340507 0.0435047 0.0527014 0.0605566 0.0662385 0.069427 0.0702751 0.0691836 0.0665986 0.0629143 0.0584451 0.0534227 0.0480073 0.0423136 0.036441 0.0305014 0.0246421 0.0190568 0.0139753 0.00962326 0.00616178
 0.00724386 0.0118154 0.0178731 0.0253907 0.0341383 0.0435455 0.0526733 0.0604469 0.0660474 0.0691679 0.0699708 0.0688596 0.066278 0.0626192 0.0582012 0.0532608 0.0479569 0.04239 0.0366357 0.030782 0.0249615 0.0193677 0.0142423 0.00982837 0.0063036
 0.00723276 0.0118107 0.0178898 0.0254483 0.0342526 0.0437169 0.0528784 0.060641 0.0661781 0.0691943 0.0698768 0.0686567 0.0659976 0.0623008 0.0578846 0.0529823 0.0477484 0.0422761 0.0366279 0.0308726 0.0251239 0.0195637 0.0144343 0.00998948 0.006422
 0.00719102 0.0117438 0.0177923 0.0253191 0.0340986 0.0435568 0.0527423 0.0605621 0.0661779 0.069269 0.0699947 0.0687707 0.0660658 0.062303 0.0578267 0.05289 0.0476565 0.0422182 0.0366283 0.0309405 0.0252506 0.019726 0.0146025 0.0101379 0.00653581
 0.00706478 0.0115439 0.017502 0.0249278 0.0336067 0.0429806 0.0521204 0.0599556 0.0656622 0.0689156 0.0698508 0.0688447 0.0663248 0.0626853 0.058263 0.0533254 0.0480618 0.0425894 0.0369753 0.0312744 0.025574 0.0200299 0.0148707 0.0103554 0.00669554
 0.00700429 0.0114338 0.0173147 0.024632 0.0331754 0.0424052 0.0514227 0.0591911 0.0649102 0.0682627 0.0693743 0.0685993 0.0663336 0.0629351 0.0587065 0.0538935 0.0486826 0.0432054 0.0375523 0.0317974 0.0260381 0.0204312 0.0152032 0.0106141 0.00688122
#pred catch len freq
 0.00451675 0.00717732 0.0105278 0.014506 0.0190682 0.0241589 0.0296377 0.0352511 0.0406824 0.0456267 0.0498405 0.0531658 0.0555454 0.0570223 0.0577161 0.0577892 0.0574191 0.0567635 0.0558924 0.0546829 0.0527429 0.0494788 0.0443719 0.0373598 0.0290566
 0.00485152 0.00765908 0.0111416 0.0152104 0.0198231 0.0249605 0.0305345 0.0363192 0.0419682 0.0470925 0.0513499 0.0545234 0.0565691 0.0576067 0.0578556 0.0575545 0.056903 0.056025 0.0549255 0.0534313 0.0511567 0.0475837 0.0423049 0.0353411 0.0273089
 0.00516785 0.00816473 0.0118832 0.0162171 0.0210921 0.0264429 0.0321322 0.0379083 0.043445 0.0484124 0.0525243 0.0555715 0.0574625 0.0582543 0.0581417 0.0573978 0.05629 0.0549971 0.0535388 0.0517267 0.049169 0.0453822 0.0400276 0.0331839 0.0254668
 0.0054695 0.00864098 0.012576 0.0171621 0.0223189 0.0279702 0.0339517 0.0399619 0.0456105 0.0505144 0.0543752 0.0570258 0.0584502 0.058772 0.0582099 0.0570239 0.0554641 0.0537135 0.0518174 0.0496203 0.046765 0.0428091 0.0374602 0.0308237 0.0234935
 0.00582262 0.00919164 0.0133627 0.0182099 0.0236414 0.029572 0.0358239 0.0420721 0.0478915 0.0528555 0.0566213 0.058991 0.0599513 0.0596704 0.0584408 0.0565929 0.0544182 0.0521113 0.0497197 0.0471033 0.0439423 0.0398461 0.0345672 0.0282215 0.0213593
 0.00614666 0.00970112 0.0140982 0.0192004 0.0249033 0.0311069 0.0376122 0.044068 0.0500233 0.0550313 0.0587333 0.0609167 0.0615545 0.0608104 0.0589933 0.0564744 0.0536018 0.0506253 0.0476364 0.0445317 0.0410322 0.0367942 0.031606 0.025582 0.0192163
 0.00643855 0.0101682 0.0147883 0.0201558 0.026157 0.0326738 0.0394771 0.0461753 0.052277 0.057306 0.0608917 0.0628254 0.0630954 0.0618841 0.0595163 0.0563788 0.0528418 0.049191 0.0455673 0.0419271 0.038055 0.0336653 0.0285807 0.0229036 0.0170597
 0.00673018 0.0106215 0.015434 0.021014 0.0272418 0.0339963 0.0410419 0.0479681 0.0542515 0.0593756 0.062933 0.0646944 0.0646498 0.0630037 0.0601121 0.056391 0.0522339 0.0479499 0.0437155 0.0395411 0.0352811 0.0307184 0.0257162 0.0203651 0.0150201
 0.00706051 0.0111303 0.0161478 0.021941 0.0283743 0.0353158 0.0425198 0.0495651 0.0559177 0.0610527 0.0645545 0.0661828 0.0659156 0.0639505 0.0606473 0.0564376 0.0517381 0.046886 0.0420936 0.0374216 0.0327899 0.0280493 0.0231068 0.0180458 0.0131555
 0.00741587 0.0116836 0.0169352 0.0229801 0.0296626 0.0368283 0.0442042 0.0513401 0.0576809 0.0626983 0.0659916 0.0673461 0.0667642 0.0644586 0.0607924 0.0561923 0.0510706 0.04577 0.0405251 0.0354396 0.0304948 0.0256067 0.020726 0.0159333 0.0114597
 0.00766117 0.0120839 0.0175408 0.0238398 0.0308151 0.0382873 0.0459416 0.0532752 0.0596852 0.0646152 0.067664 0.0686437 0.0676047 0.064814 0.0606792 0.0556492 0.0501361 0.0444712 0.0388846 0.033497 0.0283308 0.0233552 0.0185605 0.0140271 0.00993742
 0.00763312 0.0120753 0.017598 0.0240344 0.0312324 0.0390054 0.0470065 0.0546823 0.0613712 0.0664599 0.0695041 0.0702985 0.0689098 0.065653 0.0609998 0.0554593 0.0494836 0.04342 0.0374999 0.0318472 0.0265024 0.0214649 0.0167507 0.0124381 0.00867026
 0.00757272 0.0119837 0.0174755 0.0238941 0.0311079 0.0389573 0.0471217 0.0550587 0.0620861 0.0675342 0.0708791 0.0718392 0.0704333 0.0669701 0.0619548 0.0559563 0.0494931 0.0429689 0.0366527 0.0306907 0.02514 0.020016 0.0153445 0.0111948 0.00767444
 0.00764012 0.012066 0.0175494 0.0239214 0.0310477 0.0387856 0.0468509 0.0547477 0.0618357 0.0674655 0.0711 0.0724051 0.0713183 0.0680622 0.0630816 0.0569314 0.0501638 0.0432462 0.0365193 0.0301911 0.0243636 0.0190799 0.0143748 0.0103058 0.00694713
 0.00780762 0.0123136 0.0178741 0.0242995 0.0314353 0.0391234 0.0470736 0.0547993 0.0616918 0.0671549 0.0707114 0.0720684 0.071162 0.0681653 0.0634405 0.0574569 0.0507112 0.0436633 0.0366927 0.0300738 0.0239788 0.0185055 0.0137171 0.00966953 0.00641047
 0.00805407 0.0126814 0.0183664 0.0248968 0.0320991 0.0398041 0.0477142 0.0553362 0.0620578 0.067292 0.0705908 0.0717114 0.0706478 0.0676137 0.0629732 0.0571518 0.0505726 0.0436253 0.0366524 0.0299381 0.0237008 0.0180968 0.0132353 0.00919012 0.0059977
 0.00824392 0.012973 0.0187727 0.0254169 0.0327174 0.0404899 0.0484213 0.0560043 0.0626194 0.0676833 0.0707634 0.0716415 0.0703441 0.0671232 0.0623775 0.0565487 0.0500448 0.043211 0.036336 0.0296665 0.0234176 0.0177729 0.0128796 0.00883894 0.00569207
 0.00831381 0.0130908 0.018958 0.0256909 0.033099 0.040988 0.0490263 0.0566825 0.0633135 0.0683196 0.0712641 0.0719398 0.0703984 0.0669277 0.0619658 0.0559886 0.0494216 0.0426044 0.0357972 0.0292086 0.0230244 0.0174207 0.0125561 0.00854933 0.00545102
 0.00839894 0.0132092 0.0191006 0.0258399 0.0332375 0.0411129 0.0491557 0.0568508 0.0635544 0.0686453 0.0716528 0.0723374 0.0707337 0.0671334 0.0619993 0.055843 0.0491275 0.0422176 0.0353792 0.0288076 0.0226657 0.0171095 0.0122895 0.00832586 0.00527273
 0.00853927 0.0134158 0.0193706 0.0261546 0.0335652 0.0414156 0.0493984 0.0570107 0.0636295 0.0686588 0.0716458 0.0723498 0.0707825 0.0672025 0.0620461 0.0558197 0.0490033 0.0419919 0.0350791 0.0284745 0.0223386 0.0168154 0.0120415 0.0081276 0.00512301
 0.00843562 0.0132806 0.0192281 0.0260467 0.033538 0.0414991 0.0495899 0.0572735 0.0639072 0.0688985 0.0718174 0.072454 0.0708437 0.0672515 0.0621004 0.0558735 0.0490323 0.0419689 0.0349905 0.0283274 0.0221561 0.0166253 0.0118668 0.00798239 0.00501244
 0.00819635 0.0129274 0.0187648 0.0255048 0.0329734 0.0409831 0.0491976 0.0570687 0.0639255 0.0691322 0.0722143 0.0729355 0.0713339 0.0677001 0.0624885 0.056202 0.049305 0.0421826 0.0351371 0.0284025 0.0221662 0.0165877 0.0118039 0.00791419 0.00495257
