SBPRF35
12.7214
Curr Bio
924789
B35
897621
F35
0.168504
FOFL
0.168504
OFL
127183
Bzero
3.63469e+006
#pred survey bio
 3.54503e+006 3.44678e+006 3.347e+006 3.18832e+006 3.01203e+006 2.7765e+006 2.51738e+006 2.29244e+006 2.02045e+006 1.80186e+006 1.59133e+006 1.4194e+006 1.2487e+006 1.08222e+006 968334 851890 777902 727512 686392 651816 621774 600814 572503 562981 555203 555210 533411 520578 525351 533991 537298 538414 555207 569611 577229 588164 594261 602407 621048 632921 643569 656386 653814 659204 665229 666625 667621 670135 666536 664882 682355 760105 833801 876843 913224 936629 945169 957434 948068 931048 2.13034e+007 1.92554e+007 1.93362e+007 1.99508e+007 2.09375e+007 2.20885e+007 2.32417e+007 2.42971e+007 2.52076e+007 2.59619e+007 2.65695e+007 2.70495e+007 2.74237e+007 2.77128e+007 2.79351e+007 2.81056e+007 2.82363e+007 2.83367e+007 2.8414e+007 2.84736e+007 2.85199e+007 2.85559e+007 2.8584e+007 2.86061e+007 2.86236e+007 2.86374e+007 2.86483e+007 2.86571e+007 2.8664e+007 2.86696e+007 2.86741e+007 2.86777e+007 2.86806e+007 2.8683e+007 2.86849e+007 2.86865e+007 2.86877e+007 2.86888e+007 2.86896e+007 2.86903e+007 2.86908e+007 2.86913e+007 2.86917e+007 2.8692e+007 2.86922e+007 2.86924e+007 2.86926e+007 2.86927e+007 2.86928e+007 2.86929e+007 2.8693e+007 2.86931e+007 2.86931e+007 2.86932e+007 2.86932e+007 2.86932e+007 2.86932e+007 2.86933e+007 2.86933e+007 2.86933e+007 2.86933e+007 2.86933e+007 2.86933e+007 2.86933e+007 2.86933e+007 2.86933e+007 2.86933e+007 2.86933e+007 2.86933e+007 2.86933e+007 2.86933e+007 2.86933e+007 2.86933e+007 2.86933e+007 2.86933e+007 2.86933e+007 2.86933e+007 2.86933e+007 2.86933e+007 2.86933e+007 2.86933e+007 2.86933e+007 2.86933e+007 2.86933e+007 2.86933e+007 2.86933e+007 2.86933e+007 2.86933e+007 2.86933e+007 2.86933e+007 2.86933e+007 2.86933e+007 2.86933e+007 2.86933e+007 2.86933e+007 2.86933e+007 2.86933e+007 2.86933e+007 2.86933e+007 2.86933e+007 0 0 0 0 0 0 0 0 0 0 0 0 0 0 0 0 0 0 0 0 0 0 0 0 0
#obs survey bio
 2.60395e+006 3.85732e+006 3.18284e+006 3.08712e+006 3.42911e+006 1.88297e+006 2.43824e+006 2.00652e+006 1.56725e+006 1.83096e+006 991915 958261 1.23294e+006 803867 843716 692664 488562 791782 879001 672703 594696 540214 736190 587284 313060 611041 560563 496048 455995 531405 312357 613335 456194 497568 511308 501221 466614 698512 586595 839420 733927 361203 486095 595460 889515 833244 660519 472999 542114 645574 591441 717584 960924 977894 820461 923986 1.09851e+006 1.25069e+006 907339 893770
#pred catch bio
 92462.2 96533.4 156441 182028 249144 286106 270855 328729 294009 298289 272945 278138 276873 231291 232160 192916 171021 160407 150753 142660 131267 133585 114668 112221 105297 121684 110995 95196.5 92459.9 97223.5 99002.8 86758.5 90740 97892.9 96180.6 101151 99953.1 92162.7 99130.5 101028 100443 114110 107019 106178 109399 109096 108109 114178 113310 98964 53141.5 62526.6 91059.6 97809.9 110201 123439 120138 137768 141236 125961 127183 125704 125106 127865 133507 140378 147271 153501 158772 163028 166350 168878 170764 172151 173158 173883 174401 174768 175028 175210 175338 175428 175491 175534 175565 175586 175600 175610 175617 175622 175626 175628 175629 175631 175631 175632 175632 175633 175633 175633 175633 175633 175633 175633 175633 175633 175633 175633 175633 175633 175633 175633 175633 175633 175633 175633 175633 175633 175633 175633 175633 175633 175633 175633 175633 175633 175633 175633 175633 175633 175633 175633 175633 175633 175633 175633 175633 175633 175633 175633 175633 175633 175633 175633 175633 175633 175633 175633 175633 175633 175633 175633 175633 175633 175633 175633 175633 175633 175633 175633 0 0 0 0 0 0 0 0 0 0 0 0 0 0 0 0 0 0 0 0 0 0 0 0 0
#obs catch bio
 0 96216.9 156856 181711 249476 287290 271506 330112 295446 300062 274975 281830 280130 235521 236408 195339 173725 163451 152474 143587 132245 134712 114545 112438 106463 122947 111593 95651.4 93142.2 97764.6 99846.2 86989.4 91315.4 98519.1 96898.3 102082 101119 92723.5 99883 101316 100686 115533 108018 106923 109639 109090 108087 114951 114670 100052 53107.1 62754.9 91718.6 98356.1 110882 124434 120391 138258 141766 125858
#pred cpue bio
 3.50204e+006 3.4054e+006 3.30661e+006 3.1482e+006 2.97203e+006 2.73698e+006 2.47856e+006 2.25421e+006 1.98343e+006 1.76563e+006 1.55611e+006 1.38496e+006 1.21548e+006 1.05055e+006 937726 822904 749891 700292 660333 627016 597959 577718 550366 541198 533478 533491 512549 500250 504939 513445 516779 517873 534222 548234 555607 566275 572265 580290 598609 610300 620700 633116 630565 636008 642187 643779 644778 646994 643132 641301 658217 734478 807466 850259 885916 908656 916994 929175 920212 904039 2.07098e+007 1.87316e+007 1.87071e+007 1.92024e+007 2.01477e+007 2.1289e+007 2.24402e+007 2.34953e+007 2.44057e+007 2.516e+007 2.57676e+007 2.62476e+007 2.66218e+007 2.69109e+007 2.71332e+007 2.73037e+007 2.74344e+007 2.75348e+007 2.76121e+007 2.76717e+007 2.7718e+007 2.7754e+007 2.77821e+007 2.78042e+007 2.78217e+007 2.78355e+007 2.78464e+007 2.78551e+007 2.78621e+007 2.78677e+007 2.78722e+007 2.78758e+007 2.78787e+007 2.78811e+007 2.7883e+007 2.78845e+007 2.78858e+007 2.78868e+007 2.78877e+007 2.78884e+007 2.78889e+007 2.78894e+007 2.78897e+007 2.78901e+007 2.78903e+007 2.78905e+007 2.78907e+007 2.78908e+007 2.78909e+007 2.7891e+007 2.78911e+007 2.78911e+007 2.78912e+007 2.78912e+007 2.78913e+007 2.78913e+007 2.78913e+007 2.78913e+007 2.78913e+007 2.78914e+007 2.78914e+007 2.78914e+007 2.78914e+007 2.78914e+007 2.78914e+007 2.78914e+007 2.78914e+007 2.78914e+007 2.78914e+007 2.78914e+007 2.78914e+007 2.78914e+007 2.78914e+007 2.78914e+007 2.78914e+007 2.78914e+007 2.78914e+007 2.78914e+007 2.78914e+007 2.78914e+007 2.78914e+007 2.78914e+007 2.78914e+007 2.78914e+007 2.78914e+007 2.78914e+007 2.78914e+007 2.78914e+007 2.78914e+007 2.78914e+007 2.78914e+007 2.78914e+007 2.78914e+007 2.78914e+007 2.78914e+007 2.78914e+007 2.78914e+007 2.78914e+007 2.78914e+007 2.78914e+007 0 0 0 0 0 0 0 0 0 0 0 0 0 0 0 0 0 0 0 0 0 0 0 0 0
#obs cpue bio
 4.44106e+006 3.95687e+006 3.32522e+006 3.84048e+006 2.29507e+006 2.76372e+006 2.01546e+006 3.50736e+006 1.67384e+006 1.79183e+006 1.78906e+006 1.37442e+006 1.32496e+006 628520 1.08776e+006 930032 768127 425360 633417 711324 488766 624705 611324 450071 395708 603584 531230 431908 434026 576948 693973 505877 485255 627485 463519 563333 510936 556788 585701 618610 479561 599899 765311 749511 696525 591758 620256 540612 479724 691596 541075 741588 849904 627436 938840 818814 1.05157e+006 756363 944045 1.20855e+006
#pred surv len freq
 0.00472007 0.00766987 0.0115561 0.0163661 0.0219904 0.0281464 0.03435 0.0400318 0.0447499 0.0483335 0.050862 0.0525397 0.0535841 0.0541741 0.0544388 0.0544662 0.0543174 0.054028 0.053565 0.0527372 0.0511224 0.0481296 0.0432606 0.0364731 0.0283876
 0.00493209 0.00792655 0.0117838 0.0164528 0.021829 0.027696 0.0336764 0.0392922 0.0441234 0.0479395 0.0507166 0.0525745 0.0537058 0.0543238 0.0546196 0.0547287 0.0547168 0.0545751 0.0541965 0.0533243 0.0515196 0.0482396 0.0430803 0.036091 0.0279359
 0.00509442 0.0082065 0.0122279 0.0170957 0.0226644 0.0286443 0.0345758 0.0399403 0.0443622 0.0477355 0.0501784 0.0518903 0.0530471 0.0537828 0.0542118 0.054438 0.0545344 0.0545008 0.0542114 0.0533669 0.0514946 0.0480616 0.0427221 0.035601 0.0274119
 0.00529202 0.00852089 0.0126902 0.0177351 0.0235068 0.0297047 0.0358394 0.0413365 0.045749 0.0489147 0.0509513 0.0521337 0.052765 0.0530981 0.0533026 0.0534651 0.0536014 0.053654 0.0534539 0.0526697 0.0508087 0.0473405 0.0419531 0.0348209 0.0266929
 0.0054927 0.00884433 0.0131718 0.0184063 0.0243898 0.0308052 0.0371385 0.0427868 0.0472752 0.050415 0.0522956 0.0531698 0.0533465 0.0531323 0.052792 0.0525108 0.0523625 0.0522884 0.0520745 0.0513318 0.0495246 0.0461088 0.0407864 0.0337591 0.0257912
 0.00573271 0.00923363 0.0137561 0.0192277 0.0254792 0.0321698 0.0387491 0.0445728 0.049134 0.0522294 0.0539485 0.0545475 0.0543368 0.0536277 0.0527105 0.0518271 0.0511296 0.0506303 0.0501507 0.0492947 0.0474945 0.0441762 0.039027 0.0322423 0.0245722
 0.00599922 0.00966295 0.0143954 0.0201194 0.0266549 0.0336398 0.0404891 0.0465174 0.0511812 0.0542563 0.0558277 0.0561592 0.0555731 0.0543931 0.0529228 0.0514262 0.0500967 0.049008 0.0480494 0.0468773 0.0449484 0.0416852 0.0367526 0.0303096 0.0230552
 0.00625021 0.0100629 0.0149829 0.020927 0.0277057 0.0349417 0.0420268 0.0482464 0.0530304 0.056136 0.0576388 0.0577986 0.0569371 0.0553806 0.0534383 0.0513862 0.0494417 0.0477215 0.0461786 0.0445442 0.0423411 0.0390298 0.0342731 0.0281865 0.021394
 0.00660527 0.0106325 0.0158255 0.0220901 0.029216 0.0367894 0.0441512 0.0505347 0.0553366 0.0583127 0.0595633 0.0593826 0.0581199 0.056116 0.0536826 0.0510918 0.0485613 0.0462243 0.0440774 0.0419232 0.0393703 0.0359512 0.0313565 0.0256673 0.0194183
 0.00690559 0.0111128 0.0165341 0.0230686 0.0304936 0.0383739 0.0460159 0.0526096 0.0575123 0.0604553 0.0615351 0.061061 0.0594101 0.0569533 0.0540259 0.0509104 0.0478253 0.0449084 0.0421805 0.0395009 0.0365608 0.0329767 0.0284867 0.0231541 0.0174291
 0.00725973 0.0116752 0.0173556 0.0241875 0.0319293 0.0401167 0.0480167 0.0547765 0.0597222 0.0625753 0.0634419 0.0626501 0.0605983 0.0576791 0.0542479 0.0506036 0.0469748 0.0435063 0.0402362 0.0370652 0.033755 0.0300034 0.0256037 0.0206133 0.0154065
 0.0074933 0.0120634 0.0179553 0.0250564 0.0331137 0.0416323 0.0498297 0.0567983 0.0618239 0.064615 0.0652895 0.0642005 0.0617734 0.0584237 0.0545241 0.0503857 0.0462459 0.0422591 0.0384821 0.0348529 0.0311941 0.0272754 0.0229427 0.0182532 0.0135164
 0.00778732 0.0125318 0.0186433 0.0260015 0.0343414 0.0431481 0.0516068 0.0587688 0.0638803 0.0666233 0.0671095 0.065706 0.0628683 0.0590492 0.0546555 0.0500208 0.0453931 0.0409315 0.0367036 0.0326756 0.0287206 0.0246702 0.020417 0.0160188 0.0117274
 0.00811784 0.0130652 0.0194379 0.0271067 0.0357856 0.0449218 0.0536465 0.0609558 0.0660605 0.0686398 0.0688291 0.0670306 0.0637335 0.05942 0.0545226 0.0493964 0.0443034 0.0394115 0.0347966 0.0304454 0.0262683 0.0221454 0.0180062 0.0139068 0.0100463
 0.00826392 0.0133088 0.0198168 0.0276623 0.0365578 0.0459379 0.0549082 0.0624288 0.0676727 0.0702889 0.0703964 0.0683978 0.0647984 0.0601068 0.0547851 0.0492155 0.0436822 0.038371 0.0333765 0.0287093 0.0243132 0.0201065 0.0160454 0.0121813 0.00866847
 0.00860072 0.0138276 0.020544 0.0286043 0.0377017 0.0472541 0.0563502 0.063932 0.0691587 0.0716743 0.0716023 0.0693554 0.0654518 0.0604149 0.0547238 0.0487778 0.0428769 0.0372215 0.0319218 0.0270096 0.0224576 0.0182149 0.0142571 0.0106276 0.00743934
 0.00873096 0.014047 0.0208878 0.0291076 0.0383901 0.0481295 0.0573796 0.0650491 0.0702806 0.0727249 0.0725268 0.0701196 0.0660315 0.0607855 0.0548566 0.0486443 0.0424565 0.0365088 0.0309328 0.0257869 0.0210747 0.016774 0.0128768 0.00941907 0.00647897
 0.00860063 0.0138729 0.0206968 0.0289517 0.0383359 0.0482406 0.0576979 0.0655836 0.0710051 0.0735828 0.073442 0.0710122 0.0668315 0.06144 0.0553283 0.0489047 0.0424818 0.0362823 0.0304525 0.0250754 0.0201853 0.0157893 0.011897 0.00854021 0.00576964
 0.00856882 0.0138051 0.0205674 0.0287341 0.0380177 0.047844 0.0572914 0.065273 0.0709007 0.0737578 0.0739054 0.0717078 0.0676611 0.0622937 0.0561085 0.049537 0.0429158 0.0364875 0.030417 0.0248092 0.0197252 0.0151998 0.0112608 0.00794081 0.00527043
 0.00866587 0.0139395 0.0207252 0.0288843 0.0381171 0.0478479 0.0571683 0.0650194 0.0705526 0.0733917 0.0736225 0.0716017 0.0677825 0.0626314 0.0565951 0.0500749 0.0434058 0.0368499 0.0306018 0.0247986 0.0195338 0.0148716 0.0108604 0.0075376 0.00492074
 0.00870806 0.014015 0.0208502 0.0290737 0.0383761 0.04816 0.0574885 0.0652796 0.0706824 0.0733483 0.0734124 0.0712848 0.067453 0.0623843 0.0564917 0.0501228 0.0435611 0.0370383 0.0307464 0.0248434 0.0194563 0.0146847 0.0106038 0.00726246 0.00467279
 0.00865722 0.0139399 0.0207522 0.0289614 0.0382659 0.0480747 0.0574524 0.0653102 0.0707795 0.0734871 0.0735489 0.0713744 0.0674741 0.0623518 0.0564503 0.050123 0.0436321 0.0371724 0.0309035 0.0249708 0.0195126 0.0146549 0.0105018 0.007121 0.0045282
 0.00885812 0.0142255 0.0211062 0.0293432 0.0386226 0.0483606 0.0576445 0.0654117 0.070811 0.0734723 0.073502 0.0712949 0.0673503 0.0621727 0.0562196 0.049865 0.0433842 0.0369673 0.0307533 0.0248632 0.0194211 0.0145558 0.0103864 0.00699701 0.0044116
 0.00903411 0.0144837 0.0214415 0.0297292 0.0390144 0.0487028 0.057882 0.0655018 0.0707376 0.0732556 0.0731959 0.0709684 0.0670612 0.0619491 0.0560586 0.0497472 0.0432914 0.036892 0.0306954 0.0248214 0.0193877 0.0145193 0.010339 0.00693926 0.00435142
 0.00896871 0.0144183 0.021417 0.0298045 0.0392452 0.0491106 0.0584304 0.0660979 0.0712613 0.0736026 0.0733119 0.0708604 0.0667858 0.0615856 0.0556809 0.0494047 0.0430052 0.0366628 0.0305153 0.0246812 0.0192782 0.0144318 0.0102658 0.00687613 0.00429795
 0.00870136 0.0140177 0.0208804 0.0291595 0.0385518 0.0484568 0.0579215 0.0658337 0.0713031 0.0739425 0.0738677 0.0715039 0.0673927 0.0620767 0.0560356 0.0496463 0.0431736 0.0367924 0.030625 0.0247761 0.0193563 0.0144896 0.010302 0.00689299 0.00430056
 0.00882847 0.0141853 0.0210612 0.0293057 0.0386107 0.0483954 0.0577468 0.0655963 0.0710809 0.073812 0.0738751 0.0716475 0.0676231 0.0623173 0.0562143 0.0497224 0.0431472 0.0366937 0.0304941 0.0246458 0.0192448 0.0144024 0.010237 0.00684558 0.00426668
 0.00900154 0.0144406 0.0213951 0.0296928 0.0390046 0.0487346 0.0579648 0.0656383 0.0709247 0.0734855 0.0734559 0.0712381 0.0673117 0.0621452 0.0561666 0.0497462 0.0431826 0.0367002 0.0304602 0.0245824 0.0191709 0.0143335 0.0101812 0.00680439 0.00423817
 0.00894123 0.0143575 0.021297 0.0295953 0.0389245 0.0486809 0.0579313 0.0656034 0.0708595 0.0733674 0.0732827 0.0710358 0.0671301 0.0620408 0.0561786 0.0498789 0.0434035 0.0369563 0.0307012 0.0247768 0.0193098 0.0144236 0.0102353 0.00683472 0.00425383
 0.00887483 0.0142473 0.0211283 0.0293564 0.0386132 0.0483126 0.0575428 0.0652465 0.0705843 0.0732028 0.073227 0.0710639 0.0672127 0.0621616 0.05634 0.0500921 0.0436729 0.0372682 0.0310249 0.0250768 0.0195592 0.0146111 0.0103639 0.00691576 0.00430091
 0.00890522 0.0142878 0.0211723 0.0293903 0.0386187 0.0482705 0.057439 0.0650779 0.0703635 0.0729581 0.0729956 0.0708794 0.0670939 0.0621099 0.0563465 0.0501476 0.0437729 0.0374091 0.031197 0.0252619 0.0197349 0.0147587 0.0104743 0.00698961 0.00434537
 0.00898389 0.0144058 0.0213309 0.0295828 0.0388302 0.0484788 0.0576163 0.0651941 0.0703918 0.0728838 0.0728232 0.0706339 0.0668141 0.0618372 0.0561134 0.0499727 0.0436618 0.0373589 0.0311997 0.0253045 0.0198007 0.0148302 0.0105376 0.00703728 0.00437653
 0.00894654 0.0143427 0.021232 0.0294385 0.038635 0.0482362 0.0573422 0.064916 0.0701414 0.0726879 0.0726964 0.070578 0.0668231 0.0619025 0.0562279 0.0501305 0.0438559 0.0375795 0.031434 0.0255377 0.0200177 0.0150178 0.0106869 0.0071458 0.00444802
 0.00889121 0.0142628 0.0211301 0.0293221 0.0385128 0.0481133 0.0572175 0.0647842 0.0699998 0.0725418 0.0725601 0.0704706 0.0667608 0.0618937 0.0562726 0.0502231 0.0439884 0.0377427 0.0316171 0.0257281 0.0202014 0.0151818 0.0108213 0.00724643 0.00451629
 0.00885458 0.0142107 0.0210655 0.0292531 0.0384509 0.04807 0.0572002 0.0647933 0.0700269 0.072571 0.072573 0.0704538 0.0667128 0.0618257 0.0562035 0.0501719 0.0439685 0.0377594 0.0316683 0.025806 0.0202945 0.0152771 0.0109075 0.00731575 0.00456605
 0.00878919 0.0141079 0.0209179 0.029058 0.0382124 0.047802 0.0569279 0.0645505 0.069848 0.0724799 0.072575 0.0705349 0.066846 0.0619823 0.0563623 0.0503236 0.0441137 0.0379033 0.0318146 0.0259539 0.0204385 0.015409 0.0110193 0.00740257 0.00462727
 0.00874536 0.0140425 0.0208301 0.0289502 0.038089 0.0476671 0.0567853 0.0644049 0.0697081 0.0723595 0.0724909 0.0705011 0.0668681 0.0620542 0.0564689 0.0504471 0.0442403 0.0380263 0.0319331 0.0260688 0.0205489 0.0155111 0.0111078 0.00747302 0.00467823
 0.00872724 0.0140067 0.0207652 0.0288429 0.0379288 0.0474534 0.0565316 0.0641382 0.0694609 0.0721602 0.0723576 0.0704416 0.0668824 0.0621368 0.0566091 0.050629 0.0444447 0.038235 0.0321325 0.0262505 0.0207087 0.0156466 0.0112174 0.00755626 0.00473664
 0.00865072 0.0138837 0.0205825 0.0285894 0.0375978 0.0470467 0.0560644 0.0636421 0.0689818 0.071751 0.0720673 0.0703042 0.0669102 0.0623194 0.0569179 0.0510254 0.0448878 0.0386867 0.0325618 0.026635 0.0210352 0.0159096 0.0114177 0.0076996 0.00483205
 0.0086554 0.0138863 0.0205769 0.0285657 0.0375434 0.0469488 0.0559129 0.0634327 0.0687189 0.0714496 0.0717545 0.0700168 0.0666879 0.0621955 0.0569107 0.0511334 0.0450916 0.0389552 0.0328596 0.0269302 0.0213028 0.0161343 0.0115931 0.00782663 0.0049171
 0.00870482 0.0139572 0.0206657 0.0286621 0.0376324 0.0470132 0.0559369 0.0634033 0.0686274 0.0712936 0.0715403 0.0697612 0.0664182 0.0619462 0.0567169 0.0510226 0.0450763 0.0390299 0.0330034 0.0271134 0.0214952 0.0163114 0.0117395 0.00793657 0.00499227
 0.00857891 0.0137849 0.0204659 0.0284712 0.0374924 0.0469536 0.0559608 0.0634865 0.0687302 0.0713776 0.0715799 0.0697477 0.0663577 0.0618558 0.056621 0.0509486 0.0450482 0.0390622 0.0330962 0.0272528 0.0216581 0.0164732 0.0118808 0.00804658 0.00506924
 0.00849797 0.0136661 0.020312 0.0282967 0.0373234 0.0468253 0.0559112 0.0635453 0.0689049 0.0716429 0.0718804 0.0700148 0.0665346 0.0619157 0.0565716 0.0508235 0.0448926 0.0389187 0.032995 0.0272063 0.021662 0.0165118 0.0119349 0.00809993 0.00511227
 0.00840656 0.0135152 0.0200821 0.027971 0.0368963 0.0463123 0.0553572 0.0630233 0.0685002 0.0714286 0.0718927 0.0702416 0.0669191 0.0623763 0.0570282 0.0512202 0.0452078 0.03916 0.0331856 0.0273697 0.0218123 0.0166512 0.0120578 0.00819954 0.00518514
 0.00835985 0.0134355 0.0199548 0.0277794 0.036624 0.0459492 0.0549064 0.0625081 0.0679669 0.0709426 0.0715276 0.0700607 0.0669558 0.0626209 0.05743 0.0517043 0.0457 0.0396074 0.0335641 0.0276787 0.0220622 0.0168529 0.0122176 0.0083205 0.00527042
 0.00843672 0.0135412 0.0200775 0.0278949 0.0366999 0.0459535 0.0548157 0.0623117 0.0676689 0.0705634 0.0711051 0.0696492 0.0666174 0.062411 0.0573794 0.0518088 0.0459226 0.0398932 0.0338602 0.0279484 0.0222885 0.0170332 0.012356 0.00842238 0.00534122
 0.00859521 0.0137766 0.0203895 0.028266 0.037097 0.0463325 0.0551267 0.0625055 0.067706 0.0704247 0.0707996 0.069214 0.0661112 0.061903 0.0569362 0.0514805 0.0457315 0.0398307 0.033894 0.028037 0.0223954 0.0171344 0.01244 0.00848631 0.00538639
 0.00865536 0.013884 0.0205677 0.0285395 0.0374817 0.0468218 0.0556809 0.0630534 0.0681612 0.0707101 0.0708679 0.0690568 0.0657571 0.0614088 0.0563747 0.0509269 0.0452491 0.0394593 0.0336445 0.0278952 0.0223325 0.0171194 0.0124483 0.00850219 0.00540185
 0.00865219 0.0138937 0.0206103 0.0286444 0.037682 0.0471438 0.056132 0.063613 0.0687781 0.0713076 0.0713573 0.0693576 0.0658181 0.0612222 0.0559776 0.0503897 0.0446568 0.0388913 0.0331586 0.0275202 0.0220695 0.016951 0.0123492 0.00844861 0.00537525
 0.00875822 0.0140393 0.0207812 0.028814 0.0378231 0.0472456 0.0562112 0.0637099 0.0689376 0.0715544 0.0716791 0.0697037 0.0661143 0.0613949 0.0559778 0.0502089 0.0443279 0.038476 0.0327272 0.0271315 0.0217589 0.0167281 0.0122045 0.00836318 0.00532926
 0.00865895 0.0138982 0.0206056 0.0286206 0.0376308 0.047065 0.0560409 0.0635444 0.0687829 0.0714399 0.0716526 0.0698089 0.0663638 0.0617554 0.0563786 0.0505685 0.0445844 0.0386066 0.0327481 0.0270829 0.0216848 0.0166606 0.0121584 0.00833886 0.00532022
 0.0081268 0.0130718 0.019437 0.0270999 0.0357963 0.0450135 0.053933 0.0615914 0.0672065 0.0704187 0.071284 0.0701019 0.0672549 0.0631288 0.0580828 0.0524316 0.0464374 0.0403092 0.0342099 0.0282683 0.022602 0.0173423 0.0126457 0.00867168 0.00553476
 0.00794794 0.0127484 0.0188909 0.0262414 0.0345488 0.043352 0.0519203 0.0593881 0.0650453 0.0685538 0.0699368 0.0694219 0.0673003 0.0638661 0.0594012 0.0541661 0.0483954 0.0422994 0.0360689 0.0298817 0.0239122 0.018343 0.013366 0.00915974 0.00584438
 0.00803336 0.0128724 0.0190463 0.026401 0.0346594 0.0433317 0.0516661 0.0588014 0.0640735 0.0672311 0.0684008 0.0678895 0.0660121 0.0630229 0.0591167 0.0544494 0.0491605 0.0433947 0.0373164 0.0311151 0.0250067 0.0192287 0.0140252 0.00961281 0.00613221
 0.00801253 0.0128588 0.0190623 0.0264773 0.0348225 0.0435849 0.0519721 0.0590767 0.0642013 0.0670927 0.0679169 0.0670593 0.0649324 0.0618739 0.0581147 0.0537824 0.0489343 0.0436095 0.0378793 0.0318794 0.0258187 0.0199666 0.0146182 0.0100411 0.0064122
 0.00789728 0.0126984 0.018872 0.0262911 0.0346876 0.0435496 0.0520713 0.0593184 0.0645551 0.0674842 0.0682351 0.0671836 0.0647745 0.06142 0.0574442 0.0530508 0.0483221 0.0432593 0.0378501 0.0321366 0.0262613 0.0204722 0.0150853 0.0104107 0.00666915
 0.00783893 0.012606 0.0187387 0.026116 0.03448 0.0433344 0.0518907 0.0592251 0.0645963 0.0676791 0.0685578 0.0675602 0.0650989 0.0615869 0.0573892 0.0527818 0.0479235 0.0428623 0.0375807 0.0320667 0.0263877 0.0207317 0.0153917 0.0106914 0.00688421
 0.0077241 0.012432 0.0185005 0.0258171 0.0341318 0.0429541 0.0515022 0.058862 0.0643021 0.0675028 0.068541 0.0677192 0.0654099 0.0619831 0.0577779 0.0530776 0.0480843 0.0429073 0.0375783 0.0320972 0.0265025 0.0209328 0.0156405 0.0109356 0.00708406
 0.00752141 0.0121437 0.0181426 0.0254305 0.0337696 0.0426628 0.0513059 0.0587592 0.0642746 0.0675294 0.0686094 0.0678303 0.0655728 0.0622019 0.0580383 0.053343 0.0483092 0.0430609 0.037663 0.0321474 0.0265631 0.0210325 0.0157785 0.011088 0.00722205
 0.00720496 0.0116673 0.0174988 0.0246424 0.0328913 0.0417734 0.0505013 0.0581369 0.063911 0.0674557 0.0688025 0.0682265 0.0660958 0.0627882 0.0586455 0.0539426 0.0488754 0.0435683 0.0380934 0.0324996 0.0268523 0.0212795 0.0159962 0.0112767 0.00737438
#obs surv len freq
 nan nan nan nan nan nan nan nan nan nan nan nan nan nan nan nan nan nan nan nan nan nan nan nan nan
 0.00448842 0.00735152 0.0111832 0.0160007 0.0217018 0.027977 0.0342901 0.04002 0.0446979 0.0481599 0.050516 0.05201 0.0529006 0.0534116 0.0537247 0.0539787 0.0542567 0.054549 0.0546875 0.0542793 0.0527174 0.04935 0.0438004 0.0362815 0.0276662
 0.00461878 0.00756653 0.0115121 0.0164714 0.0223339 0.0287708 0.0352163 0.0410172 0.0456818 0.0490405 0.0512148 0.052472 0.0530986 0.0533459 0.0534185 0.0534699 0.0535893 0.0537662 0.0538287 0.0533819 0.0518208 0.0484977 0.0430379 0.0356471 0.0271814
 0.00477008 0.00781508 0.0118911 0.017014 0.023067 0.0297051 0.0363351 0.0422702 0.0469886 0.0503023 0.0523291 0.0533454 0.0536584 0.0535489 0.0532546 0.0529603 0.0527791 0.0527149 0.0526028 0.0520516 0.0504609 0.0471883 0.041858 0.034662 0.026427
 0.00496288 0.00812909 0.0123648 0.0176839 0.0239607 0.0308312 0.0376718 0.0437605 0.0485475 0.05183 0.0537238 0.0545111 0.0545094 0.0540152 0.0532894 0.052547 0.0519343 0.0514872 0.0510679 0.0503073 0.048623 0.0453842 0.0402135 0.0332797 0.0253646
 0.00517763 0.00848031 0.0128973 0.0184405 0.0249745 0.0321118 0.0391926 0.0454542 0.0503154 0.0535611 0.0553116 0.0558615 0.0555416 0.0546595 0.0534884 0.0522596 0.0511442 0.0502116 0.0493647 0.0482786 0.0464116 0.0431614 0.0381551 0.0315321 0.0240131
 0.00540662 0.00885559 0.0134678 0.0192538 0.0260681 0.0334988 0.0408466 0.0473038 0.0522539 0.0554665 0.0570656 0.0573616 0.0567036 0.0554161 0.0537852 0.0520531 0.0504044 0.0489326 0.0475798 0.0460754 0.0439391 0.0406189 0.0357603 0.0294742 0.0224086
 0.00565236 0.00925771 0.0140779 0.020122 0.0272334 0.0349744 0.0426046 0.049269 0.0543141 0.0574931 0.058934 0.058963 0.0579496 0.0562376 0.0541293 0.0518785 0.0496805 0.0476451 0.0457466 0.0437685 0.0413009 0.0378589 0.0331225 0.0271812 0.0206051
 0.00590055 0.0096642 0.0146954 0.0210016 0.0284151 0.0364722 0.0443899 0.0512656 0.0564081 0.0595546 0.0608374 0.0605993 0.0592298 0.0570923 0.0545054 0.0517353 0.0489871 0.0463841 0.0439281 0.0414527 0.0386197 0.0350193 0.0303774 0.024771 0.0186936
 0.00613864 0.0100566 0.015296 0.0218639 0.0295821 0.0379595 0.0461693 0.0532588 0.0584983 0.061609 0.0627292 0.0622199 0.060493 0.0579327 0.0548744 0.0515965 0.0483125 0.0451568 0.0421545 0.0391847 0.0359784 0.0322021 0.0276334 0.0223439 0.016756
 0.00638271 0.010455 0.0158986 0.0227188 0.0307267 0.0394066 0.0478923 0.0551851 0.0605181 0.0635953 0.0645574 0.0637815 0.0617015 0.0587245 0.0552056 0.0514371 0.0476415 0.0439624 0.0404439 0.0370051 0.0334399 0.0294883 0.0249801 0.0199867 0.0148653
 0.0066165 0.0108385 0.0164819 0.0235503 0.0318431 0.040818 0.0495664 0.0570432 0.0624472 0.0654704 0.0662623 0.0652197 0.0627981 0.0594246 0.0554711 0.0512428 0.0469714 0.0428094 0.0388182 0.0349512 0.0310585 0.026946 0.0224931 0.017773 0.0130852
 0.00684686 0.011217 0.0170591 0.024375 0.0329527 0.0422222 0.0512311 0.0588854 0.0643468 0.0672946 0.0678886 0.0665503 0.0637644 0.0599849 0.0556042 0.0509406 0.0462324 0.0416375 0.0372297 0.0329908 0.0288185 0.0245761 0.0201867 0.0157251 0.0114396
 0.0070806 0.011599 0.0176375 0.0251954 0.0340489 0.043601 0.0528578 0.060678 0.0661872 0.0690506 0.0694369 0.0677908 0.0646272 0.0604306 0.0556199 0.0505317 0.0454146 0.0404314 0.0356643 0.0311156 0.0267203 0.0223883 0.018078 0.0138644 0.00994995
 0.00729674 0.0119552 0.0181822 0.0259759 0.0351004 0.0449309 0.0544294 0.0624063 0.0679516 0.0707195 0.0708901 0.0689334 0.0653941 0.0607863 0.0555548 0.0500568 0.0445544 0.039219 0.034141 0.0293387 0.0247747 0.0203939 0.01618 0.0122049 0.00862977
 0.0074503 0.0122113 0.0185796 0.0265553 0.0358967 0.0459604 0.055676 0.0638155 0.0694362 0.0721738 0.0722073 0.0700182 0.0661718 0.0612076 0.0555965 0.0497191 0.0438555 0.0381909 0.0328279 0.027801 0.0230954 0.0186818 0.0145606 0.0107967 0.00751451
 0.00751773 0.0123216 0.0187478 0.0267983 0.0362333 0.0464097 0.0562534 0.0645269 0.070272 0.0731045 0.0731813 0.0709654 0.0670119 0.0618613 0.0559972 0.0498208 0.043637 0.0376557 0.0320035 0.0267386 0.0218712 0.0173945 0.0133212 0.009708 0.00664719
 0.00756226 0.0123891 0.0188409 0.0269173 0.0363782 0.0465829 0.0564621 0.0647835 0.0705927 0.0735044 0.073668 0.0715298 0.0676224 0.062463 0.0565192 0.050189 0.0437884 0.0375507 0.031633 0.0261271 0.0210759 0.0164995 0.0124244 0.00890108 0.00599482
 0.00767626 0.0125609 0.0190737 0.0272043 0.0367037 0.046925 0.0567962 0.065086 0.0708469 0.0737074 0.0738323 0.0716799 0.0677825 0.0626444 0.0567104 0.0503541 0.0438752 0.0375052 0.0314161 0.0257288 0.0205215 0.0158467 0.0117504 0.00828292 0.00548905
 0.00773926 0.0126642 0.0192302 0.0274244 0.0369907 0.0472695 0.0571715 0.0654515 0.0711586 0.0739323 0.07396 0.0717232 0.0677714 0.0626131 0.0566847 0.0503409 0.0438583 0.0374495 0.0312812 0.0254853 0.0201659 0.0154065 0.0112772 0.00783557 0.00511513
 0.00779359 0.0127466 0.0193434 0.0275683 0.0371632 0.0474683 0.0573942 0.0656922 0.0714046 0.0741627 0.0741493 0.0718497 0.0678253 0.0626016 0.0566278 0.0502618 0.0437711 0.0373523 0.0311564 0.0253103 0.0199273 0.0151109 0.0109523 0.00752068 0.00484602
 0.00782323 0.012793 0.0194096 0.0276554 0.03727 0.0475905 0.0575249 0.0658235 0.0715301 0.0742794 0.0742563 0.0719446 0.0679021 0.0626512 0.0566437 0.050244 0.0437252 0.0372838 0.0310653 0.0251898 0.0197702 0.0149181 0.0107377 0.00730817 0.00466023
 0.00786633 0.0128546 0.0194869 0.0277406 0.037353 0.0476629 0.0575827 0.0658677 0.0715646 0.0743093 0.0742856 0.0719765 0.0679373 0.0626875 0.0566754 0.0502636 0.0437262 0.0372622 0.031019 0.0251171 0.01967 0.0147931 0.0105969 0.00716658 0.00453429
 0.00788049 0.0128772 0.0195197 0.0277841 0.0374049 0.0477173 0.0576304 0.0658982 0.0715713 0.074293 0.0742558 0.0719474 0.067922 0.0626931 0.0567011 0.050302 0.0437663 0.0372927 0.0310306 0.0251039 0.0196301 0.0147288 0.0105157 0.00707983 0.00445404
 0.00788794 0.0128874 0.0195316 0.0277956 0.0374141 0.0477232 0.0576333 0.0658993 0.0715709 0.0742898 0.0742483 0.0719357 0.06791 0.0626873 0.0567079 0.0503239 0.0438003 0.0373309 0.0310629 0.0251211 0.0196265 0.0147039 0.010474 0.00702968 0.00440465
 0.00788695 0.012881 0.0195134 0.0277571 0.0373475 0.0476254 0.0575095 0.0657634 0.0714422 0.0741876 0.0741862 0.0719193 0.0679368 0.0627498 0.0567967 0.0504301 0.0439156 0.0374466 0.0311697 0.0252098 0.0196902 0.0147399 0.0104849 0.00702236 0.0043878
 0.0078981 0.0128955 0.0195282 0.0277664 0.0373432 0.0475991 0.0574544 0.065677 0.0713285 0.0740585 0.0740599 0.0718159 0.0678728 0.0627334 0.0568267 0.0504981 0.0440092 0.0375529 0.0312763 0.025306 0.0197677 0.0147942 0.0105161 0.00703445 0.00438742
 0.00789489 0.012888 0.0195126 0.0277377 0.0372963 0.0475304 0.0573636 0.0655678 0.0712077 0.0739352 0.0739446 0.0717205 0.0678091 0.0627114 0.0568516 0.0505681 0.0441157 0.0376824 0.0314134 0.0254363 0.0198798 0.0148811 0.0105761 0.00707045 0.00440531
 0.00787825 0.0128619 0.0194751 0.0276875 0.0372325 0.0474529 0.0572733 0.0654672 0.0711016 0.0738302 0.0738489 0.0716424 0.0677566 0.062691 0.0568678 0.0506225 0.0442054 0.0377996 0.031546 0.0255702 0.0200018 0.0149818 0.0106509 0.00712007 0.00443435
 0.00786018 0.0128279 0.0194156 0.0275917 0.037092 0.047267 0.0570529 0.0652345 0.0708844 0.0736533 0.0737285 0.0715845 0.067759 0.0627471 0.0569693 0.0507605 0.0443712 0.0379835 0.0317369 0.0257556 0.0201693 0.0151216 0.0107578 0.00719451 0.00448111
 0.00786607 0.0128334 0.0194162 0.0275796 0.0370574 0.0471998 0.0569461 0.0650873 0.0707045 0.073458 0.0735417 0.0714311 0.0676586 0.0627092 0.056993 0.0508378 0.0444901 0.0381307 0.0318992 0.0259198 0.0203229 0.0152541 0.0108627 0.00727016 0.00453048
 0.00781143 0.0127516 0.019306 0.0274443 0.0369031 0.0470337 0.0567744 0.0649156 0.0705385 0.0733048 0.0734105 0.0713334 0.0676066 0.0627131 0.0570576 0.0509599 0.0446595 0.0383321 0.0321151 0.0261332 0.020519 0.0154216 0.010995 0.00736616 0.00459399
 0.00779571 0.0127196 0.0192464 0.0273439 0.0367519 0.0468312 0.0565348 0.0646657 0.0703096 0.0731216 0.0732851 0.0712659 0.0675913 0.0627446 0.0571331 0.0510782 0.0448172 0.0385213 0.0323232 0.0263445 0.0207175 0.0155941 0.0111334 0.00746795 0.00466231
 0.00776832 0.0126766 0.019184 0.0272587 0.0366402 0.0466888 0.056359 0.0644586 0.0700821 0.0728949 0.0730867 0.0711221 0.0675191 0.0627478 0.0572047 0.0512054 0.0449867 0.0387205 0.0325391 0.0265631 0.0209241 0.0157755 0.0112803 0.00757722 0.00473642
 0.00773396 0.0126195 0.0190962 0.0271327 0.0364715 0.0464792 0.056119 0.0642062 0.0698385 0.0726794 0.0729138 0.0710027 0.0674623 0.0627599 0.0572872 0.0513526 0.0451858 0.0389547 0.0327902 0.0268135 0.0211578 0.015979 0.0114449 0.00769972 0.0048198
 0.00768688 0.012543 0.0189813 0.0269713 0.0362586 0.0462158 0.0558153 0.0638828 0.0695239 0.0724038 0.0727033 0.0708748 0.0674239 0.0628095 0.0574169 0.0515507 0.0454376 0.0392427 0.0330946 0.0271139 0.0214352 0.0162185 0.011637 0.00784209 0.00491649
 0.00769104 0.0125452 0.0189759 0.0269499 0.0362109 0.0461329 0.055692 0.0637198 0.0693283 0.072189 0.0724877 0.0706799 0.0672708 0.0627154 0.0573918 0.0515967 0.045549 0.0394076 0.0332965 0.0273332 0.021652 0.0164149 0.0118004 0.00796643 0.00500272
 0.00765257 0.0124911 0.0189098 0.0268795 0.036145 0.0460759 0.0556412 0.0636657 0.0692595 0.0720976 0.0723743 0.0705534 0.067147 0.0626128 0.057328 0.0515845 0.0455941 0.0395073 0.0334406 0.0275056 0.0218336 0.016587 0.0119482 0.00808169 0.00508414
 0.00764759 0.0124774 0.0188795 0.0268234 0.0360566 0.0459573 0.0555054 0.0635342 0.0691528 0.072026 0.0723338 0.0705304 0.0671277 0.0625912 0.0573086 0.0515789 0.0456155 0.0395648 0.0335356 0.0276309 0.0219755 0.0167291 0.0120754 0.00818409 0.00515825
 0.00762006 0.0124381 0.01883 0.0267675 0.0359979 0.0458959 0.0554375 0.0634547 0.0690611 0.0719295 0.0722466 0.0704668 0.0670947 0.0625865 0.0573241 0.0516081 0.0456572 0.0396226 0.0336138 0.0277298 0.022089 0.0168462 0.0121838 0.00827386 0.00522482
 0.00760641 0.0124155 0.0187954 0.0267187 0.0359348 0.0458223 0.0553608 0.0633841 0.0690034 0.0718863 0.0722144 0.0704413 0.0670748 0.0625749 0.0573248 0.0516231 0.0456865 0.0396657 0.0336707 0.0278004 0.0221708 0.0169331 0.012267 0.00834531 0.00527956
 0.00758772 0.0123874 0.0187575 0.0266718 0.0358805 0.0457622 0.0552969 0.0633191 0.0689415 0.071833 0.0721751 0.0704187 0.0670683 0.0625816 0.0573416 0.0516485 0.0457207 0.0397094 0.0337242 0.027863 0.0222403 0.017005 0.0123356 0.0084046 0.00532562
 0.00757074 0.0123577 0.0187091 0.0265987 0.0357789 0.0456335 0.05515 0.0631695 0.0688075 0.0717303 0.0721125 0.0703984 0.067087 0.0626327 0.0574169 0.0517395 0.0458202 0.0398121 0.033827 0.0279636 0.0223364 0.0170937 0.0124132 0.00846788 0.00537298
 0.00755654 0.012337 0.018682 0.0265661 0.0357412 0.0455895 0.0550965 0.0631031 0.0687276 0.0716417 0.0720258 0.0703265 0.0670409 0.0626183 0.0574343 0.051784 0.0458846 0.0398891 0.03391 0.0280477 0.0224176 0.0171684 0.0124783 0.00852082 0.00541259
 0.00752271 0.0122854 0.018611 0.0264768 0.0356379 0.045479 0.0549873 0.0630044 0.0686466 0.0715817 0.0719864 0.0703057 0.0670382 0.0626355 0.0574737 0.0518465 0.0459677 0.039987 0.0340154 0.0281532 0.0225168 0.0172565 0.0125519 0.00857834 0.00545418
 0.00751828 0.0122714 0.0185777 0.0264118 0.0355303 0.0453257 0.0547978 0.0628004 0.0684562 0.0714302 0.0718894 0.0702671 0.0670522 0.0626915 0.057561 0.0519566 0.046094 0.0401236 0.0341559 0.0282902 0.0226432 0.0173663 0.0126413 0.00864616 0.00550177
 0.0075021 0.0122495 0.0185521 0.0263859 0.0355054 0.0452983 0.0547582 0.0627363 0.0683597 0.0713051 0.0717522 0.0701417 0.0669611 0.0626479 0.0575668 0.052005 0.0461746 0.0402255 0.0342693 0.0284063 0.0227541 0.0174651 0.0127231 0.00870887 0.00554594
 0.00750205 0.0122488 0.0185502 0.0263822 0.0355006 0.045294 0.0547567 0.0627384 0.0683618 0.0712984 0.071726 0.0700897 0.0668866 0.0625644 0.0574928 0.0519561 0.0461587 0.0402423 0.0343123 0.0284664 0.0228216 0.0175316 0.012782 0.00875604 0.00558023
 0.00748696 0.012227 0.0185224 0.0263509 0.0354689 0.0452649 0.0547323 0.0627199 0.0683501 0.0712935 0.0717263 0.0700907 0.0668823 0.0625505 0.05747 0.0519314 0.0461423 0.0402431 0.034334 0.0285067 0.0228738 0.0175873 0.0128338 0.0087988 0.00561187
 0.00750246 0.0122475 0.0185447 0.0263695 0.0354778 0.0452608 0.0547163 0.0626971 0.0683272 0.0712754 0.0717145 0.0700834 0.0668757 0.0625403 0.0574533 0.0519083 0.0461166 0.0402214 0.0343231 0.0285106 0.0228919 0.017615 0.0128648 0.00882752 0.00563475
 0.00750246 0.0122475 0.0185447 0.0263695 0.0354778 0.0452608 0.0547163 0.0626971 0.0683272 0.0712754 0.0717145 0.0700834 0.0668757 0.0625403 0.0574533 0.0519083 0.0461166 0.0402214 0.0343231 0.0285106 0.0228919 0.017615 0.0128648 0.00882752 0.00563475
 0.00707787 0.0115782 0.017579 0.0250803 0.0338759 0.043411 0.0527505 0.0608086 0.0667363 0.0701767 0.071229 0.0702371 0.0676059 0.0637209 0.0589279 0.053521 0.0477352 0.0417479 0.0356942 0.029691 0.0238665 0.0183835 0.0134389 0.00922996 0.00589678
 0.00700211 0.0114066 0.0172324 0.0244574 0.0328814 0.0419992 0.050964 0.0587894 0.0646995 0.0683614 0.0698496 0.0694475 0.0674787 0.0642412 0.0600009 0.0549953 0.0494346 0.0435039 0.0373687 0.0311868 0.025127 0.0193866 0.0141904 0.00975641 0.00623896
 0.0070324 0.011462 0.0173224 0.024582 0.0330155 0.0420758 0.0508727 0.0584023 0.0639242 0.0671978 0.068415 0.0679538 0.0661721 0.0633328 0.0596164 0.0551552 0.0500646 0.0444656 0.0384992 0.0323344 0.0261753 0.0202641 0.0148681 0.0102398 0.0065565
 0.00709023 0.0115654 0.0174951 0.0248511 0.0334029 0.0425837 0.0514664 0.0589981 0.0643931 0.0673896 0.0682041 0.0672918 0.0651235 0.0620719 0.0583782 0.0541627 0.0494637 0.0442944 0.0386975 0.0327812 0.0267338 0.0208182 0.0153418 0.0105995 0.00680204
 0.00708056 0.0115621 0.0175137 0.0249157 0.0335424 0.0428243 0.0518223 0.0594624 0.0649297 0.0679275 0.0686394 0.0675052 0.0650155 0.0616066 0.0576139 0.0532464 0.0485864 0.0436256 0.0383312 0.0327175 0.026899 0.0211061 0.015654 0.0108702 0.00700237
 0.00708407 0.0115701 0.0175306 0.0249491 0.0336035 0.0429282 0.0519865 0.0597028 0.0652536 0.068325 0.0690751 0.0679144 0.0653109 0.0616986 0.0574429 0.0528147 0.0479715 0.0429609 0.0377583 0.032335 0.0267338 0.0211194 0.0157725 0.0110214 0.00713727
 0.00706376 0.0115427 0.0175 0.0249226 0.0335909 0.0429395 0.0520301 0.0597863 0.0653844 0.06851 0.0693162 0.068201 0.0656121 0.0619606 0.0575986 0.0528067 0.0477797 0.0426201 0.0373518 0.0319627 0.0264716 0.0209938 0.0157619 0.0110782 0.00721469
 0.00711701 0.0116266 0.0176212 0.0250852 0.0337957 0.0431823 0.0523004 0.0600669 0.0656541 0.0687487 0.0695104 0.0683458 0.065708 0.0620061 0.0575827 0.0527073 0.0475737 0.0423026 0.0369506 0.0315363 0.0260893 0.0207071 0.0155872 0.0109986 0.00719613
 0.00714857 0.0116841 0.017719 0.0252396 0.03402 0.0434795 0.0526576 0.0604545 0.066033 0.0690805 0.0697661 0.0685098 0.065778 0.0619886 0.0574871 0.0525397 0.047335 0.0419928 0.0365799 0.0311334 0.0256985 0.0203741 0.0153414 0.0108439 0.00711517
#pred catch len freq
 0.00413433 0.00657604 0.00965938 0.0133351 0.0175726 0.022333 0.0275015 0.0328624 0.0381424 0.0430764 0.0474487 0.0511116 0.0539966 0.0561143 0.0575354 0.0583657 0.0587276 0.058731 0.0584069 0.0575986 0.055881 0.0526302 0.0473143 0.0398938 0.0310511
 0.00433376 0.00682726 0.00990569 0.0134868 0.0175418 0.0220818 0.027075 0.032376 0.0377281 0.0428191 0.0473538 0.0511214 0.0540405 0.0561578 0.0576013 0.0585191 0.0590318 0.0591982 0.0589678 0.0581132 0.056192 0.0526348 0.0470138 0.0393893 0.03049
 0.00451137 0.00711781 0.0103405 0.0140807 0.0182725 0.0228697 0.0277814 0.0328402 0.0378352 0.0425619 0.0468401 0.0505167 0.0534854 0.0557193 0.0572825 0.0583035 0.0589172 0.0591918 0.0590537 0.0582262 0.0562282 0.0524995 0.0466751 0.038898 0.0299515
 0.00472059 0.00744385 0.0108072 0.0147067 0.0190735 0.0238561 0.0289431 0.0341201 0.0391086 0.0436457 0.0475447 0.050722 0.0531945 0.0550518 0.0564121 0.057386 0.0580518 0.0584214 0.0583785 0.057613 0.0556209 0.0518436 0.0459515 0.0381425 0.0292401
 0.00496273 0.0078223 0.0113492 0.0154294 0.0199845 0.0249539 0.0302147 0.0355356 0.0406145 0.045155 0.0489287 0.0518161 0.0538329 0.0551242 0.0559122 0.0564165 0.0567802 0.0570158 0.056959 0.0562378 0.0543011 0.0505747 0.0447444 0.0370379 0.028297
 0.00524003 0.00825847 0.0119792 0.0162783 0.0210666 0.0262698 0.031745 0.0372349 0.0424111 0.0469559 0.0506254 0.0532865 0.0549432 0.0557405 0.0559282 0.0557913 0.055563 0.0553371 0.0549904 0.0541434 0.0522096 0.0485807 0.0429256 0.0354659 0.0270299
 0.00551752 0.00869505 0.0126105 0.0171315 0.0221605 0.0276134 0.0333305 0.0390292 0.04435 0.0489457 0.0525499 0.0550173 0.0563495 0.0566969 0.0563227 0.0555393 0.0546306 0.0537626 0.0528901 0.0516927 0.0496096 0.046027 0.0405882 0.0334755 0.0254642
 0.00585063 0.00921047 0.0133388 0.0180875 0.0233464 0.0290223 0.0349458 0.0408185 0.0462602 0.0509025 0.05446 0.0567726 0.0578334 0.0577908 0.0569132 0.0555271 0.0539445 0.0523812 0.0508635 0.0491544 0.0467665 0.0431279 0.0378791 0.0311548 0.0236479
 0.00622089 0.00979104 0.0141733 0.0192041 0.0247554 0.0307132 0.0368802 0.0429258 0.0484425 0.0530482 0.056458 0.0585215 0.0592429 0.0587792 0.0574031 0.0554435 0.05322 0.0509729 0.0487809 0.0464877 0.0437 0.0399236 0.0348286 0.0285122 0.0215713
 0.00658501 0.0103576 0.0149802 0.0202737 0.0260971 0.0323242 0.0387403 0.0449878 0.0506259 0.0552414 0.0585306 0.0603426 0.0606982 0.059781 0.057888 0.055362 0.052528 0.0496353 0.0467933 0.0439098 0.0406838 0.0367139 0.0317223 0.0257866 0.0194115
 0.00697445 0.0109626 0.0158393 0.0214069 0.0275069 0.0339972 0.0406436 0.0470635 0.0527902 0.0573901 0.0605482 0.0621108 0.062106 0.0607341 0.0583159 0.0552172 0.05178 0.0482671 0.0448108 0.0413674 0.0377147 0.0335411 0.0286298 0.023052 0.0172301
 0.00729654 0.0114735 0.016585 0.0224235 0.0288162 0.0355998 0.0425085 0.0491219 0.0549396 0.0595087 0.0625114 0.0638041 0.0634322 0.0616159 0.0586955 0.0550536 0.0510461 0.0469503 0.0429215 0.0389592 0.0349097 0.0305416 0.025697 0.020447 0.0151417
 0.00769384 0.0120879 0.0174526 0.0235606 0.0302231 0.0372639 0.0444002 0.0511854 0.0570861 0.0616187 0.0644482 0.0654335 0.0646429 0.0623323 0.0588783 0.0546902 0.0501386 0.0455091 0.0409712 0.0365576 0.0321715 0.0276511 0.0228906 0.0179619 0.0131508
