SBPRF35
12.7214
Curr Bio
946717
B35
900758
F35
0.169707
FOFL
0.169707
OFL
132450
Bzero
3.63469e+06
#pred survey bio
 3.68269e+06 3.53e+06 3.40007e+06 3.23307e+06 3.03049e+06 2.80069e+06 2.5616e+06 2.33217e+06 2.09945e+06 1.87082e+06 1.652e+06 1.45141e+06 1.30479e+06 1.17667e+06 1.03181e+06 903081 799185 733254 671287 643969 607187 588735 570101 555063 548202 549257 539695 542579 548301 550219 559602 564943 573763 579503 589945 592290 594332 606959 620475 633218 650245 662625 672958 678862 684601 691347 693298 696493 710661 718571 732851 782247 775920 791775 810041 842326 870186 892767 899722 890093 906261 948371 958388 982545 968619 953473 2.21178e+07 1.98804e+07 1.98512e+07 2.03656e+07 2.12676e+07 2.23498e+07 2.34479e+07 2.44596e+07 2.53358e+07 2.60635e+07 2.66507e+07 2.71151e+07 2.74774e+07 2.77577e+07 2.79733e+07 2.81388e+07 2.82657e+07 2.83633e+07 2.84384e+07 2.84965e+07 2.85416e+07 2.85767e+07 2.86042e+07 2.86258e+07 2.86428e+07 2.86563e+07 2.8667e+07 2.86756e+07 2.86824e+07 2.86879e+07 2.86923e+07 2.86958e+07 2.86987e+07 2.8701e+07 2.87029e+07 2.87045e+07 2.87057e+07 2.87067e+07 2.87075e+07 2.87082e+07 2.87088e+07 2.87092e+07 2.87096e+07 2.87099e+07 2.87101e+07 2.87103e+07 2.87105e+07 2.87106e+07 2.87107e+07 2.87108e+07 2.87109e+07 2.8711e+07 2.8711e+07 2.8711e+07 2.87111e+07 2.87111e+07 2.87111e+07 2.87111e+07 2.87112e+07 2.87112e+07 2.87112e+07 2.87112e+07 2.87112e+07 2.87112e+07 2.87112e+07 2.87112e+07 2.87112e+07 2.87112e+07 2.87112e+07 2.87112e+07 2.87112e+07 2.87112e+07 2.87112e+07 2.87112e+07 2.87112e+07 2.87112e+07 2.87112e+07 2.87112e+07 2.87112e+07 2.87112e+07 2.87112e+07 2.87112e+07 2.87112e+07 2.87112e+07 2.87112e+07 2.87112e+07 2.87112e+07 2.87112e+07 2.87112e+07 2.87112e+07 2.87112e+07 2.87112e+07 2.87112e+07 2.87112e+07 2.87112e+07 2.87112e+07 2.87112e+07 2.87112e+07 2.87112e+07 2.87112e+07 0 0 0 0 0 0 0 0 0 0 0 0 0 0 0 0 0 0 0 0 0 0 0 0 0
#obs survey bio
 4.47286e+06 4.76078e+06 2.33359e+06 2.51623e+06 3.63453e+06 2.77475e+06 1.65220e+06 2.27294e+06 1.80699e+06 1.44026e+06 1.19905e+06 1.42935e+06 1.023e+06 1.1311e+06 1.11463e+06 825283 957806 637872 545479 546744 512636 604964 476415 640205 698528 527557 498059 716424 495090 503448 555983 472891 652728 789006 627106 778741 641886 393551 444342 637691 550946 643604 560046 640871 780628 599135 531524 697334 685268 654764 806845 602505 880423 572032 672847 1.02883e+06 1.0799e+06 1.03476e+06 596007 721138 1.19602e+06 1.09609e+06 1.16119e+06 1.0193e+06 804623 1.08824e+06
#pred catch bio
 117512 105757 150835 196835 237695 264325 274590 295861 308128 311767 304033 262137 249845 264265 246024 218956 181103 173203 140511 146021 127475 125133 119495 110717 103188 111202 99901.7 97660.6 100866 94572.1 98123.3 95351.8 98137.6 94236 100990 100822 92361.4 93044.1 95050.5 92955.5 98608 101733 106758 108094 108456 113549 113097 104571 110474 105149 77033.6 125340 105907 105514 95583.7 100931 106260 120650 135980 115465 95699 123682 110285 141434 139087 114834 132450 130197 128807 130773 135794 142212 148766 154739 159813 163920 167130 169574 171399 172739 173713 174413 174912 175266 175516 175692 175815 175901 175962 176003 176032 176053 176067 176076 176083 176088 176091 176093 176094 176096 176096 176097 176097 176097 176097 176098 176098 176098 176098 176098 176098 176098 176098 176098 176098 176098 176098 176098 176098 176098 176098 176098 176098 176098 176098 176098 176098 176098 176098 176098 176098 176098 176098 176098 176098 176098 176098 176098 176098 176098 176098 176098 176098 176098 176098 176098 176098 176098 176098 176098 176098 176098 176098 176098 176098 176098 176098 176098 176098 176098 176098 176098 176098 176098 176098 176098 0 0 0 0 0 0 0 0 0 0 0 0 0 0 0 0 0 0 0 0 0 0 0 0 0
#obs catch bio
 0 105264 150878 196909 237386 263910 275249 296946 309948 315692 308192 264676 252637 268309 247532 221207 182114 173670 141070 147851 128655 126116 120582 111182 103713 111952 100473 97993 101495 95045.2 98431.5 95619.2 98447 94368.2 101079 100871 92383.7 93546.5 95504.9 93009.4 98924 102010 106938 108538 108870 114227 114169 105066 111332 105803 76427.4 126119 105718 106012 96023.8 101188 106429 120583 136892 116367 95853.6 124997 110105 141940 139519 114664
#pred cpue bio
 3.63269e+06 3.48201e+06 3.35326e+06 3.18651e+06 2.98429e+06 2.75493e+06 2.5161e+06 2.28684e+06 2.05467e+06 1.827e+06 1.60957e+06 1.41062e+06 1.26508e+06 1.13819e+06 995573 869183 767441 703112 642681 615924 580168 562408 544560 530159 523639 524801 515598 518461 524134 526117 535415 540782 549453 555166 565523 567966 570021 582274 595376 607800 624364 636331 646306 651893 657303 663758 665543 668627 682560 690514 704719 753258 747331 762673 780283 811928 839596 861931 868409 858300 873764 915380 926003 950191 936742 922237 2.14224e+07 1.92722e+07 1.91342e+07 1.95113e+07 2.03604e+07 2.14288e+07 2.25238e+07 2.35349e+07 2.4411e+07 2.51387e+07 2.57259e+07 2.61903e+07 2.65527e+07 2.68329e+07 2.70485e+07 2.7214e+07 2.73409e+07 2.74385e+07 2.75136e+07 2.75717e+07 2.76168e+07 2.76519e+07 2.76794e+07 2.7701e+07 2.7718e+07 2.77315e+07 2.77423e+07 2.77508e+07 2.77576e+07 2.77631e+07 2.77675e+07 2.77711e+07 2.77739e+07 2.77763e+07 2.77781e+07 2.77797e+07 2.77809e+07 2.77819e+07 2.77828e+07 2.77834e+07 2.7784e+07 2.77844e+07 2.77848e+07 2.77851e+07 2.77853e+07 2.77855e+07 2.77857e+07 2.77858e+07 2.7786e+07 2.7786e+07 2.77861e+07 2.77862e+07 2.77862e+07 2.77863e+07 2.77863e+07 2.77863e+07 2.77863e+07 2.77864e+07 2.77864e+07 2.77864e+07 2.77864e+07 2.77864e+07 2.77864e+07 2.77864e+07 2.77864e+07 2.77864e+07 2.77864e+07 2.77864e+07 2.77864e+07 2.77864e+07 2.77864e+07 2.77864e+07 2.77864e+07 2.77864e+07 2.77864e+07 2.77864e+07 2.77864e+07 2.77864e+07 2.77864e+07 2.77864e+07 2.77864e+07 2.77864e+07 2.77864e+07 2.77864e+07 2.77864e+07 2.77864e+07 2.77864e+07 2.77864e+07 2.77864e+07 2.77864e+07 2.77864e+07 2.77864e+07 2.77864e+07 2.77864e+07 2.77864e+07 2.77864e+07 2.77864e+07 2.77864e+07 2.77864e+07 2.77864e+07 0 0 0 0 0 0 0 0 0 0 0 0 0 0 0 0 0 0 0 0 0 0 0 0 0
#obs cpue bio
 3.70498e+06 3.75675e+06 3.10647e+06 3.80674e+06 3.35883e+06 2.73508e+06 2.03119e+06 2.18396e+06 1.89693e+06 1.31241e+06 1.95735e+06 1.38421e+06 1.28197e+06 973291 1.30474e+06 687799 644175 1.0066e+06 557564 485085 590899 560175 527225 542334 325003 543305 458738 431443 481156 503516 645301 582779 486694 403081 606972 445892 473877 573507 847521 762507 607998 637820 848497 529743 536002 638598 593799 743620 591588 857869 1.19091e+06 680659 764598 643852 682657 912246 678142 981584 790455 660646 710664 613347 1.40881e+06 880650 1.08952e+06 974233
#pred surv len freq
 0.00452126 0.00738387 0.0111941 0.0159605 0.0215839 0.0277738 0.0340253 0.0397464 0.0444803 0.0480512 0.0505373 0.0521406 0.0530729 0.0535097 0.0535903 0.0534375 0.0531792 0.0529435 0.0527897 0.0525712 0.0518121 0.0497498 0.0456423 0.0392344 0.0310688
 0.00475818 0.00768258 0.0114875 0.0161425 0.0215499 0.0274789 0.0335229 0.0391754 0.0440033 0.0477812 0.0505005 0.052293 0.0533515 0.0538792 0.0540567 0.054025 0.0538865 0.0537055 0.053468 0.0529878 0.0518187 0.0492991 0.0448207 0.0382307 0.0300948
 0.00492435 0.00797239 0.0119532 0.0168267 0.0224545 0.02853 0.0345589 0.0399866 0.0444174 0.0477475 0.0501131 0.0517352 0.0528038 0.053455 0.0537955 0.0539226 0.0539193 0.053827 0.053591 0.0529841 0.0515569 0.0487081 0.0439372 0.0371938 0.0290859
 0.00509033 0.00824035 0.0123551 0.0173965 0.0232264 0.0295299 0.0357841 0.0413783 0.0458422 0.04901 0.0510096 0.0521307 0.0526894 0.0529452 0.0530694 0.053148 0.0532021 0.0531971 0.0530105 0.0523678 0.0508072 0.0477647 0.0428196 0.0360071 0.0279784
 0.00532094 0.00860557 0.012887 0.0181193 0.024154 0.0306623 0.0371022 0.0428409 0.0473846 0.0505414 0.0524082 0.0532471 0.0533738 0.0530976 0.0526845 0.0523219 0.052091 0.0519511 0.0517218 0.0510561 0.0494468 0.046334 0.0413468 0.0345815 0.0267197
 0.00562177 0.00908281 0.013583 0.0190651 0.0253636 0.0321243 0.0387715 0.0446374 0.0492061 0.0522828 0.053974 0.0545499 0.0543233 0.0535984 0.0526548 0.0517273 0.0509705 0.0504116 0.0499002 0.0490755 0.0473964 0.0442841 0.0393776 0.0327957 0.0252223
 0.00591684 0.00956259 0.0143049 0.0200814 0.0267105 0.033805 0.0407388 0.04679 0.0514039 0.0543763 0.0558312 0.0560687 0.0554289 0.0542318 0.0527633 0.0512667 0.0499226 0.0488063 0.0478247 0.0466636 0.0448058 0.0416787 0.0369189 0.0306322 0.0234663
 0.00617463 0.0099838 0.0149434 0.0209903 0.0279342 0.0353644 0.0426154 0.0489152 0.0536639 0.0566285 0.0579253 0.0578653 0.0568128 0.0551176 0.0530923 0.0510001 0.0490384 0.0473089 0.0457623 0.0441432 0.0419945 0.038787 0.0341711 0.0282274 0.0215402
 0.00643568 0.0104083 0.0155828 0.021894 0.0291416 0.0368928 0.044445 0.0509829 0.0558693 0.058849 0.0600312 0.0597295 0.0583174 0.0561599 0.05359 0.0508937 0.0482922 0.0459146 0.0437513 0.0416046 0.0390888 0.0357406 0.031243 0.0256556 0.0194863
 0.00667184 0.0107987 0.0161827 0.0227593 0.0303186 0.0384014 0.0462619 0.0530352 0.0580452 0.0610202 0.0620725 0.0615291 0.0597783 0.0571974 0.0541298 0.050872 0.0476593 0.0446431 0.0418524 0.0391489 0.0362239 0.0326914 0.0282803 0.0230365 0.0173899
 0.0069375 0.0112256 0.0168166 0.0236412 0.03148 0.0398544 0.0479874 0.0549747 0.0601045 0.0630817 0.0640123 0.0632317 0.0611459 0.0581531 0.0546145 0.0508376 0.0470648 0.043459 0.0400766 0.0368321 0.0334935 0.0297567 0.0254048 0.0204789 0.015335
 0.00727046 0.0117517 0.01758 0.024673 0.0327929 0.0414358 0.049791 0.0569188 0.0620822 0.0649802 0.0657292 0.0646818 0.0622603 0.0588771 0.0549043 0.050658 0.0463863 0.0422596 0.0383535 0.0346245 0.0309085 0.0269797 0.0226782 0.0180467 0.0133761
 0.00746985 0.012082 0.0180883 0.0254059 0.0337864 0.0426994 0.0512928 0.0585825 0.0638017 0.0666436 0.0672393 0.0659642 0.0632613 0.0595557 0.0552262 0.0505907 0.0458982 0.0413244 0.0369612 0.0328018 0.028741 0.024623 0.0203416 0.0159457 0.0116731
 0.00753291 0.0122092 0.0183257 0.0258135 0.0344255 0.0436125 0.0524829 0.0600037 0.0653648 0.0682342 0.0687383 0.067266 0.0642857 0.0602522 0.0555687 0.0505666 0.0454982 0.0405388 0.0357876 0.0312628 0.0269062 0.022621 0.0183484 0.014146 0.0102087
 0.00774538 0.0125446 0.0188129 0.0264756 0.0352794 0.0446667 0.0537301 0.0614119 0.0668716 0.069748 0.0701482 0.0684589 0.0651659 0.0607569 0.0556732 0.0502773 0.0448386 0.0395364 0.034471 0.0296711 0.0251072 0.020725 0.0165019 0.0125012 0.0088811
 0.00792362 0.0128422 0.0192743 0.0271445 0.0361868 0.0458136 0.0550741 0.0628679 0.0683319 0.071109 0.0713284 0.0694 0.0658242 0.0610973 0.0556709 0.049924 0.0441449 0.0385294 0.0331898 0.028168 0.0234549 0.0190234 0.0148735 0.0110688 0.0077347
 0.0080961 0.0131128 0.0196644 0.0276699 0.0368587 0.0466373 0.0560436 0.0639579 0.0694913 0.0722632 0.0723895 0.0702835 0.0664644 0.0614541 0.0557267 0.0496767 0.0436028 0.0377109 0.0321262 0.0269075 0.0220669 0.0175994 0.0135192 0.00988491 0.00679219
 0.00826874 0.0133656 0.0199937 0.0280558 0.0372728 0.0470555 0.0564563 0.0643723 0.0699263 0.0727382 0.072912 0.070838 0.0670093 0.0619284 0.0560641 0.0498204 0.0435148 0.0373756 0.031551 0.0261242 0.0211324 0.0165934 0.0125343 0.00900899 0.00608763
 0.00851323 0.0137484 0.0205405 0.0287752 0.0381489 0.0480406 0.0574679 0.0653043 0.0706765 0.0732423 0.0731626 0.0708782 0.0669044 0.0617345 0.0558085 0.0494992 0.0431043 0.0368491 0.0308938 0.0253434 0.0202617 0.0156905 0.011671 0.00825365 0.00548753
 0.00846802 0.013694 0.0204942 0.0287664 0.0382127 0.048207 0.0577498 0.0656908 0.0711331 0.0737176 0.0736022 0.07124 0.0671702 0.06191 0.0559114 0.049542 0.0430831 0.0367438 0.0306803 0.0250093 0.0198177 0.0151738 0.0111373 0.00776208 0.00508322
 0.00852375 0.0137802 0.0206164 0.0289288 0.0384199 0.0484651 0.0580656 0.0660668 0.07156 0.0741692 0.0740353 0.0716027 0.0674168 0.0620149 0.0558761 0.0493894 0.0428438 0.0364418 0.0303264 0.0246061 0.0193716 0.0147039 0.010677 0.00734952 0.00474894
 0.00850309 0.0137427 0.0205534 0.028831 0.0382818 0.048291 0.0578748 0.0658942 0.0714503 0.0741646 0.0741617 0.0718593 0.0677722 0.062415 0.0562595 0.0497049 0.0430612 0.0365517 0.0303332 0.0245205 0.0192083 0.0144845 0.0104304 0.00710872 0.00454213
 0.00854029 0.0137955 0.0206183 0.0288988 0.0383386 0.0483214 0.0578656 0.065839 0.0713538 0.0740458 0.0740525 0.0717962 0.0677843 0.0625115 0.0564245 0.0499024 0.0432472 0.0366886 0.0303979 0.0245067 0.0191237 0.0143469 0.0102645 0.00694099 0.00439506
 0.00860389 0.0138884 0.0207381 0.0290359 0.0384776 0.0484441 0.0579545 0.0658792 0.0713358 0.0739686 0.0739268 0.0716449 0.067639 0.0624043 0.0563776 0.0499198 0.0433129 0.0367723 0.0304665 0.0245351 0.0191015 0.0142787 0.010166 0.00683272 0.00429571
 0.00862439 0.0139176 0.0207744 0.0290744 0.038511 0.0484638 0.0579526 0.0658497 0.0712766 0.073883 0.0738234 0.0715368 0.0675421 0.0623351 0.0563506 0.0499436 0.0433855 0.0368793 0.030584 0.0246365 0.0191667 0.0143002 0.0101493 0.00679202 0.00424719
 0.00859651 0.013871 0.020702 0.0289695 0.038369 0.0482859 0.0577476 0.0656348 0.0710737 0.0737135 0.0737036 0.0714761 0.067543 0.0623951 0.056464 0.0501026 0.0435803 0.0370961 0.0308042 0.024839 0.019332 0.0144167 0.0102164 0.00681898 0.0042485
 0.00865215 0.0139596 0.0208311 0.0291428 0.0385835 0.048528 0.0579915 0.0658451 0.0712141 0.0737583 0.0736457 0.071328 0.0673313 0.0621527 0.0562229 0.0498889 0.0434112 0.0369789 0.0307361 0.0248087 0.0193237 0.0144151 0.0102113 0.00680723 0.0042322
 0.00862258 0.0139088 0.0207505 0.0290247 0.0384251 0.0483363 0.0577865 0.0656563 0.0710712 0.0736798 0.0736334 0.0713689 0.0674064 0.0622453 0.0563234 0.0499946 0.0435233 0.0370987 0.0308619 0.0249344 0.0194401 0.0145127 0.0102838 0.00685385 0.00425726
 0.00856891 0.0138251 0.020631 0.0288659 0.0382264 0.0481006 0.0575222 0.0653799 0.0708082 0.0734617 0.0734905 0.0713216 0.0674585 0.062383 0.0565215 0.0502253 0.043764 0.0373343 0.0310833 0.0251353 0.0196146 0.0146555 0.0103919 0.0069281 0.00430286
 0.00852421 0.0137583 0.0205412 0.0287561 0.0381016 0.0479664 0.0573829 0.0652386 0.0706678 0.0733271 0.0733703 0.071229 0.067409 0.0623895 0.0565884 0.0503465 0.0439242 0.0375148 0.0312669 0.0253087 0.0197683 0.0147833 0.0104907 0.00699824 0.00434787
 0.00847455 0.01367 0.020395 0.0285318 0.0377854 0.0475612 0.0569162 0.0647607 0.0702389 0.0729992 0.0731741 0.0711714 0.0674791 0.0625677 0.0568523 0.050673 0.0442893 0.0378935 0.0316347 0.0256445 0.0200568 0.0150161 0.0106663 0.00712111 0.00442691
 0.00848161 0.0136779 0.0203994 0.0285241 0.0377523 0.0474855 0.0567802 0.0645532 0.0699632 0.0726787 0.0728503 0.0708928 0.0672865 0.0624836 0.0568787 0.0507962 0.0444868 0.0381393 0.0319024 0.0259093 0.0202982 0.0152195 0.0108246 0.00723449 0.00450126
 0.00839679 0.0135541 0.0202392 0.0283384 0.037557 0.0472949 0.056602 0.0643874 0.0698042 0.0725205 0.0726926 0.0707456 0.0671707 0.0624251 0.0568996 0.0509058 0.0446788 0.0383937 0.0321917 0.0262043 0.020573 0.015455 0.0110104 0.00736899 0.00459027
 0.0083469 0.0134721 0.0201149 0.0281641 0.0373313 0.0470279 0.0563182 0.0641211 0.0695889 0.0723761 0.0726187 0.0707262 0.0671861 0.062464 0.0569635 0.0510054 0.0448249 0.0385888 0.032426 0.0264581 0.0208222 0.0156777 0.0111919 0.00750376 0.00468125
 0.0082886 0.0133757 0.019967 0.0279516 0.0370447 0.0466671 0.0558977 0.0636732 0.0691603 0.072018 0.0723749 0.0706215 0.0672208 0.0626166 0.0572013 0.051297 0.0451478 0.038929 0.0327729 0.0267988 0.02114 0.0159552 0.0114162 0.0076703 0.00479396
 0.00830127 0.0133938 0.019989 0.027973 0.0370571 0.0466577 0.0558508 0.0635734 0.0689988 0.0717993 0.0721198 0.0703645 0.0670008 0.0624658 0.0571361 0.0513165 0.0452386 0.0390731 0.0329525 0.0269975 0.0213415 0.0161435 0.0115774 0.00779585 0.00488243
 0.00839149 0.0135218 0.020147 0.0281418 0.0372113 0.0467738 0.0559132 0.0635753 0.0689391 0.0716792 0.0719431 0.0701411 0.0667502 0.0622161 0.0569191 0.0511585 0.0451538 0.0390615 0.0330029 0.0270922 0.0214611 0.0162692 0.0116933 0.00789116 0.00495253
 0.00836645 0.0134884 0.0201097 0.0281074 0.0371849 0.0467535 0.0558879 0.0635285 0.0688575 0.071561 0.0718005 0.0699942 0.0666186 0.0621141 0.0568553 0.051139 0.045183 0.0391401 0.0331252 0.0272458 0.0216287 0.0164324 0.0118369 0.00800557 0.00503495
 0.00829978 0.0133881 0.0199741 0.0279417 0.0370008 0.0465678 0.05572 0.0633961 0.0687707 0.0715187 0.071791 0.0700025 0.0666343 0.0621356 0.0568882 0.0511914 0.0452617 0.0392482 0.0332614 0.0274031 0.0217953 0.0165937 0.0119791 0.00811935 0.0051173
 0.0083201 0.013406 0.0199738 0.0279002 0.0368959 0.0463894 0.055479 0.0631245 0.0685121 0.071313 0.0716623 0.0699542 0.0666532 0.0622006 0.0569798 0.0512977 0.0453786 0.0393767 0.0334025 0.0275549 0.0219509 0.0167429 0.0121109 0.00822566 0.00519497
 0.00829474 0.01337 0.0199283 0.0278472 0.0368344 0.0463117 0.0553703 0.0629694 0.0683055 0.0710698 0.0714175 0.0697521 0.0665302 0.0621728 0.0570403 0.0514248 0.0455466 0.0395648 0.0335969 0.0277468 0.0221333 0.0169083 0.012252 0.00833698 0.00527535
 0.00826861 0.0133333 0.0198838 0.0278016 0.0367965 0.0462891 0.0553658 0.0629778 0.0683128 0.0710565 0.0713663 0.0696578 0.0664057 0.0620456 0.0569418 0.0513771 0.0455561 0.0396238 0.0336908 0.0278603 0.022253 0.0170237 0.0123543 0.0084204 0.00533725
 0.00829914 0.0133733 0.0199267 0.0278359 0.0368105 0.0462769 0.0553312 0.0629335 0.0682736 0.0710308 0.0713511 0.0696402 0.0663705 0.0619851 0.0568617 0.0512947 0.0454927 0.0395949 0.0337011 0.0279042 0.022319 0.0170986 0.012427 0.00848269 0.00538503
 0.00830041 0.0133857 0.0199634 0.0279135 0.0369414 0.0464602 0.055547 0.0631458 0.0684436 0.0711317 0.0713759 0.0695982 0.066277 0.0618539 0.0567031 0.0511198 0.0453164 0.0394351 0.0335737 0.0278177 0.0222729 0.0170851 0.0124345 0.00850006 0.00540391
 0.00829293 0.013374 0.0199476 0.0278958 0.0369286 0.0464644 0.0555839 0.0632288 0.068575 0.0712965 0.0715439 0.0697344 0.0663556 0.0618651 0.0566531 0.0510236 0.0451926 0.0393025 0.0334498 0.0277165 0.022202 0.0170445 0.0124184 0.00849969 0.00541085
 0.00828717 0.0133641 0.0199317 0.0278721 0.0368959 0.0464237 0.0555399 0.0631914 0.0685579 0.0713137 0.0716032 0.0698316 0.0664731 0.061977 0.0567348 0.0510608 0.0451843 0.039259 0.0333872 0.0276514 0.0221474 0.0170072 0.0123988 0.00849375 0.00541278
 0.00824332 0.0133072 0.0198723 0.0278283 0.0368872 0.0464622 0.0556236 0.0633043 0.0686772 0.0714198 0.0716864 0.0698928 0.0665183 0.0620107 0.0567552 0.051061 0.0451575 0.0392037 0.0333099 0.0275644 0.0220644 0.0169389 0.0123501 0.00846382 0.00539731
 0.00820394 0.0132422 0.0197739 0.0276913 0.0367139 0.046267 0.0554352 0.0631595 0.0686086 0.0714416 0.0717891 0.0700494 0.0666973 0.0621871 0.0569144 0.0511956 0.0452627 0.0392766 0.0333504 0.0275772 0.0220584 0.0169243 0.0123352 0.00845322 0.00539179
 0.00808226 0.0130541 0.0195091 0.0273471 0.0362961 0.045791 0.0549288 0.0626648 0.0681791 0.0711335 0.0716476 0.0700953 0.0669205 0.0625498 0.0573631 0.0516753 0.0457286 0.0396972 0.0337076 0.0278641 0.0222767 0.0170822 0.0124442 0.00852505 0.00543692
 0.00803107 0.0129685 0.0193759 0.0271535 0.0360329 0.0454581 0.0545395 0.0622467 0.0677699 0.0707736 0.0713748 0.069941 0.0669058 0.0626806 0.0576253 0.0520362 0.0461431 0.0401191 0.0340988 0.0281994 0.0225448 0.017283 0.0125854 0.00861835 0.00549472
 0.0080233 0.0129426 0.0193126 0.0270266 0.0358159 0.0451349 0.054114 0.0617464 0.0672411 0.0702714 0.0709526 0.0696428 0.0667617 0.0627043 0.0578129 0.0523658 0.0465772 0.0406094 0.0345946 0.0286569 0.0229338 0.0175894 0.0128094 0.00877026 0.00559015
 0.00779769 0.0125907 0.0188107 0.0263629 0.0349925 0.0441708 0.0530504 0.0606499 0.0661994 0.0693815 0.0703038 0.0693015 0.0667607 0.0630388 0.0584438 0.053229 0.0475934 0.0416941 0.0356659 0.029644 0.0237838 0.0182726 0.0133204 0.00912464 0.00581686
 0.00800882 0.0129018 0.0192181 0.0268399 0.0354929 0.0446373 0.0534219 0.0608669 0.0662117 0.0691598 0.0698526 0.0686659 0.0660224 0.0622996 0.0578027 0.0527594 0.0473298 0.0416302 0.0357635 0.0298462 0.0240311 0.018515 0.0135253 0.00927786 0.00591945
 0.0080187 0.0129296 0.0192805 0.0269563 0.0356769 0.0448844 0.0537012 0.0611242 0.0663849 0.0691986 0.0697326 0.0683926 0.0656269 0.0618336 0.0573316 0.0523521 0.0470444 0.0414998 0.0357877 0.0299942 0.0242528 0.0187574 0.0137459 0.00945217 0.00604122
 0.00788015 0.0127312 0.0190326 0.0266879 0.0354307 0.0447056 0.0536263 0.0611706 0.0665442 0.0694341 0.0699859 0.0685996 0.0657381 0.061829 0.0572257 0.0521878 0.0468793 0.0413888 0.0357671 0.0300717 0.0244083 0.018953 0.0139414 0.0096178 0.00616322
 0.00768548 0.0124202 0.0185769 0.0260709 0.0346574 0.043816 0.0527025 0.0603303 0.0659122 0.0691045 0.0699919 0.0689064 0.0662594 0.0624576 0.0578653 0.0527751 0.0473921 0.0418381 0.0361792 0.0304688 0.0247953 0.0193169 0.0142598 0.0098718 0.00634585
 0.00767964 0.0123852 0.018477 0.0258567 0.0342782 0.0432399 0.0519371 0.0594321 0.0649812 0.0682648 0.0693644 0.0685802 0.0662688 0.062774 0.0584085 0.0534418 0.0480875 0.0424982 0.036776 0.0309992 0.0252645 0.0197256 0.0146018 0.0101395 0.00653809
 0.00782021 0.0125885 0.0187341 0.0261381 0.0345349 0.0434095 0.0519537 0.0592399 0.0645534 0.0676219 0.0685819 0.0677768 0.0655759 0.0622988 0.0582046 0.0534995 0.0483472 0.042878 0.0372002 0.0314154 0.0256444 0.0200563 0.0148769 0.0103552 0.00669465
 0.00793235 0.0127817 0.0190431 0.026596 0.0351588 0.0441798 0.052798 0.0600361 0.0651561 0.0679045 0.0684757 0.067291 0.0647962 0.0613637 0.0572686 0.0526926 0.0477454 0.0424961 0.0370057 0.0313544 0.0256645 0.0201179 0.0149536 0.0104303 0.00675792
 0.0079066 0.0127735 0.0190936 0.026766 0.0355146 0.0447696 0.0536267 0.0610509 0.0662477 0.0689237 0.0692615 0.0677075 0.0647689 0.0609028 0.0564679 0.0517022 0.0467271 0.0415812 0.0362699 0.0308164 0.0253032 0.0198941 0.0148267 0.0103664 0.00673121
 0.00767277 0.0124161 0.0186012 0.0261509 0.0348199 0.0440728 0.053038 0.0606965 0.0662347 0.0692976 0.0699784 0.0686374 0.0657318 0.0617228 0.0570237 0.0519567 0.0467263 0.041424 0.0360645 0.0306441 0.0252018 0.0198631 0.0148444 0.0104066 0.00677392
 0.00738627 0.0119558 0.0179202 0.0252148 0.0336196 0.0426437 0.0514783 0.0591686 0.0649419 0.0684382 0.0696945 0.0689758 0.0666276 0.0630136 0.0584924 0.0533917 0.0479754 0.0424215 0.0368227 0.0312183 0.0256517 0.0202284 0.0151412 0.0106375 0.00694045
 0.00741603 0.0119765 0.0178992 0.0251015 0.033355 0.0421775 0.0507878 0.058273 0.0639085 0.0673797 0.0687559 0.0683087 0.0663529 0.063183 0.0590671 0.0542504 0.0489537 0.0433647 0.0376286 0.0318508 0.0261252 0.0205787 0.0154013 0.0108288 0.00707551
 0.00736728 0.011904 0.0178009 0.0249752 0.0331921 0.0419568 0.050474 0.0578256 0.0633007 0.06662 0.067903 0.0674697 0.0656639 0.0627755 0.0590296 0.054598 0.0496198 0.0442225 0.0385334 0.032684 0.0268188 0.0211144 0.0157926 0.0111016 0.00725654
 0.00725825 0.011767 0.0176687 0.0249016 0.0332352 0.0421523 0.050811 0.0582403 0.0636888 0.0668655 0.067912 0.0672008 0.0651473 0.0621118 0.0583638 0.0540757 0.0493402 0.0442092 0.038737 0.0330121 0.0271762 0.0214332 0.0160416 0.0112781 0.00737233
 0.00692317 0.0112717 0.0170178 0.024138 0.0324366 0.0414188 0.0502494 0.0579426 0.0637053 0.0671796 0.068433 0.0677881 0.0656578 0.062451 0.0585165 0.0541031 0.0493461 0.0442917 0.0389476 0.0333413 0.0275697 0.0218231 0.0163749 0.01153 0.00754323
#obs surv len freq
 nan nan nan nan nan nan nan nan nan nan nan nan nan nan nan nan nan nan nan nan nan nan nan nan nan
 0.00448643 0.00734845 0.0111789 0.0159951 0.0216951 0.0279695 0.0342822 0.0400122 0.044691 0.0481544 0.0505124 0.0520085 0.0529011 0.0534138 0.0537284 0.0539835 0.0542623 0.0545551 0.0546939 0.0542859 0.052724 0.0493561 0.0438059 0.036286 0.0276697
 0.0046153 0.00756102 0.011504 0.0164606 0.0223203 0.0287548 0.0351987 0.0409994 0.0456652 0.0490267 0.0512049 0.0524665 0.0530977 0.0533492 0.0534254 0.0534798 0.0536015 0.0537801 0.0538438 0.0533975 0.0518363 0.0485124 0.043051 0.0356581 0.0271898
 0.0047771 0.00782524 0.0119041 0.0170286 0.0230816 0.029718 0.0363448 0.0422759 0.04699 0.0502996 0.0523227 0.0533363 0.0536478 0.0535379 0.0532443 0.0529514 0.0527718 0.0527092 0.0525984 0.0520482 0.0504582 0.0471861 0.0418562 0.0346606 0.026426
 0.00496275 0.00812935 0.0123661 0.0176868 0.0239656 0.0308377 0.0376785 0.0437653 0.0485483 0.0518258 0.0537151 0.0544995 0.0544971 0.0540039 0.0532805 0.0525411 0.0519317 0.0514876 0.0510709 0.0503123 0.0486293 0.0453909 0.0402199 0.0332852 0.0253689
 0.00518321 0.00848943 0.0129111 0.0184602 0.0250007 0.0321446 0.0392309 0.0454951 0.0503548 0.0535943 0.0553341 0.0558705 0.0555365 0.0546424 0.0534625 0.0522289 0.0511119 0.05018 0.0493351 0.0482513 0.046387 0.0431397 0.0381366 0.0315172 0.0240019
 0.00542189 0.00887935 0.0135015 0.0192983 0.026123 0.0335628 0.040917 0.0473765 0.0523238 0.055528 0.0571134 0.0573914 0.0567125 0.0554036 0.0537528 0.0520045 0.0503446 0.0488666 0.0475117 0.0460085 0.0438757 0.0405611 0.0357102 0.0294334 0.0223778
 0.00565863 0.00926885 0.0140964 0.0201506 0.0272743 0.0350284 0.0426697 0.0493408 0.0543866 0.0575603 0.0589911 0.0590063 0.0579764 0.0562459 0.0541178 0.0518477 0.0496326 0.047584 0.0456772 0.0436958 0.0412294 0.0377926 0.0330647 0.0271341 0.0205696
 0.00588907 0.00964703 0.0146725 0.0209742 0.0283861 0.0364456 0.044371 0.0512596 0.0564189 0.0595834 0.0608819 0.0606541 0.059288 0.057147 0.0545503 0.051766 0.0490012 0.0463818 0.0439117 0.0414262 0.0385881 0.034987 0.0303479 0.0247465 0.0186752
 0.00612553 0.010034 0.0152596 0.0218095 0.029507 0.037865 0.0460622 0.0531517 0.0584063 0.0615463 0.0627048 0.0622361 0.0605451 0.0580114 0.0549677 0.0516926 0.0484016 0.0452324 0.042214 0.0392286 0.0360093 0.0322234 0.0276482 0.0223543 0.0167632
 0.00638734 0.0104609 0.0159043 0.0227215 0.0307222 0.0393903 0.04786 0.0551349 0.0604521 0.0635202 0.0644844 0.0637236 0.0616694 0.0587235 0.0552342 0.051488 0.0477042 0.0440263 0.0405008 0.0370504 0.0334728 0.0295101 0.0249938 0.0199949 0.0148701
 0.0066263 0.0108574 0.0165157 0.0236053 0.0319238 0.0409231 0.0496866 0.0571613 0.0625423 0.0655249 0.0662675 0.0651778 0.0627215 0.059331 0.0553781 0.051163 0.0469099 0.0427644 0.0387838 0.034921 0.0310284 0.0269149 0.0224627 0.0177458 0.0130634
 0.00685017 0.0112221 0.0170665 0.0243858 0.0329691 0.0422482 0.0512717 0.0589444 0.0644232 0.0673801 0.0679686 0.0666077 0.0637868 0.0599689 0.0555567 0.050875 0.0461631 0.0415749 0.037178 0.0329491 0.0287836 0.0245454 0.020159 0.0157013 0.0114206
 0.00706873 0.0115804 0.0176108 0.0251602 0.0340056 0.0435522 0.0528081 0.0606351 0.0661602 0.0690482 0.0694633 0.0678433 0.0646955 0.0605 0.0556766 0.0505681 0.0454308 0.0404338 0.0356604 0.031111 0.026717 0.0223861 0.0180758 0.0138618 0.00994702
 0.00727477 0.0119221 0.018137 0.0259197 0.0350357 0.0448614 0.0543594 0.0623412 0.0678975 0.0706828 0.0708767 0.0689473 0.0654356 0.0608506 0.0556324 0.0501357 0.0446242 0.039274 0.034181 0.0293669 0.0247951 0.0204092 0.0161916 0.0122132 0.00863511
 0.00742111 0.0121611 0.0184996 0.0264367 0.0357343 0.0457569 0.055446 0.0635842 0.0692334 0.0720255 0.0721292 0.0700141 0.0662362 0.0613282 0.0557577 0.0499031 0.0440448 0.0383705 0.0329877 0.027936 0.0232054 0.0187686 0.0146268 0.0108451 0.00754773
 0.00752585 0.0123311 0.0187551 0.0267969 0.0362144 0.046364 0.0561736 0.0644109 0.0701255 0.0729423 0.073025 0.0708387 0.0669336 0.0618408 0.0560334 0.0499037 0.0437516 0.0377854 0.0321333 0.0268572 0.021972 0.0174751 0.0133822 0.00975171 0.0066766
 0.00761314 0.0124709 0.0189616 0.0270821 0.0365858 0.0468222 0.0567088 0.0650025 0.0707456 0.0735616 0.0736179 0.0713828 0.0674069 0.0622168 0.0562789 0.0499821 0.0436289 0.0374397 0.0315628 0.0260862 0.0210532 0.0164866 0.0124164 0.00889554 0.00599089
 0.00766261 0.0125449 0.0190613 0.0272055 0.0367302 0.0469865 0.0568963 0.0652195 0.0709989 0.0738546 0.0739482 0.0717411 0.0677763 0.0625732 0.0565915 0.0502135 0.0437391 0.0373926 0.0313356 0.0256789 0.0204953 0.0158354 0.0117469 0.00828252 0.00548946
 0.00774322 0.0126674 0.0192295 0.0274162 0.0369733 0.0472462 0.0571525 0.0654518 0.0711919 0.0740042 0.0740627 0.0718374 0.0678712 0.0626756 0.056697 0.0503044 0.0437867 0.0373632 0.0311991 0.0254198 0.020121 0.0153799 0.0112635 0.00782944 0.00511272
 0.00778241 0.012732 0.0193278 0.0275554 0.0371564 0.0474684 0.0573985 0.0656965 0.0714071 0.0741671 0.0741639 0.0718823 0.067877 0.0626637 0.0566845 0.0502972 0.0437766 0.0373293 0.0311152 0.0252641 0.0198867 0.0150813 0.010934 0.00751099 0.00484163
 0.00780979 0.0127697 0.0193725 0.0276008 0.0371965 0.0475018 0.0574306 0.0657375 0.0714664 0.0742469 0.0742573 0.0719766 0.0679604 0.0627304 0.056736 0.0503384 0.0438093 0.0373475 0.0311049 0.0252085 0.0197754 0.0149174 0.0107363 0.00730796 0.00466118
 0.00785842 0.0128402 0.0194623 0.0277013 0.0372946 0.0475829 0.0574827 0.0657547 0.0714509 0.07421 0.074216 0.0719472 0.0679521 0.062743 0.0567625 0.0503701 0.0438386 0.0373677 0.0311078 0.0251845 0.0197164 0.0148225 0.0106149 0.00717763 0.00454123
 0.00786184 0.0128481 0.019478 0.0277285 0.0373349 0.0476335 0.0575343 0.0657937 0.0714644 0.0741921 0.0741714 0.0718905 0.0679019 0.0627151 0.0567642 0.0503989 0.0438849 0.0374185 0.0311501 0.0252069 0.0197112 0.0147876 0.0105554 0.00710495 0.00446913
 0.00788275 0.0128745 0.019504 0.0277448 0.0373324 0.0476082 0.0574906 0.0657427 0.0714183 0.074158 0.0741492 0.0718757 0.0678914 0.0627105 0.056771 0.0504225 0.043926 0.037472 0.0312058 0.0252532 0.0197383 0.0147909 0.0105364 0.00707095 0.00442993
 0.0079161 0.0129251 0.0195731 0.0278297 0.0374261 0.0476987 0.0575628 0.0657814 0.0714141 0.074112 0.0740728 0.0717859 0.0678037 0.0626346 0.0567115 0.0503811 0.0439033 0.0374666 0.0312134 0.0252663 0.0197485 0.0147915 0.0105254 0.00705065 0.00440565
 0.00789939 0.0129008 0.0195418 0.0277939 0.0373893 0.0476647 0.0575337 0.0657576 0.0713938 0.0740921 0.0740513 0.0717637 0.0677851 0.0626258 0.0567179 0.0504047 0.0439426 0.0375175 0.0312702 0.0253223 0.0197971 0.0148275 0.0105462 0.00705773 0.00440318
 0.00790467 0.0129028 0.0195332 0.0277644 0.03733 0.0475726 0.0574163 0.0656317 0.07128 0.0740075 0.074004 0.0717524 0.0678028 0.0626645 0.0567713 0.0504693 0.0440161 0.0375971 0.0313518 0.0254004 0.0198659 0.0148823 0.0105847 0.00708065 0.00441386
 0.00787063 0.0128539 0.0194711 0.0276938 0.0372556 0.0474964 0.0573355 0.0655417 0.0711798 0.0739042 0.0739124 0.0716903 0.0677831 0.0626903 0.0568366 0.0505628 0.0441258 0.0377131 0.0314661 0.0255067 0.0199587 0.0149575 0.0106405 0.00711784 0.00443565
 0.00786435 0.0128326 0.0194192 0.0275922 0.0370887 0.0472619 0.0570521 0.0652458 0.0709139 0.0737018 0.0737903 0.0716494 0.0678158 0.0627865 0.0569852 0.0507505 0.0443371 0.0379314 0.0316764 0.0256972 0.0201212 0.0150875 0.0107374 0.00718437 0.00447725
 0.00785933 0.012828 0.0194178 0.0275962 0.0370961 0.0472629 0.0570281 0.0651761 0.0707865 0.0735236 0.0735879 0.0714597 0.0676721 0.0627084 0.0569767 0.0508042 0.044439 0.038065 0.0318249 0.0258449 0.0202556 0.0152001 0.0108242 0.00724574 0.00451677
 0.00782045 0.0127643 0.0193217 0.027462 0.036923 0.0470584 0.0568092 0.0649657 0.0706056 0.0733837 0.0734896 0.0713993 0.067649 0.0627281 0.0570464 0.0509267 0.0446086 0.0382679 0.0320425 0.0260584 0.0204489 0.0153619 0.0109493 0.00733473 0.00457467
 0.0078156 0.0127513 0.0192926 0.0274061 0.0368295 0.0469205 0.0566286 0.0647549 0.070386 0.0731809 0.0733264 0.0712902 0.0675985 0.0627327 0.0571002 0.0510242 0.0447451 0.0384364 0.0322319 0.0262533 0.0206331 0.0155219 0.0110766 0.00742744 0.00463618
 0.00778636 0.0127047 0.0192242 0.0273121 0.0367065 0.0467666 0.056445 0.0645471 0.0701656 0.0729653 0.0731374 0.0711498 0.0675237 0.0627314 0.0571699 0.0511544 0.0449213 0.0386434 0.0324547 0.026477 0.0208426 0.0157042 0.011223 0.00753515 0.00470845
 0.00774761 0.0126419 0.0191303 0.0271811 0.0365357 0.0465585 0.0562095 0.064301 0.069929 0.0727571 0.0729721 0.0710377 0.067472 0.0627451 0.0572502 0.051297 0.0451159 0.0388745 0.0327043 0.0267266 0.0210754 0.0159064 0.0113857 0.0076556 0.0047899
 0.0076971 0.0125616 0.019013 0.0270215 0.0363318 0.0463137 0.0559341 0.0640135 0.0696533 0.0725179 0.0727904 0.0709271 0.0674384 0.0627874 0.0573626 0.0514709 0.0453398 0.0391341 0.0329825 0.0270046 0.0213347 0.0161316 0.0115671 0.00779015 0.00488122
 0.00768604 0.0125401 0.0189739 0.0269562 0.0362319 0.0461743 0.0557571 0.063808 0.0694345 0.0723039 0.072599 0.0707744 0.0673373 0.0627467 0.0573859 0.0515564 0.0454808 0.0393197 0.033198 0.0272326 0.0215568 0.0163313 0.0117322 0.00791528 0.00496762
 0.00766104 0.012502 0.0189211 0.0268881 0.0361483 0.0460744 0.0556393 0.0636717 0.0692819 0.0721417 0.0724393 0.0706321 0.0672275 0.0626821 0.0573749 0.0516019 0.0455807 0.0394665 0.0333795 0.027433 0.0217585 0.0165171 0.0118891 0.00803616 0.00505226
 0.00763627 0.0124615 0.01886 0.0268023 0.0360362 0.0459385 0.0554876 0.0635163 0.0691357 0.0720143 0.0723349 0.0705517 0.067172 0.0626547 0.0573808 0.0516467 0.0456671 0.0395928 0.0335385 0.0276126 0.0219431 0.0166907 0.0120382 0.00815271 0.00513493
 0.00761803 0.0124305 0.018811 0.0267297 0.0359353 0.045808 0.0553314 0.0633447 0.0689639 0.071859 0.0722105 0.070467 0.0671299 0.0626527 0.0574149 0.0517134 0.0457644 0.0397188 0.0336891 0.0277798 0.022115 0.0168536 0.0121796 0.00826462 0.00521517
 0.00759201 0.0123921 0.01876 0.026668 0.0358655 0.0457315 0.055248 0.063253 0.0688636 0.0717533 0.0721066 0.0703756 0.0670616 0.0626159 0.0574133 0.0517467 0.0458296 0.039812 0.0338055 0.0279126 0.022255 0.0169895 0.0123004 0.00836223 0.00528652
 0.00758466 0.0123794 0.0187398 0.0266382 0.0358251 0.0456819 0.0551929 0.0631977 0.0688121 0.0717062 0.0720615 0.0703292 0.0670134 0.0625702 0.0573779 0.05173 0.0458379 0.0398475 0.0338667 0.0279946 0.02235 0.0170878 0.0123919 0.00843905 0.00534441
 0.00757316 0.0123615 0.0187142 0.0266043 0.0357826 0.0456311 0.0551352 0.063136 0.068751 0.0716511 0.072017 0.0702974 0.0669937 0.0625599 0.0573753 0.0517358 0.0458551 0.0398801 0.0339168 0.0280611 0.0224282 0.01717 0.0124697 0.00850519 0.00539493
 0.007528 0.0122936 0.0186223 0.0264911 0.0356542 0.0454957 0.0550023 0.0630154 0.0686522 0.0715814 0.0719806 0.0702951 0.0670227 0.062615 0.0574495 0.0518222 0.0459483 0.0399773 0.0340169 0.0281631 0.0225296 0.0172662 0.0125552 0.00857521 0.00544716
 0.00753408 0.0122987 0.0186214 0.0264771 0.0356202 0.045439 0.0549265 0.0629302 0.0685695 0.0715115 0.0719288 0.0702622 0.0670073 0.062615 0.0574635 0.0518486 0.0459855 0.0400234 0.0340703 0.0282223 0.0225922 0.0173288 0.0126134 0.00862485 0.00548547
 0.00753107 0.012297 0.0186243 0.0264885 0.0356426 0.0454698 0.0549573 0.0629486 0.0685646 0.0714791 0.071874 0.0701963 0.0669427 0.0625611 0.0574249 0.0518264 0.0459788 0.0400306 0.0340894 0.0282511 0.022628 0.0173683 0.0126525 0.00865968 0.00551332
 0.00751938 0.0122787 0.0185986 0.0264556 0.0356048 0.0454318 0.0549257 0.0629297 0.0685609 0.0714877 0.0718866 0.0702041 0.0669408 0.0625507 0.0574118 0.0518173 0.0459786 0.0400412 0.0341104 0.0282805 0.0226629 0.0174054 0.0126882 0.00869085 0.00553792
 0.00750467 0.0122546 0.0185619 0.0264038 0.0355365 0.0453486 0.0548333 0.0628382 0.0684829 0.0714347 0.0718654 0.0702144 0.0669757 0.0625999 0.0574658 0.0518707 0.0460302 0.0400922 0.0341622 0.0283331 0.0227149 0.0174543 0.0127314 0.00872622 0.00556448
 0.00749067 0.0122307 0.0185241 0.0263477 0.0354586 0.0452483 0.0547144 0.0627095 0.0683575 0.0713271 0.071789 0.0701785 0.0669837 0.0626482 0.057545 0.0519683 0.0461345 0.040195 0.0342588 0.0284215 0.0227938 0.0175224 0.0127875 0.00876963 0.00559562
 0.00747508 0.0122064 0.0184891 0.0263008 0.0353989 0.0451753 0.0546285 0.0626129 0.0682547 0.0712254 0.0716984 0.0701099 0.0669469 0.0626494 0.0575846 0.0520411 0.0462306 0.0403028 0.0343678 0.0285238 0.0228848 0.0175993 0.0128491 0.00881613 0.00562822
 0.00747508 0.0122064 0.0184891 0.0263008 0.0353989 0.0451753 0.0546285 0.0626129 0.0682547 0.0712254 0.0716984 0.0701099 0.0669469 0.0626494 0.0575846 0.0520411 0.0462306 0.0403028 0.0343678 0.0285238 0.0228848 0.0175993 0.0128491 0.00881613 0.00562822
 0.00721623 0.0117927 0.0178817 0.0254737 0.0343506 0.0439434 0.0533008 0.0613227 0.0671546 0.070448 0.0713239 0.070155 0.0673721 0.0633783 0.0585236 0.0530957 0.0473168 0.0413519 0.0353288 0.0293624 0.0235818 0.0181495 0.0132592 0.0091025 0.00581409
 0.00738412 0.0120305 0.0181731 0.0257774 0.0346069 0.0440876 0.053278 0.0611007 0.0667342 0.0698687 0.0706612 0.069505 0.0668282 0.0630081 0.0583567 0.0531233 0.0475017 0.0416425 0.0356713 0.0297103 0.0239004 0.0184174 0.0134674 0.00925216 0.00591319
 0.00728049 0.0118936 0.0180239 0.0256506 0.0345357 0.0440818 0.0533102 0.0611107 0.0666535 0.0696523 0.0703092 0.0690647 0.0663788 0.0626365 0.0581334 0.0530866 0.0476513 0.0419447 0.0360716 0.030148 0.0243219 0.018784 0.0137585 0.00946387 0.00605411
 0.00727645 0.0118745 0.0179741 0.0255531 0.034383 0.0438882 0.0531155 0.060967 0.0665968 0.069677 0.0703647 0.0690812 0.0663063 0.0624721 0.0579226 0.0529002 0.0475545 0.0419733 0.0362237 0.030391 0.0246075 0.0190651 0.0140005 0.00964957 0.00618219
 0.00712688 0.0116438 0.0176498 0.0251313 0.0338682 0.0432941 0.0524694 0.0603159 0.0660076 0.0692261 0.0701159 0.0690602 0.0664887 0.0627946 0.0583132 0.0533095 0.0479682 0.0424017 0.036679 0.030869 0.0250838 0.0195041 0.01437 0.00993184 0.00637727
 0.00703844 0.0114874 0.0173923 0.0247368 0.0333099 0.0425708 0.0516185 0.0594122 0.0651471 0.068502 0.069601 0.0688005 0.0665005 0.0630621 0.0587895 0.0539266 0.0486565 0.0431079 0.0373713 0.0315291 0.0256942 0.0200432 0.0148161 0.0102722 0.00661404
 0.00710599 0.011593 0.0175412 0.0249259 0.0335217 0.0427688 0.0517476 0.0594102 0.0649666 0.0681334 0.0690833 0.0682113 0.0659335 0.062601 0.0584895 0.0538063 0.048701 0.0432805 0.037629 0.0318331 0.026013 0.0203499 0.0150877 0.0104919 0.00677483
 0.00713987 0.0116593 0.0176612 0.0251246 0.0338197 0.043169 0.052223 0.0599002 0.0653863 0.0683943 0.0691184 0.0679968 0.0654988 0.0620223 0.0578676 0.0532381 0.0482556 0.0429886 0.0374861 0.031812 0.026077 0.020462 0.0152159 0.0106117 0.00687141
 0.00719207 0.0117471 0.0177992 0.0253296 0.0341082 0.0435527 0.0527017 0.0604548 0.0659739 0.0689487 0.0695576 0.0682399 0.0654882 0.0617445 0.0573622 0.0525888 0.0475664 0.0423546 0.0369718 0.0314435 0.0258475 0.0203444 0.0151751 0.0106148 0.0068928
 0.00705842 0.0115433 0.0175188 0.0249783 0.0337063 0.043136 0.0523215 0.0601732 0.0658511 0.0690242 0.0698331 0.0686721 0.0659955 0.0622291 0.0577392 0.0528124 0.0476412 0.0423268 0.0369052 0.0313929 0.0258425 0.0203868 0.0152487 0.0106972 0.00696609
 0.00692193 0.0113111 0.0171518 0.0244383 0.03297 0.0422149 0.0512783 0.0591214 0.0649321 0.0683715 0.0695391 0.0687691 0.0664523 0.0629595 0.0586226 0.0537223 0.0484757 0.0430295 0.0374677 0.0318392 0.0262055 0.0206904 0.0155017 0.010899 0.00711526
 0.00697908 0.0113887 0.0172388 0.0245102 0.0329899 0.0421387 0.0510641 0.0587429 0.0643952 0.0677258 0.0688763 0.0682025 0.0660847 0.0628515 0.0587751 0.0540801 0.0489492 0.0435259 0.0379181 0.0322112 0.0264981 0.0209183 0.0156803 0.0110375 0.00721783
 0.00694559 0.0113486 0.0172038 0.0244976 0.0330138 0.0421985 0.0511351 0.0587779 0.0643382 0.0675335 0.0685392 0.067756 0.0656054 0.062437 0.0585136 0.054021 0.0490883 0.0438123 0.0382777 0.0325748 0.0268198 0.021179 0.0158797 0.0111836 0.00732002
 0.00706803 0.0115392 0.0174749 0.0248556 0.0334581 0.0427198 0.0517107 0.059366 0.0648754 0.0679408 0.0687369 0.0676874 0.0652591 0.0618596 0.0578017 0.0532937 0.0484513 0.0433281 0.0379574 0.0323899 0.0267259 0.0211365 0.0158628 0.0111792 0.0073219
 0.00709514 0.0115986 0.0175922 0.0250625 0.0337833 0.0431746 0.0522779 0.0599995 0.0655104 0.068509 0.0691763 0.0679451 0.0652947 0.0616538 0.0573697 0.0526926 0.0477704 0.0426648 0.0373879 0.0319521 0.0264197 0.0209379 0.0157412 0.0111081 0.00728266
#pred catch len freq
 0.0042362 0.00670059 0.00977037 0.0133719 0.0174644 0.022022 0.0269646 0.0321185 0.0372438 0.0420905 0.046437 0.0501115 0.0530115 0.0551158 0.0564823 0.05724 0.0575775 0.0577072 0.0577655 0.05765 0.05688 0.0546448 0.0501452 0.0431097 0.0341392
