SBPRF35
9.59804
Curr Bio
625539
B35
769061
F35
0.192178
FOFL
0.155777
OFL
79112.8
Bzero
2.7423e+006
#pred survey bio
 3.95337e+006 3.81587e+006 3.67556e+006 3.48679e+006 3.21904e+006 2.94854e+006 2.68014e+006 2.39796e+006 2.12313e+006 1.89847e+006 1.69267e+006 1.52564e+006 1.36686e+006 1.22752e+006 1.08701e+006 975684 873858 775501 725386 699327 681382 654010 637418 612501 598384 593126 592407 593223 584881 588560 581364 576665 579398 576045 567001 558656 542302 541624 541557 541386 554856 561300 567074 570413 575049 582925 593676 610470 620051 632252 2.22915e+007 1.34489e+007 1.37751e+007 1.45677e+007 1.5634e+007 1.67639e+007 1.78159e+007 1.87198e+007 1.94561e+007 2.00346e+007 2.04778e+007 2.08119e+007 2.10611e+007 2.12458e+007 2.13824e+007 2.14834e+007 2.15583e+007 2.16141e+007 2.16557e+007 2.16871e+007 2.17107e+007 2.17287e+007 2.17424e+007 2.17529e+007 2.17611e+007 2.17673e+007 2.17722e+007 2.1776e+007 2.17789e+007 2.17813e+007 2.17831e+007 2.17845e+007 2.17856e+007 2.17865e+007 2.17872e+007 2.17877e+007 2.17882e+007 2.17885e+007 2.17888e+007 2.1789e+007 2.17892e+007 2.17893e+007 2.17894e+007 2.17895e+007 2.17896e+007 2.17896e+007 2.17897e+007 2.17897e+007 2.17897e+007 2.17898e+007 2.17898e+007 2.17898e+007 2.17898e+007 2.17898e+007 2.17898e+007 2.17898e+007 2.17898e+007 2.17898e+007 2.17898e+007 2.17898e+007 2.17898e+007 2.17898e+007 2.17898e+007 2.17898e+007 2.17898e+007 2.17898e+007 2.17899e+007 2.17899e+007 2.17899e+007 2.17899e+007 2.17899e+007 2.17899e+007 2.17899e+007 2.17899e+007 2.17899e+007 2.17899e+007 2.17899e+007 2.17899e+007 2.17899e+007 2.17899e+007 2.17899e+007 2.17899e+007 2.17899e+007 2.17899e+007 2.17899e+007 2.17899e+007 2.17899e+007 2.17899e+007 2.17899e+007 2.17899e+007 2.17899e+007 2.17899e+007 2.17899e+007 2.17899e+007 2.17899e+007 2.17899e+007 2.17899e+007 2.17899e+007 2.17899e+007 2.17899e+007 0 0 0 0 0 0 0 0 0 0 0 0 0 0 0 0 0 0 0 0 0 0 0 0 0
#obs survey bio
 3.54067e+006 3.19633e+006 2.92023e+006 3.41584e+006 3.75301e+006 3.42851e+006 2.0758e+006 2.21269e+006 1.7705e+006 1.36653e+006 1.60864e+006 1.234e+006 1.15054e+006 1.17203e+006 853276 1.02728e+006 872326 415624 624250 698997 645951 699895 524332 528362 503144 578633 672417 629513 477129 680872 673517 402144 504567 488502 686314 1.03192e+006 557825 614152 451858 407940 643141 514260 481212 491656 627067 555949 480680 687312 401032 584299
#pred catch bio
 94250.6 92931.4 140468 223481 242662 260015 292598 305484 278172 276781 254909 256889 245216 247865 221779 211301 204168 159642 137767 129331 134654 122466 126246 114065 104995 100475 98559.4 105224 94410.7 102823 99237.1 91752.7 95012.4 96207.5 91109.2 95332.8 83704.6 87154 90277.3 81134.4 88613.4 89851.4 92657.8 92526.5 91047.4 90173.8 86770.1 94044.7 91956.2 96066.2 79112.8 96295.9 97392.9 101764 108678 116253 123277 129205 133912 137489 140123 142015 143349 144277 144914 145348 145641 145838 145970 146058 146116 146155 146181 146197 146209 146216 146221 146224 146226 146227 146228 146229 146229 146229 146230 146230 146230 146230 146230 146230 146230 146230 146230 146230 146230 146230 146230 146230 146230 146230 146230 146230 146230 146230 146230 146230 146230 146230 146230 146230 146230 146230 146230 146230 146230 146230 146230 146230 146230 146230 146230 146230 146230 146230 146230 146230 146230 146230 146230 146230 146230 146230 146230 146230 146230 146230 146230 146230 146230 146230 146230 146230 146230 146230 146230 146230 146230 146230 146230 146230 0 0 0 0 0 0 0 0 0 0 0 0 0 0 0 0 0 0 0 0 0 0 0 0 0
#obs catch bio
 0 92792.3 140918 226015 244910 263128 296938 310555 282447 282239 259923 262604 250943 253281 225632 214405 206680 162059 140189 131270 136410 123830 127962 115206 105828 101361 99298.4 106090 95026.1 104131 99944.9 92810.7 96074.2 97465.2 91658.4 94900.6 83394.5 86650.2 90082.4 81006 88579.3 89515.8 92456.8 92476.1 91047.6 90145.5 86930 93882.6 92047.2 96090.2
#pred cpue bio
 3.89113e+006 3.75703e+006 3.61919e+006 3.43118e+006 3.16457e+006 2.89532e+006 2.62827e+006 2.34777e+006 2.07468e+006 1.85121e+006 1.64664e+006 1.48066e+006 1.32334e+006 1.18577e+006 1.04758e+006 938158 838417 742318 693231 667909 650804 624542 608736 584882 571419 566398 565770 566767 558813 562419 555609 551277 554249 551552 543650 536474 520317 518231 517028 516493 529593 536030 541687 544775 549069 556570 566883 583205 592600 604802 2.13661e+007 1.29107e+007 1.3122e+007 1.37833e+007 1.4802e+007 1.59202e+007 1.69698e+007 1.78733e+007 1.86095e+007 1.9188e+007 1.96312e+007 1.99653e+007 2.02144e+007 2.03991e+007 2.05357e+007 2.06368e+007 2.07117e+007 2.07674e+007 2.08091e+007 2.08404e+007 2.08641e+007 2.08821e+007 2.08958e+007 2.09063e+007 2.09144e+007 2.09207e+007 2.09256e+007 2.09294e+007 2.09323e+007 2.09346e+007 2.09364e+007 2.09379e+007 2.0939e+007 2.09399e+007 2.09406e+007 2.09411e+007 2.09416e+007 2.09419e+007 2.09422e+007 2.09424e+007 2.09426e+007 2.09427e+007 2.09428e+007 2.09429e+007 2.0943e+007 2.0943e+007 2.09431e+007 2.09431e+007 2.09431e+007 2.09431e+007 2.09432e+007 2.09432e+007 2.09432e+007 2.09432e+007 2.09432e+007 2.09432e+007 2.09432e+007 2.09432e+007 2.09432e+007 2.09432e+007 2.09432e+007 2.09432e+007 2.09432e+007 2.09432e+007 2.09432e+007 2.09432e+007 2.09432e+007 2.09432e+007 2.09432e+007 2.09432e+007 2.09432e+007 2.09432e+007 2.09432e+007 2.09432e+007 2.09432e+007 2.09432e+007 2.09432e+007 2.09432e+007 2.09432e+007 2.09432e+007 2.09432e+007 2.09432e+007 2.09432e+007 2.09432e+007 2.09432e+007 2.09432e+007 2.09432e+007 2.09432e+007 2.09432e+007 2.09432e+007 2.09432e+007 2.09432e+007 2.09432e+007 2.09432e+007 2.09432e+007 2.09432e+007 2.09432e+007 2.09432e+007 2.09432e+007 2.09432e+007 0 0 0 0 0 0 0 0 0 0 0 0 0 0 0 0 0 0 0 0 0 0 0 0 0
#obs cpue bio
 3.07164e+006 1.72227e+006 3.10529e+006 1.9523e+006 2.72985e+006 1.66221e+006 3.18083e+006 2.28146e+006 1.92658e+006 1.75901e+006 1.218e+006 1.44432e+006 1.08249e+006 1.29813e+006 1.20746e+006 886174 906775 737805 485534 592083 762181 460121 622210 633950 642816 466279 462055 539510 526737 334457 593710 415049 623588 499930 604112 782325 423953 633119 524900 551800 496057 751800 598556 560923 479134 614535 516780 826471 659881 770130
#pred surv len freq
 0.00500102 0.00814207 0.0122941 0.0174458 0.0234693 0.030035 0.0365874 0.0424864 0.0472524 0.050729 0.0530526 0.0545017 0.0553571 0.0558295 0.0560323 0.0559799 0.0556041 0.0547811 0.0533489 0.0511017 0.0477903 0.0431821 0.0372104 0.0301447 0.0226412
 0.00525256 0.00843795 0.0125362 0.0174881 0.0231755 0.0293596 0.0356283 0.0414624 0.0464073 0.0502155 0.0528693 0.0545151 0.0553875 0.0557463 0.0558151 0.0557226 0.0554678 0.0549176 0.0538256 0.0518649 0.048685 0.0440204 0.0378498 0.0305341 0.0228154
 0.0054983 0.00884523 0.0131547 0.0183453 0.0242442 0.0305237 0.0366789 0.0421526 0.0465567 0.0498062 0.052058 0.053545 0.0544587 0.0549367 0.0550961 0.0550406 0.0548213 0.0543751 0.0534809 0.0517686 0.0488029 0.0442473 0.0380652 0.0306599 0.0228378
 0.00566114 0.00912182 0.0135943 0.0190042 0.0251755 0.0317555 0.0381833 0.043817 0.0481783 0.0511272 0.0528421 0.0536662 0.0539495 0.0539607 0.0538611 0.0537155 0.0535084 0.0531373 0.052376 0.0508516 0.0481013 0.0437412 0.0376985 0.0303739 0.0225983
 0.00589447 0.00949331 0.01414 0.0197558 0.026159 0.0329875 0.0396618 0.0455096 0.0500092 0.0529659 0.0545028 0.0549284 0.0546113 0.0539053 0.0531022 0.0523881 0.0518131 0.0512757 0.0505137 0.049111 0.0465649 0.0424528 0.0366657 0.0295782 0.02201
 0.00613113 0.00987368 0.0147043 0.0205387 0.0271837 0.034257 0.0411507 0.0471631 0.051752 0.0547139 0.0561644 0.0563936 0.0557408 0.0545417 0.0531091 0.051703 0.0504817 0.0494449 0.0483895 0.0469068 0.0444632 0.0405862 0.0351128 0.0283671 0.0211272
 0.00637694 0.0102677 0.015287 0.0213448 0.0282366 0.0355605 0.0426786 0.0488552 0.0535215 0.0564638 0.0578019 0.0578353 0.0569053 0.0553379 0.0534314 0.0514485 0.0495865 0.0479253 0.0463597 0.0445622 0.0420365 0.0382974 0.0331295 0.0267844 0.0199656
 0.0066749 0.010743 0.0159856 0.0223033 0.029476 0.0370763 0.0444304 0.0507626 0.0554752 0.0583455 0.0595039 0.0592702 0.058006 0.0560486 0.0536968 0.0512062 0.0487757 0.0465143 0.0443832 0.0421458 0.0393896 0.035672 0.0307614 0.0248398 0.0185135
 0.00704534 0.0113268 0.0168298 0.0234395 0.0309155 0.038803 0.0463911 0.0528644 0.0575949 0.0603508 0.0612744 0.0607101 0.0590471 0.0566463 0.0538209 0.0508293 0.0478686 0.0450545 0.042382 0.0396828 0.0366316 0.0328579 0.02815 0.0226421 0.0168414
 0.00735816 0.0118287 0.0175724 0.0244654 0.0322498 0.0404401 0.0482817 0.0549128 0.0596735 0.0623251 0.0630254 0.0621441 0.0600961 0.0572632 0.0539737 0.0504956 0.0470298 0.0436988 0.0405198 0.0373738 0.0340102 0.0301338 0.0255706 0.0204288 0.0151286
 0.00765116 0.0123006 0.0182745 0.0254425 0.0335321 0.0420301 0.0501399 0.0569514 0.0617668 0.0643314 0.0648108 0.0635989 0.0611417 0.0578516 0.0540811 0.0501131 0.0461557 0.0423368 0.0386891 0.0351313 0.031474 0.0274899 0.0230475 0.0182411 0.0134167
 0.00787001 0.0126553 0.0188068 0.0261916 0.0345285 0.0432857 0.051636 0.0586327 0.0635457 0.0661012 0.0664593 0.0650202 0.0622438 0.0585629 0.0543537 0.0499209 0.0454901 0.041203 0.037111 0.0331651 0.0292266 0.0251263 0.0207716 0.0162491 0.0118428
 0.00802505 0.0129207 0.0192307 0.0268268 0.0354209 0.0444558 0.0530622 0.0602461 0.0652428 0.0677665 0.0679851 0.066316 0.0632378 0.0592002 0.0545947 0.0497404 0.0448767 0.0401603 0.0356624 0.0313652 0.0271746 0.0229708 0.0186947 0.0144266 0.0103972
 0.0081795 0.0131675 0.0195952 0.0273328 0.0360902 0.0453052 0.0540962 0.0614482 0.066569 0.0691448 0.0693231 0.0675146 0.0642068 0.0598694 0.054917 0.0496884 0.0444379 0.0393356 0.0344707 0.0298538 0.0254308 0.0211253 0.0169067 0.0128503 0.00914115
 0.00845154 0.0135938 0.0202067 0.0281462 0.0371039 0.0464951 0.0554115 0.0628139 0.0678986 0.0703583 0.0703589 0.0683297 0.0647699 0.0601548 0.0549041 0.0493638 0.0437972 0.0383846 0.0332298 0.0283659 0.0237717 0.0194069 0.0152646 0.0114151 0.00800334
 0.0085766 0.0138115 0.0205602 0.0286827 0.0378623 0.0474862 0.0566016 0.0641222 0.0692143 0.0715687 0.0713739 0.0690935 0.0652585 0.0603658 0.0548447 0.049042 0.0432188 0.0375568 0.0321681 0.0271046 0.0223728 0.0179628 0.0138877 0.010213 0.00705064
 0.00876264 0.0140997 0.0209684 0.0292213 0.0385361 0.0482963 0.0575419 0.0651705 0.0703236 0.0726649 0.0723643 0.0698853 0.0657801 0.0605815 0.0547544 0.0486705 0.0426003 0.0367247 0.0311541 0.0259465 0.0211247 0.0167001 0.0127002 0.00918599 0.00624189
 0.00910929 0.0146315 0.0217087 0.0301683 0.0396619 0.0495491 0.0588475 0.0664391 0.0714644 0.0736042 0.0730555 0.0703058 0.0659213 0.060442 0.054342 0.0480065 0.0417199 0.0356722 0.0299772 0.0246947 0.0198532 0.0154729 0.0115868 0.00824836 0.00551766
 0.00913787 0.0146936 0.0218307 0.0303836 0.0400019 0.0500291 0.0594556 0.0671348 0.0721895 0.0743001 0.0736764 0.0708213 0.0663116 0.0606901 0.0544296 0.0479159 0.0414409 0.035209 0.0293512 0.0239442 0.0190304 0.0146398 0.010808 0.00757992 0.00499491
 0.00908013 0.0145975 0.0216841 0.030179 0.0397448 0.0497475 0.0592035 0.0669835 0.0722055 0.074519 0.0740889 0.0713783 0.0669421 0.0613203 0.0549943 0.0483623 0.0417295 0.0353154 0.0292706 0.0236935 0.0186484 0.0141816 0.0103356 0.00714943 0.00464519
 0.00904606 0.0145379 0.0215865 0.0300291 0.0395296 0.0494617 0.0588574 0.0666089 0.0718564 0.0742633 0.0739925 0.0714841 0.0672541 0.0617999 0.0555708 0.048952 0.0422541 0.0357146 0.0295081 0.0237608 0.0185633 0.0139846 0.0100795 0.0068873 0.00441748
 0.00907178 0.0145831 0.0216597 0.0301375 0.0396746 0.0496318 0.0590251 0.0667349 0.0719022 0.0742095 0.0738502 0.0712959 0.0670802 0.0616959 0.0555675 0.0490445 0.0424058 0.0358715 0.0296181 0.0237879 0.018497 0.0138393 0.00988768 0.00668714 0.00424105
 0.00901761 0.0144994 0.0215427 0.0299885 0.0395014 0.0494503 0.0588575 0.066605 0.0718265 0.0741894 0.0738721 0.0713403 0.0671351 0.0617657 0.055669 0.0491939 0.0426043 0.0360988 0.0298372 0.0239595 0.0185942 0.0138567 0.0098407 0.00660381 0.00415019
 0.00911504 0.0146393 0.0217185 0.0301822 0.0396877 0.0496046 0.0589632 0.066656 0.0718264 0.0741475 0.0737991 0.0712444 0.067021 0.0616379 0.0555365 0.0490727 0.0425118 0.0360453 0.0298185 0.0239579 0.018587 0.0138276 0.0097867 0.00653402 0.0040792
 0.00923587 0.0148128 0.0219367 0.0304217 0.0399147 0.049784 0.0590671 0.0666696 0.0717503 0.0739979 0.0736047 0.0710385 0.0668324 0.0614835 0.0554209 0.0489924 0.042462 0.0360223 0.029818 0.0239715 0.0186024 0.0138326 0.00977505 0.00650749 0.00404546
 0.00923839 0.014825 0.0219691 0.0304865 0.0400196 0.0499236 0.0592186 0.066796 0.0718139 0.0739763 0.0734999 0.070876 0.0666498 0.0613169 0.0552948 0.0489163 0.0424329 0.0360297 0.0298493 0.0240143 0.0186452 0.013866 0.00979346 0.00651067 0.00403774
 0.00915789 0.014705 0.0218095 0.0302964 0.0398167 0.0497326 0.0590665 0.0667062 0.0717976 0.0740261 0.0735917 0.0709789 0.0667404 0.0613879 0.0553541 0.0489785 0.0425094 0.0361236 0.0299554 0.0241224 0.0187441 0.0139468 0.00985143 0.00654608 0.00405497
 0.00914286 0.014669 0.0217346 0.0301607 0.0396027 0.0494382 0.0587145 0.0663437 0.0714835 0.0738126 0.0735074 0.0710226 0.0668854 0.0615948 0.0555853 0.0492084 0.0427267 0.0363262 0.0301434 0.0242937 0.0188935 0.0140687 0.00994257 0.00660752 0.00409162
 0.00923735 0.0148124 0.0219301 0.0304013 0.039869 0.0496982 0.0589263 0.0664637 0.0714811 0.0736843 0.0732814 0.0707488 0.066616 0.0613669 0.0554133 0.0490885 0.0426471 0.0362759 0.0301156 0.0242841 0.018898 0.0140816 0.00995799 0.00662075 0.00410049
 0.0090712 0.0145773 0.0216415 0.0300952 0.0395924 0.049492 0.0588106 0.0664339 0.0715135 0.0737474 0.0733481 0.0708053 0.0666654 0.0614244 0.0554964 0.0492067 0.0427973 0.0364451 0.0302874 0.0244447 0.0190381 0.0141964 0.0100459 0.00668303 0.00414083
 0.00906919 0.0145602 0.0215918 0.0299927 0.0394245 0.0492672 0.0585661 0.066227 0.0713985 0.0737494 0.0734515 0.0709637 0.0668255 0.0615496 0.0555771 0.0492552 0.0428345 0.0364883 0.0303432 0.0245105 0.0191064 0.0142595 0.0100983 0.00672247 0.00416759
 0.00899686 0.014457 0.021462 0.029847 0.0392736 0.0491148 0.0584068 0.0660534 0.0712145 0.0735788 0.073333 0.0709325 0.066894 0.0617 0.055772 0.0494568 0.0430191 0.0366487 0.0304829 0.0246341 0.0192155 0.0143524 0.0101725 0.00677717 0.00420442
 0.00875746 0.014098 0.020979 0.0292581 0.0386174 0.0484438 0.05778 0.0655285 0.0708375 0.0733753 0.0733064 0.0710704 0.0671771 0.0621053 0.056269 0.0500055 0.0435747 0.0371716 0.030946 0.025025 0.0195321 0.0145982 0.0103542 0.00690339 0.00428586
 0.00841987 0.0135923 0.0202991 0.0284289 0.0376908 0.0474888 0.056875 0.0647541 0.0702668 0.0730596 0.0732636 0.0712842 0.0676054 0.0626943 0.0569649 0.0507589 0.0443404 0.0379077 0.0316167 0.0256042 0.0200061 0.0149654 0.0106226 0.00708734 0.00440311
 0.00826497 0.0133253 0.0198713 0.0277923 0.0368161 0.0463915 0.0556341 0.0635073 0.0691765 0.072266 0.0728491 0.0712639 0.0679406 0.0633137 0.0577844 0.0516954 0.0453194 0.0388667 0.0325052 0.0263844 0.0206543 0.0154732 0.0109958 0.00734318 0.00456564
 0.00894631 0.0142587 0.020953 0.0288142 0.0375204 0.0465607 0.055169 0.062455 0.0677049 0.0706094 0.0712513 0.0699302 0.0670045 0.0628236 0.057712 0.0519602 0.045818 0.0394959 0.0331757 0.0270267 0.0212201 0.0159349 0.011345 0.00758739 0.00472284
 0.00975761 0.0155265 0.0227547 0.0311583 0.0403114 0.0495659 0.0580114 0.0646703 0.0688722 0.0705033 0.0699272 0.0676934 0.0642891 0.060053 0.0552024 0.0498878 0.0442337 0.0383645 0.0324175 0.0265495 0.020939 0.0157811 0.0112679 0.00755277 0.00470943
 0.00972274 0.0155704 0.0230058 0.0317959 0.0415159 0.0514373 0.0604919 0.0675125 0.0716749 0.0728035 0.0713202 0.0679447 0.0633998 0.058252 0.0528636 0.0474103 0.0419382 0.0364417 0.0309322 0.0254766 0.0202076 0.0153077 0.0109766 0.00738256 0.00461552
 0.00953144 0.0152876 0.0226394 0.0313895 0.0411604 0.0512747 0.0607004 0.0682602 0.0730428 0.0747104 0.0734975 0.069992 0.0649078 0.0589378 0.052658 0.0464595 0.0405294 0.034893 0.0294985 0.0243049 0.019341 0.0147188 0.0106052 0.00716413 0.00449551
 0.00944665 0.0151464 0.0224218 0.0310787 0.0407522 0.0507922 0.0602093 0.0678749 0.0729124 0.0749801 0.0742502 0.0711918 0.066376 0.0603865 0.0537807 0.04704 0.0405139 0.0343911 0.0287187 0.023465 0.0186004 0.0141537 0.0102222 0.00692997 0.00436521
 0.00927268 0.0148764 0.0220394 0.0305773 0.040136 0.0500785 0.0594339 0.067098 0.0722224 0.0744887 0.0740773 0.0714356 0.0670722 0.0614719 0.0550848 0.0483243 0.0415496 0.0350384 0.0289653 0.0234065 0.0183793 0.0138976 0.0100084 0.0067845 0.00428107
 0.00930642 0.0149092 0.0220483 0.0305274 0.0399898 0.0498101 0.0590414 0.0666067 0.0716785 0.0739512 0.0736136 0.0711202 0.06698 0.0616581 0.0555552 0.0490124 0.0423224 0.0357381 0.029468 0.0236655 0.0184281 0.0138171 0.00988237 0.00666952 0.00420022
 0.00937245 0.0150102 0.0221868 0.0306978 0.0401746 0.0499779 0.059148 0.0666041 0.0715309 0.073652 0.0731939 0.0706448 0.0665327 0.061324 0.0554015 0.0490684 0.0425652 0.0360932 0.0298334 0.0239509 0.018588 0.0138585 0.00984672 0.00660457 0.00413944
 0.00941172 0.0150777 0.0222949 0.0308589 0.0403969 0.0502579 0.0594644 0.0669153 0.071781 0.0737841 0.0731666 0.0704468 0.0661907 0.0608996 0.0549766 0.0487229 0.0423524 0.0360236 0.0298736 0.0240407 0.0186686 0.0138956 0.00983747 0.00656677 0.00409514
 0.00941324 0.015083 0.0223084 0.0308876 0.04045 0.0503457 0.0595947 0.0670896 0.0719894 0.0740018 0.0733551 0.0705622 0.0661978 0.0607864 0.0547626 0.0484559 0.0420933 0.0358236 0.0297568 0.0239987 0.0186707 0.0139082 0.00983908 0.00655312 0.00407298
 0.00942745 0.0150989 0.0223196 0.0308846 0.0404244 0.0502958 0.0595299 0.0670299 0.0719595 0.0740214 0.0734303 0.0706805 0.0663299 0.0608953 0.0548171 0.0484436 0.042026 0.0357317 0.0296739 0.0239464 0.0186517 0.0139103 0.00984668 0.00655602 0.00406914
 0.0093385 0.0149736 0.0221662 0.0307221 0.0402752 0.0501767 0.0594452 0.0669737 0.0719238 0.0740056 0.0734436 0.070736 0.0664344 0.0610409 0.0549812 0.0485971 0.0421456 0.0358092 0.0297171 0.0239713 0.0186723 0.0139321 0.00986785 0.00657231 0.00407843
 0.00924865 0.0148252 0.0219399 0.0304028 0.0398601 0.0496849 0.0589238 0.0664911 0.0715504 0.0737904 0.0734016 0.0708524 0.0666778 0.0613758 0.0553728 0.0490105 0.0425468 0.0361695 0.0300191 0.0242108 0.0188548 0.0140675 0.00996499 0.0066384 0.00411987
 0.00903651 0.014524 0.0215667 0.0299983 0.0394743 0.0493554 0.0586621 0.0662857 0.0713852 0.0736627 0.0733278 0.0708579 0.0667812 0.0615783 0.0556575 0.0493492 0.0429073 0.0365215 0.0303375 0.0244794 0.0190676 0.0142265 0.0100774 0.0067134 0.00416654
 0.00844875 0.013659 0.0204352 0.0286741 0.0380802 0.0480344 0.0575497 0.0654895 0.0709683 0.0736329 0.0736391 0.0714305 0.0675298 0.0624325 0.0565662 0.0502728 0.0438096 0.0373671 0.0310947 0.0251245 0.0195882 0.0146231 0.0103614 0.00690353 0.00428477
#obs surv len freq
 nan nan nan nan nan nan nan nan nan nan nan nan nan nan nan nan nan nan nan nan nan nan nan nan nan
 0.00448528 0.00734689 0.0111771 0.0159936 0.0216942 0.0279695 0.0342832 0.0400141 0.0446933 0.0481568 0.0505144 0.05201 0.0529021 0.0534143 0.0537285 0.0539833 0.0542618 0.0545545 0.0546932 0.0542851 0.0527232 0.0493554 0.0438053 0.0362855 0.0276693
 0.0046197 0.00756723 0.0115117 0.0164687 0.0223278 0.0287609 0.0352033 0.0410029 0.0456683 0.0490298 0.0512078 0.0524688 0.0530986 0.0533485 0.053423 0.0534759 0.0535963 0.053774 0.0538371 0.0533905 0.0518293 0.0485058 0.0430451 0.0356531 0.027186
 0.00478034 0.00783119 0.0119142 0.0170445 0.0231042 0.0297468 0.0363776 0.0423085 0.0470181 0.05032 0.0523343 0.0533398 0.0536447 0.0535297 0.053232 0.0529358 0.0527534 0.0526887 0.0525763 0.0520253 0.0504354 0.0471644 0.0418368 0.0346444 0.0264137
 0.00498235 0.0081588 0.0124059 0.0177361 0.0240226 0.0309 0.0377439 0.0438311 0.0486108 0.0518802 0.0537562 0.0545232 0.0545015 0.0539898 0.0532506 0.052499 0.0518806 0.0514304 0.0510095 0.0502488 0.0485661 0.0453309 0.0401662 0.0332405 0.0253348
 0.0051837 0.00849348 0.0129231 0.0184857 0.0250447 0.0322089 0.0393118 0.0455843 0.0504417 0.0536701 0.0553933 0.0559109 0.0555577 0.0546443 0.0534457 0.0521948 0.0510631 0.0501196 0.0492664 0.048178 0.0463128 0.0430686 0.0380726 0.0314638 0.023961
 0.00540701 0.00885559 0.013467 0.0192523 0.0260676 0.0335038 0.0408642 0.0473419 0.0523171 0.0555527 0.0571653 0.0574604 0.0567869 0.0554732 0.0538109 0.0520476 0.0503715 0.0488781 0.0475102 0.0459972 0.0438582 0.040541 0.0356903 0.0294159 0.0223641
 0.00564893 0.00925199 0.0140691 0.0201091 0.0272156 0.0349519 0.0425789 0.0492444 0.0542974 0.0574928 0.0589573 0.0590124 0.0580203 0.0563183 0.0542054 0.0519373 0.0497143 0.047652 0.0457298 0.0437341 0.041256 0.0378105 0.0330764 0.0271417 0.0205745
 0.00588758 0.00964428 0.0146676 0.0209658 0.028372 0.0364232 0.0443374 0.0512128 0.0563594 0.0595155 0.0608144 0.0605987 0.059256 0.0571455 0.0545795 0.0518192 0.0490674 0.0464494 0.0439722 0.0414749 0.0386239 0.0350116 0.0303639 0.0247565 0.0186812
 0.00612829 0.0100378 0.0152641 0.0218139 0.0295101 0.0378652 0.0460577 0.0531404 0.0583862 0.0615156 0.0626635 0.0621871 0.0604952 0.0579699 0.0549438 0.0516916 0.0484233 0.0452708 0.04226 0.0392734 0.036047 0.0322516 0.0276673 0.0223662 0.0167701
 0.00637533 0.010443 0.0158805 0.0226927 0.03069 0.0393567 0.0478266 0.055103 0.0604225 0.0634933 0.0644602 0.0637016 0.0616496 0.0587075 0.0552255 0.0514915 0.0477239 0.0440628 0.0405508 0.0371072 0.0335289 0.0295597 0.0250334 0.020024 0.0148899
 0.00661085 0.0108282 0.0164644 0.0235226 0.0318027 0.0407636 0.0494992 0.0569664 0.062365 0.0653871 0.0661821 0.0651473 0.0627399 0.0593881 0.0554631 0.0512672 0.0470276 0.0428922 0.0389184 0.0350575 0.0311602 0.0270348 0.0225644 0.0178258 0.0131213
 0.00682113 0.0111778 0.0170046 0.0243055 0.0328697 0.0421281 0.0511296 0.0587811 0.0642459 0.0672036 0.0678136 0.0664957 0.0637328 0.0599777 0.0556225 0.0509853 0.0463036 0.0417331 0.0373443 0.0331157 0.0289431 0.0246904 0.020283 0.0157997 0.0114925
 0.007032 0.0115194 0.0175168 0.0250255 0.0338262 0.0433311 0.0525585 0.0603782 0.0659206 0.0688461 0.0693116 0.0677487 0.0646615 0.0605287 0.0557671 0.0507145 0.0456215 0.0406535 0.0358937 0.0313436 0.0269371 0.0225837 0.018243 0.0139938 0.0100434
 0.00725906 0.0118924 0.0180848 0.0258342 0.0349066 0.0446826 0.0541337 0.0620817 0.0676267 0.0704277 0.0706635 0.0687958 0.0653569 0.0608468 0.055699 0.0502643 0.0448037 0.0394909 0.03442 0.0296118 0.0250306 0.020622 0.0163717 0.0123551 0.00873832
 0.00744419 0.0121991 0.0185567 0.0265155 0.0358326 0.0458648 0.0555441 0.0636467 0.0692355 0.0719532 0.0719855 0.0698191 0.0660201 0.0611232 0.0555901 0.0497896 0.0439915 0.0383747 0.0330399 0.0280226 0.0233106 0.0188774 0.0147266 0.0109275 0.00760933
 0.007521 0.0123275 0.0187576 0.0268128 0.0362517 0.0464279 0.0562636 0.0645178 0.070232 0.0730254 0.0730623 0.0708148 0.0668468 0.0617044 0.0558725 0.0497472 0.0436243 0.0377027 0.0320994 0.0268668 0.0220134 0.017534 0.013445 0.00980814 0.00672089
 0.00758102 0.0124193 0.0188855 0.0269787 0.0364571 0.0466773 0.0565655 0.0648848 0.0706765 0.0735542 0.0736692 0.0714746 0.067512 0.0623094 0.0563438 0.0500179 0.0436464 0.037455 0.0315901 0.0261325 0.0211171 0.0165606 0.0124901 0.00896019 0.00604114
 0.00767893 0.0125661 0.0190832 0.0272204 0.0367289 0.0469613 0.0568441 0.0651439 0.0709107 0.0737699 0.0738839 0.0717095 0.06778 0.062604 0.0566337 0.0502516 0.0437643 0.0374057 0.0313443 0.0256927 0.0205198 0.0158706 0.0117877 0.00832212 0.00552254
 0.00769549 0.0125963 0.0191343 0.0273002 0.036842 0.0471055 0.0570076 0.0653078 0.0710559 0.0738863 0.0739766 0.0717968 0.0678861 0.0627473 0.0568167 0.0504544 0.0439464 0.0375149 0.0313333 0.0255345 0.0202189 0.015464 0.0113349 0.00788742 0.00515647
 0.00777061 0.0127068 0.0192793 0.0274719 0.0370291 0.047297 0.0571956 0.0654859 0.0712163 0.074018 0.0740675 0.0718401 0.0678862 0.0627204 0.0567846 0.0504335 0.0439372 0.0374992 0.0312793 0.0254116 0.0200123 0.0151841 0.0110153 0.00757264 0.00488577
 0.00780368 0.0127598 0.0193571 0.027577 0.0371599 0.0474454 0.0573467 0.0656213 0.0713203 0.0740838 0.0740989 0.0718468 0.0678778 0.0627038 0.0567645 0.0504145 0.0439218 0.0374832 0.0312495 0.0253488 0.0199011 0.0150226 0.010819 0.00736917 0.00470365
 0.00781961 0.0127834 0.0193885 0.0276155 0.0372043 0.0474953 0.0574023 0.0656822 0.0713837 0.0741442 0.0741494 0.0718825 0.067898 0.0627119 0.0567659 0.0504137 0.0439207 0.0374801 0.0312379 0.0253186 0.0198423 0.0149313 0.0107017 0.00724181 0.00458512
 0.00788811 0.012883 0.0195164 0.0277614 0.0373527 0.0476306 0.0575125 0.0657605 0.0714288 0.0741587 0.074138 0.0718506 0.0678502 0.0626522 0.0566984 0.0503432 0.0438516 0.0374148 0.0311756 0.0252548 0.0197711 0.0148489 0.0106098 0.00714812 0.00449996
 0.00788866 0.0128896 0.0195364 0.0278034 0.0374231 0.0477277 0.0576234 0.065864 0.0715032 0.0741914 0.0741301 0.0718144 0.0678018 0.0626044 0.0566576 0.0503101 0.0438242 0.0373903 0.031151 0.0252268 0.0197361 0.0148048 0.0105576 0.00709244 0.00444755
 0.00790943 0.0129168 0.0195658 0.0278283 0.0374377 0.0477317 0.0576241 0.0658728 0.0715287 0.074233 0.0741771 0.0718521 0.0678196 0.0626007 0.0566384 0.0502841 0.0437983 0.0373671 0.03113 0.0252053 0.0197113 0.0147751 0.0105233 0.00705614 0.00441335
 0.00787937 0.0128706 0.0195009 0.027744 0.0373343 0.047611 0.0574903 0.0657349 0.0714016 0.074136 0.0741288 0.0718631 0.0678874 0.062711 0.0567714 0.0504216 0.0439279 0.0374824 0.0312278 0.0252838 0.0197692 0.0148122 0.0105418 0.00706018 0.00440846
 0.00787528 0.0128563 0.0194656 0.0276738 0.037217 0.0474425 0.0572796 0.0655042 0.07118 0.0739514 0.0740022 0.0718066 0.067905 0.0627984 0.0569157 0.0506033 0.044125 0.0376751 0.0314015 0.0254298 0.019884 0.0148956 0.0105967 0.00709192 0.00442359
 0.00787529 0.0128546 0.0194594 0.0276582 0.0371845 0.0473835 0.0571848 0.0653681 0.0710057 0.073754 0.0738072 0.0716438 0.0678002 0.0627665 0.0569586 0.0507109 0.0442786 0.0378523 0.0315806 0.0255933 0.0200206 0.0150005 0.0106703 0.00713868 0.00445002
 0.0078903 0.0128735 0.0194778 0.0276684 0.0371777 0.0473525 0.057126 0.0652821 0.0708955 0.0736242 0.0736647 0.0714999 0.0676714 0.062672 0.0569151 0.050727 0.0443518 0.0379699 0.0317233 0.0257406 0.0201551 0.0151111 0.0107526 0.0071941 0.00448359
 0.00785466 0.012824 0.0194185 0.0276076 0.0371244 0.0473117 0.0570954 0.065253 0.0708579 0.0735717 0.0735975 0.071424 0.0675963 0.0626091 0.0568762 0.0507226 0.0443885 0.0380469 0.0318319 0.0258659 0.0202803 0.0152218 0.0108402 0.00725637 0.00452335
 0.00782165 0.0127668 0.0193267 0.0274715 0.0369397 0.0470858 0.0568507 0.0650232 0.0706771 0.0734616 0.0735609 0.0714481 0.0676618 0.0626992 0.0569811 0.0508397 0.0445189 0.0381917 0.0319888 0.0260275 0.0204353 0.0153587 0.0109504 0.00733685 0.00457642
 0.00781169 0.0127436 0.0192786 0.0273832 0.036796 0.0468773 0.0565808 0.0647114 0.0703578 0.0731768 0.0733506 0.071339 0.067661 0.0627941 0.0571464 0.0510474 0.0447463 0.0384237 0.0322158 0.0262423 0.0206301 0.0155257 0.0110838 0.0074348 0.00464195
 0.00777092 0.0126816 0.0191929 0.0272731 0.0366611 0.0467162 0.0563908 0.0644914 0.0701126 0.0729216 0.0731115 0.0711491 0.0675514 0.0627842 0.0572379 0.0512247 0.0449824 0.0386893 0.0324857 0.0264977 0.0208582 0.0157178 0.0112355 0.00754586 0.00471657
 0.00773013 0.0126151 0.0190929 0.0271332 0.0364791 0.0464965 0.0561466 0.0642425 0.0698799 0.0727207 0.0729505 0.0710322 0.067484 0.0627758 0.0572988 0.0513592 0.0451839 0.0389397 0.03276 0.0267703 0.0211079 0.0159302 0.0114033 0.00766858 0.00479903
 0.0093294 0.0148517 0.0217881 0.0298964 0.0388215 0.0480125 0.0566575 0.0638238 0.0687779 0.0712285 0.0713159 0.0694226 0.0659938 0.0614503 0.0561563 0.0504053 0.0444168 0.03835 0.0323298 0.0264742 0.0209169 0.0158158 0.0113407 0.00763799 0.00478634
 0.00930874 0.0151132 0.0227013 0.0319198 0.0423017 0.0529143 0.0623928 0.0693484 0.0729628 0.0733075 0.0711387 0.0673948 0.0627992 0.0577585 0.0524573 0.0469844 0.041407 0.0357958 0.0302306 0.024806 0.0196408 0.0148822 0.0106923 0.00721413 0.00452786
 0.00895112 0.0145521 0.0219166 0.0309633 0.0413507 0.0523067 0.0625863 0.0707576 0.075712 0.0770465 0.0750875 0.0706403 0.0646767 0.0580822 0.0514885 0.0452152 0.0393276 0.0337616 0.0284399 0.0233381 0.0185039 0.0140474 0.010113 0.00683661 0.0042986
 0.0087981 0.0142899 0.0214977 0.0303385 0.0404876 0.0512239 0.0613961 0.0696938 0.07511 0.0772501 0.0762934 0.0727532 0.0672777 0.0605656 0.0533079 0.046093 0.0393101 0.0331171 0.0274973 0.0223639 0.0176565 0.0133896 0.00964582 0.00653028 0.00411295
 0.00872477 0.0141661 0.0213019 0.030045 0.0400688 0.0506566 0.0606738 0.0688438 0.0742145 0.0764597 0.0758179 0.0728071 0.0679856 0.0618699 0.0549467 0.047686 0.0405142 0.0337591 0.027607 0.0221088 0.0172377 0.0129637 0.00929791 0.0062847 0.00395866
 0.00869058 0.0141083 0.0212103 0.0299076 0.0398728 0.0503901 0.0603282 0.0684169 0.0737138 0.0759114 0.0752788 0.0723742 0.0677863 0.0620216 0.0554946 0.0485547 0.0415143 0.0346593 0.0282321 0.022402 0.0172559 0.0128215 0.00910566 0.00611325 0.00383579
 0.00868603 0.0140994 0.0211939 0.029879 0.0398256 0.0503168 0.0602201 0.0682653 0.0735113 0.0756543 0.0749727 0.0720417 0.0674748 0.0618032 0.0554493 0.0487353 0.0419102 0.0351852 0.028757 0.0228072 0.0174832 0.0128841 0.00906199 0.00602817 0.00375428
 0.00866833 0.0140734 0.0211598 0.0298385 0.0397809 0.050269 0.0601685 0.0682062 0.0734388 0.0755614 0.0748529 0.0718926 0.0673035 0.0616318 0.0553168 0.0486895 0.0419877 0.0353886 0.0290448 0.0231074 0.0177258 0.0130316 0.00911759 0.00602227 0.00372223
 0.00868901 0.0141024 0.0211951 0.0298754 0.0398135 0.0502927 0.0601809 0.0682071 0.073428 0.0755363 0.0748082 0.0718221 0.0672032 0.0615052 0.0551782 0.0485651 0.0419096 0.0353822 0.0291145 0.023231 0.0178636 0.013145 0.00918587 0.00604704 0.00371884
 0.00867835 0.0140902 0.021186 0.0298759 0.03983 0.0503268 0.0602277 0.0682558 0.0734663 0.0755554 0.0748047 0.0717966 0.0671578 0.0614416 0.0550999 0.0484801 0.041833 0.0353322 0.0291053 0.0232643 0.0179258 0.0132138 0.00924145 0.00607999 0.00373111
 0.00865686 0.0140565 0.021138 0.0298138 0.0397569 0.0502503 0.0601595 0.068209 0.0734507 0.0755726 0.0748475 0.0718515 0.0672109 0.0614826 0.0551239 0.0484878 0.0418298 0.0353278 0.0291106 0.0232866 0.0179648 0.0132615 0.00928639 0.00611352 0.00375064
 0.00863018 0.014014 0.0210756 0.0297289 0.039649 0.050123 0.0600214 0.0680746 0.0733379 0.0754987 0.0748238 0.0718802 0.0672839 0.0615842 0.055236 0.048595 0.0419232 0.0354054 0.0291761 0.0233455 0.018021 0.0133147 0.00933314 0.00614985 0.0037749
 0.00863704 0.0140216 0.0210804 0.0297252 0.0396305 0.0500844 0.0599611 0.0679955 0.0732471 0.0754069 0.0747434 0.071823 0.0672586 0.0615937 0.0552759 0.0486555 0.0419921 0.0354729 0.0292365 0.0233979 0.0180668 0.013355 0.00936755 0.00617711 0.00379418
 0.00863666 0.0140229 0.0210857 0.0297369 0.0396498 0.0501092 0.0599849 0.0680085 0.0732399 0.0753743 0.0746877 0.0717534 0.0671884 0.061536 0.0552403 0.0486454 0.0420048 0.0355013 0.0292726 0.0234352 0.0181015 0.0133855 0.00939313 0.00619729 0.00380876
 0.00863466 0.0140211 0.0210858 0.0297416 0.0396623 0.0501321 0.0600187 0.0680507 0.0732841 0.0754113 0.0747073 0.0717484 0.0671573 0.061485 0.0551807 0.0485896 0.0419625 0.0354767 0.0292646 0.0234394 0.0181127 0.0133994 0.00940691 0.00620913 0.00381782
#pred catch len freq
 0.00460158 0.00727946 0.0106142 0.0145211 0.0189445 0.0238376 0.0290902 0.0344947 0.0397872 0.0447173 0.0490906 0.0527844 0.0557501 0.0579988 0.0595654 0.0604697 0.060694 0.0601804 0.0588258 0.0564638 0.052862 0.0477909 0.0411926 0.033375 0.0250688
 0.00485276 0.00759232 0.010913 0.0146875 0.0188642 0.0234648 0.0284904 0.0338274 0.0392305 0.0443771 0.0489512 0.0527271 0.0556248 0.0577062 0.0591122 0.0599731 0.0603361 0.0601293 0.0591565 0.057119 0.0536742 0.0485574 0.0417615 0.0336939 0.0251778
 0.0051116 0.00800311 0.0115054 0.0154636 0.019777 0.0244003 0.0292723 0.0342653 0.0392024 0.0438994 0.0481784 0.0518694 0.0548375 0.0570295 0.0584968 0.0593631 0.0597412 0.0596355 0.0588736 0.0571048 0.0538903 0.0488854 0.0420658 0.0338862 0.0252424
 0.00533037 0.00835357 0.012025 0.016188 0.0207367 0.025609 0.030703 0.0358215 0.040705 0.0451113 0.048876 0.0519308 0.0542941 0.0560408 0.0572643 0.0580483 0.0584411 0.0584124 0.0577894 0.0562203 0.0532346 0.0484338 0.0417531 0.0336445 0.025033
 0.00559729 0.00876694 0.0126107 0.0169618 0.0217088 0.0267894 0.0320987 0.0374233 0.0424652 0.046921 0.0505539 0.0532443 0.0550184 0.056037 0.056533 0.0567232 0.0567297 0.0565267 0.0559048 0.0544665 0.0516978 0.0471568 0.0407384 0.0328674 0.0244589
 0.00587339 0.00919676 0.0132229 0.0177728 0.0227242 0.0280052 0.0335006 0.0389844 0.0441448 0.0486624 0.0522758 0.0548265 0.0562959 0.0568188 0.0566519 0.0560968 0.0553991 0.0546483 0.0537025 0.052173 0.0495108 0.0452183 0.0391301 0.0316163 0.0235484
 0.0061823 0.00967557 0.013901 0.018665 0.0238326 0.0293218 0.035005 0.0406388 0.0458923 0.0504305 0.0539825 0.0563835 0.0576044 0.0577626 0.0570979 0.055917 0.0545135 0.0530693 0.0515542 0.0496706 0.0469111 0.042763 0.0370025 0.0299194 0.0223037
 0.00654663 0.010239 0.0146963 0.019706 0.0251166 0.0308325 0.0367103 0.0424863 0.0478081 0.0523245 0.055758 0.0579457 0.0588658 0.0586418 0.0575134 0.0557832 0.0537514 0.0516368 0.0494863 0.0471053 0.0440799 0.0399441 0.0344553 0.0278262 0.0207406
 0.00695843 0.0108724 0.0155834 0.0208559 0.0265199 0.0324662 0.038538 0.0444526 0.0498349 0.0543141 0.0576023 0.0595382 0.0601118 0.0594639 0.0578504 0.055582 0.052963 0.0502263 0.047461 0.0445509 0.04118 0.036962 0.0316759 0.0254817 0.0189547
 0.00734398 0.0114709 0.0164321 0.021973 0.0279048 0.0341009 0.0403835 0.0464443 0.0518841 0.0563165 0.0594488 0.0611244 0.0613448 0.0602674 0.0581657 0.0553654 0.0521812 0.0488584 0.0455147 0.0420913 0.0383567 0.0340085 0.0288682 0.0230668 0.0170834
 0.00768759 0.0120072 0.0171988 0.0229932 0.029188 0.035642 0.042157 0.0483962 0.0539292 0.0583439 0.0613344 0.0627465 0.0625982 0.0610722 0.0584684 0.0551339 0.0513974 0.0475166 0.0436313 0.0397279 0.0356445 0.0311558 0.0261304 0.0206845 0.015215
 0.00799109 0.0124796 0.017872 0.0238861 0.030308 0.0369862 0.0437086 0.0501175 0.0557571 0.0601908 0.0630948 0.0643063 0.0638477 0.061918 0.0588421 0.0549936 0.0507241 0.0463103 0.0419157 0.0375651 0.0331551 0.0285263 0.0235914 0.0184583 0.0134541
 0.00820893 0.0128302 0.0183933 0.0246128 0.0312665 0.0381873 0.0451371 0.0517267 0.0574713 0.0619158 0.0647291 0.0657498 0.0650081 0.062716 0.0592153 0.0548989 0.0501383 0.0452311 0.0403665 0.0356063 0.0308987 0.0261408 0.0212833 0.0164275 0.0118403
 0.00846265 0.0132199 0.0189389 0.0253219 0.0321393 0.0392219 0.0463291 0.0530607 0.0589105 0.0633955 0.0661602 0.0670316 0.0660441 0.0634275 0.0595462 0.0548141 0.0496197 0.044277 0.0389967 0.0338741 0.0289034 0.024031 0.0192406 0.0146274 0.0104063
 0.00878328 0.0137104 0.0196203 0.026194 0.0331836 0.0404071 0.0476134 0.0543928 0.0602323 0.0646481 0.0672874 0.0679797 0.0667607 0.0638632 0.0596594 0.054576 0.0490162 0.0433096 0.0376861 0.0322684 0.0270888 0.0221353 0.0174189 0.0130291 0.00913596
 0.00897849 0.0140252 0.0200892 0.0268469 0.0340397 0.0414652 0.0488416 0.0557254 0.0615785 0.0659097 0.0683775 0.0688348 0.0673427 0.0641545 0.0596546 0.054274 0.0484177 0.0424197 0.0365216 0.0308683 0.0255245 0.0205129 0.0158671 0.0116715 0.00805852
 0.00925932 0.0144499 0.0206703 0.0275789 0.0349067 0.04245 0.0499287 0.0568924 0.0627833 0.0670832 0.0694283 0.0696674 0.0678812 0.0643583 0.0595211 0.0538277 0.0476941 0.0414548 0.0353505 0.0295341 0.024089 0.0190623 0.014504 0.0104934 0.00713122
 0.0095625 0.0149088 0.0212978 0.028365 0.0358228 0.0434574 0.050984 0.0579502 0.0637978 0.0680102 0.0702255 0.070291 0.0682854 0.0645012 0.0593756 0.0533908 0.0469882 0.04052 0.0342366 0.0282966 0.0227922 0.0177822 0.0133235 0.00948733 0.00634735
 0.00954821 0.0149039 0.0213247 0.0284565 0.036015 0.0437776 0.0514398 0.0585259 0.0644595 0.0687148 0.0709291 0.070952 0.0688629 0.0649536 0.0596607 0.0534713 0.0468406 0.040142 0.0336496 0.0275438 0.0219344 0.0168923 0.0124782 0.00875396 0.00576945
 0.00946804 0.0147778 0.0211445 0.0282221 0.0357401 0.0434951 0.0512036 0.0584024 0.064509 0.0689697 0.0713809 0.0715548 0.069548 0.0656456 0.0602888 0.0539741 0.0471695 0.0402657 0.0335596 0.0272581 0.0214968 0.0163662 0.0119349 0.00825836 0.00536657
 0.00946939 0.0147726 0.0211224 0.028168 0.0356363 0.0433278 0.0509709 0.0581222 0.0642232 0.0687406 0.0712767 0.0716275 0.069813 0.0660741 0.0608157 0.0545169 0.0476475 0.0406146 0.0337399 0.0272595 0.0213388 0.0160935 0.0116066 0.00793332 0.00508924
 0.0094626 0.0147677 0.0211257 0.0281872 0.0356764 0.0433846 0.0510277 0.0581524 0.0642005 0.068653 0.0711377 0.0714769 0.069706 0.0660603 0.0609189 0.0547239 0.0479119 0.0408726 0.0339309 0.0273429 0.0213032 0.0159567 0.0114075 0.00771754 0.00489539
 0.00943908 0.0147311 0.0210742 0.0281213 0.0356004 0.0433069 0.05096 0.0581055 0.0641788 0.06865 0.0711383 0.0714672 0.0696846 0.0660443 0.0609371 0.0548016 0.0480544 0.0410588 0.0341193 0.0274883 0.0213741 0.0159458 0.0113312 0.00760652 0.00478117
 0.00950632 0.0148253 0.0211879 0.0282382 0.0356995 0.0433708 0.0509807 0.0580866 0.0641325 0.0685911 0.0710779 0.0714088 0.0696254 0.0659808 0.0608722 0.0547475 0.0480271 0.0410673 0.0341575 0.0275352 0.0214039 0.0159408 0.0112892 0.00753964 0.00470782
 0.00960175 0.01496 0.0213524 0.02841 0.0358479 0.0434662 0.051003 0.0580304 0.0640068 0.0684179 0.0708872 0.0712313 0.0694842 0.0658859 0.0608217 0.0547329 0.0480401 0.0411024 0.0342088 0.0275931 0.0214547 0.0159713 0.0112933 0.00752068 0.00467614
 0.00958439 0.014941 0.0213402 0.0284161 0.0358817 0.043527 0.0510757 0.0580879 0.0640208 0.0683716 0.0707834 0.0710917 0.0693406 0.065769 0.0607516 0.0547153 0.0480689 0.0411645 0.0342897 0.0276787 0.0215323 0.0160309 0.0113294 0.00753421 0.00467333
 0.00948546 0.0147952 0.0211496 0.0281939 0.035651 0.0433161 0.0509127 0.057994 0.0640038 0.0684214 0.0708745 0.0711937 0.0694319 0.065844 0.0608195 0.0547912 0.0481639 0.0412803 0.0344191 0.0278094 0.0216513 0.0161278 0.0113989 0.00757683 0.00469429
 0.00950217 0.0148089 0.0211454 0.0281509 0.0355483 0.043144 0.0506808 0.057733 0.0637574 0.0682323 0.0707711 0.0711821 0.0694963 0.0659565 0.0609523 0.0549263 0.0482954 0.0414099 0.0345484 0.0279359 0.0217682 0.016227 0.0114748 0.00762824 0.0047245
 0.00955159 0.014883 0.0212446 0.0282688 0.035671 0.0432496 0.0507423 0.0577247 0.0636651 0.0680632 0.0705552 0.070963 0.0693152 0.0658377 0.0608985 0.0549243 0.0483266 0.041459 0.0346067 0.0279986 0.0218312 0.0162852 0.0115233 0.00766395 0.00474741
 0.009414 0.014691 0.0210142 0.0280344 0.0354752 0.0431266 0.050704 0.0577572 0.0637363 0.0681359 0.0706011 0.0709723 0.0692989 0.0658208 0.0609077 0.0549757 0.0484206 0.0415834 0.0347442 0.0281339 0.0219535 0.0163881 0.0116037 0.0077219 0.00478533
 0.0093973 0.014655 0.020945 0.0279175 0.0353039 0.0429124 0.0504816 0.0575769 0.0636439 0.0681507 0.0707059 0.0711229 0.0694457 0.065931 0.0609744 0.0550134 0.0484519 0.0416257 0.0348037 0.0282065 0.0220299 0.0164592 0.0116631 0.00776664 0.00481575
 0.00927638 0.0144797 0.0207197 0.0276578 0.0350292 0.0426369 0.0502109 0.0573139 0.0634012 0.0679579 0.070603 0.0711415 0.0695903 0.0661733 0.0612669 0.05531 0.0487237 0.0418637 0.0350106 0.0283872 0.0221861 0.0165893 0.0117651 0.00784071 0.00486504
 0.00902532 0.0141079 0.0202284 0.0270732 0.0343968 0.0420103 0.0496412 0.0568435 0.0630595 0.0677597 0.0705514 0.0712335 0.0698206 0.0665318 0.0617304 0.0558399 0.0492724 0.042387 0.0354781 0.0287842 0.0225093 0.0168416 0.0119525 0.00797158 0.00494987
 0.00865837 0.0135648 0.0195106 0.0262181 0.0334682 0.041082 0.0487845 0.056122 0.0625265 0.0674535 0.0704887 0.0714066 0.0702012 0.0670788 0.0623984 0.0565828 0.0500434 0.0431402 0.0361722 0.0293882 0.0230063 0.0172281 0.0122359 0.00816631 0.00507429
 0.00845838 0.0132397 0.019023 0.0255377 0.0325834 0.0400151 0.0476041 0.0549407 0.0614785 0.0666612 0.0700346 0.0713212 0.0704672 0.0676432 0.0631875 0.0575156 0.0510417 0.0441346 0.0371045 0.0302139 0.0236965 0.0177711 0.012636 0.00844122 0.00524923
