SBPRF35
9.1027
Curr Bio
624913
B35
707891
F35
0.19751
FOFL
0.164883
OFL
78729.4
Bzero
2.60077e+006
#pred survey bio
 4.54161e+006 4.2885e+006 4.0546e+006 3.76206e+006 3.46173e+006 3.14489e+006 2.82112e+006 2.51624e+006 2.19867e+006 1.91771e+006 1.67981e+006 1.48006e+006 1.30427e+006 1.15561e+006 1.04146e+006 929648 829525 759015 715317 682010 649606 627111 609011 586185 583935 570326 568728 559339 565423 556501 559983 562195 568153 567877 560223 555124 540359 533539 528521 533278 540286 544519 549514 555217 562986 562114 572101 568055 561308 562617 558391 570694 596868 563836 583401 595143 593554 570386 547409 587384 598342 568826 562396 564786 634410 630814 2.10851e+007 1.25e+007 1.26967e+007 1.34517e+007 1.45261e+007 1.56788e+007 1.67519e+007 1.76692e+007 1.84109e+007 1.89886e+007 1.94273e+007 1.97549e+007 1.9997e+007 2.01748e+007 2.03053e+007 2.0401e+007 2.04714e+007 2.05234e+007 2.0562e+007 2.05908e+007 2.06124e+007 2.06288e+007 2.06412e+007 2.06507e+007 2.06579e+007 2.06635e+007 2.06678e+007 2.06712e+007 2.06737e+007 2.06758e+007 2.06773e+007 2.06786e+007 2.06795e+007 2.06803e+007 2.06809e+007 2.06813e+007 2.06817e+007 2.0682e+007 2.06822e+007 2.06824e+007 2.06825e+007 2.06826e+007 2.06827e+007 2.06828e+007 2.06829e+007 2.06829e+007 2.06829e+007 2.0683e+007 2.0683e+007 2.0683e+007 2.0683e+007 2.0683e+007 2.0683e+007 2.0683e+007 2.0683e+007 2.0683e+007 2.0683e+007 2.06831e+007 2.06831e+007 2.06831e+007 2.06831e+007 2.06831e+007 2.06831e+007 2.06831e+007 2.06831e+007 2.06831e+007 2.06831e+007 2.06831e+007 2.06831e+007 2.06831e+007 2.06831e+007 2.06831e+007 2.06831e+007 2.06831e+007 2.06831e+007 2.06831e+007 2.06831e+007 2.06831e+007 2.06831e+007 2.06831e+007 2.06831e+007 2.06831e+007 2.06831e+007 2.06831e+007 2.06831e+007 2.06831e+007 2.06831e+007 2.06831e+007 2.06831e+007 2.06831e+007 2.06831e+007 2.06831e+007 2.06831e+007 2.06831e+007 2.06831e+007 2.06831e+007 2.06831e+007 2.06831e+007 2.06831e+007 2.06831e+007 0 0 0 0 0 0 0 0 0 0 0 0 0 0 0 0 0 0 0 0 0 0 0 0 0
#obs survey bio
 4.54678e+006 4.36036e+006 3.7916e+006 2.69132e+006 3.74364e+006 2.60376e+006 2.96724e+006 2.00641e+006 1.81969e+006 1.81755e+006 1.10071e+006 1.45831e+006 850598 1.02404e+006 948226 1.19642e+006 639056 495241 600182 720084 504043 541690 573221 591596 503342 557635 645945 500233 463789 536085 607825 483376 592632 456340 558995 711644 703625 625766 509333 718781 583157 602115 602833 598102 463122 581432 531802 772187 578925 619669 623586 695088 568576 619250 488419 590548 744671 511746 589962 774685 667305 584289 495265 677262 595619 511466
#pred catch bio
 104017 97834.6 168737 198354 239591 274247 285027 322481 312040 292083 273038 262776 246123 220621 220425 209315 182166 158133 147865 144775 134103 128063 128786 109135 116851 104734 109358 95208.9 106510 94018.2 93435.4 88829.8 92332.5 95544.1 89871.2 96260.9 90782.3 91742.7 85082.2 83901.9 86420.8 86115.8 86335.6 85775.2 93779.1 84989 96653.1 98031.4 91052 95932.3 82550.4 72442.6 121877 77092.9 85234.5 96261.5 112803 110666 58281.7 83494.3 115377 94667.8 88104.6 34067.1 96134.3 112241 78729.4 91441 91492.6 95593.9 102726 110675 118048 124240 129117 132791 135470 137374 138703 139617 140238 140657 140936 141122 141245 141326 141379 141414 141437 141451 141461 141467 141472 141474 141476 141477 141478 141478 141479 141479 141479 141479 141479 141479 141479 141479 141479 141479 141479 141479 141479 141479 141479 141479 141479 141479 141479 141479 141479 141479 141479 141479 141479 141479 141479 141479 141479 141479 141479 141479 141479 141479 141479 141479 141479 141479 141479 141479 141479 141479 141479 141479 141479 141479 141479 141479 141479 141479 141479 141479 141479 141479 141479 141479 141479 141479 141479 141479 141479 141479 141479 141479 141479 141479 141479 141479 0 0 0 0 0 0 0 0 0 0 0 0 0 0 0 0 0 0 0 0 0 0 0 0 0
#obs catch bio
 0 97377.4 169340 198875 240558 276215 287163 326422 316173 296251 277804 268532 251910 225473 225627 213594 186354 161939 151490 147937 137377 131463 132075 110868 119561 106563 111299 96362.7 108941 95484 94433.3 89777.7 93228.4 96904.2 90585.4 96975.1 90930.4 91744.6 84863.2 83569 85925.2 85662.5 85998 85588.3 93967.1 84852.7 96462.1 97413.6 90730.3 95898.6 82660.1 71908.3 122840 76780.1 85235.9 96160.7 112493 111269 57901.8 83248.9 115370 94164.7 88935.5 33559.3 96752.4 112421
#pred cpue bio
 4.47543e+006 4.22644e+006 3.99528e+006 3.70415e+006 3.40506e+006 3.08959e+006 2.76732e+006 2.46399e+006 2.14853e+006 1.8696e+006 1.63341e+006 1.43511e+006 1.26097e+006 1.11398e+006 1.00115e+006 891137 792952 723803 680990 648689 617391 595624 578346 556687 554799 541853 540643 531894 537947 529596 533501 536139 542298 542470 535717 531475 516862 509038 503354 508002 515179 519485 524262 529609 536963 536049 545857 542116 535599 536755 532527 544490 570098 537989 556749 568288 567014 544538 521990 560999 572441 543903 537044 539061 607331 604879 2.02294e+007 1.1996e+007 1.20641e+007 1.26717e+007 1.36932e+007 1.4833e+007 1.59034e+007 1.68202e+007 1.75618e+007 1.81395e+007 1.85782e+007 1.89058e+007 1.91479e+007 1.93258e+007 1.94562e+007 1.95519e+007 1.96223e+007 1.96743e+007 1.97129e+007 1.97417e+007 1.97633e+007 1.97797e+007 1.97921e+007 1.98016e+007 1.98088e+007 1.98144e+007 1.98187e+007 1.98221e+007 1.98247e+007 1.98267e+007 1.98282e+007 1.98295e+007 1.98304e+007 1.98312e+007 1.98318e+007 1.98322e+007 1.98326e+007 1.98329e+007 1.98331e+007 1.98333e+007 1.98334e+007 1.98336e+007 1.98336e+007 1.98337e+007 1.98338e+007 1.98338e+007 1.98338e+007 1.98339e+007 1.98339e+007 1.98339e+007 1.98339e+007 1.98339e+007 1.98339e+007 1.9834e+007 1.9834e+007 1.9834e+007 1.9834e+007 1.9834e+007 1.9834e+007 1.9834e+007 1.9834e+007 1.9834e+007 1.9834e+007 1.9834e+007 1.9834e+007 1.9834e+007 1.9834e+007 1.9834e+007 1.9834e+007 1.9834e+007 1.9834e+007 1.9834e+007 1.9834e+007 1.9834e+007 1.9834e+007 1.9834e+007 1.9834e+007 1.9834e+007 1.9834e+007 1.9834e+007 1.9834e+007 1.9834e+007 1.9834e+007 1.9834e+007 1.9834e+007 1.9834e+007 1.9834e+007 1.9834e+007 1.9834e+007 1.9834e+007 1.9834e+007 1.9834e+007 1.9834e+007 1.9834e+007 1.9834e+007 1.9834e+007 1.9834e+007 1.9834e+007 1.9834e+007 1.9834e+007 0 0 0 0 0 0 0 0 0 0 0 0 0 0 0 0 0 0 0 0 0 0 0 0 0
#obs cpue bio
 4.52854e+006 4.36393e+006 3.09664e+006 3.00024e+006 3.05149e+006 2.58948e+006 2.15814e+006 2.50361e+006 2.00688e+006 1.5505e+006 1.59753e+006 915670 1.3621e+006 918441 885763 653105 590004 638266 540353 548707 437305 398541 520928 499445 399142 443245 449036 476692 351346 491562 631103 461310 522968 438013 626913 474885 518592 531994 601974 449176 615050 479783 461264 416655 556535 541926 754667 581703 403473 470625 366044 666941 448706 509391 654270 623741 581085 441308 466428 645464 517523 609310 338522 602625 644172 730284
#pred surv len freq
 0.00417534 0.00692281 0.0106873 0.0155354 0.0213905 0.0279297 0.0345706 0.0406354 0.0456113 0.0493128 0.0518465 0.0534599 0.054409 0.0548976 0.0550648 0.0549948 0.0547337 0.0542965 0.0536323 0.0525475 0.0506445 0.0473841 0.0423322 0.035493 0.0274925
 0.00441579 0.00722319 0.010976 0.0157 0.0213213 0.0275807 0.0339998 0.0399909 0.0450634 0.0489741 0.0517293 0.0534937 0.054499 0.0549841 0.0551523 0.0551398 0.0550033 0.0547172 0.0541568 0.0530585 0.0509998 0.0474817 0.0421587 0.0351256 0.027055
 0.00460144 0.0075515 0.0115113 0.0164977 0.0223904 0.0288407 0.0352644 0.0410115 0.0456285 0.0490074 0.0513193 0.0528313 0.0537726 0.0543064 0.054556 0.0546219 0.0545665 0.0543749 0.0539065 0.0528557 0.0507634 0.047134 0.0416726 0.0345447 0.0264695
 0.00479225 0.00786299 0.0119849 0.0171787 0.0233247 0.0300621 0.036769 0.0427259 0.0473895 0.050578 0.0524508 0.0533521 0.0536531 0.0536573 0.0535638 0.0534686 0.0533813 0.0532292 0.0528278 0.0518394 0.0497824 0.0461595 0.0407018 0.0336159 0.0256491
 0.00500797 0.00821168 0.0125061 0.0179087 0.0242912 0.0312762 0.0382166 0.0443631 0.0491428 0.0523425 0.0540848 0.0546797 0.0544931 0.0538782 0.0531368 0.0524796 0.0519936 0.0516212 0.0511423 0.0501654 0.0481655 0.0446265 0.0392854 0.0323646 0.0246162
 0.00524305 0.00859644 0.0130898 0.0187382 0.0254016 0.0326758 0.0398732 0.0462014 0.051058 0.0542222 0.0558232 0.0561752 0.0556363 0.0545491 0.0532245 0.0519225 0.0508135 0.049927 0.0490987 0.0479473 0.0459255 0.0424879 0.0373492 0.0307136 0.0233067
 0.00548811 0.00899894 0.0137033 0.0196156 0.0265848 0.0341802 0.0416709 0.0482141 0.053168 0.0562949 0.0577299 0.0578058 0.0568995 0.0553642 0.0535136 0.0516143 0.0498646 0.0483519 0.0469882 0.0454617 0.0432671 0.0398659 0.0349509 0.0286818 0.0217218
 0.00572334 0.00938565 0.0142936 0.0204614 0.0277292 0.035642 0.043429 0.0502006 0.055276 0.0583976 0.0596991 0.0595245 0.0582674 0.056298 0.053943 0.0514781 0.0491141 0.0469668 0.045003 0.0429874 0.0404917 0.0370288 0.0322971 0.0264115 0.0199511
 0.00601631 0.00986263 0.0150127 0.0214769 0.0290808 0.037339 0.0454327 0.0524192 0.0575781 0.060637 0.0617392 0.0612508 0.0595903 0.0571495 0.0542711 0.0512406 0.0482762 0.0455089 0.0429417 0.0404033 0.0375487 0.0339661 0.0293868 0.0238942 0.0179774
 0.00635299 0.0104008 0.0158057 0.0225686 0.0304981 0.0390802 0.0474545 0.0546315 0.059854 0.0628356 0.0637271 0.0629158 0.0608458 0.057933 0.0545389 0.0509607 0.0474237 0.0440691 0.0409256 0.0378743 0.0346479 0.0309151 0.0264545 0.0213325 0.0159539
 0.00667527 0.0109244 0.0165922 0.023673 0.0319558 0.0408882 0.0495538 0.0569054 0.062149 0.0649956 0.0656208 0.0644479 0.0619524 0.0585724 0.0546836 0.0505908 0.046524 0.0426312 0.0389608 0.0354369 0.0318606 0.0279772 0.0236169 0.0188387 0.013973
 0.00691728 0.0113291 0.017222 0.0245925 0.0332181 0.0425125 0.0515036 0.0590808 0.0644013 0.0671574 0.0675375 0.0659976 0.0630542 0.0591838 0.0547903 0.0501939 0.0456292 0.0412462 0.0371049 0.0331621 0.0292753 0.0252575 0.0209871 0.0165208 0.012125
 0.00718732 0.0117609 0.0178593 0.0254729 0.0343688 0.043942 0.0531898 0.0609626 0.06638 0.0691077 0.0693239 0.0674921 0.0641517 0.0598136 0.0549187 0.0498183 0.0447664 0.0399228 0.0353579 0.0310512 0.0269029 0.0227798 0.0186004 0.0144198 0.0104493
 0.00744997 0.0121867 0.018497 0.0263648 0.0355403 0.0453867 0.0548566 0.062756 0.0681789 0.0707929 0.0707977 0.0686815 0.0650012 0.0602788 0.0549665 0.0494311 0.0439448 0.0386862 0.0337443 0.0291238 0.0247606 0.0205631 0.0164796 0.0125609 0.00896997
 0.00760081 0.0124431 0.0189034 0.0269695 0.0363845 0.046488 0.056192 0.0642563 0.0697394 0.0722956 0.0721339 0.0697667 0.0657797 0.0607192 0.0550535 0.0491577 0.0433102 0.0376986 0.0324289 0.0275321 0.0229788 0.0187139 0.0147093 0.0110094 0.00773554
 0.00778464 0.0127438 0.0193596 0.0276184 0.0372549 0.0475885 0.0574984 0.0657055 0.071235 0.0737241 0.0733836 0.070744 0.0664202 0.0609923 0.0549591 0.0487164 0.0425513 0.0366537 0.0311336 0.0260352 0.0213539 0.0170628 0.0131519 0.00965941 0.00666987
 0.00804614 0.0131534 0.0199469 0.0284002 0.0382325 0.0487436 0.0587884 0.0670616 0.0725696 0.0749447 0.0744063 0.0715015 0.0668658 0.0611017 0.0547308 0.0481695 0.0417201 0.0355811 0.0298669 0.0246292 0.0198764 0.015599 0.0117975 0.0085018 0.00576566
 0.00820165 0.0134091 0.0203362 0.0289537 0.0389688 0.049657 0.0598386 0.0681754 0.0736568 0.075921 0.0752097 0.0720948 0.0672289 0.0612232 0.0546046 0.0477965 0.0411119 0.0347614 0.0288724 0.023509 0.0186932 0.0144273 0.0107168 0.00758195 0.00504996
 0.00819923 0.0134167 0.0203697 0.0290371 0.0391313 0.0499261 0.060232 0.0686938 0.0742803 0.0766097 0.0759089 0.0727449 0.0677756 0.061624 0.0548304 0.0478292 0.0409434 0.0343951 0.028326 0.0228172 0.017908 0.0136143 0.00994612 0.0069149 0.00452574
 0.00824594 0.0134779 0.0204356 0.0290923 0.0391622 0.0499326 0.0602345 0.0687306 0.074395 0.0768331 0.0762462 0.0731716 0.0682444 0.0620765 0.0552095 0.0480882 0.0410502 0.0343339 0.0280983 0.0224428 0.0174249 0.0130759 0.00941225 0.00643982 0.00414588
 0.0083478 0.0136368 0.020661 0.029385 0.0395108 0.05031 0.0605988 0.069034 0.0746003 0.076931 0.0762599 0.0731454 0.0682209 0.0620779 0.0552306 0.0481022 0.0410214 0.0342302 0.0279005 0.0221497 0.0170549 0.0126637 0.00900192 0.00607312 0.00385181
 0.00828299 0.0135563 0.0205854 0.0293483 0.0395504 0.0504506 0.060839 0.069343 0.0749275 0.0772223 0.0764758 0.0732714 0.0682697 0.0620793 0.0552156 0.0480882 0.0410054 0.0341929 0.0278179 0.0220055 0.0168488 0.0124132 0.00873684 0.00582602 0.00364776
 0.00821285 0.0134409 0.0204112 0.0291073 0.0392482 0.0501156 0.0605257 0.0691214 0.0748585 0.0773313 0.0767399 0.0736304 0.0686522 0.0624295 0.0555063 0.0483167 0.0411797 0.0343185 0.0278922 0.0220217 0.0168044 0.0123163 0.00860682 0.00568808 0.00352441
 0.00834462 0.0136233 0.0206265 0.029318 0.0394065 0.0501798 0.0604754 0.0689661 0.074636 0.0770976 0.0765529 0.0735306 0.0686495 0.0625029 0.0556167 0.0484259 0.0412631 0.0343667 0.0279045 0.0219996 0.0167499 0.0122346 0.00850821 0.00558686 0.00343449
 0.0082767 0.013528 0.0205098 0.0291916 0.0392799 0.0500509 0.0603267 0.0687723 0.0743825 0.0767982 0.0762547 0.0733013 0.0685513 0.0625677 0.055835 0.048753 0.0416377 0.0347313 0.0282183 0.0222413 0.0169146 0.0123288 0.00854623 0.00558708 0.0034153
 0.00825422 0.0134975 0.0204758 0.029163 0.0392695 0.0500713 0.0603853 0.0688647 0.0744875 0.0768802 0.0762755 0.0732387 0.0684142 0.0623962 0.0556832 0.0486647 0.0416291 0.0347893 0.0283122 0.0223385 0.0169914 0.0123748 0.00856253 0.0055818 0.00339891
 0.00820342 0.0134049 0.020319 0.0289185 0.0389221 0.0496281 0.059885 0.0683755 0.0740884 0.0766343 0.076209 0.073336 0.0686297 0.0626767 0.055988 0.0489741 0.0419392 0.0350992 0.0286134 0.0226143 0.0172234 0.0125509 0.00868136 0.0056518 0.00343372
 0.0083114 0.0135598 0.0205126 0.0291273 0.03911 0.0497538 0.0599115 0.0682798 0.073871 0.0763247 0.0758614 0.073013 0.0683816 0.0625261 0.0559297 0.0489866 0.0419993 0.0351896 0.0287227 0.0227318 0.0173366 0.0126478 0.00875393 0.00569867 0.0034592
 0.00812244 0.0132925 0.0201837 0.0287753 0.0387823 0.0494856 0.0597115 0.0681302 0.0737428 0.0761973 0.0757354 0.0729115 0.0683399 0.0625759 0.0560849 0.0492378 0.0423179 0.035539 0.0290687 0.0230484 0.0176074 0.0128639 0.00891364 0.00580672 0.00352532
 0.00803584 0.013153 0.0199781 0.0284982 0.0384435 0.0491178 0.0593708 0.0678826 0.0736374 0.0762408 0.0758871 0.0731044 0.0685146 0.0627065 0.0561816 0.0493304 0.0424339 0.0356895 0.029247 0.023237 0.0177864 0.0130178 0.00903391 0.00589197 0.00357986
 0.007988 0.0130534 0.0197888 0.0281729 0.0379421 0.0484296 0.0585341 0.0669892 0.0728147 0.0756177 0.0755568 0.0730985 0.0687993 0.0632001 0.056787 0.0499661 0.0430488 0.0362598 0.0297628 0.0236913 0.0181712 0.0133267 0.00926575 0.00605299 0.00368242
 0.00795038 0.0129958 0.019707 0.0280608 0.0377873 0.0482098 0.0582198 0.0665564 0.0722646 0.0749934 0.0749443 0.0726057 0.06852 0.0631816 0.0570172 0.0503843 0.0435735 0.0368155 0.0302949 0.0241674 0.0185745 0.0136501 0.00950943 0.0062237 0.00379247
 0.0078135 0.0127885 0.0194238 0.0277077 0.0373806 0.0477729 0.0577791 0.0661359 0.0718802 0.0746507 0.0746449 0.0723599 0.068357 0.0631452 0.0571471 0.0506938 0.0440378 0.0373786 0.0308888 0.0247312 0.0190661 0.0140478 0.00980885 0.00643281 0.00392712
 0.00758091 0.0124423 0.0189629 0.0271531 0.0367716 0.0471578 0.057208 0.0656545 0.071524 0.074437 0.0745684 0.0723971 0.0684785 0.0633314 0.0573963 0.051018 0.0444476 0.0378672 0.0314266 0.0252726 0.0195641 0.0144673 0.0101331 0.0066629 0.00407663
 0.00751577 0.0123138 0.0187298 0.0267691 0.0362035 0.0464113 0.0563449 0.0647868 0.0707805 0.0739199 0.0743236 0.0724115 0.068699 0.063692 0.0578397 0.0515068 0.0449645 0.0384053 0.0319761 0.025813 0.0200655 0.0148995 0.0104759 0.00691153 0.00424092
 0.00798068 0.012954 0.0194781 0.0274873 0.0367168 0.0465662 0.0560622 0.0640846 0.0697648 0.0727544 0.0731893 0.0714651 0.0680398 0.0633471 0.057775 0.0516546 0.0452528 0.0387759 0.0323879 0.026235 0.0204699 0.0152601 0.0107722 0.00713385 0.00439231
 0.00850428 0.0137963 0.0207198 0.029173 0.0388162 0.0489311 0.058406 0.0660241 0.070931 0.0729256 0.0723715 0.0698752 0.0660107 0.0612139 0.0557932 0.04997 0.0439139 0.0377677 0.0316654 0.025746 0.0201637 0.015089 0.0106923 0.00710777 0.00439201
 0.00843738 0.0137749 0.0208493 0.0296052 0.0397091 0.0503824 0.060388 0.0683539 0.073293 0.074941 0.0736932 0.0702826 0.0654721 0.059889 0.053971 0.0479723 0.042008 0.0361218 0.0303496 0.0247595 0.0194666 0.0146258 0.010405 0.00694328 0.00430605
 0.0082198 0.0134465 0.0204083 0.0290832 0.0391835 0.0499833 0.0602884 0.0687292 0.0742498 0.0764433 0.0755328 0.0721217 0.0669475 0.0607313 0.0540844 0.047444 0.0410521 0.0349907 0.029256 0.0238361 0.0187649 0.0141387 0.0100944 0.00676144 0.0042088
 0.00807554 0.0131968 0.0200066 0.0284831 0.0383585 0.0489554 0.0591543 0.0676643 0.0734787 0.0761803 0.0759099 0.0731309 0.0684223 0.0623842 0.0555945 0.0485603 0.0416651 0.035142 0.0290882 0.0235186 0.018434 0.0138713 0.00991331 0.00665598 0.00415589
 0.00808553 0.013189 0.0199496 0.0283296 0.0380542 0.0484552 0.0584424 0.0667716 0.0724928 0.0752435 0.0751996 0.0728181 0.0686151 0.0630774 0.0566547 0.0497621 0.0427683 0.0359728 0.0295855 0.023726 0.0184523 0.0138042 0.00983297 0.00659592 0.00412182
 0.0081591 0.0133011 0.0201023 0.028515 0.0382496 0.0486198 0.0585178 0.0666918 0.0722057 0.0747381 0.0745264 0.0720909 0.0679872 0.0626965 0.0566104 0.0500487 0.0432838 0.0365604 0.0300969 0.0240742 0.0186266 0.0138489 0.00980945 0.0065533 0.00408603
 0.00821094 0.0133844 0.0202254 0.0286839 0.0384648 0.0488719 0.0587827 0.0669284 0.07236 0.0747539 0.0743631 0.0717427 0.067497 0.0621552 0.0561348 0.0497418 0.0431953 0.0366671 0.0303181 0.024312 0.0188087 0.0139487 0.00983998 0.00654443 0.00406468
 0.00822747 0.0134144 0.0202764 0.0287646 0.0385836 0.0490328 0.0589818 0.0671516 0.0725821 0.0749411 0.0744765 0.0717455 0.0673666 0.0618964 0.0557883 0.0493785 0.0428934 0.0364821 0.0302607 0.0243495 0.0188868 0.0140205 0.00988214 0.0065572 0.00405999
 0.00814296 0.0132951 0.0201305 0.0286121 0.0384513 0.048947 0.0589611 0.0672033 0.0727025 0.0751158 0.0746813 0.0719477 0.0675294 0.0619878 0.0557915 0.0493015 0.0427697 0.0363586 0.0301783 0.0243253 0.0189111 0.0140677 0.00992738 0.00658728 0.00407398
 0.00809804 0.0132277 0.0200404 0.0285048 0.038339 0.0488486 0.0589003 0.0672037 0.0727794 0.0752685 0.0748901 0.0721786 0.0677434 0.0621498 0.0558777 0.0493037 0.0426981 0.03624 0.0300481 0.0242153 0.0188382 0.0140311 0.00991523 0.00658588 0.00407444
 0.00799216 0.0130564 0.0197852 0.0281519 0.0378856 0.0483115 0.0583224 0.0666529 0.072335 0.0750005 0.0748399 0.072349 0.0680992 0.0626289 0.0564072 0.0498164 0.0431451 0.0365981 0.0303179 0.024413 0.0189847 0.0141427 0.0100004 0.00664805 0.00411593
 0.00804243 0.0131282 0.0198742 0.0282458 0.0379654 0.0483543 0.0583062 0.0665625 0.0721691 0.0747769 0.0745954 0.0721306 0.0679502 0.0625742 0.0564458 0.0499241 0.0432853 0.0367353 0.0304287 0.02449 0.019033 0.0141724 0.0100203 0.0066627 0.00412678
 0.00814957 0.0132917 0.0200996 0.0285292 0.0382922 0.0486986 0.0586313 0.0668237 0.0723227 0.074792 0.0744652 0.0718766 0.0676174 0.0622193 0.0561215 0.049665 0.0431021 0.0366175 0.0303553 0.0244404 0.0189942 0.0141401 0.00999468 0.00664463 0.0041157
 0.00814349 0.0132911 0.0201154 0.0285765 0.0383852 0.0488432 0.0588188 0.0670304 0.0725151 0.0749365 0.0745358 0.0718607 0.0675183 0.0620558 0.0559243 0.0494692 0.042937 0.0364989 0.0302831 0.0244035 0.0189782 0.0141332 0.00999092 0.00664188 0.00411373
 0.00814525 0.0132989 0.0201367 0.0286223 0.0384684 0.0489751 0.0590046 0.0672651 0.0727805 0.0752018 0.0747622 0.0720101 0.0675637 0.0619894 0.0557597 0.0492373 0.0426772 0.0362484 0.0300684 0.0242365 0.0188579 0.0140515 0.00993749 0.00660818 0.0040934
 0.00808301 0.0131888 0.0199559 0.0283477 0.0380868 0.0484968 0.0584738 0.0667567 0.0723813 0.0749834 0.0747586 0.0722096 0.0679164 0.0624247 0.0562068 0.0496427 0.0430126 0.0365099 0.0302673 0.0243887 0.0189764 0.0141435 0.0100066 0.00665685 0.00412492
 0.00794199 0.0129638 0.0196251 0.0278939 0.0375008 0.0477839 0.0576621 0.0659031 0.0715702 0.0743146 0.0743274 0.0720837 0.0681164 0.0629166 0.0569112 0.0504567 0.0438372 0.0372697 0.0309192 0.0249183 0.0193878 0.0144502 0.010225 0.00680384 0.00421729
 0.0082473 0.0134461 0.0203219 0.0288231 0.0386478 0.0490871 0.0590021 0.0671115 0.0724648 0.0747515 0.0742454 0.0715203 0.067192 0.061795 0.0557529 0.0493824 0.0429119 0.0365097 0.0303115 0.0244402 0.0190192 0.0141753 0.0100298 0.00667399 0.00413719
 0.00802105 0.0131099 0.0198767 0.0282946 0.0380854 0.0485566 0.0585763 0.0668568 0.0724224 0.0749196 0.0745742 0.0719276 0.0675937 0.0621347 0.0560158 0.0495881 0.0430931 0.0366907 0.0304982 0.024623 0.0191829 0.0143085 0.0101288 0.0067415 0.00417963
 0.00789866 0.0129073 0.0195668 0.0278552 0.0375103 0.04787 0.0578434 0.066178 0.0719096 0.0746607 0.074605 0.0722227 0.0680784 0.0627115 0.0565945 0.0501081 0.0435311 0.0370522 0.0308003 0.0248796 0.0193992 0.0144834 0.0102612 0.00683397 0.00423879
 0.00791897 0.0129332 0.0195917 0.0278657 0.0374865 0.0477886 0.0576833 0.0659301 0.0715868 0.0743041 0.0742782 0.0719929 0.0679919 0.0627766 0.05678 0.0503596 0.0437939 0.0372891 0.0309966 0.0250371 0.0195253 0.014584 0.0103391 0.00689052 0.00427653
 0.00809025 0.0132062 0.0199906 0.028405 0.0381623 0.048568 0.0584968 0.0666751 0.0721491 0.07459 0.0742441 0.0716583 0.0674318 0.0620956 0.0560808 0.0497168 0.0432436 0.0368361 0.0306302 0.0247448 0.0192984 0.0144161 0.0102225 0.00681556 0.00423209
 0.0081057 0.0132588 0.02012 0.0286637 0.0386006 0.0492105 0.0593211 0.0676061 0.0730719 0.0753766 0.0747816 0.0718728 0.0673027 0.0616597 0.0554218 0.0489416 0.0424544 0.0361086 0.0300064 0.0242382 0.0189051 0.0141245 0.0100176 0.00668054 0.00414955
 0.00765595 0.0125404 0.0190681 0.0272418 0.0368254 0.047182 0.0572397 0.0657517 0.0717348 0.0747665 0.0749625 0.0727545 0.0686861 0.063305 0.0571114 0.0505194 0.0438366 0.0372704 0.0309572 0.0249999 0.0194997 0.0145718 0.0103379 0.00689629 0.00428491
 0.00776165 0.0126511 0.0191213 0.0271393 0.0364579 0.046469 0.0561703 0.0644052 0.0702738 0.0734052 0.0739185 0.0721945 0.0686812 0.0638136 0.0579993 0.0516082 0.0449577 0.0383018 0.0318346 0.0257054 0.0200431 0.014974 0.0106225 0.00708685 0.00440422
 0.00819849 0.0133427 0.0201207 0.0284659 0.0380723 0.0482466 0.0578894 0.065777 0.0710221 0.0733655 0.0731036 0.0707904 0.0669783 0.0621107 0.0565216 0.0504666 0.0441544 0.0377703 0.0314874 0.0254698 0.0198736 0.0148488 0.0105322 0.0070256 0.00436597
 0.00812346 0.0132799 0.0201357 0.0286562 0.0385411 0.0490596 0.0590325 0.0671369 0.0723998 0.0745199 0.073813 0.0709166 0.0665112 0.0611738 0.0553291 0.04925 0.0430921 0.0369507 0.0309146 0.0250961 0.0196377 0.0146998 0.0104368 0.00696486 0.00432879
 0.00792206 0.0129646 0.0196887 0.0280817 0.0378801 0.0484022 0.0585182 0.0669266 0.0726181 0.0751911 0.0748289 0.0720608 0.0675328 0.0618748 0.0556265 0.049187 0.0427995 0.0365816 0.0305867 0.0248658 0.0195069 0.0146411 0.0104184 0.0069636 0.00433217
 0.00733214 0.0120175 0.0182895 0.026162 0.0354256 0.0454922 0.0553607 0.0638588 0.070052 0.0735152 0.0743033 0.072745 0.0692699 0.0643384 0.058416 0.0519385 0.0452668 0.0386589 0.0322756 0.0262177 0.0205764 0.0154674 0.0110293 0.0073873 0.00460385
 0.00721052 0.0118342 0.0180375 0.0258358 0.0350118 0.0449597 0.0546627 0.0629537 0.068941 0.072277 0.0731037 0.0718045 0.0687953 0.0644462 0.0590858 0.0530207 0.0465423 0.039919 0.0333808 0.0271122 0.0212652 0.0159814 0.0114016 0.00764548 0.00477178
#obs surv len freq
 nan nan nan nan nan nan nan nan nan nan nan nan nan nan nan nan nan nan nan nan nan nan nan nan nan
 0.00448423 0.00734557 0.0111758 0.0159928 0.0216946 0.0279714 0.0342865 0.0400185 0.044698 0.0481612 0.0505179 0.0520124 0.0529033 0.0534145 0.0537277 0.0539819 0.0542599 0.0545523 0.0546908 0.0542826 0.0527206 0.049353 0.0438031 0.0362836 0.0276679
 0.00461031 0.00755311 0.0114926 0.0164454 0.0223016 0.0287337 0.0351775 0.0409808 0.0456521 0.0490205 0.0512058 0.0524731 0.0531079 0.0533612 0.0534379 0.0534921 0.0536133 0.0537914 0.0538546 0.053408 0.0518463 0.0485217 0.0430592 0.0356648 0.0271949
 0.00477991 0.00782843 0.0119063 0.0170279 0.0230755 0.0297051 0.0363252 0.0422514 0.0469639 0.0502758 0.0523047 0.053326 0.0536458 0.0535431 0.0532546 0.0529646 0.0527862 0.0527238 0.0526126 0.0520618 0.0504711 0.0471979 0.0418666 0.0346691 0.0264325
 0.00497403 0.00814643 0.0123893 0.0177153 0.0239973 0.0308693 0.0377056 0.0437834 0.0485538 0.0518177 0.0536953 0.0544726 0.0544684 0.0539781 0.0532601 0.0525265 0.0519218 0.0514807 0.0510654 0.0503071 0.0486241 0.0453858 0.0402152 0.0332812 0.0253658
 0.00518716 0.00849741 0.0129259 0.018485 0.0250383 0.0321954 0.0392913 0.0455583 0.0504115 0.0536359 0.0553549 0.055869 0.0555155 0.0546076 0.0534209 0.0521864 0.0510722 0.0501445 0.0493033 0.0482223 0.0463602 0.0431151 0.0381148 0.0314991 0.0239881
 0.00541847 0.00887404 0.0134942 0.0192894 0.026114 0.0335567 0.0409178 0.0473884 0.0523489 0.0555646 0.0571556 0.0574307 0.0567411 0.0554167 0.0537503 0.0519899 0.0503233 0.0488436 0.0474902 0.0459898 0.0438599 0.0405478 0.035699 0.0294244 0.022371
 0.00565955 0.00927112 0.0141012 0.0201594 0.0272884 0.0350483 0.0426949 0.0493699 0.0544183 0.0575937 0.0590256 0.0590404 0.0580066 0.0562672 0.0541255 0.0518394 0.0496093 0.0475496 0.0456369 0.0436541 0.0411896 0.0377568 0.0330339 0.0271093 0.020551
 0.00588966 0.00964698 0.0146707 0.0209692 0.0283769 0.0364327 0.0443566 0.0512475 0.0564133 0.059587 0.0608957 0.0606771 0.0593177 0.0571796 0.0545812 0.05179 0.0490145 0.0463828 0.0439019 0.0414091 0.0385675 0.0349664 0.0303297 0.0247318 0.0186643
 0.00614236 0.0100607 0.0152985 0.0218618 0.0295721 0.0379396 0.0461401 0.0532241 0.058465 0.0615857 0.0627238 0.0622373 0.0605333 0.0579908 0.0549411 0.0516606 0.0483635 0.0451869 0.0421607 0.0391691 0.0359471 0.0321629 0.0275939 0.0223095 0.0167294
 0.0063843 0.0104587 0.0159062 0.0227321 0.0307465 0.0394315 0.0479178 0.0552047 0.0605259 0.0635887 0.0645394 0.0637596 0.0616849 0.0587207 0.055217 0.0514607 0.0476697 0.0439858 0.0404547 0.0369993 0.0334187 0.0294564 0.0249445 0.0199534 0.0148385
 0.00662327 0.0108495 0.0164985 0.0235739 0.0318749 0.0408585 0.0496148 0.0570965 0.0624998 0.0655147 0.066291 0.065228 0.0627864 0.0593985 0.0554393 0.0512132 0.0469477 0.0427905 0.0387992 0.034927 0.0310265 0.0269074 0.0224521 0.0177349 0.013054
 0.0068213 0.0111784 0.0170065 0.0243099 0.0328789 0.0421453 0.0511587 0.0588259 0.0643085 0.0672827 0.067904 0.0665885 0.0638174 0.0600438 0.0556626 0.0509954 0.0462837 0.0416858 0.0372741 0.0330288 0.0288471 0.0245942 0.020195 0.0157265 0.0114373
 0.00706661 0.0115741 0.017596 0.0251317 0.033959 0.0434859 0.0527255 0.0605437 0.0660693 0.0689654 0.0693947 0.0677939 0.0646709 0.0605053 0.0557137 0.0506335 0.0455156 0.0405264 0.0357504 0.0311909 0.0267832 0.0224377 0.0181139 0.0138883 0.00996442
 0.00726219 0.0118996 0.0180995 0.0258611 0.0349504 0.0447465 0.0542175 0.0621812 0.0677343 0.0705338 0.0707585 0.068872 0.0654091 0.0608727 0.0556985 0.0502385 0.0447539 0.0394193 0.0343297 0.0295078 0.0249199 0.0205129 0.0162726 0.0122726 0.0086758
 0.0074065 0.0121392 0.0184698 0.0263991 0.0356888 0.0457026 0.0553803 0.0635046 0.0691392 0.0719203 0.0720214 0.0699165 0.0661623 0.0612892 0.0557594 0.0499456 0.0441229 0.038475 0.0331072 0.0280588 0.0233209 0.0188688 0.0147075 0.0109051 0.00758901
 0.00753256 0.0123393 0.0187624 0.0267996 0.0362087 0.0463475 0.0561464 0.0643749 0.0700829 0.0728934 0.072969 0.0707755 0.0668666 0.0617776 0.0559843 0.0498788 0.0437565 0.0378202 0.0321926 0.0269319 0.0220516 0.0175501 0.0134459 0.00980075 0.00671094
 0.00760336 0.0124553 0.0189384 0.0270496 0.0365429 0.0467681 0.0566443 0.0649305 0.0706713 0.073492 0.0735597 0.0713408 0.0673823 0.0622082 0.0562847 0.0500021 0.0436644 0.0374922 0.0316314 0.0261664 0.0211378 0.0165674 0.0124863 0.00895049 0.00603003
 0.00765524 0.0125334 0.0190447 0.0271833 0.0367021 0.0469527 0.0568574 0.0651764 0.0709532 0.0738083 0.073904 0.0717022 0.0677462 0.0625548 0.0565863 0.0502219 0.0437608 0.0374273 0.0313825 0.0257359 0.0205581 0.0158981 0.0118035 0.00832851 0.00552314
 0.00771037 0.0126168 0.0191584 0.0273245 0.0368635 0.0471238 0.0570262 0.0653328 0.0710921 0.073933 0.0740253 0.0718338 0.0678979 0.0627268 0.0567666 0.0503867 0.0438769 0.0374575 0.0312946 0.0255137 0.0202102 0.0154607 0.0113323 0.00788368 0.00515185
 0.00777768 0.0127175 0.0192936 0.0274889 0.0370465 0.0473116 0.0572036 0.0654849 0.0712068 0.0740049 0.074058 0.0718402 0.067896 0.0627342 0.0567933 0.0504304 0.0439218 0.0374766 0.0312572 0.0253957 0.0200042 0.0151819 0.0110158 0.00757326 0.00488551
 0.00781541 0.0127802 0.01939 0.0276264 0.037228 0.0475309 0.0574429 0.0657161 0.0713994 0.074135 0.0741158 0.0718312 0.0678372 0.0626482 0.0567021 0.0503496 0.043856 0.037418 0.0311878 0.0252946 0.0198575 0.0149906 0.0107972 0.00735517 0.00469487
 0.0078386 0.0128131 0.019431 0.0276721 0.0372754 0.0475804 0.0574992 0.0657858 0.0714857 0.0742336 0.0742139 0.0719123 0.0678884 0.0626654 0.0566907 0.050321 0.0438212 0.0373818 0.0311467 0.0252383 0.0197757 0.0148795 0.0106643 0.00721671 0.00456941
 0.00786765 0.0128548 0.0194836 0.0277298 0.03733 0.0476233 0.0575243 0.0657918 0.0714772 0.0742204 0.0742076 0.071921 0.0679127 0.062698 0.0567214 0.0503418 0.0438291 0.0373776 0.0311311 0.0252095 0.0197299 0.0148147 0.0105839 0.00713015 0.00448852
 0.00789483 0.0128971 0.0195431 0.0278066 0.0374209 0.0477209 0.057617 0.0658656 0.0715196 0.0742253 0.0741785 0.0718699 0.0678552 0.0626473 0.0566839 0.0503163 0.04381 0.0373589 0.0311079 0.0251788 0.0196895 0.0147644 0.0105259 0.00706977 0.00443278
 0.00789076 0.0128885 0.0195269 0.0277792 0.0373798 0.0476669 0.0575553 0.0658049 0.0714693 0.0741918 0.0741639 0.0718726 0.0678732 0.0626794 0.0567297 0.0503742 0.0438757 0.0374252 0.0311669 0.0252236 0.0197161 0.0147718 0.0105168 0.00704954 0.00440818
 0.00789639 0.0128929 0.0195247 0.0277625 0.0373402 0.047599 0.0574598 0.0656901 0.0713493 0.0740836 0.0740829 0.071829 0.0678703 0.0627141 0.0567943 0.0504596 0.0439728 0.0375253 0.0312615 0.025305 0.0197785 0.0148128 0.0105375 0.00705451 0.00440342
 0.00789138 0.0128835 0.0195081 0.0277348 0.0372967 0.0475354 0.0573734 0.0655816 0.0712246 0.0739539 0.073964 0.0717382 0.0678217 0.0627148 0.0568431 0.0505479 0.0440877 0.0376526 0.031388 0.0254198 0.0198736 0.014884 0.0105848 0.00708124 0.00441528
 0.00787288 0.0128543 0.0194657 0.0276776 0.0372241 0.0474481 0.0572741 0.0654747 0.0711158 0.0738498 0.0738714 0.071665 0.0677763 0.0627051 0.0568741 0.0506196 0.0441936 0.0377812 0.0315252 0.0255517 0.0199891 0.014976 0.0106511 0.00712399 0.0044395
 0.00787729 0.0128548 0.0194543 0.0276431 0.0371557 0.0473407 0.0571319 0.0653119 0.0709521 0.0737041 0.0737573 0.0715895 0.067741 0.0627092 0.0569158 0.0506962 0.0443009 0.0379116 0.0316681 0.0256942 0.020119 0.0150842 0.0107331 0.00718017 0.00447407
 0.00784792 0.0128101 0.0193923 0.0275634 0.0370579 0.0472238 0.0569947 0.0651552 0.0707824 0.0735352 0.0736087 0.0714813 0.0676881 0.0627169 0.0569804 0.0508079 0.0444475 0.0380805 0.0318463 0.0258691 0.0202785 0.0152188 0.0108374 0.00725404 0.00452146
 0.00782768 0.0127737 0.0193315 0.0274692 0.036924 0.0470506 0.0567922 0.0649423 0.0705809 0.0733632 0.0734779 0.0713974 0.0676543 0.0627357 0.0570522 0.0509289 0.0446085 0.0382685 0.0320464 0.0260661 0.020459 0.0153723 0.010958 0.00734091 0.00457847
 0.00780055 0.0127281 0.0192602 0.0273643 0.0367788 0.046862 0.0565643 0.0646883 0.0703222 0.0731265 0.0732891 0.071276 0.06761 0.0627683 0.0571537 0.0510873 0.0448099 0.0384975 0.0322868 0.0263014 0.020674 0.0155552 0.0111022 0.00744552 0.00464783
 0.00776478 0.012672 0.0191793 0.0272557 0.036641 0.0466958 0.0563733 0.0644795 0.070107 0.0729196 0.0731073 0.0711372 0.06753 0.0627575 0.0572149 0.0512149 0.0449915 0.0387166 0.0325248 0.0265397 0.0208956 0.0157466 0.011255 0.00755769 0.00472309
 0.00774615 0.0126377 0.0191207 0.0271626 0.0365054 0.0465156 0.0561563 0.0642431 0.0698733 0.0727097 0.0729367 0.0710153 0.0674626 0.0627484 0.0572663 0.0513258 0.0451559 0.0389228 0.0327564 0.0267777 0.0211214 0.0159446 0.0114152 0.00767663 0.00480371
 0.00933679 0.0148662 0.0218141 0.0299389 0.0388835 0.0480926 0.0567475 0.0639103 0.0688459 0.0712673 0.071322 0.0693993 0.0659486 0.0613906 0.0560887 0.050335 0.0443488 0.0382895 0.032281 0.0264392 0.0208949 0.0158038 0.0113349 0.00763541 0.0047851
 0.00932624 0.0151405 0.0227404 0.031972 0.0423678 0.0529942 0.0624851 0.0694485 0.0730625 0.073395 0.0712012 0.0674218 0.0627863 0.0577085 0.0523787 0.0468885 0.0413048 0.0356967 0.0301419 0.0247323 0.0195841 0.0148418 0.0106655 0.00719755 0.00451821
 0.00897932 0.0145979 0.0219853 0.0310591 0.0414751 0.0524564 0.0627518 0.0709238 0.0758615 0.0771642 0.0751631 0.0706685 0.0646567 0.0580164 0.0513831 0.04508 0.0391754 0.0336059 0.0282929 0.023209 0.0183982 0.0139666 0.0100556 0.0067987 0.00427542
 0.00879761 0.0142923 0.0215073 0.0303613 0.0405304 0.0512915 0.0614893 0.069808 0.0752358 0.0773744 0.0764025 0.0728349 0.0673235 0.0605715 0.0532741 0.046024 0.0392136 0.0330037 0.0273787 0.022251 0.017558 0.0133105 0.00958735 0.00649052 0.00408813
 0.00873241 0.0141762 0.0213131 0.030055 0.0400763 0.050663 0.0606838 0.0688649 0.0742535 0.0765193 0.0758942 0.0728903 0.0680629 0.0619286 0.0549775 0.0476847 0.0404817 0.0337008 0.0275319 0.0220272 0.0171594 0.0128962 0.00924518 0.00624731 0.00393459
 0.00870533 0.0141312 0.0212428 0.0299496 0.0399226 0.0504439 0.0603802 0.068461 0.073746 0.0759317 0.0752916 0.0723852 0.0677992 0.0620352 0.0555036 0.048552 0.0414943 0.0346203 0.0281768 0.0223368 0.0171887 0.0127601 0.00905515 0.00607587 0.00381085
 0.00869833 0.0141181 0.0212197 0.0299117 0.0398641 0.0503592 0.0602641 0.0683074 0.0735476 0.075681 0.0749876 0.0720452 0.0674701 0.0617945 0.0554393 0.0487241 0.0418948 0.0351619 0.0287237 0.0227648 0.0174358 0.0128374 0.00902114 0.0059963 0.00373208
 0.00868144 0.0140946 0.0211916 0.0298827 0.039838 0.0503373 0.0602431 0.0682797 0.0735027 0.0756083 0.0748783 0.0718956 0.0672863 0.0615989 0.0552738 0.0486417 0.0419388 0.0353398 0.0289959 0.0230582 0.0176773 0.0129862 0.00907831 0.00599135 0.0037003
 0.00868628 0.0141001 0.0211956 0.0298822 0.0398307 0.0503231 0.0602251 0.0682624 0.073489 0.0755959 0.0748593 0.0718584 0.0672211 0.0615039 0.0551599 0.0485339 0.0418704 0.0353391 0.0290705 0.0231879 0.0178226 0.0131074 0.00915358 0.00602138 0.0037003
 0.00870114 0.014125 0.0212341 0.0299372 0.0399028 0.0504087 0.0603151 0.0683438 0.0735488 0.0756254 0.0748554 0.0718224 0.0671555 0.0614114 0.0550449 0.0484064 0.041748 0.0352434 0.0290192 0.0231855 0.0178572 0.0131569 0.00919663 0.00604681 0.00370832
 0.00865915 0.0140628 0.021152 0.0298402 0.0397999 0.0503113 0.0602354 0.0682925 0.0735325 0.0756443 0.0749031 0.071888 0.0672267 0.0614771 0.0550972 0.0484418 0.0417683 0.0352565 0.0290358 0.0232143 0.0178999 0.0132069 0.00924339 0.00608193 0.00372914
 0.00866351 0.0140643 0.0211444 0.0298149 0.0397494 0.0502338 0.060138 0.068191 0.0734462 0.0755893 0.0748872 0.0719091 0.0672755 0.0615405 0.0551624 0.0484992 0.041813 0.0352889 0.0290606 0.0232378 0.0179266 0.013237 0.00927345 0.00610717 0.00374668
 0.00865053 0.0140469 0.0211246 0.0297959 0.0397335 0.0502195 0.0601194 0.0681602 0.0733982 0.0755273 0.0748227 0.071858 0.0672506 0.0615468 0.0551957 0.0485491 0.0418682 0.0353405 0.0291047 0.0232747 0.0179584 0.0132656 0.00929887 0.00612812 0.00376196
 0.00862733 0.0140087 0.0210666 0.0297145 0.0396281 0.0500954 0.0599882 0.068038 0.0733004 0.075463 0.0747931 0.0718594 0.0672787 0.0615993 0.055271 0.0486434 0.0419739 0.035448 0.029205 0.0233617 0.0180299 0.0133221 0.00934184 0.00615928 0.00378305
 0.00863666 0.0140215 0.0210811 0.0297273 0.0396341 0.0500888 0.0599644 0.067995 0.0732403 0.0753927 0.0747226 0.0717983 0.0672341 0.0615745 0.0552666 0.0486583 0.0420059 0.0354928 0.0292568 0.0234141 0.0180778 0.0133623 0.00937319 0.0061822 0.00379864
 0.00863666 0.0140215 0.0210811 0.0297273 0.0396341 0.0500888 0.0599644 0.067995 0.0732403 0.0753927 0.0747226 0.0717983 0.0672341 0.0615745 0.0552666 0.0486583 0.0420059 0.0354928 0.0292568 0.0234141 0.0180778 0.0133623 0.00937319 0.0061822 0.00379864
 0.00856266 0.0139071 0.0209203 0.0295193 0.0393842 0.0498095 0.0596756 0.0677229 0.0730132 0.0752344 0.0746479 0.0718109 0.0673276 0.061735 0.0554754 0.0488956 0.0422528 0.0357337 0.0294792 0.0236092 0.01824 0.0134896 0.00946707 0.00624677 0.00383984
 0.00842791 0.0136857 0.0205842 0.0290446 0.0387608 0.0490536 0.0588401 0.0668945 0.0722948 0.074717 0.0743889 0.0718251 0.0675917 0.0621995 0.0560781 0.049572 0.0429451 0.0363951 0.030076 0.0241204 0.0186556 0.0138094 0.00969852 0.00640333 0.00393807
 0.00879706 0.014256 0.0213837 0.0300707 0.0399715 0.0503603 0.060106 0.0679515 0.0729823 0.0749316 0.0741164 0.0711395 0.0666246 0.0610984 0.0549728 0.0485558 0.0420708 0.0356815 0.0295184 0.0237011 0.0183519 0.0135981 0.00955832 0.00631529 0.00388625
 0.00848589 0.0138096 0.020823 0.029456 0.0393887 0.0498966 0.059827 0.0678872 0.0731231 0.0752313 0.0745033 0.0715364 0.0669716 0.0613683 0.0551712 0.0487095 0.04221 0.0358267 0.0296754 0.0238633 0.0185066 0.013733 0.00966557 0.00639307 0.0039376
 0.00850034 0.0137942 0.0207313 0.0292292 0.0389821 0.0493142 0.0591445 0.0672404 0.0726596 0.075051 0.0746216 0.0718879 0.0674463 0.0618562 0.0555957 0.0490385 0.0424496 0.036003 0.0298168 0.0239885 0.018622 0.0138361 0.00975124 0.00645792 0.00398199
 0.00853808 0.0138611 0.0208392 0.0293839 0.0391724 0.0495008 0.0592608 0.067214 0.0724515 0.074688 0.0741957 0.0715175 0.0672209 0.0618008 0.0556732 0.0491815 0.0425969 0.0361211 0.0299001 0.0240474 0.0186691 0.0138787 0.00979005 0.00649072 0.00400676
 0.0086151 0.0139863 0.0210274 0.0296486 0.0395213 0.0499295 0.0597431 0.067697 0.072858 0.0749346 0.0742215 0.0713121 0.0668341 0.0613252 0.055205 0.0487848 0.0422908 0.0358919 0.0297242 0.0239079 0.0185595 0.0137976 0.00973581 0.00645857 0.00399012
 0.00874574 0.0142003 0.0213515 0.0301061 0.0401247 0.0506693 0.0605786 0.0685549 0.0736444 0.0755532 0.0745914 0.0713814 0.0665912 0.060805 0.0544861 0.0479712 0.0414829 0.0351624 0.0291092 0.0234145 0.0181791 0.0135165 0.00953884 0.00632953 0.00391206
 0.00825061 0.0134332 0.0202718 0.028712 0.0384653 0.0488558 0.0587883 0.0670135 0.0725767 0.0751182 0.0748337 0.0722229 0.0678625 0.0622985 0.0560093 0.049384 0.0427112 0.0361876 0.0299447 0.0240827 0.0187007 0.0139088 0.00981943 0.0065182 0.00403027
 0.00832866 0.0134984 0.0202565 0.0285173 0.0379893 0.0480383 0.0576508 0.06567 0.0712097 0.073932 0.0740063 0.0718673 0.0680059 0.062881 0.0569038 0.0504337 0.0437706 0.0371519 0.0307595 0.0247351 0.0192017 0.0142789 0.0100809 0.00669299 0.00413953
 0.00867395 0.0140637 0.0211071 0.0296963 0.0394847 0.0497442 0.0593482 0.0670599 0.0720032 0.0739596 0.0732833 0.0705814 0.0664387 0.0613113 0.0555343 0.0493612 0.0429969 0.0366205 0.0303963 0.0244784 0.0190131 0.0141392 0.00998078 0.00662578 0.00409799
 0.00858569 0.0139589 0.021023 0.029697 0.03965 0.0501466 0.0600227 0.067976 0.0730498 0.0749545 0.0740164 0.0708851 0.0662533 0.0607086 0.0546849 0.0484632 0.0422068 0.0360172 0.0299852 0.0242207 0.0188583 0.0140461 0.00992345 0.0065901 0.00407645
 0.00848624 0.0137898 0.0207583 0.0293168 0.0391568 0.0495845 0.0594886 0.0676053 0.072974 0.0752439 0.0746396 0.071707 0.0670791 0.0613553 0.0550464 0.048539 0.0420821 0.0358097 0.0297921 0.0240911 0.0187965 0.0140318 0.00993223 0.00660488 0.00408901
 0.00795117 0.0129359 0.0195061 0.0276124 0.036993 0.0470315 0.0567209 0.0649038 0.070683 0.0736944 0.0740644 0.0721801 0.0684955 0.0634588 0.0575007 0.0510191 0.0443506 0.0377474 0.0313794 0.025362 0.0197961 0.014797 0.0104925 0.00699007 0.00433417
 0.00831412 0.013456 0.0201559 0.0283131 0.037625 0.0474579 0.0568151 0.0645761 0.0699092 0.0725399 0.0726916 0.070821 0.0673914 0.0627867 0.0573196 0.051262 0.0448649 0.0383627 0.0319653 0.0258519 0.0201765 0.0150812 0.0106991 0.00713456 0.00442923
#pred catch len freq
