SBPRF35
7.78865
Curr Bio
476063
B35
638291
F35
0.212806
FOFL
0.156831
OFL
59372.5
Bzero
2.22533e+006
#pred survey bio
 3.8409e+006 3.39335e+006 3.04183e+006 2.70255e+006 2.38345e+006 2.09952e+006 1.83937e+006 1.60985e+006 1.38137e+006 1.21256e+006 1.08353e+006 966081 890879 824585 765628 738213 706065 689228 667692 650078 631533 618280 615410 610458 618198 612779 614507 612174 604687 590380 577962 566194 556578 545775 548420 555545 559536 572123 575298 595798 603851 602926 605614 604999 611056 603827 599905 565195 555706 555430 545181 541721 548417 539031 528556 535466 558399 588684 577457 553956 520391 486890 481259 1.69215e+007 1.02218e+007 1.05562e+007 1.13818e+007 1.2461e+007 1.35599e+007 1.45414e+007 1.53505e+007 1.59835e+007 1.64616e+007 1.68142e+007 1.70706e+007 1.72554e+007 1.73881e+007 1.74833e+007 1.75518e+007 1.76013e+007 1.76373e+007 1.76636e+007 1.7683e+007 1.76974e+007 1.77081e+007 1.77161e+007 1.77221e+007 1.77267e+007 1.77302e+007 1.77328e+007 1.77348e+007 1.77363e+007 1.77375e+007 1.77384e+007 1.77391e+007 1.77397e+007 1.77401e+007 1.77404e+007 1.77406e+007 1.77408e+007 1.7741e+007 1.77411e+007 1.77412e+007 1.77412e+007 1.77413e+007 1.77413e+007 1.77414e+007 1.77414e+007 1.77414e+007 1.77414e+007 1.77414e+007 1.77414e+007 1.77415e+007 1.77415e+007 1.77415e+007 1.77415e+007 1.77415e+007 1.77415e+007 1.77415e+007 1.77415e+007 1.77415e+007 1.77415e+007 1.77415e+007 1.77415e+007 1.77415e+007 1.77415e+007 1.77415e+007 1.77415e+007 1.77415e+007 1.77415e+007 1.77415e+007 1.77415e+007 1.77415e+007 1.77415e+007 1.77415e+007 1.77415e+007 1.77415e+007 1.77415e+007 1.77415e+007 1.77415e+007 1.77415e+007 1.77415e+007 1.77415e+007 1.77415e+007 1.77415e+007 1.77415e+007 1.77415e+007 1.77415e+007 1.77415e+007 1.77415e+007 1.77415e+007 1.77415e+007 1.77415e+007 1.77415e+007 1.77415e+007 1.77415e+007 1.77415e+007 1.77415e+007 1.77415e+007 1.77415e+007 1.77415e+007 1.77415e+007 1.77415e+007 0 0 0 0 0 0 0 0 0 0 0 0 0 0 0 0 0 0 0 0 0 0 0 0 0
#obs survey bio
 4.12599e+006 1.65374e+006 3.24582e+006 2.68192e+006 1.87086e+006 1.49696e+006 1.16497e+006 1.10088e+006 1.05824e+006 997523 793064 779191 944480 712108 628760 701790 609314 800474 469250 667550 671658 610352 483847 464999 618018 365218 616055 602474 592752 421892 541028 675118 663363 332973 581574 488084 569577 534117 578244 747327 605734 688101 587724 406322 554246 791789 488828 585404 512566 635734 401299 587048 497276 433388 541577 424574 567747 704540 614646 550722 560407 423693 617139
#pred catch bio
 334337 272888 288244 297322 291198 292140 283074 295789 252721 225072 219856 185945 178535 170220 141080 142395 126493 127505 120996 118391 110819 100439 101863 91781.6 102952 95592.3 96641.3 97707.3 99635.4 93955.1 89780.9 87072 91178.4 84220.5 83554.3 87711.2 81804.4 90961.3 77984 89825.9 97066.2 92954.3 95122.9 89821 100578 96374.1 120553 98142.5 90648.1 98770.2 92674.3 84348.5 97701.6 98509.6 85010.7 73013.8 67275.5 100299 108247 115640 114612 89934.5 80507.7 59372.5 78839 80068.9 85095.2 92774.8 100826 107962 113717 118084 121256 123488 125020 126053 126740 127190 127483 127673 127795 127872 127922 127953 127973 127986 127994 127999 128002 128004 128005 128006 128006 128007 128007 128007 128007 128007 128007 128007 128007 128007 128007 128007 128007 128007 128007 128007 128007 128007 128007 128007 128007 128007 128007 128007 128007 128007 128007 128007 128007 128007 128007 128007 128007 128007 128007 128007 128007 128007 128007 128007 128007 128007 128007 128007 128007 128007 128007 128007 128007 128007 128007 128007 128007 128007 128007 128007 128007 128007 128007 128007 128007 128007 128007 128007 128007 128007 128007 128007 128007 128007 128007 0 0 0 0 0 0 0 0 0 0 0 0 0 0 0 0 0 0 0 0 0 0 0 0 0
#obs catch bio
 256393 274009 290536 300098 294911 296792 288400 303357 258764 229654 226303 191129 183163 174824 144288 145653 128908 129783 123190 120416 112133 101372 103077 92891.5 104870 97514.3 97996.2 98744.1 100789 94857.2 90586.6 87563.6 91866.8 85070.4 83780.2 88151.2 81842.4 91608 78195.4 90450.8 97809.3 93290.3 95076.5 90043.9 101627 96156.9 121362 98383.8 90615.5 98986.8 93016.8 84267.1 97733.2 98714 85437 73514.5 67221.9 100386 107633 114988 114516 89794.9 80433.3
#pred cpue bio
 3.77495e+006 3.33222e+006 2.98436e+006 2.64727e+006 2.32995e+006 2.04783e+006 1.78968e+006 1.56216e+006 1.33626e+006 1.16941e+006 1.04174e+006 925727 851665 786996 729756 703389 672573 656627 636128 619424 601928 589449 586745 581746 589077 583936 586130 584634 578056 564767 553350 542426 532482 520304 521775 528660 532713 544897 547824 567583 575444 574780 577736 577167 582849 576022 572511 538643 529089 528806 518944 515535 522106 513004 502450 508828 531410 561710 551391 528212 494836 461805 456680 1.61103e+007 9.7544e+006 9.96618e+006 1.06533e+007 1.16844e+007 1.27721e+007 1.37515e+007 1.45602e+007 1.51931e+007 1.56712e+007 1.60239e+007 1.62802e+007 1.6465e+007 1.65977e+007 1.66929e+007 1.67614e+007 1.68109e+007 1.68469e+007 1.68732e+007 1.68926e+007 1.6907e+007 1.69177e+007 1.69257e+007 1.69317e+007 1.69363e+007 1.69398e+007 1.69424e+007 1.69444e+007 1.69459e+007 1.69471e+007 1.6948e+007 1.69487e+007 1.69493e+007 1.69497e+007 1.695e+007 1.69502e+007 1.69504e+007 1.69506e+007 1.69507e+007 1.69508e+007 1.69509e+007 1.69509e+007 1.69509e+007 1.6951e+007 1.6951e+007 1.6951e+007 1.6951e+007 1.6951e+007 1.69511e+007 1.69511e+007 1.69511e+007 1.69511e+007 1.69511e+007 1.69511e+007 1.69511e+007 1.69511e+007 1.69511e+007 1.69511e+007 1.69511e+007 1.69511e+007 1.69511e+007 1.69511e+007 1.69511e+007 1.69511e+007 1.69511e+007 1.69511e+007 1.69511e+007 1.69511e+007 1.69511e+007 1.69511e+007 1.69511e+007 1.69511e+007 1.69511e+007 1.69511e+007 1.69511e+007 1.69511e+007 1.69511e+007 1.69511e+007 1.69511e+007 1.69511e+007 1.69511e+007 1.69511e+007 1.69511e+007 1.69511e+007 1.69511e+007 1.69511e+007 1.69511e+007 1.69511e+007 1.69511e+007 1.69511e+007 1.69511e+007 1.69511e+007 1.69511e+007 1.69511e+007 1.69511e+007 1.69511e+007 1.69511e+007 1.69511e+007 1.69511e+007 1.69511e+007 0 0 0 0 0 0 0 0 0 0 0 0 0 0 0 0 0 0 0 0 0 0 0 0 0
#obs cpue bio
 2.67528e+006 2.10203e+006 2.26116e+006 2.34846e+006 1.81118e+006 2.11875e+006 1.82044e+006 1.57234e+006 1.1658e+006 1.25178e+006 711153 641345 691768 637055 550740 656679 568643 534971 624089 520923 625257 519174 589854 451054 408166 503629 801445 655606 502848 723190 526937 508878 408408 515739 832390 522750 593848 422362 476936 385580 532216 567793 889428 545479 399374 869863 530094 481577 665869 448982 563654 562575 642449 558463 336064 437196 734019 717208 713329 569742 393080 499872 359461
#pred surv len freq
 0.0060059 0.00964648 0.014319 0.0199289 0.026289 0.0330486 0.039656 0.0454759 0.0500241 0.0531354 0.0549431 0.0557331 0.0558069 0.0554105 0.05471 0.0537904 0.0526684 0.0513101 0.0496286 0.047456 0.044523 0.0405161 0.0352439 0.0288465 0.021884
 0.00639603 0.0101909 0.0149779 0.0206245 0.0269471 0.0336539 0.0402801 0.0462468 0.0510454 0.0544019 0.0563102 0.0569621 0.0566585 0.0557349 0.0544904 0.0531295 0.051732 0.0502552 0.048548 0.0463616 0.0433772 0.03929 0.0339669 0.0276114 0.0208074
 0.00683329 0.0108734 0.0159468 0.0218858 0.0284567 0.0353072 0.0419186 0.0476971 0.0521852 0.0552141 0.0568764 0.0573891 0.0569888 0.0559081 0.0543835 0.0526388 0.050837 0.0490249 0.0470971 0.0447965 0.041769 0.0376877 0.0324279 0.026216 0.019641
 0.00719824 0.0114645 0.016832 0.0231246 0.0300861 0.0373174 0.0442263 0.0501338 0.0545172 0.0571964 0.0583213 0.0582177 0.0572361 0.0556758 0.0537686 0.0516871 0.0495493 0.0474021 0.0451801 0.0426737 0.0395581 0.035514 0.0304125 0.0244676 0.0182392
 0.00755029 0.0120233 0.0176492 0.0242429 0.0315358 0.0391094 0.0463378 0.0524931 0.0569955 0.0596127 0.0604617 0.0598715 0.0582425 0.0559631 0.0533617 0.0506766 0.0480434 0.0454936 0.0429488 0.0402099 0.0369827 0.0329779 0.0280764 0.0224709 0.0166695
 0.0078902 0.0125617 0.0184333 0.0253083 0.032902 0.0407732 0.0482646 0.0546132 0.0592108 0.0618074 0.0625089 0.0616334 0.0595732 0.0567258 0.0534586 0.0500751 0.0467817 0.0436644 0.0406746 0.0376305 0.0342559 0.0302812 0.0255929 0.0203574 0.0150217
 0.00824283 0.0131199 0.0192453 0.026409 0.0343078 0.0424732 0.0502111 0.0567184 0.0613577 0.0638711 0.0643753 0.0632057 0.0607675 0.0574622 0.0536594 0.0496759 0.0457518 0.0420252 0.0385073 0.035072 0.0314874 0.0275114 0.0230318 0.0181799 0.0133308
 0.00853976 0.0135989 0.019959 0.0274036 0.0356138 0.0440915 0.0520982 0.0587819 0.0634684 0.0658878 0.0661693 0.0646753 0.0618404 0.0580892 0.0538045 0.0493077 0.0448452 0.0405752 0.0365505 0.0327043 0.0288682 0.024848 0.0205445 0.0160551 0.0116797
 0.00895511 0.0142493 0.0208919 0.0286473 0.037174 0.0459461 0.0541886 0.0610069 0.0656917 0.0679575 0.0679416 0.0660345 0.0627102 0.058435 0.0536245 0.048619 0.04367 0.0389385 0.0344924 0.0303016 0.0262523 0.0222028 0.0180772 0.0139481 0.010044
 0.00940691 0.0149388 0.0218464 0.0298634 0.0386227 0.0475808 0.0559483 0.0628166 0.067464 0.0695998 0.0693648 0.067158 0.0634661 0.0587726 0.0535148 0.0480554 0.042665 0.0375195 0.0327031 0.0282132 0.0239764 0.0198946 0.0159153 0.012094 0.00859951
 0.00971471 0.0154353 0.0225845 0.0308851 0.0399455 0.0491799 0.057743 0.0646747 0.069231 0.0711393 0.0705864 0.0680206 0.0639613 0.0589038 0.0532856 0.0474678 0.0417241 0.0362404 0.0311188 0.0263833 0.0219961 0.0178944 0.014045 0.0104902 0.0073491
 0.00989898 0.0157481 0.0230798 0.0316217 0.040974 0.0505221 0.0593692 0.0664929 0.0710963 0.0728803 0.0720406 0.0690656 0.0645339 0.0590009 0.0529476 0.0467535 0.0406906 0.0349358 0.029588 0.0246818 0.020203 0.0161158 0.0124021 0.00909246 0.00626467
 0.00992566 0.015794 0.0231559 0.0317453 0.0411728 0.0508357 0.0598453 0.0671745 0.0720009 0.0739801 0.0732533 0.0702652 0.0655788 0.0597684 0.0533594 0.0467835 0.0403559 0.0342794 0.0286655 0.0235581 0.0189561 0.0148398 0.0111994 0.00805503 0.00545192
 0.00999734 0.0159055 0.0233141 0.0319537 0.041431 0.0511407 0.0601937 0.0675654 0.0724399 0.0744787 0.0738208 0.0708935 0.0662288 0.0603689 0.0538218 0.0470264 0.0403271 0.033966 0.0280914 0.0227758 0.0180388 0.0138741 0.0102756 0.0072516 0.00481931
 0.0100843 0.0160428 0.023513 0.0322209 0.0417668 0.0515361 0.060628 0.0680079 0.0728571 0.0748451 0.0741273 0.0711485 0.0664491 0.0605644 0.0539821 0.0471175 0.040301 0.0337793 0.0277237 0.022239 0.0173768 0.0131539 0.00957278 0.00663334 0.00432936
 0.0100451 0.015976 0.0234076 0.0320675 0.0415632 0.0512943 0.0603785 0.0677967 0.0727334 0.0748457 0.0742665 0.0714171 0.0668218 0.0610076 0.0544574 0.047581 0.0407026 0.0340676 0.027857 0.0221991 0.0171772 0.0128382 0.00920287 0.00627202 0.00402394
 0.0100871 0.0160398 0.0234946 0.0321741 0.0416796 0.0514045 0.0604622 0.0678349 0.0727169 0.0747827 0.0741829 0.0713479 0.0667984 0.0610471 0.054559 0.0477272 0.0408634 0.034205 0.0279326 0.0221838 0.0170618 0.0126381 0.0089542 0.00601876 0.00380341
 0.0100515 0.0159816 0.0234067 0.0320511 0.0415198 0.0512131 0.0602532 0.0676293 0.0725377 0.0746488 0.0741067 0.071337 0.0668581 0.0611808 0.0547639 0.0479903 0.0411597 0.0344996 0.0281868 0.0223644 0.0171496 0.0126346 0.00888035 0.00590759 0.00368787
 0.0100489 0.0159797 0.0234081 0.0320584 0.0415339 0.0512303 0.0602648 0.0676233 0.0725044 0.0745858 0.0740211 0.0712435 0.0667749 0.0611251 0.0547496 0.0480251 0.0412415 0.0346152 0.0283129 0.0224731 0.0172175 0.0126507 0.00884919 0.00584601 0.00361701
 0.00994977 0.0158362 0.0232249 0.0318517 0.0413274 0.0510484 0.0601259 0.0675372 0.0724712 0.0745979 0.074066 0.0713084 0.066851 0.0612102 0.0548469 0.0481396 0.041376 0.0347664 0.0284699 0.0226188 0.0173339 0.0127254 0.0088805 0.00584272 0.00359387
 0.0100305 0.0159364 0.0233191 0.0318994 0.0412872 0.0508986 0.0598796 0.0672412 0.0721875 0.0743791 0.0739385 0.0712707 0.0668832 0.061287 0.0549478 0.0482528 0.0414969 0.0348933 0.0285989 0.0227419 0.0174402 0.0128049 0.00892876 0.00586261 0.00359391
 0.0102083 0.0161935 0.0236452 0.0322606 0.0416305 0.0511626 0.0600082 0.0671972 0.071966 0.0740146 0.0734995 0.0708386 0.0665257 0.0610392 0.0548108 0.0482055 0.0415115 0.0349455 0.0286711 0.022821 0.0175153 0.0128671 0.00897241 0.00588705 0.00360293
 0.0103486 0.0164025 0.0239234 0.0325936 0.0419898 0.0515089 0.0602951 0.0673763 0.0719963 0.0738755 0.0732018 0.0704271 0.0660688 0.0606104 0.054467 0.0479743 0.0413907 0.0349125 0.0286961 0.0228765 0.0175802 0.012927 0.00901927 0.00591821 0.00362001
 0.010411 0.0165115 0.0241005 0.0328607 0.0423608 0.0519775 0.0608254 0.0679033 0.0724396 0.0741609 0.0732805 0.070287 0.065736 0.0601424 0.0539389 0.0474608 0.0409486 0.0345714 0.0284585 0.0227267 0.0174945 0.0128826 0.00899812 0.0059083 0.00361467
 0.0101987 0.0162046 0.0237108 0.0324266 0.0419406 0.0516359 0.060619 0.0678693 0.072587 0.0744647 0.073684 0.0707144 0.0661141 0.0604206 0.0541012 0.0475238 0.0409499 0.0345523 0.0284498 0.0227416 0.0175308 0.0129297 0.00904427 0.00594568 0.0036405
 0.00998197 0.0158867 0.0232972 0.0319475 0.0414455 0.0511837 0.0602679 0.0676692 0.0725713 0.0746417 0.0740305 0.0711772 0.0666211 0.0608979 0.0544908 0.0477963 0.0411073 0.0346211 0.0284671 0.0227408 0.0175326 0.0129409 0.00906233 0.00596487 0.00365633
 0.00975024 0.0155214 0.022771 0.0312477 0.0405833 0.050204 0.0592561 0.0667449 0.0718638 0.0742552 0.0740162 0.0715234 0.0672615 0.0617311 0.055403 0.048684 0.0418946 0.0352686 0.0289696 0.0231161 0.0178076 0.0131402 0.00920443 0.00606255 0.00371956
 0.0096445 0.0153459 0.0225 0.0308551 0.040048 0.0495196 0.0584424 0.0658558 0.0709855 0.0734944 0.0734792 0.0712929 0.0673748 0.0621693 0.0560958 0.0495277 0.0427784 0.0360984 0.0296836 0.023688 0.0182396 0.0134512 0.00941876 0.0062036 0.00380735
 0.00952337 0.0151664 0.0222612 0.0305649 0.0397169 0.049153 0.0580367 0.0654027 0.0704838 0.0729629 0.0729642 0.0708641 0.0671098 0.0621312 0.0563111 0.0499756 0.0433946 0.0367941 0.0303698 0.0242966 0.0187331 0.0138215 0.00967784 0.00637326 0.00391124
 0.00940924 0.0149942 0.0220272 0.0302756 0.0393882 0.0488072 0.0576985 0.0650935 0.0702153 0.0727326 0.07276 0.0706765 0.0669473 0.0620259 0.0563096 0.0501177 0.0436927 0.0372231 0.0308739 0.024808 0.0191932 0.0141941 0.00995235 0.00655838 0.00402591
 0.00941521 0.0149816 0.0219679 0.0301318 0.039125 0.0484105 0.0571899 0.0645302 0.0696732 0.0722812 0.0724417 0.0705 0.0668959 0.0620742 0.0564397 0.0503267 0.0439865 0.0376017 0.0313191 0.0252815 0.0196468 0.0145856 0.0102574 0.00677343 0.00416336
 0.0102217 0.016115 0.0233439 0.0315578 0.0403514 0.0492148 0.0574478 0.0642395 0.0689308 0.0712398 0.0712678 0.0693422 0.0658627 0.0612249 0.0557904 0.0498667 0.0436961 0.0374614 0.031308 0.0253717 0.0198011 0.0147628 0.0104224 0.00690475 0.00425468
 0.0109804 0.0172974 0.025019 0.0337316 0.0429382 0.0520115 0.0601286 0.0664036 0.0702115 0.0714312 0.0703955 0.0676377 0.0636636 0.0588638 0.0535222 0.0478468 0.0419956 0.0360954 0.0302606 0.0246099 0.0192811 0.0144338 0.0102313 0.00680361 0.00420608
 0.0108472 0.0172099 0.0251249 0.0342443 0.0440769 0.0539037 0.0627217 0.0694344 0.073255 0.074006 0.0720882 0.0682062 0.0630908 0.0573435 0.0513829 0.0454475 0.0396385 0.0339833 0.028497 0.023223 0.018251 0.0137124 0.00975741 0.00651323 0.00404095
 0.0104906 0.0166665 0.0243836 0.0333422 0.043118 0.0530712 0.0622657 0.0696154 0.0742429 0.0757773 0.0743856 0.0705991 0.0651153 0.0586526 0.0518402 0.0451331 0.0387799 0.0328568 0.0273435 0.0222036 0.0174426 0.013127 0.00936738 0.00627393 0.00390601
 0.0104037 0.0164989 0.0240837 0.0328499 0.0423854 0.0520961 0.0611253 0.0684801 0.0733548 0.075391 0.0746842 0.0716139 0.0666866 0.0604636 0.0535188 0.0463785 0.0394523 0.0329915 0.0270959 0.0217665 0.0169774 0.0127322 0.00908007 0.00608939 0.00380009
 0.0104857 0.0166138 0.0242203 0.0329798 0.0424624 0.0520608 0.060917 0.068058 0.072727 0.0746402 0.0739693 0.071133 0.0666065 0.0608445 0.0542759 0.0473067 0.0403079 0.0335871 0.0273605 0.0217442 0.0167786 0.0124736 0.00884435 0.00591426 0.00368863
 0.010464 0.016584 0.0241848 0.0329428 0.0424262 0.0520206 0.0608562 0.0679484 0.0725356 0.074344 0.0735755 0.0706957 0.0662268 0.060643 0.0543434 0.0476556 0.0408554 0.0341869 0.0278659 0.0220666 0.0169095 0.0124641 0.00876536 0.00582328 0.00361625
 0.0105223 0.0166749 0.0243143 0.0331133 0.0426354 0.0522601 0.0611088 0.0681864 0.0727214 0.0744352 0.0735343 0.0705031 0.0658972 0.0602328 0.0539415 0.0473551 0.0407145 0.0342024 0.0279779 0.0221928 0.0169862 0.01247 0.00871689 0.00575261 0.00355062
 0.0103276 0.0163863 0.0239325 0.0326587 0.0421446 0.0517784 0.0606833 0.0678611 0.0725308 0.0743962 0.0736392 0.070719 0.0661752 0.0605252 0.0542197 0.0476182 0.0409823 0.0344945 0.0282933 0.0225043 0.0172548 0.0126662 0.00883461 0.00580727 0.00356666
 0.0101398 0.0161115 0.0235762 0.0322467 0.0417168 0.0513784 0.0603491 0.0676207 0.0724014 0.074383 0.0737353 0.0709057 0.0664249 0.0608057 0.0545012 0.0478806 0.0412201 0.0347147 0.0285054 0.0227096 0.0174424 0.0128197 0.00894304 0.00587117 0.00359659
 0.0100587 0.0159818 0.0233856 0.0319883 0.0413935 0.0510085 0.0599692 0.0672809 0.0721518 0.0742576 0.0737418 0.0710275 0.0666308 0.0610609 0.0547747 0.0481486 0.0414678 0.0349363 0.0287021 0.0228845 0.0175953 0.0129467 0.00903898 0.00593504 0.00363297
 0.0102143 0.0161843 0.0235977 0.0321442 0.0414182 0.0508468 0.0596117 0.0667709 0.0715715 0.0737027 0.0732966 0.0707468 0.0665327 0.0611289 0.0549686 0.0484189 0.0417686 0.035233 0.0289736 0.0231205 0.0177921 0.0131032 0.00915598 0.00601547 0.00368275
 0.0103181 0.0163579 0.0238648 0.0325209 0.0418993 0.0513892 0.0601281 0.0671454 0.0717001 0.0735378 0.0728701 0.0701567 0.0659035 0.0605686 0.0545422 0.0481441 0.0416274 0.0351902 0.0289918 0.0231694 0.0178513 0.0131604 0.00920416 0.00605162 0.00370678
 0.0100048 0.0159208 0.0233412 0.0319935 0.0414747 0.0511633 0.0601519 0.0674085 0.0721333 0.0740327 0.07331 0.0704533 0.0660243 0.0605428 0.0544399 0.0480416 0.0415779 0.0352118 0.0290736 0.023286 0.0179762 0.0132739 0.00929564 0.00611808 0.00375045
 0.0100259 0.0159196 0.0232774 0.0318167 0.04115 0.0507031 0.0596358 0.066968 0.0719016 0.0740837 0.0736235 0.0709257 0.0665165 0.0609372 0.0546783 0.0481319 0.041572 0.0351723 0.0290468 0.0232913 0.0180107 0.0133238 0.00934658 0.00616057 0.00378091
 0.0101538 0.0161024 0.0235034 0.0320536 0.0413462 0.0507973 0.0595727 0.06672 0.0714907 0.0735903 0.0731675 0.0706203 0.066419 0.061027 0.0548763 0.0483456 0.041738 0.0352725 0.0290978 0.0233209 0.0180395 0.0133586 0.0093843 0.00619487 0.00380741
 0.0104372 0.0165596 0.0241821 0.0329869 0.0425358 0.0521908 0.0610466 0.0680872 0.0725412 0.0741537 0.0731679 0.0700982 0.0655104 0.0599109 0.053716 0.0472495 0.0407543 0.0344107 0.028356 0.0227009 0.0175454 0.0129893 0.00912804 0.00603078 0.00371072
 0.0103711 0.0164712 0.0240861 0.0329144 0.0425323 0.0523088 0.0613329 0.0685641 0.0731868 0.0748908 0.0738728 0.0706356 0.06578 0.059883 0.0534351 0.0468072 0.0402486 0.0339154 0.027912 0.0223246 0.0172413 0.0127567 0.00896208 0.00592177 0.0036454
 0.0103216 0.0163812 0.0239347 0.0326807 0.0422062 0.0519059 0.0609054 0.068198 0.0729801 0.0749199 0.0741615 0.0711399 0.0663983 0.060488 0.0539167 0.0471058 0.040364 0.033891 0.0278065 0.0221889 0.017109 0.0126453 0.00887778 0.00586404 0.00360973
 0.0104423 0.016561 0.0241736 0.0329643 0.0425058 0.0521812 0.0611107 0.0682942 0.0729506 0.074784 0.0739737 0.0709706 0.0663024 0.0604797 0.0539647 0.0471522 0.0403548 0.0338003 0.0276427 0.0219842 0.0169007 0.0124622 0.00873484 0.00576349 0.00354569
 0.0103857 0.0164897 0.0241042 0.032924 0.0425232 0.0522728 0.0612696 0.0684882 0.0731328 0.0749102 0.0740196 0.0709417 0.0662311 0.0604104 0.0539322 0.0471647 0.0403924 0.0338291 0.027635 0.0219316 0.0168146 0.0123639 0.00864418 0.00569233 0.00349693
 0.0103842 0.0164643 0.0240252 0.032755 0.0422366 0.0518708 0.0607985 0.0680308 0.0727795 0.0747228 0.0740109 0.0710799 0.066464 0.0606907 0.0542306 0.0474674 0.0406898 0.0341061 0.0278717 0.022111 0.0169312 0.0124256 0.00866752 0.00569467 0.00349132
 0.0106643 0.0168826 0.0245839 0.0334258 0.0429618 0.0525705 0.0613811 0.0684108 0.0729012 0.0745816 0.0736564 0.0705953 0.0659334 0.0601747 0.0537612 0.0470569 0.0403418 0.0338201 0.0276426 0.021929 0.0167849 0.0123066 0.00857195 0.00562163 0.00343985
 0.0107402 0.0170301 0.0248482 0.033859 0.0436033 0.0534193 0.062374 0.0694229 0.073775 0.0751744 0.0738817 0.070443 0.0654637 0.0594916 0.0529785 0.0462707 0.0396168 0.0331909 0.0271207 0.0215118 0.0164621 0.0120645 0.00839656 0.00550023 0.00336071
 0.0104019 0.0165383 0.0242188 0.0331506 0.0429099 0.0528515 0.0620372 0.0693944 0.0740816 0.0757746 0.0746677 0.071269 0.0661908 0.0600292 0.0533008 0.0464068 0.0396244 0.0331294 0.0270351 0.0214281 0.0163912 0.0120084 0.00835368 0.00546842 0.00333817
 0.00998877 0.0158896 0.0232887 0.0319218 0.0414083 0.0511633 0.0603196 0.0678647 0.0729718 0.0752662 0.0748362 0.0720631 0.067453 0.0615444 0.0548553 0.0478358 0.0408351 0.0340962 0.0277767 0.0219818 0.016795 0.0122941 0.00854725 0.00559199 0.00341141
 0.00982275 0.0155923 0.0227916 0.0311461 0.0402868 0.0496739 0.0585192 0.0659022 0.071071 0.0736819 0.0737997 0.0717301 0.0678658 0.0626203 0.0564088 0.0496292 0.0426391 0.0357374 0.0291577 0.0230734 0.0176138 0.0128795 0.00894523 0.00584745 0.00356469
 0.0102548 0.0162313 0.0236311 0.0321285 0.0413047 0.0505828 0.0591554 0.0661107 0.0707464 0.0728133 0.0724958 0.0702033 0.0663779 0.0614088 0.0556241 0.0493046 0.0427019 0.0360522 0.0295798 0.0234902 0.0179614 0.0131372 0.00911952 0.00595644 0.00362796
 0.0105873 0.0167733 0.0244462 0.0332659 0.0427769 0.0523338 0.061036 0.067883 0.0721303 0.0735607 0.0724612 0.0693852 0.0649193 0.0595605 0.0536804 0.0475295 0.0412696 0.0350233 0.0289177 0.023104 0.0177515 0.0130251 0.00905677 0.00591849 0.00360414
 0.0107071 0.0169995 0.0248448 0.0339187 0.0437623 0.0536954 0.0627477 0.0698296 0.0741117 0.0753222 0.0737406 0.0699701 0.0647018 0.0585724 0.0520902 0.0455994 0.0392848 0.0332212 0.0274416 0.0219962 0.0169783 0.0125154 0.0087353 0.00572325 0.00349035
 0.010434 0.0166366 0.0244507 0.0336038 0.0436663 0.0539463 0.0634235 0.0709354 0.0755763 0.0770042 0.0754426 0.0714632 0.0657659 0.0590453 0.051912 0.044832 0.0380965 0.0318371 0.0260807 0.0208181 0.0160607 0.0118627 0.00830629 0.00546033 0.00333936
 0.00961834 0.015413 0.0228051 0.0316047 0.0414633 0.0517564 0.0615115 0.0695815 0.0750202 0.0773766 0.0767157 0.0734496 0.0681627 0.0615056 0.0541196 0.0465631 0.0392557 0.0324579 0.0262905 0.020781 0.0159224 0.0117194 0.00820053 0.00539754 0.00330815
#obs surv len freq
 0.00496768 0.00813922 0.0123843 0.0177176 0.024013 0.0309035 0.0377603 0.0438566 0.0486389 0.0519046 0.0537729 0.0545313 0.0545026 0.0539871 0.0532469 0.0524958 0.0518783 0.0514283 0.051007 0.0502455 0.048562 0.0453264 0.0401618 0.0332367 0.0253317
 0.00518917 0.00849816 0.0129227 0.0184744 0.0250182 0.0321673 0.039262 0.0455384 0.0504121 0.0536635 0.0554084 0.0559397 0.0555903 0.0546732 0.0534679 0.0522108 0.0510748 0.0501291 0.0492748 0.0481854 0.0463191 0.0430738 0.0380768 0.0314668 0.0239632
 0.00542831 0.0088895 0.0135162 0.019318 0.0261474 0.0335909 0.0409474 0.0474078 0.0523557 0.0555618 0.0571514 0.0574342 0.0567577 0.0554448 0.0537821 0.0520152 0.0503336 0.0488348 0.047463 0.0459481 0.0438095 0.0404947 0.0356488 0.0293814 0.0223376
 0.00566153 0.00927348 0.0141032 0.02016 0.0272865 0.0350436 0.0426875 0.0493606 0.0544075 0.0575816 0.059013 0.0590298 0.0580026 0.0562748 0.0541469 0.0518717 0.0496452 0.0475803 0.0456556 0.0436583 0.0411809 0.0377394 0.0330129 0.027089 0.0205342
 0.00589969 0.00966436 0.0146986 0.021011 0.0284344 0.0365046 0.0444376 0.0513284 0.0564833 0.0596373 0.0609213 0.0606776 0.059297 0.0571445 0.0545394 0.0517486 0.0489767 0.0463476 0.0438652 0.0413669 0.0385184 0.0349125 0.0302759 0.0246836 0.0186256
 0.00612321 0.010031 0.0152567 0.0218081 0.029509 0.0378725 0.0460773 0.0531754 0.0584385 0.061585 0.0627465 0.0622762 0.0605796 0.0580375 0.0549845 0.0517003 0.0484008 0.0452229 0.0421945 0.0391984 0.0359691 0.0321765 0.0275997 0.0223099 0.016727
 0.00637185 0.0104375 0.0158725 0.0226822 0.0306777 0.0393443 0.0478173 0.055101 0.0604323 0.0635186 0.0645024 0.0637591 0.0617179 0.0587787 0.0552897 0.0515387 0.0477466 0.0440584 0.0405216 0.0370594 0.0334704 0.0294984 0.024976 0.0199752 0.0148523
 0.00663982 0.0108734 0.0165288 0.0236073 0.031906 0.040881 0.0496222 0.0570839 0.0624654 0.0654617 0.0662271 0.0651645 0.0627343 0.0593657 0.0554279 0.0512202 0.0469673 0.0428162 0.0388261 0.0349518 0.0310472 0.026923 0.0224624 0.0177405 0.0130563
 0.0068449 0.0112179 0.0170676 0.0243978 0.0329956 0.0422869 0.0513127 0.0589725 0.0644248 0.06735 0.0679132 0.0665419 0.0637274 0.0599284 0.0555402 0.0508805 0.0461843 0.041604 0.0372077 0.0329739 0.0288005 0.0245538 0.0201603 0.0156978 0.0114151
 0.00705578 0.0115602 0.0175825 0.0251243 0.0339653 0.0435135 0.0527792 0.0606233 0.0661684 0.0690713 0.0694902 0.0678621 0.0647001 0.060493 0.0556667 0.0505648 0.0454396 0.0404544 0.0356887 0.031141 0.0267436 0.0224061 0.0180885 0.0138682 0.0099492
 0.0072814 0.0119292 0.018141 0.0259151 0.0350169 0.0448255 0.0543084 0.0622826 0.0678427 0.0706429 0.0708585 0.0689508 0.0654543 0.0608751 0.0556553 0.0501549 0.0446418 0.0392937 0.0342049 0.0293938 0.0248221 0.0204328 0.0162095 0.0122251 0.00864194
 0.00741282 0.0121503 0.0184879 0.0264268 0.0357279 0.0457532 0.0554407 0.0635708 0.0692071 0.0719867 0.0720846 0.0699746 0.0662111 0.0613222 0.0557689 0.0499257 0.0440727 0.0383999 0.0330173 0.0279654 0.0232336 0.018794 0.0146477 0.0108604 0.00755776
 0.00751616 0.0123153 0.0187314 0.0267642 0.0361732 0.0463172 0.0561269 0.0643708 0.0700971 0.0729264 0.0730185 0.0708372 0.0669351 0.0618465 0.0560462 0.049926 0.0437826 0.0378221 0.0321721 0.0268951 0.022007 0.0175056 0.0134071 0.00977052 0.00668952
 0.00759162 0.0124343 0.0189037 0.0269967 0.036469 0.0466751 0.0565407 0.0648306 0.0705919 0.073447 0.0735561 0.0713779 0.067453 0.0623018 0.056389 0.0501051 0.043756 0.0375643 0.0316801 0.0261922 0.021145 0.0165626 0.0124759 0.00893938 0.00602089
 0.00765731 0.0125345 0.0190424 0.0271732 0.0366791 0.0469123 0.0567971 0.065098 0.0708633 0.0737186 0.0738288 0.0716552 0.0677361 0.0625832 0.0566469 0.0503036 0.0438504 0.0375124 0.0314538 0.0257885 0.0205913 0.0159153 0.0118095 0.00832842 0.00552072
 0.00771638 0.0126255 0.0191695 0.0273366 0.0368739 0.0471289 0.0570214 0.0653135 0.0710551 0.0738784 0.0739579 0.0717632 0.0678364 0.0626863 0.0567546 0.0504044 0.0439187 0.0375134 0.0313533 0.0255657 0.02025 0.0154868 0.0113467 0.00788992 0.00515352
 0.00775686 0.0126881 0.0192578 0.0274513 0.0370129 0.0472865 0.0571885 0.0654777 0.0712031 0.0739995 0.0740471 0.0718224 0.0678739 0.0627134 0.0567813 0.050434 0.0439441 0.0375158 0.031307 0.0254477 0.0200508 0.0152182 0.0110406 0.00758817 0.00489332
 0.00783494 0.0128069 0.0194213 0.0276571 0.0372527 0.0475469 0.0574514 0.0657218 0.0714067 0.0741447 0.074124 0.0718308 0.0678224 0.0626172 0.056659 0.0503026 0.0438144 0.0373888 0.0311737 0.0252935 0.0198646 0.0150004 0.0108057 0.00736073 0.00469762
 0.00783953 0.0128179 0.0194441 0.0276986 0.0373188 0.0476393 0.0575657 0.0658475 0.0715305 0.0742548 0.0742126 0.0718943 0.0678598 0.0626295 0.0566488 0.0502744 0.0437732 0.0373376 0.0311112 0.0252143 0.0197625 0.0148743 0.0106634 0.00721733 0.00457
 0.00786916 0.0128569 0.019486 0.0277331 0.0373355 0.047634 0.0575443 0.0658244 0.071522 0.0742716 0.0742555 0.0719552 0.0679269 0.0626917 0.0566983 0.0503071 0.0437883 0.0373355 0.0310922 0.0251774 0.0197065 0.0147999 0.0105757 0.00712616 0.00448673
 0.00787956 0.0128724 0.0195064 0.027756 0.0373558 0.0476438 0.0575341 0.0657873 0.0714585 0.074193 0.0741816 0.0719073 0.0679187 0.0627241 0.0567611 0.0503845 0.0438648 0.0373998 0.0311373 0.0251998 0.0197052 0.0147768 0.010536 0.00707771 0.00443851
 0.00791396 0.0129228 0.019572 0.0278322 0.0374355 0.0477186 0.0575959 0.0658281 0.0714712 0.0741727 0.0741286 0.0718297 0.0678317 0.0626455 0.0567051 0.0503565 0.0438608 0.0374098 0.0311499 0.0252059 0.0196996 0.0147584 0.0105071 0.00704349 0.00440485
 0.00789269 0.0128903 0.019527 0.0277748 0.0373669 0.0476414 0.0575137 0.065746 0.0713958 0.0741113 0.0740871 0.0718116 0.0678376 0.0626748 0.0567563 0.050428 0.0439489 0.0375075 0.0312473 0.0252924 0.019767 0.0148028 0.0105297 0.00704907 0.00440012
 0.00790626 0.0129052 0.0195364 0.0277683 0.0373341 0.0475764 0.0574192 0.0656334 0.071281 0.0740095 0.0740093 0.071763 0.0678194 0.0626854 0.0567926 0.050486 0.044024 0.0375939 0.0313377 0.0253785 0.0198407 0.0148586 0.010566 0.00706828 0.00440706
 0.00788047 0.0128671 0.0194856 0.0277062 0.037262 0.0474939 0.0573239 0.0655232 0.0711583 0.0738839 0.0738969 0.0716819 0.0677831 0.062699 0.0568526 0.0505827 0.0441454 0.0377279 0.0314732 0.0255056 0.0199512 0.0149467 0.0106297 0.00710936 0.0044302
 0.00787223 0.0128462 0.0194408 0.0276237 0.0371305 0.0473115 0.0571029 0.0652888 0.0709403 0.0737068 0.0737746 0.0716187 0.067778 0.062749 0.056953 0.0507257 0.0443193 0.0379183 0.031665 0.0256852 0.0201078 0.0150736 0.0107244 0.00717387 0.00446992
 0.00783045 0.0127836 0.0193559 0.0275176 0.0370043 0.0471649 0.056934 0.0650974 0.0707335 0.0735015 0.0735959 0.0714923 0.0677221 0.0627696 0.0570447 0.0508757 0.044511 0.0381341 0.0318872 0.0258973 0.0202962 0.0152288 0.0108427 0.00725658 0.0045226
 0.00783995 0.0127905 0.0193509 0.0274875 0.0369368 0.0470543 0.0567857 0.0649266 0.0705584 0.0733368 0.0734505 0.071372 0.0676345 0.0627247 0.0570515 0.0509378 0.0446241 0.0382863 0.0320622 0.0260773 0.0204649 0.015374 0.0109571 0.00733899 0.00457659
 0.00779126 0.0127187 0.0192561 0.0273733 0.036808 0.0469135 0.0566323 0.0647596 0.0703816 0.0731621 0.0732962 0.0712576 0.0675737 0.062723 0.0571077 0.0510465 0.0447776 0.038474 0.0322703 0.0262893 0.0206642 0.0155465 0.0110945 0.0074392 0.00464314
 0.00775772 0.0126582 0.0191548 0.0272167 0.0365866 0.0466304 0.0563085 0.0644311 0.0700882 0.0729347 0.0731498 0.0711927 0.067584 0.0628007 0.0572448 0.0512344 0.0450052 0.0387284 0.0325365 0.0265512 0.0209058 0.0157545 0.0112602 0.00756052 0.0047243
 0.00772151 0.0125985 0.0190632 0.0270841 0.0364043 0.046393 0.0560174 0.064099 0.0697407 0.0726081 0.0728835 0.0710197 0.0675219 0.0628491 0.0573896 0.0514539 0.0452767 0.0390302 0.0328485 0.0268545 0.0211833 0.0159922 0.0114495 0.00769962 0.00481785
 0.00930777 0.0148163 0.0217344 0.02982 0.0387189 0.0478827 0.0565035 0.0636539 0.0686052 0.0710702 0.0711907 0.0693476 0.0659807 0.061501 0.0562619 0.0505488 0.0445786 0.0385137 0.0324842 0.0266128 0.0210355 0.0159118 0.0114131 0.00768836 0.00481831
 0.00928816 0.015082 0.0226585 0.0318656 0.0422371 0.05284 0.0623091 0.0692557 0.0728629 0.0732043 0.0710396 0.0673099 0.0627407 0.0577374 0.0524803 0.047051 0.0415091 0.03592 0.0303621 0.0249322 0.0197527 0.0149744 0.0107629 0.00726413 0.00456029
 0.00895583 0.0145566 0.0219176 0.0309561 0.0413305 0.052271 0.0625363 0.0706977 0.0756476 0.0769817 0.0750245 0.0705799 0.0646215 0.0580378 0.0514626 0.0452151 0.0393572 0.0338187 0.0285168 0.0234242 0.0185884 0.0141219 0.0101726 0.00688015 0.00432751
 0.00877585 0.0142563 0.0214518 0.0302809 0.0404198 0.051148 0.0613144 0.0696097 0.0750287 0.0771782 0.0762379 0.0727188 0.067266 0.0605749 0.0533354 0.046137 0.0393699 0.0331922 0.0275848 0.0224577 0.0177487 0.0134723 0.00971339 0.00658045 0.00414675
 0.00872435 0.0141629 0.0212927 0.0300254 0.0400349 0.0506072 0.0606113 0.0687745 0.0741459 0.0763983 0.0757675 0.0727697 0.0679623 0.0618615 0.0549535 0.0477077 0.0405498 0.0338074 0.027666 0.022175 0.017306 0.013028 0.00935289 0.0063272 0.00398827
 0.0086964 0.0141201 0.0212324 0.0299442 0.0399263 0.0504581 0.0604016 0.0684813 0.0737547 0.0759188 0.0752512 0.0723177 0.0677112 0.0619392 0.0554151 0.048486 0.0414617 0.0346258 0.0282178 0.0224048 0.0172716 0.0128447 0.00913067 0.00613561 0.00385301
 0.00867196 0.0140791 0.0211685 0.0298517 0.0398015 0.0503021 0.0602207 0.0682847 0.0735482 0.0757019 0.0750197 0.0720762 0.067489 0.0617956 0.0554245 0.0487017 0.0418765 0.0351583 0.0287413 0.0228038 0.0174906 0.0128989 0.0090799 0.00604534 0.0037682
 0.00866662 0.0140657 0.0211394 0.0297971 0.0397116 0.0501713 0.0600513 0.0680879 0.0733414 0.0755034 0.0748429 0.0719274 0.0673703 0.0617136 0.0553982 0.0487605 0.0420452 0.0354343 0.0290828 0.0231413 0.0177578 0.0130618 0.00914457 0.00604458 0.00373897
 0.0086603 0.0140605 0.0211406 0.0298111 0.0397427 0.0502168 0.0600987 0.0681171 0.0733324 0.0754441 0.0747348 0.0717836 0.0672102 0.0615577 0.0552658 0.0486715 0.0420188 0.0354826 0.0292007 0.0233023 0.0179215 0.0131914 0.00922235 0.00607443 0.0037381
 0.00865616 0.0140523 0.021126 0.029788 0.0397112 0.0501807 0.0600661 0.0680971 0.0733297 0.0754545 0.0747453 0.0717787 0.0671795 0.0615013 0.0551944 0.0486027 0.0419721 0.0354741 0.0292377 0.0233789 0.0180191 0.0132861 0.00929488 0.00611751 0.00375592
 0.00861153 0.0139866 0.0210396 0.0296858 0.0396007 0.0500701 0.0599629 0.0680084 0.0732633 0.075418 0.0747436 0.0718102 0.067235 0.0615667 0.0552567 0.0486556 0.042018 0.0355219 0.0292967 0.0234531 0.0181042 0.0133706 0.00936649 0.00616851 0.00378582
 0.00864807 0.0140346 0.0210911 0.0297268 0.0396163 0.0500511 0.0599106 0.0679346 0.0731839 0.0753471 0.0746889 0.0717736 0.067215 0.0615597 0.0552581 0.0486605 0.0420237 0.0355291 0.0293094 0.0234756 0.0181373 0.0134105 0.00940592 0.00620087 0.00380784
 0.00862815 0.0140123 0.0210756 0.0297308 0.0396503 0.0501155 0.0599914 0.0680067 0.0732225 0.0753395 0.0746398 0.0717008 0.0671392 0.0614962 0.0552134 0.0486339 0.042011 0.035526 0.0293136 0.0234867 0.0181551 0.0134335 0.00943055 0.00622302 0.00382459
 0.00861686 0.0139913 0.0210398 0.0296759 0.0395762 0.05003 0.0599113 0.0679525 0.0732089 0.0753669 0.0746933 0.0717586 0.0671843 0.0615233 0.0552274 0.0486438 0.0420236 0.0355439 0.0293363 0.0235124 0.0181823 0.0134605 0.00945567 0.00624424 0.00384057
 0.00862299 0.0140013 0.0210545 0.0296954 0.0395985 0.0500507 0.0599241 0.067952 0.0731944 0.0753436 0.0746709 0.0717448 0.0671803 0.0615235 0.0552246 0.048634 0.0420084 0.035528 0.0293243 0.0235068 0.0181832 0.0134665 0.00946455 0.00625371 0.00384882
 0.00862299 0.0140013 0.0210545 0.0296954 0.0395985 0.0500507 0.0599241 0.067952 0.0731944 0.0753436 0.0746709 0.0717448 0.0671803 0.0615235 0.0552246 0.048634 0.0420084 0.035528 0.0293243 0.0235068 0.0181832 0.0134665 0.00946455 0.00625371 0.00384882
 0.00893469 0.0144926 0.0217629 0.030639 0.0407654 0.051386 0.0613208 0.0692578 0.0742419 0.0759947 0.0748528 0.0714636 0.066508 0.0605715 0.0541145 0.0474757 0.0408884 0.034507 0.0284398 0.022777 0.0176104 0.0130406 0.0091663 0.00605847 0.00373025
 0.0088305 0.0143621 0.0216389 0.0305779 0.0408341 0.0516398 0.0617815 0.0699029 0.0750068 0.0767843 0.0755596 0.0719887 0.0667829 0.0605726 0.0538655 0.0470366 0.0403364 0.0339179 0.0278754 0.0222794 0.0172025 0.0127285 0.00894374 0.0059111 0.00364013
 0.0087609 0.0142342 0.0214223 0.0302442 0.0403743 0.0510869 0.0612229 0.0694671 0.0748217 0.076926 0.0760202 0.072679 0.0675658 0.0613072 0.0544437 0.0474034 0.0404907 0.0338993 0.0277432 0.0220937 0.0170111 0.0125616 0.00881504 0.00582176 0.00358394
 0.0088739 0.0144036 0.0216489 0.0305141 0.0406574 0.0513384 0.0613909 0.0695093 0.0747273 0.0767321 0.0758042 0.0725274 0.067533 0.0613908 0.0545899 0.0475359 0.0405452 0.0338462 0.0275913 0.0218786 0.0167768 0.012346 0.00864074 0.00569598 0.00350229
 0.00888761 0.0144367 0.0217179 0.0306391 0.0408543 0.051607 0.061706 0.0698205 0.074972 0.0768569 0.0757873 0.072389 0.0673293 0.0611899 0.054442 0.0474532 0.0405034 0.0338041 0.0275156 0.0217589 0.0166259 0.0121886 0.00850048 0.00558697 0.00342748
 0.00878221 0.0142677 0.0214699 0.0303041 0.0404394 0.0511424 0.0612482 0.0694426 0.0747414 0.0768086 0.0759106 0.072637 0.067643 0.0615237 0.0547741 0.0477789 0.0408189 0.0340961 0.0277622 0.0219408 0.0167368 0.0122382 0.00850864 0.00557459 0.00340999
 0.00889645 0.0144352 0.0216873 0.0305542 0.0406933 0.051365 0.0614052 0.0695092 0.0747097 0.0766931 0.0757441 0.0724571 0.0674775 0.0613837 0.054658 0.047682 0.0407399 0.0340352 0.0277166 0.0219027 0.0166977 0.0121936 0.00846067 0.00552931 0.00337313
 0.00898534 0.0145871 0.021928 0.0309077 0.0411707 0.05195 0.0620437 0.0701137 0.075182 0.076956 0.0757654 0.0722555 0.0671096 0.0609213 0.0541674 0.0472113 0.0403173 0.0336732 0.0274177 0.0216631 0.0165096 0.0120482 0.00835037 0.00544841 0.0033171
 0.0088957 0.0144528 0.0217485 0.0306941 0.0409472 0.0517534 0.061919 0.0701025 0.0753062 0.0772029 0.0760861 0.0725811 0.0673772 0.0610952 0.0542448 0.0472139 0.0402757 0.0336141 0.0273583 0.021611 0.0164663 0.0120124 0.0083204 0.00542367 0.00329772
 0.00872032 0.0141636 0.021308 0.0300708 0.0401302 0.0507709 0.0608535 0.0690868 0.0744949 0.0767278 0.0760176 0.0729103 0.0680245 0.0619383 0.0551555 0.0480882 0.0410493 0.0342608 0.0278776 0.0220146 0.0167694 0.0122302 0.00846817 0.00551695 0.00335177
 0.00862672 0.0139958 0.0210267 0.0296302 0.0394893 0.0499125 0.059803 0.0679223 0.0733395 0.075729 0.0753172 0.0726132 0.0681726 0.0624989 0.05603 0.0491403 0.0421409 0.0352819 0.0287599 0.0227299 0.0173181 0.0126292 0.00874225 0.00569339 0.00345719
 0.00889231 0.0144092 0.021611 0.0303855 0.0403813 0.0508626 0.060685 0.0685786 0.0736231 0.0755551 0.0746998 0.0716659 0.0670732 0.061436 0.0551511 0.0485212 0.0417823 0.0351305 0.0287409 0.0227753 0.017381 0.0126852 0.00878298 0.00571922 0.00347174
 0.00913098 0.0148198 0.0222679 0.0313637 0.0417295 0.0525636 0.0626225 0.0705357 0.0753237 0.0767344 0.075173 0.0713713 0.0660821 0.05993 0.0533739 0.0467178 0.0401456 0.0337717 0.0276908 0.0220071 0.0168413 0.0123179 0.0085407 0.00556556 0.00337927
 0.00928578 0.015088 0.0227027 0.0320267 0.0426786 0.0538315 0.0641914 0.0723192 0.0771651 0.078424 0.0764826 0.0721009 0.066109 0.0592443 0.0520853 0.045028 0.0382953 0.0319826 0.026122 0.0207391 0.0158854 0.0116399 0.0080864 0.00527806 0.00320828
 0.00933078 0.0151717 0.0228493 0.0322685 0.0430525 0.0543721 0.064921 0.0732387 0.0782453 0.0795993 0.0776475 0.0731163 0.066823 0.0595268 0.051867 0.0443273 0.0372193 0.0306989 0.0248116 0.0195513 0.0149108 0.0109075 0.00757833 0.00495146 0.0030136
 0.00912206 0.014841 0.0223707 0.0316312 0.0422733 0.0535081 0.0640785 0.0725636 0.0778907 0.0796798 0.0782003 0.074085 0.0680669 0.0608515 0.0530678 0.0452369 0.037747 0.0308465 0.0246599 0.0192232 0.0145276 0.0105576 0.00730643 0.00476532 0.00289937
#pred catch len freq
 0.0051432 0.00812411 0.0118195 0.016119 0.0209402 0.0262062 0.0317672 0.0373662 0.0426907 0.0474551 0.0514498 0.0545573 0.056754 0.0580968 0.0586882 0.0586352 0.0580229 0.0568982 0.0552444 0.0529371 0.0497199 0.0452699 0.0393893 0.0322433 0.0244622
 0.00548928 0.00861058 0.0124161 0.0167641 0.0215768 0.0268288 0.0324445 0.0382121 0.0437913 0.048793 0.052877 0.0558367 0.0576478 0.0584536 0.0584888 0.0579827 0.0570871 0.0558417 0.0541619 0.0518362 0.0485543 0.0440037 0.038052 0.030936 0.023314
 0.0059243 0.00927853 0.0133443 0.017942 0.0229495 0.0282975 0.0338797 0.0394878 0.0448343 0.0496172 0.0535648 0.0564671 0.0582192 0.0588612 0.0585759 0.0576288 0.0562711 0.0546433 0.0527101 0.0502487 0.0469077 0.0423487 0.0364483 0.0294699 0.0220801
 0.00631586 0.00989698 0.014242 0.019157 0.0244998 0.0301698 0.0360099 0.0417466 0.0470327 0.0515425 0.0550397 0.0574027 0.0586285 0.0588191 0.0581524 0.0568449 0.055109 0.0530946 0.050817 0.0481088 0.04465 0.0401091 0.0343573 0.0276449 0.0206089
 0.00669662 0.0104901 0.0150885 0.0202843 0.025925 0.0319016 0.0380414 0.0440369 0.0494876 0.0540043 0.0572964 0.0592248 0.0598242 0.0592857 0.0578917 0.0559345 0.0536514 0.0511814 0.0485304 0.0455458 0.0419432 0.0374246 0.0318716 0.0255118 0.0189265
 0.00708302 0.0110897 0.015939 0.0214054 0.0273209 0.0335645 0.0399494 0.0461485 0.0517371 0.0562988 0.0595125 0.0612065 0.0613925 0.0602653 0.0581514 0.0554204 0.0523944 0.0492783 0.0461152 0.0427736 0.0389903 0.0344893 0.0291586 0.0231971 0.0171182
