SBPRF35
12.7214
Curr Bio
801006
B35
889648
F35
0.169636
FOFL
0.151736
OFL
99786.7
Bzero
3.63469e+06
#pred survey bio
 3.73376e+06 3.6088e+06 3.49594e+06 3.33115e+06 3.10477e+06 2.87323e+06 2.62651e+06 2.37092e+06 2.13429e+06 1.88903e+06 1.67536e+06 1.51262e+06 1.32227e+06 1.1459e+06 1.0303e+06 908040 813822 736523 683157 647221 628435 604942 587819 567593 561627 564106 562225 558797 554829 561645 567470 579867 592244 602991 616476 640856 647452 670775 685066 696812 702711 699177 690213 688991 693359 702020 692613 697531 704397 708361 698492 731020 756247 780245 806135 2.81786e+07 1.65862e+07 1.66171e+07 1.73659e+07 1.86326e+07 2.01347e+07 2.16478e+07 2.30337e+07 2.42274e+07 2.52134e+07 2.60046e+07 2.66267e+07 2.7109e+07 2.74796e+07 2.77627e+07 2.79784e+07 2.81426e+07 2.82679e+07 2.83636e+07 2.8437e+07 2.84936e+07 2.85373e+07 2.85713e+07 2.85979e+07 2.86187e+07 2.86351e+07 2.86481e+07 2.86584e+07 2.86666e+07 2.86731e+07 2.86784e+07 2.86826e+07 2.8686e+07 2.86887e+07 2.8691e+07 2.86928e+07 2.86942e+07 2.86954e+07 2.86964e+07 2.86972e+07 2.86978e+07 2.86983e+07 2.86988e+07 2.86991e+07 2.86994e+07 2.86996e+07 2.86998e+07 2.87e+07 2.87001e+07 2.87002e+07 2.87003e+07 2.87004e+07 2.87004e+07 2.87005e+07 2.87005e+07 2.87006e+07 2.87006e+07 2.87006e+07 2.87006e+07 2.87006e+07 2.87006e+07 2.87007e+07 2.87007e+07 2.87007e+07 2.87007e+07 2.87007e+07 2.87007e+07 2.87007e+07 2.87007e+07 2.87007e+07 2.87007e+07 2.87007e+07 2.87007e+07 2.87007e+07 2.87007e+07 2.87007e+07 2.87007e+07 2.87007e+07 2.87007e+07 2.87007e+07 2.87007e+07 2.87007e+07 2.87007e+07 2.87007e+07 2.87007e+07 2.87007e+07 2.87007e+07 2.87007e+07 2.87007e+07 2.87007e+07 2.87007e+07 2.87007e+07 2.87007e+07 2.87007e+07 2.87007e+07 2.87007e+07 2.87007e+07 2.87007e+07 2.87007e+07 2.87007e+07 0 0 0 0 0 0 0 0 0 0 0 0 0 0 0 0 0 0 0 0 0 0 0 0 0
#obs survey bio
 3.78886e+06 4.02415e+06 4.00973e+06 4.20744e+06 1.96888e+06 3.34761e+06 2.22238e+06 2.68556e+06 1.53692e+06 1.83233e+06 1.1326e+06 1.35666e+06 933022 949255 1.12119e+06 780961 567952 934964 501251 513976 750734 646818 568713 536218 549498 539558 633403 429378 535105 705227 436898 645021 585353 689828 624300 488436 613400 600207 1.07503e+06 724620 789151 793587 517302 444694 636399 675888 660740 473574 766696 930578 822146 600423 783706 758644 983480
#pred catch bio
 96007.3 92097.3 148316 217132 237462 268973 295330 295630 319163 303564 268215 299353 288866 235805 240332 212294 193138 167600 148462 130929 132474 124613 124846 110884 103090 106131 106291 105458 95567.6 96337.5 91474.1 92882.4 95465.8 94294.4 86962.3 103590 90371.1 99089.6 101331 106087 113574 117602 111239 107592 105086 120423 107587 106119 108440 119034 82536.1 89520.5 89859.1 86038.6 103610 99786.7 108454 107337 110574 117930 127199 136605 145141 152370 158209 162765 166231 168815 170713 172091 173081 173787 174288 174642 174890 175064 175186 175271 175330 175371 175400 175419 175433 175442 175449 175453 175457 175459 175460 175461 175462 175462 175463 175463 175463 175463 175463 175463 175463 175463 175464 175464 175464 175464 175464 175464 175464 175464 175464 175464 175464 175464 175464 175464 175464 175464 175464 175464 175464 175464 175464 175464 175464 175464 175464 175464 175464 175464 175464 175464 175464 175464 175464 175464 175464 175464 175464 175464 175464 175464 175464 175464 175464 175464 175464 175464 175464 175464 175464 175464 175464 175464 175464 175464 175464 0 0 0 0 0 0 0 0 0 0 0 0 0 0 0 0 0 0 0 0 0 0 0 0 0
#obs catch bio
 0 91698.5 148238 216925 237184 268729 296004 295922 320688 306567 270324 302618 293492 238249 243410 214964 195701 169414 150084 131784 133122 125466 126160 111716 103910 106609 106822 106276 95912.8 96481.4 91393.4 93224.1 95792.4 94572.8 86923.7 104290 90727.1 99492.4 101189 105832 113086 116964 111268 108313 105561 121293 107943 106736 108683 119446 82310.1 89731.6 90079.1 86103.2 103750
#pred cpue bio
 3.67699e+06 3.55381e+06 3.4428e+06 3.279e+06 3.0533e+06 2.82218e+06 2.57608e+06 2.32141e+06 2.08566e+06 1.84171e+06 1.62934e+06 1.46757e+06 1.27929e+06 1.10525e+06 991096 870998 778676 703340 651693 617086 599051 576376 559818 540317 534666 537260 535668 532552 528896 535739 541569 553549 565474 575911 589049 612732 619162 641961 656148 667861 673766 670336 661422 659889 663906 672346 663359 668258 675059 679118 669751 701754 726963 751093 777471 2.72401e+07 1.60575e+07 1.59445e+07 1.6489e+07 1.7664e+07 1.91386e+07 2.06448e+07 2.2029e+07 2.32224e+07 2.42084e+07 2.49995e+07 2.56216e+07 2.61039e+07 2.64745e+07 2.67576e+07 2.69733e+07 2.71376e+07 2.72628e+07 2.73585e+07 2.74319e+07 2.74885e+07 2.75322e+07 2.75662e+07 2.75928e+07 2.76136e+07 2.76301e+07 2.7643e+07 2.76533e+07 2.76615e+07 2.7668e+07 2.76733e+07 2.76775e+07 2.76809e+07 2.76836e+07 2.76859e+07 2.76877e+07 2.76891e+07 2.76903e+07 2.76913e+07 2.76921e+07 2.76927e+07 2.76933e+07 2.76937e+07 2.7694e+07 2.76943e+07 2.76946e+07 2.76947e+07 2.76949e+07 2.7695e+07 2.76951e+07 2.76952e+07 2.76953e+07 2.76954e+07 2.76954e+07 2.76954e+07 2.76955e+07 2.76955e+07 2.76955e+07 2.76955e+07 2.76955e+07 2.76956e+07 2.76956e+07 2.76956e+07 2.76956e+07 2.76956e+07 2.76956e+07 2.76956e+07 2.76956e+07 2.76956e+07 2.76956e+07 2.76956e+07 2.76956e+07 2.76956e+07 2.76956e+07 2.76956e+07 2.76956e+07 2.76956e+07 2.76956e+07 2.76956e+07 2.76956e+07 2.76956e+07 2.76956e+07 2.76956e+07 2.76956e+07 2.76956e+07 2.76956e+07 2.76956e+07 2.76956e+07 2.76956e+07 2.76956e+07 2.76956e+07 2.76956e+07 2.76956e+07 2.76956e+07 2.76956e+07 2.76956e+07 2.76956e+07 2.76956e+07 2.76956e+07 2.76956e+07 0 0 0 0 0 0 0 0 0 0 0 0 0 0 0 0 0 0 0 0 0 0 0 0 0
#obs cpue bio
 3.09878e+06 3.92819e+06 3.50853e+06 3.44099e+06 2.96053e+06 2.45397e+06 2.10774e+06 2.03399e+06 2.3158e+06 1.11764e+06 2.02036e+06 1.63765e+06 1.19645e+06 1.20589e+06 849907 790506 917493 497792 726604 786495 565604 403940 449017 531013 437398 702695 424750 544596 587068 528189 771464 343234 575465 507154 601841 614888 510842 844687 636998 714846 750546 703377 540947 563723 714599 706784 689506 757327 781867 639335 535015 734318 658493 714884 892589
#pred surv len freq
 0.0049488 0.00799435 0.0119565 0.0167933 0.022379 0.0284354 0.0344999 0.0400284 0.0445963 0.0480382 0.0504285 0.0519613 0.0528438 0.0532508 0.0533216 0.0531759 0.0529323 0.0527039 0.0525322 0.0522591 0.0514121 0.0492515 0.0450715 0.0386487 0.0305367
 0.00505692 0.00810407 0.0120038 0.0166892 0.0220469 0.0278627 0.0337703 0.0393052 0.0440574 0.0477992 0.0505037 0.0522821 0.0533158 0.0538078 0.0539466 0.0538827 0.0537231 0.0535276 0.0532702 0.0527515 0.0515205 0.0489273 0.0443889 0.0377794 0.0296769
 0.00526553 0.00842599 0.0124512 0.0172489 0.022669 0.028454 0.034204 0.0394583 0.0438677 0.0473114 0.0498648 0.0516796 0.0528969 0.053633 0.0539995 0.0541122 0.0540749 0.0539435 0.053667 0.0530133 0.051527 0.0486089 0.0437718 0.0369842 0.0288674
 0.00548268 0.00877735 0.0129762 0.017981 0.0236254 0.029619 0.0355103 0.0407776 0.0450254 0.0481284 0.050216 0.051544 0.0523692 0.0528864 0.053216 0.0534205 0.0535257 0.053517 0.053294 0.0525966 0.0509693 0.0478523 0.0428333 0.0359604 0.027896
 0.00574874 0.00920094 0.0135977 0.0188338 0.0247319 0.0309832 0.0371054 0.0425341 0.0468264 0.0498153 0.0516065 0.0524653 0.0527045 0.0526162 0.0524303 0.0522877 0.0522285 0.052191 0.0519956 0.051311 0.0496488 0.0464663 0.0414076 0.0345822 0.026681
 0.00600847 0.00961681 0.0142121 0.019683 0.025841 0.0323582 0.0387228 0.0443362 0.0487247 0.0516988 0.0533475 0.0539218 0.0537288 0.0530795 0.0522607 0.0515007 0.0509293 0.0505381 0.0501458 0.0493769 0.047694 0.0445347 0.0395592 0.0329063 0.0252746
 0.00628237 0.0100549 0.0148586 0.0205753 0.027005 0.0337993 0.0404162 0.0462211 0.0507106 0.0536789 0.0552108 0.055557 0.0550224 0.0539154 0.0525315 0.0511322 0.0499094 0.0489325 0.0480853 0.047025 0.0452137 0.042075 0.0372579 0.0308896 0.02364
 0.00660144 0.0105601 0.0155941 0.0215745 0.0282864 0.0353603 0.0422237 0.0482078 0.0527806 0.0557225 0.057119 0.0572291 0.0563658 0.0548415 0.0529524 0.0509661 0.0490975 0.0474643 0.0460203 0.0444961 0.042412 0.039221 0.0345706 0.0285544 0.0217786
 0.00690308 0.0110431 0.0163073 0.0225587 0.0295675 0.0369384 0.0440621 0.0502286 0.0548756 0.0577735 0.0590156 0.0588774 0.057687 0.0557663 0.0534141 0.0508971 0.0484345 0.046166 0.0440946 0.0420267 0.0395673 0.036238 0.0317124 0.0260547 0.0197903
 0.00721846 0.0115513 0.0170637 0.0236121 0.0309515 0.0386577 0.0460769 0.0524488 0.0571715 0.0599992 0.0610334 0.0605739 0.0589785 0.0565961 0.0537429 0.0506917 0.0476604 0.0447931 0.0421196 0.0395047 0.0366392 0.0331309 0.0287031 0.0234042 0.017677
 0.00753954 0.0120576 0.0177975 0.0246045 0.0322206 0.0402038 0.0478745 0.0544392 0.0592633 0.0620778 0.0629747 0.0622579 0.0603012 0.0574773 0.0541282 0.0505463 0.0469608 0.0435235 0.0402826 0.0371469 0.0338804 0.0301749 0.0258121 0.0208369 0.0156182
 0.00772684 0.0123675 0.018274 0.025292 0.0331549 0.0413993 0.0493113 0.0560604 0.0609858 0.0638101 0.0646292 0.0637533 0.061559 0.0584203 0.0546835 0.0506511 0.0465667 0.0425997 0.0388241 0.0351919 0.031532 0.0276119 0.0232696 0.0185538 0.0137717
 0.00801315 0.0128276 0.0189564 0.0262386 0.0343934 0.0429312 0.0510975 0.0580156 0.0629871 0.0657195 0.0663183 0.065122 0.0625426 0.0589853 0.0548164 0.0503447 0.0458124 0.041389 0.0371604 0.0331119 0.0291293 0.0250481 0.0207586 0.0163143 0.0119665
 0.00837562 0.0133954 0.0197714 0.027326 0.0357593 0.0445581 0.0529371 0.0599838 0.0649698 0.0675879 0.0679474 0.0664053 0.0634032 0.0593814 0.0547392 0.0498093 0.044844 0.0400136 0.0354067 0.0310266 0.0267996 0.0226158 0.0184087 0.0142358 0.0102991
 0.00852443 0.0136442 0.0201583 0.0278909 0.0365357 0.0455605 0.0541489 0.061354 0.0664222 0.0690359 0.0693058 0.0675949 0.0643506 0.0600213 0.05502 0.0496991 0.0443324 0.0391096 0.034137 0.0294409 0.0249809 0.0206886 0.0165297 0.0125633 0.00895089
 0.00874854 0.014003 0.0206883 0.0286227 0.0374888 0.0467348 0.0555144 0.0628456 0.0679453 0.0704822 0.0705722 0.068598 0.0650344 0.0603561 0.0549967 0.0493209 0.0436105 0.0380628 0.032796 0.027856 0.0232311 0.0188853 0.0148073 0.0110529 0.00774629
 0.00883084 0.0141487 0.0209299 0.0289987 0.0380359 0.0474758 0.0564456 0.0639314 0.0691229 0.0716728 0.0716922 0.0695675 0.0657842 0.0608337 0.0551699 0.0491777 0.0431549 0.0373112 0.0317773 0.0266165 0.0218411 0.0174414 0.0134236 0.00983838 0.00677777
 0.0088918 0.0142462 0.0210746 0.0292023 0.0383129 0.0478436 0.056922 0.0645279 0.0698361 0.0724774 0.0725397 0.0703917 0.0665125 0.0613986 0.0555176 0.0492724 0.0429799 0.0368683 0.0310863 0.0257168 0.0207946 0.0163319 0.0123481 0.00888863 0.00601798
 0.00900753 0.0144074 0.0212679 0.0293999 0.0384826 0.0479641 0.056996 0.0645843 0.0699216 0.0726403 0.0728136 0.0707833 0.0669954 0.0619177 0.0559999 0.0496429 0.0431759 0.0368489 0.0308383 0.025256 0.0201658 0.0156049 0.0116065 0.00821276 0.00546651
 0.00912209 0.0145778 0.0214936 0.0296672 0.0387645 0.0482242 0.0571941 0.064687 0.0699156 0.0725446 0.0726799 0.0706803 0.066984 0.0620266 0.0562149 0.0499115 0.0434244 0.0370037 0.0308445 0.0250904 0.0198414 0.0151667 0.0111201 0.00774685 0.00507431
 0.00916979 0.0146475 0.0215839 0.0297712 0.0388711 0.0483198 0.0572649 0.0647193 0.0698982 0.072473 0.0725623 0.0705428 0.0668682 0.0619783 0.0562664 0.0500658 0.0436489 0.0372391 0.0310236 0.0251605 0.0197801 0.0149875 0.0108649 0.00746973 0.00482336
 0.00924802 0.0147725 0.0217673 0.0300202 0.0391851 0.0486853 0.0576521 0.0650842 0.070191 0.0726513 0.0726023 0.0704446 0.0666559 0.0616955 0.0559675 0.0498012 0.04345 0.0371077 0.0309335 0.0250713 0.019657 0.0148165 0.0106572 0.00725348 0.00462913
 0.0092365 0.0147617 0.0217659 0.0300422 0.0392465 0.0487999 0.0578253 0.0653092 0.070448 0.0729089 0.0728231 0.0705937 0.0667106 0.0616524 0.055844 0.0496311 0.0432715 0.0369502 0.0308078 0.0249682 0.0195567 0.0147025 0.0105261 0.00711576 0.00450212
 0.00931291 0.0148723 0.0219075 0.0302042 0.0394155 0.0489663 0.0579875 0.0654723 0.0706173 0.0730831 0.0729895 0.0707294 0.0667887 0.0616509 0.0557545 0.0494628 0.0430497 0.0367076 0.0305738 0.0247596 0.0193764 0.0145447 0.010385 0.00699093 0.00439754
 0.0092939 0.0148413 0.0218604 0.030137 0.0393247 0.0488504 0.05785 0.0653244 0.0704798 0.0729836 0.0729562 0.0707802 0.0669222 0.0618445 0.0559705 0.0496617 0.0432034 0.0368058 0.0306216 0.0247702 0.0193623 0.0145146 0.0103443 0.00694481 0.00435216
 0.00922262 0.0147281 0.0216955 0.0299139 0.0390425 0.0485169 0.057484 0.0649559 0.0701458 0.0727213 0.0727971 0.0707462 0.0670222 0.062071 0.0562977 0.0500486 0.0436018 0.0371727 0.0309284 0.0250054 0.0195283 0.0146212 0.0104043 0.00697123 0.00435748
 0.0091904 0.014678 0.021624 0.0298185 0.0389214 0.0483687 0.0573083 0.0647558 0.0699295 0.0725042 0.0726009 0.070596 0.0669422 0.0620787 0.0563994 0.0502351 0.0438493 0.0374473 0.0311947 0.0252354 0.0197069 0.0147458 0.0104816 0.00701268 0.00437512
 0.00916638 0.0146408 0.0215715 0.0297498 0.0388372 0.0482704 0.0571986 0.0646376 0.0698059 0.0723781 0.0724762 0.0704801 0.066847 0.0620206 0.0563946 0.0502944 0.0439723 0.0376206 0.0313943 0.0254337 0.0198803 0.0148805 0.0105746 0.00706932 0.00440503
 0.00914317 0.0146046 0.0215201 0.0296822 0.038754 0.0481741 0.0570935 0.0645301 0.0697029 0.0722853 0.0723969 0.0704154 0.0667979 0.0619899 0.0563888 0.0503221 0.0440405 0.0377301 0.0315365 0.0255916 0.0200335 0.0150118 0.0106742 0.00713621 0.00444467
 0.00914801 0.0145935 0.0214689 0.0295586 0.0385276 0.0478324 0.0566544 0.0640419 0.0692319 0.0718954 0.0721333 0.0702974 0.0668207 0.0621317 0.0566198 0.0506124 0.0443652 0.0380694 0.0318739 0.025911 0.0203187 0.015249 0.0108561 0.00726345 0.00452531
 0.00926522 0.0147612 0.0216776 0.0297815 0.0387239 0.0479549 0.0566595 0.0639009 0.0689415 0.071485 0.0716623 0.0698403 0.0664454 0.0618818 0.0565079 0.0506256 0.0444756 0.0382453 0.0320858 0.026134 0.0205319 0.015436 0.0110061 0.00737307 0.00459768
 0.009215 0.0146993 0.02162 0.0297528 0.0387469 0.0480363 0.0567791 0.0640135 0.0689914 0.0714288 0.0714863 0.0695672 0.0661274 0.0615836 0.0562866 0.0505155 0.044483 0.0383525 0.0322617 0.0263441 0.0207454 0.0156296 0.011165 0.0074915 0.00467761
 0.00914522 0.0145911 0.0214683 0.0295597 0.038525 0.0478108 0.0565861 0.0638902 0.0689609 0.0714847 0.0715916 0.0696698 0.0661846 0.0615816 0.0562447 0.050473 0.0444796 0.0384119 0.0323852 0.0265141 0.0209353 0.0158127 0.0113217 0.00761172 0.00476064
 0.00910884 0.0145316 0.0213782 0.029432 0.0383556 0.0476016 0.056349 0.0636492 0.0687496 0.0713383 0.0715346 0.069705 0.0662899 0.0617191 0.0563778 0.0505828 0.04457 0.0385019 0.0324937 0.0266487 0.0210887 0.0159682 0.0114616 0.00772356 0.00484044
 0.00913302 0.014557 0.0213907 0.02941 0.0382754 0.047447 0.0561191 0.0633614 0.068436 0.0710389 0.0712894 0.0695468 0.066237 0.0617697 0.0565102 0.0507635 0.0447672 0.0386956 0.0326783 0.0268261 0.0212599 0.0161284 0.0116019 0.00783591 0.0049216
 0.00898718 0.014344 0.0211143 0.0290873 0.0379299 0.0470979 0.0557755 0.0630247 0.0681094 0.0707369 0.0710403 0.0693864 0.0661976 0.0618684 0.0567425 0.0511034 0.0451741 0.039126 0.0330957 0.0272067 0.0215911 0.0164048 0.0118214 0.00799973 0.00503467
 0.00893361 0.0142649 0.0210104 0.0289659 0.0378042 0.0469843 0.0556896 0.0629755 0.0680937 0.0707367 0.0710293 0.069343 0.0661182 0.061772 0.0566624 0.0510722 0.0452095 0.0392258 0.0332426 0.0273769 0.0217627 0.0165616 0.0119536 0.00810274 0.00510843
 0.00876707 0.014004 0.0206372 0.028473 0.037199 0.0462947 0.0549676 0.0622945 0.0675348 0.0703673 0.070884 0.0694165 0.0663721 0.0621523 0.0571178 0.0515661 0.0457208 0.0397409 0.033747 0.0278515 0.0221867 0.0169181 0.0122337 0.00830714 0.00524616
 0.00868966 0.0138799 0.0204535 0.0282185 0.0368659 0.0458818 0.0544851 0.0617683 0.0670065 0.0698905 0.0705148 0.0692016 0.0663364 0.0622926 0.0574052 0.0519574 0.0461717 0.0402151 0.0342176 0.0282973 0.0225892 0.0172613 0.0125073 0.00850927 0.00538344
 0.00867806 0.0138538 0.0204006 0.0281226 0.0367099 0.0456532 0.0541816 0.0613998 0.0665945 0.069465 0.0701125 0.068863 0.0661021 0.0621947 0.057459 0.0521554 0.0464862 0.0406064 0.0346436 0.0287211 0.0229813 0.0176002 0.0127803 0.00871266 0.0055226
 0.00868733 0.0138702 0.0204271 0.0281605 0.0367564 0.0456977 0.054204 0.0613744 0.0664971 0.0692834 0.0698526 0.0685496 0.0657746 0.0618989 0.0572386 0.0520427 0.0464945 0.0407277 0.034852 0.0289807 0.0232549 0.0178566 0.0129977 0.0088805 0.0056404
 0.00879989 0.0140374 0.0206495 0.0284282 0.0370521 0.0460007 0.0544928 0.0616251 0.0666826 0.0693739 0.0698219 0.0683844 0.0654819 0.0615097 0.056803 0.0516189 0.0461355 0.0404694 0.0347066 0.028938 0.0232889 0.0179349 0.0130905 0.00896632 0.00570775
 0.00893915 0.0142555 0.0209613 0.0288397 0.0375565 0.0465747 0.0550937 0.0621946 0.0671573 0.0697 0.0699656 0.0683337 0.0652435 0.0611064 0.0562729 0.0510152 0.0455203 0.0399029 0.0342355 0.028586 0.0230559 0.0178019 0.0130293 0.00894825 0.00571037
 0.00892399 0.0142466 0.020977 0.0289072 0.0377051 0.0468246 0.055446 0.0626262 0.0676247 0.0701484 0.0703396 0.068587 0.065346 0.0610474 0.0560617 0.0506792 0.045102 0.0394545 0.0338096 0.0282251 0.0227834 0.0176204 0.0129245 0.00889788 0.00569218
 0.00883766 0.0141165 0.0208015 0.0286949 0.037476 0.0466111 0.05529 0.0625722 0.0677066 0.0703752 0.0706875 0.0690032 0.0657631 0.061401 0.0563047 0.0507895 0.0450842 0.0393357 0.0336311 0.0280317 0.0226123 0.017493 0.0128451 0.008858 0.00567802
 0.00870987 0.0139206 0.0205294 0.0283478 0.0370661 0.0461615 0.0548365 0.0621633 0.0673982 0.07022 0.0707208 0.0692311 0.0661569 0.0619018 0.0568371 0.0512807 0.0454807 0.0396131 0.0337946 0.0281075 0.022635 0.0174937 0.0128438 0.00886247 0.00568756
 0.00877088 0.0140059 0.0206317 0.0284513 0.0371499 0.0462063 0.0548301 0.0621035 0.0672932 0.0700871 0.0705854 0.069123 0.0661034 0.061918 0.0569181 0.0514009 0.0456021 0.0396996 0.0338249 0.0280812 0.0225694 0.0174134 0.0127701 0.00880745 0.00565323
 0.00873535 0.0139517 0.0205566 0.0283544 0.0370309 0.046064 0.054663 0.0619123 0.0670846 0.0698767 0.0703972 0.0689856 0.0660433 0.0619528 0.0570514 0.0516183 0.0458729 0.0399829 0.0340809 0.0282826 0.022707 0.0174948 0.012812 0.00882677 0.00566213
 0.00863959 0.0138094 0.0203671 0.0281264 0.0367794 0.0458066 0.0544164 0.0616897 0.0668956 0.0697267 0.0702891 0.0689231 0.0660333 0.0620057 0.0571765 0.051818 0.0461366 0.0402863 0.0343904 0.0285644 0.022937 0.0176635 0.012924 0.00889469 0.00570045
 0.00855983 0.0136846 0.0201891 0.0278922 0.0364934 0.0454829 0.0540794 0.0613723 0.066631 0.0695396 0.070189 0.068905 0.0660847 0.0621143 0.0573351 0.0520241 0.0463874 0.0405729 0.0346943 0.0288602 0.0231992 0.0178742 0.0130774 0.00899609 0.0057615
 0.00856994 0.0137002 0.0202104 0.027918 0.03652 0.0455034 0.0540845 0.0613522 0.0665796 0.0694575 0.0700847 0.0687912 0.0659745 0.0620178 0.0572602 0.051978 0.0463771 0.0406028 0.0347628 0.0289571 0.0233075 0.0179765 0.0131606 0.00905516 0.00579844
 0.00829458 0.0132724 0.0196051 0.0271281 0.0355616 0.0444199 0.0529505 0.0602694 0.06566 0.0687988 0.0697486 0.0687953 0.0662953 0.0626022 0.0580375 0.0528727 0.0473197 0.0415357 0.0356417 0.0297487 0.0239876 0.0185293 0.0135815 0.00935245 0.00599144
 0.00811191 0.0129808 0.0191765 0.0265408 0.0348053 0.0435036 0.0519109 0.0591752 0.0646051 0.0678871 0.069075 0.0684299 0.0662726 0.0629165 0.0586464 0.0537065 0.0482948 0.042568 0.0366564 0.030686 0.0248043 0.0191992 0.0140959 0.00971908 0.00623205
 0.00769691 0.0123695 0.0183732 0.0255885 0.0337697 0.0424493 0.0508852 0.0582082 0.0637224 0.0671228 0.0684776 0.0680571 0.0661789 0.063138 0.0591877 0.0545352 0.0493447 0.0437502 0.0378743 0.0318499 0.025842 0.0200632 0.0147657 0.0102001 0.00654983
 0.00704315 0.0113775 0.0170148 0.0238913 0.0318164 0.0403688 0.0488417 0.0563817 0.0622749 0.0661594 0.0680269 0.0680845 0.0666216 0.0639363 0.0602954 0.0559099 0.0509317 0.0454715 0.039631 0.0335343 0.0273558 0.0213338 0.0157573 0.0109157 0.00702447
#obs surv len freq
 nan nan nan nan nan nan nan nan nan nan nan nan nan nan nan nan nan nan nan nan nan nan nan nan nan
 0.00448887 0.00735221 0.0111841 0.0160019 0.0217033 0.0279786 0.0342918 0.0400216 0.0446993 0.048161 0.0505167 0.0520103 0.0529005 0.0534111 0.0537239 0.0539777 0.0542555 0.0545477 0.0546861 0.0542779 0.0527161 0.0493487 0.0437993 0.0362805 0.0276655
 0.00461412 0.00755992 0.0115039 0.0164627 0.022326 0.0287647 0.0352127 0.0410159 0.0456824 0.0490423 0.0512175 0.0524751 0.053102 0.0533494 0.0534219 0.0534733 0.0535926 0.0537695 0.0538319 0.0533851 0.0518238 0.0485005 0.0430404 0.0356492 0.027183
 0.00478154 0.00783174 0.0119126 0.0170388 0.0230931 0.0297308 0.0363596 0.0422934 0.0470103 0.0503218 0.0523447 0.0533552 0.0536611 0.053544 0.0532428 0.0529428 0.0527574 0.0526903 0.0525764 0.0520243 0.0504339 0.0471626 0.0418351 0.0346429 0.0264125
 0.00497433 0.00814742 0.0123918 0.0177204 0.0240066 0.0308843 0.0377275 0.0438129 0.0485907 0.0518604 0.0537407 0.054516 0.0545047 0.0540024 0.0532694 0.0525203 0.0519015 0.0514495 0.0510265 0.0502639 0.0485795 0.0453428 0.0401764 0.0332488 0.025341
 0.00518344 0.0084899 0.012912 0.0184618 0.0250035 0.0321491 0.0392374 0.045504 0.050366 0.0536075 0.0553487 0.0558859 0.0555519 0.0546567 0.0534745 0.0522368 0.051114 0.0501753 0.0493235 0.0482339 0.0463658 0.0431172 0.0381151 0.0314986 0.0239874
 0.00540202 0.00884884 0.013459 0.0192439 0.0260583 0.0334912 0.0408434 0.0473074 0.052266 0.0554877 0.0570945 0.0573947 0.0567364 0.0554443 0.0538054 0.0520638 0.0504058 0.0489256 0.0475659 0.0460563 0.0439168 0.0405955 0.0357382 0.0294552 0.0223938
 0.00564208 0.00924057 0.0140515 0.020084 0.0271827 0.0349123 0.0425355 0.0492006 0.0542556 0.0574529 0.0589177 0.0589719 0.0579811 0.0562859 0.0541867 0.0519379 0.0497361 0.0476934 0.0457865 0.0438004 0.0413257 0.037878 0.0331369 0.0271917 0.0206124
 0.00587443 0.0096237 0.0146381 0.0209264 0.0283227 0.0363646 0.0442717 0.0511438 0.0562922 0.0594557 0.0607662 0.0605639 0.0592341 0.0571351 0.0545803 0.0518328 0.0490965 0.0464961 0.0440357 0.0415516 0.0387077 0.0350953 0.0304405 0.0248207 0.0187302
 0.00612972 0.010039 0.0152639 0.0218105 0.0295014 0.0378496 0.0460346 0.0531103 0.0583505 0.0614763 0.0626228 0.0621476 0.0604595 0.0579402 0.0549219 0.0516793 0.0484225 0.0452837 0.0422877 0.0393152 0.0360994 0.0323089 0.0277228 0.0224145 0.0168078
 0.00636476 0.0104276 0.0158604 0.0226689 0.0306642 0.0393298 0.0477988 0.0550737 0.0603914 0.0634608 0.0644277 0.0636713 0.061624 0.0586886 0.0552148 0.05149 0.0477327 0.0440829 0.0405829 0.0371509 0.0335819 0.0296176 0.0250903 0.0200742 0.0149297
 0.0066103 0.010827 0.0164621 0.0235187 0.031797 0.0407567 0.0494921 0.0569605 0.0623607 0.0653833 0.0661763 0.065137 0.0627238 0.059367 0.0554398 0.0512455 0.0470113 0.0428843 0.0389209 0.0350713 0.0311842 0.027066 0.0225983 0.0178579 0.013148
 0.00683492 0.0111987 0.0170332 0.0243412 0.0329105 0.0421712 0.0511712 0.0588172 0.0642727 0.0672185 0.0678156 0.0664847 0.0637097 0.0599437 0.0555799 0.0509375 0.0462551 0.0416888 0.0373083 0.0330908 0.02893 0.0246878 0.020288 0.0158087 0.0115022
 0.00707524 0.0115897 0.0176225 0.025173 0.0340176 0.0435608 0.0528102 0.0606262 0.0661345 0.0689995 0.0693887 0.0677463 0.0645875 0.0603976 0.0555964 0.0505212 0.0454208 0.0404578 0.0357124 0.0311836 0.0268024 0.0224757 0.018161 0.0139352 0.0100042
 0.00727477 0.0119222 0.0181375 0.0259207 0.0350371 0.0448625 0.0543591 0.0623377 0.0678888 0.0706665 0.0708503 0.0689086 0.0653843 0.0607897 0.0555694 0.0500815 0.0445892 0.0392651 0.0341997 0.0294095 0.0248547 0.0204771 0.016259 0.0122727 0.00868225
 0.00744526 0.0121993 0.0185548 0.0265107 0.0358264 0.0458634 0.055559 0.0636921 0.0693226 0.072084 0.0721487 0.0699921 0.0661747 0.061234 0.0556406 0.0497757 0.0439207 0.0382624 0.0329048 0.0278824 0.0231794 0.0187644 0.0146368 0.0108614 0.00756435
 0.00752353 0.0123318 0.0187642 0.0268219 0.036263 0.0464402 0.0562753 0.0645289 0.0702457 0.0730489 0.0731046 0.0708817 0.0669354 0.061802 0.0559594 0.0498041 0.0436384 0.0376718 0.0320314 0.0267758 0.021915 0.0174415 0.0133672 0.00974884 0.00667979
 0.00758492 0.0124234 0.0188877 0.0269759 0.0364464 0.0466574 0.0565381 0.0648543 0.0706486 0.0735348 0.0736638 0.0714879 0.0675475 0.062367 0.0564175 0.0500954 0.043712 0.0374953 0.0315984 0.0261108 0.0210745 0.0165089 0.01244 0.00891857 0.00601077
 0.00766137 0.0125397 0.0190474 0.0271759 0.0366772 0.046904 0.056783 0.0650817 0.0708515 0.07372 0.0738507 0.0716998 0.0677985 0.0626516 0.0567072 0.0503432 0.0438623 0.0374963 0.0314155 0.0257376 0.0205386 0.0158691 0.0117746 0.00830553 0.00550775
 0.00769315 0.0125898 0.0191196 0.0272723 0.0367968 0.0470421 0.0569301 0.0652248 0.0709778 0.0738223 0.0739321 0.0717743 0.0678866 0.0627714 0.0568638 0.0505219 0.0440281 0.0376017 0.0314143 0.0256004 0.0202644 0.0154892 0.0113441 0.00788697 0.00515197
 0.00776138 0.0126914 0.0192551 0.0274362 0.0369789 0.0472304 0.0571125 0.0653897 0.0711142 0.0739208 0.0739876 0.0717881 0.0678685 0.0627382 0.0568346 0.0505096 0.0440316 0.0376027 0.0313821 0.0255042 0.0200874 0.0152385 0.0110499 0.00759175 0.00489461
 0.00781375 0.0127753 0.0193786 0.0276043 0.0371909 0.0474765 0.0573721 0.0656338 0.0713129 0.0740526 0.0740445 0.071776 0.0678015 0.0626346 0.0567132 0.0503875 0.0439202 0.0375035 0.0312848 0.0253908 0.0199417 0.0150558 0.0108422 0.00738284 0.00471021
 0.00783672 0.0128103 0.0194273 0.0276671 0.0372681 0.0475686 0.0574794 0.0657546 0.0714413 0.0741771 0.0741504 0.0718493 0.0678341 0.0626262 0.0566712 0.0503236 0.0438463 0.0374276 0.0312082 0.0253076 0.0198436 0.014938 0.0107089 0.00724685 0.00458756
 0.00787828 0.0128697 0.0195013 0.0277478 0.0373449 0.0476324 0.0575259 0.0657855 0.0714627 0.074197 0.0741746 0.0718787 0.0678641 0.0626484 0.0566776 0.0503102 0.0438145 0.037382 0.0311531 0.0252446 0.0197714 0.0148556 0.0106186 0.00715584 0.00450525
 0.00788345 0.0128816 0.0195255 0.0277901 0.0374089 0.0477153 0.0576166 0.0658668 0.0715183 0.0742188 0.0741667 0.0718539 0.0678369 0.0626284 0.0566664 0.0503029 0.0438041 0.0373633 0.031124 0.0252052 0.0197226 0.0147989 0.0105571 0.00709436 0.00444985
 0.00787267 0.0128587 0.0194817 0.0277159 0.037298 0.047571 0.057455 0.0657141 0.0714014 0.0741555 0.07416 0.0718958 0.067915 0.0627315 0.0567858 0.0504306 0.0439308 0.0374791 0.0312202 0.0252763 0.0197668 0.0148183 0.0105562 0.00708005 0.00442947
 0.00789231 0.0128846 0.0195092 0.0277357 0.037298 0.0475389 0.0573824 0.0656005 0.071257 0.0740008 0.0740216 0.071798 0.067872 0.0627448 0.056846 0.0505231 0.0440404 0.0375919 0.0313246 0.0253634 0.0198315 0.0148591 0.0105759 0.00708399 0.00442414
 0.00788486 0.0128731 0.0194928 0.0277136 0.0372683 0.0474984 0.0573266 0.0655245 0.0711586 0.0738834 0.073896 0.0716818 0.0677861 0.0627062 0.0568627 0.0505919 0.0441485 0.0377216 0.0314579 0.0254855 0.0199321 0.0149336 0.0106246 0.0071112 0.0044361
 0.0078846 0.0128699 0.0194829 0.0276921 0.0372308 0.047443 0.0572555 0.0654436 0.0710746 0.0738012 0.0738183 0.0716106 0.0677255 0.0626642 0.0568493 0.0506149 0.0442095 0.0378142 0.0315692 0.0255999 0.0200359 0.0150176 0.0106852 0.00714981 0.00445752
 0.00785159 0.0128181 0.0194084 0.0275926 0.037106 0.0472957 0.0570922 0.0652754 0.0709165 0.0736692 0.0737254 0.0715644 0.0677266 0.0627077 0.0569284 0.0507232 0.0443418 0.0379645 0.0317292 0.0257583 0.0201805 0.0151383 0.0107768 0.00721273 0.00449631
 0.00784601 0.0128038 0.0193774 0.0275346 0.0370117 0.0471611 0.0569225 0.0650854 0.0707267 0.0735001 0.0735938 0.0714811 0.0676962 0.0627296 0.0569972 0.0508304 0.0444775 0.0381186 0.0318917 0.0259189 0.0203287 0.015265 0.0108762 0.00728368 0.00454206
 0.00781554 0.012755 0.0193051 0.0274341 0.0368794 0.0469952 0.0567254 0.0648653 0.0704989 0.0732859 0.0734167 0.0713621 0.0676489 0.0627578 0.0570948 0.0509843 0.0446709 0.0383341 0.0321129 0.0261314 0.0205203 0.0154266 0.0110027 0.00737481 0.00460194
 0.00779967 0.0127289 0.0192655 0.0273776 0.0368031 0.0468978 0.0566078 0.0647311 0.0703536 0.0731369 0.0732734 0.0712363 0.0675547 0.0627087 0.0571003 0.0510467 0.0447843 0.0384862 0.0322873 0.0263112 0.0206901 0.0155745 0.0111215 0.00746227 0.00466063
 0.00776852 0.012677 0.019185 0.0272612 0.0366463 0.0467019 0.0563829 0.0644959 0.0701312 0.0729487 0.0731344 0.0711535 0.0675288 0.0627372 0.05718 0.0511736 0.0449526 0.0386863 0.032506 0.0265321 0.0208971 0.0157542 0.0112654 0.00756825 0.00473193
 0.00772972 0.0126125 0.0190856 0.0271177 0.036452 0.0464562 0.0560951 0.064186 0.0698278 0.072683 0.0729339 0.0710368 0.0675031 0.0627988 0.057317 0.0513701 0.0451919 0.0389522 0.0327825 0.0268032 0.0211468 0.0159692 0.0114372 0.00769472 0.00481713
 0.00769014 0.0125499 0.0189946 0.0269941 0.0362931 0.0462619 0.0558688 0.0639365 0.0695696 0.0724354 0.072719 0.0708765 0.0674155 0.0627944 0.0573964 0.0515246 0.0454056 0.0392056 0.0330551 0.0270751 0.0214002 0.0161894 0.0116148 0.00782664 0.0049068
 0.00767123 0.0125151 0.0189347 0.0268987 0.0361533 0.0460748 0.0556412 0.0636847 0.0693152 0.0721998 0.0725194 0.0707254 0.0673227 0.0627676 0.0574405 0.0516393 0.0455838 0.0394331 0.0333125 0.0273408 0.0216534 0.0164127 0.0117968 0.00796302 0.00500022
 0.00766418 0.0125049 0.0189211 0.0268813 0.0361298 0.0460397 0.0555859 0.0635999 0.0691954 0.0720478 0.072347 0.0705515 0.0671676 0.0626493 0.0573725 0.0516299 0.0456354 0.0395415 0.0334662 0.0275226 0.0218431 0.016591 0.0119488 0.00808073 0.00508287
 0.00763348 0.0124587 0.0188587 0.0268046 0.0360433 0.0459493 0.0554978 0.0635188 0.069123 0.0719816 0.0722824 0.0704848 0.0671001 0.0625886 0.0573306 0.0516195 0.0456659 0.0396165 0.0335822 0.0276689 0.0220037 0.0167482 0.0120872 0.00819071 0.00516162
 0.0076185 0.0124318 0.0188137 0.0267352 0.035945 0.0458233 0.0553531 0.0633716 0.0689922 0.0718822 0.0722206 0.0704575 0.0670982 0.0626025 0.0573547 0.0516545 0.0457173 0.0396907 0.0336823 0.027792 0.0221405 0.0168853 0.012211 0.0082913 0.0052351
 0.00760192 0.0124102 0.0187908 0.0267166 0.0359357 0.0458236 0.0553567 0.0633676 0.0689703 0.0718386 0.0721601 0.0703909 0.0670367 0.0625528 0.0573192 0.0516329 0.0457102 0.039701 0.0337135 0.0278453 0.0222124 0.0169675 0.0122927 0.00836258 0.00529008
 0.00758675 0.0123837 0.018748 0.0266529 0.0358496 0.0457198 0.0552471 0.0632687 0.0688969 0.0717974 0.0721479 0.070398 0.0670538 0.0625751 0.0573461 0.0516661 0.0457512 0.0397507 0.0337727 0.027914 0.022289 0.0170472 0.0123687 0.00842811 0.00534071
 0.00755085 0.0123297 0.0186749 0.0265623 0.0357445 0.0456038 0.0551242 0.0631448 0.0687813 0.0717025 0.0720865 0.0703782 0.0670757 0.0626314 0.0574255 0.0517578 0.0458479 0.0398486 0.0338704 0.0280106 0.0223828 0.0171354 0.0124473 0.00849311 0.0053898
 0.00754488 0.0123145 0.018642 0.0265014 0.0356472 0.0454681 0.0549588 0.0629678 0.0686147 0.0715656 0.0719912 0.0703298 0.0670745 0.062674 0.0575053 0.0518651 0.0459715 0.0399782 0.0339982 0.0281317 0.0224939 0.0172338 0.0125304 0.00855906 0.00543823
 0.00753482 0.0123034 0.0186344 0.0265032 0.0356621 0.0454934 0.054983 0.0629738 0.0685875 0.0715 0.0718954 0.0702217 0.0669743 0.062598 0.0574625 0.0518572 0.0459948 0.0400254 0.0340608 0.0282016 0.0225645 0.0173 0.0125884 0.00860633 0.00547367
 0.00752847 0.01229 0.0186092 0.0264612 0.0356007 0.0454159 0.0548997 0.0628989 0.0685325 0.0714677 0.071879 0.0702103 0.0669608 0.0625834 0.0574544 0.0518648 0.0460238 0.0400762 0.0341286 0.028279 0.0226434 0.0173735 0.0126516 0.00865645 0.00551021
 0.0075041 0.0122539 0.0185613 0.0264029 0.0355343 0.0453427 0.0548203 0.0628149 0.0684489 0.0713934 0.0718245 0.0701829 0.0669612 0.062606 0.0574919 0.0519124 0.0460804 0.0401427 0.0342049 0.0283618 0.0227272 0.0174516 0.0127186 0.00870914 0.00554814
 0.00751211 0.0122646 0.018573 0.0264131 0.03554 0.0453422 0.0548134 0.0628026 0.0684315 0.07137 0.0717938 0.0701455 0.0669204 0.0625675 0.0574607 0.0518916 0.0460716 0.0401463 0.034221 0.0283895 0.0227636 0.017492 0.0127577 0.00874273 0.00557382
 0.00750091 0.0122496 0.0185563 0.0263981 0.0355303 0.0453394 0.054816 0.0628064 0.0684318 0.0713642 0.0717816 0.0701283 0.0669005 0.0625469 0.0574419 0.0518775 0.0460646 0.0401485 0.034233 0.0284109 0.0227921 0.0175245 0.01279 0.00877107 0.00559596
 0.00747475 0.0122073 0.0184933 0.0263114 0.0354203 0.0452117 0.0546828 0.0626846 0.0683385 0.0713105 0.0717699 0.0701533 0.0669525 0.0626161 0.0575201 0.0519588 0.0461458 0.0402279 0.0343097 0.0284841 0.0228604 0.0175859 0.0128421 0.00881239 0.00562601
 0.00747475 0.0122073 0.0184933 0.0263114 0.0354203 0.0452117 0.0546828 0.0626846 0.0683385 0.0713105 0.0717699 0.0701533 0.0669525 0.0626161 0.0575201 0.0519588 0.0461458 0.0402279 0.0343097 0.0284841 0.0228604 0.0175859 0.0128421 0.00881239 0.00562601
 0.00726259 0.0118659 0.0179877 0.0256159 0.0345289 0.0441522 0.0535281 0.0615503 0.0673611 0.070613 0.0714318 0.0701957 0.0673419 0.0632794 0.0583651 0.0528935 0.0470915 0.0411255 0.0351203 0.0291845 0.0234402 0.0180438 0.0131848 0.00905319 0.00578336
 0.00719819 0.0117423 0.0177669 0.0252507 0.0339747 0.0433851 0.0525634 0.060451 0.0662303 0.0695761 0.0706126 0.0696939 0.0672147 0.0635309 0.058948 0.0537221 0.0480626 0.0421389 0.0360929 0.0300575 0.0241785 0.0186328 0.013627 0.00936352 0.00598547
 0.0071555 0.011672 0.017658 0.0250886 0.0337391 0.0430501 0.0521018 0.0598439 0.0654818 0.0687255 0.0697386 0.0689042 0.0666232 0.0632304 0.0589868 0.054093 0.0487071 0.0429637 0.0369929 0.0309369 0.0249648 0.0192827 0.0141252 0.00971721 0.00621707
 0.00711488 0.0116096 0.0175706 0.024975 0.0335987 0.0428811 0.0518983 0.0595948 0.065171 0.0683366 0.0692656 0.0683651 0.0660696 0.0627431 0.0586577 0.0539972 0.0488776 0.0433806 0.0375904 0.0316231 0.0256474 0.0198892 0.0146129 0.0100745 0.00645558
#pred catch len freq
 0.00474294 0.00743389 0.0107051 0.0144242 0.0185118 0.022939 0.0276529 0.0325212 0.0373467 0.0419175 0.046044 0.0495756 0.0524161 0.054535 0.0559709 0.0568275 0.0572668 0.0574747 0.0575654 0.0574244 0.056577 0.0542396 0.0496537 0.042585 0.0336493
 0.00485803 0.00756571 0.0108046 0.0144202 0.0183407 0.0225858 0.0271774 0.0320455 0.0370043 0.041795 0.0461508 0.0498602 0.0528108 0.0549996 0.0565071 0.0574591 0.0579974 0.0582466 0.0582459 0.0578368 0.0565699 0.0537623 0.0487928 0.0415345 0.0326292
 0.00509327 0.00791988 0.0112809 0.0149925 0.0189482 0.0231348 0.0275554 0.0321544 0.0368062 0.0413452 0.0455885 0.0493515 0.0524802 0.054893 0.0566049 0.0577155 0.0583663 0.0586746 0.0586481 0.058089 0.0565417 0.0533786 0.0480839 0.0406344 0.031719
 0.00536132 0.00833687 0.0118736 0.015773 0.0199115 0.0242525 0.0287652 0.0333495 0.0378408 0.0420642 0.0458792 0.0491934 0.0519618 0.0541792 0.0558702 0.0570832 0.0578823 0.0583152 0.0583389 0.0577254 0.0560177 0.0526294 0.0471258 0.0395707 0.030699
 0.00566852 0.00881133 0.0125426 0.0166492 0.0209964 0.0255396 0.0302357 0.0349597 0.0395072 0.0436556 0.0472251 0.0501166 0.0523301 0.0539567 0.0551363 0.0560029 0.0566405 0.0570495 0.0571044 0.0565015 0.0547478 0.0512748 0.0457083 0.0381803 0.0294593
 0.00598656 0.00930354 0.0132383 0.0175625 0.0221291 0.0268851 0.0317773 0.0366654 0.0413226 0.0454989 0.0489815 0.0516382 0.0534491 0.0545182 0.0550451 0.0552616 0.055353 0.0553818 0.0552233 0.0545267 0.0527449 0.0492868 0.0437957 0.0364364 0.0279882
 0.00633024 0.00983473 0.0139877 0.018544 0.023343 0.0283223 0.0334184 0.0384749 0.043245 0.0474577 0.0508811 0.0533646 0.054871 0.0554932 0.0554376 0.0549742 0.0543605 0.0537488 0.0530896 0.0520692 0.0501402 0.0466952 0.0413644 0.0343001 0.0262522
 0.00671438 0.0104252 0.0148145 0.019616 0.0246534 0.0298549 0.0351484 0.0403639 0.0452359 0.049474 0.0528306 0.055144 0.0563698 0.0565957 0.0560266 0.0549407 0.0536255 0.0522916 0.0509704 0.0494321 0.0471931 0.043678 0.0385143 0.0318176 0.0242696
 0.00711788 0.011048 0.0156907 0.0207586 0.0260565 0.0314985 0.0369978 0.0423654 0.0473159 0.0515441 0.0547949 0.0569055 0.0578333 0.0576687 0.0566179 0.0549605 0.0529925 0.0509528 0.048931 0.0467828 0.0441199 0.0404425 0.0354067 0.0290956 0.0221021
 0.00751082 0.0116587 0.0165586 0.021905 0.0274862 0.0332008 0.0389419 0.0444936 0.0495411 0.0537561 0.0568727 0.0587306 0.0593012 0.0586942 0.0571327 0.0549055 0.0523129 0.0496048 0.0469048 0.0441368 0.0410087 0.0371163 0.0321704 0.0262371 0.0198186
 0.00788239 0.0122294 0.0173574 0.0229415 0.0287568 0.0346964 0.0406482 0.0463827 0.0515613 0.0558258 0.0588831 0.0605568 0.0608184 0.0597932 0.0577283 0.0549364 0.0517347 0.0483873 0.0450435 0.0416797 0.038087 0.0339553 0.0290601 0.0234644 0.0175896
 0.00821725 0.01275 0.018097 0.0239171 0.0299693 0.0361316 0.0422746 0.0481498 0.0534022 0.0576649 0.0606408 0.0621501 0.0621599 0.0607931 0.0583013 0.0550089 0.05125 0.0473095 0.0433662 0.0394457 0.0354126 0.0310423 0.0261742 0.0208751 0.0154966
 0.00862413 0.0133783 0.0189817 0.0250715 0.0313875 0.0377913 0.0441345 0.050143 0.0554346 0.0596229 0.0624072 0.0636209 0.0632559 0.0614621 0.0585113 0.0547374 0.050477 0.0460193 0.0415601 0.0371639 0.0327602 0.0282012 0.0233848 0.0183833 0.0134859
 0.00901663 0.0139795 0.0198192 0.0261501 0.0326951 0.0393062 0.0458261 0.0519653 0.0573186 0.0614749 0.0641148 0.0650669 0.0643355 0.0620988 0.0586638 0.0543948 0.0496468 0.0447169 0.03981 0.0350154 0.0303102 0.0256084 0.0208574 0.0161343 0.0116743
 0.0092953 0.014414 0.020439 0.0269717 0.0337215 0.0405267 0.0472129 0.0534713 0.0588797 0.0630163 0.0655572 0.0663288 0.0653358 0.0627623 0.0589297 0.0542246 0.049027 0.0436567 0.0383392 0.0331899 0.0282242 0.0234031 0.0187106 0.0142255 0.0101368
 0.00957377 0.0148456 0.0210502 0.0277754 0.034719 0.0417083 0.0485552 0.0549305 0.0603887 0.0644885 0.0668973 0.0674467 0.066158 0.0632374 0.0590274 0.0539314 0.0483428 0.0425947 0.0369302 0.0314896 0.0263218 0.0214254 0.0168105 0.0125527 0.00879895
 0.00969629 0.0150463 0.0213556 0.028213 0.0353135 0.0424761 0.0494963 0.0560225 0.0615858 0.0657252 0.0680944 0.0685186 0.0670221 0.0638247 0.05929 0.0538446 0.0479024 0.0418136 0.0358379 0.030137 0.0247887 0.0198219 0.0152669 0.0111937 0.00771295
 0.009743 0.015121 0.0214672 0.0283724 0.0355365 0.0427846 0.0499167 0.0565783 0.0622866 0.0665561 0.0690109 0.069451 0.0678867 0.0645377 0.0597794 0.054058 0.0478106 0.0414109 0.035142 0.0291905 0.0236614 0.0186098 0.0140813 0.0101404 0.00686696
 0.00984336 0.0152591 0.0216294 0.0285319 0.0356635 0.0428619 0.0499518 0.0566063 0.0623609 0.0667314 0.0693253 0.0699114 0.0684629 0.0651654 0.0603733 0.0545295 0.0480845 0.0414375 0.0349034 0.0287032 0.0229758 0.0178053 0.0132538 0.00938258 0.0062466
 0.00992204 0.0153738 0.0217766 0.0286977 0.0358245 0.0429898 0.0500195 0.0565968 0.0622774 0.0666047 0.0692114 0.0698764 0.0685594 0.0654109 0.0607404 0.0549516 0.0484735 0.0417071 0.0349902 0.0285803 0.0226583 0.0173457 0.0127284 0.00887136 0.00581231
 0.0100065 0.0154973 0.0219363 0.0288815 0.0360134 0.043162 0.0501541 0.0566751 0.0622847 0.066535 0.0690742 0.069702 0.0683968 0.0653148 0.0607511 0.0550761 0.0486784 0.0419278 0.035152 0.0286241 0.0225589 0.017118 0.0124197 0.00854264 0.00551755
 0.0100829 0.0156165 0.0221064 0.0291054 0.0362875 0.0434737 0.0504803 0.0569827 0.0625356 0.0666942 0.0691185 0.0696265 0.0682183 0.0650713 0.060494 0.0548556 0.0485258 0.0418425 0.0351034 0.0285662 0.0224525 0.0169483 0.0122007 0.00830786 0.00530338
 0.010096 0.0156416 0.0221513 0.0291806 0.0364041 0.0436405 0.050699 0.0572445 0.0628195 0.066968 0.0693441 0.0697683 0.0682533 0.0649971 0.060331 0.0546417 0.0483042 0.0416469 0.034946 0.0284366 0.0223283 0.0168104 0.0120452 0.00814645 0.00515555
 0.0101265 0.0156834 0.0222007 0.0292306 0.0364491 0.0436813 0.0507459 0.0573153 0.0629308 0.0671258 0.069537 0.0699683 0.068423 0.0651016 0.0603495 0.0545742 0.048171 0.0414792 0.0347735 0.028277 0.0221846 0.0166773 0.0119177 0.00802647 0.00505023
 0.0100617 0.0155854 0.0220665 0.0290622 0.0362521 0.0434643 0.0505213 0.057101 0.0627526 0.0670146 0.069522 0.0700656 0.0686264 0.0653808 0.0606576 0.0548632 0.0484058 0.0416456 0.0348757 0.0283289 0.0222004 0.016667 0.0118884 0.00798527 0.00500551
