SBPRF35
7.78865
Curr Bio
575428
B35
663687
F35
0.224983
FOFL
0.198101
OFL
88725.6
Bzero
2.22533e+06
#pred survey bio
 4.54122e+06 4.23035e+06 3.95219e+06 3.63274e+06 3.31019e+06 2.98644e+06 2.69521e+06 2.37919e+06 2.14433e+06 1.90152e+06 1.67308e+06 1.46209e+06 1.28671e+06 1.11439e+06 992543 894423 809964 747468 702310 657722 641186 627614 608829 591785 583208 571995 567319 565982 565097 560099 564200 560958 554429 553697 545915 539380 519899 519821 520229 530963 534891 537698 544361 552132 547503 547962 546930 544852 550804 555824 566528 556332 546967 552631 525258 516137 523564 519252 515122 520781 515457 554265 561286 564523 542714 541806 560870 575579 2.05912e+07 1.27338e+07 1.3203e+07 1.38519e+07 1.45635e+07 1.5229e+07 1.57959e+07 1.62507e+07 1.66014e+07 1.68648e+07 1.70594e+07 1.72019e+07 1.73058e+07 1.73815e+07 1.74368e+07 1.74774e+07 1.75073e+07 1.75295e+07 1.75461e+07 1.75585e+07 1.75679e+07 1.7575e+07 1.75804e+07 1.75845e+07 1.75877e+07 1.75901e+07 1.75919e+07 1.75933e+07 1.75944e+07 1.75953e+07 1.75959e+07 1.75964e+07 1.75968e+07 1.75971e+07 1.75973e+07 1.75975e+07 1.75977e+07 1.75978e+07 1.75978e+07 1.75979e+07 1.7598e+07 1.7598e+07 1.7598e+07 1.75981e+07 1.75981e+07 1.75981e+07 1.75981e+07 1.75981e+07 1.75981e+07 1.75981e+07 1.75981e+07 1.75981e+07 1.75981e+07 1.75981e+07 1.75981e+07 1.75981e+07 1.75981e+07 1.75981e+07 1.75981e+07 1.75981e+07 1.75981e+07 1.75981e+07 1.75981e+07 1.75981e+07 1.75981e+07 1.75981e+07 1.75981e+07 1.75981e+07 1.75981e+07 1.75981e+07 1.75981e+07 1.75981e+07 1.75981e+07 1.75981e+07 1.75981e+07 1.75981e+07 1.75981e+07 1.75981e+07 1.75981e+07 1.75981e+07 1.75981e+07 1.75981e+07 1.75981e+07 1.75981e+07 1.75981e+07 1.75981e+07 1.75981e+07 1.75981e+07 1.75981e+07 1.75981e+07 1.75981e+07 1.75981e+07 1.75981e+07 1.75981e+07 1.75981e+07 1.75981e+07 1.75981e+07 1.75981e+07 1.75981e+07 1.75981e+07 0 0 0 0 0 0 0 0 0 0 0 0 0 0 0 0 0 0 0 0 0 0 0 0 0
#obs survey bio
 4.37712e+06 2.73035e+06 3.58973e+06 2.44549e+06 2.75883e+06 1.69793e+06 2.69048e+06 1.83645e+06 2.28284e+06 1.0621e+06 1.48075e+06 1.63741e+06 1.67101e+06 1.16199e+06 885325 794764 672938 639489 705395 664237 440204 649818 555614 578003 532884 615039 400158 416918 531649 646850 480252 516561 526453 467076 513866 593045 374295 429927 622084 561068 878158 546245 517920 467794 382882 614625 644678 493572 763476 352933 473542 679607 742742 560743 441799 599374 450478 673679 639099 362429 533884 769528 625120 703208 607050 480240 479700 610909
#pred catch bio
 98967.2 92426.4 160622 198373 237425 245436 302940 259846 291821 298771 296871 273187 274006 231587 212184 200615 180813 163220 157754 129401 123848 125002 120277 110806 111109 103872 99838 98332.2 100251 91200.5 96274.3 97082.9 89678.9 92659.7 88155 97423.9 83488.5 87628.8 81716.7 87887.7 87613.3 83987.2 84071 95457.9 91778.6 93702.5 94896.2 88340.5 89394.2 85435.9 103530 101904 88435.4 115128 98686.3 85585.5 96221.6 96156.9 88607.6 98700.1 63515.2 91677.7 94642.3 115551 98416.5 84749.8 93130.7 98667.9 88725.6 102080 104846 108940 113863 118539 122445 125469 127692 129266 130350 131079 131563 131878 132082 132213 132297 132349 132383 132404 132417 132425 132430 132433 132435 132437 132437 132438 132438 132438 132438 132438 132438 132438 132439 132439 132439 132439 132439 132439 132439 132439 132439 132439 132439 132439 132439 132439 132439 132439 132439 132439 132439 132439 132439 132439 132439 132439 132439 132439 132439 132439 132439 132439 132439 132439 132439 132439 132439 132439 132439 132439 132439 132439 132439 132439 132439 132439 132439 132439 132439 132439 132439 132439 132439 132439 132439 132439 132439 132439 132439 132439 132439 132439 132439 132439 132439 132439 132439 132439 0 0 0 0 0 0 0 0 0 0 0 0 0 0 0 0 0 0 0 0 0 0 0 0 0
#obs catch bio
 0 92026 161077 198908 238987 248162 309176 264246 298169 307188 306122 280181 280756 236322 217097 204776 185704 167719 161604 131095 125447 126642 121328 111842 112128 104748 100748 99208.6 101163 91554.3 96868.1 98028.4 90134.2 93230.1 88403.5 97710.6 83461.9 87652.8 81420.3 87855.8 86838 82904.4 83312.5 95071.8 91436.3 93361.8 94723.4 88248.6 88961.9 85065.1 103436 101986 87550.6 114739 98265.5 84867.6 95866.3 95702.1 87985.7 99180.4 63098.4 91626.7 94126.9 115181 98174.1 84244.9 92811.9 98690.9
#pred cpue bio
 4.46924e+06 4.16165e+06 3.88543e+06 3.56679e+06 3.24526e+06 2.92227e+06 2.63169e+06 2.31738e+06 2.08367e+06 1.84261e+06 1.61628e+06 1.40813e+06 1.23574e+06 1.06667e+06 946899 850444 767524 706511 663234 621017 605754 593103 575385 559248 551188 540592 536329 535281 534704 530226 534513 531622 525739 525681 518872 513231 493919 492209 491415 501801 506280 509592 516010 523163 518377 518612 517508 515448 521312 526274 536501 526451 517477 523262 496738 487555 494557 490341 486237 491545 486160 523769 530956 534089 512498 511045 528846 542165 1.93901e+07 1.20041e+07 1.24211e+07 1.3002e+07 1.36892e+07 1.43494e+07 1.49152e+07 1.53699e+07 1.57205e+07 1.5984e+07 1.61786e+07 1.63211e+07 1.64249e+07 1.65007e+07 1.6556e+07 1.65966e+07 1.66265e+07 1.66487e+07 1.66653e+07 1.66777e+07 1.66871e+07 1.66942e+07 1.66996e+07 1.67037e+07 1.67069e+07 1.67093e+07 1.67111e+07 1.67125e+07 1.67136e+07 1.67145e+07 1.67151e+07 1.67156e+07 1.6716e+07 1.67163e+07 1.67165e+07 1.67167e+07 1.67168e+07 1.67169e+07 1.6717e+07 1.67171e+07 1.67171e+07 1.67172e+07 1.67172e+07 1.67172e+07 1.67173e+07 1.67173e+07 1.67173e+07 1.67173e+07 1.67173e+07 1.67173e+07 1.67173e+07 1.67173e+07 1.67173e+07 1.67173e+07 1.67173e+07 1.67173e+07 1.67173e+07 1.67173e+07 1.67173e+07 1.67173e+07 1.67173e+07 1.67173e+07 1.67173e+07 1.67173e+07 1.67173e+07 1.67173e+07 1.67173e+07 1.67173e+07 1.67173e+07 1.67173e+07 1.67173e+07 1.67173e+07 1.67173e+07 1.67173e+07 1.67173e+07 1.67173e+07 1.67173e+07 1.67173e+07 1.67173e+07 1.67173e+07 1.67173e+07 1.67173e+07 1.67173e+07 1.67173e+07 1.67173e+07 1.67173e+07 1.67173e+07 1.67173e+07 1.67173e+07 1.67173e+07 1.67173e+07 1.67173e+07 1.67173e+07 1.67173e+07 1.67173e+07 1.67173e+07 1.67173e+07 1.67173e+07 1.67173e+07 1.67173e+07 0 0 0 0 0 0 0 0 0 0 0 0 0 0 0 0 0 0 0 0 0 0 0 0 0
#obs cpue bio
 3.64079e+06 5.40109e+06 4.78311e+06 3.00598e+06 2.38577e+06 1.63866e+06 1.98834e+06 1.83334e+06 1.91019e+06 1.7242e+06 1.29799e+06 1.22523e+06 972466 785804 676972 856014 437536 499126 623028 661661 736507 503473 698808 429859 577590 425992 615326 631702 543227 506484 550854 410720 609739 602254 577716 579949 668314 688578 499523 428012 650926 805016 431886 512179 686401 503095 418440 502965 583546 707535 642550 380135 707320 477637 575315 571314 512177 431809 446718 449095 535990 466981 543110 484610 399748 714535 602272 395519
#pred surv len freq
 0.00452091 0.0073249 0.011002 0.0155423 0.0208669 0.0267597 0.0328269 0.0385747 0.0435804 0.0476219 0.0506842 0.0528821 0.0543818 0.0553495 0.0559188 0.0561726 0.056145 0.0558258 0.0551374 0.0538749 0.0516616 0.0480165 0.0425873 0.035455 0.0272869
 0.00490308 0.00785619 0.0116393 0.0162002 0.0214559 0.0272381 0.0332296 0.0389918 0.044091 0.0482265 0.0512817 0.0533105 0.0544963 0.0550935 0.0553504 0.0554395 0.0554213 0.0552406 0.0547238 0.0535651 0.0513325 0.047563 0.0419819 0.0347588 0.0266094
 0.00508107 0.00818498 0.0122004 0.0170769 0.022693 0.0287931 0.0349482 0.040642 0.0454519 0.0491782 0.051831 0.0535361 0.0544633 0.0548084 0.0547847 0.0545898 0.0543497 0.0540615 0.0535505 0.0524575 0.0502846 0.0465378 0.040964 0.0337834 0.0257479
 0.00535203 0.00860123 0.0127867 0.017853 0.0236855 0.0300426 0.0364956 0.0424882 0.0475102 0.051256 0.0536692 0.054895 0.0552025 0.054909 0.0543109 0.0536344 0.0530073 0.0524325 0.0517467 0.0505894 0.0484417 0.0447834 0.0393506 0.0323683 0.0245882
 0.00567202 0.00910967 0.0135291 0.0188617 0.0249731 0.031594 0.0382644 0.0444037 0.0494933 0.053228 0.0555409 0.0565435 0.056467 0.0556243 0.0543612 0.0529904 0.0517261 0.0506302 0.0495692 0.0481932 0.0459822 0.0424067 0.0371865 0.0305221 0.0231276
 0.00594069 0.00955246 0.014207 0.019836 0.026294 0.0332817 0.0402881 0.0466722 0.0518671 0.0555483 0.0576601 0.0583417 0.0578484 0.0565012 0.0546452 0.0526049 0.0506351 0.0488649 0.0472357 0.0454597 0.0430561 0.0395093 0.0345254 0.0282618 0.0213633
 0.00616177 0.00991155 0.0147485 0.020606 0.0273369 0.0346327 0.0419597 0.0486396 0.0540585 0.0578452 0.0599092 0.0603766 0.0595153 0.0576763 0.0552374 0.0525482 0.0498858 0.0474141 0.0451326 0.0428303 0.0401027 0.0364851 0.0316904 0.0258312 0.0194645
 0.00647413 0.010409 0.0154785 0.0216078 0.028637 0.0362379 0.0438467 0.0507497 0.0563014 0.0601102 0.062075 0.0623175 0.0611059 0.0588 0.0557953 0.0524659 0.0491161 0.045942 0.0429895 0.0401163 0.0370014 0.033254 0.0286183 0.0231722 0.0173782
 0.0067167 0.0107957 0.0160469 0.0223897 0.0296556 0.0375019 0.0453426 0.0524364 0.0581126 0.0619637 0.0638818 0.0639875 0.0625484 0.0599224 0.056504 0.0526699 0.048736 0.0449248 0.0413284 0.0378739 0.0343269 0.0303795 0.0258208 0.0207099 0.015424
 0.00694428 0.0111753 0.016636 0.0232473 0.0308296 0.0390093 0.0471501 0.0544543 0.0602098 0.0639955 0.0657178 0.0655268 0.0637231 0.0606909 0.0568379 0.052541 0.0481098 0.0437659 0.0396224 0.0356577 0.0317169 0.0275772 0.0230832 0.018287 0.013491
 0.00709951 0.0114428 0.0170678 0.023905 0.0317753 0.0402884 0.0487703 0.0563692 0.0623162 0.0661441 0.067736 0.0672491 0.0650201 0.0614864 0.0571077 0.0522944 0.0473662 0.0425412 0.037933 0.0335452 0.0292783 0.0249806 0.0205501 0.0160406 0.0116927
 0.00729921 0.0117612 0.0175371 0.0245551 0.0326342 0.0413795 0.0501041 0.0579329 0.0640626 0.0679868 0.0695524 0.0688931 0.0663452 0.0623719 0.0574783 0.0521256 0.0466741 0.0413649 0.0363239 0.0315708 0.0270401 0.022628 0.0182719 0.0140265 0.0100807
 0.00754225 0.012141 0.0180802 0.025277 0.0335379 0.0424545 0.0513242 0.059256 0.0654355 0.0693524 0.0708529 0.0700671 0.0673218 0.0630718 0.0578237 0.0520554 0.0461572 0.0404051 0.0349583 0.0298684 0.0251042 0.0205985 0.0163139 0.0123001 0.00870074
 0.007942 0.0127652 0.0189712 0.0264548 0.0349956 0.0441517 0.0531799 0.0611488 0.0672208 0.0708917 0.0720424 0.0708516 0.0676925 0.0630496 0.0574397 0.0513357 0.0451191 0.0390646 0.0333429 0.0280307 0.0231306 0.0186091 0.0144485 0.0106892 0.00743211
 0.00823909 0.0132358 0.0196561 0.027383 0.0361778 0.0455717 0.0547841 0.0628425 0.068878 0.0723776 0.0732371 0.0716692 0.0680902 0.0630282 0.0570334 0.050596 0.044098 0.0378061 0.031886 0.0264221 0.0214381 0.0169268 0.0128869 0.00935121 0.00638505
 0.00850485 0.013656 0.0202665 0.028209 0.0372307 0.0468414 0.0562305 0.0643901 0.0704211 0.0737949 0.074411 0.0725024 0.0685193 0.0630305 0.0566273 0.0498319 0.043044 0.036533 0.0304597 0.0249048 0.0198966 0.0154386 0.0115364 0.00821358 0.00550601
 0.00860317 0.0138408 0.0205905 0.0287355 0.0380175 0.0479161 0.0575672 0.0659035 0.0719823 0.0752603 0.0756491 0.073411 0.0690325 0.0631214 0.0563063 0.049142 0.0420516 0.0353172 0.0291018 0.0234828 0.0184852 0.0141107 0.0103601 0.00724298 0.00476841
 0.00850639 0.0137106 0.0204472 0.0286217 0.037995 0.0480563 0.0579362 0.0665441 0.0728941 0.0763857 0.0768757 0.0745935 0.0700275 0.0638183 0.056644 0.0491093 0.0416784 0.0346616 0.028239 0.0224951 0.0174555 0.0131172 0.00947062 0.006507 0.00420977
 0.00840102 0.01354 0.0201937 0.028275 0.0375615 0.0475708 0.0574698 0.0661988 0.0727802 0.0765876 0.0774202 0.0754354 0.0710564 0.0648855 0.0575982 0.0498302 0.0420969 0.0347639 0.0280578 0.0220951 0.0169175 0.0125252 0.00889968 0.00601382 0.00382591
 0.00858268 0.0137886 0.020481 0.0285442 0.0377416 0.0476011 0.0573234 0.0658943 0.07238 0.0761856 0.0771207 0.0753264 0.0711826 0.0652308 0.0580881 0.0503537 0.0425398 0.03504 0.0281268 0.021965 0.016634 0.0121543 0.00850991 0.00566104 0.0035442
 0.00860532 0.0138244 0.0205305 0.0286012 0.0377873 0.0475991 0.0572228 0.0656456 0.0719618 0.0756298 0.0765187 0.0748074 0.0708719 0.065208 0.0583614 0.0508595 0.0431649 0.0356566 0.0286284 0.0222901 0.0167733 0.0121407 0.0083994 0.00551159 0.00340048
 0.00854464 0.0137385 0.0204252 0.0284901 0.0376878 0.0475253 0.0571777 0.0656156 0.0719179 0.0755355 0.0763477 0.0745632 0.0705991 0.0649837 0.0582666 0.0509442 0.0434249 0.0360345 0.0290364 0.0226434 0.0170171 0.0122614 0.00841836 0.0054679 0.00333318
 0.00861833 0.013838 0.020538 0.0285936 0.037758 0.0475486 0.0571589 0.0655752 0.0718781 0.0755051 0.076314 0.0744987 0.0704799 0.0648084 0.0580659 0.0507715 0.0433321 0.0360464 0.0291389 0.0227919 0.0171589 0.0123586 0.00845875 0.00546211 0.00330234
 0.00867858 0.0139342 0.0206782 0.0287806 0.0379845 0.047793 0.0573846 0.0657393 0.071947 0.0754695 0.0761918 0.0743227 0.0702795 0.0645998 0.0578558 0.0505692 0.0431563 0.0359207 0.0290779 0.0227908 0.0171946 0.0124018 0.00848765 0.00546924 0.00329249
 0.00865629 0.0139003 0.0206318 0.0287236 0.037922 0.0477336 0.0573385 0.0657144 0.0719445 0.0754816 0.0762052 0.0743265 0.0702715 0.064586 0.0578447 0.0505662 0.0431643 0.035942 0.0291159 0.0228462 0.0172616 0.0124686 0.00854194 0.00550416 0.00330874
 0.00867782 0.0139306 0.0206687 0.0287623 0.0379562 0.0477581 0.0573514 0.0657175 0.0719422 0.0754782 0.0762021 0.0743206 0.0702567 0.0645573 0.0578018 0.0505145 0.0431125 0.0358994 0.0290891 0.022838 0.0172704 0.0124882 0.00856423 0.00552234 0.00331968
 0.00868259 0.013932 0.0206592 0.0287306 0.037891 0.0476519 0.0572056 0.0655443 0.0717627 0.0753183 0.0760863 0.074266 0.0702684 0.0646272 0.0579118 0.0506434 0.0432426 0.0360198 0.0291958 0.022931 0.0173505 0.0125554 0.00861761 0.00556115 0.00334479
 0.00862209 0.0138434 0.0205433 0.0285937 0.0377411 0.0474946 0.0570423 0.065374 0.0715879 0.0751498 0.0759439 0.074174 0.0702474 0.0646863 0.0580453 0.0508324 0.0434608 0.0362415 0.0294012 0.0231085 0.0174958 0.0126686 0.00870124 0.00561907 0.00338179
 0.00852813 0.0136998 0.0203451 0.0283434 0.0374497 0.0471813 0.0567329 0.0650976 0.0713702 0.0750063 0.0758781 0.0741807 0.0703195 0.0648187 0.0582335 0.0510684 0.0437299 0.0365229 0.0296727 0.0233514 0.0176982 0.0128265 0.00881643 0.00569747 0.00343121
 0.00857608 0.0137574 0.0203944 0.0283559 0.0373949 0.04704 0.0565081 0.064816 0.0710739 0.0747386 0.0756715 0.0740516 0.070269 0.0648384 0.0583116 0.0511935 0.0438913 0.0367087 0.0298682 0.0235406 0.0178667 0.0129647 0.00892095 0.00577022 0.0034777
 0.00850115 0.013648 0.0202514 0.0281853 0.0372017 0.0468222 0.056255 0.0645161 0.0707288 0.0743746 0.0753386 0.0738087 0.0701622 0.0648853 0.0584989 0.0514863 0.0442471 0.0370877 0.0302384 0.0238781 0.0181552 0.0131954 0.00909264 0.00588848 0.00355264
 0.00832644 0.0133983 0.0199397 0.0278461 0.0368826 0.0465675 0.0560918 0.0644468 0.0707321 0.0744141 0.0753768 0.073823 0.0701554 0.064883 0.0585353 0.0515866 0.0444166 0.0373123 0.0304922 0.0241332 0.0183884 0.0133909 0.00924348 0.00599531 0.00362184
 0.00824231 0.0132538 0.01971 0.0275091 0.0364309 0.0460236 0.0555165 0.0639303 0.0703653 0.0742534 0.0754238 0.0740296 0.0704499 0.0652017 0.0588418 0.051874 0.0446949 0.0375923 0.0307752 0.024409 0.0186409 0.0136052 0.00941095 0.00611529 0.00370032
 0.00804459 0.012956 0.0193049 0.027003 0.0358383 0.0453617 0.0548053 0.0632021 0.0696757 0.0736827 0.0750607 0.0739413 0.0706543 0.0656581 0.0594682 0.0525776 0.0454006 0.0382535 0.0313692 0.0249257 0.0190746 0.0139525 0.00967255 0.00629853 0.00381849
 0.00798429 0.0128467 0.0191207 0.0267156 0.035427 0.0448266 0.0541766 0.0625363 0.0690398 0.0731359 0.0746463 0.0736911 0.0705935 0.0658017 0.0598093 0.0530795 0.0460024 0.0388874 0.0319774 0.0254694 0.019533 0.0143181 0.00994717 0.00649101 0.00394313
 0.00859813 0.013699 0.0201332 0.0277225 0.0362185 0.0452213 0.0540834 0.0619749 0.0681192 0.0720124 0.0734822 0.0726247 0.0697231 0.0651817 0.0594548 0.0529748 0.0461071 0.0391435 0.0323194 0.0258363 0.0198775 0.0146109 0.0101754 0.00665486 0.0040511
 0.00934451 0.0148719 0.021813 0.0299311 0.0388851 0.048148 0.0569334 0.0643205 0.069558 0.0723054 0.0726342 0.0708631 0.0673975 0.0626494 0.0570029 0.0507919 0.0442897 0.0377163 0.0312581 0.0250876 0.0193763 0.014293 0.0099852 0.00654827 0.00399577
 0.00918468 0.0147232 0.0217954 0.0302261 0.0396893 0.0495942 0.0590136 0.0668488 0.0721927 0.0746235 0.0742381 0.0714886 0.0669875 0.0613588 0.0551329 0.0486857 0.0422404 0.0359184 0.0298036 0.0239888 0.018596 0.0137709 0.00965636 0.00635393 0.00388861
 0.00887282 0.0142527 0.021163 0.029473 0.0389163 0.0489685 0.0587558 0.0671821 0.0732552 0.076378 0.0764368 0.0737265 0.0688291 0.06248 0.0554123 0.0482137 0.0412535 0.0346998 0.0285965 0.0229505 0.0177939 0.0132047 0.00928789 0.00613212 0.00376513
 0.00850096 0.0136754 0.0203463 0.0284083 0.037628 0.0475248 0.0572836 0.0658731 0.0723473 0.0761039 0.0769476 0.0750186 0.0707121 0.0646132 0.0574071 0.0497589 0.0422031 0.0350861 0.0285742 0.0227114 0.0174976 0.0129472 0.00910495 0.00602065 0.00370576
 0.00847281 0.0135935 0.0201568 0.0280404 0.0370128 0.0466271 0.0561297 0.0645616 0.0710374 0.0749878 0.0762183 0.0748334 0.0711497 0.0656338 0.0588401 0.0513391 0.0436519 0.0362009 0.0292803 0.0230551 0.0175935 0.012917 0.0090374 0.00596142 0.00366812
 0.00872354 0.013948 0.0205892 0.0284853 0.0373736 0.0467954 0.0560086 0.0640903 0.0702143 0.0738884 0.0749951 0.0736901 0.0702937 0.0652208 0.0589285 0.05187 0.0444655 0.0370896 0.0300591 0.0236162 0.0179213 0.013062 0.00907333 0.00595057 0.00364749
 0.00879719 0.0140852 0.0208247 0.0288537 0.0378903 0.0474305 0.0566704 0.0646341 0.0704823 0.0737656 0.0744545 0.0728086 0.0692336 0.0641868 0.0581122 0.0513974 0.044364 0.0372883 0.0304239 0.0240054 0.0182343 0.0132603 0.00916927 0.00598053 0.0036467
 0.00874762 0.0140192 0.0207543 0.028804 0.0378982 0.0475382 0.0569128 0.0650197 0.0709735 0.0742708 0.0748443 0.072959 0.0690778 0.0637495 0.0575053 0.0507786 0.0438782 0.0370176 0.030369 0.0241023 0.0183945 0.0134106 0.00927312 0.00603497 0.00366672
 0.00879413 0.0140935 0.020864 0.0289564 0.0381006 0.0477977 0.0572348 0.0654051 0.071414 0.0747409 0.0752943 0.0733139 0.0692518 0.0636748 0.0571655 0.0502264 0.0432233 0.0363876 0.0298628 0.0237614 0.0182036 0.0133223 0.0092377 0.00601866 0.00365464
 0.00876527 0.0140537 0.0208174 0.0289121 0.0380708 0.0477954 0.0572715 0.0654904 0.0715553 0.0749426 0.0755531 0.0736123 0.0695522 0.0639215 0.0572988 0.0502059 0.0430491 0.0361052 0.0295455 0.023479 0.0179972 0.0131971 0.00917433 0.00599124 0.00364329
 0.0087592 0.0140436 0.0208021 0.0288913 0.0380464 0.0477729 0.0572603 0.0655025 0.0716018 0.0750301 0.0756818 0.0737759 0.0697375 0.0641074 0.0574556 0.0502997 0.0430535 0.0360146 0.0293813 0.0232828 0.0178127 0.0130536 0.00907971 0.00593747 0.00361627
 0.00870372 0.0139674 0.0207133 0.0288057 0.0379827 0.0477454 0.0572734 0.0655506 0.0716745 0.0751182 0.0757809 0.0738851 0.0698564 0.0642319 0.0575757 0.0503993 0.0431134 0.0360199 0.0293289 0.0231854 0.0176951 0.0129417 0.00899144 0.00587815 0.00358175
 0.00871723 0.0139659 0.0206691 0.0286819 0.0377475 0.0473913 0.0568316 0.065088 0.0712725 0.0748445 0.0756706 0.0739383 0.0700477 0.0645236 0.0579265 0.0507688 0.0434644 0.0363214 0.0295606 0.0233414 0.0177839 0.0129818 0.00900351 0.00587843 0.00357943
 0.00882097 0.0141181 0.0208657 0.0289041 0.0379607 0.0475487 0.0568825 0.0649919 0.0710177 0.0744618 0.0752307 0.0735292 0.0697444 0.0643651 0.0579115 0.0508666 0.0436308 0.0365118 0.0297388 0.0234838 0.0178814 0.0130379 0.00902925 0.00588657 0.00357993
 0.00869664 0.0139509 0.0206779 0.0287363 0.0378579 0.0475392 0.0569605 0.0651162 0.0711268 0.0744992 0.0751674 0.0733758 0.0695472 0.0641875 0.0578097 0.0508697 0.0437345 0.0366862 0.0299427 0.0236795 0.0180435 0.0131561 0.00910564 0.00593053 0.00360256
 0.00860743 0.0138319 0.0205484 0.0286341 0.0378336 0.0476436 0.0572282 0.0655503 0.0716876 0.0751027 0.0757008 0.07373 0.0696537 0.0640432 0.0574738 0.0504372 0.0433 0.0363155 0.0296636 0.0234883 0.0179198 0.0130771 0.00905397 0.00589579 0.00357939
 0.00863239 0.0138512 0.02054 0.0285691 0.0376904 0.0474266 0.0569811 0.0653495 0.0716168 0.0752166 0.0759988 0.0741512 0.0700974 0.0644046 0.0576804 0.0504703 0.0431928 0.0361306 0.0294643 0.0233174 0.0177943 0.0129945 0.00900316 0.00586542 0.00356134
 0.00862543 0.0138279 0.0204818 0.0284487 0.0374758 0.0470903 0.0565133 0.0647725 0.0709931 0.0746462 0.0755968 0.0740114 0.0702547 0.0648181 0.0582491 0.051072 0.0437277 0.036547 0.0297582 0.0235141 0.0179258 0.0130852 0.00906692 0.00590904 0.00358912
 0.00891452 0.014282 0.0211332 0.0293104 0.0385317 0.0482827 0.0577346 0.0658715 0.0718055 0.0750407 0.0755184 0.0734989 0.069427 0.0638321 0.0572497 0.0501551 0.0429309 0.0358674 0.0291794 0.0230256 0.0175265 0.0127765 0.00884483 0.00576162 0.00349919
 0.00896463 0.0143696 0.0212769 0.0295329 0.0388556 0.0487241 0.0582921 0.0665175 0.0724812 0.0756603 0.0759841 0.0737267 0.0693741 0.0635142 0.0567364 0.0495441 0.0423143 0.0353071 0.0287025 0.0226347 0.0172147 0.0125364 0.00866942 0.00564219 0.00342441
 0.0088837 0.0142389 0.0210832 0.0292685 0.0385249 0.048351 0.057926 0.0662281 0.0723412 0.0757203 0.0762509 0.0741558 0.0698808 0.0640007 0.0571226 0.0497909 0.0424271 0.0353211 0.0286605 0.0225707 0.0171487 0.0124775 0.0086213 0.00560608 0.00339979
 0.00892613 0.0143063 0.0211811 0.0293984 0.038682 0.0485215 0.0580869 0.0663536 0.0724137 0.0757412 0.0762416 0.0741473 0.0698954 0.064038 0.057159 0.0497925 0.0423682 0.0351977 0.0284902 0.0223824 0.0169702 0.0123271 0.00850626 0.00552544 0.00334789
 0.00903679 0.0144685 0.0213924 0.0296458 0.0389453 0.0487805 0.0583248 0.0665562 0.0725669 0.0758301 0.0762556 0.0740868 0.0697756 0.0638843 0.0569956 0.049632 0.042209 0.0350314 0.0283121 0.0221978 0.0167926 0.0121714 0.00838258 0.00543637 0.00328968
 0.00902544 0.0144562 0.0213846 0.0296498 0.0389669 0.0488186 0.0583701 0.066594 0.0725854 0.0758273 0.0762402 0.0740723 0.0697727 0.0638968 0.0570216 0.0496656 0.0422425 0.0350551 0.028317 0.0221796 0.016754 0.0121213 0.00833174 0.00539322 0.00325809
 0.00905257 0.0145091 0.0214805 0.0298096 0.0392095 0.0491517 0.0587806 0.067045 0.0730204 0.0761832 0.0764636 0.0741335 0.0696729 0.0636654 0.0567043 0.0493109 0.0418898 0.0347298 0.0280314 0.0219367 0.0165524 0.011959 0.00820692 0.00530313 0.00319807
 0.00868708 0.0139337 0.0206523 0.0287086 0.0378514 0.0476025 0.0571677 0.0655493 0.0718413 0.0754867 0.0763365 0.0745655 0.0705689 0.0648779 0.0580726 0.0506927 0.0431795 0.0358619 0.0289742 0.0226837 0.0171142 0.012358 0.00847272 0.00546806 0.00329281
 0.0088127 0.0141026 0.0208397 0.0288664 0.0379166 0.0475148 0.056888 0.0650734 0.0712073 0.0747727 0.0756491 0.0740157 0.0702422 0.0648116 0.058249 0.0510512 0.0436399 0.0363474 0.0294262 0.0230666 0.0174135 0.0125747 0.0086178 0.00555747 0.00334322
 0.00889402 0.0142421 0.0210606 0.0291878 0.0383409 0.0480111 0.0573829 0.0654607 0.0713789 0.0746599 0.0752514 0.0734035 0.0695345 0.0641387 0.0577161 0.0507147 0.0435018 0.0363679 0.0295456 0.0232265 0.0175703 0.0127038 0.00871106 0.00561753 0.00337787
 0.00913726 0.014628 0.0216237 0.0299532 0.0393184 0.0491851 0.0586983 0.0668124 0.0726153 0.0756058 0.0757469 0.0733502 0.0689293 0.0630811 0.0563814 0.0493028 0.0421851 0.0352571 0.0286827 0.0226 0.0171391 0.0124192 0.00852966 0.00550591 0.00331206
 0.00939303 0.014994 0.0220833 0.0304631 0.0398249 0.04965 0.0591161 0.0672072 0.0730187 0.0760271 0.0761537 0.0736679 0.0690642 0.0629575 0.0559765 0.0486618 0.0414077 0.0344623 0.0279709 0.0220292 0.0167227 0.0121391 0.00835372 0.00540168 0.00325352
 0.00951047 0.0151737 0.0223308 0.0307709 0.0401686 0.0499874 0.0593922 0.067371 0.0730473 0.0759446 0.076026 0.0735708 0.0690414 0.0629958 0.0560155 0.0486306 0.0412641 0.0342126 0.0276612 0.021719 0.0164592 0.0119438 0.00822526 0.00532552 0.00321226
 0.00924495 0.014826 0.0219619 0.0304873 0.0400903 0.0501969 0.0598927 0.0680782 0.0738195 0.0766333 0.0765236 0.0738369 0.069101 0.0629127 0.0558553 0.0484326 0.0410376 0.0339533 0.0273725 0.0214216 0.0161835 0.0117165 0.00805831 0.00521597 0.00314764
#obs surv len freq
 nan nan nan nan nan nan nan nan nan nan nan nan nan nan nan nan nan nan nan nan nan nan nan nan nan
 0.00449225 0.00735691 0.0111898 0.0160077 0.0217081 0.0279817 0.0342928 0.0400207 0.0446971 0.0481582 0.0505137 0.0520075 0.052898 0.053409 0.0537222 0.0539762 0.0542541 0.0545465 0.0546849 0.0542768 0.052715 0.0493477 0.0437984 0.0362798 0.0276649
 0.00461412 0.00756055 0.0115059 0.0164671 0.0223334 0.028775 0.0352245 0.0410271 0.0456905 0.049046 0.0512166 0.0524708 0.0530958 0.0533427 0.0534156 0.0534677 0.0535878 0.0537652 0.0538281 0.0533815 0.0518205 0.0484975 0.0430377 0.035647 0.0271813
 0.00477763 0.00782545 0.0119033 0.0170262 0.0230774 0.0297131 0.036342 0.0422783 0.0469999 0.0503169 0.0523446 0.0533581 0.0536655 0.0535491 0.0532485 0.0529496 0.0527656 0.0527 0.0525872 0.052036 0.0504457 0.047174 0.0418453 0.0346515 0.026419
 0.00496641 0.0081349 0.0123736 0.0176959 0.0239756 0.0308473 0.0376863 0.0437706 0.0485513 0.0518281 0.053719 0.0545066 0.0545071 0.0540147 0.0532889 0.0525447 0.0519292 0.0514797 0.0510586 0.0502972 0.0486129 0.0453746 0.040205 0.0332727 0.0253593
 0.00517617 0.0084783 0.012895 0.0184384 0.0249733 0.0321124 0.0391953 0.0454589 0.050321 0.0535661 0.0553144 0.0558616 0.0555399 0.0546578 0.053488 0.0522609 0.0511461 0.0502129 0.0493647 0.0482771 0.0464092 0.0431587 0.0381525 0.0315299 0.0240114
 0.00540382 0.00885122 0.0134616 0.0192458 0.0260584 0.0334882 0.0408362 0.0472953 0.0522487 0.0554654 0.0570684 0.057367 0.05671 0.0554224 0.0537909 0.0520586 0.0504102 0.0489386 0.0475856 0.0460805 0.0439432 0.040622 0.0357625 0.0294758 0.0224097
 0.00563662 0.00923275 0.0140416 0.020073 0.0271716 0.0349019 0.0425256 0.0491906 0.0542442 0.0574394 0.0589017 0.058954 0.0579625 0.0562687 0.0541734 0.0519309 0.0497373 0.0477037 0.0458054 0.043826 0.0413555 0.0379089 0.033166 0.0272167 0.0206319
 0.00589436 0.00965383 0.0146792 0.0209779 0.0283823 0.0364296 0.0443382 0.0512073 0.0563474 0.0594967 0.0607881 0.0605636 0.0592115 0.057093 0.0545242 0.0517692 0.0490319 0.0464357 0.0439829 0.0415077 0.0386727 0.035068 0.0304198 0.0248054 0.0187196
 0.00613689 0.0100528 0.0152883 0.0218502 0.0295599 0.0379272 0.0461267 0.0532075 0.0584412 0.0615502 0.0626734 0.0621719 0.0604573 0.0579132 0.0548734 0.0516141 0.0483469 0.0452043 0.0422106 0.0392449 0.0360384 0.0322582 0.0276826 0.022384 0.0167861
 0.00639359 0.0104723 0.0159236 0.0227521 0.0307673 0.0394516 0.047936 0.0552202 0.0605371 0.0635929 0.0645324 0.0637369 0.0616437 0.0586618 0.0551464 0.0513882 0.0476074 0.0439443 0.0404405 0.037013 0.033455 0.0295064 0.024998 0.0200021 0.0148772
 0.00660762 0.0108272 0.016471 0.023544 0.0318465 0.0408346 0.0495966 0.0570836 0.0624909 0.0655094 0.0662888 0.0652282 0.0627869 0.0593959 0.0554308 0.0511985 0.0469308 0.0427784 0.0387998 0.0349452 0.0310625 0.0269563 0.0225059 0.0177853 0.0130952
 0.00684166 0.0112076 0.0170434 0.0243512 0.0329206 0.0421846 0.0511946 0.058859 0.064339 0.0673086 0.0679214 0.0665929 0.0638059 0.0600159 0.0556201 0.0509417 0.0462233 0.0416248 0.0372196 0.0329872 0.0288224 0.024586 0.0201996 0.0157382 0.0114506
 0.00703278 0.0115248 0.0175325 0.0250583 0.0338818 0.0434107 0.0526561 0.0604827 0.0660196 0.0689319 0.0693825 0.0678064 0.064707 0.0605589 0.0557759 0.0506954 0.0455714 0.0405741 0.0357915 0.0312289 0.0268216 0.022478 0.0181547 0.0139263 0.00999619
 0.00727297 0.0119118 0.0181081 0.0258591 0.0349312 0.0447082 0.054165 0.062125 0.0676857 0.0705004 0.0707415 0.0688686 0.0654156 0.0608867 0.0557183 0.0502621 0.0447785 0.0394422 0.0343495 0.0295253 0.0249368 0.0205309 0.0162919 0.0122918 0.00869286
 0.00742151 0.0121644 0.0185086 0.026454 0.0357591 0.045782 0.0554567 0.0635621 0.0691648 0.0719094 0.0719798 0.0698566 0.0660972 0.0612285 0.0557076 0.0499037 0.0440899 0.0384492 0.0330871 0.0280432 0.0233095 0.0188619 0.0147049 0.0109062 0.00759214
 0.00749872 0.0122892 0.0186965 0.0267221 0.036127 0.0462711 0.0560849 0.0643357 0.0700688 0.0729016 0.0729923 0.0708056 0.066898 0.0618095 0.0560185 0.0499169 0.0437986 0.0378645 0.0322364 0.0269729 0.0220882 0.0175817 0.0134723 0.00982197 0.0067271
 0.00760873 0.0124584 0.0189331 0.0270276 0.0364967 0.0466957 0.0565528 0.064835 0.0705903 0.0734402 0.0735432 0.0713558 0.0674189 0.0622551 0.0563333 0.0500483 0.0437077 0.0375333 0.0316707 0.0262034 0.0211714 0.0165966 0.0125104 0.00896936 0.00604394
 0.00766256 0.0125466 0.0190666 0.0272158 0.0367446 0.0469995 0.0568973 0.0651956 0.0709414 0.0737648 0.0738389 0.0716322 0.0676869 0.062515 0.0565662 0.0502168 0.0437648 0.0374359 0.0313936 0.0257485 0.0205712 0.015911 0.0118151 0.00833827 0.00553063
 0.00771247 0.0126193 0.0191607 0.0273258 0.0368637 0.047124 0.0570287 0.0653392 0.0711011 0.07394 0.0740235 0.0718188 0.0678707 0.0626943 0.056738 0.0503687 0.0438716 0.0374628 0.0313067 0.025529 0.0202262 0.0154757 0.0113453 0.00789413 0.00515961
 0.00775795 0.0126886 0.0192562 0.0274454 0.0370007 0.0472673 0.057164 0.0654526 0.0711846 0.0739949 0.0740611 0.0718545 0.0679176 0.0627581 0.0568166 0.0504531 0.0439457 0.0375034 0.0312869 0.0254265 0.0200337 0.0152079 0.011037 0.00758934 0.00489679
 0.0078229 0.0127879 0.0193937 0.02762 0.0372057 0.0474906 0.0573883 0.0656565 0.0713456 0.0740959 0.0740955 0.0718289 0.0678492 0.0626695 0.0567282 0.0503769 0.0438828 0.0374439 0.0312134 0.0253199 0.0198819 0.0150127 0.0108157 0.00736945 0.00470496
 0.0078542 0.0128377 0.0194663 0.0277181 0.0373295 0.0476364 0.0575469 0.0658142 0.0714864 0.0742052 0.0741633 0.0718514 0.0678294 0.0626162 0.0566544 0.0502966 0.043806 0.0373734 0.0311432 0.0252389 0.0197794 0.0148853 0.0106708 0.00722274 0.00457424
 0.00788031 0.0128743 0.0195108 0.0277651 0.0373726 0.0476717 0.0575754 0.0658407 0.071517 0.0742434 0.0742078 0.0718965 0.0678675 0.0626407 0.0566623 0.050289 0.043787 0.0373471 0.0311107 0.0251971 0.0197235 0.0148126 0.0105844 0.00713194 0.00449059
 0.00787662 0.0128719 0.0195134 0.0277775 0.0373985 0.0477105 0.0576208 0.0658827 0.0715466 0.0742577 0.0742112 0.0718976 0.0678736 0.062654 0.0566795 0.0503046 0.0437962 0.0373472 0.031101 0.0251768 0.0196914 0.0147686 0.0105309 0.00707452 0.00443663
 0.0078962 0.0128943 0.0195302 0.0277761 0.0373672 0.0476453 0.0575297 0.0657839 0.0714614 0.0742014 0.074189 0.0719062 0.0679065 0.0627051 0.0567432 0.0503752 0.0438667 0.0374108 0.0311517 0.0252109 0.0197075 0.0147673 0.0105153 0.00704981 0.00440917
 0.0078833 0.0128768 0.0195097 0.0277548 0.0373457 0.0476196 0.0574913 0.0657237 0.0713761 0.0740992 0.0740888 0.0718307 0.0678724 0.0627178 0.0567973 0.0504585 0.0439653 0.0375116 0.031244 0.0252871 0.0197631 0.0148013 0.0105301 0.00705041 0.00440153
 0.00788594 0.0128722 0.019487 0.0276998 0.037246 0.0474723 0.0573077 0.065527 0.0711935 0.0739518 0.0739873 0.0717779 0.0678681 0.0627616 0.0568871 0.0505875 0.0441211 0.0376783 0.0314057 0.0254304 0.0198792 0.0148869 0.0105865 0.00708256 0.00441645
 0.00787102 0.012852 0.0194634 0.0276755 0.0372215 0.0474426 0.057262 0.065453 0.0710846 0.0738142 0.0738404 0.0716468 0.0677752 0.0627198 0.0568991 0.0506486 0.0442217 0.0378053 0.0315438 0.0255644 0.0199968 0.0149801 0.0106531 0.00712496 0.00444009
 0.00788269 0.0128624 0.0194636 0.027653 0.037165 0.0473483 0.0571371 0.0653141 0.07095 0.073696 0.0737423 0.0715686 0.0677184 0.0626904 0.056905 0.0506947 0.0443068 0.0379214 0.0316782 0.0257024 0.0201244 0.015087 0.0107341 0.00718031 0.00447392
 0.00786136 0.0128322 0.0194259 0.0276105 0.0371194 0.0472971 0.0570736 0.0652301 0.0708426 0.0735721 0.073618 0.0714629 0.0676459 0.0626579 0.0569131 0.0507406 0.0443866 0.0380295 0.0318057 0.0258375 0.0202542 0.0152002 0.0108236 0.00724432 0.0045151
 0.00781291 0.0127535 0.0193083 0.0274477 0.0369106 0.0470509 0.0568098 0.0649771 0.0706291 0.0734181 0.0735309 0.07144 0.0676805 0.0627431 0.0570421 0.0509059 0.0445788 0.0382378 0.0320189 0.0260437 0.020442 0.0153599 0.0109492 0.00733482 0.00457449
 0.00779697 0.0127221 0.019251 0.0273516 0.0367634 0.0468467 0.0565542 0.0646894 0.0703397 0.0731615 0.0733375 0.0713298 0.0676592 0.0628041 0.0571709 0.0510853 0.0447921 0.0384697 0.0322551 0.0262711 0.0206482 0.0155352 0.0110878 0.00743579 0.00464168
 0.00777167 0.0126809 0.0191884 0.0272619 0.0366408 0.0466866 0.056355 0.0644552 0.0700823 0.0729014 0.0731019 0.0711477 0.0675551 0.0627915 0.0572496 0.0512423 0.0450067 0.0387187 0.0325162 0.026525 0.0208791 0.0157317 0.0112432 0.00754939 0.00471776
 0.00774015 0.0126284 0.0191074 0.027145 0.0364829 0.0464876 0.0561224 0.0642036 0.0698305 0.072668 0.0729028 0.0709964 0.0674642 0.062772 0.0573083 0.0513786 0.0452103 0.0389706 0.0327928 0.0268019 0.0211353 0.0159515 0.011418 0.00767747 0.00480381
 0.00934216 0.014871 0.0218141 0.0299279 0.0388557 0.0480448 0.056682 0.0638341 0.068769 0.0711991 0.0712695 0.0693668 0.0659383 0.0614036 0.0561239 0.0503887 0.0444143 0.0383584 0.0323452 0.0264929 0.0209357 0.0158321 0.0113531 0.00764631 0.00479123
 0.00930163 0.0151057 0.0226976 0.0319257 0.0423232 0.0529542 0.0624482 0.0694107 0.0730203 0.0733483 0.071155 0.0673843 0.0627656 0.0577096 0.0524029 0.0469336 0.041366 0.0357673 0.030214 0.0247989 0.0196401 0.0148846 0.0106956 0.00721702 0.0045298
 0.00897186 0.0145837 0.0219603 0.0310192 0.041418 0.0523845 0.062673 0.0708499 0.0758037 0.077128 0.0751471 0.0706671 0.0646644 0.0580314 0.0514068 0.0451148 0.0392221 0.0336626 0.0283549 0.0232705 0.0184536 0.014012 0.0100894 0.00682171 0.00428966
 0.00879006 0.0142779 0.0214818 0.0303195 0.0404671 0.0512044 0.0613807 0.0696866 0.0751155 0.0772715 0.0763313 0.0728037 0.0673324 0.0606137 0.0533398 0.046104 0.0393012 0.0330946 0.027469 0.0223366 0.0176343 0.0133739 0.00963595 0.00652465 0.00411
 0.00872322 0.0141635 0.021298 0.0300395 0.0400616 0.0506482 0.060665 0.0688364 0.0742103 0.0764609 0.0758263 0.0728238 0.0680101 0.0618993 0.0549757 0.0477085 0.0405253 0.0337572 0.0275945 0.0220903 0.0172184 0.0129473 0.00928586 0.00627693 0.00395418
 0.00872471 0.0141589 0.0212773 0.0299876 0.0399594 0.0504759 0.0604054 0.0684782 0.0737535 0.0759262 0.0752688 0.072343 0.0677398 0.0619668 0.0554373 0.0484985 0.0414604 0.0346073 0.0281818 0.0223544 0.017213 0.0127857 0.00907823 0.00609415 0.00382372
 0.00870341 0.0141307 0.0212465 0.0299604 0.0399406 0.0504633 0.0603861 0.0684297 0.0736498 0.075747 0.0750094 0.0720232 0.0674102 0.0617058 0.0553332 0.0486131 0.0417915 0.0350757 0.0286599 0.0227236 0.0174135 0.0128286 0.00902025 0.00599898 0.00373551
 0.00869658 0.0141179 0.0212245 0.0299264 0.0398939 0.0504074 0.0603293 0.0683813 0.073614 0.075717 0.0749675 0.0719489 0.0672929 0.0615573 0.0551913 0.0485315 0.0418168 0.0352209 0.0288918 0.0229757 0.0176181 0.0129479 0.00905605 0.00597986 0.00369512
 0.00868476 0.0140984 0.0211946 0.0298832 0.0398353 0.0503329 0.0602414 0.0682869 0.0735236 0.075642 0.074916 0.0719205 0.067279 0.0615457 0.0551755 0.0485193 0.041829 0.03528 0.0290052 0.0231271 0.0177731 0.013072 0.0091312 0.00600896 0.00369432
 0.00867296 0.0140824 0.021176 0.0298653 0.0398212 0.0503238 0.0602352 0.0682786 0.0735074 0.075615 0.0748792 0.0718789 0.0672385 0.0615101 0.0551459 0.0484961 0.0418162 0.0352861 0.0290387 0.0231886 0.0178519 0.0131496 0.00919098 0.00604382 0.00370744
 0.00866886 0.0140731 0.0211576 0.0298332 0.0397723 0.0502592 0.0601617 0.0682073 0.0734499 0.0755781 0.0748631 0.0718789 0.0672481 0.0615245 0.0551629 0.0485157 0.0418395 0.0353159 0.0290782 0.0232394 0.0179112 0.0132098 0.00924266 0.00608053 0.00372829
 0.00866421 0.0140673 0.021152 0.0298294 0.0397711 0.0502591 0.0601584 0.0681956 0.0734264 0.0755439 0.0748243 0.0718431 0.0672214 0.0615089 0.0551571 0.048517 0.0418465 0.0353284 0.0290975 0.0232663 0.0179448 0.0132464 0.00927689 0.0061077 0.00374629
 0.00863924 0.0140293 0.0210996 0.0297637 0.0396957 0.0501799 0.0600832 0.0681325 0.0733817 0.0755202 0.07482 0.0718545 0.067245 0.0615424 0.055199 0.0485654 0.0418986 0.0353816 0.02915 0.0233171 0.017993 0.0132904 0.00931458 0.00613704 0.00376656
 0.00862764 0.0140085 0.021065 0.0297103 0.0396199 0.0500823 0.0599706 0.0680175 0.0732799 0.0754456 0.0747811 0.0718526 0.0672752 0.0615967 0.0552686 0.0486431 0.0419789 0.0354605 0.0292244 0.0233851 0.0180531 0.0133415 0.00935584 0.0061681 0.00378794
 0.00864056 0.014026 0.0210847 0.0297273 0.0396276 0.0500738 0.0599406 0.0679643 0.0732064 0.0753599 0.0746953 0.0717796 0.0672257 0.0615757 0.0552754 0.0486721 0.0420229 0.0355125 0.0292789 0.0234378 0.0181011 0.013383 0.00938954 0.00619361 0.0038057
 0.00864056 0.014026 0.0210847 0.0297273 0.0396276 0.0500738 0.0599406 0.0679643 0.0732064 0.0753599 0.0746953 0.0717796 0.0672257 0.0615757 0.0552754 0.0486721 0.0420229 0.0355125 0.0292789 0.0234378 0.0181011 0.013383 0.00938954 0.00619361 0.0038057
 0.00872014 0.0141572 0.0212844 0.0300092 0.0399961 0.050515 0.0604163 0.068415 0.073565 0.0755716 0.0747331 0.0716496 0.0669602 0.061222 0.0548828 0.0482827 0.041666 0.0352047 0.0290264 0.02324 0.0179534 0.0132783 0.00931983 0.00615035 0.00378089
 0.00870845 0.0141455 0.0212807 0.0300271 0.0400524 0.0506259 0.0605921 0.0686537 0.073849 0.0758666 0.0749941 0.0718318 0.0670327 0.0611771 0.0547363 0.0480672 0.0414195 0.0349606 0.0288082 0.02306 0.0178149 0.0131786 0.0092527 0.00610831 0.00375657
 0.00860609 0.0139827 0.0210438 0.0297091 0.0396588 0.0501812 0.0601435 0.0682674 0.0735942 0.075794 0.0751182 0.0721259 0.0674383 0.0616218 0.0551548 0.0484158 0.0416817 0.0351423 0.0289275 0.0231374 0.0178665 0.0132146 0.00927864 0.00612678 0.00376911
 0.00893076 0.0144792 0.0217307 0.0305772 0.0406677 0.0512585 0.0611872 0.0691576 0.0742191 0.0760821 0.0750583 0.0717645 0.0668561 0.0609054 0.0543763 0.0476261 0.0409149 0.0344238 0.0282793 0.0225787 0.0174102 0.0128642 0.00902714 0.00595913 0.00366589
 0.00884255 0.0143807 0.0216646 0.0306091 0.0408657 0.0516625 0.0617838 0.0698758 0.0749511 0.076716 0.0755083 0.0719864 0.0668493 0.060704 0.0540338 0.0471992 0.0404522 0.0339616 0.0278436 0.0221885 0.0170795 0.0126012 0.00883238 0.00582592 0.00358225
 0.00873199 0.0141884 0.0213562 0.0301558 0.0402649 0.0509614 0.0610908 0.0693408 0.0747132 0.0768451 0.0759741 0.072675 0.0676122 0.0614105 0.0546018 0.0476 0.0406964 0.0340803 0.0278731 0.0221619 0.0170241 0.0125374 0.00877397 0.00578013 0.00355076
 0.00888155 0.0144093 0.0216452 0.0304902 0.0406024 0.0512461 0.0612641 0.0693605 0.0745759 0.0765979 0.0757035 0.07247 0.0675232 0.0614292 0.0546746 0.0476607 0.0406975 0.0340065 0.0277368 0.0219903 0.016846 0.0123758 0.0086426 0.00568357 0.00348651
 0.00880802 0.0143105 0.0215341 0.0303905 0.0405397 0.0512345 0.0612964 0.069408 0.0745995 0.0765677 0.0756157 0.0723536 0.0674298 0.0614094 0.054752 0.0478204 0.0408945 0.0341888 0.0278676 0.0220574 0.0168586 0.0123535 0.00860573 0.0056468 0.00345745
 0.00879343 0.0142778 0.0214699 0.0302804 0.0403765 0.0510281 0.0610785 0.0692241 0.0744901 0.0765481 0.0756686 0.0724418 0.0675197 0.0614889 0.0548321 0.0479205 0.0410239 0.0343375 0.0280117 0.0221728 0.0169326 0.0123879 0.00861178 0.00563818 0.00344479
 0.00885997 0.014377 0.0216016 0.0304362 0.0405394 0.0511742 0.0611808 0.0692604 0.074452 0.0764469 0.0755321 0.0723011 0.067395 0.0613855 0.0547466 0.0478508 0.0409736 0.0343109 0.0280071 0.0221811 0.0169415 0.012389 0.00860337 0.00562393 0.0034298
 0.00859359 0.0139671 0.0210291 0.0297024 0.0396691 0.0502173 0.060213 0.0683771 0.0737517 0.0760086 0.0753981 0.0724721 0.0678361 0.062036 0.0555312 0.0486917 0.0418021 0.035076 0.0286768 0.0227389 0.0173823 0.0127166 0.00883013 0.00576865 0.00351436
 0.0086783 0.0140692 0.0211171 0.0297258 0.0395723 0.0499624 0.0597987 0.0678427 0.0731652 0.0754466 0.0749285 0.0721449 0.06768 0.0620579 0.0557167 0.0490082 0.0422041 0.0355136 0.0291049 0.0231233 0.0177021 0.0129634 0.00900634 0.00588425 0.00358354
 0.00880349 0.0142837 0.0214569 0.0302211 0.0402293 0.05074 0.0605957 0.0685133 0.0735647 0.0754857 0.0746057 0.0715404 0.0669194 0.0612702 0.0550047 0.0484349 0.0417929 0.0352559 0.0289713 0.0230761 0.017705 0.0129883 0.00903494 0.00590744 0.00359878
 0.00888176 0.0144207 0.0216815 0.0305671 0.0407283 0.0514078 0.0614163 0.0694261 0.074463 0.0762332 0.0750684 0.0716265 0.0666113 0.0606317 0.0541583 0.0475215 0.0409335 0.034529 0.0284092 0.022674 0.0174369 0.0128202 0.00893508 0.00585075 0.00356783
