SBPRF35
7.78865
Curr Bio
535127
B35
638673
F35
0.221247
FOFL
0.195475
OFL
85233.4
Bzero
2.22533e+006
#pred survey bio
 3.75367e+006 3.27552e+006 2.9203e+006 2.58643e+006 2.27704e+006 2.00469e+006 1.75616e+006 1.53723e+006 1.31753e+006 1.15602e+006 1.03287e+006 920113 848895 785575 728834 703383 672671 657113 636540 619757 601807 588927 586370 581662 589841 584831 587094 585155 577967 563901 551761 540258 530745 519985 522801 529859 533561 545827 548629 569007 576940 575874 578432 577660 583908 576981 573332 538560 529321 529384 519360 516245 523436 514395 504409 512445 537356 570504 562741 544059 517641 495060 507054 537354 1.9955e+007 1.248e+007 1.30374e+007 1.37478e+007 1.44998e+007 1.51937e+007 1.57816e+007 1.62523e+007 1.6615e+007 1.68874e+007 1.70886e+007 1.72358e+007 1.73432e+007 1.74213e+007 1.74784e+007 1.75202e+007 1.7551e+007 1.75738e+007 1.75908e+007 1.76036e+007 1.76131e+007 1.76204e+007 1.76259e+007 1.76301e+007 1.76333e+007 1.76357e+007 1.76376e+007 1.7639e+007 1.76402e+007 1.7641e+007 1.76417e+007 1.76422e+007 1.76426e+007 1.76429e+007 1.76431e+007 1.76433e+007 1.76434e+007 1.76435e+007 1.76436e+007 1.76437e+007 1.76437e+007 1.76438e+007 1.76438e+007 1.76438e+007 1.76438e+007 1.76439e+007 1.76439e+007 1.76439e+007 1.76439e+007 1.76439e+007 1.76439e+007 1.76439e+007 1.76439e+007 1.76439e+007 1.76439e+007 1.76439e+007 1.76439e+007 1.76439e+007 1.76439e+007 1.76439e+007 1.76439e+007 1.76439e+007 1.76439e+007 1.76439e+007 1.76439e+007 1.76439e+007 1.76439e+007 1.76439e+007 1.76439e+007 1.76439e+007 1.76439e+007 1.76439e+007 1.76439e+007 1.76439e+007 1.76439e+007 1.76439e+007 1.76439e+007 1.76439e+007 1.76439e+007 1.76439e+007 1.76439e+007 1.76439e+007 1.76439e+007 1.76439e+007 1.76439e+007 1.76439e+007 1.76439e+007 1.76439e+007 1.76439e+007 1.76439e+007 1.76439e+007 1.76439e+007 1.76439e+007 1.76439e+007 1.76439e+007 1.76439e+007 1.76439e+007 1.76439e+007 1.76439e+007 1.76439e+007 0 0 0 0 0 0 0 0 0 0 0 0 0 0 0 0 0 0 0 0 0 0 0 0 0
#obs survey bio
 4.12599e+006 1.65374e+006 3.24582e+006 2.68192e+006 1.87086e+006 1.49696e+006 1.16497e+006 1.10088e+006 1.05824e+006 997523 793064 779191 944480 712108 628760 701790 609314 800474 469250 667550 671658 610352 483847 464999 618018 365218 616055 602474 592752 421892 541028 675118 663363 332973 581574 488084 569577 534117 578244 747327 605734 688101 587724 406322 554246 791789 488828 585404 512566 635734 401299 587048 497276 433388 541577 424574 567747 704540 614646 550722 560407 423693 617139 464252
#pred catch bio
 348844 272972 288327 297588 291632 292814 283939 297014 253850 226206 221062 186926 179591 171278 141865 143271 127224 128296 121727 119121 111505 101021 102469 92268.8 103562 96106.8 97206.9 98305.7 100260 94524.1 90312.1 87591.6 91751.5 84700.5 84065.9 88267 82292.1 91537.2 78403.4 90366.4 97687.6 93529.3 95743.8 90348.7 101207 96996.7 121489 98770.2 91203.9 99431.4 93250.2 84840.3 98364.7 99173.3 85489.1 73356.9 67572.9 100938 108952 116368 115224 90234 80667.9 83195.2 85233.4 98984.8 102465 107073 112309 117170 121200 124314 126603 128227 129347 130103 130606 130935 131149 131286 131374 131430 131465 131487 131501 131510 131516 131519 131521 131522 131523 131524 131524 131524 131524 131525 131525 131525 131525 131525 131525 131525 131525 131525 131525 131525 131525 131525 131525 131525 131525 131525 131525 131525 131525 131525 131525 131525 131525 131525 131525 131525 131525 131525 131525 131525 131525 131525 131525 131525 131525 131525 131525 131525 131525 131525 131525 131525 131525 131525 131525 131525 131525 131525 131525 131525 131525 131525 131525 131525 131525 131525 131525 131525 131525 131525 131525 131525 131525 131525 131525 131525 131525 131525 0 0 0 0 0 0 0 0 0 0 0 0 0 0 0 0 0 0 0 0 0 0 0 0 0
#obs catch bio
 256393 274009 290536 300098 294911 296792 288400 303357 258764 229654 226303 191129 183163 174824 144288 145653 128908 129783 123190 120416 112133 101372 103077 92891.5 104870 97514.3 97996.2 98744.1 100789 94857.2 90586.6 87563.6 91866.8 85070.4 83780.2 88151.2 81842.4 91608 78195.4 90450.8 97809.3 93290.3 95076.5 90043.9 101627 96156.9 121362 98383.8 90615.5 98986.8 93016.8 84267.1 97733.2 98714 85437 73514.5 67221.9 100386 107633 114988 114516 89794.9 80433.3 83169.7
#pred cpue bio
 3.69256e+006 3.2176e+006 2.86383e+006 2.53131e+006 2.22382e+006 1.95321e+006 1.7066e+006 1.48964e+006 1.27251e+006 1.11297e+006 991183 879831 809803 748175 693167 668805 639439 624793 605267 589414 572552 560474 558088 553306 561062 556313 559070 557997 551718 538665 527530 516861 506995 494818 496515 503412 507182 519044 521568 541200 548935 548137 550987 550216 556028 549497 546278 512302 502998 503070 493412 490328 497393 488604 478455 485845 510273 543275 536130 517309 490388 467263 477984 506924 1.88623e+007 1.18203e+007 1.23242e+007 1.29723e+007 1.37048e+007 1.43948e+007 1.49821e+007 1.54527e+007 1.58154e+007 1.60877e+007 1.62889e+007 1.64362e+007 1.65435e+007 1.66217e+007 1.66787e+007 1.67205e+007 1.67513e+007 1.67742e+007 1.67912e+007 1.68039e+007 1.68135e+007 1.68207e+007 1.68263e+007 1.68304e+007 1.68336e+007 1.68361e+007 1.6838e+007 1.68394e+007 1.68405e+007 1.68414e+007 1.6842e+007 1.68425e+007 1.68429e+007 1.68432e+007 1.68435e+007 1.68436e+007 1.68438e+007 1.68439e+007 1.6844e+007 1.6844e+007 1.68441e+007 1.68441e+007 1.68442e+007 1.68442e+007 1.68442e+007 1.68442e+007 1.68442e+007 1.68442e+007 1.68442e+007 1.68442e+007 1.68442e+007 1.68442e+007 1.68443e+007 1.68443e+007 1.68443e+007 1.68443e+007 1.68443e+007 1.68443e+007 1.68443e+007 1.68443e+007 1.68443e+007 1.68443e+007 1.68443e+007 1.68443e+007 1.68443e+007 1.68443e+007 1.68443e+007 1.68443e+007 1.68443e+007 1.68443e+007 1.68443e+007 1.68443e+007 1.68443e+007 1.68443e+007 1.68443e+007 1.68443e+007 1.68443e+007 1.68443e+007 1.68443e+007 1.68443e+007 1.68443e+007 1.68443e+007 1.68443e+007 1.68443e+007 1.68443e+007 1.68443e+007 1.68443e+007 1.68443e+007 1.68443e+007 1.68443e+007 1.68443e+007 1.68443e+007 1.68443e+007 1.68443e+007 1.68443e+007 1.68443e+007 1.68443e+007 1.68443e+007 1.68443e+007 1.68443e+007 0 0 0 0 0 0 0 0 0 0 0 0 0 0 0 0 0 0 0 0 0 0 0 0 0
#obs cpue bio
 2.67528e+006 2.10203e+006 2.26116e+006 2.34846e+006 1.81118e+006 2.11875e+006 1.82044e+006 1.57234e+006 1.1658e+006 1.25178e+006 711153 641345 691768 637055 550740 656679 568643 534971 624089 520923 625257 519174 589854 451054 408166 503629 801445 655606 502848 723190 526937 508878 408408 515739 832390 522750 593848 422362 476936 385580 532216 567793 889428 545479 399374 869863 530094 481577 665869 448982 563654 562575 642449 558463 336064 437196 734019 717208 713329 569742 393080 499872 359461 513581
#pred surv len freq
 0.00507 0.00822408 0.0123656 0.0174759 0.023441 0.029971 0.0365631 0.0426106 0.0476195 0.0513636 0.0538804 0.0553614 0.0560443 0.0561499 0.0558489 0.0552472 0.05439 0.053273 0.0518302 0.0498922 0.047156 0.0432448 0.0379017 0.0312362 0.0238394
 0.00558974 0.00900131 0.0134138 0.0187752 0.0249596 0.0316914 0.0384867 0.0447287 0.0498632 0.0535689 0.0557989 0.0567245 0.0566513 0.0559364 0.0549018 0.0537644 0.052606 0.0513813 0.049934 0.0480022 0.0452363 0.041282 0.0359543 0.0294308 0.0223172
 0.00581119 0.0094042 0.0140954 0.0198421 0.0264914 0.0336919 0.0408522 0.0472653 0.0523517 0.0558347 0.0577354 0.0582583 0.0576939 0.0563737 0.0546378 0.0527816 0.0509941 0.0493113 0.0475953 0.0455473 0.0427657 0.0388711 0.0336908 0.027426 0.0206779
 0.0060917 0.00983877 0.0147144 0.0206728 0.0275686 0.0350654 0.0425753 0.0493593 0.0547618 0.0584061 0.0602355 0.0604367 0.0593452 0.0573647 0.0548972 0.0522831 0.0497587 0.0474211 0.0451961 0.0428249 0.0399135 0.0360701 0.0311045 0.0251947 0.0189001
 0.00638603 0.0103155 0.0154273 0.0216677 0.0288722 0.0366715 0.0444359 0.0513925 0.0568759 0.0605204 0.0622775 0.0623179 0.06094 0.0585186 0.0554592 0.0521423 0.0488661 0.0457986 0.0429378 0.0400931 0.0369222 0.0330583 0.0283029 0.0227912 0.0170095
 0.00665908 0.0107568 0.0160875 0.0225939 0.0301016 0.0382187 0.0462768 0.0534543 0.059042 0.0626521 0.0642423 0.0640111 0.0622878 0.0594621 0.0559341 0.0520709 0.0481724 0.0444399 0.0409364 0.0375553 0.0340374 0.0300744 0.0254819 0.0203556 0.0150958
 0.00693785 0.0112071 0.0167603 0.0235355 0.0313467 0.0397777 0.0481218 0.0555117 0.061198 0.0647702 0.066183 0.0656497 0.063528 0.0602418 0.0562196 0.0518411 0.0474047 0.0431125 0.0390519 0.0351745 0.0313032 0.0272066 0.0227374 0.0179667 0.0132124
 0.00717096 0.0115915 0.0173491 0.0243824 0.0324959 0.041248 0.0498894 0.0575017 0.0632927 0.0668292 0.068065 0.0672294 0.0647066 0.0609528 0.0564284 0.0515376 0.0465923 0.0418003 0.0372612 0.0329604 0.0287806 0.0245585 0.0201907 0.0157377 0.0114476
 0.00752804 0.0121575 0.0181743 0.0255055 0.0339386 0.0430065 0.0519213 0.0597173 0.0655591 0.0689872 0.0699541 0.068711 0.0656818 0.0613705 0.0562821 0.0508531 0.0454121 0.0401723 0.035238 0.0306131 0.0262188 0.0219418 0.017714 0.0135885 0.00975356
 0.0079214 0.0127637 0.0190252 0.0266097 0.0352834 0.0445608 0.053635 0.0615195 0.0673607 0.0706897 0.0714585 0.0699245 0.0665232 0.061777 0.0562167 0.0503086 0.0444085 0.0387506 0.0334562 0.0285489 0.0239795 0.0196696 0.0155745 0.0117377 0.00829676
 0.00817912 0.01319 0.0196784 0.0275441 0.0365326 0.0461142 0.0554198 0.0634032 0.0691812 0.0722987 0.0727527 0.0708515 0.0670665 0.0619367 0.0559964 0.0497134 0.0434494 0.0374513 0.0318591 0.0267211 0.0220171 0.0176975 0.0137332 0.0101554 0.00705726
 0.00833307 0.0134585 0.020117 0.0282175 0.0375023 0.0474165 0.0570405 0.065262 0.071135 0.0741644 0.0743432 0.0720147 0.0677157 0.0620582 0.0556344 0.0489403 0.0423398 0.0360699 0.0302642 0.0249768 0.0202053 0.015921 0.012105 0.00877613 0.00598837
 0.00834915 0.0134861 0.0201635 0.0282972 0.0376415 0.0476578 0.0574402 0.0658771 0.0719995 0.0752627 0.0755966 0.0732893 0.0688524 0.0629129 0.0561107 0.0490034 0.0420087 0.0353978 0.0293201 0.0238373 0.0189556 0.0146561 0.0109234 0.00776328 0.00519775
 0.00841678 0.013592 0.0203151 0.0284986 0.0378928 0.0479552 0.0577783 0.0662529 0.0724179 0.075738 0.0761438 0.0739073 0.0695063 0.0635303 0.0565966 0.0492674 0.0419916 0.0350848 0.0287393 0.0230485 0.0180385 0.0137006 0.0100182 0.00698241 0.00458662
 0.00849567 0.0137195 0.0205054 0.0287631 0.0382369 0.0483733 0.0582493 0.0667413 0.0728812 0.0761406 0.0764685 0.0741586 0.0697033 0.0636898 0.0567168 0.0493208 0.0419333 0.0348719 0.0283512 0.0224982 0.0173718 0.0129851 0.0093283 0.00638165 0.00411449
 0.00846429 0.0136612 0.0204052 0.0286056 0.0380136 0.0480929 0.0579445 0.0664655 0.0726948 0.0760914 0.0765779 0.0744197 0.0700873 0.064157 0.0572221 0.0498155 0.0423646 0.0351873 0.0285093 0.0224814 0.0171948 0.0126923 0.00898149 0.00604234 0.00382817
 0.00849693 0.0137141 0.0204834 0.0287109 0.0381409 0.0482265 0.0580583 0.0665302 0.0726907 0.0760212 0.0764693 0.0743154 0.0700283 0.0641674 0.0573041 0.049951 0.0425215 0.0353259 0.0285899 0.0224748 0.0170916 0.0125077 0.00875023 0.00580655 0.00362319
 0.0084699 0.0136652 0.0204013 0.0285839 0.0379615 0.047998 0.0577987 0.0662695 0.072462 0.0758501 0.0763701 0.0742938 0.0700871 0.0643085 0.0575244 0.0502368 0.0428455 0.0356503 0.0288737 0.0226831 0.017205 0.0125276 0.00869757 0.00571381 0.00352263
 0.00845548 0.0136488 0.0203892 0.0285839 0.0379792 0.0480305 0.0578321 0.0662824 0.0724356 0.0757782 0.0762627 0.0741728 0.0699778 0.0642328 0.0574976 0.0502662 0.0429284 0.0357724 0.0290103 0.0228052 0.017288 0.0125593 0.00868159 0.00566604 0.00346329
 0.0083636 0.0135123 0.020208 0.0283682 0.0377475 0.0478071 0.0576424 0.0661479 0.0723681 0.0757754 0.0763097 0.0742495 0.0700686 0.064332 0.0576083 0.0503947 0.0430785 0.0359407 0.0291851 0.0229687 0.0174214 0.0126499 0.00872728 0.00567504 0.00344996
 0.00844292 0.0136102 0.0202987 0.0284103 0.0376982 0.0476423 0.0573726 0.0658188 0.0720439 0.0755152 0.0761488 0.0741937 0.0701006 0.0644236 0.0577331 0.0505352 0.0432263 0.0360924 0.0293367 0.0231121 0.0175458 0.0127453 0.00878897 0.00570589 0.00345844
 0.00860482 0.0138471 0.0206047 0.028758 0.0380402 0.0479183 0.0575203 0.0657893 0.0718202 0.0751259 0.0756661 0.073711 0.0696996 0.0641505 0.0575927 0.0505034 0.0432686 0.0361774 0.0294414 0.0232204 0.0176456 0.0128275 0.00884843 0.00574228 0.00347605
 0.00874038 0.0140494 0.0208746 0.0290822 0.0383916 0.0482585 0.0578029 0.0659644 0.0718437 0.0749736 0.0753461 0.0732684 0.0692077 0.0636905 0.0572299 0.0502705 0.0431632 0.0361727 0.029501 0.0233108 0.0177414 0.0129126 0.00891441 0.00578712 0.00350237
 0.0087958 0.0141512 0.0210482 0.0293553 0.0387836 0.0487656 0.0583858 0.0665494 0.0723391 0.0752945 0.0754371 0.0731154 0.0688398 0.0631715 0.0566441 0.0497023 0.0426776 0.0358035 0.0292505 0.02316 0.0176621 0.0128775 0.00890253 0.00578499 0.00350281
 0.00860869 0.0138767 0.0206919 0.0289453 0.038368 0.048404 0.0581391 0.0664671 0.0724447 0.0755732 0.075834 0.0735496 0.0692295 0.0634592 0.0568101 0.0497636 0.0426745 0.0357808 0.0292417 0.0231791 0.0177059 0.0129335 0.00895719 0.00582928 0.00353359
 0.00840293 0.0135753 0.0203006 0.0284933 0.0379028 0.0479813 0.0578136 0.0662857 0.0724395 0.0757534 0.0761787 0.0740079 0.0697299 0.0639264 0.057184 0.0500138 0.0428046 0.0358206 0.0292323 0.0231569 0.0176929 0.012936 0.00897106 0.00584707 0.00354938
 0.00820626 0.0132548 0.0198191 0.0278226 0.0370375 0.0469571 0.0567195 0.0652577 0.0716297 0.0752865 0.0761179 0.0743439 0.0703912 0.064802 0.0581493 0.0509554 0.0436391 0.0365046 0.0297602 0.0235484 0.0179776 0.0131412 0.00911692 0.00594724 0.00361424
 0.00810687 0.0130909 0.0195675 0.0274585 0.0365374 0.0463063 0.0559237 0.0643552 0.0706979 0.0744368 0.0754762 0.0740187 0.0704414 0.0652185 0.058858 0.0518404 0.0445752 0.037386 0.0305176 0.0241528 0.0184317 0.013466 0.00933931 0.00609273 0.00370434
 0.00800037 0.012931 0.0193506 0.0271879 0.0362192 0.0459435 0.0555138 0.0638925 0.0701824 0.0738851 0.0749303 0.0735469 0.0701265 0.0651345 0.0590433 0.0522808 0.0452052 0.0381096 0.0312366 0.0247916 0.0189489 0.0138525 0.00960827 0.00626779 0.0038109
 0.00790496 0.0127854 0.0191498 0.0269345 0.0359239 0.0456238 0.0551914 0.0635885 0.0699102 0.073645 0.0747118 0.0733404 0.0699392 0.0649978 0.0590064 0.052389 0.0454772 0.0385238 0.0317368 0.0253064 0.0194152 0.0142309 0.00988662 0.00645483 0.00392621
 0.00792106 0.0127875 0.019109 0.0268111 0.0356797 0.0452412 0.0546885 0.0630205 0.0693531 0.0731711 0.0743685 0.073142 0.0698726 0.065038 0.0591332 0.0525965 0.0457696 0.0389015 0.0321827 0.0257825 0.0198728 0.0146265 0.0101948 0.00667169 0.00406435
 0.00862219 0.0137763 0.0203163 0.0280739 0.0367824 0.0459851 0.0549524 0.0627841 0.0686854 0.0722007 0.0732506 0.0720264 0.068876 0.0642279 0.0585296 0.0521881 0.0455329 0.0388127 0.032218 0.0259125 0.0200597 0.0148292 0.0103785 0.0068157 0.00416355
 0.00926795 0.0148025 0.0218072 0.0300661 0.0392275 0.0487094 0.0576394 0.0650205 0.070077 0.0725105 0.0724798 0.0703941 0.0667195 0.0618889 0.0562753 0.0501848 0.0438575 0.0374809 0.0312105 0.0251921 0.0195786 0.0145337 0.0102141 0.00673413 0.00412808
 0.00913343 0.0147084 0.0218957 0.030546 0.0403189 0.0505512 0.0602021 0.068068 0.0732006 0.0752221 0.0743341 0.071105 0.0662336 0.0603853 0.0540913 0.047703 0.0414065 0.0352833 0.0293808 0.0237608 0.0185228 0.0138003 0.00973676 0.00644464 0.00396535
 0.00884877 0.0142578 0.0212499 0.0297122 0.03937 0.049654 0.059617 0.0680919 0.0740522 0.0769189 0.0766366 0.0735726 0.0683711 0.0618072 0.0546306 0.047425 0.040542 0.0341232 0.0281829 0.0226995 0.017682 0.0131934 0.00933433 0.0061992 0.0038279
 0.00876841 0.0141057 0.0209814 0.0292731 0.038712 0.0487617 0.0585407 0.0669701 0.0731064 0.0764098 0.0767818 0.0744513 0.0698623 0.0636066 0.0563517 0.048738 0.0412787 0.0343022 0.0279565 0.0222662 0.0172117 0.0127913 0.00904113 0.00601104 0.00372021
 0.00884884 0.0142187 0.0211166 0.0294039 0.0387952 0.0487422 0.0583606 0.066587 0.0725195 0.0756857 0.0760631 0.0739293 0.0697129 0.0639127 0.0570525 0.0496424 0.0421414 0.0349236 0.0282509 0.022268 0.0170282 0.0125407 0.00880899 0.00583748 0.00360957
 0.00883246 0.0141969 0.0210919 0.0293798 0.0387723 0.0487128 0.0583053 0.0664754 0.0723187 0.0753753 0.0756532 0.0734747 0.0693126 0.0636855 0.0570914 0.0499664 0.0426759 0.0355258 0.0287721 0.0226131 0.0171816 0.0125492 0.00874238 0.00575407 0.00354143
 0.00889762 0.0142989 0.021238 0.0295738 0.0390132 0.048993 0.058607 0.066768 0.0725589 0.0755127 0.0756419 0.0732898 0.0689669 0.0632373 0.0566352 0.0496027 0.0424713 0.0354857 0.0288424 0.0227131 0.0172454 0.012551 0.00869408 0.00568493 0.00347727
 0.00871232 0.0140229 0.02087 0.0291306 0.0385267 0.0485042 0.058161 0.0664102 0.0723292 0.0754362 0.0757197 0.0734951 0.0692516 0.0635494 0.0569383 0.0498886 0.0427551 0.0357864 0.0291612 0.0230262 0.0175163 0.0127511 0.00881663 0.00574415 0.00349681
 0.00853535 0.013762 0.0205279 0.0287285 0.0381005 0.0480961 0.057812 0.0661543 0.0721895 0.0754209 0.0758203 0.0736892 0.0695085 0.0638358 0.0572242 0.0501538 0.0429933 0.0360038 0.0293674 0.023224 0.0176968 0.0128994 0.0089223 0.00580728 0.00352707
 0.0084658 0.0136471 0.0203526 0.0284812 0.0377794 0.0477168 0.0574129 0.0657915 0.0719209 0.0752866 0.0758307 0.0738255 0.069734 0.0641096 0.057511 0.0504282 0.043241 0.0362205 0.029556 0.0233891 0.0178401 0.0130181 0.00901226 0.00586752 0.00356166
 0.00863251 0.0138659 0.0205853 0.0286595 0.0378235 0.0475658 0.0570509 0.0652575 0.0712973 0.0746762 0.0753296 0.0735019 0.0696149 0.06418 0.0577254 0.0507281 0.0435722 0.0365428 0.0298459 0.0236365 0.0180427 0.0131769 0.00912966 0.00594773 0.00361124
 0.00872223 0.0140266 0.0208507 0.0290599 0.0383656 0.0482086 0.0576939 0.0657583 0.0715214 0.0745536 0.0748866 0.0728474 0.0688946 0.0635244 0.0572162 0.0503907 0.0433885 0.0364726 0.0298461 0.0236725 0.0180916 0.0132256 0.00917116 0.0059791 0.00363223
 0.008425 0.0136083 0.020343 0.0285374 0.03793 0.0479588 0.0576947 0.0660184 0.0719857 0.0751124 0.0754051 0.073211 0.0690502 0.0634949 0.05708 0.0502397 0.0432903 0.0364539 0.0298982 0.0237681 0.0182015 0.0133279 0.00925424 0.00603944 0.00367178
 0.0084548 0.0136162 0.0202839 0.0283542 0.0375815 0.047456 0.0571238 0.0655257 0.0717224 0.0751675 0.0757632 0.0737602 0.0696318 0.0639682 0.0573692 0.0503468 0.0432726 0.0363859 0.029838 0.023743 0.0182118 0.0133601 0.00929271 0.00607356 0.00369692
 0.00853798 0.0137399 0.0204457 0.0285363 0.0377467 0.047548 0.0570775 0.0652935 0.0713079 0.0746463 0.075268 0.0734272 0.0695377 0.0640978 0.0576332 0.0506339 0.0435022 0.0365305 0.0299138 0.023783 0.0182428 0.0133937 0.00932838 0.00610601 0.00372202
 0.00880583 0.0141746 0.0210961 0.029441 0.0389174 0.0489468 0.0585969 0.0667563 0.0724995 0.0753723 0.0754152 0.0730003 0.0686551 0.0629447 0.0563958 0.0494466 0.0424311 0.0355928 0.0291084 0.0231104 0.0177065 0.0129923 0.00904967 0.0059275 0.0036169
 0.00875671 0.0141095 0.0210273 0.0293942 0.0389313 0.0490684 0.0588711 0.0672098 0.0731209 0.0760978 0.0761314 0.0735727 0.0689727 0.0629603 0.0561391 0.0490036 0.0419042 0.035065 0.0286294 0.0227019 0.0173752 0.0127381 0.00886757 0.00580733 0.00354454
 0.00871696 0.0140333 0.0208926 0.0291774 0.0386183 0.04867 0.0584353 0.0668199 0.0728759 0.0760797 0.0763745 0.0740454 0.069583 0.063583 0.056657 0.0493444 0.0420556 0.0350634 0.0285327 0.0225648 0.017236 0.012618 0.00877517 0.00574316 0.00350433
 0.00882223 0.0141944 0.0211149 0.0294551 0.0389314 0.0489828 0.0586994 0.0669855 0.0729113 0.0759901 0.0762056 0.0738668 0.0694562 0.0635335 0.0566651 0.0493596 0.0420253 0.0349589 0.0283582 0.0223494 0.0170164 0.012424 0.00862284 0.00563548 0.00343548
 0.00877823 0.0141393 0.0210622 0.0294271 0.0389523 0.0490682 0.0588463 0.0671698 0.0730936 0.0761288 0.0762725 0.0738588 0.0693973 0.0634637 0.0566204 0.0493536 0.0420443 0.034973 0.0283407 0.0222904 0.0169255 0.0123213 0.00852802 0.00556071 0.00338396
 0.00877379 0.0141089 0.0209753 0.0292458 0.0386469 0.0486387 0.0583373 0.0666646 0.0726871 0.075892 0.0762292 0.0739862 0.0696454 0.0637802 0.056966 0.0497046 0.0423843 0.0352846 0.0286043 0.0224903 0.0170572 0.0123934 0.00855771 0.0055664 0.0033798
 0.00903601 0.0145052 0.0215137 0.0299073 0.0393838 0.0493761 0.0589807 0.0671169 0.0728764 0.0757985 0.0758937 0.0734917 0.0690834 0.0632222 0.0564542 0.0492577 0.0420079 0.0349777 0.0283602 0.0222982 0.0169048 0.0122712 0.00846089 0.00549311 0.00332842
 0.00914669 0.0147041 0.0218464 0.030423 0.0401174 0.0503224 0.0600728 0.0682257 0.073838 0.0764598 0.0761563 0.0733358 0.0685661 0.0624533 0.0555609 0.0483524 0.04117 0.0342509 0.0277602 0.0218223 0.0165403 0.0120013 0.00826818 0.00536171 0.00324397
 0.0088879 0.0143264 0.0213602 0.0298724 0.039576 0.0498817 0.0598256 0.0682457 0.0741556 0.0770416 0.0769033 0.0741088 0.0692296 0.0629168 0.0557984 0.0483948 0.0410801 0.0340951 0.0275901 0.0216682 0.0164146 0.0119052 0.00819807 0.00531258 0.0032112
 0.00854832 0.0137834 0.020563 0.0287897 0.0382131 0.0483035 0.0581731 0.0667281 0.0730068 0.0764551 0.0769735 0.0748052 0.0704103 0.0643731 0.0573132 0.0497945 0.0422627 0.0350294 0.0282942 0.0221823 0.0167808 0.0121588 0.00836665 0.0054184 0.00327294
 0.00841563 0.013536 0.0201326 0.0280937 0.0371758 0.0468905 0.056426 0.0647819 0.071077 0.0747995 0.0758384 0.0743684 0.0707358 0.0653926 0.0588442 0.0515923 0.0440856 0.0366916 0.0296891 0.0232771 0.0175934 0.0127324 0.00875124 0.00566196 0.00341725
 0.00886136 0.0142015 0.0210201 0.0291553 0.038313 0.0479606 0.0572569 0.0651972 0.0709415 0.074071 0.0746011 0.0728245 0.0691538 0.0640312 0.0578826 0.0510912 0.0439915 0.0368776 0.0300107 0.0236174 0.0178832 0.0129468 0.00889408 0.00574923 0.00346655
 0.00926781 0.0148576 0.0219947 0.0304986 0.040033 0.0499916 0.0594339 0.0672601 0.072583 0.0750146 0.0746767 0.0720147 0.0675981 0.0619913 0.0556769 0.0490162 0.0422552 0.0355686 0.0291105 0.023042 0.0175317 0.0127343 0.00876371 0.00566829 0.00341712
 0.0095662 0.0153483 0.0227439 0.0315712 0.0414787 0.0518213 0.0615902 0.0695992 0.0748778 0.0769851 0.0760411 0.0725507 0.0672012 0.0607097 0.0537069 0.0466545 0.0398237 0.0333385 0.0272524 0.0216157 0.0165099 0.0120433 0.00831868 0.00539462 0.00325713
 0.00982114 0.0157495 0.023324 0.032355 0.0424826 0.0530507 0.0630316 0.0712086 0.0765712 0.0786344 0.0774802 0.073594 0.0676772 0.0605051 0.0528064 0.0451591 0.0379345 0.031308 0.0253207 0.0199573 0.0152095 0.0111034 0.00768829 0.00500049 0.0030272
 0.00971804 0.015594 0.023114 0.0321002 0.0422072 0.0527957 0.0628558 0.071185 0.0767747 0.0791198 0.0782557 0.0746011 0.0687866 0.061537 0.0535749 0.0455266 0.0378554 0.030841 0.0246033 0.019155 0.0144639 0.0105006 0.00725454 0.00471899 0.00286098
 0.00932316 0.0150023 0.022318 0.0311286 0.0411197 0.0516734 0.0617939 0.0702897 0.076156 0.0788769 0.0784563 0.0752607 0.0698543 0.0628922 0.0550408 0.0469051 0.0389743 0.0315985 0.0249892 0.0192395 0.0143599 0.0103193 0.00707552 0.00458118 0.00277153
#obs surv len freq
 0.00496768 0.00813922 0.0123843 0.0177176 0.024013 0.0309035 0.0377603 0.0438566 0.0486389 0.0519046 0.0537729 0.0545313 0.0545026 0.0539871 0.0532469 0.0524958 0.0518783 0.0514283 0.051007 0.0502455 0.048562 0.0453264 0.0401618 0.0332367 0.0253317
 0.00518917 0.00849816 0.0129227 0.0184744 0.0250182 0.0321673 0.039262 0.0455384 0.0504121 0.0536635 0.0554084 0.0559397 0.0555903 0.0546732 0.0534679 0.0522108 0.0510748 0.0501291 0.0492748 0.0481854 0.0463191 0.0430738 0.0380768 0.0314668 0.0239632
 0.00542831 0.0088895 0.0135162 0.019318 0.0261474 0.0335909 0.0409474 0.0474078 0.0523557 0.0555618 0.0571514 0.0574342 0.0567577 0.0554448 0.0537821 0.0520152 0.0503336 0.0488348 0.047463 0.0459481 0.0438095 0.0404947 0.0356488 0.0293814 0.0223376
 0.00566153 0.00927348 0.0141032 0.02016 0.0272865 0.0350436 0.0426875 0.0493606 0.0544075 0.0575816 0.059013 0.0590298 0.0580026 0.0562748 0.0541469 0.0518717 0.0496452 0.0475803 0.0456556 0.0436583 0.0411809 0.0377394 0.0330129 0.027089 0.0205342
 0.00589969 0.00966436 0.0146986 0.021011 0.0284344 0.0365046 0.0444376 0.0513284 0.0564833 0.0596373 0.0609213 0.0606776 0.059297 0.0571445 0.0545394 0.0517486 0.0489767 0.0463476 0.0438652 0.0413669 0.0385184 0.0349125 0.0302759 0.0246836 0.0186256
 0.00612321 0.010031 0.0152567 0.0218081 0.029509 0.0378725 0.0460773 0.0531754 0.0584385 0.061585 0.0627465 0.0622762 0.0605796 0.0580375 0.0549845 0.0517003 0.0484008 0.0452229 0.0421945 0.0391984 0.0359691 0.0321765 0.0275997 0.0223099 0.016727
 0.00637185 0.0104375 0.0158725 0.0226822 0.0306777 0.0393443 0.0478173 0.055101 0.0604323 0.0635186 0.0645024 0.0637591 0.0617179 0.0587787 0.0552897 0.0515387 0.0477466 0.0440584 0.0405216 0.0370594 0.0334704 0.0294984 0.024976 0.0199752 0.0148523
 0.00663982 0.0108734 0.0165288 0.0236073 0.031906 0.040881 0.0496222 0.0570839 0.0624654 0.0654617 0.0662271 0.0651645 0.0627343 0.0593657 0.0554279 0.0512202 0.0469673 0.0428162 0.0388261 0.0349518 0.0310472 0.026923 0.0224624 0.0177405 0.0130563
 0.0068449 0.0112179 0.0170676 0.0243978 0.0329956 0.0422869 0.0513127 0.0589725 0.0644248 0.06735 0.0679132 0.0665419 0.0637274 0.0599284 0.0555402 0.0508805 0.0461843 0.041604 0.0372077 0.0329739 0.0288005 0.0245538 0.0201603 0.0156978 0.0114151
 0.00705578 0.0115602 0.0175825 0.0251243 0.0339653 0.0435135 0.0527792 0.0606233 0.0661684 0.0690713 0.0694902 0.0678621 0.0647001 0.060493 0.0556667 0.0505648 0.0454396 0.0404544 0.0356887 0.031141 0.0267436 0.0224061 0.0180885 0.0138682 0.0099492
 0.0072814 0.0119292 0.018141 0.0259151 0.0350169 0.0448255 0.0543084 0.0622826 0.0678427 0.0706429 0.0708585 0.0689508 0.0654543 0.0608751 0.0556553 0.0501549 0.0446418 0.0392937 0.0342049 0.0293938 0.0248221 0.0204328 0.0162095 0.0122251 0.00864194
 0.00741282 0.0121503 0.0184879 0.0264268 0.0357279 0.0457532 0.0554407 0.0635708 0.0692071 0.0719867 0.0720846 0.0699746 0.0662111 0.0613222 0.0557689 0.0499257 0.0440727 0.0383999 0.0330173 0.0279654 0.0232336 0.018794 0.0146477 0.0108604 0.00755776
 0.00751616 0.0123153 0.0187314 0.0267642 0.0361732 0.0463172 0.0561269 0.0643708 0.0700971 0.0729264 0.0730185 0.0708372 0.0669351 0.0618465 0.0560462 0.049926 0.0437826 0.0378221 0.0321721 0.0268951 0.022007 0.0175056 0.0134071 0.00977052 0.00668952
 0.00759162 0.0124343 0.0189037 0.0269967 0.036469 0.0466751 0.0565407 0.0648306 0.0705919 0.073447 0.0735561 0.0713779 0.067453 0.0623018 0.056389 0.0501051 0.043756 0.0375643 0.0316801 0.0261922 0.021145 0.0165626 0.0124759 0.00893938 0.00602089
 0.00765731 0.0125345 0.0190424 0.0271732 0.0366791 0.0469123 0.0567971 0.065098 0.0708633 0.0737186 0.0738288 0.0716552 0.0677361 0.0625832 0.0566469 0.0503036 0.0438504 0.0375124 0.0314538 0.0257885 0.0205913 0.0159153 0.0118095 0.00832842 0.00552072
 0.00771638 0.0126255 0.0191695 0.0273366 0.0368739 0.0471289 0.0570214 0.0653135 0.0710551 0.0738784 0.0739579 0.0717632 0.0678364 0.0626863 0.0567546 0.0504044 0.0439187 0.0375134 0.0313533 0.0255657 0.02025 0.0154868 0.0113467 0.00788992 0.00515352
 0.00775686 0.0126881 0.0192578 0.0274513 0.0370129 0.0472865 0.0571885 0.0654777 0.0712031 0.0739995 0.0740471 0.0718224 0.0678739 0.0627134 0.0567813 0.050434 0.0439441 0.0375158 0.031307 0.0254477 0.0200508 0.0152182 0.0110406 0.00758817 0.00489332
 0.00783494 0.0128069 0.0194213 0.0276571 0.0372527 0.0475469 0.0574514 0.0657218 0.0714067 0.0741447 0.074124 0.0718308 0.0678224 0.0626172 0.056659 0.0503026 0.0438144 0.0373888 0.0311737 0.0252935 0.0198646 0.0150004 0.0108057 0.00736073 0.00469762
 0.00783953 0.0128179 0.0194441 0.0276986 0.0373188 0.0476393 0.0575657 0.0658475 0.0715305 0.0742548 0.0742126 0.0718943 0.0678598 0.0626295 0.0566488 0.0502744 0.0437732 0.0373376 0.0311112 0.0252143 0.0197625 0.0148743 0.0106634 0.00721733 0.00457
 0.00786916 0.0128569 0.019486 0.0277331 0.0373355 0.047634 0.0575443 0.0658244 0.071522 0.0742716 0.0742555 0.0719552 0.0679269 0.0626917 0.0566983 0.0503071 0.0437883 0.0373355 0.0310922 0.0251774 0.0197065 0.0147999 0.0105757 0.00712616 0.00448673
 0.00787956 0.0128724 0.0195064 0.027756 0.0373558 0.0476438 0.0575341 0.0657873 0.0714585 0.074193 0.0741816 0.0719073 0.0679187 0.0627241 0.0567611 0.0503845 0.0438648 0.0373998 0.0311373 0.0251998 0.0197052 0.0147768 0.010536 0.00707771 0.00443851
 0.00791396 0.0129228 0.019572 0.0278322 0.0374355 0.0477186 0.0575959 0.0658281 0.0714712 0.0741727 0.0741286 0.0718297 0.0678317 0.0626455 0.0567051 0.0503565 0.0438608 0.0374098 0.0311499 0.0252059 0.0196996 0.0147584 0.0105071 0.00704349 0.00440485
 0.00789269 0.0128903 0.019527 0.0277748 0.0373669 0.0476414 0.0575137 0.065746 0.0713958 0.0741113 0.0740871 0.0718116 0.0678376 0.0626748 0.0567563 0.050428 0.0439489 0.0375075 0.0312473 0.0252924 0.019767 0.0148028 0.0105297 0.00704907 0.00440012
 0.00790626 0.0129052 0.0195364 0.0277683 0.0373341 0.0475764 0.0574192 0.0656334 0.071281 0.0740095 0.0740093 0.071763 0.0678194 0.0626854 0.0567926 0.050486 0.044024 0.0375939 0.0313377 0.0253785 0.0198407 0.0148586 0.010566 0.00706828 0.00440706
 0.00788047 0.0128671 0.0194856 0.0277062 0.037262 0.0474939 0.0573239 0.0655232 0.0711583 0.0738839 0.0738969 0.0716819 0.0677831 0.062699 0.0568526 0.0505827 0.0441454 0.0377279 0.0314732 0.0255056 0.0199512 0.0149467 0.0106297 0.00710936 0.0044302
 0.00787223 0.0128462 0.0194408 0.0276237 0.0371305 0.0473115 0.0571029 0.0652888 0.0709403 0.0737068 0.0737746 0.0716187 0.067778 0.062749 0.056953 0.0507257 0.0443193 0.0379183 0.031665 0.0256852 0.0201078 0.0150736 0.0107244 0.00717387 0.00446992
 0.00783045 0.0127836 0.0193559 0.0275176 0.0370043 0.0471649 0.056934 0.0650974 0.0707335 0.0735015 0.0735959 0.0714923 0.0677221 0.0627696 0.0570447 0.0508757 0.044511 0.0381341 0.0318872 0.0258973 0.0202962 0.0152288 0.0108427 0.00725658 0.0045226
 0.00783995 0.0127905 0.0193509 0.0274875 0.0369368 0.0470543 0.0567857 0.0649266 0.0705584 0.0733368 0.0734505 0.071372 0.0676345 0.0627247 0.0570515 0.0509378 0.0446241 0.0382863 0.0320622 0.0260773 0.0204649 0.015374 0.0109571 0.00733899 0.00457659
 0.00779126 0.0127187 0.0192561 0.0273733 0.036808 0.0469135 0.0566323 0.0647596 0.0703816 0.0731621 0.0732962 0.0712576 0.0675737 0.062723 0.0571077 0.0510465 0.0447776 0.038474 0.0322703 0.0262893 0.0206642 0.0155465 0.0110945 0.0074392 0.00464314
 0.00775772 0.0126582 0.0191548 0.0272167 0.0365866 0.0466304 0.0563085 0.0644311 0.0700882 0.0729347 0.0731498 0.0711927 0.067584 0.0628007 0.0572448 0.0512344 0.0450052 0.0387284 0.0325365 0.0265512 0.0209058 0.0157545 0.0112602 0.00756052 0.0047243
 0.00772151 0.0125985 0.0190632 0.0270841 0.0364043 0.046393 0.0560174 0.064099 0.0697407 0.0726081 0.0728835 0.0710197 0.0675219 0.0628491 0.0573896 0.0514539 0.0452767 0.0390302 0.0328485 0.0268545 0.0211833 0.0159922 0.0114495 0.00769962 0.00481785
 0.00930777 0.0148163 0.0217344 0.02982 0.0387189 0.0478827 0.0565035 0.0636539 0.0686052 0.0710702 0.0711907 0.0693476 0.0659807 0.061501 0.0562619 0.0505488 0.0445786 0.0385137 0.0324842 0.0266128 0.0210355 0.0159118 0.0114131 0.00768836 0.00481831
 0.00928816 0.015082 0.0226585 0.0318656 0.0422371 0.05284 0.0623091 0.0692557 0.0728629 0.0732043 0.0710396 0.0673099 0.0627407 0.0577374 0.0524803 0.047051 0.0415091 0.03592 0.0303621 0.0249322 0.0197527 0.0149744 0.0107629 0.00726413 0.00456029
 0.00895583 0.0145566 0.0219176 0.0309561 0.0413305 0.052271 0.0625363 0.0706977 0.0756476 0.0769817 0.0750245 0.0705799 0.0646215 0.0580378 0.0514626 0.0452151 0.0393572 0.0338187 0.0285168 0.0234242 0.0185884 0.0141219 0.0101726 0.00688015 0.00432751
 0.00877585 0.0142563 0.0214518 0.0302809 0.0404198 0.051148 0.0613144 0.0696097 0.0750287 0.0771782 0.0762379 0.0727188 0.067266 0.0605749 0.0533354 0.046137 0.0393699 0.0331922 0.0275848 0.0224577 0.0177487 0.0134723 0.00971339 0.00658045 0.00414675
 0.00872435 0.0141629 0.0212927 0.0300254 0.0400349 0.0506072 0.0606113 0.0687745 0.0741459 0.0763983 0.0757675 0.0727697 0.0679623 0.0618615 0.0549535 0.0477077 0.0405498 0.0338074 0.027666 0.022175 0.017306 0.013028 0.00935289 0.0063272 0.00398827
 0.0086964 0.0141201 0.0212324 0.0299442 0.0399263 0.0504581 0.0604016 0.0684813 0.0737547 0.0759188 0.0752512 0.0723177 0.0677112 0.0619392 0.0554151 0.048486 0.0414617 0.0346258 0.0282178 0.0224048 0.0172716 0.0128447 0.00913067 0.00613561 0.00385301
 0.00867196 0.0140791 0.0211685 0.0298517 0.0398015 0.0503021 0.0602207 0.0682847 0.0735482 0.0757019 0.0750197 0.0720762 0.067489 0.0617956 0.0554245 0.0487017 0.0418765 0.0351583 0.0287413 0.0228038 0.0174906 0.0128989 0.0090799 0.00604534 0.0037682
 0.00866662 0.0140657 0.0211394 0.0297971 0.0397116 0.0501713 0.0600513 0.0680879 0.0733414 0.0755034 0.0748429 0.0719274 0.0673703 0.0617136 0.0553982 0.0487605 0.0420452 0.0354343 0.0290828 0.0231413 0.0177578 0.0130618 0.00914457 0.00604458 0.00373897
 0.0086603 0.0140605 0.0211406 0.0298111 0.0397427 0.0502168 0.0600987 0.0681171 0.0733324 0.0754441 0.0747348 0.0717836 0.0672102 0.0615577 0.0552658 0.0486715 0.0420188 0.0354826 0.0292007 0.0233023 0.0179215 0.0131914 0.00922235 0.00607443 0.0037381
 0.00865616 0.0140523 0.021126 0.029788 0.0397112 0.0501807 0.0600661 0.0680971 0.0733297 0.0754545 0.0747453 0.0717787 0.0671795 0.0615013 0.0551944 0.0486027 0.0419721 0.0354741 0.0292377 0.0233789 0.0180191 0.0132861 0.00929488 0.00611751 0.00375592
 0.00861153 0.0139866 0.0210396 0.0296858 0.0396007 0.0500701 0.0599629 0.0680084 0.0732633 0.075418 0.0747436 0.0718102 0.067235 0.0615667 0.0552567 0.0486556 0.042018 0.0355219 0.0292967 0.0234531 0.0181042 0.0133706 0.00936649 0.00616851 0.00378582
 0.00864807 0.0140346 0.0210911 0.0297268 0.0396163 0.0500511 0.0599106 0.0679346 0.0731839 0.0753471 0.0746889 0.0717736 0.067215 0.0615597 0.0552581 0.0486605 0.0420237 0.0355291 0.0293094 0.0234756 0.0181373 0.0134105 0.00940592 0.00620087 0.00380784
 0.00862815 0.0140123 0.0210756 0.0297308 0.0396503 0.0501155 0.0599914 0.0680067 0.0732225 0.0753395 0.0746398 0.0717008 0.0671392 0.0614962 0.0552134 0.0486339 0.042011 0.035526 0.0293136 0.0234867 0.0181551 0.0134335 0.00943055 0.00622302 0.00382459
 0.00861686 0.0139913 0.0210398 0.0296759 0.0395762 0.05003 0.0599113 0.0679525 0.0732089 0.0753669 0.0746933 0.0717586 0.0671843 0.0615233 0.0552274 0.0486438 0.0420236 0.0355439 0.0293363 0.0235124 0.0181823 0.0134605 0.00945567 0.00624424 0.00384057
 0.00862299 0.0140013 0.0210545 0.0296954 0.0395985 0.0500507 0.0599241 0.067952 0.0731944 0.0753436 0.0746709 0.0717448 0.0671803 0.0615235 0.0552246 0.048634 0.0420084 0.035528 0.0293243 0.0235068 0.0181832 0.0134665 0.00946455 0.00625371 0.00384882
 0.00862299 0.0140013 0.0210545 0.0296954 0.0395985 0.0500507 0.0599241 0.067952 0.0731944 0.0753436 0.0746709 0.0717448 0.0671803 0.0615235 0.0552246 0.048634 0.0420084 0.035528 0.0293243 0.0235068 0.0181832 0.0134665 0.00946455 0.00625371 0.00384882
 0.00893469 0.0144926 0.0217629 0.030639 0.0407654 0.051386 0.0613208 0.0692578 0.0742419 0.0759947 0.0748528 0.0714636 0.066508 0.0605715 0.0541145 0.0474757 0.0408884 0.034507 0.0284398 0.022777 0.0176104 0.0130406 0.0091663 0.00605847 0.00373025
 0.0088305 0.0143621 0.0216389 0.0305779 0.0408341 0.0516398 0.0617815 0.0699029 0.0750068 0.0767843 0.0755596 0.0719887 0.0667829 0.0605726 0.0538655 0.0470366 0.0403364 0.0339179 0.0278754 0.0222794 0.0172025 0.0127285 0.00894374 0.0059111 0.00364013
 0.0087609 0.0142342 0.0214223 0.0302442 0.0403743 0.0510869 0.0612229 0.0694671 0.0748217 0.076926 0.0760202 0.072679 0.0675658 0.0613072 0.0544437 0.0474034 0.0404907 0.0338993 0.0277432 0.0220937 0.0170111 0.0125616 0.00881504 0.00582176 0.00358394
 0.0088739 0.0144036 0.0216489 0.0305141 0.0406574 0.0513384 0.0613909 0.0695093 0.0747273 0.0767321 0.0758042 0.0725274 0.067533 0.0613908 0.0545899 0.0475359 0.0405452 0.0338462 0.0275913 0.0218786 0.0167768 0.012346 0.00864074 0.00569598 0.00350229
 0.00888761 0.0144367 0.0217179 0.0306391 0.0408543 0.051607 0.061706 0.0698205 0.074972 0.0768569 0.0757873 0.072389 0.0673293 0.0611899 0.054442 0.0474532 0.0405034 0.0338041 0.0275156 0.0217589 0.0166259 0.0121886 0.00850048 0.00558697 0.00342748
 0.00878221 0.0142677 0.0214699 0.0303041 0.0404394 0.0511424 0.0612482 0.0694426 0.0747414 0.0768086 0.0759106 0.072637 0.067643 0.0615237 0.0547741 0.0477789 0.0408189 0.0340961 0.0277622 0.0219408 0.0167368 0.0122382 0.00850864 0.00557459 0.00340999
 0.00889645 0.0144352 0.0216873 0.0305542 0.0406933 0.051365 0.0614052 0.0695092 0.0747097 0.0766931 0.0757441 0.0724571 0.0674775 0.0613837 0.054658 0.047682 0.0407399 0.0340352 0.0277166 0.0219027 0.0166977 0.0121936 0.00846067 0.00552931 0.00337313
 0.00898534 0.0145871 0.021928 0.0309077 0.0411707 0.05195 0.0620437 0.0701137 0.075182 0.076956 0.0757654 0.0722555 0.0671096 0.0609213 0.0541674 0.0472113 0.0403173 0.0336732 0.0274177 0.0216631 0.0165096 0.0120482 0.00835037 0.00544841 0.0033171
 0.0088957 0.0144528 0.0217485 0.0306941 0.0409472 0.0517534 0.061919 0.0701025 0.0753062 0.0772029 0.0760861 0.0725811 0.0673772 0.0610952 0.0542448 0.0472139 0.0402757 0.0336141 0.0273583 0.021611 0.0164663 0.0120124 0.0083204 0.00542367 0.00329772
 0.00872032 0.0141636 0.021308 0.0300708 0.0401302 0.0507709 0.0608535 0.0690868 0.0744949 0.0767278 0.0760176 0.0729103 0.0680245 0.0619383 0.0551555 0.0480882 0.0410493 0.0342608 0.0278776 0.0220146 0.0167694 0.0122302 0.00846817 0.00551695 0.00335177
 0.00862672 0.0139958 0.0210267 0.0296302 0.0394893 0.0499125 0.059803 0.0679223 0.0733395 0.075729 0.0753172 0.0726132 0.0681726 0.0624989 0.05603 0.0491403 0.0421409 0.0352819 0.0287599 0.0227299 0.0173181 0.0126292 0.00874225 0.00569339 0.00345719
 0.00889231 0.0144092 0.021611 0.0303855 0.0403813 0.0508626 0.060685 0.0685786 0.0736231 0.0755551 0.0746998 0.0716659 0.0670732 0.061436 0.0551511 0.0485212 0.0417823 0.0351305 0.0287409 0.0227753 0.017381 0.0126852 0.00878298 0.00571922 0.00347174
 0.00913098 0.0148198 0.0222679 0.0313637 0.0417295 0.0525636 0.0626225 0.0705357 0.0753237 0.0767344 0.075173 0.0713713 0.0660821 0.05993 0.0533739 0.0467178 0.0401456 0.0337717 0.0276908 0.0220071 0.0168413 0.0123179 0.0085407 0.00556556 0.00337927
 0.00928578 0.015088 0.0227027 0.0320267 0.0426786 0.0538315 0.0641914 0.0723192 0.0771651 0.078424 0.0764826 0.0721009 0.066109 0.0592443 0.0520853 0.045028 0.0382953 0.0319826 0.026122 0.0207391 0.0158854 0.0116399 0.0080864 0.00527806 0.00320828
 0.00933078 0.0151717 0.0228493 0.0322685 0.0430525 0.0543721 0.064921 0.0732387 0.0782453 0.0795993 0.0776475 0.0731163 0.066823 0.0595268 0.051867 0.0443273 0.0372193 0.0306989 0.0248116 0.0195513 0.0149108 0.0109075 0.00757833 0.00495146 0.0030136
 0.00912206 0.014841 0.0223707 0.0316312 0.0422733 0.0535081 0.0640785 0.0725636 0.0778907 0.0796798 0.0782003 0.074085 0.0680669 0.0608515 0.0530678 0.0452369 0.037747 0.0308465 0.0246599 0.0192232 0.0145276 0.0105576 0.00730643 0.00476532 0.00289937
 0.00904326 0.0146826 0.0220776 0.0311376 0.0415233 0.0524885 0.0628469 0.0712544 0.0766915 0.0787868 0.0777716 0.0742049 0.0687265 0.0619483 0.054426 0.0466466 0.0390131 0.0318333 0.0253152 0.0195746 0.0146542 0.010553 0.00724804 0.00470138 0.00285069
#pred catch len freq
 0.0038897 0.00624546 0.0092901 0.0130242 0.0174561 0.0225601 0.0282064 0.0341376 0.0400171 0.0455018 0.050297 0.0541958 0.0571059 0.0590472 0.0601156 0.0604352 0.0601226 0.059262 0.0578647 0.055808 0.0527982 0.0484412 0.0424649 0.0350001 0.0267131
 0.00430648 0.00686889 0.0101325 0.0140744 0.0186996 0.0240026 0.0298753 0.0360507 0.0421289 0.0476623 0.0522583 0.0556755 0.0578791 0.0590234 0.0593618 0.0591397 0.0585196 0.0575481 0.0561423 0.0540796 0.0510145 0.0465772 0.0405747 0.033216 0.0251886
 0.00453419 0.00726253 0.010766 0.0150252 0.0200258 0.0257119 0.031905 0.0382788 0.0444145 0.0498844 0.054319 0.0574658 0.0592479 0.0597906 0.0593805 0.0583667 0.0570431 0.0555533 0.0538376 0.0516317 0.04853 0.0441324 0.0382596 0.0311482 0.0234852
 0.00481548 0.0076972 0.0113833 0.0158512 0.0210957 0.0270788 0.03363 0.0403945 0.0468785 0.0525523 0.0569622 0.0598292 0.061111 0.0609949 0.0598233 0.0579917 0.0558512 0.0536229 0.0513254 0.0487436 0.0454816 0.041124 0.0354711 0.0287346 0.0215566
