SBPRF35
12.7214
Curr Bio
771044
B35
878014
F35
0.170659
FOFL
0.170659
OFL
0
Bzero
3.63469e+06
#pred survey bio
 3.72154e+06 3.58518e+06 3.46336e+06 3.29286e+06 3.08424e+06 2.83904e+06 2.59938e+06 2.32909e+06 2.07034e+06 1.85271e+06 1.61397e+06 1.39642e+06 1.24264e+06 1.12134e+06 971700 849393 752662 686431 654472 630728 619571 595311 592729 572812 575109 567453 562628 569372 573783 573240 582550 589835 598903 595737 605790 619598 634898 651036 652716 660579 661670 665510 676422 687782 683512 681163 678133 668652 672328 659237 655419 776676 1.89388e+07 1.84312e+07 1.82126e+07 1.86968e+07 1.97097e+07 2.0987e+07 2.23117e+07 2.35456e+07 2.46199e+07 2.55141e+07 2.62354e+07 2.6805e+07 2.72481e+07 2.75894e+07 2.78509e+07 2.80506e+07 2.82029e+07 2.83194e+07 2.84085e+07 2.8477e+07 2.85299e+07 2.85709e+07 2.86028e+07 2.86278e+07 2.86474e+07 2.86629e+07 2.86751e+07 2.86849e+07 2.86926e+07 2.86988e+07 2.87038e+07 2.87078e+07 2.8711e+07 2.87136e+07 2.87158e+07 2.87175e+07 2.87189e+07 2.872e+07 2.87209e+07 2.87217e+07 2.87223e+07 2.87228e+07 2.87232e+07 2.87235e+07 2.87238e+07 2.8724e+07 2.87242e+07 2.87244e+07 2.87245e+07 2.87246e+07 2.87247e+07 2.87247e+07 2.87248e+07 2.87248e+07 2.87249e+07 2.87249e+07 2.87249e+07 2.8725e+07 2.8725e+07 2.8725e+07 2.8725e+07 2.8725e+07 2.8725e+07 2.8725e+07 2.8725e+07 2.8725e+07 2.8725e+07 2.8725e+07 2.8725e+07 2.8725e+07 2.8725e+07 2.8725e+07 2.8725e+07 2.8725e+07 2.8725e+07 2.8725e+07 2.8725e+07 2.8725e+07 2.8725e+07 2.8725e+07 2.8725e+07 2.8725e+07 2.8725e+07 2.8725e+07 2.8725e+07 2.8725e+07 2.8725e+07 2.8725e+07 2.8725e+07 2.8725e+07 2.8725e+07 2.8725e+07 2.8725e+07 2.8725e+07 2.8725e+07 2.8725e+07 2.8725e+07 2.8725e+07 2.8725e+07 2.8725e+07 1.28252e+06 0 0 0 0 0 0 0 0 0 0 0 0 0 0 0 0 0 0 0 0 0 0 0 0
#obs survey bio
 3.94214e+06 3.97036e+06 3.26214e+06 3.59913e+06 3.05773e+06 3.24933e+06 2.69774e+06 1.97455e+06 2.2613e+06 1.64602e+06 1.36038e+06 1.6975e+06 839459 1.12143e+06 656975 885201 636304 358753 640490 608662 692196 533095 777949 540326 367743 535617 637870 872262 694795 539763 558878 651967 452172 564455 601823 543058 630645 578410 570574 716422 681887 711524 606647 885587 602141 512111 620237 624806 970003 552885 647311 868982
#pred catch bio
 107867 101831 155422 201758 249563 260841 306049 312062 289493 320590 310188 260001 236929 263917 238260 212749 183068 151882 143251 130397 138162 116680 128523 107586 114804 110476 99338.9 100315 103234 94446.5 96674.5 95942.4 106742 95892.5 93697.1 93407.1 93886.2 106762 101508 107139 104372 98804.4 99513.7 113028 110673 110441 114451 101479 113687 103840 6.94098 7.75866 124939 121559 118628 120063 125778 133583 141758 149308 155773 161032 165157 168304 170656 172387 173644 174548 175193 175650 175973 176199 176358 176469 176546 176600 176638 176664 176681 176694 176702 176708 176712 176715 176717 176718 176719 176720 176720 176721 176721 176721 176721 176721 176721 176721 176721 176721 176721 176721 176721 176721 176721 176721 176721 176721 176721 176721 176721 176721 176721 176721 176721 176721 176721 176721 176721 176721 176721 176721 176721 176721 176721 176721 176721 176721 176721 176721 176721 176721 176721 176721 176721 176721 176721 176721 176721 176721 176721 176721 176721 176721 176721 176721 176721 176721 176721 176721 176721 176721 176721 176721 0 0 0 0 0 0 0 0 0 0 0 0 0 0 0 0 0 0 0 0 0 0 0 0 0
#obs catch bio
 0 101467 155635 201465 249150 259779 305628 312539 288883 321001 311997 261088 238676 266822 242505 216534 185866 155207 146508 132317 140366 117481 129128 107817 115913 111321 99579.2 100208 102898 93922.3 96340.4 95427.1 106999 95837.1 94095.4 93382.4 93649.8 107100 101560 107175 104276 98281.9 99561.4 112884 110832 110519 114857 101377 113383 110974 6.45761 7.75505
#pred cpue bio
 3.66777e+06 3.53333e+06 3.41289e+06 3.24312e+06 3.03524e+06 2.79085e+06 2.5518e+06 2.28254e+06 2.025e+06 1.80841e+06 1.57133e+06 1.35552e+06 1.20274e+06 1.08218e+06 934364 813844 718972 654103 622795 599978 589645 566649 564595 545613 548006 540773 536421 543410 548138 547874 556966 564016 572759 569594 579367 592983 608052 623790 625419 633146 634377 638259 648843 659844 655728 653533 650754 641792 645828 633514 629819 749014 1.83574e+07 1.79063e+07 1.75355e+07 1.78206e+07 1.87559e+07 2.00129e+07 2.13331e+07 2.25661e+07 2.36403e+07 2.45344e+07 2.52558e+07 2.58253e+07 2.62684e+07 2.66097e+07 2.68712e+07 2.70709e+07 2.72232e+07 2.73397e+07 2.74288e+07 2.74973e+07 2.75502e+07 2.75912e+07 2.76231e+07 2.76481e+07 2.76677e+07 2.76832e+07 2.76954e+07 2.77052e+07 2.77129e+07 2.77191e+07 2.77241e+07 2.77281e+07 2.77313e+07 2.77339e+07 2.77361e+07 2.77378e+07 2.77392e+07 2.77403e+07 2.77412e+07 2.7742e+07 2.77426e+07 2.77431e+07 2.77435e+07 2.77438e+07 2.77441e+07 2.77443e+07 2.77445e+07 2.77447e+07 2.77448e+07 2.77449e+07 2.7745e+07 2.7745e+07 2.77451e+07 2.77451e+07 2.77452e+07 2.77452e+07 2.77452e+07 2.77453e+07 2.77453e+07 2.77453e+07 2.77453e+07 2.77453e+07 2.77453e+07 2.77453e+07 2.77453e+07 2.77453e+07 2.77453e+07 2.77453e+07 2.77453e+07 2.77453e+07 2.77453e+07 2.77453e+07 2.77453e+07 2.77453e+07 2.77453e+07 2.77453e+07 2.77453e+07 2.77453e+07 2.77453e+07 2.77453e+07 2.77453e+07 2.77453e+07 2.77453e+07 2.77453e+07 2.77453e+07 2.77453e+07 2.77453e+07 2.77453e+07 2.77453e+07 2.77453e+07 2.77453e+07 2.77453e+07 2.77453e+07 2.77453e+07 2.77453e+07 2.77453e+07 2.77453e+07 2.77453e+07 2.77453e+07 2.77453e+07 1.23597e+06 0 0 0 0 0 0 0 0 0 0 0 0 0 0 0 0 0 0 0 0 0 0 0 0
#obs cpue bio
 4.04526e+06 2.9393e+06 3.4778e+06 4.74547e+06 3.43106e+06 2.49256e+06 2.09483e+06 1.89668e+06 2.15783e+06 1.84245e+06 1.3163e+06 1.0125e+06 1.21009e+06 1.032e+06 744354 615440 720394 542456 459818 644009 501856 665519 603844 483782 575269 567361 555501 479453 592922 667713 565085 583047 506488 632782 390137 976601 700403 524877 729322 663829 669900 869420 422550 714838 544016 898576 629180 764901 686893 505755 749962 701430
#pred surv len freq
 0.0045485 0.0074312 0.0112703 0.0160741 0.0217388 0.0279646 0.0342339 0.0399446 0.0446385 0.0481503 0.0505768 0.0521393 0.0530638 0.0535313 0.0536767 0.0536078 0.0534272 0.0532295 0.0530396 0.05269 0.051713 0.0493916 0.0450551 0.0385159 0.0303474
 0.0047224 0.00764118 0.0114557 0.0161436 0.0216073 0.0276047 0.033709 0.0393935 0.044215 0.0479518 0.0506103 0.0523409 0.0533539 0.0538649 0.0540604 0.0540787 0.054008 0.0538852 0.0536616 0.0531213 0.0518105 0.0490948 0.0444227 0.0377035 0.029539
 0.00484364 0.00785539 0.0118038 0.0166588 0.0222891 0.0283903 0.0344651 0.0399521 0.0444457 0.0478311 0.0502343 0.0518716 0.0529364 0.0535754 0.0539099 0.0540491 0.054079 0.0540295 0.0538204 0.0531943 0.0516832 0.048694 0.0437641 0.0368941 0.0287298
 0.00500378 0.00810953 0.0121766 0.0171733 0.0229669 0.0292461 0.0354912 0.0410961 0.0455958 0.0488272 0.0509141 0.0521346 0.052788 0.05312 0.0532967 0.0534095 0.0534906 0.0535114 0.0533432 0.0526928 0.0510795 0.047935 0.0428589 0.0359238 0.0278155
 0.00521596 0.00844881 0.0126764 0.0178606 0.0238571 0.0303361 0.0367528 0.0424742 0.047013 0.0501885 0.0521085 0.0530394 0.0532899 0.0531519 0.0528707 0.0526178 0.0524683 0.0523832 0.0521837 0.0515189 0.0498717 0.0466778 0.0415764 0.0346896 0.0267287
 0.00547614 0.0088669 0.0132964 0.01872 0.0249796 0.0317207 0.0383619 0.04423 0.0488079 0.0519047 0.0536341 0.0542743 0.054143 0.0535428 0.0527438 0.051965 0.0513438 0.0508936 0.050455 0.049661 0.0479654 0.044788 0.0397763 0.03307 0.0253795
 0.00571764 0.00926031 0.0138902 0.0195601 0.0261013 0.0331355 0.040043 0.0461064 0.0507725 0.0538328 0.0554023 0.0557712 0.0552726 0.0542241 0.0529113 0.0515757 0.050391 0.0494201 0.0485546 0.0474644 0.0456194 0.0424413 0.0375729 0.03114 0.0238194
 0.00598415 0.0096959 0.0145503 0.0204982 0.0273596 0.0347291 0.0419433 0.0482339 0.0530065 0.0560323 0.0574272 0.0574962 0.0565932 0.0550572 0.0531934 0.051262 0.0494594 0.0478824 0.0464706 0.0449509 0.0428467 0.039616 0.0349096 0.0288253 0.0219768
 0.0062871 0.0101793 0.0152616 0.0214775 0.0286349 0.0363083 0.0438027 0.0503109 0.0552029 0.0582269 0.0594907 0.0593033 0.0580309 0.0560301 0.0536254 0.0510963 0.0486595 0.0464399 0.04442 0.0423876 0.0399374 0.036589 0.0320204 0.0263034 0.0199739
 0.00655176 0.0106077 0.0159027 0.0223754 0.0298209 0.037788 0.0455441 0.0522417 0.0572223 0.0602263 0.061369 0.0609705 0.0594038 0.0570277 0.0541686 0.0511118 0.0480871 0.0452432 0.0426042 0.040021 0.0371679 0.0336409 0.0291604 0.0237818 0.0179616
 0.00687455 0.0111334 0.0166952 0.0234935 0.0313057 0.0396433 0.0477169 0.0546169 0.0596406 0.0625173 0.0633843 0.0626016 0.0605842 0.0577226 0.0543588 0.0507792 0.0472076 0.0437941 0.0405844 0.0374811 0.034237 0.0305328 0.0261437 0.0211176 0.0158336
 0.0072839 0.0117772 0.0176245 0.024743 0.0328902 0.0415519 0.049902 0.0569867 0.0620627 0.0648359 0.0654421 0.0642621 0.0617473 0.0583319 0.0543978 0.050256 0.0461382 0.0421926 0.0384713 0.0349088 0.0313209 0.0274654 0.0231746 0.0184956 0.0137373
 0.00760949 0.012296 0.018385 0.0257823 0.0342261 0.0431724 0.0517551 0.0589806 0.0640811 0.0667613 0.0671718 0.0657102 0.0628396 0.0590035 0.0545972 0.0499512 0.0453181 0.0408646 0.0366621 0.0326761 0.0287729 0.0247736 0.0205583 0.0161758 0.0118758
 0.007791 0.0126055 0.0188772 0.0265163 0.0352516 0.0445085 0.0533703 0.0607878 0.0659536 0.0685621 0.0687808 0.0670378 0.0638266 0.0596125 0.0548021 0.0497309 0.0446566 0.0397564 0.0351226 0.0307546 0.0265674 0.0224369 0.0182833 0.0141556 0.010252
 0.00807451 0.013072 0.0195894 0.0275354 0.0366244 0.0462458 0.0554252 0.0630461 0.0682472 0.0706996 0.0705836 0.0683696 0.0646099 0.0598306 0.0544861 0.0489367 0.043443 0.0381741 0.0332177 0.0285858 0.024226 0.0200569 0.0160309 0.0121937 0.00869573
 0.00825812 0.0133797 0.0200703 0.0282424 0.037605 0.0475265 0.0569938 0.0648417 0.0701632 0.0725985 0.0723151 0.0697893 0.0655988 0.0603116 0.0544333 0.0483726 0.0424242 0.0367727 0.0315099 0.0266527 0.0221641 0.0179874 0.0140931 0.0105198 0.00737604
 0.00854118 0.013807 0.0206533 0.0289738 0.0384663 0.0484993 0.058065 0.065999 0.0713849 0.0738436 0.0735189 0.070867 0.0664549 0.0608556 0.0545954 0.0481168 0.0417531 0.0357248 0.0301509 0.0250678 0.0204553 0.0162713 0.0124928 0.00914473 0.0062972
 0.00870635 0.014077 0.0210608 0.0295451 0.0392113 0.0493983 0.0590615 0.0670088 0.0723231 0.0746544 0.0741882 0.0714086 0.066882 0.061157 0.0547314 0.0480324 0.0414007 0.0350827 0.0292339 0.0239277 0.0191751 0.0149553 0.0112509 0.00807239 0.0054549
 0.0085994 0.0139263 0.0208782 0.0293598 0.0390662 0.0493414 0.0591355 0.0672404 0.0727151 0.0751824 0.0748072 0.0720667 0.0675341 0.0617677 0.0552667 0.0484499 0.0416483 0.0351109 0.0290141 0.0234669 0.0185211 0.0141889 0.0104686 0.00736338 0.00488094
 0.00855246 0.0138393 0.0207292 0.0291266 0.0387371 0.0489307 0.0586938 0.0668503 0.072469 0.0751522 0.0750209 0.0725028 0.0681335 0.0624542 0.0559644 0.049092 0.0421771 0.0354771 0.0291805 0.0234192 0.0182772 0.0138006 0.0100104 0.00691248 0.00449713
 0.00843164 0.0136533 0.020468 0.0287862 0.0383186 0.0484397 0.058144 0.0662717 0.0719147 0.0746974 0.0747499 0.0724851 0.0683992 0.0629811 0.0566833 0.0499058 0.042984 0.0361874 0.0297272 0.0237641 0.0184157 0.0137619 0.00984988 0.00669647 0.00428388
 0.00851219 0.0137643 0.0205982 0.0289124 0.0384115 0.0484733 0.0581027 0.066151 0.0717187 0.0744376 0.0744484 0.0721807 0.0681463 0.0628369 0.0566875 0.0500629 0.043259 0.0365168 0.0300383 0.0239959 0.0185331 0.013762 0.00975849 0.00655561 0.00413608
 0.00844684 0.0136603 0.0204455 0.0287024 0.0381379 0.0481339 0.0577033 0.0657098 0.0712673 0.0740184 0.074107 0.0719561 0.068065 0.062911 0.0569167 0.0504342 0.043743 0.0370654 0.0305895 0.0244856 0.0189122 0.0140088 0.00988141 0.00658572 0.00411286
 0.008606 0.0138952 0.0207541 0.0290659 0.0385236 0.0485016 0.058011 0.0659167 0.0713386 0.0739326 0.0738638 0.0715813 0.0676076 0.0624342 0.0564841 0.0500974 0.043532 0.0369832 0.0306127 0.0245721 0.019014 0.0140874 0.00991822 0.00658242 0.00408429
 0.00850945 0.0137568 0.02058 0.0288721 0.0383308 0.0483257 0.0578574 0.0657816 0.0712156 0.0738193 0.0737642 0.0715032 0.0675586 0.0624207 0.0565132 0.0501775 0.0436706 0.0371812 0.0308586 0.0248408 0.0192725 0.0143049 0.010076 0.00667857 0.00413082
 0.00843101 0.0136417 0.0204304 0.0286999 0.0381559 0.0481725 0.0577495 0.0657356 0.0712346 0.0738891 0.0738568 0.0715869 0.0676106 0.0624349 0.0564998 0.0501571 0.0436664 0.0372118 0.0309322 0.0249523 0.0194047 0.0144349 0.0101837 0.00675368 0.004174
 0.00838408 0.0135579 0.0202915 0.0284869 0.0378572 0.0477948 0.0573255 0.0653221 0.0708976 0.0736827 0.0738054 0.0716803 0.0678116 0.0626943 0.0567734 0.0504164 0.0439015 0.0374265 0.0311351 0.0251483 0.019591 0.014602 0.0103207 0.00685418 0.00423881
 0.00828882 0.0134016 0.0200535 0.0281475 0.0374016 0.047221 0.0566532 0.0645981 0.070194 0.0730854 0.0733968 0.0715188 0.0679158 0.063038 0.0572941 0.0510352 0.0445445 0.0380394 0.0316869 0.0256259 0.0199907 0.0149234 0.0105657 0.00702802 0.00435178
 0.00829215 0.0133931 0.0200145 0.0280513 0.0372189 0.0469292 0.056246 0.06409 0.0696195 0.0724952 0.0728525 0.0710866 0.0676556 0.0629895 0.0574643 0.0513946 0.0450353 0.0385924 0.0322389 0.026131 0.0204224 0.0152709 0.0108288 0.00721406 0.00447323
 0.00839642 0.0135461 0.020213 0.0282788 0.0374463 0.0471183 0.0563543 0.0640774 0.0694582 0.0721797 0.0724069 0.0705625 0.0671237 0.0625248 0.0571308 0.051231 0.0450469 0.0387518 0.032497 0.0264323 0.0207192 0.0155307 0.0110355 0.00736463 0.0045736
 0.00838928 0.0135389 0.0202099 0.028285 0.0374651 0.0471468 0.0563798 0.0640788 0.0694109 0.0720637 0.0722142 0.0703019 0.0668214 0.0622215 0.0568745 0.0510668 0.0450052 0.0388392 0.0326938 0.0266992 0.0210092 0.0158024 0.0112613 0.00753347 0.00468777
 0.00841179 0.0135698 0.0202463 0.0283213 0.0374956 0.0471689 0.0563953 0.0640916 0.0694212 0.0720637 0.0721877 0.0702303 0.0666931 0.0620402 0.0566623 0.0508605 0.0448457 0.0387595 0.0327081 0.0267985 0.0211659 0.0159804 0.0114285 0.0076691 0.00478473
 0.00836157 0.0135002 0.0201637 0.0282382 0.0374266 0.0471239 0.0563754 0.0640901 0.069429 0.0720746 0.0721991 0.0702399 0.0666949 0.062025 0.0566234 0.0508007 0.0447808 0.0387138 0.0327046 0.0268486 0.0212642 0.0161076 0.0115597 0.00778342 0.00487107
 0.00837737 0.0135281 0.0202098 0.0283105 0.037533 0.0472703 0.0565617 0.0643066 0.0696551 0.0722809 0.0723534 0.0703163 0.0666805 0.0619223 0.0564469 0.0505725 0.0445274 0.0384642 0.0324873 0.0266858 0.0211657 0.0160685 0.0115635 0.00780977 0.00490258
 0.00826748 0.0133592 0.0199745 0.0280103 0.0371801 0.0468888 0.0561882 0.0639872 0.0694369 0.0721984 0.0724178 0.0705112 0.066967 0.0622509 0.0567709 0.0508579 0.0447578 0.0386398 0.03262 0.0267925 0.0212611 0.0161602 0.0116508 0.00788696 0.00496394
 0.00823414 0.0132897 0.0198425 0.0277836 0.0368317 0.0464117 0.0556087 0.0633663 0.0688567 0.0717411 0.0721456 0.0704542 0.0671207 0.0625794 0.0572169 0.0513568 0.0452514 0.0390868 0.0330001 0.0271028 0.0215093 0.0163567 0.0118042 0.00800274 0.00504639
 0.0082432 0.013297 0.0198385 0.027752 0.0367494 0.0462524 0.0553493 0.0629961 0.0683884 0.0712175 0.071636 0.0700394 0.0668697 0.0625302 0.0573674 0.0516687 0.0456645 0.0395368 0.0334331 0.0274841 0.0218235 0.0166029 0.0119888 0.00813516 0.00513623
 0.00815447 0.0131722 0.0196861 0.0275907 0.0366007 0.0461291 0.0552473 0.062894 0.0682562 0.0710305 0.0713892 0.0697549 0.0665951 0.0623257 0.0572859 0.0517378 0.0458775 0.0398564 0.033806 0.0278578 0.0221585 0.0168777 0.0121979 0.0082836 0.00523459
 0.00813391 0.0131424 0.0196486 0.0275512 0.0365694 0.0461202 0.0552753 0.0629669 0.0683669 0.0711514 0.0714762 0.0697631 0.0664993 0.0621351 0.0570443 0.0515072 0.0457147 0.0397932 0.033842 0.0279667 0.0223032 0.0170243 0.0123241 0.00837977 0.0053008
 0.00804349 0.013004 0.0194567 0.0273075 0.0362836 0.0458106 0.054969 0.062699 0.0681743 0.0710629 0.0715014 0.0698858 0.0666808 0.0623283 0.0572123 0.0516377 0.0458214 0.0399039 0.0339801 0.0281382 0.0224955 0.0172143 0.01249 0.00850868 0.00539054
 0.00804684 0.0130006 0.0194358 0.0272539 0.0361828 0.0456557 0.0547665 0.0624696 0.0679484 0.0708728 0.0713733 0.0698349 0.0667076 0.0624177 0.0573376 0.0517706 0.045943 0.040011 0.0340823 0.0282479 0.0226172 0.0173416 0.0126098 0.00860856 0.0054642
 0.00814321 0.013134 0.019593 0.0274068 0.0362948 0.0456923 0.0547063 0.0623097 0.067705 0.070578 0.0710693 0.0695652 0.0665078 0.062307 0.0573156 0.0518199 0.0460374 0.0401259 0.0342018 0.028366 0.022733 0.0174531 0.0127118 0.00869424 0.00552896
 0.00810515 0.0130896 0.0195571 0.0274007 0.0363359 0.0457807 0.0548162 0.0623945 0.067716 0.0704865 0.0708805 0.0693155 0.0662505 0.0620934 0.0571811 0.0517773 0.0460781 0.0402276 0.0343379 0.0285137 0.0228767 0.0175837 0.0128235 0.00878353 0.00559466
 0.00800027 0.0129325 0.0193468 0.0271481 0.0360644 0.0455237 0.054612 0.0622762 0.067698 0.0705546 0.0709949 0.0694281 0.0663273 0.0621293 0.0571969 0.0518048 0.0461433 0.0403396 0.0344892 0.0286863 0.0230505 0.0177422 0.0129565 0.00888653 0.00566809
 0.00798921 0.0129157 0.0193239 0.02712 0.0360338 0.0454957 0.0545946 0.0622797 0.0677325 0.0706251 0.0710949 0.069537 0.0664145 0.0621656 0.0571685 0.0517207 0.0460314 0.0402337 0.0344149 0.0286539 0.0230557 0.0177725 0.0129976 0.00892729 0.0057018
 0.00793685 0.0128381 0.0192211 0.0269973 0.0359001 0.0453619 0.0544717 0.0621789 0.0676649 0.070601 0.0711214 0.0696146 0.0665336 0.0623059 0.0573036 0.0518275 0.0460992 0.0402678 0.0344319 0.0286715 0.0230845 0.0178132 0.0130441 0.0089715 0.00573785
 0.00784669 0.0127028 0.0190388 0.0267745 0.0356508 0.0451053 0.05423 0.0619749 0.0675188 0.0705267 0.071124 0.0696907 0.0666731 0.0624936 0.0575197 0.0520492 0.0463048 0.0404426 0.0345716 0.0287815 0.0231741 0.0178897 0.0131102 0.00902625 0.00577962
 0.00776624 0.012581 0.0188725 0.0265676 0.035414 0.044855 0.0539871 0.0617628 0.0673596 0.070436 0.0711075 0.0697445 0.0667867 0.0626532 0.0577107 0.0522562 0.0465121 0.0406355 0.0347394 0.0289196 0.0232839 0.017976 0.0131776 0.00907797 0.00581741
 0.00766804 0.0124143 0.0186095 0.0261813 0.0348878 0.0441966 0.0532393 0.0610024 0.0666811 0.0699259 0.0708235 0.0697061 0.0669783 0.0630342 0.0582269 0.0528505 0.0471317 0.0412364 0.0352884 0.0293949 0.023675 0.0182821 0.0134052 0.00923789 0.00592281
 0.00788819 0.0127268 0.0189948 0.026589 0.0352474 0.0444355 0.0533017 0.0608614 0.0663444 0.0694362 0.0702523 0.0691384 0.0664922 0.0626835 0.0580329 0.0528043 0.0472037 0.0413874 0.035479 0.0295921 0.0238554 0.0184326 0.0135212 0.00932109 0.00597834
 0.00768173 0.0124656 0.0187366 0.0264262 0.0352725 0.0446911 0.0537445 0.0613682 0.0667605 0.0696396 0.070197 0.0688599 0.0660815 0.0622483 0.0576651 0.0525609 0.0471019 0.0414118 0.0355941 0.0297562 0.0240312 0.0185932 0.0136518 0.00941736 0.0060431
 0.00653789 0.0106856 0.0162146 0.0231406 0.0313141 0.0402909 0.0492841 0.0573373 0.0636458 0.0677866 0.0697222 0.0696588 0.0679107 0.0648214 0.0607155 0.0558634 0.0504695 0.0446857 0.0386388 0.0324613 0.026318 0.0204222 0.0150264 0.0103808 0.00666811
#obs surv len freq
 nan nan nan nan nan nan nan nan nan nan nan nan nan nan nan nan nan nan nan nan nan nan nan nan nan
 0.00448704 0.00734945 0.0111804 0.0159973 0.021698 0.0279731 0.0342863 0.0400165 0.044695 0.0481578 0.0505147 0.0520097 0.0529011 0.0534129 0.0537267 0.0539812 0.0542595 0.054552 0.0546906 0.0542825 0.0527206 0.049353 0.0438031 0.0362837 0.0276679
 0.00461928 0.00756676 0.0115114 0.0164689 0.0223287 0.0287624 0.0352053 0.0410047 0.0456695 0.0490299 0.0512071 0.0524676 0.0530973 0.0533473 0.0534221 0.0534753 0.053596 0.0537739 0.053837 0.0533905 0.0518292 0.0485057 0.0430451 0.0356531 0.027186
 0.00477746 0.00782635 0.0119067 0.0170336 0.0230895 0.0297288 0.0363574 0.0422884 0.0470002 0.0503063 0.0523257 0.0533361 0.0536456 0.0535346 0.0532401 0.0529464 0.0527661 0.0527027 0.0525913 0.0520407 0.0504507 0.0471788 0.0418497 0.0346551 0.0264218
 0.00495915 0.00812498 0.0123623 0.0176857 0.0239699 0.0308493 0.0376981 0.0437916 0.0485785 0.0518559 0.0537411 0.0545183 0.0545072 0.0540056 0.053275 0.0525304 0.0519173 0.0514708 0.0510524 0.0502928 0.0486096 0.0453721 0.0402029 0.0332711 0.0253581
 0.00517608 0.00847711 0.0128914 0.0184311 0.0249613 0.0320967 0.0391794 0.0454478 0.05032 0.0535778 0.0553373 0.0558905 0.0555674 0.0546778 0.0534976 0.0522606 0.0511394 0.0502035 0.0493555 0.0482694 0.0464031 0.043154 0.0381489 0.0315271 0.0240094
 0.00541955 0.00887513 0.0134944 0.0192867 0.0261051 0.0335369 0.0408822 0.0473338 0.0522765 0.0554819 0.0570761 0.0573693 0.0567092 0.0554181 0.0537807 0.0520398 0.0503818 0.0489021 0.0475438 0.046037 0.0439008 0.040583 0.0357287 0.0294483 0.022389
 0.00565062 0.009257 0.0140807 0.0201317 0.0272531 0.0350054 0.0426449 0.0493135 0.054356 0.0575266 0.0589561 0.0589741 0.0579523 0.0562351 0.0541232 0.0518688 0.0496657 0.0476239 0.0457192 0.0437363 0.0412665 0.0378253 0.0330922 0.027156 0.0205859
 0.00588394 0.00963767 0.0146566 0.0209494 0.0283506 0.0363997 0.0443177 0.0512044 0.0563677 0.0595405 0.0608491 0.060631 0.0592738 0.057142 0.0545563 0.0517849 0.0490335 0.0464257 0.0439636 0.0414814 0.0386421 0.0350365 0.0303905 0.0247807 0.0187007
 0.00612591 0.0100367 0.0152674 0.0218257 0.029534 0.0379021 0.0461047 0.0531914 0.0584346 0.0615572 0.0626971 0.0622124 0.0605103 0.0579708 0.0549263 0.0516548 0.0483715 0.0452127 0.0422049 0.0392283 0.0360148 0.0322314 0.0276562 0.022361 0.0167681
 0.00639391 0.01047 0.0159154 0.0227333 0.030734 0.0394029 0.0478758 0.0551566 0.0604803 0.0635519 0.0645131 0.0637416 0.0616715 0.0587088 0.0552059 0.0514518 0.0476665 0.0439924 0.0404744 0.0370326 0.0334628 0.0295059 0.0249928 0.0199953 0.0148708
 0.00661586 0.0108409 0.0164917 0.0235727 0.0318823 0.0408735 0.0496313 0.0571051 0.0624924 0.0654891 0.0662519 0.0651846 0.0627473 0.0593684 0.0554188 0.0512007 0.0469422 0.0427923 0.0388099 0.0349478 0.0310567 0.0269438 0.02249 0.0177693 0.0130816
 0.00685627 0.0112316 0.0170797 0.0244027 0.0329889 0.0422689 0.0512905 0.0589575 0.0644274 0.0673738 0.0679527 0.0665863 0.0637649 0.0599509 0.0555443 0.050867 0.0461571 0.0415688 0.0371717 0.0329436 0.0287804 0.024545 0.0201612 0.0157048 0.0114242
 0.00707904 0.0115971 0.0176358 0.0251949 0.0340506 0.0436062 0.0528675 0.0606936 0.0662104 0.069083 0.0694779 0.0678363 0.0646693 0.06046 0.0556296 0.05052 0.0453856 0.0403929 0.0356242 0.0310795 0.0266905 0.0223649 0.0180601 0.013851 0.00994021
 0.00729958 0.0119597 0.0181888 0.0259849 0.035112 0.0449454 0.0544465 0.0624256 0.0679726 0.0707415 0.0709128 0.0689565 0.0654167 0.0608058 0.0555672 0.0500578 0.0445416 0.0391933 0.0341066 0.0293013 0.0247393 0.0203637 0.0161561 0.0121872 0.00861737
 0.00745747 0.0122226 0.0185958 0.026577 0.0359237 0.0459917 0.0557097 0.063849 0.0694664 0.0721984 0.0722248 0.0700285 0.0661758 0.0612062 0.0555904 0.0497077 0.0438374 0.0381653 0.0327954 0.0277642 0.0230582 0.0186477 0.0145323 0.0107751 0.00749936
 0.00753802 0.0123533 0.0187932 0.0268584 0.0363074 0.0464947 0.0563436 0.0646141 0.0703471 0.0731591 0.0732104 0.0709679 0.0669902 0.0618202 0.0559427 0.0497585 0.043571 0.0375886 0.0319371 0.0266745 0.0218116 0.0173419 0.0132778 0.0096748 0.00662381
 0.00760134 0.0124508 0.0189299 0.0270362 0.0365264 0.046755 0.0566469 0.0649643 0.07075 0.0736208 0.0737313 0.071536 0.0675746 0.0623702 0.0563938 0.0500446 0.0436373 0.0374024 0.0314943 0.026002 0.0209671 0.0164085 0.0123521 0.00884704 0.00595732
 0.00767636 0.0125639 0.0190836 0.0272266 0.0367443 0.0469879 0.0568816 0.0651895 0.07096 0.0738187 0.07393 0.071753 0.0678229 0.062648 0.056678 0.0502911 0.0437902 0.0374079 0.0313158 0.0256329 0.0204352 0.0157734 0.0116917 0.00823894 0.00545851
 0.00773083 0.0126511 0.0192117 0.027401 0.0369648 0.0472457 0.0571573 0.0654554 0.0711875 0.0739884 0.0740387 0.0718144 0.0678614 0.0626886 0.0567354 0.0503618 0.0438495 0.037416 0.0312307 0.0254265 0.0201066 0.0153525 0.0112322 0.00780117 0.00509096
 0.00778178 0.012726 0.0193101 0.027518 0.0370932 0.0473797 0.0572934 0.0655919 0.0713209 0.0741116 0.074142 0.0718896 0.0679068 0.0627114 0.0567483 0.0503755 0.0438646 0.0374181 0.031194 0.025324 0.0199241 0.0150983 0.0109365 0.00750588 0.00483437
 0.00783387 0.0128069 0.0194242 0.0276657 0.0372697 0.0475737 0.0574876 0.0657657 0.0714564 0.0741993 0.0741826 0.0718915 0.0678804 0.0626657 0.0566909 0.0503132 0.0438019 0.0373543 0.0311197 0.0252244 0.0197864 0.0149207 0.0107325 0.0073001 0.00465255
 0.00786798 0.0128603 0.0195005 0.0277669 0.0373951 0.0477194 0.0576455 0.0659231 0.0715978 0.0743095 0.0742511 0.0719149 0.067863 0.0626171 0.0566225 0.0502351 0.0437212 0.0372734 0.0310365 0.0251322 0.0196778 0.0147929 0.0105911 0.00715847 0.00452653
 0.00785341 0.0128361 0.0194635 0.0277145 0.0373271 0.0476399 0.057564 0.0658539 0.071556 0.0743063 0.0742896 0.0719893 0.0679611 0.0627248 0.0567275 0.0503291 0.0437998 0.0373341 0.0310769 0.0251492 0.0196683 0.0147566 0.0105329 0.0070886 0.00445742
 0.00789445 0.0128917 0.0195267 0.0277717 0.0373619 0.047639 0.0575228 0.0657779 0.0714595 0.0742081 0.0742082 0.0719389 0.0679484 0.0627477 0.056777 0.0503929 0.0438656 0.0373925 0.0311214 0.0251754 0.019674 0.0147418 0.0105012 0.00704693 0.00441425
 0.00792298 0.012939 0.0195989 0.0278729 0.0374908 0.0477848 0.0576638 0.0658852 0.071507 0.0741832 0.0741182 0.0718074 0.0678061 0.0626213 0.0566826 0.0503344 0.0438373 0.0373839 0.0311211 0.0251742 0.0196659 0.0147243 0.0104751 0.00701601 0.0043835
 0.00788444 0.0128799 0.019517 0.0277697 0.0373724 0.0476626 0.0575529 0.0658012 0.0714603 0.0741744 0.0741378 0.0718419 0.0678455 0.0626641 0.0567339 0.0504003 0.0439197 0.0374782 0.0312179 0.0252626 0.0197371 0.0147738 0.0105031 0.00702651 0.00438265
 0.00790709 0.0129046 0.0195321 0.0277578 0.0373156 0.0475514 0.0573932 0.0656151 0.0712794 0.0740292 0.0740484 0.0718135 0.0678701 0.0627262 0.0568179 0.0504957 0.0440213 0.0375831 0.0313223 0.0253606 0.0198215 0.0148392 0.0105477 0.00705236 0.00439446
 0.00791212 0.0129159 0.0195538 0.0277933 0.0373642 0.0476035 0.0574298 0.0656127 0.0712204 0.0739134 0.0738957 0.0716568 0.0677421 0.0626473 0.0567925 0.0505153 0.0440722 0.0376522 0.0313993 0.0254375 0.0198917 0.0148973 0.0105908 0.00708035 0.00441
 0.00788088 0.0128649 0.0194773 0.0276873 0.0372291 0.0474469 0.0572669 0.065463 0.0711006 0.0738302 0.0738457 0.0716326 0.06774 0.0626709 0.056849 0.0506082 0.0441976 0.0377989 0.0315528 0.0255841 0.020021 0.015003 0.0106703 0.00713495 0.00444387
 0.00784953 0.0128134 0.0193991 0.0275762 0.0370808 0.0472621 0.0570538 0.0652389 0.0708893 0.0736574 0.0737314 0.0715863 0.0677593 0.062745 0.0569646 0.0507545 0.0443662 0.0379817 0.0317399 0.0257637 0.0201817 0.0151363 0.0107724 0.00720666 0.00448975
 0.00783179 0.0127798 0.0193397 0.0274794 0.0369361 0.0470651 0.0568109 0.0649681 0.0706172 0.0734134 0.0735424 0.071472 0.0677298 0.0627995 0.0570921 0.0509371 0.0445839 0.038216 0.0319749 0.0259857 0.0203792 0.0153007 0.0108994 0.0072971 0.0045486
 0.00782407 0.0127654 0.0193145 0.0274372 0.0368699 0.0469674 0.0566763 0.0647957 0.0704136 0.0731934 0.0733283 0.0712901 0.0676042 0.0627469 0.0571183 0.0510368 0.0447424 0.0384133 0.0321898 0.0261987 0.0205744 0.0154666 0.01103 0.00739161 0.00461117
 0.0077647 0.0126719 0.0191795 0.0272566 0.0366439 0.0467026 0.0563864 0.0645015 0.0701387 0.0729595 0.0731519 0.0711815 0.0675697 0.0627897 0.0572378 0.0512269 0.0449905 0.0387005 0.0324931 0.0264949 0.0208431 0.0156932 0.0112071 0.00751934 0.00469563
 0.00773509 0.0126189 0.019091 0.0271192 0.0364465 0.0464427 0.0560752 0.0641641 0.0698091 0.0726716 0.0729319 0.0710448 0.0675216 0.0628277 0.057355 0.0514136 0.0452343 0.0389854 0.0327995 0.0268005 0.0211261 0.0159364 0.0114 0.00766019 0.00478966
 0.00769504 0.0125558 0.0189994 0.0269945 0.036285 0.0462418 0.0558352 0.063891 0.0695171 0.0723834 0.0726761 0.0708502 0.0674103 0.0628111 0.0574322 0.0515745 0.0454628 0.0392621 0.033103 0.0271082 0.0214159 0.0161893 0.0116039 0.00781096 0.00489148
 0.00767106 0.0125147 0.0189339 0.026897 0.0361495 0.046067 0.055627 0.0636616 0.0692821 0.0721579 0.0724732 0.070682 0.0672901 0.0627525 0.0574462 0.0516652 0.0456254 0.0394835 0.0333634 0.0273847 0.021685 0.0164303 0.0118023 0.00796043 0.00499403
 0.0076684 0.0125116 0.0189311 0.0268949 0.036147 0.0460596 0.0556064 0.0636175 0.069206 0.0720472 0.0723327 0.0705237 0.0671299 0.0626083 0.0573362 0.0516051 0.0456257 0.0395464 0.0334816 0.0275424 0.0218611 0.0166033 0.0119541 0.00808038 0.00507937
 0.00766439 0.0125055 0.0189226 0.0268842 0.036135 0.0460475 0.0555952 0.063607 0.0691931 0.0720256 0.0722947 0.0704634 0.067047 0.0625098 0.0572356 0.0515196 0.045572 0.0395366 0.03352 0.0276238 0.0219722 0.0167259 0.0120705 0.00817758 0.0051514
 0.00763741 0.0124666 0.0188734 0.0268293 0.0360807 0.0460001 0.0555589 0.0635835 0.0691823 0.0720254 0.072301 0.0704701 0.0670471 0.0624978 0.0572106 0.0514868 0.0455422 0.0395229 0.0335332 0.0276679 0.0220432 0.0168128 0.0121592 0.00825583 0.00521187
 0.00759388 0.0123975 0.0187729 0.0266945 0.0359135 0.0458093 0.055362 0.0634044 0.0690452 0.0719478 0.0722885 0.0705159 0.0671359 0.0626112 0.0573312 0.0516022 0.0456472 0.0396189 0.0336259 0.0277632 0.0221429 0.0169135 0.0122536 0.00833605 0.00527308
 0.00757265 0.0123612 0.0187151 0.0266082 0.0357931 0.0456536 0.055177 0.0632045 0.068852 0.0717852 0.0721778 0.0704705 0.0671585 0.062693 0.0574556 0.0517496 0.0457999 0.0397653 0.033761 0.0278869 0.0222567 0.0170172 0.0123447 0.00841103 0.00532959
 0.00755223 0.0123283 0.0186659 0.0265392 0.0357011 0.0455367 0.0550359 0.0630437 0.0686807 0.0716175 0.0720309 0.0703628 0.0671053 0.0627027 0.0575267 0.0518709 0.0459541 0.0399334 0.0339274 0.0280414 0.022394 0.017135 0.012442 0.00848719 0.0053851
 0.00755751 0.0123349 0.0186721 0.0265418 0.035696 0.0455196 0.0550028 0.062992 0.0686088 0.0715261 0.0719243 0.0702496 0.0669986 0.0626183 0.0574787 0.0518677 0.0459954 0.0400108 0.0340273 0.0281497 0.0224991 0.0172291 0.0125209 0.00854897 0.00543005
 0.00754461 0.0123195 0.0186591 0.0265386 0.0357097 0.045553 0.0550514 0.0630442 0.0686494 0.0715417 0.0719067 0.0701981 0.0669195 0.0625236 0.0573841 0.0517895 0.0459463 0.0399969 0.0340468 0.0281941 0.0225572 0.0172902 0.0125768 0.00859489 0.00546428
 0.00752656 0.0122877 0.0186072 0.0264608 0.035604 0.045425 0.0549165 0.0629247 0.068567 0.0715077 0.0719185 0.0702414 0.0669756 0.0625775 0.0574292 0.0518273 0.0459839 0.0400426 0.0341055 0.0282656 0.022636 0.0173681 0.0126461 0.0086506 0.0055048
 0.00753107 0.012294 0.0186146 0.026467 0.035605 0.0454152 0.05489 0.0628778 0.0685016 0.0714334 0.0718497 0.0701916 0.0669517 0.0625771 0.0574432 0.0518466 0.0460037 0.0400635 0.0341314 0.0282998 0.0226786 0.0174154 0.0126922 0.00869045 0.00553535
 0.0075016 0.0122526 0.0185642 0.0264144 0.0355583 0.0453808 0.0548695 0.0628675 0.0684944 0.0714222 0.0718313 0.0701683 0.0669306 0.0625665 0.0574485 0.0518677 0.0460362 0.0401021 0.0341729 0.0283431 0.0227233 0.0174601 0.0127342 0.00872641 0.00556307
 0.00749208 0.0122333 0.0185287 0.0263556 0.035472 0.0452697 0.0547461 0.0627516 0.0684063 0.0713744 0.0718239 0.0701917 0.0669717 0.0626153 0.0575008 0.0519234 0.0460963 0.040166 0.0342383 0.0284072 0.0227836 0.0175147 0.0127813 0.00876447 0.0055914
 0.00748986 0.0122305 0.0185254 0.0263516 0.0354655 0.0452564 0.0547196 0.0627065 0.0683421 0.0712984 0.0717498 0.0701343 0.0669405 0.0626112 0.0575183 0.0519549 0.0461359 0.0402103 0.0342854 0.0284554 0.0228307 0.0175584 0.0128193 0.00879532 0.00561445
 0.00748986 0.0122305 0.0185254 0.0263516 0.0354655 0.0452564 0.0547196 0.0627065 0.0683421 0.0712984 0.0717498 0.0701343 0.0669405 0.0626112 0.0575183 0.0519549 0.0461359 0.0402103 0.0342854 0.0284554 0.0228307 0.0175584 0.0128193 0.00879532 0.00561445
 0.00668839 0.0109565 0.0166679 0.0238425 0.0323112 0.0415777 0.0507823 0.0589074 0.0651328 0.0690714 0.070744 0.0703967 0.0683465 0.0649176 0.0604249 0.05516 0.0493769 0.0432847 0.0370546 0.0308368 0.0247867 0.0190872 0.013949 0.00957802 0.0061184
#pred catch len freq
 0.00415022 0.00656892 0.00958739 0.0131379 0.0171855 0.0217094 0.0266345 0.0317921 0.0369463 0.0418484 0.0462758 0.0500544 0.0530794 0.0553261 0.0568453 0.0577522 0.0582124 0.0584067 0.0584385 0.0581844 0.0571717 0.0546358 0.0498518 0.0426212 0.0335837
 0.00432394 0.0067902 0.00981026 0.0132894 0.0171947 0.0215486 0.0263455 0.0314748 0.036712 0.0417655 0.0463449 0.050226 0.0532981 0.0555712 0.0571423 0.0581493 0.0587356 0.059016 0.0590124 0.0585491 0.0571698 0.0542034 0.0490579 0.0416424 0.0326266
 0.00446305 0.00701885 0.0101543 0.0137619 0.0177792 0.0221823 0.0269185 0.0318607 0.0368237 0.041605 0.0460069 0.0498488 0.0529957 0.0553954 0.0570925 0.0582076 0.0588879 0.0592398 0.0592476 0.058687 0.0570842 0.0538122 0.0483765 0.0407872 0.0317631
 0.00465421 0.00731373 0.0105706 0.0143106 0.0184685 0.0230177 0.027892 0.0329288 0.0378888 0.0425215 0.0466232 0.0500708 0.0528313 0.0549477 0.0565071 0.0576111 0.058353 0.0587811 0.0588304 0.0582391 0.0565185 0.0530678 0.0474602 0.0397852 0.0308069
 0.00490604 0.00770342 0.0111209 0.0150313 0.0193578 0.0240652 0.0290783 0.0342225 0.0392411 0.0438583 0.0478382 0.0510295 0.0533996 0.0550393 0.0561232 0.056843 0.0573416 0.0576582 0.0576744 0.0570654 0.0553028 0.0517891 0.0461406 0.0385022 0.0296679
 0.00519668 0.00815563 0.0117645 0.0158831 0.0204222 0.0253347 0.03053 0.0358125 0.0409031 0.0455075 0.0493765 0.0523488 0.0543852 0.0555802 0.0561355 0.0562999 0.0562907 0.0562098 0.0559633 0.0552094 0.0533865 0.0498779 0.0443082 0.0368421 0.028276
 0.00550474 0.00863714 0.0124543 0.0168038 0.0215847 0.0267376 0.0321543 0.0376148 0.0428122 0.0474281 0.051197 0.0539511 0.055653 0.0564059 0.0564276 0.0559946 0.055369 0.0547125 0.053991 0.0529047 0.05091 0.047391 0.0419662 0.0347853 0.0266092
 0.00582741 0.00914385 0.0131849 0.017787 0.0228381 0.0282656 0.0339416 0.0396174 0.0449538 0.0496033 0.0532806 0.0558097 0.0571573 0.0574406 0.0568975 0.0558287 0.0545274 0.0531987 0.0518661 0.0502956 0.0480026 0.0444106 0.0391458 0.0323275 0.0246483
 0.00617121 0.00967652 0.0139395 0.0187816 0.02408 0.0297556 0.0356712 0.0415604 0.0470565 0.0517803 0.0554179 0.0577741 0.0588105 0.058653 0.0575585 0.0558518 0.0538547 0.0518092 0.0497918 0.0476392 0.0449469 0.041206 0.036072 0.0296358 0.0225058
 0.00654541 0.0102571 0.0147625 0.0198647 0.0254239 0.0313461 0.0374775 0.0435316 0.0491225 0.0538576 0.0574151 0.0595939 0.0603504 0.0598075 0.0582244 0.0559354 0.0532803 0.0505315 0.0478142 0.0450373 0.0418864 0.0379383 0.0328964 0.0268327 0.0202673
 0.00695967 0.0109048 0.01569 0.0211004 0.0269771 0.0332046 0.0395994 0.0458384 0.0515011 0.0561738 0.0595331 0.061394 0.0617387 0.0607165 0.0586046 0.0557436 0.0524743 0.0490767 0.0457052 0.0423294 0.0387238 0.0345601 0.0296027 0.0239156 0.0179327
 0.00740755 0.0115924 0.0166514 0.0223458 0.0284994 0.0349876 0.0416176 0.0480456 0.0538188 0.058487 0.0616982 0.0632595 0.06317 0.0616159 0.0589168 0.0554468 0.0515632 0.0475527 0.0435837 0.039666 0.0356464 0.0312841 0.026407 0.0210792 0.0156576
 0.00779411 0.0121899 0.0174937 0.023446 0.029852 0.0365717 0.0433961 0.0499636 0.0558044 0.0604559 0.0635578 0.0649094 0.0645047 0.0625333 0.0593315 0.0553009 0.0508294 0.0462303 0.0416982 0.0372806 0.0328836 0.0283377 0.0235261 0.0185147 0.0135943
 0.00815087 0.0127505 0.0183016 0.0245296 0.031221 0.038212 0.0452615 0.0519711 0.057841 0.0623971 0.0652872 0.0663327 0.065553 0.0631587 0.0594996 0.0549849 0.0500102 0.0449026 0.0398805 0.0350305 0.030314 0.0256244 0.0208902 0.0161774 0.0117175
 0.00852531 0.0133398 0.0191533 0.0256776 0.0326833 0.0399847 0.0473074 0.0542082 0.0601409 0.0645968 0.0672142 0.0678341 0.0665218 0.0635472 0.0593135 0.0542638 0.0488046 0.0432605 0.0378509 0.0326793 0.0277459 0.0229934 0.018387 0.0139892 0.00997726
 0.00877293 0.0137344 0.0197335 0.0264779 0.033732 0.0412994 0.0488845 0.0560114 0.0620936 0.0665828 0.0690864 0.069433 0.0677006 0.0641981 0.059385 0.0537622 0.0477801 0.0417867 0.0360103 0.0305634 0.0254655 0.0206881 0.0162179 0.012109 0.00849138
 0.00908526 0.0141994 0.020356 0.0272391 0.0346032 0.0422592 0.0499294 0.05715 0.063329 0.0678927 0.0704117 0.0706786 0.068749 0.0649304 0.0597039 0.0536102 0.0471479 0.0407101 0.0345604 0.0288366 0.023579 0.0187771 0.0144251 0.0105623 0.00727436
 0.00920717 0.0143978 0.020654 0.0276564 0.0351497 0.042928 0.0506931 0.0579657 0.0641543 0.0687011 0.0711955 0.0714349 0.0694584 0.0655426 0.0601413 0.0537867 0.0469939 0.0401929 0.0336937 0.0276799 0.0222299 0.0173586 0.0130673 0.00937867 0.00633864
 0.00908423 0.0142245 0.0204439 0.0274423 0.0349794 0.0428544 0.0507618 0.0582055 0.0645689 0.0692674 0.0718699 0.0721667 0.0702012 0.0662563 0.0607828 0.0543007 0.0473141 0.0402575 0.0334669 0.0271688 0.0214897 0.0164835 0.0121697 0.00856284 0.00567702
 0.00898855 0.0140692 0.0202121 0.0271228 0.034574 0.0423876 0.0502877 0.0578038 0.0643275 0.0692561 0.0721187 0.072658 0.0708779 0.0670394 0.0615892 0.0550528 0.0479421 0.0407002 0.033678 0.0271295 0.0212197 0.0160426 0.0116446 0.00804388 0.00523418
 0.00889994 0.0139341 0.0200243 0.0268798 0.0342742 0.0420281 0.0498676 0.0573341 0.0638436 0.0688236 0.0718236 0.0725819 0.0710681 0.0674898 0.0622412 0.0558132 0.0487067 0.0413734 0.0341853 0.0274268 0.0212998 0.0159368 0.0114144 0.00776294 0.00496708
 0.0088984 0.0139228 0.0199913 0.0268091 0.0341502 0.041842 0.0496218 0.0570414 0.0635224 0.0684948 0.0715133 0.0723272 0.0709179 0.0674935 0.0624277 0.0561736 0.0491903 0.0419002 0.0346684 0.0277949 0.0215135 0.0159949 0.0113497 0.0076274 0.00481325
 0.00888851 0.0139034 0.0199553 0.0267459 0.0340457 0.0416807 0.0493908 0.0567369 0.0631559 0.0680955 0.0711247 0.071998 0.0706926 0.067406 0.0624989 0.0564068 0.0495657 0.0423712 0.0351674 0.0282488 0.0218643 0.0162148 0.0114451 0.00763063 0.00476635
 0.008971 0.0140214 0.0201028 0.0269066 0.0341969 0.041799 0.049457 0.0567366 0.0630783 0.0679344 0.0708825 0.0716914 0.0703553 0.0670843 0.0622422 0.0562559 0.049542 0.0424703 0.0353587 0.0284825 0.0220862 0.0163833 0.0115423 0.00766309 0.00475576
 0.0089001 0.0139219 0.0199816 0.0267786 0.0340788 0.0417008 0.0493765 0.0566611 0.062993 0.067831 0.0707631 0.0715662 0.070238 0.06699 0.0621876 0.0562587 0.0496173 0.0426233 0.0355784 0.0287408 0.0223445 0.0166045 0.0117034 0.00776002 0.00480063
 0.00879681 0.0137712 0.0197874 0.0265571 0.033856 0.0415064 0.0492369 0.0565932 0.0629986 0.0678946 0.0708556 0.0716554 0.0703005 0.0670192 0.0621929 0.0562605 0.0496389 0.0426838 0.0356858 0.0288885 0.0225123 0.0167662 0.0118361 0.00785233 0.00485392
 0.00868288 0.0135911 0.0195268 0.0262086 0.0334234 0.0410099 0.0487175 0.0561101 0.0626176 0.0676695 0.0708119 0.0717834 0.0705609 0.0673575 0.0625573 0.0566147 0.0499672 0.0429864 0.0359693 0.0291568 0.0227614 0.0169852 0.012013 0.0079809 0.00493653
 0.00856757 0.0134089 0.0192621 0.0258494 0.0329624 0.0404477 0.0480685 0.0554096 0.0619246 0.0670627 0.070375 0.0715838 0.0706289 0.0676761 0.063068 0.0572378 0.0506249 0.0436202 0.0365449 0.029659 0.023185 0.0173284 0.0122764 0.00816882 0.00505911
 0.00857601 0.01341 0.0192399 0.0257795 0.0328163 0.0402001 0.0477053 0.0549339 0.0613593 0.0664512 0.0697795 0.0710792 0.0702893 0.0675561 0.063186 0.0575694 0.0511109 0.0441855 0.0371195 0.0301908 0.0236432 0.0176997 0.0125591 0.00836966 0.00519075
 0.00864092 0.0135025 0.0193539 0.0258991 0.0329163 0.0402503 0.0476749 0.0547964 0.0610994 0.0660711 0.0693045 0.0705574 0.0697862 0.0671432 0.0629255 0.0574984 0.0512312 0.0444635 0.0374974 0.0306044 0.0240379 0.018039 0.0128258 0.00856233 0.00531838
 0.0086359 0.0134978 0.0193527 0.0259054 0.0329321 0.0402717 0.0476895 0.0547838 0.0610352 0.0659349 0.0690868 0.0702659 0.069448 0.0668024 0.0626361 0.0573124 0.0511845 0.0445647 0.0377248 0.0309129 0.0243733 0.0183533 0.0130873 0.00875789 0.00545064
 0.00865066 0.0135173 0.0193743 0.0259243 0.0329442 0.0402761 0.0476892 0.0547831 0.0610348 0.0659262 0.0690525 0.0701857 0.0693088 0.0666077 0.0624097 0.0570945 0.0510207 0.0444918 0.0377583 0.0310423 0.0245664 0.0185686 0.0132876 0.00891955 0.00556586
