SBPRF35
12.7214
Curr Bio
790307
B35
883244
F35
0.17125
FOFL
0.17125
OFL
0
Bzero
3.63469e+06
#pred survey bio
 3.69508e+06 3.55191e+06 3.42607e+06 3.25438e+06 3.04633e+06 2.80291e+06 2.5658e+06 2.29829e+06 2.04233e+06 1.82739e+06 1.59088e+06 1.37523e+06 1.22329e+06 1.10377e+06 955439 834220 738274 672602 641266 618082 607424 583453 581151 561276 563728 556152 551348 558136 562544 561903 571142 578352 587353 584023 594006 607829 623146 639369 641129 649161 650444 654532 665877 677962 674632 673624 672405 665347 672359 663454 665417 796278 1.96674e+07 1.94249e+07 1.94091e+07 1.99567e+07 2.09069e+07 2.20446e+07 2.31993e+07 2.42635e+07 2.51849e+07 2.59496e+07 2.6566e+07 2.70527e+07 2.74318e+07 2.77245e+07 2.79492e+07 2.81214e+07 2.82532e+07 2.83543e+07 2.84321e+07 2.84921e+07 2.85386e+07 2.85747e+07 2.8603e+07 2.86252e+07 2.86427e+07 2.86565e+07 2.86675e+07 2.86763e+07 2.86833e+07 2.86889e+07 2.86934e+07 2.8697e+07 2.87e+07 2.87023e+07 2.87043e+07 2.87058e+07 2.87071e+07 2.87082e+07 2.8709e+07 2.87097e+07 2.87102e+07 2.87107e+07 2.87111e+07 2.87114e+07 2.87116e+07 2.87118e+07 2.8712e+07 2.87121e+07 2.87123e+07 2.87123e+07 2.87124e+07 2.87125e+07 2.87125e+07 2.87126e+07 2.87126e+07 2.87126e+07 2.87127e+07 2.87127e+07 2.87127e+07 2.87127e+07 2.87127e+07 2.87127e+07 2.87127e+07 2.87127e+07 2.87127e+07 2.87127e+07 2.87127e+07 2.87128e+07 2.87128e+07 2.87128e+07 2.87128e+07 2.87128e+07 2.87128e+07 2.87128e+07 2.87128e+07 2.87128e+07 2.87128e+07 2.87128e+07 2.87128e+07 2.87128e+07 2.87128e+07 2.87128e+07 2.87128e+07 2.87128e+07 2.87128e+07 2.87128e+07 2.87128e+07 2.87128e+07 2.87128e+07 2.87128e+07 2.87128e+07 2.87128e+07 2.87128e+07 2.87128e+07 2.87128e+07 2.87128e+07 2.87128e+07 2.87128e+07 2.87128e+07 2.87128e+07 1.28188e+06 0 0 0 0 0 0 0 0 0 0 0 0 0 0 0 0 0 0 0 0 0 0 0 0
#obs survey bio
 3.94214e+06 3.97036e+06 3.26214e+06 3.59913e+06 3.05773e+06 3.24933e+06 2.69774e+06 1.97455e+06 2.2613e+06 1.64602e+06 1.36038e+06 1.6975e+06 839459 1.12143e+06 656975 885201 636304 358753 640490 608662 692196 533095 777949 540326 367743 535617 637870 872262 694795 539763 558878 651967 452172 564455 601823 543058 630645 578410 570574 716422 681887 711524 606647 885587 602141 512111 620237 624806 970003 552885 647311 868982
#pred catch bio
 108398 101835 155424 201782 249628 260945 306233 312295 289753 320964 310582 260333 237235 264354 238634 213101 183379 152102 143480 130627 138444 116901 128815 107791 115028 110693 99528.1 100519 103456 94633.1 96864.9 96130.2 106957 96070.2 93859.3 93578.1 94059.3 106972 101697 107349 104570 98984 99678 113239 110859 110616 114622 101599 113807 103905 6.94095 7.75918 130637 128846 127355 129622 135136 142043 149061 155453 160884 165279 168713 171327 173276 174707 175744 176490 177021 177397 177662 177849 177979 178070 178133 178177 178208 178229 178244 178254 178261 178266 178269 178271 178273 178274 178275 178275 178275 178276 178276 178276 178276 178276 178276 178276 178276 178276 178276 178276 178276 178276 178276 178276 178276 178276 178276 178276 178276 178276 178276 178276 178276 178276 178276 178276 178276 178276 178276 178276 178276 178276 178276 178276 178276 178276 178276 178276 178276 178276 178276 178276 178276 178276 178276 178276 178276 178276 178276 178276 178276 178276 178276 178276 178276 178276 178276 178276 178276 178276 178276 178276 0 0 0 0 0 0 0 0 0 0 0 0 0 0 0 0 0 0 0 0 0 0 0 0 0
#obs catch bio
 0 101467 155635 201465 249150 259779 305628 312539 288883 321001 311997 261088 238676 266822 242505 216534 185866 155207 146508 132317 140366 117481 129128 107817 115913 111321 99579.2 100208 102898 93922.3 96340.4 95427.1 106999 95837.1 94095.4 93382.4 93649.8 107100 101560 107175 104276 98281.9 99561.4 112884 110832 110519 114857 101377 113383 110974 6.45761 7.75505
#pred cpue bio
 3.65361e+06 3.51184e+06 3.38605e+06 3.21448e+06 3.00702e+06 2.76409e+06 2.52729e+06 2.26045e+06 2.00535e+06 1.79116e+06 1.55586e+06 1.34149e+06 1.19025e+06 1.07126e+06 924321 804537 710170 645608 614830 592493 582581 559666 557850 538721 541253 534047 529687 536725 541417 540992 550039 557047 565781 562454 572217 585928 601068 616927 618627 626567 627971 632092 643092 654842 651582 650641 649558 642810 650011 641575 643171 771879 1.91396e+07 1.89245e+07 1.87731e+07 1.91919e+07 2.01072e+07 2.12386e+07 2.23923e+07 2.34564e+07 2.43778e+07 2.51425e+07 2.57588e+07 2.62455e+07 2.66246e+07 2.69173e+07 2.71421e+07 2.73142e+07 2.74461e+07 2.75472e+07 2.76249e+07 2.76849e+07 2.77314e+07 2.77675e+07 2.77958e+07 2.7818e+07 2.78355e+07 2.78494e+07 2.78604e+07 2.78691e+07 2.78761e+07 2.78817e+07 2.78862e+07 2.78899e+07 2.78928e+07 2.78952e+07 2.78971e+07 2.78987e+07 2.78999e+07 2.7901e+07 2.79018e+07 2.79025e+07 2.79031e+07 2.79035e+07 2.79039e+07 2.79042e+07 2.79045e+07 2.79047e+07 2.79048e+07 2.7905e+07 2.79051e+07 2.79052e+07 2.79053e+07 2.79053e+07 2.79054e+07 2.79054e+07 2.79054e+07 2.79055e+07 2.79055e+07 2.79055e+07 2.79055e+07 2.79055e+07 2.79055e+07 2.79056e+07 2.79056e+07 2.79056e+07 2.79056e+07 2.79056e+07 2.79056e+07 2.79056e+07 2.79056e+07 2.79056e+07 2.79056e+07 2.79056e+07 2.79056e+07 2.79056e+07 2.79056e+07 2.79056e+07 2.79056e+07 2.79056e+07 2.79056e+07 2.79056e+07 2.79056e+07 2.79056e+07 2.79056e+07 2.79056e+07 2.79056e+07 2.79056e+07 2.79056e+07 2.79056e+07 2.79056e+07 2.79056e+07 2.79056e+07 2.79056e+07 2.79056e+07 2.79056e+07 2.79056e+07 2.79056e+07 2.79056e+07 2.79056e+07 2.79056e+07 2.79056e+07 1.2435e+06 0 0 0 0 0 0 0 0 0 0 0 0 0 0 0 0 0 0 0 0 0 0 0 0
#obs cpue bio
 4.04526e+06 2.9393e+06 3.4778e+06 4.74547e+06 3.43106e+06 2.49256e+06 2.09483e+06 1.89668e+06 2.15783e+06 1.84245e+06 1.3163e+06 1.0125e+06 1.21009e+06 1.032e+06 744354 615440 720394 542456 459818 644009 501856 665519 603844 483782 575269 567361 555501 479453 592922 667713 565085 583047 506488 632782 390137 976601 700403 524877 729322 663829 669900 869420 422550 714838 544016 898576 629180 764901 686893 505755 749962 701430
#pred surv len freq
 0.00420972 0.00692734 0.0105992 0.0152645 0.0208417 0.027039 0.0333361 0.039125 0.0439419 0.0476141 0.0502275 0.051989 0.0531093 0.0537545 0.0540482 0.0540929 0.0539937 0.0538556 0.0537178 0.0534231 0.0525024 0.0502217 0.0458849 0.0392849 0.0309959
 0.00448518 0.00729968 0.0110226 0.0156562 0.0211133 0.027141 0.0332866 0.0389988 0.0438247 0.0475527 0.0502112 0.0519739 0.0530641 0.0536965 0.0540439 0.0542232 0.0543024 0.054307 0.0541863 0.053729 0.0524829 0.0498067 0.0451342 0.0383625 0.0300954
 0.0045345 0.00743552 0.0113237 0.0162138 0.0219889 0.0283113 0.0346128 0.0402562 0.0447888 0.0480934 0.0503318 0.0517754 0.0526731 0.0532134 0.0535365 0.053746 0.0539037 0.0540076 0.0539499 0.0534557 0.0520478 0.0491271 0.0442245 0.0373362 0.0291123
 0.00466304 0.00762639 0.0115825 0.0165471 0.022419 0.028888 0.0354043 0.0413098 0.0460766 0.0494793 0.051598 0.0527029 0.0531301 0.0531942 0.0531371 0.0531056 0.0531525 0.0532357 0.053192 0.052689 0.0512128 0.0481726 0.043156 0.0362322 0.0280934
 0.0048641 0.0079503 0.0120628 0.0172091 0.023271 0.029913 0.036558 0.0425329 0.0473161 0.0507002 0.0527669 0.0537552 0.0539533 0.0536559 0.0531424 0.052644 0.0522996 0.0521135 0.0519157 0.0513323 0.049806 0.0467314 0.041718 0.0348745 0.0269139
 0.00510518 0.00834331 0.0126561 0.0180475 0.0243864 0.0313083 0.0381911 0.0443113 0.0491117 0.0523795 0.0542222 0.0549184 0.0547855 0.0541225 0.0531972 0.0522394 0.051417 0.0507893 0.0502391 0.0494189 0.0477715 0.0446835 0.0397642 0.0331251 0.025466
 0.00532616 0.00870784 0.0132148 0.0188517 0.0254789 0.0327083 0.0398774 0.0462139 0.0511179 0.0543521 0.056021 0.0564195 0.0558954 0.0547823 0.0533749 0.0519166 0.050584 0.0494544 0.0484478 0.0472652 0.0453939 0.042249 0.0374475 0.0310844 0.0238152
 0.00557272 0.00911627 0.0138438 0.0197613 0.0267191 0.0343007 0.0417963 0.0483784 0.0534018 0.0566062 0.0580952 0.0581782 0.0572262 0.055602 0.0536316 0.051586 0.0496633 0.0479603 0.0464243 0.0448008 0.0426338 0.039392 0.0347188 0.0286912 0.0218998
 0.00585181 0.0095667 0.0145163 0.0207028 0.0279667 0.0358702 0.0436687 0.0504909 0.0556513 0.0588631 0.0602202 0.0600358 0.0586958 0.0565843 0.0540526 0.0513977 0.0488429 0.0465115 0.0443852 0.0422582 0.0397384 0.0363584 0.0317993 0.0261233 0.0198478
 0.00608873 0.0099558 0.0151092 0.02155 0.0291077 0.0373191 0.0453991 0.0524323 0.0577015 0.0609089 0.0621535 0.0617587 0.060117 0.0576163 0.0546134 0.0514154 0.0482632 0.0453069 0.0425682 0.0398986 0.0369788 0.0334143 0.0289315 0.023582 0.0178098
 0.00639264 0.010456 0.015873 0.0226428 0.0305785 0.0391781 0.0475958 0.0548489 0.0601715 0.0632528 0.0642136 0.0634198 0.0613099 0.0583074 0.054787 0.0510581 0.0473561 0.0438324 0.0405299 0.0373492 0.034046 0.030307 0.025913 0.0209106 0.0156699
 0.00678537 0.011079 0.0167822 0.0238812 0.0321705 0.0411194 0.0498395 0.0572969 0.0626798 0.0656515 0.0663332 0.0651151 0.0624777 0.0588939 0.0547822 0.0504792 0.0462277 0.042176 0.0383711 0.0347432 0.0311077 0.0272264 0.0229351 0.0182808 0.0135655
 0.00708139 0.0115579 0.017498 0.0248811 0.0334846 0.0427454 0.051729 0.0593543 0.0647798 0.0676647 0.0681449 0.0666293 0.0636125 0.0595807 0.0549703 0.0501413 0.0453605 0.0407956 0.0365123 0.0324695 0.02853 0.0245154 0.0203076 0.0159544 0.0116994
 0.00723538 0.0118275 0.0179393 0.0255581 0.0344549 0.0440375 0.0533201 0.0611638 0.0666831 0.0695214 0.0698262 0.0680335 0.0646686 0.0602421 0.0552062 0.0499303 0.0446901 0.0396666 0.0349473 0.0305244 0.0263075 0.0221698 0.0180307 0.0139364 0.0100791
 0.0074992 0.0122685 0.0186252 0.0265588 0.0358266 0.0457976 0.0554221 0.0634865 0.0690466 0.0717214 0.0716738 0.0693869 0.0654505 0.0604402 0.054858 0.0490981 0.0434373 0.038047 0.0330097 0.0283299 0.0239489 0.0197817 0.0157777 0.0119788 0.00852886
 0.00765759 0.0125417 0.0190662 0.0272285 0.0367828 0.0470762 0.0570161 0.0653343 0.0710345 0.0737 0.0734782 0.07086 0.0664655 0.0609193 0.0547808 0.0484958 0.0423754 0.0366047 0.0312676 0.0263713 0.0218712 0.0177054 0.0138406 0.0103102 0.00721614
 0.00793298 0.0129563 0.0196301 0.0279335 0.0376115 0.0480142 0.0580572 0.066475 0.0722604 0.0749721 0.0747272 0.0719905 0.06737 0.0614975 0.0549585 0.048238 0.0416901 0.0355373 0.0298899 0.024773 0.0201562 0.0159903 0.0122467 0.00894447 0.00614709
 0.00810638 0.0132409 0.0200611 0.0285396 0.0384024 0.0489656 0.0591035 0.0675205 0.0732113 0.0757712 0.0753675 0.0724973 0.0677658 0.0617747 0.0550751 0.0481346 0.0413157 0.0348703 0.0289479 0.0236114 0.0188609 0.0146667 0.0110038 0.00787565 0.00531027
 0.00799978 0.0130909 0.0198801 0.0283574 0.038263 0.0489183 0.0591915 0.0677706 0.0736242 0.0763191 0.0760012 0.0731625 0.0684174 0.0623795 0.0556014 0.048541 0.04155 0.0348825 0.0287101 0.023133 0.0181924 0.0138908 0.0102174 0.00716681 0.00473894
 0.00795653 0.013007 0.0197307 0.028116 0.0379147 0.0484772 0.0587127 0.067345 0.0733536 0.0762816 0.0762256 0.0736227 0.069047 0.0630953 0.0563232 0.0492003 0.0420895 0.0352538 0.0288776 0.0230838 0.0179465 0.0135017 0.00976024 0.00671882 0.00435896
 0.0078328 0.0128162 0.019462 0.0277644 0.0374796 0.0479622 0.0581304 0.0667259 0.0727546 0.0757857 0.0759263 0.0735972 0.0693278 0.063656 0.057086 0.0500588 0.0429348 0.0359932 0.029444 0.0234411 0.0180925 0.013468 0.00960404 0.00650696 0.00414967
 0.00790899 0.0129209 0.0195841 0.0278816 0.0375639 0.0479889 0.0580845 0.0666025 0.0725558 0.0755196 0.075613 0.0732758 0.0690566 0.0634983 0.0570865 0.0502236 0.0432263 0.0363431 0.0297752 0.0236899 0.0182232 0.0134782 0.00952042 0.0063723 0.00400679
 0.00784787 0.0128201 0.0194295 0.0276588 0.0372608 0.0476007 0.0576198 0.0660881 0.0720361 0.0750497 0.0752468 0.0730543 0.0690018 0.0636143 0.0573642 0.0506433 0.0437551 0.0369312 0.0303595 0.0242059 0.0186221 0.0137391 0.00965322 0.00640926 0.00398833
 0.0080101 0.0130624 0.0197536 0.0280496 0.0376877 0.0480211 0.0579828 0.0663394 0.0721275 0.074952 0.0749616 0.0726178 0.0684777 0.0630786 0.0568887 0.0502815 0.0435344 0.0368501 0.03039 0.0243021 0.0187336 0.0138263 0.00969682 0.00641109 0.00396346
 0.00790854 0.0129159 0.019567 0.0278388 0.0374739 0.0478222 0.0578084 0.0661905 0.0720013 0.0748466 0.0748778 0.0725578 0.0684442 0.0630758 0.0569239 0.0503657 0.0436773 0.0370537 0.0306428 0.0245782 0.0189989 0.0140493 0.00985884 0.00651034 0.00401215
 0.00783594 0.012808 0.0194243 0.0276702 0.0372964 0.0476588 0.0576836 0.0661244 0.0720016 0.0749033 0.0749645 0.0726423 0.0685012 0.0630962 0.056916 0.0503495 0.0436767 0.0370883 0.0307215 0.0246957 0.0191375 0.0141852 0.00997147 0.00658915 0.00405791
 0.00780214 0.0127422 0.0193061 0.0274765 0.0370105 0.047283 0.0572489 0.0656888 0.0716351 0.0746655 0.0748859 0.0727171 0.0686937 0.0633565 0.0571967 0.0506186 0.0439214 0.0373111 0.0309308 0.024897 0.0193283 0.0143562 0.0101116 0.00669202 0.00412437
 0.00770647 0.0125853 0.0190675 0.0271361 0.0365526 0.046704 0.0565662 0.0649477 0.0709077 0.0740408 0.0744517 0.0725382 0.0687932 0.0637087 0.0577363 0.0512613 0.0445884 0.0379446 0.0314981 0.0253851 0.0197345 0.0146815 0.0103589 0.00686712 0.00423804
 0.00770413 0.0125674 0.0190143 0.02702 0.0363443 0.0463822 0.0561276 0.0644105 0.0703101 0.0734354 0.0739004 0.0721062 0.0685398 0.0636737 0.0579267 0.0516468 0.0451087 0.0385268 0.0320761 0.0259111 0.0201815 0.0150393 0.0106284 0.00705694 0.00436159
 0.00781084 0.0127238 0.0192167 0.0272509 0.0365731 0.0465691 0.0562282 0.0643839 0.0701289 0.0730965 0.0734311 0.0715618 0.0679937 0.0632023 0.0575942 0.0514912 0.045134 0.0387038 0.0323531 0.0262301 0.0204931 0.0153102 0.0108426 0.00721215 0.0044646
 0.00780485 0.0127185 0.0192165 0.027261 0.0365962 0.0466006 0.0562534 0.0643794 0.070069 0.072962 0.0732175 0.0712823 0.0676783 0.0628933 0.0573393 0.0513338 0.0451023 0.0388027 0.0325618 0.0265081 0.0207925 0.015589 0.0110733 0.00738394 0.00458033
 0.0078262 0.0127479 0.0192511 0.0272957 0.0366261 0.0466235 0.0562714 0.0643957 0.0700826 0.0729632 0.0731882 0.0712035 0.0675395 0.062701 0.0571185 0.0511232 0.0449434 0.0387275 0.0325828 0.0266148 0.020956 0.0157727 0.0112446 0.00752222 0.00467879
 0.00776663 0.0126649 0.0191517 0.0271944 0.0365395 0.0465639 0.0562413 0.064389 0.0700899 0.0729778 0.0732068 0.0712222 0.0675508 0.0626944 0.0570868 0.0510697 0.0448848 0.0386889 0.0325873 0.0266732 0.0210622 0.0159063 0.0113806 0.00763976 0.00476705
 0.0078089 0.0127292 0.0192404 0.0273079 0.0366777 0.0467268 0.0564282 0.0645946 0.0702997 0.0731666 0.0733436 0.0712801 0.0675158 0.0625692 0.0568876 0.050821 0.044615 0.038428 0.0323637 0.0265082 0.0209642 0.0158691 0.0113867 0.00766796 0.00479983
 0.0076925 0.0125546 0.0190052 0.0270202 0.0363547 0.0463922 0.0561105 0.0643264 0.070115 0.073094 0.0733973 0.0714524 0.0677767 0.0628739 0.05719 0.051086 0.0448252 0.0385841 0.0324787 0.0266002 0.0210483 0.0159528 0.0114685 0.00774168 0.00485905
 0.00766152 0.0124841 0.0188633 0.0267682 0.0359611 0.0458528 0.0554629 0.0636488 0.0695052 0.0726406 0.0731568 0.0714423 0.0679793 0.0632455 0.0576709 0.0516119 0.0453391 0.0390456 0.0328684 0.0269165 0.0213001 0.0161515 0.0116233 0.00785832 0.00494198
 0.00767897 0.0125039 0.0188758 0.0267551 0.0358954 0.0457018 0.0551963 0.0632509 0.0689898 0.0720596 0.0725944 0.070993 0.0677191 0.0632095 0.0578481 0.0519542 0.0457796 0.0395169 0.0333164 0.0273074 0.0216201 0.0164008 0.0118095 0.00799139 0.00503205
 0.00758725 0.0123762 0.0187225 0.0265978 0.0357581 0.0455981 0.0551195 0.0631735 0.0688737 0.0718736 0.0723311 0.0706787 0.0674101 0.0629763 0.0577503 0.0520204 0.045999 0.0398467 0.0336988 0.0276875 0.0219582 0.0166763 0.012018 0.00813883 0.00512944
 0.00757272 0.0123542 0.0186934 0.0265654 0.0357314 0.045592 0.0551515 0.0632559 0.0690015 0.0720165 0.0724379 0.0706958 0.0673072 0.0627638 0.0574789 0.051761 0.0458152 0.0397722 0.0337313 0.0277973 0.022105 0.0168246 0.0121449 0.00823503 0.00519537
 0.00748612 0.0122212 0.018508 0.0263282 0.0354504 0.0452835 0.0548417 0.0629798 0.0687987 0.0719198 0.0724611 0.0708243 0.0675 0.0629683 0.057653 0.0518903 0.0459153 0.0398746 0.0338626 0.0279649 0.0222956 0.0170141 0.0123105 0.00836347 0.00528454
 0.0074839 0.0122102 0.0184779 0.0262656 0.0353427 0.0451255 0.0546404 0.0627553 0.0685794 0.0717359 0.0723374 0.0707759 0.0675288 0.0630606 0.0577824 0.0520274 0.0460395 0.0399822 0.033964 0.0280735 0.022417 0.0171417 0.0124308 0.00846384 0.00535845
 0.00760156 0.012372 0.0186668 0.026446 0.0354699 0.0451596 0.0545601 0.0625635 0.068301 0.0714109 0.0720126 0.0704958 0.0673267 0.0629529 0.057766 0.0520829 0.0461396 0.0401015 0.0340862 0.0281928 0.022533 0.0172532 0.0125328 0.0085495 0.00542318
 0.00756465 0.0123342 0.0186491 0.0264768 0.0355711 0.0453285 0.0547584 0.0627251 0.0683586 0.0713268 0.0717955 0.0701956 0.0670121 0.0626863 0.0575874 0.0520047 0.0461509 0.0401776 0.0341994 0.0283201 0.0226592 0.0173694 0.0126335 0.00863106 0.00548384
 0.00747501 0.0121966 0.0184587 0.0262392 0.0353054 0.045069 0.0545508 0.0626131 0.068364 0.0714336 0.0719528 0.0703404 0.0671009 0.0627128 0.0575787 0.0520014 0.0461853 0.040262 0.0343268 0.0284721 0.0228153 0.0175134 0.0127551 0.00872577 0.00555172
 0.00746875 0.0121901 0.0184556 0.0262446 0.0353245 0.0451048 0.0546034 0.0626813 0.0684473 0.0715319 0.0720609 0.0704423 0.0671694 0.0627199 0.0575113 0.0518708 0.0460236 0.0401081 0.03421 0.0284043 0.0227922 0.0175217 0.0127801 0.00875516 0.00557799
 0.00743378 0.0121365 0.0183813 0.0261508 0.0352163 0.0449918 0.0544991 0.0626017 0.068407 0.07154 0.0721191 0.0705436 0.0672987 0.0628554 0.0576278 0.0519478 0.0460541 0.040101 0.0341858 0.0283841 0.0227889 0.0175369 0.0128075 0.00878599 0.00560529
 0.00737126 0.0120425 0.0182542 0.0259944 0.0350392 0.0448058 0.0543184 0.0624423 0.0682855 0.0714714 0.0721132 0.0706029 0.0674168 0.0630174 0.0578126 0.0521313 0.0462148 0.0402265 0.0342751 0.0284462 0.0228361 0.0175786 0.0128469 0.00882184 0.00563469
 0.00732208 0.0119686 0.0181543 0.0258719 0.0349017 0.044664 0.0541847 0.0623293 0.0682037 0.0714267 0.0721069 0.0706328 0.0674793 0.0631086 0.0579266 0.0522588 0.0463435 0.0403433 0.0343707 0.028518 0.0228879 0.017617 0.0128774 0.00884717 0.0056551
 0.00721895 0.0117969 0.0178897 0.0254922 0.0343957 0.0440432 0.0534924 0.061639 0.0676033 0.0709948 0.0718925 0.0706476 0.067702 0.0634955 0.0584244 0.0528145 0.0469101 0.0408827 0.0348551 0.0289302 0.0232212 0.0178735 0.0130655 0.00897808 0.00574096
 0.00755224 0.0122669 0.0184631 0.0260906 0.0349147 0.0443847 0.0535939 0.0614856 0.067225 0.0704549 0.0712738 0.0700366 0.0671726 0.0630961 0.0581727 0.0527008 0.0469066 0.0409537 0.0349656 0.0290515 0.0233335 0.0179665 0.0131362 0.00902808 0.00577416
 0.00760164 0.0123891 0.0187197 0.0265517 0.0356247 0.0453186 0.0546292 0.0624223 0.0678532 0.0706372 0.0709946 0.0693935 0.0663253 0.0622067 0.0573647 0.0520445 0.0464233 0.04063 0.0347688 0.0289438 0.0232813 0.0179448 0.013129 0.00902704 0.00577523
 0.00671436 0.0109988 0.0167326 0.0239369 0.0324442 0.0417568 0.0510061 0.0591546 0.0653525 0.0691871 0.0706769 0.070103 0.0678479 0.064304 0.0598241 0.0546907 0.0491106 0.043233 0.0371799 0.0310761 0.025075 0.0193719 0.0141961 0.00977125 0.00625581
#obs surv len freq
 nan nan nan nan nan nan nan nan nan nan nan nan nan nan nan nan nan nan nan nan nan nan nan nan nan
 0.00448704 0.00734945 0.0111804 0.0159973 0.021698 0.0279731 0.0342863 0.0400165 0.044695 0.0481578 0.0505147 0.0520097 0.0529011 0.0534129 0.0537267 0.0539812 0.0542595 0.054552 0.0546906 0.0542825 0.0527206 0.049353 0.0438031 0.0362837 0.0276679
 0.00461928 0.00756676 0.0115114 0.0164689 0.0223287 0.0287624 0.0352053 0.0410047 0.0456695 0.0490299 0.0512071 0.0524676 0.0530973 0.0533473 0.0534221 0.0534753 0.053596 0.0537739 0.053837 0.0533905 0.0518292 0.0485057 0.0430451 0.0356531 0.027186
 0.00477746 0.00782635 0.0119067 0.0170336 0.0230895 0.0297288 0.0363574 0.0422884 0.0470002 0.0503063 0.0523257 0.0533361 0.0536456 0.0535346 0.0532401 0.0529464 0.0527661 0.0527027 0.0525913 0.0520407 0.0504507 0.0471788 0.0418497 0.0346551 0.0264218
 0.00495915 0.00812498 0.0123623 0.0176857 0.0239699 0.0308493 0.0376981 0.0437916 0.0485785 0.0518559 0.0537411 0.0545183 0.0545072 0.0540056 0.053275 0.0525304 0.0519173 0.0514708 0.0510524 0.0502928 0.0486096 0.0453721 0.0402029 0.0332711 0.0253581
 0.00517608 0.00847711 0.0128914 0.0184311 0.0249613 0.0320967 0.0391794 0.0454478 0.05032 0.0535778 0.0553373 0.0558905 0.0555674 0.0546778 0.0534976 0.0522606 0.0511394 0.0502035 0.0493555 0.0482694 0.0464031 0.043154 0.0381489 0.0315271 0.0240094
 0.00541955 0.00887513 0.0134944 0.0192867 0.0261051 0.0335369 0.0408822 0.0473338 0.0522765 0.0554819 0.0570761 0.0573693 0.0567092 0.0554181 0.0537807 0.0520398 0.0503818 0.0489021 0.0475438 0.046037 0.0439008 0.040583 0.0357287 0.0294483 0.022389
 0.00565062 0.009257 0.0140807 0.0201317 0.0272531 0.0350054 0.0426449 0.0493135 0.054356 0.0575266 0.0589561 0.0589741 0.0579523 0.0562351 0.0541232 0.0518688 0.0496657 0.0476239 0.0457192 0.0437363 0.0412665 0.0378253 0.0330922 0.027156 0.0205859
 0.00588394 0.00963767 0.0146566 0.0209494 0.0283506 0.0363997 0.0443177 0.0512044 0.0563677 0.0595405 0.0608491 0.060631 0.0592738 0.057142 0.0545563 0.0517849 0.0490335 0.0464257 0.0439636 0.0414814 0.0386421 0.0350365 0.0303905 0.0247807 0.0187007
 0.00612591 0.0100367 0.0152674 0.0218257 0.029534 0.0379021 0.0461047 0.0531914 0.0584346 0.0615572 0.0626971 0.0622124 0.0605103 0.0579708 0.0549263 0.0516548 0.0483715 0.0452127 0.0422049 0.0392283 0.0360148 0.0322314 0.0276562 0.022361 0.0167681
 0.00639391 0.01047 0.0159154 0.0227333 0.030734 0.0394029 0.0478758 0.0551566 0.0604803 0.0635519 0.0645131 0.0637416 0.0616715 0.0587088 0.0552059 0.0514518 0.0476665 0.0439924 0.0404744 0.0370326 0.0334628 0.0295059 0.0249928 0.0199953 0.0148708
 0.00661586 0.0108409 0.0164917 0.0235727 0.0318823 0.0408735 0.0496313 0.0571051 0.0624924 0.0654891 0.0662519 0.0651846 0.0627473 0.0593684 0.0554188 0.0512007 0.0469422 0.0427923 0.0388099 0.0349478 0.0310567 0.0269438 0.02249 0.0177693 0.0130816
 0.00685627 0.0112316 0.0170797 0.0244027 0.0329889 0.0422689 0.0512905 0.0589575 0.0644274 0.0673738 0.0679527 0.0665863 0.0637649 0.0599509 0.0555443 0.050867 0.0461571 0.0415688 0.0371717 0.0329436 0.0287804 0.024545 0.0201612 0.0157048 0.0114242
 0.00707904 0.0115971 0.0176358 0.0251949 0.0340506 0.0436062 0.0528675 0.0606936 0.0662104 0.069083 0.0694779 0.0678363 0.0646693 0.06046 0.0556296 0.05052 0.0453856 0.0403929 0.0356242 0.0310795 0.0266905 0.0223649 0.0180601 0.013851 0.00994021
 0.00729958 0.0119597 0.0181888 0.0259849 0.035112 0.0449454 0.0544465 0.0624256 0.0679726 0.0707415 0.0709128 0.0689565 0.0654167 0.0608058 0.0555672 0.0500578 0.0445416 0.0391933 0.0341066 0.0293013 0.0247393 0.0203637 0.0161561 0.0121872 0.00861737
 0.00745747 0.0122226 0.0185958 0.026577 0.0359237 0.0459917 0.0557097 0.063849 0.0694664 0.0721984 0.0722248 0.0700285 0.0661758 0.0612062 0.0555904 0.0497077 0.0438374 0.0381653 0.0327954 0.0277642 0.0230582 0.0186477 0.0145323 0.0107751 0.00749936
 0.00753802 0.0123533 0.0187932 0.0268584 0.0363074 0.0464947 0.0563436 0.0646141 0.0703471 0.0731591 0.0732104 0.0709679 0.0669902 0.0618202 0.0559427 0.0497585 0.043571 0.0375886 0.0319371 0.0266745 0.0218116 0.0173419 0.0132778 0.0096748 0.00662381
 0.00760134 0.0124508 0.0189299 0.0270362 0.0365264 0.046755 0.0566469 0.0649643 0.07075 0.0736208 0.0737313 0.071536 0.0675746 0.0623702 0.0563938 0.0500446 0.0436373 0.0374024 0.0314943 0.026002 0.0209671 0.0164085 0.0123521 0.00884704 0.00595732
 0.00767636 0.0125639 0.0190836 0.0272266 0.0367443 0.0469879 0.0568816 0.0651895 0.07096 0.0738187 0.07393 0.071753 0.0678229 0.062648 0.056678 0.0502911 0.0437902 0.0374079 0.0313158 0.0256329 0.0204352 0.0157734 0.0116917 0.00823894 0.00545851
 0.00773083 0.0126511 0.0192117 0.027401 0.0369648 0.0472457 0.0571573 0.0654554 0.0711875 0.0739884 0.0740387 0.0718144 0.0678614 0.0626886 0.0567354 0.0503618 0.0438495 0.037416 0.0312307 0.0254265 0.0201066 0.0153525 0.0112322 0.00780117 0.00509096
 0.00778178 0.012726 0.0193101 0.027518 0.0370932 0.0473797 0.0572934 0.0655919 0.0713209 0.0741116 0.074142 0.0718896 0.0679068 0.0627114 0.0567483 0.0503755 0.0438646 0.0374181 0.031194 0.025324 0.0199241 0.0150983 0.0109365 0.00750588 0.00483437
 0.00783387 0.0128069 0.0194242 0.0276657 0.0372697 0.0475737 0.0574876 0.0657657 0.0714564 0.0741993 0.0741826 0.0718915 0.0678804 0.0626657 0.0566909 0.0503132 0.0438019 0.0373543 0.0311197 0.0252244 0.0197864 0.0149207 0.0107325 0.0073001 0.00465255
 0.00786798 0.0128603 0.0195005 0.0277669 0.0373951 0.0477194 0.0576455 0.0659231 0.0715978 0.0743095 0.0742511 0.0719149 0.067863 0.0626171 0.0566225 0.0502351 0.0437212 0.0372734 0.0310365 0.0251322 0.0196778 0.0147929 0.0105911 0.00715847 0.00452653
 0.00785341 0.0128361 0.0194635 0.0277145 0.0373271 0.0476399 0.057564 0.0658539 0.071556 0.0743063 0.0742896 0.0719893 0.0679611 0.0627248 0.0567275 0.0503291 0.0437998 0.0373341 0.0310769 0.0251492 0.0196683 0.0147566 0.0105329 0.0070886 0.00445742
 0.00789445 0.0128917 0.0195267 0.0277717 0.0373619 0.047639 0.0575228 0.0657779 0.0714595 0.0742081 0.0742082 0.0719389 0.0679484 0.0627477 0.056777 0.0503929 0.0438656 0.0373925 0.0311214 0.0251754 0.019674 0.0147418 0.0105012 0.00704693 0.00441425
 0.00792298 0.012939 0.0195989 0.0278729 0.0374908 0.0477848 0.0576638 0.0658852 0.071507 0.0741832 0.0741182 0.0718074 0.0678061 0.0626213 0.0566826 0.0503344 0.0438373 0.0373839 0.0311211 0.0251742 0.0196659 0.0147243 0.0104751 0.00701601 0.0043835
 0.00788444 0.0128799 0.019517 0.0277697 0.0373724 0.0476626 0.0575529 0.0658012 0.0714603 0.0741744 0.0741378 0.0718419 0.0678455 0.0626641 0.0567339 0.0504003 0.0439197 0.0374782 0.0312179 0.0252626 0.0197371 0.0147738 0.0105031 0.00702651 0.00438265
 0.00790709 0.0129046 0.0195321 0.0277578 0.0373156 0.0475514 0.0573932 0.0656151 0.0712794 0.0740292 0.0740484 0.0718135 0.0678701 0.0627262 0.0568179 0.0504957 0.0440213 0.0375831 0.0313223 0.0253606 0.0198215 0.0148392 0.0105477 0.00705236 0.00439446
 0.00791212 0.0129159 0.0195538 0.0277933 0.0373642 0.0476035 0.0574298 0.0656127 0.0712204 0.0739134 0.0738957 0.0716568 0.0677421 0.0626473 0.0567925 0.0505153 0.0440722 0.0376522 0.0313993 0.0254375 0.0198917 0.0148973 0.0105908 0.00708035 0.00441
 0.00788088 0.0128649 0.0194773 0.0276873 0.0372291 0.0474469 0.0572669 0.065463 0.0711006 0.0738302 0.0738457 0.0716326 0.06774 0.0626709 0.056849 0.0506082 0.0441976 0.0377989 0.0315528 0.0255841 0.020021 0.015003 0.0106703 0.00713495 0.00444387
 0.00784953 0.0128134 0.0193991 0.0275762 0.0370808 0.0472621 0.0570538 0.0652389 0.0708893 0.0736574 0.0737314 0.0715863 0.0677593 0.062745 0.0569646 0.0507545 0.0443662 0.0379817 0.0317399 0.0257637 0.0201817 0.0151363 0.0107724 0.00720666 0.00448975
 0.00783179 0.0127798 0.0193397 0.0274794 0.0369361 0.0470651 0.0568109 0.0649681 0.0706172 0.0734134 0.0735424 0.071472 0.0677298 0.0627995 0.0570921 0.0509371 0.0445839 0.038216 0.0319749 0.0259857 0.0203792 0.0153007 0.0108994 0.0072971 0.0045486
 0.00782407 0.0127654 0.0193145 0.0274372 0.0368699 0.0469674 0.0566763 0.0647957 0.0704136 0.0731934 0.0733283 0.0712901 0.0676042 0.0627469 0.0571183 0.0510368 0.0447424 0.0384133 0.0321898 0.0261987 0.0205744 0.0154666 0.01103 0.00739161 0.00461117
 0.0077647 0.0126719 0.0191795 0.0272566 0.0366439 0.0467026 0.0563864 0.0645015 0.0701387 0.0729595 0.0731519 0.0711815 0.0675697 0.0627897 0.0572378 0.0512269 0.0449905 0.0387005 0.0324931 0.0264949 0.0208431 0.0156932 0.0112071 0.00751934 0.00469563
 0.00773509 0.0126189 0.019091 0.0271192 0.0364465 0.0464427 0.0560752 0.0641641 0.0698091 0.0726716 0.0729319 0.0710448 0.0675216 0.0628277 0.057355 0.0514136 0.0452343 0.0389854 0.0327995 0.0268005 0.0211261 0.0159364 0.0114 0.00766019 0.00478966
 0.00769504 0.0125558 0.0189994 0.0269945 0.036285 0.0462418 0.0558352 0.063891 0.0695171 0.0723834 0.0726761 0.0708502 0.0674103 0.0628111 0.0574322 0.0515745 0.0454628 0.0392621 0.033103 0.0271082 0.0214159 0.0161893 0.0116039 0.00781096 0.00489148
 0.00767106 0.0125147 0.0189339 0.026897 0.0361495 0.046067 0.055627 0.0636616 0.0692821 0.0721579 0.0724732 0.070682 0.0672901 0.0627525 0.0574462 0.0516652 0.0456254 0.0394835 0.0333634 0.0273847 0.021685 0.0164303 0.0118023 0.00796043 0.00499403
 0.0076684 0.0125116 0.0189311 0.0268949 0.036147 0.0460596 0.0556064 0.0636175 0.069206 0.0720472 0.0723327 0.0705237 0.0671299 0.0626083 0.0573362 0.0516051 0.0456257 0.0395464 0.0334816 0.0275424 0.0218611 0.0166033 0.0119541 0.00808038 0.00507937
 0.00766439 0.0125055 0.0189226 0.0268842 0.036135 0.0460475 0.0555952 0.063607 0.0691931 0.0720256 0.0722947 0.0704634 0.067047 0.0625098 0.0572356 0.0515196 0.045572 0.0395366 0.03352 0.0276238 0.0219722 0.0167259 0.0120705 0.00817758 0.0051514
 0.00763741 0.0124666 0.0188734 0.0268293 0.0360807 0.0460001 0.0555589 0.0635835 0.0691823 0.0720254 0.072301 0.0704701 0.0670471 0.0624978 0.0572106 0.0514868 0.0455422 0.0395229 0.0335332 0.0276679 0.0220432 0.0168128 0.0121592 0.00825583 0.00521187
 0.00759388 0.0123975 0.0187729 0.0266945 0.0359135 0.0458093 0.055362 0.0634044 0.0690452 0.0719478 0.0722885 0.0705159 0.0671359 0.0626112 0.0573312 0.0516022 0.0456472 0.0396189 0.0336259 0.0277632 0.0221429 0.0169135 0.0122536 0.00833605 0.00527308
 0.00757265 0.0123612 0.0187151 0.0266082 0.0357931 0.0456536 0.055177 0.0632045 0.068852 0.0717852 0.0721778 0.0704705 0.0671585 0.062693 0.0574556 0.0517496 0.0457999 0.0397653 0.033761 0.0278869 0.0222567 0.0170172 0.0123447 0.00841103 0.00532959
 0.00755223 0.0123283 0.0186659 0.0265392 0.0357011 0.0455367 0.0550359 0.0630437 0.0686807 0.0716175 0.0720309 0.0703628 0.0671053 0.0627027 0.0575267 0.0518709 0.0459541 0.0399334 0.0339274 0.0280414 0.022394 0.017135 0.012442 0.00848719 0.0053851
 0.00755751 0.0123349 0.0186721 0.0265418 0.035696 0.0455196 0.0550028 0.062992 0.0686088 0.0715261 0.0719243 0.0702496 0.0669986 0.0626183 0.0574787 0.0518677 0.0459954 0.0400108 0.0340273 0.0281497 0.0224991 0.0172291 0.0125209 0.00854897 0.00543005
 0.00754461 0.0123195 0.0186591 0.0265386 0.0357097 0.045553 0.0550514 0.0630442 0.0686494 0.0715417 0.0719067 0.0701981 0.0669195 0.0625236 0.0573841 0.0517895 0.0459463 0.0399969 0.0340468 0.0281941 0.0225572 0.0172902 0.0125768 0.00859489 0.00546428
 0.00752656 0.0122877 0.0186072 0.0264608 0.035604 0.045425 0.0549165 0.0629247 0.068567 0.0715077 0.0719185 0.0702414 0.0669756 0.0625775 0.0574292 0.0518273 0.0459839 0.0400426 0.0341055 0.0282656 0.022636 0.0173681 0.0126461 0.0086506 0.0055048
 0.00753107 0.012294 0.0186146 0.026467 0.035605 0.0454152 0.05489 0.0628778 0.0685016 0.0714334 0.0718497 0.0701916 0.0669517 0.0625771 0.0574432 0.0518466 0.0460037 0.0400635 0.0341314 0.0282998 0.0226786 0.0174154 0.0126922 0.00869045 0.00553535
 0.0075016 0.0122526 0.0185642 0.0264144 0.0355583 0.0453808 0.0548695 0.0628675 0.0684944 0.0714222 0.0718313 0.0701683 0.0669306 0.0625665 0.0574485 0.0518677 0.0460362 0.0401021 0.0341729 0.0283431 0.0227233 0.0174601 0.0127342 0.00872641 0.00556307
 0.00749208 0.0122333 0.0185287 0.0263556 0.035472 0.0452697 0.0547461 0.0627516 0.0684063 0.0713744 0.0718239 0.0701917 0.0669717 0.0626153 0.0575008 0.0519234 0.0460963 0.040166 0.0342383 0.0284072 0.0227836 0.0175147 0.0127813 0.00876447 0.0055914
 0.00748986 0.0122305 0.0185254 0.0263516 0.0354655 0.0452564 0.0547196 0.0627065 0.0683421 0.0712984 0.0717498 0.0701343 0.0669405 0.0626112 0.0575183 0.0519549 0.0461359 0.0402103 0.0342854 0.0284554 0.0228307 0.0175584 0.0128193 0.00879532 0.00561445
 0.00748986 0.0122305 0.0185254 0.0263516 0.0354655 0.0452564 0.0547196 0.0627065 0.0683421 0.0712984 0.0717498 0.0701343 0.0669405 0.0626112 0.0575183 0.0519549 0.0461359 0.0402103 0.0342854 0.0284554 0.0228307 0.0175584 0.0128193 0.00879532 0.00561445
 0.00668839 0.0109565 0.0166679 0.0238425 0.0323112 0.0415777 0.0507823 0.0589074 0.0651328 0.0690714 0.070744 0.0703967 0.0683465 0.0649176 0.0604249 0.05516 0.0493769 0.0432847 0.0370546 0.0308368 0.0247867 0.0190872 0.013949 0.00957802 0.0061184
#pred catch len freq
 0.00311303 0.00506423 0.00766171 0.0109564 0.0149927 0.0197594 0.0251304 0.0308555 0.0366127 0.0420731 0.046948 0.0510253 0.0541976 0.0564689 0.0579339 0.0587505 0.0591179 0.0592405 0.0592358 0.058984 0.0580011 0.0554956 0.0507087 0.0434167 0.0342565
 0.00332454 0.00535269 0.00799547 0.0112769 0.0152375 0.0198941 0.0251684 0.0308482 0.0366142 0.0421038 0.0469852 0.0510274 0.0541456 0.0563959 0.0579211 0.0588896 0.0594568 0.0597382 0.0597529 0.0593213 0.0579787 0.055036 0.0498782 0.0423966 0.0332607
 0.00339044 0.005494 0.00826663 0.0117374 0.0159224 0.0207777 0.0261451 0.031756 0.037298 0.0424815 0.04707 0.0508967 0.0538865 0.0560725 0.0575798 0.0585786 0.0592271 0.0596145 0.0596962 0.0592209 0.0576936 0.0544695 0.0490389 0.0414025 0.0322835
 0.00352072 0.00569025 0.00853794 0.0120947 0.0163913 0.0214076 0.0269985 0.0328707 0.0386351 0.0438975 0.0483459 0.0518178 0.0543278 0.0560345 0.0571621 0.0579222 0.0584635 0.0588345 0.0589336 0.058448 0.0568424 0.0534813 0.0479168 0.0402309 0.0311944
 0.00371547 0.00599828 0.00898472 0.0126964 0.0171511 0.0223135 0.0280253 0.0339895 0.0398248 0.0451428 0.0496127 0.05302 0.0553197 0.0566508 0.057286 0.0575362 0.0576487 0.0577244 0.0576542 0.0570789 0.0554141 0.0520065 0.0464321 0.038817 0.029957
 0.00393714 0.0063536 0.00951084 0.0134264 0.0181102 0.0235109 0.0294427 0.0355723 0.0414852 0.046776 0.0511189 0.0543186 0.0563453 0.0573366 0.0575545 0.0573147 0.0569046 0.056492 0.0560295 0.0551877 0.0533805 0.0499432 0.0444498 0.03703 0.0284686
 0.00417264 0.00673205 0.0100734 0.0142117 0.019151 0.0248273 0.0310302 0.0373911 0.0434551 0.0487815 0.0530222 0.0559802 0.0576454 0.0581883 0.0579017 0.0571211 0.0561486 0.055177 0.0542031 0.0529526 0.0508885 0.0473761 0.0419968 0.0348623 0.0267101
 0.00442069 0.00713333 0.0106749 0.0150592 0.0202849 0.0262736 0.0327871 0.0394179 0.0456687 0.0510617 0.0552234 0.057947 0.0592307 0.0592705 0.0583958 0.056979 0.0553534 0.0537392 0.052168 0.0504164 0.0480102 0.0443727 0.0391135 0.0323245 0.0246736
 0.00468124 0.00754811 0.0112846 0.0159007 0.0213911 0.0276694 0.0344805 0.0413871 0.0478533 0.0533607 0.0575015 0.0600486 0.0609987 0.0605641 0.0591032 0.0570233 0.0546931 0.0523692 0.0501261 0.0477972 0.0449797 0.0411671 0.03601 0.029584 0.0224776
 0.00496537 0.00800104 0.0119503 0.0168165 0.0225839 0.0291494 0.0362324 0.0433636 0.0499783 0.0555375 0.0596221 0.0619983 0.0626594 0.0618186 0.0598427 0.0571551 0.0541485 0.0511135 0.0481718 0.0452224 0.0419449 0.0379147 0.0328329 0.0267636 0.0202131
 0.00529107 0.00852398 0.0127259 0.0178942 0.0240006 0.0309181 0.0383259 0.0457049 0.0524429 0.0579722 0.0618695 0.0639191 0.0641468 0.0628002 0.0602699 0.0569898 0.0533554 0.0496652 0.0460691 0.0425241 0.0387944 0.0345467 0.0295426 0.0238411 0.0178664
 0.0056435 0.00907802 0.0135265 0.0189756 0.0253873 0.0326225 0.040339 0.0479811 0.0548896 0.0604501 0.064207 0.0659388 0.065696 0.0637738 0.0606158 0.0566956 0.0524276 0.048116 0.0439222 0.0398399 0.0357022 0.0312601 0.0263377 0.0209944 0.0155797
 0.00593619 0.00954395 0.0142099 0.0199129 0.0266032 0.0341235 0.0421039 0.0499562 0.0569916 0.0625753 0.0662392 0.0677544 0.06717 0.0647917 0.061088 0.0565683 0.0516828 0.0467645 0.0420005 0.0374196 0.0329102 0.0282915 0.0234402 0.018417 0.0135057
 0.00621073 0.00998812 0.0148747 0.0208451 0.0278376 0.0356697 0.0439313 0.0519861 0.0591052 0.0646337 0.0681076 0.069319 0.0683455 0.065519 0.0613273 0.0562929 0.0508777 0.0454311 0.0401656 0.0351485 0.0303218 0.0255644 0.0207958 0.0160751 0.0116263
 0.00650537 0.0104665 0.0155944 0.0218615 0.029196 0.0373902 0.045989 0.0542964 0.0615238 0.066975 0.0701745 0.0709389 0.0694001 0.0659582 0.0611621 0.0555706 0.0496564 0.0437651 0.0381085 0.0327706 0.0277311 0.022917 0.0182826 0.0138819 0.00988427
 0.00668922 0.0107717 0.016067 0.0225526 0.0301561 0.0386581 0.0475752 0.0561674 0.0635942 0.0691091 0.0722001 0.0726714 0.0706746 0.06666 0.0612433 0.0550482 0.0485931 0.0422452 0.0362221 0.0306137 0.0254172 0.020587 0.0160971 0.0119925 0.00839397
 0.00693709 0.0111441 0.0165726 0.0231852 0.0309053 0.0395223 0.0485673 0.0573064 0.0648852 0.0705224 0.0736601 0.0740613 0.0718548 0.0674952 0.0616284 0.0549269 0.0479635 0.0411537 0.0347496 0.028864 0.0235119 0.0186633 0.0142978 0.0104438 0.0071779
 0.00704554 0.011325 0.0168524 0.0235886 0.0314473 0.040198 0.0493468 0.0581414 0.0657282 0.0713462 0.0744604 0.0748399 0.0725934 0.0681392 0.0620923 0.0551171 0.0478069 0.040619 0.0338559 0.0276775 0.022136 0.0172242 0.0129265 0.00925303 0.00623938
 0.00694451 0.0111827 0.0166803 0.0234153 0.0313156 0.0401575 0.0494432 0.0584053 0.066165 0.0719316 0.0751477 0.0755748 0.073329 0.0688373 0.0627127 0.0556058 0.0480977 0.0406496 0.0335914 0.0271282 0.0213609 0.0163206 0.0120084 0.00842433 0.00557083
 0.00686398 0.0110466 0.0164678 0.0231086 0.0309099 0.0396745 0.0489403 0.0579714 0.0658991 0.0719119 0.0754065 0.0760903 0.074036 0.0696487 0.0635398 0.056369 0.0487274 0.0410863 0.0337908 0.0270736 0.0210749 0.0158656 0.0114729 0.00789901 0.00512502
 0.0067899 0.0109318 0.0163041 0.0228889 0.0306257 0.0393151 0.0484985 0.0574557 0.065349 0.0714047 0.0750445 0.0759705 0.0742141 0.0701169 0.0642298 0.057175 0.049535 0.0417936 0.0343218 0.0273853 0.0211627 0.0157635 0.0112446 0.0076197 0.00485967
 0.00678066 0.0109089 0.0162554 0.0227991 0.030481 0.0391092 0.0482364 0.0571519 0.0650215 0.0710714 0.0747278 0.0757062 0.0740537 0.0701153 0.0644214 0.0575524 0.0500443 0.0423494 0.0348316 0.0277748 0.0213916 0.0158317 0.0111865 0.00748868 0.00470912
 0.00677781 0.0108978 0.0162259 0.0227356 0.0303636 0.0389175 0.0479562 0.0567829 0.0645838 0.070606 0.07429 0.0753523 0.0738295 0.0700505 0.0645296 0.0578303 0.0504669 0.042866 0.0353717 0.0282631 0.0217689 0.0160707 0.011295 0.0075005 0.00466774
 0.00684562 0.0109968 0.016354 0.0228823 0.030512 0.039047 0.0480441 0.0568061 0.0645209 0.0704429 0.0740277 0.075013 0.0734563 0.0696997 0.064257 0.0576781 0.0504542 0.0429844 0.0355859 0.0285194 0.0220107 0.016255 0.0114038 0.00754084 0.00466225
 0.00678513 0.0109114 0.0162487 0.0227689 0.0304037 0.0389516 0.0479598 0.0567228 0.0644269 0.0703318 0.073901 0.0748791 0.0733275 0.0695913 0.0641879 0.0576693 0.0505229 0.0431365 0.0358094 0.0287842 0.0222762 0.0164828 0.0115701 0.00764152 0.00470963
 0.00670481 0.0107921 0.016091 0.0225825 0.0302069 0.0387687 0.0478166 0.0566401 0.0644128 0.0703764 0.0739781 0.0749561 0.0733791 0.0696085 0.0641793 0.0576559 0.0505304 0.0431858 0.0359097 0.028929 0.0224442 0.0166464 0.0117051 0.00773591 0.00476449
 0.00661877 0.0106505 0.0158756 0.0222779 0.0298073 0.0382865 0.0472897 0.0561308 0.0639939 0.0701107 0.073899 0.0750591 0.0736259 0.0699424 0.0645441 0.0580114 0.0508582 0.0434857 0.0361895 0.0291938 0.0226909 0.0168641 0.0118818 0.00786471 0.00484748
 0.00652251 0.0104953 0.0156439 0.0219529 0.0293747 0.0377395 0.0466365 0.0554039 0.0632548 0.0694456 0.0734032 0.0748118 0.0736657 0.0702542 0.0650657 0.0586555 0.0515396 0.0441407 0.0367812 0.0297069 0.0231213 0.0172115 0.0121477 0.00805419 0.00497101
 0.00652358 0.0104852 0.0156062 0.0218635 0.0292056 0.0374661 0.0462459 0.0548998 0.0626611 0.0688068 0.0727834 0.0742887 0.0733171 0.0701382 0.0652019 0.0590178 0.0520643 0.044747 0.0373937 0.0302702 0.0236035 0.0175997 0.0124417 0.00826211 0.00510682
 0.00657767 0.010562 0.0157003 0.0219603 0.0292819 0.037493 0.0461927 0.0547398 0.0623787 0.0684055 0.0722905 0.0737551 0.0728102 0.0697303 0.0649553 0.058969 0.0522135 0.0450578 0.037805 0.0307145 0.0240237 0.0179584 0.0127218 0.00846334 0.0052395
 0.00657551 0.0105616 0.0157048 0.0219732 0.0293039 0.0375182 0.046206 0.0547183 0.0622971 0.0682445 0.0720446 0.073437 0.0724515 0.0693779 0.0646637 0.0587887 0.0521783 0.0451743 0.0380495 0.03104 0.0243743 0.018285 0.0129921 0.00866464 0.00537513
 0.00658575 0.0105748 0.0157186 0.0219841 0.0293095 0.037519 0.046206 0.0547217 0.0623027 0.0682411 0.0720118 0.0733528 0.0723035 0.0691723 0.0644277 0.0585655 0.0520147 0.0451066 0.0380918 0.0311797 0.0245777 0.0185091 0.0131992 0.00883102 0.00549323
