SBPRF35
9.34844
Curr Bio
577037
B35
728649
F35
0.193837
FOFL
0.142383
OFL
62800.6
Bzero
2.67098e+006
#pred survey bio
 4.10957e+006 3.97155e+006 3.82304e+006 3.60254e+006 3.34274e+006 3.06989e+006 2.76239e+006 2.50088e+006 2.2405e+006 1.9863e+006 1.77619e+006 1.55389e+006 1.37802e+006 1.21732e+006 1.0905e+006 974208 875677 790585 739802 687871 643554 625094 618191 602189 578611 559636 557488 552583 555721 559754 550946 551123 554374 549748 546289 542065 525274 516949 517222 525381 526710 533347 544324 547535 554393 555307 560068 561898 564815 567037 568728 584829 594437 587948 604159 585183 583387 594339 593786 630890 600340 576021 567685 581222 609539 602209 582325 1.92415e+007 1.16274e+007 1.20399e+007 1.29986e+007 1.42596e+007 1.55751e+007 1.67855e+007 1.7815e+007 1.86462e+007 1.92938e+007 1.9786e+007 2.01542e+007 2.04267e+007 2.06272e+007 2.07744e+007 2.08826e+007 2.09622e+007 2.10211e+007 2.10648e+007 2.10975e+007 2.1122e+007 2.11406e+007 2.11547e+007 2.11654e+007 2.11737e+007 2.118e+007 2.11849e+007 2.11887e+007 2.11917e+007 2.1194e+007 2.11958e+007 2.11972e+007 2.11983e+007 2.11992e+007 2.11999e+007 2.12004e+007 2.12008e+007 2.12012e+007 2.12014e+007 2.12016e+007 2.12018e+007 2.12019e+007 2.1202e+007 2.12021e+007 2.12022e+007 2.12022e+007 2.12023e+007 2.12023e+007 2.12023e+007 2.12023e+007 2.12024e+007 2.12024e+007 2.12024e+007 2.12024e+007 2.12024e+007 2.12024e+007 2.12024e+007 2.12024e+007 2.12024e+007 2.12024e+007 2.12024e+007 2.12024e+007 2.12024e+007 2.12024e+007 2.12024e+007 2.12024e+007 2.12024e+007 2.12024e+007 2.12024e+007 2.12024e+007 2.12024e+007 2.12024e+007 2.12024e+007 2.12024e+007 2.12024e+007 2.12024e+007 2.12024e+007 2.12024e+007 2.12024e+007 2.12024e+007 2.12024e+007 2.12024e+007 2.12024e+007 2.12024e+007 2.12024e+007 2.12024e+007 2.12024e+007 2.12024e+007 2.12024e+007 2.12024e+007 2.12024e+007 2.12024e+007 2.12024e+007 2.12024e+007 2.12024e+007 2.12024e+007 2.12024e+007 2.12024e+007 2.12024e+007 2.12024e+007 0 0 0 0 0 0 0 0 0 0 0 0 0 0 0 0 0 0 0 0 0 0 0 0 0
#obs survey bio
 2.6195e+006 2.9376e+006 4.07316e+006 3.52384e+006 2.44876e+006 2.88493e+006 1.96698e+006 2.31846e+006 1.49392e+006 1.331e+006 1.44164e+006 1.57653e+006 986114 1.37974e+006 940990 913313 874181 584644 826606 522402 630957 566833 582487 693387 598002 408149 556188 364253 498146 543607 366927 492083 519462 647623 818492 696674 575294 456235 554682 526806 408551 484067 368638 421435 665321 874346 672743 445786 739166 450912 532210 660384 604405 628621 582794 496887 506085 580627 753212 500138 730423 593071 491709 545628 696382 490035 558023
#pred catch bio
 83699 87976.9 156360 203373 232373 285197 266417 288005 303698 282675 307681 276318 268783 241429 231892 213709 197888 164729 161903 151022 125933 114357 119771 122660 115502 99959.7 101960 95216.6 94890.9 105250 96911.1 93615.7 98098.3 93438.4 90218 98853.4 93364.6 89732.8 85780.3 92277.6 87531.9 84129.8 91162.6 88451.4 93221.8 89260 91278.7 90055.7 90368.7 90838.5 79755.8 86534.3 100053 81196.2 111093 96231.8 86767.7 97215.9 66422.5 122829 114693 100297 82282.4 70822.7 100306 108381 115076 62800.6 83846.3 85613.7 91266.3 99726.1 108786 117073 123998 129449 133563 136571 138720 140226 141267 141979 142461 142785 143002 143146 143241 143305 143346 143374 143392 143404 143411 143416 143420 143422 143423 143424 143425 143425 143425 143426 143426 143426 143426 143426 143426 143426 143426 143426 143426 143426 143426 143426 143426 143426 143426 143426 143426 143426 143426 143426 143426 143426 143426 143426 143426 143426 143426 143426 143426 143426 143426 143426 143426 143426 143426 143426 143426 143426 143426 143426 143426 143426 143426 143426 143426 143426 143426 143426 143426 143426 143426 143426 143426 143426 143426 143426 143426 143426 143426 143426 143426 143426 143426 143426 143426 0 0 0 0 0 0 0 0 0 0 0 0 0 0 0 0 0 0 0 0 0 0 0 0 0
#obs catch bio
 0 87786.8 157216 204769 234035 288612 269380 291661 309192 288230 316205 283073 277291 247540 238000 218850 201232 167405 164835 154177 128470 116358 121780 124632 116916 101189 103576 96744.4 96244.5 107270 98722.4 95536.4 100289 94932.5 90938 99510.6 93825.7 90417.1 86072 92777.5 87679.8 83930.9 91350.4 88783.6 93563.1 89064.2 90920.6 90015 90111 90696.6 79509.3 86356.9 100332 80689.6 111234 96137.2 86504.9 97916.5 65873.9 123164 114457 100127 82216.3 70484.6 100078 107851 115190
#pred cpue bio
 4.0487e+006 3.91394e+006 3.76813e+006 3.54889e+006 3.29008e+006 3.01832e+006 2.71225e+006 2.45165e+006 2.19227e+006 1.93919e+006 1.73002e+006 1.50956e+006 1.33532e+006 1.1766e+006 1.05166e+006 937420 840979 757928 708446 658057 615101 597358 590957 575752 553189 534901 532771 527977 530997 534944 526450 526701 530190 526352 523891 520541 503822 494315 493584 501495 503201 509992 520778 523809 530454 531564 536468 538350 541230 543487 545082 560631 570007 563757 579523 560922 558904 569413 568985 605471 575984 552042 543660 556980 585071 578334 559022 1.84699e+007 1.11692e+007 1.14589e+007 1.22767e+007 1.34866e+007 1.47897e+007 1.59975e+007 1.70266e+007 1.78577e+007 1.85052e+007 1.89975e+007 1.93656e+007 1.96381e+007 1.98386e+007 1.99859e+007 2.0094e+007 2.01737e+007 2.02325e+007 2.02763e+007 2.03089e+007 2.03335e+007 2.0352e+007 2.03661e+007 2.03769e+007 2.03851e+007 2.03915e+007 2.03964e+007 2.04002e+007 2.04031e+007 2.04054e+007 2.04072e+007 2.04086e+007 2.04098e+007 2.04106e+007 2.04113e+007 2.04119e+007 2.04123e+007 2.04126e+007 2.04129e+007 2.04131e+007 2.04133e+007 2.04134e+007 2.04135e+007 2.04136e+007 2.04136e+007 2.04137e+007 2.04137e+007 2.04138e+007 2.04138e+007 2.04138e+007 2.04138e+007 2.04138e+007 2.04138e+007 2.04138e+007 2.04139e+007 2.04139e+007 2.04139e+007 2.04139e+007 2.04139e+007 2.04139e+007 2.04139e+007 2.04139e+007 2.04139e+007 2.04139e+007 2.04139e+007 2.04139e+007 2.04139e+007 2.04139e+007 2.04139e+007 2.04139e+007 2.04139e+007 2.04139e+007 2.04139e+007 2.04139e+007 2.04139e+007 2.04139e+007 2.04139e+007 2.04139e+007 2.04139e+007 2.04139e+007 2.04139e+007 2.04139e+007 2.04139e+007 2.04139e+007 2.04139e+007 2.04139e+007 2.04139e+007 2.04139e+007 2.04139e+007 2.04139e+007 2.04139e+007 2.04139e+007 2.04139e+007 2.04139e+007 2.04139e+007 2.04139e+007 2.04139e+007 2.04139e+007 2.04139e+007 2.04139e+007 0 0 0 0 0 0 0 0 0 0 0 0 0 0 0 0 0 0 0 0 0 0 0 0 0
#obs cpue bio
 3.88716e+006 2.47283e+006 3.62043e+006 2.30527e+006 3.71318e+006 2.99814e+006 2.43609e+006 2.79888e+006 2.08048e+006 1.66383e+006 1.4426e+006 1.14552e+006 983594 968248 912028 802209 994288 657722 503461 563878 372817 513069 592624 445734 535306 469242 389473 524316 511545 399172 492728 355089 432135 481070 487840 493207 433632 416535 531702 472103 746957 724037 613707 506913 481309 486277 566099 512769 523797 691154 561606 508203 487740 680756 574904 612770 701346 382578 652776 830286 495990 553201 569255 649380 671439 779873 433913
#pred surv len freq
 0.00490207 0.00797975 0.0120484 0.0171002 0.0230182 0.0294927 0.0359945 0.041906 0.0467544 0.05037 0.0528625 0.0544836 0.0554969 0.0561061 0.0564236 0.0564616 0.0561465 0.0553458 0.0538896 0.0515709 0.0481496 0.0434131 0.0373197 0.030161 0.0226032
 0.00509643 0.00819851 0.0122033 0.0170636 0.0226744 0.0288095 0.035069 0.0409418 0.0459721 0.0499006 0.0526906 0.0544717 0.0554696 0.055943 0.0561175 0.056122 0.05595 0.0554571 0.054384 0.052394 0.0491375 0.0443624 0.0380706 0.030648 0.0228528
 0.00532845 0.00857569 0.0127631 0.0178201 0.0235921 0.0297782 0.0359043 0.0414348 0.0459802 0.0494264 0.0518869 0.0535573 0.0546135 0.0551982 0.0554443 0.0554693 0.0553285 0.0549517 0.054103 0.0523955 0.0493848 0.044738 0.0384362 0.0309079 0.0229815
 0.00553396 0.008915 0.0132841 0.0185717 0.0246141 0.0310811 0.0374416 0.0430808 0.0475312 0.0506393 0.0525522 0.0535762 0.0540337 0.0541811 0.054183 0.0541164 0.0539785 0.0536715 0.0529625 0.0514638 0.0486973 0.0442739 0.0381299 0.030687 0.0228001
 0.00576456 0.00928321 0.0138269 0.0193219 0.0255983 0.0323142 0.0389167 0.0447569 0.0493222 0.0524077 0.0541127 0.0547205 0.0545806 0.054036 0.0533733 0.0527777 0.0523018 0.0518468 0.0511493 0.0497851 0.0472389 0.043079 0.0371991 0.0299903 0.0222963
 0.00602131 0.00969247 0.0144278 0.0201461 0.0266651 0.033624 0.0404432 0.046445 0.0510945 0.0541741 0.0557721 0.0561536 0.0556452 0.0545814 0.0532787 0.0519986 0.0508971 0.0499684 0.049002 0.0475791 0.0451544 0.0412469 0.0356936 0.028832 0.0214633
 0.00635773 0.0102259 0.0152055 0.0212028 0.0280174 0.0352612 0.0423174 0.0484681 0.0531505 0.0561404 0.057539 0.05763 0.0567498 0.0552303 0.0533807 0.0514715 0.0497015 0.0481433 0.0466789 0.0449651 0.0424903 0.0387586 0.0335532 0.027135 0.0202257
 0.00667357 0.0107279 0.0159398 0.0222053 0.0293081 0.0368357 0.0441363 0.0504531 0.0551922 0.0581177 0.0593369 0.0591507 0.0579141 0.0559714 0.0536353 0.0511752 0.0487986 0.0466141 0.0445738 0.0424248 0.0397357 0.0360484 0.0311249 0.0251527 0.0187536
 0.00701329 0.0112711 0.0167402 0.0233063 0.0307344 0.038581 0.04615 0.0526364 0.057412 0.0602315 0.0612166 0.0606945 0.0590482 0.0566438 0.053807 0.0508112 0.0478656 0.0450916 0.0424819 0.0398565 0.0368724 0.0331413 0.0284402 0.0229036 0.0170494
 0.00734494 0.011807 0.0175404 0.0244243 0.0322063 0.0404093 0.0482863 0.0549754 0.0598047 0.0625127 0.0632334 0.0623245 0.0602057 0.0572781 0.053894 0.0503413 0.0468336 0.0434982 0.0403502 0.0372612 0.0339662 0.0301526 0.0256332 0.0205101 0.0152064
 0.0075595 0.0121633 0.0180913 0.0252249 0.0333055 0.0418332 0.0500212 0.056958 0.0619276 0.0646407 0.0652228 0.0640394 0.0615312 0.0581287 0.0542159 0.0501085 0.0460397 0.0421518 0.0384813 0.034941 0.0313288 0.0274009 0.0230101 0.0182401 0.0134342
 0.00788063 0.0126722 0.0188331 0.0262342 0.0346017 0.0434138 0.0518515 0.0589651 0.0640054 0.0666644 0.0670655 0.065585 0.0626826 0.0588131 0.0543864 0.0497425 0.0451352 0.0407245 0.0365694 0.0326188 0.0287241 0.0247008 0.0204388 0.0160086 0.0116826
 0.0080783 0.0130019 0.0193442 0.0269771 0.0356167 0.0447137 0.0534058 0.0606973 0.0658069 0.0684188 0.0686675 0.0669474 0.0637343 0.0594947 0.0546498 0.0495523 0.0444715 0.039587 0.0349838 0.0306489 0.0264838 0.0223565 0.0181895 0.014043 0.0101294
 0.00829816 0.0133531 0.019862 0.027692 0.0365508 0.0458747 0.0547768 0.0622289 0.0674176 0.0700044 0.0701176 0.068162 0.0646365 0.0600356 0.0548036 0.0493076 0.0438243 0.0385414 0.0335605 0.028899 0.0245028 0.020287 0.016204 0.0123059 0.00875367
 0.00847789 0.0136399 0.0202837 0.028271 0.0373009 0.0467953 0.0558473 0.0634067 0.0686437 0.0712126 0.0712417 0.0691387 0.0654061 0.0605453 0.0550122 0.0491883 0.043365 0.0377427 0.0324391 0.0274967 0.0228975 0.0185961 0.0145711 0.0108696 0.00761079
 0.00859462 0.0138433 0.0206144 0.0287738 0.0380128 0.047728 0.0569711 0.064649 0.069904 0.0723887 0.0722507 0.0699265 0.0659444 0.0608225 0.0550247 0.0489351 0.0428461 0.0369623 0.0314116 0.0262561 0.0215065 0.0171492 0.0131841 0.0096545 0.00664574
 0.00876172 0.0140978 0.0209668 0.0292261 0.0385636 0.0483774 0.057721 0.0654945 0.0708213 0.0733271 0.0731366 0.0706782 0.0664927 0.0611249 0.0550679 0.048726 0.0424009 0.0362992 0.0305518 0.025231 0.0203675 0.0159714 0.012059 0.00867064 0.00586485
 0.00895331 0.0143989 0.0213995 0.0298012 0.039276 0.0492013 0.0586078 0.0663787 0.0716368 0.0740249 0.0736919 0.0710827 0.0667408 0.0612055 0.054967 0.0484355 0.0419238 0.0356497 0.029753 0.0243153 0.0193801 0.0149729 0.0111202 0.00785849 0.0052249
 0.00896945 0.0144302 0.0214567 0.0298987 0.0394299 0.0494262 0.0589112 0.0667571 0.0720741 0.0744944 0.0741614 0.0715215 0.0671232 0.0615101 0.0551729 0.0485204 0.0418665 0.0354372 0.0293859 0.0238118 0.0187764 0.0143213 0.0104819 0.00729146 0.00477004
 0.00908514 0.0146046 0.0216935 0.030193 0.0397702 0.049798 0.0592999 0.0671476 0.0724505 0.0748396 0.0744584 0.0717549 0.0672809 0.061585 0.0551623 0.0484233 0.0416812 0.0351604 0.0290169 0.0233585 0.0182608 0.0137796 0.00995949 0.00683213 0.00440421
 0.00918657 0.014765 0.021926 0.0305046 0.0401589 0.0502483 0.0597805 0.0676152 0.0728593 0.0751552 0.0746655 0.0718561 0.0672892 0.0615152 0.0550263 0.0482289 0.0414326 0.0348593 0.0286649 0.0229609 0.0178308 0.0133409 0.00954331 0.00646957 0.00411708
 0.00919077 0.0147604 0.0218989 0.030438 0.04004 0.0500798 0.0595867 0.0674389 0.0727477 0.0751423 0.0747614 0.0720474 0.0675473 0.0618059 0.0553162 0.0484885 0.041637 0.0349901 0.0287113 0.0229212 0.0177145 0.0131687 0.00934394 0.00627374 0.00394952
 0.00909217 0.0146121 0.0216975 0.030187 0.0397473 0.0497543 0.0592391 0.067086 0.0724187 0.0748794 0.0746125 0.0720507 0.0677168 0.0621245 0.0557408 0.048962 0.0421028 0.0354009 0.0290344 0.0231403 0.0178295 0.0131942 0.00930554 0.00620139 0.00387017
 0.00903313 0.0145253 0.021584 0.0300541 0.0396061 0.0496165 0.0591132 0.0669751 0.0723204 0.0747893 0.0745293 0.0719829 0.067684 0.062151 0.0558433 0.0491396 0.0423343 0.0356513 0.0292656 0.023322 0.0179454 0.013244 0.00930233 0.00616547 0.00382223
 0.00919044 0.0147469 0.0218545 0.0303383 0.0398598 0.0498028 0.0592152 0.066997 0.0722781 0.0746982 0.0743981 0.0718153 0.0674858 0.0619372 0.0556383 0.0489705 0.0422202 0.0355951 0.0292541 0.0233318 0.0179537 0.0132365 0.0092759 0.00612627 0.00378013
 0.00937486 0.0150276 0.0222398 0.0308186 0.040405 0.0503624 0.0597218 0.0673774 0.0724739 0.0746857 0.0741963 0.071475 0.0670676 0.0614931 0.0552059 0.0485756 0.0418812 0.0353235 0.0290516 0.0231895 0.0178552 0.0131645 0.00921801 0.00607691 0.00373891
 0.00936269 0.015016 0.0222374 0.0308384 0.040461 0.0504632 0.0598647 0.0675457 0.0726389 0.0748141 0.0742603 0.0714621 0.0669847 0.0613631 0.0550576 0.0484342 0.0417633 0.035237 0.0289972 0.0231626 0.0178471 0.013165 0.00921869 0.00607353 0.00373152
 0.00942467 0.0151042 0.0223474 0.0309594 0.0405803 0.0505732 0.0599663 0.0676466 0.0727455 0.0749237 0.0743575 0.0715229 0.0669869 0.061296 0.0549276 0.0482624 0.0415772 0.0350618 0.02885 0.0230505 0.0177687 0.0131135 0.00918567 0.00605173 0.00371628
 0.00937774 0.0150379 0.0222657 0.0308713 0.0404966 0.0505008 0.0599068 0.067598 0.0727087 0.0749063 0.0743721 0.071579 0.067082 0.0614136 0.0550433 0.0483547 0.041636 0.03509 0.0288583 0.0230507 0.0177689 0.0131165 0.00919035 0.00605606 0.00371885
 0.00929984 0.0149195 0.0221036 0.0306694 0.0402665 0.0502616 0.0596828 0.0674155 0.0725894 0.0748614 0.0744007 0.0716716 0.0672258 0.0615948 0.055246 0.0485605 0.0418261 0.0352501 0.0289828 0.0231421 0.0178341 0.0131626 0.00922273 0.00607797 0.0037326
 0.00932844 0.0149655 0.0221713 0.0307618 0.0403832 0.0503969 0.0598249 0.0675475 0.0726933 0.0749236 0.0744149 0.0716396 0.0671556 0.0614984 0.0551371 0.0484512 0.0417246 0.0351595 0.0289029 0.0230722 0.0177745 0.0131147 0.00918707 0.00605371 0.00371753
 0.00914515 0.0147 0.0218325 0.0303794 0.0400007 0.0500592 0.0595671 0.0673907 0.0726445 0.0749778 0.074557 0.0718472 0.0674035 0.0617626 0.0553979 0.0486948 0.0419425 0.0353473 0.0290586 0.0231957 0.0178675 0.0131809 0.00923154 0.00608185 0.00373425
 0.00884111 0.0142388 0.0212017 0.029594 0.0391043 0.0491209 0.0586779 0.066652 0.0721486 0.0747826 0.0746706 0.0722297 0.0679844 0.062462 0.0561428 0.0494269 0.0426207 0.035946 0.0295649 0.0236061 0.0181857 0.0134154 0.0093949 0.00618861 0.00379923
 0.00856169 0.0138087 0.0206003 0.0288212 0.0381824 0.0480971 0.0576258 0.0656693 0.0713434 0.0742508 0.0744738 0.0723822 0.0684527 0.0631758 0.0570121 0.0503603 0.0435394 0.0367917 0.0303009 0.0242147 0.0186641 0.013772 0.00964558 0.00635365 0.00390025
 0.00851675 0.0136982 0.0203663 0.0283903 0.0374891 0.0471175 0.056406 0.0643287 0.0700466 0.0731641 0.0737274 0.0720507 0.0685518 0.0636683 0.0578186 0.051375 0.0446487 0.0378919 0.031311 0.0250822 0.0193643 0.0143033 0.0100237 0.00660473 0.00405488
 0.00917937 0.0146253 0.0214815 0.0295218 0.0384096 0.0476138 0.056342 0.0636768 0.0688859 0.0716585 0.0720921 0.0705109 0.0672979 0.0628214 0.0574172 0.0513829 0.0449771 0.0384265 0.0319373 0.0257042 0.0199151 0.0147474 0.0103523 0.00682846 0.00419483
 0.00993279 0.0158102 0.0231806 0.0317597 0.0411178 0.0505946 0.059254 0.0660789 0.0703523 0.0719208 0.0711306 0.0685479 0.0647079 0.0600138 0.0547408 0.0490746 0.0431511 0.0370928 0.0310349 0.0251374 0.0195839 0.0145665 0.0102594 0.00678311 0.00417354
 0.00986523 0.0158086 0.0233777 0.0323442 0.0422829 0.052454 0.0617624 0.0689999 0.0732931 0.0744203 0.072773 0.069068 0.0640592 0.0583735 0.0524471 0.0465219 0.0406879 0.0349571 0.0293384 0.0238871 0.018721 0.0140048 0.0099126 0.0065797 0.00406035
 0.00951677 0.0152892 0.0226912 0.0315448 0.041486 0.0518376 0.0615488 0.0694048 0.0744414 0.076262 0.0750503 0.0713688 0.0659417 0.0595056 0.0527012 0.0459887 0.0396154 0.0336496 0.0280614 0.0228116 0.0179146 0.0134571 0.00957179 0.0063838 0.00395575
 0.00926024 0.0148719 0.0220655 0.0306743 0.0403639 0.0505128 0.0601501 0.0681434 0.0735778 0.0760381 0.0756081 0.0726841 0.0678048 0.0615673 0.0545761 0.0473766 0.0403858 0.0338528 0.0278708 0.0224352 0.0175208 0.013141 0.00936046 0.00626262 0.00389549
 0.00923116 0.014809 0.0219407 0.0304488 0.0399941 0.0499625 0.0594081 0.0672405 0.0726 0.0751279 0.0749469 0.0724493 0.0681079 0.0623981 0.0557839 0.0487096 0.0415767 0.0347118 0.0283378 0.0225706 0.0174501 0.0129897 0.00921372 0.00615718 0.00383387
 0.0093024 0.014899 0.0220275 0.0304938 0.0399489 0.0497819 0.059062 0.0667225 0.0719302 0.0743566 0.0741583 0.0717602 0.0676521 0.0622913 0.0560782 0.0493597 0.0424421 0.0356029 0.0290857 0.023083 0.0177252 0.0130891 0.00921686 0.00612674 0.00380376
 0.00932973 0.0149426 0.0220901 0.0305737 0.0400355 0.0498515 0.0590772 0.0666378 0.0717069 0.0739793 0.0736469 0.0711719 0.0670749 0.0618291 0.055828 0.049382 0.0427345 0.036092 0.0296507 0.0236011 0.0181157 0.013331 0.00933663 0.00617015 0.00381126
 0.00927354 0.0148765 0.0220369 0.0305691 0.0401169 0.0500402 0.0593628 0.0669745 0.0720224 0.0741947 0.0736978 0.0710274 0.0667483 0.0613791 0.0553469 0.048972 0.0424773 0.0360221 0.0297451 0.0237933 0.0183269 0.0135023 0.00944475 0.00622192 0.00382734
 0.00909465 0.0146083 0.0216773 0.0301355 0.0396469 0.0495892 0.0589973 0.0667593 0.0720011 0.0743691 0.0740202 0.0714134 0.0671059 0.0616409 0.0554911 0.0490248 0.042496 0.0360676 0.0298547 0.0239669 0.018533 0.0136986 0.00959947 0.00632426 0.00388438
 0.00905654 0.0145348 0.0215463 0.0299217 0.0393319 0.0491744 0.0585161 0.0662768 0.0715994 0.0741231 0.0739739 0.0715653 0.0674098 0.0620209 0.0558678 0.0493412 0.0427334 0.0362428 0.0300018 0.0241142 0.0186891 0.0138527 0.00973307 0.00642417 0.00394858
 0.00909998 0.014586 0.0215866 0.0299202 0.0392509 0.0489813 0.0581955 0.0658401 0.0710877 0.0736041 0.0735292 0.0712714 0.0673148 0.062129 0.0561382 0.0497047 0.0431184 0.0365979 0.0303054 0.0243679 0.0189028 0.0140327 0.00987908 0.00653375 0.00402254
 0.00907812 0.0145662 0.0215846 0.0299562 0.0393394 0.0491171 0.0583445 0.0659446 0.0710875 0.0734626 0.0732525 0.0709091 0.0669445 0.0618297 0.0559651 0.0496737 0.0432073 0.036762 0.0304978 0.0245549 0.0190676 0.0141702 0.00998878 0.0066163 0.00407975
 0.00903963 0.0145041 0.0214931 0.0298337 0.0391923 0.0489632 0.0582123 0.065864 0.0710739 0.073504 0.0733107 0.0709384 0.0669167 0.0617504 0.0558706 0.0496115 0.0432123 0.0368427 0.0306374 0.0247234 0.019236 0.0143185 0.0101076 0.00670407 0.00413944
 0.00913295 0.0146299 0.0216347 0.0299591 0.0392638 0.0489515 0.0581098 0.0656888 0.0708641 0.073304 0.0731554 0.0708407 0.0668656 0.061721 0.0558412 0.0495773 0.0431867 0.0368457 0.0306813 0.0248055 0.0193408 0.0144265 0.0102032 0.00677867 0.00419167
 0.00920086 0.0147417 0.0218035 0.0301937 0.0395606 0.0492865 0.0584352 0.0659414 0.0709866 0.073269 0.0729774 0.0705684 0.0665588 0.0614276 0.0555854 0.0493636 0.0430117 0.0367087 0.0305856 0.0247537 0.0193291 0.0144437 0.010235 0.00681253 0.00421985
 0.00906341 0.0145382 0.0215354 0.0298776 0.0392264 0.0489723 0.0581795 0.0657753 0.0709241 0.0733011 0.0730758 0.0706984 0.0666957 0.061564 0.055727 0.0495178 0.0431794 0.0368837 0.0307595 0.0249194 0.0194813 0.0145781 0.0103469 0.00689894 0.00428078
 0.00896537 0.0143871 0.0213241 0.0296068 0.0389064 0.0486243 0.0578367 0.0654794 0.0707169 0.073212 0.0731111 0.0708392 0.0669057 0.0618031 0.0559645 0.0497387 0.0433821 0.0370719 0.030936 0.0250834 0.0196297 0.0147066 0.0104522 0.00697942 0.00433742
 0.00910502 0.0145885 0.0215794 0.0298915 0.0391854 0.0488618 0.0580054 0.0655646 0.0707172 0.0731374 0.0729804 0.0706753 0.0667287 0.061626 0.0557928 0.0495739 0.0432266 0.0369317 0.0308188 0.0249953 0.019572 0.0146758 0.0104414 0.0069808 0.00434404
 0.0090128 0.0144528 0.0214009 0.029679 0.0389513 0.0486168 0.0577557 0.0653151 0.0704772 0.0729258 0.0728245 0.0706027 0.0667574 0.0617568 0.0560081 0.0498436 0.0435171 0.0372144 0.031075 0.0252161 0.0197554 0.014823 0.0105547 0.00706346 0.00440033
 0.00922065 0.0147739 0.0218522 0.0302628 0.0396527 0.049401 0.0585647 0.0660685 0.0710832 0.0733006 0.0729143 0.0703993 0.0663003 0.0611215 0.0552852 0.0491159 0.0428444 0.0366298 0.0305899 0.0248293 0.0194595 0.0146076 0.0104073 0.00696971 0.00434555
 0.00923697 0.014807 0.0219144 0.0303699 0.0398209 0.0496412 0.0588765 0.066437 0.0714786 0.0736818 0.0732336 0.0706097 0.0663663 0.0610297 0.0550505 0.0487783 0.0424572 0.036244 0.030243 0.0245415 0.0192363 0.0144451 0.0102964 0.00689943 0.00430458
 0.00903569 0.0145106 0.0215262 0.0299155 0.0393439 0.0491946 0.0585145 0.0662087 0.0714206 0.0738093 0.0735333 0.0710397 0.066863 0.0615224 0.0554771 0.0490999 0.0426638 0.0363513 0.0302813 0.0245423 0.0192235 0.0144323 0.0102887 0.00689666 0.00430499
 0.00899603 0.0144383 0.0214043 0.0297263 0.0390774 0.0488592 0.0581443 0.0658604 0.0711581 0.0736833 0.0735668 0.071224 0.0671642 0.0618909 0.0558582 0.0494433 0.0429334 0.0365319 0.0303785 0.0245768 0.0192209 0.0144145 0.0102697 0.00688258 0.00429667
 0.00871823 0.0139973 0.0207615 0.0288561 0.0379758 0.0475563 0.0567169 0.0644343 0.0698923 0.0727379 0.073067 0.0712326 0.0676693 0.0628114 0.0570644 0.050786 0.0442729 0.0377594 0.0314265 0.0254184 0.0198612 0.0148781 0.0105892 0.00709152 0.00442533
 0.00905968 0.0145167 0.021474 0.0297446 0.0389869 0.0485995 0.0576681 0.0651508 0.0702454 0.0726542 0.0725579 0.0703955 0.0666584 0.0617917 0.0561683 0.0500867 0.0437811 0.0374402 0.0312254 0.0252847 0.0197613 0.0147963 0.0105223 0.0070404 0.00439005
 0.00918268 0.0147358 0.0218374 0.0303046 0.0397815 0.0496263 0.058861 0.0663778 0.0713334 0.0734322 0.072901 0.070255 0.0660712 0.06087 0.0550689 0.0489705 0.0427743 0.0366127 0.0305916 0.0248211 0.0194294 0.0145605 0.0103566 0.00692739 0.00431718
 0.00908339 0.0145919 0.0216557 0.0301091 0.0396153 0.0495482 0.0589373 0.0666634 0.0718459 0.0741291 0.0736765 0.0709638 0.0665743 0.0610792 0.0549723 0.0486289 0.042293 0.0361024 0.030136 0.0244621 0.0191716 0.0143869 0.010244 0.00685616 0.00427337
 0.00887013 0.0142495 0.0211507 0.0294191 0.0387413 0.0485305 0.0578679 0.0656833 0.0711185 0.0737951 0.0738092 0.0715432 0.0674888 0.0621574 0.0560337 0.0495345 0.0429763 0.0365687 0.0304362 0.024658 0.019311 0.0144948 0.0103285 0.00691857 0.00431515
 0.00869263 0.0139516 0.0206856 0.0287393 0.0378111 0.0473461 0.0564785 0.0641997 0.0697022 0.0726306 0.0730671 0.0713424 0.0678663 0.0630526 0.0572996 0.0509751 0.0443994 0.0378321 0.0314693 0.0254538 0.0199001 0.0149191 0.0106258 0.00711837 0.00444161
 0.00875649 0.0140592 0.0208516 0.0289718 0.0380998 0.0476493 0.0567172 0.0642722 0.0695188 0.0721559 0.0723472 0.0705013 0.0670707 0.0624606 0.0570116 0.0510067 0.0446855 0.0382604 0.031925 0.0258549 0.02021 0.0151373 0.01077 0.00720954 0.00449696
 0.00843079 0.0136241 0.020371 0.028563 0.0378998 0.0477597 0.0571573 0.0649636 0.070308 0.0728606 0.0728085 0.0706278 0.0668641 0.0620131 0.0564723 0.0505274 0.0443702 0.0381391 0.0319623 0.0259821 0.0203603 0.0152679 0.0108645 0.00727001 0.00453227
#obs surv len freq
 nan nan nan nan nan nan nan nan nan nan nan nan nan nan nan nan nan nan nan nan nan nan nan nan nan
 0.00448525 0.00734661 0.0111763 0.0159917 0.021691 0.0279647 0.0342771 0.0400072 0.0446864 0.0481508 0.05051 0.0520074 0.0529013 0.0534152 0.0537307 0.0539866 0.0542659 0.0545591 0.0546981 0.0542901 0.0527282 0.0493601 0.0438095 0.0362889 0.0276719
 0.00461799 0.00756488 0.0115089 0.016466 0.0223255 0.0287591 0.0352019 0.0410011 0.0456656 0.0490259 0.0512032 0.0524641 0.0530948 0.0533461 0.0534225 0.0534771 0.0535991 0.0537779 0.0538418 0.0533956 0.0518345 0.0485108 0.0430497 0.0356569 0.0271889
 0.00478011 0.00783032 0.011912 0.0170402 0.0230971 0.029737 0.0363658 0.0422965 0.0470074 0.0503117 0.0523287 0.0533363 0.0536429 0.0535295 0.0532334 0.0529391 0.0527588 0.0526959 0.0525851 0.0520351 0.0504456 0.0471743 0.0418458 0.034652 0.0264194
 0.00496273 0.00812993 0.0123681 0.0176914 0.0239742 0.0308512 0.0376971 0.0437883 0.0485736 0.0518506 0.0537363 0.0545146 0.0545045 0.0540036 0.0532734 0.0525289 0.0519159 0.0514699 0.0510521 0.0502933 0.0486107 0.0453736 0.0402045 0.0332725 0.0253592
 0.0051712 0.00847014 0.0128826 0.0184212 0.0249513 0.0320869 0.0391695 0.0454371 0.050308 0.0535647 0.0553246 0.0558801 0.0555611 0.0546766 0.0535012 0.0522683 0.0511499 0.0502161 0.0493694 0.0482842 0.0464183 0.0431687 0.0381623 0.0315385 0.0240181
 0.0054091 0.00885729 0.0134661 0.019245 0.0260483 0.0334659 0.0408017 0.0472519 0.0522024 0.0554234 0.0570373 0.057351 0.05671 0.0554357 0.0538124 0.0520829 0.0504336 0.0489599 0.0476054 0.0461001 0.0439631 0.040642 0.0357813 0.0294921 0.0224225
 0.00564603 0.00924853 0.014066 0.0201078 0.0272167 0.0349542 0.0425781 0.0492334 0.0542683 0.0574396 0.0588792 0.0589159 0.0579184 0.0562273 0.0541398 0.0519061 0.0497192 0.0476894 0.0457924 0.0438136 0.0413441 0.037899 0.0331581 0.0272109 0.0206279
 0.0058836 0.00963814 0.014659 0.0209551 0.02836 0.0364115 0.044328 0.0512069 0.0563562 0.0595109 0.0608018 0.0605712 0.0592105 0.0570852 0.0545144 0.0517626 0.0490319 0.0464426 0.043995 0.0415228 0.0386886 0.0350835 0.030434 0.0248175 0.0187291
 0.00613243 0.0100442 0.0152732 0.0218258 0.0295244 0.0378813 0.0460748 0.0531571 0.0584011 0.0615273 0.0626698 0.0621847 0.06048 0.0579387 0.0548968 0.0516342 0.0483653 0.0452239 0.042233 0.0392702 0.0360652 0.0322845 0.0277065 0.0224041 0.0168015
 0.00637371 0.0104425 0.0158834 0.0227024 0.0307098 0.0393881 0.0478682 0.0551503 0.0604693 0.0635335 0.0644892 0.0637166 0.0616494 0.0586913 0.0551933 0.0514448 0.0476672 0.0440038 0.0404987 0.0370697 0.0335096 0.0295574 0.0250431 0.0200393 0.0149055
 0.00661506 0.0108361 0.0164784 0.0235458 0.0318381 0.0408137 0.0495642 0.0570436 0.0624485 0.0654683 0.0662512 0.0651957 0.0627617 0.0593814 0.0554293 0.0512104 0.0469538 0.0428086 0.0388335 0.03498 0.0310966 0.0269884 0.0225346 0.0178092 0.0131136
 0.00684616 0.0112172 0.0170616 0.024382 0.0329661 0.0422426 0.0512573 0.0589144 0.0643747 0.0673173 0.0679027 0.0665525 0.0637523 0.0599579 0.055565 0.0508949 0.0461879 0.0416015 0.0372069 0.0329825 0.0288231 0.0245898 0.0202049 0.0157436 0.0114553
 0.00705225 0.0115532 0.0175692 0.0251014 0.0339288 0.0434601 0.0527081 0.0605372 0.0660746 0.0689809 0.0694163 0.0678163 0.0646889 0.0605151 0.0557141 0.0506257 0.0455031 0.0405137 0.0357424 0.0311916 0.0267948 0.0224596 0.0181425 0.0139186 0.00999154
 0.00726423 0.0119022 0.0181023 0.0258633 0.0349517 0.0447473 0.0542195 0.0621866 0.0677451 0.0705504 0.0707792 0.068893 0.0654258 0.0608809 0.0556957 0.0502244 0.0447308 0.0393911 0.0343016 0.0294848 0.0249055 0.0205085 0.0162768 0.0122823 0.00868718
 0.00746354 0.0122272 0.018593 0.0265576 0.0358775 0.0459107 0.0555915 0.0636977 0.0692929 0.0720182 0.072056 0.0698898 0.0660829 0.0611694 0.0556119 0.0497822 0.0439538 0.038309 0.032952 0.0279209 0.0232049 0.0187773 0.0146402 0.0108595 0.0075606
 0.00753283 0.0123498 0.0187966 0.0268752 0.0363419 0.0465448 0.0563974 0.0646523 0.0703494 0.0731128 0.0731156 0.0708376 0.066846 0.0616859 0.0558387 0.049698 0.0435581 0.0376191 0.0320006 0.0267581 0.0219023 0.0174291 0.0133539 0.00973565 0.0066684
 0.00760592 0.0124578 0.0189401 0.0270507 0.0365473 0.0467858 0.0566912 0.0650231 0.070818 0.0736846 0.0737722 0.0715368 0.0675273 0.0622805 0.0562794 0.0499287 0.0435412 0.0373397 0.0314687 0.0260089 0.0209967 0.0164496 0.0123948 0.00888456 0.0059863
 0.00766036 0.0125411 0.0190551 0.0271957 0.0367151 0.0469649 0.0568682 0.0651885 0.0709735 0.0738475 0.0739717 0.0718002 0.0678638 0.0626701 0.0566737 0.0502622 0.0437473 0.0373658 0.0312876 0.0256252 0.0204474 0.0157993 0.0117234 0.00826922 0.00548308
 0.00772104 0.0126328 0.0191802 0.0273514 0.0368939 0.0471555 0.0570564 0.0653587 0.0711115 0.0739463 0.0740363 0.0718494 0.0679247 0.062767 0.0568144 0.0504291 0.043899 0.0374487 0.0312534 0.0254474 0.0201314 0.0153821 0.0112638 0.00783056 0.00511481
 0.00774971 0.0126753 0.0192365 0.0274184 0.0369666 0.0472277 0.0571226 0.0654142 0.071154 0.0739762 0.0740571 0.0718682 0.067952 0.062815 0.0568934 0.0505405 0.0440291 0.0375674 0.0313209 0.0254282 0.0200091 0.0151679 0.0109931 0.00755022 0.00486688
 0.00781002 0.0127664 0.0193602 0.0275714 0.0371401 0.0474087 0.057295 0.0655607 0.0712588 0.0740296 0.074058 0.0718243 0.0678779 0.0627286 0.0568125 0.0504791 0.0439926 0.0375489 0.0313012 0.0253818 0.0199156 0.0150223 0.0108095 0.00735605 0.00469103
 0.00783828 0.0128122 0.0194287 0.0276664 0.0372624 0.047554 0.057452 0.0657122 0.0713858 0.0741161 0.0740961 0.0718147 0.0678284 0.062652 0.0567235 0.0503919 0.0439177 0.03749 0.0312528 0.025331 0.0198476 0.0149286 0.0106929 0.00723041 0.00457416
 0.00787403 0.0128631 0.0194922 0.0277361 0.0373307 0.0476156 0.0575064 0.0657625 0.0714354 0.074165 0.0741392 0.0718442 0.0678374 0.0626375 0.0566882 0.0503429 0.0438639 0.0374386 0.0312063 0.0252863 0.0197976 0.0148672 0.0106195 0.00715106 0.00449898
 0.00789268 0.0128937 0.0195381 0.0277995 0.0374108 0.0477069 0.0575977 0.0658399 0.0714874 0.0741874 0.0741368 0.0718265 0.0678128 0.0626098 0.0566567 0.050306 0.0438216 0.0373931 0.0311604 0.025241 0.0197515 0.014818 0.0105665 0.00709683 0.00444862
 0.00788386 0.0128781 0.0195128 0.0277617 0.0373597 0.0476454 0.0575335 0.0657837 0.0714493 0.0741729 0.0741455 0.0718544 0.0678551 0.0626626 0.0567161 0.0503671 0.043879 0.0374419 0.0311976 0.0252652 0.0197625 0.0148163 0.0105538 0.00707653 0.00442548
 0.00788963 0.012882 0.0195086 0.0277405 0.0373121 0.0475659 0.0574241 0.0656555 0.0713197 0.0740619 0.07407 0.0718242 0.0678715 0.0627189 0.0568012 0.0504687 0.0439853 0.0375432 0.0312865 0.0253368 0.0198147 0.0148491 0.0105697 0.00707955 0.0044206
 0.0078874 0.0128765 0.0194964 0.0277167 0.0372708 0.0475013 0.0573325 0.0655372 0.0711814 0.0739171 0.0739377 0.0717248 0.0678213 0.0627256 0.0568619 0.0505717 0.0441143 0.0376811 0.0314185 0.0254522 0.0199072 0.0149166 0.0106137 0.00710438 0.00443178
 0.00787153 0.0128511 0.019459 0.0276651 0.0372036 0.0474182 0.0572348 0.0654284 0.0710665 0.0738026 0.0738317 0.0716372 0.0677634 0.062708 0.0568912 0.0506476 0.0442287 0.0378198 0.0315647 0.0255903 0.0200257 0.0150093 0.0106795 0.00714645 0.0044556
 0.00786945 0.0128428 0.0194376 0.0276216 0.0371296 0.04731 0.0570968 0.065273 0.0709108 0.0736629 0.07372 0.0715601 0.0677235 0.0627062 0.056928 0.0507223 0.0443378 0.0379553 0.0317143 0.0257396 0.0201609 0.0151208 0.0107632 0.00720329 0.0044904
 0.00783957 0.0127978 0.0193763 0.0275445 0.0370378 0.0472039 0.0569761 0.0651384 0.0707669 0.0735202 0.0735935 0.0714657 0.0676732 0.0627053 0.0569753 0.0508118 0.0444614 0.0381034 0.0318758 0.0259018 0.0203112 0.0152486 0.0108626 0.00727357 0.00453537
 0.00783904 0.0127886 0.0193476 0.0274821 0.0369291 0.0470448 0.056776 0.0649192 0.0705557 0.0733401 0.0734586 0.0713814 0.0676403 0.0627228 0.0570407 0.0509205 0.0446056 0.0382726 0.0320576 0.0260831 0.0204792 0.015393 0.0109767 0.00735611 0.00458961
 0.00780002 0.012731 0.0192712 0.027389 0.0368216 0.0469224 0.0566349 0.0647559 0.0703728 0.0731506 0.0732848 0.0712483 0.0675671 0.0627176 0.0571011 0.0510368 0.0447647 0.0384603 0.0322592 0.026284 0.0206657 0.0155538 0.011105 0.00744997 0.00465224
 0.00775822 0.01266 0.0191592 0.0272252 0.0366001 0.0466484 0.0563282 0.0644481 0.0700982 0.0729353 0.0731412 0.0711779 0.0675671 0.062785 0.0572318 0.0512237 0.0449958 0.0387195 0.0325285 0.0265455 0.0209038 0.0157565 0.0112653 0.00756697 0.00473043
 0.00774969 0.0126434 0.019129 0.0271734 0.0365176 0.0465268 0.0561631 0.0642426 0.0698653 0.0726973 0.0729256 0.0710104 0.0674649 0.0627549 0.0572718 0.0513264 0.0451507 0.0389134 0.0327458 0.0267687 0.0211156 0.0159424 0.0114158 0.00767896 0.00480649
 0.00934053 0.0148715 0.0218207 0.029946 0.0388904 0.0480984 0.0567519 0.0639128 0.0688459 0.071264 0.0713153 0.0693903 0.0659398 0.0613848 0.0560868 0.050336 0.0443502 0.0382893 0.0322786 0.0264357 0.0208916 0.0158019 0.0113347 0.00763646 0.00478673
 0.00929441 0.0150937 0.0226793 0.0319004 0.0422919 0.0529209 0.0624203 0.0693972 0.0730283 0.0733801 0.0712059 0.0674445 0.062824 0.0577572 0.0524345 0.0469476 0.0413635 0.0357516 0.0301902 0.0247724 0.0196159 0.0148659 0.0106833 0.00721014 0.00452669
 0.00898112 0.0145944 0.0219684 0.0310184 0.0414017 0.0523484 0.0626184 0.0707841 0.0757385 0.0770766 0.0751202 0.0706696 0.0646944 0.0580809 0.0514644 0.0451699 0.0392669 0.0336936 0.0283724 0.0232774 0.018454 0.0140097 0.010087 0.00682026 0.00428929
 0.00880197 0.0143009 0.0215225 0.0303848 0.040561 0.0513231 0.0615102 0.0698043 0.0751979 0.0773033 0.076311 0.0727428 0.0672495 0.0605268 0.0532609 0.0460374 0.0392456 0.0330459 0.0274241 0.0222943 0.0175958 0.0133411 0.00961027 0.00650649 0.00409845
 0.00874105 0.0141909 0.0213364 0.0300898 0.0401249 0.0507257 0.0607575 0.0689416 0.0743203 0.0765613 0.0758991 0.0728537 0.0679909 0.0618366 0.0548841 0.0476054 0.0404246 0.0336667 0.0275165 0.0220243 0.0171634 0.0129028 0.00925171 0.00625258 0.0039383
 0.00869437 0.014117 0.0212281 0.0299394 0.0399228 0.0504597 0.0604139 0.0685113 0.0738081 0.0759975 0.0753507 0.0724266 0.0678138 0.0620196 0.0554618 0.0484946 0.0414344 0.034569 0.0281399 0.0223147 0.0171785 0.0127573 0.00905615 0.00607807 0.00381293
 0.00868429 0.014096 0.0211881 0.0298702 0.0398148 0.050307 0.0602171 0.0682757 0.0735402 0.0757024 0.0750355 0.0721107 0.0675403 0.0618562 0.0554828 0.0487454 0.0418966 0.0351512 0.0287091 0.0227529 0.0174294 0.0128362 0.0090232 0.00599957 0.00373513
 0.00867965 0.0140902 0.0211822 0.0298653 0.0398097 0.050297 0.0601928 0.0682249 0.073452 0.0755713 0.0748632 0.0719064 0.0673215 0.0616513 0.0553325 0.0486957 0.0419803 0.0353661 0.0290092 0.0230633 0.0176791 0.0129879 0.00908085 0.00599442 0.00370316
 0.00867839 0.0140883 0.0211798 0.0298626 0.0398077 0.0502965 0.0601942 0.0682267 0.0734493 0.0755555 0.0748239 0.0718352 0.0672164 0.0615206 0.0551961 0.0485829 0.0419232 0.0353873 0.0291088 0.0232151 0.0178404 0.0131189 0.00916129 0.00602684 0.00370419
 0.00867543 0.0140838 0.0211734 0.0298544 0.039798 0.050286 0.0601839 0.0682179 0.073443 0.0755514 0.0748193 0.0718247 0.067193 0.061479 0.0551366 0.0485148 0.041864 0.0353574 0.0291223 0.0232716 0.0179241 0.0132056 0.00923009 0.00606862 0.00372179
 0.00867067 0.014077 0.021165 0.0298454 0.0397895 0.0502791 0.0601791 0.0682152 0.073442 0.0755516 0.0748201 0.0718248 0.06719 0.0614695 0.0551175 0.0484858 0.0418299 0.035328 0.0291093 0.0232824 0.0179573 0.0132513 0.00927499 0.00610276 0.00374191
 0.0086473 0.0140418 0.0211173 0.0297867 0.0397235 0.0502108 0.060115 0.068162 0.0734056 0.0755359 0.0748257 0.071849 0.0672278 0.0615144 0.0551629 0.0485262 0.0418625 0.0353539 0.0291329 0.0233094 0.0179906 0.0132893 0.00931244 0.00613379 0.00376331
 0.00862404 0.0140025 0.0210559 0.0296973 0.0396031 0.0500626 0.05995 0.0679993 0.0732676 0.0754415 0.0747857 0.0718645 0.0672915 0.0616139 0.0552835 0.0486538 0.0419855 0.035465 0.0292292 0.0233914 0.0180607 0.0133489 0.00936153 0.00617151 0.00378948
 0.00861694 0.013989 0.0210317 0.0296571 0.0395412 0.0499748 0.0598362 0.0678649 0.0731238 0.0753048 0.0746746 0.071795 0.0672733 0.0616478 0.0553619 0.0487631 0.0421102 0.0355908 0.0293458 0.0234932 0.0181456 0.0134173 0.00941451 0.0062104 0.00381598
 0.00862543 0.014003 0.0210529 0.0296863 0.0395773 0.0500133 0.0598686 0.0678796 0.0731101 0.0752567 0.0745945 0.0716942 0.0671694 0.0615591 0.0553025 0.0487393 0.04212 0.0356259 0.0293954 0.0235472 0.0181967 0.0134614 0.00944991 0.00623693 0.0038344
 0.00862543 0.014003 0.0210529 0.0296863 0.0395773 0.0500133 0.0598686 0.0678796 0.0731101 0.0752567 0.0745945 0.0716942 0.0671694 0.0615591 0.0553025 0.0487393 0.04212 0.0356259 0.0293954 0.0235472 0.0181967 0.0134614 0.00944991 0.00623693 0.0038344
 0.00856866 0.0139162 0.0209327 0.0295344 0.0394004 0.0498235 0.0596827 0.0677169 0.0729881 0.0751858 0.0745756 0.0717202 0.0672296 0.0616445 0.0554076 0.0488614 0.042256 0.0357707 0.029541 0.0236842 0.018317 0.0135597 0.00952465 0.00628973 0.00386889
 0.0085124 0.013823 0.0207899 0.0293305 0.0391301 0.0494934 0.059316 0.0673525 0.0726722 0.0749596 0.074464 0.071728 0.0673436 0.0618399 0.0556559 0.0491367 0.0425381 0.036045 0.0297965 0.0239123 0.0185109 0.0137152 0.0096415 0.00637128 0.00392145
 0.00858741 0.0139354 0.0209406 0.029512 0.0393258 0.0496789 0.0594614 0.0674279 0.0726562 0.0748483 0.0742747 0.0714942 0.0671045 0.0616286 0.0554927 0.0490277 0.0424797 0.0360279 0.0298099 0.0239454 0.0185539 0.0137597 0.00968114 0.00640256 0.0039435
 0.00850384 0.0138171 0.0207951 0.0293571 0.0391844 0.0495701 0.0593937 0.0673974 0.0726498 0.07485 0.0742721 0.0714828 0.067089 0.0616207 0.0555059 0.049072 0.0425571 0.0361329 0.0299318 0.0240716 0.0186728 0.0138627 0.00976336 0.00646284 0.0039839
 0.00868693 0.0140929 0.0211692 0.0298204 0.0397149 0.0501379 0.0599625 0.0679243 0.0730859 0.0751457 0.0743864 0.0713947 0.0668052 0.0611766 0.0549585 0.0484863 0.0419924 0.0356324 0.0295191 0.0237525 0.0184405 0.0137035 0.00966077 0.00640103 0.00394929
 0.00861555 0.0140027 0.0210809 0.0297677 0.0397343 0.0502524 0.06017 0.0681978 0.0733857 0.0754338 0.0746345 0.0715824 0.0669156 0.0611964 0.0548835 0.0483274 0.0417763 0.0353944 0.0292927 0.0235616 0.0182957 0.0136038 0.00959837 0.00636551 0.00393098
 0.00851474 0.0138344 0.0208218 0.0294 0.0392578 0.0496982 0.0596077 0.0677244 0.0730951 0.0753821 0.0748206 0.0719551 0.067397 0.0617077 0.0553605 0.0487277 0.0420805 0.0356043 0.0294257 0.0236419 0.0183454 0.0136383 0.00962513 0.00638682 0.00394703
 0.00862342 0.0139928 0.0210251 0.0296289 0.0394795 0.0498728 0.0596965 0.0677017 0.0729603 0.0751665 0.0745807 0.0717517 0.0672712 0.0616669 0.0553821 0.0487744 0.0421173 0.0356102 0.0293964 0.0235865 0.0182797 0.0135767 0.00957677 0.00635412 0.00392777
 0.00830058 0.0134981 0.0203379 0.028753 0.0384451 0.0487357 0.0585379 0.066623 0.0720689 0.074555 0.07431 0.071844 0.0677113 0.0624052 0.0563398 0.0498526 0.0432131 0.0366336 0.0302848 0.0243091 0.0188339 0.0139794 0.00985416 0.00653497 0.00403867
 0.00867688 0.0140553 0.0210736 0.029626 0.0393824 0.0496466 0.0593272 0.0672003 0.0723598 0.0745162 0.0739441 0.0712041 0.0668919 0.0615222 0.0555028 0.0491418 0.0426648 0.0362428 0.0300195 0.0241298 0.0187078 0.0138866 0.00978528 0.0064859 0.00400639
 0.00875572 0.0142297 0.0214179 0.0302275 0.0403074 0.0508925 0.0607883 0.068676 0.073612 0.0753456 0.0742451 0.0709769 0.0662195 0.0605354 0.0543498 0.0479625 0.0415719 0.0353083 0.0292718 0.023562 0.018293 0.0135925 0.00958307 0.00635246 0.00392323
 0.00863176 0.0140356 0.0211441 0.0298825 0.0399296 0.0505601 0.0606138 0.0687757 0.0740521 0.076095 0.0751676 0.0718761 0.0669127 0.0609143 0.0544006 0.0477487 0.0411963 0.0348762 0.0288646 0.0232262 0.0180426 0.0134196 0.0094704 0.00628232 0.00388147
 0.00852278 0.0138444 0.0208318 0.0294082 0.0392654 0.049714 0.0596513 0.0678246 0.0732817 0.0756707 0.075197 0.0723666 0.0677622 0.0619424 0.0554111 0.0485918 0.0418033 0.035256 0.0290733 0.023331 0.018097 0.0134542 0.0094975 0.00630409 0.00389737
 0.00838948 0.0136235 0.0204914 0.0289155 0.0385935 0.0488534 0.0586239 0.0666946 0.072156 0.0746889 0.0745088 0.0720994 0.0679825 0.0626271 0.0564444 0.0497968 0.0429969 0.0363005 0.0299019 0.0239414 0.0185249 0.0137459 0.00969234 0.00643079 0.00397605
