SBPRF35
7.78865
Curr Bio
482882
B35
696617
F35
0.211986
FOFL
0.131215
OFL
46697.9
Bzero
2.22533e+006
#pred survey bio
 4.5739e+006 4.34675e+006 4.11396e+006 3.8101e+006 3.50962e+006 3.17744e+006 2.84122e+006 2.50878e+006 2.22277e+006 1.94292e+006 1.71862e+006 1.50779e+006 1.33178e+006 1.18876e+006 1.06907e+006 963506 873179 821872 781537 736642 706336 691462 678167 652028 641513 637363 626653 629578 629464 626998 620916 620316 617067 615347 606838 595030 584840 573442 573733 582408 582872 585329 578663 575644 581674 577404 573315 569062 562205 546461 518554 487192 1.56898e+007 9.16233e+006 9.33632e+006 1.01945e+007 1.1425e+007 1.27198e+007 1.38934e+007 1.48678e+007 1.56323e+007 1.62101e+007 1.6636e+007 1.69449e+007 1.71669e+007 1.73257e+007 1.74392e+007 1.75205e+007 1.75789e+007 1.76212e+007 1.7652e+007 1.76745e+007 1.76911e+007 1.77035e+007 1.77127e+007 1.77196e+007 1.77248e+007 1.77288e+007 1.77318e+007 1.77341e+007 1.77358e+007 1.77372e+007 1.77382e+007 1.7739e+007 1.77396e+007 1.77401e+007 1.77404e+007 1.77407e+007 1.77409e+007 1.77411e+007 1.77412e+007 1.77413e+007 1.77414e+007 1.77414e+007 1.77415e+007 1.77415e+007 1.77415e+007 1.77416e+007 1.77416e+007 1.77416e+007 1.77416e+007 1.77416e+007 1.77416e+007 1.77416e+007 1.77416e+007 1.77416e+007 1.77416e+007 1.77416e+007 1.77416e+007 1.77416e+007 1.77416e+007 1.77416e+007 1.77416e+007 1.77416e+007 1.77416e+007 1.77416e+007 1.77416e+007 1.77416e+007 1.77416e+007 1.77416e+007 1.77416e+007 1.77416e+007 1.77416e+007 1.77416e+007 1.77416e+007 1.77416e+007 1.77416e+007 1.77416e+007 1.77416e+007 1.77416e+007 1.77416e+007 1.77416e+007 1.77416e+007 1.77416e+007 1.77416e+007 1.77416e+007 1.77416e+007 1.77416e+007 1.77416e+007 1.77416e+007 1.77416e+007 1.77416e+007 1.77416e+007 1.77416e+007 1.77416e+007 1.77416e+007 1.77416e+007 1.77416e+007 1.77416e+007 1.77416e+007 1.77416e+007 1.77416e+007 0 0 0 0 0 0 0 0 0 0 0 0 0 0 0 0 0 0 0 0 0 0 0 0 0
#obs survey bio
 2.82243e+006 3.67184e+006 3.09057e+006 3.09396e+006 2.55353e+006 2.61633e+006 2.15189e+006 1.74061e+006 2.1924e+006 1.53472e+006 1.29927e+006 967520 1.16685e+006 814907 599248 988388 727690 1.01731e+006 599175 499646 732944 662102 932048 897892 417270 530478 419201 547948 626032 488561 565534 430454 719480 519331 483894 838413 458734 543275 717791 626374 596241 576097 499164 705994 421449 559794 658150 677716 493229 518269 600348 481443
#pred catch bio
 89506 92853.8 166531 183554 239692 274966 303501 290666 309799 280372 284612 266548 246487 231330 220311 204806 168320 155827 155340 138654 122498 118375 125726 110220 104618 110073 98638.6 100945 101460 102494 95779.1 95548 91336.2 93598.7 92470.1 89521.2 93095.3 87357.8 83279 91156.9 89240 95960.5 91352.8 82755.4 90705.6 89393 88174.3 88751.3 93946.9 100646 98440.2 98085.6 46697.9 70505.5 70310.2 75283.7 84030.8 93626.7 102300 109367 114762 118697 121474 123385 124676 125535 126100 126468 126707 126860 126958 127020 127060 127085 127101 127111 127117 127121 127124 127125 127126 127127 127127 127128 127128 127128 127128 127128 127128 127128 127128 127128 127128 127128 127128 127128 127128 127128 127128 127128 127128 127128 127128 127128 127128 127128 127128 127128 127128 127128 127128 127128 127128 127128 127128 127128 127128 127128 127128 127128 127128 127128 127128 127128 127128 127128 127128 127128 127128 127128 127128 127128 127128 127128 127128 127128 127128 127128 127128 127128 127128 127128 127128 127128 127128 127128 127128 127128 127128 127128 127128 127128 0 0 0 0 0 0 0 0 0 0 0 0 0 0 0 0 0 0 0 0 0 0 0 0 0
#obs catch bio
 0 92578.2 167733 184224 242424 279371 310676 297695 319201 288348 294082 276034 256956 240885 230601 212577 172686 159595 159330 141618 124502 120578 127499 110998 106285 112064 100397 102929 103194 103897 97244.4 97070.3 92266.1 94778.6 93579.1 89877.1 93713.1 87777.9 83543.1 91407.7 89257.2 96346 91824.9 82573.1 90951 89549.8 88172.9 88652.8 94058.5 100776 98315.7 98152.6
#pred cpue bio
 4.49266e+006 4.27094e+006 4.0433e+006 3.7422e+006 3.44279e+006 3.11201e+006 2.77754e+006 2.44728e+006 2.1633e+006 1.886e+006 1.66369e+006 1.45488e+006 1.28053e+006 1.13922e+006 1.02142e+006 918243 830652 781134 742486 699555 670645 656627 644266 619445 609260 604976 594452 597242 597416 595536 590081 589940 587413 586434 578940 568219 558023 545366 544339 552602 553433 556102 549895 547272 553365 549351 545542 541691 535352 520459 493914 464348 1.4975e+007 8.75408e+006 8.77738e+006 9.44459e+006 1.05982e+007 1.18724e+007 1.30413e+007 1.40147e+007 1.4779e+007 1.53568e+007 1.57827e+007 1.60916e+007 1.63136e+007 1.64724e+007 1.65859e+007 1.66672e+007 1.67256e+007 1.67679e+007 1.67987e+007 1.68212e+007 1.68378e+007 1.68502e+007 1.68594e+007 1.68663e+007 1.68715e+007 1.68755e+007 1.68785e+007 1.68808e+007 1.68825e+007 1.68839e+007 1.68849e+007 1.68857e+007 1.68863e+007 1.68868e+007 1.68871e+007 1.68874e+007 1.68876e+007 1.68878e+007 1.68879e+007 1.6888e+007 1.68881e+007 1.68881e+007 1.68882e+007 1.68882e+007 1.68883e+007 1.68883e+007 1.68883e+007 1.68883e+007 1.68883e+007 1.68883e+007 1.68883e+007 1.68883e+007 1.68883e+007 1.68883e+007 1.68883e+007 1.68883e+007 1.68884e+007 1.68884e+007 1.68884e+007 1.68884e+007 1.68884e+007 1.68884e+007 1.68884e+007 1.68884e+007 1.68884e+007 1.68884e+007 1.68884e+007 1.68884e+007 1.68884e+007 1.68884e+007 1.68884e+007 1.68884e+007 1.68884e+007 1.68884e+007 1.68884e+007 1.68884e+007 1.68884e+007 1.68884e+007 1.68884e+007 1.68884e+007 1.68884e+007 1.68884e+007 1.68884e+007 1.68884e+007 1.68884e+007 1.68884e+007 1.68884e+007 1.68884e+007 1.68884e+007 1.68884e+007 1.68884e+007 1.68884e+007 1.68884e+007 1.68884e+007 1.68884e+007 1.68884e+007 1.68884e+007 1.68884e+007 1.68884e+007 1.68884e+007 0 0 0 0 0 0 0 0 0 0 0 0 0 0 0 0 0 0 0 0 0 0 0 0 0
#obs cpue bio
 4.79856e+006 3.51114e+006 3.1976e+006 3.46057e+006 2.14699e+006 2.12361e+006 1.90712e+006 2.31937e+006 1.63803e+006 1.62244e+006 1.5025e+006 1.28296e+006 566697 1.10009e+006 820182 906559 907548 471819 714375 826058 572571 431537 652439 499552 364105 601986 502858 505707 559320 843016 387895 683105 601241 524132 635865 661454 600840 560344 425395 610705 572497 462687 520037 691315 596898 560849 539378 492400 520517 580154 490952 451452
#pred surv len freq
 0.00527596 0.00853223 0.0127771 0.0179675 0.0239628 0.0304488 0.0369065 0.0427322 0.0474647 0.0509427 0.0532849 0.0547522 0.0556167 0.0560878 0.0562782 0.0561953 0.0557547 0.0548127 0.0531933 0.0506976 0.0471119 0.0422641 0.0361513 0.0290821 0.0217065
 0.00545162 0.00871691 0.0128748 0.0178434 0.0234991 0.0296222 0.0358369 0.0416562 0.0466345 0.0505067 0.0532228 0.0549012 0.0557652 0.0560808 0.0560853 0.0559177 0.0555755 0.0549118 0.0536635 0.0514985 0.0480867 0.0432099 0.0369049 0.0295739 0.0219599
 0.00582942 0.00929427 0.0136678 0.018823 0.0245774 0.0306464 0.0366068 0.0419798 0.0464118 0.0497946 0.052224 0.0538674 0.0548737 0.0553686 0.0554804 0.0553341 0.0549982 0.0544156 0.0533614 0.0514615 0.048292 0.0435498 0.037245 0.0298176 0.0220794
 0.00616092 0.00983638 0.0144879 0.019981 0.0261057 0.0325198 0.0387107 0.0440985 0.0482583 0.0510814 0.0527541 0.0536027 0.0539433 0.054004 0.053914 0.0537239 0.0534211 0.0529145 0.0519902 0.0502877 0.0473624 0.0428605 0.0367459 0.0294455 0.0217893
 0.00644986 0.0102975 0.0151678 0.020922 0.027344 0.0340782 0.0405822 0.0462254 0.0505134 0.0532633 0.0546059 0.0548624 0.0544167 0.0536294 0.0527814 0.0520332 0.0514061 0.0507799 0.0498904 0.0483363 0.0456428 0.0414234 0.0356046 0.0285806 0.0211633
 0.00675195 0.0107811 0.0158818 0.0219078 0.0286297 0.0356696 0.0424527 0.0483124 0.0527236 0.0554806 0.0566906 0.0566446 0.0557002 0.0542234 0.0525561 0.0509712 0.0496173 0.0484704 0.0473054 0.0457087 0.0431645 0.0392356 0.0337933 0.0271773 0.0201501
 0.00705692 0.0112688 0.0166012 0.0229002 0.0299229 0.0372687 0.0443282 0.0503951 0.0549123 0.0576587 0.0587407 0.0584515 0.0571428 0.0551675 0.0528616 0.0505228 0.0483705 0.0464866 0.0447552 0.0428391 0.0402475 0.0365173 0.0314576 0.025326 0.0188004
 0.00739152 0.0118001 0.0173774 0.0239589 0.0312858 0.038933 0.046257 0.052512 0.0571096 0.0598148 0.0607378 0.0601848 0.0585202 0.056102 0.0532625 0.0502964 0.0474383 0.0448224 0.0424233 0.0400109 0.0371815 0.0335068 0.0287662 0.0231328 0.0171738
 0.00768744 0.0122722 0.0180716 0.0249126 0.0325224 0.0404532 0.048028 0.0544633 0.0591408 0.061813 0.0625936 0.061802 0.0598171 0.0570074 0.0537093 0.0502151 0.0467605 0.0434993 0.0404606 0.037504 0.0343282 0.0305802 0.0260519 0.0208563 0.0154499
 0.0080864 0.0128949 0.0189606 0.026091 0.0339915 0.0421896 0.0499775 0.0565382 0.0612275 0.0637893 0.0643475 0.063243 0.0608791 0.0576453 0.0538904 0.0499094 0.0459342 0.0421218 0.0385275 0.035073 0.0315465 0.0276809 0.023308 0.0185078 0.0136392
 0.00848594 0.0135182 0.0198497 0.0272669 0.0354512 0.0439022 0.0518786 0.0585303 0.0631919 0.0656071 0.0659183 0.0644925 0.0617573 0.0581205 0.0539423 0.0495228 0.0450934 0.0408118 0.0367484 0.0328666 0.0290242 0.0250318 0.0207693 0.0163034 0.011915
 0.00889808 0.0141724 0.0208038 0.0285616 0.0370996 0.0458758 0.0540939 0.0608477 0.0654374 0.0676092 0.0675405 0.0656498 0.0624142 0.0582791 0.053627 0.048765 0.0439206 0.0392444 0.0348089 0.030601 0.0265279 0.0224619 0.0183266 0.0141834 0.0102503
 0.0091703 0.0146195 0.0214851 0.0295346 0.0384083 0.0475313 0.0560541 0.0630085 0.0676448 0.0696864 0.0693196 0.0669964 0.0632428 0.0585577 0.0533701 0.0480179 0.042741 0.0376889 0.0329313 0.0284649 0.0242263 0.0201294 0.0161296 0.0122834 0.00875764
 0.00941942 0.0150099 0.0220465 0.0302886 0.0393688 0.0487041 0.0574311 0.0645583 0.0693053 0.0713634 0.0708936 0.0683371 0.0642298 0.0591007 0.0534226 0.0475792 0.0418476 0.0364004 0.0313197 0.0266129 0.0222347 0.0181233 0.0142508 0.0106646 0.00748754
 0.00947212 0.0151256 0.0222756 0.0306946 0.0400117 0.0496145 0.0585893 0.0658938 0.0707175 0.0727513 0.072173 0.069441 0.0650979 0.0596731 0.0536444 0.0474125 0.0412828 0.0354607 0.0300586 0.0251095 0.0205905 0.0164581 0.0126915 0.00932351 0.00643712
 0.00951779 0.0152022 0.0223972 0.0308811 0.0402911 0.0500223 0.059162 0.0666545 0.0716585 0.0738224 0.073286 0.0704897 0.0659839 0.0603225 0.0540099 0.0474665 0.0410128 0.0348714 0.029178 0.023994 0.0193251 0.0151493 0.0114525 0.00825266 0.00559675
 0.00970692 0.0154792 0.022758 0.0313031 0.0407417 0.0504719 0.0595957 0.0670757 0.0720848 0.0742754 0.0737778 0.0710098 0.0664943 0.0607638 0.0543161 0.0475811 0.0408979 0.0345111 0.0285805 0.0231937 0.0183838 0.0141518 0.0104932 0.00741581 0.00493662
 0.00968115 0.0154514 0.0227412 0.0313162 0.0408012 0.0505826 0.0597448 0.0672382 0.0722397 0.0744215 0.0739386 0.0712227 0.0667875 0.0611363 0.05473 0.04797 0.0411859 0.034634 0.0285007 0.0229089 0.0179273 0.0135868 0.00989858 0.00686702 0.00448772
 0.00966533 0.0154209 0.0226875 0.0312314 0.0406833 0.0504422 0.059607 0.0671372 0.0722049 0.0744658 0.0740563 0.0713991 0.0670121 0.0614062 0.055042 0.0483066 0.0415086 0.0348893 0.0286362 0.0228922 0.0177583 0.0132987 0.00954784 0.0065157 0.00418541
 0.00976681 0.0155712 0.0228858 0.0314656 0.0409317 0.0506772 0.0598006 0.0672667 0.0722596 0.0744509 0.0739914 0.07131 0.0669222 0.0613323 0.0549943 0.0482892 0.0415158 0.034902 0.0286243 0.0228242 0.0176161 0.0130872 0.00929434 0.00625923 0.00396149
 0.00983084 0.0156652 0.0230084 0.0316084 0.041081 0.0508168 0.0599144 0.067341 0.0722848 0.0744244 0.0739199 0.07121 0.0668162 0.0612426 0.0549367 0.0482698 0.0415303 0.0349363 0.0286567 0.0228305 0.0175771 0.0129971 0.0091644 0.0061128 0.00382425
 0.00973057 0.0155196 0.0228214 0.0313947 0.0408615 0.0506119 0.0597388 0.0672026 0.0721874 0.0743706 0.0739121 0.0712496 0.0669029 0.0613738 0.0551076 0.0484723 0.0417527 0.0351624 0.0288664 0.0230028 0.017695 0.0130536 0.00916523 0.006075 0.00376941
 0.00969655 0.0154552 0.0227089 0.0312146 0.0406012 0.0502758 0.0593563 0.0668242 0.0718697 0.0741574 0.073822 0.0712772 0.0670278 0.0615713 0.0553554 0.0487515 0.0420468 0.0354549 0.0291399 0.0232396 0.0178803 0.0131793 0.00923353 0.00609751 0.00376316
 0.010023 0.0159244 0.0232997 0.0318658 0.0412249 0.0507829 0.0596788 0.0669278 0.071756 0.0738601 0.0733987 0.0707945 0.0665458 0.061133 0.0549836 0.0484545 0.0418233 0.0352981 0.0290387 0.0231792 0.0178443 0.0131532 0.00920759 0.00606874 0.00373362
 0.0101484 0.0161325 0.0236181 0.0323154 0.0418062 0.0514595 0.0603689 0.0675155 0.0721262 0.0739405 0.0731857 0.0703494 0.0659665 0.0605194 0.0544132 0.0479723 0.0414455 0.0350207 0.0288469 0.0230537 0.0177655 0.0131033 0.00917328 0.00604204 0.0037114
 0.0101194 0.0160997 0.0235963 0.03233 0.0418893 0.0516417 0.0606672 0.0679213 0.0725968 0.0744011 0.0735461 0.070533 0.0659386 0.0602995 0.0540637 0.0475722 0.0410634 0.0347 0.0286038 0.0228846 0.0176558 0.0130355 0.00913182 0.00601564 0.00369345
 0.010163 0.0161643 0.0236826 0.032436 0.0420139 0.0517882 0.060845 0.068143 0.0728703 0.0747193 0.0738788 0.0708276 0.0661328 0.0603424 0.0539367 0.0472973 0.0406953 0.0343049 0.0282382 0.0225827 0.0174284 0.0128768 0.00902767 0.00595051 0.00365425
 0.00995187 0.0158598 0.0232962 0.0320032 0.0415846 0.0514114 0.060557 0.0679662 0.0728184 0.0748019 0.0740992 0.0711748 0.066573 0.0608191 0.0543825 0.0476542 0.0409324 0.0344255 0.0282718 0.0225678 0.0173978 0.0128495 0.00901004 0.00594141 0.00365021
 0.00981302 0.0156374 0.0229696 0.0315608 0.041032 0.0507811 0.0599133 0.0673964 0.0724099 0.0746145 0.0741498 0.0714402 0.0670055 0.0613606 0.0549715 0.04823 0.041442 0.0348331 0.0285661 0.0227608 0.0175147 0.0129174 0.00904976 0.00596549 0.00366501
 0.0097844 0.0155815 0.0228678 0.0313893 0.0407669 0.0504076 0.0594361 0.0668474 0.0718476 0.0741152 0.0737906 0.0712794 0.0670666 0.0616273 0.0553954 0.0487449 0.0419788 0.0353325 0.0289868 0.0230842 0.0177432 0.0130674 0.00914253 0.00602035 0.00369625
 0.00969576 0.0154574 0.022717 0.03123 0.0406179 0.0502764 0.0593112 0.0667021 0.0716548 0.0738654 0.073504 0.0710036 0.0668627 0.0615484 0.0554686 0.0489625 0.0423031 0.0357085 0.029359 0.0234098 0.0179993 0.0132504 0.0092623 0.00609282 0.0037371
 0.00951851 0.0151865 0.0223428 0.0307582 0.0400719 0.0496966 0.0587525 0.0662244 0.0713067 0.0736686 0.0734482 0.0710592 0.0670008 0.0617563 0.0557497 0.0493237 0.0427393 0.0361951 0.0298555 0.0238716 0.0183908 0.0135535 0.009477 0.00623223 0.00382021
 0.00940291 0.0150003 0.0220665 0.0303767 0.0395795 0.0491048 0.0580967 0.0655647 0.0707182 0.0732226 0.073194 0.0710121 0.0671425 0.0620469 0.0561443 0.0497861 0.0432447 0.0367236 0.0303836 0.0243697 0.0188286 0.0139083 0.00974063 0.00641111 0.00393084
 0.00920384 0.0147013 0.0216618 0.0298761 0.0390038 0.048479 0.0574471 0.064921 0.0701184 0.0727142 0.072829 0.0708363 0.0671824 0.0623003 0.0565806 0.050355 0.0438904 0.0373956 0.0310404 0.0249774 0.0193592 0.0143419 0.0100691 0.00663977 0.00407614
 0.00910218 0.0145342 0.021408 0.0295174 0.038532 0.0479045 0.0568051 0.0642679 0.0695174 0.072218 0.0724703 0.0706307 0.0671373 0.0624197 0.0568616 0.0507818 0.0444304 0.0380039 0.0316675 0.0255773 0.0198946 0.0147873 0.0104127 0.00688376 0.00423451
 0.00982546 0.0155385 0.022602 0.0307087 0.0394804 0.048409 0.0567745 0.063739 0.0686208 0.0711218 0.0713323 0.0695725 0.066238 0.0617207 0.0563769 0.050507 0.0443473 0.0380814 0.0318637 0.025844 0.0201843 0.0150603 0.010642 0.00705705 0.00435251
 0.0105871 0.0167184 0.0242599 0.0328368 0.0419785 0.0510632 0.0592586 0.0656657 0.0696505 0.0710842 0.0702879 0.0677767 0.064034 0.0594293 0.0542318 0.0486432 0.0428218 0.0368993 0.0309987 0.0252507 0.0198075 0.0148423 0.0105299 0.00700794 0.00433593
 0.0105249 0.0167336 0.0244961 0.033494 0.0432548 0.0530619 0.0619035 0.0686759 0.0725931 0.0734845 0.0717552 0.0681037 0.0632417 0.0577417 0.0519926 0.0462105 0.0404859 0.0348467 0.0293172 0.0239545 0.0188645 0.0141958 0.0101137 0.0067578 0.00419629
 0.0101484 0.0161741 0.0237597 0.0326419 0.0424134 0.0524213 0.0616966 0.0691216 0.0738077 0.0753966 0.0740804 0.0704108 0.0650895 0.0588216 0.0522106 0.0456824 0.0394615 0.0336096 0.0281033 0.0229133 0.0180592 0.0136259 0.00974243 0.00653491 0.00407325
 0.00994294 0.015829 0.0232227 0.0318655 0.0413761 0.0511595 0.0603325 0.0678682 0.0729332 0.0751526 0.0746148 0.0716987 0.0669154 0.0608309 0.0540201 0.0470033 0.0401779 0.0337802 0.0278988 0.0225307 0.0176562 0.0132929 0.00950919 0.00639231 0.00399633
 0.00992106 0.0157871 0.0231457 0.0317303 0.0411503 0.0508052 0.0598175 0.0671862 0.0721294 0.0743408 0.073969 0.0714084 0.0671141 0.0615296 0.0550835 0.04819 0.0412295 0.0345149 0.0282621 0.0225841 0.0175214 0.0130908 0.0093218 0.00625531 0.00391204
 0.0098264 0.0156496 0.0229688 0.0315259 0.0409334 0.0505844 0.0595877 0.0669284 0.0718191 0.0739645 0.0735445 0.0709997 0.066827 0.0614795 0.0553434 0.0487452 0.0419692 0.0352731 0.0288855 0.0229892 0.0177098 0.0131233 0.00927514 0.00618928 0.00385786
 0.00976515 0.0155601 0.022853 0.0313933 0.040799 0.0504649 0.059497 0.0668721 0.0717894 0.0739383 0.0734894 0.0708897 0.0666624 0.0613 0.0552206 0.0487517 0.0421395 0.0355797 0.0292491 0.023317 0.017938 0.0132375 0.00930115 0.00616818 0.0038239
 0.00981674 0.0156181 0.0228935 0.03138 0.0406959 0.0502544 0.0591939 0.0665233 0.071457 0.0736764 0.0733251 0.0708182 0.066657 0.0613305 0.0552722 0.0488336 0.0422752 0.0357854 0.0295137 0.0236008 0.0181909 0.0134233 0.00941112 0.00621723 0.00383645
 0.00979039 0.0155784 0.0228382 0.0313059 0.0405953 0.0501128 0.0589921 0.0662468 0.0711103 0.0732923 0.0729617 0.0705402 0.0665106 0.0613282 0.0553948 0.049046 0.0425451 0.0360908 0.0298382 0.0239244 0.0184868 0.0136656 0.00958541 0.00632575 0.00389413
 0.0097228 0.015491 0.022748 0.0312416 0.0405879 0.050181 0.0591296 0.0664192 0.0712646 0.0733748 0.0729371 0.0704057 0.0662978 0.0610905 0.0551872 0.0489066 0.0424882 0.0361111 0.0299194 0.0240452 0.0186239 0.0137962 0.00969196 0.0064002 0.00393835
 0.00965576 0.0153844 0.0225934 0.0310366 0.0403412 0.0499171 0.0588895 0.0662515 0.0712075 0.0734366 0.0730892 0.0705934 0.0664645 0.0612017 0.0552406 0.0489261 0.0425073 0.0361562 0.030001 0.0241582 0.018753 0.0139227 0.00980011 0.00648122 0.00399141
 0.00959454 0.0152893 0.0224585 0.030859 0.0401216 0.0496607 0.0586086 0.0659692 0.0709573 0.0732581 0.073016 0.0706392 0.0666149 0.061418 0.0554756 0.0491433 0.0426919 0.0363131 0.0301442 0.0242981 0.0188909 0.0140517 0.00991058 0.00656622 0.00404963
 0.00947104 0.01511 0.0222282 0.0305958 0.0398506 0.0494056 0.0583844 0.0657816 0.0708072 0.0731475 0.0729524 0.0706352 0.0666825 0.0615603 0.0556806 0.0493854 0.0429411 0.0365462 0.0303503 0.024477 0.019046 0.0141845 0.0100196 0.00664955 0.00410762
 0.00929568 0.0148559 0.0219039 0.0302302 0.039487 0.049089 0.0581511 0.0656519 0.0707833 0.0732139 0.0730812 0.0707956 0.0668515 0.0617286 0.0558504 0.0495618 0.0431242 0.0367294 0.0305238 0.0246328 0.0191802 0.0142963 0.0101093 0.00671759 0.00415539
 0.00897644 0.0143975 0.0213268 0.0295939 0.0388758 0.0485869 0.0578203 0.0655229 0.070855 0.0734581 0.0734486 0.0712254 0.0672844 0.0621201 0.0561779 0.0498243 0.0433344 0.0369031 0.0306728 0.0247627 0.019292 0.0143895 0.0101835 0.00677336 0.00419444
 0.00851692 0.0137079 0.0203986 0.0284639 0.037624 0.0473275 0.0566893 0.06466 0.070375 0.0734183 0.0738303 0.0719419 0.0682108 0.0631284 0.0571637 0.0507189 0.0441048 0.0375438 0.031194 0.0251798 0.0196195 0.0146394 0.0103664 0.00690015 0.00427664
#obs surv len freq
 nan nan nan nan nan nan nan nan nan nan nan nan nan nan nan nan nan nan nan nan nan nan nan nan nan
 0.00448489 0.0073463 0.0111763 0.0159925 0.021693 0.0279682 0.0342819 0.0400128 0.0446922 0.0481559 0.0505139 0.0520098 0.0529022 0.0534147 0.0537292 0.0539842 0.0542628 0.0545556 0.0546944 0.0542863 0.0527243 0.0493565 0.0438062 0.0362862 0.0276699
 0.00461519 0.00756049 0.0115026 0.0164578 0.0223156 0.0287482 0.035191 0.0409918 0.0456592 0.049023 0.0512039 0.0524678 0.0531004 0.0533527 0.0534292 0.0534836 0.0536052 0.0537837 0.0538472 0.0534009 0.0518395 0.0485154 0.0430537 0.0356603 0.0271914
 0.00477337 0.0078194 0.0118957 0.0170173 0.0230673 0.0297006 0.0363248 0.0422542 0.0469682 0.0502799 0.0523073 0.053327 0.0536454 0.0535422 0.053254 0.052965 0.052788 0.0527268 0.0526168 0.0520668 0.0504765 0.0472032 0.0418714 0.0346732 0.0264356
 0.00496382 0.00813015 0.0123655 0.0176833 0.0239577 0.0308243 0.0376596 0.0437424 0.0485234 0.0518011 0.0536927 0.0544812 0.0544844 0.053998 0.0532819 0.0525494 0.0519456 0.0515058 0.0510918 0.0503344 0.0486515 0.0454119 0.0402387 0.0333008 0.0253808
 0.00518017 0.00848413 0.0129025 0.0184468 0.0249812 0.032118 0.0391968 0.0454546 0.0503103 0.0535493 0.0552928 0.0558369 0.0555136 0.0546319 0.053465 0.0522437 0.0511375 0.0502144 0.0493758 0.0482958 0.0464325 0.0431835 0.038176 0.03155 0.024027
 0.00540958 0.00886053 0.0134754 0.0192649 0.0260828 0.0335169 0.0408667 0.0473237 0.0522706 0.055477 0.0570676 0.0573537 0.0566862 0.0553911 0.0537558 0.0520234 0.0503787 0.0489139 0.0475694 0.046073 0.0439431 0.0406268 0.0357698 0.0294833 0.0224161
 0.00563787 0.00923547 0.014047 0.0200827 0.027187 0.034924 0.0425541 0.0492235 0.0542784 0.0574705 0.0589253 0.0589664 0.0579617 0.0562546 0.0541482 0.0518982 0.0497015 0.0476693 0.045776 0.0438037 0.041341 0.0379011 0.033163 0.0272165 0.0206329
 0.0058848 0.00963969 0.0146606 0.020956 0.0283594 0.0364085 0.0443223 0.0511998 0.0563504 0.0595108 0.0608114 0.0605921 0.05924 0.0571165 0.0545391 0.0517744 0.0490288 0.0464274 0.0439733 0.0415005 0.0386699 0.03507 0.0304254 0.0248126 0.0187265
 0.0061208 0.0100263 0.0152481 0.0217934 0.0294854 0.0378372 0.0460279 0.0531107 0.0583593 0.0614942 0.0626498 0.0621814 0.0604953 0.0579714 0.0549423 0.0516849 0.0484135 0.0452638 0.0422633 0.0392928 0.0360834 0.032301 0.0277221 0.0224183 0.0168134
 0.00637984 0.0104484 0.0158851 0.0226937 0.0306846 0.0393431 0.047805 0.0550757 0.0603931 0.0634655 0.0644366 0.0636839 0.0616383 0.0587019 0.0552235 0.0514906 0.0477224 0.0440614 0.0405528 0.0371171 0.0335497 0.029591 0.0250712 0.0200623 0.0149232
 0.00660649 0.0108247 0.0164658 0.0235342 0.0318289 0.0408054 0.0495517 0.0570198 0.0624081 0.0654114 0.0661849 0.0651313 0.0627109 0.0593522 0.0554253 0.0512303 0.0469929 0.0428605 0.0388911 0.035037 0.0311487 0.0270333 0.0225716 0.0178383 0.0131352
 0.00684789 0.0112158 0.0170519 0.0243574 0.032921 0.0421762 0.0511753 0.0588278 0.0642953 0.0672527 0.0678543 0.0665181 0.0637301 0.059949 0.0555725 0.0509218 0.0462345 0.0416647 0.0372808 0.0330603 0.0288982 0.0246573 0.0202615 0.015788 0.0114877
 0.00707476 0.011591 0.0176279 0.0251852 0.0340381 0.0435882 0.0528394 0.0606502 0.0661485 0.0690035 0.0693875 0.0677459 0.064591 0.0604037 0.055601 0.0505208 0.045414 0.0404451 0.0356951 0.0311631 0.0267802 0.0224536 0.018141 0.0139189 0.00999227
 0.00727516 0.0119228 0.0181385 0.0259225 0.035041 0.0448704 0.0543732 0.0623592 0.0679165 0.0706963 0.0708765 0.0689268 0.065393 0.0607908 0.0555656 0.0500745 0.0445792 0.0392516 0.0341825 0.0293893 0.0248329 0.0204555 0.0162393 0.0122565 0.00867016
 0.00741532 0.0121535 0.0184914 0.0264302 0.0357321 0.045761 0.055457 0.0636012 0.0692545 0.072048 0.0721494 0.0700276 0.0662377 0.0613142 0.0557279 0.0498621 0.044001 0.0383334 0.0329646 0.0279303 0.023216 0.018791 0.0146551 0.0108735 0.00757196
 0.00752234 0.0123255 0.018747 0.0267863 0.0362021 0.0463517 0.0561643 0.0644079 0.0701314 0.0729575 0.0730474 0.0708638 0.0669561 0.0618555 0.0560365 0.0498942 0.0437316 0.0377604 0.0321102 0.026842 0.0219679 0.0174816 0.013396 0.00976847 0.00669237
 0.00757572 0.0124104 0.0188713 0.0269569 0.0364245 0.0466301 0.0565002 0.0648 0.0705758 0.0734479 0.0735747 0.0714122 0.0674994 0.0623549 0.0564418 0.0501499 0.0437866 0.0375788 0.031681 0.0261856 0.0211373 0.0165582 0.0124763 0.00894371 0.006027
 0.0076504 0.0125229 0.0190241 0.0271467 0.0366435 0.0468685 0.0567488 0.065051 0.0708246 0.0736943 0.0738224 0.0716672 0.0677645 0.0626238 0.0566946 0.0503525 0.0438945 0.0375469 0.0314767 0.0258007 0.0205964 0.0159173 0.0118114 0.00833153 0.00552467
 0.00771315 0.0126207 0.0191632 0.0273286 0.0368643 0.047117 0.0570062 0.0652942 0.0710317 0.0738531 0.0739345 0.0717464 0.0678302 0.0626923 0.0567723 0.0504305 0.0439488 0.0375425 0.0313774 0.0255828 0.0202603 0.0154923 0.0113496 0.00789209 0.00515565
 0.0077596 0.0126901 0.0192562 0.0274422 0.0369927 0.0472537 0.057145 0.0654287 0.0711553 0.0739589 0.0740172 0.071805 0.0678695 0.0627219 0.0568023 0.0504656 0.0439831 0.0375577 0.0313473 0.0254824 0.020078 0.0152379 0.0110539 0.00759688 0.00489898
 0.00779087 0.0127374 0.0193205 0.0275218 0.0370828 0.0473474 0.0572342 0.0655055 0.0712146 0.0739996 0.074043 0.0718218 0.0678829 0.0627362 0.05682 0.0504879 0.0440075 0.0375761 0.0313447 0.0254412 0.0199851 0.0150931 0.0108729 0.00740644 0.00472675
 0.00782429 0.0127854 0.0193811 0.0275889 0.0371483 0.0474033 0.0572753 0.0655298 0.0712229 0.073995 0.0740302 0.0718066 0.0678713 0.0627331 0.0568279 0.0505063 0.0440331 0.0376021 0.0313609 0.0254351 0.0199463 0.0150181 0.010769 0.00728968 0.00461609
 0.00787219 0.0128604 0.0194881 0.0277294 0.0373182 0.0475918 0.0574635 0.0656938 0.0713396 0.0740492 0.0740198 0.0717415 0.0677688 0.0626122 0.0567052 0.0503937 0.0439367 0.0375222 0.0312929 0.0253709 0.0198772 0.014939 0.0106806 0.00719932 0.00453377
 0.00785065 0.012829 0.0194479 0.027684 0.0372738 0.0475558 0.0574431 0.0656941 0.0713617 0.0740896 0.0740701 0.0717922 0.0678127 0.0626462 0.0567309 0.0504148 0.0439569 0.0375429 0.0313122 0.025384 0.0198786 0.0149249 0.0106514 0.00716012 0.00449232
 0.00788983 0.0128822 0.0195087 0.0277405 0.0373125 0.0475675 0.0574278 0.0656609 0.0713246 0.074061 0.0740566 0.071793 0.0678217 0.062656 0.0567356 0.0504127 0.0439493 0.0375329 0.0313017 0.0253729 0.0198648 0.0149059 0.0106266 0.00713132 0.00446345
 0.00788613 0.0128789 0.0195084 0.0277457 0.0373237 0.0475802 0.0574322 0.0656451 0.0712813 0.0739936 0.07398 0.0717275 0.0677841 0.0626529 0.0567627 0.0504589 0.0440027 0.0375844 0.0313463 0.0254081 0.0198893 0.0149193 0.0106294 0.00712589 0.00445329
 0.00788301 0.012873 0.019498 0.0277295 0.0373015 0.047554 0.057406 0.0656235 0.0712658 0.0739816 0.0739659 0.0717077 0.0677608 0.0626339 0.0567574 0.0504724 0.0440338 0.0376266 0.0313913 0.0254491 0.0199218 0.0149413 0.0106413 0.00712939 0.00445129
 0.00788611 0.0128725 0.0194871 0.0276989 0.0372421 0.0474617 0.0572854 0.0654884 0.0711359 0.0738764 0.073899 0.0716835 0.0677751 0.062678 0.0568223 0.0505518 0.0441231 0.0377212 0.0314852 0.0255356 0.0199951 0.0149979 0.0106806 0.0071535 0.00446392
 0.00787143 0.0128493 0.0194532 0.027652 0.0371795 0.0473803 0.0571826 0.0653645 0.0709968 0.0737354 0.0737746 0.0715954 0.0677376 0.0626956 0.0568892 0.0506554 0.0442488 0.0378558 0.0316179 0.0256577 0.0201001 0.0150817 0.0107421 0.00719454 0.00448854
 0.00781763 0.0127632 0.0193268 0.0274797 0.0369605 0.0471216 0.0569009 0.0650846 0.0707471 0.0735397 0.073649 0.0715469 0.0677668 0.0627983 0.0570565 0.0508729 0.0444979 0.0381159 0.0318698 0.0258861 0.0202943 0.0152363 0.0108567 0.00727307 0.00453781
 0.00781555 0.0127514 0.0192934 0.0274089 0.0368366 0.0469357 0.0566572 0.0648022 0.0704556 0.0732725 0.0734355 0.0714078 0.067712 0.0628281 0.0571634 0.0510438 0.0447156 0.0383607 0.032121 0.0261243 0.0205041 0.0154079 0.0109868 0.0073639 0.00459595
 0.00778685 0.0127061 0.0192273 0.0273179 0.0367163 0.0467811 0.0564645 0.0645718 0.0701964 0.073004 0.073186 0.071209 0.0675914 0.0628014 0.0572325 0.0511981 0.0449359 0.0386231 0.0324003 0.0263968 0.0207498 0.0156131 0.0111451 0.00747625 0.00466894
 0.00776586 0.0126705 0.0191711 0.027235 0.0366021 0.0466351 0.0562914 0.0643815 0.0700004 0.0728129 0.0730087 0.0710555 0.0674745 0.0627371 0.0572349 0.0512746 0.0450831 0.038827 0.0326394 0.0266461 0.020986 0.0158179 0.0113077 0.00759446 0.00474724
 0.00774111 0.0126305 0.0191115 0.0271517 0.0364921 0.0464976 0.0561295 0.0642027 0.0698166 0.0726376 0.0728551 0.0709334 0.067391 0.0626967 0.0572423 0.0513341 0.0451966 0.0389908 0.0328417 0.0268684 0.0212065 0.0160165 0.0114706 0.00771596 0.00482945
 0.00931908 0.0148388 0.0217756 0.0298893 0.0388244 0.0480272 0.0566808 0.0638478 0.0687919 0.0712235 0.0712876 0.0693723 0.0659283 0.061379 0.0560899 0.0503538 0.0443885 0.0383499 0.0323579 0.0265248 0.0209798 0.0158794 0.0113958 0.00767987 0.00481466
 0.00928601 0.0150801 0.0226589 0.031872 0.0422549 0.052876 0.0623698 0.0693453 0.0729801 0.07334 0.071177 0.0674272 0.0628167 0.0577575 0.0524406 0.0469597 0.041384 0.0357835 0.0302346 0.0248272 0.0196754 0.014923 0.0107318 0.00724688 0.00455153
 0.00896491 0.0145706 0.0219373 0.0309818 0.0413624 0.052309 0.0625806 0.070749 0.0757069 0.0770497 0.0750995 0.0706568 0.0646906 0.0580859 0.0514773 0.0451891 0.0392918 0.0337241 0.028409 0.0233197 0.0184995 0.0140545 0.0101267 0.00685174 0.00431152
 0.008786 0.0142753 0.0214851 0.0303342 0.0404976 0.0512502 0.0614341 0.069734 0.0751422 0.0772682 0.076298 0.0727494 0.0672713 0.0605591 0.0533001 0.0460809 0.0392917 0.0330936 0.0274726 0.022343 0.0176432 0.0133851 0.00964832 0.0065366 0.00412
 0.00873143 0.0141768 0.0213181 0.0300682 0.0401012 0.0507006 0.0607309 0.0689132 0.0742905 0.0765323 0.0758743 0.0728366 0.0679839 0.06184 0.0548965 0.0476247 0.0404488 0.0336944 0.0275465 0.0220558 0.017195 0.0129329 0.00927853 0.00627445 0.00395445
 0.0087029 0.0141293 0.0212439 0.0299574 0.0399413 0.0504769 0.0604285 0.0685221 0.0738135 0.0759956 0.0753399 0.0724066 0.0677864 0.0619887 0.0554318 0.0484693 0.0414162 0.0345586 0.028137 0.0223182 0.0171869 0.0127687 0.00906848 0.00608949 0.00382217
 0.00867639 0.0140857 0.0211771 0.0298616 0.0398118 0.0503114 0.0602283 0.0682909 0.0735554 0.0757143 0.0750422 0.0721117 0.0675358 0.061847 0.0554703 0.0487318 0.0418844 0.0351426 0.0287053 0.022754 0.0174347 0.0128443 0.00903243 0.00600835 0.00374237
 0.00868228 0.0140917 0.0211794 0.0298541 0.0397871 0.0502628 0.0601515 0.0681849 0.0734222 0.0755573 0.0748656 0.0719214 0.0673431 0.0616742 0.0553533 0.0487127 0.0419938 0.0353771 0.0290192 0.0230733 0.0176897 0.0129987 0.00909117 0.00600339 0.00371019
 0.00866992 0.0140761 0.0211641 0.0298443 0.0397873 0.0502737 0.0601674 0.0681945 0.0734125 0.0755183 0.0747933 0.0718185 0.0672174 0.0615386 0.0552262 0.0486189 0.0419596 0.0354206 0.0291377 0.0232395 0.0178609 0.013136 0.00917514 0.00603758 0.00371197
 0.00866649 0.0140678 0.021147 0.0298142 0.0397416 0.0502147 0.0601031 0.068137 0.0733722 0.0754985 0.0747883 0.0718163 0.0672064 0.0615124 0.055187 0.0485774 0.0419326 0.0354254 0.0291846 0.0233251 0.0179676 0.0132393 0.0092551 0.00608625 0.00373349
 0.00865503 0.0140526 0.0211301 0.029799 0.0397312 0.0502092 0.0600994 0.0681297 0.0733574 0.0754767 0.074764 0.0717948 0.0671897 0.061498 0.0551706 0.0485571 0.0419121 0.0354136 0.0291915 0.0233558 0.0180186 0.0132992 0.00931022 0.00612701 0.00375749
 0.00864288 0.0140327 0.0211001 0.0297573 0.0396781 0.0501485 0.0600381 0.0680769 0.0733207 0.0754595 0.0747643 0.0718076 0.0672098 0.0615217 0.0551953 0.0485806 0.0419334 0.0354342 0.029215 0.0233865 0.0180576 0.0133433 0.00935286 0.00616181 0.00378126
 0.00862276 0.0139997 0.0210502 0.0296869 0.0395853 0.0500346 0.0599099 0.0679466 0.0732042 0.0753724 0.0747181 0.0718066 0.0672503 0.0615941 0.055287 0.04868 0.0420313 0.0355252 0.0292971 0.0234601 0.0181238 0.0134021 0.00940263 0.00620065 0.00380841
 0.00862475 0.0140032 0.0210558 0.0296946 0.039594 0.0500414 0.0599095 0.0679331 0.073173 0.0753235 0.0746573 0.0717439 0.0671974 0.0615598 0.0552753 0.048689 0.0420557 0.0355586 0.0293342 0.0234975 0.0181598 0.0134355 0.00943213 0.00622478 0.00382622
 0.00863003 0.0140123 0.0210703 0.0297163 0.0396241 0.0500795 0.0599529 0.067976 0.0732076 0.0753415 0.0746525 0.0717145 0.0671474 0.0614981 0.0552131 0.0486365 0.0420187 0.0355382 0.029328 0.0235016 0.0181703 0.0134493 0.0094466 0.00623797 0.00383679
 0.00863003 0.0140123 0.0210703 0.0297163 0.0396241 0.0500795 0.0599529 0.067976 0.0732076 0.0753415 0.0746525 0.0717145 0.0671474 0.0614981 0.0552131 0.0486365 0.0420187 0.0355382 0.029328 0.0235016 0.0181703 0.0134493 0.0094466 0.00623797 0.00383679
 0.00867533 0.014085 0.0211775 0.029863 0.039811 0.0503004 0.0601923 0.0682095 0.0734067 0.0754802 0.0747132 0.0716914 0.067046 0.0613337 0.0550076 0.0484139 0.0418016 0.0353435 0.0291658 0.023375 0.0180775 0.0133855 0.00940588 0.00621407 0.00382411
#pred catch len freq
 0.0050648 0.00795066 0.0114719 0.0154913 0.0199198 0.0247097 0.0297778 0.0349559 0.040019 0.0447499 0.04898 0.0526008 0.0555635 0.0578631 0.0595069 0.0604792 0.0607248 0.0601534 0.0586438 0.0560394 0.0521511 0.0468204 0.0400641 0.032236 0.0240628
 0.00525307 0.00817094 0.0116497 0.0155171 0.0196939 0.0242049 0.0290788 0.0342384 0.03947 0.0444726 0.0489427 0.0526583 0.0555357 0.057627 0.059059 0.0599441 0.0603074 0.0600516 0.0589599 0.0567305 0.0530475 0.0477029 0.0407575 0.0326672 0.0242591
 0.00566662 0.00878996 0.0124761 0.0165019 0.0207324 0.0251433 0.029739 0.0344673 0.0392061 0.0437909 0.0480351 0.0517441 0.0547535 0.0569848 0.0584727 0.0593322 0.0596719 0.05949 0.058606 0.0566674 0.0532524 0.0480581 0.0411155 0.0329222 0.0243804
 0.00603143 0.0093649 0.0133073 0.0176185 0.0221386 0.0268035 0.031557 0.036273 0.0407673 0.0448644 0.0484443 0.0514482 0.0538645 0.0557125 0.0570281 0.0578557 0.0582291 0.0581205 0.0573674 0.0556328 0.0524696 0.0475164 0.0407522 0.0326616 0.0241713
 0.00639191 0.00992189 0.014094 0.0186535 0.0234317 0.0283611 0.0333751 0.0383154 0.0429375 0.0469867 0.0502723 0.0527135 0.0543561 0.0553508 0.0558923 0.056144 0.0561799 0.055946 0.0552299 0.0536525 0.0507343 0.0460773 0.0396187 0.0318083 0.0235553
 0.00676827 0.0105043 0.0149169 0.019733 0.024769 0.0299473 0.0351914 0.0403284 0.0450928 0.0491997 0.0524158 0.054607 0.0557749 0.0560684 0.0557476 0.055102 0.05435 0.0535474 0.0525275 0.0508993 0.0481384 0.0437897 0.0377295 0.0303482 0.0225031
 0.00716067 0.0111106 0.0157717 0.0208514 0.0261502 0.0315791 0.0370488 0.0423685 0.047251 0.0513914 0.054539 0.0565423 0.0573804 0.0571782 0.0561868 0.0547256 0.0530957 0.0514755 0.0498233 0.0478349 0.0450134 0.0408745 0.0352249 0.0283642 0.0210577
 0.00756344 0.0117314 0.0166442 0.0219882 0.0275468 0.0332199 0.0389066 0.0443983 0.0493861 0.0535446 0.0566085 0.0584184 0.0589497 0.0583228 0.0567822 0.0546462 0.0522382 0.0498005 0.0473968 0.0448449 0.0417456 0.0376529 0.0323395 0.0260115 0.0193129
 0.00796943 0.0123565 0.0175211 0.0231272 0.0289402 0.0348472 0.0407345 0.0463766 0.0514447 0.0555965 0.0585568 0.0601633 0.0603936 0.0593725 0.0573468 0.0546342 0.0515624 0.0483995 0.0452734 0.0421045 0.0386092 0.0344261 0.0293418 0.0234952 0.0174066
 0.00844321 0.0130784 0.0185188 0.024398 0.0304586 0.0365758 0.0426286 0.0483799 0.0534842 0.0575832 0.0603927 0.0617506 0.0616439 0.0602118 0.0577134 0.0544728 0.0508194 0.0470303 0.0432678 0.0395246 0.0356189 0.0312858 0.0263566 0.0209337 0.0154287
 0.0089738 0.0138844 0.0196271 0.0257983 0.0321111 0.0384245 0.0446075 0.0504126 0.0554841 0.0594581 0.0620529 0.0631155 0.062646 0.0607978 0.0578436 0.0541166 0.04995 0.0456258 0.0413259 0.0370917 0.032821 0.0283366 0.023524 0.0184706 0.0135006
 0.00949844 0.0146913 0.0207561 0.0272568 0.0338763 0.040447 0.0468106 0.0526899 0.0577053 0.0614855 0.0637616 0.064409 0.0634629 0.061111 0.0576521 0.0534338 0.0487924 0.0440085 0.0392709 0.0346502 0.0301011 0.0255163 0.0208308 0.016126 0.0116558
 0.00986303 0.0152642 0.0215823 0.0283676 0.0352869 0.0421521 0.0487743 0.0548358 0.0599151 0.0636103 0.0656418 0.0658985 0.0644517 0.0615386 0.0575089 0.0527486 0.0476143 0.0423918 0.037272 0.0323397 0.0275847 0.0229475 0.0183992 0.0140162 0.00999464
 0.0102044 0.0157844 0.0223026 0.0292897 0.0364011 0.0434473 0.0502402 0.0564534 0.0616417 0.0653685 0.0673182 0.0673569 0.0655556 0.0621777 0.057618 0.0523141 0.0466667 0.0409915 0.0354964 0.0302815 0.0253583 0.0206959 0.0162847 0.0121908 0.00856057
 0.0103262 0.0159963 0.0226465 0.0298127 0.0371444 0.0444299 0.0514447 0.0578247 0.0631001 0.0668288 0.0687009 0.0685867 0.0665549 0.0628658 0.0579206 0.0521787 0.0460763 0.0399686 0.0341002 0.0286016 0.0235106 0.0188177 0.0145216 0.010672 0.00736951
 0.0104184 0.0161406 0.0228554 0.0300998 0.0375286 0.0449384 0.0521089 0.0586668 0.0641149 0.0679701 0.0698838 0.069706 0.0675096 0.0635753 0.0583276 0.0522449 0.0457802 0.03931 0.033108 0.0273387 0.0220737 0.0173285 0.0131101 0.00945097 0.00641075
 0.0105696 0.0163589 0.023134 0.0304165 0.0378554 0.0452558 0.0524178 0.0589906 0.0644914 0.0684356 0.0704548 0.0703646 0.0682007 0.0642167 0.0588301 0.0525314 0.0457975 0.0390331 0.0325419 0.026521 0.0210754 0.0162481 0.0120576 0.00852514 0.0056764
 0.0105304 0.01631 0.0230869 0.0303896 0.0378667 0.0453139 0.0525164 0.0591136 0.0646267 0.0685887 0.0706523 0.0706426 0.0685826 0.0646936 0.0593533 0.0530222 0.0461679 0.0392088 0.0324797 0.026218 0.0205703 0.0156136 0.011385 0.00790189 0.00516531
 0.0105468 0.0163288 0.0231014 0.0303909 0.0378488 0.0452795 0.05248 0.059097 0.0646484 0.0686552 0.0707589 0.0707825 0.0687569 0.0649112 0.0596193 0.0533221 0.0464605 0.039434 0.032578 0.0261521 0.0203392 0.0152545 0.0109615 0.00748398 0.00480864
 0.0106247 0.0164423 0.0232475 0.0305571 0.0380155 0.0454249 0.0525856 0.0591519 0.0646535 0.0686235 0.0707111 0.0707399 0.0687346 0.0649175 0.0596575 0.0533909 0.0465497 0.0395196 0.032624 0.0261224 0.0202136 0.0150397 0.0106903 0.00720284 0.00455992
 0.0106438 0.0164689 0.0232793 0.030589 0.0380409 0.0454377 0.0525816 0.0591297 0.064614 0.0685707 0.0706533 0.0706895 0.0687068 0.0649256 0.0597085 0.053483 0.0466717 0.0396516 0.0327395 0.026193 0.0202179 0.0149728 0.0105667 0.00705164 0.0044128
 0.0105197 0.0162892 0.0230497 0.0303286 0.0377766 0.045195 0.0523778 0.0589729 0.0645068 0.0685143 0.0706491 0.0707391 0.0688102 0.0650805 0.0599096 0.0537212 0.0469333 0.0399175 0.0329862 0.0263959 0.0203574 0.0150405 0.0105695 0.00700924 0.00435026
 0.0105286 0.0162912 0.0230302 0.0302679 0.0376569 0.0450103 0.0521412 0.0587154 0.0642669 0.0683245 0.0705277 0.0706899 0.068828 0.0651567 0.0600357 0.0538882 0.0471303 0.0401304 0.033197 0.0265846 0.0205055 0.015137 0.0106142 0.00701265 0.00432911
 0.0108387 0.0167326 0.0235773 0.0308555 0.0381957 0.0454147 0.0523534 0.0587165 0.0640744 0.0679837 0.0700991 0.0702357 0.0683993 0.0647867 0.0597395 0.0536681 0.0469815 0.0400434 0.0331586 0.026578 0.020513 0.015143 0.0106097 0.00699627 0.00430542
 0.0109637 0.0169339 0.0238748 0.0312605 0.0387018 0.0459867 0.0529224 0.0591886 0.0643577 0.0680205 0.0698873 0.0698269 0.0678776 0.06424 0.0592374 0.0532522 0.0466662 0.0398239 0.033019 0.0264979 0.0204715 0.0151218 0.0105955 0.0069822 0.00429006
 0.0109746 0.0169595 0.0239289 0.0313631 0.0388772 0.0462571 0.0532979 0.0596553 0.064869 0.0684986 0.0702402 0.0699778 0.0677945 0.0639477 0.058806 0.0527689 0.0462071 0.0394374 0.0327236 0.0262897 0.0203342 0.0150353 0.0105418 0.00694776 0.00426688
 0.0109723 0.0169559 0.0239247 0.0313612 0.0388852 0.0462895 0.0533765 0.0598049 0.0651078 0.0688251 0.0706228 0.0703552 0.0680898 0.0640941 0.0587719 0.0525698 0.0458969 0.0390858 0.0323917 0.0260153 0.0201298 0.0148953 0.0104519 0.0068926 0.00423393
 0.0107417 0.016625 0.0235079 0.0308997 0.0384354 0.0459049 0.0530938 0.0596433 0.0650764 0.0689305 0.0708681 0.0707303 0.0685608 0.064602 0.0592442 0.052943 0.0461375 0.039198 0.032409 0.0259816 0.020082 0.0148548 0.0104253 0.00687804 0.00422679
 0.0105816 0.0163764 0.0231568 0.030445 0.0378925 0.0453097 0.0525037 0.0591304 0.0647108 0.0687614 0.0709121 0.0709735 0.0689683 0.0651253 0.0598257 0.0535196 0.0466505 0.0396063 0.0326986 0.0261648 0.0201868 0.0149112 0.0104558 0.00689575 0.00423769
 0.0105485 0.016316 0.0230535 0.0302785 0.037642 0.0449602 0.0520555 0.058607 0.0641623 0.0682591 0.070534 0.0707838 0.0689987 0.0653673 0.0602355 0.0540318 0.0471933 0.0401155 0.0331284 0.0264937 0.0204165 0.0150592 0.0105454 0.00694759 0.00426671
 0.0104113 0.0161201 0.0228078 0.0300065 0.0373711 0.0447082 0.0518206 0.0583707 0.0639032 0.0679707 0.0702368 0.0705245 0.0688366 0.0653538 0.0603945 0.0543506 0.0476265 0.0405996 0.0335995 0.026903 0.0207381 0.0152897 0.0106972 0.0070402 0.00431937
