SBPRF35
7.78865
Curr Bio
580576
B35
665824
F35
0.227055
FOFL
0.205968
OFL
94456.2
Bzero
2.22533e+006
#pred survey bio
 3.62828e+006 3.27352e+006 2.94008e+006 2.58803e+006 2.27756e+006 2.0007e+006 1.73483e+006 1.50264e+006 1.32951e+006 1.16722e+006 1.03284e+006 912509 803043 726142 684761 649402 623980 601284 589829 572117 564641 559581 554327 556834 559551 554907 542477 539971 532580 532390 513880 508981 485922 485853 486406 497270 507242 525538 539943 552895 557128 562613 572701 589579 587701 595395 605273 577583 2.11294e+007 1.30626e+007 1.35174e+007 1.41195e+007 1.47709e+007 1.53752e+007 1.58876e+007 1.62977e+007 1.66138e+007 1.68515e+007 1.70275e+007 1.71568e+007 1.72513e+007 1.73205e+007 1.73713e+007 1.74087e+007 1.74365e+007 1.74571e+007 1.74726e+007 1.74843e+007 1.74931e+007 1.74998e+007 1.75049e+007 1.75087e+007 1.75117e+007 1.7514e+007 1.75158e+007 1.75171e+007 1.75181e+007 1.75189e+007 1.75196e+007 1.752e+007 1.75204e+007 1.75207e+007 1.75209e+007 1.75211e+007 1.75212e+007 1.75213e+007 1.75214e+007 1.75215e+007 1.75215e+007 1.75215e+007 1.75216e+007 1.75216e+007 1.75216e+007 1.75216e+007 1.75216e+007 1.75216e+007 1.75216e+007 1.75217e+007 1.75217e+007 1.75217e+007 1.75217e+007 1.75217e+007 1.75217e+007 1.75217e+007 1.75217e+007 1.75217e+007 1.75217e+007 1.75217e+007 1.75217e+007 1.75217e+007 1.75217e+007 1.75217e+007 1.75217e+007 1.75217e+007 1.75217e+007 1.75217e+007 1.75217e+007 1.75217e+007 1.75217e+007 1.75217e+007 1.75217e+007 1.75217e+007 1.75217e+007 1.75217e+007 1.75217e+007 1.75217e+007 1.75217e+007 1.75217e+007 1.75217e+007 1.75217e+007 1.75217e+007 1.75217e+007 1.75217e+007 1.75217e+007 1.75217e+007 1.75217e+007 1.75217e+007 1.75217e+007 1.75217e+007 1.75217e+007 1.75217e+007 1.75217e+007 1.75217e+007 1.75217e+007 1.75217e+007 1.75217e+007 1.75217e+007 1.75217e+007 0 0 0 0 0 0 0 0 0 0 0 0 0 0 0 0 0 0 0 0 0 0 0 0 0
#obs survey bio
 2.60336e+006 2.83123e+006 3.83684e+006 2.41528e+006 1.83678e+006 1.489e+006 1.27987e+006 1.63064e+006 1.06609e+006 1.16805e+006 897915 869979 789057 539110 555850 650687 735322 409018 535182 523868 604600 509089 395986 482017 519863 416644 614479 419536 561346 393074 447853 706485 377819 511790 442925 469080 452160 747354 492176 671028 494777 605078 486279 624186 681289 566920 559764 485152
#pred catch bio
 228185 246643 302819 300752 300881 315735 303640 262967 260490 239814 229251 219010 188021 154492 145877 133529 127965 116221 119334 108668 105354 104472 97309 96265.1 100723 105089 94336 95619.5 86536.3 98825.7 83927.1 98280.8 82055.1 87569.1 83681.5 87574.4 82441.1 86640.8 88110 95160.1 93877.1 90503.7 85996.7 102928 95983.5 96881.1 131497 89668 94456.2 105709 108436 112215 116657 120832 124295 126961 128912 130288 131232 131866 132284 132557 132733 132846 132917 132962 132991 133009 133020 133027 133031 133034 133035 133036 133037 133037 133038 133038 133038 133038 133038 133038 133038 133038 133038 133038 133038 133038 133038 133038 133038 133038 133038 133038 133038 133038 133038 133038 133038 133038 133038 133038 133038 133038 133038 133038 133038 133038 133038 133038 133038 133038 133038 133038 133038 133038 133038 133038 133038 133038 133038 133038 133038 133038 133038 133038 133038 133038 133038 133038 133038 133038 133038 133038 133038 133038 133038 133038 133038 133038 133038 133038 133038 133038 133038 133038 133038 133038 0 0 0 0 0 0 0 0 0 0 0 0 0 0 0 0 0 0 0 0 0 0 0 0 0
#obs catch bio
 249453 246937 304157 302573 303695 320572 310122 267206 264976 242937 232087 223531 191755 157208 148162 134746 128685 117439 120643 109445 106242 105322 98238.3 97219.1 101310 105796 95107.4 96455.6 86390.9 99489.2 83834.6 98471.8 82071.3 87613.6 83834.9 87941.6 82851.2 86641.7 88055.9 94864.1 93430.9 90341.4 85480.1 102493 95441.8 96114.6 131884 89389.5
#pred cpue bio
 3.5643e+006 3.21066e+006 2.87832e+006 2.52759e+006 2.21884e+006 1.94373e+006 1.68015e+006 1.45063e+006 1.27985e+006 1.12015e+006 987955 869715 762637 687928 648153 614483 590427 568723 557785 540906 533888 529177 524201 526752 529799 525767 513999 512035 505597 506056 488643 484374 461434 459546 458502 468432 478062 495997 510279 523081 527369 532684 542391 558670 556648 563736 572627 544606 1.99174e+007 1.23272e+007 1.27418e+007 1.32868e+007 1.39165e+007 1.45159e+007 1.50273e+007 1.54373e+007 1.57534e+007 1.59911e+007 1.61671e+007 1.62963e+007 1.63909e+007 1.64601e+007 1.65109e+007 1.65483e+007 1.6576e+007 1.65967e+007 1.66122e+007 1.66238e+007 1.66326e+007 1.66393e+007 1.66444e+007 1.66483e+007 1.66513e+007 1.66536e+007 1.66553e+007 1.66567e+007 1.66577e+007 1.66585e+007 1.66591e+007 1.66596e+007 1.666e+007 1.66602e+007 1.66605e+007 1.66606e+007 1.66608e+007 1.66609e+007 1.66609e+007 1.6661e+007 1.66611e+007 1.66611e+007 1.66611e+007 1.66611e+007 1.66612e+007 1.66612e+007 1.66612e+007 1.66612e+007 1.66612e+007 1.66612e+007 1.66612e+007 1.66612e+007 1.66612e+007 1.66612e+007 1.66612e+007 1.66612e+007 1.66612e+007 1.66612e+007 1.66612e+007 1.66612e+007 1.66612e+007 1.66612e+007 1.66612e+007 1.66612e+007 1.66612e+007 1.66612e+007 1.66612e+007 1.66612e+007 1.66612e+007 1.66612e+007 1.66612e+007 1.66612e+007 1.66612e+007 1.66612e+007 1.66612e+007 1.66612e+007 1.66612e+007 1.66612e+007 1.66612e+007 1.66612e+007 1.66612e+007 1.66612e+007 1.66612e+007 1.66612e+007 1.66612e+007 1.66612e+007 1.66612e+007 1.66612e+007 1.66612e+007 1.66612e+007 1.66612e+007 1.66612e+007 1.66612e+007 1.66612e+007 1.66612e+007 1.66612e+007 1.66612e+007 1.66612e+007 1.66612e+007 1.66612e+007 0 0 0 0 0 0 0 0 0 0 0 0 0 0 0 0 0 0 0 0 0 0 0 0 0
#obs cpue bio
 3.30814e+006 3.42388e+006 2.18092e+006 1.80197e+006 1.85192e+006 1.70714e+006 1.29171e+006 1.28576e+006 1.46142e+006 1.14455e+006 1.03339e+006 512432 566320 646409 747697 704362 572677 472366 592773 576646 406281 544873 517922 509022 725215 659806 304845 648404 800248 485970 660694 401762 483916 512641 394708 445723 407383 553904 559642 590033 692149 416968 836255 616792 494332 663793 461045 580597
#pred surv len freq
 0.0052567 0.00843917 0.0125277 0.0174599 0.0231167 0.0292624 0.0354929 0.0413007 0.0462426 0.050078 0.0527854 0.0544894 0.055383 0.0556721 0.0555359 0.0551012 0.0544378 0.0535612 0.0524127 0.0508081 0.0484007 0.0447466 0.0395204 0.032794 0.0251749
 0.00568532 0.00907155 0.0133661 0.0184811 0.0243009 0.030626 0.0370954 0.0432053 0.0484439 0.0524416 0.0550451 0.0563178 0.0565015 0.0559432 0.0549939 0.0539162 0.0528371 0.051745 0.0504984 0.0488244 0.0463327 0.0426045 0.0373875 0.0308196 0.0235158
 0.00589939 0.00945683 0.014011 0.0194816 0.0257277 0.0324825 0.0392925 0.045581 0.0508247 0.0547013 0.0571121 0.0581261 0.0579339 0.0568268 0.0551603 0.0532828 0.0514508 0.0497606 0.0481118 0.0462097 0.0436213 0.0399078 0.0348309 0.0285477 0.021659
 0.00622115 0.00995561 0.0147214 0.0204325 0.0269534 0.034029 0.0412053 0.0478701 0.0534221 0.0574427 0.0597635 0.0604463 0.0597317 0.0579775 0.0555841 0.0529251 0.0502917 0.0478444 0.0455629 0.0432162 0.0404017 0.0366851 0.0318178 0.0259305 0.0195684
 0.00653234 0.0104549 0.0154599 0.0214522 0.028279 0.0356578 0.0431006 0.0499654 0.0556386 0.0597022 0.0619836 0.0625197 0.0615151 0.0593053 0.0563016 0.0529172 0.049497 0.0462623 0.0432622 0.0403432 0.0371743 0.033368 0.0286833 0.023211 0.0174132
 0.0067816 0.0108635 0.0160821 0.022343 0.029486 0.0372067 0.0449766 0.0521017 0.0579208 0.0619888 0.0641333 0.0644134 0.0630609 0.0604271 0.0569227 0.0529536 0.0488697 0.0449228 0.0412222 0.0376977 0.0341094 0.0301442 0.0255912 0.0205097 0.0152713
 0.00700898 0.011239 0.0166592 0.0231784 0.0306321 0.0386976 0.04681 0.0542257 0.0602318 0.0643423 0.0663631 0.0663564 0.064582 0.0614352 0.0573688 0.0528142 0.0481278 0.0435642 0.0392544 0.0351831 0.0311929 0.0270547 0.0226053 0.0178865 0.0131862
 0.00729175 0.0116818 0.0172957 0.0240332 0.0317224 0.0400339 0.0483902 0.0560247 0.0621921 0.0663705 0.0683346 0.068129 0.0660159 0.0624143 0.0578151 0.0526894 0.0474242 0.0422929 0.0374451 0.0329 0.0285594 0.0242642 0.0198989 0.0154989 0.0112819
 0.00751452 0.0120359 0.0178136 0.0247399 0.0326318 0.0411431 0.0496743 0.0574369 0.0636715 0.0678535 0.0697607 0.0694366 0.0671349 0.0632643 0.058313 0.0527624 0.0470222 0.0413949 0.0360637 0.0310895 0.0264268 0.0219741 0.0176561 0.0135046 0.00968116
 0.00783032 0.0125302 0.0185223 0.025684 0.0338153 0.0425484 0.0512554 0.0591143 0.0653387 0.0693936 0.0710689 0.0704377 0.06779 0.0635643 0.0582632 0.0523672 0.046278 0.0402958 0.0346157 0.029329 0.0244365 0.0198875 0.0156417 0.0117288 0.0082629
 0.00812254 0.0129942 0.0191998 0.0266059 0.0349954 0.0439744 0.0528781 0.0608439 0.0670537 0.0709617 0.072369 0.0713772 0.0683154 0.0636638 0.0579606 0.0517071 0.0453082 0.0390557 0.0331374 0.0276515 0.0226251 0.0180434 0.0138942 0.0102061 0.00705559
 0.00826251 0.0132456 0.0196222 0.0272693 0.0359641 0.0452807 0.0544964 0.0626807 0.0689602 0.0727634 0.0738978 0.0724987 0.0689456 0.0637766 0.0575831 0.0509054 0.0441672 0.0376602 0.0315622 0.0259633 0.0208938 0.0163533 0.0123419 0.00888323 0.0060227
 0.00842628 0.013506 0.0200053 0.0278019 0.0366755 0.0462021 0.0556518 0.0640683 0.0705316 0.0744115 0.075465 0.0738069 0.0698389 0.0641572 0.0574274 0.050257 0.0431151 0.0363133 0.0300293 0.024343 0.0192752 0.0148205 0.0109742 0.00774554 0.0051511
 0.00853867 0.0136787 0.0202472 0.0281159 0.0370612 0.0466594 0.0561837 0.0646821 0.0712366 0.075211 0.0763429 0.0747126 0.0706827 0.0648243 0.0578073 0.0502762 0.0427564 0.0356155 0.0290706 0.0232216 0.0180922 0.0136703 0.00993789 0.00688283 0.00449217
 0.00850492 0.0136252 0.0201696 0.0280119 0.0369322 0.0465133 0.056038 0.0645665 0.0711926 0.0752872 0.076584 0.0751445 0.0712957 0.0655614 0.0585685 0.0509392 0.0432094 0.0357878 0.0289489 0.0228461 0.0175405 0.0130359 0.00930964 0.00633046 0.0040566
 0.00855855 0.0136968 0.0202484 0.028078 0.0369622 0.0464885 0.0559526 0.0644306 0.071031 0.0751348 0.0764822 0.075135 0.0714118 0.0658165 0.0589436 0.051379 0.0436311 0.0361031 0.0290913 0.0227913 0.017311 0.0126894 0.00891885 0.00596126 0.00375326
 0.00871284 0.013916 0.0205189 0.0283654 0.0372178 0.0466632 0.0560095 0.0643533 0.0708268 0.0748354 0.0761388 0.0748097 0.0711646 0.065692 0.0589611 0.0515268 0.0438662 0.0363599 0.0292989 0.0228949 0.017289 0.0125572 0.00871868 0.00574367 0.00355952
 0.00876711 0.0140162 0.0206901 0.0286328 0.0375945 0.0471335 0.056518 0.0648119 0.0711409 0.0749378 0.0760137 0.0744951 0.0707358 0.0652372 0.0585587 0.0512282 0.0436882 0.0362848 0.0292838 0.0228887 0.017251 0.0124706 0.00859195 0.00560126 0.00342784
 0.00872298 0.0139464 0.0205904 0.0285048 0.0374506 0.0469999 0.0564329 0.0648134 0.071247 0.0751306 0.0762402 0.0746888 0.0708472 0.0652544 0.0585078 0.0511561 0.0436388 0.0362814 0.0293233 0.0229476 0.0172993 0.0124864 0.00856997 0.0055517 0.00336824
 0.0088166 0.0140813 0.020761 0.0286944 0.0376352 0.0471564 0.0565464 0.0648817 0.0712811 0.0751491 0.0762592 0.0747103 0.0708549 0.065222 0.0584155 0.0510054 0.0434538 0.0360971 0.0291682 0.0228329 0.0172188 0.0124253 0.00851544 0.0054988 0.00331915
 0.00881545 0.0140819 0.0207657 0.0287054 0.0376516 0.0471712 0.0565465 0.0648521 0.0712134 0.0750502 0.0761528 0.0746291 0.0708257 0.0652523 0.0584903 0.0510961 0.0435335 0.0361522 0.0291999 0.02285 0.0172284 0.0124295 0.00851298 0.00548912 0.00330446
 0.00886707 0.0141506 0.0208413 0.0287698 0.0376848 0.0471599 0.0564901 0.0647618 0.0711054 0.0749378 0.0760443 0.0745315 0.0707489 0.0652091 0.0584902 0.0511381 0.0436047 0.0362336 0.0292747 0.0229089 0.0172698 0.0124555 0.00852657 0.00549324 0.00330219
 0.00885384 0.0141411 0.020848 0.028809 0.0377688 0.047287 0.0566386 0.064895 0.071186 0.0749445 0.0759794 0.0744162 0.0706117 0.0650759 0.0583799 0.0510617 0.043565 0.0362255 0.0292876 0.0229307 0.017291 0.0124711 0.00853527 0.00549607 0.00330112
 0.00866093 0.0138554 0.0204709 0.0283627 0.0372931 0.046832 0.0562559 0.0646285 0.0710622 0.0749647 0.0761201 0.0746393 0.0708801 0.0653632 0.0586718 0.0513511 0.0438466 0.0364922 0.0295306 0.0231411 0.0174622 0.0126007 0.00862587 0.00555402 0.0033347
 0.00860372 0.0137447 0.0202733 0.02804 0.0368172 0.0462049 0.0555257 0.0638874 0.0704232 0.074527 0.0759402 0.0747205 0.0711802 0.0658144 0.0592026 0.0519019 0.044376 0.0369754 0.0299536 0.0234965 0.017747 0.0128164 0.00877875 0.00565441 0.00339524
 0.00857947 0.0137142 0.020242 0.028013 0.0367914 0.0461604 0.0554246 0.0636878 0.070104 0.0741103 0.0754945 0.0743379 0.0709406 0.0657573 0.0593193 0.0521488 0.0446964 0.0373176 0.0302803 0.0237848 0.0179854 0.0130015 0.00891289 0.00574451 0.00345082
 0.00845781 0.0135476 0.0200493 0.0278322 0.0366695 0.0461366 0.0555132 0.0638687 0.0703251 0.0743016 0.0755913 0.0743069 0.0707959 0.0655541 0.0591288 0.0520279 0.0446687 0.0373743 0.0303929 0.023921 0.0181193 0.0131167 0.0090022 0.00580742 0.0034911
 0.00827977 0.013262 0.019629 0.0272612 0.0359542 0.0453188 0.0546775 0.063132 0.069805 0.0740755 0.0756692 0.0746328 0.0712761 0.0660955 0.0596682 0.0525393 0.045152 0.037835 0.0308285 0.0243187 0.0184622 0.0133923 0.00920733 0.0059481 0.00357962
 0.00828992 0.0132574 0.0195822 0.0271321 0.0356982 0.0449021 0.0540949 0.0624194 0.0690407 0.0733687 0.0751345 0.0743574 0.0712915 0.0663699 0.0601238 0.0530855 0.0457147 0.0383693 0.0313134 0.0247448 0.0188231 0.0136828 0.0094262 0.00610065 0.00367713
 0.00809304 0.0129723 0.0192166 0.0267112 0.0352517 0.0444468 0.0536247 0.0619128 0.0684838 0.0727795 0.0745741 0.0739191 0.0710708 0.0664295 0.0604697 0.0536656 0.0464391 0.0391406 0.032052 0.0253989 0.019367 0.0141094 0.00974067 0.00631679 0.00381436
 0.00816972 0.0130712 0.0193191 0.026788 0.0352751 0.0444067 0.0535364 0.0618066 0.0683808 0.0726709 0.0744241 0.0736913 0.0707624 0.0660859 0.0601691 0.0534831 0.0464146 0.0392667 0.0322852 0.0256824 0.0196499 0.0143574 0.009937 0.00645853 0.00390778
 0.008855 0.0140288 0.02047 0.0279579 0.0362407 0.0449721 0.0535994 0.0613829 0.0675836 0.0716657 0.0733779 0.0727327 0.0699608 0.0654575 0.0597021 0.0531645 0.0462399 0.0392316 0.0323719 0.0258554 0.0198639 0.01457 0.0101187 0.00659599 0.00400094
 0.0097465 0.0154211 0.0224491 0.0305393 0.0393367 0.04836 0.0569116 0.0641557 0.0693772 0.0722091 0.0726571 0.070972 0.0675197 0.0627082 0.0569458 0.0506036 0.0439905 0.0373495 0.0308724 0.0247226 0.0190564 0.0140289 0.0097788 0.00639641 0.00389181
 0.00971247 0.0154579 0.0226755 0.0311245 0.040458 0.0501314 0.0593108 0.0669858 0.0722842 0.0747528 0.0744185 0.0716678 0.0670818 0.0612932 0.0548668 0.0482213 0.0416173 0.0352006 0.0290638 0.0232926 0.0179913 0.0132829 0.00928952 0.00609721 0.00372205
 0.00949206 0.0151374 0.0222703 0.030691 0.0401018 0.0500058 0.0595981 0.0678503 0.0737995 0.0768309 0.0767866 0.0739213 0.068803 0.0621822 0.054828 0.04737 0.040214 0.0335522 0.0274364 0.0218658 0.0168518 0.0124442 0.00871801 0.00573682 0.00351232
 0.00930325 0.0148331 0.0218194 0.0300725 0.0393178 0.0490998 0.0586728 0.0670709 0.0733694 0.0769392 0.0775387 0.0752799 0.0705673 0.0640293 0.0564083 0.04842 0.0406327 0.033408 0.026911 0.0211717 0.0161645 0.0118699 0.00829573 0.00545839 0.00334632
 0.00911486 0.0145514 0.02144 0.0296045 0.0387771 0.0485017 0.0580314 0.0664107 0.0727436 0.0764415 0.077296 0.0754169 0.0711531 0.0650286 0.057667 0.0497034 0.0417033 0.0341071 0.0272029 0.0211317 0.0159265 0.0115663 0.00801866 0.0052503 0.00321154
 0.00898867 0.0143358 0.0210977 0.0290987 0.0380845 0.0476307 0.0570352 0.0653839 0.0718 0.0756867 0.076811 0.0752595 0.0713624 0.0656177 0.0586016 0.0508815 0.0429624 0.0352642 0.0281124 0.0217293 0.0162351 0.0116661 0.00800354 0.00519436 0.00315693
 0.00888279 0.0141772 0.0208823 0.0288269 0.0377551 0.0472342 0.0565549 0.0648078 0.0711399 0.0749917 0.0761654 0.0747628 0.071103 0.0656525 0.0589457 0.0515045 0.0437866 0.0361733 0.0289759 0.0224389 0.0167353 0.0119622 0.00814345 0.00523939 0.00315811
 0.00881841 0.0140706 0.0207191 0.0285941 0.0374461 0.0468539 0.0561222 0.0643516 0.0706884 0.0745647 0.0757753 0.0744266 0.0708532 0.0655366 0.0590118 0.0517799 0.0442613 0.0367948 0.0296587 0.0230875 0.0172723 0.012349 0.0083839 0.00536646 0.0032135
 0.0088826 0.0141623 0.0208328 0.028715 0.0375515 0.0469178 0.0561206 0.0642675 0.0705164 0.0743121 0.0754612 0.0740766 0.0704967 0.0652071 0.0587488 0.0516254 0.0442479 0.0369306 0.0299183 0.0234163 0.0176048 0.0126308 0.00858728 0.00549148 0.00327834
 0.00889333 0.0141837 0.0208718 0.0287788 0.0376435 0.0470323 0.0562393 0.0643613 0.0705532 0.0742683 0.0753295 0.0738681 0.0702366 0.0649282 0.0584859 0.0514124 0.044115 0.0368979 0.0299882 0.023569 0.0178023 0.0128296 0.00875333 0.00560912 0.00334948
 0.00892974 0.0142281 0.020912 0.0287959 0.037619 0.0469583 0.0561247 0.0642296 0.0704309 0.0741721 0.0752597 0.0738125 0.0701807 0.0648643 0.0584172 0.0513521 0.0440811 0.0369079 0.0300523 0.0236848 0.0179534 0.0129904 0.00889805 0.00572106 0.00342432
 0.00886748 0.0141376 0.0207949 0.0286583 0.0374672 0.0467932 0.0559412 0.0640219 0.0702034 0.073946 0.0750705 0.0736959 0.0701565 0.0649292 0.0585494 0.0515237 0.0442703 0.0371036 0.0302514 0.0238861 0.0181515 0.0131745 0.00905552 0.00584256 0.00350793
 0.00902153 0.0143679 0.0211041 0.029036 0.0378931 0.047242 0.0563842 0.0644244 0.0705231 0.074137 0.0750952 0.0735405 0.0698402 0.0644998 0.0580682 0.0510472 0.0438393 0.0367417 0.0299694 0.0236855 0.0180261 0.0131109 0.00903524 0.00584656 0.00352087
 0.00924438 0.0146917 0.0215196 0.0295093 0.0383739 0.047679 0.0567377 0.0646721 0.0706585 0.0741649 0.0750255 0.0733831 0.0696026 0.0641912 0.0577048 0.0506554 0.0434515 0.0363889 0.0296741 0.0234589 0.0178685 0.013014 0.00898506 0.00582719 0.00351801
 0.00941594 0.0149643 0.0219163 0.0300417 0.0390344 0.0484304 0.0575086 0.0653653 0.0711758 0.0744382 0.0750363 0.0731602 0.0692029 0.0636767 0.057129 0.0500598 0.0428696 0.0358496 0.0292019 0.023071 0.0175719 0.0128046 0.00884995 0.00574835 0.00347698
 0.00948709 0.0151382 0.022284 0.0307199 0.0401306 0.0499899 0.0594663 0.0675332 0.0732783 0.0761797 0.0761735 0.0735552 0.0688457 0.0626742 0.0556656 0.0483462 0.0410983 0.0341695 0.0277124 0.0218269 0.0165917 0.0120783 0.00834664 0.00542428 0.00328443
#obs surv len freq
 0.00497345 0.00814538 0.0123876 0.017713 0.0239948 0.0308677 0.0377063 0.0437881 0.0485629 0.0518301 0.0537081 0.0544826 0.0544734 0.0539776 0.0532553 0.0525194 0.0519142 0.0514739 0.0510599 0.050303 0.0486211 0.0453836 0.0402136 0.0332801 0.025365
 0.00518401 0.00849144 0.0129154 0.018468 0.025013 0.0321614 0.0392505 0.0455148 0.0503712 0.0536045 0.0553365 0.0558648 0.0555238 0.0546247 0.0534426 0.0522097 0.0510958 0.0501683 0.0493278 0.0482477 0.0463858 0.0431399 0.0381375 0.0315181 0.0240027
 0.0054032 0.00885138 0.013464 0.0192529 0.0260728 0.0335122 0.0408708 0.0473396 0.0522996 0.0555178 0.0571161 0.0574037 0.0567306 0.0554241 0.0537739 0.0520259 0.0503672 0.0488916 0.0475401 0.0460401 0.0439093 0.0405946 0.0357411 0.0294596 0.022398
 0.00565184 0.00925622 0.0140746 0.020116 0.0272243 0.0349634 0.0425946 0.0492646 0.0543199 0.0575122 0.0589663 0.0590046 0.0579938 0.0562765 0.0541558 0.0518886 0.0496742 0.0476258 0.0457198 0.0437395 0.0412738 0.0378359 0.0331043 0.0271677 0.0205957
 0.00589082 0.00965064 0.0146791 0.0209848 0.0284004 0.0364613 0.044383 0.0512619 0.0564069 0.0595568 0.0608454 0.0606157 0.0592557 0.0571255 0.0545405 0.0517659 0.0490074 0.0463915 0.0439234 0.0414395 0.0386026 0.0350023 0.0303629 0.02476 0.0186861
 0.00612719 0.010037 0.0152648 0.021818 0.02952 0.0378834 0.0460859 0.0531788 0.0584327 0.0615662 0.0627125 0.0622284 0.0605234 0.0579807 0.0549352 0.0516642 0.0483804 0.0452187 0.0422064 0.0392253 0.0360091 0.0322254 0.0276515 0.0223581 0.0167668
 0.00638122 0.010451 0.0158895 0.0227011 0.0306962 0.0393602 0.0478289 0.0551075 0.060433 0.0635126 0.0644884 0.0637358 0.0616847 0.0587372 0.0552439 0.0514946 0.0477104 0.044035 0.0405135 0.0370669 0.0334918 0.0295299 0.0250125 0.0200111 0.014883
 0.00661507 0.0108369 0.0164809 0.0235505 0.0318445 0.0408189 0.049563 0.0570304 0.0624202 0.0654274 0.0662063 0.0651582 0.0627415 0.059383 0.0554516 0.0512474 0.0469975 0.0428508 0.0388675 0.0350013 0.0311041 0.0269842 0.0225231 0.0177951 0.0131006
 0.00683699 0.011202 0.0170384 0.0243492 0.0329232 0.0421913 0.0512016 0.0588599 0.0643265 0.0672782 0.0678731 0.0665325 0.0637435 0.0599638 0.0555887 0.0509371 0.0462451 0.0416669 0.0372722 0.0330404 0.0288688 0.0246219 0.0202246 0.0157541 0.01146
 0.00708445 0.0116038 0.0176421 0.0251979 0.0340471 0.0435938 0.0528454 0.0606622 0.0661708 0.0690359 0.0694245 0.0677797 0.0646153 0.0604161 0.055603 0.0505155 0.0454035 0.04043 0.0356745 0.0311361 0.0267472 0.0224168 0.0181039 0.0138853 0.00996505
 0.00724075 0.0118707 0.0180671 0.0258329 0.0349362 0.0447552 0.0542542 0.0622454 0.0678195 0.0706291 0.07085 0.0689458 0.0654544 0.0608839 0.0556766 0.05019 0.0446895 0.0393507 0.034267 0.0294576 0.0248846 0.0204915 0.0162621 0.0122692 0.00867623
 0.00746053 0.0122191 0.0185753 0.0265255 0.0358286 0.0458484 0.0555272 0.0636484 0.0692751 0.0720403 0.0721146 0.069971 0.0661685 0.061243 0.0556634 0.0498087 0.0439586 0.0382991 0.032935 0.0279027 0.0231887 0.0187641 0.0146296 0.0108508 0.00755367
 0.00754111 0.0123617 0.0188112 0.0268901 0.0363529 0.0465464 0.0563845 0.0646222 0.070305 0.0730637 0.0730756 0.0708193 0.0668551 0.0617184 0.055883 0.0497408 0.0435897 0.0376356 0.0320037 0.0267523 0.0218926 0.0174188 0.0133448 0.0097284 0.00666291
 0.00762974 0.0124942 0.0189904 0.0271142 0.036621 0.0468641 0.0567659 0.0650839 0.0708546 0.0736897 0.0737452 0.0714843 0.0674622 0.0622166 0.0562268 0.0498901 0.0435133 0.0373163 0.0314448 0.025983 0.0209699 0.0164244 0.0123733 0.00886785 0.00597439
 0.00769178 0.0125937 0.0191367 0.0273136 0.0368731 0.0471593 0.0570851 0.065404 0.0711587 0.0739765 0.0740278 0.0717794 0.0677743 0.0625295 0.0565045 0.0500861 0.0435806 0.0372175 0.03116 0.0255172 0.0203573 0.015726 0.0116661 0.00822707 0.00545417
 0.00774662 0.0126767 0.0192505 0.027457 0.0370424 0.0473496 0.0572905 0.0656167 0.0713684 0.0741721 0.0742021 0.0719331 0.0679161 0.0626697 0.0566451 0.0502128 0.0436629 0.0372169 0.0310425 0.0252661 0.0199825 0.0152648 0.0111753 0.00776729 0.00507242
 0.00777481 0.0127187 0.0193066 0.0275247 0.0371172 0.0474262 0.0573644 0.0656853 0.0714323 0.0742352 0.0742703 0.0720118 0.0680087 0.0627768 0.0567641 0.050336 0.0437742 0.037291 0.0310499 0.025183 0.019802 0.0150034 0.0108699 0.00746349 0.00480982
 0.00783812 0.0128116 0.0194277 0.0276658 0.0372653 0.0475668 0.0574844 0.0657751 0.0714867 0.0742545 0.0742607 0.0719846 0.0679773 0.0627532 0.0567559 0.0503444 0.0437929 0.0373058 0.0310406 0.0251292 0.0196909 0.0148376 0.0106686 0.00725636 0.00462569
 0.00786081 0.0128475 0.0194795 0.0277343 0.0373481 0.0476571 0.0575708 0.0658434 0.0715249 0.0742579 0.0742338 0.0719399 0.06793 0.0627169 0.0567392 0.0503499 0.0438167 0.0373377 0.0310654 0.0251299 0.0196544 0.0147602 0.0105591 0.00713315 0.00450949
 0.00787128 0.0128607 0.0194923 0.0277421 0.0373463 0.0476439 0.0575485 0.0658178 0.0715022 0.0742413 0.0742236 0.0719344 0.0679289 0.0627228 0.0567563 0.0503815 0.0438628 0.037393 0.0311199 0.0251705 0.0196693 0.0147435 0.0105138 0.00707008 0.00444316
 0.00788516 0.012882 0.0195218 0.0277789 0.0373876 0.0476843 0.0575807 0.0658345 0.0714987 0.0742183 0.0741867 0.0718922 0.0678893 0.062691 0.0567353 0.050373 0.0438674 0.0374093 0.0311429 0.0251924 0.019681 0.0147386 0.0104911 0.00703457 0.00440328
 0.00789605 0.0128953 0.0195339 0.027784 0.0373796 0.0476597 0.0575408 0.0657846 0.0714464 0.0741702 0.0741473 0.0718639 0.067874 0.0626899 0.0567488 0.0504003 0.0439061 0.0374559 0.0311926 0.0252392 0.0197183 0.0147612 0.0104974 0.00702702 0.00438759
 0.00789938 0.0128973 0.0195305 0.0277691 0.0373464 0.0476029 0.057459 0.0656823 0.0713338 0.0740612 0.074057 0.0718045 0.067852 0.0627055 0.0567967 0.0504724 0.0439937 0.0375505 0.0312866 0.0253254 0.0197907 0.0148154 0.0105319 0.00704401 0.00439182
 0.00789971 0.0128953 0.0195224 0.0277498 0.03731 0.0475447 0.0573773 0.0655795 0.0712166 0.0739403 0.0739454 0.0717161 0.0677986 0.0626943 0.0568285 0.0505418 0.0440905 0.0376629 0.0314028 0.025435 0.0198856 0.0148905 0.0105854 0.0070774 0.00440937
 0.00787213 0.0128514 0.0194584 0.0276627 0.0371986 0.0474105 0.0572255 0.0654194 0.0710604 0.0738016 0.0738363 0.0716465 0.0677749 0.0627192 0.0569008 0.0506556 0.044236 0.0378271 0.0315715 0.0255948 0.0200257 0.0150038 0.0106695 0.0071341 0.00444364
 0.00787278 0.0128497 0.0194505 0.0276435 0.0371624 0.0473535 0.057147 0.065323 0.0709526 0.0736906 0.073731 0.0715555 0.0677066 0.062681 0.056898 0.0506902 0.0443059 0.0379255 0.0316878 0.0257165 0.0201407 0.0151025 0.0107465 0.00718843 0.00447815
 0.00786344 0.0128331 0.019423 0.0276005 0.0370999 0.0472689 0.0570416 0.0652019 0.070825 0.0735675 0.0736239 0.071474 0.0676573 0.0626672 0.0569202 0.0507468 0.0443931 0.0380373 0.0318157 0.0258498 0.0202678 0.0152137 0.0108352 0.00725282 0.00452042
 0.00782892 0.0127779 0.0193419 0.0274896 0.0369576 0.0470979 0.05685 0.0650035 0.0706373 0.0734083 0.0735074 0.0714092 0.0676478 0.062711 0.0570113 0.0508765 0.0445514 0.0382138 0.0319996 0.02603 0.0204338 0.0153561 0.0109483 0.00733533 0.00457524
 0.0077901 0.0127138 0.0192437 0.0273492 0.03677 0.0468647 0.0565828 0.0647239 0.0703729 0.0731865 0.0733497 0.0713281 0.0676464 0.0627849 0.0571498 0.0510653 0.0447745 0.0384549 0.0322434 0.0262625 0.020643 0.0155329 0.0110876 0.00743667 0.0046428
 0.00777988 0.0126929 0.0192043 0.0272812 0.0366632 0.0467124 0.0563856 0.0644916 0.0701239 0.0729444 0.0731395 0.0711724 0.0675611 0.0627773 0.0572182 0.0511999 0.0449601 0.0386733 0.0324758 0.0264913 0.020853 0.0157128 0.0112307 0.00754171 0.00471346
 0.0077295 0.0126123 0.0190854 0.0271175 0.0364512 0.0464536 0.0560888 0.0641743 0.0698102 0.0726615 0.0729133 0.0710237 0.0675038 0.0628163 0.0573493 0.0514105 0.0452311 0.0389816 0.0327971 0.0268027 0.0211348 0.0159511 0.0114181 0.00767805 0.00480456
 0.00932519 0.0148452 0.0217786 0.0298833 0.038804 0.0479892 0.0566267 0.0637842 0.0687297 0.0711748 0.0712631 0.0693794 0.0659692 0.0614494 0.0561791 0.0504464 0.0444678 0.0384031 0.0323795 0.0265176 0.0209528 0.0158438 0.0113612 0.0076518 0.00479486
 0.0093114 0.0151166 0.0227047 0.0319218 0.0423008 0.0529094 0.0623831 0.0693336 0.072943 0.0732825 0.071109 0.0673618 0.0627669 0.0577323 0.0524427 0.0469849 0.0414223 0.0358223 0.0302628 0.0248388 0.0196703 0.0149063 0.0107104 0.00722667 0.0045358
 0.00897809 0.0145932 0.0219731 0.0310343 0.0414325 0.0523933 0.0626693 0.0708274 0.0757593 0.0770649 0.0750749 0.0705988 0.0646123 0.0580032 0.051404 0.0451343 0.0392577 0.0337069 0.028401 0.0233129 0.0184889 0.0140391 0.0101086 0.00683437 0.00429746
 0.00878919 0.0142804 0.0214926 0.0303451 0.0405133 0.0512727 0.0614655 0.0697749 0.0751901 0.0773163 0.0763364 0.0727685 0.0672657 0.0605302 0.0532556 0.0460318 0.0392477 0.0330605 0.027451 0.0223295 0.0176333 0.0133753 0.0096377 0.00652598 0.00411079
 0.00872209 0.0141613 0.0212942 0.0300341 0.0400563 0.0506467 0.0606733 0.0688605 0.0742528 0.0765177 0.0758866 0.0728727 0.0680351 0.0618949 0.0549452 0.0476619 0.0404748 0.0337129 0.0275616 0.0220696 0.0172074 0.0129426 0.00928441 0.0062768 0.00395438
 0.00869498 0.0141153 0.0212206 0.0299215 0.0398898 0.0504092 0.0603475 0.0684349 0.0737305 0.0759286 0.0752991 0.0723987 0.0678126 0.0620437 0.0555055 0.0485495 0.0414925 0.0346247 0.028191 0.022361 0.0172201 0.0127936 0.00908598 0.00610064 0.00382841
 0.00870247 0.0141244 0.0212283 0.0299223 0.0398761 0.0503715 0.0602751 0.0683158 0.0735521 0.0756814 0.0749844 0.0720392 0.0674613 0.0617823 0.0554231 0.0487038 0.0418727 0.0351415 0.0287092 0.0227592 0.0174392 0.0128477 0.00903463 0.00600951 0.00374272
 0.0086822 0.0140952 0.0211914 0.0298807 0.0398334 0.0503297 0.0602331 0.0682687 0.0734924 0.0756002 0.0748735 0.0718942 0.067288 0.0616027 0.0552782 0.0486451 0.0419403 0.0353396 0.0289956 0.0230597 0.0176822 0.0129945 0.00908862 0.00600169 0.00370898
 0.0086652 0.0140695 0.0211564 0.0298377 0.0397853 0.0502811 0.0601895 0.0682349 0.0734703 0.0755867 0.0748602 0.0718696 0.067242 0.0615326 0.0551935 0.0485692 0.0419044 0.0353697 0.0290966 0.0232099 0.0178413 0.0131238 0.00916783 0.00603325 0.00370941
 0.0086546 0.0140497 0.021122 0.0297826 0.0397053 0.0501767 0.0600684 0.0681119 0.0733633 0.0755109 0.0748232 0.0718693 0.0672679 0.0615701 0.0552304 0.0486011 0.0419373 0.0354169 0.0291701 0.0233107 0.0179566 0.0132324 0.00925142 0.00608457 0.0037328
 0.00867047 0.0140729 0.0211519 0.0298162 0.0397371 0.0501992 0.0600733 0.0680921 0.0733163 0.0754409 0.0747409 0.0717888 0.0672013 0.0615235 0.0552028 0.0485876 0.041934 0.035424 0.0291915 0.0233494 0.01801 0.0132916 0.00930482 0.00612379 0.00375582
 0.00863053 0.0140181 0.0210881 0.0297548 0.0396913 0.0501785 0.0600789 0.0681164 0.0733462 0.0754632 0.0747475 0.0717786 0.0671798 0.0614997 0.0551854 0.0485816 0.0419405 0.0354417 0.029219 0.0233856 0.0180531 0.0133374 0.0093474 0.00615779 0.00377877
 0.00863922 0.0140251 0.021086 0.0297339 0.0396444 0.0501065 0.0599942 0.0680402 0.0732991 0.0754555 0.0747741 0.0718235 0.0672246 0.0615322 0.0552026 0.0485881 0.0419437 0.0354478 0.0292316 0.0234057 0.0180794 0.013367 0.00937637 0.00618244 0.00379684
 0.00862913 0.0140119 0.0210717 0.0297211 0.0396341 0.050096 0.0599766 0.0680076 0.0732488 0.0753944 0.0747172 0.0717868 0.0672167 0.0615507 0.0552371 0.048627 0.0419795 0.0354789 0.0292596 0.0234331 0.0181074 0.0133949 0.0094023 0.0062042 0.00381308
 0.00863413 0.0140173 0.0210748 0.0297184 0.0396227 0.0500754 0.0599498 0.0679793 0.0732227 0.0753708 0.074694 0.0717629 0.0671949 0.0615368 0.055236 0.0486394 0.0420019 0.0355057 0.0292867 0.0234587 0.0181313 0.0134171 0.0094223 0.00622096 0.00382581
 0.00863413 0.0140173 0.0210748 0.0297184 0.0396227 0.0500754 0.0599498 0.0679793 0.0732227 0.0753708 0.074694 0.0717629 0.0671949 0.0615368 0.055236 0.0486394 0.0420019 0.0355057 0.0292867 0.0234587 0.0181313 0.0134171 0.0094223 0.00622096 0.00382581
 0.00893213 0.0144893 0.0217594 0.0306362 0.0407641 0.0513864 0.0613222 0.0692594 0.0742436 0.0759977 0.074859 0.0714745 0.0665242 0.0605921 0.0541375 0.0474983 0.0409068 0.0345173 0.028439 0.0227646 0.0175891 0.013015 0.00914099 0.00603694 0.00371414
#pred catch len freq
 0.00389038 0.00621421 0.00918238 0.0127761 0.0169969 0.0218345 0.0271962 0.0328732 0.0385738 0.0439849 0.0488223 0.0528705 0.0560131 0.0582392 0.0596178 0.0602587 0.0602799 0.059776 0.0587651 0.0571119 0.0544781 0.0503981 0.0445255 0.0369524 0.0283689
 0.00425853 0.00676152 0.009917 0.0136884 0.0180837 0.0231258 0.0287577 0.0347678 0.0407937 0.0463943 0.051155 0.054796 0.0572438 0.0586236 0.0591771 0.0591563 0.0587442 0.0580118 0.0568915 0.0551526 0.0524097 0.0482247 0.0423327 0.0349009 0.0266316
 0.00449812 0.00716961 0.0105632 0.0146435 0.0193988 0.0248058 0.0307466 0.0369628 0.0430857 0.0487 0.0534067 0.0568929 0.0590098 0.0598236 0.0595941 0.0586826 0.0574254 0.0560179 0.0544397 0.0524355 0.0495703 0.0453824 0.0396219 0.0324793 0.0246435
 0.00480376 0.0076431 0.0112375 0.0155474 0.0205686 0.0262934 0.0326079 0.0392227 0.0456936 0.0515077 0.056191 0.0594126 0.06106 0.0612505 0.0602785 0.0585289 0.056383 0.0541193 0.0518162 0.0492953 0.046157 0.0419429 0.0363909 0.0296622 0.0223861
 0.00511019 0.00812892 0.0119461 0.0165124 0.0218114 0.0278198 0.0344053 0.0412621 0.0479348 0.0538978 0.0586485 0.0618061 0.0632045 0.0629334 0.061302 0.0587447 0.0557081 0.0525432 0.0494113 0.0462244 0.0426651 0.0383285 0.0329601 0.0266766 0.0200146
 0.00539582 0.00858662 0.0126242 0.0174559 0.0230589 0.0293955 0.0363057 0.043442 0.0503038 0.0563314 0.0610085 0.0639614 0.0650389 0.0643393 0.062168 0.0589542 0.0551561 0.051166 0.0472187 0.043324 0.0392697 0.0347357 0.0295017 0.0236482 0.0176097
 0.00565158 0.00899939 0.0132417 0.0183256 0.0242256 0.0308942 0.0381474 0.0455985 0.0526975 0.0588345 0.063455 0.0661714 0.0668488 0.065625 0.0628498 0.0589827 0.0544942 0.0497857 0.0451225 0.0405811 0.0360462 0.0312942 0.0261596 0.0207033 0.0152643
 0.00591303 0.00940746 0.0138265 0.0191103 0.0252306 0.0321406 0.0396533 0.047366 0.0546964 0.0609893 0.0656428 0.0682329 0.0686126 0.0669361 0.0635922 0.0590871 0.053931 0.0485542 0.0432488 0.038136 0.0331709 0.0282115 0.023148 0.0180339 0.0131286
 0.00617461 0.00981735 0.0144153 0.0198978 0.0262251 0.0333382 0.0410345 0.0488948 0.056323 0.0626555 0.0672834 0.0697721 0.0699589 0.0679852 0.0642383 0.0592394 0.0535273 0.0475678 0.0416936 0.0360746 0.030728 0.0255787 0.0205637 0.0157328 0.0112799
 0.00649503 0.0103156 0.0151238 0.0208341 0.0273923 0.0347248 0.0426089 0.0505982 0.0580675 0.0643335 0.0687849 0.0710036 0.0708562 0.0685126 0.0643779 0.0589769 0.0528457 0.0464534 0.0401509 0.0341461 0.0285112 0.0232306 0.018282 0.0137126 0.00966177
 0.00682123 0.010827 0.0158587 0.0218169 0.0286313 0.0362081 0.0442969 0.0524164 0.0599088 0.0660697 0.070285 0.0721531 0.0715747 0.0687648 0.0641717 0.0583497 0.0518443 0.0451193 0.0385206 0.0322661 0.0264591 0.0211265 0.0162785 0.0119613 0.00827022
 0.00702683 0.0111711 0.0163953 0.0226037 0.0297192 0.0376227 0.0460175 0.0543642 0.0619504 0.0680365 0.0720002 0.0734606 0.0723637 0.0689852 0.0638359 0.0575193 0.0506085 0.0435724 0.0367485 0.0303477 0.0244777 0.0191825 0.0144868 0.0104305 0.00707289
 0.00717771 0.0114107 0.0167481 0.0230962 0.0303842 0.0385003 0.047147 0.0557631 0.0635882 0.0698153 0.0737575 0.0749985 0.073496 0.069581 0.0638432 0.0569641 0.0495746 0.042174 0.0351064 0.0285757 0.0226814 0.0174631 0.0129402 0.0091365 0.00607726
 0.00722385 0.0114828 0.0168523 0.023239 0.0305757 0.0387582 0.0474992 0.0562465 0.0642414 0.0706629 0.0747883 0.0761479 0.0746429 0.0705686 0.0645187 0.0572202 0.0493744 0.0415516 0.0341483 0.0273952 0.0213987 0.0161922 0.0117805 0.00816234 0.00532835
 0.00719389 0.0114356 0.0167843 0.0231486 0.0304645 0.0386332 0.0473763 0.0561542 0.0642215 0.0707673 0.0750684 0.0766366 0.0753335 0.0714001 0.0653783 0.0579672 0.0498786 0.0417299 0.033984 0.0269351 0.0207338 0.0154321 0.01103 0.00750358 0.00480942
 0.00721686 0.0114623 0.0168048 0.023147 0.0304231 0.0385398 0.0472303 0.0559698 0.0640269 0.0706014 0.0749765 0.0766643 0.0755169 0.0717512 0.0658718 0.058535 0.0504208 0.0421407 0.034184 0.0268954 0.0204812 0.0150359 0.0105771 0.00707282 0.00445416
 0.00734881 0.0116497 0.0170358 0.0233915 0.0306385 0.0386823 0.0472658 0.055882 0.0638212 0.0703064 0.0746417 0.0763518 0.0752887 0.0716558 0.0659315 0.058738 0.0507191 0.042459 0.0344401 0.0270255 0.0204604 0.0148828 0.0103421 0.00681626 0.00422527
 0.00736837 0.0116936 0.017123 0.0235433 0.0308687 0.0389834 0.0476001 0.0561855 0.064023 0.0703545 0.0745222 0.0760935 0.0749528 0.0713172 0.0656587 0.0585758 0.050678 0.042514 0.0345396 0.0271103 0.0204849 0.0148304 0.0102264 0.00666986 0.00408282
 0.00735722 0.0116749 0.0170951 0.023508 0.0308353 0.0389709 0.0476356 0.0562925 0.0642049 0.0705825 0.074739 0.0762356 0.0749795 0.0712292 0.0654961 0.0583981 0.0505389 0.0424417 0.0345302 0.0271354 0.0205079 0.0148241 0.0101828 0.00659953 0.00400495
 0.00740318 0.0117387 0.0171708 0.0235831 0.0308942 0.0390017 0.0476359 0.0562733 0.064189 0.0705957 0.0747977 0.0763343 0.0750883 0.0713058 0.0655073 0.0583375 0.050429 0.0423196 0.0344275 0.0270647 0.0204625 0.0147879 0.0101431 0.00655286 0.00395637
 0.00739154 0.0117227 0.0171518 0.0235626 0.0308717 0.0389723 0.0475901 0.0562011 0.0640874 0.0704763 0.0746874 0.0762667 0.0750885 0.0713773 0.0656289 0.058474 0.0505482 0.0424055 0.034482 0.0270983 0.0204842 0.0148005 0.0101454 0.0065447 0.0039409
 0.00743521 0.0117811 0.0172165 0.0236187 0.0309024 0.0389658 0.0475447 0.056124 0.0639896 0.0703671 0.0745737 0.0761574 0.0749979 0.0713231 0.0656241 0.0585185 0.0506273 0.042497 0.0345661 0.0271644 0.0205302 0.0148291 0.0101599 0.00654855 0.00393756
 0.0073928 0.0117253 0.0171559 0.0235677 0.0308746 0.0389656 0.0475624 0.0561392 0.0639817 0.0703268 0.0745069 0.0760807 0.0749301 0.0712788 0.0656123 0.0585426 0.0506846 0.0425781 0.0346568 0.0272503 0.0206012 0.0148808 0.010193 0.00656659 0.00394509
 0.00721348 0.0114595 0.0168046 0.0231507 0.0304279 0.0385342 0.0471921 0.0558694 0.0638368 0.0703096 0.0745997 0.0762537 0.0751542 0.0715336 0.065886 0.0588275 0.0509726 0.0428587 0.0349176 0.0274792 0.0207891 0.0150237 0.0102932 0.00663064 0.0039821
 0.00717185 0.0113771 0.0166543 0.0229008 0.0300525 0.0380298 0.0465911 0.0552405 0.0632698 0.0698901 0.0743846 0.0762587 0.0753551 0.0718796 0.0663178 0.0592927 0.051433 0.0432895 0.0353034 0.0278098 0.0210583 0.0152302 0.0104407 0.00672797 0.00404086
 0.00717402 0.0113848 0.0166714 0.022928 0.0300803 0.0380318 0.0465242 0.0550594 0.0629513 0.0694557 0.0739041 0.075828 0.0750606 0.0717682 0.0663871 0.0595031 0.0517285 0.0436176 0.0356242 0.028098 0.0212999 0.0154198 0.0105794 0.00682164 0.00409887
 0.00702745 0.0111774 0.0164174 0.0226614 0.0298473 0.0378753 0.0464688 0.0551003 0.063053 0.0695608 0.0739543 0.0757907 0.0749468 0.0716285 0.0662875 0.0594931 0.051823 0.0437975 0.0358523 0.0283352 0.0215165 0.0155985 0.0107142 0.00691497 0.00415791
 0.00687111 0.0109284 0.016054 0.0221718 0.0292379 0.0371805 0.0457566 0.0544651 0.0625915 0.0693391 0.0739844 0.0760292 0.0753169 0.0720531 0.066716 0.059909 0.0522322 0.0442078 0.0362593 0.0287211 0.0218586 0.0158788 0.0109256 0.00706124 0.00425054
 0.00682775 0.0108459 0.015907 0.0219273 0.0288611 0.0366469 0.0450664 0.0536568 0.0617461 0.068571 0.0734157 0.0757541 0.0753699 0.0723991 0.0672683 0.0605654 0.0529083 0.0448515 0.036845 0.0292367 0.0222954 0.0162303 0.0111902 0.00724553 0.00436823
 0.00671347 0.0106832 0.0157029 0.0216978 0.0286199 0.0363903 0.0447668 0.0532717 0.061244 0.0679598 0.0727582 0.0751582 0.0749561 0.0722586 0.0674313 0.0609948 0.0535185 0.0455422 0.0375302 0.0298581 0.0228216 0.0166491 0.011503 0.00746282 0.00450742
 0.00671683 0.0106745 0.0156651 0.0216105 0.0284691 0.0361802 0.0445242 0.0530348 0.0610386 0.0677803 0.0725701 0.0749262 0.0746779 0.0719799 0.0672295 0.0609415 0.0536461 0.0458318 0.0379252 0.0302896 0.0232304 0.016997 0.011773 0.00765505 0.00463279
 0.00738287 0.0116166 0.0168211 0.02283 0.0295514 0.0369382 0.0448419 0.0528917 0.0605002 0.0669679 0.0716228 0.073964 0.0737793 0.0711826 0.066551 0.0603999 0.053264 0.0456236 0.0378814 0.0303734 0.023389 0.0171784 0.0119391 0.00778577 0.00472365
 0.00812885 0.012777 0.0184627 0.02496 0.032094 0.0397128 0.0475558 0.0551759 0.0620003 0.0674562 0.0710714 0.072538 0.0717617 0.0688793 0.0642191 0.0582204 0.0513473 0.0440279 0.0366265 0.0294471 0.0227516 0.0167717 0.0116995 0.00765585 0.00465911
 0.00819311 0.0129478 0.0188441 0.0256946 0.0333318 0.041555 0.0499913 0.0580376 0.0649632 0.0700894 0.0729376 0.0733176 0.0713519 0.0674191 0.0620265 0.0556774 0.0487939 0.0417039 0.0346655 0.0278964 0.0215992 0.0159683 0.0111759 0.00733829 0.00448062
 0.00799373 0.0126601 0.0184855 0.0253228 0.0330532 0.0415242 0.0503925 0.0590385 0.066641 0.0723561 0.0755107 0.0757688 0.0732272 0.0683813 0.0619568 0.0546927 0.0471801 0.039807 0.0327901 0.0262505 0.0202845 0.0150011 0.0105177 0.00692401 0.0042401
 0.00782728 0.0123935 0.0180933 0.0247886 0.0323797 0.040749 0.0496056 0.0583899 0.0663251 0.0725648 0.0763627 0.0772385 0.075111 0.0703335 0.063593 0.0557193 0.0474859 0.0394748 0.0320341 0.0253205 0.0193863 0.0142585 0.00997373 0.00656549 0.004026
 0.00760982 0.0120669 0.0176505 0.0242378 0.0317374 0.0400328 0.0488343 0.0575966 0.0655764 0.0719735 0.0760779 0.0774057 0.0758103 0.0715225 0.0650899 0.0572457 0.0487595 0.0403062 0.0323801 0.0252706 0.0191 0.013894 0.0096413 0.00631588 0.00386435
 0.00748821 0.0118628 0.0173325 0.023775 0.0311092 0.0392415 0.0479163 0.0566218 0.0646354 0.0711608 0.075483 0.0771128 0.0758948 0.0720308 0.0660061 0.0584656 0.0500986 0.0415497 0.0333541 0.025896 0.0194012 0.0139638 0.00958869 0.00622629 0.00378511
 0.00738069 0.0117007 0.0171102 0.0234907 0.0307588 0.0388126 0.0473898 0.0559844 0.0638995 0.070379 0.0747463 0.0765307 0.0755683 0.0720307 0.0663588 0.0591449 0.0510204 0.0425805 0.0343402 0.0267081 0.0199721 0.0142982 0.00974236 0.00627122 0.00378108
