SBPRF35
7.78865
Curr Bio
600043
B35
684531
F35
0.213942
FOFL
0.180344
OFL
82520.8
Bzero
2.22533e+006
#pred survey bio
 4.72498e+006 4.47034e+006 4.21912e+006 3.90716e+006 3.58686e+006 3.23345e+006 2.91239e+006 2.56388e+006 2.25195e+006 1.98829e+006 1.73453e+006 1.53345e+006 1.34905e+006 1.19953e+006 1.06877e+006 954819 863603 795144 746348 694025 669150 665580 658613 629213 618805 614014 617342 620137 617413 614995 615802 621933 618122 604839 594940 592611 580162 576653 568836 562555 568466 578257 585940 594590 592798 599635 601104 599510 603025 606813 603377 573599 572291 579823 562971 561700 555728 570305 595210 621338 606054 2.05816e+007 1.21082e+007 1.21604e+007 1.26923e+007 1.34889e+007 1.43401e+007 1.51193e+007 1.57714e+007 1.62871e+007 1.66798e+007 1.69716e+007 1.71852e+007 1.73401e+007 1.7452e+007 1.75329e+007 1.75914e+007 1.76339e+007 1.7665e+007 1.76879e+007 1.77048e+007 1.77174e+007 1.77268e+007 1.77339e+007 1.77392e+007 1.77433e+007 1.77464e+007 1.77487e+007 1.77505e+007 1.77519e+007 1.7753e+007 1.77538e+007 1.77544e+007 1.77549e+007 1.77553e+007 1.77555e+007 1.77558e+007 1.77559e+007 1.77561e+007 1.77562e+007 1.77563e+007 1.77563e+007 1.77564e+007 1.77564e+007 1.77564e+007 1.77564e+007 1.77565e+007 1.77565e+007 1.77565e+007 1.77565e+007 1.77565e+007 1.77565e+007 1.77565e+007 1.77565e+007 1.77565e+007 1.77565e+007 1.77565e+007 1.77565e+007 1.77565e+007 1.77565e+007 1.77565e+007 1.77565e+007 1.77565e+007 1.77565e+007 1.77565e+007 1.77565e+007 1.77565e+007 1.77565e+007 1.77565e+007 1.77565e+007 1.77565e+007 1.77565e+007 1.77565e+007 1.77565e+007 1.77565e+007 1.77565e+007 1.77565e+007 1.77565e+007 1.77565e+007 1.77565e+007 1.77565e+007 1.77565e+007 1.77565e+007 1.77565e+007 1.77565e+007 1.77565e+007 1.77565e+007 1.77565e+007 1.77565e+007 1.77565e+007 1.77565e+007 1.77565e+007 1.77565e+007 1.77565e+007 1.77565e+007 1.77565e+007 1.77565e+007 1.77565e+007 1.77565e+007 1.77565e+007 1.77565e+007 0 0 0 0 0 0 0 0 0 0 0 0 0 0 0 0 0 0 0 0 0 0 0 0 0
#obs survey bio
 3.57368e+006 3.97178e+006 3.11569e+006 2.49846e+006 2.67501e+006 3.06436e+006 2.24926e+006 3.31011e+006 1.6685e+006 1.98327e+006 1.13347e+006 1.15851e+006 777886 1.31608e+006 1.11935e+006 716485 496928 520866 464166 690651 699431 560626 886842 372937 461428 609784 672158 486607 519086 578318 482664 791350 570033 905928 661586 712957 565417 677398 671677 610774 496381 616628 490828 471765 644616 551744 590240 970584 464439 670209 448088 474239 660151 588944 470234 474299 465379 494689 699891 744565 787608
#pred catch bio
 98130.1 97819.5 166989 197810 257462 259995 315468 309934 289853 300438 269273 266398 243851 232212 220070 201512 181713 163149 162257 134990 115025 116452 132372 113922 108081 99886.9 98663.9 101576 99571.5 95143.1 89008.9 94804 98771.3 91555.9 81921.2 90286.5 86500 94698.7 95106.2 84666.5 81116 83024.7 82696.8 91632.2 84453.2 89477.2 92243.5 88270.1 88923.9 95643.2 117450 93626.6 87475 107929 94724 99298.7 83178.9 76048.7 75254.9 106920 103394 82520.8 94033.8 92956.8 95685 101115 107178 112699 117220 120680 123208 124992 126221 127050 127602 127964 128200 128352 128450 128512 128552 128577 128593 128603 128610 128614 128616 128618 128619 128619 128620 128620 128620 128620 128620 128620 128620 128620 128620 128620 128620 128620 128620 128620 128620 128620 128620 128620 128620 128620 128620 128620 128620 128620 128620 128620 128620 128620 128620 128620 128620 128620 128620 128620 128620 128620 128620 128620 128620 128620 128620 128620 128620 128620 128620 128620 128620 128620 128620 128620 128620 128620 128620 128620 128620 128620 128620 128620 128620 128620 128620 128620 128620 128620 128620 128620 128620 128620 128620 128620 128620 0 0 0 0 0 0 0 0 0 0 0 0 0 0 0 0 0 0 0 0 0 0 0 0 0
#obs catch bio
 0 97528.2 167978 198963 260708 263432 323508 316335 295914 307310 276174 273865 252022 238608 225926 207486 187499 168429 167830 138240 116903 118674 134964 115941 110324 101701 99904.2 102819 100983 96305.2 89903.6 95822.3 99809.6 91822.8 82011.1 90473.9 86726.3 95140.7 95575.5 84859.2 80844.1 82661.2 82618.9 91711.8 84243.8 89348.5 92306.1 87849.9 88934.2 95549.3 118267 93859.4 87396 108414 94813 99887.1 83563.5 76631.9 75439.7 107648 103386
#pred cpue bio
 4.65099e+006 4.40162e+006 4.15394e+006 3.84339e+006 3.52421e+006 3.17239e+006 2.85289e+006 2.50703e+006 2.19775e+006 1.93622e+006 1.68463e+006 1.48525e+006 1.30273e+006 1.15503e+006 1.02621e+006 913965 824171 757139 709909 659653 636053 632911 626451 598221 588152 583657 587439 590734 588377 586300 587473 593940 590976 578889 570022 568196 555216 549927 541255 535384 541809 551714 559151 567441 565683 572331 573661 572057 575393 578881 575396 546123 544451 551784 535460 533978 527957 542027 566554 592747 578895 1.96857e+007 1.15849e+007 1.15256e+007 1.19393e+007 1.26974e+007 1.35403e+007 1.43179e+007 1.49698e+007 1.54854e+007 1.58781e+007 1.617e+007 1.63835e+007 1.65384e+007 1.66503e+007 1.67312e+007 1.67897e+007 1.68322e+007 1.68633e+007 1.68862e+007 1.69031e+007 1.69157e+007 1.69251e+007 1.69322e+007 1.69375e+007 1.69416e+007 1.69447e+007 1.6947e+007 1.69488e+007 1.69502e+007 1.69513e+007 1.69521e+007 1.69527e+007 1.69532e+007 1.69536e+007 1.69539e+007 1.69541e+007 1.69543e+007 1.69544e+007 1.69545e+007 1.69546e+007 1.69546e+007 1.69547e+007 1.69547e+007 1.69547e+007 1.69548e+007 1.69548e+007 1.69548e+007 1.69548e+007 1.69548e+007 1.69548e+007 1.69548e+007 1.69548e+007 1.69548e+007 1.69548e+007 1.69548e+007 1.69548e+007 1.69548e+007 1.69548e+007 1.69548e+007 1.69548e+007 1.69548e+007 1.69548e+007 1.69548e+007 1.69548e+007 1.69548e+007 1.69548e+007 1.69548e+007 1.69548e+007 1.69548e+007 1.69548e+007 1.69548e+007 1.69548e+007 1.69548e+007 1.69548e+007 1.69548e+007 1.69548e+007 1.69548e+007 1.69548e+007 1.69548e+007 1.69548e+007 1.69548e+007 1.69548e+007 1.69548e+007 1.69548e+007 1.69548e+007 1.69548e+007 1.69548e+007 1.69548e+007 1.69548e+007 1.69548e+007 1.69548e+007 1.69548e+007 1.69548e+007 1.69548e+007 1.69548e+007 1.69548e+007 1.69548e+007 1.69548e+007 1.69548e+007 1.69548e+007 0 0 0 0 0 0 0 0 0 0 0 0 0 0 0 0 0 0 0 0 0 0 0 0 0
#obs cpue bio
 3.45934e+006 3.06699e+006 3.497e+006 2.83858e+006 3.23121e+006 1.78648e+006 1.74808e+006 2.77503e+006 2.118e+006 1.92739e+006 1.27022e+006 1.53547e+006 987859 1.16488e+006 769108 678714 772984 618674 793518 581666 565465 485819 502930 613773 477416 453167 656494 686405 477472 572736 639550 441845 625885 611772 475313 540050 440854 445867 436560 504111 1.02393e+006 631885 459955 744205 578640 641591 507693 543217 487206 550949 586776 599053 551000 509208 591194 522398 502670 399225 582244 602871 594545
#pred surv len freq
 0.00515218 0.00834878 0.0125336 0.0176741 0.0236354 0.0301025 0.0365513 0.0423739 0.0471093 0.0505999 0.0529681 0.0544752 0.0553891 0.0559124 0.056154 0.0561233 0.0557462 0.0548935 0.0534007 0.0510674 0.0476584 0.0429623 0.0369336 0.0298546 0.0223799
 0.00549334 0.00877543 0.0129449 0.0179121 0.0235465 0.029624 0.0357682 0.0414969 0.0463755 0.0501551 0.0528037 0.0544526 0.0553285 0.0556907 0.0557645 0.0556775 0.0554234 0.0548601 0.0537338 0.0517161 0.0484656 0.0437349 0.0375235 0.0302067 0.0225264
 0.00578711 0.00926449 0.0136926 0.0189589 0.0248721 0.0311066 0.0371759 0.0425442 0.0468394 0.0499832 0.0521348 0.0535272 0.0543537 0.0547552 0.0548525 0.0547512 0.0545 0.0540288 0.0531078 0.0513613 0.0483576 0.0437731 0.0375882 0.0302177 0.0224665
 0.00604935 0.0096895 0.0143318 0.0198641 0.0260891 0.0326587 0.0390332 0.0445912 0.0488603 0.0516923 0.053255 0.05389 0.0539602 0.0537565 0.0534629 0.0531594 0.0528353 0.0523837 0.0515698 0.050014 0.0472531 0.0429112 0.036926 0.0297022 0.0220615
 0.00631366 0.0101104 0.0149498 0.0207137 0.0271963 0.0340362 0.0406722 0.0464515 0.0508621 0.0537069 0.0551001 0.0553425 0.0548023 0.0538439 0.0527787 0.0518167 0.0510287 0.0503258 0.0494494 0.0479828 0.0454236 0.0413529 0.0356648 0.0287287 0.0213462
 0.00659231 0.0105603 0.015621 0.0216505 0.0284295 0.0355705 0.042474 0.0484466 0.0529474 0.0557687 0.0570233 0.0570046 0.0560619 0.0545455 0.052785 0.0510578 0.0495403 0.0482502 0.0470008 0.0453972 0.0429167 0.0390943 0.0337654 0.027238 0.0202581
 0.00676008 0.010845 0.0160723 0.0223238 0.0293764 0.0368227 0.0440259 0.0502469 0.0549053 0.0577704 0.0589494 0.0587401 0.0574961 0.0555656 0.0532735 0.0509058 0.0486798 0.0466931 0.0448606 0.0428772 0.0402693 0.0365673 0.0315561 0.0254646 0.0189527
 0.00705003 0.011299 0.0167244 0.0231975 0.0304853 0.0381698 0.0455983 0.0520082 0.0567912 0.0596915 0.0607993 0.0604066 0.0588717 0.056553 0.0537835 0.0508547 0.0479962 0.0453419 0.0428772 0.0403926 0.0375049 0.0337948 0.0290346 0.0233819 0.0173917
 0.00740913 0.0118603 0.0175268 0.0242615 0.0318095 0.0397275 0.0473335 0.0538379 0.0586193 0.0614278 0.0623717 0.0617594 0.0599546 0.0573108 0.054152 0.0507627 0.0473731 0.0441352 0.0410807 0.0380792 0.034843 0.0310314 0.0264408 0.0211823 0.0157097
 0.00774286 0.0123913 0.0183042 0.0253216 0.0331681 0.0413679 0.049195 0.0558145 0.0605761 0.0632307 0.0639145 0.0629759 0.0608146 0.0578046 0.0542719 0.0504876 0.0466651 0.0429503 0.0393964 0.0359298 0.0323487 0.0283974 0.0239183 0.0190006 0.014012
 0.00812182 0.012993 0.0191827 0.0265171 0.034699 0.0432191 0.0513044 0.0580672 0.0628174 0.0652929 0.0656468 0.0642673 0.0616047 0.0580822 0.0540611 0.0498259 0.0455821 0.0414588 0.0375045 0.0336714 0.0298176 0.0257622 0.0213986 0.0168095 0.0122926
 0.00843475 0.0134905 0.0199106 0.0275112 0.0359796 0.0447822 0.0531103 0.0600353 0.0648321 0.0672203 0.0673531 0.0656336 0.0625386 0.0585264 0.0539972 0.0492698 0.0445704 0.0400343 0.035711 0.0315658 0.0274926 0.0233622 0.0191085 0.0148127 0.0107168
 0.00870702 0.0139343 0.0205802 0.0284565 0.0372346 0.0463481 0.0549393 0.0620267 0.0668481 0.069114 0.0689936 0.0669181 0.0633944 0.0589089 0.0538885 0.0486771 0.0435231 0.0385792 0.0339082 0.0294918 0.0252506 0.0210896 0.0169681 0.0129604 0.00925929
 0.00896101 0.0143332 0.0211552 0.02923 0.0382194 0.0475455 0.0563319 0.0635709 0.0684702 0.070715 0.0704608 0.0681411 0.0642804 0.059393 0.0539366 0.0482827 0.0427026 0.0373683 0.0323617 0.0276867 0.0232906 0.0191054 0.0151058 0.0113541 0.00799784
 0.0093026 0.0148607 0.0218971 0.0301931 0.0393884 0.0488834 0.0577796 0.0650497 0.0698926 0.0719997 0.0715429 0.0689722 0.0648229 0.0596156 0.0538156 0.0478069 0.0418767 0.0362155 0.0309256 0.0260345 0.021516 0.0173265 0.0134512 0.00993807 0.00689282
 0.00959231 0.0153276 0.0225906 0.0311522 0.0406294 0.0503827 0.0594595 0.0667806 0.0715183 0.0733762 0.0725703 0.0696062 0.0650653 0.0594957 0.0533713 0.0470728 0.0408815 0.0349868 0.0294989 0.0244625 0.0198749 0.0157141 0.011974 0.00868888 0.00592714
 0.00973022 0.0155626 0.0229644 0.0317113 0.0414154 0.0514168 0.0607251 0.068213 0.0730092 0.074791 0.0737728 0.0704844 0.0655512 0.059573 0.0530683 0.0464441 0.0399886 0.0338861 0.0282413 0.0231013 0.0184748 0.0143541 0.010739 0.00765192 0.0051302
 0.00972008 0.0155625 0.0229957 0.0318075 0.0416181 0.051767 0.0612529 0.0689282 0.0738942 0.0757961 0.0748172 0.0714649 0.06636 0.0601195 0.0532975 0.0463439 0.0395844 0.0332275 0.0273889 0.02212 0.0174336 0.0133263 0.0097977 0.00685778 0.00451835
 0.00964419 0.0154466 0.0228367 0.0316109 0.0414014 0.0515627 0.0611088 0.0689025 0.0740425 0.076154 0.0753849 0.0722006 0.0671843 0.0609297 0.0539881 0.0468277 0.0398093 0.033182 0.0270985 0.0216368 0.0168259 0.012669 0.00916322 0.0063054 0.00408432
 0.00975827 0.0156095 0.0230398 0.0318317 0.0416094 0.05173 0.0612199 0.068959 0.074063 0.0761704 0.0754347 0.0723162 0.0673806 0.0611944 0.0542802 0.0470865 0.0399701 0.0331953 0.0269431 0.0213246 0.0163971 0.0121819 0.00867984 0.00587832 0.00374629
 0.00992598 0.0158381 0.0233023 0.032075 0.0417685 0.0517512 0.0610815 0.0686785 0.0736912 0.0757772 0.0750942 0.0720928 0.0673168 0.0613019 0.0545361 0.047437 0.0403423 0.0335137 0.0271481 0.0213861 0.0163199 0.0119999 0.0084435 0.00563815 0.00353998
 0.00984335 0.0157262 0.0231734 0.0319499 0.0416646 0.0516671 0.06099 0.0685365 0.0734642 0.0754659 0.0747442 0.0717817 0.0671257 0.0612877 0.054715 0.0477827 0.0407949 0.0339954 0.0275819 0.0217138 0.016514 0.0120666 0.00841441 0.00555624 0.00344458
 0.00975096 0.0155862 0.022983 0.0317159 0.0414051 0.0514105 0.0607697 0.0683813 0.0733849 0.0754469 0.0747503 0.0717791 0.0671052 0.0612727 0.0547489 0.047904 0.0410156 0.0342933 0.0279088 0.0220139 0.0167431 0.0122047 0.00846801 0.00554986 0.00340802
 0.0100057 0.0159578 0.023463 0.0322684 0.0419754 0.0519412 0.0612141 0.0687081 0.0735771 0.0754977 0.0746594 0.0715502 0.0667487 0.0608122 0.0542268 0.0473789 0.0405479 0.0339264 0.0276555 0.0218568 0.0166478 0.0121371 0.00840631 0.0054879 0.00334982
 0.00994809 0.0158934 0.0234185 0.0322828 0.0420849 0.0521577 0.0615111 0.0690261 0.0738477 0.0756725 0.0747253 0.0715237 0.0666569 0.060677 0.0540611 0.0471933 0.0403587 0.0337556 0.0275233 0.0217714 0.0166025 0.0121154 0.00839186 0.0054713 0.00332985
 0.00976411 0.0156171 0.0230473 0.0318344 0.0415987 0.0516924 0.0611369 0.0688099 0.0738312 0.0758535 0.0750555 0.0719282 0.0670638 0.0610381 0.0543555 0.0474198 0.0405256 0.033876 0.0276121 0.0218421 0.0166627 0.0121665 0.00843091 0.00549607 0.00334142
 0.00968691 0.0154713 0.0227921 0.0314238 0.0409987 0.0509052 0.0602212 0.0678807 0.0730337 0.0753206 0.0748686 0.0720971 0.0675309 0.0617024 0.0551056 0.0481615 0.0411966 0.0344463 0.0280755 0.0222061 0.0169404 0.0123712 0.00857484 0.00559059 0.00339805
 0.0097089 0.0154936 0.0227989 0.0313878 0.0408828 0.0506687 0.0598316 0.0673286 0.0723486 0.0745788 0.074184 0.0715926 0.0672989 0.0617751 0.0554478 0.0486892 0.0418087 0.0350539 0.0286184 0.0226549 0.0172893 0.0126281 0.00875393 0.00570779 0.00346916
 0.00964056 0.0154064 0.0227108 0.0313273 0.0408766 0.0507246 0.0599251 0.0674042 0.0723381 0.074429 0.0738822 0.0711778 0.0668547 0.0614031 0.055233 0.0486713 0.0419736 0.0353459 0.0289665 0.0229965 0.0175837 0.0128577 0.0089185 0.00581683 0.00353582
 0.009573 0.0152969 0.0225484 0.0311063 0.0406033 0.0504232 0.0596385 0.0671834 0.0722202 0.0744163 0.0739373 0.0712421 0.0668802 0.0613786 0.055189 0.0486614 0.0420451 0.0355166 0.0292183 0.0232876 0.017868 0.0131009 0.00910424 0.00594502 0.00361619
 0.00946129 0.0151255 0.0223093 0.0307988 0.0402335 0.0500044 0.0591931 0.0667462 0.0718379 0.0741397 0.0738059 0.0712684 0.0670419 0.061628 0.055475 0.0489515 0.042333 0.0358124 0.0295304 0.0236096 0.0181786 0.0133744 0.00932207 0.00610148 0.00371757
 0.0091802 0.0147058 0.0217474 0.0301167 0.0394734 0.0492185 0.0584364 0.0660725 0.0712975 0.073775 0.0736471 0.071329 0.0673153 0.0620848 0.0560648 0.0496126 0.0430076 0.0364589 0.0301258 0.0241426 0.0186409 0.0137571 0.00961906 0.00631425 0.00385675
 0.00898454 0.0143982 0.0213054 0.0295301 0.0387506 0.0483931 0.0575708 0.0652523 0.0706125 0.0732955 0.073408 0.0713304 0.0675347 0.062489 0.0566153 0.0502655 0.0437142 0.0371701 0.0307993 0.0247477 0.0191587 0.0141783 0.00994204 0.00654505 0.00400861
 0.00890853 0.0142725 0.0211122 0.0292513 0.038371 0.0479073 0.0569902 0.0646104 0.0699635 0.0727061 0.0729445 0.0710448 0.0674543 0.0626136 0.0569219 0.0507165 0.0442644 0.0377717 0.0314056 0.0253177 0.0196608 0.0145931 0.0102625 0.006775 0.0041607
 0.00902421 0.0144176 0.0212511 0.0293241 0.0383094 0.0476596 0.0565433 0.0639954 0.0692456 0.0719658 0.0722625 0.0704916 0.067084 0.0624579 0.0569861 0.05098 0.0446857 0.0382973 0.0319783 0.0258841 0.0201773 0.0150293 0.0106037 0.00702152 0.00432427
 0.0097777 0.0154844 0.0225621 0.0307109 0.0395455 0.0485313 0.0569107 0.0638181 0.0685732 0.0709137 0.0709834 0.0691487 0.0658246 0.0613933 0.0561822 0.0504583 0.0444307 0.0382667 0.0321136 0.0261214 0.0204568 0.0153027 0.0108385 0.00720206 0.00444942
 0.0105125 0.0166459 0.0242391 0.032939 0.0422712 0.0515732 0.0599418 0.0664077 0.0702987 0.0714986 0.0703845 0.0675474 0.0635417 0.0587832 0.0535539 0.0480374 0.0423535 0.0365913 0.0308392 0.0252073 0.0198401 0.0149136 0.0106105 0.0070793 0.00438944
 0.0102515 0.0163656 0.0240838 0.033132 0.043056 0.0531151 0.0622374 0.0692469 0.0733001 0.0741986 0.0723511 0.0684853 0.0633614 0.0576095 0.0516697 0.0457899 0.0400637 0.0344972 0.0290787 0.02383 0.0188319 0.0142219 0.0101666 0.00681382 0.00424227
 0.00980353 0.0157 0.0232066 0.032112 0.0420334 0.0522992 0.0618832 0.0695984 0.0744994 0.0761957 0.0748701 0.0710835 0.0655621 0.0590485 0.0521914 0.0454611 0.0391137 0.0332214 0.0277488 0.022639 0.0178794 0.0135296 0.00970539 0.0065314 0.00408342
 0.00962299 0.0153875 0.0227042 0.0313628 0.0410064 0.051026 0.0604902 0.0683105 0.0736006 0.0759515 0.0754377 0.0724422 0.0674945 0.0611902 0.0541394 0.0468981 0.039895 0.0333882 0.0274732 0.0221375 0.0173383 0.013066 0.00936603 0.00631288 0.00395804
 0.00966934 0.0154179 0.0226658 0.031175 0.0405786 0.0502873 0.059424 0.0669781 0.0721484 0.0745982 0.0744385 0.0720283 0.0677996 0.0621902 0.0556408 0.048591 0.0414544 0.0345777 0.0282034 0.0224579 0.0173789 0.0129683 0.00923548 0.00620485 0.00388802
 0.00976533 0.0155578 0.0228436 0.0313674 0.0407413 0.0503553 0.0593171 0.0666191 0.071492 0.0736649 0.0733355 0.0709416 0.0669521 0.0617764 0.0557586 0.0492006 0.0423874 0.0355987 0.0290964 0.0230952 0.017741 0.013115 0.00925514 0.00617296 0.00384955
 0.00976988 0.0155789 0.0228997 0.0314817 0.0409319 0.0506208 0.059624 0.0668991 0.0716541 0.0736205 0.0730289 0.0703786 0.0662146 0.0610121 0.0551416 0.048872 0.0424015 0.0359031 0.0295593 0.023566 0.0181097 0.0133409 0.0093567 0.00619617 0.00383834
 0.00967545 0.0154423 0.0227265 0.0312905 0.0407526 0.050489 0.0595731 0.0669501 0.071804 0.0738336 0.0732386 0.0705052 0.0661962 0.0608353 0.0548561 0.048577 0.0422058 0.0358776 0.0297068 0.023826 0.0183949 0.0135789 0.0095148 0.00627922 0.0038706
 0.00972124 0.0155053 0.0228007 0.0313642 0.0408136 0.0505316 0.0596031 0.0669839 0.0718616 0.0739264 0.0733598 0.0706259 0.0662705 0.0608169 0.0547204 0.0483391 0.0419211 0.035621 0.0295397 0.02377 0.018428 0.0136553 0.00959124 0.0063322 0.00389715
 0.00974793 0.0155387 0.0228321 0.0313791 0.0407944 0.0504643 0.0594838 0.0668226 0.0716826 0.0737645 0.0732512 0.0705958 0.0663221 0.0609267 0.0548464 0.0484384 0.0419708 0.0356277 0.0295322 0.02378 0.018471 0.0137246 0.00966712 0.00639597 0.0039401
 0.00969165 0.0154711 0.0227735 0.0313606 0.0408464 0.0505991 0.0596838 0.0670427 0.0718668 0.0738695 0.0732626 0.0705297 0.0662138 0.0608133 0.0547508 0.0483644 0.041908 0.0355649 0.0294679 0.0237234 0.0184342 0.013713 0.00967604 0.00641453 0.00395829
 0.00977244 0.015578 0.0228909 0.0314624 0.0409084 0.0506147 0.0596723 0.0670416 0.0719095 0.0739628 0.0733802 0.0706272 0.066253 0.0607806 0.0546591 0.0482402 0.0417763 0.0354408 0.0293579 0.0236309 0.0183627 0.0136649 0.00965 0.00640504 0.00395799
 0.00983199 0.015669 0.0230159 0.0316167 0.0410778 0.0507751 0.059793 0.0670948 0.0718845 0.0738744 0.0732645 0.0705227 0.0661807 0.0607369 0.0546248 0.0481968 0.0417169 0.0353696 0.0292843 0.0235638 0.0183079 0.0136253 0.0096255 0.00639294 0.00395408
 0.00977955 0.0156036 0.0229537 0.0315846 0.0411045 0.0508785 0.0599687 0.0673141 0.0721023 0.0740453 0.0733583 0.0705341 0.066128 0.0606499 0.05453 0.048108 0.0416354 0.0352918 0.0292086 0.0234926 0.0182459 0.0135765 0.00959121 0.00637185 0.00394298
 0.00986498 0.0157241 0.023102 0.0317447 0.0412597 0.0510214 0.0601066 0.0674635 0.0722747 0.0742332 0.0735317 0.0706513 0.0661545 0.060574 0.0543665 0.0478887 0.0413949 0.035057 0.0289953 0.0233086 0.0180946 0.0134589 0.00950591 0.00631486 0.0039083
 0.0101193 0.0161319 0.0237024 0.0325632 0.0422945 0.0522273 0.0613854 0.0686733 0.0732643 0.0748852 0.0737909 0.0705248 0.0656919 0.0598465 0.0534533 0.0468716 0.0403539 0.0340627 0.0281017 0.0225491 0.0174829 0.0129927 0.00917141 0.00609055 0.00376892
 0.00998189 0.0159373 0.0234647 0.0323182 0.0420956 0.0521348 0.0614527 0.0689321 0.0737107 0.0754725 0.0744354 0.0711274 0.066166 0.0601379 0.0535462 0.0467827 0.0401218 0.0337376 0.0277363 0.02219 0.0171643 0.012734 0.00897801 0.00595738 0.0036847
 0.0099067 0.0158009 0.0232356 0.031964 0.0415986 0.0515125 0.0607725 0.0683066 0.0732685 0.0753161 0.0746064 0.0715939 0.0668358 0.0608884 0.0542588 0.0473698 0.0405394 0.0339835 0.0278383 0.0221906 0.017108 0.0126569 0.00890436 0.00589915 0.00364468
 0.0101504 0.01617 0.0237383 0.0325836 0.0422909 0.0522067 0.061378 0.0687302 0.0734433 0.0752296 0.07431 0.071183 0.0664098 0.0605138 0.0539538 0.0471129 0.0402931 0.0337175 0.0275434 0.0218791 0.0168048 0.0123882 0.00868812 0.00574129 0.00354027
 0.0101472 0.01618 0.0237807 0.0326847 0.0424754 0.0524847 0.0617334 0.0691176 0.0737972 0.0754832 0.0744174 0.0711353 0.0662384 0.0602774 0.0537138 0.0469095 0.0401344 0.0335868 0.0274161 0.0217399 0.0166538 0.0122378 0.00855421 0.00563532 0.00346566
 0.010204 0.0162655 0.0238975 0.0328328 0.0426552 0.0526997 0.0619898 0.069418 0.0741309 0.0758192 0.0747055 0.0713199 0.0662788 0.060165 0.0534759 0.0465978 0.0398035 0.0332756 0.0271413 0.0215014 0.0164465 0.0120597 0.00840737 0.00552254 0.00338661
 0.00994911 0.0158884 0.0233998 0.0322418 0.0420175 0.0520716 0.0614291 0.0689813 0.0738704 0.0757749 0.0748925 0.0717177 0.06683 0.0607881 0.0540876 0.047136 0.0402384 0.0336064 0.0273824 0.0216699 0.0165565 0.012123 0.00843605 0.00552915 0.00338237
 0.00958013 0.0153194 0.022603 0.0312176 0.0407999 0.0507326 0.0600798 0.0677635 0.0729303 0.0752286 0.0747989 0.0720709 0.0675687 0.0618114 0.0552737 0.0483609 0.041396 0.0346228 0.028221 0.0223251 0.0170426 0.0124644 0.00866128 0.00566719 0.00346014
 0.00911833 0.014616 0.0216333 0.0299915 0.0393606 0.0491509 0.0584537 0.0662172 0.0716056 0.0742636 0.0743026 0.0721011 0.0681206 0.0628191 0.056622 0.0499058 0.0429888 0.0361329 0.0295523 0.0234237 0.0178941 0.0130847 0.00908494 0.00593716 0.00361955
 0.00888768 0.0142722 0.0211737 0.0294335 0.0387356 0.0484939 0.0577955 0.0655819 0.0710128 0.0737334 0.0738615 0.0717872 0.0679826 0.0629044 0.0569576 0.0504814 0.0437514 0.0369977 0.0304236 0.0242178 0.0185555 0.0135909 0.0094418 0.00616885 0.00375775
#obs surv len freq
 nan nan nan nan nan nan nan nan nan nan nan nan nan nan nan nan nan nan nan nan nan nan nan nan nan
 0.00448983 0.00735341 0.0111853 0.0160026 0.0217029 0.0279769 0.0342888 0.0400176 0.044695 0.048157 0.0505134 0.0520081 0.0528993 0.0534109 0.0537246 0.053979 0.0542573 0.0545498 0.0546884 0.0542803 0.0527184 0.0493509 0.0438013 0.0362822 0.0276667
 0.00461421 0.00756025 0.0115047 0.0164642 0.0223282 0.0287674 0.0352153 0.0410175 0.0456822 0.0490401 0.0512136 0.0524704 0.0530973 0.0533456 0.0534194 0.0534721 0.0535925 0.0537702 0.0538333 0.0533867 0.0518256 0.0485023 0.0430421 0.0356506 0.0271841
 0.00477618 0.00782349 0.011901 0.017024 0.0230755 0.0297113 0.0363397 0.0422747 0.0469944 0.0503098 0.052337 0.0533515 0.0536611 0.0535474 0.0532494 0.0529526 0.05277 0.0527053 0.0525931 0.0520421 0.0504518 0.0471798 0.0418505 0.0346558 0.0264223
 0.00496605 0.0081343 0.0123727 0.0176947 0.0239742 0.030846 0.0376855 0.0437706 0.048552 0.0518289 0.053719 0.0545051 0.0545042 0.054011 0.0532856 0.0525425 0.0519287 0.0514806 0.0510607 0.0503 0.048616 0.0453777 0.0402078 0.0332751 0.0253611
 0.00517824 0.00848185 0.0129007 0.0184469 0.024985 0.0321272 0.0392125 0.0454768 0.0503379 0.0535801 0.0553242 0.0558665 0.0555394 0.0546522 0.0534782 0.0522481 0.051132 0.0501987 0.0493511 0.0482645 0.0463977 0.0431484 0.0381436 0.0315225 0.0240059
 0.00541134 0.00886293 0.0134783 0.0192678 0.0260858 0.0335204 0.040872 0.0473325 0.0522847 0.055497 0.0570928 0.057382 0.0567145 0.0554163 0.0537753 0.0520351 0.050381 0.0489059 0.0475514 0.0460464 0.0439105 0.040592 0.0357363 0.0294544 0.0223935
 0.00564601 0.00924871 0.0140669 0.0201103 0.0272229 0.034967 0.0426014 0.0492709 0.0543213 0.0575056 0.0589516 0.0589845 0.0579726 0.0562592 0.0541461 0.0518886 0.0496834 0.0476416 0.0457384 0.0437575 0.0412886 0.0378466 0.0331112 0.0271717 0.0205978
 0.00589802 0.00965833 0.0146835 0.0209804 0.0283821 0.0364274 0.0443372 0.0512123 0.0563626 0.0595239 0.0608254 0.0606058 0.0592521 0.0571261 0.0545454 0.0517765 0.0490254 0.0464169 0.0439546 0.0414735 0.0386359 0.0350319 0.0303873 0.0247785 0.0186991
 0.00612121 0.0100285 0.0152541 0.0218055 0.0295051 0.0378637 0.0460574 0.0531373 0.0583776 0.0615021 0.0626489 0.0621763 0.0604905 0.0579695 0.0549433 0.0516875 0.0484151 0.0452621 0.0422561 0.0392789 0.0360629 0.0322758 0.0276952 0.022393 0.0167924
 0.00637245 0.0104371 0.0158695 0.0226745 0.0306635 0.039323 0.0477899 0.0550693 0.0603971 0.0634787 0.0644552 0.0637032 0.0616555 0.0587166 0.0552372 0.0515045 0.0477366 0.0440746 0.0405629 0.0371221 0.0335487 0.0295844 0.0250608 0.0200504 0.0149123
 0.00659357 0.0108021 0.0164287 0.0234778 0.0317499 0.0407045 0.0494356 0.0569015 0.0623035 0.0653355 0.0661468 0.0651327 0.0627467 0.0594135 0.0555021 0.0513144 0.0470786 0.0429437 0.0389688 0.0351065 0.0312081 0.0270813 0.022608 0.0178641 0.0131522
 0.00682416 0.0111789 0.0169995 0.0242881 0.0328344 0.0420725 0.0510565 0.0586986 0.0641644 0.0671323 0.0677588 0.0664606 0.0637188 0.0599845 0.0556482 0.0510264 0.0463553 0.0417906 0.0374035 0.0331738 0.0289985 0.0247417 0.0203288 0.0158384 0.0115228
 0.00703791 0.0115307 0.0175366 0.0250567 0.0338694 0.0433826 0.0526088 0.0604145 0.0659309 0.068825 0.0692626 0.067682 0.0645901 0.0604636 0.0557158 0.0506802 0.0456043 0.0406511 0.0359022 0.0313594 0.0269569 0.0226048 0.0182635 0.0140121 0.0100583
 0.00725917 0.0118921 0.0180836 0.0258318 0.0349036 0.0446812 0.0541369 0.0620921 0.067644 0.0704471 0.0706769 0.0687957 0.0653401 0.0608163 0.0556625 0.0502307 0.0447795 0.0394793 0.0344207 0.0296223 0.0250473 0.0206415 0.0163911 0.0123724 0.00875215
 0.00742802 0.0121734 0.0185194 0.0264651 0.035769 0.0457904 0.0554641 0.0635696 0.0691715 0.0719118 0.071972 0.0698328 0.0660545 0.0611688 0.0556383 0.0498355 0.0440346 0.038417 0.0330834 0.0280678 0.0233561 0.0189205 0.0147648 0.0109588 0.0076328
 0.00749793 0.0122911 0.0187051 0.0267424 0.0361635 0.0463244 0.0561505 0.0644043 0.0701293 0.0729449 0.0730132 0.0708025 0.0668714 0.0617611 0.0559519 0.0498387 0.0437183 0.0377928 0.032183 0.0269432 0.0220823 0.0175944 0.0134957 0.00984812 0.00675009
 0.0075949 0.0124377 0.0189054 0.0269947 0.0364625 0.0466665 0.0565359 0.0648373 0.0706153 0.0734855 0.0736003 0.0714132 0.0674654 0.0622831 0.05634 0.0500352 0.0436798 0.0374983 0.0316374 0.0261794 0.0211611 0.0165999 0.0125235 0.00898686 0.00606085
 0.00766445 0.0125478 0.019065 0.0272087 0.0367292 0.0469753 0.0568668 0.0651649 0.0709185 0.073757 0.0738502 0.0716613 0.0677276 0.0625576 0.0566012 0.0502375 0.043769 0.0374263 0.0313759 0.0257298 0.0205576 0.0159055 0.0118175 0.00834579 0.00553986
 0.00771852 0.0126319 0.0191847 0.0273663 0.0369243 0.0472034 0.0571187 0.0654258 0.0711696 0.0739799 0.0740327 0.0718026 0.0678381 0.0626534 0.0566934 0.0503214 0.0438209 0.0374086 0.0312511 0.025476 0.0201804 0.0154407 0.0113221 0.00788128 0.00515409
 0.00775262 0.0126816 0.0192487 0.0274405 0.0370026 0.0472811 0.0571943 0.0655016 0.0712496 0.0740676 0.0741292 0.0719058 0.0679443 0.0627592 0.0567968 0.0504194 0.0439041 0.0374579 0.0312403 0.0253813 0.019993 0.0151745 0.0110125 0.0075736 0.00488813
 0.00781335 0.0127706 0.0193644 0.0275744 0.0371413 0.0474094 0.0572986 0.0655727 0.0712844 0.074071 0.0741124 0.0718835 0.0679291 0.0627589 0.0568125 0.0504469 0.0439348 0.0374788 0.0312338 0.0253295 0.0198842 0.0150111 0.0108131 0.00736738 0.00470407
 0.00784779 0.0128288 0.0194554 0.0277061 0.0373168 0.0476213 0.0575265 0.0657849 0.0714475 0.0741611 0.0741234 0.0718269 0.0678285 0.0626403 0.0566977 0.0503487 0.0438565 0.0374147 0.0311722 0.0252561 0.0197874 0.0148874 0.01067 0.00722113 0.00457297
 0.00789129 0.0128932 0.019541 0.02781 0.0374347 0.0477503 0.0576653 0.0659313 0.0715945 0.074294 0.0742223 0.0718735 0.0678142 0.0625701 0.0565883 0.050222 0.0437311 0.0373014 0.0310721 0.0251629 0.0196927 0.0147858 0.0105627 0.00711573 0.00447968
 0.00789191 0.0128941 0.0195422 0.0278111 0.0374349 0.0477487 0.0576615 0.0659271 0.0715949 0.0743064 0.0742536 0.0719247 0.0678779 0.062633 0.0566368 0.0502486 0.0437367 0.0372916 0.0310529 0.0251367 0.0196584 0.0147417 0.0105098 0.00705888 0.00442597
 0.00788383 0.0128771 0.0195098 0.0277555 0.03735 0.0476338 0.0575246 0.0657844 0.0714671 0.074213 0.0742084 0.0719342 0.0679406 0.0627393 0.0567706 0.0503909 0.04387 0.0374044 0.0311401 0.0251978 0.0196951 0.0147565 0.0105063 0.00704274 0.00440403
 0.00787938 0.012865 0.0194824 0.0277028 0.0372614 0.0475028 0.0573524 0.0655825 0.0712559 0.074019 0.0740582 0.0718493 0.0679328 0.0628083 0.0569046 0.0505694 0.0440688 0.0376004 0.0313151 0.025341 0.0198022 0.0148285 0.0105481 0.00706158 0.00440792
 0.00788877 0.0128782 0.0194981 0.0277175 0.037269 0.0474949 0.057319 0.0655149 0.07115 0.0738792 0.0738991 0.0716936 0.0678061 0.0627323 0.0568912 0.0506182 0.0441678 0.0377301 0.031454 0.0254703 0.0199091 0.0149075 0.0105997 0.00709042 0.00442076
 0.00788635 0.0128722 0.0194852 0.0276935 0.03723 0.0474386 0.0572464 0.0654295 0.0710566 0.0737818 0.0738012 0.0716001 0.0677249 0.0626747 0.0568697 0.0506417 0.0442377 0.0378386 0.0315857 0.0256066 0.0200333 0.0150082 0.0106726 0.00713738 0.00444731
 0.00788015 0.0128632 0.0194737 0.0276798 0.0372141 0.0474194 0.0572211 0.0653949 0.0710104 0.0737243 0.0737353 0.0715309 0.0676581 0.0626169 0.0568284 0.0506248 0.0442518 0.0378856 0.031661 0.0256993 0.0201293 0.0150945 0.010741 0.00718518 0.00447682
 0.00784127 0.0127995 0.0193771 0.027544 0.0370369 0.0472063 0.0569883 0.0651671 0.0708154 0.0735844 0.073662 0.0715236 0.0677078 0.0627106 0.0569532 0.0507703 0.0444107 0.0380532 0.0318323 0.0258673 0.0202851 0.0152288 0.0108471 0.0072615 0.0045263
 0.00781846 0.0127592 0.0193106 0.0274412 0.0368891 0.04701 0.0567493 0.0649026 0.0705516 0.073352 0.0734891 0.0714298 0.0677003 0.0627838 0.0570916 0.0509539 0.04462 0.0382719 0.0320481 0.0260708 0.0204677 0.0153836 0.0109694 0.00735041 0.0045852
 0.00779453 0.0127197 0.0192499 0.0273534 0.0367686 0.0468533 0.0565571 0.0646814 0.0703148 0.0731187 0.0732829 0.0712747 0.0676166 0.0627828 0.0571732 0.0511063 0.0448237 0.0385041 0.0322876 0.0262998 0.0206733 0.0155568 0.0111057 0.00744964 0.00465145
 0.00777428 0.0126841 0.0191916 0.0272639 0.036641 0.0466852 0.0563532 0.0644543 0.070082 0.072899 0.073093 0.0711292 0.0675278 0.0627609 0.0572235 0.0512276 0.0450059 0.0387298 0.0325346 0.0265459 0.0208993 0.0157495 0.0112579 0.00756071 0.0047258
 0.00775041 0.0126458 0.0191349 0.027185 0.0365367 0.0465534 0.0561945 0.0642733 0.0698878 0.0727051 0.0729155 0.0709839 0.0674284 0.0627171 0.057241 0.0513074 0.0451439 0.0389155 0.0327519 0.0267744 0.0211185 0.0159422 0.0114136 0.00767598 0.00480376
 0.00932625 0.0148505 0.0217933 0.0299143 0.0388578 0.0480696 0.0567313 0.0639041 0.0688507 0.0712806 0.0713389 0.0694145 0.0659588 0.0613962 0.0560921 0.0503391 0.0443555 0.0382989 0.0322921 0.0264504 0.0209049 0.0158118 0.0113409 0.00763965 0.00478798
 0.00930543 0.0151091 0.0226978 0.0319193 0.042308 0.0529319 0.0624257 0.0693985 0.0730282 0.0733809 0.0712087 0.0674483 0.0628262 0.0577548 0.0524257 0.0469328 0.0413452 0.0357334 0.030175 0.0247616 0.0196089 0.0148616 0.0106803 0.00720786 0.00452487
 0.0089827 0.0145995 0.0219805 0.0310416 0.0414392 0.0523998 0.0626783 0.0708429 0.0757858 0.0771051 0.0751283 0.0706603 0.064673 0.0580521 0.0514314 0.045134 0.0392296 0.0336566 0.0283381 0.0232479 0.0184304 0.0139922 0.0100746 0.00681201 0.00428402
 0.00878006 0.0142668 0.0214746 0.0303234 0.0404892 0.0512476 0.0614412 0.0697536 0.0751749 0.0773115 0.0763464 0.0727961 0.0673102 0.0605865 0.0533147 0.0460832 0.039283 0.0330752 0.0274461 0.0223105 0.0176076 0.0133496 0.00961637 0.00651066 0.00410109
 0.00873769 0.0141818 0.0213162 0.0300516 0.0400627 0.0506377 0.0606491 0.0688256 0.0742145 0.0764833 0.0758612 0.0728599 0.0680365 0.0619104 0.0549726 0.0476959 0.0405085 0.0337391 0.0275759 0.0220711 0.0171989 0.0129289 0.00927006 0.00626486 0.00394599
 0.00869933 0.0141218 0.0212292 0.0299311 0.0398982 0.0504124 0.0603408 0.068414 0.0736942 0.0758805 0.0752474 0.0723539 0.0677836 0.0620355 0.0555182 0.048579 0.041532 0.0346663 0.0282277 0.0223881 0.0172362 0.0128003 0.00908645 0.00609824 0.0038255
 0.0086874 0.0141024 0.0212 0.0298899 0.0398428 0.0503404 0.0602484 0.0682938 0.073534 0.0756653 0.074969 0.072025 0.0674512 0.0617809 0.0554345 0.0487297 0.0419111 0.0351873 0.0287559 0.0228007 0.0174716 0.0128697 0.00904759 0.00601597 0.00374533
 0.00869068 0.0141071 0.0212058 0.0298957 0.0398469 0.0503403 0.0602407 0.0682741 0.0734963 0.0756021 0.0748711 0.071885 0.0672703 0.0615779 0.0552505 0.0486202 0.0419232 0.0353328 0.028998 0.023068 0.0176922 0.013003 0.00909409 0.00600426 0.00370961
 0.00867163 0.014079 0.0211687 0.0298518 0.0397995 0.0502932 0.0601971 0.0682364 0.0734654 0.0755766 0.0748474 0.0718563 0.0672295 0.0615206 0.0551815 0.0485573 0.0418941 0.035363 0.0290952 0.0232134 0.017848 0.0131312 0.00917407 0.00603742 0.00371165
 0.00865413 0.0140515 0.0211294 0.0297998 0.039736 0.0502219 0.0601243 0.0681704 0.0734143 0.0755457 0.0748369 0.0718619 0.0672433 0.061534 0.0551884 0.0485577 0.041896 0.0353803 0.0291402 0.0232884 0.0179417 0.0132236 0.00924664 0.00608209 0.00373144
 0.00867792 0.014086 0.0211735 0.0298497 0.0397856 0.0502645 0.0601543 0.0681839 0.0734098 0.0755244 0.0748023 0.0718186 0.0671952 0.0614836 0.0551367 0.0485057 0.0418467 0.03534 0.0291169 0.0232876 0.0179622 0.0132571 0.00928156 0.00610914 0.00374716
 0.00866579 0.0140721 0.0211631 0.0298506 0.0398054 0.0503061 0.0602132 0.0682484 0.0734657 0.0755599 0.0748123 0.0718046 0.0671634 0.0614413 0.0550899 0.0484587 0.0418026 0.0353018 0.0290884 0.0232725 0.0179616 0.0132683 0.00929876 0.00612596 0.00375947
 0.00863882 0.0140261 0.0210904 0.0297446 0.0396643 0.0501376 0.0600365 0.0680916 0.0733563 0.075515 0.0748325 0.0718766 0.0672672 0.0615582 0.0552066 0.0485673 0.0418994 0.035386 0.0291609 0.0233351 0.0180163 0.0133159 0.00933868 0.00615698 0.00378111
 0.00863793 0.0140235 0.021084 0.0297312 0.039639 0.0500947 0.0599716 0.0680041 0.0732528 0.0754096 0.0747444 0.0718232 0.0672573 0.0615894 0.0552676 0.0486437 0.0419789 0.0354603 0.0292263 0.023391 0.0180635 0.0133553 0.0093706 0.0061815 0.00379845
 0.0086191 0.0139962 0.0210491 0.0296913 0.0395977 0.0500546 0.059933 0.0679651 0.07321 0.0753613 0.0746921 0.0717736 0.0672208 0.0615766 0.0552843 0.0486885 0.0420438 0.0355347 0.0293002 0.0234578 0.0181201 0.0134009 0.00940577 0.00620724 0.00381606
 0.0086191 0.0139962 0.0210491 0.0296913 0.0395977 0.0500546 0.059933 0.0679651 0.07321 0.0753613 0.0746921 0.0717736 0.0672208 0.0615766 0.0552843 0.0486885 0.0420438 0.0355347 0.0293002 0.0234578 0.0181201 0.0134009 0.00940577 0.00620724 0.00381606
 0.00888911 0.0144201 0.0216573 0.0304968 0.0405879 0.051182 0.0611079 0.0690611 0.0740884 0.0759058 0.0748386 0.071522 0.0666282 0.0607378 0.0543092 0.0476805 0.0410848 0.0346785 0.0285744 0.0228701 0.017665 0.0130652 0.00917166 0.00605419 0.0037231
 0.00873753 0.0142127 0.0214181 0.0302747 0.0404459 0.0511783 0.0612775 0.0694061 0.0745765 0.0764757 0.0754102 0.0720115 0.0669666 0.0608869 0.0542689 0.047485 0.0407888 0.0343408 0.0282442 0.0225798 0.0174303 0.0128887 0.00904783 0.00597329 0.00367417
 0.00869527 0.0141184 0.0212319 0.0299521 0.0399595 0.0505462 0.0605819 0.0687819 0.0741686 0.0763843 0.0756547 0.0725294 0.0676419 0.0615902 0.0548922 0.0479616 0.0410986 0.0345017 0.0282959 0.0225666 0.017389 0.0128434 0.00901025 0.00594692 0.00365787
 0.00881301 0.0143047 0.0214999 0.0303024 0.0403716 0.0509701 0.0609403 0.0689905 0.0741721 0.0761894 0.0753348 0.0721923 0.0673799 0.0614429 0.0548409 0.0479519 0.0410736 0.0344263 0.0281651 0.022399 0.0172131 0.0126847 0.00888401 0.00585713 0.00360035
 0.00879214 0.0142819 0.0214865 0.0303165 0.0404336 0.051095 0.0611277 0.0692183 0.074397 0.0763575 0.0754013 0.0721436 0.0672432 0.0612749 0.054699 0.0478671 0.0410409 0.0344162 0.028146 0.0223536 0.017143 0.0126035 0.00880755 0.00579595 0.0035578
 0.00876577 0.0142328 0.0214019 0.0301842 0.0402484 0.0508676 0.0608904 0.0690193 0.0742845 0.0763583 0.0755081 0.0723184 0.0674357 0.0614456 0.0548337 0.0479748 0.041138 0.0345115 0.0282343 0.0224228 0.0171839 0.0126165 0.00880094 0.00578057 0.00354207
 0.00865825 0.0140614 0.0211509 0.0298419 0.0398111 0.050345 0.0603114 0.0684355 0.0737649 0.0759768 0.0753246 0.0723611 0.0676921 0.0618653 0.0553461 0.0485113 0.0416486 0.0349682 0.0286244 0.022741 0.0174286 0.012791 0.00891474 0.0058478 0.0035779
 0.00856344 0.0139037 0.0209075 0.029491 0.0393383 0.0497529 0.0596284 0.0677165 0.0730828 0.0754076 0.0749339 0.072195 0.0677707 0.0621785 0.0558527 0.0491457 0.0423357 0.0356392 0.0292292 0.0232503 0.0178315 0.0130898 0.00912111 0.00597957 0.00365512
 0.00846667 0.0137408 0.0206521 0.0291163 0.0388235 0.0490941 0.0588491 0.0668711 0.0722492 0.0746722 0.0743757 0.0718737 0.0677198 0.062402 0.0563248 0.0498138 0.0431272 0.0364734 0.0300306 0.0239606 0.018416 0.0135372 0.00943928 0.00618898 0.003782
 0.00862118 0.0139784 0.0209827 0.0295346 0.0393045 0.0495895 0.0592866 0.0671646 0.0723206 0.0744782 0.073927 0.0712349 0.0669919 0.0616965 0.0557375 0.049407 0.0429212 0.0364494 0.0301414 0.0241476 0.0186244 0.0137273 0.00958977 0.00629474 0.0038486
#pred catch len freq
 0.0041478 0.00661432 0.00974896 0.0135155 0.0178934 0.0228459 0.0282516 0.0338805 0.0394418 0.0446545 0.0492938 0.0532127 0.05635 0.0587159 0.0603514 0.0612819 0.0614924 0.0609249 0.0594762 0.0569853 0.0532333 0.048011 0.0412833 0.0333742 0.0250195
 0.00443425 0.00698115 0.0101227 0.0137778 0.0179277 0.0226026 0.0277901 0.0333511 0.0390099 0.0444111 0.0492085 0.0531559 0.0561678 0.0583147 0.0597519 0.0606213 0.0609742 0.0607346 0.0596996 0.0575672 0.054001 0.048753 0.0418382 0.0336836 0.0251203
 0.0047168 0.00743575 0.0107902 0.0146728 0.0190124 0.0237625 0.0288348 0.0340634 0.0392364 0.0441413 0.0485797 0.0523707 0.0553797 0.0575652 0.0589974 0.0598179 0.06015 0.0599985 0.0591833 0.0573449 0.0540429 0.0489421 0.042036 0.0337968 0.0251286
 0.00497879 0.00785143 0.0113995 0.0155129 0.020117 0.0251529 0.0304948 0.0359042 0.0410731 0.0457115 0.0496172 0.0527055 0.055005 0.0566215 0.0576873 0.0583182 0.0585816 0.0584517 0.0577496 0.0561135 0.0530663 0.0482123 0.0414966 0.0333819 0.0247958
 0.00526531 0.00829846 0.0120391 0.016367 0.0212008 0.026478 0.0320654 0.0377062 0.043055 0.0477627 0.0515533 0.0542817 0.0559706 0.0568017 0.0570478 0.0569711 0.0567324 0.0563289 0.0555578 0.0540174 0.0511869 0.0466215 0.0402173 0.032399 0.0240744
 0.00554604 0.00874211 0.012684 0.0172432 0.0223286 0.0278647 0.0336997 0.0395523 0.0450531 0.0498307 0.0535846 0.0561366 0.0574711 0.0577468 0.0572577 0.0563471 0.0553008 0.0542414 0.0530497 0.0513491 0.048595 0.044289 0.0382607 0.0308675 0.0229585
 0.0057732 0.00910774 0.0132287 0.0180057 0.0233431 0.0291539 0.0352648 0.0413632 0.0470457 0.0519121 0.0556423 0.0580467 0.0591015 0.058956 0.0578968 0.0562789 0.0544383 0.0525918 0.050738 0.0486034 0.0456985 0.0415196 0.0358384 0.0289234 0.021528
 0.00608155 0.00958357 0.0138993 0.0188849 0.0244365 0.030465 0.0367935 0.043097 0.0489471 0.053911 0.0576373 0.0599146 0.060712 0.0601822 0.0586192 0.0563856 0.0538354 0.0512309 0.0486546 0.045943 0.0427097 0.0385068 0.0330917 0.0266523 0.0198252
 0.00644692 0.0101466 0.0146898 0.0199117 0.0256904 0.0319229 0.0384194 0.0448418 0.050751 0.055709 0.0593618 0.0614941 0.0620662 0.0612212 0.0592454 0.0564995 0.0533444 0.0500679 0.0468089 0.0434952 0.0398493 0.0355119 0.0302672 0.0242509 0.0179865
 0.00683462 0.0107497 0.0155469 0.0210423 0.0270933 0.0335754 0.0402725 0.0468161 0.0527422 0.0576034 0.0610553 0.0629054 0.0631403 0.0619215 0.0595403 0.0563483 0.0526932 0.0488615 0.0450191 0.041161 0.0371073 0.032596 0.0274631 0.0218196 0.0160919
 0.00722723 0.0113622 0.016422 0.0222051 0.0285514 0.0353172 0.0422592 0.0489728 0.054956 0.0597331 0.0629515 0.0644344 0.0642051 0.0624732 0.0595719 0.0558755 0.0517313 0.0474144 0.0430909 0.0387882 0.0343965 0.029739 0.02471 0.0194137 0.014198
