SBPRF35
7.78865
Curr Bio
479339
B35
676051
F35
0.214033
FOFL
0.144724
OFL
53836.2
Bzero
2.22533e+006
#pred survey bio
 4.76684e+006 4.48702e+006 4.22277e+006 3.91212e+006 3.58699e+006 3.23997e+006 2.92195e+006 2.56564e+006 2.26298e+006 1.98971e+006 1.75236e+006 1.56492e+006 1.40175e+006 1.25967e+006 1.09465e+006 976788 870501 805710 770053 733293 688151 667916 660069 644752 630758 617921 611566 612091 603639 605477 601786 596237 588433 575340 561389 547687 533612 531262 528995 535555 540555 531810 538715 551719 559042 569042 577963 587746 593176 599321 604879 608374 597225 590356 573631 570855 538325 503507 479770 475719 485170 1.65689e+007 9.83785e+006 1.00843e+007 1.09127e+007 1.20532e+007 1.32373e+007 1.43038e+007 1.51863e+007 1.58774e+007 1.63993e+007 1.67839e+007 1.7063e+007 1.72637e+007 1.74075e+007 1.75104e+007 1.75843e+007 1.76375e+007 1.76762e+007 1.77043e+007 1.7725e+007 1.77403e+007 1.77517e+007 1.77603e+007 1.77667e+007 1.77715e+007 1.77752e+007 1.7778e+007 1.77801e+007 1.77818e+007 1.7783e+007 1.7784e+007 1.77847e+007 1.77853e+007 1.77857e+007 1.77861e+007 1.77863e+007 1.77865e+007 1.77867e+007 1.77868e+007 1.77869e+007 1.7787e+007 1.7787e+007 1.77871e+007 1.77871e+007 1.77871e+007 1.77871e+007 1.77872e+007 1.77872e+007 1.77872e+007 1.77872e+007 1.77872e+007 1.77872e+007 1.77872e+007 1.77872e+007 1.77872e+007 1.77872e+007 1.77872e+007 1.77872e+007 1.77872e+007 1.77872e+007 1.77872e+007 1.77872e+007 1.77872e+007 1.77872e+007 1.77872e+007 1.77872e+007 1.77872e+007 1.77872e+007 1.77872e+007 1.77872e+007 1.77872e+007 1.77872e+007 1.77872e+007 1.77872e+007 1.77872e+007 1.77872e+007 1.77872e+007 1.77872e+007 1.77872e+007 1.77872e+007 1.77872e+007 1.77872e+007 1.77872e+007 1.77872e+007 1.77872e+007 1.77872e+007 1.77872e+007 1.77872e+007 1.77872e+007 1.77872e+007 1.77872e+007 1.77872e+007 1.77872e+007 1.77872e+007 1.77872e+007 1.77872e+007 1.77872e+007 1.77872e+007 1.77872e+007 1.77872e+007 0 0 0 0 0 0 0 0 0 0 0 0 0 0 0 0 0 0 0 0 0 0 0 0 0
#obs survey bio
 5.19778e+006 3.45915e+006 2.67896e+006 3.57891e+006 2.77752e+006 2.84211e+006 1.97516e+006 2.41569e+006 1.50576e+006 1.67991e+006 1.46717e+006 1.05847e+006 975136 998212 921828 730803 957678 815710 661249 496070 614739 540046 485761 527835 488514 439237 599212 586287 632043 488344 605242 392338 547987 386296 564199 594709 422960 472676 797536 591403 508002 369538 606110 527591 405911 450106 404372 444784 755226 421693 776734 601256 617948 546289 567331 688257 462481 630028 435766 614244 525065
#pred catch bio
 116671 107177 163508 199917 249284 254942 321445 302526 301860 291330 264191 255665 245234 267558 225575 213013 174556 148054 147294 151145 126877 114350 117982 113561 109852 102485 95382.5 101632 92101.6 96232.1 96722.4 96925.3 98697 95686.9 91408.3 90341 83681.9 87806.3 82534.1 84812.8 96338.6 83386.2 79303.8 85035.7 83717.6 85566.4 85871.4 90494.3 90538.7 91441.9 93146 104801 100494 107577 94099.8 116561 115378 103876 85698.2 72227.6 85234.5 53836.2 76062.6 76338.6 81186.9 89340.6 98127.3 105999 112381 117235 120766 123251 124957 126107 126871 127372 127697 127908 128043 128129 128184 128218 128240 128254 128263 128268 128272 128274 128275 128276 128277 128277 128277 128278 128278 128278 128278 128278 128278 128278 128278 128278 128278 128278 128278 128278 128278 128278 128278 128278 128278 128278 128278 128278 128278 128278 128278 128278 128278 128278 128278 128278 128278 128278 128278 128278 128278 128278 128278 128278 128278 128278 128278 128278 128278 128278 128278 128278 128278 128278 128278 128278 128278 128278 128278 128278 128278 128278 128278 128278 128278 128278 128278 128278 128278 128278 128278 128278 128278 128278 128278 0 0 0 0 0 0 0 0 0 0 0 0 0 0 0 0 0 0 0 0 0 0 0 0 0
#obs catch bio
 0 106899 164427 201100 252357 257880 329567 308291 309240 299732 271670 264137 253752 278585 232194 219794 177980 150874 150191 155609 129190 116581 120416 115355 111177 104090 96461.6 102957 92893.7 97594 97913 98599.8 100363 97278.6 92765.5 90891.5 84523.5 89080.6 82923.7 84895.2 96947.8 83943.9 79833.4 85505.4 84403.1 86142.2 86382.1 91089.9 91111 92144.2 93447.7 105490 100826 108357 94007.5 116310 115268 103753 85902.9 71983.5 85345.6
#pred cpue bio
 4.68324e+006 4.40957e+006 4.14997e+006 3.84135e+006 3.51759e+006 3.17228e+006 2.85585e+006 2.50223e+006 2.20185e+006 1.93059e+006 1.69511e+006 1.50917e+006 1.34766e+006 1.20773e+006 1.04635e+006 931336 827919 764994 730437 694883 651441 632228 625092 610889 597938 585811 579843 580639 572676 574505 571021 565859 558694 546621 533947 521501 507272 503070 499782 506310 511467 503005 509562 522167 529222 538796 547385 556745 561873 567796 573241 576791 566017 559240 543188 540929 509757 475875 452759 449262 459601 1.57465e+007 9.36354e+006 9.45261e+006 1.01076e+007 1.11862e+007 1.23554e+007 1.34189e+007 1.43008e+007 1.49918e+007 1.55137e+007 1.58983e+007 1.61774e+007 1.63781e+007 1.65219e+007 1.66248e+007 1.66987e+007 1.6752e+007 1.67906e+007 1.68187e+007 1.68394e+007 1.68548e+007 1.68661e+007 1.68747e+007 1.68811e+007 1.68859e+007 1.68896e+007 1.68924e+007 1.68945e+007 1.68962e+007 1.68974e+007 1.68984e+007 1.68991e+007 1.68997e+007 1.69001e+007 1.69005e+007 1.69007e+007 1.69009e+007 1.69011e+007 1.69012e+007 1.69013e+007 1.69014e+007 1.69014e+007 1.69015e+007 1.69015e+007 1.69015e+007 1.69016e+007 1.69016e+007 1.69016e+007 1.69016e+007 1.69016e+007 1.69016e+007 1.69016e+007 1.69016e+007 1.69016e+007 1.69016e+007 1.69016e+007 1.69016e+007 1.69016e+007 1.69016e+007 1.69016e+007 1.69016e+007 1.69016e+007 1.69016e+007 1.69016e+007 1.69016e+007 1.69016e+007 1.69016e+007 1.69016e+007 1.69016e+007 1.69016e+007 1.69016e+007 1.69016e+007 1.69016e+007 1.69016e+007 1.69016e+007 1.69016e+007 1.69016e+007 1.69016e+007 1.69016e+007 1.69016e+007 1.69016e+007 1.69016e+007 1.69016e+007 1.69016e+007 1.69016e+007 1.69016e+007 1.69016e+007 1.69016e+007 1.69016e+007 1.69016e+007 1.69016e+007 1.69016e+007 1.69016e+007 1.69016e+007 1.69016e+007 1.69016e+007 1.69016e+007 1.69016e+007 1.69016e+007 1.69016e+007 0 0 0 0 0 0 0 0 0 0 0 0 0 0 0 0 0 0 0 0 0 0 0 0 0
#obs cpue bio
 3.36851e+006 2.36647e+006 3.06309e+006 3.08072e+006 2.45045e+006 2.60266e+006 1.91945e+006 3.38072e+006 1.93002e+006 1.3169e+006 1.3455e+006 1.22286e+006 1.14677e+006 1.17123e+006 1.14636e+006 841735 830320 469626 673511 487268 762233 454010 694237 753414 816676 469485 578500 557274 504231 437070 534145 464215 525695 627998 457124 860159 350494 405768 536633 580404 433041 483945 382731 640553 474133 718523 717784 687611 394804 646160 567721 507126 557057 519185 690637 656559 530820 400166 371921 454660 411378
#pred surv len freq
 0.00536784 0.0086778 0.0129877 0.0182471 0.024303 0.0308227 0.0372667 0.0430171 0.0476143 0.0509173 0.0530745 0.0543724 0.0550952 0.0554529 0.055558 0.0554253 0.0549905 0.0541367 0.052709 0.0505058 0.047275 0.0427734 0.0369168 0.0299568 0.0225364
 0.00566855 0.00904271 0.0133138 0.0183784 0.0240918 0.0302173 0.0363677 0.0420537 0.0468418 0.0504943 0.052996 0.0544937 0.0552224 0.0554433 0.0553824 0.0551723 0.0548183 0.0541959 0.0530686 0.0511181 0.0479967 0.0434322 0.0373874 0.0302026 0.0226
 0.0060072 0.0095852 0.0141063 0.0194343 0.025363 0.0315662 0.037569 0.0428521 0.0470579 0.0501192 0.0522001 0.0535329 0.0543036 0.0546428 0.054663 0.0544691 0.0541188 0.0535611 0.0525899 0.0508497 0.0479151 0.0434491 0.0374023 0.030155 0.0224874
 0.00628271 0.0100354 0.0147887 0.0204048 0.0266641 0.0332044 0.0394832 0.0448894 0.0489762 0.051634 0.0530685 0.0536418 0.0537103 0.0535365 0.05327 0.0529654 0.052605 0.0520934 0.0512206 0.0496346 0.0468917 0.0426171 0.0367304 0.0296074 0.0220446
 0.00656677 0.0104853 0.0154449 0.0213008 0.027825 0.0346433 0.0411912 0.0468216 0.0510387 0.0536747 0.0548805 0.0549906 0.0543908 0.0534407 0.0524272 0.0515263 0.0507794 0.0500837 0.0491878 0.047697 0.0451341 0.0410948 0.0354696 0.0286099 0.0212954
 0.00687807 0.0109811 0.0161719 0.0222958 0.0291087 0.0362119 0.0430075 0.0488137 0.0531102 0.0557183 0.0567824 0.0566214 0.0555977 0.0540613 0.0523305 0.0506641 0.0492154 0.0479809 0.046763 0.0451705 0.0426965 0.0388928 0.0336021 0.0271265 0.0201981
 0.00710161 0.0113493 0.0167352 0.0231045 0.0302044 0.0376119 0.0446898 0.0507112 0.0551206 0.0577249 0.0586718 0.0582902 0.056946 0.0549815 0.0527061 0.0503887 0.0482305 0.0463141 0.0445418 0.0426031 0.0400278 0.0363565 0.0313825 0.0253359 0.0188701
 0.00748357 0.0119436 0.017581 0.0242231 0.0315995 0.03927 0.0465748 0.0527585 0.057237 0.0597973 0.0605816 0.0599266 0.0582138 0.0558016 0.0530081 0.0501044 0.0473014 0.0447175 0.0423261 0.0399102 0.037085 0.033435 0.0287379 0.0231527 0.0172299
 0.0078847 0.0125724 0.0184833 0.0254248 0.0331015 0.0410426 0.0485517 0.0548385 0.0593009 0.0617316 0.0622948 0.0613505 0.0592937 0.056486 0.0532432 0.0498336 0.0464705 0.0432898 0.0403101 0.0373911 0.0342405 0.0305169 0.0260184 0.0208547 0.0154742
 0.00824484 0.0131508 0.0193398 0.0266085 0.0346396 0.0429233 0.0507083 0.0571463 0.0615967 0.0638486 0.0640961 0.0627451 0.0602358 0.0569609 0.0532483 0.0493624 0.0455056 0.0418106 0.038317 0.0349392 0.0314664 0.0276381 0.023293 0.0185144 0.0136606
 0.00862606 0.0137475 0.0201957 0.027751 0.0360778 0.0446451 0.0526714 0.0592709 0.0637664 0.0659232 0.0659308 0.0642123 0.0612422 0.057456 0.0532214 0.0488274 0.0444828 0.0403175 0.0363762 0.0326038 0.0288492 0.0249219 0.0207058 0.0162723 0.0119054
 0.00890385 0.014195 0.020861 0.0286747 0.0372844 0.04613 0.054389 0.0611337 0.0656601 0.0677297 0.0675452 0.0655466 0.0622224 0.0580218 0.0533306 0.0484605 0.0436425 0.0390238 0.0346653 0.0305378 0.0265336 0.0225154 0.0184045 0.0142656 0.010323
 0.00905143 0.0144501 0.0212733 0.0293004 0.0381741 0.04731 0.0558418 0.0627906 0.0674111 0.0694458 0.0691023 0.066842 0.0631815 0.0585966 0.0534934 0.0481983 0.0429544 0.0379225 0.0331826 0.0287339 0.0245078 0.0204099 0.01639 0.0125056 0.0089304
 0.00909693 0.0145413 0.0214437 0.0295948 0.0386429 0.047996 0.0567663 0.0639419 0.0687407 0.0708718 0.0705186 0.0681335 0.0642414 0.0593418 0.0538713 0.0481846 0.0425458 0.037132 0.0320402 0.0272941 0.022859 0.0186768 0.0147201 0.0110393 0.00776515
 0.00939793 0.0150046 0.0220925 0.0304346 0.0396627 0.0491711 0.0580577 0.0652948 0.0700862 0.0721333 0.0716207 0.0690077 0.0648317 0.0596083 0.053793 0.0477597 0.0417892 0.0360711 0.0307149 0.0257609 0.0211983 0.0169955 0.0131413 0.00967712 0.0066953
 0.00956271 0.015271 0.02249 0.0309876 0.0403837 0.0500516 0.0590607 0.0663569 0.0711319 0.073094 0.0724468 0.0696684 0.0653052 0.0598736 0.0538277 0.0475441 0.0413125 0.0353374 0.0297464 0.0246014 0.0199162 0.0156819 0.0118991 0.00860105 0.005848
 0.00982526 0.0156723 0.0230465 0.0316986 0.0412333 0.0510122 0.0600934 0.067409 0.0721375 0.0739816 0.0731516 0.0701448 0.0655338 0.0598588 0.0535883 0.0471016 0.0406846 0.0345383 0.0287943 0.0235275 0.0187713 0.0145364 0.0108338 0.00768911 0.00513623
 0.0100131 0.0159533 0.0234242 0.0321603 0.0417545 0.0515643 0.0606496 0.0679476 0.0726426 0.0744424 0.0735594 0.0704876 0.0657929 0.0600105 0.0536097 0.0469766 0.0404059 0.0341073 0.0282212 0.0228344 0.0179966 0.0137353 0.0100714 0.00702604 0.004613
 0.0100656 0.016036 0.0235434 0.0323189 0.0419506 0.0517895 0.0608891 0.0681833 0.0728602 0.0746382 0.073742 0.0706719 0.0659884 0.0602118 0.0537939 0.0471087 0.040449 0.0340328 0.0280152 0.0225023 0.0175633 0.0132438 0.00957526 0.00657749 0.00424965
 0.0100031 0.0159626 0.0234846 0.0323149 0.042044 0.0520071 0.0612262 0.0686015 0.0732998 0.0750384 0.0740588 0.070887 0.0661082 0.0602582 0.0537905 0.0470694 0.0403726 0.033906 0.0278225 0.0222359 0.0172312 0.0128711 0.00919882 0.00623589 0.00397183
 0.010123 0.0161342 0.023701 0.0325584 0.0422959 0.0522597 0.0614894 0.0688948 0.0736341 0.0753987 0.0744011 0.071153 0.0662495 0.0602547 0.0536549 0.0468359 0.0400798 0.0335825 0.0274823 0.0218836 0.0168709 0.0125137 0.00886352 0.00594453 0.00374092
 0.010117 0.0161214 0.0236757 0.0325126 0.0422203 0.0521474 0.0613409 0.0687247 0.0734741 0.0752944 0.0743973 0.0712743 0.0664853 0.0605608 0.0539705 0.0471069 0.0402737 0.0336902 0.0275094 0.0218416 0.0167734 0.0123772 0.00870829 0.00579239 0.00361024
 0.00995517 0.0158811 0.0233564 0.0321289 0.0417979 0.0517156 0.0609279 0.0683564 0.0731754 0.0750907 0.0743142 0.071334 0.0666997 0.0609213 0.0544427 0.0476347 0.0407929 0.0341458 0.027867 0.0220894 0.0169175 0.0124357 0.00870551 0.00575435 0.00355989
 0.00993164 0.0158331 0.0232671 0.0319787 0.0415721 0.0514144 0.0605737 0.0679906 0.0728462 0.0748369 0.0741565 0.0712777 0.0667429 0.0610612 0.054674 0.0479425 0.0411486 0.0345094 0.028197 0.0223539 0.0171019 0.0125423 0.00874949 0.00575674 0.00354129
 0.0100452 0.0159886 0.0234467 0.0321461 0.0416804 0.0514208 0.060453 0.0677437 0.0725003 0.0744394 0.0737649 0.0709459 0.0665098 0.0609451 0.0546749 0.0480471 0.0413343 0.034746 0.0284494 0.0225879 0.0172912 0.0126744 0.00882638 0.00579055 0.00354808
 0.0100777 0.0160501 0.0235535 0.0323141 0.0419155 0.051707 0.0607453 0.067975 0.072603 0.0743731 0.0735328 0.0705938 0.0661078 0.060565 0.0543713 0.0478492 0.0412463 0.0347527 0.0285232 0.022696 0.0174029 0.0127675 0.00889015 0.00582551 0.0035616
 0.010045 0.0159984 0.0234794 0.0322184 0.0418059 0.0516004 0.0606661 0.0679465 0.0726348 0.0744501 0.0736183 0.0706451 0.0660984 0.0604974 0.0542745 0.0477633 0.0412051 0.034772 0.0285989 0.0228092 0.0175285 0.0128825 0.00898005 0.00588586 0.00359611
 0.0100238 0.015955 0.023398 0.03208 0.0415947 0.0513129 0.0603203 0.0675833 0.0723093 0.0742164 0.0735113 0.0706697 0.0662292 0.0606908 0.0544878 0.0479702 0.0413994 0.0349607 0.0287894 0.023001 0.0177121 0.0130442 0.00910883 0.00597757 0.00365411
 0.0101344 0.0161188 0.0236141 0.0323344 0.0418612 0.0515565 0.0605017 0.0676665 0.0722722 0.0740604 0.0732653 0.0703815 0.0659492 0.0604552 0.0543103 0.047846 0.0413163 0.0349092 0.028766 0.0230046 0.0177387 0.0130853 0.00915337 0.00601634 0.00368233
 0.0100622 0.0160197 0.0234982 0.0322221 0.0417758 0.0515144 0.0605039 0.0676976 0.0723068 0.0740736 0.0732425 0.070324 0.0658733 0.0603859 0.0542714 0.0478507 0.0413641 0.0349893 0.0288643 0.0231089 0.0178403 0.0131778 0.00923161 0.00607695 0.00372469
 0.0099923 0.0159166 0.0233635 0.0320656 0.0416159 0.0513747 0.0604094 0.0676685 0.0723507 0.0741798 0.0733822 0.0704599 0.0659742 0.0604381 0.0542813 0.0478387 0.0413531 0.034995 0.0288919 0.0231548 0.0178967 0.013236 0.00928468 0.00612022 0.00375631
 0.00986297 0.0157271 0.0231172 0.0317797 0.0413176 0.0510946 0.0601759 0.0675053 0.0722757 0.0742023 0.0734988 0.0706521 0.06621 0.0606807 0.0544994 0.0480154 0.0414882 0.0350994 0.0289795 0.0232353 0.017973 0.0133063 0.00934512 0.00616786 0.0037904
 0.00967864 0.0154519 0.022749 0.0313347 0.0408275 0.0506014 0.0597264 0.0671461 0.072046 0.0741256 0.0735778 0.0708691 0.0665324 0.0610674 0.0549082 0.0484089 0.0418394 0.0353957 0.0292205 0.0234283 0.0181269 0.0134278 0.00943827 0.00623572 0.00383643
 0.00946037 0.0151249 0.0223093 0.0307985 0.0402285 0.0499848 0.0591439 0.0666512 0.0716879 0.0739401 0.0735797 0.0710498 0.0668639 0.0615091 0.055414 0.0489333 0.0423429 0.0358488 0.0296062 0.0237416 0.0183717 0.0136123 0.00957217 0.00632831 0.00389662
 0.00935552 0.0149456 0.0220247 0.0303782 0.0396543 0.0492668 0.0583324 0.0658342 0.0709706 0.0734156 0.073306 0.0710424 0.0671021 0.0619477 0.0559942 0.0495924 0.0430213 0.036496 0.0301848 0.0242293 0.0187606 0.0139063 0.00978254 0.0064702 0.00398619
 0.0102672 0.0162111 0.0235281 0.0318755 0.0408406 0.0498854 0.0582653 0.0651277 0.0697948 0.0719957 0.0718618 0.0697502 0.0660763 0.0612375 0.0555928 0.0494529 0.0430763 0.0366737 0.030421 0.0244743 0.0189813 0.0140858 0.00991654 0.00656267 0.00404525
 0.0111439 0.0175831 0.0254817 0.0344237 0.0438844 0.053177 0.0614009 0.0676099 0.0711754 0.0720378 0.0706261 0.0675543 0.0633606 0.0584205 0.0529807 0.0472166 0.041273 0.0352852 0.0293902 0.0237313 0.0184598 0.0137298 0.00968171 0.00641471 0.00395738
 0.0107955 0.0171909 0.0252132 0.0345406 0.0446702 0.054819 0.0638812 0.0706655 0.074348 0.0747908 0.0724869 0.0682388 0.0628422 0.0569171 0.050863 0.0448829 0.039045 0.0333599 0.0278455 0.0225616 0.0176153 0.0131459 0.00929557 0.00617186 0.00381347
 0.0104124 0.0165979 0.0243865 0.0335058 0.0435289 0.0537701 0.0632136 0.0706937 0.0752899 0.0766414 0.0749659 0.0708592 0.0650744 0.0583663 0.0513796 0.0445668 0.0381614 0.0322201 0.0267085 0.0215868 0.0168651 0.0126153 0.00894601 0.00595613 0.00368874
 0.0103696 0.0164818 0.024127 0.0330128 0.0427213 0.052623 0.0618043 0.0692217 0.0740509 0.075955 0.0750728 0.0718227 0.0667304 0.0603598 0.0532836 0.0460316 0.0390201 0.0325049 0.0265855 0.02126 0.0164997 0.0123066 0.00872606 0.00581804 0.00361066
 0.010377 0.0164968 0.0241516 0.0330409 0.0427284 0.0525565 0.0615872 0.0687782 0.0733541 0.075073 0.0741823 0.0711663 0.0665266 0.0607057 0.0541022 0.0470971 0.0400527 0.0332827 0.0270158 0.0213786 0.0164173 0.0121416 0.008562 0.00569374 0.00353177
 0.0105018 0.0166919 0.02443 0.0334079 0.0431785 0.0530676 0.0621136 0.0692456 0.0736658 0.0751332 0.0739336 0.0706283 0.0658123 0.0599941 0.0535703 0.0468436 0.0400577 0.0334309 0.027165 0.0214307 0.0163497 0.011992 0.00838896 0.00554317 0.00342391
 0.0104322 0.0165884 0.0242929 0.0332455 0.0430073 0.0529106 0.0619973 0.0691945 0.0736928 0.0752287 0.0740614 0.0707348 0.0658504 0.0599519 0.0534852 0.0467864 0.0400923 0.0335745 0.0273784 0.0216438 0.0165026 0.0120625 0.00839182 0.00551016 0.00338355
 0.010429 0.0165653 0.024226 0.033104 0.0427643 0.0525594 0.0615636 0.0687368 0.0732869 0.0749439 0.0739387 0.0707763 0.0660216 0.0601974 0.0537519 0.0470439 0.0403391 0.0338242 0.0276375 0.0218984 0.0167242 0.0122262 0.00849044 0.00555535 0.00339574
 0.0104246 0.0165682 0.0242473 0.0331559 0.0428516 0.0526694 0.0616621 0.0687767 0.0732296 0.0747814 0.0737018 0.0705222 0.0658092 0.0600635 0.0537023 0.0470614 0.0403997 0.0339103 0.0277399 0.0220099 0.0168336 0.0123192 0.00855656 0.00559274 0.00341081
 0.0103743 0.0164913 0.0241415 0.0330247 0.0427052 0.0525253 0.0615418 0.0686991 0.0732009 0.0747897 0.0737213 0.0705286 0.0657945 0.060041 0.0536968 0.0470935 0.0404754 0.0340215 0.0278713 0.0221459 0.016961 0.0124273 0.00863869 0.00564744 0.00344196
 0.0104048 0.0165283 0.024174 0.033035 0.0426746 0.0524424 0.0614099 0.0685376 0.0730396 0.0746578 0.0736373 0.0704939 0.0657963 0.0600613 0.0537232 0.0471251 0.0405191 0.0340844 0.0279541 0.022242 0.0170591 0.0125164 0.00871059 0.00569885 0.00347421
 0.0103677 0.0164798 0.0241223 0.0329931 0.0426543 0.052446 0.0614256 0.0685431 0.0730138 0.074593 0.0735445 0.0703975 0.0657212 0.0600221 0.0537209 0.0471513 0.0405644 0.0341428 0.028023 0.0223185 0.0171382 0.0125909 0.00877363 0.00574641 0.00350599
 0.0103116 0.0164004 0.0240249 0.0328912 0.0425671 0.0523933 0.061422 0.0685925 0.0731062 0.0747053 0.0736469 0.0704645 0.0657421 0.0600034 0.0536807 0.0471093 0.0405342 0.0341301 0.028028 0.0223385 0.0171689 0.0126267 0.00880866 0.0057759 0.00352755
 0.0102596 0.016318 0.0239055 0.0327322 0.0423722 0.0521758 0.0612064 0.0684118 0.0729932 0.0746813 0.0737127 0.0706001 0.0659141 0.0601778 0.0538336 0.0472319 0.04063 0.0342084 0.0280972 0.0224034 0.0172301 0.0126822 0.0088559 0.00581283 0.00355372
 0.01016 0.016172 0.0237152 0.0325091 0.042134 0.05194 0.060987 0.0682199 0.072841 0.0745837 0.0736857 0.0706537 0.0660461 0.0603712 0.0540606 0.0474627 0.0408419 0.03439 0.0282472 0.0225258 0.0173296 0.0127622 0.0089181 0.00585858 0.00358493
 0.0101824 0.0161909 0.0237121 0.0324581 0.0420108 0.0517356 0.0607167 0.0679219 0.0725623 0.0743642 0.0735476 0.0706024 0.0660766 0.060473 0.0542189 0.047658 0.0410516 0.034593 0.0284281 0.0226772 0.0174507 0.0128555 0.00898734 0.00590755 0.00361744
 0.0102777 0.0163477 0.0239498 0.0327903 0.0424366 0.0522281 0.0612181 0.0683521 0.0728437 0.0744494 0.073435 0.070331 0.065706 0.0600633 0.0538185 0.047299 0.0407504 0.034353 0.0282443 0.0225407 0.0173521 0.0127872 0.00894269 0.00588062 0.00360274
 0.010123 0.0161374 0.0237099 0.0325721 0.042304 0.0522361 0.0613919 0.0686771 0.0732678 0.0748962 0.0738235 0.0705973 0.0658204 0.0600346 0.0536844 0.0471087 0.0405485 0.0341702 0.0280956 0.022429 0.0172735 0.0127349 0.00890989 0.00586147 0.00359253
 0.0100604 0.0160393 0.0235707 0.0323942 0.0421026 0.0520441 0.0612598 0.0686619 0.0734117 0.0752033 0.0742495 0.0710601 0.0662273 0.0603135 0.0538036 0.0470794 0.040412 0.0339784 0.0278946 0.0222496 0.0171304 0.0126303 0.00883917 0.00581706 0.00356673
 0.00999701 0.0159246 0.0233775 0.0320923 0.0416694 0.0514802 0.0606031 0.0679905 0.0728308 0.0748183 0.0741362 0.0712412 0.0666643 0.0609176 0.0544634 0.0476946 0.0409179 0.0343537 0.0281516 0.0224171 0.0172379 0.0127005 0.00888581 0.00584797 0.00358648
 0.0103276 0.0164232 0.0240533 0.0329222 0.0425971 0.0524201 0.0614477 0.0686255 0.0731614 0.074801 0.0737968 0.0706673 0.0659739 0.0602195 0.053828 0.0471457 0.0404453 0.0339352 0.0277723 0.0220762 0.0169447 0.0124646 0.00871065 0.00572869 0.00351223
 0.0104567 0.0166592 0.0244545 0.0335529 0.043504 0.0535994 0.0628177 0.0700273 0.074394 0.0756771 0.0741935 0.070553 0.0654067 0.0593229 0.0527535 0.0460333 0.0393967 0.0330053 0.0269793 0.0214188 0.0164158 0.0120562 0.00841243 0.00552554 0.00338455
 0.0102902 0.0164277 0.0241812 0.0332907 0.0433296 0.0535981 0.063063 0.0705576 0.0751913 0.0766543 0.0752032 0.0714234 0.0659919 0.0595464 0.0526238 0.0456283 0.0388283 0.0323823 0.0263829 0.0208961 0.0159862 0.0117222 0.00816714 0.00535694 0.00327726
 0.00978381 0.0156642 0.0231462 0.0320175 0.0418993 0.0521334 0.0617208 0.0695153 0.0746162 0.0766596 0.075808 0.0725369 0.067433 0.0610902 0.0540607 0.0468132 0.0397018 0.032961 0.0267286 0.0210819 0.0160744 0.0117564 0.00817448 0.0053529 0.00327018
 0.00909819 0.0146075 0.0216667 0.0301137 0.0396281 0.0496162 0.0591498 0.0671449 0.0727264 0.0754976 0.0755313 0.0731795 0.0688996 0.063176 0.056492 0.0493031 0.042007 0.0349226 0.0282822 0.0222403 0.0168955 0.0123128 0.00853494 0.005575 0.00339912
#obs surv len freq
 nan nan nan nan nan nan nan nan nan nan nan nan nan nan nan nan nan nan nan nan nan nan nan nan nan
 0.00448582 0.00734789 0.0111788 0.0159963 0.0216982 0.0279749 0.0342897 0.040021 0.0447 0.0481624 0.0505185 0.0520123 0.0529025 0.0534131 0.0537259 0.0539797 0.0542575 0.0545497 0.0546881 0.0542799 0.052718 0.0493505 0.0438009 0.0362818 0.0276665
 0.00461838 0.00756455 0.0115067 0.0164604 0.0223154 0.0287442 0.0351836 0.0409824 0.0456498 0.0490156 0.0511993 0.0524662 0.0531012 0.053355 0.0534323 0.0534869 0.0536084 0.0537867 0.05385 0.0534035 0.0518419 0.0485176 0.0430556 0.0356619 0.0271927
 0.00478389 0.00783666 0.0119218 0.0170541 0.0231151 0.0297577 0.0363865 0.0423135 0.0470177 0.0503141 0.0523242 0.0533278 0.0536332 0.0535204 0.0532255 0.0529319 0.0527514 0.0526878 0.0525761 0.0520254 0.0504356 0.0471646 0.041837 0.0346446 0.0264138
 0.00497187 0.00814434 0.0123889 0.0177195 0.0240099 0.030894 0.0377452 0.0438384 0.0486209 0.0518898 0.0537626 0.0545254 0.0545 0.0539864 0.0532474 0.0524977 0.051882 0.0514343 0.0510155 0.0502559 0.0485737 0.0453383 0.0401729 0.0332461 0.025339
 0.00519229 0.00850387 0.0129323 0.0184892 0.0250385 0.0321917 0.0392868 0.0455585 0.0504228 0.0536628 0.0553975 0.0559223 0.0555707 0.0546545 0.0534515 0.0521968 0.0510632 0.0501197 0.0492677 0.0481807 0.0463164 0.0430727 0.0380766 0.0314672 0.0239637
 0.00542107 0.00887981 0.0135056 0.0193091 0.0261439 0.0335959 0.0409623 0.0474318 0.0523853 0.0555916 0.0571756 0.0574484 0.0567604 0.0554377 0.0537687 0.0519993 0.0503179 0.0488208 0.0474514 0.045939 0.0438027 0.04049 0.0356458 0.0293795 0.0223365
 0.00565438 0.00926177 0.0140856 0.0201356 0.0272558 0.0350089 0.0426539 0.0493347 0.0543956 0.057587 0.0590343 0.0590615 0.0580371 0.0563052 0.054169 0.051885 0.0496518 0.0475832 0.0456576 0.0436609 0.0411849 0.0377445 0.0330186 0.0270944 0.0205387
 0.00589154 0.00965026 0.0146758 0.0209766 0.028386 0.0364417 0.0443629 0.0512484 0.0564074 0.059576 0.0608837 0.0606686 0.059316 0.0571856 0.0545939 0.0518074 0.0490333 0.0463992 0.0439118 0.0414095 0.0385581 0.0349494 0.0303088 0.0247112 0.0186469
 0.00613196 0.0100453 0.015278 0.0218373 0.0295457 0.0379135 0.0461166 0.0532049 0.0584508 0.0615761 0.0627182 0.0622355 0.0605362 0.0580002 0.0549584 0.0516856 0.0483943 0.0452201 0.042192 0.0391948 0.0359645 0.0321719 0.0275958 0.0223071 0.0167253
 0.0063854 0.0104581 0.015901 0.0227185 0.030721 0.0393931 0.0478693 0.0551526 0.0604782 0.0635523 0.0645175 0.0637521 0.0616896 0.0587347 0.0552385 0.0514886 0.0477032 0.0440232 0.0404932 0.0370355 0.0334493 0.0294797 0.02496 0.0199624 0.0148429
 0.00661491 0.010838 0.0164849 0.02356 0.031862 0.0408463 0.0496004 0.0570759 0.0624705 0.0654777 0.0662516 0.0651937 0.0627636 0.0593907 0.0554462 0.0512325 0.0469763 0.0428253 0.0388373 0.0349652 0.0310616 0.0269369 0.0224746 0.0177503 0.0130636
 0.00684586 0.0112136 0.0170509 0.0243593 0.032928 0.0421896 0.0511958 0.0588549 0.0643281 0.0672903 0.0678962 0.0665632 0.0637765 0.0599932 0.0556099 0.050948 0.0462457 0.0416585 0.0372564 0.0330183 0.0288411 0.02459 0.0201911 0.0157224 0.0114332
 0.00707242 0.0115873 0.0176227 0.0251787 0.034031 0.0435821 0.0528365 0.0606531 0.0661593 0.0690232 0.0694152 0.0677798 0.0646286 0.0604424 0.055638 0.0505528 0.0454371 0.040456 0.0356911 0.0311434 0.0267461 0.022409 0.0180916 0.0138712 0.00995168
 0.00727066 0.0119153 0.0181268 0.0259056 0.0350183 0.0448424 0.0543419 0.0623284 0.0678911 0.070681 0.070875 0.0689404 0.0654208 0.0608296 0.0556112 0.0501218 0.0446233 0.0392879 0.0342071 0.0294 0.0248294 0.0204398 0.0162158 0.0122303 0.00864594
 0.00745376 0.0122132 0.0185759 0.0265401 0.0358644 0.0459082 0.0556067 0.063737 0.0693594 0.0721094 0.0721624 0.0699955 0.0661705 0.0612245 0.055628 0.0497615 0.0439052 0.0382443 0.0328819 0.0278525 0.0231421 0.0187216 0.0145922 0.0108198 0.00752976
 0.00751741 0.0123213 0.0187476 0.0267979 0.0362309 0.0464019 0.0562352 0.0644935 0.0702215 0.0730401 0.0731119 0.0709028 0.0669666 0.0618393 0.0559992 0.0498434 0.0436748 0.037703 0.0320551 0.02679 0.021919 0.0174359 0.0133546 0.00973289 0.00666413
 0.00758568 0.0124242 0.018888 0.0269748 0.0364426 0.0466493 0.0565246 0.064835 0.0706251 0.0735107 0.0736436 0.0714761 0.0675467 0.0623772 0.0564365 0.0501198 0.0437384 0.0375203 0.0316194 0.0261258 0.0210821 0.0165092 0.0124344 0.00890951 0.00600096
 0.00766908 0.0125523 0.0190662 0.0272021 0.0367108 0.0469435 0.0568246 0.0651194 0.070879 0.0737319 0.0738452 0.0716788 0.0677671 0.0626164 0.0566741 0.050316 0.0438422 0.0374823 0.0314055 0.0257293 0.02053 0.0158591 0.0117634 0.00829411 0.00549743
 0.00774913 0.0126779 0.0192465 0.0274413 0.0370064 0.0472837 0.0571864 0.0654705 0.0711839 0.0739626 0.07399 0.0717457 0.0677798 0.0626041 0.056659 0.0503028 0.0438143 0.0374069 0.0312456 0.02546 0.0201512 0.0154003 0.0112765 0.00783757 0.00511776
 0.00776925 0.0127095 0.0192921 0.027503 0.037086 0.0473827 0.0573056 0.0656082 0.0713351 0.0741179 0.0741372 0.071873 0.06788 0.0626773 0.0567117 0.0503424 0.0438412 0.0374095 0.0312022 0.0253476 0.0199588 0.0151378 0.0109748 0.00753845 0.0048589
 0.00779776 0.0127498 0.0193416 0.0275558 0.0371349 0.0474223 0.0573352 0.0656322 0.0713612 0.0741544 0.0741892 0.0719406 0.0679581 0.0627577 0.0567861 0.050405 0.043888 0.0374351 0.0311969 0.0252989 0.0198573 0.0149855 0.010788 0.00734405 0.0046843
 0.0078345 0.0128037 0.0194117 0.0276368 0.0372177 0.0474962 0.0573893 0.0656589 0.071358 0.0741266 0.0741491 0.0719039 0.0679381 0.0627607 0.0568106 0.0504431 0.043929 0.037468 0.0312109 0.025284 0.0198066 0.0148988 0.0106744 0.00722025 0.00456914
 0.00786516 0.012851 0.019478 0.0277218 0.0373177 0.0476035 0.0574924 0.0657431 0.0714097 0.0741372 0.074119 0.0718427 0.0678619 0.062687 0.0567528 0.0504074 0.0439136 0.0374647 0.0312083 0.0252708 0.0197742 0.0148442 0.0106017 0.00713956 0.00449256
 0.00788059 0.0128718 0.0195015 0.027743 0.0373314 0.0476064 0.0574848 0.0657288 0.0713935 0.0741222 0.0741057 0.0718298 0.0678487 0.0626755 0.0567473 0.0504127 0.0439319 0.0374936 0.031241 0.0252976 0.0197864 0.014837 0.010576 0.00710161 0.00445131
 0.00787413 0.0128618 0.0194871 0.0277234 0.0373055 0.0475728 0.0574422 0.0656776 0.0713367 0.0740668 0.0740603 0.0718027 0.0678441 0.0626929 0.0567828 0.0504614 0.0439896 0.0375563 0.0313037 0.025354 0.0198298 0.0148625 0.010583 0.0070938 0.00443517
 0.0078935 0.0128874 0.0195149 0.0277461 0.0373148 0.0475626 0.0574113 0.0656295 0.0712781 0.0740046 0.0740009 0.0717513 0.0678059 0.0626721 0.0567817 0.0504792 0.044023 0.0376004 0.0313527 0.0254017 0.0198704 0.0148915 0.0105986 0.00709737 0.00443062
 0.00787494 0.0128584 0.0194732 0.0276903 0.0372435 0.0474753 0.0573088 0.0655155 0.0711602 0.0738947 0.0739125 0.0716966 0.0677921 0.0626999 0.0568462 0.050572 0.0441342 0.0377198 0.031471 0.0255106 0.0199631 0.0149637 0.0106491 0.00712818 0.0044462
 0.00789879 0.0128909 0.0195106 0.0277249 0.0372664 0.0474786 0.0572887 0.0654724 0.0710976 0.0738172 0.0738262 0.0716093 0.0677133 0.0626397 0.0568125 0.0505685 0.0441591 0.0377674 0.0315326 0.0255771 0.0200261 0.015017 0.0106892 0.00715466 0.00446122
 0.00787086 0.012848 0.0194507 0.0276475 0.037172 0.0473688 0.0571661 0.065342 0.0709679 0.0736997 0.0737333 0.0715514 0.0676962 0.062664 0.0568744 0.0506618 0.0442764 0.0378998 0.0316705 0.0257104 0.0201458 0.0151163 0.0107649 0.00720718 0.00449412
 0.0078378 0.012793 0.0193659 0.0275257 0.0370096 0.0471688 0.0569413 0.0651138 0.0707611 0.0735358 0.0736261 0.0715061 0.0677118 0.062735 0.0569929 0.0508175 0.0444574 0.0380936 0.0318649 0.0258938 0.0203082 0.0152508 0.0108681 0.00728003 0.00454101
 0.00780835 0.0127437 0.0192891 0.0274136 0.0368557 0.0469712 0.056706 0.0648559 0.0705038 0.0733063 0.0734499 0.0714021 0.0676888 0.0627914 0.0571184 0.0509966 0.0446725 0.0383271 0.0321001 0.0261159 0.0205053 0.0154144 0.0109943 0.00737002 0.00459973
 0.00780492 0.0127341 0.019267 0.0273704 0.0367821 0.0468604 0.0565561 0.064672 0.0702976 0.0730947 0.0732528 0.0712404 0.0675812 0.062751 0.0571497 0.051095 0.0448254 0.038517 0.0323077 0.0263227 0.0206955 0.0155764 0.011122 0.00746256 0.00466109
 0.00775039 0.0126503 0.0191501 0.0272196 0.0365999 0.0466516 0.0563284 0.0644363 0.070068 0.0728869 0.0730831 0.0711229 0.0675269 0.0627663 0.0572359 0.0512474 0.045033 0.0387635 0.0325728 0.0265853 0.0209366 0.0157818 0.0112838 0.00758 0.00473913
 0.00772008 0.012596 0.0190594 0.0270793 0.0364001 0.0463923 0.0560243 0.064116 0.0697661 0.0726344 0.0728998 0.071017 0.0674982 0.062811 0.0573485 0.0514207 0.0452575 0.0390255 0.0328549 0.0268675 0.0211991 0.0160082 0.0114643 0.00771222 0.00482774
 0.00930238 0.0148111 0.0217328 0.0298272 0.0387399 0.0479198 0.0565547 0.0637133 0.0686648 0.0711225 0.07123 0.0693689 0.0659802 0.0614771 0.0562175 0.0504914 0.0445183 0.0384598 0.0324424 0.0265842 0.0210186 0.0159035 0.0114105 0.00768897 0.0048203
 0.00928681 0.0150776 0.0226481 0.0318459 0.0422063 0.0528002 0.0622674 0.0692228 0.0728489 0.0732144 0.0710718 0.0673562 0.0627905 0.0577808 0.0525104 0.0470652 0.041509 0.0359107 0.0303498 0.0249217 0.0197466 0.0149729 0.0107646 0.00726739 0.00456372
 0.0089544 0.0145564 0.021921 0.030966 0.0413487 0.0522965 0.0625644 0.0707214 0.0756613 0.0769844 0.0750198 0.0705741 0.0646192 0.0580396 0.0514653 0.045214 0.039349 0.033803 0.0284962 0.0234026 0.0185696 0.0141079 0.0101638 0.00687555 0.00432567
 0.00878639 0.014272 0.0214731 0.0303073 0.0404507 0.051183 0.0613529 0.0696503 0.0750682 0.0772112 0.0762586 0.0727235 0.0672549 0.060552 0.053306 0.0461051 0.0393372 0.0331588 0.0275511 0.0224251 0.0177194 0.0134483 0.00969578 0.0065689 0.00414002
 0.0087506 0.014205 0.0213548 0.0301101 0.0401423 0.050733 0.0607458 0.0689035 0.0742536 0.076472 0.0758001 0.0727603 0.0679152 0.0617841 0.0548557 0.0476 0.0404415 0.0337051 0.0275738 0.0220949 0.0172391 0.012975 0.0093134 0.00630004 0.00397118
 0.00869503 0.0141205 0.0212377 0.0299593 0.0399565 0.0505073 0.0604705 0.0685665 0.0738482 0.0760101 0.0753287 0.0723713 0.0677346 0.0619308 0.0553778 0.0484263 0.041388 0.0345466 0.0281405 0.0223346 0.0172116 0.0127964 0.00909432 0.0061102 0.00383669
 0.00868066 0.0140917 0.0211848 0.0298708 0.039823 0.0503265 0.0602504 0.0683227 0.0735968 0.0757601 0.0750826 0.0721356 0.0675351 0.0618203 0.0554233 0.0486745 0.0418278 0.0350953 0.0286722 0.0227362 0.0174301 0.0128489 0.00904163 0.00601828 0.00375061
 0.00867114 0.0140759 0.02116 0.0298335 0.0397681 0.050248 0.0601427 0.068183 0.0734282 0.0755724 0.0748901 0.0719532 0.0673768 0.0617023 0.0553691 0.0487136 0.041982 0.0353588 0.0290011 0.0230606 0.0176845 0.0130003 0.0090971 0.00601081 0.00371693
 0.00865499 0.0140525 0.02113 0.0297989 0.0397318 0.0502115 0.0601051 0.0681405 0.0733752 0.0755033 0.0748025 0.0718493 0.0672648 0.0615955 0.0552849 0.0486719 0.0420018 0.0354504 0.0291569 0.0232521 0.0178707 0.0131453 0.00918451 0.00604631 0.00371916
 0.00865721 0.0140517 0.021121 0.0297748 0.0396865 0.0501437 0.0600201 0.06805 0.0732919 0.0754362 0.0747528 0.0718123 0.0672333 0.0615652 0.0552575 0.0486558 0.0420095 0.0354939 0.0292407 0.0233683 0.0179998 0.0132631 0.00927274 0.00609923 0.00374267
 0.00865232 0.0140486 0.0211247 0.0297919 0.0397216 0.0501955 0.060079 0.0681001 0.0733177 0.075429 0.0747142 0.0717511 0.0671604 0.0614889 0.0551831 0.0485882 0.0419556 0.0354619 0.0292378 0.0233955 0.0180499 0.0133225 0.0093268 0.00613849 0.00376516
 0.00863899 0.0140273 0.0210938 0.0297512 0.0396736 0.0501463 0.0600382 0.0680777 0.0733195 0.0754529 0.0747499 0.0717852 0.0671824 0.061495 0.0551757 0.0485732 0.0419398 0.0354522 0.0292402 0.0234135 0.0180823 0.0133634 0.0093677 0.00617205 0.00378791
 0.00863552 0.0140189 0.0210761 0.0297186 0.0396212 0.0500726 0.0599475 0.067981 0.073232 0.0753901 0.0747224 0.0717948 0.0672223 0.0615524 0.0552373 0.0486293 0.0419869 0.0354917 0.0292761 0.0234499 0.0181211 0.0134033 0.0094053 0.00620329 0.00381047
 0.00866233 0.0140603 0.0211341 0.0297927 0.0397072 0.0501621 0.060028 0.0680376 0.0732527 0.0753699 0.0746665 0.0717167 0.067138 0.061475 0.0551731 0.0485786 0.0419464 0.0354587 0.0292499 0.0234317 0.0181121 0.0134031 0.00941156 0.00621247 0.00381931
 0.00862672 0.0140123 0.0210801 0.0297445 0.039679 0.0501645 0.0600631 0.0680984 0.0733249 0.0754373 0.0747152 0.0717397 0.0671358 0.0614547 0.0551446 0.048551 0.0419248 0.0354444 0.0292419 0.0234287 0.0181133 0.0134081 0.00941909 0.00622095 0.00382704
 0.00862672 0.0140123 0.0210801 0.0297445 0.039679 0.0501645 0.0600631 0.0680984 0.0733249 0.0754373 0.0747152 0.0717397 0.0671358 0.0614547 0.0551446 0.048551 0.0419248 0.0354444 0.0292419 0.0234287 0.0181133 0.0134081 0.00941909 0.00622095 0.00382704
 0.00861469 0.013988 0.0210353 0.029671 0.0395723 0.0500301 0.0599196 0.0679742 0.073248 0.0754235 0.0747622 0.0718291 0.0672428 0.0615578 0.0552316 0.048619 0.0419771 0.035486 0.0292768 0.0234589 0.0181397 0.0134307 0.00943785 0.0062358 0.00383802
 0.00880031 0.0142806 0.021457 0.0302309 0.0402599 0.0508068 0.0607146 0.0686924 0.0737932 0.0757269 0.0748006 0.071624 0.0668449 0.0610277 0.0546277 0.0479915 0.0413674 0.0349259 0.0287882 0.0230538 0.0178209 0.0131934 0.00927179 0.0061273 0.00377237
 0.00878687 0.0142818 0.021501 0.030358 0.0405113 0.0512071 0.0612559 0.0693283 0.0744469 0.0763093 0.0752316 0.0718497 0.0668474 0.0608251 0.0542647 0.0475255 0.0408552 0.0344162 0.0283178 0.0226473 0.0174907 0.0129417 0.00909246 0.00600845 0.00369957
 0.00884469 0.0143645 0.0216059 0.0304793 0.0406464 0.0513648 0.0614581 0.0696024 0.0748078 0.0767429 0.0756883 0.0722557 0.0671276 0.0609273 0.0541733 0.0472621 0.0404677 0.0339633 0.0278555 0.0222198 0.0171269 0.0126549 0.00888279 0.00586674 0.0036114
 0.00878872 0.0142821 0.0214978 0.0303512 0.0405074 0.0512247 0.0613285 0.0694992 0.0747559 0.0767734 0.0758283 0.072512 0.0674744 0.0613075 0.0545157 0.0475057 0.0405811 0.0339497 0.0277451 0.0220548 0.0169479 0.012492 0.00875248 0.00577334 0.00355099
 0.00897072 0.0145577 0.0218741 0.0308199 0.0410451 0.0517957 0.061886 0.0699892 0.0751244 0.0769803 0.07586 0.0723862 0.067233 0.0609995 0.0541788 0.0471565 0.040219 0.0335704 0.0273528 0.0216669 0.0165895 0.0121865 0.00851395 0.00560333 0.00344069
 0.00920641 0.0149488 0.0224745 0.0316764 0.0421777 0.0531709 0.0633977 0.0714652 0.0763669 0.0778215 0.0762062 0.0722314 0.0666448 0.0600919 0.0530817 0.0459897 0.0390746 0.032507 0.0264018 0.0208438 0.0159027 0.0116399 0.00810409 0.00531737 0.00325689
 0.00904533 0.0147171 0.0221841 0.0313644 0.0419043 0.0530107 0.0634259 0.0717373 0.076895 0.0785566 0.0770398 0.0730237 0.0672674 0.0604639 0.0531851 0.0458603 0.0387788 0.0321175 0.0259803 0.0204347 0.0155349 0.0113306 0.00786149 0.00514124 0.00313964
 0.00897125 0.0145699 0.021916 0.0309224 0.0412532 0.0521657 0.0624757 0.070839 0.0762325 0.0782803 0.0772163 0.0736159 0.0681511 0.061469 0.0541453 0.0466543 0.0393491 0.0324654 0.0261457 0.020472 0.015496 0.0112565 0.00778055 0.00507042 0.00308637
 0.00877842 0.0142564 0.021444 0.0302564 0.0403674 0.0510569 0.0611813 0.0694504 0.0748959 0.0771781 0.0765297 0.0734775 0.0686014 0.0624378 0.0554691 0.0481239 0.0407674 0.0336911 0.0271103 0.0211709 0.0159654 0.0115494 0.00795007 0.00516069 0.00313009
#pred catch len freq
 0.0044678 0.00707559 0.0103332 0.0141662 0.0185297 0.023386 0.0286333 0.0340704 0.0394345 0.044468 0.0489622 0.0527768 0.0558473 0.058174 0.0597881 0.0607126 0.0609397 0.060425 0.0590782 0.0567402 0.0531759 0.0481422 0.0415631 0.033732 0.0253781
 0.00472889 0.00740352 0.0106529 0.0143603 0.0184851 0.02306 0.0280958 0.0334854 0.038982 0.0442509 0.0489562 0.0528506 0.0558372 0.0579697 0.0593887 0.0602317 0.0605579 0.0603104 0.0593077 0.0572613 0.0538301 0.0487405 0.0419693 0.0339087 0.0253749
 0.00505323 0.00790889 0.0113655 0.0152713 0.0195323 0.0241147 0.0289727 0.0339925 0.039003 0.0438128 0.0482246 0.052043 0.0551086 0.0573518 0.0588188 0.0596398 0.0599429 0.0597524 0.0589159 0.0570984 0.0538681 0.0488767 0.0420868 0.0339364 0.0253089
 0.00533887 0.00836207 0.0120283 0.0161789 0.0207091 0.0255626 0.0306472 0.0357753 0.0406928 0.0451565 0.0489934 0.052122 0.0545443 0.0563192 0.0575295 0.0582557 0.0585536 0.0584097 0.0576738 0.0560168 0.0529844 0.0481829 0.0415393 0.0334882 0.0249357
 0.00565048 0.00884491 0.0127128 0.0170836 0.0218455 0.0269402 0.0322696 0.0376245 0.0427057 0.0472016 0.0508647 0.0535658 0.0553255 0.0563022 0.0567284 0.0568208 0.0567044 0.0563619 0.0556003 0.0540447 0.0512035 0.0466489 0.0402749 0.0324902 0.0241851
 0.00597369 0.00934837 0.0134306 0.0180358 0.0230398 0.0283734 0.0339256 0.0394709 0.0446906 0.049251 0.0528737 0.055387 0.0567677 0.0571561 0.0568208 0.0560771 0.0551823 0.0542364 0.0531102 0.0514335 0.0486803 0.0443717 0.0383471 0.0309614 0.0230549
 0.00627191 0.00981852 0.014112 0.0189581 0.0242222 0.0298215 0.035624 0.0413767 0.0467326 0.051337 0.0548986 0.0572379 0.0583205 0.0582711 0.0573472 0.0558787 0.054182 0.0524593 0.0506986 0.0486226 0.0457469 0.0415791 0.0359019 0.0289888 0.0215922
 0.00667231 0.0104318 0.0149668 0.0200612 0.0255657 0.031392 0.0374039 0.0433351 0.0488148 0.0534581 0.0569482 0.0590917 0.0598549 0.0593707 0.0579046 0.0557925 0.0533682 0.0508811 0.048405 0.0457718 0.0425949 0.0384307 0.0330431 0.0266254 0.0198156
 0.00711723 0.0111155 0.0159226 0.0212959 0.0270629 0.0331178 0.0393094 0.0453554 0.0508718 0.0554672 0.0588243 0.0607494 0.0612072 0.0603288 0.0583799 0.0557001 0.0526325 0.0494521 0.0462886 0.0430638 0.0394971 0.0352296 0.0300475 0.0240884 0.0178749
 0.00752859 0.0117582 0.016842 0.0225186 0.0285952 0.0349429 0.0413796 0.0475861 0.0531454 0.0576491 0.0607836 0.0623767 0.0624225 0.0610792 0.0586287 0.0554134 0.0517727 0.047986 0.0442122 0.0404387 0.0364795 0.0320681 0.0270375 0.0214948 0.0158609
 0.00794135 0.0123931 0.017732 0.0236754 0.0300149 0.0366125 0.0432753 0.0496628 0.0553248 0.0598166 0.0627975 0.0640898 0.0637072 0.0618478 0.0588374 0.0550515 0.0508443 0.0464992 0.0421869 0.0379337 0.0336241 0.0290729 0.0241652 0.0189949 0.0138987
