SBPRF35
9.24451
Curr Bio
618669
B35
731652
F35
0.197234
FOFL
0.151634
OFL
69598
Bzero
2.64129e+006
#pred survey bio
 4.47422e+006 4.26352e+006 4.05346e+006 3.79561e+006 3.49903e+006 3.18613e+006 2.90023e+006 2.57568e+006 2.2808e+006 1.98991e+006 1.73104e+006 1.51378e+006 1.34074e+006 1.18664e+006 1.04824e+006 928947 837272 772365 713815 676838 647949 621976 601395 590373 595802 596953 586409 584103 590522 591947 593917 594545 584393 581112 563147 552125 542027 540526 547053 544994 560577 562049 564754 576244 589143 592973 599727 600168 610581 614347 618946 607196 597739 581408 545159 592737 642265 625142 2.02016e+007 1.22098e+007 1.26268e+007 1.35352e+007 1.47081e+007 1.59192e+007 1.70254e+007 1.79611e+007 1.87131e+007 1.92969e+007 1.97395e+007 2.00698e+007 2.03139e+007 2.04934e+007 2.06252e+007 2.07221e+007 2.07934e+007 2.08462e+007 2.08855e+007 2.09149e+007 2.0937e+007 2.09538e+007 2.09665e+007 2.09762e+007 2.09837e+007 2.09895e+007 2.09939e+007 2.09974e+007 2.10001e+007 2.10022e+007 2.10038e+007 2.10051e+007 2.10061e+007 2.10069e+007 2.10075e+007 2.1008e+007 2.10084e+007 2.10087e+007 2.10089e+007 2.10091e+007 2.10092e+007 2.10094e+007 2.10095e+007 2.10095e+007 2.10096e+007 2.10096e+007 2.10097e+007 2.10097e+007 2.10097e+007 2.10097e+007 2.10098e+007 2.10098e+007 2.10098e+007 2.10098e+007 2.10098e+007 2.10098e+007 2.10098e+007 2.10098e+007 2.10098e+007 2.10098e+007 2.10098e+007 2.10098e+007 2.10098e+007 2.10098e+007 2.10098e+007 2.10098e+007 2.10098e+007 2.10098e+007 2.10098e+007 2.10098e+007 2.10098e+007 2.10098e+007 2.10098e+007 2.10098e+007 2.10098e+007 2.10098e+007 2.10098e+007 2.10098e+007 2.10098e+007 2.10098e+007 2.10098e+007 2.10098e+007 2.10098e+007 2.10098e+007 2.10098e+007 2.10098e+007 2.10098e+007 2.10098e+007 2.10098e+007 2.10098e+007 2.10098e+007 2.10098e+007 2.10098e+007 2.10098e+007 2.10098e+007 2.10098e+007 2.10098e+007 2.10098e+007 2.10098e+007 2.10098e+007 0 0 0 0 0 0 0 0 0 0 0 0 0 0 0 0 0 0 0 0 0 0 0 0 0
#obs survey bio
 3.32651e+006 3.05483e+006 4.1413e+006 3.60098e+006 3.10207e+006 3.0422e+006 2.42286e+006 2.20898e+006 1.46396e+006 1.98796e+006 1.09723e+006 1.17438e+006 1.23414e+006 844526 1.1949e+006 632709 821733 679331 740793 898454 632518 521513 565971 495216 532665 621656 631131 583182 421811 611654 457890 582175 563994 495397 546937 895273 536413 480677 570160 537727 651758 597854 510400 570301 549351 517820 667367 889336 587048 853580 628383 709217 695422 565589 485846 558083 530787 378747
#pred catch bio
 107830 109551 162367 214018 250398 249440 308631 304502 321012 309545 287017 259713 251464 242105 226534 201554 176150 167162 145014 135062 130035 123364 113902 99866.2 103235 111311 102334 93879.9 96900.8 94650.4 93725.7 99873.1 90844 99943.9 90345.8 88150.3 83320 80845.3 91115.3 78587.5 92548.3 92622 86880.2 87910.4 97137.8 95028.2 99264 89452.8 94015.9 92217.7 104988 102321 107921 123945 54928.1 56636.4 111642 132896 69598 88917.3 90646.6 96007.2 103924 112312 119920 126232 131171 134875 137569 139483 140818 141736 142361 142781 143063 143250 143374 143456 143510 143546 143569 143584 143594 143600 143604 143607 143609 143610 143611 143611 143612 143612 143612 143612 143612 143612 143612 143612 143612 143612 143612 143612 143612 143612 143612 143612 143612 143612 143612 143612 143612 143612 143612 143612 143612 143612 143612 143612 143612 143612 143612 143612 143612 143612 143612 143612 143612 143612 143612 143612 143612 143612 143612 143612 143612 143612 143612 143612 143612 143612 143612 143612 143612 143612 143612 143612 143612 143612 143612 143612 143612 143612 143612 143612 143612 143612 143612 143612 0 0 0 0 0 0 0 0 0 0 0 0 0 0 0 0 0 0 0 0 0 0 0 0 0
#obs catch bio
 0 109366 162836 214986 252378 250654 312425 307506 324437 312390 290676 264117 256908 248373 231059 206872 179675 170479 147471 136473 131777 125421 115736 101288 104885 112939 103498 94771.7 98093.3 95402.6 94357.8 100698 90803.2 100292 91018.9 88061.1 83185.6 80591.2 90914 77992.8 92321.2 92490.6 86857.1 87907.1 97557 95683.5 99674.1 88915.5 93657.1 91485.3 104213 101262 106309 123394 54456.1 56158.9 111176 133144
#pred cpue bio
 4.40562e+006 4.19909e+006 3.99216e+006 3.73576e+006 3.44053e+006 3.12919e+006 2.84469e+006 2.52229e+006 2.22956e+006 1.941e+006 1.68416e+006 1.4684e+006 1.29652e+006 1.14397e+006 1.00753e+006 890264 800465 737318 680626 645006 617176 591979 572002 561334 566686 568124 558311 556404 562944 564740 567151 568279 559031 556403 539417 529247 519060 516128 521382 519156 534210 535497 537932 548853 561130 564698 571494 572540 583177 587136 591818 580330 570837 554617 518902 565105 614295 598356 1.9311e+007 1.16664e+007 1.19535e+007 1.27276e+007 1.38543e+007 1.50547e+007 1.61588e+007 1.70941e+007 1.78461e+007 1.84298e+007 1.88724e+007 1.92027e+007 1.94469e+007 1.96264e+007 1.97582e+007 1.9855e+007 1.99264e+007 1.99792e+007 2.00185e+007 2.00479e+007 2.007e+007 2.00867e+007 2.00994e+007 2.01092e+007 2.01166e+007 2.01224e+007 2.01269e+007 2.01303e+007 2.0133e+007 2.01351e+007 2.01367e+007 2.0138e+007 2.0139e+007 2.01398e+007 2.01404e+007 2.01409e+007 2.01413e+007 2.01416e+007 2.01418e+007 2.0142e+007 2.01422e+007 2.01423e+007 2.01424e+007 2.01425e+007 2.01425e+007 2.01426e+007 2.01426e+007 2.01426e+007 2.01427e+007 2.01427e+007 2.01427e+007 2.01427e+007 2.01427e+007 2.01427e+007 2.01427e+007 2.01427e+007 2.01427e+007 2.01427e+007 2.01427e+007 2.01427e+007 2.01427e+007 2.01427e+007 2.01427e+007 2.01427e+007 2.01427e+007 2.01427e+007 2.01427e+007 2.01427e+007 2.01427e+007 2.01427e+007 2.01427e+007 2.01427e+007 2.01427e+007 2.01427e+007 2.01427e+007 2.01427e+007 2.01427e+007 2.01427e+007 2.01427e+007 2.01427e+007 2.01427e+007 2.01427e+007 2.01427e+007 2.01427e+007 2.01427e+007 2.01427e+007 2.01427e+007 2.01427e+007 2.01427e+007 2.01427e+007 2.01427e+007 2.01427e+007 2.01427e+007 2.01427e+007 2.01427e+007 2.01427e+007 2.01427e+007 2.01427e+007 2.01427e+007 2.01427e+007 0 0 0 0 0 0 0 0 0 0 0 0 0 0 0 0 0 0 0 0 0 0 0 0 0
#obs cpue bio
 3.13456e+006 3.96535e+006 3.49939e+006 3.10053e+006 2.4247e+006 3.40892e+006 2.44876e+006 2.93363e+006 3.70568e+006 1.99375e+006 1.74452e+006 1.06835e+006 890181 993947 973398 628410 755853 694857 505180 583584 441545 450030 470289 465393 486380 584350 464411 471160 604160 629500 691039 556811 866352 592943 316008 667296 547586 630652 608150 651117 403121 454882 502797 534743 472713 435980 698142 769506 610053 584042 692276 635948 774162 480952 471619 736415 892117 593986
#pred surv len freq
 0.00499787 0.00811239 0.0122041 0.0172487 0.023117 0.0294958 0.0358617 0.0416101 0.0462854 0.0497353 0.0520836 0.0535873 0.0545063 0.0550384 0.0553001 0.0553282 0.0550955 0.0545275 0.053497 0.051791 0.0490896 0.0450322 0.0394089 0.0323954 0.0246508
 0.00523655 0.00839955 0.0124549 0.0173352 0.0229188 0.0289713 0.0350941 0.0407872 0.045615 0.0493454 0.0519694 0.0536333 0.0545628 0.0550034 0.055166 0.0551792 0.0550615 0.0547175 0.0539403 0.0524157 0.0497508 0.0455772 0.0397429 0.0325112 0.0246106
 0.0054656 0.00877883 0.0130307 0.0181342 0.0239187 0.0300705 0.0361071 0.0414925 0.0458479 0.0490829 0.0513424 0.05285 0.0537969 0.0543257 0.0545584 0.0546028 0.0545183 0.0542606 0.0536342 0.052282 0.0497433 0.0456042 0.0397189 0.0324002 0.0244332
 0.00566994 0.0091116 0.0135339 0.0188503 0.0248843 0.0313012 0.0375729 0.0430924 0.0474025 0.0503629 0.0521347 0.053037 0.0534013 0.0534883 0.0534633 0.0534035 0.0533109 0.0531026 0.0525711 0.0513509 0.0489572 0.0449443 0.0391508 0.0319003 0.0240017
 0.00589089 0.00946701 0.0140623 0.0195868 0.0258564 0.0325217 0.0390298 0.04474 0.0491568 0.0520982 0.0536854 0.054214 0.054032 0.0534723 0.0528112 0.0522314 0.0517931 0.0514149 0.0508561 0.04971 0.0474568 0.043623 0.0380265 0.0309793 0.0232841
 0.00615009 0.0098788 0.0146646 0.0204096 0.0269182 0.0338235 0.040548 0.0464225 0.0509277 0.0538666 0.0553495 0.0556575 0.0551209 0.0540661 0.0527954 0.0515588 0.0505104 0.0496553 0.0488022 0.0475499 0.0453529 0.0416995 0.0363687 0.0296357 0.0222673
 0.00634439 0.0101993 0.0151554 0.0211147 0.0278732 0.0350418 0.0420081 0.0480647 0.0526642 0.0556008 0.0569901 0.0571204 0.0563213 0.0549089 0.0531745 0.0513756 0.049707 0.0482481 0.0468956 0.0453199 0.0430103 0.0394483 0.0343738 0.0280029 0.0210366
 0.00661431 0.0106307 0.0157915 0.0219923 0.0290177 0.0364594 0.0436741 0.0499168 0.0546065 0.0575179 0.058765 0.0586492 0.0575199 0.0557097 0.0535168 0.051198 0.0489531 0.046891 0.0449702 0.0429458 0.0403855 0.0368143 0.0319635 0.0259904 0.0195064
 0.00691058 0.0110997 0.0164742 0.022919 0.0302044 0.0379011 0.0453372 0.0517359 0.0564909 0.0593659 0.060477 0.0601344 0.0586981 0.0565117 0.0538832 0.0510757 0.0482949 0.0456643 0.0431815 0.0406695 0.0377814 0.0341138 0.0294214 0.0238212 0.0178327
 0.00729455 0.0117059 0.0173523 0.0241025 0.0317037 0.039695 0.0473624 0.053886 0.0586317 0.061361 0.0622115 0.0615251 0.059691 0.0570726 0.0539875 0.0507002 0.0474148 0.0442594 0.0412548 0.0382764 0.0350554 0.0312673 0.0267094 0.0214766 0.0160027
 0.00774688 0.0124146 0.0183692 0.0254574 0.0333996 0.041701 0.0496049 0.0562458 0.0609574 0.0634953 0.0640177 0.0629034 0.0605825 0.0574538 0.0538588 0.050072 0.0462963 0.0426569 0.0391846 0.035791 0.0322715 0.0283759 0.0239497 0.0190772 0.0141166
 0.00812756 0.013028 0.0192811 0.0267228 0.0350494 0.0437231 0.0519255 0.0587273 0.0634203 0.0657557 0.0659205 0.0643384 0.0614847 0.0577974 0.0536478 0.04933 0.0450551 0.04095 0.0370515 0.0332957 0.0295263 0.0255537 0.0212669 0.0167441 0.0122773
 0.00838112 0.0134429 0.0199114 0.0276217 0.0362609 0.0452667 0.0537786 0.060814 0.0656162 0.0679059 0.0678632 0.0659278 0.0626089 0.0583876 0.0536786 0.0488106 0.0440173 0.0394389 0.0351235 0.0310284 0.0270343 0.0229978 0.0188405 0.0146331 0.0106101
 0.00858238 0.013775 0.0204204 0.0283548 0.0372579 0.0465466 0.0553252 0.062569 0.0674846 0.0697707 0.0696 0.0674156 0.0637396 0.0590752 0.0538677 0.0484804 0.0431795 0.0381316 0.0334075 0.0289892 0.0247898 0.0207011 0.0166671 0.0127469 0.00912208
 0.00882787 0.0141623 0.0209818 0.0291137 0.038227 0.0477235 0.0566861 0.0640641 0.0690401 0.0712976 0.0710055 0.0686116 0.064648 0.0596319 0.0540249 0.0482092 0.0424728 0.0370071 0.0319103 0.0271954 0.0228098 0.018677 0.0147568 0.0110942 0.00782165
 0.00900551 0.0144585 0.0214405 0.0297783 0.0391287 0.0488653 0.0580276 0.0655215 0.0705039 0.0726594 0.0721787 0.0695379 0.0652915 0.0599697 0.0540408 0.0478918 0.0418172 0.0360203 0.0306197 0.0256571 0.0211141 0.0169453 0.0131252 0.00968574 0.00671605
 0.00908394 0.0145911 0.0216506 0.0300935 0.0395782 0.0494736 0.0588054 0.0664562 0.0715539 0.0737557 0.0732347 0.070465 0.0660159 0.0604419 0.0542357 0.0478009 0.0414409 0.0353661 0.0297068 0.0245258 0.0198336 0.0156132 0.0118544 0.0085797 0.00584336
 0.0091436 0.0146773 0.0217611 0.0302221 0.0397203 0.0496336 0.0590017 0.0667191 0.0719154 0.0742356 0.0738274 0.0711342 0.0666985 0.0610614 0.0547177 0.0480863 0.0414924 0.035168 0.0292642 0.0238666 0.0190113 0.0147065 0.0109564 0.00777858 0.00520061
 0.00923332 0.0148192 0.0219665 0.0304963 0.0400594 0.050021 0.0594074 0.0671052 0.07225 0.0745065 0.0740469 0.0713296 0.0668941 0.0612613 0.0548999 0.048209 0.0415074 0.0350352 0.0289624 0.0233999 0.0184118 0.0140309 0.0102768 0.0071654 0.00470463
 0.00935053 0.0149819 0.0221606 0.030693 0.0402252 0.050133 0.0594635 0.0671237 0.0722579 0.0745264 0.0740915 0.0714044 0.0670023 0.0614046 0.0550727 0.0483911 0.0416628 0.0351191 0.0289349 0.0232394 0.0181241 0.0136501 0.00985651 0.00676361 0.00436705
 0.00948691 0.0151892 0.022444 0.0310443 0.0406204 0.0505325 0.0598165 0.0673775 0.072375 0.0745 0.0739498 0.0711987 0.0667872 0.0612213 0.054942 0.0483138 0.0416225 0.0350862 0.0288739 0.0231199 0.0179321 0.0133948 0.00956753 0.00648028 0.00412398
 0.00956269 0.015316 0.0226409 0.0313289 0.0410028 0.0510053 0.0603466 0.0679059 0.0728278 0.0748086 0.0740707 0.0711261 0.0665532 0.0608838 0.0545661 0.0479532 0.0413079 0.0348234 0.0286487 0.0229091 0.0177156 0.0131651 0.00933317 0.00626027 0.00393825
 0.00965268 0.0154485 0.0228153 0.0315379 0.0412366 0.0512582 0.060619 0.0681996 0.0731368 0.0751101 0.0743251 0.0712878 0.0665866 0.0607787 0.0543422 0.047653 0.0409805 0.0345082 0.0283665 0.0226618 0.0174946 0.0129615 0.00914494 0.00609309 0.00380072
 0.0097038 0.0155244 0.0229159 0.0316575 0.0413652 0.0513835 0.0607299 0.0682903 0.0732096 0.0751759 0.0743975 0.0713727 0.0666747 0.0608463 0.0543621 0.0476086 0.0408742 0.0343587 0.0281979 0.0224937 0.0173369 0.0128172 0.00901497 0.00597999 0.00370841
 0.00951828 0.0152512 0.0225577 0.0312359 0.040915 0.0509438 0.0603365 0.0679736 0.0729948 0.0750831 0.0744395 0.0715521 0.0669799 0.0612486 0.0548176 0.0480658 0.0412863 0.034695 0.0284479 0.0226629 0.0174392 0.012868 0.00902897 0.0059706 0.00368767
 0.00938465 0.0150405 0.0222541 0.0308325 0.0404191 0.0503825 0.0597597 0.067448 0.0725883 0.0748449 0.0743884 0.0716783 0.0672557 0.0616394 0.0552862 0.0485725 0.0417895 0.0351556 0.0288365 0.0229647 0.0176541 0.0130072 0.00910873 0.00600871 0.00370016
 0.00941773 0.0150826 0.0222954 0.0308555 0.0404016 0.0503042 0.0596092 0.0672281 0.0723181 0.0745577 0.0741255 0.0714785 0.067146 0.0616298 0.0553708 0.0487333 0.0420013 0.0353892 0.0290629 0.0231602 0.0178049 0.0131099 0.00916945 0.00603819 0.00371007
 0.00940852 0.0150637 0.0222596 0.0307927 0.0403009 0.0501562 0.0594096 0.0669806 0.0720355 0.0742627 0.0738486 0.0712542 0.0670064 0.0615968 0.0554504 0.0489146 0.042259 0.0356897 0.0293709 0.0234445 0.018043 0.013291 0.00929393 0.00611497 0.00375205
 0.00925212 0.0148301 0.0219465 0.0304115 0.0398731 0.0497077 0.0589664 0.0665675 0.0716765 0.0739797 0.0736598 0.0711732 0.0670409 0.0617484 0.0557133 0.0492738 0.0426899 0.0361593 0.029842 0.0238813 0.0184173 0.0135868 0.00950846 0.00625708 0.00383752
 0.00914007 0.0146533 0.0216911 0.0300706 0.0394505 0.0492221 0.0584539 0.0660777 0.0712609 0.0736769 0.0734874 0.0711286 0.067111 0.0619183 0.0559703 0.0496063 0.0430836 0.0365936 0.0302893 0.0243106 0.0187993 0.0139005 0.00974492 0.00641985 0.00393934
 0.00903655 0.0144889 0.0214513 0.029745 0.0390353 0.0487245 0.0578962 0.0655 0.0707165 0.0732233 0.0731732 0.0709838 0.0671415 0.0621083 0.0562901 0.0500215 0.0435609 0.037103 0.0308021 0.0247979 0.0192343 0.0142622 0.0100228 0.0066157 0.00406508
 0.00882011 0.0141693 0.0210297 0.0292428 0.0384867 0.0481649 0.0573544 0.0649975 0.0702727 0.0728596 0.0729146 0.0708556 0.0671634 0.0622872 0.0566161 0.0504687 0.0440929 0.0376792 0.0313832 0.0253487 0.0197253 0.0146718 0.0103403 0.00684231 0.00421294
 0.00882759 0.0141565 0.0209659 0.0290876 0.0382054 0.0477486 0.0568346 0.064441 0.0697573 0.0724449 0.0726266 0.0706913 0.0671086 0.0623318 0.056758 0.0507071 0.0444201 0.038076 0.03182 0.0257908 0.0201391 0.0150301 0.0106264 0.00705189 0.00435294
 0.00868508 0.0139494 0.0206983 0.0287748 0.0378642 0.0473854 0.056441 0.0640041 0.0692797 0.0719602 0.0721963 0.0703841 0.0669729 0.0623813 0.0569749 0.0510576 0.0448672 0.0385848 0.0323567 0.026321 0.0206292 0.0154521 0.0109629 0.00729866 0.00451833
 0.00860515 0.0138304 0.0205402 0.0285866 0.037663 0.0471932 0.0562786 0.0638833 0.0691951 0.0718882 0.0721057 0.0702553 0.0668138 0.0622272 0.0568722 0.0510432 0.0449565 0.0387712 0.0326179 0.0266262 0.0209449 0.0157468 0.0112126 0.00749076 0.00465204
 0.0092482 0.0147105 0.0215605 0.0295576 0.0383602 0.0474466 0.0560439 0.0632511 0.0683394 0.07099 0.0712948 0.0695907 0.0662982 0.0618365 0.0565834 0.0508474 0.0448562 0.0387691 0.0327069 0.0267864 0.0211467 0.015958 0.0114054 0.00764702 0.00476516
 0.0100031 0.0158785 0.0231982 0.0316527 0.0408062 0.0500237 0.058423 0.0650509 0.0692402 0.0708548 0.0702222 0.0678621 0.064256 0.0597695 0.0546732 0.0491776 0.0434505 0.0376256 0.0318147 0.0261268 0.020691 0.0156685 0.011239 0.00756267 0.00472897
 0.00993275 0.015874 0.0233927 0.0322328 0.041957 0.0518407 0.0608333 0.0677891 0.0718995 0.0729935 0.0714856 0.0680774 0.0634699 0.0582136 0.0526736 0.047051 0.041434 0.0358576 0.030353 0.0249787 0.0198352 0.0150667 0.0108434 0.00732142 0.00459366
 0.00963368 0.0154244 0.022792 0.0315245 0.0412425 0.0512846 0.0606478 0.0681819 0.0729868 0.0747159 0.0735813 0.0701466 0.0651062 0.0591399 0.0528172 0.046532 0.0404877 0.0347384 0.0292636 0.0240424 0.0191028 0.0145387 0.0104915 0.0071054 0.0044722
 0.00971876 0.0155188 0.0228538 0.0314911 0.0410518 0.050911 0.0601341 0.0676508 0.0726195 0.0746997 0.0740399 0.0710763 0.066351 0.0604281 0.0538537 0.0471053 0.0405363 0.034348 0.0286075 0.0233052 0.0184248 0.0139955 0.0101023 0.0068531 0.00432366
 0.00962406 0.0153818 0.0226768 0.0312812 0.0408118 0.0506288 0.059783 0.0672068 0.0720927 0.0741621 0.0736258 0.0709438 0.0666148 0.0610961 0.0548045 0.0481252 0.0414011 0.0349071 0.0288264 0.0232514 0.0182158 0.0137433 0.00988051 0.0066921 0.004223
 0.00966374 0.0154436 0.0227649 0.0313978 0.0409568 0.0507974 0.0599619 0.0673685 0.0721955 0.0741601 0.0734915 0.0706943 0.0663227 0.0608686 0.0547339 0.0482381 0.04164 0.0351593 0.0289832 0.0232583 0.0180868 0.0135376 0.00966493 0.0065129 0.00409762
 0.00974706 0.0155654 0.0229231 0.0315819 0.0411508 0.0509859 0.0601329 0.0675142 0.0723087 0.0742296 0.073501 0.070627 0.0661734 0.0606571 0.0545078 0.0480565 0.041543 0.0351445 0.0290071 0.0232641 0.0180374 0.0134323 0.00953062 0.00638326 0.00399553
 0.00975736 0.0155814 0.0229455 0.03161 0.0411823 0.0510159 0.0601553 0.0675236 0.0723033 0.0742136 0.0734822 0.0706118 0.0661613 0.0606422 0.0544857 0.0480323 0.0415311 0.0351581 0.0290456 0.0233093 0.0180647 0.0134257 0.00949217 0.00632815 0.00394141
 0.00966277 0.0154488 0.0227851 0.0314444 0.0410401 0.050921 0.0601183 0.0675401 0.0723584 0.0742893 0.0735641 0.0706916 0.0662366 0.0607128 0.0545515 0.0480927 0.041587 0.0352124 0.0291005 0.0233622 0.0181074 0.0134494 0.00949367 0.00631224 0.00391771
 0.0094486 0.0151456 0.0224124 0.0310503 0.0406894 0.050675 0.060017 0.0675934 0.0725479 0.0745749 0.0738941 0.0710146 0.0665133 0.0609233 0.0546948 0.0481806 0.0416365 0.0352394 0.0291168 0.023374 0.0181158 0.0134521 0.00948852 0.00629995 0.00390179
 0.0091866 0.0147398 0.021842 0.0303162 0.0398217 0.0497396 0.059116 0.0668523 0.072084 0.0744595 0.0741285 0.0715341 0.0672141 0.0616958 0.0554498 0.048861 0.042216 0.0357145 0.0294961 0.0236701 0.0183403 0.0136151 0.00959918 0.00636847 0.00393939
 0.00920247 0.0147314 0.0217666 0.0301146 0.0394352 0.0491377 0.0583207 0.0659454 0.0711915 0.07372 0.0736578 0.0713974 0.0674122 0.06217 0.0561028 0.0495862 0.0429237 0.0363458 0.0300231 0.0240881 0.0186574 0.0138449 0.00975684 0.00646941 0.00399873
 0.00915892 0.014662 0.0216629 0.0299647 0.0392199 0.0488286 0.0578855 0.065362 0.0704695 0.0729177 0.0728818 0.0707787 0.0670669 0.0621621 0.0564257 0.0501696 0.0436604 0.0371242 0.0307535 0.0247144 0.0191563 0.0142169 0.0100169 0.00663919 0.00410139
 0.00913499 0.0146274 0.0216184 0.0299131 0.0391636 0.0487658 0.0578061 0.0652456 0.0702874 0.0726422 0.0725024 0.0703192 0.0665917 0.061764 0.0561958 0.0501634 0.0438778 0.0375131 0.0312323 0.025201 0.0195891 0.014563 0.0102694 0.00680802 0.00420501
 0.00921047 0.0147259 0.0217225 0.0299925 0.0391851 0.0487077 0.0576685 0.0650497 0.0700628 0.0724108 0.0722692 0.0700755 0.0663303 0.0614955 0.0559565 0.0500067 0.0438516 0.0376365 0.0314852 0.025532 0.0199362 0.0148746 0.0105158 0.00698239 0.00431616
 0.00936565 0.0149761 0.0220928 0.0304986 0.0398224 0.049439 0.0584179 0.065712 0.0705325 0.0726158 0.0721903 0.0697424 0.0658005 0.0608353 0.0552325 0.049286 0.0432008 0.0371121 0.0311199 0.0253254 0.019858 0.014879 0.0105583 0.00703129 0.00435552
 0.00945588 0.0151212 0.0223084 0.0307993 0.0402197 0.0499366 0.0590042 0.0663524 0.0711661 0.0731613 0.0725632 0.0698775 0.065672 0.0604628 0.0546728 0.0486164 0.0425031 0.0364608 0.0305722 0.0249137 0.0195857 0.0147246 0.0104872 0.00700844 0.00435445
 0.00960426 0.0153528 0.0226388 0.031236 0.0407606 0.050568 0.0596985 0.0670677 0.0718498 0.0737565 0.0730139 0.070133 0.0656927 0.0602301 0.054199 0.0479482 0.0417148 0.0356394 0.0298001 0.0242536 0.0190717 0.0143608 0.0102537 0.00687283 0.00428322
 0.00974416 0.0156025 0.0230541 0.0318776 0.0416739 0.0517546 0.0610922 0.0685352 0.073221 0.0748706 0.0737563 0.0704496 0.0655836 0.0597336 0.053378 0.0468819 0.0404948 0.0343648 0.0285691 0.0231509 0.0181563 0.0136582 0.0097566 0.00654976 0.00409085
 0.00907026 0.0145606 0.0215922 0.0299989 0.0394542 0.0493556 0.058765 0.0665909 0.0719589 0.074488 0.0742878 0.0717665 0.0674461 0.0618629 0.0555168 0.0488329 0.0421363 0.0356503 0.0295132 0.0238082 0.0185971 0.0139491 0.00994862 0.00667662 0.00417313
 0.00881439 0.0141058 0.0208377 0.0288333 0.0377883 0.0471752 0.0561785 0.063843 0.0693926 0.0724671 0.0731105 0.0715968 0.0682794 0.0635344 0.0577498 0.0513096 0.0445682 0.0378258 0.0313158 0.0252072 0.0196237 0.0146669 0.0104293 0.00698497 0.00436162
 0.00887016 0.0142306 0.0210821 0.0292469 0.038385 0.0478889 0.0568424 0.0642212 0.0692677 0.0717444 0.0718772 0.0701026 0.0668488 0.0624557 0.0571898 0.0512823 0.0449593 0.0384539 0.0320002 0.0258166 0.0200932 0.0149885 0.0106291 0.00709969 0.00442373
#obs surv len freq
 nan nan nan nan nan nan nan nan nan nan nan nan nan nan nan nan nan nan nan nan nan nan nan nan nan
 0.00448496 0.00734662 0.0111771 0.0159943 0.0216961 0.0279727 0.0342876 0.0400192 0.0446985 0.0481614 0.0505179 0.0520122 0.0529029 0.0534139 0.053727 0.0539811 0.054259 0.0545514 0.0546899 0.0542816 0.0527198 0.0493521 0.0438024 0.036283 0.0276674
 0.00461657 0.00756219 0.0115042 0.0164585 0.0223148 0.0287457 0.0351872 0.0409877 0.045656 0.0490217 0.0512046 0.05247 0.0531034 0.0533557 0.0534316 0.0534853 0.0536061 0.053784 0.0538471 0.0534004 0.0518389 0.0485147 0.0430531 0.0356597 0.027191
 0.00477983 0.00783012 0.0119121 0.0170409 0.0230984 0.0297385 0.0363667 0.0422955 0.0470042 0.0503068 0.0523235 0.0533326 0.0536419 0.0535312 0.0532371 0.0529434 0.0527626 0.0526986 0.0525866 0.0520355 0.0504453 0.0471736 0.041845 0.0346512 0.0264188
 0.00496824 0.0081391 0.0123822 0.0177118 0.0240018 0.030886 0.0377374 0.0438305 0.0486133 0.051883 0.0537578 0.0545237 0.0545018 0.0539915 0.0532548 0.0525062 0.0518906 0.0514424 0.0510228 0.0502626 0.0485797 0.0453436 0.0401775 0.0332498 0.0253418
 0.00518568 0.00849265 0.0129146 0.0184634 0.0250034 0.032148 0.0392374 0.0455083 0.0503775 0.0536271 0.0553741 0.0559121 0.0555729 0.0546678 0.053474 0.0522263 0.0510973 0.0501564 0.0493054 0.048218 0.0463524 0.0431059 0.0381059 0.0314913 0.023982
 0.00541258 0.0088656 0.0134834 0.0192766 0.026099 0.0335379 0.0408924 0.0473539 0.0523057 0.0555181 0.0571157 0.0574081 0.0567428 0.0554429 0.0537944 0.0520417 0.0503728 0.0488841 0.0475194 0.0460086 0.0438709 0.0405537 0.0357021 0.0294259 0.0223718
 0.00564204 0.00924187 0.014056 0.0200943 0.0272013 0.0349409 0.0425737 0.0492457 0.054303 0.0574974 0.0589546 0.0589987 0.057997 0.0562918 0.0541835 0.0519257 0.0497147 0.047663 0.0457485 0.0437575 0.0412816 0.037836 0.0330999 0.0271615 0.0205898
 0.00588711 0.00964147 0.0146597 0.0209493 0.028344 0.036383 0.0442882 0.0511616 0.0563146 0.0594838 0.0607983 0.0605958 0.0592607 0.0571525 0.0545864 0.0518273 0.0490801 0.0464696 0.0440006 0.0415101 0.0386629 0.0350509 0.0304002 0.0247871 0.0187048
 0.00612735 0.0100375 0.0152656 0.0218185 0.0295182 0.0378751 0.0460654 0.0531404 0.0583745 0.0614919 0.0626323 0.0621551 0.0604686 0.0579514 0.0549327 0.051686 0.0484219 0.0452739 0.0422688 0.0392885 0.0360674 0.032275 0.0276906 0.0223869 0.0167865
 0.0063693 0.0104329 0.0158647 0.02267 0.0306602 0.0393213 0.0477892 0.0550682 0.0603941 0.0634727 0.064446 0.0636915 0.0616427 0.0587048 0.055229 0.0515021 0.0477414 0.0440863 0.0405791 0.0371395 0.0335641 0.0295958 0.0250678 0.0200538 0.0149134
 0.00662623 0.0108526 0.0165 0.0235705 0.0318621 0.0408314 0.0495691 0.0570302 0.0624142 0.0654158 0.066188 0.0651315 0.0627056 0.0593397 0.0554059 0.0512069 0.0469696 0.0428403 0.0388748 0.0350232 0.0311347 0.0270171 0.0225532 0.0178193 0.013118
 0.00683929 0.0112075 0.0170496 0.0243691 0.0329537 0.0422316 0.0512472 0.0589028 0.0643585 0.0672936 0.0678705 0.0665137 0.0637121 0.0599232 0.0555423 0.0508889 0.0462002 0.0416309 0.0372494 0.0330319 0.0288725 0.0246335 0.0202393 0.0157679 0.0114708
 0.00707261 0.0115859 0.0176176 0.025168 0.0340145 0.0435628 0.0528214 0.0606506 0.0661744 0.0690536 0.0694512 0.0678079 0.0646385 0.0604307 0.0556083 0.0505132 0.0453969 0.0404231 0.0356714 0.0311397 0.0267582 0.0224335 0.018123 0.0139033 0.00997958
 0.00725597 0.0118926 0.0180949 0.0258639 0.0349669 0.0447823 0.0542758 0.0622613 0.067831 0.0706378 0.0708571 0.0689508 0.0654552 0.0608776 0.0556608 0.0501646 0.0446567 0.0393144 0.0342318 0.0294277 0.0248626 0.020478 0.0162556 0.0122676 0.00867696
 0.00742712 0.0121702 0.0185117 0.0264512 0.0357496 0.0457708 0.0554556 0.0635865 0.0692262 0.0720085 0.0721043 0.0699851 0.0662069 0.0613012 0.0557336 0.049882 0.0440272 0.0383586 0.0329844 0.0279434 0.0232233 0.0187941 0.0146556 0.0108726 0.00757047
 0.00751351 0.0123128 0.0187307 0.0267676 0.0361822 0.0463311 0.0561425 0.0643834 0.0701033 0.0729259 0.0730147 0.0708341 0.0669346 0.061847 0.0560443 0.0499187 0.0437694 0.0378055 0.0321558 0.0268828 0.022001 0.0175063 0.0134134 0.00977988 0.00669938
 0.00759139 0.0124326 0.0188986 0.0269862 0.0364518 0.0466521 0.0565154 0.0648083 0.0705774 0.0734421 0.0735599 0.0713875 0.0674659 0.0623163 0.0564041 0.0501193 0.0437672 0.0375716 0.0316838 0.0261942 0.0211476 0.0165672 0.0124828 0.00894764 0.00602902
 0.00766449 0.0125479 0.0190655 0.0272096 0.0367309 0.0469777 0.0568696 0.0651668 0.0709173 0.0737502 0.073836 0.0716407 0.0677054 0.0625416 0.0565996 0.0502544 0.0438023 0.0374672 0.0314129 0.0257529 0.0205622 0.0158934 0.0117948 0.00831994 0.0055168
 0.00773117 0.0126488 0.0192033 0.0273822 0.0369325 0.0472004 0.0571043 0.0654033 0.0711439 0.0739555 0.0740122 0.0717863 0.0678251 0.0626438 0.0566887 0.0503247 0.0438343 0.0374313 0.0312782 0.0255006 0.0201964 0.0154452 0.0113165 0.00786981 0.00514133
 0.00777767 0.0127213 0.0193062 0.027517 0.0370962 0.0473852 0.0572973 0.0655884 0.0713058 0.0740851 0.074108 0.0718534 0.0678717 0.0626773 0.0567143 0.0503429 0.0438384 0.0374057 0.0312017 0.0253536 0.0199719 0.0151561 0.0109948 0.00755671 0.00487341
 0.00781563 0.0127777 0.0193814 0.0276079 0.0371977 0.0474916 0.0574036 0.06569 0.0713985 0.0741645 0.0741711 0.0718993 0.0679025 0.0626973 0.056728 0.0503526 0.0438418 0.0373951 0.0311638 0.025274 0.0198417 0.0149788 0.0107881 0.00734796 0.00468935
 0.00785032 0.0128303 0.0194533 0.0276973 0.0372997 0.0475985 0.0575058 0.0657778 0.0714641 0.0742051 0.0741888 0.0719001 0.0678933 0.0626835 0.0567131 0.050338 0.0438267 0.0373753 0.0311315 0.0252197 0.0197578 0.0148647 0.010653 0.00720852 0.00456373
 0.00786873 0.0128587 0.0194933 0.027749 0.0373615 0.0476673 0.0575763 0.0658431 0.0715173 0.0742409 0.0742055 0.0719 0.0678813 0.062666 0.0566953 0.0503228 0.0438142 0.0373625 0.0311133 0.0251891 0.019709 0.014796 0.0105688 0.00711908 0.00448107
 0.00786645 0.012852 0.0194776 0.027719 0.0373129 0.0475997 0.0574955 0.0657606 0.0714473 0.0741955 0.0741914 0.0719174 0.0679257 0.0627303 0.0567721 0.0504053 0.0438963 0.0374383 0.0311765 0.0252337 0.0197303 0.0147925 0.010544 0.00708076 0.00443903
 0.00787314 0.0128574 0.0194756 0.0277004 0.0372678 0.047521 0.0573831 0.0656229 0.0713002 0.0740593 0.0740863 0.071859 0.0679212 0.0627777 0.0568614 0.0505221 0.0440256 0.0375666 0.0312927 0.0253295 0.0198 0.0148342 0.0105602 0.00707773 0.00442517
 0.00789701 0.0128929 0.0195224 0.0277552 0.0373234 0.0475673 0.0574074 0.065613 0.0712483 0.0739662 0.0739636 0.0717267 0.0678025 0.062692 0.0568196 0.050525 0.0440652 0.0376301 0.0313658 0.0253994 0.0198573 0.0148738 0.0105813 0.00708355 0.00442118
 0.00788214 0.0128692 0.0194879 0.0277082 0.0372639 0.0474965 0.0573286 0.0655309 0.0711677 0.0738908 0.073896 0.0716698 0.0677611 0.0626731 0.0568305 0.0505701 0.0441431 0.0377331 0.0314815 0.0255138 0.0199582 0.0149532 0.0106365 0.00711667 0.00443751
 0.00786943 0.0128459 0.019448 0.0276451 0.0371722 0.0473756 0.0571849 0.065378 0.0710231 0.0737711 0.0738121 0.071626 0.0677559 0.0627019 0.0568886 0.0506538 0.0442492 0.0378569 0.0316153 0.025647 0.0200797 0.015054 0.0107119 0.00716713 0.00446731
 0.00786203 0.01283 0.019417 0.0275905 0.0370853 0.0472512 0.0570247 0.065192 0.0708288 0.0735899 0.0736656 0.0715308 0.0677209 0.0627268 0.0569655 0.0507708 0.0443936 0.038017 0.0317806 0.0258073 0.0202251 0.0151762 0.0108063 0.00723332 0.00450911
 0.00784931 0.0128094 0.0193861 0.0275463 0.0370247 0.0471707 0.0569215 0.0650658 0.0706832 0.0734344 0.0735149 0.0714031 0.0676334 0.0626922 0.0569882 0.0508469 0.0445125 0.0381643 0.0319414 0.0259677 0.0203733 0.015303 0.0109062 0.00730535 0.00455619
 0.00781655 0.0127596 0.0193174 0.0274595 0.0369227 0.047058 0.0568034 0.0649481 0.0705712 0.0733321 0.0734255 0.0713304 0.067583 0.0626716 0.0570051 0.0509056 0.0446117 0.0382965 0.0320942 0.0261266 0.0205241 0.0154347 0.0110119 0.00738285 0.00460791
 0.0077819 0.0127003 0.0192231 0.0273201 0.036732 0.0468191 0.0565325 0.0646735 0.0703262 0.0731451 0.0733124 0.0712931 0.0676134 0.0627569 0.0571331 0.0510669 0.044799 0.0385022 0.0323087 0.0263379 0.0207194 0.0156028 0.0111458 0.00748101 0.0046736
 0.00776469 0.0126687 0.0191687 0.0272325 0.0366007 0.0466374 0.0563018 0.0644057 0.0700442 0.0728793 0.0730951 0.0711505 0.0675602 0.0627932 0.057247 0.0512395 0.0450105 0.0387351 0.0325481 0.0265704 0.0209326 0.0157862 0.0112925 0.00758912 0.00474651
 0.00773255 0.0126178 0.0190944 0.027131 0.0364693 0.0464746 0.0561087 0.0641873 0.0698106 0.0726458 0.0728818 0.0709804 0.067455 0.0627685 0.0573078 0.0513787 0.0452113 0.0389755 0.0328053 0.026824 0.0211659 0.0159868 0.0114529 0.00770758 0.00482671
 0.0093059 0.0148188 0.0217483 0.0298551 0.0387852 0.0479857 0.0566406 0.0638129 0.0687665 0.0712113 0.0712911 0.069393 0.0659661 0.0614319 0.0561523 0.0504168 0.0444416 0.038385 0.032372 0.0265215 0.0209665 0.015864 0.0113836 0.00767264 0.00481149
 0.00927056 0.0150524 0.0226129 0.031801 0.0421546 0.0527474 0.0622225 0.0691962 0.0728499 0.0732469 0.0711317 0.0674326 0.0628683 0.0578466 0.0525561 0.0470893 0.041515 0.035904 0.0303356 0.0249043 0.0197293 0.0149582 0.0107538 0.00726062 0.00456019
 0.00895148 0.0145482 0.0219024 0.0309304 0.0412906 0.0522145 0.0624638 0.0706151 0.0755665 0.0769177 0.0749933 0.0705917 0.0646761 0.0581235 0.0515607 0.0453063 0.0394278 0.033864 0.0285395 0.0234313 0.0185876 0.0141188 0.0101704 0.00687972 0.00432844
 0.0087984 0.0142894 0.0214949 0.0303307 0.0404708 0.051193 0.0613457 0.0696203 0.0750141 0.0771383 0.076179 0.072653 0.0672077 0.0605362 0.0533211 0.0461432 0.0393867 0.0332085 0.0275932 0.0224565 0.0177403 0.013461 0.00970292 0.00657281 0.00414218
 0.00873272 0.0141786 0.0213198 0.0300683 0.0400965 0.0506861 0.0606999 0.0688596 0.074212 0.0764325 0.0757638 0.0727301 0.0678961 0.0617826 0.0548766 0.0476437 0.0405034 0.0337766 0.0276451 0.0221581 0.0172898 0.0130123 0.00933888 0.00631627 0.00398087
 0.00868374 0.0141015 0.0212081 0.0299164 0.0398992 0.0504375 0.0603939 0.068492 0.0737853 0.0759655 0.0753044 0.0723652 0.067743 0.0619507 0.0554085 0.0484685 0.0414418 0.0346096 0.0282075 0.0223993 0.0172682 0.0128414 0.00912699 0.00613195 0.00385
 0.00867554 0.0140813 0.0211654 0.0298377 0.0397717 0.050255 0.0601609 0.0682223 0.0734966 0.0756729 0.0750194 0.0721032 0.067535 0.0618489 0.0554739 0.0487401 0.0419025 0.0351745 0.0287517 0.0228116 0.017497 0.0129039 0.00908315 0.00604702 0.00376878
 0.00865792 0.0140564 0.0211341 0.0298019 0.0397317 0.0502069 0.0600956 0.0681283 0.0733659 0.0755056 0.0748254 0.0718999 0.0673437 0.0616953 0.0553892 0.0487575 0.0420433 0.0354302 0.0290759 0.023133 0.0177498 0.0130552 0.00913962 0.00604106 0.00373656
 0.00864102 0.0140288 0.0210927 0.0297444 0.0396582 0.0501207 0.0600038 0.0680395 0.0732858 0.0754342 0.0747572 0.0718276 0.0672652 0.0616167 0.0553264 0.0487327 0.0420785 0.0355376 0.0292478 0.0233398 0.0179494 0.013211 0.00923542 0.00608268 0.00374296
 0.00866251 0.0140601 0.0211329 0.02979 0.0397033 0.0501585 0.0600273 0.0680437 0.0732682 0.0753952 0.0746993 0.071754 0.0671781 0.0615195 0.0552254 0.0486401 0.0420113 0.0355122 0.0292724 0.0234085 0.0180426 0.0133033 0.00930652 0.00612483 0.00376018
 0.0086615 0.0140636 0.0211475 0.029824 0.0397637 0.0502464 0.0601347 0.0681537 0.0733601 0.0754516 0.0747109 0.0717207 0.0671069 0.0614209 0.0551108 0.0485214 0.0419015 0.0354247 0.0292183 0.0233918 0.0180576 0.0133366 0.00934265 0.00615266 0.00377594
 0.00862356 0.0140043 0.0210631 0.0297143 0.0396338 0.0501081 0.0600069 0.0680585 0.0733159 0.0754654 0.0747749 0.0718161 0.0672114 0.0615163 0.055187 0.0485763 0.0419391 0.0354529 0.029246 0.0234257 0.0180999 0.0133837 0.00938753 0.00618887 0.00380046
 0.00862167 0.0139989 0.0210507 0.0296903 0.0395933 0.0500487 0.0599303 0.0679721 0.0732325 0.0753999 0.0747405 0.0718191 0.067249 0.061577 0.0552556 0.0486394 0.0419891 0.035489 0.0292725 0.023449 0.0181245 0.0134107 0.00941486 0.00621287 0.00381844
 0.00860681 0.0139757 0.0210175 0.0296459 0.0395371 0.0499807 0.0598515 0.0678854 0.0731431 0.0753165 0.0746736 0.0717799 0.0672457 0.0616119 0.0553231 0.0487274 0.0420835 0.0355778 0.029349 0.0235119 0.0181758 0.013453 0.00944941 0.00623989 0.0038379
 0.00861951 0.0139933 0.0210383 0.0296663 0.0395526 0.0499868 0.0598452 0.0678653 0.0731094 0.0752702 0.0746176 0.0717195 0.0671888 0.0615675 0.0552991 0.0487271 0.0421043 0.0356128 0.0293898 0.0235516 0.0182108 0.0134821 0.0094729 0.00625809 0.00385114
 0.00861951 0.0139933 0.0210383 0.0296663 0.0395526 0.0499868 0.0598452 0.0678653 0.0731094 0.0752702 0.0746176 0.0717195 0.0671888 0.0615675 0.0552991 0.0487271 0.0421043 0.0356128 0.0293898 0.0235516 0.0182108 0.0134821 0.0094729 0.00625809 0.00385114
 0.00882535 0.0143204 0.0215146 0.0303078 0.0403543 0.0509117 0.0608171 0.0687742 0.0738346 0.0757135 0.0747288 0.0715038 0.0666982 0.0608819 0.0545073 0.0479113 0.0413296 0.0349222 0.0288054 0.0230794 0.0178459 0.0132135 0.00928585 0.00613612 0.00377736
 0.00881878 0.0143339 0.0215797 0.0304687 0.0406566 0.051384 0.0614531 0.0695259 0.0746192 0.0764306 0.0752817 0.0718191 0.0667398 0.0606575 0.0540636 0.0473206 0.0406717 0.0342689 0.0282105 0.0225749 0.0174444 0.0129128 0.0090744 0.00599716 0.00369264
 0.00885456 0.0143847 0.0216441 0.0305449 0.0407484 0.0515074 0.0616377 0.0698056 0.0750138 0.0769271 0.075827 0.0723299 0.0671263 0.06085 0.0540309 0.0470756 0.0402634 0.0337667 0.0276854 0.0220855 0.0170288 0.0125877 0.00883922 0.00583977 0.00359549
 0.00907879 0.014739 0.0221562 0.0312284 0.0415938 0.0524734 0.0626462 0.070752 0.0757941 0.0774686 0.0761048 0.0723589 0.0669382 0.0604736 0.0534877 0.0463877 0.0394649 0.0329081 0.0268288 0.0212923 0.0163474 0.0120451 0.00843925 0.00556761 0.00342514
 0.00843995 0.0137514 0.0207697 0.0294433 0.0394748 0.0501608 0.0603601 0.0687696 0.0743912 0.076844 0.0763255 0.0733533 0.0685306 0.0624356 0.0555843 0.0484127 0.0412646 0.0343931 0.0279732 0.0221205 0.0169137 0.0124133 0.00866819 0.00570395 0.00350266
 0.00826816 0.0134015 0.020116 0.0283351 0.037785 0.0478593 0.0575748 0.0657936 0.0716197 0.0746708 0.0750466 0.0731106 0.0693009 0.0640547 0.0577941 0.0509172 0.0437849 0.0367081 0.0299411 0.0236811 0.0180742 0.0132254 0.00920376 0.0060367 0.00369678
 0.00878352 0.0142094 0.0212666 0.0298289 0.0395432 0.0496949 0.0591897 0.0668316 0.071781 0.0738391 0.0733545 0.0709001 0.067003 0.0620521 0.0563275 0.0500574 0.04346 0.0367622 0.0301982 0.023994 0.0183494 0.0134236 0.00932501 0.00610015 0.00372494
#pred catch len freq
 0.00418125 0.00664551 0.00975215 0.0134499 0.0177103 0.0225015 0.0277196 0.0331587 0.038551 0.0436312 0.0481809 0.0520492 0.0551649 0.0575298 0.0591886 0.0601926 0.0605757 0.0603379 0.0594168 0.0576376 0.0546878 0.0501933 0.043936 0.0361209 0.027487
 0.00439401 0.006912 0.0100102 0.0136026 0.0176644 0.0222215 0.0272623 0.0326577 0.0381516 0.0434154 0.0481276 0.0520546 0.0551055 0.0573318 0.0588697 0.0598583 0.0603735 0.0603889 0.0597535 0.0581811 0.0552796 0.0506675 0.044192 0.0361546 0.02737
 0.00461947 0.0072717 0.0105326 0.0142931 0.0184859 0.0230776 0.0280003 0.0331098 0.0382079 0.0430851 0.0475394 0.0513857 0.054487 0.0567983 0.0583828 0.059376 0.0599072 0.0600069 0.0595325 0.0581469 0.0553795 0.0507964 0.0442512 0.0361013 0.0272255
 0.00484192 0.00762336 0.0110452 0.0149941 0.0193978 0.0242101 0.0293311 0.0345582 0.0396195 0.0442506 0.0482561 0.0515369 0.054091 0.0559892 0.0573363 0.0582372 0.0587658 0.0589181 0.058544 0.057298 0.0546815 0.0502237 0.0437596 0.0356593 0.0268313
 0.00508194 0.00799947 0.0115863 0.0157216 0.0203272 0.0253516 0.0306856 0.0361062 0.0413066 0.0459716 0.0498476 0.0527935 0.0548137 0.0560522 0.0567357 0.0570872 0.0572481 0.0572195 0.0568167 0.0556501 0.0531821 0.0489097 0.0426446 0.0347452 0.0261158
 0.00534479 0.00840864 0.0121695 0.016496 0.0213013 0.0265277 0.0320571 0.0376528 0.0429886 0.0477256 0.0515808 0.0543772 0.0560852 0.0568349 0.0568809 0.0565253 0.0560191 0.0554641 0.0547337 0.0534452 0.0510311 0.0469445 0.040953 0.0333748 0.025078
 0.00559563 0.0088052 0.0127462 0.0172794 0.0223086 0.0277634 0.033507 0.039279 0.0447313 0.0495101 0.0533229 0.0559849 0.0574534 0.0578414 0.0573919 0.0564179 0.0552202 0.0539875 0.052694 0.0510387 0.0484928 0.0445009 0.0387861 0.031601 0.0237408
 0.00589022 0.0092649 0.0134037 0.0181562 0.023417 0.0291069 0.0350755 0.0410404 0.0466245 0.0514459 0.0551935 0.0576767 0.0588592 0.0588642 0.0579409 0.0564044 0.0545666 0.0526545 0.0507164 0.0485478 0.0457084 0.0416907 0.036207 0.0294445 0.0220999
 0.00624 0.00980558 0.0141664 0.0191545 0.0246496 0.0305616 0.036728 0.0428493 0.0485286 0.0533653 0.0570341 0.0593363 0.060235 0.0598604 0.0584726 0.0563974 0.0539573 0.0514001 0.0488206 0.0460929 0.0428738 0.0387356 0.0334169 0.0270597 0.0202583
 0.00666631 0.0104642 0.0150942 0.0203652 0.0261356 0.0322971 0.0386669 0.044921 0.0506395 0.0554081 0.0589004 0.0609272 0.0614664 0.060664 0.058793 0.0561873 0.0531746 0.050014 0.0468306 0.04356 0.0399473 0.0356538 0.0304658 0.0245005 0.018257
 0.00715823 0.0112206 0.0161531 0.0217358 0.0278031 0.0342276 0.0408067 0.0471909 0.0529326 0.0575978 0.0608551 0.0625272 0.0626181 0.0613061 0.0588935 0.0557326 0.0521584 0.0484337 0.0447001 0.0409369 0.0369631 0.0325238 0.0274596 0.0218764 0.0161889
 0.00757737 0.0118785 0.0170999 0.0230041 0.0294046 0.0361481 0.0429965 0.0495586 0.05535 0.0599155 0.062923 0.064211 0.0638116 0.0619391 0.0589332 0.055177 0.0510248 0.0467497 0.0425058 0.0383033 0.0340174 0.0294626 0.0245289 0.0193155 0.0141639
 0.0079041 0.0123937 0.0178471 0.0240175 0.0307079 0.0377512 0.0448855 0.051683 0.0576153 0.0621873 0.0650412 0.0660128 0.0651559 0.0627254 0.0591089 0.0547329 0.0499832 0.0451535 0.0404159 0.0358074 0.0312471 0.0266029 0.0218023 0.0169366 0.0122813
 0.00818179 0.0128324 0.0184847 0.0248839 0.0318238 0.0391252 0.0465063 0.0535112 0.0595796 0.0641871 0.0669532 0.0677011 0.0664867 0.0635843 0.0594156 0.0544496 0.049113 0.0437343 0.0385147 0.0335218 0.0287132 0.0239981 0.0193297 0.0147862 0.0105825
 0.00849154 0.0133096 0.0191549 0.0257566 0.0328963 0.0403865 0.0479368 0.0550765 0.0612252 0.0658373 0.0685157 0.0690757 0.0675746 0.0642972 0.0596838 0.0542274 0.0483838 0.0425135 0.036852 0.0315049 0.0264702 0.0216941 0.0171484 0.0128951 0.00909226
 0.00869719 0.0136403 0.0196461 0.0264386 0.0337895 0.0414928 0.0492304 0.056501 0.0627009 0.0672754 0.0698314 0.0701942 0.0684328 0.0648426 0.059874 0.0540313 0.0477842 0.0415124 0.0354787 0.0298243 0.024588 0.0197525 0.0153072 0.0112987 0.00783535
 0.00877087 0.0137631 0.0198378 0.0267237 0.0341964 0.042051 0.0499628 0.0574126 0.0637683 0.068441 0.0710088 0.0712838 0.0693416 0.0654989 0.0602315 0.0540641 0.0474805 0.0408727 0.0345214 0.0285952 0.0231682 0.018257 0.013869 0.0100405 0.00683915
 0.0088578 0.0138902 0.0200035 0.0269201 0.0344154 0.0422928 0.0502421 0.057757 0.0642086 0.0689974 0.0716769 0.0720273 0.0700946 0.0661786 0.0607554 0.0543651 0.0475147 0.0406208 0.033988 0.0278118 0.0221967 0.0171888 0.0128129 0.00909918 0.00608439
