SBPRF35
8.43585
Curr Bio
642801
B35
547276
F35
0.205649
FOFL
0.205649
OFL
106666
Bzero
2.41024e+006
#pred survey bio
 2.74015e+006 2.49619e+006 2.31347e+006 2.05738e+006 1.83143e+006 1.63837e+006 1.39655e+006 1.26268e+006 1.13301e+006 1.02482e+006 908917 781168 685237 640723 612370 600207 559323 566059 582102 591379 601211 576461 544463 493118 503076 521778 550507 554433 521749 506283 515733 530502 528159 541162 556170 567127 573126 566750 564142 567412 565938 564188 554698 568515 591070 620564 596308 542664 578697 563186 540591 560459 632276 650975 1.53782e+007 1.39629e+007 1.41156e+007 1.46303e+007 1.53405e+007 1.60889e+007 1.67768e+007 1.73591e+007 1.78262e+007 1.81878e+007 1.8461e+007 1.86644e+007 1.88145e+007 1.89248e+007 1.90058e+007 1.90654e+007 1.91093e+007 1.91419e+007 1.91662e+007 1.91844e+007 1.91981e+007 1.92084e+007 1.92163e+007 1.92223e+007 1.92269e+007 1.92305e+007 1.92332e+007 1.92353e+007 1.92369e+007 1.92382e+007 1.92391e+007 1.92399e+007 1.92405e+007 1.9241e+007 1.92413e+007 1.92416e+007 1.92418e+007 1.9242e+007 1.92421e+007 1.92422e+007 1.92423e+007 1.92424e+007 1.92424e+007 1.92425e+007 1.92425e+007 1.92425e+007 1.92425e+007 1.92425e+007 1.92426e+007 1.92426e+007 1.92426e+007 1.92426e+007 1.92426e+007 1.92426e+007 1.92426e+007 1.92426e+007 1.92426e+007 1.92426e+007 1.92426e+007 1.92426e+007 1.92426e+007 1.92426e+007 1.92426e+007 1.92426e+007 1.92426e+007 1.92426e+007 1.92426e+007 1.92426e+007 1.92426e+007 1.92426e+007 1.92426e+007 1.92426e+007 1.92426e+007 1.92426e+007 1.92426e+007 1.92426e+007 1.92426e+007 1.92426e+007 1.92426e+007 1.92426e+007 1.92426e+007 1.92426e+007 1.92426e+007 1.92426e+007 1.92426e+007 1.92426e+007 1.92426e+007 1.92426e+007 1.92426e+007 1.92426e+007 1.92426e+007 1.92426e+007 1.92426e+007 1.92426e+007 1.92426e+007 1.92426e+007 1.92426e+007 1.92426e+007 1.92426e+007 1.92426e+007 0 0 0 0 0 0 0 0 0 0 0 0 0 0 0 0 0 0 0 0 0 0 0 0 0
#obs survey bio
 2.77308e+006 2.78357e+006 2.50917e+006 1.70848e+006 2.15273e+006 1.61063e+006 1.27181e+006 1.22964e+006 1.12215e+006 942161 861176 730058 675656 658149 742019 705546 633164 602650 590535 457566 666790 576569 714914 289670 585240 421791 544992 596968 454400 450748 422830 717833 471060 661602 488962 500004 625360 976447 546821 585105 480159 600542 410545 614236 586015 717490 585933 639462 588357 675554 475273 659720 706609 596203
#pred catch bio
 344232 302391 315029 323097 309364 348047 262618 280588 264221 254910 231834 210670 174036 169002 154822 168999 122632 121955 120307 112118 116002 99038.5 98640.2 102296 96940.8 92663.7 100161 103267 97560.1 93912.4 97497.7 90792.8 88977.6 83431.4 88979.2 87971.9 83188.4 82290.3 89084.6 92651.1 92980 97187.9 91046.7 90805.3 90696.5 85351.6 136563 53920.5 94008.4 90846.3 87531.6 52931.9 103318 106415 106666 105555 105367 108090 112732 117764 122348 126137 129077 131257 132821 133916 134667 135175 135515 135740 135887 135984 136047 136088 136114 136131 136142 136149 136153 136156 136158 136159 136160 136160 136161 136161 136161 136161 136161 136161 136161 136161 136161 136161 136161 136161 136161 136161 136161 136161 136161 136161 136161 136161 136161 136161 136161 136161 136161 136161 136161 136161 136161 136161 136161 136161 136161 136161 136161 136161 136161 136161 136161 136161 136161 136161 136161 136161 136161 136161 136161 136161 136161 136161 136161 136161 136161 136161 136161 136161 136161 136161 136161 136161 136161 136161 136161 136161 136161 136161 136161 136161 136161 136161 0 0 0 0 0 0 0 0 0 0 0 0 0 0 0 0 0 0 0 0 0 0 0 0 0
#obs catch bio
 239936 302382 314505 323406 309169 348877 261820 281260 264721 255462 230938 210864 173886 169593 154981 169468 122198 122300 120305 112117 116049 98845 98194.4 103211 96939.1 92736.6 100191 103044 97496.6 94004.9 97977.1 90538.5 89134.9 83302.5 89040.1 88008 83083.7 82203.8 89159.3 92667.3 92952.7 97199.4 91067.2 90821.2 90936.1 84743.5 138362 53333 94401.4 90702.8 88042.8 52473.8 103775 106410
#pred cpue bio
 2.70526e+006 2.46215e+006 2.27902e+006 2.02397e+006 1.79891e+006 1.60666e+006 1.36663e+006 1.2333e+006 1.10415e+006 996507 881829 756175 661757 617827 589779 577825 537867 544257 559611 568548 578083 554250 523619 474191 483518 501726 529676 533704 502413 487522 496770 511046 507809 518386 531967 542495 548451 542578 540303 543493 542153 540553 531439 544625 566242 594644 571749 518867 554249 539970 518305 536958 607005 625361 1.47728e+007 1.3418e+007 1.34759e+007 1.39129e+007 1.46044e+007 1.53497e+007 1.60372e+007 1.66194e+007 1.70865e+007 1.7448e+007 1.77213e+007 1.79247e+007 1.80748e+007 1.81851e+007 1.82661e+007 1.83257e+007 1.83696e+007 1.84022e+007 1.84265e+007 1.84447e+007 1.84583e+007 1.84687e+007 1.84766e+007 1.84826e+007 1.84872e+007 1.84907e+007 1.84935e+007 1.84956e+007 1.84972e+007 1.84985e+007 1.84994e+007 1.85002e+007 1.85008e+007 1.85012e+007 1.85016e+007 1.85019e+007 1.85021e+007 1.85023e+007 1.85024e+007 1.85025e+007 1.85026e+007 1.85027e+007 1.85027e+007 1.85027e+007 1.85028e+007 1.85028e+007 1.85028e+007 1.85028e+007 1.85028e+007 1.85028e+007 1.85029e+007 1.85029e+007 1.85029e+007 1.85029e+007 1.85029e+007 1.85029e+007 1.85029e+007 1.85029e+007 1.85029e+007 1.85029e+007 1.85029e+007 1.85029e+007 1.85029e+007 1.85029e+007 1.85029e+007 1.85029e+007 1.85029e+007 1.85029e+007 1.85029e+007 1.85029e+007 1.85029e+007 1.85029e+007 1.85029e+007 1.85029e+007 1.85029e+007 1.85029e+007 1.85029e+007 1.85029e+007 1.85029e+007 1.85029e+007 1.85029e+007 1.85029e+007 1.85029e+007 1.85029e+007 1.85029e+007 1.85029e+007 1.85029e+007 1.85029e+007 1.85029e+007 1.85029e+007 1.85029e+007 1.85029e+007 1.85029e+007 1.85029e+007 1.85029e+007 1.85029e+007 1.85029e+007 1.85029e+007 1.85029e+007 1.85029e+007 0 0 0 0 0 0 0 0 0 0 0 0 0 0 0 0 0 0 0 0 0 0 0 0 0
#obs cpue bio
 3.08886e+006 1.88089e+006 2.92331e+006 2.01666e+006 1.5022e+006 1.77926e+006 1.51014e+006 1.11745e+006 1.0468e+006 1.07466e+006 1.25832e+006 687768 664031 510800 479482 549852 507891 393321 654455 666167 587860 557665 547774 351352 638170 530840 596344 621850 518852 469597 473084 596609 431888 492733 569112 608303 553899 311020 514889 550364 633047 543057 644161 516661 455680 840865 384886 507748 552954 513103 427274 535275 564488 665077
#pred surv len freq
 0.00464509 0.00765468 0.0117284 0.0169052 0.0230754 0.0298771 0.0366826 0.0427724 0.0476119 0.0510222 0.0531367 0.0542313 0.054582 0.0544084 0.0538774 0.0531261 0.052284 0.0514679 0.050723 0.0499071 0.0485938 0.046122 0.0418717 0.0356665 0.028027
 0.00505708 0.00827287 0.0125652 0.0179447 0.024287 0.0312322 0.0381596 0.0443416 0.0492112 0.0525437 0.0544412 0.0551891 0.0551192 0.0545328 0.0536665 0.0526833 0.0516832 0.0507131 0.0497427 0.0485938 0.0468756 0.0440338 0.0395814 0.0334311 0.0260981
 0.00520539 0.0085686 0.0131072 0.0188481 0.0256431 0.0330539 0.0403432 0.0466805 0.0514634 0.0545125 0.0560153 0.0563283 0.0558132 0.0547772 0.0534691 0.0520799 0.0507345 0.0494766 0.0482408 0.0468103 0.0447946 0.0417001 0.0371382 0.0310982 0.0240979
 0.00543903 0.00892838 0.0136163 0.0195278 0.0265249 0.0341882 0.04179 0.0484748 0.0535681 0.0567895 0.0582424 0.0582606 0.0572543 0.0556198 0.0536916 0.0517178 0.0498514 0.0481436 0.0465226 0.04476 0.0424691 0.0391918 0.0346003 0.0287318 0.022096
 0.00564276 0.0092816 0.0141864 0.0203856 0.0277233 0.0357339 0.0436252 0.0504886 0.0556353 0.058809 0.0601433 0.0599734 0.0586803 0.0566306 0.0541631 0.0515708 0.0490708 0.0467704 0.0446326 0.0424491 0.0398535 0.0364213 0.0318643 0.026239 0.0200257
 0.00579529 0.00953967 0.0145952 0.0209982 0.0285947 0.0369077 0.045115 0.0522608 0.0576034 0.0608449 0.0621036 0.0617285 0.0601311 0.0577026 0.0547886 0.0516799 0.0486024 0.0456958 0.0429741 0.0402862 0.0373214 0.0337048 0.0291827 0.0238134 0.0180301
 0.00619601 0.0101728 0.0155138 0.022239 0.0301715 0.0388027 0.0472686 0.0545696 0.059933 0.0630524 0.0640574 0.0633197 0.061278 0.0583528 0.0549154 0.0512707 0.0476478 0.0441888 0.040927 0.0377571 0.0344356 0.0306579 0.0262172 0.0211692 0.015886
 0.00635935 0.0104536 0.015964 0.0229152 0.0311216 0.0400454 0.0487762 0.0562662 0.0617131 0.0648079 0.0656967 0.0647691 0.0624727 0.0592289 0.0554093 0.0513247 0.0472154 0.043241 0.0394613 0.035814 0.0321182 0.0281389 0.0237191 0.0189176 0.0140507
 0.00655888 0.0107927 0.016502 0.0237165 0.0322426 0.0415119 0.0505602 0.0582766 0.063807 0.0668199 0.0674718 0.0661894 0.0634695 0.0597781 0.0555139 0.0509942 0.0464525 0.0420413 0.037828 0.0337814 0.0297754 0.0256408 0.0212704 0.0167278 0.0122772
 0.00672511 0.0110692 0.0169305 0.0243423 0.0331079 0.0426444 0.0519589 0.059901 0.0655764 0.0686211 0.0691728 0.0676571 0.0645892 0.060471 0.0557437 0.0507608 0.0457758 0.0409468 0.0363438 0.0319522 0.0276838 0.0234218 0.0191015 0.0147916 0.0107113
 0.006926 0.0113977 0.0174282 0.0250486 0.0340519 0.0438326 0.0533628 0.0614547 0.0671871 0.0701873 0.0705991 0.0688595 0.0654953 0.0610207 0.0558944 0.0504921 0.0450909 0.0398685 0.0349111 0.0302227 0.0257445 0.021397 0.0171461 0.0130609 0.00932024
 0.00712194 0.0117187 0.0179155 0.0257412 0.034978 0.0449959 0.0547298 0.0629507 0.0687084 0.0716225 0.0718503 0.0698535 0.0661848 0.0613791 0.0559082 0.0501561 0.0444074 0.0388509 0.0335889 0.0286484 0.0240003 0.019597 0.0154257 0.0115515 0.00811539
 0.00732747 0.012054 0.0184221 0.0264573 0.0359297 0.0461839 0.056116 0.0644545 0.0702178 0.0730171 0.0730233 0.0707265 0.0667132 0.0615496 0.0557313 0.0496554 0.0436106 0.0377863 0.0322897 0.0271618 0.0223973 0.0179753 0.0138998 0.0102292 0.00707049
 0.00736348 0.0121171 0.0185262 0.026621 0.0361757 0.0465362 0.0565952 0.0650715 0.0709672 0.0738715 0.0739313 0.0716168 0.0675048 0.0621654 0.0561107 0.0497613 0.0434297 0.0373258 0.0315739 0.0262333 0.0213202 0.0168356 0.0127968 0.00925633 0.00629304
 0.00738079 0.0121549 0.018601 0.0267541 0.0363883 0.046842 0.0569941 0.0655493 0.0715014 0.0744385 0.07451 0.0721853 0.0680347 0.0626186 0.0564417 0.0499247 0.0433898 0.0370641 0.0310937 0.0255619 0.0205089 0.0159571 0.0119352 0.00849091 0.00567906
 0.00735942 0.0121131 0.0185265 0.0266347 0.0362194 0.0466364 0.0567879 0.0653971 0.0714606 0.0745501 0.0747859 0.0726077 0.0685635 0.0632005 0.0570164 0.0504294 0.0437655 0.0372633 0.0310896 0.025355 0.0201301 0.0154636 0.0114 0.00798595 0.00525847
 0.00778195 0.0127398 0.0193563 0.0276238 0.0372888 0.047689 0.0577239 0.0661277 0.0719219 0.0747174 0.0746799 0.0722872 0.0681052 0.0626775 0.0564821 0.0499109 0.0432639 0.0367614 0.0305638 0.0247891 0.0195266 0.0148474 0.0108126 0.00747181 0.00484988
 0.00781981 0.0128032 0.0194533 0.0277584 0.0374549 0.0478636 0.0578672 0.0661936 0.0718796 0.074571 0.0744734 0.0720874 0.0679752 0.062653 0.0565643 0.050072 0.0434594 0.0369417 0.0306839 0.0248176 0.0194525 0.0146838 0.0105928 0.00723821 0.00464037
 0.00784927 0.0128449 0.019505 0.0278153 0.0375119 0.0479184 0.0579199 0.0662435 0.0719189 0.0745841 0.0744433 0.0720094 0.0678655 0.0625469 0.0565007 0.0500754 0.0435288 0.0370517 0.0307952 0.0248914 0.0194631 0.0146261 0.0104818 0.00710183 0.00450779
 0.00795509 0.0129921 0.0196805 0.0279912 0.037653 0.0479948 0.0579184 0.0661704 0.0717962 0.0744397 0.0743014 0.0718837 0.06776 0.0624613 0.0564383 0.0500448 0.0435385 0.0371007 0.0308687 0.0249638 0.0195085 0.014629 0.0104427 0.00703481 0.00443262
 0.00791411 0.0129392 0.0196251 0.0279474 0.0376317 0.0479941 0.0579183 0.0661397 0.0717094 0.0742939 0.0741217 0.0717133 0.06764 0.0624151 0.0564673 0.0501355 0.0436724 0.0372604 0.0310373 0.0251229 0.0196398 0.0147186 0.0104868 0.00704078 0.00441502
 0.00800211 0.013062 0.0197731 0.0281009 0.0377689 0.0481014 0.0579959 0.0661968 0.0717514 0.0743123 0.0740964 0.0716261 0.0674906 0.0622256 0.0562735 0.0499711 0.0435576 0.0371992 0.0310211 0.0251365 0.0196654 0.0147409 0.0104962 0.00703551 0.00439938
 0.00796267 0.0130043 0.0196974 0.0280097 0.0376641 0.0479808 0.0578545 0.0660322 0.0715722 0.0741416 0.0739655 0.0715604 0.0674972 0.0622927 0.0563801 0.0500998 0.0436994 0.0373509 0.0311788 0.0252921 0.0198074 0.0148581 0.0105818 0.00708925 0.00442704
 0.00797317 0.0130245 0.0197336 0.0280694 0.0377536 0.0481016 0.0579988 0.0661812 0.0716983 0.074216 0.0739682 0.0714886 0.0673672 0.062133 0.0562198 0.0499599 0.0435905 0.0372762 0.0311372 0.025279 0.019815 0.0148762 0.0106011 0.00710352 0.00443432
 0.00786483 0.012889 0.0196043 0.0280012 0.0378066 0.0483154 0.0583718 0.0666664 0.0722184 0.0746869 0.07432 0.071678 0.067382 0.0619908 0.0559613 0.0496369 0.0432535 0.0369638 0.0308728 0.0250719 0.019664 0.0147732 0.0105348 0.00706263 0.00440964
 0.00792854 0.012938 0.0195812 0.0278293 0.0374226 0.047715 0.0576383 0.0659572 0.0717059 0.0744876 0.0744521 0.0720682 0.0679085 0.0625332 0.0564342 0.0500005 0.0435067 0.0371289 0.0309797 0.0251459 0.0197212 0.0148207 0.0105739 0.00709256 0.00443018
 0.00778973 0.0127482 0.019358 0.0276018 0.0372115 0.0475092 0.0573884 0.0656014 0.0712191 0.0739218 0.0739327 0.0717412 0.0678709 0.0627908 0.0569092 0.0505767 0.044078 0.037628 0.031381 0.025453 0.0199499 0.0149882 0.0106936 0.00717463 0.00448299
 0.00769666 0.0125965 0.0191315 0.0272915 0.0368243 0.0470755 0.0569616 0.0652401 0.0709598 0.0737594 0.0738309 0.0716684 0.0678328 0.0628309 0.057076 0.0508847 0.0444939 0.0380875 0.0318193 0.0258268 0.0202431 0.015204 0.0108444 0.00727487 0.00454584
 0.00777305 0.0126992 0.0192459 0.0273893 0.0368702 0.0470389 0.0568285 0.06502 0.070684 0.0734712 0.0735692 0.0714545 0.0676689 0.0627126 0.057008 0.0508839 0.0445761 0.0382505 0.0320369 0.02606 0.0204561 0.0153759 0.0109699 0.00735903 0.00459815
 0.00771034 0.0126253 0.0191848 0.0273765 0.0369375 0.0471939 0.0570403 0.0652255 0.0708125 0.073476 0.0734465 0.0712396 0.0674157 0.0624706 0.0568101 0.0507473 0.0445089 0.0382544 0.0321048 0.0261734 0.0205889 0.0155027 0.0110738 0.00743413 0.00464673
 0.00771548 0.0126114 0.0191253 0.0272394 0.0367015 0.0468687 0.0566771 0.064904 0.0706066 0.0734175 0.0735122 0.0713704 0.0675521 0.0625797 0.0568909 0.0508184 0.044592 0.0383639 0.032244 0.0263351 0.0207581 0.0156614 0.011207 0.00753399 0.00471383
 0.00846245 0.0136682 0.020423 0.0286114 0.0379268 0.0477448 0.0570835 0.0648269 0.0701251 0.0726675 0.0726442 0.0705106 0.0667766 0.0619119 0.0563203 0.0503262 0.0441692 0.0380132 0.0319721 0.0261437 0.0206395 0.0155999 0.0111834 0.00753084 0.00471859
 0.00924301 0.0148904 0.0221651 0.0308883 0.0406568 0.0507175 0.0599521 0.0671606 0.0715305 0.072929 0.0718001 0.0688193 0.0646007 0.0595921 0.0540974 0.0483284 0.0424411 0.0365559 0.0307728 0.0251871 0.0199075 0.0150678 0.0108192 0.00729754 0.00457956
 0.00914748 0.0148692 0.0223784 0.0315611 0.0420116 0.0528686 0.0628127 0.0704186 0.074714 0.0755316 0.0734161 0.0692429 0.0638636 0.0579301 0.0518609 0.0458742 0.0400504 0.034404 0.0289419 0.023698 0.0187477 0.0142067 0.0102145 0.00689959 0.00433618
 0.00889769 0.0144679 0.0217938 0.0307948 0.041131 0.0520386 0.0622956 0.0705125 0.0756301 0.0772689 0.075712 0.0716443 0.0658853 0.0592194 0.052291 0.045539 0.0391847 0.0332794 0.0277861 0.0226594 0.0178978 0.0135618 0.00975799 0.00659863 0.00415232
 0.0088283 0.0143426 0.0215821 0.0304602 0.0406413 0.051385 0.0615182 0.069721 0.0750049 0.0770259 0.0760302 0.0725772 0.0673051 0.0608368 0.0537548 0.0465656 0.0396495 0.0332281 0.0273779 0.022084 0.0173117 0.0130602 0.00937868 0.00633954 0.00399115
 0.00883081 0.0143348 0.0215476 0.0303742 0.0404742 0.0511091 0.0611174 0.0692011 0.0744043 0.076425 0.0755516 0.0723644 0.0674746 0.0614188 0.0546561 0.0475875 0.0405596 0.0338512 0.0276523 0.0220598 0.0171021 0.0127838 0.00912045 0.00614072 0.00385849
 0.00877224 0.0142468 0.0214278 0.0302237 0.0402943 0.0508984 0.06087 0.0689088 0.0740634 0.0760454 0.0751655 0.0720316 0.0672771 0.0614398 0.0549448 0.0481247 0.0412479 0.0345444 0.0282125 0.0224091 0.0172411 0.0127705 0.00903081 0.00603633 0.00377312
 0.00870573 0.0141434 0.0212815 0.0300331 0.0400641 0.0506397 0.0606002 0.0686484 0.0738291 0.0758445 0.0749959 0.0718901 0.0671724 0.0614003 0.0550129 0.0483363 0.0416064 0.0350049 0.0286921 0.0228198 0.0175255 0.0129195 0.0090749 0.00602121 0.00373799
 0.00862605 0.0140332 0.0211512 0.0299035 0.0399597 0.050578 0.0605839 0.0686644 0.0738557 0.0758597 0.0749836 0.0718428 0.0670921 0.0613004 0.0549203 0.048287 0.0416335 0.035122 0.0288815 0.0230372 0.0177197 0.013055 0.00914374 0.00603841 0.00372733
 0.00860754 0.0139981 0.0210903 0.0298081 0.0398272 0.0504192 0.0604249 0.0685409 0.073798 0.0758775 0.0750603 0.0719433 0.0671795 0.061351 0.0549306 0.0482732 0.0416232 0.0351419 0.0289456 0.0231388 0.0178356 0.0131577 0.00921487 0.00607489 0.00373786
 0.00855523 0.0139241 0.0209987 0.0297086 0.0397306 0.0503317 0.060346 0.0684667 0.0737285 0.0758215 0.0750334 0.0719579 0.0672353 0.0614331 0.0550169 0.0483462 0.0416788 0.0351889 0.0289973 0.0232038 0.0179114 0.013233 0.00927678 0.00611626 0.00375942
 0.00868515 0.0141057 0.0212177 0.0299343 0.0399261 0.050469 0.0604162 0.068479 0.0736994 0.0757634 0.0749508 0.0718523 0.0671114 0.0613003 0.0548856 0.0482231 0.0415668 0.0350903 0.0289166 0.0231461 0.0178785 0.013221 0.00927739 0.00612095 0.00376282
 0.00869855 0.0141375 0.0212823 0.030047 0.0400941 0.0506802 0.0606347 0.0686533 0.073784 0.0757401 0.0748361 0.0716857 0.0669348 0.0611421 0.0547571 0.0481239 0.0414913 0.035033 0.028874 0.0231169 0.0178622 0.0132159 0.00928003 0.00612685 0.00376836
 0.00869756 0.0141306 0.0212633 0.0300095 0.0400364 0.0506105 0.0605721 0.068621 0.0737959 0.0757912 0.0749029 0.0717402 0.0669598 0.0611386 0.054739 0.0481067 0.0414844 0.0350379 0.0288876 0.0231353 0.0178825 0.0132361 0.00929863 0.00614237 0.00377984
 0.00863731 0.0140401 0.0211409 0.029858 0.0398619 0.0504207 0.0603768 0.0684341 0.0736375 0.0756849 0.0748689 0.0717852 0.0670731 0.0612957 0.0549126 0.0482767 0.0416409 0.0351784 0.029012 0.0232431 0.0179727 0.0133083 0.00935339 0.00618133 0.00380555
 0.00868876 0.0140924 0.0211625 0.029803 0.0396849 0.0501 0.0599311 0.0679228 0.073141 0.0752786 0.0746039 0.0716826 0.0671278 0.061483 0.0551947 0.0486106 0.0419868 0.0355059 0.0293028 0.0234886 0.0181709 0.0134609 0.00946473 0.00625764 0.00385419
 0.00896984 0.0145998 0.0220123 0.0311152 0.041532 0.0524364 0.0625454 0.0704576 0.0751917 0.0765246 0.0749018 0.0710815 0.0658169 0.0597153 0.0532204 0.0466344 0.0401515 0.033894 0.0279497 0.0223984 0.0173284 0.0128395 0.00903057 0.0059727 0.00368009
 0.00838797 0.0136708 0.0206564 0.0292976 0.0393025 0.0499715 0.0601618 0.0685584 0.0741403 0.0765034 0.0758429 0.0727103 0.0677761 0.0616897 0.0550062 0.0481443 0.0413801 0.0348758 0.0287276 0.0230086 0.0177978 0.0131889 0.00927867 0.0061388 0.00378377
 0.00855073 0.0138806 0.0208685 0.0294306 0.0392536 0.0496482 0.0595197 0.0676322 0.0730571 0.0754658 0.0750739 0.072376 0.0679203 0.0622222 0.055751 0.048918 0.0420535 0.0353947 0.029096 0.0232589 0.0179659 0.0133024 0.00935524 0.00618932 0.00381555
 0.00879217 0.0142528 0.0213871 0.0300867 0.0400041 0.0504078 0.0601604 0.0680037 0.0730322 0.0749959 0.0742264 0.0713255 0.0668929 0.061415 0.0552668 0.0487457 0.0420994 0.0355406 0.0292492 0.0233726 0.0180324 0.0133339 0.00936725 0.00619298 0.00381655
 0.0086438 0.0140775 0.0212439 0.0300682 0.0402075 0.0508893 0.0608969 0.0688839 0.0738836 0.0756358 0.074515 0.071207 0.066413 0.0607071 0.0545067 0.0480904 0.0416379 0.0352803 0.0291395 0.0233453 0.0180337 0.013336 0.00936325 0.00618532 0.00380907
 0.00822524 0.013388 0.0201974 0.0286008 0.0383163 0.0486808 0.0586131 0.0668691 0.0724837 0.0750736 0.0748132 0.0721995 0.06783 0.0622812 0.0560488 0.0495122 0.0429267 0.0364518 0.0301993 0.0242769 0.0188105 0.0139407 0.00979908 0.00647525 0.00398676
 0.00831085 0.0135195 0.020377 0.0288143 0.0385244 0.0488138 0.0585803 0.0665911 0.0719397 0.0743363 0.0740387 0.0715668 0.0674636 0.0622049 0.0561971 0.049783 0.0432356 0.0367567 0.0304913 0.0245568 0.0190719 0.0141692 0.00998103 0.00660561 0.00407058
#obs surv len freq
 0.00496747 0.00813605 0.0123743 0.0176957 0.023974 0.0308445 0.0376833 0.0437683 0.0485499 0.0518264 0.0537149 0.0544985 0.0544953 0.0540014 0.0532773 0.0525374 0.0519275 0.051483 0.0510659 0.050307 0.0486239 0.0453857 0.0402152 0.0332813 0.0253659
 0.00518223 0.00848796 0.0129091 0.0184575 0.0249972 0.0321398 0.0392241 0.0454859 0.0503433 0.0535814 0.0553216 0.0558605 0.0555306 0.054641 0.0534654 0.0522351 0.0511203 0.0501896 0.0493452 0.0482615 0.0463968 0.0431488 0.0381446 0.0315237 0.0240069
 0.0054094 0.00886062 0.0134763 0.0192675 0.0260883 0.0335263 0.0408812 0.0473437 0.0522957 0.0555059 0.0570982 0.0573833 0.056712 0.0554106 0.0537674 0.0520259 0.0503716 0.0488975 0.047545 0.0460426 0.0439091 0.0405925 0.0357379 0.0294563 0.0223952
 0.00564352 0.00924385 0.0140582 0.0200961 0.0272022 0.0349403 0.0425715 0.0492421 0.0542985 0.0574921 0.0589481 0.0589894 0.057983 0.0562723 0.0541598 0.0519018 0.0496959 0.0476539 0.0457513 0.0437714 0.0413036 0.0378621 0.0331261 0.0271848 0.0206082
 0.00589221 0.00965148 0.0146778 0.0209792 0.0283885 0.0364424 0.0443585 0.051235 0.0563813 0.0595353 0.060829 0.0606038 0.0592472 0.0571201 0.0545389 0.0517693 0.0490172 0.046408 0.0439455 0.0414651 0.0386289 0.0350268 0.0303839 0.0247765 0.0186982
 0.00614896 0.0100716 0.015315 0.0218855 0.0296038 0.0379791 0.0461849 0.0532694 0.0585032 0.061608 0.0627229 0.0622098 0.0604815 0.0579224 0.054867 0.051592 0.0483092 0.0451524 0.0421471 0.0391738 0.0359649 0.0321877 0.0276199 0.0223327 0.0167475
 0.00636698 0.010431 0.0158656 0.0226768 0.0306769 0.0393509 0.0478331 0.055126 0.0604637 0.0635505 0.0645269 0.0637684 0.0617066 0.0587468 0.0552423 0.0514846 0.0476957 0.0440189 0.040499 0.0370557 0.0334844 0.0295257 0.0250105 0.0200102 0.0148826
 0.00661378 0.0108331 0.0164722 0.0235343 0.0318193 0.0407859 0.0495276 0.0570012 0.0624059 0.0654333 0.066232 0.0651977 0.0627857 0.0594231 0.0554813 0.0512644 0.0470026 0.0428475 0.0388595 0.0349922 0.0310963 0.0269786 0.0225196 0.0177933 0.0130997
 0.00684803 0.0112185 0.0170602 0.0243749 0.0329499 0.0422148 0.0512174 0.0588642 0.0643185 0.067261 0.0678533 0.0665173 0.0637375 0.0599668 0.0555965 0.0509439 0.0462463 0.0416605 0.0372593 0.0330238 0.0288514 0.0246062 0.0202119 0.0157447 0.0114536
 0.00706437 0.0115729 0.0175987 0.0251419 0.0339799 0.0435184 0.0527663 0.0605854 0.0661027 0.0689823 0.0693904 0.0677683 0.0646286 0.0604537 0.0556616 0.0505884 0.0454822 0.0405064 0.0357427 0.0311937 0.0267941 0.0224544 0.0181334 0.0139078 0.00998129
 0.00726241 0.0119017 0.0181059 0.0258754 0.0349766 0.0447879 0.054275 0.0622521 0.0678118 0.0706077 0.0708167 0.0689041 0.0654091 0.060841 0.0556416 0.0501669 0.044679 0.0393504 0.0342725 0.0294648 0.0248906 0.0204955 0.0162642 0.0122702 0.00867672
 0.00741272 0.0121484 0.018482 0.0264142 0.0357068 0.0457243 0.0554077 0.0635397 0.0691835 0.0719726 0.0720771 0.0699676 0.0661992 0.0613038 0.0557476 0.0499089 0.0440677 0.0384109 0.0330437 0.0280032 0.023277 0.0188374 0.0146872 0.0108935 0.00758318
 0.00751461 0.0123124 0.0187262 0.0267553 0.036159 0.0462958 0.0560972 0.0643335 0.0700551 0.0728851 0.0729843 0.0708147 0.0669252 0.0618466 0.0560523 0.049935 0.0437946 0.0378395 0.032197 0.0269278 0.022045 0.0175451 0.0134439 0.00980156 0.00671326
 0.00758252 0.0124198 0.0188823 0.0269674 0.0364314 0.0466298 0.0564898 0.0647774 0.0705405 0.0734016 0.0735206 0.0713555 0.067446 0.0623108 0.0564122 0.0501388 0.0437958 0.0376072 0.0317245 0.0262376 0.0211904 0.0166061 0.012515 0.00897169 0.00604527
 0.00767124 0.0125554 0.0190705 0.0272073 0.0367167 0.0469496 0.0568296 0.0651207 0.0708717 0.0737102 0.0738036 0.071616 0.0676883 0.0625331 0.0566008 0.0502661 0.0438238 0.0374968 0.0314481 0.0257911 0.0206004 0.0159286 0.0118246 0.00834292 0.00553282
 0.00770604 0.0126123 0.0191564 0.0273281 0.0368752 0.0471428 0.057047 0.0653458 0.071087 0.0739031 0.0739707 0.0717623 0.0678229 0.0626633 0.0567266 0.0503762 0.0438947 0.0374964 0.0313444 0.0255647 0.0202552 0.0154963 0.0113581 0.0079012 0.0051631
 0.00777847 0.012719 0.0192964 0.0274941 0.0370557 0.0473269 0.0572267 0.0655158 0.0712423 0.0740375 0.0740778 0.0718381 0.0678686 0.0626855 0.0567341 0.0503743 0.04388 0.0374548 0.0312548 0.0254071 0.0200223 0.0152006 0.0110314 0.00758466 0.00489296
 0.00781849 0.0127848 0.0193963 0.0276344 0.0372374 0.0475418 0.0574553 0.0657305 0.0714162 0.0741542 0.0741358 0.0718478 0.0678449 0.0626417 0.0566797 0.0503148 0.0438164 0.0373825 0.0311631 0.0252828 0.0198567 0.0149963 0.0108052 0.00736251 0.00470031
 0.00782792 0.0127946 0.0194013 0.0276278 0.0372145 0.047504 0.0574129 0.0657 0.0714129 0.0741849 0.0741966 0.0719275 0.0679317 0.0627273 0.0567601 0.0503877 0.0438789 0.0374292 0.0311859 0.0252726 0.0198071 0.014908 0.0106886 0.00723559 0.00458265
 0.00785046 0.0128276 0.0194438 0.0276758 0.0372606 0.047539 0.0574277 0.0656886 0.0713764 0.0741332 0.0741457 0.0718937 0.0679243 0.0627468 0.0567996 0.0504375 0.0439297 0.037473 0.0312152 0.0252803 0.0197877 0.014861 0.0106197 0.00715633 0.00450634
 0.00788041 0.0128726 0.0195044 0.0277495 0.0373423 0.0476211 0.0575005 0.0657417 0.0714002 0.0741222 0.0741015 0.0718259 0.0678484 0.0626789 0.0567511 0.0504122 0.0439241 0.0374788 0.0312227 0.0252805 0.0197741 0.0148309 0.0105755 0.00710475 0.00445582
 0.00787891 0.0128678 0.0194932 0.0277277 0.0373061 0.0475692 0.0574359 0.0656711 0.0713327 0.074066 0.074062 0.0718052 0.0678466 0.0626957 0.0567864 0.0504654 0.0439923 0.0375558 0.0312996 0.0253475 0.0198231 0.0148579 0.0105814 0.00709472 0.0044375
 0.00789657 0.0128927 0.0195234 0.0277587 0.0373313 0.0475817 0.05743 0.065644 0.0712852 0.0740035 0.0739931 0.0717399 0.0677937 0.0626609 0.0567722 0.0504714 0.0440164 0.0375942 0.0313462 0.0253947 0.0198634 0.0148857 0.0105947 0.00709562 0.0044305
 0.00788281 0.0128725 0.0194967 0.0277266 0.0372955 0.0475429 0.057388 0.0655979 0.0712348 0.0739505 0.0739416 0.0716963 0.0677648 0.062652 0.0567858 0.0505069 0.0440704 0.0376612 0.0314194 0.0254669 0.0199275 0.0149362 0.0106292 0.00711505 0.00443842
 0.00787722 0.0128595 0.0194704 0.0276796 0.037222 0.0474424 0.0572677 0.0654722 0.0711206 0.0738614 0.0738848 0.071672 0.0677698 0.0626823 0.0568379 0.0505778 0.0441562 0.037757 0.0315188 0.0255629 0.0200132 0.0150063 0.0106811 0.0071491 0.00445786
 0.00787246 0.0128499 0.0194522 0.0276479 0.037171 0.0473673 0.0571665 0.065348 0.0709829 0.0737253 0.0737682 0.0715911 0.0677342 0.0626933 0.0568897 0.0506608 0.0442603 0.0378726 0.0316376 0.0256768 0.0201153 0.0150911 0.0107458 0.00719398 0.00448576
 0.00784956 0.012814 0.0194007 0.0275792 0.0370847 0.0472642 0.0570496 0.0652221 0.0708549 0.0736038 0.0736629 0.0715126 0.0676925 0.0626954 0.0569374 0.0507495 0.0443803 0.0380114 0.0317825 0.0258164 0.0202405 0.0151957 0.0108265 0.00725114 0.00452257
 0.00782032 0.0127617 0.0193135 0.0274443 0.0368928 0.0470158 0.0567596 0.0649196 0.0705757 0.0733803 0.0735165 0.071451 0.0677127 0.062788 0.0570901 0.0509484 0.0446104 0.0382566 0.0320265 0.0260444 0.0204404 0.0153598 0.0109519 0.00733978 0.00458003
 0.0078004 0.0127283 0.019261 0.0273661 0.0367815 0.046865 0.0565664 0.0646882 0.0703199 0.073124 0.0732898 0.0712836 0.067626 0.0627904 0.0571767 0.0511048 0.0448171 0.038493 0.0322723 0.0262812 0.0206532 0.0155378 0.0110901 0.00743864 0.0046449
 0.00775897 0.0126625 0.0191652 0.0272362 0.0366161 0.0466665 0.0563421 0.0644502 0.0700832 0.0729041 0.0731017 0.0711422 0.0675457 0.0627832 0.0572485 0.0512524 0.0450275 0.038746 0.0325445 0.0265496 0.0208981 0.015745 0.0112524 0.00755583 0.00472239
 0.00774855 0.0126393 0.0191188 0.0271536 0.0364854 0.0464824 0.0561111 0.0641903 0.0698201 0.0726634 0.0729035 0.070999 0.0674643 0.0627667 0.0572983 0.0513675 0.0452023 0.0389684 0.0327964 0.0268091 0.0211432 0.0159582 0.011423 0.00768093 0.00480619
 0.00935727 0.0148972 0.0218561 0.0299903 0.0389405 0.0481489 0.0567951 0.0639407 0.0688526 0.0712481 0.0712804 0.0693433 0.0658881 0.0613348 0.0560437 0.0503035 0.0443303 0.0382812 0.0322792 0.02644 0.0208957 0.0158033 0.0113332 0.0076333 0.00478328
 0.00929792 0.0151009 0.0226927 0.0319231 0.0423264 0.0529677 0.0624764 0.0694559 0.0730803 0.0734161 0.0712196 0.067434 0.0627921 0.0577106 0.0523813 0.0468954 0.0413183 0.0357164 0.0301656 0.0247568 0.0196062 0.0148595 0.0106782 0.00720571 0.00452298
 0.00894731 0.0145448 0.0219038 0.0309434 0.0413242 0.0522779 0.0625642 0.0707538 0.0757366 0.0771024 0.0751678 0.0707291 0.0647553 0.0581349 0.0515074 0.045202 0.0392912 0.0337135 0.0283908 0.0232952 0.0184707 0.0140242 0.0100981 0.00682774 0.00429366
 0.00879824 0.0142884 0.0214924 0.0303261 0.0404648 0.0511887 0.0613495 0.069641 0.0750606 0.0772156 0.0762845 0.0727752 0.067328 0.0606332 0.0533773 0.0461501 0.0393464 0.0331321 0.027496 0.0223537 0.017644 0.0133789 0.00963847 0.00652599 0.0041108
 0.00871798 0.0141564 0.0212898 0.0300313 0.0400543 0.0506413 0.0606561 0.0688216 0.0741865 0.0764276 0.0757869 0.0727853 0.0679809 0.0618867 0.054983 0.0477339 0.040563 0.0337993 0.0276339 0.0221226 0.0172421 0.0129632 0.00929584 0.0062829 0.00395762
 0.00870156 0.0141234 0.0212283 0.0299255 0.0398872 0.0503987 0.0603303 0.0684132 0.0737053 0.0758983 0.0752607 0.0723514 0.0677613 0.0619992 0.0554804 0.0485518 0.0415221 0.0346733 0.0282465 0.0224123 0.0172605 0.0128216 0.00910329 0.0061104 0.00383353
 0.00867535 0.0140833 0.0211722 0.029852 0.0397942 0.0502819 0.0601827 0.0682269 0.0734746 0.0756231 0.074951 0.0720325 0.0674789 0.0618193 0.0554753 0.0487691 0.0419497 0.0352276 0.0287987 0.0228442 0.0175126 0.0129051 0.00907538 0.00603596 0.00375847
 0.00868177 0.0140909 0.0211783 0.0298526 0.0397846 0.0502584 0.0601434 0.0681704 0.0733982 0.0755214 0.0748177 0.0718646 0.0672843 0.0616225 0.0553176 0.0486998 0.0420061 0.0354128 0.0290719 0.0231342 0.0177496 0.0130505 0.0091309 0.00603067 0.003727
 0.00866481 0.0140685 0.021154 0.0298322 0.0397742 0.0502605 0.060155 0.0681834 0.0734023 0.0755078 0.0747807 0.0718015 0.0671953 0.0615128 0.055201 0.0486003 0.0419535 0.0354305 0.0291633 0.0232768 0.0179035 0.013177 0.00920956 0.00606303 0.00372866
 0.00865464 0.0140505 0.0211245 0.0297881 0.0397145 0.0501893 0.0600818 0.0681215 0.0733633 0.0754961 0.074791 0.0718218 0.0672119 0.0615155 0.0551871 0.0485757 0.0419324 0.0354306 0.0291981 0.0233472 0.0179959 0.0132694 0.00928249 0.00610802 0.0037487
 0.0086418 0.0140305 0.021096 0.0297501 0.0396664 0.0501309 0.0600143 0.0680484 0.0732917 0.0754357 0.0747518 0.0718097 0.0672259 0.0615477 0.055226 0.0486123 0.0419638 0.0354611 0.0292357 0.0233979 0.0180586 0.0133359 0.00934156 0.00615146 0.00377467
 0.0086166 0.0139922 0.0210434 0.029684 0.0395895 0.0500473 0.0599292 0.0679677 0.0732211 0.0753805 0.074716 0.0717966 0.0672373 0.061583 0.055281 0.0486794 0.0420349 0.0355306 0.0293019 0.023462 0.0181215 0.0133958 0.00939408 0.00619225 0.00380203
 0.00862975 0.0140088 0.0210595 0.0296932 0.0395848 0.0500241 0.0598878 0.0679131 0.073161 0.0753223 0.0746651 0.071756 0.0672088 0.0615682 0.0552807 0.0486936 0.0420612 0.0355653 0.0293413 0.0235034 0.0181631 0.0134356 0.00942972 0.00622117 0.00382277
 0.00861348 0.0139875 0.0210367 0.0296746 0.0395757 0.0500259 0.059896 0.0679185 0.0731545 0.0752996 0.0746288 0.0717141 0.0671705 0.0615404 0.0552673 0.048695 0.0420761 0.035591 0.0293744 0.0235404 0.0182007 0.0134711 0.00946079 0.00624611 0.00384088
 0.0086012 0.0139676 0.0210073 0.0296348 0.0395269 0.0499732 0.0598475 0.0678837 0.0731398 0.0753048 0.074647 0.0717353 0.0671872 0.0615503 0.0552733 0.0487022 0.0420886 0.0356106 0.0294006 0.023571 0.0182329 0.0135019 0.00948785 0.00626783 0.00385671
 0.0086012 0.0139676 0.0210073 0.0296348 0.0395269 0.0499732 0.0598475 0.0678837 0.0731398 0.0753048 0.074647 0.0717353 0.0671872 0.0615503 0.0552733 0.0487022 0.0420886 0.0356106 0.0294006 0.023571 0.0182329 0.0135019 0.00948785 0.00626783 0.00385671
 0.00900772 0.014608 0.0219297 0.0308617 0.0410409 0.0517006 0.0616476 0.0695593 0.0744777 0.0761326 0.0748767 0.071376 0.0663272 0.0603259 0.0538366 0.0471961 0.0406303 0.0342843 0.0282571 0.0226327 0.0175 0.0129588 0.00910811 0.00601919 0.00370542
 0.00838943 0.0136727 0.0206563 0.0292879 0.0392664 0.0498811 0.059984 0.0682712 0.0737549 0.0760775 0.0754696 0.0724834 0.0677495 0.0618562 0.0553072 0.0485005 0.0417222 0.0351621 0.0289439 0.0231596 0.0178963 0.0132489 0.00931244 0.00615575 0.00379092
 0.00855424 0.0138565 0.0207795 0.0292301 0.0389052 0.0491522 0.0589282 0.0670392 0.0725628 0.0751377 0.0749314 0.072403 0.0680902 0.0625118 0.0561365 0.0493646 0.0425146 0.0358221 0.0294545 0.0235333 0.0181594 0.013429 0.00943246 0.00623311 0.00383845
 0.00864028 0.0140255 0.021081 0.0297101 0.0395734 0.0499421 0.059681 0.0675393 0.0726239 0.0746956 0.0740829 0.0713662 0.0671113 0.0617741 0.0557149 0.0492322 0.0425829 0.0359882 0.029636 0.0236831 0.0182626 0.013491 0.00946593 0.00624997 0.00384676
 0.00865653 0.0140582 0.021144 0.0298258 0.0397731 0.0502606 0.0601412 0.0681272 0.0732656 0.0752565 0.074406 0.0713392 0.0667255 0.0611351 0.0549945 0.0485931 0.0421203 0.0357163 0.0295118 0.023645 0.0182595 0.0134939 0.00946485 0.00624505 0.00384097
 0.00822541 0.0133777 0.0201618 0.0285173 0.0381586 0.0484262 0.0582538 0.0664224 0.0719975 0.0746213 0.074475 0.0720368 0.0678637 0.0624877 0.0563748 0.049897 0.0433189 0.036816 0.0305146 0.0245334 0.0190061 0.0140794 0.0098897 0.00652918 0.0040157
 0.00847464 0.0137277 0.0205842 0.0289463 0.0385026 0.0485917 0.0581707 0.066064 0.0713928 0.0738574 0.0736836 0.0713589 0.0674049 0.062284 0.0563906 0.0500556 0.0435454 0.037064 0.0307667 0.0247839 0.0192456 0.0142924 0.0100617 0.00665388 0.00409664
#pred catch len freq
 0.00360914 0.00585631 0.00882783 0.0125622 0.0170827 0.0223422 0.0281579 0.0342101 0.040112 0.0454929 0.0500529 0.0535968 0.056058 0.0574982 0.0580771 0.0580118 0.0575447 0.0569031 0.056215 0.0553772 0.0539499 0.051218 0.0465028 0.0396128 0.0311285
 0.0039484 0.00636417 0.00951385 0.0134144 0.0180814 0.023477 0.0294308 0.0356172 0.0416137 0.0469938 0.0514126 0.054672 0.0567555 0.0578075 0.0580624 0.0577679 0.0571388 0.05633 0.0553902 0.0541777 0.0522919 0.049134 0.0441705 0.0373087 0.0291257
 0.00411101 0.00666093 0.010018 0.014208 0.0192299 0.0249932 0.0312499 0.0376048 0.0436073 0.0488522 0.0530366 0.0559921 0.0577096 0.0583383 0.0581391 0.0574066 0.0563949 0.055262 0.0540202 0.0524851 0.0502548 0.0467952 0.0416803 0.0349031 0.0270469
 0.00435443 0.00703484 0.0105453 0.0149094 0.0201369 0.0261585 0.0327387 0.0394589 0.0457956 0.0512391 0.0553971 0.0580729 0.0593013 0.0593184 0.0584705 0.0571124 0.0555315 0.053899 0.0522245 0.0503132 0.0477676 0.0440935 0.0389321 0.0323304 0.0248639
 0.00456185 0.00738091 0.0110816 0.0156874 0.0211957 0.0275093 0.0343546 0.041282 0.0477587 0.0532809 0.0574537 0.0600481 0.0610483 0.0606559 0.0592308 0.0571884 0.0548961 0.0525929 0.05033 0.0479355 0.0450343 0.041168 0.0360214 0.0296637 0.0226399
 0.00479309 0.00775228 0.0116342 0.0164621 0.0222323 0.0288403 0.0359913 0.0431969 0.049874 0.0554739 0.0595798 0.0619707 0.0626565 0.0618605 0.0599475 0.0573302 0.0543884 0.0514 0.0484757 0.0455096 0.0421894 0.0381128 0.0330036 0.0269327 0.0203923
 0.00510832 0.008247 0.0123471 0.0174212 0.0234554 0.0303343 0.0377462 0.0451768 0.0520113 0.0576687 0.0617048 0.0638841 0.0642219 0.0629666 0.0605168 0.0573131 0.0537506 0.05012 0.0465608 0.0430216 0.0392664 0.0349706 0.0299096 0.0241521 0.0181249
 0.00533853 0.00862079 0.012909 0.0182126 0.0245079 0.0316584 0.0393202 0.0469433 0.0538866 0.059559 0.0635179 0.0655321 0.0656172 0.0640208 0.0611448 0.0574409 0.053321 0.0490982 0.044943 0.0408542 0.0366668 0.0321354 0.0270921 0.0216092 0.0160503
 0.00555916 0.00898299 0.0134617 0.0190065 0.0255888 0.0330543 0.0410237 0.0488981 0.0559861 0.0616592 0.065463 0.0671822 0.0668707 0.0648202 0.061466 0.0572733 0.0526537 0.0479188 0.0432518 0.038689 0.034129 0.029401 0.0243938 0.0191855 0.0140814
 0.00576449 0.009313 0.0139528 0.0196944 0.0265068 0.0342283 0.0424621 0.0505792 0.0578488 0.063601 0.0673474 0.0688575 0.0681962 0.0656909 0.0618256 0.0571094 0.0519804 0.0467598 0.0416371 0.0366688 0.0317976 0.0269131 0.0219528 0.0170009 0.0123116
 0.00598568 0.00966604 0.0144726 0.0204108 0.0274417 0.0353901 0.0438377 0.0521286 0.0595057 0.0652796 0.0689497 0.0702798 0.0693359 0.0664567 0.0621487 0.056952 0.0513371 0.0456522 0.0401077 0.0347833 0.029656 0.0246586 0.0197636 0.015056 0.0107444
 0.00621607 0.0100331 0.0150114 0.0211503 0.0284009 0.0365716 0.0452186 0.0536545 0.0610934 0.066829 0.0703588 0.0714581 0.0702118 0.0669795 0.0622855 0.0566846 0.0506612 0.0445796 0.0386713 0.0330436 0.0277083 0.022635 0.0178208 0.0133462 0.00937668
 0.00637487 0.0102917 0.0154022 0.0217057 0.0291498 0.0375314 0.0463849 0.0549918 0.0625333 0.0682758 0.071703 0.072593 0.0710506 0.067466 0.0623953 0.0564177 0.0500317 0.0436107 0.0373974 0.0315188 0.0260159 0.0208897 0.0161571 0.0118916 0.00821993
 0.00643748 0.0103936 0.0155569 0.021929 0.0294604 0.0379512 0.046935 0.0556863 0.0633704 0.0692302 0.0727214 0.0735977 0.0719502 0.0681713 0.0628343 0.0565445 0.0498284 0.0430834 0.0365732 0.0304465 0.0247697 0.0195695 0.0148783 0.0107632 0.00731787
 0.00642909 0.0103903 0.0155716 0.0219812 0.0295736 0.0381472 0.0472287 0.056084 0.06387 0.069822 0.0733868 0.0743058 0.0726548 0.0688121 0.0633439 0.056859 0.0498985 0.0428833 0.0361046 0.0297406 0.0238868 0.0185951 0.0139119 0.00989835 0.00662077
 0.00649025 0.0104758 0.0156751 0.0220898 0.029674 0.0382338 0.0473102 0.0561819 0.0640112 0.0700287 0.0736699 0.0746618 0.0730668 0.0692495 0.0637632 0.0572061 0.0501164 0.0429226 0.0359363 0.029365 0.023338 0.0179373 0.0132271 0.00926697 0.00610232
 0.00671821 0.0108072 0.016101 0.0225764 0.0301712 0.0386915 0.0476907 0.0564652 0.0641944 0.0701227 0.0736951 0.074644 0.0730304 0.069212 0.0637296 0.0571665 0.0500462 0.042788 0.0357045 0.029018 0.0228828 0.0174091 0.0126816 0.00876451 0.0056893
 0.00674204 0.0108473 0.0161624 0.0226605 0.0302713 0.0387874 0.0477499 0.056453 0.064092 0.0699437 0.0734877 0.0744744 0.0729567 0.0692636 0.0639002 0.0574207 0.0503313 0.0430464 0.0358843 0.0290827 0.0228204 0.0172358 0.0124372 0.00849965 0.00544942
 0.00674959 0.0108565 0.016171 0.0226659 0.0302726 0.0387872 0.0477537 0.0564641 0.0641053 0.0699439 0.0734568 0.074406 0.0728672 0.0691892 0.063881 0.05748 0.0504642 0.0432208 0.0360532 0.0292005 0.0228573 0.0171863 0.01232 0.00834842 0.00529938
 0.00680128 0.0109238 0.0162414 0.0227176 0.0302808 0.0387344 0.0476384 0.0563034 0.0639291 0.0697845 0.0733375 0.0743349 0.0728392 0.0691946 0.0639155 0.0575478 0.0505708 0.0433625 0.036211 0.0293441 0.0229566 0.0172243 0.0122987 0.00828629 0.00522151
 0.00678085 0.0108999 0.0162214 0.022711 0.0302925 0.0387568 0.0476484 0.0562693 0.0638271 0.0696144 0.0731281 0.0741327 0.0726889 0.0691225 0.0639246 0.0576253 0.0506984 0.0435224 0.0363849 0.0295111 0.0230951 0.0173177 0.012342 0.00828749 0.00519712
 0.00680848 0.0109334 0.0162517 0.0227253 0.0302805 0.0387192 0.0475994 0.0562299 0.0638108 0.0696155 0.0731234 0.0740974 0.0726142 0.0690233 0.0638307 0.0575655 0.0506882 0.0435612 0.0364604 0.0296044 0.0231862 0.0173897 0.0123857 0.00830315 0.00519238
 0.0068005 0.0109226 0.0162388 0.0227097 0.0302582 0.0386801 0.0475294 0.0561181 0.0636597 0.0694458 0.0729685 0.0739876 0.0725629 0.0690242 0.0638686 0.0576281 0.0507716 0.0436655 0.0365827 0.0297358 0.0233126 0.017497 0.0124646 0.00835177 0.00521578
 0.00686304 0.0110205 0.0163787 0.0228947 0.030486 0.0389409 0.0478029 0.0563728 0.0638562 0.0695469 0.0729514 0.0738538 0.0723386 0.068751 0.0635884 0.057372 0.0505571 0.0434998 0.0364667 0.0296649 0.0232775 0.0174853 0.0124637 0.0083527 0.00521444
 0.00673151 0.0108451 0.0161859 0.0227333 0.0304142 0.0390051 0.0480191 0.0567198 0.0642825 0.0699845 0.0733309 0.0741185 0.0724562 0.06872 0.0634362 0.0571443 0.0503027 0.0432584 0.0362631 0.0295095 0.0231694 0.0174164 0.012423 0.00832961 0.00520102
 0.00673865 0.010819 0.0160804 0.0224911 0.029993 0.0384122 0.047334 0.0560816 0.0638408 0.0698399 0.0734977 0.074529 0.0729965 0.0692741 0.0639187 0.0575131 0.0505557 0.0434188 0.036363 0.0295768 0.0232217 0.0174613 0.0124612 0.00835964 0.00522196
