SBPRF35
7.78865
Curr Bio
633154
B35
649668
F35
0.223671
FOFL
0.223503
OFL
109538
Bzero
2.22533e+006
#pred survey bio
 3.61323e+006 3.23341e+006 2.88513e+006 2.58371e+006 2.29975e+006 2.03583e+006 1.79042e+006 1.55932e+006 1.35344e+006 1.18302e+006 1.05147e+006 948657 849290 775323 714778 688493 650485 621913 616578 598300 582156 569364 571442 556984 563786 553158 552885 558811 551851 545213 544362 530542 520407 517158 524459 530491 545845 537041 542107 546146 554177 549807 558922 556311 557443 546024 544210 580397 592614 595867 571808 548942 544663 534190 537242 535402 543075 538860 551696 549796 560147 593693 619839 633879 2.27398e+007 1.41093e+007 1.45949e+007 1.51144e+007 1.56144e+007 1.6054e+007 1.64177e+007 1.67065e+007 1.69295e+007 1.70987e+007 1.72257e+007 1.73205e+007 1.73911e+007 1.74438e+007 1.74832e+007 1.75127e+007 1.75349e+007 1.75517e+007 1.75644e+007 1.75741e+007 1.75815e+007 1.75872e+007 1.75915e+007 1.75948e+007 1.75974e+007 1.75994e+007 1.76009e+007 1.76021e+007 1.7603e+007 1.76037e+007 1.76042e+007 1.76046e+007 1.76049e+007 1.76052e+007 1.76054e+007 1.76055e+007 1.76056e+007 1.76057e+007 1.76058e+007 1.76058e+007 1.76059e+007 1.76059e+007 1.76059e+007 1.7606e+007 1.7606e+007 1.7606e+007 1.7606e+007 1.7606e+007 1.7606e+007 1.7606e+007 1.7606e+007 1.7606e+007 1.7606e+007 1.7606e+007 1.7606e+007 1.7606e+007 1.7606e+007 1.7606e+007 1.7606e+007 1.7606e+007 1.7606e+007 1.7606e+007 1.7606e+007 1.7606e+007 1.7606e+007 1.7606e+007 1.7606e+007 1.7606e+007 1.7606e+007 1.7606e+007 1.7606e+007 1.7606e+007 1.7606e+007 1.7606e+007 1.7606e+007 1.7606e+007 1.7606e+007 1.7606e+007 1.7606e+007 1.7606e+007 1.7606e+007 1.7606e+007 1.7606e+007 1.7606e+007 1.7606e+007 1.7606e+007 1.7606e+007 1.7606e+007 1.7606e+007 1.7606e+007 1.7606e+007 1.7606e+007 1.7606e+007 1.7606e+007 1.7606e+007 1.7606e+007 1.7606e+007 1.7606e+007 1.7606e+007 1.7606e+007 0 0 0 0 0 0 0 0 0 0 0 0 0 0 0 0 0 0 0 0 0 0 0 0 0
#obs survey bio
 2.94819e+006 2.78793e+006 2.0493e+006 1.62945e+006 1.86467e+006 1.47226e+006 1.8108e+006 1.70822e+006 1.02795e+006 1.04601e+006 1.34388e+006 646479 851395 531724 693624 524158 530950 437879 502002 558852 467894 503922 735170 481817 541285 405086 617125 569076 524362 289029 603489 456590 656683 754112 507770 573588 741368 430182 462125 532442 526820 481466 641242 521471 460364 387531 654970 570558 647887 649441 599972 561914 508627 863420 599789 535317 531161 450817 718508 484078 658807 682902 605398 723333
#pred catch bio
 274432 278798 271897 287873 296838 301742 304641 292825 268591 238775 215677 212341 188472 173871 141404 147566 135285 113509 123296 119446 114376 100061 111678 91600.6 104228 93249.5 86541.2 95300.5 92407.5 85107.8 93214.9 88770.9 85470.7 80864.3 85103.2 78885.8 99423.7 87697.4 89322 86529.3 97252.1 86255.3 96557.6 93680.5 104658 96868.1 66574.5 87755 94384 115877 113098 96983.6 102479 91322.9 95722.7 88323.9 99500 87020.6 101502 93425 78146.4 89531.8 105028 108376 109538 112729 115764 118968 122113 124826 126976 128586 129744 130550 131099 131466 131708 131865 131966 132031 132072 132098 132114 132125 132131 132135 132138 132139 132140 132141 132141 132141 132142 132142 132142 132142 132142 132142 132142 132142 132142 132142 132142 132142 132142 132142 132142 132142 132142 132142 132142 132142 132142 132142 132142 132142 132142 132142 132142 132142 132142 132142 132142 132142 132142 132142 132142 132142 132142 132142 132142 132142 132142 132142 132142 132142 132142 132142 132142 132142 132142 132142 132142 132142 132142 132142 132142 132142 132142 132142 132142 132142 132142 132142 132142 132142 132142 132142 132142 132142 132142 132142 132142 132142 0 0 0 0 0 0 0 0 0 0 0 0 0 0 0 0 0 0 0 0 0 0 0 0 0
#obs catch bio
 239648 279509 274058 292214 301948 307664 310905 298072 273979 243759 219184 216737 191489 178174 143309 150038 137115 114217 124987 121332 116122 101207 112974 92224.3 105310 93846 86908.2 95930.9 92672.4 85636 93512.4 89357.2 85482.3 80456.1 84855.1 78329.9 98847.1 87184.6 89308.4 86165.8 97079.6 85920.6 96243 93132.8 104679 97442.9 66345.1 88016.6 94078.9 115616 112818 96346.3 102198 90870.2 95493.3 87748.9 99355.2 86647.1 101262 93589.4 77937.2 89436.6 104996 108379
#pred cpue bio
 3.54898e+006 3.17152e+006 2.82444e+006 2.5232e+006 2.24075e+006 1.97881e+006 1.73573e+006 1.50741e+006 1.30429e+006 1.1362e+006 1.00667e+006 905713 808468 736312 677703 652731 616473 589191 584102 566356 550918 538865 541352 527832 534877 525032 525108 531285 525062 519025 518722 505831 495557 491004 497029 502706 517881 509506 514265 518089 525914 521616 530395 527847 528781 517413 515445 550763 563161 566618 543150 520687 516324 506014 508952 507222 514539 510064 522061 519843 529362 561364 586058 598494 2.14567e+007 1.33274e+007 1.37903e+007 1.42839e+007 1.47752e+007 1.52129e+007 1.55763e+007 1.5865e+007 1.6088e+007 1.62573e+007 1.63843e+007 1.6479e+007 1.65497e+007 1.66023e+007 1.66417e+007 1.66712e+007 1.66934e+007 1.67102e+007 1.6723e+007 1.67326e+007 1.674e+007 1.67457e+007 1.675e+007 1.67534e+007 1.67559e+007 1.67579e+007 1.67594e+007 1.67606e+007 1.67615e+007 1.67622e+007 1.67627e+007 1.67631e+007 1.67635e+007 1.67637e+007 1.67639e+007 1.6764e+007 1.67642e+007 1.67643e+007 1.67643e+007 1.67644e+007 1.67644e+007 1.67645e+007 1.67645e+007 1.67645e+007 1.67645e+007 1.67645e+007 1.67645e+007 1.67645e+007 1.67645e+007 1.67645e+007 1.67645e+007 1.67646e+007 1.67646e+007 1.67646e+007 1.67646e+007 1.67646e+007 1.67646e+007 1.67646e+007 1.67646e+007 1.67646e+007 1.67646e+007 1.67646e+007 1.67646e+007 1.67646e+007 1.67646e+007 1.67646e+007 1.67646e+007 1.67646e+007 1.67646e+007 1.67646e+007 1.67646e+007 1.67646e+007 1.67646e+007 1.67646e+007 1.67646e+007 1.67646e+007 1.67646e+007 1.67646e+007 1.67646e+007 1.67646e+007 1.67646e+007 1.67646e+007 1.67646e+007 1.67646e+007 1.67646e+007 1.67646e+007 1.67646e+007 1.67646e+007 1.67646e+007 1.67646e+007 1.67646e+007 1.67646e+007 1.67646e+007 1.67646e+007 1.67646e+007 1.67646e+007 1.67646e+007 1.67646e+007 1.67646e+007 1.67646e+007 0 0 0 0 0 0 0 0 0 0 0 0 0 0 0 0 0 0 0 0 0 0 0 0 0
#obs cpue bio
 3.0912e+006 3.02504e+006 1.53528e+006 1.93564e+006 2.23805e+006 2.11825e+006 1.5355e+006 1.42416e+006 1.18118e+006 889548 770291 926027 734027 526122 728450 715300 696592 858342 475677 408490 574627 479800 514763 464624 561032 688434 452710 497554 657101 587580 701242 389107 645971 498127 515574 553173 505266 557986 448170 682063 584942 572495 563775 625608 498674 500675 472559 565045 710202 591786 529080 628394 534088 338839 460694 627607 473030 597190 472146 411713 502913 509178 612913 486177
#pred surv len freq
 0.00518089 0.00837987 0.0125556 0.0176773 0.0236281 0.0301294 0.0366981 0.0427455 0.0477821 0.051572 0.0541359 0.055652 0.0563545 0.0564684 0.0561684 0.0555568 0.0546642 0.0534638 0.0518703 0.0497119 0.046712 0.0425487 0.0370308 0.0303151 0.0229983
 0.00577141 0.00923695 0.0136605 0.0189623 0.0250163 0.031586 0.0382536 0.0444619 0.0496765 0.0535458 0.0559633 0.057043 0.0570599 0.056371 0.0553172 0.0541355 0.0529165 0.0516085 0.0500396 0.0479372 0.0449618 0.0407963 0.0353086 0.0287205 0.02165
 0.00604928 0.00974816 0.0145328 0.0203331 0.0269794 0.0341221 0.0411884 0.0474987 0.0525003 0.0559362 0.0578329 0.0583837 0.0578535 0.0565472 0.0547885 0.0528729 0.0509995 0.0492126 0.0473756 0.0451871 0.0422518 0.0382143 0.0329398 0.026662 0.0199902
 0.00625865 0.0100801 0.0150237 0.0210295 0.02795 0.0354616 0.042996 0.0498236 0.0552768 0.0589493 0.0607559 0.0608753 0.0596592 0.0575392 0.0549386 0.0522038 0.0495657 0.0471136 0.0447682 0.0422717 0.0392396 0.0353004 0.0302908 0.0244102 0.0182185
 0.00649259 0.0104568 0.0155837 0.0218081 0.0289721 0.0367365 0.0445151 0.0515671 0.057223 0.0610717 0.0629954 0.0631042 0.0616711 0.0590871 0.0558023 0.0522461 0.0487506 0.0454963 0.0424783 0.0394996 0.0362197 0.0322837 0.0275111 0.0220491 0.0163788
 0.00671189 0.0108158 0.0161289 0.0225852 0.0300182 0.038067 0.0461094 0.0533629 0.0591272 0.0629836 0.0648293 0.0647953 0.0631597 0.0602911 0.056601 0.0524941 0.048319 0.04432 0.0405872 0.0370252 0.0333788 0.0293442 0.0247438 0.0196748 0.0145264
 0.00691235 0.0111463 0.0166354 0.0233154 0.0310143 0.0393525 0.0476738 0.0551522 0.0610457 0.0649085 0.0666318 0.0663628 0.0644111 0.0611772 0.0570878 0.0525389 0.0478597 0.0432915 0.0389613 0.0348531 0.0308108 0.0266142 0.0221194 0.0173917 0.0127321
 0.00720849 0.0116111 0.0173049 0.0242147 0.0321566 0.0407371 0.049279 0.0569269 0.0629076 0.0667495 0.0683303 0.0678003 0.0654897 0.061833 0.0572927 0.0522887 0.047155 0.0421265 0.0373341 0.0327966 0.0284267 0.0240827 0.0196702 0.0152441 0.0110334
 0.00754614 0.0121481 0.0180905 0.025285 0.0335268 0.0423898 0.0511531 0.0589169 0.0648794 0.0685674 0.0698789 0.0689943 0.0662723 0.0621721 0.057179 0.0517317 0.0461767 0.0407532 0.0355962 0.0307422 0.0261447 0.0217169 0.0174061 0.0132652 0.00946736
 0.00780246 0.0125679 0.0187279 0.026192 0.0347429 0.0439243 0.0529666 0.0609128 0.0669143 0.0704766 0.0715073 0.0702203 0.0670221 0.0624206 0.0569404 0.0510447 0.0450896 0.0393162 0.0338608 0.0287704 0.0240241 0.0195705 0.0153842 0.0115138 0.00808732
 0.00804489 0.0129458 0.0192677 0.0269114 0.0356524 0.0450286 0.0542594 0.0623668 0.0684715 0.0720449 0.0729677 0.0714443 0.0678952 0.0628642 0.0569221 0.0505763 0.0442141 0.0380931 0.0323574 0.027062 0.0222011 0.0177442 0.0136798 0.0100477 0.00693712
 0.00819228 0.0131915 0.0196482 0.0274626 0.0364006 0.0459772 0.055378 0.0635926 0.0697239 0.0732456 0.0740515 0.0723567 0.0685839 0.0632756 0.0570094 0.0503109 0.0435962 0.0371521 0.0311476 0.025657 0.020691 0.016233 0.0122761 0.00884685 0.00599955
 0.00838444 0.0134987 0.0201014 0.0280884 0.0372177 0.0469891 0.0565632 0.064896 0.071057 0.074499 0.0751152 0.0731426 0.0690409 0.0633915 0.0567986 0.0498006 0.0428165 0.0361374 0.0299416 0.0243187 0.0192962 0.0148701 0.0110354 0.00780346 0.00519624
 0.00840887 0.0135567 0.0202226 0.0283126 0.0375861 0.0475309 0.0572821 0.065765 0.072023 0.075492 0.0760572 0.0739551 0.0696533 0.0637508 0.0568778 0.0495996 0.0423567 0.0354531 0.0290765 0.0233257 0.01824 0.0138254 0.010078 0.0069962 0.00457476
 0.00849709 0.0136824 0.0203805 0.028491 0.0377759 0.0477371 0.0575295 0.0660905 0.0724571 0.0760383 0.0766835 0.0745992 0.0702393 0.0642071 0.0571498 0.0496553 0.0421882 0.0350743 0.0285189 0.0226355 0.0174748 0.0130502 0.00935793 0.00638441 0.00410199
 0.00841897 0.0135603 0.0202055 0.0282573 0.0374813 0.0473852 0.0571356 0.0656895 0.0721081 0.0758193 0.0766723 0.0748451 0.0707391 0.0648985 0.0579272 0.0503999 0.0427973 0.0354814 0.0286991 0.0226021 0.0172708 0.012737 0.00900233 0.00604581 0.0038213
 0.00853085 0.0137237 0.020417 0.0285008 0.0377315 0.0476135 0.0573146 0.0657956 0.0721245 0.0757423 0.0765184 0.0746551 0.0705698 0.0648039 0.0579352 0.0504986 0.0429394 0.0356026 0.0287433 0.022539 0.0171022 0.0124921 0.00872511 0.00578062 0.00360052
 0.00880264 0.0141168 0.0209176 0.0290633 0.0382893 0.048098 0.0576714 0.065992 0.0721501 0.0756063 0.0762478 0.0742905 0.0701614 0.0644051 0.0575936 0.0502454 0.0427794 0.0355129 0.0286823 0.0224644 0.0169875 0.0123345 0.0085424 0.00559984 0.00344564
 0.00875715 0.0140703 0.0208963 0.0291027 0.0384181 0.0483158 0.0579356 0.0662277 0.0722807 0.0755894 0.0760927 0.0740488 0.0699007 0.0641827 0.0574448 0.0501826 0.0427967 0.0355897 0.0287873 0.0225622 0.017049 0.0123461 0.00850843 0.00553785 0.00337675
 0.00870642 0.0140057 0.0208334 0.0290713 0.0384581 0.0484684 0.058229 0.0666609 0.0728108 0.0761312 0.076538 0.0743035 0.0699201 0.0639866 0.0571032 0.0497837 0.042416 0.0352732 0.028549 0.022392 0.0169251 0.0122468 0.00842061 0.00545831 0.00330869
 0.00871104 0.0140019 0.0208082 0.0290091 0.0383496 0.0483219 0.0580787 0.0665624 0.0728225 0.0762885 0.0768327 0.0746795 0.0702905 0.0642658 0.0572381 0.0497699 0.0422911 0.035094 0.0283666 0.022237 0.0168056 0.0121573 0.00835139 0.00540258 0.00326398
 0.00865998 0.0139299 0.0207193 0.0289117 0.0382514 0.0482242 0.0579748 0.0664448 0.0726957 0.0761783 0.0767817 0.0747279 0.0704523 0.0645156 0.0575185 0.0500166 0.0424594 0.0351725 0.0283733 0.0222024 0.0167571 0.0121107 0.0083122 0.00537092 0.00323889
 0.00854652 0.0137412 0.0204291 0.0284969 0.0377019 0.0475554 0.0572366 0.0657175 0.0720709 0.0757343 0.0765673 0.0747605 0.0707229 0.0649921 0.0581461 0.0507207 0.0431586 0.0357971 0.028881 0.0225827 0.0170233 0.0122866 0.00842229 0.00543536 0.00327325
 0.00858525 0.0138023 0.0205159 0.0286073 0.0378246 0.0476659 0.0572986 0.0656914 0.0719305 0.0754821 0.0762391 0.0744154 0.0704243 0.06479 0.058067 0.0507638 0.0432986 0.0359922 0.029086 0.0227621 0.0171586 0.0123763 0.00847488 0.00546255 0.00328527
 0.00844008 0.0135727 0.0201834 0.0281616 0.0372682 0.0470201 0.0566068 0.0650155 0.0713384 0.0750306 0.0759639 0.0743307 0.0705289 0.0650723 0.0585052 0.0513247 0.0439368 0.0366545 0.029718 0.0233181 0.0176096 0.0127133 0.00870677 0.00560937 0.00337065
 0.00850152 0.0136598 0.0202901 0.0282725 0.0373605 0.0470682 0.0565876 0.0649136 0.0711505 0.0747683 0.0756531 0.074007 0.0702306 0.0648346 0.058356 0.0512809 0.0440008 0.0368116 0.0299387 0.0235644 0.0178448 0.012911 0.0088547 0.00570856 0.00343042
 0.00840969 0.0135249 0.0201133 0.0280632 0.0371319 0.0468314 0.0563477 0.0646718 0.0709086 0.0745345 0.0754439 0.0738441 0.0701356 0.0648232 0.0584349 0.0514479 0.0442456 0.0371165 0.0302789 0.0239097 0.0181649 0.0131813 0.00906221 0.00585289 0.00352115
 0.00823016 0.0132466 0.0197209 0.027554 0.0365195 0.0461482 0.0556462 0.0640191 0.0703729 0.0741679 0.0752703 0.0738596 0.0703181 0.0651425 0.05886 0.0519489 0.0447937 0.0376833 0.0308361 0.0244296 0.0186224 0.0135577 0.00934909 0.00605376 0.00364944
 0.00825623 0.0132714 0.0197257 0.0275106 0.0363975 0.0459268 0.0553252 0.0636227 0.0699442 0.0737578 0.0749259 0.0736152 0.0701907 0.0651328 0.058957 0.0521357 0.0450511 0.0379909 0.0311717 0.0247693 0.0189417 0.0138355 0.00957127 0.00621607 0.00375706
 0.00810646 0.0130647 0.0194813 0.0272658 0.0361923 0.045783 0.0552318 0.0635412 0.069831 0.0735897 0.0747141 0.0733995 0.0700209 0.0650492 0.0589794 0.0522622 0.045265 0.0382676 0.031484 0.0250904 0.0192467 0.0141034 0.00978818 0.00637683 0.00386543
 0.00801431 0.0128978 0.0192014 0.0268346 0.0355898 0.0450305 0.0544057 0.0627592 0.0692122 0.0732099 0.0745835 0.0734767 0.070247 0.0653772 0.0593823 0.0527259 0.0457751 0.0388036 0.0320192 0.0255962 0.0196977 0.014481 0.010083 0.00658979 0.00400663
 0.00863081 0.0137707 0.0202738 0.0279671 0.0365939 0.0457268 0.0546766 0.062576 0.0686324 0.0723557 0.0736076 0.0725223 0.0694139 0.0647099 0.0588823 0.0523749 0.0455534 0.0386943 0.0320051 0.025655 0.0198026 0.0146046 0.010202 0.00668891 0.00407943
 0.0092048 0.0146763 0.0215778 0.029692 0.0386897 0.0480401 0.0569395 0.0644426 0.0697743 0.0725759 0.0729103 0.0710983 0.0675575 0.0627181 0.0569834 0.0507041 0.0441656 0.037593 0.0311682 0.0250494 0.01939 0.0143434 0.0100509 0.00661063 0.00404413
 0.00917633 0.014707 0.0217664 0.0301785 0.039619 0.0495018 0.0589073 0.0667449 0.0721125 0.0745867 0.0742556 0.0715576 0.0670907 0.0614701 0.0552258 0.0487427 0.0422579 0.0359071 0.0297824 0.023977 0.0186052 0.0138015 0.00970002 0.0063992 0.00392655
 0.00889904 0.0142914 0.0212125 0.0295254 0.0389545 0.0489658 0.0586794 0.0670046 0.072971 0.0760163 0.0760602 0.0734114 0.068638 0.0624391 0.0555074 0.048402 0.0414838 0.0349302 0.0288028 0.0231251 0.0179392 0.0133253 0.00938632 0.00620879 0.00382045
 0.00873662 0.0140293 0.0208229 0.0289883 0.0382675 0.0481597 0.0578333 0.0662514 0.0724799 0.0759522 0.0765266 0.0743981 0.0699991 0.0639211 0.0568254 0.0493334 0.0419344 0.0349435 0.0285155 0.0227001 0.0175095 0.0129692 0.00913048 0.00604555 0.00372701
 0.00863315 0.013851 0.020536 0.028555 0.0376553 0.0473557 0.0568614 0.0651828 0.0714328 0.0750782 0.0759861 0.0743243 0.0704547 0.0648635 0.0581002 0.0507109 0.0431803 0.035892 0.0291097 0.0229833 0.0175809 0.0129332 0.00906337 0.00598707 0.00368904
 0.00882487 0.0141424 0.0209347 0.0290492 0.0382097 0.0479101 0.0573327 0.0654758 0.0714648 0.0748103 0.0754477 0.0736166 0.0697275 0.0642712 0.0577504 0.0506273 0.0432982 0.036092 0.0292735 0.0230408 0.0175258 0.0128049 0.00891474 0.00585798 0.00359678
 0.00875894 0.0140585 0.0208512 0.0289967 0.0382219 0.0480081 0.0575121 0.065702 0.0716808 0.0749522 0.075464 0.0734864 0.0694731 0.0639572 0.0574663 0.0504547 0.0432776 0.0362064 0.0294598 0.0232229 0.0176494 0.0128545 0.0089067 0.0058217 0.00355701
 0.00874045 0.0140213 0.0207838 0.0288883 0.0380704 0.0478296 0.0573443 0.0655955 0.0716771 0.0750608 0.0756523 0.0736911 0.0696276 0.0640206 0.0574397 0.050378 0.0432072 0.0361869 0.0295035 0.0233092 0.0177417 0.0129224 0.0089389 0.00582465 0.00354484
 0.00871912 0.0139844 0.0207235 0.0287949 0.0379332 0.0476402 0.0571026 0.0653161 0.0713939 0.0748233 0.0755116 0.0736794 0.0697418 0.0642221 0.0576728 0.0505954 0.0433884 0.0363375 0.0296399 0.0234413 0.017866 0.0130267 0.00901336 0.00586811 0.00356431
 0.00876614 0.014065 0.0208518 0.0289841 0.0381898 0.0479557 0.0574467 0.0656389 0.0716375 0.0749412 0.0754854 0.0735251 0.069502 0.0639481 0.0574054 0.0503553 0.0431795 0.0361581 0.029491 0.0233264 0.017786 0.0129766 0.00898363 0.00584955 0.00355118
 0.00869876 0.013957 0.0206932 0.0287699 0.0379244 0.0476578 0.0571517 0.0653926 0.0714819 0.0748981 0.0755483 0.0736651 0.0696828 0.0641409 0.0575954 0.050538 0.0433533 0.0363195 0.0296348 0.0234489 0.0178861 0.013055 0.00904173 0.00588928 0.00357551
 0.00880771 0.0141171 0.0209019 0.0290124 0.0381763 0.0478903 0.0573373 0.0655108 0.0715234 0.0748671 0.0754607 0.0735408 0.069538 0.0639848 0.0574323 0.0503729 0.0431946 0.0361768 0.0295158 0.0233567 0.0178195 0.0130102 0.00901366 0.0058728 0.00356626
 0.00883043 0.0141613 0.0209811 0.0291414 0.0383647 0.048134 0.0576123 0.0657757 0.0717316 0.074983 0.0754714 0.0734576 0.0693882 0.0637997 0.0572375 0.0501846 0.0430211 0.0360225 0.029384 0.0232497 0.017738 0.0129523 0.0089755 0.00584946 0.00355296
 0.00888796 0.0142627 0.0211483 0.0293996 0.0387363 0.0486283 0.0582146 0.0664408 0.0723869 0.0755414 0.0758506 0.0736009 0.0692799 0.0634681 0.0567444 0.0496054 0.0424253 0.0354628 0.0288929 0.0228431 0.0174194 0.0127166 0.0088117 0.00574313 0.0034889
 0.00884643 0.0141993 0.0210618 0.0292947 0.0386264 0.048538 0.0581786 0.0664971 0.0725634 0.0758408 0.0762409 0.0740199 0.0696518 0.0637269 0.056853 0.0495635 0.042264 0.0352293 0.0286353 0.0225989 0.0172115 0.0125547 0.00869549 0.00566615 0.00344195
 0.00848908 0.0136389 0.0202582 0.0282291 0.0373101 0.047024 0.0565733 0.0649603 0.0712865 0.0750055 0.0759741 0.07436 0.0705382 0.0650153 0.0583529 0.0510856 0.0436603 0.0364129 0.0295774 0.0233121 0.0177293 0.0129161 0.00893725 0.00581995 0.00353403
 0.00847492 0.0135984 0.0201643 0.028044 0.0369928 0.0465427 0.0559199 0.0641602 0.0704011 0.0741281 0.0752182 0.0738406 0.0703453 0.0651874 0.0588616 0.0518412 0.0445373 0.0372863 0.0303527 0.0239391 0.0181984 0.0132445 0.00915372 0.00595462 0.00361284
 0.00849642 0.013638 0.0202308 0.0281437 0.0371216 0.0466774 0.0560136 0.06415 0.0702287 0.0737655 0.0746865 0.0732117 0.0697261 0.0646923 0.0585809 0.0518155 0.0447477 0.0376644 0.0308066 0.0243835 0.0185756 0.0135301 0.00935005 0.00607842 0.0036849
 0.00864465 0.0138829 0.0206059 0.0286806 0.0378402 0.0475709 0.0570327 0.065196 0.0711636 0.0744388 0.0749717 0.0730421 0.0691187 0.063748 0.0574601 0.0506936 0.043769 0.0369105 0.0302912 0.0240692 0.0184023 0.0134408 0.00930408 0.00605296 0.00366957
 0.00882476 0.0141567 0.0209836 0.0291619 0.0384186 0.0482387 0.0577804 0.0660042 0.0719906 0.0752123 0.0755922 0.0734009 0.0691283 0.0633741 0.0567405 0.0497338 0.0427142 0.0359042 0.0294383 0.0234177 0.0179483 0.0131479 0.00912623 0.00594976 0.00361184
 0.00882108 0.014156 0.0209921 0.0291884 0.038472 0.0483254 0.0579036 0.0661666 0.0721991 0.0754775 0.0759186 0.0737716 0.069494 0.0636594 0.0568688 0.0496603 0.0424476 0.0355048 0.028993 0.0230072 0.0176229 0.0129215 0.00898596 0.00587117 0.00357133
 0.00884566 0.0142006 0.0210677 0.0293081 0.0386479 0.0485633 0.058198 0.0664984 0.0725388 0.0757929 0.0761841 0.0739731 0.0696274 0.0637215 0.0568493 0.0495418 0.0422173 0.0351705 0.0285901 0.0225904 0.0172467 0.012622 0.00877385 0.0057365 0.0034941
 0.00880687 0.014131 0.020952 0.029131 0.0384015 0.0482567 0.0578644 0.066192 0.0723208 0.0757114 0.0762593 0.0741939 0.0699582 0.0641139 0.0572512 0.0499044 0.0424997 0.0353466 0.0286553 0.0225633 0.0171627 0.0125197 0.00868225 0.00566948 0.00345243
 0.00893871 0.01432 0.0211887 0.0293882 0.0386394 0.048433 0.0579446 0.0661587 0.0721791 0.0754912 0.0760094 0.0739689 0.0698009 0.0640432 0.0572595 0.0499641 0.0425744 0.0354019 0.028668 0.0225269 0.017087 0.0124253 0.00859093 0.00559601 0.00340193
 0.00901838 0.0144397 0.0213496 0.0295825 0.0388488 0.0486294 0.0580923 0.0662207 0.0721283 0.0753226 0.0757475 0.0736628 0.0695108 0.0638218 0.0571373 0.0499427 0.0426303 0.0354975 0.0287649 0.0225972 0.0171194 0.0124238 0.00856842 0.00556695 0.0033764
 0.00914601 0.0146485 0.0216653 0.0300265 0.03943 0.0493321 0.0588662 0.0669804 0.0727684 0.0757441 0.0758837 0.0734971 0.06908 0.0632055 0.0564356 0.0492506 0.0420162 0.034994 0.028373 0.0222991 0.0168921 0.0122492 0.00843573 0.00547014 0.0033106
 0.00910216 0.0145801 0.0215691 0.0299049 0.039295 0.0492084 0.0587902 0.0669921 0.072895 0.0759833 0.0761971 0.0738198 0.069343 0.0633597 0.0564669 0.0491798 0.0418856 0.0348481 0.0282435 0.0221989 0.0168197 0.0121965 0.00839548 0.0054387 0.00328694
 0.00927673 0.0148419 0.0219215 0.0303355 0.0397776 0.0497082 0.0592692 0.0674135 0.073229 0.0762117 0.0763141 0.0738264 0.06924 0.063146 0.0561452 0.0487651 0.0414097 0.0343557 0.0277801 0.0217993 0.0165009 0.0119589 0.00822862 0.00532785 0.00321744
 0.00936594 0.0149778 0.0221087 0.030571 0.0400504 0.0499998 0.0595548 0.0676653 0.0734225 0.076333 0.0763636 0.0738161 0.0691852 0.0630563 0.0560208 0.0486001 0.0412007 0.0341093 0.0275152 0.0215414 0.0162736 0.0117765 0.00809453 0.00523695 0.00316038
 0.00938711 0.01499 0.0220868 0.0304796 0.039856 0.0496878 0.0591435 0.067207 0.0729898 0.075997 0.076176 0.0737995 0.0693331 0.0633379 0.0563885 0.0489988 0.041578 0.0344258 0.0277507 0.021696 0.0163617 0.011819 0.00811071 0.00524048 0.0031592
 0.00957219 0.0152674 0.0224586 0.0309278 0.0403411 0.0501521 0.0595173 0.0674219 0.0729983 0.0757929 0.0758008 0.0733307 0.0688579 0.0629268 0.0560804 0.0487994 0.0414677 0.0343725 0.0277225 0.0216702 0.0163287 0.0117797 0.00807131 0.00520699 0.00313463
 0.00936099 0.0150152 0.0222456 0.0308798 0.0405894 0.0507717 0.0604771 0.0685791 0.074142 0.0767134 0.0763506 0.0734554 0.0685949 0.0623801 0.0553825 0.0480733 0.0408018 0.033812 0.0272767 0.0213272 0.0160694 0.0115868 0.00793171 0.00511072 0.00307257
#obs surv len freq
 0.00496642 0.00813568 0.0123763 0.0177024 0.0239882 0.0308687 0.0377184 0.0438134 0.0486024 0.051882 0.0537682 0.0545438 0.0545275 0.0540172 0.0532757 0.0525198 0.051897 0.0514433 0.0510204 0.0502586 0.0485752 0.0453393 0.0401737 0.0332467 0.0253395
 0.00517855 0.0084809 0.0128966 0.0184376 0.0249686 0.032104 0.0391855 0.0454521 0.0503225 0.0535796 0.0553408 0.0558976 0.0555791 0.0546926 0.0535123 0.0522714 0.0511434 0.0501996 0.0493445 0.0482532 0.0463842 0.0431346 0.038131 0.0315119 0.0239977
 0.00540059 0.00884669 0.013456 0.0192397 0.0260521 0.0334813 0.0408276 0.047284 0.052235 0.0554518 0.0570596 0.0573678 0.0567233 0.0554468 0.0538217 0.0520888 0.0504339 0.0489525 0.0475894 0.0460764 0.0439342 0.0406109 0.0357515 0.0294662 0.0224023
 0.00563009 0.00922187 0.0140248 0.020049 0.0271398 0.034863 0.0424825 0.0491474 0.0542055 0.0574085 0.0588809 0.0589446 0.0579658 0.0562855 0.0542034 0.0519711 0.0497826 0.0477481 0.0458441 0.0438568 0.0413785 0.0379255 0.0331779 0.0272251 0.0206377
 0.00586671 0.00961043 0.0146168 0.0208947 0.0282786 0.036308 0.044205 0.0510722 0.0562225 0.0593943 0.0607177 0.0605305 0.0592165 0.0571331 0.054594 0.0518623 0.049141 0.0465532 0.0441015 0.0416211 0.0387762 0.0351586 0.0304956 0.0248654 0.0187639
 0.00611733 0.0100186 0.0152326 0.0217655 0.0294405 0.0377721 0.0459425 0.0530086 0.058247 0.0613801 0.0625429 0.062091 0.0604302 0.0579388 0.0549465 0.0517267 0.048489 0.0453656 0.0423809 0.0394147 0.0361992 0.0324029 0.0278056 0.0224822 0.0168588
 0.0063635 0.0104256 0.0158575 0.0226646 0.0306574 0.0393187 0.0477807 0.0550456 0.0603509 0.063408 0.0643656 0.0636057 0.0615628 0.0586396 0.0551841 0.051481 0.0477458 0.0441163 0.0406329 0.0372127 0.0336497 0.0296851 0.0251519 0.0201256 0.0149687
 0.00662583 0.0108506 0.0164945 0.0235594 0.0318442 0.0408074 0.049542 0.0570038 0.062391 0.0653942 0.0661633 0.065099 0.062664 0.0592929 0.0553614 0.0511732 0.0469535 0.042846 0.0389032 0.0350719 0.0311986 0.0270885 0.0226235 0.0178812 0.0131668
 0.00681986 0.0111786 0.0170111 0.0243224 0.0329012 0.0421757 0.0511899 0.0588466 0.0643066 0.0672503 0.0678396 0.0664968 0.0637072 0.0599264 0.0555501 0.0509007 0.0462185 0.0416597 0.037292 0.0330892 0.0289416 0.0247086 0.0203127 0.0158326 0.011522
 0.00706478 0.0115702 0.0175888 0.0251199 0.0339425 0.0434669 0.0527087 0.0605339 0.066069 0.0689719 0.0693997 0.0677874 0.0646455 0.0604595 0.0556527 0.0505673 0.0454568 0.0404873 0.0357404 0.0312143 0.0268376 0.0225142 0.0181994 0.0139696 0.0100318
 0.00724858 0.0118791 0.0180715 0.0258259 0.0349092 0.044701 0.0541698 0.0621348 0.0676938 0.0705046 0.0707447 0.0688738 0.065422 0.0608886 0.0557097 0.0502412 0.0447502 0.0394162 0.0343362 0.0295315 0.0249633 0.0205728 0.0163407 0.0123389 0.00873191
 0.00742676 0.0121684 0.0185069 0.0264408 0.0357303 0.0457393 0.0554088 0.0635226 0.0691456 0.0719147 0.0720044 0.06989 0.0661292 0.0612524 0.0557203 0.0499046 0.0440803 0.0384334 0.0330716 0.0280352 0.0233137 0.0188786 0.0147303 0.0109342 0.00761751
 0.00750547 0.0122999 0.0187116 0.026741 0.0361472 0.0462876 0.0560909 0.0643254 0.0700408 0.0728614 0.0729507 0.0707739 0.0668825 0.061809 0.0560268 0.0499265 0.0438043 0.0378646 0.0322329 0.0269696 0.0220894 0.0175896 0.0134862 0.00983909 0.00674376
 0.00762737 0.0124897 0.0189818 0.0270981 0.0365915 0.0468128 0.0566832 0.0649631 0.0706969 0.0735075 0.073561 0.0713246 0.0673487 0.0621616 0.0562318 0.0499494 0.0436166 0.0374512 0.031598 0.0261411 0.0211213 0.0165599 0.0124869 0.00895683 0.00603901
 0.00764288 0.0125179 0.0190297 0.0271742 0.0367043 0.0469682 0.056883 0.0652051 0.0709772 0.0738232 0.0739097 0.0717016 0.0677418 0.0625475 0.056576 0.0502089 0.0437465 0.0374136 0.0313712 0.0257283 0.0205547 0.0158992 0.0118084 0.00833593 0.00553131
 0.00773771 0.0126579 0.0192145 0.0273947 0.0369459 0.0472161 0.0571258 0.0654353 0.0711895 0.0740141 0.0740777 0.0718483 0.0678718 0.0626647 0.0566786 0.0502845 0.0437711 0.0373564 0.031204 0.0254373 0.0201496 0.0154159 0.0113018 0.00786496 0.00514178
 0.00776564 0.0127053 0.0192886 0.0275019 0.0370881 0.0473871 0.057309 0.0656076 0.07133 0.0741133 0.0741411 0.0718922 0.0679142 0.0627179 0.0567449 0.0503559 0.0438302 0.0373784 0.031162 0.0253105 0.0199336 0.0151274 0.0109769 0.00754783 0.00487043
 0.00780134 0.0127545 0.0193469 0.0275608 0.0371387 0.0474252 0.0573382 0.0656366 0.0713674 0.0741614 0.0741954 0.0719458 0.067964 0.0627664 0.0567974 0.0504151 0.0438911 0.0374269 0.0311778 0.0252741 0.0198338 0.0149689 0.0107803 0.0073437 0.0046881
 0.0078504 0.0128297 0.0194509 0.0276916 0.0372886 0.0475803 0.0574796 0.0657446 0.071428 0.0741719 0.0741656 0.0718926 0.0679035 0.0627096 0.0567502 0.0503796 0.0438662 0.037407 0.0311523 0.025229 0.019758 0.0148598 0.0106467 0.00720346 0.00456074
 0.0078642 0.012852 0.0194843 0.0277381 0.0373491 0.0476533 0.0575603 0.0658245 0.0714958 0.0742171 0.0741817 0.0718802 0.0678703 0.0626676 0.0567108 0.0503502 0.0438487 0.0373982 0.0311446 0.0252125 0.0197235 0.0148029 0.0105709 0.00711888 0.00448036
 0.00789088 0.0128891 0.0195285 0.0277829 0.0373868 0.0476789 0.0575735 0.0658297 0.071499 0.0742226 0.0741896 0.0718869 0.0678714 0.0626607 0.0566973 0.0503346 0.0438358 0.0373901 0.0311394 0.0252049 0.019707 0.0147731 0.0105282 0.00706862 0.00443057
 0.00789125 0.0128903 0.0195313 0.0277874 0.0373922 0.047682 0.0575693 0.0658134 0.071469 0.0741832 0.0741504 0.0718587 0.0678616 0.0626703 0.0567217 0.0503673 0.0438711 0.0374245 0.0311703 0.0252292 0.0197212 0.0147745 0.0105167 0.00704758 0.0044056
 0.00790047 0.0128998 0.0195357 0.027779 0.0373633 0.0476293 0.0574963 0.0657296 0.0713868 0.074113 0.0740987 0.0718287 0.0678549 0.0626874 0.0567615 0.0504252 0.0439402 0.0374967 0.0312384 0.0252875 0.0197658 0.0148035 0.0105303 0.00704878 0.00439898
 0.00789276 0.0128871 0.019516 0.0277498 0.0373214 0.047571 0.057419 0.0656337 0.0712778 0.0740021 0.0740012 0.0717596 0.0678244 0.0626987 0.0568108 0.0505047 0.0440395 0.0376049 0.031345 0.0253838 0.0198453 0.0148629 0.0105696 0.0070707 0.00440827
 0.00789429 0.0128849 0.019504 0.0277199 0.0372657 0.0474858 0.0573069 0.0655042 0.0711441 0.0738775 0.0738967 0.0716837 0.0677839 0.0626982 0.0568514 0.0505825 0.0441461 0.0377287 0.0314732 0.0255047 0.0199499 0.0149457 0.0106291 0.00710898 0.0044299
 0.00788977 0.0128761 0.019488 0.0276925 0.0372218 0.0474204 0.0572171 0.0653905 0.0710125 0.0737395 0.0737677 0.0715798 0.0677175 0.0626763 0.0568753 0.0506485 0.0442466 0.0378529 0.0316086 0.0256383 0.0200703 0.015045 0.0107038 0.00716003 0.00446123
 0.00783129 0.0127858 0.019361 0.027528 0.0370234 0.0471962 0.0569804 0.0651588 0.0708051 0.0735736 0.073656 0.0715293 0.0677303 0.0627503 0.0570044 0.0508229 0.0444536 0.0380779 0.0318362 0.0258535 0.0202606 0.0152015 0.0108228 0.00724312 0.00451413
 0.00783575 0.0127833 0.0193395 0.0274709 0.0369149 0.0470288 0.0567609 0.064909 0.070555 0.0733528 0.0734861 0.071422 0.0676889 0.0627724 0.0570842 0.0509523 0.044622 0.0382726 0.0320424 0.0260561 0.0204455 0.0153579 0.010945 0.00733054 0.00457118
 0.00780701 0.0127418 0.0192864 0.0274086 0.0368448 0.0469475 0.0566595 0.064777 0.0703883 0.0731598 0.0732891 0.0712504 0.0675699 0.0627225 0.0571071 0.0510412 0.0447638 0.0384511 0.0322407 0.026257 0.0206334 0.0155203 0.0110742 0.00742484 0.00463387
 0.0077851 0.0127006 0.0192146 0.027294 0.036679 0.0467323 0.0564107 0.064522 0.070156 0.0729708 0.0731513 0.0711635 0.0675323 0.0627361 0.0571759 0.051166 0.0449393 0.0386648 0.0324752 0.0264935 0.0208541 0.0157111 0.0112266 0.00753659 0.00470873
 0.0077332 0.0126212 0.0191041 0.0271515 0.0365049 0.0465279 0.056179 0.0642703 0.0698995 0.0727326 0.0729582 0.0710379 0.0674859 0.0627688 0.0572788 0.0513276 0.0451472 0.0389062 0.0327351 0.0267545 0.0210984 0.0159235 0.0113972 0.00766261 0.00479374
 0.00933176 0.0148541 0.0217892 0.0298945 0.0388154 0.0480026 0.0566462 0.063815 0.0687747 0.0712319 0.0713249 0.0694349 0.0660077 0.0614638 0.0561672 0.050411 0.0444161 0.0383441 0.0323218 0.0264673 0.0209124 0.0158134 0.0113391 0.00763639 0.00478458
 0.00932247 0.0151361 0.0227367 0.0319703 0.0423682 0.0529938 0.0624776 0.0694274 0.0730246 0.0733441 0.071148 0.0673796 0.0627651 0.0577116 0.0524027 0.0469262 0.0413481 0.0357385 0.0301773 0.024759 0.0196021 0.0148523 0.0106706 0.00719934 0.0045183
 0.00897841 0.014596 0.0219817 0.0310531 0.0414666 0.0524463 0.0627419 0.0709154 0.0758544 0.077156 0.0751506 0.0706504 0.0646355 0.0579983 0.0513743 0.0450843 0.039192 0.0336305 0.0283199 0.0232336 0.0184176 0.01398 0.0100635 0.00680274 0.00427706
 0.00880239 0.0142997 0.0215179 0.0303752 0.040547 0.0513094 0.0615064 0.0698217 0.0752439 0.0773757 0.0763965 0.0728218 0.067304 0.0605471 0.0532482 0.0460009 0.0391973 0.0329961 0.0273788 0.0222561 0.0175647 0.0133164 0.00959127 0.00649249 0.00408875
 0.00872461 0.0141648 0.0212984 0.0300383 0.0400594 0.0506479 0.0606722 0.0688581 0.0742519 0.0765223 0.0759008 0.0728988 0.0680715 0.0619359 0.0549827 0.047688 0.0404845 0.033705 0.0275386 0.0220364 0.0171699 0.0129061 0.00925314 0.00625281 0.00393785
 0.00870847 0.0141338 0.0212421 0.029942 0.0399046 0.0504143 0.0603417 0.0684196 0.0737092 0.0759061 0.0752802 0.0723877 0.0678127 0.0620556 0.0555269 0.0485751 0.0415154 0.0346391 0.0281936 0.0223522 0.0172029 0.0127725 0.00906522 0.00608323 0.00381564
 0.00869796 0.0141181 0.0212206 0.0299138 0.0398672 0.0503614 0.0602621 0.0682975 0.0735277 0.0756526 0.0749558 0.072017 0.0674515 0.0617882 0.0554446 0.0487376 0.0419128 0.0351809 0.0287418 0.0227811 0.0174499 0.0128493 0.00903057 0.00600328 0.00373678
 0.00867013 0.0140782 0.0211705 0.0298586 0.0398137 0.0503158 0.0602266 0.0682692 0.0734976 0.0756063 0.0748771 0.0718935 0.0672839 0.0615987 0.0552786 0.0486531 0.0419564 0.0353613 0.0290186 0.0230795 0.0176959 0.0130014 0.00908996 0.00599972 0.00370586
 0.00868946 0.0141022 0.0211931 0.0298706 0.0398057 0.0502836 0.0601745 0.0682087 0.0734419 0.0755632 0.0748441 0.0718593 0.0672338 0.0615237 0.0551833 0.0485596 0.0418979 0.035368 0.0290996 0.0232154 0.0178469 0.0131274 0.0091688 0.00603214 0.00370733
 0.00867329 0.0140811 0.0211706 0.0298519 0.0397952 0.050281 0.0601734 0.068199 0.0734156 0.07552 0.0747922 0.0718098 0.0671941 0.0614934 0.0551574 0.0485346 0.041879 0.0353679 0.0291311 0.0232814 0.0179355 0.0132175 0.00924081 0.00607687 0.00372729
 0.00865343 0.0140523 0.021134 0.0298114 0.0397571 0.0502527 0.0601614 0.0682065 0.0734403 0.0755536 0.0748228 0.0718274 0.0671943 0.0614784 0.055133 0.048507 0.0418537 0.035351 0.0291295 0.0232996 0.0179721 0.0132641 0.00928578 0.00611111 0.00374771
 0.00864654 0.0140387 0.0211093 0.0297708 0.0396974 0.0501753 0.0600743 0.0681238 0.0733777 0.0755231 0.0748278 0.0718619 0.0672459 0.0615335 0.0551813 0.0485442 0.041881 0.0353727 0.0291512 0.023326 0.018005 0.0133012 0.00932195 0.00614097 0.00376832
 0.00864164 0.0140299 0.0210943 0.0297467 0.039661 0.0501237 0.0600067 0.0680427 0.0732902 0.0754408 0.0747644 0.0718292 0.067249 0.0615694 0.0552399 0.0486128 0.0419485 0.0354332 0.0292036 0.0233721 0.018047 0.01334 0.0093562 0.0061687 0.00378823
 0.00864019 0.0140308 0.0211016 0.0297653 0.0396949 0.0501728 0.0600645 0.0680969 0.0733267 0.0754485 0.0747399 0.0717779 0.0671836 0.0615043 0.0551868 0.0485771 0.0419294 0.0354263 0.029204 0.0233769 0.018055 0.0133504 0.00936806 0.00618023 0.0037978
 0.0086444 0.0140346 0.0211019 0.0297584 0.039678 0.0501471 0.060036 0.0680748 0.0733188 0.0754566 0.0747585 0.0717969 0.067194 0.0615026 0.055176 0.048564 0.0419205 0.0354249 0.0292101 0.0233882 0.0180688 0.0133648 0.00938154 0.00619183 0.00380684
 0.0086444 0.0140346 0.0211019 0.0297584 0.039678 0.0501471 0.060036 0.0680748 0.0733188 0.0754566 0.0747585 0.0717969 0.067194 0.0615026 0.055176 0.048564 0.0419205 0.0354249 0.0292101 0.0233882 0.0180688 0.0133648 0.00938154 0.00619183 0.00380684
 0.00841455 0.0136752 0.020589 0.0290829 0.0388517 0.049209 0.0590581 0.0671581 0.0725757 0.0749834 0.0746105 0.0719772 0.0676576 0.0621725 0.0559634 0.049387 0.0427153 0.0361489 0.0298391 0.0239114 0.0184852 0.0136802 0.00960765 0.00634399 0.0039022
 0.00848972 0.0137688 0.0206769 0.0291239 0.038798 0.0490226 0.0587262 0.0666997 0.0720378 0.0744312 0.0741156 0.0716052 0.0674558 0.06216 0.0561278 0.049689 0.0431013 0.0365647 0.0302401 0.0242676 0.0187805 0.01391 0.00977523 0.0064581 0.00397428
 0.00855884 0.0138907 0.0208754 0.0294205 0.0391978 0.0494982 0.0592083 0.0670873 0.0722305 0.0743675 0.0737977 0.0710967 0.0668573 0.0615768 0.0556432 0.0493501 0.0429162 0.0365111 0.0302789 0.0243571 0.0188862 0.0140089 0.00985554 0.00651653 0.00401282
 0.00871935 0.014154 0.0212753 0.029988 0.039952 0.0504321 0.0602729 0.0681856 0.0732267 0.075114 0.0741703 0.0710294 0.066362 0.0607418 0.0546078 0.048265 0.0419076 0.0356588 0.0296134 0.0238708 0.0185502 0.0137878 0.00971646 0.00643313 0.00396548
 0.0087567 0.0142299 0.0214177 0.0302331 0.0403365 0.0509799 0.0609819 0.0690205 0.0741201 0.0759741 0.0748925 0.0715104 0.0665216 0.0605447 0.054079 0.0474881 0.041003 0.0347505 0.0287993 0.0232069 0.018051 0.0134384 0.00948748 0.0062923 0.00388434
 0.00871179 0.0141573 0.021311 0.0300914 0.0401706 0.0508186 0.0608746 0.0690285 0.0742975 0.0763438 0.07543 0.0721437 0.0671464 0.0610508 0.0543789 0.0475403 0.0408225 0.0344005 0.0283681 0.0227788 0.017685 0.0131609 0.00929786 0.00617424 0.00381695
 0.0087741 0.0142508 0.0214369 0.0302441 0.0403381 0.0509846 0.061022 0.0691454 0.0743848 0.0764192 0.0755229 0.0722803 0.0673316 0.0612577 0.0545539 0.0476225 0.0407682 0.0342021 0.028057 0.0224127 0.0173259 0.0128553 0.00906778 0.0060192 0.00372276
 0.00872614 0.0141792 0.0213409 0.0301277 0.040209 0.0508524 0.0608973 0.0690391 0.0743078 0.0763829 0.0755397 0.0723629 0.0674891 0.0614883 0.0548364 0.0479154 0.0410188 0.0343647 0.0281099 0.0223651 0.0172118 0.0127169 0.00893997 0.00592093 0.00365764
 0.00875435 0.0142145 0.021375 0.0301467 0.0401986 0.0508043 0.0608141 0.0689347 0.0742014 0.0762924 0.0754772 0.0723357 0.0675022 0.0615455 0.0549382 0.0480532 0.0411717 0.0345019 0.0282018 0.0223951 0.0171829 0.012649 0.0088588 0.00584764 0.00360306
 0.00876655 0.0142327 0.0213988 0.0301735 0.0402222 0.0508151 0.0608003 0.0688859 0.0741145 0.0761758 0.0753506 0.072224 0.0674273 0.0615208 0.0549669 0.0481295 0.0412818 0.0346257 0.0283154 0.0224779 0.0172242 0.0126512 0.00883472 0.00581334 0.00357112
 0.00885586 0.014378 0.0216168 0.0304768 0.0406138 0.0512802 0.0613 0.0693595 0.0744919 0.0763972 0.0753841 0.0720731 0.0671277 0.061128 0.054541 0.0477215 0.0409253 0.0343347 0.0280876 0.0223007 0.0170826 0.0125344 0.00873796 0.00573646 0.00351473
 0.00880078 0.0142963 0.0215091 0.0303513 0.0404865 0.051174 0.061242 0.069374 0.0745912 0.0765729 0.0756052 0.0722945 0.0673055 0.0612348 0.0545728 0.0476944 0.040866 0.0342684 0.0280302 0.0222571 0.0170497 0.0125066 0.00871175 0.0057117 0.00349333
 0.00879343 0.0142769 0.0214666 0.0302724 0.0403607 0.0510014 0.0610393 0.0691744 0.0744363 0.0764993 0.0756322 0.0724171 0.067496 0.0614516 0.0547741 0.0478515 0.0409689 0.034324 0.0280539 0.022264 0.0170493 0.0125028 0.00870554 0.00570364 0.00348471
 0.00886894 0.0143936 0.0216301 0.0304811 0.0406035 0.0512556 0.0612712 0.0693456 0.0745158 0.0764768 0.0755233 0.072257 0.0673245 0.061297 0.0546464 0.0477445 0.0408698 0.0342234 0.0279504 0.0221632 0.0169591 0.0124287 0.00864914 0.00566341 0.0034577
 0.00870731 0.0141481 0.0212937 0.030061 0.0401215 0.0507472 0.0607826 0.0689283 0.0742165 0.0763254 0.0755267 0.0724018 0.0675855 0.0616455 0.0550523 0.0481763 0.041295 0.0346122 0.0282811 0.0224256 0.0171542 0.0125651 0.00873894 0.0057188 0.00348936
 0.0088154 0.0143004 0.0214793 0.0302549 0.0402911 0.0508634 0.0608291 0.0689038 0.0741314 0.0761961 0.0753711 0.0722369 0.0674267 0.0615066 0.0549447 0.048107 0.0412644 0.0346131 0.0283013 0.0224519 0.0171769 0.01258 0.00874598 0.00572048 0.00348835
 0.00897667 0.0145678 0.0218887 0.0308353 0.0410497 0.0517662 0.0617887 0.0697895 0.0748044 0.0765538 0.0753774 0.0719237 0.0668715 0.0608041 0.0541847 0.0473621 0.0405858 0.0340306 0.0278257 0.0220799 0.0168968 0.0123767 0.00860427 0.00562648 0.00342972
#pred catch len freq
 0.00394157 0.00631592 0.00937057 0.0130982 0.017504 0.0225673 0.0281699 0.0340687 0.0399396 0.0454467 0.0502971 0.0542805 0.0572968 0.0593544 0.0605333 0.0609366 0.060656 0.0597491 0.058208 0.0559112 0.0525978 0.0479368 0.0417311 0.034167 0.0259219
 0.0044443 0.0070502 0.0103273 0.0142309 0.0187618 0.0239368 0.0296909 0.0358003 0.041889 0.0475049 0.0522292 0.0557869 0.0581166 0.0593578 0.0597606 0.0595713 0.0589495 0.0579304 0.0564145 0.0541709 0.0508688 0.0461824 0.0399807 0.0325248 0.0245191
 0.00471031 0.00751767 0.011091 0.015389 0.0203805 0.0260054 0.0320949 0.0383454 0.0443707 0.0497775 0.0542183 0.0574372 0.0593275 0.0599727 0.0596262 0.0586238 0.0572633 0.0556961 0.0538649 0.0515051 0.0482202 0.0436389 0.037626 0.030459 0.0228382
 0.00494068 0.00788016 0.0116213 0.0161308 0.021399 0.0273929 0.0339507 0.0407229 0.0472113 0.0528761 0.0572568 0.0600781 0.0613096 0.0611488 0.0599375 0.0580605 0.0558557 0.0535363 0.0511203 0.0483982 0.0449875 0.0404974 0.0347607 0.028016 0.0209109
