SBPRF35
9.73636
Curr Bio
530308
B35
726199
F35
0.192694
FOFL
0.144336
OFL
64397
Bzero
2.78182e+06
#pred survey bio
 4.05762e+06 3.90311e+06 3.74574e+06 3.53648e+06 3.28282e+06 3.01247e+06 2.7277e+06 2.44214e+06 2.18969e+06 1.95886e+06 1.73634e+06 1.55216e+06 1.37842e+06 1.21007e+06 1.07543e+06 939923 834040 754216 705308 675648 654687 632694 611539 602475 585022 586237 581866 571973 564167 563347 563374 569042 574668 569044 564472 549665 538235 523621 527175 532052 533398 537953 544199 541577 546334 546547 550743 555810 556486 549627 555909 557068 537184 581073 586981 563592 546495 541997 591563 591537 579922 596935 584982 582563 612473 583853 546901 536227 1.95486e+07 1.18597e+07 1.22961e+07 1.32917e+07 1.4613e+07 1.60039e+07 1.72934e+07 1.83976e+07 1.92943e+07 1.99967e+07 2.05334e+07 2.09366e+07 2.12363e+07 2.14578e+07 2.1621e+07 2.17412e+07 2.18301e+07 2.1896e+07 2.19451e+07 2.19819e+07 2.20096e+07 2.20306e+07 2.20466e+07 2.20588e+07 2.20683e+07 2.20756e+07 2.20812e+07 2.20856e+07 2.2089e+07 2.20917e+07 2.20938e+07 2.20955e+07 2.20968e+07 2.20978e+07 2.20986e+07 2.20993e+07 2.20998e+07 2.21002e+07 2.21005e+07 2.21008e+07 2.2101e+07 2.21011e+07 2.21013e+07 2.21014e+07 2.21014e+07 2.21015e+07 2.21015e+07 2.21016e+07 2.21016e+07 2.21016e+07 2.21017e+07 2.21017e+07 2.21017e+07 2.21017e+07 2.21017e+07 2.21017e+07 2.21017e+07 2.21017e+07 2.21017e+07 2.21017e+07 2.21017e+07 2.21017e+07 2.21017e+07 2.21017e+07 2.21017e+07 2.21017e+07 2.21017e+07 2.21017e+07 2.21017e+07 2.21017e+07 2.21017e+07 2.21017e+07 2.21017e+07 2.21017e+07 2.21017e+07 2.21017e+07 2.21017e+07 2.21017e+07 2.21017e+07 2.21017e+07 2.21017e+07 2.21017e+07 2.21017e+07 2.21017e+07 2.21017e+07 2.21017e+07 2.21017e+07 2.21017e+07 2.21017e+07 2.21017e+07 2.21017e+07 2.21017e+07 2.21017e+07 2.21017e+07 2.21017e+07 2.21017e+07 2.21017e+07 2.21017e+07 2.21017e+07 2.21017e+07 0 0 0 0 0 0 0 0 0 0 0 0 0 0 0 0 0 0 0 0 0 0 0 0 0
#obs survey bio
 2.98586e+06 3.71642e+06 3.34358e+06 1.99245e+06 3.24079e+06 3.502e+06 2.39866e+06 2.17614e+06 1.99413e+06 1.57807e+06 1.39724e+06 1.09981e+06 1.35313e+06 966279 1.09737e+06 1.53558e+06 631934 842794 718782 813504 521293 532281 523555 491617 471681 551149 621512 334498 630638 377370 510249 474961 466116 484298 567635 595546 425211 409969 687236 658931 655900 578310 632876 785153 447888 596305 492724 441354 509100 614277 677403 474851 562656 741210 537127 562431 656942 517314 563708 535875 593880 490693 428062 753166 642810 620686 432792 507621
#pred catch bio
 95308.5 97797.7 152111 206683 241375 277530 302748 296030 296972 306271 284407 282512 280164 249760 246706 215692 188207 157390 137826 128421 127729 125188 113245 118281 101002 105025 108683 105874 99017.7 97321.5 91611 90465.3 97428.2 92852.7 97661 93036 97535.3 85461.5 86812.2 90241.3 87005.5 85215.1 92480.3 86524.2 91282.3 89056.5 89539.9 93656.3 99344.7 87734.2 91975.8 108599 55290 87995.5 110615 103751 92867.1 49247.1 92692 101613 77981.7 103355 95116.9 68891.2 118071 122623 98894.9 70053.9 64397 84901.6 86676.7 92373.7 101168 110736 119575 127020 132923 137408 140709 143082 144756 145920 146721 147266 147635 147883 148049 148160 148234 148283 148315 148337 148351 148360 148366 148370 148373 148375 148376 148376 148377 148377 148377 148378 148378 148378 148378 148378 148378 148378 148378 148378 148378 148378 148378 148378 148378 148378 148378 148378 148378 148378 148378 148378 148378 148378 148378 148378 148378 148378 148378 148378 148378 148378 148378 148378 148378 148378 148378 148378 148378 148378 148378 148378 148378 148378 148378 148378 148378 148378 148378 148378 148378 148378 148378 148378 148378 148378 148378 148378 148378 148378 148378 148378 148378 148378 148378 148378 0 0 0 0 0 0 0 0 0 0 0 0 0 0 0 0 0 0 0 0 0 0 0 0 0
#obs catch bio
 0 97542.6 152669 208083 243209 280103 307241 301975 302685 314378 292359 291278 288094 256230 252538 218101 191726 159447 139400 129298 129393 126888 114769 120075 101862 105967 109495 107519 100134 98786.2 92530.2 91436.5 98696.2 93240.9 97959.6 93228.9 97785.3 85590.7 86628.6 90005.2 86633 84564.1 91729.9 85872.5 91000 88698.5 89618.9 93941.6 99289.6 87525.5 91477 109188 54769.3 87655.6 109929 102730 92664.1 48544.2 92377.5 101435 77300.8 103263 95386.9 68227.7 117656 122034 98620 69853.3
#pred cpue bio
 3.99082e+06 3.83983e+06 3.685e+06 3.47652e+06 3.22358e+06 2.95409e+06 2.67023e+06 2.38566e+06 2.13423e+06 1.90457e+06 1.6836e+06 1.50112e+06 1.32977e+06 1.16438e+06 1.03242e+06 900130 796898 719238 671968 643459 623153 601706 581198 572642 556051 557429 553315 543694 536134 535589 535964 541827 547794 543070 539482 525721 514137 498433 500850 505642 507424 512264 518518 515899 520303 520242 524039 528831 529609 523137 529378 530609 511274 554147 560618 537940 520786 516195 564664 565032 553534 569775 558014 555529 584837 557225 520845 510297 1.86561e+07 1.13442e+07 1.16354e+07 1.24597e+07 1.37169e+07 1.50918e+07 1.63779e+07 1.74813e+07 1.8378e+07 1.90804e+07 1.9617e+07 2.00202e+07 2.03199e+07 2.05414e+07 2.07046e+07 2.08249e+07 2.09137e+07 2.09796e+07 2.10287e+07 2.10655e+07 2.10932e+07 2.11142e+07 2.11302e+07 2.11425e+07 2.11519e+07 2.11592e+07 2.11648e+07 2.11692e+07 2.11727e+07 2.11753e+07 2.11775e+07 2.11791e+07 2.11804e+07 2.11814e+07 2.11823e+07 2.11829e+07 2.11834e+07 2.11838e+07 2.11841e+07 2.11844e+07 2.11846e+07 2.11848e+07 2.11849e+07 2.1185e+07 2.11851e+07 2.11851e+07 2.11852e+07 2.11852e+07 2.11852e+07 2.11853e+07 2.11853e+07 2.11853e+07 2.11853e+07 2.11853e+07 2.11853e+07 2.11853e+07 2.11854e+07 2.11854e+07 2.11854e+07 2.11854e+07 2.11854e+07 2.11854e+07 2.11854e+07 2.11854e+07 2.11854e+07 2.11854e+07 2.11854e+07 2.11854e+07 2.11854e+07 2.11854e+07 2.11854e+07 2.11854e+07 2.11854e+07 2.11854e+07 2.11854e+07 2.11854e+07 2.11854e+07 2.11854e+07 2.11854e+07 2.11854e+07 2.11854e+07 2.11854e+07 2.11854e+07 2.11854e+07 2.11854e+07 2.11854e+07 2.11854e+07 2.11854e+07 2.11854e+07 2.11854e+07 2.11854e+07 2.11854e+07 2.11854e+07 2.11854e+07 2.11854e+07 2.11854e+07 2.11854e+07 2.11854e+07 2.11854e+07 2.11854e+07 0 0 0 0 0 0 0 0 0 0 0 0 0 0 0 0 0 0 0 0 0 0 0 0 0
#obs cpue bio
 3.80217e+06 3.82108e+06 2.13025e+06 3.77805e+06 2.75041e+06 2.41281e+06 1.71527e+06 1.20837e+06 2.38186e+06 1.30376e+06 1.23466e+06 1.44849e+06 1.3839e+06 1.03951e+06 1.03249e+06 787274 547943 618240 558369 605364 466534 591614 463823 639810 656478 567368 533270 438312 479768 511291 643407 499583 580748 961684 630432 449769 723824 549905 554969 465343 479209 655173 574661 339481 526067 513108 400953 562926 847315 457121 594009 474436 552888 653611 736915 720075 380499 780928 573351 508052 664531 606230 548017 695627 678422 536813 629157 439360
#pred surv len freq
 0.00495117 0.00805818 0.0121626 0.0172522 0.0232011 0.0296862 0.0361629 0.0420024 0.0467326 0.0501965 0.0525234 0.0539814 0.0548419 0.0553116 0.0555108 0.055474 0.0551654 0.0544992 0.0533396 0.0514763 0.0486086 0.04441 0.0387078 0.0317007 0.0240437
 0.00522281 0.00838641 0.0124525 0.0173599 0.0229905 0.0291081 0.0353074 0.041078 0.0459728 0.0497498 0.0523923 0.054044 0.0549329 0.0553115 0.0553992 0.0553301 0.0551232 0.0546773 0.0537786 0.052112 0.0492976 0.044995 0.039086 0.0318569 0.024035
 0.00547048 0.00880045 0.0130879 0.0182515 0.0241181 0.0303606 0.0364752 0.0419063 0.0462687 0.0494798 0.0517002 0.0531657 0.0540701 0.054551 0.0547239 0.0546931 0.0545176 0.0541531 0.0534042 0.0519171 0.0492433 0.0449926 0.0390479 0.0317423 0.0238589
 0.00568705 0.00915385 0.0136239 0.0190175 0.0251568 0.0316936 0.0380752 0.043668 0.0479971 0.0509196 0.0526088 0.0534042 0.053657 0.0536404 0.0535224 0.0533743 0.0531886 0.0528751 0.0522241 0.0508752 0.0483584 0.0442521 0.0384203 0.0312027 0.0234037
 0.0059392 0.00955652 0.0142172 0.0198356 0.0262253 0.0330228 0.0396515 0.0454446 0.0498882 0.0527956 0.0542947 0.0546949 0.0543605 0.0536403 0.0528239 0.0521008 0.0515307 0.0510263 0.0503413 0.0490706 0.0467072 0.0428003 0.0371916 0.0302053 0.0226351
 0.00625026 0.0100472 0.0149279 0.0207949 0.027446 0.0344971 0.0413444 0.047292 0.0518037 0.0546822 0.0560497 0.0562036 0.0554888 0.054243 0.0527775 0.0513507 0.0501221 0.0490997 0.0480934 0.0467064 0.0444055 0.040699 0.0353862 0.0287489 0.0215399
 0.00657175 0.0105654 0.0156989 0.0218666 0.0288477 0.0362242 0.0433437 0.0494599 0.054004 0.0567758 0.0579188 0.0577574 0.0566526 0.0549408 0.0529244 0.0508649 0.0489582 0.0472842 0.0457433 0.0440159 0.0416089 0.0380266 0.0330265 0.0268243 0.0200953
 0.00687299 0.0110546 0.0164346 0.0229035 0.0302273 0.0379589 0.0453992 0.0517464 0.0563855 0.0590933 0.0600172 0.0595058 0.0579532 0.0557262 0.0531451 0.0504772 0.0479249 0.0455961 0.0434516 0.0412567 0.0386 0.0350322 0.0303012 0.0245579 0.0183782
 0.00719002 0.0115548 0.0171599 0.0238854 0.0314848 0.0394947 0.0471916 0.0537419 0.0584988 0.0612145 0.0620229 0.0612698 0.059358 0.0566727 0.0535575 0.0503014 0.0471246 0.0441575 0.0414024 0.0386932 0.0357034 0.0320543 0.0275153 0.0221916 0.0165592
 0.0074602 0.0119966 0.0178291 0.0248335 0.0327476 0.0410748 0.0490425 0.0557682 0.0605753 0.0632157 0.0638438 0.0628293 0.0605887 0.0575112 0.0539408 0.0501697 0.0464288 0.0428691 0.0395306 0.0363088 0.0329576 0.0291757 0.0247706 0.0198205 0.0147111
 0.00769291 0.012381 0.0184191 0.0256842 0.033905 0.0425592 0.0508298 0.0577805 0.0626886 0.065282 0.0657183 0.0643923 0.0617572 0.0582373 0.0541994 0.0499433 0.0456978 0.0416162 0.0377588 0.0340688 0.0303729 0.0264458 0.0221416 0.0175246 0.012903
 0.00783523 0.01262 0.0187939 0.0262384 0.0346808 0.0435864 0.0521131 0.05929 0.0643594 0.0670208 0.0674128 0.0659234 0.0630133 0.0591278 0.0546628 0.0499451 0.0452219 0.0406579 0.0363291 0.0322124 0.0281912 0.0241064 0.0198577 0.0155052 0.011295
 0.0079893 0.0128725 0.0191778 0.0267869 0.0354218 0.0445343 0.053259 0.0605978 0.0657694 0.0684591 0.0688002 0.06718 0.064061 0.0598938 0.0550845 0.0499752 0.0448314 0.0398361 0.0350875 0.0305944 0.0262868 0.0220597 0.0178519 0.0137226 0.009867
 0.00819396 0.013202 0.0196676 0.0274673 0.036312 0.0456329 0.0545346 0.061986 0.0671827 0.069804 0.0699939 0.0681593 0.0647824 0.0603286 0.0552125 0.04978 0.044299 0.0389592 0.0338736 0.0290788 0.0245456 0.020215 0.0160585 0.0121347 0.0085961
 0.00829027 0.0133694 0.0199397 0.0278823 0.0369052 0.0464231 0.0555119 0.0631065 0.0683748 0.0709831 0.0710768 0.0690748 0.065477 0.0607678 0.0553778 0.0496632 0.0438967 0.038271 0.0329074 0.0278623 0.0231391 0.0187171 0.0145961 0.0108348 0.00755183
 0.00855861 0.013781 0.0205137 0.0286219 0.0377995 0.0474513 0.0566422 0.0642927 0.0695546 0.0720818 0.072017 0.069788 0.0659147 0.0609069 0.0552201 0.0492281 0.043211 0.0373623 0.0318031 0.026597 0.0217664 0.0173163 0.0132664 0.00967449 0.00663072
 0.00874366 0.0140819 0.0209654 0.0292534 0.0386242 0.0484545 0.0577715 0.0654622 0.0706649 0.0730468 0.07278 0.0703216 0.0662086 0.0609579 0.0550293 0.0488033 0.0425691 0.0365281 0.030808 0.0254801 0.0205793 0.0161266 0.0121532 0.0087132 0.00587309
 0.00884731 0.014248 0.0212117 0.0295965 0.0390786 0.0490292 0.0584641 0.0662515 0.0715076 0.0738799 0.073532 0.0709266 0.0666199 0.0611528 0.0550051 0.0485693 0.0421406 0.0359246 0.0300555 0.024614 0.0196472 0.0151883 0.0112752 0.00795643 0.00527791
 0.00897286 0.014421 0.0214154 0.0297982 0.0392424 0.0491346 0.0585201 0.0662974 0.0715978 0.0740618 0.0738265 0.0713192 0.0670637 0.0615828 0.0553552 0.0487866 0.0421928 0.0358002 0.0297616 0.0241748 0.0191029 0.0145924 0.0106881 0.00743363 0.00485805
 0.00914039 0.0146648 0.021728 0.0301511 0.0395896 0.0494227 0.0587005 0.066339 0.0715003 0.0738636 0.0735986 0.0711429 0.0670006 0.0616513 0.0555264 0.0489987 0.0423739 0.0358902 0.0297247 0.0240039 0.0188172 0.014232 0.0103036 0.00707473 0.00456125
 0.00922712 0.0148077 0.021945 0.0304558 0.0399837 0.0498852 0.0591814 0.0667644 0.071792 0.0739667 0.0735034 0.0708902 0.0666676 0.0613243 0.0552714 0.0488413 0.042297 0.0358477 0.0296637 0.0238856 0.0186283 0.0139855 0.0100311 0.00681329 0.00434093
 0.00923122 0.0148291 0.0220047 0.0305828 0.0402078 0.0502256 0.0596337 0.0672942 0.0723368 0.0744473 0.0738421 0.0710321 0.0665986 0.0610769 0.0549136 0.0484518 0.0419374 0.0355456 0.0294131 0.0236616 0.0184068 0.0137566 0.0098022 0.00660241 0.00416595
 0.00921486 0.0148069 0.0219803 0.0305652 0.0402122 0.0502733 0.0597495 0.0674994 0.0726389 0.0748295 0.0742591 0.0714178 0.0668835 0.0612109 0.0548825 0.0482805 0.0416777 0.0352542 0.0291317 0.0234082 0.0181809 0.013552 0.0096165 0.00644012 0.00403429
 0.00914609 0.014695 0.0218125 0.0303318 0.0399117 0.0499189 0.0593748 0.0671578 0.0723939 0.0747378 0.0743528 0.0716919 0.0672945 0.0616866 0.0553427 0.0486601 0.0419433 0.0354065 0.0291943 0.0234108 0.0181474 0.0134971 0.00955 0.00637079 0.00397083
 0.00927028 0.0148717 0.0220313 0.0305656 0.0401225 0.0500686 0.0594352 0.0671177 0.0722615 0.0745411 0.0741353 0.0715027 0.0671739 0.0616521 0.0553827 0.04874 0.0420204 0.0354472 0.0291847 0.0233562 0.0180638 0.0134022 0.0094577 0.0062898 0.0039059
 0.0092485 0.0148378 0.0219826 0.0304988 0.0400329 0.0499485 0.0592758 0.066913 0.0720152 0.074272 0.0738779 0.0713009 0.0670694 0.0616719 0.0555299 0.0489913 0.0423321 0.0357675 0.0294683 0.0235754 0.0182114 0.0134867 0.0094953 0.00629802 0.00389924
 0.00931109 0.014929 0.0221 0.0306332 0.0401699 0.0500722 0.0593709 0.0669648 0.0720101 0.0741989 0.0737337 0.0710961 0.066831 0.0614395 0.0553452 0.0488844 0.0423115 0.0358185 0.0295605 0.023675 0.0182931 0.0135389 0.00951904 0.00630143 0.00389204
 0.00930274 0.0149345 0.0221426 0.0307436 0.0403754 0.0503802 0.0597573 0.0673751 0.072375 0.0744564 0.0738451 0.0710517 0.0666467 0.0611507 0.055 0.0485349 0.0420028 0.0355787 0.029396 0.023574 0.0182343 0.0135022 0.00949135 0.00627748 0.00387148
 0.00922085 0.0148135 0.0219845 0.0305618 0.0401953 0.0502377 0.059693 0.0674236 0.0725505 0.0747403 0.0741861 0.0713808 0.0669005 0.0612913 0.0550225 0.0484628 0.0418757 0.0354384 0.0292743 0.0234863 0.0181807 0.0134733 0.00947583 0.00626737 0.00386323
 0.00915593 0.0147006 0.0218021 0.0302885 0.0398185 0.0497665 0.0591679 0.0669165 0.0721482 0.0745196 0.074189 0.0716014 0.0672874 0.061765 0.0555005 0.0488823 0.0422061 0.0356796 0.029445 0.0236099 0.018275 0.0135473 0.00953221 0.00630698 0.00388802
 0.00909401 0.0146041 0.021664 0.030103 0.0395804 0.0494706 0.0588127 0.0665105 0.0717185 0.074115 0.073874 0.071439 0.0673173 0.061987 0.0558727 0.0493358 0.0426681 0.0360946 0.0297847 0.0238707 0.0184674 0.0136857 0.00962924 0.00637208 0.00392883
 0.00892558 0.0143493 0.0213162 0.0296693 0.03908 0.0489311 0.0582667 0.0659929 0.0712631 0.0737508 0.0736251 0.0713266 0.0673615 0.0622011 0.0562527 0.049852 0.0432662 0.0367081 0.0303534 0.024354 0.0188489 0.0139682 0.00982653 0.00650192 0.00400879
 0.00864702 0.0139299 0.0207478 0.0289683 0.0382842 0.048093 0.057448 0.0652595 0.0706763 0.0733563 0.0734442 0.0713568 0.0675842 0.0625917 0.0567862 0.0505005 0.0439935 0.0374666 0.0310883 0.0250143 0.0193989 0.0143933 0.0101316 0.00670528 0.00413434
 0.00847717 0.0136592 0.020352 0.0284319 0.0376077 0.0473017 0.056598 0.0644333 0.0699652 0.0728358 0.0731563 0.0713067 0.0677498 0.0629376 0.0572745 0.0510958 0.0446623 0.038173 0.0317915 0.025671 0.0199702 0.0148538 0.0104742 0.00693976 0.00428162
 0.0084459 0.0135858 0.0202 0.0281541 0.0371585 0.0466572 0.0557742 0.0634929 0.0690069 0.0719725 0.07249 0.070909 0.0676509 0.063126 0.0577064 0.0517103 0.0453946 0.0389626 0.0325836 0.0264166 0.0206279 0.0153945 0.0108857 0.00722779 0.00446611
 0.00913853 0.014568 0.0214102 0.0294401 0.0383146 0.0474873 0.0561468 0.0633631 0.0684098 0.0710034 0.0712847 0.0696222 0.0664315 0.0620929 0.0569318 0.0512166 0.0451624 0.0389455 0.0327226 0.0266506 0.0209009 0.0156602 0.0111125 0.00740021 0.00458348
 0.00979134 0.0155949 0.0228832 0.0313812 0.0406657 0.0500796 0.0586893 0.0654815 0.0697459 0.0713341 0.0705945 0.0680907 0.0643543 0.0597874 0.0546682 0.0491856 0.0434709 0.0376287 0.0317628 0.0259976 0.0204893 0.0154232 0.0109903 0.00734578 0.00456391
 0.00974504 0.0156276 0.023131 0.0320335 0.0419123 0.0520244 0.0612715 0.0684491 0.072699 0.0738217 0.0722263 0.0686317 0.0637759 0.0582599 0.0524984 0.0467249 0.0410322 0.0354359 0.0299393 0.0245805 0.0194549 0.0147132 0.0105328 0.00706993 0.004409
 0.00935154 0.0150341 0.022332 0.0310757 0.040909 0.0511609 0.0607902 0.0685959 0.073632 0.0755176 0.0744432 0.0709634 0.0657791 0.0595944 0.0530179 0.0464894 0.0402506 0.0343754 0.0288418 0.0236129 0.0186983 0.0141787 0.0101886 0.00686728 0.00429992
 0.00913919 0.0146816 0.02179 0.0303008 0.0398815 0.0499138 0.059435 0.0673304 0.0727109 0.0751892 0.0748673 0.0721406 0.0675246 0.0615774 0.0548622 0.047893 0.0410705 0.0346421 0.0287078 0.0232713 0.0183134 0.0138513 0.0099565 0.00672537 0.00422419
 0.00907417 0.0145697 0.0216088 0.030022 0.0394735 0.0493481 0.0586993 0.0664456 0.0717479 0.0742771 0.0741815 0.0718623 0.0677781 0.0623692 0.0560565 0.0492457 0.0423126 0.0355734 0.029253 0.0234759 0.0182929 0.013729 0.00982168 0.00662162 0.00416018
 0.00912763 0.0146313 0.0216544 0.0300125 0.0393632 0.0490991 0.058294 0.0658904 0.0710718 0.073529 0.0734335 0.0712141 0.0673494 0.0622719 0.0563497 0.0498965 0.0431918 0.0364955 0.0300449 0.0240361 0.0186103 0.013859 0.00984267 0.00659907 0.00413212
 0.00918159 0.0147136 0.0217667 0.0301486 0.0395059 0.0492172 0.0583435 0.0658226 0.0708484 0.0731385 0.0729011 0.0706006 0.0667429 0.0617736 0.0560551 0.0498692 0.0434365 0.0369473 0.0305877 0.0245464 0.019002 0.0141051 0.00996532 0.00664272 0.00413797
 0.0092977 0.0148953 0.0220264 0.0304915 0.0399268 0.0496965 0.0588424 0.0662827 0.0711976 0.0733063 0.0728366 0.0702895 0.066216 0.0611059 0.055352 0.0492432 0.0429777 0.0366979 0.0305312 0.0246191 0.0191241 0.0142132 0.01003 0.00666534 0.00413508
 0.00934573 0.0149686 0.0221283 0.0306224 0.0400859 0.0498822 0.0590524 0.0665109 0.0714302 0.0735184 0.0729927 0.070349 0.0661456 0.0608937 0.055019 0.0488435 0.0425856 0.0363837 0.0303373 0.0245472 0.0191408 0.0142707 0.0100885 0.00670462 0.00415318
 0.00940172 0.0150611 0.0222694 0.0308231 0.0403516 0.050208 0.0594188 0.0668854 0.0717746 0.0737984 0.0731837 0.070435 0.0661158 0.0607415 0.054747 0.0484713 0.042154 0.0359495 0.029957 0.0242591 0.0189543 0.0141688 0.0100417 0.00668528 0.00414391
 0.00934371 0.0149824 0.0221803 0.030744 0.0403087 0.0502257 0.0595125 0.0670565 0.0720103 0.0740738 0.0734662 0.0706905 0.0663134 0.0608582 0.0547687 0.0483953 0.041992 0.0357285 0.0297159 0.0240378 0.0187811 0.0140534 0.00997641 0.00665392 0.00413067
 0.00919189 0.0147592 0.0218889 0.0304048 0.0399563 0.0499024 0.059261 0.0669149 0.0720047 0.0742114 0.073731 0.0710456 0.0667094 0.0612441 0.0551011 0.0486446 0.0421449 0.0357893 0.0297042 0.0239832 0.018714 0.0139961 0.00993865 0.00663476 0.00412372
 0.00913406 0.0146606 0.0217335 0.0301776 0.039651 0.0495306 0.0588589 0.0665398 0.0717211 0.0740711 0.0737578 0.0712312 0.0670193 0.0616282 0.0555052 0.0490195 0.0424544 0.0360142 0.0298435 0.024051 0.0187335 0.0139911 0.00992711 0.0066259 0.00411968
 0.00917367 0.0147195 0.0218107 0.0302668 0.0397386 0.049597 0.058881 0.0664983 0.0716097 0.0739045 0.0735711 0.0710691 0.0669199 0.0616093 0.0555603 0.0491232 0.0425729 0.0361164 0.0299094 0.0240753 0.0187235 0.0139614 0.00989249 0.00659648 0.00409944
 0.00914794 0.014671 0.0217262 0.0301308 0.0395391 0.0493321 0.0585648 0.0661593 0.0712838 0.0736253 0.0733645 0.0709535 0.0669081 0.0617077 0.0557643 0.0494129 0.0429139 0.0364669 0.0302303 0.0243396 0.0189202 0.0140944 0.00997474 0.00664356 0.00412479
 0.00913152 0.0146514 0.021709 0.0301233 0.0395458 0.0493486 0.0585749 0.0661393 0.0712128 0.0734963 0.0731893 0.0707594 0.0667289 0.0615745 0.0556997 0.0494275 0.0430035 0.0366129 0.0304046 0.024512 0.0190674 0.0142047 0.0100479 0.0066869 0.00414791
 0.00917642 0.0147401 0.0218706 0.0303927 0.0399522 0.0498984 0.059237 0.066842 0.0718573 0.0739817 0.0734389 0.070739 0.0664532 0.0611005 0.0551096 0.0488073 0.0424249 0.0361219 0.0300191 0.0242272 0.0188656 0.0140647 0.00995184 0.00662205 0.0041058
 0.00868599 0.0139683 0.0207612 0.0289225 0.0381497 0.0478642 0.0571558 0.0649652 0.0704459 0.0732301 0.073419 0.0713907 0.0676197 0.0625843 0.0567239 0.050408 0.0439196 0.0374615 0.0311821 0.0252053 0.019657 0.0146743 0.0103937 0.00692031 0.00429163
 0.00889106 0.014233 0.0210315 0.0291023 0.0381232 0.0475349 0.056484 0.0639887 0.0692775 0.0720354 0.0723808 0.0706656 0.0672987 0.062673 0.0571512 0.0510587 0.0446735 0.0382219 0.0318856 0.0258182 0.0201645 0.0150733 0.010689 0.00712376 0.00442081
 0.00922131 0.0147707 0.0218359 0.0302125 0.0395295 0.0491453 0.0581055 0.0653518 0.0701114 0.0721636 0.0717859 0.0694906 0.0657897 0.0610963 0.0557217 0.0499006 0.0438193 0.0376388 0.0315114 0.0255895 0.0200315 0.0150006 0.0106528 0.00710814 0.00441536
 0.009183 0.0147543 0.0218973 0.0304348 0.040005 0.0499417 0.0592297 0.0667242 0.0715642 0.0734669 0.0727006 0.0698374 0.0655092 0.0602703 0.0545416 0.0485985 0.0425956 0.0366179 0.0307358 0.0250426 0.0196677 0.01477 0.010513 0.00702738 0.00437124
 0.00914374 0.0146727 0.0217453 0.0301865 0.0396559 0.0495345 0.0588665 0.0665484 0.0717086 0.0739891 0.0735416 0.0708278 0.0664239 0.0609078 0.0547927 0.0484743 0.0422049 0.0361113 0.0302465 0.0246506 0.0193969 0.0146056 0.0104249 0.00698569 0.00435417
 0.00881557 0.014138 0.0209402 0.0290549 0.0381679 0.0477125 0.0568143 0.0644626 0.0698578 0.0726598 0.0729654 0.0711125 0.0675133 0.0625907 0.0567658 0.0504363 0.0439389 0.0375211 0.0313383 0.0254841 0.0200371 0.0150983 0.0107953 0.00725006 0.00452924
 0.0090211 0.0144443 0.0213461 0.0295328 0.0386601 0.0481328 0.0570555 0.0644178 0.0694564 0.0719084 0.0719703 0.0700639 0.0666296 0.0620436 0.0566207 0.0506371 0.0443462 0.0379789 0.0317347 0.0257744 0.0202299 0.0152242 0.0108822 0.00731355 0.00457521
 0.00915845 0.0146826 0.0217304 0.0301084 0.0394542 0.0491285 0.05817 0.0655016 0.0703222 0.0723819 0.0719427 0.0695287 0.0656904 0.0608888 0.0554671 0.0496626 0.0436399 0.0375336 0.0314797 0.0256258 0.0201279 0.0151427 0.0108172 0.00726729 0.00454717
 0.00903387 0.0144872 0.0214527 0.02975 0.0390388 0.048709 0.0578275 0.0653269 0.0703799 0.0726728 0.0723904 0.0700027 0.0660588 0.061072 0.0554672 0.0495527 0.0435219 0.0374878 0.0315341 0.0257583 0.0202919 0.0152961 0.0109373 0.0073503 0.00459953
 0.00909942 0.0145989 0.0216286 0.0300069 0.0393837 0.0491305 0.0582916 0.0657844 0.0707845 0.0729974 0.072628 0.0701506 0.0661001 0.0609745 0.0552034 0.0491276 0.0429862 0.0369244 0.0310258 0.0253579 0.0200117 0.0151178 0.0108312 0.0072894 0.00456552
 0.00899557 0.0144504 0.0214438 0.0298085 0.0392058 0.0490107 0.0582618 0.0658633 0.0709719 0.0732731 0.0729569 0.0704926 0.0664182 0.0612364 0.0553798 0.0491945 0.0429354 0.0367734 0.030817 0.0251428 0.019831 0.0149899 0.0107533 0.00724804 0.00454599
 0.00879991 0.0141182 0.0209206 0.0290432 0.0381717 0.0477349 0.0568474 0.0644835 0.0698293 0.072541 0.0727314 0.0707756 0.0671313 0.0622517 0.0565521 0.0503882 0.0440422 0.0377233 0.0315811 0.0257278 0.0202649 0.0153061 0.0109799 0.00740535 0.00464929
 0.00917609 0.0146938 0.0217162 0.0300431 0.0393167 0.0489181 0.0579194 0.065277 0.0702064 0.0724448 0.0722103 0.0699636 0.0661954 0.0613369 0.0557482 0.049726 0.0435088 0.0372857 0.0312074 0.0253998 0.0199802 0.0150714 0.0108012 0.00728169 0.0045721
 0.00917479 0.0147641 0.0219531 0.030573 0.0402559 0.050311 0.0596861 0.0672066 0.0720065 0.0738248 0.072962 0.0700093 0.0655942 0.0602525 0.0543928 0.0482999 0.0421588 0.0360923 0.0301973 0.0245689 0.0193144 0.0145557 0.0104212 0.00701956 0.00440514
 0.00859952 0.0139143 0.0208389 0.0292748 0.0389219 0.0491391 0.0588943 0.0669878 0.0724667 0.0749269 0.0745124 0.07171 0.0671399 0.0614249 0.055109 0.048602 0.0421635 0.0359316 0.0299757 0.0243493 0.0191243 0.0144028 0.0103046 0.00693601 0.0043498
#obs surv len freq
 nan nan nan nan nan nan nan nan nan nan nan nan nan nan nan nan nan nan nan nan nan nan nan nan nan
 0.00448271 0.00734309 0.0111721 0.0159875 0.0216876 0.0279628 0.0342768 0.0400084 0.0446887 0.0481535 0.0505126 0.0520097 0.0529032 0.0534167 0.0537319 0.0539875 0.0542665 0.0545596 0.0546986 0.0542906 0.0527286 0.0493604 0.0438098 0.0362892 0.0276721
 0.00461081 0.00755378 0.0114933 0.0164459 0.0223017 0.028733 0.0351757 0.0409777 0.0456476 0.049015 0.0511998 0.0524674 0.0531032 0.0533581 0.0534366 0.0534926 0.0536154 0.0537946 0.0538587 0.0534126 0.051851 0.0485263 0.0430634 0.0356683 0.0271976
 0.00477514 0.00782094 0.0118956 0.0170136 0.0230578 0.0296843 0.0363023 0.0422279 0.0469416 0.0502564 0.0522895 0.0533161 0.0536414 0.0535443 0.0532612 0.0529762 0.0528019 0.0527428 0.0526341 0.0520847 0.0504943 0.0472201 0.0418866 0.0346858 0.0264453
 0.00496138 0.00812745 0.0123637 0.0176839 0.0239617 0.0308315 0.0376676 0.0437472 0.0485215 0.0517909 0.0536755 0.0544607 0.0544648 0.0539827 0.0532726 0.0525462 0.0519479 0.0515123 0.0511011 0.0503455 0.0486634 0.0454237 0.0402494 0.0333098 0.0253877
 0.00517939 0.0084823 0.0128988 0.0184405 0.024972 0.0321068 0.0391856 0.0454461 0.0503062 0.053549 0.0552937 0.0558359 0.055509 0.0546242 0.0534567 0.0522377 0.051136 0.050218 0.0493841 0.0483076 0.0464463 0.0431977 0.0381893 0.0315613 0.0240357
 0.00539938 0.0088454 0.0134553 0.0192405 0.0260556 0.033488 0.0408373 0.0472951 0.0522446 0.0554561 0.0570542 0.0573489 0.0566891 0.0553994 0.0537673 0.0520369 0.0503945 0.0489329 0.0475925 0.0460999 0.0439724 0.0406564 0.0357973 0.0295067 0.0224342
 0.0056453 0.00924516 0.0140572 0.0200905 0.0271893 0.0349189 0.0425421 0.0492071 0.0542606 0.0574539 0.0589112 0.058955 0.0579529 0.0562485 0.0541445 0.0518967 0.049702 0.0476719 0.0457812 0.0438121 0.0413522 0.0379142 0.0331764 0.0272286 0.0206426
 0.00589505 0.00965546 0.0146825 0.0209836 0.0283908 0.0364401 0.0443491 0.0512162 0.0563525 0.059498 0.0607868 0.0605611 0.0592081 0.0570877 0.0545152 0.0517558 0.0490149 0.0464177 0.0439674 0.0414981 0.0386707 0.0350735 0.0304304 0.024818 0.0187313
 0.00613513 0.0100503 0.0152853 0.0218472 0.0295578 0.037927 0.0461293 0.0532133 0.0584497 0.0615599 0.0626823 0.0621783 0.0604606 0.0579134 0.0548706 0.0516083 0.0483381 0.0451933 0.0421991 0.0392355 0.0360334 0.0322586 0.0276876 0.0223918 0.0167943
 0.00636356 0.0104266 0.0158609 0.0226734 0.0306761 0.0393534 0.0478384 0.0551321 0.0604676 0.0635492 0.064518 0.0637509 0.0616817 0.0587171 0.0552118 0.0514578 0.0476765 0.0440103 0.0405022 0.0370706 0.0335092 0.0295572 0.0250443 0.0200421 0.014909
 0.00662568 0.0108492 0.0164904 0.0235508 0.0318301 0.0407887 0.0495228 0.0569919 0.0623961 0.0654256 0.0662262 0.0651914 0.0627759 0.0594078 0.0554606 0.0512406 0.0469795 0.0428291 0.0388493 0.0349919 0.0311057 0.0269958 0.022541 0.0178151 0.0131187
 0.00682893 0.011192 0.0170286 0.0243427 0.032922 0.0421938 0.0512021 0.0588508 0.0643032 0.0672431 0.0678359 0.0665053 0.0637344 0.0599729 0.0556093 0.0509599 0.0462631 0.0416778 0.0372785 0.0330465 0.0288784 0.0246365 0.0202431 0.0157736 0.0114776
 0.00705822 0.0115637 0.0175865 0.0251279 0.0339666 0.0435097 0.0527667 0.0605984 0.0661282 0.0690157 0.0694233 0.0677923 0.0646388 0.0604505 0.0556488 0.0505708 0.0454635 0.0404889 0.0357283 0.0311837 0.0267896 0.0224555 0.018139 0.0139159 0.00998972
 0.00726958 0.011911 0.0181157 0.0258827 0.0349784 0.0447824 0.054263 0.0622374 0.0678 0.0706037 0.0708232 0.0689193 0.065428 0.0608572 0.0556502 0.0501662 0.0446705 0.0393375 0.0342587 0.0294529 0.0248824 0.0204916 0.0162643 0.0122732 0.00868087
 0.00745048 0.0122086 0.0185699 0.0265328 0.0358548 0.0458942 0.0555843 0.063702 0.0693096 0.0720469 0.0720945 0.0699336 0.0661255 0.0612034 0.0556317 0.0497854 0.0439427 0.0382893 0.0329303 0.0279019 0.0231909 0.0187681 0.0146345 0.0108561 0.00755862
 0.00753321 0.0123471 0.0187863 0.026852 0.0363014 0.0464865 0.0563274 0.0645822 0.0702927 0.0730805 0.0731126 0.0708624 0.0668922 0.0617443 0.0558995 0.0497525 0.0436009 0.0376484 0.0320184 0.0267681 0.0219085 0.0174338 0.0133582 0.0097395 0.00667151
 0.00757873 0.0124156 0.0188801 0.0269715 0.0364488 0.0466693 0.0565604 0.0648855 0.0706856 0.0735733 0.0736983 0.0715127 0.0675577 0.0623602 0.0563954 0.0500639 0.0436788 0.0374668 0.0315777 0.0260976 0.0210662 0.0165028 0.0124344 0.00891306 0.00600575
 0.0076304 0.0124899 0.0189739 0.0270757 0.0365508 0.0467579 0.056631 0.0649435 0.070748 0.0736669 0.0738538 0.0717541 0.0678912 0.0627661 0.0568273 0.0504568 0.0439627 0.0375819 0.0314878 0.0257986 0.0205892 0.0159096 0.011805 0.00832668 0.00552118
 0.00773366 0.0126479 0.0191927 0.0273523 0.0368721 0.0471001 0.0569608 0.0652227 0.0709433 0.0737621 0.0738581 0.0717003 0.0678241 0.0627266 0.0568366 0.050508 0.0440216 0.0375979 0.031411 0.0255973 0.020262 0.0154877 0.0113433 0.00788645 0.00515146
 0.00778724 0.0127372 0.0193304 0.0275502 0.0371365 0.0474259 0.0573261 0.0655893 0.0712649 0.0739964 0.0739791 0.0717053 0.0677335 0.0625774 0.0566712 0.0503594 0.0439021 0.0374954 0.031295 0.0254345 0.020033 0.0151973 0.0110201 0.00757125 0.00488134
 0.00782683 0.0127978 0.0194152 0.0276606 0.0372734 0.0475907 0.0575199 0.0658099 0.0715024 0.0742311 0.0741829 0.0718488 0.0677959 0.0625543 0.0565767 0.0502205 0.0437475 0.0373431 0.0311466 0.025278 0.0198535 0.0149896 0.0107947 0.00735058 0.00468961
 0.0078414 0.012817 0.0194357 0.027677 0.0372801 0.047585 0.0575051 0.0657964 0.0715053 0.0742655 0.0742575 0.0719609 0.0679296 0.062685 0.0566804 0.0502824 0.0437659 0.0373256 0.0311024 0.0252113 0.0197637 0.0148766 0.0106646 0.00721696 0.00456868
 0.00786366 0.0128491 0.0194762 0.0277215 0.0373215 0.0476153 0.057517 0.0657858 0.0714737 0.0742214 0.0742164 0.0719396 0.0679406 0.0627305 0.0567502 0.0503584 0.0438294 0.0373637 0.0311103 0.0251898 0.0197163 0.0148081 0.0105822 0.00713042 0.00448902
 0.00787826 0.0128701 0.0195028 0.0277508 0.037349 0.0476357 0.0575254 0.0657779 0.0714476 0.0741787 0.0741629 0.0718861 0.0679003 0.0627152 0.0567659 0.0504023 0.0438901 0.0374256 0.0311587 0.0252152 0.0197156 0.0147838 0.0105407 0.00708084 0.00444037
 0.00790145 0.0129046 0.0195486 0.0278055 0.037408 0.0476929 0.0575739 0.0658109 0.0714592 0.0741658 0.0741263 0.0718308 0.0678352 0.0626517 0.0567152 0.0503725 0.0438832 0.0374367 0.0311777 0.025231 0.0197198 0.0147732 0.0105173 0.00705001 0.00440877
 0.00791862 0.0129287 0.0195779 0.0278356 0.0374336 0.0477091 0.0575777 0.0658019 0.071439 0.0741373 0.0740925 0.0717949 0.0678 0.0626204 0.0566915 0.0503602 0.0438851 0.0374525 0.0312033 0.0252592 0.0197427 0.0147854 0.0105174 0.00704078 0.00439481
 0.00789883 0.0128993 0.0195385 0.0277876 0.0373792 0.0476505 0.0575166 0.0657403 0.0713801 0.0740858 0.0740545 0.0717755 0.0678023 0.0626439 0.056733 0.0504152 0.0439493 0.037522 0.031274 0.0253259 0.0198001 0.0148289 0.0105454 0.00705472 0.00439864
 0.0078725 0.0128522 0.0194602 0.0276673 0.0372094 0.0474334 0.0572683 0.0654891 0.0711595 0.0739242 0.0739683 0.0717675 0.0678647 0.0627632 0.0568933 0.0506003 0.0441441 0.0377139 0.0314528 0.0254841 0.0199322 0.0149319 0.0106192 0.00710249 0.00442602
 0.00785125 0.0128157 0.0194016 0.0275782 0.0370819 0.0472619 0.0570534 0.0652407 0.0708979 0.0736782 0.0737698 0.0716439 0.0678322 0.0628226 0.0570316 0.0507961 0.0443731 0.0379532 0.0316835 0.0256921 0.0201082 0.0150712 0.0107216 0.00717169 0.00446851
 0.00785718 0.0128213 0.0194023 0.027567 0.03705 0.0472014 0.0569589 0.0651112 0.0707371 0.0734955 0.0735805 0.071469 0.0676953 0.0627448 0.0570256 0.050862 0.0444993 0.03812 0.0318684 0.0258743 0.0202717 0.0152062 0.0108241 0.00724302 0.00451372
 0.00783013 0.0127778 0.0193378 0.0274775 0.036933 0.047057 0.0567913 0.0649289 0.0705522 0.0733211 0.0734292 0.0713517 0.0676212 0.0627219 0.0570598 0.0509555 0.0446477 0.0383113 0.032084 0.0260929 0.0204735 0.0153767 0.0109564 0.0073369 0.00457449
 0.00781012 0.0127436 0.0192834 0.0273965 0.0368204 0.0469119 0.0566188 0.0647406 0.0703639 0.073149 0.0732865 0.0712477 0.0675614 0.0627091 0.0570953 0.051039 0.0447765 0.0384787 0.0322781 0.0262972 0.0206698 0.0155491 0.0110944 0.00743766 0.00464128
 0.00777022 0.0126786 0.0191854 0.0272586 0.0366383 0.0466867 0.05636 0.0644666 0.0700992 0.0729195 0.073114 0.0711464 0.0675364 0.0627574 0.0572082 0.0512049 0.0449831 0.0387135 0.032528 0.0265472 0.0209042 0.0157534 0.0112587 0.00755869 0.00472246
 0.00772454 0.0126044 0.019074 0.0271023 0.0364323 0.0464322 0.0560668 0.0641541 0.0697938 0.0726496 0.0729048 0.0710165 0.067496 0.0628073 0.0573405 0.0514055 0.0452339 0.0389954 0.0328221 0.0268358 0.0211705 0.0159836 0.0114437 0.00769548 0.00481492
 0.00934178 0.01487 0.021812 0.029924 0.0388492 0.0480352 0.0566692 0.0638189 0.0687526 0.0711834 0.0712567 0.0693589 0.0659364 0.0614071 0.0561307 0.0503961 0.0444207 0.038364 0.032352 0.0265027 0.0209487 0.0158467 0.0113669 0.00765734 0.00479879
 0.00930344 0.0151077 0.0226989 0.0319249 0.0423187 0.0529449 0.0624342 0.069393 0.0730006 0.0733289 0.0711381 0.0673716 0.0627583 0.0577084 0.0524076 0.0469428 0.0413779 0.0357801 0.0302269 0.0248118 0.0196531 0.0148975 0.0107073 0.00722665 0.00453678
 0.00898346 0.0146016 0.0219852 0.0310509 0.041455 0.0524238 0.0627102 0.0708797 0.0758211 0.0771302 0.0751341 0.0706418 0.0646313 0.0579954 0.0513719 0.0450838 0.0391966 0.0336427 0.0283403 0.0232605 0.0184477 0.0140095 0.0100893 0.00682296 0.00429129
 0.00880639 0.0143052 0.0215241 0.0303804 0.0405486 0.0513045 0.061492 0.0697965 0.0752089 0.0773349 0.0763565 0.0727892 0.0672832 0.0605389 0.0532505 0.0460104 0.0392116 0.0330141 0.0274005 0.0222811 0.0175916 0.0133427 0.0096147 0.00651122 0.00410221
 0.00873023 0.0141763 0.0213199 0.0300745 0.0401137 0.0507196 0.0607548 0.068939 0.0743163 0.0765578 0.0759012 0.0728658 0.0680135 0.0618644 0.054909 0.0476205 0.0404278 0.0336607 0.0275065 0.0220156 0.0171587 0.0129024 0.00925419 0.00625615 0.00394158
 0.00869136 0.0141097 0.0212129 0.0299123 0.0398811 0.0504043 0.0603511 0.0684512 0.073761 0.0759706 0.0753456 0.0724411 0.0678442 0.0620618 0.0555109 0.0485445 0.0414792 0.0346046 0.0281654 0.0223321 0.0171908 0.012767 0.00906432 0.00608487 0.00381813
 0.00868736 0.014101 0.0211953 0.0298794 0.0398244 0.050314 0.0602169 0.068264 0.0735152 0.0756669 0.0749964 0.0720765 0.0675178 0.0618485 0.055489 0.048762 0.0419189 0.0351743 0.0287293 0.0227684 0.0174403 0.0128438 0.00902865 0.00600371 0.00373826
 0.00868914 0.0141047 0.0212021 0.0298904 0.0398392 0.050329 0.0602245 0.0682525 0.0734706 0.0755763 0.0748518 0.0718795 0.0672836 0.0616098 0.0552948 0.0486667 0.0419618 0.0353567 0.0290059 0.023063 0.0176797 0.0129885 0.00908128 0.00599484 0.00370365
 0.00867906 0.0140903 0.0211844 0.0298715 0.0398223 0.0503175 0.0602202 0.0682551 0.0734761 0.0755766 0.074836 0.0718361 0.0672054 0.0614991 0.0551677 0.0485527 0.041896 0.0353663 0.0290949 0.0232072 0.0178366 0.0131173 0.00916068 0.00602668 0.00370423
 0.00867104 0.0140778 0.0211665 0.0298483 0.0397946 0.0502876 0.0601921 0.0682333 0.0734646 0.0755769 0.074845 0.0718463 0.0672069 0.0614828 0.0551302 0.0485001 0.0418445 0.0353371 0.0291045 0.0232583 0.0179153 0.0132004 0.00922736 0.0060673 0.00372122
 0.00865494 0.0140534 0.0211331 0.0298065 0.0397463 0.0502356 0.0601401 0.0681859 0.0734272 0.075554 0.0748396 0.0718581 0.0672318 0.0615133 0.0551575 0.0485181 0.0418531 0.0353429 0.0291182 0.0232878 0.0179612 0.0132545 0.0092779 0.00610516 0.00374367
 0.00864429 0.0140346 0.0211024 0.0297599 0.0396811 0.0501526 0.0600452 0.0680897 0.0733422 0.0754914 0.0748065 0.0718564 0.0672587 0.0615626 0.0552206 0.0485855 0.0419172 0.0354 0.0291692 0.0233364 0.0180102 0.0133032 0.00932215 0.00614037 0.00376755
 0.00864376 0.0140335 0.0211 0.0297548 0.0396714 0.0501355 0.0600175 0.0680494 0.0732898 0.0754314 0.0747469 0.0718067 0.0672272 0.0615534 0.0552332 0.0486155 0.0419577 0.0354445 0.0292132 0.0233781 0.0180493 0.0133396 0.00935454 0.00616675 0.00378657
 0.00864408 0.0140342 0.0211014 0.0297572 0.0396749 0.0501395 0.0600205 0.0680487 0.0732822 0.0754142 0.0747189 0.0717701 0.0671871 0.0615171 0.0552075 0.0486046 0.041962 0.0354612 0.0292377 0.0234063 0.018078 0.0133667 0.00937852 0.00618637 0.00380108
 0.00863308 0.0140187 0.0210824 0.0297373 0.0396573 0.050127 0.0600148 0.0680496 0.0732878 0.0754216 0.0747247 0.0717711 0.0671817 0.061506 0.0551939 0.0485931 0.041957 0.035465 0.0292502 0.023425 0.0180999 0.0133887 0.00939839 0.00620264 0.00381316
 0.00863308 0.0140187 0.0210824 0.0297373 0.0396573 0.050127 0.0600148 0.0680496 0.0732878 0.0754216 0.0747247 0.0717711 0.0671817 0.061506 0.0551939 0.0485931 0.041957 0.035465 0.0292502 0.023425 0.0180999 0.0133887 0.00939839 0.00620264 0.00381316
 0.0086329 0.014019 0.0210842 0.0297419 0.0396663 0.0501417 0.0600357 0.068076 0.0733174 0.0754504 0.074748 0.0717843 0.0671814 0.0614914 0.0551671 0.0485586 0.0419207 0.0354327 0.0292259 0.0234104 0.0180941 0.0133896 0.00940299 0.00620853 0.00381862
 0.00879695 0.0142771 0.0214553 0.0302346 0.0402739 0.0508356 0.0607614 0.0687565 0.0738686 0.0758025 0.0748629 0.0716618 0.0668531 0.0610093 0.0545909 0.0479457 0.0413198 0.0348802 0.0287456 0.0230145 0.0177849 0.0131613 0.00924462 0.00610588 0.0037569
 0.00834722 0.0135848 0.020489 0.0289991 0.0388178 0.049257 0.059208 0.0674116 0.0729131 0.0753647 0.0749824 0.0722842 0.0678554 0.0622385 0.0559 0.0492178 0.0424768 0.0358811 0.0295772 0.023681 0.0183 0.0135436 0.00951475 0.00628593 0.00386895
 0.00851733 0.0137993 0.0206973 0.0291165 0.0387489 0.0489338 0.0586228 0.0666261 0.072041 0.0745399 0.0743267 0.0718833 0.0677456 0.0624039 0.0562821 0.0497338 0.0430421 0.0364265 0.0300581 0.0240767 0.0186076 0.0137707 0.00967409 0.00639151 0.00393448
 0.008839 0.0143376 0.0215287 0.0303027 0.0402999 0.0507632 0.0605218 0.0682919 0.0731659 0.074921 0.0739351 0.0708573 0.0663232 0.0608381 0.0547767 0.0484148 0.0419596 0.0355757 0.029406 0.0235839 0.0182404 0.0135035 0.00948729 0.00626812 0.00385856
 0.00877379 0.0142691 0.0214976 0.0303763 0.0405621 0.0512914 0.0613562 0.0694053 0.0744453 0.0761737 0.0749308 0.0713993 0.0663175 0.0603246 0.0539043 0.0473778 0.0409323 0.0346732 0.0286776 0.0230305 0.0178377 0.0132206 0.00929562 0.00614419 0.00378313
 0.00868534 0.0141157 0.0212521 0.0300171 0.0400899 0.05075 0.0608455 0.0690674 0.0744204 0.0765415 0.0756651 0.0723628 0.067303 0.0611263 0.0543868 0.0475134 0.0407895 0.0343703 0.0283304 0.0227178 0.0175947 0.0130502 0.00918478 0.00607627 0.00374376
 0.00825302 0.0134199 0.0202209 0.0285962 0.0382634 0.0485701 0.0584596 0.066722 0.072425 0.0751994 0.0751964 0.0728451 0.0686465 0.0630938 0.0566579 0.0497712 0.042799 0.0360152 0.0296002 0.0236648 0.0182887 0.0135511 0.00953665 0.00631217 0.00389184
 0.00858176 0.0138921 0.0208131 0.0292385 0.0388483 0.0489726 0.0585616 0.0664377 0.0717288 0.0741514 0.0739494 0.0716188 0.0676694 0.0625317 0.0565619 0.0500689 0.0433341 0.036614 0.0301317 0.0240675 0.0185606 0.0137216 0.00964026 0.00637481 0.00392944
 0.00859164 0.0139572 0.0209977 0.0296217 0.0394898 0.0498654 0.0595978 0.0674181 0.072421 0.0743712 0.0736255 0.0708143 0.0665582 0.0613451 0.0555215 0.0493264 0.0429366 0.0365102 0.0302131 0.0242213 0.0187081 0.0138285 0.00970463 0.00640889 0.0039462
 0.00842011 0.0136836 0.0206007 0.029098 0.0388695 0.0492258 0.059062 0.0671226 0.0724563 0.0747261 0.0741758 0.071373 0.0669599 0.0615163 0.0554996 0.0492245 0.0428798 0.0365784 0.0304162 0.0245119 0.0190173 0.0140994 0.00990913 0.00654549 0.00402843
 0.00862812 0.0139913 0.0210057 0.0295747 0.039372 0.0496977 0.0594494 0.0673889 0.0725962 0.0747677 0.0741626 0.0713309 0.0668736 0.0613359 0.0551786 0.0487617 0.0423329 0.0360407 0.0299731 0.0242068 0.0188448 0.0140231 0.00988645 0.00654456 0.00403244
 0.00855118 0.0138976 0.0209216 0.029541 0.0394296 0.0498654 0.0597084 0.0676851 0.0728619 0.0749516 0.0742506 0.0713455 0.0668531 0.0613066 0.0551385 0.0486866 0.0422018 0.035858 0.0297715 0.0240294 0.0187218 0.0139598 0.00986819 0.00655015 0.004045
 0.00830398 0.0134955 0.0203201 0.0287099 0.0383719 0.0486406 0.0584439 0.0665589 0.0720513 0.0745725 0.0743232 0.0718044 0.0675877 0.0622029 0.0560997 0.0496355 0.0430767 0.0366152 0.030391 0.024516 0.0190962 0.0142455 0.0100829 0.00670511 0.00414941
