SBPRF35
7.78865
Curr Bio
494382
B35
680164
F35
0.225744
FOFL
0.171507
OFL
69122.4
Bzero
2.22533e+006
#pred survey bio
 4.50012e+006 4.24509e+006 4.00923e+006 3.72022e+006 3.4149e+006 3.11759e+006 2.821e+006 2.49385e+006 2.21455e+006 1.95159e+006 1.71341e+006 1.5038e+006 1.3253e+006 1.18303e+006 1.04466e+006 921873 825706 765541 730454 693523 688656 660536 648452 630388 609826 599687 583353 583106 575519 569627 562167 556628 551152 553119 537559 519779 515339 509462 516148 536084 547896 551603 557593 559546 560595 564959 559462 563292 565731 563806 570550 587857 585982 573232 533017 522686 522615 529177 518289 508086 495105 1.83898e+007 1.14061e+007 1.19087e+007 1.27041e+007 1.36232e+007 1.4502e+007 1.52572e+007 1.58643e+007 1.63314e+007 1.66803e+007 1.69361e+007 1.71216e+007 1.72554e+007 1.73518e+007 1.74214e+007 1.7472e+007 1.75088e+007 1.75359e+007 1.75559e+007 1.75708e+007 1.75819e+007 1.75903e+007 1.75967e+007 1.76015e+007 1.76052e+007 1.7608e+007 1.76101e+007 1.76117e+007 1.7613e+007 1.7614e+007 1.76147e+007 1.76153e+007 1.76157e+007 1.76161e+007 1.76164e+007 1.76166e+007 1.76167e+007 1.76168e+007 1.76169e+007 1.7617e+007 1.76171e+007 1.76171e+007 1.76172e+007 1.76172e+007 1.76172e+007 1.76172e+007 1.76172e+007 1.76172e+007 1.76172e+007 1.76173e+007 1.76173e+007 1.76173e+007 1.76173e+007 1.76173e+007 1.76173e+007 1.76173e+007 1.76173e+007 1.76173e+007 1.76173e+007 1.76173e+007 1.76173e+007 1.76173e+007 1.76173e+007 1.76173e+007 1.76173e+007 1.76173e+007 1.76173e+007 1.76173e+007 1.76173e+007 1.76173e+007 1.76173e+007 1.76173e+007 1.76173e+007 1.76173e+007 1.76173e+007 1.76173e+007 1.76173e+007 1.76173e+007 1.76173e+007 1.76173e+007 1.76173e+007 1.76173e+007 1.76173e+007 1.76173e+007 1.76173e+007 1.76173e+007 1.76173e+007 1.76173e+007 1.76173e+007 1.76173e+007 1.76173e+007 1.76173e+007 1.76173e+007 1.76173e+007 1.76173e+007 1.76173e+007 1.76173e+007 1.76173e+007 1.76173e+007 1.76173e+007 0 0 0 0 0 0 0 0 0 0 0 0 0 0 0 0 0 0 0 0 0 0 0 0 0
#obs survey bio
 4.15189e+006 3.23908e+006 2.4109e+006 2.37424e+006 3.17072e+006 3.44435e+006 2.75818e+006 2.49088e+006 1.33043e+006 1.6162e+006 1.85798e+006 959627 1.36547e+006 983480 1.05204e+006 631689 974474 735840 736357 732568 527848 734411 723516 534318 794301 665112 711131 325173 623942 498904 597560 509139 460426 658660 558005 493860 664198 608620 569942 459006 576383 736782 476724 405140 697853 452450 743653 544693 676686 512824 672396 633393 706236 524358 573324 669968 628689 429116 525895 366508 462507
#pred catch bio
 97886.1 93414.2 164243 206238 227914 256393 313238 296988 305213 301477 290237 273025 247522 246781 232927 207593 173396 148948 147273 117345 134277 117583 120229 119495 108044 111161 96284.9 102000 99886.4 100327 97722.3 96854.6 89531 101633 99516.1 87131.5 91670.1 85785 78135.6 86092.4 92245.4 89757.5 93573 95221.9 93180.5 101520 93407.3 94629 98220.1 91198.5 82972.9 98900.3 106995 128937 103016 94550.4 88755.9 102959 102588 106548 73139.9 69122.4 91422.3 94352.1 99467.9 106128 112655 118193 122518 125715 127987 129555 130613 131314 131772 132069 132259 132380 132457 132505 132536 132555 132567 132574 132579 132582 132583 132584 132585 132586 132586 132586 132586 132586 132586 132586 132586 132586 132586 132586 132586 132586 132586 132586 132586 132586 132586 132586 132586 132586 132586 132586 132586 132586 132586 132586 132586 132586 132586 132586 132586 132586 132586 132586 132586 132586 132586 132586 132586 132586 132586 132586 132586 132586 132586 132586 132586 132586 132586 132586 132586 132586 132586 132586 132586 132586 132586 132586 132586 132586 132586 132586 132586 132586 132586 132586 132586 132586 132586 132586 132586 0 0 0 0 0 0 0 0 0 0 0 0 0 0 0 0 0 0 0 0 0 0 0 0 0
#obs catch bio
 0 93089 165442 208076 230300 258925 318294 301471 311552 307578 295916 279716 252939 252234 238022 212186 175970 150443 149120 117837 135603 117600 120626 120125 108068 111333 96388.7 102571 100202 101066 98180.2 97710.2 90328.4 102826 100405 87516.5 92193.3 86027 78258.9 86134.6 91669.8 88951.3 93030.5 95096.6 92955.5 101621 93050.7 94539 97908.8 91243.4 82744.6 98599.9 106023 128386 102459 94036.3 88108.6 102255 101495 106579 72905.7
#pred cpue bio
 4.41923e+006 4.16741e+006 3.93335e+006 3.64519e+006 3.34173e+006 3.04645e+006 2.75191e+006 2.42728e+006 2.15011e+006 1.88959e+006 1.65404e+006 1.44693e+006 1.27079e+006 1.13089e+006 995368 875380 781850 723850 690356 655069 650869 624165 612834 595651 576113 566706 551137 550968 543619 537939 530875 525664 520460 522738 508521 492026 487195 479743 484892 504193 516315 520413 526292 527870 528521 532664 527442 531236 533687 531800 538255 555205 553712 541307 501835 491376 491512 498292 487776 477233 463694 1.72435e+007 1.07168e+007 1.11402e+007 1.18255e+007 1.27042e+007 1.35738e+007 1.43273e+007 1.49342e+007 1.54012e+007 1.575e+007 1.60058e+007 1.61913e+007 1.63251e+007 1.64216e+007 1.64912e+007 1.65417e+007 1.65786e+007 1.66057e+007 1.66257e+007 1.66406e+007 1.66517e+007 1.66601e+007 1.66665e+007 1.66713e+007 1.66749e+007 1.66777e+007 1.66799e+007 1.66815e+007 1.66828e+007 1.66838e+007 1.66845e+007 1.66851e+007 1.66855e+007 1.66859e+007 1.66861e+007 1.66863e+007 1.66865e+007 1.66866e+007 1.66867e+007 1.66868e+007 1.66869e+007 1.66869e+007 1.66869e+007 1.6687e+007 1.6687e+007 1.6687e+007 1.6687e+007 1.6687e+007 1.6687e+007 1.6687e+007 1.6687e+007 1.6687e+007 1.6687e+007 1.6687e+007 1.6687e+007 1.6687e+007 1.6687e+007 1.6687e+007 1.6687e+007 1.6687e+007 1.6687e+007 1.6687e+007 1.66871e+007 1.66871e+007 1.66871e+007 1.66871e+007 1.66871e+007 1.66871e+007 1.66871e+007 1.66871e+007 1.66871e+007 1.66871e+007 1.66871e+007 1.66871e+007 1.66871e+007 1.66871e+007 1.66871e+007 1.66871e+007 1.66871e+007 1.66871e+007 1.66871e+007 1.66871e+007 1.66871e+007 1.66871e+007 1.66871e+007 1.66871e+007 1.66871e+007 1.66871e+007 1.66871e+007 1.66871e+007 1.66871e+007 1.66871e+007 1.66871e+007 1.66871e+007 1.66871e+007 1.66871e+007 1.66871e+007 1.66871e+007 1.66871e+007 1.66871e+007 0 0 0 0 0 0 0 0 0 0 0 0 0 0 0 0 0 0 0 0 0 0 0 0 0
#obs cpue bio
 3.38871e+006 2.83229e+006 2.57863e+006 3.62573e+006 2.57774e+006 3.60995e+006 2.37285e+006 1.83639e+006 2.223e+006 2.15758e+006 1.37586e+006 1.28099e+006 1.01491e+006 1.21784e+006 791294 918114 672590 729748 600525 635562 771363 796001 469566 603592 529687 534146 365635 780769 530592 429648 535388 398933 436281 419512 510575 520442 391869 441751 399716 735414 906987 500336 544827 547336 442304 606973 511494 470500 588710 432617 511158 672559 675750 558379 458013 453195 470595 737950 629324 429418 431471
#pred surv len freq
 0.00465618 0.00755372 0.0113623 0.0160737 0.0216004 0.0277033 0.0339531 0.0398206 0.0448649 0.0488721 0.0518585 0.0539795 0.0554365 0.0564115 0.0570235 0.0573029 0.0571946 0.0565808 0.0552987 0.0531352 0.0498279 0.0451292 0.0389652 0.0316175 0.0237783
 0.00504904 0.00809519 0.0120023 0.0167177 0.0221523 0.0281229 0.0342882 0.0401811 0.0453448 0.0494696 0.0524469 0.0543525 0.0554015 0.0558807 0.0560581 0.0560964 0.0560055 0.0556413 0.0547335 0.0529264 0.0498423 0.0451941 0.0389513 0.0314841 0.0235622
 0.00516985 0.00834658 0.012475 0.0175113 0.0233286 0.0296478 0.0360015 0.0418342 0.0467005 0.0504012 0.0529644 0.054538 0.0553115 0.0554975 0.0553245 0.0549964 0.0546239 0.0541556 0.0533446 0.0517749 0.0489617 0.0445276 0.0384111 0.0310098 0.023142
 0.00532149 0.00858263 0.0128166 0.0179863 0.0239835 0.030553 0.0372338 0.0434302 0.0485983 0.0524139 0.0548184 0.0559666 0.0561453 0.0556916 0.0549199 0.0540672 0.0532592 0.0524758 0.0515119 0.0499665 0.0473209 0.0431293 0.0372668 0.0300993 0.0224415
 0.00551116 0.0088867 0.0132659 0.0186058 0.0247884 0.0315451 0.0384011 0.0447535 0.0500598 0.0539916 0.0564601 0.0575578 0.0575051 0.0566146 0.0552423 0.0537164 0.0522621 0.0509404 0.0496014 0.0478752 0.045244 0.0412292 0.0356496 0.0288113 0.0214817
 0.00573496 0.0092412 0.0137826 0.0193092 0.0256937 0.0326534 0.0396926 0.0461835 0.0515642 0.0555008 0.0579122 0.0589 0.0586777 0.0575295 0.0557771 0.0537381 0.0516743 0.0497265 0.0478435 0.0457415 0.0429534 0.0390053 0.0336768 0.0272056 0.020282
 0.00596029 0.00960711 0.0143325 0.0200832 0.0267211 0.0339405 0.0412108 0.0478645 0.0533096 0.0572016 0.0594683 0.0602327 0.0597319 0.0582643 0.0561487 0.0536856 0.0511235 0.0486194 0.046181 0.0436153 0.0405466 0.0365561 0.0314212 0.025321 0.0188534
 0.00625431 0.010079 0.015032 0.0210543 0.0279957 0.0355279 0.0430828 0.0499459 0.055481 0.0593156 0.0613727 0.0617941 0.0608539 0.0588946 0.0562713 0.053301 0.0502296 0.0472081 0.0442603 0.0412472 0.0378751 0.0338023 0.028837 0.0231218 0.0171623
 0.00649823 0.0104748 0.015627 0.0218935 0.029116 0.0369465 0.0447841 0.0518732 0.0575389 0.061382 0.0633127 0.0634733 0.0621515 0.059717 0.0565604 0.0530341 0.0494093 0.0458518 0.0424021 0.0389564 0.0352813 0.0311033 0.0262705 0.0209062 0.0154359
 0.00674943 0.0108808 0.0162343 0.0227456 0.0302473 0.0383722 0.0464866 0.0537941 0.059582 0.0634258 0.0652262 0.0651296 0.0634386 0.0605447 0.0568655 0.0527817 0.0485916 0.044486 0.0405322 0.0366634 0.0326986 0.0284215 0.0237156 0.0186895 0.0136971
 0.00706444 0.0113762 0.0169492 0.0237075 0.0314699 0.0398518 0.0481947 0.055671 0.0615378 0.0653496 0.0669998 0.0666396 0.0645862 0.0612527 0.0570804 0.052473 0.0477501 0.0431246 0.0386914 0.0344224 0.0301876 0.0258232 0.0212438 0.0165435 0.0120096
 0.00732274 0.0118016 0.0175992 0.0246373 0.0327196 0.041427 0.0500483 0.0577 0.0636013 0.0672996 0.0687074 0.0680069 0.0655457 0.0617616 0.0571149 0.0520241 0.046821 0.0417327 0.0368752 0.0322547 0.0277877 0.0233586 0.01891 0.014522 0.0104208
 0.00753051 0.0121402 0.0181116 0.025367 0.0337062 0.0426957 0.0515953 0.059478 0.0655152 0.0692142 0.0704675 0.0694647 0.066587 0.06232 0.0571708 0.0515903 0.0459273 0.040417 0.0351866 0.0302651 0.0256054 0.0211315 0.0168096 0.0127071 0.00899607
 0.00770469 0.0124185 0.018522 0.0259346 0.0344511 0.0436299 0.0527158 0.060762 0.066917 0.0706662 0.0718822 0.0707397 0.0676148 0.0630045 0.0574431 0.0514188 0.045316 0.039398 0.033813 0.028612 0.0237754 0.0192566 0.015038 0.0111744 0.00779158
 0.00792273 0.0127713 0.0190493 0.0266711 0.0354187 0.0448253 0.0540999 0.0622569 0.068419 0.0720675 0.0730901 0.0716855 0.0682521 0.0633034 0.0573856 0.0509981 0.0445397 0.0382913 0.032422 0.0270059 0.0220484 0.0175256 0.0134294 0.00979995 0.00672111
 0.00806354 0.0130133 0.0194378 0.0272569 0.036247 0.0459181 0.0554373 0.0637682 0.0699904 0.0735627 0.074376 0.0726553 0.0688398 0.0634876 0.0571811 0.0504408 0.0436732 0.0371613 0.0310785 0.0255109 0.0204822 0.0159858 0.0120198 0.0086097 0.00580263
 0.00817982 0.0131946 0.0196982 0.0276086 0.036704 0.0464989 0.0561615 0.064646 0.0710072 0.0746671 0.0754795 0.0736459 0.0696073 0.063948 0.0572921 0.0502023 0.0431169 0.036337 0.0300452 0.0243344 0.0192378 0.0147583 0.0108957 0.00766148 0.00507221
 0.00829148 0.0133528 0.0198933 0.0278178 0.0368997 0.0466615 0.0562914 0.0647682 0.0711666 0.0749148 0.0758532 0.0741502 0.0702018 0.064552 0.0578051 0.0505322 0.0432031 0.03616 0.0296238 0.0237166 0.018492 0.0139643 0.0101342 0.00700039 0.00455345
 0.00828758 0.0133512 0.0198984 0.0278339 0.036926 0.0466879 0.0562979 0.0647338 0.0710846 0.074808 0.0757752 0.0741691 0.0703716 0.0648852 0.0582612 0.0510274 0.0436363 0.0364434 0.0297057 0.0235908 0.0181929 0.0135543 0.0096866 0.00658159 0.00420942
 0.00838856 0.0134988 0.0200901 0.0280574 0.0371636 0.0469223 0.0565153 0.0649212 0.071226 0.0748837 0.0757705 0.0740874 0.0702426 0.0647581 0.0581841 0.0510223 0.0436867 0.0365006 0.0297111 0.0235012 0.0179971 0.0132751 0.00936893 0.00627507 0.00395226
 0.00827226 0.0133196 0.0198389 0.0277318 0.0367681 0.0464684 0.0560245 0.0644282 0.0707792 0.074539 0.0755781 0.0740776 0.0704178 0.0650956 0.0586464 0.0515666 0.0442672 0.0370665 0.0302084 0.0238827 0.0182361 0.0133743 0.00935821 0.00619935 0.00385518
 0.00838435 0.0134857 0.0200586 0.0279937 0.0370517 0.0467485 0.0562734 0.0646174 0.070881 0.0745321 0.0754561 0.0738551 0.0701306 0.0647924 0.0583748 0.0513614 0.0441429 0.0370165 0.0302086 0.0238992 0.0182367 0.0133398 0.00928814 0.00610816 0.00376306
 0.00837313 0.0134707 0.0200415 0.0279771 0.0370369 0.0467333 0.0562514 0.0645804 0.0708236 0.0744555 0.0753684 0.0737681 0.0700553 0.0647384 0.0583508 0.0513757 0.0442003 0.0371143 0.0303336 0.0240293 0.0183478 0.0134138 0.00931925 0.00610359 0.00373772
 0.00832505 0.0134083 0.0199769 0.027931 0.0370334 0.0467899 0.0563704 0.0647463 0.0710064 0.0746197 0.0754825 0.0738127 0.070028 0.064652 0.0582289 0.0512454 0.044086 0.0370326 0.0302902 0.0240186 0.0183559 0.0134247 0.00932161 0.0060939 0.00371944
 0.00837981 0.01348 0.0200538 0.0279943 0.0370657 0.046787 0.0563483 0.0647362 0.0710389 0.0747069 0.0756094 0.0739439 0.070123 0.0646826 0.058188 0.0511462 0.0439544 0.0368969 0.0301728 0.0239308 0.0182978 0.0133886 0.0092977 0.00607485 0.00370223
 0.00841058 0.0135216 0.0200997 0.0280312 0.0370741 0.0467451 0.0562392 0.064556 0.0708056 0.0744614 0.0754064 0.0738311 0.0701216 0.064779 0.058343 0.0513148 0.0441033 0.0370121 0.0302561 0.0239914 0.0183441 0.013425 0.00932466 0.00609215 0.00371081
 0.0085499 0.013731 0.0203825 0.0283774 0.0374612 0.0471404 0.0566015 0.0648393 0.0709664 0.0744706 0.0752612 0.0735599 0.0697771 0.064421 0.0580192 0.0510483 0.043894 0.0368474 0.0301227 0.023882 0.0182567 0.0133591 0.00927826 0.00606147 0.00369139
 0.00855006 0.0137322 0.0203858 0.0283837 0.0374703 0.0471496 0.0566056 0.0648313 0.07094 0.074423 0.0751941 0.0734794 0.0696933 0.0643477 0.057971 0.0510365 0.0439212 0.0369054 0.0301965 0.0239561 0.0183202 0.0134075 0.00931208 0.00608322 0.00370419
 0.00854817 0.0137389 0.0204139 0.0284504 0.037592 0.0473339 0.056844 0.0650977 0.0711959 0.0746277 0.0753145 0.0734981 0.0696112 0.0641826 0.0577533 0.050801 0.0436995 0.0367193 0.0300549 0.0238566 0.0182544 0.0133655 0.0092856 0.00606677 0.00369423
 0.00850154 0.0136699 0.0203232 0.0283454 0.037487 0.0472497 0.0568048 0.0651257 0.0713025 0.0748055 0.0755355 0.0737205 0.0697927 0.0642938 0.0577846 0.0507627 0.0436149 0.0366159 0.029956 0.0237764 0.0181971 0.0133286 0.00926379 0.00605456 0.00368762
 0.00853637 0.0137142 0.0203674 0.0283737 0.037483 0.0472045 0.0567241 0.0650303 0.0712226 0.0747698 0.075561 0.073806 0.0699184 0.0644276 0.0578932 0.0508231 0.0436205 0.0365761 0.0298898 0.0237038 0.0181329 0.0132798 0.00923095 0.00603458 0.00367645
 0.00854425 0.0137298 0.0203954 0.0284179 0.0375428 0.047271 0.056779 0.0650514 0.0711942 0.0746937 0.075459 0.0737115 0.0698618 0.0644224 0.0579323 0.0508838 0.0436767 0.0366093 0.0298944 0.0236856 0.0181033 0.0132496 0.00920645 0.00601783 0.00366645
 0.00840221 0.0135308 0.0201552 0.0281716 0.0373355 0.0471422 0.0567485 0.0651141 0.0713238 0.074853 0.0756123 0.0738357 0.0699522 0.0644906 0.0579958 0.0509545 0.0437548 0.0366852 0.0299562 0.0237264 0.0181235 0.013255 0.00920436 0.00601359 0.00366283
 0.00805044 0.0130012 0.0194386 0.0272925 0.0363515 0.0461377 0.0558272 0.0643853 0.070881 0.0747469 0.0758354 0.0743274 0.0706224 0.0652477 0.0587665 0.0516905 0.0444277 0.0372783 0.0304588 0.0241329 0.0184348 0.0134795 0.0093562 0.00610981 0.00371979
 0.00808654 0.0130189 0.0193912 0.0271155 0.0359849 0.0455587 0.0550757 0.0635644 0.0701269 0.0741857 0.0755468 0.07433 0.0708799 0.0656886 0.0593078 0.0522582 0.0449685 0.0377612 0.0308696 0.0244673 0.0186942 0.0136697 0.00948695 0.00619345 0.00376935
 0.00885692 0.0141163 0.020753 0.028578 0.0373203 0.046541 0.0555416 0.0634474 0.0694639 0.0731052 0.0742411 0.0730098 0.0697224 0.064799 0.0587105 0.0519151 0.0448111 0.0377191 0.0308875 0.0245087 0.0187387 0.0137075 0.00951467 0.00621142 0.00377971
 0.00943516 0.015038 0.0220968 0.0303808 0.0395405 0.0490192 0.0579827 0.0654612 0.0706742 0.0732828 0.0733862 0.0713408 0.0675845 0.0625498 0.0566306 0.0501684 0.0434494 0.0367149 0.030174 0.0240129 0.0183988 0.0134779 0.00936322 0.00611531 0.00372189
 0.00935991 0.015014 0.0222431 0.0308697 0.0405541 0.0506744 0.0602576 0.0681581 0.0734401 0.0756826 0.0750098 0.0719146 0.067051 0.0610778 0.0545492 0.0478546 0.0412233 0.0347812 0.0286183 0.0228326 0.0175443 0.0128842 0.00896801 0.00586488 0.00357237
 0.00896513 0.0144222 0.0214526 0.0299315 0.0395828 0.0498505 0.0598112 0.06832 0.074358 0.0773337 0.0771626 0.0741757 0.0689851 0.0623473 0.0550116 0.0475792 0.0404317 0.0337476 0.0275791 0.0219376 0.0168538 0.0123951 0.0086451 0.00566477 0.00345594
 0.00864393 0.0138984 0.0206645 0.0288295 0.0381513 0.0481394 0.057966 0.066586 0.073043 0.0767317 0.0774614 0.0753825 0.0709019 0.0646157 0.057219 0.0493868 0.0416649 0.0344133 0.027812 0.0219165 0.0167312 0.0122653 0.00854761 0.00560454 0.00342362
 0.00857144 0.0137668 0.0204391 0.0284654 0.0375984 0.047356 0.0569376 0.0653481 0.0716982 0.0754536 0.0764736 0.074907 0.0710861 0.0654677 0.0585858 0.0509955 0.0432146 0.0356732 0.0286804 0.0224169 0.0169627 0.0123412 0.00855506 0.00559291 0.00341279
 0.00867964 0.0139201 0.0206266 0.0286584 0.0377525 0.0474166 0.0568479 0.0650573 0.0711758 0.074708 0.0755704 0.0739746 0.0702979 0.0649962 0.0585424 0.0513822 0.0439166 0.0365029 0.0294506 0.0230054 0.0173355 0.0125332 0.00863026 0.0056098 0.00340898
 0.00881805 0.0141269 0.0209028 0.0289902 0.0381114 0.0477615 0.0571274 0.0652145 0.0711566 0.0744741 0.0751137 0.0733283 0.0695407 0.0642458 0.0579325 0.0510243 0.0438595 0.0367121 0.0298233 0.0234156 0.0176835 0.0127729 0.00876517 0.00567044 0.00342892
 0.00882093 0.0141563 0.0209916 0.0291812 0.0384424 0.0482435 0.0577267 0.0658514 0.0717243 0.0748677 0.0752561 0.0731859 0.0691283 0.0636256 0.0572055 0.050312 0.0432746 0.0363264 0.0296477 0.0234042 0.0177612 0.01287 0.00884014 0.00571193 0.00344435
 0.00876086 0.0140696 0.0208834 0.0290682 0.0383549 0.0482237 0.0578214 0.0660973 0.0721266 0.0753841 0.0757978 0.0736404 0.0693962 0.0636525 0.0569978 0.0499315 0.0428176 0.0358933 0.029313 0.0231981 0.01767 0.0128541 0.00885715 0.00573299 0.0034576
 0.00866457 0.013921 0.0206752 0.0288008 0.0380385 0.047881 0.0574903 0.0658302 0.0719827 0.0754129 0.0760193 0.07403 0.0698839 0.0641408 0.0573926 0.0501739 0.0429006 0.0358567 0.0292206 0.0231088 0.0176178 0.0128439 0.00887453 0.00575933 0.00348012
 0.00870823 0.0139821 0.0207488 0.0288758 0.0381004 0.0479163 0.0574915 0.0657981 0.0719272 0.0753528 0.0759792 0.0740341 0.0699454 0.0642518 0.0575222 0.0502774 0.0429389 0.0358148 0.0291132 0.0229716 0.0174885 0.0127467 0.00881535 0.00573037 0.00346917
 0.00867154 0.0139255 0.020669 0.0287709 0.0379695 0.0477592 0.0573095 0.0655967 0.0717196 0.075161 0.0758322 0.0739615 0.0699696 0.0643796 0.0577392 0.0505492 0.0432191 0.036059 0.0292934 0.023083 0.0175457 0.012772 0.00882743 0.00573922 0.00347741
 0.00870731 0.0139717 0.0207164 0.0288038 0.0379701 0.0477143 0.0572161 0.0654624 0.0715586 0.0749895 0.0756659 0.0738168 0.0698645 0.0643319 0.0577608 0.0506397 0.0433623 0.0362263 0.0294535 0.0232123 0.0176349 0.0128253 0.00885596 0.00575405 0.00348579
 0.00873684 0.0140254 0.0208068 0.0289433 0.0381643 0.0479544 0.0574732 0.0656921 0.0717143 0.0750389 0.0756016 0.0736555 0.0696389 0.0640804 0.0575203 0.0504391 0.0432183 0.0361406 0.0294144 0.0232012 0.0176344 0.0128247 0.00885207 0.00574831 0.00348057
 0.00862597 0.0138606 0.0205882 0.0286834 0.0378868 0.0476907 0.0572575 0.0655544 0.0716717 0.0750885 0.0757205 0.0738102 0.0697982 0.064226 0.0576486 0.0505569 0.0433352 0.0362626 0.0295408 0.0233246 0.0177445 0.0129133 0.00891596 0.00578974 0.00350488
 0.00846395 0.0136008 0.0202054 0.0281599 0.0372208 0.0469062 0.0564132 0.0647412 0.0709959 0.0746441 0.0755639 0.073947 0.0701871 0.0647945 0.0583144 0.0512472 0.0439971 0.0368644 0.0300663 0.0237665 0.0181006 0.0131853 0.00911082 0.00591926 0.00358414
 0.00858716 0.0137748 0.0204177 0.0283798 0.0374047 0.0470083 0.0563969 0.0645882 0.0707124 0.0742635 0.0751429 0.0735534 0.069881 0.0646123 0.0582618 0.0513034 0.0441275 0.0370334 0.0302452 0.0239363 0.0182496 0.0133072 0.00920331 0.00598386 0.00362531
 0.00874976 0.0140379 0.0208091 0.0289187 0.0380904 0.0478065 0.0572302 0.0653428 0.0712642 0.0745159 0.0750566 0.0731554 0.0692524 0.0638621 0.0574976 0.0506087 0.0435503 0.0365875 0.0299209 0.0237122 0.0181022 0.0132152 0.00914924 0.00595412 0.00361004
 0.00895665 0.0143921 0.0213743 0.0297621 0.039264 0.0493171 0.0590101 0.067239 0.0730582 0.0759675 0.0759584 0.0733801 0.0687818 0.062789 0.0559987 0.0488974 0.0418273 0.0350057 0.0285716 0.0226306 0.0172824 0.0126268 0.00875032 0.00570001 0.00345903
 0.00879066 0.0141476 0.0210563 0.0294003 0.0389153 0.0490635 0.0589496 0.0674643 0.073623 0.0768524 0.0770552 0.0745109 0.069747 0.0634261 0.0562265 0.0487307 0.0413589 0.0343681 0.0278947 0.0220118 0.0167758 0.0122482 0.00848935 0.00553347 0.00336068
 0.00874723 0.0140491 0.0208585 0.0290498 0.0383702 0.0483229 0.0580784 0.0665956 0.0729301 0.0764991 0.0771452 0.0750524 0.0706454 0.0645078 0.0572892 0.0496021 0.0419415 0.0346521 0.0279397 0.0219093 0.0166133 0.0120873 0.00836121 0.00544549 0.0033071
 0.0088202 0.0141412 0.020946 0.0290886 0.0383008 0.0480836 0.0576238 0.0659184 0.0720801 0.0755916 0.0763449 0.0745313 0.0705257 0.0648162 0.0579455 0.0504485 0.0427983 0.0353752 0.0284549 0.0222146 0.016755 0.0121278 0.00835409 0.00542482 0.00328872
 0.00918526 0.0146927 0.0216956 0.0300138 0.0393434 0.0491529 0.0586004 0.0666647 0.0724648 0.0755274 0.0758238 0.0736397 0.0694283 0.0637102 0.0570016 0.0497614 0.0423705 0.0351387 0.0283164 0.0220993 0.0166278 0.0119893 0.00822235 0.00531721 0.00321263
 0.00942919 0.0150906 0.0222946 0.0308527 0.0404369 0.0504707 0.0600492 0.068089 0.0736744 0.0763423 0.0761183 0.0733705 0.0686443 0.0625429 0.0556356 0.0483902 0.041148 0.0341474 0.0275652 0.021548 0.0162221 0.0116857 0.0079954 0.00515383 0.00310312
 0.00929598 0.0149439 0.0222037 0.0309265 0.0407972 0.0512068 0.0611755 0.0695261 0.0752608 0.0778672 0.0773647 0.0741579 0.0688663 0.0621899 0.054796 0.047225 0.0398486 0.0328881 0.0264672 0.0206666 0.0155577 0.0112075 0.00766393 0.00493306 0.00296365
#obs surv len freq
 nan nan nan nan nan nan nan nan nan nan nan nan nan nan nan nan nan nan nan nan nan nan nan nan nan
 0.0044838 0.00734477 0.0111744 0.0159906 0.0216913 0.027967 0.0342813 0.0400128 0.0446926 0.0481566 0.0505146 0.0520106 0.052903 0.0534155 0.0537298 0.0539848 0.0542634 0.0545561 0.0546949 0.0542868 0.0527249 0.049357 0.0438067 0.0362866 0.0276701
 0.00461392 0.00755806 0.0114983 0.0164508 0.0223054 0.0287347 0.0351752 0.0409753 0.0456442 0.0490115 0.0511967 0.0524651 0.0531017 0.0533572 0.0534361 0.0534922 0.053615 0.0537942 0.0538582 0.053412 0.0518505 0.0485257 0.0430629 0.0356679 0.0271972
 0.00477717 0.00782504 0.0119031 0.0170261 0.0230764 0.0297088 0.0363306 0.0422562 0.0469657 0.0502731 0.0522976 0.0533162 0.0536354 0.0535341 0.0532484 0.0529617 0.0527865 0.0527267 0.0526174 0.0520679 0.0504778 0.0472046 0.0418727 0.0346743 0.0264365
 0.00496841 0.00813844 0.0123795 0.017705 0.0239887 0.0308645 0.0377065 0.0437908 0.048567 0.0518341 0.0537113 0.0544846 0.0544743 0.0539778 0.0532553 0.0525196 0.051915 0.0514754 0.0510621 0.0503057 0.048624 0.0453865 0.0402163 0.0332823 0.0253667
 0.00517918 0.00848271 0.0129008 0.0184454 0.0249813 0.0321213 0.0392057 0.045471 0.0503348 0.0535802 0.0553257 0.0558664 0.0555347 0.0546416 0.0534633 0.0522326 0.0511202 0.0501937 0.0493541 0.0482744 0.0464122 0.043165 0.0381599 0.0315368 0.024017
 0.0054048 0.00885326 0.0134654 0.0192523 0.0260683 0.0335015 0.0408521 0.0473122 0.052265 0.0554799 0.0570804 0.0573757 0.0567141 0.05542 0.0537805 0.0520404 0.0503867 0.0489141 0.0475643 0.0460651 0.0439342 0.0406184 0.0357624 0.0294773 0.0224116
 0.00564453 0.00924496 0.0140588 0.0200955 0.0271992 0.034934 0.0425612 0.0492278 0.0542805 0.0574717 0.0589271 0.0589702 0.0579684 0.0562639 0.0541582 0.051906 0.0497041 0.0476648 0.0457644 0.0437867 0.041321 0.0378807 0.0331443 0.0272009 0.020621
 0.00588367 0.00963715 0.0146554 0.0209466 0.0283442 0.0363864 0.0442933 0.0511654 0.0563139 0.0594765 0.0607839 0.0605754 0.0592366 0.0571268 0.0545613 0.051805 0.0490632 0.046461 0.0440029 0.0415243 0.0386879 0.0350833 0.030435 0.0248196 0.0187315
 0.0061282 0.0100375 0.0152631 0.0218115 0.0295052 0.0378562 0.0460429 0.0531184 0.0583569 0.0614807 0.0626265 0.0621521 0.0604652 0.0579458 0.054925 0.0516776 0.0484151 0.0452715 0.0422734 0.0393018 0.0360896 0.032304 0.0277226 0.0224174 0.016812
 0.00637034 0.010435 0.0158686 0.0226762 0.0306687 0.0393307 0.0477968 0.0550709 0.0603898 0.0634615 0.0644304 0.063675 0.0616277 0.0586919 0.0552173 0.0514909 0.0477307 0.0440774 0.0405743 0.0371409 0.0335727 0.0296108 0.0250869 0.0200737 0.014931
 0.00660645 0.0108233 0.0164612 0.0235243 0.0318122 0.0407823 0.0495252 0.0569951 0.0623901 0.0654029 0.0661851 0.0651367 0.0627175 0.0593572 0.055428 0.0512324 0.046997 0.0428686 0.0389039 0.0350535 0.0311669 0.0270508 0.0225865 0.0178497 0.0131431
 0.00681675 0.0111709 0.0169949 0.0242933 0.0328563 0.0421163 0.0511232 0.0587843 0.0642607 0.0672284 0.0678433 0.0665228 0.0637507 0.0599827 0.0556145 0.0509674 0.0462807 0.0417102 0.0373257 0.0331044 0.0289405 0.024696 0.0202947 0.0158144 0.011507
 0.00704094 0.0115341 0.0175392 0.0250571 0.0338675 0.0433811 0.0526138 0.0604339 0.065971 0.068887 0.0693407 0.0677645 0.0646632 0.0605151 0.0557378 0.0506709 0.0455674 0.0405944 0.0358355 0.0312917 0.0268951 0.022553 0.0182233 0.0139831 0.0100388
 0.00731384 0.011977 0.0182036 0.0259879 0.0350916 0.0448905 0.0543507 0.0622893 0.0678042 0.0705565 0.0707312 0.0687989 0.0652999 0.06074 0.0555555 0.0500973 0.0446249 0.0393108 0.0342473 0.0294541 0.0248936 0.0205093 0.0162844 0.0122918 0.00869581
 0.00742904 0.0121831 0.0185486 0.0265283 0.0358798 0.0459546 0.0556745 0.0638049 0.069402 0.0721077 0.0721114 0.0699054 0.0660612 0.0611187 0.0555436 0.0497083 0.043885 0.0382534 0.0329139 0.027901 0.0232008 0.0187844 0.0146533 0.0108739 0.0075732
 0.00751789 0.0123192 0.0187399 0.0267816 0.0362062 0.046375 0.0562187 0.064502 0.070263 0.0731087 0.0731873 0.0709587 0.0669833 0.0618122 0.0559391 0.0497697 0.0436068 0.0376538 0.0320298 0.0267876 0.0219345 0.017463 0.0133867 0.00976435 0.00669088
 0.00757084 0.0124022 0.0188587 0.0269389 0.0364011 0.046603 0.0564744 0.064784 0.0705805 0.0734828 0.0736425 0.0715048 0.0675977 0.0624347 0.0564836 0.0501474 0.0437476 0.0375201 0.0316204 0.0261351 0.0211019 0.016537 0.0124656 0.0089394 0.00602593
 0.00767483 0.0125595 0.0190734 0.0272066 0.0367099 0.0469358 0.0568102 0.0651005 0.0708579 0.0737109 0.0738266 0.0716659 0.0677631 0.0626228 0.0566881 0.0503314 0.0438525 0.0374848 0.0314026 0.0257262 0.0205314 0.0158671 0.0117766 0.0083095 0.00551185
 0.00771286 0.0126225 0.0191699 0.0273441 0.0368917 0.0471569 0.0570555 0.0653456 0.0710771 0.0738855 0.0739513 0.0717494 0.0678244 0.0626835 0.0567636 0.0504211 0.0439346 0.0375191 0.0313433 0.0255412 0.0202173 0.0154541 0.0113201 0.00787191 0.00514338
 0.00777883 0.0127207 0.0193011 0.0275037 0.0370719 0.0473499 0.0572544 0.0655438 0.0712649 0.07405 0.0740779 0.0718272 0.0678517 0.0626695 0.0567255 0.0503758 0.0438895 0.0374656 0.0312592 0.0254 0.0200036 0.0151746 0.0110041 0.00756104 0.00487557
 0.00782585 0.0127946 0.0194071 0.0276437 0.0372431 0.047543 0.0574535 0.0657289 0.071418 0.0741604 0.0741446 0.0718557 0.0678487 0.0626405 0.0566752 0.0503105 0.0438152 0.0373845 0.0311657 0.0252822 0.0198502 0.0149841 0.0107897 0.00734719 0.00468778
 0.0078636 0.0128526 0.0194882 0.0277483 0.0373692 0.0476863 0.0576071 0.0658829 0.0715596 0.0742766 0.0742249 0.0718953 0.0678492 0.0626084 0.0566191 0.0502382 0.0437327 0.0372951 0.031069 0.0251743 0.0197262 0.0148428 0.0106374 0.00719728 0.00455591
 0.00787371 0.012867 0.0195061 0.0277679 0.0373884 0.047704 0.0576241 0.0659019 0.0715846 0.074311 0.0742696 0.0719479 0.0679041 0.0626585 0.0566583 0.0502628 0.0437414 0.0372879 0.0310457 0.0251338 0.0196674 0.0147665 0.0105488 0.00710592 0.00447267
 0.00787767 0.0128697 0.0195033 0.0277537 0.0373567 0.0476516 0.0575534 0.0658212 0.0715069 0.0742502 0.0742382 0.0719528 0.0679459 0.062731 0.0567501 0.0503606 0.0438328 0.0373635 0.0310997 0.0251633 0.0196717 0.0147478 0.0105124 0.00705982 0.00442605
 0.00787905 0.0128678 0.0194928 0.0277269 0.0373055 0.0475703 0.057442 0.0656868 0.0713632 0.0741154 0.0741311 0.07189 0.0679372 0.0627781 0.0568456 0.0504898 0.0439776 0.037506 0.0312252 0.0252619 0.0197391 0.0147843 0.010523 0.00705224 0.00440916
 0.00790201 0.0129009 0.0195344 0.027772 0.037346 0.0475966 0.0574439 0.0656563 0.0712964 0.0740158 0.0740099 0.0717649 0.0678286 0.0627035 0.0568156 0.0505059 0.0440322 0.0375853 0.0313127 0.0253429 0.019803 0.0148265 0.010544 0.00705688 0.00440388
 0.00789323 0.0128878 0.0195168 0.0277502 0.0373205 0.0475671 0.0574091 0.0656142 0.0712452 0.0739548 0.0739414 0.0716943 0.0677645 0.0626566 0.0567961 0.0505206 0.0440819 0.0376638 0.0314081 0.0254409 0.0198904 0.0148947 0.01059 0.00708285 0.00441514
 0.00788576 0.012874 0.0194932 0.027713 0.0372669 0.0474975 0.0573283 0.0655307 0.0711686 0.0738923 0.0738957 0.0716642 0.0677479 0.0626523 0.0568057 0.0505476 0.0441294 0.0377319 0.0314925 0.0255325 0.0199784 0.0149695 0.0106462 0.00711981 0.00443605
 0.00784517 0.0128088 0.0193968 0.0275802 0.0370958 0.0472918 0.0570995 0.0652986 0.0709582 0.0737283 0.0737967 0.0716387 0.0677928 0.0627557 0.0569511 0.0507185 0.0443128 0.0379185 0.0316749 0.0257035 0.0201304 0.0150957 0.0107426 0.00718687 0.00447803
 0.00785639 0.0128171 0.0193909 0.0275437 0.0370119 0.0471497 0.0569013 0.0650602 0.070706 0.0734923 0.0736043 0.0715105 0.0677402 0.06278 0.0570438 0.0508641 0.0444923 0.0381138 0.0318706 0.0258878 0.020294 0.015232 0.0108483 0.00726207 0.00452673
 0.00783454 0.0127875 0.0193565 0.0275095 0.0369804 0.0471173 0.0568561 0.0649856 0.0705894 0.0733339 0.0734205 0.0713299 0.0675941 0.0626929 0.0570279 0.050918 0.0446042 0.0382654 0.0320419 0.0260603 0.0204533 0.0153679 0.0109553 0.00733964 0.00457802
 0.00778626 0.0127065 0.0192309 0.0273288 0.0367408 0.0468274 0.0565402 0.0646802 0.0703311 0.0731471 0.0733112 0.0712908 0.0676146 0.0627667 0.0571535 0.0510945 0.0448259 0.0385194 0.0323099 0.026322 0.0206904 0.0155674 0.0111109 0.00745148 0.00465173
 0.007774 0.0126816 0.0191839 0.0272474 0.0366122 0.0466426 0.0562996 0.0643967 0.0700308 0.0728642 0.073081 0.0711396 0.0675538 0.0627928 0.0572537 0.0512535 0.0450298 0.0387551 0.0325627 0.026575 0.020926 0.0157707 0.0112727 0.00756978 0.00473074
 0.00775141 0.0126476 0.0191376 0.0271885 0.0365398 0.0465539 0.0561887 0.0642573 0.06986 0.0726676 0.0728746 0.0709484 0.0674058 0.0627107 0.0572488 0.0513244 0.0451649 0.0389376 0.032774 0.0267963 0.0211393 0.0159602 0.0114275 0.00768549 0.00480948
 0.00930663 0.014821 0.0217532 0.0298649 0.038802 0.0480112 0.0566749 0.0638541 0.0688104 0.0712517 0.0713216 0.0694085 0.0659646 0.0614149 0.0561243 0.0503836 0.0444085 0.0383553 0.0323471 0.0265006 0.0209481 0.015847 0.0113676 0.00765833 0.0047999
 0.00930798 0.0151093 0.0226911 0.0318994 0.0422691 0.0528716 0.062348 0.069313 0.0729475 0.0733162 0.0711666 0.0674303 0.06283 0.0577764 0.0524613 0.0469791 0.0413994 0.0357921 0.0302343 0.0248175 0.0196581 0.014902 0.0107112 0.00722966 0.004539
 0.00897427 0.0145897 0.0219728 0.0310407 0.0414486 0.052419 0.0627008 0.070858 0.0757834 0.077081 0.0750862 0.0706102 0.0646261 0.0580168 0.0514115 0.0451297 0.0392386 0.0336759 0.0283641 0.0232771 0.0184594 0.0140181 0.0100957 0.00682755 0.00429442
 0.00879888 0.0142917 0.0215017 0.0303464 0.0405018 0.0512471 0.0614305 0.0697395 0.0751638 0.0773049 0.0763404 0.0727844 0.0672893 0.0605579 0.0532842 0.0460574 0.0392666 0.0330698 0.0274506 0.0223222 0.0176231 0.0133658 0.00963091 0.00652214 0.00410917
 0.00872418 0.0141656 0.021302 0.0300465 0.0400727 0.0506643 0.0606862 0.0688621 0.0742392 0.0764907 0.0758531 0.0728425 0.0680157 0.0618892 0.0549517 0.0476761 0.0404917 0.0337278 0.0275715 0.0220737 0.0172067 0.0129393 0.00928072 0.00627399 0.00395278
 0.00869442 0.0141157 0.0212238 0.0299299 0.0399061 0.0504348 0.0603818 0.0684739 0.0737675 0.0759558 0.0753101 0.0723912 0.0677895 0.062012 0.0554733 0.0485227 0.0414732 0.0346119 0.028182 0.0223533 0.0172124 0.0127859 0.009079 0.00609515 0.00382469
 0.00868009 0.014089 0.0211772 0.0298543 0.0397926 0.0502778 0.060181 0.0682343 0.0734962 0.0756599 0.0749983 0.0720823 0.0675231 0.061852 0.0554927 0.0487693 0.0419326 0.0351955 0.0287565 0.0227987 0.0174701 0.0128701 0.00904962 0.00601883 0.00374814
 0.00867962 0.0140884 0.0211764 0.0298523 0.0397866 0.0502622 0.0601473 0.0681726 0.0733983 0.0755218 0.0748226 0.0718778 0.0673066 0.0616506 0.0553457 0.0487216 0.0420169 0.0354106 0.0290578 0.0231117 0.0177235 0.0130255 0.0091103 0.00601577 0.00371744
 0.00870129 0.0141227 0.0212259 0.0299185 0.0398687 0.0503562 0.0602444 0.0682594 0.0734579 0.0755374 0.0747816 0.0717752 0.0671477 0.061452 0.0551346 0.0485335 0.0418884 0.0353674 0.0291023 0.0232189 0.0178507 0.013132 0.00917402 0.00603743 0.00371193
 0.00865727 0.0140613 0.0211523 0.029844 0.0398079 0.0503218 0.0602433 0.0682906 0.073514 0.0756064 0.0748487 0.0718255 0.0671684 0.0614363 0.0550849 0.0484629 0.0418187 0.0353229 0.0291002 0.023261 0.0179225 0.0132097 0.00923672 0.00607538 0.00372731
 0.00864288 0.0140318 0.0210976 0.0297529 0.0396737 0.0501491 0.0600525 0.0681148 0.0733883 0.0755544 0.0748743 0.0719135 0.067292 0.0615671 0.0552004 0.0485516 0.0418811 0.0353692 0.0291447 0.0233145 0.0179867 0.0132773 0.0092967 0.00611942 0.00375355
 0.00864324 0.0140314 0.0210945 0.0297437 0.0396524 0.0501078 0.0599831 0.0680136 0.0732608 0.0754181 0.0747553 0.0718375 0.0672739 0.0616048 0.0552778 0.0486461 0.0419734 0.035449 0.0292114 0.0233729 0.0180417 0.0133298 0.00934336 0.00615615 0.00377835
 0.0086283 0.0140099 0.0210673 0.0297131 0.0396215 0.0500783 0.0599545 0.0679821 0.0732212 0.075366 0.0746911 0.071769 0.0672151 0.0615716 0.0552803 0.0486842 0.0420374 0.0355248 0.0292868 0.0234413 0.0181011 0.0133804 0.00938521 0.00618851 0.00380094
 0.00862692 0.0140052 0.021056 0.0296912 0.0395857 0.0500288 0.0598958 0.0679226 0.0731692 0.0753264 0.0746634 0.0717487 0.0671986 0.0615589 0.0552765 0.048696 0.0420687 0.0355739 0.0293469 0.023504 0.0181597 0.0134307 0.00942565 0.00621886 0.00382194
 0.00862501 0.0140054 0.0210619 0.0297074 0.0396156 0.0500715 0.0599446 0.0679663 0.0731965 0.0753305 0.0746443 0.0717115 0.0671501 0.0615053 0.0552232 0.0486483 0.0420323 0.0355531 0.0293428 0.0235141 0.0181787 0.0134531 0.00944698 0.00623655 0.00383499
 0.00862501 0.0140054 0.0210619 0.0297074 0.0396156 0.0500715 0.0599446 0.0679663 0.0731965 0.0753305 0.0746443 0.0717115 0.0671501 0.0615053 0.0552232 0.0486483 0.0420323 0.0355531 0.0293428 0.0235141 0.0181787 0.0134531 0.00944698 0.00623655 0.00383499
 0.00856001 0.0139031 0.0209151 0.0295133 0.0393787 0.0498062 0.0596762 0.0677278 0.0730203 0.0752384 0.0746414 0.0717875 0.0672854 0.0616781 0.055414 0.048842 0.0422184 0.0357255 0.0294983 0.0236507 0.0182949 0.0135476 0.00951943 0.00628831 0.00386912
 0.0086397 0.0140226 0.0210757 0.0297083 0.0395934 0.0500196 0.0598637 0.0678646 0.0730875 0.0752285 0.0745609 0.0716538 0.0671206 0.0615026 0.0552431 0.0486859 0.0420829 0.0356137 0.029411 0.0235873 0.0182527 0.0135227 0.009507 0.00628368 0.00386849
 0.0088095 0.0142975 0.0214855 0.030275 0.0403209 0.0508802 0.0607882 0.0687473 0.0738085 0.0756874 0.0747038 0.071482 0.0666822 0.0608739 0.0545086 0.0479225 0.0413509 0.0349539 0.0288467 0.0231275 0.0178964 0.013261 0.00932601 0.00616664 0.00379824
 0.00901859 0.0146463 0.0220254 0.0310549 0.0413719 0.052192 0.0622887 0.0702992 0.0752326 0.0768037 0.0753717 0.0716288 0.0663113 0.0600581 0.053369 0.0466014 0.0399844 0.0336526 0.0276876 0.0221539 0.0171228 0.0126804 0.00891615 0.00589617 0.00363259
 0.00887132 0.0144347 0.0217608 0.030772 0.0411267 0.0520553 0.0623339 0.0705856 0.0757834 0.0775857 0.0762905 0.072545 0.0670773 0.0605578 0.0535461 0.0464668 0.0396034 0.0331198 0.0270999 0.0215908 0.0166368 0.0122962 0.00863621 0.00570792 0.00351605
 0.00876991 0.0142495 0.0214473 0.0302838 0.0404369 0.0511848 0.0613728 0.0696877 0.0751286 0.0773233 0.0764912 0.0731803 0.0680297 0.0616552 0.0546084 0.0473491 0.0402257 0.0334722 0.0272274 0.0215658 0.0165329 0.0121706 0.00852367 0.00562314 0.00346009
 0.00884061 0.0143457 0.0215555 0.0303746 0.0404665 0.0511026 0.0611345 0.0692742 0.0745652 0.0766915 0.0759176 0.0728007 0.0679406 0.0618766 0.0550768 0.0479432 0.0408107 0.0339429 0.0275328 0.0217094 0.0165549 0.0121234 0.00845244 0.00555657 0.00341052
 0.00891985 0.0144792 0.0217634 0.0306735 0.0408596 0.0515665 0.06161 0.0696709 0.0747852 0.0766634 0.0756279 0.0723059 0.0673534 0.0613295 0.0546766 0.0477361 0.0407743 0.0340074 0.0276179 0.0217577 0.0165457 0.0120675 0.00837511 0.00548167 0.00335195
 0.00895546 0.0145416 0.0218659 0.0308321 0.04109 0.0518782 0.0619983 0.0701098 0.075224 0.0770318 0.0758501 0.0723243 0.0671525 0.0609485 0.0542 0.0472644 0.040387 0.0337385 0.0274545 0.0216603 0.0164741 0.0119984 0.00830443 0.00541619 0.00329944
 0.00900863 0.0146285 0.0219974 0.0310185 0.0413389 0.052191 0.0623668 0.0705144 0.075635 0.0774118 0.0761563 0.0725119 0.0671827 0.060801 0.0538864 0.0468321 0.0399074 0.0332837 0.027074 0.0213705 0.0162647 0.011848 0.00819411 0.00533478 0.00324153
#pred catch len freq
 0.0034804 0.00557596 0.00827402 0.0115763 0.0155064 0.0200786 0.0252325 0.0307998 0.0365301 0.0421419 0.0473683 0.0519941 0.0558839 0.0589827 0.0612842 0.0627884 0.063475 0.063292 0.0621434 0.0598641 0.0562128 0.0509461 0.0440016 0.0357097 0.0268577
 0.00379263 0.00601084 0.0087981 0.0121238 0.0160115 0.0205179 0.0256471 0.0312709 0.0371155 0.0428117 0.0479844 0.0523525 0.0558006 0.0583792 0.0602327 0.0614983 0.062225 0.0623328 0.0616083 0.0597282 0.0563225 0.0511034 0.0440581 0.0356171 0.026657
 0.00392633 0.0062592 0.00922402 0.0127915 0.0169556 0.0217068 0.0269658 0.032551 0.0382047 0.0436379 0.0485609 0.052719 0.0559485 0.0582295 0.0596882 0.0605308 0.0609311 0.0609158 0.0602958 0.058676 0.0555628 0.0505642 0.043632 0.0352297 0.0262929
 0.00408632 0.00650767 0.00958186 0.0132849 0.0176275 0.0226225 0.0281963 0.0341286 0.0400689 0.0456103 0.0503832 0.0541401 0.056807 0.0584751 0.059344 0.0596479 0.059582 0.0592187 0.0584247 0.0568267 0.0538926 0.049152 0.0424843 0.0343182 0.0255887
 0.00426976 0.00679692 0.0100008 0.0138512 0.0183528 0.0235141 0.0292611 0.0353772 0.0415145 0.0472518 0.0521686 0.0559335 0.0583917 0.0596071 0.0598287 0.0593948 0.0586135 0.0576491 0.0564323 0.0546261 0.0517 0.0471458 0.0407789 0.0329617 0.0245778
 0.00449284 0.00714552 0.0105004 0.0145192 0.0191999 0.0245444 0.0304684 0.03674 0.042995 0.0488012 0.0537341 0.0574568 0.0597935 0.0607684 0.0605901 0.0595884 0.058118 0.0564392 0.0545979 0.0523565 0.0492415 0.0447492 0.0386496 0.0312278 0.0232822
 0.00474956 0.00755196 0.0110925 0.0153253 0.0202385 0.0258201 0.0319642 0.0384109 0.0447686 0.0505862 0.0554331 0.0589791 0.0610622 0.0617176 0.0611506 0.0596751 0.0576354 0.0553147 0.0528298 0.0500485 0.0466018 0.0420485 0.0361555 0.029141 0.0216993
 0.0050343 0.00800195 0.0117473 0.0162176 0.0213936 0.0272531 0.0336703 0.0403529 0.0468682 0.0527254 0.0574674 0.0607598 0.0624619 0.0626466 0.0615575 0.0595309 0.0569152 0.0539948 0.0509114 0.0475978 0.0437803 0.0391052 0.0333741 0.0267645 0.0198677
 0.00530318 0.00842845 0.0123709 0.017072 0.0225061 0.0286414 0.0353338 0.0422627 0.0489599 0.0548981 0.0595892 0.0626796 0.0640286 0.0637309 0.062069 0.0594219 0.0561725 0.0526279 0.0489532 0.045125 0.0409405 0.0361244 0.0305243 0.0242961 0.0179404
 0.00558023 0.00886682 0.0130098 0.0179438 0.0236366 0.0300461 0.0370104 0.0441799 0.0510515 0.0570631 0.0616991 0.064591 0.0655987 0.0648333 0.0626057 0.0593308 0.0554281 0.0512397 0.0469664 0.0426308 0.0380916 0.0331404 0.0276657 0.0218071 0.0159834
 0.00591488 0.00938639 0.0137477 0.0189192 0.0248571 0.0315109 0.0387062 0.0460727 0.0530781 0.0591297 0.0636868 0.066368 0.0670354 0.0658167 0.0630493 0.059178 0.0546528 0.0498469 0.0449983 0.0401775 0.0353039 0.0302303 0.0248816 0.0193809 0.0140708
