SBPRF35
12.7214
Curr Bio
631856
B35
864064
F35
0.172516
FOFL
0.130052
OFL
71482.8
Bzero
3.63469e+06
#pred survey bio
 3.49097e+06 3.38261e+06 3.27553e+06 3.13933e+06 2.93815e+06 2.71008e+06 2.46216e+06 2.22766e+06 2.00133e+06 1.76183e+06 1.58068e+06 1.4009e+06 1.23431e+06 1.09138e+06 953826 855656 778933 719756 653770 632397 617396 598163 573323 556613 541137 540607 547220 548720 539117 534865 542389 544471 556089 560950 569067 578200 591220 603313 613697 631233 628286 637241 642290 644790 643407 637431 641273 636035 621876 605175 591411 636979 2.33476e+07 1.42306e+07 1.48004e+07 1.60316e+07 1.76826e+07 1.94723e+07 2.11937e+07 2.27268e+07 2.40227e+07 2.50787e+07 2.59172e+07 2.65711e+07 2.70748e+07 2.74596e+07 2.77522e+07 2.79744e+07 2.8143e+07 2.82713e+07 2.83692e+07 2.84441e+07 2.85017e+07 2.85463e+07 2.85809e+07 2.86079e+07 2.86291e+07 2.86459e+07 2.86591e+07 2.86695e+07 2.86779e+07 2.86845e+07 2.86899e+07 2.86942e+07 2.86976e+07 2.87004e+07 2.87027e+07 2.87046e+07 2.87061e+07 2.87073e+07 2.87083e+07 2.87091e+07 2.87097e+07 2.87103e+07 2.87107e+07 2.87111e+07 2.87114e+07 2.87116e+07 2.87118e+07 2.87119e+07 2.87121e+07 2.87122e+07 2.87123e+07 2.87123e+07 2.87124e+07 2.87125e+07 2.87125e+07 2.87125e+07 2.87125e+07 2.87126e+07 2.87126e+07 2.87126e+07 2.87126e+07 2.87126e+07 2.87126e+07 2.87126e+07 2.87126e+07 2.87126e+07 2.87127e+07 2.87127e+07 2.87127e+07 2.87127e+07 2.87127e+07 2.87127e+07 2.87127e+07 2.87127e+07 2.87127e+07 2.87127e+07 2.87127e+07 2.87127e+07 2.87127e+07 2.87127e+07 2.87127e+07 2.87127e+07 2.87127e+07 2.87127e+07 2.87127e+07 2.87127e+07 2.87127e+07 2.87127e+07 2.87127e+07 2.87127e+07 2.87127e+07 2.87127e+07 2.87127e+07 2.87127e+07 2.87127e+07 2.87127e+07 2.87127e+07 2.87127e+07 2.87127e+07 2.87127e+07 0 0 0 0 0 0 0 0 0 0 0 0 0 0 0 0 0 0 0 0 0 0 0 0 0
#obs survey bio
 2.64509e+06 3.49882e+06 3.75574e+06 3.05498e+06 2.88733e+06 1.85458e+06 2.84610e+06 2.1775e+06 2.26208e+06 1.47414e+06 1.40315e+06 1.32424e+06 1.23216e+06 973844 1.16286e+06 681366 734054 690133 482649 464030 600669 788405 623911 602049 522391 857629 636738 544252 544306 448560 524686 564711 484919 501835 462641 679849 570304 755000 537632 646017 682828 593389 792316 833501 703800 798368 918172 687324 685770 448245 674855 588806
#pred catch bio
 101804 105851 141348 211990 250415 283962 287298 294037 317451 274167 280127 272620 253528 248642 213558 194633 178273 180774 140396 134616 136045 136456 125136 120751 106133 99299.3 102744 110340 104049 93944.4 99262.2 92272.4 98891.3 96377.5 95823.5 93000.7 94544.6 96988.9 92585.4 110931 101127 105316 107735 110501 113064 103346 109430 114336 113727 109249 59755.3 75087 71482.8 94311.5 96706.2 103545 113939 125449 136465 146145 154177 160569 165503 169221 171974 173983 175433 176470 177207 177727 178093 178349 178528 178652 178739 178799 178840 178869 178889 178903 178912 178919 178923 178926 178928 178930 178931 178931 178932 178932 178932 178933 178933 178933 178933 178933 178933 178933 178933 178933 178933 178933 178933 178933 178933 178933 178933 178933 178933 178933 178933 178933 178933 178933 178933 178933 178933 178933 178933 178933 178933 178933 178933 178933 178933 178933 178933 178933 178933 178933 178933 178933 178933 178933 178933 178933 178933 178933 178933 178933 178933 178933 178933 178933 178933 178933 178933 178933 178933 178933 178933 178933 0 0 0 0 0 0 0 0 0 0 0 0 0 0 0 0 0 0 0 0 0 0 0 0 0
#obs catch bio
 0 105690 141225 212663 250705 284989 288181 295380 319310 274523 280664 273721 253970 248713 212884 195572 179355 182557 141279 136555 138158 137770 125497 120919 106598 99295.6 102613 110259 103646 93620.8 99073.8 92220.2 99354.9 96548.1 96090.9 92954.3 94433.9 96767.3 92361.9 111378 100958 105506 107831 110701 113336 103115 109224 113741 112946 109466 59270.7 75183.5
#pred cpue bio
 3.44558e+06 3.33861e+06 3.23155e+06 3.09499e+06 2.89435e+06 2.66684e+06 2.41961e+06 2.18585e+06 1.96056e+06 1.72265e+06 1.54256e+06 1.364e+06 1.19885e+06 1.05736e+06 921313 823998 748033 689839 625339 604281 589667 571449 547968 532178 517296 516992 523804 525587 516439 512378 519674 521558 532800 537658 545762 554846 567707 579558 589583 606539 603619 612352 617255 619781 618655 613089 617178 612478 598964 582733 569190 613997 2.25443e+07 1.37514e+07 1.4147e+07 1.52057e+07 1.68061e+07 1.85858e+07 2.03055e+07 2.18384e+07 2.31342e+07 2.41902e+07 2.50287e+07 2.56826e+07 2.61863e+07 2.65711e+07 2.68637e+07 2.70859e+07 2.72546e+07 2.73828e+07 2.74807e+07 2.75556e+07 2.76133e+07 2.76578e+07 2.76924e+07 2.77194e+07 2.77407e+07 2.77574e+07 2.77706e+07 2.7781e+07 2.77894e+07 2.7796e+07 2.78014e+07 2.78057e+07 2.78091e+07 2.7812e+07 2.78142e+07 2.78161e+07 2.78176e+07 2.78188e+07 2.78198e+07 2.78206e+07 2.78212e+07 2.78218e+07 2.78222e+07 2.78226e+07 2.78229e+07 2.78231e+07 2.78233e+07 2.78235e+07 2.78236e+07 2.78237e+07 2.78238e+07 2.78239e+07 2.78239e+07 2.7824e+07 2.7824e+07 2.7824e+07 2.78241e+07 2.78241e+07 2.78241e+07 2.78241e+07 2.78241e+07 2.78241e+07 2.78241e+07 2.78242e+07 2.78242e+07 2.78242e+07 2.78242e+07 2.78242e+07 2.78242e+07 2.78242e+07 2.78242e+07 2.78242e+07 2.78242e+07 2.78242e+07 2.78242e+07 2.78242e+07 2.78242e+07 2.78242e+07 2.78242e+07 2.78242e+07 2.78242e+07 2.78242e+07 2.78242e+07 2.78242e+07 2.78242e+07 2.78242e+07 2.78242e+07 2.78242e+07 2.78242e+07 2.78242e+07 2.78242e+07 2.78242e+07 2.78242e+07 2.78242e+07 2.78242e+07 2.78242e+07 2.78242e+07 2.78242e+07 2.78242e+07 2.78242e+07 0 0 0 0 0 0 0 0 0 0 0 0 0 0 0 0 0 0 0 0 0 0 0 0 0
#obs cpue bio
 3.26394e+06 3.58506e+06 3.29887e+06 2.38375e+06 3.33977e+06 3.03708e+06 1.98828e+06 1.83406e+06 1.8978e+06 2.21855e+06 1.86032e+06 1.21567e+06 1.2841e+06 1.38604e+06 861992 656484 651324 632556 686516 454742 487621 542007 622020 550615 387471 412829 509150 564349 634630 567902 574673 400421 460177 668300 613010 577571 640331 547911 579048 478443 675159 539018 524556 442499 566507 604491 471613 774322 660773 583890 583148 511117
#pred surv len freq
 0.00427289 0.00703409 0.0107674 0.0155131 0.0211872 0.0274887 0.0338825 0.0397443 0.0446003 0.0482781 0.050876 0.0526208 0.053745 0.0544302 0.0547995 0.0549282 0.0548637 0.0546281 0.0541786 0.0533191 0.0516305 0.0485331 0.0435473 0.0366511 0.0284804
 0.00457687 0.00743905 0.0112153 0.0159036 0.0214161 0.0275034 0.0337163 0.0395028 0.0444011 0.0481845 0.0508676 0.0526193 0.0536731 0.0542651 0.0545901 0.0547715 0.0548532 0.0548011 0.054485 0.0536331 0.0518027 0.0484601 0.0432204 0.0361547 0.0279439
 0.00466534 0.0076397 0.0116149 0.0165984 0.0224649 0.0288673 0.0352278 0.0409017 0.045436 0.0487196 0.0509233 0.0523233 0.0531685 0.0536473 0.0539051 0.0540532 0.0541511 0.0541707 0.0539521 0.0531662 0.051324 0.0478928 0.042541 0.0354123 0.0272335
 0.00476801 0.00779749 0.0118407 0.0169121 0.0229049 0.0294969 0.0361201 0.0420962 0.0468829 0.0502524 0.0522943 0.053295 0.0536071 0.0535569 0.0533919 0.053259 0.0532049 0.0531709 0.0529633 0.052215 0.0504013 0.0469747 0.041622 0.0345267 0.0264454
 0.00495824 0.0081049 0.0122989 0.0175486 0.0237343 0.0305135 0.0372953 0.043387 0.048246 0.051648 0.0536662 0.0545423 0.054579 0.0540926 0.053385 0.0527026 0.0521873 0.0518328 0.0514473 0.0506335 0.0488291 0.0454618 0.0402144 0.0332787 0.0254128
 0.00517022 0.00845271 0.0128282 0.0183035 0.0247482 0.0317944 0.038811 0.0450602 0.0499683 0.053306 0.0551657 0.0558151 0.0555683 0.0547316 0.0535898 0.0523943 0.0513317 0.0504689 0.0496841 0.0486199 0.0467198 0.0433976 0.0383162 0.0316449 0.0241096
 0.00539676 0.00882578 0.0133988 0.0191229 0.0258586 0.0332137 0.0405159 0.0469785 0.0519858 0.0552863 0.0569731 0.0573334 0.0567111 0.055441 0.0538244 0.0521168 0.05051 0.0490963 0.0478066 0.0463501 0.0442279 0.0408836 0.0359759 0.029637 0.0225296
 0.00558978 0.00914764 0.0138987 0.0198532 0.0268662 0.0345251 0.0421213 0.0488234 0.0539765 0.0573038 0.0588894 0.0590236 0.0580639 0.0563657 0.0542549 0.0520083 0.0498344 0.0478451 0.0460061 0.044084 0.0416499 0.0382065 0.0334341 0.0274344 0.020794
 0.0057691 0.00944624 0.0143619 0.0205293 0.0277992 0.0357416 0.0436161 0.0505519 0.0558585 0.0592363 0.0607594 0.0607183 0.0594766 0.057401 0.0548321 0.0520635 0.0493225 0.0467444 0.0443302 0.0419013 0.0391006 0.0355011 0.0308207 0.0251422 0.0189758
 0.00607143 0.00992635 0.0150636 0.0214869 0.0290329 0.03725 0.0453667 0.052476 0.0578574 0.0611969 0.0625704 0.0622808 0.0607083 0.0582352 0.0552142 0.0519472 0.0486689 0.0455279 0.0425538 0.0396197 0.0364421 0.0326705 0.0280713 0.0227174 0.0170439
 0.00629915 0.0102992 0.0156293 0.0222902 0.0301058 0.0385971 0.0469517 0.0542203 0.0596558 0.0629417 0.0641697 0.0636629 0.0618158 0.0590174 0.055622 0.051932 0.0481843 0.0445367 0.0410435 0.037625 0.0340682 0.0301001 0.0255405 0.0204608 0.0152309
 0.0065159 0.0106632 0.0161984 0.0231251 0.0312568 0.0400827 0.0487376 0.0562119 0.0617125 0.0649061 0.0658992 0.0650508 0.0627991 0.0595713 0.0557448 0.0516277 0.0474503 0.0433628 0.039426 0.0355927 0.0317094 0.0275758 0.0230662 0.0182561 0.0134575
 0.00676112 0.0110595 0.0167912 0.0239571 0.0323621 0.0414767 0.0504027 0.0580876 0.0636954 0.0668619 0.0676814 0.0665224 0.0638532 0.0601446 0.0558197 0.05122 0.0465904 0.0420813 0.0377523 0.0335714 0.0294258 0.0251721 0.0207315 0.0161847 0.0117938
 0.00703014 0.0114901 0.0174266 0.0248324 0.0334979 0.0428686 0.0520117 0.0598375 0.0654839 0.068579 0.0692237 0.0677986 0.0647848 0.0606685 0.0558946 0.0508319 0.0457521 0.0408252 0.0361251 0.0316372 0.0272782 0.022945 0.0185918 0.0142996 0.0102858
 0.00741369 0.0120984 0.0183127 0.0260331 0.0350243 0.0446933 0.054056 0.0619707 0.0675434 0.0704041 0.0706875 0.0688225 0.0653362 0.0607479 0.0555213 0.0500335 0.044561 0.0392804 0.0342767 0.0295544 0.0250578 0.0207154 0.0165025 0.0124932 0.00886002
 0.00764909 0.0124888 0.0189137 0.0268993 0.0361956 0.0461745 0.0557974 0.0638645 0.0694411 0.0721491 0.072144 0.0698931 0.0659657 0.06092 0.0552495 0.0493509 0.0435099 0.0379074 0.0326349 0.0277113 0.023104 0.0187672 0.0146907 0.010938 0.00764034
 0.00772195 0.0126297 0.019168 0.027325 0.036852 0.0471031 0.057001 0.0652967 0.0710094 0.0737294 0.073601 0.0711006 0.0668245 0.0613693 0.0552699 0.0489574 0.0427413 0.036816 0.0312823 0.0261696 0.0214617 0.01713 0.0131727 0.00964035 0.00662707
 0.00775778 0.012688 0.0192577 0.0274595 0.0370526 0.0474016 0.0574374 0.0659086 0.0718151 0.0747108 0.0746954 0.0722073 0.0678242 0.0621491 0.0557437 0.0490771 0.0424981 0.0362346 0.0304128 0.0250823 0.0202438 0.015882 0.011998 0.00862831 0.00583393
 0.00808469 0.0131779 0.0199171 0.028266 0.0379604 0.0483528 0.058372 0.0667719 0.0725657 0.0753272 0.075176 0.0725605 0.0680536 0.0622424 0.0556732 0.0488103 0.0420112 0.0355241 0.0295008 0.0240166 0.0190945 0.0147339 0.0109384 0.00772992 0.00513912
 0.00805423 0.013152 0.0199204 0.0283323 0.0381199 0.0486139 0.0587103 0.0671371 0.0729055 0.0756141 0.0754191 0.0727948 0.0683138 0.0625386 0.0559802 0.0490734 0.0421636 0.0355086 0.029287 0.0236102 0.0185368 0.014093 0.0102933 0.00715198 0.00467598
 0.0078379 0.0128369 0.0195158 0.0278747 0.0376682 0.0482376 0.0584753 0.067091 0.0730639 0.0759532 0.0758827 0.0733159 0.0688394 0.0630416 0.0564511 0.0495019 0.0425251 0.0357643 0.0293984 0.0235567 0.0183284 0.0137705 0.00991747 0.00678548 0.00436645
 0.00770448 0.012618 0.0191851 0.0274131 0.0370757 0.0475482 0.0577664 0.0664746 0.0726568 0.0758377 0.0760783 0.0737769 0.0694769 0.0637568 0.0571622 0.0501551 0.0430891 0.0362176 0.0297215 0.0237351 0.0183619 0.0136809 0.00974659 0.00658365 0.00417759
 0.00778009 0.0127132 0.0192764 0.0274599 0.0370292 0.0473679 0.057437 0.0660171 0.0721295 0.0753271 0.0756795 0.0735677 0.0694942 0.063986 0.0575464 0.0506179 0.0435575 0.0366356 0.0300522 0.0239577 0.0184708 0.013687 0.00967639 0.00647292 0.00406095
 0.00787921 0.0128589 0.0194655 0.027675 0.0372382 0.0475262 0.0574928 0.0659231 0.0718599 0.074895 0.0751443 0.0730241 0.0690461 0.0637145 0.0574866 0.0507531 0.0438312 0.0369738 0.0303849 0.0242329 0.0186602 0.0137855 0.00969789 0.00644312 0.00400802
 0.00792403 0.0129384 0.0195962 0.0278736 0.0375135 0.0478682 0.0578646 0.0662618 0.0720907 0.0749537 0.0749992 0.0726893 0.0685805 0.0632076 0.0570332 0.0504258 0.0436614 0.0369481 0.0304579 0.0243479 0.0187683 0.0138571 0.00972513 0.00643442 0.00397949
 0.00785134 0.012819 0.019416 0.0276226 0.0371931 0.0474991 0.0574902 0.0659407 0.0718771 0.0748743 0.075042 0.0728109 0.0687287 0.0633458 0.0571541 0.0505487 0.0438153 0.037152 0.0307077 0.0246175 0.0190217 0.0140636 0.00986972 0.00651949 0.00401925
 0.00778332 0.0127 0.0192214 0.0273255 0.0367716 0.0469486 0.0568358 0.0652413 0.0712179 0.074348 0.0747245 0.0727403 0.0688952 0.0636978 0.0576198 0.051061 0.0443297 0.0376474 0.0311757 0.0250491 0.0194017 0.0143752 0.0101025 0.00667532 0.00411135
 0.00772312 0.0126112 0.0191038 0.0271819 0.0366034 0.0467506 0.0565944 0.0649413 0.0708547 0.0739402 0.0743181 0.0724 0.0686846 0.0636572 0.0577532 0.0513376 0.0446991 0.0380584 0.0315881 0.0254357 0.0197441 0.0146599 0.0103218 0.00682913 0.00420822
 0.00781093 0.0127376 0.0192639 0.0273612 0.0367825 0.046911 0.0567224 0.0650249 0.0708781 0.0738823 0.0741597 0.0721378 0.0683429 0.0632881 0.0574205 0.0510953 0.0445737 0.0380457 0.0316624 0.025563 0.0198925 0.0148043 0.0104451 0.0069228 0.00427138
 0.0079239 0.0129042 0.0194823 0.0276168 0.0370497 0.0471583 0.0569177 0.0651415 0.0709007 0.0738099 0.0740042 0.0719169 0.0680746 0.0629906 0.0571173 0.0508172 0.0443533 0.0379067 0.0316103 0.0255848 0.0199633 0.0148965 0.0105359 0.00699798 0.00432541
 0.00794336 0.0129336 0.0195217 0.0276637 0.037098 0.0471978 0.0569351 0.065123 0.0708374 0.073703 0.0738664 0.0717689 0.0679371 0.0628773 0.057033 0.0507619 0.0443283 0.0379163 0.0316587 0.0256704 0.0200753 0.015018 0.0106492 0.00709044 0.00439202
 0.00796397 0.0129735 0.0195931 0.0277806 0.0372711 0.0474272 0.0572039 0.0653973 0.0710732 0.0738587 0.0739144 0.0717024 0.0677708 0.0626414 0.056764 0.0504935 0.0440862 0.0377176 0.031513 0.0255803 0.0200364 0.0150185 0.0106735 0.00712325 0.00442238
 0.00781463 0.0127514 0.0192984 0.0274291 0.0368929 0.0470621 0.0568956 0.065187 0.0709902 0.073911 0.0740839 0.0719502 0.0680495 0.0629099 0.0569969 0.050683 0.044238 0.0378435 0.0316253 0.0256874 0.0201412 0.0151188 0.0107639 0.00719791 0.00447807
 0.00777156 0.0126733 0.019167 0.0272254 0.0366057 0.0466987 0.0564902 0.0647975 0.0706826 0.0737377 0.0740677 0.0720803 0.0682892 0.0632096 0.0573086 0.0509705 0.044482 0.0380409 0.0317833 0.025817 0.0202515 0.0152145 0.0108452 0.00726344 0.00452666
 0.00772279 0.0125939 0.0190468 0.0270537 0.0363719 0.0463956 0.0561187 0.0643734 0.0702412 0.0733327 0.0737613 0.071926 0.0683142 0.0634057 0.0576356 0.0513709 0.0448985 0.0384301 0.0321209 0.0260956 0.0204741 0.0153881 0.0109769 0.00735912 0.00459219
 0.00769386 0.0125425 0.0189612 0.0269208 0.0361798 0.0461383 0.0558009 0.0640108 0.0698584 0.0729593 0.0734307 0.0716744 0.0681775 0.063411 0.0577905 0.0516571 0.045275 0.0388448 0.0325255 0.0264557 0.0207721 0.0156205 0.0111487 0.0074794 0.00467132
 0.00768998 0.0125259 0.0189174 0.0268294 0.0360197 0.0458955 0.0554755 0.0636203 0.0694347 0.0725419 0.0730592 0.0713838 0.0679952 0.0633561 0.0578719 0.0518707 0.0456007 0.0392466 0.0329576 0.0268726 0.0211389 0.0159176 0.0113718 0.00763503 0.00477209
 0.00772269 0.0125724 0.0189741 0.0268867 0.036062 0.0459023 0.0554246 0.0634928 0.0692214 0.0722503 0.0727151 0.0710273 0.0676716 0.0631065 0.0577264 0.0518453 0.0456952 0.0394448 0.0332287 0.0271773 0.0214377 0.0161796 0.0115794 0.00778491 0.00487084
 0.00776675 0.0126413 0.0190722 0.0270151 0.0362163 0.0460708 0.0555866 0.0636195 0.0692811 0.0722167 0.0725759 0.0707897 0.0673629 0.0627689 0.0574082 0.0515903 0.0455341 0.0393897 0.0332723 0.0272957 0.0215976 0.0163471 0.0117285 0.00790121 0.00495158
 0.00761043 0.0124188 0.0187961 0.0267172 0.0359392 0.0458533 0.0554518 0.0635708 0.0693061 0.0722926 0.0726759 0.0708876 0.0674387 0.0628137 0.0574275 0.0516025 0.045564 0.0394592 0.0333921 0.027461 0.0217902 0.0165419 0.0119021 0.0080386 0.00504858
 0.00767341 0.0125026 0.0188891 0.0268009 0.0359975 0.0458854 0.0554781 0.0636254 0.0694162 0.072459 0.0728663 0.0710492 0.0675207 0.0627872 0.0572934 0.0513874 0.04531 0.0392119 0.0331888 0.0273235 0.0217214 0.0165292 0.0119244 0.00807496 0.00508386
 0.00764062 0.0124549 0.0188268 0.0267255 0.0359087 0.0457783 0.0553448 0.0634631 0.069238 0.0722982 0.0727674 0.0710469 0.0676202 0.062959 0.0574874 0.0515566 0.0454286 0.0392801 0.0332256 0.0273526 0.0217599 0.016582 0.011986 0.00813512 0.00513378
 0.00756702 0.0123497 0.0186955 0.0265827 0.0357744 0.0456711 0.0552753 0.0634308 0.0692318 0.0723026 0.0727711 0.0710506 0.067637 0.0630057 0.0575712 0.0516676 0.0455449 0.0393801 0.0332992 0.0274035 0.0217993 0.0166199 0.012026 0.00817476 0.00516836
 0.00747531 0.0122092 0.0185011 0.0263376 0.0354918 0.0453749 0.0549994 0.0632131 0.0691045 0.0722798 0.0728435 0.0711905 0.0678118 0.0631912 0.0577564 0.0518509 0.0457247 0.0395502 0.0334505 0.0275294 0.0218993 0.0166982 0.0120879 0.00822359 0.00520544
 0.00740943 0.0121047 0.0183488 0.0261318 0.0352328 0.0450719 0.0546739 0.0628984 0.0688404 0.0721031 0.0727777 0.0712396 0.0679599 0.0634084 0.0580093 0.0521116 0.0459754 0.039781 0.0336558 0.0277052 0.0220433 0.0168112 0.012173 0.00828525 0.00524812
 0.00738192 0.0120598 0.018281 0.0260356 0.0351038 0.0449087 0.0544797 0.0626833 0.068621 0.0719014 0.072618 0.071144 0.0679431 0.0634729 0.0581445 0.0522964 0.0461848 0.039993 0.0338539 0.0278797 0.0221891 0.0169269 0.0122602 0.00834744 0.00528992
 0.00724781 0.0118534 0.0179923 0.0256639 0.0346581 0.0444079 0.0539533 0.0621706 0.068167 0.0715486 0.0723992 0.0710778 0.0680328 0.0637076 0.0585005 0.05274 0.0466764 0.0404925 0.0343265 0.0282993 0.0225404 0.0172043 0.0124663 0.0084909 0.00538288
 0.00721193 0.0117883 0.0178822 0.0254913 0.0344091 0.0440803 0.0535628 0.0617505 0.0677596 0.0711941 0.0721274 0.0709068 0.067972 0.06376 0.0586628 0.0530007 0.0470143 0.0408779 0.0347253 0.0286788 0.0228749 0.0174781 0.0126746 0.00863773 0.0054785
 0.00729301 0.0119073 0.0180366 0.0256683 0.0345862 0.0442284 0.0536505 0.0617499 0.0676543 0.070986 0.071839 0.070576 0.0676422 0.0634711 0.0584454 0.0528732 0.0469823 0.0409335 0.0348488 0.0288429 0.0230506 0.0176412 0.0128093 0.00873811 0.00554625
 0.00741829 0.0121018 0.0183115 0.026025 0.0350141 0.0447008 0.0541233 0.062164 0.067947 0.0711071 0.0717655 0.0703179 0.067239 0.0629812 0.0579327 0.0523953 0.0465816 0.0406332 0.0346529 0.0287392 0.0230164 0.0176503 0.0128383 0.00877051 0.00557313
 0.00749694 0.0122311 0.0185083 0.0263045 0.0353849 0.0451581 0.0546417 0.0626968 0.0684326 0.0714821 0.0719776 0.0703363 0.06706 0.0626293 0.0574558 0.0518556 0.046043 0.0401493 0.0342587 0.028448 0.0228227 0.0175358 0.0127796 0.00874566 0.00556564
 0.00709916 0.0116067 0.0176128 0.025119 0.0339281 0.0435005 0.0529161 0.06109 0.0671495 0.0706929 0.0717715 0.0707038 0.0679049 0.063802 0.0587944 0.0532207 0.0473377 0.0413214 0.0352888 0.0293335 0.023565 0.018136 0.013241 0.00907788 0.00578682
#obs surv len freq
 nan nan nan nan nan nan nan nan nan nan nan nan nan nan nan nan nan nan nan nan nan nan nan nan nan
 0.00448449 0.00734587 0.011176 0.0159927 0.021694 0.0279701 0.0342847 0.0400163 0.0446957 0.0481591 0.0505163 0.0520114 0.0529029 0.0534146 0.0537283 0.0539827 0.054261 0.0545535 0.0546922 0.054284 0.0527221 0.0493543 0.0438043 0.0362847 0.0276687
 0.00461335 0.00755748 0.0114981 0.0164514 0.0223073 0.0287384 0.0351805 0.0409818 0.0456512 0.049018 0.0512022 0.052469 0.0531039 0.0533576 0.0534349 0.0534897 0.0536114 0.0537899 0.0538534 0.053407 0.0518454 0.0485209 0.0430585 0.0356643 0.0271945
 0.00477556 0.00782274 0.0119003 0.0170231 0.0230738 0.0297074 0.0363311 0.0422592 0.0469712 0.0502808 0.0523065 0.053325 0.053643 0.0535397 0.0532515 0.0529623 0.052785 0.0527235 0.052613 0.0520627 0.0504723 0.0471992 0.0418678 0.0346701 0.0264333
 0.0049726 0.0081439 0.0123852 0.0177094 0.0239899 0.0308615 0.0376995 0.0437816 0.048558 0.0518277 0.0537089 0.0544864 0.0544793 0.0539845 0.0532621 0.0525253 0.0519187 0.0514771 0.0510618 0.0503039 0.0486214 0.0453835 0.0402132 0.0332797 0.0253647
 0.00517774 0.00848183 0.012902 0.0184509 0.0249926 0.0321385 0.0392262 0.0454906 0.0503491 0.0535865 0.0553245 0.0558601 0.0555268 0.0546347 0.0534581 0.0522287 0.0511165 0.0501892 0.049348 0.0482667 0.0464034 0.0431558 0.0381512 0.0315293 0.0240111
 0.00541622 0.00887039 0.0134886 0.0192813 0.0261024 0.0335403 0.0408952 0.0473585 0.0523119 0.0555229 0.0571138 0.0573946 0.0567163 0.0554068 0.0537557 0.0520084 0.0503509 0.0488763 0.0475251 0.0460251 0.0438942 0.04058 0.0357277 0.0294482 0.0223892
 0.00565229 0.00925872 0.0140815 0.0201302 0.0272481 0.0349969 0.0426344 0.0493047 0.0543535 0.0575342 0.0589749 0.0590011 0.057981 0.0562578 0.054134 0.0518661 0.0496524 0.0476054 0.0457009 0.0437218 0.041257 0.0378202 0.0330903 0.0271559 0.0205865
 0.00589374 0.00965377 0.014681 0.0209837 0.028395 0.0364525 0.0443742 0.0512579 0.0564117 0.0595709 0.0608656 0.0606365 0.0592717 0.057134 0.0545416 0.0517613 0.0489997 0.0463826 0.0439148 0.0414316 0.0385955 0.034996 0.0303573 0.0247552 0.0186823
 0.00611495 0.010019 0.0152412 0.02179 0.029489 0.0378506 0.0460519 0.0531443 0.0584003 0.06154 0.0626976 0.0622285 0.0605385 0.0580073 0.0549677 0.0516973 0.0484111 0.045246 0.0422306 0.0392473 0.0360293 0.0322436 0.0276672 0.0223708 0.0167762
 0.006368 0.0104293 0.0158568 0.0226552 0.0306365 0.0392888 0.0477512 0.0550315 0.0603673 0.0634638 0.0644599 0.0637282 0.0616972 0.0587678 0.0552893 0.0515502 0.0477708 0.0440954 0.0405709 0.0371197 0.0335393 0.0295717 0.0250479 0.0200394 0.014904
 0.00660956 0.0108273 0.0164652 0.0235262 0.0318094 0.0407714 0.0495036 0.0569619 0.0623483 0.0653594 0.06615 0.0651199 0.0627248 0.0593888 0.0554778 0.0512903 0.0470522 0.0429122 0.0389305 0.0350621 0.0311599 0.0270332 0.0225641 0.0178275 0.0131245
 0.00684175 0.0112081 0.0170445 0.0243528 0.0329212 0.0421806 0.05118 0.0588264 0.0642819 0.067225 0.0678159 0.0664774 0.0636973 0.0599324 0.0555759 0.0509439 0.0462696 0.0417049 0.0373188 0.0330904 0.0289176 0.0246661 0.0202621 0.0157837 0.0114816
 0.00709059 0.0116149 0.0176605 0.0252261 0.0340864 0.0436424 0.0528977 0.0607093 0.0662026 0.0690446 0.0694071 0.0677385 0.064557 0.0603501 0.055539 0.0504617 0.0453652 0.0404088 0.0356688 0.0311422 0.0267605 0.0224329 0.0181196 0.0138985 0.00997497
 0.00727894 0.0119298 0.0181506 0.0259417 0.0350688 0.0449067 0.0544158 0.0624041 0.0679592 0.0707328 0.0709039 0.0689424 0.0653942 0.060776 0.0555359 0.0500343 0.0445353 0.0392105 0.0341481 0.0293621 0.0248111 0.0204367 0.0162223 0.0122412 0.00865737
 0.00743723 0.0121872 0.0185386 0.0264912 0.0358057 0.0458448 0.0555466 0.0636906 0.069336 0.0721136 0.0721924 0.0700439 0.0662266 0.0612774 0.0556696 0.0497879 0.0439176 0.0382479 0.0328836 0.0278583 0.023155 0.018741 0.0146152 0.0108427 0.00754932
 0.00751268 0.0123139 0.0187369 0.0267833 0.0362122 0.0463789 0.0562086 0.064465 0.0701947 0.0730199 0.0731032 0.0709086 0.0669865 0.0618689 0.0560317 0.0498719 0.0436945 0.037713 0.032058 0.0267905 0.0219211 0.017442 0.0133644 0.00974453 0.00667525
 0.00761841 0.0124746 0.0189584 0.027065 0.0365493 0.0467662 0.0566418 0.0649398 0.0707045 0.0735542 0.0736472 0.0714423 0.067484 0.0622967 0.0563484 0.0500313 0.0436532 0.0374401 0.0315455 0.02606 0.0210271 0.0164666 0.0124045 0.0088907 0.00599049
 0.00765309 0.0125318 0.0190457 0.027189 0.0367133 0.0469674 0.0568704 0.0651818 0.0709485 0.0737982 0.0738992 0.0717143 0.0677816 0.0626109 0.0566524 0.0502835 0.043804 0.0374426 0.0313669 0.0256936 0.0204989 0.0158342 0.0117452 0.00828242 0.00549093
 0.0077261 0.0126382 0.0191831 0.0273479 0.036881 0.0471327 0.0570272 0.0653292 0.071087 0.0739277 0.0740194 0.0718279 0.067895 0.0627318 0.0567827 0.0504123 0.0439052 0.0374788 0.0313005 0.0255006 0.0201805 0.0154211 0.0112912 0.007848 0.00512509
 0.00775038 0.012679 0.0192466 0.027439 0.0370002 0.0472731 0.0571733 0.06546 0.0711849 0.0739861 0.0740462 0.0718402 0.0679116 0.062766 0.0568397 0.0504879 0.043985 0.0375385 0.0313099 0.0254328 0.0200232 0.0151847 0.0110078 0.00756069 0.00487328
 0.00781463 0.0127734 0.0193702 0.0275848 0.0371581 0.0474332 0.0573278 0.0656025 0.0713071 0.0740775 0.0740963 0.0718443 0.0678748 0.0627028 0.0567689 0.0504252 0.0439364 0.0374981 0.0312616 0.0253562 0.019903 0.0150191 0.0108112 0.0073592 0.0046937
 0.00784805 0.0128272 0.0194495 0.0276928 0.0372936 0.0475885 0.0574878 0.0657473 0.0714187 0.0741458 0.0741214 0.0718332 0.0678365 0.0626457 0.0567006 0.0503536 0.0438687 0.0374371 0.0312032 0.0252903 0.0198183 0.0149103 0.0106833 0.00722614 0.00457265
 0.00787491 0.0128699 0.019512 0.0277781 0.037403 0.0477209 0.0576379 0.0659044 0.0715674 0.0742685 0.0742029 0.071865 0.0678187 0.0625864 0.0566123 0.0502496 0.0437605 0.0373326 0.0311054 0.0251972 0.019725 0.0148128 0.0105821 0.00712741 0.00448519
 0.00788503 0.0128809 0.0195189 0.0277736 0.0373807 0.0476793 0.0575837 0.0658518 0.0715334 0.0742662 0.0742364 0.0719281 0.0678979 0.0626658 0.0566793 0.0502976 0.0437887 0.0373437 0.0311028 0.0251829 0.0196993 0.0147757 0.0105355 0.00707632 0.00443633
 0.00786646 0.012849 0.0194674 0.0276959 0.0372709 0.0475349 0.0574091 0.0656602 0.0713464 0.0741106 0.0741383 0.0719056 0.0679556 0.0627931 0.0568536 0.0504917 0.0439782 0.0375116 0.0312401 0.0252866 0.01977 0.0148163 0.010551 0.00707371 0.00442356
 0.00787882 0.0128619 0.0194737 0.0276841 0.0372282 0.0474518 0.0572832 0.065498 0.0711622 0.073924 0.0739714 0.0717807 0.0678914 0.0628001 0.0569309 0.0506258 0.0441469 0.03769 0.0314067 0.0254268 0.019877 0.0148894 0.0105943 0.00709399 0.00442877
 0.00789726 0.0128917 0.0195175 0.0277428 0.0372987 0.0475249 0.0573429 0.0655243 0.0711378 0.0738416 0.0738381 0.0716169 0.0677247 0.0626585 0.0568359 0.0505883 0.0441651 0.0377513 0.031492 0.0255168 0.0199564 0.0149498 0.0106338 0.00711543 0.00443738
 0.00789234 0.0128847 0.019509 0.0277343 0.0372926 0.0475239 0.0573487 0.0655365 0.0711513 0.0738475 0.0738254 0.0715779 0.0676597 0.0625778 0.056757 0.0505302 0.0441415 0.0377662 0.0315395 0.0255836 0.0200272 0.0150122 0.0106809 0.0071459 0.00445412
 0.00786488 0.0128378 0.0194348 0.027625 0.0371441 0.0473398 0.0571438 0.0653354 0.0709829 0.0737356 0.0737812 0.0715976 0.0677283 0.0626756 0.0568677 0.0506451 0.0442595 0.0378897 0.0316687 0.025714 0.0201504 0.0151187 0.0107641 0.00720439 0.00449079
 0.00785631 0.0128214 0.0194052 0.0275755 0.0370673 0.0472301 0.0570002 0.0651642 0.0707985 0.0735591 0.073637 0.0715065 0.067702 0.0627129 0.0569562 0.050767 0.0443981 0.0380332 0.0318104 0.0258495 0.0202746 0.0152261 0.01085 0.00726691 0.00453183
 0.00782604 0.0127719 0.0193303 0.0274695 0.0369263 0.0470542 0.0567954 0.0649429 0.070578 0.0733588 0.0734756 0.0714008 0.0676642 0.0627488 0.0570626 0.0509313 0.0446008 0.038253 0.0320287 0.0260523 0.0204528 0.015374 0.0109651 0.00735001 0.00458676
 0.00777748 0.0126947 0.0192175 0.027316 0.0367305 0.0468195 0.0565323 0.0646693 0.0703166 0.0731328 0.0733047 0.0712987 0.0676384 0.0628011 0.057189 0.0511218 0.0448397 0.03852 0.0323017 0.0263111 0.0206818 0.0155635 0.0111114 0.00745482 0.00465588
 0.00775182 0.012649 0.0191415 0.0271983 0.0365616 0.0465967 0.056264 0.0643755 0.0700249 0.0728719 0.0730984 0.0711636 0.0675831 0.0628274 0.0572929 0.0512941 0.0450668 0.0387839 0.0325815 0.0265851 0.0209308 0.0157736 0.0112757 0.00757336 0.0047344
 0.00774186 0.0126289 0.019104 0.0271335 0.0364589 0.0464479 0.0560669 0.0641364 0.0697594 0.0726029 0.0728531 0.0709681 0.0674584 0.0627853 0.0573356 0.0514153 0.0452534 0.0390184 0.032843 0.0268513 0.0211805 0.0159899 0.0114483 0.00769983 0.00481912
 0.00769219 0.0125535 0.0190002 0.0270021 0.0363026 0.0462704 0.0558718 0.0639283 0.0695451 0.0723926 0.0726607 0.0708104 0.0673524 0.0627458 0.0573712 0.0515268 0.0454332 0.0392514 0.0331089 0.0271273 0.0214439 0.0162215 0.0116357 0.00783885 0.00491319
 0.00768865 0.0125414 0.0189706 0.0269435 0.0362049 0.0461302 0.0556961 0.0637336 0.0693515 0.0722164 0.0725106 0.0706893 0.0672623 0.0626914 0.0573604 0.051568 0.0455305 0.0394019 0.0333015 0.027344 0.0216634 0.0164236 0.0118052 0.00796814 0.00500266
 0.00765484 0.012493 0.0189095 0.0268743 0.0361322 0.0460544 0.0556126 0.0636347 0.0692326 0.0720813 0.0723718 0.0705637 0.0671647 0.0626308 0.0573409 0.0515911 0.0455972 0.0395114 0.0334487 0.0275179 0.0218478 0.0166002 0.0119584 0.00808826 0.00508769
 0.00763518 0.0124598 0.0188576 0.0267993 0.0360329 0.0459352 0.0554846 0.0635129 0.0691301 0.072003 0.0723145 0.07052 0.0671299 0.0626063 0.0573332 0.0516077 0.0456439 0.0395907 0.0335589 0.0276526 0.0219957 0.016747 0.0120899 0.00819445 0.0051648
 0.00761942 0.0124366 0.0188268 0.026762 0.0359898 0.0458862 0.0554282 0.0634483 0.0690587 0.0719303 0.0722479 0.0704659 0.0670908 0.0625812 0.0573204 0.0516079 0.0456609 0.0396291 0.0336215 0.0277379 0.0220973 0.0168541 0.0121908 0.00827941 0.00522867
 0.0076071 0.0124157 0.0187942 0.0267146 0.0359261 0.045808 0.055341 0.0633608 0.0689796 0.0718659 0.0722006 0.0704354 0.0670761 0.0625814 0.0573343 0.0516344 0.0456993 0.0396798 0.0336857 0.0278154 0.0221848 0.0169453 0.012277 0.00835285 0.00528474
 0.00759393 0.0123958 0.0187667 0.0266794 0.0358837 0.0457584 0.0552846 0.0632985 0.0689144 0.0718028 0.0721457 0.0703943 0.0670521 0.0625751 0.0573442 0.0516583 0.0457352 0.0397264 0.0337422 0.0278807 0.0222566 0.0170192 0.0123471 0.0084132 0.00533152
 0.00756466 0.0123509 0.0187044 0.0266001 0.0357901 0.0456557 0.05518 0.0632004 0.0688311 0.0717401 0.0721066 0.0703792 0.0670598 0.0626037 0.0573913 0.0517205 0.0458087 0.0398075 0.0338275 0.0279676 0.0223422 0.0170999 0.012419 0.00847268 0.00537651
 0.00756989 0.0123549 0.0187023 0.0265848 0.0357547 0.0455966 0.0550995 0.0631072 0.0687371 0.071657 0.0720424 0.0703375 0.0670407 0.0626052 0.0574109 0.0517558 0.045857 0.0398659 0.033893 0.0280368 0.0224117 0.017166 0.012478 0.00852151 0.00541356
 0.00755096 0.0123308 0.0186779 0.0265678 0.0357521 0.0456099 0.0551223 0.0631264 0.0687391 0.0716342 0.0719972 0.0702797 0.066983 0.0625582 0.0573806 0.051744 0.0458627 0.0398867 0.0339259 0.0280783 0.0224578 0.0172128 0.0125214 0.00855839 0.00544205
 0.00753015 0.0122957 0.0186233 0.0264897 0.0356502 0.0454912 0.0550015 0.0630233 0.0686706 0.0716073 0.0720062 0.0703112 0.0670237 0.0626008 0.0574243 0.0517916 0.0459169 0.0399483 0.0339931 0.0281479 0.022526 0.0172756 0.0125756 0.00860178 0.005474
 0.00750366 0.012252 0.0185562 0.0263933 0.0355202 0.0453273 0.0548107 0.0628209 0.0684797 0.0714537 0.0719114 0.0702865 0.0670665 0.0626971 0.0575549 0.0519386 0.0460679 0.040096 0.0341335 0.0282778 0.0226422 0.0173749 0.0126558 0.00866246 0.00551649
 0.00749973 0.0122451 0.0185447 0.0263749 0.0354915 0.0452844 0.0547493 0.0627382 0.0683762 0.0713354 0.0717909 0.0701807 0.0669929 0.0626678 0.0575727 0.0519971 0.046155 0.0401983 0.0342402 0.0283811 0.0227368 0.0174571 0.0127231 0.00871385 0.00555274
 0.00750485 0.0122525 0.0185542 0.0263854 0.0355013 0.0452908 0.0547491 0.0627273 0.0683502 0.0712908 0.0717265 0.0701004 0.0669058 0.0625874 0.0575134 0.0519692 0.0461615 0.0402352 0.0342983 0.0284499 0.022807 0.0175217 0.0127778 0.00875638 0.00558311
 0.00749952 0.0122473 0.0185527 0.0263926 0.0355221 0.0453272 0.0547982 0.0627811 0.0683978 0.0713212 0.0717318 0.0700769 0.066855 0.0625159 0.0574326 0.0518928 0.0461023 0.0402012 0.0342909 0.0284648 0.0228363 0.0175571 0.0128122 0.00878552 0.00560501
 0.00749952 0.0122473 0.0185527 0.0263926 0.0355221 0.0453272 0.0547982 0.0627811 0.0683978 0.0713212 0.0717318 0.0700769 0.066855 0.0625159 0.0574326 0.0518928 0.0461023 0.0402012 0.0342909 0.0284648 0.0228363 0.0175571 0.0128122 0.00878552 0.00560501
 0.0071013 0.0116142 0.0176295 0.0251463 0.0339579 0.0435093 0.0528645 0.0609348 0.0668659 0.0702954 0.0713196 0.0702849 0.067604 0.063673 0.058846 0.0534206 0.047629 0.0416434 0.0355936 0.0295943 0.0237746 0.0182996 0.0133672 0.00917388 0.00585708
#pred catch len freq
 0.00320722 0.00519777 0.00782668 0.0111339 0.0151593 0.0198979 0.0252379 0.0309467 0.0367166 0.0422271 0.0471941 0.0514063 0.0547552 0.0572377 0.0589299 0.0599506 0.0604343 0.0604984 0.0601764 0.0593104 0.0574733 0.054043 0.048498 0.0408202 0.0317209
 0.00345017 0.00552634 0.00820105 0.0114826 0.0154078 0.0200079 0.0252321 0.0308961 0.0366951 0.0422628 0.047251 0.0514101 0.0546442 0.0570086 0.0586502 0.0597327 0.0603823 0.0606523 0.0604796 0.0596225 0.0576285 0.0539274 0.0481033 0.0402417 0.0311034
 0.00354159 0.00570867 0.00853223 0.0120229 0.0161879 0.0209902 0.0262923 0.0318526 0.0373814 0.042601 0.0472723 0.0512109 0.0543165 0.0565997 0.058176 0.0592168 0.0598777 0.0602227 0.0601547 0.0593661 0.0573494 0.0535324 0.0475569 0.03959 0.0304471
 0.00366734 0.00590253 0.00880941 0.0124037 0.0167086 0.0217086 0.0272723 0.0331221 0.0388802 0.0441568 0.0486386 0.0521577 0.0547194 0.0564703 0.0576233 0.0583824 0.0588897 0.0591809 0.0591259 0.0583777 0.0563897 0.0525725 0.0465883 0.0386486 0.0296033
 0.00385582 0.00620058 0.00924216 0.0129888 0.0174545 0.0226136 0.0283269 0.0343144 0.0401998 0.0455848 0.0501184 0.0535657 0.0558691 0.0571654 0.0577335 0.0578926 0.0578942 0.0578331 0.057582 0.0567599 0.0547774 0.0510165 0.0451343 0.0373523 0.0285242
 0.00407228 0.00654674 0.00975324 0.0136958 0.0183811 0.0237693 0.0296978 0.0358558 0.0418393 0.0472353 0.0516939 0.0549869 0.0570543 0.0580152 0.0581311 0.0577326 0.0571276 0.0564982 0.0557983 0.0546919 0.052595 0.0488717 0.0431557 0.035644 0.0271571
 0.00429466 0.00690431 0.0102854 0.0144399 0.0193701 0.0250252 0.0312204 0.0376117 0.0437566 0.0492073 0.053592 0.0566796 0.0584256 0.0589731 0.0586023 0.0576535 0.0564471 0.0552 0.0539292 0.0523751 0.0500175 0.0462522 0.0407065 0.0335363 0.0254944
 0.00449861 0.00723428 0.0107804 0.0151392 0.0203104 0.0262349 0.0327087 0.0393579 0.045704 0.0512633 0.0556343 0.0585682 0.0600195 0.0601476 0.0592597 0.057724 0.0558856 0.0539884 0.0520927 0.0500052 0.0472847 0.0433922 0.0379784 0.0311654 0.0236226
 0.00471617 0.00758349 0.011299 0.0158631 0.0212717 0.0274572 0.0341975 0.0410918 0.0476291 0.0532948 0.0576623 0.0604664 0.061657 0.0614002 0.0600197 0.0579057 0.0554283 0.0528617 0.0503089 0.0476402 0.0444959 0.0404162 0.0350941 0.0286304 0.0216091
 0.00498786 0.00800969 0.0119131 0.0166898 0.0223287 0.0287546 0.0357326 0.0428401 0.0495379 0.0552821 0.0596225 0.0622812 0.0632076 0.0625775 0.0607295 0.0580693 0.0549835 0.0517684 0.0485649 0.0453044 0.0417108 0.0374104 0.0321503 0.0260205 0.0195228
 0.00524819 0.00842379 0.0125198 0.0175206 0.0234039 0.0300777 0.0372824 0.0445664 0.0513663 0.0571253 0.0613898 0.0638843 0.064561 0.0635999 0.0613443 0.0582062 0.0545804 0.0507779 0.0469702 0.0431443 0.0391047 0.0345662 0.0293362 0.0235037 0.0174966
 0.00549832 0.00882874 0.0131269 0.0183751 0.0245428 0.0315185 0.0390087 0.0465168 0.0534356 0.0591787 0.0632851 0.0654949 0.0657926 0.0643952 0.0616748 0.058056 0.0539326 0.0496136 0.0452819 0.0409636 0.0365324 0.0317858 0.0265937 0.02105 0.0155177
 0.00576311 0.00924775 0.0137379 0.01921 0.0256282 0.0328724 0.0406311 0.0483767 0.0554601 0.0612513 0.065257 0.0672069 0.0671047 0.0652104 0.0619478 0.0577845 0.0531374 0.0483211 0.0435215 0.038785 0.0340329 0.0291286 0.0239958 0.0187351 0.0136529
 0.00608286 0.00974814 0.0144554 0.0201676 0.0268344 0.0343194 0.0422897 0.0501919 0.0573521 0.0631226 0.0669996 0.0687092 0.0682586 0.0659228 0.0621539 0.0574561 0.052282 0.0469724 0.0417323 0.0366288 0.0316182 0.0266105 0.0215674 0.0165902 0.011934
 0.00644932 0.0103214 0.0152768 0.0212621 0.0282083 0.0359574 0.0441466 0.0521863 0.05937 0.0650317 0.0686698 0.0700303 0.0691508 0.0663387 0.0620737 0.0568813 0.051231 0.0454804 0.0398535 0.0344429 0.0292381 0.0241858 0.0192726 0.0145921 0.0103491
 0.00670062 0.010727 0.0158823 0.0221088 0.0293274 0.0373579 0.0458022 0.0540269 0.0612853 0.0668865 0.0703239 0.071358 0.0700568 0.0667669 0.0620074 0.0563347 0.0502383 0.0440882 0.0381208 0.0324481 0.027088 0.0220175 0.0172403 0.0128381 0.00896813
 0.00679139 0.010889 0.0161542 0.0225396 0.0299697 0.0382559 0.0469749 0.055454 0.0629008 0.0685815 0.0719595 0.0727867 0.0711476 0.0674265 0.0621899 0.0560385 0.0494953 0.0429518 0.0366594 0.0307456 0.0252485 0.0201663 0.0155128 0.0113546 0.00780604
 0.00689836 0.0110547 0.0163898 0.022855 0.0303779 0.0387773 0.0476366 0.0562808 0.0638999 0.0697268 0.073184 0.0739871 0.0722019 0.0682178 0.0626275 0.0560713 0.0491147 0.0421867 0.0355679 0.0294093 0.0237691 0.018661 0.0141023 0.0101433 0.00685878
 0.00711007 0.0113685 0.0168062 0.023356 0.0309346 0.039362 0.048232 0.0568823 0.0645121 0.0703562 0.0738301 0.0746329 0.0728077 0.0687215 0.0629554 0.0561544 0.0489054 0.0416703 0.0347665 0.0283797 0.0225967 0.0174497 0.0129596 0.00915989 0.00609034
 0.00708151 0.0113414 0.0168002 0.0233987 0.0310513 0.039562 0.0484998 0.0571837 0.0648129 0.0706428 0.0741172 0.0749523 0.0731843 0.069152 0.0633988 0.0565398 0.0491511 0.0417078 0.0345599 0.0279361 0.0219658 0.016713 0.0122118 0.00848665 0.0055491
 0.00690088 0.0110805 0.0164697 0.0230332 0.0307048 0.0392957 0.048369 0.0572244 0.0650303 0.0710079 0.0745751 0.0754438 0.0736682 0.0696124 0.0638338 0.0569406 0.0494885 0.0419348 0.0346294 0.0278225 0.0216794 0.016301 0.0117446 0.00803721 0.00517243
 0.00679052 0.0109016 0.0162032 0.0226664 0.0302397 0.0387595 0.0478212 0.0567512 0.064724 0.070937 0.0747604 0.075853 0.0742301 0.0702433 0.0644622 0.057518 0.0499851 0.0423269 0.0348934 0.0279391 0.021646 0.0161404 0.0115035 0.00777196 0.0049321
 0.00682701 0.0109404 0.0162227 0.0226322 0.0301109 0.0385026 0.0474247 0.0562371 0.0641518 0.0703962 0.0743519 0.0756605 0.0742932 0.0705451 0.064938 0.0580808 0.0505512 0.0428317 0.0352936 0.0282103 0.0217813 0.0161528 0.0114243 0.00764373 0.00479597
 0.00691396 0.011067 0.0163844 0.0228109 0.0302751 0.0386091 0.0474248 0.0560872 0.0638295 0.0699176 0.0737789 0.0750915 0.0738371 0.070288 0.0649176 0.0582778 0.0509016 0.043251 0.0357013 0.0285464 0.0220134 0.0162753 0.011454 0.00761139 0.00473523
 0.00690128 0.0110566 0.0163873 0.0228424 0.030349 0.0387289 0.0475752 0.0562326 0.0639202 0.069904 0.0736299 0.0748099 0.0734668 0.0699055 0.0646094 0.0581108 0.0509008 0.0433942 0.0359326 0.0287989 0.0222313 0.0164266 0.011533 0.0076321 0.00472069
 0.00679575 0.0108905 0.016149 0.0225282 0.029968 0.0383079 0.04716 0.0558805 0.0636828 0.0698067 0.0736608 0.0749269 0.0736182 0.0700549 0.0647499 0.058263 0.0510955 0.0436504 0.0362429 0.029131 0.0225417 0.0166789 0.0117098 0.00773649 0.00477
 0.00673477 0.0107858 0.0159808 0.0222744 0.0296089 0.0378345 0.0465849 0.0552448 0.0630553 0.0692723 0.0732994 0.0747892 0.0737093 0.0703348 0.0651525 0.058724 0.0515715 0.0441214 0.0367006 0.0295644 0.0229317 0.0170036 0.0119543 0.00790049 0.00486642
 0.00671163 0.0107526 0.0159378 0.0222213 0.0295401 0.0377346 0.0464281 0.0550026 0.062712 0.0688407 0.0728283 0.0743542 0.0733901 0.0701882 0.0651949 0.0589306 0.0518925 0.0445026 0.0370983 0.0299479 0.023279 0.0172974 0.0121834 0.00806238 0.00496865
 0.00677137 0.0108373 0.0160424 0.0223341 0.0296467 0.0378232 0.0464912 0.0550335 0.0626978 0.0687601 0.072659 0.0740894 0.0730524 0.069831 0.0648856 0.058726 0.0518189 0.0445527 0.0372406 0.0301424 0.0234885 0.0174934 0.012347 0.00818492 0.00505058
 0.00682886 0.0109198 0.0161458 0.0224467 0.0297509 0.0379001 0.0465253 0.0550168 0.0626312 0.0686524 0.0725217 0.0739306 0.072875 0.0696382 0.0646902 0.0585539 0.051702 0.0445148 0.0372864 0.030256 0.0236411 0.0176539 0.0124909 0.00829805 0.00512945
 0.00686648 0.0109762 0.0162215 0.0225374 0.0298473 0.0379878 0.0465863 0.0550322 0.0625878 0.0685482 0.0723689 0.0737518 0.0726948 0.0694751 0.0645538 0.0584483 0.0516324 0.0444892 0.0373115 0.0303306 0.0237528 0.017782 0.0126139 0.00840012 0.00520376
 0.00685222 0.0109614 0.0162146 0.0225515 0.029896 0.0380797 0.0467187 0.0551893 0.0627425 0.0686691 0.0724287 0.0737355 0.0726045 0.0693288 0.0643784 0.0582714 0.0514762 0.0443691 0.0372369 0.0303042 0.0237697 0.01783 0.0126764 0.00846152 0.00525371
