SBPRF35
9.69825
Curr Bio
640408
B35
752059
F35
0.193626
FOFL
0.165508
OFL
85811.3
Bzero
2.77093e+006
#pred survey bio
 4.2668e+006 4.0503e+006 3.85534e+006 3.61383e+006 3.35096e+006 3.04754e+006 2.75324e+006 2.4434e+006 2.16681e+006 1.92292e+006 1.69019e+006 1.48606e+006 1.30798e+006 1.15718e+006 1.01091e+006 894958 804280 742197 694943 659644 627569 596709 579062 566814 554774 540138 543661 546562 545315 547876 542108 549347 550673 558993 557329 541444 538525 525470 533660 540770 549558 557865 565166 560187 561080 566253 574368 575705 583432 584484 589521 625729 639423 646161 2.28814e+007 1.38239e+007 1.41674e+007 1.49596e+007 1.60096e+007 1.71128e+007 1.81349e+007 1.90106e+007 1.97228e+007 2.02818e+007 2.07102e+007 2.10331e+007 2.12742e+007 2.14531e+007 2.15857e+007 2.16839e+007 2.17568e+007 2.18113e+007 2.1852e+007 2.18828e+007 2.1906e+007 2.19237e+007 2.19373e+007 2.19477e+007 2.19558e+007 2.1962e+007 2.19669e+007 2.19707e+007 2.19736e+007 2.19759e+007 2.19778e+007 2.19792e+007 2.19803e+007 2.19812e+007 2.19819e+007 2.19825e+007 2.19829e+007 2.19833e+007 2.19836e+007 2.19838e+007 2.1984e+007 2.19841e+007 2.19842e+007 2.19843e+007 2.19844e+007 2.19844e+007 2.19845e+007 2.19845e+007 2.19845e+007 2.19845e+007 2.19846e+007 2.19846e+007 2.19846e+007 2.19846e+007 2.19846e+007 2.19846e+007 2.19846e+007 2.19846e+007 2.19846e+007 2.19846e+007 2.19846e+007 2.19846e+007 2.19846e+007 2.19846e+007 2.19846e+007 2.19846e+007 2.19846e+007 2.19846e+007 2.19846e+007 2.19846e+007 2.19846e+007 2.19846e+007 2.19846e+007 2.19846e+007 2.19846e+007 2.19846e+007 2.19846e+007 2.19846e+007 2.19846e+007 2.19846e+007 2.19846e+007 2.19846e+007 2.19846e+007 2.19846e+007 2.19846e+007 2.19846e+007 2.19846e+007 2.19846e+007 2.19846e+007 2.19846e+007 2.19846e+007 2.19846e+007 2.19846e+007 2.19846e+007 2.19846e+007 2.19846e+007 2.19846e+007 2.19846e+007 2.19846e+007 2.19846e+007 0 0 0 0 0 0 0 0 0 0 0 0 0 0 0 0 0 0 0 0 0 0 0 0 0
#obs survey bio
 5.07864e+006 3.1266e+006 4.97128e+006 3.68898e+006 2.28234e+006 1.85574e+006 2.94599e+006 2.08166e+006 2.51304e+006 1.4044e+006 1.61039e+006 1.01608e+006 1.14918e+006 1.26244e+006 970070 682069 665675 726334 410323 620303 525348 476966 421102 413518 625558 426328 427984 525821 434642 529835 504812 501286 553049 587088 573806 535769 529269 603536 582337 550926 400456 702204 796129 701784 608469 810090 621954 702413 932314 496374 501572 656247 613332 633560
#pred catch bio
 105894 96067.2 153671 193015 253589 270539 309833 302871 293195 299450 286716 272903 254061 251112 223216 199016 171780 156544 144105 138913 134873 121222 115215 113636 113873 97559 97937.1 100704 96574.8 102022 89405.3 93196.9 86033.7 92275.4 100532 87835.9 98355.3 83680.6 87331.6 87072.7 87792.2 88119.1 96857.1 90036.1 85653.2 83324.5 89507.8 84716.4 91335.2 89527.2 66553.3 89084.7 96536 95510.9 85811.3 99507.4 100774 105174 111999 119411 126248 131997 136550 140003 142542 144364 145648 146540 147152 147568 147850 148039 148165 148249 148305 148342 148367 148383 148394 148401 148405 148408 148410 148411 148412 148413 148413 148413 148414 148414 148414 148414 148414 148414 148414 148414 148414 148414 148414 148414 148414 148414 148414 148414 148414 148414 148414 148414 148414 148414 148414 148414 148414 148414 148414 148414 148414 148414 148414 148414 148414 148414 148414 148414 148414 148414 148414 148414 148414 148414 148414 148414 148414 148414 148414 148414 148414 148414 148414 148414 148414 148414 148414 148414 148414 148414 148414 148414 148414 148414 148414 148414 148414 148414 0 0 0 0 0 0 0 0 0 0 0 0 0 0 0 0 0 0 0 0 0 0 0 0 0
#obs catch bio
 0 95665.9 153979 193463 255598 272559 312903 307309 296082 304435 290693 278654 260550 256023 227399 202393 174624 158469 146300 141050 137095 123110 117002 115957 115782 98922.2 99436.3 102231 97842.4 103750 90372.6 94076.4 86862.4 93092.2 101427 87913.9 98777.9 83466.2 87222.4 86654 87678 87582.4 96275.6 89254.3 84665.2 82457 88631.6 83980.1 90144.3 88955.5 65975.7 88841 96653.9 95494.1
#pred cpue bio
 4.20371e+006 3.99053e+006 3.79769e+006 3.55692e+006 3.29479e+006 2.99265e+006 2.69964e+006 2.39143e+006 2.11645e+006 1.87413e+006 1.64318e+006 1.44068e+006 1.26429e+006 1.11554e+006 971882 858107 769269 708686 662706 628331 597254 567464 550449 538590 527033 513060 516611 519600 518622 521360 516166 523656 525289 533756 532858 518122 514933 500881 507884 514813 523668 532060 539564 535159 536328 541445 549289 550457 557868 558690 563123 597981 611129 617572 2.18933e+007 1.32416e+007 1.34775e+007 1.41415e+007 1.51446e+007 1.62364e+007 1.72562e+007 1.81314e+007 1.88436e+007 1.94026e+007 1.98309e+007 2.01539e+007 2.0395e+007 2.05739e+007 2.07064e+007 2.08046e+007 2.08776e+007 2.0932e+007 2.09728e+007 2.10035e+007 2.10268e+007 2.10445e+007 2.10581e+007 2.10685e+007 2.10766e+007 2.10828e+007 2.10877e+007 2.10914e+007 2.10944e+007 2.10967e+007 2.10985e+007 2.11e+007 2.11011e+007 2.1102e+007 2.11027e+007 2.11033e+007 2.11037e+007 2.11041e+007 2.11043e+007 2.11045e+007 2.11047e+007 2.11049e+007 2.1105e+007 2.11051e+007 2.11051e+007 2.11052e+007 2.11052e+007 2.11053e+007 2.11053e+007 2.11053e+007 2.11053e+007 2.11053e+007 2.11054e+007 2.11054e+007 2.11054e+007 2.11054e+007 2.11054e+007 2.11054e+007 2.11054e+007 2.11054e+007 2.11054e+007 2.11054e+007 2.11054e+007 2.11054e+007 2.11054e+007 2.11054e+007 2.11054e+007 2.11054e+007 2.11054e+007 2.11054e+007 2.11054e+007 2.11054e+007 2.11054e+007 2.11054e+007 2.11054e+007 2.11054e+007 2.11054e+007 2.11054e+007 2.11054e+007 2.11054e+007 2.11054e+007 2.11054e+007 2.11054e+007 2.11054e+007 2.11054e+007 2.11054e+007 2.11054e+007 2.11054e+007 2.11054e+007 2.11054e+007 2.11054e+007 2.11054e+007 2.11054e+007 2.11054e+007 2.11054e+007 2.11054e+007 2.11054e+007 2.11054e+007 2.11054e+007 2.11054e+007 0 0 0 0 0 0 0 0 0 0 0 0 0 0 0 0 0 0 0 0 0 0 0 0 0
#obs cpue bio
 4.66464e+006 4.01758e+006 2.83264e+006 1.81128e+006 2.86491e+006 4.05256e+006 2.65593e+006 1.38645e+006 2.61343e+006 1.4602e+006 1.82282e+006 1.06903e+006 794422 1.34062e+006 768206 960083 672641 743935 723980 539307 554474 515709 581386 417727 498993 451781 504588 469090 528030 408085 504861 661942 354099 539850 558000 655666 544519 555083 495480 687046 572621 636270 472231 560035 765707 396942 614590 421351 654116 495655 591741 540356 421750 684884
#pred surv len freq
 0.00476903 0.00775355 0.0116897 0.0165665 0.0222731 0.02852 0.0348104 0.0405604 0.0453159 0.048901 0.0513968 0.0530155 0.0539853 0.0544949 0.0546787 0.0546223 0.0543755 0.0539573 0.0533207 0.0522737 0.0504184 0.0472117 0.0422133 0.0354209 0.0274554
 0.00506675 0.00813543 0.01208 0.0168429 0.0223144 0.0282731 0.0343348 0.0400119 0.0448726 0.0486761 0.0513938 0.053148 0.0541421 0.0546052 0.0547436 0.0547017 0.054544 0.0542503 0.053699 0.052628 0.0506143 0.0471558 0.041901 0.0349369 0.0269281
 0.00528083 0.00850319 0.0126621 0.0176874 0.0234214 0.0295555 0.0356057 0.0410293 0.045437 0.0487251 0.0510259 0.0525562 0.0535064 0.0540213 0.0542248 0.0542293 0.0541125 0.0538732 0.0533802 0.0523326 0.0502719 0.0466994 0.0413136 0.0342696 0.0262757
 0.00548429 0.00883187 0.0131553 0.0183864 0.0243671 0.0307775 0.0370986 0.0427209 0.0471686 0.0502666 0.052138 0.0530769 0.0534131 0.053426 0.0533068 0.0531555 0.0529945 0.0527681 0.0523085 0.0512907 0.0492406 0.0456608 0.040276 0.0332805 0.025407
 0.00568551 0.00915831 0.0136457 0.0190776 0.0252889 0.0319453 0.038504 0.0443264 0.0489053 0.0520309 0.0537861 0.0544296 0.0542878 0.0536925 0.0529376 0.0522353 0.0516797 0.0512254 0.0506687 0.0496354 0.0476147 0.0440976 0.038818 0.0319863 0.0243372
 0.00594822 0.00957706 0.0142608 0.0199222 0.026385 0.0332963 0.0400861 0.0460844 0.0507577 0.053882 0.0555336 0.0559633 0.0554843 0.0544192 0.0530774 0.0517255 0.0505429 0.0495688 0.048652 0.0474269 0.0453635 0.0419283 0.0368387 0.0302891 0.0229867
 0.00621601 0.0100073 0.0148988 0.0208071 0.0275427 0.0347299 0.041764 0.047937 0.0526873 0.0557811 0.0573008 0.0575089 0.0567247 0.0552684 0.0534432 0.05152 0.0497091 0.0481119 0.0466553 0.0450443 0.0427908 0.0393709 0.0344836 0.0282826 0.0214142
 0.0064983 0.0104662 0.0155897 0.0217811 0.0288379 0.0363549 0.0436825 0.0500614 0.0548906 0.057921 0.0592445 0.0591478 0.0579776 0.0560752 0.0537536 0.051284 0.0488797 0.0466641 0.0446167 0.0425187 0.0399614 0.0364755 0.0317693 0.0259544 0.0195939
 0.00680352 0.0109487 0.0162912 0.0227341 0.0300629 0.0378563 0.0454393 0.0520191 0.0569609 0.0599902 0.0611869 0.0608407 0.0593141 0.0569723 0.0541518 0.0511403 0.0481606 0.0453488 0.0427157 0.040103 0.0371835 0.0335633 0.0289862 0.0235361 0.0176906
 0.00709665 0.0114193 0.0169882 0.023698 0.0313182 0.0393993 0.0472269 0.0539677 0.0589607 0.0619277 0.0629618 0.0623691 0.0605232 0.0577957 0.0545292 0.0510201 0.047502 0.0441266 0.0409337 0.0378164 0.0345222 0.0307358 0.0262483 0.0211307 0.0157824
 0.00744607 0.0119733 0.0177957 0.0247957 0.0327243 0.0411043 0.0491818 0.0560792 0.0611001 0.0639538 0.0647453 0.06381 0.0615563 0.0583849 0.0546563 0.0506715 0.0466623 0.0427823 0.0390882 0.0355156 0.0318788 0.0279383 0.0235368 0.0187405 0.0138787
 0.00773818 0.0124498 0.0185155 0.0258132 0.0340773 0.0427959 0.0511625 0.0582423 0.0632986 0.0660298 0.0665575 0.065249 0.0625492 0.0588933 0.0546697 0.0501973 0.0457139 0.0413735 0.0372399 0.0332757 0.0293483 0.0252833 0.0209718 0.0164794 0.0120749
 0.00789715 0.0127275 0.0189693 0.0265101 0.0350804 0.0441426 0.0528416 0.0601826 0.0653766 0.0680911 0.0684427 0.0668161 0.06369 0.0595416 0.0548002 0.0498167 0.0448481 0.0400572 0.035516 0.0312064 0.0270335 0.0228727 0.0186531 0.0144392 0.0104473
 0.00807102 0.0130007 0.0193649 0.0270478 0.03578 0.0450249 0.0539239 0.0614677 0.0668389 0.0696669 0.0700295 0.0682854 0.0649087 0.0603957 0.0552115 0.0497481 0.0442992 0.0390555 0.0341102 0.0294681 0.0250658 0.0208151 0.0166715 0.0126945 0.00905434
 0.00835637 0.0134502 0.0200137 0.0279166 0.0368691 0.0463076 0.0553417 0.0629353 0.0682623 0.0709658 0.0711502 0.0691942 0.0655766 0.0607865 0.0552827 0.0494617 0.043634 0.0380154 0.0327279 0.0278071 0.0232228 0.0189189 0.0148693 0.011124 0.00780991
 0.00859341 0.0138285 0.0205695 0.0286777 0.0378485 0.0474938 0.0566886 0.0643598 0.0696559 0.0722179 0.0721714 0.0699311 0.0660123 0.0609287 0.0551467 0.0490565 0.0429597 0.0370708 0.0315249 0.0263846 0.0216545 0.0173111 0.0133465 0.00980177 0.00676579
 0.0087345 0.0140612 0.0209256 0.029189 0.0385402 0.0483739 0.057737 0.0655237 0.0708551 0.0733588 0.0731627 0.0706972 0.0665027 0.0611232 0.0550516 0.048695 0.0423586 0.0362533 0.0305131 0.0252105 0.0203726 0.0160026 0.0121094 0.00872889 0.00591966
 0.00889213 0.0142914 0.0212249 0.0295409 0.0389242 0.048779 0.0581692 0.0660021 0.0713976 0.073966 0.0738079 0.0713284 0.0670541 0.0615302 0.055265 0.0486876 0.0421252 0.0358052 0.029873 0.0244123 0.0194651 0.0150527 0.0111961 0.00792738 0.00528224
 0.00903728 0.0145178 0.0215464 0.0299604 0.0394295 0.0493396 0.0587373 0.0665216 0.0718237 0.0742826 0.0740322 0.0714956 0.0671927 0.0616437 0.0553293 0.0486635 0.0419752 0.0355065 0.0294225 0.0238281 0.018785 0.0143312 0.010497 0.00731092 0.00479043
 0.00904909 0.014551 0.0216223 0.0301066 0.0396729 0.0496936 0.0591905 0.0670352 0.0723388 0.0747372 0.0743793 0.0717165 0.067298 0.0616623 0.0552903 0.0485799 0.0418394 0.0352981 0.0291227 0.0234323 0.0183098 0.0138132 0.00998513 0.00685358 0.0044223
 0.00909576 0.0146188 0.0217103 0.0302118 0.0397943 0.0498379 0.0593732 0.0672741 0.0726419 0.0750909 0.0747458 0.0720441 0.0675395 0.0617917 0.0553078 0.0485044 0.0416934 0.0350954 0.0288665 0.023122 0.017952 0.0134278 0.00960388 0.00651118 0.00414523
 0.00922124 0.0148069 0.0219632 0.0305198 0.0401373 0.0501894 0.0597049 0.0675615 0.0728698 0.0752575 0.0748603 0.072117 0.067573 0.0617772 0.0552325 0.048361 0.0414858 0.0348361 0.0285699 0.0228002 0.017616 0.0130919 0.00928733 0.00623492 0.00392527
 0.0093234 0.0149568 0.0221588 0.0307481 0.0403774 0.0504182 0.0599016 0.0677106 0.0729631 0.0752958 0.0748545 0.0720852 0.0675345 0.0617437 0.0552033 0.0483242 0.0414249 0.0347381 0.0284304 0.0226232 0.017412 0.0128757 0.00907643 0.0060468 0.00377308
 0.0092716 0.0148956 0.0221081 0.0307388 0.0404402 0.0505677 0.060125 0.0679689 0.0732062 0.0754822 0.0749643 0.0721225 0.0675189 0.0617001 0.0551519 0.0482748 0.0413759 0.0346804 0.0283533 0.0225206 0.0172852 0.0127337 0.00893281 0.00591574 0.00366556
 0.00924674 0.0148516 0.0220371 0.0306352 0.0403074 0.0504244 0.060007 0.0679194 0.073257 0.0756355 0.0751886 0.0723657 0.0677319 0.0618545 0.055244 0.0483172 0.0413852 0.0346678 0.0283224 0.0224707 0.0172163 0.0126497 0.0088424 0.00582957 0.00359272
 0.00937238 0.0150304 0.0222585 0.0308722 0.0405229 0.0505829 0.0600858 0.0679157 0.0731884 0.0755349 0.0750924 0.0722996 0.0677009 0.0618435 0.0552293 0.0482806 0.0413211 0.0345817 0.0282238 0.0223675 0.0171134 0.0125507 0.00875104 0.00575053 0.0035298
 0.00929341 0.0149149 0.0221081 0.0306949 0.0403287 0.050378 0.0598701 0.0676867 0.0729509 0.0753084 0.0749123 0.0722077 0.0677289 0.061999 0.0554904 0.0486037 0.0416562 0.0348875 0.0284755 0.0225565 0.0172422 0.0126281 0.00878911 0.005762 0.00352654
 0.00921364 0.0147905 0.0219311 0.0304637 0.0400494 0.0500667 0.0595527 0.0673949 0.0727127 0.0751405 0.0748181 0.0721838 0.0677745 0.0621184 0.0556871 0.0488708 0.0419714 0.0352169 0.0287839 0.0228173 0.0174422 0.0127671 0.00887563 0.00580919 0.00354795
 0.00917621 0.0147312 0.0218447 0.0303463 0.0398991 0.049885 0.0593461 0.0671764 0.0725012 0.0749571 0.0746813 0.0721051 0.0677572 0.0621603 0.0557845 0.0490197 0.0421652 0.0354421 0.0290196 0.0230394 0.0176305 0.0129105 0.00897345 0.00586851 0.00357947
 0.0089907 0.0144588 0.021489 0.0299294 0.0394558 0.0494517 0.0589533 0.0668461 0.0722494 0.0747956 0.0746179 0.0721427 0.0678922 0.0623817 0.0560753 0.0493597 0.0425334 0.0358182 0.0293837 0.0233719 0.0179143 0.0131346 0.0091358 0.00597551 0.0036432
 0.00897175 0.0144125 0.0213923 0.0297547 0.0391826 0.0490815 0.0585199 0.0664103 0.0718786 0.0745391 0.0744928 0.0721375 0.0679813 0.0625402 0.056285 0.049608 0.0428093 0.0361094 0.0296754 0.0236477 0.0181586 0.0133355 0.00928759 0.00608009 0.00370841
 0.00892862 0.0143316 0.0212502 0.029522 0.0388298 0.0485904 0.0578959 0.065692 0.0711375 0.0738686 0.0739876 0.0718689 0.0679776 0.062782 0.0567177 0.050162 0.043419 0.0367221 0.0302527 0.0241629 0.0185942 0.0136824 0.00954573 0.00625787 0.00382073
 0.00882355 0.014185 0.0210731 0.0293366 0.0386586 0.0484414 0.057753 0.0655196 0.0708988 0.0735487 0.0736085 0.0714878 0.0676698 0.0626151 0.0567291 0.0503498 0.0437475 0.0371376 0.0306998 0.0245951 0.0189782 0.0139986 0.009787 0.00642765 0.0039302
 0.00848956 0.0136854 0.0204033 0.0285249 0.0377628 0.0475388 0.0569295 0.0648557 0.070452 0.0733372 0.0736086 0.0716504 0.0679471 0.0629804 0.0571786 0.0508876 0.0443677 0.0378145 0.0313904 0.0252506 0.0195562 0.0144718 0.010146 0.00667911 0.00409194
 0.00835062 0.0134475 0.0200251 0.0279662 0.0370006 0.0465894 0.0558652 0.0637999 0.069549 0.0727082 0.0733167 0.0716903 0.0682605 0.0634854 0.0577989 0.0515697 0.0450814 0.0385408 0.0321081 0.0259303 0.0201643 0.0149798 0.010539 0.00695891 0.00427427
 0.0090771 0.0144667 0.0212581 0.0292342 0.0380704 0.0472497 0.055993 0.0633873 0.0686887 0.0715583 0.0720611 0.0705004 0.0672627 0.062743 0.0573152 0.0513094 0.0449958 0.0385859 0.0322483 0.0261339 0.0203988 0.0152129 0.0107437 0.00711904 0.00438629
 0.00961846 0.015331 0.02252 0.0309274 0.0401511 0.0495577 0.0582357 0.0651855 0.0696888 0.0715638 0.0711061 0.0688242 0.0652079 0.0606402 0.055406 0.0497227 0.0437658 0.037687 0.0316286 0.0257359 0.0201683 0.0151003 0.0107055 0.00712005 0.00440202
 0.00961005 0.0154082 0.0228038 0.0315851 0.0413512 0.0513953 0.0606607 0.0679704 0.0724588 0.0738799 0.0725766 0.0692112 0.0644932 0.0590212 0.0532207 0.0473396 0.0414881 0.0357058 0.0300258 0.024515 0.0192883 0.0145011 0.0103222 0.00689158 0.00427617
 0.00924251 0.0148527 0.0220533 0.0306802 0.0403935 0.0505536 0.0601587 0.0680396 0.0732544 0.0753917 0.0745886 0.0713463 0.0663309 0.0602355 0.0536743 0.0470996 0.0407663 0.0347621 0.0290826 0.0237123 0.0186822 0.0140872 0.0100647 0.00674575 0.00420142
 0.00911628 0.0146277 0.0216799 0.0301055 0.0395816 0.0495166 0.0589858 0.0669054 0.0723925 0.0750353 0.0748945 0.0723276 0.0678291 0.0619537 0.0552694 0.0482955 0.0414363 0.0349423 0.0289204 0.0233866 0.0183381 0.0138072 0.00987407 0.00663406 0.0041448
 0.00899292 0.0144398 0.0214187 0.0297659 0.0391565 0.0489922 0.0583456 0.0661475 0.071556 0.0742205 0.0742589 0.0720471 0.068033 0.0626604 0.0563602 0.0495458 0.0425957 0.035824 0.029454 0.0236137 0.018363 0.0137394 0.00979033 0.00657063 0.00410835
 0.00884103 0.0142075 0.0210969 0.029357 0.038674 0.0484582 0.0577877 0.0655936 0.0710281 0.0737348 0.0738359 0.071729 0.0678915 0.0627796 0.0567934 0.0502727 0.0435088 0.0367613 0.0302616 0.0242006 0.0187196 0.0139157 0.00985694 0.00658633 0.00410805
 0.00869681 0.0139814 0.0207728 0.0289269 0.0381418 0.0478429 0.0571266 0.0649399 0.0704408 0.073263 0.0735077 0.0715518 0.0678642 0.0629078 0.0570947 0.0507621 0.0441731 0.0375407 0.0310572 0.0249084 0.0192686 0.0142876 0.0100777 0.00670232 0.00416316
 0.00873902 0.0140334 0.0208202 0.0289452 0.0381019 0.0477206 0.0569112 0.0646383 0.0700757 0.0728675 0.0731187 0.071204 0.0675861 0.0627217 0.0570194 0.050815 0.0443645 0.0378618 0.0314704 0.0253511 0.0196734 0.0146064 0.0102948 0.00683049 0.00422906
 0.00883258 0.014163 0.0209728 0.0290929 0.0382068 0.0477452 0.0568279 0.0644364 0.0697635 0.0724722 0.0726825 0.0707766 0.0672147 0.0624426 0.0568548 0.0507748 0.0444489 0.0380611 0.0317613 0.0256948 0.0200211 0.0149122 0.0105299 0.00698882 0.00432265
 0.00887527 0.0142312 0.021072 0.0292244 0.0383636 0.0479078 0.056963 0.0645016 0.0697208 0.0723023 0.0723947 0.0704072 0.0668166 0.0620714 0.056557 0.0505814 0.0443739 0.0381028 0.0319039 0.0259095 0.0202696 0.0151547 0.0107348 0.00714008 0.00442058
 0.00889394 0.0142578 0.0211055 0.029262 0.0384026 0.0479468 0.0570019 0.0645386 0.0697476 0.0723024 0.0723469 0.0702953 0.0666396 0.0618482 0.0563228 0.0503772 0.0442352 0.038051 0.0319423 0.0260243 0.020434 0.0153355 0.0109018 0.00727335 0.0045134
 0.00890111 0.0142791 0.0211546 0.0293563 0.0385566 0.0481635 0.0572664 0.0648188 0.0700029 0.0724956 0.0724513 0.0702966 0.0665348 0.0616456 0.0560441 0.0500574 0.0439177 0.0377779 0.0317442 0.0259133 0.0204024 0.0153616 0.0109579 0.00733503 0.00456495
 0.00896838 0.0143646 0.0212404 0.0294139 0.0385584 0.0480991 0.057153 0.0646969 0.0699184 0.0724774 0.0725003 0.070388 0.0666318 0.0617139 0.0560619 0.0500197 0.0438363 0.037677 0.0316525 0.0258539 0.0203859 0.0153838 0.0110043 0.00738836 0.00461189
 0.00915337 0.0146459 0.0216258 0.0298932 0.0391013 0.0486555 0.0576573 0.0650806 0.0701294 0.0724998 0.0723587 0.0701337 0.0663177 0.0613759 0.055715 0.0496665 0.0434796 0.0373274 0.0313287 0.0255775 0.0201728 0.0152386 0.0109194 0.00734793 0.00459833
 0.00920918 0.0147475 0.0217981 0.0301638 0.0394913 0.0491653 0.0582548 0.0656993 0.0706826 0.0729039 0.0725575 0.0701122 0.0661025 0.0610211 0.0552816 0.0492051 0.0430233 0.0368957 0.0309353 0.0252354 0.0198938 0.0150292 0.0107771 0.00726173 0.00455247
 0.00903014 0.014464 0.0213879 0.0296179 0.0388231 0.0484211 0.0575179 0.0650793 0.0702848 0.0727935 0.0727362 0.0705228 0.0666544 0.0616232 0.0558649 0.0497298 0.0434727 0.0372667 0.0312314 0.0254637 0.0200649 0.015155 0.0108687 0.00732755 0.00459837
 0.00894222 0.014344 0.0212485 0.0294822 0.0387144 0.0483495 0.0574734 0.0650383 0.0702287 0.0727254 0.0726829 0.0705195 0.0667229 0.0617583 0.0560384 0.0499054 0.0436217 0.0373753 0.0312994 0.0254993 0.0200787 0.0151573 0.0108674 0.00732696 0.00459979
 0.00852434 0.0137502 0.020514 0.0286956 0.0379956 0.0478103 0.0571837 0.0650118 0.0704288 0.0730826 0.0731184 0.0709673 0.0671448 0.0621442 0.0563931 0.0502333 0.0439184 0.0376306 0.0315045 0.0256524 0.0201854 0.0152276 0.0109118 0.00735455 0.00461688
#obs surv len freq
 nan nan nan nan nan nan nan nan nan nan nan nan nan nan nan nan nan nan nan nan nan nan nan nan nan
 0.00448449 0.0073458 0.0111758 0.0159922 0.0216931 0.0279689 0.0342831 0.0400145 0.0446939 0.0481576 0.0505152 0.0520107 0.0529027 0.0534148 0.0537289 0.0539836 0.054262 0.0545547 0.0546934 0.0542853 0.0527234 0.0493555 0.0438054 0.0362855 0.0276693
 0.0046144 0.00755905 0.0115002 0.016454 0.0223102 0.0287413 0.0351832 0.0409839 0.0456524 0.0490183 0.0512015 0.0524677 0.0531021 0.0533557 0.053433 0.053488 0.0536098 0.0537885 0.0538521 0.0534057 0.0518442 0.0485198 0.0430576 0.0356635 0.0271939
 0.00478527 0.00783677 0.0119182 0.0170433 0.0230942 0.0297257 0.036346 0.0422699 0.0469778 0.0502833 0.0523053 0.0533207 0.053636 0.0535306 0.053241 0.0529511 0.0527733 0.0527116 0.0526012 0.052051 0.050461 0.0471886 0.0418585 0.0346624 0.0264274
 0.00496136 0.0081293 0.0123699 0.0176978 0.0239868 0.0308693 0.0377171 0.0438043 0.0485798 0.0518439 0.0537176 0.0544884 0.054477 0.0539801 0.0532572 0.0525205 0.0519144 0.0514732 0.0510584 0.0503009 0.0486187 0.0453811 0.0402113 0.0332781 0.0253634
 0.00518164 0.00848462 0.0129 0.0184391 0.0249673 0.0321 0.0391808 0.0454487 0.0503211 0.0535779 0.0553338 0.0558807 0.0555508 0.0546567 0.0534761 0.052243 0.0511285 0.0502001 0.0493586 0.0482773 0.0464139 0.0431657 0.0381601 0.0315367 0.0240169
 0.00541707 0.00887271 0.0134936 0.0192897 0.0261136 0.0335512 0.0409002 0.0473515 0.0522901 0.0554892 0.0570768 0.0573643 0.0566994 0.055404 0.0537631 0.0520207 0.0503641 0.0488885 0.0475362 0.0460354 0.043904 0.0405891 0.0357359 0.029455 0.0223945
 0.00565861 0.00926924 0.0140978 0.020154 0.0272809 0.035039 0.0426842 0.0493578 0.0544024 0.0575703 0.0589912 0.0589952 0.0579566 0.0562226 0.0540965 0.0518315 0.0496224 0.0475788 0.0456759 0.0436975 0.0412336 0.0377984 0.033071 0.0271401 0.0205745
 0.00589429 0.00965612 0.0146872 0.0209967 0.0284178 0.036487 0.0444206 0.0513139 0.0564728 0.0596308 0.0609172 0.0606724 0.0592868 0.0571267 0.0545148 0.0517212 0.0489534 0.0463356 0.0438697 0.0413894 0.0385563 0.0349603 0.0303262 0.0247297 0.0186631
 0.00613903 0.010055 0.0152894 0.0218489 0.0295561 0.0379231 0.0461277 0.0532217 0.0584767 0.0616115 0.0627591 0.0622738 0.0605618 0.0580047 0.0549379 0.0516429 0.0483377 0.045161 0.0421412 0.0391591 0.0359461 0.0321683 0.0276023 0.0223182 0.0167367
 0.00639584 0.0104761 0.0159296 0.0227606 0.030778 0.0394634 0.0479471 0.0552291 0.0605445 0.0636025 0.0645507 0.0637698 0.0616934 0.058724 0.0552108 0.0514418 0.0476384 0.0439459 0.0404123 0.0369604 0.0333871 0.0294334 0.0249289 0.0199436 0.0148325
 0.00661502 0.0108385 0.0164864 0.0235635 0.0318695 0.0408601 0.0496233 0.0571094 0.0625137 0.0655271 0.066301 0.0652367 0.0627958 0.0594096 0.055451 0.0512224 0.0469511 0.0427862 0.0387883 0.0349125 0.0310123 0.0268964 0.0224453 0.0177316 0.0130531
 0.006854 0.0112283 0.0170755 0.0243978 0.0329831 0.0422619 0.0512815 0.058947 0.0644175 0.0673688 0.0679575 0.0666039 0.0637946 0.0599883 0.0555833 0.0509019 0.0461832 0.0415833 0.0371729 0.0329317 0.0287577 0.0245159 0.0201307 0.0156772 0.0114024
 0.00707736 0.0115962 0.0176377 0.0252025 0.0340668 0.0436322 0.0529018 0.060732 0.0662468 0.0691117 0.0694959 0.0678438 0.0646695 0.0604572 0.0556265 0.0505173 0.0453815 0.0403846 0.0356092 0.0310565 0.0266606 0.0223308 0.0180257 0.0138202 0.00991572
 0.00728906 0.0119415 0.0181596 0.0259418 0.0350538 0.0448748 0.0543713 0.0623575 0.0679235 0.0707196 0.0709193 0.0689867 0.0654629 0.0608606 0.055625 0.0501151 0.0445958 0.0392418 0.0341468 0.029331 0.0247578 0.020372 0.0161569 0.0121836 0.00861228
 0.00743581 0.0121874 0.018543 0.0265029 0.035826 0.0458712 0.0555719 0.0637048 0.0693315 0.0720901 0.0721581 0.0700124 0.0662108 0.0612845 0.0556989 0.0498319 0.043965 0.0382867 0.0329045 0.027857 0.0231328 0.0187041 0.0145721 0.0108013 0.00751532
 0.00751489 0.0123167 0.0187398 0.0267859 0.0362148 0.0463829 0.0562165 0.0644789 0.0702137 0.0730395 0.0731166 0.070911 0.066978 0.0618556 0.056022 0.049872 0.0437052 0.0377294 0.0320723 0.0267955 0.0219132 0.0174221 0.0133372 0.00971594 0.00665025
 0.00761127 0.0124634 0.0189424 0.0270438 0.0365231 0.0467357 0.056609 0.0649083 0.0706788 0.0735389 0.0736451 0.0714533 0.0675044 0.0623218 0.0563749 0.0500585 0.0436819 0.0374704 0.0315751 0.0260847 0.0210428 0.0164717 0.0124003 0.00888098 0.00597923
 0.00768423 0.012581 0.0191167 0.0272836 0.0368304 0.0471013 0.0570101 0.0653116 0.0710516 0.0738609 0.0739149 0.0716849 0.0677153 0.0625191 0.0565469 0.0501745 0.0436997 0.0373486 0.0312862 0.0256263 0.020443 0.0157873 0.0117058 0.00825014 0.00546601
 0.00774284 0.0126684 0.0192342 0.027428 0.0369966 0.0472849 0.0572085 0.0655225 0.0712694 0.0740757 0.0741144 0.0718597 0.0678632 0.0626446 0.0566545 0.0502604 0.0437459 0.0373255 0.0311623 0.0253823 0.0200833 0.0153438 0.0112316 0.00780371 0.00509379
 0.00778148 0.0127304 0.0193253 0.027552 0.037153 0.0474671 0.0574026 0.0657104 0.0714342 0.0742081 0.0742147 0.0719346 0.0679203 0.0626894 0.0566894 0.050284 0.0437516 0.037299 0.0310836 0.0252329 0.0198567 0.0150532 0.0109091 0.00749055 0.00482634
 0.00782489 0.0127926 0.0194038 0.0276397 0.0372411 0.047549 0.0574767 0.0657787 0.0714999 0.0742718 0.0742742 0.0719872 0.0679651 0.0627275 0.0567228 0.0503128 0.0437718 0.0373016 0.0310554 0.0251601 0.0197312 0.0148793 0.010705 0.00728388 0.00464396
 0.00785391 0.0128358 0.019461 0.0277075 0.0373125 0.0476146 0.0575265 0.0658047 0.0714997 0.0742509 0.074245 0.0719638 0.0679581 0.0627409 0.0567539 0.0503551 0.0438166 0.0373387 0.0310734 0.0251473 0.01968 0.0147898 0.0105876 0.00715657 0.00452624
 0.0078986 0.0129039 0.0195547 0.0278253 0.0374487 0.0477596 0.0576666 0.0659238 0.0715817 0.0742845 0.0742278 0.0719036 0.0678708 0.0626451 0.0566657 0.0502837 0.0437637 0.0372992 0.0310382 0.0251061 0.0196243 0.0147164 0.0105003 0.00706513 0.00444243
 0.00792323 0.0129431 0.019612 0.0279027 0.0375463 0.0478739 0.0577896 0.0660433 0.0716835 0.0743557 0.0742597 0.0718938 0.0678231 0.0625693 0.056575 0.0501919 0.0436813 0.037231 0.0309825 0.0250569 0.0195744 0.0146609 0.010439 0.00700264 0.00438539
 0.00789977 0.0129069 0.0195616 0.0278386 0.0374719 0.0477956 0.0577172 0.0659884 0.0716565 0.0743624 0.074299 0.0719574 0.0678993 0.062646 0.0566438 0.0502492 0.0437277 0.037269 0.0310136 0.0250803 0.0195873 0.0146609 0.0104264 0.0069809 0.00436013
 0.00790782 0.0129087 0.0195436 0.0277826 0.0373605 0.0476221 0.0574922 0.0657407 0.0714251 0.0741848 0.0742005 0.0719471 0.06797 0.0627788 0.0568142 0.0504332 0.0439064 0.0374303 0.0311512 0.0251917 0.0196717 0.0147188 0.0104604 0.00699559 0.00436197
 0.00790805 0.0129116 0.0195517 0.0277977 0.0373801 0.0476362 0.0574829 0.0656877 0.071316 0.0740249 0.0740153 0.0717744 0.0678456 0.0627247 0.0568331 0.0505116 0.0440221 0.0375605 0.0312776 0.0253021 0.0197599 0.0147831 0.0105021 0.00701879 0.00437193
 0.00789849 0.0128924 0.0195166 0.0277397 0.0372947 0.0475249 0.0573551 0.0655576 0.0711967 0.0739224 0.0739286 0.0717013 0.0677904 0.0626989 0.0568505 0.0505799 0.0441374 0.037708 0.0314371 0.0254544 0.0198908 0.0148854 0.0105748 0.00706539 0.00439846
 0.00787067 0.0128469 0.0194475 0.0276413 0.0371626 0.0473582 0.057159 0.0653453 0.0709882 0.073741 0.0737949 0.0716277 0.0677787 0.0627432 0.0569421 0.0507113 0.0443019 0.0378968 0.0316372 0.0256495 0.0200653 0.0150282 0.0106815 0.00713789 0.00444303
 0.00784549 0.0128029 0.0193759 0.0275324 0.0370086 0.0471572 0.0569187 0.0650832 0.0707289 0.0735106 0.0736163 0.0715179 0.0677465 0.0627889 0.0570576 0.0508825 0.0445123 0.03813 0.0318773 0.0258809 0.0202737 0.0152022 0.0108152 0.0072318 0.00450297
 0.00784382 0.0127981 0.0193645 0.0275091 0.0369666 0.0470891 0.0568184 0.0649483 0.0705628 0.0733243 0.0734277 0.0713487 0.0676181 0.0627176 0.0570517 0.0509413 0.0446271 0.0382864 0.032058 0.0260683 0.0204513 0.0153568 0.0109385 0.00732146 0.00456212
 0.0078156 0.012755 0.019305 0.0274332 0.036876 0.0469862 0.056706 0.0648292 0.0704403 0.0732018 0.0733101 0.0712428 0.0675338 0.0626664 0.0570442 0.0509842 0.0447207 0.0384235 0.0322254 0.026249 0.0206278 0.0155142 0.0110667 0.00741662 0.00462622
 0.00780261 0.0127291 0.0192574 0.0273537 0.0367565 0.0468256 0.0565139 0.0646256 0.0702492 0.0730436 0.0731962 0.0711755 0.067509 0.0626791 0.0570913 0.0510651 0.0448352 0.0385692 0.0323952 0.0264309 0.0208069 0.015676 0.0112005 0.00751749 0.0046952
 0.0077492 0.0126487 0.019148 0.0272172 0.0365965 0.046646 0.0563185 0.06442 0.070044 0.0728557 0.073046 0.0710812 0.0674815 0.0627184 0.0571888 0.0512077 0.0450103 0.0387661 0.0326042 0.0266417 0.0210076 0.0158547 0.0113477 0.00762866 0.00477169
 0.00933454 0.0148601 0.0218008 0.0299154 0.0388497 0.0480543 0.0567176 0.0639057 0.0688801 0.0713439 0.0714317 0.0695235 0.0660661 0.0614839 0.0561462 0.050352 0.0443271 0.0382365 0.0322085 0.0263598 0.0208195 0.0157393 0.0112844 0.00759881 0.00476052
 0.00931654 0.0151264 0.022722 0.0319501 0.0423431 0.0529668 0.0624545 0.0694159 0.0730327 0.0733771 0.0712061 0.0674569 0.0628509 0.0577924 0.0524658 0.0469624 0.0413538 0.0357162 0.0301341 0.0247049 0.0195465 0.0148028 0.0106312 0.00717102 0.00449975
 0.00897583 0.0145903 0.0219702 0.0310327 0.0414346 0.0524018 0.0626872 0.0708571 0.0758017 0.0771192 0.0751383 0.0706675 0.0646815 0.0580668 0.0514542 0.0451622 0.0392561 0.0336732 0.0283392 0.0232328 0.0184033 0.0139597 0.0100433 0.00678609 0.0042652
 0.00882747 0.0143348 0.0215599 0.0304175 0.0405808 0.0513265 0.0615015 0.069794 0.0751967 0.0773161 0.0763345 0.0727681 0.067268 0.0605345 0.053259 0.0460297 0.0392348 0.0330319 0.0274049 0.0222687 0.0175647 0.0133076 0.0095788 0.00648031 0.00407915
 0.00875282 0.0142101 0.021365 0.0301285 0.0401718 0.0507749 0.0607992 0.0689651 0.0743191 0.0765372 0.0758621 0.0728167 0.0679637 0.0618216 0.0548783 0.0476036 0.0404229 0.0336627 0.027509 0.0220125 0.0171473 0.0128838 0.00923224 0.00623513 0.0039246
 0.00870312 0.0141299 0.0212452 0.0299601 0.0399463 0.0504851 0.0604405 0.0685375 0.0738303 0.0760109 0.0753509 0.0724125 0.067789 0.0619912 0.0554367 0.0484765 0.0414233 0.0345621 0.028134 0.0223075 0.0171689 0.0127456 0.00904353 0.00606621 0.00380318
 0.00867658 0.0140846 0.0211731 0.0298525 0.0397957 0.0502881 0.0602 0.0682621 0.0735319 0.0757008 0.0750408 0.0721217 0.0675543 0.0618706 0.0554964 0.0487587 0.0419105 0.0351658 0.0287232 0.0227646 0.0174371 0.0128396 0.00902282 0.00599689 0.00373166
 0.00867363 0.0140798 0.0211656 0.0298407 0.0397762 0.0502554 0.0601466 0.0681798 0.0734146 0.0755469 0.0748546 0.0719136 0.0673421 0.0616813 0.0553677 0.0487323 0.0420156 0.0353986 0.029038 0.0230874 0.0176978 0.0130009 0.0090886 0.00599807 0.00370418
 0.00866793 0.0140709 0.0211527 0.0298234 0.0397546 0.0502297 0.0601167 0.0681451 0.0733725 0.0754933 0.0747844 0.0718234 0.0672329 0.0615621 0.0552559 0.0486532 0.0419965 0.0354575 0.0291717 0.0232681 0.0178825 0.0131502 0.00918275 0.00604026 0.00371171
 0.00865237 0.014048 0.0211227 0.0297879 0.0397164 0.0501918 0.0600816 0.0681144 0.073347 0.075472 0.074765 0.0718015 0.0672039 0.0615231 0.055209 0.0486077 0.0419676 0.0354621 0.0292201 0.0233568 0.0179935 0.0132584 0.00926751 0.00609314 0.00373652
 0.00865377 0.0140479 0.0211182 0.0297755 0.0396927 0.050156 0.0600368 0.0680671 0.0733045 0.0754401 0.0747453 0.0717919 0.0671996 0.0615185 0.0552003 0.0485946 0.041955 0.035459 0.029236 0.0233964 0.0180528 0.0133258 0.00932905 0.006139 0.00376424
 0.00864462 0.014036 0.0211059 0.0297659 0.0396888 0.0501584 0.0600423 0.06807 0.0732996 0.0754253 0.0747231 0.0717675 0.0671777 0.0615015 0.0551876 0.0485842 0.0419463 0.0354539 0.0292389 0.0234115 0.018081 0.013363 0.00936775 0.00617191 0.00378734
 0.00863793 0.0140238 0.0210853 0.0297342 0.0396448 0.0501044 0.0599848 0.0680182 0.0732622 0.0754066 0.0747217 0.0717783 0.0671955 0.0615225 0.0552102 0.0486076 0.0419699 0.0354774 0.0292631 0.023438 0.018111 0.0133955 0.00939968 0.00619951 0.00380796
 0.00862844 0.0140107 0.0210696 0.029718 0.0396301 0.0500914 0.059972 0.0680031 0.073243 0.0753849 0.0747014 0.0717642 0.0671902 0.0615259 0.05522 0.0486212 0.0419851 0.0354935 0.0292801 0.0234564 0.0181311 0.013417 0.00942101 0.00621855 0.00382291
 0.00860796 0.01398 0.0210285 0.0296683 0.0395756 0.0500375 0.0599244 0.0679671 0.073222 0.075379 0.0747081 0.0717796 0.0672115 0.0615516 0.0552493 0.0486532 0.0420185 0.0355265 0.0293114 0.0234856 0.0181579 0.0134413 0.00944243 0.00623627 0.00383637
 0.00860796 0.01398 0.0210285 0.0296683 0.0395756 0.0500375 0.0599244 0.0679671 0.073222 0.075379 0.0747081 0.0717796 0.0672115 0.0615516 0.0552493 0.0486532 0.0420185 0.0355265 0.0293114 0.0234856 0.0181579 0.0134413 0.00944243 0.00623627 0.00383637
 0.00838224 0.0136187 0.0204972 0.0289445 0.0386597 0.0489667 0.0587831 0.0668815 0.0723334 0.0748057 0.0745145 0.0719656 0.0677224 0.0622996 0.0561361 0.0495876 0.0429273 0.0363584 0.0300352 0.0240869 0.0186351 0.013802 0.00970069 0.00641019 0.00394558
 0.00846783 0.0137322 0.0206195 0.0290391 0.0386787 0.0488637 0.0585271 0.0664677 0.07179 0.0741938 0.0739187 0.0714764 0.0674121 0.0622043 0.0562495 0.0498687 0.0433161 0.0367926 0.0304626 0.0244709 0.0189554 0.0140517 0.00988288 0.0065343 0.00402409
 0.00861222 0.0139775 0.0210051 0.0295996 0.0394259 0.0497628 0.0594808 0.0673259 0.0723895 0.0744123 0.073716 0.070903 0.0665876 0.0612778 0.0553592 0.0491128 0.042741 0.0363984 0.0302193 0.0243365 0.0188905 0.014026 0.00987659 0.00653593 0.00402787
#pred catch len freq
 0.00416721 0.00660966 0.00967375 0.0133005 0.0174593 0.0221253 0.0272104 0.0325276 0.0378236 0.0428375 0.0473434 0.0511735 0.0542364 0.0565196 0.0580736 0.0589875 0.0593682 0.0593129 0.0588452 0.0578148 0.0558251 0.0523031 0.0467775 0.0392552 0.0304291
 0.00444376 0.00697401 0.0100678 0.0136263 0.0176165 0.0220656 0.0269727 0.0322254 0.037587 0.0427451 0.0473882 0.0512809 0.0543179 0.0565281 0.0580293 0.0589644 0.0594494 0.0595358 0.0591652 0.0581105 0.055949 0.0521541 0.0463541 0.0386543 0.0297948
 0.00466707 0.0073386 0.0106132 0.0143737 0.0185459 0.0230924 0.0279444 0.0329603 0.0379481 0.0427085 0.0470529 0.0508081 0.0538435 0.0561102 0.0576603 0.0586211 0.0591327 0.0592682 0.0589557 0.057922 0.0557022 0.0517715 0.0458121 0.0380055 0.0291416
 0.00489282 0.0076931 0.0111263 0.0150722 0.0194559 0.0242355 0.0293196 0.0345119 0.0395399 0.0441317 0.048082 0.0512873 0.0537491 0.0555484 0.0568014 0.0576221 0.058097 0.0582479 0.0579687 0.0569619 0.0547445 0.0507913 0.0448126 0.0370334 0.0282735
 0.00513547 0.00807346 0.0116736 0.0158072 0.0203929 0.0253828 0.0306771 0.0360644 0.0412456 0.0459066 0.0497853 0.0527256 0.0547154 0.0558886 0.0564738 0.0567093 0.0567625 0.0566686 0.0562839 0.0552579 0.0530674 0.0491739 0.0432973 0.0356814 0.0271501
 0.00542541 0.00852399 0.0123141 0.0166547 0.0214541 0.0266568 0.0321529 0.0377154 0.0430254 0.0477471 0.0515955 0.0543869 0.05608 0.0567911 0.0567649 0.056303 0.0556721 0.055006 0.0542218 0.0529798 0.0507345 0.0469191 0.0412344 0.0339073 0.0257339
 0.00574886 0.0090277 0.0130319 0.0176062 0.0226455 0.0280815 0.0337884 0.0395182 0.0449305 0.049673 0.0534506 0.0560738 0.0574943 0.0578191 0.0572854 0.0562031 0.0548777 0.0535165 0.0521272 0.0504496 0.0479851 0.0441764 0.0387033 0.0317473 0.0240389
 0.00606838 0.0095309 0.01376 0.0185898 0.0239031 0.0296164 0.0355805 0.0415161 0.0470502 0.0518058 0.0554762 0.0578734 0.058961 0.0588602 0.0578179 0.0561487 0.0541677 0.0521132 0.050056 0.0478236 0.0450063 0.0411065 0.0358134 0.0292622 0.0220924
 0.0064158 0.0100675 0.0145168 0.0195819 0.0251345 0.0310854 0.0372775 0.0434146 0.0490959 0.0539115 0.0575259 0.0597356 0.0605061 0.059976 0.0584159 0.0561609 0.0535414 0.050815 0.0480921 0.0452708 0.0420334 0.037967 0.0327997 0.0266365 0.0200223
 0.00677918 0.0106328 0.0153209 0.020644 0.0264567 0.0326531 0.0390564 0.0453483 0.0511086 0.0559155 0.0594288 0.0614421 0.0619191 0.0610002 0.0589639 0.056159 0.0529331 0.0495655 0.0462023 0.0428013 0.0391299 0.0348634 0.0297835 0.0239805 0.0179121
 0.00719247 0.0112714 0.0162213 0.0218213 0.0279073 0.0343577 0.0409774 0.0474222 0.0532431 0.0579967 0.0613351 0.0630615 0.0631613 0.0617995 0.0592742 0.0559444 0.0521618 0.0482138 0.04427 0.0403384 0.0362633 0.0318054 0.0268047 0.0213461 0.0158095
 0.00755513 0.011842 0.0170451 0.0229295 0.0293144 0.0360565 0.0429301 0.049554 0.0554453 0.060139 0.0632824 0.064689 0.064367 0.0625129 0.0594576 0.0555851 0.0512609 0.0467786 0.0423202 0.0379271 0.0335044 0.0288875 0.023971 0.0188397 0.0138055
 0.0077742 0.0122004 0.0175901 0.0237097 0.0303742 0.0374249 0.0446055 0.0514908 0.0575509 0.0622814 0.0653071 0.0664405 0.0657114 0.0633544 0.0597442 0.0553042 0.0504268 0.0454216 0.0404843 0.0356813 0.0309624 0.0262199 0.0213921 0.0165628 0.011985
 0.00804409 0.0126131 0.0181647 0.0244525 0.0312861 0.03851 0.0458722 0.0529416 0.0591651 0.0640001 0.0670293 0.0680333 0.0670321 0.0642762 0.0601764 0.0552002 0.0497814 0.0442622 0.0388642 0.0336813 0.0287 0.0238551 0.0191153 0.0145586 0.0103849
 0.0083754 0.013123 0.0188785 0.0253746 0.0324011 0.0397857 0.0472611 0.0543842 0.0605973 0.0653637 0.0682746 0.0691138 0.0678938 0.0648545 0.0604029 0.0550173 0.049156 0.0431941 0.0373887 0.0318706 0.0266655 0.021745 0.0170991 0.0127953 0.00898431
 0.00865076 0.0135511 0.0194867 0.0261766 0.0333962 0.040958 0.0485748 0.0557793 0.0619919 0.0666651 0.0693966 0.0699913 0.0684897 0.0651542 0.0604016 0.0547081 0.0485276 0.0422392 0.0361187 0.0303303 0.0249402 0.0199585 0.0153959 0.0113099 0.00780778
 0.00878774 0.0137723 0.0198176 0.0266417 0.0340166 0.0417462 0.0495272 0.0568686 0.0631647 0.0678452 0.0704941 0.0709161 0.0691676 0.0655386 0.0604766 0.0544807 0.0480146 0.0414587 0.0350922 0.0290936 0.0235571 0.0185242 0.0140256 0.0101131 0.00685934
 0.00895506 0.0140161 0.0201334 0.0270109 0.0344171 0.042167 0.049977 0.057372 0.0637461 0.0685101 0.0712172 0.0716414 0.0698201 0.0660417 0.0607684 0.0545237 0.0477972 0.0409897 0.0343951 0.0282063 0.0225362 0.0174474 0.012985 0.00919686 0.00612908
 0.00910397 0.014244 0.0204493 0.0274113 0.0348852 0.0426734 0.0504832 0.0578387 0.0641464 0.0688408 0.0714984 0.0719017 0.0700745 0.0662776 0.0609463 0.0545918 0.047709 0.0407173 0.033935 0.0275799 0.0217878 0.0166414 0.0121967 0.00849752 0.00556886
 0.0091353 0.0143038 0.0205555 0.0275863 0.0351499 0.0430383 0.0509393 0.0583533 0.0646681 0.0693123 0.0718734 0.0721586 0.0702199 0.0663368 0.0609447 0.054538 0.0475904 0.0405086 0.0336139 0.0271416 0.0212523 0.0160519 0.0116108 0.00797211 0.00514493
 0.00920508 0.0144061 0.0206897 0.0277475 0.0353337 0.0432474 0.051185 0.05865 0.0650209 0.0697056 0.0722679 0.0725016 0.0704639 0.0664562 0.0609413 0.054433 0.0474081 0.0402635 0.0333087 0.0267749 0.0208315 0.0156001 0.0111647 0.00757201 0.00482145
 0.00930195 0.0145495 0.0208793 0.0279731 0.0355785 0.0434923 0.0514144 0.0588551 0.0652021 0.0698712 0.0724282 0.0726594 0.0706073 0.0665604 0.0609791 0.0543872 0.0472775 0.0400592 0.0330457 0.0264672 0.0204927 0.0152482 0.0108241 0.00726922 0.00457728
 0.00939826 0.0146896 0.0210597 0.0281797 0.0357903 0.043688 0.0515773 0.0589757 0.0652784 0.0699082 0.072438 0.0726586 0.0706113 0.066576 0.061 0.0543956 0.0472521 0.0399842 0.0329157 0.0262871 0.0202751 0.0150111 0.0105889 0.00705694 0.00440423
 0.00935172 0.0146342 0.0210129 0.0281689 0.0358431 0.0438186 0.0517763 0.0592108 0.0655063 0.0700919 0.072558 0.0727154 0.0706205 0.0665586 0.0609737 0.0543688 0.0472215 0.0399387 0.0328433 0.0261811 0.0201377 0.0148531 0.0104266 0.00690751 0.00428091
 0.00934275 0.0146159 0.0209799 0.0281172 0.0357758 0.0437509 0.0517364 0.0592316 0.0656094 0.0702725 0.072783 0.0729365 0.0707947 0.0666646 0.0610138 0.05436 0.0471831 0.0398831 0.0327739 0.0260963 0.0200367 0.01474 0.0103104 0.00679988 0.00419153
 0.00939041 0.0146781 0.0210452 0.0281653 0.0357828 0.0436989 0.0516231 0.0590747 0.0654448 0.0701446 0.0727299 0.0729751 0.0709132 0.0668277 0.0611788 0.0544938 0.0472709 0.0399258 0.0327797 0.0260737 0.0199925 0.0146804 0.0102431 0.00673348 0.00413398
