SBPRF35
7.78865
Curr Bio
627756
B35
664695
F35
0.224397
FOFL
0.216795
OFL
105640
Bzero
2.22533e+006
#pred survey bio
 3.73854e+006 3.3e+006 2.94432e+006 2.62319e+006 2.30595e+006 2.04131e+006 1.81807e+006 1.59148e+006 1.39952e+006 1.22367e+006 1.06019e+006 944333 850036 798605 745021 701961 672662 637225 613474 597656 592822 592825 593321 598047 602626 613689 617985 609296 604299 597821 582807 567580 544079 539381 531412 536606 543115 539906 544894 551774 562369 566944 561991 564023 570007 567277 574873 575463 592449 604195 625087 630081 2.25922e+007 1.38088e+007 1.41474e+007 1.46396e+007 1.51901e+007 1.57123e+007 1.61625e+007 1.65276e+007 1.6812e+007 1.70278e+007 1.71889e+007 1.73081e+007 1.73959e+007 1.74605e+007 1.75082e+007 1.75435e+007 1.75698e+007 1.75894e+007 1.76042e+007 1.76153e+007 1.76237e+007 1.76301e+007 1.7635e+007 1.76388e+007 1.76416e+007 1.76438e+007 1.76455e+007 1.76468e+007 1.76478e+007 1.76486e+007 1.76492e+007 1.76496e+007 1.765e+007 1.76503e+007 1.76505e+007 1.76507e+007 1.76508e+007 1.76509e+007 1.7651e+007 1.7651e+007 1.76511e+007 1.76511e+007 1.76511e+007 1.76511e+007 1.76512e+007 1.76512e+007 1.76512e+007 1.76512e+007 1.76512e+007 1.76512e+007 1.76512e+007 1.76512e+007 1.76512e+007 1.76512e+007 1.76512e+007 1.76512e+007 1.76512e+007 1.76512e+007 1.76512e+007 1.76512e+007 1.76512e+007 1.76512e+007 1.76512e+007 1.76512e+007 1.76512e+007 1.76512e+007 1.76512e+007 1.76512e+007 1.76512e+007 1.76512e+007 1.76512e+007 1.76512e+007 1.76512e+007 1.76512e+007 1.76512e+007 1.76512e+007 1.76512e+007 1.76512e+007 1.76512e+007 1.76512e+007 1.76512e+007 1.76512e+007 1.76512e+007 1.76512e+007 1.76512e+007 1.76512e+007 1.76512e+007 1.76512e+007 1.76512e+007 1.76512e+007 1.76512e+007 1.76512e+007 1.76512e+007 1.76512e+007 1.76512e+007 1.76512e+007 1.76512e+007 1.76512e+007 1.76512e+007 1.76512e+007 0 0 0 0 0 0 0 0 0 0 0 0 0 0 0 0 0 0 0 0 0 0 0 0 0
#obs survey bio
 3.66218e+006 2.56615e+006 2.99116e+006 2.41058e+006 1.69466e+006 2.5846e+006 1.71136e+006 1.51056e+006 928546 1.41962e+006 1.05662e+006 924950 787742 610007 619919 636104 559994 1.07993e+006 594565 551733 510681 529887 607786 577417 628141 474722 604054 792261 632638 499444 710152 609114 554643 549179 707980 560523 535601 449340 623735 457444 515788 896074 496078 574683 578976 636533 528727 507112 628939 594552 578168 720755
#pred catch bio
 304065 266742 272262 302567 285312 273122 295460 278775 272990 264976 223756 204076 165871 166206 154599 140035 141587 127441 117865 107627 103832 103613 99526.2 98583.9 92008.5 96079.4 103879 96820.4 94214.2 97196.4 92946.1 97936.3 84534.5 91860.7 83460.7 83592.6 92188.5 85940.4 85809.1 84549.8 90665 98181.6 92176.8 89933.8 98315 90843.5 98572.2 87226.9 94381.5 89755.9 106774 100982 105640 110377 112037 114833 118379 121818 124724 126990 128664 129853 130675 131229 131597 131837 131993 132093 132157 132198 132223 132239 132249 132256 132260 132262 132264 132264 132265 132265 132266 132266 132266 132266 132266 132266 132266 132266 132266 132266 132266 132266 132266 132266 132266 132266 132266 132266 132266 132266 132266 132266 132266 132266 132266 132266 132266 132266 132266 132266 132266 132266 132266 132266 132266 132266 132266 132266 132266 132266 132266 132266 132266 132266 132266 132266 132266 132266 132266 132266 132266 132266 132266 132266 132266 132266 132266 132266 132266 132266 132266 132266 132266 132266 132266 132266 132266 132266 132266 132266 132266 132266 0 0 0 0 0 0 0 0 0 0 0 0 0 0 0 0 0 0 0 0 0 0 0 0 0
#obs catch bio
 247611 267476 273403 304833 288026 276060 300788 282970 280256 270541 227227 207748 167356 168068 157127 141564 144064 128343 118622 108290 104858 105024 100659 99502 92469.3 96862.7 104303 96905.5 94064.4 97179.6 92546.1 97569.5 83889.1 91414.8 83036.8 82972.9 91411.7 85413.8 85438.6 84300.3 90801.4 97605.1 91624.4 89537 98245.2 90460.3 98689.1 87105.5 94557.5 89547.8 107028 100920
#pred cpue bio
 3.66886e+006 3.23319e+006 2.87918e+006 2.55922e+006 2.2439e+006 1.98064e+006 1.75878e+006 1.53445e+006 1.34471e+006 1.17179e+006 1.01185e+006 898529 806567 756536 704505 662945 634930 601217 578909 563856 559022 558819 559362 564355 569319 580525 585335 577745 573792 568341 554622 540596 517270 510877 501768 506699 513391 510324 514888 521213 531136 535657 531134 532955 538412 535503 542554 542671 558630 569692 589396 593359 2.12743e+007 1.3014e+007 1.33092e+007 1.37459e+007 1.4277e+007 1.47951e+007 1.52445e+007 1.56095e+007 1.58938e+007 1.61096e+007 1.62708e+007 1.63899e+007 1.64777e+007 1.65424e+007 1.65901e+007 1.66254e+007 1.66516e+007 1.66713e+007 1.6686e+007 1.66972e+007 1.67056e+007 1.6712e+007 1.67169e+007 1.67206e+007 1.67235e+007 1.67257e+007 1.67274e+007 1.67287e+007 1.67297e+007 1.67305e+007 1.67311e+007 1.67315e+007 1.67319e+007 1.67321e+007 1.67324e+007 1.67325e+007 1.67327e+007 1.67327e+007 1.67328e+007 1.67329e+007 1.67329e+007 1.6733e+007 1.6733e+007 1.6733e+007 1.6733e+007 1.6733e+007 1.67331e+007 1.67331e+007 1.67331e+007 1.67331e+007 1.67331e+007 1.67331e+007 1.67331e+007 1.67331e+007 1.67331e+007 1.67331e+007 1.67331e+007 1.67331e+007 1.67331e+007 1.67331e+007 1.67331e+007 1.67331e+007 1.67331e+007 1.67331e+007 1.67331e+007 1.67331e+007 1.67331e+007 1.67331e+007 1.67331e+007 1.67331e+007 1.67331e+007 1.67331e+007 1.67331e+007 1.67331e+007 1.67331e+007 1.67331e+007 1.67331e+007 1.67331e+007 1.67331e+007 1.67331e+007 1.67331e+007 1.67331e+007 1.67331e+007 1.67331e+007 1.67331e+007 1.67331e+007 1.67331e+007 1.67331e+007 1.67331e+007 1.67331e+007 1.67331e+007 1.67331e+007 1.67331e+007 1.67331e+007 1.67331e+007 1.67331e+007 1.67331e+007 1.67331e+007 1.67331e+007 1.67331e+007 0 0 0 0 0 0 0 0 0 0 0 0 0 0 0 0 0 0 0 0 0 0 0 0 0
#obs cpue bio
 3.17401e+006 2.15409e+006 2.5272e+006 2.49568e+006 1.96741e+006 1.17623e+006 1.22558e+006 1.56962e+006 815624 1.25497e+006 923918 684224 948260 861539 493187 747303 482006 505595 549547 516910 428638 416190 498941 612742 596018 558054 893537 494209 667679 668831 599949 599294 624160 534578 367490 642907 698137 514295 442104 557928 427803 684271 608748 474682 479091 545174 480970 595712 489526 651921 564660 546236
#pred surv len freq
 0.0050543 0.00820653 0.0123533 0.017479 0.0234676 0.0300206 0.0366215 0.0426507 0.0476078 0.0512698 0.0536855 0.0550604 0.0556459 0.0556745 0.0553275 0.0547216 0.0539144 0.052913 0.0516568 0.0499667 0.0475078 0.0438506 0.0386798 0.0320657 0.0245985
 0.00553547 0.00891901 0.0133014 0.0186358 0.0248016 0.0315281 0.0383342 0.0446026 0.0497721 0.0535087 0.0557516 0.0566621 0.0565455 0.055768 0.0546677 0.053481 0.0523102 0.0511291 0.0497935 0.0480393 0.0454928 0.0417543 0.0365845 0.0301205 0.0229609
 0.00577502 0.00934917 0.0140195 0.0197456 0.0263764 0.033562 0.0407126 0.0471243 0.0522211 0.055728 0.0576624 0.0582187 0.0576734 0.0563468 0.0545768 0.0526696 0.0508362 0.049139 0.0474629 0.0455184 0.0428915 0.0391676 0.0341267 0.0279303 0.0211661
 0.00607054 0.00980518 0.0146653 0.0206054 0.027481 0.0349567 0.0424467 0.0492155 0.0546114 0.058262 0.0601126 0.0603484 0.0592978 0.0573528 0.0549032 0.0522832 0.0497346 0.0473726 0.0451475 0.04282 0.0399985 0.0362709 0.0314111 0.0255618 0.0192655
 0.00642361 0.010373 0.015507 0.0217682 0.0289882 0.0367928 0.0445482 0.0514791 0.0569217 0.0605172 0.0622265 0.0622293 0.0608288 0.0583985 0.0553379 0.0520193 0.0487354 0.0456566 0.0427929 0.039969 0.0368525 0.0330705 0.028403 0.022958 0.0172029
 0.00669296 0.0108149 0.0161801 0.0227311 0.0302897 0.0384546 0.0465445 0.0537252 0.0592818 0.0628304 0.0643402 0.0640234 0.0622212 0.0593308 0.0557551 0.0518597 0.0479411 0.0441974 0.0406934 0.0373286 0.0338504 0.02995 0.0254321 0.0203734 0.015158
 0.00690537 0.0111624 0.0167082 0.0234867 0.0313153 0.0397782 0.0481653 0.0556029 0.0613339 0.064939 0.0663653 0.0658216 0.0636659 0.0603277 0.0562445 0.0518052 0.0473164 0.0429847 0.0389008 0.0350191 0.0311647 0.0271042 0.022683 0.0179597 0.0132397
 0.0071931 0.0116247 0.0173939 0.0244384 0.0325627 0.0413267 0.0499837 0.057617 0.0634336 0.0669957 0.0682498 0.0674161 0.0648717 0.0610706 0.0564773 0.0515061 0.0464817 0.0416237 0.0370399 0.0327202 0.0285481 0.0243573 0.0200371 0.015637 0.0113938
 0.00729921 0.0118289 0.01776 0.0250457 0.0334879 0.0426151 0.051622 0.0595242 0.0654766 0.0690192 0.0701046 0.0689775 0.0660465 0.0617969 0.056721 0.0512547 0.0457382 0.0404044 0.0353779 0.0306783 0.0262348 0.0219346 0.0177038 0.0135864 0.00976149
 0.00747408 0.0121029 0.0181558 0.0255848 0.0341957 0.0435236 0.0527636 0.0609137 0.0670869 0.0707652 0.0718472 0.0705505 0.0672959 0.0626124 0.0570469 0.0510818 0.0450869 0.0393106 0.0338902 0.0288652 0.0241985 0.019817 0.0156745 0.0118081 0.00834798
 0.0077972 0.0126062 0.0188717 0.0265267 0.0353549 0.0448668 0.054231 0.0624249 0.0685565 0.0721203 0.073033 0.0715217 0.0680028 0.0629988 0.0570612 0.0506932 0.0442946 0.0381424 0.0323968 0.027119 0.0222972 0.0178859 0.0138557 0.0102339 0.00710753
 0.00795561 0.0128729 0.0192894 0.0271387 0.0361932 0.0459348 0.0554878 0.0637836 0.0699026 0.0733409 0.0740441 0.0722781 0.0684923 0.0632242 0.0570239 0.0503857 0.0437055 0.0372689 0.0312573 0.0257607 0.0207986 0.016353 0.0124079 0.00898027 0.00612
 0.00820052 0.013242 0.0197921 0.0277688 0.036936 0.0467768 0.056419 0.0647888 0.0709472 0.0743624 0.0749568 0.0729939 0.0689447 0.0633843 0.0568987 0.0500023 0.0430935 0.0364521 0.030258 0.0246122 0.0195563 0.015096 0.011229 0.0079648 0.00532362
 0.00828135 0.013373 0.0199874 0.0280386 0.0372819 0.0471871 0.0568679 0.0652443 0.0713857 0.0747799 0.0753661 0.0734058 0.0693479 0.0637395 0.0571506 0.0500999 0.0430043 0.0361654 0.0297821 0.0239726 0.0187975 0.0142817 0.0104348 0.00726225 0.00476259
 0.00830914 0.0134363 0.0201159 0.0282703 0.0376529 0.0477149 0.057536 0.0659981 0.0721429 0.075453 0.0758867 0.0737411 0.0695027 0.0637428 0.0570348 0.0498849 0.0426938 0.0357542 0.0292683 0.0233666 0.0181269 0.0135907 0.00977733 0.00668978 0.00431006
 0.0083916 0.0135513 0.0202555 0.0284196 0.0378003 0.0478643 0.0577132 0.0662413 0.0724812 0.0758836 0.0763664 0.0741991 0.0698672 0.0639661 0.0571034 0.0498122 0.042504 0.035469 0.0289021 0.0229324 0.017644 0.0130898 0.00929737 0.00626924 0.00397598
 0.00826391 0.0133786 0.0200589 0.0282376 0.0376747 0.0478206 0.0577492 0.0663335 0.072606 0.0760368 0.0765652 0.0744634 0.070196 0.0643272 0.0574442 0.0500808 0.0426666 0.035514 0.0288352 0.0227694 0.0174075 0.0128088 0.00900593 0.00600059 0.00375513
 0.0083189 0.0134432 0.0201124 0.0282511 0.0376257 0.0477123 0.0576189 0.0662415 0.0726058 0.076147 0.076762 0.0746998 0.0704291 0.0645336 0.0576154 0.0502107 0.0427443 0.0355268 0.028776 0.0226411 0.0172243 0.0125927 0.00878325 0.00579648 0.00358798
 0.00851622 0.0137221 0.0204531 0.0286052 0.0379252 0.0478883 0.0576223 0.0660596 0.0722707 0.075732 0.076362 0.0743994 0.070274 0.0645215 0.0577085 0.0503584 0.0429 0.0356552 0.0288538 0.0226576 0.0171812 0.0125033 0.00866814 0.005678 0.00348416
 0.00870421 0.0140123 0.0208589 0.0291223 0.0385259 0.0485157 0.0581906 0.0664667 0.0724266 0.0755939 0.0759561 0.0738159 0.0696361 0.0639436 0.0572637 0.0500667 0.0427385 0.035579 0.0288162 0.022623 0.01713 0.0124314 0.00858272 0.00559147 0.00340833
 0.00876322 0.0141099 0.0210086 0.0293371 0.0388143 0.0488754 0.0586015 0.0668862 0.0727935 0.0758397 0.0760241 0.0736814 0.0693199 0.0635097 0.056799 0.0496522 0.0424241 0.0353748 0.028701 0.0225615 0.0170896 0.0123916 0.0085367 0.00554228 0.00336269
 0.00865821 0.0139645 0.0208372 0.0291701 0.0386913 0.0488332 0.0586632 0.0670554 0.0730534 0.0761552 0.0763459 0.0739536 0.0694934 0.0635578 0.0567279 0.0494991 0.0422421 0.0352121 0.0285843 0.0224929 0.0170547 0.0123719 0.00851913 0.00552216 0.00334143
 0.00852546 0.0137593 0.0205499 0.0288029 0.0382627 0.0483819 0.0582476 0.0667456 0.0729124 0.0762169 0.0766009 0.0743519 0.0699598 0.064014 0.0571123 0.0497793 0.0424183 0.0353084 0.0286344 0.0225244 0.0170817 0.0123964 0.00853768 0.00553217 0.00334365
 0.00843271 0.0136031 0.0203052 0.0284454 0.0377762 0.0477707 0.057548 0.0660288 0.0722741 0.0757555 0.0763926 0.0744302 0.0703066 0.0645641 0.0577722 0.0504527 0.0430293 0.0358148 0.0290267 0.0228153 0.017292 0.0125452 0.00863938 0.00559738 0.00338168
 0.0083824 0.0135188 0.0201731 0.0282491 0.0374989 0.0473985 0.0570768 0.0654718 0.0716682 0.0751625 0.0758922 0.074104 0.0702161 0.0647309 0.0581692 0.0510118 0.0436614 0.0364348 0.029573 0.0232572 0.0176255 0.0127827 0.00879959 0.00569929 0.00344208
 0.00817314 0.0132069 0.0197562 0.0277427 0.0369304 0.0467983 0.0564716 0.0648849 0.0711225 0.0746851 0.0755167 0.0738699 0.0701637 0.0648909 0.0585497 0.0515877 0.0443744 0.0372051 0.0303187 0.0239138 0.0181563 0.0131797 0.00907537 0.00587741 0.00354874
 0.0079686 0.0128902 0.0193101 0.0271655 0.0362392 0.046032 0.0556909 0.0641648 0.0705347 0.0742771 0.075302 0.0738346 0.0702842 0.0651502 0.058941 0.052106 0.0450032 0.0379071 0.0310385 0.0245902 0.0187388 0.0136395 0.00940848 0.006099 0.00368399
 0.00786471 0.0127249 0.0190683 0.0268362 0.0358185 0.0455275 0.0551268 0.0635831 0.0699903 0.0738263 0.0749891 0.0736819 0.0702904 0.0652967 0.0592036 0.0524645 0.0454421 0.0384094 0.0315774 0.0251274 0.0192317 0.0140531 0.00972467 0.00631876 0.00382266
 0.00779334 0.0126009 0.0188673 0.0265314 0.0353875 0.0449635 0.0544488 0.062839 0.0692502 0.0731684 0.0744844 0.0733823 0.0702207 0.0654521 0.0595537 0.0529629 0.0460385 0.0390573 0.0322359 0.0257589 0.0198011 0.0145315 0.0100956 0.00658207 0.00399271
 0.00760634 0.012327 0.01851 0.0261102 0.0349292 0.044488 0.0539623 0.0623384 0.0687372 0.0726631 0.0740298 0.0730359 0.0700379 0.0654697 0.0597797 0.053376 0.0465951 0.0397025 0.0329133 0.0264173 0.0203981 0.015036 0.0104907 0.00686652 0.0041796
 0.00759392 0.012284 0.018405 0.0259047 0.0345926 0.0440184 0.0533988 0.0617533 0.0682075 0.0722397 0.0737248 0.0728348 0.0699253 0.0654465 0.0598628 0.0535835 0.0469308 0.040148 0.0334308 0.0269586 0.020915 0.0154894 0.0108558 0.00713566 0.00436025
 0.00824842 0.0132046 0.0195233 0.0270631 0.0355837 0.0446518 0.0535608 0.0614318 0.0674815 0.0712479 0.0726263 0.0717722 0.0689972 0.0647008 0.0593095 0.0532153 0.0467365 0.040113 0.0335315 0.0271593 0.0211708 0.015755 0.0110947 0.00732577 0.00449525
 0.00902138 0.0144201 0.0212664 0.0293598 0.038366 0.0477224 0.0565791 0.0639601 0.0691014 0.071701 0.0718998 0.0700818 0.0666886 0.062132 0.056769 0.0508933 0.0447351 0.0384727 0.0322536 0.0262185 0.0205228 0.0153422 0.0108546 0.00720046 0.00443785
 0.00890651 0.0143468 0.0213658 0.0298235 0.0393956 0.0494452 0.0589675 0.0667965 0.0720089 0.0742282 0.0736334 0.0707543 0.0662469 0.0607389 0.0547349 0.0485723 0.0424331 0.0363999 0.0305213 0.0248612 0.0195233 0.0146526 0.0104116 0.00693732 0.00429443
 0.00862163 0.0139249 0.0208154 0.0292003 0.0388139 0.04908 0.0590353 0.0675013 0.0734548 0.0763353 0.0761107 0.0731634 0.0681357 0.0617847 0.0548332 0.0478384 0.0411311 0.03484 0.0289722 0.0235033 0.0184438 0.0138645 0.00988098 0.00660817 0.00410702
 0.00848798 0.0136804 0.0203998 0.0285489 0.0378842 0.0478913 0.0577044 0.0662486 0.0725654 0.0760802 0.0766543 0.0744889 0.0700247 0.0638686 0.056707 0.04919 0.0418277 0.0349356 0.0286467 0.0229731 0.0178891 0.0133954 0.00953913 0.00638806 0.00398052
 0.00853347 0.0137316 0.0204323 0.0285188 0.0377313 0.0475503 0.0571243 0.0654202 0.07155 0.0750269 0.0757837 0.0740362 0.0701538 0.0645967 0.0578806 0.0505335 0.0430436 0.0358098 0.0291055 0.0230738 0.017762 0.013176 0.00932448 0.00622471 0.00387617
 0.00865988 0.0139333 0.0207266 0.0289134 0.0382154 0.0480834 0.0576293 0.0657888 0.0716695 0.0748207 0.0752515 0.0732737 0.0693371 0.0639285 0.0575152 0.0505144 0.0432896 0.0361591 0.0293941 0.0232038 0.0177238 0.0130251 0.00913553 0.00605535 0.00375302
 0.00872869 0.0140363 0.0208656 0.029086 0.0384171 0.0483105 0.057877 0.0660449 0.071905 0.0749858 0.0752856 0.0731297 0.0690112 0.0634786 0.05705 0.0501529 0.0431081 0.0361579 0.0295049 0.0233317 0.0177968 0.0130199 0.00907158 0.00596922 0.00367504
 0.00875983 0.0140887 0.0209476 0.0292049 0.0385771 0.0485081 0.0580996 0.0662722 0.0721142 0.0751565 0.0753993 0.0731666 0.0689508 0.0633096 0.0567859 0.0498396 0.042812 0.0359375 0.0293834 0.0232899 0.0177915 0.0130115 0.00904253 0.0059238 0.00362716
 0.00849643 0.0137182 0.020497 0.0287363 0.0381706 0.048235 0.0579991 0.0663448 0.0723298 0.0754695 0.0757613 0.0735332 0.0692844 0.0635804 0.0569748 0.0499432 0.0428466 0.0359349 0.0293773 0.0233005 0.0178187 0.0130416 0.00906153 0.00592675 0.00361821
 0.00843792 0.0135989 0.0202764 0.0283713 0.0376384 0.0475614 0.057275 0.0657104 0.0719262 0.0753814 0.0759865 0.0739936 0.0698663 0.0641764 0.0575086 0.0503746 0.0431662 0.0361554 0.029524 0.0234007 0.0178922 0.0130976 0.00910148 0.00595063 0.00362848
 0.00863641 0.013887 0.0206431 0.0287784 0.0380228 0.0478471 0.05739 0.0656091 0.0716126 0.0749205 0.0754896 0.0735774 0.0696066 0.0640839 0.0575387 0.0504597 0.0432481 0.0362021 0.0295302 0.0233779 0.0178571 0.0130632 0.00907393 0.00593051 0.00361416
 0.00870202 0.0140023 0.0208309 0.02906 0.0384067 0.0483133 0.0578799 0.0660303 0.0718648 0.0749325 0.0752501 0.0731432 0.0690831 0.063586 0.0571499 0.0502101 0.0431185 0.0361477 0.0295068 0.0233583 0.0178322 0.013035 0.00904767 0.00590957 0.00359925
 0.00866944 0.0139585 0.0207831 0.0290235 0.0384042 0.0483708 0.0580192 0.0662584 0.072162 0.0752477 0.0755104 0.0732791 0.0690583 0.063415 0.0568918 0.0499404 0.042897 0.0359999 0.029426 0.0233208 0.0178147 0.0130233 0.00903659 0.00589915 0.00359068
 0.00878349 0.0141256 0.021001 0.029279 0.0386787 0.048648 0.0582905 0.0665227 0.0724197 0.0754923 0.0757214 0.0734213 0.0690901 0.0633054 0.0566374 0.0495736 0.0424764 0.0355891 0.029072 0.0230441 0.0176132 0.0128832 0.00894211 0.00583742 0.00355214
 0.00884567 0.0142187 0.0211256 0.029429 0.0388409 0.0488042 0.0584204 0.0666098 0.0724585 0.0754932 0.0757077 0.0734172 0.0691059 0.0633292 0.0566409 0.0495282 0.0423701 0.0354335 0.0288951 0.0228764 0.0174751 0.0127815 0.00887343 0.00579396 0.00352607
 0.00893811 0.0143691 0.0213513 0.0297438 0.0392495 0.0492941 0.0589558 0.0671325 0.0728996 0.0757919 0.0758293 0.0733611 0.0689019 0.0630234 0.0562788 0.0491424 0.0419792 0.0350489 0.0285296 0.0225465 0.0171969 0.0125646 0.00871771 0.00569099 0.0034633
 0.00885078 0.0142383 0.021176 0.0295328 0.0390219 0.049078 0.0587855 0.0670423 0.0729139 0.0759153 0.0760417 0.0736241 0.0691713 0.0632636 0.0564693 0.0492774 0.0420612 0.0350835 0.0285242 0.0225113 0.0171449 0.0125093 0.00866937 0.00565477 0.0034395
 0.00900957 0.0144558 0.0214286 0.0297743 0.0391979 0.0491481 0.0587416 0.0669108 0.0727434 0.0757565 0.0759307 0.0735743 0.0691743 0.0632961 0.0565044 0.0492932 0.0420469 0.0350384 0.0284547 0.0224271 0.0170568 0.0124272 0.00860083 0.00560345 0.00340509
 0.00907196 0.0145604 0.0215896 0.0300006 0.0394832 0.0494614 0.0590241 0.0670899 0.0727619 0.0756019 0.0756457 0.0732383 0.068869 0.0630746 0.0563798 0.0492465 0.0420443 0.0350483 0.0284565 0.0224129 0.0170283 0.012391 0.00856452 0.00557268 0.00338249
 0.00891752 0.0143727 0.0214239 0.0299464 0.0396387 0.049892 0.0597256 0.0679771 0.0736887 0.0764028 0.0761826 0.0734374 0.0687366 0.0626859 0.0558452 0.0486725 0.0415059 0.0345822 0.0280705 0.0221007 0.0167804 0.0121994 0.00842269 0.00547376 0.00331846
#obs surv len freq
 0.0049782 0.00815327 0.0123998 0.0177306 0.0240189 0.0308985 0.037743 0.0438282 0.0486024 0.0518642 0.0537326 0.0544948 0.0544733 0.0539673 0.0532378 0.0524974 0.0518894 0.0514471 0.0510313 0.0502731 0.0485908 0.0453545 0.0401873 0.0332581 0.0253481
 0.00518421 0.00849214 0.0129172 0.0184717 0.0250198 0.0321724 0.0392665 0.0455362 0.0503975 0.0536342 0.0553668 0.0558923 0.0555446 0.054636 0.0534437 0.0522013 0.0510801 0.0501474 0.0493036 0.0482214 0.0463588 0.0431136 0.0381135 0.0314979 0.0239871
 0.0054122 0.00886543 0.0134841 0.0192794 0.0261058 0.033551 0.040914 0.047385 0.0523447 0.0555599 0.0571528 0.0574328 0.0567503 0.0554325 0.0537696 0.0520085 0.0503375 0.0488517 0.0474927 0.0459882 0.043856 0.0405431 0.0356944 0.0294204 0.0223679
 0.00565445 0.00926093 0.0140826 0.0201285 0.0272425 0.0349878 0.0426247 0.0492987 0.0543557 0.0575474 0.058999 0.0590335 0.0580174 0.0562934 0.0541642 0.051887 0.0496612 0.0476014 0.0456852 0.0436974 0.0412275 0.0377894 0.0330614 0.0271312 0.0205675
 0.00588059 0.00963407 0.0146544 0.0209508 0.028357 0.0364106 0.0443298 0.051213 0.0563698 0.0595373 0.0608464 0.0606363 0.0592923 0.057173 0.0545932 0.0518179 0.0490541 0.0464293 0.0439506 0.0414562 0.0386105 0.0350038 0.0303607 0.0247562 0.0186823
 0.00612483 0.0100314 0.0152533 0.0217969 0.0294858 0.0378342 0.046023 0.0531069 0.0583599 0.0615019 0.0626654 0.0622048 0.0605258 0.0580078 0.054982 0.0517237 0.048445 0.0452817 0.0422625 0.0392718 0.0360451 0.0322517 0.0276698 0.0223703 0.0167745
 0.00637538 0.0104428 0.0158794 0.0226898 0.0306841 0.0393462 0.0478103 0.0550806 0.0603953 0.0634647 0.0644351 0.0636853 0.0616461 0.0587178 0.0552473 0.0515196 0.0477523 0.0440865 0.0405674 0.0371172 0.0335345 0.0295635 0.0250371 0.020028 0.0148939
 0.00659801 0.0108107 0.0164445 0.0235042 0.0317902 0.04076 0.0495044 0.0569771 0.062376 0.0653936 0.0661817 0.0651406 0.0627304 0.0593805 0.0554614 0.0512731 0.0470399 0.0429075 0.0389329 0.0350688 0.0311675 0.027039 0.022567 0.0178278 0.0131232
 0.00681746 0.0111696 0.0169885 0.0242778 0.032828 0.0420742 0.0510701 0.058727 0.0642078 0.0671874 0.0678184 0.0665151 0.063759 0.060005 0.0556487 0.0510111 0.0463306 0.0417617 0.0373733 0.0331431 0.028967 0.0247098 0.020298 0.0158109 0.0115006
 0.0070562 0.0115587 0.0175755 0.0251064 0.0339288 0.0434496 0.0526804 0.0604871 0.0660005 0.0688875 0.0693142 0.0677189 0.0646087 0.0604609 0.0556903 0.0506333 0.0455405 0.0405768 0.035824 0.0312825 0.0268845 0.0225394 0.0182067 0.0139656 0.0100229
 0.00727047 0.0119121 0.0181167 0.0258825 0.0349753 0.0447735 0.0542442 0.062204 0.0677479 0.0705322 0.0707366 0.0688281 0.0653464 0.060799 0.0556239 0.0501729 0.0447057 0.0393936 0.0343284 0.0295294 0.0249592 0.0205624 0.016324 0.0123189 0.00871253
 0.00742997 0.0121754 0.0185206 0.0264646 0.035767 0.0457892 0.0554689 0.0635865 0.069205 0.071962 0.0720334 0.0698964 0.0661109 0.0612108 0.055662 0.0498399 0.0440205 0.0383865 0.0330401 0.0280162 0.0233016 0.0188681 0.0147185 0.0109211 0.00760471
 0.00750762 0.0123052 0.0187231 0.0267627 0.0361835 0.0463412 0.0561618 0.0644095 0.0701302 0.0729458 0.0730192 0.0708172 0.066895 0.0617893 0.0559782 0.0498565 0.0437232 0.0377832 0.0321599 0.0269097 0.0220428 0.0175537 0.0134582 0.00981688 0.0067265
 0.00757045 0.012401 0.0188559 0.0269339 0.0363937 0.0465938 0.0564642 0.0647718 0.0705616 0.0734491 0.0735862 0.0714249 0.0675039 0.0623458 0.0564203 0.0501233 0.0437653 0.0375722 0.0316941 0.0262174 0.0211821 0.0166079 0.0125232 0.00898248 0.00605546
 0.007684 0.0125734 0.0190922 0.0272298 0.0367359 0.046962 0.0568339 0.0651184 0.070867 0.0737087 0.0738103 0.0716326 0.0677115 0.0625555 0.0566135 0.0502629 0.0438035 0.0374638 0.0314099 0.0257555 0.0205729 0.0159112 0.0118163 0.00834102 0.00553422
 0.0077248 0.0126414 0.0191972 0.0273805 0.0369368 0.0472087 0.0571098 0.0653966 0.0711178 0.0739105 0.0739568 0.0717341 0.067789 0.0626303 0.0566965 0.050347 0.0438628 0.0374595 0.0313036 0.0255236 0.0202186 0.0154678 0.0113387 0.00788994 0.00515764
 0.0077773 0.012722 0.01931 0.0275266 0.0371149 0.0474158 0.0573401 0.0656402 0.0713589 0.0741282 0.07413 0.0718476 0.0678394 0.0626276 0.0566596 0.0502937 0.0438002 0.0373791 0.0311842 0.025343 0.0199667 0.0151556 0.0109979 0.00756207 0.00487928
 0.00781884 0.0127839 0.0193927 0.0276268 0.0372266 0.0475322 0.0574555 0.0657508 0.0714634 0.0742268 0.0742227 0.0719316 0.0679086 0.0626747 0.0566801 0.0502882 0.0437721 0.0373297 0.0311087 0.0252313 0.019811 0.0149584 0.010776 0.00734198 0.00468726
 0.00785273 0.0128363 0.019466 0.027721 0.0373384 0.0476544 0.0575776 0.0658604 0.0715497 0.0742847 0.0742542 0.0719445 0.0679118 0.0626734 0.0566747 0.0502753 0.0437475 0.0372894 0.0310489 0.0251477 0.0197003 0.0148224 0.0106243 0.00719067 0.00455369
 0.00786086 0.0128464 0.0194757 0.0277263 0.0373355 0.047642 0.0575578 0.0658387 0.0715331 0.0742787 0.0742621 0.0719671 0.0679485 0.0627229 0.0567339 0.0503388 0.0438076 0.0373375 0.0310766 0.0251486 0.0196714 0.0147654 0.0105467 0.00710482 0.00447285
 0.00787524 0.0128632 0.019489 0.0277265 0.037312 0.0475874 0.0574721 0.0657303 0.0714173 0.074174 0.0741854 0.0719303 0.0679561 0.0627722 0.0568164 0.0504429 0.0439202 0.0374456 0.0311685 0.0252151 0.0197069 0.0147697 0.0105254 0.0070675 0.00443076
 0.00791833 0.0129274 0.0195742 0.0278276 0.037419 0.0476858 0.057545 0.0657616 0.0713963 0.0741004 0.0740711 0.0717968 0.0678279 0.0626696 0.056751 0.0504164 0.0439264 0.0374733 0.0312047 0.0252477 0.019727 0.0147729 0.0105126 0.00704384 0.00440324
 0.00787382 0.0128642 0.019496 0.0277434 0.0373401 0.0476217 0.0574993 0.0657315 0.0713751 0.0740808 0.0740489 0.0717728 0.0678081 0.0626632 0.0567672 0.0504607 0.0439979 0.0375648 0.0313046 0.0253429 0.0198064 0.0148299 0.0105459 0.00705732 0.00440354
 0.00788305 0.0128676 0.0194803 0.0276912 0.0372366 0.0474644 0.0573044 0.0655315 0.0712065 0.0739701 0.0740036 0.0717835 0.0678569 0.062734 0.0568507 0.0505539 0.0441012 0.0376772 0.0314214 0.0254558 0.019906 0.0149088 0.0106011 0.00709044 0.00441967
 0.00788624 0.0128707 0.0194806 0.0276829 0.0372106 0.0474083 0.057206 0.065384 0.0710161 0.0737593 0.0738075 0.0716377 0.067785 0.0627398 0.0569211 0.0506684 0.0442401 0.0378259 0.0315696 0.0255953 0.0200292 0.0150095 0.0106761 0.00714057 0.00444923
 0.00786616 0.0128408 0.0194405 0.027634 0.0371549 0.0473473 0.0571393 0.0653089 0.0709283 0.0736557 0.0736908 0.0715193 0.0676843 0.0626785 0.0569149 0.0507203 0.0443407 0.0379583 0.0317156 0.0257392 0.0201594 0.0151183 0.0107596 0.00719886 0.00448589
 0.00785535 0.0128205 0.019405 0.0275773 0.0370724 0.0472396 0.0570139 0.0651795 0.07081 0.0735593 0.0736194 0.07147 0.0676529 0.062665 0.0569246 0.0507608 0.0444166 0.0380668 0.0318465 0.0258781 0.0202918 0.0152329 0.01085 0.00726384 0.00452817
 0.00782143 0.0127647 0.0193201 0.0274563 0.0369106 0.0470375 0.05678 0.0649315 0.070573 0.0733606 0.0734819 0.0714067 0.0676648 0.0627422 0.0570515 0.0509223 0.044601 0.0382655 0.0320509 0.0260779 0.0204754 0.0153898 0.0109738 0.00735335 0.00458715
 0.00778084 0.0126977 0.0192177 0.0273097 0.036714 0.046791 0.0564934 0.0646249 0.0702738 0.0730987 0.0732842 0.0712932 0.0676458 0.0628168 0.057208 0.051141 0.0448591 0.0385413 0.0323261 0.0263377 0.0207076 0.0155852 0.0111271 0.00746443 0.00466084
 0.00776032 0.0126627 0.0191619 0.0272259 0.0365954 0.0466334 0.0562974 0.064398 0.0700301 0.0728575 0.0730677 0.0711236 0.0675422 0.0627918 0.0572655 0.0512749 0.0450542 0.0387767 0.0325793 0.0265874 0.0209364 0.0157806 0.0112821 0.00757799 0.00473705
 0.00774093 0.0126286 0.0191057 0.0271393 0.0364711 0.046468 0.0560946 0.0641689 0.0697916 0.0726284 0.0728659 0.0709651 0.0674402 0.0627565 0.0573026 0.0513841 0.0452279 0.0389998 0.0328311 0.0268453 0.021179 0.0159912 0.0114509 0.0077024 0.00482098
 0.00932832 0.0148524 0.0217931 0.029909 0.0388435 0.0480421 0.0566875 0.0638435 0.068776 0.071199 0.0712604 0.06935 0.0659173 0.0613825 0.0561065 0.0503779 0.0444122 0.0383659 0.0323619 0.0265169 0.0209637 0.0158603 0.0113783 0.00766635 0.00480554
 0.00932167 0.015134 0.0227323 0.031963 0.0423584 0.0529843 0.0624731 0.0694323 0.07304 0.073365 0.0711647 0.0673815 0.062747 0.0576756 0.0523578 0.0468839 0.0413183 0.035727 0.0301843 0.0247808 0.0196323 0.0148845 0.0107 0.00722294 0.00453529
 0.00896103 0.0145703 0.0219477 0.0310126 0.0414223 0.0524014 0.0626996 0.0708794 0.0758288 0.0771447 0.0751555 0.0706699 0.0646638 0.0580273 0.051398 0.0451006 0.0392038 0.0336432 0.028338 0.0232587 0.0184479 0.0140118 0.0100928 0.00682656 0.00429435
 0.00879043 0.0142792 0.0214853 0.030327 0.0404815 0.0512285 0.0614167 0.0697344 0.0751712 0.0773277 0.0763783 0.072833 0.06734 0.0606006 0.0533104 0.0460639 0.0392556 0.0330478 0.0274249 0.0222985 0.0176045 0.0133529 0.00962294 0.0065177 0.00410695
 0.00872282 0.0141625 0.0212958 0.0300354 0.0400557 0.0506413 0.0606595 0.0688358 0.0742185 0.0764804 0.0758565 0.0728604 0.0680462 0.0619275 0.0549908 0.0477089 0.0405127 0.0337357 0.0275687 0.0220646 0.0171959 0.0129298 0.00927397 0.00626987 0.00395061
 0.00869458 0.0141139 0.0212171 0.0299145 0.0398783 0.0503926 0.0603266 0.068411 0.0737052 0.0759031 0.0752753 0.0723796 0.0678028 0.0620478 0.0555255 0.0485829 0.0415325 0.034663 0.0282209 0.0223798 0.0172286 0.0127952 0.00908432 0.00609835 0.00382674
 0.00868413 0.0140968 0.021191 0.0298764 0.0398237 0.0503156 0.0602192 0.0682636 0.0735078 0.0756487 0.0749661 0.0720365 0.0674744 0.0618101 0.0554641 0.0487559 0.041932 0.0352027 0.0287661 0.0228065 0.0174744 0.0128712 0.00904882 0.00601742 0.00374691
 0.00869699 0.0141151 0.0212137 0.0299005 0.0398449 0.0503289 0.0602192 0.0682443 0.0734618 0.0755678 0.0748422 0.071866 0.0672644 0.0615853 0.0552688 0.048645 0.0419496 0.0353569 0.0290176 0.0230825 0.0177021 0.0130095 0.0090983 0.00600712 0.00371164
 0.00869458 0.0141146 0.021219 0.0299166 0.0398764 0.0503763 0.0602772 0.068302 0.0735057 0.075585 0.0748235 0.0718063 0.0671631 0.0614488 0.0551132 0.0484982 0.0418462 0.0353256 0.0290662 0.0231908 0.0178304 0.0131177 0.00916424 0.00603079 0.00370759
 0.00865437 0.0140543 0.021138 0.0298186 0.0397692 0.0502714 0.0601881 0.0682418 0.0734832 0.0756014 0.0748704 0.0718683 0.0672228 0.0614918 0.0551329 0.048498 0.0418397 0.0353319 0.0291014 0.0232587 0.0179196 0.0132075 0.00923535 0.00607456 0.00372677
 0.00865044 0.0140446 0.0211176 0.0297814 0.0397104 0.0501906 0.0600919 0.0681439 0.0734005 0.0755485 0.0748551 0.0718894 0.0672706 0.0615518 0.0551905 0.0485432 0.0418705 0.0353544 0.029126 0.0232942 0.0179677 0.0132616 0.00928497 0.00611148 0.00374862
 0.00865393 0.0140484 0.0211194 0.0297776 0.039696 0.0501605 0.0600425 0.0680746 0.0733159 0.075459 0.074775 0.0718331 0.0672477 0.0615637 0.05523 0.0485981 0.0419286 0.0354081 0.0291739 0.0233389 0.0180119 0.0133052 0.00932471 0.00614317 0.0037701
 0.00864881 0.0140425 0.0211149 0.0297776 0.039703 0.0501744 0.0600593 0.0680868 0.0733147 0.075438 0.0747337 0.0717776 0.0671894 0.0615151 0.0552006 0.0485912 0.041941 0.0354331 0.0292046 0.023371 0.0180435 0.0133353 0.0093519 0.00616556 0.00378636
 0.0086602 0.0140598 0.0211387 0.0298079 0.0397393 0.0502163 0.0601056 0.068135 0.0733601 0.075473 0.0747497 0.0717678 0.0671521 0.0614556 0.0551297 0.0485216 0.041883 0.0353919 0.0291802 0.0233604 0.0180426 0.0133406 0.0093603 0.00617456 0.00379409
 0.00862934 0.0140161 0.021085 0.0297508 0.0396876 0.0501777 0.0600849 0.0681332 0.0733756 0.075503 0.0747901 0.0718129 0.0671948 0.0614892 0.0551502 0.0485293 0.0418826 0.0353894 0.0291807 0.0233662 0.0180533 0.013354 0.00937404 0.00618668 0.00380348
 0.00862934 0.0140161 0.021085 0.0297508 0.0396876 0.0501777 0.0600849 0.0681332 0.0733756 0.075503 0.0747901 0.0718129 0.0671948 0.0614892 0.0551502 0.0485293 0.0418826 0.0353894 0.0291807 0.0233662 0.0180533 0.013354 0.00937404 0.00618668 0.00380348
 0.00870303 0.0141274 0.0212365 0.0299392 0.0399044 0.0504105 0.0603185 0.0683495 0.0735547 0.0756259 0.0748426 0.0717895 0.0670996 0.0613346 0.054954 0.0483108 0.0416602 0.035179 0.0289947 0.0232122 0.0179342 0.0132682 0.00931655 0.0061511 0.00378324
 0.00861293 0.0139941 0.0210606 0.0297304 0.0396795 0.0501899 0.060123 0.0681991 0.073467 0.0756132 0.074908 0.071924 0.0672836 0.0615419 0.0551584 0.0484927 0.0418086 0.0352921 0.0290768 0.0232704 0.0179756 0.0132982 0.00933864 0.0061671 0.00379428
 0.0086095 0.0139778 0.0210172 0.0296419 0.0395311 0.0499799 0.0598696 0.0679387 0.0732429 0.0754612 0.0748467 0.0719537 0.0673907 0.0617052 0.0553533 0.048695 0.0419979 0.0354545 0.0292061 0.0233673 0.018045 0.0133464 0.00937139 0.00618879 0.00380813
 0.00861962 0.013994 0.02104 0.0296694 0.039557 0.0499914 0.0598489 0.0678687 0.0731171 0.0752908 0.0746611 0.0717907 0.0672829 0.0616689 0.0553866 0.0487815 0.0421148 0.0355793 0.0293213 0.0234629 0.0181176 0.0133978 0.00940575 0.00621069 0.00382145
 0.00874726 0.0141956 0.0213316 0.0300593 0.0400411 0.0505474 0.0604311 0.0684098 0.0735399 0.0755287 0.0746773 0.071589 0.0669054 0.061183 0.054865 0.0482843 0.0416794 0.0352203 0.029037 0.0232433 0.0179516 0.0132755 0.00931915 0.00615271 0.00378532
#pred catch len freq
 0.00393198 0.00628609 0.00929871 0.0129534 0.0172516 0.0221779 0.027629 0.0333825 0.0391332 0.0445583 0.049369 0.0533503 0.0563914 0.0584898 0.0597238 0.0602119 0.0600792 0.0594266 0.0582795 0.0565122 0.0537991 0.049688 0.0438413 0.0363493 0.0278861
 0.00434369 0.00689644 0.0101132 0.0139533 0.0184187 0.0235232 0.0291986 0.035223 0.0412302 0.0467834 0.0514787 0.0550478 0.0574242 0.0587338 0.0592141 0.059111 0.058603 0.057761 0.0565239 0.0546741 0.0518439 0.0476135 0.0417303 0.0343616 0.0261954
 0.00458341 0.00730578 0.0107629 0.0149148 0.0197417 0.0252072 0.0311766 0.0373766 0.0434333 0.0489411 0.0535238 0.056896 0.0589311 0.0597045 0.0594693 0.0585678 0.0573131 0.0558831 0.054252 0.052173 0.0492307 0.0449865 0.0392088 0.032094 0.0243229
 0.00489881 0.00778995 0.0114436 0.0158126 0.0208835 0.0266372 0.032947 0.0395133 0.0458895 0.0515731 0.0561123 0.0592051 0.0607656 0.0609282 0.0599879 0.0583137 0.0562584 0.0540696 0.0518036 0.0492758 0.0460971 0.041831 0.0362381 0.0294942 0.0222307
 0.00524055 0.00832968 0.0122263 0.01687 0.0222304 0.0282675 0.0348319 0.0416048 0.0481306 0.0539015 0.0584472 0.0614249 0.0627008 0.0623843 0.0607877 0.0583316 0.0554353 0.0524154 0.0494012 0.0462842 0.0427436 0.0383868 0.0329808 0.0266625 0.0199802
 0.00552127 0.00877925 0.012892 0.0177959 0.0234546 0.0298147 0.0366992 0.0437475 0.0504572 0.0562836 0.0607418 0.0634975 0.0644362 0.0636807 0.0615439 0.0584443 0.0548143 0.0510122 0.0472378 0.0434726 0.0394893 0.0349687 0.0297053 0.0238009 0.0177095
 0.00579775 0.00921725 0.0135316 0.0186717 0.0245959 0.0312433 0.0384204 0.0457375 0.0526531 0.0585798 0.0629968 0.0655517 0.0661376 0.0649067 0.0622088 0.0584905 0.0541989 0.0497064 0.0452469 0.0408685 0.0364353 0.0317166 0.0265543 0.0210289 0.0155037
 0.00611115 0.00971074 0.0142458 0.0196374 0.0258335 0.0327604 0.0402041 0.0477459 0.0548102 0.0607793 0.0651097 0.0674389 0.0676642 0.0659577 0.0627005 0.0583732 0.0534513 0.0483288 0.0432651 0.0383527 0.0335258 0.0286319 0.0235644 0.0183937 0.0134038
 0.00628427 0.0100068 0.0147193 0.0203504 0.0268453 0.034109 0.0418865 0.0497068 0.0569459 0.0629536 0.0671739 0.0692493 0.0690967 0.0669169 0.0631226 0.0582239 0.0527207 0.0470282 0.0414298 0.0360553 0.0308941 0.0258566 0.0208799 0.0160276 0.0115167
 0.00652361 0.0103765 0.0152425 0.0210437 0.0277261 0.0352025 0.0432214 0.0512967 0.0587639 0.0649125 0.0691283 0.0710218 0.0705178 0.067859 0.0635148 0.0580456 0.0519863 0.0457732 0.0397072 0.0339447 0.0285155 0.0233777 0.0185009 0.0139409 0.009857
 0.00682774 0.0108455 0.0159011 0.0218988 0.0287685 0.0364097 0.04456 0.0527243 0.0602331 0.066374 0.0705272 0.0722879 0.0715606 0.0685764 0.0638146 0.0578681 0.051315 0.0446318 0.0381517 0.0320594 0.0264166 0.021215 0.0164444 0.0121495 0.00843907
 0.00701001 0.0111417 0.0163468 0.0225268 0.0296024 0.0374533 0.0457864 0.0540712 0.0616118 0.0676876 0.0716909 0.0732409 0.0722654 0.0690086 0.0639507 0.0576805 0.0507789 0.0437382 0.0369208 0.0305477 0.0247191 0.0194593 0.0147742 0.0106963 0.00729053
 0.00719252 0.0114154 0.0167179 0.0229919 0.0301565 0.0381013 0.046544 0.0549539 0.0626131 0.0687619 0.0727523 0.0741835 0.0729933 0.0694591 0.0640994 0.0575295 0.0503402 0.0430257 0.0359539 0.0293647 0.0233876 0.0180769 0.0134555 0.00954737 0.00638248
 0.00731395 0.0116052 0.0169886 0.0233478 0.0305922 0.0385993 0.0470772 0.0554929 0.0631386 0.0692725 0.073259 0.0746908 0.0734802 0.0698758 0.0643818 0.0576212 0.0502068 0.0426575 0.0353623 0.0285806 0.0224642 0.0170902 0.0124956 0.00869965 0.00570627
 0.00735077 0.011678 0.0171222 0.0235739 0.0309417 0.0390906 0.0477031 0.0562143 0.0638894 0.069975 0.0738451 0.0751196 0.0737439 0.0699901 0.0643671 0.0574866 0.0499471 0.0422619 0.0348272 0.0279191 0.0217108 0.0162998 0.0117349 0.00803219 0.00517594
 0.00740878 0.011758 0.0172179 0.0236751 0.0310436 0.0392043 0.0478603 0.0564579 0.0642512 0.0704533 0.0743949 0.0756646 0.0742038 0.0703071 0.0645183 0.0574786 0.0497997 0.0419938 0.0344517 0.0274502 0.021172 0.0157289 0.0111803 0.00754187 0.00478406
 0.00732425 0.0116473 0.0170996 0.0235804 0.0310041 0.0392369 0.0479578 0.0565967 0.0644109 0.0706336 0.0746158 0.0759466 0.0745437 0.0706693 0.0648464 0.0577184 0.0499174 0.0419799 0.0343147 0.027209 0.0208528 0.0153654 0.0108116 0.00720663 0.0045108
 0.00734376 0.0116621 0.0170928 0.023531 0.0308997 0.0390878 0.0478038 0.0564954 0.0644111 0.0707512 0.0748281 0.0762105 0.0748204 0.0709357 0.0650895 0.0579233 0.0500628 0.0420444 0.0342862 0.0270899 0.0206599 0.0151258 0.0105582 0.00697076 0.00431578
 0.00749963 0.0118799 0.0173533 0.0237907 0.0310986 0.0391662 0.0477219 0.0562485 0.0640384 0.0703307 0.0744559 0.0759678 0.0747458 0.0710177 0.0652814 0.0581665 0.0503047 0.0422444 0.0344175 0.02714 0.0206314 0.0150354 0.0104317 0.0068361 0.00419572
 0.0076429 0.0120991 0.0176559 0.0241699 0.0315293 0.0396025 0.0480975 0.0564867 0.0640731 0.0701336 0.0740549 0.0754448 0.0742113 0.0705736 0.0649891 0.058035 0.0502996 0.0423104 0.0344998 0.0271984 0.0206455 0.0150039 0.0103669 0.00675668 0.00411951
 0.00768985 0.0121765 0.0177744 0.0243403 0.0317602 0.0398956 0.0484408 0.0568491 0.0644028 0.0703657 0.0741292 0.0753287 0.0739181 0.0701643 0.0645526 0.0576558 0.0500294 0.0421572 0.0344369 0.0271839 0.0206418 0.0149883 0.0103337 0.00671174 0.00407315
 0.00759491 0.0120448 0.0176187 0.024188 0.0316478 0.0398582 0.0485027 0.0570172 0.0646648 0.0706895 0.0744646 0.0756152 0.0741 0.0702093 0.0644654 0.0574776 0.0498204 0.0419725 0.0343069 0.0271103 0.0206068 0.0149698 0.010316 0.00668972 0.00404881
 0.00744681 0.0118189 0.0173077 0.0237986 0.031203 0.0393985 0.0480847 0.0567068 0.0645214 0.0707471 0.0747182 0.07602 0.0745832 0.0706899 0.0648752 0.0577779 0.0500081 0.0420731 0.0343576 0.0271423 0.0206356 0.0149969 0.0103368 0.00670081 0.00405087
 0.00734085 0.0116465 0.0170483 0.0234339 0.0307219 0.0388053 0.0474087 0.056007 0.0638826 0.0702646 0.0744747 0.0760624 0.0749062 0.071235 0.0655476 0.0584739 0.0506434 0.0425992 0.034763 0.0274405 0.0208499 0.0151482 0.0104402 0.00676696 0.00408921
 0.00724974 0.0115021 0.0168371 0.0231437 0.0303418 0.0383273 0.0468324 0.0553483 0.0631815 0.0695882 0.0739117 0.0757048 0.0748245 0.0714549 0.0660385 0.0591563 0.0514121 0.0433529 0.0354276 0.0279788 0.0212567 0.0154382 0.010636 0.0068916 0.00416312
 0.00705974 0.0112197 0.0164607 0.0226875 0.0298291 0.0377805 0.0462671 0.0547746 0.0626116 0.0690449 0.0734339 0.0753468 0.0746477 0.0715113 0.0663521 0.0597089 0.052142 0.0441688 0.036233 0.0286958 0.0218399 0.0158756 0.0109401 0.00708798 0.00428062
 0.00689419 0.0109653 0.0161059 0.022233 0.0292889 0.0371817 0.0456486 0.0541827 0.0620903 0.0686251 0.0731292 0.0751597 0.0745812 0.0715774 0.0665696 0.0600908 0.0526801 0.0448246 0.0369422 0.0293846 0.0224451 0.0163591 0.0112928 0.00732345 0.00442454
 0.00676541 0.0107646 0.0158201 0.0218554 0.0288203 0.0366324 0.0450413 0.0535554 0.0614942 0.0681166 0.0727573 0.0749545 0.074549 0.0717052 0.0668363 0.0604771 0.05317 0.045398 0.0375662 0.0300121 0.023024 0.0168466 0.0116662 0.0075833 0.00458863
 0.00668119 0.0106249 0.0156045 0.0215429 0.0283933 0.0360836 0.0443819 0.0528197 0.0607388 0.0674128 0.0721798 0.0745679 0.0743949 0.0717936 0.0671461 0.0609649 0.0537837 0.0460865 0.0382823 0.0307107 0.023662 0.0173875 0.0120884 0.00788438 0.00478367
 0.00652164 0.0103916 0.0153004 0.0211841 0.0279999 0.0356669 0.0439381 0.052336 0.0602089 0.0668537 0.0716378 0.0741107 0.0740931 0.0717009 0.0672846 0.0613222 0.0543183 0.0467402 0.0389918 0.0314163 0.0243125 0.0179442 0.0125284 0.00820333 0.0049943
