SBPRF35
7.78865
Curr Bio
638925
B35
704501
F35
0.225906
FOFL
0.209933
OFL
104130
Bzero
2.22533e+06
#pred survey bio
 4.5202e+06 4.25735e+06 4.00837e+06 3.72242e+06 3.41715e+06 3.11807e+06 2.78989e+06 2.47764e+06 2.2124e+06 1.95769e+06 1.73293e+06 1.51677e+06 1.34793e+06 1.18196e+06 1.03949e+06 910328 826948 760167 704998 683346 660929 630259 616587 600684 594187 582153 579596 580162 569557 569420 562792 560153 543336 542556 529572 519892 503049 489051 491945 497367 514210 521443 523546 535368 540803 547488 550546 559126 559358 577344 585319 598965 602763 622612 633780 637019 2.29215e+07 1.43048e+07 1.48539e+07 1.5377e+07 1.58411e+07 1.62292e+07 1.65407e+07 1.6784e+07 1.69706e+07 1.71121e+07 1.72188e+07 1.7299e+07 1.73594e+07 1.74048e+07 1.74392e+07 1.74652e+07 1.7485e+07 1.75e+07 1.75116e+07 1.75204e+07 1.75272e+07 1.75324e+07 1.75364e+07 1.75395e+07 1.75418e+07 1.75437e+07 1.75451e+07 1.75462e+07 1.7547e+07 1.75477e+07 1.75482e+07 1.75486e+07 1.75489e+07 1.75491e+07 1.75493e+07 1.75494e+07 1.75495e+07 1.75496e+07 1.75497e+07 1.75497e+07 1.75498e+07 1.75498e+07 1.75498e+07 1.75498e+07 1.75498e+07 1.75499e+07 1.75499e+07 1.75499e+07 1.75499e+07 1.75499e+07 1.75499e+07 1.75499e+07 1.75499e+07 1.75499e+07 1.75499e+07 1.75499e+07 1.75499e+07 1.75499e+07 1.75499e+07 1.75499e+07 1.75499e+07 1.75499e+07 1.75499e+07 1.75499e+07 1.75499e+07 1.75499e+07 1.75499e+07 1.75499e+07 1.75499e+07 1.75499e+07 1.75499e+07 1.75499e+07 1.75499e+07 1.75499e+07 1.75499e+07 1.75499e+07 1.75499e+07 1.75499e+07 1.75499e+07 1.75499e+07 1.75499e+07 1.75499e+07 1.75499e+07 1.75499e+07 1.75499e+07 1.75499e+07 1.75499e+07 1.75499e+07 1.75499e+07 1.75499e+07 1.75499e+07 1.75499e+07 1.75499e+07 1.75499e+07 1.75499e+07 1.75499e+07 1.75499e+07 1.75499e+07 1.75499e+07 1.75499e+07 0 0 0 0 0 0 0 0 0 0 0 0 0 0 0 0 0 0 0 0 0 0 0 0 0
#obs survey bio
 3.06423e+06 3.33838e+06 3.09893e+06 2.53442e+06 2.89108e+06 2.09139e+06 3.22781e+06 1.65614e+06 1.86643e+06 1.3685e+06 1.55562e+06 1.52843e+06 996618 1.56297e+06 1.0503e+06 759164 763969 497438 584508 671183 722209 796538 595172 541540 545657 384644 665052 556638 418320 389890 493958 607224 833897 679340 475000 493877 623029 416348 604759 478398 719268 623213 366511 339561 675677 541029 508687 552760 630599 637446 551780 352804 522266 707635 676498 558663
#pred catch bio
 98107.8 99651.5 156278 201768 226780 285250 301800 286886 300631 292129 297861 265335 267951 248287 235462 194616 179783 168354 137453 135091 137602 119057 118418 109248 113341 104931 101470 108932 98167.9 101664 95590 104171 86880.7 93629.6 87199.3 91800.9 91814.1 82248.9 83562.6 75775.5 85069.5 89948.7 83105.3 90085.7 89623.8 93208.1 89488.4 97547.7 84168.3 94453.2 91390.7 102133 92055.9 103960 116222 110145 104130 115096 118748 122083 124951 127233 128945 130177 131037 131623 132014 132272 132440 132547 132616 132660 132688 132705 132716 132723 132728 132730 132732 132733 132734 132734 132734 132734 132734 132734 132734 132735 132735 132735 132735 132735 132735 132735 132735 132735 132735 132735 132735 132735 132735 132735 132735 132735 132735 132735 132735 132735 132735 132735 132735 132735 132735 132735 132735 132735 132735 132735 132735 132735 132735 132735 132735 132735 132735 132735 132735 132735 132735 132735 132735 132735 132735 132735 132735 132735 132735 132735 132735 132735 132735 132735 132735 132735 132735 132735 132735 132735 132735 132735 132735 132735 132735 132735 132735 132735 0 0 0 0 0 0 0 0 0 0 0 0 0 0 0 0 0 0 0 0 0 0 0 0 0
#obs catch bio
 0 99457.2 156976 203202 228290 289243 306286 291450 306539 298148 304012 269932 274620 251975 239002 196785 181345 172209 139683 136931 139118 119572 118588 109717 114035 106088 102527 109819 98712.4 102710 95903.1 104922 86942.7 93595 87185.8 91736.7 91455.9 82088.9 83666.7 75415.4 84535.1 89630.6 82665.9 90388 89338.7 92846 89340.9 97380.6 83925.4 94431.2 91089.7 102215 91818.8 103506 115885 110077
#pred cpue bio
 4.44647e+06 4.18636e+06 3.9392e+06 3.65408e+06 3.35034e+06 3.05268e+06 2.72638e+06 2.41618e+06 2.15267e+06 1.90008e+06 1.67761e+06 1.46415e+06 1.29751e+06 1.13445e+06 995003 868630 786846 721334 667610 647107 626165 597175 584469 569178 562774 550984 548495 549480 539694 539878 533927 532001 516353 516343 504468 495585 478786 463533 464973 470076 486691 493834 495754 506867 511959 518538 521449 529593 529608 546813 554419 567384 570467 588968 598871 600435 2.15789e+07 1.34814e+07 1.40177e+07 1.45285e+07 1.49883e+07 1.53755e+07 1.56869e+07 1.59301e+07 1.61167e+07 1.62582e+07 1.63649e+07 1.64451e+07 1.65054e+07 1.65509e+07 1.65853e+07 1.66113e+07 1.66311e+07 1.66461e+07 1.66576e+07 1.66665e+07 1.66733e+07 1.66785e+07 1.66825e+07 1.66855e+07 1.66879e+07 1.66898e+07 1.66912e+07 1.66923e+07 1.66931e+07 1.66937e+07 1.66943e+07 1.66946e+07 1.66949e+07 1.66952e+07 1.66954e+07 1.66955e+07 1.66956e+07 1.66957e+07 1.66958e+07 1.66958e+07 1.66958e+07 1.66959e+07 1.66959e+07 1.66959e+07 1.66959e+07 1.66959e+07 1.66959e+07 1.6696e+07 1.6696e+07 1.6696e+07 1.6696e+07 1.6696e+07 1.6696e+07 1.6696e+07 1.6696e+07 1.6696e+07 1.6696e+07 1.6696e+07 1.6696e+07 1.6696e+07 1.6696e+07 1.6696e+07 1.6696e+07 1.6696e+07 1.6696e+07 1.6696e+07 1.6696e+07 1.6696e+07 1.6696e+07 1.6696e+07 1.6696e+07 1.6696e+07 1.6696e+07 1.6696e+07 1.6696e+07 1.6696e+07 1.6696e+07 1.6696e+07 1.6696e+07 1.6696e+07 1.6696e+07 1.6696e+07 1.6696e+07 1.6696e+07 1.6696e+07 1.6696e+07 1.6696e+07 1.6696e+07 1.6696e+07 1.6696e+07 1.6696e+07 1.6696e+07 1.6696e+07 1.6696e+07 1.6696e+07 1.6696e+07 1.6696e+07 1.6696e+07 1.6696e+07 1.6696e+07 0 0 0 0 0 0 0 0 0 0 0 0 0 0 0 0 0 0 0 0 0 0 0 0 0
#obs cpue bio
 3.62737e+06 3.50844e+06 3.74272e+06 3.13704e+06 3.521e+06 2.83662e+06 2.18711e+06 2.38233e+06 2.0751e+06 2.02353e+06 1.95501e+06 1.22276e+06 1.04407e+06 1.2029e+06 884734 897347 866171 417983 657604 677682 648419 529250 769407 436065 567618 461927 404954 719004 640773 577727 787593 447548 370974 566412 475763 607468 528700 436174 343354 674287 484630 370987 744420 468534 645659 618748 439885 675875 406234 519089 652516 859788 679831 701076 551886 531520
#pred surv len freq
 0.00465695 0.007519 0.0112448 0.0158106 0.0211334 0.0270079 0.0330616 0.0388218 0.0438772 0.0480062 0.0511885 0.0535363 0.0552169 0.0563941 0.0571818 0.057613 0.0576385 0.0571457 0.0559726 0.0539012 0.0506567 0.0459756 0.0397712 0.0323247 0.0243436
 0.00501728 0.0080183 0.0118412 0.016424 0.0216843 0.0274689 0.0334838 0.039307 0.0445028 0.0487489 0.0519011 0.0539967 0.0552244 0.0558607 0.0561754 0.0563385 0.0563668 0.0561197 0.0553251 0.0536189 0.0506083 0.0459886 0.0397158 0.0321592 0.0241043
 0.00515773 0.00828834 0.0123185 0.0171903 0.0227872 0.0288744 0.0350532 0.0408307 0.0457846 0.0496878 0.0525066 0.0543261 0.0552972 0.0556242 0.0555491 0.0552981 0.0550014 0.0546189 0.0539037 0.0524291 0.0496915 0.0452915 0.0391515 0.0316671 0.0236714
 0.00534033 0.00857062 0.0127212 0.0177362 0.0235115 0.029831 0.0362997 0.0423886 0.047591 0.0515744 0.0542347 0.0556669 0.0561045 0.0558525 0.0552178 0.0544508 0.0537016 0.052974 0.0520759 0.0506039 0.0480224 0.0438624 0.0379795 0.0307341 0.0229544
 0.00558516 0.0089571 0.013281 0.0184905 0.024468 0.0309815 0.0376204 0.0438459 0.0491498 0.0531964 0.0558592 0.057185 0.0573569 0.0566629 0.0554465 0.0540334 0.0526569 0.0513927 0.0501062 0.0484343 0.0458523 0.0418642 0.0362701 0.0293684 0.0219352
 0.00578508 0.00928651 0.0137851 0.0192146 0.0254491 0.0322341 0.039122 0.0455314 0.0509222 0.0549498 0.0574996 0.0586378 0.0585545 0.0575255 0.0558734 0.0539189 0.0519268 0.0500406 0.0482129 0.0461621 0.0434179 0.0394957 0.0341619 0.0276468 0.0206458
 0.00604683 0.00970327 0.0143974 0.0200578 0.0265519 0.0336127 0.0407693 0.0474051 0.0529386 0.0569887 0.0594208 0.060304 0.0598535 0.0583794 0.0562297 0.053734 0.0511592 0.0486672 0.0462619 0.0437425 0.0407232 0.0367742 0.0316616 0.0255572 0.0190598
 0.00634061 0.0101704 0.0150816 0.0209941 0.0277629 0.0351017 0.042511 0.0493405 0.0549791 0.0590267 0.0613402 0.0619877 0.0611904 0.0592737 0.056609 0.0535504 0.0503849 0.047294 0.0443149 0.041306 0.0379611 0.0339221 0.0289821 0.0232739 0.0173012
 0.00656552 0.0105376 0.0156374 0.0217841 0.0288244 0.036452 0.0441337 0.0511779 0.0569378 0.0609928 0.063196 0.0636231 0.0625088 0.0601932 0.0570618 0.0534826 0.0497578 0.0460898 0.0425495 0.0390495 0.0353564 0.0311844 0.026365 0.0210075 0.0155314
 0.00678979 0.0109017 0.0161853 0.0225592 0.029864 0.0377776 0.0457377 0.0530129 0.0589157 0.0629942 0.0650862 0.0652709 0.0638031 0.0610525 0.0574341 0.0533377 0.0490784 0.0448709 0.040809 0.0368492 0.0328234 0.028515 0.0237977 0.0187669 0.0137671
 0.00702367 0.0112738 0.0167312 0.0233089 0.0308406 0.0389922 0.0471812 0.0546487 0.0606775 0.0647902 0.0668073 0.0668017 0.0650339 0.0618919 0.0578168 0.0532258 0.0484569 0.0437429 0.0391994 0.0348186 0.0304867 0.0260478 0.0214152 0.0166762 0.0121108
 0.00731684 0.0117404 0.017415 0.0242441 0.0320461 0.040463 0.0488779 0.0564932 0.0625617 0.066594 0.0684173 0.0681219 0.0659902 0.0624317 0.0579077 0.0528528 0.0476199 0.0424561 0.0374958 0.0327617 0.0281846 0.023659 0.019132 0.0146829 0.0105342
 0.00740826 0.011913 0.0177195 0.0247439 0.0328039 0.0415189 0.0502279 0.0580799 0.064282 0.0683199 0.0700177 0.0694807 0.0670175 0.0630684 0.0581228 0.052637 0.0469785 0.0414063 0.0360704 0.0310196 0.0262229 0.0216168 0.0171757 0.0129713 0.0091772
 0.00760717 0.0122226 0.0181619 0.0253364 0.0335633 0.0424647 0.051377 0.0594317 0.0657998 0.0699184 0.0715685 0.0708364 0.0680446 0.0636751 0.0582691 0.0523271 0.0462446 0.0402944 0.0346353 0.0293305 0.0243737 0.0197309 0.0153952 0.0114292 0.00796257
 0.00789382 0.0126657 0.0187859 0.0261479 0.0345507 0.0435986 0.0526113 0.0607074 0.0670543 0.0710963 0.0726231 0.0717217 0.0687068 0.064053 0.058308 0.0519949 0.0455412 0.03925 0.0333038 0.0277851 0.0227074 0.0180559 0.0138332 0.0100892 0.00691469
 0.00827843 0.0132648 0.0196377 0.0272685 0.0359288 0.0451907 0.0543345 0.0624409 0.0686557 0.0724312 0.0735944 0.0722842 0.0688635 0.063838 0.057765 0.051163 0.0444526 0.0379369 0.0318085 0.0261667 0.0210447 0.0164442 0.0123721 0.00886306 0.00597191
 0.00854265 0.0136766 0.0202246 0.0280444 0.0368928 0.046324 0.055596 0.0637632 0.0699492 0.0735954 0.0745342 0.0729254 0.0691639 0.0637915 0.0573965 0.0505157 0.043574 0.0368713 0.0305985 0.0248613 0.0197062 0.0151488 0.0112004 0.00788271 0.00522074
 0.00855057 0.0137271 0.0203696 0.0283541 0.0374367 0.0471416 0.0566709 0.0650183 0.0712652 0.0748418 0.0755959 0.0737165 0.0696319 0.0639166 0.0571893 0.050012 0.0428258 0.0359371 0.0295365 0.0237288 0.0185631 0.0140589 0.0102269 0.00707663 0.00460834
 0.00855351 0.0137284 0.0203682 0.0283554 0.0374616 0.0472348 0.0569 0.0654536 0.0719456 0.0757432 0.0766234 0.0747291 0.0704858 0.0645045 0.0574578 0.0499588 0.0424854 0.035365 0.0287974 0.0228895 0.0176898 0.0132153 0.00947032 0.00645019 0.00413328
 0.00844471 0.0135501 0.0200979 0.0279727 0.0369554 0.0466146 0.0562089 0.0647763 0.0714018 0.0754635 0.0767108 0.0752193 0.0713255 0.06556 0.0585553 0.0509346 0.0432245 0.035816 0.0289652 0.0228186 0.0174465 0.0128736 0.0091002 0.0061083 0.00385569
 0.00836209 0.013424 0.0199227 0.0277465 0.0366774 0.0462826 0.0558208 0.0643368 0.070934 0.0750175 0.0763641 0.0750619 0.0714304 0.0659518 0.0591907 0.0517093 0.0440048 0.0364791 0.0294316 0.0230637 0.0174938 0.0127772 0.0089246 0.0059121 0.00368056
 0.00849504 0.0136097 0.020146 0.0279743 0.0368682 0.0464006 0.0558463 0.064267 0.0707751 0.0747793 0.0760616 0.0747246 0.0711087 0.0657107 0.0590884 0.0517703 0.0442047 0.0367515 0.0296937 0.0232477 0.0175676 0.012747 0.00882357 0.00578198 0.00355636
 0.00866777 0.0138558 0.0204507 0.0282986 0.0371554 0.0465902 0.0558889 0.0641363 0.0704763 0.0743507 0.0755668 0.074236 0.07069 0.0654069 0.058925 0.0517557 0.0443281 0.0369786 0.0299698 0.0235109 0.017768 0.0128617 0.00885846 0.00576209 0.00351149
 0.00877246 0.0140336 0.0207302 0.0287049 0.0376967 0.0472407 0.0565773 0.0647527 0.0709015 0.074496 0.075404 0.0738034 0.0700753 0.0647181 0.0582631 0.0511961 0.0439125 0.0367154 0.029838 0.0234697 0.0177703 0.0128688 0.00884957 0.00573486 0.00347471
 0.00884211 0.0141322 0.020853 0.0288423 0.037842 0.0473987 0.0567656 0.0649907 0.0711896 0.0747993 0.0756553 0.0739279 0.0700242 0.0644914 0.0579088 0.0507899 0.0435299 0.0364103 0.0296329 0.0233573 0.0177242 0.012857 0.00884664 0.00572756 0.00346107
 0.00882431 0.014127 0.0208875 0.0289534 0.0380626 0.0477396 0.0572033 0.0654717 0.0716503 0.0751884 0.0759422 0.0740954 0.0700576 0.0643774 0.0576474 0.0504066 0.0430771 0.035953 0.0292284 0.0230396 0.0174997 0.0127116 0.00875717 0.00567263 0.00342604
 0.00862705 0.0138326 0.0204956 0.0284859 0.0375642 0.0472736 0.056843 0.0652859 0.0716833 0.0754414 0.0763705 0.0746234 0.0706031 0.0648707 0.05804 0.0506732 0.0432162 0.0359858 0.0291923 0.0229752 0.017438 0.0126675 0.00873184 0.00566007 0.00341967
 0.00856587 0.0137132 0.0202804 0.0281318 0.0370383 0.0465759 0.0560261 0.064455 0.0709731 0.0749777 0.076233 0.0748255 0.0710925 0.0655497 0.0587942 0.0513997 0.0438426 0.0364767 0.0295456 0.0232122 0.0175898 0.0127637 0.00879348 0.0056997 0.00344422
 0.00860604 0.0137787 0.0203771 0.0282586 0.0371804 0.046698 0.0560729 0.0643677 0.0707172 0.0745703 0.0757488 0.0743741 0.0707771 0.0654294 0.058868 0.051617 0.0441288 0.0367614 0.0297817 0.0233808 0.0176953 0.0128222 0.00882314 0.00571409 0.00345127
 0.00842325 0.0135117 0.0200316 0.0278607 0.0367698 0.0463168 0.0557537 0.0641254 0.070547 0.0744516 0.0756584 0.0743038 0.0707456 0.0654764 0.0590334 0.0519147 0.044535 0.0372223 0.0302339 0.0237736 0.0180022 0.0130406 0.00896629 0.00580134 0.00350101
 0.00833775 0.0133695 0.0198132 0.0275502 0.0363636 0.0458336 0.0552414 0.0636542 0.0701883 0.0742513 0.075621 0.0743958 0.0709172 0.0656873 0.0592677 0.0521789 0.0448409 0.0375689 0.0306004 0.0241258 0.0183071 0.0132785 0.00913415 0.00590908 0.00356422
 0.0081523 0.0130908 0.0194354 0.027081 0.0358194 0.0452339 0.0546077 0.0630167 0.0695937 0.0737638 0.0753094 0.074311 0.0710715 0.0660492 0.0597754 0.0527649 0.0454513 0.0381685 0.0311655 0.0246358 0.0187423 0.0136246 0.009388 0.00607949 0.00366853
 0.00811334 0.0130241 0.0193295 0.026925 0.0356072 0.0449694 0.0543073 0.0627058 0.0692973 0.0734986 0.0750846 0.0741368 0.0709656 0.0660337 0.0598656 0.0529582 0.0457267 0.0384943 0.0315094 0.0249699 0.019044 0.0138775 0.00958303 0.00621682 0.00375622
 0.00796031 0.0127802 0.0189716 0.0264354 0.0349779 0.0442088 0.0534484 0.0618109 0.0684525 0.0727987 0.0746116 0.0739412 0.0710574 0.0663856 0.0604254 0.0536632 0.0465131 0.0393019 0.032285 0.0256703 0.0196394 0.0143524 0.00993673 0.00646088 0.00391103
 0.00799623 0.0128226 0.0190052 0.0264343 0.0349102 0.0440448 0.0531695 0.0614153 0.0679581 0.0722434 0.0740511 0.0734423 0.0706854 0.0661897 0.0604275 0.0538542 0.0468586 0.0397525 0.0327858 0.0261698 0.0200951 0.0147354 0.0102333 0.00667181 0.00404821
 0.00862149 0.0137025 0.020076 0.0275494 0.0358784 0.044695 0.053403 0.0612219 0.0673972 0.0714123 0.0730598 0.0723993 0.0696899 0.0653252 0.0597545 0.0534047 0.0466336 0.0397246 0.0329076 0.0263847 0.020348 0.0149814 0.0104425 0.00683058 0.00415642
 0.00940784 0.0149217 0.0217926 0.029762 0.0384968 0.0475196 0.0561227 0.0634564 0.0687941 0.0717614 0.0723588 0.0708352 0.0675568 0.0629313 0.0573607 0.0512006 0.0447368 0.0381905 0.0317404 0.0255509 0.019791 0.0146352 0.0102438 0.0067262 0.0041068
 0.00940981 0.0150316 0.0221538 0.0305702 0.0399447 0.0497084 0.0589801 0.0667074 0.0720065 0.0744482 0.0741005 0.0713837 0.0668901 0.0612421 0.0549834 0.0485104 0.0420631 0.035769 0.0297049 0.0239484 0.0186052 0.0138108 0.00970648 0.00639921 0.00392193
 0.00901873 0.0144471 0.0213784 0.029663 0.0390347 0.0489971 0.058721 0.0671457 0.0732819 0.0764988 0.0766321 0.0739378 0.0689881 0.0625362 0.0553468 0.0480388 0.0410037 0.0344204 0.0283313 0.0227318 0.0176364 0.0131065 0.00923592 0.00610973 0.00375813
 0.0089417 0.0142861 0.0210724 0.0291395 0.0382377 0.047929 0.0574812 0.0659411 0.0723915 0.0761984 0.0770995 0.0751731 0.0707868 0.0645376 0.0571489 0.0493297 0.0416497 0.0344739 0.0279698 0.0221699 0.0170542 0.0126143 0.00887588 0.00587612 0.00362217
 0.00885222 0.0141422 0.0208558 0.028827 0.0377969 0.0473191 0.0566655 0.0649149 0.0712181 0.0750327 0.0761743 0.0747375 0.0710126 0.0654378 0.0585535 0.0509386 0.0431397 0.0356089 0.0286609 0.0224656 0.0170813 0.0125099 0.00874132 0.00576464 0.00354879
 0.00889898 0.0142098 0.0209414 0.0289207 0.0378817 0.0473709 0.0566519 0.0647951 0.0709487 0.0745855 0.0755636 0.0740439 0.0703824 0.0650429 0.0585215 0.051289 0.0437676 0.0363292 0.0292895 0.0228897 0.0172833 0.0125433 0.00868499 0.00568403 0.00348048
 0.00908301 0.0144823 0.0213012 0.0293485 0.0383436 0.0478254 0.0570556 0.0651043 0.0711201 0.0745792 0.0753514 0.0736225 0.0697883 0.064361 0.0578736 0.050798 0.0435087 0.0362977 0.0294079 0.0230507 0.0174017 0.0125846 0.00866083 0.00562767 0.00342225
 0.00889207 0.0142271 0.0210185 0.0291038 0.0382105 0.047853 0.0572439 0.0654037 0.0714541 0.0748743 0.0755567 0.073713 0.06976 0.064228 0.057671 0.0505816 0.0433424 0.0362297 0.0294476 0.023166 0.0175383 0.0126952 0.00872411 0.00564809 0.00341726
 0.00882626 0.0141109 0.0208301 0.0288267 0.0378479 0.0474449 0.0568724 0.0651726 0.0714463 0.0751087 0.0759741 0.074201 0.0702012 0.0645415 0.0578297 0.0506061 0.0432843 0.036149 0.0293924 0.0231576 0.0175699 0.0127435 0.00876601 0.00567229 0.00342465
 0.00888657 0.0141874 0.0209043 0.0288653 0.0378092 0.0472916 0.0565878 0.0647752 0.0709961 0.0746987 0.0757025 0.0741334 0.070341 0.0648291 0.0581716 0.0509169 0.043516 0.0362973 0.0294818 0.0232195 0.0176251 0.0127973 0.00881355 0.00570729 0.00344532
 0.00891142 0.014238 0.0209974 0.0290185 0.0380305 0.0475664 0.0568707 0.0649969 0.0710867 0.0746182 0.075463 0.0737981 0.0699999 0.0645617 0.058017 0.0508657 0.043527 0.0363255 0.0294998 0.0232218 0.0176195 0.0127929 0.00881386 0.00571068 0.00344878
 0.00892898 0.0142562 0.0210069 0.0290075 0.0379915 0.0475048 0.0568073 0.0649595 0.0710929 0.0746604 0.0755087 0.0738086 0.0699551 0.064474 0.0579239 0.0508069 0.0435228 0.0363697 0.0295694 0.0232931 0.0176786 0.0128364 0.00884404 0.00573103 0.00346184
 0.00900665 0.0143807 0.0211901 0.029256 0.0383022 0.0478596 0.0571715 0.0652876 0.0713423 0.0748046 0.0755414 0.0737368 0.0697895 0.0642273 0.0576159 0.0504692 0.0431942 0.036084 0.0293446 0.0231297 0.0175659 0.012761 0.00879497 0.00570036 0.00344381
 0.00889871 0.0142155 0.0209614 0.0289669 0.037967 0.0475039 0.0568314 0.0650045 0.0711535 0.0747332 0.0755902 0.0738908 0.0700219 0.0645055 0.0579067 0.0507442 0.0434353 0.0362855 0.0295105 0.0232664 0.0176779 0.0128496 0.00886101 0.00574583 0.00347248
 0.00900692 0.0143655 0.0211392 0.0291434 0.0381059 0.0475752 0.0568223 0.0649229 0.0710226 0.0745821 0.0754458 0.0737716 0.0699362 0.0644525 0.0578794 0.0507328 0.0434305 0.0362813 0.0295049 0.023261 0.017675 0.0128505 0.00886475 0.00575069 0.00347687
 0.0091238 0.0145402 0.0213722 0.0294219 0.0384031 0.0478527 0.0570345 0.0650267 0.0709906 0.0744158 0.0751785 0.0734581 0.0696335 0.0642021 0.0576993 0.0506205 0.0433708 0.0362556 0.0294975 0.0232618 0.0176788 0.0128554 0.00887002 0.00575571 0.00348106
 0.00925662 0.0147568 0.0216984 0.0298787 0.0389986 0.0485696 0.0578208 0.0657947 0.0716334 0.0748339 0.0753077 0.0732861 0.0692018 0.0635914 0.0570054 0.0499296 0.0427437 0.0357236 0.0290684 0.0229293 0.0174307 0.0126778 0.00874927 0.00567854 0.00343519
 0.0093996 0.0149554 0.0219361 0.0301224 0.0392126 0.0487352 0.0579478 0.0659159 0.0717822 0.0750197 0.0755042 0.073441 0.0692603 0.0635209 0.0568083 0.0496399 0.0424116 0.0353973 0.0287818 0.0226983 0.017257 0.0125547 0.00866679 0.00562654 0.0034046
 0.00975474 0.0154902 0.0226595 0.0310096 0.0402054 0.0497493 0.0588822 0.066669 0.0722745 0.0752164 0.075422 0.0731317 0.0687835 0.0629236 0.0561237 0.0488978 0.0416489 0.034659 0.0281123 0.0221308 0.0168073 0.0122213 0.00843561 0.00547699 0.00331475
 0.00961495 0.0153572 0.0226314 0.0312291 0.0408146 0.05082 0.0603598 0.0683672 0.0739284 0.076566 0.0762842 0.0734345 0.0685598 0.0622789 0.0551936 0.0478135 0.0405188 0.0335656 0.0271164 0.0212747 0.0161144 0.0116956 0.00806332 0.00523206 0.00316577
#obs surv len freq
 nan nan nan nan nan nan nan nan nan nan nan nan nan nan nan nan nan nan nan nan nan nan nan nan nan
 0.00448621 0.00734814 0.0111785 0.0159948 0.0216948 0.0279693 0.0342822 0.0400123 0.0446912 0.0481547 0.0505126 0.0520087 0.0529012 0.0534139 0.0537285 0.0539836 0.0542623 0.0545552 0.054694 0.0542859 0.052724 0.0493562 0.043806 0.036286 0.0276697
 0.0046207 0.00756921 0.0115153 0.0164747 0.0223366 0.0287725 0.0352168 0.0410166 0.0456804 0.0490385 0.0512126 0.0524697 0.0530963 0.0533438 0.0534167 0.0534686 0.0535884 0.0537658 0.0538286 0.053382 0.051821 0.048498 0.0430382 0.0356474 0.0271816
 0.00477373 0.00782113 0.0119004 0.0170273 0.0230845 0.0297263 0.0363583 0.0422928 0.0470078 0.0503159 0.0523361 0.0533459 0.0536535 0.0535398 0.0532426 0.0529466 0.0527644 0.0526998 0.0525876 0.0520366 0.0504465 0.0471748 0.0418461 0.0346522 0.0264196
 0.00497101 0.00814112 0.0123808 0.0177031 0.0239821 0.0308539 0.037695 0.0437838 0.0485699 0.05185 0.0537394 0.0545205 0.0545114 0.0540098 0.0532774 0.05253 0.0519139 0.0514648 0.0510444 0.0502837 0.0486 0.0453627 0.0401945 0.033264 0.0253527
 0.00518152 0.00848781 0.0129107 0.0184624 0.0250067 0.0321545 0.0392429 0.0455068 0.0503643 0.0536013 0.0553403 0.0558781 0.0555464 0.0546535 0.0534724 0.0522349 0.0511124 0.0501745 0.0493243 0.0482367 0.0463702 0.0431224 0.0381205 0.0315034 0.0239913
 0.00539813 0.00884398 0.0134545 0.0192419 0.0260615 0.0335018 0.0408624 0.0473336 0.0522961 0.0555167 0.0571176 0.0574085 0.0567402 0.0554394 0.0537946 0.0520494 0.0503895 0.0489087 0.0475492 0.0460407 0.0439029 0.0405838 0.0357287 0.0294478 0.0223885
 0.00565614 0.00926024 0.0140753 0.0201089 0.0272051 0.0349302 0.0425494 0.0492136 0.054271 0.0574726 0.0589403 0.0589936 0.0579967 0.0562915 0.0541809 0.0519215 0.0497118 0.0476643 0.0457552 0.0437689 0.0412959 0.037851 0.0331138 0.0271733 0.0205988
 0.00589002 0.00965076 0.0146816 0.0209914 0.0284115 0.0364747 0.0443937 0.0512628 0.0563928 0.0595268 0.0608045 0.0605726 0.0592192 0.0571018 0.0545318 0.0517711 0.0490237 0.0464149 0.0439497 0.0414647 0.0386237 0.0350179 0.0303732 0.0247659 0.0186891
 0.00614128 0.0100567 0.0152886 0.021843 0.0295427 0.0379016 0.0460994 0.0531886 0.0584392 0.0615673 0.0627047 0.062209 0.0604929 0.0579442 0.0548996 0.0516359 0.0483631 0.0452125 0.0422086 0.0392323 0.036017 0.0322316 0.027655 0.0223591 0.0167662
 0.00637068 0.0104381 0.0158777 0.0226956 0.030702 0.039379 0.0478575 0.0551386 0.0604586 0.0635274 0.0644915 0.0637289 0.0616703 0.0587173 0.0552209 0.0514715 0.0476913 0.044023 0.0405097 0.0370702 0.0334993 0.0295386 0.02502 0.0200164 0.0148861
 0.00661168 0.0108296 0.016467 0.0235273 0.031811 0.040778 0.0495222 0.0569998 0.0624084 0.0654367 0.0662319 0.0651907 0.0627718 0.0594056 0.0554648 0.0512532 0.0469989 0.0428518 0.0388709 0.0350086 0.031115 0.0269969 0.0225353 0.0178052 0.0131079
 0.00685343 0.0112272 0.0170733 0.0243931 0.0329732 0.0422424 0.0512472 0.0588932 0.0643436 0.0672798 0.0678639 0.0665183 0.0637278 0.0599464 0.0555674 0.05091 0.0462124 0.041631 0.0372368 0.0330087 0.0288427 0.0246018 0.0202099 0.0157436 0.0114528
 0.00702435 0.0115132 0.017519 0.0250457 0.0338739 0.0434112 0.0526674 0.0605041 0.0660467 0.0689568 0.0693962 0.0678024 0.0646845 0.0605235 0.0557369 0.0506626 0.0455517 0.04057 0.0358014 0.0312482 0.0268447 0.0225 0.0181725 0.0139389 0.0100041
 0.00726841 0.0119054 0.0181006 0.0258518 0.0349264 0.0447084 0.0541728 0.0621423 0.0677128 0.0705349 0.0707783 0.0688999 0.0654337 0.0608864 0.0556998 0.0502306 0.0447425 0.0394101 0.0343269 0.0295135 0.024934 0.0205334 0.0162962 0.0122956 0.00869535
 0.00744853 0.0122065 0.0185684 0.0265324 0.0358547 0.0458909 0.0555719 0.063674 0.0692625 0.0719835 0.072024 0.0698683 0.0660766 0.0611778 0.0556308 0.0498071 0.0439818 0.0383393 0.0329846 0.0279548 0.0232381 0.0188074 0.014665 0.010878 0.00757305
 0.00754113 0.0123573 0.0187969 0.0268597 0.036303 0.0464803 0.0563137 0.0645629 0.0702694 0.073053 0.0730794 0.0708233 0.06685 0.0617055 0.0558716 0.0497412 0.0436079 0.0376717 0.032053 0.0268081 0.0219483 0.0174692 0.0133868 0.00976066 0.00668577
 0.00757877 0.0124183 0.0188889 0.0269905 0.0364809 0.0467139 0.0566118 0.0649339 0.0707206 0.0735875 0.0736899 0.071484 0.0675136 0.0623068 0.0563396 0.0500126 0.0436384 0.0374412 0.0315675 0.0261002 0.0210771 0.0165171 0.0124484 0.00892456 0.00601394
 0.00765703 0.0125314 0.019033 0.0271538 0.0366479 0.046872 0.0567572 0.0650731 0.0708682 0.0737624 0.0739102 0.071762 0.0678488 0.0626799 0.0567103 0.0503244 0.0438301 0.0374612 0.0313869 0.0257205 0.0205331 0.0158717 0.0117808 0.00831181 0.00551235
 0.0077247 0.0126405 0.0191946 0.0273748 0.0369263 0.0471923 0.0570878 0.0653719 0.0710964 0.0739005 0.0739664 0.0717679 0.0678447 0.0626989 0.056765 0.0504021 0.0438954 0.0374667 0.0312882 0.0254922 0.020179 0.0154269 0.0113017 0.00785969 0.00513527
 0.00777895 0.012721 0.0193017 0.0275048 0.0370736 0.0473523 0.0572573 0.0655468 0.0712677 0.0740524 0.074081 0.0718333 0.067863 0.0626865 0.0567455 0.0503934 0.0438984 0.0374626 0.0312453 0.0253799 0.0199829 0.0151572 0.0109914 0.00755266 0.00487035
 0.00782396 0.0127928 0.0194067 0.0276466 0.0372512 0.0475572 0.0574732 0.0657516 0.0714402 0.0741789 0.074157 0.0718615 0.0678489 0.0626374 0.0566712 0.0503065 0.0438103 0.0373767 0.0311533 0.0252655 0.0198314 0.0149661 0.0107749 0.00733639 0.00468074
 0.00787768 0.0128719 0.0195105 0.0277698 0.0373856 0.047695 0.0576086 0.0658805 0.0715575 0.0742775 0.0742289 0.0719004 0.0678526 0.0626082 0.0566151 0.0502313 0.043724 0.037285 0.0310574 0.0251611 0.0197118 0.0148285 0.0106247 0.0071874 0.00454906
 0.00787895 0.0128792 0.019531 0.027812 0.0374563 0.0477946 0.057728 0.0660032 0.0716658 0.0743599 0.0742831 0.0719303 0.0678638 0.0626041 0.0565966 0.0501985 0.0436782 0.0372283 0.0309916 0.0250863 0.0196269 0.0147332 0.0105229 0.00708703 0.00445998
 0.00786989 0.0128587 0.0194901 0.027741 0.0373493 0.0476559 0.0575757 0.0658659 0.0715729 0.0743295 0.0743168 0.072016 0.0679832 0.0627393 0.0567334 0.0503261 0.0437885 0.0373159 0.0310532 0.0251207 0.0196348 0.0147174 0.0104887 0.00704262 0.00441446
 0.00788946 0.0128836 0.0195143 0.0277539 0.037337 0.0476057 0.0574805 0.0657284 0.0714081 0.0741634 0.0741801 0.0719351 0.0679712 0.062793 0.0568365 0.0504568 0.0439257 0.0374431 0.0311593 0.0251997 0.0196847 0.01474 0.0104891 0.00702815 0.00439326
 0.007896 0.0128923 0.0195238 0.0277606 0.0373355 0.0475885 0.0574394 0.0656562 0.0713019 0.0740281 0.0740309 0.0717952 0.0678666 0.0627447 0.056853 0.0505322 0.0440426 0.037579 0.031293 0.0253152 0.0197731 0.0147988 0.0105212 0.00703984 0.0043923
 0.00790915 0.0129111 0.019547 0.0277853 0.0373576 0.0476031 0.0574419 0.0656422 0.0712673 0.07397 0.0739492 0.071695 0.0677597 0.0626481 0.0567853 0.0505071 0.0440638 0.0376393 0.0313769 0.0254048 0.0198531 0.0148602 0.0105612 0.00706122 0.0044004
 0.00791137 0.0129136 0.0195487 0.0277843 0.0373515 0.0475898 0.05742 0.0656116 0.0712289 0.0739255 0.0739004 0.0716436 0.0677077 0.0625993 0.0567461 0.0504859 0.0440684 0.0376729 0.0314357 0.0254785 0.0199286 0.0149259 0.0106107 0.00709322 0.00441792
 0.00788139 0.0128666 0.0194814 0.0276953 0.0372417 0.0474634 0.0572851 0.0654799 0.0711137 0.0738388 0.0738495 0.0716307 0.0677294 0.0626489 0.0568159 0.0505697 0.0441629 0.0377764 0.031546 0.0255908 0.0200354 0.0150188 0.0106837 0.00714459 0.00444999
 0.00784697 0.0128073 0.0193862 0.0275531 0.037045 0.0472138 0.0569978 0.0651834 0.0708437 0.0736288 0.0737226 0.0715958 0.0677826 0.0627761 0.0569973 0.0507841 0.0443912 0.0380039 0.0317624 0.0257886 0.0202084 0.0151621 0.0107944 0.00722334 0.00450092
 0.00782621 0.0127708 0.0193262 0.02746 0.0369095 0.0470297 0.0567658 0.0649141 0.0705582 0.0733562 0.0734957 0.071444 0.067725 0.0628175 0.0571278 0.0509833 0.0446334 0.0382638 0.0320187 0.0260252 0.0204145 0.0153315 0.0109248 0.00731631 0.00456179
 0.00781225 0.0127469 0.0192879 0.0274019 0.0368259 0.046916 0.0566199 0.0647377 0.0703578 0.0731436 0.073288 0.0712628 0.0675936 0.0627559 0.0571475 0.0510833 0.0448008 0.0384768 0.032252 0.0262556 0.0206235 0.0155071 0.0110616 0.0074148 0.00462687
 0.00777505 0.0126879 0.0192018 0.0272851 0.0366773 0.0467381 0.0564199 0.0645277 0.0701523 0.0729566 0.073131 0.0711444 0.0675213 0.0627369 0.0571884 0.0511876 0.0449652 0.0386897 0.0324942 0.0265039 0.0208561 0.015707 0.0112197 0.00752968 0.00470323
 0.0077447 0.0126361 0.0191195 0.0271631 0.0365089 0.0465231 0.0561683 0.0642594 0.0698935 0.0727325 0.0729606 0.0710378 0.0674808 0.0627598 0.05727 0.0513227 0.0451479 0.0389114 0.0327418 0.0267595 0.0210998 0.015921 0.0113923 0.00765696 0.00478882
 0.00934471 0.0148752 0.0218207 0.0299378 0.0388695 0.0480633 0.0567056 0.0638631 0.0688031 0.0712375 0.0713103 0.0694063 0.0659711 0.0614234 0.0561257 0.0503709 0.0443799 0.0383138 0.0322979 0.0264487 0.0208975 0.0158007 0.0113282 0.0076274 0.00477776
 0.00932434 0.01514 0.0227442 0.0319835 0.0423893 0.0530244 0.0625176 0.069474 0.0730724 0.0733857 0.0711763 0.0673898 0.0627568 0.057688 0.0523693 0.0468883 0.04131 0.0357034 0.030147 0.0247343 0.0195826 0.0148371 0.010659 0.00719062 0.00451206
 0.00897884 0.0145964 0.0219817 0.0310525 0.0414656 0.0524459 0.062744 0.0709227 0.0758691 0.0771784 0.0751784 0.0706788 0.0646588 0.0580117 0.0513758 0.0450747 0.0391745 0.0336092 0.0282983 0.0232141 0.0184013 0.0139672 0.0100539 0.0067958 0.00427227
 0.00880626 0.0143025 0.0215157 0.0303625 0.0405184 0.0512629 0.061445 0.069754 0.0751818 0.0773306 0.0763765 0.072829 0.067335 0.0605942 0.0533018 0.0460525 0.0392412 0.0330301 0.0274035 0.0222733 0.0175765 0.0133243 0.00959646 0.00649565 0.00409048
 0.00870397 0.0141357 0.0212627 0.0299999 0.0400225 0.0506146 0.060641 0.0688251 0.0742142 0.0764815 0.0758631 0.0728739 0.0680675 0.0619561 0.0550244 0.0477438 0.0405452 0.0337626 0.027588 0.0220756 0.0171991 0.012927 0.00926728 0.0062619 0.00394331
 0.00870878 0.0141332 0.0212392 0.0299355 0.0398937 0.0504003 0.0603277 0.0684093 0.0737047 0.0759056 0.0752791 0.0723815 0.0678004 0.062041 0.0555161 0.0485732 0.0415241 0.034656 0.0282142 0.0223721 0.0172194 0.0127847 0.00907337 0.00608825 0.0038185
 0.00870318 0.0141281 0.0212382 0.029942 0.0399078 0.0504133 0.0603201 0.0683533 0.0735723 0.0756797 0.0749629 0.0720048 0.0674223 0.0617457 0.0553938 0.048685 0.0418648 0.0351423 0.0287141 0.0227632 0.017439 0.0128427 0.00902636 0.00600043 0.00373485
 0.00869604 0.0141165 0.0212211 0.0299194 0.039881 0.050386 0.0602969 0.0683366 0.0735579 0.0756539 0.0749052 0.071897 0.0672607 0.0615509 0.0552118 0.0485751 0.0418756 0.0352855 0.0289533 0.0230277 0.0176575 0.0129746 0.00907216 0.00598838 0.00369895
 0.00867512 0.0140854 0.0211797 0.0298693 0.0398255 0.0503289 0.0602423 0.0682891 0.0735218 0.0756315 0.0748947 0.07189 0.0672445 0.0615148 0.0551562 0.0485167 0.0418442 0.0353095 0.0290429 0.0231656 0.0178069 0.0130979 0.00914863 0.00601929 0.00369966
 0.00865788 0.0140569 0.0211363 0.0298078 0.0397449 0.050232 0.0601369 0.0681873 0.073437 0.0755745 0.0748701 0.071896 0.0672731 0.0615546 0.0551957 0.0485502 0.0418748 0.0353489 0.0291034 0.0232509 0.0179071 0.0131942 0.00922371 0.00606551 0.0037204
 0.00864957 0.0140414 0.0211091 0.0297639 0.0396794 0.0501428 0.0600268 0.0680647 0.0733149 0.0754681 0.0747931 0.0718575 0.0672755 0.0615931 0.0552601 0.0486281 0.0419565 0.0354301 0.0291851 0.0233354 0.0179934 0.0132759 0.00929193 0.00611429 0.00374938
 0.00865536 0.0140509 0.0211236 0.0297836 0.039703 0.0501662 0.0600427 0.0680642 0.0732905 0.0754174 0.074721 0.0717752 0.0671973 0.0615316 0.0552228 0.0486161 0.041966 0.0354552 0.0292207 0.0233783 0.0180405 0.0133234 0.00933471 0.00614787 0.00377188
 0.00863966 0.0140288 0.0210966 0.0297555 0.0396787 0.0501502 0.0600373 0.0680686 0.0733006 0.0754266 0.0747224 0.0717642 0.067174 0.0615011 0.0551936 0.0485966 0.0419614 0.0354665 0.0292455 0.0234123 0.0180792 0.0133624 0.00936996 0.00617627 0.00379201
 0.00863741 0.0140218 0.02108 0.0297236 0.0396273 0.0500797 0.0599552 0.0679882 0.0732369 0.0753902 0.0747157 0.0717817 0.0672055 0.0615365 0.0552268 0.0486264 0.0419902 0.0354979 0.0292814 0.0234524 0.0181211 0.0134026 0.00940526 0.00620435 0.00381206
 0.00860724 0.0139792 0.0210278 0.0296676 0.039574 0.050033 0.0599143 0.0679492 0.0731966 0.0753504 0.0746834 0.0717656 0.0672115 0.0615643 0.0552705 0.0486779 0.0420431 0.0355487 0.0293297 0.0234984 0.0181645 0.0134421 0.00943903 0.00623094 0.00383108
 0.00860724 0.0139792 0.0210278 0.0296676 0.039574 0.050033 0.0599143 0.0679492 0.0731966 0.0753504 0.0746834 0.0717656 0.0672115 0.0615643 0.0552705 0.0486779 0.0420431 0.0355487 0.0293297 0.0234984 0.0181645 0.0134421 0.00943903 0.00623094 0.00383108
 0.00865189 0.014044 0.0211111 0.0297633 0.0396738 0.0501292 0.0600016 0.068024 0.0732541 0.0753831 0.0746835 0.0717288 0.0671405 0.0614695 0.0551656 0.0485756 0.0419518 0.0354723 0.0292693 0.0234539 0.0181348 0.013425 0.00943148 0.00622941 0.00383246
 0.00874435 0.0141965 0.0213431 0.0300909 0.040102 0.0506424 0.0605571 0.0685555 0.0736888 0.0756627 0.0747791 0.0716431 0.0669003 0.0611145 0.0547405 0.0481237 0.04151 0.0350686 0.0289211 0.0231691 0.017914 0.0132633 0.00932037 0.00615834 0.00379047
 0.00870296 0.0141425 0.0212873 0.0300533 0.0401085 0.0507183 0.0607192 0.0688049 0.0740068 0.0760114 0.0751075 0.0719002 0.0670483 0.0611384 0.054649 0.0479428 0.0412743 0.034813 0.0286745 0.022952 0.0177372 0.0131296 0.00922655 0.00609743 0.00375409
 0.00879137 0.0142723 0.0214572 0.0302541 0.0403276 0.0509454 0.0609503 0.0690412 0.0742488 0.0762524 0.07533 0.0720765 0.0671472 0.0611345 0.0545315 0.04772 0.0409719 0.0344671 0.0283234 0.0226279 0.0174623 0.0129141 0.00907026 0.00599282 0.0036897
 0.00904849 0.014688 0.0220754 0.0311063 0.0414168 0.0522271 0.0623193 0.0703416 0.0753124 0.0769476 0.0755969 0.0719293 0.0666522 0.0603797 0.0536043 0.0466978 0.0399211 0.0334453 0.0273801 0.0218021 0.0167795 0.0123835 0.00868486 0.00573276 0.00352769
#pred catch len freq
 0.00338998 0.00544137 0.00809441 0.0113586 0.0152625 0.0198211 0.0249713 0.0305415 0.0362783 0.041899 0.0471365 0.0517771 0.0556885 0.0588199 0.0611685 0.0627372 0.0635062 0.0634221 0.0623835 0.0602148 0.0566592 0.0514546 0.0445238 0.0361923 0.027258
 0.00366786 0.00583017 0.0085673 0.0118624 0.0157467 0.0202757 0.0254434 0.0311088 0.0369868 0.0427011 0.0478743 0.0522298 0.0556613 0.0582314 0.0600957 0.0613986 0.0621915 0.0623915 0.0617779 0.0600146 0.0567136 0.0515673 0.0445461 0.0360752 0.027041
 0.0038087 0.00608323 0.00898815 0.0125059 0.0166411 0.0213915 0.0266808 0.0323245 0.0380546 0.0435642 0.0485443 0.052727 0.055949 0.058203 0.0596349 0.0604701 0.0608953 0.0609415 0.0604143 0.0589047 0.0558982 0.0509793 0.0440807 0.0356585 0.0266566
 0.00398694 0.00635919 0.00938263 0.0130417 0.0173534 0.0223329 0.0279073 0.0338572 0.0398333 0.0454282 0.0502664 0.0540888 0.0568077 0.0585049 0.0593806 0.059681 0.0596193 0.0592847 0.0585511 0.0570392 0.0541986 0.0495342 0.0429028 0.0347228 0.0259349
 0.00420993 0.0067085 0.00988411 0.013712 0.0182002 0.0233572 0.0291058 0.0352258 0.0413665 0.0471064 0.0520278 0.055804 0.0582833 0.0595285 0.0597832 0.0593802 0.0586276 0.0576964 0.0565269 0.0547859 0.0519354 0.047449 0.041121 0.0333008 0.0248738
 0.00442704 0.00705772 0.0104036 0.0144369 0.0191591 0.0245646 0.0305517 0.0368683 0.0431355 0.0489159 0.0537905 0.0574364 0.0596963 0.0606123 0.0604041 0.0594029 0.0579576 0.0563209 0.0545346 0.0523587 0.0493157 0.0448915 0.0388413 0.0314383 0.0234786
 0.00468597 0.00746583 0.0109958 0.0152428 0.0202041 0.0258693 0.0321241 0.0386899 0.0451481 0.0510176 0.0558454 0.0592965 0.0612275 0.0617087 0.0609841 0.0593959 0.0572996 0.0549748 0.0525261 0.0498077 0.0464386 0.0419658 0.0361437 0.0291796 0.0217627
 0.00495889 0.00789622 0.0116202 0.0160899 0.0212953 0.027217 0.0337257 0.0405199 0.0471531 0.0531143 0.0579224 0.0612207 0.0628565 0.0629088 0.0616466 0.0594429 0.0566819 0.053671 0.0505576 0.0472662 0.0435071 0.0389083 0.0332543 0.0267091 0.0198562
 0.00520553 0.00829064 0.0122028 0.0168973 0.0223577 0.0285527 0.0353311 0.0423607 0.0491612 0.055193 0.0599562 0.0630858 0.0644308 0.0640796 0.062316 0.0595314 0.0561321 0.0524545 0.0486881 0.0448217 0.0406497 0.0358828 0.0303491 0.0241864 0.0178831
 0.0054426 0.00866919 0.0127614 0.0176718 0.0233805 0.029848 0.0369055 0.0441903 0.0511831 0.0573049 0.0620252 0.0649665 0.0659862 0.0651974 0.062914 0.0595541 0.0555438 0.0512387 0.0468595 0.0424487 0.0378767 0.0329341 0.0274973 0.0216886 0.0159118
 0.00571199 0.00909176 0.0133702 0.0184915 0.0244284 0.0311343 0.0384276 0.0459244 0.0530758 0.0592713 0.0639527 0.0667246 0.0674428 0.0662359 0.0634465 0.0595252 0.054927 0.0500318 0.0450882 0.0401816 0.0352461 0.0301421 0.0247926 0.0193103 0.0140251
 0.00599224 0.00953395 0.0140116 0.0193605 0.0255429 0.0324985 0.0400241 0.0477072 0.0549691 0.0611754 0.0657541 0.0683077 0.0686998 0.0670764 0.0638032 0.059356 0.0542141 0.0487808 0.0433317 0.0379907 0.0327452 0.0275147 0.0222609 0.0170882 0.0122612
 0.00615342 0.00980603 0.0144406 0.0199975 0.0264367 0.0336804 0.0414919 0.049414 0.056825 0.0630595 0.067532 0.0698495 0.069896 0.0678473 0.0641008 0.0591591 0.0535217 0.0476087 0.0417164 0.0360003 0.0304931 0.0251631 0.0200038 0.015111 0.0106923
 0.0063757 0.0101501 0.0149285 0.0206453 0.0272599 0.0346993 0.0427278 0.0508729 0.0584761 0.0648193 0.0692666 0.0713982 0.0711067 0.0686077 0.0643526 0.0588938 0.052765 0.0464061 0.0401273 0.0341037 0.0283981 0.0230139 0.0179669 0.013342 0.00929642
 0.00669147 0.0106351 0.0156058 0.021518 0.0283131 0.0359045 0.0440451 0.0522536 0.059867 0.066167 0.0705164 0.0724863 0.0719556 0.0691332 0.0644817 0.0585839 0.0520136 0.0452475 0.0386245 0.0323425 0.0264877 0.021086 0.0161643 0.0117928 0.00808342
 0.00702007 0.0111452 0.0163289 0.0224677 0.0294847 0.0372731 0.0455606 0.0538368 0.0614142 0.0675659 0.0716668 0.073317 0.0724303 0.0692439 0.0642355 0.0579926 0.0510926 0.044023 0.0371414 0.0306704 0.0247215 0.0193408 0.0145608 0.0104343 0.00703173
 0.00728664 0.0115581 0.0169128 0.023234 0.0304322 0.0383889 0.0468165 0.055183 0.0627764 0.0688494 0.0727685 0.0741431 0.0729133 0.0693541 0.0639807 0.0574066 0.05022 0.0429098 0.0358358 0.0292305 0.0232224 0.0178745 0.0132246 0.00931056 0.00616746
 0.00732752 0.011652 0.0171049 0.0235834 0.0309984 0.0392089 0.0478842 0.0564416 0.0641286 0.0701777 0.0739556 0.0750863 0.0735351 0.0696099 0.0638626 0.0569404 0.0494563 0.0419117 0.0346699 0.0279645 0.0219283 0.0166295 0.0121054 0.00837961 0.00545787
 0.00725972 0.0115479 0.0169633 0.0234164 0.0308399 0.0391211 0.0479543 0.056761 0.064756 0.0711036 0.0750896 0.0762786 0.0746209 0.0704518 0.0643753 0.0570947 0.0492694 0.0414324 0.0339656 0.0271109 0.0210044 0.0157137 0.0112693 0.00767855 0.00492141
 0.00716103 0.0113876 0.0167224 0.0230778 0.0303932 0.0385721 0.0473371 0.0561487 0.0642597 0.0708533 0.0751963 0.0767899 0.075491 0.0715465 0.0655117 0.0580961 0.0500096 0.041854 0.0340736 0.0269556 0.0206614 0.0152678 0.0108012 0.00725308 0.0045793
 0.00711158 0.0113118 0.0166156 0.0229361 0.0302101 0.0383362 0.0470341 0.0557701 0.0638173 0.070393 0.0748013 0.0765652 0.0755294 0.0718894 0.0661235 0.0588689 0.050797 0.0425186 0.0345249 0.027165 0.0206553 0.0151077 0.0105608 0.00699897 0.00435816
 0.00717103 0.0113887 0.0166951 0.0229927 0.0302153 0.0382696 0.0468909 0.0555602 0.063557 0.070098 0.0744887 0.0762634 0.0752865 0.0717672 0.0661748 0.059109 0.0511871 0.0429739 0.0349452 0.0274701 0.020809 0.0151204 0.0104748 0.00686696 0.00422468
 0.00732942 0.0116149 0.0169763 0.0232938 0.0304842 0.0384493 0.0469329 0.0554361 0.0632675 0.069676 0.0739934 0.075765 0.0748499 0.0714424 0.0659955 0.0590914 0.051325 0.0432319 0.0352613 0.0277724 0.0210389 0.0152506 0.0105119 0.00684052 0.00416965
