SBPRF35
7.78865
Curr Bio
581548
B35
705866
F35
0.226319
FOFL
0.195461
OFL
91148.2
Bzero
2.22533e+06
#pred survey bio
 4.63323e+06 4.33916e+06 4.0701e+06 3.77966e+06 3.46639e+06 3.14204e+06 2.79833e+06 2.50376e+06 2.25286e+06 2.01612e+06 1.7857e+06 1.53515e+06 1.348e+06 1.18204e+06 1.05073e+06 932428 832234 759377 702406 663407 633140 616283 601355 604556 581595 578472 579144 590655 597280 592449 588166 588648 591868 572356 565974 549905 535250 537246 545935 550750 560455 564831 559585 560451 565188 556628 557265 557290 562179 569096 575469 582250 559775 568063 555933 547305 553602 580382 2.14554e+07 1.33407e+07 1.38324e+07 1.44237e+07 1.50363e+07 1.55947e+07 1.60646e+07 1.64397e+07 1.67289e+07 1.69467e+07 1.71084e+07 1.72277e+07 1.73153e+07 1.73797e+07 1.74271e+07 1.74622e+07 1.74884e+07 1.75079e+07 1.75226e+07 1.75336e+07 1.7542e+07 1.75484e+07 1.75533e+07 1.7557e+07 1.75599e+07 1.75621e+07 1.75637e+07 1.7565e+07 1.7566e+07 1.75668e+07 1.75674e+07 1.75678e+07 1.75682e+07 1.75685e+07 1.75687e+07 1.75689e+07 1.7569e+07 1.75691e+07 1.75692e+07 1.75692e+07 1.75693e+07 1.75693e+07 1.75693e+07 1.75693e+07 1.75694e+07 1.75694e+07 1.75694e+07 1.75694e+07 1.75694e+07 1.75694e+07 1.75694e+07 1.75694e+07 1.75694e+07 1.75694e+07 1.75694e+07 1.75694e+07 1.75694e+07 1.75694e+07 1.75694e+07 1.75694e+07 1.75694e+07 1.75694e+07 1.75694e+07 1.75694e+07 1.75694e+07 1.75694e+07 1.75694e+07 1.75694e+07 1.75694e+07 1.75694e+07 1.75694e+07 1.75694e+07 1.75694e+07 1.75694e+07 1.75694e+07 1.75694e+07 1.75694e+07 1.75694e+07 1.75694e+07 1.75694e+07 1.75694e+07 1.75694e+07 1.75694e+07 1.75694e+07 1.75694e+07 1.75694e+07 1.75694e+07 1.75694e+07 1.75694e+07 1.75694e+07 1.75694e+07 1.75694e+07 1.75694e+07 1.75694e+07 1.75694e+07 1.75694e+07 1.75694e+07 1.75694e+07 1.75694e+07 1.75694e+07 0 0 0 0 0 0 0 0 0 0 0 0 0 0 0 0 0 0 0 0 0 0 0 0 0
#obs survey bio
 3.75355e+06 3.71390e+06 4.041e+06 2.48571e+06 2.5269e+06 3.18746e+06 2.56977e+06 2.01649e+06 1.92299e+06 2.13580e+06 1.50518e+06 1.32488e+06 895671 966983 1.45438e+06 586884 615693 538663 600085 733652 613721 488256 523341 693591 483676 573660 518692 500721 762728 628708 518087 597660 742405 735218 619936 499402 662351 506235 730666 696210 399514 517331 516027 573685 647617 567624 469541 325373 513569 608510 709257 559219 668426 584371 600268 416401 595320 488250
#pred catch bio
 99650.4 96952.9 143713 195622 239352 291652 280182 270154 282875 298091 331491 285774 273346 245569 234245 217191 191888 175866 156834 145103 130320 126044 108784 128144 108853 104678 95317.8 99307 107363 104474 98289.4 93677.3 109104 92981 96500.5 93035.1 81922.5 81902.4 88491.3 85274.9 89761.8 96791.5 90415.4 86702.7 97559.1 90042.1 92559.7 91319.1 91758.9 92784.9 92212.6 115909 90088.5 109205 108137 99455.9 88447.8 89417.9 91148.2 107386 110435 114135 118233 121997 125083 127443 129164 130375 131204 131760 132127 132366 132521 132619 132682 132722 132747 132762 132772 132778 132782 132785 132786 132787 132787 132788 132788 132788 132788 132788 132788 132788 132788 132788 132788 132788 132788 132788 132788 132788 132788 132788 132788 132788 132788 132788 132788 132788 132788 132788 132788 132788 132788 132788 132788 132788 132788 132788 132788 132788 132788 132788 132788 132788 132788 132788 132788 132788 132788 132788 132788 132788 132788 132788 132788 132788 132788 132788 132788 132788 132788 132788 132788 132788 132788 132788 132788 132788 132788 132788 132788 132788 132788 132788 132788 132788 132788 132788 0 0 0 0 0 0 0 0 0 0 0 0 0 0 0 0 0 0 0 0 0 0 0 0 0
#obs catch bio
 0 96694.7 144094 196688 241266 295019 283506 273770 287221 303605 340137 292234 281021 251169 238160 221747 195586 180416 161153 147690 132437 128403 110079 130224 109820 105938 96027.3 100316 108487 105131 98975.8 94036.3 109871 93113.1 96286.4 92945.6 81285.1 81738.8 88227.2 84570.6 89105.6 96042.9 89533.8 85832.8 96497 88904.1 91700.8 91300 92160.1 92837.2 91592.1 115740 89212.6 108543 107457 98977.9 88191.6 89382.8
#pred cpue bio
 4.55643e+06 4.26538e+06 3.99818e+06 3.70845e+06 3.39673e+06 3.07414e+06 2.73249e+06 2.43944e+06 2.18971e+06 1.95439e+06 1.72599e+06 1.47863e+06 1.29403e+06 1.13087e+06 1.00216e+06 886444 788436 717252 662021 624880 596347 580488 566390 569962 548257 545459 546300 557614 564306 560146 556513 557470 561282 543251 538144 523437 508797 508914 515877 520499 530368 534971 530187 531206 535886 527539 527795 527075 531064 537636 544169 551079 529255 536785 524374 515140 520049 544749 2.01596e+07 1.25588e+07 1.30146e+07 1.35548e+07 1.41483e+07 1.47024e+07 1.51715e+07 1.55465e+07 1.58356e+07 1.60534e+07 1.62152e+07 1.63344e+07 1.6422e+07 1.64864e+07 1.65339e+07 1.6569e+07 1.65951e+07 1.66146e+07 1.66293e+07 1.66404e+07 1.66488e+07 1.66552e+07 1.666e+07 1.66638e+07 1.66666e+07 1.66688e+07 1.66705e+07 1.66718e+07 1.66728e+07 1.66735e+07 1.66741e+07 1.66746e+07 1.6675e+07 1.66752e+07 1.66754e+07 1.66756e+07 1.66757e+07 1.66758e+07 1.66759e+07 1.6676e+07 1.6676e+07 1.6676e+07 1.66761e+07 1.66761e+07 1.66761e+07 1.66761e+07 1.66761e+07 1.66761e+07 1.66762e+07 1.66762e+07 1.66762e+07 1.66762e+07 1.66762e+07 1.66762e+07 1.66762e+07 1.66762e+07 1.66762e+07 1.66762e+07 1.66762e+07 1.66762e+07 1.66762e+07 1.66762e+07 1.66762e+07 1.66762e+07 1.66762e+07 1.66762e+07 1.66762e+07 1.66762e+07 1.66762e+07 1.66762e+07 1.66762e+07 1.66762e+07 1.66762e+07 1.66762e+07 1.66762e+07 1.66762e+07 1.66762e+07 1.66762e+07 1.66762e+07 1.66762e+07 1.66762e+07 1.66762e+07 1.66762e+07 1.66762e+07 1.66762e+07 1.66762e+07 1.66762e+07 1.66762e+07 1.66762e+07 1.66762e+07 1.66762e+07 1.66762e+07 1.66762e+07 1.66762e+07 1.66762e+07 1.66762e+07 1.66762e+07 1.66762e+07 1.66762e+07 1.66762e+07 0 0 0 0 0 0 0 0 0 0 0 0 0 0 0 0 0 0 0 0 0 0 0 0 0
#obs cpue bio
 3.3908e+06 4.45191e+06 2.45654e+06 3.44315e+06 3.02432e+06 3.09006e+06 2.09250e+06 2.14564e+06 2.27052e+06 1.35174e+06 1.48586e+06 1.24824e+06 1.17321e+06 1.26814e+06 857808 870964 805147 514070 436468 689074 456674 520237 559626 490826 629357 398331 610883 497330 431657 603593 512895 564663 471781 445515 765919 548898 705224 360674 493251 631697 779845 725820 735882 584447 659911 629762 585931 453756 403208 682314 714995 566073 591004 566419 509458 661400 411421 564410
#pred surv len freq
 0.00460158 0.00743742 0.0111373 0.0156817 0.0209887 0.0268501 0.0328872 0.038622 0.04364 0.0477195 0.0508407 0.0531149 0.0547076 0.0557845 0.056471 0.0568284 0.0568517 0.0564812 0.0555954 0.0539771 0.0512918 0.0471574 0.041348 0.0340445 0.0259402
 0.0049806 0.00796525 0.0117728 0.0163435 0.0215935 0.0273638 0.0333527 0.0391334 0.0442725 0.0484572 0.0515546 0.053608 0.0548032 0.0554075 0.0556831 0.0558051 0.0558163 0.0556213 0.0549972 0.0536055 0.051026 0.0468655 0.0409567 0.0335664 0.0254484
 0.00512441 0.00824362 0.0122679 0.0171426 0.0227492 0.0288437 0.0350137 0.0407552 0.0456445 0.0494651 0.0522014 0.0539558 0.0548881 0.0552005 0.0551248 0.0548784 0.0545952 0.054258 0.0536582 0.0524014 0.049981 0.0459416 0.0401095 0.0327875 0.0247687
 0.00530412 0.00852025 0.0126606 0.0176729 0.0234526 0.029777 0.0362411 0.0423065 0.0474638 0.0513855 0.0539794 0.0553536 0.0557525 0.0554858 0.0548589 0.0541167 0.0534063 0.0527388 0.051942 0.0506357 0.0482893 0.0444006 0.0387568 0.0316449 0.0238544
 0.00551469 0.00885925 0.013164 0.0183704 0.024362 0.0308976 0.0375508 0.0437688 0.0490391 0.0530338 0.0556409 0.0569215 0.0570668 0.0563673 0.0551648 0.0537824 0.0524523 0.0512539 0.0500629 0.0485285 0.0461281 0.0423435 0.0369271 0.0301229 0.0226766
 0.0057625 0.00925386 0.0137433 0.0191663 0.0253974 0.0321796 0.039061 0.045456 0.0508218 0.0548149 0.0573251 0.0584255 0.0583135 0.0572707 0.0556223 0.0536896 0.0517371 0.0499104 0.0481678 0.0462336 0.0436361 0.0398732 0.0346763 0.0282363 0.0212258
 0.00608306 0.00976261 0.0144863 0.0201796 0.026702 0.0337743 0.0409119 0.0474901 0.0529326 0.0568767 0.059212 0.0600259 0.0595394 0.0580578 0.0559209 0.0534521 0.0509168 0.0484796 0.0461496 0.04373 0.0408329 0.0370144 0.0320144 0.0259755 0.0194795
 0.00638953 0.0102499 0.0152001 0.0211566 0.0279661 0.0353289 0.0427293 0.0495045 0.0550436 0.0589624 0.0611451 0.0616872 0.0608279 0.0588962 0.0562549 0.0532444 0.0501395 0.0471167 0.0442142 0.0412941 0.03805 0.0341138 0.0292598 0.0235997 0.0176257
 0.006647 0.0106651 0.0158192 0.0220217 0.0291094 0.0367623 0.0444319 0.0514159 0.0570682 0.0609834 0.0630399 0.0633399 0.0621371 0.0597799 0.0566522 0.0531133 0.0494533 0.0458636 0.0424086 0.0389984 0.0353973 0.0313129 0.0265637 0.0212455 0.0157702
 0.00685766 0.0110134 0.0163549 0.0227966 0.0301689 0.0381313 0.0460985 0.0533216 0.059112 0.0630371 0.0649667 0.0650112 0.0634452 0.0606446 0.0570208 0.0529552 0.0487535 0.044621 0.040644 0.0367728 0.0328337 0.0286029 0.0239446 0.0189454 0.0139463
 0.00705208 0.0113346 0.0168486 0.0235117 0.031151 0.0394107 0.0476749 0.0551523 0.06111 0.0650794 0.0669098 0.0667105 0.0647744 0.0615101 0.057367 0.0527597 0.0480172 0.0433612 0.0388962 0.0346047 0.0303636 0.0260083 0.0214432 0.0167482 0.0122006
 0.00738291 0.0118604 0.0176182 0.0245644 0.0325119 0.0410824 0.0496252 0.0573052 0.0633482 0.0672575 0.068874 0.0683176 0.0659086 0.0620946 0.0573683 0.0521824 0.0468938 0.041741 0.0368431 0.0322052 0.0277419 0.0233333 0.0189143 0.0145546 0.0104711
 0.00760451 0.0122197 0.0181577 0.0253241 0.0335232 0.0423581 0.0511473 0.0590189 0.0651655 0.0690699 0.0705655 0.0697744 0.0670272 0.0627898 0.0575808 0.051884 0.0460873 0.040458 0.0351416 0.0301721 0.0254983 0.0210361 0.0167411 0.0126698 0.00898508
 0.00782026 0.0125686 0.01868 0.026057 0.0344958 0.0435814 0.0526021 0.0606478 0.0668764 0.0707485 0.0720924 0.0710413 0.0679479 0.0633056 0.0576594 0.0515156 0.0452813 0.0392427 0.0335671 0.0283162 0.0234716 0.0189799 0.0148116 0.0110077 0.00768165
 0.00807818 0.0129646 0.0192334 0.0267731 0.0353693 0.0446005 0.0537488 0.0618928 0.0681732 0.0720321 0.0732834 0.0720548 0.0687051 0.0637448 0.0577418 0.051226 0.0446246 0.0382414 0.0322621 0.0267724 0.0217823 0.0172654 0.0132042 0.00962559 0.00660003
 0.00835983 0.0134136 0.0198914 0.0276693 0.0365112 0.0459621 0.0552606 0.0634451 0.0696379 0.0732936 0.0742612 0.0727081 0.0690231 0.0637332 0.0574145 0.0506016 0.0437265 0.0370991 0.0309152 0.0252758 0.0202117 0.0157165 0.0117814 0.00842018 0.00566715
 0.00862232 0.0138298 0.0204981 0.0284946 0.0375695 0.0472465 0.056731 0.0650204 0.0711987 0.0746995 0.0753774 0.0734333 0.0693086 0.0635864 0.0568858 0.0497617 0.0426468 0.035842 0.0295352 0.0238268 0.0187564 0.0143282 0.0105374 0.00738574 0.00487772
 0.0086808 0.0139436 0.0207044 0.02884 0.0381003 0.0479918 0.0576871 0.0661438 0.0724121 0.0759045 0.0764686 0.0743101 0.0698876 0.0638148 0.0567508 0.0492908 0.0418969 0.0348836 0.0284396 0.0226614 0.0175863 0.0132188 0.00955094 0.00657133 0.0042601
 0.0086141 0.013854 0.0206063 0.0287631 0.0380882 0.0480952 0.0579544 0.0666087 0.0730801 0.0767426 0.0774039 0.0752415 0.070707 0.0644281 0.0570936 0.0493356 0.0416533 0.0343919 0.0277603 0.0218648 0.0167441 0.0123994 0.00881369 0.00596008 0.00379623
 0.00867563 0.01392 0.0206442 0.0287259 0.0379326 0.0478084 0.0575746 0.0662246 0.0728059 0.0766801 0.0776091 0.0757082 0.0713694 0.0651795 0.0578133 0.0499162 0.0420213 0.034517 0.0276542 0.0215714 0.016327 0.0119281 0.00835261 0.00555857 0.00348243
 0.00879804 0.0141021 0.0208843 0.0290054 0.0382133 0.0480345 0.0576816 0.0661587 0.0725512 0.0762803 0.0771657 0.075348 0.0711963 0.0652355 0.058067 0.0502812 0.0423904 0.0347966 0.0277872 0.0215445 0.0161647 0.0116789 0.00807222 0.00529518 0.0032674
 0.00881751 0.0141345 0.0209342 0.0290761 0.0383043 0.0481379 0.0577781 0.0662176 0.0725363 0.0761637 0.0769443 0.0750563 0.0709038 0.0650258 0.0580047 0.0503839 0.0426213 0.0350812 0.0280434 0.0217121 0.0162201 0.0116344 0.00796286 0.00516203 0.00314353
 0.00879344 0.0141015 0.0208961 0.0290408 0.0382822 0.0481385 0.0578068 0.0662724 0.072606 0.0762276 0.0769766 0.075035 0.070823 0.0649043 0.0578837 0.050311 0.0426282 0.0351671 0.0281758 0.021843 0.0163087 0.0116624 0.00793652 0.00510301 0.00307619
 0.00866679 0.0138962 0.0205892 0.0286148 0.0377322 0.0474826 0.0570938 0.0655804 0.0720265 0.0758411 0.0768303 0.0751323 0.0711274 0.0653548 0.0584154 0.0508724 0.0431862 0.0357014 0.0286681 0.0222711 0.0166506 0.0119055 0.00808494 0.00517595 0.00310001
 0.0088507 0.0141702 0.0209541 0.0290516 0.0382035 0.0479374 0.0574739 0.0658291 0.0721019 0.0757299 0.0765546 0.0747434 0.0706891 0.0649251 0.0580347 0.0505614 0.0429516 0.0355414 0.0285746 0.0222299 0.0166421 0.0119095 0.00808631 0.00516849 0.00308534
 0.00883544 0.0141509 0.0209347 0.0290378 0.0381996 0.0479418 0.0574765 0.0658129 0.0720497 0.0756324 0.0764162 0.074583 0.070535 0.0648063 0.0579728 0.050565 0.0430155 0.0356508 0.0287105 0.0223732 0.0167761 0.0120213 0.00816863 0.00522087 0.00311305
 0.00888376 0.0142098 0.0209876 0.0290589 0.0381624 0.0478323 0.0573024 0.0656022 0.0718384 0.0754496 0.0762758 0.074485 0.0704741 0.0647797 0.0579826 0.0506153 0.0431074 0.0357787 0.0288621 0.022532 0.0169255 0.0121483 0.00826586 0.00528734 0.00315309
 0.00871727 0.0139697 0.0206818 0.0287111 0.0378023 0.0474807 0.0569641 0.0652721 0.0715177 0.0751594 0.0760568 0.0743817 0.0705142 0.0649623 0.0582809 0.0509893 0.0435175 0.0361922 0.0292542 0.0228843 0.0172248 0.0123869 0.00844271 0.00540793 0.003228
 0.00851655 0.0136654 0.0202661 0.0281953 0.0372173 0.046875 0.0563985 0.0648085 0.0712027 0.0750096 0.0760574 0.074501 0.0707233 0.0652452 0.05863 0.0513948 0.0439604 0.0366459 0.0296904 0.0232788 0.0175605 0.012655 0.00864228 0.00554535 0.00331473
 0.00849868 0.0136229 0.0201782 0.0280357 0.0369635 0.0465211 0.0559658 0.0643468 0.0707779 0.0746836 0.0758694 0.0744587 0.0708065 0.0654193 0.058862 0.0516624 0.0442511 0.0369503 0.0299964 0.0235706 0.0178215 0.0128722 0.00880968 0.00566397 0.00339154
 0.00843716 0.0135337 0.0200627 0.0278992 0.0368092 0.046344 0.0557517 0.0640799 0.0704556 0.0743294 0.0755329 0.0742006 0.070676 0.0654363 0.0590138 0.0519147 0.0445632 0.0372871 0.0303315 0.0238845 0.0180993 0.0131031 0.00898819 0.00579132 0.00347472
 0.00827378 0.0132856 0.0197227 0.027474 0.0363191 0.0458209 0.0552351 0.0636115 0.0700706 0.0740488 0.0753632 0.0741414 0.070729 0.0656065 0.0593024 0.0523088 0.0450333 0.0377924 0.0308305 0.0243429 0.0184939 0.0134217 0.00922869 0.00595988 0.00358355
 0.00798664 0.012851 0.0191289 0.0267329 0.0354642 0.0449023 0.0543167 0.0627678 0.0693792 0.0735761 0.0751497 0.074194 0.0710231 0.0660977 0.0599391 0.0530412 0.0458155 0.0385806 0.0315824 0.0250207 0.0190695 0.0138805 0.00957019 0.00619597 0.00373414
 0.00783167 0.0126145 0.0188023 0.0263201 0.0349816 0.0443779 0.0537881 0.0622786 0.0689713 0.0732804 0.0749812 0.0741535 0.0711027 0.0662857 0.0602219 0.0534032 0.046238 0.0390415 0.0320554 0.025477 0.0194812 0.0142261 0.00983858 0.0063878 0.0038597
 0.00781439 0.0125469 0.0186288 0.0259678 0.0343833 0.0435058 0.0526824 0.0610516 0.0677805 0.072285 0.0743025 0.073853 0.0711809 0.0666938 0.0608817 0.054227 0.0471437 0.0399599 0.0329317 0.0262695 0.02016 0.0147739 0.0102521 0.00667744 0.00404645
 0.00854139 0.0135829 0.0199147 0.027348 0.0356387 0.044414 0.0530753 0.0608492 0.0670026 0.0710478 0.0727969 0.0723038 0.0697933 0.0656097 0.060161 0.0538571 0.0470649 0.0400926 0.0331963 0.0265969 0.0204957 0.0150786 0.0105022 0.00686389 0.00417267
 0.00938348 0.0148839 0.021738 0.0296858 0.0383901 0.0473672 0.0559041 0.0631529 0.0684013 0.0713012 0.0718852 0.0704263 0.0672935 0.062871 0.0575167 0.0515379 0.0451866 0.0386738 0.0321917 0.02593 0.0200833 0.0148444 0.0103832 0.00681248 0.00415601
 0.00922113 0.0147505 0.0217775 0.0301095 0.0394171 0.0491282 0.0583543 0.0660424 0.0713213 0.0737845 0.0735232 0.0709688 0.0667057 0.0613309 0.0553512 0.049123 0.0428516 0.0366428 0.0305706 0.0247285 0.0192508 0.0143041 0.0100554 0.00662743 0.00405957
 0.00875596 0.0140528 0.0208457 0.0290053 0.0382798 0.0481772 0.0578672 0.0662906 0.0724647 0.0757692 0.0760479 0.0735577 0.0688614 0.0626923 0.0557877 0.048736 0.0418994 0.035434 0.0293706 0.0237082 0.0184807 0.0137791 0.00972945 0.00644269 0.00396411
 0.00864272 0.0138372 0.0204653 0.0283896 0.0373771 0.0469963 0.056516 0.064986 0.0714971 0.0754242 0.0765081 0.0748203 0.0707106 0.064752 0.0576425 0.0500682 0.0425792 0.0355247 0.0290613 0.0232191 0.0179878 0.0133818 0.00945648 0.00627891 0.00387743
 0.00852775 0.0136617 0.0202193 0.0280632 0.0369524 0.0464414 0.0557924 0.0640755 0.0704419 0.0743574 0.0756469 0.0744071 0.0709195 0.0656037 0.0589762 0.051592 0.0439784 0.0365727 0.0296797 0.0234653 0.0179926 0.0132788 0.00933893 0.00619014 0.00382493
 0.00843291 0.0135175 0.0200212 0.0278137 0.0366602 0.0461177 0.0554452 0.0637043 0.0700354 0.0739018 0.0751489 0.0739213 0.0705568 0.0655012 0.0592333 0.0522088 0.0448381 0.0374853 0.0304623 0.0240111 0.0182918 0.0133914 0.00934688 0.00615983 0.0037932
 0.00850733 0.0136193 0.020139 0.0279253 0.036739 0.0461425 0.055408 0.0636094 0.0698915 0.0737124 0.0749084 0.0736229 0.0702112 0.065153 0.0589608 0.0520959 0.0449311 0.0377615 0.0308359 0.0243744 0.0185644 0.0135468 0.00940513 0.00616116 0.00377356
 0.00852179 0.0136432 0.0201744 0.027972 0.0367908 0.0461848 0.0554179 0.0635625 0.0697726 0.073525 0.0746744 0.0733732 0.0699728 0.0649449 0.0587998 0.0520057 0.0449391 0.0378828 0.0310557 0.0246456 0.0188264 0.0137522 0.00953617 0.00622768 0.00379837
 0.00852961 0.0136494 0.0201721 0.0279514 0.0367429 0.0461056 0.0553112 0.0634379 0.0696403 0.0733907 0.0745397 0.07324 0.0698479 0.0648403 0.0587297 0.0519831 0.0449748 0.0379836 0.0312187 0.0248527 0.0190458 0.0139492 0.00968656 0.00632513 0.00385165
 0.00877028 0.0140068 0.0206465 0.028519 0.0373607 0.0467201 0.0558668 0.063882 0.0699287 0.0734944 0.07445 0.0729692 0.0694262 0.0643111 0.0581449 0.0513967 0.0444366 0.0375323 0.0308768 0.0246234 0.0189141 0.0138876 0.00966512 0.00632033 0.00385035
 0.00902571 0.0143906 0.0211647 0.0291538 0.0380722 0.0474525 0.0565536 0.0644535 0.0703231 0.0736713 0.0743996 0.0727114 0.0690009 0.0637672 0.0575318 0.0507622 0.0438248 0.036982 0.0304172 0.0242701 0.0186663 0.0137304 0.00957503 0.00627318 0.00382702
 0.00906792 0.01449 0.0213693 0.0295231 0.0386568 0.0482645 0.0575431 0.065508 0.0712957 0.0744229 0.0748349 0.0727946 0.0687521 0.0632469 0.0568222 0.0499496 0.0429883 0.0361869 0.0297125 0.0236867 0.0182166 0.0134087 0.00936228 0.00614317 0.00375345
 0.00883438 0.0141586 0.0209625 0.0290995 0.0383031 0.048078 0.0576092 0.0658769 0.0719607 0.0753086 0.0758057 0.0736891 0.06943 0.0636264 0.0568924 0.0497573 0.0426128 0.035715 0.0292215 0.0232349 0.0178403 0.0131226 0.00916349 0.00601692 0.0036802
 0.00865914 0.013875 0.0205413 0.0285222 0.0375764 0.0472503 0.0567814 0.0651931 0.0715726 0.0753252 0.0762521 0.0744934 0.0704443 0.0646712 0.0578067 0.0504374 0.043026 0.0358896 0.0292214 0.0231337 0.0177011 0.0129888 0.00905737 0.00594412 0.00363617
 0.00861829 0.0137965 0.0204001 0.0282858 0.0372109 0.0467326 0.0561147 0.0644207 0.070783 0.0746433 0.0758131 0.0744034 0.0707409 0.0653042 0.0586509 0.0513335 0.0438308 0.0365126 0.0296361 0.0233651 0.0178009 0.0130118 0.00904617 0.00592466 0.0036201
 0.00863692 0.0138177 0.0204139 0.0282745 0.0371494 0.0465915 0.0558662 0.0640461 0.0702842 0.0740538 0.0752038 0.0738754 0.0704024 0.065236 0.0588756 0.0518029 0.0444413 0.0371418 0.030183 0.0237749 0.0180674 0.0131616 0.00911799 0.00595309 0.00362869
 0.00902998 0.0144118 0.0212232 0.0292789 0.0382965 0.0478015 0.0570354 0.0650518 0.0709977 0.0743662 0.0750552 0.0732769 0.0694421 0.0640629 0.0576635 0.0507044 0.0435501 0.0364796 0.029715 0.0234419 0.0178168 0.0129623 0.00895881 0.00583251 0.00354512
 0.00906176 0.0144741 0.021336 0.0294652 0.0385743 0.0481726 0.0574762 0.0655143 0.0714211 0.0746919 0.0752379 0.0732894 0.069277 0.0637375 0.0572232 0.0502186 0.0430945 0.0361123 0.0294592 0.0232859 0.0177286 0.0129094 0.0089202 0.00580015 0.00351866
 0.00933361 0.014888 0.0219069 0.0301897 0.0394333 0.0491353 0.0584998 0.0665379 0.0723624 0.0754532 0.0757224 0.0734244 0.0690336 0.0631396 0.0563429 0.049161 0.041978 0.0350471 0.0285286 0.0225344 0.0171622 0.0125066 0.00864716 0.00562295 0.00340905
 0.00969006 0.0154272 0.0226428 0.0311068 0.04049 0.0502711 0.0596411 0.0676035 0.0732719 0.0761379 0.0761328 0.0735304 0.0688226 0.0626181 0.0555427 0.0481438 0.0408324 0.0338759 0.0274296 0.0215828 0.0163988 0.0119374 0.00825144 0.00536592 0.00325311
 0.00983343 0.0156631 0.0230019 0.0316157 0.0411619 0.0510926 0.0605621 0.06854 0.0741249 0.07682 0.076588 0.0737377 0.0687861 0.0623541 0.0550729 0.0474965 0.0400486 0.0330134 0.0265586 0.0207737 0.0157075 0.0113937 0.00785786 0.00510358 0.00309211
 0.00939289 0.0150385 0.0222326 0.0307997 0.0404323 0.0505782 0.0603514 0.0686647 0.0745624 0.0775042 0.077425 0.0746233 0.0696243 0.0630704 0.0556183 0.0478467 0.0402009 0.0329864 0.0263912 0.0205195 0.0154239 0.0111293 0.00764307 0.00494868 0.00299202
#obs surv len freq
 nan nan nan nan nan nan nan nan nan nan nan nan nan nan nan nan nan nan nan nan nan nan nan nan nan
 0.00448985 0.00735346 0.0111854 0.0160027 0.0217032 0.0279773 0.0342893 0.0400181 0.0446955 0.0481575 0.0505138 0.0520083 0.0528994 0.0534109 0.0537244 0.0539788 0.054257 0.0545494 0.054688 0.0542799 0.052718 0.0493505 0.043801 0.0362819 0.0276665
 0.00460985 0.00755354 0.0114953 0.0164522 0.0223139 0.0287515 0.0351987 0.0410015 0.0456682 0.0490293 0.0512068 0.0524679 0.053099 0.0533508 0.0534274 0.0534822 0.0536042 0.0537828 0.0538465 0.0534002 0.0518389 0.0485148 0.0430532 0.0356599 0.0271912
 0.00477741 0.00782518 0.011903 0.0170259 0.0230769 0.029712 0.0363393 0.0422733 0.0469923 0.050307 0.0523337 0.0533481 0.0536578 0.0535446 0.0532475 0.0529517 0.0527701 0.0527062 0.0525947 0.052044 0.050454 0.0471819 0.0418524 0.0346574 0.0264236
 0.00497522 0.00814776 0.0123903 0.0177152 0.0239958 0.0308667 0.0377035 0.0437844 0.0485607 0.0518322 0.0537171 0.0544988 0.0544945 0.0539991 0.0532723 0.0525289 0.0519153 0.0514678 0.0510486 0.0502887 0.0486055 0.0453682 0.0401995 0.0332682 0.0253559
 0.00518029 0.00848553 0.0129068 0.0184562 0.0249978 0.0321428 0.039229 0.0454914 0.0503477 0.0535835 0.0553212 0.0558585 0.0555286 0.0546406 0.0534669 0.0522379 0.0511231 0.0501913 0.0493451 0.0482598 0.0463939 0.0431454 0.0381413 0.0315208 0.0240046
 0.00541055 0.00886253 0.0134793 0.0192719 0.0260947 0.0335354 0.0408932 0.0473586 0.0523127 0.0555231 0.0571131 0.0573936 0.0567163 0.0554093 0.0537617 0.0520177 0.0503622 0.0488872 0.0475337 0.0460301 0.0438959 0.0405791 0.0357254 0.0294456 0.022387
 0.0056355 0.00923139 0.0140405 0.0200731 0.0271743 0.034909 0.0425392 0.0492124 0.0542751 0.0574784 0.0589457 0.0589978 0.0579999 0.0562941 0.0541834 0.0519249 0.0497175 0.0476739 0.0457696 0.043788 0.0413183 0.0378747 0.0331365 0.0271928 0.020614
 0.00587339 0.00962078 0.0146315 0.0209142 0.0283033 0.0363386 0.0442422 0.0511164 0.0562733 0.0594498 0.0607748 0.0605848 0.0592625 0.0571648 0.0546057 0.0518502 0.049105 0.0464974 0.0440332 0.0415488 0.038707 0.0350972 0.0304445 0.0248256 0.0187349
 0.00612419 0.01003 0.0152502 0.0217909 0.0294745 0.0378146 0.0459915 0.0530609 0.058299 0.061429 0.0625873 0.06213 0.0604629 0.057963 0.0549588 0.0517229 0.0484661 0.0453228 0.042321 0.0393436 0.0361246 0.0323321 0.0277442 0.0224331 0.0168227
 0.00637051 0.0104351 0.0158683 0.0226748 0.0306651 0.0393231 0.0477829 0.0550488 0.0603585 0.0634223 0.0643871 0.0636333 0.0615941 0.0586718 0.0552137 0.0515038 0.0477573 0.0441129 0.0406133 0.0371789 0.0336064 0.0296387 0.0251085 0.0200894 0.0149416
 0.00660477 0.0108212 0.0164593 0.0235234 0.0318131 0.0407853 0.0495295 0.0569985 0.0623899 0.0653961 0.0661698 0.0651131 0.062688 0.059327 0.0554028 0.0512173 0.0469945 0.0428785 0.0389233 0.0350781 0.0311923 0.0270737 0.022605 0.0178634 0.0131523
 0.0068385 0.0112031 0.0170376 0.0243443 0.0329122 0.0421732 0.0511774 0.0588323 0.064299 0.0672533 0.0678512 0.0665115 0.0637199 0.059935 0.0555557 0.0509049 0.0462218 0.0416606 0.0372879 0.0330779 0.0289228 0.0246841 0.0202861 0.0158078 0.0115018
 0.00706802 0.0115779 0.0176047 0.0251476 0.0339837 0.0435185 0.0527615 0.0605756 0.0660892 0.0689677 0.069377 0.0677569 0.0646167 0.0604373 0.0556372 0.0505566 0.0454486 0.0404798 0.0357318 0.0312028 0.0268221 0.0224951 0.0181786 0.0139498 0.0100152
 0.00726217 0.0119012 0.018105 0.0258737 0.0349737 0.0447831 0.0542677 0.0622417 0.0677983 0.0705917 0.0708001 0.0688889 0.0653972 0.0608326 0.0556352 0.0501602 0.0446708 0.0393425 0.0342692 0.0294706 0.0249079 0.0205229 0.016297 0.0123026 0.00870411
 0.00743037 0.0121765 0.018523 0.0264695 0.0357761 0.0458046 0.0554927 0.0636201 0.0692486 0.0720134 0.0720885 0.0699494 0.0661559 0.0612424 0.055676 0.0498339 0.0439943 0.0383427 0.0329841 0.0279552 0.023243 0.0188179 0.0146798 0.0108943 0.00758792
 0.00752741 0.0123349 0.0187629 0.0268114 0.0362381 0.0463985 0.0562183 0.064462 0.0701763 0.0729837 0.0730482 0.0708368 0.0669047 0.0617882 0.0559649 0.0498298 0.0436826 0.0377299 0.0320968 0.0268417 0.021976 0.017494 0.0134096 0.00978091 0.0067024
 0.00759114 0.0124351 0.018908 0.0270076 0.0364905 0.0467107 0.0565921 0.0648965 0.0706674 0.0735237 0.0736238 0.0714266 0.0674756 0.0622952 0.0563543 0.0500471 0.0436822 0.0374845 0.0316042 0.0261285 0.0210984 0.0165339 0.0124625 0.00893661 0.00602385
 0.0076681 0.0125517 0.0190674 0.0272073 0.0367232 0.0469663 0.0568602 0.0651679 0.0709363 0.0737897 0.073892 0.0717036 0.0677634 0.0625843 0.0566199 0.0502502 0.043776 0.0374253 0.0313638 0.0257049 0.0205215 0.015863 0.0117747 0.00830835 0.005511
 0.00771946 0.0126329 0.019185 0.0273648 0.0369192 0.0471928 0.0571014 0.0654027 0.071144 0.0739582 0.074022 0.0718076 0.0678591 0.0626861 0.056731 0.0503579 0.0438521 0.0374319 0.0312644 0.025478 0.0201715 0.0154232 0.0113 0.00785924 0.00513553
 0.00777241 0.0127118 0.0192906 0.0274933 0.037064 0.0473467 0.0572578 0.0655551 0.0712854 0.0740805 0.0741184 0.0718755 0.0679024 0.0627143 0.0567553 0.0503841 0.0438745 0.0374319 0.0312154 0.0253556 0.0199657 0.0151462 0.010985 0.00754928 0.00486875
 0.00781469 0.0127754 0.0193764 0.0275984 0.0371815 0.0474672 0.0573705 0.0656502 0.0713564 0.0741267 0.0741442 0.0718884 0.0679093 0.0627199 0.0567624 0.0503936 0.0438842 0.0374338 0.0311947 0.0252951 0.0198531 0.0149828 0.0107878 0.00734602 0.00468747
 0.00782572 0.0127914 0.019397 0.0276218 0.037205 0.0474878 0.0573858 0.0656586 0.0713581 0.0741236 0.0741407 0.0718903 0.0679221 0.0627474 0.0568047 0.0504474 0.0439431 0.0374883 0.0312332 0.0253045 0.0198235 0.0149119 0.0106845 0.00722815 0.00457523
 0.00788705 0.0128835 0.019521 0.0277733 0.0373745 0.047662 0.0575492 0.065795 0.0714527 0.0741668 0.0741304 0.0718324 0.0678293 0.0626355 0.0566895 0.0503411 0.0438522 0.0374133 0.0311687 0.0252419 0.0197538 0.0148302 0.0105926 0.00713409 0.00448973
 0.00789604 0.0129006 0.0195512 0.0278219 0.0374453 0.047754 0.0576549 0.0659008 0.0715432 0.0742295 0.0741592 0.071828 0.0677972 0.0625838 0.0566271 0.0502766 0.0437926 0.0373623 0.0311258 0.0252028 0.0197128 0.0147828 0.0105383 0.00707699 0.00443636
 0.00787949 0.0128727 0.0195078 0.0277598 0.0373644 0.04766 0.0575605 0.0658233 0.0714991 0.0742275 0.0741972 0.0718952 0.0678789 0.0626671 0.0567036 0.0503426 0.0438479 0.037408 0.0311627 0.0252302 0.0197286 0.0147853 0.010528 0.0070573 0.0044127
 0.00787518 0.01286 0.0194784 0.0277028 0.0372693 0.0475222 0.0573855 0.0656289 0.0713115 0.074076 0.0741058 0.0718766 0.0679318 0.0627776 0.0568503 0.0505036 0.0440054 0.0375507 0.0312845 0.0253285 0.0198025 0.0148354 0.0105565 0.00706854 0.00441259
 0.00787246 0.0128509 0.0194559 0.027657 0.0371893 0.0473995 0.0572179 0.0654231 0.0710842 0.0738518 0.0739142 0.0717457 0.0678819 0.0628155 0.0569675 0.0506792 0.0442126 0.0377632 0.0314819 0.0254978 0.0199375 0.014935 0.0106236 0.00710888 0.00443336
 0.00789396 0.0128819 0.0194946 0.0276984 0.0372251 0.0474189 0.0572089 0.0653748 0.0709901 0.0737134 0.0737433 0.071564 0.067717 0.062694 0.0569085 0.0506889 0.0442832 0.0378767 0.0316156 0.0256305 0.020054 0.015027 0.0106892 0.00715088 0.00445712
 0.00788526 0.0128727 0.0194897 0.0277046 0.0372484 0.0474608 0.0572631 0.0654274 0.0710233 0.0737113 0.073697 0.071475 0.067597 0.0625634 0.0567912 0.0506064 0.0442489 0.037892 0.0316708 0.025709 0.020138 0.0151025 0.0107484 0.00719178 0.0044821
 0.00784433 0.0128046 0.0193853 0.0275564 0.0370549 0.0472311 0.0570204 0.0652051 0.0708551 0.0736187 0.0736826 0.0715238 0.0676858 0.0626708 0.0569045 0.0507232 0.0443729 0.0380276 0.0318179 0.0258609 0.0202832 0.0152294 0.010849 0.00726384 0.0045286
 0.0078229 0.0127662 0.0193209 0.0274552 0.036907 0.0470318 0.0567746 0.0649307 0.0705814 0.0733814 0.0735152 0.0714484 0.0677067 0.0627746 0.0570666 0.050917 0.044578 0.038232 0.0320156 0.0260474 0.0204528 0.0153751 0.0109652 0.00734871 0.00458486
 0.00781108 0.0127456 0.0192869 0.0274021 0.0368284 0.0469218 0.0566296 0.0647516 0.0703757 0.0731644 0.0733095 0.0712812 0.0676033 0.0627513 0.0571254 0.0510455 0.0447545 0.0384327 0.0322206 0.0262424 0.0206282 0.0155242 0.0110839 0.00743618 0.00464377
 0.00776428 0.0126712 0.0191784 0.0272549 0.0366415 0.0466991 0.0563816 0.064495 0.0701302 0.0729489 0.0731392 0.071167 0.067554 0.0627735 0.057222 0.0512123 0.0449786 0.0386938 0.0324944 0.0265065 0.020865 0.0157225 0.0112389 0.00754851 0.00471874
 0.00772972 0.0126124 0.0190852 0.0271171 0.0364513 0.0464561 0.0560964 0.0641895 0.0698337 0.0726906 0.0729418 0.0710444 0.067511 0.0628089 0.0573307 0.0513866 0.0452077 0.0389623 0.0327826 0.0267922 0.0211274 0.015946 0.0114151 0.00767675 0.00480438
 0.00932936 0.014852 0.0217888 0.0298975 0.0388222 0.0480109 0.0566503 0.0638078 0.0687516 0.0711941 0.0712795 0.069392 0.0659759 0.0614477 0.0561671 0.0504245 0.0444392 0.0383723 0.0323506 0.0264932 0.0209338 0.0158301 0.0113518 0.00764602 0.00479164
 0.00928505 0.0150776 0.0226535 0.0318614 0.0422366 0.0528475 0.0623298 0.0692945 0.0729221 0.0732817 0.0711277 0.0673974 0.0628148 0.0577869 0.0524981 0.0470357 0.0414648 0.0358552 0.0302869 0.0248561 0.0196829 0.0149156 0.0107172 0.00723159 0.00453917
 0.0089561 0.0145567 0.0219173 0.0309549 0.0413283 0.0522682 0.0625343 0.0706993 0.0756566 0.077002 0.0750581 0.0706263 0.0646761 0.0580924 0.0515074 0.0452417 0.0393607 0.0337994 0.0284795 0.0233763 0.0185379 0.0140755 0.0101345 0.00685187 0.00430856
 0.00881197 0.0143117 0.021529 0.0303794 0.0405359 0.0512742 0.0614399 0.0697212 0.0751134 0.0772269 0.0762485 0.0726959 0.0672188 0.0605132 0.0532665 0.0460639 0.0392927 0.03311 0.0274985 0.0223708 0.0176664 0.0134001 0.00965524 0.00653764 0.00411808
 0.00875255 0.0142115 0.0213705 0.0301414 0.0401947 0.0508087 0.0608408 0.0690072 0.0743513 0.0765487 0.0758453 0.0727703 0.0678935 0.0617394 0.0547981 0.0475377 0.0403792 0.0336447 0.0275154 0.0220389 0.0171869 0.0129285 0.00927462 0.00627016 0.00395014
 0.00871265 0.0141437 0.0212629 0.0299806 0.0399684 0.0505085 0.060466 0.068566 0.0738614 0.0760413 0.0753738 0.0724196 0.067774 0.0619524 0.0553789 0.0484095 0.041359 0.0345109 0.0281022 0.0222962 0.0171749 0.0127631 0.00906583 0.00608771 0.00382048
 0.00867158 0.0140813 0.0211768 0.0298705 0.0398347 0.0503505 0.0602812 0.0683512 0.0736152 0.0757668 0.0750828 0.0721375 0.0675443 0.0618361 0.05544 0.0486855 0.0418288 0.0350858 0.0286545 0.0227136 0.0174057 0.0128254 0.00902083 0.00600144 0.0037382
 0.00867502 0.0140807 0.0211647 0.0298369 0.0397699 0.05025 0.0601488 0.0681975 0.0734525 0.0756036 0.0749211 0.071977 0.0673899 0.0617057 0.0553662 0.0487071 0.0419723 0.0353449 0.0289826 0.0230385 0.0176607 0.0129774 0.00907698 0.00599471 0.0037052
 0.00867192 0.014078 0.0211644 0.029841 0.0397785 0.0502587 0.0601478 0.0681745 0.0733978 0.0755148 0.0748047 0.0718445 0.067254 0.0615783 0.0552613 0.0486431 0.0419697 0.035417 0.0291237 0.0232199 0.0178405 0.0131184 0.00916198 0.00602886 0.00370676
 0.00868122 0.0140904 0.0211784 0.0298538 0.0397874 0.0502626 0.0601476 0.0681716 0.0733916 0.0755008 0.0747757 0.0717946 0.0671821 0.0614904 0.0551687 0.0485611 0.0419151 0.0354042 0.029159 0.0232968 0.0179395 0.0132145 0.00923554 0.00607243 0.00372472
 0.00865748 0.0140578 0.0211402 0.0298164 0.039758 0.050246 0.060144 0.068177 0.0734004 0.0755087 0.0747804 0.0717943 0.0671746 0.0614733 0.0551417 0.0485285 0.0418855 0.0353888 0.0291673 0.0233317 0.0179951 0.0132779 0.00929257 0.00611388 0.00374873
 0.00864755 0.0140397 0.0211098 0.0297697 0.0396936 0.0501675 0.0600616 0.0681056 0.0733538 0.0754941 0.0747958 0.0718305 0.0672198 0.0615172 0.0551777 0.0485541 0.0419026 0.0354028 0.0291853 0.0233592 0.0180332 0.0133222 0.00933563 0.00614886 0.00377243
 0.00862767 0.0140106 0.0210716 0.0297244 0.0396433 0.0501139 0.060005 0.0680467 0.0732958 0.0754442 0.074763 0.0718224 0.0672384 0.0615578 0.0552312 0.0486103 0.0419544 0.0354475 0.0292243 0.0233959 0.0180701 0.0133594 0.00937053 0.00617802 0.00379362
 0.00863424 0.0140181 0.0210772 0.0297238 0.0396325 0.0500909 0.0599717 0.0680076 0.0732563 0.0754079 0.0747318 0.0717974 0.0672218 0.0615524 0.0552383 0.0486287 0.0419802 0.035476 0.0292522 0.0234222 0.0180953 0.0133838 0.00939332 0.00619764 0.00380866
 0.00861763 0.013994 0.0210463 0.029688 0.0395943 0.0500518 0.0599315 0.0679656 0.0732131 0.0753663 0.074697 0.071775 0.0672153 0.0615628 0.0552642 0.0486671 0.0420272 0.0355272 0.0293032 0.0234696 0.0181371 0.0134191 0.00942215 0.00621995 0.0038247
 0.00861763 0.013994 0.0210463 0.029688 0.0395943 0.0500518 0.0599315 0.0679656 0.0732131 0.0753663 0.074697 0.071775 0.0672153 0.0615628 0.0552642 0.0486671 0.0420272 0.0355272 0.0293032 0.0234696 0.0181371 0.0134191 0.00942215 0.00621995 0.0038247
 0.00857375 0.0139226 0.0209392 0.0295392 0.0394025 0.0498244 0.0596872 0.0677321 0.0730204 0.0752382 0.0746447 0.071797 0.0673012 0.0616976 0.055432 0.0488526 0.0422168 0.0357095 0.0294695 0.0236139 0.0182563 0.0135127 0.00949167 0.00626859 0.00385648
 0.00880847 0.0142889 0.0214599 0.0302203 0.0402263 0.0507426 0.060617 0.0685645 0.0736436 0.0755687 0.0746501 0.0714996 0.0667641 0.0610038 0.0546653 0.0480847 0.0415006 0.0350784 0.0289397 0.0231885 0.0179298 0.0132742 0.00932685 0.00616181 0.00379221
 0.00879006 0.0142846 0.0215006 0.03035 0.0404898 0.0511664 0.0611916 0.069239 0.0743352 0.0761827 0.0751014 0.0717301 0.066753 0.0607688 0.0542553 0.0475658 0.0409406 0.0345347 0.0284527 0.0227809 0.0176089 0.0130362 0.00916099 0.00605376 0.00372688
 0.00892332 0.0144914 0.0217944 0.0307385 0.0409764 0.0517501 0.0618639 0.0699764 0.0750927 0.0768923 0.0756802 0.0720968 0.0668488 0.0605736 0.0537936 0.0468994 0.0401534 0.0337139 0.0276737 0.0220973 0.01705 0.0126092 0.0088565 0.00585168 0.00360271
 0.00896522 0.0145686 0.0219267 0.0309484 0.0412827 0.052158 0.062358 0.0705223 0.075647 0.077414 0.0761358 0.0724555 0.0670769 0.0606361 0.053665 0.0465774 0.0396666 0.0331179 0.0270378 0.0214883 0.0165185 0.0121834 0.00854233 0.00563824 0.00346948
 0.00894832 0.0145419 0.021889 0.030902 0.0412363 0.0521293 0.0623732 0.0706103 0.0758286 0.0776914 0.0764883 0.0728446 0.0674557 0.0609572 0.0538859 0.0466661 0.0396085 0.0329225 0.0267387 0.0211353 0.0161645 0.0118706 0.00829483 0.00546159 0.00335538
 0.00892735 0.0145011 0.0218156 0.0307817 0.0410579 0.0518934 0.0620995 0.0703383 0.0756105 0.0775789 0.0765174 0.0730249 0.0677665 0.0613522 0.0543041 0.0470452 0.0398978 0.0330919 0.0267841 0.0210771 0.0160394 0.0117197 0.00815229 0.00534748 0.00327571
#pred catch len freq
 0.00337588 0.00541127 0.00803552 0.0112536 0.0150926 0.0195709 0.0246341 0.0301212 0.0357882 0.0413559 0.0465542 0.0511605 0.0550314 0.058109 0.0603975 0.0619265 0.0627248 0.0627985 0.062093 0.0604357 0.0575035 0.0529024 0.0463995 0.038209 0.0291153
 0.00367064 0.00582541 0.00854237 0.0117981 0.0156201 0.0200649 0.0251344 0.0307002 0.036492 0.0421464 0.0472937 0.0516546 0.05511 0.0577037 0.059577 0.060877 0.0616828 0.0619628 0.0615529 0.0601468 0.0573267 0.0526858 0.0460569 0.0377515 0.0286232
 0.00381122 0.00607962 0.00896789 0.0124528 0.0165352 0.0212132 0.0264152 0.0319661 0.0376093 0.0430507 0.0479922 0.0521723 0.0554249 0.0577314 0.0592208 0.0601067 0.0605799 0.0606991 0.0603145 0.0590543 0.0564011 0.0518762 0.0453043 0.037039 0.0279821
 0.00399101 0.00635682 0.00936209 0.0129854 0.0172409 0.022146 0.0276358 0.0335015 0.0394048 0.044947 0.0497588 0.0535841 0.0563345 0.0580868 0.0590322 0.0594078 0.0594233 0.0591782 0.0585712 0.0572506 0.0546718 0.0503021 0.0439216 0.035867 0.0270387
 0.00419775 0.00668439 0.0098393 0.0136342 0.0180749 0.0231701 0.0288467 0.0348923 0.0409672 0.0466608 0.0515637 0.055352 0.057871 0.059176 0.0595027 0.059178 0.0585087 0.057672 0.0566218 0.0550405 0.0523929 0.0481274 0.0419845 0.0342534 0.0257877
 0.00445292 0.00708527 0.0104181 0.0144154 0.019076 0.0244 0.0302996 0.0365387 0.04275 0.0485016 0.0533741 0.0570415 0.0593422 0.0603133 0.0601694 0.0592385 0.0578694 0.0563194 0.0546392 0.052598 0.0497174 0.0454632 0.039551 0.0322106 0.024215
 0.00474596 0.00754598 0.0110836 0.0153135 0.0202254 0.0258091 0.0319595 0.0384144 0.0447749 0.0505788 0.0553853 0.0588608 0.0608519 0.0614121 0.0607704 0.0592609 0.0572399 0.0549933 0.0526355 0.0500278 0.0467876 0.0424452 0.0367249 0.0298024 0.0223509
 0.00503354 0.00799865 0.0117387 0.0162001 0.0213645 0.0272126 0.033623 0.0403078 0.0468355 0.0527114 0.0574692 0.0607619 0.0624379 0.0625676 0.0614037 0.0593028 0.0566386 0.0537172 0.0506922 0.0474952 0.0438374 0.0393352 0.0337514 0.0272273 0.0203366
 0.00530572 0.00843005 0.0123686 0.0170615 0.0224828 0.0286022 0.0352791 0.042197 0.0488918 0.0548382 0.0595468 0.062659 0.0640247 0.063728 0.0620442 0.0593544 0.0560547 0.0524746 0.0488017 0.0450256 0.0409401 0.0362481 0.0307633 0.0246091 0.0182685
 0.00555552 0.00883117 0.0129644 0.0178926 0.0235845 0.0299972 0.0369663 0.0441402 0.0510146 0.0570289 0.0616695 0.06457 0.0655896 0.0648357 0.0626128 0.0593298 0.0554058 0.0511912 0.0469031 0.0425804 0.0380893 0.0332124 0.0278159 0.0220131 0.0162061
 0.00583517 0.00927609 0.0136175 0.0187917 0.0247609 0.0314709 0.038735 0.046167 0.0532202 0.059293 0.0638427 0.0664923 0.0671141 0.0658474 0.0630383 0.0591344 0.0545842 0.0497594 0.0449006 0.0400855 0.0352398 0.0302147 0.0249232 0.0194706 0.0141853
 0.00615211 0.00977502 0.0143397 0.0197692 0.0260172 0.0330185 0.0405673 0.0482455 0.0554655 0.0615841 0.0660264 0.068402 0.0685938 0.0667748 0.0633384 0.0587812 0.0535915 0.0481697 0.0427804 0.0375322 0.0323963 0.027277 0.0221228 0.0170277 0.0122518
 0.00641471 0.0101915 0.014948 0.020601 0.0270958 0.0343554 0.0421537 0.050044 0.0574072 0.0635712 0.0679391 0.0701083 0.069962 0.0676885 0.0637108 0.058564 0.0527771 0.0467883 0.0408965 0.0352459 0.0298497 0.0246539 0.0196314 0.0148613 0.0105406
 0.0066437 0.0105558 0.0154829 0.021337 0.0280579 0.0355583 0.0435929 0.0516858 0.0591835 0.065382 0.0696635 0.0716198 0.0711453 0.0684517 0.0639915 0.0583293 0.0520222 0.0455368 0.0392026 0.0331997 0.0275812 0.02233 0.0174367 0.0129626 0.00904713
 0.0069372 0.0110041 0.0161052 0.0221357 0.0290242 0.0366794 0.0448538 0.0530628 0.0606348 0.0668426 0.0710462 0.072825 0.0720755 0.0690264 0.0641562 0.0580581 0.0513151 0.0444168 0.0377165 0.0314237 0.0256259 0.0203377 0.0155641 0.0113496 0.00778339
 0.00724573 0.0114883 0.0168009 0.0230637 0.0301852 0.0380488 0.0463751 0.0546483 0.0621778 0.0682374 0.0722056 0.0736864 0.072599 0.06919 0.0639529 0.0574943 0.0504101 0.0432021 0.0362387 0.029749 0.0238455 0.0185666 0.0139277 0.00995766 0.00670312
 0.00750348 0.0118932 0.017385 0.0238502 0.0311878 0.0392681 0.0477899 0.0562031 0.0637772 0.0697524 0.0734946 0.0746251 0.0731076 0.0692457 0.0635827 0.056755 0.0493678 0.0419206 0.0347787 0.0281752 0.0222344 0.0170088 0.0125182 0.00877741 0.00579793
 0.00758044 0.0120308 0.017616 0.0242146 0.0317267 0.040012 0.0487455 0.057345 0.0650463 0.0710609 0.0747334 0.075676 0.073861 0.0696219 0.0635484 0.0563267 0.0486013 0.0408923 0.0335701 0.0268658 0.0209029 0.0157347 0.0113777 0.00783143 0.00507808
