SBPRF35
10.0553
Curr Bio
770398
B35
689950
F35
0.190198
FOFL
0.190198
OFL
118377
Bzero
2.87295e+006
#pred survey bio
 4.33312e+006 4.05733e+006 3.7482e+006 3.07711e+006 2.62724e+006 2.38932e+006 2.2446e+006 2.03896e+006 1.71866e+006 1.48825e+006 1.31805e+006 1.2273e+006 1.15907e+006 1.09148e+006 1.0141e+006 923225 822089 704309 654903 608880 542373 504474 489384 485513 483844 494198 514799 522836 536437 543147 550389 554757 545783 529600 543829 571835 590523 553761 522980 551105 580356 592226 579143 584636 599129 625415 580359 581060 600343 603867 579693 547688 554339 554874 513900 486424 522302 631620 705453 724185 631888 528450 521340 612902 731321 779500 1.81542e+007 1.69283e+007 1.74035e+007 1.8071e+007 1.88268e+007 1.95718e+007 2.02435e+007 2.08134e+007 2.1277e+007 2.16435e+007 2.19274e+007 2.21446e+007 2.23095e+007 2.24341e+007 2.25282e+007 2.25994e+007 2.26533e+007 2.26944e+007 2.27257e+007 2.27497e+007 2.27682e+007 2.27825e+007 2.27936e+007 2.28023e+007 2.2809e+007 2.28143e+007 2.28185e+007 2.28218e+007 2.28243e+007 2.28264e+007 2.2828e+007 2.28293e+007 2.28303e+007 2.28311e+007 2.28317e+007 2.28323e+007 2.28327e+007 2.2833e+007 2.28332e+007 2.28334e+007 2.28336e+007 2.28337e+007 2.28338e+007 2.28339e+007 2.2834e+007 2.2834e+007 2.28341e+007 2.28341e+007 2.28342e+007 2.28342e+007 2.28342e+007 2.28342e+007 2.28342e+007 2.28342e+007 2.28342e+007 2.28342e+007 2.28342e+007 2.28342e+007 2.28342e+007 2.28342e+007 2.28343e+007 2.28343e+007 2.28343e+007 2.28343e+007 2.28343e+007 2.28343e+007 2.28343e+007 2.28343e+007 2.28343e+007 2.28343e+007 2.28343e+007 2.28343e+007 2.28343e+007 2.28343e+007 2.28343e+007 2.28343e+007 2.28343e+007 2.28343e+007 2.28343e+007 2.28343e+007 2.28343e+007 2.28343e+007 2.28343e+007 2.28343e+007 2.28343e+007 2.28343e+007 2.28343e+007 2.28343e+007 2.28343e+007 2.28343e+007 2.28343e+007 2.28343e+007 2.28343e+007 2.28343e+007 2.28343e+007 2.28343e+007 2.28343e+007 2.28343e+007 2.28343e+007 2.28343e+007 0 0 0 0 0 0 0 0 0 0 0 0 0 0 0 0 0 0 0 0 0 0 0 0 0
#obs survey bio
 4.19834e+006 3.44868e+006 3.02505e+006 2.70188e+006 1.89573e+006 2.95277e+006 1.78471e+006 1.99102e+006 1.39957e+006 1.50274e+006 1.06613e+006 1.82732e+006 1.44523e+006 992560 1.12918e+006 1.10082e+006 964446 624971 655711 711527 540096 527542 505095 486770 345052 531711 491338 509478 574236 683491 739617 515327 428333 560312 609215 575280 712939 486268 470507 631573 544591 705136 550911 672137 434719 740964 576011 584856 620086 644648 567286 697490 413975 548178 559374 556958 595980 521313 677573 825633 598292 606503 470048 590307 978032 827243
#pred catch bio
 100835 94004.2 145444 199677 269652 250777 299670 282787 287332 328541 284547 256589 254123 253350 243721 212899 196149 155550 148164 141125 129268 127131 121628 119340 113810 100172 106185 102591 105688 98893.1 87426.6 97413.1 94936.9 89619.4 96081.7 92607.1 85623.4 96390.6 81813.2 85995.2 87362.9 89983.9 83685.2 83221.4 88368.5 89651.3 91481.7 93353.3 88258.4 84948.2 111240 82935.3 86335.4 99903.6 100178 82652.5 46628.7 89450.4 103501 138117 135486 84474 46602.6 46774.6 104332 144676 118377 120470 122917 126720 131355 135950 140021 143380 146013 148003 149464 150514 151255 151772 152129 152373 152539 152651 152726 152777 152811 152833 152848 152858 152865 152869 152872 152874 152875 152876 152877 152877 152877 152877 152877 152877 152878 152878 152878 152878 152878 152878 152878 152878 152878 152878 152878 152878 152878 152878 152878 152878 152878 152878 152878 152878 152878 152878 152878 152878 152878 152878 152878 152878 152878 152878 152878 152878 152878 152878 152878 152878 152878 152878 152878 152878 152878 152878 152878 152878 152878 152878 152878 152878 152878 152878 152878 152878 152878 152878 152878 152878 152878 152878 152878 152878 152878 152878 152878 152878 0 0 0 0 0 0 0 0 0 0 0 0 0 0 0 0 0 0 0 0 0 0 0 0 0
#obs catch bio
 0 93621.2 145442 199688 270870 250590 300743 281753 286664 330642 286114 256278 254307 253664 244196 212578 195774 155665 148403 140722 129110 127623 121864 119287 114322 99991.6 106133 102588 105786 98979.2 87175 97534.8 94779.7 89582.8 96556.2 92792.2 85247.6 96523 81878.7 86084 87315.6 89943.8 83659.8 83159.9 88619.7 89365.6 91595 93596.1 88222 84598.5 111809 82779.2 86307.6 99832.7 100201 83131 46260.3 89954.5 103282 138051 135730 84592.6 46489.4 46512.7 104530 145012
#pred cpue bio
 4.28242e+006 4.01004e+006 3.7032e+006 3.03854e+006 2.59228e+006 2.35485e+006 2.20997e+006 2.00499e+006 1.68765e+006 1.45869e+006 1.28882e+006 1.19755e+006 1.1287e+006 1.06051e+006 982930 892679 793345 678431 630201 585643 521461 484696 469958 466263 464629 474495 494482 502215 515341 521826 528958 533577 525066 509513 523341 550340 567339 530428 499532 526344 554822 566548 554101 559359 573341 598589 555677 556087 574499 578167 555175 523764 530410 531515 492300 465455 499680 606036 677864 695701 605560 504644 497578 586963 703147 749969 1.74396e+007 1.62683e+007 1.66845e+007 1.73013e+007 1.80441e+007 1.87869e+007 1.94582e+007 2.0028e+007 2.04917e+007 2.08581e+007 2.11421e+007 2.13593e+007 2.15242e+007 2.16488e+007 2.17429e+007 2.18141e+007 2.1868e+007 2.1909e+007 2.19404e+007 2.19644e+007 2.19829e+007 2.19972e+007 2.20083e+007 2.2017e+007 2.20237e+007 2.2029e+007 2.20332e+007 2.20364e+007 2.2039e+007 2.20411e+007 2.20427e+007 2.2044e+007 2.2045e+007 2.20458e+007 2.20464e+007 2.20469e+007 2.20473e+007 2.20477e+007 2.20479e+007 2.20481e+007 2.20483e+007 2.20484e+007 2.20485e+007 2.20486e+007 2.20487e+007 2.20487e+007 2.20488e+007 2.20488e+007 2.20488e+007 2.20489e+007 2.20489e+007 2.20489e+007 2.20489e+007 2.20489e+007 2.20489e+007 2.20489e+007 2.20489e+007 2.20489e+007 2.20489e+007 2.20489e+007 2.20489e+007 2.20489e+007 2.20489e+007 2.20489e+007 2.20489e+007 2.20489e+007 2.20489e+007 2.20489e+007 2.20489e+007 2.20489e+007 2.20489e+007 2.20489e+007 2.20489e+007 2.20489e+007 2.20489e+007 2.20489e+007 2.20489e+007 2.20489e+007 2.20489e+007 2.20489e+007 2.20489e+007 2.20489e+007 2.20489e+007 2.20489e+007 2.20489e+007 2.20489e+007 2.20489e+007 2.20489e+007 2.20489e+007 2.20489e+007 2.20489e+007 2.20489e+007 2.20489e+007 2.20489e+007 2.20489e+007 2.20489e+007 2.20489e+007 2.20489e+007 2.20489e+007 2.20489e+007 0 0 0 0 0 0 0 0 0 0 0 0 0 0 0 0 0 0 0 0 0 0 0 0 0
#obs cpue bio
 3.37297e+006 4.47074e+006 6.48726e+006 3.14118e+006 2.64987e+006 1.90731e+006 2.5204e+006 3.37824e+006 1.88227e+006 974332 1.30397e+006 1.13041e+006 829907 1.13408e+006 853207 846715 781161 588675 623542 663615 480968 362198 466559 529226 487726 544471 549348 466477 485009 402342 450167 519932 801624 411211 336453 596608 718097 536049 423402 495677 641640 521755 529093 508506 582864 848308 410558 489192 643306 645203 467557 412678 696220 645792 454429 294485 439590 690274 880129 703652 627386 412038 425388 686901 674168 621168
#pred surv len freq
 0.00426705 0.00703806 0.010797 0.015588 0.0213216 0.027679 0.0340994 0.039937 0.0447132 0.0482699 0.0507291 0.0523366 0.0533306 0.0538889 0.0541319 0.054147 0.0540134 0.0538025 0.053521 0.0529966 0.0517801 0.049199 0.044643 0.0379767 0.0297936
 0.00453672 0.00739347 0.0111813 0.0159045 0.0214692 0.0276039 0.0338287 0.0395687 0.0443636 0.0480145 0.0505754 0.0522444 0.0532592 0.0538378 0.0541495 0.0543036 0.0543543 0.0543053 0.0540798 0.053448 0.0519656 0.0490354 0.0441624 0.0373093 0.0291053
 0.00456624 0.007503 0.011453 0.0164344 0.0223214 0.0287506 0.0351182 0.0407584 0.0452156 0.0483993 0.0505135 0.0518647 0.0527159 0.0532479 0.053583 0.0538064 0.0539644 0.0540401 0.0539087 0.0532826 0.0516883 0.0485588 0.0434811 0.036508 0.0283166
 0.00474006 0.00775394 0.0117774 0.0168229 0.0227785 0.0293145 0.0358564 0.0417269 0.0463972 0.0496638 0.0516432 0.0526409 0.053013 0.053075 0.0530543 0.0530751 0.0531664 0.0532651 0.0531906 0.0525999 0.0509831 0.0477753 0.0426095 0.0356029 0.027474
 0.00488614 0.00801893 0.012224 0.0175183 0.0237709 0.0306012 0.0373673 0.0433398 0.047983 0.0511265 0.0529207 0.0536713 0.0537063 0.0533286 0.0528043 0.0523407 0.0520494 0.0519075 0.0517209 0.0511 0.0494878 0.0462998 0.0411841 0.0342899 0.0263527
 0.00504722 0.00829491 0.0126673 0.0181915 0.0247382 0.0319114 0.0390291 0.0453011 0.0501236 0.0532739 0.0548857 0.0552873 0.054854 0.0539348 0.0528287 0.0517723 0.0509192 0.0502999 0.0497647 0.0489395 0.0472569 0.0441147 0.0391507 0.0325085 0.0249047
 0.0051965 0.00853403 0.013022 0.0186877 0.0254026 0.0327712 0.0401079 0.0466111 0.0516554 0.0549841 0.0566863 0.0570454 0.0564072 0.0551194 0.0535091 0.0518594 0.0503793 0.0491579 0.0481045 0.0468967 0.0450004 0.0418245 0.0369976 0.0306347 0.0234048
 0.00541096 0.00888944 0.0135685 0.0194738 0.026463 0.0341092 0.0416815 0.0483356 0.0534264 0.056708 0.0582976 0.0584994 0.0576564 0.0560926 0.0541072 0.051972 0.0499131 0.0480664 0.0464096 0.044698 0.0424695 0.0391821 0.0344766 0.0284358 0.0216571
 0.00567663 0.00931114 0.014185 0.0203162 0.0275518 0.0354482 0.0432477 0.0500715 0.0552415 0.0584924 0.0599423 0.0599162 0.0587866 0.0569001 0.0545585 0.0520171 0.0494823 0.0470904 0.0448561 0.0426084 0.0399776 0.0365038 0.0318679 0.0261326 0.0198181
 0.00581145 0.00957563 0.0146653 0.0211168 0.0287663 0.0371156 0.0453167 0.0523981 0.0576265 0.0607365 0.0618889 0.0614646 0.0598856 0.057533 0.0547275 0.0517268 0.0487244 0.0458414 0.0430965 0.0403599 0.0373412 0.0336719 0.0290949 0.02367 0.0178443
 0.00611146 0.0100588 0.0153865 0.0221308 0.0301255 0.0388604 0.0474555 0.0548821 0.0603317 0.063466 0.0644016 0.0635265 0.0613218 0.0582587 0.0547438 0.0510886 0.047501 0.0440902 0.0408614 0.037697 0.0343574 0.0305492 0.0260767 0.0210047 0.0157127
 0.0064111 0.010529 0.0160629 0.0230362 0.0312681 0.0402326 0.0490319 0.056621 0.0621813 0.0653677 0.0662824 0.0652844 0.0628209 0.0593473 0.0552899 0.0510128 0.046787 0.0427713 0.0390015 0.0353858 0.0317225 0.0277707 0.0233785 0.0186119 0.0137912
 0.00666625 0.0109388 0.0166693 0.0238723 0.0323491 0.0415438 0.0505195 0.0581964 0.0637432 0.0668323 0.0676023 0.0664426 0.0638048 0.0601198 0.0557772 0.0511171 0.0464164 0.0418707 0.0375714 0.0334879 0.0294796 0.0253614 0.0210168 0.0165065 0.0120945
 0.00690115 0.0113251 0.0172582 0.0247121 0.0334733 0.0429524 0.0521616 0.0599668 0.0655001 0.0684311 0.0689288 0.0674334 0.0644483 0.0604387 0.0557994 0.0508486 0.0458308 0.040923 0.0362289 0.0317636 0.0274541 0.0231834 0.0188789 0.0145999 0.0105584
 0.00711206 0.0116752 0.0177985 0.0254941 0.034538 0.0443123 0.0537827 0.0617605 0.0673342 0.0701534 0.0703954 0.0685319 0.0651139 0.0606592 0.055607 0.0502971 0.0449689 0.0397771 0.0348075 0.0300825 0.0255673 0.0212003 0.0169532 0.0128916 0.00918604
 0.0073093 0.0119977 0.0182874 0.0261895 0.0354712 0.0454948 0.0551919 0.0633337 0.0689732 0.0717393 0.0718053 0.0696541 0.065861 0.0609794 0.0554901 0.0497714 0.0440874 0.0385995 0.0333875 0.0284703 0.0238258 0.0194214 0.0152574 0.0114035 0.00799785
 0.00741075 0.0121668 0.01855 0.0265733 0.036002 0.0461887 0.0560479 0.064329 0.0700651 0.0728702 0.0729073 0.0706523 0.0666769 0.0615387 0.055734 0.0496671 0.0436343 0.0378258 0.0323425 0.0272172 0.0224412 0.0179978 0.0138998 0.0102134 0.00704814
 0.00760056 0.0124627 0.0189719 0.0271311 0.0366946 0.0470026 0.0569546 0.0652846 0.0710152 0.0737598 0.0736889 0.0712892 0.0671408 0.0618051 0.0557791 0.0494694 0.0431807 0.0371195 0.0314084 0.0261036 0.0212181 0.0167523 0.0127261 0.00919638 0.00624474
 0.00751027 0.0123439 0.0188448 0.0270323 0.0366675 0.0470825 0.0571575 0.0656057 0.0714369 0.0742611 0.0742502 0.0718884 0.0677477 0.0623774 0.0562649 0.0498137 0.0433344 0.0370488 0.0311037 0.0255847 0.0205352 0.01598 0.0119506 0.00849799 0.00567962
 0.00748131 0.0122892 0.0187503 0.0268854 0.0364669 0.0468495 0.0569411 0.065473 0.0714502 0.0744524 0.0746095 0.0723724 0.0682989 0.0629409 0.0567926 0.0502618 0.0436603 0.0372143 0.0310828 0.0253741 0.0201607 0.015495 0.0114257 0.00800343 0.00526825
 0.00758756 0.0124462 0.0189565 0.0271267 0.0367178 0.0470777 0.0571143 0.0655686 0.0714653 0.0744096 0.0745517 0.0723456 0.0683332 0.0630399 0.0569358 0.0504143 0.0437823 0.0372672 0.0310352 0.0252089 0.0198825 0.015133 0.0110281 0.0076235 0.0049487
 0.00753252 0.0123917 0.0189376 0.0271941 0.0369195 0.0474328 0.0575929 0.0660937 0.0719379 0.0747459 0.0747112 0.0723395 0.0682113 0.0628662 0.0567642 0.0502729 0.0436708 0.0371642 0.0309107 0.0250372 0.0196525 0.0148538 0.0107266 0.00733533 0.0047049
 0.00750087 0.01234 0.018862 0.0270973 0.0368179 0.0473623 0.0576065 0.0662443 0.0722503 0.0751923 0.075211 0.072788 0.0685225 0.0630046 0.0567484 0.0501545 0.0435045 0.0369859 0.0307314 0.0248508 0.0194494 0.0146326 0.0104986 0.0071206 0.00452339
 0.00755725 0.0124088 0.0189233 0.0271192 0.0367662 0.0472166 0.0573751 0.06597 0.072002 0.075045 0.0752187 0.072961 0.0688204 0.0633513 0.0570638 0.0503848 0.0436341 0.0370292 0.0307132 0.0247909 0.0193587 0.0145182 0.0103702 0.00699215 0.0044097
 0.00768356 0.0125972 0.0191738 0.0274166 0.0370795 0.0475009 0.0575778 0.0660423 0.0719173 0.0748156 0.0749001 0.0726357 0.0685672 0.0632144 0.0570396 0.050432 0.0436989 0.0370695 0.03071 0.024745 0.0192807 0.0144209 0.0102658 0.00689202 0.00432353
 0.00780405 0.012777 0.0194141 0.0277064 0.0373966 0.0478149 0.0578526 0.0662391 0.072 0.0747611 0.0747087 0.0723372 0.068217 0.0628792 0.0567755 0.0502662 0.0436239 0.0370532 0.0307136 0.0247392 0.0192527 0.0143714 0.0102033 0.00682731 0.00426578
 0.00782212 0.0127914 0.0194083 0.0276563 0.0372777 0.047613 0.0575736 0.0659104 0.071664 0.074462 0.0744812 0.0721999 0.0681736 0.0629243 0.0569014 0.050464 0.0438802 0.0373449 0.0310093 0.0250061 0.0194663 0.0145217 0.0102945 0.00687256 0.00428137
 0.00786856 0.0128681 0.0195243 0.0278172 0.0374792 0.0478351 0.0577775 0.0660462 0.0716876 0.074354 0.0742564 0.071902 0.0678576 0.0626395 0.0566812 0.0503246 0.043823 0.0373603 0.0310782 0.0251034 0.0195661 0.0146043 0.0103505 0.00690264 0.00429239
 0.00785443 0.0128444 0.0194879 0.0277663 0.0374154 0.0477654 0.0577135 0.0660002 0.0716642 0.0743455 0.0742448 0.0718689 0.0677964 0.0625606 0.0566072 0.0502803 0.0438256 0.0374143 0.0311755 0.0252269 0.0196948 0.0147192 0.0104394 0.00696224 0.00432665
 0.0078908 0.0128953 0.0195493 0.0278287 0.0374667 0.0477945 0.0577146 0.0659742 0.0716185 0.0742906 0.0741893 0.0718155 0.0677413 0.0624976 0.056535 0.0502062 0.0437643 0.0373808 0.0311782 0.0252636 0.0197542 0.014786 0.0104999 0.00700823 0.00435639
 0.0078936 0.0128919 0.0195295 0.0277783 0.0373708 0.0476439 0.0575115 0.0657345 0.0713696 0.0740655 0.0740195 0.0717234 0.0677346 0.0625678 0.0566609 0.0503626 0.0439305 0.0375455 0.0313377 0.0254167 0.0198977 0.0149137 0.0106049 0.00708656 0.00440881
 0.00780812 0.0127519 0.019317 0.027477 0.0369703 0.0471467 0.0569396 0.0651316 0.0707959 0.0735858 0.0736904 0.0715829 0.0677956 0.062816 0.0570591 0.0508587 0.0444693 0.0380789 0.0318312 0.0258498 0.0202611 0.0152046 0.0108252 0.00724262 0.00451075
 0.00783496 0.0127944 0.0193782 0.0275562 0.037061 0.0472328 0.0569951 0.0651248 0.0706991 0.073388 0.0734056 0.0712498 0.0674683 0.0625495 0.056894 0.050812 0.0445327 0.0382253 0.0320252 0.0260582 0.0204584 0.0153749 0.010961 0.00734246 0.00457812
 0.0078347 0.0127977 0.0193898 0.0275828 0.037109 0.0473051 0.0570874 0.0652231 0.0707807 0.0734256 0.0733748 0.0711383 0.0672836 0.0623199 0.0566626 0.0506233 0.0444189 0.0381975 0.0320736 0.026159 0.0205832 0.0154994 0.0110686 0.00742549 0.00463585
 0.0078004 0.0127397 0.0192993 0.027452 0.0369351 0.0470956 0.0568633 0.0650163 0.0706248 0.0733431 0.0733685 0.0711909 0.0673657 0.0624035 0.0567323 0.050681 0.0444799 0.0382803 0.0321886 0.0263033 0.0207424 0.0156541 0.0112025 0.00752923 0.00470812
 0.00848558 0.0137022 0.0204677 0.0286653 0.0379881 0.0478128 0.0571583 0.0649063 0.0702011 0.0727253 0.0726675 0.0704891 0.0667124 0.0618189 0.0562169 0.0502284 0.0440869 0.0379506 0.0319301 0.02612 0.0206299 0.0155988 0.0111857 0.00753303 0.00471918
 0.00911657 0.0147052 0.0219247 0.0306104 0.0403698 0.0504541 0.0597434 0.0670315 0.0714962 0.0729904 0.0719423 0.0690142 0.0648149 0.0597964 0.0542748 0.0484746 0.0425607 0.0366567 0.0308609 0.0252655 0.0199764 0.0151257 0.0108644 0.00732989 0.00460029
 0.00915543 0.0148417 0.0222651 0.0312972 0.0415431 0.0521879 0.0619835 0.0695691 0.0739955 0.0750652 0.073256 0.0693728 0.0642187 0.0584267 0.0524196 0.0464332 0.0405696 0.0348626 0.029333 0.0240221 0.0190082 0.0144082 0.0103626 0.00700168 0.00440131
 0.00898394 0.0146235 0.0220528 0.0311878 0.0416661 0.0526771 0.0629416 0.0710319 0.0759002 0.0772321 0.0754 0.0711574 0.0653437 0.0587177 0.0518777 0.0452216 0.0389472 0.0331 0.0276474 0.022551 0.0178146 0.0135007 0.00971596 0.0065717 0.00413631
 0.00872884 0.0142061 0.0214252 0.0303189 0.0405669 0.0514324 0.0617287 0.0701026 0.0755165 0.077576 0.0765 0.0728638 0.0673626 0.0606904 0.0534793 0.0462467 0.0393509 0.0329808 0.0271868 0.0219413 0.017207 0.0129851 0.00932681 0.00630573 0.00397063
 0.00871496 0.0141517 0.0212839 0.0300269 0.0400586 0.0506669 0.0607203 0.0689396 0.0743611 0.0766401 0.0759979 0.0729503 0.0680741 0.0619161 0.0549834 0.0477386 0.0405759 0.0337921 0.027569 0.0219829 0.0170433 0.0127434 0.00909448 0.00612497 0.0038495
 0.00872011 0.0141597 0.0212928 0.0300288 0.0400331 0.0505768 0.0605127 0.0685614 0.0737856 0.0758979 0.0751924 0.0722439 0.0676443 0.0618936 0.0553982 0.0485003 0.0415028 0.0346768 0.0282516 0.0223948 0.017207 0.0127367 0.0090053 0.00601984 0.00376358
 0.00882822 0.0143162 0.0214927 0.0302547 0.0402596 0.0507764 0.0606588 0.0686261 0.0737368 0.0757023 0.0748312 0.071735 0.067058 0.0613462 0.0550181 0.0483768 0.0416458 0.0350116 0.028653 0.0227427 0.0174307 0.0128278 0.00899995 0.00596759 0.00370374
 0.00878841 0.0142694 0.0214546 0.0302485 0.040307 0.0508844 0.0608114 0.0687861 0.0738593 0.07575 0.0747821 0.071584 0.0668162 0.0610452 0.0547127 0.0481378 0.0415356 0.0350551 0.0288228 0.0229719 0.0176453 0.0129789 0.00907596 0.00598579 0.00369142
 0.0087575 0.0142139 0.0213628 0.0301103 0.0401207 0.050665 0.0605937 0.0686167 0.0737776 0.0757686 0.0748801 0.0717162 0.0669337 0.0611144 0.0547267 0.0481169 0.0415184 0.0350814 0.0289136 0.0231182 0.017814 0.0131307 0.00918509 0.00604735 0.00371638
 0.00862115 0.0140231 0.0211321 0.0298707 0.0399086 0.0505069 0.0604955 0.0685671 0.0737615 0.0757804 0.0749255 0.0718023 0.0670565 0.0612548 0.0548585 0.0482209 0.0415928 0.0351412 0.0289802 0.0232052 0.0179188 0.0132376 0.00927563 0.00611055 0.00375218
 0.00877341 0.0142152 0.0213209 0.0299872 0.0398836 0.0503074 0.0601493 0.0681562 0.0733856 0.0755133 0.0747923 0.0717859 0.0671211 0.0613654 0.0549883 0.0483504 0.0417092 0.0352397 0.0290647 0.0232839 0.0179974 0.0133147 0.0093442 0.00616362 0.00378709
 0.00866136 0.0140993 0.0212641 0.0300772 0.0401947 0.0508491 0.0608355 0.0688247 0.073866 0.0757038 0.0746956 0.0714872 0.0667318 0.060974 0.0546416 0.0480611 0.0414727 0.0350476 0.0289112 0.0231666 0.017915 0.0132639 0.00931813 0.00615332 0.00378443
 0.00864373 0.0140467 0.0211457 0.0298624 0.0398765 0.0504701 0.0604953 0.0686486 0.0739433 0.0760314 0.0751716 0.071963 0.0670866 0.0611613 0.0546853 0.0480189 0.0413984 0.0349742 0.028852 0.0231244 0.0178886 0.0132509 0.00931521 0.00615637 0.00378955
 0.00866955 0.0140737 0.0211573 0.0298307 0.0397659 0.0502478 0.0601471 0.0681961 0.0734536 0.0756082 0.0749213 0.0719482 0.067295 0.0615136 0.0550775 0.0483693 0.0416711 0.0351716 0.028994 0.0232303 0.0179707 0.0133154 0.00936481 0.00619281 0.00381455
 0.00865491 0.0140562 0.0211416 0.0298224 0.0397666 0.0502483 0.060124 0.0681167 0.0732896 0.0753548 0.074611 0.0716477 0.0670824 0.0614453 0.0551625 0.0485689 0.0419219 0.0354161 0.0291989 0.0233872 0.0180857 0.0133982 0.00942383 0.00623369 0.00384149
 0.00865157 0.0141017 0.0213024 0.0301861 0.0404127 0.0512043 0.0613292 0.0694189 0.0744824 0.0762373 0.0750433 0.0715841 0.0665749 0.0606213 0.0541831 0.0475818 0.0410278 0.0346601 0.028585 0.0229005 0.0177088 0.0131167 0.00922423 0.00610143 0.00376048
 0.00841554 0.0137144 0.0207187 0.0293781 0.0393948 0.0500614 0.0602284 0.0685794 0.0741021 0.0764096 0.0757141 0.0725757 0.0676613 0.0616094 0.0549642 0.0481367 0.0413985 0.0349091 0.028764 0.0230389 0.0178179 0.0131995 0.0092832 0.00614054 0.00378469
 0.00829919 0.013523 0.020426 0.0289563 0.0388195 0.0493219 0.0593435 0.0676145 0.0731755 0.0756774 0.0753293 0.0726328 0.0681536 0.062426 0.0559321 0.0490863 0.0422149 0.0355487 0.0292375 0.0233812 0.0180641 0.0133753 0.00940535 0.00622132 0.00383466
 0.0085096 0.0138318 0.0208274 0.0294203 0.0392947 0.0497443 0.0596447 0.0677307 0.0730605 0.0753215 0.0747767 0.0719826 0.0675359 0.061958 0.055675 0.0490278 0.0422871 0.0356685 0.0293431 0.0234465 0.0180914 0.0133792 0.00939961 0.00621419 0.00382928
 0.00867913 0.0141201 0.021282 0.0300848 0.0401893 0.0508387 0.0608397 0.0688649 0.0739495 0.075813 0.0747942 0.0715417 0.0667335 0.0609435 0.0546117 0.0480523 0.0414805 0.035049 0.028884 0.0231052 0.0178324 0.0131815 0.00925321 0.00611229 0.00376396
 0.00850842 0.0138672 0.0209495 0.0296976 0.0397961 0.0505076 0.0606484 0.0688812 0.0742043 0.076277 0.0753758 0.0721139 0.0671787 0.061194 0.0546663 0.047965 0.0413293 0.0349027 0.0287806 0.02305 0.0178108 0.0131754 0.00925078 0.00610913 0.00376015
 0.0081316 0.0132286 0.0199456 0.0282308 0.0378143 0.0480602 0.0579291 0.0662209 0.0719974 0.0748688 0.0749632 0.0727009 0.0685944 0.063157 0.056869 0.0501481 0.0433227 0.0366272 0.0302203 0.024219 0.018731 0.0138698 0.00974638 0.0064396 0.00396408
 0.00833011 0.0135081 0.0202816 0.0285616 0.0380428 0.0480671 0.0575972 0.0654716 0.0708346 0.0734108 0.0734368 0.0713841 0.067728 0.0628669 0.0571365 0.0508369 0.0442432 0.0376023 0.0311258 0.0249904 0.0193486 0.0143389 0.0100835 0.0066667 0.00410592
 0.00848922 0.013778 0.0207054 0.0291764 0.038859 0.0490404 0.0586078 0.0663314 0.0713317 0.0733788 0.0728187 0.0702639 0.0663144 0.0614325 0.0559336 0.0500242 0.0438542 0.0375643 0.0313126 0.0252769 0.0196436 0.0145923 0.0102771 0.00680152 0.00419193
 0.00882691 0.0143299 0.0215396 0.0303538 0.0404148 0.0509561 0.0607824 0.0685706 0.073368 0.0749211 0.073616 0.070167 0.0653203 0.0596965 0.0537365 0.0476988 0.0416973 0.0357696 0.02995 0.0243169 0.0190047 0.014184 0.0100242 0.00664991 0.00410492
 0.00906151 0.014737 0.0221991 0.031353 0.0418259 0.0527999 0.0629953 0.0709936 0.0757686 0.0770361 0.0751953 0.0710089 0.0653018 0.0588007 0.0520696 0.0454815 0.039222 0.0333326 0.0277851 0.0225563 0.0176788 0.0132505 0.00940571 0.0062634 0.00387776
 0.00870914 0.0142 0.0214625 0.03044 0.0408077 0.0518025 0.0621947 0.0705896 0.07593 0.077835 0.076565 0.0727475 0.0671217 0.0604023 0.0532155 0.0460507 0.0392304 0.0329125 0.02713 0.0218551 0.0170655 0.0127873 0.00909541 0.0060758 0.00377416
 0.00817533 0.013319 0.020118 0.0285318 0.0382931 0.0487539 0.0588472 0.0673373 0.0732507 0.0761677 0.0761916 0.0737225 0.0692648 0.063348 0.0565042 0.0492377 0.041981 0.0350551 0.0286542 0.0228627 0.0177033 0.0131895 0.0093559 0.00624843 0.00388696
 0.00805401 0.013062 0.0196197 0.0276542 0.0368964 0.0467488 0.0562512 0.0643074 0.0700797 0.0732436 0.0739303 0.0724838 0.0692642 0.0645934 0.0587832 0.0521698 0.0451188 0.0379982 0.0311336 0.0247702 0.0190642 0.0141048 0.00994549 0.00661551 0.0041074
 0.00819293 0.013315 0.0200431 0.0282967 0.0377612 0.0477469 0.0571756 0.0648634 0.0699785 0.0723226 0.0722395 0.0702944 0.0669959 0.0626902 0.0575836 0.0518147 0.0455293 0.0389295 0.032278 0.0258623 0.0199443 0.0147262 0.0103393 0.00684449 0.00423229
#obs surv len freq
 nan nan nan nan nan nan nan nan nan nan nan nan nan nan nan nan nan nan nan nan nan nan nan nan nan
 0.00448021 0.00733945 0.0111674 0.0159822 0.0216821 0.0279576 0.0342724 0.040005 0.0446862 0.048152 0.0505121 0.0520102 0.0529045 0.0534188 0.0537345 0.0539906 0.0542699 0.0545632 0.0547023 0.0542944 0.0527323 0.049364 0.0438129 0.0362918 0.0276741
 0.00461588 0.00756033 0.0115001 0.0164508 0.0223023 0.028728 0.0351654 0.0409639 0.0456331 0.0490024 0.0511905 0.0524617 0.0531008 0.0533583 0.0534387 0.0534961 0.0536198 0.0537997 0.0538643 0.0534183 0.0518567 0.0485317 0.0430682 0.0356723 0.0272007
 0.00477519 0.00782246 0.0119003 0.0170237 0.0230748 0.0297076 0.0363287 0.042252 0.046958 0.050262 0.0522846 0.0533037 0.0536258 0.0535287 0.0532473 0.0529645 0.0527922 0.0527346 0.0526268 0.0520782 0.0504883 0.0472147 0.0418818 0.0346819 0.0264423
 0.00496811 0.00813792 0.0123787 0.0177039 0.0239876 0.0308639 0.0377069 0.0437926 0.0485699 0.0518369 0.0537123 0.0544825 0.0544689 0.0539703 0.0532476 0.0525136 0.0519117 0.0514751 0.0510642 0.0503095 0.0486288 0.0453916 0.0402211 0.0332865 0.0253699
 0.00517943 0.00848332 0.0129021 0.0184477 0.0249849 0.0321264 0.0392119 0.045478 0.0503419 0.0535868 0.0553312 0.0558699 0.0555353 0.0546388 0.053457 0.052224 0.0511109 0.0501854 0.0493477 0.0482702 0.0464098 0.0431639 0.0381595 0.0315368 0.0240171
 0.00539526 0.00883859 0.013445 0.0192262 0.0260374 0.0334676 0.0408178 0.0472808 0.0522396 0.0554631 0.0570735 0.0573783 0.0567247 0.0554362 0.0537998 0.0520609 0.0504073 0.0489347 0.0475854 0.046087 0.0439569 0.0406407 0.035783 0.0294949 0.0224253
 0.0056294 0.00921968 0.0140196 0.0200389 0.0271229 0.0348391 0.0424531 0.0491164 0.0541781 0.0573897 0.0588733 0.0589481 0.0579766 0.0562983 0.0542125 0.0519737 0.0497796 0.0477439 0.0458445 0.0438662 0.041398 0.0379529 0.0332087 0.0272545 0.0206621
 0.00588564 0.00963981 0.0146583 0.0209485 0.0283427 0.0363783 0.0442748 0.0511331 0.0562668 0.0594171 0.0607189 0.060514 0.0591878 0.0570969 0.0545527 0.0518165 0.0490908 0.0465 0.0440486 0.0415731 0.0387368 0.0351297 0.0304766 0.0248544 0.0187582
 0.00613885 0.0100562 0.0152938 0.0218582 0.0295705 0.0379391 0.0461371 0.053212 0.058435 0.0615297 0.0626376 0.0621241 0.0604048 0.0578649 0.0548376 0.0515956 0.048346 0.0452181 0.0422344 0.0392744 0.0360704 0.0322904 0.027713 0.0224108 0.0168076
 0.00638283 0.0104555 0.0158998 0.0227209 0.0307296 0.0394094 0.0478927 0.0551799 0.0605035 0.0635677 0.0645146 0.0637239 0.061633 0.0586529 0.0551413 0.0513912 0.0476221 0.0439724 0.0404807 0.0370617 0.0335078 0.0295588 0.0250461 0.0200429 0.0149089
 0.00661157 0.0108315 0.0164734 0.0235414 0.0318354 0.0408128 0.0495645 0.0570443 0.0624496 0.0654712 0.0662579 0.065206 0.0627727 0.0593879 0.0554271 0.0511989 0.0469367 0.0427922 0.0388229 0.0349773 0.031101 0.0269973 0.0225452 0.0178193 0.013122
 0.00682929 0.0111896 0.0170201 0.0243241 0.0328912 0.0421534 0.051161 0.0588217 0.0642975 0.0672651 0.0678803 0.0665601 0.0637861 0.0600112 0.0556294 0.0509623 0.0462521 0.0416599 0.0372603 0.0330328 0.0288714 0.0246355 0.020246 0.0157779 0.0114816
 0.00706777 0.0115761 0.0175994 0.0251368 0.0339653 0.0434925 0.0527304 0.0605443 0.0660634 0.0689525 0.0693757 0.0677712 0.0646469 0.0604818 0.0556919 0.0506138 0.0454984 0.0405132 0.0357439 0.0311945 0.0267993 0.0224659 0.0181501 0.0139264 0.00999846
 0.00727473 0.0119206 0.018132 0.025908 0.0350133 0.0448244 0.054305 0.0622691 0.067811 0.0705882 0.0707831 0.0688644 0.0653721 0.0608127 0.055624 0.0501576 0.0446735 0.0393446 0.0342648 0.0294561 0.0248836 0.0204924 0.0162658 0.0122755 0.00868345
 0.00745306 0.0122132 0.0185779 0.0265458 0.0358747 0.0459226 0.0556215 0.0637461 0.0693554 0.0720863 0.0721185 0.0699353 0.0661038 0.0611639 0.0555842 0.0497405 0.043907 0.0382644 0.0329139 0.0278906 0.0231821 0.018761 0.0146291 0.0108525 0.0075566
 0.00755954 0.0123897 0.01885 0.0269405 0.036416 0.0466244 0.0564801 0.0647356 0.0704301 0.0731862 0.0731751 0.0708757 0.0668557 0.0616634 0.0557845 0.0496176 0.0434611 0.0375165 0.0319022 0.0266706 0.0218295 0.0173716 0.0133108 0.00970522 0.00664825
 0.00760471 0.012457 0.018941 0.027055 0.0365565 0.0468001 0.0567094 0.0650431 0.0708386 0.0737064 0.0737974 0.0715667 0.0675606 0.062312 0.0563017 0.0499354 0.0435293 0.0373112 0.0314292 0.0259656 0.0209558 0.0164151 0.0123682 0.0088658 0.00597408
 0.00765189 0.0125284 0.0190382 0.0271754 0.0366935 0.0469448 0.0568529 0.0651812 0.0709761 0.0738604 0.0739935 0.0718288 0.0678971 0.0627059 0.056709 0.0502925 0.0437679 0.0373735 0.0312821 0.0256095 0.0204263 0.0157778 0.0117047 0.00825514 0.00547357
 0.00772144 0.0126329 0.0191794 0.0273488 0.0368888 0.0471478 0.0570472 0.0653499 0.0711057 0.0739456 0.0740418 0.0718609 0.067941 0.0627862 0.0568345 0.0504479 0.0439139 0.0374573 0.031254 0.02544 0.0201179 0.0153659 0.0112481 0.00781762 0.0051055
 0.00778661 0.0127309 0.0193119 0.0275114 0.0370717 0.047337 0.0572263 0.0655019 0.0712162 0.0740065 0.0740541 0.0718353 0.0678962 0.0627446 0.056816 0.0504623 0.0439542 0.0374979 0.0312574 0.0253707 0.019958 0.015124 0.0109574 0.00752323 0.00484818
 0.00780709 0.0127666 0.0193697 0.0275982 0.0371915 0.0474873 0.0573953 0.0656696 0.0713596 0.0741071 0.0741031 0.0718351 0.0678579 0.0626846 0.0567526 0.050411 0.0439227 0.0374817 0.0312393 0.0253267 0.0198678 0.0149822 0.0107773 0.00733185 0.00467421
 0.00784284 0.0128167 0.0194304 0.0276621 0.0372506 0.0475377 0.0574396 0.0657153 0.0714134 0.0741693 0.0741661 0.0718864 0.0678865 0.0626866 0.056732 0.0503777 0.0438875 0.0374509 0.0312108 0.0252903 0.0198108 0.0148971 0.0106676 0.00721121 0.00456071
 0.00785014 0.0128278 0.0194453 0.0276794 0.0372671 0.0475482 0.0574379 0.0656972 0.0713803 0.0741303 0.0741351 0.0718765 0.0679031 0.0627252 0.056782 0.0504282 0.0439317 0.0374862 0.0312358 0.0253018 0.0198037 0.0148675 0.0106168 0.00714732 0.00449543
 0.00786849 0.0128516 0.0194703 0.0276982 0.0372713 0.0475321 0.0574009 0.0656439 0.0713183 0.0740673 0.0740788 0.0718341 0.067882 0.0627304 0.0568138 0.0504809 0.0439955 0.0375506 0.0312921 0.0253436 0.0198269 0.0148701 0.0106006 0.0071177 0.0044605
 0.00789484 0.0128944 0.019534 0.0277853 0.0373806 0.0476554 0.0575228 0.0657435 0.071376 0.0740721 0.0740321 0.0717481 0.0677748 0.0626207 0.0567163 0.050405 0.0439437 0.0375198 0.0312754 0.0253332 0.0198157 0.0148539 0.0105781 0.00709095 0.00443327
 0.00789813 0.0128976 0.0195352 0.0277821 0.0373715 0.0476419 0.0575094 0.0657363 0.071379 0.0740841 0.0740463 0.0717562 0.0677716 0.0626066 0.0566973 0.050389 0.0439372 0.0375252 0.0312907 0.0253531 0.019834 0.0148658 0.0105813 0.00708641 0.00442398
 0.00788543 0.0128748 0.0194968 0.0277222 0.0372852 0.0475284 0.0573748 0.0655945 0.071249 0.0739854 0.0739936 0.0717547 0.0678163 0.0626849 0.0567944 0.0504927 0.04404 0.0376235 0.0313824 0.0254356 0.019904 0.01492 0.0106188 0.00710843 0.00443417
 0.00788446 0.0128694 0.0194817 0.0276898 0.0372275 0.0474398 0.0572549 0.0654498 0.0710926 0.0738352 0.0738689 0.0716732 0.0677889 0.0627139 0.0568723 0.0506051 0.0441704 0.0377574 0.0315093 0.0255488 0.0199992 0.0149951 0.0106733 0.00714421 0.00445493
 0.0078632 0.0128369 0.0194363 0.027631 0.0371551 0.0473534 0.057154 0.0653347 0.0709667 0.0737059 0.0737482 0.0715759 0.0677299 0.062704 0.0569153 0.0506963 0.0442979 0.037905 0.0316606 0.0256901 0.0201213 0.015093 0.010746 0.00719377 0.00448558
 0.00782854 0.0127771 0.0193407 0.0274886 0.0369591 0.0471064 0.0568723 0.0650468 0.0707059 0.0735008 0.0736158 0.0715209 0.0677489 0.0627898 0.057059 0.0508876 0.0445237 0.0381493 0.0319055 0.0259185 0.0203198 0.0152535 0.0108663 0.00727698 0.00453833
 0.00783254 0.0127784 0.0193325 0.0274607 0.0368993 0.0470037 0.0567211 0.0648504 0.0704779 0.0732643 0.0733993 0.0713516 0.0676466 0.0627627 0.0571048 0.0509964 0.0446817 0.0383402 0.0321118 0.0261228 0.0205061 0.0154102 0.0109877 0.00736318 0.00459424
 0.00780315 0.0127348 0.0192745 0.0273899 0.0368179 0.0469122 0.056617 0.0647297 0.0703381 0.073108 0.0732367 0.0712004 0.0675277 0.0626958 0.0571023 0.0510607 0.0448055 0.0385089 0.0323069 0.0263245 0.0206964 0.015575 0.0111185 0.00745823 0.00465711
 0.00774603 0.012642 0.0191354 0.0271966 0.0365684 0.046615 0.0562943 0.0644143 0.0700652 0.0729039 0.0731129 0.0711545 0.0675505 0.062778 0.0572379 0.0512454 0.045033 0.0387687 0.0325833 0.0265988 0.0209497 0.0157922 0.0112905 0.00758336 0.0047403
 0.00773718 0.0126204 0.0190896 0.0271115 0.0364286 0.0464116 0.0560302 0.0641074 0.0697459 0.0726088 0.0728761 0.0710004 0.0674896 0.0628068 0.0573437 0.0514124 0.045246 0.0390137 0.0328458 0.0268625 0.0211976 0.0160087 0.0114652 0.00771264 0.00482757
 0.00932612 0.0148491 0.0217887 0.0299031 0.038835 0.0480289 0.0566668 0.0638131 0.0687366 0.0711553 0.0712212 0.0693247 0.0659122 0.0613976 0.0561357 0.0504126 0.0444449 0.0383931 0.0323839 0.0265356 0.0209806 0.0158756 0.0113912 0.00767619 0.00481226
 0.00928618 0.0150795 0.0226565 0.0318662 0.0422443 0.0528596 0.0623476 0.0693176 0.0729474 0.0733027 0.0711364 0.0673876 0.0627854 0.057743 0.0524489 0.0469909 0.0414315 0.0358367 0.0302834 0.0248652 0.019701 0.0149382 0.0107399 0.00725087 0.00455343
 0.00897368 0.0145837 0.0219548 0.0310027 0.0413847 0.05233 0.0625971 0.0707577 0.0757052 0.0770363 0.0750749 0.070623 0.0646514 0.0580468 0.0514445 0.0451684 0.0392861 0.0337321 0.0284258 0.0233388 0.0185159 0.0140659 0.0101331 0.0068547 0.00431257
 0.00878182 0.0142689 0.0214761 0.0303227 0.040484 0.0512351 0.0614185 0.0697189 0.0751288 0.0772571 0.0762892 0.0727426 0.0672657 0.0605548 0.0532979 0.0460825 0.0392992 0.0331083 0.0274935 0.0223673 0.0176671 0.0134052 0.0096631 0.00654617 0.00412551
 0.00869015 0.0141112 0.0212226 0.0299396 0.0399402 0.0505144 0.0605341 0.0687273 0.0741395 0.0764357 0.0758427 0.0728695 0.0680712 0.0619658 0.0550438 0.0477782 0.0405978 0.0338323 0.0276702 0.0221633 0.0172851 0.0130046 0.00933185 0.00631117 0.00397765
 0.00867792 0.0140853 0.0211714 0.0298462 0.0397833 0.0502711 0.0601851 0.0682629 0.0735685 0.075796 0.0752107 0.0723621 0.0678284 0.0621068 0.0556069 0.0486778 0.0416353 0.03477 0.0283284 0.0224829 0.0173221 0.0128745 0.00914662 0.00614345 0.00385663
 0.00868601 0.0140976 0.021188 0.029865 0.0397986 0.0502719 0.0601538 0.068177 0.0734049 0.0755393 0.0748633 0.0719547 0.0674247 0.0617982 0.0554885 0.0488097 0.042006 0.0352879 0.0288554 0.0228941 0.0175553 0.0129412 0.00910498 0.00605891 0.00377493
 0.00866344 0.0140662 0.0211505 0.0298273 0.0397678 0.0502531 0.0601474 0.0681765 0.0733973 0.0755065 0.0747865 0.071821 0.0672372 0.0615828 0.0552953 0.0487004 0.0420292 0.0354525 0.0291199 0.0231828 0.0177936 0.0130875 0.00916022 0.00605261 0.00374232
 0.00865469 0.0140501 0.0211232 0.0297849 0.0397088 0.0501806 0.0600705 0.0681087 0.0733506 0.0754856 0.0747849 0.0718224 0.0672223 0.0615392 0.0552263 0.0486282 0.0419883 0.0354742 0.0292141 0.0233301 0.0179538 0.0132204 0.00924396 0.00608823 0.00374573
 0.00863531 0.0140199 0.0210801 0.0297277 0.039637 0.0500951 0.0599741 0.0680076 0.0732546 0.075407 0.0747351 0.0718071 0.067238 0.0615743 0.0552662 0.0486637 0.0420218 0.0355178 0.0292813 0.0234247 0.0180649 0.0133274 0.00932791 0.00614088 0.00377056
 0.00863741 0.0140231 0.0210844 0.0297329 0.0396422 0.0500984 0.059973 0.0679985 0.0732345 0.0753744 0.0746918 0.0717584 0.0671916 0.0615365 0.05524 0.0486482 0.0420149 0.0355203 0.0292969 0.0234569 0.0181124 0.0133822 0.00937872 0.00617904 0.00379341
 0.00862428 0.0140044 0.021061 0.0297074 0.039618 0.0500787 0.0599593 0.0679908 0.073231 0.0753723 0.0746881 0.0717512 0.0671803 0.0615231 0.0552278 0.0486406 0.0420142 0.0355275 0.0293128 0.0234819 0.0181456 0.0134201 0.00941568 0.0062095 0.00381444
 0.00863679 0.0140217 0.0210816 0.0297281 0.0396354 0.0500905 0.0599658 0.067994 0.0732333 0.0753746 0.0746888 0.071747 0.0671683 0.0615022 0.0551993 0.0486083 0.0419829 0.0355018 0.0292961 0.0234759 0.0181499 0.0134324 0.00943208 0.00622574 0.00382739
 0.00861756 0.0139938 0.0210456 0.0296865 0.0395917 0.0500476 0.0599254 0.0679574 0.0732021 0.075352 0.0746788 0.0717524 0.0671888 0.061534 0.0552366 0.0486455 0.0420165 0.0355311 0.0293223 0.0235008 0.0181747 0.0134569 0.00945492 0.00624515 0.00384208
 0.00861029 0.0139809 0.0210244 0.0296544 0.0395473 0.0499924 0.0598648 0.0678992 0.0731549 0.0753213 0.0746661 0.0717564 0.0672067 0.061563 0.0552737 0.0486871 0.042059 0.0355713 0.0293583 0.0235324 0.0182024 0.0134812 0.00947579 0.00626211 0.00385475
 0.00861029 0.0139809 0.0210244 0.0296544 0.0395473 0.0499924 0.0598648 0.0678992 0.0731549 0.0753213 0.0746661 0.0717564 0.0672067 0.061563 0.0552737 0.0486871 0.042059 0.0355713 0.0293583 0.0235324 0.0182024 0.0134812 0.00947579 0.00626211 0.00385475
 0.00881829 0.0143118 0.0215071 0.0303058 0.0403626 0.0509344 0.0608553 0.068826 0.0738954 0.0757767 0.0747871 0.0715503 0.0667263 0.0608876 0.0544893 0.0478724 0.041276 0.0348624 0.0287482 0.0230314 0.0178102 0.0131899 0.00927212 0.00612908 0.00377425
 0.00851161 0.0138476 0.0208749 0.0295246 0.0394835 0.0500379 0.0600458 0.0682166 0.073581 0.0758034 0.0751352 0.0721416 0.0674529 0.061644 0.0551961 0.0484841 0.0417775 0.0352591 0.0290548 0.0232644 0.0179843 0.0133168 0.00936131 0.00618888 0.00381199
 0.00854445 0.0138607 0.0208214 0.0293403 0.0391081 0.0494476 0.0592795 0.0673773 0.0728082 0.0752304 0.0748512 0.0721731 0.0677651 0.0621579 0.0558137 0.0491138 0.0423519 0.0357416 0.0294358 0.0235518 0.0181934 0.0134643 0.00946177 0.00625436 0.00385237
 0.00858382 0.0139337 0.0209446 0.0295256 0.0393494 0.0497055 0.0594778 0.0674219 0.0726288 0.0748219 0.074288 0.0715839 0.0672821 0.0618691 0.0557412 0.049221 0.0425704 0.0360002 0.0296806 0.0237535 0.018344 0.0135686 0.00953004 0.00629687 0.00387755
 0.00869975 0.014119 0.0212175 0.0299005 0.0398327 0.0502891 0.0601283 0.0680741 0.0731876 0.0751806 0.0743598 0.071337 0.0667591 0.0611775 0.0550154 0.0485757 0.0420692 0.0356513 0.0294556 0.0236117 0.0182514 0.013504 0.00948338 0.00626393 0.00385587
 0.0085201 0.0138485 0.0208519 0.0294535 0.0393367 0.0497931 0.0596945 0.0677697 0.0730684 0.0752696 0.0746331 0.0717253 0.0671713 0.061535 0.0552804 0.0487582 0.0422091 0.0357896 0.0296125 0.0237828 0.0184178 0.0136468 0.00959216 0.00633825 0.00390178
 0.00810895 0.0131809 0.0198529 0.0280658 0.0375462 0.0476628 0.0573904 0.0655516 0.0712358 0.0740807 0.0742358 0.0721286 0.0682586 0.0631057 0.0571049 0.05063 0.043979 0.037374 0.0309783 0.0249237 0.0193379 0.0143553 0.0101066 0.00668633 0.0041193
 0.0083147 0.0134681 0.0201946 0.0283992 0.0377799 0.0476946 0.0571315 0.0649525 0.0703121 0.0729283 0.0730231 0.0710576 0.0675066 0.0627739 0.0571957 0.051061 0.0446225 0.0381015 0.0316906 0.0255608 0.0198714 0.0147772 0.0104204 0.00690394 0.00425848
 0.0085155 0.0138151 0.0207502 0.0292214 0.0388931 0.0490507 0.0585826 0.0662631 0.0712195 0.0732286 0.072641 0.0700698 0.0661132 0.061235 0.0557571 0.0498945 0.0437993 0.0376027 0.0314434 0.0254779 0.0198788 0.0148237 0.0104759 0.00695289 0.00429494
 0.00880276 0.0142937 0.0214915 0.0302968 0.0403559 0.0509059 0.0607536 0.0685753 0.0734129 0.0750026 0.0737189 0.0702672 0.0653917 0.0597181 0.0536997 0.0476115 0.0415832 0.0356615 0.0298783 0.0242984 0.0190377 0.0142519 0.0101048 0.0067241 0.00416211
 0.00899104 0.0146152 0.0220038 0.0310637 0.0414335 0.0523208 0.0624799 0.0705221 0.0754302 0.0768986 0.075283 0.0712962 0.0657239 0.059275 0.0525187 0.0458511 0.0394895 0.033506 0.0278919 0.0226291 0.0177423 0.0133157 0.00947134 0.00632266 0.00392454
 0.00859401 0.0140051 0.0211563 0.0299919 0.0401997 0.0510452 0.0613417 0.0697373 0.0751996 0.0773417 0.0763872 0.0729082 0.0675842 0.061082 0.0540018 0.046835 0.0399294 0.033481 0.0275606 0.0221669 0.0172886 0.0129492 0.00921489 0.00616318 0.00383515
 0.00815549 0.0132562 0.019968 0.028238 0.0378043 0.0480517 0.0579682 0.0663752 0.0723342 0.0754259 0.075724 0.073583 0.0694577 0.0638321 0.0572015 0.0500483 0.0428028 0.0358045 0.0292794 0.0233471 0.0180574 0.013438 0.00952564 0.00636159 0.00395982
 0.00799315 0.0129588 0.0194558 0.0274088 0.036549 0.0462859 0.0556747 0.063642 0.069376 0.0725742 0.0733788 0.0721278 0.0691581 0.064755 0.0591901 0.0527645 0.0458208 0.0387209 0.0318017 0.0253333 0.0195016 0.0144213 0.0101609 0.00675451 0.00419266
 0.00839771 0.0135941 0.020364 0.0285967 0.0379663 0.0478001 0.0570588 0.0645991 0.0696125 0.0719025 0.0718037 0.0698745 0.0666245 0.0624039 0.0574161 0.0517851 0.0456326 0.0391354 0.0325395 0.0261299 0.0201796 0.0149091 0.0104672 0.00692637 0.00428087
#pred catch len freq
