SBPRF35
12.7214
Curr Bio
880173
B35
889407
F35
0.172642
FOFL
0.172642
OFL
125914
Bzero
3.63469e+006
#pred survey bio
 3.48159e+006 3.37258e+006 3.26754e+006 3.10867e+006 2.93539e+006 2.70494e+006 2.45197e+006 2.23352e+006 1.96745e+006 1.75448e+006 1.54889e+006 1.38145e+006 1.21453e+006 1.05105e+006 940007 825602 753379 704608 664885 631336 602058 581769 553831 544644 537215 537695 515989 503135 507979 516687 519898 520820 537509 551781 559190 569946 575806 583742 602244 613921 624361 637043 634278 639529 645369 646444 647004 648976 644634 641964 658223 734875 807192 848396 882627 903455 908948 917864 904915 885554 882591 851513 840961 811003 814690 823473 836014 870680 885252 2.07054e+007 1.9114e+007 1.95407e+007 2.03722e+007 2.14542e+007 2.26119e+007 2.37196e+007 2.47054e+007 2.55401e+007 2.6223e+007 2.67683e+007 2.71964e+007 2.75288e+007 2.77851e+007 2.79819e+007 2.8133e+007 2.82489e+007 2.8338e+007 2.84069e+007 2.84601e+007 2.85016e+007 2.8534e+007 2.85594e+007 2.85794e+007 2.85953e+007 2.86078e+007 2.86179e+007 2.86259e+007 2.86323e+007 2.86374e+007 2.86416e+007 2.86449e+007 2.86476e+007 2.86498e+007 2.86516e+007 2.86531e+007 2.86542e+007 2.86552e+007 2.8656e+007 2.86566e+007 2.86572e+007 2.86576e+007 2.86579e+007 2.86582e+007 2.86585e+007 2.86586e+007 2.86588e+007 2.86589e+007 2.8659e+007 2.86591e+007 2.86592e+007 2.86592e+007 2.86593e+007 2.86593e+007 2.86594e+007 2.86594e+007 2.86594e+007 2.86594e+007 2.86594e+007 2.86595e+007 2.86595e+007 2.86595e+007 2.86595e+007 2.86595e+007 2.86595e+007 2.86595e+007 2.86595e+007 2.86595e+007 2.86595e+007 2.86595e+007 2.86595e+007 2.86595e+007 2.86595e+007 2.86595e+007 2.86595e+007 2.86595e+007 2.86595e+007 2.86595e+007 2.86595e+007 2.86595e+007 2.86595e+007 2.86595e+007 2.86595e+007 2.86595e+007 2.86595e+007 2.86595e+007 2.86595e+007 2.86595e+007 2.86595e+007 2.86595e+007 2.86595e+007 2.86595e+007 2.86595e+007 2.86595e+007 2.86595e+007 2.86595e+007 2.86595e+007 2.86595e+007 2.86595e+007 2.86595e+007 0 0 0 0 0 0 0 0 0 0 0 0 0 0 0 0 0 0 0 0 0 0 0 0 0
#obs survey bio
 2.60395e+006 3.85732e+006 3.18284e+006 3.08712e+006 3.42911e+006 1.88297e+006 2.43824e+006 2.00652e+006 1.56725e+006 1.83096e+006 991915 958261 1.23294e+006 803867 843716 692664 488562 791782 879001 672703 594696 540214 736190 587284 313060 611041 560563 496048 455995 531405 312357 613335 456194 497568 511308 501221 466614 698512 586595 839420 733927 361203 486095 595460 889515 833244 660519 472999 542114 645574 591441 717584 960924 977894 820461 923986 1.09851e+006 1.25069e+006 907339 893770 984564 881824 720020 715262 793842 716553 1.26574e+006 880474 841217
#pred catch bio
 93140.5 96543.7 156471 182106 249356 286464 271263 329507 294730 299177 273787 279104 277993 232108 233125 193689 171677 161022 151381 143281 131806 134173 115151 112689 105679 122232 111481 95562.1 92804.5 97620 99410.3 87083.5 91085.7 98296 96558.3 101563 100345 92504.6 99521.5 101443 100843 114587 107440 106598 109861 109559 108559 114652 113761 99326.9 53247.5 62673.5 91370.2 98158.2 110638 123983 120681 138506 142061 126866 150358 132342 149253 120753 118263 116807 100002 119038 119306 125914 127017 128819 133240 139704 146761 153466 159333 164187 168042 171013 173250 174904 176111 176981 177603 178044 178356 178575 178729 178836 178910 178962 178998 179023 179040 179052 179060 179066 179070 179072 179074 179075 179076 179077 179077 179078 179078 179078 179078 179078 179078 179078 179078 179078 179078 179078 179078 179078 179078 179078 179078 179078 179078 179078 179078 179078 179078 179078 179078 179078 179078 179078 179078 179078 179078 179078 179078 179078 179078 179078 179078 179078 179078 179078 179078 179078 179078 179078 179078 179078 179078 179078 179078 179078 179078 179078 179078 179078 179078 179078 179078 179078 179078 179078 179078 179078 179078 179078 179078 0 0 0 0 0 0 0 0 0 0 0 0 0 0 0 0 0 0 0 0 0 0 0 0 0
#obs catch bio
 0 96216.9 156856 181711 249476 287290 271506 330112 295446 300062 274975 281830 280130 235521 236408 195339 173725 163451 152474 143587 132245 134712 114545 112438 106463 122947 111593 95651.4 93142.2 97764.6 99846.2 86989.4 91315.4 98519.1 96898.3 102082 101119 92723.5 99883 101316 100686 115533 108018 106923 109639 109090 108087 114951 114670 100052 53107.1 62754.9 91718.6 98356.1 110882 124434 120391 138258 141766 125858 149371 131229 149150 120293 118015 117306 99823.8 119243 119289
#pred cpue bio
 3.43995e+006 3.33196e+006 3.22686e+006 3.06782e+006 2.89474e+006 2.6647e+006 2.41233e+006 2.19444e+006 1.9295e+006 1.71728e+006 1.51265e+006 1.34595e+006 1.18025e+006 1.01829e+006 908348 795628 724404 676445 637977 605774 577501 557977 531054 522231 514812 515338 494567 482269 487019 495616 498881 499777 516014 529892 537046 547542 553299 561118 579307 590800 600972 613231 610492 615833 621862 623152 623720 625386 620807 618037 633774 709029 780738 821692 855202 875427 880801 889698 877120 858137 855170 824393 813601 783868 787358 795914 808201 842372 856757 2.00451e+007 1.85083e+007 1.8841e+007 1.95763e+007 2.063e+007 2.17822e+007 2.2889e+007 2.38746e+007 2.47094e+007 2.53923e+007 2.59375e+007 2.63657e+007 2.6698e+007 2.69543e+007 2.71512e+007 2.73022e+007 2.74181e+007 2.75073e+007 2.75761e+007 2.76294e+007 2.76708e+007 2.77032e+007 2.77286e+007 2.77487e+007 2.77645e+007 2.77771e+007 2.77871e+007 2.77951e+007 2.78015e+007 2.78066e+007 2.78108e+007 2.78141e+007 2.78169e+007 2.78191e+007 2.78208e+007 2.78223e+007 2.78235e+007 2.78244e+007 2.78252e+007 2.78259e+007 2.78264e+007 2.78268e+007 2.78272e+007 2.78275e+007 2.78277e+007 2.78279e+007 2.7828e+007 2.78282e+007 2.78283e+007 2.78284e+007 2.78284e+007 2.78285e+007 2.78285e+007 2.78286e+007 2.78286e+007 2.78286e+007 2.78286e+007 2.78287e+007 2.78287e+007 2.78287e+007 2.78287e+007 2.78287e+007 2.78287e+007 2.78287e+007 2.78287e+007 2.78287e+007 2.78287e+007 2.78287e+007 2.78287e+007 2.78287e+007 2.78287e+007 2.78287e+007 2.78287e+007 2.78287e+007 2.78287e+007 2.78287e+007 2.78287e+007 2.78287e+007 2.78287e+007 2.78287e+007 2.78287e+007 2.78287e+007 2.78287e+007 2.78287e+007 2.78287e+007 2.78287e+007 2.78287e+007 2.78287e+007 2.78287e+007 2.78287e+007 2.78287e+007 2.78287e+007 2.78287e+007 2.78287e+007 2.78287e+007 2.78287e+007 2.78287e+007 2.78287e+007 2.78287e+007 2.78287e+007 0 0 0 0 0 0 0 0 0 0 0 0 0 0 0 0 0 0 0 0 0 0 0 0 0
#obs cpue bio
 4.44106e+006 3.95687e+006 3.32522e+006 3.84048e+006 2.29507e+006 2.76372e+006 2.01546e+006 3.50736e+006 1.67384e+006 1.79183e+006 1.78906e+006 1.37442e+006 1.32496e+006 628520 1.08776e+006 930032 768127 425360 633417 711324 488766 624705 611324 450071 395708 603584 531230 431908 434026 576948 693973 505877 485255 627485 463519 563333 510936 556788 585701 618610 479561 599899 765311 749511 696525 591758 620256 540612 479724 691596 541075 741588 849904 627436 938840 818814 1.05157e+006 756363 944045 1.20855e+006 976187 790084 735876 911365 806573 554018 655638 847010 938789
#pred surv len freq
 0.00427333 0.00700045 0.0106548 0.0152628 0.0207463 0.0268387 0.0330607 0.0388405 0.0437268 0.0475305 0.0503047 0.0522278 0.0534982 0.0542847 0.0547149 0.0548825 0.0548627 0.0547114 0.0544157 0.0537906 0.0523934 0.0495821 0.0447951 0.0379455 0.0296559
 0.00456369 0.00739256 0.0111003 0.0156755 0.0210361 0.0269602 0.0330423 0.0387706 0.0436993 0.0475862 0.0504098 0.052302 0.0534722 0.0541486 0.0545294 0.0547487 0.0548682 0.054878 0.0546744 0.0540013 0.0524048 0.0493046 0.0442461 0.0372394 0.0289456
 0.00463169 0.00755718 0.0114416 0.0162841 0.021971 0.0281936 0.0344303 0.0400846 0.0447154 0.0481798 0.0505906 0.0521707 0.0531419 0.0536928 0.0539854 0.0541515 0.0542698 0.0543312 0.0541946 0.0535437 0.0518827 0.048644 0.0434397 0.0363603 0.0281119
 0.00478479 0.00778791 0.0117602 0.0167019 0.0225139 0.0289123 0.0353895 0.0413225 0.046189 0.049736 0.0519965 0.0531982 0.0536553 0.0536842 0.0535441 0.0534054 0.0533403 0.053314 0.0531517 0.0524975 0.0508214 0.0475486 0.0423204 0.0352752 0.0271491
 0.0049609 0.00807525 0.0121932 0.0173097 0.0233119 0.029893 0.0365193 0.0425519 0.0474726 0.05104 0.0532812 0.0543854 0.0546153 0.0542667 0.0536387 0.0529879 0.0524758 0.0521205 0.0517541 0.0509955 0.0492825 0.0460221 0.04086 0.0339511 0.0260356
 0.00516981 0.00842037 0.012723 0.018073 0.0243483 0.0312166 0.0381014 0.0443137 0.0492958 0.0527943 0.054853 0.0556932 0.0556023 0.05488 0.0538151 0.0526656 0.0516255 0.0507732 0.0500023 0.0489708 0.0471277 0.0438753 0.0388507 0.0321938 0.0246154
 0.00539839 0.00879481 0.0132925 0.018887 0.0254491 0.0326264 0.0398064 0.046254 0.0513677 0.0548633 0.0567734 0.0573286 0.0568434 0.0556523 0.0540738 0.0523827 0.0507841 0.0493778 0.0481005 0.0466675 0.0445824 0.0412823 0.0364089 0.030074 0.0229289
 0.005618 0.0091475 0.0138161 0.0196162 0.0264125 0.0338401 0.0412652 0.0479245 0.0531879 0.0567475 0.0586182 0.0590192 0.0582612 0.0566865 0.0546324 0.0523989 0.0502182 0.0482192 0.0463776 0.044464 0.042048 0.0386243 0.03386 0.027843 0.0211539
 0.00593542 0.00966498 0.0145969 0.0207182 0.0278749 0.0356638 0.0433944 0.0502441 0.0555445 0.0589841 0.0606028 0.0606552 0.059482 0.0574424 0.0548808 0.0521 0.0493383 0.0467411 0.0443177 0.0418948 0.0391163 0.0355504 0.030906 0.0252543 0.0190967
 0.00620466 0.0100996 0.0152462 0.0216287 0.0290843 0.0371905 0.0452227 0.0523132 0.0577484 0.0611848 0.0626511 0.0624129 0.0608395 0.0583259 0.0552469 0.0519226 0.0485971 0.0454225 0.0424301 0.0394944 0.0363324 0.0325912 0.0280305 0.0227134 0.0170665
 0.00652229 0.0106113 0.0160075 0.0226877 0.0304727 0.0389096 0.0472291 0.0545144 0.0600163 0.0633783 0.0646373 0.0640772 0.0620888 0.0590907 0.055482 0.0516047 0.0477185 0.0439863 0.0404566 0.0370416 0.0335214 0.0296178 0.0251439 0.0201603 0.0150238
 0.00671725 0.0109441 0.0165377 0.023481 0.0315871 0.0403732 0.0490187 0.0565475 0.0621638 0.0654915 0.0665736 0.0657169 0.0633405 0.0598902 0.0557875 0.0513913 0.0469743 0.0427126 0.0386746 0.0348088 0.0309515 0.0268908 0.0224883 0.0178042 0.0131331
 0.00698796 0.0113778 0.0171796 0.0243717 0.0327584 0.0418401 0.0507657 0.0585173 0.064255 0.0675682 0.0684844 0.0673182 0.0645185 0.0605731 0.0559449 0.0510227 0.0460948 0.0413451 0.0368537 0.0325961 0.0284557 0.0242775 0.0199651 0.0155773 0.0113514
 0.00727678 0.011856 0.0179144 0.0254279 0.0341825 0.0436353 0.0528706 0.0608036 0.066552 0.0697012 0.0703059 0.0687203 0.065431 0.0609583 0.055794 0.0503519 0.044938 0.0397473 0.0348696 0.0302994 0.0259546 0.021724 0.0175433 0.0134659 0.0096762
 0.00739659 0.0120583 0.0182342 0.0259071 0.0348655 0.0445608 0.0540572 0.0622365 0.0681731 0.07141 0.0719713 0.0702021 0.0666041 0.0617303 0.056111 0.0501945 0.0443143 0.0386866 0.0334214 0.028537 0.0239827 0.0196814 0.0155909 0.0117565 0.00831647
 0.00772015 0.0125593 0.0189418 0.026832 0.0359999 0.0458787 0.0555128 0.0637635 0.0696904 0.0728321 0.0732175 0.0712007 0.0672936 0.0620627 0.0560562 0.0497432 0.0434779 0.0374948 0.0319216 0.0267981 0.0221003 0.0177784 0.0138053 0.0102153 0.00710375
 0.00784877 0.0127788 0.0192903 0.0273487 0.0367137 0.0467915 0.0565872 0.0649245 0.070846 0.0738996 0.074141 0.0719499 0.0678508 0.0624084 0.0561638 0.0495835 0.0430288 0.0367508 0.0309014 0.0255489 0.0207001 0.0163321 0.012431 0.0090205 0.00615998
 0.0077168 0.0126026 0.0190974 0.0271923 0.0366626 0.0469118 0.0569231 0.065486 0.0716047 0.0747934 0.0750861 0.0728588 0.0686496 0.0630458 0.0566074 0.0498108 0.0430208 0.0364935 0.0303949 0.0248177 0.0197994 0.0153457 0.0114583 0.0081547 0.00546577
 0.00768334 0.0125291 0.0189543 0.0269481 0.0363021 0.0464588 0.0564545 0.0651214 0.0714682 0.0749667 0.0755773 0.0736026 0.0695342 0.0639483 0.0574225 0.0504626 0.0434616 0.0366981 0.0303566 0.0245506 0.019343 0.0147653 0.010836 0.00757182 0.00498291
 0.0077797 0.0126631 0.0191124 0.0270993 0.0364017 0.0464583 0.0563169 0.064838 0.0710744 0.0745458 0.0752432 0.0734623 0.0696464 0.0643007 0.0579394 0.0510351 0.0439822 0.0370837 0.030558 0.0245532 0.0191649 0.0144524 0.0104529 0.00718644 0.00464957
 0.00781083 0.0127249 0.0192247 0.0272828 0.0366669 0.0467916 0.0566699 0.0651339 0.0712315 0.0745112 0.0750193 0.0731123 0.0692743 0.0640134 0.057807 0.0510685 0.0441352 0.0372771 0.0307106 0.0246071 0.0190978 0.0142777 0.0102103 0.00692593 0.00441516
 0.00775737 0.0126432 0.0191125 0.0271451 0.0365181 0.0466565 0.0565808 0.0651199 0.0713031 0.074648 0.0751735 0.0732296 0.0693229 0.0640021 0.0577803 0.0510804 0.0442185 0.037426 0.0308847 0.0247526 0.0191719 0.0142652 0.0101247 0.00679953 0.00428339
 0.00796121 0.0129334 0.0194731 0.0275352 0.0368837 0.0469499 0.0567762 0.065218 0.0713239 0.0746177 0.0751107 0.073138 0.0691921 0.0638196 0.0575466 0.0508177 0.0439645 0.0372155 0.0307321 0.0246466 0.0190861 0.014175 0.01002 0.00668649 0.00417668
 0.00813808 0.0131954 0.0198181 0.0279398 0.0373042 0.0473276 0.0570472 0.0653274 0.0712453 0.0743683 0.0747514 0.0727515 0.0688509 0.0635612 0.0573705 0.0507005 0.0438816 0.0371534 0.0306876 0.0246174 0.0190646 0.0141501 0.00998378 0.00663902 0.00412519
 0.00805467 0.0131074 0.0197719 0.0280034 0.0375432 0.0477697 0.0576547 0.0659978 0.0718429 0.0747721 0.0748944 0.0726363 0.0685388 0.0631435 0.0569352 0.0503085 0.0435595 0.0369022 0.0304962 0.024473 0.0189554 0.0140656 0.00991526 0.00658129 0.00407693
 0.00779106 0.0127047 0.0192178 0.0273136 0.0367693 0.047002 0.057016 0.0656173 0.0718115 0.0750989 0.0754943 0.073362 0.0692403 0.0637207 0.0573568 0.0505975 0.0437616 0.037058 0.0306286 0.0245886 0.019052 0.0141391 0.00996408 0.00660774 0.00408653
 0.00792286 0.0128794 0.0194081 0.0274705 0.0368374 0.0469438 0.0568334 0.0653574 0.0715535 0.0749273 0.0754675 0.0734889 0.0694753 0.0639821 0.0575621 0.0506962 0.0437488 0.0369646 0.0304986 0.0244586 0.0189424 0.0140555 0.00990379 0.0065652 0.00405687
 0.00809929 0.0131425 0.0197574 0.0278844 0.037271 0.0473327 0.0571023 0.0654378 0.0714103 0.0745817 0.0750004 0.0730154 0.0691002 0.0637605 0.0574858 0.0507103 0.0437865 0.0369779 0.0304713 0.0244 0.018872 0.01399 0.00985148 0.00652746 0.00403143
 0.0080335 0.0130522 0.0196518 0.0277811 0.0371889 0.0472819 0.0570752 0.0654095 0.0713473 0.0744574 0.0748111 0.0727885 0.0688904 0.0636311 0.0574827 0.0508414 0.0440188 0.0372544 0.0307357 0.0246161 0.0190284 0.014093 0.00991461 0.00656392 0.00405114
 0.00796544 0.0129364 0.0194697 0.0275161 0.0368355 0.0468559 0.0566198 0.0649876 0.071021 0.0742638 0.0747498 0.07283 0.0689983 0.0637828 0.0576769 0.0510887 0.0443239 0.0376033 0.0310963 0.0249502 0.0193067 0.0143028 0.010059 0.00665538 0.0041046
 0.007998 0.01298 0.0195174 0.0275533 0.0368418 0.0468087 0.0565012 0.064792 0.0707614 0.0739734 0.0744743 0.0726119 0.068862 0.0637305 0.0576961 0.0511654 0.0444494 0.0377714 0.0312957 0.0251615 0.0195058 0.0144698 0.0101841 0.00673945 0.00415556
 0.00808573 0.0131121 0.0196958 0.0277713 0.0370834 0.0470495 0.0567094 0.0649318 0.0708004 0.0738924 0.0742768 0.0723264 0.0685347 0.0634113 0.057425 0.0509647 0.0443249 0.0377179 0.031302 0.0252118 0.0195812 0.0145509 0.0102558 0.00679355 0.00419114
 0.00804066 0.0130386 0.0195851 0.027616 0.0368797 0.0468013 0.0564307 0.0646466 0.0705376 0.0736785 0.0741289 0.0722507 0.0685289 0.0634695 0.0575408 0.0511319 0.0445353 0.0379597 0.0315598 0.0254682 0.0198189 0.0147555 0.010418 0.00691105 0.00426837
 0.00799141 0.0129654 0.0194874 0.027497 0.0367446 0.0466539 0.0562731 0.0644803 0.0703667 0.0735124 0.0739821 0.0721395 0.0684667 0.0634634 0.0575912 0.051234 0.0446816 0.0381405 0.031763 0.0256793 0.020022 0.014936 0.0105653 0.00702076 0.00434249
 0.0079551 0.0129149 0.0194272 0.0274368 0.0366968 0.0466291 0.0562755 0.0645056 0.0704022 0.0735404 0.0739854 0.0721077 0.0684011 0.0633772 0.0575045 0.0511672 0.0446494 0.0381495 0.0318115 0.0257588 0.0201196 0.0150371 0.0106571 0.0070947 0.00439555
 0.00789497 0.012818 0.0192838 0.0272407 0.0364491 0.046343 0.0559789 0.0642379 0.0702038 0.0734386 0.0739856 0.0721932 0.0685421 0.0635426 0.0576719 0.0513268 0.044802 0.0383003 0.0319647 0.0259139 0.020271 0.015176 0.010775 0.00718622 0.00446001
 0.00785736 0.0127621 0.019209 0.027149 0.0363432 0.0462247 0.0558486 0.0640972 0.0700598 0.0733062 0.0738849 0.0721425 0.0685499 0.0636038 0.0577709 0.0514447 0.044924 0.0384196 0.0320805 0.0260273 0.0203811 0.0152788 0.0108647 0.00725808 0.00451217
 0.00784657 0.0127365 0.0191561 0.0270536 0.0361927 0.0460167 0.0555962 0.0638279 0.0698071 0.0730993 0.0737424 0.0720728 0.0685541 0.063678 0.0579054 0.0516237 0.0451277 0.0386287 0.0322806 0.0262096 0.0205415 0.0154149 0.0109749 0.00734189 0.00457105
 0.00776858 0.0126112 0.0189702 0.0267955 0.0358547 0.0455986 0.055111 0.0633056 0.0692945 0.0726535 0.073419 0.071913 0.0685747 0.063869 0.0582352 0.0520488 0.045602 0.0391105 0.032736 0.0266152 0.0208836 0.0156888 0.0111823 0.00748953 0.00466888
 0.00778068 0.0126234 0.0189747 0.0267793 0.0358022 0.0454954 0.0549476 0.0630802 0.069014 0.0723344 0.0730887 0.0716082 0.0683366 0.0637336 0.0582235 0.0521606 0.045817 0.0393947 0.0330511 0.0269262 0.0211643 0.0159231 0.0113641 0.00762049 0.00475612
 0.00782502 0.0126889 0.0190604 0.0268789 0.0359035 0.0455815 0.0549987 0.0630761 0.0689386 0.0721812 0.0728644 0.0713334 0.0680435 0.063461 0.0580096 0.0520349 0.0457932 0.039467 0.0331973 0.0271147 0.0213626 0.0161054 0.0115144 0.00773288 0.00483264
 0.007697 0.0125129 0.0188546 0.0266791 0.0357522 0.0455099 0.055013 0.0631555 0.0690456 0.072276 0.0729176 0.0713316 0.0679894 0.0633713 0.0579104 0.0519563 0.0457616 0.0394983 0.0332918 0.0272579 0.0215304 0.0162719 0.0116593 0.00784535 0.00491103
 0.00762862 0.0124103 0.0187177 0.0265177 0.035588 0.0453771 0.0549532 0.0632062 0.0692217 0.0725561 0.0732432 0.0716265 0.0681878 0.0634401 0.0578556 0.0518143 0.0455826 0.0393302 0.0331686 0.027194 0.0215218 0.0163023 0.0117083 0.00789567 0.00495228
 0.00754033 0.0122641 0.0184936 0.0261982 0.0351653 0.0448634 0.0543898 0.0626636 0.068787 0.0723082 0.0732282 0.0718407 0.0685783 0.0639219 0.0583408 0.0522382 0.0459179 0.039583 0.0333636 0.0273574 0.0216702 0.0164394 0.0118293 0.00799374 0.00502406
 0.00749368 0.0121835 0.0183633 0.0259997 0.0348808 0.0444819 0.0539151 0.0621207 0.0682243 0.0717936 0.072838 0.0716419 0.0686082 0.0641739 0.0587641 0.0527543 0.0464461 0.040064 0.0337691 0.0276854 0.0219321 0.0166478 0.0119925 0.00811626 0.00510989
 0.00756132 0.0122762 0.0184703 0.0260986 0.0349414 0.0444738 0.0538147 0.0619159 0.0679175 0.0714041 0.0724042 0.0712194 0.0682616 0.0639611 0.0587182 0.052872 0.0466894 0.040375 0.0340907 0.0279774 0.0221754 0.0168397 0.0121379 0.00822192 0.00518254
 0.00770547 0.0124915 0.0187577 0.0264439 0.0353156 0.044836 0.0541162 0.0621066 0.0679553 0.0712674 0.0720999 0.0707842 0.0677546 0.0634531 0.0582777 0.0525507 0.0465106 0.0403296 0.0341447 0.0280867 0.0223008 0.0169555 0.0122323 0.00829246 0.00523148
 0.00774451 0.0125693 0.0189003 0.0266809 0.0356692 0.0453048 0.0546627 0.0626581 0.0684218 0.0715674 0.0721824 0.0706386 0.067409 0.0629647 0.0577209 0.0520026 0.046036 0.0399691 0.0339092 0.0279606 0.0222536 0.0169546 0.0122516 0.00831612 0.00525184
 0.00772908 0.0125592 0.0189138 0.0267466 0.0358221 0.0455762 0.0550688 0.0631886 0.0690333 0.0721844 0.07271 0.0709852 0.0675124 0.0628104 0.0573444 0.0514768 0.0454502 0.0394064 0.0334299 0.0275941 0.0220007 0.0167963 0.0121616 0.00826958 0.00523011
 0.00785564 0.0127317 0.019113 0.0269375 0.0359679 0.0456595 0.0551059 0.0632267 0.0691294 0.0723768 0.0729966 0.0713197 0.0678182 0.0630063 0.0573727 0.051322 0.0451417 0.0390063 0.0330101 0.0272157 0.0216997 0.0165825 0.012025 0.00819065 0.00518878
 0.00778808 0.0126399 0.0190066 0.0268323 0.0358761 0.0455787 0.0550153 0.0631 0.0689579 0.0721895 0.0728574 0.0712991 0.0679552 0.0632848 0.0577258 0.051662 0.0453963 0.0391426 0.0330383 0.0271732 0.0216303 0.0165187 0.0119817 0.00816858 0.00518136
 0.00729274 0.0118617 0.0178892 0.0253507 0.0340516 0.0434952 0.0528304 0.0610323 0.0672439 0.0710251 0.0723567 0.0714859 0.0687782 0.0646364 0.0594557 0.0535914 0.0473423 0.0409486 0.034599 0.0284432 0.0226133 0.0172477 0.0125006 0.00852093 0.00540706
 0.00711666 0.0115416 0.0173456 0.0244911 0.032795 0.0418109 0.0507755 0.0587633 0.064994 0.069055 0.0709 0.0707071 0.0687496 0.0653347 0.0607752 0.0553664 0.0493739 0.0430341 0.0365613 0.0301545 0.0240067 0.0183122 0.0132654 0.00903725 0.00573307
 0.00718085 0.0116369 0.0174682 0.0246207 0.032886 0.0417865 0.0505325 0.0581968 0.0640407 0.0677378 0.0693484 0.0691364 0.0674062 0.0644309 0.0604388 0.0556187 0.0501361 0.0441551 0.0378568 0.0314482 0.0251625 0.0192516 0.0139661 0.00951888 0.0060385
 0.00715173 0.0116092 0.0174622 0.0246655 0.0330085 0.0419941 0.0507952 0.0584409 0.0641569 0.0676088 0.0688883 0.0683325 0.0663434 0.0632831 0.0594236 0.0549323 0.0498954 0.0443692 0.0384369 0.0322453 0.0260164 0.0200322 0.0145962 0.00997508 0.00633705
 0.00704774 0.0114635 0.0172874 0.0244911 0.0328768 0.0419499 0.0508741 0.0586553 0.0644839 0.067981 0.0691994 0.0684616 0.0661973 0.0628399 0.0587557 0.0541923 0.0492664 0.0440008 0.0383956 0.0325016 0.0264693 0.0205558 0.0150834 0.0103627 0.00660741
 0.00701126 0.011403 0.0171954 0.0243635 0.0327182 0.0417803 0.0507314 0.0585894 0.0645401 0.0681784 0.0695135 0.0688211 0.0664991 0.0629809 0.0586717 0.0538902 0.04883 0.0435632 0.038087 0.0323988 0.0265729 0.0208033 0.0153865 0.010645 0.0068259
 0.00693579 0.0112874 0.0170345 0.0241569 0.0324696 0.0414978 0.0504293 0.0582923 0.0642855 0.0680126 0.0694798 0.0689412 0.0667563 0.0633149 0.0589949 0.0541202 0.048926 0.0435452 0.0380249 0.0323754 0.0266426 0.0209703 0.0156123 0.0108756 0.00701872
 0.00696827 0.0113371 0.0171034 0.0242445 0.0325727 0.0416097 0.0505397 0.0583871 0.0643485 0.0680317 0.0694534 0.0688822 0.0666885 0.0632604 0.0589586 0.0540838 0.0488589 0.0434271 0.0378651 0.032213 0.0265257 0.0209292 0.0156453 0.0109555 0.00711064
 0.00706778 0.0114885 0.0173118 0.024507 0.0328788 0.0419426 0.0508764 0.0586995 0.0646062 0.0682067 0.0695261 0.0688464 0.0665532 0.0630488 0.0587009 0.0538069 0.0485778 0.0431459 0.0375867 0.03195 0.0263015 0.0207671 0.015555 0.0109271 0.00712139
 0.00710753 0.0115486 0.0173937 0.0246088 0.0329955 0.0420669 0.0509998 0.0588133 0.0647032 0.0682824 0.0695783 0.0688731 0.0665515 0.0630154 0.0586351 0.0537122 0.0484612 0.0430149 0.0374485 0.0318134 0.0261787 0.0206719 0.0154964 0.0109045 0.00712492
 0.00730897 0.011865 0.0178482 0.0252126 0.0337429 0.0429287 0.051918 0.0597032 0.0654678 0.0688348 0.069862 0.068872 0.0662871 0.0625359 0.0580018 0.0529876 0.047701 0.0422648 0.0367441 0.0311815 0.0256397 0.0202392 0.0151745 0.0106863 0.00699233
 0.0072965 0.0118653 0.0178867 0.0253258 0.0339694 0.0432943 0.0524221 0.0603137 0.0661267 0.0694705 0.0704027 0.0692572 0.0664764 0.0625152 0.0577841 0.0526084 0.0472091 0.041713 0.0361812 0.0306485 0.0251681 0.0198498 0.0148769 0.010478 0.00686037
 0.00738962 0.0120119 0.0180995 0.0256161 0.0343481 0.0437718 0.053004 0.0609924 0.0668723 0.0702262 0.0710902 0.0697916 0.0667864 0.0625595 0.057559 0.0521447 0.0465632 0.0409548 0.0353827 0.029875 0.0244718 0.0192663 0.0144231 0.0101526 0.00664705
 0.00739376 0.0120047 0.0180636 0.0255291 0.0341915 0.0435442 0.0527328 0.060735 0.0667037 0.0702173 0.0712827 0.0701803 0.0673157 0.0631366 0.0580801 0.0525246 0.0467554 0.0409568 0.0352284 0.029619 0.0241729 0.0189754 0.0141748 0.00996359 0.00651802
 0.00734968 0.0119426 0.0179867 0.0254436 0.0341013 0.0434449 0.0526105 0.0605745 0.0665041 0.0700049 0.0711123 0.0701184 0.0674125 0.0634009 0.0584708 0.0529627 0.0471517 0.0412411 0.0353683 0.0296225 0.0240769 0.0188281 0.01402 0.00983075 0.00642009
 0.00730306 0.0118654 0.0178688 0.025277 0.0338839 0.0431855 0.0523304 0.0603031 0.0662686 0.069822 0.0709882 0.0700588 0.0674319 0.0635213 0.0587062 0.0533018 0.047551 0.0416359 0.0356957 0.0298433 0.0241854 0.0188465 0.0139842 0.00977473 0.00636717
 0.00721883 0.0117197 0.0176337 0.0249225 0.0333867 0.0425423 0.0515707 0.0594921 0.0654969 0.0691841 0.0705598 0.0698816 0.0675104 0.063831 0.0592064 0.0539444 0.0482814 0.0423918 0.0364106 0.0304585 0.0246642 0.0191817 0.014194 0.00989171 0.00642494
 0.00716623 0.0116507 0.0175591 0.0248583 0.0333447 0.0425173 0.0515335 0.0593971 0.0653027 0.0688772 0.0701678 0.0694669 0.0671499 0.0635916 0.0591284 0.0540361 0.0485229 0.042742 0.0368153 0.03086 0.0250136 0.0194494 0.0143741 0.00999711 0.00647789
#obs surv len freq
 nan nan nan nan nan nan nan nan nan nan nan nan nan nan nan nan nan nan nan nan nan nan nan nan nan
 0.00448842 0.00735152 0.0111832 0.0160007 0.0217018 0.027977 0.0342901 0.04002 0.0446979 0.0481599 0.050516 0.05201 0.0529006 0.0534116 0.0537247 0.0539787 0.0542567 0.054549 0.0546875 0.0542793 0.0527174 0.04935 0.0438004 0.0362815 0.0276662
 0.00461878 0.00756653 0.0115121 0.0164714 0.0223339 0.0287708 0.0352163 0.0410172 0.0456818 0.0490405 0.0512148 0.052472 0.0530986 0.0533459 0.0534185 0.0534699 0.0535893 0.0537662 0.0538287 0.0533819 0.0518208 0.0484977 0.0430379 0.0356471 0.0271814
 0.00477008 0.00781508 0.0118911 0.017014 0.023067 0.0297051 0.0363351 0.0422702 0.0469886 0.0503023 0.0523291 0.0533454 0.0536584 0.0535489 0.0532546 0.0529603 0.0527791 0.0527149 0.0526028 0.0520516 0.0504609 0.0471883 0.041858 0.034662 0.026427
 0.00496288 0.00812909 0.0123648 0.0176839 0.0239607 0.0308312 0.0376718 0.0437605 0.0485475 0.05183 0.0537238 0.0545111 0.0545094 0.0540152 0.0532894 0.052547 0.0519343 0.0514872 0.0510679 0.0503073 0.048623 0.0453842 0.0402135 0.0332797 0.0253646
 0.00517763 0.00848031 0.0128973 0.0184405 0.0249745 0.0321118 0.0391926 0.0454542 0.0503154 0.0535611 0.0553116 0.0558615 0.0555416 0.0546595 0.0534884 0.0522596 0.0511442 0.0502116 0.0493647 0.0482786 0.0464116 0.0431614 0.0381551 0.0315321 0.0240131
 0.00540662 0.00885559 0.0134678 0.0192538 0.0260681 0.0334988 0.0408466 0.0473038 0.0522539 0.0554665 0.0570656 0.0573616 0.0567036 0.0554161 0.0537852 0.0520531 0.0504044 0.0489326 0.0475798 0.0460754 0.0439391 0.0406189 0.0357603 0.0294742 0.0224086
 0.00565236 0.00925771 0.0140779 0.020122 0.0272334 0.0349744 0.0426046 0.049269 0.0543141 0.0574931 0.058934 0.058963 0.0579496 0.0562376 0.0541293 0.0518785 0.0496805 0.0476451 0.0457466 0.0437685 0.0413009 0.0378589 0.0331225 0.0271812 0.0206051
 0.00590055 0.0096642 0.0146954 0.0210016 0.0284151 0.0364722 0.0443899 0.0512656 0.0564081 0.0595546 0.0608374 0.0605993 0.0592298 0.0570923 0.0545054 0.0517353 0.0489871 0.0463841 0.0439281 0.0414527 0.0386197 0.0350193 0.0303774 0.024771 0.0186936
 0.00613864 0.0100566 0.015296 0.0218639 0.0295821 0.0379595 0.0461693 0.0532588 0.0584983 0.061609 0.0627292 0.0622199 0.060493 0.0579327 0.0548744 0.0515965 0.0483125 0.0451568 0.0421545 0.0391847 0.0359784 0.0322021 0.0276334 0.0223439 0.016756
 0.00638271 0.010455 0.0158986 0.0227188 0.0307267 0.0394066 0.0478923 0.0551851 0.0605181 0.0635953 0.0645574 0.0637815 0.0617015 0.0587245 0.0552056 0.0514371 0.0476415 0.0439624 0.0404439 0.0370051 0.0334399 0.0294883 0.0249801 0.0199867 0.0148653
 0.0066165 0.0108385 0.0164819 0.0235503 0.0318431 0.040818 0.0495664 0.0570432 0.0624472 0.0654704 0.0662623 0.0652197 0.0627981 0.0594246 0.0554711 0.0512428 0.0469714 0.0428094 0.0388182 0.0349512 0.0310585 0.026946 0.0224931 0.017773 0.0130852
 0.00684686 0.011217 0.0170591 0.024375 0.0329527 0.0422222 0.0512311 0.0588854 0.0643468 0.0672946 0.0678886 0.0665503 0.0637644 0.0599849 0.0556042 0.0509406 0.0462324 0.0416375 0.0372297 0.0329908 0.0288185 0.0245761 0.0201867 0.0157251 0.0114396
 0.0070806 0.011599 0.0176375 0.0251954 0.0340489 0.043601 0.0528578 0.060678 0.0661872 0.0690506 0.0694369 0.0677908 0.0646272 0.0604306 0.0556199 0.0505317 0.0454146 0.0404314 0.0356643 0.0311156 0.0267203 0.0223883 0.018078 0.0138644 0.00994995
 0.00729674 0.0119552 0.0181822 0.0259759 0.0351004 0.0449309 0.0544294 0.0624063 0.0679516 0.0707195 0.0708901 0.0689334 0.0653941 0.0607863 0.0555548 0.0500568 0.0445544 0.039219 0.034141 0.0293387 0.0247747 0.0203939 0.01618 0.0122049 0.00862977
 0.0074503 0.0122113 0.0185796 0.0265553 0.0358967 0.0459604 0.055676 0.0638155 0.0694362 0.0721738 0.0722073 0.0700182 0.0661718 0.0612076 0.0555965 0.0497191 0.0438555 0.0381909 0.0328279 0.027801 0.0230954 0.0186818 0.0145606 0.0107967 0.00751451
 0.00751773 0.0123216 0.0187478 0.0267983 0.0362333 0.0464097 0.0562534 0.0645269 0.070272 0.0731045 0.0731813 0.0709654 0.0670119 0.0618613 0.0559972 0.0498208 0.043637 0.0376557 0.0320035 0.0267386 0.0218712 0.0173945 0.0133212 0.009708 0.00664719
 0.00756226 0.0123891 0.0188409 0.0269173 0.0363782 0.0465829 0.0564621 0.0647835 0.0705927 0.0735044 0.073668 0.0715298 0.0676224 0.062463 0.0565192 0.050189 0.0437884 0.0375507 0.031633 0.0261271 0.0210759 0.0164995 0.0124244 0.00890108 0.00599482
 0.00767626 0.0125609 0.0190737 0.0272043 0.0367037 0.046925 0.0567962 0.065086 0.0708469 0.0737074 0.0738323 0.0716799 0.0677825 0.0626444 0.0567104 0.0503541 0.0438752 0.0375052 0.0314161 0.0257288 0.0205215 0.0158467 0.0117504 0.00828292 0.00548905
 0.00773926 0.0126642 0.0192302 0.0274244 0.0369907 0.0472695 0.0571715 0.0654515 0.0711586 0.0739323 0.07396 0.0717232 0.0677714 0.0626131 0.0566847 0.0503409 0.0438583 0.0374495 0.0312812 0.0254853 0.0201659 0.0154065 0.0112772 0.00783557 0.00511513
 0.00779359 0.0127466 0.0193434 0.0275683 0.0371632 0.0474683 0.0573942 0.0656922 0.0714046 0.0741627 0.0741493 0.0718497 0.0678253 0.0626016 0.0566278 0.0502618 0.0437711 0.0373523 0.0311564 0.0253103 0.0199273 0.0151109 0.0109523 0.00752068 0.00484602
 0.00782323 0.012793 0.0194096 0.0276554 0.03727 0.0475905 0.0575249 0.0658235 0.0715301 0.0742794 0.0742563 0.0719446 0.0679021 0.0626512 0.0566437 0.050244 0.0437252 0.0372838 0.0310653 0.0251898 0.0197702 0.0149181 0.0107377 0.00730817 0.00466023
 0.00786633 0.0128546 0.0194869 0.0277406 0.037353 0.0476629 0.0575827 0.0658677 0.0715646 0.0743093 0.0742856 0.0719765 0.0679373 0.0626875 0.0566754 0.0502636 0.0437262 0.0372622 0.031019 0.0251171 0.01967 0.0147931 0.0105969 0.00716658 0.00453429
 0.00788049 0.0128772 0.0195197 0.0277841 0.0374049 0.0477173 0.0576304 0.0658982 0.0715713 0.074293 0.0742558 0.0719474 0.067922 0.0626931 0.0567011 0.050302 0.0437663 0.0372927 0.0310306 0.0251039 0.0196301 0.0147288 0.0105157 0.00707983 0.00445404
 0.00788794 0.0128874 0.0195316 0.0277956 0.0374141 0.0477232 0.0576333 0.0658993 0.0715709 0.0742898 0.0742483 0.0719357 0.06791 0.0626873 0.0567079 0.0503239 0.0438003 0.0373309 0.0310629 0.0251211 0.0196265 0.0147039 0.010474 0.00702968 0.00440465
 0.00788695 0.012881 0.0195134 0.0277571 0.0373475 0.0476254 0.0575095 0.0657634 0.0714422 0.0741876 0.0741862 0.0719193 0.0679368 0.0627498 0.0567967 0.0504301 0.0439156 0.0374466 0.0311697 0.0252098 0.0196902 0.0147399 0.0104849 0.00702236 0.0043878
 0.0078981 0.0128955 0.0195282 0.0277664 0.0373432 0.0475991 0.0574544 0.065677 0.0713285 0.0740585 0.0740599 0.0718159 0.0678728 0.0627334 0.0568267 0.0504981 0.0440092 0.0375529 0.0312763 0.025306 0.0197677 0.0147942 0.0105161 0.00703445 0.00438742
 0.00789489 0.012888 0.0195126 0.0277377 0.0372963 0.0475304 0.0573636 0.0655678 0.0712077 0.0739352 0.0739446 0.0717205 0.0678091 0.0627114 0.0568516 0.0505681 0.0441157 0.0376824 0.0314134 0.0254363 0.0198798 0.0148811 0.0105761 0.00707045 0.00440531
 0.00787825 0.0128619 0.0194751 0.0276875 0.0372325 0.0474529 0.0572733 0.0654672 0.0711016 0.0738302 0.0738489 0.0716424 0.0677566 0.062691 0.0568678 0.0506225 0.0442054 0.0377996 0.031546 0.0255702 0.0200018 0.0149818 0.0106509 0.00712007 0.00443435
 0.00786018 0.0128279 0.0194156 0.0275917 0.037092 0.047267 0.0570529 0.0652345 0.0708844 0.0736533 0.0737285 0.0715845 0.067759 0.0627471 0.0569693 0.0507605 0.0443712 0.0379835 0.0317369 0.0257556 0.0201693 0.0151216 0.0107578 0.00719451 0.00448111
 0.00786607 0.0128334 0.0194162 0.0275796 0.0370574 0.0471998 0.0569461 0.0650873 0.0707045 0.073458 0.0735417 0.0714311 0.0676586 0.0627092 0.056993 0.0508378 0.0444901 0.0381307 0.0318992 0.0259198 0.0203229 0.0152541 0.0108627 0.00727016 0.00453048
 0.00781143 0.0127516 0.019306 0.0274443 0.0369031 0.0470337 0.0567744 0.0649156 0.0705385 0.0733048 0.0734105 0.0713334 0.0676066 0.0627131 0.0570576 0.0509599 0.0446595 0.0383321 0.0321151 0.0261332 0.020519 0.0154216 0.010995 0.00736616 0.00459399
 0.00779571 0.0127196 0.0192464 0.0273439 0.0367519 0.0468312 0.0565348 0.0646657 0.0703096 0.0731216 0.0732851 0.0712659 0.0675913 0.0627446 0.0571331 0.0510782 0.0448172 0.0385213 0.0323232 0.0263445 0.0207175 0.0155941 0.0111334 0.00746795 0.00466231
 0.00776832 0.0126766 0.019184 0.0272587 0.0366402 0.0466888 0.056359 0.0644586 0.0700821 0.0728949 0.0730867 0.0711221 0.0675191 0.0627478 0.0572047 0.0512054 0.0449867 0.0387205 0.0325391 0.0265631 0.0209241 0.0157755 0.0112803 0.00757722 0.00473642
 0.00773396 0.0126195 0.0190962 0.0271327 0.0364715 0.0464792 0.056119 0.0642062 0.0698385 0.0726794 0.0729138 0.0710027 0.0674623 0.0627599 0.0572872 0.0513526 0.0451858 0.0389547 0.0327902 0.0268135 0.0211578 0.015979 0.0114449 0.00769972 0.0048198
 0.00768688 0.012543 0.0189813 0.0269713 0.0362586 0.0462158 0.0558153 0.0638828 0.0695239 0.0724038 0.0727033 0.0708748 0.0674239 0.0628095 0.0574169 0.0515507 0.0454376 0.0392427 0.0330946 0.0271139 0.0214352 0.0162185 0.011637 0.00784209 0.00491649
 0.00769104 0.0125452 0.0189759 0.0269499 0.0362109 0.0461329 0.055692 0.0637198 0.0693283 0.072189 0.0724877 0.0706799 0.0672708 0.0627154 0.0573918 0.0515967 0.045549 0.0394076 0.0332965 0.0273332 0.021652 0.0164149 0.0118004 0.00796643 0.00500272
 0.00765257 0.0124911 0.0189098 0.0268795 0.036145 0.0460759 0.0556412 0.0636657 0.0692595 0.0720976 0.0723743 0.0705534 0.067147 0.0626128 0.057328 0.0515845 0.0455941 0.0395073 0.0334406 0.0275056 0.0218336 0.016587 0.0119482 0.00808169 0.00508414
 0.00764759 0.0124774 0.0188795 0.0268234 0.0360566 0.0459573 0.0555054 0.0635342 0.0691528 0.072026 0.0723338 0.0705304 0.0671277 0.0625912 0.0573086 0.0515789 0.0456155 0.0395648 0.0335356 0.0276309 0.0219755 0.0167291 0.0120754 0.00818409 0.00515825
 0.00762006 0.0124381 0.01883 0.0267675 0.0359979 0.0458959 0.0554375 0.0634547 0.0690611 0.0719295 0.0722466 0.0704668 0.0670947 0.0625865 0.0573241 0.0516081 0.0456572 0.0396226 0.0336138 0.0277298 0.022089 0.0168462 0.0121838 0.00827386 0.00522482
 0.00760641 0.0124155 0.0187954 0.0267187 0.0359348 0.0458223 0.0553608 0.0633841 0.0690034 0.0718863 0.0722144 0.0704413 0.0670748 0.0625749 0.0573248 0.0516231 0.0456865 0.0396657 0.0336707 0.0278004 0.0221708 0.0169331 0.012267 0.00834531 0.00527956
 0.00758772 0.0123874 0.0187575 0.0266718 0.0358805 0.0457622 0.0552969 0.0633191 0.0689415 0.071833 0.0721751 0.0704187 0.0670683 0.0625816 0.0573416 0.0516485 0.0457207 0.0397094 0.0337242 0.027863 0.0222403 0.017005 0.0123356 0.0084046 0.00532562
 0.00757074 0.0123577 0.0187091 0.0265987 0.0357789 0.0456335 0.05515 0.0631695 0.0688075 0.0717303 0.0721125 0.0703984 0.067087 0.0626327 0.0574169 0.0517395 0.0458202 0.0398121 0.033827 0.0279636 0.0223364 0.0170937 0.0124132 0.00846788 0.00537298
 0.00755654 0.012337 0.018682 0.0265661 0.0357412 0.0455895 0.0550965 0.0631031 0.0687276 0.0716417 0.0720258 0.0703265 0.0670409 0.0626183 0.0574343 0.051784 0.0458846 0.0398891 0.03391 0.0280477 0.0224176 0.0171684 0.0124783 0.00852082 0.00541259
 0.00752271 0.0122854 0.018611 0.0264768 0.0356379 0.045479 0.0549873 0.0630044 0.0686466 0.0715817 0.0719864 0.0703057 0.0670382 0.0626355 0.0574737 0.0518465 0.0459677 0.039987 0.0340154 0.0281532 0.0225168 0.0172565 0.0125519 0.00857834 0.00545418
 0.00751828 0.0122714 0.0185777 0.0264118 0.0355303 0.0453257 0.0547978 0.0628004 0.0684562 0.0714302 0.0718894 0.0702671 0.0670522 0.0626915 0.057561 0.0519566 0.046094 0.0401236 0.0341559 0.0282902 0.0226432 0.0173663 0.0126413 0.00864616 0.00550177
 0.0075021 0.0122495 0.0185521 0.0263859 0.0355054 0.0452983 0.0547582 0.0627363 0.0683597 0.0713051 0.0717522 0.0701417 0.0669611 0.0626479 0.0575668 0.052005 0.0461746 0.0402255 0.0342693 0.0284063 0.0227541 0.0174651 0.0127231 0.00870887 0.00554594
 0.00750205 0.0122488 0.0185502 0.0263822 0.0355006 0.045294 0.0547567 0.0627384 0.0683618 0.0712984 0.071726 0.0700897 0.0668866 0.0625644 0.0574928 0.0519561 0.0461587 0.0402423 0.0343123 0.0284664 0.0228216 0.0175316 0.012782 0.00875604 0.00558023
 0.00748696 0.012227 0.0185224 0.0263509 0.0354689 0.0452649 0.0547323 0.0627199 0.0683501 0.0712935 0.0717263 0.0700907 0.0668823 0.0625505 0.05747 0.0519314 0.0461423 0.0402431 0.034334 0.0285067 0.0228738 0.0175873 0.0128338 0.0087988 0.00561187
 0.00750246 0.0122475 0.0185447 0.0263695 0.0354778 0.0452608 0.0547163 0.0626971 0.0683272 0.0712754 0.0717145 0.0700834 0.0668757 0.0625403 0.0574533 0.0519083 0.0461166 0.0402214 0.0343231 0.0285106 0.0228919 0.017615 0.0128648 0.00882752 0.00563475
 0.00750246 0.0122475 0.0185447 0.0263695 0.0354778 0.0452608 0.0547163 0.0626971 0.0683272 0.0712754 0.0717145 0.0700834 0.0668757 0.0625403 0.0574533 0.0519083 0.0461166 0.0402214 0.0343231 0.0285106 0.0228919 0.017615 0.0128648 0.00882752 0.00563475
 0.00707787 0.0115782 0.017579 0.0250803 0.0338759 0.043411 0.0527505 0.0608086 0.0667363 0.0701767 0.071229 0.0702371 0.0676059 0.0637209 0.0589279 0.053521 0.0477352 0.0417479 0.0356942 0.029691 0.0238665 0.0183835 0.0134389 0.00922996 0.00589678
 0.00700211 0.0114066 0.0172324 0.0244574 0.0328814 0.0419992 0.050964 0.0587894 0.0646995 0.0683614 0.0698496 0.0694475 0.0674787 0.0642412 0.0600009 0.0549953 0.0494346 0.0435039 0.0373687 0.0311868 0.025127 0.0193866 0.0141904 0.00975641 0.00623896
 0.0070324 0.011462 0.0173224 0.024582 0.0330155 0.0420758 0.0508727 0.0584023 0.0639242 0.0671978 0.068415 0.0679538 0.0661721 0.0633328 0.0596164 0.0551552 0.0500646 0.0444656 0.0384992 0.0323344 0.0261753 0.0202641 0.0148681 0.0102398 0.0065565
 0.00709023 0.0115654 0.0174951 0.0248511 0.0334029 0.0425837 0.0514664 0.0589981 0.0643931 0.0673896 0.0682041 0.0672918 0.0651235 0.0620719 0.0583782 0.0541627 0.0494637 0.0442944 0.0386975 0.0327812 0.0267338 0.0208182 0.0153418 0.0105995 0.00680204
 0.00708056 0.0115621 0.0175137 0.0249157 0.0335424 0.0428243 0.0518223 0.0594624 0.0649297 0.0679275 0.0686394 0.0675052 0.0650155 0.0616066 0.0576139 0.0532464 0.0485864 0.0436256 0.0383312 0.0327175 0.026899 0.0211061 0.015654 0.0108702 0.00700237
 0.00708407 0.0115701 0.0175306 0.0249491 0.0336035 0.0429282 0.0519865 0.0597028 0.0652536 0.068325 0.0690751 0.0679144 0.0653109 0.0616986 0.0574429 0.0528147 0.0479715 0.0429609 0.0377583 0.032335 0.0267338 0.0211194 0.0157725 0.0110214 0.00713727
 0.00706376 0.0115427 0.0175 0.0249226 0.0335909 0.0429395 0.0520301 0.0597863 0.0653844 0.06851 0.0693162 0.068201 0.0656121 0.0619606 0.0575986 0.0528067 0.0477797 0.0426201 0.0373518 0.0319627 0.0264716 0.0209938 0.0157619 0.0110782 0.00721469
 0.00711701 0.0116266 0.0176212 0.0250852 0.0337957 0.0431823 0.0523004 0.0600669 0.0656541 0.0687487 0.0695104 0.0683458 0.065708 0.0620061 0.0575827 0.0527073 0.0475737 0.0423026 0.0369506 0.0315363 0.0260893 0.0207071 0.0155872 0.0109986 0.00719613
 0.00714857 0.0116841 0.017719 0.0252396 0.03402 0.0434795 0.0526576 0.0604545 0.066033 0.0690805 0.0697661 0.0685098 0.065778 0.0619886 0.0574871 0.0525397 0.047335 0.0419928 0.0365799 0.0311334 0.0256985 0.0203741 0.0153414 0.0108439 0.00711517
 0.00716127 0.0117063 0.0177556 0.0252977 0.0341086 0.043609 0.052837 0.0606875 0.0663129 0.0693878 0.0700699 0.0687748 0.065973 0.0620945 0.0574981 0.0524602 0.0471744 0.0417618 0.0362921 0.0308098 0.0253694 0.0200743 0.0150998 0.0106734 0.00701102
 0.00723217 0.0118193 0.0179212 0.0255232 0.034396 0.0439521 0.0532189 0.061082 0.0666898 0.0697196 0.0703357 0.0689603 0.0660679 0.0620911 0.0573936 0.0522587 0.0468874 0.0414071 0.0358917 0.0303894 0.0249585 0.0197034 0.0147941 0.0104463 0.00686036
 0.00728584 0.0119103 0.0180649 0.0257354 0.0346886 0.0443264 0.0536599 0.0615572 0.0671555 0.070131 0.0706573 0.0691702 0.0661578 0.0620634 0.0572562 0.052023 0.0465672 0.0410198 0.0354594 0.0299388 0.0245197 0.0193064 0.0144632 0.0101948 0.00668777
