SBPRF35
12.7214
Curr Bio
798154
B35
887609
F35
0.169424
FOFL
0.150999
OFL
99030.9
Bzero
3.63469e+006
#pred survey bio
 3.5769e+006 3.44871e+006 3.33064e+006 3.15217e+006 2.9424e+006 2.72675e+006 2.48744e+006 2.26175e+006 2.02833e+006 1.81285e+006 1.58966e+006 1.40398e+006 1.2293e+006 1.07419e+006 984298 866706 785354 715354 675972 646680 618243 580772 570195 550048 533864 525722 529019 536268 542836 542002 548072 554483 557958 568861 583829 608102 625216 629254 640280 656286 662305 670178 679816 688172 690829 699055 699934 706724 715080 711008 716866 744520 776640 814767 838413 848197 866507 873047 878354 866506 848837 833375 817018 819538 843328 845588 830769 822437 802344 2.79928e+007 1.66969e+007 1.69214e+007 1.7786e+007 1.9084e+007 2.05575e+007 2.20111e+007 2.33272e+007 2.44532e+007 2.53796e+007 2.6121e+007 2.67033e+007 2.71545e+007 2.75012e+007 2.77663e+007 2.79684e+007 2.81226e+007 2.82403e+007 2.83304e+007 2.83996e+007 2.8453e+007 2.84943e+007 2.85265e+007 2.85517e+007 2.85715e+007 2.85872e+007 2.85995e+007 2.86093e+007 2.86171e+007 2.86234e+007 2.86284e+007 2.86324e+007 2.86357e+007 2.86383e+007 2.86404e+007 2.86422e+007 2.86436e+007 2.86447e+007 2.86456e+007 2.86464e+007 2.8647e+007 2.86475e+007 2.86479e+007 2.86483e+007 2.86485e+007 2.86488e+007 2.86489e+007 2.86491e+007 2.86492e+007 2.86493e+007 2.86494e+007 2.86495e+007 2.86495e+007 2.86496e+007 2.86496e+007 2.86496e+007 2.86497e+007 2.86497e+007 2.86497e+007 2.86497e+007 2.86497e+007 2.86497e+007 2.86497e+007 2.86497e+007 2.86498e+007 2.86498e+007 2.86498e+007 2.86498e+007 2.86498e+007 2.86498e+007 2.86498e+007 2.86498e+007 2.86498e+007 2.86498e+007 2.86498e+007 2.86498e+007 2.86498e+007 2.86498e+007 2.86498e+007 2.86498e+007 2.86498e+007 2.86498e+007 2.86498e+007 2.86498e+007 2.86498e+007 2.86498e+007 2.86498e+007 2.86498e+007 2.86498e+007 2.86498e+007 2.86498e+007 2.86498e+007 2.86498e+007 2.86498e+007 2.86498e+007 2.86498e+007 2.86498e+007 2.86498e+007 2.86498e+007 2.86498e+007 0 0 0 0 0 0 0 0 0 0 0 0 0 0 0 0 0 0 0 0 0 0 0 0 0
#obs survey bio
 3.37977e+006 2.49818e+006 3.08481e+006 4.5905e+006 1.90577e+006 2.34165e+006 2.33631e+006 1.80092e+006 1.84323e+006 2.04186e+006 1.02302e+006 1.23461e+006 977937 950926 669337 790477 769040 652194 730845 585972 454597 592610 470840 425333 456871 525875 402704 613241 586559 517047 736695 514922 452215 629214 610394 614973 764740 596241 754924 612266 684351 418580 877538 692688 814587 599212 607871 737957 785572 869850 538500 684598 772733 786577 946241 1.07674e+006 712911 1.02765e+006 1.21558e+006 991472 741926 887137 795830 848622 1.01159e+006 759974 820145 856934 749290
#pred catch bio
 104626 101969 166366 206827 226636 264631 269531 293547 292591 312158 288286 284980 270503 214973 238025 202154 187456 156931 145374 141995 146414 121248 127776 121928 112938 102309 98878.2 99027.7 103974 96819.5 96044.4 98518.4 92984.4 91287.8 85867.6 94007.8 105713 100212 97229.9 106577 105239 104160 105326 109405 104189 110987 106869 106592 117426 109283 92988.1 92221.6 89459 103326 115526 108578 119053 119621 132950 135951 132791 132934 116704 99269.1 117370 129558 121544 129068 110080 99030.9 109380 109729 114043 121780 130894 139885 147929 154685 160111 164330 167530 169912 171659 172926 173835 174484 174944 175268 175496 175656 175768 175845 175900 175937 175963 175982 175994 176003 176009 176013 176016 176018 176019 176020 176021 176021 176021 176022 176022 176022 176022 176022 176022 176022 176022 176022 176022 176022 176022 176022 176022 176022 176022 176022 176022 176022 176022 176022 176022 176022 176022 176022 176022 176022 176022 176022 176022 176022 176022 176022 176022 176022 176022 176022 176022 176022 176022 176022 176022 176022 176022 176022 176022 176022 176022 176022 176022 176022 176022 176022 176022 176022 176022 176022 176022 176022 176022 176022 176022 0 0 0 0 0 0 0 0 0 0 0 0 0 0 0 0 0 0 0 0 0 0 0 0 0
#obs catch bio
 0 101581 166613 206542 226413 264814 268876 294511 293073 313185 291258 289096 275605 218371 243809 205606 189714 158152 146347 142533 148352 122244 129608 124115 114582 103273 100224 99807 104672 97123.5 95758.9 98586 93158.4 91557 86208.6 94456.8 105836 100595 97307.1 107173 105468 104554 105473 109696 103256 110750 107003 106831 117439 109091 92931.5 92514.7 89576.8 103476 116059 108648 119506 119662 132906 135530 132464 132747 116985 99197.2 117378 129565 121124 129041 109958
#pred cpue bio
 3.5326e+006 3.4059e+006 3.28884e+006 3.11094e+006 2.90172e+006 2.68642e+006 2.44762e+006 2.22226e+006 1.98942e+006 1.77463e+006 1.55254e+006 1.36778e+006 1.19442e+006 1.04082e+006 951663 835974 756234 687903 649530 621041 593261 556636 546290 526725 511129 503466 506861 514126 520874 520433 526645 533047 536398 546923 561412 585056 601902 605949 616701 632329 638280 646052 655551 663942 666870 674991 675596 682000 690184 686273 691873 718729 750270 787954 811368 820992 838917 845403 850794 839409 822103 806743 790499 792930 816569 819347 805167 797076 777642 2.71599e+007 1.62145e+007 1.63204e+007 1.70305e+007 1.82695e+007 1.9728e+007 2.11784e+007 2.24939e+007 2.36198e+007 2.45461e+007 2.52876e+007 2.58698e+007 2.6321e+007 2.66677e+007 2.69328e+007 2.71349e+007 2.72891e+007 2.74068e+007 2.74969e+007 2.75661e+007 2.76195e+007 2.76608e+007 2.7693e+007 2.77182e+007 2.7738e+007 2.77537e+007 2.7766e+007 2.77758e+007 2.77836e+007 2.77899e+007 2.77949e+007 2.77989e+007 2.78022e+007 2.78048e+007 2.78069e+007 2.78087e+007 2.78101e+007 2.78112e+007 2.78121e+007 2.78129e+007 2.78135e+007 2.7814e+007 2.78144e+007 2.78148e+007 2.7815e+007 2.78153e+007 2.78155e+007 2.78156e+007 2.78157e+007 2.78158e+007 2.78159e+007 2.7816e+007 2.7816e+007 2.78161e+007 2.78161e+007 2.78161e+007 2.78162e+007 2.78162e+007 2.78162e+007 2.78162e+007 2.78162e+007 2.78162e+007 2.78162e+007 2.78163e+007 2.78163e+007 2.78163e+007 2.78163e+007 2.78163e+007 2.78163e+007 2.78163e+007 2.78163e+007 2.78163e+007 2.78163e+007 2.78163e+007 2.78163e+007 2.78163e+007 2.78163e+007 2.78163e+007 2.78163e+007 2.78163e+007 2.78163e+007 2.78163e+007 2.78163e+007 2.78163e+007 2.78163e+007 2.78163e+007 2.78163e+007 2.78163e+007 2.78163e+007 2.78163e+007 2.78163e+007 2.78163e+007 2.78163e+007 2.78163e+007 2.78163e+007 2.78163e+007 2.78163e+007 2.78163e+007 2.78163e+007 2.78163e+007 0 0 0 0 0 0 0 0 0 0 0 0 0 0 0 0 0 0 0 0 0 0 0 0 0
#obs cpue bio
 2.59789e+006 4.78154e+006 4.27645e+006 3.0342e+006 3.03614e+006 3.00557e+006 3.19672e+006 1.65174e+006 2.2529e+006 1.55459e+006 1.1732e+006 1.13818e+006 1.04012e+006 756491 1.05435e+006 824506 888699 709440 570530 742632 485572 461359 470076 420193 542459 515141 409391 566026 523716 578034 620831 468482 546239 453935 396619 560135 734651 438270 602247 506841 725599 844980 601244 626032 1.43365e+006 520480 540438 558142 888163 641961 711342 580095 740129 947861 572672 714748 875239 856075 745291 929798 885131 786388 544284 759491 859149 976870 956614 738863 735259
#pred surv len freq
 0.00438806 0.007163 0.0108556 0.015479 0.0209502 0.0270099 0.0331941 0.0389455 0.0438175 0.0476124 0.0503676 0.0522449 0.0534328 0.0541003 0.0543864 0.0544074 0.0542704 0.0540694 0.0538254 0.0533697 0.0522427 0.049747 0.0452414 0.0385665 0.0303129
 0.00457594 0.00740035 0.0110902 0.0156287 0.0209356 0.0268004 0.0328369 0.0385528 0.0435126 0.0474701 0.0503858 0.0523655 0.0535919 0.054273 0.0545995 0.0547157 0.0547111 0.0546178 0.0543785 0.0537704 0.0523421 0.0494749 0.0446448 0.0377906 0.0295347
 0.00469548 0.00761438 0.0114431 0.0161595 0.0216513 0.027646 0.033685 0.039235 0.0438899 0.0474998 0.0501383 0.0519772 0.0531909 0.0539325 0.0543412 0.0545416 0.0546246 0.0546136 0.0544146 0.0537562 0.0521647 0.0490559 0.04399 0.0369964 0.0287431
 0.00488072 0.00790539 0.0118644 0.0167326 0.0223965 0.0285791 0.0348032 0.0404927 0.0451797 0.0486587 0.0509905 0.0523992 0.0531606 0.0535299 0.0537023 0.0537998 0.0538738 0.0538983 0.0537328 0.0530663 0.0514041 0.0481777 0.0430019 0.0359728 0.0277969
 0.00511467 0.00827972 0.0124162 0.0174915 0.0233787 0.0297796 0.0361883 0.0420002 0.0467257 0.0501455 0.0523074 0.0534228 0.0537711 0.0536456 0.0533154 0.0529847 0.052758 0.0526135 0.052374 0.0516772 0.0499918 0.0467457 0.0415835 0.034642 0.0266472
 0.00535188 0.00866302 0.0129889 0.0182928 0.0244368 0.0311011 0.0377453 0.0437251 0.0485187 0.0518921 0.0538944 0.0547455 0.0547324 0.0541572 0.0533095 0.0524363 0.0517032 0.0511462 0.050619 0.0497566 0.0480065 0.0447811 0.0397266 0.0329878 0.025282
 0.00565448 0.00914439 0.0136941 0.0192579 0.0256843 0.0326315 0.0395271 0.0456883 0.0505604 0.0538905 0.0557254 0.0562945 0.0558998 0.0548597 0.0534804 0.0520302 0.0507076 0.0495961 0.0486028 0.0474076 0.0454847 0.0422558 0.0373626 0.0309294 0.0236305
 0.00592274 0.00958295 0.0143586 0.0202012 0.0269461 0.0342223 0.0414118 0.0477816 0.0527404 0.0560228 0.0576837 0.0579701 0.0572008 0.0557078 0.0538086 0.051784 0.0498519 0.0481288 0.0465716 0.0449221 0.042715 0.0394158 0.0346776 0.0285956 0.0217761
 0.00620816 0.0100449 0.0150508 0.0211739 0.0282392 0.0358519 0.043355 0.0499669 0.0550517 0.058317 0.0598123 0.0597979 0.0586181 0.0566333 0.054185 0.0515696 0.049017 0.0466625 0.0445001 0.0423319 0.0397679 0.0363413 0.0317377 0.0260279 0.019738
 0.00650513 0.010521 0.0157553 0.0221496 0.0295164 0.0374386 0.0452247 0.0520527 0.0572522 0.0605105 0.0618726 0.0616037 0.0600602 0.0576194 0.0546432 0.0514479 0.0482809 0.0452969 0.0425218 0.039812 0.0368536 0.0332573 0.028755 0.0234029 0.0176464
 0.0068442 0.0110702 0.0165777 0.0233014 0.0310348 0.0393243 0.0474238 0.0544529 0.0597 0.0628436 0.0639478 0.0633105 0.0613204 0.0583794 0.0548652 0.0511039 0.0473499 0.043769 0.0404121 0.0371841 0.0338435 0.0300812 0.0256817 0.0206936 0.0154848
 0.00709795 0.0114879 0.0172164 0.0242187 0.0322792 0.0409186 0.049346 0.0566258 0.0619979 0.0651124 0.0660297 0.065066 0.0626423 0.0591983 0.0551446 0.0508286 0.0465147 0.0423757 0.0384791 0.0347689 0.0310675 0.0271397 0.0228228 0.0181628 0.0134585
 0.00737121 0.0119295 0.0178765 0.0251436 0.0335042 0.0424556 0.0511698 0.0586663 0.0641451 0.0672321 0.0679817 0.0667196 0.0638882 0.0599574 0.0553715 0.0505076 0.0456511 0.0409881 0.0366013 0.0324642 0.0284503 0.024387 0.0201576 0.0158072 0.011573
 0.0076805 0.0124218 0.0185979 0.0261301 0.0347754 0.044006 0.0529576 0.0606093 0.0661302 0.0691343 0.0696828 0.0681188 0.0649056 0.060535 0.0554725 0.0501158 0.0447688 0.039634 0.0348131 0.0303079 0.0260351 0.0218724 0.0177402 0.0136801 0.00987467
 0.00768714 0.0124586 0.0187018 0.0263534 0.0351756 0.0446281 0.0538178 0.0616883 0.067378 0.0704814 0.0710495 0.0694208 0.0660573 0.061453 0.0560812 0.0503531 0.0445915 0.0390229 0.0337785 0.0288976 0.0243416 0.0200343 0.0159268 0.0120576 0.00856455
 0.00782773 0.0126933 0.019067 0.026888 0.0359147 0.0455911 0.054995 0.0630322 0.0688059 0.0718881 0.072326 0.0704732 0.0668199 0.0618915 0.0561858 0.050126 0.0440375 0.0381479 0.0325976 0.0274484 0.0226976 0.0183089 0.0142603 0.0105874 0.00738884
 0.00792264 0.0128368 0.0192643 0.0271404 0.0362247 0.0459684 0.0554584 0.0636041 0.0695002 0.0726966 0.0732103 0.0713665 0.0676388 0.0625533 0.0566236 0.050296 0.0439179 0.0377344 0.0319011 0.0264999 0.0215566 0.017067 0.0130322 0.00948676 0.00649918
 0.00809181 0.0130958 0.0196235 0.0275971 0.0367627 0.0465593 0.0560645 0.0641853 0.0700249 0.0731524 0.0736054 0.0717179 0.0679551 0.0628215 0.0568085 0.0503511 0.0437992 0.0374118 0.031365 0.0257655 0.0206672 0.016094 0.0120662 0.00861845 0.00579572
 0.00817424 0.013219 0.0197887 0.0277987 0.0369897 0.0467988 0.0563042 0.0644147 0.0702364 0.073344 0.0737826 0.0718937 0.0681446 0.0630322 0.0570308 0.0505536 0.0439339 0.0374265 0.0312194 0.0254443 0.0201877 0.0155055 0.0114402 0.00803072 0.00530573
 0.00831073 0.01342 0.0200521 0.0281082 0.0373186 0.047117 0.0565841 0.0646352 0.0703858 0.0734212 0.0737985 0.0718686 0.0681032 0.0629978 0.0570179 0.0505619 0.0439448 0.037406 0.0311277 0.0252508 0.0198847 0.0151147 0.0110078 0.00761271 0.00494992
 0.00836013 0.0135166 0.0202262 0.0283937 0.03774 0.0476704 0.0572247 0.0652806 0.0709396 0.0738051 0.0739748 0.0718445 0.0679195 0.062711 0.0566844 0.0502259 0.0436311 0.0371173 0.030849 0.0249592 0.0195638 0.0147651 0.0106498 0.00727832 0.00466937
 0.00852109 0.0137636 0.0205715 0.0288415 0.0382887 0.0483148 0.057952 0.0660616 0.0717188 0.0745006 0.0744921 0.0721032 0.0678804 0.0623895 0.0561436 0.049554 0.0429147 0.0364217 0.0302099 0.0243867 0.0190532 0.0143106 0.0102521 0.00694522 0.00440906
 0.00848543 0.0137097 0.0204983 0.0287517 0.0381896 0.0482197 0.0578817 0.0660444 0.0717872 0.0746807 0.0747896 0.0724914 0.0683001 0.0627648 0.056408 0.0496732 0.0428933 0.0362927 0.0300154 0.024162 0.018821 0.0140837 0.0100404 0.00675882 0.00425731
 0.00845227 0.013673 0.0204745 0.0287655 0.0382663 0.0483728 0.0581042 0.0663093 0.0720583 0.0749275 0.0749976 0.0726616 0.0684392 0.0628728 0.0564719 0.0496717 0.0428092 0.0361249 0.0297817 0.0238918 0.0185445 0.0138247 0.00981427 0.00657392 0.00411649
 0.00844807 0.0136568 0.0204343 0.0286881 0.0381452 0.0482186 0.0579489 0.0661995 0.0720367 0.0750133 0.0751785 0.0729023 0.0686985 0.0631181 0.0566823 0.0498329 0.0429093 0.0361552 0.0297413 0.0237914 0.0184045 0.0136694 0.00966491 0.00644551 0.00401654
 0.00852222 0.0137522 0.0205309 0.0287511 0.0381332 0.048099 0.0577128 0.0658694 0.0716646 0.0746688 0.0749306 0.0727987 0.0687521 0.0633053 0.0569552 0.0501369 0.0431966 0.0363916 0.0299076 0.023883 0.0184298 0.0136458 0.00961378 0.00638619 0.00396271
 0.00844068 0.0136358 0.0203845 0.0285861 0.0379605 0.0479191 0.0575118 0.065626 0.0713665 0.0743298 0.0745964 0.0725364 0.0686267 0.0633556 0.0571799 0.0504966 0.043629 0.0368306 0.0302996 0.0241951 0.0186507 0.0137822 0.00968386 0.00641201 0.00396439
 0.00828749 0.0133992 0.0200529 0.0281602 0.0374561 0.0473689 0.0569638 0.0651355 0.0709806 0.0740731 0.0744676 0.0725207 0.0687131 0.0635458 0.0574818 0.0509089 0.044129 0.0373739 0.0308315 0.0246661 0.0190286 0.0140567 0.00986347 0.00651697 0.0040183
 0.00817966 0.0132227 0.0197856 0.0277827 0.0369582 0.0467587 0.0562761 0.0644329 0.0703424 0.0735756 0.0741643 0.0724311 0.0688239 0.0638233 0.0578872 0.0514081 0.044693 0.037972 0.0314262 0.0252158 0.019497 0.014422 0.0101228 0.00668376 0.00411495
 0.0081732 0.0132058 0.0197477 0.0277082 0.0368283 0.0465549 0.0559867 0.0640583 0.0699009 0.0731049 0.073718 0.0720679 0.0685928 0.0637511 0.0579746 0.0516347 0.0450266 0.0383764 0.0318638 0.0256489 0.0198902 0.0147483 0.0103688 0.00685139 0.0042177
 0.00821051 0.0132463 0.0197713 0.0276838 0.0367213 0.0463406 0.0556601 0.0636377 0.0694217 0.0726105 0.0732529 0.0716747 0.0683106 0.063611 0.0579932 0.0518097 0.0453358 0.0387826 0.0323223 0.0261141 0.0203215 0.0151148 0.0106537 0.00705284 0.00434657
 0.00826468 0.013328 0.0198813 0.0278151 0.0368568 0.0464513 0.055708 0.0635833 0.0692377 0.0722957 0.0728373 0.0712123 0.0678646 0.0632392 0.0577388 0.0516967 0.0453682 0.0389447 0.032582 0.0264291 0.0206477 0.0154139 0.0108999 0.00723525 0.00446819
 0.00832011 0.0134166 0.0200115 0.0279923 0.0370811 0.0467134 0.055985 0.0638377 0.0694222 0.0723638 0.0727568 0.0709774 0.067501 0.0627995 0.0572897 0.0513026 0.0450773 0.0387813 0.0325447 0.0264951 0.0207807 0.0155746 0.0110544 0.00736218 0.00455928
 0.00833872 0.0134402 0.0200348 0.028008 0.0370824 0.0466999 0.0559646 0.0638247 0.0694293 0.0723927 0.072794 0.0709971 0.0674757 0.0627133 0.0571477 0.0511314 0.0449163 0.0386687 0.0325051 0.0265323 0.0208791 0.0157064 0.0111904 0.0074798 0.00464733
 0.00828775 0.0133666 0.019941 0.0279011 0.0369717 0.0465922 0.055863 0.0637301 0.0693454 0.0723293 0.072764 0.0710091 0.0675263 0.0627856 0.0572184 0.051183 0.0449462 0.0386898 0.0325379 0.0265933 0.020972 0.0158215 0.0113097 0.00758578 0.00472917
 0.00810116 0.0130836 0.0195538 0.0274181 0.0364173 0.0460044 0.0552909 0.0632286 0.068966 0.0721086 0.0727167 0.0711283 0.0677888 0.0631573 0.0576585 0.0516485 0.0453992 0.0391047 0.0329047 0.0269136 0.0212512 0.0160622 0.0115099 0.00774219 0.00484144
 0.00804742 0.0129859 0.0193886 0.0271592 0.0360451 0.0455188 0.0547213 0.0626337 0.0684203 0.0716814 0.0724552 0.071051 0.0678879 0.0634066 0.0580209 0.0520822 0.0458625 0.0395612 0.033327 0.0272861 0.0215681 0.0163232 0.0117171 0.00789827 0.00495111
 0.00808687 0.0130492 0.0194809 0.0272806 0.0361859 0.0456551 0.0548144 0.0626393 0.0683054 0.0714425 0.0721245 0.0706868 0.0675549 0.0631554 0.0578778 0.0520487 0.0459218 0.0396862 0.0334886 0.0274587 0.0217334 0.0164699 0.0118392 0.00799368 0.00502036
 0.00807047 0.0130226 0.0194413 0.0272266 0.0361188 0.0455795 0.0547375 0.0625669 0.0682362 0.0713657 0.072025 0.0705563 0.0674019 0.0630069 0.0577695 0.0520103 0.045966 0.039806 0.0336622 0.0276581 0.0219323 0.0166487 0.0119866 0.00810575 0.00509895
 0.00795929 0.0128574 0.0192215 0.026962 0.0358268 0.0452806 0.0544527 0.0623164 0.0680389 0.0712365 0.0719697 0.0705692 0.0674674 0.0631075 0.0578942 0.0521591 0.0461456 0.0400212 0.0339084 0.02792 0.0221884 0.0168781 0.012175 0.00824751 0.00519663
 0.00794707 0.0128316 0.0191724 0.0268784 0.0357004 0.0451126 0.0542572 0.0621184 0.0678662 0.0711091 0.0718951 0.0705428 0.0674785 0.0631443 0.0579477 0.0522253 0.0462263 0.0401217 0.0340331 0.0280668 0.0223472 0.0170337 0.0123124 0.0083568 0.00527494
 0.0079135 0.0127807 0.019102 0.0267879 0.0355892 0.0449789 0.0540987 0.0619362 0.067669 0.0709158 0.0717313 0.070433 0.067437 0.0631711 0.058031 0.0523479 0.0463725 0.0402814 0.0342006 0.0282385 0.0225173 0.0171933 0.0124512 0.00846731 0.00535467
 0.0077816 0.0125867 0.0188484 0.0264902 0.0352725 0.0446698 0.0538197 0.0617026 0.0674887 0.0707915 0.0716627 0.0704202 0.0674823 0.063277 0.0581959 0.0525632 0.0466228 0.0405487 0.0344686 0.0284944 0.0227514 0.0173978 0.01262 0.00859706 0.00544633
 0.00767246 0.0124107 0.0185872 0.0261315 0.0348159 0.0441356 0.053253 0.0611686 0.0670562 0.0705106 0.0715517 0.0704664 0.0676547 0.0635411 0.0585231 0.0529322 0.0470163 0.0409498 0.0348601 0.0288594 0.0230759 0.0176718 0.0128382 0.00875947 0.00555816
 0.00780311 0.0125825 0.0187705 0.0262727 0.0348512 0.0440137 0.0529561 0.0607205 0.0665158 0.0699565 0.0710625 0.0701033 0.0674496 0.0634946 0.058612 0.0531221 0.047273 0.0412442 0.0351683 0.0291613 0.0233542 0.0179128 0.0130333 0.00890619 0.00565982
 0.00790544 0.0127449 0.019005 0.0265808 0.0352154 0.0443891 0.0532691 0.0608829 0.0664555 0.0696501 0.0705519 0.0694832 0.0668342 0.0629809 0.0582568 0.0529383 0.0472403 0.0413253 0.0353226 0.0293526 0.0235534 0.0180981 0.0131903 0.00902784 0.00574584
 0.00791547 0.012781 0.0190956 0.0267637 0.0355267 0.0448453 0.0538495 0.0615225 0.0670531 0.070092 0.0707432 0.0693779 0.0664524 0.0624033 0.0575978 0.052309 0.0467193 0.0409475 0.0350852 0.0292304 0.0235127 0.018107 0.013223 0.0090664 0.00577977
 0.00782484 0.0126458 0.0189162 0.0265531 0.0353126 0.0446699 0.0537652 0.0615796 0.0672795 0.070473 0.0712137 0.0698369 0.0667954 0.0625602 0.0575561 0.0521136 0.0464492 0.040683 0.0348823 0.0291107 0.0234694 0.0181174 0.0132613 0.00911178 0.00581953
 0.00777137 0.0125541 0.0187705 0.0263377 0.0350189 0.0443057 0.0533631 0.0611975 0.0669906 0.0703452 0.071287 0.0701057 0.0672049 0.0630206 0.0579718 0.0524162 0.0466179 0.0407431 0.0348841 0.0291031 0.0234817 0.0181558 0.0133163 0.00916902 0.00586801
 0.00790639 0.0127495 0.019019 0.0266148 0.0352872 0.0445231 0.0534922 0.061214 0.0668911 0.0701525 0.0710484 0.0698809 0.0670453 0.0629485 0.057972 0.052445 0.0466262 0.0407004 0.0347904 0.0289827 0.0233665 0.0180687 0.0132645 0.0091467 0.00586388
 0.00796995 0.0128526 0.0191724 0.0268253 0.0355518 0.0448233 0.0537899 0.0614569 0.0670268 0.070148 0.070904 0.0696317 0.0667497 0.0626689 0.0577544 0.0523053 0.0465499 0.0406555 0.0347464 0.0289255 0.0232998 0.0180057 0.0132168 0.00911821 0.00585133
 0.00777117 0.0125605 0.0187914 0.0263812 0.0350871 0.0443868 0.053427 0.0612016 0.0668957 0.0701366 0.0709887 0.0697799 0.0669341 0.0628771 0.0579887 0.052573 0.0468505 0.040974 0.0350566 0.0292006 0.0235228 0.0181733 0.0133361 0.00920002 0.00590555
 0.00761611 0.0123044 0.0184004 0.0258273 0.0343609 0.0435144 0.0524814 0.0602969 0.0661586 0.0696673 0.0708324 0.0699215 0.0673141 0.0634178 0.0586181 0.0532376 0.0475157 0.0416165 0.0356556 0.0297347 0.0239732 0.0185299 0.0136 0.00938235 0.00602304
 0.00753186 0.0121576 0.0181609 0.0254597 0.0338311 0.0428022 0.0515958 0.0592872 0.0651163 0.0687141 0.0700965 0.0695062 0.0672701 0.0637316 0.0592214 0.0540331 0.0484053 0.0425191 0.0365121 0.030504 0.0246284 0.0190563 0.0139962 0.00965987 0.00620282
 0.00750541 0.0121202 0.0181133 0.0254023 0.0337582 0.0426955 0.0514225 0.0590069 0.0646977 0.0681558 0.0694413 0.0688397 0.0667019 0.0633634 0.0591165 0.0541997 0.0487998 0.043066 0.0371281 0.0311165 0.0251835 0.0195207 0.014356 0.00991716 0.00637196
 0.00751546 0.0121389 0.0181461 0.0254555 0.0338375 0.0428021 0.0515478 0.0591282 0.0647765 0.0681434 0.0692927 0.0685342 0.0662605 0.0628533 0.0586346 0.0538418 0.048629 0.0430955 0.0373246 0.0314183 0.0255235 0.0198436 0.0146264 0.0101205 0.0065101
 0.00742585 0.0120054 0.017968 0.0252414 0.0336038 0.0425705 0.0513426 0.0589722 0.0646859 0.0681201 0.069319 0.0685749 0.0662749 0.0628138 0.058544 0.0537369 0.0485672 0.0431291 0.0374772 0.0316758 0.0258429 0.0201715 0.0149177 0.0103491 0.00667025
 0.0073505 0.0118924 0.0178162 0.0250565 0.0333981 0.0423612 0.0511496 0.0588163 0.0645851 0.068085 0.0693483 0.0686538 0.0663764 0.0629059 0.0586004 0.0537494 0.0485522 0.0431225 0.0375181 0.0317868 0.0260193 0.0203853 0.0151316 0.0105323 0.00680703
 0.00727741 0.0117767 0.0176482 0.0248309 0.0331164 0.042035 0.0508031 0.0584852 0.0643092 0.0678985 0.0692709 0.0686868 0.0665041 0.0630994 0.0588242 0.0539706 0.0487503 0.0432956 0.0376802 0.0319576 0.0262098 0.0205901 0.0153321 0.0107068 0.00694107
 0.00736893 0.0119068 0.0178092 0.0250028 0.0332717 0.0421461 0.0508503 0.0584599 0.0642151 0.0677503 0.0690917 0.0685033 0.06634 0.0629699 0.0587327 0.0539103 0.0487095 0.0432653 0.03766 0.0319548 0.0262335 0.0206427 0.0154058 0.0107868 0.00701249
 0.00748681 0.0120943 0.0180822 0.0253697 0.0337269 0.0426636 0.0513791 0.05893 0.0645548 0.0679082 0.0690525 0.0682886 0.0659974 0.0625559 0.0582991 0.0534947 0.0483334 0.0429379 0.0373841 0.0317325 0.0260674 0.0205332 0.015347 0.0107662 0.00701465
 0.00753863 0.0121844 0.0182287 0.025593 0.0340451 0.0430839 0.0518893 0.059493 0.0651108 0.0683849 0.069381 0.0684202 0.0659167 0.0622842 0.0578861 0.0530031 0.0478224 0.0424524 0.0369526 0.0313704 0.0257808 0.0203219 0.0152048 0.010681 0.00697066
 0.00754393 0.0122009 0.0182686 0.025674 0.0341877 0.0433068 0.0522029 0.0598943 0.0655799 0.0688838 0.0698552 0.0688067 0.0661565 0.0623377 0.0577452 0.0526934 0.0473951 0.0419692 0.0364709 0.0309332 0.0254147 0.0200378 0.0150014 0.010548 0.00689213
 0.00740836 0.0119947 0.0179858 0.025321 0.0337853 0.0428901 0.0518209 0.0596057 0.0654417 0.0689358 0.0701059 0.069227 0.0666841 0.0628909 0.0582424 0.0530727 0.0476282 0.0420633 0.0364591 0.0308596 0.0253196 0.0199495 0.0149343 0.0105049 0.00686908
 0.00719214 0.01165 0.0174809 0.0246348 0.0329156 0.0418652 0.0507098 0.0585172 0.0645072 0.06828 0.0698184 0.0693437 0.0671821 0.0636945 0.0592383 0.0541341 0.0486405 0.0429451 0.0371718 0.0314024 0.0257159 0.0202315 0.0151313 0.0106397 0.00695797
 0.00718703 0.0116257 0.0174141 0.0244924 0.0326604 0.0414677 0.0501607 0.0578359 0.063745 0.0675157 0.0691478 0.0688632 0.0669678 0.0637828 0.0596149 0.0547355 0.0493705 0.0436993 0.037863 0.0319768 0.026156 0.020547 0.015346 0.0107795 0.0070454
 0.00727612 0.0117655 0.0176135 0.0247514 0.032965 0.0417837 0.0504313 0.0579896 0.0637145 0.0672635 0.0686848 0.0682526 0.0663108 0.0631931 0.0591888 0.0545276 0.0493813 0.0438816 0.0381415 0.0322756 0.0264192 0.0207479 0.0154827 0.0108643 0.0070943
 0.00712018 0.0115538 0.0173723 0.0245311 0.032826 0.0417728 0.0505612 0.0582311 0.0640039 0.0675199 0.0688326 0.0682429 0.066138 0.0628997 0.0588544 0.0542431 0.0492191 0.0438727 0.0382703 0.0324923 0.0266635 0.0209704 0.0156564 0.010984 0.00716841
 0.00683255 0.0111275 0.0168096 0.0238672 0.0321266 0.0411249 0.0500603 0.057963 0.0640202 0.0678143 0.0693335 0.0688319 0.0666892 0.0633208 0.0591125 0.0543659 0.0492736 0.0439322 0.0383843 0.0326719 0.0268859 0.0211973 0.0158536 0.0111333 0.00726817
#obs surv len freq
 nan nan nan nan nan nan nan nan nan nan nan nan nan nan nan nan nan nan nan nan nan nan nan nan nan
 0.00448543 0.00734711 0.0111774 0.0159939 0.0216946 0.0279699 0.0342837 0.0400145 0.0446936 0.048157 0.0505145 0.0520101 0.052902 0.0534142 0.0537283 0.053983 0.0542615 0.0545542 0.0546929 0.0542848 0.0527229 0.0493551 0.043805 0.0362852 0.0276691
 0.00461869 0.00756566 0.0115094 0.0164658 0.0223243 0.0287569 0.0351991 0.0409987 0.0456646 0.0490268 0.0512059 0.052468 0.0530989 0.0533497 0.053425 0.0534784 0.0535993 0.0537773 0.0538405 0.053394 0.0518327 0.048509 0.043048 0.0356555 0.0271878
 0.00477904 0.00782842 0.0119088 0.0170352 0.0230897 0.0297268 0.036353 0.0422816 0.0469919 0.0502975 0.0523177 0.0533301 0.0536421 0.0535335 0.0532412 0.0529491 0.0527698 0.0527071 0.0525961 0.0520456 0.0504555 0.0471834 0.0418538 0.0346585 0.0264244
 0.00495854 0.00812352 0.0123592 0.0176799 0.0239603 0.0308352 0.0376794 0.0437692 0.048554 0.0518316 0.0537194 0.0545014 0.0544967 0.0540024 0.0532789 0.0525405 0.0519322 0.0514891 0.0510729 0.0503144 0.0486312 0.0453926 0.0402213 0.0332863 0.0253697
 0.00518804 0.00849534 0.0129165 0.0184625 0.0249977 0.0321352 0.0392163 0.045479 0.0503412 0.0535861 0.055332 0.0558732 0.0555416 0.0546475 0.0534667 0.052232 0.0511146 0.0501829 0.0493385 0.0482551 0.0463909 0.0431434 0.0381399 0.0315198 0.0240039
 0.0054138 0.00886936 0.0134922 0.0192935 0.0261263 0.0335753 0.0409361 0.0473965 0.0523386 0.0555341 0.0571116 0.0573849 0.0567054 0.055398 0.0537491 0.0520019 0.0503423 0.0488641 0.0475092 0.0460062 0.0438737 0.0405595 0.0357089 0.0294323 0.022377
 0.00565201 0.0092572 0.0140775 0.0201226 0.0272369 0.0349845 0.0426257 0.0493053 0.0543666 0.0575582 0.0590036 0.0590269 0.0579989 0.056267 0.0541371 0.0518659 0.0496506 0.0476018 0.0456948 0.0437129 0.0412457 0.0378077 0.0330779 0.027145 0.0205779
 0.00589888 0.00966236 0.0146942 0.0210024 0.0284193 0.0364809 0.0444037 0.0512852 0.0564343 0.0595886 0.06088 0.0606487 0.0592811 0.0571383 0.0545385 0.05175 0.0489815 0.0463596 0.0438886 0.0414033 0.0385662 0.034967 0.0303305 0.0247323 0.0186645
 0.00613207 0.0100451 0.0152773 0.0218359 0.0295436 0.0379116 0.0461164 0.053208 0.0584579 0.0615861 0.0627282 0.0622419 0.0605357 0.0579909 0.0549403 0.0516609 0.048367 0.0451957 0.0421761 0.0391907 0.0359729 0.0321901 0.0276192 0.0223308 0.0167455
 0.00637005 0.0104335 0.0158647 0.0226685 0.0306569 0.0393166 0.0477853 0.055069 0.0604048 0.0634982 0.064489 0.0637506 0.0617117 0.0587737 0.0552864 0.0515386 0.0477514 0.044069 0.0405386 0.0370833 0.033501 0.029534 0.0250134 0.0200102 0.0148815
 0.00662194 0.0108474 0.0164952 0.0235683 0.0318647 0.0408397 0.0495822 0.0570457 0.0624299 0.0654308 0.0662042 0.0651523 0.062734 0.0593759 0.0554461 0.0512437 0.0469945 0.0428468 0.0388603 0.0349899 0.0310888 0.0269665 0.022505 0.0177788 0.0130875
 0.00684027 0.0112071 0.0170455 0.0243583 0.0329341 0.0422033 0.0512138 0.0588709 0.0643349 0.0672829 0.0678736 0.0665292 0.0637376 0.059957 0.0555825 0.0509325 0.0462423 0.041665 0.0372699 0.0330362 0.0288618 0.0246125 0.0202139 0.0157437 0.0114512
 0.00704373 0.0115417 0.0175562 0.0250894 0.0339204 0.0434563 0.0527076 0.060537 0.0660711 0.0689722 0.0694024 0.0677986 0.0646697 0.0604977 0.0557023 0.0506237 0.0455135 0.0405364 0.0357732 0.0312241 0.0268226 0.0224786 0.0181519 0.0139205 0.00998917
 0.00726151 0.0118967 0.0180922 0.0258469 0.0349281 0.0447179 0.0541883 0.0621596 0.0677273 0.0705439 0.0707819 0.0689004 0.0654334 0.0608864 0.0556994 0.0502287 0.0447388 0.0394053 0.0343222 0.0295095 0.0249303 0.0205293 0.0162913 0.0122903 0.00869028
 0.00741168 0.0121468 0.0184797 0.0264101 0.0356989 0.0457089 0.0553798 0.0634953 0.0691218 0.0718988 0.0720022 0.069905 0.0661603 0.0612942 0.0557661 0.0499489 0.0441206 0.0384683 0.0330998 0.0280545 0.0233218 0.0188751 0.0147172 0.0109159 0.00759863
 0.00751969 0.0123216 0.0187417 0.0267796 0.0361936 0.0463402 0.0561473 0.0643814 0.0700904 0.072898 0.0729689 0.0707718 0.0668626 0.061777 0.0559888 0.0498874 0.0437664 0.0378289 0.0321992 0.0269372 0.0220573 0.0175573 0.0134545 0.00980976 0.00671899
 0.00757609 0.0124086 0.0188644 0.0269408 0.0363958 0.0465875 0.0564462 0.0647404 0.0705175 0.0733958 0.0735299 0.0713729 0.0674635 0.0623229 0.0564184 0.0501429 0.0438031 0.0376217 0.0317468 0.0262653 0.0212199 0.0166338 0.0125383 0.00898959 0.00605779
 0.0076424 0.0125094 0.0190029 0.027115 0.036599 0.0468096 0.0566758 0.0649676 0.0707374 0.0736124 0.0737554 0.0716222 0.067744 0.062626 0.0567151 0.0503873 0.0439421 0.0376074 0.0315493 0.0258822 0.0206804 0.0159959 0.0118782 0.0083827 0.00556014
 0.00772228 0.0126332 0.0191775 0.0273417 0.036872 0.0471152 0.0569918 0.0652653 0.0709887 0.073798 0.0738719 0.0716828 0.0677732 0.0626486 0.056746 0.0504228 0.0439585 0.0375676 0.0314156 0.0256312 0.0203145 0.0155468 0.0113988 0.00793178 0.00518433
 0.00777158 0.0127116 0.0192921 0.0274975 0.03707 0.0473506 0.057252 0.0655299 0.0712324 0.0739972 0.0740101 0.0717546 0.0677853 0.0626177 0.0566925 0.0503632 0.0438971 0.0374931 0.0313054 0.0254616 0.0200745 0.0152463 0.0110686 0.00761268 0.00491243
 0.00780622 0.012764 0.0193637 0.0275874 0.0371761 0.0474704 0.0573832 0.0656696 0.0713759 0.0741367 0.0741352 0.0718542 0.0678502 0.0626443 0.0566841 0.0503281 0.0438443 0.0374261 0.031219 0.0253447 0.0199176 0.0150506 0.0108495 0.00739568 0.00472312
 0.00782397 0.0127899 0.0193974 0.0276264 0.0372168 0.0475093 0.0574179 0.0657003 0.0714056 0.0741705 0.0741784 0.0719091 0.0679146 0.0627106 0.0567425 0.0503703 0.0438657 0.0374248 0.0311933 0.0252913 0.0198333 0.0149368 0.0107153 0.00725742 0.00459849
 0.00786175 0.0128452 0.0194691 0.0277093 0.0373026 0.0475886 0.0574826 0.0657445 0.0714267 0.0741701 0.0741625 0.0718869 0.0678951 0.0626999 0.0567414 0.0503748 0.0438686 0.0374189 0.0311726 0.0252516 0.0197728 0.0148571 0.0106227 0.00716222 0.00451231
 0.00787841 0.0128699 0.0195014 0.0277471 0.0373416 0.0476233 0.0575069 0.0657532 0.0714172 0.0741439 0.0741256 0.0718486 0.067865 0.0626854 0.0567457 0.050396 0.0439005 0.0374525 0.0311984 0.0252619 0.0197631 0.0148272 0.0105772 0.00710923 0.00446081
 0.00788066 0.0128704 0.0194966 0.0277318 0.0373109 0.0475746 0.0574422 0.0656789 0.0713422 0.0740776 0.0740753 0.0718192 0.0678596 0.062705 0.0567895 0.0504605 0.0439793 0.0375368 0.0312779 0.0253271 0.0198071 0.0148476 0.0105765 0.00709382 0.00443867
 0.00788587 0.0128773 0.0195038 0.0277366 0.0373093 0.0475622 0.0574148 0.0656341 0.0712813 0.0740059 0.074002 0.0717553 0.0678145 0.062685 0.0567967 0.0504931 0.0440326 0.0376035 0.031349 0.0253931 0.01986 0.0148827 0.0105934 0.00709596 0.00443185
 0.00790007 0.0128967 0.0195263 0.0277577 0.0373234 0.0475643 0.0574017 0.0656051 0.0712378 0.0739506 0.0739393 0.0716909 0.0677561 0.0626404 0.0567722 0.0504921 0.0440547 0.0376445 0.0314019 0.0254491 0.0199109 0.0149223 0.0106189 0.00710836 0.00443476
 0.00786473 0.0128433 0.0194532 0.0276662 0.0372169 0.0474474 0.0572805 0.0654868 0.0711309 0.0738644 0.0738815 0.0716668 0.0677668 0.0626836 0.0568434 0.0505858 0.0441647 0.0377641 0.0315236 0.0255649 0.0200128 0.0150045 0.0106789 0.00714741 0.00445688
 0.00786769 0.0128402 0.0194345 0.0276189 0.0371292 0.047315 0.0571113 0.0653005 0.070953 0.0737174 0.0737801 0.071616 0.067765 0.0627254 0.0569214 0.0506917 0.0442899 0.0378998 0.031661 0.0256956 0.0201291 0.0151005 0.0107517 0.00719745 0.00448776
 0.00786533 0.0128355 0.0194252 0.0276012 0.037097 0.0472604 0.0570258 0.0651792 0.0707987 0.0735441 0.0736111 0.0714775 0.0676778 0.0626994 0.0569547 0.0507743 0.0444078 0.0380385 0.0318072 0.0258375 0.0202573 0.015208 0.0108348 0.00725632 0.00452558
 0.00782451 0.012773 0.0193386 0.0274909 0.0369665 0.0471154 0.0568738 0.0650286 0.0706572 0.0734179 0.0735053 0.0713985 0.0676341 0.0627004 0.0570067 0.0508769 0.0445528 0.0382119 0.0319923 0.0260185 0.020421 0.0153455 0.0109416 0.00733269 0.00457544
 0.00778577 0.0127063 0.0192316 0.0273315 0.0367469 0.0468385 0.0565578 0.0647061 0.0703671 0.0731937 0.0733668 0.0713494 0.0676666 0.0628013 0.057163 0.0510772 0.044786 0.0384655 0.0322514 0.0262668 0.0206437 0.0155317 0.0110861 0.00743609 0.00464327
 0.00777188 0.0126795 0.0191832 0.0272503 0.0366208 0.0466587 0.0563231 0.0644264 0.0700644 0.0728997 0.0731169 0.0711749 0.0675868 0.0628201 0.0572705 0.0512548 0.0450128 0.0387211 0.0325171 0.026525 0.0208788 0.0157312 0.0112432 0.00754994 0.00471882
 0.00775231 0.01265 0.0191429 0.0271988 0.0365572 0.0465798 0.0562234 0.0642992 0.0699058 0.0727129 0.0729148 0.0709801 0.0674269 0.0627208 0.057248 0.0513126 0.0451416 0.0389029 0.0327298 0.0267468 0.02109 0.0159164 0.0113927 0.00766063 0.0047936
 0.00769556 0.0125583 0.0190064 0.0270102 0.036315 0.0462918 0.0559094 0.0639888 0.0696306 0.0724971 0.0727697 0.0709053 0.0674172 0.0627717 0.0573584 0.0514818 0.0453652 0.0391696 0.0330216 0.0270415 0.0213657 0.0161554 0.0115841 0.00780162 0.0048886
 0.0076812 0.0125295 0.018953 0.0269193 0.036174 0.0460937 0.0556578 0.0637 0.0693316 0.0722198 0.0725437 0.0707518 0.0673455 0.0627802 0.0574385 0.0516229 0.0455571 0.0394016 0.0332804 0.0273098 0.0216239 0.0163851 0.0117721 0.00794267 0.00498501
 0.00766063 0.0125018 0.0189213 0.0268887 0.0361479 0.0460696 0.0556248 0.0636417 0.0692332 0.0720764 0.0723655 0.0705619 0.0671728 0.0626508 0.0573694 0.0516201 0.0456176 0.0395163 0.0334363 0.0274911 0.0218127 0.0165634 0.0119252 0.00806186 0.00506897
 0.00762679 0.0124466 0.0188385 0.0267739 0.0360013 0.0458989 0.055446 0.0634756 0.069098 0.0719798 0.0723023 0.0705206 0.0671445 0.0626355 0.0573759 0.05166 0.0456993 0.0396408 0.0335968 0.0276747 0.0220027 0.0167429 0.0120799 0.00818321 0.00515518
 0.0076188 0.0124333 0.0188179 0.0267434 0.0359577 0.0458391 0.0553683 0.0633815 0.0689935 0.0718753 0.0722096 0.0704479 0.0670939 0.0626043 0.0573609 0.0516619 0.0457232 0.0396931 0.0336803 0.0277855 0.0221305 0.0168734 0.0121991 0.00828079 0.0052269
 0.00761192 0.0124241 0.0188077 0.0267343 0.0359517 0.0458365 0.0553665 0.0633754 0.0689766 0.0718427 0.0721603 0.0703859 0.067027 0.0625411 0.0573083 0.0516245 0.0457043 0.0396961 0.033708 0.0278381 0.0222033 0.0169571 0.0122823 0.00835337 0.00528282
 0.00758568 0.0123842 0.0187528 0.0266654 0.0358726 0.0457533 0.0552875 0.0633092 0.0689302 0.0718184 0.0721553 0.0703934 0.0670401 0.0625553 0.0573231 0.0516424 0.0457288 0.0397308 0.0337553 0.0278986 0.0222748 0.0170341 0.012357 0.00841842 0.00533333
 0.00756693 0.0123531 0.0187049 0.026597 0.0357816 0.0456419 0.0551633 0.0631855 0.0688228 0.0717412 0.0721163 0.0703933 0.0670724 0.0626101 0.0573898 0.0517131 0.0457997 0.0398015 0.0338273 0.027973 0.0223512 0.0171097 0.012427 0.00847797 0.00537921
 0.00754218 0.0123139 0.018648 0.0265199 0.0356832 0.0455232 0.0550283 0.0630424 0.0686835 0.0716202 0.0720278 0.0703482 0.0670756 0.0626589 0.0574751 0.0518221 0.0459197 0.0399225 0.0339436 0.0280819 0.0224513 0.0171993 0.0125039 0.00853997 0.00542534
 0.0075276 0.0122894 0.0186099 0.0264641 0.035607 0.045426 0.0549135 0.0629169 0.068557 0.0715033 0.0719303 0.0702788 0.0670415 0.0626647 0.057521 0.0519033 0.0460267 0.0400438 0.0340681 0.0282012 0.0225598 0.0172936 0.012582 0.00860094 0.00546957
 0.00752316 0.0122822 0.0185989 0.0264482 0.0355844 0.0453946 0.0548708 0.0628613 0.0684886 0.0714246 0.071847 0.0701989 0.0669741 0.0626185 0.0575027 0.0519165 0.0460704 0.0401127 0.0341534 0.0282932 0.0226496 0.0173745 0.0126499 0.00865392 0.00550783
 0.00753484 0.0122986 0.0186186 0.0264683 0.035601 0.0454039 0.0548703 0.0628493 0.0684643 0.0713873 0.071797 0.070138 0.0669068 0.0625517 0.0574455 0.0518771 0.046055 0.0401231 0.034187 0.0283434 0.0227081 0.0174332 0.0127024 0.00869636 0.00553904
 0.0075012 0.0122511 0.0185605 0.0264066 0.0355446 0.0453594 0.0548398 0.0628303 0.0684519 0.0713775 0.0717876 0.0701289 0.0668986 0.0625457 0.0574434 0.051882 0.0460705 0.0401523 0.0342307 0.0283993 0.0227707 0.0174956 0.0127582 0.0087415 0.00557203
 0.00750004 0.0122454 0.0185451 0.0263757 0.0354943 0.0452915 0.0547639 0.0627615 0.0684047 0.0713592 0.0717955 0.0701527 0.0669267 0.0625699 0.0574607 0.051894 0.0460816 0.0401675 0.0342538 0.0284317 0.0228106 0.0175388 0.0127997 0.00877676 0.0055988
 0.00749435 0.0122378 0.0185365 0.0263672 0.0354858 0.0452807 0.054746 0.0627316 0.0683619 0.0713087 0.0717479 0.070119 0.0669131 0.0625749 0.0574779 0.051916 0.0461039 0.0401893 0.034277 0.0284583 0.0228413 0.0175721 0.0128323 0.00880534 0.00562109
 0.00749435 0.0122378 0.0185365 0.0263672 0.0354858 0.0452807 0.054746 0.0627316 0.0683619 0.0713087 0.0717479 0.070119 0.0669131 0.0625749 0.0574779 0.051916 0.0461039 0.0401893 0.034277 0.0284583 0.0228413 0.0175721 0.0128323 0.00880534 0.00562109
 0.00736702 0.0120353 0.0182413 0.0259686 0.0349855 0.0446993 0.0541271 0.0621388 0.0678651 0.0709664 0.0715932 0.0701565 0.0671235 0.0629236 0.0579218 0.0524102 0.0466072 0.0406692 0.0347114 0.028835 0.0231551 0.0178227 0.0130227 0.00894158 0.00571181
 0.00727318 0.0118707 0.017972 0.0255577 0.0344042 0.0439433 0.0532318 0.061182 0.066953 0.0702088 0.0710791 0.0699378 0.06721 0.0632865 0.058504 0.0531393 0.0474083 0.0414748 0.035468 0.0295052 0.0237177 0.0182701 0.0133584 0.00917776 0.00586624
 0.00718213 0.0117217 0.0177452 0.0252323 0.03396 0.043366 0.0525206 0.0603584 0.0660664 0.0693359 0.0703147 0.0693782 0.0669313 0.0633271 0.0588561 0.0537531 0.0482054 0.0423655 0.0363667 0.0303418 0.0244434 0.0188588 0.0138047 0.00949266 0.00607185
 0.00718798 0.011724 0.0177348 0.0251945 0.0338766 0.0432175 0.0522899 0.0600332 0.0656416 0.0688186 0.0697307 0.0687771 0.0663852 0.0629176 0.0586539 0.0537973 0.0484915 0.0428474 0.0369707 0.0309858 0.0250546 0.0193854 0.0142199 0.00979305 0.00627097
 0.00722951 0.0117979 0.0178565 0.0253795 0.0341322 0.0435331 0.0526292 0.0603362 0.0658383 0.0688484 0.0695596 0.068407 0.0658548 0.0622979 0.0580368 0.0532767 0.0481416 0.0427036 0.037023 0.0311869 0.0253378 0.0196853 0.0144879 0.0100028 0.00641734
 0.00716103 0.0116983 0.0177292 0.0252373 0.0339966 0.0434307 0.052586 0.0603695 0.0659477 0.069009 0.0697235 0.0685163 0.065862 0.0621839 0.0578204 0.0530108 0.0478974 0.0425477 0.0369957 0.0312907 0.0255405 0.0199352 0.0147338 0.0102088 0.00656804
 0.00718629 0.0117317 0.0177658 0.0252689 0.0340154 0.0434351 0.052584 0.0603781 0.0659861 0.0690884 0.069839 0.0686432 0.0659604 0.0622113 0.0577486 0.05284 0.04766 0.0422995 0.0367962 0.0311811 0.0255309 0.0200058 0.0148475 0.0103285 0.00666833
 0.00713521 0.0116605 0.01768 0.0251801 0.0339365 0.043374 0.0525404 0.0603458 0.0659605 0.0690736 0.0698477 0.0686888 0.0660457 0.0623211 0.0578524 0.0529052 0.0476679 0.0422562 0.0367303 0.03113 0.0255228 0.0200477 0.0149261 0.0104201 0.00675131
 0.00718913 0.0117379 0.017778 0.0252905 0.03405 0.0434844 0.0526472 0.0604512 0.0660632 0.0691643 0.0699117 0.0687137 0.0660281 0.0622675 0.0577722 0.0528029 0.0475427 0.042108 0.0365682 0.0309739 0.0253965 0.0199677 0.0148939 0.0104238 0.00677342
 0.00722225 0.0118005 0.0178876 0.025466 0.0343039 0.043813 0.0530232 0.0608279 0.0663885 0.0693985 0.0700367 0.0687313 0.0659515 0.0621141 0.0575604 0.052551 0.0472673 0.0418232 0.0362873 0.0307121 0.0251707 0.019792 0.0147742 0.0103549 0.00674198
 0.00724972 0.0118481 0.0179651 0.0255857 0.0344794 0.0440556 0.0533367 0.0612021 0.0667956 0.069794 0.0703682 0.0689522 0.0660343 0.062056 0.0573797 0.0522782 0.0469356 0.0414637 0.0359265 0.0303728 0.0248722 0.0195491 0.0145938 0.0102346 0.00667111
 0.00722794 0.0118164 0.0179247 0.0255413 0.0344396 0.0440331 0.0533476 0.0612638 0.0669226 0.0699912 0.0706247 0.0692387 0.0663082 0.0622723 0.0575046 0.0522975 0.0468561 0.0413072 0.0357223 0.0301506 0.0246583 0.0193634 0.0144483 0.0101324 0.00660728
