SBPRF35
7.78865
Curr Bio
790112
B35
739773
F35
0.231916
FOFL
0.231916
OFL
134321
Bzero
2.22533e+06
#pred survey bio
 4.20193e+06 3.95857e+06 3.73312e+06 3.47574e+06 3.19138e+06 2.90603e+06 2.61404e+06 2.34988e+06 2.09082e+06 1.84272e+06 1.63003e+06 1.4408e+06 1.27762e+06 1.1083e+06 985470 870168 799698 749822 688911 648847 627585 614772 611765 601675 599006 593649 596708 582964 581285 583242 580613 592478 593355 584657 571327 552831 543867 530590 531570 540064 554378 556720 560482 578369 587182 608777 622012 649631 686480 726897 785289 1.79383e+07 1.69037e+07 1.73273e+07 1.75335e+07 1.75844e+07 1.75639e+07 1.75229e+07 1.74856e+07 1.74603e+07 1.74474e+07 1.74443e+07 1.74476e+07 1.74547e+07 1.74633e+07 1.74722e+07 1.74806e+07 1.74881e+07 1.74945e+07 1.74999e+07 1.75044e+07 1.7508e+07 1.75109e+07 1.75132e+07 1.7515e+07 1.75165e+07 1.75176e+07 1.75185e+07 1.75191e+07 1.75197e+07 1.75201e+07 1.75204e+07 1.75207e+07 1.75209e+07 1.7521e+07 1.75211e+07 1.75212e+07 1.75213e+07 1.75213e+07 1.75214e+07 1.75214e+07 1.75215e+07 1.75215e+07 1.75215e+07 1.75215e+07 1.75215e+07 1.75215e+07 1.75215e+07 1.75215e+07 1.75215e+07 1.75215e+07 1.75215e+07 1.75215e+07 1.75215e+07 1.75215e+07 1.75215e+07 1.75215e+07 1.75215e+07 1.75215e+07 1.75215e+07 1.75215e+07 1.75215e+07 1.75215e+07 1.75215e+07 1.75215e+07 1.75215e+07 1.75215e+07 1.75215e+07 1.75215e+07 1.75215e+07 1.75215e+07 1.75215e+07 1.75215e+07 1.75215e+07 1.75215e+07 1.75215e+07 1.75215e+07 1.75215e+07 1.75215e+07 1.75215e+07 1.75215e+07 1.75215e+07 1.75215e+07 1.75215e+07 1.75215e+07 1.75215e+07 1.75215e+07 1.75215e+07 1.75215e+07 1.75215e+07 1.75215e+07 1.75215e+07 1.75215e+07 1.75215e+07 1.75215e+07 1.75215e+07 1.75215e+07 1.75215e+07 1.75215e+07 1.75215e+07 1.75215e+07 0 0 0 0 0 0 0 0 0 0 0 0 0 0 0 0 0 0 0 0 0 0 0 0 0
#obs survey bio
 3.16068e+06 2.53478e+06 2.83182e+06 2.66437e+06 3.85922e+06 2.52388e+06 1.93258e+06 2.33821e+06 1.34686e+06 2.01747e+06 1.27858e+06 1.20876e+06 1.25118e+06 1.01906e+06 831419 893287 923392 797454 573364 589356 494691 443013 825212 541761 559097 742141 792576 519729 642457 550951 474478 722748 504576 606636 537052 528942 772201 695853 584309 786396 511438 479405 476588 474209 584468 514764 450046 651149 489609 1.06143e+06 872921
#pred catch bio
 94625.4 94224.4 146616 198516 229102 265888 270030 291719 304357 290302 282546 268644 279102 240773 234331 193121 171761 176463 154148 135101 125815 115560 118763 109642 109529 100958 114455 103457 99813.6 102612 89065.4 96586.3 101552 101002 100362 89610.7 94620.3 85536.5 82124.2 79540.3 91737.5 93002.7 85030.6 97049.8 90140.9 101326 94496.7 94116.6 99608.7 93869.6 153707 134321 137794 140535 141497 140883 139607 138256 137083 136162 135483 135003 134675 134455 134310 134216 134156 134117 134093 134078 134068 134062 134059 134056 134055 134054 134053 134053 134053 134053 134053 134053 134053 134053 134052 134052 134052 134052 134052 134052 134052 134052 134052 134052 134052 134052 134052 134052 134052 134052 134052 134052 134052 134052 134052 134052 134052 134052 134052 134052 134052 134052 134052 134052 134052 134052 134052 134052 134052 134052 134052 134052 134052 134052 134052 134052 134052 134052 134052 134052 134052 134052 134052 134052 134052 134052 134052 134052 134052 134052 134052 134052 134052 134052 134052 134052 134052 134052 134052 134052 134052 0 0 0 0 0 0 0 0 0 0 0 0 0 0 0 0 0 0 0 0 0 0 0 0 0
#obs catch bio
 0 94031.4 147302 200151 230939 269286 274154 296766 311663 296678 289533 274663 286590 246297 241439 198771 174148 178856 156023 137156 127433 117406 119596 110285 110186 100444 114775 104068 100294 103397 89464.1 96673.8 101839 101079 100363 89175.3 94221 84528.4 81098.2 78497.9 90698.6 92139 84558.5 97102.3 90052.5 101336 94484.7 94159.3 100306 93368.2 154288
#pred cpue bio
 4.11615e+06 3.87523e+06 3.65151e+06 3.39498e+06 3.11242e+06 2.82888e+06 2.53867e+06 2.27616e+06 2.01921e+06 1.77363e+06 1.56352e+06 1.37694e+06 1.21634e+06 1.05042e+06 930058 817694 749741 702363 644177 605830 585667 573671 571350 562467 560550 555914 559054 545681 544027 546209 544087 556091 557703 550147 538400 521602 512868 498714 498424 506179 519900 521830 524628 540818 548438 568616 580648 606018 639987 677332 732067 1.67017e+07 1.57558e+07 1.62051e+07 1.64645e+07 1.65392e+07 1.65249e+07 1.64852e+07 1.64481e+07 1.64228e+07 1.641e+07 1.64068e+07 1.64102e+07 1.64172e+07 1.64259e+07 1.64348e+07 1.64432e+07 1.64506e+07 1.64571e+07 1.64625e+07 1.64669e+07 1.64706e+07 1.64735e+07 1.64758e+07 1.64776e+07 1.6479e+07 1.64801e+07 1.6481e+07 1.64817e+07 1.64822e+07 1.64826e+07 1.6483e+07 1.64832e+07 1.64834e+07 1.64836e+07 1.64837e+07 1.64838e+07 1.64838e+07 1.64839e+07 1.64839e+07 1.6484e+07 1.6484e+07 1.6484e+07 1.6484e+07 1.64841e+07 1.64841e+07 1.64841e+07 1.64841e+07 1.64841e+07 1.64841e+07 1.64841e+07 1.64841e+07 1.64841e+07 1.64841e+07 1.64841e+07 1.64841e+07 1.64841e+07 1.64841e+07 1.64841e+07 1.64841e+07 1.64841e+07 1.64841e+07 1.64841e+07 1.64841e+07 1.64841e+07 1.64841e+07 1.64841e+07 1.64841e+07 1.64841e+07 1.64841e+07 1.64841e+07 1.64841e+07 1.64841e+07 1.64841e+07 1.64841e+07 1.64841e+07 1.64841e+07 1.64841e+07 1.64841e+07 1.64841e+07 1.64841e+07 1.64841e+07 1.64841e+07 1.64841e+07 1.64841e+07 1.64841e+07 1.64841e+07 1.64841e+07 1.64841e+07 1.64841e+07 1.64841e+07 1.64841e+07 1.64841e+07 1.64841e+07 1.64841e+07 1.64841e+07 1.64841e+07 1.64841e+07 1.64841e+07 1.64841e+07 1.64841e+07 0 0 0 0 0 0 0 0 0 0 0 0 0 0 0 0 0 0 0 0 0 0 0 0 0
#obs cpue bio
 4.21135e+06 3.65148e+06 2.79538e+06 2.73185e+06 2.67545e+06 2.2714e+06 2.04654e+06 2.21498e+06 1.74431e+06 1.49276e+06 1.38664e+06 1.43591e+06 962847 835062 639329 438044 1.03037e+06 662003 608323 409320 686716 459895 757196 537129 595335 832354 298942 388995 485248 495991 579359 704416 567432 598948 650133 721718 449417 733934 610335 412711 608656 584838 431842 526718 495788 772287 693996 562193 525912 883941 588514
#pred surv len freq
 0.00472465 0.00760946 0.0113452 0.015898 0.0211825 0.0270028 0.0330039 0.03873 0.0437767 0.0479171 0.0511188 0.0534822 0.0551697 0.0563471 0.0571343 0.0575703 0.0576088 0.0571364 0.0559871 0.0539376 0.0507084 0.0460336 0.0398265 0.032371 0.024378
 0.00508512 0.00811325 0.0119567 0.0165466 0.0218009 0.027576 0.0335923 0.0394381 0.0446747 0.0489633 0.0521368 0.0542155 0.0553842 0.05593 0.0561419 0.0562098 0.0561652 0.0558748 0.0550656 0.0533674 0.0503796 0.0457907 0.0395521 0.0320305 0.024009
 0.00520799 0.00835591 0.0123954 0.0172642 0.0228494 0.0289312 0.0351313 0.0409712 0.0460254 0.0500427 0.0529531 0.0548083 0.0557411 0.0559589 0.0557236 0.0552914 0.0548232 0.0543023 0.0534953 0.0519778 0.0492406 0.0448754 0.0387939 0.0313809 0.0234595
 0.00537135 0.00860747 0.0127531 0.0177488 0.0234965 0.0297978 0.0362831 0.0424433 0.0477728 0.0519167 0.0547319 0.0562715 0.0567385 0.0564255 0.0556463 0.0546746 0.053694 0.0527445 0.0516648 0.0500717 0.0474372 0.0432877 0.037466 0.0303144 0.0226407
 0.00562251 0.00900076 0.0133167 0.0184985 0.0244341 0.0309114 0.0375494 0.0438342 0.0492633 0.053482 0.0563257 0.0577993 0.0580511 0.0573494 0.0560327 0.0544375 0.0528211 0.0512937 0.0497597 0.0478918 0.0451906 0.0411697 0.0356215 0.0288229 0.0215205
 0.00588474 0.00942047 0.0139362 0.0193531 0.025546 0.03228 0.03914 0.0455745 0.0510539 0.0552188 0.057922 0.059192 0.0591879 0.0581662 0.0564409 0.0543345 0.0521236 0.049975 0.0478756 0.0455849 0.0426709 0.0386751 0.033368 0.0269611 0.0201147
 0.00614357 0.00983888 0.0145623 0.0202323 0.0267151 0.0337561 0.040906 0.0475678 0.0531677 0.0573152 0.0598537 0.0608263 0.0604259 0.0589468 0.0567292 0.0541009 0.0513332 0.0486013 0.0459332 0.0431643 0.0399506 0.0358987 0.0307908 0.0247875 0.0184526
 0.00640452 0.0102528 0.0151675 0.0210611 0.0277931 0.0350983 0.0425086 0.0493979 0.0551573 0.0593623 0.0618296 0.0625897 0.0618416 0.0599051 0.057157 0.0539597 0.0506078 0.0472922 0.0440659 0.0408143 0.0372683 0.0331072 0.0281473 0.0225179 0.016693
 0.00663962 0.0106387 0.0157554 0.0219017 0.0289276 0.0365444 0.0442447 0.0513581 0.0572392 0.0614454 0.0637908 0.0643117 0.0632164 0.0608378 0.0575713 0.0538041 0.0498578 0.0459506 0.0421677 0.0384407 0.0345642 0.0302842 0.0254548 0.0201852 0.0148679
 0.00691025 0.011069 0.0163864 0.0227694 0.0300612 0.0379613 0.0459399 0.053291 0.0593269 0.063566 0.0657988 0.0660597 0.0645773 0.0617181 0.0579126 0.0535759 0.0490502 0.0445734 0.0402582 0.0360795 0.0318908 0.0274999 0.022797 0.0178752 0.0130521
 0.00718943 0.0115106 0.0170287 0.0236415 0.0311801 0.0393277 0.0475306 0.0550545 0.0611861 0.0654261 0.0675554 0.0676047 0.0658051 0.0625349 0.0582469 0.0533841 0.0483163 0.0433069 0.0384968 0.0338997 0.029422 0.0249261 0.0203357 0.01573 0.01136
 0.00744215 0.0119194 0.0176403 0.024498 0.0323121 0.0407412 0.049194 0.0568922 0.0630874 0.0672646 0.0692098 0.0689732 0.0668102 0.0631231 0.0583838 0.0530504 0.0475069 0.0420329 0.0367933 0.0318367 0.0271161 0.0225423 0.0180671 0.0137577 0.00980532
 0.00765766 0.0122675 0.0181608 0.025229 0.0332854 0.0419737 0.0506753 0.0585737 0.0648799 0.069047 0.0708458 0.0703326 0.0677896 0.0636585 0.0584509 0.0526553 0.0466725 0.0407921 0.0351905 0.0299398 0.0250285 0.0204061 0.016048 0.0120095 0.00843053
 0.00803698 0.0128589 0.0190044 0.0263466 0.0346797 0.0436255 0.052537 0.0605629 0.0668807 0.0709219 0.0724535 0.0715465 0.068515 0.0638448 0.058096 0.0517987 0.0453813 0.0391447 0.0332691 0.0278326 0.0228392 0.0182597 0.0140809 0.0103434 0.00714023
 0.0081696 0.0130964 0.0194021 0.0269685 0.0355828 0.0448359 0.0540276 0.0622487 0.0686355 0.0726064 0.0739395 0.0727288 0.069314 0.0642076 0.057999 0.05125 0.0444189 0.0378317 0.0316857 0.0260717 0.0210059 0.0164694 0.0124505 0.00897095 0.00608291
 0.00823368 0.0132181 0.0196194 0.0273333 0.0361548 0.0456701 0.0551548 0.063656 0.070253 0.0743066 0.0755554 0.0740877 0.0702757 0.0646901 0.0579827 0.0507644 0.043525 0.0366076 0.0302199 0.0244605 0.0193524 0.0148803 0.0110259 0.00778908 0.00518362
 0.00830293 0.0133037 0.0197008 0.0273805 0.0361452 0.0456109 0.0550985 0.0636955 0.0704921 0.0748194 0.0763514 0.0750989 0.0713705 0.0657072 0.0587721 0.0512202 0.0436004 0.0363117 0.0296052 0.0236084 0.0183615 0.0138554 0.0100657 0.00697091 0.00455099
 0.00839488 0.0134402 0.0198804 0.0275887 0.0363533 0.0457782 0.0551817 0.0636653 0.0703562 0.0746367 0.076223 0.0751316 0.071628 0.0661771 0.0593652 0.0518025 0.0440385 0.0365115 0.0295303 0.0232799 0.0178439 0.0132372 0.00943859 0.00641119 0.00410602
 0.00858422 0.0137406 0.0203173 0.0281779 0.0370935 0.0466416 0.0561047 0.0645486 0.0710814 0.0750977 0.0763612 0.074959 0.0712252 0.0656633 0.0588517 0.0513523 0.0436519 0.0361433 0.0291244 0.0228015 0.0172955 0.0126556 0.00887839 0.00592411 0.00372492
 0.00869508 0.0139087 0.0205486 0.0284718 0.0374461 0.047049 0.0565625 0.0650456 0.0715906 0.0755714 0.0767358 0.075172 0.0712392 0.0654841 0.0585287 0.0509581 0.0432509 0.0357677 0.0287711 0.0224484 0.0169256 0.0122722 0.00850491 0.00559233 0.00345977
 0.00876089 0.0140014 0.0206616 0.0285899 0.0375499 0.0471225 0.0566005 0.0650573 0.0715985 0.0756036 0.0768146 0.0753012 0.0713984 0.0656348 0.0586318 0.0509916 0.0432162 0.0356814 0.0286501 0.0223007 0.0167527 0.012078 0.00830227 0.00540109 0.00329901
 0.00861559 0.0138003 0.0204233 0.0283515 0.0373544 0.0469995 0.0565529 0.0650637 0.0716292 0.0756408 0.0768623 0.0753805 0.0715312 0.0658273 0.0588677 0.051237 0.0434347 0.0358466 0.0287512 0.0223393 0.0167369 0.0120198 0.00821692 0.00530622 0.00321108
 0.00852278 0.0136342 0.0201477 0.0279307 0.0367699 0.0462722 0.0557562 0.0643128 0.0710454 0.0753084 0.0768057 0.0755708 0.0719129 0.0663422 0.0594638 0.0518669 0.0440513 0.0364059 0.0292189 0.022697 0.0169833 0.0121675 0.00828745 0.00532472 0.00320128
 0.00852591 0.0136367 0.0201447 0.0279108 0.036712 0.0461448 0.0555241 0.0639535 0.0705702 0.0747751 0.0763086 0.0752086 0.071752 0.0663964 0.0597008 0.0522291 0.0444766 0.0368396 0.0296174 0.0230299 0.0172349 0.0123369 0.00838593 0.00537077 0.00321476
 0.00850301 0.0135944 0.0200718 0.027794 0.0365392 0.0459093 0.0552276 0.0636054 0.0701842 0.074369 0.0759087 0.0748565 0.0715024 0.0663034 0.0597955 0.0525047 0.0448901 0.0373264 0.030111 0.0234764 0.0176003 0.0126081 0.00856761 0.00547931 0.00327145
 0.00866561 0.013822 0.0203457 0.0280727 0.0367678 0.0460369 0.0552221 0.0634595 0.0699126 0.0740012 0.0754818 0.0744107 0.0710796 0.065946 0.0595439 0.052389 0.0449193 0.0374827 0.0303533 0.0237532 0.0178644 0.0128272 0.00872815 0.00558347 0.00333103
 0.00866857 0.0138405 0.020397 0.0281759 0.0369322 0.0462477 0.0554327 0.0636008 0.0699196 0.0738418 0.075172 0.0740066 0.0706538 0.0655649 0.0592545 0.0522178 0.0448745 0.0375557 0.0305195 0.0239753 0.0181006 0.0130417 0.00889838 0.00570285 0.00340517
 0.00867382 0.0138658 0.0204666 0.0283243 0.0371974 0.0466573 0.0559878 0.0642635 0.0706095 0.0744477 0.075578 0.0741274 0.0704641 0.0651079 0.058625 0.0515291 0.0442275 0.0370196 0.0301263 0.0237238 0.0179662 0.0129883 0.00889062 0.00571366 0.00341875
 0.00859472 0.0137382 0.0202785 0.02807 0.036885 0.0463168 0.0556752 0.0640527 0.0705697 0.0746145 0.0759323 0.0745955 0.0709409 0.0654929 0.0588559 0.051598 0.0441733 0.0369046 0.0300097 0.0236439 0.0179351 0.0129978 0.00892295 0.00575136 0.00345055
 0.00850496 0.0135974 0.0200757 0.0277979 0.0365406 0.0459041 0.0552104 0.0635709 0.0701277 0.0742848 0.075786 0.0746769 0.0712456 0.0659629 0.059397 0.0521128 0.0445941 0.0372082 0.0302115 0.0237778 0.0180334 0.0130799 0.00899442 0.00581048 0.00349468
 0.00840459 0.0134487 0.0198787 0.0275613 0.0362782 0.0456293 0.0549324 0.0632954 0.0698616 0.0740419 0.0755915 0.0745664 0.0712557 0.0661152 0.0596829 0.0524907 0.0450011 0.0375837 0.0305172 0.0240042 0.0181924 0.0131908 0.00907366 0.00586768 0.00353469
 0.00822136 0.0131561 0.0194494 0.0269767 0.035536 0.0447531 0.0539793 0.0623535 0.0690332 0.0734185 0.0752342 0.0744995 0.0714721 0.066585 0.0603593 0.0533114 0.0458914 0.0384639 0.0313168 0.0246755 0.0187167 0.0135747 0.00933907 0.00604137 0.00364194
 0.00801828 0.0128563 0.0190535 0.0265022 0.0350091 0.0441962 0.0534058 0.0617728 0.0684635 0.0728967 0.0748147 0.0742407 0.0714185 0.0667544 0.0607397 0.0538659 0.0465652 0.0391926 0.0320339 0.0253233 0.0192558 0.0139892 0.00963407 0.00623626 0.00376148
 0.00775468 0.0124622 0.0185255 0.0258626 0.0343022 0.0434804 0.0527434 0.0612202 0.0680588 0.0726513 0.0747146 0.0742613 0.0715421 0.066979 0.0610736 0.0543132 0.0471141 0.0398111 0.032675 0.0259347 0.0197922 0.0144218 0.0099546 0.00645418 0.00389734
 0.00774042 0.0124042 0.0183754 0.0255585 0.0337898 0.042744 0.0518304 0.0602401 0.0671531 0.0719477 0.0742908 0.0741321 0.0716716 0.0673063 0.061538 0.0548689 0.0477306 0.0404636 0.0333344 0.0265651 0.020356 0.014889 0.0103109 0.00670308 0.00405596
 0.00839443 0.0133326 0.0195202 0.0267732 0.0348713 0.0434901 0.0520951 0.0599657 0.0663788 0.0708012 0.0729604 0.0728217 0.0705491 0.0664674 0.061002 0.0546013 0.0476742 0.0405611 0.0335366 0.0268283 0.0206394 0.0151566 0.010536 0.00687265 0.00417052
 0.00885619 0.0140754 0.0206156 0.028261 0.0367259 0.0455821 0.0541715 0.0616836 0.0674013 0.0709157 0.0721569 0.0712877 0.0685934 0.0644177 0.0591211 0.0530461 0.0464979 0.0397423 0.0330152 0.0265336 0.0205039 0.0151218 0.0105548 0.00691107 0.00420815
 0.00893089 0.0142461 0.020965 0.0289005 0.0377716 0.0471111 0.0561711 0.0640144 0.0697933 0.0730085 0.0735821 0.071776 0.0680637 0.0630042 0.0571214 0.0508172 0.0443521 0.0378861 0.03154 0.0254423 0.0197478 0.0146309 0.0102574 0.00674419 0.00412209
 0.00879577 0.0140426 0.0206938 0.0285851 0.0374691 0.0469188 0.0562216 0.0644467 0.0706988 0.0743693 0.0752366 0.0734393 0.0694063 0.0637587 0.0571709 0.0502248 0.0433208 0.0366732 0.030372 0.0244638 0.0190144 0.014132 0.00994739 0.00656789 0.00403064
 0.00875862 0.0139657 0.0205482 0.0283363 0.0370888 0.0464052 0.0556192 0.0638556 0.0702637 0.0742458 0.0755404 0.074193 0.0705069 0.064991 0.0582713 0.0509733 0.0436154 0.0365514 0.0299719 0.0239542 0.0185328 0.0137543 0.00969144 0.00641548 0.00395035
 0.00882638 0.0140537 0.0206381 0.0283935 0.0370672 0.0462577 0.055312 0.0633836 0.0696646 0.0736079 0.074995 0.0738845 0.0705442 0.0653983 0.0589651 0.0517836 0.0443475 0.0370587 0.0302024 0.0239498 0.0183884 0.0135672 0.00952722 0.00630055 0.00388299
 0.00905707 0.0144065 0.0211262 0.0290098 0.0377811 0.0470129 0.056026 0.0639548 0.0699921 0.0736219 0.0746851 0.0733127 0.0698338 0.0646987 0.0584026 0.0514174 0.0441545 0.0369561 0.0300976 0.0237861 0.0181631 0.0133171 0.00929836 0.00612341 0.00376497
 0.00924074 0.0146963 0.0215454 0.0295725 0.0384876 0.0478428 0.0569306 0.0648538 0.0707812 0.0741912 0.0749437 0.0732131 0.0693892 0.0639865 0.0575471 0.0505544 0.0433892 0.0363363 0.0296139 0.0233983 0.0178333 0.0130288 0.0090551 0.00593489 0.0036342
 0.00915958 0.0145902 0.0214339 0.0294915 0.0384818 0.0479521 0.0571773 0.0652352 0.0712681 0.0747312 0.0754665 0.0736408 0.0696528 0.0640446 0.0574011 0.0502499 0.0430007 0.0359398 0.0292619 0.0231098 0.0176024 0.0128418 0.00890311 0.00581581 0.00354807
 0.00916303 0.0145957 0.0214434 0.0295101 0.0385212 0.0480331 0.0573281 0.0654836 0.0716275 0.0751868 0.0759712 0.0741227 0.0700334 0.0642587 0.0574134 0.0500634 0.0426554 0.035501 0.0288006 0.0226831 0.0172428 0.0125586 0.00869132 0.00566505 0.00344692
 0.00924968 0.0147048 0.0215493 0.0295703 0.0384896 0.0478807 0.0570615 0.0651496 0.0713024 0.0749542 0.0758965 0.0742332 0.0703081 0.0646347 0.0578049 0.0503888 0.0428611 0.0355726 0.0287589 0.0225693 0.0171004 0.0124204 0.00857544 0.00557743 0.00338619
 0.00947569 0.0150499 0.0220247 0.0301658 0.0391691 0.0485809 0.0576954 0.0656206 0.0715321 0.0749121 0.0756155 0.0737975 0.0698204 0.0641792 0.057424 0.0500813 0.0425975 0.0353189 0.0284954 0.0222973 0.0168371 0.0121873 0.00838778 0.00544 0.00329445
 0.00960715 0.0152501 0.0223008 0.0305154 0.0395802 0.0490336 0.0581594 0.0660539 0.0718815 0.0751226 0.0756462 0.0736388 0.0695033 0.0637678 0.056994 0.0496929 0.0422787 0.0350657 0.0282862 0.0221111 0.0166644 0.0120305 0.008255 0.00533758 0.00322313
 0.00960612 0.0152589 0.0223331 0.0305896 0.0397144 0.0492368 0.0584253 0.0663594 0.0721921 0.0754 0.0758548 0.0737498 0.0694998 0.063651 0.0567867 0.0494347 0.0420133 0.0348256 0.0280853 0.0219471 0.0165283 0.0119157 0.00815974 0.00526298 0.00316958
 0.00963368 0.0152957 0.0223745 0.0306287 0.0397467 0.0492662 0.0584668 0.0664342 0.0723168 0.0755749 0.0760593 0.0739482 0.0696527 0.0637278 0.0567738 0.0493383 0.0418562 0.0346392 0.0278987 0.0217798 0.0163886 0.0118038 0.0080729 0.00519831 0.00312431
 0.00911123 0.014552 0.0214506 0.0296279 0.0388044 0.0485014 0.0579461 0.0661678 0.0722818 0.0757431 0.0764093 0.0744587 0.0702896 0.064438 0.057492 0.0500026 0.0424226 0.0350883 0.0282337 0.0220172 0.0165492 0.0119069 0.00813451 0.00523148 0.00313965
#obs surv len freq
 nan nan nan nan nan nan nan nan nan nan nan nan nan nan nan nan nan nan nan nan nan nan nan nan nan
 0.00448338 0.00734429 0.0111741 0.0159907 0.0216922 0.0279688 0.034284 0.0400161 0.044696 0.0481597 0.0505171 0.0520122 0.0529036 0.0534153 0.053729 0.0539835 0.0542617 0.0545542 0.0546928 0.0542847 0.0527227 0.0493549 0.0438048 0.0362851 0.027669
 0.0046107 0.00755416 0.0114949 0.0164497 0.0223087 0.0287439 0.0351904 0.0409951 0.0456662 0.0490328 0.0512148 0.0524783 0.0531093 0.0533591 0.0534329 0.0534849 0.0536047 0.0537818 0.0538444 0.0533976 0.051836 0.048512 0.0430506 0.0356576 0.0271894
 0.00478205 0.00783139 0.0119099 0.0170315 0.023079 0.0297084 0.0363289 0.0422564 0.0469711 0.0502852 0.0523153 0.0533364 0.0536541 0.0535481 0.0532557 0.0529621 0.0527805 0.0527158 0.052603 0.0520514 0.0504605 0.0471877 0.0418574 0.0346614 0.0264266
 0.00497565 0.00815004 0.0123965 0.0177279 0.024017 0.0308962 0.0377379 0.0438178 0.0485862 0.0518448 0.0537155 0.0544857 0.0544747 0.053978 0.0532537 0.052514 0.0519035 0.0514576 0.0510386 0.0502782 0.0485945 0.0453573 0.0401895 0.0332597 0.0253494
 0.00518202 0.00848841 0.0129113 0.0184633 0.0250088 0.0321596 0.0392533 0.0455241 0.0503872 0.0536253 0.0553585 0.0558843 0.0555387 0.0546348 0.053449 0.0522129 0.0510957 0.050164 0.0493188 0.0482343 0.0463692 0.043122 0.0381202 0.0315031 0.023991
 0.00540868 0.00885861 0.0134718 0.0192591 0.0260752 0.0335092 0.0408629 0.0473289 0.0522898 0.0555125 0.0571178 0.0574123 0.0567441 0.0554393 0.0537877 0.0520366 0.0503738 0.048894 0.0475381 0.0460338 0.0438993 0.0405823 0.0357281 0.0294477 0.0223884
 0.00564105 0.00924134 0.0140571 0.0200984 0.0272096 0.0349529 0.0425874 0.049258 0.0543113 0.0575008 0.0589544 0.0589963 0.0579929 0.0562848 0.0541722 0.0519102 0.0496973 0.0476475 0.045738 0.0437534 0.0412833 0.0378415 0.0331069 0.0271683 0.0205953
 0.00589169 0.00964884 0.0146707 0.0209648 0.0283647 0.0364096 0.0443205 0.0511981 0.0563523 0.0595182 0.0608247 0.0606106 0.0592628 0.0571425 0.0545664 0.0517995 0.0490469 0.046434 0.0439657 0.0414788 0.0386371 0.035031 0.0303856 0.0247769 0.0186979
 0.00612743 0.0100378 0.0152665 0.0218205 0.0295219 0.0378812 0.0460747 0.0531534 0.0583915 0.0615128 0.0626555 0.0621783 0.0604882 0.057964 0.0549363 0.05168 0.0484074 0.0452533 0.042245 0.0392646 0.0360459 0.0322575 0.0276777 0.022378 0.0167808
 0.00638991 0.0104638 0.0159066 0.0227216 0.0307189 0.0393835 0.0478509 0.0551253 0.0604428 0.0635098 0.0644698 0.0637016 0.0616398 0.0586896 0.0552023 0.0514648 0.0476948 0.0440324 0.0405209 0.0370805 0.0335079 0.0295456 0.0250258 0.0200212 0.0148898
 0.00661565 0.0108403 0.0164903 0.02357 0.0318777 0.0408667 0.0496221 0.0570934 0.0624778 0.0654709 0.0662295 0.0651583 0.0627189 0.0593414 0.0553975 0.0511894 0.0469435 0.0428066 0.038835 0.0349798 0.031091 0.0269765 0.0225182 0.0177917 0.013098
 0.00684838 0.0112202 0.0170653 0.0243867 0.032973 0.0422545 0.0512783 0.0589473 0.0644186 0.0673656 0.0679446 0.0665775 0.0637551 0.0599404 0.0555343 0.0508601 0.046156 0.0415762 0.0371882 0.032968 0.0288095 0.0245751 0.0201887 0.0157274 0.0114411
 0.00707148 0.0115849 0.0176177 0.0251701 0.0340193 0.0435701 0.0528301 0.0606598 0.066185 0.0690685 0.0694744 0.0678414 0.0646795 0.0604722 0.0556417 0.0505317 0.0453979 0.0404078 0.0356433 0.0311032 0.0267179 0.0223937 0.0180871 0.0138738 0.00995758
 0.00727725 0.011924 0.0181363 0.0259131 0.0350206 0.0448367 0.0543275 0.0623072 0.0678683 0.0706639 0.0708708 0.068953 0.0654488 0.0608658 0.0556453 0.0501447 0.0446298 0.0392787 0.0341874 0.0293768 0.024809 0.0204262 0.0162096 0.0122301 0.00864906
 0.00742749 0.012174 0.0185232 0.0264757 0.0357915 0.0458309 0.0555287 0.0636625 0.0692935 0.0720579 0.0721319 0.069992 0.0661971 0.0612799 0.0557054 0.0498498 0.0439924 0.0383208 0.032943 0.0278986 0.0231766 0.0187486 0.0146147 0.0108388 0.00754512
 0.0075347 0.0123457 0.0187775 0.0268295 0.0362597 0.0464241 0.056249 0.0644988 0.0702186 0.0730288 0.0730915 0.0708739 0.0669325 0.0618058 0.0559727 0.0498279 0.0436702 0.0377054 0.0320595 0.0267927 0.0219188 0.0174338 0.0133524 0.00973186 0.0066644
 0.00762479 0.0124878 0.0189833 0.027107 0.0366122 0.0468489 0.0567363 0.0650327 0.0707809 0.0736031 0.0736637 0.0714274 0.0674418 0.0622338 0.0562731 0.0499534 0.0435823 0.0373827 0.031503 0.0260297 0.0210042 0.0164472 0.012387 0.0088754 0.00597819
 0.00767247 0.012561 0.0190855 0.0272391 0.0367731 0.0470368 0.0569493 0.0652689 0.0710391 0.0738827 0.073965 0.0717499 0.0677798 0.0625719 0.0565826 0.0501937 0.0437064 0.0373481 0.0312836 0.0256252 0.0204453 0.0157931 0.0117141 0.00825916 0.00547426
 0.00772232 0.0126367 0.0191894 0.0273696 0.0369248 0.0472016 0.0571176 0.0654311 0.0711882 0.0740175 0.0740908 0.0718765 0.0679175 0.0627253 0.0567465 0.0503495 0.0438229 0.037387 0.0312096 0.0254186 0.0201121 0.0153676 0.0112514 0.00781973 0.005106
 0.00777671 0.0127177 0.0192975 0.0274999 0.0370685 0.0473478 0.0572551 0.0655501 0.0712816 0.0740828 0.0741316 0.071902 0.0679403 0.0627576 0.0567954 0.0504128 0.0438867 0.0374264 0.0311945 0.0253238 0.0199281 0.0151077 0.0109496 0.00751965 0.00484625
 0.00784041 0.0128167 0.0194374 0.0276817 0.0372871 0.0475903 0.0575008 0.0657724 0.071454 0.074187 0.0741625 0.0718681 0.06786 0.062653 0.0566873 0.0503158 0.0438057 0.0373546 0.0311154 0.0252173 0.0197799 0.0149176 0.0107335 0.00730397 0.00465744
 0.0078522 0.0128356 0.0194655 0.0277209 0.037339 0.0476558 0.0575793 0.0658605 0.0715456 0.0742734 0.074234 0.0719171 0.0678829 0.0626524 0.0566702 0.0502914 0.0437812 0.0373316 0.0310879 0.0251743 0.0197106 0.0148179 0.0106102 0.00717302 0.00453727
 0.00786497 0.0128507 0.0194779 0.0277231 0.0373236 0.0476198 0.0575269 0.0658037 0.0714996 0.0742516 0.0742433 0.0719561 0.0679434 0.0627228 0.0567399 0.0503535 0.0438329 0.0373719 0.0311152 0.0251842 0.0196978 0.0147797 0.0105502 0.00710112 0.00446616
 0.00788597 0.0128822 0.0195199 0.027773 0.0373756 0.0476653 0.0575555 0.065806 0.0714715 0.0741977 0.0741767 0.0718942 0.0679012 0.0627074 0.0567495 0.0503802 0.0438668 0.0374045 0.0311402 0.0251971 0.0196951 0.0147601 0.0105156 0.00705743 0.00442144
 0.00790535 0.0129101 0.0195552 0.0278123 0.0374141 0.0476977 0.0575773 0.0658137 0.0714624 0.0741701 0.074132 0.071838 0.0678432 0.0626593 0.0567208 0.0503747 0.0438816 0.037432 0.031171 0.0252227 0.0197096 0.0147608 0.0105033 0.00703612 0.00439674
 0.00790514 0.012909 0.019552 0.0278053 0.0374013 0.0476773 0.0575485 0.0657771 0.0714204 0.0741266 0.0740917 0.0718048 0.0678204 0.0626493 0.0567257 0.050396 0.0439187 0.0374815 0.0312262 0.0252755 0.0197527 0.0147897 0.0105172 0.00703757 0.00439042
 0.00789462 0.0128912 0.0195241 0.0277643 0.0373452 0.0476064 0.0574665 0.0656908 0.0713387 0.0740581 0.074043 0.0717797 0.0678198 0.0626719 0.0567685 0.0504552 0.0439903 0.0375609 0.0313079 0.0253532 0.01982 0.0148418 0.0105523 0.00705722 0.00439851
 0.00786888 0.0128473 0.0194545 0.0276614 0.0372037 0.047427 0.0572591 0.0654746 0.0711384 0.073898 0.0739409 0.0717446 0.0678508 0.0627607 0.0569019 0.0506179 0.0441677 0.0377403 0.0314789 0.0255072 0.0199506 0.0149449 0.0106272 0.00710647 0.00442734
 0.00787295 0.0128486 0.0194464 0.0276342 0.0371464 0.0473311 0.0571221 0.0653025 0.0709452 0.0737041 0.0737694 0.0716169 0.0677826 0.0627586 0.0569628 0.0507306 0.0443164 0.0379076 0.0316488 0.0256666 0.0200896 0.0150576 0.0107116 0.00716424 0.00446315
 0.00786523 0.0128362 0.0194279 0.0276074 0.0371084 0.0472775 0.0570476 0.0652027 0.0708194 0.0735578 0.0736152 0.0714735 0.0676703 0.0626946 0.0569571 0.050784 0.0444205 0.0380476 0.0318069 0.0258253 0.0202347 0.0151793 0.0108052 0.00723024 0.00450544
 0.00783367 0.0127837 0.019347 0.0274915 0.0369537 0.0470869 0.0568326 0.0649827 0.0706164 0.0733899 0.0734935 0.0714014 0.0676481 0.0627217 0.0570332 0.0509076 0.044586 0.0382445 0.0320199 0.0260369 0.0204284 0.0153429 0.0109325 0.007321 0.00456452
 0.00780636 0.0127385 0.0192773 0.0273908 0.0368166 0.0469118 0.0566242 0.0647533 0.0703854 0.0731803 0.0733269 0.071294 0.0676074 0.062747 0.0571179 0.0510422 0.0447605 0.0384476 0.0322385 0.026256 0.0206325 0.0155187 0.011072 0.00742242 0.00463171
 0.00776377 0.0126669 0.0191658 0.0272281 0.0365951 0.0466319 0.0562983 0.0644067 0.0700512 0.0728924 0.0731131 0.0711723 0.0675853 0.0628219 0.0572785 0.0512709 0.0450366 0.03875 0.0325473 0.0265529 0.0209013 0.0157467 0.0112516 0.00755295 0.00471852
 0.00772606 0.0126076 0.01908 0.0271121 0.0364459 0.0464477 0.0560801 0.0641599 0.0697881 0.0726321 0.0728797 0.0709913 0.0674781 0.0628016 0.0573477 0.051422 0.0452537 0.0390123 0.0328316 0.0268366 0.0211643 0.0159736 0.011433 0.00768651 0.00480846
 0.00933927 0.0148648 0.021802 0.0299072 0.0388242 0.0480025 0.056632 0.0637824 0.0687218 0.0711614 0.0712437 0.069354 0.0659389 0.0614177 0.0561505 0.0504253 0.0444568 0.0384026 0.0323876 0.0265312 0.0209681 0.0158577 0.0113716 0.00765847 0.00479836
 0.00931116 0.0151187 0.0227122 0.0319386 0.0423298 0.0529502 0.0624308 0.0693796 0.072978 0.0733 0.0711073 0.0673437 0.0627367 0.0576948 0.0524024 0.0469461 0.0413888 0.0357968 0.0302465 0.0248309 0.0196687 0.0149082 0.0107134 0.00722923 0.00453738
 0.00896307 0.0145686 0.0219362 0.0309832 0.0413679 0.0523198 0.0625963 0.0707669 0.075722 0.077056 0.0750922 0.0706346 0.0646572 0.0580496 0.0514477 0.0451737 0.0392931 0.0337393 0.0284314 0.0233417 0.0185154 0.0140622 0.0101272 0.00684803 0.00430645
 0.00878235 0.0142685 0.0214734 0.0303158 0.0404715 0.0512175 0.0613986 0.0697017 0.0751192 0.0772583 0.0763009 0.0727608 0.0672854 0.0605715 0.0533096 0.04609 0.0393041 0.0331119 0.0274964 0.0223691 0.0176671 0.0134033 0.00965967 0.00654199 0.00412147
 0.00869664 0.0141206 0.0212344 0.0299524 0.0399518 0.0505221 0.0605357 0.0687213 0.0741264 0.0764183 0.0758253 0.0728565 0.068065 0.0619663 0.0550484 0.0477841 0.0406027 0.0338356 0.0276719 0.0221639 0.0172847 0.0130031 0.00932954 0.00630842 0.00397494
 0.00867777 0.0140866 0.0211762 0.0298572 0.0398026 0.0502988 0.0602183 0.0682961 0.0735949 0.0758101 0.0752103 0.072349 0.0678069 0.0620824 0.055584 0.0486587 0.0416204 0.0347584 0.0283189 0.0224749 0.0173152 0.0128684 0.00914148 0.0061392 0.00385331
 0.00869604 0.0141113 0.0212039 0.0298806 0.0398113 0.0502805 0.0601597 0.0681831 0.0734139 0.0755515 0.0748759 0.0719631 0.0674254 0.0617899 0.0554731 0.0487907 0.0419869 0.0352711 0.0288416 0.0228831 0.0175467 0.0129343 0.00909957 0.00605477 0.0037719
 0.00868351 0.014097 0.0211932 0.0298813 0.0398302 0.0503189 0.0602093 0.0682268 0.0734295 0.075518 0.0747789 0.0717988 0.0672047 0.0615435 0.0552512 0.0486535 0.0419819 0.0354079 0.0290805 0.02315 0.0177678 0.0130681 0.00914627 0.00604303 0.0037361
 0.00865697 0.0140559 0.0211355 0.0298078 0.0397455 0.0502322 0.060134 0.0681768 0.0734136 0.075534 0.0748122 0.0718268 0.0672058 0.061507 0.0551838 0.0485805 0.0419393 0.0354268 0.0291706 0.0232924 0.0179232 0.013197 0.00922704 0.00607678 0.00373847
 0.00862917 0.0140118 0.0210715 0.0297216 0.0396373 0.0501059 0.0599986 0.0680469 0.0733066 0.0754663 0.0747931 0.0718545 0.0672676 0.0615825 0.0552539 0.0486355 0.0419835 0.0354752 0.0292391 0.0233862 0.0180323 0.0133016 0.00930897 0.00612794 0.00376237
 0.00863357 0.0140144 0.0210669 0.0297021 0.0395949 0.0500356 0.0599016 0.0679308 0.0731849 0.0753543 0.0747056 0.071803 0.0672568 0.0616095 0.0553086 0.048704 0.0420544 0.0355438 0.0293078 0.0234593 0.01811 0.0133778 0.00937423 0.00617534 0.00379079
 0.00863236 0.0140176 0.0210808 0.0297343 0.0396507 0.0501131 0.0599885 0.0680066 0.0732277 0.0753502 0.0746541 0.0717161 0.067154 0.0615107 0.0552279 0.0486477 0.0420215 0.03553 0.0293088 0.0234724 0.0181332 0.0134073 0.00940459 0.00620105 0.0038087
 0.00861328 0.013987 0.0210362 0.0296748 0.0395793 0.0500376 0.0599216 0.0679627 0.0732167 0.0753713 0.0746956 0.071761 0.0671885 0.0615297 0.0552353 0.0486523 0.0420313 0.035549 0.029337 0.0235072 0.0181713 0.0134452 0.00943884 0.00622881 0.00382853
 0.00862859 0.0140075 0.0210588 0.0296939 0.0395878 0.0500298 0.0598957 0.0679221 0.0731695 0.0753284 0.0746665 0.0717498 0.0671922 0.0615401 0.0552441 0.0486551 0.0420293 0.0355469 0.0293392 0.0235163 0.0181867 0.0134645 0.00945879 0.0062465 0.00384214
 0.00861756 0.0139933 0.021044 0.0296827 0.0395838 0.0500336 0.0599033 0.0679258 0.073162 0.0753068 0.0746345 0.0717162 0.067167 0.0615294 0.0552481 0.0486691 0.0420474 0.035565 0.0293564 0.0235333 0.0182046 0.0134831 0.00947672 0.0062621 0.00385419
 0.00861756 0.0139933 0.021044 0.0296827 0.0395838 0.0500336 0.0599033 0.0679258 0.073162 0.0753068 0.0746345 0.0717162 0.067167 0.0615294 0.0552481 0.0486691 0.0420474 0.035565 0.0293564 0.0235333 0.0182046 0.0134831 0.00947672 0.0062621 0.00385419
#pred catch len freq
 0.00351113 0.00559221 0.00823511 0.0114207 0.0151635 0.0194902 0.0243746 0.0296953 0.0352486 0.0407888 0.0460678 0.0508681 0.0550323 0.0584694 0.0611337 0.0629925 0.0640035 0.0641027 0.0631861 0.0610796 0.0575287 0.0522751 0.0452481 0.0367862 0.0277061
 0.0038011 0.00600186 0.00874192 0.0119771 0.0157261 0.0200562 0.0249974 0.0304557 0.0361893 0.0418508 0.0470725 0.0515666 0.0551991 0.0579965 0.0600817 0.0615781 0.0625282 0.0628489 0.062321 0.0606084 0.0573208 0.0521486 0.0450647 0.036503 0.0273644
 0.00393127 0.0062371 0.00913568 0.0125836 0.0165764 0.0211306 0.0262131 0.0316922 0.0373428 0.0428781 0.0479827 0.0523593 0.055801 0.0582564 0.0598406 0.0607695 0.0612394 0.0613003 0.0607751 0.0592632 0.0562492 0.0513117 0.0443786 0.0359065 0.0268455
 0.00410549 0.00650525 0.00951599 0.0130956 0.017252 0.0220207 0.0273762 0.0331581 0.0390678 0.0447244 0.0497472 0.0538408 0.0568577 0.0588145 0.0598617 0.0602266 0.0601363 0.0597154 0.0588778 0.057274 0.0543671 0.0496605 0.0430023 0.0348017 0.0259949
 0.00434545 0.00687715 0.0100422 0.0137864 0.0181078 0.0230368 0.0285481 0.0344859 0.0405552 0.0463646 0.0514936 0.055579 0.0584063 0.0599649 0.0604355 0.0601168 0.0593193 0.0582479 0.0568929 0.0549706 0.0519776 0.0474019 0.0410345 0.0332106 0.0247993
 0.00461215 0.00729681 0.0106488 0.0146047 0.0191525 0.0243095 0.0300308 0.0361355 0.0423054 0.0481375 0.0532127 0.0571733 0.0597997 0.0610587 0.0611014 0.0602159 0.0587413 0.056954 0.0549427 0.0525248 0.0492739 0.0447088 0.0385942 0.0311916 0.0232736
 0.00487068 0.0077073 0.01125 0.0154306 0.0202318 0.0256621 0.0316583 0.0380082 0.0443538 0.0502527 0.0552586 0.0590086 0.0613006 0.0621308 0.0616738 0.0602245 0.0581223 0.0556606 0.0529827 0.0499972 0.0463802 0.0417246 0.035808 0.0288342 0.0214678
 0.00515385 0.00814986 0.0118848 0.016282 0.0213185 0.0269994 0.0332535 0.0398497 0.0463979 0.0524154 0.0574156 0.0610066 0.0629798 0.0633497 0.0623275 0.0602474 0.0574789 0.0543388 0.0510043 0.0474456 0.0434267 0.0386255 0.0328586 0.0262946 0.0194953
 0.0054249 0.00858249 0.0125221 0.0171617 0.0224703 0.0284392 0.034974 0.0418124 0.0485321 0.0546232 0.0595783 0.0629918 0.064649 0.0645703 0.0629867 0.0602637 0.0568073 0.0529717 0.0489762 0.0448477 0.0404258 0.0354663 0.0298298 0.0236619 0.0174312
 0.00571214 0.00903264 0.0131705 0.018036 0.0235935 0.0298308 0.0366426 0.043742 0.0506674 0.0568626 0.0617818 0.0649999 0.0663075 0.0657504 0.0635929 0.0602328 0.0561055 0.0515952 0.0469601 0.0422818 0.0374715 0.0323573 0.0268426 0.0210545 0.015376
 0.00601927 0.00951142 0.0138541 0.0189454 0.0247391 0.0312141 0.0382533 0.0455512 0.0526222 0.0588843 0.0637659 0.066821 0.06783 0.0668453 0.0641551 0.0601918 0.0554274 0.050281 0.0450482 0.0398598 0.0346902 0.029433 0.0240307 0.018595 0.0134315
 0.00630352 0.00996134 0.0145095 0.0198379 0.0258899 0.0326295 0.0399157 0.0474106 0.0545958 0.060864 0.0656313 0.0684528 0.0691208 0.067706 0.0645178 0.0600104 0.0546788 0.0489682 0.0432073 0.0375718 0.032093 0.0267217 0.0214343 0.0163283 0.0116397
 0.00661094 0.0104437 0.0152044 0.0207724 0.0270816 0.0340838 0.0416182 0.0493156 0.0566185 0.0628823 0.0674998 0.0700246 0.0702722 0.0683539 0.0646237 0.0595723 0.0537176 0.0475195 0.0413235 0.035334 0.0296248 0.0241931 0.0190426 0.0142568 0.0100102
 0.00698466 0.0110212 0.0160191 0.0218397 0.0284018 0.0356468 0.0433996 0.051267 0.0586579 0.0648928 0.0693379 0.0715383 0.0713257 0.0688516 0.0645246 0.0588894 0.0525051 0.0458549 0.0392966 0.0330474 0.0272029 0.0217865 0.0168164 0.0123587 0.00853348
 0.00719758 0.0113728 0.0165585 0.0226164 0.0294567 0.0369963 0.0450204 0.0530888 0.0605714 0.0667673 0.0710388 0.0729398 0.0723198 0.0693568 0.0644955 0.0583223 0.0514373 0.0443574 0.0374641 0.0309914 0.0250501 0.0196764 0.0148897 0.0107341 0.00728032
 0.00723635 0.0114523 0.0167112 0.0228901 0.0299119 0.0376978 0.0460199 0.054404 0.0621645 0.0685343 0.0728185 0.0745449 0.0735784 0.0701461 0.0647547 0.058048 0.05067 0.0431692 0.0359495 0.0292622 0.0232308 0.0178978 0.0132763 0.00938422 0.00624702
 0.00728323 0.0115081 0.0167596 0.0229089 0.0298875 0.0376439 0.0459917 0.0544935 0.0624757 0.0691437 0.0737395 0.07571 0.0748474 0.0713394 0.0656981 0.0586124 0.0507921 0.0428519 0.0352489 0.0282717 0.0220669 0.0166865 0.0121366 0.00841038 0.00549255
 0.00743023 0.0117271 0.0170504 0.0232535 0.0302497 0.0379739 0.046236 0.0546128 0.062468 0.0690608 0.0736797 0.0757817 0.0751198 0.0718047 0.0662682 0.0591497 0.0511568 0.0429444 0.0350326 0.0277737 0.0213636 0.0158816 0.0113378 0.0077063 0.00493719
 0.00758388 0.0119694 0.0174007 0.0237235 0.0308394 0.0386655 0.046986 0.0553492 0.0630983 0.0694949 0.0738608 0.0757119 0.0748646 0.0714681 0.0659469 0.0588908 0.0509433 0.0427142 0.0347171 0.0273338 0.0208069 0.0152575 0.0107169 0.00715575 0.00450101
 0.00764777 0.0120661 0.0175339 0.0238949 0.0310521 0.0389272 0.0473083 0.0557394 0.0635467 0.0699643 0.0742876 0.0760235 0.075007 0.07143 0.0657649 0.0586297 0.0506624 0.0424403 0.0344404 0.0270267 0.0204508 0.0148603 0.0103115 0.00678501 0.00419926
 0.00768494 0.0121164 0.0175908 0.0239462 0.0310838 0.03893 0.0472846 0.055706 0.0635332 0.0700045 0.0744054 0.0762194 0.0752514 0.0716723 0.0659542 0.0587356 0.0506832 0.0423929 0.034343 0.0268878 0.0202722 0.0146474 0.0100813 0.00656315 0.00401039
 0.00751343 0.0118729 0.0172891 0.02362 0.0307755 0.0386734 0.0470932 0.0555747 0.0634513 0.0699703 0.0744332 0.0763323 0.075466 0.0719835 0.0663298 0.0591251 0.0510351 0.0426709 0.0345314 0.0269876 0.0202938 0.0146065 0.00999811 0.00646118 0.0039116
 0.00743523 0.0117349 0.0170635 0.0232793 0.0303051 0.0380884 0.0464477 0.0549549 0.062949 0.0696524 0.0743247 0.076422 0.0757243 0.0723768 0.0668231 0.0596779 0.0515989 0.0431952 0.0349743 0.0273247 0.02052 0.0147334 0.010048 0.00646056 0.00388574
 0.00739429 0.0116703 0.0169682 0.0231432 0.030112 0.0378149 0.0460694 0.0544623 0.0623668 0.0690492 0.0738012 0.0760777 0.0756215 0.0725223 0.0671759 0.060171 0.0521606 0.0437608 0.0354916 0.0277563 0.020847 0.014955 0.0101786 0.00652361 0.00390641
 0.00736829 0.0116248 0.0168936 0.0230285 0.0299463 0.0375899 0.0457816 0.0541123 0.0619595 0.0685972 0.0733328 0.0756443 0.0752938 0.0723703 0.0672423 0.0604525 0.0526096 0.0443031 0.036049 0.0282647 0.021265 0.0152659 0.0103866 0.00664738 0.00397046
 0.00747391 0.0117686 0.0170579 0.0231783 0.0300376 0.0375836 0.0456556 0.0538671 0.0616145 0.0681838 0.0728873 0.0752044 0.0748984 0.0720609 0.0670597 0.0604271 0.0527484 0.0445817 0.0364166 0.028659 0.0216297 0.0155637 0.0106033 0.00678779 0.00405112
 0.00754247 0.0118828 0.0172329 0.0234244 0.0303515 0.0379376 0.0459932 0.0541118 0.0616939 0.0680577 0.0725639 0.0747356 0.0743603 0.0715316 0.0666046 0.0600932 0.0525615 0.0445445 0.0365079 0.0288378 0.0218462 0.0157726 0.0107746 0.00690997 0.00412752
 0.00751682 0.0118584 0.0172293 0.0234734 0.0304918 0.0382042 0.0464017 0.0546442 0.0622897 0.0686182 0.0729748 0.0749028 0.0742443 0.0711613 0.0660644 0.0594912 0.0519976 0.0440891 0.0361935 0.0286621 0.0217814 0.015779 0.0108138 0.00695436 0.00416269
 0.00742608 0.0117159 0.0170257 0.0232076 0.0301764 0.037871 0.0461048 0.0544525 0.0622684 0.0688018 0.0733457 0.0753884 0.0747372 0.0715557 0.0662926 0.0595437 0.0519172 0.0439455 0.0360536 0.0285688 0.0217475 0.0157939 0.0108556 0.00700181 0.00420235
 0.00734842 0.0115947 0.0168521 0.0229754 0.0298818 0.0375142 0.0456948 0.0540153 0.0618532 0.0684785 0.073189 0.0754504 0.0750209 0.0720061 0.0668132 0.0600328 0.0523037 0.0442075 0.0362116 0.0286632 0.0218157 0.0158567 0.0109172 0.00705744 0.00424626
 0.00718812 0.0113551 0.0165304 0.0225823 0.0294375 0.0370416 0.0452156 0.0535502 0.0614254 0.0681179 0.0729338 0.0753447 0.0751033 0.0722919 0.0672795 0.0606164 0.0529185 0.0447729 0.0366769 0.0290153 0.0220688 0.0160357 0.0110443 0.007147 0.00430701
 0.0070346 0.0111117 0.0161762 0.0221031 0.0288303 0.03632 0.0444157 0.052731 0.0606608 0.0674827 0.0724907 0.0751367 0.0751518 0.0725969 0.0678173 0.0613374 0.0537488 0.045625 0.0374686 0.0296881 0.0225972 0.0164234 0.0113126 0.00732303 0.00441625
 0.00686417 0.0108606 0.015845 0.0217062 0.0283868 0.0358429 0.043907 0.0521884 0.0600928 0.0669212 0.0719924 0.0747699 0.0749768 0.0726492 0.0681009 0.061826 0.0543916 0.0463536 0.0382078 0.0303691 0.0231709 0.0168676 0.0116301 0.00753335 0.00454553
 0.00662407 0.0105029 0.0153682 0.0211318 0.027755 0.0352032 0.0433084 0.0516712 0.0596816 0.0666214 0.0717948 0.0746644 0.074966 0.0727514 0.0683401 0.0622154 0.0549208 0.0469862 0.0388873 0.031032 0.0237612 0.0173482 0.0119883 0.00777783 0.00469833
