SBPRF35
7.78865
Curr Bio
492805
B35
697126
F35
0.228644
FOFL
0.159288
OFL
60307.7
Bzero
2.22533e+006
#pred survey bio
 4.40958e+006 4.16711e+006 3.93435e+006 3.66024e+006 3.35614e+006 3.03149e+006 2.74331e+006 2.4451e+006 2.17008e+006 1.89223e+006 1.69216e+006 1.47886e+006 1.32354e+006 1.16517e+006 1.01929e+006 914107 832073 751455 721015 682506 662694 649968 622005 607902 585920 578958 577482 580291 578492 569312 569120 550600 542416 543104 536035 531438 519586 510550 502210 513117 518833 530951 548826 563881 567292 573350 581073 583486 579550 591015 598143 582643 528014 515930 505203 513782 492002 1.73319e+007 1.10047e+007 1.17212e+007 1.26487e+007 1.36342e+007 1.45369e+007 1.52928e+007 1.589e+007 1.63441e+007 1.66806e+007 1.6926e+007 1.71034e+007 1.72311e+007 1.73231e+007 1.73896e+007 1.74379e+007 1.74732e+007 1.74991e+007 1.75184e+007 1.75327e+007 1.75435e+007 1.75516e+007 1.75577e+007 1.75624e+007 1.7566e+007 1.75687e+007 1.75708e+007 1.75724e+007 1.75736e+007 1.75745e+007 1.75753e+007 1.75758e+007 1.75763e+007 1.75766e+007 1.75769e+007 1.75771e+007 1.75772e+007 1.75773e+007 1.75774e+007 1.75775e+007 1.75776e+007 1.75776e+007 1.75776e+007 1.75777e+007 1.75777e+007 1.75777e+007 1.75777e+007 1.75777e+007 1.75777e+007 1.75777e+007 1.75777e+007 1.75777e+007 1.75777e+007 1.75777e+007 1.75778e+007 1.75778e+007 1.75778e+007 1.75778e+007 1.75778e+007 1.75778e+007 1.75778e+007 1.75778e+007 1.75778e+007 1.75778e+007 1.75778e+007 1.75778e+007 1.75778e+007 1.75778e+007 1.75778e+007 1.75778e+007 1.75778e+007 1.75778e+007 1.75778e+007 1.75778e+007 1.75778e+007 1.75778e+007 1.75778e+007 1.75778e+007 1.75778e+007 1.75778e+007 1.75778e+007 1.75778e+007 1.75778e+007 1.75778e+007 1.75778e+007 1.75778e+007 1.75778e+007 1.75778e+007 1.75778e+007 1.75778e+007 1.75778e+007 1.75778e+007 1.75778e+007 1.75778e+007 1.75778e+007 1.75778e+007 1.75778e+007 1.75778e+007 1.75778e+007 1.75778e+007 0 0 0 0 0 0 0 0 0 0 0 0 0 0 0 0 0 0 0 0 0 0 0 0 0
#obs survey bio
 2.48463e+006 4.01371e+006 3.71951e+006 2.07955e+006 2.59626e+006 3.04796e+006 1.88803e+006 2.11831e+006 1.97258e+006 1.50799e+006 1.66253e+006 1.22851e+006 1.47758e+006 931013 795354 898623 714765 812671 732950 578937 841196 573500 528395 591064 449600 655344 485156 484587 493828 476517 590021 484648 620456 561994 678437 586302 421884 696590 599396 415502 536104 615121 514309 679576 554588 510757 571591 612853 592388 433950 775283 799766 612769 588884 773755 642843 289869
#pred catch bio
 88285.9 92673.4 153161 209277 260479 259598 298441 303221 327016 274493 299036 256766 265583 258322 224874 204465 199397 152102 154603 134048 124466 134084 119513 124165 110399 105438 101417 104402 108569 98539.2 110985 98799.2 88683.6 92475.9 87115 91905.3 91615.8 94110.3 80400.9 87012 83056.8 79775.2 83506.1 93828.5 91941.4 91169.7 95961.7 101120 88513.2 93253.6 112081 142694 104890 104099 89273.9 117262 98992.2 60307.7 88446.6 93310.5 99698.5 106995 113778 119362 123634 126746 128932 130426 131426 132085 132513 132789 132964 133076 133146 133190 133218 133235 133246 133253 133257 133260 133261 133262 133263 133263 133263 133263 133264 133264 133264 133264 133264 133264 133264 133264 133264 133264 133264 133264 133264 133264 133264 133264 133264 133264 133264 133264 133264 133264 133264 133264 133264 133264 133264 133264 133264 133264 133264 133264 133264 133264 133264 133264 133264 133264 133264 133264 133264 133264 133264 133264 133264 133264 133264 133264 133264 133264 133264 133264 133264 133264 133264 133264 133264 133264 133264 133264 133264 133264 133264 133264 133264 133264 133264 133264 133264 0 0 0 0 0 0 0 0 0 0 0 0 0 0 0 0 0 0 0 0 0 0 0 0 0
#obs catch bio
 0 92425.4 153777 210854 263877 262564 304586 309262 334771 279249 306513 261575 269990 264163 230630 210112 205070 154321 157381 135660 124787 134980 120275 125001 111424 106714 102292 105520 109752 99270.1 111838 99611.2 88919.4 93040.1 87344.1 92113.8 91744.8 93891.1 79601.9 86964.2 82820.3 79433.6 83306.6 93235.7 91450.3 90843.8 95421.4 100752 87883.2 92915.3 111124 142119 103740 103374 87912.7 116109 98859.9
#pred cpue bio
 4.32447e+006 4.08498e+006 3.85428e+006 3.5808e+006 3.27807e+006 2.95528e+006 2.66876e+006 2.37298e+006 2.1008e+006 1.82632e+006 1.62843e+006 1.41817e+006 1.26509e+006 1.10937e+006 965951 862667 782952 705521 676904 640653 622374 610758 584072 570647 549490 542639 541319 544289 542933 534612 535061 517840 510546 511848 505754 502069 490283 480007 470839 481037 486479 498167 515415 530001 533339 539084 546488 548866 545089 556050 562841 547897 494962 482862 472303 480160 458073 1.61011e+007 1.02395e+007 1.08826e+007 1.17107e+007 1.26569e+007 1.35501e+007 1.4304e+007 1.49009e+007 1.5355e+007 1.56915e+007 1.59369e+007 1.61142e+007 1.6242e+007 1.6334e+007 1.64005e+007 1.64487e+007 1.6484e+007 1.651e+007 1.65292e+007 1.65436e+007 1.65543e+007 1.65624e+007 1.65686e+007 1.65732e+007 1.65768e+007 1.65795e+007 1.65816e+007 1.65832e+007 1.65844e+007 1.65854e+007 1.65861e+007 1.65867e+007 1.65871e+007 1.65874e+007 1.65877e+007 1.65879e+007 1.65881e+007 1.65882e+007 1.65883e+007 1.65884e+007 1.65884e+007 1.65885e+007 1.65885e+007 1.65885e+007 1.65885e+007 1.65885e+007 1.65886e+007 1.65886e+007 1.65886e+007 1.65886e+007 1.65886e+007 1.65886e+007 1.65886e+007 1.65886e+007 1.65886e+007 1.65886e+007 1.65886e+007 1.65886e+007 1.65886e+007 1.65886e+007 1.65886e+007 1.65886e+007 1.65886e+007 1.65886e+007 1.65886e+007 1.65886e+007 1.65886e+007 1.65886e+007 1.65886e+007 1.65886e+007 1.65886e+007 1.65886e+007 1.65886e+007 1.65886e+007 1.65886e+007 1.65886e+007 1.65886e+007 1.65886e+007 1.65886e+007 1.65886e+007 1.65886e+007 1.65886e+007 1.65886e+007 1.65886e+007 1.65886e+007 1.65886e+007 1.65886e+007 1.65886e+007 1.65886e+007 1.65886e+007 1.65886e+007 1.65886e+007 1.65886e+007 1.65886e+007 1.65886e+007 1.65886e+007 1.65886e+007 1.65886e+007 1.65886e+007 1.65886e+007 0 0 0 0 0 0 0 0 0 0 0 0 0 0 0 0 0 0 0 0 0 0 0 0 0
#obs cpue bio
 3.78029e+006 4.59214e+006 2.50673e+006 2.86032e+006 2.62426e+006 2.47107e+006 1.98753e+006 2.55411e+006 2.21903e+006 1.90489e+006 1.2645e+006 1.46764e+006 1.35445e+006 824130 669680 531074 737690 645788 550445 718476 755929 591760 518133 613423 453688 338179 659941 508440 603048 554789 617216 428841 547215 417146 429324 509094 613467 528996 637985 359495 550286 495219 493257 721737 513002 548910 721188 531226 650163 612676 671514 395477 569308 451068 518601 380978 411406
#pred surv len freq
 0.00468062 0.00757064 0.0113463 0.0159891 0.0214127 0.0273965 0.0335421 0.039351 0.0443966 0.048459 0.0515338 0.0537546 0.0553087 0.0563742 0.0570721 0.0574356 0.0574094 0.0568717 0.0556517 0.053528 0.0502317 0.0455132 0.0393022 0.0318895 0.0239789
 0.00506097 0.00809172 0.0119562 0.0165932 0.0219185 0.0277734 0.0338534 0.0397241 0.044939 0.0491697 0.0522716 0.0542868 0.0554131 0.0559386 0.0561449 0.0562109 0.0561573 0.0558422 0.0549888 0.0532294 0.0501734 0.0455252 0.0392532 0.0317342 0.0237499
 0.0052323 0.00841136 0.0125061 0.0174561 0.0231369 0.029299 0.0355244 0.0413054 0.0462177 0.0500474 0.0527807 0.0545179 0.0554136 0.0556669 0.055513 0.0551763 0.0547907 0.0543221 0.0535293 0.0519896 0.0492045 0.0447825 0.0386543 0.0312188 0.0233032
 0.00542966 0.00872005 0.0129531 0.0180715 0.023963 0.0303923 0.036938 0.0430458 0.0481974 0.0520692 0.0545822 0.0558612 0.0561623 0.0557994 0.0550754 0.0542295 0.0534014 0.052591 0.05161 0.0500647 0.0474319 0.0432548 0.0373971 0.0302196 0.0225396
 0.00564652 0.00907114 0.0134784 0.018807 0.0249342 0.031607 0.0383806 0.0446806 0.049976 0.05393 0.056434 0.0575629 0.0575286 0.0566425 0.0552617 0.0537144 0.0522273 0.050867 0.0494935 0.0477476 0.0451165 0.0411195 0.0355671 0.0287566 0.0214493
 0.00590257 0.00948011 0.0140813 0.0196397 0.0260239 0.0329654 0.0399933 0.0464985 0.0519172 0.0558925 0.0583104 0.0592494 0.0589205 0.0576258 0.0557142 0.0535271 0.0513396 0.0492965 0.047347 0.0452093 0.04242 0.038507 0.0332455 0.0268619 0.0200313
 0.00608429 0.00978174 0.0145473 0.020317 0.0269544 0.0341735 0.0414723 0.0482035 0.0537699 0.0577934 0.0601523 0.0609265 0.0603336 0.0586822 0.0563233 0.053599 0.0507953 0.0480939 0.0455143 0.0428667 0.0397752 0.0358196 0.0307701 0.0247912 0.0184595
 0.00628554 0.0101089 0.0150409 0.0210178 0.0279001 0.03539 0.0429616 0.049933 0.0556687 0.0597578 0.0620588 0.0626481 0.0617558 0.059712 0.056889 0.0536419 0.0502646 0.0469538 0.0437686 0.0405908 0.0371355 0.0330593 0.0281596 0.0225595 0.0167383
 0.00653701 0.0105048 0.0156137 0.0217918 0.028891 0.0366032 0.0443867 0.0515379 0.0573973 0.0615327 0.0637862 0.064225 0.0630779 0.0606838 0.057431 0.053693 0.0497794 0.0459043 0.0421562 0.0384717 0.0346438 0.0304083 0.0256059 0.0203381 0.0149994
 0.00687617 0.0110436 0.0164011 0.0228642 0.0302657 0.0382681 0.0462893 0.0535827 0.059459 0.0634799 0.0655035 0.0656232 0.064094 0.0612748 0.057567 0.0533519 0.0489445 0.0445667 0.0403274 0.0362046 0.0320567 0.0276916 0.0229963 0.0180613 0.0132069
 0.00707358 0.0113666 0.0168916 0.0235641 0.0312108 0.0394768 0.0477492 0.0552419 0.0612281 0.0652447 0.0671427 0.0670254 0.0651708 0.0619662 0.0578389 0.0531867 0.0483327 0.0435047 0.0388259 0.0343079 0.0298631 0.025362 0.0207349 0.0160682 0.0116226
 0.00738779 0.0118639 0.0176153 0.0245475 0.032473 0.0410167 0.0495342 0.0572001 0.0632491 0.0671923 0.0688734 0.0684089 0.0661077 0.0623999 0.0577562 0.0526085 0.0472977 0.0420574 0.0370143 0.0321955 0.0275483 0.022989 0.0184816 0.0141075 0.0100743
 0.00765921 0.012288 0.0182221 0.0253552 0.0334872 0.0422293 0.0509195 0.0587105 0.0648164 0.0687331 0.0702963 0.0696205 0.0670196 0.0629372 0.0578682 0.0522744 0.0465269 0.0408833 0.0354893 0.0303921 0.025566 0.0209594 0.0165579 0.0124353 0.0087534
 0.00801182 0.0128487 0.019042 0.026471 0.0349128 0.0439421 0.0528484 0.0607339 0.0667804 0.0704831 0.071706 0.0706064 0.0675413 0.0629886 0.0574661 0.0514505 0.0453228 0.0393495 0.033688 0.0284011 0.0234848 0.0189095 0.014672 0.0108319 0.00750699
 0.00829103 0.0133099 0.0197493 0.0274881 0.0362887 0.0456892 0.0549178 0.0630049 0.0690727 0.0725885 0.0734278 0.0717938 0.0681106 0.0629295 0.0568293 0.0503245 0.0438091 0.037547 0.0316886 0.026296 0.0213723 0.0168984 0.0128726 0.00933596 0.00636432
 0.00833338 0.0134015 0.0199312 0.0278174 0.0368315 0.0465045 0.0560388 0.0644214 0.0707213 0.0743517 0.0751453 0.0732866 0.0692154 0.0635308 0.0568792 0.0498427 0.0428673 0.0362459 0.0301387 0.0246077 0.0196543 0.0152577 0.0114081 0.00812413 0.00544364
 0.00830335 0.0133628 0.0198935 0.0278017 0.0368714 0.0466466 0.0563378 0.0649306 0.0714753 0.0753474 0.076328 0.0745502 0.0704177 0.064521 0.0575291 0.0500722 0.0426568 0.0356336 0.0292061 0.0234611 0.0184093 0.014027 0.0102905 0.00719252 0.00473428
 0.00844542 0.013573 0.0201717 0.0281354 0.0372414 0.0470356 0.0567378 0.0653443 0.0719138 0.0758245 0.0768514 0.0751118 0.0709854 0.065036 0.0579137 0.050247 0.0425624 0.035248 0.0285524 0.0226031 0.0174383 0.0130438 0.00938725 0.00643689 0.00415969
 0.00837247 0.0134552 0.0199957 0.0278892 0.036917 0.0466336 0.0562748 0.0648592 0.0714701 0.0755034 0.0767372 0.0752686 0.0714342 0.065741 0.0587839 0.0511543 0.0433709 0.0358455 0.0288744 0.022643 0.0172421 0.0126925 0.00897251 0.00603867 0.00383075
 0.00841261 0.0135145 0.0200736 0.0279797 0.0370085 0.0467095 0.0563144 0.0648418 0.0713809 0.0753431 0.0765292 0.0750606 0.0712885 0.0657152 0.0589083 0.0514155 0.0437113 0.03618 0.0291186 0.0227406 0.0171807 0.0125021 0.00871027 0.00576596 0.00359452
 0.00849285 0.0136158 0.0201723 0.0280364 0.0369792 0.0465633 0.0560484 0.0644833 0.0709779 0.0749485 0.0761891 0.0748101 0.0711531 0.0657132 0.0590488 0.0516918 0.0440931 0.0366123 0.0295307 0.0230666 0.0173793 0.0125686 0.00867259 0.00566943 0.00348325
 0.00852356 0.0136665 0.0202479 0.028137 0.0370937 0.0466641 0.0560909 0.0644182 0.0707725 0.074608 0.0757617 0.0743725 0.0707843 0.0654717 0.058963 0.051762 0.044297 0.0369091 0.0298666 0.0233833 0.0176287 0.0127252 0.00873837 0.00566801 0.00344637
 0.00861548 0.0138173 0.0204772 0.0284628 0.037527 0.0472 0.0566987 0.0650361 0.0713131 0.0749755 0.0758791 0.0742071 0.0703623 0.0648722 0.0582936 0.0511267 0.043771 0.0365272 0.0296251 0.0232509 0.0175618 0.0126841 0.0086981 0.00562084 0.00339672
 0.00873304 0.0139793 0.0206681 0.0286527 0.0376833 0.0473048 0.0567601 0.0650848 0.0713841 0.0750858 0.0760135 0.0743219 0.0704041 0.0648031 0.0581098 0.0508615 0.0434803 0.0362667 0.0294311 0.0231319 0.0175035 0.012661 0.00868709 0.00560846 0.00337993
 0.00886528 0.014197 0.0209984 0.0291159 0.0382817 0.0480081 0.0574987 0.0657604 0.0719001 0.0753811 0.076079 0.0741892 0.0701192 0.064404 0.0576227 0.0503104 0.0428987 0.0356992 0.0289235 0.0227174 0.0171935 0.0124464 0.00854676 0.00551948 0.00332401
 0.00881295 0.0141229 0.0209086 0.0290264 0.038218 0.0480017 0.0575796 0.0659462 0.0721836 0.0757253 0.0764248 0.0744762 0.0703067 0.0644806 0.0575986 0.050205 0.0427324 0.0354938 0.0287039 0.0225096 0.0170187 0.0123148 0.00845693 0.00546274 0.00328989
 0.00878868 0.0140743 0.0208195 0.0288785 0.0379985 0.0477146 0.0572544 0.0656369 0.0719562 0.0756358 0.0764995 0.0747016 0.0706346 0.0648449 0.0579376 0.0504765 0.0429185 0.0355968 0.0287389 0.0224986 0.016984 0.0122748 0.00842289 0.00543851 0.00327461
 0.00864744 0.0138687 0.0205536 0.0285692 0.0376681 0.0473799 0.0569223 0.0653099 0.0716454 0.075372 0.0763306 0.0746769 0.0707822 0.0651555 0.0583648 0.0509524 0.043376 0.0359873 0.0290396 0.0227092 0.0171191 0.0123548 0.00846715 0.00546175 0.00328634
 0.00852438 0.0136783 0.0202862 0.0282254 0.0372614 0.0469387 0.0564885 0.0649316 0.0713629 0.075205 0.0762771 0.0747238 0.070919 0.0653799 0.0586739 0.0513309 0.0437913 0.036396 0.0294017 0.0229994 0.0173306 0.012496 0.00855393 0.00551128 0.00331272
 0.00846147 0.0135806 0.0201476 0.0280433 0.0370369 0.0466779 0.0562039 0.064644 0.0711005 0.0749979 0.0761494 0.0746865 0.0709687 0.0655035 0.0588566 0.0515604 0.044055 0.0366768 0.0296765 0.0232442 0.017528 0.0126398 0.00864881 0.00556812 0.00334377
 0.0083242 0.0133652 0.0198385 0.0276321 0.0365256 0.0460822 0.0555571 0.0639972 0.0705166 0.07454 0.0758686 0.0746128 0.0711061 0.0658299 0.0593296 0.0521267 0.0446613 0.0372765 0.0302322 0.0237282 0.0179228 0.0129394 0.0088591 0.00570392 0.00342417
 0.00831911 0.0133607 0.019838 0.0276396 0.0365428 0.0461041 0.0555699 0.0639804 0.0704498 0.0744119 0.0756837 0.0743931 0.0708861 0.0656479 0.0592168 0.0520998 0.0447192 0.0374032 0.0304024 0.0239141 0.0180996 0.0130894 0.00897341 0.00578235 0.0034726
 0.00830949 0.0133308 0.0197676 0.027503 0.0363178 0.0457847 0.055176 0.0635561 0.0700501 0.0740849 0.075458 0.0742764 0.0708724 0.0657262 0.0593763 0.0523298 0.0450067 0.0377298 0.0307445 0.0242455 0.0183963 0.0133342 0.00915891 0.00591087 0.00355364
 0.00809054 0.0130097 0.0193478 0.0270075 0.0357783 0.0452277 0.0546158 0.0630012 0.0695184 0.0736154 0.0751077 0.0741028 0.0709107 0.0659761 0.0598045 0.0528836 0.0456295 0.038371 0.0313622 0.0248067 0.0188768 0.0137199 0.00944701 0.00610965 0.00367942
 0.0080403 0.0129112 0.0191705 0.0267174 0.0353522 0.0446717 0.0539758 0.0623551 0.0689488 0.0731797 0.074826 0.0739686 0.0709123 0.0661088 0.0600668 0.0532662 0.0461073 0.0389052 0.031909 0.0253248 0.019334 0.0140955 0.00973318 0.00631073 0.00380886
 0.00866655 0.013782 0.0202073 0.0277517 0.036169 0.0450818 0.0538797 0.061768 0.0679839 0.0720077 0.0736294 0.072901 0.0700724 0.0655347 0.0597501 0.053173 0.0461943 0.0391257 0.0322143 0.025667 0.0196697 0.0143918 0.00997082 0.00648414 0.00392386
 0.00918136 0.0146207 0.0214628 0.0294846 0.0383628 0.0475911 0.056404 0.0638951 0.0693115 0.0722891 0.0728605 0.0713014 0.0679837 0.0633016 0.0576386 0.0513429 0.0447122 0.0379945 0.0314 0.0251173 0.0193258 0.0141957 0.00987148 0.00644148 0.00391
 0.00906249 0.0145164 0.0214727 0.0297628 0.0390845 0.0488914 0.0583101 0.0662796 0.0718868 0.0746534 0.0745936 0.0720876 0.0677137 0.0621006 0.0558058 0.0492373 0.0426458 0.0361746 0.0299246 0.024001 0.0185328 0.0136666 0.00954085 0.00624899 0.00380618
 0.00907961 0.0145164 0.0214279 0.029648 0.0389064 0.0487231 0.0583044 0.0666345 0.0727615 0.0760717 0.0763892 0.073931 0.0692154 0.062945 0.0558548 0.0485594 0.0414652 0.0347746 0.0285547 0.0228251 0.0176215 0.0130194 0.0091167 0.00599203 0.00366251
 0.0089476 0.0143155 0.021149 0.0292873 0.0384616 0.0481928 0.0576996 0.0660022 0.0722085 0.075762 0.0764964 0.074556 0.0703112 0.0643035 0.0571741 0.0495606 0.0419945 0.0348381 0.0282812 0.0223887 0.0171721 0.0126473 0.00885261 0.00582696 0.00357051
 0.00891308 0.0142581 0.0210607 0.0291606 0.0382914 0.0479789 0.0574477 0.0657227 0.0719164 0.0754823 0.0762754 0.0744663 0.0704342 0.0646864 0.0577848 0.0502774 0.0426472 0.0352816 0.0284543 0.0223251 0.0169652 0.0123983 0.00863302 0.00566765 0.00347136
 0.00890182 0.0142297 0.0209992 0.029045 0.0381011 0.0477022 0.0570896 0.0653084 0.0714864 0.0750837 0.0759539 0.0742622 0.0703831 0.0648172 0.058109 0.0507705 0.0432384 0.0358657 0.0289285 0.0226287 0.0170977 0.0124059 0.00857741 0.00559879 0.00341594
 0.00876685 0.0140316 0.0207399 0.028738 0.0377647 0.0473503 0.0567273 0.0649356 0.0711082 0.0747201 0.0756411 0.0740455 0.0703043 0.0649041 0.0583699 0.0511913 0.0437799 0.0364642 0.0295057 0.0231131 0.0174471 0.0126175 0.00868029 0.00563409 0.0034194
 0.0087097 0.0139331 0.0205825 0.0285048 0.037447 0.0469568 0.0562891 0.0645009 0.0707261 0.0744236 0.0754399 0.0739343 0.0702772 0.0649645 0.0585287 0.0514569 0.0441467 0.0369058 0.029976 0.0235569 0.0178165 0.0128868 0.00885022 0.00572561 0.00346046
 0.00875252 0.0140008 0.0206799 0.028632 0.0375963 0.0471092 0.0564149 0.0645659 0.0707042 0.0743077 0.075245 0.0736893 0.0700141 0.0647115 0.0583107 0.0512976 0.0440664 0.0369136 0.0300633 0.0236969 0.0179726 0.0130255 0.00895197 0.00578738 0.00349083
 0.00870987 0.0139423 0.0206118 0.0285675 0.0375517 0.0470985 0.0564435 0.0646272 0.07078 0.0743723 0.0752737 0.0736672 0.0699416 0.0646038 0.0581918 0.0511933 0.0439983 0.0368961 0.0301003 0.0237797 0.0180815 0.0131367 0.00904592 0.00585426 0.00353114
 0.0086453 0.0138415 0.0204687 0.0283811 0.0373287 0.0468556 0.056208 0.0644334 0.0706596 0.0743431 0.0753319 0.0737888 0.0700927 0.0647529 0.05832 0.0512971 0.0440863 0.0369821 0.0301956 0.0238882 0.0181982 0.01325 0.00914345 0.00592803 0.00357991
 0.00862378 0.0138084 0.0204224 0.028321 0.0372549 0.0467687 0.0561102 0.0643302 0.0705614 0.0742645 0.0752882 0.0737899 0.0701371 0.0648279 0.0584059 0.0513761 0.0441498 0.0370316 0.0302397 0.0239356 0.0182528 0.0133093 0.00920038 0.00597569 0.00361451
 0.00876611 0.0140132 0.0206812 0.028609 0.0375378 0.0470137 0.0562947 0.0644434 0.0706009 0.0742331 0.0751924 0.0736412 0.0699524 0.0646261 0.0582038 0.0511848 0.0439749 0.0368765 0.0301081 0.023832 0.01818 0.0132659 0.00918061 0.00597107 0.00361707
 0.00868164 0.0138974 0.0205455 0.0284749 0.037427 0.0469358 0.0562394 0.0643865 0.0705202 0.0741243 0.0750745 0.0735472 0.0699122 0.0646542 0.0582961 0.051324 0.0441379 0.037042 0.0302606 0.0239631 0.0182876 0.0133514 0.00924642 0.00601957 0.00365058
 0.00855189 0.0137055 0.0202934 0.0281793 0.0371189 0.0466545 0.0560257 0.0642721 0.0705168 0.0742165 0.0752248 0.0737122 0.0700622 0.0647821 0.0584124 0.0514433 0.0442679 0.0371802 0.0303978 0.0240892 0.0183953 0.0134378 0.00931184 0.00606638 0.00368199
 0.00860732 0.0137921 0.0204172 0.0283445 0.0373272 0.0469057 0.0563157 0.0645908 0.0708453 0.074526 0.0754774 0.0738668 0.0700853 0.06466 0.0581594 0.0510991 0.0438855 0.0368095 0.0300739 0.0238287 0.0181999 0.0133002 0.0092211 0.00601067 0.00365051
 0.00902709 0.0144473 0.0213511 0.0295749 0.0388392 0.0486424 0.0581692 0.0664032 0.0724301 0.0757058 0.0761209 0.0739123 0.0695455 0.0636134 0.0567319 0.0494425 0.042155 0.0351435 0.0285788 0.0225709 0.0172052 0.0125608 0.00870569 0.00567527 0.00344801
 0.009036 0.0144676 0.0213934 0.0296555 0.0389796 0.0488667 0.0584994 0.0668517 0.0729911 0.0763472 0.0767827 0.074513 0.0699982 0.0638458 0.0567048 0.0491592 0.0416605 0.0345128 0.0278984 0.0219202 0.0166423 0.0121157 0.0083826 0.00545974 0.00331603
 0.009347 0.0149073 0.0219337 0.0302306 0.0395066 0.0492792 0.0587724 0.0670063 0.0730769 0.076417 0.0768709 0.0746246 0.0701087 0.0639094 0.0566697 0.0489853 0.0413344 0.0340545 0.0273566 0.0213582 0.0161209 0.0116788 0.00805014 0.00522961 0.0031711
 0.00963551 0.0153366 0.0225031 0.0309059 0.0402208 0.0499397 0.0592757 0.067261 0.0730357 0.0761031 0.076379 0.0740886 0.0696495 0.0635928 0.056493 0.0488952 0.041259 0.0339356 0.0271685 0.0211099 0.0158451 0.0114144 0.00782784 0.00506379 0.00306073
 0.00971908 0.0155461 0.0229509 0.0317313 0.0415422 0.0517834 0.0615177 0.0696248 0.0751587 0.0776433 0.0771131 0.0739622 0.0687717 0.0621848 0.0548132 0.0471693 0.0396398 0.0324981 0.0259332 0.0200722 0.0149957 0.0107455 0.00732891 0.00471668 0.00283819
#obs surv len freq
 nan nan nan nan nan nan nan nan nan nan nan nan nan nan nan nan nan nan nan nan nan nan nan nan nan
 0.00448048 0.00734018 0.011169 0.0159852 0.021687 0.0279646 0.0342812 0.0400146 0.0446957 0.0481602 0.0505182 0.0520137 0.0529055 0.0534174 0.0537312 0.0539858 0.0542642 0.0545568 0.0546954 0.0542872 0.0527252 0.0493573 0.0438069 0.0362868 0.0276703
 0.00461229 0.00755535 0.0114942 0.016445 0.022298 0.0287266 0.0351676 0.04097 0.0456427 0.0490142 0.051203 0.0524734 0.0531102 0.0533646 0.0534417 0.053496 0.0536172 0.0537953 0.0538586 0.0534119 0.0518501 0.0485253 0.0430624 0.0356675 0.0271969
 0.0047897 0.0078431 0.011926 0.0170517 0.0231016 0.0297307 0.0363472 0.0422669 0.0469711 0.0502745 0.0522965 0.0533138 0.0536322 0.0535298 0.0532421 0.0529529 0.0527748 0.0527123 0.052601 0.0520502 0.0504598 0.0471873 0.0418571 0.0346613 0.0264265
 0.0049739 0.00814945 0.0123997 0.0177387 0.0240389 0.0309308 0.0377833 0.0438683 0.0486339 0.0518818 0.0537361 0.0544881 0.0544612 0.0539533 0.0532235 0.052483 0.0518746 0.0514316 0.0510154 0.0502571 0.0485754 0.04534 0.0401745 0.0332474 0.02534
 0.00518046 0.00848591 0.0129078 0.0184592 0.0250056 0.0321601 0.0392615 0.045544 0.0504207 0.0536701 0.0554079 0.0559292 0.0555706 0.0546488 0.0534451 0.052195 0.0510692 0.0501341 0.0492889 0.0482062 0.0463436 0.0430992 0.0381006 0.0314872 0.023979
 0.0054177 0.00887215 0.0134901 0.0192815 0.0261005 0.033536 0.0408898 0.0473555 0.0523164 0.0555404 0.057148 0.0574441 0.056774 0.0554615 0.0537965 0.0520285 0.0503493 0.0488565 0.0474928 0.0459856 0.0438521 0.0405388 0.0356903 0.0294169 0.0223652
 0.00564749 0.00925239 0.0140746 0.0201244 0.0272452 0.0349976 0.0426382 0.0493099 0.0543586 0.0575393 0.0589826 0.0590155 0.0580052 0.0562916 0.0541726 0.0519014 0.0496764 0.0476132 0.0456918 0.0436993 0.0412261 0.0377863 0.0330577 0.0271278 0.0205647
 0.00590054 0.00966226 0.0146891 0.0209883 0.0283931 0.0364428 0.0443585 0.0512404 0.0563972 0.0595627 0.0608645 0.0606418 0.0592829 0.0571514 0.054565 0.0517887 0.0490267 0.0464034 0.0439246 0.0414286 0.0385813 0.0349747 0.0303337 0.0247333 0.0186646
 0.0061307 0.0100444 0.0152788 0.0218412 0.0295533 0.0379238 0.0461263 0.0532095 0.0584467 0.0615625 0.0626969 0.0622098 0.0605091 0.0579735 0.0549339 0.0516661 0.0483825 0.0452181 0.0422002 0.0392116 0.0359875 0.0321978 0.0276217 0.0223303 0.0167439
 0.00638066 0.0104511 0.0158916 0.0227073 0.0307095 0.0393832 0.0478633 0.055152 0.0604828 0.0635597 0.064524 0.063754 0.0616851 0.0587243 0.0552244 0.051474 0.0476912 0.0440166 0.040494 0.0370442 0.0334649 0.0294996 0.0249813 0.0199822 0.0148591
 0.00663024 0.0108614 0.0165173 0.023601 0.0319103 0.0408993 0.0496548 0.0571277 0.0625154 0.0655121 0.0662724 0.0651987 0.0627519 0.0593625 0.0554038 0.05118 0.0469191 0.0427689 0.0387864 0.034923 0.0310293 0.0269141 0.0224599 0.0177416 0.0130589
 0.00684837 0.0112196 0.0170634 0.0243821 0.0329643 0.0422403 0.051258 0.0589222 0.0643923 0.0673438 0.067934 0.0665832 0.0637785 0.0599782 0.0555797 0.0509049 0.0461932 0.0416013 0.0371995 0.0329662 0.0287971 0.0245555 0.0201661 0.0157055 0.0114226
 0.00704983 0.0115514 0.0175704 0.0251086 0.0339447 0.0434853 0.0527403 0.0605718 0.0661066 0.0690076 0.0694373 0.0678326 0.064701 0.0605228 0.0557164 0.0506225 0.0454944 0.0405001 0.0357238 0.0311677 0.0267655 0.0224257 0.0181068 0.0138846 0.00996269
 0.00727886 0.0119244 0.0181326 0.0259016 0.0349973 0.0447995 0.0542772 0.0622479 0.0678061 0.0706053 0.0708213 0.068917 0.0654295 0.0608659 0.0556658 0.0501841 0.044684 0.0393408 0.0342496 0.0294323 0.0248536 0.0204583 0.0162304 0.0122419 0.00865494
 0.0074368 0.0121884 0.0185435 0.0265016 0.035821 0.0458599 0.0555513 0.0636718 0.069284 0.0720282 0.0720852 0.0699357 0.0661401 0.0612305 0.0556697 0.0498313 0.0439916 0.0383352 0.0329675 0.0279272 0.0232036 0.0187702 0.0146293 0.0108472 0.00754909
 0.0075395 0.0123538 0.0187901 0.0268479 0.0362847 0.0464553 0.0562843 0.0645336 0.0702471 0.0730444 0.0730895 0.0708526 0.0668944 0.0617573 0.0559221 0.0497833 0.0436373 0.037687 0.0320547 0.0267981 0.0219296 0.0174455 0.013362 0.00973814 0.00666768
 0.00757008 0.0124038 0.0188665 0.026958 0.0364369 0.0466582 0.0565469 0.0648649 0.0706551 0.0735342 0.0736569 0.0714775 0.067536 0.0623557 0.0564078 0.0500902 0.0437148 0.0375081 0.0316198 0.0261362 0.021098 0.016526 0.0124491 0.00892077 0.00600874
 0.00767602 0.0125615 0.0190767 0.0272123 0.0367198 0.0469529 0.0568383 0.0651425 0.0709139 0.073776 0.07389 0.0717138 0.0677833 0.0626101 0.0566468 0.0502737 0.0437932 0.037435 0.0313664 0.0257016 0.0205133 0.0158509 0.0117604 0.00829364 0.00549782
 0.00774527 0.0126721 0.0192385 0.0274311 0.0369937 0.0472683 0.0571684 0.0654511 0.0711665 0.0739525 0.0739922 0.0717625 0.0678085 0.0626376 0.0566886 0.0503222 0.0438215 0.0374042 0.0312379 0.0254521 0.0201463 0.0153992 0.0112783 0.00784063 0.00512077
 0.00776604 0.0127053 0.0192879 0.0275001 0.037086 0.0473865 0.0573127 0.065617 0.071343 0.074123 0.0741389 0.0718727 0.0678804 0.0626806 0.056718 0.0503492 0.0438451 0.0374081 0.0311956 0.0253381 0.0199493 0.0151306 0.0109706 0.00753668 0.00485863
 0.00781829 0.0127798 0.0193806 0.0276013 0.037183 0.0474694 0.0573782 0.0656691 0.0713901 0.074173 0.0741953 0.0719329 0.0679369 0.0627258 0.056748 0.0503649 0.0438489 0.0373982 0.0311626 0.0252676 0.01983 0.0149634 0.0107717 0.00733321 0.00467781
 0.0078442 0.0128211 0.0194406 0.027681 0.0372795 0.0475738 0.0574758 0.0657429 0.0714271 0.0741717 0.0741667 0.0718956 0.0679087 0.0627157 0.0567551 0.0503821 0.0438671 0.0374088 0.031157 0.0252369 0.0197672 0.0148674 0.0106509 0.00720408 0.00455893
 0.00786064 0.0128442 0.0194689 0.0277112 0.0373079 0.0475982 0.0574963 0.0657605 0.071442 0.0741816 0.0741681 0.0718875 0.0678947 0.0627039 0.0567538 0.0503952 0.0438921 0.0374378 0.0311797 0.0252431 0.0197495 0.0148237 0.0105859 0.00712828 0.00448523
 0.00788885 0.0128843 0.0195186 0.0277643 0.0373558 0.0476326 0.0575113 0.0657545 0.0714178 0.0741456 0.0741282 0.0718505 0.0678649 0.0626833 0.0567434 0.0503959 0.0439037 0.0374575 0.0312014 0.0252587 0.0197513 0.0148078 0.0105535 0.0070856 0.00444086
 0.00790381 0.0129086 0.0195546 0.0278135 0.0374172 0.0477011 0.0575774 0.0658055 0.0714423 0.0741376 0.0740904 0.0717927 0.0678001 0.0626231 0.0566955 0.0503634 0.0438864 0.0374528 0.0312048 0.0252642 0.0197528 0.0148005 0.0105363 0.00706112 0.00441409
 0.00789686 0.0128965 0.0195353 0.027785 0.0373791 0.0476555 0.0575297 0.0657633 0.071412 0.074122 0.0740873 0.0717979 0.0678097 0.0626362 0.0567136 0.0503888 0.04392 0.0374931 0.0312482 0.0253056 0.0197868 0.0148233 0.0105466 0.00706067 0.00440676
 0.00787845 0.0128651 0.0194854 0.0277112 0.0372773 0.0475264 0.0573806 0.0656088 0.0712714 0.0740145 0.0740271 0.0717903 0.0678511 0.0627162 0.0568191 0.0505074 0.0440425 0.0376128 0.03136 0.0254048 0.0198694 0.0148863 0.0105896 0.0070858 0.00441846
 0.00788177 0.0128624 0.0194666 0.0276619 0.0371835 0.0473798 0.0571847 0.0653802 0.0710365 0.0738029 0.0738656 0.0716978 0.0678362 0.0627758 0.0569403 0.0506714 0.0442284 0.0378025 0.0315393 0.025564 0.0200022 0.01499 0.0106643 0.00713477 0.00444714
 0.00786995 0.0128458 0.0194457 0.0276375 0.0371542 0.0473401 0.0571244 0.0652879 0.0709057 0.0736389 0.0736868 0.071532 0.0677118 0.0627141 0.0569495 0.0507465 0.0443545 0.0379592 0.0317059 0.0257231 0.0201415 0.0151025 0.010748 0.00719181 0.00448235
 0.00784676 0.012808 0.0193892 0.0275591 0.0370535 0.0472211 0.0569958 0.0651611 0.0707909 0.0735403 0.0736034 0.0714618 0.0676572 0.062684 0.0569562 0.0507995 0.0444548 0.0380983 0.0318678 0.0258891 0.0202949 0.0152316 0.0108473 0.00726147 0.00452682
 0.0078328 0.0127829 0.0193468 0.0274928 0.0369572 0.0470929 0.0568407 0.0649915 0.0706245 0.0733959 0.0734951 0.0713961 0.0676333 0.0626968 0.0570009 0.0508739 0.0445587 0.0382296 0.0320196 0.0260495 0.0204492 0.0153667 0.010955 0.00733949 0.00457804
 0.00778052 0.0126995 0.0192244 0.0273253 0.0367426 0.0468348 0.0565513 0.064692 0.0703427 0.0731607 0.0733314 0.0713197 0.0676483 0.0627959 0.057168 0.051089 0.0448027 0.0384868 0.0322773 0.0262957 0.0206724 0.0155564 0.0111046 0.00744806 0.00464991
 0.0077773 0.0126878 0.0191951 0.027266 0.0366406 0.0466825 0.0563503 0.0644548 0.0700899 0.0729167 0.07312 0.0711616 0.0675591 0.0627838 0.0572324 0.0512207 0.044986 0.0387027 0.0325069 0.0265222 0.0208814 0.0157367 0.0112491 0.00755466 0.00472176
 0.0077292 0.0126121 0.0190856 0.0271181 0.036452 0.0464535 0.0560859 0.0641665 0.0697961 0.0726416 0.07289 0.0710005 0.0674841 0.0628026 0.0573428 0.0514114 0.0452388 0.038995 0.0328146 0.0268223 0.0211546 0.015969 0.0114328 0.00768899 0.00481188
 0.00933455 0.0148596 0.0217989 0.0299096 0.0388355 0.0480245 0.056663 0.0638179 0.068756 0.0711893 0.0712626 0.0693633 0.0659396 0.0614111 0.0561375 0.0504068 0.0444341 0.0383774 0.0323622 0.026508 0.0209491 0.0158441 0.0113634 0.00765458 0.00479726
 0.00931467 0.0151248 0.0227222 0.031954 0.0423525 0.0529815 0.0624711 0.0694274 0.0730295 0.0733494 0.0711479 0.0673694 0.0627442 0.0576841 0.0523764 0.0469089 0.041345 0.0357505 0.0302013 0.0247896 0.0196338 0.0148809 0.010694 0.00721683 0.00453034
 0.00895471 0.0145587 0.021928 0.030982 0.0413793 0.0523476 0.0626405 0.0708234 0.0757845 0.0771171 0.0751457 0.0706753 0.0646814 0.0580551 0.0514346 0.0451443 0.0392515 0.0336907 0.028381 0.0232938 0.0184735 0.0140283 0.0101021 0.00683094 0.00429595
 0.00878802 0.0142739 0.0214746 0.0303078 0.0404504 0.0511833 0.0613579 0.0696659 0.0751005 0.0772639 0.0763308 0.0728083 0.0673399 0.0606228 0.0533501 0.0461153 0.0393134 0.0331072 0.0274815 0.0223485 0.0176451 0.0133832 0.00964342 0.00653029 0.00411394
 0.00875026 0.0142036 0.021351 0.0301023 0.0401289 0.0507133 0.0607208 0.0688767 0.0742307 0.0764601 0.075806 0.0727882 0.0679645 0.0618486 0.0549243 0.0476597 0.0404815 0.03372 0.0275644 0.0220671 0.0172013 0.0129353 0.00927793 0.00627208 0.00395145
 0.00870532 0.0141361 0.021259 0.0299857 0.039986 0.050537 0.0604963 0.068584 0.0738541 0.0760036 0.0753125 0.0723512 0.0677179 0.0619232 0.0553813 0.048438 0.0414015 0.0345541 0.0281365 0.0223179 0.0171851 0.0127655 0.00906439 0.00608528 0.00381844
 0.00869281 0.0141103 0.0212104 0.0299033 0.039861 0.0503677 0.0602914 0.0683592 0.0736241 0.0757743 0.0750816 0.0721201 0.0675087 0.0617889 0.0553931 0.0486501 0.0418103 0.0350827 0.0286602 0.0227211 0.0174105 0.0128262 0.00901869 0.00599819 0.00373523
 0.008685 0.0140984 0.0211936 0.0298801 0.0398283 0.05032 0.0602212 0.06826 0.0734941 0.0756187 0.0749114 0.071948 0.0673472 0.0616536 0.0553085 0.0486491 0.0419203 0.0353041 0.0289545 0.0230211 0.0176503 0.0129702 0.0090712 0.00598982 0.00370135
 0.00866747 0.0140715 0.0211563 0.0298325 0.0397721 0.0502578 0.0601562 0.0681945 0.0734288 0.075552 0.0748404 0.071871 0.0672668 0.0615768 0.0552479 0.0486217 0.0419449 0.0353931 0.029104 0.0232061 0.0178323 0.0131139 0.00915942 0.00602708 0.00370532
 0.00865717 0.014055 0.021132 0.0297994 0.0397298 0.0502075 0.0601008 0.0681386 0.0733771 0.0755076 0.0748037 0.0718398 0.067237 0.0615462 0.0552181 0.0486 0.0419427 0.0354224 0.0291708 0.0233051 0.0179462 0.0132202 0.00924018 0.00607579 0.00372681
 0.00864624 0.0140367 0.0211034 0.0297576 0.0396731 0.0501363 0.0600189 0.068053 0.0732971 0.0754421 0.0747588 0.0718176 0.0672355 0.0615603 0.055242 0.0486298 0.0419786 0.0354682 0.0292313 0.0233811 0.0180322 0.013305 0.0093117 0.00612667 0.00375669
 0.00863367 0.0140189 0.0210813 0.0297335 0.0396492 0.0501138 0.0599964 0.0680279 0.0732668 0.0754063 0.0747205 0.0717818 0.0672077 0.0615442 0.0552385 0.0486376 0.041996 0.0354945 0.029267 0.0234266 0.0180855 0.0133605 0.00936231 0.0061664 0.00378321
 0.00863688 0.0140214 0.0210802 0.0297249 0.0396298 0.0500827 0.059957 0.0679864 0.0732298 0.0753776 0.0747 0.071767 0.0671964 0.061536 0.0552347 0.0486403 0.0420063 0.0355128 0.0292931 0.0234597 0.0181236 0.0134006 0.00939991 0.00619747 0.00380556
 0.00862786 0.0140088 0.0210649 0.0297086 0.039614 0.0500674 0.0599402 0.0679654 0.073203 0.0753468 0.0746696 0.0717426 0.0671815 0.0615313 0.055239 0.0486514 0.0420231 0.0355346 0.0293196 0.0234902 0.0181568 0.0134341 0.00943093 0.00622332 0.00382472
 0.00862341 0.0140028 0.0210582 0.0297029 0.0396115 0.0500701 0.0599491 0.0679794 0.0732191 0.07536 0.0746752 0.0717376 0.0671664 0.0615096 0.0552155 0.0486307 0.0420078 0.0355262 0.0293183 0.0234958 0.0181681 0.0134493 0.00944733 0.00623854 0.00383695
 0.00862341 0.0140028 0.0210582 0.0297029 0.0396115 0.0500701 0.0599491 0.0679794 0.0732191 0.07536 0.0746752 0.0717376 0.0671664 0.0615096 0.0552155 0.0486307 0.0420078 0.0355262 0.0293183 0.0234958 0.0181681 0.0134493 0.00944733 0.00623854 0.00383695
 0.00880582 0.0142881 0.0214655 0.0302391 0.0402665 0.0508116 0.0607184 0.0686958 0.0737945 0.0757218 0.0747835 0.071592 0.0668009 0.0609808 0.0545892 0.0479706 0.0413672 0.0349433 0.0288166 0.0230856 0.0178499 0.0132158 0.00928653 0.00613529 0.0037756
 0.00905193 0.0146998 0.0221039 0.031161 0.0415033 0.0523397 0.0624356 0.0704242 0.0753174 0.0768402 0.0753653 0.0715931 0.0662607 0.060001 0.0533069 0.0465315 0.0399044 0.0335631 0.0275925 0.0220591 0.0170346 0.0126041 0.00885481 0.0058506 0.00360146
 0.00892227 0.0145165 0.0218818 0.0309382 0.0413402 0.0523103 0.0626141 0.0708638 0.0760256 0.0777592 0.0763728 0.0725299 0.0669752 0.0603912 0.0533421 0.0462486 0.0393871 0.0329148 0.0269114 0.0214227 0.0164925 0.0121783 0.00854555 0.00564296 0.00347304
 0.00899113 0.014602 0.0219629 0.0309828 0.0413187 0.052216 0.0624781 0.0707537 0.0760252 0.0779367 0.076751 0.073072 0.0675903 0.0609587 0.053748 0.046419 0.0393061 0.0326218 0.0264816 0.0209411 0.0160322 0.011788 0.00824674 0.00543496 0.00334116
 0.00896932 0.0145731 0.0219301 0.0309499 0.0412847 0.0521704 0.0624016 0.0706289 0.0758547 0.0777565 0.0766277 0.0730777 0.067768 0.0612973 0.05418 0.046845 0.0396313 0.032788 0.0264812 0.0208095 0.0158274 0.0115675 0.00805216 0.00528656 0.0032412
 0.00929035 0.0150698 0.0226292 0.0318545 0.0423692 0.0533744 0.0636254 0.0717381 0.0767026 0.078222 0.0766518 0.0726836 0.0670537 0.0604028 0.0532423 0.0459592 0.0388363 0.0320784 0.0258355 0.0202153 0.0152908 0.0111071 0.00768529 0.00501888 0.00306373
#pred catch len freq
 0.00348871 0.0055744 0.00824328 0.0114876 0.0153269 0.0197809 0.0248049 0.0302527 0.0358961 0.0414718 0.0467232 0.0514359 0.0554655 0.0587408 0.0612361 0.0629333 0.0637967 0.0637623 0.0627242 0.0605097 0.0568735 0.0515728 0.0445526 0.0361564 0.0271898
 0.00379387 0.00599797 0.00875111 0.0120147 0.0158107 0.0202057 0.0252233 0.0307586 0.0365564 0.0422564 0.0474814 0.0519413 0.0555077 0.0582184 0.0602084 0.0616096 0.0624672 0.0626966 0.0620763 0.0602716 0.0569011 0.0516706 0.044569 0.0360384 0.0269735
 0.00396338 0.00629436 0.00923053 0.0127289 0.0167803 0.0213892 0.0265059 0.031984 0.0375938 0.0430577 0.048079 0.0523805 0.0557688 0.0581969 0.0597753 0.0607097 0.0611834 0.0612348 0.0606796 0.0591171 0.0560406 0.0510451 0.0440769 0.0356048 0.0265793
 0.00416788 0.00661212 0.00968633 0.0133488 0.0176011 0.0224625 0.0278817 0.0336704 0.0395109 0.0450226 0.0498472 0.0537293 0.0565672 0.0584137 0.0594334 0.0598419 0.0598359 0.0595042 0.0587319 0.0571551 0.0542393 0.0495032 0.0428161 0.0346049 0.0258125
 0.00439372 0.00696991 0.0102079 0.0140596 0.0185193 0.0235987 0.0292387 0.0352432 0.0412843 0.0469568 0.0518509 0.0556392 0.0581611 0.059465 0.0597781 0.0594178 0.0586804 0.0577313 0.056513 0.0547029 0.0517789 0.0472322 0.0408711 0.0330512 0.0246547
 0.00463653 0.0073524 0.0107625 0.0148127 0.019493 0.0248096 0.0306915 0.0369214 0.0431434 0.0489249 0.0538351 0.0575291 0.0598265 0.060752 0.0605186 0.0594611 0.0579375 0.0562099 0.0543276 0.0520591 0.0489384 0.0444651 0.0384063 0.031038 0.0231475
 0.00485016 0.00769532 0.0112716 0.0155231 0.0204354 0.026006 0.0321466 0.038614 0.045023 0.0509133 0.0558318 0.0594189 0.0614877 0.0620618 0.0613538 0.0597004 0.0574757 0.0549892 0.0523749 0.0495098 0.0460293 0.0414922 0.0356597 0.0287369 0.0213996
 0.00507026 0.00804519 0.0117853 0.0162318 0.0213689 0.0271902 0.0335956 0.0403187 0.0469397 0.0529598 0.0578921 0.0613577 0.0631684 0.0633613 0.0621674 0.0599386 0.0570618 0.0538693 0.050546 0.0470552 0.0431382 0.0384432 0.032762 0.0262527 0.0194806
 0.00536151 0.00849714 0.0124269 0.01708 0.0224319 0.0284711 0.0350907 0.0420103 0.0487879 0.0548977 0.0598255 0.0631707 0.064735 0.0645597 0.0628923 0.0601065 0.0566101 0.0527586 0.0487743 0.0446856 0.0403255 0.0354343 0.0298542 0.0237183 0.0174944
 0.00566643 0.00897623 0.0131178 0.0180094 0.0236142 0.0299063 0.0367581 0.0438616 0.0507479 0.0568704 0.0617049 0.0648494 0.0661115 0.0655436 0.0634076 0.060092 0.0560203 0.0515664 0.0469834 0.0423528 0.0375856 0.0325061 0.0270102 0.0212197 0.0155184
 0.00593741 0.00940478 0.0137417 0.0188591 0.0247117 0.0312614 0.0383596 0.0456675 0.0526811 0.0588234 0.0635524 0.0664657 0.0673878 0.0663984 0.0637878 0.0599657 0.0553683 0.05038 0.0452736 0.0401713 0.0350483 0.0298023 0.0243802 0.0188987 0.0136719
 0.00623512 0.00987082 0.0144113 0.0197574 0.0258556 0.0326591 0.0400039 0.0475244 0.0546796 0.0608536 0.065474 0.068128 0.0686537 0.0671677 0.0640071 0.0596252 0.0544873 0.0489936 0.0434289 0.037939 0.0325426 0.0271926 0.0218756 0.0167037 0.0119301
 0.00657283 0.0103913 0.0151424 0.0207092 0.0270237 0.0340292 0.0415512 0.0492087 0.0564403 0.0626091 0.067125 0.0695633 0.0697616 0.0678501 0.0641946 0.0592861 0.0536278 0.0476508 0.0416639 0.0358376 0.0302232 0.0248116 0.019615 0.0147364 0.010375
 0.00698445 0.0110334 0.0160588 0.021923 0.0285353 0.0358125 0.0435465 0.0513177 0.058533 0.0645423 0.068764 0.0707992 0.0705199 0.0680921 0.063913 0.0584988 0.0523728 0.0459833 0.0396567 0.0335843 0.0278436 0.0224515 0.0174334 0.0128754 0.00892487
 0.00727589 0.0115041 0.0167623 0.0229098 0.0298461 0.0374652 0.0455177 0.0535279 0.0608436 0.0667698 0.0707082 0.0722788 0.0714058 0.0683267 0.0635096 0.0575225 0.0509163 0.0441477 0.0375448 0.0313033 0.0255127 0.0202032 0.0154026 0.0111755 0.00761988
 0.00735171 0.0116421 0.0169994 0.0232959 0.0304401 0.0383254 0.0466859 0.0550108 0.0625965 0.0686868 0.0726266 0.0740017 0.07274 0.0691228 0.0636904 0.0570897 0.0499365 0.0427282 0.0358104 0.0293835 0.0235377 0.0183025 0.0136968 0.00975842 0.00654019
 0.0073854 0.0116997 0.0170934 0.0234444 0.0306699 0.0386731 0.0471955 0.0557249 0.0635414 0.0698545 0.0739603 0.0753928 0.07404 0.0701699 0.0643427 0.0572565 0.0495947 0.0419214 0.0346335 0.0279616 0.0220074 0.0167976 0.0123348 0.00862558 0.00567897
 0.0074115 0.0117346 0.0171329 0.0234826 0.0307048 0.038714 0.0472689 0.0558739 0.0638169 0.0703003 0.074597 0.0762033 0.0749624 0.0711012 0.0651547 0.0578219 0.0498171 0.0417582 0.0341041 0.0271405 0.0210063 0.015742 0.0113407 0.00778068 0.00502951
 0.00737273 0.0116702 0.017033 0.023336 0.0305 0.0384434 0.0469352 0.055499 0.0634489 0.0700135 0.0744794 0.0763328 0.0753779 0.0717809 0.0660126 0.0587248 0.0506164 0.0423268 0.0343669 0.0270887 0.0206928 0.015261 0.0107996 0.00727253 0.00461487
 0.00735458 0.0116412 0.0169898 0.0232751 0.0304173 0.0383336 0.0467928 0.0553201 0.0632354 0.0697791 0.0742551 0.0761681 0.0753325 0.0719061 0.0663276 0.0591997 0.0511723 0.0428561 0.0347658 0.0272898 0.0206827 0.0150786 0.0105166 0.00696579 0.00434388
