SBPRF35
7.78865
Curr Bio
560366
B35
657015
F35
0.212227
FOFL
0.172569
OFL
73334.1
Bzero
2.22533e+006
#pred survey bio
 3.71707e+006 3.37008e+006 3.02298e+006 2.67344e+006 2.35972e+006 2.04481e+006 1.80482e+006 1.57395e+006 1.37612e+006 1.23672e+006 1.08889e+006 968980 877241 821961 776195 736167 705660 674023 649213 630705 608190 604493 595754 588080 582152 581310 583398 592304 589983 591220 591463 582639 578804 568383 562287 560382 565559 560935 562555 568998 583029 580675 579260 587061 593445 600206 607291 572621 585459 578615 598333 588119 566049 1.90942e+007 1.12797e+007 1.14121e+007 1.20529e+007 1.29694e+007 1.39353e+007 1.48133e+007 1.55449e+007 1.61215e+007 1.65594e+007 1.6884e+007 1.7121e+007 1.72924e+007 1.74158e+007 1.75047e+007 1.75689e+007 1.76154e+007 1.76493e+007 1.76741e+007 1.76924e+007 1.7706e+007 1.77162e+007 1.77238e+007 1.77295e+007 1.77339e+007 1.77372e+007 1.77397e+007 1.77416e+007 1.77431e+007 1.77442e+007 1.77451e+007 1.77457e+007 1.77462e+007 1.77466e+007 1.77469e+007 1.77472e+007 1.77474e+007 1.77475e+007 1.77476e+007 1.77477e+007 1.77478e+007 1.77478e+007 1.77478e+007 1.77479e+007 1.77479e+007 1.77479e+007 1.77479e+007 1.77479e+007 1.7748e+007 1.7748e+007 1.7748e+007 1.7748e+007 1.7748e+007 1.7748e+007 1.7748e+007 1.7748e+007 1.7748e+007 1.7748e+007 1.7748e+007 1.7748e+007 1.7748e+007 1.7748e+007 1.7748e+007 1.7748e+007 1.7748e+007 1.7748e+007 1.7748e+007 1.7748e+007 1.7748e+007 1.7748e+007 1.7748e+007 1.7748e+007 1.7748e+007 1.7748e+007 1.7748e+007 1.7748e+007 1.7748e+007 1.7748e+007 1.7748e+007 1.7748e+007 1.7748e+007 1.7748e+007 1.7748e+007 1.7748e+007 1.7748e+007 1.7748e+007 1.7748e+007 1.7748e+007 1.7748e+007 1.7748e+007 1.7748e+007 1.7748e+007 1.7748e+007 1.7748e+007 1.7748e+007 1.7748e+007 1.7748e+007 1.7748e+007 1.7748e+007 1.7748e+007 0 0 0 0 0 0 0 0 0 0 0 0 0 0 0 0 0 0 0 0 0 0 0 0 0
#obs survey bio
 2.67988e+006 3.4828e+006 1.68731e+006 2.20586e+006 1.84668e+006 1.82706e+006 1.24064e+006 1.23407e+006 935232 990015 1.12697e+006 621824 667020 659017 642543 684066 902070 536518 492776 525274 574566 627660 392941 424486 441464 541990 559676 341602 638894 513725 527450 622748 641451 730300 655107 503320 707907 483117 434651 466781 570213 461319 419646 536899 702875 607599 525776 622238 500148 738725 571776 571366 641374
#pred catch bio
 242646 265979 295412 291321 318800 274350 284805 270322 230366 245125 224491 202009 171335 161563 152466 139198 135380 126141 118503 119529 101458 103788 101124 98423.1 93621.1 91270.7 86133.1 95396.3 90581.3 88416.5 92200.9 86054.1 92971.1 91387.7 89221.5 84296.4 93051.8 88346.6 86001.3 81943.2 96993.5 96239.6 88683.4 90066.3 89821.5 90027.3 124156 83434.4 99681.5 76319.4 100070 106610 100204 73334.1 86839.3 86464 89956.2 96257.4 103192 109471 114595 118510 121369 123387 124776 125715 126340 126751 127019 127192 127303 127374 127420 127449 127467 127478 127486 127490 127493 127495 127496 127497 127497 127498 127498 127498 127498 127498 127498 127498 127498 127498 127498 127498 127498 127498 127498 127498 127498 127498 127498 127498 127498 127498 127498 127498 127498 127498 127498 127498 127498 127498 127498 127498 127498 127498 127498 127498 127498 127498 127498 127498 127498 127498 127498 127498 127498 127498 127498 127498 127498 127498 127498 127498 127498 127498 127498 127498 127498 127498 127498 127498 127498 127498 127498 127498 127498 127498 127498 127498 127498 127498 127498 0 0 0 0 0 0 0 0 0 0 0 0 0 0 0 0 0 0 0 0 0 0 0 0 0
#obs catch bio
 224223 266586 297617 293812 324150 278404 290641 276266 235995 252639 230958 208520 176743 166776 156589 141940 136686 128113 120588 122040 103351 105030 102618 99761 94912.2 92589 87237.3 97577.9 92250 89850.1 93538.7 86846 93583.8 91413.5 88929.2 84212.3 93152.9 88447.5 86288.3 82498.2 97872.2 97220.2 89443 90758.2 90154.4 90056 126233 83479.7 100941 76334.7 100454 107145 100192
#pred cpue bio
 3.64932e+006 3.30638e+006 2.96323e+006 2.61592e+006 2.30385e+006 1.99137e+006 1.75319e+006 1.5244e+006 1.32837e+006 1.19008e+006 1.04431e+006 926292 836065 781942 737948 700025 671382 641226 617240 599329 577703 574549 566509 559250 553569 552732 554703 563295 561261 563105 564308 556624 552734 541466 534764 532816 537883 533409 534765 540569 553833 551500 550170 557833 564199 570857 577640 543884 556247 550017 569703 560246 539260 1.82138e+007 1.07715e+007 1.07908e+007 1.12944e+007 1.21597e+007 1.31128e+007 1.39881e+007 1.47192e+007 1.52957e+007 1.57336e+007 1.60583e+007 1.62952e+007 1.64666e+007 1.65901e+007 1.6679e+007 1.67431e+007 1.67896e+007 1.68235e+007 1.68483e+007 1.68667e+007 1.68803e+007 1.68904e+007 1.6898e+007 1.69038e+007 1.69081e+007 1.69114e+007 1.69139e+007 1.69158e+007 1.69173e+007 1.69184e+007 1.69193e+007 1.692e+007 1.69205e+007 1.69209e+007 1.69212e+007 1.69214e+007 1.69216e+007 1.69217e+007 1.69218e+007 1.69219e+007 1.6922e+007 1.6922e+007 1.69221e+007 1.69221e+007 1.69221e+007 1.69222e+007 1.69222e+007 1.69222e+007 1.69222e+007 1.69222e+007 1.69222e+007 1.69222e+007 1.69222e+007 1.69222e+007 1.69222e+007 1.69222e+007 1.69222e+007 1.69222e+007 1.69222e+007 1.69222e+007 1.69222e+007 1.69222e+007 1.69222e+007 1.69222e+007 1.69222e+007 1.69222e+007 1.69222e+007 1.69222e+007 1.69222e+007 1.69222e+007 1.69222e+007 1.69222e+007 1.69222e+007 1.69222e+007 1.69222e+007 1.69222e+007 1.69222e+007 1.69222e+007 1.69222e+007 1.69222e+007 1.69222e+007 1.69222e+007 1.69222e+007 1.69222e+007 1.69222e+007 1.69222e+007 1.69222e+007 1.69222e+007 1.69222e+007 1.69222e+007 1.69222e+007 1.69222e+007 1.69222e+007 1.69222e+007 1.69222e+007 1.69222e+007 1.69222e+007 1.69222e+007 1.69222e+007 1.69222e+007 0 0 0 0 0 0 0 0 0 0 0 0 0 0 0 0 0 0 0 0 0 0 0 0 0
#obs cpue bio
 2.73691e+006 2.68974e+006 2.94056e+006 2.17316e+006 1.7766e+006 1.52188e+006 1.83404e+006 1.45473e+006 883203 1.09785e+006 727303 761910 563794 617600 810977 758390 858266 414427 511875 510786 362986 852767 538121 674186 534353 452291 433741 454668 458931 566285 694450 549842 693380 633921 628432 441573 435139 539773 560025 368708 594841 522893 633013 625761 598738 576915 377929 585162 445718 521712 725007 498231 638530
#pred surv len freq
 0.00554501 0.00900677 0.0135582 0.0191675 0.0256739 0.0326964 0.0396082 0.045691 0.050407 0.0535798 0.0553642 0.0560809 0.0560636 0.0555821 0.0548169 0.0538592 0.052726 0.0513793 0.0497255 0.0475881 0.0446883 0.0407034 0.0354356 0.0290231 0.02203
 0.00587389 0.00944266 0.0140384 0.0195905 0.0259505 0.0328176 0.0396825 0.0459119 0.0509546 0.0545131 0.0565729 0.0573261 0.0570791 0.0561767 0.0549308 0.0535586 0.0521509 0.0506723 0.0489728 0.0467993 0.0438237 0.0397302 0.034377 0.027966 0.021088
 0.00631784 0.0101488 0.0150647 0.020961 0.0276296 0.0346862 0.0415387 0.04752 0.0521377 0.0552351 0.0569427 0.0575103 0.0571842 0.0561861 0.0547342 0.0530401 0.0512659 0.0494659 0.0475437 0.0452463 0.0422174 0.0381223 0.0328285 0.0265603 0.0199125
 0.00666605 0.0107254 0.0159518 0.0222405 0.0293641 0.036886 0.0441243 0.0503023 0.0548365 0.0575409 0.0586039 0.0584077 0.0573524 0.0557649 0.0538785 0.0518483 0.0497692 0.0476709 0.0454819 0.0429938 0.0398841 0.0358327 0.0307082 0.0247234 0.0184424
 0.00695684 0.0111951 0.0166549 0.0232308 0.0306902 0.0385821 0.0461923 0.0526928 0.0574344 0.0601619 0.0610078 0.0603369 0.0585913 0.0561984 0.0535163 0.050797 0.0481722 0.0456573 0.0431546 0.0404504 0.0372428 0.0332397 0.0283218 0.0226836 0.0168385
 0.00734218 0.0118036 0.0175375 0.0244235 0.0322103 0.0404207 0.0483071 0.0550056 0.0598399 0.0625405 0.0632311 0.0622622 0.0600592 0.0570491 0.0536259 0.0501163 0.0467419 0.0435919 0.0406085 0.0375936 0.0342545 0.03031 0.0256406 0.0204118 0.0150724
 0.00768435 0.0123436 0.01832 0.0254795 0.0335521 0.0420358 0.05015 0.0569965 0.061876 0.0645163 0.0650534 0.0638516 0.0613387 0.0579302 0.0540067 0.0498977 0.0458599 0.0420469 0.0384792 0.035029 0.0314544 0.0274995 0.0230404 0.0182015 0.0133567
 0.00808607 0.0129814 0.0192504 0.0267428 0.0351629 0.0439698 0.0523311 0.059296 0.0641334 0.0665733 0.0667854 0.0651807 0.0622287 0.0583684 0.0539823 0.0493881 0.044832 0.0404789 0.0363918 0.0325122 0.0286731 0.0246744 0.0204063 0.0159557 0.0116149
 0.00846565 0.0135863 0.0201379 0.027957 0.0367259 0.0458681 0.0545002 0.0616155 0.0664412 0.0686952 0.0685667 0.0665082 0.0630396 0.0586476 0.0537479 0.0486709 0.043658 0.0388658 0.0343654 0.0301348 0.0260673 0.0220233 0.0179224 0.0138285 0.00996075
 0.00864437 0.0138866 0.020608 0.0286487 0.0376845 0.0471163 0.0560212 0.0633455 0.0682764 0.0705094 0.0702293 0.067899 0.0640602 0.05923 0.0538594 0.0483106 0.0428466 0.0376355 0.0327585 0.0282153 0.0239383 0.0198337 0.0158494 0.0120365 0.00855677
 0.00895685 0.0143773 0.0213148 0.029596 0.0388807 0.048549 0.0576496 0.0650958 0.0700457 0.0721799 0.0716849 0.0690397 0.0648109 0.0595451 0.0537229 0.0477324 0.0418569 0.0362786 0.0310906 0.0263095 0.0218938 0.0177802 0.0139347 0.0103962 0.00727792
 0.0092562 0.0148494 0.0219974 0.030513 0.0400363 0.0499203 0.0591794 0.0666933 0.0716011 0.0735858 0.0728542 0.0699108 0.0653439 0.0597165 0.0535235 0.0471672 0.0409456 0.0350556 0.0296059 0.0246311 0.0201125 0.0160087 0.0122966 0.00900123 0.00619457
 0.00935171 0.0150266 0.0223041 0.031006 0.0407666 0.0509102 0.0604025 0.0680699 0.0730148 0.0749122 0.0739865 0.0707738 0.0658955 0.0599414 0.0534244 0.0467575 0.0402457 0.0340937 0.0284214 0.0232804 0.0186725 0.014575 0.0109718 0.00787486 0.00532117
 0.00920271 0.0148124 0.022036 0.0307186 0.0405164 0.0507686 0.0604446 0.068359 0.073582 0.0757389 0.0749997 0.0718604 0.0669303 0.060815 0.0540593 0.0471107 0.0403032 0.0338635 0.0279307 0.0225758 0.0178207 0.0136605 0.0100858 0.00709832 0.00470685
 0.00906897 0.0146024 0.0217355 0.0303235 0.0400389 0.0502444 0.0599379 0.0679586 0.0733844 0.0758219 0.0753968 0.0725473 0.0678276 0.0618058 0.0550159 0.0479204 0.0408854 0.0341766 0.0279701 0.0223688 0.0174217 0.0131433 0.00953296 0.006585 0.00428589
 0.00903308 0.0145337 0.0216133 0.0301228 0.0397375 0.0498341 0.0594358 0.0674122 0.0728672 0.0754206 0.0751941 0.0726028 0.0681609 0.0623868 0.0557668 0.048732 0.0416418 0.0347805 0.02836 0.0225268 0.0173703 0.0129363 0.00924033 0.00627614 0.00401398
 0.00917567 0.014724 0.0218221 0.0302961 0.0398088 0.0497468 0.0591635 0.0669672 0.0722978 0.0748012 0.0746137 0.0721514 0.0679142 0.0623893 0.0560191 0.0491866 0.0422127 0.0353633 0.0288583 0.022874 0.0175423 0.0129502 0.00914235 0.00612331 0.0038564
 0.00936862 0.015023 0.0222424 0.0308344 0.0404367 0.0504037 0.0597561 0.0673842 0.0724409 0.074622 0.0741351 0.0714628 0.0671434 0.0616672 0.0554491 0.0488253 0.0420627 0.0353796 0.0289661 0.0229943 0.0176155 0.01295 0.00907554 0.00601748 0.00374375
 0.00943447 0.0151374 0.0224276 0.0311148 0.040831 0.0509136 0.0603542 0.0680087 0.073002 0.0750207 0.074289 0.0713318 0.0667456 0.0610774 0.0547782 0.0481881 0.0415465 0.0350242 0.0287621 0.0228974 0.0175699 0.0129105 0.00901994 0.00594594 0.00366879
 0.00939394 0.0150828 0.0223673 0.031066 0.0408184 0.0509649 0.0604942 0.0682511 0.0733413 0.0754244 0.0746975 0.0716688 0.0669393 0.0610853 0.0546039 0.0478815 0.0411854 0.034686 0.0284985 0.0227231 0.0174683 0.0128513 0.00897619 0.00590367 0.00362656
 0.00934383 0.0150125 0.0222823 0.0309797 0.0407497 0.0509341 0.0605192 0.0683453 0.0735114 0.0756677 0.0749974 0.0719922 0.0672381 0.0613057 0.0547023 0.0478406 0.0410229 0.0344487 0.0282439 0.0224983 0.0172969 0.0127331 0.00889763 0.00584965 0.00358709
 0.00932555 0.0149565 0.0221512 0.0307271 0.0403374 0.0503577 0.0598264 0.067634 0.0729031 0.0752702 0.0748744 0.0721519 0.0676383 0.0618685 0.0553328 0.0484475 0.041538 0.034839 0.0285122 0.0226707 0.0174059 0.0128041 0.008945 0.00587958 0.0036032
 0.00939333 0.0150586 0.0222879 0.0308874 0.0404955 0.0504711 0.0598411 0.0675003 0.0726007 0.0748283 0.0743736 0.0716994 0.0673298 0.0617554 0.0554104 0.0486654 0.0418235 0.035123 0.0287478 0.0228397 0.0175134 0.0128665 0.00897905 0.00589734 0.00361165
 0.00943902 0.0151306 0.0223916 0.0310254 0.040666 0.0506644 0.0600365 0.0676639 0.0726891 0.0748 0.0742062 0.0714054 0.0669611 0.0613898 0.0551242 0.0485056 0.041794 0.0351911 0.0288641 0.0229594 0.0176095 0.0129309 0.00901625 0.00591608 0.00361981
 0.00952036 0.0152484 0.0225424 0.0311972 0.0408422 0.0508299 0.0601816 0.0677838 0.0727788 0.0748493 0.0741982 0.0713218 0.0667931 0.0611489 0.0548458 0.0482399 0.0415874 0.0350684 0.0288216 0.0229728 0.0176482 0.0129712 0.0090463 0.00593393 0.00362845
 0.00954361 0.0152872 0.022602 0.0312817 0.0409515 0.0509572 0.0603119 0.0678971 0.0728573 0.0748842 0.074191 0.0712792 0.0667201 0.0610465 0.0547153 0.0480907 0.0414393 0.0349458 0.0287423 0.0229404 0.017652 0.012994 0.00907268 0.00595503 0.00364187
 0.00956636 0.0153181 0.0226377 0.031316 0.0409782 0.0509738 0.0603215 0.0679064 0.0728721 0.0749049 0.0742125 0.0712936 0.0667209 0.0610304 0.0546816 0.048041 0.0413785 0.0348833 0.0286903 0.0229084 0.0176428 0.0130027 0.00909019 0.00597312 0.00365583
 0.00933755 0.0149921 0.0222317 0.0308746 0.04056 0.0506303 0.0600815 0.0677743 0.0728377 0.0749553 0.0743373 0.0714833 0.0669621 0.0613038 0.0549647 0.0483122 0.0416221 0.0350913 0.0288622 0.0230488 0.0177576 0.0130959 0.00916362 0.00602744 0.00369263
 0.00907942 0.0146065 0.0217166 0.0302551 0.0398873 0.0499751 0.0595242 0.0673911 0.0726808 0.0750353 0.0746188 0.0719001 0.0674423 0.0617908 0.0554238 0.048726 0.0419831 0.0353969 0.0291134 0.0232496 0.0179142 0.0132152 0.0092516 0.00608941 0.00373352
 0.00880786 0.0141798 0.021104 0.0294431 0.0388885 0.0488382 0.0583423 0.066296 0.0718183 0.0745267 0.0745274 0.0722166 0.0680939 0.0626664 0.0564048 0.0497115 0.0429015 0.0362066 0.0297959 0.0238023 0.018344 0.0135353 0.0094786 0.00624149 0.00382885
 0.00867866 0.0139573 0.0207465 0.0289059 0.0381356 0.0478618 0.057181 0.0650418 0.0706047 0.0735028 0.0738274 0.0719326 0.0682568 0.0632403 0.0572967 0.0507951 0.0440473 0.0373064 0.0307757 0.0246227 0.0189938 0.0140226 0.00982385 0.00647122 0.00397138
 0.00927599 0.0147875 0.0217342 0.0298896 0.0389085 0.0482397 0.0570608 0.064423 0.0695746 0.0722059 0.0724359 0.0706218 0.0671811 0.0625084 0.0569537 0.0508186 0.0443594 0.0377993 0.0313404 0.025171 0.019469 0.0143987 0.0100985 0.00665693 0.00408748
 0.00975059 0.0155458 0.0228424 0.0313775 0.0407372 0.0502656 0.0590218 0.0659781 0.0704038 0.0721275 0.0714735 0.0689853 0.0651821 0.0604633 0.0551142 0.0493401 0.0432994 0.0371343 0.0309932 0.025043 0.0194672 0.0144523 0.0101635 0.00671193 0.00412618
 0.00966191 0.0154938 0.0229341 0.031769 0.0415911 0.0516817 0.0609703 0.0682707 0.0727193 0.0740842 0.072726 0.069318 0.0645693 0.0590699 0.0532358 0.0473087 0.0413965 0.03554 0.0297788 0.024193 0.0189159 0.0141183 0.00997265 0.0066083 0.00407247
 0.00953565 0.0152904 0.0226381 0.0313849 0.0411638 0.0513163 0.0608318 0.0685447 0.0735341 0.0754278 0.0744089 0.0710143 0.0659221 0.0598124 0.0532735 0.0467302 0.0404186 0.0344189 0.0287289 0.0233428 0.018305 0.0137232 0.0097404 0.0064832 0.00401026
 0.00953536 0.0152725 0.0225787 0.031251 0.0409224 0.0509519 0.0603666 0.068054 0.0731455 0.0752947 0.0746591 0.0716859 0.0669215 0.0609264 0.0542405 0.0473396 0.0405855 0.0341979 0.0282677 0.0228094 0.0178277 0.013365 0.00950777 0.00635042 0.00394306
 0.00948507 0.0151971 0.022476 0.0311203 0.040761 0.0507511 0.0601128 0.0677372 0.0727748 0.0749149 0.0743547 0.0715647 0.0670737 0.061376 0.054916 0.0480886 0.0412321 0.0346141 0.028418 0.0227465 0.0176498 0.0131656 0.00934472 0.0062423 0.00388282
 0.00965858 0.0154467 0.0227915 0.0314714 0.0411053 0.051047 0.0603286 0.0678519 0.0727741 0.0747902 0.0741108 0.0712318 0.0667141 0.0610718 0.0547381 0.0480615 0.0413174 0.0347288 0.0284776 0.0227063 0.0175184 0.0129881 0.00917148 0.00610605 0.00379269
 0.00981815 0.0156905 0.0231279 0.0318941 0.041591 0.0515546 0.0608013 0.0682253 0.0729917 0.0748205 0.0739556 0.0709225 0.0663013 0.0606164 0.0543033 0.0477015 0.0410624 0.0345726 0.028383 0.022626 0.0174203 0.0128677 0.00904537 0.00599572 0.00371124
 0.00979032 0.0156688 0.0231385 0.0319742 0.0417777 0.0518669 0.0612248 0.0687094 0.073462 0.0751996 0.0741842 0.0709722 0.0661778 0.0603542 0.0539562 0.0473294 0.040718 0.0342898 0.0281703 0.0224699 0.017298 0.0127608 0.00894817 0.00591197 0.0036467
 0.00961549 0.0154079 0.0227909 0.0315594 0.0413354 0.0514539 0.0609079 0.0685529 0.0735083 0.0754504 0.0745934 0.0714586 0.0666519 0.0607459 0.0542308 0.0474887 0.0407895 0.0343105 0.0281715 0.0224686 0.0172969 0.0127558 0.00893567 0.00589327 0.00362651
 0.00958925 0.0153674 0.0227341 0.0314866 0.04125 0.0513638 0.0608267 0.0685003 0.0735072 0.0755208 0.0747433 0.0716764 0.0669043 0.0609856 0.0544112 0.04758 0.0407876 0.034235 0.0280546 0.0223419 0.0171818 0.0126616 0.00886302 0.00583934 0.00358815
 0.00957789 0.0153473 0.022701 0.0314358 0.0411781 0.0512705 0.0607176 0.0683872 0.0734073 0.0754539 0.0747279 0.0717252 0.0670192 0.0611534 0.0546039 0.0477617 0.0409258 0.0343118 0.0280712 0.0223139 0.0171306 0.0126054 0.00881314 0.00580021 0.0035601
 0.00949403 0.0152165 0.0225146 0.0311903 0.0408766 0.0509243 0.0603482 0.0680263 0.0730928 0.0752228 0.0746093 0.0717356 0.06716 0.0614104 0.0549484 0.0481534 0.0413195 0.0346665 0.0283589 0.0225244 0.0172698 0.0126887 0.00885808 0.00582178 0.00356885
 0.00950094 0.0152153 0.02249 0.0311208 0.0407405 0.0507093 0.0600593 0.0676874 0.0727415 0.0749007 0.0743542 0.071576 0.0671131 0.0614807 0.0551269 0.0484177 0.0416362 0.0349966 0.0286656 0.022781 0.0174637 0.0128214 0.00894049 0.00586824 0.00359255
 0.00956835 0.0153108 0.0226071 0.0312425 0.0408413 0.0507607 0.0600354 0.0675716 0.072532 0.0746147 0.0740271 0.0712543 0.0668433 0.0612987 0.0550516 0.0484496 0.0417592 0.0351823 0.0288793 0.0229895 0.0176421 0.0129572 0.00903301 0.00592476 0.00362354
 0.00944984 0.0151539 0.022436 0.0310997 0.0407728 0.0507938 0.060162 0.067748 0.0726964 0.0747118 0.0740271 0.0711598 0.066684 0.0611192 0.0548974 0.0483552 0.0417413 0.0352383 0.0289908 0.0231294 0.0177833 0.0130789 0.00912489 0.00598616 0.00366003
 0.00965742 0.0154778 0.0228986 0.0317131 0.0415374 0.0516946 0.0611614 0.0687778 0.0736569 0.0754832 0.0744938 0.0712407 0.0663581 0.0604352 0.0539603 0.0472975 0.0406899 0.0342899 0.0282013 0.0225159 0.0173343 0.0127674 0.00891893 0.00585628 0.00358222
 0.00932011 0.0149749 0.0222279 0.0309063 0.0406571 0.0508249 0.0603995 0.0682247 0.0734014 0.0755783 0.0749344 0.0719558 0.0672252 0.0613135 0.0547312 0.0478937 0.0411026 0.0345537 0.0283678 0.0226308 0.0174254 0.0128452 0.00898378 0.0059058 0.00361599
 0.00928579 0.0149008 0.022084 0.0306575 0.0402764 0.0503132 0.0597999 0.0676203 0.0728942 0.075259 0.0748582 0.0721318 0.067618 0.0618522 0.0553244 0.0484509 0.0415571 0.0348769 0.028569 0.0227424 0.0174844 0.0128795 0.00900808 0.00592508 0.00363069
 0.00914185 0.0146617 0.0217147 0.0301226 0.0395484 0.0493864 0.0587059 0.0664378 0.0717442 0.0742859 0.0742006 0.0718908 0.067832 0.0624857 0.056277 0.049583 0.0427225 0.0359543 0.0294814 0.0234608 0.0180176 0.0132567 0.00926406 0.00609125 0.00373288
 0.0089854 0.0144581 0.0214997 0.0299549 0.0394852 0.0494489 0.0588554 0.0665819 0.0717741 0.0741267 0.0738465 0.0714104 0.067343 0.0621127 0.05611 0.0496511 0.0429925 0.0363498 0.0299142 0.023859 0.0183401 0.0134928 0.00942332 0.00619174 0.0037926
 0.00857112 0.0138612 0.0207457 0.0291226 0.0386923 0.048822 0.0584983 0.0665489 0.0720516 0.0746285 0.074434 0.0719382 0.0677132 0.0623084 0.0561891 0.0497067 0.0431045 0.0365532 0.0301947 0.0241713 0.0186346 0.0137353 0.00960112 0.00630956 0.0038639
#obs surv len freq
 0.0049718 0.00814423 0.0123886 0.0177184 0.0240066 0.0308862 0.0377294 0.0438113 0.0485809 0.0518386 0.0537056 0.0544705 0.0544552 0.0539578 0.0532374 0.0525056 0.0519048 0.0514682 0.0510566 0.0503012 0.0486201 0.045383 0.0402132 0.0332798 0.0253648
 0.0051919 0.00850288 0.0129302 0.0184853 0.0250321 0.0321823 0.0392742 0.0455422 0.0504021 0.0536361 0.0553639 0.0558824 0.0555278 0.0546145 0.0534211 0.0521815 0.0510655 0.0501389 0.0493008 0.0482233 0.0463638 0.0431203 0.0381205 0.0315043 0.0239923
 0.00541866 0.00887683 0.0135028 0.0193076 0.0261447 0.0335994 0.0409677 0.0474371 0.0523879 0.0555891 0.057166 0.0574307 0.0567346 0.0554055 0.0537341 0.0519679 0.0502958 0.0488124 0.0474579 0.045959 0.0438321 0.0405239 0.0356794 0.029409 0.0223597
 0.00566268 0.00927353 0.0141002 0.0201514 0.027271 0.0350224 0.0426657 0.0493456 0.0544061 0.0575965 0.0590406 0.0590615 0.0580281 0.0562859 0.0541403 0.0518503 0.0496163 0.0475527 0.0456368 0.0436523 0.0411878 0.0377558 0.0330341 0.0271102 0.0205523
 0.00588849 0.00964865 0.0146794 0.0209905 0.0284148 0.0364868 0.0444207 0.0513109 0.0564649 0.0596208 0.0609118 0.0606799 0.0593117 0.0571673 0.054563 0.0517659 0.0489846 0.0463481 0.0438638 0.0413694 0.0385283 0.0349301 0.0302982 0.0247065 0.0186455
 0.00612927 0.0100391 0.0152657 0.0218162 0.0295147 0.0378755 0.0460789 0.053178 0.0584435 0.0615919 0.0627529 0.06228 0.0605805 0.0580365 0.0549827 0.0516972 0.0483944 0.0452117 0.0421794 0.0391825 0.0359563 0.0321694 0.0275986 0.0223131 0.0167322
 0.0063789 0.0104482 0.0158872 0.0227003 0.0306978 0.0393639 0.0478332 0.0551105 0.0604339 0.0635131 0.0644924 0.063748 0.0617077 0.0587701 0.0552825 0.051532 0.0477397 0.0440502 0.0405115 0.0370482 0.0334598 0.0294904 0.0249719 0.0199746 0.014854
 0.00662432 0.0108522 0.0165043 0.0235839 0.0318893 0.040875 0.0496277 0.0570982 0.0624837 0.0654788 0.0662397 0.0651716 0.0627373 0.0593669 0.0554293 0.0512229 0.046971 0.04282 0.0388292 0.0349537 0.0310483 0.0269242 0.0224646 0.0177437 0.0130601
 0.00683293 0.0111942 0.0170247 0.0243271 0.0328915 0.0421514 0.0511584 0.0588213 0.064301 0.0672717 0.0678867 0.0665625 0.0637834 0.0600068 0.0556302 0.0509749 0.0462781 0.0416939 0.0372914 0.0330499 0.0288677 0.0246117 0.0202085 0.0157362 0.0114439
 0.00706027 0.0115667 0.0175903 0.0251312 0.0339668 0.0435025 0.0527473 0.060564 0.0660816 0.0689662 0.0693844 0.0677755 0.0646477 0.06048 0.0556886 0.0506118 0.0455009 0.0405215 0.0357554 0.0312035 0.0267997 0.0224544 0.0181283 0.0138994 0.00997212
 0.00725339 0.0118852 0.0180778 0.0258312 0.0349132 0.0447054 0.054179 0.0621527 0.0677217 0.0705381 0.0707754 0.0688943 0.0654304 0.0608892 0.0557098 0.0502463 0.0447608 0.0394282 0.0343425 0.029525 0.0249401 0.0205338 0.0162916 0.012288 0.00868695
 0.00742275 0.0121618 0.0184967 0.0264258 0.0357096 0.0457122 0.0553763 0.0634877 0.0691136 0.0718922 0.0719971 0.0698998 0.0661535 0.0612856 0.0557572 0.0499421 0.0441174 0.038469 0.0331028 0.0280578 0.0233236 0.0188745 0.0147145 0.0109119 0.00759448
 0.00753943 0.0123539 0.0187904 0.0268474 0.0362806 0.0464417 0.056253 0.0644767 0.070161 0.0729342 0.072969 0.0707407 0.0668086 0.0617089 0.055914 0.0498119 0.0436951 0.037765 0.0321445 0.0268917 0.02202 0.0175269 0.01343 0.00979059 0.00670485
 0.0076044 0.0124574 0.0189428 0.0270583 0.0365593 0.0467965 0.0566893 0.0649942 0.0707507 0.0735771 0.0736355 0.0713921 0.0673996 0.062191 0.0562403 0.0499415 0.0435982 0.0374278 0.0315732 0.0261167 0.0210974 0.0165364 0.012464 0.00893546 0.00602062
 0.00766346 0.0125467 0.0190646 0.0272111 0.0367384 0.0469974 0.0569091 0.0652331 0.0710124 0.0738677 0.07396 0.0717496 0.0677777 0.062563 0.0565671 0.0501767 0.0436965 0.0373533 0.0313081 0.025668 0.0205006 0.0158526 0.0117697 0.00830512 0.00550806
 0.00772308 0.0126369 0.0191877 0.027364 0.0369134 0.0471831 0.057092 0.0654007 0.0711564 0.0739887 0.0740687 0.0718629 0.0679118 0.0627244 0.0567464 0.0503478 0.0438206 0.037388 0.0312188 0.0254391 0.0201434 0.0154056 0.0112902 0.00785396 0.00513247
 0.00775624 0.0126874 0.0192574 0.027452 0.0370159 0.0472937 0.0572023 0.0655009 0.0712383 0.0740485 0.0741094 0.0718948 0.0679492 0.0627815 0.0568306 0.0504543 0.0439297 0.0374683 0.031235 0.0253641 0.0199692 0.0151488 0.0109882 0.00755267 0.00487166
 0.007807 0.012763 0.0193581 0.0275734 0.0371497 0.0474296 0.0573299 0.0656102 0.0713209 0.0740988 0.0741265 0.0718831 0.0679184 0.0627449 0.0568018 0.0504423 0.0439346 0.0374781 0.0312282 0.0253167 0.0198655 0.0149894 0.0107916 0.00734872 0.00468953
 0.00784489 0.0128209 0.0194381 0.0276743 0.0372667 0.0475543 0.0574505 0.0657135 0.0713953 0.0741378 0.0741302 0.0718577 0.0678736 0.0626909 0.0567483 0.0503974 0.0439025 0.0374568 0.0312079 0.0252828 0.019804 0.0148947 0.0106705 0.0072179 0.00456853
 0.0078717 0.0128622 0.0194961 0.027749 0.0373561 0.0476541 0.0575536 0.0658106 0.071476 0.074193 0.0741548 0.0718514 0.0678407 0.0626393 0.0566875 0.0503362 0.0438476 0.0374109 0.0311687 0.025243 0.0197547 0.0148301 0.0105915 0.00713257 0.00448836
 0.00789356 0.0128941 0.0195371 0.0277962 0.0374053 0.0477012 0.0575961 0.0658475 0.0715072 0.0742183 0.074173 0.0718608 0.0678398 0.0626275 0.0566659 0.050308 0.0438168 0.0373811 0.0311409 0.0252153 0.0197228 0.0147903 0.0105434 0.00707997 0.0044379
 0.0079005 0.0129045 0.0195511 0.027813 0.0374231 0.0477174 0.0576078 0.0658521 0.071504 0.0742093 0.0741627 0.0718542 0.0678397 0.062634 0.0566764 0.0503189 0.0438255 0.0373861 0.0311419 0.0252117 0.0197133 0.0147735 0.0105194 0.00705126 0.00440874
 0.0079061 0.0129097 0.0195518 0.0278033 0.0373973 0.0476727 0.0575466 0.065782 0.0714355 0.0741523 0.0741246 0.0718386 0.0678476 0.0626634 0.0567229 0.0503763 0.0438867 0.0374446 0.0311927 0.0252516 0.0197406 0.0147879 0.0105221 0.00704524 0.00439787
 0.00788508 0.0128745 0.0194968 0.0277229 0.0372871 0.0475318 0.0573802 0.0656024 0.071261 0.074004 0.0740216 0.0717943 0.0678664 0.0627407 0.0568468 0.0505308 0.0440547 0.0376109 0.0313449 0.0253813 0.0198434 0.0148627 0.0105713 0.00707338 0.00441097
 0.00788136 0.0128649 0.0194758 0.027683 0.0372206 0.0474337 0.0572507 0.0654481 0.0710944 0.0738411 0.0738798 0.0716902 0.0678133 0.0627457 0.0569094 0.0506423 0.0442006 0.0377736 0.0315073 0.0255292 0.0199672 0.0149582 0.0106385 0.00711607 0.00443504
 0.00788555 0.0128687 0.0194759 0.027674 0.0371957 0.0473864 0.0571764 0.0653464 0.070969 0.0737009 0.073738 0.0715625 0.0677155 0.0626909 0.0569053 0.0506899 0.0442935 0.0378991 0.0316491 0.0256707 0.0200945 0.0150621 0.0107157 0.00716807 0.00446655
 0.00785034 0.0128138 0.0193976 0.0275706 0.0370677 0.047237 0.0570122 0.0651769 0.0708062 0.073557 0.0736235 0.0714855 0.0676816 0.0627035 0.0569652 0.050795 0.0444377 0.0380721 0.0318369 0.0258572 0.0202644 0.0152043 0.0108246 0.00724418 0.00451482
 0.00781063 0.0127487 0.0192989 0.027431 0.0368838 0.0470121 0.0567594 0.0649185 0.0705689 0.073365 0.0734931 0.0714235 0.0676869 0.06277 0.0570845 0.0509577 0.0446339 0.0382906 0.0320647 0.0260797 0.0204674 0.015376 0.0109585 0.00733981 0.00457701
 0.00779525 0.0127186 0.0192442 0.0273397 0.0367443 0.0468187 0.0565165 0.0646428 0.0702866 0.0731064 0.0732866 0.0712899 0.0676368 0.0628031 0.0571917 0.0511246 0.0448438 0.0385267 0.0323107 0.0263199 0.0206872 0.0155637 0.0111068 0.00744739 0.00464823
 0.00776365 0.0126687 0.0191716 0.0272406 0.0366154 0.0466574 0.0563224 0.0644196 0.0700444 0.0728627 0.0730646 0.0711151 0.0675315 0.062781 0.0572553 0.0512655 0.0450456 0.0387685 0.0325709 0.0265779 0.0209253 0.0157682 0.0112695 0.0075666 0.00472804
 0.00775011 0.012645 0.0191329 0.0271814 0.0365312 0.0465463 0.0561868 0.0642657 0.0698806 0.0726971 0.0729051 0.0709708 0.0674144 0.0627059 0.057236 0.0513104 0.045154 0.0389305 0.0327691 0.0267915 0.0211336 0.015954 0.0114215 0.00768038 0.00480562
 0.00934695 0.0148804 0.0218312 0.0299566 0.0388995 0.0481054 0.0567574 0.0639187 0.0688534 0.0712724 0.0713214 0.0693893 0.0659278 0.0613616 0.0560569 0.0503068 0.0443289 0.0382797 0.0322801 0.0264442 0.0209024 0.0158112 0.0113408 0.00763936 0.00478739
 0.00932237 0.0151381 0.0227437 0.0319868 0.0423992 0.0530436 0.0625476 0.0695144 0.0731203 0.0734357 0.0712207 0.0674205 0.0627669 0.0576745 0.0523343 0.0468387 0.0412555 0.0356531 0.0301071 0.0247074 0.0195678 0.0148318 0.0106597 0.00719418 0.00451623
 0.00896674 0.014577 0.0219531 0.0310138 0.0414173 0.0523912 0.0626893 0.070877 0.0758414 0.0771751 0.0752007 0.0707223 0.0647144 0.0580687 0.0514247 0.0451098 0.0391951 0.0336185 0.0283017 0.0232166 0.0184058 0.0139742 0.0100624 0.00680415 0.00427923
 0.00878378 0.0142681 0.0214678 0.0303012 0.0404456 0.0511817 0.0613606 0.0696736 0.0751141 0.0772845 0.0763592 0.0728441 0.0673805 0.0606633 0.053384 0.0461362 0.0393173 0.0330932 0.0274528 0.0223108 0.0176054 0.0133472 0.00961467 0.00650972 0.00410067
 0.00873581 0.0141799 0.0213153 0.0300524 0.0400644 0.050637 0.0606397 0.0688011 0.0741724 0.0764284 0.0758058 0.0728192 0.068022 0.0619249 0.0550097 0.0477441 0.0405559 0.0337777 0.0276027 0.0220872 0.0172074 0.0129329 0.00927189 0.00626578 0.00394654
 0.00871547 0.0141477 0.0212675 0.0299838 0.0399657 0.0504928 0.0604282 0.0684981 0.0737618 0.0759185 0.0752475 0.0723157 0.0677162 0.0619539 0.0554379 0.0485109 0.0414796 0.0346273 0.0281974 0.0223626 0.0172138 0.0127811 0.00907117 0.0060871 0.00381816
 0.00868331 0.0140991 0.0212013 0.0299012 0.03987 0.0503872 0.0603145 0.0683739 0.0736186 0.0757432 0.0750285 0.0720567 0.0674502 0.0617481 0.0553774 0.0486601 0.0418407 0.0351248 0.0287048 0.0227606 0.0174405 0.0128458 0.00902959 0.0060031 0.00373681
 0.00868388 0.0140941 0.0211828 0.0298591 0.0397951 0.0502765 0.0601745 0.0682201 0.0734689 0.07561 0.0749137 0.0719525 0.0673477 0.06165 0.0553062 0.048655 0.0419389 0.035335 0.0289934 0.0230613 0.0176859 0.0129977 0.00908988 0.00600095 0.00370717
 0.00866902 0.0140734 0.0211578 0.0298322 0.0397676 0.0502462 0.0601349 0.0681627 0.0733889 0.07551 0.0748042 0.0718469 0.0672562 0.0615775 0.0552556 0.0486339 0.0419616 0.0354154 0.0291319 0.0232373 0.017863 0.0131404 0.00917954 0.00604053 0.00371326
 0.00866688 0.0140693 0.0211506 0.0298209 0.0397521 0.0502278 0.0601159 0.0681454 0.0733728 0.0754909 0.0747755 0.0718038 0.0671992 0.0615124 0.0551924 0.0485836 0.041935 0.0354223 0.0291774 0.0233168 0.017961 0.0132354 0.00925343 0.00608572 0.00373326
 0.00864544 0.0140374 0.021108 0.0297694 0.0396948 0.0501685 0.0600586 0.0680942 0.0733319 0.0754638 0.0747635 0.0718047 0.0672079 0.0615231 0.0552014 0.0485915 0.041947 0.0354453 0.0292174 0.0233752 0.0180324 0.013309 0.00931715 0.00613185 0.00376063
 0.00861536 0.0139876 0.021032 0.0296616 0.0395529 0.0499972 0.0598714 0.0679124 0.0731796 0.0753607 0.07472 0.0718203 0.0672735 0.0616245 0.0553229 0.0487194 0.0420718 0.0355632 0.0293284 0.0234805 0.0181314 0.0133981 0.00939127 0.00618717 0.00379689
 0.00863041 0.0140116 0.0210668 0.0297074 0.0396071 0.0500526 0.0599165 0.0679338 0.0731667 0.0753113 0.0746417 0.0717282 0.0671846 0.0615516 0.0552723 0.0486911 0.0420622 0.0355676 0.0293434 0.0235041 0.0181615 0.0134316 0.00942393 0.0062149 0.00381722
 0.00860825 0.01398 0.0210276 0.0296652 0.0395685 0.0500238 0.0599016 0.0679329 0.0731759 0.0753233 0.0746486 0.0717248 0.0671705 0.0615324 0.055256 0.0486849 0.0420694 0.0355877 0.0293733 0.0235399 0.0181996 0.0134689 0.00945744 0.00624227 0.00383726
 0.00861062 0.0139798 0.0210199 0.029644 0.0395286 0.0499651 0.0598309 0.0678633 0.0731218 0.0752945 0.0746466 0.0717431 0.0671987 0.0615607 0.0552796 0.0487039 0.0420875 0.0356089 0.0293996 0.0235708 0.0182329 0.0135015 0.00948664 0.00626607 0.00385478
 0.00861062 0.0139798 0.0210199 0.029644 0.0395286 0.0499651 0.0598309 0.0678633 0.0731218 0.0752945 0.0746466 0.0717431 0.0671987 0.0615607 0.0552796 0.0487039 0.0420875 0.0356089 0.0293996 0.0235708 0.0182329 0.0135015 0.00948664 0.00626607 0.00385478
 0.00883595 0.0143377 0.0215407 0.0303443 0.0404017 0.0509684 0.0608789 0.0688348 0.0738873 0.0757528 0.0747516 0.0715085 0.0666839 0.0608484 0.0544563 0.0478477 0.0412612 0.0348581 0.028753 0.0230418 0.0178222 0.0132 0.00927847 0.00613177 0.00377442
 0.00856958 0.01394 0.0210098 0.0297069 0.039712 0.0503019 0.060323 0.0684746 0.0737843 0.0759232 0.0751574 0.0720693 0.067303 0.0614411 0.0549667 0.0482515 0.0415597 0.0350678 0.028896 0.0231393 0.0178902 0.0132489 0.00931425 0.00615749 0.00379201
 0.00865423 0.0140415 0.021097 0.0297314 0.0396249 0.0500794 0.0599855 0.0680867 0.0734342 0.0756909 0.0750892 0.0721669 0.0675292 0.0617353 0.0552649 0.0485034 0.0417382 0.0351697 0.0289352 0.0231372 0.0178678 0.0132219 0.00929127 0.0061416 0.0037827
 0.00853929 0.0138736 0.0208778 0.0294706 0.039332 0.0497544 0.0596174 0.0676651 0.0729695 0.0752301 0.0747117 0.0719592 0.0675498 0.0619903 0.0557065 0.04905 0.0423026 0.0356832 0.0293586 0.0234599 0.0180987 0.013379 0.00939373 0.00620581 0.00382116
 0.00871285 0.0141324 0.0212239 0.0298902 0.0397988 0.0502344 0.0600708 0.0680445 0.0732202 0.0752993 0.0745673 0.0716101 0.0670533 0.0614386 0.0551945 0.0486432 0.0420212 0.0355084 0.0292534 0.0233897 0.0180424 0.0133291 0.00935089 0.00617245 0.00379812
 0.00888949 0.0144317 0.021694 0.030576 0.0407231 0.0513726 0.0613327 0.0692814 0.0742602 0.0759963 0.0748364 0.0714373 0.0664863 0.0605708 0.0541476 0.0475461 0.0409855 0.0346086 0.0285205 0.0228198 0.0176134 0.013015 0.00912867 0.00602275 0.0037037
#pred catch len freq
 0.00548024 0.00861221 0.0124424 0.0168214 0.0216408 0.0268208 0.0322284 0.0376329 0.042749 0.0473158 0.0511448 0.0541326 0.0562599 0.0575795 0.0581842 0.0581709 0.0576157 0.0565589 0.0549783 0.0527443 0.049595 0.0452024 0.039365 0.0322463 0.0244782
 0.00586964 0.00914661 0.0130701 0.0174483 0.0221769 0.0272428 0.0326149 0.0381368 0.0435121 0.0483754 0.0523911 0.0553433 0.0571899 0.0580542 0.0581541 0.0577099 0.0568716 0.0556816 0.0540578 0.0517889 0.0485604 0.0440537 0.0381303 0.0310241 0.0233956
 0.00638334 0.00993682 0.0141702 0.0188456 0.023802 0.0289668 0.0342637 0.0395349 0.0445505 0.0490633 0.0528435 0.055697 0.0575033 0.0582638 0.058117 0.0572954 0.0560357 0.0544801 0.0526028 0.0501901 0.0468942 0.0423744 0.0365022 0.0295371 0.0221459
 0.00680183 0.0105998 0.0151369 0.0201623 0.0254955 0.0310307 0.0366345 0.0420694 0.0470267 0.0512199 0.0544519 0.0566358 0.057788 0.0580068 0.0574439 0.0562768 0.0546812 0.0527843 0.0505956 0.0479536 0.0445473 0.0400504 0.0343344 0.0276474 0.0206251
 0.0072067 0.0112278 0.0160284 0.0213423 0.0269796 0.0328305 0.0387513 0.0444749 0.0496374 0.0538772 0.0569251 0.058658 0.0591219 0.0585143 0.0571178 0.0552159 0.0530278 0.0506695 0.0481265 0.045235 0.0417087 0.0372529 0.0317525 0.0254355 0.0188828
 0.00764851 0.0119068 0.0169786 0.0225735 0.0284833 0.0345884 0.0407379 0.0466536 0.0519542 0.0562534 0.0592476 0.0607706 0.0608297 0.059612 0.0574393 0.0546824 0.0516672 0.0485973 0.0455077 0.0422543 0.0385624 0.0341491 0.0288995 0.0230102 0.0169925
 0.00811573 0.012621 0.01797 0.0238431 0.0300087 0.0363331 0.0426554 0.0486856 0.0540304 0.058296 0.0611761 0.0625007 0.0622659 0.0606394 0.0579274 0.0545074 0.0507479 0.0469295 0.0431772 0.0394278 0.0354641 0.0310318 0.0260108 0.0205522 0.0150831
 0.00863223 0.0134146 0.0190791 0.0252742 0.0317397 0.0383182 0.0448253 0.0509452 0.0562634 0.0603796 0.0629987 0.0639748 0.0633304 0.0612521 0.0580496 0.0540926 0.0497456 0.0453076 0.0409561 0.0367078 0.032431 0.027934 0.0231127 0.0180758 0.0131595
 0.00907318 0.0140969 0.0200427 0.0265359 0.0332953 0.0401444 0.0468751 0.0531404 0.0584923 0.0625059 0.0648794 0.0654818 0.0643689 0.0617695 0.0580309 0.0535433 0.0486743 0.0437221 0.0388795 0.0342086 0.0296473 0.025073 0.0204145 0.0157552 0.0113499
 0.00940314 0.0146131 0.0207827 0.0275236 0.0345403 0.0416403 0.0485933 0.0550231 0.0604516 0.0644298 0.066643 0.0669603 0.0654525 0.0623772 0.0581191 0.053105 0.0477285 0.0423025 0.0370328 0.0320072 0.0272087 0.0225672 0.0180435 0.0137063 0.00974508
 0.00981469 0.0152411 0.0216525 0.0286349 0.0358733 0.0431644 0.0502694 0.0567979 0.062251 0.0661588 0.0681932 0.0682227 0.0663322 0.0628051 0.0580586 0.0525516 0.0467052 0.0408529 0.0352178 0.029909 0.0249406 0.0202773 0.015901 0.0118666 0.00830845
 0.0101913 0.0158179 0.0224548 0.0296639 0.0371087 0.04457 0.0517946 0.0583772 0.0638064 0.0676071 0.069454 0.0692232 0.0670097 0.0631106 0.0579605 0.0520396 0.0457912 0.0395703 0.0336211 0.0280756 0.0229747 0.0183088 0.0140722 0.0103043 0.00709243
 0.0102727 0.0159674 0.0227121 0.0300774 0.0377256 0.0454197 0.0528721 0.0596356 0.0651634 0.0689608 0.0707008 0.0702715 0.0677884 0.0635717 0.0580775 0.0518037 0.0452091 0.0386646 0.0324329 0.026669 0.021439 0.0167557 0.012622 0.00906248 0.00612474
 0.0101132 0.0157407 0.0224332 0.0297867 0.0374862 0.0453069 0.052961 0.0599857 0.0658014 0.0698655 0.0717982 0.0714481 0.068916 0.0645337 0.0587863 0.0522059 0.0452822 0.0384122 0.0318821 0.0258709 0.0204696 0.0157118 0.0116087 0.00817322 0.00542066
 0.00995592 0.0155005 0.022102 0.0293705 0.0370072 0.0448061 0.0524995 0.0596425 0.065662 0.0700014 0.0722444 0.072186 0.0698708 0.065588 0.0598058 0.0530677 0.0458959 0.0387289 0.0318942 0.0256076 0.0199914 0.0151026 0.0109623 0.00757535 0.0049315
 0.00988187 0.0153782 0.0219144 0.0291008 0.0366432 0.0443471 0.0519645 0.0590761 0.0651333 0.0695959 0.0720482 0.0722654 0.0702517 0.066242 0.0606499 0.0539814 0.046749 0.0394104 0.0323335 0.0257831 0.0199281 0.0148616 0.0106237 0.00721879 0.00461789
 0.0100502 0.0156067 0.0221741 0.0293348 0.0367796 0.044322 0.0517428 0.0586617 0.0645679 0.0689516 0.0714175 0.0717483 0.0699376 0.0661892 0.0608687 0.054427 0.0473303 0.040013 0.032849 0.0261359 0.02009 0.0148509 0.0104922 0.00703036 0.00442865
 0.0102569 0.0159196 0.0226 0.0298589 0.0373632 0.0449017 0.0522345 0.058973 0.0646215 0.0687127 0.0709116 0.0710586 0.0691836 0.0654969 0.0603409 0.0541213 0.0472485 0.0401046 0.0330306 0.0263188 0.0202079 0.0148754 0.0104327 0.00692019 0.00430634
 0.0103238 0.0160319 0.0227753 0.030116 0.0377165 0.0453537 0.0527656 0.0595344 0.0651363 0.0690891 0.0710657 0.0709423 0.0688058 0.0649264 0.0596886 0.0535058 0.0467612 0.0397871 0.0328708 0.0262666 0.0202004 0.0148628 0.0103916 0.00685295 0.00422939
 0.0103076 0.0160137 0.0227638 0.0301265 0.0377702 0.0454738 0.0529722 0.0598366 0.0655247 0.0695279 0.0714925 0.0712779 0.0689761 0.0648884 0.0594488 0.0531214 0.0463205 0.0393777 0.0325512 0.0260529 0.0200734 0.0147871 0.0103359 0.00680068 0.0041785
 0.0101699 0.0158142 0.0225093 0.0298407 0.0374891 0.0452382 0.0528201 0.0597994 0.0656232 0.0697673 0.0718559 0.0717225 0.0694361 0.0652883 0.0597238 0.0532384 0.0462892 0.0392444 0.0323779 0.0258922 0.0199527 0.0147079 0.0102854 0.0067648 0.00414921
 0.0101592 0.0157745 0.0224095 0.0296412 0.037156 0.0447635 0.0522382 0.0591874 0.0650823 0.0693937 0.0717149 0.0718346 0.0697756 0.0657899 0.0602985 0.0537947 0.0467557 0.0395864 0.0325985 0.0260206 0.0200245 0.0147504 0.0103125 0.00678125 0.00415671
 0.0102248 0.015871 0.0225342 0.0297796 0.0372794 0.0448296 0.0521971 0.0589972 0.0647309 0.0689168 0.0711961 0.0713815 0.0694827 0.0657072 0.0604187 0.0540628 0.047093 0.0399173 0.0328716 0.0262163 0.020149 0.0148227 0.010352 0.00680197 0.0041666
 0.01027 0.0159408 0.0226319 0.0299054 0.0374295 0.0449942 0.0523578 0.0591242 0.0647848 0.0688584 0.0710031 0.0710665 0.0690992 0.0653366 0.0601411 0.0539268 0.0471002 0.0400294 0.0330322 0.0263747 0.0202751 0.0149081 0.0104026 0.0068286 0.00417909
 0.0103416 0.0160432 0.0227605 0.0300477 0.0375695 0.0451193 0.0524626 0.0592093 0.0648504 0.0688968 0.0709966 0.0709926 0.0689439 0.0651081 0.0598748 0.0536757 0.0469139 0.0399338 0.0330219 0.0264212 0.0203437 0.0149722 0.0104496 0.00685724 0.00419397
 0.0103554 0.0160668 0.0227976 0.0301015 0.0376405 0.045203 0.052549 0.0592852 0.0649046 0.0689245 0.0709994 0.0709733 0.0689012 0.0650363 0.0597708 0.0535472 0.0467823 0.0398265 0.0329592 0.0264072 0.0203662 0.0150119 0.0104894 0.00688776 0.00421324
 0.0103485 0.016054 0.0227759 0.0300681 0.0375949 0.0451493 0.0524965 0.0592461 0.0648887 0.068935 0.0710311 0.0710164 0.0689452 0.0650727 0.059793 0.0535517 0.0467706 0.0398066 0.0329436 0.0264066 0.020384 0.015043 0.0105245 0.00691846 0.00423537
 0.0101321 0.0157483 0.0224007 0.0296698 0.0372323 0.0448712 0.0523253 0.059177 0.0649017 0.0690102 0.0711561 0.0711842 0.069148 0.0652977 0.0600233 0.0537704 0.0469648 0.0399702 0.0330777 0.0265166 0.0204762 0.0151209 0.0105884 0.00696744 0.00426945
