SBPRF35
7.78865
Curr Bio
431381
B35
699047
F35
0.212192
FOFL
0.115763
OFL
36999.6
Bzero
2.22533e+006
#pred survey bio
 4.6392e+006 4.41695e+006 4.18638e+006 3.90051e+006 3.57667e+006 3.22859e+006 2.91641e+006 2.59571e+006 2.30087e+006 2.0064e+006 1.79201e+006 1.56723e+006 1.4022e+006 1.23633e+006 1.08429e+006 973598 886971 802886 769400 728686 707046 692942 663992 648908 626224 618448 616211 618385 616041 606408 605704 586896 578207 578285 570508 565177 553092 544099 535856 546858 552823 565209 583315 598570 602189 608134 615359 616907 611502 620430 623765 603223 542109 520263 495940 485419 436476 1.40673e+007 8.55677e+006 9.04541e+006 1.01072e+007 1.14446e+007 1.27849e+007 1.39705e+007 1.49411e+007 1.5696e+007 1.62633e+007 1.668e+007 1.69814e+007 1.71977e+007 1.73523e+007 1.74628e+007 1.75419e+007 1.75988e+007 1.764e+007 1.767e+007 1.7692e+007 1.77083e+007 1.77203e+007 1.77293e+007 1.77361e+007 1.77412e+007 1.77451e+007 1.7748e+007 1.77503e+007 1.7752e+007 1.77533e+007 1.77543e+007 1.77551e+007 1.77557e+007 1.77561e+007 1.77565e+007 1.77568e+007 1.7757e+007 1.77571e+007 1.77573e+007 1.77574e+007 1.77574e+007 1.77575e+007 1.77575e+007 1.77576e+007 1.77576e+007 1.77576e+007 1.77576e+007 1.77577e+007 1.77577e+007 1.77577e+007 1.77577e+007 1.77577e+007 1.77577e+007 1.77577e+007 1.77577e+007 1.77577e+007 1.77577e+007 1.77577e+007 1.77577e+007 1.77577e+007 1.77577e+007 1.77577e+007 1.77577e+007 1.77577e+007 1.77577e+007 1.77577e+007 1.77577e+007 1.77577e+007 1.77577e+007 1.77577e+007 1.77577e+007 1.77577e+007 1.77577e+007 1.77577e+007 1.77577e+007 1.77577e+007 1.77577e+007 1.77577e+007 1.77577e+007 1.77577e+007 1.77577e+007 1.77577e+007 1.77577e+007 1.77577e+007 1.77577e+007 1.77577e+007 1.77577e+007 1.77577e+007 1.77577e+007 1.77577e+007 1.77577e+007 1.77577e+007 1.77577e+007 1.77577e+007 1.77577e+007 1.77577e+007 1.77577e+007 1.77577e+007 1.77577e+007 1.77577e+007 0 0 0 0 0 0 0 0 0 0 0 0 0 0 0 0 0 0 0 0 0 0 0 0 0
#obs survey bio
 2.48463e+006 4.01371e+006 3.71951e+006 2.07955e+006 2.59626e+006 3.04796e+006 1.88803e+006 2.11831e+006 1.97258e+006 1.50799e+006 1.66253e+006 1.22851e+006 1.47758e+006 931013 795354 898623 714765 812671 732950 578937 841196 573500 528395 591064 449600 655344 485156 484587 493828 476517 590021 484648 620456 561994 678437 586302 421884 696590 599396 415502 536104 615121 514309 679576 554588 510757 571591 612853 592388 433950 775283 799766 612769 588884 773755 642843 289869
#pred catch bio
 87195.4 92653.1 153098 209095 260057 258986 297425 301843 325011 272773 296694 254753 263089 255788 222811 202624 197460 150811 153189 132901 123371 132796 118473 122992 109467 104583 100587 103523 107602 97728.7 109927 97959.9 87969.2 91698.1 86404.8 91099.5 90808.7 93222.2 79712.9 86253.6 82363.6 79138.9 82833.8 92972.5 91143.3 90408.9 95122 100213 87818.3 92519.5 111047 141140 104082 103396 88874.8 116867 98907.1 36999.6 65573.9 67939 74727.8 84449.6 94443.3 103213 110245 115558 119408 122111 123965 125213 126042 126587 126941 127169 127316 127410 127470 127508 127532 127548 127557 127563 127567 127570 127571 127572 127573 127573 127573 127573 127573 127573 127574 127574 127574 127574 127574 127574 127574 127574 127574 127574 127574 127574 127574 127574 127574 127574 127574 127574 127574 127574 127574 127574 127574 127574 127574 127574 127574 127574 127574 127574 127574 127574 127574 127574 127574 127574 127574 127574 127574 127574 127574 127574 127574 127574 127574 127574 127574 127574 127574 127574 127574 127574 127574 127574 127574 127574 127574 127574 127574 127574 127574 127574 127574 127574 127574 0 0 0 0 0 0 0 0 0 0 0 0 0 0 0 0 0 0 0 0 0 0 0 0 0
#obs catch bio
 0 92425.4 153777 210854 263877 262564 304586 309262 334771 279249 306513 261575 269990 264163 230630 210112 205070 154321 157381 135660 124787 134980 120275 125001 111424 106714 102292 105520 109752 99270.1 111838 99611.2 88919.4 93040.1 87344.1 92113.8 91744.8 93891.1 79601.9 86964.2 82820.3 79433.6 83306.6 93235.7 91450.3 90843.8 95421.4 100752 87883.2 92915.3 111124 142119 103740 103374 87912.7 116109 98859.9
#pred cpue bio
 4.56101e+006 4.3443e+006 4.11784e+006 3.83338e+006 3.51055e+006 3.16403e+006 2.8533e+006 2.53465e+006 2.24216e+006 1.95053e+006 1.73794e+006 1.51569e+006 1.3525e+006 1.18883e+006 1.03886e+006 929737 845010 763611 731630 692794 672426 659229 631356 616821 594831 587137 585028 587335 585384 576502 576343 558651 550746 551360 544469 539928 527739 517545 508622 519037 524778 536812 554395 569264 572861 578599 585629 587250 582156 590894 594265 574557 515364 494225 471070 461380 414416 1.33528e+007 8.13039e+006 8.46934e+006 9.36336e+006 1.06404e+007 1.1966e+007 1.31486e+007 1.41186e+007 1.48735e+007 1.54408e+007 1.58574e+007 1.61589e+007 1.63752e+007 1.65298e+007 1.66402e+007 1.67193e+007 1.67763e+007 1.68174e+007 1.68474e+007 1.68694e+007 1.68857e+007 1.68977e+007 1.69068e+007 1.69135e+007 1.69186e+007 1.69225e+007 1.69255e+007 1.69277e+007 1.69294e+007 1.69307e+007 1.69317e+007 1.69325e+007 1.69331e+007 1.69335e+007 1.69339e+007 1.69342e+007 1.69344e+007 1.69346e+007 1.69347e+007 1.69348e+007 1.69349e+007 1.69349e+007 1.6935e+007 1.6935e+007 1.6935e+007 1.6935e+007 1.69351e+007 1.69351e+007 1.69351e+007 1.69351e+007 1.69351e+007 1.69351e+007 1.69351e+007 1.69351e+007 1.69351e+007 1.69351e+007 1.69351e+007 1.69351e+007 1.69351e+007 1.69351e+007 1.69351e+007 1.69351e+007 1.69351e+007 1.69351e+007 1.69351e+007 1.69351e+007 1.69351e+007 1.69351e+007 1.69351e+007 1.69351e+007 1.69351e+007 1.69351e+007 1.69351e+007 1.69351e+007 1.69351e+007 1.69351e+007 1.69351e+007 1.69351e+007 1.69351e+007 1.69351e+007 1.69351e+007 1.69351e+007 1.69351e+007 1.69351e+007 1.69351e+007 1.69351e+007 1.69351e+007 1.69351e+007 1.69351e+007 1.69351e+007 1.69351e+007 1.69351e+007 1.69351e+007 1.69351e+007 1.69351e+007 1.69351e+007 1.69351e+007 1.69351e+007 1.69351e+007 1.69351e+007 0 0 0 0 0 0 0 0 0 0 0 0 0 0 0 0 0 0 0 0 0 0 0 0 0
#obs cpue bio
 3.78029e+006 4.59214e+006 2.50673e+006 2.86032e+006 2.62426e+006 2.47107e+006 1.98753e+006 2.55411e+006 2.21903e+006 1.90489e+006 1.2645e+006 1.46764e+006 1.35445e+006 824130 669680 531074 737690 645788 550445 718476 755929 591760 518133 613423 453688 338179 659941 508440 603048 554789 617216 428841 547215 417146 429324 509094 613467 528996 637985 359495 550286 495219 493257 721737 513002 548910 721188 531226 650163 612676 671514 395477 569308 451068 518601 380978 411406
#pred surv len freq
 0.00479324 0.00785423 0.0119538 0.0171111 0.0232147 0.029927 0.0366646 0.0427529 0.0476851 0.0512904 0.0537039 0.0552103 0.0561003 0.0565916 0.0567965 0.0567149 0.0562522 0.0552544 0.0535406 0.0509157 0.0471823 0.0421935 0.0359737 0.0288498 0.0214732
 0.00508672 0.00820506 0.0122545 0.0171995 0.0229372 0.0292275 0.0356429 0.0416414 0.0467451 0.0506877 0.0534387 0.0551409 0.0560342 0.0563899 0.056441 0.0563157 0.0559979 0.0553268 0.0540297 0.0517734 0.0482389 0.0432315 0.0368157 0.0294159 0.0217822
 0.00540887 0.00873444 0.0130514 0.0182967 0.0243015 0.0307214 0.0370185 0.042602 0.0470659 0.0503277 0.0525606 0.0540141 0.0548901 0.0553294 0.0554481 0.0553458 0.0550631 0.0545182 0.0534682 0.0515314 0.0482899 0.0434601 0.0370783 0.0296072 0.0218671
 0.00566901 0.00916441 0.0137129 0.0192543 0.0256108 0.0324041 0.0390268 0.044787 0.0491738 0.0520432 0.0535966 0.0542145 0.0542852 0.0541058 0.0538512 0.0535838 0.0532738 0.0527964 0.0519028 0.0502077 0.0472589 0.0427126 0.0365535 0.0292296 0.0215812
 0.00591123 0.00956015 0.0143132 0.0201107 0.0267695 0.033894 0.0408441 0.0468809 0.051437 0.0543069 0.0556339 0.0557651 0.0551124 0.0540709 0.0529641 0.051996 0.0512176 0.0505135 0.049601 0.0480493 0.04536 0.0411387 0.0353189 0.0283074 0.0209236
 0.0062002 0.0100211 0.0149912 0.0210435 0.0279834 0.0353968 0.0426159 0.0488693 0.053561 0.056464 0.0577015 0.057593 0.0565199 0.054864 0.0529816 0.0511667 0.049597 0.0482767 0.0469962 0.0453395 0.0427766 0.0388544 0.0334364 0.0268608 0.0198891
 0.00642982 0.0103986 0.015567 0.0218669 0.0290928 0.0368048 0.0442952 0.0507498 0.0555439 0.0584444 0.0595833 0.0592887 0.0579352 0.0558825 0.0534647 0.0509785 0.0486523 0.0465884 0.0446964 0.0426593 0.0399942 0.036234 0.0311785 0.0250757 0.0185948
 0.00666473 0.0107826 0.0161493 0.0226956 0.0302072 0.0382219 0.0459943 0.0526656 0.0575728 0.0604633 0.061471 0.0609406 0.0592676 0.056825 0.0539448 0.0509125 0.0479553 0.0452095 0.0426641 0.0401115 0.0371683 0.0334177 0.0286394 0.0229996 0.0170556
 0.00692849 0.0112024 0.0167647 0.023539 0.0313002 0.0395686 0.0475729 0.0544228 0.0594271 0.062316 0.0632186 0.0624844 0.0605202 0.0577131 0.0544065 0.0508898 0.0473898 0.044053 0.0409092 0.0378297 0.0345317 0.0306801 0.0260778 0.020839 0.0154149
 0.00729591 0.0117836 0.0176088 0.0246797 0.032748 0.0413014 0.0495262 0.0564896 0.0614752 0.0642154 0.0648639 0.0638022 0.0614637 0.058252 0.0545172 0.0505486 0.0465691 0.0427265 0.0390713 0.0355276 0.0318948 0.0279221 0.0234565 0.018587 0.0136737
 0.00751593 0.0121467 0.0181652 0.0254786 0.0338272 0.0426706 0.0511506 0.0582854 0.0633232 0.065986 0.0664411 0.0650974 0.0624181 0.058831 0.0547016 0.0503246 0.0459211 0.0416382 0.0375387 0.0335847 0.02964 0.0255271 0.0211412 0.016563 0.0120826
 0.00784905 0.0126739 0.018932 0.0265183 0.0351556 0.0442781 0.0529907 0.0602691 0.0653254 0.0678648 0.0680609 0.0663482 0.0632278 0.0591685 0.0545708 0.0497499 0.044932 0.0402602 0.035798 0.0315263 0.0273527 0.0231569 0.0188762 0.0145883 0.0105263
 0.0081276 0.0131136 0.0195691 0.0273777 0.0362467 0.0455889 0.0544813 0.0618697 0.0669452 0.0694064 0.0694325 0.0674693 0.0640303 0.0596 0.0545991 0.0493658 0.0441469 0.0391003 0.0343008 0.0297473 0.0253789 0.0211157 0.0169258 0.012884 0.00917718
 0.00849109 0.0136905 0.0204102 0.0285176 0.0376943 0.0473139 0.0564025 0.0638564 0.068839 0.0710568 0.0707268 0.0683442 0.0644655 0.0596038 0.0541946 0.0485823 0.0430174 0.0376619 0.0325993 0.0278444 0.0233611 0.0190992 0.0150461 0.0112689 0.00791193
 0.00879649 0.0141918 0.0211724 0.029601 0.0391381 0.0491129 0.0584839 0.0660759 0.071004 0.072968 0.0722189 0.0693105 0.0648649 0.0594529 0.0535506 0.0475226 0.0416219 0.036004 0.0307467 0.025868 0.0213456 0.0171477 0.0132719 0.00977317 0.0067563
 0.00886125 0.0143217 0.0214144 0.0300166 0.0397928 0.0500554 0.0597252 0.067575 0.072668 0.0746634 0.0737909 0.0706072 0.0657623 0.0598753 0.0534789 0.0469884 0.0406914 0.0347599 0.029276 0.0242584 0.019689 0.0155425 0.0118172 0.00855207 0.00581683
 0.00881882 0.0142691 0.0213672 0.0300048 0.0398593 0.0502514 0.060102 0.0681731 0.0735027 0.075711 0.0749817 0.0718299 0.0668824 0.0607608 0.054026 0.0471393 0.0404399 0.0341452 0.0283694 0.0231503 0.018479 0.0143329 0.0107034 0.00761032 0.00509011
 0.00894707 0.0144556 0.0216078 0.0302833 0.0401549 0.0505502 0.0604051 0.0684976 0.0738745 0.0761542 0.075506 0.0724212 0.0674977 0.0613309 0.0544668 0.0473704 0.0404037 0.0338215 0.0277799 0.0223533 0.0175583 0.0133833 0.0098154 0.00685476 0.00450645
 0.00887728 0.0143434 0.0214413 0.0300528 0.0398554 0.0501858 0.0599958 0.0680836 0.0735168 0.0759265 0.0754799 0.0726462 0.0679827 0.0620335 0.0552974 0.0482094 0.0411287 0.0343341 0.0280259 0.0223309 0.0173131 0.0129924 0.00936717 0.0064273 0.00415272
 0.00891322 0.0143958 0.0215087 0.0301284 0.0399273 0.0502384 0.0600112 0.0680457 0.0734169 0.075771 0.0752961 0.0724814 0.0678936 0.0620683 0.0554755 0.0485088 0.0414876 0.0346683 0.0282557 0.0224056 0.0172248 0.0127744 0.00907796 0.00612984 0.00389539
 0.0089701 0.0144647 0.0215691 0.0301477 0.0398707 0.050084 0.0597618 0.0677301 0.0730792 0.0754561 0.0750391 0.0723063 0.0678176 0.0621052 0.0556337 0.0487833 0.0418511 0.0350694 0.028628 0.0226874 0.0173791 0.0127993 0.00900367 0.00600293 0.00376054
 0.00901744 0.0145352 0.0216618 0.0302541 0.039973 0.0501545 0.0597668 0.0676387 0.072877 0.0751567 0.0746854 0.0719582 0.0675333 0.0619265 0.0555807 0.0488564 0.0420336 0.0353283 0.0289169 0.0229541 0.0175795 0.012911 0.00903076 0.0059702 0.00370005
 0.00911584 0.0146978 0.0219102 0.0306069 0.0404375 0.0507158 0.0603783 0.068223 0.073341 0.0754167 0.0746922 0.0717116 0.0670817 0.0613518 0.0549759 0.0483027 0.0415855 0.0350075 0.0287148 0.0228404 0.0175148 0.0128609 0.00897547 0.00590644 0.00363546
 0.00920104 0.0148163 0.0220527 0.030755 0.0405726 0.0508309 0.0604843 0.0683426 0.0734925 0.0755961 0.0748674 0.0718323 0.0671012 0.0612486 0.0547633 0.0480236 0.0412956 0.0347558 0.0285293 0.0227241 0.0174518 0.012827 0.0089503 0.00587948 0.00360592
 0.00935936 0.0150643 0.0224066 0.0312194 0.0411342 0.0514537 0.0611086 0.0688942 0.0739039 0.075828 0.0749173 0.0717236 0.0668638 0.0609054 0.0543315 0.0475255 0.0407656 0.0342384 0.0280676 0.022347 0.0171677 0.0126265 0.00881426 0.00578847 0.00354514
 0.00929488 0.014981 0.0223215 0.0311621 0.0411403 0.0515518 0.0613085 0.0691816 0.0742425 0.0761694 0.0752133 0.071939 0.0669821 0.0609274 0.0542675 0.0473889 0.0405718 0.0340078 0.027826 0.0221214 0.0169787 0.012483 0.00871396 0.00572243 0.0035032
 0.00926692 0.014924 0.0222163 0.0309883 0.0408874 0.0512333 0.06097 0.0688942 0.0740791 0.0761758 0.0753903 0.0722444 0.06735 0.0612916 0.0545788 0.0476202 0.0407162 0.0340727 0.0278284 0.0220835 0.0169228 0.0124269 0.00866791 0.00568938 0.00348156
 0.00913775 0.0147357 0.021972 0.0307028 0.04058 0.0509187 0.0606553 0.0685852 0.0737928 0.0759484 0.075271 0.0722761 0.0675471 0.0616295 0.0550016 0.0480609 0.0411173 0.0343984 0.0280664 0.0222402 0.0170153 0.0124754 0.0086902 0.00569811 0.00348417
 0.00901127 0.0145417 0.0217029 0.0303617 0.0401826 0.0504938 0.0602424 0.0682276 0.0735263 0.0757915 0.0752242 0.0723313 0.067698 0.0618731 0.0553295 0.0484499 0.0415293 0.0347897 0.0284014 0.0224999 0.0171984 0.0125935 0.0087602 0.00573642 0.00350361
 0.00895526 0.0144517 0.0215695 0.0301779 0.0399458 0.0502092 0.0599268 0.0679093 0.0732407 0.0755721 0.0750939 0.0722979 0.0677559 0.0620097 0.0555312 0.0487036 0.0418187 0.0350924 0.0286904 0.0227503 0.0173948 0.0127329 0.00884981 0.00578877 0.00353148
 0.00881327 0.0142317 0.021259 0.0297733 0.0394542 0.0496498 0.0593326 0.0673272 0.0727261 0.0751792 0.0748647 0.0722547 0.0678978 0.0623148 0.0559621 0.0492159 0.0423684 0.0356399 0.0292018 0.0231983 0.0177612 0.0130107 0.00904426 0.00591387 0.00360527
 0.00879938 0.0142113 0.0212321 0.0297403 0.0394144 0.0495996 0.0592645 0.0672316 0.0725949 0.0750109 0.0746688 0.0720524 0.0677187 0.0621893 0.0559134 0.0492533 0.0424858 0.0358184 0.0294151 0.0234184 0.0179635 0.0131784 0.00916977 0.00599872 0.00365702
 0.00876601 0.0141479 0.0211203 0.0295597 0.0391496 0.0492505 0.0588545 0.0668052 0.0722053 0.0747031 0.0744682 0.0719632 0.067732 0.0622916 0.0560924 0.0494984 0.0427848 0.0361543 0.0297654 0.0237577 0.0182677 0.0134299 0.00936067 0.00613113 0.00374056
 0.00855954 0.013841 0.0207117 0.0290653 0.0385965 0.0486678 0.0582679 0.0662403 0.0716944 0.0742877 0.0741935 0.0718658 0.0678266 0.0625662 0.0565126 0.0500191 0.0433605 0.0367454 0.0303382 0.0242835 0.0187236 0.0138005 0.00964079 0.00632642 0.00386523
 0.00850943 0.0137437 0.0205375 0.028781 0.038178 0.0481176 0.0576264 0.0655807 0.071099 0.073821 0.0738875 0.0717248 0.0678419 0.0627266 0.0568052 0.0504238 0.0438475 0.0372775 0.0308764 0.0247924 0.0191742 0.0141734 0.00992751 0.00652977 0.0039973
 0.00913807 0.0146159 0.0215721 0.0298074 0.0389812 0.0485133 0.0575253 0.0650091 0.0701756 0.0727115 0.0727594 0.0707144 0.0670365 0.0621626 0.0564791 0.0503083 0.043904 0.0374624 0.0311445 0.0250991 0.01948 0.0144473 0.0101503 0.00669468 0.00410809
 0.00971512 0.0155444 0.0229416 0.0316671 0.0412981 0.0511247 0.0601174 0.067164 0.0714946 0.0729595 0.0719474 0.0690743 0.0649144 0.0598997 0.0543339 0.0484352 0.0423682 0.0362689 0.0302634 0.0244832 0.0190752 0.0141995 0.0100109 0.00662352 0.00407584
 0.00957853 0.0154299 0.0229684 0.0320137 0.0421561 0.052621 0.0622387 0.0697205 0.0741428 0.0752773 0.0735406 0.0696835 0.0644872 0.0585943 0.0524523 0.0463183 0.0403046 0.0344485 0.028776 0.0233434 0.0182515 0.0136381 0.00965108 0.00640791 0.00395574
 0.00955237 0.0153643 0.0228344 0.0317899 0.0418592 0.0523399 0.0621448 0.0700268 0.0750118 0.0767202 0.0753684 0.0715478 0.0659957 0.0594456 0.0525287 0.0457003 0.0392132 0.0331514 0.0275048 0.0222487 0.0173987 0.0130281 0.00924775 0.00616099 0.00381604
 0.0094413 0.0151877 0.0225752 0.0314328 0.0413927 0.0517634 0.061484 0.0693544 0.0744588 0.0764601 0.0755632 0.0722693 0.0671644 0.0608325 0.0538306 0.046654 0.0396867 0.0331682 0.0272005 0.0217956 0.016941 0.0126511 0.00897958 0.00599212 0.00372081
 0.00938313 0.0151001 0.022456 0.0312832 0.041215 0.0515579 0.0612475 0.069083 0.0741578 0.0761573 0.0753197 0.0721759 0.0673116 0.0612616 0.0544929 0.0474107 0.0403593 0.0336135 0.0273652 0.0217212 0.0167253 0.0123962 0.00875615 0.00583015 0.0036197
 0.00936639 0.0150596 0.0223713 0.0311292 0.0409705 0.0512181 0.0608327 0.0686368 0.073733 0.0757998 0.0750608 0.072037 0.0673154 0.0614341 0.0548489 0.0479287 0.0409678 0.0342049 0.027836 0.0220135 0.0168431 0.0123898 0.00868947 0.00575364 0.00355951
 0.00924989 0.0148879 0.0221447 0.0308574 0.0406667 0.0508917 0.0604866 0.0682723 0.0733602 0.0754448 0.0747636 0.0718413 0.067256 0.0615303 0.0551035 0.0483282 0.0414778 0.0347672 0.0283764 0.0224626 0.0171602 0.0125738 0.00877059 0.00577343 0.00355302
 0.00916794 0.0147568 0.0219524 0.0305965 0.0403388 0.0505116 0.0600842 0.0678872 0.0730297 0.0751918 0.0745934 0.0717498 0.067241 0.0615981 0.0552655 0.0485915 0.0418357 0.035194 0.0288279 0.0228861 0.0175098 0.012825 0.00892552 0.00585352 0.00358622
 0.00920737 0.0148139 0.022025 0.0306764 0.0404129 0.0505632 0.0600962 0.0678465 0.072931 0.0750405 0.0744046 0.071543 0.067036 0.0614134 0.0551202 0.0485053 0.041825 0.0352639 0.0289665 0.0230649 0.0176925 0.01298 0.00903573 0.00591872 0.00361734
 0.00915649 0.014745 0.0219464 0.0306039 0.0403637 0.0505484 0.060114 0.0678818 0.0729617 0.0750463 0.0743743 0.0714772 0.0669454 0.0613143 0.0550306 0.0484421 0.0418023 0.035291 0.0290439 0.0231815 0.0178275 0.0131094 0.0091409 0.00599157 0.00366025
 0.00907938 0.0146252 0.0217775 0.030386 0.0401065 0.0502731 0.0598531 0.0676734 0.0728378 0.0750204 0.0744356 0.0715969 0.0670896 0.0614569 0.0551592 0.0485574 0.0419127 0.0354067 0.0291718 0.0233214 0.0179714 0.0132443 0.00925384 0.0060752 0.00371462
 0.00902105 0.0145381 0.0216605 0.0302431 0.039945 0.0501017 0.0596814 0.0675131 0.0727038 0.0749296 0.0744025 0.0716268 0.067175 0.0615791 0.0552951 0.0486887 0.042031 0.0355132 0.0292728 0.0234224 0.018073 0.0133414 0.00933885 0.00614189 0.00376092
 0.00910181 0.01465 0.0217933 0.0303756 0.0400514 0.0501616 0.0596875 0.0674712 0.0726274 0.074833 0.0742973 0.0715224 0.0670799 0.0615 0.0552353 0.0486466 0.0420024 0.0354948 0.029264 0.0234249 0.0180878 0.0133666 0.00936925 0.00617129 0.00378465
 0.00900248 0.0145065 0.0216101 0.0301665 0.0398339 0.0499485 0.0594822 0.0672716 0.0724349 0.0746599 0.074167 0.071461 0.0671044 0.0616115 0.0554193 0.0488787 0.0422558 0.0357457 0.0294953 0.0236269 0.0182568 0.0135026 0.0094742 0.00624783 0.00383657
 0.00886113 0.0142972 0.0213339 0.0298396 0.0394849 0.0496126 0.0591944 0.06706 0.0723141 0.0746272 0.0742053 0.0715483 0.0672249 0.0617605 0.0555984 0.0490883 0.0424893 0.0359892 0.029732 0.0238421 0.0184406 0.0136508 0.00958683 0.00632827 0.00389008
 0.00884478 0.0142801 0.0213256 0.0298548 0.0395399 0.0497188 0.0593526 0.067258 0.0725284 0.0748274 0.0743594 0.0716292 0.0672169 0.0616649 0.0554351 0.0488897 0.0422903 0.0358172 0.0296013 0.023754 0.0183885 0.0136246 0.0095773 0.00632782 0.00389346
 0.00911087 0.0147073 0.0219568 0.0307215 0.0406499 0.0510403 0.0608002 0.0686943 0.0737882 0.0757563 0.0748492 0.0716363 0.0667628 0.060824 0.0543165 0.0476179 0.0409861 0.0345828 0.0285103 0.022848 0.0176793 0.0131016 0.0092147 0.00609275 0.00375191
 0.00895043 0.0144744 0.02166 0.0303916 0.0403379 0.0508101 0.0607182 0.0688154 0.0741385 0.0763168 0.075551 0.0723729 0.0674178 0.0613012 0.054562 0.0476273 0.0407982 0.0342632 0.0281319 0.0224743 0.0173543 0.0128467 0.00903236 0.0059733 0.0036802
 0.00897462 0.014489 0.0216378 0.0302961 0.0401383 0.0505026 0.060342 0.0684506 0.0738833 0.0762541 0.0757192 0.0727541 0.0679429 0.0618702 0.0550712 0.047996 0.0409865 0.0342762 0.0280099 0.022275 0.0171339 0.0126468 0.00887506 0.00586336 0.00361123
 0.0087795 0.0142035 0.0212657 0.029858 0.0396616 0.0500084 0.05984 0.0679485 0.0734051 0.0758539 0.075476 0.072745 0.0682094 0.062394 0.0557747 0.0487655 0.0417078 0.034865 0.0284285 0.02253 0.017261 0.0126917 0.00887783 0.00585115 0.00359808
 0.00875387 0.0141996 0.0213286 0.0300508 0.0400459 0.0506135 0.0606356 0.0688375 0.0742439 0.0764922 0.0758024 0.0727216 0.0678809 0.0618672 0.0551754 0.0481938 0.0412125 0.0344478 0.0280667 0.0222022 0.016961 0.0124271 0.00866117 0.0056895 0.00348927
#obs surv len freq
 nan nan nan nan nan nan nan nan nan nan nan nan nan nan nan nan nan nan nan nan nan nan nan nan nan
 0.00448048 0.00734018 0.011169 0.0159852 0.021687 0.0279646 0.0342812 0.0400146 0.0446957 0.0481602 0.0505182 0.0520137 0.0529055 0.0534174 0.0537312 0.0539858 0.0542642 0.0545568 0.0546954 0.0542872 0.0527252 0.0493573 0.0438069 0.0362868 0.0276703
 0.00461229 0.00755535 0.0114942 0.016445 0.022298 0.0287266 0.0351676 0.04097 0.0456427 0.0490142 0.051203 0.0524734 0.0531102 0.0533646 0.0534417 0.053496 0.0536172 0.0537953 0.0538586 0.0534119 0.0518501 0.0485253 0.0430624 0.0356675 0.0271969
 0.0047897 0.0078431 0.011926 0.0170517 0.0231016 0.0297307 0.0363472 0.0422669 0.0469711 0.0502745 0.0522965 0.0533138 0.0536322 0.0535298 0.0532421 0.0529529 0.0527748 0.0527123 0.052601 0.0520502 0.0504598 0.0471873 0.0418571 0.0346613 0.0264265
 0.0049739 0.00814945 0.0123997 0.0177387 0.0240389 0.0309308 0.0377833 0.0438683 0.0486339 0.0518818 0.0537361 0.0544881 0.0544612 0.0539533 0.0532235 0.052483 0.0518746 0.0514316 0.0510154 0.0502571 0.0485754 0.04534 0.0401745 0.0332474 0.02534
 0.00518046 0.00848591 0.0129078 0.0184592 0.0250056 0.0321601 0.0392615 0.045544 0.0504207 0.0536701 0.0554079 0.0559292 0.0555706 0.0546488 0.0534451 0.052195 0.0510692 0.0501341 0.0492889 0.0482062 0.0463436 0.0430992 0.0381006 0.0314872 0.023979
 0.0054177 0.00887215 0.0134901 0.0192815 0.0261005 0.033536 0.0408898 0.0473555 0.0523164 0.0555404 0.057148 0.0574441 0.056774 0.0554615 0.0537965 0.0520285 0.0503493 0.0488565 0.0474928 0.0459856 0.0438521 0.0405388 0.0356903 0.0294169 0.0223652
 0.00564749 0.00925239 0.0140746 0.0201244 0.0272452 0.0349976 0.0426382 0.0493099 0.0543586 0.0575393 0.0589826 0.0590155 0.0580052 0.0562916 0.0541726 0.0519014 0.0496764 0.0476132 0.0456918 0.0436993 0.0412261 0.0377863 0.0330577 0.0271278 0.0205647
 0.00590054 0.00966226 0.0146891 0.0209883 0.0283931 0.0364428 0.0443585 0.0512404 0.0563972 0.0595627 0.0608645 0.0606418 0.0592829 0.0571514 0.054565 0.0517887 0.0490267 0.0464034 0.0439246 0.0414286 0.0385813 0.0349747 0.0303337 0.0247333 0.0186646
 0.0061307 0.0100444 0.0152788 0.0218412 0.0295533 0.0379238 0.0461263 0.0532095 0.0584467 0.0615625 0.0626969 0.0622098 0.0605091 0.0579735 0.0549339 0.0516661 0.0483825 0.0452181 0.0422002 0.0392116 0.0359875 0.0321978 0.0276217 0.0223303 0.0167439
 0.00638066 0.0104511 0.0158916 0.0227073 0.0307095 0.0393832 0.0478633 0.055152 0.0604828 0.0635597 0.064524 0.063754 0.0616851 0.0587243 0.0552244 0.051474 0.0476912 0.0440166 0.040494 0.0370442 0.0334649 0.0294996 0.0249813 0.0199822 0.0148591
 0.00663024 0.0108614 0.0165173 0.023601 0.0319103 0.0408993 0.0496548 0.0571277 0.0625154 0.0655121 0.0662724 0.0651987 0.0627519 0.0593625 0.0554038 0.05118 0.0469191 0.0427689 0.0387864 0.034923 0.0310293 0.0269141 0.0224599 0.0177416 0.0130589
 0.00684837 0.0112196 0.0170634 0.0243821 0.0329643 0.0422403 0.051258 0.0589222 0.0643923 0.0673438 0.067934 0.0665832 0.0637785 0.0599782 0.0555797 0.0509049 0.0461932 0.0416013 0.0371995 0.0329662 0.0287971 0.0245555 0.0201661 0.0157055 0.0114226
 0.00704983 0.0115514 0.0175704 0.0251086 0.0339447 0.0434853 0.0527403 0.0605718 0.0661066 0.0690076 0.0694373 0.0678326 0.064701 0.0605228 0.0557164 0.0506225 0.0454944 0.0405001 0.0357238 0.0311677 0.0267655 0.0224257 0.0181068 0.0138846 0.00996269
 0.00727886 0.0119244 0.0181326 0.0259016 0.0349973 0.0447995 0.0542772 0.0622479 0.0678061 0.0706053 0.0708213 0.068917 0.0654295 0.0608659 0.0556658 0.0501841 0.044684 0.0393408 0.0342496 0.0294323 0.0248536 0.0204583 0.0162304 0.0122419 0.00865494
 0.0074368 0.0121884 0.0185435 0.0265016 0.035821 0.0458599 0.0555513 0.0636718 0.069284 0.0720282 0.0720852 0.0699357 0.0661401 0.0612305 0.0556697 0.0498313 0.0439916 0.0383352 0.0329675 0.0279272 0.0232036 0.0187702 0.0146293 0.0108472 0.00754909
 0.0075395 0.0123538 0.0187901 0.0268479 0.0362847 0.0464553 0.0562843 0.0645336 0.0702471 0.0730444 0.0730895 0.0708526 0.0668944 0.0617573 0.0559221 0.0497833 0.0436373 0.037687 0.0320547 0.0267981 0.0219296 0.0174455 0.013362 0.00973814 0.00666768
 0.00757008 0.0124038 0.0188665 0.026958 0.0364369 0.0466582 0.0565469 0.0648649 0.0706551 0.0735342 0.0736569 0.0714775 0.067536 0.0623557 0.0564078 0.0500902 0.0437148 0.0375081 0.0316198 0.0261362 0.021098 0.016526 0.0124491 0.00892077 0.00600874
 0.00767602 0.0125615 0.0190767 0.0272123 0.0367198 0.0469529 0.0568383 0.0651425 0.0709139 0.073776 0.07389 0.0717138 0.0677833 0.0626101 0.0566468 0.0502737 0.0437932 0.037435 0.0313664 0.0257016 0.0205133 0.0158509 0.0117604 0.00829364 0.00549782
 0.00774527 0.0126721 0.0192385 0.0274311 0.0369937 0.0472683 0.0571684 0.0654511 0.0711665 0.0739525 0.0739922 0.0717625 0.0678085 0.0626376 0.0566886 0.0503222 0.0438215 0.0374042 0.0312379 0.0254521 0.0201463 0.0153992 0.0112783 0.00784063 0.00512077
 0.00776604 0.0127053 0.0192879 0.0275001 0.037086 0.0473865 0.0573127 0.065617 0.071343 0.074123 0.0741389 0.0718727 0.0678804 0.0626806 0.056718 0.0503492 0.0438451 0.0374081 0.0311956 0.0253381 0.0199493 0.0151306 0.0109706 0.00753668 0.00485863
 0.00781829 0.0127798 0.0193806 0.0276013 0.037183 0.0474694 0.0573782 0.0656691 0.0713901 0.074173 0.0741953 0.0719329 0.0679369 0.0627258 0.056748 0.0503649 0.0438489 0.0373982 0.0311626 0.0252676 0.01983 0.0149634 0.0107717 0.00733321 0.00467781
 0.0078442 0.0128211 0.0194406 0.027681 0.0372795 0.0475738 0.0574758 0.0657429 0.0714271 0.0741717 0.0741667 0.0718956 0.0679087 0.0627157 0.0567551 0.0503821 0.0438671 0.0374088 0.031157 0.0252369 0.0197672 0.0148674 0.0106509 0.00720408 0.00455893
 0.00786064 0.0128442 0.0194689 0.0277112 0.0373079 0.0475982 0.0574963 0.0657605 0.071442 0.0741816 0.0741681 0.0718875 0.0678947 0.0627039 0.0567538 0.0503952 0.0438921 0.0374378 0.0311797 0.0252431 0.0197495 0.0148237 0.0105859 0.00712828 0.00448523
 0.00788885 0.0128843 0.0195186 0.0277643 0.0373558 0.0476326 0.0575113 0.0657545 0.0714178 0.0741456 0.0741282 0.0718505 0.0678649 0.0626833 0.0567434 0.0503959 0.0439037 0.0374575 0.0312014 0.0252587 0.0197513 0.0148078 0.0105535 0.0070856 0.00444086
 0.00790381 0.0129086 0.0195546 0.0278135 0.0374172 0.0477011 0.0575774 0.0658055 0.0714423 0.0741376 0.0740904 0.0717927 0.0678001 0.0626231 0.0566955 0.0503634 0.0438864 0.0374528 0.0312048 0.0252642 0.0197528 0.0148005 0.0105363 0.00706112 0.00441409
 0.00789686 0.0128965 0.0195353 0.027785 0.0373791 0.0476555 0.0575297 0.0657633 0.071412 0.074122 0.0740873 0.0717979 0.0678097 0.0626362 0.0567136 0.0503888 0.04392 0.0374931 0.0312482 0.0253056 0.0197868 0.0148233 0.0105466 0.00706067 0.00440676
 0.00787845 0.0128651 0.0194854 0.0277112 0.0372773 0.0475264 0.0573806 0.0656088 0.0712714 0.0740145 0.0740271 0.0717903 0.0678511 0.0627162 0.0568191 0.0505074 0.0440425 0.0376128 0.03136 0.0254048 0.0198694 0.0148863 0.0105896 0.0070858 0.00441846
 0.00788177 0.0128624 0.0194666 0.0276619 0.0371835 0.0473798 0.0571847 0.0653802 0.0710365 0.0738029 0.0738656 0.0716978 0.0678362 0.0627758 0.0569403 0.0506714 0.0442284 0.0378025 0.0315393 0.025564 0.0200022 0.01499 0.0106643 0.00713477 0.00444714
 0.00786995 0.0128458 0.0194457 0.0276375 0.0371542 0.0473401 0.0571244 0.0652879 0.0709057 0.0736389 0.0736868 0.071532 0.0677118 0.0627141 0.0569495 0.0507465 0.0443545 0.0379592 0.0317059 0.0257231 0.0201415 0.0151025 0.010748 0.00719181 0.00448235
 0.00784676 0.012808 0.0193892 0.0275591 0.0370535 0.0472211 0.0569958 0.0651611 0.0707909 0.0735403 0.0736034 0.0714618 0.0676572 0.062684 0.0569562 0.0507995 0.0444548 0.0380983 0.0318678 0.0258891 0.0202949 0.0152316 0.0108473 0.00726147 0.00452682
 0.0078328 0.0127829 0.0193468 0.0274928 0.0369572 0.0470929 0.0568407 0.0649915 0.0706245 0.0733959 0.0734951 0.0713961 0.0676333 0.0626968 0.0570009 0.0508739 0.0445587 0.0382296 0.0320196 0.0260495 0.0204492 0.0153667 0.010955 0.00733949 0.00457804
 0.00778052 0.0126995 0.0192244 0.0273253 0.0367426 0.0468348 0.0565513 0.064692 0.0703427 0.0731607 0.0733314 0.0713197 0.0676483 0.0627959 0.057168 0.051089 0.0448027 0.0384868 0.0322773 0.0262957 0.0206724 0.0155564 0.0111046 0.00744806 0.00464991
 0.0077773 0.0126878 0.0191951 0.027266 0.0366406 0.0466825 0.0563503 0.0644548 0.0700899 0.0729167 0.07312 0.0711616 0.0675591 0.0627838 0.0572324 0.0512207 0.044986 0.0387027 0.0325069 0.0265222 0.0208814 0.0157367 0.0112491 0.00755466 0.00472176
 0.0077292 0.0126121 0.0190856 0.0271181 0.036452 0.0464535 0.0560859 0.0641665 0.0697961 0.0726416 0.07289 0.0710005 0.0674841 0.0628026 0.0573428 0.0514114 0.0452388 0.038995 0.0328146 0.0268223 0.0211546 0.015969 0.0114328 0.00768899 0.00481188
 0.00933455 0.0148596 0.0217989 0.0299096 0.0388355 0.0480245 0.056663 0.0638179 0.068756 0.0711893 0.0712626 0.0693633 0.0659396 0.0614111 0.0561375 0.0504068 0.0444341 0.0383774 0.0323622 0.026508 0.0209491 0.0158441 0.0113634 0.00765458 0.00479726
 0.00931467 0.0151248 0.0227222 0.031954 0.0423525 0.0529815 0.0624711 0.0694274 0.0730295 0.0733494 0.0711479 0.0673694 0.0627442 0.0576841 0.0523764 0.0469089 0.041345 0.0357505 0.0302013 0.0247896 0.0196338 0.0148809 0.010694 0.00721683 0.00453034
 0.00895471 0.0145587 0.021928 0.030982 0.0413793 0.0523476 0.0626405 0.0708234 0.0757845 0.0771171 0.0751457 0.0706753 0.0646814 0.0580551 0.0514346 0.0451443 0.0392515 0.0336907 0.028381 0.0232938 0.0184735 0.0140283 0.0101021 0.00683094 0.00429595
 0.00878802 0.0142739 0.0214746 0.0303078 0.0404504 0.0511833 0.0613579 0.0696659 0.0751005 0.0772639 0.0763308 0.0728083 0.0673399 0.0606228 0.0533501 0.0461153 0.0393134 0.0331072 0.0274815 0.0223485 0.0176451 0.0133832 0.00964342 0.00653029 0.00411394
 0.00875026 0.0142036 0.021351 0.0301023 0.0401289 0.0507133 0.0607208 0.0688767 0.0742307 0.0764601 0.075806 0.0727882 0.0679645 0.0618486 0.0549243 0.0476597 0.0404815 0.03372 0.0275644 0.0220671 0.0172013 0.0129353 0.00927793 0.00627208 0.00395145
 0.00870532 0.0141361 0.021259 0.0299857 0.039986 0.050537 0.0604963 0.068584 0.0738541 0.0760036 0.0753125 0.0723512 0.0677179 0.0619232 0.0553813 0.048438 0.0414015 0.0345541 0.0281365 0.0223179 0.0171851 0.0127655 0.00906439 0.00608528 0.00381844
 0.00869281 0.0141103 0.0212104 0.0299033 0.039861 0.0503677 0.0602914 0.0683592 0.0736241 0.0757743 0.0750816 0.0721201 0.0675087 0.0617889 0.0553931 0.0486501 0.0418103 0.0350827 0.0286602 0.0227211 0.0174105 0.0128262 0.00901869 0.00599819 0.00373523
 0.008685 0.0140984 0.0211936 0.0298801 0.0398283 0.05032 0.0602212 0.06826 0.0734941 0.0756187 0.0749114 0.071948 0.0673472 0.0616536 0.0553085 0.0486491 0.0419203 0.0353041 0.0289545 0.0230211 0.0176503 0.0129702 0.0090712 0.00598982 0.00370135
 0.00866747 0.0140715 0.0211563 0.0298325 0.0397721 0.0502578 0.0601562 0.0681945 0.0734288 0.075552 0.0748404 0.071871 0.0672668 0.0615768 0.0552479 0.0486217 0.0419449 0.0353931 0.029104 0.0232061 0.0178323 0.0131139 0.00915942 0.00602708 0.00370532
 0.00865717 0.014055 0.021132 0.0297994 0.0397298 0.0502075 0.0601008 0.0681386 0.0733771 0.0755076 0.0748037 0.0718398 0.067237 0.0615462 0.0552181 0.0486 0.0419427 0.0354224 0.0291708 0.0233051 0.0179462 0.0132202 0.00924018 0.00607579 0.00372681
 0.00864624 0.0140367 0.0211034 0.0297576 0.0396731 0.0501363 0.0600189 0.068053 0.0732971 0.0754421 0.0747588 0.0718176 0.0672355 0.0615603 0.055242 0.0486298 0.0419786 0.0354682 0.0292313 0.0233811 0.0180322 0.013305 0.0093117 0.00612667 0.00375669
 0.00863367 0.0140189 0.0210813 0.0297335 0.0396492 0.0501138 0.0599964 0.0680279 0.0732668 0.0754063 0.0747205 0.0717818 0.0672077 0.0615442 0.0552385 0.0486376 0.041996 0.0354945 0.029267 0.0234266 0.0180855 0.0133605 0.00936231 0.0061664 0.00378321
 0.00863688 0.0140214 0.0210802 0.0297249 0.0396298 0.0500827 0.059957 0.0679864 0.0732298 0.0753776 0.0747 0.071767 0.0671964 0.061536 0.0552347 0.0486403 0.0420063 0.0355128 0.0292931 0.0234597 0.0181236 0.0134006 0.00939991 0.00619747 0.00380556
 0.00862786 0.0140088 0.0210649 0.0297086 0.039614 0.0500674 0.0599402 0.0679654 0.073203 0.0753468 0.0746696 0.0717426 0.0671815 0.0615313 0.055239 0.0486514 0.0420231 0.0355346 0.0293196 0.0234902 0.0181568 0.0134341 0.00943093 0.00622332 0.00382472
 0.00862341 0.0140028 0.0210582 0.0297029 0.0396115 0.0500701 0.0599491 0.0679794 0.0732191 0.07536 0.0746752 0.0717376 0.0671664 0.0615096 0.0552155 0.0486307 0.0420078 0.0355262 0.0293183 0.0234958 0.0181681 0.0134493 0.00944733 0.00623854 0.00383695
 0.00862341 0.0140028 0.0210582 0.0297029 0.0396115 0.0500701 0.0599491 0.0679794 0.0732191 0.07536 0.0746752 0.0717376 0.0671664 0.0615096 0.0552155 0.0486307 0.0420078 0.0355262 0.0293183 0.0234958 0.0181681 0.0134493 0.00944733 0.00623854 0.00383695
 0.00880582 0.0142881 0.0214655 0.0302391 0.0402665 0.0508116 0.0607184 0.0686958 0.0737945 0.0757218 0.0747835 0.071592 0.0668009 0.0609808 0.0545892 0.0479706 0.0413672 0.0349433 0.0288166 0.0230856 0.0178499 0.0132158 0.00928653 0.00613529 0.0037756
 0.00905193 0.0146998 0.0221039 0.031161 0.0415033 0.0523397 0.0624356 0.0704242 0.0753174 0.0768402 0.0753653 0.0715931 0.0662607 0.060001 0.0533069 0.0465315 0.0399044 0.0335631 0.0275925 0.0220591 0.0170346 0.0126041 0.00885481 0.0058506 0.00360146
 0.00892227 0.0145165 0.0218818 0.0309382 0.0413402 0.0523103 0.0626141 0.0708638 0.0760256 0.0777592 0.0763728 0.0725299 0.0669752 0.0603912 0.0533421 0.0462486 0.0393871 0.0329148 0.0269114 0.0214227 0.0164925 0.0121783 0.00854555 0.00564296 0.00347304
 0.00899113 0.014602 0.0219629 0.0309828 0.0413187 0.052216 0.0624781 0.0707537 0.0760252 0.0779367 0.076751 0.073072 0.0675903 0.0609587 0.053748 0.046419 0.0393061 0.0326218 0.0264816 0.0209411 0.0160322 0.011788 0.00824674 0.00543496 0.00334116
 0.00896932 0.0145731 0.0219301 0.0309499 0.0412847 0.0521704 0.0624016 0.0706289 0.0758547 0.0777565 0.0766277 0.0730777 0.067768 0.0612973 0.05418 0.046845 0.0396313 0.032788 0.0264812 0.0208095 0.0158274 0.0115675 0.00805216 0.00528656 0.0032412
 0.00929035 0.0150698 0.0226292 0.0318545 0.0423692 0.0533744 0.0636254 0.0717381 0.0767026 0.078222 0.0766518 0.0726836 0.0670537 0.0604028 0.0532423 0.0459592 0.0388363 0.0320784 0.0258355 0.0202153 0.0152908 0.0111071 0.00768529 0.00501888 0.00306373
#pred catch len freq
 0.00469747 0.00742044 0.010799 0.0147395 0.0191818 0.0240807 0.0293331 0.0347399 0.0400446 0.0450016 0.0494194 0.0531751 0.0562165 0.0585449 0.0601779 0.0611077 0.061282 0.0606084 0.058965 0.0562003 0.0521418 0.0466574 0.0397917 0.0319164 0.0237575
 0.00502071 0.00783257 0.0112142 0.0150198 0.0191891 0.0237517 0.0287284 0.0340272 0.0394164 0.0445755 0.0491829 0.0530043 0.0559522 0.058083 0.0595304 0.0604114 0.0607499 0.0604428 0.0592667 0.0569193 0.0530963 0.047613 0.0405589 0.0324113 0.0240019
 0.00537719 0.00839212 0.0120111 0.0160516 0.0203939 0.0249901 0.0297906 0.0346861 0.0395201 0.0441272 0.0483433 0.0520032 0.0549669 0.0571691 0.0586477 0.0595128 0.0598615 0.0596767 0.0587632 0.0567608 0.0532526 0.0479546 0.0409245 0.0326829 0.0241402
 0.00569715 0.00889694 0.0127445 0.0170489 0.0216805 0.0265705 0.0316237 0.0366528 0.0414073 0.0456555 0.0492468 0.0521309 0.0543429 0.0559678 0.0570999 0.0578131 0.0581384 0.058023 0.0572726 0.055525 0.0523242 0.0473178 0.040506 0.0323945 0.0239194
 0.00601029 0.00938653 0.0134469 0.0179906 0.0228806 0.0280433 0.0333723 0.0386541 0.0435908 0.047881 0.051296 0.0537307 0.0552305 0.055978 0.0562263 0.0562045 0.0560349 0.0556791 0.0549094 0.0533156 0.0503915 0.0457287 0.0392705 0.0314787 0.0232691
 0.00635375 0.00991673 0.014194 0.0189685 0.0240916 0.0294841 0.0350347 0.0405192 0.0456205 0.0500086 0.0534147 0.0556818 0.0568045 0.0569418 0.0563807 0.0554523 0.0544236 0.0533931 0.052217 0.0505031 0.0477095 0.0433622 0.0373266 0.0299901 0.0222076
 0.00666898 0.0104101 0.0149017 0.0199137 0.0252845 0.0309208 0.0366932 0.0423566 0.0475746 0.0520055 0.0553729 0.0575088 0.0583858 0.058131 0.0570059 0.0553478 0.0534841 0.0516267 0.0497674 0.0476253 0.0447114 0.0405349 0.0348904 0.0280651 0.020813
 0.00697903 0.0108947 0.0155963 0.0208421 0.0264597 0.0323452 0.0383531 0.0442135 0.0495614 0.0540299 0.0573284 0.0592873 0.0598857 0.0592559 0.0576546 0.0554084 0.0528482 0.0502287 0.0476345 0.0449089 0.0416745 0.0374962 0.0321458 0.0258196 0.0191482
 0.00735511 0.0114715 0.0164011 0.0218812 0.0277238 0.0338167 0.0400076 0.0460145 0.0514542 0.0559393 0.0591618 0.0609428 0.0612624 0.0602617 0.0582079 0.0554331 0.0522704 0.0489887 0.0457207 0.0424001 0.0387627 0.0344658 0.0293063 0.023423 0.0173276
 0.00777199 0.0121121 0.0172968 0.0230385 0.029128 0.035437 0.0417981 0.047912 0.0533789 0.0578023 0.0608735 0.0624191 0.0624272 0.0610487 0.058559 0.0552962 0.0515967 0.0477377 0.0438802 0.0400199 0.0359861 0.0315299 0.026498 0.0210011 0.015451
 0.00812538 0.0126628 0.0180817 0.0240779 0.0304244 0.0369744 0.0435365 0.0497827 0.055288 0.0596414 0.0625355 0.0638107 0.0634758 0.0617035 0.0587862 0.0550703 0.0508936 0.0465355 0.0421731 0.037846 0.0334567 0.0288392 0.0238945 0.0187238 0.0136603
 0.00851902 0.0132676 0.0189278 0.0251736 0.031761 0.0385316 0.0452813 0.0516618 0.05722 0.0615184 0.0642336 0.0652086 0.064475 0.062241 0.0588369 0.0546368 0.0499911 0.0451818 0.0403916 0.035685 0.0310156 0.0262822 0.0214337 0.0165686 0.0119565
 0.00894006 0.0139089 0.0198134 0.026299 0.0330995 0.0400433 0.0469179 0.053365 0.0589202 0.0631367 0.065686 0.0664098 0.0653439 0.0627102 0.0588617 0.0542004 0.0491022 0.0438675 0.0386937 0.0336662 0.0287747 0.0239643 0.0192186 0.0146328 0.010424
 0.00945308 0.0146939 0.0209033 0.0276922 0.0347624 0.0419165 0.0489178 0.0553843 0.0608356 0.0648258 0.0670457 0.0673678 0.0658607 0.0627729 0.058477 0.053388 0.0478917 0.0422976 0.0368157 0.0315506 0.0265206 0.0217043 0.0171073 0.0128159 0.00899925
 0.00983396 0.0152932 0.0217686 0.0288547 0.0362327 0.043677 0.0509111 0.0575062 0.0629412 0.0667499 0.0686307 0.068489 0.0664436 0.0627991 0.057976 0.05242 0.0465292 0.0406142 0.0348843 0.0294514 0.0243509 0.0195832 0.0151655 0.0111707 0.00772349
 0.00994153 0.0154809 0.0220764 0.0293317 0.0369316 0.0446413 0.0521588 0.0590148 0.0646396 0.06852 0.0703195 0.0699319 0.0674944 0.0633571 0.0580009 0.0519302 0.0455865 0.039304 0.0333013 0.0276943 0.0225249 0.0178017 0.0135431 0.00980413 0.00666945
 0.00995628 0.0155134 0.0221427 0.029457 0.0371498 0.0449935 0.0526869 0.0597519 0.0655969 0.0696728 0.071599 0.0712273 0.0686682 0.0642706 0.0585418 0.0520334 0.0452431 0.038556 0.0322279 0.0263969 0.0211164 0.0163984 0.0122538 0.00871558 0.00583033
 0.00998856 0.0155558 0.022189 0.0294982 0.0371814 0.0450242 0.0527458 0.0598864 0.0658612 0.0701104 0.0722249 0.0720166 0.0695534 0.0651493 0.0592942 0.0525467 0.0454359 0.0383951 0.0317327 0.025633 0.0201808 0.0154022 0.0113041 0.00789731 0.00519281
 0.00994222 0.0154811 0.0220774 0.0293417 0.0369736 0.0447635 0.0524411 0.0595638 0.0655685 0.069915 0.0722012 0.0722249 0.0700158 0.0658337 0.0601142 0.0533788 0.0461484 0.0388796 0.0319284 0.025537 0.0198438 0.0149111 0.0107582 0.00738464 0.00477222
 0.00992343 0.0154516 0.0220346 0.0292832 0.0368963 0.0446638 0.0523147 0.0594082 0.0653869 0.0697218 0.0720265 0.0721141 0.0700211 0.0659963 0.0604444 0.0538424 0.0466687 0.0393572 0.0322705 0.0256857 0.0197913 0.014697 0.0104519 0.00706043 0.0044877
