SBPRF35
7.78865
Curr Bio
461900
B35
678611
F35
0.21244
FOFL
0.130514
OFL
45068.2
Bzero
2.22533e+006
#pred survey bio
 4.87156e+006 4.57171e+006 4.28973e+006 3.96407e+006 3.60847e+006 3.2579e+006 2.92409e+006 2.60028e+006 2.29721e+006 2.04191e+006 1.81508e+006 1.59227e+006 1.39973e+006 1.23081e+006 1.09911e+006 978409 870120 819797 776738 747205 700781 669068 662225 652571 637717 622180 613381 609736 603626 587125 578932 577638 579854 575872 564975 554044 542962 539063 549909 548818 560430 564900 568888 574177 575562 578228 578573 578854 584531 589175 593938 575876 588752 568969 511329 482564 466258 1.51868e+007 8.90305e+006 9.11949e+006 1.00228e+007 1.12967e+007 1.26276e+007 1.38296e+007 1.48254e+007 1.56055e+007 1.61945e+007 1.66282e+007 1.69425e+007 1.71682e+007 1.73295e+007 1.74447e+007 1.75272e+007 1.75864e+007 1.76293e+007 1.76605e+007 1.76833e+007 1.77001e+007 1.77126e+007 1.77219e+007 1.77289e+007 1.77342e+007 1.77382e+007 1.77413e+007 1.77436e+007 1.77454e+007 1.77467e+007 1.77477e+007 1.77485e+007 1.77492e+007 1.77496e+007 1.775e+007 1.77503e+007 1.77505e+007 1.77507e+007 1.77508e+007 1.77509e+007 1.7751e+007 1.7751e+007 1.77511e+007 1.77511e+007 1.77511e+007 1.77512e+007 1.77512e+007 1.77512e+007 1.77512e+007 1.77512e+007 1.77512e+007 1.77512e+007 1.77512e+007 1.77512e+007 1.77512e+007 1.77512e+007 1.77512e+007 1.77512e+007 1.77512e+007 1.77512e+007 1.77512e+007 1.77512e+007 1.77512e+007 1.77512e+007 1.77512e+007 1.77512e+007 1.77512e+007 1.77512e+007 1.77512e+007 1.77512e+007 1.77512e+007 1.77512e+007 1.77512e+007 1.77512e+007 1.77512e+007 1.77512e+007 1.77512e+007 1.77512e+007 1.77512e+007 1.77512e+007 1.77512e+007 1.77512e+007 1.77512e+007 1.77512e+007 1.77512e+007 1.77512e+007 1.77512e+007 1.77512e+007 1.77512e+007 1.77512e+007 1.77512e+007 1.77512e+007 1.77512e+007 1.77512e+007 1.77512e+007 1.77512e+007 1.77512e+007 1.77512e+007 1.77512e+007 1.77512e+007 0 0 0 0 0 0 0 0 0 0 0 0 0 0 0 0 0 0 0 0 0 0 0 0 0
#obs survey bio
 4.86076e+006 3.51677e+006 3.04478e+006 3.31205e+006 2.97864e+006 1.84973e+006 1.9746e+006 2.66322e+006 1.65616e+006 1.8317e+006 2.5119e+006 1.54503e+006 990344 980036 834477 746331 570628 630306 536526 612627 793545 620596 417675 541666 713968 468791 668824 480200 579865 375536 544510 509070 772668 482886 376363 605422 446013 504732 661705 690311 465862 518974 662888 450482 604841 609586 674073 546866 593053 731729 457425 808024 528646 800879 446204 757810 345730
#pred catch bio
 103958 97265.5 155023 209850 238545 258671 283857 295869 279018 274426 286616 271732 259903 233490 226900 215873 165263 157721 143432 153079 135692 112369 113507 115487 113059 104806 98655.1 99610.3 107192 99044.1 92533.9 88782.7 92309.7 95271.5 92249 91835.1 89026.3 81053.3 93276 83147 89368.5 89040.1 86736.8 88938.1 87339.6 89385.2 89835.2 86237.7 88254.6 88679.4 106322 77661.2 101933 128541 99100.8 84400.1 91970.9 45068.2 68743.1 68802.5 74242.7 83455.3 93402.6 102333 109588 115116 119143 121983 123937 125255 126132 126708 127083 127326 127482 127582 127645 127686 127711 127727 127737 127744 127748 127751 127752 127753 127754 127754 127754 127755 127755 127755 127755 127755 127755 127755 127755 127755 127755 127755 127755 127755 127755 127755 127755 127755 127755 127755 127755 127755 127755 127755 127755 127755 127755 127755 127755 127755 127755 127755 127755 127755 127755 127755 127755 127755 127755 127755 127755 127755 127755 127755 127755 127755 127755 127755 127755 127755 127755 127755 127755 127755 127755 127755 127755 127755 127755 127755 127755 127755 127755 127755 127755 127755 127755 127755 127755 0 0 0 0 0 0 0 0 0 0 0 0 0 0 0 0 0 0 0 0 0 0 0 0 0
#obs catch bio
 0 96881.7 155503 211138 240613 261996 289394 302509 285335 281471 293624 277830 267335 240702 234755 223510 169640 162210 146971 157173 137856 113687 115938 117870 114621 106575 99618.1 100713 108848 100887 94157.1 90296.8 93925.8 96926.4 93949.4 93053.1 90749.7 81861.7 94175.5 83466.9 89967.6 89980.7 87004.4 89190 87284.5 89533.4 90162.3 86527 88823.1 89164 108076 77707.6 101935 129065 99093.5 83925.9 92072.6
#pred cpue bio
 4.79613e+006 4.50182e+006 4.22427e+006 3.90052e+006 3.54616e+006 3.19687e+006 2.86436e+006 2.5423e+006 2.24134e+006 1.98783e+006 1.76296e+006 1.5426e+006 1.35213e+006 1.18506e+006 1.05498e+006 936346 830385 781262 739677 711547 667192 636860 630293 621079 607150 592533 584345 581065 575171 559091 551153 550070 552559 549221 539244 529080 517649 512268 521907 521047 532685 537244 541447 547012 548573 551130 551312 551411 556704 561068 565785 548715 562054 543625 487884 460139 445182 1.4528e+007 8.52151e+006 8.5748e+006 9.29783e+006 1.05071e+007 1.18226e+007 1.30215e+007 1.40167e+007 1.47967e+007 1.53857e+007 1.58194e+007 1.61337e+007 1.63594e+007 1.65207e+007 1.66359e+007 1.67183e+007 1.67776e+007 1.68205e+007 1.68516e+007 1.68745e+007 1.68913e+007 1.69038e+007 1.69131e+007 1.69201e+007 1.69254e+007 1.69294e+007 1.69325e+007 1.69348e+007 1.69365e+007 1.69379e+007 1.69389e+007 1.69397e+007 1.69403e+007 1.69408e+007 1.69412e+007 1.69415e+007 1.69417e+007 1.69418e+007 1.6942e+007 1.69421e+007 1.69421e+007 1.69422e+007 1.69423e+007 1.69423e+007 1.69423e+007 1.69423e+007 1.69424e+007 1.69424e+007 1.69424e+007 1.69424e+007 1.69424e+007 1.69424e+007 1.69424e+007 1.69424e+007 1.69424e+007 1.69424e+007 1.69424e+007 1.69424e+007 1.69424e+007 1.69424e+007 1.69424e+007 1.69424e+007 1.69424e+007 1.69424e+007 1.69424e+007 1.69424e+007 1.69424e+007 1.69424e+007 1.69424e+007 1.69424e+007 1.69424e+007 1.69424e+007 1.69424e+007 1.69424e+007 1.69424e+007 1.69424e+007 1.69424e+007 1.69424e+007 1.69424e+007 1.69424e+007 1.69424e+007 1.69424e+007 1.69424e+007 1.69424e+007 1.69424e+007 1.69424e+007 1.69424e+007 1.69424e+007 1.69424e+007 1.69424e+007 1.69424e+007 1.69424e+007 1.69424e+007 1.69424e+007 1.69424e+007 1.69424e+007 1.69424e+007 1.69424e+007 1.69424e+007 1.69424e+007 0 0 0 0 0 0 0 0 0 0 0 0 0 0 0 0 0 0 0 0 0 0 0 0 0
#obs cpue bio
 3.67309e+006 5.22743e+006 2.87935e+006 2.56737e+006 2.42476e+006 2.91466e+006 2.16892e+006 2.01835e+006 2.25326e+006 1.44408e+006 1.56775e+006 1.39241e+006 1.01055e+006 783385 847677 877464 797787 682347 758981 741993 731597 536170 423700 633079 688347 445556 691112 562559 432755 454939 439955 451086 344564 558400 527062 595451 312491 699967 574501 426155 555076 365752 738153 719280 645496 438121 391485 516766 412275 394931 466037 537573 994945 371259 548231 424051 480952
#pred surv len freq
 0.00565927 0.0090551 0.0133784 0.0185273 0.0243348 0.0305119 0.0366076 0.0420955 0.0465674 0.0498771 0.0521258 0.0535411 0.054362 0.0547777 0.0549067 0.0547948 0.0544269 0.0537425 0.0526283 0.0508838 0.0481976 0.0442105 0.0387044 0.0318377 0.024246
 0.00594248 0.00939884 0.0136857 0.0186507 0.0241343 0.029937 0.0357506 0.0411707 0.0458169 0.049457 0.0520442 0.0536786 0.0545521 0.0548957 0.0549222 0.0547717 0.0544799 0.0539704 0.053057 0.0514447 0.0487561 0.0446299 0.0389081 0.0318349 0.0241103
 0.00634818 0.0100268 0.0145641 0.0197645 0.0254061 0.0312155 0.036822 0.0418134 0.0458912 0.048982 0.0511988 0.0527138 0.0536687 0.0541712 0.0543258 0.0542395 0.0539847 0.0535398 0.0527376 0.0512511 0.0486465 0.0445261 0.0387438 0.0315933 0.0238256
 0.00665763 0.0105324 0.0153291 0.0208471 0.0268443 0.0329997 0.0388642 0.0439294 0.0478173 0.0504327 0.0519537 0.0526945 0.0529653 0.0529945 0.0529118 0.052766 0.0525456 0.052173 0.0514644 0.0500904 0.0476063 0.0435979 0.0379139 0.0308609 0.0232081
 0.00700244 0.0110717 0.0161032 0.0218848 0.0281644 0.0346115 0.0407572 0.0460554 0.0500701 0.052637 0.0538738 0.0540751 0.0535997 0.0527939 0.0519372 0.051199 0.0506156 0.0500859 0.0493681 0.0480786 0.0457387 0.0419168 0.0364531 0.0296477 0.0222592
 0.00736124 0.0116357 0.0169161 0.0229751 0.0295425 0.0362652 0.0426474 0.0481151 0.0522118 0.054761 0.0558661 0.0557953 0.0548759 0.0534455 0.0518258 0.0502841 0.0489789 0.047908 0.0468728 0.0454794 0.0432107 0.039594 0.034434 0.0279968 0.0210016
 0.00764116 0.0120893 0.0175963 0.0239303 0.0308079 0.0378493 0.0445172 0.0501916 0.0543821 0.0569009 0.0578598 0.0575402 0.056272 0.0543819 0.0521796 0.0499436 0.0478869 0.0461005 0.0444886 0.0427345 0.0403522 0.0368555 0.0320047 0.0260018 0.0194922
 0.00794745 0.0125706 0.0182909 0.024866 0.0320016 0.0393051 0.0462188 0.0520942 0.0564093 0.0589504 0.0598148 0.0592834 0.0576963 0.0553923 0.0526874 0.049862 0.0471406 0.0446554 0.0423884 0.0401209 0.0374536 0.0339441 0.0293387 0.0237732 0.0177946
 0.00832727 0.01316 0.0191259 0.0259621 0.0333539 0.0408882 0.0479852 0.0539743 0.0583183 0.0608006 0.0615247 0.060779 0.0589069 0.056247 0.0531139 0.0497866 0.0464939 0.0433871 0.0404967 0.0376854 0.0346509 0.0310295 0.0265917 0.0214274 0.0159834
 0.00859571 0.0135951 0.0197777 0.026875 0.0345565 0.0423787 0.0497178 0.055857 0.0602297 0.0626178 0.0631469 0.0621362 0.0599543 0.0569519 0.0534425 0.0496956 0.04593 0.0422995 0.0388623 0.0355427 0.0321271 0.028339 0.0239956 0.0191657 0.0142098
 0.00887165 0.0140272 0.0203984 0.0277064 0.0356107 0.0436564 0.0512015 0.0575026 0.0619623 0.064336 0.064737 0.0634905 0.0609888 0.0576145 0.0537081 0.0495513 0.0453603 0.0412824 0.0373835 0.0336259 0.0298646 0.0259036 0.0216146 0.0170625 0.0125392
 0.00931851 0.0147121 0.0213516 0.0289285 0.0370745 0.0453122 0.0529795 0.0593151 0.063712 0.0659295 0.0660947 0.0645495 0.0617011 0.057946 0.0536401 0.0490799 0.0444905 0.0400218 0.0357447 0.0316429 0.0276188 0.023539 0.0193244 0.0150426 0.0109307
 0.00972568 0.0153545 0.0222809 0.0301764 0.0386436 0.0471643 0.0550251 0.0614156 0.0657034 0.0676588 0.067451 0.0654743 0.0621799 0.0579915 0.0532771 0.0483351 0.0433887 0.0385864 0.0340029 0.029639 0.0254319 0.0212944 0.0171843 0.0131707 0.00944459
 0.0100712 0.0159035 0.0230833 0.0312703 0.0400482 0.048869 0.0569755 0.0635059 0.0677843 0.0695616 0.0690171 0.0665825 0.0627628 0.0580393 0.052826 0.0474475 0.0421327 0.0370236 0.0321888 0.0276337 0.0233163 0.0191805 0.0152084 0.0114656 0.00810209
 0.0102784 0.0162386 0.0235849 0.0319743 0.0409829 0.0500456 0.0583769 0.0650794 0.0694436 0.0711957 0.0705034 0.0677996 0.0636061 0.058436 0.0527465 0.0469069 0.0411809 0.0357302 0.0306309 0.0258927 0.0214835 0.0173631 0.0135243 0.0100231 0.00697263
 0.0104668 0.0165427 0.0240386 0.0326079 0.0418179 0.0510862 0.0596007 0.0664332 0.0708489 0.0725616 0.0717381 0.0688186 0.0643359 0.0588177 0.0527418 0.0465041 0.0403983 0.0346148 0.0292521 0.0243366 0.0198483 0.0157556 0.0120517 0.00877607 0.00600582
 0.0107318 0.0169498 0.0246076 0.0333425 0.0427075 0.0521089 0.0607228 0.0676071 0.0720138 0.0736486 0.072679 0.0695535 0.0648175 0.0590138 0.052634 0.0460874 0.0396827 0.0336278 0.028042 0.0229725 0.0184175 0.0143563 0.0107799 0.00770924 0.00518651
 0.0106861 0.0168865 0.0245333 0.0332721 0.0426633 0.0521175 0.0608119 0.0678034 0.0723389 0.0741135 0.0732765 0.0702519 0.0655602 0.0597251 0.0532316 0.0464965 0.0398481 0.0335227 0.0276721 0.0223768 0.0176641 0.0135326 0.00997757 0.00700626 0.00463159
 0.010631 0.0168054 0.0244272 0.0331487 0.042536 0.0520039 0.0607327 0.0677806 0.0723941 0.074265 0.0735354 0.0706184 0.0660194 0.0602441 0.0537593 0.0469687 0.0401982 0.0336956 0.0276373 0.022137 0.0172565 0.0130216 0.0094401 0.00651288 0.00423075
 0.0104791 0.0165775 0.0241205 0.0327742 0.0421171 0.0515728 0.060327 0.0674413 0.0721619 0.0741736 0.073606 0.0708559 0.0664121 0.0607639 0.0543628 0.0475985 0.040788 0.0341794 0.0279623 0.0222761 0.0172162 0.0128405 0.00917787 0.00623277 0.0039827
 0.0106748 0.0168533 0.024457 0.0331269 0.042429 0.0517941 0.060432 0.0674313 0.0720578 0.0740051 0.073404 0.0706505 0.0662318 0.0606338 0.0542994 0.0476034 0.0408443 0.034253 0.0280109 0.0222624 0.0171211 0.0126703 0.00896101 0.00600807 0.00378476
 0.0109757 0.0172914 0.0250203 0.0337678 0.0430731 0.0523582 0.0608413 0.0676329 0.0720303 0.0737647 0.0730022 0.0701604 0.0657287 0.060178 0.0539282 0.047332 0.0406681 0.0341511 0.0279508 0.0222083 0.0170446 0.0125591 0.00882172 0.0058603 0.0036507
 0.0108754 0.0171644 0.0248943 0.0336875 0.0430832 0.0524795 0.0610529 0.0678751 0.072228 0.0738587 0.0729714 0.0700252 0.0655374 0.0599872 0.0537848 0.0472625 0.0406763 0.034222 0.0280565 0.0223162 0.0171262 0.0125978 0.00881609 0.00582251 0.00359894
 0.0106718 0.0168665 0.024509 0.0332472 0.0426422 0.0521038 0.0608075 0.0678079 0.0723531 0.0741451 0.0733479 0.0704045 0.0658494 0.0602012 0.0539121 0.0473395 0.0407427 0.034303 0.0281575 0.0224257 0.0172251 0.0126694 0.00885329 0.00582897 0.00358564
 0.0106913 0.0168731 0.0244738 0.0331314 0.0424116 0.0517504 0.0603657 0.0673534 0.0719809 0.0739362 0.0733404 0.0705826 0.0661526 0.0605497 0.054236 0.0475997 0.0409344 0.0344442 0.0282708 0.0225252 0.0173127 0.0127395 0.00890039 0.00585268 0.00359121
 0.0107053 0.0168988 0.0245163 0.0331922 0.0424832 0.0518101 0.0603758 0.0672742 0.0717919 0.0736559 0.073028 0.070317 0.0659984 0.0605312 0.0543323 0.0477617 0.0411106 0.0346006 0.0283953 0.0226209 0.0173864 0.0127956 0.00893986 0.00587638 0.00360185
 0.0107595 0.0169672 0.0245837 0.0332342 0.0424744 0.0517363 0.0602416 0.067099 0.071598 0.073457 0.0728298 0.0701276 0.0658386 0.0604323 0.0543215 0.0478455 0.0412693 0.034798 0.0285945 0.0227966 0.0175275 0.0129011 0.0090136 0.00592387 0.00362925
 0.0108605 0.0171102 0.0247588 0.0334166 0.0426292 0.0518269 0.0602398 0.0669922 0.0713938 0.0731825 0.0725246 0.0698327 0.0655865 0.0602443 0.0542097 0.0478153 0.0413179 0.0349105 0.0287458 0.0229579 0.0176751 0.0130208 0.00910144 0.00598245 0.00366467
 0.010867 0.0171353 0.0248223 0.0335425 0.0428356 0.0521117 0.0605704 0.0673087 0.0716268 0.0732779 0.072462 0.0696293 0.0652876 0.0599062 0.0538844 0.0475417 0.0411178 0.03479 0.0286969 0.0229625 0.0177108 0.0130672 0.00914433 0.0060151 0.00368604
 0.0109149 0.0172148 0.0249454 0.0337229 0.0430864 0.0524419 0.0609782 0.0677737 0.0721053 0.0737057 0.0727667 0.0697509 0.0651987 0.0596222 0.0534587 0.0470467 0.040625 0.0343534 0.0283468 0.0227063 0.0175389 0.0129611 0.00908365 0.00598258 0.00366943
 0.0108748 0.0171547 0.0248649 0.0336267 0.0429855 0.052354 0.0609272 0.0677866 0.0722049 0.0738999 0.0730398 0.0700612 0.0654875 0.0598311 0.0535493 0.0470134 0.040494 0.0341697 0.0281569 0.022544 0.0174201 0.0128858 0.00904242 0.00596336 0.00366207
 0.0107547 0.0169728 0.0246164 0.033317 0.0426297 0.0519759 0.0605582 0.0674655 0.0719739 0.0737976 0.0730912 0.0702689 0.0658265 0.0602509 0.0539849 0.047403 0.0407958 0.0343717 0.0282732 0.0226028 0.0174495 0.0129048 0.00905956 0.00597968 0.00367591
 0.0105239 0.0166286 0.0241565 0.0327603 0.0420119 0.0513412 0.0599532 0.0669366 0.0715655 0.073548 0.0730275 0.0704024 0.0661489 0.0607328 0.0545763 0.0480395 0.0414112 0.0349123 0.0287092 0.0229298 0.0176817 0.0130643 0.00916687 0.00605051 0.003721
 0.0103544 0.016367 0.0237897 0.0322873 0.0414465 0.0507127 0.0593074 0.0663322 0.0710633 0.0731978 0.0728584 0.0704216 0.0663476 0.0610908 0.0550636 0.0486152 0.0420248 0.0355099 0.0292437 0.0233708 0.0180194 0.0133061 0.00933023 0.00615515 0.00378455
 0.010353 0.0163509 0.0237396 0.032177 0.0412492 0.050412 0.0589076 0.0658614 0.0705692 0.0727362 0.0724821 0.0701713 0.0662468 0.0611452 0.0552625 0.0489348 0.0424301 0.0359582 0.0296898 0.0237747 0.0183538 0.0135604 0.00950858 0.00627102 0.00385448
 0.0112257 0.0175759 0.0252243 0.0337131 0.0425696 0.0512847 0.0592113 0.0656057 0.0698612 0.0717277 0.0713268 0.0690027 0.0651688 0.0602292 0.0545476 0.0484305 0.0421219 0.0358138 0.029666 0.0238252 0.0184372 0.0136459 0.00957889 0.00632068 0.00388551
 0.0119362 0.018693 0.0268253 0.0358189 0.0451118 0.0540724 0.0619208 0.0678289 0.0712197 0.0720048 0.07054 0.0673758 0.063031 0.057906 0.0522929 0.0464072 0.0404128 0.0344423 0.0286155 0.0230552 0.0178959 0.0132803 0.0093417 0.00617325 0.0037984
 0.0116734 0.0183982 0.0266272 0.0359202 0.0457363 0.0553759 0.0639074 0.0703138 0.0738575 0.0743705 0.0722374 0.0681417 0.062802 0.0568207 0.0506278 0.0444799 0.038497 0.0327242 0.02719 0.0219457 0.0170796 0.012711 0.00896514 0.00593775 0.00365983
 0.0111653 0.0176285 0.0255816 0.0346437 0.0443476 0.0540733 0.0629551 0.0699913 0.0743672 0.0757383 0.074264 0.0704457 0.0649413 0.058434 0.0515334 0.0446965 0.0381921 0.0321258 0.0265065 0.0213202 0.0165822 0.0123554 0.00873259 0.00579726 0.00358105
 0.0111251 0.0175315 0.0253779 0.0342706 0.0437493 0.0532341 0.0619323 0.0689295 0.0734804 0.0752592 0.0743713 0.0711918 0.0662121 0.0599698 0.053012 0.0458433 0.0388645 0.0323344 0.0263733 0.0210069 0.0162288 0.0120487 0.00850685 0.00565078 0.00349565
 0.0110692 0.0174363 0.0252251 0.0340358 0.0434025 0.0527436 0.0612751 0.0681089 0.0725469 0.0743243 0.0736013 0.0707709 0.0662811 0.0605635 0.054029 0.0470711 0.0400541 0.0332875 0.0269992 0.0213248 0.0163262 0.0120276 0.00844601 0.00559344 0.00345645
 0.0108567 0.0171407 0.0248713 0.0336754 0.0430951 0.052528 0.0611476 0.0680218 0.0724296 0.0741176 0.0732899 0.0704017 0.0659582 0.0604146 0.0541531 0.0474891 0.0406918 0.0340038 0.0276459 0.0218036 0.0166127 0.0121569 0.00847794 0.0055819 0.00343505
 0.0107684 0.0169859 0.0246204 0.0333011 0.0425878 0.051914 0.060498 0.0674378 0.072005 0.0738972 0.0732525 0.0704813 0.0660884 0.0605688 0.0543544 0.0477862 0.0411164 0.0345386 0.0282237 0.0223371 0.0170336 0.0124403 0.0086396 0.00565881 0.00346451
 0.0108051 0.0170249 0.0246399 0.0332657 0.0424545 0.0516455 0.0600782 0.0668853 0.0713776 0.0732835 0.0727491 0.0701606 0.0659751 0.0606396 0.0545618 0.0480881 0.04149 0.0349715 0.0286941 0.0228047 0.0174493 0.0127661 0.00886309 0.00579247 0.00353407
 0.0109059 0.0171753 0.0248401 0.0335037 0.0427047 0.0518697 0.0602281 0.0669099 0.0712373 0.072968 0.0722891 0.0696258 0.0654552 0.0602157 0.0542836 0.0479671 0.0415094 0.0351017 0.0289022 0.0230557 0.0177058 0.0129937 0.00903895 0.00591061 0.00360288
 0.0109683 0.0172723 0.0249773 0.0336823 0.0429206 0.0521111 0.0604735 0.067127 0.071386 0.073008 0.0721914 0.0693847 0.0650959 0.0597926 0.0538662 0.0476202 0.0412752 0.0349928 0.0289053 0.0231412 0.0178372 0.0131359 0.00916493 0.00600557 0.00366456
 0.0110029 0.0173306 0.0250686 0.0338162 0.0431041 0.0523444 0.0607463 0.0674167 0.0716601 0.0732288 0.0723226 0.0693972 0.0649752 0.0595456 0.0535245 0.0472357 0.0409073 0.034692 0.0287004 0.023035 0.0178118 0.0131623 0.00921377 0.00605496 0.00370282
 0.0111066 0.0174799 0.0252582 0.0340299 0.043321 0.0525479 0.0609299 0.0675832 0.0718142 0.073369 0.0724366 0.0694635 0.0649693 0.0594488 0.0533325 0.0469632 0.0405881 0.0343705 0.0284196 0.0228236 0.0176781 0.013096 0.00919426 0.00606013 0.00371605
 0.0110528 0.0174119 0.025191 0.0339877 0.0433284 0.0526179 0.0610553 0.0677392 0.0719713 0.073507 0.0725501 0.0695569 0.0650452 0.0595007 0.0533459 0.0469245 0.0404943 0.0342343 0.0282662 0.0226818 0.0175695 0.0130289 0.00916367 0.006054 0.00372163
 0.0109153 0.0172126 0.024937 0.0337035 0.0430518 0.0523916 0.0609172 0.0677143 0.0720648 0.0737015 0.0728097 0.069839 0.0653134 0.059732 0.0535289 0.0470539 0.0405679 0.0342549 0.0282442 0.0226348 0.0175175 0.0129872 0.00913915 0.00604514 0.0037226
 0.0105441 0.0166738 0.0242465 0.0329192 0.0422597 0.0516814 0.0603627 0.0673649 0.0719457 0.0738145 0.0731326 0.0703263 0.0659035 0.060359 0.0541354 0.0475984 0.0410265 0.0346186 0.0285159 0.0228263 0.017646 0.0130716 0.00919512 0.00608341 0.00374902
 0.0103779 0.0164194 0.0238948 0.0324765 0.0417513 0.0511524 0.0598766 0.066993 0.0717486 0.0738215 0.073332 0.0706729 0.0663368 0.0608211 0.05458 0.047994 0.0413545 0.0348719 0.0286968 0.0229444 0.0177156 0.0131083 0.00921294 0.00609222 0.0037543
 0.0101478 0.0160348 0.0232988 0.0316158 0.0405954 0.0497215 0.0582646 0.0653686 0.0703229 0.0727951 0.0728437 0.0707697 0.066972 0.0618746 0.0558936 0.0494071 0.0427323 0.0361186 0.0297572 0.0237979 0.0183674 0.0135806 0.00953683 0.00630176 0.0038815
 0.010196 0.016115 0.0234192 0.0317764 0.0407768 0.0498743 0.0583093 0.0652155 0.0699113 0.0721332 0.0720237 0.0699445 0.0663037 0.0614817 0.0558196 0.0496201 0.0431488 0.0366367 0.0302852 0.0242709 0.0187512 0.0138667 0.00973441 0.00642856 0.0039572
 0.0104347 0.0165079 0.0240179 0.0326263 0.0419006 0.0512473 0.0598361 0.0667254 0.0711845 0.072953 0.0722369 0.0695089 0.0653042 0.0601066 0.054304 0.0481786 0.0419252 0.0356887 0.0296004 0.0237987 0.018433 0.0136536 0.00959238 0.00633577 0.00389922
 0.00995905 0.0158326 0.0231852 0.0317438 0.0411192 0.0507205 0.0596805 0.0669953 0.0718589 0.0739333 0.0733579 0.0705718 0.0661283 0.0605825 0.0544226 0.0480226 0.0416265 0.0353748 0.0293549 0.0236501 0.0183683 0.013642 0.00960442 0.00635252 0.00391238
 0.00936011 0.0149062 0.0218845 0.0300711 0.0391411 0.0485813 0.0576066 0.0652705 0.0707608 0.0736491 0.0739222 0.0718565 0.0678861 0.0625195 0.0562751 0.049613 0.0428853 0.0363239 0.0300651 0.0241962 0.0188014 0.0139856 0.00986656 0.00653884 0.00403353
#obs surv len freq
 nan nan nan nan nan nan nan nan nan nan nan nan nan nan nan nan nan nan nan nan nan nan nan nan nan
 0.00447495 0.0073321 0.0111585 0.0159731 0.0216744 0.0279526 0.0342707 0.0400061 0.0446894 0.0481563 0.0505166 0.0520144 0.0529083 0.053422 0.0537373 0.053993 0.0542722 0.0545653 0.0547043 0.0542963 0.0527341 0.0493656 0.0438144 0.036293 0.027675
 0.00461199 0.00755373 0.0114898 0.0164358 0.0222826 0.0287045 0.0351406 0.0409416 0.045617 0.0489947 0.0511913 0.0524692 0.0531125 0.0533717 0.0534524 0.0535093 0.0536323 0.0538117 0.0538758 0.0534295 0.0518675 0.0485417 0.043077 0.0356796 0.0272062
 0.0047848 0.00783607 0.0119171 0.0170414 0.0230903 0.029718 0.036332 0.0422476 0.0469472 0.0502475 0.0522698 0.0532916 0.053618 0.0535251 0.0532466 0.0529649 0.0527925 0.0527339 0.0526251 0.0520755 0.0504852 0.0472114 0.0418788 0.0346793 0.0264403
 0.00497238 0.00814566 0.0123917 0.017724 0.0240155 0.0308984 0.0377439 0.0438259 0.0485929 0.0518453 0.0537058 0.0544645 0.0544448 0.0539455 0.0532258 0.052496 0.0518976 0.0514631 0.0510529 0.0502982 0.0486174 0.0453806 0.040211 0.0332779 0.0253634
 0.00519121 0.00850203 0.0129295 0.0184852 0.0250335 0.0321861 0.0392812 0.0455529 0.050416 0.0536516 0.0553783 0.0558929 0.0555324 0.0546126 0.0534139 0.0521712 0.0510544 0.0501286 0.049292 0.0482159 0.0463576 0.0431149 0.0381159 0.0315006 0.0239894
 0.00541447 0.00886945 0.0134906 0.0192892 0.0261189 0.0335667 0.0409304 0.0473996 0.0523557 0.055567 0.0571568 0.0574341 0.0567482 0.0554252 0.0537561 0.0519895 0.050316 0.0488315 0.0474769 0.0459783 0.0438517 0.0405428 0.0356965 0.0294234 0.0223707
 0.00564619 0.00924794 0.0140639 0.0201039 0.0272124 0.034954 0.04259 0.049267 0.0543306 0.0575312 0.0589926 0.0590361 0.0580276 0.0563091 0.0541826 0.0519056 0.0496786 0.0476178 0.0457021 0.0437164 0.0412494 0.0378132 0.033085 0.0271524 0.0205845
 0.00589258 0.00965196 0.0146783 0.0209795 0.0283886 0.0364422 0.0443586 0.0512362 0.0563855 0.0595445 0.0608453 0.0606282 0.0592788 0.0571559 0.0545737 0.0517969 0.049032 0.0464065 0.043928 0.0414352 0.0385925 0.0349898 0.0303509 0.0247499 0.0186786
 0.00613997 0.0100582 0.0152974 0.0218643 0.0295807 0.0379556 0.0461628 0.0532501 0.0584883 0.0615993 0.0627222 0.0622188 0.0605011 0.0579523 0.0549048 0.0516331 0.0483478 0.0451826 0.0421651 0.0391787 0.035959 0.0321753 0.0276054 0.0223195 0.0167373
 0.00638427 0.0104587 0.0159063 0.0227327 0.0307484 0.0394362 0.0479272 0.0552205 0.0605485 0.0636158 0.0645661 0.0637793 0.0616917 0.0587119 0.0551948 0.0514309 0.0476394 0.0439608 0.0404378 0.0369904 0.0334158 0.0294573 0.0249471 0.0199565 0.0148413
 0.00662452 0.0108517 0.0165023 0.0235798 0.0318834 0.0408698 0.0496285 0.0571121 0.0625167 0.0655327 0.0663096 0.0652459 0.0628007 0.0594056 0.0554359 0.0511985 0.0469242 0.0427627 0.0387725 0.0349049 0.0310105 0.0268971 0.0224461 0.0177317 0.0130525
 0.00682692 0.0111865 0.0170167 0.0243214 0.0328905 0.0421563 0.0511686 0.0588353 0.0643176 0.067292 0.0679136 0.066598 0.063826 0.0600502 0.0556648 0.0509915 0.0462724 0.0416679 0.0372524 0.0330067 0.0288277 0.0245791 0.0201845 0.0157199 0.0114334
 0.00705418 0.0115558 0.0175721 0.0251035 0.0339286 0.0434555 0.0526969 0.0605185 0.0660491 0.0689524 0.0693909 0.0678008 0.0646884 0.0605317 0.0557456 0.0506667 0.0455461 0.0405514 0.0357688 0.0312036 0.026792 0.0224446 0.0181199 0.0138938 0.00996907
 0.00729233 0.0119468 0.018167 0.0259503 0.0350604 0.0448728 0.0543516 0.0623105 0.0678441 0.0706108 0.0707939 0.0688638 0.0653619 0.060796 0.0556037 0.0501361 0.0446515 0.0393213 0.0342384 0.0294247 0.0248463 0.0204503 0.0162221 0.0122344 0.00864904
 0.00744676 0.0122044 0.0185672 0.0265345 0.0358646 0.0459146 0.0556159 0.0637424 0.0693532 0.0720861 0.0721213 0.0699425 0.0661158 0.0611799 0.055603 0.0497601 0.0439257 0.0382805 0.0329254 0.0278957 0.0231797 0.0187513 0.0146141 0.0108351 0.00754011
 0.00752901 0.0123378 0.0187681 0.0268203 0.0362532 0.0464231 0.0562559 0.0645147 0.0702428 0.0730581 0.0731199 0.0708943 0.0669386 0.0617947 0.0559466 0.0497936 0.0436369 0.0376813 0.0320489 0.0267948 0.0219291 0.0174468 0.0133637 0.00973939 0.00666833
 0.00758973 0.0124316 0.0189004 0.0269937 0.0364687 0.0466814 0.0565589 0.0648664 0.070649 0.0735245 0.0736476 0.0714713 0.0675334 0.0623549 0.0564053 0.0500823 0.0436999 0.0374871 0.0315959 0.0261131 0.0210784 0.0165109 0.0124383 0.00891337 0.00600384
 0.00767133 0.0125542 0.0190661 0.0271976 0.0367002 0.0469269 0.0568046 0.065101 0.0708667 0.0737285 0.0738502 0.0716897 0.0677806 0.0626294 0.0566839 0.0503212 0.0438426 0.0374797 0.0314028 0.0257291 0.0205333 0.0158655 0.011771 0.00830117 0.00550291
 0.00772268 0.0126377 0.0191911 0.0273713 0.036924 0.0471926 0.0570918 0.0653794 0.0711052 0.0739059 0.0739632 0.0717529 0.0678195 0.0626699 0.056741 0.0503907 0.0438994 0.0374835 0.0313114 0.025515 0.0201966 0.0154373 0.0113057 0.00785945 0.00513301
 0.00779847 0.0127544 0.0193549 0.0275835 0.0371814 0.0474872 0.05741 0.0657005 0.0714024 0.0741499 0.0741289 0.0718271 0.0678057 0.0625875 0.056619 0.050256 0.0437659 0.0373464 0.0311507 0.0253065 0.0199272 0.0151149 0.0109593 0.00752885 0.00485347
 0.00779147 0.012745 0.0193446 0.0275752 0.0371791 0.0474958 0.0574345 0.065746 0.071473 0.0742477 0.0742511 0.0719641 0.0679426 0.0627084 0.0567127 0.0503194 0.0438012 0.0373553 0.0311286 0.0252436 0.0198146 0.014954 0.0107662 0.00732991 0.00467583
 0.0078334 0.0127989 0.0193994 0.0276128 0.0371803 0.0474493 0.0573442 0.0656314 0.0713622 0.0741679 0.0742207 0.0719897 0.068019 0.0628215 0.0568435 0.0504483 0.0439128 0.037439 0.0311777 0.0252526 0.0197805 0.014879 0.0106606 0.00721142 0.00456395
 0.00786702 0.0128546 0.0194842 0.0277309 0.0373289 0.047614 0.0574974 0.0657385 0.0713951 0.0741183 0.0741059 0.0718448 0.0678823 0.0627206 0.0567886 0.0504342 0.0439245 0.037459 0.0311903 0.0252467 0.0197499 0.0148234 0.010586 0.00712891 0.00448601
 0.00788366 0.012877 0.0195097 0.0277553 0.0373485 0.0476286 0.057511 0.0657561 0.0714172 0.0741376 0.0741097 0.0718233 0.0678365 0.0626638 0.0567404 0.0504102 0.0439298 0.0374871 0.0312275 0.0252779 0.0197639 0.0148155 0.0105582 0.00708865 0.00444289
 0.00789157 0.0128881 0.0195228 0.0277679 0.0373566 0.0476276 0.0574975 0.0657294 0.0713808 0.0740988 0.0740766 0.071801 0.0678244 0.0626583 0.0567389 0.0504144 0.0439441 0.0375141 0.0312646 0.0253173 0.0197957 0.0148325 0.0105585 0.00707561 0.004423
 0.00788232 0.0128713 0.0194946 0.0277237 0.037293 0.047544 0.0573978 0.0656224 0.0712781 0.0740122 0.074016 0.0717731 0.0678316 0.0626982 0.0568047 0.050497 0.0440352 0.0376075 0.0313557 0.0254011 0.0198666 0.0148855 0.0105917 0.00709099 0.00442563
 0.00789186 0.0128827 0.019504 0.0277248 0.0372781 0.047507 0.0573359 0.0655379 0.0711781 0.0739075 0.0739192 0.0716962 0.0677842 0.0626852 0.0568259 0.0505477 0.0441073 0.0376917 0.0314431 0.0254842 0.0199392 0.0149432 0.0106323 0.00711536 0.00443722
 0.00788573 0.0128735 0.0194913 0.0277081 0.0372565 0.0474781 0.0572965 0.0654845 0.0711093 0.0738261 0.0738328 0.0716157 0.0677215 0.0626501 0.0568239 0.050579 0.044167 0.0377716 0.0315332 0.0255744 0.0200212 0.0150109 0.0106829 0.00714913 0.00445689
 0.0078535 0.0128207 0.0194114 0.0275958 0.0371098 0.0473014 0.0571021 0.0652919 0.0709402 0.073698 0.0737549 0.0715894 0.067743 0.0627135 0.0569232 0.0507078 0.0443179 0.0379354 0.0316992 0.0257318 0.0201604 0.0151253 0.0107696 0.00720913 0.00449454
 0.00784045 0.0127967 0.0193703 0.0275299 0.0370121 0.047168 0.0569357 0.0651031 0.0707466 0.0735209 0.0736147 0.0715013 0.0677142 0.0627431 0.0570036 0.0508282 0.0444665 0.0381006 0.0318694 0.0258959 0.0203083 0.0152492 0.0108655 0.00727728 0.00453859
 0.0078099 0.0127455 0.0192903 0.027413 0.0368519 0.0469633 0.0566937 0.0648398 0.0704851 0.0732869 0.0734321 0.0713885 0.0676819 0.0627928 0.0571278 0.051012 0.0446909 0.0383456 0.0321164 0.0261289 0.0205146 0.0154203 0.0109975 0.00737132 0.00459995
 0.00777649 0.0126899 0.0192046 0.0272889 0.0366832 0.0467484 0.0564385 0.0645596 0.0702022 0.0730267 0.0732194 0.0712438 0.067619 0.0628177 0.0572376 0.0511955 0.0449303 0.0386186 0.0324 0.0264016 0.0207589 0.0156243 0.0111558 0.00748471 0.0046745
 0.00776262 0.0126646 0.019161 0.0272191 0.036579 0.0466047 0.0562557 0.0643449 0.0699693 0.0727936 0.0730059 0.0710696 0.0675016 0.06277 0.0572663 0.0512994 0.0451001 0.0388378 0.0326472 0.0266536 0.0209946 0.0158274 0.011317 0.00760225 0.00475285
 0.0077385 0.0126258 0.0191035 0.0271391 0.0364734 0.0464718 0.0560967 0.0641645 0.0697762 0.0725998 0.0728254 0.0709172 0.0673916 0.062714 0.0572726 0.0513712 0.0452341 0.0390241 0.0328692 0.0268905 0.0212245 0.0160315 0.011483 0.00772554 0.00483626
 0.00932325 0.0148446 0.0217826 0.029896 0.0388292 0.0480281 0.0566761 0.0638362 0.0687731 0.0711984 0.0712584 0.0693428 0.0659032 0.0613627 0.0560852 0.0503607 0.0444043 0.0383705 0.0323792 0.0265441 0.0209958 0.0158922 0.0114058 0.00768745 0.00482002
 0.0093086 0.0151141 0.022705 0.0319286 0.0423185 0.0529413 0.0624307 0.0693947 0.0730115 0.073349 0.0711622 0.067391 0.0627644 0.0576963 0.0523782 0.0469028 0.0413368 0.0357475 0.0302088 0.0248096 0.0196636 0.0149153 0.010727 0.00724419 0.00455024
 0.00895571 0.0145616 0.0219346 0.0309941 0.0413981 0.0523721 0.062667 0.0708466 0.0757995 0.0771223 0.0751424 0.0706667 0.0646699 0.0580409 0.0514161 0.0451206 0.039224 0.033663 0.0283582 0.02328 0.0184703 0.014034 0.0101129 0.00684307 0.00430644
 0.00879896 0.0142898 0.0214952 0.0303318 0.0404761 0.0512096 0.0613842 0.0696917 0.0751245 0.0772835 0.0763425 0.0728092 0.0673297 0.0606031 0.0533235 0.0460843 0.0392802 0.0330738 0.0274507 0.0223233 0.0176279 0.0133743 0.00964155 0.00653268 0.00411793
 0.0087271 0.0141693 0.0213057 0.0300485 0.0400705 0.0506549 0.0606672 0.0688324 0.0742004 0.0764477 0.075814 0.0728157 0.0680074 0.0619004 0.0549778 0.0477092 0.0405236 0.0337534 0.0275898 0.0220865 0.0172169 0.0129489 0.00929015 0.00628272 0.00396
 0.00869828 0.0141205 0.0212281 0.0299314 0.0399023 0.0504237 0.0603625 0.0684471 0.073735 0.07592 0.0752741 0.0723594 0.0677667 0.0620026 0.0554795 0.0485432 0.0415034 0.0346455 0.0282135 0.0223797 0.0172331 0.012802 0.00909156 0.0061049 0.00383194
 0.00870227 0.014125 0.0212308 0.0299284 0.0398871 0.0503881 0.0602966 0.0683396 0.0735748 0.0756988 0.0749924 0.0720346 0.0674432 0.0617532 0.0553887 0.048672 0.0418498 0.0351301 0.0287078 0.0227635 0.0174452 0.0128529 0.00903837 0.00601211 0.00374463
 0.00868137 0.0140965 0.021198 0.0298971 0.0398639 0.0503764 0.0602942 0.068338 0.0735608 0.0756582 0.074913 0.0719104 0.067279 0.0615705 0.0552277 0.0485838 0.0418769 0.035282 0.0289488 0.0230252 0.0176587 0.0129792 0.009079 0.00599582 0.00370561
 0.00868387 0.0140959 0.0211888 0.0298724 0.0398184 0.0503107 0.0602167 0.0682632 0.0735031 0.0756242 0.074898 0.0719005 0.0672583 0.061529 0.0551689 0.0485264 0.0418496 0.0353106 0.0290406 0.0231622 0.0178045 0.0130977 0.00915057 0.00602257 0.00370323
 0.00865796 0.0140578 0.0211388 0.0298127 0.0397519 0.0502388 0.0601394 0.0681811 0.0734199 0.0755487 0.0748419 0.0718731 0.0672608 0.061554 0.0552046 0.0485643 0.0418901 0.0353625 0.0291138 0.0232581 0.0179121 0.0131981 0.00922729 0.00606897 0.00372353
 0.00865308 0.0140484 0.021122 0.0297856 0.0397124 0.0501876 0.0600808 0.0681213 0.0733652 0.0755026 0.0748053 0.0718457 0.067244 0.0615496 0.0552133 0.0485845 0.0419193 0.0353998 0.0291607 0.0233158 0.0179779 0.0132643 0.00928406 0.00610958 0.00374703
 0.00862914 0.0140126 0.0210741 0.0297271 0.0396459 0.0501163 0.0600074 0.0680492 0.0732988 0.0754475 0.074767 0.0718282 0.0672479 0.0615729 0.0552524 0.0486354 0.0419784 0.035464 0.0292278 0.0233843 0.0180455 0.0133272 0.00933759 0.00615 0.00377346
 0.00863228 0.0140151 0.021073 0.0297184 0.0396259 0.0500835 0.0599638 0.0679999 0.0732499 0.0754037 0.0747309 0.0718004 0.067229 0.0615641 0.0552546 0.0486489 0.0420023 0.0354967 0.0292672 0.023428 0.0180907 0.0133708 0.00937595 0.00618037 0.00379468
 0.0086281 0.0140085 0.0210634 0.0297049 0.0396075 0.0500586 0.0599308 0.0679583 0.0732013 0.0753525 0.0746833 0.0717631 0.0672064 0.0615575 0.0552632 0.0486704 0.042034 0.035536 0.0293114 0.0234745 0.0181367 0.0134133 0.00941244 0.00620903 0.00381499
 0.00861552 0.0139894 0.021037 0.0296716 0.0395687 0.0500161 0.0598872 0.0679162 0.0731628 0.0753193 0.0746565 0.0717437 0.0671962 0.0615585 0.0552764 0.0486957 0.0420697 0.0355792 0.029359 0.0235232 0.0181835 0.0134555 0.00944795 0.00623657 0.00383447
 0.00861552 0.0139894 0.021037 0.0296716 0.0395687 0.0500161 0.0598872 0.0679162 0.0731628 0.0753193 0.0746565 0.0717437 0.0671962 0.0615585 0.0552764 0.0486957 0.0420697 0.0355792 0.029359 0.0235232 0.0181835 0.0134555 0.00944795 0.00623657 0.00383447
 0.00863076 0.0140131 0.0210707 0.0297157 0.0396218 0.0500754 0.0599472 0.0679697 0.0732021 0.0753376 0.0746502 0.071713 0.067145 0.0614937 0.0552067 0.0486294 0.0420135 0.0355371 0.0293319 0.0235098 0.0181809 0.0134602 0.0094564 0.00624578 0.00384244
 0.00844854 0.0137272 0.0206609 0.0291738 0.0389571 0.0493211 0.059165 0.0672447 0.0726262 0.0749851 0.0745583 0.071876 0.0675218 0.0620222 0.0558199 0.049267 0.042629 0.0360991 0.0298223 0.0239204 0.0185105 0.0137126 0.00963946 0.00637047 0.00392146
 0.0086348 0.0140011 0.0210184 0.0295896 0.0393881 0.0497143 0.0594665 0.0674085 0.0726238 0.0748156 0.0742513 0.0714852 0.0671095 0.0616425 0.0555072 0.0490339 0.0424706 0.0360011 0.0297682 0.0238955 0.0185036 0.0137157 0.00964712 0.00637904 0.00392886
 0.00888305 0.0144203 0.0216744 0.0305423 0.0406656 0.0512772 0.0611823 0.0690617 0.0739683 0.0756483 0.0744694 0.0711019 0.0662324 0.0604322 0.0541352 0.0476498 0.0411837 0.0348765 0.0288333 0.0231515 0.0179363 0.0133026 0.00936168 0.00619359 0.00381661
 0.00877452 0.014271 0.0215027 0.0303899 0.040595 0.0513623 0.0614911 0.0696321 0.0747817 0.0766133 0.0754326 0.0718893 0.066705 0.0605288 0.0538817 0.0471376 0.0405316 0.0341952 0.0282042 0.0226208 0.0175201 0.0129967 0.00915065 0.00605727 0.00373465
 0.00864079 0.0140412 0.0211368 0.0298513 0.0398696 0.0504839 0.0605598 0.0688071 0.0742417 0.0764977 0.0757901 0.0726574 0.0677282 0.0616083 0.0548362 0.0478513 0.0409721 0.0343996 0.0282458 0.0225754 0.0174454 0.012926 0.0090973 0.00602255 0.00371455
#pred catch len freq
 0.00449858 0.00711956 0.0103876 0.0142234 0.0185769 0.0234068 0.0286086 0.03398 0.0392586 0.0441889 0.0485652 0.0522497 0.0551805 0.0573645 0.0588495 0.0596898 0.0599246 0.059563 0.0585537 0.0567339 0.0537991 0.0493763 0.0432385 0.0355718 0.0270913
 0.00472609 0.00740088 0.0106517 0.0143606 0.0184831 0.0230444 0.0280465 0.0333764 0.0387889 0.043959 0.0485644 0.0523692 0.0552798 0.0573471 0.0587087 0.0595096 0.0598356 0.0596749 0.0588942 0.0572268 0.0542963 0.0497287 0.0433647 0.0354857 0.0268767
 0.0050915 0.00795926 0.0114191 0.0153118 0.019539 0.024068 0.0288582 0.033802 0.0387331 0.043463 0.0477987 0.0515516 0.0545698 0.0567877 0.0582505 0.0590858 0.0594283 0.0593254 0.058661 0.0571282 0.0542846 0.0497137 0.043269 0.0352876 0.0266131
 0.00540279 0.00845588 0.0121495 0.0163153 0.020838 0.0256516 0.0306577 0.0356698 0.0404459 0.0447649 0.0484792 0.0515259 0.0539136 0.0556967 0.0569475 0.0577374 0.05812 0.0580911 0.0575216 0.0561027 0.0533781 0.0489099 0.0425442 0.0346339 0.026047
 0.00574449 0.00898442 0.0128973 0.017302 0.0220765 0.0271539 0.0324291 0.0376884 0.0426337 0.0469642 0.0504539 0.0530021 0.054656 0.0555907 0.0560399 0.0562092 0.0562092 0.0560144 0.0554353 0.0541049 0.0515288 0.0472486 0.0411004 0.0334313 0.0251013
 0.00610419 0.00954227 0.0136879 0.0183426 0.0233699 0.028692 0.0341928 0.0396446 0.0447319 0.0491306 0.0525785 0.0549244 0.0561664 0.0564641 0.0560996 0.0553929 0.0545964 0.0537999 0.0528646 0.0514129 0.0489063 0.0448385 0.0390054 0.0317174 0.023794
 0.00641275 0.0100302 0.0143976 0.0193073 0.0246116 0.0302169 0.0359834 0.0416529 0.0468807 0.0513225 0.0547059 0.0568724 0.057807 0.0576489 0.0566665 0.0551968 0.0535594 0.0519548 0.0503643 0.0484984 0.045853 0.0419055 0.0364005 0.029577 0.0221736
 0.00674687 0.0105474 0.0151296 0.0202715 0.0258157 0.0316635 0.0376673 0.0435515 0.0489429 0.0534643 0.0568152 0.0588215 0.0594667 0.0588956 0.0573809 0.0552631 0.0528791 0.0504808 0.0481414 0.0456847 0.0427052 0.0387293 0.0334852 0.0271369 0.0203137
 0.00712913 0.0111346 0.0159505 0.0213333 0.0271083 0.0331663 0.0393513 0.0453766 0.0508555 0.0553982 0.0586924 0.0605528 0.0609533 0.0600331 0.0580643 0.0553902 0.0523576 0.0492452 0.0461852 0.0430959 0.0396829 0.0355611 0.0304855 0.0245688 0.018328
 0.00743142 0.0116124 0.0166447 0.0222739 0.0283112 0.0346276 0.0410393 0.0472274 0.0527798 0.0572952 0.0604656 0.0621186 0.0622415 0.0609817 0.0586112 0.0554676 0.0518923 0.048172 0.044474 0.0407893 0.0369252 0.0325962 0.0276105 0.0220567 0.0163545
 0.00777309 0.0121381 0.017382 0.0232333 0.029491 0.0360197 0.0426273 0.0489774 0.0546298 0.0591524 0.0622154 0.0636434 0.0634415 0.0617876 0.0589821 0.0553774 0.0513148 0.0470764 0.0428414 0.0386457 0.0343767 0.0298412 0.02491 0.0196674 0.0144549
 0.00825003 0.0128625 0.0183781 0.0244919 0.0309767 0.0376827 0.0444102 0.0508151 0.0564483 0.060872 0.0637538 0.0649195 0.0643797 0.0623253 0.0590776 0.0550109 0.0504823 0.0457811 0.0410952 0.036487 0.0318989 0.0272099 0.0223474 0.0173993 0.0126444
 0.00871084 0.0135766 0.0193873 0.0258113 0.032593 0.0395531 0.046458 0.0529291 0.0584943 0.062715 0.0652806 0.066051 0.0650715 0.0625606 0.0588579 0.0543482 0.0493941 0.0442892 0.0392295 0.0342989 0.0294802 0.0247061 0.0199465 0.0152911 0.0109662
 0.00908555 0.0141621 0.0202254 0.0269281 0.0339979 0.0412364 0.0483816 0.0550158 0.0606244 0.0647358 0.0670292 0.0673828 0.0658863 0.062816 0.0585655 0.0535558 0.0481636 0.0426826 0.0373069 0.0321291 0.0271576 0.0223617 0.0177394 0.0133768 0.00945372
 0.00936914 0.0146062 0.0208632 0.0277821 0.0350804 0.0425481 0.0499061 0.056711 0.0624173 0.0665232 0.0686847 0.0687697 0.0668777 0.0633169 0.0585297 0.0529901 0.0471185 0.0412344 0.0355429 0.0301434 0.025057 0.0202715 0.0157978 0.0117111 0.00814789
 0.00962646 0.0150085 0.0214396 0.0285508 0.0360484 0.0437101 0.0512398 0.0581724 0.0639401 0.0680236 0.0700687 0.0699407 0.0677436 0.0637991 0.0585732 0.0525729 0.0462562 0.0399783 0.0339728 0.0283594 0.0231741 0.0184152 0.0140938 0.010266 0.0070264
 0.00979293 0.0152668 0.0218065 0.0290369 0.0366607 0.0444542 0.0521179 0.0591763 0.065043 0.0691755 0.0711979 0.0709621 0.068571 0.0643566 0.0588025 0.0524383 0.0457483 0.0391171 0.0328091 0.0269736 0.0216702 0.0169111 0.012706 0.00908951 0.00611605
 0.00976311 0.0152269 0.021763 0.0290034 0.0366571 0.0445049 0.05225 0.0594175 0.0654179 0.0696989 0.0718657 0.0717432 0.0694047 0.0651584 0.0594781 0.0528997 0.0459294 0.0389843 0.0323677 0.0262679 0.0207797 0.0159384 0.011759 0.0082599 0.00546125
 0.00968345 0.0151096 0.0216096 0.0288244 0.0364708 0.044335 0.0521226 0.0593604 0.0654583 0.0698602 0.072163 0.0721781 0.0699599 0.0657937 0.0601306 0.0534906 0.0463769 0.039221 0.0323558 0.0260099 0.020319 0.0153512 0.0111364 0.00768589 0.00499364
 0.00960401 0.0149904 0.021449 0.0286274 0.0362483 0.0441014 0.0518952 0.0591594 0.0653079 0.0697869 0.0721924 0.0723298 0.0702417 0.0661967 0.0606247 0.0540245 0.0468831 0.0396274 0.0326021 0.0260635 0.0201854 0.0150732 0.0107809 0.007324 0.00468087
