SBPRF35
10.1084
Curr Bio
568340
B35
748722
F35
0.187839
FOFL
0.150104
OFL
73443.6
Bzero
2.88811e+006
#pred survey bio
 4.01241e+006 3.84226e+006 3.68089e+006 3.43538e+006 3.16845e+006 2.90754e+006 2.61834e+006 2.35807e+006 2.0861e+006 1.83514e+006 1.64698e+006 1.46149e+006 1.27756e+006 1.14326e+006 1.03077e+006 936086 828251 759086 712840 675806 642750 614096 597892 592607 584715 579475 571661 557505 563824 550718 546795 552730 551505 545977 532913 519401 508531 505381 505486 509666 521541 520994 526268 535515 535215 543852 550907 557915 562145 570619 583449 555755 518848 499922 551000 620093 637251 634935 590603 563384 558965 558405 557506 556373 573317 2.13639e+007 1.31684e+007 1.37086e+007 1.46873e+007 1.59193e+007 1.71947e+007 1.83726e+007 1.93833e+007 2.02082e+007 2.08586e+007 2.13593e+007 2.17385e+007 2.20228e+007 2.22345e+007 2.23918e+007 2.25087e+007 2.25958e+007 2.26608e+007 2.27096e+007 2.27463e+007 2.27742e+007 2.27955e+007 2.28117e+007 2.28243e+007 2.28339e+007 2.28415e+007 2.28473e+007 2.28519e+007 2.28555e+007 2.28583e+007 2.28605e+007 2.28623e+007 2.28636e+007 2.28647e+007 2.28656e+007 2.28663e+007 2.28669e+007 2.28673e+007 2.28676e+007 2.28679e+007 2.28681e+007 2.28683e+007 2.28685e+007 2.28686e+007 2.28687e+007 2.28687e+007 2.28688e+007 2.28688e+007 2.28689e+007 2.28689e+007 2.28689e+007 2.28689e+007 2.2869e+007 2.2869e+007 2.2869e+007 2.2869e+007 2.2869e+007 2.2869e+007 2.2869e+007 2.2869e+007 2.2869e+007 2.2869e+007 2.2869e+007 2.2869e+007 2.2869e+007 2.2869e+007 2.2869e+007 2.2869e+007 2.2869e+007 2.2869e+007 2.2869e+007 2.2869e+007 2.2869e+007 2.2869e+007 2.2869e+007 2.2869e+007 2.2869e+007 2.2869e+007 2.2869e+007 2.2869e+007 2.2869e+007 2.2869e+007 2.2869e+007 2.2869e+007 2.2869e+007 2.2869e+007 2.2869e+007 2.2869e+007 2.2869e+007 2.2869e+007 2.2869e+007 2.2869e+007 2.2869e+007 2.2869e+007 2.2869e+007 2.2869e+007 2.2869e+007 2.2869e+007 2.2869e+007 2.2869e+007 0 0 0 0 0 0 0 0 0 0 0 0 0 0 0 0 0 0 0 0 0 0 0 0 0
#obs survey bio
 3.85962e+006 3.37871e+006 4.11734e+006 3.54171e+006 2.32392e+006 2.62142e+006 2.02771e+006 2.1445e+006 2.00224e+006 1.53501e+006 1.23087e+006 1.00803e+006 833870 739264 816659 845611 743939 793294 1.0205e+006 700665 701211 619719 511112 425745 494505 737038 360364 681707 524370 533162 483546 379144 615389 457171 526021 549343 584685 408033 545284 569851 473194 475826 415481 565357 681316 518117 550896 479281 398272 708964 768238 606198 527812 469852 509908 769230 830042 704039 638293 513387 630572 657536 639749 563888 521559
#pred catch bio
 95144.9 91554 178495 214341 228735 276627 272872 304633 304355 264305 275594 284153 247531 233098 218956 227193 188308 163286 150266 142209 134424 121157 111101 112857 109408 109842 112819 93795.3 108195 97888 88358.7 93249.4 94694.3 97906.2 94823.4 91318.1 87256 88267 87140.9 82065.9 93186.3 88561.9 85991.9 94160.2 86530.8 88248.3 88485.9 90912.8 87409 83845.2 116500 121182 104632 48735.4 39041.2 84584.4 100302 134888 119466 101277 99356.4 100464 101909 88544.5 72528.9 73443.6 92713.1 95482.5 101163 109157 117649 125450 132028 137266 141268 144235 146383 147910 148981 149724 150234 150582 150818 150978 151085 151157 151205 151238 151259 151273 151283 151289 151293 151296 151298 151299 151300 151301 151301 151301 151301 151301 151301 151302 151302 151302 151302 151302 151302 151302 151302 151302 151302 151302 151302 151302 151302 151302 151302 151302 151302 151302 151302 151302 151302 151302 151302 151302 151302 151302 151302 151302 151302 151302 151302 151302 151302 151302 151302 151302 151302 151302 151302 151302 151302 151302 151302 151302 151302 151302 151302 151302 151302 151302 151302 151302 151302 151302 151302 151302 151302 151302 151302 151302 151302 0 0 0 0 0 0 0 0 0 0 0 0 0 0 0 0 0 0 0 0 0 0 0 0 0
#obs catch bio
 0 91096.7 179275 215172 229697 279361 275125 309238 309082 267641 281189 291156 254161 240819 225844 234966 193707 166450 152155 143698 136074 122396 112270 115022 110992 111164 114772 94479.2 109871 98507.5 89048 94242.2 95349.5 98654.4 95372.3 91909.3 87422.1 88861.5 87113.6 81862.2 92931.7 88555.7 86018.9 94444 86184.2 88206.8 88151.1 90657.2 87384.6 83194 115555 119418 103830 48377.1 38663.7 84705.4 99539.6 133993 118443 100419 98597.1 99587.1 101409 88417.2 72384.5
#pred cpue bio
 3.95661e+006 3.78916e+006 3.62996e+006 3.38569e+006 3.11957e+006 2.85941e+006 2.57136e+006 2.31203e+006 2.04145e+006 1.79192e+006 1.60443e+006 1.41988e+006 1.23731e+006 1.10392e+006 992556 899334 793975 726870 682457 646963 615095 587395 571673 566400 558724 553899 546636 533146 539615 527288 523780 529781 528897 523949 511753 499015 488009 483648 482861 486923 498730 498295 503367 512358 512202 520718 527662 534583 538768 547129 559886 533067 496831 477853 527390 595425 612901 610447 566405 539028 534289 533778 532897 531410 547754 2.04722e+007 1.26517e+007 1.30896e+007 1.39377e+007 1.51199e+007 1.63826e+007 1.75578e+007 1.85679e+007 1.93928e+007 2.00432e+007 2.05438e+007 2.0923e+007 2.12073e+007 2.1419e+007 2.15764e+007 2.16933e+007 2.17803e+007 2.18453e+007 2.18941e+007 2.19308e+007 2.19587e+007 2.198e+007 2.19962e+007 2.20088e+007 2.20185e+007 2.2026e+007 2.20318e+007 2.20364e+007 2.204e+007 2.20428e+007 2.2045e+007 2.20468e+007 2.20482e+007 2.20493e+007 2.20501e+007 2.20508e+007 2.20514e+007 2.20518e+007 2.20522e+007 2.20524e+007 2.20527e+007 2.20528e+007 2.2053e+007 2.20531e+007 2.20532e+007 2.20532e+007 2.20533e+007 2.20534e+007 2.20534e+007 2.20534e+007 2.20534e+007 2.20535e+007 2.20535e+007 2.20535e+007 2.20535e+007 2.20535e+007 2.20535e+007 2.20535e+007 2.20535e+007 2.20535e+007 2.20535e+007 2.20535e+007 2.20535e+007 2.20535e+007 2.20535e+007 2.20535e+007 2.20535e+007 2.20535e+007 2.20535e+007 2.20535e+007 2.20535e+007 2.20535e+007 2.20535e+007 2.20535e+007 2.20535e+007 2.20535e+007 2.20535e+007 2.20535e+007 2.20535e+007 2.20535e+007 2.20535e+007 2.20535e+007 2.20535e+007 2.20535e+007 2.20535e+007 2.20535e+007 2.20535e+007 2.20535e+007 2.20535e+007 2.20535e+007 2.20535e+007 2.20535e+007 2.20535e+007 2.20535e+007 2.20535e+007 2.20535e+007 2.20535e+007 2.20535e+007 2.20535e+007 2.20535e+007 0 0 0 0 0 0 0 0 0 0 0 0 0 0 0 0 0 0 0 0 0 0 0 0 0
#obs cpue bio
 3.85183e+006 3.56124e+006 3.09311e+006 1.99822e+006 2.88826e+006 2.31125e+006 2.86868e+006 1.60051e+006 1.98056e+006 1.73015e+006 1.22435e+006 1.5037e+006 970152 835204 883520 789648 590734 738068 548468 591168 428368 510440 499848 386406 664996 427973 575573 468901 415813 731915 401108 622730 546115 572947 517953 407734 540140 411377 738087 456075 698763 413257 578608 466273 603765 454094 701948 637916 618666 712197 596454 782241 509266 434208 556119 445315 653150 647304 595553 654472 535353 554326 422215 430825 548861
#pred surv len freq
 0.00494051 0.00799176 0.0119738 0.0168537 0.0225127 0.0286755 0.0348762 0.0405619 0.0452958 0.0489003 0.051443 0.0531212 0.0541541 0.0547266 0.0549702 0.0549609 0.0547302 0.0542709 0.0535115 0.0522524 0.050119 0.0466258 0.0414072 0.0345209 0.0266037
 0.00515273 0.0082479 0.0121996 0.0169372 0.0223494 0.0282309 0.0342262 0.0398751 0.0447578 0.0486254 0.0514283 0.0532677 0.0543343 0.0548552 0.0550406 0.0550368 0.0549008 0.0545939 0.0539701 0.0527501 0.0505188 0.0468148 0.0413501 0.0342706 0.0262655
 0.00537918 0.00861524 0.0127441 0.017674 0.023249 0.0291963 0.0350929 0.0404537 0.044915 0.0483553 0.05086 0.0525951 0.0537166 0.0543572 0.0546449 0.0547024 0.0546138 0.0543736 0.0538352 0.0526811 0.05045 0.0466673 0.0410797 0.0338954 0.025853
 0.00562498 0.0090128 0.0133394 0.0185098 0.0243568 0.0305805 0.0367062 0.0421767 0.0465556 0.0496837 0.0516747 0.0527953 0.0533387 0.0535488 0.053592 0.0535576 0.0534679 0.0532693 0.0527908 0.0517003 0.0495211 0.0457713 0.040211 0.0330783 0.0251365
 0.00588432 0.00942626 0.0139473 0.0193467 0.0254483 0.0319371 0.0383129 0.043982 0.0484648 0.0515563 0.0533304 0.0540365 0.053995 0.0535313 0.0529261 0.0523716 0.0519406 0.0515703 0.0510454 0.0499855 0.0478813 0.0442379 0.0388186 0.0318698 0.0241539
 0.00613912 0.00983316 0.0145465 0.0201718 0.0265224 0.0332656 0.0398753 0.0457279 0.0503179 0.0534226 0.0551016 0.0555863 0.0551781 0.0541991 0.0529623 0.0517338 0.0506823 0.0498273 0.0489941 0.0477985 0.0457028 0.0421821 0.0369779 0.0303171 0.0229345
 0.00646472 0.0103483 0.0152958 0.0211879 0.027822 0.0348423 0.0416907 0.047708 0.0523613 0.0554177 0.0569413 0.0571738 0.0564211 0.0550015 0.0532246 0.0513689 0.0496469 0.0481515 0.0467907 0.0452458 0.043011 0.0395594 0.0346045 0.0283257 0.0213948
 0.00672934 0.0107784 0.0159428 0.0220999 0.0290343 0.0363639 0.0434896 0.0497063 0.0544464 0.0574638 0.0588304 0.0588055 0.057713 0.0558817 0.0536231 0.0512147 0.048878 0.0467402 0.0447747 0.0427468 0.0402287 0.0367388 0.0319882 0.0261053 0.0196759
 0.00708006 0.0113307 0.0167415 0.0231769 0.0304063 0.0380272 0.045411 0.051816 0.0566394 0.0596128 0.0608035 0.0604826 0.0589974 0.0567034 0.0539328 0.0509732 0.0480496 0.0453007 0.0427362 0.0401896 0.0373203 0.0337222 0.0291348 0.0236503 0.0177615
 0.00752867 0.0120293 0.0177357 0.0244886 0.0320317 0.0399339 0.0475336 0.0540552 0.0588735 0.0617168 0.0626659 0.062012 0.0601209 0.0573643 0.0540882 0.0505913 0.0471066 0.043783 0.0406553 0.0376091 0.034382 0.0306491 0.0261963 0.0210957 0.0157533
 0.00785285 0.0125511 0.0185107 0.0255636 0.0334339 0.0416561 0.0495194 0.0561968 0.06103 0.0637447 0.064445 0.0634559 0.0611732 0.0579878 0.0542549 0.0502761 0.046286 0.0424406 0.0387959 0.0352827 0.0317079 0.0278232 0.0234647 0.0186965 0.0138504
 0.0081898 0.0130903 0.0193063 0.0266609 0.0348619 0.0434147 0.0515644 0.0584315 0.0633129 0.0659124 0.0663399 0.0649504 0.0621838 0.058477 0.0542213 0.0497366 0.0452601 0.0409443 0.0368514 0.0329411 0.0290756 0.0250737 0.0208196 0.0163745 0.0120056
 0.00858977 0.0137238 0.0202284 0.0279115 0.0364583 0.0453416 0.0537605 0.0607854 0.0656742 0.0681161 0.0682314 0.066403 0.0631086 0.0588277 0.0539936 0.0489595 0.0439816 0.0392182 0.0347344 0.030505 0.0264281 0.0223721 0.018259 0.0141459 0.0102427
 0.00880255 0.0140765 0.020772 0.028698 0.0375306 0.0467173 0.0554151 0.0626453 0.0676263 0.0700273 0.0699692 0.0678483 0.0641637 0.0594213 0.0540845 0.0485384 0.0430679 0.0378544 0.0329818 0.0284459 0.0241741 0.0200695 0.0160783 0.0122493 0.00874239
 0.00892351 0.0142819 0.0210982 0.0291866 0.0382227 0.0476422 0.0565771 0.0640146 0.0691381 0.071589 0.0714717 0.0691798 0.0652223 0.0601254 0.0543781 0.0483924 0.0424793 0.0368456 0.0316008 0.0267684 0.0223067 0.0181482 0.0142549 0.0106637 0.00748886
 0.00890674 0.0142804 0.0211443 0.0293283 0.0385146 0.0481292 0.0572797 0.0649216 0.0702091 0.0727626 0.0726729 0.0703256 0.0662273 0.0609085 0.0548706 0.0485438 0.0422617 0.0362567 0.0306666 0.0255463 0.0208875 0.0166518 0.0128149 0.00940191 0.00648725
 0.00897032 0.0143938 0.0213342 0.0296275 0.0389566 0.0487391 0.0580623 0.0658543 0.0712417 0.0738239 0.0736826 0.0712067 0.0669172 0.061364 0.0550658 0.0484652 0.0419044 0.0356247 0.0297787 0.024444 0.0196404 0.015356 0.0115799 0.00832745 0.00563925
 0.00897182 0.0143864 0.0213066 0.0295676 0.0388607 0.0486233 0.05797 0.0658502 0.0713929 0.0741742 0.0742338 0.0719151 0.0677046 0.0621367 0.0557338 0.0489547 0.0421642 0.0356271 0.0295205 0.0239485 0.0189597 0.0145684 0.0107785 0.00760076 0.00504998
 0.00903455 0.0144644 0.0213794 0.0296005 0.038814 0.0484675 0.0577009 0.0654983 0.0710218 0.0738698 0.074084 0.0719853 0.0680152 0.0626541 0.0563775 0.0496193 0.0427445 0.0360392 0.0297136 0.02391 0.0187151 0.0141752 0.0103138 0.00714277 0.00465928
 0.00915481 0.0146412 0.0216092 0.0298646 0.0390789 0.0486889 0.0578307 0.0654945 0.0708626 0.0735688 0.0736959 0.0715968 0.0677212 0.0625271 0.0564444 0.0498528 0.0430731 0.0363708 0.0299624 0.0240185 0.0186657 0.0139901 0.0100439 0.00684907 0.00439411
 0.00923568 0.0147724 0.0218053 0.030136 0.0394264 0.0490961 0.058258 0.065881 0.0711388 0.0736762 0.0736074 0.0713278 0.0673288 0.0620964 0.0560636 0.0495865 0.0429429 0.0363512 0.0299956 0.0240396 0.0186271 0.0138762 0.00987059 0.00665143 0.00420901
 0.00942342 0.0150446 0.0221541 0.0305347 0.0398384 0.0494893 0.0586135 0.0661907 0.0713943 0.0738584 0.0736857 0.0712709 0.0671222 0.061756 0.055638 0.0491439 0.0425486 0.0360453 0.0297822 0.0238921 0.0185066 0.013752 0.00973196 0.00650695 0.00407618
 0.00960001 0.0153091 0.0225091 0.0309649 0.0403116 0.0499608 0.0590331 0.0665114 0.0715846 0.0739122 0.0736208 0.0711168 0.0669032 0.0614847 0.0553209 0.0487945 0.042193 0.0357168 0.0295069 0.0236782 0.0183437 0.0136207 0.00961655 0.0064018 0.00398451
 0.00950828 0.0151939 0.0223979 0.0309024 0.0403456 0.0501203 0.0593106 0.0668619 0.0719417 0.0742119 0.0738225 0.0712098 0.0669016 0.0614134 0.0552035 0.0486473 0.0420275 0.035545 0.0293432 0.0235351 0.0182265 0.0135267 0.00953904 0.00633574 0.00392877
 0.00938712 0.0150117 0.022153 0.0306079 0.0400321 0.0498352 0.059113 0.0668087 0.0720663 0.0745053 0.0742296 0.0716482 0.0672918 0.0617043 0.0553802 0.0487225 0.0420269 0.0354955 0.0292676 0.0234511 0.0181464 0.0134567 0.00948057 0.00628795 0.00389064
 0.00933312 0.0149157 0.0219944 0.0303647 0.0396894 0.0493976 0.0586151 0.0663165 0.0716644 0.0742735 0.0742178 0.0718591 0.0676797 0.0621901 0.055878 0.0491645 0.0423765 0.0357461 0.0294323 0.0235506 0.0182009 0.0134822 0.00948851 0.00628575 0.00388345
 0.00928871 0.0148507 0.0219088 0.0302607 0.039567 0.0492506 0.058431 0.0660836 0.0713845 0.0739731 0.0739481 0.0716824 0.0676458 0.0623154 0.0561379 0.0495036 0.04273 0.0360615 0.0296804 0.0237258 0.0183131 0.0135475 0.00952225 0.00630025 0.00388735
 0.00929864 0.0148656 0.0219291 0.0302861 0.0395967 0.0492831 0.0584623 0.066105 0.0713814 0.0739277 0.0738482 0.0715319 0.0674706 0.0621581 0.0560407 0.0494894 0.0427935 0.0361741 0.0298055 0.0238341 0.0183901 0.0135927 0.00954316 0.00630621 0.00388605
 0.00909684 0.0145558 0.0214978 0.029735 0.0389448 0.048567 0.0577372 0.0654408 0.0708515 0.0735913 0.0737346 0.0716354 0.0677576 0.0625818 0.0565561 0.0500602 0.0433895 0.0367652 0.0303592 0.0243192 0.0187847 0.0138893 0.00974879 0.00643748 0.00396305
 0.00916424 0.0146454 0.0215952 0.0298141 0.0389736 0.0485185 0.0575988 0.0652187 0.070568 0.0732798 0.0734327 0.0713789 0.0675741 0.0624863 0.0565504 0.0501358 0.0435321 0.0369567 0.0305785 0.0245427 0.0189894 0.0140581 0.00987394 0.00652097 0.00401313
 0.00919878 0.014692 0.021647 0.0298569 0.0389869 0.0484796 0.0574882 0.0650253 0.0702956 0.0729501 0.0730843 0.071059 0.067327 0.062343 0.0565227 0.0502176 0.0437037 0.0371912 0.0308463 0.024815 0.0192412 0.0142707 0.0100375 0.0066352 0.00408527
 0.00902868 0.0144437 0.0213256 0.0294845 0.0385958 0.0481006 0.0571414 0.0647197 0.070033 0.072732 0.0729164 0.0709532 0.0672995 0.0624092 0.0566914 0.0504858 0.0440551 0.0375982 0.0312754 0.0252321 0.0196167 0.0145838 0.0102784 0.00680521 0.00419471
 0.00887216 0.014205 0.0209966 0.029071 0.0381187 0.0475956 0.0566564 0.0643071 0.0697365 0.0725721 0.0728854 0.0710227 0.0674373 0.0625934 0.0569153 0.0507526 0.0443682 0.0379531 0.031656 0.0256137 0.0199721 0.0148893 0.01052 0.00697997 0.00430983
 0.0086942 0.0139357 0.0206291 0.0286126 0.0375899 0.0470266 0.0560858 0.0637808 0.0693038 0.0722774 0.0727569 0.0710647 0.0676291 0.0628975 0.0572903 0.0511651 0.0447976 0.0383881 0.0320875 0.0260286 0.0203523 0.0152165 0.010781 0.00717129 0.00443766
 0.00870412 0.0139311 0.0205843 0.028493 0.0373625 0.0466763 0.0556287 0.0632642 0.0687926 0.071835 0.0724304 0.0708801 0.0675923 0.0629979 0.0575043 0.0514615 0.0451444 0.0387584 0.0324608 0.0263886 0.020684 0.0155054 0.0110156 0.0073468 0.00455746
 0.00940415 0.0149183 0.02179 0.0297556 0.0384697 0.0474352 0.055925 0.0630835 0.0682044 0.0709598 0.071408 0.069843 0.0666468 0.0622123 0.0569081 0.0510521 0.0448987 0.0386437 0.0324431 0.0264374 0.0207725 0.0156108 0.0111191 0.00743496 0.00462369
 0.0101143 0.0160241 0.0233548 0.0317842 0.0408826 0.0500457 0.0584347 0.0651249 0.0694392 0.0711938 0.0706565 0.0683096 0.0646354 0.0600284 0.0547918 0.0491559 0.043296 0.0373507 0.0314417 0.0256923 0.0202425 0.0152532 0.0108928 0.0073023 0.00455242
 0.00993955 0.0158646 0.0233445 0.032122 0.0417765 0.0516228 0.060659 0.0677692 0.0721283 0.0734989 0.072206 0.0688814 0.0642062 0.0587624 0.0529747 0.0471031 0.0412745 0.0355395 0.0299307 0.0245033 0.0193549 0.014625 0.0104733 0.00703983 0.00439992
 0.00960308 0.0153548 0.0226546 0.0312919 0.0409088 0.0508916 0.0602963 0.0680111 0.0731222 0.0752102 0.0743845 0.071121 0.0660763 0.0599469 0.0533561 0.046764 0.040432 0.0344529 0.028824 0.0235251 0.0185754 0.0140545 0.0100867 0.00679702 0.00425898
 0.00951819 0.0151884 0.0223533 0.0307933 0.0401644 0.0499018 0.0591442 0.066874 0.0722455 0.0748443 0.0747011 0.0721384 0.0676281 0.0617198 0.0549906 0.0479749 0.0410902 0.0345958 0.0286016 0.0231205 0.018141 0.0136831 0.00981367 0.0066191 0.00415478
 0.00947988 0.0151188 0.0222331 0.0305946 0.039851 0.049434 0.0584915 0.0660361 0.0712769 0.0738705 0.0739096 0.0717336 0.0677589 0.0624104 0.0561127 0.049284 0.042314 0.03553 0.0291658 0.0233536 0.0181505 0.0135851 0.00969372 0.00652119 0.0040906
 0.00954614 0.0152252 0.0223893 0.0308049 0.0401082 0.0497121 0.0587402 0.0661837 0.0712473 0.0736111 0.0734221 0.0710927 0.0671054 0.061911 0.0558976 0.0493905 0.0426687 0.0359846 0.0295661 0.0236025 0.0182312 0.0135421 0.00959265 0.00641576 0.00400888
 0.00950949 0.0151735 0.0223266 0.0307411 0.0400578 0.0496904 0.058758 0.0662413 0.0713281 0.0736799 0.0734321 0.0710039 0.066909 0.0616463 0.0556463 0.049245 0.0426877 0.036162 0.029835 0.0238715 0.0184295 0.0136443 0.00961485 0.00639308 0.00397321
 0.00934656 0.0149329 0.0220101 0.0303675 0.0396591 0.049305 0.0584246 0.065995 0.0711954 0.0736722 0.0735388 0.0711917 0.0671299 0.0618554 0.0558215 0.0493966 0.0428495 0.0363666 0.0300888 0.0241478 0.0186834 0.0138386 0.00973656 0.00645286 0.00399335
 0.00939917 0.014995 0.0220611 0.0303757 0.0395932 0.0491499 0.0581936 0.0657286 0.0709466 0.0734869 0.0734415 0.071182 0.0671877 0.0619501 0.0559229 0.0494853 0.0429239 0.0364401 0.0301783 0.024259 0.0188056 0.013951 0.00982146 0.00650445 0.00401725
 0.00934799 0.0149201 0.0219625 0.0302561 0.0394528 0.0489825 0.0579865 0.0654708 0.0706426 0.0731659 0.0731551 0.0709872 0.0671244 0.0620261 0.056114 0.0497485 0.0432149 0.0367269 0.0304447 0.0244993 0.0190164 0.0141269 0.0099567 0.00659763 0.00407358
 0.00929263 0.0148354 0.0218453 0.0301077 0.0392796 0.0487949 0.0577974 0.0652918 0.0704794 0.0730177 0.0730188 0.0708665 0.0670358 0.0619953 0.0561628 0.0498824 0.0434192 0.0369729 0.0307017 0.024743 0.0192314 0.0143047 0.0100937 0.00669456 0.00413548
 0.0092775 0.0148051 0.0217894 0.0300138 0.0391372 0.0486013 0.0575624 0.0650381 0.0702368 0.0728132 0.0728691 0.0707756 0.0669991 0.062007 0.056222 0.0499921 0.0435804 0.0371786 0.0309345 0.0249802 0.0194514 0.0144918 0.0102401 0.00679948 0.00420397
 0.00921201 0.0147144 0.0216815 0.0299043 0.0390428 0.0485306 0.0575103 0.064988 0.0701707 0.0727231 0.0727618 0.0706689 0.0669132 0.0619565 0.0562137 0.0500276 0.0436586 0.037296 0.0310836 0.0251479 0.0196205 0.0146457 0.0103668 0.00689391 0.00426757
 0.00908833 0.0145233 0.0214134 0.0295601 0.0386362 0.0480905 0.0570799 0.0646179 0.0699052 0.0725858 0.0727493 0.0707581 0.0670749 0.0621667 0.0564573 0.0502952 0.0439429 0.037589 0.0313759 0.0254283 0.0198766 0.0148657 0.0105424 0.00702297 0.00435411
 0.00896315 0.014323 0.0211187 0.0291565 0.0381196 0.0474734 0.0563983 0.0639328 0.0692936 0.0721234 0.0724919 0.0707283 0.0672592 0.0625235 0.0569312 0.0508319 0.0444983 0.0381316 0.0318838 0.0258858 0.0202717 0.0151902 0.0107932 0.00720333 0.00447355
 0.00928903 0.0148144 0.021785 0.0299767 0.0390423 0.0484218 0.057276 0.0646341 0.0697232 0.0722216 0.0722535 0.0702038 0.0665378 0.0617073 0.0561112 0.0500742 0.0438417 0.0375927 0.0314639 0.0255768 0.0200593 0.0150558 0.0107164 0.00716468 0.00445719
 0.00969439 0.0154481 0.0226896 0.0311686 0.0405027 0.0500852 0.0590209 0.0662879 0.0710906 0.0731292 0.0725914 0.069947 0.0657447 0.0605008 0.0546489 0.0485171 0.0423275 0.0362204 0.0302917 0.0246277 0.0193303 0.0145263 0.0103546 0.00693388 0.00432062
 0.00976741 0.0155865 0.0229343 0.0315706 0.041111 0.0509276 0.0600844 0.067508 0.0723563 0.0743004 0.0735233 0.0705166 0.0658754 0.0601792 0.0539281 0.0475034 0.0411551 0.0350226 0.0291775 0.0236695 0.0185624 0.0139513 0.00995277 0.0066727 0.00416364
 0.00912191 0.0145898 0.0215375 0.0297769 0.03899 0.0486273 0.0578353 0.0656017 0.0710838 0.0738696 0.073994 0.0717847 0.0677096 0.0622876 0.056031 0.0493891 0.042707 0.0362155 0.0300505 0.0242906 0.0190003 0.0142597 0.0101684 0.00681951 0.00425873
 0.00875615 0.0139695 0.0205589 0.0283344 0.0370087 0.0461118 0.0549159 0.0625461 0.0682581 0.0716595 0.0727165 0.071618 0.0686548 0.0641718 0.0585518 0.0521905 0.0454615 0.0386843 0.0321062 0.0259044 0.0202084 0.0151278 0.0107673 0.0072138 0.00450382
 0.00906231 0.0144145 0.0211258 0.0289596 0.0375812 0.0464837 0.0549233 0.062046 0.0671822 0.0700652 0.0708066 0.0697048 0.0670764 0.0631938 0.0582941 0.0526057 0.0463685 0.0398398 0.0332816 0.0269395 0.0210267 0.0157218 0.0111693 0.00746983 0.0046576
 0.00927895 0.014784 0.0217101 0.0298168 0.0387391 0.0479023 0.0564649 0.0634771 0.0682203 0.0704585 0.0704145 0.0685502 0.0653514 0.0612133 0.0564089 0.0511028 0.045398 0.0393958 0.0332408 0.0271306 0.0212964 0.015971 0.0113557 0.00759068 0.00472788
 0.00963671 0.0153627 0.0225755 0.0310278 0.0403351 0.0498813 0.058756 0.065921 0.0705716 0.0724162 0.0716761 0.0688813 0.0646543 0.0595702 0.0540754 0.0484454 0.0427945 0.0371382 0.0314791 0.0258744 0.020462 0.0154419 0.0110276 0.00738919 0.00460648
 0.00968818 0.0154676 0.0227741 0.0313748 0.0408916 0.0507 0.0598631 0.0673017 0.0721606 0.0740928 0.0732656 0.0701696 0.0654235 0.0596549 0.0534209 0.0471409 0.0410587 0.0352567 0.0297187 0.0244147 0.0193705 0.0146943 0.0105513 0.00710277 0.00444249
 0.00952919 0.015225 0.022441 0.0309621 0.0404339 0.0502603 0.0595332 0.0671914 0.0723721 0.0746858 0.0742277 0.071403 0.0667552 0.060868 0.0543047 0.0475487 0.0409541 0.0347244 0.0289313 0.0235679 0.0186195 0.0141199 0.010163 0.00686683 0.00431158
 0.00960956 0.0153146 0.0225009 0.0309327 0.0402538 0.0498957 0.0590039 0.0665777 0.0717988 0.0742914 0.0741281 0.071661 0.0673588 0.0617239 0.0552536 0.0484038 0.0415543 0.034984 0.0288623 0.0232645 0.0182126 0.0137252 0.00984975 0.00665403 0.00418499
 0.00984235 0.0156599 0.0229563 0.0314675 0.0408092 0.0503906 0.0593466 0.0666855 0.0716275 0.0738616 0.0735339 0.0710473 0.0668743 0.061471 0.0552549 0.0485978 0.0418219 0.0351955 0.0289265 0.023158 0.0179764 0.0134347 0.00957652 0.0064412 0.00404302
 0.00969366 0.0154867 0.0228204 0.0314638 0.0410337 0.0508919 0.0600876 0.0675404 0.0724196 0.074424 0.0737631 0.0709319 0.0664914 0.0609547 0.0547479 0.0482028 0.0415721 0.035057 0.0288291 0.0230372 0.0178036 0.0132222 0.00936042 0.00625656 0.00390828
 0.00890633 0.0143303 0.0213141 0.0297172 0.0392307 0.0492546 0.058835 0.0668494 0.0723832 0.0750166 0.074838 0.0722647 0.0678553 0.0621896 0.0557896 0.0490665 0.0423075 0.0357032 0.0293929 0.0234996 0.0181431 0.0134359 0.00946932 0.00629568 0.00391184
#obs surv len freq
 nan nan nan nan nan nan nan nan nan nan nan nan nan nan nan nan nan nan nan nan nan nan nan nan nan
 0.00448226 0.00734269 0.0111721 0.0159884 0.02169 0.0279669 0.0342825 0.0400151 0.0446954 0.0481595 0.0505172 0.0520126 0.0529043 0.0534162 0.05373 0.0539846 0.0542629 0.0545555 0.0546942 0.054286 0.052724 0.0493562 0.0438059 0.036286 0.0276697
 0.00461404 0.00755799 0.0114978 0.0164493 0.0223028 0.0287311 0.0351713 0.0409722 0.0456428 0.0490123 0.0511995 0.0524691 0.053106 0.0533609 0.0534388 0.0534939 0.0536158 0.0537943 0.0538578 0.0534114 0.0518497 0.0485249 0.0430621 0.0356672 0.0271968
 0.00478127 0.00783152 0.0119125 0.0170387 0.0230919 0.0297265 0.0363491 0.0422736 0.0469802 0.0502836 0.0523039 0.0533187 0.0536347 0.0535306 0.0532423 0.0529531 0.0527755 0.0527137 0.052603 0.0520526 0.0504624 0.0471898 0.0418595 0.0346632 0.026428
 0.00496334 0.00813184 0.0123725 0.0176999 0.0239879 0.0308699 0.0377184 0.043808 0.048587 0.051854 0.0537287 0.0544978 0.0544828 0.0539818 0.0532554 0.0525165 0.0519091 0.0514671 0.0510517 0.0502938 0.0486114 0.0453741 0.0402049 0.0332727 0.0253593
 0.005175 0.00847573 0.0128901 0.0184303 0.0249621 0.0320997 0.0391852 0.0454562 0.0503298 0.0535868 0.0553427 0.0558898 0.05556 0.0546648 0.053482 0.052246 0.0511285 0.0501978 0.0493548 0.0482725 0.0464086 0.0431604 0.0381551 0.0315325 0.0240136
 0.00540792 0.00885794 0.0134717 0.0192599 0.0260763 0.0335089 0.0408576 0.0473149 0.0522652 0.0554791 0.0570811 0.0573801 0.0567226 0.0554311 0.0537914 0.0520482 0.0503895 0.0489113 0.0475563 0.046053 0.0439196 0.0406028 0.0357475 0.0294645 0.0224015
 0.00564761 0.00924952 0.0140648 0.0201026 0.0272068 0.0349413 0.0425675 0.0492321 0.0542823 0.0574705 0.0589235 0.0589659 0.0579652 0.0562637 0.0541615 0.0519116 0.0497098 0.0476681 0.0457638 0.0437818 0.0413126 0.0378701 0.0331333 0.0271909 0.0206129
 0.00588697 0.00964271 0.0146641 0.0209593 0.0283612 0.0364074 0.0443166 0.0511886 0.0563338 0.0594905 0.0607905 0.0605747 0.0592299 0.0571164 0.0545496 0.0517939 0.0490532 0.0464516 0.0439926 0.041512 0.0386733 0.0350671 0.0304189 0.0248051 0.0187198
 0.00613221 0.0100437 0.015272 0.0218234 0.0295202 0.0378744 0.046064 0.0531416 0.0583808 0.061503 0.0626447 0.0621636 0.0604687 0.0579413 0.0549139 0.0516622 0.0483976 0.0452536 0.0422554 0.0392836 0.0360708 0.0322849 0.0277043 0.0224012 0.0167991
 0.00638101 0.0104523 0.0158946 0.0227124 0.0307158 0.0393877 0.0478605 0.0551358 0.0604496 0.0635103 0.0644643 0.0636919 0.0616274 0.0586756 0.0551871 0.05145 0.0476828 0.0440259 0.040522 0.0370897 0.033524 0.0295659 0.0250472 0.0200407 0.0149056
 0.00663136 0.0108623 0.0165171 0.0235985 0.0319045 0.0408902 0.0496432 0.0571148 0.0625011 0.0654946 0.0662491 0.065168 0.0627148 0.0593232 0.0553675 0.0511518 0.0469029 0.0427674 0.0388009 0.0349533 0.031073 0.0269662 0.0225139 0.0177911 0.0130991
 0.00683872 0.0112069 0.0170495 0.0243704 0.0329583 0.042242 0.0512665 0.0589342 0.0644034 0.0673504 0.0679339 0.0665756 0.0637632 0.0599558 0.0555523 0.0508762 0.0461681 0.0415846 0.0371948 0.0329751 0.0288188 0.0245869 0.0202019 0.0157404 0.0114522
 0.00706353 0.0115725 0.0176 0.0251472 0.0339923 0.0435416 0.0528041 0.0606404 0.0661746 0.0690673 0.06948 0.067851 0.0646913 0.0604858 0.0556572 0.0505485 0.0454142 0.0404221 0.0356551 0.0311133 0.0267275 0.0224035 0.0180973 0.0138837 0.00996612
 0.0072709 0.0119126 0.0181171 0.0258833 0.0349779 0.0447811 0.0542624 0.0622398 0.0678077 0.0706189 0.0708471 0.068952 0.0654677 0.0608996 0.0556882 0.0501916 0.0446773 0.039324 0.0342287 0.0294133 0.0248407 0.0204534 0.0162325 0.0122487 0.00866325
 0.00747143 0.0122418 0.0186183 0.0265978 0.035936 0.0459877 0.0556827 0.0637947 0.0693856 0.0720979 0.0721175 0.0699305 0.0661021 0.0611664 0.0555865 0.0497347 0.0438866 0.0382269 0.0328616 0.0278296 0.0231195 0.0187029 0.0145796 0.0108135 0.0075282
 0.00754743 0.0123704 0.0188219 0.0269026 0.0363689 0.0465706 0.0564245 0.0646847 0.0703903 0.0731622 0.073169 0.070888 0.0668862 0.0617109 0.0558455 0.0496855 0.043527 0.0375716 0.0319408 0.0266915 0.0218354 0.0173676 0.0133021 0.00969557 0.00663996
 0.00757922 0.0124186 0.0188887 0.0269902 0.036482 0.0467201 0.0566289 0.064968 0.0707753 0.0736615 0.0737757 0.0715708 0.0675901 0.062364 0.0563716 0.050017 0.0436156 0.0373943 0.0315018 0.0260227 0.0209957 0.0164397 0.0123813 0.00887148 0.00597581
 0.00767505 0.0125616 0.01908 0.0272216 0.0367385 0.0469831 0.056881 0.065197 0.070979 0.0738499 0.0739698 0.0717939 0.067855 0.0626623 0.0566702 0.0502632 0.04375 0.0373658 0.031281 0.0256105 0.0204257 0.015774 0.0116982 0.00824739 0.00546639
 0.00772876 0.0126474 0.0192055 0.0273915 0.0369512 0.0472281 0.0571367 0.0654346 0.0711705 0.0739798 0.0740423 0.0718314 0.0678895 0.0627217 0.0567656 0.0503818 0.0438562 0.037411 0.0312194 0.0254151 0.0200997 0.0153515 0.011236 0.0078073 0.00509724
 0.00777725 0.0127188 0.0192996 0.0275036 0.0370748 0.0473573 0.0572679 0.0655646 0.0712945 0.0740892 0.0741271 0.0718854 0.0679156 0.0627326 0.0567787 0.0504094 0.0438957 0.037442 0.0312092 0.0253323 0.0199289 0.0151025 0.0109416 0.0075116 0.00483982
 0.0078039 0.0127581 0.019351 0.0275638 0.0371375 0.0474151 0.0573141 0.0655951 0.0713098 0.074095 0.0741322 0.0718979 0.0679391 0.0627669 0.0568219 0.0504601 0.0439513 0.0374943 0.0312423 0.0253253 0.0198655 0.0149802 0.0107759 0.00733065 0.00467307
 0.00785932 0.0128431 0.019469 0.0277137 0.0373131 0.0476048 0.0575007 0.0657578 0.0714282 0.0741553 0.0741313 0.0718444 0.0678497 0.0626606 0.0567151 0.0503636 0.0438699 0.0374267 0.0311811 0.0252588 0.0197815 0.0148727 0.0106491 0.00719827 0.00455226
 0.0078636 0.0128533 0.0194904 0.0277527 0.0373756 0.0476927 0.0576098 0.0658772 0.0715427 0.0742496 0.0741939 0.0718694 0.0678381 0.0626197 0.056656 0.0502981 0.0438074 0.037372 0.0311329 0.0252113 0.019727 0.014806 0.0105707 0.00711515 0.0044747
 0.00788222 0.0128736 0.0195031 0.0277444 0.0373343 0.0476152 0.057507 0.0657723 0.0714627 0.0742139 0.0742078 0.0719243 0.0679171 0.062705 0.0567344 0.0503633 0.0438586 0.0374111 0.0311616 0.0252287 0.0197306 0.0147936 0.0105432 0.00707755 0.00443453
 0.00789955 0.0128988 0.0195349 0.0277783 0.0373617 0.0476244 0.0574849 0.0657099 0.0713607 0.0740872 0.0740826 0.0718292 0.067872 0.0627138 0.0567864 0.0504404 0.0439429 0.0374899 0.0312277 0.0252789 0.0197634 0.0148088 0.0105425 0.00706512 0.00441609
 0.00788431 0.0128763 0.019505 0.0277424 0.0373218 0.047582 0.0574401 0.0656608 0.0713043 0.0740214 0.0740094 0.0717573 0.0678159 0.0626895 0.0568041 0.0504998 0.0440336 0.0375954 0.031332 0.02537 0.0198343 0.0148574 0.0105703 0.00707626 0.00441627
 0.00787858 0.0128618 0.019474 0.0276852 0.0372307 0.0474559 0.0572879 0.0655009 0.0711586 0.0739077 0.0739363 0.0717245 0.0678182 0.0627222 0.0568654 0.0505891 0.044148 0.0377274 0.0314693 0.0254991 0.0199442 0.0149417 0.0106282 0.00711111 0.00443395
 0.00788421 0.0128695 0.0194826 0.0276917 0.0372297 0.0474397 0.0572481 0.065431 0.0710585 0.0737862 0.0738103 0.0716136 0.0677385 0.0626816 0.0568642 0.0506231 0.0442113 0.0378128 0.0315684 0.0256015 0.0200391 0.0150208 0.010687 0.00714996 0.0044564
 0.00785042 0.0128143 0.0193994 0.027575 0.0370771 0.0472547 0.0570418 0.0652215 0.0708661 0.0736287 0.0736995 0.0715558 0.0677361 0.062734 0.0569672 0.0507683 0.0443866 0.0380047 0.031763 0.0257861 0.0202028 0.0151557 0.0107894 0.00722092 0.00450089
 0.0078547 0.0128153 0.0193898 0.0275443 0.0370139 0.0471512 0.0568976 0.0650452 0.0706743 0.0734419 0.0735379 0.0714356 0.0676676 0.0627212 0.0570084 0.0508577 0.0445151 0.0381604 0.0319322 0.0259546 0.0203579 0.0152875 0.0108925 0.00729458 0.00454868
 0.00782313 0.0127678 0.019325 0.0274626 0.0369165 0.0470382 0.0567679 0.0648986 0.0705138 0.0732765 0.0733831 0.07131 0.0675882 0.0626992 0.0570471 0.0509526 0.044656 0.0383334 0.0321218 0.0261449 0.0205345 0.0154391 0.0110124 0.00738156 0.00460615
 0.00778911 0.0127137 0.0192461 0.0273561 0.0367827 0.0468821 0.0566001 0.0647332 0.0703647 0.0731532 0.0732891 0.0712454 0.0675538 0.0626985 0.0570854 0.0510333 0.0447777 0.038489 0.032299 0.0263287 0.0207096 0.0155928 0.0111364 0.00747304 0.00466764
 0.00776067 0.0126646 0.0191671 0.0272376 0.0366176 0.0466702 0.0563521 0.0644709 0.070117 0.0729482 0.0731473 0.0711757 0.0675542 0.0627596 0.0571955 0.0511821 0.0449568 0.0386904 0.0325131 0.0265432 0.0209112 0.0157689 0.0112786 0.00757849 0.00473897
 0.00773612 0.0126205 0.0190933 0.0271218 0.0364487 0.0464431 0.056072 0.0641557 0.0697953 0.0726541 0.0729136 0.0710282 0.0675063 0.0628111 0.0573337 0.0513867 0.0452054 0.0389625 0.032791 0.0268117 0.0211564 0.0159794 0.0114471 0.00770299 0.00482322
 0.00930002 0.0148096 0.021735 0.0298368 0.0387606 0.0479533 0.0565992 0.0637632 0.0687127 0.0711616 0.0712563 0.0693825 0.0659838 0.0614737 0.0562082 0.0504747 0.0444922 0.0384239 0.0323997 0.0265404 0.0209795 0.0158731 0.0113897 0.00767637 0.00481349
 0.00930052 0.0150983 0.0226764 0.0318815 0.0422485 0.0528483 0.0623206 0.0692795 0.0729061 0.073267 0.0711133 0.0673807 0.0627945 0.0577647 0.0524776 0.0470204 0.0414567 0.0358539 0.0302913 0.024865 0.0196954 0.0149305 0.0107329 0.00724588 0.00455061
 0.00895194 0.014553 0.021917 0.030962 0.0413458 0.0522954 0.0625661 0.0707268 0.0756717 0.0770008 0.0750428 0.0706024 0.0646494 0.0580667 0.0514845 0.0452225 0.0393461 0.0337903 0.0284761 0.0233781 0.018544 0.0140843 0.0101444 0.00686141 0.00431652
 0.00878079 0.0142626 0.0214584 0.0302861 0.0404226 0.0511489 0.0613162 0.0696159 0.0750419 0.0771977 0.0762606 0.0727411 0.0672857 0.0605919 0.0533494 0.0461463 0.0393713 0.033183 0.0275647 0.0224295 0.017717 0.0134422 0.00968852 0.00656245 0.00413527
 0.00871457 0.0141503 0.0212796 0.0300157 0.0400326 0.0506142 0.0606265 0.068794 0.0741653 0.0764151 0.0757817 0.0727827 0.0679751 0.0618739 0.0549647 0.0477163 0.0405544 0.0338063 0.0276581 0.0221605 0.0172868 0.0130074 0.00933403 0.00631229 0.00397799
 0.00869287 0.0141114 0.0212141 0.0299113 0.0398753 0.0503904 0.060325 0.0684091 0.0737005 0.0758922 0.0752541 0.0723456 0.0677569 0.061995 0.0554746 0.0485441 0.0415144 0.0346698 0.0282513 0.0224271 0.0172837 0.0128489 0.00912987 0.00613267 0.00384989
 0.00869076 0.0141075 0.0212069 0.0298982 0.0398517 0.0503488 0.0602552 0.0682985 0.0735368 0.0756673 0.0749704 0.0720239 0.0674438 0.0617632 0.0554056 0.0486935 0.0418752 0.0351601 0.0287431 0.0228037 0.0174876 0.0128935 0.00907317 0.00603871 0.00376274
 0.00867872 0.0140898 0.0211836 0.0298706 0.0398216 0.0503175 0.0602224 0.0682614 0.0734897 0.0756016 0.0748764 0.0718955 0.0672847 0.0615935 0.0552638 0.0486286 0.0419262 0.0353329 0.0289994 0.0230745 0.0177052 0.0130211 0.0091141 0.00602278 0.00372435
 0.00866927 0.0140741 0.0211596 0.0298365 0.0397768 0.0502637 0.060164 0.0682047 0.0734408 0.0755631 0.0748457 0.0718649 0.0672452 0.0615403 0.055202 0.0485762 0.0419097 0.0353748 0.0291043 0.023222 0.0178581 0.0131435 0.0091876 0.00605043 0.00372248
 0.00867451 0.0140808 0.0211662 0.0298403 0.0397745 0.0502521 0.0601415 0.068172 0.0734006 0.0755198 0.074804 0.0718278 0.0672125 0.0615091 0.0551697 0.0485439 0.0418855 0.0353718 0.0291332 0.0232833 0.0179392 0.0132241 0.00924992 0.00608696 0.00373652
 0.00867065 0.0140782 0.0211689 0.0298536 0.039803 0.0502968 0.0601971 0.0682278 0.073444 0.0755408 0.0747985 0.071798 0.0671648 0.0614511 0.0551076 0.0484829 0.0418306 0.0353293 0.02911 0.0232834 0.0179603 0.0132571 0.0092833 0.00611198 0.00375031
 0.00863545 0.0140239 0.021093 0.0297569 0.0396903 0.0501779 0.0600865 0.0681421 0.0733967 0.0755375 0.0748346 0.0718611 0.0672402 0.0615266 0.0551761 0.0485418 0.0418807 0.0353733 0.0291518 0.0233264 0.0180055 0.0133024 0.00932403 0.00614378 0.00377135
 0.00864579 0.0140348 0.0210987 0.0297485 0.0396587 0.050118 0.0600005 0.0680406 0.0732963 0.0754555 0.0747842 0.0718478 0.0672612 0.0615723 0.0552344 0.0486019 0.0419358 0.0354211 0.0291932 0.0233638 0.0180408 0.0133357 0.00935388 0.00616796 0.00378855
 0.00863461 0.0140194 0.0210802 0.0297289 0.0396391 0.0500964 0.0599716 0.0679976 0.0732351 0.0753794 0.0747043 0.0717804 0.0672209 0.0615671 0.0552632 0.0486559 0.0420032 0.035491 0.0292584 0.023421 0.0180896 0.0133765 0.00938684 0.00619313 0.0038062
 0.00860013 0.013969 0.0210151 0.0296541 0.0395625 0.0500268 0.0599163 0.0679604 0.0732155 0.0753725 0.0747034 0.0717803 0.0672213 0.061573 0.0552816 0.0486917 0.0420558 0.0355549 0.0293259 0.0234851 0.0181457 0.0134226 0.00942271 0.00621942 0.00382413
 0.00860013 0.013969 0.0210151 0.0296541 0.0395625 0.0500268 0.0599163 0.0679604 0.0732155 0.0753725 0.0747034 0.0717803 0.0672213 0.061573 0.0552816 0.0486917 0.0420558 0.0355549 0.0293259 0.0234851 0.0181457 0.0134226 0.00942271 0.00621942 0.00382413
 0.00884883 0.0143558 0.021563 0.030369 0.0404277 0.0509977 0.0609164 0.0688864 0.0739556 0.0758333 0.0748328 0.0715764 0.0667275 0.0608639 0.0544463 0.0478174 0.0412152 0.0347992 0.0286833 0.022965 0.0177442 0.0131278 0.00921796 0.00608608 0.00374342
 0.00898457 0.0145953 0.0219566 0.0309707 0.0412771 0.0520935 0.0621952 0.0702219 0.0751848 0.0767986 0.0754182 0.0717268 0.0664493 0.0602151 0.053521 0.0467279 0.0400733 0.0337009 0.027699 0.0221364 0.0170863 0.0126351 0.00887105 0.0058576 0.00360365
 0.00901834 0.0146596 0.0220724 0.031167 0.0415889 0.0525552 0.0628291 0.0710239 0.0761125 0.0777661 0.0763065 0.0724084 0.0668209 0.0602243 0.0531761 0.0460909 0.0392408 0.0327811 0.0267916 0.0213178 0.0164036 0.0121061 0.0084899 0.00560282 0.00344628
 0.00841367 0.0137023 0.0206855 0.0293123 0.0392934 0.0499431 0.060143 0.0686072 0.0743361 0.0769236 0.0765262 0.0736216 0.0687929 0.0626264 0.0556713 0.0484049 0.041202 0.0343243 0.0279338 0.022123 0.0169502 0.0124662 0.00872059 0.00574566 0.00353077
 0.008165 0.0132389 0.0198811 0.0280194 0.0373871 0.047388 0.0570551 0.0652699 0.0711548 0.0743356 0.0749024 0.0731887 0.0695882 0.0644939 0.0583012 0.0514112 0.0442119 0.0370511 0.0302112 0.0238994 0.0182569 0.0133784 0.00932619 0.00612709 0.00375722
 0.00848247 0.0137261 0.0205528 0.0288501 0.0382927 0.0482123 0.0575753 0.0652427 0.0704017 0.072837 0.072844 0.0709266 0.067544 0.0630269 0.0576108 0.0514992 0.0449123 0.0381057 0.0313586 0.0249427 0.0190906 0.0139791 0.0097225 0.00636907 0.00389472
 0.00868339 0.0140865 0.0211546 0.0297815 0.0396156 0.0499133 0.0595222 0.067176 0.0719797 0.0737227 0.0728055 0.0699159 0.0657259 0.0607429 0.0552815 0.0495004 0.0434743 0.0372759 0.0310336 0.0249437 0.0192419 0.0141562 0.00986356 0.00645939 0.00394372
 0.00898164 0.0145775 0.0219053 0.0308586 0.041072 0.0517647 0.0617178 0.0695775 0.0743602 0.0757909 0.0742514 0.0704757 0.0652551 0.0592737 0.0530355 0.0468394 0.0408003 0.034921 0.0291858 0.0236353 0.0183929 0.01364 0.00956111 0.00628411 0.00384248
 0.00899276 0.0146277 0.0220412 0.0311461 0.0415841 0.0525593 0.0628166 0.0709537 0.0759379 0.0774486 0.0758265 0.0717722 0.0660684 0.0594361 0.0524735 0.0456158 0.0391134 0.033051 0.0274103 0.0221521 0.0172849 0.0128897 0.00909368 0.00601199 0.0036924
 0.00884409 0.0143897 0.0216933 0.0306817 0.0410234 0.0519649 0.0622994 0.0706583 0.0760029 0.0779568 0.0767682 0.0730381 0.0674701 0.0607459 0.0534736 0.0461511 0.0391349 0.0326295 0.0267087 0.0213646 0.0165723 0.0123407 0.00872409 0.00579086 0.00357297
 0.00880262 0.0143005 0.0215195 0.0303773 0.0405475 0.0513041 0.0614895 0.0697932 0.0752231 0.0774201 0.0766101 0.0733332 0.0682038 0.0618078 0.0546792 0.0472877 0.0400191 0.0331576 0.0268784 0.0212606 0.0163216 0.0120613 0.00849121 0.00563124 0.00347965
 0.00890427 0.0144521 0.0217201 0.0306118 0.0407835 0.051492 0.0615679 0.0697034 0.0749337 0.0769518 0.0760456 0.0728015 0.0678412 0.0617096 0.0548639 0.0476887 0.0405086 0.0335941 0.0271579 0.0213479 0.0162489 0.0118993 0.00831208 0.00548235 0.00337792
 0.00906486 0.0147139 0.0221135 0.0311602 0.0414917 0.0523309 0.0624621 0.0705341 0.0755624 0.0772592 0.0759698 0.0723601 0.0671294 0.0608748 0.0540615 0.0470345 0.0400475 0.0332989 0.0269577 0.0211704 0.0160534 0.0116851 0.00810397 0.00530797 0.00325189
 0.00889957 0.0144684 0.021789 0.0307773 0.0410912 0.0519688 0.0622024 0.0704346 0.0756552 0.0775319 0.0763613 0.0727777 0.0674832 0.0611118 0.0541823 0.0470835 0.0400835 0.0333617 0.0270517 0.0212703 0.0161268 0.0117137 0.00809118 0.0052716 0.00321136
#pred catch len freq
 0.00450827 0.00712086 0.0103621 0.0141431 0.0184084 0.0231196 0.0281833 0.0334133 0.0385635 0.0433906 0.0476949 0.0513374 0.0542496 0.0564311 0.0579304 0.0588193 0.0591741 0.0590529 0.0584451 0.0571885 0.054913 0.0511131 0.0454038 0.0378573 0.0291765
 0.00471546 0.00738206 0.010619 0.014304 0.0183852 0.0228784 0.0277782 0.0329712 0.0382242 0.0432366 0.0477146 0.0514442 0.0543387 0.0564404 0.0578721 0.058771 0.0592348 0.0592845 0.0588282 0.0576175 0.0552395 0.0512166 0.0452495 0.0375068 0.0287473
