SBPRF35
7.58424
Curr Bio
520500
B35
513412
F35
0.215576
FOFL
0.215576
OFL
90184.5
Bzero
2.16693e+006
#pred survey bio
 3.79708e+006 3.50935e+006 3.27738e+006 2.92129e+006 2.67016e+006 2.48827e+006 2.27965e+006 2.06244e+006 1.83767e+006 1.5693e+006 1.34434e+006 1.1641e+006 996700 903170 844484 804267 745032 722036 701319 652748 592914 546659 514487 506985 517760 527395 525517 523656 535420 530603 510238 520215 534361 534342 524997 514123 513801 515683 541613 542362 539272 506559 512861 541146 562519 562409 575867 577136 592678 644844 686101 652687 553295 490581 535449 625192 679388 689145 639389 603728 594696 583116 550042 525237 528200 1.25732e+007 1.156e+007 1.18757e+007 1.25482e+007 1.33842e+007 1.42176e+007 1.49539e+007 1.55573e+007 1.60277e+007 1.63824e+007 1.66442e+007 1.68348e+007 1.69726e+007 1.70718e+007 1.71434e+007 1.71952e+007 1.72328e+007 1.72603e+007 1.72805e+007 1.72954e+007 1.73065e+007 1.73148e+007 1.7321e+007 1.73258e+007 1.73293e+007 1.7332e+007 1.73341e+007 1.73357e+007 1.73369e+007 1.73378e+007 1.73385e+007 1.7339e+007 1.73394e+007 1.73398e+007 1.734e+007 1.73402e+007 1.73403e+007 1.73404e+007 1.73405e+007 1.73406e+007 1.73407e+007 1.73407e+007 1.73407e+007 1.73408e+007 1.73408e+007 1.73408e+007 1.73408e+007 1.73408e+007 1.73408e+007 1.73408e+007 1.73408e+007 1.73408e+007 1.73408e+007 1.73408e+007 1.73408e+007 1.73408e+007 1.73408e+007 1.73408e+007 1.73408e+007 1.73408e+007 1.73408e+007 1.73408e+007 1.73408e+007 1.73408e+007 1.73408e+007 1.73408e+007 1.73408e+007 1.73408e+007 1.73408e+007 1.73408e+007 1.73408e+007 1.73408e+007 1.73408e+007 1.73408e+007 1.73408e+007 1.73408e+007 1.73408e+007 1.73408e+007 1.73408e+007 1.73408e+007 1.73408e+007 1.73408e+007 1.73408e+007 1.73408e+007 1.73408e+007 1.73408e+007 1.73408e+007 1.73408e+007 1.73408e+007 1.73408e+007 1.73408e+007 1.73408e+007 1.73408e+007 1.73408e+007 1.73408e+007 1.73408e+007 1.73408e+007 1.73408e+007 1.73408e+007 1.73408e+007 0 0 0 0 0 0 0 0 0 0 0 0 0 0 0 0 0 0 0 0 0 0 0 0 0
#obs survey bio
 3.85962e+006 3.37871e+006 4.11734e+006 3.54171e+006 2.32392e+006 2.62142e+006 2.02771e+006 2.1445e+006 2.00224e+006 1.53501e+006 1.23087e+006 1.00803e+006 833870 739264 816659 845611 743939 793294 1.0205e+006 700665 701211 619719 511112 425745 494505 737038 360364 681707 524370 533162 483546 379144 615389 457171 526021 549343 584685 408033 545284 569851 473194 475826 415481 565357 681316 518117 550896 479281 398272 708964 768238 606198 527812 469852 509908 769230 830042 704039 638293 513387 630572 657536 639749 563888 521559
#pred catch bio
 99597.8 91617 178729 214916 229812 278812 275567 308573 309023 268451 280917 291204 253823 239445 225257 234228 192971 166502 152555 143953 135928 122521 112428 114344 110977 111405 114361 94815.9 109423 98806.7 89059 94034.3 95453.5 98616.4 95402 91782.7 87580.3 88521.5 87209.7 81994.1 92995.1 88446.2 85976.7 94164.9 86431.5 88092.4 88269.8 90641.7 87147.3 83461.8 115394 119545 103378 48505.3 38937 84230.8 99761.7 133734 118439 100497 98602.6 99711.8 101289 88288 72514.2 90184.5 90310.4 91426.6 95597 101509 107484 112686 116837 119959 122209 123780 124852 125570 126043 126352 126552 126680 126762 126814 126847 126868 126881 126889 126894 126897 126899 126901 126901 126902 126902 126902 126902 126902 126903 126903 126903 126903 126903 126903 126903 126903 126903 126903 126903 126903 126903 126903 126903 126903 126903 126903 126903 126903 126903 126903 126903 126903 126903 126903 126903 126903 126903 126903 126903 126903 126903 126903 126903 126903 126903 126903 126903 126903 126903 126903 126903 126903 126903 126903 126903 126903 126903 126903 126903 126903 126903 126903 126903 126903 126903 126903 126903 126903 126903 126903 126903 126903 126903 126903 126903 0 0 0 0 0 0 0 0 0 0 0 0 0 0 0 0 0 0 0 0 0 0 0 0 0
#obs catch bio
 0 91096.7 179275 215172 229697 279361 275125 309238 309082 267641 281189 291156 254161 240819 225844 234966 193707 166450 152155 143698 136074 122396 112270 115022 110992 111164 114772 94479.2 109871 98507.5 89048 94242.2 95349.5 98654.4 95372.3 91909.3 87422.1 88861.5 87113.6 81862.2 92931.7 88555.7 86018.9 94444 86184.2 88206.8 88151.1 90657.2 87384.6 83194 115555 119418 103830 48377.1 38663.7 84705.4 99539.6 133993 118443 100419 98597.1 99587.1 101409 88417.2 72384.5
#pred cpue bio
 3.75557e+006 3.4711e+006 3.24056e+006 2.8867e+006 2.63663e+006 2.45492e+006 2.24671e+006 2.03021e+006 1.8063e+006 1.54e+006 1.317e+006 1.1381e+006 972072 878756 819741 779083 720005 696816 676418 629332 571319 526477 495361 487996 498286 507732 506045 504111 515736 511154 491674 501406 515168 515413 506585 496090 494726 494856 518793 519700 517146 485770 491715 518924 539509 539600 552481 553799 568598 618588 658550 626002 529727 468765 512684 600934 653897 662752 613116 577523 568519 557716 526177 501984 504763 1.20348e+007 1.10709e+007 1.12815e+007 1.18748e+007 1.26927e+007 1.35233e+007 1.42592e+007 1.48626e+007 1.53329e+007 1.56877e+007 1.59495e+007 1.61401e+007 1.62778e+007 1.63771e+007 1.64487e+007 1.65004e+007 1.6538e+007 1.65655e+007 1.65857e+007 1.66007e+007 1.66118e+007 1.66201e+007 1.66263e+007 1.6631e+007 1.66346e+007 1.66373e+007 1.66393e+007 1.66409e+007 1.66421e+007 1.6643e+007 1.66437e+007 1.66443e+007 1.66447e+007 1.6645e+007 1.66453e+007 1.66455e+007 1.66456e+007 1.66457e+007 1.66458e+007 1.66459e+007 1.66459e+007 1.6646e+007 1.6646e+007 1.6646e+007 1.6646e+007 1.6646e+007 1.66461e+007 1.66461e+007 1.66461e+007 1.66461e+007 1.66461e+007 1.66461e+007 1.66461e+007 1.66461e+007 1.66461e+007 1.66461e+007 1.66461e+007 1.66461e+007 1.66461e+007 1.66461e+007 1.66461e+007 1.66461e+007 1.66461e+007 1.66461e+007 1.66461e+007 1.66461e+007 1.66461e+007 1.66461e+007 1.66461e+007 1.66461e+007 1.66461e+007 1.66461e+007 1.66461e+007 1.66461e+007 1.66461e+007 1.66461e+007 1.66461e+007 1.66461e+007 1.66461e+007 1.66461e+007 1.66461e+007 1.66461e+007 1.66461e+007 1.66461e+007 1.66461e+007 1.66461e+007 1.66461e+007 1.66461e+007 1.66461e+007 1.66461e+007 1.66461e+007 1.66461e+007 1.66461e+007 1.66461e+007 1.66461e+007 1.66461e+007 1.66461e+007 1.66461e+007 1.66461e+007 1.66461e+007 0 0 0 0 0 0 0 0 0 0 0 0 0 0 0 0 0 0 0 0 0 0 0 0 0
#obs cpue bio
 3.85183e+006 3.56124e+006 3.09311e+006 1.99822e+006 2.88826e+006 2.31125e+006 2.86868e+006 1.60051e+006 1.98056e+006 1.73015e+006 1.22435e+006 1.5037e+006 970152 835204 883520 789648 590734 738068 548468 591168 428368 510440 499848 386406 664996 427973 575573 468901 415813 731915 401108 622730 546115 572947 517953 407734 540140 411377 738087 456075 698763 413257 578608 466273 603765 454094 701948 637916 618666 712197 596454 782241 509266 434208 556119 445315 653150 647304 595553 654472 535353 554326 422215 430825 548861
#pred surv len freq
 0.00425238 0.00701192 0.0107536 0.0155211 0.0212267 0.0275562 0.0339557 0.0397868 0.044574 0.0481579 0.0506547 0.0523027 0.0533328 0.0539178 0.054176 0.0541953 0.0540593 0.0538461 0.0535695 0.0530622 0.0518747 0.0493273 0.0447981 0.0381411 0.0299461
 0.00450948 0.00735302 0.0111274 0.0158388 0.0213943 0.0275216 0.0337395 0.0394725 0.0442619 0.0479124 0.0504815 0.0521691 0.0532113 0.0538218 0.0541638 0.0543415 0.0544073 0.0543668 0.0541486 0.0535287 0.0520655 0.0491586 0.0443047 0.0374576 0.0292424
 0.00455908 0.00748721 0.0114219 0.0163804 0.0222385 0.0286391 0.0349867 0.040622 0.0450902 0.0482952 0.0504327 0.0518044 0.0526732 0.0532236 0.0535806 0.0538292 0.0540122 0.0541095 0.053996 0.053386 0.0518081 0.0486945 0.0436275 0.036654 0.0284482
 0.00471298 0.00772366 0.0117567 0.0168307 0.0228332 0.0294241 0.0360115 0.0419019 0.0465595 0.0497859 0.0517099 0.0526497 0.0529702 0.0529917 0.0529439 0.0529521 0.0530444 0.0531544 0.0530974 0.0525276 0.0509339 0.0477508 0.0426088 0.0356214 0.0275036
 0.00488194 0.00800817 0.0122017 0.0174806 0.0237193 0.0305486 0.0373377 0.0433619 0.0480754 0.0512849 0.0531158 0.0538595 0.0538476 0.0533999 0.0528034 0.0522807 0.051951 0.0517918 0.0516057 0.0509982 0.0494072 0.0462445 0.0411541 0.0342814 0.0263591
 0.00503593 0.00826421 0.0125984 0.0180599 0.0245203 0.0315961 0.0386283 0.0448541 0.0496912 0.0529231 0.0546706 0.0552328 0.0549487 0.0541379 0.0530873 0.0520406 0.0511706 0.0505282 0.0499769 0.0491466 0.0474657 0.0443243 0.0393528 0.0326905 0.0250552
 0.00525931 0.00862794 0.013147 0.0188354 0.0255548 0.0329 0.040178 0.0465875 0.0515159 0.0547328 0.0563595 0.0567039 0.0561164 0.0549269 0.0534296 0.051876 0.0504568 0.0492613 0.048211 0.0469983 0.0450984 0.0419218 0.0370937 0.0307249 0.0234825
 0.00543493 0.00892512 0.013616 0.0195303 0.0265229 0.0341639 0.0417184 0.0483383 0.0533755 0.0565862 0.0580975 0.0582323 0.057356 0.0558093 0.0538925 0.0518607 0.0499122 0.0481576 0.0465614 0.0448798 0.0426592 0.0393663 0.034646 0.0285826 0.0217752
 0.00562744 0.00925136 0.0141319 0.0202974 0.0275962 0.0355729 0.0434465 0.0503137 0.0554802 0.0586781 0.0600349 0.0598931 0.0586474 0.0566683 0.0542783 0.0517429 0.0492626 0.0469539 0.0448062 0.0426284 0.0400424 0.0365896 0.0319572 0.0262141 0.0198852
 0.00590525 0.00969472 0.0147846 0.0211969 0.02877 0.0370309 0.0451707 0.0522497 0.0575377 0.0607407 0.0619741 0.0615828 0.0599774 0.0575543 0.0546645 0.0515972 0.0485673 0.0457011 0.0430063 0.0403332 0.0373718 0.0337408 0.0291802 0.0237535 0.0179145
 0.0060548 0.00996095 0.0152274 0.0218845 0.0297624 0.0383538 0.0467944 0.0540871 0.0594674 0.0626392 0.0637377 0.0631298 0.0612381 0.0584618 0.0551545 0.051613 0.0480659 0.0446581 0.0414244 0.0382591 0.0349162 0.0310881 0.0265678 0.0214198 0.0160338
 0.00619709 0.0102175 0.0156611 0.0225717 0.0307781 0.0397464 0.048558 0.0561474 0.0616878 0.0648459 0.0657539 0.0648072 0.0624775 0.0592151 0.0554098 0.0513726 0.0473305 0.0434255 0.0397033 0.0360924 0.0324068 0.0284096 0.0239465 0.0190846 0.0141537
 0.00651588 0.010727 0.0164122 0.0236084 0.0321321 0.0414273 0.0505401 0.058358 0.064008 0.0671221 0.0678178 0.0664986 0.0636681 0.059827 0.0554208 0.0508047 0.0462284 0.0418375 0.0376779 0.0336939 0.0297409 0.0256396 0.0212819 0.0167364 0.0122757
 0.00674423 0.0111069 0.0169993 0.0244578 0.0332853 0.0428923 0.0522747 0.0602696 0.0659735 0.0690171 0.0695346 0.0679478 0.0647696 0.060507 0.0556188 0.0504859 0.0453905 0.0405086 0.0359108 0.0315674 0.0273684 0.0231776 0.0189191 0.014658 0.0106152
 0.00695351 0.0114471 0.0175118 0.0251822 0.034253 0.0441161 0.0537348 0.0619062 0.0676904 0.0706975 0.0710616 0.0692219 0.0657182 0.0610826 0.0557913 0.0502349 0.0447052 0.039394 0.0343974 0.0297201 0.0252932 0.0210209 0.0168522 0.0128443 0.00916967
 0.00707824 0.0116597 0.0178497 0.0256862 0.0349586 0.0450393 0.05486 0.0631826 0.0690415 0.0720372 0.0723073 0.0702999 0.0665651 0.0616471 0.056035 0.0501326 0.0442428 0.0385701 0.0332289 0.0282532 0.0236135 0.0192534 0.0151461 0.0113418 0.00797022
 0.00734745 0.012086 0.01847 0.0265267 0.036029 0.0463255 0.056314 0.0647197 0.0705499 0.0733985 0.0734193 0.0710928 0.0670063 0.0617363 0.0557923 0.0495856 0.0434172 0.0374876 0.0319141 0.0267457 0.0219803 0.0175938 0.01358 0.00998376 0.00689809
 0.00750378 0.0123176 0.0187775 0.0268982 0.0364472 0.0467775 0.0567985 0.065246 0.07113 0.074036 0.0740992 0.071777 0.0676367 0.0622456 0.0561187 0.0496833 0.0432611 0.0370721 0.0312512 0.0258674 0.0209433 0.0164809 0.0124917 0.00901711 0.00612238
 0.00757372 0.0124194 0.0189081 0.0270458 0.0365928 0.0469001 0.056882 0.0652873 0.0711466 0.0740684 0.074202 0.071998 0.067994 0.0627131 0.0566293 0.0501478 0.0435923 0.0372042 0.0311507 0.0255364 0.0204189 0.0158303 0.0118006 0.00837125 0.00558679
 0.00763031 0.0125047 0.0190234 0.0271865 0.0367483 0.0470537 0.0570128 0.0653736 0.0711735 0.0740363 0.0741331 0.0719347 0.0679869 0.0628021 0.0568246 0.0504207 0.0438804 0.0374306 0.0312473 0.0254638 0.0201768 0.0154563 0.0113586 0.00793225 0.00520876
 0.0076206 0.0125074 0.0190608 0.0272886 0.0369423 0.0473489 0.0573883 0.0657786 0.0715413 0.0743058 0.0742677 0.0719317 0.0678762 0.0626359 0.0566602 0.0503005 0.0438167 0.0374012 0.031207 0.0253653 0.0199919 0.0151882 0.0110395 0.00760945 0.004926
 0.00767918 0.0125918 0.019169 0.0274152 0.037084 0.0475111 0.0575861 0.0660285 0.0718458 0.0746405 0.0745817 0.0721637 0.0679794 0.0625971 0.0565038 0.0500756 0.0435751 0.0371771 0.0310071 0.0251738 0.0197866 0.0149574 0.0107908 0.00736579 0.00471375
 0.00780561 0.012774 0.0193995 0.0276711 0.0373326 0.0477198 0.0577328 0.0661081 0.0718718 0.0746405 0.0745857 0.0721887 0.0680194 0.0626256 0.0564895 0.050001 0.0434446 0.0370113 0.0308286 0.0249952 0.0196088 0.0147771 0.0106098 0.00719397 0.00456502
 0.00776546 0.0127322 0.0193787 0.0277032 0.0374455 0.0479197 0.0579922 0.0663711 0.072077 0.0747489 0.0745966 0.0721351 0.0679467 0.0625679 0.0564566 0.0499801 0.0434148 0.0369574 0.0307471 0.0248918 0.0194916 0.0146532 0.0104856 0.00707722 0.00446435
 0.00773192 0.0126773 0.0192971 0.0275943 0.0373187 0.0477994 0.0579163 0.0663794 0.072191 0.0749553 0.0748483 0.0723717 0.0681229 0.0626701 0.0564986 0.0499861 0.0434022 0.0369315 0.0307059 0.024833 0.0194168 0.0145678 0.0103973 0.00699402 0.00439314
 0.00772661 0.0126544 0.0192365 0.0274697 0.0371061 0.0474898 0.0575283 0.0659625 0.0718163 0.0746959 0.0747555 0.0724585 0.0683596 0.0629984 0.0568547 0.0503213 0.0436907 0.0371653 0.0308855 0.0249611 0.0194973 0.0146073 0.0104052 0.00698174 0.0043717
 0.00779362 0.0127497 0.0193536 0.0275911 0.0372047 0.0475333 0.0574858 0.0658133 0.0715604 0.0743619 0.0743995 0.0721503 0.0681602 0.0629385 0.0569266 0.050487 0.0439005 0.0373756 0.0310678 0.0251022 0.0195949 0.0146656 0.010432 0.00698691 0.0043649
 0.00787 0.0128762 0.0195472 0.0278653 0.0375623 0.0479564 0.0579292 0.0662078 0.0718297 0.0744464 0.0742779 0.0718473 0.067739 0.0624814 0.0565098 0.0501603 0.0436784 0.0372436 0.0309968 0.0250632 0.0195675 0.0146394 0.0104045 0.00695962 0.00434069
 0.00773842 0.0126648 0.0192356 0.0274412 0.0370298 0.0473461 0.0573024 0.0656487 0.0714212 0.0742415 0.0742822 0.0720236 0.0680296 0.0628327 0.0568883 0.0505524 0.0440803 0.0376484 0.0313887 0.0254202 0.0198691 0.0148736 0.0105709 0.00706713 0.00440339
 0.00778591 0.0127359 0.0193303 0.0275533 0.0371452 0.0474435 0.0573563 0.0656361 0.071332 0.0740858 0.0740892 0.0718302 0.0678653 0.062711 0.0568086 0.0505093 0.0440707 0.0376722 0.031444 0.025499 0.0199575 0.0149566 0.0106376 0.00711343 0.00443119
 0.00790383 0.0128948 0.0195089 0.027712 0.037238 0.0474358 0.0572389 0.065427 0.0710659 0.0738007 0.0738175 0.0715972 0.0676903 0.0626064 0.0567772 0.0505433 0.0441551 0.0377904 0.0315811 0.0256424 0.0200957 0.015079 0.0107362 0.00718494 0.00447756
 0.00780631 0.0127662 0.0193688 0.0275924 0.0371683 0.0474226 0.0572552 0.065421 0.070988 0.0736327 0.0735835 0.0713515 0.0674913 0.0624948 0.056768 0.0506291 0.0443149 0.0379976 0.0318097 0.0258697 0.0203044 0.0152568 0.0108763 0.0072864 0.00454444
 0.00770112 0.0126027 0.0191387 0.0272982 0.036828 0.0470734 0.0569498 0.0652138 0.0709117 0.0736796 0.0737073 0.0714915 0.0676048 0.0625743 0.0568352 0.0507151 0.044441 0.0381672 0.0320108 0.0260827 0.0205087 0.015436 0.0110204 0.00739248 0.00461555
 0.00761739 0.0124674 0.0189373 0.027019 0.0364669 0.0466396 0.0564729 0.0647449 0.0705154 0.0734171 0.0736162 0.0715722 0.0678204 0.0628677 0.0571529 0.051025 0.0447348 0.0384501 0.0322878 0.0263506 0.0207569 0.0156516 0.0111937 0.0075204 0.00470169
 0.00768854 0.0125611 0.0190375 0.0270963 0.0364858 0.0465703 0.0563021 0.0644807 0.0701858 0.073064 0.073289 0.0713176 0.0676717 0.0628352 0.057222 0.0511644 0.0449114 0.0386398 0.0324783 0.0265363 0.0209325 0.0158095 0.0113259 0.0076219 0.00477246
 0.0084127 0.013591 0.0203135 0.0284677 0.0377498 0.0475379 0.0568528 0.0645805 0.0698734 0.0724237 0.0724276 0.0703479 0.0666986 0.0619425 0.0564636 0.050562 0.0444591 0.0383155 0.0322553 0.0263913 0.0208467 0.0157673 0.0113129 0.00762502 0.00478176
 0.00911056 0.0147022 0.0219321 0.0306385 0.0404277 0.0505437 0.059854 0.0671393 0.0715689 0.0729974 0.0718656 0.0688575 0.0646055 0.0595786 0.0540948 0.0483653 0.0425317 0.0366947 0.0309399 0.0253588 0.0200651 0.0152006 0.0109232 0.00737354 0.00463089
 0.00908681 0.0147628 0.0222063 0.0313056 0.0416687 0.0524612 0.062397 0.0700733 0.0745114 0.0755066 0.0735511 0.069479 0.0641296 0.0581718 0.0520557 0.0460287 0.0401866 0.0345424 0.0290914 0.0238544 0.0188989 0.0143401 0.010322 0.0069789 0.0043897
 0.00877789 0.0143067 0.0216124 0.0306313 0.0410272 0.0520202 0.0623594 0.0706291 0.0757618 0.0773889 0.0758126 0.0717299 0.065959 0.0592759 0.05232 0.0455351 0.0391538 0.0332373 0.027751 0.0226431 0.0179027 0.0135821 0.00978499 0.00662464 0.00417299
 0.00870914 0.0141528 0.0213066 0.0300948 0.0402024 0.0509176 0.0610966 0.069432 0.0749153 0.0771514 0.0763276 0.0729661 0.0677044 0.0611914 0.054041 0.0467817 0.0398043 0.033335 0.0274522 0.0221402 0.0173602 0.0131054 0.00942004 0.00637437 0.00401741
 0.00857788 0.0139581 0.0210449 0.0297672 0.0398036 0.0504263 0.0604793 0.0686684 0.0740381 0.0762771 0.0756483 0.0726934 0.0679837 0.062029 0.0552852 0.0481705 0.0410597 0.0342571 0.02797 0.0223034 0.0172873 0.0129237 0.00922428 0.006215 0.00390854
 0.00867097 0.0140921 0.0212148 0.0299577 0.0399932 0.0505926 0.0605998 0.0687154 0.0739746 0.0760649 0.0752733 0.0721969 0.0674738 0.0616525 0.0551641 0.0483397 0.0414447 0.0347101 0.0283406 0.0225013 0.0173046 0.0128139 0.0090613 0.00605822 0.00378865
 0.00866785 0.0141005 0.0212514 0.0300434 0.0401443 0.0508092 0.0608572 0.0689674 0.0741673 0.0761527 0.0752294 0.0720171 0.0671802 0.0612979 0.0548281 0.0481065 0.0413667 0.03478 0.0284946 0.0226537 0.0173912 0.0128158 0.00899966 0.00597076 0.0037071
 0.0085896 0.0139776 0.0210757 0.0298142 0.0398724 0.050521 0.0605946 0.0687789 0.074091 0.0761986 0.075373 0.0722092 0.067367 0.0614419 0.0549214 0.0481706 0.0414397 0.0348934 0.0286535 0.0228329 0.0175504 0.0129238 0.00904848 0.00597399 0.00368714
 0.0086588 0.0140701 0.0211779 0.0299008 0.0399136 0.0504936 0.0604929 0.0686186 0.0739051 0.0760273 0.075251 0.0721535 0.0673722 0.0614839 0.0549706 0.0482071 0.0414617 0.0349144 0.0286892 0.0228883 0.0176157 0.0129813 0.00908447 0.00598587 0.00368189
 0.00872561 0.0141601 0.0212785 0.0299869 0.0399527 0.0504549 0.060357 0.0683846 0.073594 0.0756805 0.0749234 0.0719006 0.0672336 0.0614717 0.055067 0.0483749 0.0416601 0.0351127 0.0288719 0.0230502 0.0177546 0.0130933 0.00916596 0.00603701 0.00370808
 0.00865895 0.0140807 0.021211 0.0299685 0.0400179 0.0506147 0.060584 0.0686164 0.0737568 0.0757196 0.0748241 0.0716914 0.066972 0.0612219 0.0548791 0.0482727 0.0416402 0.0351538 0.0289474 0.0231378 0.017839 0.0131658 0.0092217 0.00607477 0.00372989
 0.0087552 0.0141989 0.0213203 0.0300226 0.0399747 0.0504631 0.0603597 0.0683914 0.0736031 0.0756715 0.0748627 0.0717622 0.06702 0.0612207 0.0548379 0.0482223 0.0416122 0.0351654 0.0289974 0.0232128 0.0179221 0.0132427 0.00928389 0.00611926 0.00375797
 0.00885404 0.0143604 0.021562 0.0303535 0.0403848 0.0509124 0.0607769 0.0686914 0.0737211 0.0755941 0.0746334 0.0714545 0.0666985 0.0609184 0.05456 0.0479652 0.0413793 0.0349683 0.0288478 0.023114 0.0178675 0.0132196 0.00927887 0.00612189 0.00376209
 0.00880061 0.0142852 0.0214712 0.0302622 0.0403151 0.0508878 0.0608148 0.0687944 0.0738711 0.0757541 0.07476 0.0715171 0.0666934 0.060866 0.0544894 0.0478985 0.0413258 0.0349294 0.0288237 0.0231054 0.0178739 0.0132372 0.00930145 0.00614347 0.00377893
 0.00873226 0.0141641 0.0212722 0.0299598 0.0398949 0.050362 0.0602327 0.0682389 0.0734363 0.0755137 0.0747428 0.0717012 0.0670205 0.0612667 0.0549054 0.0482932 0.0416825 0.035243 0.0290935 0.0233325 0.0180599 0.0133845 0.00941296 0.00622296 0.00383145
 0.00888775 0.0144209 0.0216629 0.0305093 0.0406052 0.0511938 0.0610961 0.0690054 0.0739769 0.0757447 0.0746528 0.0713451 0.0664886 0.060649 0.054271 0.047686 0.041128 0.0347562 0.0286832 0.0230022 0.0178075 0.0132028 0.00929063 0.0061465 0.00378739
 0.00916943 0.0148627 0.0222975 0.0313547 0.0416597 0.0524287 0.0624443 0.0703561 0.0751842 0.0766528 0.0751329 0.0713299 0.0659914 0.0597594 0.0531259 0.0464313 0.0398872 0.0336159 0.0276938 0.0221862 0.0171674 0.012727 0.00895763 0.0059287 0.00365528
 0.00918588 0.0149286 0.0224679 0.0317023 0.0422535 0.0533013 0.0635653 0.0716288 0.0764681 0.0777994 0.0760136 0.0718502 0.0660981 0.059447 0.0524413 0.0454693 0.038771 0.0324701 0.0266214 0.0212556 0.0164125 0.0121529 0.00854902 0.00565777 0.00348897
 0.00858403 0.0139766 0.0210918 0.0298711 0.0400085 0.0507892 0.0610549 0.0694799 0.0750426 0.0773461 0.0765887 0.0733112 0.0681624 0.0617795 0.0547343 0.0474973 0.0404136 0.0337052 0.0274953 0.0218469 0.0168013 0.0124042 0.00870912 0.00575749 0.00354874
 0.00827917 0.0134337 0.0201899 0.0284753 0.0380112 0.0481723 0.0579489 0.066181 0.0719672 0.0749384 0.075214 0.0731698 0.0692447 0.0638739 0.0574882 0.0505096 0.0433275 0.0362705 0.0295876 0.0234489 0.0179648 0.0132112 0.00924462 0.00609618 0.00375122
 0.0085808 0.0138819 0.0207798 0.0291585 0.0386875 0.0486899 0.0581192 0.0658192 0.070961 0.0733185 0.073187 0.0710819 0.0674843 0.062753 0.0571523 0.0509104 0.0442637 0.0374714 0.0308019 0.0245038 0.0187815 0.0137871 0.00961982 0.00632428 0.00388125
 0.00883441 0.0143041 0.0214301 0.0300886 0.0399168 0.0501721 0.0597134 0.0672904 0.0720233 0.0737122 0.0727611 0.0698529 0.065649 0.0606443 0.0551474 0.0493205 0.0432508 0.0370264 0.0307869 0.02473 0.019082 0.0140559 0.00981449 0.00644519 0.00394754
 0.00915714 0.0148459 0.0222756 0.0313226 0.0416001 0.0523037 0.0621935 0.0699069 0.0744759 0.0756672 0.0739179 0.0700076 0.0647458 0.0588032 0.0526506 0.0465499 0.0405906 0.0347662 0.0290665 0.0235426 0.0183261 0.0136002 0.0095455 0.00628577 0.00385276
 0.00917585 0.0149036 0.022415 0.0316058 0.0421003 0.0530879 0.0633006 0.071327 0.076136 0.0774247 0.0755686 0.0713124 0.065479 0.0588119 0.0519058 0.0451682 0.0388097 0.0328788 0.0273362 0.0221388 0.017303 0.0129208 0.00912772 0.0060436 0.00371851
 0.00894739 0.0145591 0.0219491 0.0310386 0.0414816 0.0524985 0.0628498 0.0711405 0.0763272 0.0780569 0.0766214 0.0726684 0.0669382 0.060133 0.0528654 0.0456222 0.0387351 0.0323764 0.0265886 0.0213435 0.0166101 0.0124032 0.00878831 0.00584486 0.00361282
 0.00890152 0.0144585 0.0217514 0.0306933 0.0409489 0.0517771 0.0619995 0.0702833 0.0756223 0.0776585 0.0766381 0.0731353 0.067805 0.0612677 0.0540779 0.0467072 0.0395262 0.0327927 0.0266516 0.0211554 0.0163048 0.0120954 0.00854469 0.00568332 0.00352045
 0.00906839 0.0146996 0.0220562 0.0310268 0.0412543 0.0519846 0.0620402 0.0701081 0.0752242 0.0770905 0.0760118 0.0725947 0.0674813 0.0612345 0.0543256 0.0471459 0.0400175 0.033198 0.0268794 0.0211862 0.0161838 0.0118999 0.0083466 0.00552599 0.00341608
 0.0091198 0.0148133 0.0222802 0.031417 0.041851 0.0527796 0.0629527 0.0709901 0.0759008 0.0774186 0.0759297 0.072141 0.0667788 0.0604491 0.0536129 0.0466057 0.0396713 0.0329986 0.0267461 0.0210479 0.0160078 0.0116947 0.00814356 0.00535587 0.00329397
 0.00894285 0.0145458 0.0219184 0.0309785 0.0413799 0.0523468 0.0626483 0.0709004 0.0760733 0.0778303 0.0764834 0.072699 0.067219 0.0607118 0.0537143 0.0466142 0.0396639 0.0330225 0.0268047 0.0211134 0.0160473 0.0116923 0.00810561 0.00530162 0.00324239
#obs surv len freq
 nan nan nan nan nan nan nan nan nan nan nan nan nan nan nan nan nan nan nan nan nan nan nan nan nan
 0.00448226 0.00734269 0.0111721 0.0159884 0.02169 0.0279669 0.0342825 0.0400151 0.0446954 0.0481595 0.0505172 0.0520126 0.0529043 0.0534162 0.05373 0.0539846 0.0542629 0.0545555 0.0546942 0.054286 0.052724 0.0493562 0.0438059 0.036286 0.0276697
 0.00461404 0.00755799 0.0114978 0.0164493 0.0223028 0.0287311 0.0351713 0.0409722 0.0456428 0.0490123 0.0511995 0.0524691 0.053106 0.0533609 0.0534388 0.0534939 0.0536158 0.0537943 0.0538578 0.0534114 0.0518497 0.0485249 0.0430621 0.0356672 0.0271968
 0.00478127 0.00783152 0.0119125 0.0170387 0.0230919 0.0297265 0.0363491 0.0422736 0.0469802 0.0502836 0.0523039 0.0533187 0.0536347 0.0535306 0.0532423 0.0529531 0.0527755 0.0527137 0.052603 0.0520526 0.0504624 0.0471898 0.0418595 0.0346632 0.026428
 0.00496334 0.00813184 0.0123725 0.0176999 0.0239879 0.0308699 0.0377184 0.043808 0.048587 0.051854 0.0537287 0.0544978 0.0544828 0.0539818 0.0532554 0.0525165 0.0519091 0.0514671 0.0510517 0.0502938 0.0486114 0.0453741 0.0402049 0.0332727 0.0253593
 0.005175 0.00847573 0.0128901 0.0184303 0.0249621 0.0320997 0.0391852 0.0454562 0.0503298 0.0535868 0.0553427 0.0558898 0.05556 0.0546648 0.053482 0.052246 0.0511285 0.0501978 0.0493548 0.0482725 0.0464086 0.0431604 0.0381551 0.0315325 0.0240136
 0.00540792 0.00885794 0.0134717 0.0192599 0.0260763 0.0335089 0.0408576 0.0473149 0.0522652 0.0554791 0.0570811 0.0573801 0.0567226 0.0554311 0.0537914 0.0520482 0.0503895 0.0489113 0.0475563 0.046053 0.0439196 0.0406028 0.0357475 0.0294645 0.0224015
 0.00564761 0.00924952 0.0140648 0.0201026 0.0272068 0.0349413 0.0425675 0.0492321 0.0542823 0.0574705 0.0589235 0.0589659 0.0579652 0.0562637 0.0541615 0.0519116 0.0497098 0.0476681 0.0457638 0.0437818 0.0413126 0.0378701 0.0331333 0.0271909 0.0206129
 0.00588697 0.00964271 0.0146641 0.0209593 0.0283612 0.0364074 0.0443166 0.0511886 0.0563338 0.0594905 0.0607905 0.0605747 0.0592299 0.0571164 0.0545496 0.0517939 0.0490532 0.0464516 0.0439926 0.041512 0.0386733 0.0350671 0.0304189 0.0248051 0.0187198
 0.00613221 0.0100437 0.015272 0.0218234 0.0295202 0.0378744 0.046064 0.0531416 0.0583808 0.061503 0.0626447 0.0621636 0.0604687 0.0579413 0.0549139 0.0516622 0.0483976 0.0452536 0.0422554 0.0392836 0.0360708 0.0322849 0.0277043 0.0224012 0.0167991
 0.00638101 0.0104523 0.0158946 0.0227124 0.0307158 0.0393877 0.0478605 0.0551358 0.0604496 0.0635103 0.0644643 0.0636919 0.0616274 0.0586756 0.0551871 0.05145 0.0476828 0.0440259 0.040522 0.0370897 0.033524 0.0295659 0.0250472 0.0200407 0.0149056
 0.00663136 0.0108623 0.0165171 0.0235985 0.0319045 0.0408902 0.0496432 0.0571148 0.0625011 0.0654946 0.0662491 0.065168 0.0627148 0.0593232 0.0553675 0.0511518 0.0469029 0.0427674 0.0388009 0.0349533 0.031073 0.0269662 0.0225139 0.0177911 0.0130991
 0.00683872 0.0112069 0.0170495 0.0243704 0.0329583 0.042242 0.0512665 0.0589342 0.0644034 0.0673504 0.0679339 0.0665756 0.0637632 0.0599558 0.0555523 0.0508762 0.0461681 0.0415846 0.0371948 0.0329751 0.0288188 0.0245869 0.0202019 0.0157404 0.0114522
 0.00706353 0.0115725 0.0176 0.0251472 0.0339923 0.0435416 0.0528041 0.0606404 0.0661746 0.0690673 0.06948 0.067851 0.0646913 0.0604858 0.0556572 0.0505485 0.0454142 0.0404221 0.0356551 0.0311133 0.0267275 0.0224035 0.0180973 0.0138837 0.00996612
 0.0072709 0.0119126 0.0181171 0.0258833 0.0349779 0.0447811 0.0542624 0.0622398 0.0678077 0.0706189 0.0708471 0.068952 0.0654677 0.0608996 0.0556882 0.0501916 0.0446773 0.039324 0.0342287 0.0294133 0.0248407 0.0204534 0.0162325 0.0122487 0.00866325
 0.00747143 0.0122418 0.0186183 0.0265978 0.035936 0.0459877 0.0556827 0.0637947 0.0693856 0.0720979 0.0721175 0.0699305 0.0661021 0.0611664 0.0555865 0.0497347 0.0438866 0.0382269 0.0328616 0.0278296 0.0231195 0.0187029 0.0145796 0.0108135 0.0075282
 0.00754743 0.0123704 0.0188219 0.0269026 0.0363689 0.0465706 0.0564245 0.0646847 0.0703903 0.0731622 0.073169 0.070888 0.0668862 0.0617109 0.0558455 0.0496855 0.043527 0.0375716 0.0319408 0.0266915 0.0218354 0.0173676 0.0133021 0.00969557 0.00663996
 0.00757922 0.0124186 0.0188887 0.0269902 0.036482 0.0467201 0.0566289 0.064968 0.0707753 0.0736615 0.0737757 0.0715708 0.0675901 0.062364 0.0563716 0.050017 0.0436156 0.0373943 0.0315018 0.0260227 0.0209957 0.0164397 0.0123813 0.00887148 0.00597581
 0.00767505 0.0125616 0.01908 0.0272216 0.0367385 0.0469831 0.056881 0.065197 0.070979 0.0738499 0.0739698 0.0717939 0.067855 0.0626623 0.0566702 0.0502632 0.04375 0.0373658 0.031281 0.0256105 0.0204257 0.015774 0.0116982 0.00824739 0.00546639
 0.00772876 0.0126474 0.0192055 0.0273915 0.0369512 0.0472281 0.0571367 0.0654346 0.0711705 0.0739798 0.0740423 0.0718314 0.0678895 0.0627217 0.0567656 0.0503818 0.0438562 0.037411 0.0312194 0.0254151 0.0200997 0.0153515 0.011236 0.0078073 0.00509724
 0.00777725 0.0127188 0.0192996 0.0275036 0.0370748 0.0473573 0.0572679 0.0655646 0.0712945 0.0740892 0.0741271 0.0718854 0.0679156 0.0627326 0.0567787 0.0504094 0.0438957 0.037442 0.0312092 0.0253323 0.0199289 0.0151025 0.0109416 0.0075116 0.00483982
 0.0078039 0.0127581 0.019351 0.0275638 0.0371375 0.0474151 0.0573141 0.0655951 0.0713098 0.074095 0.0741322 0.0718979 0.0679391 0.0627669 0.0568219 0.0504601 0.0439513 0.0374943 0.0312423 0.0253253 0.0198655 0.0149802 0.0107759 0.00733065 0.00467307
 0.00785932 0.0128431 0.019469 0.0277137 0.0373131 0.0476048 0.0575007 0.0657578 0.0714282 0.0741553 0.0741313 0.0718444 0.0678497 0.0626606 0.0567151 0.0503636 0.0438699 0.0374267 0.0311811 0.0252588 0.0197815 0.0148727 0.0106491 0.00719827 0.00455226
 0.0078636 0.0128533 0.0194904 0.0277527 0.0373756 0.0476927 0.0576098 0.0658772 0.0715427 0.0742496 0.0741939 0.0718694 0.0678381 0.0626197 0.056656 0.0502981 0.0438074 0.037372 0.0311329 0.0252113 0.019727 0.014806 0.0105707 0.00711515 0.0044747
 0.00788222 0.0128736 0.0195031 0.0277444 0.0373343 0.0476152 0.057507 0.0657723 0.0714627 0.0742139 0.0742078 0.0719243 0.0679171 0.062705 0.0567344 0.0503633 0.0438586 0.0374111 0.0311616 0.0252287 0.0197306 0.0147936 0.0105432 0.00707755 0.00443453
 0.00789955 0.0128988 0.0195349 0.0277783 0.0373617 0.0476244 0.0574849 0.0657099 0.0713607 0.0740872 0.0740826 0.0718292 0.067872 0.0627138 0.0567864 0.0504404 0.0439429 0.0374899 0.0312277 0.0252789 0.0197634 0.0148088 0.0105425 0.00706512 0.00441609
 0.00788431 0.0128763 0.019505 0.0277424 0.0373218 0.047582 0.0574401 0.0656608 0.0713043 0.0740214 0.0740094 0.0717573 0.0678159 0.0626895 0.0568041 0.0504998 0.0440336 0.0375954 0.031332 0.02537 0.0198343 0.0148574 0.0105703 0.00707626 0.00441627
 0.00787858 0.0128618 0.019474 0.0276852 0.0372307 0.0474559 0.0572879 0.0655009 0.0711586 0.0739077 0.0739363 0.0717245 0.0678182 0.0627222 0.0568654 0.0505891 0.044148 0.0377274 0.0314693 0.0254991 0.0199442 0.0149417 0.0106282 0.00711111 0.00443395
 0.00788421 0.0128695 0.0194826 0.0276917 0.0372297 0.0474397 0.0572481 0.065431 0.0710585 0.0737862 0.0738103 0.0716136 0.0677385 0.0626816 0.0568642 0.0506231 0.0442113 0.0378128 0.0315684 0.0256015 0.0200391 0.0150208 0.010687 0.00714996 0.0044564
 0.00785042 0.0128143 0.0193994 0.027575 0.0370771 0.0472547 0.0570418 0.0652215 0.0708661 0.0736287 0.0736995 0.0715558 0.0677361 0.062734 0.0569672 0.0507683 0.0443866 0.0380047 0.031763 0.0257861 0.0202028 0.0151557 0.0107894 0.00722092 0.00450089
 0.0078547 0.0128153 0.0193898 0.0275443 0.0370139 0.0471512 0.0568976 0.0650452 0.0706743 0.0734419 0.0735379 0.0714356 0.0676676 0.0627212 0.0570084 0.0508577 0.0445151 0.0381604 0.0319322 0.0259546 0.0203579 0.0152875 0.0108925 0.00729458 0.00454868
 0.00782313 0.0127678 0.019325 0.0274626 0.0369165 0.0470382 0.0567679 0.0648986 0.0705138 0.0732765 0.0733831 0.07131 0.0675882 0.0626992 0.0570471 0.0509526 0.044656 0.0383334 0.0321218 0.0261449 0.0205345 0.0154391 0.0110124 0.00738156 0.00460615
 0.00778911 0.0127137 0.0192461 0.0273561 0.0367827 0.0468821 0.0566001 0.0647332 0.0703647 0.0731532 0.0732891 0.0712454 0.0675538 0.0626985 0.0570854 0.0510333 0.0447777 0.038489 0.032299 0.0263287 0.0207096 0.0155928 0.0111364 0.00747304 0.00466764
 0.00776067 0.0126646 0.0191671 0.0272376 0.0366176 0.0466702 0.0563521 0.0644709 0.070117 0.0729482 0.0731473 0.0711757 0.0675542 0.0627596 0.0571955 0.0511821 0.0449568 0.0386904 0.0325131 0.0265432 0.0209112 0.0157689 0.0112786 0.00757849 0.00473897
 0.00773612 0.0126205 0.0190933 0.0271218 0.0364487 0.0464431 0.056072 0.0641557 0.0697953 0.0726541 0.0729136 0.0710282 0.0675063 0.0628111 0.0573337 0.0513867 0.0452054 0.0389625 0.032791 0.0268117 0.0211564 0.0159794 0.0114471 0.00770299 0.00482322
 0.00930002 0.0148096 0.021735 0.0298368 0.0387606 0.0479533 0.0565992 0.0637632 0.0687127 0.0711616 0.0712563 0.0693825 0.0659838 0.0614737 0.0562082 0.0504747 0.0444922 0.0384239 0.0323997 0.0265404 0.0209795 0.0158731 0.0113897 0.00767637 0.00481349
 0.00930052 0.0150983 0.0226764 0.0318815 0.0422485 0.0528483 0.0623206 0.0692795 0.0729061 0.073267 0.0711133 0.0673807 0.0627945 0.0577647 0.0524776 0.0470204 0.0414567 0.0358539 0.0302913 0.024865 0.0196954 0.0149305 0.0107329 0.00724588 0.00455061
 0.00895194 0.014553 0.021917 0.030962 0.0413458 0.0522954 0.0625661 0.0707268 0.0756717 0.0770008 0.0750428 0.0706024 0.0646494 0.0580667 0.0514845 0.0452225 0.0393461 0.0337903 0.0284761 0.0233781 0.018544 0.0140843 0.0101444 0.00686141 0.00431652
 0.00878079 0.0142626 0.0214584 0.0302861 0.0404226 0.0511489 0.0613162 0.0696159 0.0750419 0.0771977 0.0762606 0.0727411 0.0672857 0.0605919 0.0533494 0.0461463 0.0393713 0.033183 0.0275647 0.0224295 0.017717 0.0134422 0.00968852 0.00656245 0.00413527
 0.00871457 0.0141503 0.0212796 0.0300157 0.0400326 0.0506142 0.0606265 0.068794 0.0741653 0.0764151 0.0757817 0.0727827 0.0679751 0.0618739 0.0549647 0.0477163 0.0405544 0.0338063 0.0276581 0.0221605 0.0172868 0.0130074 0.00933403 0.00631229 0.00397799
 0.00869287 0.0141114 0.0212141 0.0299113 0.0398753 0.0503904 0.060325 0.0684091 0.0737005 0.0758922 0.0752541 0.0723456 0.0677569 0.061995 0.0554746 0.0485441 0.0415144 0.0346698 0.0282513 0.0224271 0.0172837 0.0128489 0.00912987 0.00613267 0.00384989
 0.00869076 0.0141075 0.0212069 0.0298982 0.0398517 0.0503488 0.0602552 0.0682985 0.0735368 0.0756673 0.0749704 0.0720239 0.0674438 0.0617632 0.0554056 0.0486935 0.0418752 0.0351601 0.0287431 0.0228037 0.0174876 0.0128935 0.00907317 0.00603871 0.00376274
 0.00867872 0.0140898 0.0211836 0.0298706 0.0398216 0.0503175 0.0602224 0.0682614 0.0734897 0.0756016 0.0748764 0.0718955 0.0672847 0.0615935 0.0552638 0.0486286 0.0419262 0.0353329 0.0289994 0.0230745 0.0177052 0.0130211 0.0091141 0.00602278 0.00372435
 0.00866927 0.0140741 0.0211596 0.0298365 0.0397768 0.0502637 0.060164 0.0682047 0.0734408 0.0755631 0.0748457 0.0718649 0.0672452 0.0615403 0.055202 0.0485762 0.0419097 0.0353748 0.0291043 0.023222 0.0178581 0.0131435 0.0091876 0.00605043 0.00372248
 0.00867451 0.0140808 0.0211662 0.0298403 0.0397745 0.0502521 0.0601415 0.068172 0.0734006 0.0755198 0.074804 0.0718278 0.0672125 0.0615091 0.0551697 0.0485439 0.0418855 0.0353718 0.0291332 0.0232833 0.0179392 0.0132241 0.00924992 0.00608696 0.00373652
 0.00867065 0.0140782 0.0211689 0.0298536 0.039803 0.0502968 0.0601971 0.0682278 0.073444 0.0755408 0.0747985 0.071798 0.0671648 0.0614511 0.0551076 0.0484829 0.0418306 0.0353293 0.02911 0.0232834 0.0179603 0.0132571 0.0092833 0.00611198 0.00375031
 0.00863545 0.0140239 0.021093 0.0297569 0.0396903 0.0501779 0.0600865 0.0681421 0.0733967 0.0755375 0.0748346 0.0718611 0.0672402 0.0615266 0.0551761 0.0485418 0.0418807 0.0353733 0.0291518 0.0233264 0.0180055 0.0133024 0.00932403 0.00614378 0.00377135
 0.00864579 0.0140348 0.0210987 0.0297485 0.0396587 0.050118 0.0600005 0.0680406 0.0732963 0.0754555 0.0747842 0.0718478 0.0672612 0.0615723 0.0552344 0.0486019 0.0419358 0.0354211 0.0291932 0.0233638 0.0180408 0.0133357 0.00935388 0.00616796 0.00378855
 0.00863461 0.0140194 0.0210802 0.0297289 0.0396391 0.0500964 0.0599716 0.0679976 0.0732351 0.0753794 0.0747043 0.0717804 0.0672209 0.0615671 0.0552632 0.0486559 0.0420032 0.035491 0.0292584 0.023421 0.0180896 0.0133765 0.00938684 0.00619313 0.0038062
 0.00860013 0.013969 0.0210151 0.0296541 0.0395625 0.0500268 0.0599163 0.0679604 0.0732155 0.0753725 0.0747034 0.0717803 0.0672213 0.061573 0.0552816 0.0486917 0.0420558 0.0355549 0.0293259 0.0234851 0.0181457 0.0134226 0.00942271 0.00621942 0.00382413
 0.00860013 0.013969 0.0210151 0.0296541 0.0395625 0.0500268 0.0599163 0.0679604 0.0732155 0.0753725 0.0747034 0.0717803 0.0672213 0.061573 0.0552816 0.0486917 0.0420558 0.0355549 0.0293259 0.0234851 0.0181457 0.0134226 0.00942271 0.00621942 0.00382413
 0.00884883 0.0143558 0.021563 0.030369 0.0404277 0.0509977 0.0609164 0.0688864 0.0739556 0.0758333 0.0748328 0.0715764 0.0667275 0.0608639 0.0544463 0.0478174 0.0412152 0.0347992 0.0286833 0.022965 0.0177442 0.0131278 0.00921796 0.00608608 0.00374342
 0.00898457 0.0145953 0.0219566 0.0309707 0.0412771 0.0520935 0.0621952 0.0702219 0.0751848 0.0767986 0.0754182 0.0717268 0.0664493 0.0602151 0.053521 0.0467279 0.0400733 0.0337009 0.027699 0.0221364 0.0170863 0.0126351 0.00887105 0.0058576 0.00360365
 0.00901834 0.0146596 0.0220724 0.031167 0.0415889 0.0525552 0.0628291 0.0710239 0.0761125 0.0777661 0.0763065 0.0724084 0.0668209 0.0602243 0.0531761 0.0460909 0.0392408 0.0327811 0.0267916 0.0213178 0.0164036 0.0121061 0.0084899 0.00560282 0.00344628
 0.00841367 0.0137023 0.0206855 0.0293123 0.0392934 0.0499431 0.060143 0.0686072 0.0743361 0.0769236 0.0765262 0.0736216 0.0687929 0.0626264 0.0556713 0.0484049 0.041202 0.0343243 0.0279338 0.022123 0.0169502 0.0124662 0.00872059 0.00574566 0.00353077
 0.008165 0.0132389 0.0198811 0.0280194 0.0373871 0.047388 0.0570551 0.0652699 0.0711548 0.0743356 0.0749024 0.0731887 0.0695882 0.0644939 0.0583012 0.0514112 0.0442119 0.0370511 0.0302112 0.0238994 0.0182569 0.0133784 0.00932619 0.00612709 0.00375722
 0.00848247 0.0137261 0.0205528 0.0288501 0.0382927 0.0482123 0.0575753 0.0652427 0.0704017 0.072837 0.072844 0.0709266 0.067544 0.0630269 0.0576108 0.0514992 0.0449123 0.0381057 0.0313586 0.0249427 0.0190906 0.0139791 0.0097225 0.00636907 0.00389472
 0.00868339 0.0140865 0.0211546 0.0297815 0.0396156 0.0499133 0.0595222 0.067176 0.0719797 0.0737227 0.0728055 0.0699159 0.0657259 0.0607429 0.0552815 0.0495004 0.0434743 0.0372759 0.0310336 0.0249437 0.0192419 0.0141562 0.00986356 0.00645939 0.00394372
 0.00898164 0.0145775 0.0219053 0.0308586 0.041072 0.0517647 0.0617178 0.0695775 0.0743602 0.0757909 0.0742514 0.0704757 0.0652551 0.0592737 0.0530355 0.0468394 0.0408003 0.034921 0.0291858 0.0236353 0.0183929 0.01364 0.00956111 0.00628411 0.00384248
 0.00899276 0.0146277 0.0220412 0.0311461 0.0415841 0.0525593 0.0628166 0.0709537 0.0759379 0.0774486 0.0758265 0.0717722 0.0660684 0.0594361 0.0524735 0.0456158 0.0391134 0.033051 0.0274103 0.0221521 0.0172849 0.0128897 0.00909368 0.00601199 0.0036924
 0.00884409 0.0143897 0.0216933 0.0306817 0.0410234 0.0519649 0.0622994 0.0706583 0.0760029 0.0779568 0.0767682 0.0730381 0.0674701 0.0607459 0.0534736 0.0461511 0.0391349 0.0326295 0.0267087 0.0213646 0.0165723 0.0123407 0.00872409 0.00579086 0.00357297
 0.00880262 0.0143005 0.0215195 0.0303773 0.0405475 0.0513041 0.0614895 0.0697932 0.0752231 0.0774201 0.0766101 0.0733332 0.0682038 0.0618078 0.0546792 0.0472877 0.0400191 0.0331576 0.0268784 0.0212606 0.0163216 0.0120613 0.00849121 0.00563124 0.00347965
 0.00890427 0.0144521 0.0217201 0.0306118 0.0407835 0.051492 0.0615679 0.0697034 0.0749337 0.0769518 0.0760456 0.0728015 0.0678412 0.0617096 0.0548639 0.0476887 0.0405086 0.0335941 0.0271579 0.0213479 0.0162489 0.0118993 0.00831208 0.00548235 0.00337792
 0.00906486 0.0147139 0.0221135 0.0311602 0.0414917 0.0523309 0.0624621 0.0705341 0.0755624 0.0772592 0.0759698 0.0723601 0.0671294 0.0608748 0.0540615 0.0470345 0.0400475 0.0332989 0.0269577 0.0211704 0.0160534 0.0116851 0.00810397 0.00530797 0.00325189
 0.00889957 0.0144684 0.021789 0.0307773 0.0410912 0.0519688 0.0622024 0.0704346 0.0756552 0.0775319 0.0763613 0.0727777 0.0674832 0.0611118 0.0541823 0.0470835 0.0400835 0.0333617 0.0270517 0.0212703 0.0161268 0.0117137 0.00809118 0.0052716 0.00321136
#pred catch len freq
 0.00313954 0.00511835 0.00776364 0.011132 0.0152679 0.0201505 0.0256351 0.0314499 0.0372556 0.0427161 0.0475467 0.0515474 0.054628 0.0568091 0.0581957 0.0589439 0.0592375 0.0592534 0.0590805 0.0585852 0.0573031 0.054501 0.0495013 0.0421469 0.0330917
 0.00333608 0.0053818 0.00805836 0.011395 0.0154321 0.0201785 0.0255399 0.0312872 0.0370888 0.0425793 0.0474316 0.0514245 0.054484 0.0566757 0.0581485 0.0590706 0.0595873 0.0597943 0.059686 0.0590666 0.0574805 0.0542831 0.0489275 0.0413675 0.0322952
