SBPRF35
9.70368
Curr Bio
616845
B35
780440
F35
0.191146
FOFL
0.153948
OFL
79020.9
Bzero
2.77248e+06
#pred survey bio
 4.15924e+06 4.00642e+06 3.84471e+06 3.62143e+06 3.34925e+06 3.04651e+06 2.75099e+06 2.47476e+06 2.18299e+06 1.9577e+06 1.72442e+06 1.52165e+06 1.33014e+06 1.19474e+06 1.06311e+06 938038 825807 761745 713388 672151 648116 613586 603107 593542 580756 577146 569496 571957 572419 573580 573341 577577 585207 589403 571511 553386 545946 541423 528820 538190 537612 549564 557025 560674 568349 578267 586921 601434 608140 623223 2.24751e+07 1.36161e+07 1.39794e+07 1.47907e+07 1.58617e+07 1.69895e+07 1.80374e+07 1.89377e+07 1.96717e+07 2.02489e+07 2.0692e+07 2.10264e+07 2.12763e+07 2.14619e+07 2.15993e+07 2.17012e+07 2.17769e+07 2.18332e+07 2.18755e+07 2.19072e+07 2.19313e+07 2.19495e+07 2.19635e+07 2.19742e+07 2.19825e+07 2.19889e+07 2.19939e+07 2.19978e+07 2.20008e+07 2.20032e+07 2.20051e+07 2.20065e+07 2.20077e+07 2.20086e+07 2.20093e+07 2.20099e+07 2.20103e+07 2.20107e+07 2.2011e+07 2.20112e+07 2.20114e+07 2.20115e+07 2.20116e+07 2.20117e+07 2.20118e+07 2.20119e+07 2.20119e+07 2.20119e+07 2.2012e+07 2.2012e+07 2.2012e+07 2.2012e+07 2.2012e+07 2.2012e+07 2.20121e+07 2.20121e+07 2.20121e+07 2.20121e+07 2.20121e+07 2.20121e+07 2.20121e+07 2.20121e+07 2.20121e+07 2.20121e+07 2.20121e+07 2.20121e+07 2.20121e+07 2.20121e+07 2.20121e+07 2.20121e+07 2.20121e+07 2.20121e+07 2.20121e+07 2.20121e+07 2.20121e+07 2.20121e+07 2.20121e+07 2.20121e+07 2.20121e+07 2.20121e+07 2.20121e+07 2.20121e+07 2.20121e+07 2.20121e+07 2.20121e+07 2.20121e+07 2.20121e+07 2.20121e+07 2.20121e+07 2.20121e+07 2.20121e+07 2.20121e+07 2.20121e+07 2.20121e+07 2.20121e+07 2.20121e+07 2.20121e+07 2.20121e+07 2.20121e+07 2.20121e+07 0 0 0 0 0 0 0 0 0 0 0 0 0 0 0 0 0 0 0 0 0 0 0 0 0
#obs survey bio
 2.36813e+06 3.59701e+06 5.28769e+06 2.51215e+06 2.30442e+06 3.01792e+06 2.40326e+06 2.03057e+06 1.58531e+06 1.72289e+06 1.93315e+06 1.24961e+06 1.17568e+06 1.04982e+06 1.07404e+06 882701 780533 499606 528900 859478 355354 430691 427557 660700 572532 460036 533483 524079 588111 510428 516729 460711 839129 604269 612061 665349 521294 722068 406099 477758 566431 481605 431678 639034 654586 698563 461302 549822 576812 748856
#pred catch bio
 87683.4 94222.4 156207 214758 263064 280419 287341 324121 283505 305616 289328 286611 242118 241608 235517 221514 177286 161489 151571 133088 138567 115953 114059 115087 105955 108291 98871.4 99940.2 98486.9 98309.9 92921.3 88622.5 89619.5 104696 100424 89944.4 90195.3 100241 83756 92882.4 82506.2 87259.7 91181.3 88401.1 87520.1 90078.4 87272.2 95893 89892.4 85872.1 79020.9 97192.3 98604.2 103135 110069 117594 124551 130421 135083 138632 141248 143130 144461 145387 146025 146460 146755 146954 147087 147176 147235 147274 147300 147317 147329 147336 147341 147344 147346 147348 147349 147349 147350 147350 147350 147350 147350 147350 147350 147350 147350 147351 147351 147351 147351 147351 147351 147351 147351 147351 147351 147351 147351 147351 147351 147351 147351 147351 147351 147351 147351 147351 147351 147351 147351 147351 147351 147351 147351 147351 147351 147351 147351 147351 147351 147351 147351 147351 147351 147351 147351 147351 147351 147351 147351 147351 147351 147351 147351 147351 147351 147351 147351 147351 147351 147351 147351 147351 147351 147351 0 0 0 0 0 0 0 0 0 0 0 0 0 0 0 0 0 0 0 0 0 0 0 0 0
#obs catch bio
 0 94017.9 156603 215636 265107 282902 290884 330778 289059 312030 294593 293216 246289 247021 240384 226441 180233 165479 155234 134287 140942 117669 116054 116860 107082 110036 100136 101182 99532.1 99695.4 93843.4 89347.1 90087 105147 100955 89901.8 90392.6 100161 83839.4 93009 81808.8 86867.9 91137.7 88237 87159.4 89617.7 87109.1 95966.6 90115.1 85823.5
#pred cpue bio
 4.09874e+06 3.94921e+06 3.79e+06 3.5677e+06 3.29624e+06 2.99441e+06 2.69983e+06 2.42457e+06 2.13447e+06 1.91054e+06 1.67928e+06 1.4784e+06 1.28898e+06 1.15496e+06 1.02505e+06 902008 791950 729162 682116 642508 619596 586098 575860 566679 554477 551110 543789 546362 547021 548378 548537 553121 561010 565676 548914 531774 524007 518187 504982 514092 513999 525841 532990 536412 543870 553478 561666 575468 581768 596644 2.15652e+07 1.30872e+07 1.3342e+07 1.40287e+07 1.50557e+07 1.61729e+07 1.72187e+07 1.81186e+07 1.88525e+07 1.94297e+07 1.98728e+07 2.02072e+07 2.04571e+07 2.06427e+07 2.07801e+07 2.0882e+07 2.09577e+07 2.1014e+07 2.10563e+07 2.1088e+07 2.11121e+07 2.11303e+07 2.11443e+07 2.1155e+07 2.11633e+07 2.11697e+07 2.11747e+07 2.11786e+07 2.11816e+07 2.1184e+07 2.11859e+07 2.11873e+07 2.11885e+07 2.11894e+07 2.11901e+07 2.11907e+07 2.11911e+07 2.11915e+07 2.11918e+07 2.1192e+07 2.11922e+07 2.11923e+07 2.11924e+07 2.11925e+07 2.11926e+07 2.11927e+07 2.11927e+07 2.11927e+07 2.11928e+07 2.11928e+07 2.11928e+07 2.11928e+07 2.11928e+07 2.11928e+07 2.11928e+07 2.11929e+07 2.11929e+07 2.11929e+07 2.11929e+07 2.11929e+07 2.11929e+07 2.11929e+07 2.11929e+07 2.11929e+07 2.11929e+07 2.11929e+07 2.11929e+07 2.11929e+07 2.11929e+07 2.11929e+07 2.11929e+07 2.11929e+07 2.11929e+07 2.11929e+07 2.11929e+07 2.11929e+07 2.11929e+07 2.11929e+07 2.11929e+07 2.11929e+07 2.11929e+07 2.11929e+07 2.11929e+07 2.11929e+07 2.11929e+07 2.11929e+07 2.11929e+07 2.11929e+07 2.11929e+07 2.11929e+07 2.11929e+07 2.11929e+07 2.11929e+07 2.11929e+07 2.11929e+07 2.11929e+07 2.11929e+07 2.11929e+07 2.11929e+07 2.11929e+07 0 0 0 0 0 0 0 0 0 0 0 0 0 0 0 0 0 0 0 0 0 0 0 0 0
#obs cpue bio
 2.82848e+06 3.77809e+06 3.46848e+06 3.42218e+06 2.9011e+06 2.43078e+06 1.71079e+06 1.90168e+06 1.64328e+06 2.56167e+06 1.3983e+06 1.24418e+06 1.26298e+06 875011 925299 725057 663009 511426 693692 809051 704495 549486 561659 500945 537673 442020 482179 543815 492699 409657 643241 645422 430295 723062 417426 588133 441112 604824 413237 757115 929685 510985 534268 513564 593422 563509 505540 609316 468932 637855
#pred surv len freq
 0.00468835 0.00766975 0.0116504 0.0166438 0.0225426 0.0290292 0.0355545 0.041481 0.0463262 0.0499224 0.0523872 0.0539784 0.0549609 0.055539 0.0558325 0.0558757 0.0556318 0.0550125 0.0538787 0.0520168 0.0491241 0.0448749 0.0391012 0.0320103 0.0242682
 0.00489851 0.00791379 0.0118424 0.0166566 0.0222585 0.0284103 0.0346879 0.040559 0.0455617 0.0494478 0.0522008 0.0539657 0.0549712 0.0554685 0.0556737 0.0557164 0.0556098 0.0552462 0.0544051 0.0527648 0.0499405 0.0455905 0.0396013 0.03227 0.0243392
 0.00512921 0.00829486 0.012419 0.0174535 0.0232503 0.0294914 0.0356687 0.0412146 0.0457267 0.0491019 0.0514813 0.0530892 0.054119 0.0547166 0.0550068 0.0550973 0.0550438 0.0547925 0.0541353 0.052705 0.0500421 0.0457507 0.0397172 0.0322875 0.0242657
 0.00536762 0.00868025 0.012996 0.0182646 0.0243287 0.0308456 0.0372571 0.0429213 0.0473562 0.0504122 0.0522532 0.0532071 0.053615 0.053745 0.0537658 0.0537531 0.0537027 0.0535211 0.0529877 0.0517253 0.0492459 0.0451155 0.0391979 0.031846 0.0238892
 0.00562062 0.00909083 0.0136128 0.0191331 0.0254836 0.0322986 0.0389829 0.0448486 0.0493681 0.0523515 0.0539311 0.054423 0.0541968 0.0536026 0.0529269 0.0523545 0.0519395 0.0515883 0.0510443 0.0498864 0.0475879 0.0436811 0.0380024 0.0308877 0.0231568
 0.00590939 0.0095544 0.0143 0.0200863 0.0267333 0.0338523 0.0408134 0.0468874 0.0515111 0.0544719 0.0558897 0.0560711 0.0553788 0.0541705 0.052773 0.0514501 0.0503569 0.0494888 0.0486383 0.0473871 0.0451788 0.0415018 0.0361461 0.0294022 0.0220473
 0.00619256 0.0100123 0.0149847 0.0210449 0.0279996 0.0354342 0.0426787 0.0489599 0.0536808 0.0566153 0.0578862 0.0578073 0.0567435 0.0550489 0.0530507 0.0510333 0.0492056 0.0476476 0.0462455 0.0446552 0.0423534 0.0388175 0.0337901 0.0274915 0.0206206
 0.00642251 0.0103922 0.0155679 0.0218857 0.0291434 0.0369013 0.0444481 0.050962 0.0558074 0.05874 0.0598844 0.0595676 0.0581683 0.0560491 0.0535385 0.0509221 0.048424 0.046169 0.0441213 0.0420324 0.0394632 0.0359324 0.0311661 0.0253148 0.0189764
 0.00669963 0.0108399 0.0162371 0.0228231 0.0303843 0.0384582 0.0462958 0.0530308 0.0579889 0.0609044 0.0619 0.0613155 0.0595502 0.0569876 0.0539713 0.050793 0.0476809 0.0447768 0.0420915 0.039457 0.0365303 0.0329069 0.0283338 0.0229113 0.017132
 0.00690473 0.0111716 0.0167336 0.0235205 0.0313118 0.0396302 0.0477025 0.0546326 0.0597199 0.0626817 0.0636322 0.0629084 0.0609103 0.0580258 0.0546058 0.0509506 0.0472983 0.0438072 0.0405238 0.0373445 0.0340148 0.0302152 0.0257362 0.0206522 0.0153654
 0.0071905 0.011629 0.017408 0.0244486 0.032514 0.0410993 0.049393 0.0564593 0.0615714 0.064444 0.0652093 0.0642297 0.0619267 0.0587003 0.0549038 0.050834 0.0467246 0.0427369 0.0389391 0.035278 0.031576 0.0275977 0.0231869 0.0184091 0.0135907
 0.00745201 0.0120523 0.0180415 0.0253353 0.0336826 0.0425504 0.0510848 0.0583032 0.0634447 0.0662143 0.0667589 0.0654712 0.0628069 0.0591951 0.0550075 0.0505452 0.0460355 0.0416328 0.0374114 0.0333499 0.0293318 0.0251954 0.0208385 0.0163283 0.0119304
 0.00779795 0.0125976 0.0188304 0.0263976 0.0350286 0.044164 0.0529135 0.0602539 0.0653925 0.0680221 0.0683 0.0666457 0.0635511 0.0594835 0.0548466 0.0499618 0.0450613 0.040294 0.0357312 0.0313657 0.0271203 0.0228888 0.0186146 0.014369 0.0103683
 0.00800006 0.0129292 0.0193347 0.0271157 0.0359904 0.0453742 0.0543389 0.061821 0.0669994 0.0695601 0.0696703 0.0677662 0.0643572 0.059928 0.0549024 0.0496227 0.0443399 0.0392157 0.0343311 0.0296937 0.0252545 0.0209457 0.0167425 0.012718 0.00904848
 0.00819181 0.0132469 0.0198238 0.0278217 0.0369491 0.046596 0.0557928 0.0634286 0.068646 0.0711166 0.0710175 0.0688115 0.0650411 0.0602232 0.0548066 0.0491506 0.0435167 0.0380749 0.032915 0.0280596 0.0234824 0.0191433 0.0150376 0.0112342 0.00787242
 0.00838978 0.0135707 0.0203147 0.0285194 0.0378839 0.0477763 0.0571913 0.0649759 0.0702374 0.0726296 0.0723315 0.0698244 0.0656814 0.0604552 0.0546296 0.0485911 0.0426178 0.0368875 0.0314951 0.0264718 0.0218068 0.0174786 0.0134934 0.00991084 0.00683587
 0.00867681 0.0140164 0.0209466 0.0293497 0.0389091 0.0489762 0.0585258 0.0663821 0.0716329 0.073922 0.0734305 0.0706514 0.0661767 0.0605835 0.0543827 0.0479871 0.0416961 0.035702 0.0301091 0.0249565 0.0202431 0.0159576 0.012109 0.00874365 0.00593368
 0.00869419 0.0140615 0.0210457 0.0295374 0.03922 0.0494318 0.0591242 0.0670971 0.0724229 0.0747426 0.0742398 0.0714078 0.0668325 0.0610837 0.0546717 0.0480205 0.0414517 0.0351853 0.0293533 0.0240182 0.0191978 0.0148923 0.011112 0.00788904 0.00526678
 0.00857215 0.0138868 0.0208278 0.0293039 0.0390132 0.0493017 0.0591192 0.0672545 0.0727602 0.0752502 0.0748809 0.0721262 0.0675641 0.061765 0.0552435 0.0484292 0.0416534 0.0351537 0.0290873 0.0235466 0.0185768 0.0141975 0.0104246 0.00727988 0.00478174
 0.00868909 0.0140305 0.0209601 0.0293648 0.0389429 0.0490726 0.0587603 0.0668504 0.0724223 0.0750774 0.0749284 0.0723953 0.0680112 0.0623193 0.0558248 0.0489605 0.0420686 0.0354033 0.0291444 0.0234117 0.0182802 0.0137945 0.00998335 0.00686494 0.00443911
 0.00881614 0.0142188 0.021207 0.0296493 0.0392232 0.0492886 0.0588428 0.0667423 0.0721073 0.0746019 0.0743989 0.0719445 0.0677492 0.0622964 0.0560215 0.0493053 0.0424666 0.0357629 0.0293957 0.0235168 0.0182362 0.0136303 0.00974843 0.0066139 0.0042161
 0.0089888 0.0144977 0.0216216 0.0302206 0.0399534 0.0501462 0.0597515 0.0675828 0.0727411 0.0749112 0.0743262 0.0715154 0.0670666 0.0615069 0.0552683 0.0486854 0.0420122 0.0354489 0.0291654 0.0233115 0.0180166 0.0133853 0.00949176 0.0063717 0.00401301
 0.0089518 0.0144434 0.0215521 0.0301452 0.0398904 0.0501231 0.0598005 0.0677308 0.0729938 0.0752396 0.0746667 0.0717883 0.0672069 0.061493 0.05513 0.0484883 0.0418252 0.0353151 0.0290895 0.0232685 0.0179728 0.0133176 0.00939667 0.00626232 0.00390837
 0.00889172 0.0143534 0.0214311 0.029998 0.0397274 0.0499595 0.0596566 0.0676315 0.0729665 0.0753064 0.074834 0.0720372 0.0674928 0.0617574 0.0553229 0.0485879 0.041844 0.0352872 0.0290494 0.0232342 0.0179434 0.013283 0.00934982 0.00620506 0.00384953
 0.00898 0.0144728 0.0215665 0.030121 0.0398052 0.0499688 0.0595938 0.0675148 0.0728278 0.0751805 0.0747494 0.0720109 0.0675271 0.0618384 0.0554228 0.0486738 0.0418912 0.0352884 0.0290145 0.0231807 0.0178857 0.0132276 0.00929738 0.00615565 0.0038052
 0.00894498 0.0144282 0.0215211 0.0300874 0.0397929 0.0499745 0.0595981 0.0674882 0.0727472 0.0750454 0.0745871 0.0718661 0.0674428 0.0618388 0.0555062 0.0488161 0.0420567 0.0354432 0.0291364 0.0232629 0.0179322 0.0132473 0.00929908 0.00614637 0.00379072
 0.00894151 0.0144216 0.0215101 0.0300719 0.0397758 0.0499633 0.0596029 0.0675166 0.0727966 0.0750991 0.0746198 0.0718575 0.067391 0.0617629 0.0554363 0.0487774 0.042058 0.0354761 0.0291829 0.0233053 0.0179604 0.0132591 0.00929776 0.00613728 0.00377873
 0.0088925 0.0143387 0.0213797 0.0298811 0.0395168 0.0496406 0.0592396 0.0671542 0.0724867 0.0748889 0.0745369 0.0719028 0.0675411 0.0619819 0.0556899 0.0490425 0.0423224 0.0357321 0.0294214 0.0235149 0.018131 0.013386 0.00938331 0.00618891 0.00380617
 0.00883462 0.0142527 0.0212649 0.0297407 0.0393553 0.0494605 0.0590404 0.0669359 0.0722562 0.0746648 0.074349 0.071784 0.0675156 0.0620559 0.05585 0.0492621 0.0425721 0.035987 0.0296634 0.0237312 0.0183124 0.0135275 0.00948449 0.00625463 0.00384452
 0.00868042 0.0140245 0.0209636 0.0293826 0.0389687 0.0490784 0.058694 0.0666504 0.0720475 0.0745381 0.074301 0.0718081 0.0676076 0.0622152 0.0560753 0.0495452 0.0428953 0.0363259 0.0299923 0.0240288 0.0185641 0.013726 0.00962987 0.00635259 0.00390475
 0.00860717 0.0138964 0.0207555 0.0290696 0.0385361 0.0485363 0.0580868 0.0660527 0.0715434 0.0741943 0.0741474 0.0718368 0.0677856 0.0625017 0.0564343 0.0499495 0.0433238 0.0367586 0.0304085 0.0244075 0.0188881 0.0139852 0.0098224 0.00648462 0.00398775
 0.00851672 0.0137522 0.0205433 0.0287766 0.0381523 0.0480569 0.0575191 0.0654231 0.0709021 0.0736118 0.0737016 0.0715922 0.0677742 0.062715 0.0568298 0.0504676 0.0439047 0.0373521 0.0309757 0.0249197 0.019325 0.0143353 0.0100841 0.00666576 0.00410295
 0.0083184 0.0134527 0.0201352 0.0282681 0.0375645 0.0474183 0.0568618 0.0647815 0.070312 0.073109 0.0733218 0.0713704 0.0677417 0.0628908 0.0572105 0.0510222 0.044579 0.0380812 0.0316972 0.025583 0.0198954 0.0147944 0.0104287 0.00690543 0.00425636
 0.00807483 0.013079 0.0196153 0.0276046 0.0367799 0.0465554 0.0559821 0.0639598 0.069622 0.0726062 0.0730322 0.0712933 0.0678617 0.0631903 0.0576736 0.0516301 0.0453021 0.0388746 0.032505 0.0263478 0.0205692 0.0153464 0.0108482 0.0071999 0.00444629
 0.00808231 0.0130748 0.0195791 0.027508 0.0365946 0.0462653 0.0555941 0.0635047 0.0691467 0.0721593 0.0726526 0.0710056 0.0676778 0.0631146 0.057709 0.0517789 0.0455629 0.0392359 0.0329403 0.0268168 0.0210263 0.0157511 0.0111743 0.00743913 0.00460574
 0.00882964 0.0141271 0.020861 0.0288456 0.037762 0.0470615 0.0559062 0.0633278 0.0685601 0.0712866 0.0716269 0.0699466 0.0666794 0.0622404 0.0569939 0.0512373 0.0451955 0.039034 0.032885 0.0268781 0.0211641 0.0159226 0.0113423 0.00757891 0.00470735
 0.00941056 0.0150602 0.0222342 0.030706 0.0400747 0.0496637 0.058488 0.0654793 0.0698936 0.0715768 0.0708883 0.0684032 0.0646588 0.0600596 0.0548915 0.049358 0.0436085 0.0377587 0.0319115 0.0261777 0.0206955 0.0156356 0.0111847 0.00750354 0.0046776
 0.00927665 0.0149512 0.0222716 0.0310708 0.0409607 0.0511987 0.060657 0.0680888 0.0725952 0.073945 0.0725277 0.0690557 0.0642726 0.0587903 0.0530333 0.047242 0.0415158 0.0358789 0.0303425 0.0249481 0.0197883 0.0150073 0.0107785 0.00726009 0.00454316
 0.00904578 0.0146109 0.0218312 0.0305794 0.0405165 0.0509505 0.0607882 0.0687717 0.0739179 0.0758384 0.074739 0.0711996 0.0659456 0.0596998 0.0530814 0.0465323 0.0402899 0.0344217 0.0289005 0.0236859 0.0187843 0.0142727 0.0102818 0.00695001 0.00436504
 0.00875906 0.0141466 0.0211389 0.0296228 0.0392925 0.0495165 0.059286 0.0674279 0.0730056 0.0756048 0.0753228 0.0725676 0.0678791 0.061844 0.0550492 0.0480225 0.0411672 0.0347259 0.028791 0.0233589 0.0184052 0.0139432 0.0100424 0.00679902 0.00428133
 0.00888389 0.0142976 0.0212691 0.0296534 0.0391308 0.0490867 0.0585614 0.0664512 0.0718927 0.074533 0.0745019 0.0721924 0.0680684 0.0625874 0.056193 0.0493109 0.0423291 0.0355664 0.0292431 0.0234761 0.0183078 0.013757 0.00985712 0.00665791 0.00419176
 0.00894839 0.0143955 0.0214006 0.0298066 0.0392752 0.0491685 0.0585062 0.0661813 0.0713588 0.0737495 0.0735657 0.0712718 0.0673606 0.062259 0.0563224 0.049856 0.0431387 0.0364349 0.0299859 0.0239881 0.0185794 0.0138463 0.0098447 0.00660995 0.00414593
 0.00891078 0.0143574 0.0213852 0.0298479 0.0394066 0.0494039 0.0588236 0.0665174 0.0716205 0.0738389 0.0734133 0.070867 0.0667687 0.0616115 0.0557786 0.0495465 0.0431157 0.0366554 0.0303373 0.0243425 0.0188457 0.0139939 0.00989332 0.00660116 0.00411722
 0.00888137 0.0143118 0.0213221 0.0297716 0.0393299 0.0493512 0.0588282 0.0666107 0.0718133 0.0741048 0.0736855 0.0710569 0.0668011 0.0614607 0.0554854 0.0492055 0.042836 0.0365131 0.0303461 0.0244577 0.0189961 0.0141198 0.0099678 0.00662806 0.00411543
 0.00891056 0.0143427 0.0213385 0.0297491 0.0392442 0.0491904 0.0586036 0.0663599 0.0715913 0.0739666 0.0736655 0.0711533 0.0669727 0.061642 0.0556147 0.0492547 0.042822 0.036484 0.0303506 0.0245174 0.0190986 0.0142328 0.0100613 0.00668828 0.00414513
 0.00899335 0.0144621 0.0214893 0.029914 0.0393959 0.0492965 0.0586329 0.0662911 0.0714221 0.0737207 0.0733909 0.0709087 0.0668058 0.0615705 0.0556217 0.0493012 0.0428702 0.0365165 0.0303735 0.0245474 0.019146 0.0142939 0.0101225 0.00673701 0.00417617
 0.00905647 0.0145659 0.0216464 0.0301344 0.0396807 0.049631 0.0589816 0.0666002 0.0716328 0.0737879 0.0732993 0.0706793 0.0664888 0.0612285 0.0553089 0.0490484 0.0426815 0.0363794 0.0302732 0.0244756 0.0191007 0.0142727 0.0101194 0.00674308 0.00418376
 0.00898752 0.0144703 0.0215336 0.0300247 0.0396014 0.0496084 0.059033 0.0667275 0.07182 0.0740019 0.0734968 0.0708184 0.0665436 0.061198 0.0552162 0.0489293 0.0425695 0.0362943 0.0302197 0.024449 0.0190932 0.0142778 0.0101316 0.00675749 0.00419649
 0.00877112 0.014165 0.0211609 0.0296348 0.0392612 0.0493801 0.058956 0.0668114 0.0720475 0.0743362 0.0738881 0.071211 0.0668847 0.0614484 0.0553594 0.0489735 0.0425422 0.0362306 0.0301498 0.0243916 0.0190552 0.0142579 0.0101248 0.00675828 0.00420038
 0.00821988 0.0133433 0.0200651 0.0283175 0.0378244 0.0479594 0.0577028 0.0658732 0.0715415 0.074319 0.0743386 0.0720376 0.0679538 0.0626188 0.0565097 0.0500178 0.0434341 0.0369588 0.0307267 0.0248403 0.0193991 0.0145161 0.010312 0.0068872 0.00428342
#obs surv len freq
 nan nan nan nan nan nan nan nan nan nan nan nan nan nan nan nan nan nan nan nan nan nan nan nan nan
 0.00448065 0.0073403 0.0111689 0.0159847 0.0216859 0.0279628 0.0342786 0.0400117 0.0446927 0.0481576 0.0505161 0.0520125 0.052905 0.0534176 0.0537321 0.0539871 0.0542658 0.0545586 0.0546974 0.0542893 0.0527272 0.0493592 0.0438086 0.0362883 0.0276714
 0.00462045 0.00756675 0.0115079 0.016459 0.0223097 0.0287337 0.0351692 0.0409664 0.0456351 0.0490043 0.0511925 0.0524635 0.0531018 0.053358 0.0534369 0.0534928 0.0536152 0.0537942 0.053858 0.0534117 0.0518501 0.0485254 0.0430625 0.0356676 0.0271971
 0.00477701 0.00782648 0.0119082 0.0170375 0.0230959 0.0297361 0.0363621 0.0422859 0.0469876 0.0502837 0.052297 0.0533076 0.0536228 0.0535205 0.0532353 0.0529493 0.0527744 0.0527146 0.0526052 0.0520556 0.0504657 0.0471932 0.0418626 0.0346659 0.02643
 0.00497014 0.00814096 0.0123829 0.0177095 0.0239952 0.0308746 0.0377223 0.043814 0.0485972 0.0518678 0.0537426 0.0545075 0.0544852 0.0539766 0.0532446 0.052503 0.0518954 0.0514545 0.0510407 0.0502842 0.0486029 0.0453667 0.0401985 0.0332676 0.0253555
 0.00519414 0.00850649 0.0129355 0.0184923 0.0250405 0.0321913 0.0392825 0.0455492 0.0504084 0.053644 0.0553761 0.0559005 0.0555501 0.0546367 0.0534379 0.0521889 0.0510623 0.0501263 0.0492813 0.0481996 0.0463386 0.0430956 0.0380981 0.0314856 0.0239779
 0.00541317 0.00886705 0.0134865 0.0192826 0.0261093 0.0335538 0.0409144 0.0473814 0.0523364 0.0555479 0.0571399 0.0574227 0.0567457 0.055434 0.0537757 0.0520164 0.0503446 0.0488564 0.0474951 0.0459892 0.0438567 0.040544 0.0356957 0.0294219 0.0223693
 0.00564868 0.00925279 0.0140726 0.020118 0.0272332 0.0349811 0.0426212 0.0492979 0.0543564 0.0575477 0.0589975 0.0590301 0.0580133 0.0562908 0.0541651 0.0518918 0.0496692 0.0476108 0.0456943 0.0437053 0.0412342 0.0377951 0.0330664 0.0271355 0.0205709
 0.00589764 0.00965949 0.0146884 0.0209921 0.0284035 0.0364598 0.0443794 0.0512607 0.0564128 0.0595723 0.0608695 0.0606446 0.0592845 0.0571503 0.0545591 0.0517771 0.0490108 0.0463863 0.043909 0.0414164 0.0385727 0.0349689 0.0303301 0.0247311 0.0186634
 0.00614129 0.01006 0.0152992 0.0218657 0.0295809 0.0379543 0.0461599 0.0532465 0.0584857 0.0615998 0.0627274 0.0622289 0.0605144 0.0579655 0.0549148 0.0516381 0.0483479 0.0451793 0.04216 0.0391727 0.0359521 0.0321675 0.027597 0.0223111 0.0167301
 0.00638827 0.0104634 0.0159099 0.0227324 0.0307414 0.0394206 0.0479031 0.0551904 0.0605165 0.0635867 0.0645442 0.0637676 0.0616917 0.0587229 0.0552138 0.0514539 0.0476627 0.0439817 0.0404553 0.0370046 0.033427 0.0294657 0.0249529 0.0199601 0.0148431
 0.00660746 0.0108272 0.0164713 0.0235448 0.0318477 0.0408355 0.0495958 0.0570797 0.0624835 0.0654997 0.06628 0.0652246 0.0627924 0.059413 0.0554588 0.051234 0.0469678 0.0428096 0.0388183 0.034947 0.0310474 0.026928 0.0224708 0.0177503 0.0130655
 0.00682371 0.0111801 0.0170053 0.0243028 0.0328637 0.0421226 0.0511322 0.0588019 0.0642924 0.0672768 0.0679064 0.0665952 0.0638249 0.0600509 0.0556695 0.0510029 0.0462917 0.041694 0.0372824 0.0330374 0.0288564 0.0246038 0.0202044 0.0157347 0.0114437
 0.00705097 0.0115509 0.0175652 0.0250942 0.0339163 0.0434393 0.0526758 0.0604921 0.0660189 0.068922 0.0693647 0.0677826 0.0646798 0.0605317 0.0557523 0.0506786 0.0455629 0.040573 0.0357945 0.0312317 0.0268201 0.0224701 0.0181413 0.0139102 0.00998063
 0.00729071 0.0119433 0.0181601 0.0259382 0.0350415 0.0448469 0.0543197 0.0622755 0.0678093 0.0705791 0.0707676 0.0688445 0.0653512 0.0607949 0.0556121 0.0501528 0.0446748 0.0393493 0.0342694 0.0294571 0.0248781 0.0204796 0.0162471 0.012254 0.0086631
 0.0074344 0.0121861 0.0185428 0.026505 0.0358313 0.0458791 0.055579 0.0637052 0.0693171 0.0720532 0.0720948 0.0699251 0.0661094 0.0611852 0.0556192 0.0497859 0.043959 0.0383188 0.0329664 0.0279371 0.0232192 0.0187869 0.0146442 0.0108587 0.00755705
 0.00755447 0.0123749 0.0188161 0.0268759 0.0363112 0.0464781 0.0563035 0.0645514 0.0702654 0.0730638 0.073107 0.0708629 0.0668918 0.0617383 0.0558874 0.0497381 0.0435898 0.037645 0.0320236 0.0267793 0.0219214 0.0174444 0.0133644 0.00974149 0.00667056
 0.00758202 0.0124245 0.0188995 0.0270069 0.0365031 0.0467391 0.0566344 0.064947 0.0707196 0.0735734 0.0736692 0.0714665 0.0675068 0.0623125 0.0563532 0.0500266 0.0436461 0.0374397 0.0315577 0.0260852 0.0210599 0.0165 0.0124327 0.00891111 0.00600329
 0.00766332 0.0125425 0.0190513 0.0271821 0.0366884 0.0469254 0.056821 0.0651412 0.0709313 0.0738101 0.0739345 0.07176 0.067824 0.0626407 0.0566658 0.0502813 0.0437905 0.0374243 0.0313511 0.0256854 0.0204996 0.0158415 0.0117553 0.00829167 0.00549761
 0.00770967 0.0126156 0.0191563 0.0273205 0.0368556 0.0471089 0.0570009 0.0652949 0.0710434 0.0738811 0.0739823 0.0718127 0.0679075 0.0627682 0.0568322 0.0504632 0.0439489 0.0375123 0.0313252 0.0255202 0.0201981 0.0154382 0.0113073 0.00786157 0.00513521
 0.00776399 0.0126974 0.0192675 0.0274585 0.0370145 0.0472805 0.0571751 0.0654593 0.0711834 0.0739825 0.0740367 0.0718227 0.0678882 0.0627426 0.0568223 0.0504792 0.0439831 0.0375395 0.0313109 0.0254328 0.0200231 0.0151857 0.0110101 0.00756392 0.0048765
 0.00780715 0.012763 0.0193576 0.0275715 0.0371451 0.0474202 0.057313 0.0655835 0.0712836 0.0740518 0.0740733 0.0718286 0.0678687 0.0627062 0.0567804 0.0504432 0.0439595 0.0375242 0.0312879 0.0253802 0.0199232 0.0150353 0.0108238 0.00736868 0.00470051
 0.0078512 0.0128317 0.0194552 0.0276995 0.0373008 0.0475963 0.0574965 0.0657568 0.0714275 0.0741513 0.0741205 0.0718244 0.0678207 0.062626 0.0566812 0.0503378 0.0438584 0.0374326 0.0312037 0.025294 0.0198237 0.0149159 0.0106883 0.00723027 0.00457579
 0.00787917 0.0128751 0.0195166 0.0277797 0.0373991 0.0477098 0.05762 0.0658824 0.0715451 0.0742501 0.0741911 0.0718601 0.0678194 0.0625901 0.0566173 0.0502553 0.0437673 0.0373411 0.0311158 0.0252089 0.0197369 0.0148238 0.0105913 0.0071344 0.0044901
 0.00789025 0.0128905 0.0195352 0.0277989 0.0374162 0.0477233 0.057631 0.0658943 0.0715627 0.0742771 0.0742284 0.0719051 0.0678657 0.0626301 0.0566441 0.0502651 0.0437601 0.0373198 0.0310842 0.0251697 0.019691 0.0147712 0.0105337 0.00707595 0.00443663
 0.00788694 0.0128821 0.0195169 0.0277648 0.0373607 0.0476443 0.0575322 0.0657863 0.0714608 0.0741981 0.0741863 0.0719079 0.0679133 0.0627145 0.0567512 0.0503787 0.0438661 0.0374083 0.0311506 0.0252131 0.0197129 0.0147744 0.0105221 0.00705507 0.0044124
 0.00789925 0.0128967 0.0195288 0.0277657 0.0373409 0.0475957 0.0574518 0.0656775 0.071334 0.0740688 0.0740725 0.0718269 0.0678782 0.0627302 0.0568138 0.0504763 0.043982 0.0375257 0.0312556 0.0252971 0.0197723 0.0148101 0.0105379 0.0070566 0.00440577
 0.0079113 0.0129172 0.0195609 0.0278117 0.0374002 0.0476624 0.0575135 0.0657176 0.0713367 0.0740258 0.0739873 0.0717143 0.0677595 0.0626273 0.0567431 0.0504454 0.0439886 0.0375599 0.0313039 0.0253464 0.0198133 0.0148379 0.0105524 0.0070604 0.00440305
 0.00788357 0.0128714 0.0194912 0.0277134 0.0372724 0.047511 0.0573526 0.0655672 0.0712165 0.0739479 0.0739531 0.0717169 0.0677895 0.0626786 0.0568142 0.050537 0.0441002 0.0376869 0.0314368 0.0254736 0.0199239 0.0149249 0.0106139 0.00709902 0.0044242
 0.00786838 0.0128432 0.0194422 0.0276345 0.0371553 0.0473524 0.0571579 0.0653522 0.0710053 0.0737677 0.0738271 0.0716585 0.0678003 0.0627492 0.0569294 0.0506817 0.0442621 0.0378564 0.0316056 0.0256326 0.020064 0.0150391 0.0106991 0.00715667 0.00445924
 0.00782807 0.0127766 0.0193401 0.0274879 0.0369577 0.0471033 0.0568661 0.0650375 0.070696 0.073496 0.0736233 0.071546 0.0677912 0.062842 0.0571097 0.0509256 0.0445425 0.038148 0.0318877 0.0258898 0.0202853 0.015218 0.0108336 0.00724987 0.00451822
 0.00782476 0.0127684 0.0193224 0.027454 0.0368998 0.0470139 0.0567405 0.0648754 0.0705034 0.0732854 0.0734135 0.0713604 0.0676538 0.0627726 0.057119 0.0510124 0.044694 0.0383436 0.0321036 0.0261036 0.0204795 0.0153808 0.0109596 0.00733947 0.00457639
 0.0078088 0.0127399 0.0192748 0.0273797 0.0367922 0.0468702 0.0565642 0.0646767 0.070297 0.073087 0.0732376 0.0712192 0.067558 0.0627321 0.0571412 0.0511002 0.0448432 0.0385415 0.0323308 0.0263374 0.0206985 0.0155688 0.0111077 0.0074464 0.00464681
 0.00776532 0.0126741 0.0191848 0.0272665 0.0366588 0.0467201 0.056401 0.0645052 0.070124 0.0729224 0.0730933 0.071107 0.0674879 0.0627108 0.0571724 0.0511848 0.0449786 0.0387206 0.0325407 0.0265603 0.0209145 0.0157601 0.0112626 0.00756072 0.00472351
 0.00773247 0.0126154 0.0190872 0.0271162 0.0364462 0.0464469 0.0560851 0.0641793 0.0698266 0.0726856 0.0729354 0.071032 0.06749 0.0627804 0.0572996 0.0513603 0.0451936 0.0389652 0.0328028 0.0268251 0.0211651 0.0159806 0.0114415 0.00769377 0.00481361
 0.00932593 0.0148456 0.0217778 0.0298799 0.038796 0.047975 0.0566057 0.0637582 0.0687026 0.0711525 0.071251 0.0693793 0.0659778 0.0614599 0.0561848 0.0504448 0.0444621 0.0383996 0.0323841 0.0265324 0.0209755 0.0158693 0.0113843 0.00766948 0.00480646
 0.00930034 0.0151023 0.0226899 0.0319111 0.0422989 0.0529186 0.062402 0.0693568 0.0729634 0.0732945 0.0711108 0.0673558 0.0627569 0.057722 0.0524335 0.046976 0.0414127 0.0358126 0.0302554 0.0248364 0.0196741 0.0149149 0.0107211 0.00723666 0.00454337
 0.00896898 0.0145781 0.02195 0.0310019 0.0413913 0.0523468 0.0626247 0.0707934 0.0757434 0.0770696 0.0750965 0.0706298 0.0646448 0.0580322 0.0514279 0.0451535 0.0392733 0.0337197 0.028412 0.0233232 0.0184996 0.0140503 0.0101197 0.00684419 0.00430502
 0.00878006 0.0142648 0.0214677 0.0303079 0.0404616 0.0512064 0.0613882 0.0696941 0.0751165 0.0772614 0.0763091 0.0727725 0.0672981 0.0605831 0.0533189 0.0460965 0.0393081 0.0331138 0.0274965 0.0223676 0.0176649 0.0134011 0.00965819 0.00654145 0.00412166
 0.00873741 0.0141832 0.0213214 0.0300632 0.0400822 0.0506637 0.0606764 0.0688461 0.0742204 0.0764703 0.0758307 0.0728178 0.0679905 0.0618669 0.0549359 0.0476685 0.040492 0.0337349 0.027584 0.02209 0.0172249 0.012957 0.00929598 0.00628568 0.00396079
 0.00869531 0.0141172 0.0212259 0.0299322 0.0399074 0.0504328 0.0603733 0.0684563 0.0737404 0.075922 0.0752752 0.0723611 0.0677684 0.0620014 0.0554725 0.0485303 0.0414877 0.0346316 0.0282051 0.022378 0.0172366 0.012808 0.00909748 0.00610925 0.00383443
 0.00868891 0.0141044 0.0212023 0.0298922 0.0398453 0.0503444 0.060256 0.0683079 0.0735563 0.0756954 0.075003 0.0720561 0.067472 0.0617856 0.0554214 0.0487018 0.0418747 0.0351497 0.0287235 0.0227772 0.0174581 0.0128649 0.0090487 0.00601997 0.00374986
 0.00867756 0.0140866 0.0211765 0.0298572 0.0397998 0.0502868 0.0601851 0.0682227 0.0734567 0.0755813 0.0748736 0.0719112 0.0673158 0.0616343 0.0553079 0.0486702 0.041961 0.0353581 0.0290139 0.0230785 0.017701 0.0130118 0.00910312 0.0060127 0.00371656
 0.00865841 0.0140578 0.0211374 0.0298089 0.0397444 0.0502274 0.0601245 0.0681634 0.0734 0.075527 0.0748199 0.071855 0.0672546 0.061569 0.0552465 0.0486298 0.041965 0.0354254 0.0291455 0.0232517 0.0178764 0.0131524 0.00918997 0.00604931 0.00372016
 0.00866706 0.0140701 0.0211528 0.0298256 0.0397601 0.0502399 0.0601322 0.0681652 0.0733948 0.0755132 0.0747953 0.0718175 0.067203 0.0615041 0.0551727 0.0485565 0.0419064 0.0353973 0.0291586 0.0233048 0.0179544 0.0132328 0.00925337 0.00608708 0.00373514
 0.00866092 0.0140588 0.0211335 0.0297949 0.0397156 0.0501812 0.0600627 0.068092 0.0733272 0.07546 0.0747623 0.0718058 0.0672094 0.061522 0.0551952 0.048579 0.041929 0.0354248 0.0291977 0.0233591 0.018021 0.0133021 0.00931387 0.00613086 0.00376085
 0.00862369 0.0140067 0.0210703 0.0297291 0.0396572 0.0501374 0.0600346 0.0680753 0.0733154 0.0754485 0.0747511 0.0717983 0.0672099 0.0615331 0.0552162 0.0486069 0.0419607 0.0354588 0.029235 0.0234015 0.0180685 0.0133514 0.00935902 0.00616662 0.00378489
 0.00864005 0.0140239 0.0210797 0.029718 0.0396145 0.0500603 0.0599332 0.0679702 0.0732291 0.0753957 0.0747335 0.0718076 0.0672345 0.0615643 0.0552498 0.048642 0.0419971 0.0354964 0.0292737 0.0234412 0.0181088 0.0133907 0.00939462 0.00619561 0.00380563
 0.00863382 0.0140179 0.0210773 0.0297236 0.0396298 0.0500808 0.0599474 0.0679633 0.0731914 0.0753292 0.0746529 0.0717332 0.0671826 0.0615411 0.055252 0.0486619 0.0420271 0.0355311 0.0293101 0.0234778 0.0181445 0.0134241 0.00942417 0.00621961 0.00382318
 0.00861502 0.0139903 0.0210418 0.0296835 0.0395906 0.0500495 0.0599302 0.0679634 0.0732061 0.07535 0.0746683 0.0717351 0.0671706 0.0615225 0.0552371 0.0486582 0.0420368 0.0355518 0.0293377 0.0235082 0.0181749 0.0134524 0.00944879 0.00623946 0.00383778
#pred catch len freq
 0.00442503 0.00701136 0.0102457 0.0140556 0.0183951 0.0232222 0.0284289 0.0338093 0.0391002 0.0440488 0.0484548 0.052187 0.0551893 0.0574704 0.0590729 0.0600367 0.0603766 0.0600714 0.0590417 0.0571116 0.0539896 0.049344 0.0430055 0.0352105 0.0266957
 0.0046473 0.00728825 0.0105102 0.014203 0.0183239 0.0228915 0.0278956 0.0332128 0.0385957 0.0437283 0.0483048 0.0521074 0.0550568 0.0572102 0.0587025 0.0596646 0.0601579 0.0601369 0.0594326 0.0577517 0.0547145 0.049973 0.0434179 0.0353838 0.0266891
 0.00490195 0.00769024 0.0110864 0.0149535 0.0192034 0.0237936 0.0286581 0.0336604 0.0386145 0.0433284 0.0476212 0.0513271 0.0543222 0.056565 0.0581146 0.0590965 0.0596258 0.0597154 0.0592062 0.0577515 0.054887 0.0502041 0.043593 0.035442 0.0266378
 0.00518606 0.00813348 0.0117205 0.0158 0.0202736 0.0250833 0.0301302 0.0352198 0.0400944 0.0445112 0.0483017 0.0513928 0.0538008 0.0556034 0.0569023 0.0577912 0.0583281 0.0584908 0.0581114 0.0568337 0.0541613 0.0496418 0.04314 0.0350523 0.0262956
 0.00549321 0.00861352 0.0124082 0.016718 0.0214336 0.0264861 0.0317601 0.0370346 0.0420133 0.0464041 0.0499869 0.0526566 0.0544462 0.0555159 0.056095 0.0563983 0.0565512 0.0565348 0.0561449 0.0549787 0.0524971 0.0482099 0.0419517 0.034101 0.025567
 0.00583305 0.00914155 0.0131587 0.0177106 0.0226754 0.0279746 0.0334798 0.0389491 0.0440593 0.048488 0.051983 0.0544071 0.0557689 0.0562288 0.0560586 0.0555634 0.0549845 0.0544057 0.0536797 0.0524079 0.0500177 0.0459696 0.0400465 0.0325783 0.0244301
 0.00617032 0.00966802 0.0139115 0.018713 0.0239377 0.0294943 0.0352373 0.0409021 0.0461405 0.0506084 0.0540365 0.0562727 0.0573109 0.0572987 0.0565078 0.0552697 0.0538904 0.0525521 0.0512149 0.0495632 0.0470611 0.0431552 0.0375752 0.0305744 0.0229341
 0.00649019 0.010171 0.0146378 0.0196918 0.0251866 0.0310166 0.0370155 0.0428903 0.0482631 0.0527663 0.0561173 0.0581596 0.0588882 0.0584527 0.0571245 0.0552385 0.0531219 0.0510104 0.0489536 0.0467439 0.0439386 0.0400301 0.0347294 0.0282125 0.0211497
 0.00679997 0.010656 0.0153347 0.0206266 0.0263757 0.0324671 0.0387191 0.0448144 0.0503437 0.0549091 0.058205 0.0600648 0.0604874 0.0596353 0.0577944 0.05531 0.0525196 0.0496842 0.04691 0.0440815 0.0408636 0.0368332 0.0317236 0.0256557 0.0191852
 0.00710322 0.011126 0.0160003 0.0215027 0.0274664 0.0337686 0.0402185 0.0464847 0.0521395 0.0567652 0.0600385 0.0617783 0.0619751 0.0607909 0.0585182 0.0555122 0.0521231 0.0486324 0.045188 0.0417476 0.0380757 0.0338448 0.0288367 0.0231434 0.01722
 0.0074625 0.0116819 0.0167853 0.02253 0.0287316 0.0352514 0.0418813 0.0482691 0.0539691 0.0585537 0.0617 0.0632347 0.0631571 0.0616368 0.0589694 0.0555105 0.0516101 0.0475577 0.0435285 0.0395382 0.0354384 0.030995 0.02605 0.0206855 0.0152723
 0.00782691 0.0122479 0.0175885 0.023588 0.0300437 0.036799 0.0436234 0.0501373 0.0558687 0.0603749 0.0633332 0.0645852 0.0641553 0.0622395 0.0591542 0.055263 0.0509132 0.04639 0.0418781 0.0374308 0.0329684 0.0283399 0.0234476 0.0183758 0.0134275
 0.00821138 0.0128392 0.0184166 0.0246614 0.0313536 0.0383239 0.0453281 0.0519659 0.0577397 0.0621834 0.0649617 0.0659201 0.0651039 0.0627434 0.059191 0.0548381 0.0500449 0.0450973 0.0401817 0.0353703 0.0306293 0.0258706 0.0210477 0.0162502 0.0117267
 0.00851716 0.0133163 0.0190979 0.0255652 0.0324825 0.0396638 0.0468432 0.0535965 0.0594056 0.0637928 0.0664211 0.0671399 0.0660045 0.0632603 0.0592827 0.0544896 0.0492649 0.0439114 0.0386281 0.0335051 0.0285408 0.0236908 0.0189446 0.0143936 0.0102416
 0.00881489 0.0137832 0.0197689 0.026463 0.0336155 0.0410225 0.0483933 0.0552724 0.0611121 0.0654166 0.0678476 0.0682699 0.0667647 0.0636086 0.0592046 0.053992 0.0483702 0.042654 0.0370547 0.0316803 0.0265555 0.0216672 0.0170276 0.0127236 0.00891701
 0.00910883 0.0142416 0.0204235 0.0273323 0.0347046 0.0423222 0.0498743 0.0568784 0.0627581 0.0669952 0.0692417 0.0693695 0.0674832 0.0638944 0.0590448 0.0534064 0.0474003 0.0413533 0.0354849 0.0299142 0.0246839 0.0198025 0.0152945 0.0112363 0.00775097
 0.00937931 0.0146547 0.0209969 0.0280678 0.0355936 0.0433517 0.0510281 0.0581313 0.0640674 0.0682956 0.0704479 0.0703851 0.0682161 0.0642724 0.0590273 0.052988 0.0466077 0.0402368 0.0341111 0.0283624 0.0230469 0.0181855 0.0138066 0.00997192 0.00676805
 0.0093987 0.0146999 0.0210904 0.0282398 0.0358758 0.0437677 0.0515852 0.0588181 0.0648585 0.069158 0.071342 0.0712616 0.069012 0.0649136 0.0594395 0.0531117 0.0464111 0.0397222 0.033314 0.0273467 0.0218988 0.0170049 0.012695 0.0090154 0.00601956
 0.00926457 0.0145091 0.020855 0.0279917 0.0356626 0.0436432 0.0515985 0.0590054 0.0652349 0.0697127 0.0720387 0.0720447 0.0698164 0.0656714 0.0600834 0.0535783 0.0466469 0.039694 0.0330186 0.0268157 0.0211957 0.016216 0.0119134 0.00832196 0.00546702
 0.00934699 0.0146044 0.0209282 0.0279906 0.0355365 0.0433713 0.0512123 0.0585874 0.0648944 0.0695486 0.0721094 0.0723562 0.0703271 0.0663078 0.0607574 0.0542019 0.0471422 0.0400016 0.0331052 0.0266803 0.0208722 0.0157674 0.0114178 0.00785372 0.00507927
 0.00954324 0.0148921 0.0213005 0.0284141 0.0359525 0.0437037 0.0513813 0.0585317 0.064598 0.0690611 0.0715423 0.0718488 0.0699981 0.0662161 0.0608905 0.0544913 0.047492 0.040316 0.0333091 0.0267319 0.0207681 0.0155391 0.01112 0.0075468 0.00481155
 0.00966003 0.0150812 0.0215826 0.0288054 0.0364574 0.0443047 0.0520292 0.0591436 0.06507 0.0692966 0.0714856 0.0715111 0.0694609 0.0656061 0.0603354 0.0540759 0.0472369 0.0401848 0.033235 0.0266491 0.0206347 0.0153467 0.010889 0.0073119 0.00460592
 0.00962202 0.0150265 0.0215149 0.0287358 0.0364061 0.0442999 0.0521024 0.0593189 0.0653496 0.0696478 0.0718413 0.0717887 0.0695939 0.0655738 0.0601718 0.053853 0.0470301 0.0400403 0.0331563 0.0266068 0.0205898 0.0152728 0.0107825 0.00718814 0.00448692
 0.00956968 0.0149493 0.0214134 0.0286161 0.036279 0.044179 0.0520042 0.0592632 0.0653587 0.069741 0.0720244 0.0720435 0.0698757 0.0658232 0.060338 0.0539159 0.0470065 0.0399704 0.0330793 0.0265429 0.0205372 0.0152193 0.010719 0.00711591 0.00441533
 0.00962936 0.0150265 0.0214933 0.0286736 0.0362866 0.0441195 0.0518796 0.0590969 0.0651869 0.069602 0.0719488 0.0720483 0.0699605 0.0659683 0.0605078 0.0540691 0.0471119 0.0400175 0.0330785 0.0265137 0.0204964 0.0151746 0.0106722 0.00706811 0.00436997
 0.00960574 0.0149979 0.0214673 0.0286602 0.0362918 0.0441376 0.0518901 0.0590705 0.065102 0.0694593 0.0717765 0.0718921 0.069865 0.0659596 0.0605854 0.0542089 0.0472767 0.0401713 0.0331975 0.0265907 0.0205363 0.0151872 0.0106671 0.00705277 0.00435046
 0.00955439 0.0149208 0.0213638 0.028536 0.0361592 0.0440145 0.0517966 0.0590224 0.0651021 0.0694934 0.0718188 0.0719192 0.0698705 0.0659576 0.0606008 0.0542614 0.0473693 0.0402899 0.0333192 0.0266949 0.0206116 0.0152326 0.010688 0.00705718 0.00434585
 0.00949896 0.0148308 0.021229 0.0283477 0.0359135 0.0437167 0.0514657 0.058692 0.0648153 0.0692919 0.0717298 0.0719471 0.0699969 0.0661513 0.0608314 0.0545084 0.0476219 0.0405406 0.0335577 0.0269075 0.020786 0.0153626 0.0107752 0.00710916 0.00437285
 0.00942103 0.0147159 0.0210773 0.0281657 0.0357101 0.0434982 0.0512339 0.0584474 0.0645646 0.0690535 0.0715342 0.0718287 0.0699811 0.0662446 0.0610191 0.0547615 0.0479082 0.0408325 0.033835 0.0271555 0.0209942 0.015525 0.0108914 0.00718465 0.00441691
 0.00924156 0.0144529 0.0207351 0.0277673 0.0352914 0.0430971 0.0508813 0.0581633 0.0643576 0.0689235 0.0714765 0.0718395 0.0700616 0.0663996 0.0612507 0.0550622 0.0482582 0.0412038 0.0341981 0.0274856 0.0212743 0.0157465 0.0110538 0.00729416 0.00448424
 0.00912302 0.0142621 0.0204528 0.02738 0.0347975 0.0425155 0.0502563 0.0575617 0.0638529 0.0685751 0.0713139 0.0718595 0.0702377 0.0666958 0.061633 0.0555023 0.0487323 0.0416881 0.0346671 0.0279143 0.0216421 0.016041 0.0112728 0.00744447 0.00457877
 0.00898559 0.0140509 0.020157 0.0269954 0.0343252 0.0419597 0.049628 0.0568857 0.0631758 0.0679656 0.0708508 0.0716109 0.0702396 0.0669415 0.0620788 0.056085 0.049387 0.0423588 0.0353101 0.0284963 0.0221394 0.0164401 0.0115713 0.00765117 0.00471026
 0.00875547 0.0137083 0.0196996 0.026441 0.0337047 0.0413068 0.0489718 0.05625 0.0625833 0.067443 0.070433 0.0713407 0.0701608 0.0670855 0.0624505 0.0566557 0.0500991 0.0431409 0.0360918 0.02922 0.0227648 0.0169453 0.0119516 0.00791618 0.00488015
 0.00855171 0.0134004 0.0192798 0.0259181 0.0331016 0.0406556 0.0483099 0.0556176 0.0620192 0.0669789 0.0700905 0.0711334 0.0700995 0.0671824 0.0627161 0.0570904 0.0506839 0.0438334 0.0368327 0.0299449 0.023418 0.0174889 0.0123693 0.00821182 0.00507198
 0.00854981 0.0133845 0.0192325 0.0258152 0.0329185 0.0403773 0.0479392 0.0551777 0.061548 0.0665193 0.0696806 0.0708018 0.0698653 0.0670583 0.0627121 0.0572147 0.0509385 0.0442073 0.0372965 0.0304532 0.0239183 0.0179348 0.0127302 0.0084773 0.00524927
 0.00934144 0.0144985 0.0205881 0.0272273 0.0341474 0.0412104 0.0482591 0.0549814 0.0609212 0.0655926 0.0685926 0.0696764 0.0688 0.0661206 0.0619417 0.05663 0.0505436 0.0439949 0.0372471 0.0305335 0.0240836 0.0181363 0.0129259 0.00863946 0.00536685
