SBPRF35
12.7214
Curr Bio
822011
B35
852798
F35
0.171879
FOFL
0.162809
OFL
108095
Bzero
3.63469e+006
#pred survey bio
 3.11217e+006 2.80441e+006 2.53329e+006 2.29987e+006 2.02321e+006 1.80528e+006 1.59326e+006 1.41393e+006 1.27172e+006 1.11837e+006 962997 852688 749746 675803 658717 627720 598463 586710 572643 559888 546789 543289 546184 543486 546850 544107 535638 544459 557107 565154 563285 582131 603000 610501 623016 632475 639422 644937 656044 668498 668318 679881 690283 684830 686732 672841 678668 710198 735866 797104 837929 873000 878169 873275 858478 860487 840954 835037 828316 2.85707e+007 1.73047e+007 1.77779e+007 1.87612e+007 2.00588e+007 2.14555e+007 2.27949e+007 2.3987e+007 2.49956e+007 2.58192e+007 2.64751e+007 2.69886e+007 2.73858e+007 2.76908e+007 2.79241e+007 2.81022e+007 2.82382e+007 2.83423e+007 2.84222e+007 2.84838e+007 2.85314e+007 2.85685e+007 2.85974e+007 2.86201e+007 2.8638e+007 2.86522e+007 2.86634e+007 2.86724e+007 2.86795e+007 2.86852e+007 2.86898e+007 2.86936e+007 2.86966e+007 2.8699e+007 2.8701e+007 2.87026e+007 2.87039e+007 2.87049e+007 2.87058e+007 2.87065e+007 2.87071e+007 2.87075e+007 2.87079e+007 2.87082e+007 2.87085e+007 2.87087e+007 2.87089e+007 2.8709e+007 2.87091e+007 2.87092e+007 2.87093e+007 2.87094e+007 2.87094e+007 2.87094e+007 2.87095e+007 2.87095e+007 2.87095e+007 2.87096e+007 2.87096e+007 2.87096e+007 2.87096e+007 2.87096e+007 2.87096e+007 2.87096e+007 2.87096e+007 2.87096e+007 2.87096e+007 2.87096e+007 2.87096e+007 2.87096e+007 2.87096e+007 2.87096e+007 2.87096e+007 2.87096e+007 2.87096e+007 2.87096e+007 2.87096e+007 2.87096e+007 2.87096e+007 2.87096e+007 2.87096e+007 2.87096e+007 2.87096e+007 2.87096e+007 2.87096e+007 2.87096e+007 2.87096e+007 2.87096e+007 2.87096e+007 2.87096e+007 2.87096e+007 2.87096e+007 2.87096e+007 2.87096e+007 2.87096e+007 2.87096e+007 2.87096e+007 2.87096e+007 2.87096e+007 2.87096e+007 0 0 0 0 0 0 0 0 0 0 0 0 0 0 0 0 0 0 0 0 0 0 0 0 0
#obs survey bio
 2.85557e+006 3.05015e+006 2.21311e+006 1.80342e+006 2.07145e+006 1.7646e+006 1.72558e+006 1.76806e+006 1.31044e+006 820591 827674 867075 713725 632068 538672 773319 434095 548876 662470 710015 357701 528807 653866 770068 664209 431568 557086 517401 530308 572761 364749 600632 594852 584571 528216 716530 551934 661708 731429 748086 741996 830920 572268 974220 727836 1.03246e+006 684482 573060 681402 993706 947615 1.06046e+006 1.03356e+006 651764 1.10191e+006 1.01657e+006 857722 905199 642308
#pred catch bio
 303938 290145 275591 332564 294282 300518 279734 253450 267111 268196 225815 215049 184947 134609 146084 142356 125688 125918 122275 119782 109504 102875 106266 99858.1 104030 107595 92795.2 90880.2 95840.1 104502 87989.5 88251.3 100791 97651.9 101599 104850 107168 103353 102746 112806 101655 102065 114693 107873 121215 104931 86068.8 94355.1 67079.7 86752.8 92025.7 117339 125178 133006 118318 136487 123943 124469 128562 108095 114443 116403 121771 129719 138434 146737 154014 160043 164837 168534 171320 173383 174888 175975 176752 177304 177694 177969 178161 178295 178389 178454 178499 178531 178552 178567 178578 178585 178590 178593 178595 178597 178598 178599 178599 178600 178600 178600 178600 178600 178600 178600 178601 178601 178601 178601 178601 178601 178601 178601 178601 178601 178601 178601 178601 178601 178601 178601 178601 178601 178601 178601 178601 178601 178601 178601 178601 178601 178601 178601 178601 178601 178601 178601 178601 178601 178601 178601 178601 178601 178601 178601 178601 178601 178601 178601 178601 178601 178601 178601 178601 178601 178601 178601 178601 178601 178601 178601 178601 0 0 0 0 0 0 0 0 0 0 0 0 0 0 0 0 0 0 0 0 0 0 0 0 0
#obs catch bio
 259559 289700 274438 333607 294843 302331 279968 253218 268178 271007 228110 216518 186393 134727 147592 143475 127243 127201 122986 120179 110230 103141 106310 99442.2 103440 107628 92459.5 90812.4 95884.2 104404 88308.6 88359.9 100702 97617.6 101940 104658 107501 103963 103075 113266 101612 101444 114020 106819 120736 104531 85707.8 95121.2 67009.4 87152.2 91960.9 117224 124868 133099 117613 136294 123634 124031 128606
#pred cpue bio
 3.07008e+006 2.76386e+006 2.49315e+006 2.25984e+006 1.98433e+006 1.7673e+006 1.55658e+006 1.37827e+006 1.23673e+006 1.08468e+006 931207 822553 721529 649037 632091 601678 573103 561759 548323 536255 523806 520659 523794 521464 525003 522439 514171 522742 535067 542990 541094 559473 580039 587362 599421 608598 615280 620522 631499 644014 644199 655908 666369 661019 662704 648837 654253 684936 710223 770796 811515 846274 851234 846116 831365 833314 814158 808335 801704 2.7646e+007 1.67443e+007 1.70915e+007 1.79568e+007 1.92212e+007 2.06117e+007 2.195e+007 2.31419e+007 2.41505e+007 2.49741e+007 2.56301e+007 2.61435e+007 2.65407e+007 2.68457e+007 2.7079e+007 2.72571e+007 2.73931e+007 2.74972e+007 2.75771e+007 2.76387e+007 2.76864e+007 2.77234e+007 2.77523e+007 2.77751e+007 2.7793e+007 2.78071e+007 2.78183e+007 2.78273e+007 2.78344e+007 2.78402e+007 2.78448e+007 2.78485e+007 2.78515e+007 2.78539e+007 2.78559e+007 2.78575e+007 2.78588e+007 2.78598e+007 2.78607e+007 2.78614e+007 2.7862e+007 2.78625e+007 2.78628e+007 2.78631e+007 2.78634e+007 2.78636e+007 2.78638e+007 2.78639e+007 2.7864e+007 2.78641e+007 2.78642e+007 2.78643e+007 2.78643e+007 2.78644e+007 2.78644e+007 2.78644e+007 2.78644e+007 2.78645e+007 2.78645e+007 2.78645e+007 2.78645e+007 2.78645e+007 2.78645e+007 2.78645e+007 2.78645e+007 2.78645e+007 2.78645e+007 2.78645e+007 2.78645e+007 2.78645e+007 2.78645e+007 2.78645e+007 2.78645e+007 2.78645e+007 2.78645e+007 2.78645e+007 2.78645e+007 2.78645e+007 2.78645e+007 2.78646e+007 2.78646e+007 2.78646e+007 2.78646e+007 2.78646e+007 2.78646e+007 2.78646e+007 2.78646e+007 2.78646e+007 2.78646e+007 2.78646e+007 2.78646e+007 2.78646e+007 2.78646e+007 2.78646e+007 2.78646e+007 2.78646e+007 2.78646e+007 2.78646e+007 2.78646e+007 2.78646e+007 0 0 0 0 0 0 0 0 0 0 0 0 0 0 0 0 0 0 0 0 0 0 0 0 0
#obs cpue bio
 2.17715e+006 3.46022e+006 3.22784e+006 2.00762e+006 1.54649e+006 1.46566e+006 1.98773e+006 1.12104e+006 945427 1.03267e+006 828683 954335 657605 688596 514908 499416 445787 632790 537253 476057 563161 619563 549933 473480 536278 498501 581043 463059 524166 702451 439232 649994 840578 514899 536183 808384 489310 424493 630217 630395 676006 920275 976304 600780 525222 419636 586068 407098 715652 672344 946610 968300 753690 971480 944290 655328 742144 887011 784231
#pred surv len freq
 0.00470563 0.00772946 0.0117983 0.0169406 0.0230476 0.0297743 0.0365202 0.0425894 0.0474521 0.0509134 0.0530796 0.0542044 0.0545567 0.0543631 0.0538047 0.0530327 0.0521862 0.0513881 0.0506853 0.0499335 0.0486976 0.0463015 0.0421068 0.0359226 0.0282663
 0.00513888 0.0083667 0.0126362 0.0179419 0.0241639 0.0309758 0.0378088 0.0439797 0.0489312 0.0524076 0.054456 0.0553128 0.0552868 0.0546848 0.0537664 0.0527212 0.0516706 0.0506753 0.0497108 0.0485974 0.0469359 0.0441569 0.0397556 0.0336296 0.0262893
 0.00537708 0.00880164 0.0133735 0.0190954 0.0258121 0.0331052 0.0402779 0.0465407 0.0513131 0.0544098 0.0559918 0.0563811 0.0559116 0.0548762 0.0535253 0.0520643 0.0506394 0.0493156 0.048043 0.0466116 0.0446284 0.0415887 0.0370875 0.0310988 0.0241304
 0.00556485 0.00910348 0.0138262 0.0197431 0.0267124 0.0343273 0.0418834 0.0485451 0.0536433 0.0568861 0.0583587 0.0583805 0.0573576 0.0556881 0.0537092 0.0516711 0.0497307 0.0479491 0.0462686 0.0444746 0.0421873 0.0389462 0.034412 0.0286063 0.0220249
 0.00584398 0.0095626 0.0145261 0.0207413 0.0280498 0.0360105 0.0438707 0.0507515 0.0559612 0.0592072 0.060574 0.0603641 0.0589583 0.0567503 0.054114 0.051368 0.0487398 0.0463373 0.0441238 0.0418954 0.039293 0.0358958 0.0314108 0.0258814 0.0197694
 0.00604143 0.00988958 0.0150302 0.0214729 0.0290551 0.0373175 0.045474 0.0526023 0.0579713 0.0612651 0.062565 0.0621824 0.0605065 0.0579302 0.0548214 0.051503 0.0482307 0.0451637 0.0423247 0.0395665 0.0365816 0.0329969 0.0285554 0.0233023 0.0176502
 0.00634968 0.0103764 0.0157367 0.0224289 0.0302759 0.0387987 0.0471834 0.0544757 0.0599185 0.0631826 0.0643504 0.0637441 0.0617679 0.0588278 0.0552982 0.0515011 0.0476913 0.0440411 0.0406109 0.0373153 0.0339226 0.0301317 0.0257308 0.0207622 0.0155782
 0.00666163 0.0108801 0.0164871 0.0234722 0.0316374 0.0404663 0.0490932 0.0565131 0.0619407 0.0650532 0.0659657 0.0650399 0.0627098 0.0593967 0.0554772 0.0512671 0.0470124 0.0428827 0.0389544 0.0351868 0.0314191 0.0274296 0.0230626 0.018364 0.0136273
 0.00682452 0.0111655 0.0169548 0.0241905 0.0326679 0.0418389 0.0507826 0.0584297 0.063945 0.0669856 0.0676788 0.0664211 0.0636914 0.0599527 0.0556097 0.0509878 0.0463271 0.0417865 0.037443 0.0332813 0.0291948 0.0250314 0.0206908 0.0162289 0.0118898
 0.00699346 0.0114572 0.017426 0.0249067 0.0336912 0.0432074 0.0524874 0.0604016 0.0660577 0.0690751 0.0695693 0.067954 0.06475 0.0604775 0.0555981 0.0504778 0.0453732 0.0404398 0.0357462 0.0312821 0.0269708 0.0227094 0.0184411 0.0142299 0.010277
 0.00722432 0.011838 0.0180096 0.0257466 0.0348318 0.0446685 0.0542458 0.0623822 0.0681397 0.0711093 0.0713996 0.0694357 0.0657664 0.0609535 0.0555082 0.0498446 0.0442552 0.0389137 0.0338931 0.0291859 0.0247295 0.0204472 0.0163062 0.012369 0.00879617
 0.00734614 0.0120392 0.0183194 0.0261964 0.0354522 0.0454827 0.055261 0.0635827 0.0694846 0.0725341 0.0728192 0.0707495 0.0668661 0.0617355 0.055889 0.0497741 0.0437242 0.0379531 0.0325663 0.0275811 0.0229552 0.0186305 0.0145846 0.0108688 0.00760436
 0.00758074 0.0124077 0.0188494 0.0269045 0.0363407 0.0465352 0.0564384 0.0648234 0.0707137 0.0736786 0.0738197 0.0715629 0.0674602 0.0620809 0.0559549 0.0495307 0.0431513 0.0370509 0.0313645 0.026142 0.0213725 0.017021 0.0130729 0.00956469 0.00657857
 0.00794109 0.012947 0.0195747 0.0277916 0.037342 0.0475926 0.0574934 0.0658207 0.0716043 0.0744237 0.0743955 0.0719599 0.0676788 0.0621239 0.0558202 0.049208 0.0426248 0.0363076 0.0304067 0.0249995 0.020108 0.0157258 0.0118511 0.00850942 0.00574969
 0.00789266 0.0128908 0.0195305 0.0277885 0.0374069 0.0477349 0.0576967 0.0660511 0.0718319 0.0746443 0.0746342 0.0722541 0.0680511 0.0625628 0.056279 0.0496177 0.0429117 0.0364099 0.0302868 0.0246534 0.0195697 0.0150638 0.0111539 0.00786402 0.00521946
 0.00793137 0.012958 0.0196402 0.0279584 0.0376559 0.0480785 0.0581382 0.066572 0.0723876 0.0751689 0.0750589 0.0725318 0.0681744 0.0625624 0.056202 0.0495 0.0427608 0.036206 0.0299986 0.0242587 0.0190717 0.014496 0.010573 0.00733217 0.00478441
 0.00799359 0.013056 0.0197819 0.0281495 0.0378999 0.048376 0.0584856 0.0669603 0.0728006 0.0755821 0.0754388 0.0728387 0.0683705 0.0626255 0.0561342 0.0493263 0.0425146 0.0359126 0.0296661 0.0238837 0.018653 0.0140474 0.0101258 0.00692563 0.00445168
 0.00791052 0.0129308 0.0196124 0.0279413 0.0376666 0.0481384 0.058271 0.0668014 0.0727315 0.0756311 0.0756191 0.0731414 0.0687627 0.0630552 0.0565439 0.0496675 0.0427589 0.0360518 0.0297048 0.0238313 0.0185216 0.0138554 0.00989998 0.00669857 0.00425283
 0.0078558 0.0128447 0.0194885 0.0277769 0.0374644 0.0479088 0.0580337 0.0665843 0.0725655 0.0755437 0.0756286 0.0732545 0.0689737 0.063345 0.0568807 0.0500107 0.0430672 0.036292 0.0298581 0.0238937 0.0185015 0.0137703 0.00977426 0.00655927 0.00412416
 0.00784482 0.0128194 0.0194368 0.0276836 0.0373156 0.0476991 0.0577721 0.0662957 0.072286 0.0753116 0.0754769 0.0732051 0.0690347 0.0635109 0.0571328 0.0503189 0.0433938 0.0365978 0.03011 0.0240703 0.0185967 0.0137925 0.00974249 0.00649751 0.00405494
 0.00788591 0.0128775 0.0195075 0.0277557 0.0373723 0.0477206 0.0577399 0.0661975 0.0721207 0.0750936 0.0752356 0.0729792 0.0688625 0.0634204 0.0571357 0.0504095 0.043551 0.0367902 0.0303028 0.024233 0.0187098 0.0138505 0.00975291 0.00647612 0.00401937
 0.00784752 0.0128166 0.0194188 0.0276351 0.0372174 0.0475316 0.0575212 0.0659583 0.0718752 0.0748599 0.075034 0.0728305 0.0687859 0.0634301 0.0572376 0.0505981 0.043809 0.0370897 0.0306101 0.0245151 0.0189408 0.0140172 0.00985608 0.00652768 0.00403647
 0.00777076 0.0126911 0.0192292 0.0273682 0.0368667 0.0471037 0.0570408 0.0654676 0.0714256 0.0744991 0.0747957 0.0727302 0.0688231 0.0635933 0.0575086 0.0509548 0.0442258 0.0375375 0.0310565 0.0249277 0.0192924 0.014291 0.0100489 0.00664879 0.00410314
 0.00777231 0.0126875 0.0192119 0.0273246 0.0367818 0.0469642 0.0568393 0.065207 0.0711206 0.0741758 0.0744882 0.0724744 0.0686492 0.0635203 0.0575421 0.0510884 0.0444434 0.037816 0.0313679 0.0252415 0.0195798 0.0145301 0.0102285 0.00676978 0.0041755
 0.00777552 0.012682 0.019184 0.0272546 0.0366493 0.0467555 0.0565547 0.0648627 0.0707455 0.0738053 0.0741577 0.0722154 0.0684861 0.0634681 0.0576048 0.0512583 0.044703 0.0381399 0.031726 0.025602 0.019913 0.0148127 0.0104474 0.00692361 0.00427293
 0.00779309 0.0127162 0.0192446 0.0273512 0.0367849 0.0469189 0.0567159 0.0649777 0.0707706 0.0737141 0.073952 0.0719243 0.068156 0.0631496 0.0573416 0.0510806 0.0446243 0.0381577 0.0318237 0.0257536 0.0200885 0.0149842 0.0105941 0.00703478 0.0043478
 0.00792071 0.0129048 0.0194937 0.0276491 0.037113 0.0472577 0.0570479 0.065284 0.0710251 0.0738815 0.0739946 0.0718159 0.0678955 0.0627666 0.0568897 0.0506228 0.0442169 0.0378386 0.0316083 0.0256366 0.0200499 0.0149967 0.0106314 0.00707661 0.00438252
 0.00790827 0.0128843 0.0194622 0.0276029 0.0370478 0.0471697 0.0569366 0.0651561 0.0708972 0.073778 0.0739387 0.0718178 0.0679453 0.0628378 0.0569536 0.0506635 0.0442374 0.0378558 0.0316416 0.0256972 0.0201362 0.015097 0.0107299 0.00716034 0.00444474
 0.00780569 0.0127319 0.0192596 0.0273592 0.0367793 0.0468951 0.056674 0.0649216 0.0707054 0.0736421 0.0738711 0.071828 0.0680364 0.063002 0.0571705 0.0509042 0.0444746 0.0380727 0.0318343 0.02587 0.020294 0.0152398 0.0108533 0.00725897 0.00451627
 0.007821 0.0127406 0.0192434 0.0272935 0.0366415 0.0466783 0.0563953 0.0646202 0.0704284 0.0734275 0.0737372 0.0717749 0.0680547 0.0630809 0.0572996 0.0510716 0.0446649 0.0382689 0.0320219 0.0260404 0.0204442 0.0153691 0.0109608 0.00734346 0.00457762
 0.00787629 0.0128373 0.0193996 0.0275253 0.0369534 0.0470509 0.0567798 0.0649466 0.0706293 0.0734642 0.0736132 0.071529 0.0677409 0.0627497 0.0569882 0.0508031 0.0444499 0.0381089 0.0319116 0.0259713 0.020407 0.0153555 0.0109631 0.00735452 0.00459136
 0.00774039 0.0126235 0.0190931 0.0271214 0.036464 0.04651 0.0562446 0.064488 0.0703107 0.0733195 0.0736373 0.0716875 0.0679904 0.0630539 0.0573233 0.0511538 0.0448042 0.0384546 0.0322365 0.0262639 0.0206585 0.0155609 0.0111217 0.00746936 0.0046688
 0.00771393 0.0125602 0.0189609 0.0268795 0.0360752 0.0459596 0.0555575 0.0637328 0.0695863 0.0727294 0.0732622 0.0715664 0.0681154 0.0633795 0.0577853 0.0516884 0.0453599 0.0389947 0.0327362 0.0267064 0.0210328 0.0158616 0.0113495 0.00763097 0.00477522
 0.00777815 0.0126662 0.0191211 0.0271003 0.0363479 0.0462507 0.0558059 0.0638614 0.0695301 0.0724662 0.0728282 0.071046 0.0676104 0.0629749 0.0575274 0.0515818 0.0453794 0.0391018 0.0328928 0.0268813 0.0212032 0.0160124 0.011472 0.00772252 0.00483801
 0.00771287 0.0125763 0.0190162 0.0270008 0.0362805 0.0462397 0.0558631 0.0639786 0.0696756 0.0725899 0.0728771 0.0709856 0.0674429 0.0627418 0.0572933 0.0514079 0.0453018 0.0391249 0.0329956 0.0270313 0.0213682 0.0161674 0.0116019 0.00782097 0.00490585
 0.00773075 0.0125916 0.0190149 0.0269643 0.0361941 0.0461046 0.0557035 0.0638371 0.0695963 0.0725968 0.0729603 0.071104 0.067543 0.062782 0.0572623 0.0513277 0.0452145 0.0390711 0.0329978 0.0270889 0.0214635 0.0162766 0.0117043 0.00790422 0.00496569
 0.00773553 0.0126066 0.0190495 0.0270285 0.0362923 0.0462278 0.055827 0.0639278 0.0696286 0.0725675 0.0728907 0.071026 0.0674786 0.0627318 0.0572099 0.0512563 0.0451214 0.0389715 0.0329156 0.0270428 0.0214585 0.016304 0.0117484 0.00794999 0.00500357
 0.0076316 0.0124616 0.0188762 0.026855 0.0361553 0.0461611 0.0558498 0.0640378 0.0698023 0.0727664 0.0730735 0.0711628 0.0675593 0.0627644 0.0572099 0.0512354 0.0450855 0.0389248 0.0328664 0.0270031 0.0214382 0.0163059 0.0117674 0.00797673 0.00502943
 0.00750721 0.0122589 0.0185725 0.0264344 0.0356192 0.0455401 0.0552107 0.0634752 0.0694123 0.0726131 0.0731673 0.0714611 0.0679886 0.0632477 0.0576874 0.0516715 0.0454646 0.0392438 0.0331286 0.0272154 0.0216094 0.0164438 0.011877 0.0080606 0.00508955
 0.00736866 0.0120419 0.018261 0.0260184 0.0350963 0.0449184 0.0545145 0.0627517 0.0687326 0.0720636 0.072831 0.0713939 0.0682001 0.0636969 0.0582969 0.0523527 0.0461406 0.0398622 0.0336624 0.0276565 0.0219608 0.0167144 0.0120777 0.00820262 0.0051842
 0.0073308 0.0119779 0.0181601 0.0258692 0.0348888 0.0446478 0.0541841 0.0623739 0.0683272 0.0716572 0.0724579 0.0710971 0.0680264 0.0636843 0.0584584 0.0526677 0.0465601 0.040325 0.0341129 0.0280564 0.0222913 0.0169718 0.0122675 0.0083351 0.00527109
 0.00730527 0.0119201 0.0180432 0.0256595 0.0345548 0.0441751 0.0535884 0.0617028 0.0676496 0.0710452 0.071971 0.0707748 0.0678894 0.063739 0.0586993 0.0530762 0.0471006 0.0409457 0.034753 0.0286586 0.022813 0.0173907 0.0125805 0.0085527 0.00541151
 0.00732051 0.0119389 0.0180592 0.0256594 0.0345178 0.0440737 0.0533928 0.0613905 0.0672176 0.0705197 0.0714077 0.0702469 0.0674684 0.0634778 0.058625 0.05319 0.0473826 0.0413579 0.0352442 0.0291714 0.0232942 0.0178012 0.0129005 0.00878117 0.00556096
 0.00743507 0.0121193 0.018319 0.0260046 0.0349423 0.0445535 0.0538812 0.0618192 0.0675077 0.0706024 0.0712452 0.0698472 0.0668865 0.062803 0.0579579 0.0526189 0.0469658 0.0411172 0.0351675 0.029222 0.0234231 0.0179598 0.0130515 0.00890298 0.00564707
 0.00745938 0.0121635 0.0183942 0.0261242 0.0351185 0.0447926 0.0541773 0.0621508 0.0678383 0.0708838 0.0714257 0.069882 0.066751 0.062504 0.0575376 0.0521464 0.0465187 0.0407604 0.0349373 0.0291211 0.0234267 0.0180287 0.0131461 0.00899364 0.00571802
 0.00760691 0.0123929 0.0187197 0.0265516 0.0356441 0.0454012 0.0548397 0.0628227 0.0684631 0.0714005 0.0717776 0.0700247 0.0666583 0.0621742 0.0569975 0.0514518 0.0457482 0.040001 0.0342655 0.0285869 0.0230463 0.017788 0.0130127 0.00893062 0.00569416
 0.00766925 0.0124842 0.0188387 0.0266913 0.0357952 0.0455565 0.0549983 0.0629897 0.0686467 0.0716059 0.0720006 0.0702465 0.0668455 0.0622844 0.0569923 0.0513114 0.0454817 0.0396471 0.0338818 0.0282319 0.0227623 0.0175919 0.0128974 0.00887505 0.00567442
 0.00743953 0.0121441 0.0183889 0.0261543 0.035209 0.0449648 0.0544437 0.0625138 0.0682923 0.0714159 0.0720099 0.0704702 0.0672674 0.0628542 0.0576332 0.0519383 0.0460232 0.0400631 0.034169 0.0284159 0.0228805 0.0176771 0.0129685 0.00893736 0.00572586
 0.0072871 0.0118944 0.0180119 0.0256266 0.0345253 0.0441525 0.0535716 0.061684 0.0676139 0.0709723 0.0718398 0.07057 0.0676067 0.0633886 0.0583082 0.0526882 0.0467759 0.0407517 0.0347471 0.0288658 0.0232113 0.0179126 0.0131346 0.00905396 0.00580595
 0.00699175 0.0114175 0.0173012 0.0246385 0.0332373 0.0425816 0.0517941 0.0598424 0.0659 0.0695896 0.0709585 0.0702905 0.0679421 0.0642699 0.0596077 0.0542509 0.0484456 0.0423895 0.0362435 0.0301487 0.0242476 0.0187038 0.0137063 0.00944451 0.00605677
 0.00695335 0.0113331 0.0171326 0.0243344 0.0327428 0.0418547 0.0508236 0.0586592 0.0645782 0.0682409 0.069721 0.0693118 0.0673537 0.0641582 0.0599908 0.0550731 0.0495916 0.0437123 0.037595 0.0314047 0.0253233 0.0195586 0.0143384 0.00987963 0.00633509
 0.00695449 0.0113337 0.0171294 0.0243183 0.0326943 0.0417398 0.0505944 0.0582631 0.0639768 0.0674313 0.0687505 0.0682786 0.0663921 0.0634123 0.0595829 0.0550734 0.0499994 0.0444559 0.0385517 0.0324332 0.0262968 0.0203882 0.0149819 0.010336 0.00663162
 0.0070229 0.0114532 0.0173235 0.0246114 0.0331022 0.0422559 0.0511762 0.0588287 0.064416 0.0676301 0.0686217 0.0677898 0.0655831 0.0623948 0.058519 0.0541367 0.0493308 0.0441289 0.0385586 0.0326985 0.0267087 0.0208357 0.0153822 0.0106465 0.00684482
 0.00703099 0.0114814 0.0173944 0.0247566 0.033356 0.0426441 0.0517028 0.0594668 0.0651047 0.0682782 0.0691197 0.0680308 0.0654906 0.0619502 0.0577775 0.0532211 0.0484018 0.04334 0.0380138 0.032428 0.0266734 0.0209541 0.0155663 0.0108285 0.00698824
 0.00705693 0.0115256 0.0174655 0.0248666 0.0335204 0.0428811 0.0520304 0.0598958 0.0656294 0.0688681 0.069715 0.0685457 0.0658288 0.0620278 0.0575502 0.0527055 0.0476796 0.0425399 0.0372738 0.031853 0.0263084 0.0207829 0.0155331 0.0108679 0.00704873
 0.00699925 0.0114342 0.0173332 0.02469 0.0333034 0.042639 0.051793 0.0597074 0.0655421 0.0689279 0.0699457 0.0689354 0.0663236 0.0625392 0.0579752 0.0529579 0.0477198 0.0423901 0.0370086 0.0315692 0.0260866 0.020662 0.015507 0.0109031 0.007107
 0.00706606 0.0115388 0.0174825 0.0248861 0.0335419 0.0429065 0.0520667 0.0599583 0.0657436 0.0690664 0.0700267 0.0689809 0.0663589 0.0625763 0.0580011 0.052936 0.0476068 0.0421611 0.0366761 0.0311834 0.0257153 0.0203621 0.0153049 0.0107923 0.00706133
 0.00708491 0.0115657 0.0175162 0.0249238 0.0335802 0.0429438 0.0521041 0.0599988 0.0657895 0.0691177 0.070082 0.0690395 0.0664237 0.0626521 0.0580883 0.0530227 0.0476677 0.0421656 0.0366047 0.0310411 0.0255328 0.0201814 0.0151606 0.0106989 0.00701384
 0.00708197 0.011567 0.0175289 0.0249574 0.0336429 0.0430378 0.052222 0.0601248 0.0659052 0.0692092 0.0701437 0.0690737 0.0664377 0.0626544 0.0580864 0.0530198 0.0476593 0.0421393 0.0365458 0.030942 0.0254007 0.0200376 0.0150305 0.0106005 0.00695161
#obs surv len freq
 0.00497295 0.00814497 0.0123876 0.0177138 0.0239965 0.0308696 0.0377074 0.0437875 0.0485609 0.0518287 0.0537104 0.0544905 0.0544866 0.053993 0.0532689 0.052528 0.0519166 0.0514707 0.0510527 0.0502935 0.0486107 0.0453733 0.0402042 0.0332722 0.025359
 0.00518167 0.00848844 0.0129124 0.0184661 0.0250136 0.0321657 0.0392587 0.0455262 0.0503841 0.0536168 0.0553467 0.0558727 0.0555303 0.054631 0.0534491 0.0522152 0.0510983 0.0501662 0.0493206 0.0482362 0.0463717 0.0431251 0.0381235 0.0315063 0.0239936
 0.00541911 0.00887469 0.0134944 0.0192884 0.0261109 0.0335503 0.0409074 0.0473739 0.0523309 0.0555449 0.0571371 0.0574164 0.0567337 0.0554176 0.0537592 0.0520049 0.0503413 0.0488613 0.0475054 0.0460015 0.0438684 0.0405539 0.0357034 0.0294277 0.0223734
 0.00564673 0.00925052 0.0140707 0.0201174 0.0272342 0.034983 0.0426215 0.0492939 0.0543463 0.0575323 0.0589798 0.0590134 0.0579998 0.0562805 0.0541573 0.0518868 0.0496683 0.0476156 0.0457052 0.043721 0.0412523 0.037813 0.0330821 0.0271481 0.0205802
 0.00589887 0.00966059 0.0146885 0.02099 0.0283982 0.0364514 0.0443691 0.0512504 0.0564039 0.0595648 0.0608625 0.0606368 0.0592757 0.0571416 0.0545519 0.0517726 0.0490098 0.0463894 0.0439168 0.0414287 0.0385883 0.0349858 0.0303461 0.0247447 0.0186736
 0.00611555 0.0100208 0.0152451 0.0217972 0.0295002 0.0378648 0.0460667 0.0531562 0.0584058 0.0615378 0.0626892 0.062217 0.0605275 0.0579996 0.0549643 0.051698 0.0484144 0.0452499 0.0422329 0.0392466 0.036025 0.0322364 0.0276584 0.022362 0.0167687
 0.00638419 0.0104527 0.0158865 0.0226888 0.0306708 0.0393211 0.04778 0.0550563 0.0603875 0.0634778 0.0644655 0.0637238 0.0616828 0.0587458 0.0552635 0.051524 0.0477468 0.0440741 0.0405515 0.0371009 0.0335203 0.0295525 0.0250293 0.0200229 0.0148907
 0.00660171 0.0108174 0.0164554 0.0235201 0.0318101 0.0407802 0.0495183 0.0569781 0.0623611 0.0653664 0.0661516 0.0651183 0.0627223 0.0593862 0.0554751 0.0512877 0.04705 0.0429108 0.0389301 0.035062 0.0311594 0.0270316 0.0225613 0.017824 0.013121
 0.00683346 0.0111952 0.0170264 0.0243298 0.0328951 0.0421549 0.0511599 0.0588171 0.0642865 0.0672427 0.0678419 0.0665051 0.0637213 0.0599503 0.0555877 0.050951 0.0462737 0.0417074 0.0373205 0.0330917 0.0289184 0.0246663 0.0202614 0.0157823 0.01148
 0.00703903 0.0115333 0.0175421 0.0250671 0.0338875 0.0434115 0.0526514 0.0604724 0.066004 0.0689096 0.069351 0.0677631 0.0646518 0.0604964 0.0557156 0.0506498 0.045551 0.0405838 0.0358284 0.0312842 0.0268838 0.0225368 0.0182034 0.0139624 0.0100205
 0.0072677 0.0119055 0.0181028 0.0258576 0.0349362 0.0447205 0.0541822 0.0621423 0.0676978 0.0705031 0.0707334 0.0688497 0.0653871 0.0608499 0.0556762 0.05022 0.0447441 0.0394231 0.0343504 0.0295453 0.0249704 0.02057 0.0163287 0.0123217 0.00871412
 0.00742583 0.0121702 0.0185154 0.0264608 0.0357653 0.0457883 0.055465 0.0635749 0.0691828 0.0719306 0.0719992 0.0698682 0.0660963 0.0612132 0.0556794 0.0498668 0.0440503 0.0384139 0.0330622 0.0280324 0.0233125 0.018875 0.0147225 0.0109233 0.00760573
 0.00750333 0.012297 0.0187086 0.0267395 0.0361501 0.0462986 0.0561141 0.064363 0.070091 0.0729172 0.0730013 0.0708088 0.0668952 0.0617992 0.0559993 0.0498886 0.0437636 0.0378271 0.0322023 0.0269468 0.0220728 0.0175765 0.0134745 0.00982788 0.00673352
 0.00755798 0.0123806 0.0188249 0.0268897 0.0363346 0.0465197 0.056378 0.0646799 0.0704734 0.0733753 0.0735361 0.0714039 0.0675124 0.0623802 0.0564747 0.0501914 0.0438415 0.0376512 0.0317708 0.0262873 0.0212418 0.0166558 0.0125592 0.00900786 0.00607218
 0.00764994 0.0125205 0.0190174 0.0271319 0.0366165 0.0468253 0.0566875 0.064973 0.0707355 0.0736036 0.0737419 0.0716073 0.0677312 0.0626171 0.0567098 0.0503835 0.0439373 0.0376004 0.0315406 0.0258738 0.0206743 0.0159933 0.0118789 0.0083856 0.00556379
 0.00771203 0.0126194 0.019162 0.027328 0.0368638 0.047115 0.0569994 0.0652779 0.071002 0.0738084 0.0738772 0.0716832 0.0677704 0.0626454 0.0567444 0.0504235 0.0439611 0.0375706 0.0314178 0.0256324 0.0203153 0.0155479 0.0114008 0.00793465 0.0051874
 0.00776058 0.0126928 0.0192624 0.0274541 0.0370123 0.0472815 0.0571793 0.065465 0.0711866 0.0739775 0.0740167 0.0717822 0.067826 0.0626643 0.0567402 0.0504092 0.0439401 0.0375323 0.0313396 0.0254903 0.0200976 0.0152643 0.0110823 0.00762285 0.00491973
 0.00782742 0.0127959 0.0194068 0.02764 0.0372338 0.0475268 0.0574305 0.0657001 0.0713847 0.0741237 0.0741052 0.0718149 0.0678088 0.0626051 0.0566488 0.0502968 0.0438167 0.0374023 0.0311991 0.0253288 0.0199054 0.0150417 0.0108435 0.00739202 0.0047212
 0.0078573 0.0128449 0.0194813 0.0277453 0.0373732 0.0476982 0.0576247 0.0659007 0.0715715 0.0742777 0.0742135 0.0718722 0.0678173 0.0625716 0.0565818 0.0502052 0.0437084 0.0372832 0.0310712 0.0251903 0.0197533 0.0148763 0.010672 0.0072283 0.00458027
 0.00786259 0.0128494 0.0194808 0.0277346 0.0373486 0.0476614 0.0575847 0.0658728 0.0715712 0.0743144 0.0742862 0.0719707 0.0679259 0.0626747 0.0566676 0.0502668 0.0437435 0.0372921 0.0310552 0.0251504 0.0196906 0.0147941 0.0105773 0.00713157 0.00449309
 0.00787006 0.012857 0.0194837 0.0277254 0.0373185 0.0476039 0.0574988 0.0657653 0.0714571 0.0742144 0.0742217 0.0719576 0.067969 0.0627659 0.0567894 0.0503981 0.0438655 0.0373915 0.0311249 0.025188 0.0196973 0.0147739 0.0105375 0.00708195 0.00444354
 0.0079147 0.0129223 0.0195681 0.0278218 0.0374154 0.0476871 0.0575541 0.0657807 0.0714258 0.0741382 0.0741127 0.0718362 0.0678588 0.0626869 0.0567513 0.0503991 0.0438939 0.0374316 0.0311618 0.0252111 0.0197019 0.0147603 0.0105101 0.00704735 0.0044089
 0.00790024 0.012904 0.0195498 0.0278097 0.0374154 0.0477011 0.0575773 0.0658025 0.0714338 0.0741233 0.0740729 0.0717776 0.067794 0.0626311 0.0567186 0.0503976 0.0439238 0.0374846 0.0312247 0.0252701 0.0197466 0.014786 0.0105176 0.00704163 0.00439634
 0.00789071 0.0128838 0.0195112 0.0277443 0.0373177 0.0475739 0.0574346 0.0656669 0.0713285 0.0740626 0.0740576 0.0717975 0.0678353 0.0626836 0.0567786 0.0504666 0.0440044 0.0375765 0.0313224 0.0253646 0.019828 0.0148475 0.0105573 0.00706234 0.0044036
 0.00788513 0.0128725 0.0194899 0.0277069 0.0372573 0.0474844 0.0573138 0.0655194 0.0711675 0.073909 0.0739353 0.0717258 0.0678222 0.0627246 0.0568603 0.0505737 0.0441245 0.0377012 0.0314458 0.0254805 0.0199297 0.0149294 0.0106166 0.00710013 0.00442436
 0.00789493 0.0128837 0.019498 0.0277045 0.0372357 0.0474366 0.0572364 0.065414 0.0710404 0.0737702 0.0737983 0.0716071 0.0677384 0.0626881 0.0568755 0.0506357 0.0442212 0.0378181 0.0315693 0.0255997 0.0200362 0.0150174 0.0106831 0.0071456 0.00445204
 0.00785697 0.0128278 0.0194245 0.027617 0.0371392 0.0473352 0.0571321 0.065307 0.0709315 0.0736634 0.0737009 0.0715289 0.0676897 0.0626777 0.0569088 0.0507128 0.0443363 0.0379599 0.0317234 0.0257515 0.0201736 0.015132 0.0107711 0.00720743 0.00449144
 0.00781656 0.0127582 0.0193132 0.0274518 0.0369134 0.0470541 0.0568173 0.0649946 0.0706615 0.0734671 0.0735931 0.0715076 0.0677434 0.0627919 0.0570705 0.0509111 0.044561 0.0381996 0.0319648 0.0259805 0.0203772 0.0153008 0.0109008 0.0072992 0.00455081
 0.00781699 0.0127522 0.0192915 0.0274009 0.0368181 0.0469021 0.056605 0.0647311 0.0703695 0.0731801 0.0733484 0.0713371 0.0676657 0.0628089 0.0571704 0.0510746 0.0447676 0.0384305 0.0322031 0.0262108 0.0205857 0.0154769 0.0110386 0.00739841 0.00461611
 0.00777962 0.0126979 0.0192213 0.0273189 0.0367282 0.046805 0.0564958 0.064601 0.0702119 0.0729965 0.0731523 0.0711532 0.0675234 0.0627338 0.0571764 0.0511613 0.0449217 0.0386311 0.0324273 0.026437 0.020796 0.0156579 0.0111825 0.0075036 0.00468635
 0.00774006 0.0126288 0.0191092 0.0271503 0.0364955 0.0465131 0.0561672 0.0642726 0.069923 0.0727758 0.0730102 0.0710855 0.0675203 0.0627889 0.0572887 0.051331 0.0451447 0.0388956 0.0327143 0.0267241 0.0210618 0.0158858 0.0113633 0.00763558 0.00477456
 0.00770813 0.0125745 0.0190229 0.027021 0.0363126 0.0462703 0.0558669 0.0639299 0.0695668 0.0724445 0.0727437 0.0709145 0.0674591 0.0628339 0.0574241 0.0515373 0.0454034 0.03919 0.0330272 0.0270359 0.0213524 0.0161376 0.0115649 0.00778404 0.00487448
 0.00768952 0.0125447 0.0189788 0.0269591 0.0362291 0.0461606 0.0557266 0.0637563 0.0693611 0.0722151 0.0725077 0.0706972 0.0672894 0.0627366 0.0574133 0.0516131 0.0455544 0.0393978 0.0332705 0.0272931 0.0216021 0.0163613 0.0117494 0.00792314 0.00496999
 0.00766117 0.0125013 0.0189183 0.0268814 0.0361359 0.0460548 0.0556118 0.063636 0.069238 0.07209 0.0723813 0.0705722 0.0671738 0.0626446 0.0573626 0.0516193 0.0456251 0.0395298 0.0334506 0.0275013 0.0218163 0.0165608 0.0119185 0.00805365 0.00506133
 0.00766712 0.012508 0.0189231 0.02688 0.0361236 0.0460286 0.0555713 0.0635836 0.0691772 0.072023 0.0723082 0.0704917 0.0670856 0.0625525 0.0572762 0.051553 0.0455944 0.0395459 0.0335157 0.0276076 0.0219479 0.0166984 0.0120446 0.00815647 0.00513626
 0.00764004 0.0124721 0.0188838 0.0268468 0.0361064 0.0460325 0.0555935 0.0636137 0.0692016 0.0720311 0.0722954 0.0704587 0.0670362 0.0624913 0.057209 0.0514877 0.045542 0.039518 0.0335214 0.027649 0.0220188 0.0167861 0.0121339 0.00823466 0.00519627
 0.00759291 0.0123948 0.018767 0.0266837 0.035897 0.0457883 0.0553399 0.0633864 0.0690354 0.0719478 0.0722962 0.070528 0.0671498 0.0626262 0.057348 0.0516214 0.0456675 0.0396376 0.0336398 0.0277701 0.0221424 0.0169068 0.0122436 0.00832549 0.00526408
 0.00757335 0.0123617 0.0187145 0.0266052 0.035786 0.0456408 0.0551576 0.0631794 0.0688237 0.0717585 0.0721576 0.0704607 0.06716 0.0627047 0.0574745 0.0517728 0.0458251 0.0397902 0.0337832 0.0279042 0.0222676 0.0170217 0.0123442 0.00840755 0.0053253
 0.00755536 0.0123325 0.0186705 0.026543 0.0357025 0.0455342 0.055028 0.06303 0.0686614 0.0715938 0.0720054 0.0703393 0.0670877 0.0626942 0.0575286 0.0518823 0.0459722 0.0399552 0.0339495 0.028061 0.0224091 0.0171448 0.0124468 0.00848829 0.00538415
 0.00756188 0.0123421 0.0186831 0.0265574 0.0357162 0.0455432 0.0550271 0.0630128 0.0686218 0.0715281 0.071914 0.0702287 0.0669708 0.0625882 0.0574512 0.0518466 0.0459825 0.0400058 0.0340282 0.0281538 0.0225038 0.0172327 0.0125224 0.00854875 0.00542878
 0.00752754 0.0122901 0.0186122 0.0264691 0.0356147 0.0454348 0.0549193 0.0629137 0.0685385 0.071465 0.0718718 0.0702046 0.066961 0.062591 0.0574684 0.0518829 0.046043 0.0400921 0.0341364 0.0282746 0.0226255 0.0173444 0.0126166 0.00862179 0.00548081
 0.00752241 0.012282 0.0186004 0.0264533 0.035595 0.0454118 0.0548945 0.0628888 0.068515 0.0714432 0.0718506 0.0701821 0.0669356 0.0625625 0.057439 0.0518578 0.0460289 0.0400957 0.0341614 0.0283196 0.0226845 0.0174084 0.0126769 0.00867217 0.00551848
 0.00751125 0.0122638 0.0185728 0.0264144 0.0355439 0.0453497 0.0548252 0.0628189 0.0684522 0.0713946 0.0718206 0.0701713 0.0669412 0.0625798 0.057463 0.0518852 0.0460592 0.0401311 0.0342045 0.0283719 0.022744 0.0174704 0.012735 0.00872095 0.00555521
 0.00752223 0.0122812 0.0185983 0.0264484 0.0355857 0.0453959 0.0548699 0.0628544 0.0684712 0.0713925 0.0717976 0.0701317 0.0668916 0.0625266 0.0574113 0.0518381 0.046019 0.0400997 0.0341844 0.0283649 0.0227502 0.0174872 0.0127578 0.00874458 0.00557557
 0.0075092 0.012264 0.0185795 0.0264332 0.0355799 0.0454041 0.0548933 0.06289 0.0685125 0.0714315 0.0718264 0.0701451 0.0668882 0.0625084 0.0573831 0.0518055 0.0459871 0.0400725 0.0341646 0.0283544 0.0227496 0.0174953 0.0127717 0.00876059 0.00559032
 0.00747389 0.0122092 0.0185023 0.0263336 0.0354618 0.0452765 0.0547701 0.0627884 0.0684484 0.0714143 0.0718555 0.0702107 0.0669753 0.0626023 0.0574725 0.0518845 0.0460542 0.0401293 0.0342137 0.0283982 0.0227896 0.017532 0.0128044 0.00878798 0.00561145
 0.00747389 0.0122092 0.0185023 0.0263336 0.0354618 0.0452765 0.0547701 0.0627884 0.0684484 0.0714143 0.0718555 0.0702107 0.0669753 0.0626023 0.0574725 0.0518845 0.0460542 0.0401293 0.0342137 0.0283982 0.0227896 0.017532 0.0128044 0.00878798 0.00561145
 0.00730104 0.0119284 0.0180818 0.0257482 0.0347033 0.0443674 0.0537745 0.0618098 0.0676089 0.0708231 0.0715815 0.07027 0.067335 0.0631947 0.0582141 0.0526928 0.0468606 0.0408842 0.0348864 0.0289728 0.0232608 0.0179016 0.0130798 0.00898135 0.00573801
 0.00723922 0.0118097 0.0178696 0.0253972 0.0341707 0.0436309 0.0528502 0.0607601 0.0665359 0.0698492 0.0708263 0.0698275 0.0672554 0.0634753 0.0588026 0.0535021 0.0477896 0.0418379 0.0357891 0.0297729 0.02393 0.0184307 0.0134742 0.0092568 0.00591687
 0.00705062 0.0115084 0.0174255 0.0247851 0.0333735 0.0426462 0.0516996 0.0594966 0.0652443 0.068639 0.0698177 0.069134 0.0669644 0.0636306 0.0593925 0.0544603 0.0490077 0.0431866 0.037142 0.0310253 0.0250098 0.0193009 0.0141293 0.0097157 0.0062144
 0.00702792 0.0114565 0.0173196 0.0245917 0.0330578 0.0421826 0.0510818 0.0587409 0.0643862 0.0677269 0.0689116 0.0683073 0.0663029 0.0632228 0.0593104 0.0547371 0.0496235 0.0440685 0.0381798 0.0320974 0.0260082 0.0201497 0.0147916 0.0101906 0.00652663
 0.00704768 0.0114963 0.0173918 0.0247078 0.0332192 0.0423695 0.0512469 0.0588155 0.0643001 0.0674337 0.0684059 0.0676281 0.0655264 0.0624492 0.0586492 0.0542884 0.0494557 0.0442003 0.0385734 0.0326691 0.026653 0.0207694 0.0153167 0.0105885 0.00679816
 0.00711595 0.0116132 0.0175784 0.0249871 0.0336094 0.0428742 0.0518433 0.0594481 0.0648831 0.0678654 0.068591 0.0675031 0.0650803 0.061732 0.0577636 0.0533685 0.0486369 0.0435891 0.0382244 0.0325764 0.0267598 0.0209922 0.015573 0.0108188 0.00697274
 0.00715638 0.0116891 0.0177117 0.0252048 0.033938 0.0433299 0.052422 0.0601197 0.0655927 0.0685386 0.0691421 0.0678457 0.0651432 0.0614788 0.0572098 0.0525861 0.0477432 0.0427183 0.0374937 0.0320569 0.0264645 0.0208838 0.0155873 0.0108902 0.00705333
 0.00714684 0.0116807 0.0177131 0.0252306 0.0340085 0.0434677 0.0526484 0.0604484 0.0660234 0.0690505 0.0696907 0.0683649 0.065554 0.0617045 0.0571952 0.0523165 0.0472549 0.0420954 0.036846 0.0314879 0.0260417 0.0206253 0.0154685 0.0108639 0.00707238
 0.00709348 0.011596 0.01759 0.0250665 0.0338079 0.0432471 0.0524387 0.0602932 0.0659706 0.0691385 0.0699352 0.0687501 0.0660317 0.0622002 0.0576229 0.0525998 0.0473491 0.0420025 0.0366151 0.0311972 0.02577 0.0204257 0.0153566 0.0108249 0.00707707
 0.0071266 0.0116444 0.0176525 0.0251375 0.0338785 0.0433064 0.0524768 0.0603049 0.0659593 0.0691193 0.0699334 0.0687937 0.066139 0.0623687 0.0578235 0.0527817 0.0474563 0.0419951 0.0364866 0.0309787 0.0255166 0.0201937 0.0151827 0.0107184 0.0070257
 0.00711567 0.0116294 0.0176349 0.0251201 0.0338637 0.0432948 0.0524658 0.0602894 0.0659348 0.0690854 0.0698973 0.0687708 0.0661496 0.0624303 0.0579411 0.0529405 0.0476219 0.0421244 0.0365449 0.0309552 0.0254285 0.0200762 0.0150717 0.0106362 0.00697743
 0.00708525 0.0115797 0.0175599 0.0250153 0.0337281 0.0431338 0.0522927 0.0601239 0.0657974 0.0689912 0.0698524 0.0687744 0.0661985 0.0625234 0.0580786 0.0531188 0.0478277 0.0423321 0.0367234 0.031079 0.0254892 0.0200843 0.0150498 0.0106068 0.00695441
#pred catch len freq
 0.00365712 0.00591507 0.0088807 0.0125817 0.017038 0.0222106 0.027935 0.0339121 0.0397702 0.0451439 0.0497292 0.0533212 0.055842 0.0573438 0.0579801 0.0579672 0.0575511 0.0569659 0.056346 0.0555899 0.0542508 0.0515968 0.0469283 0.0400379 0.0315052
 0.00403043 0.00646524 0.00960695 0.0134563 0.0180268 0.0232993 0.0291388 0.0352557 0.0412464 0.0466799 0.0511882 0.0545442 0.0567079 0.0578116 0.0580899 0.0578 0.0571706 0.0563707 0.055459 0.0542966 0.0524766 0.0493848 0.0444682 0.037618 0.0294078
 0.00425199 0.00685215 0.0102354 0.014405 0.0193499 0.0249904 0.0311078 0.0373439 0.0432791 0.0485238 0.0527712 0.0558306 0.0576593 0.0583735 0.0582147 0.0574772 0.0564318 0.0552604 0.0539966 0.052468 0.0502719 0.0468629 0.0417966 0.0350495 0.0271965
 0.00448911 0.00722558 0.01078 0.0151585 0.0203613 0.0263224 0.0328207 0.0394563 0.0457226 0.0511214 0.0552666 0.0579606 0.0592291 0.0592912 0.0584738 0.0571168 0.0555056 0.0538231 0.0520989 0.0501582 0.0476143 0.043971 0.0388573 0.0323035 0.0248721
 0.00474493 0.00763849 0.0113962 0.0160206 0.0215026 0.02776 0.0345488 0.0414457 0.0479252 0.053469 0.0576562 0.060237 0.0611889 0.0607217 0.0592087 0.0570759 0.0546958 0.0523103 0.0499765 0.0475334 0.044617 0.0407744 0.0356855 0.0294054 0.0224618
 0.00497241 0.00800382 0.0119394 0.0167802 0.0225144 0.0290513 0.0361273 0.043288 0.0499716 0.0556282 0.059818 0.0622835 0.0629979 0.0621627 0.0601438 0.0573753 0.0542671 0.0511237 0.0480732 0.0450204 0.0416599 0.0375924 0.0325378 0.026554 0.0201137
 0.00527695 0.0084787 0.0126178 0.0176834 0.0236536 0.0304289 0.0377331 0.0450919 0.0519178 0.0576354 0.0617851 0.0640998 0.0645551 0.0633619 0.0608952 0.0575932 0.0538714 0.0500546 0.0463178 0.0426381 0.038797 0.0344759 0.029446 0.0237619 0.0178294
 0.00557889 0.00895789 0.0133175 0.0186368 0.0248792 0.0319233 0.0394621 0.0469865 0.0538823 0.0595636 0.0635754 0.0656639 0.0658192 0.0642645 0.0613826 0.0576146 0.0533747 0.0489921 0.0446646 0.0404227 0.0361293 0.031556 0.0265374 0.0211327 0.0156824
 0.00581685 0.00934791 0.013911 0.0194852 0.0260259 0.0333891 0.0412278 0.0489818 0.0559898 0.0616366 0.0654631 0.0672364 0.0669849 0.064975 0.0616233 0.0573861 0.0526758 0.0478134 0.0429998 0.0382958 0.0336271 0.0288453 0.0238485 0.0187074 0.0137061
 0.00606666 0.00975407 0.0145237 0.0203548 0.0271975 0.034891 0.0430546 0.0510792 0.0582487 0.0639006 0.0675497 0.0689669 0.068217 0.0656263 0.061676 0.056872 0.0516495 0.0463291 0.0411047 0.0360445 0.0311092 0.026207 0.0212862 0.0164269 0.0118642
 0.00628638 0.0101104 0.01506 0.0211149 0.0282223 0.0362105 0.0446745 0.0529672 0.060326 0.0660431 0.0695978 0.0707459 0.069564 0.0664185 0.0618495 0.0564255 0.0506318 0.044818 0.0391888 0.033819 0.0286872 0.0237325 0.018931 0.0143616 0.0102137
 0.00646167 0.0103891 0.0154687 0.0216778 0.028961 0.0371424 0.0458078 0.0542929 0.0618114 0.0676279 0.0711935 0.0722398 0.0708296 0.0673315 0.0623078 0.0563657 0.0500394 0.0437261 0.0376697 0.0319742 0.0266426 0.0216358 0.0169418 0.012627 0.00883499
 0.00667952 0.0107278 0.0159504 0.0223142 0.0297544 0.0380861 0.0468837 0.0554688 0.0630412 0.0688553 0.0723576 0.0732783 0.0716802 0.0679319 0.0625974 0.0562919 0.0495672 0.0428499 0.0364216 0.0304271 0.0249063 0.0198476 0.0152485 0.0111579 0.00767487
 0.00689154 0.0110415 0.0163661 0.0228149 0.030315 0.0386866 0.047517 0.0561386 0.0637513 0.0695984 0.0731096 0.0739999 0.072323 0.0684442 0.0629277 0.0563907 0.0493912 0.0423704 0.0356362 0.0293704 0.0236547 0.018512 0.0139553 0.0100219 0.00677211
 0.00691408 0.0110892 0.0164567 0.0229683 0.0305438 0.0389852 0.0478573 0.0564789 0.0640584 0.0698686 0.0733718 0.0742973 0.0726838 0.0688614 0.0633559 0.0567586 0.0496206 0.0423937 0.0354117 0.028894 0.0229658 0.0176898 0.0131027 0.00923949 0.00613284
