SBPRF35
12.7214
Curr Bio
887492
B35
888515
F35
0.170547
FOFL
0.163695
OFL
114420
Bzero
3.63469e+006
#pred survey bio
 3.69939e+006 3.57513e+006 3.46184e+006 3.30694e+006 3.10207e+006 2.86324e+006 2.60518e+006 2.37611e+006 2.1297e+006 1.87579e+006 1.64233e+006 1.43688e+006 1.25223e+006 1.10799e+006 992038 884476 792173 705263 662116 613721 577790 560222 553917 535902 528644 520478 508202 500802 508526 518538 536501 542904 555872 571688 595770 608834 625547 633920 642241 648120 660082 673402 677873 681812 686069 698131 699812 696746 695989 698409 703190 750152 774062 786558 814824 848523 871663 891476 900897 921585 934119 930394 893730 3.01135e+007 1.77623e+007 1.78265e+007 1.85383e+007 1.96997e+007 2.10577e+007 2.24159e+007 2.36549e+007 2.47195e+007 2.5598e+007 2.63025e+007 2.68566e+007 2.72866e+007 2.76173e+007 2.78704e+007 2.80636e+007 2.82111e+007 2.83238e+007 2.84102e+007 2.84767e+007 2.8528e+007 2.85678e+007 2.85989e+007 2.86232e+007 2.86423e+007 2.86574e+007 2.86694e+007 2.86788e+007 2.86864e+007 2.86925e+007 2.86974e+007 2.87013e+007 2.87044e+007 2.8707e+007 2.87091e+007 2.87108e+007 2.87121e+007 2.87132e+007 2.87141e+007 2.87149e+007 2.87155e+007 2.8716e+007 2.87164e+007 2.87167e+007 2.8717e+007 2.87172e+007 2.87174e+007 2.87175e+007 2.87176e+007 2.87177e+007 2.87178e+007 2.87179e+007 2.87179e+007 2.8718e+007 2.8718e+007 2.8718e+007 2.87181e+007 2.87181e+007 2.87181e+007 2.87181e+007 2.87181e+007 2.87181e+007 2.87181e+007 2.87182e+007 2.87182e+007 2.87182e+007 2.87182e+007 2.87182e+007 2.87182e+007 2.87182e+007 2.87182e+007 2.87182e+007 2.87182e+007 2.87182e+007 2.87182e+007 2.87182e+007 2.87182e+007 2.87182e+007 2.87182e+007 2.87182e+007 2.87182e+007 2.87182e+007 2.87182e+007 2.87182e+007 2.87182e+007 2.87182e+007 2.87182e+007 2.87182e+007 2.87182e+007 2.87182e+007 2.87182e+007 2.87182e+007 2.87182e+007 2.87182e+007 2.87182e+007 2.87182e+007 2.87182e+007 2.87182e+007 2.87182e+007 2.87182e+007 0 0 0 0 0 0 0 0 0 0 0 0 0 0 0 0 0 0 0 0 0 0 0 0 0
#obs survey bio
 3.73341e+006 2.80665e+006 3.62506e+006 2.24496e+006 3.66672e+006 2.07187e+006 3.68691e+006 2.38882e+006 1.76884e+006 1.77595e+006 1.49229e+006 1.50033e+006 1.35441e+006 922270 1.0244e+006 924986 657617 539928 615851 424232 585288 383981 568676 800837 490407 443677 362095 308536 509134 544591 605821 568255 577921 646992 531924 451554 646787 440805 906988 856354 704110 863730 461755 978469 758309 548350 749761 673293 467678 468560 943865 953480 829837 628379 646102 975524 830581 616317 1.01268e+006 1.37101e+006 903233 981050 748839
#pred catch bio
 110317 105838 152306 209276 254015 286831 276312 307963 329279 322578 305970 292521 259553 236512 229020 213220 203928 161956 161888 145842 126638 115702 123960 112925 112293 113877 108056 95048.5 93719.6 87669.9 97117.7 90849.8 88701.1 82918.5 93750.6 92058.4 100368 100955 103229 98392 97842.5 105390 105178 104166 97720.4 107364 111662 110180 108489 107550 73889.3 95829.9 106054 94117.5 92386.1 103491 107071 115953 105629 111374 122965 147104 137943 114420 116607 115707 118868 125644 133993 142377 149941 156322 161461 165462 168499 170761 172419 173621 174483 175098 175533 175840 176056 176207 176312 176386 176437 176472 176497 176514 176526 176534 176539 176543 176546 176548 176549 176550 176550 176551 176551 176551 176551 176552 176552 176552 176552 176552 176552 176552 176552 176552 176552 176552 176552 176552 176552 176552 176552 176552 176552 176552 176552 176552 176552 176552 176552 176552 176552 176552 176552 176552 176552 176552 176552 176552 176552 176552 176552 176552 176552 176552 176552 176552 176552 176552 176552 176552 176552 176552 176552 176552 176552 176552 176552 176552 176552 176552 176552 176552 176552 176552 176552 0 0 0 0 0 0 0 0 0 0 0 0 0 0 0 0 0 0 0 0 0 0 0 0 0
#obs catch bio
 0 105493 152346 209890 254606 287827 275579 307614 330232 324884 308574 295932 262003 238980 232936 215702 207807 164688 165234 148628 127839 117139 126001 114000 113974 115458 109536 96513.4 94992 88632.1 98209.4 90909.4 88885 82771.3 93734.8 92111.5 100665 101528 103333 98383.5 97983.7 105175 105426 103714 96795.7 107170 111221 109830 108812 108332 73546.9 96011.4 106398 94271.8 92705.6 104051 107562 116794 106240 111547 122853 147016 137918
#pred cpue bio
 3.64418e+006 3.52191e+006 3.40985e+006 3.25521e+006 3.0509e+006 2.81303e+006 2.55614e+006 2.32782e+006 2.08234e+006 1.82973e+006 1.59786e+006 1.39414e+006 1.21144e+006 1.06871e+006 953895 847816 757206 672336 630442 583871 549446 532604 526461 509077 502188 494440 482721 475640 483212 493133 510942 517707 530684 546236 569741 582404 598542 606662 614847 620728 632486 645622 650178 654251 658644 670356 671795 668644 667672 669786 674359 720403 744242 756547 783822 816515 839294 858962 868398 889059 902001 898876 863508 2.91134e+007 1.71809e+007 1.71068e+007 1.76465e+007 1.87397e+007 2.00795e+007 2.14335e+007 2.26716e+007 2.37361e+007 2.46145e+007 2.53191e+007 2.58732e+007 2.63031e+007 2.66339e+007 2.68869e+007 2.70802e+007 2.72277e+007 2.73404e+007 2.74268e+007 2.74932e+007 2.75446e+007 2.75844e+007 2.76154e+007 2.76397e+007 2.76588e+007 2.76739e+007 2.76859e+007 2.76954e+007 2.7703e+007 2.7709e+007 2.77139e+007 2.77178e+007 2.7721e+007 2.77235e+007 2.77256e+007 2.77273e+007 2.77287e+007 2.77298e+007 2.77307e+007 2.77314e+007 2.7732e+007 2.77325e+007 2.77329e+007 2.77333e+007 2.77335e+007 2.77337e+007 2.77339e+007 2.77341e+007 2.77342e+007 2.77343e+007 2.77344e+007 2.77344e+007 2.77345e+007 2.77345e+007 2.77346e+007 2.77346e+007 2.77346e+007 2.77346e+007 2.77347e+007 2.77347e+007 2.77347e+007 2.77347e+007 2.77347e+007 2.77347e+007 2.77347e+007 2.77347e+007 2.77347e+007 2.77347e+007 2.77347e+007 2.77347e+007 2.77347e+007 2.77347e+007 2.77347e+007 2.77347e+007 2.77347e+007 2.77347e+007 2.77347e+007 2.77347e+007 2.77347e+007 2.77347e+007 2.77347e+007 2.77347e+007 2.77347e+007 2.77347e+007 2.77347e+007 2.77347e+007 2.77347e+007 2.77347e+007 2.77347e+007 2.77347e+007 2.77347e+007 2.77347e+007 2.77347e+007 2.77347e+007 2.77347e+007 2.77347e+007 2.77347e+007 2.77347e+007 2.77347e+007 2.77347e+007 0 0 0 0 0 0 0 0 0 0 0 0 0 0 0 0 0 0 0 0 0 0 0 0 0
#obs cpue bio
 3.58594e+006 4.82156e+006 2.98427e+006 2.96047e+006 2.88799e+006 3.72066e+006 2.97152e+006 2.22623e+006 1.75674e+006 1.28537e+006 1.44585e+006 1.03131e+006 1.0493e+006 1.02294e+006 570918 876557 570523 558222 509752 640197 658356 486145 404808 358025 331164 531130 541994 445248 465757 382886 489886 863424 462846 569778 688295 624024 524766 617628 652176 475748 497166 764157 630045 864856 937222 507983 782038 661163 585292 826003 719018 522715 623135 812960 721077 667680 812165 1.06441e+006 594521 1.01241e+006 1.17165e+006 1.04418e+006 875213
#pred surv len freq
 0.00458546 0.00748922 0.0113542 0.016188 0.0218869 0.0281518 0.034465 0.0402223 0.0449618 0.0485133 0.0509702 0.0525538 0.0534938 0.053976 0.0541358 0.0540723 0.0538659 0.0535782 0.0532011 0.0525533 0.051194 0.0484801 0.0438426 0.0371784 0.0290862
 0.00481223 0.00777067 0.0116205 0.0163309 0.0218017 0.0277971 0.033902 0.0396003 0.0444515 0.0482279 0.0509248 0.052683 0.053709 0.0542211 0.054411 0.0544178 0.0543196 0.0541301 0.0537697 0.0530016 0.0513833 0.0483358 0.0433949 0.0365496 0.0284336
 0.0049716 0.00805019 0.012072 0.0169968 0.0226836 0.0288204 0.0349046 0.0403729 0.0448246 0.0481558 0.0505061 0.052101 0.0531357 0.0537529 0.0540678 0.054184 0.0541791 0.0540679 0.0537481 0.0529442 0.051192 0.047939 0.0427932 0.0358249 0.0277114
 0.00510653 0.00827294 0.0124157 0.0174997 0.0233862 0.0297547 0.0360718 0.0417156 0.0462091 0.0493857 0.0513772 0.0524785 0.0530096 0.053233 0.0533231 0.0533693 0.0533923 0.0533456 0.0530793 0.0522846 0.0504827 0.0471363 0.041901 0.0349061 0.0268635
 0.00527186 0.00854164 0.0128204 0.0180718 0.0241523 0.0307296 0.037251 0.0430699 0.0476813 0.0508865 0.0527798 0.0536242 0.053738 0.0534346 0.0529844 0.0525785 0.0522992 0.0521002 0.0517853 0.0509869 0.0491857 0.0458389 0.0406281 0.0337189 0.025841
 0.00548971 0.00888997 0.013334 0.0187801 0.0250752 0.0318706 0.0385899 0.0445596 0.0492532 0.0524609 0.054272 0.0549412 0.0547723 0.0540684 0.0531139 0.0521515 0.0513422 0.0507146 0.0501117 0.0491614 0.0473162 0.0440091 0.038916 0.032206 0.0246002
 0.00578079 0.00935149 0.0140069 0.0196946 0.026246 0.0332899 0.0402183 0.0463241 0.0510573 0.0542022 0.055858 0.0562946 0.055825 0.0547516 0.0533532 0.0518758 0.0505081 0.0493336 0.048263 0.0469807 0.0449692 0.0416662 0.0367353 0.0303191 0.0230948
 0.00606846 0.00981177 0.0146857 0.0206295 0.0274593 0.0347776 0.0419394 0.0481977 0.0529737 0.0560445 0.0575217 0.0576966 0.0569027 0.0554545 0.0536331 0.0516815 0.0497909 0.0480666 0.0464681 0.0447481 0.0424577 0.0390811 0.0342919 0.0282007 0.0214173
 0.00634899 0.0102737 0.0153913 0.0216396 0.0288195 0.0364985 0.0439761 0.0504441 0.0552795 0.0582465 0.0594733 0.0592852 0.058053 0.0561232 0.0537975 0.051326 0.0488992 0.0466264 0.0444917 0.0423017 0.0396822 0.0361886 0.0315295 0.0257931 0.0195117
 0.00662996 0.010734 0.0160912 0.0226389 0.0301682 0.0382195 0.0460459 0.0527813 0.0577501 0.0606838 0.0617031 0.0611497 0.0594291 0.056932 0.0540029 0.0509231 0.0478985 0.0450459 0.0423643 0.0396983 0.0367389 0.0331147 0.0285804 0.0232121 0.0174643
 0.0069215 0.0112031 0.016789 0.0236113 0.0314499 0.0398235 0.0479501 0.0549214 0.0600234 0.0629624 0.0638481 0.0630223 0.0609008 0.0578951 0.0543809 0.0506751 0.0470163 0.0435479 0.0402954 0.0371421 0.0338366 0.0300735 0.0256523 0.0206401 0.0154179
 0.00718908 0.0116386 0.0174452 0.0245375 0.032682 0.0413695 0.0497758 0.0569459 0.0621328 0.0650322 0.0657626 0.0646809 0.0622157 0.0587876 0.054781 0.0505262 0.0462821 0.0422204 0.0384031 0.0347621 0.0311071 0.0271966 0.0228717 0.0181904 0.0134641
 0.00754957 0.0122024 0.0182527 0.0256127 0.0340308 0.0429765 0.0515976 0.0589062 0.064127 0.0669419 0.0674734 0.0660965 0.0632642 0.0594198 0.0549632 0.0502318 0.045489 0.0409166 0.0366013 0.0325199 0.0285441 0.0244976 0.0202633 0.0158919 0.0116302
 0.00789478 0.0127491 0.0190476 0.0266872 0.0353932 0.0446015 0.0534172 0.0608121 0.0659897 0.0686394 0.0689123 0.0672165 0.0640298 0.0598097 0.0549631 0.0498303 0.0446762 0.0396862 0.034962 0.0305137 0.0262664 0.0221033 0.0179488 0.0138504 0.00999956
 0.00807152 0.0130562 0.0195455 0.0274428 0.0364624 0.0460034 0.0551098 0.0626875 0.0678941 0.0704098 0.0704112 0.0683509 0.0647542 0.0601169 0.0548687 0.0493575 0.0438448 0.038511 0.0334612 0.0287257 0.0242687 0.020022 0.0159457 0.0120869 0.0085918
 0.00825072 0.0133466 0.0199824 0.0280616 0.0372963 0.047076 0.0564229 0.0642077 0.0695447 0.0720735 0.0719449 0.0696122 0.0656298 0.0605435 0.0548368 0.0488983 0.043009 0.0373515 0.0320277 0.0270727 0.0224714 0.0181866 0.014203 0.010566 0.00738424
 0.00836485 0.0135429 0.0202973 0.0285354 0.0379639 0.0479535 0.0574954 0.0654271 0.0708404 0.0733665 0.0731564 0.0706639 0.066443 0.0610457 0.0549748 0.0486511 0.042391 0.0364052 0.030812 0.0256576 0.0209394 0.0166366 0.0127452 0.00930354 0.00638735
 0.00851347 0.0137826 0.020655 0.0290358 0.0386261 0.0487843 0.0584812 0.066528 0.0719918 0.0744885 0.0741672 0.0714921 0.0670346 0.0613647 0.0549999 0.0483734 0.0418156 0.0355548 0.0297293 0.0244045 0.0195951 0.015293 0.0114983 0.00823687 0.00555372
 0.00842707 0.0136533 0.0204824 0.0288302 0.03841 0.0485932 0.0583625 0.0665361 0.0721769 0.0748812 0.0747649 0.0722533 0.0678847 0.0622095 0.0557429 0.0489306 0.0421265 0.0355881 0.0294862 0.0239188 0.0189296 0.0145316 0.0107326 0.00754872 0.00499899
 0.00849635 0.0137521 0.0206057 0.0289647 0.0385389 0.048703 0.0584493 0.0666078 0.0722519 0.0749844 0.0749214 0.072481 0.0681858 0.0625646 0.0561105 0.0492534 0.0423428 0.0356465 0.0293577 0.0236046 0.0184629 0.0139724 0.0101539 0.00701981 0.00456849
 0.00870771 0.014054 0.0209823 0.0293737 0.0389221 0.0490042 0.0586303 0.0666561 0.07218 0.0748256 0.074723 0.0722951 0.068058 0.0625225 0.0561559 0.0493608 0.0424654 0.035728 0.0293477 0.0234737 0.0182116 0.0136311 0.00977352 0.00665515 0.00426236
 0.00885659 0.0142807 0.0212929 0.0297591 0.0393545 0.0494365 0.0589989 0.0668932 0.0722341 0.0746836 0.0744199 0.0719038 0.0676646 0.0622001 0.0559478 0.0492742 0.0424752 0.0357868 0.0294 0.0234719 0.0181302 0.0134725 0.00956431 0.00643403 0.00406481
 0.00875317 0.0141454 0.0211498 0.0296498 0.0393257 0.0495193 0.0591922 0.0671594 0.0725109 0.0749044 0.0745359 0.0718986 0.0675583 0.0620414 0.0557953 0.0491761 0.0424534 0.0358325 0.0294805 0.0235452 0.0181611 0.0134452 0.00948552 0.00632621 0.00395469
 0.00881859 0.0142347 0.0212543 0.0297553 0.0394214 0.0496099 0.0593021 0.0673223 0.0727477 0.0752018 0.0748408 0.0721365 0.0676645 0.0619882 0.0556019 0.0488968 0.0421539 0.035565 0.0292695 0.0233874 0.018037 0.013334 0.00937619 0.00622008 0.00386016
 0.0087984 0.0142052 0.0212152 0.0297068 0.0393624 0.0495365 0.0592103 0.0672147 0.0726413 0.0751293 0.0748396 0.0722278 0.0678372 0.0621994 0.055796 0.049032 0.0422181 0.0355734 0.0292487 0.0233588 0.0180088 0.0133041 0.00934041 0.00617834 0.00381725
 0.00877054 0.0141645 0.0211626 0.0296464 0.0393004 0.0494793 0.0591622 0.0671767 0.0726113 0.075105 0.0748229 0.0722281 0.0678687 0.0622713 0.0559034 0.0491543 0.0423278 0.0356502 0.0292876 0.0233673 0.0179985 0.0132841 0.00931543 0.006151 0.00379035
 0.00885699 0.0142877 0.021316 0.0298133 0.0394588 0.0496102 0.0592552 0.0672309 0.0726308 0.0750937 0.0747824 0.0721597 0.067777 0.0621671 0.0558011 0.0490655 0.0422562 0.035591 0.0292325 0.0233109 0.0179408 0.0132285 0.00926582 0.00610971 0.00375813
 0.00889973 0.0143562 0.0214163 0.029948 0.0396239 0.0497917 0.0594287 0.0673659 0.0727017 0.0750899 0.0747127 0.0720464 0.067645 0.0620358 0.0556819 0.0489638 0.0421738 0.0355264 0.0291816 0.0232682 0.017902 0.0131919 0.0092323 0.0060809 0.00373532
 0.00879649 0.0141945 0.0211853 0.029644 0.0392539 0.0493764 0.059004 0.066979 0.0723996 0.0749067 0.0746615 0.0721207 0.0678261 0.0622993 0.0560013 0.0493122 0.0425253 0.0358585 0.0294767 0.0235151 0.0180956 0.0133333 0.00932751 0.00613946 0.00376776
 0.00864626 0.0139636 0.0208628 0.0292294 0.0387574 0.0488191 0.0584193 0.0664129 0.0719068 0.0745412 0.0744654 0.0721144 0.0680049 0.062636 0.056454 0.0498333 0.0430688 0.0363849 0.0299552 0.0239247 0.0184255 0.0135824 0.00950264 0.00625336 0.00383575
 0.00840349 0.0135858 0.0203268 0.0285276 0.0379018 0.0478458 0.0573919 0.0654199 0.0710477 0.0739059 0.0741158 0.072077 0.0682717 0.0631697 0.0571952 0.0507088 0.0440016 0.0373037 0.0308022 0.0246589 0.0190246 0.0140413 0.00983122 0.00647185 0.00396978
 0.00843415 0.0136043 0.020297 0.0283971 0.0376169 0.0473736 0.0567397 0.0646401 0.0702246 0.073134 0.0734799 0.0716407 0.0680727 0.0632192 0.0574784 0.0511879 0.0446206 0.0379966 0.0315023 0.0253088 0.0195828 0.0144858 0.0101589 0.00669481 0.00410909
 0.00843216 0.0135984 0.0202814 0.02836 0.0375366 0.0472178 0.0564695 0.0642229 0.0696533 0.0724428 0.0727463 0.0709679 0.0675611 0.0629406 0.0574629 0.0514242 0.045065 0.0385841 0.0321587 0.0259622 0.0201741 0.014976 0.010532 0.00695504 0.00427502
 0.00843225 0.0135914 0.0202577 0.0283064 0.0374397 0.0470677 0.0562629 0.0639605 0.069336 0.07207 0.0723221 0.0705127 0.0671196 0.0625773 0.0572449 0.0513994 0.0452465 0.0389471 0.0326489 0.0265102 0.0207113 0.0154484 0.0109079 0.00722651 0.00445286
 0.00840547 0.0135417 0.0201716 0.0281674 0.0372323 0.0467838 0.0559075 0.0635543 0.0689111 0.0716616 0.0719595 0.0702139 0.0668936 0.0624315 0.0571929 0.0514619 0.0454424 0.0392802 0.0330979 0.0270294 0.0212418 0.0159337 0.0113078 0.00752404 0.00465271
 0.00840715 0.0135527 0.0202025 0.0282305 0.0373348 0.0469194 0.0560508 0.0636642 0.068944 0.0715879 0.0717738 0.0699359 0.0665587 0.0620809 0.0568665 0.0511963 0.0452701 0.0392249 0.0331672 0.0272087 0.0214954 0.0162141 0.01157 0.00773755 0.00480601
 0.00831235 0.0134126 0.0200183 0.0280144 0.0371088 0.0467113 0.055889 0.0635706 0.0689259 0.0716323 0.0718498 0.0700054 0.0665925 0.0620686 0.0568188 0.0511387 0.0452338 0.0392387 0.03325 0.0273636 0.021707 0.0164527 0.0118009 0.00793266 0.0049511
 0.00823898 0.0133026 0.0198705 0.0278347 0.0369101 0.0465121 0.0557118 0.0634392 0.0688609 0.0716441 0.0719327 0.0701367 0.0667372 0.0621916 0.0568963 0.0511665 0.0452275 0.0392263 0.0332611 0.0274183 0.0218093 0.0165901 0.0119505 0.00807039 0.00506066
 0.00817175 0.0131953 0.0197133 0.0276214 0.036641 0.0461981 0.055377 0.0631201 0.0685993 0.0714765 0.0718805 0.0702014 0.0669007 0.0624206 0.0571507 0.05141 0.0454374 0.0393981 0.0334057 0.0275529 0.0219471 0.0167335 0.0120914 0.00819591 0.00516022
 0.00818293 0.0132028 0.0197046 0.0275783 0.0365439 0.0460333 0.0551445 0.0628363 0.0682945 0.0711889 0.071649 0.0700573 0.0668614 0.0624853 0.0573009 0.0516146 0.0456618 0.0396145 0.0335992 0.0277218 0.0220969 0.0168695 0.012214 0.00830094 0.00524283
 0.0080954 0.0130751 0.0195389 0.0273843 0.0363338 0.0458153 0.0549185 0.0625974 0.0680411 0.070931 0.071411 0.0698736 0.0667662 0.0625015 0.0574326 0.0518459 0.0459613 0.0399443 0.0339246 0.0280186 0.0223531 0.0170822 0.0123846 0.00843203 0.00533766
 0.00801638 0.012946 0.0193447 0.0271133 0.0359836 0.0453993 0.0544695 0.0621628 0.0676685 0.070653 0.0712378 0.0697992 0.0667809 0.0626009 0.0576177 0.0521149 0.0463026 0.0403334 0.034329 0.0284055 0.0226969 0.0173682 0.0126083 0.00859666 0.00545098
 0.00794286 0.0128393 0.0192071 0.0269536 0.0358123 0.0452224 0.0542861 0.0619683 0.0674628 0.0704462 0.0710501 0.0696529 0.0666926 0.0625782 0.0576616 0.0522245 0.0464751 0.0405612 0.0345961 0.0286884 0.0229697 0.017609 0.012804 0.00874327 0.00555228
 0.00791042 0.0127798 0.0191061 0.0267956 0.0355876 0.0449351 0.0539591 0.0616394 0.0671716 0.0702203 0.0708985 0.0695714 0.0666729 0.0626151 0.0577536 0.0523707 0.0466724 0.0408027 0.0348697 0.0289765 0.0232509 0.0178623 0.0130136 0.00890222 0.0056624
 0.0080592 0.0129835 0.0193415 0.0270163 0.035735 0.0449582 0.0538322 0.0613699 0.0667969 0.069796 0.0704845 0.0692174 0.0664094 0.0624516 0.0576846 0.052384 0.0467551 0.0409426 0.0350534 0.0291881 0.023471 0.0180708 0.0131934 0.00904306 0.00576241
 0.00804085 0.012976 0.0193691 0.0271091 0.0359135 0.0452128 0.0541112 0.0615895 0.0668729 0.0696819 0.070192 0.0688098 0.0659736 0.0620663 0.0574001 0.0522183 0.046702 0.0409826 0.035163 0.029343 0.0236478 0.0182475 0.0133516 0.00917065 0.00585511
 0.00804423 0.0129843 0.0193883 0.0271499 0.0359926 0.0453517 0.0543292 0.0618904 0.0672303 0.0700336 0.0704537 0.0689062 0.0658717 0.0617899 0.0570178 0.0518136 0.0463442 0.0407121 0.034991 0.0292602 0.0236338 0.0182781 0.0134039 0.00922644 0.00590265
 0.00813499 0.0131171 0.019561 0.0273515 0.0362073 0.0455656 0.0545359 0.0620923 0.0674344 0.0702431 0.0706571 0.0690715 0.0659516 0.0617405 0.0568211 0.051491 0.0459502 0.0403134 0.0346435 0.0289954 0.0234579 0.0181788 0.0133601 0.00921626 0.00590839
 0.0081656 0.0131741 0.0196591 0.0275066 0.0364298 0.0458513 0.0548611 0.0624172 0.0677173 0.0704561 0.0707942 0.0691426 0.0659674 0.0616999 0.0567108 0.0512973 0.0456753 0.0399827 0.0342999 0.0286836 0.0232091 0.0180039 0.0132525 0.00915919 0.00588337
 0.00812018 0.0131111 0.0195852 0.0274364 0.0363844 0.0458539 0.0549305 0.062562 0.0679304 0.0707134 0.07106 0.0693804 0.066151 0.0618171 0.0567587 0.0512757 0.0455847 0.0398297 0.0341026 0.0284708 0.0230119 0.0178457 0.0131422 0.00909275 0.00584922
 0.00804475 0.0129952 0.0194239 0.0272317 0.0361466 0.0456033 0.0546977 0.0623851 0.0678465 0.0707471 0.0712138 0.0696323 0.0664606 0.0621376 0.0570489 0.0515071 0.0457423 0.0399108 0.0341148 0.0284313 0.0229442 0.0177733 0.0130821 0.00905211 0.00582684
 0.00778102 0.0125701 0.0187929 0.026361 0.0350264 0.0442654 0.0532308 0.0609334 0.0665844 0.0698381 0.0707717 0.0696991 0.0670042 0.0630652 0.0582305 0.0528028 0.0470276 0.0410917 0.0351336 0.0292636 0.0235914 0.0182539 0.0134233 0.00928312 0.00597498
 0.0078429 0.012639 0.0188367 0.0263274 0.0348525 0.0438961 0.0526386 0.0601318 0.0656321 0.0688346 0.0698432 0.0689759 0.0665917 0.0630185 0.0585417 0.0534058 0.0478181 0.0419546 0.0359678 0.0299979 0.0241889 0.0187075 0.0137463 0.00949934 0.00611085
 0.00799055 0.0128689 0.0191615 0.0267451 0.0353393 0.0443986 0.0530717 0.0603902 0.0656187 0.068496 0.0691963 0.0681103 0.0656484 0.0621529 0.0578842 0.053032 0.0477362 0.0421136 0.0362811 0.0303726 0.0245501 0.0190094 0.0139722 0.00965308 0.00620698
 0.00790916 0.0127616 0.0190463 0.0266547 0.035312 0.0444633 0.053233 0.06062 0.0658589 0.0686699 0.069229 0.0679538 0.0653035 0.0616771 0.0573787 0.0526104 0.0474882 0.0420775 0.0364381 0.0306608 0.0248915 0.0193362 0.0142414 0.00984944 0.00633551
 0.00769886 0.0124448 0.0186179 0.0261308 0.0347305 0.0438814 0.0527217 0.0602531 0.0656927 0.0687214 0.0694629 0.0682907 0.0656467 0.0619484 0.0575464 0.0526976 0.047557 0.0421972 0.0366522 0.0309703 0.0252591 0.0197065 0.0145655 0.0100994 0.00650687
 0.00760848 0.0122911 0.018375 0.0257738 0.034245 0.043277 0.0520434 0.0595805 0.0651236 0.0683443 0.0693312 0.0684069 0.065963 0.062382 0.0580066 0.0531161 0.0479078 0.0424963 0.0369376 0.0312736 0.0255864 0.0200375 0.0148669 0.0103435 0.00668227
 0.00754768 0.0121946 0.0182335 0.0255777 0.0339839 0.0429404 0.051625 0.0590862 0.0645812 0.0678077 0.0688744 0.0681057 0.0658703 0.0625081 0.058315 0.0535383 0.0483698 0.0429445 0.0373499 0.0316522 0.0259396 0.0203646 0.0151559 0.0105787 0.00685514
 0.00740753 0.0119944 0.0179832 0.0253029 0.0337175 0.0427084 0.0514349 0.0589255 0.0644246 0.0676308 0.0686684 0.0678869 0.0656798 0.0623987 0.0583297 0.053691 0.0486401 0.0432887 0.037721 0.0320156 0.0262765 0.0206656 0.0154136 0.0107861 0.00700853
 0.00724382 0.011728 0.0175838 0.0247486 0.0330057 0.0418702 0.0505433 0.0580855 0.0637435 0.0671817 0.0684693 0.0679069 0.0658664 0.062706 0.0587335 0.0541838 0.0492155 0.0439271 0.038387 0.0326657 0.0268713 0.0211773 0.0158276 0.0110996 0.00722867
 0.00719585 0.0116397 0.0174313 0.0245018 0.0326338 0.0413523 0.0498812 0.0573136 0.0629302 0.0664201 0.0678562 0.0675173 0.0657329 0.0628159 0.0590428 0.0546401 0.0497741 0.0445533 0.0390483 0.0333263 0.0274921 0.0217231 0.0162743 0.0114383 0.00746526
 0.00703157 0.0114123 0.017161 0.0242285 0.0324008 0.0411823 0.0497599 0.057193 0.0627517 0.0661455 0.0674895 0.0671081 0.0653588 0.0625545 0.0589466 0.0547246 0.0500223 0.044929 0.0395089 0.0338281 0.0279926 0.0221834 0.0166644 0.0117417 0.00768078
 0.00681978 0.0111051 0.0167694 0.0237911 0.0319785 0.0408456 0.0495716 0.0571902 0.0629282 0.0664436 0.0678123 0.067353 0.0654598 0.0625078 0.0588059 0.0545718 0.0499319 0.0449444 0.0396372 0.0340485 0.0282684 0.0224737 0.016933 0.0119637 0.00784544
#obs surv len freq
 nan nan nan nan nan nan nan nan nan nan nan nan nan nan nan nan nan nan nan nan nan nan nan nan nan
 0.00449071 0.00735452 0.0111864 0.0160033 0.0217027 0.0279756 0.0342862 0.0400142 0.0446913 0.0481536 0.0505106 0.0520062 0.0528984 0.0534108 0.0537252 0.0539801 0.0542588 0.0545515 0.0546903 0.0542822 0.0527204 0.0493528 0.0438029 0.0362835 0.0276678
 0.00461737 0.00756497 0.011511 0.0164718 0.0223365 0.0287756 0.0352223 0.0410225 0.0456844 0.0490393 0.0512102 0.0524654 0.0530916 0.0533399 0.0534143 0.0534676 0.0535887 0.0537669 0.0538304 0.0533841 0.0518232 0.0485001 0.0430401 0.035649 0.0271829
 0.00478291 0.00783427 0.0119169 0.0170457 0.0231032 0.0297442 0.0363756 0.0423102 0.0470257 0.0503333 0.0523504 0.0533545 0.0536545 0.0535332 0.05323 0.0529299 0.0527456 0.0526802 0.0525679 0.0520171 0.0504277 0.0471573 0.0418306 0.0346393 0.0264098
 0.0049716 0.00814355 0.012387 0.0177155 0.0240027 0.0308824 0.0377289 0.0438182 0.0485998 0.0518724 0.0537538 0.0545279 0.054513 0.0540059 0.0532681 0.0525152 0.0518945 0.0514422 0.0510201 0.0502589 0.0485758 0.0453401 0.0401746 0.0332475 0.0253401
 0.00517386 0.00847611 0.0128946 0.0184425 0.0249848 0.0321337 0.0392271 0.0455002 0.0503692 0.0536172 0.0553638 0.0559044 0.0555714 0.0546745 0.0534885 0.0522458 0.0511182 0.0501759 0.0493222 0.0482322 0.0463646 0.0431167 0.0381153 0.0314991 0.023988
 0.00540173 0.00884754 0.0134557 0.0192372 0.0260476 0.0334769 0.040828 0.0472947 0.0522599 0.0554904 0.0571059 0.0574127 0.0567576 0.0554652 0.0538232 0.0520766 0.0504126 0.0489266 0.0475622 0.0460497 0.0439089 0.0405879 0.0357315 0.0294499 0.0223899
 0.00564296 0.00924287 0.0140565 0.0200931 0.0271968 0.034931 0.0425564 0.0492203 0.0542709 0.0574625 0.0589226 0.0589747 0.0579837 0.056289 0.0541895 0.0519384 0.0497325 0.0476846 0.0457725 0.0437821 0.0413052 0.0378573 0.033118 0.027176 0.0206005
 0.00589625 0.00965569 0.0146798 0.0209755 0.0283755 0.0364178 0.0443227 0.051191 0.0563336 0.0594885 0.0607872 0.0605709 0.0592272 0.0571164 0.0545532 0.0518001 0.0490599 0.0464558 0.0439919 0.041505 0.0386599 0.0350489 0.0303985 0.0247855 0.0187034
 0.00613847 0.0100558 0.0152936 0.0218584 0.0295712 0.0379406 0.0461395 0.0532164 0.0584436 0.0615455 0.0626636 0.0621607 0.0604487 0.0579102 0.0548772 0.0516239 0.0483599 0.0452167 0.0422182 0.0392448 0.0360299 0.032243 0.027664 0.0223655 0.0167705
 0.00637518 0.0104436 0.015883 0.0226991 0.0307034 0.0393801 0.0478628 0.0551524 0.0604819 0.0635552 0.064514 0.0637372 0.0616607 0.0586935 0.0551905 0.0514426 0.0476689 0.0440087 0.040503 0.0370693 0.0335018 0.0295424 0.0250237 0.0200192 0.0148878
 0.00663903 0.0108724 0.0165279 0.0236071 0.0319077 0.0408861 0.0496328 0.0571018 0.0624913 0.065494 0.066261 0.0651918 0.0627457 0.0593539 0.0553913 0.0511646 0.0469041 0.0427592 0.0387864 0.0349349 0.0310525 0.026945 0.0224932 0.0177725 0.0130838
 0.00682541 0.0111868 0.0170221 0.0243359 0.0329175 0.0421956 0.0512154 0.0588799 0.0643495 0.0673029 0.0679005 0.0665636 0.0637766 0.0599933 0.0556075 0.0509397 0.0462307 0.0416398 0.0372398 0.0330099 0.0288445 0.024605 0.0202141 0.0157478 0.0114562
 0.00708168 0.0115979 0.0176308 0.0251791 0.03402 0.0435606 0.0528121 0.0606372 0.0661613 0.0690451 0.0694503 0.0678165 0.0646568 0.0604572 0.0556394 0.0505432 0.0454194 0.040433 0.0356665 0.0311217 0.0267314 0.0224034 0.0180943 0.0138794 0.0099617
 0.00728249 0.0119344 0.018155 0.0259435 0.035064 0.0448909 0.0543849 0.0623568 0.0678996 0.0706712 0.0708545 0.0689186 0.0654036 0.0608171 0.0555992 0.0501061 0.0446017 0.039261 0.0341775 0.0293712 0.0248049 0.0204223 0.0162059 0.0122268 0.00864664
 0.00745477 0.012217 0.0185854 0.0265594 0.0358973 0.0459567 0.0556687 0.0638057 0.0694246 0.07216 0.07219 0.0699977 0.0661511 0.0611912 0.0555886 0.0497208 0.0438649 0.0382043 0.0328423 0.0278147 0.0231084 0.0186941 0.0145722 0.0108071 0.00752292
 0.00753276 0.0123474 0.018789 0.0268593 0.0363163 0.046512 0.0563659 0.0646353 0.0703601 0.0731594 0.0731969 0.0709427 0.0669571 0.0617839 0.0559081 0.0497304 0.0435532 0.0375832 0.0319436 0.0266905 0.0218335 0.0173659 0.0133006 0.00969421 0.00663862
 0.00760617 0.0124583 0.0189407 0.0270511 0.0365463 0.0467811 0.0566803 0.0650046 0.0707941 0.0736625 0.0737624 0.071549 0.0675655 0.0623402 0.0563483 0.0499914 0.0435847 0.0373572 0.0314604 0.0259807 0.0209571 0.016407 0.0123555 0.00885254 0.00596276
 0.00766418 0.0125473 0.0190645 0.0272088 0.0367322 0.0469853 0.0568901 0.0652085 0.0709875 0.0738523 0.0739663 0.071788 0.0678513 0.0626647 0.0566798 0.0502783 0.0437666 0.0373795 0.0312889 0.0256118 0.020422 0.0157675 0.0116913 0.0082415 0.00546199
 0.00773052 0.0126476 0.0192013 0.0273792 0.0369282 0.0471951 0.057099 0.0654006 0.0711484 0.0739735 0.07405 0.0718476 0.0679086 0.0627405 0.0567838 0.0504004 0.0438756 0.03743 0.0312358 0.0254271 0.0201065 0.015354 0.0112356 0.00780563 0.0050954
 0.00778524 0.0127328 0.019322 0.0275367 0.0371189 0.0474092 0.0573204 0.0656081 0.0713204 0.0740942 0.0741138 0.0718601 0.0678847 0.0627005 0.0567473 0.0503797 0.0438686 0.0374184 0.0311894 0.0253158 0.0199149 0.0150904 0.0109312 0.00750327 0.00483367
 0.0078308 0.012802 0.0194173 0.0276569 0.0372599 0.0475648 0.0574821 0.0657655 0.0714616 0.0742072 0.0741893 0.0718934 0.0678776 0.0626613 0.0566889 0.0503162 0.0438095 0.0373637 0.031128 0.0252297 0.0197886 0.0149209 0.010732 0.00729988 0.00465279
 0.00786519 0.0128549 0.0194912 0.0277518 0.0373729 0.04769 0.057611 0.0658878 0.0715672 0.074289 0.0742435 0.0719199 0.0678775 0.0626371 0.0566448 0.0502582 0.0437446 0.0372967 0.0310584 0.0251512 0.0196928 0.0148036 0.0105982 0.00716304 0.00452944
 0.00788223 0.0128798 0.0195234 0.0277892 0.0374125 0.047729 0.0576478 0.0659222 0.0715997 0.07432 0.0742733 0.071948 0.0679028 0.0626576 0.0566582 0.0502624 0.0437389 0.0372811 0.0310328 0.0251139 0.0196411 0.0147362 0.0105182 0.00707851 0.004451
 0.00789465 0.0128993 0.0195513 0.0278258 0.0374566 0.0477777 0.0576963 0.0659644 0.0716306 0.0743374 0.0742789 0.0719461 0.067898 0.0626531 0.0566546 0.0502585 0.0437322 0.0372694 0.0310139 0.0250863 0.0196035 0.0146887 0.0104633 0.00702138 0.00439819
 0.00793474 0.0129562 0.0196216 0.0279013 0.0375267 0.0478334 0.0577331 0.0659826 0.0716333 0.0743283 0.0742607 0.0719213 0.0678692 0.0626234 0.0566269 0.0502344 0.0437115 0.0372501 0.0309936 0.0250623 0.0195741 0.0146537 0.0104242 0.00698162 0.00436191
 0.00791598 0.0129293 0.0195875 0.0278626 0.0374859 0.047791 0.0576872 0.0659306 0.0715752 0.0742697 0.074212 0.0718939 0.067871 0.0626554 0.0566838 0.0503074 0.0437911 0.0373277 0.0310622 0.0251169 0.0196119 0.0146743 0.0104298 0.00697643 0.00435105
 0.00788687 0.0128791 0.0195073 0.0277436 0.0373234 0.0475894 0.0574625 0.0657093 0.0713864 0.0741361 0.0741448 0.0718933 0.0679305 0.0627654 0.0568332 0.0504831 0.0439787 0.0375127 0.0312319 0.0252618 0.0197266 0.0147575 0.0104841 0.00700721 0.00436528
 0.0079187 0.0129195 0.0195467 0.0277658 0.0373087 0.0475214 0.0573348 0.0655283 0.0711717 0.0739157 0.0739495 0.0717492 0.0678536 0.0627594 0.0568911 0.0505913 0.0441204 0.0376707 0.0313901 0.0254067 0.0198485 0.0148514 0.0105499 0.00704858 0.00438817
 0.00787989 0.0128659 0.019483 0.0277004 0.0372499 0.0474704 0.0572827 0.0654593 0.0710709 0.0737797 0.0737909 0.0715938 0.0677318 0.0626957 0.0568976 0.0506659 0.0442497 0.037835 0.0315681 0.0255792 0.0200007 0.0149744 0.0106406 0.00710951 0.00442508
 0.00786924 0.0128419 0.0194355 0.027618 0.0371248 0.0473058 0.057096 0.0652777 0.0709207 0.0736744 0.0737273 0.0715592 0.0677153 0.0626966 0.0569244 0.0507293 0.0443548 0.037977 0.0317336 0.0257504 0.0201603 0.0151095 0.0107447 0.00718234 0.00447121
 0.00785476 0.0128171 0.0193956 0.0275567 0.0370351 0.0471812 0.056934 0.0650834 0.0707097 0.0734717 0.0735611 0.0714518 0.0676753 0.0627188 0.0569961 0.0508382 0.0444925 0.0381377 0.03191 0.0259312 0.0203316 0.0152585 0.010863 0.00726774 0.00452706
 0.00780435 0.0127367 0.0192776 0.0273958 0.0368297 0.0469355 0.0566598 0.0647999 0.0704402 0.0732394 0.0733861 0.0713496 0.0676559 0.0627843 0.057139 0.0510423 0.0447372 0.0384029 0.032178 0.0261875 0.0205634 0.0154551 0.011018 0.00738017 0.00460146
 0.00779059 0.012709 0.0192262 0.0273085 0.0366951 0.0467484 0.0564252 0.0645341 0.0701677 0.0729867 0.0731767 0.0712012 0.0675796 0.0627853 0.0572164 0.051189 0.0449396 0.0386425 0.0324342 0.0264404 0.020796 0.0156546 0.0111768 0.00749668 0.00467963
 0.00775449 0.0126522 0.0191439 0.0271969 0.0365513 0.0465706 0.0562142 0.0642957 0.069914 0.0727369 0.0729544 0.0710302 0.0674792 0.0627664 0.0572806 0.0513295 0.0451433 0.0388911 0.0327067 0.0267145 0.0210514 0.0158754 0.0113534 0.00762675 0.0047673
 0.00771279 0.0125845 0.0190423 0.0270549 0.0363657 0.0463442 0.0559579 0.0640278 0.0696561 0.0725085 0.0727701 0.0708999 0.0674104 0.0627652 0.0573506 0.0514694 0.0453453 0.0391412 0.0329853 0.0269996 0.0213211 0.0161114 0.0115441 0.00776831 0.00486334
 0.00770634 0.01257 0.0190129 0.0270017 0.0362794 0.0462185 0.0557927 0.0638306 0.0694413 0.0722945 0.0725754 0.0707406 0.0672985 0.0627081 0.0573525 0.0515317 0.0454658 0.0393126 0.0331949 0.027229 0.0215498 0.0163199 0.0117179 0.00790055 0.00495478
 0.0076682 0.012515 0.0189429 0.0269218 0.0361958 0.0461343 0.055706 0.0637355 0.0693321 0.07217 0.0724422 0.0706115 0.0671889 0.0626329 0.0573224 0.0515525 0.0455384 0.0394334 0.0333549 0.0274146 0.0217433 0.016503 0.0118754 0.0080234 0.00504151
 0.0076672 0.0125094 0.0189276 0.0268906 0.036144 0.0460627 0.055622 0.0636512 0.0692582 0.0721103 0.0723916 0.0705611 0.067133 0.0625735 0.0572693 0.0515193 0.0455375 0.0394717 0.0334326 0.0275246 0.0218727 0.0166361 0.0119969 0.00812272 0.0051142
 0.00763477 0.0124628 0.0188686 0.026824 0.0360754 0.0459954 0.0555558 0.0635839 0.0691895 0.072044 0.0723352 0.0705212 0.0671117 0.0625679 0.0572749 0.0515344 0.045565 0.0395175 0.0335012 0.0276157 0.02198 0.0167485 0.0121021 0.00821067 0.00517995
 0.00761747 0.0124338 0.0188236 0.0267597 0.0359911 0.0458952 0.0554499 0.0634863 0.0691126 0.0719941 0.0723111 0.070517 0.0671213 0.0625871 0.0573018 0.0515683 0.045606 0.0395671 0.0335619 0.0276889 0.0220638 0.0168369 0.0121866 0.00828316 0.00523551
 0.00760792 0.0124184 0.0188007 0.0267272 0.0359473 0.0458387 0.0553805 0.0634065 0.0690288 0.0719159 0.0722486 0.0704779 0.0671077 0.0625964 0.0573284 0.0516063 0.0456516 0.0396188 0.0336196 0.027753 0.0221332 0.0169084 0.0122547 0.00834218 0.00528149
 0.00758338 0.0123804 0.0187469 0.0266572 0.0358621 0.0457413 0.0552761 0.0633021 0.0689319 0.0718338 0.0721877 0.0704428 0.0671018 0.0626202 0.0573792 0.0516783 0.0457374 0.0397113 0.0337138 0.0278455 0.0222217 0.0169903 0.0123269 0.00840155 0.00532632
 0.00758067 0.0123733 0.0187315 0.0266282 0.0358148 0.0456737 0.0551908 0.0632061 0.0688354 0.0717464 0.0721167 0.0703928 0.0670751 0.0626177 0.0574008 0.0517223 0.0458001 0.0397873 0.033797 0.0279303 0.0223034 0.0170649 0.0123915 0.00845383 0.00536536
 0.00755167 0.0123303 0.0186744 0.0265592 0.0357371 0.0455901 0.0551028 0.0631149 0.0687437 0.0716598 0.0720431 0.070341 0.0670517 0.0626255 0.0574386 0.0517863 0.0458847 0.0398861 0.0339029 0.0280363 0.0224032 0.0171535 0.0124653 0.00851127 0.00540675
 0.0075346 0.0123008 0.018627 0.0264886 0.0356404 0.0454694 0.0549672 0.0629791 0.0686232 0.0715662 0.0719813 0.0703103 0.0670494 0.0626495 0.0574876 0.0518585 0.0459769 0.039993 0.0340177 0.0281516 0.0225119 0.0172495 0.0125445 0.008572 0.00544972
 0.00752831 0.0122897 0.0186087 0.0264597 0.035597 0.0454082 0.0548863 0.0628801 0.0685125 0.0714545 0.0718818 0.070235 0.0670058 0.0626397 0.0575094 0.0519076 0.0460483 0.0400815 0.0341173 0.0282553 0.0226123 0.0173399 0.01262 0.00863026 0.00549096
 0.00751317 0.0122684 0.0185826 0.0264319 0.0355709 0.0453854 0.0548654 0.0628567 0.0684809 0.0714107 0.0718261 0.0701724 0.0669455 0.0625921 0.0574829 0.0519067 0.0460732 0.0401288 0.0341817 0.02833 0.0226899 0.0174134 0.0126836 0.00868051 0.00552711
 0.00749492 0.0122383 0.0185365 0.0263669 0.0354862 0.0452849 0.0547584 0.0627566 0.0684006 0.0713579 0.0718008 0.0701685 0.0669557 0.0626113 0.0575106 0.0519453 0.0461256 0.0401958 0.0342611 0.0284168 0.0227775 0.0174949 0.0127534 0.00873521 0.0055662
 0.00747786 0.0122101 0.0184934 0.0263048 0.0354023 0.0451787 0.0546334 0.0626217 0.0682694 0.0712459 0.0717216 0.0701307 0.0669597 0.0626511 0.0575763 0.0520276 0.046218 0.0402949 0.0343642 0.0285209 0.0228779 0.017586 0.0128302 0.00879487 0.00560856
 0.00747786 0.0122101 0.0184934 0.0263048 0.0354023 0.0451787 0.0546334 0.0626217 0.0682694 0.0712459 0.0717216 0.0701307 0.0669597 0.0626511 0.0575763 0.0520276 0.046218 0.0402949 0.0343642 0.0285209 0.0228779 0.017586 0.0128302 0.00879487 0.00560856
 0.00715737 0.0117007 0.0177507 0.0253013 0.0341397 0.0437032 0.0530486 0.0610833 0.0669562 0.0703158 0.071274 0.0701904 0.0674833 0.0635462 0.0587252 0.0533095 0.0475263 0.0415467 0.0355024 0.0295104 0.0237009 0.0182382 0.013319 0.00913819 0.0058324
 0.00722381 0.0117682 0.0177768 0.0252199 0.0338763 0.0432009 0.0522929 0.0601137 0.0658615 0.0692176 0.0703049 0.0694705 0.0670985 0.0635319 0.0590622 0.053932 0.0483403 0.0424513 0.0364074 0.0303466 0.0244231 0.0188236 0.0137638 0.00945334 0.00603908
 0.00722828 0.0117927 0.0178421 0.0253475 0.0340718 0.0434335 0.0524856 0.0601578 0.0656565 0.0687179 0.0695474 0.0685687 0.0662073 0.0628025 0.0586044 0.0537939 0.0485063 0.0428565 0.0369603 0.030953 0.0250045 0.0193266 0.0141616 0.00974208 0.00623124
 0.00715654 0.0116845 0.0176967 0.0251735 0.033889 0.0432718 0.0523776 0.0601242 0.0656868 0.0687612 0.0695251 0.0684108 0.0658925 0.0623784 0.0581729 0.0534717 0.0483816 0.0429613 0.0372678 0.0313948 0.0254969 0.019795 0.0145555 0.0100396 0.00643425
 0.00708772 0.011573 0.0175301 0.0249423 0.0335912 0.0429185 0.0519986 0.0597666 0.0654048 0.0685961 0.0694868 0.0684682 0.0659842 0.0624415 0.0581761 0.0534338 0.048362 0.0430282 0.0374631 0.0317152 0.0258981 0.0202136 0.0149333 0.01034 0.0066469
 0.00700288 0.0114369 0.0173288 0.0246646 0.033231 0.0424798 0.0514998 0.0592436 0.0649081 0.0681829 0.0692084 0.0683562 0.0660397 0.0626317 0.0584459 0.0537295 0.0486549 0.0433226 0.0377832 0.0320802 0.0263031 0.0206274 0.0153134 0.0106514 0.00687392
 0.00699658 0.0114179 0.017284 0.024576 0.0330797 0.0422527 0.0511956 0.0588753 0.0645017 0.0677732 0.068835 0.0680599 0.0658553 0.0625795 0.0585241 0.053914 0.0489095 0.0436154 0.0380971 0.0324109 0.0266471 0.0209711 0.0156323 0.0109198 0.00707626
 0.0069767 0.0113931 0.0172597 0.0245597 0.0330761 0.0422567 0.0511895 0.0588317 0.0643939 0.0675878 0.0685796 0.0677631 0.0655595 0.06233 0.0583583 0.0538524 0.0489522 0.043746 0.0382918 0.0326472 0.0269059 0.0212344 0.0158803 0.011133 0.00724149
 0.00693467 0.0113263 0.0171627 0.0244302 0.0329175 0.0420802 0.0510134 0.0586771 0.0642751 0.0675043 0.0685159 0.0676978 0.0654792 0.062239 0.0582778 0.0538117 0.0489761 0.0438456 0.0384621 0.0328705 0.0271587 0.0214917 0.0161193 0.0113357 0.00739734
 0.00687312 0.0112296 0.0170234 0.0242443 0.032685 0.0418077 0.050716 0.0583792 0.0640073 0.0672964 0.0683877 0.0676527 0.0655038 0.0623105 0.0583759 0.0539273 0.0491137 0.0440161 0.0386729 0.0331186 0.0274294 0.0217629 0.0163679 0.0115436 0.00755509
 0.0069596 0.0113632 0.0172109 0.0244855 0.0329714 0.0421204 0.0510251 0.0586467 0.0641942 0.0673741 0.0683464 0.0675029 0.0652711 0.0620256 0.0580668 0.0536173 0.0488228 0.0437637 0.0384771 0.0329914 0.027372 0.0217647 0.0164095 0.0116032 0.00761448
 0.00701077 0.0114576 0.0173729 0.0247426 0.033345 0.0426126 0.0516075 0.0592595 0.0647593 0.0678151 0.068607 0.0675572 0.0651243 0.0617086 0.0576267 0.0531068 0.0482916 0.0432542 0.0380227 0.032616 0.0270883 0.0215723 0.0162962 0.0115486 0.00759668
#pred catch len freq
 0.00427633 0.00675762 0.00984122 0.0134491 0.0175389 0.0220881 0.0270235 0.0321796 0.037324 0.0422118 0.0466257 0.0503979 0.0534285 0.0556946 0.057242 0.0581703 0.0586169 0.0587239 0.0585575 0.0579798 0.0565487 0.0535828 0.0484707 0.0411082 0.0321625
 0.00450829 0.00705889 0.0101574 0.0136905 0.017615 0.021956 0.0267208 0.0318136 0.0370199 0.0420517 0.0466173 0.0504903 0.0535583 0.0558309 0.0574049 0.0584129 0.0589829 0.0592014 0.0590556 0.0583471 0.0566335 0.0533062 0.0478704 0.0403243 0.031372
 0.00468425 0.00734783 0.0105921 0.0142884 0.0183581 0.0227702 0.0274736 0.0323484 0.0372221 0.041909 0.0462282 0.05001 0.0531207 0.0555014 0.0571876 0.0582903 0.0589449 0.0592392 0.0591327 0.0583811 0.0565158 0.0529554 0.0472841 0.0395896 0.0306252
 0.00486073 0.00762595 0.0109967 0.0148429 0.0190861 0.0236915 0.0285878 0.0336075 0.0385087 0.0430438 0.0470207 0.0503336 0.0529684 0.0549816 0.0564645 0.0575126 0.0582046 0.0585687 0.058517 0.0577707 0.0558446 0.0521726 0.0463905 0.0386509 0.0297472
 0.00506965 0.00795203 0.0114632 0.0154655 0.0198746 0.0246524 0.0297222 0.0349055 0.0399376 0.044533 0.0484481 0.0515305 0.0537559 0.0552318 0.0561529 0.0567268 0.0571007 0.0573047 0.057202 0.0564506 0.0545208 0.0508403 0.0450731 0.0374126 0.0286734
 0.0053368 0.00836501 0.012046 0.0162292 0.0208199 0.0257731 0.0310048 0.0363254 0.0414559 0.046095 0.0499803 0.0529348 0.0549062 0.0559845 0.0563793 0.056357 0.0561554 0.0558905 0.055471 0.0545504 0.0525676 0.0489227 0.043273 0.0358164 0.0273595
 0.00566064 0.00886403 0.0127469 0.0171413 0.0219384 0.0270832 0.0324818 0.0379306 0.0431347 0.0477791 0.0515925 0.0543922 0.0561196 0.0568558 0.0568032 0.056236 0.0554279 0.054561 0.0536223 0.0523295 0.050154 0.0464995 0.0410087 0.0338507 0.0257864
