SBPRF35
12.7214
Curr Bio
824986
B35
892642
F35
0.16915
FOFL
0.157763
OFL
108272
Bzero
3.63469e+006
#pred survey bio
 3.55939e+006 3.46543e+006 3.37283e+006 3.21414e+006 3.02068e+006 2.81397e+006 2.58629e+006 2.35339e+006 2.1056e+006 1.88913e+006 1.67063e+006 1.48379e+006 1.31138e+006 1.17151e+006 1.00871e+006 866533 780528 715045 671877 643798 604280 577669 564500 560264 550755 551513 547098 560311 565407 574299 586157 599023 602963 608834 623592 633070 645325 660972 660327 668878 672135 681635 700821 702996 703230 703433 714625 720472 726048 736634 742461 754627 771437 788547 795014 812023 833332 832886 865027 874410 862309 852183 829786 2.93985e+007 1.74938e+007 1.76469e+007 1.84134e+007 1.96055e+007 2.09787e+007 2.23441e+007 2.35867e+007 2.46537e+007 2.55339e+007 2.62402e+007 2.67958e+007 2.72273e+007 2.75593e+007 2.78135e+007 2.80077e+007 2.81559e+007 2.82693e+007 2.83562e+007 2.8423e+007 2.84746e+007 2.85147e+007 2.85458e+007 2.85703e+007 2.85895e+007 2.86046e+007 2.86166e+007 2.86262e+007 2.86338e+007 2.86399e+007 2.86447e+007 2.86487e+007 2.86518e+007 2.86544e+007 2.86565e+007 2.86582e+007 2.86595e+007 2.86606e+007 2.86616e+007 2.86623e+007 2.86629e+007 2.86634e+007 2.86638e+007 2.86641e+007 2.86644e+007 2.86646e+007 2.86648e+007 2.86649e+007 2.8665e+007 2.86651e+007 2.86652e+007 2.86653e+007 2.86653e+007 2.86654e+007 2.86654e+007 2.86655e+007 2.86655e+007 2.86655e+007 2.86655e+007 2.86655e+007 2.86655e+007 2.86655e+007 2.86656e+007 2.86656e+007 2.86656e+007 2.86656e+007 2.86656e+007 2.86656e+007 2.86656e+007 2.86656e+007 2.86656e+007 2.86656e+007 2.86656e+007 2.86656e+007 2.86656e+007 2.86656e+007 2.86656e+007 2.86656e+007 2.86656e+007 2.86656e+007 2.86656e+007 2.86656e+007 2.86656e+007 2.86656e+007 2.86656e+007 2.86656e+007 2.86656e+007 2.86656e+007 2.86656e+007 2.86656e+007 2.86656e+007 2.86656e+007 2.86656e+007 2.86656e+007 2.86656e+007 2.86656e+007 2.86656e+007 2.86656e+007 2.86656e+007 2.86656e+007 0 0 0 0 0 0 0 0 0 0 0 0 0 0 0 0 0 0 0 0 0 0 0 0 0
#obs survey bio
 3.01979e+006 3.22876e+006 2.80594e+006 3.99099e+006 4.22915e+006 2.29927e+006 2.69741e+006 2.20243e+006 1.57548e+006 1.11205e+006 1.74321e+006 1.84024e+006 963026 943810 977042 766534 720323 498087 760521 668018 704202 640265 417329 600259 514677 432862 441801 495935 397252 826657 717254 568242 629821 684766 512485 647479 522046 846813 783066 848354 532042 537143 600093 573040 668610 873049 866664 899496 570634 622145 615785 836741 1.04405e+006 687398 909168 831488 782135 985077 944021 762379 1.11671e+006 654476 1.01482e+006
#pred catch bio
 95642.5 96628.6 162557 203356 227549 261085 281305 310204 296185 310078 290411 283031 257089 276369 253582 200456 179624 157155 141066 146561 130892 116692 108336 112669 104334 109373 95608.3 103655 100416 97362.2 95791.7 102383 99885.3 92831.9 98613.6 97509.2 96078.6 110477 102660 107821 103564 97101.7 112572 113741 112964 103267 107927 108163 104440 109362 104677 101409 101744 111145 102469 99830.9 118833 91398.2 112033 129847 126914 135112 103032 108272 114405 114273 117908 124894 133298 141669 149200 155548 160661 164643 167668 169922 171577 172778 173641 174257 174694 175002 175219 175371 175477 175551 175603 175639 175664 175681 175693 175701 175707 175711 175713 175715 175717 175718 175718 175719 175719 175719 175719 175719 175719 175719 175719 175720 175720 175720 175720 175720 175720 175720 175720 175720 175720 175720 175720 175720 175720 175720 175720 175720 175720 175720 175720 175720 175720 175720 175720 175720 175720 175720 175720 175720 175720 175720 175720 175720 175720 175720 175720 175720 175720 175720 175720 175720 175720 175720 175720 175720 175720 175720 175720 175720 175720 175720 175720 175720 175720 175720 175720 0 0 0 0 0 0 0 0 0 0 0 0 0 0 0 0 0 0 0 0 0 0 0 0 0
#obs catch bio
 0 96303.4 163134 203734 227648 261800 281625 311063 297148 313085 292855 285235 259158 279449 256278 202204 181491 159482 141686 147935 131267 116784 108467 113126 104837 110619 96260.5 104948 101647 97876.1 95801.3 102210 99415 92320.6 98540.9 97677.4 96218.1 110733 102501 107528 103853 97271.5 112993 114156 113204 103127 107676 107899 104222 109186 104670 101243 101554 111402 102446 99655.9 119502 91102.3 111972 129787 126631 135668 102818
#pred cpue bio
 3.51199e+006 3.41951e+006 3.32807e+006 3.1699e+006 2.97691e+006 2.77062e+006 2.5435e+006 2.31126e+006 2.0644e+006 1.84865e+006 1.63132e+006 1.44579e+006 1.27495e+006 1.13644e+006 975935 836058 751432 687204 645164 618098 579946 554300 541551 537288 527822 528345 523904 536719 541807 550813 562910 575934 580059 585888 600227 609344 621233 636530 635991 644393 647483 656578 675280 677523 677913 678305 689415 695246 700719 711016 716632 728566 745252 762222 768609 785290 806243 805878 837454 846786 834910 824923 803361 2.85089e+007 1.69848e+007 1.70226e+007 1.76364e+007 1.87686e+007 2.01261e+007 2.14881e+007 2.273e+007 2.37968e+007 2.46771e+007 2.53833e+007 2.5939e+007 2.63704e+007 2.67024e+007 2.69566e+007 2.71508e+007 2.72991e+007 2.74124e+007 2.74993e+007 2.75661e+007 2.76177e+007 2.76578e+007 2.7689e+007 2.77134e+007 2.77326e+007 2.77478e+007 2.77598e+007 2.77693e+007 2.77769e+007 2.7783e+007 2.77879e+007 2.77918e+007 2.7795e+007 2.77975e+007 2.77996e+007 2.78013e+007 2.78027e+007 2.78038e+007 2.78047e+007 2.78054e+007 2.7806e+007 2.78065e+007 2.78069e+007 2.78072e+007 2.78075e+007 2.78077e+007 2.78079e+007 2.78081e+007 2.78082e+007 2.78083e+007 2.78084e+007 2.78084e+007 2.78085e+007 2.78085e+007 2.78086e+007 2.78086e+007 2.78086e+007 2.78086e+007 2.78086e+007 2.78087e+007 2.78087e+007 2.78087e+007 2.78087e+007 2.78087e+007 2.78087e+007 2.78087e+007 2.78087e+007 2.78087e+007 2.78087e+007 2.78087e+007 2.78087e+007 2.78087e+007 2.78087e+007 2.78087e+007 2.78087e+007 2.78087e+007 2.78087e+007 2.78087e+007 2.78087e+007 2.78087e+007 2.78087e+007 2.78087e+007 2.78087e+007 2.78087e+007 2.78087e+007 2.78087e+007 2.78087e+007 2.78087e+007 2.78087e+007 2.78087e+007 2.78087e+007 2.78087e+007 2.78087e+007 2.78087e+007 2.78087e+007 2.78087e+007 2.78087e+007 2.78087e+007 2.78087e+007 2.78087e+007 0 0 0 0 0 0 0 0 0 0 0 0 0 0 0 0 0 0 0 0 0 0 0 0 0
#obs cpue bio
 3.14376e+006 3.30879e+006 3.37426e+006 2.92414e+006 2.33141e+006 2.64964e+006 2.80024e+006 2.37791e+006 2.14137e+006 2.02882e+006 1.44188e+006 1.20974e+006 1.34638e+006 1.31885e+006 914954 766334 672713 599765 836118 473567 611451 529976 656486 447633 432372 459308 575891 435503 598744 553285 632287 782021 729404 549278 567038 461812 683922 582758 597966 650451 492371 732898 830411 747151 811532 635337 709723 583702 827584 924921 716296 766121 552986 697184 725125 801574 659061 816561 876744 1.04794e+006 657188 820835 768296
#pred surv len freq
 0.00466657 0.00758615 0.0114369 0.0162109 0.0218058 0.0279485 0.034165 0.039892 0.0446848 0.0483605 0.0509815 0.0527387 0.0538452 0.0544823 0.0547841 0.054838 0.054697 0.0543816 0.0538424 0.0528804 0.0510853 0.0478994 0.0428713 0.0359988 0.0279169
 0.00484292 0.0077959 0.0116145 0.0162587 0.0216335 0.0275285 0.0335669 0.0392665 0.0441961 0.0481087 0.050963 0.0528675 0.0540141 0.0546251 0.0549044 0.0549965 0.054967 0.0547963 0.0543603 0.0533886 0.0514436 0.0480062 0.0427119 0.0356479 0.0274954
 0.00499144 0.00804857 0.0120093 0.0168215 0.0223535 0.0283316 0.0343114 0.0397804 0.0443527 0.0478942 0.0504865 0.0522988 0.0534956 0.0542181 0.0546 0.0547655 0.0548008 0.0547073 0.0543496 0.0534157 0.051428 0.0478662 0.0424133 0.0352258 0.0270342
 0.00516151 0.00832343 0.0124214 0.0174032 0.0231337 0.0293252 0.0354998 0.0410895 0.0456432 0.0489812 0.0511928 0.0525223 0.05325 0.0536188 0.0538028 0.0539035 0.0539553 0.0539147 0.0536179 0.0527312 0.0507589 0.0471776 0.0416938 0.034505 0.0263732
 0.00537882 0.00866821 0.0129249 0.0180901 0.0240199 0.0304136 0.0367743 0.0425089 0.0471379 0.0504506 0.0525054 0.0535266 0.053806 0.0536437 0.0533058 0.0529827 0.052757 0.0525811 0.0522517 0.0513883 0.0494615 0.0459369 0.0405307 0.0334597 0.0254957
 0.00560633 0.00903406 0.013468 0.0188441 0.025007 0.0316358 0.0382035 0.0440848 0.0487764 0.0520582 0.0539875 0.0547862 0.0547385 0.0541421 0.053284 0.0524081 0.0516721 0.0510958 0.0505101 0.0495298 0.0476 0.0441608 0.0389147 0.0320699 0.0243821
 0.00585826 0.00943883 0.0140686 0.0196781 0.0261009 0.0329951 0.0398016 0.0458572 0.050627 0.0538754 0.0556607 0.0562159 0.0558371 0.0548297 0.0534863 0.052065 0.0507574 0.0496399 0.0486079 0.0473284 0.0452719 0.0418778 0.0368287 0.0302985 0.0229938
 0.00613498 0.00988149 0.0147217 0.0205792 0.0272752 0.0344464 0.0415014 0.0477395 0.0525943 0.0558137 0.0574558 0.0577629 0.0570455 0.0556231 0.0537996 0.0518427 0.04996 0.0482593 0.0466893 0.0449844 0.0426789 0.039251 0.034384 0.0282108 0.0213647
 0.00646515 0.0104091 0.0154987 0.0216481 0.0286613 0.0361468 0.0434724 0.0498917 0.054804 0.0579449 0.0593813 0.0593763 0.0582633 0.0563818 0.0540502 0.0515455 0.0490838 0.0467903 0.0446512 0.042463 0.0398364 0.0363155 0.0316093 0.0258184 0.0194914
 0.00671222 0.0108164 0.0161224 0.0225442 0.0298756 0.0376978 0.0453329 0.0519823 0.0570033 0.0601119 0.0613782 0.0610833 0.0595848 0.0572467 0.0544077 0.0513589 0.0483258 0.0454467 0.0427363 0.0400446 0.0370572 0.0333939 0.028805 0.0233716 0.0175603
 0.00695645 0.0112161 0.0167296 0.0234109 0.0310458 0.0391937 0.047139 0.0540353 0.0591956 0.0623072 0.0634308 0.0628567 0.0609649 0.0581497 0.05478 0.0511706 0.0475619 0.0441049 0.0408364 0.0376502 0.0343 0.0304802 0.0259894 0.0208981 0.0155966
 0.00720482 0.0116099 0.0173045 0.0241961 0.032062 0.0404497 0.0486239 0.0557124 0.0610012 0.064155 0.0652194 0.0644763 0.0623068 0.0591155 0.0552901 0.0511684 0.0470139 0.0429996 0.0391901 0.0355219 0.0318104 0.0278188 0.023393 0.0185983 0.0137581
 0.00747708 0.0120463 0.0179493 0.0250849 0.0332145 0.0418579 0.0502424 0.057458 0.0627683 0.0658394 0.0667351 0.0657595 0.0633074 0.0597876 0.0555872 0.0510448 0.0464303 0.0419315 0.0376401 0.0335358 0.0294942 0.0253436 0.0209752 0.016452 0.0120376
 0.00759901 0.0122628 0.0183091 0.0256452 0.0340282 0.042954 0.0516062 0.0590238 0.0644298 0.0674729 0.0682241 0.0670115 0.0642605 0.0604073 0.0558552 0.0509464 0.0459474 0.0410458 0.0363465 0.0318632 0.0275253 0.0232221 0.0188884 0.0145886 0.0105364
 0.00786795 0.0126932 0.0189445 0.0265229 0.0351743 0.0443734 0.0532702 0.0608602 0.0663251 0.0692864 0.0698101 0.0682437 0.0650523 0.0607224 0.0557035 0.050367 0.0449872 0.039745 0.0347389 0.0299921 0.0254659 0.0210952 0.0168508 0.0127989 0.00910903
 0.00822259 0.0132464 0.0197335 0.0275667 0.0364711 0.0458977 0.0549673 0.0626449 0.0680899 0.0709164 0.0711978 0.0692977 0.0657023 0.0609247 0.0554466 0.0496727 0.0439031 0.0383318 0.0330607 0.0281175 0.0234785 0.0191039 0.0149854 0.0111855 0.00783554
 0.00836485 0.0134789 0.0200858 0.0280668 0.0371398 0.0467404 0.0559655 0.063755 0.0692502 0.0720604 0.0722626 0.0702254 0.0664371 0.0614116 0.0556357 0.0495283 0.0434129 0.0375108 0.0319502 0.0267816 0.0220024 0.0175921 0.0135533 0.00993957 0.00684867
 0.00838657 0.0135271 0.0201827 0.0282425 0.0374271 0.0471652 0.0565373 0.0644611 0.0700571 0.0729194 0.0731182 0.0710219 0.0671233 0.0619417 0.0559686 0.0496275 0.0432497 0.0370726 0.0312478 0.0258549 0.0209207 0.016448 0.01245 0.00897084 0.00607785
 0.00839477 0.0135289 0.0201657 0.028192 0.0373356 0.0470444 0.0564252 0.0644175 0.0701449 0.0731814 0.0735607 0.0716126 0.067801 0.0626315 0.0565946 0.0501207 0.0435536 0.0371474 0.0310767 0.0254506 0.0203284 0.0157417 0.0117191 0.00830084 0.0055302
 0.0083255 0.0134254 0.0200262 0.0280192 0.0371341 0.0468177 0.0561777 0.0641609 0.0699076 0.0730118 0.0735189 0.07175 0.0681385 0.0631463 0.0572234 0.0507758 0.0441425 0.0375907 0.0313205 0.0254743 0.0201485 0.0154086 0.0113055 0.00788273 0.00516797
 0.00842727 0.013575 0.0202217 0.0282486 0.0373779 0.0470545 0.0563866 0.0643222 0.0700025 0.0730264 0.0734523 0.0716229 0.0679928 0.0630332 0.0571827 0.0508172 0.0442404 0.037693 0.0313682 0.0254221 0.0199797 0.0151398 0.0109794 0.00755303 0.00488076
 0.00862661 0.0138606 0.02058 0.0286418 0.0377536 0.0473618 0.0565907 0.0644094 0.0699783 0.0729089 0.0732665 0.0713957 0.0677515 0.0628055 0.0569957 0.0506921 0.044183 0.0376874 0.0313787 0.0254063 0.0199055 0.0149985 0.010788 0.00734445 0.00468945
 0.00880034 0.0141236 0.0209379 0.0290828 0.0382465 0.0478574 0.0570253 0.0647162 0.0701049 0.0728375 0.0730209 0.0710325 0.0673389 0.062403 0.0566444 0.050414 0.0439848 0.0375616 0.0313049 0.0253546 0.0198457 0.0149114 0.010672 0.00721388 0.00456493
 0.00884938 0.0142085 0.0210749 0.0292883 0.0385315 0.0482186 0.0574373 0.0651303 0.0704585 0.0730698 0.0730914 0.0709326 0.067094 0.062064 0.0562718 0.0500618 0.043689 0.0373371 0.0311475 0.0252464 0.0197633 0.0148342 0.0105895 0.00712729 0.00448303
 0.00896307 0.0143823 0.0213162 0.0295978 0.0389044 0.048646 0.0579056 0.065617 0.0709285 0.0734753 0.073378 0.071052 0.0670187 0.0617988 0.0558547 0.0495545 0.0431598 0.0368434 0.0307253 0.0249079 0.0195021 0.0146346 0.0104353 0.00700727 0.00439148
 0.00893414 0.0143468 0.0212841 0.0295854 0.03893 0.0487236 0.0580398 0.0658027 0.0711545 0.073728 0.0736405 0.0713006 0.0672213 0.0619204 0.0558692 0.0494564 0.0429686 0.0365973 0.030467 0.0246715 0.0193058 0.0144816 0.01032 0.0069216 0.00432899
 0.00897023 0.0144004 0.0213556 0.0296732 0.0390329 0.0488429 0.05818 0.0659687 0.0713464 0.0739369 0.0738489 0.0714864 0.0673629 0.0619992 0.0558711 0.0493738 0.0428043 0.0363676 0.0302006 0.024402 0.0190619 0.0142805 0.0101667 0.00681199 0.00425496
 0.00880273 0.0141482 0.021014 0.0292522 0.0385554 0.0483419 0.0576963 0.0655498 0.0710423 0.0737919 0.07389 0.0717145 0.0677502 0.0624942 0.0564101 0.0498937 0.0432549 0.0367191 0.0304455 0.0245521 0.0191403 0.0143127 0.0101735 0.00680744 0.0042468
 0.00861971 0.013876 0.0206518 0.0288167 0.0380772 0.0478581 0.0572452 0.065167 0.0707588 0.0736308 0.0738648 0.0718286 0.0679968 0.0628552 0.0568545 0.0503793 0.0437337 0.0371475 0.0307935 0.024808 0.01931 0.0144135 0.0102265 0.00683132 0.00425524
 0.00843438 0.0135807 0.02022 0.0282322 0.0373424 0.0470041 0.0563384 0.0643043 0.070046 0.0731542 0.07367 0.0719167 0.0683353 0.0633931 0.0575333 0.0511386 0.0445136 0.0378915 0.0314545 0.0253544 0.0197296 0.0147125 0.0104241 0.00695234 0.00432375
 0.00836891 0.0134561 0.0199991 0.0278699 0.0367971 0.0462569 0.0554112 0.0632671 0.0690081 0.0722414 0.072998 0.0715673 0.0683412 0.0637358 0.0581529 0.0519507 0.0454269 0.0388202 0.032326 0.0261149 0.0203474 0.015179 0.0107507 0.00716364 0.00444973
 0.00832414 0.0133822 0.0198845 0.0276992 0.0365498 0.0459078 0.0549355 0.0626513 0.0682645 0.0714195 0.0721854 0.0708745 0.0678753 0.0635716 0.0583143 0.052408 0.0461083 0.0396311 0.0331696 0.0269078 0.02103 0.01572 0.0111453 0.00742827 0.00461231
 0.00837478 0.0134544 0.0199741 0.0277945 0.0366331 0.0459574 0.0549273 0.0625595 0.0680627 0.071088 0.0717224 0.0703088 0.0672715 0.0630211 0.0579126 0.0522259 0.046171 0.0399132 0.0336063 0.0274162 0.0215314 0.016156 0.0114854 0.00766769 0.00476477
 0.00847947 0.0136052 0.0201645 0.0280055 0.0368368 0.0461247 0.055034 0.0625883 0.0680028 0.070933 0.0714697 0.0699623 0.066847 0.062553 0.0574559 0.0518491 0.045937 0.0398583 0.0337268 0.0276701 0.0218545 0.0164832 0.0117681 0.00788186 0.0049088
 0.00846593 0.0135912 0.0201577 0.028016 0.0368721 0.0461829 0.0551 0.0626367 0.0680071 0.0708768 0.0713513 0.0697914 0.0666379 0.0623204 0.0572178 0.0516313 0.0457747 0.0397875 0.0337697 0.0278233 0.0220869 0.0167473 0.0120172 0.00808414 0.00505263
 0.00843312 0.013547 0.0201085 0.0279742 0.0368542 0.0462045 0.0551702 0.062753 0.0681535 0.0710243 0.0714648 0.0698399 0.0666041 0.0622055 0.0570393 0.0514182 0.0455622 0.0396129 0.0336647 0.0278049 0.0221509 0.0168692 0.012162 0.00821977 0.00515919
 0.00838004 0.0134628 0.0199864 0.0278114 0.0366546 0.0459822 0.0549512 0.0625723 0.0680455 0.0710108 0.0715454 0.0699907 0.0667859 0.0623765 0.0571683 0.0514926 0.0455893 0.0396149 0.0336699 0.0278376 0.0222225 0.0169748 0.012284 0.00833643 0.0052542
 0.0082523 0.0132714 0.0197284 0.0274948 0.0362957 0.0456017 0.0545724 0.062222 0.0677548 0.0708128 0.0714684 0.0700494 0.0669734 0.0626633 0.0575091 0.0518396 0.0459059 0.0398837 0.0338928 0.0280279 0.0223947 0.0171362 0.0124323 0.00846376 0.00535324
 0.00829543 0.0133287 0.0197914 0.0275481 0.0363222 0.0455897 0.0545204 0.0621382 0.0676518 0.0707017 0.0713577 0.0699477 0.0668921 0.0626145 0.0574997 0.0518661 0.0459549 0.039939 0.0339434 0.0280721 0.0224376 0.0171834 0.012485 0.00851753 0.00540133
 0.00834681 0.0133984 0.0198701 0.0276175 0.0363584 0.04557 0.054431 0.0619786 0.0674367 0.0704586 0.0711209 0.0697497 0.0667561 0.0625511 0.0575075 0.051935 0.0460689 0.0400787 0.0340896 0.0282102 0.02256 0.0172882 0.0125728 0.00858896 0.00545631
 0.00839786 0.0134845 0.0200043 0.0278108 0.0366132 0.0458725 0.0547458 0.062253 0.067615 0.0705016 0.0710198 0.0695276 0.0664581 0.0622294 0.0572072 0.0516863 0.0458848 0.0399579 0.0340214 0.0281804 0.0225549 0.0172978 0.0125902 0.00860942 0.00547609
 0.00834066 0.0134038 0.0199062 0.0277103 0.0365322 0.0458344 0.0547691 0.0623448 0.0677654 0.0706822 0.0711894 0.0696454 0.0664986 0.0621914 0.0571128 0.0515694 0.045778 0.0398825 0.0339848 0.0281782 0.0225766 0.0173316 0.0126269 0.00864271 0.0055029
 0.00819157 0.0131742 0.0195857 0.0273002 0.0360484 0.0453094 0.0542527 0.0618998 0.0674551 0.0705524 0.0712531 0.0698782 0.0668476 0.0625929 0.0575113 0.0519308 0.046092 0.040155 0.0342265 0.0283961 0.0227709 0.0174983 0.0127614 0.00874367 0.00557275
 0.00813241 0.0130853 0.0194651 0.0271505 0.0358751 0.0451189 0.0540521 0.0616987 0.0672686 0.0704015 0.0711617 0.069866 0.0669213 0.0627412 0.0577074 0.0521415 0.0462895 0.0403248 0.0343674 0.0285143 0.0228731 0.0175874 0.0128367 0.00880328 0.00561607
 0.00809048 0.0130182 0.0193665 0.027016 0.0357043 0.0449173 0.0538326 0.0614802 0.0670715 0.0702429 0.0710533 0.0698153 0.0669337 0.0628192 0.0578469 0.0523286 0.0465022 0.0405389 0.0345641 0.0286839 0.0230138 0.017701 0.0129259 0.00887018 0.0056631
 0.00810267 0.0130285 0.0193644 0.0269859 0.0356293 0.0447862 0.0536455 0.0612509 0.0668242 0.0700063 0.0708542 0.0696737 0.0668613 0.0628196 0.0579169 0.0524594 0.046679 0.0407424 0.0347729 0.0288794 0.0231834 0.0178391 0.0130321 0.00894727 0.00571551
 0.00807171 0.012976 0.0192811 0.0268612 0.0354529 0.044551 0.0533519 0.0609102 0.0664598 0.0696524 0.0705498 0.0694559 0.0667565 0.0628385 0.0580535 0.0526944 0.0469849 0.0410881 0.0351278 0.0292158 0.0234801 0.018083 0.0132191 0.00908068 0.00580373
 0.00808718 0.0129977 0.019307 0.026886 0.0354682 0.0445455 0.0533127 0.0608245 0.0663191 0.0694561 0.0703098 0.0691966 0.066512 0.0626448 0.0579399 0.0526761 0.0470606 0.0412417 0.0353333 0.0294436 0.0237026 0.0182793 0.0133769 0.00919684 0.00588194
 0.00812696 0.0130555 0.0193811 0.02697 0.0355522 0.0446184 0.0533635 0.0608433 0.0662967 0.0693851 0.0701866 0.0690249 0.0663049 0.0624255 0.0577384 0.0525227 0.0469778 0.0412378 0.035401 0.0295632 0.0238479 0.0184252 0.0135045 0.00929606 0.00595122
 0.0081137 0.0130378 0.0193614 0.0269525 0.0355407 0.0446142 0.0533633 0.0608403 0.0662828 0.0693544 0.0701364 0.0689556 0.0662191 0.0623283 0.0576394 0.0524367 0.0469225 0.0412285 0.0354444 0.029654 0.0239702 0.0185576 0.0136272 0.00939581 0.00602317
 0.00804905 0.0129485 0.0192563 0.0268498 0.0354634 0.0445814 0.0533836 0.0609086 0.066383 0.0694642 0.0702331 0.0690208 0.0662424 0.0623087 0.0575841 0.0523597 0.0468422 0.0411643 0.0354121 0.0296611 0.0240136 0.0186252 0.0137027 0.00946493 0.00607726
 0.00793238 0.0127665 0.0189977 0.0265126 0.0350585 0.0441364 0.0529444 0.0605333 0.0661273 0.0693633 0.0702903 0.069209 0.0665162 0.0626198 0.0578934 0.052643 0.0470906 0.0413805 0.0356051 0.02984 0.0241826 0.0187819 0.0138402 0.00957619 0.0061589
 0.00789986 0.012698 0.0188664 0.026285 0.0347044 0.0436445 0.0523357 0.0598653 0.0654836 0.0688334 0.0699479 0.0690948 0.0666304 0.0629258 0.0583305 0.0531447 0.0475999 0.041859 0.0360336 0.0302126 0.0245001 0.019046 0.0140516 0.00973601 0.006271
 0.0078838 0.0126716 0.0188247 0.02622 0.0346021 0.0434839 0.0520918 0.0595184 0.0650333 0.0683111 0.0694176 0.0686401 0.0663298 0.0628287 0.0584439 0.0534353 0.048009 0.0423219 0.0364955 0.0306366 0.0248664 0.019347 0.0142871 0.00990984 0.00639069
 0.00787699 0.0126677 0.0188316 0.0262484 0.0346611 0.043574 0.0521986 0.0596108 0.0650691 0.0682489 0.0692331 0.0683401 0.0659573 0.0624537 0.058142 0.0532622 0.0479842 0.0424282 0.0366913 0.0308738 0.0251047 0.0195596 0.0144604 0.0100405 0.00648171
 0.00783946 0.0126023 0.0187262 0.0260914 0.0344475 0.0433124 0.0519152 0.059345 0.0648593 0.0681156 0.0691701 0.0683191 0.0659456 0.0624331 0.0581202 0.0532688 0.0480542 0.0425827 0.0369262 0.031162 0.0254072 0.0198401 0.0146944 0.0102177 0.00660408
 0.0077503 0.0124675 0.0185418 0.0258592 0.0341731 0.0430027 0.0515789 0.0589963 0.0645223 0.0678242 0.0689605 0.0682168 0.0659544 0.0625346 0.0582843 0.0534704 0.0482835 0.0428428 0.0372216 0.0314863 0.0257401 0.0201532 0.0149618 0.0104246 0.00674886
 0.00778696 0.0125219 0.0186141 0.0259459 0.0342677 0.0430968 0.051662 0.0590553 0.0645416 0.0677892 0.0688637 0.0680637 0.0657648 0.062336 0.0581025 0.0533224 0.048178 0.0427849 0.0372153 0.0315321 0.0258304 0.020271 0.0150854 0.0105345 0.00683369
 0.00767037 0.012336 0.0183417 0.0255753 0.0337974 0.0425408 0.0510557 0.0584538 0.0640104 0.0673872 0.0686289 0.0680065 0.0658708 0.0625757 0.0584416 0.0537287 0.048624 0.0432482 0.0376774 0.0319776 0.0262444 0.0206387 0.0153928 0.010773 0.00700313
 0.00766634 0.0123303 0.018334 0.025564 0.0337771 0.042501 0.0509806 0.0583275 0.0638241 0.0671479 0.068361 0.0677468 0.0656572 0.0624362 0.0583887 0.0537602 0.0487285 0.0434094 0.0378786 0.032202 0.0264756 0.02086 0.015589 0.0109327 0.00712135
 0.00769458 0.0123856 0.018434 0.0257295 0.0340247 0.0428327 0.0513744 0.0587356 0.0641821 0.0673914 0.0684436 0.0676526 0.0654049 0.0620726 0.0579747 0.0533545 0.0483747 0.0431321 0.0376847 0.0320864 0.0264253 0.020858 0.0156168 0.0109732 0.00716138
 0.00743848 0.0120264 0.0179997 0.0252839 0.0336523 0.0426115 0.0513526 0.0589203 0.0645415 0.067863 0.0689473 0.0681063 0.0657423 0.0622591 0.0580133 0.0532799 0.0482386 0.0429858 0.0375659 0.0320141 0.0264017 0.0208735 0.0156562 0.0110208 0.00720555
 0.00704901 0.0114421 0.0172143 0.0243313 0.0326064 0.0415799 0.0504647 0.0583082 0.0643082 0.068048 0.0695082 0.0689304 0.0666823 0.0631749 0.0588034 0.0538955 0.0486802 0.0432877 0.0377764 0.0321763 0.0265434 0.0210053 0.0157764 0.011123 0.00728443
#obs surv len freq
 nan nan nan nan nan nan nan nan nan nan nan nan nan nan nan nan nan nan nan nan nan nan nan nan nan
 0.00448175 0.00734178 0.0111706 0.0159861 0.0216866 0.0279626 0.0342774 0.0400096 0.0446902 0.0481551 0.050514 0.0520109 0.052904 0.0534172 0.0537321 0.0539875 0.0542664 0.0545594 0.0546982 0.0542902 0.0527282 0.0493601 0.0438094 0.0362889 0.0276719
 0.00461777 0.00756309 0.0115037 0.0164549 0.0223065 0.0287319 0.0351687 0.0409664 0.0456347 0.0490031 0.0511905 0.0524613 0.0531 0.0533571 0.0534371 0.0534941 0.0536175 0.0537971 0.0538614 0.0534154 0.0518538 0.0485289 0.0430657 0.0356703 0.0271991
 0.00477583 0.00782497 0.0119068 0.0170369 0.023097 0.0297397 0.036369 0.0422962 0.0470004 0.0502973 0.0523095 0.0533168 0.0536275 0.0535208 0.0532318 0.0529433 0.0527671 0.0527067 0.0525972 0.0520477 0.0504582 0.0471862 0.0418564 0.0346608 0.0264261
 0.00496684 0.00813499 0.0123728 0.0176939 0.023973 0.0308462 0.03769 0.0437818 0.0485698 0.0518494 0.0537353 0.0545109 0.0544969 0.0539934 0.0532635 0.0525219 0.0519135 0.0514718 0.0510575 0.0503007 0.048619 0.0453818 0.0402121 0.0332788 0.0253641
 0.00517347 0.00847375 0.0128878 0.0184278 0.0249585 0.0320931 0.0391723 0.0454344 0.0502989 0.0535507 0.0553085 0.0558648 0.0555484 0.0546664 0.0534932 0.0522623 0.0511469 0.0502168 0.0493742 0.0482925 0.0464289 0.0431801 0.0381732 0.0315477 0.0240253
 0.00539415 0.00883609 0.0134399 0.0192171 0.0260227 0.0334461 0.0407896 0.0472467 0.0522017 0.0554243 0.0570374 0.0573496 0.0567079 0.0554345 0.0538137 0.0520875 0.0504418 0.0489718 0.047621 0.0461191 0.0439846 0.0406641 0.0358023 0.0295101 0.0224365
 0.00564255 0.00924062 0.0140502 0.0200801 0.0271744 0.0348981 0.0425143 0.049172 0.0542199 0.0574112 0.0588719 0.0589252 0.0579377 0.0562507 0.0541642 0.0519307 0.0497447 0.0477166 0.0458222 0.0438459 0.0413779 0.0379328 0.0331895 0.0272377 0.0206488
 0.00589347 0.00965251 0.0146773 0.0209752 0.0283781 0.0364226 0.0443266 0.0511892 0.0563219 0.0594648 0.0607526 0.0605286 0.0591811 0.0570706 0.054512 0.0517681 0.0490417 0.0464549 0.0440095 0.0415395 0.0387072 0.0351031 0.0304529 0.0248343 0.0187425
 0.00613071 0.010042 0.0152709 0.021824 0.0295235 0.0378807 0.0460726 0.0531502 0.0583861 0.0615017 0.0626341 0.062143 0.0604394 0.0579067 0.054879 0.0516321 0.0483769 0.0452453 0.0422605 0.039301 0.0360973 0.0323161 0.0277357 0.0224292 0.0168212
 0.00635778 0.0104177 0.0158484 0.0226568 0.0306549 0.0393268 0.0478051 0.0550913 0.0604198 0.0634968 0.0644655 0.063704 0.0616453 0.0586949 0.0552056 0.051468 0.0477025 0.0440506 0.0405542 0.0371301 0.033571 0.0296159 0.0250955 0.0200829 0.0149388
 0.00659603 0.0108045 0.0164297 0.0234758 0.0317445 0.0406977 0.0494326 0.0569086 0.062325 0.0653703 0.0661881 0.0651706 0.0627719 0.0594203 0.0554894 0.0512854 0.0470393 0.042902 0.0389324 0.0350813 0.0311963 0.0270815 0.0226164 0.0178762 0.0131642
 0.00682939 0.0111875 0.0170126 0.0243064 0.0328574 0.0420985 0.0510823 0.0587207 0.0641806 0.0671436 0.0677682 0.0664708 0.0637293 0.0599916 0.0556466 0.0510123 0.0463283 0.0417543 0.0373639 0.0331375 0.0289706 0.0247242 0.0203209 0.0158372 0.0115251
 0.0070333 0.0115259 0.0175346 0.0250616 0.0338857 0.0434131 0.0526527 0.0604672 0.0659848 0.0688724 0.0692975 0.0677021 0.0645965 0.060459 0.0557026 0.0506592 0.0455753 0.0406145 0.0358605 0.0313169 0.0269183 0.022574 0.0182419 0.0139989 0.0100514
 0.00727286 0.0119122 0.0181101 0.0258637 0.0349399 0.0447214 0.0541819 0.0621429 0.0677001 0.0705049 0.0707296 0.068835 0.0653597 0.0608135 0.0556389 0.0501906 0.044728 0.0394208 0.0343588 0.0295609 0.0249903 0.0205926 0.0163526 0.0123447 0.00873414
 0.0074368 0.0121877 0.0185409 0.0264951 0.0358076 0.0458359 0.0555129 0.0636167 0.0692128 0.0719453 0.0719981 0.0698525 0.0660677 0.0611732 0.0556309 0.0498145 0.0440005 0.0383723 0.0330322 0.0280144 0.0233047 0.0188749 0.0147275 0.0109309 0.00761394
 0.00753292 0.0123455 0.0187821 0.0268432 0.0362863 0.0464641 0.056298 0.0645467 0.0702517 0.0730338 0.0730599 0.0708051 0.0668342 0.0616925 0.0558613 0.0497344 0.0436064 0.0376782 0.03207 0.0268361 0.0219852 0.0175111 0.0134285 0.00979761 0.00671511
 0.0075965 0.0124441 0.0189221 0.0270287 0.0365207 0.0467519 0.0566456 0.0649616 0.0707403 0.0735968 0.0736861 0.0714658 0.0674815 0.0622639 0.0562902 0.0499618 0.043591 0.0374014 0.0315386 0.026084 0.0210735 0.0165239 0.0124617 0.00894004 0.00602822
 0.0076398 0.0125094 0.0190109 0.0271393 0.0366486 0.0468923 0.056795 0.0651204 0.0709146 0.0737994 0.0739335 0.0717713 0.0678456 0.0626665 0.0566885 0.0502969 0.0438 0.0374324 0.0313628 0.0257041 0.0205255 0.0158724 0.0117875 0.00832143 0.00552209
 0.00772699 0.0126384 0.019181 0.0273409 0.0368659 0.0471066 0.0569889 0.0652802 0.0710329 0.0738777 0.0739841 0.0718152 0.067907 0.062763 0.0568225 0.0504493 0.0439318 0.0374938 0.0313087 0.0255091 0.0201947 0.0154426 0.0113173 0.00787417 0.00514741
 0.00775812 0.0126908 0.0192627 0.0274589 0.0370222 0.0472944 0.0571897 0.0654666 0.0711775 0.0739632 0.0740102 0.0717978 0.0678717 0.0627366 0.0568245 0.0504855 0.04399 0.037545 0.0313149 0.0254366 0.0200284 0.0151934 0.0110201 0.00757476 0.00488655
 0.00781658 0.0127775 0.0193778 0.0275978 0.0371778 0.0474597 0.0573591 0.0656342 0.0713335 0.0740929 0.0740966 0.0718286 0.0678455 0.0626659 0.0567315 0.0503935 0.0439137 0.0374841 0.031254 0.0253527 0.0199024 0.0150214 0.0108162 0.007366 0.0047009
 0.00783518 0.0128091 0.0194277 0.0276706 0.0372753 0.0475786 0.0574892 0.0657609 0.0714429 0.0741767 0.0741532 0.07186 0.0678533 0.0626504 0.0566942 0.0503402 0.0438532 0.0374238 0.0311942 0.0252858 0.0198176 0.0149123 0.0106871 0.00723098 0.00457759
 0.00788264 0.0128766 0.0195115 0.0277619 0.0373634 0.0476556 0.0575535 0.0658157 0.0714922 0.0742215 0.0741904 0.0718846 0.0678614 0.0626407 0.0566679 0.0502996 0.043802 0.0373658 0.0311322 0.0252196 0.0197443 0.0148293 0.0105958 0.00713833 0.0044934
 0.00789304 0.0128954 0.0195427 0.027809 0.0374273 0.0477313 0.0576296 0.0658773 0.0715275 0.0742276 0.074175 0.0718606 0.0678404 0.0626275 0.056661 0.050294 0.0437929 0.0373501 0.0311086 0.0251875 0.0197032 0.0147795 0.0105394 0.00708012 0.00443966
 0.00790686 0.0129151 0.0195675 0.027837 0.0374566 0.0477615 0.057662 0.0659133 0.071566 0.0742634 0.0742007 0.0718704 0.0678339 0.0626099 0.0566394 0.0502738 0.0437753 0.0373334 0.0310897 0.0251639 0.0196736 0.014744 0.0104999 0.00703997 0.00440303
 0.00788804 0.0128839 0.0195195 0.0277683 0.0373648 0.0476482 0.0575345 0.0657854 0.0714553 0.0741875 0.0741712 0.0718904 0.067897 0.0627035 0.0567496 0.0503887 0.0438864 0.0374345 0.0311762 0.025232 0.0197213 0.0147716 0.0105103 0.00703784 0.00439398
 0.00790759 0.0129068 0.0195377 0.0277687 0.0373332 0.0475746 0.0574183 0.0656366 0.0712926 0.074033 0.0740463 0.0718115 0.0678729 0.0627341 0.0568262 0.0504969 0.04401 0.0375591 0.0312905 0.0253287 0.0197964 0.0148241 0.0105422 0.00705343 0.00439862
 0.00788248 0.0128692 0.0194866 0.0277043 0.0372553 0.0474811 0.0573053 0.0655011 0.0711366 0.0738676 0.0738912 0.0716907 0.0678076 0.0627365 0.0568963 0.0506238 0.0441751 0.0377412 0.0314699 0.0254899 0.0199297 0.0149255 0.0106126 0.00709751 0.00442302
 0.00785016 0.0128145 0.0194008 0.0275793 0.0370864 0.0472719 0.0570699 0.0652623 0.0709196 0.0736921 0.0737678 0.0716227 0.0677959 0.0627821 0.0569997 0.050781 0.0443756 0.0379678 0.0317019 0.0257075 0.0201175 0.0150747 0.0107215 0.00717021 0.00446704
 0.00785193 0.0128119 0.0193867 0.027543 0.0370163 0.0471589 0.0569118 0.0650665 0.0707028 0.0734772 0.0735794 0.0714814 0.0677144 0.0627645 0.0570437 0.0508805 0.0445216 0.038148 0.0319005 0.0259063 0.0202993 0.0152267 0.0108376 0.00725093 0.00451794
 0.00783882 0.0127931 0.0193628 0.0275151 0.0369845 0.0471202 0.0568592 0.0649912 0.0705979 0.0733435 0.0734268 0.0713287 0.0675837 0.0626756 0.0570091 0.0509038 0.0445987 0.0382688 0.0320508 0.0260694 0.0204581 0.0153669 0.0109498 0.00733226 0.0045712
 0.00779614 0.0127237 0.0192586 0.0273701 0.0367974 0.0468977 0.0566182 0.0647562 0.0703946 0.0731899 0.0733296 0.0712848 0.0675865 0.0627204 0.0570943 0.0510293 0.0447619 0.0384627 0.0322636 0.0262861 0.0206627 0.0155453 0.0110927 0.00743689 0.00464082
 0.00777823 0.01269 0.0191995 0.027274 0.0366536 0.0467014 0.0563751 0.0644843 0.0701219 0.0729478 0.0731456 0.0711763 0.0675585 0.0627662 0.0572011 0.0511828 0.0449499 0.0386748 0.032489 0.0265122 0.0208757 0.0157321 0.011244 0.00754922 0.00471674
 0.00773118 0.0126157 0.0190916 0.0271276 0.036466 0.0464728 0.0561105 0.0641955 0.0698277 0.0726732 0.0729185 0.0710224 0.067496 0.0628018 0.0573281 0.0513842 0.0452035 0.0389576 0.0327808 0.0267953 0.0211348 0.015955 0.0114227 0.00768137 0.0048062
 0.00770106 0.0125636 0.0190078 0.0270017 0.0362898 0.046245 0.0558402 0.0639017 0.0695353 0.072407 0.0726986 0.0708645 0.0674118 0.0627997 0.057411 0.0515473 0.0454331 0.0392332 0.0330783 0.0270913 0.021409 0.0161918 0.0116128 0.00782239 0.00490205
 0.00769286 0.01255 0.0189864 0.0269693 0.0362417 0.0461748 0.055741 0.0637686 0.0693688 0.0722148 0.0724967 0.0706735 0.067253 0.0626912 0.057366 0.0515723 0.0455273 0.0393875 0.0332762 0.0273113 0.0216285 0.0163914 0.0117788 0.00794854 0.00498942
 0.00767296 0.0125214 0.0189503 0.0269288 0.0362009 0.0461364 0.0557044 0.0637298 0.0693206 0.0721499 0.0724105 0.0705672 0.0671356 0.0625782 0.0572759 0.0515226 0.0455296 0.0394454 0.033384 0.0274551 0.0217892 0.0165491 0.0119171 0.00805778 0.00506719
 0.00764799 0.0124818 0.0188926 0.0268515 0.0361051 0.0460275 0.0555926 0.063628 0.0692408 0.072098 0.0723838 0.0705565 0.0671298 0.0625704 0.0572669 0.0515205 0.0455463 0.0394917 0.0334645 0.0275661 0.0219195 0.0166828 0.012039 0.00815707 0.0051396
 0.00762353 0.0124441 0.0188398 0.0267831 0.036022 0.0459324 0.0554897 0.0635243 0.0691452 0.0720205 0.0723325 0.0705349 0.0671354 0.0625955 0.0573025 0.0515606 0.0455908 0.0395451 0.0335329 0.0276523 0.0220202 0.016789 0.0121392 0.00824145 0.00520294
 0.00760846 0.0124189 0.0188007 0.0267265 0.0359459 0.0458374 0.0553811 0.0634111 0.0690386 0.0719308 0.0722674 0.0704987 0.0671292 0.0626172 0.0573471 0.051621 0.0456605 0.0396203 0.0336129 0.027738 0.0221108 0.0168805 0.0122248 0.00831407 0.00525834
 0.00757381 0.0123678 0.0187335 0.0266465 0.0358581 0.0457466 0.0552904 0.0633226 0.068955 0.0718562 0.0722077 0.0704602 0.0671168 0.062633 0.0573895 0.0516857 0.0457412 0.0397105 0.0337075 0.0278333 0.0222041 0.0169686 0.0123037 0.00837965 0.00530807
 0.00757763 0.0123654 0.0187144 0.0265969 0.0357657 0.0456078 0.0551155 0.0631342 0.0687805 0.0717182 0.0721176 0.070419 0.0671192 0.062672 0.0574588 0.0517792 0.0458524 0.0398324 0.0338329 0.0279557 0.0223183 0.0170705 0.0123898 0.00844799 0.00535818
 0.00757598 0.0123659 0.0187203 0.0266113 0.0357885 0.0456321 0.0551265 0.063114 0.0687164 0.071611 0.0719838 0.0702837 0.0670066 0.0625974 0.0574267 0.0517864 0.0458916 0.0398953 0.033911 0.0280412 0.0224038 0.0171499 0.0124585 0.00850312 0.00539887
 0.00754666 0.0123215 0.0186601 0.0265373 0.0357062 0.0455497 0.0550533 0.0630576 0.068679 0.0715875 0.0719644 0.0702601 0.066978 0.0625717 0.057416 0.0518008 0.0459348 0.0399642 0.0339982 0.0281374 0.0224999 0.0172382 0.0125337 0.0085621 0.00544143
 0.00752728 0.0122915 0.0186177 0.0264823 0.03564 0.0454758 0.0549781 0.0629892 0.068626 0.071556 0.0719551 0.0702676 0.0669933 0.0625866 0.057428 0.0518134 0.0459554 0.0399993 0.0340497 0.0282021 0.0225712 0.0173083 0.0125959 0.00861224 0.00547814
 0.00753085 0.0122932 0.0186126 0.0264638 0.0356014 0.045414 0.0548954 0.0628946 0.0685322 0.0714761 0.0718988 0.0702398 0.0669928 0.0626075 0.0574621 0.0518536 0.0459984 0.0400455 0.0341013 0.0282601 0.0226335 0.0173702 0.0126519 0.00865818 0.00551214
 0.00749447 0.0122399 0.0185431 0.0263818 0.035512 0.0453209 0.0548 0.0627969 0.068434 0.0713835 0.0718223 0.0701915 0.0669817 0.0626363 0.0575262 0.0519432 0.046102 0.0401535 0.0342076 0.0283611 0.0227269 0.0174535 0.0127222 0.00871332 0.00555183
 0.00751548 0.012268 0.0185745 0.0264096 0.035529 0.0453227 0.0547872 0.0627738 0.0684052 0.0713502 0.0717823 0.0701424 0.0669256 0.0625803 0.0574801 0.0519151 0.0460951 0.0401661 0.0342348 0.0283976 0.0227679 0.0174948 0.0127604 0.00874552 0.00557642
 0.0074782 0.012214 0.0185051 0.0263297 0.0354447 0.0452385 0.0547048 0.0626931 0.0683277 0.0712812 0.0717302 0.0701149 0.0669257 0.0626063 0.0575271 0.0519784 0.0461713 0.040252 0.0343266 0.0284901 0.0228556 0.0175728 0.0128251 0.00879544 0.00561191
 0.0074782 0.012214 0.0185051 0.0263297 0.0354447 0.0452385 0.0547048 0.0626931 0.0683277 0.0712812 0.0717302 0.0701149 0.0669257 0.0626063 0.0575271 0.0519784 0.0461713 0.040252 0.0343266 0.0284901 0.0228556 0.0175728 0.0128251 0.00879544 0.00561191
 0.00738515 0.0120609 0.0182724 0.0260014 0.0350151 0.0447217 0.0541406 0.0621441 0.0678635 0.0709585 0.0715788 0.0701356 0.0670978 0.062897 0.0578993 0.052396 0.0466028 0.0406722 0.034717 0.0288378 0.0231519 0.0178133 0.0130094 0.00892772 0.00569995
 0.00728927 0.0119003 0.0180223 0.0256364 0.0345162 0.044086 0.0533926 0.0613394 0.067083 0.0702927 0.0711084 0.0699147 0.0671437 0.0631898 0.0583902 0.0530207 0.0472953 0.0413742 0.0353824 0.0294341 0.0236587 0.018221 0.0133184 0.00914657 0.00584365
 0.00730462 0.0119168 0.0180307 0.0256205 0.0344538 0.0439525 0.053166 0.0610066 0.0666473 0.0697799 0.0705687 0.0694163 0.0667588 0.0629761 0.0583766 0.0532011 0.0476332 0.0418153 0.035868 0.0299121 0.0240901 0.0185817 0.0135984 0.00934789 0.00597711
 0.00730615 0.0119247 0.0180518 0.0256625 0.0345204 0.0440375 0.0532479 0.0610508 0.0666143 0.0696386 0.0703091 0.0690567 0.0663453 0.0625738 0.0580541 0.0530125 0.0476038 0.0419368 0.0361046 0.0302135 0.0244055 0.0188707 0.0138361 0.00952531 0.0060975
 0.00720888 0.0117742 0.0178403 0.0253903 0.034198 0.0436869 0.0529025 0.0607492 0.0663884 0.0695011 0.070248 0.0690427 0.0663479 0.0625782 0.0580685 0.0530643 0.0477254 0.0421488 0.0364044 0.0305744 0.0247859 0.0192273 0.0141364 0.00975351 0.00625434
 0.00719315 0.0117416 0.0177786 0.0252844 0.0340344 0.0434609 0.0526244 0.0604455 0.0660963 0.0692579 0.0700799 0.0689574 0.0663342 0.0626127 0.0581286 0.0531398 0.0478227 0.0422849 0.0365938 0.0308168 0.0250626 0.0195074 0.0143881 0.00995516 0.00639862
 0.00721954 0.011784 0.0178408 0.025367 0.0341326 0.043561 0.0527034 0.0604755 0.066055 0.0691389 0.0698978 0.0687429 0.0661221 0.0624292 0.0579859 0.0530383 0.0477601 0.0422626 0.0366177 0.0308912 0.0251824 0.0196559 0.0145415 0.0100911 0.0065035
 0.00711223 0.011623 0.0176239 0.0251021 0.0338366 0.0432568 0.0524164 0.0602299 0.065868 0.0690171 0.0698368 0.0687329 0.0661548 0.0625021 0.0580995 0.0531921 0.0479488 0.042478 0.0368515 0.0311359 0.0254298 0.019894 0.0147555 0.0102674 0.00663494
 0.0071623 0.0116914 0.0177028 0.025177 0.0338906 0.0432784 0.0524046 0.0601933 0.0658194 0.0689657 0.0697835 0.068672 0.066079 0.0624092 0.0579958 0.0530911 0.0478666 0.0424277 0.03684 0.0311637 0.0254913 0.0199789 0.0148499 0.0103571 0.00670903
 0.00720673 0.0117721 0.0178386 0.0253871 0.0341856 0.0436488 0.0528133 0.0605813 0.0661235 0.0691407 0.0698156 0.0685749 0.0658819 0.0621434 0.0576886 0.0527665 0.0475475 0.0421359 0.0365941 0.0309757 0.0253646 0.0199081 0.0148229 0.0103585 0.00672397
 0.00721923 0.0117958 0.0178813 0.0254599 0.0343027 0.0438244 0.0530566 0.0608891 0.0664736 0.0694905 0.0701103 0.068764 0.0659352 0.0620591 0.0574894 0.0524884 0.0472291 0.0418124 0.0362943 0.0307211 0.0251676 0.0197713 0.0147398 0.0103164 0.00670832
 0.0072132 0.0117879 0.0178732 0.0254554 0.0343075 0.0438471 0.0531079 0.0609807 0.0666152 0.0696842 0.0703448 0.0690113 0.0661548 0.062209 0.0575403 0.052433 0.0470827 0.0416056 0.0360633 0.0304985 0.0249775 0.0196264 0.014642 0.0102587 0.00667966
#pred catch len freq
 0.00441759 0.00697998 0.010162 0.0138789 0.0180792 0.0227276 0.0277352 0.0329204 0.0380419 0.0428585 0.0471691 0.0508305 0.0537681 0.0559776 0.0575089 0.058445 0.0588839 0.0589123 0.0585426 0.0576131 0.0557158 0.052268 0.0467927 0.039296 0.0304753
 0.00460131 0.00721127 0.0103888 0.0140195 0.018055 0.022509 0.0273701 0.0325218 0.0377336 0.0427129 0.0471763 0.0509168 0.0538484 0.0560076 0.0575101 0.0584905 0.0590548 0.059244 0.0589889 0.058051 0.0559943 0.0522794 0.046525 0.0388346 0.0299549
 0.00477861 0.00749618 0.0108062 0.0145769 0.0187257 0.023217 0.0279919 0.0329199 0.0378168 0.0424873 0.0467472 0.0504316 0.053421 0.0556774 0.0572588 0.0582911 0.0589073 0.0591702 0.0589956 0.0580965 0.0559918 0.05214 0.0462111 0.0383842 0.0294596
 0.00498288 0.0078154 0.0112645 0.0151925 0.0195119 0.0241787 0.0291113 0.0341349 0.0390058 0.0434827 0.0473838 0.0506128 0.0531606 0.0550871 0.0564883 0.0574667 0.0581049 0.0584234 0.0583112 0.0574592 0.0553657 0.0514848 0.0455109 0.037668 0.0287922
 0.00523349 0.00820239 0.0118099 0.0159061 0.0203947 0.0252265 0.0303147 0.035472 0.0404315 0.0449155 0.0486982 0.0516493 0.0537633 0.0551571 0.0560245 0.056565 0.0569153 0.0570935 0.056948 0.0561198 0.0540711 0.0502429 0.0443403 0.0366086 0.0278964
 0.00550907 0.00863113 0.0124199 0.0167129 0.0214015 0.0264255 0.0316842 0.0369736 0.0420098 0.0465006 0.0502059 0.0529774 0.0547898 0.0557519 0.0560801 0.0560347 0.0558376 0.0555833 0.0551591 0.0542021 0.0521459 0.0484031 0.0426632 0.0351629 0.0267349
 0.00581342 0.00910455 0.0130937 0.0176048 0.0225175 0.0277602 0.0332178 0.0386652 0.0437944 0.0482928 0.0519075 0.0544856 0.0560014 0.0565649 0.0563969 0.0557751 0.0549626 0.0541195 0.0532068 0.0519196 0.0497192 0.0460165 0.0404785 0.0333049 0.0252767
