SBPRF35
12.7214
Curr Bio
772807
B35
843723
F35
0.16922
FOFL
0.145762
OFL
88146.6
Bzero
3.63469e+006
#pred survey bio
 3.14919e+006 2.85916e+006 2.59481e+006 2.36238e+006 2.08355e+006 1.86143e+006 1.64446e+006 1.4601e+006 1.31289e+006 1.15519e+006 996366 883141 778297 703032 684447 652313 622216 609565 594833 581632 568309 564569 567237 564471 567780 565155 556978 565958 578671 586892 585429 604371 625319 633096 645760 655378 662577 668280 679411 691830 691726 703206 713552 708245 710225 696618 702502 733652 758628 818341 857122 889398 891070 881582 860806 854704 824641 804494 777730 2.57951e+007 1.51612e+007 1.52659e+007 1.61528e+007 1.75951e+007 1.92799e+007 2.09637e+007 2.24983e+007 2.38157e+007 2.49009e+007 2.57698e+007 2.64515e+007 2.69791e+007 2.73836e+007 2.76921e+007 2.79266e+007 2.81049e+007 2.82406e+007 2.8344e+007 2.84232e+007 2.84841e+007 2.85311e+007 2.85675e+007 2.8596e+007 2.86182e+007 2.86358e+007 2.86496e+007 2.86605e+007 2.86692e+007 2.86761e+007 2.86817e+007 2.86862e+007 2.86898e+007 2.86927e+007 2.8695e+007 2.86969e+007 2.86985e+007 2.86997e+007 2.87008e+007 2.87016e+007 2.87023e+007 2.87028e+007 2.87033e+007 2.87036e+007 2.87039e+007 2.87042e+007 2.87044e+007 2.87046e+007 2.87047e+007 2.87048e+007 2.87049e+007 2.8705e+007 2.8705e+007 2.87051e+007 2.87051e+007 2.87051e+007 2.87052e+007 2.87052e+007 2.87052e+007 2.87052e+007 2.87052e+007 2.87052e+007 2.87053e+007 2.87053e+007 2.87053e+007 2.87053e+007 2.87053e+007 2.87053e+007 2.87053e+007 2.87053e+007 2.87053e+007 2.87053e+007 2.87053e+007 2.87053e+007 2.87053e+007 2.87053e+007 2.87053e+007 2.87053e+007 2.87053e+007 2.87053e+007 2.87053e+007 2.87053e+007 2.87053e+007 2.87053e+007 2.87053e+007 2.87053e+007 2.87053e+007 2.87053e+007 2.87053e+007 2.87053e+007 2.87053e+007 2.87053e+007 2.87053e+007 2.87053e+007 2.87053e+007 2.87053e+007 2.87053e+007 2.87053e+007 2.87053e+007 2.87053e+007 0 0 0 0 0 0 0 0 0 0 0 0 0 0 0 0 0 0 0 0 0 0 0 0 0
#obs survey bio
 2.85557e+006 3.05015e+006 2.21311e+006 1.80342e+006 2.07145e+006 1.7646e+006 1.72558e+006 1.76806e+006 1.31044e+006 820591 827674 867075 713725 632068 538672 773319 434095 548876 662470 710015 357701 528807 653866 770068 664209 431568 557086 517401 530308 572761 364749 600632 594852 584571 528216 716530 551934 661708 731429 748086 741996 830920 572268 974220 727836 1.03246e+006 684482 573060 681402 993706 947615 1.06046e+006 1.03356e+006 651764 1.10191e+006 1.01657e+006 857722 905199 642308
#pred catch bio
 298452 290115 275562 332425 294053 300131 279192 252861 266341 267307 225066 214199 184220 134150 145524 141759 125217 125392 121734 119231 109048 102446 105785 99416.5 103543 107099 92411.1 90518.1 95440.6 104013 87666.2 87914.7 100340 97243.1 101176 104383 106708 102942 102331 112306 101242 101633 114158 107402 120651 104512 85790.9 94050 66924.1 86498.6 91745.5 116906 124723 132544 117993 136134 123731 124362 128529 88146.6 99033 98336.6 102527 111120 121652 132220 141756 149806 156294 161351 165193 168057 170160 171686 172783 173566 174121 174512 174788 174981 175116 175210 175276 175321 175353 175375 175390 175400 175408 175413 175416 175419 175420 175421 175422 175423 175423 175423 175423 175424 175424 175424 175424 175424 175424 175424 175424 175424 175424 175424 175424 175424 175424 175424 175424 175424 175424 175424 175424 175424 175424 175424 175424 175424 175424 175424 175424 175424 175424 175424 175424 175424 175424 175424 175424 175424 175424 175424 175424 175424 175424 175424 175424 175424 175424 175424 175424 175424 175424 175424 175424 175424 175424 175424 175424 175424 175424 175424 175424 0 0 0 0 0 0 0 0 0 0 0 0 0 0 0 0 0 0 0 0 0 0 0 0 0
#obs catch bio
 259559 289700 274438 333607 294843 302331 279968 253218 268178 271007 228110 216518 186393 134727 147592 143475 127243 127201 122986 120179 110230 103141 106310 99442.2 103440 107628 92459.5 90812.4 95884.2 104404 88308.6 88359.9 100702 97617.6 101940 104658 107501 103963 103075 113266 101612 101444 114020 106819 120736 104531 85707.8 95121.2 67009.4 87152.2 91960.9 117224 124868 133099 117613 136294 123634 124031 128606
#pred cpue bio
 3.09742e+006 2.80959e+006 2.54778e+006 2.31654e+006 2.03907e+006 1.8181e+006 1.60275e+006 1.41976e+006 1.2735e+006 1.11739e+006 960799 849396 746664 673017 654600 623150 593815 581578 567499 555009 542391 539023 541911 539536 543010 540592 532646 541331 553673 561696 560232 578622 599142 606755 618952 628218 635115 640544 651469 663882 664178 675777 686178 681056 682823 669289 674714 704884 729414 788293 827025 859158 860938 851535 831159 825393 796393 777212 752083 2.49836e+007 1.4697e+007 1.46392e+007 1.5319e+007 1.66734e+007 1.83331e+007 2.00109e+007 2.15442e+007 2.28613e+007 2.39465e+007 2.48154e+007 2.54971e+007 2.60246e+007 2.64292e+007 2.67376e+007 2.69722e+007 2.71505e+007 2.72861e+007 2.73896e+007 2.74688e+007 2.75296e+007 2.75766e+007 2.76131e+007 2.76415e+007 2.76638e+007 2.76813e+007 2.76951e+007 2.77061e+007 2.77148e+007 2.77217e+007 2.77273e+007 2.77317e+007 2.77353e+007 2.77382e+007 2.77406e+007 2.77425e+007 2.7744e+007 2.77453e+007 2.77463e+007 2.77471e+007 2.77478e+007 2.77484e+007 2.77488e+007 2.77492e+007 2.77495e+007 2.77497e+007 2.77499e+007 2.77501e+007 2.77502e+007 2.77504e+007 2.77504e+007 2.77505e+007 2.77506e+007 2.77506e+007 2.77507e+007 2.77507e+007 2.77507e+007 2.77507e+007 2.77508e+007 2.77508e+007 2.77508e+007 2.77508e+007 2.77508e+007 2.77508e+007 2.77508e+007 2.77508e+007 2.77508e+007 2.77508e+007 2.77508e+007 2.77508e+007 2.77508e+007 2.77508e+007 2.77508e+007 2.77508e+007 2.77508e+007 2.77508e+007 2.77508e+007 2.77508e+007 2.77508e+007 2.77508e+007 2.77508e+007 2.77508e+007 2.77508e+007 2.77508e+007 2.77508e+007 2.77508e+007 2.77508e+007 2.77508e+007 2.77508e+007 2.77508e+007 2.77508e+007 2.77508e+007 2.77508e+007 2.77508e+007 2.77508e+007 2.77508e+007 2.77508e+007 2.77508e+007 2.77508e+007 2.77508e+007 0 0 0 0 0 0 0 0 0 0 0 0 0 0 0 0 0 0 0 0 0 0 0 0 0
#obs cpue bio
 2.17715e+006 3.46022e+006 3.22784e+006 2.00762e+006 1.54649e+006 1.46566e+006 1.98773e+006 1.12104e+006 945427 1.03267e+006 828683 954335 657605 688596 514908 499416 445787 632790 537253 476057 563161 619563 549933 473480 536278 498501 581043 463059 524166 702451 439232 649994 840578 514899 536183 808384 489310 424493 630217 630395 676006 920275 976304 600780 525222 419636 586068 407098 715652 672344 946610 968300 753690 971480 944290 655328 742144 887011 784231
#pred surv len freq
 0.00616753 0.00983344 0.0144599 0.0199095 0.0259804 0.0323527 0.0385443 0.0439976 0.0482814 0.0512421 0.0529883 0.0537636 0.0538279 0.0534048 0.0526731 0.0517775 0.0508415 0.0499634 0.0491646 0.0482885 0.0469164 0.0444199 0.0402233 0.0341789 0.0267995
 0.00635999 0.010094 0.0147608 0.0202067 0.0262443 0.032607 0.0388827 0.0445557 0.0491685 0.0524702 0.0544472 0.0552574 0.0551522 0.0544166 0.0533192 0.0520758 0.0508333 0.0496653 0.0485451 0.0472866 0.0454958 0.04263 0.0382252 0.0322098 0.0250906
 0.00686809 0.0108498 0.0157648 0.021407 0.0275441 0.0338858 0.0400234 0.0454766 0.0498539 0.052984 0.054905 0.0557632 0.0557332 0.0550029 0.0537808 0.052285 0.0507091 0.0491744 0.0476769 0.0460352 0.0438738 0.0407066 0.0361509 0.030197 0.0233486
 0.00715267 0.0113321 0.0165241 0.0225203 0.0290588 0.03578 0.0421753 0.0476693 0.0518292 0.054524 0.055903 0.0562454 0.0558239 0.0548503 0.0534844 0.0518597 0.0500988 0.0482957 0.046461 0.0444527 0.0419497 0.0385334 0.0338917 0.0280589 0.0215256
 0.00749201 0.0118712 0.0173144 0.0236082 0.0304848 0.0375718 0.0443289 0.050122 0.0544374 0.0570645 0.0581084 0.0578708 0.0567193 0.0550013 0.0529943 0.0508835 0.0487679 0.0466759 0.0445595 0.0422609 0.0394945 0.0359125 0.031276 0.0256573 0.0195226
 0.00777231 0.0123122 0.0179517 0.0244681 0.0315839 0.0389166 0.0459125 0.05192 0.0564047 0.0591289 0.0601589 0.05975 0.058236 0.0559726 0.0533001 0.0505021 0.0477669 0.0451668 0.042649 0.0400335 0.0370329 0.0333324 0.0287422 0.0233602 0.0176254
 0.00816328 0.0129169 0.0188046 0.0255812 0.0329475 0.0405007 0.0476662 0.0537724 0.0582742 0.0609369 0.0618382 0.0612394 0.0594638 0.0568436 0.0537019 0.0503332 0.0469733 0.0437625 0.040711 0.0376808 0.0344114 0.0306128 0.0261173 0.0210225 0.0157243
 0.00855857 0.0135339 0.0196849 0.0267457 0.0343925 0.0421939 0.049541 0.0557289 0.0601929 0.062703 0.0633632 0.0624686 0.0603685 0.0574031 0.0538845 0.0500883 0.0462418 0.0425037 0.0389315 0.0354524 0.0318716 0.0279514 0.0235499 0.0187515 0.0138947
 0.00880054 0.0139291 0.0202829 0.0275933 0.0355238 0.0436153 0.0512153 0.0575703 0.0620789 0.0644988 0.0649466 0.063747 0.0612852 0.0579329 0.0540213 0.0498277 0.0455695 0.0413981 0.0373845 0.0334988 0.0296113 0.0255501 0.0212133 0.0166785 0.0122269
 0.00902881 0.0143052 0.0208587 0.0284209 0.0366462 0.0450503 0.0529381 0.0595036 0.0640997 0.0664577 0.0666923 0.0651484 0.0622486 0.0584104 0.0540081 0.0493486 0.0446593 0.0400882 0.0357046 0.0314946 0.0273703 0.0232141 0.0189643 0.0146969 0.010642
 0.00933224 0.0147848 0.0215554 0.0293655 0.0378563 0.0465247 0.054647 0.0613816 0.0660462 0.0683472 0.0683896 0.0665248 0.0631976 0.0588617 0.0539346 0.0487645 0.0436088 0.038631 0.0339064 0.0294309 0.0251393 0.0209483 0.0168226 0.0128337 0.00916537
 0.00951657 0.015076 0.0219786 0.0299403 0.0385957 0.0474332 0.0557167 0.0625878 0.0673472 0.0696863 0.0696966 0.067718 0.0641868 0.0595569 0.0542595 0.0486694 0.0430789 0.0376867 0.0325987 0.0278371 0.0233626 0.0191172 0.0150803 0.0113137 0.00795926
 0.00979559 0.0155067 0.022584 0.0307262 0.0395508 0.0485295 0.056909 0.0638153 0.0685405 0.0707801 0.0706398 0.0684748 0.0647313 0.0598647 0.0543025 0.0484182 0.0425109 0.036797 0.03141 0.0264046 0.0217754 0.0174917 0.0135451 0.00998442 0.0069118
 0.0101935 0.0160949 0.0233606 0.0316524 0.0405635 0.0495624 0.0579076 0.0647403 0.0693629 0.0714769 0.0711927 0.0688713 0.0649642 0.0599292 0.0541923 0.0481213 0.0420106 0.0360788 0.0304731 0.0252751 0.020513 0.0161874 0.0123055 0.00890773 0.00606271
 0.0101697 0.0160705 0.0233495 0.0316742 0.0406362 0.0496923 0.0580846 0.0649436 0.069576 0.0717014 0.0714497 0.0691872 0.0653508 0.0603702 0.0546426 0.0485176 0.0422854 0.0361737 0.0303503 0.0249276 0.0199712 0.015517 0.0115952 0.00824647 0.00551702
 0.0102101 0.0161431 0.0234716 0.0318664 0.0409176 0.0500723 0.0585541 0.0654701 0.0701071 0.0721763 0.0718167 0.0694198 0.0654551 0.0603774 0.0545904 0.0484295 0.0421599 0.0359872 0.0300714 0.0245349 0.0194684 0.0149384 0.0109991 0.00769744 0.00506569
 0.010283 0.0162534 0.0236229 0.0320582 0.041148 0.0503411 0.0588635 0.0658207 0.0704915 0.0725729 0.0721893 0.0697245 0.0656533 0.0604497 0.0545422 0.0482855 0.0419489 0.0357275 0.0297654 0.0241762 0.0190555 0.0144867 0.0105422 0.00727804 0.00471993
 0.0101905 0.0161174 0.0234453 0.0318506 0.0409295 0.0501345 0.0586922 0.0657087 0.0704626 0.0726478 0.0723783 0.0700198 0.0660253 0.0608513 0.0549217 0.0486005 0.0421751 0.0358575 0.0298013 0.024123 0.0189217 0.0142886 0.010307 0.00703976 0.00451011
 0.0101298 0.0160243 0.0233159 0.031686 0.0407367 0.0499267 0.0584888 0.0655336 0.0703405 0.0725989 0.0724149 0.0701454 0.0662338 0.061126 0.0552346 0.0489156 0.0424555 0.0360735 0.0299355 0.024171 0.0188898 0.0141925 0.01017 0.00688932 0.00437135
 0.0101192 0.016001 0.0232698 0.0316047 0.0406089 0.049748 0.0582671 0.0652901 0.0701058 0.072406 0.072292 0.070111 0.0662949 0.0612777 0.0554607 0.0491899 0.0427448 0.0363429 0.0301548 0.0243202 0.0189628 0.0141968 0.0101235 0.00681527 0.00429226
 0.0101562 0.0160531 0.0233327 0.031668 0.0406573 0.0497644 0.0582361 0.0652023 0.0699617 0.0722186 0.0720868 0.0699209 0.0661522 0.0612061 0.0554702 0.0492754 0.0428878 0.0365154 0.0303255 0.0244616 0.0190569 0.0142386 0.0101206 0.00678321 0.00424844
 0.0101068 0.0159767 0.0232252 0.031528 0.0404865 0.0495675 0.0580209 0.0649798 0.0697451 0.0720225 0.0719257 0.0698092 0.0661038 0.0612323 0.0555767 0.0494586 0.0431329 0.0367979 0.0306143 0.0247258 0.0192721 0.0143922 0.0102133 0.00682671 0.00425954
 0.0100165 0.0158344 0.0230197 0.0312531 0.0401432 0.0491667 0.0575864 0.0645471 0.0693558 0.0717148 0.0717263 0.0697305 0.0661451 0.0613842 0.0558244 0.0497841 0.0435149 0.0372106 0.0310285 0.0251107 0.0196013 0.0146488 0.0103936 0.00693899 0.00432026
 0.010018 0.0158305 0.023002 0.0312092 0.0400588 0.04903 0.0573924 0.0643008 0.069073 0.0714203 0.0714508 0.0695045 0.0659938 0.0613231 0.0558578 0.0499065 0.0437129 0.0374646 0.0313138 0.0254 0.0198676 0.014871 0.0105606 0.00705115 0.00438677
 0.0100366 0.0158484 0.0230058 0.0311786 0.0399715 0.0488698 0.0571563 0.0640016 0.0687361 0.0710776 0.0711352 0.0692463 0.0658177 0.0612455 0.0558853 0.0500345 0.043927 0.0377429 0.0316291 0.0257227 0.0201696 0.0151296 0.0107622 0.00719333 0.00447687
 0.0100668 0.0159003 0.023088 0.0312979 0.0401278 0.0490495 0.0573294 0.064126 0.0687707 0.0709979 0.070943 0.068969 0.0654986 0.060932 0.0556189 0.0498447 0.0438285 0.0377351 0.0316985 0.0258463 0.0203199 0.0152803 0.010893 0.00729343 0.00454461
 0.0101898 0.0160824 0.0233292 0.0315874 0.0404478 0.0493809 0.0576542 0.0644248 0.0690176 0.0711599 0.0709858 0.0688694 0.0652562 0.060574 0.055194 0.0494105 0.0434371 0.0374229 0.0314815 0.0257216 0.0202703 0.0152813 0.0109201 0.00732732 0.00457381
 0.0101719 0.0160518 0.0232805 0.0315151 0.0403479 0.0492543 0.0575097 0.0642799 0.0688964 0.0710859 0.070973 0.0689151 0.0653403 0.0606666 0.0552688 0.0494561 0.0434602 0.0374417 0.0315151 0.0257808 0.0203538 0.0153779 0.0110151 0.00740811 0.00463393
 0.0100787 0.0159139 0.0230981 0.0312967 0.0401078 0.0490076 0.0572695 0.064058 0.0687056 0.0709419 0.0708933 0.0689141 0.065423 0.0608234 0.0554761 0.0496837 0.0436814 0.0376418 0.0316925 0.0259408 0.0205013 0.0155128 0.0111326 0.00750268 0.00470288
 0.0100854 0.0159156 0.0230843 0.031253 0.0400209 0.0488724 0.057094 0.0638623 0.0685149 0.0707775 0.0707683 0.0688348 0.0653928 0.0608444 0.0555473 0.0497971 0.0438224 0.0377932 0.0318401 0.0260767 0.0206233 0.0156204 0.0112245 0.00757661 0.00475762
 0.0101226 0.0159809 0.0231904 0.0314117 0.0402367 0.0491345 0.0573719 0.06411 0.0686854 0.0708395 0.0707161 0.0686863 0.0651794 0.0606011 0.0553049 0.0495793 0.0436436 0.0376582 0.0317462 0.0260172 0.0205909 0.0156085 0.0112269 0.00758713 0.00477074
 0.00997617 0.0157542 0.0228716 0.0310011 0.0397503 0.0486068 0.0568556 0.0636688 0.0683764 0.0706955 0.0707363 0.0688424 0.0654314 0.0609114 0.0556458 0.0499323 0.0439956 0.0379986 0.0320646 0.0263041 0.020838 0.0158109 0.0113835 0.00770092 0.00484774
 0.00994943 0.0156954 0.0227552 0.0307946 0.0394236 0.048147 0.0562801 0.0630296 0.0677517 0.0701707 0.0703824 0.0686996 0.0655018 0.0611638 0.0560288 0.0503906 0.044482 0.0384778 0.0325124 0.0267039 0.0211788 0.016087 0.0115944 0.00785169 0.00494778
 0.0100119 0.0157955 0.0229011 0.0309884 0.0396548 0.0483859 0.056477 0.0631236 0.0676921 0.0699402 0.0700102 0.0682538 0.0650662 0.0608106 0.0557999 0.0502932 0.0444967 0.0385723 0.032653 0.0268624 0.0213344 0.0162254 0.0117077 0.00793697 0.00500668
 0.00995243 0.0157129 0.0228034 0.0308927 0.0395837 0.0483602 0.0565072 0.0632038 0.0677968 0.0700292 0.0700403 0.0681966 0.0649231 0.0606156 0.0556065 0.0501532 0.0444414 0.038606 0.0327577 0.0270093 0.0214943 0.0163753 0.0118333 0.00803247 0.00507271
 0.0099723 0.015735 0.0228185 0.0308877 0.0395475 0.0482918 0.0564206 0.0631255 0.0677548 0.0700385 0.0700931 0.068264 0.0649673 0.0606079 0.0555416 0.0500519 0.0443404 0.0385401 0.0327463 0.0270515 0.0215738 0.0164704 0.0119245 0.00810761 0.00512732
 0.00996018 0.0157239 0.0228168 0.0309065 0.0395953 0.0483674 0.0565099 0.0632057 0.0678056 0.0700529 0.0700801 0.0682399 0.0649429 0.0605807 0.0554999 0.0499857 0.0442522 0.0384466 0.0326701 0.0270095 0.0215702 0.0164968 0.0119665 0.00815117 0.00516345
 0.00982383 0.0155313 0.0225813 0.0306599 0.03938 0.0482232 0.0564615 0.0632564 0.0679381 0.0702354 0.0702762 0.0684192 0.0650883 0.0606886 0.0555739 0.0500301 0.0442704 0.038444 0.0326569 0.0269988 0.0215725 0.0165152 0.0119966 0.00818484 0.00519334
 0.00967401 0.0152955 0.0222426 0.0302121 0.0388344 0.0476149 0.055853 0.0627299 0.067575 0.07009 0.070358 0.0686933 0.0654927 0.0611559 0.056048 0.0504737 0.0446633 0.0387784 0.0329336 0.0272237 0.0217542 0.0166615 0.0121126 0.0082732 0.00525635
 0.00950566 0.0150382 0.0218857 0.0297558 0.0382884 0.0469973 0.0551916 0.0620669 0.0669693 0.069612 0.0700755 0.0686525 0.0657017 0.0615805 0.0566224 0.0511203 0.0453123 0.0393797 0.0334584 0.0276613 0.0221055 0.0169336 0.0123154 0.00841729 0.00535271
 0.00945015 0.0149491 0.0217537 0.0295731 0.0380502 0.0467033 0.0548485 0.0616887 0.0665766 0.0692304 0.0697368 0.0683945 0.0655642 0.0615947 0.0567978 0.0514371 0.045726 0.0398343 0.0339026 0.0280582 0.0224359 0.0171927 0.0125077 0.00855216 0.00544152
 0.00943563 0.0149085 0.0216615 0.0293962 0.037757 0.0462784 0.0543047 0.0610695 0.065945 0.0686526 0.0692673 0.068071 0.0654083 0.0616159 0.056995 0.051796 0.0462155 0.0404068 0.0345009 0.0286274 0.0229339 0.0175964 0.0128117 0.00876509 0.00557982
 0.00946098 0.0149433 0.0217008 0.0294278 0.0377605 0.0462259 0.054165 0.0608166 0.065571 0.0681775 0.0687408 0.067561 0.0649835 0.0613298 0.0568778 0.0518548 0.0464365 0.0407581 0.0349362 0.0290929 0.0233782 0.0179803 0.0131142 0.00898306 0.00572355
 0.00960114 0.0151574 0.0219967 0.0298019 0.0381963 0.0466936 0.0546201 0.0612011 0.0658205 0.0682359 0.0685767 0.0671812 0.0644355 0.0606921 0.0562413 0.0513011 0.0460218 0.0405063 0.03484 0.0291206 0.0234852 0.0181208 0.013252 0.00909625 0.0058046
 0.00964312 0.0152269 0.0221033 0.0299552 0.0384033 0.0469548 0.0549254 0.0615272 0.066132 0.0684894 0.0687274 0.0671916 0.0642861 0.0603911 0.0558276 0.0508381 0.0455814 0.0401498 0.0346027 0.0290074 0.0234743 0.0181761 0.0133356 0.00917922 0.00587081
 0.00980219 0.0154709 0.0224434 0.0303916 0.0389258 0.0475437 0.0555506 0.0621482 0.0666998 0.068952 0.0690371 0.0673105 0.0641916 0.0600804 0.055323 0.0501882 0.0448567 0.0394303 0.0339609 0.028492 0.0231031 0.0179379 0.0132012 0.00911408 0.00584497
 0.00984781 0.0155374 0.0225295 0.0304924 0.0390358 0.0476607 0.0556789 0.0622971 0.0668784 0.0691632 0.0692713 0.067544 0.0643884 0.0602 0.0553309 0.0500679 0.0446175 0.0391079 0.0336083 0.0281639 0.0228394 0.0177553 0.0130939 0.00906285 0.0058274
 0.00953783 0.0150841 0.0219415 0.0298108 0.0383228 0.0469819 0.0550894 0.061839 0.0665849 0.0690611 0.0693773 0.0678567 0.0648811 0.0608191 0.0560033 0.0507165 0.0451793 0.039548 0.0339241 0.0283785 0.0229868 0.0178654 0.0131842 0.00913862 0.00588756
 0.00930722 0.0147236 0.0214276 0.0291362 0.0375035 0.0460636 0.0541509 0.0609833 0.0659163 0.0686566 0.0692694 0.0680355 0.0653081 0.0614407 0.0567572 0.0515328 0.045986 0.0402817 0.0345424 0.0288659 0.0233521 0.0181312 0.0133749 0.00927344 0.00597997
 0.00894181 0.0141495 0.0206017 0.0280342 0.0361268 0.0444498 0.0523854 0.0592036 0.0642976 0.0673795 0.0684827 0.0678244 0.0656808 0.0623328 0.0580507 0.0530825 0.0476432 0.0419121 0.0360386 0.030156 0.0244017 0.0189392 0.0139639 0.00967919 0.00624246
 0.00888644 0.0140408 0.0204026 0.0276965 0.0356 0.0436961 0.051397 0.0580136 0.0629817 0.06605 0.0672761 0.0668837 0.0651302 0.0622508 0.0584505 0.053908 0.0487831 0.043225 0.0373816 0.0314081 0.0254794 0.0198007 0.0146053 0.010124 0.00652904
 0.00887596 0.0140231 0.0203732 0.0276459 0.0355096 0.0435347 0.0511214 0.0575774 0.0623522 0.065228 0.0663097 0.0658693 0.0641986 0.0615413 0.0580801 0.0539422 0.0492184 0.0439895 0.0383544 0.0324507 0.026467 0.0206449 0.0152631 0.0105932 0.00683582
 0.00893591 0.014126 0.0205374 0.0278894 0.0358428 0.0439493 0.0515798 0.0580099 0.0626659 0.0653272 0.0661215 0.0653685 0.0634237 0.0605954 0.0571121 0.053112 0.048655 0.0437581 0.0384437 0.0327842 0.026934 0.0211361 0.0156972 0.0109286 0.00706632
 0.00889847 0.0140866 0.0205182 0.0279255 0.0359744 0.0442082 0.0519752 0.0585196 0.0632351 0.0658732 0.0665459 0.0655748 0.0633424 0.060209 0.0564697 0.0523249 0.0478697 0.0431146 0.038035 0.0326336 0.0269988 0.0213341 0.0159414 0.0111534 0.0072382
 0.00884828 0.0140173 0.0204377 0.0278519 0.0359351 0.0442361 0.0521033 0.0587726 0.0636193 0.0663667 0.0670925 0.0660895 0.0637269 0.0603759 0.0563697 0.0519669 0.0473255 0.042501 0.0374775 0.0322266 0.0267795 0.0212818 0.0159991 0.0112577 0.00734168
 0.00869165 0.0137782 0.0201077 0.0274358 0.0354526 0.0437224 0.0516096 0.0583638 0.0633641 0.0663214 0.0672835 0.0665002 0.0642952 0.0610041 0.0569473 0.0524008 0.0475687 0.0425667 0.0374297 0.0321504 0.0267446 0.0213187 0.0160976 0.011384 0.0074612
 0.00861853 0.0136732 0.019975 0.0272873 0.0353036 0.043585 0.0514892 0.0582609 0.0632814 0.06627 0.0672846 0.0665786 0.0644661 0.0612598 0.0572501 0.0526903 0.0477815 0.0426624 0.0374088 0.0320525 0.026628 0.0212328 0.0160642 0.011397 0.0074992
 0.00817348 0.0130284 0.0191509 0.0263546 0.0343642 0.0427412 0.0508172 0.0578019 0.0630455 0.0662465 0.0674505 0.0669072 0.0649326 0.0618406 0.0579166 0.053401 0.0484813 0.0432929 0.0379267 0.0324437 0.0269086 0.0214351 0.0162189 0.0115217 0.00759883
 0.00764733 0.0122257 0.0180444 0.0249621 0.0327533 0.0410276 0.04916 0.0563837 0.0620342 0.0657483 0.0674829 0.0674059 0.0657868 0.0629327 0.0591459 0.0546878 0.0497593 0.0445018 0.0390125 0.0333671 0.0276531 0.0220076 0.0166421 0.0118233 0.00780469
#obs surv len freq
 0.00497295 0.00814497 0.0123876 0.0177138 0.0239965 0.0308696 0.0377074 0.0437875 0.0485609 0.0518287 0.0537104 0.0544905 0.0544866 0.053993 0.0532689 0.052528 0.0519166 0.0514707 0.0510527 0.0502935 0.0486107 0.0453733 0.0402042 0.0332722 0.025359
 0.00518167 0.00848844 0.0129124 0.0184661 0.0250136 0.0321657 0.0392587 0.0455262 0.0503841 0.0536168 0.0553467 0.0558727 0.0555303 0.054631 0.0534491 0.0522152 0.0510983 0.0501662 0.0493206 0.0482362 0.0463717 0.0431251 0.0381235 0.0315063 0.0239936
 0.00541911 0.00887469 0.0134944 0.0192884 0.0261109 0.0335503 0.0409074 0.0473739 0.0523309 0.0555449 0.0571371 0.0574164 0.0567337 0.0554176 0.0537592 0.0520049 0.0503413 0.0488613 0.0475054 0.0460015 0.0438684 0.0405539 0.0357034 0.0294277 0.0223734
 0.00564673 0.00925052 0.0140707 0.0201174 0.0272342 0.034983 0.0426215 0.0492939 0.0543463 0.0575323 0.0589798 0.0590134 0.0579998 0.0562805 0.0541573 0.0518868 0.0496683 0.0476156 0.0457052 0.043721 0.0412523 0.037813 0.0330821 0.0271481 0.0205802
 0.00589887 0.00966059 0.0146885 0.02099 0.0283982 0.0364514 0.0443691 0.0512504 0.0564039 0.0595648 0.0608625 0.0606368 0.0592757 0.0571416 0.0545519 0.0517726 0.0490098 0.0463894 0.0439168 0.0414287 0.0385883 0.0349858 0.0303461 0.0247447 0.0186736
 0.00611555 0.0100208 0.0152451 0.0217972 0.0295002 0.0378648 0.0460667 0.0531562 0.0584058 0.0615378 0.0626892 0.062217 0.0605275 0.0579996 0.0549643 0.051698 0.0484144 0.0452499 0.0422329 0.0392466 0.036025 0.0322364 0.0276584 0.022362 0.0167687
 0.00638419 0.0104527 0.0158865 0.0226888 0.0306708 0.0393211 0.04778 0.0550563 0.0603875 0.0634778 0.0644655 0.0637238 0.0616828 0.0587458 0.0552635 0.051524 0.0477468 0.0440741 0.0405515 0.0371009 0.0335203 0.0295525 0.0250293 0.0200229 0.0148907
 0.00660171 0.0108174 0.0164554 0.0235201 0.0318101 0.0407802 0.0495183 0.0569781 0.0623611 0.0653664 0.0661516 0.0651183 0.0627223 0.0593862 0.0554751 0.0512877 0.04705 0.0429108 0.0389301 0.035062 0.0311594 0.0270316 0.0225613 0.017824 0.013121
 0.00683346 0.0111952 0.0170264 0.0243298 0.0328951 0.0421549 0.0511599 0.0588171 0.0642865 0.0672427 0.0678419 0.0665051 0.0637213 0.0599503 0.0555877 0.050951 0.0462737 0.0417074 0.0373205 0.0330917 0.0289184 0.0246663 0.0202614 0.0157823 0.01148
 0.00703903 0.0115333 0.0175421 0.0250671 0.0338875 0.0434115 0.0526514 0.0604724 0.066004 0.0689096 0.069351 0.0677631 0.0646518 0.0604964 0.0557156 0.0506498 0.045551 0.0405838 0.0358284 0.0312842 0.0268838 0.0225368 0.0182034 0.0139624 0.0100205
 0.0072677 0.0119055 0.0181028 0.0258576 0.0349362 0.0447205 0.0541822 0.0621423 0.0676978 0.0705031 0.0707334 0.0688497 0.0653871 0.0608499 0.0556762 0.05022 0.0447441 0.0394231 0.0343504 0.0295453 0.0249704 0.02057 0.0163287 0.0123217 0.00871412
 0.00742583 0.0121702 0.0185154 0.0264608 0.0357653 0.0457883 0.055465 0.0635749 0.0691828 0.0719306 0.0719992 0.0698682 0.0660963 0.0612132 0.0556794 0.0498668 0.0440503 0.0384139 0.0330622 0.0280324 0.0233125 0.018875 0.0147225 0.0109233 0.00760573
 0.00750333 0.012297 0.0187086 0.0267395 0.0361501 0.0462986 0.0561141 0.064363 0.070091 0.0729172 0.0730013 0.0708088 0.0668952 0.0617992 0.0559993 0.0498886 0.0437636 0.0378271 0.0322023 0.0269468 0.0220728 0.0175765 0.0134745 0.00982788 0.00673352
 0.00755798 0.0123806 0.0188249 0.0268897 0.0363346 0.0465197 0.056378 0.0646799 0.0704734 0.0733753 0.0735361 0.0714039 0.0675124 0.0623802 0.0564747 0.0501914 0.0438415 0.0376512 0.0317708 0.0262873 0.0212418 0.0166558 0.0125592 0.00900786 0.00607218
 0.00764994 0.0125205 0.0190174 0.0271319 0.0366165 0.0468253 0.0566875 0.064973 0.0707355 0.0736036 0.0737419 0.0716073 0.0677312 0.0626171 0.0567098 0.0503835 0.0439373 0.0376004 0.0315406 0.0258738 0.0206743 0.0159933 0.0118789 0.0083856 0.00556379
 0.00771203 0.0126194 0.019162 0.027328 0.0368638 0.047115 0.0569994 0.0652779 0.071002 0.0738084 0.0738772 0.0716832 0.0677704 0.0626454 0.0567444 0.0504235 0.0439611 0.0375706 0.0314178 0.0256324 0.0203153 0.0155479 0.0114008 0.00793465 0.0051874
 0.00776058 0.0126928 0.0192624 0.0274541 0.0370123 0.0472815 0.0571793 0.065465 0.0711866 0.0739775 0.0740167 0.0717822 0.067826 0.0626643 0.0567402 0.0504092 0.0439401 0.0375323 0.0313396 0.0254903 0.0200976 0.0152643 0.0110823 0.00762285 0.00491973
 0.00782742 0.0127959 0.0194068 0.02764 0.0372338 0.0475268 0.0574305 0.0657001 0.0713847 0.0741237 0.0741052 0.0718149 0.0678088 0.0626051 0.0566488 0.0502968 0.0438167 0.0374023 0.0311991 0.0253288 0.0199054 0.0150417 0.0108435 0.00739202 0.0047212
 0.0078573 0.0128449 0.0194813 0.0277453 0.0373732 0.0476982 0.0576247 0.0659007 0.0715715 0.0742777 0.0742135 0.0718722 0.0678173 0.0625716 0.0565818 0.0502052 0.0437084 0.0372832 0.0310712 0.0251903 0.0197533 0.0148763 0.010672 0.0072283 0.00458027
 0.00786259 0.0128494 0.0194808 0.0277346 0.0373486 0.0476614 0.0575847 0.0658728 0.0715712 0.0743144 0.0742862 0.0719707 0.0679259 0.0626747 0.0566676 0.0502668 0.0437435 0.0372921 0.0310552 0.0251504 0.0196906 0.0147941 0.0105773 0.00713157 0.00449309
 0.00787006 0.012857 0.0194837 0.0277254 0.0373185 0.0476039 0.0574988 0.0657653 0.0714571 0.0742144 0.0742217 0.0719576 0.067969 0.0627659 0.0567894 0.0503981 0.0438655 0.0373915 0.0311249 0.025188 0.0196973 0.0147739 0.0105375 0.00708195 0.00444354
 0.0079147 0.0129223 0.0195681 0.0278218 0.0374154 0.0476871 0.0575541 0.0657807 0.0714258 0.0741382 0.0741127 0.0718362 0.0678588 0.0626869 0.0567513 0.0503991 0.0438939 0.0374316 0.0311618 0.0252111 0.0197019 0.0147603 0.0105101 0.00704735 0.0044089
 0.00790024 0.012904 0.0195498 0.0278097 0.0374154 0.0477011 0.0575773 0.0658025 0.0714338 0.0741233 0.0740729 0.0717776 0.067794 0.0626311 0.0567186 0.0503976 0.0439238 0.0374846 0.0312247 0.0252701 0.0197466 0.014786 0.0105176 0.00704163 0.00439634
 0.00789071 0.0128838 0.0195112 0.0277443 0.0373177 0.0475739 0.0574346 0.0656669 0.0713285 0.0740626 0.0740576 0.0717975 0.0678353 0.0626836 0.0567786 0.0504666 0.0440044 0.0375765 0.0313224 0.0253646 0.019828 0.0148475 0.0105573 0.00706234 0.0044036
 0.00788513 0.0128725 0.0194899 0.0277069 0.0372573 0.0474844 0.0573138 0.0655194 0.0711675 0.073909 0.0739353 0.0717258 0.0678222 0.0627246 0.0568603 0.0505737 0.0441245 0.0377012 0.0314458 0.0254805 0.0199297 0.0149294 0.0106166 0.00710013 0.00442436
 0.00789493 0.0128837 0.019498 0.0277045 0.0372357 0.0474366 0.0572364 0.065414 0.0710404 0.0737702 0.0737983 0.0716071 0.0677384 0.0626881 0.0568755 0.0506357 0.0442212 0.0378181 0.0315693 0.0255997 0.0200362 0.0150174 0.0106831 0.0071456 0.00445204
 0.00785697 0.0128278 0.0194245 0.027617 0.0371392 0.0473352 0.0571321 0.065307 0.0709315 0.0736634 0.0737009 0.0715289 0.0676897 0.0626777 0.0569088 0.0507128 0.0443363 0.0379599 0.0317234 0.0257515 0.0201736 0.015132 0.0107711 0.00720743 0.00449144
 0.00781656 0.0127582 0.0193132 0.0274518 0.0369134 0.0470541 0.0568173 0.0649946 0.0706615 0.0734671 0.0735931 0.0715076 0.0677434 0.0627919 0.0570705 0.0509111 0.044561 0.0381996 0.0319648 0.0259805 0.0203772 0.0153008 0.0109008 0.0072992 0.00455081
 0.00781699 0.0127522 0.0192915 0.0274009 0.0368181 0.0469021 0.056605 0.0647311 0.0703695 0.0731801 0.0733484 0.0713371 0.0676657 0.0628089 0.0571704 0.0510746 0.0447676 0.0384305 0.0322031 0.0262108 0.0205857 0.0154769 0.0110386 0.00739841 0.00461611
 0.00777962 0.0126979 0.0192213 0.0273189 0.0367282 0.046805 0.0564958 0.064601 0.0702119 0.0729965 0.0731523 0.0711532 0.0675234 0.0627338 0.0571764 0.0511613 0.0449217 0.0386311 0.0324273 0.026437 0.020796 0.0156579 0.0111825 0.0075036 0.00468635
 0.00774006 0.0126288 0.0191092 0.0271503 0.0364955 0.0465131 0.0561672 0.0642726 0.069923 0.0727758 0.0730102 0.0710855 0.0675203 0.0627889 0.0572887 0.051331 0.0451447 0.0388956 0.0327143 0.0267241 0.0210618 0.0158858 0.0113633 0.00763558 0.00477456
 0.00770813 0.0125745 0.0190229 0.027021 0.0363126 0.0462703 0.0558669 0.0639299 0.0695668 0.0724445 0.0727437 0.0709145 0.0674591 0.0628339 0.0574241 0.0515373 0.0454034 0.03919 0.0330272 0.0270359 0.0213524 0.0161376 0.0115649 0.00778404 0.00487448
 0.00768952 0.0125447 0.0189788 0.0269591 0.0362291 0.0461606 0.0557266 0.0637563 0.0693611 0.0722151 0.0725077 0.0706972 0.0672894 0.0627366 0.0574133 0.0516131 0.0455544 0.0393978 0.0332705 0.0272931 0.0216021 0.0163613 0.0117494 0.00792314 0.00496999
 0.00766117 0.0125013 0.0189183 0.0268814 0.0361359 0.0460548 0.0556118 0.063636 0.069238 0.07209 0.0723813 0.0705722 0.0671738 0.0626446 0.0573626 0.0516193 0.0456251 0.0395298 0.0334506 0.0275013 0.0218163 0.0165608 0.0119185 0.00805365 0.00506133
 0.00766712 0.012508 0.0189231 0.02688 0.0361236 0.0460286 0.0555713 0.0635836 0.0691772 0.072023 0.0723082 0.0704917 0.0670856 0.0625525 0.0572762 0.051553 0.0455944 0.0395459 0.0335157 0.0276076 0.0219479 0.0166984 0.0120446 0.00815647 0.00513626
 0.00764004 0.0124721 0.0188838 0.0268468 0.0361064 0.0460325 0.0555935 0.0636137 0.0692016 0.0720311 0.0722954 0.0704587 0.0670362 0.0624913 0.057209 0.0514877 0.045542 0.039518 0.0335214 0.027649 0.0220188 0.0167861 0.0121339 0.00823466 0.00519627
 0.00759291 0.0123948 0.018767 0.0266837 0.035897 0.0457883 0.0553399 0.0633864 0.0690354 0.0719478 0.0722962 0.070528 0.0671498 0.0626262 0.057348 0.0516214 0.0456675 0.0396376 0.0336398 0.0277701 0.0221424 0.0169068 0.0122436 0.00832549 0.00526408
 0.00757335 0.0123617 0.0187145 0.0266052 0.035786 0.0456408 0.0551576 0.0631794 0.0688237 0.0717585 0.0721576 0.0704607 0.06716 0.0627047 0.0574745 0.0517728 0.0458251 0.0397902 0.0337832 0.0279042 0.0222676 0.0170217 0.0123442 0.00840755 0.0053253
 0.00755536 0.0123325 0.0186705 0.026543 0.0357025 0.0455342 0.055028 0.06303 0.0686614 0.0715938 0.0720054 0.0703393 0.0670877 0.0626942 0.0575286 0.0518823 0.0459722 0.0399552 0.0339495 0.028061 0.0224091 0.0171448 0.0124468 0.00848829 0.00538415
 0.00756188 0.0123421 0.0186831 0.0265574 0.0357162 0.0455432 0.0550271 0.0630128 0.0686218 0.0715281 0.071914 0.0702287 0.0669708 0.0625882 0.0574512 0.0518466 0.0459825 0.0400058 0.0340282 0.0281538 0.0225038 0.0172327 0.0125224 0.00854875 0.00542878
 0.00752754 0.0122901 0.0186122 0.0264691 0.0356147 0.0454348 0.0549193 0.0629137 0.0685385 0.071465 0.0718718 0.0702046 0.066961 0.062591 0.0574684 0.0518829 0.046043 0.0400921 0.0341364 0.0282746 0.0226255 0.0173444 0.0126166 0.00862179 0.00548081
 0.00752241 0.012282 0.0186004 0.0264533 0.035595 0.0454118 0.0548945 0.0628888 0.068515 0.0714432 0.0718506 0.0701821 0.0669356 0.0625625 0.057439 0.0518578 0.0460289 0.0400957 0.0341614 0.0283196 0.0226845 0.0174084 0.0126769 0.00867217 0.00551848
 0.00751125 0.0122638 0.0185728 0.0264144 0.0355439 0.0453497 0.0548252 0.0628189 0.0684522 0.0713946 0.0718206 0.0701713 0.0669412 0.0625798 0.057463 0.0518852 0.0460592 0.0401311 0.0342045 0.0283719 0.022744 0.0174704 0.012735 0.00872095 0.00555521
 0.00752223 0.0122812 0.0185983 0.0264484 0.0355857 0.0453959 0.0548699 0.0628544 0.0684712 0.0713925 0.0717976 0.0701317 0.0668916 0.0625266 0.0574113 0.0518381 0.046019 0.0400997 0.0341844 0.0283649 0.0227502 0.0174872 0.0127578 0.00874458 0.00557557
 0.0075092 0.012264 0.0185795 0.0264332 0.0355799 0.0454041 0.0548933 0.06289 0.0685125 0.0714315 0.0718264 0.0701451 0.0668882 0.0625084 0.0573831 0.0518055 0.0459871 0.0400725 0.0341646 0.0283544 0.0227496 0.0174953 0.0127717 0.00876059 0.00559032
 0.00747389 0.0122092 0.0185023 0.0263336 0.0354618 0.0452765 0.0547701 0.0627884 0.0684484 0.0714143 0.0718555 0.0702107 0.0669753 0.0626023 0.0574725 0.0518845 0.0460542 0.0401293 0.0342137 0.0283982 0.0227896 0.017532 0.0128044 0.00878798 0.00561145
 0.00747389 0.0122092 0.0185023 0.0263336 0.0354618 0.0452765 0.0547701 0.0627884 0.0684484 0.0714143 0.0718555 0.0702107 0.0669753 0.0626023 0.0574725 0.0518845 0.0460542 0.0401293 0.0342137 0.0283982 0.0227896 0.017532 0.0128044 0.00878798 0.00561145
 0.00730104 0.0119284 0.0180818 0.0257482 0.0347033 0.0443674 0.0537745 0.0618098 0.0676089 0.0708231 0.0715815 0.07027 0.067335 0.0631947 0.0582141 0.0526928 0.0468606 0.0408842 0.0348864 0.0289728 0.0232608 0.0179016 0.0130798 0.00898135 0.00573801
 0.00723922 0.0118097 0.0178696 0.0253972 0.0341707 0.0436309 0.0528502 0.0607601 0.0665359 0.0698492 0.0708263 0.0698275 0.0672554 0.0634753 0.0588026 0.0535021 0.0477896 0.0418379 0.0357891 0.0297729 0.02393 0.0184307 0.0134742 0.0092568 0.00591687
 0.00705062 0.0115084 0.0174255 0.0247851 0.0333735 0.0426462 0.0516996 0.0594966 0.0652443 0.068639 0.0698177 0.069134 0.0669644 0.0636306 0.0593925 0.0544603 0.0490077 0.0431866 0.037142 0.0310253 0.0250098 0.0193009 0.0141293 0.0097157 0.0062144
 0.00702792 0.0114565 0.0173196 0.0245917 0.0330578 0.0421826 0.0510818 0.0587409 0.0643862 0.0677269 0.0689116 0.0683073 0.0663029 0.0632228 0.0593104 0.0547371 0.0496235 0.0440685 0.0381798 0.0320974 0.0260082 0.0201497 0.0147916 0.0101906 0.00652663
 0.00704768 0.0114963 0.0173918 0.0247078 0.0332192 0.0423695 0.0512469 0.0588155 0.0643001 0.0674337 0.0684059 0.0676281 0.0655264 0.0624492 0.0586492 0.0542884 0.0494557 0.0442003 0.0385734 0.0326691 0.026653 0.0207694 0.0153167 0.0105885 0.00679816
 0.00711595 0.0116132 0.0175784 0.0249871 0.0336094 0.0428742 0.0518433 0.0594481 0.0648831 0.0678654 0.068591 0.0675031 0.0650803 0.061732 0.0577636 0.0533685 0.0486369 0.0435891 0.0382244 0.0325764 0.0267598 0.0209922 0.015573 0.0108188 0.00697274
 0.00715638 0.0116891 0.0177117 0.0252048 0.033938 0.0433299 0.052422 0.0601197 0.0655927 0.0685386 0.0691421 0.0678457 0.0651432 0.0614788 0.0572098 0.0525861 0.0477432 0.0427183 0.0374937 0.0320569 0.0264645 0.0208838 0.0155873 0.0108902 0.00705333
 0.00714684 0.0116807 0.0177131 0.0252306 0.0340085 0.0434677 0.0526484 0.0604484 0.0660234 0.0690505 0.0696907 0.0683649 0.065554 0.0617045 0.0571952 0.0523165 0.0472549 0.0420954 0.036846 0.0314879 0.0260417 0.0206253 0.0154685 0.0108639 0.00707238
 0.00709348 0.011596 0.01759 0.0250665 0.0338079 0.0432471 0.0524387 0.0602932 0.0659706 0.0691385 0.0699352 0.0687501 0.0660317 0.0622002 0.0576229 0.0525998 0.0473491 0.0420025 0.0366151 0.0311972 0.02577 0.0204257 0.0153566 0.0108249 0.00707707
 0.0071266 0.0116444 0.0176525 0.0251375 0.0338785 0.0433064 0.0524768 0.0603049 0.0659593 0.0691193 0.0699334 0.0687937 0.066139 0.0623687 0.0578235 0.0527817 0.0474563 0.0419951 0.0364866 0.0309787 0.0255166 0.0201937 0.0151827 0.0107184 0.0070257
 0.00711567 0.0116294 0.0176349 0.0251201 0.0338637 0.0432948 0.0524658 0.0602894 0.0659348 0.0690854 0.0698973 0.0687708 0.0661496 0.0624303 0.0579411 0.0529405 0.0476219 0.0421244 0.0365449 0.0309552 0.0254285 0.0200762 0.0150717 0.0106362 0.00697743
 0.00708525 0.0115797 0.0175599 0.0250153 0.0337281 0.0431338 0.0522927 0.0601239 0.0657974 0.0689912 0.0698524 0.0687744 0.0661985 0.0625234 0.0580786 0.0531188 0.0478277 0.0423321 0.0367234 0.031079 0.0254892 0.0200843 0.0150498 0.0106068 0.00695441
#pred catch len freq
 0.00537792 0.00843286 0.0121475 0.0163645 0.0209742 0.0259079 0.0310567 0.03622 0.0411378 0.0455609 0.0492953 0.0522185 0.0542867 0.0555375 0.0560782 0.0560664 0.0556902 0.0551329 0.0544922 0.0536547 0.0521986 0.0494533 0.0447949 0.0380689 0.0298515
 0.00557554 0.00870743 0.0124792 0.0167186 0.0213279 0.0262834 0.0315355 0.0369175 0.0421433 0.046876 0.0508118 0.0537511 0.0556422 0.0565787 0.0567518 0.0563862 0.0556918 0.0548245 0.0538318 0.0525703 0.0506475 0.0474891 0.0425958 0.0358979 0.0279654
 0.00605764 0.00942002 0.0134173 0.0178266 0.0225104 0.0274298 0.0325496 0.0377457 0.0427971 0.0474348 0.0513899 0.0544344 0.0564308 0.0573751 0.0574036 0.0567521 0.055684 0.0544076 0.0529938 0.051303 0.0489625 0.0454596 0.0403855 0.0337393 0.0260895
 0.00641893 0.0100013 0.014279 0.0190149 0.0240416 0.0292681 0.0345871 0.0398044 0.0446658 0.0489305 0.0524171 0.0550096 0.0566568 0.0573773 0.0572605 0.0564604 0.0551729 0.053583 0.0517808 0.0496708 0.0469392 0.0431469 0.0379624 0.031434 0.0241166
 0.00676581 0.0105431 0.0150564 0.0200602 0.0253838 0.0309341 0.0365887 0.0421095 0.0471662 0.0514301 0.0546578 0.0567374 0.0577014 0.0577008 0.0569466 0.0556495 0.0539851 0.0520738 0.0499478 0.0474985 0.0444532 0.040451 0.0352411 0.0289149 0.022003
 0.00710399 0.0110641 0.0157884 0.0210152 0.0265627 0.0323353 0.0382105 0.0439457 0.049195 0.0535969 0.056855 0.0587943 0.0594007 0.0588293 0.0573596 0.0553122 0.0529638 0.0504858 0.0479072 0.0450963 0.0417795 0.0376337 0.0324633 0.0263892 0.0199124
 0.00752394 0.0117047 0.0166753 0.022147 0.0279177 0.0338811 0.0399092 0.0457534 0.0510613 0.0554669 0.0586693 0.0604814 0.0608642 0.059941 0.0579724 0.0552955 0.0522454 0.0490747 0.045886 0.0425968 0.0389636 0.0346912 0.0296088 0.0238375 0.0178315
 0.00794019 0.0123445 0.0175699 0.0233027 0.029319 0.0354951 0.0416865 0.0476258 0.0529453 0.0572736 0.060317 0.0619031 0.0620061 0.0607516 0.0583894 0.0552407 0.0516377 0.0478594 0.0440666 0.0402522 0.0362483 0.031818 0.0268194 0.0213593 0.0158286
 0.00829021 0.0128924 0.0183557 0.0243513 0.030638 0.037072 0.0434814 0.0495657 0.0549271 0.059177 0.0620232 0.0633114 0.0630447 0.0613794 0.0585865 0.0549919 0.0509198 0.0466443 0.0423437 0.0380612 0.0337031 0.0291076 0.0241783 0.0190139 0.0139404
 0.00863466 0.0134336 0.0191362 0.0254009 0.0319723 0.0386886 0.0453507 0.0516212 0.057063 0.0612572 0.0638982 0.0648407 0.0641182 0.0619325 0.0586014 0.0544857 0.0499242 0.0451906 0.0404635 0.0358064 0.0311736 0.0264654 0.021631 0.0167675 0.0121428
 0.00894858 0.0139221 0.0198323 0.0263248 0.0331341 0.0400895 0.0469784 0.0534401 0.0590045 0.0632176 0.065745 0.0664282 0.0653095 0.0626225 0.0587325 0.0540501 0.0489544 0.0437428 0.0386065 0.0336232 0.0287754 0.0240031 0.0192861 0.014717 0.0105117
 0.00921048 0.0143247 0.020396 0.0270564 0.03403 0.0411415 0.0481744 0.0547605 0.0604172 0.0646736 0.0671762 0.0677468 0.0664133 0.063406 0.059104 0.0539483 0.0483584 0.0426732 0.0371197 0.0318069 0.0267475 0.021911 0.0172941 0.0129782 0.00913156
 0.00949219 0.0147547 0.0209917 0.0278166 0.0349391 0.0421748 0.0493006 0.0559411 0.0616068 0.0658231 0.0682365 0.0686707 0.0671536 0.063913 0.0593254 0.0538344 0.0478721 0.0418025 0.0358875 0.0302757 0.0250199 0.0201213 0.015591 0.0114961 0.00795953
 0.00974892 0.0151312 0.0214835 0.0283963 0.035568 0.0428209 0.0499507 0.0565991 0.0622812 0.0665132 0.0689254 0.0693257 0.0677326 0.0643703 0.0596144 0.0539088 0.0476889 0.04133 0.0351175 0.0292359 0.0237801 0.0187889 0.0142929 0.01035 0.00704558
 0.00980467 0.015223 0.0216227 0.0285916 0.0358212 0.0431218 0.0502763 0.0569207 0.062579 0.0667891 0.0692032 0.0696369 0.0680948 0.0647721 0.060014 0.0542433 0.0478886 0.0413326 0.0348817 0.0287544 0.0230876 0.0179609 0.0134307 0.00955534 0.00639388
