SBPRF35
12.7214
Curr Bio
702839
B35
888260
F35
0.167737
FOFL
0.132025
OFL
77994.7
Bzero
3.63469e+06
#pred survey bio
 3.74523e+06 3.62088e+06 3.50767e+06 3.34207e+06 3.11456e+06 2.88175e+06 2.63376e+06 2.37697e+06 2.13924e+06 1.89303e+06 1.67855e+06 1.51515e+06 1.3243e+06 1.14752e+06 1.03154e+06 909026 814598 737133 683654 647637 628765 605192 588002 567724 561716 564173 562282 558857 554896 561720 567535 579897 592240 602951 616392 640717 647256 670500 684675 696250 701892 697960 688400 686341 689566 696660 685104 687088 689984 688583 671544 694690 706999 2.49337e+07 1.47832e+07 1.49744e+07 1.59267e+07 1.74136e+07 1.91291e+07 2.08357e+07 2.23887e+07 2.37213e+07 2.48193e+07 2.56987e+07 2.63891e+07 2.69237e+07 2.73338e+07 2.76467e+07 2.78847e+07 2.80656e+07 2.82033e+07 2.83083e+07 2.83887e+07 2.84505e+07 2.84981e+07 2.85351e+07 2.85639e+07 2.85865e+07 2.86042e+07 2.86182e+07 2.86292e+07 2.8638e+07 2.8645e+07 2.86506e+07 2.86551e+07 2.86588e+07 2.86617e+07 2.86641e+07 2.8666e+07 2.86676e+07 2.86688e+07 2.86698e+07 2.86707e+07 2.86714e+07 2.86719e+07 2.86724e+07 2.86727e+07 2.86731e+07 2.86733e+07 2.86735e+07 2.86737e+07 2.86738e+07 2.86739e+07 2.8674e+07 2.86741e+07 2.86741e+07 2.86742e+07 2.86742e+07 2.86743e+07 2.86743e+07 2.86743e+07 2.86743e+07 2.86743e+07 2.86744e+07 2.86744e+07 2.86744e+07 2.86744e+07 2.86744e+07 2.86744e+07 2.86744e+07 2.86744e+07 2.86744e+07 2.86744e+07 2.86744e+07 2.86744e+07 2.86744e+07 2.86744e+07 2.86744e+07 2.86744e+07 2.86744e+07 2.86744e+07 2.86744e+07 2.86744e+07 2.86744e+07 2.86744e+07 2.86744e+07 2.86744e+07 2.86744e+07 2.86744e+07 2.86744e+07 2.86744e+07 2.86744e+07 2.86744e+07 2.86744e+07 2.86744e+07 2.86744e+07 2.86744e+07 2.86744e+07 2.86744e+07 2.86744e+07 2.86744e+07 2.86744e+07 2.86744e+07 0 0 0 0 0 0 0 0 0 0 0 0 0 0 0 0 0 0 0 0 0 0 0 0 0
#obs survey bio
 3.78886e+06 4.02415e+06 4.00973e+06 4.20744e+06 1.96888e+06 3.34761e+06 2.22238e+06 2.68556e+06 1.53692e+06 1.83233e+06 1.1326e+06 1.35666e+06 933022 949255 1.12119e+06 780961 567952 934964 501251 513976 750734 646818 568713 536218 549498 539558 633403 429378 535105 705227 436898 645021 585353 689828 624300 488436 613400 600207 1.07503e+06 724620 789151 793587 517302 444694 636399 675888 660740 473574 766696 930578 822146 600423 783706
#pred catch bio
 95890.7 92094.4 148305 217097 237409 268889 295211 295489 318975 303378 268052 299127 288637 235636 240141 212131 192990 167481 148361 130844 132382 124530 124761 110815 103030 106066 106226 105393 95513.5 96282 91422.5 92830.5 95411.5 94242.4 86918.4 103530 90326.8 99038 101279 106032 113512 117539 111185 107546 105051 120391 107577 106127 108484 119145 82623.7 89662.1 90087 77994.7 96220.8 96224.4 101012 109960 120661 131312 140898 148986 155507 160593 164461 167348 169470 171012 172121 172914 173477 173875 174155 174352 174490 174586 174653 174700 174732 174755 174770 174781 174789 174794 174797 174800 174802 174803 174804 174804 174805 174805 174805 174805 174805 174805 174805 174805 174805 174805 174805 174805 174805 174805 174805 174805 174805 174805 174805 174805 174805 174805 174805 174805 174805 174805 174805 174805 174805 174805 174805 174805 174805 174805 174805 174805 174805 174805 174805 174805 174805 174805 174805 174805 174805 174805 174805 174805 174805 174805 174805 174805 174805 174805 174805 174805 174805 174805 174805 174805 174805 174805 174805 0 0 0 0 0 0 0 0 0 0 0 0 0 0 0 0 0 0 0 0 0 0 0 0 0
#obs catch bio
 0 91698.5 148238 216925 237184 268729 296004 295922 320688 306567 270324 302618 293492 238249 243410 214964 195701 169414 150084 131784 133122 125466 126160 111716 103910 106609 106822 106276 95912.8 96481.4 91393.4 93224.1 95792.4 94572.8 86923.7 104290 90727.1 99492.4 101189 105832 113086 116964 111268 108313 105561 121293 107943 106736 108683 119446 82310.1 89731.6 90079.1
#pred cpue bio
 3.70064e+06 3.5779e+06 3.46608e+06 3.30103e+06 3.07393e+06 2.84137e+06 2.59379e+06 2.33766e+06 2.10056e+06 1.85532e+06 1.64181e+06 1.47914e+06 1.2899e+06 1.11492e+06 1.00007e+06 879251 786331 710450 658359 623411 605150 582220 565473 545777 540026 542589 540938 537761 534053 540913 546737 558754 570737 581211 594382 618159 624567 647422 661544 673106 678760 674925 665416 663137 666157 673187 662085 664209 667267 666229 649930 673134 686256 2.42571e+07 1.4398e+07 1.44423e+07 1.52164e+07 1.66351e+07 1.83329e+07 2.00356e+07 2.15879e+07 2.29203e+07 2.40184e+07 2.48978e+07 2.55882e+07 2.61228e+07 2.65329e+07 2.68457e+07 2.70837e+07 2.72647e+07 2.74023e+07 2.75074e+07 2.75877e+07 2.76495e+07 2.76972e+07 2.77341e+07 2.77629e+07 2.77855e+07 2.78032e+07 2.78172e+07 2.78283e+07 2.78371e+07 2.78441e+07 2.78497e+07 2.78542e+07 2.78578e+07 2.78607e+07 2.78631e+07 2.7865e+07 2.78666e+07 2.78679e+07 2.78689e+07 2.78697e+07 2.78704e+07 2.7871e+07 2.78714e+07 2.78718e+07 2.78721e+07 2.78723e+07 2.78725e+07 2.78727e+07 2.78728e+07 2.7873e+07 2.7873e+07 2.78731e+07 2.78732e+07 2.78732e+07 2.78733e+07 2.78733e+07 2.78733e+07 2.78734e+07 2.78734e+07 2.78734e+07 2.78734e+07 2.78734e+07 2.78734e+07 2.78734e+07 2.78734e+07 2.78734e+07 2.78734e+07 2.78734e+07 2.78734e+07 2.78734e+07 2.78734e+07 2.78734e+07 2.78735e+07 2.78735e+07 2.78735e+07 2.78735e+07 2.78735e+07 2.78735e+07 2.78735e+07 2.78735e+07 2.78735e+07 2.78735e+07 2.78735e+07 2.78735e+07 2.78735e+07 2.78735e+07 2.78735e+07 2.78735e+07 2.78735e+07 2.78735e+07 2.78735e+07 2.78735e+07 2.78735e+07 2.78735e+07 2.78735e+07 2.78735e+07 2.78735e+07 2.78735e+07 2.78735e+07 2.78735e+07 0 0 0 0 0 0 0 0 0 0 0 0 0 0 0 0 0 0 0 0 0 0 0 0 0
#obs cpue bio
 3.09878e+06 3.92819e+06 3.50853e+06 3.44099e+06 2.96053e+06 2.45397e+06 2.10774e+06 2.03399e+06 2.3158e+06 1.11764e+06 2.02036e+06 1.63765e+06 1.19645e+06 1.20589e+06 849907 790506 917493 497792 726604 786495 565604 403940 449017 531013 437398 702695 424750 544596 587068 528189 771464 343234 575465 507154 601841 614888 510842 844687 636998 714846 750546 703377 540947 563723 714599 706784 689506 757327 781867 639335 535015 734318 658493
#pred surv len freq
 0.00512227 0.00822586 0.0122122 0.0170123 0.0224922 0.0283952 0.0343027 0.0397168 0.0442403 0.0477078 0.0501737 0.051806 0.0527905 0.0532883 0.0534317 0.053337 0.053121 0.052895 0.0526997 0.0523787 0.0514665 0.0492359 0.044996 0.0385366 0.030416
 0.00527111 0.00839345 0.012331 0.0169844 0.0222286 0.0278706 0.0335912 0.0389768 0.043649 0.0473844 0.0501399 0.0520039 0.0531378 0.0537307 0.0539626 0.0539776 0.0538773 0.0537167 0.0534658 0.0529245 0.0516463 0.0489919 0.0443932 0.0377382 0.0296128
 0.00548227 0.00872441 0.0128007 0.0175877 0.0229219 0.0285602 0.0341399 0.0392417 0.043545 0.0469377 0.049489 0.0513386 0.0526162 0.0534293 0.0538821 0.0540826 0.0541263 0.0540598 0.0538234 0.0531791 0.051672 0.0487106 0.0438213 0.0369875 0.0288408
 0.00570839 0.00908632 0.0133347 0.0183234 0.0238746 0.0297182 0.0354458 0.0405801 0.0447489 0.0478236 0.0499144 0.0512586 0.0521059 0.0526537 0.0530289 0.0532967 0.053478 0.0535475 0.0533908 0.0527351 0.0511183 0.0479824 0.0429254 0.0360098 0.0279104
 0.00598917 0.00953095 0.0139824 0.0192041 0.025006 0.0310989 0.0370457 0.04233 0.0465371 0.0495006 0.0513067 0.0521964 0.0524654 0.0524013 0.0522398 0.0521316 0.0521239 0.0521533 0.0520299 0.0514069 0.0497822 0.046607 0.041529 0.0346694 0.0267324
 0.00626398 0.00996842 0.0146239 0.0200833 0.0261442 0.0324988 0.0386816 0.0441431 0.0484384 0.0513797 0.0530379 0.0536417 0.0534816 0.0528613 0.0520682 0.0513362 0.0508024 0.0504629 0.0501336 0.0494292 0.047798 0.0446658 0.0396898 0.0330149 0.0253512
 0.00655153 0.0104264 0.0152958 0.0210046 0.0273379 0.0339675 0.0403984 0.0460459 0.050436 0.0533645 0.0548982 0.0552665 0.054759 0.0536786 0.0523209 0.0509509 0.0497648 0.0488348 0.0480449 0.0470464 0.0452909 0.0421903 0.0373863 0.0310073 0.0237318
 0.00688422 0.010951 0.0160555 0.0220303 0.0286449 0.0355505 0.0422233 0.0480455 0.0525151 0.0554133 0.056807 0.0569333 0.0560909 0.0545877 0.0527217 0.0507643 0.0489333 0.0473478 0.0459606 0.0444977 0.042471 0.0393233 0.0346939 0.0286751 0.0218789
 0.0072046 0.0114601 0.0168003 0.023047 0.029954 0.0371481 0.0440714 0.0500682 0.0546074 0.0574599 0.0586988 0.0585759 0.0574043 0.0555016 0.0531692 0.0506788 0.048253 0.0460323 0.0440182 0.0420121 0.0396113 0.0363282 0.0318285 0.0261735 0.0198931
 0.00753548 0.0119913 0.0175871 0.0241366 0.0313768 0.0389046 0.0461176 0.0523099 0.0569122 0.0596811 0.0607004 0.0602481 0.0586677 0.0563031 0.0534722 0.050451 0.0474599 0.0446435 0.0420293 0.0394777 0.036672 0.0332115 0.0288122 0.0235194 0.0177792
 0.00786998 0.0125166 0.0183444 0.0251545 0.0326704 0.0404724 0.0479338 0.0543167 0.0590187 0.0617716 0.0626479 0.0619297 0.0599783 0.0571643 0.0538332 0.050281 0.0467384 0.0433556 0.0401771 0.0371067 0.0339012 0.0302446 0.0259118 0.020945 0.015716
 0.00806647 0.0128391 0.0188354 0.0258556 0.0336147 0.0416726 0.0493705 0.0559359 0.0607411 0.0635084 0.064312 0.0634376 0.0612477 0.0581141 0.0543885 0.0503794 0.0463333 0.0424187 0.0387053 0.0351388 0.0315404 0.0276698 0.0233586 0.018653 0.0138629
 0.008362 0.0133132 0.019537 0.0268259 0.0348795 0.0432302 0.0511777 0.0579026 0.0627412 0.0654032 0.0659761 0.0647764 0.0622025 0.0586562 0.0545063 0.0500653 0.0455767 0.0412088 0.0370437 0.0330608 0.0291385 0.0251053 0.0208455 0.0164106 0.0120548
 0.00874238 0.0139058 0.0203815 0.0279431 0.0362705 0.0448738 0.0530249 0.0598712 0.0647192 0.0672624 0.0675903 0.066038 0.0630357 0.0590229 0.0544029 0.0495112 0.0445989 0.0398322 0.0352938 0.030981 0.0268135 0.0226752 0.0184952 0.0143299 0.0103845
 0.00890014 0.0141669 0.020783 0.0285225 0.0370584 0.0458827 0.0542382 0.0612399 0.0661698 0.0687108 0.0689523 0.0672329 0.0639871 0.0596627 0.0546784 0.0493916 0.0440765 0.0389184 0.0340168 0.0293897 0.0249897 0.0207422 0.0166095 0.0126503 0.00902967
 0.00912595 0.0145294 0.0213197 0.0292655 0.0380278 0.0470774 0.0556248 0.0627483 0.0677006 0.0701534 0.0702045 0.0682156 0.0646494 0.0599794 0.0546424 0.0490062 0.0433517 0.0378718 0.0326775 0.027807 0.0232413 0.0189386 0.0148848 0.0111361 0.00782068
 0.00921511 0.0146832 0.0215681 0.0296431 0.0385683 0.0478033 0.0565361 0.063816 0.0688682 0.0713446 0.0713331 0.0691964 0.0654086 0.0604624 0.054818 0.0488646 0.0428986 0.0371239 0.0316633 0.0265714 0.0218536 0.0174949 0.0134991 0.00991802 0.00684808
 0.00928137 0.014789 0.0217248 0.0298625 0.0388635 0.0481891 0.0570262 0.064418 0.0695767 0.0721356 0.0721627 0.0700039 0.0661248 0.0610203 0.0551624 0.0489578 0.0427229 0.0366808 0.0309722 0.0256713 0.0208057 0.0163826 0.0124194 0.00896325 0.00608331
 0.00939504 0.0149473 0.0219146 0.0300566 0.0390309 0.0483101 0.057105 0.0644842 0.0696761 0.072314 0.0724505 0.0704047 0.0666117 0.0615392 0.0556422 0.0493249 0.042915 0.0366571 0.0307192 0.0252049 0.0201707 0.0156487 0.0116707 0.00828057 0.00552589
 0.00951018 0.0151169 0.022136 0.0303134 0.0392943 0.0485439 0.0572726 0.0645588 0.0696518 0.072215 0.0723291 0.0703265 0.0666311 0.0616787 0.0558829 0.0496124 0.0431758 0.0368186 0.0307279 0.0250387 0.0198432 0.0152058 0.0111788 0.00780906 0.0051287
 0.00956649 0.0151978 0.0222378 0.0304255 0.039401 0.0486285 0.057321 0.0645603 0.0696011 0.0721148 0.0721943 0.0701868 0.066528 0.061654 0.0559627 0.0497934 0.0434211 0.0370672 0.0309131 0.0251092 0.0197787 0.0150213 0.0109174 0.00752596 0.00487264
 0.0096501 0.0153316 0.0224345 0.0306929 0.0397379 0.0490187 0.05773 0.0649378 0.0698924 0.0722758 0.0722043 0.0700532 0.0662834 0.0613489 0.0556542 0.0495306 0.0432311 0.0369466 0.0308319 0.025025 0.0196564 0.014848 0.0107056 0.00730498 0.00467409
 0.00963462 0.0153152 0.0224263 0.0307079 0.039794 0.049132 0.0579078 0.0651745 0.0701665 0.0725523 0.0724406 0.0702098 0.0663358 0.0612959 0.0555182 0.04935 0.0430471 0.0367887 0.0307087 0.0249247 0.0195574 0.014733 0.0105717 0.00716376 0.00454366
 0.00972023 0.0154384 0.0225828 0.0308844 0.0399742 0.0493039 0.0580693 0.0653321 0.0703285 0.07272 0.0726029 0.0703435 0.0664123 0.061291 0.0554224 0.0491735 0.0428172 0.0365403 0.0304717 0.0247155 0.0193773 0.0145751 0.0104296 0.00703699 0.00443687
 0.00969461 0.0153985 0.0225255 0.0308079 0.0398772 0.0491868 0.0579358 0.0651925 0.0702019 0.0726328 0.0725825 0.0704074 0.0665584 0.0614949 0.0556447 0.0493736 0.042967 0.036631 0.0305109 0.024718 0.0193568 0.01454 0.0103849 0.00698764 0.00438888
 0.00962298 0.0152836 0.0223561 0.0305757 0.0395804 0.0488338 0.0575487 0.0648063 0.0698585 0.0723725 0.0724366 0.0703946 0.0666833 0.0617458 0.0559924 0.0497748 0.0433729 0.0369992 0.0308144 0.0249475 0.0195163 0.0146408 0.0104403 0.00701068 0.00439177
 0.00959142 0.0152352 0.0222881 0.0304865 0.0394682 0.0486956 0.0573812 0.0646088 0.069637 0.072143 0.0722244 0.0702303 0.0665951 0.0617529 0.0560995 0.0499698 0.0436288 0.0372796 0.031083 0.0251768 0.0196921 0.0147619 0.0105142 0.00704932 0.00440735
 0.00956299 0.015192 0.0222289 0.030412 0.0393809 0.0485987 0.0572778 0.0645009 0.0695253 0.0720269 0.072105 0.0701135 0.0664944 0.0616874 0.0560889 0.0500268 0.0437529 0.0374559 0.0312857 0.0253769 0.0198657 0.0148954 0.0106054 0.00710409 0.00443572
 0.00954027 0.015156 0.0221766 0.0303416 0.0392923 0.0484946 0.0571641 0.0643862 0.0694187 0.0719355 0.0720314 0.0700568 0.0664526 0.0616615 0.0560849 0.0500545 0.0438211 0.0375664 0.0314299 0.025537 0.0200207 0.0150274 0.0107049 0.00717039 0.00447463
 0.00953748 0.0151341 0.0221121 0.0302036 0.0390526 0.0481424 0.056718 0.0638951 0.0689489 0.0715513 0.0717784 0.0699537 0.0664929 0.0618206 0.0563301 0.050354 0.0441496 0.0379056 0.0317651 0.0258536 0.0203032 0.0152625 0.0108849 0.00729613 0.00455413
 0.00966637 0.0153169 0.0223364 0.0304379 0.0392509 0.0482545 0.0567015 0.063726 0.0686306 0.0711189 0.0712945 0.0694934 0.0661227 0.0615818 0.0562324 0.0503814 0.0442719 0.0380899 0.0319819 0.0260787 0.0205168 0.0154491 0.0110344 0.00740514 0.00462596
 0.00961409 0.0152528 0.0222775 0.03041 0.0392777 0.0483421 0.0568274 0.0638414 0.0686776 0.0710538 0.0711064 0.0692093 0.0657984 0.0612832 0.0560159 0.0502791 0.0442875 0.0382037 0.0321618 0.0262903 0.02073 0.0156413 0.0111917 0.00752217 0.00470485
 0.00954049 0.0151393 0.0221195 0.0302109 0.0390516 0.0481158 0.0566378 0.0637257 0.0686569 0.0711193 0.0712184 0.0693138 0.0658529 0.0612763 0.0559694 0.0502342 0.0442842 0.0382649 0.0322873 0.0264617 0.0209202 0.0158238 0.0113473 0.0076413 0.004787
 0.00950289 0.0150781 0.0220273 0.0300809 0.0388801 0.047905 0.0563999 0.0634851 0.0684475 0.0709762 0.0711656 0.0693532 0.0659612 0.0614146 0.0561011 0.0503414 0.0443723 0.0383536 0.0323959 0.0265971 0.0210745 0.0159799 0.0114872 0.00775291 0.00486648
 0.00952669 0.0151029 0.022039 0.030058 0.0387989 0.0477495 0.0561694 0.0631972 0.0681346 0.0706786 0.0709234 0.069199 0.0659128 0.0614691 0.0562358 0.0505223 0.0445677 0.0385444 0.0325775 0.026772 0.0212439 0.0161389 0.0116267 0.00786464 0.00494717
 0.00937772 0.0148848 0.0217549 0.0297247 0.0384401 0.0473855 0.0558112 0.0628491 0.0678027 0.0703791 0.0706845 0.0690548 0.0658926 0.0615869 0.0564842 0.0508735 0.0449807 0.0389763 0.0329931 0.0271492 0.0215716 0.0164123 0.0118441 0.00802702 0.00505935
 0.00931655 0.0147963 0.0216424 0.0295992 0.0383179 0.0472837 0.0557425 0.0628162 0.0677959 0.0703769 0.0706616 0.0689944 0.0657969 0.0614793 0.0563999 0.0508442 0.0450217 0.0390831 0.0331465 0.0273244 0.0217466 0.0165714 0.0119777 0.00813097 0.00513371
 0.009141 0.0145213 0.0212492 0.0290804 0.037683 0.0465644 0.0549964 0.0621231 0.0672408 0.0700267 0.0705458 0.0690999 0.0660787 0.0618799 0.0568682 0.0513457 0.0455377 0.0396013 0.0336529 0.0278003 0.0221712 0.016928 0.0122577 0.00833525 0.00527138
 0.00906134 0.0143944 0.0210626 0.0288236 0.0373482 0.0461496 0.0545099 0.0615884 0.0666994 0.0695345 0.0701634 0.0688783 0.0660445 0.0620284 0.0571671 0.0517486 0.0459985 0.0400834 0.0341299 0.0282513 0.0225779 0.0172744 0.0125336 0.00853896 0.00540967
 0.00904334 0.0143595 0.0209995 0.0287177 0.0371848 0.0459179 0.0542077 0.0612244 0.0662924 0.0691118 0.0697599 0.0685351 0.0658045 0.0619266 0.0572208 0.0519506 0.0463197 0.0404824 0.0345633 0.0286814 0.0229751 0.0176173 0.0128096 0.00874447 0.00555023
 0.00904485 0.0143641 0.0210099 0.0287359 0.0372092 0.0459398 0.0542099 0.0611838 0.0661868 0.0689294 0.0695054 0.0682306 0.0654867 0.0616403 0.0570098 0.0518482 0.0463402 0.0406175 0.034786 0.0289546 0.0232606 0.0178834 0.0130343 0.00891737 0.00567131
 0.00915835 0.0145319 0.0212312 0.0289993 0.0374955 0.0462274 0.0544775 0.0614095 0.0663467 0.0689971 0.0694577 0.0680557 0.065192 0.0612557 0.0565838 0.0514377 0.0459971 0.0403768 0.0346593 0.0289303 0.0233113 0.0179756 0.013138 0.00901092 0.0057437
 0.00929779 0.0147499 0.0215421 0.0294083 0.0379948 0.0467929 0.0550662 0.0619629 0.066802 0.0693022 0.0695806 0.067987 0.0649407 0.0608463 0.0560552 0.0508424 0.0453957 0.039828 0.0342076 0.0285981 0.0230968 0.0178587 0.0130894 0.00900207 0.00575243
 0.00926882 0.0147205 0.021531 0.0294442 0.03811 0.0470109 0.0553914 0.062375 0.067259 0.069749 0.0699602 0.0682506 0.0650559 0.060801 0.0558586 0.0505222 0.044995 0.0393989 0.0338021 0.0282575 0.0228434 0.0176939 0.0129981 0.00896175 0.00574105
 0.00916271 0.014561 0.0213163 0.0291845 0.0378289 0.0467452 0.0551877 0.0622825 0.0673157 0.0699664 0.0703146 0.068687 0.065503 0.0611898 0.056138 0.0506677 0.04501 0.0393104 0.0336518 0.0280901 0.0226957 0.0175866 0.012935 0.00893403 0.00573523
 0.00900891 0.0143266 0.020993 0.0287764 0.0373522 0.0462283 0.0546714 0.0618201 0.0669672 0.0697881 0.0703439 0.0689301 0.065929 0.0617357 0.0567232 0.0512142 0.0454601 0.0396373 0.0338594 0.0282043 0.0227512 0.0176144 0.0129551 0.00895426 0.00575552
 0.00904711 0.014378 0.0210504 0.0288258 0.0373762 0.0462112 0.0546043 0.0617034 0.0668118 0.069614 0.0701797 0.0688088 0.0658803 0.0617756 0.0568454 0.0513894 0.0456449 0.0397896 0.0339529 0.0282351 0.0227343 0.0175735 0.0129117 0.00892106 0.0057358
 0.00897238 0.014265 0.020896 0.0286319 0.0371488 0.0459575 0.0543328 0.0614249 0.0665412 0.0693716 0.0699893 0.0686949 0.0658638 0.0618688 0.0570477 0.0516834 0.0459968 0.0401548 0.0342877 0.0285082 0.0229338 0.0177054 0.0129921 0.008968 0.00576304
 0.00882338 0.014043 0.0205998 0.0282742 0.0367526 0.0455507 0.053943 0.0610768 0.066255 0.0691611 0.0698623 0.0686546 0.0659121 0.0620079 0.0572779 0.0519984 0.0463794 0.0405753 0.0347079 0.0288904 0.0232502 0.0179446 0.0131581 0.00907451 0.00582686
 0.00868762 0.0138336 0.0203063 0.0278961 0.036301 0.0450495 0.0534292 0.0605969 0.0658563 0.0688798 0.0697149 0.0686385 0.0660122 0.0622057 0.0575572 0.0523464 0.0467827 0.0410156 0.0351586 0.0293198 0.0236281 0.0182499 0.0133842 0.00922779 0.00592217
 0.00863798 0.0137596 0.0202071 0.0277743 0.0361609 0.044894 0.053259 0.0604127 0.0656624 0.0686867 0.0695391 0.0684981 0.0659223 0.0621752 0.057589 0.0524396 0.0469339 0.0412176 0.0353982 0.0295765 0.0238771 0.0184684 0.0135571 0.00935131 0.00600175
 0.00805552 0.01289 0.019043 0.0263624 0.0345914 0.043281 0.0517246 0.0590775 0.064635 0.0680489 0.0693316 0.0687159 0.0665204 0.0630806 0.0587142 0.0536952 0.0482382 0.0425015 0.0366067 0.030666 0.0248142 0.0192314 0.0141395 0.00976406 0.006271
 0.00745992 0.0119725 0.0177595 0.0247124 0.032624 0.041099 0.0494855 0.0569824 0.0628943 0.0668351 0.0687426 0.0687659 0.0671559 0.0642044 0.0602072 0.0554303 0.0500914 0.0443599 0.038374 0.0322653 0.02619 0.020351 0.014995 0.0103724 0.0066701
#obs surv len freq
 nan nan nan nan nan nan nan nan nan nan nan nan nan nan nan nan nan nan nan nan nan nan nan nan nan
 0.00448887 0.00735221 0.0111841 0.0160019 0.0217033 0.0279786 0.0342918 0.0400216 0.0446993 0.048161 0.0505167 0.0520103 0.0529005 0.0534111 0.0537239 0.0539777 0.0542555 0.0545477 0.0546861 0.0542779 0.0527161 0.0493487 0.0437993 0.0362805 0.0276655
 0.00461412 0.00755992 0.0115039 0.0164627 0.022326 0.0287647 0.0352127 0.0410159 0.0456824 0.0490423 0.0512175 0.0524751 0.053102 0.0533494 0.0534219 0.0534733 0.0535926 0.0537695 0.0538319 0.0533851 0.0518238 0.0485005 0.0430404 0.0356492 0.027183
 0.00478154 0.00783174 0.0119126 0.0170388 0.0230931 0.0297308 0.0363596 0.0422934 0.0470103 0.0503218 0.0523447 0.0533552 0.0536611 0.053544 0.0532428 0.0529428 0.0527574 0.0526903 0.0525764 0.0520243 0.0504339 0.0471626 0.0418351 0.0346429 0.0264125
 0.00497433 0.00814742 0.0123918 0.0177204 0.0240066 0.0308843 0.0377275 0.0438129 0.0485907 0.0518604 0.0537407 0.054516 0.0545047 0.0540024 0.0532694 0.0525203 0.0519015 0.0514495 0.0510265 0.0502639 0.0485795 0.0453428 0.0401764 0.0332488 0.025341
 0.00518344 0.0084899 0.012912 0.0184618 0.0250035 0.0321491 0.0392374 0.045504 0.050366 0.0536075 0.0553487 0.0558859 0.0555519 0.0546567 0.0534745 0.0522368 0.051114 0.0501753 0.0493235 0.0482339 0.0463658 0.0431172 0.0381151 0.0314986 0.0239874
 0.00540202 0.00884884 0.013459 0.0192439 0.0260583 0.0334912 0.0408434 0.0473074 0.052266 0.0554877 0.0570945 0.0573947 0.0567364 0.0554443 0.0538054 0.0520638 0.0504058 0.0489256 0.0475659 0.0460563 0.0439168 0.0405955 0.0357382 0.0294552 0.0223938
 0.00564208 0.00924057 0.0140515 0.020084 0.0271827 0.0349123 0.0425355 0.0492006 0.0542556 0.0574529 0.0589177 0.0589719 0.0579811 0.0562859 0.0541867 0.0519379 0.0497361 0.0476934 0.0457865 0.0438004 0.0413257 0.037878 0.0331369 0.0271917 0.0206124
 0.00587443 0.0096237 0.0146381 0.0209264 0.0283227 0.0363646 0.0442717 0.0511438 0.0562922 0.0594557 0.0607662 0.0605639 0.0592341 0.0571351 0.0545803 0.0518328 0.0490965 0.0464961 0.0440357 0.0415516 0.0387077 0.0350953 0.0304405 0.0248207 0.0187302
 0.00612972 0.010039 0.0152639 0.0218105 0.0295014 0.0378496 0.0460346 0.0531103 0.0583505 0.0614763 0.0626228 0.0621476 0.0604595 0.0579402 0.0549219 0.0516793 0.0484225 0.0452837 0.0422877 0.0393152 0.0360994 0.0323089 0.0277228 0.0224145 0.0168078
 0.00636476 0.0104276 0.0158604 0.0226689 0.0306642 0.0393298 0.0477988 0.0550737 0.0603914 0.0634608 0.0644277 0.0636713 0.061624 0.0586886 0.0552148 0.05149 0.0477327 0.0440829 0.0405829 0.0371509 0.0335819 0.0296176 0.0250903 0.0200742 0.0149297
 0.0066103 0.010827 0.0164621 0.0235187 0.031797 0.0407567 0.0494921 0.0569605 0.0623607 0.0653833 0.0661763 0.065137 0.0627238 0.059367 0.0554398 0.0512455 0.0470113 0.0428843 0.0389209 0.0350713 0.0311842 0.027066 0.0225983 0.0178579 0.013148
 0.00683492 0.0111987 0.0170332 0.0243412 0.0329105 0.0421712 0.0511712 0.0588172 0.0642727 0.0672185 0.0678156 0.0664847 0.0637097 0.0599437 0.0555799 0.0509375 0.0462551 0.0416888 0.0373083 0.0330908 0.02893 0.0246878 0.020288 0.0158087 0.0115022
 0.00707524 0.0115897 0.0176225 0.025173 0.0340176 0.0435608 0.0528102 0.0606262 0.0661345 0.0689995 0.0693887 0.0677463 0.0645875 0.0603976 0.0555964 0.0505212 0.0454208 0.0404578 0.0357124 0.0311836 0.0268024 0.0224757 0.018161 0.0139352 0.0100042
 0.00727477 0.0119222 0.0181375 0.0259207 0.0350371 0.0448625 0.0543591 0.0623377 0.0678888 0.0706665 0.0708503 0.0689086 0.0653843 0.0607897 0.0555694 0.0500815 0.0445892 0.0392651 0.0341997 0.0294095 0.0248547 0.0204771 0.016259 0.0122727 0.00868225
 0.00744526 0.0121993 0.0185548 0.0265107 0.0358264 0.0458634 0.055559 0.0636921 0.0693226 0.072084 0.0721487 0.0699921 0.0661747 0.061234 0.0556406 0.0497757 0.0439207 0.0382624 0.0329048 0.0278824 0.0231794 0.0187644 0.0146368 0.0108614 0.00756435
 0.00752353 0.0123318 0.0187642 0.0268219 0.036263 0.0464402 0.0562753 0.0645289 0.0702457 0.0730489 0.0731046 0.0708817 0.0669354 0.061802 0.0559594 0.0498041 0.0436384 0.0376718 0.0320314 0.0267758 0.021915 0.0174415 0.0133672 0.00974884 0.00667979
 0.00758492 0.0124234 0.0188877 0.0269759 0.0364464 0.0466574 0.0565381 0.0648543 0.0706486 0.0735348 0.0736638 0.0714879 0.0675475 0.062367 0.0564175 0.0500954 0.043712 0.0374953 0.0315984 0.0261108 0.0210745 0.0165089 0.01244 0.00891857 0.00601077
 0.00766137 0.0125397 0.0190474 0.0271759 0.0366772 0.046904 0.056783 0.0650817 0.0708515 0.07372 0.0738507 0.0716998 0.0677985 0.0626516 0.0567072 0.0503432 0.0438623 0.0374963 0.0314155 0.0257376 0.0205386 0.0158691 0.0117746 0.00830553 0.00550775
 0.00769315 0.0125898 0.0191196 0.0272723 0.0367968 0.0470421 0.0569301 0.0652248 0.0709778 0.0738223 0.0739321 0.0717743 0.0678866 0.0627714 0.0568638 0.0505219 0.0440281 0.0376017 0.0314143 0.0256004 0.0202644 0.0154892 0.0113441 0.00788697 0.00515197
 0.00776138 0.0126914 0.0192551 0.0274362 0.0369789 0.0472304 0.0571125 0.0653897 0.0711142 0.0739208 0.0739876 0.0717881 0.0678685 0.0627382 0.0568346 0.0505096 0.0440316 0.0376027 0.0313821 0.0255042 0.0200874 0.0152385 0.0110499 0.00759175 0.00489461
 0.00781375 0.0127753 0.0193786 0.0276043 0.0371909 0.0474765 0.0573721 0.0656338 0.0713129 0.0740526 0.0740445 0.071776 0.0678015 0.0626346 0.0567132 0.0503875 0.0439202 0.0375035 0.0312848 0.0253908 0.0199417 0.0150558 0.0108422 0.00738284 0.00471021
 0.00783672 0.0128103 0.0194273 0.0276671 0.0372681 0.0475686 0.0574794 0.0657546 0.0714413 0.0741771 0.0741504 0.0718493 0.0678341 0.0626262 0.0566712 0.0503236 0.0438463 0.0374276 0.0312082 0.0253076 0.0198436 0.014938 0.0107089 0.00724685 0.00458756
 0.00787828 0.0128697 0.0195013 0.0277478 0.0373449 0.0476324 0.0575259 0.0657855 0.0714627 0.074197 0.0741746 0.0718787 0.0678641 0.0626484 0.0566776 0.0503102 0.0438145 0.037382 0.0311531 0.0252446 0.0197714 0.0148556 0.0106186 0.00715584 0.00450525
 0.00788345 0.0128816 0.0195255 0.0277901 0.0374089 0.0477153 0.0576166 0.0658668 0.0715183 0.0742188 0.0741667 0.0718539 0.0678369 0.0626284 0.0566664 0.0503029 0.0438041 0.0373633 0.031124 0.0252052 0.0197226 0.0147989 0.0105571 0.00709436 0.00444985
 0.00787267 0.0128587 0.0194817 0.0277159 0.037298 0.047571 0.057455 0.0657141 0.0714014 0.0741555 0.07416 0.0718958 0.067915 0.0627315 0.0567858 0.0504306 0.0439308 0.0374791 0.0312202 0.0252763 0.0197668 0.0148183 0.0105562 0.00708005 0.00442947
 0.00789231 0.0128846 0.0195092 0.0277357 0.037298 0.0475389 0.0573824 0.0656005 0.071257 0.0740008 0.0740216 0.071798 0.067872 0.0627448 0.056846 0.0505231 0.0440404 0.0375919 0.0313246 0.0253634 0.0198315 0.0148591 0.0105759 0.00708399 0.00442414
 0.00788486 0.0128731 0.0194928 0.0277136 0.0372683 0.0474984 0.0573266 0.0655245 0.0711586 0.0738834 0.073896 0.0716818 0.0677861 0.0627062 0.0568627 0.0505919 0.0441485 0.0377216 0.0314579 0.0254855 0.0199321 0.0149336 0.0106246 0.0071112 0.0044361
 0.0078846 0.0128699 0.0194829 0.0276921 0.0372308 0.047443 0.0572555 0.0654436 0.0710746 0.0738012 0.0738183 0.0716106 0.0677255 0.0626642 0.0568493 0.0506149 0.0442095 0.0378142 0.0315692 0.0255999 0.0200359 0.0150176 0.0106852 0.00714981 0.00445752
 0.00785159 0.0128181 0.0194084 0.0275926 0.037106 0.0472957 0.0570922 0.0652754 0.0709165 0.0736692 0.0737254 0.0715644 0.0677266 0.0627077 0.0569284 0.0507232 0.0443418 0.0379645 0.0317292 0.0257583 0.0201805 0.0151383 0.0107768 0.00721273 0.00449631
 0.00784601 0.0128038 0.0193774 0.0275346 0.0370117 0.0471611 0.0569225 0.0650854 0.0707267 0.0735001 0.0735938 0.0714811 0.0676962 0.0627296 0.0569972 0.0508304 0.0444775 0.0381186 0.0318917 0.0259189 0.0203287 0.015265 0.0108762 0.00728368 0.00454206
 0.00781554 0.012755 0.0193051 0.0274341 0.0368794 0.0469952 0.0567254 0.0648653 0.0704989 0.0732859 0.0734167 0.0713621 0.0676489 0.0627578 0.0570948 0.0509843 0.0446709 0.0383341 0.0321129 0.0261314 0.0205203 0.0154266 0.0110027 0.00737481 0.00460194
 0.00779967 0.0127289 0.0192655 0.0273776 0.0368031 0.0468978 0.0566078 0.0647311 0.0703536 0.0731369 0.0732734 0.0712363 0.0675547 0.0627087 0.0571003 0.0510467 0.0447843 0.0384862 0.0322873 0.0263112 0.0206901 0.0155745 0.0111215 0.00746227 0.00466063
 0.00776852 0.012677 0.019185 0.0272612 0.0366463 0.0467019 0.0563829 0.0644959 0.0701312 0.0729487 0.0731344 0.0711535 0.0675288 0.0627372 0.05718 0.0511736 0.0449526 0.0386863 0.032506 0.0265321 0.0208971 0.0157542 0.0112654 0.00756825 0.00473193
 0.00772972 0.0126125 0.0190856 0.0271177 0.036452 0.0464562 0.0560951 0.064186 0.0698278 0.072683 0.0729339 0.0710368 0.0675031 0.0627988 0.057317 0.0513701 0.0451919 0.0389522 0.0327825 0.0268032 0.0211468 0.0159692 0.0114372 0.00769472 0.00481713
 0.00769014 0.0125499 0.0189946 0.0269941 0.0362931 0.0462619 0.0558688 0.0639365 0.0695696 0.0724354 0.072719 0.0708765 0.0674155 0.0627944 0.0573964 0.0515246 0.0454056 0.0392056 0.0330551 0.0270751 0.0214002 0.0161894 0.0116148 0.00782664 0.0049068
 0.00767123 0.0125151 0.0189347 0.0268987 0.0361533 0.0460748 0.0556412 0.0636847 0.0693152 0.0721998 0.0725194 0.0707254 0.0673227 0.0627676 0.0574405 0.0516393 0.0455838 0.0394331 0.0333125 0.0273408 0.0216534 0.0164127 0.0117968 0.00796302 0.00500022
 0.00766418 0.0125049 0.0189211 0.0268813 0.0361298 0.0460397 0.0555859 0.0635999 0.0691954 0.0720478 0.072347 0.0705515 0.0671676 0.0626493 0.0573725 0.0516299 0.0456354 0.0395415 0.0334662 0.0275226 0.0218431 0.016591 0.0119488 0.00808073 0.00508287
 0.00763348 0.0124587 0.0188587 0.0268046 0.0360433 0.0459493 0.0554978 0.0635188 0.069123 0.0719816 0.0722824 0.0704848 0.0671001 0.0625886 0.0573306 0.0516195 0.0456659 0.0396165 0.0335822 0.0276689 0.0220037 0.0167482 0.0120872 0.00819071 0.00516162
 0.0076185 0.0124318 0.0188137 0.0267352 0.035945 0.0458233 0.0553531 0.0633716 0.0689922 0.0718822 0.0722206 0.0704575 0.0670982 0.0626025 0.0573547 0.0516545 0.0457173 0.0396907 0.0336823 0.027792 0.0221405 0.0168853 0.012211 0.0082913 0.0052351
 0.00760192 0.0124102 0.0187908 0.0267166 0.0359357 0.0458236 0.0553567 0.0633676 0.0689703 0.0718386 0.0721601 0.0703909 0.0670367 0.0625528 0.0573192 0.0516329 0.0457102 0.039701 0.0337135 0.0278453 0.0222124 0.0169675 0.0122927 0.00836258 0.00529008
 0.00758675 0.0123837 0.018748 0.0266529 0.0358496 0.0457198 0.0552471 0.0632687 0.0688969 0.0717974 0.0721479 0.070398 0.0670538 0.0625751 0.0573461 0.0516661 0.0457512 0.0397507 0.0337727 0.027914 0.022289 0.0170472 0.0123687 0.00842811 0.00534071
 0.00755085 0.0123297 0.0186749 0.0265623 0.0357445 0.0456038 0.0551242 0.0631448 0.0687813 0.0717025 0.0720865 0.0703782 0.0670757 0.0626314 0.0574255 0.0517578 0.0458479 0.0398486 0.0338704 0.0280106 0.0223828 0.0171354 0.0124473 0.00849311 0.0053898
 0.00754488 0.0123145 0.018642 0.0265014 0.0356472 0.0454681 0.0549588 0.0629678 0.0686147 0.0715656 0.0719912 0.0703298 0.0670745 0.062674 0.0575053 0.0518651 0.0459715 0.0399782 0.0339982 0.0281317 0.0224939 0.0172338 0.0125304 0.00855906 0.00543823
 0.00753482 0.0123034 0.0186344 0.0265032 0.0356621 0.0454934 0.054983 0.0629738 0.0685875 0.0715 0.0718954 0.0702217 0.0669743 0.062598 0.0574625 0.0518572 0.0459948 0.0400254 0.0340608 0.0282016 0.0225645 0.0173 0.0125884 0.00860633 0.00547367
 0.00752847 0.01229 0.0186092 0.0264612 0.0356007 0.0454159 0.0548997 0.0628989 0.0685325 0.0714677 0.071879 0.0702103 0.0669608 0.0625834 0.0574544 0.0518648 0.0460238 0.0400762 0.0341286 0.028279 0.0226434 0.0173735 0.0126516 0.00865645 0.00551021
 0.0075041 0.0122539 0.0185613 0.0264029 0.0355343 0.0453427 0.0548203 0.0628149 0.0684489 0.0713934 0.0718245 0.0701829 0.0669612 0.062606 0.0574919 0.0519124 0.0460804 0.0401427 0.0342049 0.0283618 0.0227272 0.0174516 0.0127186 0.00870914 0.00554814
 0.00751211 0.0122646 0.018573 0.0264131 0.03554 0.0453422 0.0548134 0.0628026 0.0684315 0.07137 0.0717938 0.0701455 0.0669204 0.0625675 0.0574607 0.0518916 0.0460716 0.0401463 0.034221 0.0283895 0.0227636 0.017492 0.0127577 0.00874273 0.00557382
 0.00750091 0.0122496 0.0185563 0.0263981 0.0355303 0.0453394 0.054816 0.0628064 0.0684318 0.0713642 0.0717816 0.0701283 0.0669005 0.0625469 0.0574419 0.0518775 0.0460646 0.0401485 0.034233 0.0284109 0.0227921 0.0175245 0.01279 0.00877107 0.00559596
 0.00747475 0.0122073 0.0184933 0.0263114 0.0354203 0.0452117 0.0546828 0.0626846 0.0683385 0.0713105 0.0717699 0.0701533 0.0669525 0.0626161 0.0575201 0.0519588 0.0461458 0.0402279 0.0343097 0.0284841 0.0228604 0.0175859 0.0128421 0.00881239 0.00562601
 0.00747475 0.0122073 0.0184933 0.0263114 0.0354203 0.0452117 0.0546828 0.0626846 0.0683385 0.0713105 0.0717699 0.0701533 0.0669525 0.0626161 0.0575201 0.0519588 0.0461458 0.0402279 0.0343097 0.0284841 0.0228604 0.0175859 0.0128421 0.00881239 0.00562601
 0.00726259 0.0118659 0.0179877 0.0256159 0.0345289 0.0441522 0.0535281 0.0615503 0.0673611 0.070613 0.0714318 0.0701957 0.0673419 0.0632794 0.0583651 0.0528935 0.0470915 0.0411255 0.0351203 0.0291845 0.0234402 0.0180438 0.0131848 0.00905319 0.00578336
 0.00719819 0.0117423 0.0177669 0.0252507 0.0339747 0.0433851 0.0525634 0.060451 0.0662303 0.0695761 0.0706126 0.0696939 0.0672147 0.0635309 0.058948 0.0537221 0.0480626 0.0421389 0.0360929 0.0300575 0.0241785 0.0186328 0.013627 0.00936352 0.00598547
#pred catch len freq
 0.00446266 0.00704911 0.0102578 0.0139996 0.0182173 0.0228685 0.0278558 0.03299 0.0380247 0.0427176 0.0468685 0.0503347 0.0530422 0.0549912 0.0562496 0.0569425 0.0572403 0.0573268 0.0573082 0.0570643 0.0561235 0.0537153 0.0490999 0.0420552 0.0331945
 0.00459679 0.00720686 0.010387 0.0140228 0.0180631 0.0225151 0.0273587 0.0324705 0.0376181 0.0425133 0.0468804 0.0505167 0.0533342 0.0553618 0.0567095 0.057523 0.0579504 0.0581109 0.0580335 0.0575509 0.0562135 0.0533484 0.0483509 0.0411064 0.0322571
 0.00481475 0.00754141 0.010849 0.0145971 0.0186989 0.0231209 0.0278128 0.0326548 0.0374715 0.0420741 0.0462816 0.0499302 0.0528972 0.0551357 0.0566902 0.0576782 0.0582446 0.0584982 0.0584321 0.0578355 0.0562479 0.0530478 0.047733 0.0402929 0.0314195
 0.00506957 0.00793917 0.0114174 0.0153519 0.0196416 0.0242326 0.029041 0.0338996 0.0385855 0.0428891 0.046662 0.0498305 0.0523884 0.054379 0.0558702 0.0569373 0.0576507 0.0580467 0.0580621 0.0574486 0.0557367 0.05234 0.0468332 0.0392916 0.0304554
 0.00536214 0.00839396 0.0120642 0.016208 0.0207132 0.0255161 0.0305178 0.0355244 0.0402742 0.0445122 0.0480507 0.0508048 0.0528063 0.0541891 0.055138 0.0558228 0.0563455 0.0567049 0.0567582 0.0561781 0.0544514 0.0510004 0.0454529 0.0379486 0.0292621
 0.00566591 0.00886706 0.0127387 0.017103 0.0218364 0.0268651 0.0320765 0.0372569 0.0421195 0.0463815 0.0498257 0.0523384 0.0539344 0.0547593 0.055053 0.0550786 0.0550395 0.0550024 0.0548333 0.0541634 0.0524249 0.0490115 0.0435603 0.0362377 0.0278272
 0.00599194 0.00937457 0.0134617 0.0180614 0.0230378 0.0283055 0.0337374 0.039099 0.0440798 0.048375 0.0517497 0.0540752 0.0553533 0.0557224 0.0554306 0.054777 0.0540333 0.0533535 0.0526805 0.0516864 0.049807 0.046419 0.0411425 0.0341259 0.0261197
 0.00635356 0.0099343 0.0142529 0.0191 0.0243252 0.0298322 0.0354808 0.0410179 0.0461101 0.0504314 0.0537318 0.0558739 0.0568558 0.0568152 0.0560015 0.0547233 0.0532808 0.0518832 0.0505523 0.049044 0.0468593 0.0434082 0.0383068 0.0316645 0.0241609
 0.0067402 0.0105339 0.0151023 0.0202169 0.0257098 0.0314694 0.0373374 0.0430381 0.0482155 0.0525278 0.0557176 0.0576481 0.0583214 0.0578803 0.0565779 0.0547253 0.0526316 0.0505332 0.0485079 0.0463959 0.0437928 0.0401846 0.035216 0.0289624 0.0220139
 0.00711266 0.0111176 0.015941 0.0213396 0.0271295 0.0331807 0.0393087 0.0452048 0.0504802 0.0547704 0.0578112 0.0594729 0.0597756 0.0588833 0.0570666 0.0546455 0.0519321 0.0491723 0.0464766 0.0437522 0.0406901 0.0368717 0.031996 0.0261215 0.0197473
 0.00746087 0.0116562 0.0167024 0.0223404 0.0283751 0.0346695 0.0410301 0.0471288 0.052548 0.0568902 0.0598633 0.0613241 0.0612978 0.0599698 0.0576388 0.0546496 0.05133 0.0479379 0.0446067 0.0412943 0.037774 0.0337206 0.0288983 0.0233622 0.0175308
 0.00777989 0.0121546 0.0174153 0.0232886 0.0295645 0.0360899 0.042652 0.0489011 0.0544017 0.0587465 0.0616392 0.0629334 0.0626499 0.0609731 0.0582082 0.054714 0.0508368 0.0468548 0.0429298 0.0390668 0.0351111 0.0308224 0.0260281 0.0207878 0.0154505
 0.00816097 0.0127481 0.0182606 0.0244071 0.0309591 0.037744 0.0445231 0.0509149 0.0564538 0.0607149 0.0634033 0.0643911 0.0637276 0.0616248 0.0584065 0.0544387 0.0500683 0.0455766 0.0411419 0.0368079 0.0324844 0.0280072 0.0232628 0.0183165 0.0134558
 0.00853052 0.0133174 0.0190603 0.0254485 0.032238 0.0392457 0.0462204 0.05276 0.0583711 0.0626007 0.0651355 0.0658458 0.0647992 0.0622418 0.0585358 0.0540777 0.0492294 0.0442767 0.0394037 0.0346775 0.0300554 0.0254356 0.0207544 0.0160831 0.0116559
 0.00879765 0.0137359 0.0196609 0.0262507 0.0332484 0.0404562 0.0476044 0.0542695 0.0599401 0.0641524 0.0665881 0.0671157 0.065803 0.0629029 0.0587944 0.0538982 0.0486026 0.043215 0.0379383 0.0328633 0.0279841 0.0232456 0.0186213 0.0141852 0.0101262
 0.00905102 0.0141336 0.0202339 0.0270197 0.0342237 0.041634 0.0489608 0.0557541 0.0614759 0.0656442 0.0679365 0.0682308 0.0666155 0.0633665 0.0588828 0.0536004 0.0479193 0.0421596 0.0365411 0.0311785 0.0260989 0.0212846 0.0167356 0.0125233 0.00879577
 0.0091697 0.0143279 0.0205296 0.0274439 0.034802 0.0423853 0.0498889 0.0568409 0.0626777 0.0668939 0.0691495 0.0693152 0.0674844 0.0639507 0.0591377 0.0535058 0.0474747 0.0413794 0.0354544 0.029835 0.0245764 0.0196915 0.0152007 0.0111708 0.00771389
 0.00921402 0.0144001 0.0206396 0.0276043 0.0350295 0.0427016 0.0503181 0.0574033 0.0633805 0.0677218 0.07006 0.070241 0.0683432 0.0646585 0.0596218 0.0537137 0.047378 0.0409738 0.0347586 0.0288914 0.0234538 0.0184843 0.0140194 0.0101204 0.00686948
 0.00929853 0.0145157 0.0207741 0.0277346 0.035131 0.0427619 0.0503483 0.0574395 0.0634739 0.0679226 0.0704005 0.0707235 0.0689351 0.0652957 0.0602206 0.0541874 0.0476528 0.0410008 0.0345206 0.0284053 0.0227699 0.0176817 0.0131934 0.00936338 0.00624928
 0.00936666 0.0146144 0.0208995 0.0278734 0.0352617 0.0428592 0.0503892 0.0574116 0.0633848 0.0678052 0.0703099 0.0707216 0.0690681 0.0655748 0.060614 0.0546269 0.0480514 0.0412747 0.0346083 0.0282817 0.0224512 0.0172207 0.0126665 0.00885072 0.00581362
 0.00945347 0.0147403 0.0210603 0.028055 0.0354425 0.0430155 0.0504999 0.0574602 0.063361 0.0677092 0.0701575 0.0705471 0.0689208 0.0655056 0.0606566 0.0547817 0.0482803 0.0415111 0.0347786 0.0283287 0.0223516 0.0169913 0.0123555 0.00851961 0.00551675
 0.00952756 0.0148578 0.0212311 0.0282844 0.0357286 0.0433453 0.0508461 0.057783 0.063616 0.0678581 0.0701788 0.0704424 0.0687154 0.0652443 0.0603941 0.0545667 0.0481394 0.041439 0.0347405 0.028277 0.0222474 0.0168208 0.0121342 0.00828206 0.00530003
 0.00953727 0.0148781 0.0212704 0.0283542 0.035842 0.0435129 0.0510716 0.0580582 0.0639179 0.0681504 0.070418 0.0705884 0.0687441 0.0651562 0.0602151 0.0543402 0.0479116 0.0412431 0.0345862 0.028151 0.0221253 0.016683 0.011977 0.00811821 0.00514975
 0.00956943 0.0149222 0.021322 0.028406 0.0358877 0.0435533 0.051118 0.0581297 0.0640328 0.0683156 0.0706212 0.0707992 0.0689215 0.0652626 0.0602289 0.0542634 0.0477677 0.0410665 0.0344081 0.0279887 0.0219804 0.0165487 0.0118479 0.00799619 0.00504238
 0.00950148 0.0148199 0.0211832 0.0282337 0.0356889 0.0433378 0.0508982 0.0579233 0.0638649 0.0682167 0.07062 0.0709109 0.0691386 0.0655522 0.060542 0.0545504 0.0479944 0.0412207 0.0344971 0.0280286 0.0219866 0.0165312 0.0118133 0.007951 0.00499469
 0.0094386 0.0147198 0.0210369 0.0280347 0.0354354 0.0430352 0.0505617 0.0575785 0.0635446 0.0679562 0.070452 0.0708612 0.0692212 0.0657642 0.0608591 0.0549302 0.0483856 0.0415776 0.03479 0.0282471 0.0221348 0.016621 0.0118585 0.00796524 0.00499049
 0.00940641 0.0146707 0.0209686 0.027946 0.0353246 0.0428989 0.0503953 0.0573791 0.0633164 0.067714 0.0702219 0.0706763 0.0691136 0.0657571 0.0609607 0.0551294 0.0486541 0.0418758 0.0350776 0.0284931 0.0223232 0.01675 0.0119364 0.00800506 0.00500563
 0.0093747 0.0146231 0.0209041 0.0278662 0.0352328 0.0427987 0.050289 0.0572674 0.0631979 0.067587 0.0700874 0.0705416 0.0689947 0.0656768 0.0609418 0.0551869 0.048788 0.0420694 0.0353019 0.0287153 0.0225163 0.0168986 0.0120378 0.00806581 0.00503695
 0.00929567 0.0145042 0.0207431 0.0276678 0.0350079 0.0425621 0.0500581 0.0570601 0.0630303 0.0674698 0.070023 0.0705251 0.0690177 0.0657328 0.06103 0.0553116 0.0489538 0.0422745 0.0355344 0.0289542 0.0227374 0.0170826 0.0121751 0.00815745 0.00509135
 0.00928402 0.0144717 0.0206697 0.0275275 0.0347767 0.0422301 0.0496395 0.0565952 0.0625761 0.0670849 0.0697529 0.0703938 0.069026 0.0658625 0.0612525 0.0555969 0.0492768 0.0426163 0.0358787 0.0292843 0.0230354 0.0173324 0.0123674 0.00829215 0.00517657
