SBPRF35
12.7214
Curr Bio
663229
B35
839053
F35
0.171913
FOFL
0.143611
OFL
84018.4
Bzero
3.63469e+006
#pred survey bio
 3.11257e+006 2.80493e+006 2.53384e+006 2.30041e+006 2.02372e+006 1.80575e+006 1.59369e+006 1.41431e+006 1.27207e+006 1.11869e+006 963282 852948 749989 676036 658940 627936 598673 586913 572839 560081 546978 543473 546364 543661 547021 544271 535792 544598 557222 565234 563314 582082 602837 610174 622452 631569 638026 642840 652957 664036 661978 671030 678091 668206 664261 642670 638604 657790 668685 2.49645e+007 1.51841e+007 1.57153e+007 1.68614e+007 1.8397e+007 2.00624e+007 2.16657e+007 2.30954e+007 2.43053e+007 2.52926e+007 2.60776e+007 2.66908e+007 2.71637e+007 2.75257e+007 2.78014e+007 2.80111e+007 2.81706e+007 2.8292e+007 2.83849e+007 2.84561e+007 2.85109e+007 2.85534e+007 2.85864e+007 2.86122e+007 2.86325e+007 2.86485e+007 2.86611e+007 2.86711e+007 2.86791e+007 2.86855e+007 2.86907e+007 2.86948e+007 2.86981e+007 2.87008e+007 2.8703e+007 2.87048e+007 2.87062e+007 2.87074e+007 2.87084e+007 2.87091e+007 2.87098e+007 2.87103e+007 2.87107e+007 2.87111e+007 2.87113e+007 2.87116e+007 2.87118e+007 2.87119e+007 2.8712e+007 2.87121e+007 2.87122e+007 2.87123e+007 2.87124e+007 2.87124e+007 2.87124e+007 2.87125e+007 2.87125e+007 2.87125e+007 2.87125e+007 2.87125e+007 2.87126e+007 2.87126e+007 2.87126e+007 2.87126e+007 2.87126e+007 2.87126e+007 2.87126e+007 2.87126e+007 2.87126e+007 2.87126e+007 2.87126e+007 2.87126e+007 2.87126e+007 2.87126e+007 2.87126e+007 2.87126e+007 2.87126e+007 2.87126e+007 2.87126e+007 2.87126e+007 2.87126e+007 2.87126e+007 2.87126e+007 2.87126e+007 2.87126e+007 2.87126e+007 2.87126e+007 2.87126e+007 2.87126e+007 2.87126e+007 2.87126e+007 2.87126e+007 2.87126e+007 2.87126e+007 2.87126e+007 2.87126e+007 2.87126e+007 2.87126e+007 2.87126e+007 2.87126e+007 0 0 0 0 0 0 0 0 0 0 0 0 0 0 0 0 0 0 0 0 0 0 0 0 0
#obs survey bio
 2.85557e+006 3.05015e+006 2.21311e+006 1.80342e+006 2.07145e+006 1.7646e+006 1.72558e+006 1.76806e+006 1.31044e+006 820591 827674 867075 713725 632068 538672 773319 434095 548876 662470 710015 357701 528807 653866 770068 664209 431568 557086 517401 530308 572761 364749 600632 594852 584571 528216 716530 551934 661708 731429 748086 741996 830920 572268 974220 727836 1.03246e+006 684482 573060 681402
#pred catch bio
 303886 290145 275591 332563 294280 300515 279730 253446 267106 268190 225809 215043 184943 134606 146081 142352 125685 125914 122272 119778 109501 102873 106263 99855.5 104027 107593 92793.1 90878.3 95838.2 104500 87988.5 88250.7 100791 97653.1 101601 104856 107177 103365 102765 112842 101699 102135 114816 108029 121469 105196 86311.4 94691.5 67215.4 84018.4 100465 102665 109002 118592 129200 139356 148287 155703 161610 166171 169612 172161 174022 175366 176328 177012 177495 177835 178073 178239 178355 178436 178492 178531 178558 178576 178589 178598 178604 178608 178611 178613 178614 178615 178616 178616 178617 178617 178617 178617 178617 178617 178617 178617 178617 178617 178617 178617 178617 178617 178617 178617 178617 178617 178617 178617 178617 178617 178617 178617 178617 178617 178617 178617 178617 178617 178617 178617 178617 178617 178617 178617 178617 178617 178617 178617 178617 178617 178617 178617 178617 178617 178617 178617 178617 178617 178617 178617 178617 178617 178617 178617 178617 178617 178617 178617 178617 178617 178617 0 0 0 0 0 0 0 0 0 0 0 0 0 0 0 0 0 0 0 0 0 0 0 0 0
#obs catch bio
 259559 289700 274438 333607 294843 302331 279968 253218 268178 271007 228110 216518 186393 134727 147592 143475 127243 127201 122986 120179 110230 103141 106310 99442.2 103440 107628 92459.5 90812.4 95884.2 104404 88308.6 88359.9 100702 97617.6 101940 104658 107501 103963 103075 113266 101612 101444 114020 106819 120736 104531 85707.8 95121.2 67009.4
#pred cpue bio
 3.0702e+006 2.76412e+006 2.49345e+006 2.26013e+006 1.9846e+006 1.76754e+006 1.55678e+006 1.37844e+006 1.23686e+006 1.08479e+006 931298 822630 721600 649105 632152 601734 573158 561809 548370 536302 523854 520705 523837 521504 525039 522470 514194 522751 535052 542941 540997 559301 579758 586928 598764 607621 613844 618431 628479 639698 638111 647440 654730 645175 641315 620124 616084 634861 645718 2.41475e+007 1.46969e+007 1.50692e+007 1.60635e+007 1.75563e+007 1.92136e+007 2.08155e+007 2.2245e+007 2.34549e+007 2.44422e+007 2.52272e+007 2.58404e+007 2.63133e+007 2.66753e+007 2.6951e+007 2.71607e+007 2.73202e+007 2.74417e+007 2.75345e+007 2.76057e+007 2.76605e+007 2.7703e+007 2.7736e+007 2.77618e+007 2.77821e+007 2.77981e+007 2.78107e+007 2.78208e+007 2.78288e+007 2.78351e+007 2.78403e+007 2.78444e+007 2.78478e+007 2.78505e+007 2.78526e+007 2.78544e+007 2.78558e+007 2.7857e+007 2.7858e+007 2.78588e+007 2.78594e+007 2.78599e+007 2.78603e+007 2.78607e+007 2.7861e+007 2.78612e+007 2.78614e+007 2.78615e+007 2.78617e+007 2.78618e+007 2.78618e+007 2.78619e+007 2.7862e+007 2.7862e+007 2.7862e+007 2.78621e+007 2.78621e+007 2.78621e+007 2.78621e+007 2.78622e+007 2.78622e+007 2.78622e+007 2.78622e+007 2.78622e+007 2.78622e+007 2.78622e+007 2.78622e+007 2.78622e+007 2.78622e+007 2.78622e+007 2.78622e+007 2.78622e+007 2.78622e+007 2.78622e+007 2.78622e+007 2.78622e+007 2.78622e+007 2.78622e+007 2.78622e+007 2.78622e+007 2.78622e+007 2.78622e+007 2.78622e+007 2.78622e+007 2.78622e+007 2.78622e+007 2.78622e+007 2.78622e+007 2.78622e+007 2.78622e+007 2.78622e+007 2.78622e+007 2.78622e+007 2.78622e+007 2.78622e+007 2.78622e+007 2.78622e+007 2.78622e+007 2.78622e+007 2.78622e+007 0 0 0 0 0 0 0 0 0 0 0 0 0 0 0 0 0 0 0 0 0 0 0 0 0
#obs cpue bio
 2.17715e+006 3.46022e+006 3.22784e+006 2.00762e+006 1.54649e+006 1.46566e+006 1.98773e+006 1.12104e+006 945427 1.03267e+006 828683 954335 657605 688596 514908 499416 445787 632790 537253 476057 563161 619563 549933 473480 536278 498501 581043 463059 524166 702451 439232 649994 840578 514899 536183 808384 489310 424493 630217 630395 676006 920275 976304 600780 525222 419636 586068 407098 715652
#pred surv len freq
 0.00471739 0.00774804 0.0118251 0.0169765 0.023092 0.0298248 0.0365729 0.0426384 0.0474917 0.0509395 0.0530906 0.0542018 0.0545431 0.0543419 0.0537787 0.0530039 0.0521559 0.0513569 0.0506534 0.0499009 0.0486644 0.0462685 0.0420754 0.0358947 0.0282436
 0.00515091 0.0083852 0.012662 0.0179749 0.0242028 0.0310182 0.0378513 0.0440181 0.0489617 0.0524275 0.0544647 0.0553112 0.055277 0.0546689 0.0537462 0.0526978 0.0516451 0.0506482 0.0496825 0.0485683 0.0469064 0.0441279 0.0397282 0.0336054 0.0262697
 0.00539016 0.00882166 0.0134012 0.0191303 0.0258524 0.0331479 0.0403184 0.0465743 0.0513358 0.0544199 0.0559902 0.0563709 0.0558963 0.0548584 0.0535063 0.0520445 0.0506185 0.0492933 0.0480194 0.0465869 0.0446032 0.0415637 0.0370641 0.0310783 0.0241138
 0.00557846 0.00912443 0.0138554 0.0197803 0.0267559 0.0343735 0.0419272 0.0485807 0.0536655 0.0568925 0.0583502 0.0583612 0.0573326 0.0556619 0.0536846 0.0516488 0.0497103 0.0479295 0.0462488 0.0444541 0.0421662 0.0389253 0.0343924 0.028589 0.022011
 0.00585797 0.00958412 0.0145561 0.0207795 0.0280946 0.0360583 0.0439165 0.0507893 0.0559857 0.0592151 0.0605656 0.0603428 0.0589289 0.056718 0.0540827 0.0513399 0.0487154 0.0463161 0.0441045 0.041877 0.0392749 0.0358781 0.0313943 0.0258669 0.0197578
 0.00605588 0.00991177 0.015061 0.0215121 0.0291006 0.0373659 0.0455201 0.05264 0.0579954 0.0612726 0.0625562 0.0621606 0.0604763 0.0578962 0.0547873 0.0514714 0.048203 0.0451399 0.0423044 0.0395488 0.0365654 0.032982 0.0285418 0.0232905 0.0176408
 0.00636474 0.0103995 0.0157688 0.0224696 0.0303231 0.0388486 0.0472306 0.0545141 0.0599424 0.0631892 0.0643402 0.0637207 0.0617361 0.0587924 0.0552627 0.0514678 0.0476615 0.0440153 0.040589 0.0372969 0.0339069 0.0301181 0.025719 0.0207524 0.0155705
 0.00667708 0.0109038 0.01652 0.0235139 0.0316857 0.0405173 0.0491414 0.056552 0.0619647 0.0650593 0.0659546 0.0650152 0.0626767 0.05936 0.0554405 0.0512327 0.0469816 0.0428558 0.0389316 0.0351677 0.0314034 0.0274167 0.023052 0.0183556 0.0136209
 0.00684015 0.0111895 0.016988 0.0242325 0.0327164 0.04189 0.0508307 0.0584682 0.0639682 0.0669908 0.0676666 0.0663954 0.0636574 0.0599154 0.0555727 0.0509534 0.0462962 0.0417597 0.0374203 0.0332624 0.0291795 0.0250191 0.0206812 0.0162216 0.0118845
 0.00700934 0.0114815 0.0174597 0.0249492 0.0337403 0.0432589 0.0525355 0.0604396 0.06608 0.0690789 0.0695555 0.0679267 0.0647148 0.0604394 0.0555609 0.0504435 0.0453427 0.0404135 0.035724 0.0312637 0.0269561 0.0226978 0.0184324 0.0142235 0.0102725
 0.00724066 0.0118629 0.0180441 0.02579 0.0348819 0.0447207 0.0542942 0.06242 0.0681611 0.0711117 0.0713841 0.0694067 0.0657297 0.0609143 0.0554703 0.0498101 0.0442249 0.0388878 0.0338714 0.0291682 0.0247154 0.0204362 0.0162981 0.0123632 0.00879225
 0.00736281 0.0120647 0.0183547 0.0262407 0.0355032 0.0455358 0.0553101 0.0636208 0.0695057 0.0725355 0.0728022 0.0707186 0.0668275 0.0616948 0.05585 0.049739 0.0436938 0.0379275 0.0325452 0.027564 0.0229417 0.0186202 0.0145771 0.0108635 0.0076009
 0.00759777 0.0124337 0.0188853 0.0269497 0.0363926 0.0465892 0.0564883 0.064862 0.070735 0.0736797 0.073802 0.0715311 0.0674204 0.0620389 0.0559148 0.0494947 0.0431203 0.037025 0.0313433 0.0261251 0.0213593 0.0170111 0.0130658 0.00955978 0.0065754
 0.00795853 0.0129736 0.0196113 0.0278375 0.0373945 0.047647 0.0575433 0.065859 0.0716251 0.0744242 0.0743771 0.0719274 0.0676384 0.0620813 0.0557794 0.0491715 0.0425934 0.0362815 0.0303856 0.0249828 0.0200952 0.0157163 0.0118443 0.00850484 0.00574678
 0.00791039 0.0129178 0.0195676 0.0278349 0.0374597 0.0477894 0.0577465 0.0660891 0.0718521 0.0746441 0.0746149 0.0722208 0.0680099 0.0625196 0.0562379 0.0495811 0.0428804 0.036384 0.030266 0.0246371 0.0195574 0.0150548 0.0111476 0.00785983 0.00521685
 0.00794873 0.0129846 0.019677 0.0280046 0.0377091 0.0481339 0.0581892 0.0666112 0.0724087 0.075169 0.0750394 0.0724978 0.0681324 0.0625184 0.0561602 0.0494627 0.0427291 0.0361799 0.0299778 0.0242425 0.0190595 0.0144872 0.010567 0.00732818 0.00478196
 0.00801116 0.0130827 0.0198187 0.0281954 0.0379523 0.0484301 0.0585351 0.0669981 0.0728209 0.0755821 0.0754199 0.0728055 0.0683294 0.0625821 0.0560929 0.0492893 0.0424832 0.0358867 0.0296455 0.0238678 0.0186411 0.0140389 0.01012 0.00692187 0.0044494
 0.00792816 0.0129577 0.0196495 0.0279877 0.0377196 0.0481932 0.058321 0.0668394 0.0727514 0.0756301 0.0755989 0.0731071 0.0687207 0.0630115 0.0565025 0.0496307 0.0427276 0.0360261 0.0296844 0.0238156 0.01851 0.0138471 0.00989436 0.00669498 0.00425068
 0.00787341 0.0128716 0.0195256 0.0278235 0.0375177 0.0479641 0.0580845 0.0666232 0.0725863 0.0755434 0.0756087 0.07322 0.068931 0.0633004 0.0568384 0.0499732 0.0430354 0.0362659 0.0298375 0.0238779 0.0184898 0.013762 0.00976866 0.00655572 0.00412205
 0.00786206 0.0128458 0.0194733 0.0277295 0.0373685 0.0477542 0.057823 0.0663351 0.0723076 0.0753124 0.0754581 0.0731715 0.0689927 0.0634665 0.0570903 0.0502809 0.0433614 0.0365714 0.030089 0.0240542 0.0185848 0.0137842 0.00973688 0.00649397 0.00405285
 0.00790345 0.0129042 0.0195443 0.0278017 0.0374247 0.0477748 0.0577896 0.0662355 0.0721413 0.075094 0.0752171 0.0729464 0.0688215 0.063377 0.0570941 0.0503721 0.0435189 0.0367638 0.0302817 0.0242169 0.0186979 0.0138421 0.0097473 0.0064726 0.00401731
 0.00786513 0.0128435 0.0194559 0.0276816 0.0372706 0.0475867 0.0575717 0.0659969 0.0718958 0.0748597 0.0750145 0.0727967 0.0687441 0.0633863 0.0571958 0.0505607 0.0437769 0.0370633 0.030589 0.0244988 0.0189287 0.0140087 0.00985041 0.00652412 0.00403439
 0.00778827 0.0127179 0.0192662 0.0274146 0.0369199 0.0471591 0.0570918 0.065507 0.0714472 0.0744998 0.0747768 0.0726966 0.068781 0.0635488 0.057466 0.0509167 0.0441933 0.0375107 0.0310351 0.0249113 0.0192802 0.0142824 0.0100431 0.00664517 0.00410103
 0.00778967 0.012714 0.0192486 0.0273707 0.0368348 0.0470194 0.0568904 0.0652467 0.0711427 0.0741774 0.0744703 0.0724416 0.0686078 0.0634761 0.0574995 0.0510499 0.0444103 0.0377887 0.0313461 0.0252247 0.0195674 0.0145213 0.0102226 0.00676607 0.00417333
 0.00779268 0.0127083 0.0192202 0.0273001 0.0367016 0.04681 0.0566052 0.0649019 0.0707675 0.073807 0.0741403 0.0721834 0.0684456 0.0634248 0.0575629 0.0512204 0.0446701 0.0381126 0.0317041 0.025585 0.0199004 0.0148038 0.0104414 0.00691987 0.00427074
 0.00781039 0.0127426 0.0192809 0.0273967 0.036837 0.0469728 0.0567655 0.065016 0.0707917 0.0737152 0.0739344 0.0718925 0.068116 0.063107 0.0573005 0.0510433 0.0445921 0.0381308 0.031802 0.0257367 0.020076 0.0149753 0.0105881 0.007031 0.00434559
 0.00793786 0.012931 0.0195299 0.0276946 0.0371652 0.0473119 0.0570978 0.0653225 0.0710461 0.0738821 0.0739763 0.0717834 0.0678551 0.0627239 0.0568488 0.050586 0.0441851 0.0378121 0.0315869 0.0256199 0.0200374 0.0149878 0.0106254 0.00707282 0.0043803
 0.00792499 0.0129099 0.0194975 0.0276472 0.0370985 0.0472224 0.0569852 0.0651937 0.0709178 0.0737787 0.0739208 0.0717859 0.0679054 0.0627956 0.0569133 0.0506274 0.0442065 0.0378303 0.0316212 0.0256813 0.0201243 0.0150885 0.0107242 0.00715673 0.00444262
 0.00782206 0.0127569 0.019294 0.0274024 0.0368287 0.0469463 0.0567209 0.0649575 0.0707245 0.0736419 0.0738529 0.0717963 0.0679973 0.0629609 0.0571314 0.0508694 0.0444449 0.0380483 0.031815 0.0258552 0.020283 0.015232 0.0108481 0.00725568 0.00451435
 0.00783649 0.0127643 0.0192763 0.0273349 0.0366893 0.0467281 0.0564411 0.0646552 0.0704469 0.0734269 0.0737188 0.0717433 0.0680161 0.0630406 0.0572616 0.0510381 0.0446367 0.0382459 0.0320038 0.0260267 0.0204341 0.0153621 0.0109562 0.00734058 0.00457595
 0.00789098 0.0128597 0.0194306 0.0275642 0.0369979 0.047097 0.0568219 0.0649785 0.0706457 0.0734627 0.0735952 0.0714988 0.0677042 0.0627117 0.0569526 0.0507719 0.0444239 0.0380881 0.0318955 0.0259593 0.0203984 0.0153496 0.0109593 0.00735222 0.00459006
 0.00775384 0.0126441 0.0191216 0.0271573 0.0365051 0.0465524 0.0562829 0.0645162 0.0703238 0.0733155 0.0736178 0.0716571 0.0679549 0.0630182 0.0572908 0.0511262 0.0447819 0.0384373 0.0322236 0.0262547 0.0206523 0.0155569 0.0111192 0.00746802 0.00466812
 0.0077256 0.0125781 0.0189857 0.0269109 0.0361112 0.0459968 0.0555909 0.0637568 0.0695962 0.0727234 0.073242 0.0715365 0.0680814 0.0633463 0.0577561 0.0516647 0.0453419 0.0389818 0.0327275 0.0267009 0.0210297 0.0158601 0.011349 0.00763093 0.00477537
 0.00778705 0.01268 0.0191403 0.0271247 0.0363761 0.0462798 0.0558316 0.0638789 0.0695354 0.0724579 0.0728081 0.0710182 0.0675801 0.0629464 0.0575036 0.0515639 0.0453672 0.0390946 0.0328895 0.0268807 0.0212043 0.0160142 0.011474 0.00772423 0.00483929
 0.0077185 0.012585 0.0190284 0.0270162 0.0362979 0.0462569 0.0558768 0.063985 0.069672 0.072576 0.072855 0.0709594 0.0674173 0.0627205 0.0572783 0.0513994 0.0452993 0.039127 0.0330008 0.0270383 0.0213756 0.0161743 0.0116077 0.00782535 0.00490886
 0.0077313 0.0125927 0.0190169 0.0269672 0.0361976 0.0461072 0.0557029 0.0638307 0.0695824 0.0725758 0.072935 0.0710788 0.0675223 0.0627689 0.0572579 0.0513315 0.0452248 0.0390858 0.0330149 0.0271063 0.0214797 0.0162906 0.0117154 0.0079123 0.00497109
 0.00772902 0.012597 0.0190368 0.0270131 0.0362746 0.046208 0.0558046 0.0639022 0.0696001 0.0725378 0.072863 0.0710044 0.0674664 0.0627311 0.0572207 0.0512769 0.0451493 0.0390036 0.032949 0.0270749 0.0214872 0.0163279 0.011767 0.0079633 0.00501235
 0.0076169 0.0124394 0.018846 0.0268172 0.0361111 0.0461122 0.0557977 0.0639849 0.0697515 0.0727219 0.0730398 0.0711438 0.0675576 0.0627802 0.0572414 0.0512794 0.0451376 0.0389807 0.0329221 0.0270551 0.0214838 0.0163435 0.0117962 0.00799725 0.00504289
 0.00748207 0.0122209 0.0185203 0.0263689 0.0355425 0.0454557 0.0551226 0.0633886 0.0693332 0.0725484 0.0731231 0.0714422 0.0679968 0.063282 0.0577439 0.0517447 0.045548 0.039331 0.0332139 0.0272941 0.0216778 0.0164997 0.0119197 0.0080909 0.00510937
 0.00733044 0.0119838 0.0181811 0.0259177 0.0349783 0.0447886 0.0543803 0.0626222 0.0686177 0.0719735 0.0727738 0.0713747 0.0682198 0.063753 0.0583835 0.0524617 0.0462631 0.0399894 0.0337861 0.02777 0.0220592 0.0167946 0.0121389 0.00824598 0.00521254
 0.00727779 0.0118971 0.0180485 0.0257279 0.0347227 0.0444648 0.0539952 0.0621929 0.068169 0.0715359 0.072384 0.0710762 0.0680585 0.0637649 0.0585792 0.052818 0.0467282 0.0404992 0.0342825 0.0282122 0.0224265 0.0170821 0.0123517 0.00839479 0.00531012
 0.00723143 0.0118077 0.0178885 0.0254643 0.0343264 0.0439251 0.0533322 0.0614591 0.0674386 0.0708854 0.0718757 0.0707507 0.0679358 0.0638493 0.0588626 0.0532784 0.0473266 0.0411801 0.0349817 0.0288693 0.0229963 0.0175406 0.0126952 0.0086341 0.0054648
 0.00721827 0.0117834 0.0178454 0.0253904 0.0342041 0.0437321 0.0530456 0.0610642 0.0669396 0.0703142 0.0712906 0.0702247 0.0675382 0.0636299 0.0588446 0.0534595 0.0476827 0.0416694 0.0355487 0.0294528 0.0235398 0.0180027 0.013055 0.00889109 0.00563306
 0.00729758 0.0119104 0.018032 0.025644 0.0345228 0.0440988 0.0534221 0.0613918 0.0671491 0.0703435 0.0711053 0.069832 0.0669895 0.0630095 0.058248 0.0529702 0.0473546 0.04152 0.0355617 0.0295873 0.0237429 0.0182232 0.0132541 0.00904761 0.00574216
 0.00728203 0.0118935 0.0180224 0.0256554 0.0345715 0.0441979 0.0535761 0.061592 0.0673717 0.0705509 0.0712511 0.0698714 0.0668937 0.0627787 0.0579172 0.0526014 0.0470194 0.0412776 0.0354433 0.0295907 0.0238391 0.0183695 0.0134092 0.00918205 0.00584225
 0.0074066 0.012086 0.0182934 0.0260081 0.0350014 0.0446928 0.0541141 0.0621403 0.067887 0.0709837 0.0715521 0.0699983 0.0668186 0.0624952 0.057446 0.0519923 0.046345 0.0406194 0.0348729 0.0291531 0.0235459 0.018203 0.0133348 0.00916242 0.00584767
 0.00748413 0.0121968 0.0184321 0.0261605 0.0351495 0.0448223 0.0542209 0.0622318 0.0679786 0.0710911 0.0716827 0.0701442 0.0669538 0.0625813 0.0574446 0.0518801 0.046126 0.0403266 0.034558 0.0288693 0.0233301 0.0180675 0.0132694 0.0091447 0.00585411
 0.00730404 0.0119304 0.0180799 0.0257392 0.0346864 0.0443462 0.053758 0.0618078 0.0676248 0.0708471 0.0715905 0.0702344 0.0672306 0.0630134 0.0579696 0.0524208 0.046613 0.0407171 0.0348431 0.0290679 0.0234731 0.0181815 0.0133682 0.00923023 0.00592284
 0.00719677 0.0117553 0.0178165 0.0253724 0.0342139 0.0437885 0.053163 0.0612441 0.0671625 0.0705357 0.0714495 0.0702595 0.0674077 0.0633258 0.0583945 0.0529224 0.0471413 0.0412184 0.0352756 0.0294121 0.0237323 0.0183722 0.0135088 0.00933402 0.00599748
#obs surv len freq
 0.00497295 0.00814497 0.0123876 0.0177138 0.0239965 0.0308696 0.0377074 0.0437875 0.0485609 0.0518287 0.0537104 0.0544905 0.0544866 0.053993 0.0532689 0.052528 0.0519166 0.0514707 0.0510527 0.0502935 0.0486107 0.0453733 0.0402042 0.0332722 0.025359
 0.00518167 0.00848844 0.0129124 0.0184661 0.0250136 0.0321657 0.0392587 0.0455262 0.0503841 0.0536168 0.0553467 0.0558727 0.0555303 0.054631 0.0534491 0.0522152 0.0510983 0.0501662 0.0493206 0.0482362 0.0463717 0.0431251 0.0381235 0.0315063 0.0239936
 0.00541911 0.00887469 0.0134944 0.0192884 0.0261109 0.0335503 0.0409074 0.0473739 0.0523309 0.0555449 0.0571371 0.0574164 0.0567337 0.0554176 0.0537592 0.0520049 0.0503413 0.0488613 0.0475054 0.0460015 0.0438684 0.0405539 0.0357034 0.0294277 0.0223734
 0.00564673 0.00925052 0.0140707 0.0201174 0.0272342 0.034983 0.0426215 0.0492939 0.0543463 0.0575323 0.0589798 0.0590134 0.0579998 0.0562805 0.0541573 0.0518868 0.0496683 0.0476156 0.0457052 0.043721 0.0412523 0.037813 0.0330821 0.0271481 0.0205802
 0.00589887 0.00966059 0.0146885 0.02099 0.0283982 0.0364514 0.0443691 0.0512504 0.0564039 0.0595648 0.0608625 0.0606368 0.0592757 0.0571416 0.0545519 0.0517726 0.0490098 0.0463894 0.0439168 0.0414287 0.0385883 0.0349858 0.0303461 0.0247447 0.0186736
 0.00611555 0.0100208 0.0152451 0.0217972 0.0295002 0.0378648 0.0460667 0.0531562 0.0584058 0.0615378 0.0626892 0.062217 0.0605275 0.0579996 0.0549643 0.051698 0.0484144 0.0452499 0.0422329 0.0392466 0.036025 0.0322364 0.0276584 0.022362 0.0167687
 0.00638419 0.0104527 0.0158865 0.0226888 0.0306708 0.0393211 0.04778 0.0550563 0.0603875 0.0634778 0.0644655 0.0637238 0.0616828 0.0587458 0.0552635 0.051524 0.0477468 0.0440741 0.0405515 0.0371009 0.0335203 0.0295525 0.0250293 0.0200229 0.0148907
 0.00660171 0.0108174 0.0164554 0.0235201 0.0318101 0.0407802 0.0495183 0.0569781 0.0623611 0.0653664 0.0661516 0.0651183 0.0627223 0.0593862 0.0554751 0.0512877 0.04705 0.0429108 0.0389301 0.035062 0.0311594 0.0270316 0.0225613 0.017824 0.013121
 0.00683346 0.0111952 0.0170264 0.0243298 0.0328951 0.0421549 0.0511599 0.0588171 0.0642865 0.0672427 0.0678419 0.0665051 0.0637213 0.0599503 0.0555877 0.050951 0.0462737 0.0417074 0.0373205 0.0330917 0.0289184 0.0246663 0.0202614 0.0157823 0.01148
 0.00703903 0.0115333 0.0175421 0.0250671 0.0338875 0.0434115 0.0526514 0.0604724 0.066004 0.0689096 0.069351 0.0677631 0.0646518 0.0604964 0.0557156 0.0506498 0.045551 0.0405838 0.0358284 0.0312842 0.0268838 0.0225368 0.0182034 0.0139624 0.0100205
 0.0072677 0.0119055 0.0181028 0.0258576 0.0349362 0.0447205 0.0541822 0.0621423 0.0676978 0.0705031 0.0707334 0.0688497 0.0653871 0.0608499 0.0556762 0.05022 0.0447441 0.0394231 0.0343504 0.0295453 0.0249704 0.02057 0.0163287 0.0123217 0.00871412
 0.00742583 0.0121702 0.0185154 0.0264608 0.0357653 0.0457883 0.055465 0.0635749 0.0691828 0.0719306 0.0719992 0.0698682 0.0660963 0.0612132 0.0556794 0.0498668 0.0440503 0.0384139 0.0330622 0.0280324 0.0233125 0.018875 0.0147225 0.0109233 0.00760573
 0.00750333 0.012297 0.0187086 0.0267395 0.0361501 0.0462986 0.0561141 0.064363 0.070091 0.0729172 0.0730013 0.0708088 0.0668952 0.0617992 0.0559993 0.0498886 0.0437636 0.0378271 0.0322023 0.0269468 0.0220728 0.0175765 0.0134745 0.00982788 0.00673352
 0.00755798 0.0123806 0.0188249 0.0268897 0.0363346 0.0465197 0.056378 0.0646799 0.0704734 0.0733753 0.0735361 0.0714039 0.0675124 0.0623802 0.0564747 0.0501914 0.0438415 0.0376512 0.0317708 0.0262873 0.0212418 0.0166558 0.0125592 0.00900786 0.00607218
 0.00764994 0.0125205 0.0190174 0.0271319 0.0366165 0.0468253 0.0566875 0.064973 0.0707355 0.0736036 0.0737419 0.0716073 0.0677312 0.0626171 0.0567098 0.0503835 0.0439373 0.0376004 0.0315406 0.0258738 0.0206743 0.0159933 0.0118789 0.0083856 0.00556379
 0.00771203 0.0126194 0.019162 0.027328 0.0368638 0.047115 0.0569994 0.0652779 0.071002 0.0738084 0.0738772 0.0716832 0.0677704 0.0626454 0.0567444 0.0504235 0.0439611 0.0375706 0.0314178 0.0256324 0.0203153 0.0155479 0.0114008 0.00793465 0.0051874
 0.00776058 0.0126928 0.0192624 0.0274541 0.0370123 0.0472815 0.0571793 0.065465 0.0711866 0.0739775 0.0740167 0.0717822 0.067826 0.0626643 0.0567402 0.0504092 0.0439401 0.0375323 0.0313396 0.0254903 0.0200976 0.0152643 0.0110823 0.00762285 0.00491973
 0.00782742 0.0127959 0.0194068 0.02764 0.0372338 0.0475268 0.0574305 0.0657001 0.0713847 0.0741237 0.0741052 0.0718149 0.0678088 0.0626051 0.0566488 0.0502968 0.0438167 0.0374023 0.0311991 0.0253288 0.0199054 0.0150417 0.0108435 0.00739202 0.0047212
 0.0078573 0.0128449 0.0194813 0.0277453 0.0373732 0.0476982 0.0576247 0.0659007 0.0715715 0.0742777 0.0742135 0.0718722 0.0678173 0.0625716 0.0565818 0.0502052 0.0437084 0.0372832 0.0310712 0.0251903 0.0197533 0.0148763 0.010672 0.0072283 0.00458027
 0.00786259 0.0128494 0.0194808 0.0277346 0.0373486 0.0476614 0.0575847 0.0658728 0.0715712 0.0743144 0.0742862 0.0719707 0.0679259 0.0626747 0.0566676 0.0502668 0.0437435 0.0372921 0.0310552 0.0251504 0.0196906 0.0147941 0.0105773 0.00713157 0.00449309
 0.00787006 0.012857 0.0194837 0.0277254 0.0373185 0.0476039 0.0574988 0.0657653 0.0714571 0.0742144 0.0742217 0.0719576 0.067969 0.0627659 0.0567894 0.0503981 0.0438655 0.0373915 0.0311249 0.025188 0.0196973 0.0147739 0.0105375 0.00708195 0.00444354
 0.0079147 0.0129223 0.0195681 0.0278218 0.0374154 0.0476871 0.0575541 0.0657807 0.0714258 0.0741382 0.0741127 0.0718362 0.0678588 0.0626869 0.0567513 0.0503991 0.0438939 0.0374316 0.0311618 0.0252111 0.0197019 0.0147603 0.0105101 0.00704735 0.0044089
 0.00790024 0.012904 0.0195498 0.0278097 0.0374154 0.0477011 0.0575773 0.0658025 0.0714338 0.0741233 0.0740729 0.0717776 0.067794 0.0626311 0.0567186 0.0503976 0.0439238 0.0374846 0.0312247 0.0252701 0.0197466 0.014786 0.0105176 0.00704163 0.00439634
 0.00789071 0.0128838 0.0195112 0.0277443 0.0373177 0.0475739 0.0574346 0.0656669 0.0713285 0.0740626 0.0740576 0.0717975 0.0678353 0.0626836 0.0567786 0.0504666 0.0440044 0.0375765 0.0313224 0.0253646 0.019828 0.0148475 0.0105573 0.00706234 0.0044036
 0.00788513 0.0128725 0.0194899 0.0277069 0.0372573 0.0474844 0.0573138 0.0655194 0.0711675 0.073909 0.0739353 0.0717258 0.0678222 0.0627246 0.0568603 0.0505737 0.0441245 0.0377012 0.0314458 0.0254805 0.0199297 0.0149294 0.0106166 0.00710013 0.00442436
 0.00789493 0.0128837 0.019498 0.0277045 0.0372357 0.0474366 0.0572364 0.065414 0.0710404 0.0737702 0.0737983 0.0716071 0.0677384 0.0626881 0.0568755 0.0506357 0.0442212 0.0378181 0.0315693 0.0255997 0.0200362 0.0150174 0.0106831 0.0071456 0.00445204
 0.00785697 0.0128278 0.0194245 0.027617 0.0371392 0.0473352 0.0571321 0.065307 0.0709315 0.0736634 0.0737009 0.0715289 0.0676897 0.0626777 0.0569088 0.0507128 0.0443363 0.0379599 0.0317234 0.0257515 0.0201736 0.015132 0.0107711 0.00720743 0.00449144
 0.00781656 0.0127582 0.0193132 0.0274518 0.0369134 0.0470541 0.0568173 0.0649946 0.0706615 0.0734671 0.0735931 0.0715076 0.0677434 0.0627919 0.0570705 0.0509111 0.044561 0.0381996 0.0319648 0.0259805 0.0203772 0.0153008 0.0109008 0.0072992 0.00455081
 0.00781699 0.0127522 0.0192915 0.0274009 0.0368181 0.0469021 0.056605 0.0647311 0.0703695 0.0731801 0.0733484 0.0713371 0.0676657 0.0628089 0.0571704 0.0510746 0.0447676 0.0384305 0.0322031 0.0262108 0.0205857 0.0154769 0.0110386 0.00739841 0.00461611
 0.00777962 0.0126979 0.0192213 0.0273189 0.0367282 0.046805 0.0564958 0.064601 0.0702119 0.0729965 0.0731523 0.0711532 0.0675234 0.0627338 0.0571764 0.0511613 0.0449217 0.0386311 0.0324273 0.026437 0.020796 0.0156579 0.0111825 0.0075036 0.00468635
 0.00774006 0.0126288 0.0191092 0.0271503 0.0364955 0.0465131 0.0561672 0.0642726 0.069923 0.0727758 0.0730102 0.0710855 0.0675203 0.0627889 0.0572887 0.051331 0.0451447 0.0388956 0.0327143 0.0267241 0.0210618 0.0158858 0.0113633 0.00763558 0.00477456
 0.00770813 0.0125745 0.0190229 0.027021 0.0363126 0.0462703 0.0558669 0.0639299 0.0695668 0.0724445 0.0727437 0.0709145 0.0674591 0.0628339 0.0574241 0.0515373 0.0454034 0.03919 0.0330272 0.0270359 0.0213524 0.0161376 0.0115649 0.00778404 0.00487448
 0.00768952 0.0125447 0.0189788 0.0269591 0.0362291 0.0461606 0.0557266 0.0637563 0.0693611 0.0722151 0.0725077 0.0706972 0.0672894 0.0627366 0.0574133 0.0516131 0.0455544 0.0393978 0.0332705 0.0272931 0.0216021 0.0163613 0.0117494 0.00792314 0.00496999
 0.00766117 0.0125013 0.0189183 0.0268814 0.0361359 0.0460548 0.0556118 0.063636 0.069238 0.07209 0.0723813 0.0705722 0.0671738 0.0626446 0.0573626 0.0516193 0.0456251 0.0395298 0.0334506 0.0275013 0.0218163 0.0165608 0.0119185 0.00805365 0.00506133
 0.00766712 0.012508 0.0189231 0.02688 0.0361236 0.0460286 0.0555713 0.0635836 0.0691772 0.072023 0.0723082 0.0704917 0.0670856 0.0625525 0.0572762 0.051553 0.0455944 0.0395459 0.0335157 0.0276076 0.0219479 0.0166984 0.0120446 0.00815647 0.00513626
 0.00764004 0.0124721 0.0188838 0.0268468 0.0361064 0.0460325 0.0555935 0.0636137 0.0692016 0.0720311 0.0722954 0.0704587 0.0670362 0.0624913 0.057209 0.0514877 0.045542 0.039518 0.0335214 0.027649 0.0220188 0.0167861 0.0121339 0.00823466 0.00519627
 0.00759291 0.0123948 0.018767 0.0266837 0.035897 0.0457883 0.0553399 0.0633864 0.0690354 0.0719478 0.0722962 0.070528 0.0671498 0.0626262 0.057348 0.0516214 0.0456675 0.0396376 0.0336398 0.0277701 0.0221424 0.0169068 0.0122436 0.00832549 0.00526408
 0.00757335 0.0123617 0.0187145 0.0266052 0.035786 0.0456408 0.0551576 0.0631794 0.0688237 0.0717585 0.0721576 0.0704607 0.06716 0.0627047 0.0574745 0.0517728 0.0458251 0.0397902 0.0337832 0.0279042 0.0222676 0.0170217 0.0123442 0.00840755 0.0053253
 0.00755536 0.0123325 0.0186705 0.026543 0.0357025 0.0455342 0.055028 0.06303 0.0686614 0.0715938 0.0720054 0.0703393 0.0670877 0.0626942 0.0575286 0.0518823 0.0459722 0.0399552 0.0339495 0.028061 0.0224091 0.0171448 0.0124468 0.00848829 0.00538415
 0.00756188 0.0123421 0.0186831 0.0265574 0.0357162 0.0455432 0.0550271 0.0630128 0.0686218 0.0715281 0.071914 0.0702287 0.0669708 0.0625882 0.0574512 0.0518466 0.0459825 0.0400058 0.0340282 0.0281538 0.0225038 0.0172327 0.0125224 0.00854875 0.00542878
 0.00752754 0.0122901 0.0186122 0.0264691 0.0356147 0.0454348 0.0549193 0.0629137 0.0685385 0.071465 0.0718718 0.0702046 0.066961 0.062591 0.0574684 0.0518829 0.046043 0.0400921 0.0341364 0.0282746 0.0226255 0.0173444 0.0126166 0.00862179 0.00548081
 0.00752241 0.012282 0.0186004 0.0264533 0.035595 0.0454118 0.0548945 0.0628888 0.068515 0.0714432 0.0718506 0.0701821 0.0669356 0.0625625 0.057439 0.0518578 0.0460289 0.0400957 0.0341614 0.0283196 0.0226845 0.0174084 0.0126769 0.00867217 0.00551848
 0.00751125 0.0122638 0.0185728 0.0264144 0.0355439 0.0453497 0.0548252 0.0628189 0.0684522 0.0713946 0.0718206 0.0701713 0.0669412 0.0625798 0.057463 0.0518852 0.0460592 0.0401311 0.0342045 0.0283719 0.022744 0.0174704 0.012735 0.00872095 0.00555521
 0.00752223 0.0122812 0.0185983 0.0264484 0.0355857 0.0453959 0.0548699 0.0628544 0.0684712 0.0713925 0.0717976 0.0701317 0.0668916 0.0625266 0.0574113 0.0518381 0.046019 0.0400997 0.0341844 0.0283649 0.0227502 0.0174872 0.0127578 0.00874458 0.00557557
 0.0075092 0.012264 0.0185795 0.0264332 0.0355799 0.0454041 0.0548933 0.06289 0.0685125 0.0714315 0.0718264 0.0701451 0.0668882 0.0625084 0.0573831 0.0518055 0.0459871 0.0400725 0.0341646 0.0283544 0.0227496 0.0174953 0.0127717 0.00876059 0.00559032
 0.00747389 0.0122092 0.0185023 0.0263336 0.0354618 0.0452765 0.0547701 0.0627884 0.0684484 0.0714143 0.0718555 0.0702107 0.0669753 0.0626023 0.0574725 0.0518845 0.0460542 0.0401293 0.0342137 0.0283982 0.0227896 0.017532 0.0128044 0.00878798 0.00561145
 0.00747389 0.0122092 0.0185023 0.0263336 0.0354618 0.0452765 0.0547701 0.0627884 0.0684484 0.0714143 0.0718555 0.0702107 0.0669753 0.0626023 0.0574725 0.0518845 0.0460542 0.0401293 0.0342137 0.0283982 0.0227896 0.017532 0.0128044 0.00878798 0.00561145
 0.00730104 0.0119284 0.0180818 0.0257482 0.0347033 0.0443674 0.0537745 0.0618098 0.0676089 0.0708231 0.0715815 0.07027 0.067335 0.0631947 0.0582141 0.0526928 0.0468606 0.0408842 0.0348864 0.0289728 0.0232608 0.0179016 0.0130798 0.00898135 0.00573801
 0.00723922 0.0118097 0.0178696 0.0253972 0.0341707 0.0436309 0.0528502 0.0607601 0.0665359 0.0698492 0.0708263 0.0698275 0.0672554 0.0634753 0.0588026 0.0535021 0.0477896 0.0418379 0.0357891 0.0297729 0.02393 0.0184307 0.0134742 0.0092568 0.00591687
#pred catch len freq
 0.00365811 0.00591617 0.00888141 0.0125813 0.0170356 0.0222058 0.0279278 0.0339032 0.0397609 0.0451356 0.0497229 0.0533176 0.0558414 0.057346 0.0579846 0.0579733 0.0575583 0.0569734 0.0563532 0.0555961 0.0542556 0.0515999 0.0469296 0.0400379 0.0315044
 0.00403094 0.0064653 0.00960567 0.0134524 0.0180191 0.0232874 0.0291235 0.0352388 0.0412305 0.0466676 0.0511811 0.0545428 0.0567117 0.0578194 0.0581002 0.0578114 0.0571822 0.0563817 0.055469 0.0543054 0.0524838 0.0493902 0.0444717 0.0376199 0.0294085
 0.0042531 0.00685296 0.0102347 0.0144012 0.0193412 0.0249756 0.0310872 0.0373192 0.0432535 0.0485009 0.0527544 0.0558222 0.0576599 0.0583821 0.058229 0.0574946 0.0564502 0.0552781 0.0540127 0.0524821 0.0502839 0.0468726 0.041804 0.0350547 0.0271998
 0.0044905 0.00722688 0.0107802 0.015156 0.0203543 0.0263095 0.0328016 0.039432 0.0456955 0.0510945 0.0552433 0.0579439 0.0592213 0.0592929 0.058484 0.0571334 0.055526 0.0538447 0.0521198 0.0501772 0.0476308 0.0439847 0.0388681 0.0323115 0.0248776
 0.00474635 0.00763981 0.0113964 0.0160179 0.0214954 0.0277472 0.0345303 0.0414226 0.0478998 0.053444 0.0576341 0.06022 0.0611787 0.0607191 0.0592138 0.0570879 0.0547132 0.052331 0.0499984 0.0475546 0.0446362 0.0407907 0.0356986 0.0294153 0.0224687
 0.00497406 0.00800542 0.0119398 0.0167777 0.0225072 0.0290381 0.0361082 0.0432644 0.0499459 0.0556036 0.0597971 0.0622681 0.0629891 0.0621606 0.060148 0.0573851 0.0542817 0.0511419 0.0480936 0.0450413 0.0416798 0.0376101 0.0325524 0.0265651 0.0201216
 0.00527878 0.00848057 0.0126185 0.0176812 0.0236466 0.0304158 0.0377139 0.0450681 0.0518919 0.0576107 0.0617644 0.0640851 0.0645474 0.0633611 0.0609003 0.0576032 0.0538852 0.0500712 0.0463364 0.0426577 0.0388162 0.0344935 0.0294609 0.0237736 0.0178378
 0.00558077 0.0089598 0.0133182 0.0186345 0.0248721 0.0319099 0.0394426 0.0469624 0.0538564 0.0595391 0.0635552 0.0656501 0.0658125 0.0642648 0.0613889 0.0576254 0.0533888 0.0490083 0.0446822 0.0404409 0.0361473 0.0315728 0.0265518 0.0211442 0.0156909
 0.00581883 0.0093499 0.0139117 0.0194828 0.0260184 0.0333751 0.0412074 0.0489569 0.0559634 0.061612 0.0654434 0.0672235 0.0669795 0.0649768 0.061631 0.0573982 0.0526907 0.0478299 0.0430171 0.0383133 0.0336441 0.0288611 0.0238622 0.0187184 0.0137143
 0.0060688 0.00975627 0.0145246 0.0203525 0.0271898 0.0348766 0.0430337 0.0510537 0.0582217 0.0638758 0.0675302 0.0689547 0.0682127 0.0656294 0.0616851 0.0568853 0.0516653 0.046346 0.0411219 0.0360613 0.0311252 0.0262216 0.0212988 0.0164371 0.0118718
 0.00628878 0.010113 0.0150614 0.0211129 0.0282148 0.036196 0.0446533 0.0529412 0.0602986 0.066018 0.0695783 0.070734 0.0695605 0.0664226 0.0618598 0.0564399 0.0506484 0.0448353 0.0392059 0.0338354 0.0287024 0.0237459 0.0189424 0.0143708 0.0102204
 0.00646432 0.010392 0.0154705 0.0216764 0.0289541 0.0371286 0.0457871 0.0542673 0.0617843 0.0676029 0.0711741 0.0722281 0.0708263 0.067336 0.0623184 0.0563804 0.0500562 0.0437435 0.0376865 0.0319899 0.0266568 0.0216482 0.0169522 0.0126351 0.00884093
 0.00668229 0.0107309 0.0159524 0.022313 0.0297478 0.0380725 0.0468633 0.0554437 0.0630146 0.0688311 0.072339 0.0732674 0.0716775 0.0679368 0.0626083 0.0563067 0.0495839 0.042867 0.036438 0.0304421 0.0249196 0.019859 0.0152577 0.0111651 0.00768004
 0.00689427 0.0110445 0.016368 0.0228135 0.0303081 0.0386727 0.0474963 0.0561132 0.0637246 0.0695743 0.0730913 0.0739896 0.0723211 0.06845 0.0629394 0.0564062 0.0494084 0.0423877 0.0356525 0.0293851 0.0236675 0.0185227 0.0139639 0.0100284 0.00677671
 0.00691719 0.0110927 0.0164592 0.0229675 0.0305373 0.0389714 0.0478363 0.056453 0.0640312 0.0698439 0.0733531 0.0742866 0.0726819 0.0688674 0.0633679 0.0567745 0.0496383 0.0424114 0.0354283 0.0289087 0.0229784 0.0177002 0.0131109 0.00924554 0.00613705
 0.00697452 0.0111866 0.0166028 0.0231756 0.0308259 0.0393541 0.0483168 0.0570145 0.0646298 0.0704123 0.0738186 0.0745984 0.0728311 0.0688861 0.0633054 0.0566671 0.0494905 0.0421978 0.0351112 0.0284622 0.0224064 0.0170428 0.0124353 0.00862531 0.00562884
 0.00698948 0.0112121 0.016644 0.0232397 0.0309232 0.0394982 0.0485227 0.0572954 0.0649899 0.0708387 0.0742763 0.0750333 0.0731838 0.0691121 0.0633902 0.0566259 0.0493528 0.0419871 0.0348343 0.0281143 0.0219872 0.0165706 0.0119492 0.00817443 0.00525498
 0.00692384 0.011114 0.0165125 0.0230805 0.0307478 0.0393228 0.0483682 0.0571872 0.0649566 0.0709071 0.074463 0.0753353 0.0735729 0.0695379 0.0637928 0.0569538 0.0495752 0.0420954 0.0348339 0.0280156 0.0218037 0.0163226 0.0116674 0.0078961 0.0050137
 0.00686736 0.0110264 0.0163888 0.0229197 0.0305539 0.0391057 0.0481449 0.0569812 0.0647952 0.0708167 0.0744648 0.0754416 0.0737838 0.0698376 0.0641489 0.0573214 0.0499067 0.042352 0.034993 0.0280722 0.0217669 0.0162126 0.0115123 0.00772727 0.00485911
 0.00685425 0.0109996 0.0163385 0.0228333 0.0304193 0.0389171 0.047907 0.0567121 0.0645242 0.0705791 0.0742953 0.075368 0.073822 0.0699885 0.0643973 0.0576369 0.0502482 0.0426749 0.0352586 0.0282553 0.0218598 0.0162246 0.0114649 0.00764782 0.00477339
 0.00685266 0.0109934 0.0163219 0.0227977 0.0303539 0.0388109 0.0477523 0.0565081 0.0642804 0.0703172 0.0740475 0.0751711 0.0737093 0.0699815 0.0645009 0.057838 0.0505182 0.042975 0.0355471 0.0284966 0.0220316 0.0163216 0.0114974 0.00763612 0.00473988
 0.0067843 0.010888 0.0161739 0.0226056 0.0301199 0.0385405 0.0474547 0.0561971 0.0639744 0.0700382 0.073819 0.0750164 0.0736485 0.0700286 0.0646593 0.0580986 0.0508581 0.04336 0.0359367 0.0288513 0.0223212 0.016531 0.0116281 0.00770294 0.00476377
 0.00672176 0.0107864 0.0160214 0.0223916 0.0298378 0.0381915 0.0470522 0.0557675 0.0635542 0.0696667 0.0735314 0.0748386 0.0735953 0.070103 0.0648547 0.0583995 0.0512408 0.0437935 0.036384 0.0292742 0.0226864 0.0168172 0.0118297 0.00782868 0.00483185
 0.00669027 0.0107338 0.0159392 0.0222702 0.0296676 0.037965 0.0467677 0.0554324 0.0631873 0.0692976 0.0731968 0.074576 0.0734351 0.0700634 0.0649393 0.0585988 0.0515349 0.0441546 0.0367788 0.0296667 0.023043 0.0171123 0.0120508 0.0079775 0.00492097
 0.00670594 0.0107491 0.0159431 0.0222451 0.0295929 0.0378229 0.0465489 0.0551404 0.0628382 0.0689188 0.0728236 0.0742475 0.0731882 0.0699266 0.0649277 0.058712 0.0517585 0.0444626 0.0371379 0.0300401 0.0233954 0.0174153 0.0122876 0.00814476 0.00502713
 0.00674405 0.0108122 0.0160391 0.0223792 0.0297624 0.0380119 0.0467253 0.0552602 0.0628582 0.0688125 0.0725919 0.0739192 0.0728114 0.0695565 0.0646147 0.0584932 0.0516526 0.044469 0.0372389 0.0302063 0.023592 0.0176095 0.0124548 0.00827198 0.00511301
 0.00679742 0.0108889 0.0161366 0.0224907 0.0298812 0.0381364 0.0468598 0.0554086 0.0630133 0.0689486 0.0726685 0.0738968 0.0726709 0.0693102 0.0643039 0.0581737 0.0513774 0.0442747 0.0371398 0.0301949 0.0236457 0.0176986 0.0125514 0.00835628 0.00517559
 0.00676696 0.0108414 0.0160688 0.0224002 0.0297664 0.0379969 0.0466994 0.0552388 0.0628554 0.068831 0.0726164 0.0739187 0.0727519 0.0694172 0.0644021 0.0582438 0.0514226 0.0443145 0.0371964 0.030281 0.0237593 0.0178258 0.0126741 0.00845936 0.00525168
 0.00668443 0.0107194 0.0159076 0.0222076 0.029555 0.0377799 0.046487 0.0550388 0.0626758 0.0686827 0.0725147 0.0738808 0.0727901 0.0695314 0.0645757 0.0584485 0.0516299 0.0445067 0.0373699 0.0304411 0.023911 0.0179686 0.0128013 0.00856353 0.0053285
 0.00672799 0.0107738 0.0159596 0.0222356 0.029536 0.0376996 0.0463479 0.0548593 0.0624825 0.0684996 0.0723577 0.0737585 0.0727085 0.0694965 0.0645913 0.0585123 0.051731 0.044629 0.0374982 0.0305659 0.0240281 0.0180759 0.0128959 0.00864161 0.00538741
 0.00670516 0.0107488 0.0159433 0.0222429 0.0295783 0.0377756 0.0464378 0.0549302 0.0625023 0.068453 0.072252 0.0736187 0.0725642 0.0693716 0.0645008 0.0584628 0.0517227 0.0446566 0.0375523 0.0306356 0.0241038 0.01815 0.0129631 0.00869793 0.00543065
 0.00656401 0.0105302 0.0156359 0.0218468 0.029109 0.037266 0.0459382 0.0544999 0.0621935 0.0682935 0.0722394 0.0737278 0.0727631 0.0696338 0.0648078 0.0588004 0.0520767 0.0450116 0.0378926 0.0309466 0.0243741 0.0183727 0.0131362 0.00882412 0.00551624
 0.00656878 0.0105191 0.0155841 0.0217192 0.0288687 0.0368889 0.0454281 0.0538956 0.0615654 0.0677284 0.0718186 0.0735059 0.072755 0.0698157 0.0651316 0.0592119 0.0525292 0.0454696 0.03833 0.031344 0.0247175 0.0186535 0.0133522 0.00897935 0.00561965
 0.00660693 0.0105827 0.0156807 0.0218517 0.0290281 0.037047 0.0455354 0.053892 0.0614024 0.0673953 0.071355 0.0729932 0.0722891 0.0694756 0.064958 0.0592038 0.0526547 0.0456836 0.0385882 0.0316105 0.0249662 0.0188675 0.0135227 0.00910491 0.00570475
 0.00655522 0.010512 0.0155996 0.0217779 0.0289847 0.0370551 0.0456048 0.054013 0.061542 0.0675013 0.0713725 0.0728879 0.0720671 0.0691861 0.0646749 0.0589962 0.0525631 0.0457113 0.0387103 0.0317883 0.0251617 0.0190512 0.0136767 0.00922164 0.00578519
 0.00657185 0.0105282 0.0156049 0.0217581 0.0289287 0.0369643 0.0454985 0.0539249 0.0615062 0.0675344 0.0714615 0.0729922 0.0721353 0.0691799 0.0645884 0.0588588 0.0524248 0.0456195 0.0386904 0.0318387 0.0252607 0.0191703 0.0137908 0.0093154 0.00585307
 0.00657581 0.0105399 0.0156311 0.0218055 0.0289992 0.037049 0.0455766 0.0539707 0.0615028 0.0674853 0.0713905 0.0729291 0.0720967 0.0691592 0.0645626 0.0588072 0.0523447 0.0455292 0.0386178 0.0318057 0.0252726 0.0192166 0.0138532 0.0093766 0.00590237
