SBPRF35
9.4837
Curr Bio
596928
B35
741433
F35
0.195399
FOFL
0.15901
OFL
77907.8
Bzero
2.70963e+006
#pred survey bio
 4.35355e+006 4.13438e+006 3.92911e+006 3.67047e+006 3.38596e+006 3.1037e+006 2.81662e+006 2.52237e+006 2.24599e+006 1.99049e+006 1.73402e+006 1.51578e+006 1.32902e+006 1.15646e+006 1.02486e+006 904401 806049 740275 695626 664092 637097 615017 594989 578055 571571 559495 553509 556355 547343 546142 547854 557210 566209 560997 547087 540219 522697 516962 517368 515184 534577 546543 553102 552535 558299 547612 557615 561275 567522 573779 574728 557184 562586 566189 608626 614893 617542 603352 2.15784e+007 1.32512e+007 1.37814e+007 1.46889e+007 1.57862e+007 1.68915e+007 1.78911e+007 1.87342e+007 1.94123e+007 1.99401e+007 2.0342e+007 2.06434e+007 2.08675e+007 2.10332e+007 2.11557e+007 2.12463e+007 2.13135e+007 2.13635e+007 2.1401e+007 2.14292e+007 2.14505e+007 2.14668e+007 2.14792e+007 2.14887e+007 2.14961e+007 2.15018e+007 2.15062e+007 2.15096e+007 2.15123e+007 2.15144e+007 2.1516e+007 2.15173e+007 2.15184e+007 2.15192e+007 2.15198e+007 2.15203e+007 2.15207e+007 2.1521e+007 2.15212e+007 2.15214e+007 2.15216e+007 2.15217e+007 2.15218e+007 2.15219e+007 2.1522e+007 2.1522e+007 2.1522e+007 2.15221e+007 2.15221e+007 2.15221e+007 2.15221e+007 2.15221e+007 2.15222e+007 2.15222e+007 2.15222e+007 2.15222e+007 2.15222e+007 2.15222e+007 2.15222e+007 2.15222e+007 2.15222e+007 2.15222e+007 2.15222e+007 2.15222e+007 2.15222e+007 2.15222e+007 2.15222e+007 2.15222e+007 2.15222e+007 2.15222e+007 2.15222e+007 2.15222e+007 2.15222e+007 2.15222e+007 2.15222e+007 2.15222e+007 2.15222e+007 2.15222e+007 2.15222e+007 2.15222e+007 2.15222e+007 2.15222e+007 2.15222e+007 2.15222e+007 2.15222e+007 2.15222e+007 2.15222e+007 2.15222e+007 2.15222e+007 2.15222e+007 2.15222e+007 2.15222e+007 2.15222e+007 2.15222e+007 2.15222e+007 2.15222e+007 2.15222e+007 2.15222e+007 2.15222e+007 2.15222e+007 0 0 0 0 0 0 0 0 0 0 0 0 0 0 0 0 0 0 0 0 0 0 0 0 0
#obs survey bio
 4.14383e+006 2.93757e+006 3.37634e+006 3.80377e+006 3.06942e+006 4.27541e+006 2.91077e+006 1.58548e+006 2.34192e+006 2.12314e+006 1.42593e+006 1.26234e+006 1.00967e+006 968094 715276 1.0585e+006 739722 802681 437885 660344 749054 550449 463533 647667 469578 608142 619869 396604 380211 463248 468318 475930 608928 482749 723611 565573 754804 388917 549626 426819 373196 716778 737719 551744 456817 534584 462973 543755 727446 667056 632901 586562 460209 555310 626181 720155 745325 558773
#pred catch bio
 102690 98205.7 161495 204947 226166 255218 286914 294965 297082 314666 293703 276108 270504 238259 229453 208681 178777 159839 147539 141041 133171 127479 121226 109709 111544 103342 94406.2 103870 97095 94820.7 88477.3 88459 98247.5 100889 89914 96458.2 88145.3 86782.2 91602.4 75861.6 84417 89623.6 94818 88549.9 101641 84248.4 90721.9 89276.9 89760.6 94358.6 109362 90338.8 93615.5 63885.1 96402.9 99762.8 114435 91902.3 77907.8 96072 98794.1 104277 111612 119120 125839 131386 135720 138974 141345 143034 144215 145031 145588 145965 146218 146388 146500 146575 146624 146657 146678 146692 146701 146707 146711 146714 146716 146717 146717 146718 146718 146718 146718 146719 146719 146719 146719 146719 146719 146719 146719 146719 146719 146719 146719 146719 146719 146719 146719 146719 146719 146719 146719 146719 146719 146719 146719 146719 146719 146719 146719 146719 146719 146719 146719 146719 146719 146719 146719 146719 146719 146719 146719 146719 146719 146719 146719 146719 146719 146719 146719 146719 146719 146719 146719 146719 146719 146719 146719 146719 146719 146719 146719 146719 146719 146719 146719 146719 0 0 0 0 0 0 0 0 0 0 0 0 0 0 0 0 0 0 0 0 0 0 0 0 0
#obs catch bio
 0 97861 161929 205734 227270 256682 288684 297876 300895 318356 296778 279630 276606 243804 234509 213143 181244 162560 151913 144652 135854 129957 123129 111092 113628 104108 94476.5 104689 98253 96049.6 89705.5 89327.5 99689.1 102207 89908.6 96376.7 87515.2 86834.1 91153.9 75634.1 84499.9 89398 94756.1 87743.3 101091 83700.7 90591 89203.9 89393.4 93736.6 108906 89561.4 93599.7 63404.3 96571.4 99349.8 114553 91739.7
#pred cpue bio
 4.296e+006 4.08017e+006 3.87656e+006 3.61856e+006 3.33498e+006 3.05367e+006 2.76772e+006 2.47461e+006 2.19933e+006 1.94538e+006 1.69096e+006 1.47434e+006 1.28892e+006 1.11803e+006 988014 869384 772847 708239 664243 633520 607768 586912 567963 551855 545879 534670 529360 532245 523230 521881 523614 533013 542214 537854 525358 519529 501987 494856 494270 492001 510899 522614 529210 529022 534854 524363 533935 537361 543441 549647 550616 533325 538227 541454 582873 589255 591611 577264 2.0655e+007 1.26961e+007 1.31232e+007 1.39284e+007 1.49948e+007 1.60937e+007 1.70922e+007 1.79351e+007 1.86132e+007 1.91411e+007 1.95429e+007 1.98443e+007 2.00684e+007 2.02342e+007 2.03566e+007 2.04472e+007 2.05144e+007 2.05645e+007 2.06019e+007 2.06301e+007 2.06514e+007 2.06677e+007 2.06801e+007 2.06896e+007 2.0697e+007 2.07027e+007 2.07071e+007 2.07105e+007 2.07132e+007 2.07153e+007 2.0717e+007 2.07183e+007 2.07193e+007 2.07201e+007 2.07207e+007 2.07212e+007 2.07216e+007 2.07219e+007 2.07222e+007 2.07224e+007 2.07225e+007 2.07226e+007 2.07227e+007 2.07228e+007 2.07229e+007 2.07229e+007 2.0723e+007 2.0723e+007 2.0723e+007 2.0723e+007 2.07231e+007 2.07231e+007 2.07231e+007 2.07231e+007 2.07231e+007 2.07231e+007 2.07231e+007 2.07231e+007 2.07231e+007 2.07231e+007 2.07231e+007 2.07231e+007 2.07231e+007 2.07231e+007 2.07231e+007 2.07231e+007 2.07231e+007 2.07231e+007 2.07231e+007 2.07231e+007 2.07231e+007 2.07231e+007 2.07231e+007 2.07231e+007 2.07231e+007 2.07231e+007 2.07231e+007 2.07231e+007 2.07231e+007 2.07231e+007 2.07231e+007 2.07231e+007 2.07231e+007 2.07231e+007 2.07231e+007 2.07231e+007 2.07231e+007 2.07231e+007 2.07231e+007 2.07231e+007 2.07231e+007 2.07231e+007 2.07231e+007 2.07231e+007 2.07231e+007 2.07231e+007 2.07231e+007 2.07231e+007 2.07231e+007 2.07231e+007 0 0 0 0 0 0 0 0 0 0 0 0 0 0 0 0 0 0 0 0 0 0 0 0 0
#obs cpue bio
 2.67684e+006 4.20638e+006 4.81464e+006 2.17841e+006 2.44743e+006 2.23649e+006 3.02664e+006 2.37727e+006 1.4349e+006 2.32078e+006 1.86672e+006 1.29313e+006 839467 839286 1.28844e+006 576591 877549 408774 342358 550916 487877 503571 698132 412748 404477 789942 609676 508277 420174 486396 402790 693625 357285 632658 767778 641181 536986 375136 864774 408333 650469 529781 381295 937766 683138 497286 542567 509666 573140 593980 540950 625893 517632 544190 520394 621545 435245 574975
#pred surv len freq
 0.00454308 0.00743555 0.011302 0.0161597 0.0219105 0.0282528 0.03466 0.0405167 0.0453519 0.0489922 0.0515337 0.0532058 0.0542473 0.0548477 0.055133 0.0551702 0.0549834 0.0545616 0.0538316 0.052593 0.0504683 0.0469681 0.0417233 0.0347919 0.0268166
 0.00485917 0.00784551 0.0117309 0.016484 0.0220047 0.0280562 0.0342208 0.0399772 0.0448774 0.0486875 0.0514011 0.053165 0.0541993 0.0547382 0.0549822 0.05506 0.055011 0.0547835 0.0542237 0.0530491 0.0508423 0.0471405 0.0416547 0.0345334 0.0264726
 0.00502768 0.00815772 0.0122632 0.0173093 0.023149 0.029447 0.0356641 0.0412022 0.045643 0.0488906 0.051111 0.0525618 0.0534653 0.0539836 0.0542426 0.0543443 0.0543443 0.0542099 0.0537734 0.0527039 0.0505338 0.0467867 0.0412111 0.0340189 0.0259554
 0.00522224 0.00846593 0.0127158 0.0179392 0.0239952 0.0305509 0.0370485 0.0428326 0.047391 0.0505324 0.0523827 0.0532551 0.0535083 0.0534528 0.0533052 0.0531776 0.053087 0.0529548 0.0525778 0.0515941 0.0495061 0.0458205 0.0402947 0.0331706 0.0252189
 0.00543843 0.00881677 0.0132422 0.0186781 0.0249721 0.0317707 0.0384884 0.0444421 0.0491 0.0522524 0.0539968 0.0546074 0.0544203 0.0537747 0.0529759 0.0522516 0.0517084 0.0513011 0.0508083 0.0498254 0.0478122 0.0442478 0.0388804 0.0319534 0.0242352
 0.00565097 0.0091615 0.01376 0.0194074 0.0259432 0.0329956 0.039949 0.0460851 0.0508432 0.0539997 0.0556508 0.0560708 0.0555875 0.0545268 0.0531948 0.0518563 0.0506937 0.0497519 0.0488782 0.047694 0.045648 0.0421899 0.0370369 0.0304028 0.0230219
 0.00593418 0.00960869 0.0144088 0.0202853 0.0270644 0.0343566 0.0415212 0.047811 0.0526409 0.0557751 0.0573099 0.0575264 0.0567586 0.0553334 0.0535528 0.0516819 0.0499251 0.0483804 0.0469726 0.0454007 0.0431652 0.0397301 0.0347903 0.02851 0.0215564
 0.00622518 0.0100841 0.0151279 0.0213022 0.0284156 0.0360412 0.0434839 0.049941 0.054793 0.0578042 0.0590977 0.058991 0.0578468 0.0560062 0.0537719 0.0514017 0.049097 0.0469724 0.0450012 0.0429584 0.0404274 0.0369309 0.032175 0.0262792 0.0198246
 0.00642926 0.0104312 0.0156792 0.0221258 0.0295734 0.0375674 0.045362 0.0520917 0.0570825 0.0600676 0.0611686 0.0607266 0.0591444 0.0568062 0.0540472 0.0511397 0.0482852 0.0455993 0.0430769 0.0405475 0.0376743 0.0340568 0.0294379 0.0239103 0.017969
 0.00666898 0.0108122 0.0162378 0.0228942 0.0305791 0.0388303 0.0468859 0.0538533 0.0590236 0.0620927 0.0631511 0.0625228 0.0606136 0.0578316 0.0545493 0.0510764 0.0476416 0.0443785 0.041303 0.0382854 0.0350542 0.0312823 0.0267585 0.0215623 0.0161114
 0.00704301 0.0114023 0.0170917 0.0240424 0.0320286 0.0405558 0.048822 0.0558981 0.0610564 0.0640009 0.0648463 0.0639392 0.0616948 0.0585203 0.0547868 0.0508111 0.0468384 0.0430261 0.0394212 0.035939 0.0323703 0.0284563 0.0240316 0.0191673 0.0142101
 0.00741113 0.0119926 0.017964 0.0252445 0.0335845 0.0424488 0.0509786 0.0581854 0.0633045 0.0660405 0.0665437 0.0652133 0.0625137 0.0588832 0.0547027 0.0502821 0.045856 0.04158 0.0375184 0.0336278 0.0297608 0.0257261 0.0214035 0.0168592 0.012375
 0.00767451 0.0124328 0.0186483 0.0262422 0.0349508 0.0442002 0.0530684 0.0604959 0.0656632 0.0682547 0.0684369 0.0666513 0.0634178 0.0592308 0.0545149 0.0496026 0.0447293 0.0400409 0.0355986 0.0313778 0.0272762 0.0231599 0.0189504 0.0147119 0.0106696
 0.00794783 0.0128755 0.0193124 0.0271767 0.0361947 0.0457698 0.0549406 0.0625964 0.0678683 0.0704056 0.0703623 0.0681921 0.0644508 0.0596854 0.0543779 0.048909 0.0435431 0.0384348 0.0336454 0.0291562 0.0248882 0.0207441 0.0166743 0.012738 0.00911068
 0.00815685 0.0132118 0.0198125 0.027873 0.0371113 0.0469148 0.0562971 0.0641183 0.0694841 0.0720272 0.0718926 0.0695289 0.0654916 0.0603372 0.0545716 0.0486124 0.0427651 0.0372204 0.0320658 0.0273024 0.0228725 0.0187014 0.0147535 0.0110765 0.00780115
 0.00833357 0.0135099 0.0202803 0.0285604 0.0380566 0.0481253 0.0577327 0.0656893 0.07107 0.0735064 0.073167 0.0705322 0.0661833 0.0606914 0.0545687 0.0482378 0.0420157 0.0361135 0.0306453 0.0256424 0.0210757 0.0168934 0.0130679 0.00963092 0.00667018
 0.00865323 0.013989 0.0209272 0.02936 0.0389801 0.0491442 0.0588245 0.0668314 0.0722263 0.074619 0.0741593 0.0713247 0.066712 0.0609196 0.0544858 0.0478497 0.0413356 0.03516 0.0294489 0.0242549 0.0195764 0.0153858 0.011665 0.00843156 0.00573553
 0.00889962 0.0143771 0.0214861 0.030103 0.0398971 0.0501931 0.0599291 0.0678932 0.0731526 0.0753523 0.0746883 0.071669 0.0668946 0.0609467 0.0543454 0.0475231 0.0408093 0.0344325 0.0285349 0.0231889 0.0184164 0.0142115 0.0105665 0.00748943 0.00500029
 0.00887024 0.014365 0.0215336 0.0302708 0.0402478 0.0507651 0.0607128 0.0688246 0.0741281 0.0762583 0.0754312 0.0721957 0.0671954 0.0610434 0.0542699 0.0472994 0.0404462 0.0339298 0.027895 0.0224287 0.0175739 0.0133454 0.00974658 0.00677996 0.00444325
 0.00872877 0.0141517 0.0212461 0.0299253 0.0398831 0.0504445 0.060519 0.0688427 0.0744163 0.0768184 0.0761982 0.073055 0.0680209 0.061735 0.0547723 0.0475983 0.0405518 0.0338596 0.0276668 0.0220637 0.0171042 0.0128176 0.0092173 0.00630397 0.0040595
 0.00868275 0.0140654 0.0210962 0.0296857 0.0395352 0.0499925 0.0600028 0.06834 0.0740285 0.0766434 0.0762999 0.0734412 0.0686379 0.0624817 0.0555307 0.048265 0.0410589 0.0341777 0.0277966 0.0220253 0.0169309 0.0125533 0.00891251 0.00600749 0.0038085
 0.00866758 0.0140367 0.0210445 0.0295975 0.0393938 0.0497805 0.0597085 0.0679665 0.0736026 0.0762207 0.0759589 0.0732643 0.0686841 0.062763 0.056004 0.0488449 0.041644 0.0346798 0.0281587 0.0222271 0.0169835 0.0124896 0.00877699 0.00584554 0.0036567
 0.00872389 0.0141125 0.0211294 0.0296714 0.0394313 0.0497583 0.059612 0.0677915 0.0733551 0.0759164 0.0756258 0.0729454 0.0684347 0.0626384 0.0560402 0.0490418 0.0419611 0.035048 0.0285035 0.0224908 0.0171385 0.0125394 0.00874741 0.00577191 0.00357172
 0.0087518 0.0141585 0.0211988 0.029767 0.0395495 0.0498853 0.059722 0.0678512 0.0733342 0.0757994 0.075419 0.072676 0.0681443 0.0623753 0.0558507 0.0489598 0.0419975 0.0351843 0.0286967 0.0226877 0.0172945 0.0126314 0.00877629 0.00575545 0.00353328
 0.00857022 0.0138924 0.0208528 0.0293656 0.0391314 0.0494934 0.0593943 0.0676145 0.0732007 0.0757655 0.0754671 0.0727813 0.0682846 0.0625382 0.0560361 0.0491758 0.0422524 0.0354776 0.0290126 0.0229972 0.0175646 0.0128372 0.00890986 0.00582563 0.00355908
 0.00856689 0.0138632 0.0207667 0.0291834 0.0388216 0.0490537 0.0588662 0.0670789 0.0727509 0.0754731 0.0753596 0.0728413 0.0684665 0.0627906 0.0563185 0.0494656 0.0425425 0.0357682 0.0293021 0.0232758 0.0178153 0.0130423 0.00905874 0.0059194 0.00360871
 0.00875994 0.0141274 0.0210711 0.0294649 0.0389982 0.0490488 0.0586341 0.066621 0.0721198 0.0747644 0.0746901 0.0723177 0.0681555 0.062704 0.0564206 0.0496965 0.0428426 0.0360929 0.029623 0.0235754 0.0180798 0.0132605 0.0092238 0.00603171 0.00367624
 0.00885833 0.0142861 0.0213047 0.0297785 0.0393774 0.0494487 0.0589758 0.0668053 0.072061 0.0744281 0.0741157 0.0716107 0.0674517 0.0621256 0.0560426 0.049535 0.0428657 0.0362437 0.0298424 0.0238156 0.0183081 0.0134564 0.00937704 0.00614042 0.00374547
 0.00891214 0.0143916 0.0214962 0.0300974 0.0398591 0.0501031 0.0597676 0.0676472 0.0728254 0.0749763 0.0743355 0.0714501 0.0669386 0.0613617 0.055172 0.0486999 0.0421681 0.0357293 0.0295069 0.0236248 0.0182181 0.0134275 0.00937898 0.0061535 0.00375888
 0.00884244 0.0142878 0.0213594 0.0299397 0.0397066 0.0499964 0.059758 0.0677833 0.0731321 0.0754331 0.0748691 0.0719497 0.0672913 0.0614927 0.0550705 0.0484191 0.0418002 0.0353683 0.0292188 0.0234355 0.0181198 0.0133945 0.00938266 0.00617144 0.00377768
 0.00873023 0.0141155 0.0211196 0.0296338 0.0393465 0.0496063 0.0593764 0.067463 0.0729335 0.0754098 0.0750486 0.0723173 0.0677854 0.0620181 0.0555278 0.0487386 0.0419628 0.0354038 0.0291841 0.023386 0.01809 0.0133938 0.00940357 0.00620069 0.00380471
 0.00857697 0.0138712 0.020762 0.0291481 0.0387317 0.0488831 0.0585941 0.066699 0.0722808 0.0749575 0.0748628 0.072428 0.06818 0.0626409 0.0562875 0.0495275 0.042684 0.0359958 0.0296298 0.0237042 0.0183151 0.0135573 0.00952534 0.00629035 0.00386714
 0.00823343 0.0133645 0.0200955 0.0283574 0.0378732 0.0480158 0.0577674 0.0659527 0.0716532 0.0744916 0.0746049 0.072419 0.0684425 0.0631675 0.0570347 0.0504188 0.0436236 0.0368894 0.0304067 0.0243291 0.0187869 0.0138968 0.00976056 0.00644741 0.00396716
 0.00787647 0.0128209 0.019348 0.02742 0.0367937 0.0468733 0.0566666 0.0650085 0.0709639 0.0741111 0.074532 0.0726131 0.0688522 0.0637521 0.0577659 0.0512672 0.0445449 0.0378218 0.0312818 0.0250894 0.0193994 0.0143562 0.010083 0.00665993 0.00409861
 0.00786867 0.0127587 0.0191645 0.0270282 0.0361145 0.0458791 0.055415 0.0636442 0.0696796 0.0730889 0.0738936 0.0723984 0.0690293 0.064245 0.0584862 0.052135 0.0454939 0.0387937 0.0322193 0.0259379 0.0201157 0.0149176 0.0104907 0.00693382 0.00426869
 0.00852205 0.0136699 0.0202535 0.028118 0.0369706 0.0462797 0.0552177 0.0628227 0.0683283 0.0714024 0.0721269 0.0708099 0.06782 0.063517 0.058238 0.0522895 0.0459391 0.0394152 0.0329173 0.0266309 0.0207415 0.0154357 0.0108841 0.00720738 0.00444258
 0.00932097 0.0149249 0.0220504 0.0304796 0.0398206 0.0494046 0.0582523 0.0652974 0.0697926 0.0715768 0.0710026 0.0686414 0.0650255 0.0605454 0.0554593 0.0499382 0.0441102 0.0380964 0.0320331 0.026082 0.0204299 0.0152777 0.0108155 0.00718422 0.00443859
 0.00923903 0.0149116 0.0222512 0.0311007 0.0410714 0.0514043 0.0609435 0.0684137 0.0729018 0.0741821 0.0726661 0.0690958 0.0642413 0.0587308 0.0529879 0.047234 0.0415372 0.0358927 0.0303006 0.0248159 0.0195627 0.0147184 0.0104751 0.00698898 0.00433318
 0.00899941 0.0145424 0.0217421 0.0304787 0.0404224 0.0508896 0.060791 0.0688632 0.0741036 0.076095 0.0750175 0.0714426 0.0661115 0.0597782 0.0530929 0.0465126 0.040269 0.0344088 0.0288817 0.0236362 0.0186855 0.0141259 0.0101082 0.00677946 0.00422256
 0.00904188 0.014577 0.0217311 0.0303676 0.0401581 0.0504506 0.0602182 0.0682753 0.0736845 0.0760477 0.0754909 0.0724557 0.0675114 0.0612685 0.0543312 0.0472355 0.0403818 0.0339964 0.0281468 0.022806 0.0179351 0.0135458 0.00971331 0.00653907 0.0040905
 0.00888252 0.0143351 0.0213974 0.0299411 0.0396408 0.0498426 0.0595209 0.0675053 0.0728955 0.0753453 0.0750271 0.0723906 0.0679508 0.0622016 0.0556068 0.0485997 0.0415663 0.0348157 0.0285519 0.0228721 0.0178008 0.0133449 0.00953296 0.00641369 0.00401855
 0.00871218 0.0140827 0.0210633 0.0295422 0.0392055 0.0494023 0.0591012 0.0671207 0.0725486 0.0750333 0.0747568 0.0721963 0.0679006 0.0623771 0.0560584 0.0493019 0.0424067 0.0356314 0.0291964 0.0232718 0.0179694 0.0133547 0.00946853 0.00633753 0.00396065
 0.00853877 0.0138182 0.0206988 0.0290835 0.0386745 0.0488361 0.0585496 0.0666398 0.0721866 0.0748156 0.0746786 0.0722317 0.0680236 0.0625822 0.0563642 0.0497327 0.0429606 0.0362596 0.029812 0.0237849 0.0183262 0.0135538 0.00954899 0.00635086 0.0039483
 0.00860674 0.0138946 0.0207513 0.0290628 0.0385296 0.048538 0.0581102 0.0661133 0.0716529 0.0743532 0.0743424 0.0720432 0.0679751 0.0626501 0.0565258 0.0499757 0.0432804 0.0366448 0.0302313 0.0241882 0.0186625 0.0137924 0.00968953 0.00641651 0.00396964
 0.0086381 0.0139428 0.0208168 0.0291388 0.0385975 0.0485639 0.0580482 0.0659195 0.0713078 0.073881 0.0738127 0.0715497 0.0676025 0.0624474 0.0564997 0.0501025 0.0435235 0.0369667 0.0305954 0.0245559 0.018995 0.014059 0.00987676 0.00653026 0.00402857
 0.00881192 0.0142138 0.0212021 0.0296442 0.039213 0.0492587 0.0587648 0.0665734 0.0717985 0.074116 0.0737354 0.0711614 0.0669665 0.0616721 0.0557063 0.0493917 0.0429566 0.0365638 0.030345 0.0244277 0.01895 0.0140591 0.00989187 0.00654294 0.00403335
 0.00878132 0.0141673 0.0211389 0.0295675 0.0391315 0.0491876 0.0587244 0.066585 0.071875 0.0742516 0.0739009 0.0713098 0.0670493 0.0616605 0.0556044 0.0492356 0.042798 0.0364487 0.030298 0.0244483 0.0190189 0.0141491 0.00997854 0.00661109 0.00407848
 0.00871877 0.0140838 0.0210467 0.0294885 0.039091 0.0492036 0.0588006 0.06671 0.0720299 0.0744179 0.0740637 0.0714551 0.0671598 0.0617156 0.0555877 0.0491453 0.042653 0.0362838 0.0301511 0.0243461 0.0189691 0.0141424 0.00999712 0.00663757 0.0041016
 0.00865097 0.0139733 0.0208811 0.0292602 0.0388029 0.0488763 0.0584753 0.0664421 0.0718717 0.0743996 0.074183 0.0716818 0.0674489 0.0620205 0.0558687 0.0493736 0.0428147 0.0363818 0.0302029 0.0243753 0.0189956 0.0141756 0.010036 0.00667555 0.00413257
 0.00863174 0.0139364 0.0208151 0.0291505 0.0386354 0.0486429 0.0581809 0.0661095 0.071541 0.0741215 0.0740067 0.0716401 0.0675475 0.0622365 0.0561583 0.0496869 0.043108 0.0366273 0.0303908 0.0245112 0.0190931 0.0142486 0.0100933 0.00672068 0.00416616
 0.00868286 0.0140129 0.0209174 0.0292729 0.0387652 0.0487608 0.0582625 0.0661289 0.0714791 0.0739748 0.0737933 0.071398 0.067324 0.0620731 0.0560773 0.049686 0.043165 0.0367115 0.0304751 0.0245797 0.019142 0.0142818 0.0101168 0.00673869 0.00418026
 0.00894316 0.0144131 0.0214757 0.0299877 0.0396124 0.0496919 0.059203 0.066982 0.07214 0.0743543 0.0738407 0.0711134 0.0667582 0.0613141 0.055229 0.0488443 0.0423996 0.0360586 0.0299425 0.0241583 0.0188174 0.01404 0.00994523 0.00662484 0.00411069
 0.00893539 0.0144118 0.0214946 0.030047 0.0397334 0.0498894 0.0594777 0.0673176 0.0725054 0.0747086 0.0741393 0.0713142 0.0668293 0.0612427 0.0550277 0.0485492 0.0420603 0.0357233 0.029646 0.0239173 0.0186333 0.0139062 0.0098525 0.00656412 0.00407372
 0.00890748 0.0143739 0.0214522 0.0300113 0.0397211 0.0499195 0.059568 0.0674796 0.0727393 0.0749992 0.0744555 0.0716137 0.0670675 0.0613826 0.0550484 0.0484515 0.0418665 0.035471 0.0293771 0.0236673 0.0184244 0.0137462 0.00973915 0.00648944 0.00402809
 0.0085608 0.0138296 0.0206714 0.0289775 0.038451 0.0484758 0.0580686 0.0660918 0.0716483 0.0743613 0.0743564 0.0720498 0.0679527 0.0625748 0.0563842 0.04978 0.0430747 0.0364946 0.030197 0.0242959 0.0188899 0.0140802 0.00997 0.00664157 0.00412237
 0.00876048 0.0141047 0.0209928 0.0292843 0.0386635 0.0485196 0.0578969 0.0656985 0.0710709 0.0736758 0.0736655 0.071463 0.067561 0.0624267 0.0564742 0.0500544 0.043452 0.0368923 0.0305531 0.0245783 0.0190934 0.0142163 0.0100561 0.00669371 0.00415268
 0.00884147 0.0142581 0.0212602 0.0297082 0.0392651 0.0492694 0.0586972 0.0663964 0.0715053 0.0737379 0.0733391 0.0708261 0.0667534 0.0616033 0.0557632 0.0495307 0.0431308 0.0367405 0.0305131 0.0245926 0.0191209 0.0142368 0.0100652 0.0066948 0.00415037
 0.00874286 0.0141503 0.0211957 0.0297703 0.0395481 0.0498435 0.0595736 0.0675069 0.072706 0.0748364 0.07414 0.0711847 0.0666193 0.0610353 0.0549045 0.0485584 0.0422012 0.0359541 0.0299069 0.0241554 0.0188178 0.01403 0.00992528 0.00660196 0.00409145
#obs surv len freq
 nan nan nan nan nan nan nan nan nan nan nan nan nan nan nan nan nan nan nan nan nan nan nan nan nan
 0.00448434 0.00734548 0.0111752 0.0159912 0.0216915 0.0279666 0.0342804 0.0400114 0.044691 0.048155 0.0505134 0.0520097 0.0529024 0.0534153 0.0537299 0.0539851 0.0542639 0.0545568 0.0546956 0.0542875 0.0527256 0.0493576 0.0438073 0.0362871 0.0276705
 0.0046125 0.00755625 0.0114965 0.0164496 0.0223053 0.0287362 0.035178 0.0409788 0.0456475 0.0490138 0.0511979 0.0524651 0.053101 0.0533562 0.053435 0.0534912 0.0536141 0.0537935 0.0538576 0.0534115 0.0518499 0.0485253 0.0430625 0.0356676 0.027197
 0.00477778 0.00782563 0.0119033 0.0170255 0.0230745 0.0297058 0.0363272 0.0422536 0.0469649 0.0502746 0.0523007 0.0533199 0.0536387 0.0535364 0.0532495 0.0529619 0.0527861 0.0527261 0.0526168 0.0520673 0.0504772 0.0472041 0.0418723 0.0346739 0.0264362
 0.00496906 0.00813944 0.0123808 0.0177067 0.0239904 0.0308659 0.0377068 0.0437896 0.0485642 0.0518304 0.0537077 0.0544822 0.0544736 0.0539785 0.0532568 0.0525212 0.0519161 0.0514761 0.0510624 0.0503058 0.0486241 0.0453866 0.0402163 0.0332823 0.0253668
 0.00517751 0.0084799 0.0128964 0.018439 0.0249726 0.0321104 0.0391931 0.0454577 0.0503219 0.0535687 0.0553166 0.0558602 0.0555321 0.054643 0.0534684 0.0522407 0.0511304 0.050205 0.0493658 0.048286 0.0464234 0.0431753 0.038169 0.0315443 0.0240228
 0.00540872 0.00885869 0.0134719 0.0192587 0.0260732 0.0335036 0.0408506 0.0473069 0.0522564 0.0554689 0.0570683 0.0573639 0.0567036 0.0554119 0.0537755 0.0520388 0.0503883 0.0489183 0.0475702 0.0460718 0.0439411 0.0406249 0.0357682 0.0294821 0.0224153
 0.00564182 0.00924209 0.0140572 0.0200973 0.0272063 0.0349469 0.0425784 0.0492457 0.054295 0.0574795 0.058927 0.0589632 0.0579565 0.0562499 0.0541444 0.0518941 0.0496951 0.047659 0.0457614 0.0437859 0.0413215 0.0378819 0.0331457 0.0272021 0.020622
 0.00588326 0.00963726 0.0146571 0.0209516 0.0283544 0.0364039 0.0443193 0.0511996 0.0563537 0.0595169 0.0608189 0.0605992 0.0592457 0.0571211 0.0545434 0.051779 0.0490335 0.0464311 0.0439748 0.041499 0.0386656 0.0350641 0.0304189 0.0248068 0.0187219
 0.00612859 0.0100389 0.0152667 0.0218189 0.0295182 0.0378762 0.0460707 0.0531535 0.0583977 0.0615247 0.0626699 0.0621902 0.0604929 0.0579591 0.0549218 0.0516588 0.048384 0.0452328 0.0422315 0.0392605 0.0360512 0.0322699 0.0276938 0.0223945 0.0167951
 0.0063708 0.0104357 0.0158695 0.0226776 0.030671 0.0393349 0.0478044 0.0550837 0.0604091 0.0634877 0.0644623 0.0637099 0.0616617 0.0587204 0.0552358 0.0514963 0.0477222 0.0440565 0.0405444 0.0371063 0.0335374 0.0295781 0.0250587 0.0200513 0.0149145
 0.00659862 0.010811 0.0164434 0.0235005 0.0317828 0.0407484 0.0494894 0.0569614 0.0623633 0.0653879 0.0661854 0.0651534 0.062749 0.0593994 0.0554749 0.0512773 0.0470342 0.0428947 0.0389181 0.0350577 0.0311641 0.0270444 0.0225793 0.0178433 0.0131382
 0.00684711 0.0112136 0.0170468 0.0243473 0.0329033 0.0421484 0.0511362 0.0587785 0.0642399 0.0671982 0.0678094 0.0664908 0.0637248 0.0599655 0.0556063 0.0509661 0.0462822 0.0417102 0.0373209 0.0330935 0.0289245 0.0246773 0.0202761 0.0157982 0.0114945
 0.00707714 0.011597 0.0176406 0.0252084 0.0340746 0.0436375 0.052896 0.0607044 0.0661886 0.0690206 0.0693782 0.0677136 0.0645444 0.0603536 0.0555566 0.0504873 0.045392 0.0404321 0.0356873 0.0311571 0.0267739 0.0224466 0.0181337 0.0139121 0.00998669
 0.00729682 0.0119537 0.0181772 0.0259653 0.0350838 0.0449106 0.054411 0.0623965 0.0679541 0.0707314 0.0709025 0.0689358 0.0653801 0.0607565 0.055516 0.0500187 0.0445256 0.0392056 0.0341455 0.0293602 0.0248096 0.0204362 0.0162233 0.0122436 0.00866043
 0.00745546 0.0122198 0.0185924 0.026573 0.0359187 0.0459844 0.0556983 0.063832 0.0694444 0.0721742 0.0722021 0.0700094 0.0661591 0.0611881 0.0555683 0.0496832 0.0438168 0.0381563 0.0328039 0.027791 0.0230995 0.0186967 0.0145814 0.0108184 0.00753325
 0.00753222 0.0123457 0.0187851 0.0268521 0.0363055 0.046499 0.0563541 0.0646286 0.0703614 0.0731692 0.0732129 0.0709619 0.0669767 0.0618013 0.0559202 0.049734 0.0435467 0.0375683 0.0319254 0.026675 0.0218248 0.017365 0.0133057 0.00970221 0.00664674
 0.00760504 0.0124559 0.0189361 0.027043 0.0365332 0.0467622 0.0566557 0.0649765 0.0707662 0.0736397 0.0737495 0.0715487 0.0675777 0.0623619 0.0563749 0.0500179 0.0436067 0.0373723 0.0314688 0.0259847 0.02096 0.0164112 0.0123618 0.00886006 0.00597004
 0.00765086 0.0125273 0.0190374 0.0271753 0.0366939 0.046944 0.0568478 0.0651675 0.0709504 0.073822 0.0739464 0.0717813 0.0678599 0.0626885 0.0567164 0.0503231 0.0438138 0.0374238 0.0313267 0.0256419 0.0204453 0.0157858 0.011706 0.00825344 0.00547135
 0.00772062 0.0126304 0.0191733 0.0273371 0.0368699 0.0471215 0.0570155 0.0653165 0.0710743 0.0739184 0.0740187 0.0718411 0.0679249 0.0627765 0.0568355 0.0504634 0.0439445 0.0374991 0.0313 0.0254826 0.0201518 0.0153892 0.011262 0.00782472 0.00510868
 0.0077829 0.0127277 0.0193121 0.0275189 0.0370899 0.0473663 0.0572628 0.0655381 0.0712435 0.0740188 0.0740496 0.0718158 0.0678657 0.062708 0.0567787 0.0504298 0.0439311 0.0374866 0.0312571 0.025378 0.019968 0.0151328 0.0109631 0.00752589 0.00484877
 0.00780385 0.0127611 0.0193609 0.0275859 0.0371764 0.0474723 0.0573851 0.0656692 0.071372 0.0741309 0.0741323 0.0718614 0.0678744 0.0626884 0.0567449 0.0503962 0.0439061 0.0374682 0.0312318 0.0253256 0.0198714 0.0149877 0.0107825 0.00733543 0.00467608
 0.00786038 0.0128436 0.0194679 0.0277098 0.0373066 0.0475981 0.0574991 0.0657678 0.0714538 0.0741949 0.0741765 0.0718827 0.0678695 0.0626565 0.0566895 0.0503253 0.0438297 0.0373935 0.0311593 0.0252484 0.0197797 0.0148757 0.0106537 0.00720257 0.00455541
 0.00787351 0.0128666 0.0195052 0.0277653 0.0373815 0.0476884 0.0575942 0.0658528 0.0715154 0.0742271 0.0741832 0.0718736 0.0678547 0.0626412 0.0566734 0.0503056 0.0438044 0.0373622 0.0311222 0.025204 0.0197247 0.0148079 0.0105748 0.00711961 0.00447833
 0.00789995 0.0129046 0.0195531 0.0278192 0.0374367 0.0477417 0.0576453 0.0659029 0.0715642 0.0742707 0.0742148 0.0718874 0.0678492 0.06262 0.0566429 0.0502713 0.043769 0.0373259 0.0310838 0.0251619 0.0196773 0.0147545 0.0105169 0.00706125 0.00442519
 0.00788752 0.0128846 0.0195234 0.0277779 0.0373825 0.0476747 0.0575681 0.0658221 0.0714899 0.0742155 0.0741898 0.0718984 0.0678943 0.0626906 0.0567275 0.0503592 0.043852 0.0373987 0.0311426 0.0252041 0.0197015 0.0147611 0.0105085 0.00704285 0.00440273
 0.00790024 0.0128983 0.0195312 0.0277694 0.0373469 0.0476055 0.0574671 0.0656995 0.0713621 0.0740996 0.0741008 0.071847 0.067886 0.0627251 0.0567982 0.0504547 0.0439591 0.0375047 0.0312377 0.0252818 0.0197585 0.0147971 0.0105259 0.00704616 0.00439756
 0.00790734 0.0129079 0.0195419 0.0277776 0.0373466 0.0475889 0.0574257 0.0656273 0.0712589 0.073974 0.0739697 0.0717313 0.0678049 0.0626907 0.0568134 0.0505137 0.0440497 0.037612 0.0313469 0.0253807 0.0198392 0.014856 0.0105637 0.00706644 0.00440559
 0.00789641 0.012892 0.0195212 0.0277533 0.0373203 0.0475614 0.0573962 0.0655931 0.0712162 0.0739196 0.0739031 0.0716577 0.0677344 0.0626368 0.0567888 0.0505258 0.0440981 0.037689 0.0314398 0.0254758 0.0199248 0.0149246 0.0106126 0.00709714 0.00442219
 0.00788349 0.0128671 0.0194771 0.0276818 0.0372153 0.0474235 0.0572358 0.0654291 0.0710707 0.0738103 0.0738381 0.0716353 0.0677473 0.0626773 0.0568519 0.0506097 0.044202 0.0378098 0.0315706 0.0256063 0.0200441 0.015024 0.0106877 0.00714839 0.00445351
 0.00783811 0.012795 0.0193715 0.0275376 0.03703 0.047199 0.0569805 0.0651601 0.0708127 0.0735921 0.0736868 0.0715689 0.0677708 0.0627818 0.0570188 0.0508173 0.0444307 0.0380442 0.0317988 0.025818 0.0202301 0.015177 0.0108044 0.00723011 0.00450558
 0.00783673 0.0127859 0.0193451 0.0274811 0.0369306 0.0470494 0.0567833 0.0649289 0.0705688 0.0733596 0.0734885 0.0714244 0.0676952 0.062783 0.0570956 0.0509588 0.044619 0.0382585 0.0320196 0.026029 0.0204186 0.0153344 0.0109265 0.0073173 0.00456245
 0.00780904 0.0127447 0.0192899 0.0274125 0.0368491 0.0469529 0.056667 0.0647877 0.070402 0.0731749 0.0733029 0.0712608 0.0675763 0.0627261 0.0571096 0.0510428 0.0447632 0.038446 0.0322297 0.0262408 0.0206144 0.0155015 0.0110581 0.00741258 0.00462551
 0.0077783 0.0126918 0.0192053 0.027287 0.0366771 0.0467375 0.0564229 0.064539 0.0701751 0.0729895 0.0731682 0.0711776 0.0675429 0.0627429 0.0571788 0.0511657 0.0449362 0.0386591 0.0324667 0.026482 0.0208402 0.0156965 0.0112131 0.00752573 0.00470095
 0.00773349 0.0126196 0.0190978 0.0271372 0.0364803 0.0464935 0.0561391 0.0642328 0.0698726 0.0727219 0.0729643 0.0710577 0.0675143 0.0628005 0.05731 0.0513556 0.0451706 0.0389243 0.0327477 0.0267617 0.0211007 0.0159221 0.0113936 0.00765835 0.00478999
 0.00933413 0.0148585 0.0217966 0.0299056 0.0388299 0.0480183 0.056659 0.0638201 0.0687687 0.0712158 0.0713031 0.0694143 0.0659935 0.0614582 0.056169 0.0504174 0.0444239 0.0383509 0.0323262 0.0264687 0.0209111 0.01581 0.0113346 0.00763182 0.00478071
 0.00931789 0.0151263 0.0227177 0.0319377 0.0423186 0.0529278 0.0624011 0.0693504 0.0729585 0.0732973 0.0711241 0.067378 0.0627832 0.0577463 0.0524507 0.0469833 0.0414091 0.0357983 0.0302315 0.0248046 0.0196377 0.0148781 0.0106878 0.00720984 0.0045241
 0.00897828 0.0145954 0.0219798 0.0310486 0.0414572 0.0524291 0.0627137 0.0708747 0.0758025 0.0770982 0.0750955 0.070607 0.0646107 0.0579945 0.0513905 0.0451164 0.039235 0.0336789 0.0283685 0.023278 0.0184547 0.0140086 0.0100837 0.00681579 0.00428473
 0.00879963 0.0142962 0.0215142 0.0303725 0.0405461 0.0513106 0.0615083 0.0698216 0.075238 0.0773608 0.0763718 0.0727895 0.0672693 0.060517 0.0532289 0.0459959 0.0392067 0.033017 0.0274067 0.0222863 0.017593 0.01334 0.00960907 0.00650458 0.00409617
 0.00872657 0.0141668 0.0212992 0.0300362 0.0400529 0.0506368 0.060658 0.0688435 0.0742395 0.0765135 0.0758943 0.0728922 0.0680625 0.0619243 0.0549707 0.0476794 0.0404828 0.033712 0.0275536 0.0220567 0.0171918 0.0129265 0.00926971 0.0062648 0.00394562
 0.0087017 0.0141257 0.0212352 0.02994 0.0399111 0.0504306 0.0603656 0.0684455 0.0737311 0.0759192 0.0752832 0.0723818 0.0677998 0.0620379 0.0555062 0.0485535 0.041496 0.0346247 0.0281862 0.0223518 0.0172079 0.0127804 0.00907359 0.00609029 0.00382071
 0.00869637 0.0141166 0.0212205 0.0299172 0.0398768 0.0503801 0.0602915 0.0683371 0.0735741 0.0756993 0.0749946 0.0720407 0.0674559 0.0617736 0.0554148 0.0486985 0.0418704 0.0351406 0.0287077 0.0227555 0.017433 0.0128399 0.00902641 0.00600213 0.00373694
 0.00866634 0.0140698 0.021154 0.02983 0.0397702 0.050258 0.0601607 0.0682062 0.0734502 0.0755849 0.0748853 0.0719281 0.0673358 0.0616566 0.0553326 0.0486969 0.041988 0.0353823 0.029032 0.0230887 0.0177033 0.0130082 0.00909636 0.00600527 0.00371015
 0.00866488 0.0140649 0.021142 0.0298061 0.0397295 0.050198 0.0600827 0.0681157 0.0733552 0.0754932 0.0748019 0.0718535 0.0672672 0.0615916 0.0552749 0.0486609 0.0419964 0.0354549 0.0291711 0.0232713 0.0178891 0.0131585 0.00919119 0.00604766 0.00371751
 0.00864883 0.0140415 0.0211116 0.0297702 0.0396901 0.0501559 0.0600368 0.0680642 0.0732971 0.0754302 0.0747387 0.0717961 0.0672202 0.0615569 0.0552527 0.0486526 0.0420075 0.0354944 0.0292455 0.0233773 0.018011 0.0132736 0.00928025 0.00610316 0.00374377
 0.00861399 0.0139896 0.0210425 0.0296873 0.0395995 0.0500655 0.0599549 0.0679976 0.0732501 0.0754034 0.0747289 0.0717984 0.0672306 0.0615732 0.0552744 0.0486807 0.0420444 0.0355434 0.0293098 0.0234573 0.018101 0.0133626 0.00935612 0.00615799 0.00377676
 0.00863656 0.0140185 0.0210718 0.0297071 0.0395994 0.0500392 0.0599041 0.0679319 0.0731828 0.0753458 0.074687 0.0717719 0.067215 0.0615637 0.0552678 0.0486768 0.0420451 0.0355523 0.0293303 0.0234909 0.0181457 0.0134127 0.00940376 0.00619648 0.00380305
 0.00863419 0.0140192 0.0210807 0.0297304 0.0396409 0.0500961 0.059965 0.0679792 0.0732006 0.075327 0.0746369 0.0717046 0.0671462 0.061504 0.0552215 0.0486433 0.0420226 0.0355397 0.0293281 0.0234998 0.0181648 0.0134389 0.00943209 0.00622193 0.00382233
 0.00863055 0.0140131 0.0210716 0.0297185 0.0396281 0.0500869 0.0599654 0.0679947 0.0732313 0.0753664 0.0746726 0.0717243 0.0671437 0.0614818 0.055188 0.0486082 0.0419928 0.0355187 0.0293169 0.0234982 0.0181719 0.0134525 0.00944907 0.00623868 0.0038361
 0.00862483 0.0140038 0.0210576 0.0296987 0.0396022 0.0500554 0.0599308 0.0679615 0.0732062 0.0753557 0.0746796 0.0717473 0.0671757 0.0615134 0.055212 0.0486217 0.041998 0.0355203 0.0293193 0.023504 0.0181819 0.0134659 0.00946387 0.00625275 0.00384767
 0.00862483 0.0140038 0.0210576 0.0296987 0.0396022 0.0500554 0.0599308 0.0679615 0.0732062 0.0753557 0.0746796 0.0717473 0.0671757 0.0615134 0.055212 0.0486217 0.041998 0.0355203 0.0293193 0.023504 0.0181819 0.0134659 0.00946387 0.00625275 0.00384767
 0.00880724 0.014293 0.0214775 0.0302626 0.0403049 0.0508645 0.0607806 0.0687574 0.0738447 0.0757525 0.0747924 0.0715814 0.0667755 0.0609452 0.0545467 0.0479239 0.0413193 0.0348983 0.0287784 0.023057 0.0178317 0.0132067 0.00928402 0.00613647 0.00377815
 0.0086497 0.0140636 0.021183 0.0299294 0.0399758 0.0505904 0.0606107 0.0687297 0.0739757 0.0760288 0.0751698 0.0719959 0.0671611 0.0612519 0.0547506 0.0480257 0.0413375 0.0348593 0.0287088 0.0229787 0.0177595 0.0131488 0.00924266 0.00611006 0.00376309
 0.0087031 0.0141253 0.0212305 0.0299296 0.0398978 0.0504241 0.0603802 0.0684911 0.0737975 0.0759652 0.0752414 0.0721848 0.0674206 0.0615236 0.0549817 0.048182 0.041408 0.0348537 0.0286495 0.0228918 0.0176678 0.0130678 0.00918 0.00606681 0.0037363
 0.00835597 0.0135869 0.0204694 0.028936 0.0386875 0.0490438 0.0589147 0.0670661 0.0725685 0.0750902 0.0748449 0.0723261 0.0680767 0.0625936 0.0563121 0.0496053 0.0427785 0.0360701 0.0296599 0.0236858 0.0182621 0.0134927 0.00946951 0.00625384 0.00384988
 0.00851613 0.0138007 0.0207048 0.0291329 0.0387724 0.0489539 0.0586186 0.0665713 0.0719162 0.0743463 0.0740935 0.0716636 0.0675986 0.0623726 0.0563752 0.0499224 0.0432719 0.0366407 0.0302169 0.024167 0.0186393 0.0137652 0.00965281 0.00636927 0.00391796
 0.00861722 0.0139877 0.0210238 0.0296301 0.0394694 0.0498158 0.0595352 0.0673722 0.072423 0.0744374 0.0737465 0.0709549 0.0666709 0.0613903 0.0554859 0.0492288 0.0428179 0.0364119 0.0301579 0.0242076 0.0187179 0.0138422 0.00971084 0.00640613 0.00393851
 0.00879474 0.0142772 0.0214616 0.0302512 0.0403008 0.0508635 0.0607658 0.0686978 0.073699 0.075482 0.0743805 0.0710534 0.0662057 0.060443 0.0542232 0.0478524 0.0415099 0.0352971 0.029291 0.023583 0.0182941 0.0135662 0.00953579 0.0062975 0.00387323
#pred catch len freq
 0.00368556 0.00591702 0.00880007 0.0123343 0.0165267 0.0213536 0.0266958 0.0323203 0.0379276 0.0432184 0.0479394 0.0519126 0.055054 0.0573713 0.0589356 0.0598445 0.0601958 0.0600624 0.0594399 0.0581651 0.0558593 0.0520044 0.0462048 0.0385316 0.0297001
 0.0039562 0.00627501 0.00919027 0.0126625 0.0166955 0.0213132 0.0264774 0.032024 0.037668 0.0430611 0.0478711 0.0518604 0.0549388 0.0571618 0.0586727 0.059627 0.0601333 0.0602168 0.0597843 0.0585823 0.0561891 0.0521169 0.0460595 0.0381878 0.0292749
 0.00412939 0.00657459 0.00966792 0.0133602 0.0176157 0.0223851 0.0275461 0.0328875 0.0381581 0.0431219 0.0475774 0.0513606 0.0543679 0.0565873 0.0581051 0.0590679 0.0596136 0.0597907 0.0594883 0.0583966 0.056035 0.0518986 0.0457211 0.0377445 0.0287988
 0.00433343 0.00689285 0.0101259 0.0139832 0.018435 0.0234386 0.0288593 0.034435 0.0398236 0.0446924 0.0487961 0.0520226 0.0544015 0.0560673 0.0571943 0.0579386 0.0584001 0.0585842 0.0583468 0.0573457 0.0550671 0.0509855 0.0448439 0.0369181 0.0280689
 0.00455141 0.00723808 0.010629 0.014668 0.0193179 0.0245267 0.030149 0.0359098 0.0414499 0.0464065 0.0504829 0.0535052 0.0554665 0.0565304 0.0569719 0.0570787 0.0570533 0.0569405 0.0565776 0.0555756 0.0533727 0.0494118 0.043425 0.0356909 0.0270707
 0.0047785 0.00759706 0.0111514 0.0153797 0.0202384 0.0256671 0.0315053 0.0374561 0.0431358 0.0481603 0.0522156 0.0551098 0.0568135 0.0574686 0.057351 0.0567932 0.056087 0.055382 0.0545945 0.0533653 0.0511192 0.0472649 0.0414991 0.0340683 0.0257983
 0.00508247 0.00806822 0.0118188 0.0162585 0.0213324 0.0269716 0.0330052 0.0391198 0.0449111 0.0499743 0.0539797 0.056726 0.0581784 0.0584746 0.057886 0.056749 0.0553846 0.0540057 0.0526181 0.0509504 0.0484849 0.0446446 0.0391008 0.0320448 0.0242299
 0.00539357 0.00856237 0.0125413 0.0172446 0.0226031 0.0285255 0.0348091 0.0411041 0.0469766 0.0520085 0.0558726 0.058379 0.0595066 0.0594031 0.0583434 0.0566633 0.0546876 0.0526544 0.0506272 0.0484213 0.0456113 0.0416846 0.0363235 0.02967 0.0223834
 0.00563234 0.00895125 0.0131293 0.0180817 0.0237349 0.0299831 0.0365926 0.0431687 0.0492276 0.0543093 0.0580635 0.0603029 0.0610323 0.0604383 0.0588315 0.0565677 0.0539786 0.0513095 0.0486528 0.0458874 0.0426781 0.038598 0.0333702 0.0271066 0.0203718
 0.00593117 0.00941521 0.013789 0.018957 0.0248398 0.0313298 0.0381888 0.0450056 0.051265 0.0564647 0.0602117 0.0622886 0.0626944 0.0616362 0.0594634 0.0565747 0.0533346 0.0500117 0.046725 0.0434012 0.0397798 0.035517 0.0303875 0.024489 0.018299
 0.00633086 0.0100342 0.0146637 0.0201021 0.0262491 0.0329782 0.0400312 0.0469765 0.0532841 0.0584466 0.0620719 0.0639423 0.0640511 0.0626001 0.0599417 0.0564898 0.0526349 0.0486776 0.0447759 0.0409092 0.0368878 0.0324449 0.0274065 0.0218615 0.0162082
 0.00673894 0.0106733 0.0155805 0.021325 0.0277852 0.0348085 0.0421019 0.0491934 0.0555192 0.060558 0.0639285 0.0654421 0.0651283 0.0632183 0.0600793 0.056126 0.0517454 0.0472434 0.042802 0.0384497 0.0340679 0.0294661 0.0245215 0.0193175 0.0141802
 0.00707883 0.0112173 0.0163841 0.0224357 0.0292363 0.036607 0.0442125 0.0515275 0.0579377 0.062889 0.0659943 0.0670872 0.0662423 0.0637479 0.0600229 0.0555136 0.0506154 0.0456286 0.0407361 0.0359899 0.0313236 0.0266125 0.0217817 0.0169121 0.0122659
 0.00737868 0.0116917 0.0170754 0.0233797 0.0304613 0.0381308 0.0460311 0.0536003 0.060176 0.0651555 0.0681156 0.0688797 0.0675451 0.0644511 0.0600821 0.0549446 0.049474 0.0439885 0.0386757 0.0335979 0.0287172 0.0239512 0.0192582 0.014714 0.0105246
 0.0076588 0.0121288 0.0177003 0.0242116 0.031509 0.0393929 0.0474928 0.0552281 0.0619142 0.0669264 0.0698204 0.0704021 0.0687599 0.0652407 0.0603564 0.054658 0.0486312 0.0426377 0.0368973 0.0314966 0.0264224 0.021619 0.017061 0.0128109 0.00902329
 0.00787682 0.0124814 0.0182275 0.0249493 0.0324827 0.0406069 0.0489188 0.0568011 0.0635408 0.0685021 0.0712466 0.0715957 0.069654 0.0657811 0.0604987 0.0543699 0.0478995 0.0414775 0.035358 0.029664 0.0244162 0.0195855 0.015156 0.0111717 0.00773793
 0.00818384 0.0129388 0.0188402 0.0257002 0.0333444 0.0415588 0.0499545 0.0579193 0.0647256 0.0697061 0.0723899 0.072582 0.0703947 0.0662133 0.0605893 0.0541078 0.0472872 0.0405291 0.0341057 0.0281675 0.0227688 0.017909 0.0135834 0.00982007 0.00668065
 0.00842575 0.013314 0.0193701 0.0263896 0.0341784 0.0425008 0.0509477 0.0588951 0.0656221 0.0704852 0.0730409 0.0731069 0.0707878 0.0664501 0.0606325 0.053921 0.0468472 0.0398313 0.0331668 0.0270288 0.0214997 0.0166046 0.0123511 0.00875614 0.00584658
