SBPRF35
12.7214
Curr Bio
826074
B35
896236
F35
0.172285
FOFL
0.160615
OFL
110329
Bzero
3.63469e+006
#pred survey bio
 3.45802e+006 3.33099e+006 3.2271e+006 3.08454e+006 2.88265e+006 2.66823e+006 2.44726e+006 2.22258e+006 1.99076e+006 1.7838e+006 1.59112e+006 1.39632e+006 1.24574e+006 1.10365e+006 969678 857103 774608 714727 674191 630133 599442 577472 568151 545730 538192 535127 534564 537775 539501 537624 544868 548480 549403 567139 579061 583737 600694 616786 626710 629214 631153 638890 642983 646922 654682 657860 660381 675161 681440 691122 695475 729325 760564 793105 808965 824212 831543 2.95399e+007 1.80327e+007 1.85861e+007 1.95624e+007 2.07902e+007 2.20829e+007 2.33081e+007 2.43915e+007 2.53047e+007 2.60489e+007 2.66412e+007 2.7105e+007 2.74641e+007 2.77402e+007 2.79518e+007 2.81137e+007 2.82376e+007 2.83328e+007 2.8406e+007 2.84626e+007 2.85065e+007 2.85407e+007 2.85675e+007 2.85886e+007 2.86053e+007 2.86185e+007 2.8629e+007 2.86374e+007 2.86441e+007 2.86495e+007 2.86538e+007 2.86573e+007 2.86601e+007 2.86624e+007 2.86643e+007 2.86658e+007 2.8667e+007 2.8668e+007 2.86688e+007 2.86695e+007 2.867e+007 2.86705e+007 2.86708e+007 2.86711e+007 2.86714e+007 2.86716e+007 2.86717e+007 2.86719e+007 2.8672e+007 2.86721e+007 2.86721e+007 2.86722e+007 2.86722e+007 2.86723e+007 2.86723e+007 2.86723e+007 2.86724e+007 2.86724e+007 2.86724e+007 2.86724e+007 2.86724e+007 2.86724e+007 2.86724e+007 2.86724e+007 2.86724e+007 2.86724e+007 2.86725e+007 2.86725e+007 2.86725e+007 2.86725e+007 2.86725e+007 2.86725e+007 2.86725e+007 2.86725e+007 2.86725e+007 2.86725e+007 2.86725e+007 2.86725e+007 2.86725e+007 2.86725e+007 2.86725e+007 2.86725e+007 2.86725e+007 2.86725e+007 2.86725e+007 2.86725e+007 2.86725e+007 2.86725e+007 2.86725e+007 2.86725e+007 2.86725e+007 2.86725e+007 2.86725e+007 2.86725e+007 2.86725e+007 2.86725e+007 2.86725e+007 2.86725e+007 2.86725e+007 2.86725e+007 0 0 0 0 0 0 0 0 0 0 0 0 0 0 0 0 0 0 0 0 0 0 0 0 0
#obs survey bio
 4.52994e+006 3.46792e+006 2.95457e+006 2.58129e+006 2.48608e+006 2.69595e+006 1.80906e+006 1.73372e+006 1.54347e+006 1.6878e+006 1.52962e+006 1.1368e+006 1.03058e+006 1.14587e+006 818291 805119 797679 726573 629898 650552 493016 707904 508578 468579 367962 694498 516904 647819 547575 465218 517986 578322 631982 583944 577247 735892 556553 788823 679778 523786 680622 694674 499233 577361 575618 475068 673970 668682 1.06026e+006 675870 576624 821872 957413 705799 830096 520240 644396
#pred catch bio
 107979 95564.9 143073 211614 239649 263262 284199 306871 298266 296484 305917 271656 266990 259323 237644 207512 183301 161767 159456 143514 133175 120759 129896 115263 110210 106851 102817 103281 105120 96558.4 99245.5 100968 87086.4 92946.8 99045.7 88856.4 90666.9 96458.1 102881 103744 99681.8 104052 105786 104667 110757 112741 103180 110226 106436 110777 87286.4 92107.7 92716.1 108072 109697 118362 115972 110329 119505 122155 127566 135044 143035 150547 157078 162459 166721 169999 172463 174284 175611 176568 177252 177737 178080 178321 178489 178607 178689 178746 178785 178813 178832 178845 178854 178860 178864 178867 178869 178871 178872 178872 178873 178873 178873 178873 178874 178874 178874 178874 178874 178874 178874 178874 178874 178874 178874 178874 178874 178874 178874 178874 178874 178874 178874 178874 178874 178874 178874 178874 178874 178874 178874 178874 178874 178874 178874 178874 178874 178874 178874 178874 178874 178874 178874 178874 178874 178874 178874 178874 178874 178874 178874 178874 178874 178874 178874 178874 178874 178874 178874 178874 178874 178874 178874 178874 178874 0 0 0 0 0 0 0 0 0 0 0 0 0 0 0 0 0 0 0 0 0 0 0 0 0
#obs catch bio
 0 95181.3 143096 212161 240205 264031 285677 309482 301102 299094 309636 274222 270782 263547 241730 211146 185838 162882 159601 143140 134040 120813 131000 116077 111492 106957 103129 103405 105430 96586 99011.1 100918 86865.2 92715.2 99095 88378.2 90473.1 96048.7 101921 103317 99341.6 103432 105698 104605 111110 113902 103928 110837 105849 110409 86986.4 92052.6 92476.2 107998 109320 118268 115939
#pred cpue bio
 3.41704e+006 3.29113e+006 3.1869e+006 3.04383e+006 2.84215e+006 2.62783e+006 2.40702e+006 2.18265e+006 1.95147e+006 1.74523e+006 1.55345e+006 1.35993e+006 1.21026e+006 1.06937e+006 936966 826000 745055 686795 647706 605016 575050 553578 544533 522723 515495 512825 512576 515919 517836 516241 523551 527238 528221 545687 557494 562256 578966 594781 604634 607022 608699 616171 619973 623463 630693 633486 635881 650683 657365 667163 671308 704351 735199 767408 782982 797635 804325 2.85711e+007 1.74456e+007 1.78976e+007 1.87737e+007 1.99728e+007 2.126e+007 2.24843e+007 2.35676e+007 2.44807e+007 2.52249e+007 2.58173e+007 2.6281e+007 2.66401e+007 2.69162e+007 2.71278e+007 2.72897e+007 2.74137e+007 2.75088e+007 2.7582e+007 2.76386e+007 2.76825e+007 2.77168e+007 2.77436e+007 2.77647e+007 2.77813e+007 2.77945e+007 2.7805e+007 2.78134e+007 2.78201e+007 2.78255e+007 2.78298e+007 2.78333e+007 2.78361e+007 2.78384e+007 2.78403e+007 2.78418e+007 2.7843e+007 2.7844e+007 2.78449e+007 2.78455e+007 2.78461e+007 2.78465e+007 2.78469e+007 2.78472e+007 2.78474e+007 2.78476e+007 2.78478e+007 2.78479e+007 2.7848e+007 2.78481e+007 2.78482e+007 2.78482e+007 2.78483e+007 2.78483e+007 2.78483e+007 2.78484e+007 2.78484e+007 2.78484e+007 2.78484e+007 2.78484e+007 2.78485e+007 2.78485e+007 2.78485e+007 2.78485e+007 2.78485e+007 2.78485e+007 2.78485e+007 2.78485e+007 2.78485e+007 2.78485e+007 2.78485e+007 2.78485e+007 2.78485e+007 2.78485e+007 2.78485e+007 2.78485e+007 2.78485e+007 2.78485e+007 2.78485e+007 2.78485e+007 2.78485e+007 2.78485e+007 2.78485e+007 2.78485e+007 2.78485e+007 2.78485e+007 2.78485e+007 2.78485e+007 2.78485e+007 2.78485e+007 2.78485e+007 2.78485e+007 2.78485e+007 2.78485e+007 2.78485e+007 2.78485e+007 2.78485e+007 2.78485e+007 2.78485e+007 2.78485e+007 0 0 0 0 0 0 0 0 0 0 0 0 0 0 0 0 0 0 0 0 0 0 0 0 0
#obs cpue bio
 4.08939e+006 2.5323e+006 3.28442e+006 3.28944e+006 2.55443e+006 2.40154e+006 2.44988e+006 2.20108e+006 1.96865e+006 1.82741e+006 1.34855e+006 1.49838e+006 1.02701e+006 811584 854361 644984 683168 779210 989910 679091 408632 549663 425120 506934 497053 713199 431001 477282 470254 621861 720264 488522 450455 616187 500178 645660 521753 600287 948011 523915 528164 786711 548252 651295 553767 485762 562922 834528 952413 743649 623842 616352 634686 885047 894640 1.1111e+006 916312
#pred surv len freq
 0.00428947 0.00703211 0.0107122 0.0153582 0.0208899 0.027034 0.0332995 0.0391034 0.0439882 0.0477652 0.0504921 0.0523516 0.0535434 0.0542356 0.0545571 0.0546093 0.0544832 0.054259 0.0539494 0.0533875 0.0521282 0.0495015 0.044898 0.0381823 0.0299497
 0.00463652 0.00750743 0.0112661 0.0158968 0.0213111 0.0272779 0.0333815 0.0391022 0.0439933 0.0478206 0.0505748 0.0523973 0.0534999 0.0541057 0.0544052 0.0545293 0.0545453 0.0544609 0.054199 0.0535291 0.0520088 0.0490452 0.0441479 0.0372821 0.029076
 0.00471909 0.00770199 0.0116634 0.0165999 0.0223877 0.0286989 0.0349867 0.040633 0.0451917 0.0485351 0.0508045 0.0522504 0.05311 0.0535725 0.0537893 0.0538792 0.0539134 0.0538871 0.0536773 0.0529934 0.0513607 0.0482147 0.0431462 0.0362091 0.0280743
 0.00486466 0.00792109 0.0119663 0.0169997 0.0229155 0.0294151 0.0359685 0.04193 0.0467644 0.0502206 0.0523475 0.0533961 0.0537027 0.0535984 0.0533475 0.0531156 0.0529659 0.052858 0.0526225 0.0519203 0.0502427 0.0470268 0.0419063 0.0349933 0.0269908
 0.00508446 0.00827869 0.0125033 0.017751 0.0238988 0.0306196 0.0373505 0.0434243 0.0483073 0.0517619 0.053834 0.0547372 0.0547561 0.0542034 0.0533894 0.0525771 0.0519281 0.0514579 0.0509989 0.0501784 0.0484503 0.0452357 0.0401813 0.033423 0.0256693
 0.00531375 0.00865196 0.0130665 0.0185479 0.0249642 0.0319655 0.0389514 0.045209 0.0501669 0.0535733 0.0554864 0.0561457 0.0558547 0.0549248 0.0536539 0.0523076 0.0510873 0.0500771 0.0491776 0.0480565 0.0461772 0.0429553 0.0380304 0.0315277 0.0241275
 0.00555474 0.00904418 0.013658 0.0193846 0.0260825 0.0333798 0.0406402 0.0471078 0.0521738 0.0555651 0.057336 0.0577374 0.0570939 0.0557405 0.0539923 0.0521226 0.0503411 0.0487572 0.0473217 0.0457674 0.0436172 0.0403238 0.0355335 0.029345 0.0223798
 0.00578363 0.00942283 0.0142402 0.0202253 0.0272275 0.0348496 0.0424126 0.0491113 0.0542968 0.057676 0.0593037 0.0594433 0.0584384 0.0566444 0.0543961 0.051983 0.049627 0.0474546 0.04545 0.0434026 0.0409072 0.0374819 0.0328038 0.0269497 0.0204686
 0.00604021 0.00984112 0.0148725 0.0211225 0.0284315 0.0363796 0.0442495 0.0511883 0.0565046 0.0598793 0.0613609 0.0612239 0.0598337 0.0575725 0.0548003 0.0518254 0.0488833 0.0461145 0.0435299 0.0409684 0.0380967 0.0345076 0.0299239 0.0244102 0.0184398
 0.00628331 0.0102371 0.0154702 0.0219691 0.0295644 0.0378146 0.0459664 0.0531249 0.0585632 0.0619425 0.0633076 0.0629393 0.0612152 0.0585338 0.0552739 0.051762 0.0482501 0.0448961 0.0417379 0.0386611 0.0354009 0.031626 0.0271103 0.0219132 0.0164368
 0.0065116 0.0106139 0.0160479 0.0228003 0.0306917 0.0392546 0.0476928 0.0550627 0.0605994 0.0639482 0.0651594 0.0645318 0.0624646 0.059376 0.0556597 0.0516532 0.0476167 0.0437204 0.0400252 0.0364604 0.032827 0.0288672 0.0244075 0.0195066 0.0145011
 0.00684357 0.0111426 0.0168236 0.023863 0.0320654 0.0409367 0.0496417 0.0571902 0.062778 0.0660311 0.0670043 0.0660208 0.0635155 0.0599441 0.0557302 0.0512278 0.0467016 0.0423226 0.0381616 0.0341793 0.0302321 0.0261301 0.0217501 0.017152 0.0126121
 0.00705855 0.0115028 0.017385 0.0246833 0.0331909 0.0423818 0.0513703 0.0591119 0.0647644 0.0679435 0.0687167 0.067431 0.0645463 0.0605423 0.0558662 0.0508927 0.0459016 0.0410735 0.0364913 0.0321401 0.0279206 0.0236979 0.0193912 0.0150619 0.0109344
 0.00724184 0.0118125 0.0178733 0.0254075 0.0342027 0.0437096 0.0529987 0.0609708 0.0667342 0.0698749 0.0704566 0.0688467 0.0655428 0.0610684 0.0559088 0.0504649 0.0450302 0.0397922 0.0348421 0.0301836 0.0257512 0.0214526 0.0172392 0.0131704 0.00942422
 0.00745913 0.0121661 0.0184066 0.0261623 0.0352126 0.0449888 0.0545283 0.0626906 0.0685456 0.0716532 0.0720686 0.070167 0.0664697 0.0615362 0.0558929 0.0499773 0.0441083 0.0384873 0.0332139 0.0283047 0.0237172 0.0193887 0.0152915 0.0114786 0.00808482
 0.00758599 0.0123888 0.0187722 0.0267244 0.0360193 0.0460636 0.0558521 0.0641967 0.0701318 0.0732036 0.0734726 0.0713294 0.0673136 0.0620051 0.0559534 0.0496216 0.0433541 0.0373742 0.0317999 0.0266655 0.0219483 0.0176064 0.0136233 0.0100405 0.00695372
 0.00759839 0.0124186 0.0188363 0.0268493 0.0362402 0.0464205 0.0563821 0.0649222 0.071048 0.0742698 0.0746123 0.0724425 0.0682956 0.0627639 0.0564196 0.049752 0.0431318 0.0368086 0.0309265 0.0255459 0.0206694 0.0162752 0.0123545 0.0089361 0.00608074
 0.00760678 0.0124243 0.0188314 0.0268243 0.0361908 0.0463564 0.056334 0.0649404 0.0711917 0.0745884 0.0751268 0.0731335 0.0691016 0.063592 0.0571644 0.0503154 0.0434396 0.0368197 0.0306367 0.024988 0.0199101 0.0154068 0.0114803 0.00814975 0.00544663
 0.0076593 0.01249 0.0188937 0.026855 0.0361574 0.0462344 0.0561193 0.0646571 0.0708913 0.0743424 0.0750122 0.0732134 0.0694043 0.0640979 0.0578051 0.050989 0.0440341 0.0372383 0.0308178 0.0249151 0.0196126 0.0149515 0.0109544 0.00763908 0.00501546
 0.00789245 0.0128409 0.0193678 0.0274345 0.0368008 0.0468799 0.0566902 0.0650727 0.0710861 0.0742893 0.0747372 0.072792 0.0689403 0.0636911 0.057522 0.0508451 0.0439937 0.0372317 0.0307678 0.0247644 0.0193414 0.0145808 0.0105352 0.00723218 0.00467055
 0.00799044 0.013009 0.0196355 0.0278304 0.0373408 0.0475509 0.0574377 0.0658032 0.0716887 0.0746676 0.0748376 0.0726165 0.068543 0.0631617 0.0569615 0.0503387 0.0435892 0.0369307 0.0305346 0.0245477 0.0190998 0.0143002 0.0102306 0.00693667 0.00441727
 0.00807578 0.0131349 0.0198024 0.0280338 0.0375769 0.0478229 0.0577563 0.0661776 0.0721109 0.0751 0.0752151 0.072865 0.0686074 0.0630281 0.0566629 0.0499416 0.0431686 0.0365444 0.0302079 0.0242746 0.0188576 0.0140684 0.0100041 0.00672524 0.00423724
 0.00802828 0.013069 0.0197239 0.0279541 0.0375094 0.0477773 0.0577371 0.0661874 0.0721574 0.0751982 0.0753789 0.0730929 0.0688714 0.0632783 0.056847 0.0500278 0.0431576 0.0364633 0.0300918 0.0241495 0.0187338 0.0139456 0.00988106 0.00660669 0.00413228
 0.00810315 0.0131863 0.0198922 0.0281787 0.0377909 0.0481103 0.0581068 0.0665674 0.072511 0.0754853 0.0755676 0.0731687 0.06884 0.0631582 0.0566577 0.0497833 0.042868 0.0361421 0.0297597 0.0238304 0.0184468 0.013701 0.00968103 0.00644919 0.0040141
 0.00800638 0.0130431 0.0197031 0.0279544 0.0375509 0.0478794 0.0579121 0.0664365 0.0724676 0.0755441 0.0757277 0.0734116 0.0691329 0.0634625 0.0569384 0.0500142 0.0430337 0.0362374 0.0297892 0.0238068 0.018388 0.013625 0.0096023 0.00637762 0.00395529
 0.00799279 0.0130004 0.019602 0.0277586 0.03723 0.0474284 0.0573664 0.0658694 0.0719712 0.0752002 0.075586 0.0734821 0.0693902 0.0638575 0.0574102 0.0505021 0.0434869 0.0366206 0.0300845 0.0240126 0.0185146 0.01369 0.00962511 0.00637583 0.00394247
 0.00798936 0.0129925 0.0195845 0.0277211 0.037155 0.047291 0.057139 0.0655343 0.0715368 0.0747118 0.0751219 0.0731307 0.0692208 0.0638975 0.0576408 0.0508698 0.0439228 0.0370592 0.0304759 0.0243275 0.0187442 0.0138408 0.0097131 0.00641988 0.00395981
 0.00791863 0.0128853 0.0194377 0.0275369 0.0369399 0.0470535 0.0568868 0.065273 0.0712685 0.0744386 0.0748519 0.0728868 0.0690419 0.0638293 0.0577176 0.0510978 0.044275 0.0374833 0.0309116 0.0247229 0.0190665 0.0140784 0.00987166 0.00651529 0.00401113
 0.00786086 0.0127921 0.0192992 0.0273459 0.0366946 0.0467614 0.0565676 0.0649557 0.0709842 0.07421 0.0746874 0.0727826 0.0689912 0.0638325 0.0577859 0.0512471 0.0445131 0.0377992 0.031274 0.0250889 0.0193954 0.0143432 0.0100634 0.00664024 0.00408431
 0.00786054 0.0127861 0.0192798 0.0273022 0.0366146 0.046636 0.0563946 0.0647428 0.0707483 0.0739742 0.0744759 0.0726146 0.0688776 0.0637759 0.0577854 0.0513033 0.0446289 0.0379748 0.0315001 0.0253437 0.0196491 0.0145673 0.0102395 0.00676357 0.00416138
 0.00783287 0.0127325 0.0191833 0.0271422 0.0363724 0.0463036 0.0559824 0.064282 0.0702856 0.0735612 0.0741582 0.0724242 0.068828 0.0638616 0.0579858 0.0515896 0.0449719 0.0383499 0.0318865 0.0257217 0.0199976 0.0148665 0.0104756 0.00693321 0.00427149
 0.00781828 0.0127123 0.0191587 0.0271141 0.0363382 0.0462533 0.0558985 0.0641437 0.0700795 0.0732914 0.0738506 0.0721211 0.0685762 0.0636991 0.0579329 0.0516469 0.0451241 0.0385725 0.0321521 0.0260035 0.0202713 0.015111 0.010676 0.00708264 0.00437222
 0.0078433 0.0127465 0.0191986 0.0271526 0.0363677 0.0462683 0.0558967 0.0641242 0.0700379 0.073218 0.0737339 0.0719562 0.0683735 0.0634857 0.0577455 0.0515195 0.0450775 0.0386098 0.0322603 0.02616 0.0204495 0.0152864 0.0108292 0.00720271 0.00445661
 0.00774578 0.0125885 0.0189622 0.0268231 0.0359383 0.0457472 0.0553137 0.063532 0.0695037 0.0728071 0.0734928 0.0719013 0.0684896 0.0637363 0.0580876 0.051917 0.0455061 0.0390534 0.0327049 0.0265884 0.020842 0.0156242 0.0111 0.00740279 0.00459192
 0.0076269 0.0124126 0.0187291 0.0265426 0.035625 0.0454138 0.0549677 0.0631778 0.0691501 0.0724741 0.0732121 0.07171 0.068419 0.0638005 0.0582791 0.0522107 0.0458686 0.0394529 0.0331144 0.026986 0.0212082 0.0159422 0.0113574 0.00759536 0.00472372
 0.00768461 0.01248 0.0187827 0.0265465 0.0355435 0.0452292 0.0546922 0.0628505 0.0688188 0.0721752 0.0729612 0.0715085 0.0682679 0.0637088 0.0582616 0.0522785 0.046021 0.0396753 0.0333832 0.0272744 0.0214908 0.0161978 0.0115708 0.0077589 0.00483807
 0.00763314 0.0124027 0.0186767 0.0264097 0.0353701 0.0450062 0.0544019 0.0624809 0.0683793 0.0717055 0.0725258 0.0711752 0.0680834 0.0636869 0.0583877 0.0525239 0.0463546 0.0400676 0.0338052 0.0276968 0.0218859 0.0165423 0.0118498 0.00796758 0.00498119
 0.00751885 0.0122319 0.0184479 0.026132 0.0350611 0.0446873 0.0540929 0.062196 0.0681235 0.0714759 0.0723183 0.0709952 0.0679516 0.0636338 0.0584404 0.0526929 0.04663 0.0404238 0.0342089 0.0281132 0.0222826 0.0168928 0.0121363 0.00818316 0.00512965
 0.00757877 0.0123017 0.0185028 0.0261339 0.0349716 0.0444864 0.053793 0.0618404 0.0677691 0.0711698 0.0720826 0.0708271 0.0678364 0.0635615 0.0584139 0.0527264 0.0467379 0.0406102 0.0344623 0.0284088 0.0225891 0.0171799 0.0123809 0.0083727 0.00526305
 0.00764207 0.0124127 0.0186824 0.0264 0.0353269 0.044904 0.0542103 0.0621707 0.0679329 0.0711277 0.07185 0.0704615 0.0674083 0.0631292 0.0580157 0.0523857 0.0464719 0.0404316 0.0343763 0.0284083 0.0226543 0.0172834 0.0124949 0.00847581 0.00534335
 0.00763581 0.0124122 0.0187001 0.0264556 0.0354442 0.0451045 0.0545027 0.062541 0.0683377 0.0714981 0.0721089 0.0705499 0.0673077 0.0628669 0.0576504 0.0519843 0.0460912 0.0401111 0.034138 0.0282585 0.0225856 0.0172771 0.0125269 0.00852293 0.00538879
 0.00769852 0.0124906 0.0187758 0.0264996 0.0354289 0.0450203 0.0543699 0.0624081 0.0682624 0.0715217 0.0722362 0.0707449 0.0675078 0.0630088 0.0576948 0.0519281 0.0459625 0.0399533 0.0339925 0.0281532 0.0225312 0.0172692 0.0125511 0.00856206 0.00542833
 0.00778382 0.0126293 0.0189824 0.0267825 0.035782 0.0454153 0.0547539 0.0627151 0.0684384 0.0715494 0.0721426 0.0705843 0.0673313 0.0628402 0.0575273 0.0517402 0.0457397 0.0397007 0.0337336 0.0279183 0.0223445 0.0171408 0.0124768 0.00852844 0.00541939
 0.00784382 0.0127275 0.0191317 0.0269954 0.0360684 0.0457771 0.0551786 0.0631702 0.0688717 0.0718986 0.0723522 0.0706253 0.0672117 0.062599 0.0572152 0.0513986 0.0453916 0.0393564 0.033402 0.0276136 0.0220842 0.0169382 0.0123355 0.00844114 0.00537235
 0.00784784 0.0127389 0.0191582 0.027048 0.0361597 0.0459183 0.055376 0.0634222 0.0691668 0.0722138 0.0726531 0.0708701 0.067361 0.0626283 0.0571241 0.0512091 0.0451378 0.0390722 0.0331142 0.0273423 0.0218451 0.0167433 0.0121906 0.00834422 0.00531471
 0.00775538 0.0126161 0.0190242 0.026938 0.0361156 0.0459737 0.0555438 0.0636911 0.0695072 0.0725878 0.0730224 0.0711993 0.0676184 0.0627882 0.0571703 0.0511403 0.0449693 0.0388325 0.0328379 0.0270623 0.0215879 0.0165268 0.0120237 0.00822718 0.0052406
 0.00760479 0.0123878 0.0187133 0.0265553 0.0356905 0.0455546 0.0551943 0.0634791 0.0694857 0.0727745 0.0733908 0.0716875 0.0681497 0.0632917 0.0575928 0.0514503 0.045156 0.0389038 0.032816 0.0269781 0.0214734 0.0164094 0.0119218 0.00814988 0.00518875
 0.00740293 0.0120638 0.018235 0.0258999 0.0348546 0.0445671 0.0541287 0.0624518 0.0686365 0.0722319 0.0732381 0.0719415 0.0687596 0.0641553 0.0585841 0.0524481 0.0460659 0.0396676 0.0334116 0.0274115 0.0217688 0.0165986 0.0120363 0.00821569 0.00522497
 0.00742169 0.0120664 0.018187 0.0257513 0.0345514 0.0440713 0.0534376 0.0616082 0.0677243 0.0713627 0.0725313 0.0715016 0.0686534 0.0643945 0.0591214 0.0531898 0.0468973 0.0404811 0.0341276 0.0279875 0.0221961 0.0168929 0.0122253 0.00832919 0.00528891
 0.00753552 0.0122279 0.0183845 0.0259538 0.0347107 0.0441284 0.0533333 0.0612968 0.0671907 0.0706377 0.0716963 0.0706764 0.0679686 0.0639585 0.0589937 0.0533683 0.0473225 0.0410565 0.0347475 0.0285633 0.0226724 0.0172491 0.0124686 0.00848184 0.00537716
 0.0076123 0.0123613 0.0185992 0.0262731 0.0351442 0.0446565 0.0538946 0.0617919 0.0675055 0.0706783 0.0714205 0.0701097 0.0672004 0.0631205 0.0582268 0.0527869 0.0469876 0.0409661 0.0348476 0.0287734 0.0229139 0.0174656 0.0126328 0.00859047 0.00544088
 0.00739642 0.0120336 0.0181511 0.0257168 0.0345148 0.0440108 0.0533061 0.0613374 0.0672424 0.0706207 0.0715306 0.0703131 0.0674192 0.0633069 0.0583798 0.0529461 0.0472076 0.0412857 0.0352693 0.0292609 0.0234083 0.0179089 0.0129866 0.00884343 0.00560339
 0.00729232 0.0118518 0.0178557 0.0252706 0.0338925 0.0432187 0.0523981 0.0604148 0.0664319 0.0700384 0.0712484 0.0703402 0.0677051 0.0637639 0.0589163 0.0534967 0.0477466 0.0418191 0.0358114 0.0298119 0.0239455 0.0183953 0.0133881 0.00914259 0.00580385
 0.00726308 0.0117936 0.0177473 0.0250824 0.0335907 0.0427728 0.0517932 0.0596642 0.0655864 0.0691868 0.0705043 0.0698151 0.0674756 0.0638481 0.0592719 0.0540418 0.0483923 0.042496 0.0364783 0.0304471 0.0245319 0.0189122 0.0138142 0.00946527 0.00602557
 0.00736163 0.0119433 0.0179516 0.0253344 0.0338697 0.043043 0.052003 0.0597521 0.0654943 0.0688812 0.0699948 0.0691624 0.0667811 0.0632272 0.0588196 0.0538065 0.0483695 0.0426425 0.0367362 0.0307635 0.0248652 0.0192306 0.0140929 0.00968778 0.00618602
 0.00744442 0.0120757 0.0181465 0.0256003 0.0342076 0.0434407 0.0524297 0.0601573 0.0658136 0.0690488 0.0699596 0.068903 0.0663173 0.0626218 0.0581675 0.05321 0.0479097 0.0423594 0.0366261 0.0307914 0.0249833 0.0193922 0.0142602 0.00983477 0.00629918
 0.00738156 0.0120077 0.0181068 0.0256405 0.0343828 0.0437862 0.0529415 0.0607864 0.0664774 0.0696517 0.0704119 0.0691359 0.0662931 0.0623425 0.0576776 0.0525909 0.0472619 0.0417769 0.0361738 0.0304935 0.0248275 0.0193438 0.0142775 0.00988121 0.00634946
#obs surv len freq
 nan nan nan nan nan nan nan nan nan nan nan nan nan nan nan nan nan nan nan nan nan nan nan nan nan
 0.00448413 0.00734536 0.0111754 0.0159921 0.0216935 0.0279699 0.0342848 0.0400165 0.0446961 0.0481596 0.0505168 0.0520118 0.0529032 0.0534148 0.0537284 0.0539828 0.0542611 0.0545536 0.0546922 0.054284 0.0527221 0.0493543 0.0438043 0.0362846 0.0276686
 0.00461649 0.00756152 0.0115022 0.0164542 0.0223074 0.0287348 0.0351733 0.0409721 0.0456407 0.0490084 0.0511947 0.0524642 0.0531016 0.0533575 0.0534365 0.0534926 0.0536151 0.0537942 0.053858 0.0534117 0.0518501 0.0485253 0.0430625 0.0356676 0.027197
 0.00477721 0.0078263 0.0119072 0.0170349 0.0230916 0.0297307 0.0363573 0.042284 0.0469902 0.0502911 0.0523075 0.0533186 0.0536318 0.0535263 0.0532377 0.0529491 0.0527724 0.0527116 0.0526016 0.0520517 0.0504618 0.0471894 0.0418592 0.034663 0.0264278
 0.0049736 0.00814593 0.0123891 0.0177163 0.0240014 0.0308789 0.0377238 0.0438123 0.048593 0.0518627 0.0537389 0.0545066 0.0544874 0.0539807 0.0532487 0.0525056 0.0518956 0.0514526 0.0510371 0.0502796 0.048598 0.0453617 0.040194 0.0332638 0.0253526
 0.00517892 0.00848373 0.0129049 0.018455 0.0249984 0.0321467 0.0392377 0.0455063 0.0503698 0.053612 0.0553533 0.0558892 0.0555517 0.0546512 0.0534637 0.0522231 0.0511013 0.0501673 0.0493223 0.0482395 0.0463765 0.0431306 0.0381288 0.0315108 0.0239971
 0.00541272 0.00886394 0.0134776 0.0192637 0.026077 0.0335069 0.0408562 0.0473185 0.0522768 0.0554984 0.0571042 0.0574015 0.0567382 0.0554394 0.0537931 0.0520445 0.0503816 0.0488998 0.0475419 0.0460367 0.0439027 0.0405866 0.035733 0.0294525 0.0223925
 0.0056452 0.00924826 0.0140677 0.0201134 0.0272289 0.0349753 0.0426098 0.0492765 0.0543221 0.0575019 0.0589459 0.0589807 0.0579738 0.0562659 0.0541562 0.0518984 0.0496892 0.0476416 0.0457328 0.0437481 0.0412781 0.0378369 0.0331034 0.027166 0.020594
 0.00587354 0.00962273 0.0146377 0.0209283 0.0283294 0.0363801 0.0443001 0.0511882 0.056352 0.0595251 0.0608355 0.0606221 0.059273 0.0571514 0.0545752 0.0518099 0.0490602 0.0464501 0.0439839 0.0414979 0.0386559 0.0350485 0.0304012 0.0247899 0.018708
 0.00613802 0.010051 0.0152791 0.0218276 0.0295187 0.0378662 0.0460508 0.0531281 0.058373 0.0615064 0.0626617 0.0621926 0.0605044 0.0579768 0.054943 0.0516809 0.0484047 0.0452494 0.0422418 0.0392628 0.0360455 0.032258 0.0276787 0.0223791 0.0167819
 0.00638423 0.0104586 0.0159056 0.02273 0.0307408 0.0394185 0.0478926 0.0551631 0.0604666 0.0635152 0.0644599 0.0636843 0.0616225 0.0586762 0.0551923 0.0514558 0.0476845 0.0440203 0.0405079 0.0370678 0.0334967 0.0295363 0.0250185 0.0200158 0.0148861
 0.00660217 0.010816 0.0164499 0.0235084 0.0317926 0.0407619 0.0495096 0.0569903 0.0624007 0.065429 0.0662224 0.0651785 0.0627577 0.0593925 0.0554571 0.0512545 0.0470108 0.0428726 0.0388971 0.0350364 0.0311416 0.0270207 0.0225556 0.0178216 0.0131203
 0.00683571 0.0111979 0.0170283 0.024329 0.0328889 0.0421406 0.0511362 0.058786 0.0642542 0.067219 0.0678361 0.0665215 0.0637557 0.0599915 0.0556233 0.0509729 0.0462805 0.0417031 0.037311 0.0330822 0.028912 0.0246638 0.0202622 0.0157851 0.0114832
 0.00707346 0.0115874 0.0176199 0.0251703 0.0340144 0.0435555 0.0528002 0.060609 0.06611 0.0689716 0.0693644 0.0677332 0.0645906 0.0604172 0.055628 0.0505581 0.0454561 0.0404866 0.0357317 0.0311924 0.0268013 0.0224671 0.0181481 0.0139214 0.00999204
 0.00727817 0.0119265 0.0181418 0.0259233 0.0350366 0.0448581 0.054351 0.0623268 0.067876 0.070652 0.0708343 0.0688924 0.0653709 0.0607832 0.055573 0.0500954 0.0446107 0.0392892 0.0342213 0.0294249 0.0248624 0.0204776 0.0162542 0.0122655 0.00867483
 0.00745603 0.0122186 0.0185868 0.0265596 0.035895 0.04595 0.0556562 0.0637872 0.0694012 0.0721345 0.0721654 0.0699756 0.0661308 0.0611714 0.0555692 0.0497046 0.0438563 0.0382077 0.0328593 0.0278437 0.0231452 0.0187333 0.0146089 0.0108377 0.00754582
 0.00753809 0.0123539 0.0187946 0.0268609 0.0363104 0.0464964 0.0563406 0.0646024 0.0703234 0.0731232 0.0731646 0.0709171 0.0669396 0.0617745 0.0559057 0.0497334 0.043561 0.0375963 0.0319633 0.0267173 0.0218659 0.0174007 0.0133339 0.00972254 0.00666022
 0.00760139 0.0124517 0.018933 0.0270431 0.0365386 0.0467733 0.0566702 0.0649894 0.0707718 0.0736335 0.07373 0.0715182 0.0675413 0.0623258 0.0563446 0.0499973 0.0435983 0.0373765 0.0314842 0.0260082 0.0209873 0.016438 0.0123848 0.00887758 0.00598206
 0.0076813 0.0125746 0.0191046 0.0272636 0.0368021 0.0470681 0.0569801 0.0652964 0.0710615 0.0739008 0.0739812 0.0717665 0.0677975 0.0625878 0.0565915 0.0501898 0.0436862 0.0373121 0.0312363 0.025574 0.0203976 0.0157543 0.0116863 0.0082415 0.00546428
 0.00773691 0.0126588 0.0192194 0.0274067 0.0369674 0.0472469 0.0571623 0.0654716 0.0712206 0.0740391 0.0741004 0.0718753 0.0679086 0.062712 0.0567307 0.0503307 0.043799 0.0373559 0.0311712 0.0253756 0.020069 0.0153293 0.0112212 0.00779857 0.00509279
 0.00779721 0.0127514 0.0193485 0.0275717 0.0371625 0.0474609 0.057379 0.0656713 0.0713846 0.0741547 0.074165 0.0718964 0.0679007 0.0626926 0.0567146 0.0503248 0.0437979 0.0373403 0.0311128 0.0252479 0.0198601 0.01505 0.010904 0.00748665 0.00482453
 0.00782277 0.0127917 0.0194067 0.0276498 0.0372605 0.047576 0.0575049 0.0657985 0.0715017 0.0742513 0.0742343 0.0719365 0.067915 0.0626887 0.0567021 0.0503121 0.0437879 0.0373276 0.031083 0.0251827 0.0197458 0.0148863 0.010707 0.00728369 0.00464342
 0.0078635 0.0128522 0.0194871 0.0277465 0.0373674 0.0476864 0.0576129 0.0658987 0.0715895 0.0743222 0.0742842 0.0719626 0.0679167 0.0626682 0.0566646 0.0502647 0.0437369 0.0372757 0.0310268 0.0251138 0.0196549 0.0147701 0.0105719 0.00714461 0.00451791
 0.00787569 0.0128694 0.019508 0.0277682 0.0373857 0.0476973 0.0576139 0.0658903 0.0715753 0.0743086 0.0742789 0.0719715 0.0679414 0.0627055 0.0567081 0.0503074 0.0437737 0.0373028 0.031041 0.0251106 0.01963 0.0147218 0.0105042 0.00706735 0.00444334
 0.00790219 0.0129068 0.0195537 0.027816 0.0374272 0.0477249 0.0576222 0.0658779 0.0715446 0.0742652 0.0742309 0.0719283 0.0679114 0.0626942 0.0567162 0.050331 0.0438057 0.0373353 0.0310668 0.0251239 0.0196268 0.0147008 0.010468 0.00702222 0.00439756
 0.0079048 0.0129118 0.0195625 0.0278296 0.0374454 0.0477446 0.0576375 0.0658814 0.0715301 0.0742316 0.074183 0.0718758 0.0678658 0.0626649 0.0567086 0.0503453 0.0438375 0.0373772 0.0311098 0.0251597 0.0196493 0.0147073 0.0104595 0.0070031 0.00437404
 0.007884 0.012875 0.0195021 0.0277378 0.0373175 0.0475832 0.0574557 0.0657006 0.071375 0.0741213 0.0741268 0.0718733 0.0679104 0.0627479 0.0568215 0.0504799 0.0439849 0.0375273 0.0312524 0.0252849 0.0197498 0.0147794 0.010504 0.00702495 0.00438032
 0.00788416 0.0128694 0.0194826 0.0276931 0.0372353 0.0474554 0.0572823 0.0654928 0.0711541 0.0739148 0.0739625 0.0717725 0.0678835 0.062793 0.0569267 0.0506284 0.0441592 0.0377111 0.0314313 0.0254469 0.0198858 0.0148841 0.010577 0.00706999 0.00440421
 0.0078929 0.0128823 0.0194993 0.0277111 0.0372496 0.0474572 0.0572603 0.0654355 0.0710543 0.073775 0.0737969 0.071605 0.0677414 0.0626992 0.0568938 0.0506566 0.0442384 0.0378252 0.0315624 0.0255785 0.0200045 0.0149813 0.010649 0.00711781 0.00443228
 0.00787461 0.0128547 0.0194618 0.0276646 0.0371962 0.0473998 0.0572015 0.0653769 0.0709952 0.073713 0.0737292 0.0715316 0.0676684 0.0626383 0.0568599 0.0506618 0.0442874 0.0379136 0.0316779 0.0257051 0.0201266 0.0150868 0.0107311 0.0071754 0.0044685
 0.00786247 0.0128304 0.0194172 0.0275902 0.0370847 0.0472508 0.0570253 0.0651937 0.0708296 0.0735854 0.0736502 0.0715007 0.0676771 0.0626766 0.0569205 0.0507425 0.0443889 0.0380357 0.0318165 0.0258509 0.0202673 0.0152106 0.0108301 0.00724714 0.00451538
 0.0078492 0.0128088 0.0193843 0.0275426 0.0370182 0.0471611 0.0569093 0.0650522 0.0706704 0.0734238 0.073507 0.0713962 0.0676247 0.0626791 0.0569712 0.0508299 0.0445018 0.0381656 0.0319564 0.0259937 0.0204043 0.0153327 0.0109301 0.00732158 0.0045655
 0.00780587 0.0127386 0.0192795 0.0273969 0.0368293 0.0469331 0.0566551 0.0647928 0.0704302 0.0732249 0.0733653 0.0713212 0.0676205 0.062745 0.057101 0.0510113 0.0447183 0.0383993 0.0321913 0.0262165 0.0206046 0.0155026 0.0110648 0.00742036 0.00463182
 0.00777443 0.0126857 0.0191964 0.0272747 0.036661 0.0467171 0.0563989 0.0645137 0.0701534 0.0729782 0.0731734 0.0712017 0.067582 0.0627877 0.0572179 0.0511903 0.0449434 0.0386519 0.032452 0.0264676 0.0208312 0.0156943 0.0112161 0.007531 0.00470615
 0.00773952 0.012629 0.0191112 0.0271548 0.0365015 0.0465169 0.0561623 0.0642523 0.0698852 0.0727254 0.0729595 0.0710478 0.0675041 0.0627936 0.0573068 0.0513529 0.0451641 0.038911 0.032728 0.0267393 0.0210801 0.0159067 0.0113845 0.00765431 0.00478906
 0.00769252 0.012552 0.0189946 0.0269897 0.0362827 0.046246 0.0558511 0.0639229 0.0695657 0.0724445 0.0727401 0.070906 0.0674488 0.0628279 0.0574277 0.0515515 0.0454255 0.0392153 0.033052 0.0270592 0.0213742 0.0161583 0.0115841 0.00780052 0.00488726
 0.00770818 0.0125704 0.0190088 0.0269883 0.0362519 0.0461733 0.0557295 0.0637532 0.0693571 0.0722127 0.0725062 0.0706929 0.0672778 0.0627163 0.0573866 0.051585 0.04553 0.03938 0.0332596 0.027288 0.0216015 0.016364 0.0117542 0.00792897 0.00497555
 0.00766152 0.0125061 0.0189331 0.026913 0.0361893 0.0461293 0.0556987 0.0637202 0.0693035 0.0721264 0.0723871 0.0705527 0.0671369 0.0625969 0.0573086 0.0515621 0.0455686 0.0394778 0.0334064 0.0274667 0.0217915 0.0165447 0.0119093 0.00804941 0.00506013
 0.00764076 0.01247 0.0188753 0.026828 0.0360764 0.0459965 0.0555641 0.0636072 0.069231 0.0720986 0.0723908 0.0705655 0.0671388 0.0625811 0.0572824 0.0515424 0.0455735 0.0395202 0.0334898 0.0275848 0.0219302 0.0166864 0.0120376 0.00815325 0.00513538
 0.00762821 0.0124484 0.0188403 0.0267746 0.0359995 0.0458927 0.0554346 0.06346 0.0690819 0.0719686 0.0722996 0.0705238 0.0671442 0.0626194 0.0573363 0.0516004 0.0456339 0.0395892 0.0335749 0.0276889 0.0220488 0.0168087 0.0121509 0.00824715 0.00520496
 0.00759595 0.0124011 0.0187786 0.0267019 0.0359205 0.0458112 0.0553517 0.063375 0.0689937 0.0718792 0.0722161 0.0704574 0.0671068 0.0626182 0.0573707 0.0516624 0.045713 0.0396774 0.0336694 0.0277894 0.022154 0.0169137 0.0122479 0.00832852 0.00526637
 0.00757291 0.0123617 0.0187162 0.0266102 0.0357963 0.0456583 0.0551824 0.0632087 0.0688509 0.0717742 0.0721535 0.0704338 0.0671161 0.0626564 0.0574355 0.0517518 0.0458224 0.0398001 0.0337977 0.0279173 0.0222765 0.0170265 0.0123463 0.00840848 0.0053258
 0.00756631 0.0123499 0.0186959 0.0265776 0.0357466 0.0455869 0.0550871 0.0630914 0.0687195 0.0716421 0.0720369 0.0703475 0.067069 0.0626496 0.0574651 0.0518114 0.0459056 0.0399005 0.0339088 0.028032 0.0223882 0.0171292 0.0124349 0.00847965 0.00537837
 0.00757069 0.012358 0.01871 0.0265995 0.035777 0.0456231 0.0551223 0.0631149 0.0687196 0.0716106 0.0719725 0.0702576 0.0669674 0.0625529 0.0573876 0.0517618 0.0458866 0.0399098 0.0339415 0.0280816 0.0224474 0.0171907 0.0124925 0.00852837 0.00541572
 0.00754765 0.0123233 0.0186631 0.0265421 0.0357132 0.0455591 0.0550651 0.0630712 0.0686934 0.071601 0.0719739 0.0702616 0.0669674 0.0625473 0.0573804 0.0517606 0.0458987 0.0399396 0.0339887 0.0281422 0.0225152 0.0172585 0.012554 0.00857909 0.00545372
 0.00753945 0.0123094 0.018641 0.0265096 0.0356691 0.0455045 0.0550044 0.0630118 0.0686441 0.0715688 0.0719617 0.070267 0.0669841 0.0625676 0.0573986 0.0517751 0.0459126 0.0399581 0.0340163 0.0281804 0.0225616 0.0173084 0.0126016 0.00861984 0.00548497
 0.00753026 0.012296 0.0186236 0.0264892 0.0356467 0.0454804 0.0549781 0.0629824 0.0686117 0.0715359 0.0719325 0.0702468 0.0669761 0.0625717 0.0574118 0.051793 0.0459319 0.0399782 0.0340389 0.0282076 0.0225941 0.0173443 0.0126373 0.00865147 0.00550995
 0.00750318 0.0122531 0.0185614 0.0264058 0.0355429 0.045361 0.0548523 0.0628633 0.0685126 0.0714671 0.071899 0.0702482 0.0670088 0.0626303 0.0574899 0.0518834 0.0460273 0.0400723 0.0341275 0.0282887 0.0226669 0.0174081 0.0126912 0.00869429 0.00554139
 0.00748485 0.0122237 0.0185179 0.0263457 0.0354648 0.0452655 0.0547433 0.0627481 0.0684017 0.0713722 0.0718306 0.0702132 0.0670097 0.0626652 0.0575531 0.0519676 0.0461242 0.040174 0.0342272 0.0283813 0.0227492 0.0174782 0.0127481 0.00873798 0.00557262
 0.00750433 0.0122489 0.0185441 0.0263642 0.0354657 0.0452409 0.0546904 0.0626704 0.0683071 0.0712709 0.0717333 0.0701299 0.0669487 0.0626323 0.0575505 0.0519936 0.0461736 0.0402396 0.0343012 0.0284563 0.0228194 0.0175396 0.0127984 0.00877653 0.00560001
 0.00750433 0.0122489 0.0185441 0.0263642 0.0354657 0.0452409 0.0546904 0.0626704 0.0683071 0.0712709 0.0717333 0.0701299 0.0669487 0.0626323 0.0575505 0.0519936 0.0461736 0.0402396 0.0343012 0.0284563 0.0228194 0.0175396 0.0127984 0.00877653 0.00560001
 0.0073635 0.0120313 0.0182379 0.0259672 0.0349862 0.044699 0.0541199 0.0621177 0.0678264 0.0709131 0.0715354 0.070108 0.0670967 0.0629252 0.0579519 0.0524626 0.0466715 0.040733 0.0347634 0.0288681 0.0231681 0.0178194 0.01301 0.00892625 0.00569835
 0.00725855 0.0118475 0.0179383 0.0255127 0.0343488 0.0438807 0.0531675 0.0611227 0.0669039 0.070172 0.0710536 0.0699223 0.0672056 0.0632972 0.0585345 0.0531913 0.0474785 0.041555 0.0355472 0.0295732 0.0237679 0.018301 0.0133732 0.00918183 0.00586497
 0.00723699 0.0118065 0.0178643 0.025386 0.0341435 0.0435688 0.0527259 0.0605447 0.0662115 0.0694221 0.0703328 0.0693285 0.0668228 0.0631749 0.0586795 0.0535721 0.0480372 0.0422209 0.0362489 0.0302483 0.0243691 0.0187988 0.0137564 0.00945505 0.0060445
 0.00726801 0.0118575 0.0179413 0.0254921 0.0342755 0.0437109 0.0528465 0.0605978 0.0661463 0.0692001 0.0699455 0.0688084 0.0662415 0.062627 0.0582567 0.0533386 0.0480148 0.0423894 0.0365577 0.0306329 0.0247672 0.0191614 0.0140534 0.00967581 0.00619362
 0.00726146 0.0118557 0.0179548 0.0255363 0.0343659 0.0438565 0.0530424 0.0608214 0.0663586 0.0693513 0.0699855 0.0687008 0.0659778 0.0622365 0.0578042 0.0529084 0.0476859 0.0422119 0.0365413 0.0307502 0.0249679 0.0193911 0.014268 0.009849 0.00631708
 0.00728811 0.0119005 0.0180251 0.0256405 0.0345126 0.0440523 0.0532883 0.0611093 0.0666682 0.0696497 0.0702288 0.0688409 0.0659737 0.0620679 0.0574824 0.0524796 0.0472223 0.0417917 0.0362254 0.0305659 0.0249065 0.0194184 0.0143415 0.0099324 0.00638806
#pred catch len freq
 0.00316612 0.00513925 0.00775398 0.0110553 0.0150857 0.0198388 0.0251979 0.0309233 0.0366999 0.0422005 0.047134 0.0512832 0.0545352 0.0568876 0.058426 0.0592935 0.059666 0.0597179 0.0595389 0.0590003 0.0576465 0.0547578 0.0496716 0.0422441 0.0331365
 0.00342961 0.00550242 0.00818243 0.0114827 0.0154403 0.0200802 0.0253399 0.0310224 0.0368139 0.0423465 0.0472755 0.0513568 0.0544986 0.0567569 0.0582785 0.0592332 0.059768 0.0599772 0.0598517 0.0591933 0.0575495 0.0542861 0.0488716 0.0412733 0.0321893
 0.00352288 0.00569115 0.00852975 0.0120564 0.01628 0.0211562 0.0265315 0.0321448 0.0376895 0.0428788 0.0474746 0.0513022 0.0542765 0.0564226 0.057865 0.0587795 0.0593291 0.0595982 0.0595271 0.0588489 0.0570726 0.0535921 0.0479643 0.0402546 0.0312117
 0.00368025 0.00593058 0.00886511 0.0125042 0.0168728 0.0219518 0.0275997 0.0335235 0.0393273 0.0446053 0.0490339 0.052445 0.0548546 0.0564284 0.0574001 0.0579899 0.0583525 0.0585378 0.0584394 0.0577396 0.0559102 0.0523467 0.0466527 0.0389587 0.0300501
 0.00388551 0.00625859 0.0093475 0.0131652 0.0177248 0.022991 0.0288067 0.0348711 0.0407916 0.0461618 0.0506301 0.0539657 0.0561178 0.057233 0.0576031 0.0575626 0.0573795 0.0571676 0.056823 0.0559905 0.054099 0.0505249 0.0448852 0.0373377 0.0286765
 0.00410665 0.00661248 0.0098709 0.0138918 0.0186829 0.0241972 0.0302545 0.0365209 0.0425687 0.047968 0.0523621 0.0555282 0.0574208 0.0581778 0.0580771 0.0574614 0.0566493 0.0558368 0.0549993 0.0538274 0.0517595 0.0481634 0.0426471 0.035357 0.0270586
 0.00434613 0.00699523 0.0104359 0.0146746 0.019713 0.0254934 0.0318152 0.0383141 0.0445273 0.0499919 0.054328 0.0573047 0.0588857 0.0592289 0.0586318 0.0574502 0.0560175 0.0545632 0.0531222 0.0514592 0.0490786 0.0453881 0.0400019 0.0330371 0.0251962
 0.00459033 0.00738901 0.0110237 0.0154986 0.0208095 0.0268844 0.0334968 0.0402466 0.0466337 0.0521641 0.0564381 0.0592176 0.0604721 0.0603765 0.0592516 0.0574757 0.0554021 0.0532843 0.0511979 0.0489727 0.0461939 0.042341 0.037062 0.03045 0.0231277
 0.00484465 0.00779644 0.0116273 0.0163386 0.0219217 0.0282937 0.0352065 0.0422259 0.0488109 0.054429 0.0586525 0.0612323 0.0621458 0.0615904 0.0599153 0.057525 0.0547944 0.051999 0.049249 0.0464319 0.0432137 0.0391576 0.0339619 0.0277061 0.0209302
 0.00510087 0.00820554 0.0122304 0.0171725 0.0230169 0.0296691 0.03686 0.0441252 0.0508901 0.0565913 0.060778 0.063188 0.0637984 0.0628193 0.0606217 0.0576357 0.0542601 0.0507952 0.047385 0.0439719 0.0403 0.0360175 0.0308803 0.0249624 0.0187245
 0.00537182 0.00863971 0.012873 0.0180639 0.0241881 0.0311343 0.0386044 0.0460971 0.0530016 0.0587289 0.0628169 0.0650055 0.065284 0.0638802 0.0611839 0.0576416 0.0536669 0.0495775 0.0455469 0.0415685 0.0374611 0.0329567 0.0278707 0.0222762 0.0165606
 0.00568665 0.00913584 0.0135918 0.0190373 0.025438 0.0326691 0.04041 0.0481253 0.0551643 0.0609027 0.0648579 0.0667708 0.0666524 0.064766 0.0615375 0.0574394 0.0528987 0.0482414 0.0436576 0.0391789 0.034689 0.0299965 0.0249737 0.0196958 0.0144833
 0.00594433 0.00955284 0.0142163 0.0199139 0.026601 0.034131 0.042148 0.050075 0.0572247 0.062951 0.0667651 0.0684133 0.0679219 0.065578 0.0618373 0.0572017 0.052121 0.0469372 0.0418567 0.0369411 0.0321249 0.02728 0.0223274 0.0173443 0.012592
 0.00618173 0.00993786 0.0147952 0.0207323 0.0276988 0.035532 0.0438449 0.0520154 0.0593078 0.065037 0.0686952 0.0700358 0.069116 0.0662674 0.0619897 0.0568182 0.0512233 0.0455589 0.0400439 0.0347632 0.0296907 0.0247477 0.019892 0.0151988 0.0108762
 0.00642499 0.0103255 0.0153653 0.0215186 0.0287285 0.0368211 0.045388 0.0537745 0.0612064 0.0669616 0.0705061 0.0715856 0.0702722 0.0669337 0.0621176 0.0564058 0.050303 0.0441837 0.0382801 0.0326939 0.0274265 0.0224339 0.017698 0.0132866 0.00935876
 0.00655021 0.0105397 0.0157082 0.0220355 0.0294638 0.037805 0.0466225 0.055225 0.0628029 0.0686074 0.0720889 0.0729876 0.0713819 0.0676573 0.0623903 0.0561983 0.0496223 0.0430683 0.0367941 0.0309242 0.0254847 0.0204558 0.0158327 0.0116705 0.00808306
 0.00655562 0.0105576 0.0157539 0.0221346 0.0296529 0.0381296 0.04713 0.0559519 0.0637582 0.0697594 0.0733609 0.0742699 0.0725516 0.0686001 0.0630145 0.056442 0.0494562 0.0424965 0.0358544 0.0296868 0.0240506 0.0189499 0.0143895 0.0104095 0.00708384
 0.00653532 0.0105215 0.0156951 0.0220478 0.0295402 0.0380082 0.047038 0.055947 0.0639072 0.0701187 0.0739561 0.0750805 0.073508 0.0695941 0.0639208 0.0571427 0.0498606 0.0425532 0.0355561 0.0290706 0.0231936 0.0179599 0.0133872 0.00950499 0.00635284
 0.00660768 0.0106194 0.0158053 0.0221444 0.0295902 0.0379822 0.0469217 0.0557508 0.0636703 0.0699067 0.0738493 0.0751525 0.0738003 0.0700965 0.0645674 0.0578258 0.0504579 0.0429568 0.0356957 0.0289272 0.0228005 0.0173937 0.0127481 0.00889141 0.00583814
 0.00679958 0.0109065 0.0161898 0.0226089 0.0300984 0.0384828 0.0473541 0.0560532 0.0637938 0.0698329 0.0736033 0.074802 0.0734388 0.0698148 0.0644244 0.0578288 0.0505603 0.0430759 0.0357423 0.028836 0.0225506 0.0170118 0.0122959 0.00844236 0.00545253
