SBPRF35
12.7214
Curr Bio
795640
B35
883406
F35
0.168403
FOFL
0.148404
OFL
96140.2
Bzero
3.63469e+006
#pred survey bio
 3.44157e+006 3.34222e+006 3.24938e+006 3.10075e+006 2.90842e+006 2.67946e+006 2.46113e+006 2.23761e+006 2.00352e+006 1.79412e+006 1.57226e+006 1.42236e+006 1.27295e+006 1.13478e+006 1.00752e+006 890052 802684 713137 667025 639774 612038 585403 570612 551024 542319 533207 535580 537460 538548 545325 544758 540538 548343 559417 567384 573165 594035 606044 620396 635364 662160 671324 672187 675809 679515 688369 688564 691362 692935 696043 690547 717031 744808 764883 779788 790752 800013 2.75713e+007 1.62886e+007 1.63918e+007 1.72085e+007 1.85223e+007 2.00525e+007 2.15818e+007 2.2977e+007 2.41764e+007 2.51662e+007 2.596e+007 2.65841e+007 2.7068e+007 2.74399e+007 2.7724e+007 2.79406e+007 2.81056e+007 2.82314e+007 2.83276e+007 2.84014e+007 2.84582e+007 2.85021e+007 2.85363e+007 2.8563e+007 2.85839e+007 2.86004e+007 2.86134e+007 2.86237e+007 2.86319e+007 2.86385e+007 2.86437e+007 2.8648e+007 2.86514e+007 2.86541e+007 2.86564e+007 2.86582e+007 2.86596e+007 2.86608e+007 2.86618e+007 2.86626e+007 2.86632e+007 2.86637e+007 2.86642e+007 2.86645e+007 2.86648e+007 2.8665e+007 2.86652e+007 2.86654e+007 2.86655e+007 2.86656e+007 2.86657e+007 2.86658e+007 2.86658e+007 2.86659e+007 2.86659e+007 2.8666e+007 2.8666e+007 2.8666e+007 2.8666e+007 2.8666e+007 2.8666e+007 2.86661e+007 2.86661e+007 2.86661e+007 2.86661e+007 2.86661e+007 2.86661e+007 2.86661e+007 2.86661e+007 2.86661e+007 2.86661e+007 2.86661e+007 2.86661e+007 2.86661e+007 2.86661e+007 2.86661e+007 2.86661e+007 2.86661e+007 2.86661e+007 2.86661e+007 2.86661e+007 2.86661e+007 2.86661e+007 2.86661e+007 2.86661e+007 2.86661e+007 2.86661e+007 2.86661e+007 2.86661e+007 2.86661e+007 2.86661e+007 2.86661e+007 2.86661e+007 2.86661e+007 2.86661e+007 2.86661e+007 2.86661e+007 2.86661e+007 2.86661e+007 2.86661e+007 0 0 0 0 0 0 0 0 0 0 0 0 0 0 0 0 0 0 0 0 0 0 0 0 0
#obs survey bio
 3.25548e+006 3.3958e+006 3.95582e+006 2.70461e+006 2.54958e+006 2.91653e+006 2.0938e+006 1.7923e+006 1.30958e+006 1.61791e+006 1.49362e+006 1.29491e+006 1.31467e+006 946584 829959 827062 620196 683209 673264 876814 531963 502519 321186 515440 555400 387165 466852 912636 659767 639129 439858 583323 442421 483394 362851 528460 739638 596316 687662 464471 610222 621141 569938 649021 846144 498075 645426 723305 732949 565691 788850 849012 773294 711000 565813 828191 798088
#pred catch bio
 91643.5 89867.2 148249 199189 246966 253611 275506 301702 293943 316112 260019 265678 258489 249072 238283 208517 204808 161686 141685 138495 134240 122356 125086 114356 113463 103181 103269 102838 97097.5 102552 104569 94099.4 92196.4 95735.6 98003.1 86188.6 94927.9 93863.5 94754.9 86854.5 103511 110704 108243 108254 104481 112497 110193 110730 108771 115305 88012.3 87660.5 93988.3 97698.1 100053 99173.3 112460 96140.2 106303 105777 109679 117464 126923 136392 144937 152156 157979 162521 165976 168554 170448 171823 172813 173519 174021 174375 174625 174799 174922 175007 175067 175108 175137 175157 175171 175181 175187 175192 175195 175197 175199 175200 175200 175201 175201 175201 175202 175202 175202 175202 175202 175202 175202 175202 175202 175202 175202 175202 175202 175202 175202 175202 175202 175202 175202 175202 175202 175202 175202 175202 175202 175202 175202 175202 175202 175202 175202 175202 175202 175202 175202 175202 175202 175202 175202 175202 175202 175202 175202 175202 175202 175202 175202 175202 175202 175202 175202 175202 175202 175202 175202 175202 175202 175202 175202 175202 175202 0 0 0 0 0 0 0 0 0 0 0 0 0 0 0 0 0 0 0 0 0 0 0 0 0
#obs catch bio
 0 89481.3 148422 199476 247736 254362 276649 304736 297580 322630 263063 269897 262132 252373 242811 211842 209318 163836 143218 139204 134836 123088 127402 115821 115000 104556 104987 103603 97501.4 102749 105402 94590.7 92664.5 96365 99104.2 86543.7 95690.9 94157.9 95183.3 87143.3 104018 111030 108790 108634 104476 113404 110832 111213 108771 115776 87997.8 87776.3 94125.2 97931.2 100440 99289.3 112582
#pred cpue bio
 3.3977e+006 3.29979e+006 3.20793e+006 3.05949e+006 2.86733e+006 2.63874e+006 2.42064e+006 2.19746e+006 1.964e+006 1.75533e+006 1.53497e+006 1.38586e+006 1.23758e+006 1.10072e+006 974890 859049 773149 685673 640916 614712 587943 561952 547292 528080 519695 510966 513342 515408 516847 523755 523349 519282 526933 537754 545545 551267 571762 583623 597658 612208 638350 647366 648236 651801 655472 664066 664183 667019 668804 672029 666728 692866 720615 740781 755638 766633 776435 2.67998e+007 1.5848e+007 1.58203e+007 1.64677e+007 1.77154e+007 1.92283e+007 2.07538e+007 2.21482e+007 2.33475e+007 2.43372e+007 2.5131e+007 2.57551e+007 2.6239e+007 2.66109e+007 2.68951e+007 2.71117e+007 2.72767e+007 2.74025e+007 2.74986e+007 2.75724e+007 2.76292e+007 2.76732e+007 2.77073e+007 2.7734e+007 2.77549e+007 2.77714e+007 2.77844e+007 2.77948e+007 2.7803e+007 2.78095e+007 2.78148e+007 2.7819e+007 2.78224e+007 2.78252e+007 2.78274e+007 2.78292e+007 2.78307e+007 2.78319e+007 2.78328e+007 2.78336e+007 2.78343e+007 2.78348e+007 2.78352e+007 2.78356e+007 2.78359e+007 2.78361e+007 2.78363e+007 2.78364e+007 2.78366e+007 2.78367e+007 2.78368e+007 2.78368e+007 2.78369e+007 2.78369e+007 2.7837e+007 2.7837e+007 2.7837e+007 2.7837e+007 2.78371e+007 2.78371e+007 2.78371e+007 2.78371e+007 2.78371e+007 2.78371e+007 2.78371e+007 2.78371e+007 2.78371e+007 2.78371e+007 2.78371e+007 2.78371e+007 2.78371e+007 2.78371e+007 2.78371e+007 2.78371e+007 2.78371e+007 2.78371e+007 2.78371e+007 2.78371e+007 2.78371e+007 2.78371e+007 2.78371e+007 2.78371e+007 2.78371e+007 2.78371e+007 2.78371e+007 2.78371e+007 2.78371e+007 2.78371e+007 2.78371e+007 2.78371e+007 2.78371e+007 2.78371e+007 2.78371e+007 2.78371e+007 2.78371e+007 2.78371e+007 2.78371e+007 2.78371e+007 2.78371e+007 2.78371e+007 0 0 0 0 0 0 0 0 0 0 0 0 0 0 0 0 0 0 0 0 0 0 0 0 0
#obs cpue bio
 3.08308e+006 4.10691e+006 2.38172e+006 2.56902e+006 2.89868e+006 1.86783e+006 2.6048e+006 1.64874e+006 1.91034e+006 1.26858e+006 1.72092e+006 1.19189e+006 1.14894e+006 1.19743e+006 748934 758213 690852 675878 566871 588610 662473 490203 436800 544987 430635 491137 395765 485162 429239 540277 418080 451260 600679 530781 573419 683626 382863 749665 483844 645947 771143 784916 561921 747461 621864 506917 712821 688482 820798 742826 539125 559771 729776 696107 872823 828172 991345
#pred surv len freq
 0.00466657 0.00758423 0.0114305 0.0161965 0.0217799 0.027909 0.0341122 0.0398283 0.044613 0.0482804 0.0508873 0.052617 0.0536754 0.0542405 0.0544504 0.0544088 0.0541979 0.0538776 0.053437 0.0526961 0.0512239 0.0483968 0.0436694 0.0369572 0.0288639
 0.00487982 0.00784536 0.0116694 0.0163056 0.0216562 0.0275134 0.0335083 0.039168 0.0440688 0.0479669 0.0508194 0.0527283 0.0538753 0.0544714 0.0547125 0.0547447 0.0546499 0.054441 0.0540347 0.0531924 0.0514769 0.048325 0.0432938 0.036392 0.0282609
 0.0050634 0.00815437 0.0121472 0.0169812 0.0225171 0.0284765 0.0344138 0.0398198 0.0443168 0.0477836 0.0503155 0.052091 0.0532742 0.0539969 0.0543778 0.0545292 0.054536 0.0544154 0.0540632 0.0532011 0.0513669 0.0480192 0.042784 0.0357502 0.0276055
 0.00526262 0.00847499 0.0126253 0.0176517 0.0234104 0.0296074 0.0357603 0.0412993 0.0457747 0.0490147 0.0511216 0.0523555 0.0530094 0.053332 0.0534938 0.053586 0.0536325 0.0535885 0.0533033 0.0524667 0.0506016 0.0471794 0.041871 0.0348223 0.0267553
 0.00549509 0.00884817 0.0131784 0.0184189 0.0244162 0.0308587 0.0372372 0.0429482 0.0475079 0.0507112 0.0526298 0.0535056 0.0536469 0.0533669 0.0529397 0.0525572 0.0522981 0.0521101 0.0517912 0.0509703 0.0491296 0.0457346 0.0404807 0.0335475 0.0256718
 0.00578014 0.00930266 0.013846 0.0193354 0.0256038 0.0323182 0.0389378 0.0448229 0.0494601 0.0526281 0.0543932 0.0549934 0.0547324 0.053928 0.0528844 0.0518579 0.0510121 0.0503682 0.0497573 0.0487979 0.0469396 0.0436219 0.0385322 0.0318496 0.0242969
 0.00607212 0.00976809 0.0145296 0.0202734 0.026819 0.0338116 0.0406784 0.0467432 0.0514634 0.0546036 0.0562306 0.0565892 0.055988 0.0547456 0.0531691 0.0515323 0.0500419 0.0487862 0.0476698 0.0463669 0.0443529 0.0410659 0.0361753 0.0298276 0.0226963
 0.00635592 0.0102281 0.0152193 0.0212415 0.0281005 0.0354134 0.0425643 0.0488297 0.0536309 0.0567202 0.0581734 0.0582542 0.0572904 0.0556127 0.053533 0.0513277 0.0492159 0.0473203 0.0456061 0.0438241 0.041521 0.0381789 0.0334703 0.0275011 0.0208673
 0.00663718 0.010686 0.0159101 0.0222189 0.0294068 0.0370643 0.0445321 0.0510347 0.0559493 0.0590048 0.060277 0.0600477 0.0586724 0.0565104 0.0538955 0.0511152 0.0483943 0.0458692 0.043542 0.0412295 0.0385622 0.0350959 0.0305341 0.0249521 0.0188584
 0.00684458 0.01103 0.0164413 0.0229906 0.0304669 0.0384411 0.0462182 0.0529777 0.0580561 0.0611548 0.0623374 0.0618875 0.0601725 0.0575727 0.0544459 0.0511018 0.0477819 0.0446392 0.041705 0.0388501 0.0357828 0.0321392 0.0276701 0.0224343 0.0168584
 0.00721013 0.0115995 0.0172529 0.0240658 0.0318105 0.0400406 0.0480396 0.05496 0.060112 0.0631792 0.0642193 0.0635197 0.0614592 0.0584338 0.0548185 0.0509396 0.0470528 0.0433272 0.0398204 0.0364509 0.0329981 0.0291771 0.024791 0.0198918 0.0148303
 0.00742916 0.0119561 0.01779 0.0248225 0.0328128 0.0412894 0.0494996 0.0565605 0.0617625 0.0647916 0.0657218 0.0648555 0.0625757 0.0592733 0.0553167 0.0510299 0.0466752 0.0424379 0.0384059 0.0345467 0.0307089 0.0266823 0.022323 0.017683 0.0130502
 0.0076665 0.0123403 0.0183653 0.0256289 0.0338792 0.0426209 0.051064 0.0582817 0.063529 0.0664774 0.0672112 0.0660621 0.0634495 0.0597949 0.0554816 0.0508315 0.0460957 0.0414517 0.0369972 0.0327349 0.0285736 0.0243738 0.0200444 0.0156423 0.0114025
 0.00792923 0.0127586 0.0189786 0.0264685 0.0349634 0.043947 0.0525985 0.059955 0.0652411 0.0681125 0.068655 0.0672165 0.0642439 0.0601925 0.0554775 0.0504423 0.045343 0.0403515 0.0355618 0.0309912 0.0265879 0.0222681 0.0179862 0.0138073 0.00992296
 0.00813533 0.0131021 0.0195107 0.0272405 0.0360142 0.0452847 0.0541821 0.0616919 0.0670025 0.0697621 0.070073 0.0683123 0.0649583 0.0604953 0.0553653 0.0499338 0.0444715 0.039156 0.0340828 0.0292766 0.0247086 0.0203304 0.016128 0.01217 0.00861196
 0.00832264 0.0134087 0.0199765 0.0279055 0.0369125 0.046433 0.0555662 0.0632563 0.0686516 0.0713718 0.0715105 0.0694576 0.0657223 0.0608302 0.0552638 0.0494201 0.0435894 0.0379591 0.0326294 0.0276319 0.0229522 0.018563 0.0144669 0.0107287 0.00747017
 0.00831134 0.0134154 0.0200339 0.0280616 0.0372216 0.0469403 0.0562924 0.0641903 0.0697522 0.0725739 0.0727307 0.0706001 0.0666874 0.0615273 0.055626 0.0494135 0.043215 0.0372471 0.031632 0.0264178 0.0216057 0.017183 0.01316 0.00959198 0.00656953
 0.00845378 0.0136306 0.0203284 0.0284345 0.0376695 0.0474645 0.0569005 0.0648899 0.0705393 0.0734231 0.0735931 0.0714097 0.0673731 0.0620237 0.0558799 0.049389 0.042897 0.0366442 0.0307775 0.0253689 0.0204398 0.0159923 0.0120403 0.00862646 0.00581108
 0.00848471 0.0136675 0.0203596 0.0284416 0.037634 0.047378 0.0567751 0.0647622 0.0704667 0.0734703 0.0738132 0.0718242 0.0679589 0.0627133 0.0565761 0.049987 0.043307 0.036807 0.0306726 0.0250156 0.0198928 0.0153318 0.0113566 0.00800172 0.00530234
 0.00853993 0.0137377 0.0204288 0.0284816 0.0376113 0.0472647 0.0565601 0.0644589 0.0701139 0.0731285 0.0735559 0.0717231 0.0680647 0.0630369 0.0570798 0.0505897 0.0439029 0.0372926 0.0309709 0.025092 0.0197594 0.01504 0.0109806 0.00761744 0.00496858
 0.00873809 0.014031 0.0208151 0.0289371 0.0380924 0.0477149 0.0569181 0.0646674 0.0701325 0.072948 0.0732075 0.0712755 0.0676084 0.062661 0.056847 0.0505191 0.0439654 0.0374213 0.0310849 0.0251236 0.0196749 0.0148461 0.0107166 0.00733645 0.00471756
 0.00896402 0.0143821 0.0213118 0.0295834 0.0388705 0.0485797 0.0577935 0.0654518 0.0707176 0.0732469 0.0731787 0.0709338 0.0670201 0.0619274 0.0560808 0.049819 0.0433935 0.0369926 0.0307718 0.0248753 0.0194423 0.0146021 0.010462 0.00709167 0.00450745
 0.00894078 0.014371 0.0213442 0.0297044 0.0391269 0.0490002 0.0583707 0.0661361 0.0714259 0.0738813 0.0736477 0.0711709 0.0669973 0.0616617 0.0556308 0.0492693 0.0428324 0.0364885 0.0303584 0.0245506 0.0191823 0.0143795 0.010261 0.00691172 0.00435667
 0.00892346 0.0143489 0.0213239 0.0296998 0.0391613 0.0491053 0.0585819 0.066481 0.0719082 0.0744673 0.0742644 0.0717212 0.0673863 0.0618246 0.0555496 0.0489751 0.0423931 0.0359865 0.0298671 0.0241175 0.0188252 0.0140945 0.0100356 0.00673527 0.00422299
 0.00893116 0.014345 0.0212884 0.0296069 0.0389888 0.0488503 0.0582732 0.0661794 0.0716928 0.0744107 0.0744074 0.0720561 0.0678557 0.062336 0.0560037 0.0492953 0.042546 0.0359847 0.0297549 0.0239493 0.018646 0.0139313 0.00989918 0.00662697 0.004141
 0.00900259 0.0144509 0.0214278 0.0297688 0.0391514 0.0489827 0.0583398 0.0661507 0.0715597 0.074197 0.0741697 0.0718666 0.0677738 0.0623832 0.0561548 0.0494904 0.0427166 0.0360804 0.0297585 0.0238752 0.0185261 0.0137988 0.00977776 0.00652844 0.00406809
 0.008829 0.0142028 0.0211175 0.029429 0.0388256 0.0487092 0.0581388 0.0660207 0.0714842 0.074156 0.0741519 0.0718773 0.0678348 0.0625222 0.0563881 0.0498083 0.0430806 0.0364359 0.0300557 0.0240858 0.0186485 0.013851 0.00978529 0.00651418 0.00404758
 0.00870556 0.0140007 0.0208128 0.0290044 0.0382812 0.0480745 0.0574794 0.0654288 0.0710503 0.0739368 0.0741524 0.0720584 0.0681394 0.0629012 0.0568123 0.0502638 0.0435545 0.0369057 0.0304889 0.0244501 0.0189242 0.0140368 0.0098956 0.00657072 0.00407153
 0.00870595 0.0139843 0.0207563 0.0288746 0.038042 0.0477004 0.0569698 0.0648171 0.0704037 0.0733445 0.0737041 0.0718198 0.0681331 0.0631049 0.0571735 0.0507219 0.0440571 0.0374122 0.0309668 0.0248718 0.0192684 0.0142938 0.0100693 0.00667615 0.00412857
 0.00870088 0.0139699 0.0207222 0.028805 0.0379164 0.0474965 0.0566687 0.0644106 0.0699025 0.0727847 0.0731482 0.0713468 0.0678198 0.0630032 0.0572954 0.0510381 0.0445101 0.037935 0.031498 0.025363 0.0196868 0.014622 0.0103053 0.00683076 0.00422022
 0.00870665 0.0139857 0.0207571 0.0288691 0.0380154 0.0476239 0.0568003 0.0645056 0.0699135 0.0726737 0.0729015 0.0709845 0.0673949 0.0625898 0.0569688 0.0508533 0.0444869 0.0380562 0.0317205 0.0256337 0.0199573 0.0148575 0.0104878 0.00695744 0.00429904
 0.00875748 0.0140603 0.020855 0.0289858 0.0381451 0.0477628 0.0569467 0.064656 0.0700559 0.0727823 0.0729406 0.0709198 0.0672101 0.0622991 0.0566177 0.0505063 0.044207 0.037885 0.0316673 0.0256786 0.0200629 0.0149841 0.010605 0.00704864 0.00436059
 0.00876782 0.014066 0.0208432 0.0289384 0.0380443 0.0476002 0.0567309 0.0644147 0.069829 0.0726101 0.0728496 0.0709131 0.0672664 0.0623827 0.0566951 0.0505624 0.0442497 0.0379378 0.0317529 0.0258054 0.0202207 0.0151506 0.0107561 0.00716846 0.00444416
 0.00870581 0.0139767 0.0207293 0.0288081 0.0379064 0.047458 0.0565799 0.0642464 0.0696406 0.0724135 0.0726723 0.0707901 0.067225 0.0624301 0.0568159 0.0507268 0.0444289 0.0381148 0.0319252 0.025977 0.0203927 0.0153163 0.0109038 0.00728713 0.00452933
 0.00862803 0.0138602 0.020573 0.0286187 0.0376978 0.047249 0.0563906 0.0640939 0.0695336 0.0723492 0.0726397 0.0707783 0.0672318 0.0624633 0.0568866 0.0508398 0.0445777 0.0382851 0.0321021 0.0261502 0.0205565 0.0154658 0.0110332 0.00739095 0.00460502
 0.00862 0.0138386 0.0205253 0.0285292 0.0375533 0.0470467 0.0561448 0.0638349 0.0692993 0.0721725 0.0725378 0.0707501 0.0672629 0.0625357 0.0569868 0.0509616 0.0447193 0.0384437 0.0322712 0.0263204 0.0207181 0.0156107 0.0111555 0.00748709 0.00467453
 0.00851371 0.0136694 0.0202775 0.0281909 0.037119 0.046522 0.0555515 0.0632148 0.0687114 0.0716837 0.0722093 0.0706229 0.0673475 0.0628102 0.0574052 0.051468 0.0452614 0.0389811 0.0327755 0.0267727 0.021106 0.0159277 0.0114003 0.00766445 0.00479381
 0.00854156 0.0137027 0.0203049 0.0281933 0.0370732 0.0464067 0.0553539 0.0629341 0.0683605 0.071289 0.0718094 0.0702653 0.0670808 0.0626727 0.0574142 0.0516152 0.0455173 0.0393046 0.0331252 0.0271143 0.0214148 0.0161884 0.011606 0.00781554 0.00489636
 0.00854592 0.01371 0.0203158 0.0282066 0.037084 0.0464041 0.0553209 0.0628506 0.0682103 0.0710674 0.0715287 0.0699541 0.0667794 0.062425 0.0572587 0.051576 0.045598 0.0394878 0.0333782 0.0273982 0.0216939 0.016436 0.0118069 0.00796509 0.00499841
 0.00852273 0.013676 0.0202714 0.028155 0.03703 0.0463527 0.0552749 0.0628092 0.068167 0.0710106 0.0714454 0.0698359 0.0666293 0.0622605 0.0571089 0.0514741 0.0455708 0.0395471 0.0335167 0.0275925 0.0219122 0.0166473 0.0119884 0.00810516 0.00509608
 0.00836615 0.0134381 0.019945 0.0277457 0.0365564 0.0458448 0.0547724 0.0623584 0.0678136 0.0707891 0.0713693 0.0698954 0.0667965 0.0625002 0.0573905 0.0517792 0.0458937 0.0398888 0.0338757 0.0279587 0.0222661 0.0169658 0.0122522 0.00830482 0.00523354
 0.00833956 0.0133948 0.0198799 0.0276542 0.0364358 0.0456957 0.0546007 0.0621754 0.0676346 0.0706298 0.0712435 0.0698123 0.0667597 0.0625074 0.0574348 0.0518528 0.0459917 0.0400106 0.0340228 0.0281293 0.0224516 0.0171508 0.0124193 0.00844057 0.00533238
 0.00832692 0.0133813 0.0198721 0.0276615 0.0364665 0.0457514 0.0546726 0.062245 0.0676801 0.0706343 0.0712007 0.0697279 0.0666479 0.0623859 0.0573203 0.0517579 0.0459245 0.0399758 0.034023 0.0281643 0.0225164 0.017235 0.0125091 0.0085224 0.00539726
 0.00831285 0.0133551 0.0198272 0.0275915 0.0363688 0.0456318 0.054547 0.0621364 0.0676089 0.0706095 0.0712156 0.0697649 0.0666878 0.0624168 0.05734 0.0517719 0.0459417 0.0400043 0.0340681 0.0282275 0.0225952 0.0173228 0.0125963 0.00859981 0.00545826
 0.0083886 0.0134596 0.0199496 0.0277096 0.0364542 0.0456595 0.0545047 0.0620281 0.0674542 0.0704377 0.0710571 0.0696423 0.0666101 0.0623787 0.0573285 0.0517739 0.0459499 0.0400183 0.0340911 0.0282629 0.0226435 0.0173806 0.0126571 0.00865607 0.00550425
 0.00833484 0.0133914 0.0198816 0.0276645 0.0364533 0.0457093 0.0545879 0.062108 0.0674907 0.0704067 0.0709621 0.069511 0.0664801 0.0622816 0.0572796 0.0517719 0.0459827 0.0400717 0.0341547 0.028331 0.0227134 0.0174497 0.0127218 0.00871207 0.00554833
 0.00824438 0.0132625 0.0197221 0.0274957 0.0363066 0.0456193 0.0545829 0.0622006 0.0676701 0.0706365 0.071189 0.0696832 0.0665672 0.0622841 0.0572234 0.051692 0.0459081 0.0400179 0.0341252 0.0283227 0.0227212 0.0174686 0.0127467 0.0087383 0.00557174
 0.00815467 0.0131182 0.0195091 0.0272053 0.0359415 0.0452008 0.0541556 0.0618281 0.0674192 0.0705546 0.0712863 0.0699289 0.0669013 0.0626393 0.0575471 0.0519586 0.0461175 0.0401844 0.0342647 0.0284456 0.0228309 0.0175643 0.0128264 0.00880059 0.00561693
 0.00816194 0.0131164 0.019481 0.027126 0.0357845 0.0449479 0.053808 0.0614118 0.0669835 0.0701638 0.0710051 0.0698048 0.0669504 0.0628406 0.0578506 0.0523037 0.046453 0.0404801 0.0345115 0.0286471 0.0229947 0.0176961 0.0129296 0.00887745 0.0056705
 0.00815278 0.013104 0.0194661 0.0271082 0.035759 0.0449021 0.0537211 0.0612605 0.0667536 0.0698625 0.0706668 0.0694859 0.0667127 0.0627315 0.0578872 0.052469 0.0467045 0.0407673 0.0347917 0.0288944 0.0231986 0.0178564 0.0130505 0.00896439 0.00572931
 0.00810003 0.013036 0.0193962 0.0270595 0.0357571 0.0449638 0.0538439 0.0614195 0.0669065 0.0699615 0.070674 0.069387 0.0665248 0.0624996 0.0576692 0.0523147 0.0466397 0.0407881 0.0348732 0.0290045 0.0233107 0.0179543 0.0131277 0.00902083 0.00576774
 0.00784863 0.0126389 0.0188225 0.0262948 0.0348133 0.0438909 0.0527364 0.0604068 0.0661221 0.0695024 0.0705724 0.0696087 0.066992 0.0631236 0.0583765 0.0530583 0.0473935 0.0415344 0.0355908 0.0296657 0.0238872 0.0184256 0.0134867 0.00927449 0.00593326
 0.00775097 0.0124614 0.0185211 0.0258176 0.0341141 0.0429508 0.0515853 0.0591329 0.0648612 0.0684109 0.0697923 0.0692349 0.0670518 0.0635749 0.0591272 0.0539968 0.0484178 0.0425662 0.0365749 0.0305623 0.0246655 0.0190642 0.0139774 0.00962437 0.00616307
 0.00773553 0.0124328 0.0184698 0.0257271 0.0339584 0.0426932 0.0511836 0.0585527 0.0640965 0.0675035 0.0688372 0.0683655 0.0664057 0.0632548 0.0591733 0.0543813 0.0490613 0.0433664 0.0374327 0.0313966 0.0254177 0.0196967 0.0144726 0.00998308 0.00640187
 0.00762569 0.012278 0.0182801 0.0255257 0.0337724 0.04254 0.0510589 0.0584271 0.0639228 0.0672329 0.068441 0.0678548 0.065841 0.0627367 0.0588133 0.0542656 0.0492223 0.043776 0.0380176 0.0320641 0.0260802 0.0202878 0.0149528 0.0103397 0.00664348
 0.00726412 0.0117504 0.017599 0.0247439 0.0329719 0.0418097 0.0504746 0.058038 0.0637435 0.0672387 0.0685718 0.0680326 0.065998 0.0628434 0.0588915 0.0543773 0.04944 0.0441477 0.0385443 0.0327 0.0267512 0.0209175 0.0154839 0.0107445 0.00692275
 0.00677514 0.0109984 0.0165504 0.0234046 0.0313941 0.0400969 0.048781 0.0565522 0.0626484 0.0666599 0.0685398 0.0684806 0.0667923 0.0638309 0.0599433 0.0554172 0.0504476 0.045139 0.0395393 0.0336951 0.0277109 0.0217865 0.0162101 0.011299 0.00730721
#obs surv len freq
 nan nan nan nan nan nan nan nan nan nan nan nan nan nan nan nan nan nan nan nan nan nan nan nan nan
 0.0044849 0.00734637 0.0111765 0.015993 0.0216937 0.0279693 0.0342833 0.0400144 0.0446937 0.0481572 0.0505148 0.0520104 0.0529024 0.0534146 0.0537286 0.0539834 0.0542619 0.0545546 0.0546933 0.0542851 0.0527232 0.0493554 0.0438053 0.0362855 0.0276693
 0.00461439 0.00755956 0.0115019 0.0164577 0.0223169 0.0287511 0.0351956 0.0409977 0.0456656 0.0490293 0.0512093 0.0524717 0.0531027 0.0533533 0.0534282 0.0534814 0.0536021 0.0537799 0.053843 0.0533964 0.051835 0.0485111 0.0430499 0.0356571 0.027189
 0.00478036 0.00782913 0.0119073 0.0170293 0.0230775 0.0297078 0.0363288 0.0422559 0.0469692 0.0502812 0.0523094 0.0533292 0.0536471 0.0535424 0.0532522 0.0529612 0.0527823 0.0527197 0.0526086 0.052058 0.0504675 0.0471946 0.0418637 0.0346668 0.0264307
 0.00496843 0.00813805 0.0123781 0.0177016 0.0239822 0.0308536 0.0376906 0.0437702 0.0485437 0.0518116 0.0536937 0.0544753 0.0544746 0.0539867 0.0532698 0.0525366 0.0519317 0.0514905 0.0510751 0.0503169 0.0486338 0.045395 0.0402234 0.033288 0.025371
 0.00517821 0.008482 0.0129013 0.0184483 0.0249877 0.0321313 0.0392177 0.0454823 0.0503419 0.0535805 0.0553188 0.055854 0.0555205 0.0546295 0.0534559 0.0522303 0.0511217 0.050197 0.0493573 0.0482764 0.0464128 0.0431645 0.0381587 0.0315355 0.0240159
 0.00539513 0.00883862 0.0134455 0.0192277 0.0260407 0.0334734 0.0408268 0.0472928 0.0522536 0.0554768 0.0570837 0.0573823 0.0567213 0.0554269 0.0537881 0.0520503 0.0504003 0.0489313 0.0475839 0.0460854 0.0439536 0.0406358 0.0357771 0.029489 0.0224203
 0.00565354 0.00925758 0.0140741 0.0201113 0.0272129 0.0349437 0.0425663 0.0492293 0.0542803 0.0574716 0.058928 0.0589717 0.0579688 0.0562614 0.0541519 0.0518963 0.0496927 0.0476536 0.0457546 0.0437787 0.0413143 0.0378748 0.033139 0.0271963 0.0206173
 0.00588164 0.00963542 0.0146556 0.0209508 0.0283539 0.0364015 0.0443112 0.0511817 0.0563241 0.0594785 0.0607788 0.0605664 0.0592273 0.0571193 0.0545557 0.0518003 0.0490584 0.0464558 0.0439977 0.0415198 0.0386844 0.0350806 0.030433 0.024818 0.0187301
 0.00613821 0.0100535 0.0152869 0.0218446 0.0295487 0.0379104 0.0461064 0.0531875 0.0584252 0.0615401 0.062669 0.0621719 0.0604612 0.057921 0.0548853 0.051629 0.0483624 0.0452179 0.0422206 0.0392513 0.0360425 0.0322617 0.0276864 0.0223882 0.0167901
 0.00637085 0.0104371 0.0158742 0.0226879 0.0306891 0.0393617 0.0478386 0.0551217 0.0604463 0.0635193 0.0644843 0.0637192 0.0616569 0.0587022 0.0552075 0.0514633 0.0476898 0.0440286 0.0405221 0.0370889 0.0335235 0.0295664 0.0250489 0.0200432 0.0149083
 0.00659824 0.0108112 0.0164453 0.0235058 0.0317935 0.0407668 0.0495169 0.056998 0.062407 0.0654344 0.0662289 0.065188 0.0627695 0.0594031 0.0554618 0.0512502 0.0469979 0.0428547 0.0388792 0.0350227 0.0311342 0.0270196 0.0225591 0.0178276 0.0131266
 0.00684373 0.0112103 0.017046 0.0243524 0.0329181 0.0421756 0.0511762 0.0588289 0.0642963 0.0672557 0.0678627 0.0665351 0.0637558 0.0599798 0.0556021 0.0509437 0.0462446 0.0416623 0.0372681 0.0330411 0.0288763 0.0246356 0.0202421 0.015772 0.0114755
 0.00704771 0.0115481 0.0175657 0.0251019 0.0339348 0.0434698 0.0527157 0.0605346 0.0660553 0.0689437 0.0693667 0.0677639 0.0646436 0.060484 0.0556999 0.050628 0.0455193 0.0405403 0.0357754 0.0312274 0.0268298 0.0224911 0.0181687 0.0139387 0.0100058
 0.00725367 0.0118836 0.018072 0.0258178 0.0348894 0.0446708 0.0541363 0.0621078 0.0676812 0.070507 0.0707557 0.0688853 0.0654298 0.0608952 0.0557211 0.050262 0.0447801 0.0394498 0.0343658 0.0295501 0.0249677 0.020564 0.0163231 0.0123181 0.00871278
 0.00745868 0.0122179 0.0185763 0.0265298 0.0358346 0.0458501 0.0555133 0.0636064 0.0691973 0.07193 0.0719869 0.0698478 0.0660707 0.0611841 0.0556479 0.0498335 0.0440158 0.0383785 0.0330257 0.027995 0.0232755 0.0188405 0.0146931 0.0109005 0.00758995
 0.00753413 0.012352 0.0187998 0.0268792 0.0363457 0.0465457 0.0563915 0.0646348 0.0703166 0.0730641 0.073055 0.0707734 0.0667883 0.0616438 0.0558175 0.0496982 0.0435771 0.0376525 0.0320438 0.0268065 0.0219518 0.0174755 0.013394 0.00976751 0.00669151
 0.00758213 0.0124193 0.0188827 0.0269714 0.0364454 0.0466649 0.0565601 0.0648951 0.0707074 0.0736026 0.0737241 0.0715221 0.0675424 0.0623211 0.0563416 0.0500089 0.0436352 0.0374423 0.0315741 0.0261115 0.0210913 0.0165322 0.0124625 0.00893645 0.00602301
 0.00763096 0.0124933 0.0189835 0.0270955 0.0365838 0.0468041 0.0566857 0.064999 0.0707963 0.0737027 0.0738754 0.0717613 0.0678826 0.0627396 0.0567825 0.0503976 0.0438975 0.0375212 0.0314402 0.0257683 0.0205756 0.0159084 0.0118109 0.00833498 0.00552885
 0.00770931 0.0126082 0.019133 0.0272695 0.0367665 0.0469779 0.0568351 0.0651117 0.0708652 0.0737287 0.0738713 0.0717533 0.0679048 0.0628211 0.0569323 0.0505947 0.0440938 0.0376553 0.0314568 0.0256364 0.0202979 0.0155214 0.0113737 0.00791168 0.00517041
 0.00775862 0.0126918 0.0192643 0.0274606 0.0370222 0.0472887 0.0571723 0.0654307 0.0711181 0.0738805 0.0739109 0.0716949 0.0677813 0.0626744 0.0568012 0.0505041 0.0440451 0.0376252 0.0314061 0.0255261 0.0201071 0.0152566 0.0110667 0.00760636 0.00490614
 0.007812 0.0127704 0.0193679 0.0275851 0.0371627 0.047443 0.0573416 0.0656159 0.071313 0.0740674 0.0740625 0.0717843 0.0677937 0.0626141 0.0566905 0.0503737 0.0439215 0.0375193 0.0313101 0.0254194 0.0199692 0.01508 0.0108623 0.00739867 0.00472189
 0.00785168 0.0128339 0.0194611 0.0277114 0.0373211 0.0476256 0.0575335 0.0657978 0.0714679 0.074186 0.0741439 0.0718305 0.0678043 0.0625851 0.0566198 0.0502665 0.0437912 0.0373819 0.0311758 0.0252886 0.0198349 0.0149361 0.0107106 0.00725 0.00459087
 0.0078576 0.0128422 0.0194712 0.0277228 0.037334 0.0476423 0.0575578 0.0658346 0.0715196 0.074251 0.0742172 0.0719054 0.0678742 0.0626439 0.0566614 0.0502854 0.0437845 0.0373511 0.031126 0.0252246 0.0197594 0.0148505 0.0106181 0.00715757 0.00450765
 0.0078757 0.0128652 0.0194941 0.0277371 0.0373304 0.0476147 0.0575073 0.0657697 0.0714548 0.0742021 0.0741967 0.0719189 0.0679198 0.0627132 0.0567421 0.0503643 0.0438505 0.0373967 0.0311476 0.0252226 0.0197367 0.0148113 0.010568 0.00710344 0.00445674
 0.00789329 0.0128901 0.0195244 0.0277679 0.0373542 0.0476226 0.0574909 0.0657241 0.0713809 0.0741091 0.074101 0.0718404 0.0678751 0.0627107 0.0567794 0.0504307 0.0439304 0.0374745 0.0312114 0.0252653 0.0197563 0.01481 0.010551 0.00707749 0.00442871
 0.00792226 0.0129347 0.0195868 0.0278475 0.0374473 0.0477217 0.0575843 0.0657969 0.0714184 0.0741011 0.0740462 0.071748 0.0677626 0.0625994 0.0566879 0.0503697 0.043901 0.0374693 0.0312189 0.0252743 0.0197588 0.014803 0.0105354 0.00705695 0.0044076
 0.00790908 0.0129155 0.0195621 0.0278196 0.0374195 0.0476977 0.0575673 0.0657887 0.0714186 0.0741068 0.0740525 0.0717495 0.0677565 0.0625869 0.056675 0.0503647 0.0439102 0.0374944 0.0312557 0.0253148 0.0197946 0.0148283 0.0105484 0.00705967 0.00440388
 0.0078795 0.0128648 0.0194815 0.0277004 0.0372571 0.0474962 0.0573428 0.0655685 0.0712344 0.0739849 0.0740063 0.0717774 0.0678451 0.0627168 0.0568271 0.050524 0.0440678 0.0376454 0.0313966 0.0254412 0.0199017 0.0149119 0.0106076 0.00709689 0.00442413
 0.00785262 0.0128192 0.0194092 0.0275929 0.0371068 0.0472997 0.057105 0.0653046 0.0709695 0.0737505 0.0738337 0.0716909 0.0678549 0.0628172 0.056999 0.0507412 0.0443042 0.0378799 0.0316144 0.0256332 0.0200622 0.0150383 0.0107001 0.00715892 0.00446178
 0.00784693 0.0128044 0.0193767 0.0275311 0.037004 0.0471483 0.0569056 0.0650677 0.0707138 0.0734998 0.0736138 0.0715264 0.0677666 0.0628175 0.0570881 0.0509065 0.0445229 0.0381249 0.0318602 0.0258597 0.0202564 0.0151936 0.0108155 0.00723817 0.00451155
 0.00784296 0.0127987 0.019369 0.0275206 0.0369878 0.0471202 0.0568562 0.0649866 0.0705943 0.0733434 0.0734326 0.0713417 0.0676041 0.0627017 0.0570373 0.0509285 0.0446137 0.0382694 0.0320362 0.0260433 0.0204273 0.015338 0.0109271 0.007317 0.00456233
 0.00780706 0.0127413 0.0192848 0.0274062 0.0368431 0.0469507 0.0566735 0.0648066 0.0704328 0.073211 0.0733328 0.0712728 0.0675648 0.0626945 0.0570682 0.0510046 0.0447377 0.0384366 0.0322336 0.0262519 0.0206266 0.0155112 0.0110643 0.00741604 0.00462733
 0.00777341 0.0126858 0.0192 0.0272849 0.036681 0.0467489 0.0564414 0.064563 0.0702022 0.0730181 0.0731961 0.0712015 0.0675575 0.0627429 0.0571623 0.0511358 0.0449005 0.0386262 0.0324423 0.0264676 0.0208339 0.0156947 0.0112131 0.00752591 0.00470097
 0.00774013 0.0126286 0.0191081 0.0271471 0.0364881 0.0464989 0.0561439 0.0642398 0.0698845 0.0727393 0.0729857 0.0710795 0.0675323 0.062811 0.0573097 0.0513433 0.0451477 0.0388952 0.0327181 0.0267365 0.0210824 0.0159104 0.0113869 0.00765479 0.0047881
 0.00768121 0.0125346 0.01897 0.0269577 0.0362433 0.0462001 0.0558004 0.0638709 0.0695182 0.0724085 0.0727229 0.0709118 0.0674771 0.0628727 0.0574798 0.0516019 0.0454684 0.0392495 0.0330793 0.0270822 0.0213944 0.0161755 0.0115975 0.0078096 0.00489256
 0.00769057 0.0125417 0.0189659 0.0269285 0.0361742 0.0460798 0.0556261 0.0636495 0.0692642 0.0721412 0.0724636 0.070683 0.0673014 0.0627703 0.0574646 0.0516774 0.0456263 0.0394712 0.0333399 0.0273551 0.0216555 0.0164058 0.0117851 0.00795017 0.00498891
 0.00768066 0.0125338 0.0189683 0.0269522 0.0362268 0.0461586 0.0557135 0.0637158 0.0692779 0.0720813 0.072328 0.0704882 0.0670763 0.0625488 0.0572784 0.0515515 0.0455752 0.0394965 0.0334309 0.0274919 0.021814 0.0165629 0.0119231 0.00805909 0.00506636
 0.00763336 0.0124604 0.0188651 0.0268201 0.0360732 0.0459988 0.0555696 0.0636109 0.0692272 0.0720834 0.0723637 0.0705297 0.0671005 0.0625473 0.0572594 0.0515345 0.0455818 0.0395426 0.0335217 0.0276205 0.0219645 0.0167158 0.0120605 0.00816943 0.00514586
 0.00761535 0.0124269 0.018807 0.026727 0.0359368 0.0458182 0.0553557 0.0633877 0.0690266 0.0719364 0.0722903 0.0705324 0.0671641 0.0626456 0.057367 0.0516363 0.0456765 0.0396386 0.0336294 0.0277448 0.0221015 0.0168542 0.0121868 0.00827302 0.00522194
 0.00758781 0.0123854 0.0187503 0.026655 0.0358496 0.0457141 0.0552319 0.0632428 0.0688647 0.0717705 0.0721421 0.0704265 0.067119 0.0626667 0.0574448 0.0517514 0.0458085 0.0397742 0.0337637 0.0278781 0.0222334 0.0169808 0.0123006 0.00836667 0.00529162
 0.00758904 0.0123867 0.018751 0.0266541 0.0358461 0.045707 0.05522 0.0632236 0.0688338 0.0717224 0.072073 0.0703386 0.0670231 0.0625801 0.0573847 0.0517279 0.0458219 0.039817 0.033826 0.0279517 0.0223128 0.0170608 0.0123757 0.00843125 0.00534171
 0.00754514 0.0123197 0.0186584 0.0265369 0.0357086 0.0455569 0.0550679 0.0630825 0.0687171 0.0716401 0.0720293 0.0703308 0.0670443 0.0626231 0.0574456 0.0518065 0.0459194 0.0399319 0.0339532 0.0280832 0.02244 0.0171765 0.0124744 0.00850971 0.0053992
 0.00754915 0.0123214 0.0186524 0.0265155 0.0356643 0.0454861 0.0549737 0.0629745 0.0686087 0.0715443 0.0719551 0.0702823 0.0670215 0.0626229 0.0574642 0.051841 0.0459684 0.0399951 0.0340295 0.0281691 0.0225296 0.0172627 0.0125509 0.00857195 0.00544547
 0.00753608 0.0123032 0.0186303 0.0264916 0.0356401 0.0454601 0.0549409 0.0629284 0.0685451 0.0714651 0.0718696 0.0702039 0.0669627 0.0625914 0.0574615 0.0518641 0.0460123 0.0400549 0.0341009 0.028248 0.0226112 0.0173412 0.0126207 0.00862892 0.0054878
 0.00754029 0.0123098 0.0186399 0.0265049 0.0356576 0.0454825 0.0549679 0.0629574 0.0685703 0.0714781 0.0718616 0.0701701 0.0669055 0.0625204 0.0573898 0.0518039 0.0459713 0.0400359 0.0341028 0.0282673 0.0226429 0.0173797 0.0126601 0.00866412 0.00551573
 0.00752644 0.0122909 0.0186179 0.026484 0.0356429 0.045478 0.0549752 0.0629756 0.0685962 0.0715074 0.0718889 0.0701893 0.0669108 0.0625086 0.0573623 0.0517671 0.0459344 0.0400077 0.0340889 0.0282691 0.0226582 0.017404 0.0126879 0.00869061 0.00553757
 0.00750989 0.0122641 0.018578 0.0264293 0.0355741 0.0453996 0.0548963 0.0629085 0.068553 0.0714953 0.071908 0.0702329 0.0669678 0.0625676 0.0574141 0.0518067 0.045962 0.0400274 0.0341064 0.0282894 0.0226833 0.0174327 0.0127173 0.00871729 0.00555899
 0.00748487 0.012223 0.0185156 0.0263408 0.0354567 0.0452549 0.0547323 0.0627402 0.0684005 0.0713791 0.0718444 0.0702296 0.0670223 0.0626683 0.0575436 0.0519468 0.0460977 0.0401498 0.0342124 0.0283797 0.0227602 0.0174978 0.0127709 0.00875918 0.00558943
 0.00748997 0.0122274 0.0185148 0.0263281 0.0354243 0.0451963 0.0546453 0.0626278 0.0682714 0.0712465 0.0717242 0.0701381 0.0669729 0.0626674 0.0575895 0.0520297 0.0462029 0.0402622 0.03432 0.0284755 0.0228414 0.0175643 0.0128235 0.00879892 0.00561763
 0.00748997 0.0122274 0.0185148 0.0263281 0.0354243 0.0451963 0.0546453 0.0626278 0.0682714 0.0712465 0.0717242 0.0701381 0.0669729 0.0626674 0.0575895 0.0520297 0.0462029 0.0402622 0.03432 0.0284755 0.0228414 0.0175643 0.0128235 0.00879892 0.00561763
 0.00724575 0.0118444 0.0179661 0.0256011 0.0345274 0.044166 0.0535516 0.061572 0.0673682 0.0705982 0.071397 0.070152 0.0673046 0.063262 0.0583739 0.0529256 0.0471365 0.0411704 0.0351544 0.029203 0.0234444 0.0180385 0.0131757 0.00904439 0.00577686
 0.00718475 0.0117173 0.0177239 0.0251834 0.0338798 0.043267 0.0524359 0.0603344 0.0661443 0.0695309 0.0706065 0.0697165 0.067255 0.0635829 0.0590113 0.0537983 0.0481505 0.0422323 0.0361825 0.030134 0.0242366 0.0186722 0.0136509 0.00937671 0.00599223
 0.00717175 0.0116976 0.0176945 0.0251359 0.0337939 0.0431051 0.052146 0.0598656 0.0654738 0.068689 0.069683 0.0688427 0.0665662 0.063183 0.0589501 0.0540672 0.0486929 0.0429614 0.0370003 0.0309494 0.0249772 0.0192914 0.014129 0.00971741 0.00621548
 0.00717325 0.0117028 0.0177074 0.0251614 0.0338355 0.0431605 0.052201 0.0598899 0.0654212 0.0685075 0.0693346 0.0683277 0.0659381 0.0625424 0.0584169 0.0537429 0.0486307 0.0431555 0.0373954 0.0314616 0.0255189 0.0197905 0.01454 0.010023 0.00642146
 0.00711678 0.0116193 0.0175973 0.0250313 0.0336973 0.0430288 0.0520907 0.059812 0.0653779 0.0684859 0.0693052 0.0682504 0.0657795 0.0622963 0.0581176 0.0534612 0.0484495 0.0431378 0.0375603 0.0317795 0.0259259 0.020213 0.0149172 0.0103198 0.0066296
 0.00702739 0.0114774 0.0173908 0.0247535 0.0333503 0.0426284 0.0516694 0.0594163 0.065058 0.0682807 0.0692289 0.0682879 0.0658916 0.0624337 0.0582404 0.0535567 0.0485382 0.0432628 0.0377629 0.0320755 0.0262958 0.02061 0.0152881 0.0106244 0.00685096
#pred catch len freq
 0.00450107 0.0071048 0.0103295 0.0140826 0.0183066 0.0229625 0.0279594 0.0331151 0.0381878 0.0429369 0.0471624 0.0507213 0.0535392 0.0556129 0.0569996 0.0577995 0.058141 0.0581514 0.0578829 0.0571932 0.0556521 0.0526068 0.0474792 0.0401856 0.0313867
 0.00472522 0.00739228 0.0106231 0.0142899 0.018335 0.0227702 0.0275886 0.0326807 0.0378231 0.0427298 0.0471221 0.0507943 0.0536573 0.0557408 0.0571548 0.0580361 0.0585069 0.0586409 0.0584116 0.0576138 0.055812 0.0524206 0.0469738 0.0394895 0.0306678
 0.00493827 0.00773304 0.0111199 0.0149507 0.0191294 0.0236126 0.02834 0.0331841 0.0379694 0.0425154 0.0466557 0.05024 0.0531546 0.055357 0.0568929 0.0578766 0.058439 0.0586584 0.0584825 0.0576603 0.0557277 0.0521211 0.0464492 0.038817 0.029975
 0.00518332 0.00811441 0.0116642 0.0156761 0.0200475 0.0247256 0.0296256 0.034572 0.0393244 0.0436512 0.0473872 0.0504565 0.0528689 0.0546946 0.0560294 0.0569661 0.0575757 0.0578758 0.0577685 0.0569695 0.0549977 0.0513026 0.0455405 0.037878 0.0291044
 0.00547204 0.00856255 0.0123 0.0165148 0.0210929 0.025973 0.0310592 0.0361581 0.0410016 0.0453192 0.0489011 0.0516385 0.0535475 0.0547633 0.0554917 0.0559353 0.0562262 0.0563763 0.0562339 0.0554503 0.0535007 0.0498275 0.0441132 0.0365616 0.0279796
 0.00580031 0.00907109 0.0130197 0.0174606 0.0222668 0.0273661 0.0326503 0.0379082 0.0428497 0.0471825 0.0506751 0.053196 0.0547421 0.0554459 0.0555446 0.0553133 0.0549805 0.0546417 0.0541841 0.0532485 0.0512741 0.0476738 0.0421211 0.0348198 0.026564
 0.00615762 0.00962345 0.013799 0.0184808 0.0235267 0.0288532 0.0343395 0.0397563 0.0447928 0.049138 0.0525461 0.0548759 0.0561158 0.0563922 0.0559439 0.0550671 0.0540411 0.0530385 0.0520292 0.0507161 0.0485666 0.0449912 0.0396428 0.0326904 0.0248759
 0.00652655 0.0101988 0.0146204 0.0195714 0.0248931 0.0304853 0.036205 0.041796 0.0469213 0.0512521 0.0545362 0.0566344 0.0575415 0.0573901 0.0564228 0.0549416 0.053243 0.0515413 0.0498758 0.0480346 0.0455628 0.041919 0.0367588 0.0302066 0.0229214
 0.00687446 0.0107446 0.0154062 0.0206268 0.0262352 0.0321165 0.0381058 0.0439152 0.0491729 0.0535201 0.0566881 0.0585365 0.0590737 0.0584543 0.0569422 0.0548538 0.0524968 0.0501053 0.0477631 0.0453328 0.0424522 0.0386594 0.033644 0.027497 0.020783
 0.00719233 0.0112441 0.0161271 0.0215983 0.0274761 0.0336333 0.0398863 0.0459199 0.0513304 0.0557298 0.0588275 0.0604726 0.0606763 0.0596088 0.0575578 0.0548639 0.0518548 0.0487857 0.0457743 0.0427445 0.0394204 0.0354291 0.0305117 0.0247417 0.0185934
 0.00758223 0.0118395 0.0169532 0.022658 0.0287575 0.0351201 0.0415605 0.047755 0.0532809 0.0577244 0.0607696 0.0622482 0.0621664 0.0607019 0.0581595 0.0549002 0.0512733 0.0475572 0.0439038 0.0402922 0.0365261 0.032319 0.0274698 0.0220447 0.0164365
 0.00789866 0.0123323 0.0176549 0.0235851 0.0299096 0.0364794 0.0430897 0.0493979 0.0549693 0.0593896 0.0623484 0.0636805 0.0633878 0.0616391 0.058732 0.0550277 0.0508847 0.0466014 0.0423642 0.0382076 0.0340119 0.029574 0.0247511 0.0196097 0.0144733
 0.00822796 0.0128445 0.0183833 0.0245477 0.0311091 0.037903 0.0447039 0.0511418 0.0567544 0.0611093 0.0638958 0.0649663 0.064351 0.0622462 0.0589646 0.0548671 0.050303 0.0455656 0.0408546 0.0362449 0.0316844 0.0270484 0.0222524 0.0173686 0.012662
 0.00859205 0.0134048 0.0191687 0.0255664 0.032352 0.0393476 0.0463133 0.0528596 0.0585016 0.0627879 0.0653987 0.0661912 0.0652157 0.0627002 0.0589915 0.0544756 0.0495102 0.044385 0.0392978 0.034341 0.0295069 0.0247329 0.0199853 0.0153449 0.011029
 0.00889849 0.0138885 0.0198696 0.0265123 0.0335543 0.040795 0.047963 0.0546338 0.0602943 0.0644811 0.0668792 0.0673621 0.0660036 0.0630593 0.0589057 0.0539559 0.0485871 0.0430983 0.0376909 0.032467 0.0274446 0.0226007 0.0179368 0.0135378 0.00958081
 0.00912197 0.0142419 0.0203844 0.0272146 0.0344643 0.041924 0.0493052 0.0561547 0.0619237 0.0661143 0.0683891 0.0686202 0.0669024 0.0635288 0.0589185 0.0535216 0.0477414 0.0418924 0.0361856 0.0307331 0.0255707 0.0206993 0.0161393 0.0119717 0.0083366
 0.00919146 0.0143662 0.0205931 0.0275442 0.0349528 0.0426009 0.050181 0.0572145 0.063127 0.0673984 0.0696726 0.0698069 0.0678899 0.0642224 0.0592468 0.0534479 0.0472665 0.0410493 0.0350314 0.0293437 0.0240397 0.0191367 0.0146634 0.0106904 0.00732273
 0.00926708 0.0144796 0.0207477 0.0277419 0.0351998 0.0429148 0.0505919 0.0577567 0.0638224 0.0682395 0.0706152 0.0707755 0.0687921 0.0649646 0.0597473 0.0536457 0.0471287 0.0405746 0.0342514 0.0283199 0.0228587 0.0179028 0.0134858 0.00966474 0.00651138
 0.00925431 0.0144524 0.0206954 0.0276517 0.0350622 0.0427314 0.0503842 0.0575699 0.063721 0.0682944 0.0708826 0.0712759 0.069496 0.0657934 0.0605887 0.0543794 0.0476506 0.0408156 0.0341861 0.0279687 0.0222823 0.0171913 0.0127411 0.00897984 0.00595137
 0.00932868 0.0145515 0.0208035 0.0277394 0.0350925 0.0426714 0.0502171 0.0573027 0.0633879 0.0679544 0.0706125 0.0711545 0.0695828 0.0661066 0.0610937 0.0549922 0.0482586 0.0413061 0.0344746 0.0280166 0.0221028 0.0168411 0.0123026 0.00853708 0.00556929
