SBPRF35
12.7214
Curr Bio
878856
B35
851362
F35
0.171774
FOFL
0.171774
OFL
124927
Bzero
3.63469e+006
#pred survey bio
 3.13975e+006 2.7282e+006 2.47182e+006 2.21633e+006 1.98397e+006 1.74757e+006 1.55992e+006 1.39667e+006 1.21743e+006 1.111e+006 977017 871456 791567 713553 646454 624669 605707 573451 546581 539762 536705 537667 529078 547485 544961 541536 549546 548290 572752 582576 601835 607541 606099 611597 616653 620688 630543 636521 639004 643906 656687 664395 659397 664138 675062 678891 677641 685114 695272 725358 752877 796678 841440 884560 2.05902e+007 1.88052e+007 1.90832e+007 1.98547e+007 2.0945e+007 2.21536e+007 2.33319e+007 2.43921e+007 2.52959e+007 2.60383e+007 2.66325e+007 2.70995e+007 2.74621e+007 2.77416e+007 2.79559e+007 2.81201e+007 2.82459e+007 2.83424e+007 2.84167e+007 2.84741e+007 2.85187e+007 2.85534e+007 2.85806e+007 2.86019e+007 2.86188e+007 2.86322e+007 2.86428e+007 2.86512e+007 2.8658e+007 2.86635e+007 2.86678e+007 2.86714e+007 2.86742e+007 2.86765e+007 2.86784e+007 2.86799e+007 2.86812e+007 2.86822e+007 2.8683e+007 2.86837e+007 2.86842e+007 2.86847e+007 2.8685e+007 2.86853e+007 2.86856e+007 2.86858e+007 2.86859e+007 2.86861e+007 2.86862e+007 2.86863e+007 2.86863e+007 2.86864e+007 2.86864e+007 2.86865e+007 2.86865e+007 2.86865e+007 2.86866e+007 2.86866e+007 2.86866e+007 2.86866e+007 2.86866e+007 2.86866e+007 2.86866e+007 2.86866e+007 2.86866e+007 2.86867e+007 2.86867e+007 2.86867e+007 2.86867e+007 2.86867e+007 2.86867e+007 2.86867e+007 2.86867e+007 2.86867e+007 2.86867e+007 2.86867e+007 2.86867e+007 2.86867e+007 2.86867e+007 2.86867e+007 2.86867e+007 2.86867e+007 2.86867e+007 2.86867e+007 2.86867e+007 2.86867e+007 2.86867e+007 2.86867e+007 2.86867e+007 2.86867e+007 2.86867e+007 2.86867e+007 2.86867e+007 2.86867e+007 2.86867e+007 2.86867e+007 2.86867e+007 2.86867e+007 2.86867e+007 2.86867e+007 0 0 0 0 0 0 0 0 0 0 0 0 0 0 0 0 0 0 0 0 0 0 0 0 0
#obs survey bio
 3.66861e+006 2.5937e+006 1.73267e+006 2.01193e+006 2.44428e+006 1.24794e+006 1.60112e+006 1.59032e+006 983498 1.09674e+006 796860 718023 766740 842606 556865 375576 608834 930888 489269 782606 534533 610166 581934 526155 600955 470589 572023 442935 595345 702386 566607 492087 731195 767710 631102 523248 577248 437637 644961 538239 513804 651672 699805 946847 495337 977531 525132 495296 620518 727519 700818 710130 1.14745e+006 969272
#pred catch bio
 409520 286106 304282 299648 317171 285010 272269 291256 229764 254504 227168 201626 194549 178345 136267 133069 141013 131674 111992 107918 104116 111298 88866 107241 107133 97395.5 105314 84538 98124.9 90469.8 102062 107161 100289 100352 101466 97386.3 101995 106184 105014 99270.6 104250 114310 104736 99089 105134 109216 102218 101433 86936.9 92136.8 81266.4 83446.9 86957.5 115153 124927 124654 125330 129274 135784 143185 150365 156730 162042 166287 169574 172058 173900 175247 176221 176918 177414 177765 178012 178184 178305 178390 178448 178489 178517 178537 178550 178560 178566 178570 178573 178576 178577 178578 178579 178579 178579 178580 178580 178580 178580 178580 178580 178580 178580 178580 178580 178580 178580 178580 178580 178580 178580 178580 178580 178580 178580 178580 178580 178580 178580 178580 178580 178580 178580 178580 178580 178580 178580 178580 178580 178580 178580 178580 178580 178580 178580 178580 178580 178580 178580 178580 178580 178580 178580 178580 178580 178580 178580 178580 178580 178580 178580 178580 178580 178580 178580 178580 178580 178580 0 0 0 0 0 0 0 0 0 0 0 0 0 0 0 0 0 0 0 0 0 0 0 0 0
#obs catch bio
 246933 284790 306159 301174 318513 287225 274705 295128 231283 257633 229166 203956 196461 178245 135584 134550 142878 131459 112455 107989 104581 111801 88554.4 107599 107345 97393.2 105891 84508.5 98621.8 90109 101867 107146 100063 99631.9 101042 97259.9 101615 106321 105400 99422 104467 114509 104785 98452.4 104684 108416 101551 101182 86757.5 92355.7 81487.2 83860.4 86895.6 115381
#pred cpue bio
 3.0985e+006 2.68934e+006 2.433e+006 2.17785e+006 1.94642e+006 1.71104e+006 1.52397e+006 1.36156e+006 1.18388e+006 1.07817e+006 945727 841514 763043 687017 621609 600010 581380 550402 524569 518020 515066 516088 507801 525814 523422 520158 528036 526875 550894 560763 579895 585650 584369 589970 594990 598804 608340 614003 616211 621005 633634 641363 636692 641631 652514 656263 654973 662121 671871 701302 728311 771390 815605 858252 1.99852e+007 1.82516e+007 1.84172e+007 1.90813e+007 2.01418e+007 2.13448e+007 2.25222e+007 2.35822e+007 2.4486e+007 2.52285e+007 2.58226e+007 2.62896e+007 2.66523e+007 2.69317e+007 2.71461e+007 2.73103e+007 2.7436e+007 2.75326e+007 2.76069e+007 2.76643e+007 2.77088e+007 2.77435e+007 2.77707e+007 2.77921e+007 2.78089e+007 2.78223e+007 2.78329e+007 2.78414e+007 2.78482e+007 2.78536e+007 2.7858e+007 2.78615e+007 2.78643e+007 2.78667e+007 2.78685e+007 2.78701e+007 2.78713e+007 2.78723e+007 2.78731e+007 2.78738e+007 2.78744e+007 2.78748e+007 2.78752e+007 2.78755e+007 2.78757e+007 2.78759e+007 2.78761e+007 2.78762e+007 2.78763e+007 2.78764e+007 2.78765e+007 2.78765e+007 2.78766e+007 2.78766e+007 2.78767e+007 2.78767e+007 2.78767e+007 2.78767e+007 2.78767e+007 2.78767e+007 2.78768e+007 2.78768e+007 2.78768e+007 2.78768e+007 2.78768e+007 2.78768e+007 2.78768e+007 2.78768e+007 2.78768e+007 2.78768e+007 2.78768e+007 2.78768e+007 2.78768e+007 2.78768e+007 2.78768e+007 2.78768e+007 2.78768e+007 2.78768e+007 2.78768e+007 2.78768e+007 2.78768e+007 2.78768e+007 2.78768e+007 2.78768e+007 2.78768e+007 2.78768e+007 2.78768e+007 2.78768e+007 2.78768e+007 2.78768e+007 2.78768e+007 2.78768e+007 2.78768e+007 2.78768e+007 2.78768e+007 2.78768e+007 2.78768e+007 2.78768e+007 2.78768e+007 2.78768e+007 0 0 0 0 0 0 0 0 0 0 0 0 0 0 0 0 0 0 0 0 0 0 0 0 0
#obs cpue bio
 2.42074e+006 3.05222e+006 1.5143e+006 2.32479e+006 2.00513e+006 1.43904e+006 1.20693e+006 1.08254e+006 1.30601e+006 979237 1.1162e+006 721725 810658 975828 808571 375864 513819 698675 360397 451133 362822 529577 542208 459334 485348 579695 431706 634033 487689 743307 623630 662793 532701 772443 511130 539414 884788 619107 489356 766052 784428 765560 581957 818575 844693 672256 817612 785496 590683 591605 516070 685240 958528 897671
#pred surv len freq
 0.0046824 0.0076785 0.0116987 0.0167689 0.0227885 0.0294357 0.0361432 0.0422441 0.0472183 0.0508553 0.0532293 0.0545607 0.0550948 0.0550469 0.0545921 0.0538734 0.0530146 0.052117 0.0512081 0.050142 0.0485161 0.0457245 0.0412202 0.034886 0.0272608
 0.00528875 0.00858225 0.0129091 0.0182485 0.0244739 0.031266 0.0380725 0.0442255 0.0491736 0.0526563 0.0547115 0.0555696 0.0555406 0.0549371 0.0540221 0.0529803 0.0519156 0.0508611 0.049763 0.0484272 0.0464725 0.0433871 0.0387478 0.0325226 0.0252453
 0.00546782 0.00894133 0.0135697 0.019351 0.0261273 0.0334783 0.0407048 0.0470117 0.0518095 0.054903 0.056447 0.0567656 0.0562036 0.0550707 0.0536338 0.0521062 0.0506281 0.0492435 0.047874 0.0462879 0.0440956 0.0408312 0.0361542 0.0300986 0.0231956
 0.00568168 0.0092753 0.0140532 0.0200191 0.0270339 0.0347036 0.0423388 0.0491076 0.0543219 0.057651 0.0591391 0.0590833 0.0578978 0.0560146 0.0538136 0.0515787 0.0494814 0.0475757 0.0457816 0.0438611 0.0414277 0.0380419 0.0334091 0.0275953 0.0211131
 0.00596107 0.00972017 0.0147043 0.020906 0.0281683 0.0360737 0.0439089 0.0508295 0.0561541 0.0595669 0.0611043 0.0610151 0.0596405 0.0573624 0.054571 0.0516206 0.0487779 0.0461779 0.0437922 0.0414111 0.0386695 0.0351548 0.0305983 0.0250701 0.0190415
 0.00630308 0.0102742 0.0155336 0.0220655 0.0296911 0.0379509 0.0460708 0.0531438 0.0584522 0.0616889 0.0629394 0.0625134 0.0607904 0.0581478 0.0549382 0.0514782 0.0480309 0.0447734 0.0417494 0.0388282 0.0357148 0.0320499 0.0275926 0.0223998 0.0168796
 0.00651106 0.0106278 0.0160949 0.0229028 0.0308657 0.0394945 0.0479618 0.0552966 0.0607261 0.063914 0.0649488 0.064172 0.062014 0.0589031 0.0552226 0.0512886 0.0473428 0.0435476 0.0399656 0.0365256 0.0330172 0.0291625 0.0247679 0.019882 0.0148445
 0.00667047 0.0108943 0.0165107 0.0235156 0.0317229 0.0406325 0.0493917 0.0569913 0.0626158 0.0658898 0.0668734 0.0658975 0.0634045 0.0598569 0.0556827 0.051237 0.0467812 0.042481 0.0384032 0.0345041 0.0306328 0.0265859 0.0222252 0.0176022 0.0129973
 0.00702034 0.0114455 0.0173074 0.0245871 0.0330789 0.0422566 0.0512332 0.0589632 0.0646053 0.067777 0.0685482 0.0672673 0.0643946 0.0604103 0.0557623 0.0508275 0.0458875 0.0411229 0.0366136 0.0323387 0.0281892 0.0240186 0.0197343 0.0153917 0.0112186
 0.00710685 0.0116064 0.0175868 0.025038 0.0337508 0.0431759 0.0523862 0.0602941 0.0660302 0.0692064 0.0699032 0.068482 0.0654104 0.0611692 0.0562065 0.0509039 0.0455563 0.0403652 0.0354379 0.0307889 0.0263541 0.0220355 0.0177767 0.0136347 0.00979385
 0.00735957 0.0120137 0.0181936 0.0258844 0.034865 0.0445626 0.0540112 0.0620751 0.067842 0.0709011 0.0713389 0.0695506 0.0660549 0.0613833 0.0560181 0.0503515 0.0446711 0.0391677 0.0339483 0.0290453 0.0244299 0.020047 0.0158713 0.0119592 0.00845443
 0.00745536 0.0121924 0.0185048 0.026388 0.0356174 0.0455939 0.0553056 0.0635647 0.0694197 0.0724435 0.0727257 0.0706771 0.0668397 0.0617764 0.0560054 0.0499517 0.0439238 0.0381186 0.0326431 0.0275349 0.0227841 0.0183637 0.0142707 0.0105597 0.00734042
 0.00738129 0.0120969 0.0184092 0.0263332 0.0356603 0.0457976 0.0557261 0.064236 0.07034 0.0735655 0.0739582 0.0719001 0.0679277 0.0626216 0.0565324 0.0501228 0.0437361 0.0375971 0.0318324 0.0264945 0.0215895 0.0171078 0.0130584 0.00949051 0.00648486
 0.00754431 0.0123254 0.0186869 0.0266261 0.0359315 0.0460295 0.0559354 0.0644715 0.0706621 0.0740185 0.0745491 0.0725915 0.068646 0.0632743 0.0570281 0.0503882 0.043727 0.037302 0.0312704 0.0257119 0.020655 0.0161078 0.0120867 0.0086322 0.00579861
 0.00802557 0.0130395 0.0196323 0.0277507 0.0371404 0.0472027 0.0569492 0.0652202 0.0710833 0.0741145 0.0743888 0.0722836 0.0682955 0.0629443 0.0567265 0.0500784 0.043353 0.0368138 0.0306422 0.02495 0.0197978 0.0152182 0.011239 0.00789456 0.00521588
 0.00798832 0.0130292 0.0197068 0.0279863 0.0376018 0.0479008 0.0578114 0.0660999 0.0718108 0.0745634 0.0745213 0.072153 0.0680113 0.0626233 0.0564506 0.0498743 0.0431953 0.0366465 0.0304072 0.0246117 0.0193556 0.0147059 0.0107121 0.00741182 0.00482122
 0.00769848 0.0126087 0.0191713 0.0273926 0.0370431 0.0474918 0.0576642 0.0662929 0.0723539 0.075377 0.0754491 0.0730152 0.0686722 0.0630339 0.0566451 0.0499293 0.043181 0.0365968 0.0303189 0.0244638 0.0191341 0.0144193 0.0103918 0.00710014 0.00455536
 0.0077988 0.0127179 0.0192391 0.0273465 0.0368182 0.0470728 0.0571163 0.0657556 0.0719947 0.0753247 0.0757419 0.0735868 0.0693799 0.0637153 0.0571757 0.0502555 0.0433165 0.0365921 0.030225 0.0243126 0.0189404 0.0141936 0.0101516 0.00686973 0.00435858
 0.00799068 0.0130107 0.01964 0.0278392 0.037355 0.0475719 0.0574705 0.0658628 0.0718045 0.0748779 0.0751702 0.0730615 0.0690373 0.0636012 0.0572412 0.0503988 0.0434389 0.0366355 0.0301773 0.0241912 0.0187713 0.0140007 0.00995542 0.00668871 0.0042075
 0.00804599 0.0130931 0.0197502 0.0279727 0.0375028 0.0477204 0.0576001 0.065945 0.0718027 0.0747584 0.0749227 0.0727187 0.0686768 0.0633204 0.0571144 0.050443 0.0436105 0.0368568 0.0303751 0.0243212 0.0188226 0.0139859 0.00989744 0.00661171 0.00413129
 0.00803188 0.0130775 0.0197399 0.0279778 0.037533 0.0477797 0.0576829 0.0660358 0.0718803 0.0748004 0.0749095 0.0726388 0.0685337 0.0631396 0.0569417 0.0503289 0.0435868 0.036921 0.0304927 0.0244452 0.0189154 0.0140311 0.00989881 0.00658458 0.004093
 0.00797156 0.0129829 0.0196047 0.0278006 0.0373198 0.0475465 0.0574563 0.065849 0.071763 0.0747679 0.0749566 0.072742 0.0686611 0.0632634 0.0570485 0.0504237 0.0436867 0.0370425 0.0306387 0.0246015 0.0190581 0.0141397 0.00996502 0.00661333 0.00409677
 0.00813044 0.0132105 0.0198903 0.028114 0.0376194 0.0477923 0.0576211 0.065923 0.0717516 0.0746868 0.0748261 0.0725811 0.0684835 0.0630764 0.0568558 0.0502306 0.0435041 0.0368853 0.0305198 0.0245252 0.0190173 0.01412 0.0099528 0.00660052 0.00408193
 0.00794973 0.0129447 0.0195412 0.0276995 0.0371655 0.0473226 0.0571519 0.0654676 0.0713321 0.0743412 0.0746036 0.0725267 0.0686181 0.0633863 0.0572963 0.0507408 0.0440256 0.0373752 0.0309542 0.0248942 0.0193189 0.0143549 0.0101239 0.00671475 0.0041505
 0.0079422 0.0129316 0.0195208 0.0276714 0.0371331 0.0472944 0.057139 0.0654776 0.0713593 0.0743637 0.0745915 0.0724596 0.0685011 0.0632503 0.0571831 0.0506822 0.0440315 0.0374346 0.0310458 0.0249971 0.0194176 0.0144399 0.0101905 0.00676184 0.00417999
 0.00800516 0.0130199 0.0196275 0.0277812 0.0372263 0.0473541 0.0571575 0.0654585 0.0713149 0.0743083 0.0745342 0.0723996 0.0684297 0.0631598 0.057076 0.0505742 0.0439443 0.0373847 0.0310373 0.025022 0.0194617 0.0144892 0.0102349 0.00679606 0.00420305
 0.00791921 0.0128935 0.0194617 0.0275843 0.0370103 0.0471291 0.0569297 0.0652326 0.0711009 0.0741255 0.074409 0.0723566 0.0684802 0.063295 0.057271 0.0507987 0.044174 0.0376067 0.0312465 0.0252157 0.019635 0.0146361 0.0103506 0.00687978 0.00425813
 0.00799554 0.0129979 0.0195828 0.0277005 0.0370971 0.0471699 0.0569225 0.0651881 0.0710326 0.0740409 0.0743081 0.0722387 0.0683519 0.0631722 0.0571719 0.0507356 0.044149 0.0376138 0.0312773 0.0252618 0.0196895 0.0146921 0.0104015 0.00692101 0.00428777
 0.00775499 0.0126364 0.0190937 0.0270962 0.0364046 0.0464238 0.0561627 0.064463 0.070402 0.0735718 0.0740604 0.0722467 0.068612 0.0636435 0.0577903 0.0514319 0.0448626 0.0382981 0.0318994 0.0258012 0.0201353 0.0150423 0.0106614 0.00710157 0.00440409
 0.00771465 0.0125562 0.018947 0.0268528 0.0360418 0.0459417 0.0555943 0.0638697 0.0698539 0.0731254 0.0737476 0.0720803 0.068596 0.0637779 0.0580667 0.0518273 0.0453396 0.0388115 0.0324056 0.0262651 0.0205336 0.015363 0.0109031 0.00727115 0.00451413
 0.00762839 0.0124158 0.018735 0.0265512 0.0356339 0.0454172 0.0549573 0.0631475 0.0691021 0.0724224 0.0731801 0.0717209 0.0684853 0.0639179 0.0584277 0.0523608 0.0459884 0.0395165 0.0331103 0.0269201 0.0211018 0.0158233 0.0112505 0.00751432 0.00467116
 0.0075732 0.0123398 0.0186453 0.0264608 0.0355552 0.0453525 0.0548918 0.0630507 0.0689384 0.072168 0.0728375 0.0713257 0.0680992 0.0636118 0.0582598 0.0523608 0.0461529 0.0398147 0.0334946 0.0273374 0.021504 0.016174 0.0115293 0.00771687 0.00480539
 0.00753947 0.0122883 0.0185745 0.0263736 0.0354598 0.0452628 0.054825 0.0630204 0.068945 0.0721917 0.0728413 0.0712705 0.067965 0.0634112 0.0580372 0.0521758 0.0460577 0.0398362 0.0336283 0.0275536 0.0217597 0.0164272 0.0117484 0.00788557 0.00492188
 0.00758548 0.0123362 0.0185976 0.0263322 0.035314 0.044992 0.054444 0.0625808 0.0685203 0.071852 0.0726308 0.0711958 0.0679984 0.0635074 0.0581555 0.0522973 0.0461883 0.0399957 0.0338327 0.0278025 0.022034 0.0166971 0.0119854 0.00807172 0.00505281
 0.00765296 0.0124419 0.0187473 0.0265231 0.0355294 0.0451966 0.0545848 0.0626008 0.0683815 0.0715581 0.072233 0.0707748 0.0676324 0.0632439 0.0580028 0.0522355 0.0461908 0.0400442 0.0339212 0.0279289 0.0221911 0.0168685 0.0121497 0.00821043 0.00515623
 0.00767017 0.0124772 0.0188138 0.0266368 0.0357044 0.0454363 0.0548741 0.0629016 0.0686375 0.0717087 0.0722326 0.0706114 0.0673353 0.0628747 0.0576321 0.0519192 0.0459566 0.0398955 0.0338478 0.0279176 0.022228 0.016938 0.0122342 0.00829263 0.00522394
 0.00771202 0.0125294 0.018864 0.0266664 0.0356964 0.0453872 0.0548007 0.0628368 0.0686149 0.0717435 0.0723113 0.0706963 0.0673822 0.0628545 0.0575443 0.0517898 0.0458243 0.0397939 0.0337954 0.0279162 0.0222686 0.0170056 0.0123127 0.00836773 0.00528571
 0.00772104 0.0125563 0.0189257 0.0267823 0.0358793 0.045631 0.0550741 0.0630906 0.0688016 0.0718384 0.0723196 0.0706421 0.0672888 0.0627316 0.0573896 0.0516018 0.0456127 0.0395811 0.0336081 0.0277749 0.0221807 0.0169664 0.0123091 0.00838416 0.00530883
 0.00764712 0.0124564 0.0188135 0.0266853 0.0358334 0.0456707 0.0552203 0.0633416 0.0691293 0.0721917 0.0726377 0.0708731 0.0674058 0.062736 0.0573021 0.0514486 0.0454185 0.0393683 0.0333991 0.027591 0.0220377 0.0168701 0.0122553 0.00836189 0.00530523
 0.00761899 0.0123994 0.0187087 0.0265123 0.0355813 0.0453517 0.0548788 0.0630481 0.0689582 0.0721924 0.0728139 0.0711824 0.0677771 0.0630958 0.0575963 0.051652 0.0455316 0.0394081 0.0333894 0.027556 0.021998 0.0168396 0.0122395 0.00835951 0.00531107
 0.00750889 0.0122327 0.0184798 0.0262223 0.0352349 0.0449545 0.0544391 0.0625852 0.0685106 0.0718201 0.0725868 0.0711562 0.0679695 0.0634754 0.0580929 0.052182 0.0460242 0.0398203 0.0337078 0.0277884 0.0221623 0.0169549 0.0123213 0.00841792 0.00535204
 0.00739856 0.0120633 0.0182438 0.0259206 0.0348774 0.0445596 0.0540324 0.0621956 0.0681651 0.0715395 0.072387 0.0710549 0.067988 0.063632 0.0583884 0.0525894 0.0464921 0.040289 0.0341276 0.0281313 0.0224224 0.0171416 0.0124498 0.00850353 0.00540707
 0.0073654 0.0120114 0.0181695 0.0258221 0.0347551 0.0444167 0.0538754 0.0620336 0.0680077 0.0713936 0.0722564 0.0709419 0.0678991 0.0635814 0.0583962 0.0526726 0.046653 0.0405095 0.0343743 0.028368 0.0226228 0.0172943 0.0125567 0.00857329 0.00545012
 0.00740028 0.0120418 0.0181673 0.0257466 0.0345655 0.0440918 0.0534288 0.0615153 0.0674893 0.0709461 0.071931 0.0707621 0.0678624 0.0636691 0.0585838 0.052938 0.0469775 0.0408743 0.0347555 0.0287368 0.0229509 0.0175618 0.0127566 0.00871046 0.00553677
 0.00740078 0.0120436 0.01817 0.0257457 0.0345481 0.0440321 0.0532908 0.0612648 0.0671137 0.0704708 0.0714207 0.0703021 0.0675296 0.0635079 0.0585999 0.053107 0.0472605 0.0412299 0.0351454 0.0291261 0.023309 0.0178652 0.0129925 0.00887826 0.00564564
 0.00740707 0.0120586 0.0182014 0.0258029 0.0346392 0.044158 0.0534393 0.0614066 0.0672055 0.0704662 0.0712869 0.0700373 0.0671707 0.0631222 0.0582621 0.0528745 0.0471591 0.0412539 0.0352672 0.0293085 0.0235146 0.0180624 0.0131595 0.00900461 0.00573147
 0.00751915 0.0122212 0.0184101 0.0260422 0.0348877 0.0443974 0.0536589 0.0616022 0.0673711 0.0705862 0.0713345 0.0699812 0.0669901 0.0628213 0.0578769 0.0524651 0.0467902 0.0409744 0.035098 0.0292427 0.0235262 0.0181188 0.0132311 0.00907096 0.00578238
 0.00754435 0.0122674 0.0184883 0.0261631 0.035056 0.0446048 0.0538811 0.0618042 0.0675207 0.0706672 0.0713497 0.0699435 0.0669083 0.0626944 0.0577004 0.0522436 0.0465461 0.0407433 0.0349154 0.0291295 0.0234832 0.0181295 0.0132717 0.00911956 0.00582475
 0.00754508 0.0122684 0.0184899 0.026167 0.0350667 0.0446305 0.0539318 0.0618874 0.0676349 0.0707985 0.0714749 0.0700388 0.0669581 0.0626938 0.0576514 0.0521516 0.0464203 0.0405997 0.0347765 0.0290185 0.0234146 0.0181045 0.0132797 0.00914465 0.00585298
 0.00744426 0.0121046 0.0182445 0.0258252 0.0346231 0.0440977 0.0533476 0.0613144 0.0671499 0.0704724 0.0713531 0.0701297 0.0672333 0.063099 0.058123 0.0526319 0.0468669 0.0409889 0.0351021 0.0292867 0.0236365 0.0182895 0.0134317 0.00926411 0.00594007
 0.00737991 0.012001 0.0180902 0.0256095 0.0343374 0.0437379 0.0529192 0.0608367 0.0666583 0.0700171 0.0709922 0.0699167 0.0672033 0.0632574 0.058443 0.0530625 0.0473476 0.0414653 0.0355358 0.0296582 0.0239414 0.0185319 0.0136186 0.00940239 0.00603645
 0.00720084 0.0117215 0.0176916 0.0250833 0.0336879 0.0429849 0.0521012 0.0600104 0.0658916 0.0693774 0.0705357 0.0696839 0.0672169 0.0635201 0.0589344 0.0537375 0.0481409 0.0423024 0.0363463 0.0303878 0.0245577 0.019023 0.0139883 0.00966439 0.00621008
 0.00707699 0.0115152 0.0173726 0.0246223 0.033065 0.0422019 0.0511925 0.0590439 0.0649564 0.0685632 0.0699156 0.0693064 0.0671062 0.0636798 0.0593495 0.054375 0.048949 0.0432128 0.0372825 0.0312764 0.0253406 0.0196651 0.0144788 0.0100128 0.00643936
 0.00692729 0.0112854 0.0170512 0.0242052 0.0325531 0.0415984 0.050504 0.0582868 0.0641634 0.0677869 0.0692241 0.0687716 0.0667894 0.0636199 0.0595584 0.0548377 0.0496269 0.0440474 0.0382002 0.0321974 0.026191 0.0203895 0.0150479 0.0104245 0.00671274
#obs surv len freq
 0.00497228 0.00814311 0.0123835 0.0177062 0.0239848 0.0308542 0.0376904 0.0437717 0.0485489 0.051821 0.0537055 0.0544863 0.0544816 0.0539876 0.0532648 0.0525273 0.0519206 0.0514797 0.0510659 0.0503096 0.0486283 0.0453909 0.0402204 0.0332858 0.0253695
 0.00517939 0.00848519 0.0129083 0.0184614 0.0250083 0.0321593 0.0392505 0.0455154 0.0503705 0.0536019 0.0553325 0.0558613 0.0555225 0.0546263 0.0534469 0.0522152 0.0511011 0.0501727 0.0493313 0.0482508 0.046389 0.0431432 0.0381408 0.0315211 0.0240051
 0.00541606 0.00886967 0.0134868 0.0192777 0.0260969 0.0335336 0.0408891 0.0473555 0.0523139 0.0555302 0.0571249 0.0574068 0.056727 0.0554143 0.0537596 0.0520091 0.0503491 0.0488728 0.0475206 0.0460203 0.0438898 0.0405765 0.0357251 0.0294465 0.0223882
 0.00564646 0.00924978 0.014069 0.0201141 0.0272286 0.0349744 0.0426098 0.0492795 0.0543302 0.057516 0.0589646 0.0590006 0.0579899 0.0562739 0.0541541 0.0518871 0.0496723 0.0476234 0.0457169 0.0437363 0.0412703 0.0378325 0.0331013 0.0271652 0.0205938
 0.00589929 0.0096618 0.0146912 0.0209951 0.0284065 0.0364625 0.0443818 0.0512622 0.0564122 0.0595675 0.0608586 0.0606271 0.0592619 0.0571257 0.054536 0.0517583 0.0489982 0.0463814 0.0439129 0.0414287 0.0385919 0.0349922 0.0303539 0.0247525 0.0186804
 0.00614378 0.0100641 0.0153055 0.0218746 0.0295925 0.0379681 0.0461748 0.0532608 0.0584973 0.0616071 0.0627289 0.0622238 0.0605022 0.0579468 0.0548913 0.0516128 0.0483241 0.0451602 0.0421478 0.0391684 0.0359554 0.0321764 0.027609 0.0223235 0.0167408
 0.00638883 0.0104649 0.0159134 0.0227393 0.0307528 0.0394372 0.0479245 0.055215 0.0605414 0.0636089 0.0645607 0.0637763 0.0616914 0.0587134 0.0551961 0.0514299 0.0476352 0.0439542 0.0404311 0.0369862 0.0334155 0.0294608 0.024953 0.019963 0.014847
 0.00661001 0.0108306 0.0164751 0.0235485 0.0318506 0.0408377 0.0495985 0.0570847 0.0624923 0.0655126 0.0662959 0.0652408 0.0628057 0.0594205 0.0554589 0.0512264 0.0469536 0.0427912 0.0387988 0.0349295 0.031034 0.0269197 0.0224673 0.0177501 0.0130671
 0.00682671 0.0111822 0.0170033 0.0242923 0.0328402 0.0420836 0.0510794 0.0587413 0.064233 0.067228 0.0678757 0.0665862 0.0638369 0.0600794 0.0557079 0.0510443 0.0463306 0.0417277 0.0373105 0.033061 0.0288772 0.024623 0.0202222 0.0157505 0.0114567
 0.00706609 0.0115776 0.0176091 0.0251606 0.0340076 0.0435519 0.0527976 0.0606045 0.0661021 0.0689623 0.0693594 0.0677391 0.0646116 0.0604529 0.0556735 0.0506058 0.0454975 0.0405142 0.0357413 0.0311835 0.0267776 0.0224344 0.0181131 0.0138896 0.0099668
 0.00726872 0.0119102 0.0181157 0.025885 0.0349849 0.0447953 0.0542834 0.0622635 0.0678262 0.0706216 0.0708248 0.0689023 0.065398 0.0608259 0.0556291 0.050161 0.0446794 0.0393534 0.0342739 0.0294614 0.0248819 0.0204827 0.0162498 0.0122565 0.00866539
 0.00741454 0.0121525 0.0184902 0.0264283 0.0357281 0.0457521 0.0554388 0.0635696 0.0692076 0.0719883 0.0720842 0.0699667 0.0661912 0.0612893 0.0557285 0.0498881 0.0440485 0.0383951 0.0330309 0.0279916 0.0232648 0.0188242 0.0146735 0.0108807 0.00757268
 0.00752891 0.0123345 0.0187575 0.0267963 0.0362093 0.0463544 0.0561615 0.0643992 0.0701161 0.0729343 0.0730154 0.0708237 0.0669118 0.0618135 0.0560047 0.0498789 0.0437359 0.0377828 0.0321456 0.0268829 0.0220066 0.0175124 0.0134168 0.00977988 0.00669705
 0.00761277 0.0124699 0.018959 0.0270767 0.0365763 0.0468069 0.0566872 0.0649753 0.0707153 0.0735322 0.0735936 0.0713665 0.0673985 0.0622141 0.0562793 0.0499841 0.0436333 0.0374487 0.0315787 0.0261097 0.0210829 0.0165191 0.0124475 0.00892185 0.00601064
 0.00767415 0.0125642 0.019091 0.027248 0.0367863 0.0470541 0.0569692 0.0652878 0.0710515 0.0738827 0.0739477 0.0717138 0.0677284 0.062513 0.0565263 0.0501494 0.0436802 0.037342 0.0312958 0.0256515 0.0204801 0.0158306 0.011749 0.00828796 0.00549541
 0.00773501 0.0126558 0.0192153 0.0274015 0.0369614 0.0472409 0.0571574 0.0654689 0.0712207 0.0740408 0.0741005 0.0718686 0.0678899 0.0626791 0.0566868 0.0502844 0.043762 0.0373384 0.0311779 0.0254045 0.0201127 0.015378 0.0112663 0.00783475 0.00511839
 0.00778734 0.0127374 0.0193311 0.027553 0.0371451 0.0474472 0.0573702 0.0656677 0.0713857 0.0741596 0.0741727 0.0719049 0.0679072 0.0626937 0.0567077 0.0503101 0.0437792 0.0373243 0.0311065 0.0252554 0.0198807 0.0150789 0.0109349 0.00751405 0.00484536
 0.00779778 0.012752 0.019349 0.0275724 0.0371642 0.047466 0.0573911 0.0656945 0.071422 0.0742065 0.0742283 0.0719664 0.0679728 0.062764 0.0567841 0.050392 0.04386 0.0373901 0.0311377 0.0252326 0.0197932 0.0149312 0.0107473 0.00731693 0.00466813
 0.00784199 0.0128126 0.0194195 0.0276396 0.0372123 0.0474824 0.0573715 0.0656449 0.0713559 0.0741406 0.0741778 0.0719418 0.0679779 0.0627968 0.0568393 0.0504623 0.0439371 0.0374631 0.0311929 0.0252551 0.0197718 0.0148641 0.010645 0.00719862 0.0045552
 0.00785919 0.0128436 0.0194709 0.0277173 0.0373178 0.0476078 0.0574977 0.0657447 0.0714045 0.0741265 0.0741084 0.0718391 0.0678698 0.0627065 0.0567796 0.0504356 0.0439375 0.0374801 0.0312132 0.0252651 0.0197602 0.0148259 0.0105833 0.00712416 0.00448158
 0.00790971 0.0129165 0.0195637 0.0278228 0.0374268 0.0477134 0.0575969 0.0658366 0.0714851 0.0741856 0.0741315 0.0718153 0.0677986 0.0626002 0.0566595 0.0503228 0.0438464 0.037415 0.0311693 0.0252326 0.0197283 0.0147868 0.0105352 0.00707098 0.00443034
 0.00791765 0.0129316 0.0195901 0.0278646 0.0374855 0.0477857 0.0576733 0.0659043 0.071533 0.0742096 0.0741347 0.0718035 0.0677753 0.0625658 0.056614 0.0502699 0.0437935 0.0373699 0.0311361 0.0252098 0.0197103 0.0147674 0.010511 0.00704247 0.00440123
 0.00789936 0.0129027 0.0195486 0.0278101 0.0374205 0.0477162 0.0576092 0.0658567 0.0715107 0.0742152 0.0741643 0.0718492 0.0678289 0.0626209 0.0566659 0.0503154 0.043831 0.0374 0.0311607 0.0252302 0.0197261 0.0147769 0.0105127 0.00703703 0.00439121
 0.00787041 0.0128508 0.0194619 0.0276757 0.0372292 0.0474691 0.0573229 0.0655635 0.0712516 0.0740285 0.0740751 0.0718642 0.0679373 0.0627996 0.0568868 0.0505518 0.0440616 0.0376103 0.0313428 0.0253807 0.0198446 0.0148648 0.0105728 0.00707374 0.00441039
 0.00790046 0.0128924 0.0195105 0.0277212 0.037257 0.0474625 0.0572673 0.0654511 0.0710856 0.073826 0.0738656 0.0716826 0.0678137 0.0627507 0.0569125 0.0506375 0.0441853 0.0377496 0.0314791 0.0255018 0.0199441 0.0149405 0.0106259 0.00710754 0.0044294
 0.00787803 0.0128612 0.0194729 0.0276821 0.0372207 0.0474301 0.0572339 0.0654063 0.0710183 0.0737298 0.0737437 0.0715495 0.0676922 0.0626657 0.0568831 0.050671 0.0442754 0.0378791 0.0316265 0.0256467 0.0200718 0.0150429 0.0107011 0.00715789 0.00445999
 0.00785193 0.0128163 0.0194015 0.0275769 0.0370787 0.0472563 0.0570441 0.0652245 0.0708682 0.0736258 0.0736869 0.0715303 0.0676996 0.0626939 0.0569341 0.0507514 0.0443897 0.0380247 0.0317922 0.0258163 0.0202285 0.0151745 0.0108016 0.00722786 0.00450422
 0.00783588 0.0127856 0.0193469 0.0274868 0.0369423 0.0470683 0.0568095 0.064961 0.0706043 0.0733947 0.0735182 0.0714425 0.0676954 0.0627626 0.0570577 0.0509123 0.0445749 0.0382251 0.0319996 0.0260199 0.0204159 0.0153343 0.0109267 0.00731731 0.00456234
 0.00779266 0.0127189 0.0192527 0.0273634 0.0367892 0.0468861 0.0566004 0.0647306 0.0703638 0.0731623 0.0733175 0.0712987 0.0676294 0.0627843 0.0571635 0.0510866 0.0447959 0.0384708 0.0322508 0.0262611 0.0206342 0.0155194 0.0110726 0.00742298 0.00463221
 0.00775688 0.0126567 0.0191522 0.0272121 0.0365786 0.0466172 0.0562882 0.0644031 0.0700544 0.0729005 0.0731227 0.0711811 0.0675927 0.0628299 0.0572892 0.0512848 0.0450514 0.0387623 0.0325546 0.0265547 0.0208992 0.0157429 0.0112479 0.0075501 0.0047167
 0.00773587 0.0126182 0.019086 0.0271057 0.0364195 0.0463975 0.0560095 0.0640794 0.069712 0.0725735 0.0728466 0.0709852 0.0674952 0.0628354 0.0573917 0.051471 0.0453038 0.0390598 0.0328734 0.0268705 0.0211895 0.0159909 0.0114441 0.00769323 0.00481236
 0.0077166 0.0125897 0.019048 0.0270585 0.0363624 0.0463266 0.0559169 0.0639555 0.06955 0.0723752 0.0726255 0.0707654 0.0673065 0.0627057 0.0573403 0.0515048 0.0454176 0.0392391 0.0330972 0.0271144 0.0214293 0.016206 0.0116206 0.00782546 0.00490259
 0.00769849 0.0125612 0.019007 0.0270041 0.0362954 0.04625 0.0558355 0.0638741 0.0694706 0.072295 0.0725384 0.0706667 0.0671985 0.0626006 0.0572579 0.0514661 0.0454372 0.0393207 0.0332326 0.0272862 0.0216153 0.0163841 0.0117739 0.00794449 0.004986
 0.00765409 0.0124923 0.0189097 0.0268774 0.0361418 0.0460761 0.0556527 0.063698 0.0693185 0.072181 0.0724697 0.070641 0.0672068 0.0626318 0.0573048 0.0515288 0.045522 0.0394347 0.0333782 0.0274571 0.0217977 0.0165603 0.0119277 0.00806572 0.00507214
 0.00762483 0.0124431 0.0188328 0.0267652 0.0359895 0.045885 0.0554332 0.0634696 0.0691057 0.0720073 0.072352 0.070587 0.0672146 0.062692 0.0574039 0.0516534 0.0456631 0.0395883 0.0335432 0.0276312 0.021974 0.0167279 0.0120743 0.00818258 0.00515632
 0.00761901 0.0124327 0.0188153 0.0267369 0.0359457 0.0458205 0.0553437 0.0633535 0.0689668 0.0718557 0.0722036 0.0704604 0.067126 0.0626511 0.0574121 0.051705 0.0457484 0.0396975 0.0336684 0.0277661 0.0221119 0.0168604 0.0121926 0.00827904 0.0052275
 0.00760364 0.0124124 0.0187932 0.0267185 0.0359364 0.0458226 0.0553536 0.0633621 0.0689619 0.0718266 0.0721454 0.0703766 0.0670282 0.062556 0.0573366 0.0516613 0.0457416 0.0397259 0.0337258 0.0278441 0.0222016 0.0169527 0.0122787 0.00835178 0.00528288
 0.00758603 0.0123831 0.0187481 0.0266545 0.0358534 0.0457257 0.0552542 0.0632753 0.0689011 0.0717977 0.0721437 0.0703897 0.0670431 0.0625652 0.0573407 0.0516678 0.0457601 0.0397634 0.0337842 0.0279201 0.022288 0.0170408 0.0123599 0.00841978 0.00533434
 0.00756117 0.0123443 0.0186927 0.0265809 0.0357615 0.045617 0.055133 0.06315 0.0687839 0.071703 0.0720843 0.0703726 0.0670661 0.0626182 0.0574106 0.0517438 0.0458373 0.0398425 0.0338676 0.0280089 0.0223798 0.0171302 0.0124405 0.00848619 0.00538406
 0.00754747 0.0123219 0.018659 0.0265336 0.0356989 0.0455396 0.0550436 0.0630539 0.0686883 0.0716155 0.0720127 0.0703238 0.0670458 0.0626289 0.05745 0.0518053 0.0459124 0.0399239 0.0339512 0.0280926 0.0224622 0.0172082 0.0125102 0.0085437 0.00542733
 0.00753164 0.0122978 0.0186258 0.0264913 0.0356484 0.045482 0.0549803 0.0629866 0.0686197 0.0715492 0.0719531 0.0702758 0.0670143 0.0626183 0.0574628 0.0518415 0.0459686 0.0399945 0.0340296 0.0281733 0.0225406 0.0172807 0.0125734 0.0085951 0.00546574
 0.00752656 0.0122873 0.0186057 0.0264571 0.0355962 0.0454109 0.0548944 0.0628944 0.0685313 0.0714737 0.0718954 0.0702378 0.0669956 0.0626184 0.0574816 0.0518788 0.0460234 0.0400639 0.0341089 0.0282566 0.0226219 0.017355 0.0126369 0.00864561 0.00550273
 0.00752406 0.0122839 0.0186016 0.0264522 0.0355897 0.0454003 0.0548756 0.0628632 0.0684855 0.0714152 0.0718307 0.0701756 0.0669442 0.0625831 0.057465 0.0518813 0.046044 0.0401007 0.0341589 0.0283153 0.0226838 0.0174146 0.0126894 0.00868804 0.00553407
 0.00750516 0.0122551 0.018562 0.0264024 0.035532 0.0453385 0.0548142 0.0628069 0.0684378 0.0713774 0.0718022 0.0701551 0.0669318 0.0625807 0.057475 0.0519056 0.0460829 0.0401528 0.0342211 0.0283834 0.022753 0.0174795 0.0127457 0.00873287 0.00556668
 0.00750869 0.0122602 0.0185685 0.0264097 0.0355391 0.0453443 0.054818 0.0628077 0.068435 0.0713701 0.0717892 0.0701355 0.0669053 0.0625488 0.0574412 0.0518749 0.0460606 0.0401428 0.0342251 0.0284003 0.0227793 0.0175107 0.0127769 0.00876024 0.00558797
 0.00750237 0.0122495 0.0185517 0.0263851 0.0355056 0.0453024 0.0547701 0.0627586 0.0683904 0.0713354 0.0717678 0.0701281 0.0669102 0.0625623 0.0574596 0.0518958 0.0460835 0.0401686 0.0342552 0.0284352 0.0228177 0.0175498 0.0128132 0.00879071 0.00561103
 0.00750237 0.0122495 0.0185517 0.0263851 0.0355056 0.0453024 0.0547701 0.0627586 0.0683904 0.0713354 0.0717678 0.0701281 0.0669102 0.0625623 0.0574596 0.0518958 0.0460835 0.0401686 0.0342552 0.0284352 0.0228177 0.0175498 0.0128132 0.00879071 0.00561103
 0.00742666 0.0121314 0.0183837 0.0261645 0.035236 0.0449955 0.054447 0.0624491 0.0681282 0.0711504 0.0716796 0.0701421 0.0670182 0.0627458 0.0576944 0.0521569 0.0463492 0.040423 0.0344879 0.0286405 0.0229927 0.0176931 0.0129249 0.00887246 0.00566661
 0.00734755 0.011997 0.0181713 0.0258517 0.0348081 0.0444563 0.0538279 0.061809 0.0675413 0.0706876 0.0713921 0.0700537 0.0671256 0.0630239 0.0581032 0.0526492 0.046878 0.0409474 0.0349765 0.0290721 0.0233556 0.0179832 0.0131442 0.00902803 0.00576918
 0.00723908 0.0118187 0.0178994 0.0254631 0.0342855 0.0437967 0.0530519 0.0609657 0.0667046 0.0699445 0.0708268 0.0697317 0.0670816 0.0632561 0.0585759 0.0533024 0.0476399 0.0417464 0.0357505 0.0297739 0.0239544 0.0184643 0.0135071 0.00928366 0.0059361
 0.00714199 0.0116553 0.0176435 0.0250871 0.0337672 0.0431287 0.0522517 0.0600788 0.0657991 0.069099 0.0701194 0.0692317 0.0668421 0.0633068 0.0589159 0.0538978 0.0484282 0.0426472 0.0366797 0.0306558 0.0247319 0.0191029 0.0139954 0.00963 0.00616279
 0.00706722 0.0115311 0.0174514 0.0248073 0.0333812 0.0426251 0.0516324 0.0593635 0.0650259 0.0683212 0.0693997 0.0686354 0.0664308 0.0631298 0.0590031 0.0542522 0.0490219 0.0434227 0.0375577 0.0315496 0.0255625 0.0198123 0.0145531 0.0100331 0.00642987
 0.0069761 0.0113833 0.0172293 0.024495 0.0329673 0.0421072 0.0510219 0.0586872 0.0643221 0.0676331 0.0687703 0.0681068 0.0660436 0.0629232 0.0590104 0.0544933 0.0494953 0.0440987 0.0383781 0.0324349 0.0264268 0.0205811 0.0151774 0.0104957 0.0067419
 0.0069247 0.0112975 0.017096 0.0243001 0.0326982 0.0417567 0.0505925 0.0581929 0.0637869 0.0670864 0.0682435 0.0676313 0.065651 0.062646 0.0588812 0.0545415 0.0497396 0.044538 0.038984 0.0331508 0.0271771 0.0212875 0.0157778 0.010957 0.00706198
#pred catch len freq
 0.00363773 0.00589101 0.00885867 0.0125737 0.0170595 0.0222777 0.0280608 0.0341054 0.0400351 0.0454805 0.0501349 0.0537924 0.0563744 0.057931 0.0586092 0.05861 0.0581549 0.0574469 0.0565936 0.0554894 0.0537239 0.050647 0.0456632 0.0386481 0.0302012
 0.00410069 0.00657916 0.00977791 0.0136966 0.0183455 0.0236986 0.0296098 0.0357763 0.0417846 0.0472002 0.0516604 0.0549503 0.0570461 0.0580944 0.0583364 0.0580228 0.0573605 0.0564846 0.0554189 0.0540068 0.0518612 0.0484323 0.0432588 0.0363108 0.0281864
 0.00429694 0.0069397 0.0103938 0.0146691 0.0197525 0.0255484 0.0318098 0.0381462 0.0441142 0.0493163 0.0534545 0.0563587 0.0580125 0.0585594 0.058261 0.0574196 0.0562965 0.0550469 0.05367 0.0519673 0.0495401 0.0458866 0.0406358 0.0338314 0.0260729
 0.00451205 0.00727487 0.0108778 0.0153367 0.0206585 0.0267764 0.0334567 0.0402743 0.0466871 0.0521587 0.0562747 0.0588312 0.059875 0.0596667 0.0585793 0.056988 0.055192 0.0533646 0.0515096 0.0494254 0.0467175 0.0429134 0.0376925 0.0311351 0.023822
 0.00480667 0.00773662 0.0115405 0.0162206 0.021769 0.0281053 0.0349865 0.0419872 0.0485742 0.0542144 0.0584642 0.0610479 0.0619228 0.0612948 0.0595549 0.0571629 0.0545281 0.0519168 0.0493915 0.0467826 0.0437197 0.0397599 0.0346118 0.0283602 0.021541
 0.00512336 0.00824247 0.0122856 0.0172466 0.0231034 0.0297504 0.0369059 0.0440993 0.050763 0.0563553 0.0604535 0.0628154 0.0634189 0.0624577 0.060285 0.0573287 0.054005 0.0506362 0.0473717 0.0441332 0.0406285 0.0364734 0.0314061 0.0254973 0.0192143
 0.00534643 0.00861001 0.0128491 0.0180609 0.0242197 0.0312035 0.0386963 0.046178 0.0530277 0.0586605 0.062633 0.0647134 0.0649181 0.0634909 0.0608205 0.0573398 0.0534478 0.0494571 0.0455434 0.0416981 0.0377263 0.0333355 0.0283172 0.0227328 0.0169736
 0.00557941 0.00898286 0.013401 0.0188292 0.0252389 0.0325011 0.0402824 0.0480324 0.0550893 0.0608241 0.0647562 0.0666342 0.0664818 0.0645771 0.0613576 0.0573007 0.0528295 0.0482619 0.0437798 0.0394076 0.0350185 0.0304054 0.0254232 0.0201366 0.0148692
 0.00585914 0.00942179 0.0140334 0.0196796 0.0263232 0.033825 0.0418364 0.0497838 0.0569776 0.0627619 0.0666341 0.0683296 0.0678709 0.0655487 0.0618276 0.0572192 0.0521806 0.0470558 0.0420483 0.0372121 0.0324698 0.027679 0.0227468 0.0177429 0.0129328
 0.00605131 0.00973659 0.0145115 0.0203602 0.0272362 0.0349797 0.0432095 0.0513177 0.0585901 0.0643642 0.0681437 0.0696736 0.0689816 0.0663594 0.0622727 0.0572401 0.051734 0.0461218 0.0406381 0.035377 0.0303122 0.0253575 0.0204613 0.0156954 0.0112745
 0.00630737 0.0101433 0.015107 0.0211769 0.0282986 0.0362986 0.0447705 0.0530676 0.0604316 0.0661636 0.0697535 0.0709629 0.0698624 0.0667958 0.0622697 0.0568205 0.0509197 0.0449289 0.0390867 0.0335104 0.0282156 0.0231657 0.0183449 0.0138246 0.00977361
 0.00640832 0.0103232 0.0154075 0.0216487 0.0289922 0.0372494 0.0459822 0.0545037 0.0620169 0.0677934 0.0713051 0.0723089 0.0708873 0.0674149 0.0624418 0.0565483 0.050236 0.0438793 0.0377207 0.0318861 0.0264143 0.0213015 0.0165581 0.0122537 0.00851846
 0.00638855 0.0103082 0.0154188 0.0217222 0.0291769 0.0375999 0.046548 0.0553146 0.0630687 0.0690374 0.0726486 0.0736286 0.072052 0.0683089 0.0629812 0.0566886 0.0499715 0.0432365 0.0367492 0.0306537 0.0250076 0.019828 0.015139 0.011004 0.0075195
 0.00655188 0.0105401 0.0157071 0.022038 0.0294885 0.0378921 0.0468361 0.0556426 0.0634911 0.0695939 0.0733438 0.0744232 0.0728683 0.0690468 0.0635394 0.0569839 0.0499526 0.0428889 0.0360942 0.0297441 0.0239227 0.0186674 0.0140115 0.0100083 0.00672341
 0.00688754 0.0110333 0.0163505 0.0227874 0.030271 0.0386239 0.0474411 0.0560682 0.0637222 0.0696611 0.0733166 0.0743853 0.0728833 0.0691317 0.063659 0.0570666 0.0499166 0.0426686 0.0356577 0.0291003 0.0231197 0.0177831 0.0131375 0.00922947 0.00609827
 0.00687264 0.0110476 0.0164407 0.0230143 0.0306856 0.039234 0.0481874 0.0568309 0.0643611 0.0700696 0.0734607 0.0743091 0.0726825 0.0689105 0.0634902 0.0569683 0.049854 0.0425754 0.0354671 0.0287723 0.0226557 0.0172242 0.0125506 0.00868524 0.00564996
 0.00666747 0.0107548 0.0160788 0.0226351 0.0303702 0.0390793 0.0482836 0.0572322 0.0650549 0.07096 0.074386 0.0750955 0.0732094 0.0691498 0.063498 0.0568401 0.0496719 0.0423774 0.0352476 0.028505 0.0223223 0.0168326 0.012135 0.00829243 0.00532072
 0.00674282 0.0108344 0.0161216 0.0225829 0.0301719 0.0387252 0.0478318 0.0568049 0.0647999 0.0709935 0.074743 0.075712 0.0739448 0.06984 0.0640156 0.0571316 0.0497562 0.0423124 0.0350907 0.0282916 0.0220678 0.0165481 0.0118394 0.00801321 0.00508447
 0.00684857 0.0109941 0.0163358 0.0228356 0.0304242 0.0389143 0.0478802 0.0566477 0.0644238 0.0704662 0.074206 0.0753281 0.0738265 0.0700011 0.0643729 0.0575529 0.0501212 0.0425524 0.0351926 0.0282772 0.0219698 0.0163973 0.0116635 0.00783761 0.00493061
 0.00688587 0.0110493 0.0164089 0.0229231 0.0305196 0.0390079 0.0479566 0.0566815 0.0643802 0.0703114 0.0739292 0.0749647 0.0734607 0.0697385 0.0642926 0.0576688 0.0503785 0.0428592 0.035463 0.02846 0.0220534 0.0163973 0.0116079 0.0077556 0.00484645
 0.00685793 0.0110117 0.0163666 0.0228853 0.0304968 0.0390073 0.0479787 0.0567191 0.0644194 0.0703338 0.0739141 0.0748952 0.0733346 0.0695783 0.0641456 0.0575895 0.0504011 0.0429786 0.035638 0.0286354 0.0221855 0.0164676 0.0116216 0.00773187 0.00480655
 0.00683721 0.010978 0.0163166 0.0228168 0.0304112 0.0389112 0.0478846 0.0566432 0.0643757 0.0703279 0.0739396 0.0749352 0.0733683 0.0695902 0.0641342 0.0575701 0.0504 0.0430183 0.035723 0.028749 0.0222986 0.0165546 0.0116708 0.00774662 0.0047992
 0.00687303 0.0110214 0.0163546 0.0228292 0.0303768 0.0388182 0.0477383 0.0564671 0.0642038 0.070193 0.073863 0.0749214 0.0734056 0.0696568 0.064207 0.0576342 0.0504531 0.043069 0.0357825 0.0288213 0.022377 0.0166257 0.0117229 0.00777574 0.00480911
 0.0067816 0.0108894 0.0161855 0.0226335 0.0301646 0.0385906 0.0474848 0.0561741 0.0638717 0.0698494 0.0735625 0.0747267 0.0733625 0.0697755 0.0644608 0.0579734 0.0508249 0.0434322 0.0361132 0.029109 0.0226176 0.0168168 0.0118641 0.00787026 0.00486513
 0.00677695 0.0108813 0.0161731 0.0226173 0.0301484 0.0385821 0.0474929 0.0562018 0.0639083 0.0698685 0.0735319 0.074628 0.0732063 0.0696008 0.0643168 0.0578964 0.050825 0.0434961 0.0362156 0.0292253 0.0227298 0.0169139 0.0119404 0.00792421 0.00489893
 0.00678722 0.0108909 0.0161747 0.0226002 0.0301021 0.0385015 0.0473836 0.0560808 0.0637991 0.0697921 0.0734971 0.0746268 0.0732183 0.0696058 0.0643079 0.057884 0.0508288 0.0435316 0.0362857 0.02932 0.0228328 0.01701 0.0120195 0.00798236 0.00493711
