SBPRF35
12.7214
Curr Bio
942256
B35
894683
F35
0.173133
FOFL
0.173133
OFL
131047
Bzero
3.63469e+06
#pred survey bio
 3.4809e+06 3.37136e+06 3.26392e+06 3.12796e+06 2.92742e+06 2.70022e+06 2.45326e+06 2.21972e+06 1.99429e+06 1.75558e+06 1.57514e+06 1.39596e+06 1.22988e+06 1.08738e+06 950167 852284 775811 716840 651004 629771 614898 595771 571001 554338 538897 538408 545055 546577 536984 532743 540286 542393 554059 558990 567212 576499 589745 602166 613033 631279 629357 639784 646931 652389 655117 654779 666252 671209 670512 671388 680060 753072 815566 883284 923734 938632 935467 948846 2.15585e+07 1.98902e+07 2.03241e+07 2.11154e+07 2.21205e+07 2.3184e+07 2.4195e+07 2.50914e+07 2.5849e+07 2.64684e+07 2.6963e+07 2.73517e+07 2.76539e+07 2.78874e+07 2.80671e+07 2.82054e+07 2.83119e+07 2.8394e+07 2.84576e+07 2.85069e+07 2.85455e+07 2.85757e+07 2.85994e+07 2.86182e+07 2.86331e+07 2.86449e+07 2.86543e+07 2.86619e+07 2.86679e+07 2.86728e+07 2.86768e+07 2.86799e+07 2.86825e+07 2.86846e+07 2.86863e+07 2.86877e+07 2.86888e+07 2.86897e+07 2.86905e+07 2.86911e+07 2.86916e+07 2.8692e+07 2.86923e+07 2.86926e+07 2.86928e+07 2.8693e+07 2.86932e+07 2.86933e+07 2.86934e+07 2.86935e+07 2.86935e+07 2.86936e+07 2.86936e+07 2.86937e+07 2.86937e+07 2.86937e+07 2.86938e+07 2.86938e+07 2.86938e+07 2.86938e+07 2.86938e+07 2.86938e+07 2.86938e+07 2.86938e+07 2.86938e+07 2.86938e+07 2.86938e+07 2.86938e+07 2.86938e+07 2.86938e+07 2.86938e+07 2.86938e+07 2.86938e+07 2.86938e+07 2.86938e+07 2.86938e+07 2.86938e+07 2.86938e+07 2.86938e+07 2.86938e+07 2.86938e+07 2.86938e+07 2.86938e+07 2.86938e+07 2.86938e+07 2.86938e+07 2.86938e+07 2.86938e+07 2.86938e+07 2.86938e+07 2.86938e+07 2.86938e+07 2.86938e+07 2.86938e+07 2.86938e+07 2.86938e+07 2.86938e+07 2.86938e+07 2.86938e+07 2.86938e+07 0 0 0 0 0 0 0 0 0 0 0 0 0 0 0 0 0 0 0 0 0 0 0 0 0
#obs survey bio
 2.64509e+06 3.49882e+06 3.75574e+06 3.05498e+06 2.88733e+06 1.85458e+06 2.84610e+06 2.1775e+06 2.26208e+06 1.47414e+06 1.40315e+06 1.32424e+06 1.23216e+06 973844 1.16286e+06 681366 734054 690133 482649 464030 600669 788405 623911 602049 522391 857629 636738 544252 544306 448560 524686 564711 484919 501835 462641 679849 570304 755000 537632 646017 682828 593389 792316 833501 703800 798368 918172 687324 685770 448245 674855 588806 1.16562e+06 852407 1.14598e+06 1.08229e+06 952956 847678
#pred catch bio
 101919 105853 141353 212008 250451 284021 287374 294132 317583 274283 280266 272765 253670 248795 213686 194744 178373 180885 140469 134685 136118 136535 125208 120822 106188 99349.5 102799 110403 104107 93992 99315.6 92317.5 98941.4 96425.3 95869.6 93043.4 94586.9 97030.7 92619.8 110973 101154 105335 107737 110480 113005 103246 109248 114015 113254 108683 59504.3 74577.1 73449 98522.2 120842 136463 123547 146434 131047 132095 133970 138144 144075 150475 156512 161767 166097 169527 172163 174144 175608 176673 177441 177989 178378 178652 178845 178980 179073 179139 179184 179216 179238 179253 179263 179270 179275 179279 179281 179283 179284 179284 179285 179285 179286 179286 179286 179286 179286 179286 179286 179286 179286 179286 179286 179286 179286 179286 179286 179286 179286 179286 179286 179286 179286 179286 179286 179286 179286 179286 179286 179286 179286 179286 179286 179286 179286 179286 179286 179286 179286 179286 179286 179286 179286 179286 179286 179286 179286 179286 179286 179286 179286 179286 179286 179286 179286 179286 179286 179286 179286 179286 179286 179286 179286 179286 179286 179286 0 0 0 0 0 0 0 0 0 0 0 0 0 0 0 0 0 0 0 0 0 0 0 0 0
#obs catch bio
 0 105690 141225 212663 250705 284989 288181 295380 319310 274523 280664 273721 253970 248713 212884 195572 179355 182557 141279 136555 138158 137770 125497 120919 106598 99295.6 102613 110259 103646 93620.8 99073.8 92220.2 99354.9 96548.1 96090.9 92954.3 94433.9 96767.3 92361.9 111378 100958 105506 107831 110701 113336 103115 109224 113741 112946 109466 59270.7 75183.5 73541.4 98862.3 120956 136871 123052 146632
#pred cpue bio
 3.43484e+06 3.32656e+06 3.21913e+06 3.08281e+06 2.88283e+06 2.65621e+06 2.40995e+06 2.17717e+06 1.95281e+06 1.71572e+06 1.53637e+06 1.35845e+06 1.19385e+06 1.05282e+06 917152 820149 744451 686479 622154 601242 586759 568657 545266 529542 514708 514447 521293 523103 513975 509928 517240 519146 530424 535342 543540 552765 565832 577985 588451 606057 604088 614186 621039 626327 629057 628798 640085 645042 644310 644788 652687 723953 785803 852948 892866 907175 903559 916145 2.08055e+07 1.91961e+07 1.95426e+07 2.02452e+07 2.12235e+07 2.22815e+07 2.32916e+07 2.41878e+07 2.49454e+07 2.55648e+07 2.60594e+07 2.6448e+07 2.67503e+07 2.69838e+07 2.71635e+07 2.73018e+07 2.74083e+07 2.74904e+07 2.75539e+07 2.76033e+07 2.76419e+07 2.76721e+07 2.76958e+07 2.77146e+07 2.77294e+07 2.77413e+07 2.77507e+07 2.77583e+07 2.77643e+07 2.77692e+07 2.77732e+07 2.77763e+07 2.77789e+07 2.7781e+07 2.77827e+07 2.77841e+07 2.77852e+07 2.77861e+07 2.77869e+07 2.77875e+07 2.7788e+07 2.77884e+07 2.77887e+07 2.7789e+07 2.77892e+07 2.77894e+07 2.77896e+07 2.77897e+07 2.77898e+07 2.77899e+07 2.77899e+07 2.779e+07 2.779e+07 2.77901e+07 2.77901e+07 2.77901e+07 2.77901e+07 2.77902e+07 2.77902e+07 2.77902e+07 2.77902e+07 2.77902e+07 2.77902e+07 2.77902e+07 2.77902e+07 2.77902e+07 2.77902e+07 2.77902e+07 2.77902e+07 2.77902e+07 2.77902e+07 2.77902e+07 2.77902e+07 2.77902e+07 2.77902e+07 2.77902e+07 2.77902e+07 2.77902e+07 2.77902e+07 2.77902e+07 2.77902e+07 2.77902e+07 2.77902e+07 2.77902e+07 2.77902e+07 2.77902e+07 2.77902e+07 2.77902e+07 2.77902e+07 2.77902e+07 2.77902e+07 2.77902e+07 2.77902e+07 2.77902e+07 2.77902e+07 2.77902e+07 2.77902e+07 2.77902e+07 2.77902e+07 2.77902e+07 0 0 0 0 0 0 0 0 0 0 0 0 0 0 0 0 0 0 0 0 0 0 0 0 0
#obs cpue bio
 3.26394e+06 3.58506e+06 3.29887e+06 2.38375e+06 3.33977e+06 3.03708e+06 1.98828e+06 1.83406e+06 1.8978e+06 2.21855e+06 1.86032e+06 1.21567e+06 1.2841e+06 1.38604e+06 861992 656484 651324 632556 686516 454742 487621 542007 622020 550615 387471 412829 509150 564349 634630 567902 574673 400421 460177 668300 613010 577571 640331 547911 579048 478443 675159 539018 524556 442499 566507 604491 471613 774322 660773 583890 583148 511117 714901 1.0386e+06 955103 711375 1.2296e+06 847654
#pred surv len freq
 0.0042616 0.00700703 0.0107111 0.0154114 0.0210269 0.0272679 0.0336165 0.0394641 0.0443421 0.0480713 0.0507343 0.0525428 0.0537196 0.0544446 0.0548431 0.0549952 0.0549527 0.0547423 0.0543235 0.0535002 0.0518486 0.0487805 0.043806 0.0368967 0.0286899
 0.00456131 0.00740899 0.0111619 0.0158171 0.0212905 0.0273411 0.0335324 0.039322 0.0442493 0.0480786 0.0508102 0.0526007 0.0536785 0.0542819 0.0546115 0.0547971 0.0548873 0.0548507 0.0545587 0.0537382 0.0519424 0.0486299 0.0434069 0.0363382 0.0281047
 0.00464414 0.00759955 0.0115449 0.0164875 0.0223074 0.0286706 0.0350159 0.0407112 0.0453033 0.0486658 0.050946 0.0524 0.0532684 0.0537434 0.0539814 0.054106 0.0541867 0.0542008 0.0539904 0.0532252 0.0514112 0.0480079 0.042675 0.0355497 0.0273575
 0.00474452 0.00775317 0.0117636 0.0167898 0.0227306 0.0292775 0.0358811 0.0418782 0.0467289 0.050192 0.0523325 0.0534131 0.0537714 0.0537308 0.0535459 0.0533763 0.0532823 0.0532169 0.0529932 0.0522461 0.0504474 0.0470421 0.0417078 0.0346206 0.0265342
 0.00493365 0.00805842 0.0122178 0.0174196 0.0235497 0.0302796 0.0370376 0.0431471 0.0480691 0.0515669 0.0536912 0.0546604 0.0547615 0.0543047 0.0535938 0.0528825 0.0523235 0.0519227 0.0514994 0.0506638 0.0488548 0.0454959 0.0402614 0.0333351 0.0254699
 0.00514348 0.00840272 0.0127419 0.0181672 0.0245543 0.0315495 0.0385414 0.0448087 0.0497809 0.0532159 0.0551833 0.0559284 0.0557511 0.0549527 0.0538196 0.0526077 0.0515098 0.050601 0.0497693 0.0486671 0.0467439 0.0434141 0.0383358 0.031671 0.0241394
 0.00536833 0.00877264 0.0133071 0.0189782 0.0256529 0.0329542 0.040231 0.0467136 0.0517895 0.0551932 0.0569929 0.057452 0.0569004 0.0556693 0.0540638 0.0523448 0.0507093 0.0492548 0.0479184 0.0464175 0.0442605 0.0408953 0.03598 0.0296421 0.0225382
 0.00555906 0.00909069 0.0138011 0.0197001 0.0266494 0.0342525 0.0418224 0.0485458 0.053771 0.0572067 0.0589107 0.0591485 0.0582622 0.0566041 0.0545042 0.0522463 0.0500455 0.0480181 0.0461346 0.0441669 0.0416929 0.0382203 0.0334317 0.027427 0.0207883
 0.00573804 0.00938808 0.0142613 0.0203704 0.0275731 0.0354563 0.0433027 0.0502606 0.0556429 0.0591345 0.0607821 0.0608494 0.0596842 0.0576497 0.0550913 0.0523105 0.0495419 0.046926 0.044468 0.0419937 0.0391512 0.0355182 0.0308163 0.0251283 0.0189611
 0.00603963 0.00986687 0.0149608 0.0213247 0.0288022 0.0369591 0.0450475 0.0521799 0.0576394 0.0610959 0.0625973 0.0624188 0.0609242 0.058492 0.0554799 0.0521986 0.0488906 0.0457105 0.0426925 0.0397133 0.0364935 0.0326872 0.0280643 0.0226984 0.0170228
 0.00626585 0.0102372 0.0155224 0.0221221 0.0298674 0.0382973 0.0466237 0.0539174 0.0594345 0.0628418 0.0642014 0.0638084 0.0620402 0.0592823 0.0558946 0.0521885 0.0484094 0.0447215 0.0411836 0.03772 0.0341211 0.0301179 0.0255336 0.0204406 0.0152074
 0.00648105 0.0105983 0.0160868 0.0229499 0.0310087 0.0397715 0.0483983 0.0559006 0.0614882 0.0648098 0.0659406 0.0652095 0.0630374 0.0598482 0.0560261 0.0518892 0.047677 0.043547 0.0395645 0.0356859 0.0317611 0.027593 0.0230589 0.0182353 0.013433
 0.00672585 0.0109935 0.0166771 0.0237772 0.0321068 0.0411561 0.0500535 0.0577681 0.0634673 0.0667678 0.0677309 0.0666936 0.0641057 0.0604348 0.056111 0.051487 0.0468183 0.0422632 0.0378866 0.0336601 0.0294737 0.0251868 0.0207228 0.0161632 0.011769
 0.00699413 0.0114228 0.0173103 0.0246491 0.0332379 0.0425424 0.0516567 0.0595135 0.065254 0.0684866 0.0692785 0.0679782 0.0650473 0.0609685 0.0561939 0.051104 0.0459816 0.0410055 0.0362556 0.0317211 0.0273218 0.0229567 0.0185814 0.0142777 0.0102611
 0.00737851 0.0120317 0.0181963 0.0258481 0.0347605 0.0443616 0.0536954 0.0616434 0.0673145 0.0703179 0.0707526 0.0690141 0.0656098 0.0610562 0.0558251 0.0503063 0.0447878 0.0394554 0.0344004 0.0296313 0.0250952 0.0207225 0.0164896 0.0124703 0.00883542
 0.00761253 0.0124201 0.0187946 0.0267112 0.0359286 0.04584 0.0554353 0.0635374 0.0692148 0.072068 0.0722163 0.070093 0.0662473 0.0612345 0.055557 0.0496244 0.0437346 0.0380782 0.0327533 0.0277828 0.0231369 0.0187713 0.0146765 0.0109151 0.00761651
 0.00768382 0.0125582 0.0190444 0.0271302 0.0365763 0.0467588 0.0566301 0.0649643 0.0707832 0.0736544 0.0736842 0.0713135 0.0671185 0.0616938 0.0555837 0.0492336 0.0429657 0.0369844 0.0313971 0.0262374 0.0214916 0.0171323 0.013158 0.00961802 0.00660443
 0.00772267 0.0126204 0.0191382 0.0272677 0.0367775 0.0470547 0.0570608 0.0655688 0.0715819 0.0746312 0.0747776 0.0724229 0.0681236 0.0624798 0.0560628 0.0493565 0.0427232 0.0364016 0.030525 0.0251472 0.0202712 0.0158828 0.0119829 0.00860653 0.00581234
 0.00805041 0.0131121 0.0198009 0.0280798 0.0376938 0.048017 0.0580079 0.0664442 0.0723422 0.0752533 0.0752598 0.0727742 0.0683486 0.0625672 0.0559855 0.049082 0.042228 0.0356823 0.0296044 0.0240738 0.0191158 0.0147306 0.0109211 0.00770745 0.00511778
 0.0080179 0.0130832 0.0198004 0.0281419 0.0378492 0.0482748 0.0583445 0.0668096 0.0726838 0.0755431 0.0755057 0.0730103 0.0686094 0.0628634 0.0562925 0.0493455 0.0423814 0.0356682 0.0293919 0.0236685 0.0185592 0.014091 0.0102775 0.0071312 0.00465629
 0.00779969 0.012765 0.0193912 0.0276779 0.0373894 0.0478893 0.0581004 0.0667562 0.0728381 0.0758821 0.0759729 0.0735374 0.069142 0.0633727 0.0567685 0.0497781 0.042746 0.0359266 0.0295059 0.0236176 0.0183533 0.0137708 0.00990387 0.00676671 0.00434849
 0.00766754 0.0125478 0.0190621 0.0272173 0.0367964 0.0471974 0.0573866 0.0661328 0.0724231 0.0757593 0.0761634 0.0739965 0.069781 0.0640918 0.0574846 0.050436 0.0433137 0.0363825 0.0298307 0.0237973 0.018388 0.0136826 0.00973445 0.00656632 0.00416091
 0.00774408 0.0126447 0.0191564 0.0272686 0.0367561 0.0470243 0.0570639 0.0656796 0.0718961 0.0752444 0.0757568 0.0737782 0.06979 0.0643152 0.0578658 0.0508979 0.0437824 0.0368011 0.0301618 0.02402 0.0184971 0.0136891 0.00966489 0.00645641 0.00404511
 0.00784426 0.012792 0.0193477 0.0274866 0.0369686 0.0471864 0.0571237 0.0655891 0.0716287 0.0748125 0.0752189 0.0732294 0.0693348 0.0640363 0.0577998 0.0510292 0.0440546 0.0371396 0.0304957 0.0242968 0.018688 0.0137889 0.0096876 0.00642769 0.00399311
 0.00788704 0.0128687 0.0194754 0.0276825 0.0372424 0.0475288 0.057498 0.0659321 0.0718649 0.0748766 0.0750784 0.072897 0.0688692 0.0635271 0.0573425 0.0506975 0.043881 0.0371114 0.0305677 0.0244119 0.0187968 0.0138615 0.00971592 0.00641999 0.00396542
 0.00781544 0.0127505 0.0192957 0.0274307 0.0369189 0.0471541 0.0571161 0.0656031 0.0716445 0.0747928 0.0751196 0.0730196 0.0690201 0.0636687 0.057467 0.0508238 0.044038 0.0373182 0.0308204 0.0246843 0.0190529 0.0140704 0.00986242 0.00650653 0.00400623
 0.00774677 0.012631 0.0191013 0.0271351 0.0365006 0.0466079 0.0564652 0.0649043 0.0709814 0.074258 0.0747908 0.072938 0.0691784 0.064017 0.0579331 0.0513395 0.0445573 0.037819 0.0312934 0.0251202 0.0194365 0.0143848 0.0100973 0.00666387 0.00409936
 0.00768644 0.0125419 0.018983 0.0269902 0.0363304 0.0464074 0.0562216 0.0646026 0.0706171 0.0738492 0.0743828 0.0725948 0.068964 0.0639727 0.0580641 0.051616 0.0449291 0.0382339 0.0317104 0.0255113 0.0197828 0.0146726 0.0103189 0.00681926 0.00419726
 0.00777574 0.0126704 0.0191457 0.0271723 0.0365121 0.0465699 0.056351 0.064687 0.0706411 0.0737919 0.0742249 0.0723326 0.0686213 0.063601 0.0577276 0.0513692 0.0447996 0.0382183 0.0317832 0.0256383 0.0199316 0.0148177 0.010443 0.0069136 0.00426091
 0.00788912 0.0128379 0.0193657 0.0274305 0.0367831 0.0468221 0.0565514 0.0648081 0.0706663 0.0737199 0.0740676 0.0721086 0.0683493 0.0632999 0.0574209 0.0510878 0.0445761 0.0380766 0.0317292 0.0256591 0.0200021 0.0149101 0.0105342 0.00698924 0.00431531
 0.00790903 0.0128678 0.0194059 0.0274783 0.0368323 0.0468624 0.0565694 0.06479 0.0706031 0.0736124 0.0739283 0.0719581 0.0682088 0.0631836 0.0573344 0.0510315 0.0445511 0.0380869 0.0317787 0.0257459 0.0201155 0.0150328 0.0106486 0.00708253 0.00438251
 0.00792946 0.0129075 0.019477 0.027595 0.0370054 0.0470922 0.0568392 0.065066 0.0708412 0.0737707 0.0739788 0.0718934 0.068043 0.0629468 0.0570634 0.0507604 0.0443064 0.037886 0.0316315 0.0256551 0.0200762 0.0150334 0.0106731 0.00711564 0.00441313
 0.00778102 0.0126867 0.0191837 0.0272448 0.036628 0.046727 0.0565299 0.0648539 0.070756 0.0738207 0.0741464 0.0721399 0.0683212 0.0632154 0.0572967 0.0509505 0.0444587 0.0380125 0.0317444 0.0257628 0.0201817 0.0151344 0.010764 0.00719071 0.00446911
 0.00774033 0.0126121 0.0190572 0.0270471 0.0363475 0.0463703 0.0561305 0.0644686 0.0704502 0.0736468 0.0741275 0.072266 0.0685562 0.0635105 0.057604 0.051234 0.0446991 0.0382066 0.0318995 0.0258899 0.0202901 0.0152286 0.0108444 0.00725561 0.00451733
 0.0076923 0.0125342 0.0189398 0.02688 0.0361205 0.0460759 0.0557685 0.0640531 0.0700147 0.0732438 0.0738191 0.0721067 0.0685746 0.0636997 0.0579248 0.0516291 0.0451113 0.0385923 0.0322343 0.0261662 0.0205107 0.0154006 0.0109749 0.00735047 0.00458232
 0.00766724 0.0124883 0.0188612 0.0267548 0.0359358 0.0458253 0.0554561 0.0636948 0.0696351 0.0728723 0.0734886 0.071853 0.0684336 0.063699 0.0580728 0.0519085 0.0454816 0.0390019 0.0326347 0.0265229 0.0208061 0.015631 0.0111451 0.00746962 0.00466071
 0.00766632 0.0124767 0.0188249 0.026674 0.0357896 0.0455984 0.0551468 0.0633179 0.06922 0.0724573 0.0731139 0.071555 0.0682416 0.0636334 0.0581435 0.0521119 0.0457979 0.0393953 0.0330596 0.0269339 0.0211682 0.0159245 0.0113656 0.00762339 0.00476024
 0.00770633 0.0125338 0.0188953 0.0267472 0.0358484 0.0456212 0.0551105 0.0632027 0.0690164 0.0721718 0.0727712 0.0711947 0.0679095 0.0633717 0.0579839 0.0520718 0.0458783 0.0395806 0.0333194 0.0272292 0.0214593 0.0161805 0.0115689 0.00777029 0.00485708
 0.00775621 0.0126121 0.0190073 0.0268945 0.0360267 0.0458175 0.0553015 0.0633562 0.069097 0.0721507 0.0726355 0.0709524 0.0675893 0.0630175 0.0576456 0.0517949 0.045695 0.0395045 0.0333441 0.0273313 0.0216059 0.0163378 0.0117105 0.00788147 0.00493456
 0.00761047 0.0124052 0.0187517 0.026621 0.0357761 0.0456269 0.0551926 0.0633314 0.0691423 0.0722418 0.0727438 0.0710504 0.0676568 0.0630467 0.057644 0.0517828 0.0456993 0.0395487 0.0334403 0.0274758 0.0217811 0.0165187 0.0118737 0.0080117 0.00502696
 0.00768899 0.0125125 0.0188769 0.0267448 0.0358804 0.0457078 0.0552666 0.0634281 0.0692853 0.0724291 0.0729423 0.0712078 0.0677236 0.0629955 0.0574774 0.0515298 0.0454046 0.0392604 0.0331983 0.0273038 0.0216832 0.0164829 0.0118789 0.00803615 0.00505461
 0.00767526 0.012494 0.0188551 0.0267208 0.0358519 0.0456662 0.0551988 0.0633248 0.0691531 0.0722967 0.0728523 0.071196 0.0677981 0.0631308 0.0576272 0.0516501 0.0454722 0.0392781 0.033187 0.0272893 0.0216844 0.0165057 0.0119178 0.00808035 0.00509419
 0.00762642 0.0124264 0.0187753 0.0266427 0.0357928 0.0456404 0.0552111 0.063368 0.0692093 0.0723443 0.0728761 0.0711956 0.0677885 0.0631325 0.0576525 0.0516947 0.0455189 0.0393092 0.0331959 0.027282 0.021674 0.0165032 0.0119271 0.00809838 0.00511471
 0.0075676 0.012336 0.0186497 0.026484 0.0356103 0.045452 0.0550427 0.0632483 0.0691612 0.0723749 0.0729722 0.0713296 0.0679303 0.0632622 0.0577645 0.0517929 0.0456078 0.0393883 0.0332608 0.0273301 0.0217074 0.0165277 0.0119481 0.00811831 0.00513291
 0.00754285 0.0122942 0.0185842 0.0263881 0.0354801 0.0452891 0.0548581 0.0630627 0.0690018 0.0722685 0.0729374 0.0713703 0.0680347 0.063407 0.0579234 0.0519453 0.0457428 0.0395026 0.0333548 0.0274049 0.0217646 0.0165702 0.0119796 0.00814201 0.00515077
 0.00756293 0.0123222 0.0186174 0.0264205 0.0355027 0.0452923 0.0548333 0.0630054 0.0689134 0.0721585 0.0728228 0.0712719 0.067971 0.0633878 0.0579466 0.0519992 0.0458115 0.039572 0.0334161 0.0274545 0.0218024 0.0165979 0.0119996 0.00815646 0.00516128
 0.0074875 0.0122054 0.0184526 0.0262056 0.0352408 0.0449924 0.054511 0.0626831 0.0686187 0.0719194 0.0726632 0.0712084 0.0680104 0.0635265 0.0581707 0.0522856 0.0461315 0.039896 0.0337186 0.0277179 0.0220177 0.0167638 0.0121201 0.00823889 0.0052141
 0.00752422 0.0122507 0.0184944 0.0262239 0.0352139 0.0449048 0.0543613 0.0624845 0.0683935 0.0716921 0.0724552 0.0710369 0.0678898 0.0634682 0.0581817 0.0523654 0.0462701 0.0400754 0.033916 0.0279107 0.0221886 0.0169027 0.0122243 0.00831116 0.00526054
 0.00768392 0.0124895 0.0188138 0.0266091 0.0356337 0.045316 0.0547132 0.0627268 0.0684875 0.0716222 0.0722347 0.0707037 0.0674941 0.0630599 0.0578025 0.0520452 0.0460255 0.0399098 0.033821 0.0278699 0.0221828 0.0169146 0.0122415 0.00832685 0.00527214
 0.0078345 0.0127281 0.01916 0.0270735 0.0362116 0.04598 0.0554076 0.0633711 0.0689928 0.0719146 0.0722757 0.0704975 0.0670821 0.0625077 0.057183 0.0514254 0.0454578 0.0394274 0.0334382 0.0275852 0.0219835 0.0167827 0.0121587 0.00827732 0.00524396
 0.00783471 0.0127446 0.0192149 0.0271971 0.0364354 0.0463236 0.0558665 0.0639117 0.0695561 0.0724283 0.0726682 0.0707126 0.0670913 0.0623156 0.0568262 0.0509618 0.0449526 0.038939 0.0330091 0.0272382 0.0217234 0.0166012 0.0120403 0.00820502 0.00520262
 0.00733316 0.0119661 0.0181154 0.0257693 0.0347201 0.0444204 0.053941 0.0621821 0.068251 0.0717264 0.0726481 0.071337 0.0682265 0.0637748 0.0584172 0.052526 0.0463851 0.0401887 0.0340645 0.0281087 0.0224243 0.0171476 0.0124473 0.00849057 0.00538875
 0.00711339 0.0115865 0.0175043 0.024851 0.0334372 0.0427689 0.052001 0.0601249 0.0663107 0.070148 0.071634 0.0710076 0.068601 0.0647723 0.0598785 0.0542516 0.048179 0.0418943 0.0355806 0.0293867 0.023454 0.0179415 0.01303 0.00889389 0.00564907
 0.00703613 0.0114408 0.0172457 0.0244206 0.0327686 0.0418044 0.0507138 0.0585404 0.0645215 0.0683146 0.0699681 0.0697342 0.0679082 0.0647642 0.060549 0.0554887 0.0497965 0.0436788 0.0373379 0.0309726 0.0247851 0.0189883 0.0138027 0.00942754 0.00599177
 0.00706945 0.0114986 0.0173372 0.0245496 0.0329238 0.0419472 0.0507712 0.0584136 0.0641121 0.0675641 0.0688924 0.0684401 0.0665805 0.0636248 0.0597981 0.0552494 0.0500823 0.044398 0.0383298 0.0320587 0.025814 0.0198612 0.0144768 0.00990488 0.00630207
 0.00712535 0.0115993 0.0175065 0.0248151 0.0333086 0.0424566 0.0513782 0.0590493 0.0646684 0.0679101 0.0689046 0.0680408 0.0657737 0.0625135 0.0585694 0.0541258 0.0492563 0.0439761 0.0383103 0.0323499 0.0262786 0.020366 0.0149263 0.0102517 0.00653956
 0.00724967 0.0117946 0.0177883 0.0251946 0.0337927 0.0430464 0.052064 0.0598034 0.0654385 0.068616 0.0694427 0.0682986 0.0656581 0.061985 0.0576703 0.0529855 0.0480635 0.042925 0.037541 0.0319124 0.0261345 0.0204219 0.0150782 0.0104186 0.00667646
 0.00714199 0.0116509 0.0176302 0.025062 0.0337334 0.0431001 0.0522493 0.0601157 0.0658567 0.06911 0.069973 0.0688099 0.0660747 0.0622205 0.0576537 0.0526948 0.0475478 0.0422974 0.0369419 0.0314582 0.0258795 0.0203516 0.0151326 0.0105276 0.00678657
#obs surv len freq
 nan nan nan nan nan nan nan nan nan nan nan nan nan nan nan nan nan nan nan nan nan nan nan nan nan
 0.00448449 0.00734587 0.011176 0.0159927 0.021694 0.0279701 0.0342847 0.0400163 0.0446957 0.0481591 0.0505163 0.0520114 0.0529029 0.0534146 0.0537283 0.0539827 0.054261 0.0545535 0.0546922 0.054284 0.0527221 0.0493543 0.0438043 0.0362847 0.0276687
 0.00461335 0.00755748 0.0114981 0.0164514 0.0223073 0.0287384 0.0351805 0.0409818 0.0456512 0.049018 0.0512022 0.052469 0.0531039 0.0533576 0.0534349 0.0534897 0.0536114 0.0537899 0.0538534 0.053407 0.0518454 0.0485209 0.0430585 0.0356643 0.0271945
 0.00477556 0.00782274 0.0119003 0.0170231 0.0230738 0.0297074 0.0363311 0.0422592 0.0469712 0.0502808 0.0523065 0.053325 0.053643 0.0535397 0.0532515 0.0529623 0.052785 0.0527235 0.052613 0.0520627 0.0504723 0.0471992 0.0418678 0.0346701 0.0264333
 0.0049726 0.0081439 0.0123852 0.0177094 0.0239899 0.0308615 0.0376995 0.0437816 0.048558 0.0518277 0.0537089 0.0544864 0.0544793 0.0539845 0.0532621 0.0525253 0.0519187 0.0514771 0.0510618 0.0503039 0.0486214 0.0453835 0.0402132 0.0332797 0.0253647
 0.00517774 0.00848183 0.012902 0.0184509 0.0249926 0.0321385 0.0392262 0.0454906 0.0503491 0.0535865 0.0553245 0.0558601 0.0555268 0.0546347 0.0534581 0.0522287 0.0511165 0.0501892 0.049348 0.0482667 0.0464034 0.0431558 0.0381512 0.0315293 0.0240111
 0.00541622 0.00887039 0.0134886 0.0192813 0.0261024 0.0335403 0.0408952 0.0473585 0.0523119 0.0555229 0.0571138 0.0573946 0.0567163 0.0554068 0.0537557 0.0520084 0.0503509 0.0488763 0.0475251 0.0460251 0.0438942 0.04058 0.0357277 0.0294482 0.0223892
 0.00565229 0.00925872 0.0140815 0.0201302 0.0272481 0.0349969 0.0426344 0.0493047 0.0543535 0.0575342 0.0589749 0.0590011 0.057981 0.0562578 0.054134 0.0518661 0.0496524 0.0476054 0.0457009 0.0437218 0.041257 0.0378202 0.0330903 0.0271559 0.0205865
 0.00589374 0.00965377 0.014681 0.0209837 0.028395 0.0364525 0.0443742 0.0512579 0.0564117 0.0595709 0.0608656 0.0606365 0.0592717 0.057134 0.0545416 0.0517613 0.0489997 0.0463826 0.0439148 0.0414316 0.0385955 0.034996 0.0303573 0.0247552 0.0186823
 0.00611495 0.010019 0.0152412 0.02179 0.029489 0.0378506 0.0460519 0.0531443 0.0584003 0.06154 0.0626976 0.0622285 0.0605385 0.0580073 0.0549677 0.0516973 0.0484111 0.045246 0.0422306 0.0392473 0.0360293 0.0322436 0.0276672 0.0223708 0.0167762
 0.006368 0.0104293 0.0158568 0.0226552 0.0306365 0.0392888 0.0477512 0.0550315 0.0603673 0.0634638 0.0644599 0.0637282 0.0616972 0.0587678 0.0552893 0.0515502 0.0477708 0.0440954 0.0405709 0.0371197 0.0335393 0.0295717 0.0250479 0.0200394 0.014904
 0.00660956 0.0108273 0.0164652 0.0235262 0.0318094 0.0407714 0.0495036 0.0569619 0.0623483 0.0653594 0.06615 0.0651199 0.0627248 0.0593888 0.0554778 0.0512903 0.0470522 0.0429122 0.0389305 0.0350621 0.0311599 0.0270332 0.0225641 0.0178275 0.0131245
 0.00684175 0.0112081 0.0170445 0.0243528 0.0329212 0.0421806 0.05118 0.0588264 0.0642819 0.067225 0.0678159 0.0664774 0.0636973 0.0599324 0.0555759 0.0509439 0.0462696 0.0417049 0.0373188 0.0330904 0.0289176 0.0246661 0.0202621 0.0157837 0.0114816
 0.00709059 0.0116149 0.0176605 0.0252261 0.0340864 0.0436424 0.0528977 0.0607093 0.0662026 0.0690446 0.0694071 0.0677385 0.064557 0.0603501 0.055539 0.0504617 0.0453652 0.0404088 0.0356688 0.0311422 0.0267605 0.0224329 0.0181196 0.0138985 0.00997497
 0.00727894 0.0119298 0.0181506 0.0259417 0.0350688 0.0449067 0.0544158 0.0624041 0.0679592 0.0707328 0.0709039 0.0689424 0.0653942 0.060776 0.0555359 0.0500343 0.0445353 0.0392105 0.0341481 0.0293621 0.0248111 0.0204367 0.0162223 0.0122412 0.00865737
 0.00743723 0.0121872 0.0185386 0.0264912 0.0358057 0.0458448 0.0555466 0.0636906 0.069336 0.0721136 0.0721924 0.0700439 0.0662266 0.0612774 0.0556696 0.0497879 0.0439176 0.0382479 0.0328836 0.0278583 0.023155 0.018741 0.0146152 0.0108427 0.00754932
 0.00751268 0.0123139 0.0187369 0.0267833 0.0362122 0.0463789 0.0562086 0.064465 0.0701947 0.0730199 0.0731032 0.0709086 0.0669865 0.0618689 0.0560317 0.0498719 0.0436945 0.037713 0.032058 0.0267905 0.0219211 0.017442 0.0133644 0.00974453 0.00667525
 0.00761841 0.0124746 0.0189584 0.027065 0.0365493 0.0467662 0.0566418 0.0649398 0.0707045 0.0735542 0.0736472 0.0714423 0.067484 0.0622967 0.0563484 0.0500313 0.0436532 0.0374401 0.0315455 0.02606 0.0210271 0.0164666 0.0124045 0.0088907 0.00599049
 0.00765309 0.0125318 0.0190457 0.027189 0.0367133 0.0469674 0.0568704 0.0651818 0.0709485 0.0737982 0.0738992 0.0717143 0.0677816 0.0626109 0.0566524 0.0502835 0.043804 0.0374426 0.0313669 0.0256936 0.0204989 0.0158342 0.0117452 0.00828242 0.00549093
 0.0077261 0.0126382 0.0191831 0.0273479 0.036881 0.0471327 0.0570272 0.0653292 0.071087 0.0739277 0.0740194 0.0718279 0.067895 0.0627318 0.0567827 0.0504123 0.0439052 0.0374788 0.0313005 0.0255006 0.0201805 0.0154211 0.0112912 0.007848 0.00512509
 0.00775038 0.012679 0.0192466 0.027439 0.0370002 0.0472731 0.0571733 0.06546 0.0711849 0.0739861 0.0740462 0.0718402 0.0679116 0.062766 0.0568397 0.0504879 0.043985 0.0375385 0.0313099 0.0254328 0.0200232 0.0151847 0.0110078 0.00756069 0.00487328
 0.00781463 0.0127734 0.0193702 0.0275848 0.0371581 0.0474332 0.0573278 0.0656025 0.0713071 0.0740775 0.0740963 0.0718443 0.0678748 0.0627028 0.0567689 0.0504252 0.0439364 0.0374981 0.0312616 0.0253562 0.019903 0.0150191 0.0108112 0.0073592 0.0046937
 0.00784805 0.0128272 0.0194495 0.0276928 0.0372936 0.0475885 0.0574878 0.0657473 0.0714187 0.0741458 0.0741214 0.0718332 0.0678365 0.0626457 0.0567006 0.0503536 0.0438687 0.0374371 0.0312032 0.0252903 0.0198183 0.0149103 0.0106833 0.00722614 0.00457265
 0.00787491 0.0128699 0.019512 0.0277781 0.037403 0.0477209 0.0576379 0.0659044 0.0715674 0.0742685 0.0742029 0.071865 0.0678187 0.0625864 0.0566123 0.0502496 0.0437605 0.0373326 0.0311054 0.0251972 0.019725 0.0148128 0.0105821 0.00712741 0.00448519
 0.00788503 0.0128809 0.0195189 0.0277736 0.0373807 0.0476793 0.0575837 0.0658518 0.0715334 0.0742662 0.0742364 0.0719281 0.0678979 0.0626658 0.0566793 0.0502976 0.0437887 0.0373437 0.0311028 0.0251829 0.0196993 0.0147757 0.0105355 0.00707632 0.00443633
 0.00786646 0.012849 0.0194674 0.0276959 0.0372709 0.0475349 0.0574091 0.0656602 0.0713464 0.0741106 0.0741383 0.0719056 0.0679556 0.0627931 0.0568536 0.0504917 0.0439782 0.0375116 0.0312401 0.0252866 0.01977 0.0148163 0.010551 0.00707371 0.00442356
 0.00787882 0.0128619 0.0194737 0.0276841 0.0372282 0.0474518 0.0572832 0.065498 0.0711622 0.073924 0.0739714 0.0717807 0.0678914 0.0628001 0.0569309 0.0506258 0.0441469 0.03769 0.0314067 0.0254268 0.019877 0.0148894 0.0105943 0.00709399 0.00442877
 0.00789726 0.0128917 0.0195175 0.0277428 0.0372987 0.0475249 0.0573429 0.0655243 0.0711378 0.0738416 0.0738381 0.0716169 0.0677247 0.0626585 0.0568359 0.0505883 0.0441651 0.0377513 0.031492 0.0255168 0.0199564 0.0149498 0.0106338 0.00711543 0.00443738
 0.00789234 0.0128847 0.019509 0.0277343 0.0372926 0.0475239 0.0573487 0.0655365 0.0711513 0.0738475 0.0738254 0.0715779 0.0676597 0.0625778 0.056757 0.0505302 0.0441415 0.0377662 0.0315395 0.0255836 0.0200272 0.0150122 0.0106809 0.0071459 0.00445412
 0.00786488 0.0128378 0.0194348 0.027625 0.0371441 0.0473398 0.0571438 0.0653354 0.0709829 0.0737356 0.0737812 0.0715976 0.0677283 0.0626756 0.0568677 0.0506451 0.0442595 0.0378897 0.0316687 0.025714 0.0201504 0.0151187 0.0107641 0.00720439 0.00449079
 0.00785631 0.0128214 0.0194052 0.0275755 0.0370673 0.0472301 0.0570002 0.0651642 0.0707985 0.0735591 0.073637 0.0715065 0.067702 0.0627129 0.0569562 0.050767 0.0443981 0.0380332 0.0318104 0.0258495 0.0202746 0.0152261 0.01085 0.00726691 0.00453183
 0.00782604 0.0127719 0.0193303 0.0274695 0.0369263 0.0470542 0.0567954 0.0649429 0.070578 0.0733588 0.0734756 0.0714008 0.0676642 0.0627488 0.0570626 0.0509313 0.0446008 0.038253 0.0320287 0.0260523 0.0204528 0.015374 0.0109651 0.00735001 0.00458676
 0.00777748 0.0126947 0.0192175 0.027316 0.0367305 0.0468195 0.0565323 0.0646693 0.0703166 0.0731328 0.0733047 0.0712987 0.0676384 0.0628011 0.057189 0.0511218 0.0448397 0.03852 0.0323017 0.0263111 0.0206818 0.0155635 0.0111114 0.00745482 0.00465588
 0.00775182 0.012649 0.0191415 0.0271983 0.0365616 0.0465967 0.056264 0.0643755 0.0700249 0.0728719 0.0730984 0.0711636 0.0675831 0.0628274 0.0572929 0.0512941 0.0450668 0.0387839 0.0325815 0.0265851 0.0209308 0.0157736 0.0112757 0.00757336 0.0047344
 0.00774186 0.0126289 0.019104 0.0271335 0.0364589 0.0464479 0.0560669 0.0641364 0.0697594 0.0726029 0.0728531 0.0709681 0.0674584 0.0627853 0.0573356 0.0514153 0.0452534 0.0390184 0.032843 0.0268513 0.0211805 0.0159899 0.0114483 0.00769983 0.00481912
 0.00769219 0.0125535 0.0190002 0.0270021 0.0363026 0.0462704 0.0558718 0.0639283 0.0695451 0.0723926 0.0726607 0.0708104 0.0673524 0.0627458 0.0573712 0.0515268 0.0454332 0.0392514 0.0331089 0.0271273 0.0214439 0.0162215 0.0116357 0.00783885 0.00491319
 0.00768865 0.0125414 0.0189706 0.0269435 0.0362049 0.0461302 0.0556961 0.0637336 0.0693515 0.0722164 0.0725106 0.0706893 0.0672623 0.0626914 0.0573604 0.051568 0.0455305 0.0394019 0.0333015 0.027344 0.0216634 0.0164236 0.0118052 0.00796814 0.00500266
 0.00765484 0.012493 0.0189095 0.0268743 0.0361322 0.0460544 0.0556126 0.0636347 0.0692326 0.0720813 0.0723718 0.0705637 0.0671647 0.0626308 0.0573409 0.0515911 0.0455972 0.0395114 0.0334487 0.0275179 0.0218478 0.0166002 0.0119584 0.00808826 0.00508769
 0.00763518 0.0124598 0.0188576 0.0267993 0.0360329 0.0459352 0.0554846 0.0635129 0.0691301 0.072003 0.0723145 0.07052 0.0671299 0.0626063 0.0573332 0.0516077 0.0456439 0.0395907 0.0335589 0.0276526 0.0219957 0.016747 0.0120899 0.00819445 0.0051648
 0.00761942 0.0124366 0.0188268 0.026762 0.0359898 0.0458862 0.0554282 0.0634483 0.0690587 0.0719303 0.0722479 0.0704659 0.0670908 0.0625812 0.0573204 0.0516079 0.0456609 0.0396291 0.0336215 0.0277379 0.0220973 0.0168541 0.0121908 0.00827941 0.00522867
 0.0076071 0.0124157 0.0187942 0.0267146 0.0359261 0.045808 0.055341 0.0633608 0.0689796 0.0718659 0.0722006 0.0704354 0.0670761 0.0625814 0.0573343 0.0516344 0.0456993 0.0396798 0.0336857 0.0278154 0.0221848 0.0169453 0.012277 0.00835285 0.00528474
 0.00759393 0.0123958 0.0187667 0.0266794 0.0358837 0.0457584 0.0552846 0.0632985 0.0689144 0.0718028 0.0721457 0.0703943 0.0670521 0.0625751 0.0573442 0.0516583 0.0457352 0.0397264 0.0337422 0.0278807 0.0222566 0.0170192 0.0123471 0.0084132 0.00533152
 0.00756466 0.0123509 0.0187044 0.0266001 0.0357901 0.0456557 0.05518 0.0632004 0.0688311 0.0717401 0.0721066 0.0703792 0.0670598 0.0626037 0.0573913 0.0517205 0.0458087 0.0398075 0.0338275 0.0279676 0.0223422 0.0170999 0.012419 0.00847268 0.00537651
 0.00756989 0.0123549 0.0187023 0.0265848 0.0357547 0.0455966 0.0550995 0.0631072 0.0687371 0.071657 0.0720424 0.0703375 0.0670407 0.0626052 0.0574109 0.0517558 0.045857 0.0398659 0.033893 0.0280368 0.0224117 0.017166 0.012478 0.00852151 0.00541356
 0.00755096 0.0123308 0.0186779 0.0265678 0.0357521 0.0456099 0.0551223 0.0631264 0.0687391 0.0716342 0.0719972 0.0702797 0.066983 0.0625582 0.0573806 0.051744 0.0458627 0.0398867 0.0339259 0.0280783 0.0224578 0.0172128 0.0125214 0.00855839 0.00544205
 0.00753015 0.0122957 0.0186233 0.0264897 0.0356502 0.0454912 0.0550015 0.0630233 0.0686706 0.0716073 0.0720062 0.0703112 0.0670237 0.0626008 0.0574243 0.0517916 0.0459169 0.0399483 0.0339931 0.0281479 0.022526 0.0172756 0.0125756 0.00860178 0.005474
 0.00750366 0.012252 0.0185562 0.0263933 0.0355202 0.0453273 0.0548107 0.0628209 0.0684797 0.0714537 0.0719114 0.0702865 0.0670665 0.0626971 0.0575549 0.0519386 0.0460679 0.040096 0.0341335 0.0282778 0.0226422 0.0173749 0.0126558 0.00866246 0.00551649
 0.00749973 0.0122451 0.0185447 0.0263749 0.0354915 0.0452844 0.0547493 0.0627382 0.0683762 0.0713354 0.0717909 0.0701807 0.0669929 0.0626678 0.0575727 0.0519971 0.046155 0.0401983 0.0342402 0.0283811 0.0227368 0.0174571 0.0127231 0.00871385 0.00555274
 0.00750485 0.0122525 0.0185542 0.0263854 0.0355013 0.0452908 0.0547491 0.0627273 0.0683502 0.0712908 0.0717265 0.0701004 0.0669058 0.0625874 0.0575134 0.0519692 0.0461615 0.0402352 0.0342983 0.0284499 0.022807 0.0175217 0.0127778 0.00875638 0.00558311
 0.00749952 0.0122473 0.0185527 0.0263926 0.0355221 0.0453272 0.0547982 0.0627811 0.0683978 0.0713212 0.0717318 0.0700769 0.066855 0.0625159 0.0574326 0.0518928 0.0461023 0.0402012 0.0342909 0.0284648 0.0228363 0.0175571 0.0128122 0.00878552 0.00560501
 0.00749952 0.0122473 0.0185527 0.0263926 0.0355221 0.0453272 0.0547982 0.0627811 0.0683978 0.0713212 0.0717318 0.0700769 0.066855 0.0625159 0.0574326 0.0518928 0.0461023 0.0402012 0.0342909 0.0284648 0.0228363 0.0175571 0.0128122 0.00878552 0.00560501
 0.0071013 0.0116142 0.0176295 0.0251463 0.0339579 0.0435093 0.0528645 0.0609348 0.0668659 0.0702954 0.0713196 0.0702849 0.067604 0.063673 0.058846 0.0534206 0.047629 0.0416434 0.0355936 0.0295943 0.0237746 0.0182996 0.0133672 0.00917388 0.00585708
 0.00705215 0.0114894 0.0173591 0.0246379 0.0331211 0.0422933 0.0512947 0.0591262 0.0650063 0.0686054 0.0700082 0.0695094 0.0674428 0.0641148 0.0597991 0.0547399 0.049151 0.0432159 0.0370951 0.0309398 0.0249134 0.0192099 0.0140515 0.00965417 0.00616937
 0.00697277 0.0113698 0.0171931 0.0244167 0.0328229 0.0418739 0.050689 0.0582694 0.0638712 0.0672397 0.0685471 0.0681536 0.0664062 0.0635667 0.0598214 0.055313 0.0501686 0.0445195 0.0385133 0.0323215 0.0261468 0.020229 0.014833 0.0102092 0.00653281
 0.00703302 0.0114647 0.0173299 0.0245992 0.0330484 0.0421281 0.0509384 0.0584542 0.0639065 0.0670317 0.0680258 0.0673132 0.0653316 0.0624263 0.0588232 0.0546397 0.0499228 0.0447013 0.0390345 0.0330444 0.0269286 0.0209547 0.0154317 0.0106548 0.00683332
 0.00707628 0.0115525 0.0174937 0.0248764 0.0334707 0.0427034 0.0516352 0.0591988 0.0645952 0.0675507 0.068271 0.0672065 0.0648414 0.0615876 0.0577487 0.0535042 0.0489182 0.0439791 0.038663 0.0329998 0.0271199 0.0212663 0.0157621 0.0109378 0.00704137
 0.00713104 0.0116451 0.0176405 0.0250977 0.0337888 0.0431386 0.0521975 0.0598778 0.0653505 0.0683085 0.06893 0.0676545 0.0649797 0.061358 0.0571548 0.0526222 0.0478875 0.0429694 0.037826 0.0324257 0.0268198 0.0211858 0.015816 0.0110458 0.00714876
 0.00710209 0.0116105 0.017612 0.0250949 0.0338364 0.04326 0.0524098 0.0601894 0.0657604 0.0688035 0.0694789 0.0682022 0.065447 0.0616543 0.0572027 0.0523865 0.0473957 0.0423121 0.0371319 0.0318199 0.0263835 0.0209383 0.0157239 0.0110503 0.00719404
#pred catch len freq
 0.00320545 0.00518876 0.00780173 0.0110809 0.0150657 0.019755 0.0250453 0.0307142 0.0364622 0.0419736 0.0469637 0.0512174 0.0546193 0.057159 0.0589064 0.0599771 0.0605058 0.0606127 0.0603346 0.0595145 0.0577215 0.0543249 0.0487924 0.0410993 0.0319586
 0.00344603 0.00551613 0.00817924 0.0114419 0.0153406 0.0199095 0.0251029 0.0307427 0.0365288 0.0420969 0.0470982 0.0512802 0.0545438 0.0569404 0.0586144 0.0597284 0.0604092 0.060712 0.0605758 0.0597591 0.0578059 0.0541382 0.0483309 0.040463 0.0312957
 0.00353304 0.00569092 0.00849872 0.0119659 0.0161015 0.020874 0.0261546 0.0317094 0.037252 0.0425008 0.0472083 0.0511806 0.0543108 0.0566079 0.0581893 0.0592314 0.0598955 0.0602504 0.0602019 0.0594421 0.0574595 0.0536743 0.0477191 0.0397541 0.0305939
 0.00365722 0.0058819 0.00877091 0.0123386 0.0166097 0.0215748 0.0271125 0.0329555 0.038732 0.0440511 0.0485911 0.0521709 0.0547819 0.0565614 0.0577196 0.0584652 0.0589507 0.0592228 0.0591601 0.058419 0.0564505 0.052658 0.0466939 0.0387618 0.0297089
 0.00384506 0.00617866 0.00920122 0.0129194 0.0173487 0.0224696 0.0281532 0.0341304 0.0400321 0.0454605 0.0500583 0.0535787 0.05595 0.0572961 0.0578872 0.0580416 0.0580169 0.0579201 0.057637 0.0567962 0.0548115 0.0510611 0.0451932 0.0374208 0.0285925
 0.00406014 0.00652259 0.00970899 0.0136219 0.0182693 0.0236182 0.0295159 0.0356629 0.0416623 0.0471014 0.0516244 0.0549924 0.0571331 0.0581537 0.0583063 0.0579171 0.0572952 0.0566303 0.0558881 0.0547448 0.0526248 0.0488941 0.0431817 0.0356769 0.0271934
 0.00428149 0.00687825 0.0102378 0.0143607 0.0192508 0.0248646 0.0310283 0.0374095 0.0435727 0.0490699 0.053522 0.0566866 0.0585069 0.0591155 0.0587851 0.057852 0.0566368 0.0553601 0.0540471 0.0524488 0.050055 0.0462673 0.0407132 0.0335439 0.0255058
 0.00448388 0.00720564 0.0107289 0.0150544 0.0201838 0.0260654 0.0325066 0.0391459 0.0455121 0.0511211 0.0555636 0.0585784 0.0601069 0.0602975 0.0594505 0.0579315 0.0560867 0.0541634 0.052228 0.050095 0.0473321 0.043408 0.0379763 0.0311577 0.0236167
 0.00470159 0.00755463 0.0112463 0.0157754 0.02114 0.0272803 0.0339866 0.0408711 0.0474305 0.0531493 0.0575921 0.0604806 0.0617508 0.0615576 0.0602179 0.0581199 0.0556358 0.0530436 0.0504521 0.0477381 0.0445495 0.0404335 0.0350877 0.0286136 0.0215918
 0.00497314 0.00798045 0.0118596 0.0166006 0.0221945 0.028574 0.0355173 0.0426148 0.0493355 0.0551346 0.059553 0.062299 0.0633071 0.0627416 0.060934 0.0582885 0.0551943 0.0519526 0.0487101 0.0454044 0.041766 0.0374276 0.0321411 0.0259981 0.0194982
 0.00523266 0.00839316 0.0124641 0.0174282 0.0232656 0.0298925 0.0370626 0.044338 0.051163 0.0569796 0.0613245 0.0639077 0.0646667 0.0637698 0.0615536 0.0584287 0.0547928 0.0509624 0.0471151 0.043244 0.0391598 0.034583 0.0293256 0.0234785 0.0174683
 0.0054819 0.00879648 0.0130685 0.0182784 0.0243987 0.0313266 0.0387825 0.046284 0.0532317 0.059037 0.0632281 0.0655292 0.0659097 0.0645749 0.0618907 0.0582813 0.0541447 0.0497955 0.0454232 0.0410597 0.0365846 0.0318005 0.0265814 0.0210232 0.0154875
 0.00574687 0.00921539 0.0136786 0.0191113 0.0254803 0.0326751 0.0403988 0.0481387 0.0552536 0.0611112 0.065206 0.0672511 0.0672336 0.0654013 0.0621722 0.0580143 0.0533496 0.0484995 0.0436573 0.0388753 0.0340801 0.0291398 0.0239814 0.018707 0.0136219
 0.00606667 0.00971573 0.0143958 0.0200682 0.0266852 0.0341203 0.0420557 0.0499528 0.0571461 0.0629851 0.0669537 0.0687605 0.0683957 0.0661216 0.0623844 0.0576889 0.0524934 0.0471468 0.0418617 0.0367119 0.031659 0.0266169 0.0215502 0.0165609 0.0119026
 0.00643456 0.0102907 0.0152187 0.0211632 0.0280583 0.0357561 0.0439099 0.0519457 0.0591652 0.0648989 0.0686316 0.0700907 0.0692966 0.0665442 0.062308 0.0571144 0.0514395 0.045649 0.0399755 0.0345182 0.029272 0.0241871 0.0192524 0.0145617 0.0103178
 0.00668509 0.0106953 0.0158229 0.0220085 0.029176 0.0371556 0.0455652 0.053787 0.0610825 0.0667572 0.0702908 0.0714248 0.0702092 0.066978 0.0622451 0.0565685 0.0504446 0.0442524 0.0382371 0.0325176 0.027117 0.0220155 0.0172187 0.0128077 0.0089378
 0.00677466 0.0108552 0.0160915 0.0224345 0.0298122 0.038047 0.046732 0.0552107 0.0626986 0.0684572 0.0719348 0.0728635 0.0713097 0.0676454 0.0624326 0.0562743 0.0497009 0.0431132 0.0367716 0.0308109 0.0252741 0.0201625 0.0154907 0.0113251 0.0077772
 0.00688497 0.0110254 0.0163324 0.0227549 0.0302239 0.0385693 0.047392 0.0560339 0.0636936 0.0695996 0.0731586 0.0740657 0.0723677 0.0684407 0.0628728 0.0563074 0.0493181 0.042344 0.0356751 0.0294697 0.0237908 0.0186547 0.0140795 0.0101142 0.00683111
 0.00709774 0.0113411 0.0167518 0.0232604 0.0307866 0.0391611 0.0479945 0.0566413 0.0643091 0.0702293 0.0738027 0.0747083 0.0729701 0.0689415 0.0631981 0.0563876 0.0491052 0.041823 0.0348687 0.0284353 0.0226146 0.0174411 0.012936 0.00913123 0.00606374
