SBPRF35
12.7214
Curr Bio
849764
B35
845609
F35
0.170143
FOFL
0.169685
OFL
117062
Bzero
3.63469e+006
#pred survey bio
 3.1579e+006 2.76178e+006 2.5086e+006 2.25318e+006 2.01928e+006 1.78051e+006 1.58999e+006 1.4238e+006 1.24197e+006 1.13301e+006 997035 889775 808359 729256 661561 639135 619453 586734 559697 552696 549504 550331 541749 560049 557541 554202 562285 561173 585635 595501 614768 620553 619225 624823 630033 634181 644068 650098 652580 657379 669939 677374 672096 676387 686690 689702 687372 693310 701299 728232 751348 788935 825111 856054 2.97298e+007 1.75626e+007 1.76401e+007 1.83682e+007 1.95489e+007 2.09287e+007 2.23096e+007 2.35702e+007 2.46542e+007 2.5549e+007 2.62669e+007 2.68316e+007 2.72699e+007 2.7607e+007 2.78649e+007 2.80617e+007 2.8212e+007 2.83267e+007 2.84147e+007 2.84822e+007 2.85344e+007 2.85749e+007 2.86064e+007 2.86311e+007 2.86505e+007 2.86658e+007 2.86779e+007 2.86875e+007 2.86952e+007 2.87013e+007 2.87063e+007 2.87102e+007 2.87134e+007 2.8716e+007 2.87181e+007 2.87198e+007 2.87212e+007 2.87223e+007 2.87233e+007 2.8724e+007 2.87246e+007 2.87251e+007 2.87255e+007 2.87258e+007 2.87261e+007 2.87263e+007 2.87265e+007 2.87267e+007 2.87268e+007 2.87269e+007 2.8727e+007 2.8727e+007 2.87271e+007 2.87271e+007 2.87272e+007 2.87272e+007 2.87272e+007 2.87272e+007 2.87273e+007 2.87273e+007 2.87273e+007 2.87273e+007 2.87273e+007 2.87273e+007 2.87273e+007 2.87273e+007 2.87273e+007 2.87273e+007 2.87273e+007 2.87273e+007 2.87273e+007 2.87273e+007 2.87273e+007 2.87273e+007 2.87273e+007 2.87273e+007 2.87273e+007 2.87273e+007 2.87273e+007 2.87273e+007 2.87273e+007 2.87273e+007 2.87273e+007 2.87273e+007 2.87273e+007 2.87273e+007 2.87273e+007 2.87273e+007 2.87273e+007 2.87273e+007 2.87273e+007 2.87273e+007 2.87273e+007 2.87273e+007 2.87273e+007 2.87273e+007 2.87273e+007 2.87273e+007 2.87273e+007 2.87273e+007 0 0 0 0 0 0 0 0 0 0 0 0 0 0 0 0 0 0 0 0 0 0 0 0 0
#obs survey bio
 3.66861e+006 2.5937e+006 1.73267e+006 2.01193e+006 2.44428e+006 1.24794e+006 1.60112e+006 1.59032e+006 983498 1.09674e+006 796860 718023 766740 842606 556865 375576 608834 930888 489269 782606 534533 610166 581934 526155 600955 470589 572023 442935 595345 702386 566607 492087 731195 767710 631102 523248 577248 437637 644961 538239 513804 651672 699805 946847 495337 977531 525132 495296 620518 727519 700818 710130 1.14745e+006 969272
#pred catch bio
 400876 286057 304275 299571 316970 284783 271976 290812 229407 253987 226677 201196 194082 177864 135951 132794 140678 131315 111737 107658 103877 111010 88669.6 106964 106854 97161.5 105046 84360.4 97889.9 90258.7 101801 106883 100045 100097 101216 97165 101746 105929 104771 99050.8 104011 114023 104498 98867.4 104896 108965 102011 101248 86814.1 92016.6 81188.4 83383.8 86920.4 115134 117062 115327 114471 117787 124746 133257 141788 149488 155989 161228 165310 168411 170721 172416 173645 174528 175157 175603 175918 176139 176294 176402 176477 176530 176566 176591 176609 176621 176629 176635 176639 176642 176644 176645 176646 176646 176647 176647 176647 176647 176648 176648 176648 176648 176648 176648 176648 176648 176648 176648 176648 176648 176648 176648 176648 176648 176648 176648 176648 176648 176648 176648 176648 176648 176648 176648 176648 176648 176648 176648 176648 176648 176648 176648 176648 176648 176648 176648 176648 176648 176648 176648 176648 176648 176648 176648 176648 176648 176648 176648 176648 176648 176648 176648 176648 176648 176648 176648 176648 176648 0 0 0 0 0 0 0 0 0 0 0 0 0 0 0 0 0 0 0 0 0 0 0 0 0
#obs catch bio
 246933 284790 306159 301174 318513 287225 274705 295128 231283 257633 229166 203956 196461 178245 135584 134550 142878 131459 112455 107989 104581 111801 88554.4 107599 107345 97393.2 105891 84508.5 98621.8 90109 101867 107146 100063 99631.9 101042 97259.9 101615 106321 105400 99422 104467 114509 104785 98452.4 104684 108416 101551 101182 86757.5 92355.7 81487.2 83860.4 86895.6 115381
#pred cpue bio
 3.10881e+006 2.71599e+006 2.46398e+006 2.20931e+006 1.9764e+006 1.73892e+006 1.54919e+006 1.38399e+006 1.20402e+006 1.09592e+006 961743 856045 776200 699258 633474 611342 592026 560636 534767 528084 525018 525889 517643 535476 533114 529949 537862 536859 560784 570676 589771 595623 594480 600159 605340 609281 618798 624485 626678 631341 643717 651165 646276 650795 661090 664083 661787 667462 675133 701486 724292 761413 797444 828715 2.88187e+007 1.70327e+007 1.69638e+007 1.7527e+007 1.8649e+007 2.00147e+007 2.13926e+007 2.26527e+007 2.37366e+007 2.46314e+007 2.53493e+007 2.5914e+007 2.63522e+007 2.66893e+007 2.69472e+007 2.71441e+007 2.72943e+007 2.74091e+007 2.7497e+007 2.75646e+007 2.76168e+007 2.76572e+007 2.76888e+007 2.77134e+007 2.77328e+007 2.77482e+007 2.77603e+007 2.77699e+007 2.77776e+007 2.77837e+007 2.77886e+007 2.77926e+007 2.77958e+007 2.77984e+007 2.78005e+007 2.78022e+007 2.78036e+007 2.78047e+007 2.78056e+007 2.78064e+007 2.7807e+007 2.78075e+007 2.78079e+007 2.78082e+007 2.78085e+007 2.78087e+007 2.78089e+007 2.7809e+007 2.78092e+007 2.78092e+007 2.78093e+007 2.78094e+007 2.78095e+007 2.78095e+007 2.78095e+007 2.78096e+007 2.78096e+007 2.78096e+007 2.78096e+007 2.78096e+007 2.78096e+007 2.78097e+007 2.78097e+007 2.78097e+007 2.78097e+007 2.78097e+007 2.78097e+007 2.78097e+007 2.78097e+007 2.78097e+007 2.78097e+007 2.78097e+007 2.78097e+007 2.78097e+007 2.78097e+007 2.78097e+007 2.78097e+007 2.78097e+007 2.78097e+007 2.78097e+007 2.78097e+007 2.78097e+007 2.78097e+007 2.78097e+007 2.78097e+007 2.78097e+007 2.78097e+007 2.78097e+007 2.78097e+007 2.78097e+007 2.78097e+007 2.78097e+007 2.78097e+007 2.78097e+007 2.78097e+007 2.78097e+007 2.78097e+007 2.78097e+007 2.78097e+007 2.78097e+007 0 0 0 0 0 0 0 0 0 0 0 0 0 0 0 0 0 0 0 0 0 0 0 0 0
#obs cpue bio
 2.42074e+006 3.05222e+006 1.5143e+006 2.32479e+006 2.00513e+006 1.43904e+006 1.20693e+006 1.08254e+006 1.30601e+006 979237 1.1162e+006 721725 810658 975828 808571 375864 513819 698675 360397 451133 362822 529577 542208 459334 485348 579695 431706 634033 487689 743307 623630 662793 532701 772443 511130 539414 884788 619107 489356 766052 784428 765560 581957 818575 844693 672256 817612 785496 590683 591605 516070 685240 958528 897671
#pred surv len freq
 0.00496298 0.00812062 0.0123362 0.0176194 0.0238451 0.030657 0.0374475 0.0435149 0.0483292 0.0517027 0.0537563 0.0547617 0.0550027 0.0547147 0.0540779 0.0532295 0.0522803 0.0513139 0.0503407 0.0492054 0.0475117 0.0446771 0.0401848 0.0339377 0.0264701
 0.0054631 0.00884834 0.013277 0.0187155 0.0250254 0.0318782 0.0387146 0.0448626 0.0497721 0.0531887 0.0551585 0.0559159 0.0557703 0.0550329 0.0539708 0.0527787 0.0515727 0.0503935 0.049188 0.0477598 0.0457296 0.0425976 0.0379587 0.031794 0.0246331
 0.00572839 0.00930929 0.0140198 0.0198232 0.0265418 0.0337623 0.0408167 0.0469541 0.0516277 0.0546734 0.0562559 0.0566827 0.0562587 0.0552444 0.0538671 0.0523244 0.0507661 0.0492607 0.0477564 0.0460419 0.0437414 0.0404004 0.0356893 0.0296486 0.0228053
 0.00597573 0.00971112 0.014627 0.0206902 0.0277242 0.035305 0.04273 0.0491826 0.05403 0.0570316 0.0583243 0.0582595 0.0572402 0.0556301 0.0537165 0.051705 0.0497255 0.04783 0.045965 0.0439299 0.0413736 0.0378839 0.0331834 0.0273457 0.0208801
 0.00626568 0.0101711 0.0152985 0.0216057 0.0289038 0.036752 0.0444251 0.0510816 0.0560659 0.059115 0.0603387 0.060057 0.0586561 0.0565181 0.0539885 0.0513466 0.0487797 0.0463661 0.0440566 0.0416556 0.0388336 0.0352183 0.0305737 0.0249885 0.0189384
 0.00662446 0.0107473 0.0161515 0.0227837 0.0304322 0.0386176 0.046561 0.0533684 0.0583547 0.0612635 0.0622367 0.061628 0.0598391 0.0572485 0.0541949 0.0509673 0.0477862 0.0447766 0.0419351 0.0391057 0.0359969 0.0322761 0.0277381 0.0224699 0.0168965
 0.00685244 0.0111302 0.0167504 0.0236634 0.0316476 0.040192 0.0484644 0.055509 0.0605922 0.0634379 0.0641987 0.0632599 0.0610617 0.058014 0.0544715 0.0507252 0.0469967 0.0434257 0.0400447 0.0367514 0.0333161 0.0294627 0.0250182 0.0200603 0.0149538
 0.00702535 0.0114174 0.0171951 0.0243126 0.0325462 0.0413719 0.0499296 0.0572246 0.062482 0.0653909 0.0660822 0.0649371 0.0624106 0.0589418 0.0549198 0.0506634 0.0464103 0.042312 0.0384213 0.0346762 0.0309065 0.0268986 0.0225195 0.01784 0.0131653
 0.0073879 0.011985 0.0180089 0.0253963 0.0339034 0.0429816 0.0517405 0.0591535 0.064423 0.0672324 0.0677214 0.0662863 0.0633971 0.0595086 0.0550265 0.0502878 0.0455474 0.0409718 0.0366326 0.0324996 0.0284517 0.0243317 0.0200456 0.0156593 0.0114204
 0.00749804 0.0121808 0.0183341 0.0259011 0.0346316 0.0439525 0.0529331 0.0605049 0.0658453 0.0686362 0.0690328 0.0674483 0.064361 0.0602247 0.0554413 0.0503484 0.0452097 0.04021 0.0354491 0.0309357 0.0265989 0.0223333 0.0180805 0.0139042 0.0100043
 0.0077555 0.0125954 0.0189509 0.0267593 0.0357578 0.0453478 0.0545588 0.062275 0.0676334 0.0702978 0.0704335 0.0684888 0.064991 0.0604403 0.0552685 0.0498208 0.0443526 0.0390379 0.0339771 0.0291992 0.024672 0.0203361 0.0161655 0.0122222 0.00866263
 0.00785971 0.0127845 0.0192717 0.0272676 0.0365051 0.0463616 0.0558239 0.0637274 0.0691719 0.0718044 0.0717922 0.069598 0.0657714 0.0608426 0.0552781 0.0494535 0.043643 0.0380259 0.0327026 0.0277094 0.0230355 0.0186527 0.0145592 0.0108154 0.00754277
 0.00780752 0.0127215 0.0192189 0.0272629 0.0365999 0.046611 0.0562749 0.0644067 0.0700739 0.0728845 0.072968 0.0707611 0.0668075 0.0616509 0.0557851 0.0496199 0.0434619 0.037517 0.031905 0.026678 0.0218429 0.0173919 0.0133372 0.00973486 0.00667703
 0.00797613 0.0129611 0.0195169 0.027589 0.0369195 0.0469047 0.0565522 0.064704 0.0704388 0.0733523 0.0735441 0.0714141 0.0674743 0.0622503 0.0562345 0.0498503 0.0434295 0.0372075 0.0313335 0.0258865 0.0208975 0.0163777 0.012349 0.00886008 0.00597655
 0.00843375 0.0136397 0.0204149 0.0286571 0.0380686 0.0480241 0.0575289 0.0654424 0.0708815 0.0734989 0.0734522 0.0711774 0.0671843 0.0619636 0.0559591 0.0495546 0.043063 0.036724 0.0307082 0.0251249 0.0200366 0.0154802 0.0114901 0.00810991 0.00538217
 0.00840863 0.0136421 0.0204955 0.0288827 0.0384956 0.0486616 0.0583133 0.0662451 0.0715531 0.0739271 0.0736018 0.0710928 0.0669604 0.0617023 0.0557328 0.0493863 0.0429289 0.0365718 0.030483 0.0247926 0.0195968 0.0149665 0.0109585 0.00762037 0.00498032
 0.00814032 0.0132559 0.0200101 0.0283548 0.038014 0.0483299 0.0582265 0.0664632 0.0720747 0.0746755 0.0744389 0.0718644 0.0675515 0.0620728 0.0559133 0.0494431 0.0429217 0.0365279 0.0303967 0.0246431 0.0193709 0.0146733 0.0106302 0.00730038 0.00470682
 0.00822678 0.0133496 0.0200672 0.0283128 0.0378179 0.0479693 0.0577618 0.0660193 0.0717985 0.0746765 0.074744 0.0724079 0.0682031 0.062688 0.0563839 0.0497246 0.0430286 0.036506 0.0302912 0.0244816 0.0191663 0.0144361 0.0103785 0.00705943 0.00450125
 0.00842265 0.013643 0.0204589 0.0287791 0.0383067 0.0484032 0.0580495 0.0660815 0.0716045 0.0742728 0.0742499 0.0719705 0.0679339 0.0626185 0.0564644 0.0498627 0.0431374 0.0365359 0.0302335 0.0243531 0.0189911 0.0142368 0.0101753 0.00687134 0.00434389
 0.00846611 0.0137114 0.0205571 0.0289086 0.0384634 0.0485736 0.0582076 0.0661886 0.0716163 0.0741554 0.0740001 0.0716299 0.0675842 0.0623533 0.05635 0.0499096 0.0433007 0.0367418 0.0304139 0.0244675 0.0190299 0.0142121 0.0101093 0.00678768 0.00426231
 0.008465 0.0137114 0.0205605 0.0289189 0.0384849 0.0486097 0.0582591 0.0662512 0.0716786 0.0741983 0.074 0.0715678 0.0674581 0.0621869 0.0561897 0.0498057 0.0432838 0.036808 0.0305288 0.0245858 0.0191159 0.0142508 0.0101051 0.00675588 0.00422029
 0.00840229 0.0136171 0.0204331 0.0287628 0.0383099 0.0484303 0.0580928 0.0661172 0.0715939 0.0741728 0.0740322 0.0716433 0.0675538 0.0622805 0.0562696 0.0498768 0.0433629 0.0369111 0.0306583 0.0247271 0.0192453 0.0143481 0.0101622 0.00677774 0.00421916
 0.00855131 0.0138289 0.0206955 0.0290456 0.0385734 0.0486395 0.0582284 0.0661776 0.0715895 0.0741179 0.0739395 0.0715222 0.0674103 0.0621189 0.0560943 0.0496954 0.0431878 0.0367581 0.0305409 0.02465 0.0192018 0.0143248 0.010146 0.00676126 0.00420132
 0.00838137 0.0135789 0.0203673 0.028656 0.0381469 0.0481983 0.0577878 0.0657505 0.0711971 0.0737961 0.0737345 0.0714748 0.0675385 0.0624085 0.0565032 0.0501679 0.0436714 0.0372141 0.0309476 0.0249977 0.0194877 0.0145483 0.0103091 0.00687006 0.00426633
 0.00837262 0.013565 0.0203478 0.0286318 0.0381223 0.0481806 0.0577853 0.0657669 0.0712248 0.0738146 0.0737182 0.0714084 0.0674292 0.0622849 0.056402 0.050116 0.0436763 0.0372658 0.0310275 0.0250879 0.0195749 0.014624 0.0103686 0.00691209 0.00429242
 0.00843374 0.0136502 0.0204498 0.0287352 0.0382077 0.0482324 0.0577979 0.0657458 0.0711831 0.0737658 0.0736693 0.0713566 0.0673654 0.0622021 0.0563035 0.0500167 0.043596 0.0372193 0.0310181 0.0251086 0.019613 0.0146671 0.0104077 0.00694231 0.00431272
 0.00834475 0.0135202 0.020281 0.0285379 0.0379961 0.0480183 0.0575874 0.0655424 0.0709937 0.0736058 0.0735614 0.0713224 0.067415 0.0623281 0.0564838 0.0502247 0.0438104 0.0374281 0.0312164 0.0252927 0.019778 0.0148068 0.0105178 0.00702187 0.00436506
 0.00840935 0.0136071 0.0203788 0.028626 0.0380522 0.0480286 0.0575533 0.065478 0.0709158 0.0735239 0.0734756 0.0712299 0.0673182 0.0622376 0.0564137 0.0501846 0.0438018 0.0374462 0.031254 0.0253429 0.0198344 0.0148633 0.0105683 0.00706237 0.00439395
 0.00817112 0.0132496 0.0198958 0.028031 0.0373733 0.0473018 0.0568192 0.064784 0.0703186 0.073085 0.0732484 0.0712438 0.0675685 0.0626866 0.0570025 0.0508498 0.0444868 0.0381065 0.0318574 0.0258684 0.0202706 0.0152072 0.0108243 0.00724063 0.00450902
 0.00812369 0.0131601 0.0197396 0.0277805 0.0370086 0.0468245 0.0562616 0.064205 0.0697859 0.0726536 0.0729503 0.0710917 0.067565 0.0628291 0.0572805 0.0512398 0.044953 0.0386064 0.0323502 0.026321 0.0206601 0.0155218 0.0110621 0.007408 0.00461788
 0.00804221 0.0130264 0.0195356 0.0274877 0.0366102 0.0463113 0.0556401 0.0635052 0.069063 0.0719829 0.0724117 0.0707513 0.0674594 0.0629604 0.0576221 0.0517473 0.0455731 0.0392831 0.0330291 0.0269543 0.0212118 0.0159705 0.011402 0.00764679 0.00477261
 0.00798453 0.0129473 0.0194427 0.0273949 0.0365308 0.0462475 0.0555765 0.0634104 0.068902 0.0717334 0.0720786 0.070371 0.0670918 0.0626722 0.0574668 0.0517517 0.0457337 0.0395711 0.0333997 0.0273575 0.0216013 0.0163113 0.0116739 0.00784498 0.00490439
 0.00795353 0.012899 0.0193749 0.0273088 0.036433 0.046151 0.0554986 0.0633662 0.068894 0.0717445 0.0720742 0.0703141 0.0669634 0.0624843 0.0572612 0.0515842 0.0456527 0.039601 0.0335362 0.027572 0.0218532 0.0165601 0.0118893 0.00801116 0.00501941
 0.00799426 0.0129412 0.0193945 0.0272701 0.0362999 0.0459045 0.055151 0.0629632 0.0685014 0.0714257 0.0718702 0.0702321 0.0669795 0.0625586 0.057358 0.0516876 0.0457694 0.0397499 0.0337316 0.0278125 0.0221196 0.016823 0.0121208 0.00819345 0.00514796
 0.00805609 0.0130371 0.0195284 0.0274382 0.0364861 0.046077 0.0552642 0.0629686 0.0683673 0.0711565 0.0715107 0.0698528 0.0666486 0.0623181 0.0572159 0.0516276 0.0457691 0.0397945 0.0338166 0.0279361 0.0222742 0.0169922 0.0122832 0.00833064 0.00525037
 0.00808141 0.0130827 0.019605 0.0275576 0.0366574 0.0463001 0.0555231 0.0632288 0.0685799 0.0712702 0.0714886 0.0696873 0.0663677 0.0619768 0.0568764 0.0513388 0.0455555 0.0396595 0.0337519 0.0279304 0.0223149 0.0170643 0.0123693 0.00841386 0.00531867
 0.00812205 0.0131355 0.0196607 0.0276012 0.0366748 0.0462869 0.0554904 0.0631996 0.0685776 0.071304 0.0715459 0.0697376 0.0663772 0.0619253 0.0567678 0.0511986 0.0454189 0.0395562 0.0336978 0.0279267 0.0223527 0.0171294 0.0124459 0.00848767 0.00537966
 0.00812815 0.0131568 0.0197126 0.027702 0.0368374 0.046508 0.0557444 0.0634439 0.0687692 0.0714173 0.0715798 0.0697074 0.0662996 0.0618083 0.0566124 0.0510079 0.0452063 0.0393451 0.033514 0.0277889 0.0222677 0.017092 0.0124432 0.00850461 0.00540306
 0.00804895 0.013049 0.0195897 0.0275917 0.0367754 0.0465281 0.0558669 0.0636677 0.0690689 0.0717472 0.071885 0.0699401 0.0664323 0.0618376 0.0565522 0.0508798 0.0450328 0.0391492 0.0333192 0.0276172 0.0221347 0.0170035 0.0123951 0.00848609 0.00540178
 0.00801608 0.0129854 0.019477 0.0274105 0.0365161 0.0462035 0.055521 0.0633693 0.0688905 0.0717367 0.072047 0.070235 0.0667932 0.0621944 0.0568519 0.0510955 0.0451618 0.0392052 0.0333241 0.0275948 0.0221054 0.0169813 0.0123856 0.00848819 0.00541055
 0.00790929 0.0128233 0.0192538 0.0271267 0.036176 0.0458132 0.0550897 0.062917 0.0684553 0.0713763 0.0718271 0.0702075 0.0669743 0.0625551 0.0573269 0.0516063 0.0456407 0.03961 0.0336402 0.0278279 0.0222719 0.0170994 0.0124701 0.00854887 0.00545324
 0.0077903 0.0126429 0.0190069 0.026818 0.0358194 0.0454289 0.054702 0.0625508 0.0681325 0.0711138 0.0716393 0.070112 0.0669929 0.062706 0.0576114 0.0519991 0.0460933 0.0400654 0.0340503 0.0281651 0.0225297 0.0172857 0.0125994 0.00863561 0.00550932
 0.00775154 0.0125811 0.0189165 0.0266954 0.0356643 0.0452468 0.0545044 0.0623542 0.0679536 0.0709637 0.0715212 0.0700242 0.0669358 0.0626883 0.057649 0.0521066 0.0462724 0.0402987 0.0343063 0.0284093 0.0227365 0.0174443 0.0127113 0.00870932 0.00555522
 0.00777758 0.0125998 0.0189012 0.0266083 0.0354677 0.0449206 0.0540611 0.0618406 0.067438 0.0705155 0.0711924 0.0698406 0.0668976 0.0627779 0.0578416 0.0523785 0.0466036 0.0406696 0.0346926 0.0287823 0.0230686 0.0177156 0.0129148 0.00884966 0.00564434
 0.00777748 0.0125991 0.0188979 0.0265962 0.0354329 0.0448395 0.0539027 0.0615773 0.0670618 0.0700519 0.0707013 0.0694 0.0665786 0.0626233 0.0578588 0.0525465 0.0468858 0.0410259 0.0350846 0.0291747 0.0234303 0.0180228 0.0131543 0.00902058 0.00575565
 0.00777398 0.0126003 0.0189121 0.0266345 0.0355051 0.0449473 0.0540333 0.0617008 0.0671355 0.0700324 0.0705602 0.0691388 0.0662342 0.0622591 0.0575446 0.0523356 0.0468026 0.0410646 0.0352188 0.029368 0.0236454 0.0182281 0.0133278 0.00915189 0.00584499
 0.00787644 0.0127474 0.0190979 0.0268422 0.0357138 0.0451404 0.0542044 0.0618511 0.0672647 0.0701288 0.0705985 0.0690875 0.0660711 0.0619868 0.0571959 0.0519666 0.0464738 0.0408219 0.0350814 0.0293285 0.0236783 0.0183012 0.0134121 0.00922729 0.00590192
 0.00787628 0.0127567 0.0191284 0.0269083 0.0358253 0.0452945 0.0543808 0.0620173 0.0673898 0.070197 0.0706125 0.0690593 0.0660086 0.0618875 0.0570541 0.0517854 0.0462732 0.0406347 0.0349403 0.0292525 0.0236666 0.0183369 0.0134715 0.00928929 0.00595315
 0.00784633 0.0127105 0.0190646 0.0268292 0.0357391 0.045216 0.0543298 0.0620126 0.0674403 0.0702953 0.0707362 0.0691807 0.0661053 0.0619477 0.0570741 0.0517665 0.0462214 0.0405633 0.0348692 0.0292023 0.0236501 0.0183541 0.0135116 0.00933715 0.00599635
 0.00769961 0.0124793 0.018731 0.0263838 0.0351853 0.0445757 0.053649 0.0613602 0.0668975 0.0699355 0.0706056 0.0692865 0.0664164 0.0624064 0.0576129 0.0523236 0.0467507 0.0410373 0.0352778 0.0295478 0.0239404 0.018596 0.0137081 0.0094888 0.00610495
 0.00758259 0.0122946 0.0184632 0.0260227 0.0347276 0.0440286 0.0530344 0.0607176 0.0662814 0.0694089 0.0702293 0.0691086 0.0664613 0.0626681 0.0580546 0.0528863 0.0473674 0.0416481 0.0358395 0.0300363 0.0243474 0.018923 0.0139608 0.00967469 0.00623314
 0.0073336 0.0119102 0.0179233 0.0253232 0.0338821 0.043069 0.0520125 0.0597044 0.065359 0.0686572 0.0697137 0.0688731 0.0665264 0.0630294 0.0586816 0.0537227 0.0483369 0.0426656 0.0368255 0.0309288 0.0251072 0.0195337 0.0144239 0.0100047 0.00645238
 0.00702326 0.0114311 0.0172502 0.0244518 0.0328306 0.0418795 0.0507529 0.0584652 0.0642417 0.0677547 0.0690953 0.068578 0.0665674 0.0633982 0.0593512 0.0546471 0.0494502 0.0438851 0.0380601 0.032092 0.0261304 0.0203745 0.0150687 0.0104647 0.00675619
 0.00667199 0.0108849 0.0164755 0.0234365 0.0315885 0.040455 0.0492254 0.0569465 0.06286 0.0666291 0.0683137 0.0681883 0.066581 0.0637985 0.0601018 0.0556958 0.0507295 0.0453121 0.0395392 0.0335232 0.0274231 0.021462 0.0159178 0.0110775 0.00716306
#obs surv len freq
 0.00497228 0.00814311 0.0123835 0.0177062 0.0239848 0.0308542 0.0376904 0.0437717 0.0485489 0.051821 0.0537055 0.0544863 0.0544816 0.0539876 0.0532648 0.0525273 0.0519206 0.0514797 0.0510659 0.0503096 0.0486283 0.0453909 0.0402204 0.0332858 0.0253695
 0.00517939 0.00848519 0.0129083 0.0184614 0.0250083 0.0321593 0.0392505 0.0455154 0.0503705 0.0536019 0.0553325 0.0558613 0.0555225 0.0546263 0.0534469 0.0522152 0.0511011 0.0501727 0.0493313 0.0482508 0.046389 0.0431432 0.0381408 0.0315211 0.0240051
 0.00541606 0.00886967 0.0134868 0.0192777 0.0260969 0.0335336 0.0408891 0.0473555 0.0523139 0.0555302 0.0571249 0.0574068 0.056727 0.0554143 0.0537596 0.0520091 0.0503491 0.0488728 0.0475206 0.0460203 0.0438898 0.0405765 0.0357251 0.0294465 0.0223882
 0.00564646 0.00924978 0.014069 0.0201141 0.0272286 0.0349744 0.0426098 0.0492795 0.0543302 0.057516 0.0589646 0.0590006 0.0579899 0.0562739 0.0541541 0.0518871 0.0496723 0.0476234 0.0457169 0.0437363 0.0412703 0.0378325 0.0331013 0.0271652 0.0205938
 0.00589929 0.0096618 0.0146912 0.0209951 0.0284065 0.0364625 0.0443818 0.0512622 0.0564122 0.0595675 0.0608586 0.0606271 0.0592619 0.0571257 0.054536 0.0517583 0.0489982 0.0463814 0.0439129 0.0414287 0.0385919 0.0349922 0.0303539 0.0247525 0.0186804
 0.00614378 0.0100641 0.0153055 0.0218746 0.0295925 0.0379681 0.0461748 0.0532608 0.0584973 0.0616071 0.0627289 0.0622238 0.0605022 0.0579468 0.0548913 0.0516128 0.0483241 0.0451602 0.0421478 0.0391684 0.0359554 0.0321764 0.027609 0.0223235 0.0167408
 0.00638883 0.0104649 0.0159134 0.0227393 0.0307528 0.0394372 0.0479245 0.055215 0.0605414 0.0636089 0.0645607 0.0637763 0.0616914 0.0587134 0.0551961 0.0514299 0.0476352 0.0439542 0.0404311 0.0369862 0.0334155 0.0294608 0.024953 0.019963 0.014847
 0.00661001 0.0108306 0.0164751 0.0235485 0.0318506 0.0408377 0.0495985 0.0570847 0.0624923 0.0655126 0.0662959 0.0652408 0.0628057 0.0594205 0.0554589 0.0512264 0.0469536 0.0427912 0.0387988 0.0349295 0.031034 0.0269197 0.0224673 0.0177501 0.0130671
 0.00682671 0.0111822 0.0170033 0.0242923 0.0328402 0.0420836 0.0510794 0.0587413 0.064233 0.067228 0.0678757 0.0665862 0.0638369 0.0600794 0.0557079 0.0510443 0.0463306 0.0417277 0.0373105 0.033061 0.0288772 0.024623 0.0202222 0.0157505 0.0114567
 0.00706609 0.0115776 0.0176091 0.0251606 0.0340076 0.0435519 0.0527976 0.0606045 0.0661021 0.0689623 0.0693594 0.0677391 0.0646116 0.0604529 0.0556735 0.0506058 0.0454975 0.0405142 0.0357413 0.0311835 0.0267776 0.0224344 0.0181131 0.0138896 0.0099668
 0.00726872 0.0119102 0.0181157 0.025885 0.0349849 0.0447953 0.0542834 0.0622635 0.0678262 0.0706216 0.0708248 0.0689023 0.065398 0.0608259 0.0556291 0.050161 0.0446794 0.0393534 0.0342739 0.0294614 0.0248819 0.0204827 0.0162498 0.0122565 0.00866539
 0.00741454 0.0121525 0.0184902 0.0264283 0.0357281 0.0457521 0.0554388 0.0635696 0.0692076 0.0719883 0.0720842 0.0699667 0.0661912 0.0612893 0.0557285 0.0498881 0.0440485 0.0383951 0.0330309 0.0279916 0.0232648 0.0188242 0.0146735 0.0108807 0.00757268
 0.00752891 0.0123345 0.0187575 0.0267963 0.0362093 0.0463544 0.0561615 0.0643992 0.0701161 0.0729343 0.0730154 0.0708237 0.0669118 0.0618135 0.0560047 0.0498789 0.0437359 0.0377828 0.0321456 0.0268829 0.0220066 0.0175124 0.0134168 0.00977988 0.00669705
 0.00761277 0.0124699 0.018959 0.0270767 0.0365763 0.0468069 0.0566872 0.0649753 0.0707153 0.0735322 0.0735936 0.0713665 0.0673985 0.0622141 0.0562793 0.0499841 0.0436333 0.0374487 0.0315787 0.0261097 0.0210829 0.0165191 0.0124475 0.00892185 0.00601064
 0.00767415 0.0125642 0.019091 0.027248 0.0367863 0.0470541 0.0569692 0.0652878 0.0710515 0.0738827 0.0739477 0.0717138 0.0677284 0.062513 0.0565263 0.0501494 0.0436802 0.037342 0.0312958 0.0256515 0.0204801 0.0158306 0.011749 0.00828796 0.00549541
 0.00773501 0.0126558 0.0192153 0.0274015 0.0369614 0.0472409 0.0571574 0.0654689 0.0712207 0.0740408 0.0741005 0.0718686 0.0678899 0.0626791 0.0566868 0.0502844 0.043762 0.0373384 0.0311779 0.0254045 0.0201127 0.015378 0.0112663 0.00783475 0.00511839
 0.00778734 0.0127374 0.0193311 0.027553 0.0371451 0.0474472 0.0573702 0.0656677 0.0713857 0.0741596 0.0741727 0.0719049 0.0679072 0.0626937 0.0567077 0.0503101 0.0437792 0.0373243 0.0311065 0.0252554 0.0198807 0.0150789 0.0109349 0.00751405 0.00484536
 0.00779778 0.012752 0.019349 0.0275724 0.0371642 0.047466 0.0573911 0.0656945 0.071422 0.0742065 0.0742283 0.0719664 0.0679728 0.062764 0.0567841 0.050392 0.04386 0.0373901 0.0311377 0.0252326 0.0197932 0.0149312 0.0107473 0.00731693 0.00466813
 0.00784199 0.0128126 0.0194195 0.0276396 0.0372123 0.0474824 0.0573715 0.0656449 0.0713559 0.0741406 0.0741778 0.0719418 0.0679779 0.0627968 0.0568393 0.0504623 0.0439371 0.0374631 0.0311929 0.0252551 0.0197718 0.0148641 0.010645 0.00719862 0.0045552
 0.00785919 0.0128436 0.0194709 0.0277173 0.0373178 0.0476078 0.0574977 0.0657447 0.0714045 0.0741265 0.0741084 0.0718391 0.0678698 0.0627065 0.0567796 0.0504356 0.0439375 0.0374801 0.0312132 0.0252651 0.0197602 0.0148259 0.0105833 0.00712416 0.00448158
 0.00790971 0.0129165 0.0195637 0.0278228 0.0374268 0.0477134 0.0575969 0.0658366 0.0714851 0.0741856 0.0741315 0.0718153 0.0677986 0.0626002 0.0566595 0.0503228 0.0438464 0.037415 0.0311693 0.0252326 0.0197283 0.0147868 0.0105352 0.00707098 0.00443034
 0.00791765 0.0129316 0.0195901 0.0278646 0.0374855 0.0477857 0.0576733 0.0659043 0.071533 0.0742096 0.0741347 0.0718035 0.0677753 0.0625658 0.056614 0.0502699 0.0437935 0.0373699 0.0311361 0.0252098 0.0197103 0.0147674 0.010511 0.00704247 0.00440123
 0.00789936 0.0129027 0.0195486 0.0278101 0.0374205 0.0477162 0.0576092 0.0658567 0.0715107 0.0742152 0.0741643 0.0718492 0.0678289 0.0626209 0.0566659 0.0503154 0.043831 0.0374 0.0311607 0.0252302 0.0197261 0.0147769 0.0105127 0.00703703 0.00439121
 0.00787041 0.0128508 0.0194619 0.0276757 0.0372292 0.0474691 0.0573229 0.0655635 0.0712516 0.0740285 0.0740751 0.0718642 0.0679373 0.0627996 0.0568868 0.0505518 0.0440616 0.0376103 0.0313428 0.0253807 0.0198446 0.0148648 0.0105728 0.00707374 0.00441039
 0.00790046 0.0128924 0.0195105 0.0277212 0.037257 0.0474625 0.0572673 0.0654511 0.0710856 0.073826 0.0738656 0.0716826 0.0678137 0.0627507 0.0569125 0.0506375 0.0441853 0.0377496 0.0314791 0.0255018 0.0199441 0.0149405 0.0106259 0.00710754 0.0044294
 0.00787803 0.0128612 0.0194729 0.0276821 0.0372207 0.0474301 0.0572339 0.0654063 0.0710183 0.0737298 0.0737437 0.0715495 0.0676922 0.0626657 0.0568831 0.050671 0.0442754 0.0378791 0.0316265 0.0256467 0.0200718 0.0150429 0.0107011 0.00715789 0.00445999
 0.00785193 0.0128163 0.0194015 0.0275769 0.0370787 0.0472563 0.0570441 0.0652245 0.0708682 0.0736258 0.0736869 0.0715303 0.0676996 0.0626939 0.0569341 0.0507514 0.0443897 0.0380247 0.0317922 0.0258163 0.0202285 0.0151745 0.0108016 0.00722786 0.00450422
 0.00783588 0.0127856 0.0193469 0.0274868 0.0369423 0.0470683 0.0568095 0.064961 0.0706043 0.0733947 0.0735182 0.0714425 0.0676954 0.0627626 0.0570577 0.0509123 0.0445749 0.0382251 0.0319996 0.0260199 0.0204159 0.0153343 0.0109267 0.00731731 0.00456234
 0.00779266 0.0127189 0.0192527 0.0273634 0.0367892 0.0468861 0.0566004 0.0647306 0.0703638 0.0731623 0.0733175 0.0712987 0.0676294 0.0627843 0.0571635 0.0510866 0.0447959 0.0384708 0.0322508 0.0262611 0.0206342 0.0155194 0.0110726 0.00742298 0.00463221
 0.00775688 0.0126567 0.0191522 0.0272121 0.0365786 0.0466172 0.0562882 0.0644031 0.0700544 0.0729005 0.0731227 0.0711811 0.0675927 0.0628299 0.0572892 0.0512848 0.0450514 0.0387623 0.0325546 0.0265547 0.0208992 0.0157429 0.0112479 0.0075501 0.0047167
 0.00773587 0.0126182 0.019086 0.0271057 0.0364195 0.0463975 0.0560095 0.0640794 0.069712 0.0725735 0.0728466 0.0709852 0.0674952 0.0628354 0.0573917 0.051471 0.0453038 0.0390598 0.0328734 0.0268705 0.0211895 0.0159909 0.0114441 0.00769323 0.00481236
 0.0077166 0.0125897 0.019048 0.0270585 0.0363624 0.0463266 0.0559169 0.0639555 0.06955 0.0723752 0.0726255 0.0707654 0.0673065 0.0627057 0.0573403 0.0515048 0.0454176 0.0392391 0.0330972 0.0271144 0.0214293 0.016206 0.0116206 0.00782546 0.00490259
 0.00769849 0.0125612 0.019007 0.0270041 0.0362954 0.04625 0.0558355 0.0638741 0.0694706 0.072295 0.0725384 0.0706667 0.0671985 0.0626006 0.0572579 0.0514661 0.0454372 0.0393207 0.0332326 0.0272862 0.0216153 0.0163841 0.0117739 0.00794449 0.004986
 0.00765409 0.0124923 0.0189097 0.0268774 0.0361418 0.0460761 0.0556527 0.063698 0.0693185 0.072181 0.0724697 0.070641 0.0672068 0.0626318 0.0573048 0.0515288 0.045522 0.0394347 0.0333782 0.0274571 0.0217977 0.0165603 0.0119277 0.00806572 0.00507214
 0.00762483 0.0124431 0.0188328 0.0267652 0.0359895 0.045885 0.0554332 0.0634696 0.0691057 0.0720073 0.072352 0.070587 0.0672146 0.062692 0.0574039 0.0516534 0.0456631 0.0395883 0.0335432 0.0276312 0.021974 0.0167279 0.0120743 0.00818258 0.00515632
 0.00761901 0.0124327 0.0188153 0.0267369 0.0359457 0.0458205 0.0553437 0.0633535 0.0689668 0.0718557 0.0722036 0.0704604 0.067126 0.0626511 0.0574121 0.051705 0.0457484 0.0396975 0.0336684 0.0277661 0.0221119 0.0168604 0.0121926 0.00827904 0.0052275
 0.00760364 0.0124124 0.0187932 0.0267185 0.0359364 0.0458226 0.0553536 0.0633621 0.0689619 0.0718266 0.0721454 0.0703766 0.0670282 0.062556 0.0573366 0.0516613 0.0457416 0.0397259 0.0337258 0.0278441 0.0222016 0.0169527 0.0122787 0.00835178 0.00528288
 0.00758603 0.0123831 0.0187481 0.0266545 0.0358534 0.0457257 0.0552542 0.0632753 0.0689011 0.0717977 0.0721437 0.0703897 0.0670431 0.0625652 0.0573407 0.0516678 0.0457601 0.0397634 0.0337842 0.0279201 0.022288 0.0170408 0.0123599 0.00841978 0.00533434
 0.00756117 0.0123443 0.0186927 0.0265809 0.0357615 0.045617 0.055133 0.06315 0.0687839 0.071703 0.0720843 0.0703726 0.0670661 0.0626182 0.0574106 0.0517438 0.0458373 0.0398425 0.0338676 0.0280089 0.0223798 0.0171302 0.0124405 0.00848619 0.00538406
 0.00754747 0.0123219 0.018659 0.0265336 0.0356989 0.0455396 0.0550436 0.0630539 0.0686883 0.0716155 0.0720127 0.0703238 0.0670458 0.0626289 0.05745 0.0518053 0.0459124 0.0399239 0.0339512 0.0280926 0.0224622 0.0172082 0.0125102 0.0085437 0.00542733
 0.00753164 0.0122978 0.0186258 0.0264913 0.0356484 0.045482 0.0549803 0.0629866 0.0686197 0.0715492 0.0719531 0.0702758 0.0670143 0.0626183 0.0574628 0.0518415 0.0459686 0.0399945 0.0340296 0.0281733 0.0225406 0.0172807 0.0125734 0.0085951 0.00546574
 0.00752656 0.0122873 0.0186057 0.0264571 0.0355962 0.0454109 0.0548944 0.0628944 0.0685313 0.0714737 0.0718954 0.0702378 0.0669956 0.0626184 0.0574816 0.0518788 0.0460234 0.0400639 0.0341089 0.0282566 0.0226219 0.017355 0.0126369 0.00864561 0.00550273
 0.00752406 0.0122839 0.0186016 0.0264522 0.0355897 0.0454003 0.0548756 0.0628632 0.0684855 0.0714152 0.0718307 0.0701756 0.0669442 0.0625831 0.057465 0.0518813 0.046044 0.0401007 0.0341589 0.0283153 0.0226838 0.0174146 0.0126894 0.00868804 0.00553407
 0.00750516 0.0122551 0.018562 0.0264024 0.035532 0.0453385 0.0548142 0.0628069 0.0684378 0.0713774 0.0718022 0.0701551 0.0669318 0.0625807 0.057475 0.0519056 0.0460829 0.0401528 0.0342211 0.0283834 0.022753 0.0174795 0.0127457 0.00873287 0.00556668
 0.00750869 0.0122602 0.0185685 0.0264097 0.0355391 0.0453443 0.054818 0.0628077 0.068435 0.0713701 0.0717892 0.0701355 0.0669053 0.0625488 0.0574412 0.0518749 0.0460606 0.0401428 0.0342251 0.0284003 0.0227793 0.0175107 0.0127769 0.00876024 0.00558797
 0.00750237 0.0122495 0.0185517 0.0263851 0.0355056 0.0453024 0.0547701 0.0627586 0.0683904 0.0713354 0.0717678 0.0701281 0.0669102 0.0625623 0.0574596 0.0518958 0.0460835 0.0401686 0.0342552 0.0284352 0.0228177 0.0175498 0.0128132 0.00879071 0.00561103
 0.00750237 0.0122495 0.0185517 0.0263851 0.0355056 0.0453024 0.0547701 0.0627586 0.0683904 0.0713354 0.0717678 0.0701281 0.0669102 0.0625623 0.0574596 0.0518958 0.0460835 0.0401686 0.0342552 0.0284352 0.0228177 0.0175498 0.0128132 0.00879071 0.00561103
 0.00742666 0.0121314 0.0183837 0.0261645 0.035236 0.0449955 0.054447 0.0624491 0.0681282 0.0711504 0.0716796 0.0701421 0.0670182 0.0627458 0.0576944 0.0521569 0.0463492 0.040423 0.0344879 0.0286405 0.0229927 0.0176931 0.0129249 0.00887246 0.00566661
 0.00734755 0.011997 0.0181713 0.0258517 0.0348081 0.0444563 0.0538279 0.061809 0.0675413 0.0706876 0.0713921 0.0700537 0.0671256 0.0630239 0.0581032 0.0526492 0.046878 0.0409474 0.0349765 0.0290721 0.0233556 0.0179832 0.0131442 0.00902803 0.00576918
 0.00723908 0.0118187 0.0178994 0.0254631 0.0342855 0.0437967 0.0530519 0.0609657 0.0667046 0.0699445 0.0708268 0.0697317 0.0670816 0.0632561 0.0585759 0.0533024 0.0476399 0.0417464 0.0357505 0.0297739 0.0239544 0.0184643 0.0135071 0.00928366 0.0059361
 0.00714199 0.0116553 0.0176435 0.0250871 0.0337672 0.0431287 0.0522517 0.0600788 0.0657991 0.069099 0.0701194 0.0692317 0.0668421 0.0633068 0.0589159 0.0538978 0.0484282 0.0426472 0.0366797 0.0306558 0.0247319 0.0191029 0.0139954 0.00963 0.00616279
 0.00706722 0.0115311 0.0174514 0.0248073 0.0333812 0.0426251 0.0516324 0.0593635 0.0650259 0.0683212 0.0693997 0.0686354 0.0664308 0.0631298 0.0590031 0.0542522 0.0490219 0.0434227 0.0375577 0.0315496 0.0255625 0.0198123 0.0145531 0.0100331 0.00642987
 0.0069761 0.0113833 0.0172293 0.024495 0.0329673 0.0421072 0.0510219 0.0586872 0.0643221 0.0676331 0.0687703 0.0681068 0.0660436 0.0629232 0.0590104 0.0544933 0.0494953 0.0440987 0.0383781 0.0324349 0.0264268 0.0205811 0.0151774 0.0104957 0.0067419
 0.0069247 0.0112975 0.017096 0.0243001 0.0326982 0.0417567 0.0505925 0.0581929 0.0637869 0.0670864 0.0682435 0.0676313 0.065651 0.062646 0.0588812 0.0545415 0.0497396 0.044538 0.038984 0.0331508 0.0271771 0.0212875 0.0157778 0.010957 0.00706198
#pred catch len freq
 0.00465956 0.00738558 0.0107967 0.0148156 0.0193887 0.0244598 0.0298954 0.0354521 0.0408216 0.0457051 0.0498616 0.053132 0.0554546 0.056867 0.0574864 0.0574799 0.057038 0.0563382 0.0554711 0.0543266 0.0525087 0.0493994 0.0444417 0.0375364 0.0292781
 0.00512735 0.00806227 0.0116638 0.0158132 0.0204464 0.0255394 0.031013 0.0366586 0.0421508 0.0471227 0.0512516 0.0543318 0.0563181 0.0573179 0.0575338 0.0571924 0.0564921 0.0555681 0.0544463 0.0529739 0.0507746 0.0473205 0.0421767 0.0353305 0.0273743
 0.00543319 0.00856297 0.0124196 0.0168715 0.0218201 0.0271823 0.0328095 0.0384477 0.0437837 0.0485175 0.0524037 0.0552705 0.0570468 0.0577884 0.057671 0.0569413 0.0558451 0.054553 0.0530925 0.051294 0.048783 0.0450799 0.0398324 0.0330938 0.0254564
 0.00572497 0.0090213 0.0130832 0.0177753 0.0229997 0.028673 0.0346295 0.0405669 0.0460933 0.0508276 0.0544836 0.0569182 0.0581468 0.0583207 0.0576729 0.0564584 0.0549078 0.0531822 0.0513139 0.0491487 0.0463398 0.0424537 0.0371953 0.0306552 0.0234081
 0.0060908 0.00958472 0.0138742 0.0188048 0.0242649 0.0301647 0.0363353 0.0424675 0.0481535 0.0529823 0.0566219 0.0588781 0.059736 0.0593632 0.0580568 0.056156 0.0539578 0.051655 0.0492871 0.0467072 0.0435935 0.0395572 0.0343492 0.0280776 0.0212807
 0.00648634 0.0102013 0.0147533 0.0199691 0.0257172 0.0318869 0.0382838 0.0445708 0.0503189 0.05511 0.0586163 0.0606478 0.0611846 0.0603819 0.0585323 0.0559935 0.0531088 0.0501302 0.0471536 0.0440779 0.0406242 0.0364472 0.0313314 0.0253839 0.0190888
 0.00677059 0.0106562 0.0154258 0.0209006 0.0269402 0.0334161 0.0401038 0.0466254 0.0525104 0.0573105 0.0606868 0.0624587 0.0626295 0.0613805 0.0590209 0.0559158 0.0524163 0.0487975 0.0452004 0.0415873 0.0377496 0.0334049 0.0283744 0.0227545 0.0169633
 0.00705958 0.0111092 0.0160778 0.0217776 0.0280608 0.0347913 0.0417311 0.0484776 0.0545261 0.0593914 0.0627043 0.0642698 0.064099 0.0623997 0.0595168 0.055846 0.0517582 0.0475438 0.0433686 0.0392421 0.0350238 0.0305028 0.0255452 0.02024 0.0149374
 0.00741029 0.011648 0.0168314 0.0227538 0.0292527 0.0361845 0.0433038 0.050196 0.0563381 0.0612241 0.0644656 0.0658536 0.0653943 0.0633036 0.0599465 0.0557462 0.0511015 0.0463281 0.0416195 0.0370249 0.032461 0.0277812 0.0228956 0.0178887 0.0130473
 0.0076578 0.0120415 0.017407 0.023539 0.0302616 0.0374106 0.0447134 0.0517271 0.0579111 0.0627576 0.0658881 0.0671048 0.0664186 0.0640434 0.0603411 0.0557367 0.0506398 0.0453867 0.0402025 0.0351803 0.0302937 0.0254552 0.0206157 0.0158567 0.0114101
 0.00796673 0.0125233 0.0180952 0.024454 0.0314113 0.0387891 0.0462937 0.0534515 0.0596862 0.0644621 0.0673922 0.0682959 0.0672224 0.0644301 0.0603145 0.0553142 0.0498355 0.044209 0.0386647 0.0333218 0.0281993 0.0232626 0.0184993 0.0139894 0.00991607
 0.00809266 0.0127375 0.0184357 0.0249638 0.0321315 0.0397467 0.0474882 0.0548467 0.0612118 0.0660209 0.0688709 0.069577 0.0681992 0.065024 0.0604859 0.0550625 0.0491871 0.0432013 0.0373393 0.0317311 0.0264219 0.0214133 0.0167213 0.0124241 0.00866559
 0.00808942 0.0127469 0.0184787 0.0250737 0.0323517 0.0401245 0.0480645 0.0556444 0.0622238 0.0672028 0.0701404 0.0708244 0.0693059 0.0658816 0.0610126 0.0552115 0.0489474 0.0425924 0.0364039 0.0305308 0.0250395 0.019955 0.0153098 0.0111772 0.00766715
 0.00829424 0.0130399 0.0188468 0.0254827 0.0327608 0.0405077 0.048426 0.0560184 0.0626579 0.0677345 0.070778 0.0715382 0.0700313 0.0665318 0.0614964 0.055451 0.0488914 0.0422233 0.0357376 0.0296145 0.0239482 0.0187861 0.0141718 0.0101704 0.00686123
 0.00867834 0.0136007 0.0195715 0.0263159 0.0336165 0.0412931 0.049064 0.0564621 0.0628995 0.0678076 0.0707491 0.0714848 0.0700123 0.0665655 0.0615543 0.0554705 0.0487989 0.0419573 0.0352664 0.0289445 0.0231241 0.0178832 0.0132806 0.0093761 0.0062233
 0.00866506 0.0136136 0.0196528 0.0265204 0.0339908 0.0418457 0.0497439 0.0571641 0.0634994 0.0682094 0.0709199 0.07146 0.0698734 0.0664025 0.0614306 0.0554016 0.0487527 0.0418727 0.0350811 0.0286207 0.022663 0.0173253 0.0126922 0.00882838 0.00577061
 0.00843839 0.0132933 0.0192626 0.0261197 0.0336666 0.0416934 0.0498429 0.057553 0.0641546 0.0690377 0.0717767 0.072195 0.0703836 0.0666632 0.0614883 0.0553358 0.0486315 0.0417258 0.0349006 0.0283816 0.0223489 0.0169456 0.0122829 0.00843762 0.0054408
 0.00852214 0.0133881 0.019331 0.0261074 0.0335252 0.0414125 0.0494744 0.0572064 0.0639612 0.0690979 0.0721171 0.0727546 0.0710361 0.0672653 0.0619309 0.055575 0.0486856 0.0416458 0.0347359 0.0281618 0.0220872 0.0166527 0.0119784 0.00814995 0.00519733
 0.0086556 0.0135836 0.0195827 0.0263893 0.03379 0.0415967 0.049511 0.0570483 0.0636103 0.0686245 0.0716485 0.07243 0.0709471 0.0674167 0.0622456 0.0559364 0.0489896 0.0418343 0.0347991 0.0281194 0.0219684 0.0164855 0.011789 0.00796335 0.00503497
 0.00868788 0.0136337 0.0196536 0.0264809 0.033898 0.0417097 0.0496075 0.0570956 0.0635695 0.0684652 0.0713696 0.0720753 0.070602 0.0671791 0.0621831 0.0560551 0.0492343 0.042119 0.0350453 0.0282814 0.022036 0.0164738 0.0117245 0.00787446 0.00494549
 0.00866884 0.0136068 0.0196207 0.026447 0.0338701 0.0416955 0.0496124 0.0571201 0.0636059 0.0684953 0.0713682 0.0720198 0.0704871 0.067028 0.0620446 0.0559829 0.0492605 0.0422364 0.0352131 0.0284466 0.0221575 0.0165349 0.0117311 0.00784523 0.00490152
 0.0086401 0.0135644 0.0195651 0.0263814 0.0338002 0.0416278 0.0495536 0.0570767 0.063583 0.0684956 0.0713884 0.0720495 0.0705107 0.067032 0.0620267 0.0559574 0.0492527 0.0422683 0.035289 0.0285499 0.0222602 0.0166122 0.011772 0.00785369 0.00488966
 0.00868117 0.0136147 0.0196107 0.0264008 0.0337714 0.0415399 0.0494146 0.0569129 0.0634292 0.0683814 0.071329 0.072044 0.0705456 0.0670878 0.0620848 0.0560066 0.0492926 0.0423077 0.0353383 0.0286127 0.0223295 0.016675 0.0118171 0.00787716 0.00489546
 0.00857747 0.0134653 0.0194204 0.0261832 0.0335413 0.0413038 0.0491666 0.0566424 0.063136 0.0680889 0.0710833 0.0718975 0.0705349 0.0672184 0.0623313 0.0563251 0.0496375 0.0426441 0.0356457 0.0288817 0.0225557 0.0168553 0.0119503 0.00796602 0.00494766
 0.0085707 0.0134549 0.0194064 0.0261672 0.0335278 0.0412992 0.0491775 0.056669 0.0631672 0.068101 0.0710501 0.0718055 0.0703959 0.067067 0.0622093 0.0562622 0.0496411 0.0427018 0.0357361 0.0289841 0.0226549 0.0169416 0.0120183 0.00801403 0.00497746
 0.00858495 0.0134702 0.0194152 0.0261581 0.0334896 0.0412267 0.0490763 0.056556 0.063065 0.068029 0.0710153 0.0717999 0.0704012 0.0670664 0.0621981 0.0562503 0.0496455 0.0427356 0.0358008 0.0290704 0.0227483 0.0170286 0.0120899 0.00806666 0.00501193
