SBPRF35
7.78865
Curr Bio
568951
B35
648771
F35
0.220885
FOFL
0.189468
OFL
81889.5
Bzero
2.22533e+006
#pred survey bio
 3.75891e+006 3.32406e+006 2.96762e+006 2.64458e+006 2.32484e+006 2.05757e+006 1.83187e+006 1.60315e+006 1.40941e+006 1.23212e+006 1.06754e+006 950799 855850 803901 749932 706559 676997 641354 617443 601489 596529 596427 596860 601559 606130 617211 621535 612853 607829 601295 586186 570841 547249 542466 534412 539529 545980 542689 547528 554181 564451 568572 562952 563981 568506 563672 568245 564508 575323 578372 586978 574873 568951 552630 570457 575327 580447 567600 556482 544191 560820 572042 1.97455e+007 1.23575e+007 1.29658e+007 1.37197e+007 1.44988e+007 1.52074e+007 1.58021e+007 1.62751e+007 1.6638e+007 1.69097e+007 1.711e+007 1.72565e+007 1.73631e+007 1.74408e+007 1.74975e+007 1.75391e+007 1.75697e+007 1.75924e+007 1.76093e+007 1.7622e+007 1.76315e+007 1.76388e+007 1.76443e+007 1.76484e+007 1.76516e+007 1.76541e+007 1.76559e+007 1.76574e+007 1.76585e+007 1.76593e+007 1.766e+007 1.76605e+007 1.76609e+007 1.76612e+007 1.76614e+007 1.76616e+007 1.76617e+007 1.76618e+007 1.76619e+007 1.7662e+007 1.7662e+007 1.76621e+007 1.76621e+007 1.76621e+007 1.76622e+007 1.76622e+007 1.76622e+007 1.76622e+007 1.76622e+007 1.76622e+007 1.76622e+007 1.76622e+007 1.76622e+007 1.76622e+007 1.76622e+007 1.76622e+007 1.76622e+007 1.76622e+007 1.76622e+007 1.76622e+007 1.76622e+007 1.76622e+007 1.76622e+007 1.76622e+007 1.76622e+007 1.76622e+007 1.76622e+007 1.76622e+007 1.76622e+007 1.76622e+007 1.76622e+007 1.76622e+007 1.76622e+007 1.76622e+007 1.76622e+007 1.76622e+007 1.76622e+007 1.76622e+007 1.76622e+007 1.76622e+007 1.76622e+007 1.76622e+007 1.76622e+007 1.76622e+007 1.76622e+007 1.76622e+007 1.76622e+007 1.76622e+007 1.76622e+007 1.76622e+007 1.76622e+007 1.76622e+007 1.76622e+007 1.76622e+007 1.76622e+007 1.76622e+007 1.76622e+007 1.76622e+007 1.76622e+007 1.76622e+007 0 0 0 0 0 0 0 0 0 0 0 0 0 0 0 0 0 0 0 0 0 0 0 0 0
#obs survey bio
 3.66218e+006 2.56615e+006 2.99116e+006 2.41058e+006 1.69466e+006 2.5846e+006 1.71136e+006 1.51056e+006 928546 1.41962e+006 1.05662e+006 924950 787742 610007 619919 636104 559994 1.07993e+006 594565 551733 510681 529887 607786 577417 628141 474722 604054 792261 632638 499444 710152 609114 554643 549179 707980 560523 535601 449340 623735 457444 515788 896074 496078 574683 578976 636533 528727 507112 628939 594552 578168 720755 477026 519220 536511 806226 562960 491589 440379 488496 516083 346417
#pred catch bio
 301929 266707 272213 302462 285178 272956 295217 278501 272699 264640 223474 203814 165671 165987 154403 139860 141405 127279 117719 107499 103713 103496 99416.5 98474.3 91911.4 95975.6 103755 96711 94108 97082.2 92838.7 97814.3 84440.5 91749.1 83369.1 83499.3 92074 85842.9 85714.4 84460.7 90568.7 98071.5 92084.4 89853.6 98232.4 90789.2 98531.4 87223.8 94423.5 89859.6 107028 101437 110008 81784.4 93169.1 92401.8 107186 106155 108638 87452.9 96482.6 115552 81889.5 97680.1 101590 106609 112082 117060 121137 124261 126544 128157 129266 130013 130508 130833 131043 131178 131264 131319 131354 131376 131389 131398 131403 131407 131409 131410 131411 131412 131412 131412 131412 131412 131412 131412 131412 131412 131412 131412 131412 131412 131412 131412 131412 131412 131412 131412 131412 131412 131412 131412 131412 131412 131412 131412 131412 131412 131412 131412 131412 131412 131412 131412 131412 131412 131412 131412 131412 131412 131412 131412 131412 131412 131412 131412 131412 131412 131412 131412 131412 131412 131412 131412 131412 131412 131412 131412 131412 131412 131412 131412 131412 131412 131412 131412 131412 131412 131412 131412 131412 131412 0 0 0 0 0 0 0 0 0 0 0 0 0 0 0 0 0 0 0 0 0 0 0 0 0
#obs catch bio
 247611 267476 273403 304833 288026 276060 300788 282970 280256 270541 227227 207748 167356 168068 157127 141564 144064 128343 118622 108290 104858 105024 100659 99502 92469.3 96862.7 104303 96905.5 94064.4 97179.6 92546.1 97569.5 83889.1 91414.8 83036.8 82972.9 91411.7 85413.8 85438.6 84300.3 90801.4 97605.1 91624.4 89537 98245.2 90460.3 98689.1 87105.5 94557.5 89547.8 107028 100920 110426 81476.4 93255.9 91825.6 106743 105492 108298 86954.2 95846.3 115718
#pred cpue bio
 3.69754e+006 3.26554e+006 2.91053e+006 2.58845e+006 2.27036e+006 2.00424e+006 1.77971e+006 1.55294e+006 1.36109e+006 1.18637e+006 1.02487e+006 910327 817412 766697 714081 672038 643616 609504 586865 571565 566588 566299 566784 571741 576665 587874 592678 584989 580904 575286 561339 547047 523501 517140 508114 513063 519699 516525 520990 527167 536867 541005 535827 536734 540905 536082 540411 536589 546987 550091 558595 546758 540758 524685 542058 547188 552393 539617 528119 515434 530929 541075 1.86481e+007 1.168e+007 1.22343e+007 1.29323e+007 1.36943e+007 1.43995e+007 1.49937e+007 1.54666e+007 1.58295e+007 1.61011e+007 1.63015e+007 1.64479e+007 1.65546e+007 1.66322e+007 1.66889e+007 1.67305e+007 1.67611e+007 1.67839e+007 1.68008e+007 1.68135e+007 1.6823e+007 1.68302e+007 1.68357e+007 1.68399e+007 1.68431e+007 1.68455e+007 1.68474e+007 1.68488e+007 1.68499e+007 1.68508e+007 1.68514e+007 1.6852e+007 1.68523e+007 1.68526e+007 1.68529e+007 1.68531e+007 1.68532e+007 1.68533e+007 1.68534e+007 1.68535e+007 1.68535e+007 1.68535e+007 1.68536e+007 1.68536e+007 1.68536e+007 1.68536e+007 1.68536e+007 1.68536e+007 1.68537e+007 1.68537e+007 1.68537e+007 1.68537e+007 1.68537e+007 1.68537e+007 1.68537e+007 1.68537e+007 1.68537e+007 1.68537e+007 1.68537e+007 1.68537e+007 1.68537e+007 1.68537e+007 1.68537e+007 1.68537e+007 1.68537e+007 1.68537e+007 1.68537e+007 1.68537e+007 1.68537e+007 1.68537e+007 1.68537e+007 1.68537e+007 1.68537e+007 1.68537e+007 1.68537e+007 1.68537e+007 1.68537e+007 1.68537e+007 1.68537e+007 1.68537e+007 1.68537e+007 1.68537e+007 1.68537e+007 1.68537e+007 1.68537e+007 1.68537e+007 1.68537e+007 1.68537e+007 1.68537e+007 1.68537e+007 1.68537e+007 1.68537e+007 1.68537e+007 1.68537e+007 1.68537e+007 1.68537e+007 1.68537e+007 1.68537e+007 1.68537e+007 1.68537e+007 0 0 0 0 0 0 0 0 0 0 0 0 0 0 0 0 0 0 0 0 0 0 0 0 0
#obs cpue bio
 3.17401e+006 2.15409e+006 2.5272e+006 2.49568e+006 1.96741e+006 1.17623e+006 1.22558e+006 1.56962e+006 815624 1.25497e+006 923918 684224 948260 861539 493187 747303 482006 505595 549547 516910 428638 416190 498941 612742 596018 558054 893537 494209 667679 668831 599949 599294 624160 534578 367490 642907 698137 514295 442104 557928 427803 684271 608748 474682 479091 545174 480970 595712 489526 651921 564660 546236 457151 635164 554959 610877 586944 708455 658479 581378 729576 591705
#pred surv len freq
 0.00504866 0.00820596 0.0123681 0.0175235 0.0235558 0.03016 0.0368079 0.0428693 0.0478385 0.0514955 0.053896 0.0552525 0.0558192 0.0558271 0.0554535 0.0548107 0.0539527 0.0528844 0.0515457 0.0497632 0.0472138 0.0434854 0.0382803 0.0316779 0.0242644
 0.00555354 0.00894916 0.0133475 0.0187001 0.0248822 0.0316159 0.038413 0.0446528 0.0497802 0.0534755 0.0556948 0.0566108 0.0565285 0.055803 0.0547559 0.0536079 0.0524504 0.0512515 0.0498675 0.048041 0.045411 0.0415954 0.0363725 0.0298909 0.0227491
 0.00579939 0.00939462 0.0140973 0.0198662 0.0265422 0.0337587 0.0409049 0.0472624 0.0522583 0.0556415 0.0574654 0.0579567 0.0574079 0.0561351 0.0544566 0.0526518 0.050906 0.0492628 0.0475987 0.045626 0.042942 0.0391503 0.0340504 0.0278183 0.0210466
 0.00609684 0.00985368 0.0147479 0.020734 0.0276612 0.0351791 0.0426815 0.0494149 0.0547227 0.0582454 0.0599561 0.0600731 0.0589524 0.0570009 0.0546069 0.052088 0.0496592 0.0474067 0.0452573 0.0429603 0.0401259 0.0363559 0.0314435 0.0255495 0.0192269
 0.00645874 0.0104349 0.0156077 0.021919 0.029193 0.0370402 0.0448061 0.0516989 0.0570514 0.0605189 0.0620882 0.0619667 0.0604794 0.0580126 0.0549705 0.0517209 0.0485431 0.0455855 0.0428321 0.0400859 0.0370033 0.0332142 0.0285125 0.0230242 0.0172319
 0.00673719 0.0108916 0.016303 0.0229127 0.0305338 0.0387474 0.0468491 0.0539863 0.0594412 0.0628472 0.0642034 0.063753 0.0618581 0.0589248 0.0553557 0.0515116 0.0476801 0.0440465 0.040657 0.0373906 0.0339779 0.0301028 0.0255745 0.0204838 0.0152304
 0.00695052 0.0112422 0.0168387 0.0236831 0.0315841 0.0401066 0.0485144 0.0559123 0.0615384 0.0649908 0.0662492 0.0655564 0.0632949 0.0599045 0.0558212 0.0514263 0.0470157 0.0427845 0.0388099 0.0350304 0.0312552 0.0272402 0.0228287 0.0180872 0.0133347
 0.00724791 0.0117184 0.0175423 0.0246553 0.0328526 0.041675 0.0503503 0.0579409 0.0636494 0.0670551 0.0681367 0.0671489 0.064494 0.0606372 0.0560419 0.0511139 0.0461657 0.0414043 0.0369251 0.0327052 0.0286149 0.0244775 0.020178 0.0157697 0.0114998
 0.00735874 0.0119315 0.0179238 0.0252869 0.0338119 0.0430056 0.0520333 0.0598873 0.0657182 0.0690868 0.0699833 0.0686908 0.0656443 0.0613392 0.0562643 0.0508445 0.0454064 0.0401692 0.0352453 0.0306427 0.0262801 0.0220357 0.0178312 0.0137123 0.00986645
 0.00753161 0.0122036 0.0183192 0.0258291 0.0345287 0.0439304 0.0531982 0.0613041 0.067355 0.0708531 0.0717354 0.0702612 0.0668811 0.062137 0.0565729 0.0506585 0.044747 0.0390705 0.0337529 0.0288229 0.0242343 0.0199071 0.0157914 0.0119262 0.00844862
 0.00786197 0.012717 0.019047 0.026783 0.0356978 0.0452794 0.0546667 0.0628125 0.0688194 0.0722016 0.0729142 0.0712249 0.0675803 0.062516 0.0565817 0.0502677 0.0439565 0.0379072 0.0322652 0.0270805 0.022333 0.017972 0.0139663 0.0103455 0.00720281
 0.00801966 0.0129842 0.0194684 0.0274043 0.0365528 0.0463711 0.0559507 0.0641963 0.0701827 0.073429 0.0739222 0.071972 0.0680581 0.0627303 0.0565347 0.049952 0.0433605 0.0370277 0.0311199 0.0257154 0.0208259 0.0164287 0.012507 0.00908062 0.00620595
 0.00825843 0.0133444 0.0199599 0.028022 0.0372839 0.0472045 0.0568787 0.0652048 0.0712371 0.0744643 0.07485 0.0727011 0.0685208 0.062898 0.0564157 0.0495746 0.0427542 0.0362157 0.0301234 0.0245668 0.01958 0.0151651 0.0113194 0.00805594 0.00540134
 0.00834555 0.013483 0.0201619 0.0282945 0.0376254 0.0476021 0.0573089 0.0656411 0.0716624 0.0748799 0.0752698 0.0731333 0.0689488 0.0632767 0.0566857 0.0496831 0.0426693 0.035928 0.0296428 0.0239197 0.0188115 0.0143396 0.0105135 0.00734246 0.00483112
 0.00836951 0.0135426 0.0202892 0.0285306 0.0380085 0.0481486 0.0579974 0.0664093 0.0724214 0.0755407 0.0757685 0.0734457 0.0690876 0.063275 0.0565752 0.0494797 0.0423716 0.0355274 0.0291351 0.023315 0.018138 0.0136425 0.00984812 0.00676169 0.0043712
 0.00845275 0.0136577 0.0204271 0.0286748 0.0381468 0.0482862 0.0581632 0.0666457 0.0727599 0.0759775 0.0762566 0.07391 0.0694545 0.0634981 0.0566445 0.0494112 0.04219 0.0352521 0.0287779 0.0228866 0.0176569 0.0131395 0.00936356 0.00633545 0.00403162
 0.00832888 0.0134907 0.020238 0.0285016 0.0380301 0.0482502 0.0582041 0.066739 0.0728824 0.0761268 0.076452 0.0741726 0.0697829 0.0638589 0.0569836 0.0496767 0.0423491 0.0352943 0.0287092 0.0227219 0.0174178 0.0128547 0.00906711 0.0060614 0.00380582
 0.0083795 0.0135499 0.0202864 0.0285125 0.0379831 0.048149 0.0580848 0.0666586 0.0728906 0.0762392 0.0766446 0.0744006 0.0700068 0.0640582 0.0571513 0.0498066 0.0424292 0.0353107 0.0286536 0.0225966 0.0172362 0.0126386 0.00884286 0.0058547 0.00363579
 0.00857375 0.0138233 0.0206182 0.0288534 0.0382654 0.048306 0.0580716 0.0664676 0.0725577 0.0758382 0.0762666 0.0741241 0.0698718 0.0640595 0.0572514 0.0499567 0.0425851 0.0354385 0.0287307 0.0226123 0.017192 0.0125474 0.0087255 0.00573367 0.00352949
 0.00876212 0.0141137 0.0210233 0.0293681 0.0388609 0.0489246 0.0586276 0.0668602 0.0726999 0.0756911 0.07586 0.0735495 0.0692506 0.0635017 0.056825 0.0496784 0.0424308 0.0353644 0.0286919 0.0225749 0.0171374 0.0124721 0.00863668 0.00564404 0.00345106
 0.00882559 0.0142176 0.0211808 0.0295913 0.0391568 0.0492897 0.0590403 0.0672778 0.0730615 0.0759294 0.0759205 0.07341 0.0689337 0.0630715 0.0563669 0.0492705 0.0421205 0.0351605 0.0285734 0.0225077 0.0170904 0.0124258 0.00858515 0.00559047 0.00340217
 0.00872357 0.0140772 0.0210172 0.0294353 0.0390482 0.0492645 0.0591198 0.0674627 0.0733324 0.0762494 0.07624 0.0736744 0.0690963 0.0631081 0.0562856 0.0491092 0.0419318 0.0349915 0.02845 0.0224317 0.0170478 0.0123989 0.0085614 0.00556553 0.00337748
 0.00858734 0.0138676 0.0207252 0.0290649 0.0386199 0.0488184 0.058715 0.0671684 0.0732095 0.0763289 0.0765094 0.0740812 0.0695646 0.0635603 0.056662 0.0493797 0.0420983 0.0350792 0.0284926 0.0224566 0.0170688 0.0124179 0.00857528 0.00557184 0.003377
 0.00849201 0.0137068 0.0204735 0.0286972 0.0381203 0.0481928 0.058003 0.0664453 0.0725743 0.075881 0.0763227 0.0741847 0.0699347 0.0641277 0.0573312 0.0500549 0.0427058 0.0355791 0.0288775 0.0227405 0.017273 0.0125619 0.00867311 0.00563414 0.003413
 0.00844667 0.0136291 0.0203484 0.0285067 0.0378452 0.0478178 0.0575237 0.0658768 0.0719565 0.0752792 0.0758195 0.0738628 0.0698543 0.0643074 0.0577403 0.0506222 0.0433409 0.0361975 0.0294191 0.0231764 0.0176007 0.0127944 0.00882945 0.00573328 0.00347156
 0.00823109 0.0133091 0.0199232 0.0279944 0.0372761 0.0472237 0.0569309 0.0653057 0.0714265 0.0748146 0.0754529 0.0736342 0.0698053 0.0644698 0.0581221 0.0511978 0.0440511 0.0369621 0.0301568 0.0238238 0.0181226 0.0131838 0.00909946 0.00590742 0.00357569
 0.00802721 0.012992 0.0194742 0.0274096 0.0365714 0.0464388 0.05613 0.0645689 0.0708303 0.0744086 0.075249 0.0736143 0.0699419 0.0647432 0.0585249 0.0517252 0.0446868 0.037669 0.0308793 0.0245009 0.0187042 0.0136419 0.00943082 0.00612756 0.00370992
 0.00792243 0.0128259 0.0192321 0.0270811 0.0361527 0.0459365 0.0555659 0.0639825 0.0702752 0.0739422 0.0749189 0.0734475 0.0699399 0.0648884 0.0587921 0.0520922 0.0451363 0.0381823 0.0314284 0.0250466 0.0192035 0.0140598 0.00974956 0.00634869 0.00384927
 0.00784766 0.0126966 0.0190238 0.0267671 0.0357116 0.0453631 0.0548814 0.0632369 0.0695392 0.0732926 0.0744237 0.0731553 0.069874 0.0650444 0.0591411 0.0525897 0.0457332 0.0388323 0.0320902 0.0256819 0.0197765 0.0145412 0.0101227 0.00661347 0.00402018
 0.00766271 0.012425 0.0186679 0.0263453 0.0352489 0.0448791 0.0543833 0.0627241 0.0690165 0.0727827 0.0739707 0.0728155 0.0697001 0.0650701 0.0593726 0.0530053 0.0462903 0.0394774 0.0327681 0.0263419 0.0203759 0.0150484 0.0105202 0.00689978 0.00420835
 0.00764951 0.0123814 0.0185631 0.0261413 0.0349157 0.0444141 0.0538237 0.0621398 0.0684827 0.0723502 0.0736533 0.0726021 0.0695784 0.0650424 0.0594554 0.0532155 0.0466299 0.0399273 0.0332901 0.0268878 0.0208975 0.0155062 0.0108892 0.00717198 0.00439114
 0.00830494 0.0133028 0.0196814 0.0272983 0.0359035 0.0450428 0.0539814 0.0618166 0.0677589 0.0713639 0.0725614 0.0715443 0.0686514 0.0642944 0.058898 0.0528432 0.0464327 0.0398908 0.0333906 0.0270891 0.0211547 0.0157736 0.01113 0.0073638 0.00452747
 0.00908039 0.0145224 0.0214308 0.0296035 0.0386962 0.0481242 0.0570086 0.0643491 0.0693769 0.0718094 0.0718242 0.0698432 0.0663343 0.0617199 0.056354 0.050519 0.0444298 0.0382495 0.0321119 0.0261479 0.0205063 0.0153605 0.0108897 0.00723831 0.00446996
 0.00897118 0.0144577 0.0215418 0.0300817 0.0397418 0.0498628 0.0594101 0.0671938 0.0722865 0.074333 0.0735506 0.0705076 0.0658861 0.0603224 0.0543167 0.0481943 0.0421223 0.0361691 0.0303708 0.0247813 0.0194982 0.0146637 0.0104411 0.00697127 0.00432402
 0.00868567 0.0140363 0.0209948 0.0294667 0.0391747 0.0495178 0.0595 0.0679166 0.0737402 0.0764344 0.0760098 0.0728913 0.0677487 0.0613474 0.0544026 0.0474563 0.0408224 0.0346141 0.0288267 0.0234273 0.018421 0.0138765 0.00991068 0.00664195 0.00413636
 0.00854391 0.0137798 0.0205635 0.0287973 0.0382274 0.0483162 0.0581656 0.0666733 0.0728735 0.0762114 0.0765869 0.0742434 0.0696518 0.0634324 0.0562683 0.0487962 0.0415079 0.0347016 0.0284961 0.0228941 0.0178645 0.0134062 0.00956799 0.00642127 0.00400952
 0.0085844 0.0138225 0.0205827 0.028748 0.0380493 0.0479455 0.0575555 0.0658205 0.071846 0.0751624 0.0757373 0.0738238 0.0698186 0.0641947 0.0574672 0.0501541 0.0427294 0.0355759 0.0289528 0.0229925 0.0177356 0.0131859 0.00935282 0.00625769 0.00390511
 0.00871357 0.0140277 0.0208802 0.0291439 0.0385306 0.0484693 0.0580429 0.0661635 0.071934 0.0749237 0.0751782 0.0730463 0.0690022 0.0635412 0.0571263 0.0501633 0.0430015 0.0359457 0.0292557 0.0231316 0.017703 0.0130381 0.0091657 0.00608938 0.00378253
 0.00877486 0.0141206 0.021008 0.0293066 0.0387262 0.0486956 0.0582943 0.0664249 0.0721726 0.0750871 0.0752053 0.0728921 0.0686668 0.0630865 0.0566633 0.0498106 0.0428331 0.0359587 0.0293787 0.0232682 0.017781 0.0130352 0.0091024 0.00600315 0.00370425
 0.00880965 0.0141769 0.021092 0.029423 0.0388768 0.0488767 0.058496 0.0666319 0.0723673 0.0752516 0.0753203 0.0729343 0.0686123 0.0629223 0.0564034 0.0495025 0.0425446 0.0357481 0.0292678 0.0232361 0.0177832 0.0130317 0.00907596 0.00595881 0.00365665
 0.00854039 0.0137991 0.0206346 0.0289506 0.0384718 0.0486106 0.0584057 0.0667132 0.0725863 0.0755616 0.0756748 0.0732928 0.06894 0.0631902 0.0565915 0.0496064 0.0425801 0.0357473 0.0292648 0.0232506 0.0178144 0.013065 0.00909713 0.0059629 0.00364812
 0.00846392 0.0136535 0.0203797 0.0285462 0.0378994 0.0479013 0.0576553 0.0660655 0.0721832 0.0754855 0.075919 0.0737743 0.0695421 0.0638049 0.0571433 0.0500558 0.0429178 0.0359856 0.0294282 0.0233659 0.0179008 0.0131313 0.00914461 0.00599177 0.00366137
 0.00865112 0.013923 0.0207184 0.0289139 0.0382329 0.0481269 0.0577068 0.0659059 0.0718254 0.0750012 0.0754214 0.0733773 0.0693159 0.0637537 0.0572174 0.0501846 0.0430414 0.0360709 0.029469 0.0233728 0.0178901 0.0131159 0.00913076 0.00598084 0.00365269
 0.00870136 0.0140155 0.0208759 0.0291589 0.0385757 0.0485494 0.0581515 0.0662824 0.0720363 0.0749799 0.075162 0.072941 0.0688091 0.0632886 0.0568722 0.049983 0.042959 0.0360596 0.0294833 0.0233849 0.0178907 0.0131074 0.00911882 0.00596958 0.00364381
 0.00864219 0.0139323 0.020776 0.0290603 0.0385058 0.04854 0.0582303 0.066461 0.0722984 0.075276 0.0754192 0.0730886 0.0688097 0.0631554 0.056662 0.049768 0.0427946 0.0359672 0.0294524 0.0233899 0.0179075 0.0131218 0.00912654 0.00597182 0.00364315
 0.00872235 0.0140484 0.0209247 0.0292307 0.0386842 0.048717 0.0584058 0.0666428 0.072495 0.0754863 0.0756243 0.0732512 0.0688837 0.0631046 0.0564781 0.0494788 0.0424544 0.035635 0.0291711 0.0231765 0.0177577 0.0130213 0.00906056 0.00592915 0.0036164
 0.00873261 0.014064 0.0209458 0.0292553 0.038708 0.0487326 0.0584051 0.0666211 0.0724573 0.0754499 0.0756146 0.0732891 0.0689721 0.063222 0.0565867 0.0495421 0.0424546 0.0355792 0.0290842 0.0230866 0.0176837 0.0129695 0.00902814 0.00591021 0.00360564
 0.00876598 0.0141249 0.0210492 0.0294179 0.038942 0.0490376 0.0587602 0.0669853 0.0727782 0.0756789 0.0757222 0.0732728 0.0688538 0.0630366 0.0563669 0.0493084 0.0422147 0.0353362 0.0288452 0.0228645 0.0174932 0.0128201 0.0089213 0.00584026 0.0035635
 0.00859896 0.0138742 0.0207118 0.0290075 0.0384889 0.0485858 0.0583627 0.0666966 0.0726422 0.0757148 0.0759172 0.0735865 0.0692326 0.0634306 0.0567397 0.0496383 0.0424908 0.0355534 0.0290032 0.0229687 0.0175544 0.0128519 0.0089361 0.0058468 0.00356652
 0.00861522 0.0138813 0.0206873 0.0289211 0.0383126 0.0483098 0.0580081 0.0663148 0.0723006 0.0754754 0.0758181 0.0736342 0.0694051 0.0636872 0.057034 0.0499298 0.042751 0.0357672 0.0291656 0.0230822 0.0176264 0.0128925 0.00895604 0.00585508 0.00356933
 0.00858429 0.013835 0.020624 0.0288383 0.0382039 0.0481616 0.0578019 0.0660365 0.0719553 0.0750978 0.0754699 0.0733859 0.0693099 0.0637623 0.0572579 0.0502532 0.043116 0.036123 0.0294774 0.0233328 0.0178127 0.0130211 0.00903858 0.00590431 0.00359663
 0.00873438 0.0140684 0.0209548 0.0292708 0.0387298 0.0487559 0.0584183 0.0666068 0.0723971 0.0753336 0.0754505 0.0731093 0.0688269 0.063162 0.0566393 0.0496962 0.0426639 0.0357826 0.0292323 0.0231581 0.0176866 0.0129288 0.00897129 0.00585703 0.00356546
 0.00872958 0.0140769 0.0209975 0.0293769 0.0389283 0.0490635 0.0588279 0.0670842 0.0728868 0.0757704 0.0757713 0.0732642 0.0687899 0.0629397 0.056273 0.0492519 0.0422124 0.0353798 0.0289075 0.0229155 0.0175144 0.0128102 0.00889135 0.00580447 0.00353235
 0.00880068 0.0141904 0.0211652 0.0296099 0.0392372 0.0494566 0.059306 0.067634 0.0734745 0.0763402 0.0762523 0.0735852 0.0688967 0.0628102 0.055923 0.0487318 0.0415957 0.0347454 0.0283224 0.0224228 0.0171306 0.0125309 0.00870003 0.00568098 0.00345746
 0.00853047 0.0137743 0.0205834 0.0288636 0.0383522 0.048487 0.0583377 0.0667807 0.0728602 0.0760693 0.0763789 0.0740936 0.0697027 0.0637825 0.056918 0.0496294 0.0423234 0.0352836 0.028692 0.0226645 0.0172862 0.012632 0.0087665 0.005724 0.00348392
 0.00856859 0.0138039 0.0205689 0.0287529 0.0380926 0.0480482 0.0577323 0.0660691 0.0721371 0.0754407 0.0759392 0.0739088 0.0697985 0.0641374 0.0574658 0.0502743 0.042965 0.035843 0.0291275 0.0229719 0.0174863 0.0127548 0.00883926 0.00576625 0.00350792
 0.00869582 0.0139912 0.0208123 0.0290301 0.0383616 0.04825 0.0577995 0.0659414 0.0717858 0.0748892 0.0752677 0.0732359 0.0692457 0.0637943 0.0573683 0.0504015 0.0432526 0.0362067 0.0294889 0.0232772 0.017713 0.0129059 0.00893126 0.00581834 0.00353574
 0.00896934 0.0144201 0.0214263 0.0298414 0.039356 0.0493768 0.0589623 0.0670015 0.0725847 0.0752887 0.0751905 0.0726909 0.0683286 0.0626621 0.0561964 0.0493386 0.0423895 0.0355685 0.0290497 0.0229863 0.0175194 0.0127723 0.00883644 0.00575188 0.00349173
 0.00912544 0.0146792 0.0218257 0.0304175 0.0401343 0.0503568 0.0601016 0.0682095 0.0737319 0.0762289 0.0757893 0.0728534 0.0680226 0.0619301 0.0551508 0.048135 0.0411875 0.0344941 0.028173 0.0223222 0.0170443 0.0124465 0.00862015 0.00561319 0.00340685
 0.00933682 0.0150027 0.0222759 0.0309967 0.0408361 0.0511694 0.0610067 0.0691755 0.0747058 0.0771327 0.0765253 0.0733197 0.0681354 0.0616477 0.0544898 0.0471733 0.040049 0.0333195 0.0270867 0.0214071 0.0163341 0.0119336 0.00827314 0.00539239 0.00327488
 0.00942959 0.0151268 0.0224138 0.0311168 0.0409038 0.0511644 0.0609377 0.0690839 0.0746555 0.0771892 0.0767308 0.0736722 0.0685807 0.0620907 0.0548235 0.0473156 0.0399703 0.0330494 0.0266975 0.0209842 0.0159482 0.0116252 0.00805234 0.00524869 0.00318906
 0.00929986 0.014973 0.0222854 0.0310891 0.0410497 0.0515146 0.0614532 0.069663 0.0751762 0.0775628 0.076934 0.0737421 0.0685808 0.0620713 0.0547977 0.0472597 0.0398456 0.0328301 0.026389 0.0206232 0.0155861 0.0113078 0.00780597 0.00507765 0.00308212
#obs surv len freq
 0.0049782 0.00815327 0.0123998 0.0177306 0.0240189 0.0308985 0.037743 0.0438282 0.0486024 0.0518642 0.0537326 0.0544948 0.0544733 0.0539673 0.0532378 0.0524974 0.0518894 0.0514471 0.0510313 0.0502731 0.0485908 0.0453545 0.0401873 0.0332581 0.0253481
 0.00518421 0.00849214 0.0129172 0.0184717 0.0250198 0.0321724 0.0392665 0.0455362 0.0503975 0.0536342 0.0553668 0.0558923 0.0555446 0.054636 0.0534437 0.0522013 0.0510801 0.0501474 0.0493036 0.0482214 0.0463588 0.0431136 0.0381135 0.0314979 0.0239871
 0.0054122 0.00886543 0.0134841 0.0192794 0.0261058 0.033551 0.040914 0.047385 0.0523447 0.0555599 0.0571528 0.0574328 0.0567503 0.0554325 0.0537696 0.0520085 0.0503375 0.0488517 0.0474927 0.0459882 0.043856 0.0405431 0.0356944 0.0294204 0.0223679
 0.00565445 0.00926093 0.0140826 0.0201285 0.0272425 0.0349878 0.0426247 0.0492987 0.0543557 0.0575474 0.058999 0.0590335 0.0580174 0.0562934 0.0541642 0.051887 0.0496612 0.0476014 0.0456852 0.0436974 0.0412275 0.0377894 0.0330614 0.0271312 0.0205675
 0.00588059 0.00963407 0.0146544 0.0209508 0.028357 0.0364106 0.0443298 0.051213 0.0563698 0.0595373 0.0608464 0.0606363 0.0592923 0.057173 0.0545932 0.0518179 0.0490541 0.0464293 0.0439506 0.0414562 0.0386105 0.0350038 0.0303607 0.0247562 0.0186823
 0.00612483 0.0100314 0.0152533 0.0217969 0.0294858 0.0378342 0.046023 0.0531069 0.0583599 0.0615019 0.0626654 0.0622048 0.0605258 0.0580078 0.054982 0.0517237 0.048445 0.0452817 0.0422625 0.0392718 0.0360451 0.0322517 0.0276698 0.0223703 0.0167745
 0.00637538 0.0104428 0.0158794 0.0226898 0.0306841 0.0393462 0.0478103 0.0550806 0.0603953 0.0634647 0.0644351 0.0636853 0.0616461 0.0587178 0.0552473 0.0515196 0.0477523 0.0440865 0.0405674 0.0371172 0.0335345 0.0295635 0.0250371 0.020028 0.0148939
 0.00659801 0.0108107 0.0164445 0.0235042 0.0317902 0.04076 0.0495044 0.0569771 0.062376 0.0653936 0.0661817 0.0651406 0.0627304 0.0593805 0.0554614 0.0512731 0.0470399 0.0429075 0.0389329 0.0350688 0.0311675 0.027039 0.022567 0.0178278 0.0131232
 0.00681746 0.0111696 0.0169885 0.0242778 0.032828 0.0420742 0.0510701 0.058727 0.0642078 0.0671874 0.0678184 0.0665151 0.063759 0.060005 0.0556487 0.0510111 0.0463306 0.0417617 0.0373733 0.0331431 0.028967 0.0247098 0.020298 0.0158109 0.0115006
 0.0070562 0.0115587 0.0175755 0.0251064 0.0339288 0.0434496 0.0526804 0.0604871 0.0660005 0.0688875 0.0693142 0.0677189 0.0646087 0.0604609 0.0556903 0.0506333 0.0455405 0.0405768 0.035824 0.0312825 0.0268845 0.0225394 0.0182067 0.0139656 0.0100229
 0.00727047 0.0119121 0.0181167 0.0258825 0.0349753 0.0447735 0.0542442 0.062204 0.0677479 0.0705322 0.0707366 0.0688281 0.0653464 0.060799 0.0556239 0.0501729 0.0447057 0.0393936 0.0343284 0.0295294 0.0249592 0.0205624 0.016324 0.0123189 0.00871253
 0.00742997 0.0121754 0.0185206 0.0264646 0.035767 0.0457892 0.0554689 0.0635865 0.069205 0.071962 0.0720334 0.0698964 0.0661109 0.0612108 0.055662 0.0498399 0.0440205 0.0383865 0.0330401 0.0280162 0.0233016 0.0188681 0.0147185 0.0109211 0.00760471
 0.00750762 0.0123052 0.0187231 0.0267627 0.0361835 0.0463412 0.0561618 0.0644095 0.0701302 0.0729458 0.0730192 0.0708172 0.066895 0.0617893 0.0559782 0.0498565 0.0437232 0.0377832 0.0321599 0.0269097 0.0220428 0.0175537 0.0134582 0.00981688 0.0067265
 0.00757045 0.012401 0.0188559 0.0269339 0.0363937 0.0465938 0.0564642 0.0647718 0.0705616 0.0734491 0.0735862 0.0714249 0.0675039 0.0623458 0.0564203 0.0501233 0.0437653 0.0375722 0.0316941 0.0262174 0.0211821 0.0166079 0.0125232 0.00898248 0.00605546
 0.007684 0.0125734 0.0190922 0.0272298 0.0367359 0.046962 0.0568339 0.0651184 0.070867 0.0737087 0.0738103 0.0716326 0.0677115 0.0625555 0.0566135 0.0502629 0.0438035 0.0374638 0.0314099 0.0257555 0.0205729 0.0159112 0.0118163 0.00834102 0.00553422
 0.0077248 0.0126414 0.0191972 0.0273805 0.0369368 0.0472087 0.0571098 0.0653966 0.0711178 0.0739105 0.0739568 0.0717341 0.067789 0.0626303 0.0566965 0.050347 0.0438628 0.0374595 0.0313036 0.0255236 0.0202186 0.0154678 0.0113387 0.00788994 0.00515764
 0.0077773 0.012722 0.01931 0.0275266 0.0371149 0.0474158 0.0573401 0.0656402 0.0713589 0.0741282 0.07413 0.0718476 0.0678394 0.0626276 0.0566596 0.0502937 0.0438002 0.0373791 0.0311842 0.025343 0.0199667 0.0151556 0.0109979 0.00756207 0.00487928
 0.00781884 0.0127839 0.0193927 0.0276268 0.0372266 0.0475322 0.0574555 0.0657508 0.0714634 0.0742268 0.0742227 0.0719316 0.0679086 0.0626747 0.0566801 0.0502882 0.0437721 0.0373297 0.0311087 0.0252313 0.019811 0.0149584 0.010776 0.00734198 0.00468726
 0.00785273 0.0128363 0.019466 0.027721 0.0373384 0.0476544 0.0575776 0.0658604 0.0715497 0.0742847 0.0742542 0.0719445 0.0679118 0.0626734 0.0566747 0.0502753 0.0437475 0.0372894 0.0310489 0.0251477 0.0197003 0.0148224 0.0106243 0.00719067 0.00455369
 0.00786086 0.0128464 0.0194757 0.0277263 0.0373355 0.047642 0.0575578 0.0658387 0.0715331 0.0742787 0.0742621 0.0719671 0.0679485 0.0627229 0.0567339 0.0503388 0.0438076 0.0373375 0.0310766 0.0251486 0.0196714 0.0147654 0.0105467 0.00710482 0.00447285
 0.00787524 0.0128632 0.019489 0.0277265 0.037312 0.0475874 0.0574721 0.0657303 0.0714173 0.074174 0.0741854 0.0719303 0.0679561 0.0627722 0.0568164 0.0504429 0.0439202 0.0374456 0.0311685 0.0252151 0.0197069 0.0147697 0.0105254 0.0070675 0.00443076
 0.00791833 0.0129274 0.0195742 0.0278276 0.037419 0.0476858 0.057545 0.0657616 0.0713963 0.0741004 0.0740711 0.0717968 0.0678279 0.0626696 0.056751 0.0504164 0.0439264 0.0374733 0.0312047 0.0252477 0.019727 0.0147729 0.0105126 0.00704384 0.00440324
 0.00787382 0.0128642 0.019496 0.0277434 0.0373401 0.0476217 0.0574993 0.0657315 0.0713751 0.0740808 0.0740489 0.0717728 0.0678081 0.0626632 0.0567672 0.0504607 0.0439979 0.0375648 0.0313046 0.0253429 0.0198064 0.0148299 0.0105459 0.00705732 0.00440354
 0.00788305 0.0128676 0.0194803 0.0276912 0.0372366 0.0474644 0.0573044 0.0655315 0.0712065 0.0739701 0.0740036 0.0717835 0.0678569 0.062734 0.0568507 0.0505539 0.0441012 0.0376772 0.0314214 0.0254558 0.019906 0.0149088 0.0106011 0.00709044 0.00441967
 0.00788624 0.0128707 0.0194806 0.0276829 0.0372106 0.0474083 0.057206 0.065384 0.0710161 0.0737593 0.0738075 0.0716377 0.067785 0.0627398 0.0569211 0.0506684 0.0442401 0.0378259 0.0315696 0.0255953 0.0200292 0.0150095 0.0106761 0.00714057 0.00444923
 0.00786616 0.0128408 0.0194405 0.027634 0.0371549 0.0473473 0.0571393 0.0653089 0.0709283 0.0736557 0.0736908 0.0715193 0.0676843 0.0626785 0.0569149 0.0507203 0.0443407 0.0379583 0.0317156 0.0257392 0.0201594 0.0151183 0.0107596 0.00719886 0.00448589
 0.00785535 0.0128205 0.019405 0.0275773 0.0370724 0.0472396 0.0570139 0.0651795 0.07081 0.0735593 0.0736194 0.07147 0.0676529 0.062665 0.0569246 0.0507608 0.0444166 0.0380668 0.0318465 0.0258781 0.0202918 0.0152329 0.01085 0.00726384 0.00452817
 0.00782143 0.0127647 0.0193201 0.0274563 0.0369106 0.0470375 0.05678 0.0649315 0.070573 0.0733606 0.0734819 0.0714067 0.0676648 0.0627422 0.0570515 0.0509223 0.044601 0.0382655 0.0320509 0.0260779 0.0204754 0.0153898 0.0109738 0.00735335 0.00458715
 0.00778084 0.0126977 0.0192177 0.0273097 0.036714 0.046791 0.0564934 0.0646249 0.0702738 0.0730987 0.0732842 0.0712932 0.0676458 0.0628168 0.057208 0.051141 0.0448591 0.0385413 0.0323261 0.0263377 0.0207076 0.0155852 0.0111271 0.00746443 0.00466084
 0.00776032 0.0126627 0.0191619 0.0272259 0.0365954 0.0466334 0.0562974 0.064398 0.0700301 0.0728575 0.0730677 0.0711236 0.0675422 0.0627918 0.0572655 0.0512749 0.0450542 0.0387767 0.0325793 0.0265874 0.0209364 0.0157806 0.0112821 0.00757799 0.00473705
 0.00774093 0.0126286 0.0191057 0.0271393 0.0364711 0.046468 0.0560946 0.0641689 0.0697916 0.0726284 0.0728659 0.0709651 0.0674402 0.0627565 0.0573026 0.0513841 0.0452279 0.0389998 0.0328311 0.0268453 0.021179 0.0159912 0.0114509 0.0077024 0.00482098
 0.00932832 0.0148524 0.0217931 0.029909 0.0388435 0.0480421 0.0566875 0.0638435 0.068776 0.071199 0.0712604 0.06935 0.0659173 0.0613825 0.0561065 0.0503779 0.0444122 0.0383659 0.0323619 0.0265169 0.0209637 0.0158603 0.0113783 0.00766635 0.00480554
 0.00932167 0.015134 0.0227323 0.031963 0.0423584 0.0529843 0.0624731 0.0694323 0.07304 0.073365 0.0711647 0.0673815 0.062747 0.0576756 0.0523578 0.0468839 0.0413183 0.035727 0.0301843 0.0247808 0.0196323 0.0148845 0.0107 0.00722294 0.00453529
 0.00896103 0.0145703 0.0219477 0.0310126 0.0414223 0.0524014 0.0626996 0.0708794 0.0758288 0.0771447 0.0751555 0.0706699 0.0646638 0.0580273 0.051398 0.0451006 0.0392038 0.0336432 0.028338 0.0232587 0.0184479 0.0140118 0.0100928 0.00682656 0.00429435
 0.00879043 0.0142792 0.0214853 0.030327 0.0404815 0.0512285 0.0614167 0.0697344 0.0751712 0.0773277 0.0763783 0.072833 0.06734 0.0606006 0.0533104 0.0460639 0.0392556 0.0330478 0.0274249 0.0222985 0.0176045 0.0133529 0.00962294 0.0065177 0.00410695
 0.00872282 0.0141625 0.0212958 0.0300354 0.0400557 0.0506413 0.0606595 0.0688358 0.0742185 0.0764804 0.0758565 0.0728604 0.0680462 0.0619275 0.0549908 0.0477089 0.0405127 0.0337357 0.0275687 0.0220646 0.0171959 0.0129298 0.00927397 0.00626987 0.00395061
 0.00869458 0.0141139 0.0212171 0.0299145 0.0398783 0.0503926 0.0603266 0.068411 0.0737052 0.0759031 0.0752753 0.0723796 0.0678028 0.0620478 0.0555255 0.0485829 0.0415325 0.034663 0.0282209 0.0223798 0.0172286 0.0127952 0.00908432 0.00609835 0.00382674
 0.00868413 0.0140968 0.021191 0.0298764 0.0398237 0.0503156 0.0602192 0.0682636 0.0735078 0.0756487 0.0749661 0.0720365 0.0674744 0.0618101 0.0554641 0.0487559 0.041932 0.0352027 0.0287661 0.0228065 0.0174744 0.0128712 0.00904882 0.00601742 0.00374691
 0.00869699 0.0141151 0.0212137 0.0299005 0.0398449 0.0503289 0.0602192 0.0682443 0.0734618 0.0755678 0.0748422 0.071866 0.0672644 0.0615853 0.0552688 0.048645 0.0419496 0.0353569 0.0290176 0.0230825 0.0177021 0.0130095 0.0090983 0.00600712 0.00371164
 0.00869458 0.0141146 0.021219 0.0299166 0.0398764 0.0503763 0.0602772 0.068302 0.0735057 0.075585 0.0748235 0.0718063 0.0671631 0.0614488 0.0551132 0.0484982 0.0418462 0.0353256 0.0290662 0.0231908 0.0178304 0.0131177 0.00916424 0.00603079 0.00370759
 0.00865437 0.0140543 0.021138 0.0298186 0.0397692 0.0502714 0.0601881 0.0682418 0.0734832 0.0756014 0.0748704 0.0718683 0.0672228 0.0614918 0.0551329 0.048498 0.0418397 0.0353319 0.0291014 0.0232587 0.0179196 0.0132075 0.00923535 0.00607456 0.00372677
 0.00865044 0.0140446 0.0211176 0.0297814 0.0397104 0.0501906 0.0600919 0.0681439 0.0734005 0.0755485 0.0748551 0.0718894 0.0672706 0.0615518 0.0551905 0.0485432 0.0418705 0.0353544 0.029126 0.0232942 0.0179677 0.0132616 0.00928497 0.00611148 0.00374862
 0.00865393 0.0140484 0.0211194 0.0297776 0.039696 0.0501605 0.0600425 0.0680746 0.0733159 0.075459 0.074775 0.0718331 0.0672477 0.0615637 0.05523 0.0485981 0.0419286 0.0354081 0.0291739 0.0233389 0.0180119 0.0133052 0.00932471 0.00614317 0.0037701
 0.00864881 0.0140425 0.0211149 0.0297776 0.039703 0.0501744 0.0600593 0.0680868 0.0733147 0.075438 0.0747337 0.0717776 0.0671894 0.0615151 0.0552006 0.0485912 0.041941 0.0354331 0.0292046 0.023371 0.0180435 0.0133353 0.0093519 0.00616556 0.00378636
 0.0086602 0.0140598 0.0211387 0.0298079 0.0397393 0.0502163 0.0601056 0.068135 0.0733601 0.075473 0.0747497 0.0717678 0.0671521 0.0614556 0.0551297 0.0485216 0.041883 0.0353919 0.0291802 0.0233604 0.0180426 0.0133406 0.0093603 0.00617456 0.00379409
 0.00862934 0.0140161 0.021085 0.0297508 0.0396876 0.0501777 0.0600849 0.0681332 0.0733756 0.075503 0.0747901 0.0718129 0.0671948 0.0614892 0.0551502 0.0485293 0.0418826 0.0353894 0.0291807 0.0233662 0.0180533 0.013354 0.00937404 0.00618668 0.00380348
 0.00862934 0.0140161 0.021085 0.0297508 0.0396876 0.0501777 0.0600849 0.0681332 0.0733756 0.075503 0.0747901 0.0718129 0.0671948 0.0614892 0.0551502 0.0485293 0.0418826 0.0353894 0.0291807 0.0233662 0.0180533 0.013354 0.00937404 0.00618668 0.00380348
 0.00870303 0.0141274 0.0212365 0.0299392 0.0399044 0.0504105 0.0603185 0.0683495 0.0735547 0.0756259 0.0748426 0.0717895 0.0670996 0.0613346 0.054954 0.0483108 0.0416602 0.035179 0.0289947 0.0232122 0.0179342 0.0132682 0.00931655 0.0061511 0.00378324
 0.00861293 0.0139941 0.0210606 0.0297304 0.0396795 0.0501899 0.060123 0.0681991 0.073467 0.0756132 0.074908 0.071924 0.0672836 0.0615419 0.0551584 0.0484927 0.0418086 0.0352921 0.0290768 0.0232704 0.0179756 0.0132982 0.00933864 0.0061671 0.00379428
 0.0086095 0.0139778 0.0210172 0.0296419 0.0395311 0.0499799 0.0598696 0.0679387 0.0732429 0.0754612 0.0748467 0.0719537 0.0673907 0.0617052 0.0553533 0.048695 0.0419979 0.0354545 0.0292061 0.0233673 0.018045 0.0133464 0.00937139 0.00618879 0.00380813
 0.00861962 0.013994 0.02104 0.0296694 0.039557 0.0499914 0.0598489 0.0678687 0.0731171 0.0752908 0.0746611 0.0717907 0.0672829 0.0616689 0.0553866 0.0487815 0.0421148 0.0355793 0.0293213 0.0234629 0.0181176 0.0133978 0.00940575 0.00621069 0.00382145
 0.00874726 0.0141956 0.0213316 0.0300593 0.0400411 0.0505474 0.0604311 0.0684098 0.0735399 0.0755287 0.0746773 0.071589 0.0669054 0.061183 0.054865 0.0482843 0.0416794 0.0352203 0.029037 0.0232433 0.0179516 0.0132755 0.00931915 0.00615271 0.00378532
 0.00873369 0.0141896 0.0213522 0.0301341 0.040199 0.050807 0.06079 0.0688401 0.073993 0.0759447 0.0749969 0.0717652 0.0669136 0.0610275 0.0545783 0.0479182 0.0412901 0.0348542 0.0287228 0.0229919 0.0177609 0.0131373 0.00922341 0.00608975 0.00374648
 0.00882502 0.0143288 0.0215452 0.0303816 0.0404988 0.0511561 0.061184 0.0692697 0.0744373 0.076369 0.0753546 0.0720062 0.0669966 0.0609315 0.0543096 0.0475102 0.0407957 0.0343332 0.0282288 0.0225628 0.0174155 0.0128776 0.00904053 0.00596923 0.00367248
 0.0086111 0.0140023 0.0210943 0.0298125 0.0398372 0.0504478 0.0604953 0.0686832 0.0740401 0.0762312 0.0755081 0.0724326 0.0676291 0.0616708 0.0550495 0.048163 0.0413098 0.0346968 0.0284611 0.022698 0.0174888 0.0129162 0.00906124 0.00598089 0.00367922
 0.00869013 0.0140969 0.0211747 0.0298314 0.0397441 0.0502116 0.060122 0.0682191 0.0735579 0.0758091 0.075212 0.0723053 0.067685 0.0618935 0.0553935 0.0485632 0.0416984 0.0350211 0.0286951 0.0228429 0.0175638 0.0129465 0.00906835 0.00597903 0.00367555
 0.00870101 0.0141295 0.0212487 0.0299678 0.0399515 0.0504697 0.0603738 0.0683838 0.0735631 0.0756269 0.0748749 0.0718944 0.0672968 0.0616068 0.0552481 0.0485567 0.0417948 0.0351684 0.0288437 0.0229597 0.0176369 0.0129809 0.00907731 0.00597571 0.00366892
 0.00894177 0.0145066 0.0217892 0.0306854 0.0408419 0.0515032 0.0614861 0.069471 0.0744916 0.0762579 0.0751017 0.0716752 0.0666722 0.0606896 0.0541894 0.0475016 0.0408481 0.034381 0.0282206 0.0224796 0.0172713 0.0127058 0.008876 0.00583554 0.00357797
 0.00898862 0.0146085 0.0219891 0.031037 0.0413935 0.0522738 0.0624455 0.0705366 0.0755449 0.0771729 0.0757669 0.0720083 0.0666307 0.0602801 0.0534728 0.046584 0.0398557 0.0334285 0.027387 0.0218009 0.0167489 0.0123218 0.00860567 0.00565436 0.00346374
 0.00904247 0.0146899 0.022102 0.031186 0.0415891 0.0525371 0.0628065 0.0710223 0.0761595 0.07788 0.0764875 0.0726366 0.0670616 0.060438 0.0533291 0.046163 0.0392277 0.0326913 0.0266411 0.021126 0.0161919 0.0118967 0.00830315 0.005453 0.00333863
 0.00899829 0.0146227 0.0220096 0.0310701 0.041456 0.052399 0.0626836 0.0709452 0.0761679 0.0780143 0.0767723 0.0730636 0.0675801 0.0609619 0.0537608 0.046424 0.0392822 0.0325541 0.0263664 0.0207863 0.015854 0.0116064 0.008081 0.00529905 0.00324122
 0.00905787 0.0147051 0.022107 0.0311661 0.0415307 0.0524363 0.0626777 0.0709026 0.0761055 0.0779559 0.0767456 0.0730952 0.0676865 0.0611392 0.0539783 0.0466292 0.039418 0.0325805 0.0262763 0.0206052 0.0156274 0.0113808 0.00788959 0.00515664 0.00314685
#pred catch len freq
 0.0038783 0.00623074 0.0092749 0.0130132 0.0174538 0.0225686 0.0282224 0.0341519 0.0400162 0.04547 0.0502194 0.0540604 0.0569057 0.0587827 0.0597966 0.0600836 0.0597749 0.0589687 0.0576851 0.0557978 0.0529902 0.0488279 0.0429921 0.0355803 0.0272546
 0.0042989 0.00685155 0.0100973 0.0140112 0.0185991 0.0238607 0.0296972 0.0358501 0.0419243 0.0474706 0.0520895 0.0555303 0.0577508 0.0589007 0.0592345 0.0590043 0.0583857 0.0574423 0.0561063 0.0541604 0.0512465 0.0469625 0.0410743 0.0337578 0.0256931
 0.00454016 0.0072687 0.0107679 0.0150145 0.0199893 0.0256328 0.0317662 0.0380685 0.0441339 0.0495529 0.0539719 0.0571446 0.0589866 0.0596054 0.0592685 0.0583133 0.0570339 0.0555854 0.0539249 0.0518004 0.0488046 0.0445171 0.0387266 0.0316417 0.0239403
 0.00484982 0.00774528 0.0114408 0.0159079 0.0211362 0.0270847 0.0335821 0.0402753 0.0466759 0.0522644 0.0566031 0.0594307 0.0607184 0.0606558 0.0595742 0.057849 0.0558121 0.0536748 0.0514585 0.0489567 0.0457779 0.0414985 0.0358996 0.0291733 0.0219549
 0.00519167 0.00828641 0.0122278 0.0169744 0.0224982 0.0287362 0.0354924 0.0423938 0.0489434 0.0546173 0.0589579 0.0616587 0.0626375 0.0620584 0.0602777 0.0577371 0.0548492 0.0519018 0.0489847 0.0459546 0.0424722 0.0381449 0.0327536 0.0264519 0.0197982
 0.00547382 0.00874 0.0129025 0.0179172 0.0237495 0.0303207 0.0374034 0.0445798 0.0513049 0.0570201 0.0612568 0.0637209 0.0643501 0.0633198 0.0609834 0.0577803 0.0541423 0.0504077 0.046744 0.0430979 0.0392151 0.0347643 0.0295432 0.0236654 0.017597
 0.00574485 0.00917186 0.0135379 0.0187947 0.0249026 0.0317732 0.0391595 0.0466106 0.0535395 0.0593447 0.0635241 0.0657696 0.0660309 0.064515 0.0616119 0.0577861 0.0534819 0.0490533 0.0447063 0.0404587 0.0361478 0.0315252 0.0264279 0.0209417 0.0154401
 0.00605922 0.00966738 0.014256 0.019767 0.0261504 0.0333045 0.0409605 0.048637 0.0557123 0.0615536 0.0656371 0.067646 0.067537 0.0655393 0.0620751 0.0576423 0.052711 0.0476551 0.0427064 0.0379295 0.0332339 0.0284491 0.0234598 0.0183373 0.0133731
