SBPRF35
7.78865
Curr Bio
626109
B35
675574
F35
0.225433
FOFL
0.213513
OFL
103864
Bzero
2.22533e+006
#pred survey bio
 4.50357e+006 4.2487e+006 4.01273e+006 3.72346e+006 3.41781e+006 3.12013e+006 2.82321e+006 2.49575e+006 2.21618e+006 1.95299e+006 1.71463e+006 1.50486e+006 1.32624e+006 1.18387e+006 1.04541e+006 922560 826339 766129 731005 694047 689160 661026 648928 630852 610279 600129 583784 583531 575937 570040 562574 557029 551544 553501 537930 520136 515688 509813 516501 536441 548259 551974 557969 559925 560973 565334 559829 563647 566068 564115 570817 588066 586109 573243 532857 522270 521820 527811 516018 504164 488263 515160 542796 578055 610258 627038 2.24848e+007 1.36216e+007 1.38752e+007 1.43481e+007 1.4923e+007 1.54873e+007 1.59814e+007 1.63851e+007 1.67004e+007 1.69396e+007 1.71177e+007 1.7249e+007 1.73453e+007 1.74159e+007 1.74677e+007 1.75059e+007 1.75341e+007 1.75551e+007 1.75709e+007 1.75827e+007 1.75917e+007 1.75984e+007 1.76036e+007 1.76076e+007 1.76106e+007 1.76129e+007 1.76147e+007 1.7616e+007 1.76171e+007 1.76179e+007 1.76185e+007 1.7619e+007 1.76193e+007 1.76196e+007 1.76199e+007 1.762e+007 1.76202e+007 1.76203e+007 1.76203e+007 1.76204e+007 1.76205e+007 1.76205e+007 1.76205e+007 1.76205e+007 1.76206e+007 1.76206e+007 1.76206e+007 1.76206e+007 1.76206e+007 1.76206e+007 1.76206e+007 1.76206e+007 1.76206e+007 1.76206e+007 1.76206e+007 1.76206e+007 1.76206e+007 1.76206e+007 1.76206e+007 1.76206e+007 1.76206e+007 1.76206e+007 1.76206e+007 1.76206e+007 1.76206e+007 1.76206e+007 1.76206e+007 1.76206e+007 1.76206e+007 1.76206e+007 1.76206e+007 1.76206e+007 1.76206e+007 1.76206e+007 1.76206e+007 1.76206e+007 1.76206e+007 1.76206e+007 1.76206e+007 1.76206e+007 1.76206e+007 1.76206e+007 1.76206e+007 1.76206e+007 1.76206e+007 1.76206e+007 1.76206e+007 1.76206e+007 1.76206e+007 1.76206e+007 1.76206e+007 1.76206e+007 1.76206e+007 1.76206e+007 1.76206e+007 1.76206e+007 1.76206e+007 1.76206e+007 1.76206e+007 1.76206e+007 0 0 0 0 0 0 0 0 0 0 0 0 0 0 0 0 0 0 0 0 0 0 0 0 0
#obs survey bio
 4.15189e+006 3.23908e+006 2.4109e+006 2.37424e+006 3.17072e+006 3.44435e+006 2.75818e+006 2.49088e+006 1.33043e+006 1.6162e+006 1.85798e+006 959627 1.36547e+006 983480 1.05204e+006 631689 974474 735840 736357 732568 527848 734411 723516 534318 794301 665112 711131 325173 623942 498904 597560 509139 460426 658660 558005 493860 664198 608620 569942 459006 576383 736782 476724 405140 697853 452450 743653 544693 676686 512824 672396 633393 706236 524358 573324 669968 628689 429116 525895 366508 462507 411609 698538 590282 654303 562343
#pred catch bio
 97860.1 93413.7 164242 206235 227908 256382 313218 296966 305186 301445 290202 272991 247491 246747 232894 207564 173373 148930 147254 117332 134260 117569 120214 119480 108031 111147 96274.2 101988 99874.4 100315 97710.5 96843.1 89521.2 101620 99503.6 87121.7 91659.2 85775.3 78127.7 86082.7 92234.1 89746.9 93561.7 95210.5 93169.7 101508 93396.6 94618.2 98208.4 91188.8 82965.2 98889.9 106983 128922 103008 94546.1 88754.8 102962 102598 106562 73154.2 76024.9 72063.7 77110.4 92892.4 96610.8 103864 109447 110338 112892 116638 120454 123754 126359 128300 129685 130645 131294 131726 132008 132191 132309 132384 132431 132461 132480 132492 132499 132504 132507 132508 132510 132510 132511 132511 132511 132511 132511 132511 132511 132511 132511 132511 132511 132511 132511 132511 132511 132511 132511 132511 132511 132511 132511 132511 132511 132511 132511 132511 132511 132511 132511 132511 132511 132511 132511 132511 132511 132511 132511 132511 132511 132511 132511 132511 132511 132511 132511 132511 132511 132511 132511 132511 132511 132511 132511 132511 132511 132511 132511 132511 132511 132511 132511 132511 132511 132511 132511 132511 132511 132511 132511 132511 132511 132511 132511 0 0 0 0 0 0 0 0 0 0 0 0 0 0 0 0 0 0 0 0 0 0 0 0 0
#obs catch bio
 0 93089 165442 208076 230300 258925 318294 301471 311552 307578 295916 279716 252939 252234 238022 212186 175970 150443 149120 117837 135603 117600 120626 120125 108068 111333 96388.7 102571 100202 101066 98180.2 97710.2 90328.4 102826 100405 87516.5 92193.3 86027 78258.9 86134.6 91669.8 88951.3 93030.5 95096.6 92955.5 101621 93050.7 94539 97908.8 91243.4 82744.6 98599.9 106023 128386 102459 94036.3 88108.6 102255 101495 106579 72905.7 76245.9 72195.5 77096.2 92910.2 96616.9
#pred cpue bio
 4.4233e+006 4.17166e+006 3.93749e+006 3.64904e+006 3.34524e+006 3.04958e+006 2.75468e+006 2.42971e+006 2.15225e+006 1.89148e+006 1.65572e+006 1.44843e+006 1.27214e+006 1.13211e+006 996485 876407 782803 724743 691201 655873 651648 624920 613570 596367 576811 567387 551802 551624 544267 538581 531509 526288 521075 523343 509107 492588 487743 480295 485460 504776 516907 521009 526893 528474 529128 533272 528042 531825 534260 532346 538766 555667 554098 541581 501944 491256 491051 497319 485997 474060 457996 483503 510342 544794 575963 591569 2.12087e+007 1.2852e+007 1.30541e+007 1.34572e+007 1.40069e+007 1.45654e+007 1.50585e+007 1.5462e+007 1.57773e+007 1.60165e+007 1.61946e+007 1.63259e+007 1.64222e+007 1.64928e+007 1.65446e+007 1.65827e+007 1.6611e+007 1.6632e+007 1.66478e+007 1.66596e+007 1.66686e+007 1.66753e+007 1.66805e+007 1.66844e+007 1.66875e+007 1.66898e+007 1.66915e+007 1.66929e+007 1.6694e+007 1.66948e+007 1.66954e+007 1.66959e+007 1.66962e+007 1.66965e+007 1.66968e+007 1.66969e+007 1.66971e+007 1.66972e+007 1.66972e+007 1.66973e+007 1.66973e+007 1.66974e+007 1.66974e+007 1.66974e+007 1.66975e+007 1.66975e+007 1.66975e+007 1.66975e+007 1.66975e+007 1.66975e+007 1.66975e+007 1.66975e+007 1.66975e+007 1.66975e+007 1.66975e+007 1.66975e+007 1.66975e+007 1.66975e+007 1.66975e+007 1.66975e+007 1.66975e+007 1.66975e+007 1.66975e+007 1.66975e+007 1.66975e+007 1.66975e+007 1.66975e+007 1.66975e+007 1.66975e+007 1.66975e+007 1.66975e+007 1.66975e+007 1.66975e+007 1.66975e+007 1.66975e+007 1.66975e+007 1.66975e+007 1.66975e+007 1.66975e+007 1.66975e+007 1.66975e+007 1.66975e+007 1.66975e+007 1.66975e+007 1.66975e+007 1.66975e+007 1.66975e+007 1.66975e+007 1.66975e+007 1.66975e+007 1.66975e+007 1.66975e+007 1.66975e+007 1.66975e+007 1.66975e+007 1.66975e+007 1.66975e+007 1.66975e+007 1.66975e+007 1.66975e+007 0 0 0 0 0 0 0 0 0 0 0 0 0 0 0 0 0 0 0 0 0 0 0 0 0
#obs cpue bio
 3.38871e+006 2.83229e+006 2.57863e+006 3.62573e+006 2.57774e+006 3.60995e+006 2.37285e+006 1.83639e+006 2.223e+006 2.15758e+006 1.37586e+006 1.28099e+006 1.01491e+006 1.21784e+006 791294 918114 672590 729748 600525 635562 771363 796001 469566 603592 529687 534146 365635 780769 530592 429648 535388 398933 436281 419512 510575 520442 391869 441751 399716 735414 906987 500336 544827 547336 442304 606973 511494 470500 588710 432617 511158 672559 675750 558379 458013 453195 470595 737950 629324 429418 431471 469651 356738 632852 616169 615242
#pred surv len freq
 0.00464836 0.00754413 0.0113536 0.0160701 0.0216063 0.0277216 0.0339832 0.0398588 0.0449055 0.0489103 0.051891 0.0540055 0.0554562 0.0564259 0.0570332 0.0573078 0.0571937 0.0565728 0.0552821 0.0531091 0.0497929 0.0450877 0.0389211 0.0315758 0.0237431
 0.00504316 0.00808798 0.0119957 0.0167147 0.0221559 0.0281346 0.0343066 0.0402023 0.0453645 0.0494847 0.0524565 0.0543583 0.0554062 0.0558864 0.0560659 0.0561058 0.0560149 0.0556479 0.0547345 0.0529197 0.0498268 0.045171 0.0389235 0.0314556 0.0235368
 0.0051645 0.00834085 0.0124718 0.0175145 0.0233417 0.0296718 0.0360329 0.0418659 0.0467244 0.0504119 0.0529608 0.0545236 0.0552924 0.0554798 0.0553125 0.054992 0.0546261 0.0541616 0.0533506 0.0517771 0.0489576 0.0445165 0.0383945 0.0309908 0.0231238
 0.00531646 0.00857737 0.012814 0.0179904 0.0239982 0.0305796 0.0372697 0.0434684 0.0486303 0.0524323 0.0548195 0.0559513 0.0561183 0.0556599 0.0548903 0.0540451 0.053247 0.0524729 0.0515152 0.0499717 0.047324 0.0431278 0.0372603 0.0300893 0.0224305
 0.00550632 0.00888189 0.0132641 0.0186115 0.0248055 0.031575 0.0384408 0.0447958 0.0500959 0.0540141 0.0564649 0.0575452 0.0574785 0.0565794 0.0552049 0.0536827 0.0522368 0.0509255 0.0495964 0.0478772 0.0452487 0.041233 0.0356503 0.0288087 0.0214769
 0.00573023 0.00923667 0.0137814 0.019316 0.0257127 0.0326859 0.0397356 0.0462296 0.051604 0.0555266 0.0579198 0.0588894 0.0586523 0.0574942 0.0557375 0.0536995 0.0516414 0.0497027 0.04783 0.0457374 0.0429557 0.0390102 0.0336813 0.0272079 0.0202821
 0.00595576 0.00960301 0.0143322 0.0200914 0.0267421 0.0339759 0.0412571 0.047914 0.0533525 0.0572297 0.0594774 0.060223 0.0597066 0.0582287 0.056108 0.0536448 0.051087 0.0485904 0.0461614 0.0436056 0.0405449 0.0365596 0.0314266 0.0253258 0.0188565
 0.00624972 0.010075 0.0150322 0.0210636 0.0280188 0.0355661 0.0431326 0.0499989 0.0555267 0.0593453 0.0613821 0.0617835 0.0608272 0.0588573 0.0562291 0.0532588 0.0501914 0.0471768 0.044238 0.0412343 0.0378708 0.0338043 0.0288424 0.0231279 0.0171673
 0.00649362 0.0104709 0.0156274 0.0219037 0.0291405 0.036987 0.0448368 0.0519292 0.0575874 0.0614138 0.0633231 0.0634625 0.0621237 0.059678 0.0565164 0.0529902 0.0493695 0.045819 0.0423779 0.0389413 0.0352748 0.0311037 0.0262752 0.0209125 0.0154417
 0.00674469 0.0108768 0.016235 0.0227564 0.0302732 0.0384147 0.0465418 0.0538527 0.0596326 0.0634587 0.0652367 0.0651181 0.0634094 0.0605041 0.0568198 0.0527365 0.0485508 0.0444524 0.0405073 0.0366476 0.0326912 0.028421 0.0237196 0.0186956 0.0137032
 0.00705931 0.0113717 0.0169495 0.0237184 0.0314964 0.0398956 0.0482517 0.0557315 0.0615899 0.0653834 0.0670102 0.0666272 0.0645556 0.0612105 0.0570334 0.0524269 0.047709 0.043091 0.0386666 0.0344067 0.0301802 0.0258225 0.0212476 0.0165495 0.0120157
 0.00731782 0.0117976 0.0176002 0.0246492 0.0327476 0.0414726 0.0501071 0.0577621 0.0636543 0.0673334 0.0687168 0.0679928 0.065513 0.0617174 0.0570663 0.0519768 0.0467794 0.0416991 0.0368507 0.0322393 0.0277805 0.0233579 0.0189136 0.0145277 0.0104268
 0.00752528 0.0121359 0.0181126 0.0253795 0.0337356 0.0427436 0.0516569 0.0595428 0.06557 0.0692484 0.070476 0.0694486 0.0665518 0.0622733 0.0571201 0.0515417 0.045885 0.0403834 0.0351625 0.0302502 0.0255985 0.0211309 0.0168131 0.0127126 0.00900169
 0.00769956 0.0124143 0.0185233 0.0259474 0.034481 0.0436785 0.0527785 0.0608279 0.066973 0.0707014 0.0718912 0.0707233 0.0675786 0.0629563 0.0573909 0.0513689 0.0452729 0.0393641 0.0337891 0.0285974 0.0237688 0.019256 0.0150413 0.0111796 0.00779683
 0.00791716 0.0127666 0.0190502 0.0266841 0.0354494 0.0448755 0.0541644 0.0623245 0.068476 0.0721025 0.0730979 0.0716673 0.0682141 0.0632537 0.0573323 0.0509476 0.0444965 0.0382578 0.0323988 0.0269921 0.0220424 0.0175254 0.0134328 0.00980493 0.0067261
 0.00805799 0.0130087 0.0194389 0.0272701 0.036278 0.0459686 0.0555022 0.0638361 0.0700474 0.0735973 0.0743829 0.0726357 0.0688002 0.0634365 0.0571268 0.0503901 0.0436305 0.0371287 0.0310564 0.0254982 0.0204771 0.0159862 0.0120235 0.00861464 0.00580743
 0.00817366 0.0131892 0.0196984 0.027621 0.0367347 0.0465497 0.056227 0.0647145 0.0710645 0.0747016 0.0754858 0.0736255 0.0695668 0.0638962 0.0572375 0.0501516 0.0430747 0.0363052 0.0300241 0.0243227 0.0192336 0.0147592 0.0108996 0.00766639 0.00507683
 0.00828522 0.0133472 0.019893 0.0278295 0.0369292 0.0467108 0.0563554 0.0648358 0.0712237 0.07495 0.0758608 0.0741313 0.0701627 0.0645011 0.057751 0.0504818 0.043161 0.0361284 0.0296029 0.0237051 0.0184879 0.0139652 0.010138 0.00700507 0.0045578
 0.00828137 0.0133456 0.0198983 0.0278458 0.036956 0.0467377 0.0563624 0.0648016 0.0711419 0.0748433 0.0757831 0.0741508 0.0703332 0.0648351 0.0582077 0.0509772 0.0435939 0.0364111 0.029684 0.0235785 0.018188 0.0135546 0.00968973 0.00658573 0.00421332
 0.00838222 0.0134931 0.0200898 0.0280692 0.0371935 0.046972 0.0565798 0.0649892 0.0712833 0.0749189 0.0757783 0.0740691 0.0702043 0.0647084 0.0581312 0.0509728 0.043645 0.0364688 0.0296895 0.0234887 0.017992 0.013275 0.0093716 0.00627878 0.00395579
 0.00826563 0.0133135 0.019838 0.0277429 0.0367973 0.0465177 0.056089 0.0644967 0.0708378 0.0745762 0.0755882 0.0740616 0.0703815 0.0650472 0.0585939 0.0515169 0.0442247 0.0370335 0.0301855 0.023869 0.0182297 0.013373 0.00935997 0.00620234 0.00385819
 0.00837776 0.0134796 0.0200576 0.0280044 0.0370802 0.0467966 0.0563363 0.0646841 0.0709378 0.0745679 0.0754653 0.073839 0.070095 0.0647453 0.0583241 0.0513135 0.0441021 0.036985 0.0301868 0.023886 0.0182306 0.0133386 0.00928974 0.00611092 0.00376584
 0.00836653 0.0134646 0.0200406 0.0279881 0.0370659 0.0467821 0.0563151 0.0646477 0.0708807 0.0744911 0.0753773 0.0737514 0.0700193 0.064691 0.0583001 0.0513279 0.0441597 0.0370829 0.0303117 0.0240161 0.0183414 0.0134122 0.00932048 0.00610602 0.00374022
 0.00831861 0.0134024 0.0199763 0.0279423 0.0370626 0.0468388 0.0564342 0.0648136 0.0710636 0.0746553 0.0754911 0.0737957 0.0699914 0.0646041 0.0581778 0.0511975 0.0440455 0.0370014 0.0302686 0.0240056 0.0183496 0.0134231 0.00932274 0.00609617 0.00372178
 0.00837294 0.0134736 0.0200525 0.0280049 0.0370943 0.0468356 0.056412 0.0648035 0.0710961 0.0747425 0.0756181 0.0739268 0.0700864 0.0646348 0.0581371 0.0510985 0.0439142 0.0368662 0.0301517 0.0239183 0.0182919 0.0133873 0.00929899 0.00607717 0.00370455
 0.00840421 0.0135157 0.0200991 0.0280422 0.0371027 0.0467933 0.056302 0.0646226 0.0708623 0.0744971 0.0754156 0.0738148 0.0700857 0.0647315 0.0582921 0.0512669 0.0440627 0.036981 0.0302347 0.0239787 0.0183381 0.0134236 0.00932586 0.00609439 0.00371307
 0.00854284 0.0137243 0.0203811 0.028388 0.0374901 0.0471895 0.0566659 0.0649074 0.0710241 0.0745065 0.0752699 0.0735429 0.0697405 0.0643732 0.0579682 0.0510004 0.0438535 0.0368163 0.0301013 0.0238692 0.0182506 0.0133576 0.00927942 0.00606366 0.0036936
 0.00854311 0.0137255 0.0203842 0.0283938 0.0374982 0.0471975 0.0566687 0.0648987 0.0709981 0.0744603 0.0752049 0.0734646 0.0696586 0.064301 0.0579204 0.0509885 0.0438802 0.0368736 0.0301743 0.0239424 0.0183134 0.0134055 0.00931285 0.00608516 0.00370623
 0.00854135 0.0137325 0.0204127 0.0284611 0.0376207 0.0473825 0.0569076 0.065165 0.0712532 0.0746637 0.075324 0.0734823 0.0695762 0.0641363 0.0577034 0.0507537 0.043659 0.0366877 0.0300326 0.0238429 0.0182474 0.0133633 0.00928618 0.00606857 0.00369617
 0.00849464 0.0136633 0.0203219 0.028356 0.0375157 0.0472985 0.0568688 0.0651935 0.0713603 0.0748419 0.075545 0.0737044 0.0697572 0.0642469 0.0577344 0.0507154 0.0435746 0.0365846 0.029934 0.0237627 0.0181901 0.0133263 0.00926425 0.00605625 0.00368948
 0.0085292 0.0137072 0.0203655 0.0283836 0.0375109 0.0472525 0.0567873 0.0650977 0.0712802 0.0748063 0.075571 0.0737905 0.0698834 0.0643811 0.0578433 0.050776 0.0435805 0.0365452 0.0298682 0.0236905 0.0181261 0.0132777 0.00923149 0.0060363 0.00367832
 0.00853709 0.0137229 0.0203935 0.0284276 0.0375704 0.0473185 0.0568417 0.0651181 0.0712513 0.0747298 0.0754689 0.0736962 0.0698271 0.0643765 0.0578829 0.0508371 0.043637 0.0365787 0.029873 0.0236725 0.0180967 0.0132475 0.00920706 0.00601957 0.00366832
 0.00839584 0.013525 0.0201546 0.0281828 0.0373645 0.0471907 0.0568117 0.0651807 0.0713802 0.0748881 0.0756209 0.0738191 0.0699165 0.0644439 0.0579459 0.0509076 0.043715 0.0366544 0.0299347 0.0237132 0.0181169 0.013253 0.00920494 0.00601531 0.00366469
 0.00804424 0.0129956 0.0194385 0.0273045 0.0363815 0.0461875 0.0558918 0.0644535 0.0709388 0.074783 0.0758445 0.0743108 0.0705861 0.0651999 0.0587153 0.0516422 0.0443865 0.0372464 0.0304364 0.024119 0.0184276 0.013477 0.00935654 0.00611138 0.00372156
 0.00807983 0.0130125 0.0193898 0.0271258 0.0360128 0.0456062 0.0551382 0.063631 0.0701841 0.0742221 0.075557 0.0743148 0.070845 0.065642 0.0592576 0.0522108 0.0449282 0.0377302 0.0308481 0.0244542 0.0186878 0.0136678 0.00948771 0.00619532 0.00377131
 0.00884976 0.0141093 0.0207506 0.028587 0.0373466 0.0465866 0.0556021 0.0635121 0.0695195 0.0731408 0.0742512 0.0729953 0.0696888 0.0647541 0.058662 0.0518692 0.0447722 0.0376893 0.0308669 0.0244964 0.018733 0.0137062 0.00951583 0.00621356 0.00378183
 0.0094272 0.0150301 0.022094 0.0303901 0.0395685 0.0490681 0.0580476 0.0655304 0.0707333 0.0733202 0.0733966 0.0713253 0.0675495 0.0625032 0.0565805 0.050121 0.0434088 0.0366833 0.0301517 0.0239991 0.0183918 0.0134755 0.00936364 0.00611694 0.00372369
 0.00935266 0.0150072 0.0222417 0.0308809 0.0405843 0.0507256 0.0603245 0.0682289 0.0735002 0.0757202 0.0750195 0.0718979 0.0670145 0.0610298 0.0544978 0.0478061 0.0411818 0.0347487 0.0285951 0.0228178 0.0175363 0.012881 0.00896773 0.005866 0.00357382
 0.0089584 0.0144161 0.0214523 0.0299441 0.0396146 0.0499033 0.0598797 0.0683919 0.0744187 0.0773712 0.0771716 0.0741579 0.0689472 0.0622981 0.0549591 0.0475299 0.0403895 0.0337146 0.0275554 0.0219223 0.0168454 0.0123914 0.00864442 0.00566558 0.00345717
 0.00863684 0.0138918 0.0206633 0.0288408 0.0381814 0.0481907 0.0580333 0.0666579 0.0731051 0.0767719 0.0774737 0.0753679 0.0708663 0.0645675 0.0571665 0.0493367 0.0416217 0.0343793 0.0277874 0.0219004 0.016722 0.0122611 0.00854657 0.00560509 0.00342469
 0.0085644 0.01376 0.0204374 0.0284755 0.0376267 0.0474045 0.0570019 0.0654171 0.0717583 0.0754933 0.0764871 0.0748949 0.0710537 0.0654226 0.0585359 0.0509472 0.0431723 0.0356394 0.0286557 0.0224007 0.0169534 0.0123369 0.00855389 0.00559337 0.00341381
 0.00867221 0.0139128 0.0206243 0.0286679 0.0377801 0.0474645 0.0569112 0.0651251 0.0712343 0.0747459 0.0755824 0.0739617 0.0702657 0.0649525 0.0584945 0.0513361 0.0438764 0.0364707 0.029427 0.0229898 0.0173264 0.012529 0.00862912 0.00561025 0.00340998
 0.00881036 0.0141192 0.0208999 0.028999 0.0381382 0.0478085 0.05719 0.0652816 0.0712146 0.0745116 0.0751253 0.0733151 0.0695084 0.0642021 0.0578852 0.0509792 0.0438205 0.0366811 0.0298008 0.0234008 0.0176749 0.0127688 0.00876408 0.00567088 0.00342989
 0.00881385 0.0141495 0.0209899 0.0291913 0.0384705 0.0482916 0.0577898 0.0659185 0.0717815 0.0749038 0.075266 0.0731708 0.0690943 0.0635806 0.0571573 0.0502665 0.0432357 0.036296 0.0296259 0.02339 0.0177531 0.0128663 0.00883921 0.00571241 0.00344532
 0.0087534 0.0140623 0.0208813 0.0290783 0.0383836 0.048273 0.0578863 0.066166 0.072185 0.0754207 0.0758072 0.0736241 0.0693606 0.0636059 0.0569482 0.0498851 0.0427783 0.0358628 0.0292914 0.0231844 0.0176625 0.0128509 0.0088565 0.00573363 0.00345864
 0.00865711 0.0139136 0.0206728 0.0288102 0.038066 0.0479288 0.0575538 0.0658981 0.0720411 0.0754504 0.0760302 0.0740153 0.0698495 0.0640947 0.057343 0.0501271 0.0428608 0.035826 0.029199 0.0230953 0.0176106 0.0128409 0.00887418 0.00576019 0.00348128
 0.00870062 0.0139746 0.0207462 0.0288849 0.0381276 0.0479637 0.0575542 0.0658649 0.0719843 0.0753889 0.075989 0.0740189 0.069911 0.0642064 0.0574735 0.0502316 0.0429 0.0357848 0.0290923 0.0229587 0.0174819 0.0127444 0.0088155 0.00573159 0.00347057
 0.00866351 0.0139173 0.0206655 0.0287791 0.0379958 0.0478058 0.0573716 0.0656634 0.071777 0.0751976 0.0758425 0.0739468 0.0699358 0.0643346 0.0576909 0.0505037 0.0431805 0.0360292 0.0292726 0.0230703 0.0175392 0.0127699 0.00882776 0.00574061 0.00347894
 0.00869864 0.0139625 0.0207116 0.0288103 0.0379944 0.0477588 0.0572763 0.0655274 0.071615 0.0750259 0.0756768 0.0738033 0.0698322 0.0642885 0.0577141 0.0505956 0.0433249 0.0361976 0.0294336 0.0232002 0.017629 0.0128236 0.00885661 0.00575568 0.00348748
 0.00872812 0.0140161 0.0208017 0.0289492 0.0381877 0.0479975 0.0575317 0.0657552 0.0717687 0.0750735 0.0756112 0.0736414 0.0696068 0.064038 0.057475 0.0503967 0.0431826 0.0361134 0.0293959 0.0231903 0.0176294 0.0128236 0.00885318 0.00575025 0.00348247
 0.00861672 0.0138506 0.0205823 0.0286885 0.0379095 0.0477333 0.0573157 0.0656173 0.0717258 0.0751228 0.0757298 0.0737958 0.069766 0.0641837 0.0576038 0.0505152 0.0433004 0.0362364 0.0295231 0.0233144 0.0177401 0.0129127 0.00891742 0.00579192 0.00350693
 0.00845388 0.0135895 0.0201975 0.0281624 0.0372404 0.0469455 0.0564682 0.0648018 0.0710491 0.074679 0.0755751 0.0739353 0.0701576 0.0647547 0.0582715 0.051207 0.0439634 0.0368391 0.0300494 0.023757 0.0180967 0.0131852 0.00911264 0.00592171 0.00358637
 0.00857516 0.0137607 0.0204061 0.0283779 0.0374195 0.0470429 0.0564476 0.0646451 0.0707628 0.0742968 0.0751538 0.0735428 0.0698541 0.064576 0.058223 0.0512675 0.0440979 0.0370117 0.0302315 0.0239294 0.0182478 0.0133086 0.00920626 0.00598707 0.00362802
 0.00873485 0.0140195 0.020792 0.0289103 0.0380983 0.0478344 0.057275 0.0653948 0.071311 0.0745471 0.075067 0.0731459 0.0692281 0.0638298 0.057464 0.0505786 0.0435267 0.0365716 0.0299124 0.0237097 0.0181039 0.0132192 0.00915402 0.00595853 0.00361349
 0.00893775 0.0143679 0.0213495 0.0297449 0.0392626 0.049336 0.0590467 0.0672841 0.0730994 0.0759948 0.0759667 0.0733706 0.0687598 0.0627613 0.0559716 0.0488753 0.0418125 0.0349986 0.0285713 0.0226352 0.0172898 0.0126352 0.00875816 0.00570642 0.00346368
 0.00876579 0.0141144 0.0210197 0.0293688 0.0388984 0.0490669 0.0589723 0.0674984 0.0736575 0.0768775 0.077066 0.0745075 0.0697337 0.0634085 0.0562102 0.0487194 0.0413548 0.0343711 0.0279035 0.0220243 0.0167898 0.0122616 0.00850084 0.00554232 0.00336683
 0.00871053 0.0139984 0.0207986 0.0289907 0.0383233 0.0482967 0.0580748 0.0666095 0.0729523 0.0765211 0.0771618 0.0750624 0.070651 0.0645122 0.0572958 0.0496131 0.0419577 0.0346731 0.0279639 0.0219347 0.0166376 0.0121086 0.00837836 0.00545815 0.00331563
 0.00875997 0.0140557 0.0208403 0.0289753 0.0381958 0.0480008 0.0575704 0.0658938 0.0720789 0.075607 0.0763718 0.0745663 0.0705673 0.0648635 0.0579977 0.0505042 0.0428559 0.0354325 0.0285096 0.0222646 0.0167984 0.0121633 0.00838128 0.00544414 0.00330137
 0.00903805 0.0144819 0.0214313 0.0297234 0.0390642 0.0489195 0.0584348 0.0665734 0.072443 0.0755646 0.0759083 0.0737601 0.0695742 0.0638722 0.0571708 0.0499298 0.0425314 0.0352864 0.028447 0.02221 0.0167177 0.0120587 0.00827303 0.00535183 0.00323457
 0.009222 0.0147828 0.0218863 0.0303649 0.0399084 0.0499505 0.0595891 0.0677369 0.0734667 0.0762957 0.0762258 0.0736051 0.0689682 0.0629175 0.0560283 0.0487757 0.0415083 0.0344702 0.0278429 0.0217773 0.016403 0.0118215 0.00809183 0.00521805 0.00314292
 0.00939474 0.0150596 0.0222957 0.0309317 0.0406501 0.0508697 0.0606634 0.0689085 0.0746403 0.077346 0.0770159 0.0740133 0.0689177 0.0624005 0.0551148 0.0476001 0.040236 0.0332553 0.0267935 0.020941 0.0157764 0.0113724 0.007781 0.00501084 0.00301165
 0.00907439 0.0145694 0.0216171 0.0300734 0.0396525 0.0498075 0.0596469 0.0680761 0.0741344 0.0772746 0.077416 0.0748313 0.0700174 0.0635977 0.0562273 0.0484961 0.0408614 0.0336302 0.0269839 0.021022 0.0158058 0.0113824 0.0077839 0.00500994 0.00300825
 0.00891351 0.0142978 0.0211912 0.0294501 0.0388036 0.0487409 0.0584255 0.0668213 0.073007 0.0764401 0.0770066 0.0749171 0.0705893 0.0645659 0.0574387 0.0497705 0.0420367 0.0345996 0.0277092 0.0215224 0.0161306 0.0115849 0.00790684 0.00508216 0.00304843
 0.00893088 0.014291 0.0211153 0.0292392 0.0383845 0.0480575 0.0574647 0.0656294 0.0716906 0.0751528 0.0759241 0.0742029 0.0703579 0.0648532 0.058191 0.0508569 0.0432832 0.0358324 0.028795 0.0223891 0.0167661 0.0120178 0.00818328 0.00524851 0.00314259
 0.00903034 0.01444 0.0213134 0.0294704 0.0386127 0.0482236 0.05749 0.0654315 0.0712112 0.0743898 0.0749498 0.0731566 0.0694135 0.0641737 0.0578852 0.0509529 0.0437249 0.0365016 0.0295495 0.0231035 0.0173589 0.0124582 0.0084802 0.00543182 0.00324681
 0.00887413 0.0142529 0.0211538 0.0294308 0.0387895 0.0486713 0.0581827 0.0662544 0.0719898 0.0749416 0.0751374 0.0729268 0.0688123 0.0633342 0.0569893 0.0501779 0.0431939 0.0362561 0.029553 0.0232703 0.0175931 0.0126849 0.00865876 0.00555255 0.00331865
#obs surv len freq
 nan nan nan nan nan nan nan nan nan nan nan nan nan nan nan nan nan nan nan nan nan nan nan nan nan
 0.0044838 0.00734477 0.0111744 0.0159906 0.0216913 0.027967 0.0342813 0.0400128 0.0446926 0.0481566 0.0505146 0.0520106 0.052903 0.0534155 0.0537298 0.0539848 0.0542634 0.0545561 0.0546949 0.0542868 0.0527249 0.049357 0.0438067 0.0362866 0.0276701
 0.00461392 0.00755806 0.0114983 0.0164508 0.0223054 0.0287347 0.0351752 0.0409753 0.0456442 0.0490115 0.0511967 0.0524651 0.0531017 0.0533572 0.0534361 0.0534922 0.053615 0.0537942 0.0538582 0.053412 0.0518505 0.0485257 0.0430629 0.0356679 0.0271972
 0.00477717 0.00782504 0.0119031 0.0170261 0.0230764 0.0297088 0.0363306 0.0422562 0.0469657 0.0502731 0.0522976 0.0533162 0.0536354 0.0535341 0.0532484 0.0529617 0.0527865 0.0527267 0.0526174 0.0520679 0.0504778 0.0472046 0.0418727 0.0346743 0.0264365
 0.00496841 0.00813844 0.0123795 0.017705 0.0239887 0.0308645 0.0377065 0.0437908 0.048567 0.0518341 0.0537113 0.0544846 0.0544743 0.0539778 0.0532553 0.0525196 0.051915 0.0514754 0.0510621 0.0503057 0.048624 0.0453865 0.0402163 0.0332823 0.0253667
 0.00517918 0.00848271 0.0129008 0.0184454 0.0249813 0.0321213 0.0392057 0.045471 0.0503348 0.0535802 0.0553257 0.0558664 0.0555347 0.0546416 0.0534633 0.0522326 0.0511202 0.0501937 0.0493541 0.0482744 0.0464122 0.043165 0.0381599 0.0315368 0.024017
 0.0054048 0.00885326 0.0134654 0.0192523 0.0260683 0.0335015 0.0408521 0.0473122 0.052265 0.0554799 0.0570804 0.0573757 0.0567141 0.05542 0.0537805 0.0520404 0.0503867 0.0489141 0.0475643 0.0460651 0.0439342 0.0406184 0.0357624 0.0294773 0.0224116
 0.00564453 0.00924496 0.0140588 0.0200955 0.0271992 0.034934 0.0425612 0.0492278 0.0542805 0.0574717 0.0589271 0.0589702 0.0579684 0.0562639 0.0541582 0.051906 0.0497041 0.0476648 0.0457644 0.0437867 0.041321 0.0378807 0.0331443 0.0272009 0.020621
 0.00588367 0.00963715 0.0146554 0.0209466 0.0283442 0.0363864 0.0442933 0.0511654 0.0563139 0.0594765 0.0607839 0.0605754 0.0592366 0.0571268 0.0545613 0.051805 0.0490632 0.046461 0.0440029 0.0415243 0.0386879 0.0350833 0.030435 0.0248196 0.0187315
 0.0061282 0.0100375 0.0152631 0.0218115 0.0295052 0.0378562 0.0460429 0.0531184 0.0583569 0.0614807 0.0626265 0.0621521 0.0604652 0.0579458 0.054925 0.0516776 0.0484151 0.0452715 0.0422734 0.0393018 0.0360896 0.032304 0.0277226 0.0224174 0.016812
 0.00637034 0.010435 0.0158686 0.0226762 0.0306687 0.0393307 0.0477968 0.0550709 0.0603898 0.0634615 0.0644304 0.063675 0.0616277 0.0586919 0.0552173 0.0514909 0.0477307 0.0440774 0.0405743 0.0371409 0.0335727 0.0296108 0.0250869 0.0200737 0.014931
 0.00660645 0.0108233 0.0164612 0.0235243 0.0318122 0.0407823 0.0495252 0.0569951 0.0623901 0.0654029 0.0661851 0.0651367 0.0627175 0.0593572 0.055428 0.0512324 0.046997 0.0428686 0.0389039 0.0350535 0.0311669 0.0270508 0.0225865 0.0178497 0.0131431
 0.00681675 0.0111709 0.0169949 0.0242933 0.0328563 0.0421163 0.0511232 0.0587843 0.0642607 0.0672284 0.0678433 0.0665228 0.0637507 0.0599827 0.0556145 0.0509674 0.0462807 0.0417102 0.0373257 0.0331044 0.0289405 0.024696 0.0202947 0.0158144 0.011507
 0.00704094 0.0115341 0.0175392 0.0250571 0.0338675 0.0433811 0.0526138 0.0604339 0.065971 0.068887 0.0693407 0.0677645 0.0646632 0.0605151 0.0557378 0.0506709 0.0455674 0.0405944 0.0358355 0.0312917 0.0268951 0.022553 0.0182233 0.0139831 0.0100388
 0.00731384 0.011977 0.0182036 0.0259879 0.0350916 0.0448905 0.0543507 0.0622893 0.0678042 0.0705565 0.0707312 0.0687989 0.0652999 0.06074 0.0555555 0.0500973 0.0446249 0.0393108 0.0342473 0.0294541 0.0248936 0.0205093 0.0162844 0.0122918 0.00869581
 0.00742904 0.0121831 0.0185486 0.0265283 0.0358798 0.0459546 0.0556745 0.0638049 0.069402 0.0721077 0.0721114 0.0699054 0.0660612 0.0611187 0.0555436 0.0497083 0.043885 0.0382534 0.0329139 0.027901 0.0232008 0.0187844 0.0146533 0.0108739 0.0075732
 0.00751789 0.0123192 0.0187399 0.0267816 0.0362062 0.046375 0.0562187 0.064502 0.070263 0.0731087 0.0731873 0.0709587 0.0669833 0.0618122 0.0559391 0.0497697 0.0436068 0.0376538 0.0320298 0.0267876 0.0219345 0.017463 0.0133867 0.00976435 0.00669088
 0.00757084 0.0124022 0.0188587 0.0269389 0.0364011 0.046603 0.0564744 0.064784 0.0705805 0.0734828 0.0736425 0.0715048 0.0675977 0.0624347 0.0564836 0.0501474 0.0437476 0.0375201 0.0316204 0.0261351 0.0211019 0.016537 0.0124656 0.0089394 0.00602593
 0.00767483 0.0125595 0.0190734 0.0272066 0.0367099 0.0469358 0.0568102 0.0651005 0.0708579 0.0737109 0.0738266 0.0716659 0.0677631 0.0626228 0.0566881 0.0503314 0.0438525 0.0374848 0.0314026 0.0257262 0.0205314 0.0158671 0.0117766 0.0083095 0.00551185
 0.00771286 0.0126225 0.0191699 0.0273441 0.0368917 0.0471569 0.0570555 0.0653456 0.0710771 0.0738855 0.0739513 0.0717494 0.0678244 0.0626835 0.0567636 0.0504211 0.0439346 0.0375191 0.0313433 0.0255412 0.0202173 0.0154541 0.0113201 0.00787191 0.00514338
 0.00777883 0.0127207 0.0193011 0.0275037 0.0370719 0.0473499 0.0572544 0.0655438 0.0712649 0.07405 0.0740779 0.0718272 0.0678517 0.0626695 0.0567255 0.0503758 0.0438895 0.0374656 0.0312592 0.0254 0.0200036 0.0151746 0.0110041 0.00756104 0.00487557
 0.00782585 0.0127946 0.0194071 0.0276437 0.0372431 0.047543 0.0574535 0.0657289 0.071418 0.0741604 0.0741446 0.0718557 0.0678487 0.0626405 0.0566752 0.0503105 0.0438152 0.0373845 0.0311657 0.0252822 0.0198502 0.0149841 0.0107897 0.00734719 0.00468778
 0.0078636 0.0128526 0.0194882 0.0277483 0.0373692 0.0476863 0.0576071 0.0658829 0.0715596 0.0742766 0.0742249 0.0718953 0.0678492 0.0626084 0.0566191 0.0502382 0.0437327 0.0372951 0.031069 0.0251743 0.0197262 0.0148428 0.0106374 0.00719728 0.00455591
 0.00787371 0.012867 0.0195061 0.0277679 0.0373884 0.047704 0.0576241 0.0659019 0.0715846 0.074311 0.0742696 0.0719479 0.0679041 0.0626585 0.0566583 0.0502628 0.0437414 0.0372879 0.0310457 0.0251338 0.0196674 0.0147665 0.0105488 0.00710592 0.00447267
 0.00787767 0.0128697 0.0195033 0.0277537 0.0373567 0.0476516 0.0575534 0.0658212 0.0715069 0.0742502 0.0742382 0.0719528 0.0679459 0.062731 0.0567501 0.0503606 0.0438328 0.0373635 0.0310997 0.0251633 0.0196717 0.0147478 0.0105124 0.00705982 0.00442605
 0.00787905 0.0128678 0.0194928 0.0277269 0.0373055 0.0475703 0.057442 0.0656868 0.0713632 0.0741154 0.0741311 0.07189 0.0679372 0.0627781 0.0568456 0.0504898 0.0439776 0.037506 0.0312252 0.0252619 0.0197391 0.0147843 0.010523 0.00705224 0.00440916
 0.00790201 0.0129009 0.0195344 0.027772 0.037346 0.0475966 0.0574439 0.0656563 0.0712964 0.0740158 0.0740099 0.0717649 0.0678286 0.0627035 0.0568156 0.0505059 0.0440322 0.0375853 0.0313127 0.0253429 0.019803 0.0148265 0.010544 0.00705688 0.00440388
 0.00789323 0.0128878 0.0195168 0.0277502 0.0373205 0.0475671 0.0574091 0.0656142 0.0712452 0.0739548 0.0739414 0.0716943 0.0677645 0.0626566 0.0567961 0.0505206 0.0440819 0.0376638 0.0314081 0.0254409 0.0198904 0.0148947 0.01059 0.00708285 0.00441514
 0.00788576 0.012874 0.0194932 0.027713 0.0372669 0.0474975 0.0573283 0.0655307 0.0711686 0.0738923 0.0738957 0.0716642 0.0677479 0.0626523 0.0568057 0.0505476 0.0441294 0.0377319 0.0314925 0.0255325 0.0199784 0.0149695 0.0106462 0.00711981 0.00443605
 0.00784517 0.0128088 0.0193968 0.0275802 0.0370958 0.0472918 0.0570995 0.0652986 0.0709582 0.0737283 0.0737967 0.0716387 0.0677928 0.0627557 0.0569511 0.0507185 0.0443128 0.0379185 0.0316749 0.0257035 0.0201304 0.0150957 0.0107426 0.00718687 0.00447803
 0.00785639 0.0128171 0.0193909 0.0275437 0.0370119 0.0471497 0.0569013 0.0650602 0.070706 0.0734923 0.0736043 0.0715105 0.0677402 0.06278 0.0570438 0.0508641 0.0444923 0.0381138 0.0318706 0.0258878 0.020294 0.015232 0.0108483 0.00726207 0.00452673
 0.00783454 0.0127875 0.0193565 0.0275095 0.0369804 0.0471173 0.0568561 0.0649856 0.0705894 0.0733339 0.0734205 0.0713299 0.0675941 0.0626929 0.0570279 0.050918 0.0446042 0.0382654 0.0320419 0.0260603 0.0204533 0.0153679 0.0109553 0.00733964 0.00457802
 0.00778626 0.0127065 0.0192309 0.0273288 0.0367408 0.0468274 0.0565402 0.0646802 0.0703311 0.0731471 0.0733112 0.0712908 0.0676146 0.0627667 0.0571535 0.0510945 0.0448259 0.0385194 0.0323099 0.026322 0.0206904 0.0155674 0.0111109 0.00745148 0.00465173
 0.007774 0.0126816 0.0191839 0.0272474 0.0366122 0.0466426 0.0562996 0.0643967 0.0700308 0.0728642 0.073081 0.0711396 0.0675538 0.0627928 0.0572537 0.0512535 0.0450298 0.0387551 0.0325627 0.026575 0.020926 0.0157707 0.0112727 0.00756978 0.00473074
 0.00775141 0.0126476 0.0191376 0.0271885 0.0365398 0.0465539 0.0561887 0.0642573 0.06986 0.0726676 0.0728746 0.0709484 0.0674058 0.0627107 0.0572488 0.0513244 0.0451649 0.0389376 0.032774 0.0267963 0.0211393 0.0159602 0.0114275 0.00768549 0.00480948
 0.00930663 0.014821 0.0217532 0.0298649 0.038802 0.0480112 0.0566749 0.0638541 0.0688104 0.0712517 0.0713216 0.0694085 0.0659646 0.0614149 0.0561243 0.0503836 0.0444085 0.0383553 0.0323471 0.0265006 0.0209481 0.015847 0.0113676 0.00765833 0.0047999
 0.00930798 0.0151093 0.0226911 0.0318994 0.0422691 0.0528716 0.062348 0.069313 0.0729475 0.0733162 0.0711666 0.0674303 0.06283 0.0577764 0.0524613 0.0469791 0.0413994 0.0357921 0.0302343 0.0248175 0.0196581 0.014902 0.0107112 0.00722966 0.004539
 0.00897427 0.0145897 0.0219728 0.0310407 0.0414486 0.052419 0.0627008 0.070858 0.0757834 0.077081 0.0750862 0.0706102 0.0646261 0.0580168 0.0514115 0.0451297 0.0392386 0.0336759 0.0283641 0.0232771 0.0184594 0.0140181 0.0100957 0.00682755 0.00429442
 0.00879888 0.0142917 0.0215017 0.0303464 0.0405018 0.0512471 0.0614305 0.0697395 0.0751638 0.0773049 0.0763404 0.0727844 0.0672893 0.0605579 0.0532842 0.0460574 0.0392666 0.0330698 0.0274506 0.0223222 0.0176231 0.0133658 0.00963091 0.00652214 0.00410917
 0.00872418 0.0141656 0.021302 0.0300465 0.0400727 0.0506643 0.0606862 0.0688621 0.0742392 0.0764907 0.0758531 0.0728425 0.0680157 0.0618892 0.0549517 0.0476761 0.0404917 0.0337278 0.0275715 0.0220737 0.0172067 0.0129393 0.00928072 0.00627399 0.00395278
 0.00869442 0.0141157 0.0212238 0.0299299 0.0399061 0.0504348 0.0603818 0.0684739 0.0737675 0.0759558 0.0753101 0.0723912 0.0677895 0.062012 0.0554733 0.0485227 0.0414732 0.0346119 0.028182 0.0223533 0.0172124 0.0127859 0.009079 0.00609515 0.00382469
 0.00868009 0.014089 0.0211772 0.0298543 0.0397926 0.0502778 0.060181 0.0682343 0.0734962 0.0756599 0.0749983 0.0720823 0.0675231 0.061852 0.0554927 0.0487693 0.0419326 0.0351955 0.0287565 0.0227987 0.0174701 0.0128701 0.00904962 0.00601883 0.00374814
 0.00867962 0.0140884 0.0211764 0.0298523 0.0397866 0.0502622 0.0601473 0.0681726 0.0733983 0.0755218 0.0748226 0.0718778 0.0673066 0.0616506 0.0553457 0.0487216 0.0420169 0.0354106 0.0290578 0.0231117 0.0177235 0.0130255 0.0091103 0.00601577 0.00371744
 0.00870129 0.0141227 0.0212259 0.0299185 0.0398687 0.0503562 0.0602444 0.0682594 0.0734579 0.0755374 0.0747816 0.0717752 0.0671477 0.061452 0.0551346 0.0485335 0.0418884 0.0353674 0.0291023 0.0232189 0.0178507 0.013132 0.00917402 0.00603743 0.00371193
 0.00865727 0.0140613 0.0211523 0.029844 0.0398079 0.0503218 0.0602433 0.0682906 0.073514 0.0756064 0.0748487 0.0718255 0.0671684 0.0614363 0.0550849 0.0484629 0.0418187 0.0353229 0.0291002 0.023261 0.0179225 0.0132097 0.00923672 0.00607538 0.00372731
 0.00864288 0.0140318 0.0210976 0.0297529 0.0396737 0.0501491 0.0600525 0.0681148 0.0733883 0.0755544 0.0748743 0.0719135 0.067292 0.0615671 0.0552004 0.0485516 0.0418811 0.0353692 0.0291447 0.0233145 0.0179867 0.0132773 0.0092967 0.00611942 0.00375355
 0.00864324 0.0140314 0.0210945 0.0297437 0.0396524 0.0501078 0.0599831 0.0680136 0.0732608 0.0754181 0.0747553 0.0718375 0.0672739 0.0616048 0.0552778 0.0486461 0.0419734 0.035449 0.0292114 0.0233729 0.0180417 0.0133298 0.00934336 0.00615615 0.00377835
 0.0086283 0.0140099 0.0210673 0.0297131 0.0396215 0.0500783 0.0599545 0.0679821 0.0732212 0.075366 0.0746911 0.071769 0.0672151 0.0615716 0.0552803 0.0486842 0.0420374 0.0355248 0.0292868 0.0234413 0.0181011 0.0133804 0.00938521 0.00618851 0.00380094
 0.00862692 0.0140052 0.021056 0.0296912 0.0395857 0.0500288 0.0598958 0.0679226 0.0731692 0.0753264 0.0746634 0.0717487 0.0671986 0.0615589 0.0552765 0.048696 0.0420687 0.0355739 0.0293469 0.023504 0.0181597 0.0134307 0.00942565 0.00621886 0.00382194
 0.00862501 0.0140054 0.0210619 0.0297074 0.0396156 0.0500715 0.0599446 0.0679663 0.0731965 0.0753305 0.0746443 0.0717115 0.0671501 0.0615053 0.0552232 0.0486483 0.0420323 0.0355531 0.0293428 0.0235141 0.0181787 0.0134531 0.00944698 0.00623655 0.00383499
 0.00862501 0.0140054 0.0210619 0.0297074 0.0396156 0.0500715 0.0599446 0.0679663 0.0731965 0.0753305 0.0746443 0.0717115 0.0671501 0.0615053 0.0552232 0.0486483 0.0420323 0.0355531 0.0293428 0.0235141 0.0181787 0.0134531 0.00944698 0.00623655 0.00383499
 0.00856001 0.0139031 0.0209151 0.0295133 0.0393787 0.0498062 0.0596762 0.0677278 0.0730203 0.0752384 0.0746414 0.0717875 0.0672854 0.0616781 0.055414 0.048842 0.0422184 0.0357255 0.0294983 0.0236507 0.0182949 0.0135476 0.00951943 0.00628831 0.00386912
 0.0086397 0.0140226 0.0210757 0.0297083 0.0395934 0.0500196 0.0598637 0.0678646 0.0730875 0.0752285 0.0745609 0.0716538 0.0671206 0.0615026 0.0552431 0.0486859 0.0420829 0.0356137 0.029411 0.0235873 0.0182527 0.0135227 0.009507 0.00628368 0.00386849
 0.0088095 0.0142975 0.0214855 0.030275 0.0403209 0.0508802 0.0607882 0.0687473 0.0738085 0.0756874 0.0747038 0.071482 0.0666822 0.0608739 0.0545086 0.0479225 0.0413509 0.0349539 0.0288467 0.0231275 0.0178964 0.013261 0.00932601 0.00616664 0.00379824
 0.00901859 0.0146463 0.0220254 0.0310549 0.0413719 0.052192 0.0622887 0.0702992 0.0752326 0.0768037 0.0753717 0.0716288 0.0663113 0.0600581 0.053369 0.0466014 0.0399844 0.0336526 0.0276876 0.0221539 0.0171228 0.0126804 0.00891615 0.00589617 0.00363259
 0.00887132 0.0144347 0.0217608 0.030772 0.0411267 0.0520553 0.0623339 0.0705856 0.0757834 0.0775857 0.0762905 0.072545 0.0670773 0.0605578 0.0535461 0.0464668 0.0396034 0.0331198 0.0270999 0.0215908 0.0166368 0.0122962 0.00863621 0.00570792 0.00351605
 0.00876991 0.0142495 0.0214473 0.0302838 0.0404369 0.0511848 0.0613728 0.0696877 0.0751286 0.0773233 0.0764912 0.0731803 0.0680297 0.0616552 0.0546084 0.0473491 0.0402257 0.0334722 0.0272274 0.0215658 0.0165329 0.0121706 0.00852367 0.00562314 0.00346009
 0.00884061 0.0143457 0.0215555 0.0303746 0.0404665 0.0511026 0.0611345 0.0692742 0.0745652 0.0766915 0.0759176 0.0728007 0.0679406 0.0618766 0.0550768 0.0479432 0.0408107 0.0339429 0.0275328 0.0217094 0.0165549 0.0121234 0.00845244 0.00555657 0.00341052
 0.00891985 0.0144792 0.0217634 0.0306735 0.0408596 0.0515665 0.06161 0.0696709 0.0747852 0.0766634 0.0756279 0.0723059 0.0673534 0.0613295 0.0546766 0.0477361 0.0407743 0.0340074 0.0276179 0.0217577 0.0165457 0.0120675 0.00837511 0.00548167 0.00335195
 0.00895546 0.0145416 0.0218659 0.0308321 0.04109 0.0518782 0.0619983 0.0701098 0.075224 0.0770318 0.0758501 0.0723243 0.0671525 0.0609485 0.0542 0.0472644 0.040387 0.0337385 0.0274545 0.0216603 0.0164741 0.0119984 0.00830443 0.00541619 0.00329944
 0.00900863 0.0146285 0.0219974 0.0310185 0.0413389 0.052191 0.0623668 0.0705144 0.075635 0.0774118 0.0761563 0.0725119 0.0671827 0.060801 0.0538864 0.0468321 0.0399074 0.0332837 0.027074 0.0213705 0.0162647 0.011848 0.00819411 0.00533478 0.00324153
 0.00867752 0.0141096 0.0212555 0.0300415 0.040149 0.0508571 0.0610121 0.0693061 0.0747491 0.0769845 0.0762446 0.0730808 0.0681209 0.0619534 0.0550933 0.0479631 0.0408831 0.0340778 0.0276984 0.0218527 0.0166307 0.0121166 0.0083799 0.00545306 0.00330958
 0.0086114 0.0139615 0.0209587 0.0295129 0.0393141 0.0496886 0.0595641 0.0677208 0.0732293 0.0757437 0.0754571 0.072847 0.0684513 0.0627724 0.0562593 0.0493034 0.042233 0.0353119 0.0287447 0.0226879 0.0172651 0.0125764 0.00869618 0.00565732 0.00343179
 0.00852889 0.013834 0.0207765 0.0292638 0.0389765 0.0492272 0.0589338 0.0668874 0.0722005 0.0745943 0.074331 0.0719259 0.0679027 0.0626987 0.0566694 0.0501159 0.0433048 0.0364798 0.0298653 0.0236628 0.0180467 0.0131594 0.00910238 0.00592131 0.00359094
 0.00851954 0.0138151 0.0207415 0.0292041 0.0388834 0.0490925 0.0587488 0.0666389 0.0718666 0.0741497 0.0737642 0.0712642 0.0672264 0.06213 0.056335 0.0500997 0.0436163 0.037053 0.0305857 0.0244074 0.0187177 0.0137007 0.00949889 0.00618679 0.00375374
 0.00861238 0.0139703 0.0209814 0.0295482 0.0393385 0.049641 0.0593396 0.0671901 0.0722831 0.0743466 0.0736866 0.0708973 0.0666003 0.0613212 0.0554604 0.0492951 0.0430013 0.0366961 0.0304868 0.024508 0.0189306 0.0139431 0.00971379 0.00634827 0.00386
#pred catch len freq
