SBPRF35
7.78865
Curr Bio
614445
B35
694140
F35
0.223723
FOFL
0.202968
OFL
98365.4
Bzero
2.22533e+006
#pred survey bio
 4.86143e+006 4.55787e+006 4.2759e+006 3.95841e+006 3.60809e+006 3.26012e+006 2.9057e+006 2.59578e+006 2.29087e+006 2.02348e+006 1.77159e+006 1.54538e+006 1.3462e+006 1.18696e+006 1.04922e+006 937922 858000 787920 745971 707784 682578 651194 648041 639818 612824 607191 597283 601538 600990 593858 585512 583631 577661 574560 566265 548829 525881 516806 510842 520730 532882 538730 548585 558427 558731 556608 550362 554039 550952 553697 554162 545290 569218 597051 615008 2.21695e+007 1.33575e+007 1.35632e+007 1.40407e+007 1.46525e+007 1.52651e+007 1.58069e+007 1.62518e+007 1.66e+007 1.68642e+007 1.70608e+007 1.72052e+007 1.73109e+007 1.7388e+007 1.74443e+007 1.74857e+007 1.75161e+007 1.75387e+007 1.75556e+007 1.75682e+007 1.75777e+007 1.75849e+007 1.75904e+007 1.75946e+007 1.75977e+007 1.76002e+007 1.7602e+007 1.76035e+007 1.76046e+007 1.76054e+007 1.76061e+007 1.76066e+007 1.7607e+007 1.76073e+007 1.76075e+007 1.76077e+007 1.76078e+007 1.76079e+007 1.7608e+007 1.76081e+007 1.76081e+007 1.76082e+007 1.76082e+007 1.76082e+007 1.76082e+007 1.76083e+007 1.76083e+007 1.76083e+007 1.76083e+007 1.76083e+007 1.76083e+007 1.76083e+007 1.76083e+007 1.76083e+007 1.76083e+007 1.76083e+007 1.76083e+007 1.76083e+007 1.76083e+007 1.76083e+007 1.76083e+007 1.76083e+007 1.76083e+007 1.76083e+007 1.76083e+007 1.76083e+007 1.76083e+007 1.76083e+007 1.76083e+007 1.76083e+007 1.76083e+007 1.76083e+007 1.76083e+007 1.76083e+007 1.76083e+007 1.76083e+007 1.76083e+007 1.76083e+007 1.76083e+007 1.76083e+007 1.76083e+007 1.76083e+007 1.76083e+007 1.76083e+007 1.76083e+007 1.76083e+007 1.76083e+007 1.76083e+007 1.76083e+007 1.76083e+007 1.76083e+007 1.76083e+007 1.76083e+007 1.76083e+007 1.76083e+007 1.76083e+007 1.76083e+007 1.76083e+007 1.76083e+007 1.76083e+007 0 0 0 0 0 0 0 0 0 0 0 0 0 0 0 0 0 0 0 0 0 0 0 0 0
#obs survey bio
 3.6124e+006 3.3305e+006 4.12744e+006 3.66506e+006 3.69496e+006 1.795e+006 2.78819e+006 1.67563e+006 2.71114e+006 1.95175e+006 1.13022e+006 1.04592e+006 1.24464e+006 1.16464e+006 747336 723535 930170 749724 669870 505150 689029 751105 688349 537420 471409 747741 525429 507661 857212 478452 406388 550800 733170 643802 493945 605932 814333 664262 617947 431241 584180 443526 628364 612546 565137 627067 493416 499994 669604 533095 543292 522281 460655 505182 454501
#pred catch bio
 92846.9 91501.2 148659 208096 239402 280804 274307 300194 292647 301368 297098 286311 259866 246979 227222 200587 189747 162341 155647 140871 141607 114092 116154 129235 108747 110193 96523 99528.2 103306 102230 94733.7 95517.4 89801.1 90728.9 94724.8 97570.9 88010.1 89364.2 79455.7 80207.7 86485.6 83286.5 83514.4 91405.1 92807.6 95569 87038.6 92835.5 88194.1 91449.9 101015 75977.4 76270.3 87647.3 89726.8 98365.4 107202 107660 110224 114279 118500 122191 125131 127333 128914 130013 130759 131256 131582 131794 131930 132018 132073 132108 132130 132144 132152 132158 132161 132163 132165 132166 132166 132166 132167 132167 132167 132167 132167 132167 132167 132167 132167 132167 132167 132167 132167 132167 132167 132167 132167 132167 132167 132167 132167 132167 132167 132167 132167 132167 132167 132167 132167 132167 132167 132167 132167 132167 132167 132167 132167 132167 132167 132167 132167 132167 132167 132167 132167 132167 132167 132167 132167 132167 132167 132167 132167 132167 132167 132167 132167 132167 132167 132167 132167 132167 132167 132167 132167 132167 132167 132167 132167 132167 132167 0 0 0 0 0 0 0 0 0 0 0 0 0 0 0 0 0 0 0 0 0 0 0 0 0
#obs catch bio
 0 91267.3 149109 208987 239816 283422 276191 304275 295337 304227 302538 293218 264178 252421 233014 205746 193391 164720 158041 143136 144018 114559 116810 130201 109720 111167 96743.8 99929.9 103537 102758 95296.5 96118.6 89757.3 90612.9 94768.8 97337.9 87773.8 88947.9 78876.5 80199.6 86344 83046.7 83007.6 90856.2 92240.3 94863.9 86636.1 92495.2 87517.3 90748.8 101195 75900.8 76153.9 87721.8 89718.5
#pred cpue bio
 4.7871e+006 4.48678e+006 4.20718e+006 3.89141e+006 3.54341e+006 3.19723e+006 2.84454e+006 2.53627e+006 2.23348e+006 1.96806e+006 1.71791e+006 1.49351e+006 1.29665e+006 1.13941e+006 1.00341e+006 893776 815683 747871 707558 670928 647027 617323 614857 607262 581208 575988 566891 571359 571087 564515 556725 555334 550257 548005 540649 524229 501362 491016 484096 493289 505142 511084 520857 530540 530905 528932 522890 526411 523404 525922 525905 516653 539467 566375 583514 2.10406e+007 1.26793e+007 1.28272e+007 1.32292e+007 1.38152e+007 1.44224e+007 1.49632e+007 1.5408e+007 1.57562e+007 1.60204e+007 1.62169e+007 1.63614e+007 1.6467e+007 1.65441e+007 1.66004e+007 1.66418e+007 1.66723e+007 1.66949e+007 1.67117e+007 1.67244e+007 1.67339e+007 1.67411e+007 1.67465e+007 1.67507e+007 1.67539e+007 1.67563e+007 1.67582e+007 1.67596e+007 1.67607e+007 1.67616e+007 1.67622e+007 1.67627e+007 1.67631e+007 1.67634e+007 1.67636e+007 1.67638e+007 1.6764e+007 1.67641e+007 1.67642e+007 1.67642e+007 1.67643e+007 1.67643e+007 1.67643e+007 1.67644e+007 1.67644e+007 1.67644e+007 1.67644e+007 1.67644e+007 1.67644e+007 1.67644e+007 1.67644e+007 1.67644e+007 1.67644e+007 1.67644e+007 1.67644e+007 1.67644e+007 1.67644e+007 1.67644e+007 1.67644e+007 1.67644e+007 1.67644e+007 1.67644e+007 1.67644e+007 1.67644e+007 1.67644e+007 1.67644e+007 1.67644e+007 1.67644e+007 1.67644e+007 1.67644e+007 1.67644e+007 1.67644e+007 1.67644e+007 1.67644e+007 1.67644e+007 1.67644e+007 1.67644e+007 1.67644e+007 1.67644e+007 1.67644e+007 1.67644e+007 1.67644e+007 1.67644e+007 1.67644e+007 1.67644e+007 1.67644e+007 1.67644e+007 1.67644e+007 1.67644e+007 1.67644e+007 1.67644e+007 1.67644e+007 1.67644e+007 1.67644e+007 1.67644e+007 1.67644e+007 1.67644e+007 1.67644e+007 1.67644e+007 1.67644e+007 0 0 0 0 0 0 0 0 0 0 0 0 0 0 0 0 0 0 0 0 0 0 0 0 0
#obs cpue bio
 3.24208e+006 3.56544e+006 4.63316e+006 4.16031e+006 4.64676e+006 2.2895e+006 3.02809e+006 2.34938e+006 2.51163e+006 2.09463e+006 1.20049e+006 1.27216e+006 1.68887e+006 696085 853718 725748 879132 658177 649582 621018 584205 750831 511123 736558 443032 505608 766874 612142 460026 537938 620620 584434 658123 539295 558483 644026 309997 536881 481023 350156 601195 659521 624309 562432 549963 610787 451451 665865 585868 594181 345203 453894 770358 629204 788843
#pred surv len freq
 0.00452998 0.00734607 0.0110452 0.0156196 0.0209877 0.0269249 0.0330245 0.0387821 0.043773 0.0477855 0.0508234 0.0530221 0.054563 0.0556165 0.0563055 0.0566849 0.0567442 0.0564188 0.0555838 0.0540177 0.05138 0.0472819 0.0414911 0.0341858 0.0260625
 0.00481013 0.00773234 0.0115028 0.0160842 0.0213975 0.0272627 0.0333386 0.0391616 0.0442842 0.0484078 0.0514315 0.0534306 0.0546095 0.0552376 0.0555682 0.0557637 0.055855 0.0557388 0.0551876 0.0538585 0.0513262 0.0471904 0.0412786 0.0338567 0.0256851
 0.00490973 0.00793164 0.0118667 0.0166826 0.0222728 0.0283895 0.0346039 0.0403933 0.0453215 0.0491698 0.0519289 0.0537128 0.0546938 0.0550821 0.0551101 0.0549879 0.054837 0.0546276 0.0541401 0.0529703 0.0506029 0.0465744 0.0407064 0.0333056 0.0251788
 0.00507882 0.00818944 0.0122271 0.0171583 0.0228858 0.0291787 0.0356153 0.0416477 0.0467732 0.0506871 0.0533219 0.0547982 0.0553546 0.0552826 0.0548666 0.0543366 0.0538299 0.0533501 0.0527154 0.0515327 0.0492566 0.045372 0.0396612 0.0324198 0.0244603
 0.00536016 0.0086295 0.0128564 0.0179919 0.0239206 0.0303912 0.036963 0.0430763 0.0482295 0.0521244 0.0546878 0.056013 0.0563037 0.0558386 0.0549297 0.0538644 0.0528441 0.0519269 0.0509732 0.0496181 0.0473226 0.0435534 0.0380575 0.0310916 0.0234326
 0.00560615 0.00903434 0.0134744 0.0188757 0.0251088 0.0318903 0.0387288 0.0450094 0.050193 0.0539766 0.0563127 0.0573326 0.057268 0.0564036 0.0550424 0.0534682 0.0519028 0.0504524 0.0490413 0.0473661 0.0449309 0.0412158 0.0359474 0.0293334 0.0220849
 0.00587874 0.00947134 0.0141221 0.019777 0.0263001 0.0333934 0.0405369 0.0470725 0.0524109 0.0562047 0.0583818 0.0590786 0.0585605 0.0571616 0.0552286 0.05307 0.050918 0.0488937 0.0469584 0.0448691 0.0421967 0.0384679 0.0334133 0.0271947 0.0204395
 0.00609821 0.00983036 0.0146672 0.0205542 0.0273489 0.0347348 0.0421617 0.0489345 0.0544313 0.0582815 0.0603977 0.0609046 0.0600631 0.0582162 0.0557365 0.0529687 0.0501822 0.0475321 0.0450184 0.0424513 0.039468 0.0356546 0.0307644 0.0249242 0.0186755
 0.00640498 0.0103129 0.0153644 0.0214945 0.0285491 0.0361978 0.0438685 0.0508371 0.0564506 0.0603149 0.0623308 0.0626231 0.0614606 0.0591976 0.056219 0.0528845 0.0494843 0.0462046 0.0430895 0.0400095 0.0366744 0.0327373 0.0279843 0.0225164 0.0167894
 0.00677704 0.0108962 0.0162021 0.0226124 0.0299522 0.0378656 0.0457487 0.0528445 0.0584779 0.0622511 0.0640766 0.0640967 0.0625951 0.0599357 0.0565087 0.0526771 0.0487371 0.04489 0.0412137 0.0376357 0.0339418 0.0298599 0.0252185 0.0201014 0.0148844
 0.00706394 0.0113772 0.016952 0.0237078 0.0314523 0.0397832 0.0480239 0.0553384 0.0609975 0.0645931 0.0660693 0.0656228 0.0635945 0.0603939 0.0564374 0.0520945 0.047655 0.0433143 0.0391603 0.0351583 0.0311586 0.0269616 0.0224432 0.0176779 0.0129691
 0.00729347 0.0117552 0.0175321 0.0245481 0.0326104 0.0413032 0.0499158 0.0575573 0.0634313 0.0670666 0.0683681 0.0675336 0.0649491 0.061099 0.0564772 0.0515091 0.0465088 0.041672 0.0370835 0.032722 0.0284776 0.0242056 0.0198218 0.0153947 0.0111648
 0.00765299 0.0123088 0.018309 0.0255588 0.0338507 0.0427605 0.0515691 0.0593722 0.0653523 0.0690126 0.0702294 0.0691759 0.0662269 0.0618806 0.0566723 0.0510858 0.0454922 0.040128 0.0351007 0.0304062 0.0259595 0.0216488 0.0174133 0.0133102 0.00952311
 0.0079823 0.012835 0.0190822 0.0266157 0.0352038 0.0443836 0.053387 0.0612652 0.0671831 0.0706615 0.0716174 0.0702613 0.0669845 0.06228 0.056672 0.0506439 0.0445855 0.0387677 0.0333388 0.0283344 0.0237056 0.0193702 0.0152801 0.0114748 0.0080843
 0.00822862 0.0132419 0.0197067 0.0275145 0.0364213 0.045932 0.0552244 0.0632852 0.0692258 0.0725438 0.0731716 0.0713682 0.0675908 0.062393 0.0563354 0.0499088 0.0434925 0.0373484 0.0316316 0.0264029 0.0216488 0.0173199 0.0133817 0.00985653 0.00682547
 0.00829123 0.0133691 0.0199463 0.0279299 0.0370801 0.0468862 0.0564879 0.0648197 0.0709388 0.0742988 0.0748067 0.0727225 0.0685332 0.0628474 0.0562893 0.0494026 0.0425952 0.0361347 0.030172 0.0247695 0.0199279 0.0156174 0.0118138 0.00852562 0.00579398
 0.00831538 0.0134029 0.0199896 0.0279857 0.0371631 0.0470316 0.0567531 0.0652726 0.0716319 0.07524 0.0759419 0.0739389 0.0696839 0.0637847 0.0568973 0.0496169 0.042407 0.0355807 0.0293178 0.0236967 0.0187287 0.0143924 0.0106645 0.00753894 0.0050238
 0.00842919 0.0135749 0.0202235 0.0282752 0.0374926 0.0473796 0.0570982 0.0656011 0.0719468 0.0755652 0.0763131 0.0743825 0.0701931 0.0643088 0.0573502 0.0499035 0.042452 0.0353486 0.0288185 0.0229791 0.0178694 0.0134822 0.00979464 0.00678525 0.00443288
 0.00847101 0.0136353 0.0203002 0.0283609 0.0375768 0.0474517 0.0571504 0.0656312 0.0719609 0.0755798 0.0763564 0.0744899 0.0703958 0.0646167 0.0577386 0.0503108 0.0427941 0.035544 0.028814 0.0227648 0.0174793 0.0129823 0.00926415 0.00629639 0.00403486
 0.00845645 0.0136245 0.0203071 0.028405 0.0376758 0.0476115 0.0573578 0.0658548 0.0721617 0.0757263 0.0764359 0.0745129 0.0703912 0.0646214 0.0577826 0.0504023 0.0429123 0.0356434 0.028841 0.0226803 0.0172747 0.0126835 0.00892058 0.0059629 0.00375397
 0.00835771 0.0134714 0.0200919 0.0281288 0.0373521 0.047269 0.0570399 0.0656123 0.0720376 0.0757399 0.0765762 0.0747458 0.0706766 0.0649288 0.0580962 0.0507166 0.0432198 0.0359259 0.0290692 0.022823 0.0173133 0.0126227 0.0087883 0.0057995 0.00359745
 0.00851771 0.0136909 0.0203471 0.0283723 0.0375263 0.0473278 0.0569675 0.0654282 0.0717884 0.0754823 0.07636 0.0746015 0.0706113 0.06493 0.058143 0.0507894 0.043305 0.0360129 0.029145 0.0228708 0.0173177 0.0125778 0.00870236 0.00569246 0.00349222
 0.00849835 0.0136597 0.0202988 0.0282977 0.0374088 0.0471419 0.0566832 0.0650256 0.0712767 0.0749139 0.0758258 0.074205 0.0704325 0.0649982 0.058432 0.0512339 0.043826 0.0365392 0.0296234 0.0232669 0.0176141 0.0127723 0.00880699 0.00572982 0.00348908
 0.00851996 0.0136916 0.0203407 0.0283468 0.0374596 0.0471857 0.0567068 0.0650093 0.0711958 0.0747453 0.0755618 0.0738668 0.0700739 0.0646927 0.0582467 0.0512043 0.0439455 0.0367667 0.029902 0.0235428 0.0178481 0.0129442 0.00891428 0.00578312 0.00350569
 0.0085461 0.0137546 0.0204727 0.0285874 0.0378431 0.0477209 0.0573612 0.0657069 0.0718334 0.0752193 0.0757926 0.0738156 0.0697502 0.0641535 0.0575854 0.0505279 0.0433468 0.0363017 0.0295836 0.0233495 0.017742 0.0128876 0.00887977 0.00575627 0.00348192
 0.00843147 0.0135678 0.0201933 0.0282036 0.0373624 0.0471831 0.0568427 0.0653082 0.0716461 0.0752882 0.0760953 0.0742714 0.0702518 0.0646047 0.057928 0.0507508 0.0434771 0.0363844 0.0296585 0.0234369 0.0178409 0.0129846 0.00896048 0.00581301 0.0035153
 0.00855312 0.0137286 0.0203662 0.028339 0.0374 0.0470728 0.0565661 0.0648904 0.0711544 0.0748177 0.075743 0.074105 0.0702864 0.0647996 0.0582066 0.0510338 0.0437111 0.0365527 0.0297729 0.0235206 0.0179119 0.0130495 0.00901715 0.00585689 0.00354455
 0.00845825 0.0135983 0.0202126 0.0281828 0.037258 0.0469416 0.0564145 0.0646704 0.0708297 0.0743938 0.0752798 0.0737013 0.070043 0.0647799 0.0584135 0.0514136 0.0441788 0.0370252 0.0301933 0.0238639 0.0181777 0.0132479 0.00916016 0.00595493 0.00360705
 0.00836608 0.013456 0.0200137 0.0279302 0.0369668 0.0466404 0.0561417 0.0644623 0.0707029 0.0743337 0.075247 0.0736577 0.0699799 0.0647274 0.0584238 0.0515289 0.0444066 0.0373355 0.030535 0.0241879 0.018452 0.0134606 0.00931349 0.0060584 0.00367214
 0.00836465 0.0134472 0.0199886 0.0278765 0.0368726 0.0465 0.0559607 0.0642605 0.07051 0.0741796 0.0751498 0.0736152 0.0699724 0.0647319 0.0584307 0.0515495 0.0444643 0.0374473 0.0306983 0.024381 0.018645 0.0136289 0.00944427 0.00615025 0.00373094
 0.00827183 0.0133181 0.0198341 0.0277186 0.0367365 0.0464016 0.0558988 0.0642185 0.0704674 0.0741252 0.0750881 0.0735629 0.0699468 0.0647409 0.0584709 0.0516124 0.0445449 0.0375471 0.0308205 0.0245226 0.0187943 0.0137693 0.00956168 0.00623776 0.00378934
 0.00805875 0.0129924 0.0193841 0.0271512 0.0360797 0.0457046 0.0552297 0.0636545 0.0700764 0.0739457 0.0751195 0.0737724 0.0702876 0.0651674 0.0589453 0.052104 0.0450286 0.0380035 0.0312369 0.0248915 0.0191106 0.0140288 0.00976208 0.00638128 0.00388351
 0.00798725 0.0128623 0.0191634 0.0268041 0.035578 0.045045 0.0544491 0.0628319 0.0693175 0.0733553 0.0747745 0.0737049 0.0704824 0.0655732 0.0594927 0.0527238 0.0456634 0.0386115 0.0317904 0.025374 0.0195138 0.0143502 0.0100044 0.0065522 0.00399495
 0.00784521 0.0126483 0.0188713 0.0264357 0.0351369 0.0445307 0.0538572 0.0621646 0.0685999 0.0726467 0.0741646 0.0732916 0.0703409 0.065731 0.059923 0.0533574 0.046412 0.03939 0.0325313 0.0260318 0.0200638 0.0147843 0.0103268 0.00677596 0.00413889
 0.00781307 0.0125835 0.0187514 0.0262344 0.0348323 0.044118 0.0533554 0.0616134 0.0680449 0.0721249 0.0737014 0.0729113 0.0700778 0.0656286 0.0600178 0.053659 0.0468926 0.0399901 0.0331774 0.0266554 0.020614 0.0152327 0.0106656 0.0070131 0.00429197
 0.00848366 0.0135338 0.0199219 0.0274787 0.0359554 0.0449392 0.0537623 0.06158 0.0676178 0.0713944 0.0727741 0.0718908 0.0690543 0.0646772 0.0592009 0.0530257 0.0464715 0.0397812 0.0331496 0.0267555 0.0207821 0.0154169 0.0108305 0.00714144 0.00438085
 0.00912192 0.0145545 0.0214172 0.0294981 0.0384669 0.047785 0.0566371 0.0640718 0.06932 0.0720417 0.0723254 0.0705149 0.0670423 0.0623413 0.056807 0.0507695 0.0444815 0.0381288 0.0318579 0.0258071 0.0201294 0.0149965 0.0105776 0.00699955 0.00430692
 0.00910252 0.0145969 0.0216193 0.0300008 0.0394223 0.0493001 0.0587125 0.0665627 0.0719387 0.074407 0.074051 0.0713155 0.066817 0.0611944 0.0549974 0.0486174 0.0422816 0.0361003 0.0301319 0.0244376 0.0191126 0.0142898 0.0101185 0.00672159 0.0041506
 0.00905593 0.01452 0.0215071 0.0298633 0.039302 0.0492874 0.0589461 0.0671954 0.0730709 0.0760137 0.0759456 0.0731801 0.0682941 0.0620019 0.0550146 0.0479088 0.0410527 0.0346164 0.0286386 0.0231111 0.0180453 0.0135026 0.00958352 0.00638611 0.00395678
 0.00883195 0.0141832 0.0210511 0.0293001 0.0386593 0.0486066 0.0582861 0.0666432 0.0727465 0.0760538 0.0764588 0.0741862 0.0696806 0.0635318 0.0563946 0.0488891 0.0415095 0.0345758 0.0282401 0.0225373 0.0174573 0.0130036 0.00921511 0.0061443 0.00381425
 0.00866407 0.0139139 0.0206538 0.0287564 0.0379668 0.0477888 0.0574006 0.0657796 0.0720126 0.0755563 0.0762885 0.0744068 0.0703128 0.0645297 0.0576304 0.0501682 0.0426233 0.0353704 0.0286631 0.0226388 0.0173492 0.0128059 0.00901652 0.00598997 0.00371365
 0.00864297 0.0138712 0.0205734 0.0286163 0.0377427 0.0474607 0.0569614 0.0652435 0.071419 0.0749691 0.0757886 0.0740796 0.0702314 0.0647368 0.0581208 0.0508775 0.0434335 0.0361387 0.0292674 0.023017 0.0175109 0.0128124 0.00894439 0.00590039 0.00364012
 0.00861023 0.0138168 0.020489 0.028492 0.0375673 0.0472234 0.0566542 0.0648654 0.0709805 0.0744958 0.0753233 0.0736798 0.0699614 0.0646552 0.0582643 0.0512463 0.043982 0.0367808 0.0298972 0.0235415 0.0178783 0.0130215 0.00903186 0.00591604 0.0036259
 0.00854726 0.0137223 0.020361 0.0283333 0.0373834 0.0470194 0.0564333 0.0646287 0.0707284 0.0742311 0.0750541 0.073423 0.0697451 0.0645166 0.0582433 0.0513727 0.0442617 0.0371859 0.0303687 0.0240051 0.0182689 0.0133031 0.00920343 0.00600183 0.00365856
 0.0085049 0.0136645 0.0202945 0.0282714 0.0373418 0.0470105 0.05646 0.0646815 0.0707871 0.0742688 0.0750444 0.073348 0.0696029 0.064326 0.0580421 0.0512088 0.0441787 0.0372079 0.0304904 0.0241934 0.0184758 0.013485 0.00933513 0.00608037 0.00369603
 0.00854731 0.013719 0.0203504 0.0283117 0.0373501 0.0469805 0.0564019 0.0646191 0.0707459 0.0742623 0.0750662 0.0733744 0.069605 0.0642828 0.0579505 0.0510866 0.0440587 0.0371252 0.0304687 0.0242349 0.0185624 0.0135875 0.00942693 0.00614668 0.00373523
 0.00861851 0.0138326 0.0205164 0.0285345 0.0376243 0.0472862 0.0567032 0.0648711 0.0709091 0.0743175 0.0750201 0.0732513 0.0694309 0.0640752 0.0577178 0.0508357 0.0438033 0.0368877 0.0302735 0.0240991 0.0184882 0.0135625 0.00943115 0.00616135 0.00374867
 0.00856939 0.0137596 0.0204195 0.0284197 0.0375031 0.047174 0.0566169 0.0648244 0.070908 0.0743571 0.0750863 0.0733281 0.0695071 0.0641457 0.0577807 0.0508881 0.043842 0.0369122 0.0302892 0.0241152 0.0185124 0.0135964 0.00947005 0.0061978 0.00377701
 0.00870028 0.0139452 0.0206489 0.0286658 0.0377312 0.0473548 0.0567362 0.0648852 0.0709233 0.0743409 0.0750467 0.0732659 0.0694189 0.0640295 0.0576394 0.0507305 0.0436792 0.0367556 0.0301484 0.023998 0.0184238 0.0135376 0.00943729 0.00618378 0.00377362
 0.00887681 0.0142073 0.0209959 0.0290777 0.0381703 0.0477714 0.0570766 0.0651013 0.0709855 0.0742493 0.0748327 0.0729798 0.0691113 0.0637356 0.0573745 0.0504954 0.0434698 0.0365689 0.029985 0.0238607 0.0183156 0.0134591 0.009386 0.00615427 0.00375905
 0.0089589 0.0143539 0.0212391 0.0294514 0.0386969 0.048443 0.0578406 0.0658623 0.071628 0.0746717 0.0749768 0.0728438 0.068743 0.0632122 0.0567788 0.0498961 0.0429124 0.036077 0.0295677 0.0235194 0.018048 0.0132602 0.00924746 0.00606498 0.00370632
 0.00906435 0.0145263 0.0215011 0.0298267 0.0392074 0.0491025 0.0586437 0.0667724 0.0725699 0.0755358 0.0756386 0.0731951 0.0687249 0.0628337 0.0561118 0.0490501 0.0420025 0.0351981 0.028783 0.0228618 0.0175271 0.01287 0.00897263 0.00588426 0.00359636
 0.00893992 0.0143219 0.0211916 0.0293929 0.038647 0.0484447 0.0579601 0.0661727 0.0721774 0.0754487 0.0758945 0.0737538 0.0694783 0.0636389 0.0568354 0.0496045 0.04236 0.0353817 0.028842 0.0228487 0.0174829 0.0128206 0.00893066 0.00585399 0.00357716
 0.00895048 0.0143173 0.0211441 0.0292618 0.0383881 0.048026 0.0573795 0.0654695 0.0714333 0.0747769 0.0754161 0.0735666 0.0696246 0.0640883 0.0574917 0.0503377 0.0430482 0.0359436 0.0292483 0.023112 0.0176376 0.0129041 0.00897288 0.00587438 0.00358682
 0.00880547 0.0141313 0.0209538 0.0291263 0.0383652 0.048138 0.0575899 0.065689 0.0715567 0.0747313 0.0751949 0.0732323 0.0692824 0.0638443 0.0574137 0.0504343 0.043273 0.0362216 0.0295086 0.0233108 0.0177637 0.0129696 0.00899884 0.00588006 0.00358488
#obs surv len freq
 nan nan nan nan nan nan nan nan nan nan nan nan nan nan nan nan nan nan nan nan nan nan nan nan nan
 0.00448279 0.00734316 0.0111721 0.0159874 0.0216873 0.0279622 0.0342761 0.0400075 0.0446877 0.0481526 0.0505119 0.0520093 0.052903 0.0534168 0.0537321 0.0539879 0.054267 0.0545602 0.0546992 0.0542912 0.0527292 0.049361 0.0438103 0.0362896 0.0276724
 0.00461704 0.00756309 0.0115058 0.0164611 0.0223186 0.0287506 0.0351926 0.0409928 0.0456598 0.0490235 0.0512042 0.0524677 0.0530998 0.0533515 0.0534276 0.0534817 0.0536032 0.0537817 0.0538453 0.053399 0.0518377 0.0485137 0.0430522 0.0356591 0.0271905
 0.00477591 0.00782419 0.011904 0.0170308 0.0230869 0.0297264 0.0363551 0.0422857 0.046997 0.0503026 0.0523221 0.0533334 0.0536442 0.0535345 0.0532413 0.0529485 0.0527688 0.052706 0.052595 0.0520446 0.0504547 0.0471827 0.0418532 0.0346581 0.0264241
 0.00497182 0.00814222 0.012382 0.0177041 0.0239825 0.0308529 0.037692 0.043778 0.0485608 0.0518378 0.0537247 0.0545048 0.0544968 0.0539982 0.0532706 0.0525285 0.0519175 0.0514725 0.0510552 0.0502963 0.0486135 0.045376 0.0402066 0.0332741 0.0253604
 0.00518497 0.00849289 0.0129173 0.0184701 0.0250148 0.0321621 0.0392491 0.0455107 0.0503649 0.0535981 0.0553328 0.0558666 0.0555319 0.0546376 0.0534573 0.0522226 0.0511044 0.0501714 0.0493257 0.0482416 0.0463773 0.0431305 0.0381284 0.0315103 0.0239966
 0.0053995 0.00884605 0.0134573 0.0192453 0.0260652 0.0335054 0.0408651 0.0473347 0.052295 0.0555132 0.0571116 0.0574004 0.0567303 0.0554285 0.0537835 0.0520394 0.0503821 0.048905 0.0475499 0.0460457 0.0439112 0.0405939 0.035739 0.0294571 0.0223958
 0.00564593 0.00924674 0.0140607 0.020097 0.0272002 0.0349354 0.0425649 0.0492365 0.0542967 0.0574961 0.0589581 0.0590038 0.057999 0.0562869 0.0541711 0.0519085 0.0496978 0.0476512 0.0457448 0.0437621 0.0412927 0.0378509 0.0331156 0.0271759 0.0206013
 0.0058827 0.00963491 0.0146508 0.0209383 0.0283307 0.0363671 0.0442689 0.0511385 0.0562887 0.0594579 0.0607765 0.060582 0.0592567 0.0571568 0.0545956 0.0518378 0.0490901 0.0464801 0.0440139 0.041528 0.0386858 0.035077 0.0304266 0.0248108 0.0187238
 0.00614158 0.0100593 0.0152959 0.0218574 0.0295644 0.0379263 0.046118 0.0531895 0.0584142 0.0615171 0.0626394 0.0621441 0.0604424 0.0579152 0.0548917 0.0516439 0.0483805 0.0452345 0.0422324 0.0392567 0.0360416 0.0322559 0.0276776 0.0223787 0.0167818
 0.0063725 0.0104408 0.0158817 0.0227013 0.0307106 0.0393922 0.0478768 0.0551635 0.0604853 0.0635481 0.0644972 0.0637142 0.0616368 0.0586736 0.0551781 0.0514386 0.0476719 0.0440159 0.0405116 0.0370774 0.0335094 0.0295499 0.0250313 0.0200267 0.0148945
 0.00661113 0.0108295 0.0164682 0.023531 0.0318185 0.0407899 0.0495385 0.0570197 0.0624306 0.0654595 0.0662524 0.0652048 0.0627747 0.0593944 0.0554405 0.051221 0.0469664 0.0428252 0.0388531 0.0349995 0.0311125 0.0269985 0.022539 0.0178096 0.013112
 0.00684276 0.0112104 0.0170489 0.0243606 0.0329333 0.0421974 0.0512016 0.0588531 0.0643152 0.0672674 0.0678688 0.0665385 0.0637585 0.0599811 0.0555999 0.0509361 0.0462315 0.0416455 0.0372502 0.0330238 0.0288603 0.0246209 0.0202286 0.0157601 0.0114658
 0.00707881 0.0115965 0.0176345 0.0251924 0.034046 0.0435982 0.0528543 0.0606724 0.0661785 0.0690382 0.0694215 0.0677742 0.0646115 0.0604172 0.0556089 0.0505229 0.0454082 0.0404291 0.0356686 0.0311283 0.0267412 0.0224146 0.0181054 0.0138891 0.00996941
 0.00730805 0.0119743 0.0182119 0.0260192 0.0351589 0.0450036 0.0545114 0.0624889 0.068024 0.0707713 0.0709144 0.0689278 0.0653612 0.0607321 0.0554871 0.0499835 0.0444818 0.0391521 0.0340835 0.0292929 0.0247418 0.020373 0.0161687 0.0122001 0.0086285
 0.00745296 0.0122159 0.0185873 0.0265675 0.0359152 0.045987 0.0557122 0.0638613 0.0694894 0.0722296 0.0722582 0.0700562 0.0661904 0.0612035 0.055571 0.0496767 0.0438029 0.038135 0.0327749 0.0277552 0.0230594 0.0186562 0.0145444 0.0107877 0.00751022
 0.00754611 0.0123658 0.0188108 0.0268811 0.0363346 0.0465255 0.0563762 0.0646467 0.0703777 0.0731863 0.0732328 0.0709837 0.0669967 0.0618145 0.0559227 0.0497246 0.0435269 0.0375404 0.0318916 0.0266371 0.021785 0.0173259 0.0132702 0.00967272 0.00662451
 0.00759426 0.0124407 0.0189174 0.0270229 0.0365142 0.0467459 0.0566423 0.064965 0.0707561 0.0736322 0.0737477 0.0715565 0.0675975 0.0623926 0.0564121 0.0500553 0.0436384 0.0373945 0.0314803 0.0259864 0.0209538 0.0163999 0.0123482 0.00884682 0.00595901
 0.00764641 0.0125176 0.0190184 0.0271426 0.0366441 0.0468778 0.0567713 0.0650914 0.0708869 0.0737801 0.0739297 0.071789 0.0678884 0.0627338 0.0567738 0.0503873 0.0438787 0.0374833 0.0313761 0.0256788 0.0204696 0.0157993 0.0117117 0.00825426 0.00546987
 0.00772636 0.012637 0.0191782 0.0273358 0.0368566 0.0470912 0.0569653 0.0652477 0.0709929 0.0738349 0.073946 0.0717907 0.0679039 0.062786 0.0568714 0.0505184 0.04401 0.0375672 0.0313635 0.0255365 0.0201934 0.0154183 0.0112802 0.00783486 0.00511352
 0.00777273 0.0127149 0.0192994 0.0275106 0.0370899 0.0473754 0.0572768 0.0655484 0.0712406 0.0739965 0.0740083 0.0717627 0.0678123 0.0626662 0.056757 0.0504311 0.0439529 0.0375227 0.0313 0.0254204 0.0200047 0.0151611 0.0109825 0.0075377 0.00485511
 0.00781277 0.0127705 0.0193662 0.0275803 0.0371543 0.0474326 0.0573334 0.0656168 0.07133 0.074105 0.0741207 0.0718573 0.0678709 0.0626834 0.0567412 0.0503993 0.0439205 0.0374949 0.031268 0.0253659 0.0199101 0.0150205 0.0108072 0.00735205 0.00468611
 0.00784168 0.0128162 0.0194318 0.0276663 0.0372571 0.0475426 0.0574364 0.0656971 0.0713782 0.0741226 0.0741195 0.0718515 0.0678688 0.0626836 0.0567367 0.0503844 0.043895 0.0374618 0.0312283 0.0253151 0.0198405 0.0149271 0.0106935 0.0072307 0.00457344
 0.007867 0.0128545 0.0194842 0.0277321 0.0373339 0.0476271 0.0575239 0.065781 0.0714498 0.0741728 0.0741421 0.0718467 0.0678435 0.062648 0.0566993 0.050349 0.0438608 0.0374262 0.0311884 0.0252682 0.0197833 0.014858 0.0106145 0.00714842 0.00449735
 0.00788372 0.0128777 0.0195117 0.0277596 0.037356 0.0476398 0.0575261 0.0657754 0.0714412 0.0741664 0.0741414 0.0718522 0.0678533 0.0626595 0.0567112 0.0503608 0.043872 0.037435 0.0311919 0.0252628 0.0197662 0.0148281 0.0105738 0.00710212 0.00445216
 0.0078964 0.0128978 0.019541 0.0277985 0.0374031 0.0476908 0.0575739 0.0658111 0.0714577 0.0741614 0.0741187 0.0718198 0.0678202 0.062632 0.0566916 0.0503485 0.0438649 0.0374306 0.0311873 0.0252549 0.0197525 0.0148072 0.0105465 0.00707141 0.00442225
 0.00790679 0.0129107 0.0195531 0.0278048 0.0373985 0.0476728 0.0575444 0.0657759 0.0714237 0.0741337 0.0740992 0.0718084 0.0678163 0.0626361 0.0567043 0.0503696 0.0438924 0.0374609 0.0312163 0.0252786 0.0197678 0.0148127 0.0105429 0.00706109 0.00440885
 0.00788079 0.0128709 0.0194977 0.0277335 0.0373124 0.047574 0.0574363 0.0656647 0.0713186 0.0740464 0.0740418 0.0717894 0.0678383 0.062695 0.0567915 0.0504745 0.0440049 0.0375722 0.0313191 0.0253673 0.0198385 0.0148638 0.0105753 0.00707809 0.00441508
 0.00787282 0.0128501 0.0194522 0.0276485 0.0371753 0.0473816 0.0572003 0.065411 0.0710805 0.0738546 0.0739168 0.07174 0.0678635 0.0627865 0.056936 0.0506553 0.0442042 0.0377731 0.0315076 0.0255328 0.0199744 0.0149677 0.0106484 0.00712488 0.00444179
 0.00786353 0.0128353 0.01943 0.027616 0.0371273 0.0473101 0.0570961 0.0652676 0.0709002 0.0736521 0.0737186 0.0715773 0.0677623 0.0627609 0.0569857 0.0507687 0.0443627 0.0379558 0.0316944 0.0257072 0.0201245 0.0150871 0.0107359 0.00718347 0.00447738
 0.00784304 0.0128011 0.0193772 0.0275399 0.0370251 0.0471829 0.0569497 0.0651117 0.0707451 0.073506 0.0735875 0.0714682 0.0676857 0.0627296 0.0570107 0.0508537 0.0445014 0.038133 0.0318899 0.0259005 0.0202986 0.0152308 0.0108447 0.00725889 0.00452495
 0.00781509 0.0127529 0.0192996 0.0274233 0.0368621 0.0469728 0.056702 0.0648469 0.0704906 0.0732892 0.0734289 0.0713781 0.0676649 0.0627728 0.0571111 0.0510042 0.0446943 0.0383573 0.0321302 0.0261384 0.020516 0.0154139 0.0109864 0.00735928 0.00458979
 0.00777889 0.0126933 0.0192087 0.0272931 0.0366865 0.0467499 0.0564375 0.0645557 0.0701959 0.0730193 0.0732122 0.0712374 0.0676136 0.0628127 0.0572332 0.0511932 0.0449319 0.0386253 0.0324105 0.0264128 0.0207671 0.0156275 0.0111542 0.00748021 0.00466929
 0.00775522 0.0126529 0.0191441 0.0271963 0.0365504 0.0465712 0.0562194 0.0643089 0.0699373 0.0727692 0.0729919 0.071067 0.0675104 0.0627884 0.0572917 0.051329 0.0451317 0.0388699 0.0326784 0.0266823 0.0210187 0.0158452 0.0113282 0.00760786 0.0047547
 0.00772781 0.0126093 0.0190802 0.0271088 0.0364366 0.0464299 0.0560519 0.0641201 0.069736 0.0725676 0.0728043 0.0709093 0.0673973 0.0627327 0.0573022 0.0514087 0.0452762 0.0390675 0.0329111 0.0269286 0.0212569 0.0160569 0.011501 0.00773688 0.00484243
 0.00931572 0.0148318 0.0217621 0.0298656 0.0387874 0.0479753 0.0566151 0.0637728 0.0687142 0.0711505 0.071226 0.0693283 0.0659066 0.0613827 0.0561193 0.0504058 0.0444564 0.0384256 0.0324334 0.0265939 0.0210387 0.0159266 0.0114312 0.00770459 0.00483042
 0.00930217 0.015103 0.0226871 0.0319017 0.0422804 0.0528913 0.0623699 0.069327 0.0729429 0.0732866 0.071113 0.0673603 0.0627553 0.0577089 0.0524102 0.0469501 0.0413946 0.0358106 0.0302724 0.0248691 0.0197157 0.0149578 0.0107591 0.00726647 0.00456433
 0.0089601 0.0145657 0.0219352 0.0309864 0.0413769 0.052334 0.062612 0.0707787 0.0757255 0.0770501 0.0750794 0.0706193 0.0646423 0.0580353 0.0514324 0.0451564 0.0392748 0.0337234 0.0284222 0.0233423 0.0185263 0.0140808 0.010149 0.00686862 0.00432298
 0.00877493 0.0142548 0.0214497 0.0302787 0.0404191 0.0511516 0.0613262 0.0696335 0.0750664 0.077228 0.0762943 0.0727746 0.0673138 0.060609 0.0533515 0.0461322 0.0393437 0.0331477 0.0275289 0.0223998 0.0176972 0.0134327 0.00968701 0.00656526 0.00413929
 0.00870489 0.0141341 0.0212546 0.0299801 0.039986 0.0505589 0.0605684 0.068742 0.074129 0.0764014 0.075793 0.0728166 0.0680254 0.0619322 0.055022 0.0477651 0.04059 0.0338277 0.027668 0.0221636 0.0172879 0.0130096 0.00933825 0.00631773 0.00398328
 0.00869128 0.0141083 0.0212083 0.0299013 0.0398593 0.0503668 0.0602934 0.0683706 0.0736589 0.0758532 0.0752247 0.0723321 0.0677622 0.0620185 0.0555114 0.048587 0.041556 0.0347044 0.0282763 0.0224431 0.0172931 0.0128548 0.00913449 0.00613689 0.00385366
 0.00867413 0.0140814 0.0211694 0.0298484 0.0397899 0.0502771 0.0601778 0.0682216 0.0734676 0.0756126 0.0749357 0.0720128 0.067458 0.0618018 0.0554652 0.0487677 0.0419557 0.0352384 0.0288122 0.0228598 0.01753 0.0129238 0.00909411 0.00605283 0.00377199
 0.00868114 0.014089 0.0211739 0.029844 0.0397705 0.0502384 0.0601188 0.0681442 0.073374 0.0755023 0.0748051 0.0718581 0.0672824 0.0616239 0.055322 0.0487078 0.0420182 0.0354288 0.0290907 0.0231544 0.0177699 0.0130699 0.00914848 0.00604558 0.00373858
 0.00867376 0.014082 0.0211722 0.0298544 0.0397984 0.0502839 0.0601742 0.0681948 0.0734033 0.0754979 0.0747614 0.0717764 0.0671681 0.0614865 0.0551775 0.0485809 0.0419388 0.0354212 0.0291595 0.0232779 0.0179084 0.0131844 0.00921788 0.00607104 0.00373542
 0.00863447 0.0140223 0.0210907 0.0297535 0.0396854 0.0501706 0.0600756 0.0681262 0.0733751 0.0755105 0.0748046 0.0718326 0.0672197 0.0615215 0.0551924 0.0485817 0.0419397 0.0354396 0.0292086 0.0233589 0.0180081 0.0132814 0.00929354 0.00611733 0.00375587
 0.00860936 0.0139793 0.0210222 0.0296521 0.0395467 0.0499973 0.0598808 0.0679333 0.0732123 0.075403 0.0747667 0.0718643 0.0673071 0.0616422 0.0553236 0.0487062 0.0420502 0.0355382 0.0293027 0.0234547 0.0181053 0.0133729 0.00936967 0.00617163 0.00378821
 0.00863277 0.0140133 0.0210654 0.0296997 0.0395903 0.0500263 0.0598839 0.0679015 0.073143 0.0753027 0.0746515 0.0717552 0.0672231 0.0615941 0.0553108 0.04872 0.042079 0.0355734 0.0293408 0.0234959 0.01815 0.0134189 0.00941196 0.00620535 0.003811
 0.00863152 0.0140132 0.0210688 0.0297095 0.0396087 0.0500526 0.0599131 0.0679247 0.0731495 0.0752843 0.0746054 0.0716866 0.0671444 0.0615208 0.0552567 0.0486926 0.042078 0.0355928 0.0293728 0.0235341 0.0181902 0.0134579 0.00944693 0.00623364 0.0038312
 0.00861444 0.0139896 0.021041 0.0296825 0.0395891 0.0500464 0.059924 0.0679523 0.0731889 0.0753265 0.0746396 0.0717028 0.0671373 0.0614923 0.0552153 0.0486502 0.0420455 0.0355763 0.0293729 0.0235474 0.0182117 0.0134827 0.0094709 0.00625399 0.00384643
 0.00862186 0.0139985 0.0210488 0.0296854 0.0395838 0.0500328 0.0599062 0.067938 0.0731861 0.0753394 0.0746661 0.071735 0.0671645 0.0615052 0.0552097 0.0486282 0.0420145 0.0355455 0.0293499 0.0235358 0.0182111 0.0134899 0.00948204 0.00626553 0.00385611
 0.00862186 0.0139985 0.0210488 0.0296854 0.0395838 0.0500328 0.0599062 0.067938 0.0731861 0.0753394 0.0746661 0.071735 0.0671645 0.0615052 0.0552097 0.0486282 0.0420145 0.0355455 0.0293499 0.0235358 0.0182111 0.0134899 0.00948204 0.00626553 0.00385611
 0.00874574 0.0141946 0.0213329 0.0300656 0.0400553 0.050572 0.0604671 0.0684564 0.0735945 0.0755858 0.0747278 0.0716202 0.0669036 0.0611391 0.0547803 0.0481734 0.0415665 0.0351301 0.0289862 0.0232354 0.0179774 0.0133194 0.00936583 0.0061919 0.00381298
 0.00850331 0.0138281 0.0208343 0.0294496 0.0393602 0.0498568 0.0598073 0.0679343 0.0732813 0.075522 0.0749099 0.0720044 0.0674219 0.061719 0.0553598 0.0487083 0.0420312 0.0355153 0.0292939 0.0234742 0.0181584 0.0134532 0.00946145 0.00625715 0.00385484
 0.00842609 0.013675 0.020555 0.028986 0.0386674 0.0489337 0.0587201 0.0668145 0.0722936 0.0748151 0.0745773 0.0720674 0.0678367 0.0623975 0.0561949 0.0495965 0.0428886 0.036285 0.0299459 0.0239999 0.0185635 0.0137517 0.00967099 0.00639628 0.00394141
 0.00851412 0.0138121 0.0207471 0.0292265 0.0389293 0.0491631 0.0588393 0.066742 0.0719788 0.0742723 0.0738939 0.071378 0.0672756 0.0620547 0.0560961 0.0497095 0.0431468 0.0366137 0.0302819 0.0243009 0.0188087 0.0139368 0.0098016 0.00648267 0.00399484
#pred catch len freq
 0.00331716 0.00533478 0.00795567 0.0111961 0.0150879 0.0196436 0.024793 0.0303549 0.0360672 0.0416396 0.0467996 0.0513313 0.0551053 0.0580816 0.0602809 0.0617454 0.0625094 0.0625792 0.061896 0.06028 0.0573988 0.0528485 0.0463872 0.0382242 0.0291427
 0.00353494 0.00563837 0.00832285 0.0115843 0.0154583 0.019992 0.0251626 0.0308135 0.0366536 0.0423126 0.0474258 0.0517277 0.0551166 0.0576525 0.0594879 0.060775 0.0615919 0.0619034 0.0615393 0.0601865 0.0574187 0.0528194 0.0462134 0.0379084 0.0287603
 0.00363966 0.00583008 0.00864728 0.0120875 0.0161648 0.020879 0.0261493 0.0317837 0.0375063 0.0430049 0.0479709 0.0521449 0.0553767 0.057669 0.0591691 0.0600973 0.0606404 0.0608461 0.0605518 0.0593735 0.0567822 0.052289 0.045712 0.0374052 0.0282794
 0.00380756 0.00608702 0.00900823 0.0125664 0.0167844 0.0216772 0.0271696 0.0330439 0.0389595 0.0445227 0.0493706 0.0532511 0.0560758 0.0579205 0.0589765 0.0594807 0.059641 0.0595488 0.0590893 0.0578934 0.0553983 0.0510565 0.044641 0.0364943 0.0275358
 0.00406063 0.00647985 0.00956483 0.0132971 0.0176866 0.0227378 0.0283683 0.0343578 0.0403666 0.0459951 0.0508544 0.0546455 0.057233 0.0586792 0.0592101 0.0591319 0.0587265 0.0581483 0.0573314 0.0559382 0.0534127 0.0491856 0.0429898 0.0351251 0.0264737
 0.00430572 0.00687459 0.0101526 0.0141171 0.0187682 0.0240905 0.0299688 0.0361428 0.0422387 0.0478412 0.0525672 0.0561343 0.0584203 0.0594861 0.0595488 0.0589169 0.0579031 0.0567227 0.055385 0.0536232 0.0509286 0.0467445 0.0407802 0.0332808 0.0250582
 0.00455897 0.00727623 0.0107406 0.0149262 0.0198312 0.0254363 0.0316118 0.0380664 0.0443784 0.0500786 0.0547409 0.0580679 0.0599564 0.0605101 0.0599901 0.0587342 0.0570727 0.0552449 0.0533081 0.0510665 0.0480871 0.0438647 0.0381117 0.0310225 0.0233177
 0.00479649 0.00765625 0.0113024 0.0157061 0.0208606 0.0267377 0.0331908 0.0399034 0.0464241 0.0522518 0.0569274 0.0601235 0.0617185 0.0618193 0.060715 0.0587868 0.0564115 0.0538711 0.0512703 0.0484759 0.0451309 0.0407971 0.0352121 0.0285314 0.0213796
 0.00509393 0.00812023 0.0119661 0.0165922 0.0219848 0.0281098 0.0348111 0.041752 0.0484517 0.0543761 0.0590377 0.0620911 0.0634087 0.0631015 0.0614704 0.0589162 0.055845 0.05258 0.0492811 0.0458866 0.0421226 0.0376272 0.0321747 0.0258918 0.0193075
 0.00547338 0.00870942 0.0128021 0.0176937 0.0233528 0.0297295 0.0366489 0.0437513 0.0505337 0.0564467 0.0609956 0.0638343 0.0648385 0.0641258 0.0620055 0.0588883 0.0551927 0.0512652 0.0473075 0.0433253 0.0391325 0.0344522 0.0291072 0.0232047 0.0171835
 0.00579083 0.00922574 0.0135799 0.0187921 0.0248172 0.0315738 0.038836 0.0461832 0.0530606 0.0588927 0.0631895 0.0656337 0.0661441 0.064882 0.0621894 0.0584927 0.0542131 0.0496984 0.0451677 0.0406731 0.0361034 0.0312653 0.0260355 0.0205111 0.0150487
 0.00606127 0.00965986 0.0142257 0.0196981 0.0260318 0.0331401 0.0407753 0.0484719 0.0556091 0.0615386 0.0657145 0.0678038 0.0677599 0.0658169 0.0624003 0.0580014 0.0530747 0.0479754 0.0429249 0.0379949 0.0331223 0.0281776 0.023084 0.0179317 0.0130058
 0.00642018 0.0102101 0.0149938 0.0206923 0.0272495 0.0345772 0.0424284 0.0503304 0.0576405 0.0636738 0.0678383 0.0697576 0.0693606 0.0668914 0.062822 0.0577142 0.0520933 0.0463667 0.0407869 0.0354486 0.0303191 0.025308 0.0203658 0.0155702 0.0111412
 0.00677949 0.0107748 0.0158072 0.0217806 0.0286168 0.0361995 0.0442471 0.0522539 0.0595598 0.0654851 0.0694578 0.0711201 0.070406 0.0675521 0.063024 0.0573919 0.0512106 0.0449331 0.0388626 0.0331415 0.0277799 0.0227219 0.0179329 0.0134701 0.00949109
 0.00705505 0.0112191 0.0164699 0.0227076 0.0298443 0.0377413 0.0460776 0.0542942 0.0616769 0.0675096 0.0712154 0.072468 0.0712586 0.0678857 0.0628576 0.0567595 0.0501426 0.0434579 0.0370223 0.0310111 0.0254777 0.0204047 0.0157735 0.0116212 0.00804847
 0.00712849 0.0113574 0.016715 0.0231151 0.0304772 0.0386558 0.0473046 0.0558219 0.0634398 0.069387 0.0730424 0.0740611 0.0724528 0.068569 0.0629889 0.0563617 0.0492782 0.0422028 0.0354537 0.0292125 0.0235517 0.0184783 0.013986 0.0100961 0.00686224
 0.00718084 0.0114354 0.0168215 0.0232548 0.0306645 0.0389233 0.047705 0.0564173 0.0642778 0.0704724 0.0743194 0.0754135 0.0737253 0.0696007 0.0636488 0.0565733 0.0490276 0.0415289 0.0344305 0.0279341 0.0221258 0.0170233 0.0126218 0.0089254 0.00594862
 0.00724384 0.01153 0.016949 0.0234112 0.0308417 0.0391133 0.0479051 0.0566365 0.0645419 0.070822 0.0747959 0.0760359 0.0744673 0.0703831 0.0643538 0.0570766 0.0492319 0.0413873 0.0339524 0.0271771 0.0211816 0.0160014 0.0116325 0.00806121 0.00526736
 0.00729011 0.0115974 0.0170359 0.0235107 0.0309433 0.0392056 0.0479793 0.056689 0.0645773 0.0708572 0.0748616 0.0761721 0.0747099 0.0707446 0.0648063 0.0575489 0.049626 0.041608 0.0339372 0.0269146 0.020712 0.0154029 0.010999 0.00747817 0.00479303
 0.00725201 0.0115489 0.0169874 0.0234796 0.0309482 0.0392581 0.0480772 0.0568158 0.0647096 0.070974 0.0749537 0.0762465 0.0747883 0.0708555 0.0649715 0.0577678 0.0498669 0.0418129 0.0340413 0.0268715 0.020513 0.0150803 0.0106137 0.00709729 0.00446898
 0.00718492 0.0114452 0.0168423 0.0232946 0.0307337 0.0390348 0.0478759 0.0566715 0.0646504 0.0710104 0.0750745 0.0764256 0.0749982 0.071079 0.0652046 0.0580126 0.0501192 0.042053 0.0342342 0.0269791 0.0205115 0.0149733 0.0104321 0.00688678 0.00427272
 0.0072302 0.0114946 0.0168723 0.0232694 0.0306161 0.0388036 0.0475401 0.0562744 0.0642589 0.0706955 0.0748908 0.0763973 0.0751163 0.071309 0.0655016 0.0583361 0.0504399 0.0423494 0.0344864 0.0271662 0.0206168 0.0149932 0.0103809 0.00679298 0.0041682
 0.00721752 0.0114731 0.0168366 0.0232089 0.0305118 0.0386264 0.0472563 0.0558604 0.0637216 0.0700879 0.0743084 0.0759518 0.074897 0.071353 0.0657863 0.0587953 0.0509897 0.0429118 0.0350016 0.0275943 0.0209366 0.0152007 0.0104888 0.00682652 0.00415772
 0.00730359 0.0116025 0.0170111 0.0234223 0.0307494 0.0388654 0.0474648 0.0559969 0.0637395 0.0699475 0.0739957 0.0754951 0.0743698 0.0708556 0.0654128 0.0586015 0.0509794 0.0430448 0.0352154 0.0278271 0.0211414 0.0153513 0.010579 0.00686559 0.00416268
