SBPRF35
7.78865
Curr Bio
492687
B35
686072
F35
0.213895
FOFL
0.136395
OFL
48928.1
Bzero
2.22533e+006
#pred survey bio
 4.68691e+006 4.45076e+006 4.20836e+006 3.89283e+006 3.57216e+006 3.21177e+006 2.86623e+006 2.53958e+006 2.24459e+006 1.98407e+006 1.75546e+006 1.55312e+006 1.36695e+006 1.20287e+006 1.08678e+006 960315 862466 811193 760560 733285 694037 665996 649268 631988 627942 625229 615443 614038 598759 598049 600023 601346 601059 590892 585477 576392 571902 572740 571731 566903 567569 573032 580707 586731 581263 579962 584046 589150 583512 584527 587952 525531 497970 1.59127e+007 9.49497e+006 9.81443e+006 1.07124e+007 1.19088e+007 1.31326e+007 1.42259e+007 1.51259e+007 1.58285e+007 1.63577e+007 1.67471e+007 1.70294e+007 1.72321e+007 1.73773e+007 1.74812e+007 1.75557e+007 1.76094e+007 1.76483e+007 1.76767e+007 1.76976e+007 1.7713e+007 1.77245e+007 1.77331e+007 1.77395e+007 1.77444e+007 1.77481e+007 1.77509e+007 1.77531e+007 1.77547e+007 1.7756e+007 1.77569e+007 1.77577e+007 1.77583e+007 1.77587e+007 1.7759e+007 1.77593e+007 1.77595e+007 1.77597e+007 1.77598e+007 1.77599e+007 1.77599e+007 1.776e+007 1.776e+007 1.77601e+007 1.77601e+007 1.77601e+007 1.77601e+007 1.77602e+007 1.77602e+007 1.77602e+007 1.77602e+007 1.77602e+007 1.77602e+007 1.77602e+007 1.77602e+007 1.77602e+007 1.77602e+007 1.77602e+007 1.77602e+007 1.77602e+007 1.77602e+007 1.77602e+007 1.77602e+007 1.77602e+007 1.77602e+007 1.77602e+007 1.77602e+007 1.77602e+007 1.77602e+007 1.77602e+007 1.77602e+007 1.77602e+007 1.77602e+007 1.77602e+007 1.77602e+007 1.77602e+007 1.77602e+007 1.77602e+007 1.77602e+007 1.77602e+007 1.77602e+007 1.77602e+007 1.77602e+007 1.77602e+007 1.77602e+007 1.77602e+007 1.77602e+007 1.77602e+007 1.77602e+007 1.77602e+007 1.77602e+007 1.77602e+007 1.77602e+007 1.77602e+007 1.77602e+007 1.77602e+007 1.77602e+007 1.77602e+007 1.77602e+007 1.77602e+007 0 0 0 0 0 0 0 0 0 0 0 0 0 0 0 0 0 0 0 0 0 0 0 0 0
#obs survey bio
 2.79695e+006 3.51324e+006 2.91534e+006 3.46489e+006 2.76021e+006 2.43437e+006 2.32089e+006 2.42054e+006 2.3543e+006 1.5393e+006 1.54679e+006 1.02338e+006 1.16828e+006 1.17472e+006 883189 775293 668180 550233 701667 717268 836593 754737 423894 495310 428300 579886 673802 498682 570514 592810 625149 479728 456470 514147 756596 439785 842357 789389 485643 379935 381826 716967 574837 753998 581587 584740 610104 613883 617943 914566 579765 640490 424043
#pred catch bio
 93147.4 97295.7 173185 197671 260399 277366 291057 291408 285971 278894 272249 270080 258685 222001 232787 206516 164587 161226 137668 143167 128809 116482 115772 104046 102396 106975 98369.1 108212 93962.3 90621.3 90715.5 91698.6 98612.2 91490.1 90619.6 85090.8 82934.3 87937.4 93150 89329.2 85563.1 83622 84876 94220 90409.9 85705.5 84327.8 92257.8 85316.9 82169.7 134739 100918 109537 48928.1 73338.7 74299.7 79798.8 88430.6 97540 105622 112138 117076 120658 123176 124902 126064 126836 127341 127670 127882 128018 128105 128160 128196 128218 128232 128241 128246 128250 128252 128253 128254 128255 128255 128255 128255 128255 128255 128255 128255 128255 128255 128255 128255 128255 128255 128255 128255 128255 128255 128255 128255 128255 128255 128255 128255 128255 128255 128255 128255 128255 128255 128255 128255 128255 128255 128255 128255 128255 128255 128255 128255 128255 128255 128255 128255 128255 128255 128255 128255 128255 128255 128255 128255 128255 128255 128255 128255 128255 128255 128255 128255 128255 128255 128255 128255 128255 128255 128255 128255 128255 128255 128255 0 0 0 0 0 0 0 0 0 0 0 0 0 0 0 0 0 0 0 0 0 0 0 0 0
#obs catch bio
 0 97022.8 174458 198685 263635 281351 295731 297447 291883 286023 279966 278233 267408 228490 241642 214002 168531 165815 140116 146170 130274 117023 117643 105672 104355 108617 99505.1 109908 95267.8 91417.5 91571.8 92972.6 100437 93253.2 91747.1 85890.1 83317.4 87927.2 93177.9 89598.6 86018.4 83600.4 84883.2 94097.3 90628.3 86148.1 84466.5 92341 85308.6 81591.2 135038 100192 109675
#pred cpue bio
 4.60645e+006 4.37588e+006 4.1383e+006 3.82529e+006 3.50618e+006 3.14797e+006 2.80459e+006 2.47996e+006 2.18685e+006 1.92807e+006 1.70117e+006 1.50077e+006 1.31679e+006 1.15494e+006 1.04048e+006 916564 821190 771516 722820 697038 659790 633185 616986 599978 596016 593640 584501 583448 568919 568582 570752 572037 571797 562286 557972 550164 545481 544881 542930 538073 538836 544393 552117 558100 552745 551380 555496 560805 555616 556846 560501 499975 473358 1.51274e+007 9.03143e+006 9.20247e+006 9.93685e+006 1.10745e+007 1.22842e+007 1.33746e+007 1.42741e+007 1.49766e+007 1.55058e+007 1.58952e+007 1.61774e+007 1.63802e+007 1.65254e+007 1.66293e+007 1.67038e+007 1.67575e+007 1.67964e+007 1.68248e+007 1.68457e+007 1.68611e+007 1.68726e+007 1.68812e+007 1.68876e+007 1.68925e+007 1.68962e+007 1.6899e+007 1.69012e+007 1.69028e+007 1.69041e+007 1.6905e+007 1.69058e+007 1.69063e+007 1.69068e+007 1.69071e+007 1.69074e+007 1.69076e+007 1.69077e+007 1.69079e+007 1.6908e+007 1.6908e+007 1.69081e+007 1.69081e+007 1.69082e+007 1.69082e+007 1.69082e+007 1.69082e+007 1.69082e+007 1.69082e+007 1.69083e+007 1.69083e+007 1.69083e+007 1.69083e+007 1.69083e+007 1.69083e+007 1.69083e+007 1.69083e+007 1.69083e+007 1.69083e+007 1.69083e+007 1.69083e+007 1.69083e+007 1.69083e+007 1.69083e+007 1.69083e+007 1.69083e+007 1.69083e+007 1.69083e+007 1.69083e+007 1.69083e+007 1.69083e+007 1.69083e+007 1.69083e+007 1.69083e+007 1.69083e+007 1.69083e+007 1.69083e+007 1.69083e+007 1.69083e+007 1.69083e+007 1.69083e+007 1.69083e+007 1.69083e+007 1.69083e+007 1.69083e+007 1.69083e+007 1.69083e+007 1.69083e+007 1.69083e+007 1.69083e+007 1.69083e+007 1.69083e+007 1.69083e+007 1.69083e+007 1.69083e+007 1.69083e+007 1.69083e+007 1.69083e+007 1.69083e+007 1.69083e+007 0 0 0 0 0 0 0 0 0 0 0 0 0 0 0 0 0 0 0 0 0 0 0 0 0
#obs cpue bio
 3.5148e+006 3.89193e+006 3.18243e+006 2.79249e+006 2.85601e+006 2.76331e+006 3.17333e+006 1.4381e+006 1.90911e+006 1.35659e+006 1.26938e+006 1.70832e+006 943084 781927 749078 713675 944578 727059 802309 568839 707486 704414 387069 506681 511711 791930 447146 602371 392437 730546 449581 397940 518037 375488 653460 710350 492364 615261 647288 587798 602989 672454 516105 568588 372328 391801 657358 681924 501790 493809 553511 489247 444213
#pred surv len freq
 0.00566759 0.00909091 0.013473 0.0187227 0.0246718 0.0310133 0.0372639 0.0428652 0.047393 0.0507088 0.0529406 0.0543497 0.0552012 0.0556928 0.0559243 0.0558907 0.0554979 0.0545952 0.0530024 0.05052 0.0469376 0.0420899 0.0359818 0.0289277 0.0215778
 0.00589597 0.00935114 0.0136658 0.0187036 0.0243105 0.0302752 0.036262 0.0418338 0.0465845 0.0502715 0.0528533 0.054449 0.0552774 0.0555964 0.0556331 0.0555155 0.0552308 0.0546228 0.0534212 0.0512901 0.0478998 0.0430368 0.0367448 0.0294319 0.0218431
 0.00624822 0.00989762 0.0144317 0.0196746 0.0254135 0.031366 0.0371373 0.0422865 0.0464932 0.0496726 0.0519355 0.0534573 0.0543881 0.0548496 0.0549633 0.0548461 0.0545581 0.0540331 0.0530372 0.051189 0.0480608 0.0433507 0.037073 0.0296729 0.0219643
 0.00652471 0.010353 0.0151274 0.0206692 0.0267467 0.0330308 0.0390487 0.0442644 0.0482797 0.0509908 0.0525752 0.0533498 0.0536268 0.0536377 0.0535177 0.0533216 0.0530375 0.0525701 0.0516975 0.0500497 0.0471738 0.0427117 0.0366276 0.0293514 0.0217165
 0.00677971 0.0107567 0.0157167 0.0214765 0.0278004 0.0343531 0.0406439 0.0461001 0.0502658 0.0529665 0.0543166 0.0546098 0.0542029 0.0534401 0.0525991 0.0518479 0.0512207 0.0506075 0.0497467 0.0482323 0.0455798 0.041394 0.0355962 0.0285815 0.0211656
 0.00710722 0.0112711 0.0164573 0.0224689 0.0290539 0.0358575 0.0423657 0.0479813 0.0522293 0.0549222 0.0561573 0.0561998 0.0553747 0.0540173 0.0524469 0.0509267 0.0496096 0.0484841 0.0473378 0.0457633 0.0432431 0.0393324 0.0338959 0.0272714 0.0202252
 0.00747703 0.0118491 0.0172843 0.0235682 0.0304291 0.0374897 0.0442079 0.0499565 0.0542392 0.0568631 0.0579345 0.0577285 0.0565685 0.0547747 0.0526511 0.0504702 0.0484377 0.0466346 0.0449533 0.043067 0.0404908 0.0367617 0.0316866 0.0255229 0.0189538
 0.00784271 0.0124283 0.0181274 0.0247114 0.0318882 0.0392504 0.0462154 0.0521128 0.0564163 0.0589276 0.0597698 0.0592452 0.0577014 0.05547 0.0528517 0.0501094 0.0474515 0.0449955 0.0427098 0.0403666 0.0375679 0.0338906 0.0291182 0.0234297 0.0174023
 0.00823864 0.013046 0.0190094 0.0258816 0.0333511 0.0409888 0.048184 0.0542328 0.0585784 0.0610052 0.0616371 0.0607921 0.0588433 0.0561485 0.0530274 0.0497494 0.0465227 0.0434744 0.0406121 0.0377828 0.0346809 0.0309565 0.0264087 0.0211618 0.0156865
 0.00859759 0.0136157 0.0198405 0.0270114 0.0347959 0.0427344 0.0501742 0.0563687 0.0607319 0.0630437 0.0634433 0.0622723 0.0599258 0.0567801 0.0531701 0.0493761 0.045614 0.0420204 0.0386278 0.0353363 0.0319184 0.0281005 0.0237183 0.0188649 0.013918
 0.00889995 0.0140988 0.0205524 0.0279918 0.0360704 0.044304 0.0520031 0.058377 0.0628029 0.0650422 0.0652373 0.0637501 0.0610045 0.0574065 0.0533146 0.0490242 0.0447589 0.0406628 0.0367875 0.0330734 0.0293565 0.0254323 0.0211772 0.0166676 0.012204
 0.00922526 0.0146072 0.02128 0.0289601 0.0372855 0.0457542 0.0536539 0.0601658 0.0646415 0.0668258 0.0668572 0.0651043 0.0620069 0.0579933 0.0534471 0.0486858 0.0439486 0.0393917 0.0350826 0.0309939 0.0270122 0.0229905 0.0188431 0.0146365 0.0106071
 0.0095446 0.0151154 0.0220237 0.0299738 0.0385833 0.0473191 0.0554268 0.0620456 0.0665009 0.0685382 0.0683181 0.0662392 0.0627673 0.0583499 0.0533839 0.0481985 0.0430429 0.0380839 0.033405 0.0290052 0.0248124 0.0207262 0.0166919 0.012768 0.00913616
 0.00990267 0.0156721 0.0228145 0.0310159 0.0398746 0.0488366 0.0571209 0.0638353 0.0682775 0.0701789 0.0697054 0.0672791 0.0634003 0.0585524 0.0531617 0.047574 0.0420457 0.0367462 0.0317664 0.0271239 0.0227781 0.0186653 0.0147543 0.0110952 0.00782303
 0.0100157 0.0158709 0.0231412 0.0315184 0.0405952 0.0497947 0.0582975 0.0651696 0.0696793 0.0715488 0.0709505 0.0683193 0.0641694 0.0590002 0.0532572 0.0473082 0.041429 0.0358047 0.0305396 0.0256688 0.0211765 0.0170263 0.0132039 0.00975098 0.00676403
 0.010164 0.0161193 0.023529 0.0320875 0.0413824 0.0508177 0.05954 0.066573 0.0711465 0.0729606 0.0721867 0.0692792 0.0647857 0.0592429 0.0531285 0.0468317 0.0406404 0.0347463 0.0292604 0.0242286 0.0196516 0.0155108 0.0118013 0.00855415 0.00583178
 0.0103702 0.016425 0.0239356 0.0325811 0.041943 0.0514331 0.0602122 0.0673131 0.0719593 0.073828 0.0730598 0.070083 0.0654345 0.0596606 0.0532639 0.046665 0.0401803 0.0340232 0.0283195 0.0231283 0.0184636 0.0143191 0.0106943 0.00760878 0.00509559
 0.0103072 0.0163396 0.0238379 0.0324904 0.0418815 0.0514179 0.0602517 0.067411 0.0721254 0.0740842 0.0734336 0.0705885 0.0660525 0.0603307 0.0538958 0.0471628 0.0404675 0.0340582 0.0280999 0.0226862 0.0178586 0.0136289 0.0100024 0.00698929 0.00459832
 0.0103041 0.0163338 0.0238286 0.0324778 0.0418695 0.0514152 0.0602717 0.0674682 0.0722293 0.0742361 0.0736293 0.0708245 0.0663294 0.0606471 0.0542364 0.0474902 0.0407262 0.0341903 0.0280649 0.0224752 0.0174973 0.0131712 0.00951608 0.00653859 0.00422891
 0.0101618 0.0161163 0.0235275 0.0320959 0.0414212 0.0509265 0.0597807 0.0670245 0.0718881 0.0740477 0.0736268 0.0710164 0.0666989 0.0611582 0.0548411 0.0481331 0.0413468 0.0347269 0.0284634 0.0227019 0.0175492 0.0130776 0.00932923 0.00631759 0.00402292
 0.010284 0.0162841 0.0237231 0.0322832 0.0415554 0.0509702 0.059717 0.0668608 0.0716516 0.073776 0.0733613 0.0707964 0.0665573 0.061116 0.054903 0.0482857 0.04156 0.0349582 0.0286655 0.0228338 0.0175875 0.0130235 0.00920714 0.00616456 0.00387476
 0.0106302 0.0167787 0.0243397 0.0329514 0.0421771 0.0514482 0.0599806 0.0668788 0.0714326 0.0733632 0.0728226 0.070212 0.0660034 0.0606519 0.054564 0.0480816 0.0414776 0.0349662 0.0287218 0.0228944 0.0176174 0.0130056 0.00914442 0.00607503 0.00378132
 0.0107633 0.0170024 0.0246872 0.0334495 0.0428303 0.0522184 0.0607759 0.0675659 0.0718765 0.0734754 0.0725922 0.0697029 0.0653254 0.0599237 0.0538845 0.0475159 0.0410544 0.0346827 0.0285519 0.0227997 0.017559 0.0129539 0.0090851 0.00600823 0.00371556
 0.0107724 0.0170316 0.0247584 0.0335947 0.0430859 0.052614 0.0613196 0.0682303 0.0725914 0.0741342 0.0730753 0.069914 0.0652251 0.0595432 0.0533123 0.0468646 0.0404261 0.0341462 0.0281364 0.022501 0.017353 0.0128108 0.0089803 0.00592703 0.00365205
 0.0106621 0.0168623 0.0245239 0.0332999 0.0427506 0.0522764 0.0610362 0.0680687 0.072612 0.0743661 0.073497 0.0704511 0.0657702 0.0599904 0.0535921 0.0469633 0.0403808 0.0340206 0.0279924 0.0223792 0.0172677 0.0127573 0.00894641 0.00590225 0.00363122
 0.010561 0.0167057 0.0243031 0.0330124 0.0424016 0.0518803 0.0606198 0.0676732 0.0722916 0.0741793 0.0734917 0.0706476 0.0661477 0.0604864 0.0541178 0.0474317 0.0407344 0.034245 0.0281095 0.022428 0.017284 0.0127632 0.00895005 0.00590426 0.00363071
 0.0105801 0.0167285 0.0243215 0.0330134 0.0423698 0.0518025 0.0604901 0.0674954 0.0720799 0.0739578 0.0732936 0.0705105 0.0661054 0.0605561 0.0542897 0.0476684 0.0409825 0.0344554 0.0282547 0.0225067 0.0173133 0.0127652 0.00894178 0.00589478 0.00362299
 0.0104929 0.0165985 0.0241477 0.032802 0.0421315 0.0515487 0.0602306 0.0672394 0.0718383 0.0737455 0.0731293 0.0704153 0.0660988 0.0606516 0.0544891 0.0479566 0.0413267 0.0348114 0.0285789 0.0227692 0.0175041 0.012891 0.00901831 0.0059383 0.00364626
 0.010475 0.0165781 0.024133 0.0328053 0.0421655 0.05162 0.0603338 0.067356 0.0719406 0.0738046 0.073124 0.0703394 0.0659649 0.0604883 0.0543333 0.0478417 0.0412721 0.0348169 0.0286272 0.0228352 0.0175655 0.0129356 0.00904415 0.00594992 0.00364973
 0.0105381 0.0166448 0.0241683 0.0327584 0.0419876 0.0512906 0.0598806 0.0668519 0.0714786 0.0734629 0.0729418 0.0703129 0.0660609 0.0606641 0.054553 0.0480831 0.0415251 0.0350757 0.0288835 0.0230754 0.0177742 0.0131013 0.00916361 0.00602786 0.00369576
 0.0106155 0.0167603 0.024321 0.0329354 0.0421607 0.0514168 0.0599074 0.0667332 0.0711968 0.0730468 0.0724649 0.0698693 0.0657298 0.0604845 0.0545204 0.0481649 0.0416808 0.0352706 0.0290923 0.0232795 0.0179587 0.0132551 0.00928065 0.00610863 0.00374606
 0.0105521 0.0166808 0.0242444 0.0328926 0.0421847 0.0515259 0.0600915 0.0669505 0.071384 0.0731402 0.0724239 0.0696933 0.0654603 0.0601901 0.0542702 0.0480048 0.0416235 0.0353015 0.0291833 0.023401 0.0180864 0.0133714 0.00937509 0.00617753 0.00379118
 0.0103226 0.0163496 0.0238251 0.0324274 0.0417365 0.0511622 0.0598688 0.0669022 0.0715121 0.0734116 0.0727746 0.0700451 0.0657463 0.0603767 0.0543649 0.0480456 0.0416565 0.0353604 0.0292795 0.0235263 0.0182225 0.0134994 0.00948193 0.00625733 0.00384473
 0.00990856 0.0157485 0.023055 0.0315541 0.0408587 0.0503858 0.0592832 0.0665691 0.0714614 0.073638 0.0732361 0.0706673 0.0664357 0.0610426 0.0549402 0.0485004 0.0419977 0.0356183 0.0294886 0.0237107 0.0183906 0.0136481 0.00960445 0.00634946 0.00390739
 0.00976445 0.0154808 0.0225942 0.0308258 0.0398149 0.0490469 0.0577686 0.065086 0.0702484 0.072888 0.0730412 0.0710073 0.0672048 0.0620897 0.0561083 0.0496554 0.0430468 0.0365147 0.0302241 0.0242997 0.0188542 0.014005 0.00986879 0.00653449 0.00402771
 0.0105982 0.0166406 0.0239753 0.0322015 0.0408914 0.049558 0.0575624 0.064166 0.0687645 0.0710948 0.0712382 0.0694699 0.0661213 0.0615269 0.0560168 0.0499101 0.0434981 0.0370316 0.0307169 0.0247221 0.0191925 0.0142635 0.0100583 0.00666678 0.00411436
 0.0112237 0.0176311 0.0254067 0.0340999 0.0431961 0.0520828 0.0599803 0.0660574 0.0697375 0.0709296 0.0699755 0.0673932 0.063649 0.0590752 0.0538942 0.0482706 0.0423536 0.0363004 0.030281 0.0244725 0.0190505 0.0141819 0.010012 0.00664225 0.0041031
 0.011076 0.0174903 0.0253791 0.034348 0.0438974 0.05336 0.0618306 0.0683155 0.0720889 0.0729753 0.0713319 0.0678032 0.0630648 0.0576722 0.052004 0.0462638 0.0405289 0.0348252 0.0291941 0.0237262 0.0185628 0.0138732 0.00982155 0.00652845 0.00403839
 0.0108407 0.0171389 0.0249141 0.0338073 0.0433641 0.0529655 0.0617433 0.0687022 0.0730493 0.0744718 0.0731581 0.0696209 0.0645048 0.0584573 0.0520385 0.04565 0.0395077 0.0336742 0.0281358 0.0228825 0.0179604 0.0134791 0.00958095 0.0063898 0.00396268
 0.0107736 0.0170248 0.0247337 0.0335422 0.0430049 0.052525 0.0612711 0.0682917 0.0728284 0.0745726 0.073668 0.0705318 0.0656853 0.0596739 0.0530279 0.0462142 0.0395837 0.0333422 0.0275659 0.0222569 0.017411 0.0130663 0.00930677 0.00622545 0.00387254
 0.0106541 0.0168457 0.024492 0.0332432 0.0426588 0.052142 0.060861 0.0678706 0.0724299 0.0742566 0.0735183 0.0706354 0.0660956 0.0603718 0.0539055 0.0470982 0.0402959 0.0337671 0.0276884 0.0221499 0.0171877 0.0128279 0.00911324 0.00609481 0.00379642
 0.0105974 0.0167448 0.0243248 0.0329863 0.0422954 0.0516735 0.060315 0.0672989 0.0718952 0.0738171 0.0732197 0.0705141 0.0661833 0.0606896 0.0544447 0.0478016 0.0410573 0.0344602 0.0282122 0.0224636 0.0173154 0.0128333 0.00906402 0.00603838 0.0037543
 0.0105986 0.0167371 0.0242949 0.0329139 0.0421565 0.0514462 0.0599877 0.0668777 0.0714078 0.0733116 0.0727576 0.0701579 0.0659849 0.0606826 0.05464 0.0481832 0.0415773 0.0350414 0.0287644 0.0229112 0.0176214 0.0130043 0.00913657 0.00605569 0.00374964
 0.010619 0.0167675 0.0243346 0.0329588 0.0421974 0.0514679 0.0599693 0.0667954 0.0712424 0.073057 0.0724283 0.0697909 0.0656337 0.0604057 0.0544875 0.0481841 0.0417317 0.0353181 0.0291067 0.0232531 0.0179077 0.0132065 0.0092555 0.0061121 0.00376935
 0.0106756 0.0168633 0.0244849 0.0331782 0.042494 0.0518348 0.0603778 0.0671948 0.0715685 0.0732484 0.0724422 0.0696144 0.0652887 0.0599455 0.0539858 0.0477181 0.0413636 0.0350807 0.0289978 0.0232416 0.0179484 0.0132584 0.0092936 0.00612954 0.00377118
 0.0105434 0.0166784 0.0242629 0.0329541 0.0423145 0.0517446 0.0604064 0.0673486 0.0718293 0.0735752 0.0727782 0.0698982 0.0654695 0.0599973 0.053915 0.0475612 0.0411745 0.0349129 0.0288876 0.0231991 0.0179601 0.0132985 0.00933758 0.00616276 0.00379005
 0.0104197 0.0164789 0.0239676 0.0325507 0.0418071 0.0511644 0.0598174 0.0668403 0.0714932 0.0734745 0.0729253 0.0702526 0.0659534 0.0605202 0.0543987 0.0479571 0.0414698 0.035124 0.0290456 0.0233324 0.0180837 0.0134129 0.00943513 0.00623658 0.00383884
 0.010356 0.0163727 0.0238028 0.0323099 0.0414751 0.0507341 0.0592985 0.0662668 0.0709248 0.0729896 0.0726046 0.070156 0.066099 0.0608773 0.0548966 0.0485089 0.0419991 0.0355824 0.0294167 0.0236232 0.0183102 0.0135892 0.00956951 0.00633365 0.00390334
 0.0103371 0.0163512 0.0237864 0.0323089 0.0414961 0.0507718 0.0593304 0.0662569 0.0708375 0.0728069 0.0723398 0.069855 0.0658274 0.0606975 0.0548457 0.0485862 0.0421706 0.0357986 0.0296324 0.0238103 0.0184594 0.0137027 0.00965357 0.0063938 0.00394394
 0.0102554 0.0162232 0.0236039 0.0320699 0.0412078 0.0504535 0.0590132 0.0659775 0.0706259 0.0726749 0.0722774 0.0698407 0.0658451 0.0607477 0.0549442 0.0487512 0.0424067 0.0360894 0.0299455 0.0241098 0.0187181 0.0139076 0.00980416 0.00649717 0.00401015
 0.0101335 0.0160372 0.0233465 0.0317428 0.0408206 0.0500229 0.0585636 0.065542 0.0702446 0.0723884 0.0721165 0.0698174 0.0659492 0.0609532 0.0552213 0.0490764 0.0427656 0.0364704 0.0303323 0.02448 0.0190476 0.0141782 0.0100088 0.0066396 0.0041013
 0.010325 0.0163787 0.023913 0.0326133 0.0420485 0.0515934 0.0603611 0.0673539 0.0718115 0.0734788 0.0725894 0.069647 0.0652124 0.0597941 0.0538101 0.0475766 0.0413122 0.035161 0.0292255 0.023598 0.0183834 0.013705 0.00968996 0.00643707 0.00398079
 0.00976607 0.0155724 0.0228931 0.0314873 0.0409806 0.0507689 0.0599458 0.0674579 0.072457 0.0745795 0.0739594 0.0710472 0.0664199 0.0606621 0.054293 0.0477164 0.0412031 0.0349113 0.0289296 0.0233219 0.0181621 0.0135476 0.00958932 0.00637867 0.00394988
#obs surv len freq
 nan nan nan nan nan nan nan nan nan nan nan nan nan nan nan nan nan nan nan nan nan nan nan nan nan
 0.00448711 0.00734964 0.0111808 0.0159981 0.0216994 0.027975 0.0342888 0.0400192 0.0446977 0.0481601 0.0505164 0.0520107 0.0529014 0.0534125 0.0537257 0.0539798 0.0542578 0.0545502 0.0546887 0.0542805 0.0527187 0.0493511 0.0438014 0.0362823 0.0276668
 0.00461139 0.00755544 0.0114971 0.0164531 0.0223134 0.0287495 0.0351958 0.0409992 0.0456678 0.0490314 0.051211 0.0524731 0.0531039 0.0533545 0.0534295 0.0534827 0.0536033 0.053781 0.053844 0.0533973 0.0518359 0.0485119 0.0430506 0.0356577 0.0271894
 0.00478083 0.0078295 0.0119072 0.0170282 0.0230751 0.0297044 0.0363254 0.0422539 0.0469698 0.0502848 0.0523151 0.0533358 0.0536528 0.0535465 0.0532545 0.0529618 0.0527817 0.0527182 0.0526065 0.0520556 0.050465 0.0471921 0.0418614 0.0346648 0.0264292
 0.00497326 0.0081467 0.0123925 0.0177239 0.0240136 0.0308941 0.0377374 0.0438187 0.0485882 0.0518475 0.0537186 0.0544885 0.0544769 0.053979 0.0532535 0.0525129 0.0519022 0.0514568 0.0510386 0.0502789 0.0485959 0.0453591 0.0401913 0.0332613 0.0253506
 0.00518715 0.00849588 0.012921 0.0184746 0.0250208 0.0321717 0.0392653 0.0455359 0.0503988 0.0536362 0.0553676 0.0558907 0.0555413 0.0546331 0.0534431 0.0522035 0.0510835 0.0501502 0.0493044 0.0482201 0.0463559 0.04311 0.0381098 0.0314947 0.0239846
 0.0054147 0.00886806 0.0134854 0.019277 0.0260971 0.033534 0.0408883 0.0473524 0.052309 0.055526 0.0571254 0.0574149 0.0567425 0.0554339 0.0537788 0.052024 0.050358 0.0488753 0.0475176 0.0460126 0.0438786 0.0405631 0.0357114 0.029434 0.0223781
 0.00565904 0.00926858 0.0140943 0.0201449 0.0272634 0.0350113 0.0426468 0.0493143 0.05436 0.0575378 0.0589769 0.0590032 0.057985 0.0562644 0.0541422 0.0518731 0.0496551 0.0476015 0.0456897 0.0437042 0.041235 0.0377963 0.033067 0.0271355 0.0205705
 0.00589467 0.0096576 0.0146909 0.0210037 0.0284286 0.0365005 0.0444332 0.0513207 0.0564693 0.0596155 0.0608931 0.0606465 0.0592672 0.0571193 0.0545209 0.0517374 0.0489733 0.0463531 0.043881 0.0413933 0.0385538 0.0349534 0.0303172 0.0247207 0.0186553
 0.00614762 0.010069 0.0153105 0.0218788 0.0295958 0.0379726 0.0461852 0.0532825 0.0585339 0.061657 0.0627856 0.0622772 0.0605435 0.0579706 0.0548967 0.0516022 0.0483016 0.0451294 0.0421114 0.0391283 0.0359132 0.0321343 0.0275696 0.0222895 0.016714
 0.00638949 0.0104669 0.0159178 0.0227475 0.0307657 0.0394543 0.0479441 0.0552346 0.06056 0.0636276 0.0645822 0.0638025 0.0617211 0.0587419 0.0552173 0.0514389 0.0476301 0.0439361 0.0404028 0.0369511 0.0333768 0.0294216 0.0249163 0.0199313 0.014822
 0.00660829 0.0108272 0.0164688 0.0235381 0.0318356 0.040819 0.0495787 0.0570675 0.0624816 0.0655107 0.0663033 0.0652571 0.06283 0.0594512 0.0554929 0.0512591 0.0469801 0.0428077 0.0388038 0.034924 0.0310207 0.0269018 0.022448 0.0177322 0.0130524
 0.006831 0.0111901 0.0170165 0.0243127 0.0328689 0.0421196 0.0511191 0.0587791 0.0642632 0.0672471 0.0678832 0.0665843 0.0638291 0.0600691 0.0556973 0.0510341 0.04632 0.0417145 0.0372925 0.0330374 0.0288486 0.0245919 0.0201917 0.0157236 0.0114353
 0.00706919 0.0115789 0.0176042 0.0251439 0.0339743 0.0435008 0.0527339 0.0605385 0.0660458 0.0689247 0.0693442 0.0677448 0.0646338 0.0604867 0.0557147 0.0506507 0.045543 0.0405572 0.0357786 0.0312129 0.026798 0.0224464 0.0181184 0.0138905 0.00996556
 0.00726487 0.0119059 0.0181126 0.025885 0.0349887 0.0448006 0.0542846 0.0622534 0.0678001 0.0705808 0.070777 0.0688588 0.0653684 0.060815 0.0556364 0.0501824 0.0447096 0.0393873 0.0343071 0.0294905 0.0249048 0.0204986 0.0162593 0.0122611 0.00866691
 0.00744213 0.0121946 0.0185485 0.0265025 0.0358161 0.0458501 0.055541 0.0636672 0.0692891 0.0720413 0.072099 0.06994 0.0661279 0.0612018 0.0556317 0.049795 0.0439672 0.0383282 0.0329774 0.0279487 0.0232296 0.0187946 0.0146487 0.0108606 0.00755733
 0.00754029 0.0123583 0.0188026 0.0268735 0.0363273 0.0465144 0.0563535 0.0646021 0.0703033 0.0730812 0.0731048 0.0708483 0.0668728 0.0617198 0.0558707 0.0497225 0.0435746 0.0376308 0.0320114 0.0267699 0.0219143 0.017439 0.0133599 0.00973751 0.00666717
 0.00761758 0.0124772 0.0189697 0.0270923 0.0366003 0.0468455 0.0567486 0.0650662 0.0708366 0.0736747 0.0737383 0.0714895 0.0674787 0.0622392 0.0562483 0.0499058 0.0435228 0.0373232 0.0314534 0.0259957 0.0209862 0.0164416 0.0123883 0.00887893 0.00598124
 0.00766264 0.0125476 0.0190701 0.0272249 0.0367639 0.0470358 0.0569586 0.0652893 0.0710705 0.073925 0.0740163 0.0718053 0.0678314 0.0626098 0.0565988 0.0501849 0.0436755 0.0373031 0.0312344 0.025581 0.0204117 0.0157713 0.0117022 0.00825371 0.00547214
 0.00773448 0.0126531 0.0192078 0.0273864 0.0369362 0.0472059 0.0571165 0.0654293 0.0711912 0.074029 0.0741112 0.0719037 0.0679473 0.0627525 0.0567654 0.0503549 0.043812 0.0373607 0.0311727 0.0253782 0.0200751 0.0153384 0.0112313 0.00780749 0.00509933
 0.00779007 0.0127422 0.0193389 0.0275643 0.0371595 0.0474625 0.0573823 0.0656719 0.071379 0.0741427 0.0741505 0.0718855 0.0678982 0.0626998 0.0567287 0.0503409 0.0438112 0.0373483 0.0311159 0.0252485 0.0198606 0.015052 0.0109076 0.00749075 0.00482814
 0.0078347 0.0128075 0.0194241 0.0276648 0.037269 0.0475762 0.0574984 0.0657892 0.0714938 0.0742462 0.0742305 0.0719316 0.0679078 0.0626805 0.0566953 0.0503083 0.0437869 0.0373276 0.0310825 0.0251811 0.0197437 0.0148847 0.0107066 0.00728428 0.00464453
 0.00783261 0.0128061 0.0194255 0.0276716 0.0372829 0.0475967 0.057522 0.0658118 0.0715133 0.074265 0.0742544 0.0719654 0.0679519 0.0627301 0.0567445 0.0503533 0.0438264 0.03736 0.0311018 0.0251769 0.0197053 0.0148084 0.0105997 0.00716382 0.00453049
 0.00785738 0.0128349 0.0194481 0.0276724 0.0372466 0.0475162 0.0574041 0.0656764 0.0713863 0.074169 0.0742025 0.0719612 0.0679918 0.0628063 0.0568461 0.0504681 0.0439424 0.0374667 0.0311903 0.0252389 0.0197344 0.014802 0.0105624 0.00710697 0.00446857
 0.00789823 0.0128973 0.0195336 0.0277777 0.0373621 0.0476249 0.0574836 0.0657039 0.0713479 0.0740675 0.0740589 0.0718072 0.0678581 0.0627132 0.0568001 0.0504645 0.0439696 0.0375108 0.0312377 0.0252779 0.0197563 0.0148026 0.0105429 0.00707349 0.00443015
 0.00790867 0.0129165 0.0195664 0.0278297 0.0374371 0.0477224 0.0575954 0.0658139 0.0714344 0.0741094 0.0740433 0.0717345 0.0677437 0.0625822 0.0566792 0.050373 0.0439154 0.0374906 0.0312408 0.0252914 0.0197685 0.0148058 0.0105343 0.00705552 0.00440775
 0.00788768 0.0128831 0.0195179 0.027765 0.0373586 0.0476371 0.0575157 0.0657547 0.0714085 0.0741211 0.0740854 0.0717914 0.0677978 0.0626219 0.0567032 0.0503889 0.0439343 0.0375204 0.0312827 0.0253398 0.0198148 0.0148422 0.0105567 0.0070643 0.00440671
 0.00789336 0.012887 0.0195141 0.0277449 0.0373134 0.0475621 0.0574136 0.0656374 0.0712939 0.074029 0.0740315 0.0717824 0.0678295 0.0626818 0.0567753 0.0504606 0.0439997 0.0375799 0.0313392 0.0253945 0.0198655 0.0148849 0.0105879 0.00708323 0.00441538
 0.00785686 0.0128282 0.0194265 0.0276231 0.0371538 0.0473653 0.0571867 0.0653952 0.0710588 0.0738275 0.0738896 0.0717201 0.0678558 0.0627915 0.0569506 0.0506757 0.0442281 0.0378005 0.0315387 0.0255665 0.0200075 0.0149964 0.0106698 0.00713842 0.00444885
 0.00786828 0.0128379 0.0194247 0.0275952 0.0370847 0.0472448 0.0570151 0.0651843 0.0708291 0.0736029 0.0736933 0.0715728 0.0677739 0.0627849 0.0570199 0.0508108 0.0444098 0.0380051 0.0317433 0.0257537 0.0201668 0.015123 0.0107637 0.00720282 0.00448924
 0.00785363 0.0128173 0.0193993 0.0275667 0.0370526 0.0472045 0.0569566 0.0650957 0.0707026 0.0734416 0.0735129 0.0713979 0.0676315 0.0626971 0.0569996 0.0508603 0.044521 0.0381612 0.0319228 0.0259347 0.0203313 0.0152596 0.0108679 0.00727581 0.00453598
 0.00782924 0.0127764 0.0193357 0.0274749 0.0369305 0.047056 0.0567931 0.0649339 0.0705582 0.0733235 0.0734218 0.0713302 0.0675858 0.062678 0.0570162 0.0509212 0.0446293 0.0383115 0.0321014 0.026123 0.0205103 0.0154142 0.0109896 0.00736315 0.00459305
 0.00780115 0.012731 0.0192679 0.0273801 0.0368056 0.0469009 0.0566127 0.0647398 0.0703677 0.0731564 0.0732954 0.0712552 0.0675635 0.0627031 0.0570811 0.0510202 0.044759 0.0384685 0.0322791 0.0263098 0.0206912 0.0155748 0.0111197 0.00745901 0.00465712
 0.00775315 0.012655 0.0191576 0.0272314 0.0366179 0.0466784 0.0563665 0.0644872 0.0701303 0.0729557 0.0731494 0.0711757 0.0675558 0.0627647 0.0572031 0.0511892 0.0449607 0.0386899 0.0325087 0.0265362 0.0209026 0.0157595 0.0112692 0.00757003 0.00473218
 0.00772023 0.0125955 0.0190573 0.0270744 0.0363916 0.0463807 0.0560119 0.064107 0.0697659 0.0726475 0.0729282 0.0710585 0.0675462 0.0628558 0.0573802 0.0514327 0.0452488 0.0390006 0.032822 0.0268349 0.0211721 0.0159889 0.0114517 0.0077044 0.00482289
 0.00932278 0.014841 0.0217716 0.0298722 0.0387865 0.0479628 0.0565895 0.0637363 0.0686748 0.0711207 0.0712202 0.0693562 0.065969 0.0614691 0.0562107 0.0504815 0.0445008 0.0384326 0.0324072 0.0265458 0.0209823 0.0158734 0.0113882 0.00767401 0.00481104
 0.00931305 0.0151208 0.0227138 0.0319385 0.0423271 0.0529446 0.0624232 0.069371 0.0729686 0.073289 0.071094 0.0673289 0.0627241 0.057689 0.0524061 0.046958 0.0414044 0.035811 0.0302564 0.0248366 0.0196724 0.0149122 0.0107186 0.00723536 0.00454329
 0.00895939 0.0145658 0.0219376 0.0309935 0.0413913 0.0523575 0.0626448 0.0708184 0.0757672 0.077087 0.0751049 0.0706289 0.0646361 0.058018 0.0514117 0.0451388 0.0392628 0.0337146 0.0284114 0.0233251 0.018502 0.0140521 0.0101207 0.00684482 0.00430561
 0.00880336 0.0142991 0.021513 0.0303619 0.0405212 0.0512684 0.0614503 0.0697541 0.0751708 0.0773047 0.076335 0.0727754 0.0672761 0.0605387 0.0532583 0.0460276 0.0392386 0.0330497 0.0274415 0.0223231 0.0176305 0.0133755 0.00963997 0.00652919 0.00411401
 0.00872864 0.0141757 0.0213226 0.0300832 0.0401304 0.050744 0.0607828 0.068964 0.0743313 0.0765586 0.0758874 0.0728407 0.0679816 0.0618305 0.0548772 0.0475944 0.04041 0.0336527 0.0275081 0.0220247 0.0171722 0.0129169 0.00926726 0.00626638 0.00394871
 0.0087184 0.0141499 0.0212666 0.0299775 0.0399541 0.050481 0.0604274 0.0685224 0.0738211 0.0760123 0.0753618 0.0724275 0.067801 0.0619943 0.0554283 0.0484572 0.0413965 0.0345332 0.028109 0.0222914 0.0171641 0.0127512 0.00905601 0.00608105 0.00381667
 0.00868579 0.014102 0.0212032 0.0298999 0.0398626 0.0503714 0.0602893 0.0683423 0.0735883 0.0757254 0.0750347 0.0720926 0.0675116 0.061821 0.055443 0.0487023 0.0418523 0.0351084 0.0286707 0.0227211 0.0174056 0.0128208 0.00901482 0.00599622 0.00373462
 0.00867328 0.014078 0.0211608 0.0298314 0.0397626 0.0502403 0.0601358 0.0681802 0.0734304 0.0755766 0.0748911 0.0719475 0.0673663 0.0616934 0.0553691 0.0487256 0.0420032 0.0353822 0.0290195 0.0230695 0.0176831 0.0129913 0.00908434 0.00599804 0.0037065
 0.00867731 0.0140852 0.0211725 0.0298481 0.0397825 0.0502578 0.0601416 0.0681635 0.0733831 0.0754974 0.0747852 0.0718235 0.0672327 0.0615593 0.0552478 0.0486383 0.0419753 0.0354321 0.0291448 0.0232425 0.0178605 0.0131334 0.00917165 0.00603424 0.00370936
 0.0086468 0.0140419 0.021119 0.029791 0.0397306 0.0502194 0.060121 0.0681601 0.073391 0.0755072 0.0747867 0.0718093 0.0672002 0.0615115 0.0551926 0.0485877 0.0419447 0.0354367 0.0291932 0.0233305 0.01797 0.0132393 0.00925367 0.00608431 0.0037317
 0.00864794 0.014039 0.0211063 0.0297612 0.0396782 0.0501449 0.0600336 0.0680762 0.0733282 0.0754765 0.0747883 0.0718333 0.067232 0.0615377 0.0552061 0.0485894 0.0419422 0.0354413 0.0292157 0.0233754 0.018033 0.0133088 0.00931593 0.00612995 0.00375875
 0.00865265 0.0140452 0.0211125 0.0297645 0.0396738 0.0501271 0.059997 0.0680184 0.0732525 0.0753934 0.0747132 0.0717807 0.0672095 0.0615436 0.0552309 0.0486217 0.0419743 0.0354719 0.0292481 0.0234141 0.0180793 0.0133592 0.00936349 0.0061683 0.00378484
 0.00862129 0.0140017 0.0210608 0.0297126 0.0396313 0.0501006 0.0599871 0.0680193 0.0732549 0.0753884 0.074697 0.0717563 0.0671851 0.0615287 0.0552321 0.0486396 0.0420046 0.0355087 0.0292874 0.0234544 0.0181204 0.0133998 0.009401 0.00619935 0.00380737
 0.00863596 0.0140191 0.0210755 0.0297166 0.0396175 0.0500677 0.0599421 0.0679755 0.0732253 0.0753794 0.0747044 0.0717692 0.0671928 0.0615263 0.0552217 0.0486277 0.0419976 0.0355099 0.0292969 0.0234705 0.0181409 0.0134225 0.00942339 0.00621905 0.00382263
 0.00863372 0.0140201 0.0210852 0.0297415 0.0396619 0.0501294 0.0600106 0.0680346 0.0732604 0.0753841 0.0746834 0.0717333 0.067152 0.0614857 0.0551817 0.0485882 0.04196 0.0354775 0.0292727 0.0234561 0.0181357 0.0134246 0.00942996 0.0062273 0.00383032
 0.00863372 0.0140201 0.0210852 0.0297415 0.0396619 0.0501294 0.0600106 0.0680346 0.0732604 0.0753841 0.0746834 0.0717333 0.067152 0.0614857 0.0551817 0.0485882 0.04196 0.0354775 0.0292727 0.0234561 0.0181357 0.0134246 0.00942996 0.0062273 0.00383032
 0.00903501 0.0146496 0.0219871 0.0309348 0.0411285 0.0518005 0.0617568 0.0696727 0.074587 0.0762268 0.0749449 0.0714099 0.0663244 0.060289 0.0537713 0.0471088 0.0405277 0.0341732 0.0281451 0.0225273 0.0174076 0.0128833 0.00905075 0.00597876 0.0036791
 0.00899931 0.0146407 0.0220643 0.0311822 0.0416322 0.0526123 0.0628613 0.0709777 0.0759428 0.0774612 0.0758997 0.0719693 0.0664316 0.0599538 0.0530639 0.0461415 0.0394287 0.0330616 0.0271138 0.0216367 0.0166868 0.0123358 0.00866133 0.00572072 0.00352078
#pred catch len freq
 0.00447978 0.00709703 0.0103691 0.0142224 0.0186115 0.0234964 0.0287713 0.0342312 0.0396126 0.0446611 0.0491753 0.0530239 0.0561495 0.0585533 0.0602564 0.0612572 0.0615103 0.0609283 0.0593897 0.0567351 0.0527748 0.0473529 0.0404932 0.0325593 0.0242884
 0.00466461 0.00731463 0.0105482 0.0142581 0.018409 0.023031 0.028126 0.0335752 0.0391226 0.0444286 0.0491581 0.0530701 0.0560782 0.0582467 0.0597216 0.0606326 0.0610144 0.0607705 0.0596778 0.0574261 0.0536933 0.0482706 0.0412253 0.0330252 0.0245115
 0.0049908 0.00781302 0.0112323 0.0151027 0.0193374 0.023911 0.0287856 0.0338518 0.0389356 0.043834 0.0483335 0.0522257 0.0553468 0.0576326 0.0591403 0.0600073 0.0603568 0.0601905 0.0593207 0.0573814 0.0539376 0.0486799 0.0416421 0.0333344 0.0246762
 0.00525856 0.00824339 0.0118713 0.0159903 0.0204988 0.0253396 0.0304179 0.0355467 0.0404785 0.0449796 0.0488832 0.0521048 0.0546339 0.0565139 0.057816 0.0586174 0.0589738 0.0588652 0.0581233 0.0563956 0.0532163 0.0482103 0.0413544 0.0331436 0.0245237
 0.00553789 0.00867784 0.012491 0.0168171 0.0215515 0.0266373 0.0319733 0.0373457 0.0424516 0.0469788 0.0506829 0.0534412 0.0552806 0.0563603 0.0569049 0.0571173 0.0571068 0.0568414 0.0561126 0.0545292 0.051591 0.0468801 0.040325 0.0323826 0.0239819
 0.0058678 0.00918871 0.0132136 0.0177662 0.0227292 0.0280369 0.0335799 0.0391333 0.0443779 0.0489779 0.0526513 0.055224 0.0566735 0.0571438 0.0569072 0.0562774 0.0555023 0.0546647 0.0536136 0.0519576 0.0491577 0.0447393 0.0385665 0.0310332 0.0230165
 0.00624601 0.00977207 0.014034 0.0188356 0.024043 0.0295788 0.035321 0.0410279 0.0463622 0.0509729 0.0545683 0.0569643 0.0581212 0.058159 0.0573335 0.0559737 0.0543935 0.0527863 0.0511232 0.0491051 0.0462295 0.0419993 0.0362122 0.0291722 0.0216652
 0.00662595 0.0103638 0.014877 0.0199521 0.0254378 0.0312395 0.0372133 0.04309 0.0485056 0.0530918 0.0565517 0.0587065 0.0595259 0.0591354 0.0577881 0.0558076 0.0535184 0.0511616 0.0487996 0.046248 0.0431027 0.0389109 0.0334425 0.0269134 0.0199912
 0.00703894 0.0109999 0.0157703 0.0211149 0.0268659 0.0329178 0.0391143 0.0451657 0.0506798 0.0552603 0.0585913 0.0604903 0.0609392 0.0600856 0.0582033 0.0556278 0.0526896 0.049647 0.046612 0.0434882 0.0399782 0.0357116 0.0304761 0.0244252 0.0181069
 0.00742828 0.0116065 0.0166347 0.0222596 0.0282951 0.0346169 0.0410454 0.0472633 0.0528527 0.0574002 0.0605834 0.0622213 0.0623039 0.0609936 0.058583 0.0554264 0.0518699 0.0481887 0.044528 0.0408548 0.0369619 0.032567 0.0274989 0.0218759 0.0161407
 0.00777596 0.01215 0.0174134 0.0232991 0.0296077 0.0362001 0.0428761 0.0492877 0.0549833 0.0595211 0.062564 0.0639329 0.063635 0.0618588 0.0589238 0.0552056 0.0510652 0.0467923 0.0425583 0.0383797 0.0341237 0.0295877 0.0246477 0.0194029 0.014208
 0.00816133 0.0127424 0.0182429 0.0243746 0.0309217 0.0377349 0.0446032 0.0511622 0.0569366 0.0614608 0.0643794 0.0655061 0.0648551 0.0626353 0.0591947 0.0549372 0.0502461 0.0454292 0.0406798 0.0360533 0.0314769 0.026815 0.0219876 0.0170827 0.0123811
 0.00853967 0.0133312 0.0190803 0.0254796 0.0322928 0.0393493 0.046412 0.0530878 0.0588786 0.063309 0.0660279 0.0668616 0.0658405 0.0631908 0.0592796 0.0545297 0.0493424 0.044043 0.0388461 0.0338406 0.029002 0.0242494 0.0195389 0.0149492 0.0106981
 0.00889315 0.0138756 0.0198448 0.0264747 0.0335142 0.0407818 0.0480275 0.0548364 0.0606818 0.0650614 0.0676088 0.0681545 0.0667518 0.0636613 0.0592843 0.0540694 0.0484336 0.0427128 0.0371362 0.0318178 0.0267718 0.0219607 0.0173685 0.0130645 0.00921265
 0.00912716 0.014249 0.0203936 0.027228 0.0344893 0.0419773 0.0494146 0.0563561 0.062251 0.0665856 0.0689931 0.0693099 0.0675996 0.0641392 0.0593532 0.0537168 0.0476712 0.0415711 0.035662 0.0300784 0.0248638 0.0200125 0.0155284 0.0114708 0.00795811
 0.00929966 0.0145288 0.0208143 0.027823 0.0352883 0.0429985 0.0506533 0.0577738 0.0637718 0.0681021 0.0703824 0.0704547 0.0684075 0.0645545 0.0593562 0.0533166 0.0468964 0.0404637 0.0342761 0.0284838 0.0231509 0.0182936 0.0139269 0.010098 0.00688531
 0.00942724 0.0147175 0.0210656 0.0281312 0.0356498 0.0434228 0.0511677 0.0584153 0.0645671 0.0690452 0.071422 0.0714976 0.0693388 0.0652633 0.059759 0.0533683 0.0465903 0.0398243 0.033351 0.0273398 0.0218736 0.0169845 0.0126932 0.00903397 0.00605105
 0.00939768 0.0146806 0.0210304 0.028112 0.035662 0.0434769 0.0512679 0.0585651 0.0647791 0.0693463 0.071845 0.0720601 0.0700206 0.0659978 0.0604451 0.053898 0.0468767 0.0398197 0.0330525 0.0267849 0.0211318 0.0161472 0.0118587 0.00828931 0.0054546
 0.00933493 0.0145866 0.0209047 0.0279616 0.0355019 0.0433296 0.0511606 0.0585247 0.0648256 0.0694883 0.0720815 0.0723862 0.070431 0.0664808 0.0609706 0.0544101 0.0473006 0.040081 0.0331005 0.0266081 0.0207614 0.0156484 0.0113138 0.00777674 0.00503067
 0.00924029 0.0144418 0.0207035 0.0277046 0.0351961 0.0429888 0.0508067 0.0581891 0.0645484 0.0693128 0.0720444 0.0725087 0.0707134 0.0669031 0.0614963 0.0549889 0.0478706 0.0405739 0.0334535 0.0267805 0.0207477 0.0154807 0.0110513 0.00748661 0.00476828
 0.00931986 0.0145479 0.0208201 0.0278021 0.0352394 0.0429495 0.0506741 0.0579741 0.064279 0.0690269 0.0717835 0.0723128 0.0706154 0.0669233 0.0616369 0.0552319 0.0481786 0.0408959 0.0337332 0.0269693 0.0208184 0.0154355 0.01092 0.00731419 0.0045983
 0.00961047 0.0149611 0.0213313 0.0283489 0.0357354 0.0433106 0.050841 0.0579231 0.0640225 0.0686079 0.0712664 0.0717721 0.070122 0.0665327 0.0613817 0.0551195 0.0481924 0.0409993 0.0338769 0.0271025 0.0209011 0.0154491 0.0108701 0.00722424 0.00449756
 0.00976235 0.0152069 0.0216968 0.02885 0.036367 0.044032 0.0515687 0.0585411 0.0644135 0.0686934 0.0710339 0.0712757 0.0694608 0.0658191 0.0607148 0.0545681 0.0477892 0.0407425 0.0337383 0.0270392 0.0208689 0.0154148 0.0108185 0.00715725 0.00442703
 0.0097372 0.0151832 0.0216943 0.0289014 0.0365138 0.0443141 0.0520088 0.0591282 0.0650911 0.0693595 0.0715629 0.0715571 0.0694387 0.0655127 0.060207 0.0539722 0.047211 0.0402543 0.0333705 0.0267859 0.0207028 0.0153029 0.0107347 0.0070876 0.00436804
 0.00962444 0.0150123 0.0214613 0.0286147 0.0361961 0.0440041 0.051761 0.0590061 0.0651512 0.0696292 0.0720202 0.0721261 0.0700075 0.0659684 0.060475 0.0540386 0.0471186 0.0400764 0.0331782 0.0266255 0.02059 0.0152311 0.0106887 0.00705439 0.00434094
 0.0095485 0.0148945 0.0212948 0.0283963 0.0359275 0.0436927 0.0514234 0.0586724 0.064867 0.0694506 0.0720003 0.0722951 0.0703538 0.0664335 0.0609682 0.054468 0.0474236 0.0402434 0.0332346 0.0266172 0.0205583 0.0152005 0.0106667 0.0070394 0.00432963
 0.00952407 0.0148532 0.0212295 0.0282993 0.0357915 0.0435136 0.0512028 0.0584198 0.0646008 0.0691984 0.0717978 0.0721819 0.0703642 0.0665822 0.0612389 0.0548123 0.0477756 0.0405435 0.0334493 0.0267449 0.0206196 0.0152225 0.0106707 0.00703732 0.00432611
 0.00949272 0.0148065 0.0211667 0.0282213 0.0356986 0.0434035 0.0510696 0.0582573 0.0644073 0.0689821 0.0715793 0.0719921 0.0702384 0.0665515 0.0613202 0.0550007 0.0480414 0.04084 0.0337277 0.0269702 0.020779 0.0153221 0.0107266 0.00706586 0.0043395
