SBPRF35
7.78865
Curr Bio
596664
B35
701399
F35
0.227804
FOFL
0.210391
OFL
102746
Bzero
2.22533e+006
#pred survey bio
 4.56641e+006 4.27644e+006 4.01182e+006 3.71246e+006 3.39296e+006 3.05572e+006 2.74161e+006 2.42349e+006 2.1235e+006 1.87257e+006 1.63771e+006 1.48595e+006 1.31454e+006 1.16814e+006 1.023e+006 908458 815470 753129 706777 669869 640716 613325 582651 575873 575074 576280 568179 563825 561769 566984 564518 558952 560597 556694 548928 540241 531324 525752 532010 541199 539554 553729 555061 551210 562183 566434 572903 579059 592883 593246 603524 587066 570873 555967 571377 595526 2.27147e+007 1.41523e+007 1.46402e+007 1.51461e+007 1.56322e+007 1.60599e+007 1.64141e+007 1.66957e+007 1.69133e+007 1.70785e+007 1.72025e+007 1.72952e+007 1.73643e+007 1.74158e+007 1.74544e+007 1.74833e+007 1.75051e+007 1.75216e+007 1.75341e+007 1.75437e+007 1.7551e+007 1.75565e+007 1.75608e+007 1.75641e+007 1.75666e+007 1.75686e+007 1.75701e+007 1.75712e+007 1.75721e+007 1.75728e+007 1.75733e+007 1.75737e+007 1.75741e+007 1.75743e+007 1.75745e+007 1.75747e+007 1.75748e+007 1.75749e+007 1.75749e+007 1.7575e+007 1.7575e+007 1.75751e+007 1.75751e+007 1.75751e+007 1.75751e+007 1.75751e+007 1.75751e+007 1.75751e+007 1.75751e+007 1.75751e+007 1.75751e+007 1.75752e+007 1.75752e+007 1.75752e+007 1.75752e+007 1.75752e+007 1.75752e+007 1.75752e+007 1.75752e+007 1.75752e+007 1.75752e+007 1.75752e+007 1.75752e+007 1.75752e+007 1.75752e+007 1.75752e+007 1.75752e+007 1.75752e+007 1.75752e+007 1.75752e+007 1.75752e+007 1.75752e+007 1.75752e+007 1.75752e+007 1.75752e+007 1.75752e+007 1.75752e+007 1.75752e+007 1.75752e+007 1.75752e+007 1.75752e+007 1.75752e+007 1.75752e+007 1.75752e+007 1.75752e+007 1.75752e+007 1.75752e+007 1.75752e+007 1.75752e+007 1.75752e+007 1.75752e+007 1.75752e+007 1.75752e+007 1.75752e+007 1.75752e+007 1.75752e+007 1.75752e+007 1.75752e+007 1.75752e+007 1.75752e+007 0 0 0 0 0 0 0 0 0 0 0 0 0 0 0 0 0 0 0 0 0 0 0 0 0
#obs survey bio
 3.73868e+006 3.89347e+006 4.0605e+006 3.81248e+006 2.53884e+006 2.68338e+006 2.7593e+006 2.45567e+006 1.60569e+006 1.40701e+006 1.36954e+006 1.42586e+006 1.179e+006 822203 973185 682982 864627 586148 689418 500474 681763 567037 764256 568328 519033 401157 458035 685907 444276 460305 459141 619882 518470 580283 706371 563694 640177 584191 651590 541893 465574 597566 763447 591410 421188 622014 584297 715362 528704 609393 608441 758127 546445 510035 509514 630784
#pred catch bio
 98317.5 95438.7 154373 203749 253681 266637 302489 315421 296689 303003 244435 271612 254391 254163 225903 204663 175679 159703 148667 138458 133028 131705 108811 103163 101751 109585 105279 101979 95419.4 101569 102534 93933.3 95494.4 94495.9 90864.1 89421.4 89342.6 83680.7 83905.6 93592.9 80561 91926.5 96257.8 84608.6 91639.3 90550.3 91849.4 86961 99597.4 92079.3 115424 116357 118101 97659.8 97393 79715.5 102746 114149 117245 120312 123342 125980 128078 129651 130782 131570 132105 132461 132696 132847 132945 133007 133047 133072 133087 133097 133103 133107 133109 133111 133112 133112 133113 133113 133113 133113 133113 133113 133113 133113 133113 133113 133113 133113 133113 133113 133113 133113 133113 133113 133113 133113 133113 133113 133113 133113 133113 133113 133113 133113 133113 133113 133113 133113 133113 133113 133113 133113 133113 133113 133113 133113 133113 133113 133113 133113 133113 133113 133113 133113 133113 133113 133113 133113 133113 133113 133113 133113 133113 133113 133113 133113 133113 133113 133113 133113 133113 133113 133113 133113 133113 133113 133113 133113 133113 133113 0 0 0 0 0 0 0 0 0 0 0 0 0 0 0 0 0 0 0 0 0 0 0 0 0
#obs catch bio
 0 95133.2 154958 204685 256144 268747 306837 320257 301741 311257 249611 278892 260231 260574 229711 208484 177460 162037 150880 140370 134346 133282 109296 103903 102380 111088 106827 102586 96084.7 102665 104148 94691.4 96339 95003.2 90800.1 89236.9 89233.2 83468.3 83384.2 93001.1 79804.4 91290.9 95444.9 83935.1 91481 90172 91307.3 86479.2 99365.9 91540.3 114775 115429 117725 97133.4 97435 79539.7
#pred cpue bio
 4.48528e+006 4.19837e+006 3.9358e+006 3.63756e+006 3.31999e+006 2.98486e+006 2.67257e+006 2.3567e+006 2.05905e+006 1.80989e+006 1.57718e+006 1.42687e+006 1.2583e+006 1.11478e+006 973055 861437 771038 710511 665686 630395 602831 576991 547841 541517 540746 541741 533851 529990 528394 533490 531206 526326 528739 525909 519499 511985 502900 495747 500558 509493 508293 522123 523433 519577 529900 533838 540049 545823 558929 559121 568959 552669 535983 520216 533640 555672 2.1243e+007 1.3269e+007 1.37369e+007 1.42103e+007 1.46835e+007 1.51082e+007 1.54618e+007 1.57433e+007 1.59609e+007 1.61261e+007 1.62502e+007 1.63428e+007 1.64119e+007 1.64634e+007 1.6502e+007 1.65309e+007 1.65527e+007 1.65692e+007 1.65818e+007 1.65913e+007 1.65986e+007 1.66042e+007 1.66084e+007 1.66117e+007 1.66142e+007 1.66162e+007 1.66177e+007 1.66188e+007 1.66197e+007 1.66204e+007 1.6621e+007 1.66214e+007 1.66217e+007 1.66219e+007 1.66221e+007 1.66223e+007 1.66224e+007 1.66225e+007 1.66225e+007 1.66226e+007 1.66226e+007 1.66227e+007 1.66227e+007 1.66227e+007 1.66227e+007 1.66227e+007 1.66227e+007 1.66228e+007 1.66228e+007 1.66228e+007 1.66228e+007 1.66228e+007 1.66228e+007 1.66228e+007 1.66228e+007 1.66228e+007 1.66228e+007 1.66228e+007 1.66228e+007 1.66228e+007 1.66228e+007 1.66228e+007 1.66228e+007 1.66228e+007 1.66228e+007 1.66228e+007 1.66228e+007 1.66228e+007 1.66228e+007 1.66228e+007 1.66228e+007 1.66228e+007 1.66228e+007 1.66228e+007 1.66228e+007 1.66228e+007 1.66228e+007 1.66228e+007 1.66228e+007 1.66228e+007 1.66228e+007 1.66228e+007 1.66228e+007 1.66228e+007 1.66228e+007 1.66228e+007 1.66228e+007 1.66228e+007 1.66228e+007 1.66228e+007 1.66228e+007 1.66228e+007 1.66228e+007 1.66228e+007 1.66228e+007 1.66228e+007 1.66228e+007 1.66228e+007 1.66228e+007 1.66228e+007 0 0 0 0 0 0 0 0 0 0 0 0 0 0 0 0 0 0 0 0 0 0 0 0 0
#obs cpue bio
 2.9898e+006 3.74836e+006 2.5264e+006 2.68191e+006 2.47235e+006 3.67425e+006 1.58718e+006 2.22719e+006 1.74768e+006 1.19097e+006 1.26169e+006 1.35822e+006 1.2267e+006 1.26151e+006 1.14411e+006 825209 855585 570082 538780 699807 601105 525687 467953 416114 551790 463284 465895 690311 483155 495940 399805 588013 519038 600539 605247 558707 429391 481375 577868 665688 673164 516408 499046 452284 529736 590526 695639 406996 631141 577793 734628 489284 488600 602696 487861 497721
#pred surv len freq
 0.00459085 0.00742535 0.0111289 0.0156845 0.0210104 0.0268945 0.0329513 0.0386956 0.043709 0.0477698 0.0508625 0.0531043 0.0546667 0.0557203 0.0563935 0.0567484 0.0567796 0.0564249 0.05556 0.0539643 0.0512998 0.0471815 0.0413815 0.0340802 0.0259723
 0.00494658 0.00792021 0.0117241 0.0163043 0.0215795 0.0273875 0.0334183 0.0392348 0.0443954 0.0485829 0.0516642 0.0536859 0.0548397 0.0554004 0.0556374 0.0557314 0.0557279 0.0555319 0.0549185 0.0535453 0.0509875 0.0468474 0.0409546 0.0335742 0.0254602
 0.00507209 0.00816874 0.0121743 0.0170412 0.0226557 0.0287748 0.0349833 0.0407718 0.0457096 0.0495722 0.0523361 0.0540982 0.0550171 0.0552981 0.0551805 0.0548906 0.0545704 0.0542089 0.0535998 0.0523472 0.0499402 0.0459182 0.0401019 0.0327911 0.0247778
 0.00524913 0.00844098 0.0125602 0.0175611 0.0233435 0.0296853 0.0361788 0.0422823 0.0474824 0.0514483 0.0540831 0.0554889 0.0559039 0.0556339 0.0549837 0.0542028 0.0534467 0.0527362 0.0519075 0.0505846 0.0482364 0.0443568 0.0387269 0.0316286 0.023848
 0.00548128 0.00881033 0.0131005 0.018297 0.0242863 0.0308281 0.0374959 0.0437357 0.0490338 0.0530602 0.0557002 0.0570115 0.0571812 0.0564954 0.0552914 0.0538905 0.0525267 0.0512858 0.0500529 0.0484857 0.0460672 0.0422797 0.0368717 0.0300815 0.0226496
 0.00575179 0.00924333 0.0137399 0.0191804 0.025439 0.0322539 0.0391645 0.0455768 0.0509447 0.0549265 0.0574186 0.0585002 0.0583725 0.057317 0.0556557 0.0537054 0.0517271 0.0498662 0.0480848 0.046115 0.0434936 0.0397238 0.0345376 0.0281213 0.0211404
 0.00598591 0.00962496 0.0143169 0.0199995 0.0265394 0.0336551 0.040852 0.0474925 0.05299 0.0569756 0.0593372 0.0601636 0.0596794 0.0581939 0.056049 0.0535682 0.0510148 0.048552 0.0461892 0.0437342 0.0408055 0.0369655 0.0319571 0.0259218 0.0194368
 0.0063055 0.0101282 0.015045 0.0209836 0.0277993 0.0351963 0.0426573 0.0495129 0.0551399 0.0591385 0.0613768 0.0619405 0.0610686 0.0590984 0.0564055 0.0533415 0.0501878 0.0471218 0.044181 0.0412269 0.0379553 0.0340026 0.0291459 0.0234971 0.0175438
 0.00667102 0.0107094 0.0158954 0.0221443 0.0292921 0.0370132 0.044749 0.0517851 0.0574659 0.0613803 0.0634047 0.0636418 0.0623485 0.05988 0.0566317 0.0529763 0.0492158 0.0455485 0.0420403 0.0385996 0.03499 0.0309197 0.026208 0.0209476 0.0155418
 0.00693783 0.0111479 0.0165646 0.023103 0.0305889 0.0386689 0.0467371 0.054022 0.0598181 0.0636877 0.0655069 0.0653996 0.0636564 0.0606688 0.0568621 0.0526296 0.0482866 0.0440455 0.0399964 0.0360911 0.0321556 0.0279653 0.0233813 0.0184824 0.0135963
 0.00721557 0.0115945 0.017229 0.024031 0.031819 0.0402232 0.0486068 0.0561539 0.0621104 0.0659964 0.0676637 0.067236 0.0650298 0.0614814 0.0570666 0.0522207 0.0472856 0.042489 0.0379373 0.033613 0.0293924 0.0251084 0.0206593 0.0161122 0.011725
 0.00730004 0.0117409 0.0174671 0.0243972 0.0323527 0.0409589 0.0495657 0.0573367 0.0634945 0.0675345 0.0692814 0.068831 0.066477 0.0626479 0.0578322 0.0524962 0.0470227 0.0416809 0.0366166 0.031854 0.0273178 0.0228899 0.0184993 0.0142032 0.0102016
 0.00748559 0.0120421 0.0179201 0.0250365 0.0332054 0.0420367 0.0508529 0.058785 0.0650266 0.0690569 0.0706998 0.0700617 0.0674518 0.0633123 0.0581406 0.0524093 0.0465108 0.0407322 0.0352485 0.0301245 0.0253329 0.0208021 0.0164882 0.0124382 0.00879929
 0.00762622 0.012275 0.0182789 0.0255564 0.0339178 0.0429591 0.0519777 0.0600722 0.0664057 0.0704369 0.0719825 0.0711559 0.0682846 0.0638353 0.0583282 0.0522516 0.046005 0.0398809 0.0340669 0.0286541 0.023655 0.0190399 0.014791 0.0109482 0.00761493
 0.00788456 0.0126795 0.0188594 0.0263318 0.0348951 0.0441304 0.0533145 0.061519 0.0678794 0.0718352 0.0731981 0.0720926 0.0688725 0.0640397 0.0581502 0.0517184 0.0451573 0.0387615 0.0327183 0.0271263 0.0220181 0.0173907 0.013245 0.00961482 0.00656743
 0.00808088 0.0129957 0.0193293 0.026984 0.0357463 0.0451764 0.0545205 0.0628183 0.0691833 0.0730497 0.0742383 0.0728896 0.0693752 0.0642162 0.0579904 0.0512351 0.0443827 0.0377409 0.031504 0.0257768 0.0206021 0.0159911 0.0119527 0.0085125 0.00570816
 0.00834777 0.013401 0.019887 0.0276904 0.0365848 0.0461243 0.0555507 0.0638945 0.0702547 0.0740504 0.0750944 0.073532 0.0697521 0.0643 0.0577779 0.0507429 0.0436419 0.0367928 0.0303984 0.024571 0.0193617 0.0147887 0.0108621 0.00759619 0.00500231
 0.00843464 0.0135526 0.0201331 0.0280621 0.0371044 0.0467909 0.0563307 0.0647251 0.0710631 0.074776 0.0757008 0.0740019 0.0700738 0.0644583 0.0577546 0.0505242 0.0432259 0.0361935 0.0296457 0.0237094 0.0184478 0.0138871 0.0100372 0.00690077 0.00446642
 0.00843031 0.0135516 0.0201444 0.0281012 0.0371943 0.0469598 0.0566058 0.0651228 0.0715764 0.0753688 0.0763129 0.0745659 0.0705337 0.0647801 0.0579232 0.0505347 0.0430778 0.035891 0.0292029 0.0231545 0.017824 0.0132479 0.00943831 0.00638878 0.00406884
 0.00842457 0.0135401 0.0201235 0.0280678 0.0371485 0.0469091 0.0565685 0.0651272 0.0716554 0.0755489 0.0766022 0.0749464 0.0709626 0.0652001 0.058278 0.0507813 0.0431911 0.0358626 0.0290385 0.022873 0.0174574 0.0128394 0.00903513 0.00603242 0.00378615
 0.00842811 0.0135413 0.0201168 0.0280449 0.0371003 0.0468293 0.0564576 0.0649959 0.0715256 0.0754521 0.0765734 0.0750145 0.0711389 0.0654708 0.0586047 0.0511109 0.0434694 0.0360479 0.0291083 0.0228263 0.0173123 0.0126284 0.00879782 0.00580634 0.00359826
 0.00846965 0.0136021 0.0201954 0.0281346 0.0371901 0.046905 0.0565046 0.0650018 0.0714839 0.0753663 0.0764599 0.0749009 0.0710575 0.0654488 0.0586536 0.0512209 0.0436114 0.0361823 0.029198 0.0228478 0.0172612 0.0125186 0.00865524 0.00565976 0.0034707
 0.00869997 0.0139394 0.0206337 0.0286438 0.0377228 0.0474098 0.0569359 0.0653237 0.0716703 0.0754017 0.0763429 0.0746476 0.0707022 0.065039 0.058241 0.0508486 0.0433038 0.0359414 0.0290079 0.022685 0.0171066 0.0123641 0.00850483 0.00552401 0.00335994
 0.00880639 0.0140966 0.0208399 0.0288839 0.0379692 0.0476257 0.0570815 0.0653654 0.0715926 0.0752162 0.0760874 0.0743731 0.0704549 0.064848 0.0581161 0.0507867 0.0432947 0.0359706 0.0290572 0.0227344 0.0171388 0.0123698 0.00848485 0.00548741 0.0033187
 0.00888903 0.0142212 0.0210086 0.0290911 0.0382011 0.0478611 0.0572929 0.0655208 0.0716612 0.0751774 0.0759397 0.0741378 0.0701724 0.0645661 0.0578761 0.0506131 0.0431931 0.0359312 0.0290615 0.022761 0.0171684 0.0123891 0.00848826 0.00547698 0.00330077
 0.00878447 0.0140838 0.0208619 0.0289759 0.0381631 0.0479316 0.0574725 0.0657774 0.0719415 0.075425 0.0761102 0.074208 0.0701421 0.0644557 0.0577203 0.0504505 0.0430557 0.035837 0.0290125 0.0227474 0.0171748 0.0124008 0.00849585 0.00547707 0.00329487
 0.00863296 0.0138649 0.0205848 0.0286713 0.0378802 0.0477293 0.0574076 0.0658897 0.0722375 0.0758671 0.0766206 0.0746897 0.0705103 0.0646626 0.0577638 0.0503652 0.0428947 0.035653 0.0288446 0.0226159 0.017083 0.0123416 0.00845862 0.00545291 0.00327825
 0.00868649 0.0139117 0.0205827 0.0285611 0.0376076 0.0472767 0.0568189 0.0652689 0.0717181 0.0755656 0.0765972 0.0749327 0.0709458 0.0651839 0.0582663 0.050776 0.0431843 0.0358303 0.02894 0.0226634 0.017108 0.0123579 0.00847103 0.00546177 0.00328337
 0.00878757 0.0140641 0.0207868 0.0288019 0.0378491 0.0474606 0.0568719 0.0651252 0.0713531 0.0750234 0.0759896 0.074402 0.070609 0.0650895 0.0583857 0.0510284 0.0434775 0.0360938 0.0291396 0.0227963 0.0171891 0.0124054 0.00849893 0.00547834 0.00329292
 0.00866649 0.0138978 0.020593 0.0286152 0.0377102 0.0473984 0.056887 0.0651854 0.0714021 0.0750023 0.0758636 0.0741814 0.0703526 0.0648832 0.0583052 0.0511057 0.0436905 0.0363833 0.0294392 0.0230572 0.0173892 0.0125447 0.00858892 0.00553305 0.0033243
 0.00844717 0.0135779 0.0201812 0.0281469 0.037243 0.0469997 0.0566207 0.0650973 0.0715053 0.0752665 0.0762175 0.0745342 0.0706283 0.0650503 0.058384 0.0511503 0.0437562 0.036499 0.0295996 0.0232347 0.0175533 0.0126756 0.00868125 0.00559172 0.00335832
 0.00832098 0.013369 0.0198617 0.0276946 0.0366526 0.0462987 0.0558797 0.0644236 0.0710162 0.0750506 0.0763043 0.0748857 0.0711546 0.0656416 0.0589469 0.0516319 0.0441483 0.036822 0.029879 0.0234838 0.0177708 0.0128535 0.00881431 0.00568185 0.00341355
 0.00811508 0.013052 0.019417 0.0271165 0.0359448 0.0454738 0.0549641 0.0634679 0.070103 0.0742908 0.0758162 0.0747605 0.071423 0.066259 0.059806 0.052599 0.0451031 0.0376844 0.0306126 0.024083 0.0182441 0.0132131 0.00907328 0.00585604 0.00352156
 0.00786295 0.0126705 0.0188959 0.0264655 0.0351906 0.044654 0.0541225 0.0626521 0.0693616 0.0736714 0.0753657 0.0745267 0.0714504 0.0665743 0.0603994 0.0534138 0.0460451 0.0386471 0.0315054 0.0248484 0.0188583 0.0136777 0.0094045 0.00607726 0.0036587
 0.00789738 0.0126807 0.0188282 0.0262452 0.0347461 0.0439515 0.0531943 0.0615965 0.0683133 0.0727583 0.0746777 0.0741081 0.0713116 0.0667078 0.0607875 0.0540254 0.0468282 0.0395272 0.0323963 0.0256704 0.0195553 0.0142236 0.00980086 0.0063439 0.00382438
 0.00862221 0.0137101 0.0200982 0.0275942 0.0359488 0.0447828 0.0534891 0.0612855 0.0674328 0.0714412 0.0731256 0.0725449 0.069931 0.0656365 0.0600781 0.0536711 0.0467843 0.0397264 0.0327576 0.0261094 0.0199958 0.01461 0.0101038 0.00655845 0.00396222
 0.00922764 0.0146796 0.0215206 0.0295174 0.0383411 0.0474874 0.0562007 0.0635877 0.0689088 0.0718136 0.0723506 0.0708127 0.067584 0.0630572 0.0575951 0.0515096 0.0450574 0.0384545 0.0318982 0.0255846 0.019715 0.014487 0.0100687 0.0065628 0.00397804
 0.00907741 0.0145443 0.02152 0.029834 0.0391764 0.0489863 0.0583736 0.066267 0.0717586 0.074393 0.0742168 0.0716402 0.0672595 0.0617078 0.0555343 0.0491275 0.0427097 0.0363914 0.0302457 0.0243641 0.0188792 0.0139556 0.00975507 0.00639123 0.0038912
 0.00871713 0.0139906 0.0207546 0.028883 0.0381305 0.0480158 0.0577234 0.0662072 0.0724894 0.075939 0.0763721 0.0740069 0.0693699 0.0631751 0.0561664 0.0489603 0.0419562 0.0353416 0.0291661 0.023435 0.0181806 0.0134878 0.00947403 0.0062395 0.00381778
 0.00859006 0.0137621 0.0203712 0.0282847 0.0372702 0.0468914 0.0564108 0.0648773 0.0713907 0.0753429 0.07649 0.0749039 0.070915 0.0650614 0.0580067 0.0504183 0.0428516 0.0356802 0.0290928 0.0231462 0.0178457 0.013209 0.00928612 0.00613365 0.00376797
 0.00868951 0.0139055 0.0205504 0.0284731 0.0374208 0.0469393 0.0562835 0.0645168 0.0707866 0.0745637 0.0756901 0.0742907 0.0706773 0.0652889 0.0586422 0.0512736 0.0436837 0.0362901 0.0293934 0.023169 0.0176945 0.0129977 0.00909513 0.00599747 0.00368694
 0.00859784 0.0137702 0.0203715 0.0282583 0.0371804 0.0466795 0.0560008 0.0641973 0.0704122 0.0741253 0.0752056 0.0738197 0.0703211 0.0651652 0.0588362 0.0517901 0.04443 0.0371062 0.0301164 0.0236949 0.0180028 0.0131334 0.00912811 0.00598762 0.00366934
 0.00865921 0.0138584 0.0204832 0.0283839 0.0373077 0.0467982 0.0561046 0.0642798 0.07046 0.074113 0.0751005 0.0735978 0.0699883 0.0647711 0.0584679 0.0515423 0.0443629 0.0372161 0.0303389 0.0239389 0.0181943 0.0132418 0.00916354 0.00598013 0.0036474
 0.00881339 0.0140917 0.0208014 0.0287789 0.0377582 0.0472716 0.0565599 0.0646717 0.0707463 0.0742621 0.0750956 0.0734357 0.0696772 0.0643334 0.0579467 0.0510024 0.0438787 0.0368475 0.030108 0.0238255 0.0181524 0.0132251 0.00914484 0.00595341 0.00361852
 0.00869889 0.0139337 0.0206153 0.0285961 0.0376164 0.0472002 0.0565683 0.0647481 0.0708656 0.0743982 0.0752284 0.0735523 0.0697682 0.0643903 0.0579631 0.05098 0.0438323 0.0368024 0.0300894 0.0238449 0.0182024 0.0132861 0.00919732 0.00598746 0.00363478
 0.00869003 0.013911 0.0205676 0.028512 0.0374924 0.0470501 0.056427 0.0646627 0.0708755 0.0745139 0.0754247 0.0737794 0.0699735 0.0645367 0.0580357 0.050983 0.0437825 0.0367237 0.0300073 0.0237801 0.0181647 0.0132732 0.0091994 0.00599404 0.00363959
 0.00875846 0.0140048 0.0206758 0.0286119 0.0375539 0.0470451 0.056339 0.0644957 0.0706573 0.0742919 0.0752523 0.0736964 0.0699902 0.0646308 0.0581656 0.0511066 0.0438723 0.0367721 0.0300223 0.023777 0.0181582 0.0132714 0.0092036 0.00600119 0.00364621
 0.0087862 0.0140558 0.0207623 0.0287457 0.0377397 0.0472714 0.0565733 0.0646888 0.0707594 0.0742734 0.0751177 0.0734838 0.0697557 0.0644263 0.0580205 0.0510222 0.0438301 0.0367478 0.0299988 0.0237488 0.0181283 0.0132458 0.00918566 0.005991 0.00364149
 0.0086855 0.0139069 0.0205666 0.0285161 0.0374996 0.0470505 0.0564021 0.0645915 0.0707452 0.0743315 0.07522 0.073597 0.0698575 0.0645139 0.0581069 0.0511235 0.0439529 0.0368849 0.0301344 0.0238675 0.0182216 0.013313 0.00923119 0.00602047 0.00365976
 0.00871236 0.0139465 0.0206188 0.0285792 0.0375715 0.0471313 0.0564946 0.0646998 0.0708704 0.074467 0.0753489 0.0736943 0.0698975 0.0644808 0.0580028 0.0509691 0.0437791 0.0367211 0.0299987 0.0237649 0.0181482 0.0132621 0.00919667 0.00599802 0.00364612
 0.00878463 0.0140401 0.0207156 0.0286479 0.0375768 0.0470487 0.0563227 0.0644637 0.0706151 0.0742429 0.0751983 0.0736398 0.0699369 0.0645898 0.0581448 0.0511091 0.0438948 0.0368063 0.0300587 0.0238085 0.018182 0.0132888 0.00921693 0.0060122 0.00365514
 0.00916456 0.0146217 0.0215217 0.0296695 0.0387696 0.0483311 0.0575777 0.0655503 0.0713958 0.0746209 0.0751437 0.073193 0.069189 0.0636526 0.0571242 0.0500895 0.0429348 0.035943 0.0293141 0.023194 0.0176992 0.0129299 0.00896618 0.00584839 0.00355572
 0.00946342 0.0150997 0.0222249 0.0306316 0.04 0.0497991 0.0591964 0.0671743 0.0728418 0.0757064 0.075729 0.0732118 0.0686597 0.0626691 0.0558296 0.0486417 0.0414755 0.0345796 0.0281152 0.0221946 0.0169084 0.0123378 0.00854895 0.00557366 0.00338788
 0.00981327 0.0156347 0.0229681 0.0315842 0.0411452 0.0511067 0.0606212 0.0686471 0.0742623 0.0769453 0.0766447 0.0736782 0.068598 0.0620719 0.0547669 0.0472446 0.0399061 0.032996 0.0266458 0.0209248 0.0158801 0.0115563 0.00799276 0.00520472 0.00316119
 0.00984683 0.0156959 0.0230722 0.0317491 0.0413874 0.0514354 0.0610341 0.0691328 0.0748053 0.0775296 0.0772475 0.0742582 0.0690879 0.0623879 0.0548339 0.0470266 0.0394228 0.0323185 0.0258742 0.0201592 0.0151985 0.0110038 0.00758216 0.00492443 0.00298567
 0.00943618 0.015117 0.0223659 0.0310105 0.0407415 0.0509959 0.0608694 0.0692552 0.0751826 0.0781056 0.0779592 0.0750437 0.069887 0.0631378 0.0554687 0.0474839 0.0396604 0.0323301 0.0256949 0.0198555 0.0148468 0.0106695 0.00730655 0.00472281 0.00285341
#obs surv len freq
 nan nan nan nan nan nan nan nan nan nan nan nan nan nan nan nan nan nan nan nan nan nan nan nan nan
 0.00448659 0.00734893 0.01118 0.0159974 0.0216989 0.0279748 0.034289 0.0400198 0.0446984 0.0481608 0.0505171 0.0520112 0.0529018 0.0534128 0.0537259 0.0539799 0.0542578 0.0545501 0.0546886 0.0542804 0.0527185 0.049351 0.0438013 0.0362822 0.0276668
 0.00461474 0.00755986 0.0115019 0.016457 0.022315 0.0287478 0.0351911 0.0409923 0.0456601 0.0490244 0.0512057 0.0524697 0.0531023 0.0533543 0.0534303 0.0534841 0.0536052 0.0537832 0.0538463 0.0533998 0.0518383 0.0485142 0.0430526 0.0356593 0.0271907
 0.00477804 0.00782678 0.0119064 0.0170317 0.0230854 0.029722 0.0363483 0.0422781 0.0469904 0.0502983 0.0523205 0.0533341 0.0536464 0.0535376 0.0532447 0.0529518 0.0527718 0.0527085 0.052597 0.0520461 0.0504558 0.0471835 0.0418538 0.0346585 0.0264244
 0.00497004 0.00814008 0.0123801 0.0177033 0.0239834 0.0308554 0.0376949 0.0437795 0.0485593 0.0518329 0.0537177 0.0544977 0.0544914 0.0539957 0.0532707 0.0525307 0.0519208 0.0514763 0.051059 0.0502998 0.0486166 0.0453786 0.0402087 0.0332758 0.0253617
 0.00518706 0.00849626 0.0129224 0.0184773 0.0250246 0.032175 0.0392651 0.0455293 0.0503845 0.053616 0.0553461 0.0558731 0.0555311 0.0546307 0.0534464 0.05221 0.0510914 0.0501586 0.0493131 0.0482291 0.046365 0.0431188 0.0381178 0.0315014 0.0239898
 0.00540935 0.00885988 0.0134741 0.0192629 0.0260808 0.0335169 0.0408719 0.047338 0.0522967 0.0555152 0.0571149 0.0574043 0.0567332 0.0554285 0.0537795 0.0520316 0.0503713 0.0488927 0.0475372 0.0460331 0.043899 0.0405825 0.0357288 0.0294485 0.0223892
 0.00564604 0.00924827 0.0140653 0.0201068 0.0272165 0.0349576 0.0425898 0.0492589 0.0543118 0.0575014 0.0589546 0.058995 0.057989 0.0562782 0.0541639 0.0519019 0.0496905 0.0476427 0.0457351 0.0437518 0.0412824 0.0378412 0.033107 0.0271687 0.0205958
 0.00588343 0.00963849 0.0146607 0.0209591 0.0283673 0.0364224 0.0443422 0.0512242 0.0563771 0.0595374 0.0608365 0.0606154 0.0592619 0.0571374 0.0545581 0.051789 0.0490353 0.0464226 0.0439554 0.0414702 0.0386301 0.0350254 0.0303813 0.0247736 0.0186956
 0.00614075 0.0100571 0.0152915 0.0218497 0.029554 0.0379159 0.0461132 0.0531975 0.0584408 0.0615636 0.0627011 0.0622107 0.060502 0.0579577 0.0549122 0.0516426 0.0483618 0.0452037 0.0421947 0.039216 0.0360009 0.0322174 0.0276436 0.0223507 0.0167605
 0.0063747 0.0104422 0.0158796 0.022692 0.0306901 0.0393582 0.0478303 0.05511 0.0604337 0.0635095 0.0644813 0.0637261 0.0616749 0.0587295 0.0552399 0.0514946 0.0477144 0.0440423 0.0405236 0.0370788 0.0335042 0.0295415 0.0250223 0.0200185 0.014888
 0.00660716 0.0108246 0.0164635 0.023528 0.031818 0.040791 0.0495374 0.0570114 0.0624109 0.0654283 0.0662151 0.0651707 0.0627539 0.0593935 0.0554602 0.0512555 0.0470065 0.0428618 0.0388804 0.0350158 0.0311192 0.0269986 0.0225357 0.0178051 0.0131078
 0.00683604 0.0111983 0.0170289 0.0243299 0.0328905 0.0421439 0.0511422 0.0587952 0.0642658 0.0672307 0.0678452 0.0665262 0.0637565 0.0599907 0.0556236 0.0509751 0.0462832 0.0417039 0.037308 0.0330749 0.0289012 0.0246513 0.0202498 0.0157742 0.0114748
 0.00706335 0.0115719 0.0175984 0.0251428 0.033982 0.0435199 0.0527643 0.0605765 0.0660851 0.0689577 0.0693631 0.0677439 0.0646107 0.0604432 0.055657 0.0505882 0.045486 0.0405147 0.0357564 0.0312122 0.0268157 0.0224764 0.0181534 0.0139241 0.00999319
 0.00725511 0.0118902 0.0180895 0.0258538 0.0349505 0.044759 0.0542459 0.0622258 0.0677906 0.070592 0.070806 0.0688972 0.065406 0.0608426 0.0556488 0.0501798 0.0446968 0.039372 0.0342971 0.0294914 0.0249181 0.0205222 0.0162882 0.0122899 0.00869133
 0.00742523 0.0121676 0.0185087 0.0264481 0.0357465 0.045767 0.0554496 0.0635762 0.0692099 0.0719857 0.0720753 0.0699515 0.0661708 0.0612665 0.0557056 0.0498667 0.0440292 0.0383788 0.0330193 0.0279864 0.023267 0.0188328 0.0146862 0.0108945 0.00758481
 0.00754051 0.012353 0.0187842 0.026832 0.0362532 0.0464034 0.0562102 0.0644407 0.0701442 0.0729452 0.0730089 0.0708027 0.0668802 0.0617754 0.0559636 0.049838 0.0436975 0.0377488 0.0321174 0.0268616 0.0219928 0.017506 0.0134162 0.00978289 0.00670144
 0.00759882 0.012449 0.0189311 0.027043 0.0365395 0.0467709 0.056656 0.0649529 0.0707043 0.0735331 0.0736047 0.0713844 0.0674199 0.0622363 0.0563006 0.0500036 0.0436505 0.0374639 0.0315923 0.0261226 0.0210958 0.0165322 0.0124603 0.00893365 0.00602046
 0.0076624 0.0125424 0.0190537 0.027189 0.0367013 0.046944 0.0568424 0.06516 0.0709415 0.0738067 0.073915 0.0717249 0.0677767 0.0625877 0.0566159 0.0502435 0.0437712 0.0374251 0.0313687 0.0257136 0.0205318 0.0158727 0.0117824 0.00831343 0.00551372
 0.00772594 0.0126416 0.0191948 0.0273733 0.0369237 0.047191 0.0570926 0.0653884 0.0711279 0.0739447 0.0740149 0.0718082 0.0678653 0.0626937 0.056736 0.0503583 0.0438487 0.0374272 0.0312612 0.0254777 0.0201739 0.0154271 0.011304 0.0078624 0.00513751
 0.0077602 0.0126945 0.0192691 0.0274701 0.0370416 0.047327 0.0572407 0.0655393 0.0712695 0.0740649 0.0741054 0.0718689 0.0679054 0.0627279 0.0567772 0.0504102 0.0439006 0.0374553 0.0312352 0.0253724 0.0199801 0.0151586 0.0109951 0.00755686 0.00487389
 0.00781342 0.0127742 0.0193764 0.0276012 0.0371892 0.0474814 0.0573919 0.0656775 0.0713862 0.0741536 0.0741626 0.0718942 0.0679018 0.0627022 0.0567394 0.0503703 0.0438636 0.0374168 0.0311812 0.0252845 0.0198453 0.0149775 0.0107846 0.00734438 0.00468673
 0.00785386 0.0128338 0.0194545 0.027693 0.0372864 0.0475747 0.0574726 0.0657391 0.0714258 0.0741726 0.074166 0.0718887 0.0678932 0.0626936 0.0567318 0.0503633 0.0438565 0.0374066 0.0311612 0.0252446 0.0197761 0.0148764 0.0106593 0.00721142 0.00456486
 0.00785811 0.0128425 0.0194707 0.0277198 0.0373258 0.0476251 0.057528 0.06579 0.0714626 0.0741898 0.0741647 0.0718757 0.0678775 0.0626831 0.0567305 0.0503713 0.0438703 0.0374208 0.031169 0.0252384 0.0197493 0.0148263 0.0105897 0.00713228 0.00448875
 0.00787383 0.0128613 0.0194869 0.0277248 0.0373114 0.0475881 0.0574735 0.0657303 0.0714116 0.0741573 0.0741534 0.0718824 0.0678971 0.062712 0.0567671 0.0504147 0.0439185 0.0374697 0.0312125 0.0252697 0.0197624 0.0148185 0.010563 0.00709338 0.00444663
 0.0078903 0.0128865 0.0195212 0.0277665 0.0373558 0.047627 0.0574963 0.0657268 0.0713772 0.0740965 0.0740792 0.0718116 0.0678436 0.0626824 0.056761 0.0504276 0.0439446 0.0375031 0.0312471 0.0252993 0.0197815 0.0148235 0.0105542 0.00707426 0.00442309
 0.00789461 0.0128899 0.0195198 0.0277548 0.0373285 0.0475817 0.057435 0.0656556 0.0713039 0.0740276 0.0740195 0.0717654 0.0678159 0.0626783 0.0567834 0.050475 0.0440114 0.0375806 0.031326 0.025371 0.0198395 0.014864 0.0105766 0.00708161 0.00442046
 0.00788276 0.0128719 0.0194949 0.0277227 0.0372888 0.0475335 0.0573769 0.0655874 0.071228 0.07395 0.0739492 0.0717115 0.0677854 0.0626748 0.0568074 0.0505245 0.0440818 0.0376652 0.0314163 0.0254579 0.0199148 0.0149225 0.0106165 0.00710457 0.00443068
 0.00786526 0.0128399 0.0194406 0.0276376 0.0371666 0.0473748 0.0571923 0.0653963 0.0710536 0.0738125 0.0738607 0.0716761 0.0678009 0.0627356 0.0569059 0.0506519 0.0442286 0.0378214 0.0315715 0.0256024 0.0200402 0.0150229 0.01069 0.00715317 0.00445919
 0.00785972 0.0128285 0.0194188 0.0275991 0.0371043 0.0472824 0.0570672 0.0652419 0.0708807 0.0736388 0.0737078 0.0715641 0.0677436 0.0627376 0.056963 0.050754 0.0443627 0.0379738 0.0317293 0.0257535 0.0201747 0.0151339 0.0107742 0.0072113 0.00449545
 0.00785576 0.0128182 0.0193961 0.0275561 0.037033 0.047178 0.0569303 0.0650799 0.0707057 0.0734656 0.0735518 0.0714403 0.0676655 0.0627147 0.0569989 0.0508447 0.0444975 0.0381377 0.0319056 0.0259267 0.0203317 0.0152654 0.0108758 0.00728326 0.0045418
 0.00782228 0.012768 0.0193284 0.0274722 0.0369355 0.0470687 0.0568101 0.0649495 0.0705682 0.0733277 0.073424 0.0713353 0.0675957 0.0626898 0.0570243 0.0509208 0.044619 0.0382939 0.0320817 0.0261062 0.0204993 0.0154093 0.0109893 0.00736519 0.00459568
 0.00779667 0.0127234 0.019256 0.0273633 0.0367844 0.0468779 0.0565928 0.0647281 0.0703679 0.0731683 0.0733153 0.0712779 0.0675857 0.0627232 0.0570986 0.0510339 0.0447672 0.0384703 0.0322753 0.026303 0.0206845 0.0155703 0.011118 0.00745941 0.00465853
 0.00775854 0.0126613 0.0191624 0.027231 0.0366083 0.0466569 0.0563334 0.0644465 0.0700888 0.0729214 0.0731287 0.0711717 0.0675674 0.0627877 0.0572321 0.0512194 0.0449883 0.0387125 0.0325252 0.026547 0.020909 0.0157634 0.0112721 0.00757259 0.00473447
 0.00774364 0.0126336 0.0191145 0.0271537 0.0364929 0.0464986 0.0561344 0.0642168 0.0698452 0.0726843 0.0729196 0.0710112 0.0674726 0.0627695 0.0572919 0.0513492 0.045173 0.0389334 0.0327632 0.0267845 0.0211303 0.0159559 0.0114274 0.00768798 0.00481283
 0.00932419 0.0148455 0.0217825 0.0298939 0.0388242 0.04802 0.0566664 0.0638282 0.068772 0.0712098 0.0712871 0.0693903 0.0659657 0.0614317 0.0561486 0.0504061 0.0444226 0.0383588 0.0323415 0.0264899 0.0209365 0.0158375 0.0113617 0.00765577 0.00479953
 0.00930105 0.0151033 0.0226913 0.0319133 0.0423032 0.0529273 0.0624183 0.0693839 0.0730027 0.0733436 0.0711631 0.067402 0.0627886 0.0577339 0.0524257 0.0469525 0.0413794 0.0357745 0.0302161 0.0247981 0.019639 0.0148853 0.0106984 0.00722123 0.00453422
 0.00897203 0.0145834 0.0219586 0.0310148 0.0414093 0.0523696 0.062651 0.0708214 0.0757713 0.0770966 0.0751226 0.0706544 0.0646658 0.0580457 0.05143 0.0451422 0.0392492 0.0336861 0.0283734 0.023284 0.0184632 0.0140192 0.0100954 0.00682687 0.00429397
 0.0087833 0.0142695 0.0214739 0.0303154 0.0404702 0.051216 0.0613991 0.0697068 0.0751312 0.0772777 0.0763262 0.0727892 0.0673135 0.0605959 0.0533275 0.0460987 0.0393021 0.033099 0.0274744 0.0223412 0.0176376 0.0133761 0.0096376 0.00652619 0.00411149
 0.00873362 0.014178 0.0213154 0.0300575 0.040078 0.0506621 0.0606775 0.0688498 0.0742262 0.076478 0.0758405 0.0728298 0.0680045 0.061882 0.0549505 0.0476807 0.0404997 0.0337366 0.0275791 0.0220793 0.0172105 0.0129415 0.00928183 0.00627437 0.00395279
 0.00867825 0.0140895 0.0211845 0.0298749 0.0398339 0.0503464 0.0602815 0.0683705 0.0736729 0.0758824 0.0752682 0.0723855 0.067819 0.0620705 0.0555517 0.0486115 0.041564 0.0346979 0.0282583 0.0224172 0.017263 0.0128238 0.00910584 0.00611297 0.00383571
 0.00869442 0.0141093 0.0212022 0.0298805 0.0398149 0.0502907 0.0601796 0.0682153 0.0734589 0.0756068 0.0749358 0.0720195 0.0674697 0.0618159 0.0554777 0.0487747 0.0419543 0.0352272 0.0287923 0.0228333 0.0175001 0.0128939 0.009067 0.00603053 0.00375539
 0.00870118 0.0141237 0.0212294 0.0299261 0.0398815 0.0503736 0.0602641 0.0682783 0.0734749 0.0755555 0.0748076 0.0718179 0.0672132 0.0615396 0.055233 0.0486203 0.041935 0.0353507 0.029018 0.0230878 0.0177105 0.0130191 0.00910745 0.00601456 0.00371691
 0.00864327 0.0140397 0.0211223 0.029806 0.0397638 0.0502754 0.0601999 0.0682563 0.0734941 0.0756038 0.0748643 0.0718589 0.0672197 0.0615052 0.055169 0.0485541 0.0419024 0.0353811 0.0291189 0.0232387 0.0178718 0.0131517 0.00919035 0.0060495 0.00371993
 0.00864161 0.0140268 0.0210848 0.0297271 0.0396302 0.0500866 0.0599748 0.0680313 0.0733117 0.0754966 0.0748439 0.0719138 0.0673219 0.0616225 0.0552756 0.0486394 0.0419722 0.035452 0.0292073 0.0233493 0.0179943 0.0132662 0.00927888 0.00610479 0.00374623
 0.00863636 0.0140222 0.0210841 0.0297337 0.0396438 0.0500994 0.0599709 0.0679922 0.0732267 0.0753723 0.0747049 0.0717929 0.0672453 0.0615992 0.0552968 0.0486864 0.0420283 0.0355094 0.0292672 0.0234158 0.0180672 0.013339 0.00934186 0.00615062 0.0037736
 0.00865294 0.0140454 0.0211126 0.0297642 0.0396731 0.0501257 0.0599942 0.068012 0.0732384 0.075367 0.0746725 0.0717298 0.0671594 0.0615082 0.0552201 0.0486366 0.0420072 0.0355116 0.0292855 0.023445 0.0181039 0.013379 0.00937975 0.00618136 0.0037946
 0.00863121 0.014016 0.0210789 0.0297329 0.0396512 0.0501176 0.0599995 0.0680259 0.0732549 0.0753811 0.0746812 0.0717307 0.0671503 0.0614886 0.0551936 0.0486107 0.0419905 0.0355095 0.0292988 0.0234706 0.0181368 0.0134142 0.00941272 0.00620849 0.00381412
 0.00862139 0.0139994 0.0210532 0.0296963 0.0396044 0.0500649 0.0599496 0.0679896 0.0732411 0.0753923 0.0747122 0.0717713 0.0671895 0.0615183 0.0552105 0.0486161 0.0419892 0.035508 0.0293025 0.0234823 0.0181557 0.0134374 0.00943618 0.00622894 0.00382962
 0.0086067 0.0139753 0.0210165 0.0296441 0.0395349 0.0499787 0.0598512 0.0678885 0.0731502 0.0753258 0.0746811 0.0717802 0.0672347 0.061589 0.0552929 0.0486978 0.0420624 0.03557 0.0293547 0.0235275 0.0181961 0.0134735 0.00946714 0.00625362 0.00384752
 0.0086067 0.0139753 0.0210165 0.0296441 0.0395349 0.0499787 0.0598512 0.0678885 0.0731502 0.0753258 0.0746811 0.0717802 0.0672347 0.061589 0.0552929 0.0486978 0.0420624 0.03557 0.0293547 0.0235275 0.0181961 0.0134735 0.00946714 0.00625362 0.00384752
 0.00884247 0.014346 0.0215491 0.0303503 0.0404027 0.050964 0.0608711 0.068828 0.0738861 0.0757598 0.0747669 0.0715305 0.0667094 0.0608742 0.0544784 0.0478618 0.0412638 0.0348481 0.0287326 0.0230156 0.0177953 0.0131766 0.00926057 0.00611958 0.00376698
 0.00900053 0.0146228 0.0220006 0.031036 0.0413662 0.0522041 0.0623173 0.0703387 0.075276 0.0768465 0.0754137 0.0716719 0.0663563 0.0601021 0.0534058 0.0466237 0.0399866 0.0336333 0.0276497 0.0221038 0.0170686 0.0126293 0.00887314 0.00586351 0.0036101
 0.00906918 0.0147413 0.0221931 0.0313329 0.041802 0.0528102 0.0631104 0.0713055 0.0763615 0.0779499 0.0764003 0.0724001 0.0667137 0.0600355 0.0529332 0.0458249 0.0389795 0.0325449 0.026592 0.021159 0.0162846 0.0120226 0.00843544 0.00557018 0.00342846
 0.00892866 0.0145225 0.0218838 0.0309334 0.0413317 0.0523141 0.0626631 0.0710046 0.0763052 0.0782057 0.0769747 0.0732269 0.0676643 0.0609511 0.053668 0.0462836 0.0391369 0.0324405 0.0263068 0.0207861 0.0159042 0.0116893 0.00817563 0.00538737 0.00331174
 0.00899415 0.0146007 0.0219495 0.0309464 0.0412484 0.0521067 0.0623367 0.0706028 0.075903 0.0778918 0.0768306 0.0733052 0.0679712 0.0614383 0.0542408 0.0468268 0.0395491 0.0326639 0.0263383 0.0206681 0.0157018 0.0114658 0.0079765 0.00523478 0.00320867
#pred catch len freq
 0.00340385 0.00544493 0.00806402 0.0112588 0.0150525 0.0194666 0.0244562 0.0298739 0.0354884 0.041031 0.0462368 0.0508829 0.0548198 0.0579798 0.0603558 0.0619688 0.0628419 0.0629783 0.0623224 0.0607004 0.0577874 0.0531871 0.0466652 0.0384379 0.0292955
 0.00368607 0.00584152 0.00854986 0.0117823 0.0155642 0.0199555 0.024967 0.0304819 0.0362402 0.0418857 0.0470505 0.0514521 0.0549645 0.0576226 0.05956 0.0609193 0.0617779 0.0621045 0.0617346 0.0603605 0.057561 0.0529253 0.0462839 0.0379491 0.0287799
 0.00381735 0.00607968 0.00894978 0.0123993 0.0164289 0.0210435 0.0261857 0.0316957 0.0373289 0.0427947 0.0477903 0.0520429 0.0553727 0.0577484 0.0592918 0.0602153 0.060714 0.0608527 0.060486 0.0592431 0.0566033 0.0520825 0.0455012 0.037212 0.0281203
 0.00399751 0.00635681 0.0093424 0.0129271 0.0171236 0.0219561 0.0273739 0.0331865 0.0390716 0.0446397 0.0495202 0.0534456 0.0563077 0.0581615 0.0591819 0.0595996 0.0596291 0.0593807 0.058765 0.0574377 0.0548553 0.050481 0.0440893 0.0360139 0.0271566
 0.00422871 0.00671914 0.00986269 0.0136222 0.0180005 0.0230132 0.0286039 0.0345807 0.0406216 0.0463269 0.0512883 0.0551732 0.0578098 0.0592318 0.0596543 0.0593908 0.0587457 0.0579033 0.0568307 0.055223 0.0525528 0.0482697 0.0421109 0.0343617 0.0258742
 0.0044873 0.0071271 0.0104548 0.0144257 0.0190349 0.0242871 0.0301071 0.0362763 0.0424445 0.0481922 0.0531048 0.0568515 0.0592572 0.0603394 0.0602934 0.0594323 0.058098 0.0565498 0.0548474 0.0527719 0.0498565 0.045573 0.0396386 0.0322804 0.0242689
 0.00474266 0.00753365 0.0110521 0.0152489 0.0201131 0.0256395 0.0317334 0.0381454 0.0444887 0.0503082 0.0551645 0.0587186 0.0608062 0.0614665 0.0609141 0.0594714 0.0574881 0.0552494 0.052874 0.0502323 0.0469515 0.0425704 0.0368179 0.0298702 0.0223993
 0.00507165 0.00804566 0.0117821 0.0162198 0.0213393 0.0271298 0.0334864 0.0401386 0.0466656 0.0525724 0.0573836 0.0607389 0.0624741 0.0626509 0.061518 0.0594316 0.0567669 0.0538317 0.0507816 0.0475523 0.0438604 0.0393293 0.0337267 0.0271956 0.0203072
 0.00542809 0.00860495 0.0125873 0.0173008 0.0227119 0.028794 0.0354199 0.0422899 0.0489528 0.0548889 0.0596054 0.0627326 0.0641055 0.0637962 0.062076 0.0593311 0.0559685 0.0523279 0.0486041 0.0447901 0.0406821 0.0359857 0.0305167 0.0243968 0.0181028
 0.00573668 0.00909813 0.0133151 0.0183078 0.0240339 0.0304497 0.0373981 0.0445364 0.0513674 0.0573338 0.0619223 0.0647638 0.065713 0.0648728 0.062547 0.0591493 0.0551093 0.0507904 0.0464211 0.0420479 0.0375408 0.0326836 0.0273403 0.0216173 0.0159041
 0.00597696 0.00948148 0.0138809 0.0190941 0.0250787 0.0317883 0.0390525 0.0464989 0.053584 0.0596953 0.0642697 0.0669099 0.0674745 0.0661006 0.0631431 0.0590668 0.0543404 0.0493558 0.0443699 0.0394717 0.034593 0.0295856 0.0243572 0.0190013 0.0138292
 0.00615262 0.00976255 0.0142968 0.0196727 0.0258461 0.0327665 0.0402544 0.0479222 0.0552057 0.0614669 0.0661127 0.0687126 0.0690979 0.0673946 0.0639704 0.0593243 0.0539715 0.0483516 0.0427678 0.0373584 0.0321127 0.0269407 0.0217865 0.016732 0.0120196
 0.00636679 0.0101024 0.0147939 0.0203536 0.0267314 0.0338674 0.0415652 0.0494128 0.0568187 0.0631218 0.0677155 0.0701669 0.0703128 0.0682886 0.0644705 0.0593675 0.0535104 0.047365 0.0412726 0.0354217 0.0298594 0.024551 0.0194727 0.0146944 0.010397
 0.00657863 0.0104389 0.0152865 0.0210288 0.0276086 0.0349553 0.0428537 0.0508651 0.0583689 0.0646794 0.0691762 0.0714273 0.071285 0.0689098 0.0647043 0.0591965 0.0529277 0.0463718 0.0398862 0.0336916 0.0278822 0.0224728 0.01747 0.0129357 0.00899886
 0.00684495 0.0108518 0.0158716 0.0217999 0.0285701 0.0361038 0.0441746 0.0523239 0.0599032 0.0661982 0.0705683 0.0725781 0.0720971 0.0693198 0.0646889 0.058767 0.0521166 0.0452204 0.0384407 0.0320102 0.0260487 0.0206035 0.0157036 0.0114039 0.00779093
 0.00705837 0.0111892 0.0163619 0.0224647 0.0294211 0.0371389 0.0453717 0.053637 0.0612645 0.0675255 0.0717731 0.0735733 0.0728042 0.0696784 0.0646658 0.0583603 0.0513533 0.0441476 0.0371178 0.0305063 0.0244468 0.0190034 0.0142155 0.0101282 0.00679297
 0.00729188 0.0115425 0.0168462 0.0230765 0.0301493 0.0379728 0.0463035 0.0546544 0.0623388 0.0686035 0.0727794 0.074422 0.0734167 0.0699966 0.0646585 0.0580232 0.0507054 0.0432272 0.035979 0.0292167 0.023086 0.0176609 0.0129827 0.00908318 0.00598287
 0.00737562 0.011685 0.0170716 0.0234101 0.0306103 0.0385647 0.0470074 0.0554303 0.0631375 0.0693798 0.0734976 0.0750512 0.073922 0.0703366 0.0647917 0.0579189 0.0503522 0.0426368 0.0351852 0.0282727 0.0220608 0.0166338 0.0120331 0.00827687 0.00535838
 0.00737486 0.0116891 0.0170892 0.0234563 0.0307078 0.0387427 0.0472955 0.0558482 0.0636825 0.0700187 0.0741712 0.0756902 0.0744654 0.0707421 0.0650341 0.0579827 0.0502281 0.042324 0.0346973 0.0276425 0.02134 0.0158876 0.0113294 0.00767264 0.00488775
 0.00735961 0.011664 0.0170513 0.0234043 0.0306445 0.0386782 0.0472505 0.0558537 0.0637744 0.070227 0.0745064 0.0761338 0.0749699 0.0712421 0.0654635 0.058289 0.050379 0.0423066 0.034516 0.0273185 0.0209113 0.0154057 0.0108513 0.00724871 0.00455077
 0.00736363 0.0116666 0.0170478 0.0233874 0.0306057 0.038611 0.0471537 0.0557358 0.0636556 0.0701388 0.0744866 0.0762153 0.0751676 0.0715431 0.0658262 0.058654 0.0506847 0.0425045 0.03458 0.0272469 0.0207253 0.0151437 0.0105603 0.00697318 0.00432257
 0.00742335 0.0117548 0.0171638 0.0235236 0.0307485 0.0387428 0.0472552 0.0557892 0.0636487 0.0700707 0.0743719 0.0760836 0.075057 0.0714881 0.0658452 0.0587408 0.0508092 0.0426234 0.034651 0.0272428 0.0206407 0.0149948 0.0103772 0.00678932 0.00416456
