SBPRF35
7.78865
Curr Bio
508722
B35
681054
F35
0.214116
FOFL
0.156388
OFL
63016.1
Bzero
2.22533e+006
#pred survey bio
 4.73911e+006 4.45996e+006 4.19077e+006 3.87507e+006 3.53755e+006 3.20963e+006 2.86665e+006 2.58977e+006 2.29816e+006 2.05394e+006 1.83166e+006 1.60185e+006 1.41475e+006 1.25302e+006 1.0966e+006 982401 878777 812258 754851 711072 679173 645218 627172 609758 599645 599548 590784 587497 595606 596144 601994 599081 586894 592099 582427 570713 557054 557707 556808 548118 549828 555184 564371 563583 564558 557218 559217 560300 555520 553049 547202 544374 515549 530095 507829 512877 1.78686e+007 1.04365e+007 1.05207e+007 1.1228e+007 1.22733e+007 1.33814e+007 1.43897e+007 1.52292e+007 1.58894e+007 1.63894e+007 1.67588e+007 1.70274e+007 1.72208e+007 1.73596e+007 1.74591e+007 1.75306e+007 1.75823e+007 1.76197e+007 1.76471e+007 1.76672e+007 1.76821e+007 1.76932e+007 1.77015e+007 1.77077e+007 1.77125e+007 1.77161e+007 1.77188e+007 1.77209e+007 1.77225e+007 1.77237e+007 1.77246e+007 1.77253e+007 1.77259e+007 1.77263e+007 1.77267e+007 1.77269e+007 1.77271e+007 1.77273e+007 1.77274e+007 1.77275e+007 1.77275e+007 1.77276e+007 1.77276e+007 1.77277e+007 1.77277e+007 1.77277e+007 1.77277e+007 1.77277e+007 1.77277e+007 1.77278e+007 1.77278e+007 1.77278e+007 1.77278e+007 1.77278e+007 1.77278e+007 1.77278e+007 1.77278e+007 1.77278e+007 1.77278e+007 1.77278e+007 1.77278e+007 1.77278e+007 1.77278e+007 1.77278e+007 1.77278e+007 1.77278e+007 1.77278e+007 1.77278e+007 1.77278e+007 1.77278e+007 1.77278e+007 1.77278e+007 1.77278e+007 1.77278e+007 1.77278e+007 1.77278e+007 1.77278e+007 1.77278e+007 1.77278e+007 1.77278e+007 1.77278e+007 1.77278e+007 1.77278e+007 1.77278e+007 1.77278e+007 1.77278e+007 1.77278e+007 1.77278e+007 1.77278e+007 1.77278e+007 1.77278e+007 1.77278e+007 1.77278e+007 1.77278e+007 1.77278e+007 1.77278e+007 1.77278e+007 1.77278e+007 1.77278e+007 1.77278e+007 0 0 0 0 0 0 0 0 0 0 0 0 0 0 0 0 0 0 0 0 0 0 0 0 0
#obs survey bio
 3.83259e+006 4.26455e+006 2.21991e+006 3.02374e+006 3.39598e+006 3.49945e+006 2.37718e+006 2.41508e+006 1.48511e+006 1.40059e+006 1.56598e+006 1.52938e+006 1.46038e+006 832106 1.02082e+006 1.09707e+006 684216 654895 638041 642734 449822 453573 538642 654108 598566 795999 549641 369896 593576 533906 618910 524357 709347 481530 832192 780062 470497 835102 653748 466263 577969 539353 655646 473298 747287 595969 552645 571650 486274 546520 727732 389791 575232 434159 588654 422417
#pred catch bio
 104934 102914 162201 207023 228000 274474 247291 291090 275638 278192 301750 275987 261304 259747 223357 212367 177531 166472 151334 138203 137068 121332 118573 109825 99509.5 105326 100091 91216.2 97623.7 91981.8 97274.4 101892 84499.4 94149.4 91956.1 92078.1 82986.5 88501 97015.1 88896.5 86206.8 83334.3 91646.3 89376.1 95167.9 86618.2 87593.1 92402.9 89835.2 91660.4 88009.7 108039 70279 99553.9 73154 75715.7 63016.1 81390.2 80467.7 84512.9 91994.8 100198 107609 113652 118266 121630 124003 125635 126735 127466 127946 128259 128460 128590 128672 128725 128758 128779 128793 128801 128806 128810 128812 128813 128814 128814 128815 128815 128815 128815 128815 128815 128815 128815 128815 128815 128815 128815 128815 128815 128815 128815 128815 128815 128815 128815 128815 128815 128815 128815 128815 128815 128815 128815 128815 128815 128815 128815 128815 128815 128815 128815 128815 128815 128815 128815 128815 128815 128815 128815 128815 128815 128815 128815 128815 128815 128815 128815 128815 128815 128815 128815 128815 128815 128815 128815 128815 128815 128815 128815 128815 128815 128815 128815 128815 128815 0 0 0 0 0 0 0 0 0 0 0 0 0 0 0 0 0 0 0 0 0 0 0 0 0
#obs catch bio
 0 102616 163052 208522 229750 278061 250021 296747 281537 285049 311051 283582 269077 268945 229232 218565 181240 169815 154212 140406 140015 123532 121397 111703 100815 106376 101238 92579.4 99528.6 93235.2 98692.7 103266 85018.7 95322.4 92815.6 92483 83393.2 88659.2 97012.2 89089.3 86442.9 83357 91995.6 89666.4 95171.4 86459.1 87611.7 92799.6 90214.8 91951.5 87703.2 109140 69878.7 100652 73097.2 75732.7
#pred cpue bio
 4.67076e+006 4.39647e+006 4.13038e+006 3.81599e+006 3.47993e+006 3.15341e+006 2.81181e+006 2.53564e+006 2.24528e+006 2.00217e+006 1.78133e+006 1.55369e+006 1.36855e+006 1.20895e+006 1.05517e+006 943102 841848 777119 721424 679036 648185 615265 597811 581251 571907 572187 563798 560382 568096 568906 575134 572913 561603 567155 558381 547647 533793 532847 531101 522615 524445 529863 538907 538223 539384 532449 534374 535318 530669 528412 522955 520369 492374 506726 485588 491315 1.71539e+007 1.00222e+007 9.96783e+006 1.05279e+007 1.15266e+007 1.26249e+007 1.36315e+007 1.44707e+007 1.51308e+007 1.56309e+007 1.60003e+007 1.62688e+007 1.64623e+007 1.66011e+007 1.67006e+007 1.67721e+007 1.68237e+007 1.68612e+007 1.68885e+007 1.69086e+007 1.69235e+007 1.69346e+007 1.69429e+007 1.69492e+007 1.69539e+007 1.69575e+007 1.69602e+007 1.69623e+007 1.69639e+007 1.69651e+007 1.69661e+007 1.69668e+007 1.69673e+007 1.69678e+007 1.69681e+007 1.69684e+007 1.69686e+007 1.69687e+007 1.69688e+007 1.69689e+007 1.6969e+007 1.6969e+007 1.69691e+007 1.69691e+007 1.69691e+007 1.69692e+007 1.69692e+007 1.69692e+007 1.69692e+007 1.69692e+007 1.69692e+007 1.69692e+007 1.69692e+007 1.69692e+007 1.69692e+007 1.69692e+007 1.69692e+007 1.69692e+007 1.69692e+007 1.69692e+007 1.69692e+007 1.69692e+007 1.69692e+007 1.69692e+007 1.69692e+007 1.69692e+007 1.69692e+007 1.69692e+007 1.69692e+007 1.69692e+007 1.69692e+007 1.69692e+007 1.69692e+007 1.69692e+007 1.69692e+007 1.69692e+007 1.69692e+007 1.69692e+007 1.69692e+007 1.69692e+007 1.69692e+007 1.69692e+007 1.69692e+007 1.69692e+007 1.69692e+007 1.69692e+007 1.69692e+007 1.69692e+007 1.69692e+007 1.69692e+007 1.69692e+007 1.69692e+007 1.69692e+007 1.69692e+007 1.69692e+007 1.69692e+007 1.69692e+007 1.69692e+007 1.69692e+007 1.69692e+007 0 0 0 0 0 0 0 0 0 0 0 0 0 0 0 0 0 0 0 0 0 0 0 0 0
#obs cpue bio
 3.89982e+006 3.57021e+006 3.02428e+006 3.45908e+006 2.65613e+006 2.60119e+006 2.01464e+006 2.01313e+006 1.86802e+006 1.99133e+006 1.55861e+006 1.31566e+006 842108 1.11008e+006 1.04843e+006 577361 957275 795428 640263 637558 591473 650619 378184 577954 491556 553828 424361 434012 399221 631484 479898 703649 452320 505968 392251 592076 459790 492005 580348 441732 471089 593313 398549 560596 601188 500865 471592 398754 529781 593997 549371 433275 601732 393617 517964 699699
#pred surv len freq
 0.00506263 0.00819268 0.0122804 0.0172917 0.0231012 0.0294182 0.0357543 0.0415347 0.0463118 0.0499151 0.0524349 0.0540969 0.0551432 0.0557662 0.0560796 0.05611 0.0558087 0.055074 0.0537606 0.0516651 0.0485191 0.0440508 0.0381486 0.0310537 0.0234259
 0.00542834 0.00866302 0.0127637 0.0176395 0.023165 0.0291311 0.0351838 0.0408629 0.0457454 0.0495788 0.0523153 0.0540675 0.0550463 0.0555011 0.0556537 0.0556363 0.0554557 0.0549899 0.0540051 0.0521792 0.049151 0.0446252 0.0385418 0.0312328 0.0234374
 0.00568346 0.00910027 0.0134542 0.0186388 0.0244722 0.0306427 0.0366788 0.0420555 0.0463989 0.0496159 0.0518444 0.0533019 0.0541776 0.0546185 0.0547545 0.0546992 0.0545084 0.0541213 0.0533191 0.0517309 0.0489122 0.0445036 0.0384361 0.0310848 0.023247
 0.00590844 0.00946341 0.0139989 0.019411 0.0255188 0.0319998 0.0383444 0.0439524 0.0483489 0.0513551 0.053093 0.0538649 0.0540165 0.0538461 0.0535592 0.0532602 0.0529577 0.0525578 0.0518326 0.050402 0.0477891 0.0435874 0.0376938 0.0304795 0.022759
 0.00619502 0.00991296 0.0146457 0.0202785 0.0266194 0.0333342 0.0398987 0.0456927 0.0502143 0.0532464 0.0548603 0.0553098 0.054928 0.0540652 0.0530395 0.0520818 0.0512899 0.0505999 0.0497697 0.0483866 0.0459361 0.0419714 0.0363507 0.0294147 0.0219583
 0.00652262 0.0104285 0.0153899 0.0212778 0.0278819 0.0348447 0.0416128 0.0475369 0.0520979 0.0550779 0.0565549 0.0567795 0.0560643 0.0547345 0.0531071 0.0514606 0.049984 0.048717 0.0474956 0.0459391 0.0435226 0.0397614 0.0344615 0.0279072 0.02084
 0.00690509 0.0110349 0.0162735 0.0224772 0.0294139 0.0366936 0.0437178 0.0497901 0.0543583 0.0571996 0.0584133 0.0582836 0.05715 0.0553472 0.053185 0.0509344 0.0488024 0.0468856 0.0451076 0.0431761 0.0406239 0.0369758 0.0319992 0.0259052 0.0193468
 0.00719465 0.0115006 0.0169654 0.0234397 0.030679 0.0382693 0.0455752 0.0518551 0.0565185 0.0593209 0.0603604 0.0599359 0.0584112 0.0561462 0.0534686 0.0506567 0.0479227 0.0453845 0.0430185 0.0406145 0.0377918 0.0341305 0.029396 0.0237373 0.0177071
 0.00753311 0.0120408 0.0177599 0.0245313 0.0320942 0.0400074 0.0475952 0.0540704 0.0588049 0.061537 0.0623679 0.0616136 0.0596622 0.0568999 0.0536782 0.0502926 0.0469659 0.0438295 0.0408917 0.0380029 0.0348646 0.0311299 0.0265913 0.0213565 0.0158791
 0.00779465 0.0124637 0.0183927 0.0254185 0.0332693 0.0414815 0.0493436 0.0560259 0.0608647 0.063579 0.0642679 0.0632571 0.0609505 0.0577532 0.0540365 0.0501137 0.0462234 0.0425148 0.0390253 0.0356566 0.0321819 0.0283269 0.0239225 0.0190522 0.0140842
 0.00802685 0.0128401 0.0189576 0.0262133 0.0343263 0.0428126 0.0509281 0.0578041 0.0627435 0.0654469 0.066011 0.0647708 0.0621458 0.0585588 0.0543982 0.0499916 0.0455903 0.0413583 0.0373592 0.0335395 0.0297371 0.0257456 0.0214371 0.016882 0.0123754
 0.00835099 0.0133548 0.0197092 0.0272369 0.0356392 0.0444055 0.0527536 0.0597731 0.0647345 0.0673274 0.067659 0.0660891 0.0630671 0.0590443 0.0544306 0.0495668 0.0447096 0.040028 0.0355997 0.0314042 0.0273328 0.0232395 0.0190367 0.0147865 0.010721
 0.00857202 0.0137175 0.0202611 0.0280242 0.0366971 0.0457435 0.0543403 0.0615308 0.0665501 0.0690732 0.0692143 0.0673536 0.0639677 0.0595357 0.0544929 0.049199 0.0439222 0.0388386 0.0340369 0.0295206 0.0252222 0.0210443 0.0169331 0.0129461 0.00926291
 0.00874821 0.0140053 0.0206976 0.0286459 0.0375353 0.0468141 0.0556322 0.0629977 0.0681117 0.0706256 0.0706446 0.0685555 0.0648546 0.0600493 0.0546047 0.0489056 0.0432379 0.037789 0.0326587 0.0278699 0.0233853 0.0191445 0.015119 0.011361 0.00800676
 0.00902267 0.0144364 0.021318 0.0294764 0.0385809 0.0480603 0.0570385 0.0644953 0.0696096 0.0720246 0.0718517 0.0694932 0.0654654 0.0602981 0.054479 0.0484133 0.0424026 0.0366456 0.0312523 0.0262598 0.0216532 0.0173976 0.0134811 0.00994805 0.00689628
 0.00912431 0.0146125 0.0216029 0.0299084 0.0391936 0.0488685 0.0580261 0.0656116 0.0707794 0.0731646 0.0728847 0.0703545 0.0661038 0.0606745 0.0545669 0.0482001 0.0418907 0.0358529 0.0302131 0.0250268 0.0203002 0.0160191 0.0121825 0.00882531 0.00601294
 0.00930752 0.0148936 0.0219958 0.0304173 0.0398157 0.0495978 0.0588519 0.0665131 0.0717193 0.0740879 0.0737241 0.0710428 0.0665863 0.0609172 0.0545561 0.0479373 0.0413871 0.0351275 0.0292947 0.0239589 0.0191444 0.0148541 0.0110947 0.0078919 0.00528309
 0.00939265 0.0150236 0.0221759 0.0306469 0.0400898 0.0499091 0.0591931 0.0668796 0.0721109 0.0745075 0.0741723 0.0715084 0.0670401 0.061313 0.0548407 0.0480636 0.0413233 0.0348617 0.0288354 0.0233349 0.018405 0.0140658 0.010332 0.00722247 0.0047519
 0.00950276 0.0151931 0.022413 0.0309519 0.0404546 0.0503166 0.0596181 0.0672906 0.0724769 0.0748072 0.0744004 0.0716747 0.0671609 0.0613995 0.0548898 0.048056 0.04123 0.0346555 0.0285017 0.0228795 0.0178562 0.0134715 0.00975027 0.00670774 0.00434144
 0.00962516 0.0153751 0.0226554 0.0312444 0.0407791 0.0506526 0.0599461 0.0675931 0.0727384 0.0750143 0.0745446 0.0717548 0.067184 0.0613784 0.0548371 0.0479767 0.0411178 0.034494 0.0282727 0.0225736 0.0174817 0.0130558 0.00933398 0.0063327 0.00403836
 0.00970253 0.0154948 0.0228237 0.0314618 0.0410387 0.0509393 0.0602369 0.0678601 0.0729556 0.0751657 0.0746276 0.0717782 0.0671615 0.0613235 0.0547599 0.0478831 0.041008 0.0343619 0.0281077 0.0223663 0.0172312 0.0127746 0.00904686 0.00606886 0.00382149
 0.00983294 0.0156959 0.0231054 0.0318252 0.0414747 0.0514281 0.0607463 0.0683468 0.0733701 0.0754629 0.0747774 0.0717723 0.0670143 0.0610662 0.0544318 0.0475217 0.040642 0.0340079 0.0277711 0.0220453 0.0169232 0.012482 0.00877875 0.00583829 0.00363928
 0.00969909 0.0155108 0.0228873 0.0316116 0.0413131 0.0513593 0.0607913 0.0685025 0.0736145 0.0757634 0.0750975 0.0720766 0.067272 0.0612557 0.054544 0.0475603 0.0406196 0.0339402 0.0276716 0.0219233 0.0167852 0.012335 0.00863259 0.00570476 0.00352877
 0.00967691 0.0154595 0.0227838 0.0314306 0.0410394 0.0510052 0.0604065 0.0681657 0.0734069 0.0757364 0.0752545 0.0723768 0.0676508 0.0616475 0.0548976 0.0478446 0.0408228 0.0340649 0.0277289 0.0219274 0.0167501 0.0122738 0.00855809 0.00562913 0.00346211
 0.00971486 0.0155036 0.022817 0.0314237 0.040957 0.0508157 0.0600957 0.067748 0.0729304 0.0752782 0.0749029 0.0722039 0.0676877 0.0618747 0.0552555 0.0482579 0.0412238 0.0344075 0.0279915 0.0221075 0.0168573 0.0123236 0.00856777 0.00561538 0.00343883
 0.0097514 0.015548 0.0228553 0.0314323 0.0409064 0.0506787 0.0598554 0.0674034 0.0724997 0.0748001 0.0744354 0.0718172 0.0674495 0.0618303 0.055412 0.0485802 0.0416468 0.0348575 0.0284061 0.0224477 0.0171086 0.0124905 0.00866589 0.00566441 0.00345752
 0.00998184 0.015888 0.0233015 0.0319563 0.0414589 0.0511986 0.0602784 0.0676698 0.0725632 0.0746387 0.0740609 0.0712774 0.066821 0.0612035 0.0548708 0.0481824 0.0414119 0.0347668 0.0284155 0.0225069 0.0171765 0.0125434 0.0086962 0.00567529 0.00345636
 0.0100113 0.0159553 0.0234373 0.0321969 0.0418321 0.0517038 0.0608716 0.0682664 0.0730603 0.0749472 0.0741299 0.071103 0.0664405 0.0606835 0.0542928 0.0476275 0.0409445 0.0344228 0.028198 0.0223927 0.0171302 0.0125312 0.00869504 0.00567395 0.00345227
 0.00972482 0.0155392 0.0229051 0.0315976 0.0412427 0.0512124 0.0605587 0.0681879 0.0732326 0.0753371 0.0746581 0.0716655 0.0669403 0.0610575 0.0545237 0.0477382 0.0409814 0.0344355 0.0282229 0.0224445 0.0172041 0.0126115 0.00876611 0.00572678 0.00348571
 0.00958655 0.0153124 0.0225623 0.0311185 0.0406264 0.0504924 0.0598131 0.0675313 0.0727867 0.0751902 0.0748345 0.0721182 0.0675696 0.0617441 0.0551626 0.048263 0.0413717 0.0347081 0.0284134 0.022588 0.017323 0.0127139 0.0088508 0.00579068 0.00352865
 0.00938328 0.0150017 0.0221309 0.0305659 0.0399624 0.0497357 0.0589939 0.0666994 0.0720174 0.0745801 0.0744827 0.0720975 0.0678978 0.0623723 0.0559875 0.0491588 0.0422264 0.0354486 0.0290112 0.0230488 0.017669 0.0129689 0.00903394 0.00591639 0.0036093
 0.00927758 0.0148329 0.0218832 0.0302275 0.0395296 0.0492164 0.0584112 0.0660904 0.0714269 0.0740539 0.0740656 0.0718346 0.0678329 0.0625354 0.056378 0.0497343 0.0429097 0.0361496 0.0296536 0.0235863 0.0180874 0.0132764 0.00924889 0.00605924 0.00369871
 0.00931744 0.0148841 0.0219344 0.0302588 0.0395155 0.0491331 0.0582434 0.0658354 0.0710954 0.0736686 0.0736588 0.0714454 0.0675047 0.0623122 0.0562972 0.0498154 0.0431439 0.0364979 0.0300566 0.0239834 0.0184332 0.0135485 0.00944539 0.00619066 0.00378039
 0.0090262 0.0144565 0.0213758 0.0296029 0.038814 0.0484384 0.0575964 0.0652642 0.0706213 0.073312 0.0734394 0.0713786 0.0675971 0.06256 0.0566877 0.0503298 0.0437566 0.0371738 0.0307501 0.0246429 0.019012 0.014016 0.00979245 0.00642738 0.00392859
 0.00889767 0.0142473 0.0210626 0.029169 0.0382586 0.0477877 0.0569087 0.064621 0.0701025 0.0729679 0.073278 0.071375 0.0677155 0.0627728 0.0569817 0.0507009 0.0442003 0.0376772 0.0312883 0.0251801 0.0195087 0.0144383 0.010121 0.00666033 0.00407882
 0.00970581 0.0153658 0.0223845 0.0304729 0.0392706 0.0482817 0.0567893 0.0639453 0.0690392 0.0717288 0.0720561 0.0703076 0.066873 0.0621683 0.0565925 0.050492 0.0441397 0.0377384 0.0314456 0.0254034 0.0197624 0.0146865 0.0103349 0.00682442 0.00419118
 0.0104455 0.0165366 0.024076 0.0327161 0.041996 0.0512759 0.0596814 0.0662659 0.0703602 0.0718219 0.0709763 0.0683515 0.0644466 0.0596479 0.0542432 0.0484547 0.0424616 0.0364134 0.0304432 0.0246825 0.0192755 0.014382 0.0101609 0.00673482 0.00415018
 0.0101785 0.0162383 0.0238787 0.0328289 0.0426508 0.0526362 0.0617539 0.068858 0.0731047 0.0742601 0.072678 0.0690358 0.0640618 0.0583715 0.052401 0.0464022 0.0404861 0.0346916 0.0290498 0.0236223 0.0185144 0.013868 0.00983663 0.00654503 0.00404787
 0.00992525 0.0158407 0.0233152 0.0321115 0.0418497 0.0519017 0.0613144 0.0689702 0.073953 0.0758493 0.074783 0.0712511 0.0659347 0.0595559 0.0527593 0.0460178 0.0395933 0.0335705 0.0279365 0.0226654 0.0177757 0.013347 0.00949845 0.00634303 0.00393718
 0.00988212 0.0157648 0.0231897 0.0319159 0.0415648 0.0515204 0.0608594 0.0685119 0.0736172 0.0757968 0.0751545 0.0720924 0.0671427 0.0608867 0.0539103 0.0467429 0.0397906 0.0332985 0.0273617 0.0219805 0.0171337 0.0128326 0.00913425 0.00611143 0.00380398
 0.00981491 0.0156545 0.0230215 0.0316755 0.0412408 0.0511089 0.0603701 0.0679732 0.0730795 0.0753349 0.0748649 0.0720782 0.0674786 0.0615747 0.0548506 0.0477498 0.0406557 0.0338703 0.027596 0.021937 0.0169279 0.0125792 0.00891042 0.00594945 0.00370348
 0.00983817 0.0156742 0.0230176 0.031618 0.041097 0.0508556 0.0600042 0.0675153 0.0725699 0.0748261 0.0744165 0.0717547 0.0673451 0.0616839 0.0552193 0.0483359 0.0413553 0.0345452 0.0281244 0.022257 0.0170502 0.0125647 0.00883219 0.00586297 0.00363654
 0.0097363 0.0155303 0.0228402 0.0314258 0.0409097 0.0506816 0.0598332 0.067323 0.0723335 0.0745406 0.0741039 0.0714602 0.0671261 0.0615961 0.0553039 0.0486062 0.0417851 0.0350672 0.0286465 0.0226935 0.0173517 0.0127292 0.00889314 0.00586557 0.00361768
 0.00964555 0.0153996 0.0226756 0.031245 0.0407396 0.0505507 0.0597637 0.0673222 0.0723882 0.0746175 0.0741584 0.0714552 0.0670505 0.061473 0.0551833 0.0485451 0.0418239 0.0352132 0.02887 0.0229408 0.0175684 0.0128814 0.00897581 0.00589519 0.00361795
 0.00959624 0.0153132 0.0225349 0.0310336 0.0404487 0.0501904 0.0593691 0.0669507 0.072103 0.0744648 0.0741505 0.0715676 0.0672342 0.061677 0.0553745 0.0487182 0.0419956 0.0354051 0.029091 0.0231787 0.0177954 0.0130691 0.00910828 0.00597386 0.00365619
 0.00976462 0.0155547 0.022838 0.0313644 0.0407582 0.0504265 0.0594901 0.0669346 0.0719529 0.0742102 0.0738407 0.0712571 0.066965 0.0614669 0.0552191 0.0486031 0.0419106 0.0353502 0.0290721 0.0231974 0.0178431 0.0131287 0.00916249 0.0060122 0.0036773
 0.00979451 0.0156086 0.0229276 0.0315004 0.0409435 0.0506475 0.0597121 0.0671069 0.0720256 0.0741544 0.0736618 0.0709932 0.0666722 0.0611993 0.0550126 0.0484694 0.0418424 0.0353317 0.0290884 0.0232379 0.0178989 0.0131899 0.00921882 0.00605617 0.00370629
 0.00971247 0.0154972 0.022801 0.0313866 0.0408777 0.0506606 0.0598187 0.0672985 0.0722699 0.0744018 0.0738579 0.0710957 0.0666652 0.0610984 0.0548567 0.0483039 0.0417028 0.035236 0.0290383 0.0232255 0.0179126 0.0132181 0.00925129 0.00608526 0.00372788
 0.00965754 0.0154152 0.0226919 0.0312579 0.0407449 0.0505477 0.0597553 0.0673139 0.0723821 0.0746066 0.0741239 0.0713704 0.0668915 0.0612334 0.0548856 0.0482419 0.0415852 0.0351029 0.028921 0.0231404 0.017862 0.0131958 0.00924737 0.0060904 0.00373536
 0.00957332 0.0152862 0.0225128 0.03103 0.040477 0.0502565 0.0594668 0.0670625 0.0722068 0.0745421 0.0741897 0.0715622 0.0671784 0.0615647 0.0552051 0.0485051 0.0417713 0.0352159 0.0289817 0.0231729 0.0178851 0.0132183 0.00927071 0.0061121 0.00375281
 0.00961287 0.0153344 0.022556 0.0310458 0.040441 0.0501523 0.0592946 0.0668414 0.0719693 0.0743257 0.0740292 0.0714833 0.0671931 0.0616675 0.0553724 0.0487008 0.0419579 0.0353663 0.0290856 0.0232359 0.0179205 0.0132395 0.00928614 0.00612506 0.00376352
 0.00953663 0.0152299 0.0224337 0.030925 0.0403416 0.0500828 0.0592451 0.0667877 0.0718875 0.0742077 0.07389 0.0713557 0.0671143 0.0616644 0.0554529 0.0488522 0.0421524 0.0355702 0.0292701 0.0233839 0.0180285 0.0133132 0.00933459 0.00615646 0.00378359
 0.00969677 0.0154808 0.0227935 0.0314034 0.040937 0.0507777 0.0599999 0.0675367 0.0725436 0.0746778 0.0740983 0.0712661 0.0667438 0.0610796 0.0547496 0.0481274 0.0414804 0.0349927 0.0287989 0.0230125 0.0177434 0.0131009 0.00918335 0.0060552 0.00372088
 0.00924138 0.0147996 0.02188 0.0302953 0.039711 0.0495383 0.0588681 0.0666387 0.0719915 0.0745431 0.0743881 0.071918 0.0676427 0.0620914 0.0557568 0.0490518 0.0422868 0.0356761 0.0293673 0.0234752 0.0181075 0.0133739 0.00937618 0.00618241 0.00379881
 0.00910807 0.0145993 0.0216095 0.0299639 0.0393396 0.0491563 0.0585105 0.0663423 0.0717895 0.0744587 0.0744301 0.0720799 0.067904 0.0624196 0.0561115 0.0493928 0.0425836 0.0359148 0.0295496 0.0236113 0.0182086 0.0134483 0.00942915 0.00621792 0.00382084
 0.00869202 0.0139525 0.0206934 0.0287682 0.0378901 0.0475236 0.0568164 0.0647538 0.0704912 0.07361 0.0741273 0.0723387 0.0686652 0.0635689 0.0575059 0.0508858 0.0440464 0.0372503 0.0306982 0.0245486 0.018937 0.0139873 0.00980722 0.00646749 0.00397443
#obs surv len freq
 nan nan nan nan nan nan nan nan nan nan nan nan nan nan nan nan nan nan nan nan nan nan nan nan nan
 0.00449169 0.00735621 0.0111891 0.0160072 0.0217082 0.0279825 0.0342943 0.0400227 0.0446993 0.0481602 0.0505154 0.0520087 0.0528987 0.0534091 0.0537218 0.0539756 0.0542533 0.0545455 0.0546838 0.0542756 0.0527139 0.0493466 0.0437975 0.036279 0.0276643
 0.00461525 0.0075617 0.0115064 0.016466 0.0223297 0.0287684 0.0352154 0.0410169 0.0456809 0.0490384 0.0512119 0.052469 0.0530964 0.0533451 0.0534193 0.0534721 0.0535926 0.0537703 0.0538333 0.0533867 0.0518255 0.0485022 0.043042 0.0356505 0.027184
 0.00477314 0.00781955 0.011897 0.017021 0.0230749 0.029714 0.0363455 0.0422823 0.0470022 0.0503163 0.0523412 0.0533535 0.0536612 0.0535463 0.0532478 0.0529507 0.052768 0.0527032 0.052591 0.0520399 0.0504496 0.0471777 0.0418486 0.0346542 0.0264211
 0.00497483 0.0081463 0.0123866 0.0177082 0.0239847 0.030852 0.0376876 0.0437709 0.0485531 0.0518322 0.0537242 0.0545105 0.0545076 0.0540113 0.0532825 0.0525366 0.0519208 0.0514715 0.0510509 0.0502899 0.0486061 0.0453683 0.0401995 0.0332681 0.0253558
 0.00518768 0.00849765 0.0129251 0.0184818 0.0250307 0.0321815 0.0392699 0.0455297 0.0503787 0.0536046 0.0553324 0.0558616 0.0555256 0.0546326 0.0534543 0.0522205 0.051101 0.050165 0.0493157 0.0482284 0.0463621 0.0431149 0.0381138 0.0314978 0.023987
 0.0054172 0.0088728 0.0134938 0.0192909 0.0261183 0.0335635 0.0409255 0.0473939 0.0523485 0.055556 0.0571394 0.0574105 0.0567229 0.0554063 0.0537508 0.0520006 0.0503399 0.0488604 0.0475031 0.0459968 0.0438614 0.0405455 0.0356949 0.02942 0.0223672
 0.00564252 0.00924332 0.0140594 0.0201009 0.0272124 0.0349573 0.0425955 0.0492722 0.0543331 0.0575296 0.0589862 0.0590252 0.0580128 0.0562923 0.0541676 0.051897 0.0496799 0.0476289 0.0457193 0.0437344 0.0412637 0.037822 0.0330887 0.0271527 0.0205832
 0.00588067 0.00963259 0.0146493 0.0209394 0.0283372 0.0363819 0.0442946 0.0511762 0.0563369 0.0595123 0.0608306 0.0606288 0.0592908 0.0571755 0.0545984 0.0518262 0.0490665 0.0464472 0.0439744 0.0414847 0.038641 0.0350334 0.0303867 0.0247771 0.0186977
 0.00611666 0.0100186 0.0152345 0.0217714 0.0294525 0.0377924 0.0459726 0.0530494 0.058299 0.0614434 0.0626165 0.0621717 0.0605118 0.0580127 0.0550025 0.0517557 0.0484849 0.0453272 0.0423124 0.0393247 0.0360989 0.0323034 0.0277159 0.0224082 0.0168031
 0.00636092 0.0104206 0.0158487 0.0226506 0.0306375 0.039294 0.0477547 0.0550243 0.0603409 0.0634148 0.0643922 0.0636521 0.0616259 0.0587135 0.0552604 0.0515494 0.0477959 0.0441403 0.0406277 0.0371808 0.0335984 0.0296243 0.0250914 0.0200729 0.0149279
 0.0066203 0.0108438 0.0164881 0.0235562 0.0318466 0.0408161 0.0495553 0.0570181 0.0624027 0.0654022 0.0661698 0.0651083 0.0626806 0.0593192 0.0553965 0.0512124 0.0469894 0.0428701 0.0389088 0.0350562 0.0311637 0.0270411 0.0225721 0.0178339 0.0131286
 0.00684114 0.0112085 0.0170475 0.0243606 0.0329361 0.0422036 0.0512107 0.0588627 0.0643207 0.0672631 0.0678495 0.0665013 0.0637056 0.0599205 0.0555435 0.050896 0.0462156 0.0416554 0.0372811 0.0330673 0.0289074 0.0246647 0.020265 0.0157877 0.011485
 0.00703614 0.0115291 0.017537 0.025062 0.0338841 0.0434121 0.0526583 0.0604872 0.066026 0.068936 0.0693773 0.0677849 0.0646659 0.060501 0.0557102 0.0506344 0.0455276 0.0405563 0.0358024 0.0312646 0.0268729 0.022534 0.0182063 0.013968 0.0100262
 0.00726253 0.0118965 0.0180882 0.0258357 0.0349061 0.0446828 0.0541405 0.0621025 0.067667 0.0704873 0.0707354 0.0688684 0.0654179 0.0608864 0.0557119 0.0502502 0.0447661 0.039437 0.0343583 0.0295507 0.0249764 0.0205781 0.0163388 0.0123321 0.00872334
 0.00743709 0.0121877 0.0185398 0.0264921 0.0358018 0.0458268 0.0555006 0.063602 0.0691968 0.0719297 0.0719856 0.0698468 0.0660727 0.0611914 0.0556608 0.0498503 0.0440339 0.0383961 0.033043 0.0280131 0.0232951 0.0188614 0.0147134 0.0109183 0.00760363
 0.00751119 0.0123123 0.0187362 0.0267849 0.0362177 0.0463888 0.056221 0.0644742 0.0701908 0.0729906 0.0730387 0.0708074 0.0668597 0.0617387 0.0559246 0.0498092 0.043686 0.0377549 0.0321368 0.0268888 0.0220231 0.0175359 0.0134434 0.0098059 0.00671923
 0.00758155 0.0124178 0.018879 0.0269632 0.0364289 0.0466348 0.0565108 0.0648235 0.0706162 0.0735022 0.0736308 0.0714529 0.0675086 0.0623249 0.0563774 0.0500666 0.0437046 0.0375151 0.0316446 0.0261761 0.0211481 0.0165802 0.0125014 0.00896624 0.00604435
 0.00767152 0.012556 0.0190716 0.0272091 0.0367192 0.0469527 0.0568336 0.0651272 0.0708845 0.0737341 0.0738429 0.0716702 0.0677499 0.0625885 0.0566354 0.0502702 0.043797 0.0374475 0.0313892 0.0257346 0.0205544 0.015896 0.0118044 0.00833218 0.00552813
 0.00772443 0.0126414 0.0191986 0.0273848 0.0369459 0.0472246 0.057134 0.0654292 0.0711571 0.0739524 0.0739962 0.0717663 0.0678107 0.0626398 0.0566938 0.0503325 0.0438376 0.0374259 0.0312651 0.0254845 0.0201828 0.0154377 0.0113153 0.007873 0.00514627
 0.00776991 0.0127082 0.0192862 0.0274889 0.0370608 0.0473463 0.0572618 0.0655643 0.071299 0.0740955 0.0741301 0.0718793 0.0678956 0.0626979 0.0567336 0.0503625 0.0438578 0.0374225 0.0312133 0.0253597 0.0199743 0.0151574 0.010997 0.00756029 0.0048776
 0.00782241 0.0127894 0.0194 0.0276351 0.037234 0.0475353 0.0574499 0.0657325 0.0714313 0.0741845 0.0741782 0.0718954 0.0678892 0.0626756 0.0566992 0.0503192 0.0438071 0.0373618 0.0311335 0.0252473 0.019819 0.0149606 0.0107749 0.0073396 0.00468492
 0.00784885 0.0128299 0.0194564 0.0277075 0.0373207 0.0476329 0.0575533 0.0658346 0.0715236 0.0742589 0.0742293 0.0719222 0.0678956 0.062668 0.0566836 0.0502991 0.0437829 0.0373304 0.031089 0.0251818 0.0197259 0.0148394 0.0106343 0.00719589 0.00455605
 0.00784944 0.0128266 0.0194438 0.0276786 0.0372695 0.0475581 0.0574615 0.0657398 0.0714438 0.0742102 0.0742214 0.0719561 0.0679649 0.0627621 0.0567909 0.0504091 0.0438866 0.0374199 0.0311566 0.0252205 0.019731 0.0148108 0.0105786 0.00712533 0.00448501
 0.0079009 0.0129034 0.0195461 0.0278009 0.0374009 0.0476836 0.0575637 0.0658026 0.0714566 0.0741726 0.0741443 0.0718583 0.0678665 0.0626784 0.0567293 0.0503695 0.0438641 0.0374073 0.031146 0.0252045 0.0197039 0.0147703 0.0105267 0.00706843 0.00443104
 0.00789824 0.0129015 0.0195478 0.0278098 0.0374199 0.0477129 0.0575989 0.0658352 0.0714766 0.0741721 0.074121 0.071817 0.0678172 0.0626336 0.0566998 0.0503609 0.0438759 0.0374335 0.0311777 0.0252325 0.0197208 0.0147722 0.0105143 0.00704591 0.00440478
 0.00790842 0.0129114 0.0195506 0.0277961 0.0373812 0.0476469 0.0575128 0.0657446 0.0713991 0.0741202 0.0740979 0.0718176 0.0678333 0.0626587 0.0567316 0.0504004 0.0439244 0.03749 0.0312379 0.0252895 0.0197675 0.0148039 0.0105298 0.00704793 0.00439832
 0.00790495 0.0129064 0.0195439 0.027787 0.0373672 0.0476231 0.0574727 0.0656828 0.0713161 0.074025 0.0740068 0.0717484 0.0677982 0.0626602 0.0567641 0.0504546 0.0439916 0.0375637 0.0313127 0.0253602 0.0198286 0.0148511 0.0105612 0.00706489 0.00440447
 0.00786839 0.012849 0.0194616 0.027678 0.0372334 0.0474704 0.057312 0.0655284 0.0711822 0.0739224 0.0739414 0.0717227 0.0678134 0.0627165 0.0568588 0.0505805 0.0441376 0.037717 0.0314617 0.0254954 0.0199436 0.0149418 0.0106269 0.00710771 0.00442912
 0.0078607 0.0128274 0.0194126 0.0275845 0.0370799 0.0472516 0.0570393 0.0652303 0.0708972 0.0736879 0.0737839 0.0716538 0.0678311 0.0628095 0.0570112 0.0507753 0.0443579 0.0379463 0.0316846 0.0256986 0.0201172 0.0150804 0.0107294 0.00717739 0.00447219
 0.00785118 0.0128123 0.0193899 0.0275508 0.0370294 0.047175 0.0569255 0.0650706 0.0706927 0.073454 0.0735505 0.071457 0.0677024 0.0627666 0.0570549 0.050893 0.0445292 0.0381488 0.0318968 0.0259021 0.0202978 0.0152288 0.0108422 0.00725612 0.00452231
 0.00782186 0.012767 0.0193264 0.0274688 0.0369307 0.0470633 0.0568055 0.0649471 0.0705683 0.0733294 0.0734264 0.0713388 0.0676027 0.0627036 0.0570464 0.0509485 0.0446463 0.0383137 0.0320892 0.0261001 0.0204821 0.0153859 0.0109648 0.0073438 0.00457943
 0.00780615 0.0127366 0.019272 0.0273797 0.0367982 0.0468863 0.0565944 0.0647234 0.0703586 0.0731569 0.073304 0.0712685 0.0675791 0.0627202 0.0571002 0.0510405 0.0447778 0.0384817 0.0322835 0.0263044 0.0206781 0.0155575 0.0111022 0.00744402 0.00464595
 0.00775333 0.012655 0.0191569 0.0272291 0.0366124 0.0466677 0.0563486 0.0644616 0.0700988 0.0729232 0.0731227 0.0711607 0.0675555 0.0627784 0.0572275 0.05122 0.0449937 0.038721 0.0325341 0.0265534 0.0209108 0.0157602 0.0112651 0.00756404 0.00472647
 0.00774715 0.0126356 0.0191108 0.0271389 0.0364624 0.0464519 0.0560765 0.0641581 0.0697967 0.0726538 0.0729089 0.0710172 0.0674905 0.0627947 0.0573219 0.0513825 0.0452083 0.0389691 0.0327971 0.026814 0.0211533 0.0159713 0.0114357 0.00769098 0.00481269
 0.00934341 0.0148763 0.0218277 0.0299549 0.038899 0.0481025 0.0567453 0.0638898 0.0688045 0.0712083 0.0712553 0.069338 0.0659043 0.0613699 0.0560914 0.050356 0.0443805 0.038325 0.0323156 0.0264705 0.0209219 0.0158262 0.0113524 0.00764799 0.00479333
 0.00930808 0.0151146 0.0227081 0.0319369 0.0423346 0.0529672 0.0624662 0.0694369 0.0730549 0.0733868 0.0711889 0.0674049 0.0627684 0.0576957 0.0523774 0.0469021 0.0413326 0.0357346 0.0301839 0.0247734 0.0196206 0.0148718 0.0106885 0.00721392 0.00452893
 0.00896445 0.014572 0.0219433 0.0309961 0.0413888 0.0523498 0.0626352 0.0708132 0.0757741 0.0771118 0.0751488 0.0706867 0.0646976 0.0580707 0.0514445 0.0451462 0.0392456 0.0336789 0.0283659 0.023278 0.0184591 0.0140168 0.0100938 0.00682571 0.00429297
 0.00882078 0.0143258 0.0215499 0.0304085 0.0405747 0.0513242 0.0615018 0.0697943 0.0751948 0.0773117 0.0763291 0.0727639 0.0672653 0.0605311 0.0532516 0.0460163 0.0392174 0.0330164 0.0273982 0.0222749 0.0175833 0.0133343 0.00960742 0.00650569 0.00409848
 0.00872117 0.0141653 0.0213099 0.0300702 0.0401196 0.0507377 0.0607822 0.0689691 0.0743407 0.0765701 0.0758993 0.0728525 0.0679941 0.0618453 0.0548951 0.0476137 0.0404271 0.0336632 0.0275091 0.0220163 0.0171571 0.0128991 0.00925044 0.00625278 0.00393905
 0.00868968 0.0141058 0.0212052 0.0298992 0.0398622 0.0503819 0.0603305 0.0684392 0.0737628 0.0759865 0.0753707 0.0724674 0.0678645 0.0620729 0.055514 0.0485433 0.0414775 0.0346044 0.0281668 0.0223339 0.0171918 0.0127668 0.00906314 0.00608329 0.00381667
 0.00868334 0.0140939 0.0211835 0.0298612 0.0397981 0.0502788 0.0601739 0.0682171 0.0734709 0.075633 0.0749797 0.0720803 0.0675404 0.0618837 0.0555293 0.0488009 0.041953 0.035203 0.0287531 0.0227877 0.0174554 0.0128548 0.00903606 0.00600819 0.00374068
 0.00869599 0.0141147 0.0212149 0.0299047 0.0398529 0.0503394 0.0602287 0.0682479 0.0734558 0.075552 0.0748216 0.0718488 0.0672587 0.061595 0.0552914 0.0486727 0.0419733 0.0353699 0.0290182 0.0230733 0.0176879 0.0129945 0.00908534 0.00599732 0.00370498
 0.00866809 0.0140742 0.0211631 0.0298464 0.0397952 0.0502903 0.0601946 0.0682321 0.0734564 0.0755606 0.074824 0.0718287 0.0672037 0.0615047 0.0551818 0.0485752 0.0419251 0.0353989 0.0291272 0.0232361 0.0178603 0.0131354 0.00917349 0.00603508 0.00370931
 0.00865762 0.014055 0.0211307 0.0297959 0.039724 0.0502006 0.0600958 0.0681393 0.0733858 0.0755234 0.0748219 0.0718527 0.067238 0.0615322 0.0551917 0.0485687 0.041916 0.0354078 0.0291709 0.023317 0.0179641 0.0132383 0.00925466 0.00608556 0.00373248
 0.0086613 0.0140609 0.021139 0.0298062 0.0397343 0.0502071 0.0600928 0.0681216 0.0733515 0.0754763 0.0747708 0.0718081 0.0672068 0.0615146 0.055182 0.04856 0.0419058 0.0354005 0.0291756 0.023341 0.0180072 0.0132915 0.00930543 0.00612404 0.00375555
 0.00862144 0.0140011 0.0210586 0.029708 0.0396246 0.0500942 0.0599861 0.0680299 0.0732821 0.0754333 0.0747549 0.0718181 0.0672405 0.0615694 0.0552535 0.0486415 0.0419898 0.0354813 0.0292512 0.0234128 0.0180763 0.0133565 0.00936201 0.00616794 0.00378506
 0.00862473 0.0140023 0.0210528 0.0296888 0.0395859 0.0500339 0.0599085 0.0679453 0.0732031 0.0753707 0.0747144 0.0718 0.0672419 0.0615865 0.0552832 0.0486813 0.0420369 0.0355326 0.0293039 0.0234646 0.0181259 0.0134025 0.00940225 0.00620014 0.003808
 0.00864264 0.0140305 0.0210934 0.0297419 0.0396488 0.0500996 0.0599659 0.0679814 0.0732074 0.0753402 0.0746549 0.0717238 0.0671627 0.0615151 0.0552255 0.0486394 0.0420105 0.0355201 0.029303 0.0234728 0.0181404 0.0134206 0.00942108 0.0062171 0.00382131
 0.00863238 0.0140163 0.0210766 0.0297256 0.0396369 0.0500959 0.0599722 0.0679967 0.0732276 0.0753584 0.0746641 0.0717196 0.0671453 0.0614892 0.0551985 0.048618 0.0419986 0.0355188 0.0293111 0.0234879 0.0181598 0.0134414 0.00944089 0.00623398 0.00383417
 0.00863238 0.0140163 0.0210766 0.0297256 0.0396369 0.0500959 0.0599722 0.0679967 0.0732276 0.0753584 0.0746641 0.0717196 0.0671453 0.0614892 0.0551985 0.048618 0.0419986 0.0355188 0.0293111 0.0234879 0.0181598 0.0134414 0.00944089 0.00623398 0.00383417
 0.00860256 0.0139704 0.0210125 0.0296437 0.0395407 0.0499924 0.059872 0.0679127 0.0731719 0.0753387 0.0746805 0.0717651 0.0672084 0.0615584 0.0552657 0.0486796 0.0420548 0.0355712 0.0293608 0.0235349 0.0182029 0.0134792 0.00947204 0.00625787 0.00385103
 0.00874764 0.0141967 0.0213343 0.0300651 0.0400519 0.0505659 0.06046 0.0684508 0.0735928 0.0755888 0.0747347 0.0716295 0.0669142 0.0611507 0.0547929 0.0481861 0.0415771 0.0351361 0.0289857 0.0232282 0.0179654 0.0133055 0.00935277 0.00618148 0.00380574
 0.00848321 0.0137935 0.020779 0.0293673 0.0392469 0.0497142 0.0596452 0.0677706 0.0731386 0.0754208 0.0748636 0.0720166 0.0674867 0.061824 0.0554897 0.0488481 0.0421685 0.0356404 0.0294005 0.023559 0.0182212 0.0134963 0.00948895 0.00627342 0.0038638
 0.00857308 0.0139053 0.0208842 0.0294193 0.0391948 0.0495245 0.0593202 0.0673516 0.0726931 0.0750222 0.0745717 0.0718664 0.0674852 0.0619523 0.0557112 0.0491186 0.0424468 0.0358966 0.0296177 0.0237322 0.0183528 0.0135925 0.00955648 0.00631869 0.00389246
 0.00836264 0.013589 0.0204551 0.0288856 0.0385736 0.0488349 0.0585813 0.0665905 0.0719553 0.074376 0.0741005 0.0716465 0.0675616 0.0623227 0.0563261 0.0498965 0.0432949 0.0367305 0.030374 0.0243728 0.0188633 0.013976 0.00982792 0.00649892 0.004004
#pred catch len freq
 0.00398804 0.00637622 0.00943085 0.0131299 0.0174631 0.0223971 0.0278087 0.033463 0.0390633 0.0443208 0.0490017 0.0529507 0.056102 0.0584674 0.0600971 0.0610344 0.0612895 0.0608311 0.059574 0.0573519 0.0539075 0.0489642 0.0424122 0.0345275 0.0260476
 0.00428624 0.00676571 0.00984483 0.0134576 0.0175931 0.0222785 0.0274901 0.0330762 0.0387527 0.0441624 0.0489615 0.0529078 0.0559194 0.0580687 0.0595132 0.0604003 0.060794 0.060638 0.0597488 0.0578298 0.0545215 0.0495222 0.0427796 0.0346701 0.0260178
 0.00452863 0.0071661 0.0104517 0.0143001 0.0186526 0.0234584 0.0286106 0.0339197 0.0391529 0.0440855 0.0485168 0.052273 0.0552344 0.0573763 0.0587825 0.0596027 0.0599661 0.0598855 0.059191 0.0575278 0.0544407 0.0495544 0.0428066 0.0346224 0.0258936
 0.00475803 0.00752985 0.0109855 0.0150398 0.019636 0.0247191 0.0301546 0.0356862 0.0409834 0.0457316 0.0497064 0.0528118 0.0550802 0.0566356 0.0576356 0.0582197 0.0584726 0.0583791 0.0577661 0.0562701 0.0533994 0.0487245 0.0421443 0.0340812 0.0254494
 0.00503487 0.00795932 0.0115949 0.0158452 0.020646 0.0259401 0.0315903 0.0373309 0.0428052 0.0476492 0.051568 0.0543968 0.0561437 0.0569863 0.0572062 0.0570858 0.056811 0.056403 0.0556748 0.054228 0.0515285 0.0471013 0.0408015 0.0330191 0.02465
 0.00537276 0.00848353 0.0123379 0.0168226 0.021858 0.0273733 0.0332165 0.0391051 0.0446678 0.0495308 0.0533877 0.0560514 0.0574944 0.0578619 0.057437 0.0565599 0.0555243 0.0544711 0.0533028 0.051657 0.0489871 0.0447739 0.0388137 0.0314345 0.023475
 0.00572623 0.00903733 0.0131334 0.017887 0.0232032 0.0289935 0.0350809 0.0411511 0.0468023 0.0516408 0.0553565 0.0577699 0.0588634 0.0587846 0.0578101 0.0562793 0.0545147 0.0527287 0.050927 0.0488477 0.046008 0.0418968 0.0362659 0.0293622 0.0219295
 0.00605978 0.00956137 0.0138895 0.0189051 0.0245016 0.0305762 0.0369298 0.0432171 0.0490008 0.053857 0.0574574 0.0596206 0.0603423 0.0597921 0.0582662 0.0561157 0.0536737 0.0511815 0.0487079 0.0460857 0.0429298 0.0387908 0.0334177 0.0269877 0.0201326
 0.00640212 0.0100993 0.0146656 0.0199503 0.0258345 0.0322007 0.0388277 0.0453386 0.0512613 0.0561413 0.0596307 0.0615423 0.061881 0.0608383 0.0587376 0.0559551 0.052843 0.0496646 0.0465292 0.0433411 0.0398085 0.0355641 0.0303869 0.0244076 0.0181486
 0.00669852 0.0105675 0.0153461 0.020875 0.0270258 0.033668 0.0405595 0.0472938 0.053366 0.0582931 0.0617074 0.0634134 0.0634199 0.0619331 0.0592988 0.0559169 0.0521628 0.0483247 0.0445492 0.0408009 0.0368705 0.0324736 0.027432 0.02185 0.0161534
 0.00700954 0.0110559 0.0160501 0.0218216 0.0282301 0.0351311 0.0422619 0.049188 0.0553748 0.0603154 0.0636285 0.0651167 0.064797 0.0628915 0.0597648 0.0558356 0.0514964 0.0470554 0.0426909 0.0384202 0.0341085 0.0295491 0.0246116 0.0193846 0.0142107
 0.00735424 0.0115946 0.0168212 0.0228491 0.0295231 0.0366823 0.0440413 0.0511357 0.0574 0.0623043 0.0654583 0.0666703 0.0659761 0.0636241 0.0600052 0.0555585 0.0506895 0.0457181 0.0408429 0.0361216 0.0314815 0.0267854 0.0219484 0.0170507 0.0123635
 0.00762001 0.0120177 0.0174422 0.0237015 0.03063 0.0380497 0.0456481 0.052926 0.0592846 0.0641703 0.0671835 0.0681375 0.0670859 0.0643038 0.060212 0.0552754 0.0499181 0.0444725 0.0391534 0.034048 0.0291319 0.0243241 0.0195792 0.0149715 0.0107129
 0.00787585 0.0124202 0.0180239 0.0244869 0.0316345 0.0392777 0.0470856 0.0545325 0.0609884 0.0658719 0.0687666 0.0694849 0.0680958 0.0649024 0.060359 0.0549602 0.0491521 0.0432825 0.0375806 0.0321567 0.0270222 0.0221388 0.0174904 0.0131453 0.00926501
 0.008146 0.0128402 0.018621 0.0252758 0.0326187 0.0404496 0.0484232 0.055994 0.0625091 0.0673678 0.0701417 0.0706412 0.0689455 0.0653785 0.0604222 0.0546001 0.0483831 0.0421374 0.0361084 0.0304255 0.0251271 0.0202053 0.0156632 0.0115605 0.00801484
 0.00830081 0.0130915 0.0189989 0.0258084 0.0333278 0.0413429 0.049486 0.0571847 0.063764 0.0686106 0.0712935 0.0716277 0.0697003 0.065847 0.0605647 0.0543953 0.0478293 0.041253 0.0349323 0.0290189 0.0235762 0.0186201 0.0141667 0.0102649 0.00699447
 0.00844327 0.0133101 0.0193051 0.0262082 0.0338256 0.0419458 0.0502028 0.0580175 0.064696 0.0695977 0.072266 0.0725026 0.0703987 0.0663082 0.0607511 0.05429 0.0474317 0.0405774 0.0340084 0.0278966 0.0223282 0.01734 0.0129575 0.00921911 0.00617225
 0.00854032 0.0134572 0.0195067 0.0264619 0.0341244 0.0422818 0.0505709 0.0584172 0.065132 0.0700767 0.072789 0.0730547 0.0709428 0.0667879 0.0611025 0.0544567 0.047376 0.0402842 0.0334871 0.0271804 0.0214748 0.0164271 0.0120724 0.0084411 0.00555435
 0.00863721 0.0136056 0.0197129 0.0267255 0.0344388 0.0426349 0.0509458 0.0587934 0.065489 0.0703996 0.0730728 0.0733036 0.0711643 0.0669825 0.061256 0.0545391 0.0473492 0.0401143 0.0331565 0.0266963 0.0208711 0.015761 0.0114131 0.00785373 0.0050838
 0.00873835 0.0137554 0.0199115 0.0269643 0.0347034 0.0429112 0.0512224 0.0590621 0.0657417 0.0706265 0.0732638 0.0734517 0.0712685 0.0670474 0.0612872 0.0545357 0.0472989 0.0399955 0.032947 0.0263855 0.0204695 0.0153019 0.0109454 0.00742793 0.00473743
 0.00884201 0.0139132 0.0201285 0.0272369 0.0350195 0.0432509 0.0515601 0.0593691 0.0659922 0.0708043 0.0733653 0.073484 0.0712445 0.0669809 0.0611901 0.0544161 0.0471588 0.0398293 0.0327433 0.0261337 0.0201686 0.0149668 0.0106048 0.00711586 0.00448139
 0.00892778 0.014046 0.0203159 0.0274819 0.0353199 0.0435988 0.0519404 0.0597575 0.0663558 0.0711062 0.0735725 0.0735762 0.071219 0.0668529 0.0609862 0.054166 0.0468867 0.03955 0.0324614 0.0258476 0.0198772 0.0146751 0.0103266 0.0068696 0.00428274
