SBPRF35
7.78865
Curr Bio
521339
B35
660852
F35
0.213258
FOFL
0.165173
OFL
67567.1
Bzero
2.22533e+006
#pred survey bio
 3.74621e+006 3.36995e+006 2.98995e+006 2.65074e+006 2.34909e+006 2.04381e+006 1.82483e+006 1.61927e+006 1.42141e+006 1.2433e+006 1.09764e+006 977640 892356 801735 753486 721444 698739 685725 664498 648117 636698 632192 613696 613549 614147 610761 608221 607650 598880 597458 577571 557065 548782 539523 543253 552409 554513 565113 577003 586874 590755 597642 600369 609214 611378 615034 615830 570320 562298 548531 561443 547302 535200 526446 1.83379e+007 1.08934e+007 1.10703e+007 1.17637e+007 1.27382e+007 1.37576e+007 1.46805e+007 1.54473e+007 1.60502e+007 1.65071e+007 1.68452e+007 1.70915e+007 1.72693e+007 1.73971e+007 1.74891e+007 1.75553e+007 1.76033e+007 1.76381e+007 1.76637e+007 1.76825e+007 1.76964e+007 1.77068e+007 1.77147e+007 1.77205e+007 1.7725e+007 1.77284e+007 1.7731e+007 1.77329e+007 1.77344e+007 1.77356e+007 1.77365e+007 1.77371e+007 1.77377e+007 1.77381e+007 1.77384e+007 1.77386e+007 1.77388e+007 1.7739e+007 1.77391e+007 1.77391e+007 1.77392e+007 1.77393e+007 1.77393e+007 1.77393e+007 1.77394e+007 1.77394e+007 1.77394e+007 1.77394e+007 1.77394e+007 1.77394e+007 1.77394e+007 1.77394e+007 1.77394e+007 1.77394e+007 1.77394e+007 1.77394e+007 1.77394e+007 1.77394e+007 1.77394e+007 1.77394e+007 1.77394e+007 1.77394e+007 1.77394e+007 1.77394e+007 1.77394e+007 1.77394e+007 1.77394e+007 1.77394e+007 1.77394e+007 1.77394e+007 1.77394e+007 1.77394e+007 1.77394e+007 1.77394e+007 1.77394e+007 1.77394e+007 1.77394e+007 1.77394e+007 1.77394e+007 1.77394e+007 1.77394e+007 1.77394e+007 1.77394e+007 1.77394e+007 1.77394e+007 1.77394e+007 1.77394e+007 1.77394e+007 1.77394e+007 1.77394e+007 1.77394e+007 1.77394e+007 1.77394e+007 1.77394e+007 1.77394e+007 1.77394e+007 1.77394e+007 1.77394e+007 1.77394e+007 1.77394e+007 0 0 0 0 0 0 0 0 0 0 0 0 0 0 0 0 0 0 0 0 0 0 0 0 0
#obs survey bio
 2.79135e+006 2.13993e+006 2.41444e+006 2.6663e+006 1.79463e+006 1.41233e+006 1.60791e+006 837415 1.01434e+006 1.06583e+006 1.07144e+006 961620 762947 746601 637934 606628 887159 776067 586630 616772 483212 894270 387369 550075 496996 795942 669323 565824 477775 548023 532020 597304 383335 384059 539715 632087 417253 544918 626198 816428 692635 616540 471950 577470 640670 493936 482929 663984 363259 638571 520381 362760 533537 573145
#pred catch bio
 280026 305674 294389 287418 317209 264112 272310 280625 272836 249101 227896 197452 199623 160137 143386 132258 121467 125830 118790 112254 104633 114230 97501.4 96732.9 99098.9 96537.9 92809.9 97371.6 88650.3 100962 97721.6 87082.3 92352.4 87261.4 87033.5 94815.5 88390.5 87671 88873.4 92590 89087 92346.6 87246.7 92547.2 90711.8 93181.9 131266 99006.5 104252 81766.7 103556 99931.5 94599 84865 67567.1 84199.5 84152.7 88049.9 94844.4 102249 108922 114351 118491 121508 123636 125099 126086 126742 127173 127454 127635 127751 127826 127873 127903 127922 127934 127942 127947 127950 127952 127953 127953 127954 127954 127954 127954 127955 127955 127955 127955 127955 127955 127955 127955 127955 127955 127955 127955 127955 127955 127955 127955 127955 127955 127955 127955 127955 127955 127955 127955 127955 127955 127955 127955 127955 127955 127955 127955 127955 127955 127955 127955 127955 127955 127955 127955 127955 127955 127955 127955 127955 127955 127955 127955 127955 127955 127955 127955 127955 127955 127955 127955 127955 127955 127955 127955 127955 127955 127955 127955 127955 127955 127955 0 0 0 0 0 0 0 0 0 0 0 0 0 0 0 0 0 0 0 0 0 0 0 0 0
#obs catch bio
 241868 307865 296222 289882 322416 268330 279006 289762 282677 258116 235393 201940 206245 164365 147273 135238 122814 128292 120765 113711 106166 115752 98506.1 98342.8 100706 97828.1 93741.8 98623.1 89453.5 102081 98641.3 87589.6 93510.8 88349.6 87906.1 95874.6 89397.2 88471.9 89684.1 93025.7 89054.7 92648.4 87588 92975.1 90600.4 92890.7 132508 99002.4 105248 81550.6 104048 100235 94948.6 84796.8
#pred cpue bio
 3.67704e+006 3.30525e+006 2.9298e+006 2.59288e+006 2.29262e+006 1.98915e+006 1.77098e+006 1.56672e+006 1.37084e+006 1.19518e+006 1.05211e+006 934656 851239 763011 716345 685777 664344 652068 631763 616247 605445 601373 583737 583552 584158 581212 579269 579224 571146 570241 551559 532078 523225 512215 514310 522916 525215 535727 547549 557575 561811 568664 571252 579855 582203 585917 586552 541978 533635 520197 533079 519788 508127 500216 1.7474e+007 1.03988e+007 1.04568e+007 1.10059e+007 1.1927e+007 1.29334e+007 1.38536e+007 1.46199e+007 1.52227e+007 1.56797e+007 1.60177e+007 1.6264e+007 1.64418e+007 1.65697e+007 1.66616e+007 1.67278e+007 1.67758e+007 1.68107e+007 1.68362e+007 1.6855e+007 1.6869e+007 1.68794e+007 1.68872e+007 1.68931e+007 1.68975e+007 1.69009e+007 1.69035e+007 1.69054e+007 1.69069e+007 1.69081e+007 1.6909e+007 1.69097e+007 1.69102e+007 1.69106e+007 1.69109e+007 1.69111e+007 1.69113e+007 1.69115e+007 1.69116e+007 1.69117e+007 1.69117e+007 1.69118e+007 1.69118e+007 1.69119e+007 1.69119e+007 1.69119e+007 1.69119e+007 1.69119e+007 1.69119e+007 1.69119e+007 1.69119e+007 1.6912e+007 1.6912e+007 1.6912e+007 1.6912e+007 1.6912e+007 1.6912e+007 1.6912e+007 1.6912e+007 1.6912e+007 1.6912e+007 1.6912e+007 1.6912e+007 1.6912e+007 1.6912e+007 1.6912e+007 1.6912e+007 1.6912e+007 1.6912e+007 1.6912e+007 1.6912e+007 1.6912e+007 1.6912e+007 1.6912e+007 1.6912e+007 1.6912e+007 1.6912e+007 1.6912e+007 1.6912e+007 1.6912e+007 1.6912e+007 1.6912e+007 1.6912e+007 1.6912e+007 1.6912e+007 1.6912e+007 1.6912e+007 1.6912e+007 1.6912e+007 1.6912e+007 1.6912e+007 1.6912e+007 1.6912e+007 1.6912e+007 1.6912e+007 1.6912e+007 1.6912e+007 1.6912e+007 1.6912e+007 1.6912e+007 0 0 0 0 0 0 0 0 0 0 0 0 0 0 0 0 0 0 0 0 0 0 0 0 0
#obs cpue bio
 4.47529e+006 2.45375e+006 3.37673e+006 1.64754e+006 1.96839e+006 1.48352e+006 1.02313e+006 1.55838e+006 1.17475e+006 864688 866411 967335 502580 534402 505658 722393 779679 296397 615682 648060 477716 531485 671909 334218 638544 431061 520927 502910 607139 647640 557845 467676 477393 519867 512230 437484 476426 572893 438903 571142 632630 438198 556676 628887 826538 717157 510010 491639 554121 649998 499020 742766 480738 592498
#pred surv len freq
 0.00584877 0.00943276 0.0140744 0.0197033 0.0261424 0.033029 0.0397813 0.0457303 0.050369 0.0535264 0.055344 0.056123 0.0561802 0.0557716 0.0550652 0.0541372 0.0529865 0.0515564 0.0497426 0.0473762 0.0442125 0.0399852 0.0345589 0.0281127 0.0212102
 0.00615593 0.00984561 0.0145424 0.0201429 0.0264825 0.03327 0.0400257 0.0461487 0.0511078 0.0546102 0.0566357 0.0573688 0.0571122 0.0562095 0.0549705 0.0536051 0.0521891 0.050666 0.0488672 0.0465347 0.0433602 0.0390728 0.0335866 0.0271451 0.0203449
 0.00667868 0.0106553 0.0156802 0.0216054 0.0282075 0.035129 0.0418339 0.0477093 0.0522851 0.0553884 0.0571121 0.0576732 0.057306 0.0562414 0.0547162 0.0529569 0.0511276 0.0492711 0.0472723 0.0448651 0.0416985 0.0374673 0.0320823 0.0258035 0.0192339
 0.00708653 0.0113186 0.0166776 0.0230067 0.0300539 0.0374038 0.0444312 0.0504233 0.0548392 0.0575025 0.0585819 0.0584256 0.0573995 0.0558081 0.0538801 0.0517811 0.0496215 0.0474406 0.0451662 0.0425842 0.0393725 0.0352271 0.0300451 0.0240652 0.017858
 0.00748789 0.0119496 0.0175892 0.0242368 0.0316276 0.039329 0.0466862 0.052938 0.0574813 0.0600765 0.0608502 0.0601511 0.0584031 0.0560153 0.053329 0.0505846 0.0479112 0.0453287 0.0427469 0.0399596 0.0366734 0.0326103 0.02767 0.0220624 0.0163021
 0.00797257 0.0127134 0.0186934 0.025721 0.0335026 0.0415675 0.0492128 0.0556298 0.0601853 0.0626346 0.0631129 0.0619758 0.0596505 0.0565605 0.053091 0.0495547 0.0461581 0.0429787 0.039955 0.0368934 0.0335136 0.0295513 0.0249041 0.0197462 0.0145213
 0.00827552 0.0132034 0.0194262 0.0267474 0.0348597 0.0432641 0.051214 0.0578503 0.0624997 0.0649001 0.065192 0.0637476 0.0610095 0.0574106 0.0533441 0.049142 0.0450523 0.0412132 0.0376307 0.0341705 0.0305951 0.0266616 0.0222601 0.0175209 0.0128098
 0.0085425 0.0136367 0.0200773 0.0276647 0.0360801 0.0448004 0.0530391 0.0598903 0.0646408 0.0670073 0.0671296 0.0653947 0.0622676 0.0582042 0.0536157 0.0488471 0.0441613 0.0397255 0.0355949 0.0317006 0.0278705 0.0239069 0.0197059 0.0153558 0.0111402
 0.00877384 0.0140187 0.0206634 0.0285082 0.0372242 0.046261 0.0547876 0.0618468 0.0666847 0.0689996 0.0689355 0.0668987 0.0633806 0.058865 0.0537873 0.0485096 0.043307 0.0383609 0.0337544 0.0294661 0.0253848 0.0213662 0.0173263 0.0133235 0.00956592
 0.00898871 0.0143669 0.021186 0.0292443 0.0382054 0.0475017 0.0562724 0.0635222 0.0684609 0.0707617 0.0705598 0.068269 0.0644018 0.059471 0.053942 0.0482017 0.0425412 0.0371552 0.0321449 0.0275213 0.02322 0.0191434 0.0152315 0.0115231 0.00816386
 0.0091991 0.0146979 0.0216638 0.0298874 0.0390235 0.0484928 0.0574192 0.064788 0.0697906 0.072087 0.0718053 0.069357 0.0652576 0.0600291 0.0541528 0.048035 0.0419873 0.0362232 0.030865 0.0259519 0.0214562 0.0173184 0.0134989 0.0100239 0.0069893
 0.0094871 0.0151375 0.0222721 0.0306614 0.0399421 0.0495219 0.0585137 0.0658944 0.0708518 0.0730506 0.07263 0.0700134 0.0657228 0.0602813 0.0541689 0.0477926 0.0414692 0.0354239 0.0297978 0.0246569 0.0200067 0.0158199 0.0120751 0.00878938 0.00601956
 0.00954789 0.0152569 0.022489 0.0310219 0.0404854 0.0502598 0.0594144 0.0668834 0.0718328 0.0739357 0.0733607 0.0705643 0.066092 0.0604754 0.0541914 0.0476385 0.0411267 0.0348809 0.0290524 0.0237284 0.018944 0.0147017 0.0109982 0.00784581 0.00527219
 0.0096952 0.0154897 0.0228278 0.0314838 0.0410837 0.0510014 0.0602925 0.0678675 0.0728619 0.0749209 0.0742006 0.0711699 0.06641 0.0604992 0.053953 0.0471882 0.0405121 0.034136 0.0281992 0.0227881 0.0179502 0.013707 0.0100691 0.00704663 0.00464624
 0.00967499 0.0154556 0.022775 0.0314101 0.0409935 0.0509116 0.060236 0.0678909 0.0730144 0.0752366 0.074681 0.0717752 0.0670644 0.0611107 0.0544387 0.0474938 0.0406173 0.0340471 0.0279374 0.0223828 0.0174395 0.0131397 0.00950262 0.006537 0.00423424
 0.00967332 0.0154418 0.022734 0.0313217 0.0408387 0.050682 0.0599437 0.0675722 0.0727255 0.0750429 0.0746421 0.0719284 0.0674111 0.0616104 0.055016 0.0480576 0.0410843 0.0343602 0.0280724 0.022346 0.0172601 0.0128628 0.0091816 0.00622347 0.0039677
 0.00979854 0.0156124 0.0229293 0.0315006 0.0409493 0.0506787 0.059802 0.067297 0.0723503 0.0746235 0.0742482 0.0716314 0.0672696 0.0616543 0.0552366 0.0484073 0.0414886 0.0347382 0.028358 0.0225018 0.017282 0.0127748 0.00902459 0.00604261 0.00380037
 0.0097396 0.0155405 0.0228639 0.0314699 0.0409773 0.0507668 0.0599183 0.0673826 0.0723444 0.0744927 0.0740042 0.0713279 0.0669826 0.0614571 0.0551783 0.0485008 0.0417083 0.0350288 0.0286519 0.0227396 0.017428 0.0128231 0.00899454 0.00596699 0.00371198
 0.00972438 0.0155177 0.0228344 0.0314388 0.0409564 0.0507747 0.0599766 0.0675051 0.0725231 0.0746903 0.0741617 0.0713894 0.0669227 0.0612952 0.0549701 0.0483134 0.0415921 0.0350007 0.0286943 0.0228136 0.0174927 0.0128518 0.00898146 0.00592321 0.00365596
 0.00980909 0.0156299 0.0229562 0.0315388 0.0409993 0.0507374 0.059861 0.0673409 0.0723574 0.074569 0.0741114 0.0714066 0.0669769 0.0613455 0.0549872 0.0482935 0.0415561 0.0349774 0.0287023 0.0228516 0.0175432 0.0128935 0.00900073 0.00591888 0.00363616
 0.00975924 0.0155686 0.0228992 0.0315091 0.0410164 0.0508028 0.0599503 0.0674108 0.0723673 0.0745044 0.0739929 0.0712786 0.0668834 0.0613086 0.0550015 0.0483367 0.0416061 0.035024 0.028747 0.0228989 0.0175924 0.0129379 0.0090323 0.00593405 0.00363734
 0.00971339 0.0154866 0.0227636 0.0313037 0.0407352 0.050461 0.0595892 0.0670888 0.0721376 0.0743929 0.0739913 0.0713577 0.0670143 0.0614755 0.0551995 0.0485608 0.041844 0.0352584 0.0289621 0.0230849 0.0177455 0.0130571 0.00911842 0.00598987 0.0036685
 0.00998022 0.0158728 0.0232556 0.0318556 0.0412783 0.0509221 0.0599081 0.0672301 0.0720964 0.0741941 0.0736815 0.0709894 0.066631 0.0611055 0.0548591 0.0482612 0.0415939 0.035062 0.0288173 0.0229843 0.0176794 0.0130158 0.00909335 0.00597448 0.0036584
 0.00988643 0.0157588 0.0231531 0.0318135 0.0413433 0.0511114 0.0601911 0.0675332 0.0723323 0.0742999 0.0736417 0.0708357 0.0664207 0.0608955 0.0546877 0.0481435 0.0415279 0.0350377 0.0288227 0.0230086 0.0177127 0.0130501 0.00912307 0.00599673 0.00367279
 0.00971585 0.0155011 0.0228044 0.0313891 0.0408809 0.0506703 0.0598449 0.0673521 0.0723568 0.0745177 0.0739876 0.071218 0.0667603 0.0611534 0.0548672 0.0482723 0.0416357 0.035143 0.0289308 0.0231155 0.0178114 0.0131344 0.00918924 0.00604415 0.0037036
 0.00957937 0.0152901 0.0225075 0.0310045 0.0404185 0.0501543 0.059317 0.0668721 0.0719949 0.0743372 0.0740241 0.0714628 0.0671604 0.0616289 0.0553399 0.0486896 0.0419791 0.0354188 0.0291549 0.0233012 0.0179653 0.0132583 0.00928353 0.00611088 0.00374696
 0.00952869 0.015198 0.0223514 0.0307587 0.0400619 0.0496819 0.0587502 0.0662611 0.0714103 0.0738555 0.0737117 0.0713641 0.0672879 0.0619583 0.0558141 0.0492338 0.042522 0.0359098 0.0295697 0.0236363 0.0182276 0.0134573 0.00942839 0.00621048 0.00381068
 0.00944095 0.0150652 0.0221692 0.0305271 0.0397824 0.0493537 0.0583707 0.0658313 0.0709442 0.073387 0.0732941 0.0710598 0.0671521 0.0620226 0.0560759 0.0496561 0.043043 0.03646 0.0300894 0.0240863 0.0185908 0.0137331 0.00962628 0.00634408 0.00389485
 0.00937394 0.0149663 0.0220388 0.0303724 0.0396147 0.0491843 0.058207 0.0656738 0.0707864 0.073218 0.0731065 0.0708587 0.0669618 0.061883 0.0560299 0.0497318 0.0432414 0.0367539 0.0304328 0.0244305 0.0188976 0.0139812 0.0098104 0.00647024 0.00397468
 0.0091251 0.0145957 0.0215448 0.0297771 0.0389596 0.0485215 0.0575911 0.0651569 0.0704108 0.0730089 0.073065 0.070964 0.0671801 0.062182 0.0563886 0.0501423 0.0437008 0.0372529 0.0309492 0.0249306 0.019346 0.0143513 0.0100911 0.00666549 0.0040991
 0.00920879 0.0146972 0.0216346 0.029809 0.0388859 0.0483161 0.0572667 0.0647638 0.0700174 0.0726754 0.0728257 0.0708244 0.0671264 0.0621934 0.0564477 0.0502404 0.0438376 0.0374313 0.031167 0.0251753 0.0195954 0.0145805 0.0102804 0.0068062 0.00419323
 0.0101641 0.0160549 0.0233148 0.0316101 0.0405365 0.0495627 0.0579475 0.0648371 0.0695461 0.0717904 0.071689 0.0695948 0.065932 0.0611164 0.0555254 0.0494791 0.0432294 0.0369654 0.0308324 0.024958 0.0194753 0.0145315 0.0102749 0.00682065 0.004212
 0.0109725 0.0173193 0.0251151 0.0339611 0.0433563 0.0526408 0.0609368 0.0673029 0.0710837 0.0721632 0.0709073 0.0678918 0.0636592 0.0586251 0.0530884 0.0472661 0.0413214 0.0353838 0.0295669 0.0239832 0.0187576 0.014031 0.0099471 0.00662054 0.00409871
 0.0108975 0.017322 0.0253483 0.0346404 0.0446994 0.0547701 0.0637895 0.0706 0.0743782 0.0749489 0.0727474 0.0685277 0.0630681 0.0570071 0.0507875 0.0446615 0.0387346 0.0330335 0.0275686 0.0223746 0.0175268 0.0131378 0.00933584 0.006229 0.00386576
 0.0104981 0.0167278 0.0245652 0.0337321 0.0437985 0.0540779 0.0635541 0.0710585 0.0756636 0.0769992 0.0752745 0.0710812 0.0651746 0.0583191 0.0511756 0.0442181 0.037704 0.0317096 0.0262088 0.021154 0.0165339 0.0123932 0.00881787 0.00589461 0.00366617
 0.0102769 0.016364 0.0240122 0.0329519 0.0427796 0.0528627 0.0622643 0.0698994 0.0748926 0.0768588 0.0759083 0.0724646 0.067093 0.0604154 0.0530581 0.0455843 0.0384237 0.0318333 0.0259087 0.0206389 0.0159798 0.0119109 0.0084534 0.00564879 0.00351639
 0.0102311 0.016287 0.0238899 0.0327655 0.0425047 0.0524722 0.0617375 0.06924 0.07415 0.076142 0.0753778 0.0722922 0.0673966 0.0611975 0.0541818 0.0468099 0.0394935 0.0325633 0.0262413 0.0206356 0.015768 0.011622 0.00818176 0.00544024 0.00337847
 0.0101015 0.0160887 0.0236146 0.0324134 0.0420838 0.0519955 0.0612218 0.0687041 0.0736151 0.0756347 0.0749388 0.0719848 0.0673044 0.0613999 0.0547134 0.047624 0.0404586 0.0335032 0.0269997 0.0211303 0.0160054 0.0116709 0.00812958 0.00535778 0.00330581
 0.00990069 0.0157862 0.0232043 0.0319062 0.0415051 0.0513799 0.0606089 0.0681352 0.0731282 0.0752584 0.0746887 0.0718675 0.0673276 0.0615808 0.055075 0.0481769 0.0411764 0.0343104 0.0277873 0.0217935 0.0164816 0.0119556 0.0082635 0.00539866 0.0033036
 0.00978749 0.0155994 0.0229191 0.0315008 0.0409691 0.0507254 0.0598784 0.0673996 0.07247 0.0747487 0.0743699 0.0717495 0.0673966 0.0618134 0.05545 0.0486788 0.041788 0.0349994 0.0284986 0.022456 0.0170307 0.0123555 0.00851618 0.00553498 0.00336473
 0.00989642 0.0157431 0.023073 0.0316194 0.0409959 0.0506106 0.0595961 0.0669571 0.0719077 0.0741322 0.0737769 0.0712532 0.0670504 0.0616428 0.0554549 0.0488421 0.0420842 0.0353974 0.0289586 0.0229287 0.0174639 0.0127073 0.00876754 0.00569148 0.00344875
 0.00993053 0.0158023 0.0231672 0.0317552 0.0411689 0.0507965 0.0597472 0.0670108 0.071808 0.0738553 0.0733454 0.0707319 0.0665261 0.0611983 0.0551491 0.0487021 0.0421074 0.0355595 0.0292215 0.0232464 0.0177883 0.0129967 0.00899449 0.00584787 0.00354303
 0.00988479 0.0157449 0.0231124 0.0317274 0.0411964 0.0509007 0.0599315 0.067253 0.0720616 0.0740573 0.073434 0.0706672 0.0663069 0.0608659 0.0547743 0.0483616 0.0418611 0.0354375 0.0292225 0.0233447 0.0179445 0.0131694 0.00915029 0.00596762 0.00362259
 0.00971802 0.0154942 0.0227741 0.0313149 0.0407401 0.0504458 0.0595334 0.0669701 0.07194 0.0741145 0.0736477 0.0709796 0.0666434 0.0611609 0.0549926 0.0485059 0.041963 0.0355379 0.0293521 0.0235129 0.0181399 0.0133678 0.00932695 0.00610603 0.0037182
 0.0097612 0.0155383 0.0227931 0.0312701 0.0405931 0.0501774 0.0591594 0.0665426 0.0715337 0.0738032 0.0734825 0.0709762 0.0667804 0.0613888 0.0552515 0.0487453 0.0421573 0.0356889 0.0294792 0.0236374 0.0182722 0.0135043 0.00945503 0.00621264 0.00379636
 0.00988176 0.0157134 0.0230164 0.0315184 0.0408277 0.0503499 0.0592209 0.0664561 0.0712889 0.0734277 0.0730411 0.070553 0.0664509 0.0611957 0.0551952 0.0487929 0.0422619 0.0358102 0.0295951 0.0237432 0.0183716 0.0135999 0.00954409 0.00628906 0.00385502
 0.00990014 0.0157594 0.0231143 0.0316971 0.0411093 0.0507329 0.0596671 0.066892 0.0716245 0.0735862 0.0729849 0.070296 0.0660528 0.0607412 0.0547667 0.0484465 0.0420181 0.0356592 0.0295127 0.0237055 0.0183623 0.0136094 0.00956556 0.00631566 0.00388044
 0.0103025 0.0163845 0.0239998 0.0328563 0.0425262 0.0523558 0.0614001 0.0685922 0.0731145 0.0746845 0.073544 0.0702368 0.0653851 0.059564 0.0532449 0.046772 0.0403663 0.0341594 0.0282377 0.0226796 0.0175774 0.0130396 0.00917575 0.00606696 0.00373401
 0.0101146 0.0161316 0.0237176 0.032613 0.0424076 0.0524389 0.0617294 0.0691683 0.073896 0.0755945 0.0744779 0.0710729 0.066004 0.0598754 0.0532133 0.0464279 0.0397963 0.0334775 0.0275521 0.0220692 0.0170836 0.0126717 0.00892212 0.00590529 0.00363925
 0.0100096 0.0159661 0.0234808 0.0323055 0.0420496 0.0520786 0.0614441 0.0690513 0.0740265 0.076005 0.0751348 0.0718826 0.0668384 0.0606032 0.0537291 0.0466724 0.0397666 0.0332234 0.0271579 0.021627 0.0166692 0.0123311 0.00867122 0.00573796 0.00353787
 0.00985833 0.0157061 0.023065 0.0316859 0.0411939 0.050995 0.0602043 0.0677944 0.0729366 0.0752667 0.0748852 0.0721741 0.0676236 0.0617473 0.0550445 0.0479665 0.0408856 0.0340801 0.0277361 0.021966 0.0168364 0.0123955 0.00868576 0.00573492 0.00353225
 0.0100075 0.0159344 0.0233793 0.0320756 0.0416243 0.0514034 0.060503 0.0678894 0.0727617 0.0748199 0.074245 0.0714811 0.0670338 0.0613783 0.0549387 0.0480856 0.0411355 0.0343516 0.0279446 0.0220725 0.0168465 0.0123422 0.00860776 0.00566122 0.00347692
 0.0096132 0.015399 0.0227682 0.0315134 0.0412577 0.0513417 0.0607689 0.0684069 0.0733857 0.0753886 0.0746314 0.071629 0.0669688 0.0611909 0.0547448 0.047979 0.0411549 0.0344763 0.0281166 0.0222303 0.0169516 0.0123871 0.00860749 0.00563848 0.00345012
 0.00900836 0.0144806 0.0215126 0.0299576 0.0395073 0.049571 0.0592075 0.0672998 0.0729235 0.0756336 0.0754861 0.0728738 0.0683483 0.062502 0.0558832 0.0489336 0.0419663 0.0351888 0.0287494 0.0227749 0.017389 0.0127071 0.00881807 0.00576239 0.00351524
#obs surv len freq
 0.00497053 0.00814243 0.0123864 0.0177161 0.0240048 0.0308857 0.0377313 0.0438168 0.0485913 0.0518547 0.053727 0.054495 0.0544793 0.0539771 0.0532488 0.0525078 0.0518986 0.0514558 0.0510405 0.0502832 0.0486018 0.0453656 0.0401976 0.0332669 0.0253549
 0.00517938 0.00848349 0.0129028 0.0184498 0.0249893 0.0321342 0.0392241 0.0454949 0.0503628 0.0536097 0.0553537 0.0558896 0.0555511 0.0546501 0.0534636 0.0522252 0.051106 0.0501739 0.04933 0.0482478 0.0463848 0.0431386 0.0381361 0.031517 0.0240019
 0.00541381 0.0088666 0.0134831 0.0192736 0.0260921 0.0335268 0.0408783 0.0473391 0.0522926 0.0555076 0.0571072 0.0573995 0.0567324 0.0554304 0.0537814 0.0520311 0.0503678 0.0488867 0.0475301 0.0460264 0.0438935 0.0405785 0.0357262 0.0294469 0.0223883
 0.00564645 0.00924889 0.0140662 0.0201078 0.0272176 0.0349584 0.0425898 0.0492573 0.0543077 0.0574945 0.0589452 0.0589848 0.0579804 0.0562734 0.0541637 0.0519055 0.049696 0.0476482 0.0457397 0.0437556 0.041286 0.0378449 0.0331109 0.0271724 0.020599
 0.00587228 0.00962109 0.0146359 0.0209264 0.0283271 0.0363764 0.0442933 0.0511765 0.0563351 0.0595048 0.0608156 0.0606066 0.0592647 0.0571506 0.0545805 0.0518191 0.0490713 0.046462 0.0439961 0.0415102 0.0386681 0.0350603 0.0304119 0.024799 0.0187151
 0.00612702 0.0100339 0.0152551 0.0217965 0.0294813 0.0378244 0.0460076 0.053087 0.0583371 0.061478 0.0626417 0.0621814 0.0605026 0.0579849 0.0549611 0.0517078 0.048438 0.0452866 0.0422805 0.0393012 0.0360822 0.0322918 0.0277083 0.0224035 0.0168004
 0.00636341 0.0104234 0.0158504 0.0226493 0.0306311 0.0392811 0.0477357 0.0550017 0.060319 0.0633985 0.0643852 0.0636554 0.0616369 0.0587272 0.0552714 0.0515549 0.0477964 0.0441387 0.0406276 0.0371846 0.0336065 0.0296355 0.0251038 0.0200847 0.0149377
 0.00659079 0.0107983 0.0164244 0.0234737 0.0317471 0.0407032 0.0494352 0.0568993 0.0622955 0.0653174 0.0661165 0.0650921 0.0627025 0.0593749 0.0554772 0.0513073 0.0470887 0.0429671 0.0390004 0.0351418 0.0312432 0.0271136 0.0226356 0.017886 0.0131683
 0.00683629 0.0111979 0.0170267 0.0243242 0.0328791 0.0421244 0.0511126 0.0587542 0.0642132 0.0671676 0.0677743 0.0664522 0.0636859 0.0599313 0.0555831 0.0509597 0.0462963 0.0417447 0.0373719 0.0331544 0.0289878 0.0247364 0.0203264 0.0158373 0.0115223
 0.00705615 0.01156 0.0175801 0.0251166 0.0339466 0.0434752 0.0527114 0.0605183 0.0660253 0.0688997 0.0693098 0.0676971 0.0645718 0.0604141 0.0556404 0.0505874 0.0455044 0.0405543 0.0358163 0.0312881 0.0269007 0.0225622 0.0182319 0.0139895 0.0100427
 0.00725863 0.0118948 0.0180943 0.0258571 0.0349502 0.0447527 0.054232 0.0622036 0.06776 0.0705547 0.0707641 0.0688535 0.0653634 0.0608039 0.055617 0.0501577 0.0446877 0.0393787 0.034321 0.0295315 0.0249703 0.02058 0.0163446 0.0123389 0.00872949
 0.00740579 0.0121365 0.018463 0.0263856 0.0356666 0.0456718 0.0553446 0.0634702 0.0691136 0.0719088 0.0720245 0.0699292 0.0661758 0.0612946 0.0557514 0.0499249 0.0440961 0.0384522 0.0330982 0.0280696 0.0233519 0.0189153 0.0147609 0.0109568 0.00763221
 0.00750121 0.0122905 0.018693 0.0267083 0.0360964 0.0462179 0.056007 0.0642371 0.0699609 0.0728021 0.0729203 0.0707751 0.066912 0.0618585 0.0560856 0.049985 0.0438567 0.0379103 0.0322743 0.0270096 0.0221287 0.0176265 0.0135181 0.00986393 0.00676107
 0.00757446 0.0124063 0.0188614 0.0269368 0.0363892 0.0465752 0.0564235 0.0647024 0.0704618 0.0733255 0.0734538 0.0713042 0.0674151 0.0623029 0.0564274 0.0501746 0.0438482 0.0376715 0.0317964 0.0263131 0.0212662 0.0166783 0.0125798 0.00902563 0.00608641
 0.00763976 0.0125058 0.0189986 0.027111 0.0365962 0.0468085 0.0566761 0.0649674 0.0707332 0.0735999 0.0737312 0.0715859 0.0677002 0.0625829 0.0566823 0.0503716 0.0439451 0.037626 0.031578 0.0259158 0.0207151 0.0160296 0.0119091 0.00840935 0.00558128
 0.0077151 0.0126205 0.0191567 0.0273103 0.0368284 0.0470603 0.0569302 0.0652047 0.0709376 0.0737629 0.0738546 0.0716809 0.0677816 0.0626628 0.0567638 0.050445 0.0439873 0.0376042 0.0314589 0.0256782 0.0203613 0.01559 0.011436 0.00796178 0.00520676
 0.00774365 0.0126705 0.0192382 0.0274336 0.0370006 0.0472799 0.057183 0.065465 0.0711748 0.0739513 0.0739811 0.0717469 0.0677999 0.0626519 0.056741 0.0504198 0.0439574 0.0375547 0.0313667 0.0255213 0.0201305 0.0152963 0.0111104 0.00764536 0.00493605
 0.00780214 0.0127546 0.0193448 0.0275541 0.0371247 0.0474013 0.0573026 0.0655882 0.0713055 0.0740855 0.0741059 0.0718452 0.0678585 0.0626671 0.0567192 0.0503731 0.043896 0.0374813 0.0312747 0.0253985 0.0199675 0.0150949 0.0108865 0.00742452 0.00474388
 0.00783404 0.0128052 0.019418 0.0276512 0.0372426 0.0475307 0.0574282 0.065693 0.0713774 0.0741237 0.0741205 0.0718505 0.0678642 0.0626738 0.0567211 0.0503635 0.0438714 0.0374405 0.0312161 0.0253183 0.0198618 0.0149642 0.0107396 0.0072771 0.00461308
 0.00785087 0.012828 0.0194442 0.0276759 0.037261 0.0475404 0.0574308 0.065693 0.0713793 0.0741295 0.0741301 0.0718638 0.0678833 0.0627017 0.0567583 0.0504064 0.0439123 0.0374708 0.0312281 0.0253066 0.0198239 0.0149015 0.0106589 0.00718973 0.00453161
 0.00784414 0.0128177 0.0194296 0.0276565 0.0372358 0.0475081 0.0573903 0.0656447 0.071327 0.0740806 0.0740943 0.0718498 0.0678957 0.0627402 0.0568188 0.0504819 0.0439942 0.0375494 0.0312936 0.0253508 0.0198417 0.014893 0.0106288 0.00714697 0.0044864
 0.00787322 0.0128559 0.0194705 0.0276888 0.0372469 0.0474892 0.0573404 0.0655711 0.0712416 0.0739959 0.0740201 0.0717936 0.0678628 0.0627339 0.0568395 0.0505265 0.0440561 0.0376194 0.0313615 0.025407 0.0198793 0.014909 0.0106253 0.0071297 0.00446305
 0.00788239 0.0128693 0.0194876 0.0277069 0.0372606 0.0474904 0.0573195 0.06552 0.0711581 0.0738871 0.0739024 0.0716872 0.0677856 0.0626966 0.0568442 0.0505684 0.0441263 0.0377065 0.0314533 0.025492 0.0199483 0.0149569 0.0106516 0.00713842 0.00446039
 0.00787549 0.0128583 0.0194712 0.0276844 0.0372316 0.047455 0.0572783 0.0654734 0.071106 0.0738289 0.0738388 0.0716223 0.0677276 0.0626564 0.056832 0.0505894 0.0441791 0.0377837 0.0315438 0.0255835 0.0200299 0.0150209 0.0106953 0.00716342 0.00447132
 0.00786504 0.012841 0.0194448 0.0276467 0.0371813 0.0473929 0.0572076 0.0654 0.071037 0.0737704 0.0737939 0.0715913 0.0677096 0.062651 0.0568408 0.0506157 0.0442256 0.0378499 0.0316246 0.0256702 0.0201125 0.015091 0.010748 0.00719816 0.00449103
 0.00785163 0.0128148 0.0193973 0.0275682 0.0370635 0.0472341 0.0570164 0.0651957 0.0708448 0.0736148 0.0736926 0.0715517 0.0677293 0.0627205 0.0569469 0.0507459 0.0443696 0.038 0.0317746 0.0258133 0.0202413 0.0151989 0.010831 0.00725602 0.00452729
 0.00782385 0.012769 0.0193274 0.0274674 0.0369265 0.047058 0.0568041 0.0649578 0.0706003 0.0733888 0.0735123 0.0714405 0.0677008 0.0627757 0.057075 0.0509275 0.044583 0.0382251 0.0319953 0.0260174 0.0204199 0.015346 0.0109438 0.00733588 0.00457881
 0.00782749 0.0127715 0.0193247 0.0274532 0.0368933 0.0469992 0.0567157 0.0648394 0.0704558 0.0732264 0.0733447 0.0712851 0.0675775 0.0627027 0.0570637 0.0509796 0.0446896 0.0383703 0.03216 0.0261837 0.0205735 0.015477 0.0110471 0.00741062 0.00462821
 0.00779647 0.0127255 0.0192634 0.0273791 0.0368098 0.0469092 0.0566206 0.0647394 0.0703512 0.0731195 0.0732402 0.0711901 0.0675014 0.0626559 0.0570562 0.0510183 0.0447757 0.0384973 0.0323147 0.0263493 0.0207331 0.0156171 0.0111596 0.00749325 0.00468352
 0.00775668 0.012659 0.0191606 0.0272312 0.036613 0.046669 0.0563549 0.064477 0.0701237 0.0729514 0.0731428 0.0711613 0.0675311 0.0627324 0.0571703 0.0511642 0.0449492 0.0386933 0.0325249 0.0265614 0.0209327 0.0157912 0.0112995 0.00759638 0.00475283
 0.00771258 0.0125864 0.0190495 0.0270721 0.0363987 0.0463987 0.056038 0.0641353 0.0697898 0.0726626 0.0729331 0.0710536 0.0675322 0.0628333 0.0573508 0.0514001 0.0452182 0.0389777 0.0328101 0.0268345 0.0211812 0.016004 0.0114692 0.00772127 0.00483694
 0.00930864 0.0148191 0.0217411 0.0298334 0.038742 0.0479177 0.0565507 0.0637116 0.0686694 0.0711353 0.0712497 0.069393 0.066005 0.0614987 0.0562313 0.0504931 0.0445058 0.0384345 0.0324099 0.0265521 0.0209932 0.015888 0.0114043 0.00768911 0.00482345
 0.00927031 0.015058 0.0226315 0.0318419 0.0422242 0.0528443 0.0623335 0.0692989 0.0729204 0.0732698 0.0711062 0.067371 0.06279 0.0577694 0.0524909 0.0470387 0.0414757 0.0358712 0.0303063 0.0248784 0.019708 0.0149427 0.0107443 0.0072558 0.0045584
 0.008947 0.0145418 0.021895 0.0309242 0.0412902 0.0522262 0.0624951 0.0706706 0.0756439 0.0770059 0.0750737 0.0706455 0.0646924 0.0581033 0.0515146 0.0452486 0.0393703 0.0338129 0.0284967 0.0233962 0.0185595 0.0140975 0.0101555 0.00687035 0.00432326
 0.00879891 0.0142906 0.0214974 0.0303353 0.0404785 0.0512046 0.0613622 0.0696432 0.0750451 0.0771787 0.0762276 0.0727042 0.0672519 0.0605626 0.0533229 0.0461205 0.0393459 0.0331591 0.0275438 0.0224125 0.0177042 0.0134333 0.00968312 0.0065597 0.00413428
 0.00871955 0.0141607 0.0212996 0.03005 0.0400854 0.0506861 0.0607124 0.0688831 0.0742433 0.0764682 0.0758015 0.0727682 0.067933 0.0618149 0.0548994 0.0476523 0.0404957 0.0337542 0.0276132 0.0221232 0.0172572 0.0129853 0.00931866 0.00630245 0.00397227
 0.00870288 0.0141257 0.0212322 0.029932 0.0398977 0.0504152 0.0603547 0.0684469 0.0737475 0.075945 0.0753048 0.0723835 0.0677731 0.0619858 0.0554427 0.0484967 0.0414602 0.034616 0.0282025 0.0223857 0.0172504 0.0128235 0.00911183 0.00612076 0.00384267
 0.00867526 0.0140857 0.0211804 0.0298705 0.0398269 0.0503304 0.0602447 0.0682961 0.0735427 0.0756828 0.0749967 0.0720608 0.0674875 0.0618064 0.0554404 0.0487145 0.0418811 0.0351538 0.0287295 0.0227873 0.0174719 0.0128804 0.00906335 0.00603205 0.00375865
 0.0086667 0.0140679 0.0211467 0.0298133 0.0397408 0.0502157 0.0601094 0.0681534 0.0734045 0.0755525 0.0748693 0.0719281 0.0673495 0.0616801 0.0553608 0.0487246 0.0420119 0.0354024 0.0290511 0.0231101 0.0177282 0.0130353 0.00912266 0.00602785 0.00372729
 0.00865455 0.0140505 0.0211246 0.0297876 0.0397117 0.0501812 0.0600648 0.0680937 0.0733272 0.0754608 0.0747703 0.0718293 0.0672559 0.0615951 0.0552916 0.0486867 0.0420263 0.0354849 0.0291992 0.0232974 0.0179139 0.0131822 0.00921289 0.0060661 0.00373167
 0.00864548 0.0140361 0.0211038 0.0297599 0.0396778 0.0501431 0.0600257 0.0680566 0.0732936 0.075429 0.0747365 0.0717903 0.0672106 0.0615463 0.055245 0.0486508 0.0420126 0.0355051 0.0292595 0.0233928 0.0180268 0.0132889 0.00929452 0.00611552 0.00375354
 0.00865985 0.0140584 0.0211352 0.0298005 0.0397262 0.0501958 0.0600774 0.0681006 0.0733231 0.0754389 0.0747242 0.0717552 0.0671545 0.0614727 0.0551599 0.0485633 0.0419337 0.0354465 0.0292304 0.0233961 0.0180566 0.0133327 0.00933777 0.00614806 0.00377227
 0.00863602 0.0140232 0.0210887 0.0297455 0.0396674 0.050139 0.0600286 0.0680649 0.0733042 0.0754378 0.074739 0.0717814 0.067186 0.0615032 0.0551847 0.0485802 0.0419445 0.0354561 0.0292452 0.023421 0.0180923 0.0133749 0.0093791 0.00618184 0.00379527
 0.00862267 0.0140009 0.0210544 0.0296964 0.0396026 0.050061 0.0599443 0.0679853 0.0732411 0.0754004 0.0747311 0.0718011 0.0672268 0.0615565 0.055242 0.0486347 0.0419922 0.0354964 0.0292804 0.0234546 0.0181269 0.0134102 0.00941252 0.00620994 0.00381578
 0.00862507 0.0140024 0.0210523 0.0296865 0.0395802 0.0500225 0.0598892 0.0679167 0.0731662 0.0753291 0.0746739 0.0717664 0.0672189 0.0615745 0.0552802 0.0486849 0.0420462 0.0355482 0.029327 0.0234956 0.0181633 0.0134429 0.00944116 0.0062334 0.00383317
 0.00861226 0.0139857 0.0210346 0.0296725 0.0395743 0.0500263 0.059899 0.067925 0.0731643 0.0753116 0.0746412 0.0717249 0.0671784 0.0615445 0.0552667 0.0486893 0.0420653 0.0355765 0.029359 0.0235272 0.0181924 0.0134686 0.00946302 0.00625104 0.00384631
 0.00861226 0.0139857 0.0210346 0.0296725 0.0395743 0.0500263 0.059899 0.067925 0.0731643 0.0753116 0.0746412 0.0717249 0.0671784 0.0615445 0.0552667 0.0486893 0.0420653 0.0355765 0.029359 0.0235272 0.0181924 0.0134686 0.00946302 0.00625104 0.00384631
 0.00899623 0.0145892 0.0219013 0.0308222 0.0409906 0.0516426 0.0615883 0.0695074 0.0744412 0.0761161 0.0748807 0.0713979 0.0663637 0.0603738 0.0538921 0.0472538 0.0406839 0.034328 0.0282877 0.0226502 0.0175072 0.0129597 0.00910615 0.00601669 0.00370342
 0.00886826 0.0144293 0.0217505 0.0307499 0.0410788 0.0519575 0.0621542 0.070294 0.0753683 0.077069 0.075732 0.0720309 0.0666964 0.0603754 0.0535879 0.0467148 0.0400053 0.0336053 0.0275992 0.0220481 0.0170176 0.0125875 0.00884173 0.00584171 0.00359624
 0.00889103 0.0144413 0.0217254 0.0306565 0.0408995 0.051713 0.0619165 0.070172 0.0754658 0.0774361 0.0763366 0.0727671 0.0674209 0.0609538 0.0539291 0.0467876 0.039836 0.0332607 0.0271626 0.0215976 0.0166108 0.0122567 0.00859634 0.00567485 0.00349221
 0.00869489 0.0141339 0.0212841 0.0300678 0.0401623 0.050844 0.0609607 0.0692126 0.0746244 0.0768548 0.0761425 0.0730285 0.0681151 0.0619654 0.055083 0.0479029 0.040775 0.0339551 0.0276115 0.0218455 0.0167207 0.0122875 0.00859106 0.00565913 0.00347778
 0.00896324 0.01453 0.0218041 0.0306786 0.0408056 0.0514464 0.0614437 0.0695019 0.074664 0.0766265 0.0756822 0.0724277 0.0674986 0.0614505 0.0547387 0.0477294 0.0407154 0.0339308 0.0275595 0.0217397 0.0165704 0.0121213 0.00843856 0.00553873 0.00339449
 0.00893366 0.0145185 0.0218524 0.0308426 0.0411339 0.0519502 0.0620742 0.0701541 0.0752094 0.0769563 0.0757413 0.0722245 0.0670959 0.0609443 0.0542318 0.0473031 0.0404088 0.0337359 0.027437 0.0216448 0.0164742 0.0120174 0.00833617 0.00545081 0.00332893
 0.00889154 0.0144392 0.0217164 0.0306335 0.0408529 0.0516318 0.0617911 0.0699986 0.0752525 0.0772078 0.0761375 0.0726546 0.0674511 0.0611607 0.0543057 0.0472776 0.0403438 0.0336794 0.0274092 0.02164 0.0164748 0.0120093 0.00831571 0.00542326 0.00330204
#pred catch len freq
 0.00532879 0.00839213 0.0121602 0.0165012 0.0213194 0.0265388 0.0320222 0.0375308 0.0427699 0.0474685 0.0514284 0.054538 0.0567726 0.0581803 0.0588475 0.0588589 0.0582728 0.05711 0.0553364 0.0528299 0.0493644 0.0446733 0.0386229 0.0314233 0.0237095
 0.00566798 0.00886181 0.0127215 0.0170822 0.0218549 0.0270223 0.032533 0.0382037 0.0437155 0.0486886 0.0527817 0.0557808 0.0576512 0.0585261 0.0586305 0.0581829 0.0573212 0.0560662 0.0543151 0.0518495 0.0483746 0.0436196 0.0375067 0.0303179 0.0227244
 0.00619994 0.00967054 0.01383 0.018464 0.0234306 0.0286666 0.0340936 0.03954 0.0447512 0.0494466 0.0533625 0.0562839 0.0580899 0.0588001 0.0585794 0.0576811 0.0563486 0.0547144 0.0527329 0.0501749 0.0466961 0.0419859 0.035963 0.0289291 0.0215653
 0.0066463 0.0103745 0.0148492 0.0198382 0.025174 0.0307549 0.0364437 0.0419962 0.0470957 0.0514438 0.0548252 0.0571296 0.058351 0.0585765 0.0579625 0.0567048 0.0550009 0.0529908 0.0506838 0.0479106 0.0443583 0.0397155 0.0338845 0.0271448 0.0201447
 0.00714045 0.0111333 0.0159112 0.0212169 0.0268676 0.0327549 0.0387322 0.0445262 0.0497653 0.0540802 0.0571952 0.0589818 0.0594815 0.0588858 0.0574708 0.0555169 0.0532462 0.0507832 0.0481224 0.0451066 0.0414565 0.03689 0.0313121 0.0249706 0.0184523
 0.00764157 0.0119078 0.0170028 0.0226426 0.0286203 0.0348084 0.0410405 0.0470204 0.0523529 0.0566468 0.0596019 0.0610619 0.0610471 0.0597559 0.0575158 0.054696 0.0516152 0.0484705 0.0452943 0.0419467 0.0381637 0.0336782 0.0283927 0.0225163 0.0165598
 0.00803438 0.0125211 0.0178801 0.0238109 0.0300908 0.0365754 0.0430755 0.0492642 0.0547139 0.0590087 0.0618356 0.063035 0.0626279 0.0608141 0.0579289 0.0543671 0.0504997 0.0465986 0.0427768 0.038964 0.0349455 0.0304787 0.0254576 0.0200415 0.014654
 0.00840954 0.0131063 0.0187161 0.0249226 0.0314877 0.038252 0.0450049 0.0513903 0.0569485 0.0612365 0.0639267 0.0648586 0.0640647 0.0617635 0.058309 0.0541127 0.0495666 0.0449797 0.0405245 0.0362073 0.0318892 0.0273792 0.0225782 0.0175978 0.012768
 0.00873745 0.0136232 0.0194646 0.0259342 0.0327804 0.0398258 0.0468336 0.0534134 0.0590714 0.0633399 0.0658803 0.0665356 0.0653542 0.062579 0.0585904 0.0538222 0.0486847 0.0435073 0.0384978 0.0337193 0.0291032 0.02452 0.0198936 0.0153013 0.0109872
 0.00901634 0.0140599 0.020092 0.0267755 0.03385 0.041129 0.0483602 0.0551284 0.0609083 0.0652009 0.0676453 0.0680773 0.0665562 0.0633503 0.0588721 0.0535849 0.0479219 0.0422318 0.0367472 0.0315707 0.0266889 0.0220266 0.0175349 0.0132692 0.00940212
 0.00928381 0.0144706 0.0206662 0.0275189 0.0347579 0.0421911 0.0495619 0.0564461 0.0623042 0.0666197 0.0690141 0.0693101 0.0675615 0.0640425 0.0591824 0.0534686 0.0473596 0.041229 0.0353359 0.0298171 0.0247025 0.019961 0.0155678 0.0115635 0.00806395
 0.00958698 0.0149275 0.0212874 0.0282923 0.0356552 0.0431782 0.0506057 0.0575146 0.063364 0.0676349 0.0699467 0.0701197 0.068205 0.0644746 0.0593575 0.0533458 0.0469092 0.0404389 0.0342189 0.028419 0.0231086 0.0182943 0.0139726 0.0101738 0.00696878
 0.00974585 0.0151873 0.0216804 0.0288471 0.0363885 0.0440832 0.0516422 0.0586105 0.0644308 0.068591 0.0707348 0.0707116 0.0685939 0.0646631 0.0593467 0.0531299 0.0464757 0.0397755 0.0333247 0.0273172 0.0218562 0.0169823 0.0127126 0.00907184 0.00609709
 0.00983326 0.0153279 0.0218908 0.0291458 0.0367971 0.0446253 0.0523356 0.0594543 0.0653912 0.0695952 0.071681 0.0714943 0.0691338 0.0649246 0.0593367 0.0528793 0.0460196 0.0391407 0.0325312 0.0263885 0.020833 0.0159286 0.0117091 0.00819737 0.005406
 0.00978027 0.0152464 0.0217778 0.0290047 0.0366403 0.0444779 0.0522377 0.0594582 0.0655509 0.0699486 0.0722311 0.0721978 0.0699059 0.0656597 0.0599371 0.0532784 0.0461891 0.0390835 0.0322685 0.0259527 0.0202675 0.0152905 0.0110661 0.00761549 0.0049338
 0.00974933 0.0151909 0.0216849 0.0288597 0.0364313 0.0442025 0.0519109 0.0591166 0.0652506 0.0697568 0.0722111 0.0723916 0.0703166 0.0662434 0.0606094 0.0539356 0.0467353 0.039452 0.0324307 0.0259148 0.020063 0.0149716 0.0106948 0.00725208 0.00462445
 0.00984322 0.0153156 0.0218205 0.0289689 0.0364683 0.0441276 0.0517046 0.0587871 0.0648336 0.0693105 0.0718081 0.0721068 0.0702114 0.0663488 0.0609136 0.0543833 0.0472404 0.0399212 0.0327872 0.0261157 0.0201036 0.0148804 0.0105199 0.00704672 0.00443285
 0.00981481 0.0152867 0.0218074 0.0289932 0.0365452 0.0442517 0.0518406 0.0588765 0.0648176 0.0691574 0.0715304 0.0717599 0.0698759 0.0661053 0.0608196 0.0544574 0.0474579 0.0402222 0.033096 0.0263645 0.0202514 0.0149199 0.010473 0.0069506 0.00432481
 0.00978489 0.0152428 0.0217512 0.0289325 0.0364954 0.0442347 0.0518801 0.0589867 0.0649895 0.0693513 0.0716852 0.071818 0.0698119 0.0659407 0.060614 0.0542819 0.0473652 0.0402278 0.0331777 0.0264766 0.0203466 0.0149679 0.0104678 0.00690623 0.00426363
 0.00985243 0.0153306 0.0218431 0.0290006 0.0365089 0.0441743 0.0517496 0.0588159 0.0648248 0.0692381 0.0716494 0.0718541 0.069886 0.066008 0.0606427 0.054269 0.0473348 0.0402126 0.0331983 0.0265306 0.0204133 0.0150223 0.0104944 0.00690387 0.00424219
 0.00976868 0.0152172 0.0217133 0.0288777 0.0364164 0.0441212 0.0517229 0.0587861 0.0647645 0.0691415 0.0715394 0.071771 0.0698652 0.066061 0.0607533 0.0544057 0.0474694 0.0403326 0.0333052 0.02663 0.020505 0.0150995 0.0105491 0.00693334 0.00425078
 0.00977377 0.015214 0.0216883 0.0288145 0.0363031 0.0439606 0.0515369 0.0586094 0.0646278 0.0690568 0.0714973 0.0717539 0.0698635 0.0660799 0.060805 0.0544964 0.0475921 0.040471 0.0334427 0.0267553 0.0206125 0.0151861 0.0106128 0.00697427 0.0042723
 0.00997888 0.0155067 0.0220526 0.0292077 0.0366657 0.0442339 0.0516794 0.0586064 0.0644931 0.0688264 0.0712178 0.0714676 0.0695978 0.0658461 0.0606057 0.0543334 0.0474687 0.0403884 0.0333967 0.0267373 0.0206125 0.0151948 0.0106234 0.00698254 0.00427659
 0.00987968 0.0153811 0.0219283 0.0291286 0.0366755 0.0443514 0.0518821 0.0588336 0.064671 0.0689005 0.071174 0.071333 0.0694225 0.0656802 0.0604825 0.0542648 0.0474504 0.0404086 0.0334425 0.0267968 0.0206752 0.0152524 0.0106704 0.00701659 0.00429834
 0.00971243 0.015132 0.0215976 0.028737 0.0362641 0.0439781 0.0516123 0.0587239 0.0647469 0.0691397 0.0715092 0.0716777 0.0697072 0.0658762 0.0606017 0.0543406 0.0475156 0.0404823 0.0335287 0.0268899 0.0207661 0.0153329 0.0107351 0.00706369 0.00432925
 0.00955083 0.0148867 0.0212611 0.0283145 0.0357732 0.0434477 0.0510833 0.0582509 0.064394 0.0689673 0.0715535 0.0719329 0.0701215 0.0663685 0.0610909 0.0547721 0.0478702 0.0407676 0.033762 0.0270852 0.0209298 0.015466 0.0108372 0.0071364 0.0043767
