SBPRF35
7.78865
Curr Bio
558963
B35
695157
F35
0.227651
FOFL
0.201043
OFL
93778
Bzero
2.22533e+006
#pred survey bio
 4.76577e+006 4.4548e+006 4.16896e+006 3.85941e+006 3.52713e+006 3.17558e+006 2.84915e+006 2.50556e+006 2.21488e+006 1.94904e+006 1.72216e+006 1.5253e+006 1.35727e+006 1.19148e+006 1.0574e+006 926212 816562 751580 701424 668986 639032 609910 586434 578847 561311 560302 557436 554120 552616 561366 562974 558520 543181 542742 536650 522032 518421 508584 507649 513960 525269 533358 538681 548139 549237 569566 583112 590106 593373 611941 605333 551631 548361 539011 535344 523648 514183 557593 2.15691e+007 1.33607e+007 1.37819e+007 1.43351e+007 1.49408e+007 1.5509e+007 1.59948e+007 1.63862e+007 1.66894e+007 1.69183e+007 1.70883e+007 1.72135e+007 1.73053e+007 1.73726e+007 1.74221e+007 1.74587e+007 1.74858e+007 1.7506e+007 1.75211e+007 1.75325e+007 1.75412e+007 1.75478e+007 1.75528e+007 1.75566e+007 1.75595e+007 1.75617e+007 1.75635e+007 1.75648e+007 1.75658e+007 1.75666e+007 1.75672e+007 1.75677e+007 1.7568e+007 1.75683e+007 1.75685e+007 1.75687e+007 1.75688e+007 1.75689e+007 1.7569e+007 1.75691e+007 1.75691e+007 1.75692e+007 1.75692e+007 1.75692e+007 1.75692e+007 1.75692e+007 1.75692e+007 1.75693e+007 1.75693e+007 1.75693e+007 1.75693e+007 1.75693e+007 1.75693e+007 1.75693e+007 1.75693e+007 1.75693e+007 1.75693e+007 1.75693e+007 1.75693e+007 1.75693e+007 1.75693e+007 1.75693e+007 1.75693e+007 1.75693e+007 1.75693e+007 1.75693e+007 1.75693e+007 1.75693e+007 1.75693e+007 1.75693e+007 1.75693e+007 1.75693e+007 1.75693e+007 1.75693e+007 1.75693e+007 1.75693e+007 1.75693e+007 1.75693e+007 1.75693e+007 1.75693e+007 1.75693e+007 1.75693e+007 1.75693e+007 1.75693e+007 1.75693e+007 1.75693e+007 1.75693e+007 1.75693e+007 1.75693e+007 1.75693e+007 1.75693e+007 1.75693e+007 1.75693e+007 1.75693e+007 1.75693e+007 1.75693e+007 1.75693e+007 1.75693e+007 1.75693e+007 1.75693e+007 0 0 0 0 0 0 0 0 0 0 0 0 0 0 0 0 0 0 0 0 0 0 0 0 0
#obs survey bio
 3.73328e+006 3.95652e+006 3.35215e+006 2.99742e+006 4.51924e+006 2.74745e+006 3.73167e+006 2.39624e+006 1.74285e+006 2.56476e+006 1.06293e+006 1.26392e+006 1.15299e+006 1.16212e+006 793374 1.03817e+006 731179 781406 639608 500372 406502 782208 486757 546167 589052 428169 472878 581029 480105 493995 530304 565388 392487 540436 416290 771743 407717 690272 471920 417319 626607 470163 468867 624754 633422 614832 505291 495181 794716 703574 656904 597115 419458 812452 579333 460555 467833 746846
#pred catch bio
 108998 106880 155479 206717 257750 268680 316840 299002 302629 289224 279433 265715 270345 245122 241747 219351 176799 160540 142713 138674 135684 128490 113517 119773 103416 103462 102189 99108.9 89590.8 94476 97164.7 102986 87618.5 90374.4 94901.1 84907.6 93808.5 91341.7 89272.1 87302.9 90636.9 92861.2 89510.9 96695.3 81312 88440.6 94731.7 98353.9 86346.7 107933 145189 100687 106267 101348 108992 110224 72761.5 67353 93778 107946 110378 113659 117676 121539 124783 127298 129149 130460 131361 131968 132369 132630 132799 132907 132976 133019 133047 133064 133075 133081 133085 133088 133090 133091 133091 133092 133092 133092 133092 133092 133092 133092 133092 133092 133092 133092 133092 133092 133092 133092 133092 133092 133092 133092 133092 133092 133092 133092 133092 133092 133092 133092 133092 133092 133092 133092 133092 133092 133092 133092 133092 133092 133092 133092 133092 133092 133092 133092 133092 133092 133092 133092 133092 133092 133092 133092 133092 133092 133092 133092 133092 133092 133092 133092 133092 133092 133092 133092 133092 133092 133092 133092 133092 133092 133092 133092 133092 133092 0 0 0 0 0 0 0 0 0 0 0 0 0 0 0 0 0 0 0 0 0 0 0 0 0
#obs catch bio
 0 106669 155960 207788 259345 270589 320077 302050 307565 293426 285327 271518 276611 249971 247259 222935 179051 161841 143607 140291 137967 129860 115220 122099 104308 104516 103328 99783.2 90250.6 95207.7 97740.1 103505 87558.1 90580.3 95678.2 84786.8 94199.7 91085.8 89473.9 87599.8 90656.1 92756.7 89293.4 96629 80974.1 88282.2 94389.3 98184.3 85649.7 107234 145179 99947.6 105770 100408 107849 110093 72709.1 67258.6
#pred cpue bio
 4.68264e+006 4.37493e+006 4.09157e+006 3.78359e+006 3.45363e+006 3.10451e+006 2.78022e+006 2.43927e+006 2.15059e+006 1.88678e+006 1.66177e+006 1.46679e+006 1.30099e+006 1.13822e+006 1.00695e+006 879111 772728 710024 661796 630492 601473 573440 550914 543755 527330 526884 524473 521621 520479 529222 531268 527661 513482 513466 507986 494308 490293 478921 476402 481983 493130 501386 506756 515949 517010 536601 549708 556434 559504 577443 571150 519148 515638 506497 502955 491023 480292 520642 2.0211e+007 1.25583e+007 1.29412e+007 1.34289e+007 1.40089e+007 1.4571e+007 1.50556e+007 1.54468e+007 1.575e+007 1.59789e+007 1.61489e+007 1.62741e+007 1.63659e+007 1.64332e+007 1.64827e+007 1.65192e+007 1.65463e+007 1.65665e+007 1.65817e+007 1.65931e+007 1.66018e+007 1.66083e+007 1.66133e+007 1.66171e+007 1.66201e+007 1.66223e+007 1.6624e+007 1.66254e+007 1.66264e+007 1.66272e+007 1.66278e+007 1.66282e+007 1.66286e+007 1.66289e+007 1.66291e+007 1.66293e+007 1.66294e+007 1.66295e+007 1.66296e+007 1.66296e+007 1.66297e+007 1.66297e+007 1.66298e+007 1.66298e+007 1.66298e+007 1.66298e+007 1.66298e+007 1.66298e+007 1.66298e+007 1.66298e+007 1.66298e+007 1.66298e+007 1.66298e+007 1.66298e+007 1.66299e+007 1.66299e+007 1.66299e+007 1.66299e+007 1.66299e+007 1.66299e+007 1.66299e+007 1.66299e+007 1.66299e+007 1.66299e+007 1.66299e+007 1.66299e+007 1.66299e+007 1.66299e+007 1.66299e+007 1.66299e+007 1.66299e+007 1.66299e+007 1.66299e+007 1.66299e+007 1.66299e+007 1.66299e+007 1.66299e+007 1.66299e+007 1.66299e+007 1.66299e+007 1.66299e+007 1.66299e+007 1.66299e+007 1.66299e+007 1.66299e+007 1.66299e+007 1.66299e+007 1.66299e+007 1.66299e+007 1.66299e+007 1.66299e+007 1.66299e+007 1.66299e+007 1.66299e+007 1.66299e+007 1.66299e+007 1.66299e+007 1.66299e+007 1.66299e+007 1.66299e+007 0 0 0 0 0 0 0 0 0 0 0 0 0 0 0 0 0 0 0 0 0 0 0 0 0
#obs cpue bio
 2.45839e+006 3.51611e+006 3.61351e+006 3.41614e+006 3.3811e+006 2.20924e+006 2.41247e+006 1.8335e+006 1.5908e+006 1.43199e+006 1.38458e+006 1.30609e+006 1.37148e+006 990515 1.01624e+006 874799 696183 789657 656548 542449 580885 529727 336153 443524 617500 572660 492529 599094 423464 595490 580654 610238 809703 441794 445121 527223 492983 541257 350533 500937 541717 651455 599064 499249 470449 496771 772672 647513 581644 517642 483772 542065 766159 462974 586550 394906 350137 460766
#pred surv len freq
 0.00458513 0.00741203 0.0111015 0.0156347 0.0209303 0.0267801 0.0328055 0.0385285 0.0435356 0.0476062 0.0507225 0.0529981 0.0546012 0.0556997 0.0564198 0.056821 0.0568946 0.0565744 0.055732 0.0541433 0.0514694 0.0473276 0.0414953 0.0341597 0.0260216
 0.00489786 0.00784681 0.0116244 0.0161806 0.0214372 0.0272335 0.0332599 0.0390797 0.0442509 0.0484556 0.0515592 0.0536074 0.0547913 0.0553857 0.0556605 0.0557958 0.0558353 0.0556799 0.0550995 0.0537459 0.0511904 0.0470347 0.0411118 0.0336938 0.0255422
 0.00501977 0.00808184 0.0120409 0.016851 0.0224049 0.0284718 0.0346521 0.0404492 0.0454345 0.0493724 0.0522207 0.0540595 0.0550384 0.0553638 0.0552812 0.055024 0.0547388 0.0544145 0.0538405 0.0526139 0.0502164 0.0461829 0.0403349 0.0329781 0.0249139
 0.00517748 0.00832566 0.0123889 0.0173231 0.0230325 0.0293026 0.0357384 0.0418128 0.0470251 0.0510494 0.0537834 0.0553144 0.0558606 0.0557092 0.0551542 0.0544445 0.0537419 0.0530747 0.0522824 0.0509862 0.0486478 0.0447536 0.0390825 0.0319213 0.0240674
 0.00540439 0.00868389 0.0129078 0.0180223 0.0239189 0.0303682 0.03696 0.0431572 0.0484575 0.0525335 0.0552653 0.0567015 0.0570183 0.0564882 0.0554342 0.0541646 0.0529068 0.051746 0.0505699 0.0490379 0.0466296 0.0428214 0.0373593 0.0304866 0.0229568
 0.005643 0.00907115 0.0134895 0.0188409 0.0250053 0.0317293 0.0385645 0.0449308 0.0502934 0.0543162 0.056894 0.0580991 0.0581233 0.0572367 0.05575 0.0539682 0.0521414 0.0504064 0.0487198 0.0468098 0.0442087 0.0404159 0.0351625 0.0286424 0.0215376
 0.00589405 0.00947007 0.014074 0.0196432 0.026051 0.0330326 0.0401186 0.046697 0.052196 0.0562462 0.0587225 0.0596979 0.059384 0.0580811 0.0561246 0.053831 0.0514555 0.0491513 0.0469175 0.0445512 0.0416609 0.0378019 0.0327169 0.0265579 0.0199233
 0.00624813 0.0100292 0.0148849 0.0207397 0.0274494 0.0347255 0.042066 0.0488217 0.0543902 0.0583859 0.0606824 0.0613605 0.0606461 0.0588602 0.0563634 0.0534967 0.0505338 0.0476445 0.0448559 0.0420162 0.0388067 0.0348525 0.0299289 0.0241586 0.0180529
 0.00653433 0.010494 0.0155838 0.0217244 0.028759 0.0363715 0.0440157 0.0509918 0.0566554 0.0606018 0.0627075 0.063072 0.0619458 0.0596748 0.0566414 0.0532049 0.0496549 0.0461797 0.0428352 0.0395174 0.0359745 0.0319014 0.0271132 0.0217135 0.0161322
 0.00687146 0.0110243 0.0163504 0.0227592 0.0300824 0.0379888 0.0459086 0.053106 0.0588961 0.062838 0.0647881 0.0648468 0.0632878 0.0604938 0.0568869 0.0528575 0.0487153 0.0446639 0.0407814 0.0370043 0.0331414 0.0289536 0.0242966 0.01926 0.0141975
 0.00714258 0.0114667 0.0170191 0.0237059 0.0313451 0.0395762 0.0477841 0.0551846 0.0610572 0.0649489 0.0667223 0.0664913 0.0645437 0.0612793 0.0571418 0.0525478 0.047833 0.0432253 0.0388292 0.034619 0.0304572 0.0261627 0.0216283 0.0169316 0.0123569
 0.0073309 0.0117807 0.0175073 0.0244215 0.0323384 0.0408807 0.0493987 0.0570602 0.0630951 0.0670126 0.0686585 0.0681539 0.0658146 0.0620778 0.0574231 0.0522937 0.0470446 0.0419206 0.0370495 0.032441 0.0280062 0.0236156 0.0191936 0.0148061 0.0106749
 0.00748781 0.0120361 0.0178934 0.0249719 0.0330861 0.0418525 0.0506062 0.0584892 0.0646991 0.068711 0.0703407 0.0696915 0.0670789 0.0629597 0.0578472 0.052222 0.0464712 0.0408649 0.0355545 0.0305805 0.0258948 0.0214113 0.0170809 0.0129582 0.00921031
 0.00771189 0.0123957 0.0184259 0.0257095 0.0340504 0.0430461 0.0520028 0.0600301 0.0662993 0.0702728 0.0717675 0.0708952 0.0679838 0.0635043 0.0579875 0.0519341 0.0457533 0.0397372 0.0340602 0.0287906 0.0239146 0.0193803 0.0151585 0.0112914 0.00789713
 0.00781716 0.0125804 0.0187293 0.0261776 0.0347267 0.0439568 0.0531411 0.0613485 0.0677151 0.0716834 0.0730677 0.0719918 0.0688043 0.0640006 0.0581327 0.0517183 0.0451792 0.0388204 0.0328343 0.0273136 0.0222753 0.0176973 0.0135658 0.00991168 0.0068111
 0.00798968 0.0128565 0.0191379 0.0267452 0.0354763 0.0449027 0.0542799 0.0626485 0.06911 0.0730747 0.0743373 0.0730231 0.0695052 0.064319 0.0580595 0.0512769 0.044411 0.0377733 0.0315593 0.0258711 0.0207424 0.0161707 0.0121519 0.00870558 0.00587235
 0.00819256 0.0131731 0.0195901 0.0273452 0.036226 0.0457929 0.0552874 0.0637341 0.0702204 0.0741471 0.0753041 0.0738154 0.0700576 0.0645784 0.0579953 0.0508875 0.0437223 0.0368314 0.0304221 0.024604 0.0194195 0.0148749 0.0109687 0.00770758 0.00510236
 0.00833873 0.0133864 0.0198663 0.0276663 0.036567 0.0461334 0.0556202 0.0640668 0.0705699 0.0745311 0.0757316 0.0742786 0.0705267 0.0650027 0.0583112 0.0510329 0.0436525 0.0365294 0.0299021 0.023908 0.0186108 0.0140299 0.0101657 0.00701333 0.00455823
 0.00855912 0.0137166 0.0203099 0.0282053 0.0371638 0.0467368 0.0561724 0.0645134 0.0708734 0.0746836 0.0757594 0.0742314 0.0704566 0.0649425 0.0582627 0.0509686 0.043528 0.0363017 0.0295457 0.0234254 0.0180331 0.0134103 0.00956622 0.00648918 0.00414485
 0.00866278 0.0138848 0.0205615 0.0285545 0.0376136 0.0472701 0.0567463 0.0650618 0.0713224 0.0749743 0.0758667 0.0741702 0.070274 0.0646996 0.058013 0.050741 0.0433206 0.0360887 0.0292938 0.0231114 0.0176565 0.012995 0.00915221 0.0061183 0.00384713
 0.00865433 0.0138893 0.0206021 0.028665 0.0378303 0.0476189 0.0572286 0.065647 0.0719494 0.0755626 0.0763335 0.0744513 0.0703411 0.0645678 0.0577327 0.0503779 0.0429324 0.0357092 0.0289309 0.0227573 0.0173032 0.0126454 0.00882212 0.00582968 0.00361765
 0.00878523 0.0140734 0.0208276 0.0289065 0.0380614 0.0478286 0.0574312 0.0658757 0.0722356 0.0759117 0.076713 0.0747979 0.0705828 0.0646502 0.0576374 0.0501257 0.0425717 0.0352963 0.0285118 0.0223592 0.0169376 0.0123166 0.00853542 0.00559218 0.00343489
 0.00883012 0.0141564 0.020969 0.0291266 0.0383696 0.0482108 0.0578443 0.0662581 0.0725325 0.0761007 0.07681 0.0748391 0.0705961 0.0646366 0.0575749 0.0499883 0.0423493 0.0350018 0.0281751 0.0220142 0.0166115 0.0120268 0.00829107 0.00539743 0.00328984
 0.00863704 0.0138714 0.0205952 0.028689 0.0379127 0.0477902 0.0575168 0.0660704 0.0725093 0.0762367 0.0770737 0.0751877 0.0709915 0.0650511 0.0579847 0.0503656 0.0426628 0.0352262 0.028301 0.0220509 0.0165815 0.0119568 0.00820509 0.0053135 0.00321921
 0.00873131 0.0139882 0.0207047 0.0287442 0.0378659 0.0476185 0.0572401 0.0657503 0.0722263 0.0760588 0.0770328 0.0752745 0.0711679 0.06527 0.0582066 0.0505648 0.0428243 0.0353405 0.0283625 0.0220599 0.0165463 0.0118925 0.00812912 0.00524075 0.00315924
 0.0087137 0.0139599 0.0206609 0.0286752 0.0377535 0.0474338 0.0569498 0.0653332 0.0716964 0.0754795 0.0765091 0.0749188 0.0710574 0.0654189 0.058568 0.0510555 0.0433562 0.0358424 0.0287882 0.0223876 0.0167741 0.0120325 0.00820205 0.00526947 0.00316373
 0.00864202 0.0138575 0.0205328 0.0285349 0.0376179 0.0473156 0.0568502 0.0652381 0.0715801 0.0753159 0.0762878 0.0746602 0.0708146 0.065261 0.0585509 0.0511971 0.0436301 0.0361918 0.0291493 0.0227092 0.0170267 0.0122089 0.00831074 0.00532737 0.00318914
 0.00867264 0.0138879 0.0205435 0.0284982 0.0375084 0.0471245 0.0565951 0.0649602 0.0713267 0.0751195 0.0761541 0.0745727 0.0707523 0.0652168 0.0585389 0.051244 0.0437563 0.0363959 0.0294052 0.0229768 0.0172678 0.012399 0.00844295 0.00540841 0.0032326
 0.00864876 0.0138576 0.0205122 0.0284727 0.0374901 0.0471029 0.0565459 0.0648547 0.0711491 0.0748817 0.0758956 0.074344 0.0705919 0.0651393 0.0585379 0.0513062 0.0438719 0.0365586 0.0296054 0.0231958 0.0174807 0.0125824 0.00858287 0.00550288 0.00328897
 0.0084562 0.0135665 0.020116 0.0279817 0.0369313 0.046516 0.0559788 0.0643568 0.0707618 0.0746292 0.0757838 0.074367 0.0707409 0.0654044 0.0589042 0.0517494 0.0443598 0.0370576 0.0300863 0.0236355 0.017861 0.0128909 0.00881447 0.00566212 0.0033883
 0.0082542 0.0132608 0.0196987 0.027462 0.036334 0.0458784 0.0553483 0.0637878 0.0703084 0.0743346 0.0756694 0.0744294 0.0709565 0.06574 0.0593263 0.0522288 0.0448707 0.0375752 0.0305856 0.0240928 0.0182571 0.013213 0.00905844 0.00583252 0.00349704
 0.00818393 0.0131368 0.019495 0.0271509 0.0358957 0.0453144 0.0546924 0.0631055 0.0696819 0.0738405 0.0753609 0.074328 0.0710545 0.066008 0.0597231 0.0527098 0.0453953 0.0381089 0.0310998 0.0245638 0.0186659 0.013547 0.00931298 0.00601194 0.00361298
 0.00831775 0.0133295 0.0197375 0.0274153 0.0361385 0.0454848 0.0547422 0.0630004 0.0694132 0.0734331 0.0748713 0.0738312 0.0706225 0.0656917 0.0595445 0.0526652 0.0454633 0.0382602 0.0313032 0.0247901 0.0188895 0.0137475 0.0094772 0.00613444 0.00369589
 0.00817487 0.0131283 0.0194912 0.0271531 0.0358939 0.0452782 0.0545694 0.0628348 0.0692218 0.0731969 0.0745989 0.0735592 0.0704038 0.0655778 0.0595687 0.0528337 0.0457561 0.0386387 0.0317221 0.0252066 0.0192692 0.0140676 0.00972685 0.00631397 0.00381424
 0.0080809 0.0129772 0.0192688 0.0268524 0.035522 0.0448634 0.0541627 0.0624979 0.0690038 0.073111 0.0746173 0.0736304 0.0704829 0.0656485 0.0596458 0.0529481 0.0459335 0.0388863 0.0320251 0.0255353 0.0195898 0.0143513 0.0099558 0.00648258 0.00392733
 0.00884945 0.0140557 0.0205753 0.0282033 0.036683 0.0456331 0.0544417 0.0623077 0.0684556 0.0723526 0.0737847 0.0728187 0.0697381 0.0649792 0.0590458 0.052417 0.0454844 0.0385384 0.0317906 0.0254099 0.0195525 0.0143719 0.0100041 0.00653559 0.00397173
 0.00944956 0.0150117 0.0219674 0.0300652 0.0389638 0.0481563 0.0568912 0.0642803 0.069585 0.0724484 0.0729032 0.0712204 0.0677686 0.0629457 0.0571515 0.0507587 0.0440884 0.0373992 0.0308937 0.0247367 0.0190778 0.0140616 0.00981822 0.00643472 0.00392281
 0.00947734 0.0151406 0.0223169 0.0307996 0.0402511 0.0500983 0.0594507 0.0672413 0.07257 0.0749947 0.0745799 0.0717535 0.0671226 0.061323 0.0549057 0.0482706 0.0416656 0.0352357 0.0290809 0.0232966 0.0179914 0.0132867 0.00929956 0.00611134 0.00373636
 0.00925007 0.0148063 0.0218858 0.0303218 0.0398265 0.0498774 0.059619 0.0679735 0.0739552 0.0769614 0.0768671 0.0739612 0.0688308 0.0622283 0.0549118 0.0474946 0.0403679 0.0337153 0.0275888 0.0219944 0.0169527 0.0125198 0.00877348 0.00577675 0.00353999
 0.0089914 0.0144068 0.0213254 0.0296004 0.0389698 0.0489455 0.0587155 0.0672487 0.0735897 0.0771229 0.0776496 0.0753263 0.0705848 0.0640581 0.0564772 0.0485399 0.0407975 0.0336 0.0271078 0.0213531 0.0163172 0.0119887 0.0083821 0.00551745 0.00338433
 0.00883984 0.0141545 0.0209356 0.0290376 0.0382104 0.0479941 0.0576213 0.0661123 0.0725541 0.076352 0.0772984 0.0755071 0.0713294 0.0652877 0.0580007 0.0500954 0.0421301 0.0345407 0.0276152 0.0214991 0.0162329 0.0118053 0.0081926 0.0053681 0.00328554
 0.00884504 0.0141481 0.020897 0.0289354 0.0380058 0.0476496 0.0571126 0.0654409 0.0717573 0.0755085 0.076524 0.074937 0.0710884 0.0654536 0.0585723 0.0509796 0.0431602 0.0355255 0.0284004 0.0220116 0.0164869 0.0118725 0.0081593 0.00530252 0.0032259
 0.00885058 0.014161 0.0209225 0.0289772 0.0380608 0.047701 0.0571264 0.0653702 0.0715573 0.0751556 0.0760335 0.0743695 0.070542 0.0650419 0.0583925 0.0510793 0.0435161 0.0360475 0.0289626 0.0224981 0.0168297 0.0120627 0.00823149 0.00530659 0.0032037
 0.00882029 0.0141107 0.0208456 0.0288684 0.0379192 0.047533 0.0569463 0.0651954 0.0713988 0.0750105 0.0758848 0.0741987 0.0703466 0.0648478 0.0582518 0.0510522 0.0436434 0.0363278 0.0293476 0.0229102 0.0171931 0.0123306 0.00839583 0.00538798 0.00323345
 0.00890551 0.0142368 0.0210119 0.0290651 0.0381289 0.0477339 0.0571158 0.0653135 0.0714509 0.074989 0.075789 0.0740314 0.0701133 0.0645605 0.0579355 0.050748 0.0434008 0.0361876 0.0293234 0.0229819 0.0173164 0.0124579 0.00849448 0.00544769 0.00326073
 0.00879004 0.0140602 0.0207668 0.0287523 0.0377565 0.047317 0.0566768 0.0648832 0.0710673 0.0746927 0.0756146 0.073999 0.0702216 0.064786 0.0582401 0.0510922 0.0437562 0.0365412 0.0296716 0.0233192 0.0176289 0.0127261 0.00870231 0.00559079 0.00334736
 0.0087566 0.0140043 0.0206799 0.0286261 0.0375853 0.0471009 0.0564246 0.0646121 0.0707997 0.0744516 0.0754203 0.0738685 0.0701677 0.0648156 0.0583503 0.0512694 0.0439799 0.0367899 0.029928 0.0235702 0.017863 0.0129312 0.0088678 0.00571145 0.00342574
 0.00873059 0.0139708 0.0206454 0.0286006 0.0375781 0.0471142 0.0564496 0.0646304 0.0707909 0.0744014 0.0753271 0.073743 0.0700296 0.0646876 0.0582538 0.0512196 0.0439829 0.0368423 0.0300195 0.0236868 0.0179896 0.0130537 0.00897439 0.00579456 0.00348342
 0.00876063 0.0140122 0.0206944 0.0286504 0.0376224 0.0471517 0.0564855 0.064673 0.0708435 0.0744561 0.0753648 0.0737419 0.069976 0.0645835 0.0581166 0.0510755 0.0438578 0.0367546 0.0299768 0.0236862 0.018021 0.0131032 0.00902863 0.00584313 0.00352059
 0.00856214 0.0137185 0.020306 0.0281863 0.0371141 0.0466338 0.0559909 0.0642336 0.0704938 0.0742325 0.0752977 0.0738434 0.0702318 0.0649549 0.0585524 0.0515273 0.0442912 0.0371513 0.0303297 0.0239937 0.018282 0.0133164 0.00919373 0.00596258 0.0036003
 0.00850978 0.0136445 0.020216 0.0280941 0.0370396 0.0465988 0.0560117 0.0643151 0.0706242 0.0743836 0.0754328 0.0739314 0.0702595 0.0649297 0.0584943 0.0514579 0.044226 0.0370994 0.0302958 0.0239795 0.0182865 0.0133353 0.00922042 0.00599018 0.00362373
 0.00898549 0.0143679 0.0212109 0.029348 0.0385064 0.0482045 0.0576569 0.0658749 0.0719563 0.0753476 0.0759156 0.0738711 0.0696605 0.0638649 0.0570922 0.0498759 0.0426195 0.0355954 0.0289806 0.0228978 0.0174479 0.0127238 0.00880292 0.00572496 0.003468
 0.00886466 0.0142068 0.0210334 0.0291974 0.038433 0.0482463 0.0578258 0.0661572 0.0723246 0.0757737 0.0763728 0.0743255 0.0700634 0.0641572 0.0572223 0.0498213 0.042397 0.0352556 0.0285891 0.0225158 0.0171185 0.0124678 0.00862213 0.0056087 0.00340003
 0.00893972 0.014302 0.0211293 0.0292648 0.0384479 0.0482093 0.0577728 0.0661486 0.0724173 0.0759905 0.0766912 0.0746898 0.0704087 0.0644284 0.0573809 0.0498457 0.0422839 0.035023 0.0282756 0.0221713 0.0167913 0.0121926 0.00841458 0.00546756 0.00331331
 0.00931054 0.0148314 0.0217887 0.0299772 0.0391055 0.0487049 0.0580305 0.0661436 0.0721804 0.0756008 0.076253 0.0742999 0.0701251 0.0642572 0.0572863 0.0497738 0.0421863 0.0348716 0.0280671 0.0219243 0.0165363 0.0119605 0.00822697 0.00533217 0.00322584
 0.00986867 0.0156878 0.0229783 0.0314875 0.0408671 0.0505864 0.05984 0.0676502 0.0731666 0.0759276 0.0759063 0.0733897 0.0688421 0.0628093 0.0558449 0.0484461 0.0410171 0.0338633 0.0272047 0.0211936 0.015931 0.0114792 0.00786617 0.00508103 0.00306536
 0.0100681 0.0160463 0.0235792 0.0324239 0.0422129 0.0523524 0.0619331 0.0698649 0.0752192 0.0775236 0.0768131 0.0734921 0.0681647 0.0615027 0.0541382 0.0465832 0.0392004 0.032225 0.0258076 0.0200511 0.01503 0.010796 0.00737279 0.00474586 0.00285386
 0.00926978 0.014873 0.0220495 0.0306491 0.0403823 0.0506992 0.0606965 0.0692508 0.0753542 0.0784096 0.0783078 0.0753378 0.0700599 0.0631853 0.0554458 0.0474707 0.0397166 0.0324672 0.0258774 0.0200276 0.0149642 0.0107173 0.0072976 0.00468322 0.00280755
#obs surv len freq
 nan nan nan nan nan nan nan nan nan nan nan nan nan nan nan nan nan nan nan nan nan nan nan nan nan
 0.00447744 0.00733573 0.0111632 0.0159785 0.02168 0.027958 0.0342754 0.0400099 0.0446922 0.048158 0.0505173 0.0520141 0.052907 0.0534199 0.0537346 0.0539898 0.0542686 0.0545615 0.0547003 0.0542922 0.0527301 0.0493619 0.043811 0.0362902 0.0276729
 0.00461652 0.00756053 0.0114989 0.0164469 0.0222949 0.028717 0.0351521 0.0409511 0.0456236 0.0489979 0.0511913 0.0524667 0.053108 0.0533661 0.053446 0.0535023 0.053625 0.0538042 0.053868 0.0534217 0.0518598 0.0485344 0.0430706 0.0356743 0.0272022
 0.00478603 0.00783853 0.0119216 0.0170489 0.0231017 0.0297332 0.03635 0.0422663 0.0469639 0.05026 0.052277 0.0532933 0.053615 0.0535186 0.0532379 0.0529549 0.0527817 0.0527227 0.0526137 0.0520642 0.0504741 0.047201 0.0418696 0.0346716 0.0264344
 0.00497301 0.00814704 0.0123944 0.017729 0.0240238 0.0309108 0.0377611 0.0438474 0.0486173 0.0518703 0.0537283 0.0544815 0.0544544 0.0539471 0.05322 0.0524844 0.051882 0.051445 0.0510335 0.0502783 0.0485978 0.0453621 0.0401945 0.0332643 0.025353
 0.00518206 0.00848754 0.0129084 0.018457 0.0249983 0.0321457 0.039239 0.0455139 0.0503856 0.0536343 0.0553761 0.055905 0.0555553 0.0546419 0.053445 0.0522008 0.0510809 0.0501519 0.0493125 0.0482345 0.0463747 0.0431305 0.0381295 0.0315117 0.0239979
 0.00540044 0.00884582 0.0134537 0.0192351 0.0260451 0.0334733 0.0408219 0.0472851 0.0522471 0.0554766 0.0570943 0.0574053 0.0567536 0.0554613 0.0538158 0.0520648 0.0503992 0.048917 0.0475613 0.0460597 0.0439285 0.0406133 0.0357583 0.0294742 0.0224093
 0.0056244 0.00921384 0.014015 0.0200384 0.0271297 0.0348542 0.042475 0.049141 0.0542009 0.0574079 0.0588871 0.0589597 0.0579889 0.0563119 0.0542258 0.0519831 0.0497815 0.0477363 0.0458278 0.0438425 0.0413706 0.0379248 0.0331826 0.0272323 0.0206449
 0.00588042 0.0096302 0.014642 0.0209231 0.0283074 0.036335 0.0442291 0.0510932 0.0562403 0.0594084 0.0607272 0.0605353 0.0592171 0.0571308 0.0545888 0.0518526 0.0491245 0.0465283 0.0440692 0.0415855 0.038742 0.0351299 0.030474 0.0248508 0.0187548
 0.00613672 0.010051 0.0152828 0.0218376 0.0295363 0.0378887 0.0460708 0.0531343 0.0583544 0.061457 0.0625837 0.0620967 0.0604061 0.0578921 0.0548841 0.051654 0.0484095 0.0452811 0.0422928 0.0393254 0.0361126 0.0323238 0.0277384 0.0224293 0.0168205
 0.00636091 0.0104217 0.0158523 0.022659 0.0306537 0.0393206 0.0477931 0.0550731 0.0603952 0.0634658 0.0644287 0.063664 0.0616073 0.0586655 0.055191 0.0514715 0.0477234 0.0440843 0.0405941 0.0371696 0.0336052 0.0296426 0.0251146 0.0200958 0.0149471
 0.00659469 0.0108035 0.0164302 0.0234794 0.0317524 0.0407097 0.0494466 0.0569207 0.0623309 0.0653668 0.066174 0.0651467 0.0627409 0.0593864 0.0554581 0.0512622 0.0470285 0.0429049 0.038947 0.035103 0.0312197 0.0271024 0.0226327 0.0178875 0.0131712
 0.00682906 0.0111873 0.017013 0.024308 0.0328616 0.0421064 0.051095 0.0587383 0.0642018 0.0671649 0.0677848 0.066478 0.0637244 0.0599745 0.0556206 0.0509824 0.0463005 0.0417335 0.0373528 0.0331357 0.0289753 0.0247319 0.0203284 0.015843 0.0115288
 0.00705669 0.0115608 0.0175813 0.0251182 0.0339488 0.0434784 0.0527159 0.060524 0.0660318 0.0689065 0.0693163 0.0677041 0.0645805 0.0604255 0.0556533 0.0505983 0.0455086 0.0405487 0.0358014 0.0312678 0.0268803 0.0225458 0.0182215 0.0139843 0.0100411
 0.00728225 0.011931 0.0181444 0.0259207 0.0350248 0.0448341 0.0543141 0.0622787 0.0678208 0.0705948 0.0707802 0.0688459 0.0653353 0.0607607 0.0555644 0.050101 0.0446297 0.0393203 0.0342625 0.0294741 0.0249166 0.0205333 0.0163073 0.0123117 0.00871142
 0.0074485 0.0122089 0.0185769 0.0265524 0.0358929 0.0459534 0.0556619 0.0637893 0.0693938 0.0721139 0.0721326 0.0699351 0.066089 0.0611346 0.0555421 0.0496898 0.0438548 0.0382189 0.032882 0.0278756 0.0231834 0.0187744 0.0146489 0.010873 0.00757406
 0.00752645 0.0123367 0.0187724 0.0268354 0.0362849 0.0464753 0.0563281 0.0646015 0.0703341 0.0731415 0.0731837 0.0709295 0.0669409 0.0617647 0.0558886 0.0497151 0.0435472 0.0375909 0.0319679 0.0267313 0.0218876 0.0174269 0.0133611 0.00974758 0.00668071
 0.00760211 0.0124509 0.018928 0.0270309 0.0365165 0.0467408 0.0566307 0.0649498 0.0707404 0.0736167 0.0737302 0.0715328 0.0675636 0.0623482 0.0563616 0.0500071 0.0436025 0.0373792 0.0314893 0.0260183 0.0210026 0.0164572 0.0124055 0.00889699 0.00599816
 0.00764702 0.0125198 0.0190238 0.0271528 0.0366599 0.0468979 0.0567918 0.0651068 0.070892 0.0737731 0.0739122 0.0717644 0.0678597 0.0627018 0.056739 0.0503509 0.0438445 0.0374572 0.0313639 0.0256836 0.0204904 0.0158315 0.0117484 0.00828923 0.00549858
 0.00771231 0.0126174 0.0191548 0.0273124 0.0368384 0.0470828 0.0569696 0.0652644 0.0710188 0.0738642 0.0739719 0.0718079 0.0679097 0.0627807 0.0568573 0.0504984 0.0439877 0.0375463 0.0313485 0.025531 0.020199 0.0154337 0.0113017 0.00785761 0.00513353
 0.00776942 0.0127072 0.0192839 0.0274835 0.0370485 0.047321 0.0572162 0.0654928 0.071202 0.0739828 0.0740206 0.0717951 0.0678552 0.0627097 0.056794 0.0504584 0.0439707 0.0375336 0.0313076 0.0254284 0.0200159 0.0151762 0.0110004 0.00755592 0.00487109
 0.00780187 0.0127572 0.0193541 0.0275746 0.0371597 0.04745 0.0573583 0.0656405 0.0713443 0.0741061 0.0741116 0.0718447 0.0678614 0.0626797 0.0567417 0.0504003 0.0439189 0.0374895 0.0312601 0.0253581 0.019905 0.0150198 0.0108108 0.00735845 0.00469332
 0.00784995 0.0128258 0.0194395 0.0276677 0.0372485 0.0475242 0.0574135 0.0656785 0.0713711 0.074129 0.0741349 0.0718684 0.0678814 0.0626901 0.0567387 0.0503842 0.0438938 0.0374594 0.0312246 0.0253106 0.0198365 0.014925 0.010694 0.00723332 0.00457714
 0.00788499 0.0128829 0.0195251 0.0277859 0.0373984 0.0476966 0.057589 0.065831 0.0714766 0.0741744 0.0741229 0.0718145 0.0678052 0.0626074 0.0566579 0.0503073 0.0438202 0.0373881 0.0311543 0.025239 0.0197597 0.0148403 0.0106025 0.00714154 0.00449421
 0.00787368 0.0128667 0.0195051 0.0277653 0.0373825 0.0476921 0.0576024 0.0658664 0.0715324 0.0742422 0.0741899 0.0718683 0.0678392 0.0626226 0.0566606 0.0503043 0.0438152 0.0373814 0.0311436 0.0252212 0.0197322 0.014802 0.0105553 0.00709015 0.00444526
 0.00787964 0.0128691 0.0194957 0.0277327 0.0373166 0.04759 0.0574732 0.0657309 0.071417 0.0741702 0.0741733 0.0719053 0.0679169 0.0627227 0.0567661 0.0504038 0.0439031 0.0374554 0.0312028 0.0252641 0.0197577 0.01481 0.0105481 0.00707254 0.0044232
 0.00789744 0.0128933 0.0195227 0.0277554 0.0373245 0.0475715 0.0574184 0.0656358 0.0712871 0.0740222 0.0740329 0.0717999 0.0678658 0.0627315 0.0568259 0.050497 0.04401 0.0375604 0.0312955 0.0253389 0.0198121 0.0148443 0.0105645 0.00707523 0.00441766
 0.0078958 0.012891 0.01952 0.0277519 0.0373191 0.0475611 0.0573978 0.0655983 0.0712269 0.0739378 0.0739299 0.0716921 0.0677727 0.0626724 0.0568138 0.0505334 0.0440855 0.0376587 0.031399 0.0254337 0.0198894 0.0149004 0.0106002 0.00709415 0.00442486
 0.00788389 0.0128703 0.0194862 0.0277011 0.0372486 0.0474719 0.0572961 0.0654942 0.0711315 0.0738587 0.0738699 0.0716501 0.0677479 0.0626667 0.0568323 0.0505814 0.0441644 0.0377628 0.0315168 0.025551 0.0199935 0.0149834 0.0106595 0.00713185 0.00444583
 0.00786299 0.0128341 0.0194279 0.0276132 0.0371252 0.0473123 0.0571072 0.0652918 0.0709375 0.0736963 0.0737576 0.0715975 0.067755 0.062726 0.0569324 0.0507114 0.0443153 0.037927 0.0316856 0.0257137 0.0201393 0.0151035 0.0107499 0.00719354 0.00448374
 0.00785827 0.0128237 0.0194071 0.0275756 0.0370638 0.0472213 0.0569847 0.0651415 0.0707692 0.0735252 0.0736025 0.0714775 0.0676851 0.0627136 0.0569763 0.0508031 0.0444424 0.0380761 0.0318439 0.0258697 0.0202823 0.0152248 0.0108444 0.00726066 0.00452684
 0.00783849 0.0127926 0.0193622 0.0275149 0.036986 0.0471259 0.0568725 0.0650151 0.0706335 0.073388 0.0734739 0.0713696 0.0676103 0.0626829 0.0569959 0.0508729 0.0445556 0.0382206 0.0320053 0.026033 0.0204344 0.0153558 0.0109482 0.0073359 0.00457643
 0.00777918 0.0126995 0.0192286 0.0273378 0.0367672 0.0468738 0.0566035 0.0647523 0.0704022 0.0732096 0.073361 0.0713257 0.0676322 0.0627639 0.0571285 0.0510491 0.044766 0.0384534 0.0322463 0.0262669 0.0206468 0.0155355 0.0110893 0.00743792 0.00464392
 0.0077635 0.0126663 0.0191647 0.0272268 0.0365948 0.0466348 0.0563082 0.064427 0.070084 0.0729355 0.0731601 0.0712141 0.067613 0.06283 0.0572663 0.0512423 0.0449982 0.0387088 0.0325092 0.0265218 0.0208791 0.0157335 0.0112459 0.00755209 0.00472012
 0.00773955 0.0126266 0.0191029 0.0271358 0.0364663 0.0464615 0.056086 0.0641594 0.069785 0.072631 0.0728845 0.071003 0.0674941 0.0628164 0.0573551 0.0514177 0.0452369 0.0389858 0.0328007 0.0268066 0.0211394 0.0159557 0.0114222 0.0076812 0.00480676
 0.00931861 0.0148361 0.0217679 0.0298727 0.0387949 0.0479824 0.0566209 0.063777 0.0687182 0.0711578 0.071242 0.0693583 0.0659534 0.0614435 0.0561846 0.0504617 0.0444891 0.0384262 0.0324015 0.026537 0.0209691 0.015857 0.0113713 0.00765912 0.00479973
 0.00929853 0.0150973 0.0226787 0.0318903 0.0422663 0.052875 0.0623527 0.0693107 0.0729297 0.0732786 0.0711123 0.0673692 0.062776 0.0577427 0.0524558 0.0470023 0.0414444 0.0358479 0.0302895 0.0248639 0.0196922 0.014924 0.0107238 0.00723615 0.00454201
 0.00897804 0.0145915 0.0219677 0.0310224 0.0414119 0.0523634 0.0626325 0.0707887 0.075725 0.0770403 0.0750628 0.0705988 0.0646217 0.0580183 0.051422 0.0451537 0.0392783 0.0337287 0.0284236 0.0233351 0.0185093 0.0140563 0.010122 0.00684398 0.00430378
 0.00879358 0.0142876 0.0215034 0.0303599 0.0405315 0.051292 0.0614819 0.0697836 0.0751873 0.0773014 0.0763123 0.0727405 0.0672395 0.0605095 0.0532417 0.046024 0.0392449 0.0330615 0.0274549 0.0223356 0.0176406 0.0133827 0.00964432 0.00653117 0.00411444
 0.00872364 0.014164 0.0212986 0.0300409 0.040066 0.0506597 0.0606891 0.0688776 0.0742685 0.0765285 0.0758892 0.0728657 0.0680195 0.0618739 0.0549232 0.0476426 0.0404603 0.0337037 0.0275572 0.0220688 0.0172092 0.0129457 0.00928792 0.00627996 0.00395681
 0.00871018 0.0141394 0.0212556 0.0299686 0.0399489 0.050478 0.0604212 0.0685063 0.0737912 0.075971 0.0753181 0.0723923 0.0677819 0.0619929 0.0554412 0.0484795 0.0414241 0.0345636 0.0281403 0.0223216 0.0171912 0.0127736 0.00907289 0.00609263 0.00382384
 0.00870257 0.0141275 0.0212383 0.0299444 0.0399154 0.0504304 0.0603516 0.0684027 0.073639 0.0757571 0.0750395 0.0720676 0.0674608 0.0617542 0.055372 0.0486368 0.0417978 0.0350668 0.0286413 0.0227022 0.0173947 0.0128152 0.00901247 0.00599538 0.00373434
 0.00868278 0.0140951 0.0211894 0.0298757 0.0398255 0.0503215 0.0602299 0.0682773 0.0735184 0.0756445 0.0749307 0.0719546 0.0673402 0.0616378 0.0552912 0.0486359 0.0419128 0.0353001 0.0289513 0.0230169 0.0176453 0.0129658 0.00906814 0.0059883 0.00370095
 0.00867331 0.0140801 0.0211676 0.0298459 0.0397865 0.0502722 0.0601699 0.0682075 0.0734414 0.0755647 0.0748526 0.0718806 0.0672703 0.0615717 0.0552338 0.0486015 0.0419227 0.0353726 0.0290869 0.0231924 0.0178213 0.0131053 0.00915313 0.00602294 0.00370295
 0.00865559 0.0140522 0.0211274 0.0297922 0.0397196 0.0501943 0.0600854 0.0681227 0.0733631 0.0754984 0.0748015 0.0718455 0.06725 0.0615638 0.0552366 0.0486159 0.0419541 0.0354293 0.0291746 0.023307 0.0179472 0.0132207 0.00924035 0.00607585 0.00372687
 0.00865908 0.0140576 0.0211348 0.0298013 0.0397293 0.0502025 0.0600892 0.0681187 0.0733485 0.0754718 0.0747638 0.0717997 0.0672 0.061514 0.0551911 0.0485786 0.0419297 0.0354231 0.0291909 0.0233465 0.018004 0.0132833 0.00929611 0.00611625 0.00375025
 0.00865605 0.0140518 0.0211244 0.0297844 0.0397045 0.05017 0.0600512 0.0680793 0.0733123 0.0754423 0.0747422 0.0717852 0.0671912 0.0615092 0.0551895 0.0485807 0.041937 0.0354379 0.0292159 0.0233828 0.0180496 0.0133328 0.00934219 0.0061528 0.00377473
 0.00864197 0.0140329 0.0211034 0.0297659 0.0396934 0.0501688 0.0600585 0.0680904 0.0733212 0.0754446 0.0747369 0.0717739 0.0671766 0.0614939 0.0551753 0.0485688 0.0419288 0.0354353 0.0292207 0.0233963 0.0180714 0.0133601 0.00937041 0.00617747 0.00379303
 0.00861186 0.0139856 0.0210356 0.0296766 0.0395852 0.0500494 0.0599408 0.0679905 0.0732538 0.075418 0.0747504 0.071819 0.0672419 0.0615689 0.0552523 0.0486432 0.0419981 0.0354986 0.0292784 0.0234491 0.0181198 0.0134036 0.00940778 0.00620719 0.0038144
 0.00862264 0.0139982 0.0210455 0.0296765 0.039567 0.0500075 0.059875 0.0679072 0.0731646 0.075337 0.07469 0.0717872 0.0672401 0.0615925 0.0552933 0.0486929 0.0420498 0.0355483 0.0293242 0.0234906 0.0181571 0.0134366 0.00943582 0.00622958 0.00383079
 0.00862264 0.0139982 0.0210455 0.0296765 0.039567 0.0500075 0.059875 0.0679072 0.0731646 0.075337 0.07469 0.0717872 0.0672401 0.0615925 0.0552933 0.0486929 0.0420498 0.0355483 0.0293242 0.0234906 0.0181571 0.0134366 0.00943582 0.00622958 0.00383079
 0.00896319 0.0145381 0.0218294 0.0307285 0.0408762 0.0515109 0.061446 0.0693656 0.0743159 0.0760255 0.0748414 0.0714194 0.0664443 0.0605002 0.0540434 0.0474081 0.0408239 0.0344438 0.0283764 0.0227139 0.0175499 0.0129861 0.00912074 0.00602349 0.00370572
 0.0088183 0.0143489 0.0216314 0.0305861 0.0408691 0.0517086 0.0618831 0.0700272 0.0751362 0.0768987 0.0756416 0.0720282 0.0667791 0.0605328 0.0538019 0.0469617 0.0402593 0.0338439 0.0278063 0.0222157 0.0171448 0.0126781 0.00890212 0.00587921 0.00361773
 0.00882228 0.0143288 0.0215553 0.0304167 0.0405838 0.0513269 0.0614821 0.0697284 0.0750624 0.0771211 0.0761461 0.0727191 0.0675141 0.0611708 0.0542415 0.047161 0.0402346 0.0336517 0.0275192 0.0219014 0.0168533 0.0124379 0.0087228 0.005757 0.00354161
 0.00885518 0.0143811 0.0216297 0.0305096 0.0406803 0.0513977 0.0614882 0.0696381 0.0748761 0.0768872 0.075952 0.072654 0.0676245 0.061435 0.0545797 0.0474725 0.040439 0.0337137 0.0274504 0.0217444 0.0166595 0.0122506 0.00856831 0.00564463 0.00346852
 0.00902535 0.0146483 0.0220132 0.0310181 0.0413063 0.0521107 0.0622286 0.0703183 0.0753957 0.0771612 0.0759407 0.0723805 0.0671683 0.0609021 0.0540618 0.0470169 0.040045 0.0333533 0.0270971 0.0213914 0.0163211 0.0119505 0.00832605 0.00546772 0.00335187
 0.00912995 0.0148279 0.0223 0.0314454 0.0418976 0.0528642 0.0631029 0.0712313 0.0762385 0.0778228 0.0763329 0.0724553 0.0669276 0.0603976 0.0533828 0.0462651 0.0393061 0.0326791 0.0265055 0.0208809 0.0158869 0.0115923 0.00804602 0.00526445 0.00321682
 0.00882274 0.0143526 0.021633 0.0305897 0.0408922 0.0517918 0.0620914 0.0704363 0.0758042 0.0778333 0.0767807 0.0732443 0.0679079 0.0614123 0.0543081 0.0470312 0.0398954 0.0331088 0.0268053 0.0210788 0.016005 0.0116501 0.00806293 0.0052588 0.00320305
#pred catch len freq
 0.00338044 0.00541028 0.00801816 0.0112038 0.0149917 0.0194034 0.0243929 0.0298113 0.035427 0.040971 0.0461795 0.0508312 0.0547784 0.0579552 0.0603551 0.0619977 0.0629026 0.0630678 0.062432 0.0608166 0.0578954 0.0532743 0.0467251 0.0384711 0.029308
 0.00362791 0.00575813 0.00844498 0.0116664 0.015451 0.0198573 0.0248902 0.030426 0.0361999 0.0418538 0.0470208 0.0514217 0.0549346 0.0575987 0.0595511 0.0609352 0.0618264 0.0621885 0.0618503 0.0604969 0.0577024 0.0530552 0.0463897 0.0380252 0.0288277
 0.00375024 0.0059774 0.0088089 0.0122222 0.0162241 0.0208254 0.0259732 0.0315097 0.0371868 0.0427049 0.0477499 0.0520404 0.0553944 0.0577851 0.0593416 0.0602833 0.0608086 0.060981 0.0606499 0.0594358 0.0568101 0.0522841 0.0456788 0.0373531 0.028221
 0.00391141 0.00622632 0.0091634 0.0127012 0.0168568 0.0216564 0.0270512 0.0328549 0.0387516 0.0443577 0.0493033 0.0533141 0.0562686 0.0582082 0.0592991 0.0597715 0.0598453 0.0596368 0.0590585 0.0577618 0.0551949 0.0508136 0.0443898 0.0362617 0.0273418
 0.00413419 0.00657384 0.00965943 0.0133594 0.0176814 0.0226448 0.0281967 0.0341495 0.0401864 0.0459121 0.050922 0.0548856 0.0576286 0.0591763 0.05973 0.0595888 0.0590471 0.0582864 0.0572749 0.055708 0.0530547 0.0487587 0.0425544 0.0347316 0.0261552
 0.0043616 0.00693669 0.0101937 0.0140965 0.0186454 0.0238471 0.0296263 0.0357661 0.0419217 0.0476805 0.0526345 0.056457 0.0589725 0.0601938 0.0603065 0.0596105 0.0584331 0.0570211 0.0554249 0.05342 0.0505343 0.0462358 0.040241 0.0327849 0.0246544
 0.00463235 0.00736067 0.0108035 0.0149167 0.0196951 0.0251403 0.0311663 0.0375334 0.0438616 0.0496993 0.0546068 0.0582445 0.060447 0.061252 0.060869 0.0596116 0.0578165 0.0557538 0.0535271 0.0509925 0.0477655 0.0433775 0.0375574 0.0304926 0.0228769
 0.00496276 0.00787712 0.0115435 0.0159052 0.0209454 0.0266547 0.0329311 0.0395112 0.0459868 0.0518777 0.0567199 0.0601574 0.0620217 0.0623637 0.0614205 0.0595374 0.0570792 0.0543424 0.0514678 0.0483736 0.0447591 0.0402344 0.0345653 0.0279066 0.0208554
 0.00526314 0.0083552 0.0122452 0.0168696 0.0222023 0.028218 0.0347884 0.0416138 0.0482477 0.0541789 0.0589254 0.0621273 0.0636246 0.0634866 0.0619737 0.0594566 0.0563256 0.0529055 0.0493757 0.0457125 0.0416932 0.0370081 0.0314678 0.0252063 0.0187289
 0.0056015 0.0088822 0.0129975 0.0178721 0.0234717 0.0297658 0.0366149 0.0436946 0.050519 0.0565311 0.0612101 0.0641772 0.0652806 0.06462 0.0624967 0.0593189 0.0555066 0.0514094 0.047239 0.0430224 0.0386088 0.0337647 0.028348 0.0224768 0.0165704
 0.00589436 0.00934962 0.0136856 0.0188203 0.0247089 0.0313031 0.0384357 0.0457477 0.0527205 0.0587725 0.0633667 0.0661145 0.0668628 0.0657225 0.0630203 0.0592 0.0547185 0.04996 0.0451722 0.0404295 0.0356448 0.0306525 0.0253537 0.019853 0.0144906
 0.00611443 0.00970551 0.0142196 0.0195753 0.0257264 0.0326161 0.0400556 0.0476491 0.054831 0.0609736 0.0655069 0.0680328 0.0684127 0.0667894 0.063526 0.059099 0.0539928 0.0486187 0.0432573 0.0380282 0.0329031 0.0277774 0.0225894 0.0174306 0.0125688
 0.00633914 0.0100601 0.014735 0.0202778 0.026639 0.0337582 0.0414371 0.0492598 0.0566299 0.062882 0.0674093 0.0697873 0.0698717 0.0678226 0.0640391 0.0590399 0.0533483 0.0474067 0.0415257 0.0358625 0.0304381 0.0251991 0.0201153 0.0152649 0.0108514
 0.00657965 0.0104398 0.0152862 0.0210256 0.0276 0.0349379 0.0428237 0.0508177 0.0582981 0.0645778 0.0690348 0.0712372 0.0710409 0.0686166 0.0643831 0.0588867 0.0526818 0.0462421 0.0399097 0.0338776 0.0282085 0.0228903 0.017916 0.01335 0.00933838
 0.0067601 0.0107335 0.0157295 0.0216542 0.0284443 0.0360143 0.0441228 0.0522962 0.0598793 0.0661607 0.0705085 0.072496 0.0719967 0.0692058 0.0645667 0.0586468 0.0520175 0.0451703 0.0384695 0.032138 0.026275 0.0209037 0.0160352 0.0117202 0.00805526
 0.00696251 0.0110518 0.0161901 0.0222787 0.0292508 0.0370165 0.0453233 0.0536749 0.0613811 0.0676922 0.0719465 0.0737087 0.0728709 0.0696676 0.0645892 0.0582423 0.0512229 0.0440346 0.0370499 0.030505 0.0245206 0.0191437 0.0143971 0.010318 0.00696138
 0.00710516 0.0112747 0.0165097 0.0227069 0.0297971 0.0376891 0.0461276 0.0546079 0.0624252 0.0688081 0.0730697 0.0747513 0.0737319 0.0702514 0.0648253 0.0580986 0.0507077 0.043188 0.0359333 0.0291943 0.0231052 0.0177253 0.0130814 0.0091961 0.00608905
