SBPRF35
7.78865
Curr Bio
714844
B35
708316
F35
0.229282
FOFL
0.229282
OFL
128049
Bzero
2.22533e+006
#pred survey bio
 4.53394e+006 4.24311e+006 3.98149e+006 3.6939e+006 3.37934e+006 3.06026e+006 2.74754e+006 2.46118e+006 2.18353e+006 1.94718e+006 1.68429e+006 1.48117e+006 1.31824e+006 1.17209e+006 1.02215e+006 904162 811563 750557 711231 669614 642038 616753 615557 594351 596723 578829 575579 570420 571558 580849 573242 559816 546128 538996 524001 491928 480500 477074 481735 481881 488397 496582 497478 519775 522785 534129 539492 544989 554167 562005 564939 553060 529471 540562 563734 603383 645866 709096 1.70717e+007 1.58156e+007 1.60133e+007 1.62213e+007 1.64315e+007 1.66266e+007 1.67973e+007 1.69407e+007 1.70577e+007 1.71514e+007 1.72255e+007 1.72835e+007 1.73288e+007 1.7364e+007 1.73913e+007 1.74124e+007 1.74288e+007 1.74415e+007 1.74513e+007 1.74589e+007 1.74648e+007 1.74694e+007 1.74729e+007 1.74756e+007 1.74778e+007 1.74794e+007 1.74807e+007 1.74816e+007 1.74824e+007 1.7483e+007 1.74834e+007 1.74838e+007 1.7484e+007 1.74843e+007 1.74844e+007 1.74845e+007 1.74846e+007 1.74847e+007 1.74848e+007 1.74848e+007 1.74849e+007 1.74849e+007 1.74849e+007 1.74849e+007 1.74849e+007 1.74849e+007 1.7485e+007 1.7485e+007 1.7485e+007 1.7485e+007 1.7485e+007 1.7485e+007 1.7485e+007 1.7485e+007 1.7485e+007 1.7485e+007 1.7485e+007 1.7485e+007 1.7485e+007 1.7485e+007 1.7485e+007 1.7485e+007 1.7485e+007 1.7485e+007 1.7485e+007 1.7485e+007 1.7485e+007 1.7485e+007 1.7485e+007 1.7485e+007 1.7485e+007 1.7485e+007 1.7485e+007 1.7485e+007 1.7485e+007 1.7485e+007 1.7485e+007 1.7485e+007 1.7485e+007 1.7485e+007 1.7485e+007 1.7485e+007 1.7485e+007 1.7485e+007 1.7485e+007 1.7485e+007 1.7485e+007 1.7485e+007 1.7485e+007 1.7485e+007 1.7485e+007 1.7485e+007 1.7485e+007 1.7485e+007 1.7485e+007 1.7485e+007 1.7485e+007 1.7485e+007 1.7485e+007 1.7485e+007 0 0 0 0 0 0 0 0 0 0 0 0 0 0 0 0 0 0 0 0 0 0 0 0 0
#obs survey bio
 3.88769e+006 3.44048e+006 3.6781e+006 3.32479e+006 3.03084e+006 2.28888e+006 1.37272e+006 1.9631e+006 2.90959e+006 1.2617e+006 1.43254e+006 1.36023e+006 1.16952e+006 1.09712e+006 1.01829e+006 510298 907222 503301 635617 514665 575044 483696 797776 596958 696255 517065 704880 591852 456918 508897 519298 557014 591570 429461 689167 415921 560141 484022 490074 525893 502420 503653 498842 493098 644717 566466 401072 597014 528664 567116 594344 472668 516486 293262 514621 360050 741616 1.03582e+006
#pred catch bio
 97207.4 93365.9 146701 205319 245565 275102 283064 302237 287372 329657 290521 265248 258056 265904 239452 216917 188065 166812 163927 146544 139549 115097 127878 104028 118194 103669 104331 97678.3 89585.6 102425 104765 101575 92691.8 96021.7 106306 87027.8 83883.2 82737.9 90234.6 86125.4 85410.4 91895.8 74834.3 92155.9 85549.6 91519.3 92410.6 90042.6 91548.4 95891.8 108704 119358 92895.5 87789.1 79855.9 84402.7 74654.7 105074 128049 129189 129808 130385 131045 131673 132197 132604 132903 133116 133262 133360 133425 133467 133495 133512 133523 133530 133535 133537 133539 133540 133541 133541 133542 133542 133542 133542 133542 133542 133542 133542 133542 133542 133542 133542 133542 133542 133542 133542 133542 133542 133542 133542 133542 133542 133542 133542 133542 133542 133542 133542 133542 133542 133542 133542 133542 133542 133542 133542 133542 133542 133542 133542 133542 133542 133542 133542 133542 133542 133542 133542 133542 133542 133542 133542 133542 133542 133542 133542 133542 133542 133542 133542 133542 133542 133542 133542 133542 133542 133542 133542 133542 133542 133542 133542 133542 133542 133542 133542 0 0 0 0 0 0 0 0 0 0 0 0 0 0 0 0 0 0 0 0 0 0 0 0 0
#obs catch bio
 0 93077.5 146994 206325 247809 278773 287832 308102 290538 337418 296404 270424 262252 271934 245702 223121 192254 171578 167755 149268 142300 116317 129371 104177 118522 103654 104922 98426.9 89621.3 102481 105129 102109 92347.4 96063 106183 86949.3 83812 82621.3 90400.2 86044.1 85202.2 91962.7 74618.1 92154.7 85238.4 91069.2 92417.2 89945.4 91274.2 95269 107830 118970 92541.1 87980.7 79871.6 85067.2 74688.8 105303
#pred cpue bio
 4.45751e+006 4.1691e+006 3.90909e+006 3.622e+006 3.3086e+006 2.99093e+006 2.67992e+006 2.39551e+006 2.12039e+006 1.88621e+006 1.62618e+006 1.42538e+006 1.26447e+006 1.12017e+006 972579 856786 766299 706980 669376 630075 604282 580636 580308 560661 563663 546783 543665 538759 540254 549744 542729 530139 517541 511258 497369 466812 455181 450096 453091 452921 459495 467620 468504 490041 492988 503948 508995 514099 523031 530784 533638 521748 498032 507722 529393 567089 607353 667781 1.61011e+007 1.49375e+007 1.51313e+007 1.53273e+007 1.55323e+007 1.57261e+007 1.58966e+007 1.60399e+007 1.61569e+007 1.62505e+007 1.63246e+007 1.63827e+007 1.64279e+007 1.64631e+007 1.64904e+007 1.65116e+007 1.6528e+007 1.65407e+007 1.65505e+007 1.65581e+007 1.6564e+007 1.65686e+007 1.65721e+007 1.65748e+007 1.65769e+007 1.65786e+007 1.65798e+007 1.65808e+007 1.65815e+007 1.65821e+007 1.65826e+007 1.65829e+007 1.65832e+007 1.65834e+007 1.65836e+007 1.65837e+007 1.65838e+007 1.65839e+007 1.65839e+007 1.6584e+007 1.6584e+007 1.6584e+007 1.65841e+007 1.65841e+007 1.65841e+007 1.65841e+007 1.65841e+007 1.65841e+007 1.65841e+007 1.65841e+007 1.65841e+007 1.65841e+007 1.65841e+007 1.65841e+007 1.65841e+007 1.65841e+007 1.65841e+007 1.65841e+007 1.65841e+007 1.65841e+007 1.65841e+007 1.65841e+007 1.65841e+007 1.65841e+007 1.65841e+007 1.65841e+007 1.65841e+007 1.65841e+007 1.65841e+007 1.65841e+007 1.65841e+007 1.65841e+007 1.65841e+007 1.65841e+007 1.65841e+007 1.65841e+007 1.65841e+007 1.65841e+007 1.65841e+007 1.65841e+007 1.65841e+007 1.65841e+007 1.65841e+007 1.65841e+007 1.65841e+007 1.65841e+007 1.65841e+007 1.65841e+007 1.65841e+007 1.65841e+007 1.65841e+007 1.65841e+007 1.65841e+007 1.65841e+007 1.65841e+007 1.65841e+007 1.65841e+007 1.65841e+007 1.65841e+007 1.65841e+007 0 0 0 0 0 0 0 0 0 0 0 0 0 0 0 0 0 0 0 0 0 0 0 0 0
#obs cpue bio
 2.53234e+006 4.07376e+006 4.00508e+006 2.35208e+006 1.66986e+006 2.56696e+006 3.12375e+006 2.88602e+006 2.60776e+006 1.50557e+006 1.53147e+006 1.24512e+006 1.49482e+006 789858 553469 921808 594549 454797 783297 676130 516972 711013 525200 665148 587240 586892 313332 389966 941536 749437 463701 450409 822096 490102 514783 441001 427371 446596 399266 460920 495142 451643 422961 627769 438325 614043 479585 502744 664960 708922 619410 540279 456764 659139 576556 532399 579552 713872
#pred surv len freq
 0.00468552 0.00752583 0.0111828 0.0156134 0.0207351 0.0263722 0.0322047 0.0378135 0.0428156 0.0469818 0.0502563 0.0527068 0.0544652 0.0556799 0.0564747 0.0569197 0.0570249 0.0567457 0.0559712 0.0544831 0.0519302 0.0479004 0.0421349 0.0347953 0.0265813
 0.00506644 0.00805989 0.0118339 0.0163079 0.0213994 0.0269825 0.0328118 0.038514 0.0436786 0.0479755 0.0512272 0.0534301 0.0547391 0.0554126 0.0557216 0.0558585 0.0558862 0.055727 0.0551695 0.0538753 0.0514104 0.0473541 0.0415078 0.0341167 0.0259341
 0.00523893 0.00837404 0.0123633 0.017127 0.022549 0.0284278 0.0344225 0.0400964 0.0450539 0.0490536 0.0520181 0.0539823 0.055059 0.055434 0.0553501 0.0550524 0.0547076 0.0543286 0.0537265 0.0525128 0.0501707 0.0462205 0.0404573 0.0331597 0.0251136
 0.00545344 0.00870598 0.0128363 0.0177644 0.0233836 0.0295072 0.0357953 0.0417744 0.0469682 0.0510374 0.0538419 0.0554296 0.0559932 0.0558118 0.0551844 0.054372 0.0535531 0.0527761 0.0519015 0.0505691 0.0482495 0.0444243 0.0388525 0.0317935 0.024021
 0.0056804 0.00907263 0.0133835 0.0185278 0.0243877 0.030757 0.0372711 0.0434351 0.0487607 0.0528999 0.0556908 0.0571406 0.057402 0.0567467 0.0555146 0.0540389 0.0525719 0.0512213 0.0498952 0.0482713 0.0458428 0.0420888 0.036742 0.0300184 0.0226391
 0.00591623 0.00944998 0.0139414 0.0193021 0.0254082 0.0320415 0.0388145 0.0451992 0.0506723 0.0548596 0.0575882 0.0588665 0.0588499 0.0578077 0.0560759 0.0539973 0.0518613 0.049839 0.0479151 0.0458411 0.0431671 0.0393995 0.0342604 0.0279161 0.0210095
 0.00612773 0.00979496 0.0144635 0.0200447 0.026409 0.0333227 0.0403703 0.046988 0.0526183 0.0568619 0.0595324 0.0606351 0.0603319 0.0589039 0.0566982 0.0540663 0.0513096 0.048629 0.0460663 0.0434537 0.0404266 0.0365542 0.0315736 0.025608 0.0192102
 0.00632356 0.01011 0.0149328 0.0207024 0.0272867 0.0344442 0.0417428 0.0485922 0.0544024 0.0587427 0.0614027 0.0623758 0.0618255 0.0600451 0.0573983 0.0542516 0.0509192 0.0476213 0.0444383 0.0412691 0.0378358 0.0337882 0.0289023 0.023275 0.0173719
 0.00664415 0.0106048 0.0156294 0.0216119 0.0284066 0.0357628 0.0432381 0.0502279 0.0561248 0.0604817 0.0630753 0.0638915 0.0630925 0.0609771 0.0579194 0.0542978 0.0504388 0.0465779 0.0428248 0.0391322 0.0353004 0.0310614 0.0262423 0.0209286 0.0155076
 0.00687999 0.0109922 0.0162192 0.022452 0.029531 0.0371743 0.0448936 0.0520373 0.057969 0.0622412 0.0646526 0.0652172 0.0641185 0.0616655 0.0582339 0.0542002 0.0498898 0.0455444 0.0412947 0.0371378 0.0329428 0.0285192 0.0237476 0.0187121 0.013734
 0.00720854 0.0115173 0.0169939 0.0235233 0.0309345 0.0389245 0.0469664 0.0543534 0.0603897 0.0645818 0.0667134 0.0668233 0.0651543 0.0620894 0.0580668 0.053496 0.048705 0.0439221 0.0392706 0.0347635 0.0303159 0.0257992 0.0211416 0.0164273 0.0119182
 0.00754111 0.0120325 0.0177233 0.024483 0.0321288 0.0403485 0.0486043 0.0561701 0.0623226 0.0665363 0.068564 0.068424 0.0663591 0.0627805 0.0581783 0.0530221 0.0476879 0.0424296 0.0373792 0.0325587 0.0279074 0.0233348 0.0188004 0.0143849 0.0102986
 0.00788792 0.0125734 0.0184943 0.025502 0.0333926 0.0418303 0.0502499 0.0578993 0.0640406 0.0681506 0.069996 0.0696075 0.0672323 0.0632801 0.0582454 0.0526157 0.0467991 0.0410876 0.0356475 0.0305303 0.0257026 0.0211007 0.0166998 0.0125679 0.00886643
 0.00811996 0.0129622 0.0191006 0.0263878 0.0346065 0.0433841 0.0520957 0.0599229 0.0660791 0.0700277 0.0715588 0.0707508 0.0679052 0.0634771 0.0579878 0.0519331 0.0457221 0.0396511 0.0339022 0.0285529 0.023601 0.0190098 0.0147649 0.010917 0.00757962
 0.00841754 0.013436 0.0197967 0.0273467 0.035861 0.0449517 0.053963 0.0620276 0.0682981 0.0721825 0.0734405 0.0721622 0.0687059 0.0636121 0.0574876 0.0508883 0.044247 0.0378567 0.0318872 0.0264114 0.0214351 0.0169347 0.0128998 0.00936153 0.00638894
 0.0086475 0.0138034 0.0203381 0.0280934 0.0368349 0.0461595 0.0553876 0.0636218 0.0699859 0.0738639 0.0749971 0.0734635 0.0696224 0.064038 0.057366 0.0502258 0.0431099 0.0363505 0.0301328 0.0245291 0.0195406 0.0151397 0.0113063 0.00804817 0.00539395
 0.00882979 0.014093 0.0207618 0.028673 0.0375853 0.0470842 0.0564724 0.0648299 0.0712576 0.0751237 0.0761618 0.0744504 0.0703542 0.0644475 0.0574015 0.0498611 0.0423537 0.0352514 0.0287742 0.0230172 0.0179905 0.0136627 0.0099982 0.00697671 0.00458833
 0.00874455 0.0139869 0.0206628 0.0286288 0.0376529 0.0473124 0.0568862 0.0654242 0.0720025 0.0759721 0.0770574 0.0753307 0.0711531 0.0650979 0.0578406 0.0500371 0.0422342 0.034833 0.0280885 0.0221298 0.0169923 0.0126546 0.00907323 0.00620349 0.00400066
 0.00866043 0.013843 0.0204355 0.028299 0.0372191 0.0468072 0.0563851 0.0650359 0.071837 0.0761025 0.077495 0.0760259 0.0720146 0.066018 0.0587133 0.0507693 0.0427534 0.0350939 0.02808 0.0218786 0.0165588 0.0121211 0.00852609 0.00571427 0.00361298
 0.00870627 0.0139076 0.0205133 0.0283749 0.037269 0.0468014 0.0562969 0.0648544 0.0715819 0.0758304 0.0772887 0.0759653 0.0721454 0.0663323 0.0591542 0.051251 0.0431861 0.0354036 0.0282205 0.0218382 0.0163607 0.0118161 0.0081782 0.00538337 0.00334044
 0.00869022 0.013881 0.020472 0.0283142 0.0371832 0.0466844 0.0561428 0.0646595 0.0713479 0.0755702 0.0770319 0.0757596 0.0720476 0.0663895 0.0593823 0.0516231 0.0436371 0.0358497 0.0285844 0.0220691 0.0164442 0.0117726 0.00805129 0.00522336 0.00318886
 0.00869689 0.0138873 0.020473 0.0283021 0.0371495 0.0466219 0.0560483 0.0645344 0.0711971 0.0754012 0.0768544 0.0755887 0.0719056 0.0663063 0.059388 0.0517356 0.0438497 0.0361275 0.0288727 0.0223118 0.0166028 0.0118365 0.0080364 0.00516095 0.00311148
 0.00853308 0.0136293 0.0201005 0.027803 0.0365229 0.0458838 0.055237 0.0637132 0.0704475 0.0748079 0.0764877 0.0754889 0.0720765 0.0667179 0.0599877 0.0524615 0.0446399 0.0369224 0.0296159 0.0229533 0.0171069 0.0121904 0.00825225 0.00526968 0.00315107
 0.00861149 0.0137394 0.0202333 0.0279374 0.0366291 0.0459299 0.0551961 0.0635682 0.0701955 0.0744636 0.0760851 0.0750777 0.0717135 0.0664537 0.059856 0.0524721 0.0447799 0.037161 0.0299111 0.0232594 0.0173826 0.0124068 0.00839845 0.00535197 0.00318668
 0.00861123 0.0137207 0.0201712 0.0277969 0.0363731 0.045533 0.0546581 0.0629201 0.0694963 0.0737885 0.0755113 0.0746708 0.0715163 0.0664817 0.060097 0.0528922 0.0453299 0.0377837 0.030548 0.0238569 0.0178983 0.0128148 0.00869194 0.00554197 0.00329602
 0.0088236 0.0140446 0.0206171 0.0283551 0.0370106 0.046192 0.0552572 0.0633642 0.0696981 0.0736957 0.0751256 0.0740495 0.0707558 0.065692 0.0593778 0.0523155 0.0449321 0.0375665 0.0304853 0.0239052 0.0180087 0.0129431 0.00880678 0.00562758 0.00335028
 0.00873903 0.0139359 0.0205065 0.0282808 0.0370155 0.0463057 0.0554802 0.0636627 0.0700115 0.0739529 0.0752644 0.0740335 0.0705853 0.0654037 0.0590346 0.0519875 0.0446779 0.03742 0.0304512 0.0239639 0.0181256 0.0130807 0.0089347 0.00572802 0.00341843
 0.00862798 0.0137666 0.0202743 0.0279936 0.0366977 0.0459993 0.0552424 0.0635535 0.0700719 0.0741833 0.0756166 0.0744239 0.0709247 0.0656282 0.0591232 0.0519626 0.0445897 0.0373249 0.0303926 0.0239612 0.0181746 0.0131616 0.00902356 0.00580599 0.00347612
 0.00860678 0.0137127 0.0201579 0.0277768 0.036346 0.0455008 0.0546242 0.0628871 0.0694603 0.0737348 0.0754129 0.0744956 0.0712409 0.0661076 0.0596632 0.0524732 0.0450181 0.0376598 0.0306517 0.0241714 0.0183557 0.013321 0.00915861 0.0059118 0.003551
 0.00850254 0.0135544 0.0199388 0.0274938 0.0359948 0.0450715 0.0541038 0.0622715 0.068773 0.0730403 0.0748125 0.0741018 0.0711397 0.0663258 0.0601578 0.0531485 0.0457599 0.0383707 0.0312716 0.0246784 0.0187539 0.0136249 0.00938345 0.0060706 0.00365603
 0.00834834 0.0133414 0.019688 0.0272477 0.0358048 0.0449766 0.0541119 0.0623528 0.0688689 0.0730832 0.074753 0.0739312 0.070899 0.0660927 0.0600148 0.0531477 0.0459046 0.0386213 0.0315692 0.0249701 0.0190068 0.0138265 0.00953445 0.00617766 0.00372739
 0.00822019 0.0131418 0.0194059 0.0268845 0.0353806 0.0445351 0.0537196 0.0620854 0.0687834 0.0731899 0.0750044 0.0742401 0.0711761 0.0662848 0.0601214 0.0532107 0.0459783 0.0387426 0.0317434 0.025176 0.0192134 0.0140081 0.00967774 0.00628081 0.0037957
 0.00826344 0.0131846 0.0194197 0.026826 0.0352036 0.0442106 0.0532546 0.0615305 0.0682249 0.0727278 0.0747223 0.0741781 0.0713174 0.0665652 0.060459 0.0535398 0.0462692 0.0389981 0.0319794 0.0254027 0.0194276 0.0141978 0.00983169 0.00639427 0.00387159
 0.00803398 0.0128616 0.0190242 0.0264035 0.0348044 0.0438622 0.0529452 0.0612187 0.0678723 0.0723343 0.0743407 0.0738968 0.0712222 0.0667002 0.0608092 0.0540412 0.0468382 0.0395622 0.0324935 0.0258476 0.0197988 0.0144959 0.010059 0.00655627 0.00397798
 0.00804332 0.0128456 0.0189453 0.0262156 0.0344736 0.0433943 0.0523997 0.0606931 0.0674582 0.0720742 0.0742164 0.0738574 0.0712287 0.0667512 0.0609322 0.0542626 0.0471579 0.0399498 0.032903 0.026236 0.0201375 0.0147717 0.0102694 0.00670622 0.00407689
 0.00898826 0.0142054 0.0206625 0.0281179 0.0363151 0.044927 0.0534389 0.06115 0.0673419 0.0714736 0.0732689 0.0727082 0.0699964 0.0655166 0.0597504 0.0531811 0.0462215 0.0391909 0.0323305 0.0258341 0.0198743 0.014611 0.0101789 0.00666013 0.00405647
 0.00975245 0.0153977 0.0223549 0.0303212 0.0389508 0.047801 0.0562335 0.0634667 0.068806 0.0718596 0.0725764 0.0711454 0.0678866 0.0631868 0.0574556 0.0510804 0.0443948 0.0376678 0.0311119 0.0249023 0.0191969 0.0141449 0.0098768 0.00647669 0.00395285
 0.009676 0.0153789 0.0225219 0.0308587 0.0400522 0.0495882 0.0586788 0.0663563 0.0717659 0.0744369 0.0743514 0.071843 0.0674499 0.0617808 0.0553963 0.0487268 0.0420536 0.0355464 0.0293187 0.0234713 0.0181147 0.0133706 0.00935514 0.00614772 0.00376
 0.00925251 0.014754 0.0217075 0.0299277 0.0391454 0.0489082 0.0584649 0.0668298 0.0730456 0.076456 0.0768289 0.0743431 0.0695127 0.0630664 0.0557766 0.0482921 0.0410449 0.0342543 0.0279971 0.0222915 0.0171615 0.0126618 0.00886656 0.00583546 0.00357549
 0.00911949 0.0145223 0.0213328 0.0293666 0.0383756 0.0479582 0.0574409 0.0659194 0.072485 0.0764648 0.0775303 0.0757003 0.0713125 0.0649666 0.057411 0.0493877 0.0414985 0.0341365 0.0274919 0.0216122 0.0164829 0.0120898 0.00844124 0.00555084 0.00340262
 0.00910472 0.0144824 0.0212413 0.0291846 0.0380554 0.0474552 0.0567316 0.0650242 0.0714885 0.075522 0.0768456 0.0754727 0.0716611 0.0658706 0.0586971 0.0507817 0.0427202 0.0349934 0.0279272 0.0216914 0.0163371 0.0118525 0.00820817 0.00536924 0.00328208
 0.00908164 0.0144482 0.0211947 0.0291228 0.0379701 0.0473271 0.0565294 0.0647108 0.0710373 0.0749386 0.0761871 0.0748518 0.0712255 0.0657564 0.0589725 0.0514079 0.0435557 0.0358454 0.0286253 0.0221447 0.0165469 0.0118844 0.00814656 0.00528211 0.00320736
 0.00915736 0.0145611 0.0213457 0.0293061 0.0381744 0.0475373 0.0567264 0.0648681 0.0711189 0.0749027 0.0759987 0.0745033 0.0707549 0.0652514 0.0585487 0.0511665 0.04354 0.0360209 0.0288984 0.0224081 0.0167262 0.0119591 0.00813951 0.00523384 0.00315236
 0.00898788 0.0143011 0.0209836 0.0288423 0.0376213 0.04692 0.0560834 0.0642518 0.0705903 0.0745189 0.0757974 0.0744919 0.070911 0.0655368 0.0589291 0.0516242 0.0440691 0.0366085 0.0295085 0.0229832 0.0172079 0.0123119 0.00836236 0.00535305 0.00320463
 0.0090105 0.0143361 0.0210326 0.0289047 0.0376936 0.0469942 0.0561465 0.0642869 0.0705796 0.0744499 0.0756681 0.0743132 0.0707049 0.0653297 0.0587468 0.0514896 0.044001 0.036619 0.0295959 0.0231274 0.0173741 0.0124634 0.00847491 0.00542087 0.00323655
 0.00907272 0.0144137 0.0211064 0.0289432 0.0376625 0.0468716 0.0559345 0.0640127 0.0702854 0.0741777 0.0754483 0.0741602 0.0706199 0.0653063 0.0587765 0.0515648 0.0441165 0.0367706 0.0297776 0.0233277 0.0175749 0.0126435 0.00861765 0.00551961 0.00329553
 0.0090307 0.0143731 0.0210947 0.0289979 0.0378155 0.0471265 0.0562529 0.0643211 0.0705036 0.0742521 0.0753712 0.073965 0.0703594 0.0650317 0.0585246 0.051357 0.043963 0.0366749 0.0297378 0.0233366 0.0176193 0.0127063 0.00868148 0.00557208 0.00333152
 0.00892549 0.0142152 0.0208835 0.0287467 0.0375542 0.0469008 0.0561175 0.0643233 0.070661 0.074536 0.0757104 0.0742736 0.0705726 0.0651275 0.0585219 0.0512964 0.043886 0.0366112 0.029703 0.0233344 0.0176446 0.0127486 0.00872878 0.0056143 0.00336307
 0.00886767 0.0141141 0.0207188 0.0284974 0.0372054 0.0464564 0.05561 0.0638168 0.0702395 0.0742804 0.0756714 0.0744524 0.0709195 0.0655607 0.0589585 0.0516789 0.0441922 0.0368473 0.0298876 0.0234854 0.0177728 0.0128575 0.00881765 0.00568183 0.00340983
 0.0088799 0.0141263 0.020722 0.028476 0.0371384 0.0463204 0.0553866 0.0635008 0.0698485 0.07386 0.0752904 0.0741852 0.0708209 0.065645 0.0591944 0.0520046 0.0445404 0.0371675 0.0301552 0.0236974 0.017937 0.0129836 0.00891265 0.00575049 0.00345627
 0.00905289 0.0143774 0.0210436 0.0288402 0.037503 0.0466392 0.0556177 0.0636108 0.0698146 0.0736744 0.0749671 0.0737643 0.0703654 0.0652262 0.058871 0.051805 0.0444578 0.0371698 0.0302031 0.0237593 0.0179956 0.0130325 0.00895139 0.00578004 0.00347758
 0.00934013 0.0148266 0.0216846 0.0296834 0.0385318 0.0478009 0.0568174 0.0647173 0.0706846 0.0741876 0.075056 0.0734272 0.069662 0.0642616 0.0577742 0.050703 0.0434519 0.0363208 0.0295308 0.0232531 0.0176299 0.0127788 0.0087836 0.00567562 0.00341731
 0.00970033 0.01539 0.0224908 0.0307537 0.0398637 0.0493611 0.0585304 0.0664579 0.0722847 0.0754611 0.0758357 0.0736021 0.0692048 0.063237 0.0563234 0.0490111 0.0417079 0.0346836 0.0281083 0.0220976 0.016747 0.0121424 0.00835131 0.00540015 0.00325383
 0.00967626 0.0153591 0.0224608 0.0307404 0.0398918 0.0494629 0.0587418 0.0668108 0.0727951 0.0761139 0.0765745 0.0743308 0.0698054 0.0636003 0.0563825 0.0487614 0.0412077 0.0340324 0.0274158 0.0214556 0.0162125 0.0117367 0.00806818 0.00521781 0.00314548
 0.00973436 0.0154244 0.0225062 0.0307251 0.0397758 0.0492285 0.0584115 0.0664499 0.0724953 0.0759659 0.0766404 0.0746242 0.0702839 0.0641734 0.0569344 0.0491849 0.0414352 0.0340529 0.0272695 0.021212 0.0159432 0.0114946 0.00788027 0.00508856 0.00306568
 0.00974211 0.015428 0.0224934 0.030675 0.0396594 0.0490133 0.0580713 0.0659793 0.0719254 0.0753725 0.0761339 0.0743199 0.0702625 0.0644499 0.0574509 0.0498298 0.0420805 0.0345929 0.0276472 0.0214237 0.016024 0.0114951 0.00784594 0.00504915 0.00303486
 0.00962706 0.0152674 0.0222999 0.0304751 0.0394832 0.048879 0.0579734 0.0658889 0.071803 0.0751886 0.0758882 0.0740506 0.0700393 0.0643504 0.0575294 0.0500918 0.0424782 0.0350437 0.0280656 0.02175 0.0162378 0.0116098 0.00789201 0.00505813 0.00302946
 0.00898127 0.0143217 0.0210713 0.0290503 0.0379981 0.0474832 0.0567981 0.0650304 0.0713159 0.0750815 0.0761254 0.0745651 0.0707552 0.0652045 0.0584788 0.0511065 0.0435241 0.0360714 0.0290127 0.0225577 0.0168692 0.0120599 0.00818413 0.00523083 0.00312274
#obs surv len freq
 nan nan nan nan nan nan nan nan nan nan nan nan nan nan nan nan nan nan nan nan nan nan nan nan nan
 0.00448589 0.00734784 0.0111784 0.0159952 0.0216962 0.0279717 0.0342856 0.0400163 0.0446953 0.0481583 0.0505154 0.0520104 0.0529019 0.0534137 0.0537274 0.0539819 0.0542602 0.0545527 0.0546913 0.0542832 0.0527213 0.0493536 0.0438037 0.0362841 0.0276682
 0.0046166 0.00756292 0.0115065 0.0164635 0.0223236 0.0287584 0.0352028 0.0410042 0.0456709 0.0490329 0.0512111 0.0524718 0.0531013 0.0533506 0.0534247 0.0534771 0.0535973 0.0537747 0.0538376 0.0533909 0.0518296 0.048506 0.0430453 0.0356533 0.0271861
 0.0047752 0.00782314 0.0119027 0.0170294 0.0230859 0.0297265 0.0363574 0.0422909 0.0470055 0.0503139 0.0523347 0.0533453 0.0536538 0.0535407 0.0532438 0.0529476 0.052765 0.0527 0.0525874 0.052036 0.0504457 0.0471739 0.0418452 0.0346514 0.026419
 0.00497818 0.00815078 0.0123916 0.0177127 0.0239876 0.0308528 0.0376865 0.0437689 0.0485508 0.0518298 0.0537208 0.0545057 0.0545017 0.0540054 0.0532778 0.0525341 0.0519205 0.0514727 0.051053 0.0502922 0.0486083 0.0453704 0.0402012 0.0332695 0.0253569
 0.00517697 0.00848154 0.0129032 0.0184546 0.0249992 0.0321468 0.0392331 0.0454924 0.0503431 0.0535737 0.0553092 0.0558482 0.0555228 0.0546396 0.0534696 0.0522427 0.0511287 0.0501971 0.0493507 0.048265 0.0463985 0.0431493 0.0381444 0.0315232 0.0240063
 0.00540666 0.00885567 0.0134681 0.0192551 0.0260719 0.0335077 0.0408638 0.0473317 0.0522918 0.0555097 0.0571063 0.0573916 0.0567179 0.0554146 0.0537713 0.0520317 0.0503799 0.0489073 0.0475549 0.0460513 0.0439162 0.0405977 0.0357416 0.0294588 0.0223969
 0.00564096 0.00924083 0.0140556 0.0200955 0.0272046 0.034946 0.0425793 0.0492503 0.0543054 0.0574976 0.0589528 0.0589941 0.0579873 0.0562747 0.0541595 0.051899 0.0496916 0.0476493 0.045747 0.0437672 0.0412991 0.0378572 0.033121 0.02718 0.0206041
 0.00588018 0.00963102 0.0146455 0.020932 0.0283248 0.0363639 0.0442714 0.0511491 0.0563077 0.0594826 0.0608016 0.0606017 0.0592671 0.0571573 0.0545879 0.0518249 0.0490754 0.0464662 0.0440024 0.0415196 0.0386801 0.0350731 0.0304238 0.0248087 0.0187221
 0.0061314 0.0100425 0.0152703 0.0218209 0.0295161 0.0378674 0.0460526 0.0531249 0.0583594 0.0614804 0.0626259 0.0621539 0.060471 0.0579552 0.0549357 0.0516866 0.0484196 0.0452701 0.0422658 0.039289 0.036073 0.0322854 0.027704 0.0224006 0.0167983
 0.0063677 0.0104322 0.0158672 0.0226784 0.0306769 0.0393462 0.047819 0.0550971 0.0604157 0.063483 0.0644448 0.0636817 0.0616285 0.0586893 0.0552137 0.0514872 0.0477263 0.0440707 0.0405639 0.0371263 0.0335545 0.0295907 0.0250668 0.0200557 0.0149164
 0.00661992 0.0108427 0.016486 0.0235525 0.0318417 0.0408114 0.0495538 0.057024 0.0624198 0.065432 0.0662104 0.0651541 0.0627236 0.0593512 0.0554116 0.0512087 0.0469691 0.0428386 0.0388727 0.0350213 0.031134 0.0270183 0.0225563 0.0178238 0.0131227
 0.00685387 0.0112293 0.017079 0.0244048 0.0329936 0.0422726 0.051286 0.0589368 0.0643857 0.0673133 0.0678828 0.0665189 0.0637093 0.0599114 0.0555211 0.0508592 0.0461646 0.0415924 0.0372108 0.0329957 0.0288403 0.0246066 0.0202182 0.0157527 0.0114608
 0.00706743 0.011581 0.0176166 0.025176 0.0340364 0.0436007 0.0528729 0.0607084 0.0662294 0.0690978 0.0694803 0.0678218 0.0646392 0.060421 0.0555903 0.0504883 0.0453661 0.040388 0.0356342 0.0311029 0.0267242 0.0224042 0.0180994 0.0138858 0.00996762
 0.00728744 0.0119395 0.0181577 0.0259407 0.0350545 0.0448775 0.054376 0.0623634 0.0679296 0.0707245 0.0709212 0.068983 0.0654506 0.0608376 0.0555921 0.0500764 0.044558 0.0392124 0.034132 0.0293342 0.0247787 0.0204061 0.0161975 0.0122234 0.00864587
 0.00745458 0.0122157 0.0185814 0.0265503 0.0358802 0.0459289 0.0556293 0.0637573 0.0693745 0.0721193 0.0721704 0.0700061 0.066186 0.061243 0.0556432 0.0497662 0.0438948 0.0382189 0.0328462 0.0278137 0.0231073 0.0186955 0.0145762 0.0108125 0.00752833
 0.00754005 0.0123565 0.0187976 0.0268634 0.0363113 0.0464942 0.0563341 0.0645906 0.0703064 0.0731028 0.0731449 0.0709039 0.0669393 0.0617909 0.0559378 0.049775 0.0436022 0.0376272 0.0319779 0.0267148 0.0218505 0.0173786 0.0133111 0.00970312 0.00664586
 0.00759081 0.0124348 0.0189082 0.0270094 0.0364958 0.0467226 0.0566147 0.064934 0.0707222 0.0735948 0.0737059 0.0715107 0.0675514 0.0623536 0.0563892 0.0500556 0.0436641 0.0374419 0.031541 0.0260507 0.0210138 0.0164508 0.0123883 0.00887632 0.0059793
 0.00764903 0.0125212 0.0190227 0.0271466 0.0366467 0.0468775 0.0567669 0.0650822 0.0708724 0.0737605 0.0739053 0.0717602 0.067856 0.0626997 0.056742 0.0503635 0.0438685 0.0374901 0.0313991 0.0257134 0.0205091 0.0158374 0.011744 0.00827896 0.00548707
 0.0077382 0.0126579 0.0192126 0.0273881 0.0369298 0.0471837 0.0570699 0.0653511 0.0710796 0.0738913 0.0739643 0.0717698 0.0678485 0.0627047 0.0567748 0.0504174 0.0439151 0.0374868 0.0313031 0.0254971 0.0201721 0.0154101 0.0112796 0.00783753 0.00511675
 0.00776389 0.0127006 0.0192782 0.0274821 0.0370556 0.0473399 0.0572476 0.0655346 0.071249 0.0740282 0.0740568 0.0718168 0.0678598 0.0626981 0.0567698 0.0504266 0.0439366 0.0375019 0.0312813 0.0254084 0.020001 0.0151644 0.01099 0.00754623 0.00486252
 0.00782884 0.0127955 0.0194014 0.0276257 0.0372082 0.0474913 0.0573915 0.0656681 0.0713696 0.0741309 0.0741339 0.0718599 0.0678642 0.0626661 0.0567114 0.0503561 0.0438661 0.0374345 0.0312083 0.0253133 0.0198688 0.0149918 0.0107897 0.00734286 0.00468206
 0.00785431 0.0128419 0.0194799 0.0277478 0.0373806 0.0477094 0.0576354 0.0659056 0.0715671 0.0742652 0.0741988 0.0718633 0.0678199 0.0625874 0.0566084 0.0502379 0.0437414 0.0373102 0.0310867 0.0251903 0.0197374 0.014848 0.0106374 0.00719403 0.00455146
 0.00786252 0.0128482 0.0194769 0.0277265 0.0373354 0.0476439 0.057566 0.065857 0.0715614 0.0743111 0.0742877 0.0719746 0.0679317 0.0626842 0.0566831 0.0502891 0.0437709 0.0373202 0.0310787 0.0251647 0.0196932 0.0147855 0.0105608 0.00711203 0.00447485
 0.00788313 0.0128766 0.0195099 0.0277569 0.0373527 0.047637 0.0575264 0.0657835 0.0714634 0.0742091 0.0742072 0.0719372 0.0679459 0.0627426 0.0567681 0.0503808 0.0438536 0.037385 0.0311217 0.0251849 0.0196913 0.0147636 0.0105236 0.00706662 0.00442939
 0.00789281 0.0128899 0.0195254 0.0277711 0.0373606 0.0476326 0.0575041 0.0657385 0.0713942 0.0741193 0.0741078 0.0718455 0.0678816 0.0627212 0.0567944 0.0504474 0.0439442 0.0374807 0.031207 0.0252498 0.0197318 0.0147804 0.0105208 0.00705084 0.00440795
 0.0079052 0.0129069 0.019545 0.0277895 0.0373726 0.0476334 0.0574901 0.0657083 0.071348 0.074059 0.0740368 0.0717701 0.0678112 0.0626674 0.0567683 0.0504557 0.0439857 0.0375463 0.0312824 0.0253208 0.0197878 0.0148167 0.0105379 0.00705321 0.00440163
 0.00790075 0.0128996 0.0195337 0.027773 0.0373494 0.0476022 0.0574501 0.0656598 0.071293 0.0740008 0.0739803 0.0717203 0.0677726 0.062644 0.0567638 0.0504734 0.0440269 0.0376085 0.0313584 0.0253999 0.0198592 0.0148724 0.0105751 0.00707341 0.00440948
 0.00788389 0.0128717 0.019491 0.027712 0.0372685 0.0475027 0.057338 0.0655452 0.0711879 0.0739161 0.073923 0.0716931 0.0677747 0.0626724 0.0568149 0.0505434 0.0441125 0.0377057 0.0314621 0.0255029 0.0199532 0.0149502 0.0106328 0.00711121 0.00443095
 0.00786453 0.0128371 0.0194334 0.0276226 0.0371403 0.0473346 0.0571379 0.0653309 0.0709835 0.073746 0.0738066 0.0716408 0.0677877 0.0627436 0.0569321 0.0506922 0.0442792 0.0378788 0.0316318 0.0256609 0.0200922 0.0150645 0.0107194 0.00717113 0.00446827
 0.00784193 0.0127995 0.0193751 0.0275376 0.0370232 0.0471823 0.0569522 0.0651204 0.0707637 0.0735381 0.0736339 0.0715246 0.0677423 0.0627736 0.0570313 0.0508466 0.0444702 0.0380872 0.0318404 0.025856 0.0202634 0.0152053 0.0108271 0.00724696 0.00451698
 0.00785111 0.0128085 0.0193776 0.027524 0.0369826 0.0471065 0.0568388 0.0649737 0.0705937 0.0733585 0.07346 0.0713731 0.0676296 0.0627138 0.0570329 0.0509097 0.0445864 0.0382413 0.0320141 0.026031 0.0204247 0.0153423 0.0109344 0.00732409 0.00456761
 0.00781868 0.0127619 0.0193185 0.0274569 0.0369125 0.0470354 0.056764 0.0648891 0.0704943 0.0732443 0.0733383 0.0712569 0.0675343 0.0626534 0.0570179 0.0509455 0.044672 0.0383689 0.03217 0.0261981 0.020586 0.015484 0.0110482 0.00740753 0.0046233
 0.00776946 0.0126804 0.0191939 0.0272802 0.0366808 0.0467572 0.0564622 0.0645983 0.0702505 0.073073 0.0732483 0.0712416 0.0675802 0.0627475 0.0571514 0.0511129 0.0448688 0.0385885 0.0324024 0.0264297 0.0208017 0.0156707 0.0111972 0.00751677 0.00469638
 0.00775097 0.0126452 0.0191313 0.0271768 0.0365238 0.0465394 0.0561877 0.0642852 0.0699299 0.0727828 0.0730246 0.0711099 0.0675498 0.0628114 0.0572914 0.0513076 0.0450989 0.0388386 0.0326592 0.0266804 0.0210332 0.015871 0.0113582 0.00763584 0.00477683
 0.00934407 0.0148758 0.0218245 0.0299473 0.0388871 0.0480896 0.0567386 0.063899 0.0688378 0.071269 0.0713392 0.0694352 0.0660015 0.0614535 0.0561495 0.0503802 0.0443683 0.0382798 0.0322462 0.0263885 0.0208387 0.0157509 0.0112908 0.00760238 0.00476269
 0.0093449 0.0151696 0.0227817 0.0320258 0.0424322 0.0530646 0.0625538 0.0695064 0.0731013 0.0734104 0.0711949 0.0674007 0.0627595 0.0576836 0.0523591 0.0468722 0.0412864 0.03567 0.0301034 0.0246834 0.01953 0.0147892 0.0106202 0.00716265 0.00449408
 0.00898494 0.0146076 0.0220009 0.0310824 0.0415078 0.0524987 0.0628019 0.0709772 0.075912 0.0772047 0.0751883 0.0706757 0.0646473 0.0579951 0.051356 0.0450522 0.0391489 0.0335796 0.0282641 0.0231759 0.0183614 0.0139292 0.0100214 0.006771 0.0042554
 0.00880569 0.0143048 0.0215251 0.0303849 0.0405598 0.0513266 0.0615292 0.0698513 0.0752797 0.0774152 0.0764358 0.0728563 0.0673299 0.0605622 0.0532512 0.0459917 0.0391766 0.0329656 0.0273411 0.0222143 0.0175223 0.0132768 0.00955742 0.00646616 0.00407024
 0.00873007 0.0141735 0.0213111 0.0300556 0.0400813 0.0506737 0.0607005 0.0688869 0.0742791 0.076547 0.0759221 0.0729165 0.0680846 0.0619431 0.0549826 0.0476795 0.0404673 0.0336799 0.0275071 0.0220008 0.0171332 0.0128714 0.00922311 0.00622913 0.00392095
 0.00869798 0.01412 0.0212275 0.0299306 0.0399013 0.0504226 0.0603623 0.06845 0.0737449 0.075942 0.0753125 0.0724142 0.0678324 0.0620686 0.0555333 0.0485749 0.0415084 0.0346254 0.0281739 0.0223278 0.0171762 0.0127461 0.00904154 0.00606403 0.00380161
 0.0086974 0.0141175 0.0212203 0.0299148 0.0398709 0.0503703 0.0602786 0.0683235 0.0735631 0.0756943 0.0749982 0.0720535 0.0674765 0.0617991 0.0554418 0.0487237 0.0418908 0.0351536 0.0287114 0.0227494 0.0174188 0.0128205 0.00900579 0.00598367 0.00372263
 0.0086782 0.0140869 0.0211755 0.0298537 0.0397928 0.0502761 0.0601715 0.0682081 0.0734433 0.0755708 0.0748674 0.0719104 0.0673221 0.0616491 0.0553315 0.0487007 0.0419939 0.0353873 0.0290335 0.0230851 0.0176944 0.0129953 0.00908177 0.00599151 0.00369899
 0.00868191 0.0140914 0.0211796 0.0298549 0.039788 0.0502623 0.0601462 0.06817 0.0733922 0.0755072 0.074792 0.0718232 0.0672232 0.0615415 0.0552255 0.0486168 0.0419596 0.035425 0.0291464 0.0232498 0.0178693 0.0131399 0.00917427 0.00603333 0.00370647
 0.00866119 0.0140631 0.0211466 0.0298232 0.0397641 0.0502504 0.0601461 0.0681766 0.0733981 0.0755054 0.074778 0.0717956 0.0671824 0.0614897 0.0551669 0.0485597 0.0419172 0.035413 0.0291759 0.0233201 0.017965 0.0132373 0.00925238 0.00608258 0.00372946
 0.00866177 0.0140603 0.0211359 0.0297991 0.0397226 0.0501926 0.06008 0.0681154 0.0733547 0.0754869 0.0747823 0.0718134 0.0672025 0.061503 0.0551693 0.0485527 0.0419069 0.0354092 0.0291884 0.0233542 0.018018 0.0132991 0.00930977 0.00612592 0.00375589
 0.00864857 0.0140435 0.021119 0.0297872 0.0397203 0.0502004 0.0600928 0.0681248 0.0733531 0.0754726 0.0747602 0.0717917 0.067187 0.0614946 0.0551646 0.0485472 0.0418991 0.0354014 0.029186 0.0233625 0.0180391 0.0133297 0.00934316 0.00615508 0.00377669
 0.00862035 0.0139985 0.0210533 0.0296989 0.0396114 0.0500785 0.0599715 0.0680211 0.0732823 0.0754422 0.0747685 0.0718304 0.0672462 0.0615662 0.0552425 0.0486262 0.0419743 0.0354695 0.0292463 0.0234164 0.0180885 0.0133753 0.00938351 0.00618781 0.00380027
 0.00862475 0.0140021 0.021052 0.0296868 0.0395819 0.0500269 0.0598979 0.0679315 0.0731879 0.0753572 0.0747059 0.0717985 0.0672465 0.0615941 0.05529 0.0486846 0.0420365 0.0355302 0.0293024 0.0234666 0.0181328 0.0134138 0.00941608 0.00621378 0.00381923
 0.00862163 0.0139986 0.0210496 0.0296871 0.0395853 0.0500314 0.0598981 0.0679198 0.0731582 0.0753081 0.0746431 0.0717332 0.0671919 0.0615603 0.0552813 0.0486992 0.0420685 0.0355721 0.0293475 0.0235103 0.0181723 0.0134478 0.00944407 0.00623555 0.00383495
 0.00862163 0.0139986 0.0210496 0.0296871 0.0395853 0.0500314 0.0598981 0.0679198 0.0731582 0.0753081 0.0746431 0.0717332 0.0671919 0.0615603 0.0552813 0.0486992 0.0420685 0.0355721 0.0293475 0.0235103 0.0181723 0.0134478 0.00944407 0.00623555 0.00383495
 0.00881118 0.0142968 0.0214783 0.0302564 0.0402876 0.050834 0.0607375 0.0687058 0.0737904 0.0757011 0.0747489 0.0715507 0.0667627 0.0609545 0.0545797 0.0479771 0.0413842 0.0349634 0.0288332 0.0230954 0.0178526 0.0132135 0.00928204 0.00613075 0.00377213
 0.0088993 0.0144577 0.0217521 0.0306884 0.0409144 0.0516619 0.0617248 0.0697598 0.0747857 0.0765101 0.0752703 0.0717274 0.0665877 0.0604674 0.053856 0.0471113 0.0404722 0.0340867 0.0280498 0.0224379 0.017332 0.0128247 0.00900876 0.00595122 0.00366269
 0.00873524 0.0142036 0.0213961 0.0302356 0.0403945 0.0511357 0.0612837 0.0695095 0.0748129 0.0768461 0.0758711 0.072485 0.0673647 0.0611386 0.0543383 0.047376 0.0405386 0.0340057 0.0278834 0.0222419 0.0171465 0.0126716 0.00889534 0.0058748 0.00361569
 0.00863563 0.0140242 0.0210954 0.0297683 0.0397277 0.0502731 0.0602861 0.0684978 0.0739456 0.0762779 0.07571 0.0727614 0.0680233 0.0620547 0.0553535 0.0483414 0.0413492 0.0346144 0.0282949 0.0224935 0.0172862 0.0127428 0.00892933 0.00589057 0.00362315
 0.00847965 0.0137716 0.0207166 0.0292358 0.0390203 0.0493851 0.0592393 0.067352 0.0728012 0.0752669 0.0749755 0.0724268 0.0681589 0.0626523 0.0563234 0.0495339 0.0425949 0.0357671 0.0292603 0.023236 0.017817 0.0130993 0.00915618 0.00602789 0.00370211
 0.00854229 0.0138516 0.0207961 0.0292822 0.0389924 0.049243 0.0589542 0.0669125 0.0722164 0.07457 0.0742274 0.0717174 0.0675961 0.0623382 0.0563222 0.0498472 0.0431574 0.0364672 0.0299764 0.0238714 0.0183188 0.0134578 0.00939065 0.00616953 0.00378168
 0.00843208 0.0136887 0.0205801 0.0290214 0.0386984 0.0489233 0.0586086 0.0665353 0.0718039 0.0741285 0.073778 0.0712958 0.0672506 0.0621248 0.056295 0.0500424 0.0435756 0.0370641 0.0306699 0.0245655 0.0189319 0.0139422 0.00973614 0.00639345 0.00391418
#pred catch len freq
 0.00337496 0.00539753 0.00799178 0.0111552 0.0149117 0.019285 0.0242346 0.0296183 0.0352103 0.0407451 0.0459584 0.0506251 0.0545913 0.057785 0.060197 0.0618502 0.0627748 0.0629838 0.0624296 0.0609374 0.0581669 0.0536926 0.0472467 0.0390232 0.0298134
 0.003665 0.00580759 0.00849953 0.0117129 0.0154745 0.0198475 0.0248459 0.0303557 0.0361172 0.0417713 0.0469451 0.0513515 0.0548622 0.0575127 0.05944 0.060793 0.061658 0.0620142 0.0617062 0.060428 0.0577478 0.0532302 0.0466747 0.0383698 0.0291693
 0.00382898 0.00609279 0.00895911 0.0123973 0.0164085 0.0210033 0.0261324 0.0316439 0.0372956 0.042792 0.0478193 0.0520918 0.0554195 0.0577677 0.0592627 0.0601284 0.0605756 0.0606858 0.0603273 0.0591352 0.0565828 0.0521663 0.0456779 0.0374447 0.028361
 0.00403756 0.00641576 0.00941974 0.0130185 0.0172227 0.0220572 0.0274741 0.0332868 0.0391764 0.0447545 0.0496475 0.0535804 0.0564345 0.0582549 0.0592129 0.0595443 0.0594784 0.0591461 0.0584791 0.0571476 0.0546108 0.0503195 0.0440242 0.0360315 0.0272251
 0.00425682 0.00676517 0.00993292 0.0137236 0.0181406 0.0231991 0.0288398 0.0348656 0.0409472 0.0466763 0.0516377 0.0554949 0.0580755 0.0594149 0.059731 0.0593426 0.0585629 0.0575917 0.0564161 0.0547511 0.0520815 0.047855 0.0417914 0.0341497 0.0257568
 0.0044895 0.00713351 0.0104706 0.0144604 0.0191027 0.0244078 0.0303037 0.036569 0.0428427 0.0486854 0.0536591 0.0574136 0.0597648 0.0607344 0.0605312 0.0594862 0.0579596 0.0562285 0.0543712 0.0521883 0.0492288 0.0449705 0.0391205 0.031882 0.0239962
 0.00470058 0.00747251 0.0109745 0.0151647 0.0200404 0.0256047 0.0317698 0.0382896 0.0447715 0.050744 0.0557406 0.0593912 0.0615045 0.0621058 0.0614129 0.0597669 0.0575459 0.0550658 0.0524746 0.0496676 0.0462917 0.0418956 0.0362029 0.0293685 0.0220332
 0.00491456 0.00781168 0.0114706 0.0158464 0.0209349 0.0267364 0.0331546 0.0399235 0.0466206 0.0527384 0.0577769 0.0613421 0.063234 0.0634838 0.0623232 0.0601099 0.057239 0.0540523 0.0507453 0.0472923 0.0434406 0.0388309 0.0332312 0.0267668 0.0199801
 0.00521157 0.0082691 0.0121132 0.0166849 0.0219705 0.0279676 0.0345769 0.0415239 0.0483681 0.0545781 0.0596277 0.063101 0.0647848 0.0647093 0.0631159 0.0603774 0.0569066 0.0530677 0.0490942 0.0450245 0.040697 0.0358469 0.0303005 0.0241708 0.0179119
 0.0055117 0.00874771 0.0128162 0.0176491 0.0232174 0.0294941 0.0363453 0.0434583 0.0503648 0.056525 0.0614212 0.064654 0.0660257 0.0655771 0.0635553 0.0603364 0.0563363 0.0519293 0.0473743 0.0427617 0.0380089 0.0329401 0.0274434 0.0216296 0.0158771
 0.00582406 0.00924295 0.0135404 0.0186424 0.0245143 0.0311182 0.0382955 0.0456893 0.0527728 0.058948 0.0636618 0.0665183 0.0673649 0.0663112 0.0636699 0.0598576 0.0553017 0.0503712 0.0453247 0.0402764 0.035199 0.0299887 0.0245888 0.0191111 0.0138671
 0.00614653 0.00974097 0.014243 0.0195649 0.0256634 0.0324987 0.0399089 0.0475236 0.0547876 0.061061 0.0657439 0.0684021 0.0688705 0.0672827 0.0640082 0.0595339 0.054347 0.0488517 0.043322 0.0378863 0.0325477 0.0272478 0.0219667 0.0168125 0.0120383
 0.00651156 0.0103062 0.0150417 0.0206106 0.0269509 0.0340054 0.0415937 0.0493256 0.05663 0.0628597 0.0674134 0.0698552 0.0700144 0.0680211 0.0642529 0.0592231 0.0534619 0.0474217 0.0414197 0.03562 0.0300586 0.0247087 0.0195683 0.0147314 0.0103944
 0.00683161 0.0108214 0.0158077 0.0216759 0.0283479 0.0357358 0.0436108 0.0515257 0.058861 0.0649478 0.0691948 0.0712036 0.0708551 0.0683279 0.0640331 0.0585 0.0522652 0.0457912 0.0394158 0.0333348 0.0276206 0.0222772 0.0173148 0.0128069 0.00889328
 0.00715003 0.0113231 0.0165355 0.0226653 0.0296288 0.0373296 0.0455178 0.0537034 0.0612049 0.0672865 0.0713098 0.072872 0.071902 0.0686651 0.0636666 0.0575073 0.0507588 0.0438879 0.0372258 0.0309673 0.0251969 0.0199352 0.0151968 0.0110327 0.00753091
 0.00739942 0.0117168 0.0171073 0.0234421 0.0306302 0.0385661 0.0469843 0.0553717 0.063017 0.0691507 0.0731002 0.0744343 0.0730717 0.0692995 0.0636792 0.0568887 0.0495739 0.0422527 0.0352783 0.0288484 0.0230439 0.0178813 0.0133647 0.00951741 0.00637999
 0.00755836 0.011969 0.0174764 0.023949 0.0312933 0.0393996 0.0479931 0.0565433 0.0643158 0.070516 0.0744482 0.0756651 0.0740781 0.0699775 0.0639417 0.0566815 0.0488904 0.0411398 0.0338301 0.0271899 0.021313 0.0162126 0.0118749 0.00829014 0.00545343
