    unsorted:	 11786.76499 12211.46579 12591.64181 11347.88588 10929.03991 10477.89869 9947.040595 9372.077454 9008.692524 8658.139092 8009.656838 7318.161647 6933.490093 6593.890978 5872.135545 5031.007784 5083.783653 5266.975704 4346.599946 3813.992088 3615.399845 2900.753880 2219.389911 1589.660968 1029.162609 559.5292644 208.2687350 30230.97406 30129.62733 30487.15867 30778.76209 29834.47267 31206.36347 29368.05649 31690.94000 32324.11637 28174.54604 32982.92582 33857.33878 20916.91064 21180.42434 34800.13739 35935.43942 37189.31182 38648.19518 40291.45698 42163.09716 44200.72569 46567.85885 49085.86070 51952.22086 55074.67390 58358.44723 61874.83693 65270.82093 68988.81810 72958.77279 77708.59831 82775.73435 88307.71682 94101.09921 100008.7296 106365.2245 112299.6298 118568.4068 123809.3247 129496.6655 133336.4058 137090.7761 137523.6754 139829.2927 140951.9471 142491.0997 143310.5126 146000.9729 146238.8266 824585.4130 825029.4899 824046.7472 823841.7540 826259.2954 827420.9145 828940.4518 829952.8777 830123.7468 830789.9348 831877.0500 832583.6781 820673.5710 819712.2111 819187.6156 817607.1554 817222.6126 816622.8918 833727.0971 814497.4863 813251.9031 812609.1146 835477.8994 811067.6383 836875.9552 809932.3548 840470.5018 840843.9334 806491.9498 805459.9457 803170.4879 847475.9523 852314.7944 790229.0397 864522.0514 781729.5844 873595.8940 889305.4533 894381.6610 903352.9413 198548.7939 928319.4410 274221.3913 402687.9987 402803.9796 384149.5257 949124.2793 583889.1506 983314.9527 1010932.348 1037976.074 1119466.780 19571080.16
      sorted:	 208.2687350 559.5292644 1029.162609 1589.660968 2219.389911 2900.753880 3615.399845 3813.992088 4346.599946 5031.007784 5083.783653 5266.975704 5872.135545 6593.890978 6933.490093 7318.161647 8009.656838 8658.139092 9008.692524 9372.077454 9947.040595 10477.89869 10929.03991 11347.88588 11786.76499 12211.46579 12591.64181 20916.91064 21180.42434 28174.54604 29368.05649 29834.47267 30129.62733 30230.97406 30487.15867 30778.76209 31206.36347 31690.94000 32324.11637 32982.92582 33857.33878 34800.13739 35935.43942 37189.31182 38648.19518 40291.45698 42163.09716 44200.72569 46567.85885 49085.86070 51952.22086 55074.67390 58358.44723 61874.83693 65270.82093 68988.81810 72958.77279 77708.59831 82775.73435 88307.71682 94101.09921 100008.7296 106365.2245 112299.6298 118568.4068 123809.3247 129496.6655 133336.4058 137090.7761 137523.6754 139829.2927 140951.9471 142491.0997 143310.5126 146000.9729 146238.8266 198548.7939 274221.3913 384149.5257 402687.9987 402803.9796 583889.1506 781729.5844 790229.0397 803170.4879 805459.9457 806491.9498 809932.3548 811067.6383 812609.1146 813251.9031 814497.4863 816622.8918 817222.6126 817607.1554 819187.6156 819712.2111 820673.5710 823841.7540 824046.7472 824585.4130 825029.4899 826259.2954 827420.9145 828940.4518 829952.8777 830123.7468 830789.9348 831877.0500 832583.6781 833727.0971 835477.8994 836875.9552 840470.5018 840843.9334 847475.9523 852314.7944 864522.0514 873595.8940 889305.4533 894381.6610 903352.9413 928319.4410 949124.2793 983314.9527 1010932.348 1037976.074 1119466.780 19571080.16
