SBPRF35
12.7214
Curr Bio
829912
B35
870413
F35
0.171591
FOFL
0.16368
OFL
111552
Bzero
3.63469e+006
#pred survey bio
 3.02613e+006 2.73857e+006 2.49763e+006 2.25096e+006 2.03238e+006 1.82927e+006 1.61795e+006 1.40225e+006 1.22807e+006 1.08057e+006 970235 880139 779557 709119 657844 619467 594365 567138 546684 536962 529730 521860 515440 515798 516137 522394 531299 538355 550639 557989 572175 585979 605685 618658 631324 634577 644580 652483 667633 688308 692926 688646 695970 704940 711083 713585 708998 726056 734625 747650 764041 777288 792307 806890 810499 813387 835645 2.93298e+007 1.80379e+007 1.8699e+007 1.97328e+007 2.09766e+007 2.22597e+007 2.34625e+007 2.45192e+007 2.54066e+007 2.61282e+007 2.67018e+007 2.71508e+007 2.74984e+007 2.77659e+007 2.79709e+007 2.8128e+007 2.82483e+007 2.83408e+007 2.84121e+007 2.84672e+007 2.851e+007 2.85434e+007 2.85696e+007 2.85902e+007 2.86065e+007 2.86194e+007 2.86297e+007 2.86379e+007 2.86444e+007 2.86497e+007 2.8654e+007 2.86574e+007 2.86602e+007 2.86624e+007 2.86642e+007 2.86657e+007 2.86669e+007 2.86679e+007 2.86687e+007 2.86694e+007 2.86699e+007 2.86703e+007 2.86707e+007 2.8671e+007 2.86712e+007 2.86714e+007 2.86716e+007 2.86717e+007 2.86718e+007 2.86719e+007 2.8672e+007 2.8672e+007 2.86721e+007 2.86721e+007 2.86722e+007 2.86722e+007 2.86722e+007 2.86722e+007 2.86722e+007 2.86722e+007 2.86723e+007 2.86723e+007 2.86723e+007 2.86723e+007 2.86723e+007 2.86723e+007 2.86723e+007 2.86723e+007 2.86723e+007 2.86723e+007 2.86723e+007 2.86723e+007 2.86723e+007 2.86723e+007 2.86723e+007 2.86723e+007 2.86723e+007 2.86723e+007 2.86723e+007 2.86723e+007 2.86723e+007 2.86723e+007 2.86723e+007 2.86723e+007 2.86723e+007 2.86723e+007 2.86723e+007 2.86723e+007 2.86723e+007 2.86723e+007 2.86723e+007 2.86723e+007 2.86723e+007 2.86723e+007 2.86723e+007 2.86723e+007 2.86723e+007 2.86723e+007 2.86723e+007 2.86723e+007 0 0 0 0 0 0 0 0 0 0 0 0 0 0 0 0 0 0 0 0 0 0 0 0 0
#obs survey bio
 2.92559e+006 2.10943e+006 2.50117e+006 1.79868e+006 1.77605e+006 1.99436e+006 1.60505e+006 1.19097e+006 1.23266e+006 679831 894921 577995 1.0501e+006 560892 569825 737246 699648 440347 487992 434000 546588 415101 504997 450597 560211 489785 408470 541372 505263 712754 528247 555612 550706 582953 554170 680291 653816 828895 759677 877505 769946 562878 517278 569268 707872 826803 892847 549155 664255 748948 673576 1.15523e+006 688791 962249 740550 803784 727750
#pred catch bio
 298933 273136 295990 286792 287728 307272 319705 288170 267395 235617 217403 222639 190437 167998 151528 135837 134218 125805 115072 111847 110986 108191 101375 100598 95334.9 93968.4 96759.2 93653.5 99093.9 94433.9 96036.3 92714.8 100030 101214 109267 103229 104742 98457.4 94338.8 108208 115310 106135 106852 110868 114047 118970 100327 108672 106025 104460 107972 107070 108716 119710 122091 108708 128706 111552 119190 122627 128496 136079 143971 151294 157612 162793 166883 170023 172380 174121 175388 176302 176955 177419 177746 177976 178137 178250 178328 178383 178421 178447 178465 178478 178486 178492 178496 178499 178501 178503 178503 178504 178505 178505 178505 178505 178505 178505 178505 178505 178506 178506 178506 178506 178506 178506 178506 178506 178506 178506 178506 178506 178506 178506 178506 178506 178506 178506 178506 178506 178506 178506 178506 178506 178506 178506 178506 178506 178506 178506 178506 178506 178506 178506 178506 178506 178506 178506 178506 178506 178506 178506 178506 178506 178506 178506 178506 178506 178506 178506 178506 178506 178506 178506 178506 178506 178506 0 0 0 0 0 0 0 0 0 0 0 0 0 0 0 0 0 0 0 0 0 0 0 0 0
#obs catch bio
 237681 273474 296671 287245 288358 308296 320968 291637 271098 239751 219973 226912 192495 169616 152268 135904 133666 126451 115772 112746 111803 108852 101743 101095 95302 93841.2 97183 93872.3 99516.6 94902.9 96326.8 92871.7 100377 101708 109750 103446 104963 98289.8 93899.6 107426 114351 105453 106868 111373 114463 118581 99524.9 108236 105786 104222 107872 106649 108322 119288 121896 108169 128864
#pred cpue bio
 2.98726e+006 2.7009e+006 2.46013e+006 2.21382e+006 1.9957e+006 1.79301e+006 1.58255e+006 1.36804e+006 1.19498e+006 1.04873e+006 939484 850479 751688 682999 633284 596143 571881 545240 525162 515718 508791 501305 495213 495743 496276 502463 511016 517798 529800 536960 550925 564505 583779 596472 608990 612345 622357 630363 645438 665886 670495 666144 672946 681402 687439 690256 686029 702808 711073 723728 739890 753083 767903 782005 785163 787540 808931 2.83869e+007 1.74641e+007 1.80331e+007 1.89809e+007 2.02013e+007 2.148e+007 2.26821e+007 2.37388e+007 2.46261e+007 2.53477e+007 2.59214e+007 2.63703e+007 2.6718e+007 2.69854e+007 2.71905e+007 2.73475e+007 2.74679e+007 2.75603e+007 2.76316e+007 2.76867e+007 2.77295e+007 2.77629e+007 2.77891e+007 2.78097e+007 2.7826e+007 2.78389e+007 2.78492e+007 2.78574e+007 2.7864e+007 2.78692e+007 2.78735e+007 2.78769e+007 2.78797e+007 2.78819e+007 2.78838e+007 2.78853e+007 2.78865e+007 2.78874e+007 2.78882e+007 2.78889e+007 2.78894e+007 2.78899e+007 2.78902e+007 2.78905e+007 2.78908e+007 2.78909e+007 2.78911e+007 2.78912e+007 2.78913e+007 2.78914e+007 2.78915e+007 2.78916e+007 2.78916e+007 2.78916e+007 2.78917e+007 2.78917e+007 2.78917e+007 2.78917e+007 2.78918e+007 2.78918e+007 2.78918e+007 2.78918e+007 2.78918e+007 2.78918e+007 2.78918e+007 2.78918e+007 2.78918e+007 2.78918e+007 2.78918e+007 2.78918e+007 2.78918e+007 2.78918e+007 2.78918e+007 2.78918e+007 2.78918e+007 2.78918e+007 2.78918e+007 2.78918e+007 2.78918e+007 2.78918e+007 2.78918e+007 2.78918e+007 2.78918e+007 2.78918e+007 2.78918e+007 2.78918e+007 2.78918e+007 2.78918e+007 2.78918e+007 2.78918e+007 2.78918e+007 2.78918e+007 2.78918e+007 2.78918e+007 2.78918e+007 2.78918e+007 2.78918e+007 2.78918e+007 2.78918e+007 2.78918e+007 0 0 0 0 0 0 0 0 0 0 0 0 0 0 0 0 0 0 0 0 0 0 0 0 0
#obs cpue bio
 2.94179e+006 2.53735e+006 2.86111e+006 2.61319e+006 2.07592e+006 1.57631e+006 1.59875e+006 800224 954897 1.01276e+006 1.1233e+006 873422 617177 768194 842746 579866 683369 401588 480737 512672 469569 619255 514798 510892 601032 574118 452382 517013 533471 332670 696606 567610 598538 491462 777807 573950 653284 649095 703057 802719 747033 702350 552839 583256 708627 1.20965e+006 717843 853093 663954 738017 804825 676528 859430 746450 784286 874296 714500
#pred surv len freq
 0.00480774 0.00786341 0.0119419 0.0170566 0.0230984 0.0297425 0.0364242 0.0424804 0.0473957 0.0509652 0.0532706 0.0545421 0.0550346 0.0549702 0.054525 0.0538349 0.0530084 0.0521256 0.0511933 0.0500536 0.048311 0.0453874 0.0407761 0.0343952 0.0267961
 0.00523628 0.00850017 0.0127921 0.0180949 0.0242874 0.0310575 0.0378606 0.044034 0.049026 0.0525683 0.0546874 0.0556036 0.0556229 0.05506 0.0541839 0.0531832 0.05216 0.0511368 0.0500438 0.048672 0.0466364 0.0434388 0.0386844 0.0323728 0.0250568
 0.00542783 0.00885977 0.013418 0.0190969 0.0257477 0.0329779 0.0401274 0.0464354 0.051322 0.0545708 0.0562961 0.0567828 0.0563529 0.0553128 0.0539384 0.052456 0.0510145 0.0496587 0.0483019 0.0466995 0.0444528 0.0410984 0.0363133 0.0301568 0.0231815
 0.00571594 0.00930495 0.0140496 0.0199396 0.0268325 0.0343495 0.0418333 0.0484903 0.0536633 0.0570359 0.0586458 0.0587668 0.0577799 0.0560845 0.0540382 0.0519176 0.0498984 0.0480424 0.0462733 0.0443502 0.0418805 0.0384238 0.033695 0.0277793 0.0212095
 0.00598902 0.00975215 0.014727 0.0208972 0.0281006 0.0359216 0.0436556 0.050472 0.0557053 0.059056 0.0605773 0.0605299 0.059258 0.0571323 0.0545195 0.0517457 0.0490541 0.0465671 0.0442522 0.0418998 0.0391457 0.03558 0.0309426 0.0253193 0.0192002
 0.0062127 0.0101252 0.0153063 0.021743 0.0292655 0.0374312 0.0454881 0.0525466 0.0578921 0.0612034 0.0625451 0.0622126 0.0605863 0.0580539 0.0549773 0.0516713 0.048384 0.0452716 0.042358 0.0394992 0.0363941 0.0326842 0.0281374 0.0228272 0.0171836
 0.00650086 0.0105909 0.0160027 0.0227192 0.0305591 0.0390561 0.0474186 0.0547086 0.0601666 0.0634431 0.064596 0.0639356 0.0618748 0.0588432 0.0552382 0.0513918 0.0475533 0.0438789 0.0404131 0.0370624 0.0335976 0.0297323 0.0252767 0.0202941 0.0151463
 0.00680371 0.0110943 0.0167802 0.0238441 0.0320874 0.0410002 0.0497225 0.0572428 0.0627508 0.0658849 0.0667252 0.0656221 0.0630314 0.0594225 0.0552267 0.0508007 0.0464062 0.0422035 0.0382457 0.0344682 0.0306977 0.0267147 0.0223765 0.017742 0.013106
 0.00705673 0.0115047 0.0173974 0.0247167 0.0332582 0.0424947 0.0515337 0.0593166 0.0649824 0.0681281 0.0688125 0.0673898 0.0643454 0.0601935 0.0554135 0.050401 0.0454433 0.0407157 0.0362852 0.0321122 0.0280662 0.023981 0.0197526 0.0154351 0.0112638
 0.00729725 0.0118961 0.0179868 0.0255481 0.0343633 0.0438806 0.0531695 0.0611311 0.066875 0.0699871 0.0705292 0.0688629 0.0654812 0.06091 0.0556485 0.0501205 0.0446434 0.0394206 0.0345447 0.030006 0.025713 0.0215424 0.0174191 0.0133894 0.00963443
 0.00747984 0.0121903 0.0184251 0.0261601 0.035172 0.044895 0.054376 0.0624879 0.0683149 0.071428 0.0718858 0.070056 0.0664412 0.0615768 0.0559702 0.0500539 0.0441592 0.0385109 0.0332316 0.028349 0.0238147 0.019547 0.0154951 0.0116962 0.00828327
 0.00748277 0.0122294 0.0185474 0.0264298 0.0356545 0.0456311 0.0553596 0.0636623 0.0695886 0.0727008 0.0730695 0.0710827 0.0672616 0.0621548 0.0562769 0.050064 0.0438501 0.037868 0.0322586 0.0270809 0.022328 0.0179589 0.0139477 0.0103258 0.00718596
 0.00753321 0.0123257 0.0187202 0.0267207 0.0361114 0.046297 0.0562574 0.0647788 0.0708647 0.0740335 0.0743283 0.0721395 0.0680213 0.0625721 0.0563528 0.0498258 0.043331 0.0370947 0.0312543 0.0258783 0.0209843 0.0165624 0.0126088 0.00915171 0.00625201
 0.00758666 0.0123957 0.0187959 0.0267863 0.0361562 0.0463305 0.0563184 0.0649308 0.0711758 0.0745471 0.0750399 0.0729886 0.0689039 0.0633685 0.0569584 0.0501726 0.0433919 0.0368746 0.0307777 0.0251845 0.0201293 0.0156227 0.0116754 0.00831389 0.00557474
 0.00765278 0.0124923 0.0189203 0.0269264 0.0362915 0.0464355 0.0563701 0.0649195 0.0711175 0.0744895 0.075053 0.0731393 0.0692238 0.0638336 0.0574924 0.0506719 0.0437576 0.0370376 0.0307092 0.0248937 0.0196578 0.015036 0.0110528 0.00773272 0.00509312
 0.00775325 0.0126385 0.019108 0.0271396 0.0365057 0.0466231 0.0565055 0.064983 0.0710987 0.0743931 0.0749048 0.0729866 0.069126 0.0638418 0.0576264 0.0509069 0.0440291 0.0372632 0.0308166 0.0248424 0.0194477 0.0147038 0.0106585 0.0073412 0.00475644
 0.00791827 0.0128767 0.0194102 0.0274766 0.0368343 0.0468979 0.0566896 0.0650536 0.0710498 0.0742362 0.0746675 0.0727089 0.0688548 0.0636236 0.0574983 0.0508853 0.044101 0.0373858 0.0309294 0.0248884 0.0193937 0.0145509 0.0104374 0.00709791 0.00453401
 0.0080308 0.0130724 0.0197258 0.0279475 0.0374778 0.0476916 0.0575569 0.0658719 0.0716843 0.0745839 0.0746886 0.0724307 0.0683529 0.0629957 0.0568402 0.0502753 0.0435886 0.0369864 0.0306264 0.0246451 0.0191715 0.0143256 0.0102072 0.00687804 0.00434498
 0.0080801 0.0131506 0.0198413 0.0281107 0.0377033 0.0479986 0.0579631 0.0663797 0.0722651 0.0751699 0.0751832 0.0727383 0.0684134 0.0628059 0.0564514 0.0497713 0.0430568 0.0364943 0.0302097 0.0243081 0.0188983 0.0140952 0.0100059 0.0067035 0.00420197
 0.00806294 0.0131216 0.0197963 0.028046 0.0376191 0.0479025 0.0578741 0.0663292 0.0722909 0.0753039 0.0754346 0.0730805 0.0687849 0.0631282 0.0566583 0.0498331 0.0429871 0.0363372 0.0300163 0.0241176 0.0187294 0.0139508 0.00988212 0.00659786 0.00411532
 0.00800827 0.0130403 0.0196878 0.0279146 0.0374722 0.0477485 0.0577218 0.0661894 0.0721794 0.0752428 0.0754492 0.0731907 0.0689935 0.0634119 0.0569694 0.0501136 0.0431902 0.0364429 0.0300342 0.0240752 0.0186569 0.0138702 0.00980556 0.00653079 0.00406031
 0.00801395 0.0130402 0.0196709 0.0278662 0.037379 0.0476064 0.0575412 0.065994 0.0719986 0.0751026 0.0753671 0.0731764 0.0690518 0.0635418 0.0571599 0.0503398 0.0434161 0.0366324 0.0301635 0.0241396 0.0186682 0.0138477 0.00976759 0.0064903 0.0040247
 0.00801774 0.013046 0.0196781 0.0278723 0.0373782 0.0475884 0.0574928 0.0659037 0.0718641 0.0749361 0.0751945 0.0730305 0.068961 0.0635232 0.0572161 0.0504596 0.0435773 0.0368058 0.03032 0.0242582 0.0187409 0.0138794 0.0097705 0.00647793 0.00400758
 0.00796564 0.012962 0.0195534 0.0277005 0.0371576 0.0473256 0.0572043 0.0656151 0.0716035 0.0747273 0.0750534 0.0729655 0.0689764 0.06362 0.0573904 0.0506999 0.0438634 0.0371104 0.0306134 0.024514 0.0189422 0.0140212 0.00985912 0.0065262 0.00402968
 0.00803565 0.0130509 0.0196414 0.0277538 0.0371379 0.0472049 0.0569778 0.0653045 0.0712501 0.0743791 0.0747535 0.0727446 0.0688505 0.0635922 0.0574543 0.0508431 0.0440682 0.0373547 0.030871 0.0247588 0.0191523 0.0141839 0.0099722 0.00659629 0.00406808
 0.00814452 0.013208 0.0198396 0.0279702 0.037336 0.0473404 0.0570072 0.0651957 0.0709942 0.0739996 0.0743049 0.0722986 0.0684747 0.0633325 0.0573278 0.0508422 0.0441698 0.0375285 0.031085 0.0249822 0.0193592 0.0143559 0.0101008 0.00668262 0.0041199
 0.00810055 0.0131605 0.0198113 0.0279939 0.0374414 0.0475359 0.0572656 0.0654564 0.0711825 0.0740539 0.0741995 0.0720512 0.0681384 0.0629773 0.0570197 0.0506263 0.0440641 0.0375257 0.0311612 0.0251061 0.0194998 0.0144883 0.0102092 0.00676096 0.00417014
 0.00807853 0.0131208 0.0197461 0.0278983 0.03732 0.0474096 0.0571728 0.0654401 0.0712686 0.0742309 0.0744155 0.0722342 0.0682292 0.0629542 0.0569042 0.0504685 0.0439185 0.037432 0.0311346 0.0251396 0.0195727 0.0145762 0.0102921 0.00682699 0.00421579
 0.00803745 0.0130524 0.0196401 0.0277441 0.0371096 0.0471422 0.0568611 0.065115 0.0709776 0.0740283 0.0743445 0.072308 0.068422 0.0632106 0.0571626 0.0506867 0.0440858 0.0375629 0.0312525 0.025261 0.0197002 0.0147014 0.0104028 0.00691416 0.00427682
 0.0079649 0.0129512 0.0195183 0.0276182 0.0369982 0.0470564 0.0567979 0.0650592 0.0709114 0.0739438 0.0742516 0.0722324 0.0683933 0.0632466 0.0572592 0.0508202 0.0442263 0.0376893 0.0313592 0.0253537 0.0197865 0.0147839 0.0104781 0.00697689 0.00432338
 0.00793514 0.0128846 0.0193861 0.0273869 0.0366433 0.046581 0.0562453 0.0645066 0.0704448 0.0736272 0.0741093 0.0722526 0.0685457 0.0634993 0.0575849 0.0511933 0.0446188 0.0380718 0.0317073 0.0256528 0.0200326 0.0149795 0.0106279 0.00708596 0.00439754
 0.00793864 0.0128875 0.0193839 0.0273697 0.0365936 0.0464739 0.0560529 0.0642107 0.0700525 0.0731802 0.0736778 0.0719128 0.0683531 0.0634724 0.0577082 0.0514306 0.0449277 0.0384124 0.0320454 0.0259625 0.0202974 0.0151923 0.0107891 0.00720091 0.00447405
 0.00786097 0.0127696 0.019222 0.0271661 0.0363554 0.0462108 0.0557753 0.0639272 0.0697689 0.0729015 0.0734138 0.0716846 0.0681939 0.063419 0.0577856 0.0516403 0.0452463 0.0387993 0.0324554 0.0263552 0.0206435 0.0154751 0.0110041 0.00735274 0.00457333
 0.00776089 0.0126232 0.0190319 0.0269455 0.0361246 0.0459908 0.0555826 0.063771 0.0696504 0.0728143 0.0733457 0.0716238 0.068136 0.0633734 0.0577746 0.0516905 0.0453753 0.0390065 0.0327206 0.0266461 0.0209258 0.0157221 0.0112006 0.00749555 0.00466823
 0.00766338 0.0124668 0.0188019 0.0266325 0.0357305 0.0455351 0.0551058 0.0633304 0.0693044 0.0726038 0.0732814 0.0716868 0.0682899 0.0635801 0.0580072 0.0519385 0.045641 0.039296 0.033033 0.0269689 0.0212373 0.0159986 0.0114251 0.00766165 0.00477995
 0.00762099 0.0124022 0.0187121 0.0265166 0.0355878 0.0453643 0.0549062 0.063105 0.0690655 0.0723744 0.0730915 0.0715636 0.0682479 0.0636165 0.0581056 0.0520785 0.0458076 0.039482 0.0332361 0.0271847 0.0214552 0.016203 0.0116003 0.00779757 0.00487504
 0.00753294 0.0122608 0.0185033 0.0262301 0.0352214 0.0449288 0.0544288 0.062628 0.0686367 0.0720358 0.0728714 0.0714752 0.0682922 0.0637842 0.0583773 0.0524264 0.0461995 0.0398883 0.0336337 0.0275576 0.0217913 0.0164921 0.0118344 0.00797356 0.00499623
 0.00751421 0.012221 0.0184259 0.0260942 0.0350062 0.0446225 0.0540363 0.0621745 0.0681644 0.0715948 0.07251 0.0712309 0.0681864 0.0638211 0.0585457 0.0527034 0.0465549 0.0402883 0.0340457 0.0279535 0.0221498 0.0167982 0.0120798 0.00815655 0.00512192
 0.00748345 0.0121653 0.0183314 0.0259433 0.0347809 0.0443093 0.0536331 0.0616953 0.0676406 0.0710729 0.0720446 0.0708757 0.0679836 0.0637926 0.0586904 0.0529995 0.0469661 0.0407709 0.0345554 0.02845 0.0226004 0.0171807 0.0123826 0.00837918 0.00527277
 0.00740768 0.012046 0.0181586 0.0257099 0.0344827 0.0439461 0.0532108 0.0612279 0.0671513 0.0705932 0.0716119 0.0705304 0.0677637 0.0637275 0.0587948 0.0532686 0.0473755 0.0412809 0.0351171 0.0290138 0.0231226 0.017629 0.0127393 0.00864119 0.00544965
 0.00748042 0.0121517 0.0182943 0.0258636 0.0346358 0.0440768 0.053297 0.0612485 0.0670878 0.0704323 0.0713516 0.0701849 0.0673661 0.0633269 0.0584464 0.0530217 0.0472612 0.0413054 0.035262 0.0292427 0.0233913 0.0178957 0.0129727 0.00882425 0.005579
 0.00767009 0.0124408 0.0186926 0.026365 0.035217 0.0446982 0.0539035 0.0617741 0.067466 0.0706105 0.071303 0.0699126 0.0669005 0.0627203 0.0577665 0.0523426 0.0466522 0.0408187 0.0349235 0.0290499 0.0233185 0.0179049 0.0130249 0.00888833 0.0056357
 0.00769522 0.0124955 0.0187997 0.0265525 0.0355086 0.0450998 0.0543923 0.0622981 0.0679561 0.0709995 0.0715403 0.069971 0.0667765 0.0624307 0.0573459 0.0518406 0.046128 0.0403316 0.0345218 0.0287606 0.0231439 0.0178259 0.0130111 0.00890854 0.00566623
 0.00754998 0.0122917 0.0185539 0.0263031 0.0353094 0.0450057 0.0544451 0.0625156 0.0683256 0.0714766 0.0720555 0.0704445 0.0671373 0.0626329 0.057376 0.0517158 0.0458891 0.0400331 0.0342204 0.0285029 0.0229571 0.0177151 0.0129631 0.00890161 0.00567884
 0.00736155 0.0120029 0.0181537 0.0257983 0.0347286 0.0444023 0.0538968 0.0621138 0.0681534 0.0715806 0.0724266 0.0710188 0.0678148 0.0633055 0.0579536 0.0521429 0.0461503 0.0401482 0.0342322 0.0284616 0.022906 0.0176809 0.0129543 0.00891294 0.00569963
 0.00733048 0.0119308 0.0180063 0.025533 0.0343086 0.0438176 0.0531826 0.0613535 0.0674619 0.0710743 0.0721934 0.0710962 0.0681821 0.0638903 0.0586513 0.052844 0.0467666 0.0406295 0.0345691 0.0286762 0.0230354 0.0177613 0.013011 0.00895813 0.00573639
 0.00745232 0.0121081 0.0182328 0.0257843 0.0345423 0.0439785 0.0532111 0.0612016 0.0671128 0.0705605 0.0715984 0.0705349 0.067765 0.0636883 0.0586757 0.0530496 0.0470735 0.0409529 0.0348452 0.0288748 0.0231579 0.0178275 0.0130447 0.00897727 0.00575008
 0.00747444 0.0121367 0.0182615 0.0258014 0.0345315 0.0439214 0.0530899 0.061001 0.0668239 0.0701861 0.0711608 0.070081 0.0673631 0.0634135 0.0585866 0.053167 0.0473707 0.0413652 0.0352925 0.0292877 0.0234942 0.0180751 0.0132131 0.00908517 0.00581623
 0.00747583 0.0121513 0.0183054 0.0258948 0.0346907 0.0441466 0.0533565 0.0612608 0.0670165 0.0702571 0.0710774 0.0698411 0.0669976 0.0629817 0.0581656 0.052832 0.0471738 0.0413196 0.0353719 0.0294407 0.0236664 0.0182272 0.0133271 0.00916063 0.00586164
 0.00739199 0.0120259 0.0181381 0.0256952 0.0344793 0.0439535 0.0532172 0.0612072 0.0670641 0.070394 0.0712624 0.0700166 0.0671106 0.0630046 0.0581057 0.0527279 0.0470793 0.0412822 0.0354146 0.0295559 0.0238238 0.0183899 0.0134667 0.00926398 0.0059292
 0.00729134 0.0118653 0.0179031 0.0253766 0.0340779 0.0434865 0.0527229 0.0607439 0.0666993 0.0701855 0.0712401 0.0701715 0.0673977 0.0633575 0.0584593 0.0530394 0.047338 0.0415042 0.0356257 0.0297737 0.024048 0.0186049 0.0136526 0.00940741 0.00602769
 0.00729745 0.0118598 0.0178663 0.0252806 0.0338937 0.0431957 0.0523286 0.0602757 0.0662089 0.0697369 0.0708966 0.0699821 0.067385 0.063511 0.0587382 0.0533863 0.0476987 0.0418428 0.0359297 0.0300461 0.0242942 0.0188243 0.0138385 0.00955259 0.00613027
 0.00738612 0.0119851 0.0180187 0.0254366 0.0340185 0.0432498 0.0522763 0.0600934 0.0658938 0.0693134 0.0704168 0.0695167 0.0670062 0.0632732 0.0586646 0.053465 0.0478908 0.0420986 0.0362047 0.0303105 0.0245328 0.0190307 0.0140089 0.00968461 0.00622439
 0.0074261 0.0120576 0.0181405 0.0256243 0.0342798 0.043572 0.0526188 0.0603908 0.0660736 0.0693199 0.0702314 0.0691641 0.0665477 0.0627894 0.058234 0.0531451 0.0477062 0.042041 0.0362434 0.0304073 0.0246542 0.0191529 0.0141178 0.00977274 0.0062894
 0.00751521 0.0121981 0.0183442 0.0259 0.0346332 0.0440028 0.0531153 0.0609236 0.0665909 0.0697511 0.0705 0.0692097 0.0663473 0.0623692 0.0576641 0.0525187 0.047113 0.041545 0.0358731 0.0301594 0.0245062 0.0190759 0.0140855 0.00976529 0.00629326
 0.00762641 0.0123708 0.0185887 0.0262205 0.0350264 0.044458 0.0536134 0.0614369 0.0670855 0.0701898 0.0708432 0.0694159 0.0663775 0.062198 0.0572938 0.0519877 0.0464902 0.040912 0.0353013 0.0296938 0.024161 0.0188412 0.0139386 0.00968074 0.00624876
 0.00746767 0.012149 0.0183221 0.025949 0.0348012 0.0443242 0.0535962 0.0615388 0.067293 0.0704821 0.0711962 0.0698008 0.0667566 0.0625251 0.0575221 0.0520843 0.0464499 0.0407613 0.0350897 0.0294751 0.023976 0.0187089 0.0138583 0.00963995 0.00623248
#obs surv len freq
 0.0049718 0.0081432 0.0123852 0.0177107 0.0239931 0.0308662 0.0377043 0.0437846 0.0485576 0.0518233 0.0537016 0.0544779 0.0544715 0.0539783 0.0532578 0.0525227 0.0519178 0.0514778 0.051064 0.0503074 0.0486258 0.0453883 0.0402179 0.0332837 0.0253678
 0.00517644 0.00847987 0.0128994 0.0184478 0.0249895 0.0321362 0.0392257 0.0454925 0.0503532 0.0535917 0.055329 0.0558623 0.055526 0.0546313 0.0534535 0.0522242 0.0511131 0.0501873 0.0493477 0.0482679 0.0464059 0.043159 0.0381545 0.0315324 0.0240137
 0.00540376 0.008851 0.0134611 0.0192452 0.0260584 0.0334901 0.0408422 0.0473075 0.0522683 0.0554913 0.057097 0.0573928 0.0567275 0.0554276 0.0537827 0.0520391 0.050384 0.0489112 0.0475617 0.0460627 0.043932 0.0406162 0.0357605 0.0294758 0.0224104
 0.00565322 0.00925899 0.0140796 0.0201241 0.0272355 0.0349764 0.0426063 0.049271 0.0543176 0.0575 0.0589461 0.0589805 0.0579703 0.0562572 0.0541424 0.0518814 0.0496726 0.0476288 0.0457262 0.0437484 0.0412841 0.0378465 0.0331143 0.0271762 0.0206022
 0.00589419 0.00965419 0.0146809 0.0209823 0.0283911 0.0364443 0.0443598 0.051236 0.0563821 0.0595353 0.0608277 0.0606008 0.0592431 0.057116 0.0545357 0.0517672 0.0490156 0.0464062 0.0439433 0.041463 0.0386279 0.0350273 0.0303858 0.0247792 0.0187009
 0.00613869 0.0100556 0.0152924 0.0218557 0.0295673 0.037937 0.0461397 0.0532246 0.058463 0.0615767 0.0627035 0.0622037 0.060488 0.0579395 0.0548921 0.0516225 0.0483429 0.0451873 0.0421819 0.0392075 0.0359968 0.0322174 0.0276464 0.022355 0.0167649
 0.0063773 0.0104474 0.0158892 0.0227085 0.0307163 0.0393961 0.0478803 0.0551697 0.0604979 0.0635704 0.0645302 0.0637558 0.0616817 0.0587142 0.0552065 0.0514493 0.047663 0.0439898 0.0404735 0.0370336 0.0334653 0.0295098 0.0249977 0.0200006 0.0148759
 0.00661964 0.0108448 0.0164936 0.02357 0.0318733 0.0408596 0.0496174 0.0570986 0.0624993 0.0655109 0.0662843 0.0652195 0.0627767 0.0593872 0.0554252 0.0511961 0.0469295 0.0427752 0.0387916 0.0349306 0.0310419 0.0269321 0.0224814 0.0177636 0.0130782
 0.00684972 0.0112202 0.0170613 0.0243747 0.0329487 0.0422151 0.0512241 0.0588833 0.0643542 0.0673128 0.0679151 0.0665788 0.0637875 0.059997 0.0556034 0.0509288 0.0462142 0.0416181 0.0372128 0.032978 0.0288096 0.0245702 0.0201825 0.0157221 0.0114375
 0.00706445 0.011574 0.017602 0.025149 0.0339919 0.0435351 0.0527861 0.0606062 0.0661232 0.0690033 0.0694141 0.0677965 0.0646599 0.0604835 0.055683 0.0505955 0.0454725 0.0404813 0.0357067 0.0311524 0.0267528 0.0224169 0.0181021 0.0138835 0.00996395
 0.00725911 0.0118926 0.0180856 0.0258371 0.0349152 0.0447029 0.0541734 0.0621479 0.0677215 0.0705453 0.0707903 0.0689149 0.0654532 0.0609109 0.0557273 0.0502571 0.0447631 0.0394208 0.0343259 0.0295017 0.0249144 0.0205102 0.0162732 0.0122759 0.00868036
 0.00744858 0.0122048 0.0185627 0.02652 0.0358338 0.045862 0.0555389 0.0636435 0.0692415 0.071976 0.0720302 0.0698852 0.0661004 0.0612054 0.0556604 0.0498368 0.0440095 0.0383621 0.0329997 0.0279608 0.0232357 0.0187988 0.0146534 0.0108664 0.00756339
 0.00752875 0.01234 0.0187761 0.026838 0.0362831 0.0464635 0.0562991 0.0645482 0.070253 0.073036 0.0730657 0.0708176 0.0668556 0.0617225 0.0558974 0.0497722 0.0436402 0.037702 0.0320784 0.0268266 0.0219591 0.0174731 0.0133856 0.00975688 0.00668142
 0.00758167 0.0124212 0.0188901 0.0269877 0.0364724 0.0466998 0.0565949 0.0649185 0.0707105 0.0735837 0.0736903 0.0714857 0.0675149 0.0623083 0.056343 0.0500197 0.0436492 0.0374542 0.0315805 0.0261109 0.0210839 0.0165197 0.0124475 0.00892152 0.00601029
 0.00765102 0.0125244 0.0190274 0.0271531 0.036655 0.0468877 0.0567787 0.0650948 0.0708845 0.07377 0.0739095 0.0717555 0.0678394 0.0626694 0.0566998 0.0503151 0.043823 0.037457 0.0313853 0.0257203 0.0205329 0.0158705 0.0117783 0.00830845 0.0055089
 0.0077171 0.0126254 0.019167 0.0273293 0.0368596 0.0471064 0.0569917 0.0652805 0.0710255 0.0738604 0.0739598 0.0717901 0.0678878 0.0627546 0.0568266 0.0504648 0.0439558 0.0375225 0.0313378 0.0255347 0.0202137 0.0154535 0.0113207 0.00787211 0.00514261
 0.00779352 0.0127464 0.0193427 0.0275656 0.0371553 0.0474497 0.0573578 0.0656325 0.0713217 0.074066 0.0740562 0.0717804 0.0677952 0.062615 0.0566772 0.0503317 0.0438448 0.0374176 0.0312088 0.0253514 0.0199612 0.015141 0.0109796 0.00754422 0.0048645
 0.00781122 0.0127739 0.0193819 0.0276181 0.0372231 0.0475356 0.0574647 0.0657614 0.0714688 0.0742207 0.0742017 0.0718981 0.0678705 0.0626435 0.0566662 0.0502963 0.0437996 0.0373681 0.0311475 0.0252622 0.0198298 0.0149656 0.0107748 0.00733635 0.00468056
 0.00781358 0.012772 0.0193687 0.0275843 0.0371606 0.0474426 0.0573501 0.0656448 0.0713761 0.0741759 0.0742194 0.0719786 0.0680004 0.0628 0.056825 0.0504391 0.0439166 0.0374561 0.0312042 0.025283 0.0198095 0.0149033 0.0106791 0.00722446 0.00457258
 0.00787457 0.0128614 0.0194846 0.0277175 0.0372955 0.0475601 0.0574309 0.0656741 0.0713478 0.074097 0.0741097 0.0718653 0.0679086 0.0627446 0.0568072 0.0504487 0.0439387 0.0374766 0.0312129 0.0252731 0.0197771 0.0148482 0.0106062 0.00714367 0.00449587
 0.00788109 0.0128757 0.0195125 0.0277655 0.0373677 0.0476537 0.0575338 0.0657657 0.0714059 0.0741056 0.0740661 0.0717809 0.0678054 0.0626474 0.0567357 0.0504121 0.0439345 0.0374936 0.0312364 0.0252899 0.0197783 0.0148304 0.0105719 0.00709956 0.00445062
 0.00792029 0.0129317 0.0195828 0.0278436 0.037446 0.0477274 0.0576026 0.0658319 0.0714694 0.07416 0.0740987 0.0717785 0.0677617 0.0625674 0.056635 0.0503108 0.0438492 0.037432 0.0311969 0.0252643 0.0197569 0.0148062 0.0105422 0.00706638 0.00441824
 0.00788202 0.0128771 0.0195147 0.0277687 0.0373726 0.0476616 0.0575465 0.0657852 0.0714331 0.0741391 0.0741 0.0718066 0.0678135 0.0626329 0.0567022 0.0503715 0.0439019 0.0374797 0.0312425 0.0253073 0.0197936 0.0148322 0.0105554 0.00706796 0.00441215
 0.00787581 0.0128578 0.0194693 0.0276815 0.0372312 0.047466 0.0573145 0.0655503 0.0712334 0.0740037 0.0740424 0.0718239 0.0678937 0.0627597 0.0568578 0.0505388 0.0440662 0.0376308 0.031375 0.0254193 0.0198841 0.0149007 0.0106024 0.00709603 0.00442581
 0.00789652 0.012887 0.0195042 0.0277149 0.0372513 0.0474574 0.0572617 0.065443 0.0710736 0.0738099 0.0738463 0.0716614 0.0677919 0.0627298 0.0568948 0.0506263 0.0441839 0.0377596 0.0315001 0.0255308 0.0199767 0.0149723 0.0106534 0.00712888 0.00444439
 0.00789723 0.012891 0.0195153 0.0277375 0.0372883 0.0475068 0.0573144 0.0654828 0.0710813 0.0737704 0.0737557 0.0715306 0.0676452 0.0625969 0.0568012 0.0505854 0.0441947 0.0378103 0.0315737 0.0256112 0.0200517 0.0150346 0.0107001 0.00716045 0.00446345
 0.0078417 0.0128037 0.0193901 0.0275723 0.0370871 0.0472821 0.0570876 0.0652815 0.0709313 0.0736865 0.0737372 0.071564 0.0677124 0.0626845 0.0569046 0.0507067 0.0443369 0.0379713 0.031745 0.0257796 0.0202039 0.0151608 0.010796 0.00722716 0.00450568
 0.00782274 0.0127649 0.0193171 0.0274479 0.0368965 0.0470208 0.056769 0.0649377 0.0706065 0.0734253 0.0735725 0.0715101 0.0677637 0.0628203 0.0570976 0.0509319 0.044576 0.0382129 0.0319805 0.0260002 0.0204 0.0153241 0.010922 0.00731642 0.00456342
 0.00780084 0.0127305 0.0192672 0.0273789 0.0368032 0.0468958 0.0566042 0.0647285 0.0703582 0.0731575 0.0733185 0.0713087 0.0676479 0.0628068 0.0571832 0.0510971 0.0447935 0.0384557 0.0322265 0.026233 0.0206074 0.0154978 0.0110575 0.00741393 0.00462763
 0.00777489 0.0126848 0.0191921 0.0272642 0.0366414 0.0466869 0.056358 0.0644644 0.0700987 0.0729219 0.0731207 0.0711595 0.0675591 0.0627914 0.0572505 0.0512469 0.0450131 0.0387218 0.0325117 0.0265113 0.0208585 0.0157084 0.0112217 0.00753226 0.00470588
 0.00774953 0.0126439 0.0191308 0.0271778 0.0365253 0.0465376 0.0561753 0.0642532 0.0698708 0.0726952 0.0729159 0.0709962 0.0674517 0.0627488 0.0572772 0.0513434 0.0451748 0.0389369 0.0327608 0.0267706 0.0211043 0.0159219 0.011392 0.0076569 0.00478926
 0.00770274 0.0125694 0.0190221 0.0270302 0.0363376 0.0463137 0.055926 0.0639952 0.0696239 0.072478 0.072743 0.0708776 0.0673942 0.0627561 0.0573499 0.0514788 0.0453662 0.0391737 0.0330274 0.0270471 0.0213691 0.0161555 0.0115812 0.00779717 0.00488402
 0.00768018 0.0125287 0.0189536 0.0269228 0.0361818 0.0461068 0.0556752 0.0637192 0.0693485 0.0722301 0.0725444 0.0707423 0.0673284 0.0627599 0.0574199 0.0516091 0.0455491 0.0393988 0.0332812 0.0273123 0.0216264 0.0163863 0.0117716 0.00794074 0.00498251
 0.00765587 0.0124919 0.0189026 0.026857 0.0361002 0.0460064 0.0555518 0.0635693 0.0691732 0.0720379 0.0723523 0.0705718 0.0672 0.0626888 0.0574129 0.0516659 0.0456639 0.0395618 0.0334795 0.0275301 0.0218455 0.016589 0.0119434 0.00807344 0.00507548
 0.00766168 0.0125004 0.018914 0.0268704 0.0361144 0.0460195 0.0555604 0.0635679 0.0691539 0.0719921 0.0722731 0.070459 0.0670632 0.0625458 0.0572861 0.0515753 0.0456229 0.0395748 0.0335422 0.0276315 0.0219701 0.0167191 0.0120631 0.00817166 0.00514755
 0.00762096 0.012442 0.0188402 0.0267886 0.0360345 0.0459505 0.0555083 0.0635343 0.069137 0.0719873 0.0722739 0.0704578 0.0670531 0.0625239 0.0572559 0.051547 0.04561 0.0395893 0.0335904 0.0277113 0.0220722 0.0168298 0.0121681 0.00825997 0.00521371
 0.00760885 0.0124177 0.0187958 0.0267154 0.0359267 0.0458111 0.0553515 0.0633841 0.0690189 0.0719189 0.0722588 0.0704869 0.0671093 0.06259 0.057319 0.0516018 0.0456585 0.0396392 0.0336499 0.0277855 0.0221599 0.0169238 0.0122584 0.00833736 0.00527279
 0.00758395 0.0123805 0.0187456 0.0266526 0.0358519 0.0457231 0.0552482 0.0632651 0.0688898 0.0717935 0.0721567 0.0704265 0.0671007 0.0626304 0.0573954 0.0516972 0.0457588 0.0397367 0.0337438 0.0278779 0.0222521 0.017014 0.0123415 0.00840761 0.00532649
 0.00756182 0.0123435 0.0186883 0.0265702 0.0357419 0.045588 0.0550969 0.0631114 0.0687483 0.0716755 0.072069 0.0703733 0.0670858 0.0626573 0.057464 0.0518012 0.0458865 0.0398745 0.0338803 0.0280063 0.0223693 0.017118 0.0124302 0.00847895 0.00537943
 0.00753676 0.012306 0.0186377 0.0265075 0.0356688 0.0455058 0.0550061 0.0630129 0.0686454 0.0715746 0.0719793 0.0703039 0.0670443 0.0626483 0.0574894 0.0518601 0.0459745 0.0399837 0.0340004 0.0281272 0.0224826 0.0172182 0.0125141 0.00854477 0.00542741
 0.00752938 0.0122912 0.0186106 0.0264622 0.035601 0.0454153 0.0548986 0.0628992 0.0685377 0.0714823 0.0719069 0.0702526 0.0670142 0.0626406 0.0575061 0.0519028 0.0460428 0.0400739 0.0341059 0.0282391 0.0225917 0.0173167 0.0125966 0.00860897 0.00547348
 0.00751105 0.0122627 0.0185699 0.0264079 0.0355321 0.0453309 0.0547991 0.0627873 0.0684199 0.0713691 0.0718103 0.0701834 0.0669788 0.0626401 0.0575379 0.0519625 0.0461259 0.0401756 0.0342204 0.0283591 0.0227087 0.0174226 0.0126853 0.00867744 0.00552203
 0.00750201 0.0122494 0.0185524 0.0263872 0.0355093 0.0453067 0.0547731 0.0627577 0.068384 0.0713243 0.0717564 0.0701235 0.0669197 0.0625907 0.0575064 0.0519543 0.0461426 0.0402158 0.0342799 0.0284319 0.0227873 0.0174991 0.0127529 0.00873175 0.00556157
 0.00750566 0.0122548 0.0185596 0.0263959 0.0355191 0.0453172 0.0547836 0.0627673 0.0683906 0.0713244 0.071746 0.070099 0.0668803 0.0625395 0.0574504 0.051903 0.0461048 0.0401976 0.0342833 0.0284546 0.022824 0.0175428 0.0127964 0.00876952 0.0055906
 0.00750775 0.0122591 0.0185675 0.0264092 0.035539 0.0453439 0.0548151 0.0627999 0.0684197 0.0713458 0.0717563 0.070096 0.0668627 0.0625072 0.0574057 0.0518508 0.0460526 0.0401535 0.0342538 0.0284428 0.0228288 0.0175598 0.0128195 0.00879298 0.00561041
 0.00750535 0.0122558 0.0185638 0.026406 0.0355379 0.0453466 0.0548235 0.0628149 0.0684409 0.0713711 0.0717818 0.0701172 0.0668751 0.0625079 0.0573936 0.051827 0.0460208 0.0401194 0.0342239 0.0284225 0.0228206 0.0175629 0.0128304 0.0088071 0.00562387
 0.00750535 0.0122558 0.0185638 0.026406 0.0355379 0.0453466 0.0548235 0.0628149 0.0684409 0.0713711 0.0717818 0.0701172 0.0668751 0.0625079 0.0573936 0.051827 0.0460208 0.0401194 0.0342239 0.0284225 0.0228206 0.0175629 0.0128304 0.0088071 0.00562387
 0.00741215 0.012109 0.0183524 0.0261248 0.0351901 0.044948 0.0544046 0.0624196 0.068118 0.0711617 0.0717091 0.0701821 0.0670588 0.0627789 0.0577153 0.0521656 0.0463495 0.0404206 0.0344886 0.028648 0.0230078 0.0177136 0.012947 0.00889252 0.00568225
 0.00746302 0.0121801 0.0184376 0.02621 0.0352564 0.0449763 0.0543811 0.0623389 0.067985 0.0709916 0.0715257 0.0700127 0.0669284 0.062703 0.0576975 0.0521978 0.0464163 0.040505 0.0345764 0.0287301 0.0230796 0.0177737 0.0129954 0.0089296 0.00570887
 0.00741867 0.0121178 0.0183614 0.0261288 0.0351794 0.0449074 0.0543156 0.0622653 0.0678915 0.0708746 0.0713933 0.0698842 0.0668273 0.0626505 0.0577061 0.0522685 0.0465391 0.0406619 0.034747 0.0288958 0.0232271 0.0178958 0.0130899 0.00899806 0.00575504
 0.00733811 0.0119837 0.0181549 0.0258339 0.0347904 0.0444383 0.0538058 0.0617745 0.0674832 0.0705946 0.0712585 0.0698845 0.0669395 0.0628506 0.0579752 0.0525919 0.0469018 0.0410455 0.0351292 0.0292539 0.0235418 0.0181544 0.0132882 0.00913932 0.00584809
 0.00732419 0.0119537 0.018096 0.0257284 0.0346189 0.0441861 0.0534698 0.0613697 0.0670441 0.0701712 0.0709054 0.0696474 0.0668427 0.0628936 0.0581385 0.0528471 0.0472199 0.0414002 0.0354962 0.0296093 0.0238641 0.0184269 0.0135018 0.00929396 0.00595093
 0.00729821 0.0119142 0.018041 0.0256564 0.0345271 0.0440684 0.0533166 0.0611705 0.0667936 0.0698759 0.0705881 0.0693457 0.0666012 0.0627513 0.0581179 0.0529488 0.047426 0.0416813 0.0358188 0.0299416 0.0241779 0.0187005 0.0137218 0.00945644 0.00606065
 0.00736478 0.0120212 0.0181992 0.0258733 0.0348038 0.0443939 0.0536642 0.0614973 0.0670466 0.0700049 0.0705591 0.069152 0.0662672 0.0623285 0.0576723 0.0525438 0.0471075 0.0414699 0.0357117 0.029919 0.0242126 0.018765 0.0137934 0.00951997 0.0061089
 0.00736593 0.0120332 0.0182358 0.0259537 0.0349472 0.0446123 0.0539541 0.0618369 0.0673982 0.0703214 0.0707925 0.0692618 0.0662293 0.0621434 0.0573674 0.0521693 0.046723 0.0411293 0.0354498 0.0297473 0.024122 0.0187345 0.0137989 0.00954104 0.00613191
 0.00739166 0.0120728 0.0182921 0.0260294 0.0350468 0.0447428 0.0541251 0.0620554 0.0676629 0.0706162 0.071085 0.0695081 0.0663845 0.0621733 0.0572589 0.0519355 0.0464014 0.040772 0.0351096 0.029464 0.0239147 0.0186018 0.0137261 0.00950837 0.00612152
 0.00735077 0.012013 0.0182145 0.0259396 0.0349538 0.0446574 0.0540589 0.0620214 0.0676756 0.0706892 0.0712255 0.0697099 0.0666235 0.06241 0.0574488 0.0520428 0.0464114 0.0406957 0.0349783 0.0293169 0.023785 0.0185081 0.013671 0.00948363 0.00611521
#pred catch len freq
 0.00366449 0.0059373 0.00893329 0.012686 0.0172167 0.0224803 0.0282995 0.0343601 0.0402789 0.045687 0.0502859 0.0538826 0.0564137 0.0579411 0.0586168 0.0586372 0.0582082 0.0575095 0.0566253 0.0554363 0.0535388 0.0503124 0.0452059 0.0381336 0.0297092
 0.00401661 0.00646149 0.00963606 0.0135514 0.0182235 0.0236229 0.0295921 0.0358148 0.0418667 0.047308 0.051776 0.0550602 0.0571444 0.0581847 0.0584304 0.058136 0.0575034 0.0566536 0.0555901 0.0541384 0.0519067 0.0483611 0.043073 0.0360471 0.0279013
 0.00421876 0.00681824 0.0102222 0.0144469 0.0194875 0.0252586 0.0315239 0.0378992 0.0439382 0.04923 0.0534578 0.0564358 0.0581414 0.0587212 0.0584461 0.0576273 0.0565303 0.0553066 0.0539431 0.0522257 0.0497454 0.046005 0.0406536 0.0337629 0.025954
 0.00448463 0.00722881 0.010805 0.0152271 0.0205001 0.0265572 0.0331696 0.0399234 0.046294 0.051764 0.0559302 0.0585859 0.0597598 0.0596874 0.0587203 0.0572238 0.0554974 0.0537183 0.0518905 0.049807 0.0470659 0.0431944 0.0378835 0.0312341 0.0238477
 0.00475172 0.00765818 0.0114417 0.0161087 0.0216498 0.0279758 0.0348308 0.0417798 0.0482924 0.0538526 0.0580445 0.0606204 0.0615535 0.0610464 0.0594682 0.0572482 0.0547675 0.0522755 0.0498274 0.047252 0.0441788 0.0401679 0.0349375 0.0285899 0.0216808
 0.00500952 0.00807531 0.0120671 0.0169901 0.0228287 0.0294764 0.0366441 0.0438505 0.0505179 0.0560991 0.0601739 0.0625134 0.0631169 0.0621998 0.0601259 0.0573159 0.0541631 0.0509596 0.0478278 0.0446718 0.0411921 0.0370062 0.0318629 0.0258513 0.0194605
 0.00533834 0.00859618 0.0128269 0.0180272 0.024171 0.0311364 0.0386079 0.0460657 0.0528883 0.0584897 0.0624258 0.0644672 0.0646383 0.0631964 0.0605468 0.0571336 0.0533557 0.0495097 0.0457441 0.0420215 0.0381243 0.0337509 0.0286977 0.0230424 0.017198
 0.00564263 0.00909169 0.0135748 0.0190863 0.0255888 0.0329329 0.040757 0.0484854 0.0554462 0.0610227 0.0647625 0.0664477 0.0661296 0.0641039 0.060819 0.0567564 0.0523389 0.0478757 0.04353 0.0393 0.0350316 0.0304987 0.0255507 0.0202603 0.0149667
 0.00591477 0.00952561 0.0142142 0.0199719 0.0267581 0.0344154 0.042562 0.0505848 0.057761 0.0634203 0.0670701 0.0684787 0.0677163 0.065123 0.0612005 0.0564788 0.0514153 0.0463419 0.0414418 0.0367441 0.0321446 0.027478 0.0226374 0.0176908 0.0129104
 0.00614709 0.00989875 0.0147681 0.0207433 0.0277765 0.035697 0.0441002 0.0523435 0.0596745 0.0653977 0.0690004 0.0702357 0.0691675 0.0661442 0.0616936 0.0563843 0.0507155 0.0450568 0.0396255 0.0344868 0.0295823 0.0247961 0.0200545 0.0154166 0.0110935
 0.00634029 0.0102055 0.0152171 0.0213593 0.0285798 0.0367003 0.0453024 0.0537219 0.0611809 0.0669604 0.0705314 0.0716404 0.0703526 0.0670235 0.0621908 0.0564369 0.0502811 0.0441215 0.0382124 0.0326641 0.0274686 0.0225578 0.017886 0.0135023 0.00956285
 0.00643577 0.0103786 0.0155109 0.0218244 0.0292634 0.0376275 0.0464595 0.0550521 0.0625964 0.0683629 0.0718304 0.0727619 0.0712398 0.0676337 0.0624904 0.0563967 0.0498762 0.043336 0.0370511 0.0311676 0.025725 0.0207023 0.0160825 0.0119076 0.00828715
 0.00647057 0.0104483 0.015642 0.022056 0.0296444 0.0382096 0.0472826 0.056126 0.0638836 0.0697717 0.0732269 0.0740007 0.0722011 0.0682472 0.0627361 0.0562879 0.0494367 0.0425882 0.0360178 0.0298856 0.024261 0.0191596 0.0145899 0.010591 0.00723567
 0.00650011 0.0104844 0.0156762 0.0220775 0.0296501 0.0382164 0.0473356 0.0562937 0.0642379 0.0703594 0.0740436 0.0749809 0.0732295 0.0691874 0.0634663 0.0567257 0.0495467 0.042372 0.0355014 0.0291128 0.0232962 0.0180914 0.0135243 0.00963175 0.00645882
 0.00654138 0.0105435 0.0157493 0.022154 0.029713 0.0382461 0.0473166 0.0562261 0.0641479 0.0703037 0.0740984 0.0752137 0.0736663 0.0697925 0.0641468 0.0573597 0.0500192 0.0426032 0.0354578 0.0288056 0.0227737 0.01743 0.0128165 0.0089679 0.00590706
 0.00660179 0.0106295 0.0158561 0.0222688 0.0298178 0.0383224 0.0473495 0.0562063 0.064074 0.070186 0.0739645 0.0751101 0.0736498 0.06991 0.064411 0.0577347 0.050426 0.0429443 0.0356489 0.0287999 0.0225724 0.0170768 0.0123825 0.00852988 0.00552698
 0.00676855 0.0108716 0.016166 0.0226193 0.0301676 0.0386263 0.0475684 0.0563129 0.0640564 0.0700502 0.0737343 0.0748254 0.0733611 0.0696707 0.064266 0.0577063 0.0505022 0.043078 0.0357713 0.0288458 0.0225035 0.0168943 0.0121221 0.00824479 0.005267
 0.00686925 0.0110439 0.0164392 0.023021 0.0307112 0.0392945 0.0483016 0.0570138 0.0646147 0.0703766 0.0737867 0.074616 0.0729465 0.0691331 0.0636936 0.0571759 0.0500644 0.0427482 0.0355304 0.0286524 0.0223146 0.0166843 0.0118914 0.00801415 0.00506305
 0.00688792 0.0110756 0.0164914 0.0231062 0.03085 0.0395155 0.0486349 0.0574749 0.0651849 0.0709904 0.0743411 0.0750019 0.0730887 0.0690163 0.0633633 0.0567157 0.0495656 0.0422826 0.0351364 0.0283343 0.0220545 0.0164593 0.0116877 0.00783146 0.00490937
 0.00686554 0.0110395 0.0164379 0.0230335 0.0307598 0.0394172 0.0485486 0.0574334 0.0652278 0.0711518 0.0746309 0.075391 0.0735083 0.0693785 0.063593 0.0567794 0.049479 0.0420964 0.0349094 0.0281114 0.0218573 0.0162908 0.0115433 0.00770816 0.00480821
