SBPRF35
12.7214
Curr Bio
884211
B35
897918
F35
0.172252
FOFL
0.172252
OFL
128475
Bzero
3.63469e+006
#pred survey bio
 3.62953e+006 3.49889e+006 3.38528e+006 3.24179e+006 3.05199e+006 2.80475e+006 2.5627e+006 2.30406e+006 2.05046e+006 1.81368e+006 1.61365e+006 1.41901e+006 1.2805e+006 1.13183e+006 991643 861673 774817 717232 670124 628633 602522 583244 566862 553704 537361 538023 544558 549563 541089 532590 539448 560728 558031 568873 578934 590359 607368 623218 622409 625609 632181 631152 650068 656956 665387 669169 677321 683086 691601 691914 688052 750068 799296 834989 860601 889777 905853 895473 885660 894346 890546 2.11793e+007 1.94952e+007 1.98733e+007 2.06526e+007 2.16839e+007 2.27972e+007 2.38683e+007 2.48249e+007 2.56373e+007 2.63033e+007 2.6836e+007 2.72549e+007 2.75805e+007 2.78319e+007 2.80252e+007 2.81736e+007 2.82876e+007 2.83754e+007 2.84432e+007 2.84957e+007 2.85366e+007 2.85686e+007 2.85937e+007 2.86135e+007 2.86291e+007 2.86416e+007 2.86515e+007 2.86594e+007 2.86657e+007 2.86708e+007 2.86749e+007 2.86782e+007 2.86809e+007 2.86831e+007 2.86849e+007 2.86863e+007 2.86875e+007 2.86884e+007 2.86892e+007 2.86898e+007 2.86904e+007 2.86908e+007 2.86911e+007 2.86914e+007 2.86916e+007 2.86918e+007 2.8692e+007 2.86921e+007 2.86922e+007 2.86923e+007 2.86924e+007 2.86924e+007 2.86925e+007 2.86925e+007 2.86925e+007 2.86926e+007 2.86926e+007 2.86926e+007 2.86926e+007 2.86926e+007 2.86926e+007 2.86926e+007 2.86927e+007 2.86927e+007 2.86927e+007 2.86927e+007 2.86927e+007 2.86927e+007 2.86927e+007 2.86927e+007 2.86927e+007 2.86927e+007 2.86927e+007 2.86927e+007 2.86927e+007 2.86927e+007 2.86927e+007 2.86927e+007 2.86927e+007 2.86927e+007 2.86927e+007 2.86927e+007 2.86927e+007 2.86927e+007 2.86927e+007 2.86927e+007 2.86927e+007 2.86927e+007 2.86927e+007 2.86927e+007 2.86927e+007 2.86927e+007 2.86927e+007 2.86927e+007 2.86927e+007 2.86927e+007 2.86927e+007 2.86927e+007 2.86927e+007 2.86927e+007 0 0 0 0 0 0 0 0 0 0 0 0 0 0 0 0 0 0 0 0 0 0 0 0 0
#obs survey bio
 3.90195e+006 4.26809e+006 2.92826e+006 3.98174e+006 2.831e+006 2.12027e+006 2.37908e+006 2.49435e+006 2.54676e+006 1.94596e+006 1.93436e+006 1.31651e+006 1.49752e+006 963182 903171 757835 677881 1.03558e+006 496786 657424 764407 578995 778241 298601 306837 595942 503540 469557 443015 708450 620958 646688 562230 519925 590036 639665 449140 849475 585136 671064 554630 494412 621367 796034 615572 542693 846686 686691 809942 673381 644405 704873 1.06168e+006 726453 847629 1.27413e+006 861704 866126 1.05077e+006 525578 1.1571e+006
#pred catch bio
 103207 97092.7 136975 193625 262875 276018 308699 319751 317214 294036 296731 252687 265515 258721 247559 206609 178112 165436 156221 138998 130024 124982 120180 121295 106300 101377 102214 112102 109969 95909.5 84406.9 104453 92002.5 92811.2 92217.3 88806.6 91163.3 105255 101515 99615.2 107369 92672 105485 105609 110864 108528 111876 110518 117750 120712 66895.4 81448.8 94539.8 104244 102300 114184 136563 135764 121183 133670 105911 128475 129265 130703 134748 140847 147580 154018 159673 164364 168098 170980 173153 174761 175935 176783 177389 177820 178124 178338 178488 178593 178666 178716 178751 178776 178793 178804 178812 178818 178822 178824 178826 178827 178828 178829 178829 178830 178830 178830 178830 178830 178830 178830 178830 178830 178830 178830 178830 178830 178830 178830 178830 178830 178830 178830 178830 178830 178830 178830 178830 178830 178830 178830 178830 178830 178830 178830 178830 178830 178830 178830 178830 178830 178830 178830 178830 178830 178830 178830 178830 178830 178830 178830 178830 178830 178830 178830 178830 178830 178830 178830 178830 178830 178830 178830 178830 178830 178830 178830 178830 0 0 0 0 0 0 0 0 0 0 0 0 0 0 0 0 0 0 0 0 0 0 0 0 0
#obs catch bio
 0 96774.2 136922 193465 263378 276092 309584 321501 319050 294861 296966 253519 265354 260178 250016 209632 179931 166191 157695 139750 130204 125274 119980 122157 107395 101975 102420 112106 110456 95888.3 84158.2 104607 91572.9 92467.2 91809.9 88412.7 91176.1 104810 100548 98949.8 107350 92501.1 106040 105616 111058 108973 112383 111027 118162 121593 66567.3 81615.8 94542.5 104690 102490 113956 136424 135813 120842 134628 105702
#pred cpue bio
 3.586e+006 3.45663e+006 3.34281e+006 3.19882e+006 3.00922e+006 2.76245e+006 2.52082e+006 2.26297e+006 2.01056e+006 1.77519e+006 1.57637e+006 1.38292e+006 1.2451e+006 1.09758e+006 958730 830474 745089 688830 643036 602790 577628 559042 543190 530397 514294 514947 521681 526973 518915 510787 517688 538727 536399 547223 557154 568297 584837 600468 599905 602918 609042 607706 625865 632458 640674 644201 651988 657554 665917 666361 662653 723684 772566 807844 832826 861471 877412 867033 856972 865100 861152 2.04966e+007 1.8876e+007 1.91573e+007 1.98404e+007 2.0844e+007 2.1952e+007 2.30221e+007 2.39787e+007 2.4791e+007 2.5457e+007 2.59897e+007 2.64086e+007 2.67342e+007 2.69856e+007 2.71789e+007 2.73273e+007 2.74413e+007 2.75291e+007 2.75969e+007 2.76495e+007 2.76904e+007 2.77223e+007 2.77474e+007 2.77672e+007 2.77829e+007 2.77953e+007 2.78052e+007 2.78131e+007 2.78194e+007 2.78245e+007 2.78286e+007 2.7832e+007 2.78347e+007 2.78368e+007 2.78386e+007 2.784e+007 2.78412e+007 2.78422e+007 2.78429e+007 2.78436e+007 2.78441e+007 2.78445e+007 2.78449e+007 2.78451e+007 2.78454e+007 2.78456e+007 2.78457e+007 2.78458e+007 2.78459e+007 2.7846e+007 2.78461e+007 2.78462e+007 2.78462e+007 2.78462e+007 2.78463e+007 2.78463e+007 2.78463e+007 2.78463e+007 2.78463e+007 2.78464e+007 2.78464e+007 2.78464e+007 2.78464e+007 2.78464e+007 2.78464e+007 2.78464e+007 2.78464e+007 2.78464e+007 2.78464e+007 2.78464e+007 2.78464e+007 2.78464e+007 2.78464e+007 2.78464e+007 2.78464e+007 2.78464e+007 2.78464e+007 2.78464e+007 2.78464e+007 2.78464e+007 2.78464e+007 2.78464e+007 2.78464e+007 2.78464e+007 2.78464e+007 2.78464e+007 2.78464e+007 2.78464e+007 2.78464e+007 2.78464e+007 2.78464e+007 2.78464e+007 2.78464e+007 2.78464e+007 2.78464e+007 2.78464e+007 2.78464e+007 2.78464e+007 2.78464e+007 2.78464e+007 0 0 0 0 0 0 0 0 0 0 0 0 0 0 0 0 0 0 0 0 0 0 0 0 0
#obs cpue bio
 3.4778e+006 3.01896e+006 3.91328e+006 3.00353e+006 2.52155e+006 3.25872e+006 2.27911e+006 1.55972e+006 1.56697e+006 1.83273e+006 1.74717e+006 969554 1.58531e+006 846860 817060 564999 846753 594374 615896 603077 545633 518412 487116 605552 553794 546832 680680 768628 470220 477187 461571 496881 687761 641799 629545 539138 522462 784995 981680 478354 512102 664175 457000 693310 636756 579164 504687 560809 638480 677961 751283 685312 739617 601714 856206 963073 996256 766968 793296 830941 981649
#pred surv len freq
 0.00423309 0.00695712 0.0106295 0.0152863 0.0208478 0.0270298 0.0333233 0.0391288 0.0439826 0.0477027 0.0503615 0.0521558 0.0532935 0.053945 0.0542397 0.0542821 0.0541724 0.0540047 0.0538053 0.0534104 0.0523583 0.0499396 0.0454935 0.0388434 0.030574
 0.00455731 0.00739617 0.0111305 0.0157534 0.0211786 0.0271674 0.0332899 0.0390134 0.0438875 0.0476841 0.0504059 0.0522048 0.0532966 0.0539023 0.0542083 0.054344 0.054382 0.0543425 0.0541638 0.053624 0.0522722 0.0494841 0.0447232 0.0379147 0.0296732
 0.00464488 0.00759639 0.0115316 0.0164544 0.022242 0.0285594 0.0348473 0.0404781 0.0450054 0.0483117 0.0505533 0.0519924 0.0528695 0.0533683 0.0536309 0.0537685 0.053851 0.0538806 0.053747 0.05317 0.0516723 0.0486669 0.0437073 0.0368122 0.0286388
 0.00476967 0.00778557 0.0117964 0.0168105 0.0227234 0.0292269 0.0357756 0.0417118 0.0465011 0.0499068 0.051999 0.0530457 0.0533889 0.0533536 0.0531909 0.053053 0.0529948 0.0529754 0.0528318 0.0522328 0.0506691 0.0475621 0.0425171 0.0356184 0.0275596
 0.00494334 0.00807041 0.0122284 0.0174216 0.0235324 0.0302299 0.0369419 0.0429942 0.0478539 0.0512929 0.0533708 0.0543122 0.0544062 0.0539616 0.0532791 0.0526088 0.0521013 0.0517656 0.0514327 0.0507304 0.0491088 0.0459755 0.0409555 0.0341666 0.0263158
 0.00517376 0.00844636 0.0127969 0.0182275 0.0246101 0.0315888 0.0385513 0.044776 0.0496937 0.0530659 0.0549686 0.0556553 0.0554349 0.0546148 0.0534836 0.0522962 0.0512431 0.0503994 0.0496581 0.0486794 0.0469162 0.043769 0.03886 0.0323039 0.0247871
 0.00537508 0.00878127 0.0133155 0.0189821 0.0256462 0.0329294 0.0401803 0.0466305 0.0516701 0.055037 0.0568034 0.0572354 0.0566647 0.0554244 0.0538218 0.0521204 0.0505205 0.0491228 0.0478681 0.0464767 0.0444545 0.0412346 0.0364461 0.0301821 0.0230772
 0.00557274 0.00911246 0.0138328 0.0197422 0.0267003 0.0343068 0.0418705 0.0485741 0.0537649 0.0571543 0.0588064 0.058994 0.0580658 0.0563785 0.0542646 0.0520093 0.0498292 0.0478439 0.0460269 0.044152 0.0417926 0.0384425 0.0337601 0.0278188 0.0211845
 0.00578492 0.00946023 0.0143622 0.0205002 0.0277282 0.0356292 0.0434811 0.0504274 0.0557776 0.0592163 0.0607943 0.0607829 0.0595395 0.0574371 0.0548287 0.0520205 0.0492491 0.0466562 0.044248 0.04185 0.0391057 0.0355807 0.0309766 0.0253547 0.0192086
 0.00605367 0.00988976 0.0149952 0.0213725 0.0288637 0.0370316 0.0451246 0.0522523 0.0576969 0.0611302 0.0626027 0.0623921 0.0608632 0.0583956 0.0553499 0.0520412 0.0487182 0.0455415 0.0425497 0.0396211 0.0364725 0.0327469 0.0281973 0.0228799 0.0172177
 0.00634236 0.010351 0.0156742 0.0223051 0.0300697 0.0385044 0.0468205 0.054089 0.0595667 0.0629222 0.0642222 0.0637675 0.061942 0.0591352 0.0557091 0.0519753 0.0481802 0.0444904 0.0409685 0.0375417 0.0339994 0.030065 0.0255485 0.0205079 0.0153018
 0.0066566 0.0108647 0.0164516 0.0234055 0.0315323 0.0403269 0.0489385 0.0563725 0.0618422 0.0650114 0.0659782 0.0650947 0.0627968 0.0595148 0.055632 0.0514618 0.0472385 0.0431158 0.0391579 0.0353217 0.031457 0.0273626 0.0229067 0.018154 0.0134052
 0.0068729 0.0112143 0.0169751 0.0241418 0.0325149 0.0415753 0.0504457 0.0580937 0.0636922 0.0668711 0.0677106 0.0665651 0.063895 0.06017 0.0558165 0.0511808 0.0465126 0.041967 0.0376086 0.0334106 0.0292643 0.0250273 0.0206172 0.0161071 0.0117504
 0.00712294 0.0116313 0.0176211 0.0250786 0.0337882 0.0431912 0.0523505 0.0601717 0.0657881 0.0688262 0.0693904 0.0678704 0.0647592 0.0605548 0.0557099 0.0505955 0.0454809 0.0405327 0.0358225 0.031336 0.0269923 0.0226896 0.0183802 0.0141394 0.0101763
 0.00731872 0.0119668 0.0181581 0.0258862 0.0349287 0.0446965 0.0541968 0.0622672 0.0679819 0.0709351 0.0712331 0.0692973 0.0656727 0.0609143 0.0555229 0.0499017 0.0443365 0.0390009 0.0339722 0.029247 0.0247653 0.0204532 0.0162829 0.0123234 0.0087403
 0.00752026 0.0123004 0.0186721 0.0266313 0.0359499 0.0460192 0.0558099 0.0641115 0.069951 0.0728872 0.0730095 0.0707447 0.066665 0.0613718 0.0554209 0.0492654 0.0432271 0.0374988 0.0321665 0.0272347 0.022656 0.0183725 0.0143648 0.0106872 0.00746229
 0.00761248 0.0124489 0.0188939 0.0269446 0.0363747 0.0465769 0.05652 0.0649856 0.0709848 0.0740529 0.0742492 0.0719695 0.0677624 0.0622226 0.0559209 0.0493458 0.0428655 0.0367198 0.0310329 0.0258375 0.0211069 0.0167968 0.0128886 0.00941845 0.00646837
 0.00764515 0.0124984 0.0189623 0.0270325 0.0364838 0.0467126 0.0566942 0.0652184 0.071303 0.0744846 0.0748138 0.0726644 0.0685516 0.0630326 0.0566493 0.0498814 0.0431139 0.0366252 0.03059 0.0250918 0.0201459 0.0157338 0.0118436 0.00849474 0.00573303
 0.00768389 0.0125596 0.0190509 0.0271511 0.0366315 0.0468842 0.0568798 0.0654064 0.0714859 0.0746657 0.0750103 0.0729024 0.0688543 0.0634045 0.0570643 0.0502804 0.0434154 0.0367475 0.0304767 0.0247305 0.0195742 0.0150306 0.0111077 0.00781931 0.00518302
 0.00773908 0.0126462 0.0191752 0.0273165 0.0368373 0.0471241 0.0571405 0.0656676 0.0717238 0.0748595 0.0751491 0.0729905 0.0689109 0.0634572 0.057136 0.0503751 0.0435096 0.0367936 0.0304194 0.02453 0.0192253 0.0145685 0.0105971 0.00733221 0.00477567
 0.00782249 0.0127592 0.0193036 0.0274342 0.0369147 0.0471411 0.0570971 0.0655843 0.0716329 0.0747921 0.0751253 0.0730167 0.0689832 0.0635675 0.0572763 0.0505368 0.0436781 0.0369429 0.0305133 0.0245326 0.0191168 0.0143572 0.0103193 0.00703882 0.0045137
 0.00786965 0.0128369 0.0194211 0.0275965 0.037117 0.0473624 0.057299 0.06572 0.0716657 0.0747141 0.0749637 0.0728223 0.0688085 0.0634486 0.0572262 0.0505492 0.0437348 0.0370187 0.0305784 0.0245571 0.0190786 0.014251 0.0101603 0.00685746 0.00434276
 0.00795275 0.0129586 0.0195798 0.027783 0.037318 0.0475654 0.0574941 0.0658967 0.071808 0.0747993 0.0749694 0.0727386 0.0686478 0.0632442 0.0570203 0.0503773 0.0436146 0.0369476 0.0305389 0.0245243 0.0190295 0.0141726 0.010054 0.00673721 0.00422774
 0.0080815 0.013152 0.0198404 0.0281011 0.0376722 0.0479257 0.0578259 0.0661657 0.0719873 0.0748754 0.0749434 0.0726214 0.0684551 0.0629943 0.0567363 0.050087 0.043346 0.0367211 0.0303606 0.0243866 0.0189167 0.0140697 0.00995337 0.00664016 0.00414126
 0.00811001 0.0132218 0.0199874 0.0283693 0.0380978 0.0485145 0.0585354 0.0669076 0.0726506 0.0753615 0.0751932 0.072624 0.0682389 0.0626112 0.0562459 0.0495464 0.0428051 0.0362191 0.0299237 0.0240261 0.0186303 0.0138468 0.00978118 0.00650854 0.00404361
 0.00795855 0.0129853 0.0196523 0.0279367 0.0375919 0.0479893 0.0580747 0.0666085 0.0725912 0.0755668 0.0756206 0.07318 0.068815 0.0631196 0.0566375 0.0498103 0.042957 0.0362875 0.0299389 0.0240128 0.018605 0.0138172 0.00975036 0.00647795 0.00401526
 0.00785368 0.0128043 0.0193614 0.0275009 0.0369863 0.0472175 0.0571851 0.0656987 0.0717929 0.0750136 0.075411 0.0733474 0.0693184 0.063857 0.0574791 0.0506368 0.0436855 0.0368792 0.0303908 0.0243423 0.0188361 0.0139728 0.00984922 0.0065355 0.00404455
 0.00781045 0.0127296 0.0192401 0.0273133 0.0367099 0.0468312 0.056677 0.0650764 0.0710936 0.0743087 0.0747996 0.0729357 0.0691888 0.0640396 0.0579398 0.0512881 0.0444158 0.0375864 0.0310049 0.0248315 0.0191991 0.014226 0.0100153 0.00663729 0.004102
 0.00780538 0.0127342 0.0192695 0.0273867 0.0368411 0.0470158 0.056883 0.0652457 0.0711575 0.0742123 0.0745252 0.0725159 0.0687022 0.0635891 0.0576194 0.0511522 0.044464 0.0377717 0.0312578 0.0250877 0.0194162 0.014387 0.0101223 0.00670147 0.00413675
 0.00785503 0.0127996 0.0193407 0.0274478 0.0368783 0.0470271 0.0568832 0.0652584 0.0711981 0.0742713 0.0745659 0.0724901 0.0685772 0.0633696 0.0573509 0.0509031 0.044297 0.0377182 0.0313101 0.025209 0.0195612 0.0145196 0.0102238 0.00676878 0.00417608
 0.00782868 0.0127488 0.0192493 0.0272954 0.0366448 0.0467013 0.0564725 0.0647953 0.0707394 0.0738867 0.0743178 0.0724116 0.0686598 0.0635689 0.0576098 0.0511784 0.0445723 0.0379979 0.0316014 0.0255072 0.0198475 0.0147703 0.0104215 0.00690867 0.00426487
 0.00759695 0.012397 0.018766 0.0266863 0.0359299 0.0459107 0.0556446 0.0639791 0.0699948 0.0732812 0.0739182 0.0722712 0.0688038 0.0639832 0.0582401 0.0519437 0.0453879 0.0387959 0.032339 0.0261613 0.0204053 0.0152234 0.0107667 0.00715207 0.00442182
 0.00765527 0.0124697 0.0188354 0.0267232 0.0359032 0.0458004 0.0554509 0.0637201 0.0696951 0.0729603 0.0735887 0.0719484 0.0685155 0.0637701 0.0581428 0.0519842 0.0455592 0.0390657 0.032663 0.0264976 0.0207215 0.0154977 0.0109869 0.00731447 0.004531
 0.00765277 0.0124576 0.0188012 0.0266484 0.0357646 0.0455757 0.0551265 0.0633 0.0692063 0.0724525 0.0731239 0.0715833 0.0682876 0.0636927 0.0582115 0.0521858 0.0458748 0.0394685 0.0331168 0.0269606 0.021154 0.0158695 0.0112816 0.00752933 0.00467438
 0.00767964 0.0124948 0.0188446 0.0266885 0.035787 0.0455625 0.0550584 0.0631592 0.0689817 0.0721457 0.0727547 0.071191 0.0679233 0.0634075 0.0580432 0.0521518 0.0459725 0.0396792 0.0334104 0.0272998 0.0214991 0.0161855 0.0115437 0.00772685 0.00480938
 0.00771543 0.0125464 0.0189099 0.0267605 0.0358547 0.0456128 0.0550777 0.0631346 0.0689021 0.0720041 0.0725507 0.070934 0.0676349 0.0631202 0.0577961 0.0519818 0.0459047 0.0397211 0.0335507 0.0275117 0.0217473 0.0164339 0.0117631 0.00789984 0.00493172
 0.00755601 0.0123201 0.01863 0.0264591 0.0355733 0.045386 0.0549213 0.0630441 0.0688606 0.0719922 0.0725533 0.0709417 0.067643 0.0631292 0.0578129 0.0520198 0.0459815 0.0398511 0.0337384 0.0277475 0.0220089 0.0166927 0.0119925 0.0080825 0.0050623
 0.00740939 0.0120835 0.0182794 0.02598 0.0349707 0.0446964 0.0542181 0.0624263 0.0684228 0.0717906 0.072588 0.0711646 0.0679842 0.0635235 0.058215 0.0524075 0.0463502 0.040207 0.034089 0.0280945 0.0223444 0.0170009 0.0122559 0.00828886 0.00520907
 0.00757652 0.0123147 0.0185518 0.026245 0.0351653 0.0447635 0.0541255 0.0621776 0.0680573 0.0713733 0.0721922 0.0708504 0.0677816 0.0634285 0.0582001 0.0524397 0.0464058 0.0402768 0.0341746 0.0282001 0.0224695 0.0171371 0.0123892 0.00840496 0.00529882
 0.00766665 0.0124688 0.018795 0.0265977 0.0356293 0.045305 0.0546665 0.0626085 0.0682728 0.0713153 0.0718743 0.0703514 0.0672115 0.0628883 0.0577543 0.05211 0.0461822 0.0401362 0.0340954 0.0281683 0.022476 0.0171726 0.0124421 0.00846221 0.00534957
 0.00769714 0.0125195 0.0188742 0.0267164 0.0358012 0.045544 0.0549801 0.0629862 0.0686757 0.0716753 0.0721098 0.0703974 0.0670489 0.062554 0.0573253 0.0516715 0.0457987 0.0398391 0.0338881 0.0280383 0.0224067 0.0171478 0.0124468 0.00848284 0.00537475
 0.00783295 0.0127254 0.0191563 0.0270703 0.0362138 0.0459966 0.0554508 0.0634511 0.0691087 0.0720477 0.0723881 0.0705428 0.0670236 0.0623364 0.0569258 0.0511378 0.045204 0.039259 0.0333798 0.0276315 0.0221063 0.0169428 0.0123186 0.00841066 0.00533933
 0.00768615 0.012519 0.0189051 0.026808 0.035983 0.0458336 0.0553743 0.063462 0.0691988 0.0722089 0.0726148 0.0708247 0.0673367 0.0626395 0.0571701 0.0512845 0.0452408 0.0392045 0.0332732 0.0275147 0.0220095 0.0168789 0.0122862 0.00840094 0.00534203
 0.0076571 0.0124655 0.018815 0.0266706 0.0357977 0.0456191 0.0551722 0.0633269 0.0691772 0.0723177 0.0728338 0.0711088 0.0676363 0.0629152 0.0573948 0.0514391 0.0453136 0.0391952 0.033197 0.0273998 0.0218874 0.0167745 0.0122112 0.0083554 0.00531897
 0.0076939 0.0125128 0.0188623 0.0266994 0.0357846 0.0455436 0.0550254 0.0631192 0.0689407 0.0721012 0.0726895 0.0710737 0.0677182 0.0630905 0.0576197 0.051666 0.0455037 0.0393249 0.0332596 0.0274045 0.0218541 0.0167258 0.0121655 0.00832198 0.00529924
 0.0077129 0.0125533 0.01894 0.0268315 0.0359816 0.0457981 0.0553048 0.0633697 0.0691048 0.0721407 0.0726019 0.0708931 0.0675002 0.0628901 0.0574714 0.051576 0.045455 0.0392908 0.033217 0.0273424 0.021775 0.0166411 0.0120884 0.00826174 0.00525847
 0.00766877 0.0124877 0.0188534 0.0267309 0.0358814 0.0457194 0.0552718 0.0634019 0.0692062 0.0722923 0.0727653 0.0710252 0.0675731 0.0629029 0.0574467 0.0515444 0.0454384 0.0392934 0.0332292 0.02735 0.0217686 0.0166204 0.0120597 0.00823319 0.00523573
 0.00762667 0.0124238 0.0187661 0.0266222 0.0357575 0.0455907 0.0551533 0.0633126 0.069166 0.0723162 0.0728556 0.0711672 0.0677372 0.0630551 0.0575621 0.0516161 0.0454757 0.0393125 0.033242 0.0273599 0.0217734 0.0166173 0.0120493 0.00821911 0.00522219
 0.00752831 0.012275 0.0185632 0.0263697 0.0354678 0.0452826 0.0548507 0.0630434 0.0689593 0.0721976 0.0728417 0.0712614 0.067928 0.063316 0.0578573 0.0519093 0.0457396 0.0395338 0.0334196 0.0274986 0.0218785 0.0166929 0.0120994 0.00824879 0.00523762
 0.00753166 0.0122713 0.018541 0.0263139 0.0353649 0.0451278 0.0546539 0.0628283 0.0687563 0.0720338 0.0727351 0.0712201 0.0679526 0.0634016 0.057993 0.0520779 0.0459199 0.0397054 0.0335679 0.0276172 0.0219672 0.0167553 0.0121402 0.00827322 0.00525059
 0.00758804 0.0123572 0.0186587 0.0264596 0.0355267 0.0452858 0.0547811 0.0628962 0.0687444 0.0719388 0.0725739 0.0710242 0.0677571 0.0632352 0.0578726 0.0520083 0.0458954 0.0397135 0.0335936 0.027647 0.0219926 0.0167726 0.0121497 0.0082769 0.00525086
 0.00724054 0.0118039 0.01785 0.0253633 0.0341416 0.0436589 0.053022 0.0611732 0.0672539 0.0708584 0.0720211 0.0710373 0.0682989 0.0642115 0.0591568 0.0534646 0.0473987 0.041161 0.0349093 0.0287815 0.0229208 0.017491 0.0126729 0.00863298 0.00547566
 0.00719092 0.0116902 0.0176179 0.0249414 0.0334591 0.0426732 0.0517464 0.0596884 0.0656982 0.0694013 0.0708324 0.0702573 0.0680151 0.0644441 0.059858 0.0545325 0.0487001 0.0425568 0.0362752 0.0300217 0.023973 0.0183265 0.0132924 0.00905998 0.00574762
 0.00721134 0.0117266 0.0176753 0.0250182 0.0335362 0.0427036 0.0516536 0.0593828 0.0651122 0.068528 0.0697463 0.0691041 0.0669742 0.0636819 0.0594873 0.0545909 0.0491491 0.0432995 0.0371844 0.0309691 0.024853 0.019069 0.013866 0.00946629 0.00601117
 0.00712614 0.0116152 0.0175577 0.0249299 0.0335179 0.0427834 0.0518288 0.0596105 0.0653114 0.0685975 0.0695952 0.0686887 0.0663255 0.0629077 0.0587441 0.0540344 0.0488872 0.0433637 0.0375308 0.031502 0.0254588 0.0196478 0.014351 0.00982929 0.00625553
 0.00702093 0.0114432 0.0172996 0.0245732 0.0330668 0.0422706 0.05132 0.0591925 0.0650618 0.0685485 0.0697127 0.0688822 0.0664865 0.0629581 0.0586717 0.0538985 0.0487898 0.043403 0.0377589 0.0319068 0.025975 0.0201875 0.0148361 0.0102121 0.00652386
 0.00706537 0.0114986 0.017351 0.0245949 0.0330274 0.042143 0.0510934 0.0588805 0.0647056 0.0682087 0.0694516 0.0687387 0.0664566 0.0629955 0.0587126 0.0538984 0.0487503 0.0433709 0.0377976 0.032059 0.0262398 0.0205222 0.0151793 0.0105105 0.00674851
 0.00718333 0.0116961 0.0176567 0.0250333 0.0336063 0.0428375 0.0518345 0.0595625 0.0652132 0.0684561 0.069411 0.0684449 0.0659858 0.0624321 0.0581202 0.0533109 0.048184 0.042845 0.0373455 0.0317198 0.0260379 0.0204524 0.0152072 0.0105886 0.00683529
 0.00729434 0.01187 0.017907 0.0253701 0.0340369 0.043365 0.0524518 0.0602427 0.0659015 0.0690706 0.0698578 0.0686445 0.065901 0.0620806 0.0575655 0.0526365 0.0474685 0.04215 0.0367173 0.0311949 0.0256417 0.0201922 0.0150678 0.0105374 0.00683442
 0.00723365 0.0117887 0.0178169 0.0252936 0.0340017 0.0433958 0.0525643 0.0604423 0.0661854 0.0694277 0.0702634 0.0690545 0.0662539 0.0623118 0.0576301 0.0525263 0.0472131 0.0418039 0.036342 0.0308445 0.0253553 0.0199897 0.0149492 0.0104861 0.00682589
 0.00713789 0.0116535 0.0176521 0.0251234 0.0338606 0.0433206 0.0525854 0.0605769 0.0664338 0.0697722 0.0706707 0.0694819 0.0666549 0.0626408 0.0578459 0.0525994 0.0471354 0.0415943 0.0360438 0.0305135 0.0250446 0.019737 0.0147707 0.0103784 0.00677222
#obs surv len freq
 nan nan nan nan nan nan nan nan nan nan nan nan nan nan nan nan nan nan nan nan nan nan nan nan nan
 0.00448497 0.00734641 0.0111764 0.0159926 0.0216931 0.0279682 0.0342818 0.0400127 0.044692 0.0481558 0.0505137 0.0520097 0.0529021 0.0534147 0.0537291 0.0539842 0.0542628 0.0545556 0.0546944 0.0542863 0.0527244 0.0493565 0.0438062 0.0362863 0.0276699
 0.00462273 0.00757147 0.0115168 0.016474 0.0223323 0.0287639 0.0352044 0.0410023 0.0456665 0.0490272 0.051205 0.052466 0.0530961 0.0533463 0.0534211 0.0534743 0.053595 0.0537729 0.0538361 0.0533896 0.0518284 0.048505 0.0430444 0.0356526 0.0271856
 0.00477685 0.00782646 0.0119088 0.0170394 0.0231005 0.0297449 0.0363771 0.0423082 0.0470166 0.0503168 0.0523296 0.0533347 0.0536405 0.0535273 0.0532318 0.0529376 0.0527569 0.0526934 0.0525818 0.0520313 0.0504415 0.0471702 0.0418421 0.0346488 0.026417
 0.00496863 0.00813713 0.0123746 0.0176944 0.0239709 0.0308408 0.0376816 0.043772 0.048561 0.0518442 0.0537359 0.0545178 0.0545089 0.0540078 0.0532772 0.0525326 0.0519197 0.0514737 0.0510557 0.0502964 0.0486133 0.0453756 0.0402062 0.0332738 0.0253601
 0.005183 0.00848912 0.0129106 0.0184592 0.0249984 0.0321398 0.039222 0.0454815 0.0503376 0.0535768 0.0553208 0.0558652 0.0555402 0.0546529 0.0534762 0.0522423 0.051123 0.0501885 0.0493414 0.0482561 0.0463908 0.0431428 0.0381391 0.0315191 0.0240033
 0.00540087 0.00884782 0.013459 0.0192462 0.0260642 0.0335009 0.0408558 0.0473198 0.0522747 0.0554891 0.0570869 0.0573791 0.056716 0.0554234 0.0537874 0.0520504 0.0503974 0.048922 0.0475668 0.0460615 0.0439256 0.0406067 0.03575 0.029466 0.0224025
 0.00562845 0.00921983 0.014023 0.0200484 0.0271418 0.0348693 0.0424946 0.0491664 0.0542318 0.0574411 0.0589166 0.0589782 0.0579909 0.0562968 0.0541984 0.0519514 0.049753 0.0477148 0.0458125 0.0438304 0.0413586 0.0379116 0.0331687 0.0272193 0.0206341
 0.00588169 0.00963325 0.0146483 0.0209346 0.0283257 0.0363604 0.0442604 0.0511277 0.056275 0.0594409 0.0607562 0.0605588 0.0592325 0.0571347 0.0545791 0.05183 0.0490929 0.0464933 0.0440355 0.0415552 0.0387151 0.0351055 0.030452 0.0248317 0.0187396
 0.00611705 0.0100209 0.0152412 0.0217851 0.0294755 0.0378243 0.0460094 0.0530834 0.0583208 0.0614451 0.0625942 0.0621266 0.0604503 0.0579441 0.0549372 0.0517025 0.04845 0.045313 0.0423181 0.0393466 0.0361316 0.0323409 0.027753 0.0224407 0.0168286
 0.00637042 0.010433 0.0158616 0.0226607 0.0306415 0.0392909 0.0477472 0.0550173 0.0603389 0.0634185 0.0643977 0.0636525 0.0616148 0.0586886 0.0552243 0.0515089 0.0477597 0.0441157 0.040619 0.0371885 0.0336195 0.0296536 0.0251232 0.0201023 0.0149517
 0.00660143 0.0108163 0.0164528 0.0235151 0.0318024 0.0407707 0.0495091 0.056971 0.0623564 0.0653613 0.0661405 0.0650958 0.0626858 0.059338 0.0554222 0.0512393 0.0470156 0.0428975 0.0389411 0.0350961 0.0312111 0.0270929 0.0226234 0.0178794 0.0131648
 0.00683955 0.0112021 0.0170311 0.0243278 0.0328816 0.0421269 0.0511178 0.0587656 0.0642331 0.0671953 0.067806 0.0664823 0.0637088 0.059943 0.0555813 0.0509444 0.0462697 0.0417115 0.0373379 0.033125 0.0289663 0.0247234 0.0203204 0.0158359 0.0115231
 0.00705064 0.0115538 0.0175756 0.0251174 0.0339562 0.0434951 0.0527399 0.060551 0.0660572 0.0689277 0.0693331 0.0677163 0.0645869 0.0604237 0.0556421 0.0505792 0.0454858 0.0405268 0.0357835 0.0312548 0.0268711 0.022539 0.0182159 0.0139797 0.0100375
 0.00726407 0.0119032 0.0181063 0.0258733 0.0349714 0.0447804 0.0542675 0.0622472 0.06781 0.070606 0.0708099 0.0688874 0.0653814 0.0608052 0.0556032 0.0501316 0.0446518 0.0393352 0.034273 0.0294825 0.0249243 0.0205405 0.0163135 0.0123166 0.00871478
 0.00741739 0.0121554 0.0184912 0.0264249 0.0357177 0.0457334 0.055413 0.0635399 0.0691783 0.0719631 0.0720652 0.0699541 0.0661835 0.0612844 0.0557239 0.0498822 0.0440416 0.03839 0.0330323 0.0280041 0.0232907 0.0188618 0.0147175 0.0109243 0.00760992
 0.0075296 0.0123372 0.0187642 0.0268095 0.0362305 0.0463825 0.0561923 0.0644259 0.0701319 0.0729352 0.0730016 0.0707993 0.0668819 0.0617826 0.0559751 0.0498516 0.043711 0.0377613 0.0321295 0.0268748 0.0220087 0.0175249 0.0134368 0.00980314 0.00671894
 0.00758828 0.0124303 0.0189004 0.0269964 0.0364747 0.0466894 0.0565649 0.0648638 0.0706302 0.073484 0.0735847 0.071392 0.06745 0.0622825 0.0563567 0.0500643 0.0437115 0.0375217 0.031645 0.0261695 0.0211372 0.0165688 0.0124922 0.00896021 0.00604115
 0.00764086 0.0125095 0.0190081 0.0271304 0.0366304 0.0468621 0.0567517 0.0650644 0.0708479 0.0737249 0.0738558 0.0716971 0.0677845 0.062629 0.0566835 0.0503278 0.0438628 0.037516 0.0314533 0.0257887 0.0205961 0.015926 0.0118252 0.00834633 0.00553761
 0.00771726 0.0126247 0.0191644 0.0273235 0.0368495 0.0470919 0.0569744 0.0652627 0.0710088 0.0738449 0.073943 0.0717688 0.0678603 0.0627226 0.056796 0.0504434 0.0439502 0.0375355 0.0313671 0.0255745 0.0202573 0.0154954 0.0113573 0.00790175 0.00516484
 0.00776053 0.0126936 0.0192648 0.027459 0.0370192 0.0472885 0.0571824 0.0654604 0.0711735 0.0739604 0.0740049 0.0717857 0.0678501 0.0627066 0.0567909 0.0504553 0.0439707 0.0375418 0.0313287 0.025464 0.0200629 0.0152281 0.0110497 0.00759692 0.00490124
 0.0078063 0.0127629 0.0193599 0.0275785 0.0371595 0.047444 0.0573464 0.0656237 0.0713248 0.0740862 0.0740928 0.071828 0.0678471 0.0626674 0.0567309 0.0503908 0.0439112 0.0374859 0.0312635 0.0253708 0.0199272 0.0150487 0.0108417 0.00738654 0.00471542
 0.00782476 0.0127912 0.0193991 0.0276284 0.0372182 0.0475086 0.057413 0.0656886 0.0713851 0.0741411 0.0741426 0.071872 0.067883 0.0626914 0.0567408 0.0503874 0.043898 0.0374652 0.031233 0.0253231 0.0198538 0.0149462 0.0107167 0.00725451 0.00459442
 0.00789023 0.0128874 0.0195249 0.0277759 0.0373748 0.0476604 0.0575477 0.0657966 0.07146 0.07418 0.0741465 0.0718461 0.0678342 0.0626272 0.0566671 0.0503084 0.0438165 0.0373831 0.0311507 0.0252387 0.0197636 0.0148484 0.0106135 0.00715324 0.00450469
 0.007905 0.0129159 0.0195754 0.0278574 0.0374929 0.0478122 0.0577181 0.0659611 0.0715922 0.0742613 0.074172 0.071823 0.067777 0.0625503 0.0565818 0.0502217 0.0437319 0.0373019 0.0310724 0.0251619 0.0196868 0.0147705 0.010536 0.00708012 0.00444126
 0.00788619 0.0128837 0.0195248 0.0277845 0.0373983 0.0477042 0.0576141 0.0658838 0.0715609 0.0742834 0.0742397 0.0719183 0.0678799 0.0626469 0.0566655 0.0502913 0.0437882 0.0373454 0.0311027 0.0251781 0.0196883 0.0147581 0.0105125 0.00705033 0.00441083
 0.00787303 0.0128571 0.019475 0.0276997 0.0372679 0.0475243 0.0573929 0.0656435 0.0713347 0.0741073 0.074143 0.0719152 0.0679658 0.0628012 0.0568595 0.0504974 0.0439854 0.0375206 0.0312492 0.0252932 0.0197717 0.0148119 0.0105412 0.00706019 0.00440907
 0.00788782 0.0128754 0.0194918 0.0277058 0.0372512 0.0474724 0.0572969 0.065501 0.0711527 0.073904 0.0739461 0.0717565 0.067873 0.0627891 0.0569261 0.0506251 0.0441486 0.0376932 0.0314107 0.0254304 0.0198786 0.0148878 0.0105892 0.00708628 0.00442006
 0.00790113 0.0128968 0.019523 0.0277471 0.0373001 0.0475221 0.0573353 0.0655123 0.0711221 0.0738233 0.0738184 0.071598 0.0677095 0.0626501 0.056836 0.0505966 0.0441795 0.0377689 0.0315101 0.0255332 0.0199694 0.0149585 0.0106379 0.00711566 0.00443513
 0.00787647 0.0128592 0.0194712 0.0276823 0.0372257 0.0474436 0.0572601 0.0654474 0.0710717 0.0737867 0.0737903 0.071571 0.0676799 0.0626211 0.0568178 0.0506026 0.0442195 0.0378443 0.0316128 0.0256479 0.0200801 0.0150524 0.0107089 0.0071634 0.00446368
 0.00783959 0.012794 0.0193641 0.0275188 0.0369963 0.0471512 0.0569252 0.0651083 0.0707745 0.0735717 0.0736808 0.0715693 0.0677704 0.0627783 0.057016 0.0508217 0.0444478 0.0380753 0.0318406 0.0258642 0.0202742 0.0152146 0.0108334 0.00725065 0.00451905
 0.00781133 0.0127481 0.0192946 0.0274194 0.0368601 0.0469721 0.0567011 0.0648444 0.0704875 0.0732907 0.0734423 0.0714086 0.067711 0.0628249 0.0571547 0.051027 0.0446915 0.0383332 0.032095 0.0261022 0.0204856 0.0153914 0.0109711 0.00734919 0.00458335
 0.00778632 0.0127049 0.019225 0.0273146 0.0367132 0.0467811 0.0564719 0.0645906 0.0702276 0.0730437 0.0732267 0.0712425 0.0676126 0.0628095 0.0572294 0.0511864 0.0449175 0.0385998 0.0323748 0.0263716 0.0207271 0.0155935 0.0111286 0.00746266 0.00465824
 0.00775471 0.0126542 0.0191498 0.0272102 0.0365758 0.0466095 0.0562688 0.0643644 0.069992 0.0728161 0.0730258 0.0710853 0.0675127 0.0627772 0.0572706 0.0513018 0.0451004 0.038835 0.0326399 0.0266415 0.0209784 0.0158092 0.0112991 0.00758679 0.00474093
 0.00775236 0.0126446 0.0191248 0.0271588 0.0364873 0.0464778 0.0560963 0.0641621 0.0697769 0.0726064 0.0728371 0.0709305 0.0674023 0.0627194 0.0572717 0.0513649 0.045224 0.0390114 0.0328545 0.0268741 0.0212068 0.0160135 0.011466 0.0077111 0.00482518
 0.00771094 0.0125835 0.0190442 0.0270618 0.036378 0.0463583 0.0559655 0.0640177 0.0696191 0.0724416 0.0726784 0.0707945 0.0673043 0.0626704 0.0572772 0.0514259 0.0453379 0.0391718 0.0330505 0.02709 0.0214236 0.0162123 0.0116323 0.00783759 0.00491241
 0.00766729 0.0125121 0.0189364 0.026911 0.0361823 0.0461247 0.0557119 0.0637702 0.0694043 0.0722778 0.0725718 0.0707415 0.0672983 0.0627065 0.057354 0.0515431 0.0454938 0.0393618 0.033266 0.0273182 0.0216487 0.016418 0.0118051 0.00797022 0.00500483
 0.00766713 0.0125082 0.0189238 0.026882 0.0361284 0.0460384 0.0555899 0.0636161 0.0692295 0.0720999 0.0724106 0.0706141 0.0672147 0.0626693 0.0573605 0.0515894 0.0455765 0.0394777 0.0334098 0.0274813 0.0218185 0.0165802 0.0119466 0.00808234 0.00508515
 0.00765303 0.0124874 0.0188962 0.0268482 0.0360886 0.0459913 0.0555319 0.0635423 0.0691361 0.0719878 0.0722869 0.0704918 0.0671096 0.0625958 0.0573277 0.0516 0.045628 0.0395645 0.0335249 0.0276158 0.0219616 0.0167195 0.0120705 0.00818233 0.00515807
 0.00759011 0.0123938 0.0187715 0.0266982 0.0359241 0.0458253 0.0553778 0.0634113 0.0690359 0.0719205 0.0722493 0.0704779 0.0671148 0.0626192 0.057372 0.0516691 0.0457243 0.0396865 0.0336674 0.0277705 0.0221182 0.0168668 0.0121986 0.00828449 0.00523217
 0.00758744 0.0123809 0.0187369 0.0266273 0.0358046 0.0456552 0.0551703 0.0631942 0.068842 0.0717765 0.0721675 0.0704555 0.0671391 0.0626749 0.0574477 0.0517588 0.0458267 0.0398025 0.0337962 0.0279083 0.0222576 0.0169988 0.0123141 0.00837717 0.00529986
 0.00756925 0.012356 0.0187075 0.0265965 0.0357735 0.0456192 0.0551184 0.0631134 0.0687258 0.071632 0.072016 0.0703248 0.0670522 0.0626419 0.0574651 0.0518154 0.0459102 0.0399034 0.0339086 0.0280273 0.0223777 0.0171127 0.0124146 0.00845863 0.00535991
 0.00755038 0.0123257 0.018663 0.0265365 0.0356991 0.0455353 0.0550331 0.0630354 0.0686601 0.0715767 0.071965 0.0702731 0.0670022 0.062604 0.057452 0.0518356 0.0459641 0.039985 0.0340086 0.0281366 0.0224882 0.017217 0.0125061 0.00853258 0.0054145
 0.00753106 0.0122956 0.0186199 0.0264793 0.0356279 0.0454516 0.0549408 0.0629412 0.0685725 0.0715046 0.0719139 0.0702441 0.0669916 0.062607 0.0574667 0.051864 0.0460104 0.0400514 0.0340934 0.0282337 0.0225892 0.0173135 0.0125909 0.00860101 0.00546489
 0.00750849 0.0122583 0.0185629 0.0263982 0.03552 0.0453187 0.0547904 0.0627863 0.0684293 0.0713882 0.0718354 0.0702084 0.066998 0.0626499 0.0575377 0.0519545 0.0461139 0.040164 0.0342124 0.0283555 0.0227082 0.017423 0.0126847 0.00867512 0.00551847
 0.00749815 0.0122422 0.01854 0.0263672 0.0354799 0.0452676 0.0547265 0.0627089 0.0683404 0.0712935 0.0717441 0.0701316 0.0669454 0.0626278 0.0575473 0.0519928 0.0461753 0.0402421 0.0343012 0.0284498 0.0228027 0.0175118 0.0127622 0.00873747 0.00556421
 0.00749193 0.0122325 0.0185261 0.026349 0.0354573 0.0452409 0.0546961 0.0626747 0.068302 0.07125 0.071695 0.0700786 0.0668932 0.0625836 0.057519 0.0519862 0.0461924 0.0402812 0.0343577 0.0285175 0.0228751 0.0175825 0.0128255 0.00878931 0.00560281
 0.00752319 0.0122809 0.0185943 0.0264373 0.0355632 0.0453585 0.0548157 0.0627836 0.0683858 0.0712966 0.0716968 0.0700339 0.0668069 0.0624661 0.0573847 0.0518509 0.0460706 0.0401832 0.0342884 0.0284767 0.0228585 0.0175836 0.0128372 0.00880513 0.00561799
 0.00749211 0.012237 0.0185406 0.0263808 0.0355135 0.0453243 0.0548025 0.0627926 0.0684144 0.0713391 0.0717458 0.0700812 0.0668444 0.062488 0.0573889 0.0518401 0.0460513 0.0401639 0.0342767 0.0284768 0.0228707 0.0176048 0.0128625 0.0088297 0.0056384
 0.0074865 0.0122257 0.0185196 0.0263464 0.0354638 0.0452626 0.0547383 0.06274 0.0683872 0.0713449 0.0717828 0.0701392 0.0669096 0.0625472 0.057433 0.0518653 0.0460589 0.0401592 0.0342672 0.0284695 0.0228701 0.0176118 0.012875 0.00884428 0.00565188
 0.0074865 0.0122257 0.0185196 0.0263464 0.0354638 0.0452626 0.0547383 0.06274 0.0683872 0.0713449 0.0717828 0.0701392 0.0669096 0.0625472 0.057433 0.0518653 0.0460589 0.0401592 0.0342672 0.0284695 0.0228701 0.0176118 0.012875 0.00884428 0.00565188
 0.00712493 0.0116513 0.0176828 0.0252166 0.0340433 0.0436043 0.0529598 0.0610193 0.0669303 0.070335 0.0713355 0.0702808 0.0675822 0.0636324 0.0587834 0.0533345 0.0475237 0.0415299 0.0354872 0.0295098 0.023721 0.0182772 0.0133691 0.00918934 0.00587629
 0.00711088 0.0115863 0.017507 0.0248485 0.0334002 0.0426356 0.0516785 0.0595138 0.0653509 0.0688637 0.0701505 0.0695261 0.0673425 0.0639192 0.059535 0.0544333 0.0488246 0.0428903 0.0367896 0.0306721 0.0246967 0.01905 0.0139454 0.00959174 0.00613734
 0.00710195 0.0115837 0.0175216 0.0248879 0.0334544 0.0426605 0.0515913 0.0592116 0.0647539 0.0679612 0.0690254 0.0683406 0.0662932 0.0631817 0.0592204 0.0545672 0.049351 0.0436954 0.0377359 0.0316305 0.0255687 0.0197759 0.0145029 0.00998721 0.00639594
 0.00715439 0.0116708 0.0176562 0.0250836 0.0337223 0.0430023 0.0519883 0.0596143 0.0650771 0.0680965 0.0688721 0.0678491 0.0654997 0.0622126 0.0582581 0.0537919 0.0488855 0.0435762 0.0379172 0.0320137 0.0260404 0.0202398 0.0148965 0.010284 0.00659732
 0.00706624 0.0115406 0.0174854 0.0248838 0.0335145 0.0428143 0.0518509 0.0595556 0.0651133 0.0682189 0.0690377 0.0679845 0.0655239 0.0620733 0.0579642 0.0534206 0.0485554 0.0433988 0.0379522 0.0322515 0.0264156 0.0206639 0.0152913 0.0106013 0.00682213
 0.00703979 0.0114947 0.0174115 0.0247739 0.0333652 0.042632 0.0516556 0.0593795 0.0649927 0.0681816 0.0690917 0.0681107 0.0656773 0.0621934 0.0579971 0.053345 0.0483991 0.0432311 0.0378538 0.0322766 0.0265695 0.0209071 0.0155628 0.0108471 0.00701126
 0.00711765 0.0116224 0.0176045 0.025044 0.0337145 0.0430448 0.0520944 0.0597894 0.0653171 0.0683815 0.0691567 0.068056 0.0655288 0.0619718 0.0577097 0.0529913 0.0479861 0.0427878 0.0374323 0.0319354 0.026349 0.0208123 0.015566 0.0109043 0.00708229
 0.00713085 0.0116541 0.0176713 0.025168 0.0339182 0.0433422 0.0524817 0.0602405 0.0657849 0.0688073 0.0694836 0.0682428 0.0655594 0.0618553 0.0574715 0.052661 0.0475911 0.0423563 0.0369989 0.0315419 0.0260347 0.0205996 0.0154523 0.0108657 0.00708688
 0.00709881 0.0116016 0.0175929 0.0250615 0.0337889 0.0432083 0.0523754 0.0602028 0.0658519 0.0689934 0.0697719 0.0685868 0.0658976 0.0621299 0.0576437 0.052717 0.0475388 0.0422185 0.0368074 0.0313335 0.0258449 0.0204556 0.0153651 0.0108294 0.00708448
 0.00710547 0.0116108 0.0176032 0.0250702 0.0337915 0.0432 0.0523534 0.0601698 0.06582 0.0689839 0.0698093 0.0686875 0.0660587 0.0623254 0.0578316 0.0528541 0.0475955 0.0421867 0.0367005 0.03118 0.0256795 0.020309 0.0152566 0.0107635 0.00705381
#pred catch len freq
 0.00314973 0.00511159 0.00771031 0.0109901 0.0149932 0.0197142 0.0250384 0.0307299 0.0364767 0.0419541 0.0468715 0.0510107 0.0542562 0.0566036 0.0581394 0.0590128 0.0594133 0.059533 0.0594786 0.0591255 0.0579996 0.0553368 0.0504166 0.0430492 0.0338851
 0.00340126 0.00545543 0.00810988 0.0113772 0.015295 0.0198908 0.0251067 0.0307519 0.0365184 0.0420421 0.0469788 0.0510818 0.054254 0.0565446 0.058096 0.059078 0.059646 0.0599099 0.059879 0.0593655 0.0579072 0.0548348 0.0495654 0.0420219 0.0328884
 0.00349336 0.00564025 0.00844756 0.0119313 0.0161007 0.0209146 0.0262271 0.0317866 0.0372961 0.0424757 0.0470898 0.0509616 0.0539994 0.0562188 0.0577344 0.058716 0.0593279 0.0596643 0.0596804 0.0591217 0.0574941 0.0541659 0.0486521 0.040979 0.0318812
 0.00362762 0.0058455 0.00873756 0.0123241 0.0166305 0.0216399 0.0272159 0.0330741 0.0388299 0.0440882 0.0485336 0.0520002 0.0544993 0.0561861 0.0572802 0.05799 0.0584637 0.0587529 0.0587597 0.0581753 0.0564709 0.0530237 0.0474052 0.0397155 0.0307304
 0.00381312 0.00614152 0.00917215 0.0129186 0.017396 0.0225739 0.0283038 0.0342963 0.0401703 0.0455282 0.0500239 0.053428 0.0556871 0.0569404 0.0574689 0.0575943 0.0575738 0.0575149 0.0573127 0.056613 0.0548408 0.0513573 0.0457556 0.038173 0.0294023
 0.00403117 0.0064907 0.0096889 0.0136361 0.0183413 0.0237615 0.0297244 0.0359074 0.0418962 0.0472723 0.0516868 0.0549192 0.0569212 0.057823 0.0578929 0.0574636 0.0568439 0.056221 0.0555624 0.0545507 0.0526126 0.0490989 0.0435979 0.0362445 0.0278114
 0.00424655 0.00683872 0.0102099 0.0143694 0.0193222 0.0250137 0.0312488 0.037672 0.0438312 0.0492742 0.0536291 0.0566692 0.0583574 0.0588459 0.0584243 0.0574391 0.056215 0.0549726 0.0537365 0.0522576 0.0500215 0.0464139 0.0410298 0.03398 0.0259817
 0.00445837 0.00718296 0.0107292 0.0151073 0.0203196 0.026301 0.0328339 0.0395282 0.0458923 0.0514366 0.0557613 0.0586256 0.0599958 0.0600437 0.0590866 0.0574994 0.0556308 0.0537278 0.0518553 0.0498259 0.0472008 0.0434326 0.0381482 0.0314366 0.0239402
 0.0046822 0.00754148 0.0112605 0.0158476 0.0213025 0.0275535 0.0343668 0.0413253 0.0479023 0.0535716 0.0579015 0.0606312 0.0617226 0.0613587 0.0598795 0.0576868 0.0551568 0.0525662 0.0500204 0.0473921 0.0443218 0.040342 0.0351276 0.0287543 0.0217848
 0.00494168 0.00795046 0.0118533 0.0166513 0.0223368 0.0288294 0.035881 0.043053 0.049793 0.0555495 0.0598703 0.06248 0.0633334 0.0626155 0.0606758 0.0579312 0.0547779 0.0515196 0.048302 0.0450597 0.041516 0.0372905 0.0321154 0.0260611 0.0196123
 0.00525383 0.00844033 0.0125584 0.0175967 0.0235338 0.0302724 0.037542 0.0448768 0.0517002 0.0574472 0.0616634 0.0640794 0.0646592 0.0635957 0.0612429 0.0580196 0.0543249 0.0504738 0.046642 0.0428209 0.0388167 0.0343398 0.0291868 0.0234302 0.0174829
