SBPRF35
7.31927
Curr Bio
390345
B35
498491
F35
0.219
FOFL
0.120074
OFL
27600
Bzero
2.09122e+06
#pred survey bio
 3.33496e+06 3.2933e+06 3.11117e+06 2.98056e+06 2.5736e+06 2.28933e+06 2.0707e+06 1.93159e+06 1.7911e+06 1.65658e+06 1.52831e+06 1.36699e+06 1.18387e+06 1.03737e+06 901227 794889 692769 640712 606245 572293 558646 547014 539562 543041 541147 537874 533761 534559 526135 535995 561021 589688 587156 573087 558843 534239 528128 539411 583302 593014 566089 529153 540580 550743 542573 576125 611832 640719 637605 634561 574057 521268 563552 603607 616310 690301 711662 631814 514365 512155 606525 661073 623534 607285 621136 684465 655049 544732 395884 1.01286e+07 6.30403e+06 7.07875e+06 8.45363e+06 1.0047e+07 1.15693e+07 1.28723e+07 1.39118e+07 1.4703e+07 1.52864e+07 1.57075e+07 1.60076e+07 1.62199e+07 1.63698e+07 1.64756e+07 1.65506e+07 1.66041e+07 1.66424e+07 1.66702e+07 1.66903e+07 1.67051e+07 1.67161e+07 1.67242e+07 1.67302e+07 1.67348e+07 1.67382e+07 1.67408e+07 1.67427e+07 1.67442e+07 1.67453e+07 1.67462e+07 1.67469e+07 1.67474e+07 1.67477e+07 1.6748e+07 1.67483e+07 1.67484e+07 1.67486e+07 1.67487e+07 1.67488e+07 1.67488e+07 1.67489e+07 1.67489e+07 1.67489e+07 1.67489e+07 1.6749e+07 1.6749e+07 1.6749e+07 1.6749e+07 1.6749e+07 1.6749e+07 1.6749e+07 1.6749e+07 1.6749e+07 1.6749e+07 1.6749e+07 1.6749e+07 1.6749e+07 1.6749e+07 1.6749e+07 1.6749e+07 1.6749e+07 1.6749e+07 1.6749e+07 1.6749e+07 1.6749e+07 1.6749e+07 1.6749e+07 1.6749e+07 1.6749e+07 1.6749e+07 1.6749e+07 1.6749e+07 1.6749e+07 1.6749e+07 1.6749e+07 1.6749e+07 1.6749e+07 1.6749e+07 1.6749e+07 1.6749e+07 1.6749e+07 1.6749e+07 1.6749e+07 1.6749e+07 1.6749e+07 1.6749e+07 1.6749e+07 1.6749e+07 1.6749e+07 1.6749e+07 1.6749e+07 1.6749e+07 1.6749e+07 1.6749e+07 1.6749e+07 1.6749e+07 1.6749e+07 1.6749e+07 1.6749e+07 0 0 0 0 0 0 0 0 0 0 0 0 0 0 0 0 0 0 0 0 0 0 0 0 0
#obs survey bio
 2.86926e+06 3.39768e+06 1.96372e+06 4.24427e+06 2.12618e+06 2.58395e+06 2.37618e+06 2.01963e+06 1.75509e+06 1.49743e+06 1.79177e+06 1.39358e+06 1.49949e+06 1.2344e+06 870002 794287 585708 689040 605697 793028 519092 403732 475814 419901 688500 454072 486525 670599 510417 544987 489718 620091 637778 594916 535975 421043 538032 534560 732016 853873 642730 427826 532144 632814 492859 626703 574284 633132 569420 637527 488129 510642 665280 539129 690416 480464 834916 561303 434339 369220 898813 659783 764786 536404 819067 664739 568420 460535 365255
#pred catch bio
 95924.8 96035.3 163074 200725 241610 266930 287901 321776 303873 311848 308678 299802 262215 249569 230445 218531 175151 159743 162776 140543 138734 128619 111768 116173 105579 108241 101095 110824 97889.3 95200.5 97220.3 99945.6 96487 86823.8 88184.4 91112.3 98534.3 85176.8 83621.9 91673.6 87244.6 81682.5 82370.2 91787.7 87876.5 89120.5 96068.2 96787.5 90333.7 85888.8 116790 58160.4 61047.8 117663 68453.9 113089 105028 146529 94140.3 44340.3 65372 141936 100780 106658 56594.7 109563 113047 106916 83455.6 27600 49320.6 53908.2 63893.6 76288.6 88147.9 98137.6 105919 111660 115734 118540 120430 121681 122498 123026 123364 123579 123715 123800 123854 123888 123909 123922 123930 123935 123938 123940 123941 123942 123943 123943 123943 123943 123943 123943 123943 123943 123943 123943 123943 123943 123943 123943 123943 123943 123943 123943 123943 123943 123943 123943 123943 123943 123943 123943 123943 123943 123943 123943 123943 123943 123943 123943 123943 123943 123943 123943 123943 123943 123943 123943 123943 123943 123943 123943 123943 123943 123943 123943 123943 123943 123943 123943 123943 123943 123943 123943 123943 123943 123943 123943 123943 123943 123943 123943 123943 123943 123943 123943 123943 0 0 0 0 0 0 0 0 0 0 0 0 0 0 0 0 0 0 0 0 0 0 0 0 0
#obs catch bio
 0 95598.5 163633 200430 241854 266882 288290 322981 303290 312836 308555 299659 262056 249405 230803 218696 175142 159510 163404 140347 139067 128759 111506 116454 105322 108381 100910 111019 97784.9 95246.9 97435.8 99836.4 96493.2 86722.5 88081.6 91106.6 98875.7 85358.8 83421.2 91689.6 87129.4 81807.1 82313.6 91721.5 88067.4 89077.6 96205.3 96721.8 90390.1 85446.3 117800 57923.6 60683.1 119137 67926.9 113870 104338 147101 94577.3 44059.5 65074.5 143265 100273 107532 56044.8 110050 112914 106905 83522
#pred cpue bio
 3.2989e+06 3.25792e+06 3.07657e+06 2.94548e+06 2.54191e+06 2.25905e+06 2.04098e+06 1.90153e+06 1.76067e+06 1.6259e+06 1.49733e+06 1.33679e+06 1.15524e+06 1.01013e+06 875563 770500 669977 618709 584877 551610 538359 526987 519683 523093 521144 518114 514117 514968 506789 516379 540636 568486 566279 552890 539519 515825 508664 517461 558736 568383 542874 507589 518564 528543 520685 552847 587321 615134 612189 609342 551433 499589 540689 580562 592424 664060 684368 607455 492754 489790 582034 636605 599543 582903 595274 657438 629635 523003 379294 9.66016e+06 5.96722e+06 6.55308e+06 7.80503e+06 9.37143e+06 1.08896e+07 1.2192e+07 1.32315e+07 1.40227e+07 1.4606e+07 1.50272e+07 1.53273e+07 1.55396e+07 1.56894e+07 1.57952e+07 1.58703e+07 1.59237e+07 1.59621e+07 1.59898e+07 1.601e+07 1.60248e+07 1.60357e+07 1.60438e+07 1.60499e+07 1.60544e+07 1.60578e+07 1.60604e+07 1.60624e+07 1.60639e+07 1.6065e+07 1.60658e+07 1.60665e+07 1.6067e+07 1.60674e+07 1.60677e+07 1.60679e+07 1.60681e+07 1.60682e+07 1.60683e+07 1.60684e+07 1.60685e+07 1.60685e+07 1.60685e+07 1.60686e+07 1.60686e+07 1.60686e+07 1.60686e+07 1.60686e+07 1.60686e+07 1.60686e+07 1.60686e+07 1.60686e+07 1.60686e+07 1.60686e+07 1.60687e+07 1.60687e+07 1.60687e+07 1.60687e+07 1.60687e+07 1.60687e+07 1.60687e+07 1.60687e+07 1.60687e+07 1.60687e+07 1.60687e+07 1.60687e+07 1.60687e+07 1.60687e+07 1.60687e+07 1.60687e+07 1.60687e+07 1.60687e+07 1.60687e+07 1.60687e+07 1.60687e+07 1.60687e+07 1.60687e+07 1.60687e+07 1.60687e+07 1.60687e+07 1.60687e+07 1.60687e+07 1.60687e+07 1.60687e+07 1.60687e+07 1.60687e+07 1.60687e+07 1.60687e+07 1.60687e+07 1.60687e+07 1.60687e+07 1.60687e+07 1.60687e+07 1.60687e+07 1.60687e+07 1.60687e+07 1.60687e+07 1.60687e+07 1.60687e+07 1.60687e+07 0 0 0 0 0 0 0 0 0 0 0 0 0 0 0 0 0 0 0 0 0 0 0 0 0
#obs cpue bio
 2.20155e+06 4.74555e+06 2.75772e+06 3.80958e+06 2.31405e+06 2.18047e+06 1.42633e+06 1.65679e+06 2.39883e+06 1.29935e+06 1.58814e+06 1.38697e+06 859711 900544 789863 853166 736892 621063 492064 452502 504728 742200 649469 577416 497105 537541 612862 393210 540699 461280 531265 716771 490852 531078 614069 601554 443097 424087 640955 381783 528756 471465 596848 549678 401020 604174 564299 746772 567748 845549 504299 463519 632864 419488 638706 727945 966392 627496 460492 550400 627432 504682 621122 440450 549804 672727 800467 637538 376335
#pred surv len freq
 0.00422299 0.00696809 0.0106952 0.015451 0.0211505 0.0274818 0.0338921 0.0397427 0.0445566 0.048171 0.0506982 0.0523736 0.0534276 0.0540341 0.0543123 0.0543492 0.0542237 0.0540063 0.0537024 0.0531397 0.0518726 0.0492361 0.0446305 0.0379297 0.0297318
 0.00451437 0.00735435 0.0111176 0.0158076 0.0213331 0.0274283 0.0336229 0.0393514 0.0441589 0.0478459 0.0504607 0.0521936 0.0532747 0.0539161 0.0542825 0.0544798 0.0545597 0.0545234 0.0542922 0.0536357 0.0521123 0.0491312 0.0442072 0.0373129 0.0290837
 0.00461153 0.00756535 0.0115258 0.0165043 0.022371 0.0287647 0.035088 0.0406835 0.0451034 0.0482622 0.0503673 0.0517268 0.052603 0.053174 0.0535572 0.053831 0.0540343 0.0541432 0.0540275 0.0533968 0.051779 0.0486131 0.0434958 0.0364905 0.0282805
 0.00464147 0.00763088 0.0116601 0.01676 0.0228212 0.0294914 0.0361557 0.0420959 0.0467614 0.0499548 0.0518188 0.0526915 0.0529566 0.0529455 0.05289 0.0529099 0.0530234 0.0531536 0.053107 0.0525317 0.0509146 0.0476948 0.0425143 0.0354999 0.0273755
 0.00487078 0.00797055 0.0121112 0.0173066 0.0234418 0.030177 0.0369226 0.0429849 0.047818 0.0511931 0.0531826 0.0540351 0.0540682 0.053616 0.0529932 0.052447 0.0521087 0.0519547 0.051778 0.0511719 0.0495661 0.0463704 0.0412352 0.034317 0.0263593
 0.00503384 0.00827054 0.012624 0.0181159 0.0246095 0.0317032 0.0387181 0.0448837 0.0496346 0.052791 0.0545092 0.0551001 0.0548831 0.0541421 0.0531356 0.0521006 0.0512214 0.0505649 0.0500039 0.0491676 0.0474786 0.0443224 0.0393312 0.0326503 0.0250044
 0.00521011 0.00855967 0.0130668 0.0187593 0.0255057 0.0329018 0.0402472 0.0467243 0.051698 0.0549183 0.0565019 0.0567734 0.0561145 0.0548818 0.0533766 0.0518373 0.0504352 0.0492475 0.0481949 0.0469744 0.0450648 0.0418781 0.0370404 0.0306653 0.0234228
 0.00537911 0.0088475 0.013524 0.0194409 0.02646 0.0341533 0.0417826 0.0484906 0.0536154 0.056894 0.0584332 0.0585418 0.0575872 0.0559301 0.0539015 0.0517832 0.0497838 0.0480074 0.046405 0.0447221 0.042501 0.0392098 0.0344965 0.0284477 0.0216622
 0.00565582 0.0092895 0.0141754 0.0203393 0.0276323 0.0356075 0.0434964 0.0504039 0.0556342 0.0589052 0.0603228 0.0602079 0.0589415 0.0568927 0.0543962 0.0517397 0.0491483 0.0467561 0.0445577 0.0423571 0.0397679 0.0363262 0.031717 0.0260081 0.0197215
 0.00588469 0.00966845 0.0147578 0.0211777 0.0287662 0.0370452 0.0451993 0.0522858 0.0575792 0.0607959 0.0620604 0.0617163 0.0601604 0.0577677 0.0548716 0.0517559 0.0486456 0.0456869 0.0429086 0.0401752 0.0371806 0.0335415 0.0289923 0.023591 0.0177857
 0.00607685 0.00999614 0.0152795 0.0219577 0.0298612 0.0384829 0.0469561 0.0542779 0.0596746 0.0628417 0.0639127 0.0632619 0.0613256 0.0585141 0.0551816 0.051615 0.0480311 0.0445699 0.0412729 0.0380482 0.0346642 0.0308215 0.026314 0.0212007 0.0158621
 0.0063178 0.0103823 0.0158514 0.0227518 0.030907 0.0397954 0.0485247 0.0560572 0.0615818 0.0647636 0.0657191 0.0648234 0.0625322 0.0592893 0.0554862 0.0514386 0.0473753 0.0434377 0.0396715 0.0360109 0.0322802 0.0282534 0.0237827 0.0189345 0.0140318
 0.00659189 0.0108323 0.0165356 0.0237243 0.0322032 0.0414121 0.0504032 0.0580834 0.0636109 0.0666547 0.0673607 0.0661376 0.0634658 0.0598038 0.0555553 0.051049 0.0465276 0.0421435 0.0379547 0.0339193 0.0299051 0.025745 0.0213393 0.0167607 0.0122812
 0.00678426 0.0111521 0.0170303 0.0244436 0.0331897 0.0426862 0.0519457 0.0598268 0.065445 0.068446 0.0689762 0.0674661 0.0644292 0.0603588 0.0556846 0.0507505 0.0458063 0.0410106 0.036434 0.0320593 0.0277948 0.0235219 0.0191793 0.0148421 0.0107368
 0.00696785 0.0114627 0.01752 0.0251678 0.0341948 0.04399 0.0535188 0.061587 0.0672705 0.0701997 0.0705292 0.0687124 0.0652928 0.0607962 0.0556833 0.0503217 0.044975 0.0398082 0.0348984 0.0302451 0.0257877 0.0214469 0.017191 0.0130937 0.00933939
 0.0070928 0.0116818 0.0178798 0.0257224 0.0349957 0.0450673 0.0548633 0.0631405 0.0689321 0.0718437 0.0720259 0.0699462 0.0661751 0.0612725 0.0557329 0.049952 0.0442134 0.0386942 0.0334812 0.0285881 0.023977 0.0195972 0.0154367 0.0115638 0.00812441
 0.0073559 0.0120916 0.0184638 0.0264962 0.0359628 0.0462189 0.0561737 0.0645614 0.0703912 0.0732501 0.0732804 0.0709538 0.0668584 0.0615805 0.0556451 0.0494762 0.0433786 0.0375443 0.0320717 0.0269871 0.0222706 0.0178909 0.0138472 0.0101978 0.007052
 0.00741499 0.0121948 0.0186321 0.0267527 0.036327 0.0466992 0.0567614 0.0652335 0.0711202 0.074013 0.0740589 0.0717237 0.0675766 0.0621828 0.0560568 0.0496304 0.0432326 0.0370878 0.0313271 0.0260066 0.0211324 0.0166935 0.0126973 0.0091914 0.00625314
 0.00737515 0.0121423 0.0185763 0.0267123 0.0363274 0.0467676 0.0569208 0.0654977 0.0714904 0.0744775 0.0745959 0.0723054 0.0681724 0.0627563 0.0565617 0.0500098 0.0434274 0.0370513 0.0310393 0.0254835 0.0204264 0.0158856 0.0118821 0.00845632 0.00565906
 0.0074767 0.0122962 0.0187874 0.0269784 0.0366414 0.0471199 0.0573011 0.0658938 0.0718865 0.0748548 0.0749346 0.0725893 0.0683919 0.0629094 0.0566485 0.0500255 0.0433558 0.0368669 0.0307183 0.0250183 0.0198376 0.0152235 0.0112159 0.00785524 0.00517299
 0.00751749 0.0123467 0.0188344 0.0270005 0.0366157 0.0470329 0.0571584 0.0657226 0.071731 0.0747634 0.074947 0.0727246 0.0686432 0.0632461 0.0570255 0.0503935 0.0436684 0.0370834 0.030807 0.0249622 0.0196419 0.0149192 0.0108549 0.0074961 0.00486391
 0.00763402 0.0125231 0.0190745 0.0272959 0.0369443 0.0473595 0.0574373 0.0659067 0.071786 0.074684 0.0747627 0.0724918 0.0684254 0.063092 0.0569557 0.0503986 0.0437169 0.037133 0.0308163 0.0249007 0.0194973 0.0147019 0.010595 0.00723331 0.00463407
 0.00779714 0.0127599 0.0193778 0.0276404 0.0372928 0.0476733 0.0576848 0.0660659 0.0718433 0.0746343 0.0746122 0.0722617 0.0681518 0.0628201 0.0567279 0.0502414 0.0436332 0.037103 0.0308056 0.0248732 0.0194279 0.0145837 0.0104403 0.00706669 0.0044816
 0.00782191 0.0127968 0.0194262 0.0276952 0.0373429 0.0477017 0.0576709 0.0659924 0.0717055 0.0744469 0.0744071 0.0720772 0.0680191 0.0627558 0.0567353 0.0503151 0.0437617 0.0372678 0.0309808 0.0250288 0.0195379 0.0146347 0.0104352 0.00702244 0.00442056
 0.00785157 0.0128504 0.0195165 0.0278356 0.0375424 0.0479571 0.0579601 0.0662747 0.0719303 0.0745683 0.0743996 0.0719434 0.0677891 0.0624766 0.0564561 0.0500751 0.0435831 0.0371553 0.0309241 0.0250079 0.0195295 0.0146197 0.0104045 0.00697791 0.00437108
 0.00787506 0.0128686 0.0195082 0.0277721 0.0373994 0.0477307 0.0576779 0.0659913 0.071707 0.0744476 0.0743894 0.0720196 0.0679116 0.062609 0.0565785 0.0501854 0.0436901 0.0372684 0.0310458 0.0251315 0.0196421 0.0147083 0.0104618 0.00700488 0.00437564
 0.00790398 0.0129231 0.0196021 0.027918 0.0375996 0.0479668 0.0579073 0.0661574 0.071763 0.0743802 0.0742253 0.0718105 0.0677076 0.0624391 0.0564477 0.0500857 0.0436131 0.0372116 0.0310105 0.0251174 0.0196442 0.0147178 0.0104701 0.00700685 0.00437104
 0.00781606 0.01279 0.0194212 0.0276959 0.0373536 0.0477239 0.0577004 0.0660168 0.0717053 0.0743997 0.0742972 0.0719054 0.0678068 0.0625406 0.0565589 0.0502122 0.0437527 0.0373556 0.0311496 0.0252448 0.0197551 0.0148087 0.0105386 0.00705298 0.00439789
 0.00793792 0.0129648 0.0196409 0.0279384 0.0375889 0.0479247 0.0578504 0.066113 0.0717534 0.0744075 0.074269 0.071839 0.0676977 0.0623881 0.0563722 0.0500103 0.0435582 0.0371869 0.031016 0.0251472 0.0196889 0.0147667 0.0105133 0.00703802 0.00438862
 0.00796633 0.0130042 0.019687 0.0279812 0.0376131 0.0479124 0.0577857 0.0659885 0.071577 0.0742055 0.0740808 0.071704 0.0676395 0.0624062 0.056446 0.0501113 0.0436631 0.0372836 0.0311018 0.0252231 0.0197556 0.0148235 0.0105587 0.00707125 0.00441048
 0.00792335 0.012939 0.0195976 0.0278684 0.0374799 0.0477622 0.057622 0.065815 0.0713991 0.0740321 0.0739263 0.0715886 0.0675851 0.0624295 0.0565499 0.0502822 0.0438751 0.0375076 0.0313141 0.0254096 0.0199104 0.0149457 0.0106501 0.00713531 0.00445199
 0.00785895 0.0128366 0.0194481 0.0276664 0.0372257 0.0474656 0.0573038 0.0655051 0.0711297 0.0738285 0.0738015 0.0715439 0.0676158 0.06253 0.0567154 0.0505056 0.0441429 0.0377991 0.031605 0.0256773 0.0201391 0.015128 0.0107859 0.00722956 0.00451255
 0.00786023 0.0128285 0.0194173 0.0275944 0.0370942 0.0472642 0.0570371 0.0651949 0.07081 0.0735372 0.0735711 0.0713959 0.0675586 0.0625606 0.0568238 0.0506784 0.0443653 0.0380542 0.0318732 0.0259377 0.0203728 0.0153217 0.0109342 0.00733417 0.00458035
 0.00778886 0.0127268 0.01929 0.027453 0.0369514 0.0471257 0.0568976 0.0650413 0.0706315 0.0733358 0.0733657 0.0712171 0.067438 0.0625204 0.0568713 0.0508072 0.0445597 0.0382937 0.0321354 0.0262002 0.0206154 0.0155287 0.0110967 0.00745124 0.00465742
 0.00781157 0.0127323 0.0192419 0.0273025 0.0366548 0.0466702 0.0563186 0.0644181 0.0700593 0.0728911 0.0730855 0.0711011 0.0674655 0.0626666 0.057115 0.0511295 0.0449399 0.0387079 0.0325571 0.0266031 0.0209765 0.0158311 0.011332 0.00762025 0.00476872
 0.00855418 0.0137922 0.0205621 0.0287314 0.0379823 0.0476907 0.0568873 0.0644783 0.0696411 0.0720943 0.072053 0.0699852 0.0663948 0.0617259 0.0563438 0.050535 0.0445112 0.0384252 0.0323957 0.026535 0.0209721 0.0158631 0.0113779 0.00766468 0.00480379
 0.00917934 0.0148166 0.0221076 0.0308867 0.040749 0.0509173 0.0602327 0.0674547 0.0717511 0.0729999 0.0716831 0.0685269 0.0641916 0.059153 0.0537171 0.0480726 0.0423368 0.0365913 0.030909 0.0253754 0.0201045 0.0152434 0.0109583 0.0073973 0.00464463
 0.00923591 0.0149949 0.0225363 0.0317402 0.0422046 0.0530826 0.0630709 0.0707455 0.075109 0.0759484 0.073766 0.0694262 0.0638129 0.057641 0.0513936 0.0453277 0.0395258 0.0339744 0.0286389 0.0235161 0.018659 0.0141769 0.0102148 0.00691064 0.00434792
 0.00894343 0.0145451 0.0219148 0.0309712 0.0413697 0.0523366 0.0626376 0.0708734 0.0759833 0.0775921 0.0759857 0.0718431 0.065974 0.0591617 0.052069 0.0451703 0.0387234 0.0327989 0.0273542 0.0223183 0.0176588 0.0134122 0.00967407 0.0065562 0.00413293
 0.00874071 0.0142071 0.0213925 0.0302195 0.040366 0.0511076 0.0612867 0.0695891 0.0750149 0.0771915 0.0763298 0.0729618 0.0677137 0.0612098 0.0540426 0.046736 0.039695 0.0331692 0.0272562 0.0219468 0.0171951 0.0129811 0.00933611 0.00632292 0.00398844
 0.00871755 0.0141638 0.0213152 0.0300877 0.0401518 0.0507795 0.0608178 0.0689734 0.0742875 0.0764446 0.0757108 0.0726427 0.0678327 0.061808 0.0550276 0.0478994 0.0407839 0.0339782 0.0276926 0.0220398 0.0170541 0.0127345 0.00908461 0.00612121 0.00385121
 0.00880903 0.0142908 0.0214658 0.0302361 0.0402633 0.0508195 0.0607589 0.0687977 0.0739869 0.0760251 0.0752034 0.072114 0.0673855 0.061558 0.0550598 0.0482238 0.041318 0.0345741 0.0281977 0.0223564 0.0171662 0.0126923 0.00896449 0.00598891 0.00374416
 0.00868034 0.0141211 0.021282 0.0300841 0.0401913 0.0508523 0.0608805 0.0689536 0.0741065 0.0760503 0.075108 0.0719092 0.0671149 0.0612892 0.0548713 0.0481825 0.0414517 0.0348536 0.0285441 0.0226754 0.0173886 0.0127973 0.00897495 0.00594756 0.00368955
 0.00863829 0.0140346 0.0211213 0.0298182 0.039805 0.0503676 0.0603666 0.0685119 0.0738302 0.0759817 0.0752206 0.0721269 0.0673534 0.0614944 0.0550348 0.0483336 0.0416328 0.035092 0.0288342 0.0229794 0.0176564 0.0129918 0.00908678 0.00599265 0.00369482
 0.00873268 0.0141813 0.0213273 0.0300802 0.0401037 0.0506644 0.0606071 0.0686405 0.0738142 0.07583 0.0749817 0.0718632 0.0671099 0.061284 0.0548482 0.0481615 0.0414811 0.0349798 0.0287785 0.0229802 0.0176944 0.013039 0.00912089 0.00600551 0.00369075
 0.00867002 0.0140975 0.0212349 0.0300019 0.0400665 0.0506882 0.0606948 0.0687737 0.0739574 0.0759424 0.0750324 0.0718439 0.0670373 0.0611888 0.0547591 0.0480937 0.0414375 0.0349591 0.0287806 0.0230054 0.0177379 0.0130896 0.0091656 0.00603594 0.00370581
 0.00867527 0.0140855 0.0211804 0.0298732 0.039839 0.0503633 0.0603115 0.068403 0.0736769 0.0758045 0.0750455 0.0719752 0.0672342 0.0614032 0.054962 0.0482761 0.0416016 0.0351096 0.0289204 0.0231347 0.0178546 0.01319 0.00924556 0.00609308 0.00374151
 0.00868002 0.0141 0.0212131 0.0299317 0.0399224 0.0504546 0.0603761 0.0683997 0.0735797 0.0756214 0.0748199 0.0717668 0.0670905 0.0613413 0.0549695 0.0483264 0.0416701 0.0351819 0.0289911 0.0232028 0.0179193 0.0132488 0.00929512 0.00613083 0.00376693
 0.00874696 0.0141908 0.0213172 0.0300296 0.0399935 0.0504866 0.0603707 0.0683684 0.0735322 0.0755573 0.0747306 0.0716475 0.0669515 0.0612073 0.0548679 0.048273 0.0416641 0.0352104 0.0290386 0.0232571 0.0179729 0.0132976 0.00933628 0.00616268 0.00378913
 0.0086479 0.0140552 0.0211593 0.0298762 0.0398734 0.0504162 0.0603452 0.0683653 0.0735269 0.0755375 0.0747009 0.0716216 0.0669413 0.0612183 0.0549012 0.0483294 0.0417439 0.0353106 0.0291511 0.023371 0.018078 0.0133867 0.00940622 0.00621345 0.00382302
 0.00879404 0.0142411 0.0213454 0.0299986 0.0398676 0.0502504 0.0600429 0.0679997 0.0731866 0.075287 0.0745604 0.0715739 0.0669546 0.0612657 0.0549678 0.0484095 0.041836 0.0354131 0.0292607 0.0234816 0.0181821 0.0134772 0.00947868 0.00626664 0.0038587
 0.00898196 0.0146071 0.0220006 0.0310645 0.0414226 0.0522587 0.0623082 0.0701895 0.0749341 0.0763189 0.0747768 0.0710455 0.0658584 0.0598109 0.0533459 0.0467738 0.0402983 0.0340469 0.0281062 0.0225515 0.0174683 0.0129569 0.0091203 0.0060349 0.00371907
 0.00845022 0.0137703 0.0208022 0.0294952 0.0395502 0.0502565 0.0604569 0.0688238 0.0743321 0.0765871 0.0758042 0.0725598 0.0675442 0.0614161 0.0547277 0.0478883 0.0411627 0.0347048 0.0286045 0.0229299 0.0177553 0.0131718 0.0092761 0.0061422 0.0037881
 0.00831404 0.0134969 0.0202962 0.0286405 0.0382451 0.0484691 0.0582786 0.0664871 0.072175 0.0749702 0.0750095 0.0727063 0.0685539 0.0630481 0.0566667 0.049843 0.0429318 0.0361913 0.0297915 0.0238446 0.0184403 0.0136696 0.00962425 0.00637373 0.00393258
 0.00866903 0.014072 0.0211499 0.029804 0.0396899 0.0500703 0.0597995 0.0676171 0.0726288 0.0746064 0.0739018 0.0711225 0.0668528 0.0615488 0.0555535 0.0491419 0.042554 0.0360067 0.0296906 0.0237652 0.0183624 0.0135959 0.00956309 0.00632952 0.00390457
 0.00845883 0.0137405 0.0206743 0.0291806 0.0389466 0.0492769 0.0590637 0.0670559 0.0723174 0.0745361 0.0739822 0.0712365 0.0669314 0.0616115 0.0556872 0.0494371 0.0430445 0.0366499 0.0303935 0.0244294 0.0189201 0.0140205 0.0098605 0.00652301 0.00402185
 0.00849593 0.0138164 0.0208152 0.0294152 0.0392929 0.0497251 0.0595676 0.0675416 0.0727089 0.0747802 0.074055 0.0711318 0.0666492 0.0611644 0.0551196 0.0488326 0.0425052 0.0362573 0.0301766 0.024363 0.018948 0.0140863 0.00992633 0.00657252 0.00405319
 0.00870218 0.0141024 0.0211561 0.0297615 0.0395894 0.0499384 0.0597027 0.0676351 0.0728013 0.0748872 0.0741572 0.0711869 0.0666137 0.061011 0.0548453 0.0484619 0.0420883 0.0358587 0.0298549 0.0241495 0.0188394 0.0140541 0.00993509 0.00659441 0.0040732
 0.00919976 0.0149396 0.0224601 0.0316454 0.0421001 0.0529889 0.0630274 0.070817 0.0753829 0.0765136 0.0746723 0.0706395 0.065194 0.0589693 0.0524324 0.0458988 0.0395578 0.0335062 0.0277881 0.0224363 0.0175037 0.0130772 0.00926606 0.00616611 0.0038175
 0.00884406 0.014433 0.0218362 0.0309957 0.0415677 0.0527443 0.0632318 0.0715741 0.0766871 0.0782183 0.076508 0.0722898 0.0663948 0.0595813 0.0524545 0.0454337 0.0387592 0.0325349 0.0267863 0.0215133 0.0167299 0.012483 0.00884741 0.00589518 0.00365643
 0.00813449 0.0132727 0.0200873 0.0285528 0.0384133 0.0490209 0.0592934 0.0679621 0.0740061 0.0769537 0.0768719 0.0741633 0.0693824 0.0631418 0.0560551 0.0486703 0.0414113 0.0345518 0.028233 0.022508 0.0173963 0.0129241 0.00913724 0.00608285 0.00377389
 0.00819421 0.013279 0.0199264 0.0280571 0.0373968 0.0473443 0.0569339 0.0650596 0.0708674 0.0740121 0.0746036 0.072971 0.069478 0.0644763 0.058333 0.0514489 0.044238 0.0370808 0.0302787 0.0240335 0.0184626 0.0136329 0.00959021 0.00636226 0.0039395
 0.00888028 0.014383 0.0215548 0.0302689 0.0401521 0.0504443 0.0599878 0.0675312 0.0722202 0.073899 0.073007 0.070221 0.0661434 0.0611823 0.0555786 0.0494889 0.0430665 0.0365078 0.0300512 0.0239398 0.0183813 0.0135271 0.00947133 0.00625425 0.00385788
 0.00900008 0.0145933 0.0219029 0.0308147 0.0409614 0.0515693 0.0614349 0.0692228 0.0739669 0.0754083 0.0739453 0.0703235 0.0653281 0.059604 0.0535849 0.0474941 0.0414054 0.0353422 0.0293636 0.0235999 0.0182346 0.0134576 0.00942041 0.00620606 0.00381558
 0.0088226 0.0143692 0.0216853 0.0306949 0.0410477 0.0519519 0.0621556 0.0702634 0.0752549 0.0768234 0.0753214 0.0714544 0.0659996 0.0596589 0.0529949 0.0463911 0.0400435 0.0340022 0.0282539 0.0228054 0.0177305 0.0131631 0.00925227 0.00610628 0.0037533
 0.00835909 0.0135964 0.0204952 0.0289988 0.0388243 0.0493089 0.059369 0.0677495 0.0734616 0.0760867 0.0757585 0.072941 0.0682225 0.0622103 0.0554759 0.048505 0.0416526 0.0351284 0.0290214 0.0233584 0.0181704 0.0135312 0.00955008 0.00632644 0.00389848
 0.00858434 0.0139253 0.0209159 0.029463 0.0392438 0.0495629 0.0593265 0.067312 0.0726191 0.0749579 0.07458 0.0719924 0.0677207 0.0622273 0.0559225 0.0491815 0.0423382 0.0356635 0.0293485 0.0235099 0.0182203 0.0135464 0.00956597 0.00634968 0.00392268
 0.00863187 0.0140557 0.0212066 0.0300083 0.0401179 0.0507653 0.0607399 0.0687047 0.0737046 0.0754902 0.0744415 0.0712375 0.0665563 0.0609367 0.0547638 0.0483054 0.0417614 0.0353052 0.0290997 0.0232927 0.0180091 0.0133532 0.00941114 0.00624273 0.00385869
 0.00943384 0.0152158 0.0226895 0.0316983 0.0418623 0.0524381 0.0622787 0.0700937 0.0749158 0.0764315 0.0749547 0.0711571 0.0657962 0.0595528 0.0529517 0.0463347 0.0398828 0.0336803 0.0277839 0.0222653 0.017221 0.0127597 0.00898029 0.00594856 0.00367356
#obs surv len freq
 nan nan nan nan nan nan nan nan nan nan nan nan nan nan nan nan nan nan nan nan nan nan nan nan nan
 0.00449379 0.00735899 0.0111921 0.0160097 0.0217093 0.0279816 0.0342913 0.0400181 0.0446939 0.0481549 0.0505109 0.0520054 0.0528967 0.0534083 0.0537221 0.0539766 0.0542548 0.0545474 0.054686 0.0542779 0.0527161 0.0493488 0.0437994 0.0362806 0.0276655
 0.00461793 0.00756664 0.0115149 0.0164793 0.0223487 0.0287927 0.035243 0.0410443 0.0457042 0.0490546 0.0512197 0.0524689 0.05309 0.0533344 0.0534058 0.0534571 0.0535767 0.0537539 0.0538167 0.0533702 0.0518095 0.0484872 0.0430286 0.0356395 0.0271756
 0.00478071 0.00783116 0.0119132 0.017042 0.0231007 0.0297445 0.0363803 0.0423205 0.0470416 0.0503533 0.0523717 0.0533737 0.0536689 0.0535413 0.0532317 0.0529263 0.052738 0.0526699 0.0525558 0.0520041 0.0504145 0.0471446 0.0418192 0.0346298 0.0264025
 0.00496972 0.00814095 0.012384 0.0177126 0.0240007 0.0308823 0.0377315 0.0438244 0.0486102 0.0518872 0.0537725 0.0545489 0.0545337 0.0540233 0.0532797 0.0525196 0.0518917 0.0514333 0.0510067 0.0502426 0.0485584 0.0453229 0.0401588 0.0332343 0.02533
 0.00518008 0.00848512 0.0129061 0.0184557 0.0249984 0.0321467 0.0392393 0.0455118 0.0503807 0.0536292 0.0553766 0.0559177 0.0555844 0.054686 0.0534964 0.0522483 0.0511138 0.050164 0.0493036 0.0482085 0.046338 0.0430897 0.0380903 0.0314779 0.0239716
 0.00541255 0.00886411 0.0134786 0.0192663 0.0260815 0.0335134 0.0408639 0.0473264 0.0522844 0.055506 0.0571132 0.0574136 0.0567546 0.0554599 0.0538162 0.0520671 0.0503992 0.0489078 0.0475373 0.0460192 0.0438746 0.0405525 0.0356983 0.0294214 0.0223678
 0.00565358 0.0092597 0.0140809 0.020126 0.0272381 0.0349794 0.0426088 0.0492722 0.0543168 0.0574976 0.0589439 0.0589816 0.057978 0.0562739 0.0541683 0.0519134 0.0497046 0.0476536 0.0457376 0.0437431 0.041263 0.0378143 0.0330774 0.027141 0.0205732
 0.00588374 0.00963868 0.0146604 0.0209577 0.0283643 0.0364174 0.0443351 0.0512152 0.0563665 0.0595257 0.0608241 0.0606034 0.0592523 0.0571328 0.0545611 0.0518008 0.049055 0.0464465 0.0439786 0.0414878 0.0386393 0.0350261 0.0303756 0.0247649 0.0186867
 0.00614925 0.0100694 0.0153071 0.0218673 0.0295713 0.0379308 0.0461238 0.0532025 0.05844 0.0615571 0.0626896 0.0621956 0.0604848 0.0579406 0.0548975 0.0516327 0.0483581 0.0452062 0.0422011 0.0392228 0.0360046 0.0322162 0.0276378 0.0223423 0.0167517
 0.00636184 0.0104266 0.0158658 0.022687 0.0307012 0.0393892 0.0478789 0.0551679 0.0604897 0.0635536 0.0645077 0.0637338 0.0616665 0.0587094 0.055213 0.0514655 0.0476869 0.0440189 0.0405049 0.0370638 0.0334909 0.0295282 0.0250083 0.0200046 0.0148756
 0.00661894 0.0108389 0.0164766 0.0235344 0.0318135 0.0407759 0.0495189 0.057001 0.062419 0.0654581 0.0662606 0.0652195 0.0627934 0.0594156 0.0554633 0.0512431 0.0469842 0.0428355 0.0388543 0.034992 0.0310982 0.02698 0.0225189 0.0177904 0.0130956
 0.00684118 0.0112092 0.0170495 0.0243643 0.0329407 0.0422069 0.0512091 0.0588534 0.064305 0.0672481 0.0678459 0.0665193 0.0637485 0.0599824 0.055611 0.0509538 0.0462518 0.0416643 0.0372642 0.033031 0.0288604 0.0246153 0.0202193 0.0157496 0.011456
 0.0070499 0.0115506 0.0175676 0.0251025 0.033934 0.0434696 0.0527197 0.0605465 0.0660757 0.068969 0.06939 0.0677791 0.0646487 0.0604817 0.0556951 0.0506241 0.0455169 0.0405377 0.0357705 0.0312186 0.0268167 0.0224745 0.0181503 0.0139207 0.00999016
 0.00728882 0.0119419 0.0181614 0.0259452 0.0350577 0.0448751 0.0543612 0.0623292 0.0678715 0.0706439 0.0708267 0.0688881 0.0653707 0.0607858 0.0555763 0.0500978 0.0446109 0.0392865 0.0342146 0.0294137 0.024847 0.0204596 0.0162359 0.012249 0.0086616
 0.00746363 0.0122306 0.0186042 0.0265829 0.0359234 0.0459816 0.0556871 0.0638124 0.0694161 0.0721364 0.0721551 0.0699569 0.0661092 0.0611515 0.0555536 0.0496934 0.0438483 0.0382007 0.0328515 0.027834 0.0231331 0.0187196 0.0145948 0.0108247 0.00753523
 0.00757003 0.0124051 0.0188704 0.0269648 0.0364431 0.0466535 0.0565111 0.0647687 0.070465 0.0732213 0.0732076 0.0709021 0.0668732 0.0616697 0.0557782 0.0495983 0.0434297 0.0374756 0.0318562 0.0266241 0.0217863 0.0173342 0.0132801 0.00968118 0.00663047
 0.00762284 0.0124889 0.0189931 0.0271341 0.0366666 0.0469394 0.0568675 0.0652019 0.0709772 0.0738074 0.0738517 0.0715737 0.067526 0.0622448 0.0562112 0.04983 0.0434162 0.0371963 0.0313177 0.0258621 0.0208642 0.0163381 0.012307 0.00882001 0.00594205
 0.00766774 0.0125564 0.0190845 0.0272474 0.0367978 0.0470849 0.0570261 0.0653765 0.0711749 0.0740395 0.07413 0.0719054 0.067906 0.0626504 0.056601 0.0501485 0.0436045 0.0372052 0.0311198 0.025461 0.0202969 0.0156705 0.0116207 0.00819328 0.00543115
 0.00773459 0.0126526 0.0192062 0.0273828 0.0369305 0.0471993 0.0571122 0.0654326 0.071208 0.0740643 0.0741668 0.0719762 0.0680284 0.0628307 0.0568283 0.0503926 0.0438191 0.0373371 0.0311232 0.0253114 0.0200011 0.0152669 0.0111696 0.00775964 0.00506584
 0.0077899 0.0127407 0.0193344 0.0275545 0.0371421 0.0474365 0.057349 0.065635 0.0713448 0.0741189 0.0741445 0.0719024 0.0679393 0.0627608 0.0568007 0.0504119 0.0438692 0.0373845 0.0311268 0.0252361 0.0198314 0.0150145 0.0108697 0.00745843 0.00480402
 0.00782845 0.012799 0.0194141 0.0276548 0.0372604 0.0475694 0.0574918 0.0657804 0.0714805 0.0742284 0.0742115 0.0719171 0.0679043 0.0626928 0.0567243 0.0503502 0.0438337 0.0373698 0.0311119 0.0251935 0.0197397 0.0148688 0.0106851 0.00726292 0.00462704
 0.00784555 0.0128235 0.0194451 0.0276892 0.037294 0.0475986 0.0575151 0.0657991 0.0714986 0.0742507 0.0742405 0.0719513 0.0679379 0.0627187 0.0567394 0.0503573 0.0438397 0.0373789 0.0311204 0.0251895 0.0197087 0.0148027 0.0105879 0.00714994 0.00451793
 0.00789381 0.0128918 0.019529 0.027778 0.0373735 0.0476558 0.0575421 0.0657949 0.0714684 0.074204 0.0741892 0.0719061 0.0679064 0.062703 0.0567364 0.0503618 0.043847 0.0373862 0.031125 0.0251865 0.0196914 0.0147658 0.0105318 0.00708209 0.00444983
 0.00788996 0.0128919 0.0195403 0.0278096 0.0374321 0.0477397 0.0576383 0.0658813 0.0715223 0.0742125 0.0741538 0.0718416 0.0678331 0.0626385 0.0566912 0.050338 0.0438406 0.0373906 0.0311329 0.0251912 0.0196871 0.0147489 0.010502 0.00704343 0.00440915
 0.00789074 0.0128872 0.0195228 0.0277707 0.0373663 0.0476499 0.0575389 0.0657944 0.0714679 0.0741989 0.0741746 0.0718812 0.0678766 0.062679 0.0567299 0.0503799 0.043889 0.0374445 0.0311875 0.02524 0.019724 0.01477 0.0105069 0.00703546 0.00439381
 0.00791627 0.0129232 0.0195662 0.0278143 0.0373992 0.0476601 0.0575166 0.0657357 0.0713786 0.0740945 0.0740764 0.0718084 0.0678384 0.0626736 0.0567483 0.0504123 0.0439289 0.0374884 0.0312329 0.0252831 0.0197604 0.0147958 0.0105206 0.00703835 0.00438938
 0.00789679 0.0128951 0.0195304 0.0277735 0.0373562 0.0476163 0.0574702 0.0656826 0.071315 0.0740205 0.0739983 0.0717386 0.067792 0.0626623 0.0567759 0.0504738 0.0440134 0.0375833 0.0313275 0.0253697 0.0198336 0.0148525 0.0105599 0.00706174 0.00440059
 0.0079022 0.0128972 0.0195217 0.0277436 0.0372962 0.0475235 0.0573518 0.0655548 0.0711966 0.0739254 0.0739321 0.0717 0.0677777 0.062671 0.0568092 0.0505328 0.0440959 0.0376825 0.0314335 0.0254721 0.0199238 0.0149252 0.0106132 0.00709689 0.00442103
 0.00786864 0.012846 0.0194505 0.0276518 0.0371839 0.0473908 0.0571998 0.0653877 0.0710248 0.0737661 0.0738063 0.0716258 0.0677645 0.0627175 0.0569052 0.0506652 0.0442516 0.0378499 0.0316015 0.0256301 0.0200627 0.0150384 0.0106983 0.00715546 0.00445756
 0.00787047 0.0128408 0.019428 0.0275981 0.0370863 0.0472442 0.0570113 0.0651764 0.0708151 0.0735803 0.0736602 0.071529 0.0677228 0.0627333 0.056977 0.0507855 0.0444081 0.0380275 0.031785 0.0258058 0.0202195 0.0151685 0.0107982 0.00722582 0.00450276
 0.0078619 0.0128309 0.01942 0.0275958 0.0370906 0.0472497 0.0570051 0.0651412 0.070738 0.0734606 0.0735116 0.0713751 0.0675886 0.0626384 0.0569323 0.0507935 0.0444642 0.0381219 0.031904 0.0259345 0.0203439 0.0152778 0.0108857 0.0072897 0.00454507
 0.007789 0.0127157 0.0192535 0.0273737 0.0368167 0.0469387 0.0566836 0.0648443 0.0704992 0.0733013 0.0734362 0.0713754 0.0676518 0.0627539 0.057093 0.0509933 0.0446952 0.0383727 0.0321604 0.0261811 0.0205662 0.0154647 0.0110316 0.00739458 0.00461413
 0.00775413 0.0126521 0.0191454 0.0272031 0.0365686 0.0466098 0.0562893 0.0644204 0.0700952 0.0729679 0.0732127 0.071281 0.0676845 0.0628952 0.0573164 0.0512722 0.0450066 0.0386979 0.0324829 0.0264851 0.0208374 0.015692 0.0112089 0.00752252 0.00469878
 0.00775479 0.0126483 0.0191301 0.0271653 0.0364944 0.0464845 0.0561022 0.0641689 0.0697898 0.0726344 0.0728901 0.0710133 0.0675099 0.0628354 0.0573726 0.051428 0.0452355 0.0389705 0.0327725 0.0267688 0.0210968 0.0159134 0.0113846 0.00765105 0.00478494
 0.00934115 0.0148726 0.0218223 0.0299476 0.0388904 0.0480938 0.0567381 0.0638852 0.0688021 0.0712066 0.0712527 0.0693354 0.0659065 0.0613829 0.0561186 0.0503949 0.0444227 0.0383598 0.0323344 0.0264702 0.0209051 0.0157993 0.0113228 0.00762163 0.0047733
 0.00930796 0.0151148 0.0227091 0.0319392 0.0423387 0.052973 0.062473 0.0694437 0.0730605 0.0733903 0.07119 0.0674035 0.062765 0.0576922 0.0523766 0.0469066 0.041343 0.0357479 0.030195 0.0247772 0.0196149 0.0148579 0.0106703 0.00719576 0.00451397
 0.00899467 0.0146175 0.0220049 0.0310721 0.0414749 0.0524401 0.0627224 0.0708895 0.0758318 0.0771449 0.0751543 0.0706654 0.0646533 0.0580095 0.0513738 0.0450732 0.0391765 0.0336175 0.0283131 0.0232327 0.0184193 0.0139813 0.0100629 0.0068004 0.00427404
 0.00882802 0.0143395 0.0215738 0.030447 0.0406308 0.0513976 0.0615872 0.0698819 0.0752728 0.0773698 0.0763614 0.0727691 0.0672457 0.0604912 0.0531969 0.0459529 0.0391513 0.0329527 0.0273405 0.0222248 0.017541 0.0132992 0.00957887 0.00648347 0.00408229
 0.00872369 0.0141686 0.0213137 0.0300742 0.0401244 0.0507452 0.0607963 0.0689937 0.0743777 0.0766176 0.0759506 0.0728987 0.0680271 0.06186 0.0548906 0.0475927 0.0403941 0.0336236 0.0274681 0.0219774 0.0171228 0.0128704 0.00922738 0.00623518 0.00392644
 0.00871004 0.0141359 0.0212449 0.0299462 0.0399125 0.0504309 0.0603738 0.0684738 0.0737876 0.0760024 0.07538 0.072472 0.0678645 0.0620661 0.0554977 0.0485159 0.0414397 0.0345592 0.0281185 0.0222868 0.0171495 0.0127313 0.0090353 0.0060628 0.00380261
 0.00869689 0.0141184 0.0212248 0.0299252 0.0398888 0.0503945 0.0603053 0.0683474 0.073581 0.0757075 0.0750113 0.0720708 0.0674977 0.0618183 0.0554502 0.048715 0.0418646 0.0351155 0.0286696 0.0227116 0.0173896 0.0128011 0.0089949 0.00597876 0.00372115
 0.00868049 0.0140918 0.0211853 0.0298711 0.0398207 0.0503162 0.0602231 0.0682672 0.0735028 0.0756223 0.0749039 0.0719284 0.0673224 0.0616355 0.0553076 0.0486683 0.0419535 0.03534 0.0289825 0.0230356 0.0176514 0.0129621 0.00905889 0.00597751 0.0036914
 0.00867223 0.0140784 0.0211649 0.0298422 0.0397817 0.0502667 0.0601641 0.0682021 0.0734364 0.0755593 0.0748456 0.071871 0.0672589 0.0615611 0.0552285 0.0486051 0.0419363 0.0353935 0.0291098 0.0232117 0.0178335 0.0131098 0.00915158 0.00601813 0.00369743
 0.00865149 0.0140469 0.0211218 0.0297881 0.0397186 0.0501976 0.0600926 0.0681324 0.0733728 0.075506 0.0748055 0.0718451 0.0672452 0.0615552 0.0552261 0.0486063 0.0419484 0.0354292 0.0291794 0.0233144 0.0179539 0.0132246 0.0092408 0.00607375 0.00372368
 0.00863746 0.0140222 0.0210813 0.0297265 0.0396324 0.0500878 0.0599668 0.0680039 0.0732579 0.0754182 0.0747526 0.0718281 0.0672598 0.0615943 0.0552813 0.0486704 0.0420174 0.0355036 0.0292624 0.0234077 0.0180537 0.0133209 0.00932205 0.00613228 0.00375899
 0.00867284 0.0140759 0.0211548 0.0298174 0.0397344 0.05019 0.0600548 0.0680623 0.0732741 0.0753876 0.0746802 0.0717269 0.067146 0.0614823 0.0551811 0.0485873 0.0419536 0.0354599 0.0292397 0.0234057 0.01807 0.0133493 0.00935424 0.00616057 0.00377904
 0.00865258 0.0140494 0.0211266 0.0297957 0.0397282 0.0502054 0.0600916 0.0681132 0.0733272 0.0754296 0.0747012 0.0717227 0.0671187 0.0614395 0.0551325 0.048542 0.0419182 0.0354377 0.0292317 0.0234114 0.0180871 0.013374 0.00938132 0.00618506 0.00379767
 0.00862037 0.0139998 0.0210576 0.0297083 0.0396277 0.050102 0.0599999 0.0680497 0.0733046 0.0754519 0.0747608 0.0718034 0.0672022 0.0615113 0.0551863 0.0485786 0.041943 0.0354574 0.0292516 0.0234344 0.0181136 0.0134024 0.0094088 0.00620875 0.00381568
 0.00862628 0.0140061 0.0210608 0.0297035 0.0396094 0.0500671 0.0599498 0.0679908 0.0732476 0.0754087 0.0747408 0.07181 0.0672317 0.0615541 0.0552306 0.0486151 0.0419677 0.0354715 0.0292596 0.0234412 0.0181224 0.0134141 0.0094223 0.00622193 0.0038267
 0.00862628 0.0140061 0.0210608 0.0297035 0.0396094 0.0500671 0.0599498 0.0679908 0.0732476 0.0754087 0.0747408 0.07181 0.0672317 0.0615541 0.0552306 0.0486151 0.0419677 0.0354715 0.0292596 0.0234412 0.0181224 0.0134141 0.0094223 0.00622193 0.0038267
 0.00896532 0.0145428 0.0218387 0.0307452 0.0409036 0.0515515 0.0615009 0.0694334 0.0743919 0.0761025 0.0749104 0.071471 0.0664708 0.0604974 0.0540114 0.0473516 0.0407511 0.0343646 0.0283003 0.022648 0.017498 0.0129486 0.00909586 0.00600819 0.003697
 0.00841606 0.0137118 0.0207072 0.029347 0.0393274 0.0499365 0.0600266 0.068295 0.0737568 0.0760585 0.0754358 0.0724444 0.0677157 0.0618352 0.0553004 0.0485031 0.0417253 0.0351569 0.0289255 0.0231287 0.0178578 0.0132096 0.00927777 0.0061288 0.00377219
 0.00829794 0.0134551 0.0202056 0.0284727 0.037977 0.0480974 0.0578283 0.0660083 0.0717264 0.0746016 0.0747554 0.0725909 0.0685964 0.0632578 0.0570296 0.0503142 0.0434432 0.0366712 0.0301863 0.0241297 0.0186193 0.0137642 0.00966267 0.00638132 0.00392737
 0.0086729 0.0140487 0.0210607 0.0295966 0.0393139 0.0495023 0.0590642 0.0667928 0.0718298 0.0739524 0.0734851 0.0709877 0.0669937 0.0619207 0.0560922 0.0497792 0.0432247 0.0366512 0.0302588 0.0242233 0.0186984 0.0138187 0.00969558 0.00639957 0.00393699
 0.00834561 0.0135758 0.0204611 0.0289312 0.0386747 0.0489882 0.0587521 0.0667102 0.071937 0.0741449 0.0736309 0.0709893 0.0668423 0.0617054 0.055953 0.0498353 0.0435206 0.0371479 0.0308638 0.0248346 0.019238 0.0142464 0.0100046 0.00660473 0.00406258
 0.00861561 0.013964 0.0209526 0.029483 0.0392329 0.049512 0.0592293 0.0671523 0.0723548 0.0745203 0.0739024 0.0710645 0.0666369 0.06119 0.0551829 0.0489406 0.042659 0.0364464 0.0303804 0.0245576 0.0191129 0.0142099 0.0100073 0.00661807 0.00407435
 0.00860838 0.0139903 0.0210593 0.0297293 0.0396651 0.050131 0.0599702 0.0678982 0.0729828 0.0749517 0.0741227 0.0711026 0.0665235 0.0609326 0.0547742 0.0483892 0.0420138 0.035791 0.0298032 0.0241171 0.0188223 0.0140449 0.00992747 0.00658568 0.00406374
 0.0091287 0.0148084 0.0222373 0.0313025 0.0416305 0.0524307 0.0624725 0.070391 0.0751963 0.0766122 0.0750186 0.0711369 0.0657335 0.0594663 0.052839 0.0461976 0.0397521 0.0336126 0.0278313 0.0224418 0.0174917 0.0130603 0.00924977 0.00615215 0.00380627
 0.00877476 0.0143031 0.0216092 0.0306289 0.0410245 0.052016 0.0623581 0.0706517 0.0758574 0.0776336 0.0762865 0.0724751 0.0669404 0.0603669 0.0533301 0.0462665 0.0394637 0.0330776 0.0271734 0.0217725 0.016895 0.0125843 0.0089073 0.00592907 0.00367433
 0.00819235 0.0133311 0.0201094 0.0284828 0.0381911 0.0486068 0.0586887 0.0672168 0.0732088 0.0762134 0.076298 0.0738468 0.069376 0.0634437 0.0566038 0.0493607 0.0421256 0.0351938 0.0287472 0.0228814 0.0176453 0.0130784 0.00922687 0.00613191 0.00379912
 0.00822939 0.0133271 0.0199808 0.0281026 0.0374096 0.0472946 0.056791 0.0648015 0.0704924 0.073548 0.0741084 0.0725225 0.0691547 0.0643369 0.058401 0.0517052 0.0446257 0.0375222 0.0306986 0.0243798 0.0187143 0.0137957 0.0096844 0.00641116 0.00396227
 0.00884229 0.0143123 0.0214329 0.0300755 0.0398728 0.0500812 0.0595668 0.0670993 0.0718311 0.0735961 0.0728126 0.0701375 0.0661635 0.0612983 0.0557856 0.0497804 0.0434269 0.0369075 0.0304497 0.0242965 0.0186674 0.0137325 0.00960349 0.00633049 0.00389737
 0.00872171 0.0141889 0.0213835 0.0302213 0.0403531 0.0510048 0.0609583 0.0688619 0.0737388 0.0753241 0.0740087 0.0705251 0.065642 0.0599924 0.0540092 0.047925 0.0418262 0.0357438 0.0297365 0.023931 0.0185094 0.0136671 0.00956522 0.00629619 0.00386589
