SBPRF35
8.12335
Curr Bio
746508
B35
564188
F35
0.208877
FOFL
0.208877
OFL
132758
Bzero
2.32096e+006
#pred survey bio
 3.48372e+006 3.39638e+006 3.35483e+006 3.24624e+006 3.08607e+006 2.79907e+006 2.50053e+006 2.18595e+006 2.02762e+006 1.80679e+006 1.55041e+006 1.29741e+006 1.09291e+006 917668 814570 769262 727303 710933 696779 642437 577672 542634 527972 527811 518175 517417 550685 581705 578055 565874 559280 541592 549030 559561 577480 585666 598418 586493 527231 482616 498216 526632 538041 560044 583721 592906 553479 552888 558949 597649 639914 584409 528049 569309 615169 682647 712453 695017 608968 557632 617390 755089 1.88473e+007 1.68269e+007 1.65348e+007 1.65168e+007 1.66923e+007 1.6961e+007 1.72502e+007 1.7518e+007 1.77461e+007 1.79308e+007 1.80756e+007 1.81868e+007 1.82713e+007 1.83349e+007 1.83828e+007 1.84188e+007 1.8446e+007 1.84664e+007 1.84819e+007 1.84937e+007 1.85027e+007 1.85096e+007 1.85148e+007 1.85188e+007 1.85219e+007 1.85243e+007 1.85262e+007 1.85276e+007 1.85287e+007 1.85296e+007 1.85302e+007 1.85307e+007 1.85311e+007 1.85315e+007 1.85317e+007 1.85319e+007 1.8532e+007 1.85321e+007 1.85322e+007 1.85323e+007 1.85324e+007 1.85324e+007 1.85324e+007 1.85325e+007 1.85325e+007 1.85325e+007 1.85325e+007 1.85325e+007 1.85325e+007 1.85325e+007 1.85325e+007 1.85325e+007 1.85325e+007 1.85325e+007 1.85325e+007 1.85325e+007 1.85325e+007 1.85325e+007 1.85325e+007 1.85325e+007 1.85325e+007 1.85325e+007 1.85325e+007 1.85325e+007 1.85325e+007 1.85325e+007 1.85325e+007 1.85325e+007 1.85325e+007 1.85325e+007 1.85325e+007 1.85325e+007 1.85325e+007 1.85325e+007 1.85325e+007 1.85325e+007 1.85325e+007 1.85325e+007 1.85325e+007 1.85325e+007 1.85325e+007 1.85325e+007 1.85325e+007 1.85325e+007 1.85325e+007 1.85325e+007 1.85325e+007 1.85325e+007 1.85325e+007 1.85325e+007 1.85325e+007 1.85325e+007 1.85325e+007 1.85325e+007 1.85325e+007 1.85325e+007 1.85325e+007 1.85325e+007 1.85325e+007 1.85325e+007 0 0 0 0 0 0 0 0 0 0 0 0 0 0 0 0 0 0 0 0 0 0 0 0 0
#obs survey bio
 3.61266e+006 3.35282e+006 3.79115e+006 2.90716e+006 4.20754e+006 2.54289e+006 3.00543e+006 1.66402e+006 2.3274e+006 1.25882e+006 1.8276e+006 1.36394e+006 969831 990955 752710 676738 614902 676395 780074 639840 506188 656338 430217 758525 500878 473107 492247 614206 562733 588753 440709 542738 601850 590509 610279 621598 523787 864566 546612 339936 361739 633604 488686 559385 597032 673003 339196 523337 657546 490049 833725 479391 506386 492939 642186 719480 799460 767435 628934 436754 771709 738270
#pred catch bio
 112809 108749 155937 202797 246753 261048 321346 283945 299492 280805 267590 302804 287389 247730 214177 218808 195314 169333 158567 128770 132421 117400 119479 115931 118216 104005 107682 110955 102470 94943 98521 92105.7 99296 91924.3 95292.8 86679.8 88818.9 84911.2 91749.2 84535.3 85143.5 89058 89889 91329.9 90317.8 98520.6 95286.2 93811.2 90218.9 83166.6 100745 122438 39341.6 77133.1 75989.9 110112 126533 133602 119850 78765.8 35478.4 121351 132758 129282 125687 124230 124605 125834 127297 128667 129807 130688 131338 131801 132121 132340 132486 132583 132647 132688 132715 132733 132744 132751 132755 132758 132760 132761 132762 132763 132763 132763 132763 132763 132763 132763 132763 132763 132763 132763 132763 132763 132763 132763 132763 132763 132763 132763 132763 132763 132763 132763 132763 132763 132763 132763 132763 132763 132763 132763 132763 132763 132763 132763 132763 132763 132763 132763 132763 132763 132763 132763 132763 132763 132763 132763 132763 132763 132763 132763 132763 132763 132763 132763 132763 132763 132763 132763 132763 132763 132763 132763 132763 132763 132763 132763 132763 132763 132763 132763 132763 132763 0 0 0 0 0 0 0 0 0 0 0 0 0 0 0 0 0 0 0 0 0 0 0 0 0
#obs catch bio
 0 108438 156020 202924 246850 260631 321868 284373 299737 280501 266590 304046 287101 248037 214606 220111 197119 169367 158421 128024 132957 117140 120109 115516 118347 104262 108011 110805 102359 94868.5 98465.9 92062 99530.7 91869 95397.5 86657.1 88866.4 84658 91772.1 84746.4 85279.4 88942.5 89942.4 91419.2 90256.8 98355.6 95444.4 93744.2 90478.8 83107 100386 123877 38809.1 77652.9 75824.2 110375 126616 133388 119968 79285.3 34938.4 122427
#pred cpue bio
 3.446e+006 3.35975e+006 3.31721e+006 3.20795e+006 3.04772e+006 2.76192e+006 2.46479e+006 2.15173e+006 1.99302e+006 1.77325e+006 1.51903e+006 1.26885e+006 1.06641e+006 893219 790874 745238 703068 686360 672335 619529 556912 522692 508497 508273 499044 498095 530220 560380 557028 545357 539145 522098 529380 539656 557307 565259 576485 563149 505561 462536 477537 505072 516213 537309 560101 569178 531377 530576 536288 573468 614441 561318 506084 546763 591771 657582 686161 668609 584813 534331 591731 726570 1.81702e+007 1.62485e+007 1.59035e+007 1.58327e+007 1.59956e+007 1.62623e+007 1.65513e+007 1.6819e+007 1.70471e+007 1.72318e+007 1.73766e+007 1.74878e+007 1.75723e+007 1.76359e+007 1.76838e+007 1.77198e+007 1.7747e+007 1.77674e+007 1.77829e+007 1.77947e+007 1.78037e+007 1.78105e+007 1.78158e+007 1.78198e+007 1.78229e+007 1.78253e+007 1.78272e+007 1.78286e+007 1.78297e+007 1.78306e+007 1.78312e+007 1.78317e+007 1.78321e+007 1.78324e+007 1.78327e+007 1.78329e+007 1.7833e+007 1.78331e+007 1.78332e+007 1.78333e+007 1.78333e+007 1.78334e+007 1.78334e+007 1.78334e+007 1.78335e+007 1.78335e+007 1.78335e+007 1.78335e+007 1.78335e+007 1.78335e+007 1.78335e+007 1.78335e+007 1.78335e+007 1.78335e+007 1.78335e+007 1.78335e+007 1.78335e+007 1.78335e+007 1.78335e+007 1.78335e+007 1.78335e+007 1.78335e+007 1.78335e+007 1.78335e+007 1.78335e+007 1.78335e+007 1.78335e+007 1.78335e+007 1.78335e+007 1.78335e+007 1.78335e+007 1.78335e+007 1.78335e+007 1.78335e+007 1.78335e+007 1.78335e+007 1.78335e+007 1.78335e+007 1.78335e+007 1.78335e+007 1.78335e+007 1.78335e+007 1.78335e+007 1.78335e+007 1.78335e+007 1.78335e+007 1.78335e+007 1.78335e+007 1.78335e+007 1.78335e+007 1.78335e+007 1.78335e+007 1.78335e+007 1.78335e+007 1.78335e+007 1.78335e+007 1.78335e+007 1.78335e+007 1.78335e+007 1.78335e+007 0 0 0 0 0 0 0 0 0 0 0 0 0 0 0 0 0 0 0 0 0 0 0 0 0
#obs cpue bio
 3.57102e+006 3.14479e+006 3.22777e+006 3.21905e+006 2.5935e+006 3.00427e+006 2.17316e+006 1.86824e+006 2.2326e+006 2.76234e+006 1.51435e+006 879449 1.49676e+006 718500 740737 741284 597819 975954 697726 768085 432739 537112 421994 560456 438200 411509 574574 745118 550743 491041 772145 458897 451646 536391 526429 499926 681301 477740 474842 475123 664468 544139 484532 518954 565524 643385 641034 675241 337494 696081 740218 475286 669845 493905 576043 620348 628016 756589 552951 435154 673065 709810
#pred surv len freq
 0.00423168 0.00697666 0.010698 0.01544 0.0211178 0.0274239 0.0338127 0.0396522 0.0444683 0.0480956 0.0506402 0.0523312 0.0533945 0.0540024 0.0542751 0.0543032 0.0541713 0.0539569 0.0536727 0.0531502 0.0519405 0.049367 0.0448125 0.0381359 0.0299297
 0.00456049 0.00741681 0.0111887 0.0158733 0.0213775 0.0274413 0.033605 0.0393132 0.0441152 0.0478082 0.0504326 0.0521712 0.0532505 0.0538824 0.054234 0.0544143 0.0544793 0.0544354 0.0542104 0.0535786 0.052098 0.0491703 0.0442963 0.0374346 0.0292128
 0.00462419 0.00758727 0.0115611 0.0165569 0.0224435 0.0288557 0.0351912 0.0407882 0.0451977 0.0483366 0.0504167 0.0517497 0.0525993 0.0531436 0.0534992 0.0537455 0.0539237 0.0540141 0.053892 0.0532718 0.0516834 0.0485614 0.0434922 0.0365265 0.0283387
 0.0047612 0.00778915 0.0118322 0.0169037 0.0228918 0.029465 0.0360439 0.041943 0.0466225 0.0498695 0.0517975 0.0527186 0.0530046 0.0529893 0.0529134 0.0529055 0.0529899 0.0530949 0.053032 0.0524541 0.050851 0.0476595 0.0425138 0.0355301 0.0274239
 0.00492174 0.00805788 0.012249 0.0175054 0.0237001 0.0304724 0.0372085 0.0432023 0.0479201 0.0511685 0.053061 0.0538701 0.053909 0.0534879 0.0528946 0.0523613 0.0520173 0.0518462 0.0516509 0.0510345 0.049433 0.0462577 0.0411547 0.034272 0.0263441
 0.00513288 0.00839824 0.0127565 0.018215 0.024639 0.0316501 0.0386048 0.0447584 0.049543 0.0527499 0.0545016 0.0550936 0.054857 0.054099 0.0530935 0.0520756 0.0512166 0.0505721 0.0500118 0.0491704 0.0474782 0.0443258 0.0393446 0.0326755 0.0250372
 0.00531208 0.00870166 0.0132353 0.0189236 0.0256231 0.032928 0.0401504 0.046497 0.0513654 0.0545356 0.0561384 0.0564878 0.0559349 0.0548038 0.0533775 0.0518936 0.0505307 0.0493717 0.048338 0.0471261 0.0452166 0.0420238 0.0371758 0.0307858 0.0235236
 0.00560635 0.0091766 0.0139441 0.0199147 0.0269325 0.0345665 0.0420872 0.0486511 0.0536109 0.0567216 0.0581134 0.0581212 0.0571299 0.0555003 0.0535447 0.0515172 0.0496031 0.0478944 0.0463402 0.0446889 0.0424875 0.0392083 0.0345029 0.0284595 0.0216771
 0.00577345 0.00946502 0.0144093 0.0206192 0.0279329 0.0358934 0.043726 0.0505362 0.0556383 0.0587699 0.0600606 0.059852 0.0585379 0.0564914 0.0540437 0.0514712 0.0489815 0.0466894 0.0445746 0.0424337 0.0398798 0.0364523 0.0318407 0.0261176 0.0198098
 0.00605025 0.00989919 0.0150346 0.02146 0.0290053 0.0372037 0.0452648 0.0522696 0.0575021 0.0606724 0.0618924 0.0614996 0.059896 0.0574704 0.0545701 0.0514861 0.0484403 0.0455674 0.0428796 0.0402252 0.0372875 0.0336786 0.0291349 0.0237202 0.0178899
 0.0062207 0.0102014 0.0155344 0.0222307 0.0301064 0.0386518 0.0470098 0.0541975 0.059467 0.0625396 0.0635655 0.0629195 0.0610224 0.0582631 0.0549812 0.0514619 0.0479287 0.0445281 0.0413009 0.0381462 0.0348195 0.0310109 0.0265098 0.0213781 0.016005
 0.00625847 0.0102972 0.0157438 0.022631 0.0307837 0.0396756 0.0484055 0.0559269 0.0614266 0.0645759 0.0655051 0.0646046 0.0623398 0.0591532 0.0554245 0.0514541 0.0474609 0.0435838 0.0398713 0.0362584 0.0325642 0.0285544 0.0240745 0.0191912 0.0142355
 0.00641313 0.0105716 0.0162 0.0233433 0.0318246 0.0410922 0.0501947 0.0580221 0.0637022 0.0668664 0.0676285 0.0663875 0.0636422 0.0598886 0.0555672 0.0510274 0.0465127 0.0421635 0.0380231 0.0340375 0.0300653 0.0259317 0.0215317 0.0169373 0.0124257
 0.00674807 0.0110954 0.0169509 0.0243465 0.0330922 0.0426225 0.0519651 0.0599805 0.0657626 0.0689121 0.0695233 0.0679907 0.0648261 0.0605555 0.0556615 0.0505399 0.0454739 0.0406308 0.0360694 0.0317504 0.0275594 0.0233602 0.0190802 0.0147893 0.0107137
 0.00705141 0.0115873 0.0176873 0.0253735 0.0344324 0.0442558 0.0538154 0.0619212 0.0676477 0.0706158 0.0709628 0.0691211 0.0656179 0.0609755 0.0556698 0.0501011 0.0445725 0.0392814 0.0343202 0.0296837 0.0252927 0.0210448 0.0168876 0.0128807 0.00920046
 0.00714638 0.0117602 0.017982 0.0258437 0.0351305 0.0452146 0.0550286 0.0633343 0.0691642 0.072117 0.0723322 0.0702649 0.0664753 0.0615147 0.0558744 0.0499568 0.0440636 0.0383999 0.0330807 0.0281375 0.0235344 0.0192079 0.0151259 0.0113372 0.00797298
 0.00729072 0.0119974 0.0183442 0.0263641 0.0358383 0.0461267 0.0561383 0.0646035 0.0705228 0.0734701 0.0735734 0.0712932 0.0672111 0.061912 0.0559217 0.0496665 0.0434576 0.0375001 0.0319122 0.0267414 0.0219822 0.0176054 0.0135998 0.010007 0.00691993
 0.00746172 0.0122433 0.0186561 0.0267162 0.0362005 0.0464814 0.0564931 0.0649897 0.0709809 0.0740291 0.074233 0.0720163 0.0679283 0.0625364 0.0563693 0.0498731 0.0433873 0.0371443 0.0312851 0.0258795 0.0209472 0.0164853 0.0124999 0.00902851 0.00613448
 0.00756602 0.0123962 0.018854 0.0269421 0.0364245 0.0466665 0.0566046 0.0650084 0.0709184 0.0739354 0.0741881 0.0721011 0.0681893 0.0629616 0.0568888 0.0503825 0.0437793 0.0373354 0.031231 0.0255783 0.0204373 0.0158376 0.011805 0.0083761 0.00559241
 0.00774493 0.0126642 0.019214 0.0273794 0.0369083 0.0471533 0.0570425 0.0653428 0.0711025 0.0739462 0.0740401 0.0718494 0.0679163 0.06275 0.0567902 0.0503974 0.0438579 0.0373987 0.0312012 0.0254051 0.0201126 0.0153954 0.011308 0.00789502 0.00518452
 0.00774741 0.0126759 0.019245 0.0274421 0.0370119 0.0472967 0.0572093 0.0655038 0.0712248 0.0740055 0.074029 0.0717797 0.0678163 0.0626585 0.0567465 0.0504278 0.0439615 0.0375424 0.0313284 0.0254578 0.0200544 0.0152256 0.0110595 0.00761934 0.0049309
 0.00777294 0.0127356 0.019368 0.0276652 0.037369 0.0478013 0.0578395 0.0661978 0.0718926 0.0745507 0.0743729 0.0718796 0.0676744 0.0623188 0.0562828 0.0499224 0.0434841 0.0371329 0.0309913 0.02517 0.019784 0.0149514 0.0107816 0.00735581 0.00470524
 0.00775001 0.0126875 0.0192779 0.0275167 0.0371573 0.0475478 0.0575981 0.0660447 0.071898 0.0747457 0.0747317 0.0723272 0.0681151 0.0626704 0.0565004 0.0500049 0.0434638 0.0370545 0.0308913 0.0250659 0.0196752 0.014831 0.0106481 0.00721824 0.00457883
 0.00771935 0.0126505 0.0192449 0.0275019 0.0371716 0.0475894 0.0576494 0.0660813 0.0719063 0.0747374 0.0747414 0.0723921 0.0682493 0.0628526 0.0566833 0.0501392 0.0435203 0.0370326 0.0308113 0.024954 0.0195513 0.0147057 0.0105268 0.00710594 0.00448218
 0.00782916 0.0127927 0.0193928 0.0276116 0.0371978 0.0475081 0.0574736 0.0658563 0.0716878 0.0745675 0.0746383 0.072357 0.0682783 0.0629412 0.0568205 0.0503016 0.0436749 0.037149 0.0308735 0.0249628 0.0195193 0.0146487 0.0104587 0.00703755 0.00442133
 0.00794055 0.0129804 0.0196844 0.0280283 0.0377396 0.0481371 0.0581061 0.0663794 0.0719984 0.0746145 0.0744405 0.0719872 0.0678275 0.0624868 0.0564119 0.0499602 0.0434003 0.0369271 0.0306851 0.0247927 0.0193609 0.0145034 0.0103317 0.0069336 0.00434244
 0.00785957 0.0128499 0.0194922 0.0277693 0.0374228 0.0477925 0.0577848 0.066141 0.0718869 0.0746368 0.0745646 0.072162 0.0680109 0.062662 0.0565837 0.0501399 0.0435924 0.0371238 0.0308704 0.0249492 0.0194772 0.0145769 0.0103684 0.00694429 0.00433857
 0.00785363 0.0128246 0.0194253 0.0276312 0.0371851 0.0474416 0.0573353 0.0656403 0.0714075 0.0742574 0.0743462 0.0721297 0.0681487 0.0629237 0.0569141 0.0504942 0.0439425 0.0374545 0.0311709 0.025209 0.0196868 0.0147319 0.0104717 0.00700501 0.00436918
 0.0079589 0.0129751 0.0196126 0.0278312 0.0373609 0.0475501 0.0573365 0.0655065 0.0711338 0.0738702 0.0739032 0.0717072 0.0678185 0.0627312 0.0568675 0.0505693 0.044099 0.0376516 0.0313766 0.0254012 0.0198512 0.0148607 0.010563 0.00706276 0.00440115
 0.00797322 0.0130031 0.0196623 0.0279104 0.0374714 0.0476812 0.0574606 0.0655826 0.0711202 0.0737406 0.0736599 0.0713835 0.0674713 0.0624245 0.0566542 0.050477 0.0441249 0.0377692 0.0315479 0.0255892 0.0200275 0.0150076 0.0106734 0.00713754 0.00444654
 0.00794251 0.012951 0.0195807 0.0277925 0.0373161 0.0474974 0.0572689 0.0654108 0.0709911 0.0736611 0.0736175 0.0713552 0.0674385 0.0623858 0.056627 0.0504882 0.0441969 0.0379081 0.0317405 0.0258089 0.0202444 0.0151975 0.0108225 0.00724311 0.00451393
 0.0079553 0.0129744 0.0196204 0.0278535 0.0373999 0.0475981 0.0573717 0.0654949 0.0710378 0.0736609 0.0735717 0.0712716 0.0673249 0.0622487 0.056475 0.0503371 0.0440689 0.037825 0.0317145 0.0258372 0.0203108 0.0152802 0.0109019 0.00730706 0.00455847
 0.00783766 0.012801 0.019393 0.0275866 0.0371179 0.0473301 0.0571457 0.0653337 0.0709548 0.0736574 0.0736372 0.0713874 0.0674704 0.0624051 0.0566282 0.0504786 0.0441976 0.0379464 0.031837 0.0259662 0.0204445 0.0154097 0.0110157 0.00739667 0.00462139
 0.00780641 0.0127457 0.0193022 0.0274494 0.0369291 0.0470973 0.0568936 0.0651009 0.0707816 0.0735713 0.0736435 0.0714707 0.0676034 0.0625596 0.0567823 0.0506197 0.0443211 0.0380543 0.0319351 0.0260605 0.020538 0.0155004 0.011098 0.00746451 0.0046714
 0.00786943 0.0128136 0.0193409 0.0274068 0.0367502 0.0467479 0.0563814 0.0644805 0.0701421 0.0730111 0.0732453 0.0712829 0.0676325 0.0627741 0.0571265 0.0510312 0.0447464 0.0384562 0.0322934 0.0263681 0.0207946 0.0157084 0.0112599 0.0075837 0.0047529
 0.00865343 0.0139327 0.0207352 0.028917 0.038156 0.0478341 0.0569958 0.0645603 0.0697114 0.0721651 0.0721288 0.0700625 0.066463 0.0617689 0.0563419 0.0504699 0.0443744 0.0382246 0.0321559 0.02629 0.020754 0.0156919 0.0112589 0.00759112 0.00476318
 0.00928963 0.0149507 0.0222273 0.0309316 0.0406569 0.0506547 0.059818 0.0669588 0.0712733 0.0726326 0.0714851 0.068514 0.0643429 0.0594236 0.0540513 0.0484149 0.0426407 0.0368263 0.0310645 0.0254598 0.0201382 0.0152499 0.0109555 0.00739474 0.00464494
 0.00908638 0.0147589 0.0221941 0.0312779 0.0416166 0.052376 0.0622721 0.0699069 0.0743084 0.0752798 0.073321 0.0692724 0.0639753 0.0580949 0.0520714 0.0461372 0.0403714 0.0347744 0.0293364 0.0240823 0.0190901 0.0144872 0.0104269 0.00704877 0.00443334
 0.00882593 0.0143441 0.0215956 0.0305006 0.0407293 0.0515403 0.0617429 0.0699747 0.0751847 0.0769763 0.075597 0.0716936 0.0660598 0.0594725 0.052585 0.0458534 0.0395139 0.0336232 0.0281395 0.0230076 0.0182197 0.013837 0.00997421 0.00675434 0.00425495
 0.00877101 0.0142599 0.0214773 0.030344 0.0405303 0.0512969 0.0614676 0.0697144 0.0750376 0.0770818 0.0760863 0.0726124 0.0673085 0.0608111 0.0537129 0.0465247 0.0396261 0.0332349 0.0274211 0.0221611 0.0174116 0.0131669 0.0094765 0.00641814 0.00404709
 0.00865466 0.0140799 0.0212241 0.0300163 0.0401363 0.0508559 0.0610099 0.0692804 0.0746754 0.0768463 0.0760404 0.0728213 0.0678174 0.0616072 0.0546965 0.0475192 0.0404344 0.0337159 0.0275398 0.0219864 0.0170697 0.0127839 0.00913984 0.0061667 0.00388224
 0.00862925 0.0140203 0.0211013 0.0297945 0.0397845 0.050365 0.0604069 0.0686288 0.0740596 0.076349 0.0757256 0.0727305 0.0679731 0.0620137 0.0553296 0.0483114 0.041273 0.0344662 0.0280901 0.0222878 0.0171466 0.0127106 0.00900123 0.00602712 0.00377435
 0.0087253 0.0141558 0.0212655 0.0299608 0.0399131 0.0504101 0.060327 0.068398 0.0736794 0.0758557 0.0751881 0.0722353 0.0676033 0.0618302 0.0553607 0.0485477 0.0416661 0.0349347 0.028538 0.0226336 0.0173497 0.0127788 0.00897679 0.00596096 0.00370533
 0.00870228 0.0141373 0.0212715 0.0300178 0.0400428 0.0506131 0.0605709 0.0686202 0.0738066 0.0758315 0.0749947 0.0719013 0.0671948 0.0614318 0.0550522 0.048384 0.0416643 0.0350713 0.0287571 0.0228661 0.0175369 0.0128909 0.00901599 0.0059508 0.003674
 0.00865379 0.0140583 0.0211538 0.0298583 0.0398483 0.0504065 0.0603907 0.0685102 0.0737958 0.0759151 0.0751312 0.0720299 0.0672648 0.0614265 0.054994 0.0483214 0.0416474 0.0351299 0.0288894 0.0230422 0.0177143 0.0130336 0.00910695 0.00599359 0.00368422
 0.00854287 0.0138895 0.0209214 0.0295646 0.0395036 0.0500277 0.0600028 0.0681482 0.073503 0.0757355 0.0750952 0.0721402 0.0674916 0.0617168 0.0552937 0.048596 0.0418906 0.0353552 0.0291126 0.0232667 0.0179279 0.0132165 0.00924407 0.00608174 0.00373171
 0.00869538 0.0141032 0.0211796 0.0298306 0.0397308 0.0501762 0.0600523 0.0681003 0.0733743 0.0755494 0.0748771 0.0719167 0.0672877 0.0615506 0.0551709 0.0485104 0.0418317 0.0353171 0.029096 0.0232747 0.0179584 0.0132601 0.00928799 0.00611598 0.00375265
 0.008685 0.0141176 0.0212565 0.0300175 0.0400649 0.0506561 0.0606203 0.0686513 0.0737929 0.0757548 0.0748494 0.0716929 0.0669367 0.0611449 0.0547683 0.0481476 0.0415258 0.0350716 0.0289082 0.0231396 0.0178697 0.013209 0.00926338 0.00610647 0.00374957
 0.00876139 0.0142138 0.0213522 0.0300834 0.0400786 0.0506229 0.0605818 0.0686697 0.0739156 0.0759801 0.0751203 0.0719247 0.0670588 0.0611307 0.0546374 0.0479462 0.0413032 0.0348647 0.028737 0.0230106 0.0177811 0.0131544 0.00923385 0.00609304 0.00374466
 0.00874824 0.0141992 0.0213414 0.0300814 0.0400849 0.0506257 0.0605592 0.0686022 0.073804 0.0758558 0.0750347 0.0719206 0.0671438 0.0612718 0.0547819 0.0480508 0.0413517 0.0348662 0.0287131 0.0229815 0.0177591 0.0131434 0.00923222 0.00609686 0.00375015
 0.00850494 0.0138331 0.0208461 0.0294734 0.0394016 0.0499204 0.0598943 0.0680415 0.0734012 0.0756444 0.0750254 0.0721061 0.0675046 0.0617764 0.0553829 0.0486874 0.0419617 0.0354026 0.0291531 0.0233246 0.0180175 0.0133327 0.00936679 0.0061884 0.00380876
 0.008747 0.0141617 0.0212216 0.0298203 0.0396324 0.0499711 0.0597526 0.0677485 0.0730284 0.0752622 0.074682 0.0718247 0.0672935 0.0616396 0.0553231 0.0487017 0.0420362 0.0355125 0.029271 0.0234295 0.0180996 0.0133918 0.00940728 0.00621545 0.00382633
 0.00900539 0.0146269 0.0219975 0.0310118 0.0412959 0.0520509 0.0620394 0.0699052 0.0746909 0.0761647 0.0747373 0.0711215 0.0660315 0.0600506 0.053616 0.0470372 0.0405222 0.0342083 0.0281963 0.022577 0.0174473 0.012912 0.009071 0.00599342 0.00368987
 0.00838209 0.0136324 0.0205463 0.0290644 0.038899 0.0493793 0.0594113 0.0677305 0.0733462 0.0758539 0.0754218 0.0725617 0.0679023 0.0620571 0.0555537 0.0487964 0.0420606 0.0355207 0.0292919 0.0234685 0.0181483 0.013439 0.00944564 0.00624294 0.00384428
 0.00831599 0.0135066 0.0203211 0.0286864 0.0383085 0.0485285 0.0582917 0.0664013 0.0719503 0.0746041 0.0745481 0.0722333 0.0681639 0.0628157 0.056626 0.0499833 0.0432071 0.0365377 0.030146 0.0241587 0.0186872 0.0138433 0.00973415 0.00643636 0.0039648
 0.00826896 0.0134211 0.0201749 0.0284506 0.037951 0.0480201 0.0576142 0.0655557 0.070965 0.0735447 0.0735242 0.0713921 0.0676591 0.0627574 0.0570357 0.0507814 0.0442434 0.0376458 0.0311909 0.0250587 0.0194097 0.0143893 0.0101231 0.00669633 0.00412651
 0.00839896 0.0136376 0.0205077 0.0289238 0.038569 0.0487494 0.0583702 0.0662084 0.0713678 0.0735783 0.0731362 0.0706185 0.0666219 0.0616382 0.0560283 0.0500373 0.043831 0.0375424 0.0313101 0.0252942 0.0196723 0.0146233 0.0103046 0.0068231 0.00420726
 0.00852507 0.0138535 0.0208521 0.0294385 0.0392871 0.0496776 0.0594696 0.0673853 0.0724818 0.0744658 0.0736449 0.0706438 0.0661376 0.0607114 0.0548095 0.0487236 0.0426132 0.036556 0.0306097 0.02486 0.0194401 0.0145191 0.0102684 0.00681634 0.00421008
 0.00889922 0.0144191 0.0216245 0.0304049 0.0404131 0.0509166 0.0607671 0.068675 0.0736806 0.0754741 0.074354 0.0709516 0.0659705 0.0600487 0.0537016 0.0472935 0.0410351 0.0350152 0.0292576 0.0237837 0.0186564 0.0139927 0.00993911 0.00662301 0.00410303
 0.00907198 0.014724 0.022125 0.0311668 0.04148 0.0522762 0.062328 0.0702754 0.0751334 0.0766238 0.075111 0.0712883 0.0658937 0.0595762 0.0528597 0.0461321 0.0396434 0.0335206 0.027804 0.0224974 0.0176177 0.0132246 0.00941722 0.00629599 0.00391362
 0.00860737 0.0140218 0.0211715 0.0299966 0.0401809 0.0509873 0.0612284 0.0695554 0.0749444 0.0770254 0.0760455 0.0726001 0.0673795 0.0610359 0.0541301 0.0471028 0.0402647 0.0338061 0.027822 0.0223483 0.0174032 0.0130208 0.00926307 0.00619825 0.00386064
 0.00783237 0.0127796 0.0193417 0.0274977 0.0370085 0.047265 0.0572478 0.0657648 0.0718633 0.07511 0.0755673 0.0735848 0.0696196 0.0641596 0.0576962 0.050694 0.043555 0.0365933 0.0300281 0.0239948 0.0185731 0.0138206 0.00979313 0.00653881 0.00407075
#obs surv len freq
 nan nan nan nan nan nan nan nan nan nan nan nan nan nan nan nan nan nan nan nan nan nan nan nan nan
 0.00448653 0.00734901 0.0111804 0.0159984 0.0217008 0.0279778 0.0342928 0.0400242 0.0447028 0.0481647 0.05052 0.0520129 0.0529024 0.0534123 0.0537245 0.0539779 0.0542553 0.0545473 0.0546856 0.0542773 0.0527154 0.0493481 0.0437987 0.03628 0.0276651
 0.00461566 0.00756087 0.0115025 0.0164566 0.0223128 0.0287438 0.0351855 0.0409862 0.0456549 0.0490209 0.0512043 0.0524703 0.0531042 0.0533569 0.0534331 0.0534868 0.0536076 0.0537854 0.0538484 0.0534016 0.05184 0.0485157 0.043054 0.0356605 0.0271916
 0.00477981 0.00782926 0.0119093 0.0170347 0.0230875 0.0297223 0.0363461 0.0422728 0.0469822 0.0502882 0.0523102 0.0533253 0.0536406 0.0535351 0.0532451 0.0529546 0.0527759 0.0527133 0.0526019 0.0520511 0.0504606 0.047188 0.0418577 0.0346618 0.0264269
 0.00497134 0.008143 0.0123859 0.0177135 0.0239993 0.0308771 0.0377207 0.043806 0.0485826 0.0518492 0.053725 0.054496 0.0544825 0.0539821 0.0532553 0.0525152 0.0519061 0.0514626 0.051046 0.0502873 0.0486045 0.0453673 0.0401987 0.0332675 0.0253553
 0.00518259 0.00848809 0.0129086 0.0184559 0.0249945 0.032137 0.039223 0.0454891 0.0503524 0.0535962 0.0553395 0.0558773 0.0555425 0.054646 0.0534637 0.0522287 0.0511116 0.0501806 0.0493367 0.0482538 0.0463897 0.0431422 0.0381387 0.0315187 0.024003
 0.00540824 0.00885943 0.0134758 0.0192684 0.0260915 0.0335321 0.0408888 0.047352 0.0523041 0.0555143 0.0571074 0.0573937 0.0567229 0.0554201 0.0537729 0.052026 0.0503663 0.0488881 0.0475333 0.0460302 0.0438972 0.0405814 0.0357282 0.0294483 0.0223891
 0.00564493 0.00924623 0.0140619 0.0201018 0.0272104 0.0349516 0.0425862 0.0492599 0.0543182 0.057512 0.058966 0.0590038 0.0579931 0.0562778 0.0541608 0.051898 0.049687 0.0476399 0.045733 0.0437505 0.0412819 0.0378413 0.0331076 0.0271695 0.0205965
 0.00589945 0.0096626 0.0146933 0.0209991 0.0284124 0.0364695 0.0443876 0.0512646 0.0564097 0.0595607 0.06085 0.060619 0.0592557 0.0571213 0.0545328 0.0517564 0.0489982 0.0463834 0.0439165 0.0414327 0.0385952 0.0349941 0.0303544 0.024752 0.0186794
 0.00614746 0.0100681 0.0153079 0.0218726 0.0295835 0.037951 0.046151 0.0532338 0.0584712 0.0615851 0.0627126 0.0622133 0.0604975 0.0579477 0.0548975 0.0516234 0.0483382 0.0451767 0.0421658 0.0391869 0.0359731 0.0321923 0.0276222 0.0223336 0.0167478
 0.00638014 0.0104536 0.0159013 0.0227294 0.0307481 0.0394383 0.0479291 0.0552183 0.0605389 0.0635985 0.0645441 0.0637575 0.0616749 0.0587022 0.0551916 0.0514319 0.0476429 0.0439663 0.0404462 0.0370029 0.0334324 0.0294765 0.0249665 0.0199737 0.0148547
 0.00661153 0.0108308 0.0164714 0.0235376 0.0318302 0.0408084 0.0495646 0.0570532 0.0624698 0.0655018 0.0662949 0.0652448 0.0628106 0.0594246 0.055463 0.0512325 0.0469633 0.0428049 0.038816 0.0349489 0.031054 0.0269388 0.022484 0.0177635 0.013077
 0.00683685 0.0112009 0.0170352 0.0243423 0.0329108 0.0421726 0.0511777 0.0588348 0.064307 0.0672728 0.0678889 0.0665716 0.0638007 0.0600278 0.0556462 0.0509775 0.0462637 0.0416648 0.0372544 0.0330131 0.0288376 0.0245911 0.0201971 0.0157316 0.0114431
 0.00706451 0.0115742 0.0176025 0.02515 0.0339937 0.0435378 0.0527896 0.0606095 0.0661244 0.0690003 0.0694054 0.0677828 0.0646441 0.0604699 0.0556752 0.0505951 0.0454786 0.0404914 0.035718 0.0311625 0.0267602 0.0224211 0.0181035 0.013883 0.00996246
 0.00727626 0.0119213 0.01813 0.0259013 0.0350011 0.0448088 0.0542921 0.0622667 0.0678254 0.0706207 0.0708281 0.0689123 0.0654133 0.0608416 0.0556394 0.0501619 0.04467 0.0393357 0.0342513 0.0294378 0.0248601 0.0204644 0.0162356 0.0122464 0.00865857
 0.00743083 0.0121791 0.0185304 0.0264846 0.0358011 0.0458391 0.0555327 0.0636591 0.0692803 0.0720346 0.0721001 0.0699546 0.066158 0.061243 0.0556754 0.0498315 0.0439897 0.0383347 0.0329705 0.0279336 0.0232122 0.0187792 0.0146375 0.0108539 0.00755413
 0.00751821 0.0123198 0.0187403 0.0267802 0.036199 0.0463547 0.0561761 0.0644294 0.0701599 0.0729863 0.0730676 0.0708682 0.0669424 0.0618283 0.0560048 0.0498679 0.0437172 0.037759 0.0321185 0.0268541 0.0219781 0.0174865 0.013395 0.00976313 0.00668531
 0.00759594 0.012441 0.0189133 0.0270095 0.0364856 0.0466964 0.0565677 0.0648642 0.070632 0.0734916 0.0736016 0.0714185 0.0674822 0.062314 0.056381 0.0500771 0.043712 0.0375113 0.0316259 0.0261435 0.0211057 0.0165336 0.0124561 0.00892678 0.00601335
 0.00768772 0.0125842 0.0191171 0.0272777 0.0368151 0.0470757 0.0569764 0.0652747 0.0710166 0.0738307 0.0738896 0.0716631 0.0676959 0.0625031 0.0565364 0.050172 0.0437068 0.0373659 0.0313132 0.0256616 0.0204839 0.01583 0.0117461 0.00828436 0.00549219
 0.00771186 0.0126231 0.0191751 0.0273587 0.0369222 0.0472101 0.0571364 0.0654554 0.0712102 0.0740287 0.0740849 0.0718516 0.0678771 0.0626776 0.0567017 0.0503164 0.0438068 0.0373888 0.0312265 0.0254459 0.0201444 0.0154001 0.0112805 0.00784313 0.00512295
 0.00777106 0.012709 0.0192854 0.0274849 0.0370525 0.0473341 0.0572484 0.0655549 0.0713001 0.0741127 0.0741657 0.0719305 0.0679543 0.0627531 0.0567742 0.0503821 0.0438556 0.0374029 0.0311829 0.0253244 0.0199384 0.0151234 0.0109666 0.00753491 0.00485808
 0.00781465 0.0127741 0.0193723 0.0275892 0.037165 0.0474422 0.0573379 0.0656137 0.0713222 0.0741022 0.0741365 0.0719013 0.0679416 0.0627658 0.0568122 0.0504376 0.0439157 0.0374506 0.0311988 0.0252906 0.0198444 0.0149729 0.0107786 0.00733831 0.00468151
 0.00784483 0.0128218 0.0194412 0.027681 0.0372782 0.0475706 0.0574696 0.0657319 0.0714092 0.0741449 0.0741312 0.0718558 0.0678725 0.0626931 0.056753 0.0504009 0.0439008 0.0374478 0.0311928 0.0252647 0.0197861 0.0148793 0.0106582 0.00720864 0.00456185
 0.00786444 0.0128496 0.0194758 0.0277188 0.0373151 0.047604 0.0574995 0.0657604 0.0714378 0.0741724 0.0741533 0.0718667 0.0678692 0.0626771 0.056731 0.050382 0.0438917 0.0374492 0.0311984 0.0252636 0.0197672 0.0148368 0.0105944 0.00713344 0.00448821
 0.00786718 0.0128519 0.0194752 0.0277116 0.0372971 0.047572 0.0574533 0.0657038 0.0713788 0.0741214 0.0741205 0.0718588 0.0678864 0.0627143 0.0567805 0.0504369 0.0439479 0.0375043 0.0312493 0.0253048 0.0197922 0.0148409 0.0105779 0.00710203 0.00445103
 0.00788977 0.0128838 0.0195139 0.0277517 0.037331 0.0475919 0.0574537 0.065682 0.0713358 0.0740625 0.0740541 0.0717957 0.0678371 0.0626861 0.0567753 0.0504518 0.0439769 0.0375408 0.031287 0.0253381 0.019816 0.0148515 0.0105747 0.00708772 0.00443099
 0.00786937 0.012852 0.0194685 0.0276915 0.0372558 0.0475028 0.0573533 0.0655756 0.0712311 0.0739689 0.0739817 0.071753 0.0678299 0.0627162 0.0568401 0.0505449 0.0440886 0.0376602 0.0314033 0.025442 0.0199008 0.0149134 0.0106136 0.00710701 0.00443637
 0.00788377 0.0128687 0.0194814 0.027691 0.0372316 0.0474486 0.0572698 0.0654709 0.0711179 0.07386 0.0738876 0.0716813 0.0677856 0.0627027 0.0568588 0.050594 0.0441633 0.0377522 0.0315026 0.0255382 0.019985 0.0149798 0.01066 0.00713509 0.00445024
 0.00786781 0.0128468 0.0194555 0.0276643 0.0372066 0.0474239 0.0572395 0.0654263 0.0710529 0.0737757 0.0737937 0.0715927 0.0677174 0.0626654 0.0568567 0.0506262 0.0442249 0.0378357 0.0315986 0.0256363 0.0200755 0.0150554 0.0107168 0.00717305 0.00447253
 0.00787939 0.0128568 0.0194549 0.0276404 0.0371478 0.0473264 0.0571114 0.0652862 0.0709219 0.0736692 0.0737172 0.0715445 0.0676941 0.0626656 0.0568818 0.0506775 0.0443012 0.0379322 0.0317073 0.0257476 0.0201798 0.0151446 0.0107863 0.00722203 0.00450347
 0.00786762 0.012842 0.0194399 0.0276289 0.0371414 0.0473212 0.0570967 0.0652486 0.0708527 0.0735711 0.0736051 0.071439 0.0676131 0.0626187 0.0568705 0.0506986 0.0443497 0.0380027 0.0317933 0.025841 0.0202717 0.0152268 0.010853 0.00727097 0.00453578
 0.00782622 0.0127739 0.0193367 0.0274841 0.0369537 0.0470987 0.056859 0.0650231 0.0706668 0.0734426 0.0735385 0.0714291 0.0676519 0.0626996 0.0569882 0.0508469 0.0445203 0.0381854 0.0319775 0.0260166 0.0204298 0.0153603 0.0109579 0.00734694 0.00458602
 0.00778883 0.0127115 0.0192399 0.0273434 0.036762 0.0468548 0.0565724 0.0647156 0.0703701 0.0731918 0.0733641 0.0713495 0.0676696 0.0628037 0.0571597 0.0510646 0.044765 0.0384404 0.0322283 0.0262507 0.0206366 0.0155324 0.0110918 0.00744339 0.00464985
 0.00776323 0.0126674 0.019169 0.0272362 0.03661 0.0466539 0.0563257 0.0644359 0.0700783 0.0729149 0.0731305 0.0711855 0.067595 0.0628268 0.0572759 0.0512577 0.0450115 0.038715 0.0325078 0.0265157 0.0208724 0.0157293 0.0112451 0.00755403 0.00472327
 0.00773727 0.012624 0.0191014 0.0271372 0.0364734 0.0464763 0.0561096 0.0641902 0.0698184 0.0726602 0.0729025 0.0710055 0.067482 0.0627952 0.0573321 0.0513983 0.0452227 0.0389749 0.0327903 0.0267955 0.0211282 0.0159461 0.0114155 0.00767776 0.00480573
 0.00931516 0.0148319 0.0217642 0.0298717 0.0387992 0.0479941 0.0566414 0.0638058 0.0687534 0.0711958 0.0712778 0.0693862 0.0659682 0.0614426 0.0561694 0.0504365 0.0444598 0.0383974 0.0323756 0.0265146 0.0209502 0.0158418 0.01136 0.00765163 0.00479547
 0.00929815 0.0150967 0.0226781 0.0318899 0.0422666 0.0528773 0.0623584 0.0693215 0.0729466 0.0733015 0.0711392 0.0673969 0.0628001 0.0577589 0.0524611 0.0469959 0.0414281 0.0358253 0.0302647 0.0248403 0.0196716 0.0149074 0.0107114 0.00722761 0.00453674
 0.00894702 0.0145442 0.0219023 0.0309399 0.0413157 0.0522599 0.0625307 0.0706994 0.0756594 0.0770072 0.0750663 0.0706376 0.0646894 0.0581051 0.051517 0.0452467 0.0393616 0.0337983 0.0284785 0.0233766 0.0185395 0.0140777 0.0101366 0.0068535 0.00430969
 0.00879855 0.01429 0.0214967 0.0303349 0.0404795 0.0512092 0.061373 0.0696616 0.0750702 0.0772065 0.076252 0.0727203 0.0672585 0.0605619 0.0533183 0.046114 0.0393378 0.0331485 0.0275303 0.0223966 0.0176872 0.0134165 0.00966756 0.00654632 0.00412372
 0.00872611 0.0141674 0.0213023 0.0300431 0.0400629 0.0506456 0.060657 0.0688217 0.0741878 0.0764298 0.0757868 0.0727777 0.0679615 0.0618547 0.0549429 0.0476942 0.0405327 0.0337849 0.0276367 0.0221394 0.0172668 0.0129894 0.00931887 0.00630041 0.00396939
 0.00868014 0.0140938 0.021193 0.0298901 0.039858 0.05038 0.0603226 0.0684138 0.0737104 0.0759054 0.0752694 0.072362 0.0677732 0.0620101 0.0554876 0.0485543 0.0415217 0.0346743 0.0282528 0.0224259 0.0172801 0.0128438 0.00912431 0.0061275 0.00384568
 0.00869723 0.0141145 0.0212112 0.0298951 0.039837 0.0503216 0.0602193 0.0682618 0.0735082 0.0756528 0.0749713 0.0720372 0.0674647 0.061787 0.0554288 0.0487141 0.0418922 0.0351731 0.0287522 0.0228091 0.0174898 0.0128933 0.00907144 0.00603636 0.00376045
 0.0086811 0.0140947 0.0211926 0.0298851 0.0398415 0.0503404 0.0602428 0.0682724 0.0734863 0.0755835 0.0748491 0.0718671 0.0672623 0.0615806 0.0552598 0.0486307 0.0419312 0.0353381 0.0290035 0.0230767 0.0177056 0.01302 0.00911216 0.00602054 0.00372228
 0.00866037 0.0140614 0.0211438 0.0298195 0.0397616 0.0502535 0.0601612 0.0682102 0.0734527 0.0755773 0.0748575 0.0718708 0.067245 0.0615367 0.0551991 0.0485768 0.0419145 0.0353825 0.0291129 0.0232297 0.0178638 0.013147 0.00918921 0.00605078 0.00372217
 0.0086719 0.014076 0.021158 0.0298275 0.0397565 0.05023 0.0601181 0.0681518 0.0733882 0.0755182 0.0748129 0.0718439 0.0672309 0.0615255 0.0551821 0.0485527 0.0418926 0.0353787 0.0291405 0.0232906 0.0179456 0.013229 0.00925303 0.00608861 0.00373717
 0.00866218 0.0140641 0.0211472 0.0298224 0.0397609 0.0502442 0.0601369 0.0681657 0.0733875 0.0754981 0.074776 0.0717989 0.0671881 0.0614916 0.0551583 0.0485365 0.0418818 0.0353752 0.0291496 0.0233164 0.0179867 0.0132772 0.00929757 0.00612132 0.00375588
 0.00865339 0.0140499 0.0211261 0.029794 0.0397265 0.0502076 0.0601047 0.0681448 0.0733823 0.0755073 0.0747928 0.0718146 0.0671966 0.0614919 0.0551538 0.0485316 0.0418799 0.0353783 0.0291594 0.0233345 0.0180129 0.0133085 0.00932863 0.00614693 0.00377327
 0.00863032 0.0140143 0.0210762 0.0297295 0.039649 0.0501207 0.0600143 0.0680598 0.0733131 0.0754636 0.0747809 0.0718347 0.0672425 0.0615538 0.0552211 0.048597 0.0419399 0.0354326 0.0292091 0.0233809 0.0180566 0.0133489 0.00936379 0.0061748 0.00379285
 0.00864066 0.0140275 0.0210895 0.029738 0.0396472 0.0501045 0.0599828 0.0680157 0.0732616 0.0754114 0.0747346 0.0718001 0.0672237 0.0615518 0.0552339 0.0486201 0.0419681 0.0354619 0.0292375 0.023408 0.0180826 0.0133734 0.00938586 0.00619306 0.0038064
 0.008621 0.0140004 0.0210575 0.0297061 0.0396205 0.0500858 0.0599704 0.0680042 0.0732454 0.0753877 0.0747056 0.0717716 0.0672028 0.0615442 0.055242 0.0486429 0.0420019 0.0355016 0.0292785 0.0234468 0.0181174 0.0134033 0.00941041 0.00621208 0.00382001
 0.008621 0.0140004 0.0210575 0.0297061 0.0396205 0.0500858 0.0599704 0.0680042 0.0732454 0.0753877 0.0747056 0.0717716 0.0672028 0.0615442 0.055242 0.0486429 0.0420019 0.0355016 0.0292785 0.0234468 0.0181174 0.0134033 0.00941041 0.00621208 0.00382001
 0.00860894 0.013979 0.0210222 0.0296527 0.0395473 0.049996 0.0598741 0.067916 0.0731794 0.0753519 0.0746992 0.0717877 0.0672332 0.0615832 0.0552874 0.0486943 0.0420587 0.0355617 0.0293385 0.0235032 0.018167 0.0134444 0.00944253 0.00623561 0.00383605
 0.00897054 0.0145493 0.0218449 0.0307483 0.0409003 0.0515391 0.0614784 0.0694016 0.0743533 0.0760606 0.0748686 0.0714327 0.0664396 0.0604773 0.0540063 0.0473637 0.0407797 0.0344051 0.0283455 0.0226906 0.0175331 0.0129745 0.00911336 0.00601945 0.00370407
 0.00823246 0.0134217 0.0202876 0.0287858 0.0386298 0.0491331 0.0591791 0.0674926 0.0730986 0.0756285 0.0752809 0.0725672 0.06808 0.0623797 0.0559552 0.0492022 0.0424148 0.0357975 0.0294912 0.0236044 0.018238 0.013497 0.00948204 0.00626455 0.00385603
 0.00835654 0.0135291 0.020277 0.0285105 0.0379435 0.0479602 0.0575723 0.0656417 0.0712813 0.074129 0.0743167 0.0722458 0.0683907 0.063213 0.0571396 0.0505498 0.0437615 0.0370268 0.0305394 0.0244509 0.0188902 0.0139769 0.00981794 0.00648643 0.00399304
 0.00826752 0.0134203 0.0201736 0.0284414 0.0379129 0.047914 0.0573889 0.06517 0.0704196 0.0729037 0.0729055 0.0709261 0.0674378 0.0628058 0.0573155 0.0512174 0.0447513 0.038151 0.0316392 0.0254201 0.0196769 0.014572 0.0102392 0.00676533 0.00416486
 0.00845355 0.0137073 0.0205774 0.0289684 0.0385598 0.0486652 0.0582041 0.0659668 0.0710647 0.0732301 0.072766 0.0702638 0.0663351 0.0614742 0.0560228 0.0501908 0.0441081 0.0378863 0.0316619 0.0256078 0.0199219 0.0148028 0.0104221 0.00689332 0.00424574
 0.00860277 0.0139699 0.0210075 0.0296231 0.0394793 0.0498447 0.0595726 0.0673888 0.0723685 0.0742466 0.0733565 0.0703345 0.0658502 0.0604757 0.0546441 0.0486397 0.0426129 0.0366286 0.0307312 0.0249997 0.0195701 0.0146221 0.0103392 0.00685897 0.00423257
 0.00872126 0.0141703 0.0213245 0.0300958 0.0401456 0.050729 0.0606701 0.0686515 0.0737007 0.0755127 0.0744015 0.0710121 0.0660519 0.0601541 0.0538265 0.0474304 0.0411785 0.035163 0.0294077 0.0239301 0.0187893 0.0141024 0.0100203 0.00667651 0.00413433
 0.00887682 0.0144241 0.0217079 0.0306376 0.0408657 0.0516286 0.0617225 0.0698 0.074866 0.0766058 0.0753325 0.0716942 0.0664051 0.0601154 0.0533672 0.0465727 0.0400044 0.0338059 0.0280266 0.0226715 0.017754 0.0133293 0.00949359 0.00634754 0.00394517
 0.00849124 0.0138273 0.0208691 0.029558 0.0395886 0.0502497 0.060393 0.0687123 0.0742122 0.0765224 0.0758576 0.0727556 0.0678406 0.0617117 0.0549047 0.0478688 0.0409464 0.0343667 0.0282575 0.0226739 0.0176403 0.0131898 0.00937977 0.00627509 0.00390791
 0.00799956 0.0130032 0.0195884 0.0277045 0.0370979 0.0471703 0.056937 0.065253 0.0712104 0.0744096 0.0749287 0.0731108 0.0693814 0.0641786 0.057939 0.0510862 0.044007 0.0370273 0.0303945 0.0242751 0.018772 0.0139539 0.00987864 0.00659147 0.00410163
#pred catch len freq
 0.00311378 0.00508137 0.00771714 0.0110809 0.0152189 0.0201106 0.0256095 0.0314411 0.0372637 0.042739 0.047581 0.0515894 0.0546746 0.0568583 0.0582467 0.0589965 0.0592902 0.0593029 0.0591208 0.0586089 0.0573037 0.0544762 0.0494548 0.0420881 0.0330319
 0.00336351 0.00541848 0.00809923 0.0114312 0.0154541 0.0201813 0.0255262 0.0312667 0.0370737 0.0425783 0.0474469 0.051452 0.0545169 0.0567075 0.0581755 0.0590916 0.0596027 0.0598037 0.059687 0.0590547 0.0574511 0.0542342 0.0488626 0.041295 0.0322258
 0.00343954 0.0055839 0.00841951 0.0119773 0.0162663 0.0212233 0.0266622 0.0322906 0.0377893 0.0428831 0.0473647 0.0510948 0.0540143 0.0561587 0.0576453 0.0586323 0.0592629 0.0596077 0.0596012 0.0589774 0.0572465 0.0537997 0.048188 0.0404716 0.0313999
 0.00357545 0.00578777 0.00870039 0.0123476 0.0167569 0.0218944 0.0275904 0.0335224 0.0392782 0.0444562 0.0487575 0.0520506 0.0543893 0.0559658 0.05702 0.0577568 0.0583008 0.0586692 0.0587304 0.0581527 0.0564028 0.0528741 0.0471694 0.0394223 0.0304286
 0.00373512 0.00604739 0.00909001 0.0128924 0.0174709 0.0227736 0.0286131 0.0346604 0.0405115 0.0457717 0.0501188 0.0533579 0.0554703 0.0566244 0.0571199 0.0572829 0.0573578 0.057424 0.0573404 0.0567196 0.0549675 0.0514479 0.0457765 0.0381222 0.029304
 0.00393378 0.00636325 0.00955351 0.0135307 0.018307 0.0238223 0.0298714 0.0360967 0.0420616 0.0473476 0.0516266 0.0547121 0.0565917 0.0574247 0.0574955 0.0571378 0.0566483 0.056191 0.0557018 0.0548285 0.0529696 0.0494638 0.0439093 0.0364678 0.0279435
 0.00414732 0.00671038 0.0100764 0.0142698 0.0192951 0.0250747 0.0313741 0.0378003 0.0438851 0.0491888 0.053375 0.0562592 0.0578405 0.0582936 0.0579157 0.0570479 0.0559996 0.0549682 0.0539491 0.0526598 0.0505537 0.0469952 0.0415777 0.0344324 0.0263105
 0.00440277 0.00711845 0.0106787 0.0151048 0.0203963 0.0264653 0.0330554 0.039738 0.0460008 0.0513631 0.0554608 0.0581047 0.0593116 0.0592899 0.058371 0.0569213 0.0552658 0.0536197 0.0520134 0.0502238 0.0477778 0.0441014 0.0388129 0.0320159 0.0243864
 0.00458984 0.00742842 0.011157 0.0158 0.0213541 0.0277169 0.0346045 0.041552 0.0480117 0.0534739 0.0575531 0.0600455 0.0609635 0.0605245 0.0590827 0.0570348 0.0547363 0.0524325 0.0501909 0.047844 0.0449925 0.0411367 0.0359366 0.0294786 0.0223595
