SBPRF35
10.0457
Curr Bio
668215
B35
730566
F35
0.187105
FOFL
0.175111
OFL
96302.9
Bzero
2.87019e+006
#pred survey bio
 3.34216e+006 3.101e+006 2.81576e+006 2.51334e+006 2.2518e+006 2.00023e+006 1.79217e+006 1.58663e+006 1.40097e+006 1.22703e+006 1.08444e+006 977241 863403 765779 724183 672044 647541 618764 602519 582124 583143 575009 584613 582564 582480 580847 565897 570311 571493 567082 559109 538300 524523 517346 523071 525149 528742 534089 536947 546936 539582 542061 554116 554934 564494 555000 559556 532031 530498 586629 678643 699986 676616 656853 620890 589674 678271 674589 2.4224e+007 1.4594e+007 1.48733e+007 1.56028e+007 1.66099e+007 1.76959e+007 1.87217e+007 1.96143e+007 2.03499e+007 2.09339e+007 2.13861e+007 2.17301e+007 2.19889e+007 2.21825e+007 2.23267e+007 2.24342e+007 2.25144e+007 2.25745e+007 2.26197e+007 2.26538e+007 2.26797e+007 2.26994e+007 2.27146e+007 2.27263e+007 2.27353e+007 2.27424e+007 2.27478e+007 2.27521e+007 2.27554e+007 2.27581e+007 2.27601e+007 2.27618e+007 2.27631e+007 2.27641e+007 2.27649e+007 2.27655e+007 2.27661e+007 2.27665e+007 2.27668e+007 2.2767e+007 2.27672e+007 2.27674e+007 2.27675e+007 2.27676e+007 2.27677e+007 2.27678e+007 2.27679e+007 2.27679e+007 2.27679e+007 2.2768e+007 2.2768e+007 2.2768e+007 2.2768e+007 2.2768e+007 2.2768e+007 2.2768e+007 2.2768e+007 2.2768e+007 2.2768e+007 2.2768e+007 2.27681e+007 2.27681e+007 2.27681e+007 2.27681e+007 2.27681e+007 2.27681e+007 2.27681e+007 2.27681e+007 2.27681e+007 2.27681e+007 2.27681e+007 2.27681e+007 2.27681e+007 2.27681e+007 2.27681e+007 2.27681e+007 2.27681e+007 2.27681e+007 2.27681e+007 2.27681e+007 2.27681e+007 2.27681e+007 2.27681e+007 2.27681e+007 2.27681e+007 2.27681e+007 2.27681e+007 2.27681e+007 2.27681e+007 2.27681e+007 2.27681e+007 2.27681e+007 2.27681e+007 2.27681e+007 2.27681e+007 2.27681e+007 2.27681e+007 2.27681e+007 2.27681e+007 2.27681e+007 0 0 0 0 0 0 0 0 0 0 0 0 0 0 0 0 0 0 0 0 0 0 0 0 0
#obs survey bio
 2.14277e+006 2.69381e+006 1.83628e+006 2.8711e+006 1.16239e+006 1.60427e+006 1.76632e+006 1.2204e+006 1.55054e+006 1.27718e+006 931156 715130 922173 576281 1.03642e+006 604193 530495 511998 510402 739373 526704 399903 538606 536876 420951 396099 601340 490468 546604 556044 925674 544062 448981 453701 528726 674289 615143 461588 505322 570088 358093 489121 685839 496343 966060 575994 506069 587639 371576 614514 665393 731572 742466 848920 467005 836544 691861 846778
#pred catch bio
 232773 284918 315938 296170 304020 279800 289328 279899 274298 248924 218855 222662 203690 151776 157710 131534 133132 120325 121517 101654 108379 93131.2 102879 100358 100630 109677 90969.9 91651.2 93295.8 92265.4 98559.5 90455.1 87293.2 80881.6 87223 87063.8 85985 88323.6 82942.4 98110.4 90661.1 84743.4 95590.2 88428.5 103272 89926.8 115996 94374.9 50625.9 27297 89317.9 125094 120476 133863 129534 33265.1 113762 91577.5 96302.9 102541 103353 107182 113483 120544 127200 132897 137476 140998 143620 145525 146884 147838 148501 148957 149268 149480 149622 149719 149783 149826 149855 149875 149887 149896 149902 149905 149908 149910 149911 149911 149912 149912 149912 149912 149913 149913 149913 149913 149913 149913 149913 149913 149913 149913 149913 149913 149913 149913 149913 149913 149913 149913 149913 149913 149913 149913 149913 149913 149913 149913 149913 149913 149913 149913 149913 149913 149913 149913 149913 149913 149913 149913 149913 149913 149913 149913 149913 149913 149913 149913 149913 149913 149913 149913 149913 149913 149913 149913 149913 149913 149913 149913 149913 149913 149913 149913 149913 149913 0 0 0 0 0 0 0 0 0 0 0 0 0 0 0 0 0 0 0 0 0 0 0 0 0
#obs catch bio
 247643 286190 318556 297719 308398 283574 293326 284677 277999 252762 222114 227219 207070 153413 159309 133053 135630 121844 123909 102549 109631 94087.2 104012 101389 101690 111392 91723.2 92673.9 93914.1 92560.7 98292.5 89968.6 87142.3 80764.8 87357.6 86808.5 85633.4 88055.9 82501.6 97758.1 90521.1 84975 96361.7 88763.9 103489 89223 115320 94154.3 50719.8 26948.5 90190.2 125692 120084 133002 130972 32586.6 115175 91410.7
#pred cpue bio
 3.28574e+006 3.04696e+006 2.76472e+006 2.46417e+006 2.2037e+006 1.95346e+006 1.74668e+006 1.5429e+006 1.35912e+006 1.18734e+006 1.04662e+006 940921 829375 734164 693722 643055 619127 591184 575517 555949 557230 549470 558826 556965 557065 555714 541528 546293 548077 544479 537510 517872 503969 495466 499870 501751 505558 510982 513801 523451 516116 518106 529498 530303 539863 531087 535742 508667 506382 560626 651009 672788 649858 629849 594032 562949 649103 646760 2.32858e+007 1.40516e+007 1.4229e+007 1.48325e+007 1.57911e+007 1.68645e+007 1.78876e+007 1.87796e+007 1.95151e+007 2.00991e+007 2.05512e+007 2.08953e+007 2.11541e+007 2.13477e+007 2.14919e+007 2.15994e+007 2.16796e+007 2.17397e+007 2.17848e+007 2.1819e+007 2.18449e+007 2.18646e+007 2.18798e+007 2.18915e+007 2.19005e+007 2.19075e+007 2.1913e+007 2.19173e+007 2.19206e+007 2.19232e+007 2.19253e+007 2.19269e+007 2.19282e+007 2.19293e+007 2.19301e+007 2.19307e+007 2.19312e+007 2.19316e+007 2.1932e+007 2.19322e+007 2.19324e+007 2.19326e+007 2.19327e+007 2.19328e+007 2.19329e+007 2.1933e+007 2.1933e+007 2.19331e+007 2.19331e+007 2.19331e+007 2.19332e+007 2.19332e+007 2.19332e+007 2.19332e+007 2.19332e+007 2.19332e+007 2.19332e+007 2.19332e+007 2.19332e+007 2.19332e+007 2.19332e+007 2.19332e+007 2.19332e+007 2.19332e+007 2.19332e+007 2.19332e+007 2.19332e+007 2.19332e+007 2.19332e+007 2.19332e+007 2.19332e+007 2.19332e+007 2.19332e+007 2.19332e+007 2.19332e+007 2.19332e+007 2.19332e+007 2.19332e+007 2.19332e+007 2.19332e+007 2.19332e+007 2.19332e+007 2.19332e+007 2.19332e+007 2.19332e+007 2.19332e+007 2.19332e+007 2.19332e+007 2.19332e+007 2.19332e+007 2.19332e+007 2.19332e+007 2.19332e+007 2.19332e+007 2.19332e+007 2.19332e+007 2.19332e+007 2.19332e+007 2.19332e+007 2.19332e+007 0 0 0 0 0 0 0 0 0 0 0 0 0 0 0 0 0 0 0 0 0 0 0 0 0
#obs cpue bio
 4.19289e+006 2.84e+006 2.845e+006 2.27087e+006 1.89011e+006 1.91434e+006 1.88429e+006 1.31802e+006 1.46182e+006 816157 901815 912216 788743 732376 582989 418322 461961 698742 408112 506965 575359 496038 651378 491452 622513 622315 490685 484600 758158 639974 586505 603068 493841 503671 447587 546301 488717 613999 582632 583110 608410 354383 346002 571092 489238 779257 770767 423535 386614 546908 590573 747327 804987 713754 461435 644461 404920 588557
#pred surv len freq
 0.00545903 0.00887713 0.0133818 0.0189476 0.0254186 0.0324155 0.039312 0.0453911 0.0501169 0.0533146 0.0551386 0.0559063 0.0559459 0.0555212 0.0548089 0.0539009 0.0528187 0.0515305 0.0499468 0.047889 0.0450676 0.0411416 0.0358953 0.0294573 0.0223969
 0.00567555 0.00915483 0.0136686 0.0191657 0.0255064 0.0323834 0.0392707 0.0455203 0.0505787 0.0541585 0.0562598 0.0570835 0.0569336 0.0561432 0.0550093 0.0537384 0.0524181 0.0510163 0.0493886 0.0472837 0.0443673 0.0403094 0.0349527 0.0284912 0.0215222
 0.00605847 0.00975963 0.0145399 0.0203176 0.0269039 0.0339253 0.0407933 0.0468386 0.0515601 0.0547863 0.0566309 0.0573328 0.0571359 0.0562645 0.0549388 0.0533677 0.051708 0.0500095 0.0481734 0.0459447 0.0429611 0.0388771 0.0335488 0.0271969 0.0204267
 0.00641783 0.0103457 0.0154248 0.0215673 0.0285614 0.0359837 0.0431654 0.0493437 0.0539458 0.0567867 0.0580423 0.0580719 0.0572494 0.0558803 0.0541865 0.0523215 0.0503839 0.0484064 0.046317 0.0439022 0.0408303 0.0367696 0.0315803 0.0254769 0.0190393
 0.00671397 0.0108233 0.0161376 0.022566 0.0298884 0.0376615 0.04518 0.0516285 0.056374 0.059176 0.0601742 0.0597273 0.0582582 0.0561649 0.0537744 0.0513151 0.048907 0.0465638 0.0441898 0.0415704 0.0383967 0.0343667 0.029355 0.0235626 0.0175247
 0.00699094 0.0112735 0.0168152 0.0235217 0.0311605 0.0392626 0.0470824 0.05376 0.0586272 0.0614245 0.0622816 0.0615484 0.0596405 0.0569655 0.0538915 0.0507169 0.0476392 0.044731 0.0419257 0.0390194 0.0357129 0.0317179 0.0269143 0.0214807 0.0158959
 0.00723308 0.0116601 0.0173848 0.0243076 0.0321877 0.0405418 0.0486009 0.0554755 0.0604696 0.063304 0.0640988 0.0631997 0.0610184 0.0579579 0.0543875 0.0506233 0.0469051 0.0433681 0.0400141 0.0366983 0.0331639 0.0291454 0.0245208 0.0194346 0.014299
 0.00748613 0.0120721 0.0180053 0.0251817 0.0333455 0.0419834 0.0502832 0.0573106 0.0623419 0.0650972 0.0657166 0.0645707 0.0620888 0.0586787 0.0547046 0.0504762 0.0462374 0.0421493 0.038265 0.0345086 0.030693 0.0266025 0.0221277 0.0173793 0.0126949
 0.00773561 0.0124733 0.0186013 0.0260103 0.0344336 0.0433363 0.051872 0.0590656 0.0641582 0.0668516 0.0672894 0.0658638 0.0630352 0.0592418 0.0548666 0.0502235 0.0455516 0.0410124 0.0366803 0.0325277 0.0284341 0.0242461 0.0198835 0.0154355 0.0111707
 0.00804386 0.0129615 0.0193115 0.0269729 0.0356609 0.0448149 0.0535535 0.060864 0.0659604 0.0685371 0.0687486 0.0670092 0.0638057 0.0596033 0.0548096 0.0497556 0.0446869 0.0397658 0.0350732 0.030607 0.0262937 0.0220336 0.0177798 0.0136107 0.00973704
 0.00831111 0.0133896 0.0199439 0.0278442 0.0367899 0.046193 0.0551334 0.0625574 0.067651 0.0701035 0.0700856 0.0680383 0.0644761 0.0598883 0.0547023 0.0492643 0.0438303 0.0385694 0.0335709 0.0288511 0.0243687 0.0200633 0.0159146 0.0119942 0.00846572
 0.00835038 0.0134818 0.0201352 0.0281956 0.0373634 0.0470287 0.0562284 0.0638586 0.0690653 0.0715191 0.0713923 0.0691411 0.0653024 0.0603903 0.0548556 0.0490638 0.0432859 0.0377026 0.0324157 0.0274597 0.0228196 0.0184642 0.0143925 0.0106689 0.00741913
 0.00846276 0.0136657 0.0204153 0.0285991 0.0379181 0.0477588 0.057145 0.0649491 0.0702848 0.0727886 0.0726077 0.0701913 0.0660909 0.060852 0.0549621 0.048818 0.0427116 0.0368359 0.0313018 0.0261559 0.0214012 0.017027 0.0130436 0.00950637 0.0065073
 0.00871788 0.0140474 0.0209286 0.0292283 0.0386334 0.0485273 0.0579393 0.0657489 0.0710743 0.0735522 0.0733233 0.070825 0.0665951 0.0611717 0.0550472 0.0486362 0.042255 0.0361209 0.0303651 0.0250515 0.0202001 0.0158147 0.0119117 0.00853581 0.00574929
 0.00877224 0.0141264 0.02103 0.029343 0.0387481 0.0486285 0.0580188 0.0658102 0.071137 0.0736523 0.0735048 0.0711226 0.067015 0.0616798 0.0555723 0.0490877 0.0425471 0.0361936 0.0301956 0.0246563 0.0196296 0.0151439 0.0112261 0.0079138 0.00524534
 0.00901488 0.0144954 0.0215368 0.0299788 0.0394827 0.0494125 0.058786 0.0664833 0.0716425 0.0739406 0.0735667 0.0709933 0.0667611 0.0613749 0.0552712 0.0488088 0.0422717 0.0358799 0.0298021 0.0241624 0.0190464 0.0145128 0.0106061 0.00736353 0.00480572
 0.00898453 0.0144672 0.021533 0.0300319 0.0396261 0.0496647 0.0591386 0.0668992 0.0720666 0.0743162 0.0738507 0.0711645 0.0668225 0.0613499 0.0551943 0.0487115 0.0421686 0.0357629 0.0296464 0.0239419 0.0187513 0.0141583 0.0102292 0.00700916 0.00451073
 0.00905659 0.0145704 0.0216635 0.0301808 0.0397852 0.0498358 0.0593356 0.0671414 0.0723634 0.074653 0.0741866 0.0714443 0.0669976 0.061396 0.0551173 0.0485407 0.0419415 0.0355098 0.0293811 0.0236639 0.018456 0.013849 0.00992202 0.00672876 0.0042797
 0.00897708 0.0144597 0.021531 0.0300454 0.0396693 0.0497557 0.0592966 0.0671415 0.0724021 0.0747386 0.0743322 0.0716553 0.0672596 0.0616736 0.0553663 0.0487252 0.0420457 0.0355366 0.0293436 0.0235757 0.0183281 0.0136921 0.00975095 0.00656231 0.00413586
 0.00903979 0.0145412 0.0216168 0.0301118 0.039693 0.0497267 0.0592271 0.067061 0.0723439 0.0747239 0.0743646 0.0717264 0.0673576 0.0617877 0.0554838 0.0488293 0.0421176 0.0355623 0.0293185 0.0235046 0.0182217 0.0135639 0.00961554 0.0064342 0.00402717
 0.0090672 0.0145653 0.021615 0.03005 0.0395336 0.0494434 0.0588191 0.0665612 0.0718155 0.0742476 0.0740192 0.0715678 0.0674051 0.0620214 0.0558551 0.0492763 0.0425789 0.0359872 0.0296718 0.0237685 0.0183948 0.0136573 0.0096483 0.00642804 0.00400223
 0.00914827 0.014697 0.0218109 0.0303174 0.0398656 0.0498096 0.059162 0.0668051 0.0718906 0.0741186 0.0737035 0.0711316 0.0669406 0.0616158 0.055566 0.0491215 0.0425412 0.0360282 0.0297478 0.0238433 0.0184457 0.0136767 0.00963999 0.00640237 0.00397063
 0.00902218 0.0145076 0.0215559 0.0300075 0.0395245 0.0494714 0.0588657 0.0665861 0.0717684 0.0740879 0.073736 0.0711918 0.0670055 0.0616874 0.0556663 0.0492761 0.0427618 0.0363038 0.0300486 0.0241323 0.0186917 0.0138621 0.00976292 0.00647268 0.00400386
 0.00898244 0.0144462 0.0214697 0.0298963 0.0393919 0.0493253 0.0587192 0.0664567 0.0716747 0.0740432 0.073742 0.071236 0.0670652 0.0617405 0.0557031 0.0493044 0.0428011 0.0363726 0.0301527 0.0242613 0.018825 0.0139788 0.00985019 0.00652822 0.00403332
 0.00891332 0.01434 0.0213215 0.0297061 0.0391651 0.0490729 0.0584581 0.0662095 0.0714668 0.0738985 0.0736773 0.0712567 0.0671637 0.0618971 0.0558919 0.0495016 0.0429924 0.0365549 0.0303288 0.0244322 0.0189853 0.0141187 0.00996059 0.0066057 0.00408112
 0.00875144 0.0141032 0.021014 0.029349 0.0387903 0.0487132 0.0581399 0.0659507 0.0712786 0.0737884 0.0736498 0.071313 0.0673001 0.0621037 0.0561516 0.0497924 0.0432913 0.036843 0.0305942 0.0246689 0.01919 0.0142883 0.0100925 0.00670011 0.00414224
 0.0087113 0.0140363 0.0209113 0.0292035 0.0386017 0.0484932 0.057914 0.0657532 0.0711409 0.0737254 0.0736557 0.0713675 0.0673812 0.0621974 0.0562543 0.0499055 0.0434159 0.036976 0.0307296 0.0247997 0.0193099 0.0143921 0.0101767 0.00676301 0.0041849
 0.00850458 0.0137145 0.0204545 0.0286044 0.0378691 0.0476562 0.0570266 0.0648944 0.0704051 0.0732029 0.0734107 0.0714225 0.0677131 0.0627468 0.0569438 0.0506588 0.0441705 0.0376875 0.031369 0.0253499 0.0197627 0.0147469 0.0104392 0.00694485 0.00430164
 0.00831964 0.0134247 0.0200389 0.028052 0.0371816 0.0468521 0.0561457 0.063999 0.0695733 0.0725165 0.0729416 0.0712221 0.0678043 0.063119 0.0575527 0.0514342 0.0450306 0.0385547 0.0321812 0.0260649 0.0203572 0.0152137 0.010784 0.00718272 0.00445374
 0.00808649 0.0130726 0.0195589 0.0274533 0.0364878 0.0460947 0.0553609 0.0632275 0.0688602 0.0719093 0.0724865 0.0709598 0.0677664 0.0633218 0.0579911 0.0520773 0.0458225 0.039423 0.0330499 0.0268679 0.0210479 0.0157677 0.0111981 0.00747022 0.00463804
 0.00804059 0.0129708 0.0193571 0.0270978 0.0359334 0.0453311 0.0544316 0.0622271 0.0679069 0.0711076 0.0719028 0.0706203 0.0676708 0.0634594 0.0583472 0.0526305 0.0465384 0.0402496 0.0339209 0.0277129 0.0218049 0.0163948 0.0116779 0.0078085 0.00485702
 0.00887199 0.0141504 0.0208118 0.0286456 0.037328 0.0463374 0.054893 0.0620945 0.0672316 0.0700153 0.0705613 0.0692048 0.0663322 0.0623043 0.0574359 0.0519863 0.0461579 0.0401084 0.0339757 0.0279047 0.0220686 0.0166708 0.0119225 0.00799864 0.00498863
 0.00963311 0.0153523 0.0225443 0.0309416 0.0401253 0.0494389 0.0579503 0.0646554 0.0688619 0.0704458 0.0697766 0.0674262 0.063917 0.0596266 0.0548027 0.0496051 0.0441423 0.0384999 0.0327657 0.0270514 0.0215092 0.0163334 0.0117376 0.00790791 0.00494965
 0.00961563 0.0154272 0.0228479 0.0316627 0.0414549 0.0514867 0.0606648 0.0677906 0.0720115 0.0731335 0.0715729 0.0680581 0.0633359 0.0580089 0.052481 0.0469629 0.0415181 0.0361335 0.0307886 0.0255055 0.0203738 0.0155505 0.0112321 0.00760353 0.00477937
 0.00918816 0.0147984 0.0220317 0.0307348 0.0405574 0.05082 0.0604623 0.0682664 0.0732807 0.0751329 0.0740313 0.0705496 0.0654035 0.0593052 0.0528643 0.0465121 0.0404727 0.0347943 0.0294263 0.0243067 0.0194295 0.0148741 0.0107885 0.00733671 0.00463231
 0.0090069 0.0144892 0.021543 0.0300191 0.0395949 0.0496519 0.0592185 0.0671654 0.0725871 0.0750825 0.0747482 0.0719863 0.0673309 0.0613648 0.0546716 0.0477748 0.041071 0.0347901 0.0290063 0.0236945 0.0188115 0.0143624 0.0104223 0.00710518 0.00450174
 0.00899755 0.0144547 0.0214537 0.0298317 0.0392583 0.0491214 0.0584759 0.0662399 0.0715723 0.0741385 0.0740783 0.0717846 0.0677117 0.0623035 0.0559924 0.0491993 0.0423123 0.03565 0.0294271 0.0237477 0.0186386 0.0141066 0.0101834 0.00692855 0.00439174
 0.00902411 0.0144912 0.0214948 0.0298647 0.0392612 0.0490626 0.0583166 0.0659414 0.0711109 0.0735252 0.0733766 0.0711135 0.0672253 0.0621442 0.056233 0.0498021 0.043132 0.0364859 0.0301012 0.0241664 0.0188072 0.0140986 0.0100907 0.00682225 0.00430841
 0.00908081 0.0145779 0.0216146 0.0300156 0.0394348 0.0492427 0.0584777 0.0660483 0.0711224 0.0734028 0.0730986 0.0706912 0.0667138 0.0616413 0.0558555 0.0496444 0.0432241 0.0367763 0.0304784 0.0245096 0.0190368 0.0141975 0.0100906 0.00677317 0.00425111
 0.00910151 0.0146049 0.0216434 0.0300381 0.0394426 0.0492309 0.0584473 0.0660051 0.0710716 0.0733433 0.0730196 0.070576 0.0665504 0.0614363 0.0556432 0.0494816 0.0431686 0.036857 0.0306768 0.0247658 0.019279 0.0143743 0.0101877 0.00680643 0.00424859
 0.00933938 0.0149661 0.0221381 0.0306562 0.0401531 0.0499839 0.0591773 0.0666369 0.0715332 0.073582 0.0730135 0.0703341 0.066105 0.0608342 0.0549417 0.0487479 0.0424747 0.0362673 0.0302307 0.0244662 0.0190962 0.0142643 0.0101129 0.00674655 0.00419862
 0.00933812 0.0149879 0.0222143 0.0308283 0.0404596 0.0504406 0.0597605 0.0672829 0.0721542 0.0740917 0.0733478 0.0704609 0.066023 0.0605657 0.0545259 0.0482349 0.0419219 0.035733 0.029765 0.0241002 0.0188356 0.0140931 0.0100048 0.00667741 0.00415259
 0.0091276 0.0146772 0.0218074 0.0303545 0.039972 0.0500089 0.0594606 0.0671818 0.0722906 0.0744577 0.0738847 0.0710744 0.0666115 0.0610484 0.0548574 0.0484071 0.0419562 0.0356698 0.0296515 0.023979 0.0187352 0.0140246 0.00996486 0.00665619 0.00414089
 0.00899586 0.0144755 0.021528 0.0300011 0.0395618 0.0495743 0.0590499 0.0668559 0.0721121 0.0744735 0.0741096 0.0714817 0.0671374 0.0616074 0.0553654 0.0488019 0.0422094 0.0357875 0.0296647 0.0239296 0.0186626 0.0139562 0.00991356 0.0066232 0.00412177
 0.0087536 0.0141041 0.0210115 0.0293418 0.0387815 0.0487145 0.058173 0.0660434 0.0714552 0.0740569 0.0739926 0.0716858 0.0676399 0.0623433 0.0562384 0.0497041 0.0430442 0.0364885 0.0302043 0.0243145 0.0189207 0.0141221 0.0100178 0.00668771 0.00416064
 0.00891613 0.014319 0.021244 0.0295295 0.0388517 0.0486125 0.0578848 0.0656007 0.070922 0.0735089 0.0735015 0.0713114 0.0674254 0.0623109 0.0563825 0.0499887 0.0434102 0.0368684 0.0305411 0.0245751 0.0190984 0.0142297 0.0100763 0.0067168 0.00417431
 0.00910522 0.0145946 0.0215975 0.0299264 0.039234 0.0489067 0.0580148 0.0655054 0.070577 0.072943 0.0727978 0.070586 0.0667943 0.0618597 0.0561521 0.0499754 0.0435738 0.0371463 0.0308637 0.0248823 0.0193515 0.0144141 0.0101968 0.00678835 0.00421334
 0.00960135 0.0153645 0.0226846 0.0313377 0.0409294 0.0507876 0.0599163 0.0672074 0.0718437 0.0735842 0.0727223 0.0698253 0.0654888 0.0602176 0.0543969 0.0482989 0.0421065 0.0359494 0.0299402 0.0241976 0.0188566 0.0140622 0.00995123 0.0066225 0.00410712
 0.00951524 0.0152826 0.0226686 0.0314804 0.04133 0.0515112 0.0609579 0.0684786 0.073189 0.0748159 0.0736605 0.070333 0.0655001 0.0597524 0.0535552 0.0472333 0.0409818 0.034903 0.0290584 0.0235119 0.0183565 0.0137153 0.00971987 0.00647381 0.00401568
 0.00884974 0.0142538 0.021226 0.0296301 0.0391528 0.0491779 0.0587314 0.0666805 0.0721202 0.0746591 0.0744152 0.0718199 0.0674269 0.0618046 0.0554749 0.0488641 0.0422741 0.0358877 0.0298043 0.0240878 0.0188095 0.0140691 0.00998531 0.0066598 0.00413524
 0.00839126 0.0134776 0.0200042 0.0278356 0.0367005 0.0460876 0.055184 0.063028 0.0688283 0.0721983 0.0731448 0.0719032 0.0687985 0.0641969 0.0584942 0.052094 0.0453682 0.0386226 0.0320821 0.0259037 0.0202078 0.0151095 0.0107275 0.00716081 0.00445085
 0.00862299 0.0138189 0.0204458 0.028329 0.0371497 0.0463487 0.0550812 0.0623973 0.0675865 0.0704111 0.0710501 0.0698641 0.0671961 0.0633107 0.0584223 0.0527421 0.0465057 0.0399738 0.0334111 0.02706 0.0211292 0.0157963 0.0112114 0.0074834 0.00465279
 0.00894296 0.0143483 0.0212557 0.0294805 0.0386661 0.048177 0.0570589 0.0642512 0.0689819 0.0710399 0.070728 0.0685988 0.0652021 0.0609567 0.0561249 0.0508431 0.045185 0.0392326 0.0331216 0.027047 0.021239 0.0159301 0.0113235 0.00756244 0.00470293
 0.00913933 0.0146632 0.0217236 0.0301345 0.0395374 0.0492872 0.0584041 0.0657795 0.0705722 0.0724973 0.0718076 0.0690634 0.0649007 0.0598921 0.0544725 0.048905 0.0432933 0.0376465 0.0319651 0.0263102 0.0208277 0.0157279 0.0112346 0.00752636 0.00468871
 0.00934398 0.0150016 0.0222422 0.0308779 0.0405356 0.0505395 0.0598648 0.0673573 0.0721469 0.0739402 0.0729915 0.0698609 0.0651872 0.0595703 0.0535178 0.0474043 0.0414458 0.0357148 0.0301967 0.024869 0.0197687 0.015017 0.0107924 0.00726797 0.00454561
 0.00936953 0.0150672 0.0223862 0.0311525 0.0409969 0.051229 0.060791 0.0684854 0.0734017 0.0752186 0.0741783 0.0708425 0.0658598 0.059846 0.053335 0.0467473 0.0403682 0.0343471 0.028724 0.0234807 0.0186055 0.0141419 0.010196 0.0068968 0.00433304
 0.00835618 0.0135069 0.0202068 0.0283627 0.0377028 0.0476466 0.0572513 0.0654072 0.0712118 0.0742421 0.0745482 0.0724711 0.0684748 0.063064 0.0567438 0.0499793 0.043156 0.0365538 0.0303416 0.0245974 0.019353 0.0146447 0.0105428 0.00713854 0.00449667
 0.00806153 0.0130427 0.0195353 0.0274576 0.0365531 0.0462644 0.0556845 0.0637533 0.0696213 0.0729048 0.0736625 0.0721995 0.0688976 0.0641473 0.0583376 0.0518498 0.0450426 0.0382325 0.0316732 0.0255443 0.0199613 0.0150046 0.0107468 0.00725537 0.00456672
#obs surv len freq
 0.00497135 0.00814236 0.0123837 0.0177083 0.0239892 0.0308604 0.0376964 0.0437746 0.048546 0.0518116 0.0536913 0.0544706 0.0544683 0.0539793 0.0532622 0.0525296 0.0519261 0.0514865 0.0510728 0.0503159 0.0486337 0.0453954 0.0402241 0.0332887 0.0253716
 0.00518287 0.00849039 0.0129153 0.0184701 0.0250187 0.0321715 0.0392646 0.045531 0.0503866 0.0536157 0.0553411 0.0558623 0.0555155 0.0546134 0.0534313 0.0522002 0.0510886 0.0501629 0.0493235 0.0482439 0.0463823 0.0431367 0.0381347 0.0315158 0.024001
 0.00541106 0.00886234 0.0134772 0.0192665 0.026085 0.0335218 0.0408784 0.0473467 0.0523079 0.0555279 0.0571267 0.057412 0.0567339 0.0554209 0.0537646 0.0520126 0.0503523 0.048877 0.0475266 0.0460279 0.0438983 0.0405848 0.0357325 0.0294525 0.0223927
 0.00565704 0.00926515 0.0140888 0.0201368 0.0272521 0.0349968 0.0426299 0.0492968 0.0543444 0.0575266 0.0589712 0.0590026 0.0579872 0.0562664 0.0541422 0.0518712 0.0496534 0.0476028 0.045696 0.0437164 0.0412523 0.0378166 0.0330877 0.0271542 0.0205855
 0.00589309 0.00965416 0.0146841 0.0209917 0.0284096 0.0364736 0.0443992 0.0512822 0.0564302 0.0595803 0.0608658 0.0606298 0.059262 0.0571246 0.0545339 0.0517548 0.0489929 0.0463742 0.0439043 0.0414197 0.0385833 0.0349845 0.0303476 0.0247476 0.0186768
 0.00614723 0.0100663 0.0153027 0.0218619 0.0295659 0.0379272 0.0461247 0.0532109 0.0584578 0.0615845 0.0627243 0.0622334 0.0605209 0.0579701 0.0549163 0.0516377 0.0483481 0.0451824 0.0421678 0.0391862 0.0359711 0.0321902 0.0276209 0.0223332 0.0167481
 0.00637908 0.010451 0.0158958 0.0227189 0.0307302 0.0394113 0.0478922 0.0551733 0.0604901 0.0635531 0.0645096 0.0637401 0.0616768 0.0587214 0.0552227 0.0514687 0.0476802 0.0440009 0.0404765 0.0370285 0.0334539 0.0294945 0.0249815 0.0199858 0.014864
 0.00660958 0.0108289 0.0164708 0.0235399 0.0318368 0.0408189 0.0495764 0.0570616 0.0624699 0.0654904 0.0662724 0.0652155 0.0627812 0.059402 0.0554515 0.0512327 0.0469726 0.0428193 0.0388316 0.0349632 0.0310659 0.0269481 0.0224911 0.0177689 0.013081
 0.00684951 0.0112206 0.017063 0.0243787 0.0329557 0.042225 0.0512354 0.0588939 0.0643615 0.0673154 0.0679124 0.0665713 0.0637764 0.0599841 0.0555914 0.0509205 0.0462114 0.0416205 0.0372182 0.0329835 0.0288126 0.0245698 0.0201792 0.0157173 0.0114326
 0.00705412 0.0115584 0.017581 0.0251232 0.0339631 0.043506 0.0527601 0.0605864 0.0661119 0.0690013 0.0694201 0.067808 0.0646742 0.0604984 0.0556976 0.05061 0.0454878 0.040498 0.0357247 0.0311705 0.0267691 0.0224298 0.018111 0.0138888 0.00996661
 0.00727354 0.0119162 0.0181214 0.0258876 0.0349814 0.0447832 0.0542623 0.0622365 0.0677992 0.0706026 0.0708212 0.0689175 0.0654293 0.0608652 0.055666 0.0501871 0.0446908 0.0393514 0.034263 0.0294472 0.0248684 0.0204721 0.0162424 0.0122518 0.00866257
 0.00744919 0.0122046 0.0185604 0.0265142 0.0358237 0.0458491 0.055527 0.0636383 0.0692479 0.0719961 0.0720616 0.0699219 0.066135 0.0612316 0.0556746 0.0498385 0.0440006 0.0383462 0.0329805 0.0279415 0.0232182 0.0187841 0.0146416 0.0108572 0.00755659
 0.00753324 0.0123474 0.0187873 0.0268536 0.0363028 0.0464856 0.0563207 0.0645658 0.0702642 0.073041 0.0730674 0.0708193 0.0668593 0.0617274 0.0559007 0.0497703 0.0436312 0.0376859 0.0320573 0.0268034 0.0219365 0.0174532 0.0133694 0.0097445 0.00667263
 0.00758162 0.0124212 0.0188902 0.0269881 0.0364736 0.0467025 0.0565996 0.0649254 0.0707191 0.0735927 0.0736983 0.0714919 0.0675197 0.0623128 0.0563479 0.0500243 0.0436517 0.0374529 0.0315745 0.0261008 0.0210716 0.0165071 0.0124362 0.00891252 0.00600378
 0.00765359 0.0125283 0.0190329 0.0271602 0.0366635 0.0468973 0.0567888 0.0651047 0.0708937 0.0737779 0.0739157 0.0717596 0.0678408 0.0626684 0.0566968 0.0503108 0.0438178 0.0374507 0.0313773 0.0257106 0.0205217 0.015859 0.0117677 0.00829972 0.00550244
 0.00774289 0.0126665 0.0192272 0.0274109 0.0369627 0.0472267 0.0571203 0.0654038 0.0711283 0.0739298 0.0739883 0.0717771 0.0678385 0.0626778 0.0567325 0.0503632 0.0438548 0.0374279 0.0312531 0.0254615 0.0201525 0.015404 0.0112824 0.00784411 0.00512354
 0.00780544 0.0127665 0.0193743 0.0276122 0.0372197 0.0475328 0.0574571 0.0657413 0.0714299 0.0741615 0.0741274 0.0718186 0.0677962 0.0625797 0.0566116 0.0502449 0.0437471 0.0373185 0.0311155 0.0252686 0.0198915 0.0150851 0.010937 0.00751366 0.004844
 0.00781342 0.0127795 0.0193943 0.0276416 0.0372622 0.0475934 0.0575412 0.0658528 0.0715681 0.0743188 0.0742886 0.0719642 0.0679081 0.0626477 0.0566365 0.0502366 0.0437178 0.0372741 0.0310512 0.0251719 0.0197513 0.0149016 0.010726 0.00730156 0.0046575
 0.0078597 0.0128445 0.019473 0.0277235 0.0373343 0.0476455 0.0575708 0.065866 0.0715768 0.0743358 0.074323 0.0720177 0.0679741 0.0627136 0.0566887 0.0502656 0.0437205 0.0372519 0.0310058 0.0251022 0.0196546 0.0147787 0.0105853 0.00715869 0.00452977
 0.0078672 0.0128569 0.0194915 0.0277483 0.0373628 0.0476716 0.0575848 0.065858 0.0715423 0.0742805 0.0742632 0.0719746 0.0679652 0.0627451 0.0567537 0.0503484 0.0438026 0.0373182 0.0310465 0.0251124 0.0196332 0.0147286 0.010514 0.00707797 0.00445275
 0.00788802 0.0128849 0.0195231 0.0277767 0.0373807 0.0476738 0.0575708 0.065831 0.0715065 0.0742389 0.0742178 0.0719292 0.0679274 0.0627253 0.0567604 0.0503832 0.0438588 0.0373824 0.0311041 0.0251513 0.019647 0.0147167 0.0104814 0.00703369 0.00440674
 0.00789363 0.0128915 0.0195282 0.027776 0.0373685 0.0476447 0.0575212 0.0657612 0.0714219 0.0741496 0.0741366 0.0718678 0.0678934 0.062722 0.0567874 0.0504379 0.0439356 0.0374726 0.0311958 0.0252319 0.0197065 0.0147504 0.010491 0.00702537 0.00438912
 0.00792181 0.0129321 0.0195794 0.0278324 0.0374221 0.0476867 0.0575436 0.0657582 0.0713906 0.074091 0.0740564 0.0717762 0.0678036 0.0626466 0.0567359 0.050415 0.043941 0.0375015 0.0312397 0.0252806 0.0197496 0.0147809 0.010506 0.007027 0.00438226
 0.00788051 0.0128707 0.0194976 0.0277336 0.0373121 0.0475718 0.0574298 0.0656508 0.0712953 0.0740139 0.0740033 0.0717518 0.0678099 0.0626835 0.0568014 0.0505052 0.0440508 0.0376238 0.031366 0.0254011 0.019855 0.0148642 0.0105647 0.00706275 0.00440029
 0.007892 0.0128797 0.0194939 0.0277025 0.0372401 0.0474538 0.057274 0.0654783 0.0711322 0.0738822 0.0739149 0.0717083 0.067807 0.062715 0.0568616 0.0505892 0.0441534 0.0377391 0.0314867 0.0255188 0.0199613 0.0149522 0.0106306 0.0071069 0.00442623
 0.00787156 0.01285 0.0194551 0.0276557 0.0371848 0.0473858 0.0571857 0.0653623 0.0709883 0.073722 0.0737611 0.0715873 0.0677393 0.0627085 0.056912 0.0506845 0.0442791 0.0378818 0.0316345 0.0256613 0.0200897 0.0150595 0.0107131 0.00716461 0.00446259
 0.00783342 0.0127852 0.0193529 0.0275059 0.0369822 0.047135 0.056905 0.0650807 0.0707372 0.0735258 0.0736323 0.0715286 0.0677493 0.0627849 0.0570501 0.0508748 0.0445067 0.0381281 0.0318809 0.0258916 0.0202915 0.0152251 0.0108395 0.00725361 0.00451987
 0.00782918 0.0127752 0.0193318 0.027466 0.0369142 0.0470306 0.0567595 0.0648967 0.0705266 0.0733092 0.073435 0.0713747 0.0676556 0.0627585 0.05709 0.0509741 0.0446546 0.0383102 0.0320804 0.0260909 0.0204749 0.015381 0.0109617 0.00734161 0.00457773
 0.00780289 0.0127322 0.0192667 0.0273737 0.036791 0.0468757 0.0565765 0.0646945 0.0703178 0.0731085 0.0732583 0.0712377 0.0675726 0.0627401 0.0571401 0.0510892 0.0448238 0.0385181 0.0323085 0.0263202 0.0206877 0.0155637 0.0111063 0.00744671 0.00464751
 0.00779065 0.0127096 0.0192277 0.0273112 0.0366982 0.0467493 0.0564191 0.0645147 0.0701292 0.0729262 0.0730962 0.0711075 0.0674838 0.0627004 0.057155 0.0511603 0.044948 0.038686 0.0325055 0.0265281 0.0208883 0.0157412 0.0112503 0.00755358 0.00471971
 0.00773735 0.0126265 0.0191095 0.0271551 0.0365051 0.0465238 0.0561706 0.0642584 0.0698845 0.0727136 0.0729339 0.0710082 0.0674536 0.0627387 0.0572563 0.0513166 0.0451493 0.0389207 0.0327595 0.026785 0.0211307 0.0159535 0.0114221 0.00768116 0.00480616
 0.0093326 0.0148565 0.0217944 0.029904 0.0388301 0.048022 0.0566675 0.0638338 0.0687863 0.0712337 0.0713158 0.0694161 0.0659812 0.0614324 0.0561346 0.0503816 0.0443939 0.0383321 0.0323205 0.0264753 0.0209267 0.0158302 0.0113552 0.00764959 0.00479406
 0.00930277 0.0151052 0.0226923 0.0319118 0.0422971 0.0529146 0.0623983 0.0693579 0.0729744 0.0733191 0.0711487 0.0674019 0.0628024 0.0577571 0.0524513 0.0469747 0.0413951 0.0357841 0.0302217 0.0248022 0.0196426 0.0148884 0.0107005 0.00722201 0.00453393
 0.00895962 0.0145652 0.0219349 0.0309869 0.0413793 0.0523395 0.0626221 0.0707943 0.0757466 0.0770752 0.0751068 0.0706472 0.0646703 0.0580632 0.0514592 0.0451788 0.0392877 0.0337218 0.0284035 0.0233079 0.0184815 0.0140329 0.010105 0.00683313 0.00429757
 0.00879527 0.0142862 0.0214939 0.0303358 0.0404875 0.0512276 0.061404 0.0697059 0.0751256 0.0772681 0.0763126 0.0727717 0.0672932 0.0605755 0.0533104 0.0460876 0.0392976 0.0330999 0.0274781 0.0223455 0.0176413 0.0133786 0.00963917 0.006527 0.00411179
 0.00871634 0.0141519 0.0212799 0.0300132 0.0400266 0.0506059 0.0606194 0.0687935 0.0741765 0.0764406 0.0758204 0.0728299 0.068024 0.0619174 0.0549966 0.0477323 0.0405528 0.0337882 0.0276271 0.0221217 0.0172457 0.0129691 0.00930186 0.00628789 0.00396121
 0.00869534 0.0141144 0.0212165 0.0299115 0.0398712 0.0503803 0.0603085 0.0683875 0.0736777 0.0758735 0.0752457 0.0723519 0.0677787 0.0620293 0.0555149 0.0485826 0.0415443 0.0346868 0.0282542 0.0224179 0.0172663 0.012828 0.00910968 0.00611589 0.00383761
 0.00866821 0.0140714 0.0211537 0.0298255 0.039759 0.0502391 0.0601357 0.0681807 0.0734345 0.0755931 0.0749336 0.0720288 0.0674897 0.0618446 0.0555128 0.048814 0.0419957 0.0352691 0.0288326 0.0228703 0.0175322 0.01292 0.00908682 0.00604444 0.00376436
 0.00865894 0.0140539 0.0211232 0.029776 0.0396853 0.0501389 0.0600111 0.068038 0.0732811 0.0754342 0.0747705 0.0718613 0.0673227 0.0616958 0.0554162 0.0488133 0.0421241 0.0355258 0.0291727 0.0232185 0.017816 0.0131 0.00916609 0.00605441 0.00374208
 0.00864845 0.0140417 0.0211134 0.0297745 0.039697 0.0501636 0.0600414 0.0680602 0.0732803 0.0753995 0.0746983 0.071755 0.0671904 0.0615498 0.0552748 0.0487018 0.0420711 0.0355526 0.0292795 0.0233793 0.0179876 0.0132416 0.00925596 0.00609419 0.00374817
 0.00862557 0.0140067 0.0210651 0.0297144 0.0396293 0.0500962 0.0599845 0.0680239 0.0732698 0.0754121 0.074723 0.0717763 0.0671951 0.0615316 0.0552369 0.0486562 0.0420362 0.0355477 0.0293172 0.0234583 0.0180913 0.0133453 0.00933844 0.00614615 0.00377268
 0.00863191 0.0140132 0.0210678 0.0297075 0.0396071 0.0500557 0.0599282 0.0679598 0.0732097 0.0753676 0.0747008 0.0717761 0.0672092 0.0615488 0.0552468 0.0486545 0.0420268 0.0355411 0.0293256 0.0234889 0.0181424 0.0134063 0.00939565 0.00618947 0.00379907
 0.00864749 0.0140377 0.0211027 0.0297528 0.0396604 0.050111 0.0599762 0.0679896 0.0732129 0.0753419 0.0746521 0.0717158 0.0671494 0.061497 0.0552046 0.048619 0.041995 0.0355131 0.0293056 0.0234821 0.0181511 0.0134277 0.00942278 0.00621466 0.0038175
 0.00862775 0.0140102 0.0210701 0.0297204 0.0396349 0.0500982 0.0599787 0.0680058 0.0732373 0.0753668 0.0746699 0.0717224 0.0671449 0.0614857 0.0551921 0.0486096 0.0419901 0.0355125 0.0293088 0.02349 0.0181647 0.0134465 0.00944421 0.0062349 0.00383345
 0.00864462 0.0140341 0.0210995 0.0297522 0.0396657 0.0501263 0.060005 0.0680331 0.0732675 0.0753988 0.0746985 0.0717396 0.0671439 0.0614636 0.0551518 0.0485577 0.0419349 0.035461 0.0292657 0.0234577 0.0181439 0.0134363 0.00944229 0.00623799 0.0038383
 0.0086033 0.0139747 0.0210245 0.0296686 0.0395828 0.0500524 0.0599452 0.0679898 0.0732421 0.0753936 0.0747162 0.0717809 0.0672049 0.061536 0.0552248 0.0486227 0.0419872 0.0355005 0.0292951 0.0234806 0.0181631 0.0134535 0.00945769 0.00625117 0.00384864
 0.0086033 0.0139747 0.0210245 0.0296686 0.0395828 0.0500524 0.0599452 0.0679898 0.0732421 0.0753936 0.0747162 0.0717809 0.0672049 0.061536 0.0552248 0.0486227 0.0419872 0.0355005 0.0292951 0.0234806 0.0181631 0.0134535 0.00945769 0.00625117 0.00384864
 0.00889912 0.0144358 0.0216797 0.0305268 0.0406263 0.0512292 0.0611636 0.0691236 0.0741536 0.0759666 0.0748863 0.0715475 0.0666246 0.0607022 0.0542438 0.0475932 0.040988 0.0345868 0.0285006 0.0228218 0.017643 0.0130644 0.00918373 0.00607105 0.00373892
 0.00880952 0.0143282 0.0215884 0.0305075 0.0407417 0.0515256 0.06165 0.0697642 0.074876 0.0766794 0.0754975 0.0719799 0.0668286 0.0606641 0.0539868 0.0471698 0.0404659 0.034033 0.0279707 0.0223539 0.017258 0.0127683 0.00897135 0.00592955 0.0036519
 0.00829154 0.013492 0.0203478 0.0288057 0.0385853 0.0490269 0.0590528 0.0674186 0.0731514 0.0758496 0.0756575 0.0730349 0.0685457 0.062752 0.0561684 0.04923 0.0422712 0.0355268 0.0291525 0.0232555 0.0179237 0.013243 0.00929599 0.00614051 0.00378071
 0.0079381 0.0128775 0.019351 0.0272941 0.0364526 0.0462517 0.0557554 0.0638828 0.0697877 0.0731109 0.0739358 0.0725708 0.0693733 0.0646973 0.0589032 0.0523609 0.0454313 0.0384383 0.03165 0.0252745 0.0194722 0.0143722 0.0100771 0.00664987 0.00409139
 0.00833292 0.0134776 0.0201693 0.0282961 0.0375417 0.0472604 0.0564532 0.0640177 0.0691672 0.0716939 0.0718853 0.0702301 0.067169 0.0630105 0.0579627 0.052198 0.0459044 0.0393093 0.0326709 0.0262519 0.0202931 0.0149963 0.0105136 0.00693291 0.00426177
 0.00854659 0.01387 0.020839 0.0293516 0.0390608 0.0492307 0.0587211 0.0662829 0.0710403 0.0727987 0.0719678 0.0692359 0.0652673 0.0605546 0.0553925 0.0499155 0.0441705 0.0382009 0.0321082 0.0260707 0.0203211 0.0151025 0.0106226 0.00701492 0.00431339
 0.00866685 0.0140824 0.0211927 0.0299097 0.0398941 0.0504011 0.0602543 0.0681363 0.0730762 0.0747776 0.073578 0.0701638 0.0652925 0.0596316 0.0536798 0.0477337 0.0419021 0.0361756 0.0305228 0.0249704 0.0196377 0.014718 0.0104226 0.00691561 0.00426467
 0.00880726 0.0143139 0.0215476 0.0304209 0.0405909 0.0513005 0.0613533 0.0694076 0.0744681 0.0762127 0.0749444 0.0713078 0.0660287 0.0597848 0.0531495 0.0465496 0.0402375 0.0343005 0.0287182 0.0234458 0.0184889 0.0139363 0.00993629 0.00663547 0.00411345
 0.00893631 0.0145276 0.0218761 0.0308938 0.0412301 0.05211 0.0623097 0.0704596 0.0755469 0.0772485 0.0758774 0.0720849 0.0665912 0.060058 0.0530505 0.0460179 0.0392763 0.0330032 0.0272558 0.0220168 0.017257 0.0129889 0.00928092 0.00622445 0.00387812
 0.00808532 0.0131923 0.0199636 0.02837 0.0381495 0.0486483 0.0587848 0.0673047 0.0732207 0.0761095 0.0760851 0.0735708 0.0690975 0.0632113 0.0564404 0.0492667 0.0420949 0.0352284 0.0288592 0.0230799 0.0179202 0.0133949 0.00953687 0.00639367 0.0039914
 0.00865417 0.0139874 0.0209171 0.0293298 0.0389113 0.0490156 0.0586259 0.0665893 0.07203 0.0746265 0.074563 0.0722786 0.0682513 0.0629172 0.0566704 0.0498774 0.0428782 0.0359776 0.0294262 0.023406 0.0180304 0.0133639 0.0094463 0.00630183 0.0039248
#pred catch len freq
 0.00560344 0.0087949 0.0126843 0.0171097 0.0219528 0.0271284 0.0325025 0.0378461 0.0428784 0.0473465 0.0510724 0.0539631 0.0560078 0.057264 0.0578276 0.057798 0.0572542 0.0562393 0.054731 0.0525943 0.0495547 0.045265 0.0395043 0.0324235 0.0246537
 0.00590042 0.00919941 0.0131536 0.0175695 0.0223359 0.0274267 0.0327949 0.0382721 0.0435631 0.0483183 0.0522269 0.0550957 0.0568946 0.0577469 0.0578631 0.0574541 0.0566643 0.0555348 0.053985 0.0518026 0.0486659 0.0442416 0.0383734 0.0312838 0.0236333
 0.00636671 0.00991183 0.0141364 0.0188038 0.0237537 0.0289129 0.0342028 0.0394611 0.0444529 0.0489281 0.0526597 0.0554647 0.057239 0.0579983 0.0578866 0.0571314 0.0559577 0.0544964 0.0527142 0.0503929 0.0471784 0.0427198 0.0368757 0.029898 0.0224569
 0.00679161 0.0105779 0.0150935 0.0200835 0.0253647 0.0308323 0.0363587 0.0417173 0.0466134 0.0507735 0.054009 0.0562327 0.057454 0.0577621 0.0573018 0.0562472 0.0547712 0.0529959 0.0509236 0.0483837 0.0450549 0.0405998 0.0348806 0.0281435 0.0210334
 0.00718399 0.0111862 0.0159559 0.021222 0.0267896 0.032546 0.0383502 0.0439457 0.0489879 0.0531423 0.0561658 0.0579517 0.0585455 0.0581265 0.0569494 0.0552705 0.0532898 0.0511138 0.048723 0.0459487 0.0424965 0.0380611 0.0325211 0.0261078 0.0194191
 0.00752621 0.011721 0.016722 0.0222443 0.0280802 0.034105 0.0401613 0.0459706 0.051163 0.0553766 0.0583376 0.0599063 0.0601027 0.059108 0.0572205 0.0547766 0.0520668 0.0492669 0.0463936 0.043292 0.0396792 0.0352655 0.0299348 0.0238952 0.017684
 0.00787787 0.0122612 0.0174778 0.023224 0.0292792 0.035512 0.0417597 0.0477324 0.0530423 0.057306 0.0602302 0.0616575 0.0615929 0.0602053 0.0577913 0.0547076 0.0512932 0.0477965 0.0443122 0.0407527 0.0368827 0.0324381 0.0273011 0.0216419 0.0159243
 0.00822817 0.0128063 0.0182532 0.0242476 0.0305509 0.0370133 0.0434501 0.0495482 0.0549016 0.0591205 0.0619156 0.0631376 0.0627967 0.0610612 0.0582225 0.0546333 0.0506417 0.0465283 0.0424476 0.0383901 0.0341987 0.0296649 0.0246849 0.0193914 0.0141659
 0.00859466 0.0133713 0.0190471 0.0252815 0.0318193 0.0384979 0.0451181 0.0513449 0.0567467 0.0609129 0.0635462 0.0645062 0.0638252 0.061698 0.0584349 0.0543948 0.0499235 0.0453053 0.0407211 0.0362168 0.0317105 0.027063 0.022203 0.0172396 0.0124776
 0.00899651 0.0139871 0.0199049 0.0263845 0.0331502 0.0400251 0.0467969 0.053114 0.058527 0.0626112 0.0650639 0.0657489 0.0647131 0.0621746 0.0584709 0.0539831 0.0490688 0.0440175 0.0390207 0.034155 0.0293916 0.0246518 0.0199016 0.0152383 0.0109026
 0.00932494 0.0144957 0.0206236 0.0273259 0.0343102 0.0413842 0.0483171 0.0547356 0.0601694 0.0641809 0.0664654 0.0668945 0.0655302 0.0626106 0.0584955 0.0535873 0.0482607 0.0428179 0.0374638 0.0322978 0.0273285 0.0225218 0.0178736 0.0134738 0.00951119
 0.00947469 0.0147461 0.0210137 0.0278972 0.0350991 0.042409 0.0495647 0.0561548 0.0616759 0.0656714 0.0678337 0.0680439 0.0663828 0.063112 0.0586157 0.0533177 0.0476104 0.0418099 0.0361358 0.0307083 0.0255657 0.0207068 0.0161489 0.0119741 0.00832775
 0.00965205 0.0150221 0.0214075 0.0284228 0.0357682 0.0432333 0.050552 0.0572983 0.0629414 0.0669901 0.0691061 0.0691567 0.0672318 0.0636218 0.0587475 0.0530666 0.0469959 0.0408675 0.0349132 0.0292686 0.0239933 0.0191091 0.0146466 0.0106776 0.00731007
 0.00983381 0.0152895 0.0217588 0.0288413 0.0362313 0.0437261 0.0510767 0.0578729 0.0635886 0.067721 0.0699058 0.0699775 0.0679964 0.0642384 0.0591304 0.0531546 0.0467616 0.0403171 0.0340816 0.0282141 0.0227958 0.0178668 0.0134654 0.00965221 0.00650224
 0.0099698 0.0154883 0.0220164 0.0291385 0.0365383 0.0440116 0.0513171 0.0580602 0.063736 0.0678632 0.0700909 0.0702482 0.0683683 0.0646852 0.0595848 0.0535261 0.0469621 0.0402841 0.0337916 0.0276859 0.0220857 0.017058 0.0126527 0.0089224 0.00591482
 0.0101857 0.0158111 0.0224494 0.029665 0.0371255 0.0446168 0.0518935 0.0585602 0.0641167 0.0680965 0.0701736 0.0702067 0.0682521 0.0645484 0.0594642 0.053424 0.0468457 0.0401004 0.0334917 0.0272467 0.0215214 0.0164177 0.0120058 0.00833818 0.00544278
 0.0101891 0.0158311 0.0225056 0.0297839 0.0373323 0.0449236 0.052289 0.0590082 0.0645645 0.0684891 0.0704674 0.0703791 0.0683049 0.064506 0.0593637 0.0533004 0.0467155 0.0399549 0.0333033 0.0269866 0.0211786 0.0160095 0.011574 0.00793338 0.00510643
