SBPRF35
7.6774
Curr Bio
536480
B35
523675
F35
0.214206
FOFL
0.203713
OFL
79502.7
Bzero
2.19354e+006
#pred survey bio
 4.68078e+006 3.78487e+006 3.34843e+006 2.93922e+006 2.75989e+006 2.62602e+006 2.46001e+006 2.18756e+006 1.9901e+006 1.70252e+006 1.4745e+006 1.25706e+006 1.12714e+006 1.04151e+006 918987 813653 726097 668289 610423 575274 543369 511394 494779 486761 486897 473642 480536 488971 491456 500606 506907 523783 524667 552556 573984 574569 574509 566115 570046 576945 577677 613156 638338 645797 645749 619266 619902 622291 641851 576255 553882 577034 579565 591954 588611 583306 601739 592452 543866 1.77294e+007 1.06925e+007 1.10864e+007 1.19034e+007 1.29049e+007 1.38951e+007 1.47653e+007 1.54755e+007 1.60274e+007 1.64424e+007 1.67477e+007 1.69694e+007 1.71292e+007 1.72439e+007 1.73265e+007 1.73859e+007 1.7429e+007 1.74604e+007 1.74834e+007 1.75004e+007 1.7513e+007 1.75224e+007 1.75294e+007 1.75348e+007 1.75388e+007 1.75418e+007 1.75442e+007 1.75459e+007 1.75473e+007 1.75483e+007 1.75491e+007 1.75497e+007 1.75502e+007 1.75506e+007 1.75508e+007 1.75511e+007 1.75512e+007 1.75514e+007 1.75515e+007 1.75515e+007 1.75516e+007 1.75516e+007 1.75517e+007 1.75517e+007 1.75517e+007 1.75517e+007 1.75518e+007 1.75518e+007 1.75518e+007 1.75518e+007 1.75518e+007 1.75518e+007 1.75518e+007 1.75518e+007 1.75518e+007 1.75518e+007 1.75518e+007 1.75518e+007 1.75518e+007 1.75518e+007 1.75518e+007 1.75518e+007 1.75518e+007 1.75518e+007 1.75518e+007 1.75518e+007 1.75518e+007 1.75518e+007 1.75518e+007 1.75518e+007 1.75518e+007 1.75518e+007 1.75518e+007 1.75518e+007 1.75518e+007 1.75518e+007 1.75518e+007 1.75518e+007 1.75518e+007 1.75518e+007 1.75518e+007 1.75518e+007 1.75518e+007 1.75518e+007 1.75518e+007 1.75518e+007 1.75518e+007 1.75518e+007 1.75518e+007 1.75518e+007 1.75518e+007 1.75518e+007 1.75518e+007 1.75518e+007 1.75518e+007 1.75518e+007 1.75518e+007 1.75518e+007 1.75518e+007 1.75518e+007 0 0 0 0 0 0 0 0 0 0 0 0 0 0 0 0 0 0 0 0 0 0 0 0 0
#obs survey bio
 5.07864e+006 3.1266e+006 4.97128e+006 3.68898e+006 2.28234e+006 1.85574e+006 2.94599e+006 2.08166e+006 2.51304e+006 1.4044e+006 1.61039e+006 1.01608e+006 1.14918e+006 1.26244e+006 970070 682069 665675 726334 410323 620303 525348 476966 421102 413518 625558 426328 427984 525821 434642 529835 504812 501286 553049 587088 573806 535769 529269 603536 582337 550926 400456 702204 796129 701784 608469 810090 621954 702413 932314 496374 501572 656247 613332 633560 535469 518258 713847 588017 422960
#pred catch bio
 117025 96101.6 153744 193385 254852 272604 313109 306394 297024 303819 291529 277820 258926 256441 227444 202435 174385 158846 146141 141009 137032 123124 117083 115504 115873 99012.3 99397.3 102229 97933 103463 90451 94217.3 86809.7 93057.3 101236 88154.3 98520.8 83635.9 87161.8 86786.4 87476.1 87691.6 96165.7 89272.1 84793.5 82481.8 88556 83917.8 90329.8 88682.6 66228.3 88756.5 96411.3 95715.8 107317 95071.8 98393.2 113629 99763.6 79502.7 83033.1 84713.2 90040.1 97298.1 104537 110804 115788 119532 122230 124116 125403 126266 126837 127210 127452 127607 127707 127770 127810 127836 127852 127862 127868 127872 127875 127877 127877 127878 127878 127879 127879 127879 127879 127879 127879 127879 127879 127879 127879 127879 127879 127879 127879 127879 127879 127879 127879 127879 127879 127879 127879 127879 127879 127879 127879 127879 127879 127879 127879 127879 127879 127879 127879 127879 127879 127879 127879 127879 127879 127879 127879 127879 127879 127879 127879 127879 127879 127879 127879 127879 127879 127879 127879 127879 127879 127879 127879 127879 127879 127879 127879 127879 127879 127879 127879 127879 127879 127879 127879 0 0 0 0 0 0 0 0 0 0 0 0 0 0 0 0 0 0 0 0 0 0 0 0 0
#obs catch bio
 0 95665.9 153979 193463 255598 272559 312903 307309 296082 304435 290693 278654 260550 256023 227399 202393 174624 158469 146300 141050 137095 123110 117002 115957 115782 98922.2 99436.3 102231 97842.4 103750 90372.6 94076.4 86862.4 93092.2 101427 87913.9 98777.9 83466.2 87222.4 86654 87678 87582.4 96275.6 89254.3 84665.2 82457 88631.6 83980.1 90144.3 88955.5 65975.7 88841 96653.9 95494.1 107540 95099.9 98229.4 113765 99720.9
#pred cpue bio
 4.62971e+006 3.7436e+006 3.31088e+006 2.90447e+006 2.72526e+006 2.5908e+006 2.4246e+006 2.15327e+006 1.95595e+006 1.67081e+006 1.44432e+006 1.2288e+006 1.09926e+006 1.01364e+006 892475 788435 702168 645412 588978 554585 523549 492517 476415 468577 468644 455838 462585 470808 473273 482191 488314 504877 505775 532787 553781 554398 553320 543176 546088 552751 553702 587797 612266 619538 619626 594281 594868 597075 616034 553352 531658 554496 557251 568957 565598 559914 577340 568648 521732 1.69849e+007 1.02284e+007 1.05001e+007 1.12306e+007 1.22127e+007 1.31999e+007 1.40697e+007 1.47799e+007 1.53317e+007 1.57467e+007 1.6052e+007 1.62737e+007 1.64335e+007 1.65483e+007 1.66308e+007 1.66903e+007 1.67333e+007 1.67647e+007 1.67877e+007 1.68047e+007 1.68173e+007 1.68267e+007 1.68337e+007 1.68391e+007 1.68431e+007 1.68462e+007 1.68485e+007 1.68502e+007 1.68516e+007 1.68526e+007 1.68534e+007 1.6854e+007 1.68545e+007 1.68549e+007 1.68552e+007 1.68554e+007 1.68555e+007 1.68557e+007 1.68558e+007 1.68559e+007 1.68559e+007 1.6856e+007 1.6856e+007 1.6856e+007 1.6856e+007 1.68561e+007 1.68561e+007 1.68561e+007 1.68561e+007 1.68561e+007 1.68561e+007 1.68561e+007 1.68561e+007 1.68561e+007 1.68561e+007 1.68561e+007 1.68561e+007 1.68561e+007 1.68561e+007 1.68561e+007 1.68561e+007 1.68561e+007 1.68561e+007 1.68561e+007 1.68561e+007 1.68561e+007 1.68561e+007 1.68561e+007 1.68561e+007 1.68561e+007 1.68561e+007 1.68561e+007 1.68561e+007 1.68561e+007 1.68561e+007 1.68561e+007 1.68561e+007 1.68561e+007 1.68561e+007 1.68561e+007 1.68561e+007 1.68561e+007 1.68561e+007 1.68561e+007 1.68561e+007 1.68561e+007 1.68561e+007 1.68561e+007 1.68561e+007 1.68561e+007 1.68561e+007 1.68561e+007 1.68561e+007 1.68561e+007 1.68561e+007 1.68561e+007 1.68561e+007 1.68561e+007 1.68561e+007 1.68561e+007 0 0 0 0 0 0 0 0 0 0 0 0 0 0 0 0 0 0 0 0 0 0 0 0 0
#obs cpue bio
 4.66464e+006 4.01758e+006 2.83264e+006 1.81128e+006 2.86491e+006 4.05256e+006 2.65593e+006 1.38645e+006 2.61343e+006 1.4602e+006 1.82282e+006 1.06903e+006 794422 1.34062e+006 768206 960083 672641 743935 723980 539307 554474 515709 581386 417727 498993 451781 504588 469090 528030 408085 504861 661942 354099 539850 558000 655666 544519 555083 495480 687046 572621 636270 472231 560035 765707 396942 614590 421351 654116 495655 591741 540356 421750 684884 549288 559446 577191 579015 640718
#pred surv len freq
 0.00428173 0.00705638 0.0108143 0.0155967 0.0213132 0.0276475 0.0340443 0.0398646 0.0446344 0.0481976 0.0506742 0.0523054 0.053323 0.0538984 0.0541475 0.054157 0.0540099 0.053785 0.0534981 0.0529836 0.051794 0.0492503 0.0447304 0.0380864 0.0299059
 0.00450392 0.00735274 0.0111426 0.0158831 0.0214795 0.0276503 0.0339002 0.0396413 0.0444108 0.0480201 0.0505399 0.0521827 0.0531919 0.0537816 0.0541114 0.0542809 0.0543386 0.0542887 0.0540605 0.053432 0.0519645 0.0490596 0.0442148 0.0373828 0.0291857
 0.00462323 0.00757615 0.0115279 0.0164881 0.0223311 0.0287068 0.0350321 0.0406581 0.0451312 0.0483466 0.0504886 0.0518512 0.0526981 0.0532206 0.0535516 0.0537797 0.053948 0.054034 0.0539106 0.0532919 0.0517087 0.0485954 0.0435358 0.0365763 0.0283882
 0.00476656 0.00780984 0.0118833 0.0170008 0.0230407 0.0296486 0.036219 0.0420529 0.0466249 0.0497618 0.0516198 0.0525315 0.0528571 0.0528995 0.0528711 0.0528887 0.0529801 0.0530833 0.0530172 0.052439 0.0508397 0.0476559 0.0425199 0.035545 0.027444
 0.00487971 0.0080101 0.0122148 0.0175145 0.0237833 0.0306466 0.0374636 0.0434977 0.0481941 0.0513588 0.0531268 0.0538073 0.0537511 0.0532888 0.0527049 0.0522098 0.0519076 0.0517665 0.0515873 0.0509782 0.0493823 0.046215 0.0411231 0.0342526 0.0263355
 0.00507415 0.00832191 0.0126771 0.0181585 0.0246358 0.0317251 0.0387673 0.0449984 0.0498331 0.0530506 0.0547673 0.0552816 0.0549381 0.054068 0.0529718 0.0519021 0.051031 0.0504009 0.0498645 0.049045 0.0473703 0.0442333 0.0392687 0.0326178 0.0249977
 0.00527601 0.00865377 0.013183 0.0188806 0.0256054 0.0329486 0.040215 0.0466042 0.0515092 0.0547086 0.0563307 0.0566832 0.0561086 0.0549264 0.0534253 0.0518596 0.0504282 0.0492274 0.0481804 0.0469757 0.0450834 0.0419112 0.0370847 0.0307162 0.0234746
 0.00554934 0.0090973 0.0138489 0.0198167 0.0268456 0.0344984 0.0420353 0.0486059 0.0535652 0.0566799 0.0580929 0.0581439 0.0572089 0.0556297 0.0536994 0.0516631 0.0497119 0.0479548 0.0463586 0.0446821 0.0424727 0.0391968 0.0344986 0.0284615 0.0216826
 0.00571371 0.00938941 0.0143345 0.0205719 0.0279401 0.0359676 0.0438553 0.0506859 0.0557649 0.0588406 0.0600665 0.0598092 0.0584779 0.0564462 0.0540318 0.0514914 0.0490165 0.0467164 0.0445774 0.042409 0.0398355 0.0364009 0.0317932 0.0260802 0.0197839
 0.00595537 0.00976664 0.0148753 0.0212978 0.02887 0.0371208 0.0452456 0.0523088 0.0575812 0.0607668 0.0619791 0.0615632 0.0599332 0.0574902 0.0545888 0.0515186 0.0484927 0.0456338 0.0429467 0.0402801 0.0373242 0.0336987 0.0291444 0.0237248 0.0178932
 0.00615719 0.0101239 0.0154646 0.0222031 0.030157 0.0388012 0.0472508 0.0544947 0.0597708 0.0628036 0.0637589 0.0630289 0.061048 0.0582147 0.0548756 0.0513207 0.0477739 0.0443761 0.0411589 0.0380137 0.0346935 0.0308911 0.0264004 0.0212853 0.0159334
 0.00643338 0.0105621 0.0161064 0.0230853 0.031312 0.0402521 0.0489976 0.0564958 0.0619286 0.0649681 0.0657528 0.0646879 0.0622565 0.0589182 0.0550659 0.0510076 0.0469638 0.0430702 0.0393677 0.0357824 0.0321269 0.0281644 0.0237405 0.0189211 0.0140328
 0.00660483 0.0108731 0.0166324 0.0239127 0.0325136 0.0418518 0.0509433 0.0586606 0.0641452 0.0670742 0.0676185 0.066216 0.0633712 0.0595603 0.0551987 0.0506217 0.0460724 0.0416987 0.037551 0.0335778 0.0296364 0.0255488 0.0212066 0.0166775 0.0122328
 0.00675832 0.0111184 0.0169963 0.0244243 0.0332071 0.0427661 0.052112 0.0600926 0.0658035 0.0688648 0.0694004 0.0678313 0.0646797 0.0604613 0.0556339 0.0505659 0.0455237 0.0406736 0.0360854 0.031735 0.0275193 0.023307 0.0190251 0.0147403 0.010675
 0.007035 0.0115573 0.0176355 0.0252891 0.0343031 0.0440706 0.0535689 0.0616183 0.0673067 0.0702686 0.0706505 0.0688858 0.0654935 0.0609802 0.0558028 0.0503424 0.0448869 0.0396264 0.0346557 0.0299805 0.0255364 0.0212335 0.017027 0.0129791 0.00926634
 0.00723827 0.011895 0.018156 0.0260394 0.0353153 0.045343 0.055049 0.0632016 0.068858 0.0716572 0.0717811 0.0697115 0.0660078 0.0611966 0.0557333 0.0499864 0.0442329 0.038664 0.0333909 0.0284501 0.023817 0.0194422 0.0153063 0.0114669 0.00806009
 0.00736554 0.0121081 0.0184889 0.0265288 0.0359947 0.0462319 0.0561391 0.0644488 0.0701828 0.0729551 0.0729409 0.0706353 0.0666293 0.0614894 0.0557058 0.0496648 0.0436438 0.0378259 0.0323198 0.0271744 0.0223937 0.0179627 0.013886 0.0102192 0.00706536
 0.00742716 0.0122038 0.0186256 0.0267127 0.0362345 0.0465409 0.056536 0.0649529 0.0708051 0.073688 0.0737499 0.0714583 0.0673853 0.0620954 0.0560947 0.0497967 0.0435071 0.0374293 0.0316848 0.0263352 0.0214029 0.0168967 0.0128393 0.0092852 0.00631253
 0.00753634 0.0123678 0.0188472 0.0269853 0.0365437 0.0468691 0.0568664 0.0652739 0.0711147 0.0739958 0.0740732 0.0718108 0.0677635 0.0624704 0.0564152 0.0500023 0.0435449 0.0372664 0.0313141 0.0257752 0.020697 0.01611 0.0120508 0.00857266 0.00573335
 0.00748911 0.0123213 0.0188319 0.0270455 0.0367224 0.0471858 0.0573009 0.0657683 0.0715952 0.0744019 0.0743779 0.0720232 0.0679146 0.0625919 0.0565213 0.0500817 0.0435644 0.037185 0.0310994 0.025417 0.0202135 0.0155465 0.0114698 0.00803806 0.00529373
 0.00748698 0.0123103 0.0188036 0.0269933 0.0366503 0.0471177 0.0572827 0.0658536 0.0718193 0.0747578 0.0748124 0.0724589 0.0682836 0.0628602 0.0566901 0.0501697 0.0435864 0.0371401 0.0309739 0.0251974 0.0199013 0.0151653 0.011062 0.0076526 0.00497067
 0.00758006 0.0124505 0.0189932 0.0272248 0.0369065 0.0473741 0.0575118 0.0660341 0.0719452 0.0748429 0.0748835 0.072538 0.0683725 0.0629392 0.056731 0.0501528 0.043507 0.0370031 0.0307847 0.0249584 0.0196162 0.0148471 0.0107356 0.00734947 0.00471816
 0.00766605 0.0125744 0.0191501 0.0273995 0.0370775 0.0475193 0.0576147 0.0660855 0.0719446 0.0747995 0.0748163 0.0724736 0.0683373 0.062948 0.0567799 0.0502201 0.0435635 0.0370233 0.0307532 0.0248703 0.0194759 0.014667 0.0105359 0.00715463 0.00455008
 0.00766471 0.0125839 0.0191849 0.0274777 0.0372125 0.0477096 0.0578365 0.0662972 0.0721014 0.0748717 0.0748001 0.0723898 0.0682209 0.0628349 0.0566958 0.0501745 0.0435487 0.0370199 0.0307385 0.0248266 0.0193958 0.0145545 0.0104045 0.00702211 0.00443327
 0.00764567 0.0125534 0.0191409 0.0274212 0.0371502 0.0476563 0.0578137 0.0663259 0.072191 0.0750106 0.0749572 0.0725273 0.0683112 0.0628718 0.0566931 0.050155 0.0435313 0.0370113 0.0307331 0.0248124 0.0193619 0.0144974 0.0103295 0.00694062 0.00435784
 0.00782597 0.0128073 0.0194505 0.0277451 0.0374356 0.047858 0.0579105 0.0663252 0.0721213 0.0749082 0.0748523 0.0724345 0.0682282 0.0627855 0.0565912 0.0500344 0.0433999 0.0368819 0.0306152 0.0247084 0.0192682 0.0144095 0.0102459 0.0068641 0.00429311
 0.00780598 0.012783 0.0194273 0.027729 0.0374258 0.0478399 0.0578544 0.0661976 0.0719061 0.0746246 0.0745562 0.0721985 0.0681105 0.0628074 0.0567329 0.0502508 0.0436417 0.0371117 0.0308122 0.0248644 0.0193822 0.0144838 0.0102857 0.00687784 0.00429059
 0.00777316 0.0127295 0.0193473 0.027619 0.0372874 0.0476822 0.0576937 0.0660516 0.0717844 0.0745237 0.0744642 0.0721091 0.0680347 0.0627721 0.0567664 0.050365 0.0438245 0.037333 0.0310372 0.0250655 0.0195436 0.0146008 0.0103616 0.00692037 0.00430987
 0.00782176 0.0127959 0.0194238 0.0276902 0.0373341 0.0476879 0.0576508 0.0659639 0.0716652 0.0743905 0.074332 0.0719862 0.0679239 0.0626761 0.0566937 0.0503297 0.0438384 0.0373975 0.03114 0.025185 0.0196578 0.0146944 0.0104282 0.00696152 0.00433135
 0.00775468 0.012701 0.0193065 0.0275629 0.037211 0.047577 0.0575499 0.065863 0.0715553 0.0742722 0.0742188 0.0718987 0.0678801 0.062684 0.0567505 0.0504267 0.0439671 0.0375508 0.0313097 0.0253592 0.0198216 0.0148338 0.010535 0.00703468 0.00437594
 0.00782943 0.0128002 0.0194154 0.0276559 0.0372613 0.0475699 0.0574913 0.0657757 0.071465 0.0741928 0.0741476 0.0718243 0.0677949 0.0625921 0.0566652 0.0503632 0.043936 0.0375553 0.0313467 0.0254207 0.0198961 0.0149088 0.0106 0.00708375 0.00440834
 0.00787253 0.0128478 0.019445 0.0276317 0.037142 0.047324 0.0571116 0.0652885 0.0709288 0.0736862 0.0737496 0.071592 0.0677478 0.0627111 0.0569066 0.0506774 0.0442815 0.0379034 0.0316789 0.0257241 0.0201608 0.0151276 0.0107691 0.00720457 0.00448727
 0.00795172 0.0129737 0.0196273 0.0278725 0.0374294 0.0476254 0.0573716 0.0654386 0.0709091 0.0734719 0.0733663 0.0711106 0.0672605 0.062301 0.0566242 0.0505342 0.0442584 0.0379665 0.0317932 0.0258612 0.0202999 0.015254 0.0108738 0.0072836 0.00454132
 0.00776628 0.0127079 0.0192939 0.0275069 0.0370813 0.0473425 0.0571856 0.0653571 0.0709154 0.0735305 0.0734347 0.0711555 0.0672719 0.0622964 0.0566395 0.0506051 0.0444036 0.0381811 0.0320538 0.0261364 0.0205605 0.0154792 0.0110526 0.00741405 0.00462845
 0.00776045 0.012668 0.0191803 0.0272707 0.0366851 0.0467888 0.0565355 0.0647211 0.0704151 0.0732508 0.0733938 0.0713082 0.0675399 0.0626046 0.0569411 0.0508877 0.0446778 0.0384626 0.0323486 0.0264358 0.0208458 0.0157303 0.0112553 0.00756369 0.00472917
 0.00855935 0.0138055 0.0205912 0.0287872 0.038077 0.0478344 0.0570847 0.0647261 0.0699272 0.0723976 0.0723442 0.0702287 0.066554 0.0617718 0.0562648 0.0503424 0.0442372 0.0381132 0.0320874 0.0262603 0.0207462 0.0156885 0.01125 0.00757576 0.0047455
 0.00919519 0.0148236 0.0220844 0.0308034 0.0405778 0.0506475 0.0598832 0.0670761 0.0714133 0.0727716 0.071612 0.0686267 0.0644392 0.0594952 0.0540864 0.0484066 0.0425942 0.0367588 0.0309973 0.0254079 0.0201057 0.0152316 0.0109437 0.00738428 0.00463455
 0.00923346 0.0149879 0.0225189 0.0317015 0.042127 0.0529422 0.0628429 0.0704158 0.0746892 0.0754858 0.0733385 0.0691207 0.0636948 0.0577315 0.051664 0.0457134 0.0399503 0.034372 0.0289689 0.0237649 0.0188326 0.0142912 0.0102865 0.00695366 0.00437233
 0.00895438 0.0145587 0.0219267 0.0309733 0.0413498 0.0522794 0.0625264 0.0706935 0.0757274 0.0772672 0.075619 0.0714828 0.0656812 0.0589938 0.0520612 0.0453226 0.0390005 0.0331433 0.0277054 0.0226301 0.0179069 0.0135924 0.00979505 0.00663186 0.00417707
 0.00884946 0.0143747 0.0216262 0.0305169 0.0407113 0.0514696 0.0616185 0.0698339 0.0751196 0.0771233 0.0760877 0.0725778 0.0672449 0.060726 0.0536127 0.0464136 0.0395065 0.0331091 0.027293 0.0220368 0.0172983 0.0130711 0.00940188 0.00636483 0.0040122
 0.00889474 0.0144246 0.0216567 0.030488 0.0405746 0.0511821 0.0611587 0.0692163 0.0744048 0.0764215 0.0755479 0.0723562 0.0674523 0.0613733 0.054584 0.0474936 0.0404555 0.033751 0.0275686 0.0220005 0.0170694 0.012774 0.00912609 0.00615352 0.00387196
 0.00879642 0.0142944 0.0215138 0.0303643 0.0405001 0.051164 0.0611684 0.0691948 0.074288 0.0761735 0.0751869 0.0719595 0.0671375 0.0612594 0.0547442 0.0479177 0.041045 0.034355 0.0280461 0.0222735 0.0171402 0.0127031 0.00899148 0.00601699 0.00376578
 0.00876227 0.0142201 0.0213699 0.0301184 0.0401324 0.0506879 0.0606404 0.0687017 0.0739121 0.075955 0.0751112 0.0719776 0.0672062 0.0613719 0.0549313 0.0482195 0.0414731 0.0348701 0.0285666 0.0227116 0.0174398 0.0128579 0.00903554 0.00599941 0.00372793
 0.00881727 0.0143054 0.0214888 0.0302663 0.0402927 0.0508291 0.0607193 0.0686768 0.0737633 0.0756985 0.074796 0.0716631 0.0669371 0.0611686 0.0547994 0.0481653 0.0415066 0.034993 0.0287579 0.0229268 0.0176283 0.0129854 0.00909561 0.00600851 0.0037109
 0.008862 0.0143648 0.0215537 0.0303209 0.0403195 0.0508159 0.0606638 0.0685845 0.0736407 0.0755493 0.0746227 0.0714749 0.0667539 0.0610168 0.0547024 0.0481364 0.0415486 0.0351002 0.0289162 0.0231124 0.0178105 0.0131358 0.00919813 0.00606398 0.00373194
 0.0088983 0.0144199 0.0216288 0.0304126 0.0404187 0.0509075 0.0607279 0.0686012 0.0735971 0.0754448 0.0744699 0.0712943 0.0665672 0.0608431 0.0545586 0.0480369 0.0415038 0.0351137 0.0289824 0.0232165 0.0179309 0.0132497 0.00928844 0.00612368 0.00376407
 0.00884883 0.0143555 0.021561 0.0303617 0.0404068 0.0509489 0.0608207 0.0687258 0.0737226 0.0755395 0.0745113 0.0712743 0.0664928 0.0607323 0.054434 0.0479211 0.0414152 0.0350645 0.028977 0.0232505 0.0179918 0.0133208 0.00935389 0.00617355 0.00379577
 0.00882437 0.0143208 0.0215191 0.0303201 0.0403781 0.0509491 0.0608659 0.0688267 0.0738772 0.0757285 0.0746997 0.0714218 0.0665673 0.0607211 0.0543462 0.0477821 0.0412571 0.034917 0.0288612 0.023176 0.0179572 0.0133162 0.0093662 0.00619075 0.00381035
 0.00858349 0.013969 0.0210638 0.0297951 0.0398356 0.050446 0.0604527 0.0685429 0.0737504 0.0757716 0.0749063 0.0717627 0.0669936 0.0611741 0.0547722 0.0481449 0.0415437 0.0351341 0.0290262 0.0233071 0.0180672 0.0134103 0.00944416 0.0062508 0.00385219
 0.0087396 0.0141613 0.0212418 0.0298793 0.0397463 0.0501442 0.05997 0.0679768 0.0732255 0.0753905 0.0747181 0.0717623 0.0671409 0.0614159 0.0550564 0.0484276 0.0417934 0.0353346 0.0291764 0.0234162 0.0181477 0.0134725 0.00949357 0.00628917 0.00387995
 0.00862926 0.0140492 0.0211924 0.0299809 0.0400715 0.0506969 0.0606539 0.0686176 0.073645 0.0754889 0.0745129 0.0713626 0.0666828 0.0610043 0.0547407 0.0482094 0.0416487 0.0352346 0.0290991 0.0233509 0.0180923 0.0134291 0.00946371 0.00627167 0.00387155
 0.00836661 0.013613 0.0205257 0.0290433 0.038869 0.0493155 0.0592718 0.0674686 0.0729345 0.0753088 0.0748116 0.0719911 0.0674788 0.061855 0.0555936 0.049046 0.042454 0.0359843 0.0297647 0.0239101 0.0185359 0.0137615 0.00969884 0.00642837 0.00396938
 0.00846914 0.0137566 0.0206965 0.0292075 0.0389742 0.0493002 0.0590827 0.0670843 0.0723885 0.0746945 0.0742565 0.0716062 0.0673139 0.0618892 0.0557641 0.0492881 0.042725 0.0362622 0.0300355 0.0241597 0.0187508 0.0139326 0.00982479 0.00651408 0.00402335
 0.00848807 0.0138132 0.0208275 0.0294568 0.0393744 0.0498458 0.05971 0.067676 0.0728073 0.074833 0.0740798 0.0711652 0.0667226 0.0612787 0.0552361 0.0488917 0.0424615 0.0361069 0.0299584 0.0241346 0.0187568 0.0139536 0.009849 0.00653488 0.00403834
 0.00860526 0.0139727 0.0210123 0.0296378 0.0395252 0.0499627 0.0598204 0.0678247 0.0730233 0.075099 0.0743274 0.0713038 0.0666859 0.0610586 0.054885 0.0484939 0.0420956 0.0358202 0.0297632 0.024019 0.0186993 0.0139323 0.00984692 0.0065405 0.00404523
 0.00875093 0.0142211 0.0214042 0.0302096 0.0402906 0.0508897 0.0608197 0.0687642 0.0737705 0.075567 0.0744943 0.0711962 0.0663464 0.0605258 0.0541968 0.0477019 0.0412694 0.0350351 0.0290799 0.0234705 0.0182897 0.0136459 0.00965862 0.00642408 0.00397779
 0.00852697 0.0139032 0.0210132 0.0297987 0.0399368 0.0506746 0.0608087 0.0689882 0.074214 0.0761667 0.0751531 0.071811 0.0668363 0.0608465 0.0543384 0.0476786 0.0411129 0.0347906 0.0287996 0.0232025 0.0180669 0.0134817 0.00954985 0.00635881 0.00394206
 0.00846754 0.0137833 0.0207929 0.029435 0.0394046 0.0499956 0.060069 0.0683283 0.0737858 0.0760768 0.0754234 0.0723751 0.0675696 0.0616105 0.0550186 0.0482051 0.0414622 0.0349762 0.0288585 0.0231811 0.018009 0.0134195 0.00950059 0.00632702 0.00392482
 0.00884198 0.0143395 0.0215293 0.0303084 0.0403335 0.0508716 0.0607745 0.0687605 0.0738869 0.0758599 0.0749735 0.0718174 0.0670191 0.061133 0.0546214 0.0478563 0.0411207 0.0346164 0.0284794 0.0228024 0.0176595 0.0131247 0.00927455 0.00616982 0.00382583
#obs surv len freq
 nan nan nan nan nan nan nan nan nan nan nan nan nan nan nan nan nan nan nan nan nan nan nan nan nan
 0.00448449 0.0073458 0.0111758 0.0159922 0.0216931 0.0279689 0.0342831 0.0400145 0.0446939 0.0481576 0.0505152 0.0520107 0.0529027 0.0534148 0.0537289 0.0539836 0.054262 0.0545547 0.0546934 0.0542853 0.0527234 0.0493555 0.0438054 0.0362855 0.0276693
 0.0046144 0.00755905 0.0115002 0.016454 0.0223102 0.0287413 0.0351832 0.0409839 0.0456524 0.0490183 0.0512015 0.0524677 0.0531021 0.0533557 0.053433 0.053488 0.0536098 0.0537885 0.0538521 0.0534057 0.0518442 0.0485198 0.0430576 0.0356635 0.0271939
 0.00478527 0.00783677 0.0119182 0.0170433 0.0230942 0.0297257 0.036346 0.0422699 0.0469778 0.0502833 0.0523053 0.0533207 0.053636 0.0535306 0.053241 0.0529511 0.0527733 0.0527116 0.0526012 0.052051 0.050461 0.0471886 0.0418585 0.0346624 0.0264274
 0.00496136 0.0081293 0.0123699 0.0176978 0.0239868 0.0308693 0.0377171 0.0438043 0.0485798 0.0518439 0.0537176 0.0544884 0.054477 0.0539801 0.0532572 0.0525205 0.0519144 0.0514732 0.0510584 0.0503009 0.0486187 0.0453811 0.0402113 0.0332781 0.0253634
 0.00518164 0.00848462 0.0129 0.0184391 0.0249673 0.0321 0.0391808 0.0454487 0.0503211 0.0535779 0.0553338 0.0558807 0.0555508 0.0546567 0.0534761 0.052243 0.0511285 0.0502001 0.0493586 0.0482773 0.0464139 0.0431657 0.0381601 0.0315367 0.0240169
 0.00541707 0.00887271 0.0134936 0.0192897 0.0261136 0.0335512 0.0409002 0.0473515 0.0522901 0.0554892 0.0570768 0.0573643 0.0566994 0.055404 0.0537631 0.0520207 0.0503641 0.0488885 0.0475362 0.0460354 0.043904 0.0405891 0.0357359 0.029455 0.0223945
 0.00565861 0.00926924 0.0140978 0.020154 0.0272809 0.035039 0.0426842 0.0493578 0.0544024 0.0575703 0.0589912 0.0589952 0.0579566 0.0562226 0.0540965 0.0518315 0.0496224 0.0475788 0.0456759 0.0436975 0.0412336 0.0377984 0.033071 0.0271401 0.0205745
 0.00589429 0.00965612 0.0146872 0.0209967 0.0284178 0.036487 0.0444206 0.0513139 0.0564728 0.0596308 0.0609172 0.0606724 0.0592868 0.0571267 0.0545148 0.0517212 0.0489534 0.0463356 0.0438697 0.0413894 0.0385563 0.0349603 0.0303262 0.0247297 0.0186631
 0.00613903 0.010055 0.0152894 0.0218489 0.0295561 0.0379231 0.0461277 0.0532217 0.0584767 0.0616115 0.0627591 0.0622738 0.0605618 0.0580047 0.0549379 0.0516429 0.0483377 0.045161 0.0421412 0.0391591 0.0359461 0.0321683 0.0276023 0.0223182 0.0167367
 0.00639584 0.0104761 0.0159296 0.0227606 0.030778 0.0394634 0.0479471 0.0552291 0.0605445 0.0636025 0.0645507 0.0637698 0.0616934 0.058724 0.0552108 0.0514418 0.0476384 0.0439459 0.0404123 0.0369604 0.0333871 0.0294334 0.0249289 0.0199436 0.0148325
 0.00661502 0.0108385 0.0164864 0.0235635 0.0318695 0.0408601 0.0496233 0.0571094 0.0625137 0.0655271 0.066301 0.0652367 0.0627958 0.0594096 0.055451 0.0512224 0.0469511 0.0427862 0.0387883 0.0349125 0.0310123 0.0268964 0.0224453 0.0177316 0.0130531
 0.006854 0.0112283 0.0170755 0.0243978 0.0329831 0.0422619 0.0512815 0.058947 0.0644175 0.0673688 0.0679575 0.0666039 0.0637946 0.0599883 0.0555833 0.0509019 0.0461832 0.0415833 0.0371729 0.0329317 0.0287577 0.0245159 0.0201307 0.0156772 0.0114024
 0.00707736 0.0115962 0.0176377 0.0252025 0.0340668 0.0436322 0.0529018 0.060732 0.0662468 0.0691117 0.0694959 0.0678438 0.0646695 0.0604572 0.0556265 0.0505173 0.0453815 0.0403846 0.0356092 0.0310565 0.0266606 0.0223308 0.0180257 0.0138202 0.00991572
 0.00728906 0.0119415 0.0181596 0.0259418 0.0350538 0.0448748 0.0543713 0.0623575 0.0679235 0.0707196 0.0709193 0.0689867 0.0654629 0.0608606 0.055625 0.0501151 0.0445958 0.0392418 0.0341468 0.029331 0.0247578 0.020372 0.0161569 0.0121836 0.00861228
 0.00743581 0.0121874 0.018543 0.0265029 0.035826 0.0458712 0.0555719 0.0637048 0.0693315 0.0720901 0.0721581 0.0700124 0.0662108 0.0612845 0.0556989 0.0498319 0.043965 0.0382867 0.0329045 0.027857 0.0231328 0.0187041 0.0145721 0.0108013 0.00751532
 0.00751489 0.0123167 0.0187398 0.0267859 0.0362148 0.0463829 0.0562165 0.0644789 0.0702137 0.0730395 0.0731166 0.070911 0.066978 0.0618556 0.056022 0.049872 0.0437052 0.0377294 0.0320723 0.0267955 0.0219132 0.0174221 0.0133372 0.00971594 0.00665025
 0.00761127 0.0124634 0.0189424 0.0270438 0.0365231 0.0467357 0.056609 0.0649083 0.0706788 0.0735389 0.0736451 0.0714533 0.0675044 0.0623218 0.0563749 0.0500585 0.0436819 0.0374704 0.0315751 0.0260847 0.0210428 0.0164717 0.0124003 0.00888098 0.00597923
 0.00768423 0.012581 0.0191167 0.0272836 0.0368304 0.0471013 0.0570101 0.0653116 0.0710516 0.0738609 0.0739149 0.0716849 0.0677153 0.0625191 0.0565469 0.0501745 0.0436997 0.0373486 0.0312862 0.0256263 0.020443 0.0157873 0.0117058 0.00825014 0.00546601
 0.00774284 0.0126684 0.0192342 0.027428 0.0369966 0.0472849 0.0572085 0.0655225 0.0712694 0.0740757 0.0741144 0.0718597 0.0678632 0.0626446 0.0566545 0.0502604 0.0437459 0.0373255 0.0311623 0.0253823 0.0200833 0.0153438 0.0112316 0.00780371 0.00509379
 0.00778148 0.0127304 0.0193253 0.027552 0.037153 0.0474671 0.0574026 0.0657104 0.0714342 0.0742081 0.0742147 0.0719346 0.0679203 0.0626894 0.0566894 0.050284 0.0437516 0.037299 0.0310836 0.0252329 0.0198567 0.0150532 0.0109091 0.00749055 0.00482634
 0.00782489 0.0127926 0.0194038 0.0276397 0.0372411 0.047549 0.0574767 0.0657787 0.0714999 0.0742718 0.0742742 0.0719872 0.0679651 0.0627275 0.0567228 0.0503128 0.0437718 0.0373016 0.0310554 0.0251601 0.0197312 0.0148793 0.010705 0.00728388 0.00464396
 0.00785391 0.0128358 0.019461 0.0277075 0.0373125 0.0476146 0.0575265 0.0658047 0.0714997 0.0742509 0.074245 0.0719638 0.0679581 0.0627409 0.0567539 0.0503551 0.0438166 0.0373387 0.0310734 0.0251473 0.01968 0.0147898 0.0105876 0.00715657 0.00452624
 0.0078986 0.0129039 0.0195547 0.0278253 0.0374487 0.0477596 0.0576666 0.0659238 0.0715817 0.0742845 0.0742278 0.0719036 0.0678708 0.0626451 0.0566657 0.0502837 0.0437637 0.0372992 0.0310382 0.0251061 0.0196243 0.0147164 0.0105003 0.00706513 0.00444243
 0.00792323 0.0129431 0.019612 0.0279027 0.0375463 0.0478739 0.0577896 0.0660433 0.0716835 0.0743557 0.0742597 0.0718938 0.0678231 0.0625693 0.056575 0.0501919 0.0436813 0.037231 0.0309825 0.0250569 0.0195744 0.0146609 0.010439 0.00700264 0.00438539
 0.00789977 0.0129069 0.0195616 0.0278386 0.0374719 0.0477956 0.0577172 0.0659884 0.0716565 0.0743624 0.074299 0.0719574 0.0678993 0.062646 0.0566438 0.0502492 0.0437277 0.037269 0.0310136 0.0250803 0.0195873 0.0146609 0.0104264 0.0069809 0.00436013
 0.00790782 0.0129087 0.0195436 0.0277826 0.0373605 0.0476221 0.0574922 0.0657407 0.0714251 0.0741848 0.0742005 0.0719471 0.06797 0.0627788 0.0568142 0.0504332 0.0439064 0.0374303 0.0311512 0.0251917 0.0196717 0.0147188 0.0104604 0.00699559 0.00436197
 0.00790805 0.0129116 0.0195517 0.0277977 0.0373801 0.0476362 0.0574829 0.0656877 0.071316 0.0740249 0.0740153 0.0717744 0.0678456 0.0627247 0.0568331 0.0505116 0.0440221 0.0375605 0.0312776 0.0253021 0.0197599 0.0147831 0.0105021 0.00701879 0.00437193
 0.00789849 0.0128924 0.0195166 0.0277397 0.0372947 0.0475249 0.0573551 0.0655576 0.0711967 0.0739224 0.0739286 0.0717013 0.0677904 0.0626989 0.0568505 0.0505799 0.0441374 0.037708 0.0314371 0.0254544 0.0198908 0.0148854 0.0105748 0.00706539 0.00439846
 0.00787067 0.0128469 0.0194475 0.0276413 0.0371626 0.0473582 0.057159 0.0653453 0.0709882 0.073741 0.0737949 0.0716277 0.0677787 0.0627432 0.0569421 0.0507113 0.0443019 0.0378968 0.0316372 0.0256495 0.0200653 0.0150282 0.0106815 0.00713789 0.00444303
 0.00784549 0.0128029 0.0193759 0.0275324 0.0370086 0.0471572 0.0569187 0.0650832 0.0707289 0.0735106 0.0736163 0.0715179 0.0677465 0.0627889 0.0570576 0.0508825 0.0445123 0.03813 0.0318773 0.0258809 0.0202737 0.0152022 0.0108152 0.0072318 0.00450297
 0.00784382 0.0127981 0.0193645 0.0275091 0.0369666 0.0470891 0.0568184 0.0649483 0.0705628 0.0733243 0.0734277 0.0713487 0.0676181 0.0627176 0.0570517 0.0509413 0.0446271 0.0382864 0.032058 0.0260683 0.0204513 0.0153568 0.0109385 0.00732146 0.00456212
 0.0078156 0.012755 0.019305 0.0274332 0.036876 0.0469862 0.056706 0.0648292 0.0704403 0.0732018 0.0733101 0.0712428 0.0675338 0.0626664 0.0570442 0.0509842 0.0447207 0.0384235 0.0322254 0.026249 0.0206278 0.0155142 0.0110667 0.00741662 0.00462622
 0.00780261 0.0127291 0.0192574 0.0273537 0.0367565 0.0468256 0.0565139 0.0646256 0.0702492 0.0730436 0.0731962 0.0711755 0.067509 0.0626791 0.0570913 0.0510651 0.0448352 0.0385692 0.0323952 0.0264309 0.0208069 0.015676 0.0112005 0.00751749 0.0046952
 0.0077492 0.0126487 0.019148 0.0272172 0.0365965 0.046646 0.0563185 0.06442 0.070044 0.0728557 0.073046 0.0710812 0.0674815 0.0627184 0.0571888 0.0512077 0.0450103 0.0387661 0.0326042 0.0266417 0.0210076 0.0158547 0.0113477 0.00762866 0.00477169
 0.00933454 0.0148601 0.0218008 0.0299154 0.0388497 0.0480543 0.0567176 0.0639057 0.0688801 0.0713439 0.0714317 0.0695235 0.0660661 0.0614839 0.0561462 0.050352 0.0443271 0.0382365 0.0322085 0.0263598 0.0208195 0.0157393 0.0112844 0.00759881 0.00476052
 0.00931654 0.0151264 0.022722 0.0319501 0.0423431 0.0529668 0.0624545 0.0694159 0.0730327 0.0733771 0.0712061 0.0674569 0.0628509 0.0577924 0.0524658 0.0469624 0.0413538 0.0357162 0.0301341 0.0247049 0.0195465 0.0148028 0.0106312 0.00717102 0.00449975
 0.00897583 0.0145903 0.0219702 0.0310327 0.0414346 0.0524018 0.0626872 0.0708571 0.0758017 0.0771192 0.0751383 0.0706675 0.0646815 0.0580668 0.0514542 0.0451622 0.0392561 0.0336732 0.0283392 0.0232328 0.0184033 0.0139597 0.0100433 0.00678609 0.0042652
 0.00882747 0.0143348 0.0215599 0.0304175 0.0405808 0.0513265 0.0615015 0.069794 0.0751967 0.0773161 0.0763345 0.0727681 0.067268 0.0605345 0.053259 0.0460297 0.0392348 0.0330319 0.0274049 0.0222687 0.0175647 0.0133076 0.0095788 0.00648031 0.00407915
 0.00875282 0.0142101 0.021365 0.0301285 0.0401718 0.0507749 0.0607992 0.0689651 0.0743191 0.0765372 0.0758621 0.0728167 0.0679637 0.0618216 0.0548783 0.0476036 0.0404229 0.0336627 0.027509 0.0220125 0.0171473 0.0128838 0.00923224 0.00623513 0.0039246
 0.00870312 0.0141299 0.0212452 0.0299601 0.0399463 0.0504851 0.0604405 0.0685375 0.0738303 0.0760109 0.0753509 0.0724125 0.067789 0.0619912 0.0554367 0.0484765 0.0414233 0.0345621 0.028134 0.0223075 0.0171689 0.0127456 0.00904353 0.00606621 0.00380318
 0.00867658 0.0140846 0.0211731 0.0298525 0.0397957 0.0502881 0.0602 0.0682621 0.0735319 0.0757008 0.0750408 0.0721217 0.0675543 0.0618706 0.0554964 0.0487587 0.0419105 0.0351658 0.0287232 0.0227646 0.0174371 0.0128396 0.00902282 0.00599689 0.00373166
 0.00867363 0.0140798 0.0211656 0.0298407 0.0397762 0.0502554 0.0601466 0.0681798 0.0734146 0.0755469 0.0748546 0.0719136 0.0673421 0.0616813 0.0553677 0.0487323 0.0420156 0.0353986 0.029038 0.0230874 0.0176978 0.0130009 0.0090886 0.00599807 0.00370418
 0.00866793 0.0140709 0.0211527 0.0298234 0.0397546 0.0502297 0.0601167 0.0681451 0.0733725 0.0754933 0.0747844 0.0718234 0.0672329 0.0615621 0.0552559 0.0486532 0.0419965 0.0354575 0.0291717 0.0232681 0.0178825 0.0131502 0.00918275 0.00604026 0.00371171
 0.00865237 0.014048 0.0211227 0.0297879 0.0397164 0.0501918 0.0600816 0.0681144 0.073347 0.075472 0.074765 0.0718015 0.0672039 0.0615231 0.055209 0.0486077 0.0419676 0.0354621 0.0292201 0.0233568 0.0179935 0.0132584 0.00926751 0.00609314 0.00373652
 0.00865377 0.0140479 0.0211182 0.0297755 0.0396927 0.050156 0.0600368 0.0680671 0.0733045 0.0754401 0.0747453 0.0717919 0.0671996 0.0615185 0.0552003 0.0485946 0.041955 0.035459 0.029236 0.0233964 0.0180528 0.0133258 0.00932905 0.006139 0.00376424
 0.00864462 0.014036 0.0211059 0.0297659 0.0396888 0.0501584 0.0600423 0.06807 0.0732996 0.0754253 0.0747231 0.0717675 0.0671777 0.0615015 0.0551876 0.0485842 0.0419463 0.0354539 0.0292389 0.0234115 0.018081 0.013363 0.00936775 0.00617191 0.00378734
 0.00863793 0.0140238 0.0210853 0.0297342 0.0396448 0.0501044 0.0599848 0.0680182 0.0732622 0.0754066 0.0747217 0.0717783 0.0671955 0.0615225 0.0552102 0.0486076 0.0419699 0.0354774 0.0292631 0.023438 0.018111 0.0133955 0.00939968 0.00619951 0.00380796
 0.00862844 0.0140107 0.0210696 0.029718 0.0396301 0.0500914 0.059972 0.0680031 0.073243 0.0753849 0.0747014 0.0717642 0.0671902 0.0615259 0.05522 0.0486212 0.0419851 0.0354935 0.0292801 0.0234564 0.0181311 0.013417 0.00942101 0.00621855 0.00382291
 0.00860796 0.01398 0.0210285 0.0296683 0.0395756 0.0500375 0.0599244 0.0679671 0.073222 0.075379 0.0747081 0.0717796 0.0672115 0.0615516 0.0552493 0.0486532 0.0420185 0.0355265 0.0293114 0.0234856 0.0181579 0.0134413 0.00944243 0.00623627 0.00383637
 0.00860796 0.01398 0.0210285 0.0296683 0.0395756 0.0500375 0.0599244 0.0679671 0.073222 0.075379 0.0747081 0.0717796 0.0672115 0.0615516 0.0552493 0.0486532 0.0420185 0.0355265 0.0293114 0.0234856 0.0181579 0.0134413 0.00944243 0.00623627 0.00383637
 0.00838224 0.0136187 0.0204972 0.0289445 0.0386597 0.0489667 0.0587831 0.0668815 0.0723334 0.0748057 0.0745145 0.0719656 0.0677224 0.0622996 0.0561361 0.0495876 0.0429273 0.0363584 0.0300352 0.0240869 0.0186351 0.013802 0.00970069 0.00641019 0.00394558
 0.00846783 0.0137322 0.0206195 0.0290391 0.0386787 0.0488637 0.0585271 0.0664677 0.07179 0.0741938 0.0739187 0.0714764 0.0674121 0.0622043 0.0562495 0.0498687 0.0433161 0.0367926 0.0304626 0.0244709 0.0189554 0.0140517 0.00988288 0.0065343 0.00402409
 0.00861222 0.0139775 0.0210051 0.0295996 0.0394259 0.0497628 0.0594808 0.0673259 0.0723895 0.0744123 0.073716 0.070903 0.0665876 0.0612778 0.0553592 0.0491128 0.042741 0.0363984 0.0302193 0.0243365 0.0188905 0.014026 0.00987659 0.00653593 0.00402787
 0.0084941 0.0138042 0.0207811 0.0293467 0.0391837 0.0495846 0.0594238 0.0674336 0.072669 0.0748175 0.0741532 0.0712613 0.0667824 0.0612826 0.0552102 0.0488862 0.0425185 0.0362383 0.0301442 0.0243377 0.0189416 0.014098 0.00994712 0.00659286 0.00406773
 0.00874504 0.0141866 0.0213082 0.030012 0.0399611 0.0504312 0.0602832 0.0682406 0.0733589 0.0753364 0.0744619 0.0713326 0.0665985 0.0608407 0.0545349 0.0480381 0.0415887 0.0353273 0.0293364 0.0236832 0.0184532 0.0137597 0.00972842 0.00646039 0.00399258
 0.00863351 0.0140409 0.0211547 0.0298963 0.0399354 0.0505334 0.0605206 0.0685884 0.0737724 0.0757688 0.074875 0.0716972 0.0668876 0.0610246 0.0545846 0.0479374 0.0413466 0.0349825 0.028948 0.023312 0.0181432 0.01353 0.00957578 0.00636873 0.00394253
 0.00856198 0.0139109 0.0209365 0.0295618 0.0394744 0.049974 0.0599403 0.0681009 0.0734905 0.0757602 0.0751386 0.0721714 0.0674797 0.0616407 0.0551473 0.048391 0.0416594 0.0351493 0.0289895 0.023268 0.0180592 0.0134433 0.00950762 0.00632473 0.00391864
 0.00878392 0.014251 0.0214074 0.0301546 0.0401536 0.0506754 0.0605758 0.0685764 0.0737363 0.0757603 0.0749375 0.0718506 0.0671196 0.0612917 0.0548226 0.0480787 0.04134 0.0348096 0.0286305 0.0229059 0.0177198 0.0131523 0.00928151 0.00616622 0.00381864
#pred catch len freq
 0.00315517 0.00514195 0.0077958 0.0111721 0.0153143 0.0202012 0.0256878 0.0315023 0.0373054 0.0427611 0.0475853 0.0515782 0.0546496 0.0568198 0.0581937 0.0589276 0.0592057 0.0592064 0.0590205 0.0585164 0.057231 0.054432 0.0494409 0.0420988 0.0330569
 0.00332475 0.00537038 0.00805386 0.0114077 0.0154719 0.02025 0.0256388 0.0314002 0.0371987 0.042671 0.047497 0.0514625 0.0544986 0.0566724 0.0581317 0.0590421 0.0595472 0.0597417 0.0596207 0.0589907 0.0573986 0.0542015 0.0488532 0.0413059 0.032249
 0.00344952 0.00558782 0.00840392 0.0119255 0.0161667 0.0210802 0.0265015 0.0321529 0.037712 0.0428821 0.0474272 0.0511891 0.054108 0.0562321 0.0576947 0.0586638 0.0592843 0.0596242 0.059616 0.0589936 0.0572685 0.0538316 0.048231 0.0405223 0.0314514
 0.00359586 0.00582218 0.00875286 0.0124186 0.0168385 0.0219664 0.0276218 0.0334827 0.0391554 0.0442696 0.0485537 0.0518824 0.0542902 0.0559384 0.0570432 0.0578032 0.0583508 0.0587143 0.0587704 0.058191 0.0564434 0.0529197 0.0472204 0.0394758 0.0304793
 0.00373089 0.00604774 0.00910405 0.0129333 0.0175525 0.0229041 0.0287879 0.034857 0.0406913 0.0458896 0.0501408 0.0532771 0.0553131 0.0564383 0.0569509 0.0571568 0.0572761 0.0573734 0.0573056 0.0566915 0.054944 0.0514309 0.0457682 0.0381231 0.0293118
 0.00391408 0.00633779 0.00952788 0.0135157 0.0183173 0.0238741 0.0299784 0.0362651 0.0422847 0.0476014 0.051871 0.054899 0.0566819 0.0574042 0.0573811 0.0569683 0.0564655 0.0560235 0.05556 0.0547104 0.0528698 0.0493798 0.0438416 0.0364175 0.0279101
 0.0041283 0.0066811 0.0100357 0.0142189 0.0192383 0.0250208 0.0313371 0.0377979 0.0439348 0.0493014 0.0535476 0.0564711 0.0580549 0.0584677 0.0580147 0.057059 0.0559346 0.0548563 0.0538215 0.0525389 0.0504501 0.0469114 0.0415131 0.0343855 0.0262792
 0.00438775 0.00709525 0.0106458 0.015061 0.0203401 0.0263951 0.0329704 0.0396412 0.0459025 0.051282 0.0554209 0.0581266 0.0594024 0.0594363 0.0585412 0.0570768 0.0553759 0.053673 0.0520184 0.0502003 0.0477457 0.044074 0.0387953 0.0320076 0.0243845
 0.00456151 0.0073906 0.0111151 0.0157635 0.0213329 0.0277163 0.0346208 0.0415731 0.0480221 0.0534622 0.0575186 0.0600005 0.0609294 0.0605225 0.0591229 0.0571101 0.0548249 0.0525084 0.0502364 0.0478557 0.0449793 0.0411122 0.0359122 0.0294604 0.0223484
 0.00483231 0.00780942 0.0117081 0.016548 0.0223239 0.0289326 0.0360823 0.0432858 0.0499572 0.0555413 0.0596142 0.0619546 0.0625828 0.0617415 0.0598131 0.0572141 0.0543115 0.051364 0.0484704 0.0455232 0.0422096 0.0381205 0.0329725 0.0268423 0.0202448
 0.00506411 0.00819897 0.012317 0.017439 0.0235454 0.0304962 0.0379443 0.0453485 0.0520941 0.0576296 0.0615541 0.0636651 0.0639867 0.0627565 0.0603558 0.0572122 0.0537137 0.0501452 0.0466389 0.0431362 0.0393953 0.0350882 0.0299913 0.0241817 0.0181019
 0.00536565 0.00867092 0.0129962 0.0183552 0.0247254 0.0319648 0.0397139 0.0473968 0.0543424 0.0599368 0.063737 0.0655409 0.0654155 0.06366 0.0607058 0.057003 0.0529407 0.0488025 0.0447351 0.0407211 0.0365873 0.032085 0.0270491 0.0215592 0.0159898
 0.00555315 0.00899422 0.0135166 0.0191406 0.0258351 0.0334266 0.0415039 0.0494367 0.0565165 0.0621156 0.0657919 0.0673458 0.0668481 0.0646132 0.061105 0.0568151 0.0521673 0.0474657 0.0428715 0.038395 0.033914 0.0292467 0.0242797 0.0190954 0.0140067
 0.00574962 0.00930238 0.0139625 0.019749 0.026635 0.034454 0.0427939 0.0510036 0.0583278 0.0640778 0.0677581 0.069146 0.0683265 0.0656524 0.0616314 0.0567912 0.0515836 0.0463361 0.0412345 0.0363218 0.0315219 0.026707 0.021804 0.0168945 0.0122355
 0.00601911 0.00972456 0.0145681 0.0205558 0.0276457 0.0356539 0.0441495 0.0524647 0.0598365 0.0655774 0.0691926 0.0704508 0.0694207 0.066444 0.0620334 0.0567393 0.0510447 0.045309 0.0397494 0.0344447 0.0293637 0.0244257 0.0195903 0.0149341 0.0106625
