SBPRF35
10.2604
Curr Bio
527843
B35
731661
F35
0.185781
FOFL
0.150766
OFL
73423.1
Bzero
2.93156e+006
#pred survey bio
 3.31732e+006 3.01068e+006 2.73631e+006 2.4827e+006 2.19856e+006 1.93003e+006 1.73156e+006 1.53797e+006 1.35494e+006 1.18116e+006 1.04458e+006 940229 856073 778065 724711 682528 643787 619999 603287 596703 594677 586596 584805 579277 576510 568414 563616 565181 560250 553836 541470 535915 528854 529432 527778 534481 545328 549147 555124 562468 568273 563259 561735 565347 574460 569587 568263 553771 520422 544814 585018 616100 597985 556313 525501 533945 2.12273e+007 1.3053e+007 1.35913e+007 1.46006e+007 1.58808e+007 1.72157e+007 1.84558e+007 1.95248e+007 2.04008e+007 2.10938e+007 2.16287e+007 2.20348e+007 2.23398e+007 2.25673e+007 2.27366e+007 2.28625e+007 2.29563e+007 2.30264e+007 2.3079e+007 2.31187e+007 2.31487e+007 2.31716e+007 2.31892e+007 2.32027e+007 2.32132e+007 2.32213e+007 2.32276e+007 2.32325e+007 2.32364e+007 2.32394e+007 2.32418e+007 2.32437e+007 2.32452e+007 2.32464e+007 2.32474e+007 2.32481e+007 2.32487e+007 2.32492e+007 2.32496e+007 2.32499e+007 2.32501e+007 2.32503e+007 2.32505e+007 2.32506e+007 2.32507e+007 2.32508e+007 2.32508e+007 2.32509e+007 2.32509e+007 2.3251e+007 2.3251e+007 2.3251e+007 2.3251e+007 2.3251e+007 2.32511e+007 2.32511e+007 2.32511e+007 2.32511e+007 2.32511e+007 2.32511e+007 2.32511e+007 2.32511e+007 2.32511e+007 2.32511e+007 2.32511e+007 2.32511e+007 2.32511e+007 2.32511e+007 2.32511e+007 2.32511e+007 2.32511e+007 2.32511e+007 2.32511e+007 2.32511e+007 2.32511e+007 2.32511e+007 2.32511e+007 2.32511e+007 2.32511e+007 2.32511e+007 2.32511e+007 2.32511e+007 2.32511e+007 2.32511e+007 2.32511e+007 2.32511e+007 2.32511e+007 2.32511e+007 2.32511e+007 2.32511e+007 2.32511e+007 2.32511e+007 2.32511e+007 2.32511e+007 2.32511e+007 2.32511e+007 2.32511e+007 2.32511e+007 2.32511e+007 2.32511e+007 0 0 0 0 0 0 0 0 0 0 0 0 0 0 0 0 0 0 0 0 0 0 0 0 0
#obs survey bio
 3.04415e+006 2.66297e+006 2.32805e+006 2.42224e+006 2.63923e+006 1.61293e+006 1.67688e+006 1.6479e+006 986435 1.36304e+006 1.07802e+006 821149 571586 784155 594726 594442 526167 622794 414981 610789 498960 941059 730300 659528 587989 562918 419867 509476 516847 482884 429886 669779 567208 577320 604490 627970 655338 708200 557643 448921 816164 562085 725545 643696 547371 614912 644843 543665 485612 522023 801056 824812 676078 557635 407135 452963
#pred catch bio
 280718 268191 267636 313084 315397 267138 274850 273997 270698 239971 212515 195005 188207 164690 152815 146817 130966 122730 113102 108929 113136 106294 107639 103364 105925 101634 95579.7 99978.1 99055.7 101043 92322.8 92762.7 88542.1 93576.9 88580.8 86665.6 93376.3 91678.1 90849.5 92378.8 100669 96408.4 91438.2 86813 98130.6 94082.4 104407 119028 71047.2 60901.8 70359.7 111432 129739 119896 88117 37962.2 73423.1 91205.2 93844 99664 107964 116830 125019 131960 137514 141777 144951 147259 148907 150067 150874 151431 151813 152073 152249 152368 152448 152502 152538 152562 152578 152589 152596 152601 152604 152606 152608 152609 152609 152610 152610 152610 152610 152610 152610 152610 152610 152610 152610 152610 152610 152610 152610 152610 152610 152610 152610 152610 152610 152610 152610 152610 152610 152610 152610 152610 152610 152610 152610 152610 152610 152610 152610 152610 152610 152610 152610 152610 152610 152610 152610 152610 152610 152610 152610 152610 152610 152610 152610 152610 152610 152610 152610 152610 152610 152610 152610 152610 152610 152610 152610 152610 152610 152610 152610 152610 0 0 0 0 0 0 0 0 0 0 0 0 0 0 0 0 0 0 0 0 0 0 0 0 0
#obs catch bio
 243507 269047 268671 316199 317794 268942 277736 276828 275153 242954 214486 196292 190837 166340 154948 149082 132773 123766 114423 110175 114824 107347 108470 104127 106460 102084 96427.6 101008 100136 101914 93157.6 93564.6 88802.1 93521.4 88290 86146.5 93066.2 91341.8 90439.6 92267.6 100244 95888.6 90768.2 86225.4 97648.3 93177 103087 118266 70507.4 60650.7 69825.1 110538 128167 118663 88349.7 37693.9
#pred cpue bio
 3.26643e+006 2.96242e+006 2.68983e+006 2.43706e+006 2.15455e+006 1.88776e+006 1.69023e+006 1.49797e+006 1.31656e+006 1.14473e+006 1.00991e+006 906974 823951 747325 695098 653947 616354 593463 577330 570878 568920 561231 559849 554852 552486 544841 540214 541795 537272 531483 519967 514985 507740 507171 504818 511339 522075 525916 531859 539054 544796 540151 538861 542496 551477 546876 545707 531433 498465 521982 561677 592671 574915 533351 502361 510309 2.03713e+007 1.25642e+007 1.29849e+007 1.38571e+007 1.50899e+007 1.64137e+007 1.76515e+007 1.87202e+007 1.95961e+007 2.0289e+007 2.0824e+007 2.12301e+007 2.1535e+007 2.17626e+007 2.19319e+007 2.20578e+007 2.21516e+007 2.22217e+007 2.22743e+007 2.23139e+007 2.2344e+007 2.23669e+007 2.23844e+007 2.2398e+007 2.24084e+007 2.24165e+007 2.24228e+007 2.24278e+007 2.24316e+007 2.24347e+007 2.24371e+007 2.2439e+007 2.24405e+007 2.24417e+007 2.24426e+007 2.24434e+007 2.2444e+007 2.24445e+007 2.24448e+007 2.24451e+007 2.24454e+007 2.24456e+007 2.24457e+007 2.24459e+007 2.2446e+007 2.2446e+007 2.24461e+007 2.24462e+007 2.24462e+007 2.24462e+007 2.24462e+007 2.24463e+007 2.24463e+007 2.24463e+007 2.24463e+007 2.24463e+007 2.24463e+007 2.24463e+007 2.24463e+007 2.24463e+007 2.24463e+007 2.24463e+007 2.24463e+007 2.24463e+007 2.24463e+007 2.24463e+007 2.24463e+007 2.24463e+007 2.24464e+007 2.24464e+007 2.24464e+007 2.24464e+007 2.24464e+007 2.24464e+007 2.24464e+007 2.24464e+007 2.24464e+007 2.24464e+007 2.24464e+007 2.24464e+007 2.24464e+007 2.24464e+007 2.24464e+007 2.24464e+007 2.24464e+007 2.24464e+007 2.24464e+007 2.24464e+007 2.24464e+007 2.24464e+007 2.24464e+007 2.24464e+007 2.24464e+007 2.24464e+007 2.24464e+007 2.24464e+007 2.24464e+007 2.24464e+007 2.24464e+007 2.24464e+007 0 0 0 0 0 0 0 0 0 0 0 0 0 0 0 0 0 0 0 0 0 0 0 0 0
#obs cpue bio
 2.37492e+006 2.01905e+006 2.48039e+006 1.78205e+006 2.25052e+006 1.62968e+006 1.42142e+006 1.31336e+006 1.14763e+006 994671 983275 1.07216e+006 751674 703426 554934 590246 594927 700353 532295 453812 500520 361008 493172 408710 630272 513033 420965 530377 456590 689420 472689 412779 614410 679568 518517 558078 412309 423963 599900 526780 558861 609106 548598 466634 637566 701900 687959 518904 514499 444348 616686 583886 656874 584188 389873 568438
#pred surv len freq
 0.0046992 0.00777829 0.0119806 0.0173639 0.0238199 0.0309589 0.0380991 0.0444576 0.0494508 0.052882 0.0548995 0.0558194 0.055969 0.0556137 0.0549397 0.0540616 0.0530382 0.0518829 0.0505426 0.0488426 0.0464449 0.0429093 0.0379016 0.0314686 0.024176
 0.0050303 0.00824357 0.0125503 0.0179769 0.0244163 0.0315243 0.0386867 0.0451646 0.0503555 0.0539785 0.0560753 0.0568917 0.0567572 0.0560071 0.0549279 0.0537179 0.0524716 0.0511818 0.049737 0.0479035 0.0453247 0.0415997 0.0364732 0.0300609 0.0229437
 0.00529955 0.00870693 0.0132887 0.0190647 0.0258855 0.0333208 0.04065 0.047062 0.0519688 0.0551924 0.0569022 0.0574166 0.0570495 0.056068 0.0547049 0.0531604 0.0515761 0.0499954 0.0483268 0.0463242 0.0436144 0.0398057 0.0346817 0.0283976 0.0215372
 0.00547534 0.00900621 0.0137666 0.0197868 0.0269203 0.0347207 0.0424217 0.0491375 0.0541918 0.0573375 0.0587306 0.0587471 0.057807 0.0562777 0.0544407 0.0524898 0.0505396 0.0486218 0.0466561 0.0444185 0.0415561 0.0376976 0.0326476 0.0265715 0.0200338
 0.0057517 0.00944882 0.0144209 0.0206928 0.0281079 0.0362028 0.0441842 0.0511323 0.0563359 0.0595138 0.0607885 0.0605108 0.0591011 0.0569684 0.0544701 0.0518802 0.0493659 0.0469767 0.0446318 0.042111 0.0390798 0.0351939 0.0302779 0.0244922 0.0183606
 0.00609322 0.00999717 0.0152326 0.0218139 0.0295634 0.0379817 0.0462265 0.0533299 0.0585537 0.0616205 0.0626765 0.0620938 0.0602977 0.0576907 0.0546317 0.0514199 0.0482719 0.0452938 0.042453 0.0395649 0.0363244 0.0324126 0.0276662 0.0222273 0.0165628
 0.00629918 0.0103455 0.0157815 0.0226254 0.0306896 0.039443 0.0479913 0.0553086 0.060615 0.0636215 0.0644904 0.0636244 0.061477 0.0584669 0.0549547 0.0512368 0.0475372 0.0439909 0.0406161 0.0372901 0.0337676 0.0297745 0.0251631 0.020051 0.0148391
 0.00652876 0.0107202 0.0163489 0.0234322 0.0317748 0.0408252 0.0496536 0.0571891 0.0626097 0.0655991 0.0663128 0.0651663 0.0626416 0.0591917 0.0552064 0.0509979 0.0467949 0.0427392 0.0388729 0.0351213 0.0313035 0.0272052 0.0227082 0.0179108 0.0131456
 0.00673985 0.011075 0.0169039 0.0242459 0.032894 0.0422646 0.0513765 0.0591043 0.064589 0.0675054 0.0680231 0.0665812 0.0636848 0.0598085 0.0553627 0.0506785 0.0459987 0.0414764 0.0371705 0.0330397 0.0289552 0.0247592 0.0203678 0.0158673 0.0115281
 0.00697377 0.0114586 0.0174877 0.0250794 0.0340167 0.0436906 0.0530775 0.0610013 0.0665599 0.069406 0.0697124 0.0679413 0.0646334 0.0603002 0.055383 0.0502332 0.0451051 0.0401594 0.0354676 0.0310142 0.0267112 0.0224475 0.0181694 0.0139541 0.0100167
 0.00723474 0.0118675 0.0180749 0.0258643 0.0350063 0.0448776 0.0544353 0.0624806 0.0680901 0.0709029 0.0710861 0.0691033 0.0655036 0.0608143 0.0554991 0.0499338 0.0443939 0.0390575 0.0340134 0.0292696 0.0247723 0.020448 0.0162669 0.0122972 0.00870682
 0.00746438 0.0122369 0.0186224 0.0266198 0.0359825 0.0460576 0.0557642 0.0638687 0.0694341 0.0721124 0.0721015 0.0698944 0.0660542 0.0611083 0.0555147 0.0496473 0.0437887 0.0381321 0.0327882 0.0277932 0.0231273 0.0187501 0.0146512 0.0108906 0.00759499
 0.00756043 0.0124138 0.0189265 0.027106 0.0366996 0.0470264 0.0569572 0.0652052 0.0707962 0.0733741 0.0731576 0.0706775 0.0665378 0.0612971 0.0554282 0.0493044 0.0432003 0.0373042 0.0317329 0.0265427 0.0217438 0.0173266 0.0132993 0.00971517 0.00666693
 0.00769699 0.0126294 0.0192402 0.0275346 0.0372586 0.0477292 0.0578094 0.0661944 0.0718813 0.0744821 0.0741902 0.0715307 0.0671265 0.061574 0.0553879 0.0489731 0.0426177 0.0365094 0.0307606 0.0254309 0.0205448 0.0161137 0.0121596 0.00873111 0.00589355
 0.00777831 0.0127581 0.0194275 0.0277882 0.0375821 0.0481208 0.0582617 0.0666966 0.0724234 0.0750561 0.0747852 0.0721223 0.0676697 0.0620073 0.055649 0.0490173 0.0424281 0.0360961 0.0301527 0.0246704 0.0196855 0.0152216 0.0113082 0.00798835 0.0053056
 0.00777874 0.0127715 0.0194707 0.0278843 0.0377536 0.0483801 0.0586031 0.0670962 0.0728478 0.075475 0.0751803 0.0724877 0.0680038 0.0623009 0.0558783 0.0491458 0.0424179 0.0359209 0.0298085 0.0241773 0.0190855 0.0145723 0.010674 0.00742762 0.0048581
 0.00781916 0.0128301 0.0195465 0.0279743 0.0378564 0.0485006 0.0587536 0.0672918 0.0730964 0.0757691 0.0754963 0.0727943 0.0682735 0.062517 0.0560331 0.0492321 0.0424226 0.0358264 0.0296008 0.0238565 0.0186721 0.0141062 0.010206 0.00700657 0.00451844
 0.00792562 0.0129753 0.0197136 0.0281301 0.0379615 0.0485245 0.0586888 0.0671584 0.0729366 0.0756343 0.0754319 0.0728259 0.0684007 0.0627158 0.0562657 0.0494581 0.0426062 0.0359386 0.0296208 0.0237749 0.0184959 0.0138601 0.00992792 0.00673765 0.00429115
 0.0080387 0.0131507 0.0199601 0.0284456 0.0383277 0.0489035 0.0590238 0.0673847 0.0730038 0.0755294 0.0751891 0.0725153 0.068101 0.0624866 0.0561318 0.0494101 0.0426118 0.0359572 0.0296153 0.0237203 0.018383 0.0136973 0.00973761 0.00654818 0.00412731
 0.00803307 0.013151 0.0199778 0.0284968 0.0384284 0.0490615 0.0592312 0.067615 0.0732155 0.0756774 0.075239 0.0724574 0.0679558 0.0622992 0.0559546 0.0492827 0.0425482 0.035945 0.0296255 0.0237212 0.0183523 0.0136284 0.00963922 0.00643847 0.00402538
 0.00794206 0.0130155 0.0197978 0.0282826 0.0382006 0.0488485 0.059066 0.0675287 0.0732285 0.0757895 0.0754256 0.072676 0.0681614 0.062461 0.0560658 0.0493579 0.0426107 0.036012 0.0296992 0.0237899 0.0183997 0.0136434 0.00962181 0.0063986 0.00397739
 0.00785277 0.0128816 0.0196176 0.0280633 0.0379573 0.048603 0.0588447 0.0673604 0.0731397 0.0757975 0.0755322 0.0728646 0.0684 0.0627105 0.0562913 0.049539 0.0427445 0.0361089 0.0297725 0.0238477 0.0184421 0.0136667 0.00962435 0.00638412 0.00395375
 0.00779564 0.0127762 0.0194373 0.0277788 0.0375484 0.048074 0.0582362 0.0667474 0.0726128 0.0754363 0.0753845 0.0729386 0.0686686 0.0631226 0.0567842 0.0500509 0.0432264 0.0365301 0.0301209 0.0241234 0.0186509 0.0138156 0.00972145 0.00643945 0.00397929
 0.00776452 0.0127292 0.0193722 0.0276926 0.0374343 0.0479184 0.0580209 0.0664585 0.0722543 0.0750404 0.0750098 0.072654 0.0685304 0.0631554 0.0569759 0.0503605 0.0435987 0.0369117 0.0304712 0.0244186 0.0188821 0.0139844 0.00983543 0.00650938 0.0040172
 0.00775789 0.0127086 0.0193235 0.0275982 0.0372785 0.0476961 0.0577426 0.0661475 0.0719379 0.0747404 0.0747412 0.0724319 0.068377 0.0630989 0.0570392 0.050548 0.0438902 0.0372672 0.0308428 0.0247641 0.0191735 0.0142093 0.00999477 0.00661271 0.00407804
 0.00784867 0.0128424 0.0194984 0.027801 0.0374858 0.047877 0.0578637 0.0661794 0.0718627 0.0745586 0.0744728 0.0721102 0.0680408 0.0627863 0.0567849 0.0503802 0.0438242 0.0372999 0.0309527 0.0249177 0.0193358 0.0143538 0.0101071 0.00669024 0.00412574
 0.0078479 0.0128532 0.019536 0.0278849 0.0376316 0.0480854 0.0581121 0.0664235 0.0720492 0.074643 0.0744334 0.0719532 0.0677947 0.0624925 0.0564877 0.050119 0.0436287 0.0371861 0.0309205 0.0249519 0.019411 0.014443 0.0101892 0.00675375 0.00416827
 0.00769491 0.0126266 0.0192372 0.0275324 0.0372597 0.0477387 0.0578383 0.0662638 0.0720266 0.0747521 0.0746389 0.0722015 0.0680337 0.0626879 0.0566302 0.0502203 0.0437117 0.0372737 0.0310275 0.0250807 0.0195526 0.0145819 0.01031 0.00684698 0.00423219
 0.00756422 0.0124221 0.0189454 0.0271497 0.0367963 0.0472241 0.0573237 0.0658175 0.0717179 0.0746307 0.0747179 0.0724539 0.0684021 0.063104 0.057034 0.0505738 0.0440028 0.0375106 0.0312274 0.0252589 0.0197162 0.0147291 0.0104346 0.00694355 0.00429972
 0.00743767 0.0122221 0.0186558 0.0267605 0.0363075 0.0466504 0.0566996 0.0651983 0.0711732 0.0742305 0.0745172 0.0724793 0.0686454 0.0635231 0.0575638 0.0511428 0.0445503 0.0379984 0.0316407 0.0255996 0.0199932 0.0149506 0.010606 0.00706911 0.00438501
 0.00745776 0.0122346 0.0186375 0.0266777 0.0361257 0.0463481 0.0562809 0.0646961 0.0706413 0.0737306 0.0741074 0.0722072 0.0685425 0.0635998 0.057805 0.0515097 0.0449886 0.0384518 0.0320644 0.0259667 0.0202939 0.015186 0.0107827 0.00719502 0.00446908
 0.00791117 0.0128672 0.0193954 0.0274432 0.036747 0.0466903 0.0562688 0.0643301 0.069986 0.0728901 0.0732009 0.0713481 0.0678229 0.0630797 0.0575084 0.051426 0.0450802 0.0386639 0.0323378 0.0262502 0.0205515 0.0153989 0.0109454 0.00731095 0.00454592
 0.00839775 0.0136447 0.0205321 0.0289724 0.0386354 0.0488027 0.0583538 0.0660568 0.0710394 0.0730829 0.0725382 0.0700097 0.0660824 0.0612139 0.0557359 0.0498852 0.0438339 0.0377168 0.0316569 0.0257836 0.0202446 0.0152042 0.0108266 0.00724189 0.00450837
 0.00829308 0.0135667 0.0205848 0.0293079 0.0394122 0.0501172 0.0601764 0.0682071 0.0732158 0.074935 0.0737565 0.070406 0.0656367 0.0600692 0.0541425 0.0481206 0.0421319 0.0362308 0.0304566 0.0248743 0.0195926 0.0147594 0.0105377 0.00706388 0.00440516
 0.00809283 0.0132611 0.0201683 0.0288057 0.0388945 0.0497093 0.0600502 0.0685397 0.0741155 0.0763671 0.0755155 0.0721633 0.0670459 0.0608797 0.05427 0.0476492 0.0412591 0.0351871 0.0294369 0.0240024 0.0189191 0.0142813 0.0102224 0.00686997 0.00429391
 0.00802863 0.0131286 0.0199188 0.0283817 0.0382513 0.0488482 0.0590485 0.0675577 0.0733691 0.076069 0.075804 0.0730425 0.0683657 0.0623714 0.0556315 0.0486449 0.0417872 0.0352865 0.0292402 0.0236671 0.0185722 0.0139956 0.010021 0.00674459 0.00422385
 0.00794628 0.0130037 0.0197452 0.0281541 0.0379591 0.0484708 0.0585594 0.0669427 0.0726541 0.0753421 0.0752124 0.0727542 0.0685049 0.0629585 0.0565597 0.049712 0.0427703 0.036022 0.0296691 0.0238283 0.0185593 0.0139054 0.0099216 0.0066682 0.00417646
 0.00790987 0.0129471 0.0196651 0.0280497 0.0378322 0.0483246 0.058396 0.0667586 0.0724371 0.0750768 0.0748966 0.0724198 0.0682269 0.0628355 0.0566695 0.0500653 0.0432946 0.0365893 0.0301526 0.0241524 0.0187168 0.0139391 0.00989029 0.00661914 0.00413502
 0.00793192 0.0129677 0.0196685 0.0280126 0.0377316 0.0481484 0.0581518 0.066473 0.0721461 0.0748108 0.0746703 0.0722337 0.06808 0.0627408 0.0566591 0.0501766 0.0435432 0.0369482 0.0305545 0.0245185 0.0189905 0.0141044 0.00996626 0.00663998 0.00413144
 0.00785284 0.01286 0.0195437 0.0278918 0.0376353 0.0480841 0.0581063 0.0664176 0.0720527 0.0746692 0.0744943 0.0720534 0.0679267 0.0626371 0.0566189 0.0502111 0.0436616 0.0371494 0.0308178 0.024803 0.019249 0.0143027 0.0100938 0.0067077 0.00415993
 0.007719 0.0126562 0.0192642 0.0275437 0.0372412 0.0476815 0.0577436 0.0661441 0.0719018 0.0746446 0.0745689 0.072184 0.0680756 0.0627858 0.0567688 0.0503747 0.0438527 0.0373758 0.0310758 0.0250755 0.0195089 0.0145227 0.0102575 0.00681381 0.00421952
 0.00773978 0.0126746 0.019264 0.0275016 0.0371346 0.0475006 0.0575008 0.0658747 0.0716541 0.0744628 0.0744782 0.0721829 0.0681401 0.0628823 0.0568693 0.0504669 0.0439407 0.0374722 0.0311915 0.0252115 0.0196548 0.0146614 0.0103726 0.0068968 0.00427132
 0.00776125 0.0127053 0.0193014 0.0275382 0.0371569 0.0474894 0.0574345 0.0657369 0.0714436 0.0742011 0.0742081 0.0719555 0.0679957 0.0628361 0.05691 0.0505669 0.0440713 0.0376142 0.0313366 0.025357 0.0197968 0.0147922 0.0104831 0.00698051 0.00432746
 0.00775516 0.0126926 0.0192773 0.0274966 0.0370917 0.0473969 0.0573143 0.0655918 0.0712779 0.0740205 0.0740216 0.0717795 0.0678543 0.0627555 0.0569086 0.0506466 0.044217 0.0378009 0.0315388 0.0255553 0.0199787 0.0149496 0.0106106 0.00707587 0.0043923
 0.00764323 0.0125261 0.0190555 0.0272288 0.0367946 0.0470896 0.0570153 0.0653183 0.0710456 0.0738429 0.0739083 0.0717343 0.0678767 0.062843 0.0570585 0.0508553 0.0444764 0.0380954 0.0318468 0.0258534 0.0202472 0.0151751 0.0107873 0.0072043 0.00447814
 0.00766483 0.0125527 0.0190799 0.0272406 0.0367837 0.0470522 0.0569574 0.0652526 0.0709844 0.0737905 0.0738588 0.0716774 0.0678057 0.0627609 0.0569778 0.0507937 0.0444502 0.0381139 0.0319089 0.0259486 0.020359 0.0152867 0.0108854 0.00728141 0.00453269
 0.00777461 0.0127065 0.0192654 0.0274298 0.03694 0.0471416 0.0569597 0.0651665 0.0708267 0.0735905 0.0736496 0.0714865 0.0676484 0.0626396 0.0568879 0.0507306 0.0444136 0.038107 0.0319342 0.0260034 0.0204347 0.0153705 0.0109647 0.00734712 0.00458093
 0.00794786 0.0129902 0.0196937 0.0280282 0.0377113 0.0480486 0.0579139 0.0660381 0.0714787 0.0739229 0.0736299 0.071151 0.0670793 0.0619337 0.056132 0.0499905 0.0437332 0.0375135 0.0314426 0.025619 0.0201531 0.0151791 0.010845 0.0072788 0.00454568
 0.0081236 0.0132952 0.0201872 0.0287737 0.038758 0.0494017 0.0595079 0.0677289 0.0730661 0.0751948 0.0744127 0.0713481 0.0666891 0.0610434 0.0548888 0.048562 0.0422724 0.0361379 0.0302288 0.0246078 0.0193565 0.0145873 0.0104326 0.007011 0.00438463
 0.00774304 0.0127052 0.0193572 0.0277071 0.0375055 0.0480736 0.0582758 0.0668025 0.0726365 0.0753666 0.0751592 0.0725174 0.0680559 0.06238 0.056025 0.0494143 0.042839 0.0364712 0.0304019 0.0246878 0.0193923 0.0146073 0.0104492 0.00702716 0.00439924
 0.00750488 0.0122848 0.0186662 0.026651 0.0360164 0.0461582 0.0560574 0.0645253 0.0706205 0.0739266 0.0745227 0.0727691 0.0691213 0.064051 0.0580193 0.0514496 0.0446968 0.0380285 0.0316256 0.025606 0.0200597 0.0150809 0.0107764 0.00724505 0.00453689
 0.00758658 0.012377 0.0187267 0.0266071 0.0357733 0.0456198 0.0551542 0.0632445 0.0690322 0.0721957 0.0728929 0.0715116 0.0684612 0.0640978 0.0587346 0.0526648 0.0461724 0.0395271 0.0329703 0.0267035 0.0208912 0.0156743 0.0111792 0.00750546 0.00469646
 0.0079791 0.0130071 0.0196545 0.0278682 0.0373527 0.0474208 0.056977 0.0648033 0.0700209 0.0723834 0.0722055 0.0700627 0.0665219 0.0620192 0.056849 0.0512003 0.0452098 0.0390124 0.0327704 0.0266729 0.0209199 0.0157037 0.0111915 0.00750398 0.00468966
 0.00828571 0.0135367 0.0205072 0.0291504 0.0391453 0.0497299 0.0596874 0.067664 0.0726795 0.0744598 0.0733771 0.0701392 0.0654931 0.0600637 0.0542933 0.0484348 0.0425889 0.0367765 0.0310178 0.0253838 0.0200101 0.0150758 0.0107653 0.00722233 0.00451215
 0.00825807 0.0135357 0.0205894 0.0294027 0.0396719 0.0506256 0.0610058 0.0693894 0.0747092 0.0766003 0.0753614 0.0716709 0.0663134 0.0600227 0.0533986 0.0468548 0.040605 0.0347016 0.0291129 0.0238066 0.0188093 0.0142216 0.0101904 0.0068542 0.00428851
 0.00770989 0.0127046 0.0194551 0.0279991 0.0380935 0.0490291 0.0596043 0.0684292 0.074417 0.0771127 0.076667 0.073594 0.068548 0.0622064 0.0552037 0.04807 0.0411795 0.0347353 0.0287976 0.0233477 0.018363 0.0138696 0.00995024 0.00670745 0.00420608
#obs surv len freq
 0.00497202 0.00814466 0.0123894 0.0177197 0.0240087 0.0308894 0.0377341 0.043818 0.0485901 0.0518507 0.0537202 0.0544863 0.0544702 0.0539693 0.0532436 0.0525057 0.0518992 0.0514582 0.0510438 0.0502868 0.0486053 0.0453687 0.0402003 0.033269 0.0253566
 0.00518433 0.00849186 0.012916 0.018469 0.0250153 0.0321668 0.0392613 0.0455331 0.0503974 0.0536365 0.0553697 0.0558937 0.0555437 0.0546335 0.0534408 0.0521993 0.0510793 0.050148 0.0493053 0.0482243 0.0463626 0.043118 0.0381179 0.0315018 0.0239903
 0.00540058 0.00884635 0.0134551 0.0192382 0.026051 0.0334831 0.0408365 0.0473042 0.0522692 0.0554984 0.0571118 0.0574152 0.0567549 0.0554556 0.0538063 0.0520545 0.0503897 0.0489079 0.0475515 0.0460481 0.0439153 0.0405993 0.0357447 0.0294624 0.0224001
 0.00563971 0.00923658 0.0140452 0.0200748 0.02717 0.034896 0.0425162 0.04918 0.0542364 0.0574385 0.058911 0.0589748 0.0579929 0.0563037 0.0542058 0.0519537 0.0497459 0.0476977 0.0457879 0.0438024 0.0413308 0.0378866 0.0331479 0.027203 0.0206223
 0.005895 0.00965471 0.0146801 0.0209784 0.0283817 0.0364265 0.0443313 0.0511955 0.0563309 0.0594777 0.0607707 0.0605529 0.0592117 0.0571057 0.0545472 0.0517974 0.0490586 0.046455 0.0439921 0.0415075 0.0386661 0.0350589 0.030411 0.0247985 0.0187148
 0.00612511 0.0100361 0.0152677 0.0218281 0.0295396 0.0379112 0.0461159 0.0532011 0.0584374 0.0615468 0.0626692 0.0621674 0.0604549 0.0579161 0.0548843 0.0516335 0.0483723 0.0452313 0.0422344 0.0392622 0.0360487 0.0322629 0.027684 0.0223841 0.016786
 0.00637174 0.0104365 0.0158696 0.0226764 0.0306692 0.0393348 0.0478104 0.0551004 0.0604386 0.0635274 0.0645042 0.0637435 0.0616784 0.0587169 0.0552158 0.0514677 0.0476936 0.0440335 0.0405283 0.037095 0.0335277 0.0295679 0.0250476 0.0200402 0.0149048
 0.0066056 0.0108205 0.0164543 0.0235105 0.031789 0.0407485 0.0494826 0.0569494 0.0623504 0.0653793 0.0661858 0.0651643 0.0627673 0.0594185 0.0554879 0.0512805 0.0470282 0.0428836 0.0389064 0.035048 0.0311568 0.0270384 0.0225735 0.0178376 0.013133
 0.00685373 0.0112272 0.0170724 0.0243905 0.0329682 0.0422344 0.0512359 0.0588782 0.0643241 0.0672547 0.0678336 0.0664855 0.0636979 0.059925 0.055558 0.0509125 0.0462244 0.0416494 0.0372596 0.0330349 0.0288712 0.0246311 0.0202378 0.0157678 0.0114718
 0.00706232 0.0115734 0.0176066 0.0251637 0.0340216 0.0435824 0.0528489 0.0606766 0.0661888 0.06905 0.0694299 0.0677754 0.0646041 0.0604032 0.0555936 0.0505125 0.0454074 0.0404394 0.035688 0.0311529 0.0267669 0.0224387 0.0181262 0.0139057 0.0099817
 0.00727295 0.011915 0.0181192 0.0258846 0.0349788 0.0447838 0.0542707 0.0622572 0.0678344 0.0706496 0.0708716 0.0689593 0.0654511 0.0608604 0.0556355 0.0501386 0.0446358 0.0393011 0.0342251 0.0294248 0.0248607 0.0204758 0.0162532 0.0122652 0.00867521
 0.0074365 0.0121883 0.0185437 0.0265026 0.0358231 0.0458631 0.0555555 0.0636774 0.0692924 0.0720416 0.0721052 0.0699611 0.0661661 0.0612492 0.0556738 0.0498175 0.0439626 0.0382986 0.0329325 0.0279009 0.0231894 0.0187675 0.014635 0.0108571 0.00755957
 0.00750953 0.0123066 0.0187224 0.026758 0.036174 0.046329 0.0561524 0.0644104 0.0701478 0.0729822 0.0730717 0.0708801 0.0669617 0.0618536 0.0560334 0.0498952 0.0437386 0.0377717 0.0321228 0.0268534 0.0219766 0.0174874 0.0133992 0.00976973 0.00669246
 0.00760642 0.012456 0.018932 0.0270299 0.0365051 0.0467124 0.0565789 0.0648703 0.0706335 0.0734894 0.0735964 0.0714111 0.0674735 0.062305 0.0563725 0.0500696 0.0437047 0.037503 0.0316156 0.0261315 0.0210936 0.0165236 0.0124495 0.00892374 0.00601295
 0.00769218 0.0125919 0.0191294 0.0272958 0.0368393 0.0471045 0.0570063 0.0653007 0.0710338 0.0738364 0.0738842 0.0716492 0.0676776 0.0624835 0.0565179 0.0501556 0.0436926 0.0373534 0.0313016 0.0256505 0.0204734 0.0158209 0.0117392 0.00828 0.00549009
 0.00774668 0.0126783 0.0192553 0.0274669 0.0370581 0.0473688 0.0573072 0.0656215 0.0713517 0.0741273 0.0741282 0.0718361 0.0678084 0.0625681 0.056567 0.050172 0.0436652 0.0372585 0.0311122 0.0253494 0.0200658 0.0153387 0.0112349 0.00781128 0.00510238
 0.00777539 0.01272 0.019309 0.0275292 0.0371251 0.0474388 0.0573825 0.0657081 0.0714561 0.0742533 0.0742739 0.0719934 0.0679652 0.0627123 0.0566892 0.0502655 0.0437225 0.0372674 0.0310561 0.0252135 0.0198466 0.0150515 0.0109133 0.00749784 0.00483409
 0.00783601 0.0128099 0.019428 0.0276708 0.0372775 0.0475878 0.0575138 0.0658103 0.0715237 0.0742887 0.0742872 0.0719983 0.0679732 0.0627286 0.0567115 0.0502862 0.0437314 0.0372528 0.0310054 0.0251155 0.0196963 0.0148555 0.0106913 0.0072777 0.0046424
 0.00785604 0.0128405 0.0194704 0.027724 0.0373384 0.0476506 0.0575703 0.0658518 0.0715435 0.0742857 0.0742672 0.0719732 0.0679569 0.0627318 0.0567385 0.050333 0.0437871 0.0373022 0.0310324 0.0251065 0.019644 0.0147617 0.0105684 0.00714528 0.00452066
 0.00788523 0.0128835 0.0195267 0.0277903 0.0374093 0.0477199 0.0576323 0.0659014 0.0715762 0.0742978 0.0742576 0.0719442 0.0679156 0.0626883 0.0567035 0.050314 0.043785 0.0373111 0.0310409 0.0251017 0.0196158 0.0147071 0.0104926 0.00706018 0.00443999
 0.00791396 0.0129266 0.0195846 0.0278607 0.0374872 0.0477981 0.0577028 0.065956 0.0716086 0.0743054 0.0742418 0.0719098 0.0678687 0.0626358 0.0566521 0.0502699 0.0437528 0.0372914 0.0310296 0.0250908 0.0195967 0.0146744 0.0104469 0.00700717 0.00438818
 0.00791668 0.012931 0.0195913 0.02787 0.037499 0.0478117 0.0577163 0.0659671 0.0716149 0.0743057 0.0742362 0.0719001 0.0678574 0.0626254 0.0566448 0.0502673 0.0437557 0.0372998 0.0310415 0.0251021 0.0196021 0.0146696 0.0104307 0.0069827 0.0043608
 0.00790114 0.012903 0.0195443 0.0277972 0.0373957 0.0476794 0.0575651 0.0658151 0.0714838 0.0742139 0.0741943 0.0719091 0.0679108 0.0627126 0.0567537 0.0503868 0.0438767 0.0374152 0.0311461 0.0251914 0.0196724 0.0147188 0.0104593 0.00699393 0.00436039
 0.00790405 0.0129026 0.019534 0.0277675 0.0373362 0.0475824 0.0574298 0.0656496 0.0713047 0.0740434 0.0740562 0.0718226 0.0678868 0.0627508 0.0568442 0.0505137 0.0440229 0.0375651 0.0312875 0.0253157 0.0197741 0.0147953 0.0105111 0.00702454 0.00437517
 0.00790241 0.0128982 0.0195242 0.027748 0.0373014 0.0475263 0.0573474 0.0655384 0.0711677 0.07389 0.0739025 0.0716892 0.0677941 0.0627136 0.056868 0.0505935 0.0441449 0.0377114 0.0314397 0.0254585 0.0198967 0.014892 0.0105808 0.00706979 0.00440125
 0.0078853 0.0128702 0.0194818 0.0276878 0.0372212 0.0474262 0.0572305 0.065411 0.0710377 0.0737656 0.0737908 0.0715978 0.0677311 0.0626881 0.0568874 0.0506609 0.0442564 0.0378558 0.031601 0.0256191 0.0200418 0.0150115 0.0106706 0.00713121 0.00443916
 0.00785935 0.0128274 0.0194164 0.0275944 0.0370967 0.0472715 0.0570529 0.0652243 0.0708596 0.0736132 0.0736772 0.0715297 0.06771 0.062712 0.0569532 0.0507651 0.0443945 0.0380204 0.0317808 0.0258 0.0202091 0.0151535 0.0107807 0.00720906 0.00448907
 0.00781395 0.0127556 0.0193121 0.0274536 0.0369183 0.047059 0.056816 0.0649794 0.0706277 0.0734166 0.0735348 0.071454 0.0677054 0.062775 0.0570745 0.0509322 0.0445943 0.03824 0.0320076 0.0260207 0.0204106 0.0153248 0.0109153 0.00730588 0.00455251
 0.00781565 0.0127488 0.0192844 0.0273881 0.0367986 0.0468766 0.0565765 0.0647034 0.0703456 0.0731597 0.0733291 0.071317 0.0676456 0.0627932 0.0571648 0.0510829 0.04479 0.0384641 0.032243 0.0262515 0.0206224 0.0155063 0.0110593 0.00741103 0.00462256
 0.00779147 0.0127124 0.0192345 0.027324 0.0367179 0.0467739 0.0564436 0.0645331 0.0701381 0.0729276 0.0730975 0.0711175 0.0675071 0.0627343 0.0571906 0.0511868 0.0449571 0.0386748 0.0324764 0.0264872 0.0208426 0.015697 0.0112122 0.00752371 0.00469844
 0.00774775 0.012642 0.0191303 0.0271807 0.0365347 0.0465566 0.0562061 0.0642952 0.0699194 0.0727423 0.0729518 0.0710138 0.0674492 0.0627294 0.0572467 0.0513077 0.0451383 0.0389032 0.0327325 0.0267491 0.0210894 0.0159121 0.0113852 0.00765162 0.00478492
 0.0093308 0.0148556 0.0217969 0.0299132 0.038849 0.0480517 0.0567062 0.063877 0.0688285 0.0712698 0.0713428 0.0694324 0.0659866 0.0614278 0.0561223 0.0503645 0.0443743 0.0383103 0.0322958 0.0264467 0.0208949 0.0157976 0.011325 0.00762464 0.00477558
 0.0093174 0.0151273 0.0227227 0.0319502 0.0423425 0.0529659 0.062454 0.0694157 0.0730308 0.0733687 0.0711859 0.0674218 0.0628026 0.0577381 0.0524163 0.0469284 0.0413427 0.0357299 0.0301688 0.024752 0.0195964 0.0148472 0.0106657 0.00719466 0.00451424
 0.00897828 0.0145937 0.0219745 0.0310373 0.0414387 0.0524045 0.0626879 0.0708556 0.0757983 0.077114 0.075131 0.0706566 0.0646649 0.0580433 0.0514253 0.0451328 0.0392329 0.0336623 0.0283437 0.0232512 0.0184304 0.0139891 0.0100694 0.00680598 0.00427843
 0.00878658 0.0142754 0.0214839 0.030331 0.040493 0.0512466 0.0614366 0.0697483 0.0751721 0.0773128 0.076351 0.0728013 0.0673131 0.0605855 0.0533103 0.0460774 0.0392778 0.0330721 0.0274448 0.02231 0.0176065 0.0133473 0.00961286 0.00650658 0.00409722
 0.00874859 0.0142001 0.0213445 0.0300922 0.040116 0.0507012 0.060716 0.0688864 0.0742597 0.0765066 0.0758616 0.0728409 0.0680034 0.0618685 0.0549261 0.0476484 0.0404629 0.0336979 0.0275406 0.0220423 0.017176 0.0129109 0.00925623 0.00625448 0.00393858
 0.00869775 0.0141239 0.0212409 0.0299605 0.0399532 0.050497 0.0604517 0.0685399 0.0738178 0.0759836 0.0753153 0.0723784 0.0677649 0.0619806 0.0554381 0.0484859 0.0414364 0.0345762 0.028148 0.0223213 0.0171828 0.0127595 0.0090567 0.00607758 0.00381198
 0.00869392 0.01411 0.0212063 0.0298917 0.0398383 0.0503322 0.060244 0.0683041 0.0735681 0.0757251 0.0750464 0.0721049 0.0675166 0.0618191 0.0554405 0.0487063 0.0418663 0.0351311 0.0286975 0.0227466 0.0174257 0.0128336 0.00902091 0.00599749 0.00373337
 0.00866342 0.0140673 0.0211541 0.0298354 0.0397824 0.050276 0.0601799 0.0682205 0.0734554 0.075582 0.0748804 0.0719283 0.0673444 0.061671 0.0553464 0.0487036 0.0419846 0.0353699 0.0290145 0.0230703 0.0176867 0.0129947 0.00908603 0.00599778 0.00370503
 0.00868386 0.0140923 0.021177 0.029846 0.0397709 0.0502381 0.0601203 0.0681499 0.0733845 0.0755142 0.0748107 0.0718481 0.067249 0.061565 0.0552447 0.0486298 0.0419647 0.0354223 0.0291378 0.0232391 0.0178601 0.0131346 0.00917301 0.00603488 0.00370919
 0.00868475 0.0140979 0.0211923 0.0298767 0.03982 0.0503018 0.0601857 0.0681991 0.073401 0.0754911 0.0747523 0.0717652 0.0671527 0.0614627 0.0551424 0.0485363 0.0418935 0.0353884 0.0291508 0.023296 0.0179438 0.0132209 0.00924139 0.00607644 0.00372678
 0.00864114 0.0140336 0.0211084 0.0297793 0.0397197 0.0502119 0.0601196 0.0681664 0.0734046 0.0755246 0.0748021 0.0718159 0.067193 0.0614881 0.0551543 0.04854 0.0418967 0.0354 0.029179 0.0233443 0.0180082 0.0132905 0.00930326 0.00612182 0.00375382
 0.00862859 0.0140104 0.0210686 0.0297167 0.0396305 0.0500986 0.0599935 0.0680467 0.0733131 0.0754778 0.0748055 0.0718625 0.0672667 0.0615705 0.0552307 0.0486026 0.0419453 0.0354397 0.0292171 0.0233866 0.0180565 0.0133415 0.00935082 0.0061599 0.0037797
 0.00862906 0.0140084 0.0210604 0.0296965 0.0395918 0.0500359 0.0599049 0.0679359 0.0731907 0.0753604 0.0747122 0.0718097 0.0672624 0.0616114 0.055304 0.0486916 0.042035 0.0355214 0.0292883 0.0234492 0.0181131 0.0133927 0.00939521 0.00619521 0.00380471
 0.00863305 0.0140161 0.021074 0.0297181 0.0396217 0.0500709 0.0599371 0.0679541 0.0731834 0.0753215 0.0746442 0.071724 0.067176 0.0615416 0.0552622 0.0486801 0.0420485 0.0355503 0.0293237 0.0234853 0.0181473 0.0134241 0.00942291 0.00621799 0.00382167
 0.00862037 0.0139965 0.0210463 0.0296826 0.0395804 0.0500276 0.0598973 0.0679234 0.0731652 0.0753147 0.0746432 0.071722 0.0671691 0.061531 0.0552542 0.0486825 0.0420661 0.0355829 0.0293668 0.0235323 0.0181926 0.0134641 0.00945579 0.00624322 0.00383956
 0.00862037 0.0139965 0.0210463 0.0296826 0.0395804 0.0500276 0.0598973 0.0679234 0.0731652 0.0753147 0.0746432 0.071722 0.0671691 0.061531 0.0552542 0.0486825 0.0420661 0.0355829 0.0293668 0.0235323 0.0181926 0.0134641 0.00945579 0.00624322 0.00383956
 0.00882995 0.0143275 0.0215249 0.0303218 0.0403728 0.0509359 0.0608481 0.0688126 0.0738793 0.0757607 0.0747721 0.0715359 0.0667126 0.0608756 0.0544817 0.0478719 0.0412837 0.0348769 0.0287652 0.0230458 0.0178184 0.0131909 0.00926745 0.00612158 0.0037666
 0.00894817 0.014537 0.0218709 0.030854 0.0411296 0.0519214 0.0620119 0.0700465 0.0750376 0.0766953 0.0753663 0.071726 0.066494 0.0602976 0.0536327 0.0468596 0.0402159 0.0338457 0.0278385 0.0222641 0.0171973 0.0127261 0.00894074 0.00590703 0.00363583
 0.00851825 0.0138656 0.0209169 0.0296109 0.0396425 0.050303 0.0604484 0.0687738 0.0742808 0.0765936 0.0759241 0.0728156 0.0679046 0.0618016 0.0550413 0.0480531 0.0411474 0.0345256 0.0283102 0.022581 0.0174072 0.0128647 0.00903187 0.00596578 0.0036722
 0.00834948 0.0135511 0.0203715 0.0287368 0.0383602 0.0485991 0.0584177 0.0666281 0.0723114 0.0750999 0.0751383 0.0728465 0.0687165 0.0632289 0.0568379 0.0499579 0.0429437 0.0360747 0.0295546 0.0235255 0.018092 0.0133417 0.00935113 0.00616986 0.00379552
 0.00835934 0.0135534 0.020346 0.0286468 0.0381497 0.0481965 0.0577493 0.0656462 0.0710305 0.0736269 0.0736719 0.0716361 0.0679898 0.0631206 0.0573488 0.0509622 0.0442366 0.0374381 0.0308129 0.0245742 0.0188962 0.0139166 0.00973706 0.00641386 0.00394044
 0.0088077 0.014268 0.0213903 0.0300573 0.0399133 0.0502207 0.0598407 0.0675196 0.0723662 0.0741593 0.0732746 0.0703665 0.0660781 0.0609066 0.0551868 0.049128 0.0428696 0.036539 0.0302868 0.0242928 0.0187478 0.0138292 0.00967604 0.00636786 0.00390721
 0.00901636 0.0146513 0.0220468 0.0311007 0.0414387 0.0522531 0.0622872 0.070156 0.0748715 0.0761838 0.0745156 0.0706314 0.0653274 0.059268 0.0529309 0.0466029 0.040413 0.0343998 0.0285873 0.0230387 0.017872 0.0132397 0.00928965 0.0061217 0.00375686
 0.00898477 0.0146158 0.0220266 0.0311347 0.041589 0.0526034 0.0629287 0.0711584 0.0762402 0.0778234 0.0762225 0.0721307 0.066345 0.0596107 0.0525441 0.0455842 0.0389783 0.0328143 0.0270887 0.0217829 0.0169184 0.0125723 0.00885284 0.00585156 0.00359849
 0.00876913 0.0142648 0.0215008 0.030406 0.0406583 0.0515232 0.0618214 0.0702114 0.0756684 0.0778067 0.0768422 0.0733295 0.0679283 0.0612927 0.0540271 0.0466442 0.0395236 0.0328929 0.0268459 0.0213927 0.0165233 0.0122533 0.00863275 0.00571719 0.00352411
#pred catch len freq
 0.00510519 0.0080606 0.0117203 0.0159723 0.0207334 0.0259276 0.0314086 0.0369246 0.0421684 0.0468579 0.0507841 0.0538275 0.0559619 0.057246 0.0577942 0.057741 0.0572146 0.0563115 0.0550505 0.0533006 0.0507336 0.0468936 0.0414301 0.0344015 0.0264304
 0.00551941 0.00864803 0.0124494 0.0167711 0.0215245 0.0266762 0.0321494 0.0377417 0.0431343 0.0479699 0.0519401 0.0548574 0.0566956 0.0575785 0.0577164 0.0573269 0.056574 0.0555332 0.0541622 0.0522681 0.0495035 0.0454569 0.039864 0.0328589 0.0250803
 0.00584586 0.0091747 0.0132299 0.0178401 0.022878 0.0282502 0.0338142 0.0393306 0.0445055 0.0490626 0.0527807 0.0555069 0.0571784 0.0578497 0.0576899 0.0569342 0.0558073 0.0544434 0.0528218 0.050735 0.0478162 0.0436622 0.0380506 0.0311593 0.0236328
 0.00612581 0.00961815 0.0138785 0.0187323 0.0240498 0.0297303 0.0356042 0.0413772 0.0466781 0.0511612 0.0545836 0.0568391 0.0579617 0.0580994 0.057466 0.0562893 0.0547699 0.0530358 0.0510843 0.0487341 0.0456414 0.0414246 0.0358838 0.0292085 0.0220231
 0.00650887 0.0102066 0.0147017 0.0197997 0.0253573 0.0312685 0.0373611 0.0433306 0.0487822 0.0533301 0.0566801 0.0586805 0.0593516 0.0588796 0.0575586 0.0557049 0.0535792 0.051332 0.0489629 0.0462972 0.0430121 0.0387559 0.0333506 0.0269807 0.0202271
 0.00691863 0.0108393 0.0155925 0.0209609 0.0267807 0.0329288 0.039216 0.0453195 0.0508295 0.0553531 0.0585924 0.0603871 0.0607408 0.0598235 0.0579322 0.0554175 0.0526016 0.0497037 0.0467804 0.0436982 0.0401668 0.035862 0.0306188 0.0246025 0.0183336
 0.00723147 0.0113337 0.0163109 0.0219351 0.0280289 0.0344502 0.0409813 0.047265 0.0528607 0.057358 0.0604586 0.062014 0.0620436 0.0607273 0.0583636 0.055303 0.0518807 0.048352 0.0448328 0.0412596 0.0374088 0.0330054 0.0279017 0.0222362 0.0164573
 0.00757991 0.0118737 0.0170754 0.0229417 0.029282 0.0359441 0.0426967 0.0491592 0.0548598 0.0593572 0.0623327 0.0636354 0.0633019 0.0615418 0.058683 0.0550946 0.0511204 0.0470267 0.0429589 0.0389086 0.0347245 0.030198 0.0252142 0.0198903 0.0145994
 0.00791613 0.012402 0.0178369 0.0239633 0.0305743 0.0374969 0.0444721 0.0510878 0.0568461 0.0612917 0.064104 0.0651385 0.0644433 0.0622461 0.0588978 0.0547915 0.0502904 0.0456766 0.0411164 0.03664 0.0321543 0.0275137 0.0226413 0.0176412 0.0128178
 0.00823271 0.0128963 0.0185443 0.0249063 0.0317637 0.0389305 0.0461287 0.0529176 0.0587653 0.0631874 0.0658477 0.0666055 0.0655304 0.062882 0.0590438 0.0544349 0.0494363 0.0443441 0.0393431 0.0344941 0.0297511 0.0250207 0.0202596 0.015562 0.0111718
 0.00857564 0.0134164 0.0192587 0.0258099 0.0328364 0.0401487 0.04747 0.054356 0.0602631 0.0646873 0.0672719 0.0678603 0.0665182 0.0635161 0.0592608 0.0542008 0.0487446 0.0432116 0.0378085 0.032625 0.0276541 0.0228448 0.0181807 0.0137466 0.00973388
 0.00888854 0.0138984 0.019934 0.026683 0.0338921 0.041354 0.0487746 0.0556955 0.0615675 0.0658934 0.0683308 0.0687352 0.0671755 0.0639184 0.0593669 0.0539724 0.0481558 0.0422568 0.0365089 0.0310346 0.0258652 0.0209873 0.0164063 0.0121977 0.00850735
 0.00906096 0.014181 0.0203635 0.027295 0.0347133 0.0423907 0.0499997 0.0570429 0.0629396 0.0671803 0.0694325 0.0695792 0.0677238 0.0641632 0.0593173 0.0536397 0.0475459 0.0413733 0.0353644 0.029665 0.0243408 0.0194128 0.0149072 0.0108922 0.00747541
 0.00921847 0.0144224 0.0207013 0.0277358 0.0352632 0.04306 0.0508016 0.0579825 0.0639968 0.0682981 0.0705179 0.0705215 0.0684233 0.0645544 0.0593788 0.0533856 0.0470089 0.0405892 0.034368 0.0284974 0.0230608 0.0181035 0.0136676 0.00981619 0.00662676
 0.00932468 0.0145847 0.0209264 0.0280239 0.0356096 0.0434588 0.0512484 0.0584762 0.0645404 0.0688942 0.0711597 0.0711813 0.0690461 0.065066 0.0597041 0.0534704 0.0468311 0.0401578 0.0337141 0.0276675 0.0221152 0.0171164 0.0127222 0.00898948 0.00597126
 0.00934227 0.0146217 0.0209977 0.028148 0.0358044 0.0437339 0.0515992 0.0588833 0.0649763 0.0693333 0.0715859 0.0715877 0.0694276 0.0654081 0.0599766 0.0536298 0.0468332 0.0399728 0.033337 0.027121 0.0214466 0.0163909 0.0120122 0.00836101 0.00546932
 0.00935751 0.0146423 0.0210219 0.0281742 0.0358352 0.0437803 0.0516812 0.0590248 0.0651935 0.0696249 0.0719301 0.0719508 0.0697759 0.0657168 0.0602285 0.0538085 0.0469172 0.0399376 0.0331644 0.0268103 0.0210212 0.0158965 0.0115074 0.00790215 0.00509669
 0.00947587 0.0148039 0.021208 0.0283486 0.0359542 0.0438101 0.0516133 0.0588812 0.0650205 0.0694786 0.0718601 0.0719855 0.0699154 0.0659353 0.060485 0.0540588 0.0471214 0.0400628 0.0331867 0.0267187 0.020823 0.0156194 0.0111941 0.00759911 0.0048405
 0.00958245 0.0149647 0.0214257 0.0286136 0.0362435 0.0440875 0.0518327 0.0589964 0.065001 0.0693259 0.0716131 0.0717096 0.0696799 0.0657894 0.0604439 0.054105 0.0472155 0.0401583 0.0332423 0.0267067 0.0207343 0.0154647 0.011 0.00739922 0.00466441
 0.0095592 0.0149378 0.0214052 0.028616 0.0362868 0.0441837 0.0519805 0.0591767 0.0651789 0.0694595 0.0716676 0.0716719 0.0695665 0.0656423 0.0603136 0.0540293 0.0472059 0.0401983 0.0332985 0.0267436 0.0207273 0.0154073 0.0109033 0.00728492 0.00455527
 0.00947019 0.0148082 0.0212389 0.0284279 0.0361007 0.044028 0.0518825 0.0591572 0.0652468 0.0696057 0.0718641 0.0718777 0.0697412 0.065761 0.0603761 0.0540561 0.0472252 0.0402303 0.0333454 0.026792 0.0207581 0.0154073 0.0108716 0.00723177 0.00449596
 0.00932479 0.0145939 0.020958 0.0280976 0.0357505 0.0436922 0.0515956 0.0589505 0.0651458 0.0696257 0.0720044 0.0721187 0.0700463 0.0660849 0.0606772 0.0543085 0.0474227 0.0403822 0.0334652 0.0268878 0.0208301 0.0154517 0.0108873 0.00722392 0.00447451
