SBPRF35
9.06082
Curr Bio
619263
B35
703974
F35
0.19965
FOFL
0.19965
OFL
111240
Bzero
2.5888e+006
#pred survey bio
 3.47092e+006 3.20088e+006 2.88987e+006 2.56753e+006 2.29098e+006 2.0285e+006 1.81265e+006 1.60168e+006 1.41231e+006 1.23595e+006 1.09182e+006 983633 869169 771206 729383 677071 652507 623722 607552 587284 588433 580407 590151 588222 588275 586782 572027 576660 577910 573369 565013 543619 529332 521998 527877 530194 533975 539400 542248 552152 544725 547341 559744 561045 571140 562161 567267 540654 540799 599295 693842 717702 697522 681984 651548 626373 1.6524e+007 1.51437e+007 1.53257e+007 1.58281e+007 1.6524e+007 1.72684e+007 1.79631e+007 1.85599e+007 1.90455e+007 1.94266e+007 1.97185e+007 1.99385e+007 2.01028e+007 2.02249e+007 2.03155e+007 2.03827e+007 2.04328e+007 2.04702e+007 2.04984e+007 2.05196e+007 2.05357e+007 2.0548e+007 2.05574e+007 2.05646e+007 2.05702e+007 2.05745e+007 2.05778e+007 2.05804e+007 2.05825e+007 2.0584e+007 2.05853e+007 2.05863e+007 2.0587e+007 2.05876e+007 2.05881e+007 2.05884e+007 2.05887e+007 2.0589e+007 2.05891e+007 2.05893e+007 2.05894e+007 2.05895e+007 2.05896e+007 2.05896e+007 2.05897e+007 2.05897e+007 2.05897e+007 2.05897e+007 2.05898e+007 2.05898e+007 2.05898e+007 2.05898e+007 2.05898e+007 2.05898e+007 2.05898e+007 2.05898e+007 2.05898e+007 2.05898e+007 2.05898e+007 2.05898e+007 2.05898e+007 2.05898e+007 2.05898e+007 2.05898e+007 2.05898e+007 2.05898e+007 2.05898e+007 2.05898e+007 2.05898e+007 2.05898e+007 2.05898e+007 2.05898e+007 2.05898e+007 2.05898e+007 2.05898e+007 2.05898e+007 2.05898e+007 2.05898e+007 2.05898e+007 2.05898e+007 2.05898e+007 2.05898e+007 2.05898e+007 2.05898e+007 2.05898e+007 2.05898e+007 2.05898e+007 2.05898e+007 2.05898e+007 2.05898e+007 2.05898e+007 2.05898e+007 2.05898e+007 2.05898e+007 2.05898e+007 2.05898e+007 2.05898e+007 2.05898e+007 2.05898e+007 2.05898e+007 0 0 0 0 0 0 0 0 0 0 0 0 0 0 0 0 0 0 0 0 0 0 0 0 0
#obs survey bio
 2.14277e+006 2.69381e+006 1.83628e+006 2.8711e+006 1.16239e+006 1.60427e+006 1.76632e+006 1.2204e+006 1.55054e+006 1.27718e+006 931156 715130 922173 576281 1.03642e+006 604193 530495 511998 510402 739373 526704 399903 538606 536876 420951 396099 601340 490468 546604 556044 925674 544062 448981 453701 528726 674289 615143 461588 505322 570088 358093 489121 685839 496343 966060 575994 506069 587639 371576 614514 665393 731572 742466 848920 467005 836544
#pred catch bio
 231220 284743 315617 295774 303540 279325 288762 279347 273749 248480 218521 222333 203425 151638 157564 131439 133037 120246 121436 101593 108307 93077.5 102808 100288 100558 109588 90903.6 91580.1 93213.9 92179.5 98452.4 90364 87210.4 80812.9 87145.9 86986.4 85910.2 88245.9 82874.3 98016.7 90586.2 84680.6 95509.5 88357 103164 89837.8 115840 94265.7 50593.9 27286.1 89195.7 124821 120170 133395 129028 32943.1 111240 111432 111608 113972 118231 123038 127522 131297 134274 136517 138151 139313 140122 140678 141055 141308 141477 141589 141663 141711 141743 141764 141778 141786 141792 141796 141798 141800 141801 141802 141802 141802 141802 141803 141803 141803 141803 141803 141803 141803 141803 141803 141803 141803 141803 141803 141803 141803 141803 141803 141803 141803 141803 141803 141803 141803 141803 141803 141803 141803 141803 141803 141803 141803 141803 141803 141803 141803 141803 141803 141803 141803 141803 141803 141803 141803 141803 141803 141803 141803 141803 141803 141803 141803 141803 141803 141803 141803 141803 141803 141803 141803 141803 141803 141803 141803 141803 141803 141803 141803 0 0 0 0 0 0 0 0 0 0 0 0 0 0 0 0 0 0 0 0 0 0 0 0 0
#obs catch bio
 247643 286190 318556 297719 308398 283574 293326 284677 277999 252762 222114 227219 207070 153413 159309 133053 135630 121844 123909 102549 109631 94087.2 104012 101389 101690 111392 91723.2 92673.9 93914.1 92560.7 98292.5 89968.6 87142.3 80764.8 87357.6 86808.5 85633.4 88055.9 82501.6 97758.1 90521.1 84975 96361.7 88763.9 103489 89223 115320 94154.3 50719.8 26948.5 90190.2 125692 120084 133002 130972 32586.6
#pred cpue bio
 3.40645e+006 3.13929e+006 2.83129e+006 2.51084e+006 2.23562e+006 1.97473e+006 1.76042e+006 1.55153e+006 1.36437e+006 1.19049e+006 1.04853e+006 942101 830280 735078 694606 643950 620043 592201 576684 557343 558808 551187 560646 558919 559178 557999 544083 549125 551085 547496 540327 520282 505812 496910 501288 503408 507453 512977 515780 525311 517880 519889 531503 532763 542864 534691 539892 513654 512766 568992 661643 685868 665973 649928 619399 594433 1.57518e+007 1.4478e+007 1.45844e+007 1.49847e+007 1.56429e+007 1.63779e+007 1.70707e+007 1.76671e+007 1.81527e+007 1.85338e+007 1.88257e+007 1.90458e+007 1.92101e+007 1.93321e+007 1.94227e+007 1.94899e+007 1.954e+007 1.95775e+007 1.96056e+007 1.96268e+007 1.96429e+007 1.96552e+007 1.96646e+007 1.96718e+007 1.96774e+007 1.96817e+007 1.96851e+007 1.96877e+007 1.96897e+007 1.96913e+007 1.96925e+007 1.96935e+007 1.96942e+007 1.96948e+007 1.96953e+007 1.96957e+007 1.96959e+007 1.96962e+007 1.96964e+007 1.96965e+007 1.96966e+007 1.96967e+007 1.96968e+007 1.96968e+007 1.96969e+007 1.96969e+007 1.96969e+007 1.96969e+007 1.9697e+007 1.9697e+007 1.9697e+007 1.9697e+007 1.9697e+007 1.9697e+007 1.9697e+007 1.9697e+007 1.9697e+007 1.9697e+007 1.9697e+007 1.9697e+007 1.9697e+007 1.9697e+007 1.9697e+007 1.9697e+007 1.9697e+007 1.9697e+007 1.9697e+007 1.9697e+007 1.9697e+007 1.9697e+007 1.9697e+007 1.9697e+007 1.9697e+007 1.9697e+007 1.9697e+007 1.9697e+007 1.9697e+007 1.9697e+007 1.9697e+007 1.9697e+007 1.9697e+007 1.9697e+007 1.9697e+007 1.9697e+007 1.9697e+007 1.9697e+007 1.9697e+007 1.9697e+007 1.9697e+007 1.9697e+007 1.9697e+007 1.9697e+007 1.9697e+007 1.9697e+007 1.9697e+007 1.9697e+007 1.9697e+007 1.9697e+007 1.9697e+007 1.9697e+007 0 0 0 0 0 0 0 0 0 0 0 0 0 0 0 0 0 0 0 0 0 0 0 0 0
#obs cpue bio
 4.19289e+006 2.84e+006 2.845e+006 2.27087e+006 1.89011e+006 1.91434e+006 1.88429e+006 1.31802e+006 1.46182e+006 816157 901815 912216 788743 732376 582989 418322 461961 698742 408112 506965 575359 496038 651378 491452 622513 622315 490685 484600 758158 639974 586505 603068 493841 503671 447587 546301 488717 613999 582632 583110 608410 354383 346002 571092 489238 779257 770767 423535 386614 546908 590573 747327 804987 713754 461435 644461
#pred surv len freq
 0.00523195 0.00856056 0.0130024 0.0185625 0.0250983 0.0322178 0.0392609 0.0454735 0.050297 0.0535535 0.055409 0.0561969 0.0562583 0.0558623 0.0551826 0.0542996 0.0532176 0.0518863 0.0502031 0.0479901 0.0449779 0.0408641 0.035477 0.0289773 0.0219395
 0.00553695 0.00896954 0.0134635 0.0189901 0.0254177 0.0324244 0.0394511 0.0458137 0.0509341 0.05452 0.0565832 0.0573451 0.0571315 0.0562921 0.0551322 0.0538554 0.0525354 0.0511189 0.0494409 0.04724 0.0441905 0.0399917 0.0345257 0.0280188 0.0210774
 0.00586904 0.009524 0.0143176 0.0202054 0.0270049 0.0343036 0.0414376 0.0476605 0.0524278 0.055572 0.0572462 0.057739 0.0573359 0.056288 0.0548288 0.0531696 0.051459 0.0497293 0.0478603 0.0455802 0.0425244 0.0383646 0.0329864 0.0266369 0.0199288
 0.00621058 0.0100742 0.0151382 0.0213547 0.0285308 0.0362267 0.0437229 0.0501904 0.0549946 0.0579091 0.0590964 0.0589323 0.0578323 0.0561562 0.0541766 0.0520804 0.0499774 0.0478932 0.0457369 0.0432754 0.0401659 0.0360811 0.030897 0.0248437 0.0185029
 0.0065011 0.0105459 0.0158473 0.0223537 0.0298604 0.0379017 0.0457182 0.0524335 0.0573704 0.0602687 0.0612647 0.0607199 0.0590626 0.0567064 0.0540082 0.0512372 0.0485525 0.0459934 0.0434704 0.0407616 0.0375469 0.0335189 0.0285539 0.0228545 0.0169479
 0.00676343 0.0109772 0.0165052 0.0232954 0.0311316 0.0395196 0.047654 0.0546065 0.0596596 0.0625355 0.0633714 0.0625352 0.0604599 0.0575653 0.0542292 0.0507645 0.0473919 0.0442132 0.0411886 0.0381316 0.0347495 0.0307526 0.0260151 0.0207043 0.0152798
 0.00699032 0.0113418 0.017047 0.0240507 0.0321301 0.0407771 0.0491627 0.0563269 0.0615206 0.0644423 0.0652158 0.0642055 0.0618467 0.0585642 0.0547433 0.0507111 0.0467174 0.0429123 0.039319 0.0358179 0.0321738 0.0281329 0.0235719 0.0186193 0.0136594
 0.00722732 0.0117311 0.0176399 0.0248957 0.0332618 0.0421999 0.0508353 0.0581613 0.0633999 0.0662476 0.0668475 0.0655885 0.0629233 0.0592838 0.0550551 0.0505622 0.0460595 0.0417175 0.0376024 0.0336584 0.0297215 0.0255951 0.021175 0.0165582 0.0120523
 0.00746356 0.0121132 0.0182116 0.0256974 0.0343236 0.0435305 0.0524083 0.059908 0.0652145 0.0680048 0.0684246 0.0668839 0.0638675 0.059839 0.0552046 0.0502964 0.0453661 0.0405845 0.0360358 0.0317073 0.0274981 0.0232731 0.01896 0.0146376 0.010546
 0.00775646 0.0125801 0.0188967 0.0266347 0.0355304 0.044997 0.054087 0.0617108 0.0670243 0.0696966 0.069885 0.0680231 0.0646235 0.0601787 0.055121 0.0498012 0.0444791 0.0393267 0.0344336 0.0298091 0.0253949 0.0211062 0.0169031 0.0128547 0.0091459
 0.00800859 0.012987 0.0195031 0.0274789 0.0366357 0.0463584 0.0556589 0.063404 0.0687193 0.0712678 0.071223 0.0690462 0.0652794 0.0604413 0.0549861 0.0492814 0.0435986 0.038117 0.0329338 0.0280742 0.0235084 0.0191869 0.0150936 0.0112905 0.00791785
 0.00803693 0.0130633 0.0196739 0.0278069 0.037185 0.0471715 0.0567345 0.0646897 0.070122 0.0726746 0.0725219 0.0701403 0.0660944 0.0609286 0.0551217 0.0490626 0.0430392 0.0372432 0.0317846 0.0267049 0.0219976 0.0176386 0.0136278 0.0100194 0.0069168
 0.00814707 0.0132428 0.0199464 0.0281981 0.0377224 0.0478802 0.0576287 0.0657606 0.0713278 0.0739371 0.0737343 0.0711869 0.0668744 0.0613748 0.0552066 0.0487925 0.0424428 0.0363624 0.0306694 0.0254162 0.0206112 0.0162469 0.0123316 0.00890891 0.00604974
 0.00839991 0.0136223 0.0204587 0.0288294 0.038444 0.0486586 0.0584335 0.0665669 0.0721156 0.0746887 0.0744289 0.0717932 0.067348 0.0616625 0.0552596 0.0485801 0.04196 0.0356293 0.029727 0.0243215 0.0194356 0.0150733 0.0112459 0.007985 0.00533247
 0.00845629 0.0137048 0.0205655 0.0289518 0.0385681 0.0487692 0.0585191 0.066627 0.0721665 0.0747653 0.0745773 0.0720529 0.0677308 0.0621387 0.0557604 0.0490151 0.0422428 0.0356997 0.029563 0.0239409 0.0188895 0.0144354 0.010598 0.0074006 0.00486137
 0.00869357 0.0140675 0.0210675 0.0295877 0.0393115 0.049573 0.0593161 0.0673356 0.0727061 0.0750782 0.0746477 0.0719125 0.067447 0.0617902 0.0554093 0.0486876 0.0419262 0.0353566 0.029154 0.023446 0.0183189 0.0138277 0.0100081 0.00688179 0.00444996
 0.00866382 0.0140403 0.0210653 0.0296432 0.0394579 0.0498287 0.0596724 0.0677551 0.0731331 0.0754558 0.0749323 0.072082 0.0675027 0.061754 0.0553153 0.0485686 0.0418003 0.0352199 0.0289854 0.0232223 0.018031 0.0134894 0.00965322 0.00655124 0.00417672
 0.00874128 0.0141509 0.0212045 0.0298004 0.0396238 0.0500039 0.0598713 0.067998 0.0734307 0.0757939 0.0752691 0.0723609 0.0676737 0.0617917 0.0552253 0.0483809 0.0415541 0.034948 0.0287052 0.0229361 0.017736 0.0131888 0.00936085 0.00628832 0.00396243
 0.00866237 0.0140424 0.0210773 0.0296754 0.0395242 0.0499452 0.0598551 0.0680168 0.0734793 0.0758784 0.0754042 0.0725559 0.0679182 0.0620529 0.0554596 0.048552 0.0416451 0.0349619 0.0286561 0.0228396 0.0176047 0.0130343 0.00919721 0.00613224 0.0038294
 0.00872423 0.0141219 0.021159 0.029735 0.0395384 0.0499059 0.0597777 0.0679352 0.073429 0.0758794 0.0754556 0.0726432 0.0680255 0.0621682 0.0555718 0.0486471 0.0417069 0.034978 0.028623 0.022763 0.0174964 0.012908 0.00906718 0.00601169 0.00372873
 0.0087568 0.0141531 0.0211655 0.0296806 0.0393829 0.0496199 0.0593583 0.0674146 0.0728729 0.0753743 0.0750869 0.0724725 0.0680736 0.0624129 0.0559594 0.0491105 0.0421818 0.0354124 0.0289821 0.0230304 0.017672 0.0130043 0.00910368 0.00601011 0.00370857
 0.00883907 0.0142881 0.0213688 0.0299618 0.0397367 0.0500155 0.0597347 0.06769 0.0729702 0.0752527 0.0747623 0.0720142 0.0675798 0.0619774 0.0556447 0.0489362 0.0421301 0.0354433 0.0290507 0.0230997 0.0177194 0.0130223 0.00909609 0.00598668 0.00367994
 0.008717 0.0141041 0.0211198 0.0296574 0.0393995 0.049679 0.0594386 0.067471 0.0728493 0.0752248 0.0747982 0.0720766 0.0676445 0.062046 0.0557403 0.0490859 0.0423462 0.0357151 0.0293479 0.0233851 0.0179619 0.0132048 0.00921709 0.00605626 0.0037134
 0.00867768 0.0140434 0.0210347 0.0295477 0.039269 0.0495361 0.0592969 0.0673485 0.0727647 0.0751909 0.0748156 0.0721307 0.0677109 0.0621012 0.0557743 0.0491071 0.0423759 0.0357733 0.0294417 0.0235049 0.0180875 0.0133156 0.00930036 0.00610953 0.00374194
 0.0086138 0.0139441 0.0208941 0.0293641 0.0390458 0.049283 0.0590311 0.0670944 0.0725503 0.0750427 0.0747515 0.0721564 0.0678173 0.0622666 0.0559705 0.0493087 0.0425677 0.0359525 0.029612 0.0236685 0.0182402 0.0134487 0.00940535 0.00618326 0.0037875
 0.00846161 0.0137214 0.0206047 0.0290274 0.0386913 0.0489411 0.0587258 0.0668422 0.0723624 0.0749274 0.0747157 0.0722035 0.0679456 0.0624669 0.0562255 0.0495951 0.0428612 0.0362332 0.029868 0.0238943 0.0184337 0.0136078 0.00952862 0.00627122 0.00384435
 0.00842266 0.0136567 0.0205059 0.0288885 0.038513 0.0487358 0.0585193 0.066668 0.0722495 0.0748877 0.0747396 0.0722679 0.0680274 0.0625532 0.0563148 0.0496915 0.0429677 0.0363482 0.0299858 0.0240086 0.0185385 0.0136988 0.00960244 0.00632651 0.00388195
 0.00821495 0.0133327 0.0200444 0.028281 0.0377675 0.0478813 0.0576116 0.0657898 0.0714996 0.0743603 0.0745012 0.0723407 0.0683851 0.063132 0.0570322 0.0504676 0.0437379 0.0370675 0.0306261 0.024554 0.0189828 0.0140432 0.00985473 0.00649964 0.00399217
 0.00803314 0.0130456 0.0196287 0.0277222 0.0370641 0.0470508 0.0566964 0.0648579 0.0706366 0.0736545 0.074028 0.0721518 0.0685011 0.0635377 0.0576782 0.0512784 0.0446273 0.0379553 0.0314494 0.0252714 0.0195732 0.014502 0.0101902 0.00672882 0.00413737
 0.00780007 0.0126931 0.0191471 0.0271196 0.0363628 0.0462814 0.0558949 0.0640659 0.0699018 0.073028 0.0735602 0.0718872 0.0684726 0.0637607 0.0581443 0.0519519 0.0454474 0.0388455 0.0323314 0.0260791 0.0202611 0.0150484 0.0105946 0.00700687 0.00431398
 0.00775442 0.0125896 0.0189391 0.0267501 0.0357841 0.0454831 0.0549241 0.0630242 0.0689148 0.072206 0.0729719 0.0715574 0.0683988 0.0639291 0.058537 0.0525441 0.0462006 0.0397038 0.0332256 0.0269372 0.0210221 0.0156725 0.0110674 0.00733708 0.00452579
 0.00857168 0.01375 0.0203715 0.0282767 0.0371622 0.0464797 0.055381 0.0628881 0.0682328 0.0711025 0.0716167 0.0701306 0.0670556 0.0627787 0.0576397 0.0519212 0.045846 0.0395897 0.033305 0.0271488 0.0212993 0.0159558 0.0113144 0.00752666 0.00465555
 0.00931379 0.0149303 0.0220887 0.0305757 0.0399924 0.049647 0.0585275 0.0655403 0.0699323 0.0715623 0.0708171 0.0683012 0.0645697 0.0600271 0.0549423 0.0494925 0.0438012 0.0379682 0.0320942 0.0263019 0.0207493 0.0156277 0.011137 0.00744105 0.00461961
 0.00929328 0.0150022 0.0223911 0.0313009 0.0413356 0.0517218 0.0612841 0.0687307 0.0731432 0.0743058 0.0726506 0.0689414 0.0639648 0.0583592 0.052556 0.0467851 0.0411222 0.035563 0.0300953 0.0247483 0.0196158 0.0148516 0.0106396 0.0071438 0.00445461
 0.00887409 0.0143829 0.021582 0.0303726 0.0404255 0.0510291 0.0610465 0.0691718 0.0743886 0.0762995 0.075122 0.0714584 0.0660609 0.0596778 0.0529503 0.0463343 0.0400701 0.0342163 0.0287288 0.0235504 0.0186767 0.0141826 0.0102036 0.00688323 0.00431196
 0.00869483 0.0140751 0.021092 0.02965 0.0394477 0.0498361 0.0597699 0.0680344 0.0736612 0.0762241 0.0758265 0.0728967 0.068002 0.0617589 0.0547822 0.0476203 0.040688 0.0342279 0.0283221 0.0229501 0.0180698 0.013681 0.00984581 0.00665801 0.00418558
 0.00868363 0.0140375 0.0209979 0.0294555 0.0391011 0.0492924 0.0590106 0.0670894 0.0726256 0.07526 0.0751399 0.0726839 0.0683785 0.0627004 0.0561118 0.049058 0.0419456 0.0351056 0.0287612 0.0230211 0.0179132 0.0134392 0.00961791 0.00648923 0.00408062
 0.00871228 0.0140767 0.0210419 0.0294905 0.0391041 0.0492307 0.058845 0.0667813 0.0721521 0.0746334 0.0744251 0.0720014 0.0678832 0.062535 0.056349 0.0496601 0.0427672 0.0359466 0.0294437 0.0234511 0.0180947 0.013444 0.00953631 0.00639146 0.00400304
 0.00876517 0.0141587 0.0211575 0.0296397 0.0392803 0.0494184 0.0590175 0.0669005 0.0721733 0.0745156 0.0741461 0.0715733 0.0673632 0.0620224 0.0559616 0.0494926 0.0428504 0.0362299 0.0298167 0.0237942 0.0183283 0.0135496 0.00954412 0.0063496 0.00395131
 0.00879042 0.0141915 0.021192 0.0296658 0.0392875 0.0494011 0.0589775 0.0668461 0.0721126 0.0744494 0.0740642 0.0714582 0.0672019 0.0618205 0.0557525 0.0493325 0.0427963 0.0363105 0.0300141 0.0240496 0.0185711 0.0137291 0.0096453 0.00638747 0.00395285
 0.00904091 0.0145721 0.0217139 0.0303188 0.040039 0.050198 0.0597495 0.0675125 0.0725962 0.0746946 0.0740488 0.0711939 0.0667248 0.0611818 0.0550135 0.0485631 0.0420705 0.0356937 0.0295461 0.0237336 0.0183775 0.0136135 0.00956919 0.00632899 0.00390541
 0.00904085 0.0145991 0.0218035 0.0305177 0.0403901 0.0507169 0.0604066 0.0682321 0.0732772 0.0752401 0.0743906 0.0713021 0.0666046 0.0608638 0.054544 0.047998 0.0414704 0.0351188 0.0290471 0.0233414 0.0180975 0.0134293 0.0094535 0.00625633 0.00385844
 0.00883146 0.014289 0.0213954 0.0300399 0.0398955 0.0502778 0.0601041 0.0681395 0.0734369 0.0756427 0.0749701 0.071954 0.0672188 0.0613552 0.0548686 0.0481522 0.0414811 0.0350305 0.0289101 0.0231998 0.0179806 0.0133482 0.00940483 0.00622975 0.00384393
 0.00869939 0.0140859 0.0211124 0.0296791 0.0394733 0.049827 0.0596756 0.0677988 0.0732522 0.0756655 0.0752161 0.0723937 0.0677815 0.0619475 0.0553996 0.0485567 0.0417319 0.0351375 0.0289084 0.0231351 0.0178944 0.013269 0.00934569 0.00619166 0.00382188
 0.00845682 0.0137127 0.020591 0.0290097 0.0386756 0.0489417 0.0587665 0.0669516 0.0725639 0.0752268 0.0750919 0.0726079 0.0683104 0.0627216 0.0563155 0.0494987 0.0425974 0.0358575 0.0294561 0.0235198 0.0181476 0.0134282 0.00944333 0.00625082 0.003857
 0.00862259 0.0139308 0.0208245 0.0291931 0.0387336 0.0488189 0.058451 0.0664797 0.0720052 0.0746614 0.0745932 0.0722354 0.0681063 0.0627064 0.0564817 0.0498078 0.0429869 0.0362569 0.0298066 0.023788 0.0183279 0.0135353 0.00949995 0.00627788 0.00386905
 0.00882751 0.0142305 0.0212108 0.0296303 0.0391597 0.0491538 0.0586104 0.0663945 0.071646 0.0740586 0.0738381 0.0714559 0.0674291 0.0622234 0.056235 0.0497907 0.0431548 0.0365424 0.0301364 0.0241 0.0185826 0.0137188 0.00961822 0.00634688 0.00390591
 0.00934301 0.0150322 0.0223463 0.0311099 0.0409445 0.051142 0.060628 0.0682061 0.0729983 0.0747456 0.0737599 0.0706451 0.0660362 0.0604728 0.0543672 0.0480115 0.0416028 0.0352814 0.0291679 0.023386 0.01807 0.0133571 0.00936788 0.00617916 0.00379931
 0.00928577 0.0149956 0.0223951 0.0313381 0.0414494 0.0519831 0.0617898 0.0695865 0.0744273 0.0760247 0.074704 0.0711184 0.0659789 0.059914 0.053418 0.046836 0.0403758 0.0341474 0.0282164 0.0226483 0.0175336 0.0129864 0.00912185 0.00602205 0.00370342
 0.00863645 0.0139909 0.0209845 0.0295265 0.0393155 0.0496957 0.05961 0.0678344 0.0734021 0.0759065 0.0754893 0.0726247 0.0679113 0.0619566 0.0553131 0.0484287 0.0416199 0.0350782 0.0289074 0.0231724 0.0179407 0.0133021 0.00935773 0.00618667 0.00380872
 0.00818402 0.0132205 0.0197646 0.0277246 0.0368428 0.0465725 0.0560244 0.0641512 0.0701004 0.073465 0.0742672 0.0727769 0.0693598 0.0644204 0.0583883 0.0516928 0.0447246 0.0378016 0.0311564 0.0249481 0.0192939 0.0142985 0.0100614 0.00665736 0.00410272
 0.00840466 0.0135464 0.0201879 0.0282001 0.0372785 0.0468282 0.0559274 0.0635388 0.0688896 0.0717205 0.0722245 0.0707946 0.0678123 0.0635801 0.0583466 0.0523519 0.0458539 0.0391286 0.0324497 0.0260627 0.0201728 0.0149461 0.0105124 0.00695469 0.00428701
 0.00871185 0.0140576 0.0209751 0.029327 0.038772 0.0486393 0.0578962 0.065394 0.070297 0.0723719 0.0719343 0.0695682 0.0658607 0.0612671 0.0560835 0.0504757 0.0445418 0.0383822 0.0321444 0.0260277 0.0202591 0.0150582 0.0106066 0.00702037 0.00432805
 0.00888792 0.0143426 0.0214034 0.0299339 0.0395917 0.0496966 0.0591902 0.0668751 0.0718473 0.0738003 0.0730006 0.0700394 0.0655881 0.0602517 0.0544952 0.0486077 0.0427168 0.0368514 0.0310278 0.0253158 0.0198607 0.014861 0.0105186 0.0069835 0.00431271
 0.00889046 0.0143937 0.0215663 0.0302942 0.040234 0.0506682 0.0604717 0.0683769 0.0734327 0.0753178 0.0743022 0.0709832 0.0660407 0.060112 0.0537354 0.0473099 0.041072 0.0351119 0.0294309 0.0240181 0.0189143 0.0142333 0.0101342 0.006763 0.00419288
 0.00849812 0.0138372 0.0208826 0.0295773 0.0396198 0.0503025 0.0604772 0.0688257 0.0743281 0.0765848 0.0757948 0.0725105 0.0674043 0.0611386 0.0543026 0.0473658 0.040651 0.0343336 0.0284723 0.0230624 0.0180992 0.0136237 0.00972849 0.0065196 0.0040598
#obs surv len freq
 0.00497135 0.00814236 0.0123837 0.0177083 0.0239892 0.0308604 0.0376964 0.0437746 0.048546 0.0518116 0.0536913 0.0544706 0.0544683 0.0539793 0.0532622 0.0525296 0.0519261 0.0514865 0.0510728 0.0503159 0.0486337 0.0453954 0.0402241 0.0332887 0.0253716
 0.00518287 0.00849039 0.0129153 0.0184701 0.0250187 0.0321715 0.0392646 0.045531 0.0503866 0.0536157 0.0553411 0.0558623 0.0555155 0.0546134 0.0534313 0.0522002 0.0510886 0.0501629 0.0493235 0.0482439 0.0463823 0.0431367 0.0381347 0.0315158 0.024001
 0.00541106 0.00886234 0.0134772 0.0192665 0.026085 0.0335218 0.0408784 0.0473467 0.0523079 0.0555279 0.0571267 0.057412 0.0567339 0.0554209 0.0537646 0.0520126 0.0503523 0.048877 0.0475266 0.0460279 0.0438983 0.0405848 0.0357325 0.0294525 0.0223927
 0.00565704 0.00926515 0.0140888 0.0201368 0.0272521 0.0349968 0.0426299 0.0492968 0.0543444 0.0575266 0.0589712 0.0590026 0.0579872 0.0562664 0.0541422 0.0518712 0.0496534 0.0476028 0.045696 0.0437164 0.0412523 0.0378166 0.0330877 0.0271542 0.0205855
 0.00589309 0.00965416 0.0146841 0.0209917 0.0284096 0.0364736 0.0443992 0.0512822 0.0564302 0.0595803 0.0608658 0.0606298 0.059262 0.0571246 0.0545339 0.0517548 0.0489929 0.0463742 0.0439043 0.0414197 0.0385833 0.0349845 0.0303476 0.0247476 0.0186768
 0.00614723 0.0100663 0.0153027 0.0218619 0.0295659 0.0379272 0.0461247 0.0532109 0.0584578 0.0615845 0.0627243 0.0622334 0.0605209 0.0579701 0.0549163 0.0516377 0.0483481 0.0451824 0.0421678 0.0391862 0.0359711 0.0321902 0.0276209 0.0223332 0.0167481
 0.00637908 0.010451 0.0158958 0.0227189 0.0307302 0.0394113 0.0478922 0.0551733 0.0604901 0.0635531 0.0645096 0.0637401 0.0616768 0.0587214 0.0552227 0.0514687 0.0476802 0.0440009 0.0404765 0.0370285 0.0334539 0.0294945 0.0249815 0.0199858 0.014864
 0.00660958 0.0108289 0.0164708 0.0235399 0.0318368 0.0408189 0.0495764 0.0570616 0.0624699 0.0654904 0.0662724 0.0652155 0.0627812 0.059402 0.0554515 0.0512327 0.0469726 0.0428193 0.0388316 0.0349632 0.0310659 0.0269481 0.0224911 0.0177689 0.013081
 0.00684951 0.0112206 0.017063 0.0243787 0.0329557 0.042225 0.0512354 0.0588939 0.0643615 0.0673154 0.0679124 0.0665713 0.0637764 0.0599841 0.0555914 0.0509205 0.0462114 0.0416205 0.0372182 0.0329835 0.0288126 0.0245698 0.0201792 0.0157173 0.0114326
 0.00705412 0.0115584 0.017581 0.0251232 0.0339631 0.043506 0.0527601 0.0605864 0.0661119 0.0690013 0.0694201 0.067808 0.0646742 0.0604984 0.0556976 0.05061 0.0454878 0.040498 0.0357247 0.0311705 0.0267691 0.0224298 0.018111 0.0138888 0.00996661
 0.00727354 0.0119162 0.0181214 0.0258876 0.0349814 0.0447832 0.0542623 0.0622365 0.0677992 0.0706026 0.0708212 0.0689175 0.0654293 0.0608652 0.055666 0.0501871 0.0446908 0.0393514 0.034263 0.0294472 0.0248684 0.0204721 0.0162424 0.0122518 0.00866257
 0.00744919 0.0122046 0.0185604 0.0265142 0.0358237 0.0458491 0.055527 0.0636383 0.0692479 0.0719961 0.0720616 0.0699219 0.066135 0.0612316 0.0556746 0.0498385 0.0440006 0.0383462 0.0329805 0.0279415 0.0232182 0.0187841 0.0146416 0.0108572 0.00755659
 0.00753324 0.0123474 0.0187873 0.0268536 0.0363028 0.0464856 0.0563207 0.0645658 0.0702642 0.073041 0.0730674 0.0708193 0.0668593 0.0617274 0.0559007 0.0497703 0.0436312 0.0376859 0.0320573 0.0268034 0.0219365 0.0174532 0.0133694 0.0097445 0.00667263
 0.00758162 0.0124212 0.0188902 0.0269881 0.0364736 0.0467025 0.0565996 0.0649254 0.0707191 0.0735927 0.0736983 0.0714919 0.0675197 0.0623128 0.0563479 0.0500243 0.0436517 0.0374529 0.0315745 0.0261008 0.0210716 0.0165071 0.0124362 0.00891252 0.00600378
 0.00765359 0.0125283 0.0190329 0.0271602 0.0366635 0.0468973 0.0567888 0.0651047 0.0708937 0.0737779 0.0739157 0.0717596 0.0678408 0.0626684 0.0566968 0.0503108 0.0438178 0.0374507 0.0313773 0.0257106 0.0205217 0.015859 0.0117677 0.00829972 0.00550244
 0.00774289 0.0126665 0.0192272 0.0274109 0.0369627 0.0472267 0.0571203 0.0654038 0.0711283 0.0739298 0.0739883 0.0717771 0.0678385 0.0626778 0.0567325 0.0503632 0.0438548 0.0374279 0.0312531 0.0254615 0.0201525 0.015404 0.0112824 0.00784411 0.00512354
 0.00780544 0.0127665 0.0193743 0.0276122 0.0372197 0.0475328 0.0574571 0.0657413 0.0714299 0.0741615 0.0741274 0.0718186 0.0677962 0.0625797 0.0566116 0.0502449 0.0437471 0.0373185 0.0311155 0.0252686 0.0198915 0.0150851 0.010937 0.00751366 0.004844
 0.00781342 0.0127795 0.0193943 0.0276416 0.0372622 0.0475934 0.0575412 0.0658528 0.0715681 0.0743188 0.0742886 0.0719642 0.0679081 0.0626477 0.0566365 0.0502366 0.0437178 0.0372741 0.0310512 0.0251719 0.0197513 0.0149016 0.010726 0.00730156 0.0046575
 0.0078597 0.0128445 0.019473 0.0277235 0.0373343 0.0476455 0.0575708 0.065866 0.0715768 0.0743358 0.074323 0.0720177 0.0679741 0.0627136 0.0566887 0.0502656 0.0437205 0.0372519 0.0310058 0.0251022 0.0196546 0.0147787 0.0105853 0.00715869 0.00452977
 0.0078672 0.0128569 0.0194915 0.0277483 0.0373628 0.0476716 0.0575848 0.065858 0.0715423 0.0742805 0.0742632 0.0719746 0.0679652 0.0627451 0.0567537 0.0503484 0.0438026 0.0373182 0.0310465 0.0251124 0.0196332 0.0147286 0.010514 0.00707797 0.00445275
 0.00788802 0.0128849 0.0195231 0.0277767 0.0373807 0.0476738 0.0575708 0.065831 0.0715065 0.0742389 0.0742178 0.0719292 0.0679274 0.0627253 0.0567604 0.0503832 0.0438588 0.0373824 0.0311041 0.0251513 0.019647 0.0147167 0.0104814 0.00703369 0.00440674
 0.00789363 0.0128915 0.0195282 0.027776 0.0373685 0.0476447 0.0575212 0.0657612 0.0714219 0.0741496 0.0741366 0.0718678 0.0678934 0.062722 0.0567874 0.0504379 0.0439356 0.0374726 0.0311958 0.0252319 0.0197065 0.0147504 0.010491 0.00702537 0.00438912
 0.00792181 0.0129321 0.0195794 0.0278324 0.0374221 0.0476867 0.0575436 0.0657582 0.0713906 0.074091 0.0740564 0.0717762 0.0678036 0.0626466 0.0567359 0.050415 0.043941 0.0375015 0.0312397 0.0252806 0.0197496 0.0147809 0.010506 0.007027 0.00438226
 0.00788051 0.0128707 0.0194976 0.0277336 0.0373121 0.0475718 0.0574298 0.0656508 0.0712953 0.0740139 0.0740033 0.0717518 0.0678099 0.0626835 0.0568014 0.0505052 0.0440508 0.0376238 0.031366 0.0254011 0.019855 0.0148642 0.0105647 0.00706275 0.00440029
 0.007892 0.0128797 0.0194939 0.0277025 0.0372401 0.0474538 0.057274 0.0654783 0.0711322 0.0738822 0.0739149 0.0717083 0.067807 0.062715 0.0568616 0.0505892 0.0441534 0.0377391 0.0314867 0.0255188 0.0199613 0.0149522 0.0106306 0.0071069 0.00442623
 0.00787156 0.01285 0.0194551 0.0276557 0.0371848 0.0473858 0.0571857 0.0653623 0.0709883 0.073722 0.0737611 0.0715873 0.0677393 0.0627085 0.056912 0.0506845 0.0442791 0.0378818 0.0316345 0.0256613 0.0200897 0.0150595 0.0107131 0.00716461 0.00446259
 0.00783342 0.0127852 0.0193529 0.0275059 0.0369822 0.047135 0.056905 0.0650807 0.0707372 0.0735258 0.0736323 0.0715286 0.0677493 0.0627849 0.0570501 0.0508748 0.0445067 0.0381281 0.0318809 0.0258916 0.0202915 0.0152251 0.0108395 0.00725361 0.00451987
 0.00782918 0.0127752 0.0193318 0.027466 0.0369142 0.0470306 0.0567595 0.0648967 0.0705266 0.0733092 0.073435 0.0713747 0.0676556 0.0627585 0.05709 0.0509741 0.0446546 0.0383102 0.0320804 0.0260909 0.0204749 0.015381 0.0109617 0.00734161 0.00457773
 0.00780289 0.0127322 0.0192667 0.0273737 0.036791 0.0468757 0.0565765 0.0646945 0.0703178 0.0731085 0.0732583 0.0712377 0.0675726 0.0627401 0.0571401 0.0510892 0.0448238 0.0385181 0.0323085 0.0263202 0.0206877 0.0155637 0.0111063 0.00744671 0.00464751
 0.00779065 0.0127096 0.0192277 0.0273112 0.0366982 0.0467493 0.0564191 0.0645147 0.0701292 0.0729262 0.0730962 0.0711075 0.0674838 0.0627004 0.057155 0.0511603 0.044948 0.038686 0.0325055 0.0265281 0.0208883 0.0157412 0.0112503 0.00755358 0.00471971
 0.00773735 0.0126265 0.0191095 0.0271551 0.0365051 0.0465238 0.0561706 0.0642584 0.0698845 0.0727136 0.0729339 0.0710082 0.0674536 0.0627387 0.0572563 0.0513166 0.0451493 0.0389207 0.0327595 0.026785 0.0211307 0.0159535 0.0114221 0.00768116 0.00480616
 0.0093326 0.0148565 0.0217944 0.029904 0.0388301 0.048022 0.0566675 0.0638338 0.0687863 0.0712337 0.0713158 0.0694161 0.0659812 0.0614324 0.0561346 0.0503816 0.0443939 0.0383321 0.0323205 0.0264753 0.0209267 0.0158302 0.0113552 0.00764959 0.00479406
 0.00930277 0.0151052 0.0226923 0.0319118 0.0422971 0.0529146 0.0623983 0.0693579 0.0729744 0.0733191 0.0711487 0.0674019 0.0628024 0.0577571 0.0524513 0.0469747 0.0413951 0.0357841 0.0302217 0.0248022 0.0196426 0.0148884 0.0107005 0.00722201 0.00453393
 0.00895962 0.0145652 0.0219349 0.0309869 0.0413793 0.0523395 0.0626221 0.0707943 0.0757466 0.0770752 0.0751068 0.0706472 0.0646703 0.0580632 0.0514592 0.0451788 0.0392877 0.0337218 0.0284035 0.0233079 0.0184815 0.0140329 0.010105 0.00683313 0.00429757
 0.00879527 0.0142862 0.0214939 0.0303358 0.0404875 0.0512276 0.061404 0.0697059 0.0751256 0.0772681 0.0763126 0.0727717 0.0672932 0.0605755 0.0533104 0.0460876 0.0392976 0.0330999 0.0274781 0.0223455 0.0176413 0.0133786 0.00963917 0.006527 0.00411179
 0.00871634 0.0141519 0.0212799 0.0300132 0.0400266 0.0506059 0.0606194 0.0687935 0.0741765 0.0764406 0.0758204 0.0728299 0.068024 0.0619174 0.0549966 0.0477323 0.0405528 0.0337882 0.0276271 0.0221217 0.0172457 0.0129691 0.00930186 0.00628789 0.00396121
 0.00869534 0.0141144 0.0212165 0.0299115 0.0398712 0.0503803 0.0603085 0.0683875 0.0736777 0.0758735 0.0752457 0.0723519 0.0677787 0.0620293 0.0555149 0.0485826 0.0415443 0.0346868 0.0282542 0.0224179 0.0172663 0.012828 0.00910968 0.00611589 0.00383761
 0.00866821 0.0140714 0.0211537 0.0298255 0.039759 0.0502391 0.0601357 0.0681807 0.0734345 0.0755931 0.0749336 0.0720288 0.0674897 0.0618446 0.0555128 0.048814 0.0419957 0.0352691 0.0288326 0.0228703 0.0175322 0.01292 0.00908682 0.00604444 0.00376436
 0.00865894 0.0140539 0.0211232 0.029776 0.0396853 0.0501389 0.0600111 0.068038 0.0732811 0.0754342 0.0747705 0.0718613 0.0673227 0.0616958 0.0554162 0.0488133 0.0421241 0.0355258 0.0291727 0.0232185 0.017816 0.0131 0.00916609 0.00605441 0.00374208
 0.00864845 0.0140417 0.0211134 0.0297745 0.039697 0.0501636 0.0600414 0.0680602 0.0732803 0.0753995 0.0746983 0.071755 0.0671904 0.0615498 0.0552748 0.0487018 0.0420711 0.0355526 0.0292795 0.0233793 0.0179876 0.0132416 0.00925596 0.00609419 0.00374817
 0.00862557 0.0140067 0.0210651 0.0297144 0.0396293 0.0500962 0.0599845 0.0680239 0.0732698 0.0754121 0.074723 0.0717763 0.0671951 0.0615316 0.0552369 0.0486562 0.0420362 0.0355477 0.0293172 0.0234583 0.0180913 0.0133453 0.00933844 0.00614615 0.00377268
 0.00863191 0.0140132 0.0210678 0.0297075 0.0396071 0.0500557 0.0599282 0.0679598 0.0732097 0.0753676 0.0747008 0.0717761 0.0672092 0.0615488 0.0552468 0.0486545 0.0420268 0.0355411 0.0293256 0.0234889 0.0181424 0.0134063 0.00939565 0.00618947 0.00379907
 0.00864749 0.0140377 0.0211027 0.0297528 0.0396604 0.050111 0.0599762 0.0679896 0.0732129 0.0753419 0.0746521 0.0717158 0.0671494 0.061497 0.0552046 0.048619 0.041995 0.0355131 0.0293056 0.0234821 0.0181511 0.0134277 0.00942278 0.00621466 0.0038175
 0.00862775 0.0140102 0.0210701 0.0297204 0.0396349 0.0500982 0.0599787 0.0680058 0.0732373 0.0753668 0.0746699 0.0717224 0.0671449 0.0614857 0.0551921 0.0486096 0.0419901 0.0355125 0.0293088 0.02349 0.0181647 0.0134465 0.00944421 0.0062349 0.00383345
 0.00864462 0.0140341 0.0210995 0.0297522 0.0396657 0.0501263 0.060005 0.0680331 0.0732675 0.0753988 0.0746985 0.0717396 0.0671439 0.0614636 0.0551518 0.0485577 0.0419349 0.035461 0.0292657 0.0234577 0.0181439 0.0134363 0.00944229 0.00623799 0.0038383
 0.0086033 0.0139747 0.0210245 0.0296686 0.0395828 0.0500524 0.0599452 0.0679898 0.0732421 0.0753936 0.0747162 0.0717809 0.0672049 0.061536 0.0552248 0.0486227 0.0419872 0.0355005 0.0292951 0.0234806 0.0181631 0.0134535 0.00945769 0.00625117 0.00384864
 0.0086033 0.0139747 0.0210245 0.0296686 0.0395828 0.0500524 0.0599452 0.0679898 0.0732421 0.0753936 0.0747162 0.0717809 0.0672049 0.061536 0.0552248 0.0486227 0.0419872 0.0355005 0.0292951 0.0234806 0.0181631 0.0134535 0.00945769 0.00625117 0.00384864
 0.00889912 0.0144358 0.0216797 0.0305268 0.0406263 0.0512292 0.0611636 0.0691236 0.0741536 0.0759666 0.0748863 0.0715475 0.0666246 0.0607022 0.0542438 0.0475932 0.040988 0.0345868 0.0285006 0.0228218 0.017643 0.0130644 0.00918373 0.00607105 0.00373892
 0.00880952 0.0143282 0.0215884 0.0305075 0.0407417 0.0515256 0.06165 0.0697642 0.074876 0.0766794 0.0754975 0.0719799 0.0668286 0.0606641 0.0539868 0.0471698 0.0404659 0.034033 0.0279707 0.0223539 0.017258 0.0127683 0.00897135 0.00592955 0.0036519
 0.00829154 0.013492 0.0203478 0.0288057 0.0385853 0.0490269 0.0590528 0.0674186 0.0731514 0.0758496 0.0756575 0.0730349 0.0685457 0.062752 0.0561684 0.04923 0.0422712 0.0355268 0.0291525 0.0232555 0.0179237 0.013243 0.00929599 0.00614051 0.00378071
 0.0079381 0.0128775 0.019351 0.0272941 0.0364526 0.0462517 0.0557554 0.0638828 0.0697877 0.0731109 0.0739358 0.0725708 0.0693733 0.0646973 0.0589032 0.0523609 0.0454313 0.0384383 0.03165 0.0252745 0.0194722 0.0143722 0.0100771 0.00664987 0.00409139
 0.00833292 0.0134776 0.0201693 0.0282961 0.0375417 0.0472604 0.0564532 0.0640177 0.0691672 0.0716939 0.0718853 0.0702301 0.067169 0.0630105 0.0579627 0.052198 0.0459044 0.0393093 0.0326709 0.0262519 0.0202931 0.0149963 0.0105136 0.00693291 0.00426177
 0.00854659 0.01387 0.020839 0.0293516 0.0390608 0.0492307 0.0587211 0.0662829 0.0710403 0.0727987 0.0719678 0.0692359 0.0652673 0.0605546 0.0553925 0.0499155 0.0441705 0.0382009 0.0321082 0.0260707 0.0203211 0.0151025 0.0106226 0.00701492 0.00431339
 0.00866685 0.0140824 0.0211927 0.0299097 0.0398941 0.0504011 0.0602543 0.0681363 0.0730762 0.0747776 0.073578 0.0701638 0.0652925 0.0596316 0.0536798 0.0477337 0.0419021 0.0361756 0.0305228 0.0249704 0.0196377 0.014718 0.0104226 0.00691561 0.00426467
 0.00880726 0.0143139 0.0215476 0.0304209 0.0405909 0.0513005 0.0613533 0.0694076 0.0744681 0.0762127 0.0749444 0.0713078 0.0660287 0.0597848 0.0531495 0.0465496 0.0402375 0.0343005 0.0287182 0.0234458 0.0184889 0.0139363 0.00993629 0.00663547 0.00411345
 0.00893631 0.0145276 0.0218761 0.0308938 0.0412301 0.05211 0.0623097 0.0704596 0.0755469 0.0772485 0.0758774 0.0720849 0.0665912 0.060058 0.0530505 0.0460179 0.0392763 0.0330032 0.0272558 0.0220168 0.017257 0.0129889 0.00928092 0.00622445 0.00387812
#pred catch len freq
 0.00508207 0.00802155 0.0116594 0.0158847 0.0206185 0.0257936 0.0312759 0.0368265 0.042147 0.0469575 0.0510455 0.0542842 0.0566373 0.0581478 0.0589044 0.059001 0.0585095 0.0574647 0.0558394 0.0535048 0.0502091 0.0456452 0.0396396 0.0323819 0.0245188
 0.00545909 0.00854564 0.0122891 0.0165402 0.0212223 0.0263251 0.0318012 0.0374712 0.0430199 0.0480681 0.0522703 0.0554032 0.0574203 0.0584426 0.0586861 0.058367 0.0576273 0.056498 0.0548848 0.0525686 0.049237 0.0445865 0.038504 0.0312517 0.0235108
 0.00585261 0.00916971 0.0131938 0.0177477 0.0227081 0.0280011 0.0335159 0.0390468 0.0443204 0.0490575 0.0530096 0.0559798 0.0578596 0.0586718 0.0585763 0.0578171 0.0566295 0.0551418 0.0533077 0.0508943 0.0475438 0.0429204 0.0369148 0.0298133 0.0223067
 0.00624855 0.00978617 0.0140738 0.0189206 0.0241931 0.0298054 0.0356177 0.0413665 0.0466992 0.0512704 0.0548212 0.0572204 0.0584737 0.0587029 0.0581028 0.0568937 0.0552788 0.0533903 0.0512233 0.0485911 0.0451601 0.0405944 0.0347729 0.0279644 0.0208285
 0.00662077 0.0103664 0.014902 0.0200215 0.0255783 0.0314752 0.0375579 0.0435396 0.0490339 0.0536511 0.0570821 0.0591557 0.0598745 0.0594115 0.058054 0.0561168 0.0538619 0.0514419 0.0488572 0.0459369 0.042374 0.0378546 0.0322582 0.0258233 0.0191509
 0.00693752 0.0108657 0.0156255 0.0210013 0.0268358 0.0330186 0.0393748 0.0455889 0.0512436 0.0559213 0.05929 0.0611582 0.0615124 0.0605218 0.0584959 0.055803 0.0527812 0.0496597 0.0464998 0.043173 0.0394037 0.0348979 0.0295325 0.0235076 0.01735
 0.00726173 0.0113664 0.0163317 0.021927 0.0279845 0.0343886 0.0409579 0.0473626 0.053162 0.0579113 0.0612532 0.0629781 0.0630629 0.061675 0.0591286 0.0558088 0.0520894 0.0482576 0.0444491 0.040613 0.0365398 0.0319766 0.0268029 0.0211754 0.0155358
 0.00758439 0.0118719 0.0170574 0.0228961 0.0292048 0.0358494 0.0426254 0.0491769 0.0550426 0.0597679 0.0629961 0.0645225 0.0643279 0.0625816 0.0595987 0.0557662 0.0514684 0.04702 0.0426089 0.0382583 0.0338406 0.0291676 0.0241409 0.0188812 0.0137444
 0.00792579 0.0124008 0.0178059 0.0238801 0.0304258 0.037297 0.0442727 0.0509729 0.0569074 0.0615971 0.0646743 0.0659416 0.0654022 0.0632538 0.0598338 0.0555392 0.0507553 0.0458015 0.040889 0.0360922 0.0313559 0.0265625 0.0216497 0.0167177 0.0120459
 0.00829981 0.0129771 0.0186149 0.0249312 0.03171 0.0387907 0.0459365 0.0527475 0.0587118 0.0633336 0.0662375 0.0672293 0.0663276 0.0637554 0.0598805 0.0551258 0.0498914 0.0445034 0.0391831 0.0340325 0.0290463 0.0241645 0.0193617 0.0147279 0.0104799
 0.00860359 0.0134503 0.0192894 0.0258243 0.0328249 0.0401149 0.047438 0.0543692 0.0603727 0.0649362 0.0676795 0.0684152 0.0671773 0.0642115 0.0599111 0.0547238 0.0490696 0.0432889 0.0376165 0.0321756 0.0269949 0.0220552 0.0173591 0.0129886 0.00910983
 0.00873754 0.0136781 0.0196509 0.0263642 0.0335839 0.0411161 0.0486722 0.0557873 0.0618906 0.0664483 0.0690751 0.0695916 0.0680509 0.0647236 0.0600298 0.0544421 0.0484005 0.0422614 0.0362746 0.0305829 0.0252417 0.0202616 0.0156631 0.011519 0.00795309
 0.00890846 0.013944 0.0200307 0.0268721 0.0342331 0.0419216 0.049646 0.0569275 0.0631657 0.0677886 0.070376 0.0707322 0.0689193 0.0652393 0.060153 0.0541701 0.0477581 0.0412906 0.03503 0.0291331 0.0236737 0.0186819 0.0141881 0.0102532 0.00696364
 0.00908442 0.0142032 0.0203719 0.0272797 0.0346857 0.0424051 0.0501627 0.0574951 0.0638072 0.0685162 0.0711764 0.0715578 0.0696912 0.065862 0.0605369 0.0542519 0.0475112 0.0407251 0.0341861 0.0280744 0.0224835 0.0174582 0.0130336 0.0092574 0.00618321
 0.00921772 0.0143991 0.0206274 0.0275772 0.0349968 0.042698 0.0504111 0.0576868 0.063951 0.068645 0.0713397 0.0718029 0.0700389 0.0662899 0.060979 0.0546164 0.0477079 0.0406903 0.0338971 0.027552 0.0217859 0.0166691 0.0122461 0.00855437 0.00562025
 0.00942323 0.0147077 0.0210441 0.0280889 0.0355748 0.0433036 0.0509991 0.0582084 0.0643591 0.0689047 0.0714407 0.0717663 0.0699127 0.066131 0.0608297 0.0544854 0.0475671 0.0404895 0.0335885 0.0271132 0.0212309 0.0160458 0.0116215 0.00799411 0.00517018
 0.00942787 0.0147294 0.0211028 0.0282109 0.0357853 0.0436146 0.0513998 0.0586628 0.0648147 0.069306 0.0717428 0.071944 0.0699649 0.0660799 0.0607123 0.0543386 0.0474117 0.0403212 0.0333838 0.0268454 0.0208898 0.0156477 0.0112054 0.00760742 0.00485102
 0.0094841 0.0148081 0.021199 0.0283157 0.035893 0.0437313 0.0515466 0.0588675 0.0650947 0.0696515 0.0721122 0.0722765 0.0702026 0.0661885 0.0606894 0.0542091 0.0472124 0.0400843 0.0331259 0.0265682 0.0205904 0.0153308 0.0108888 0.00731748 0.00461184
 0.00941711 0.0147174 0.0210955 0.0282193 0.0358251 0.0437054 0.0515626 0.0589168 0.0651714 0.0697616 0.0722703 0.072491 0.0704614 0.066456 0.0609197 0.0543648 0.0472779 0.0400653 0.0330396 0.0264326 0.0204197 0.0151377 0.0106889 0.00712954 0.00445307
 0.00939649 0.0146754 0.0210179 0.0280914 0.0356395 0.0434718 0.0513132 0.0586996 0.0650331 0.0697299 0.0723468 0.0726586 0.0706959 0.0667321 0.0612103 0.054639 0.0475051 0.0402231 0.0331196 0.0264402 0.020369 0.0150469 0.0105773 0.00701565 0.00435233
 0.0094649 0.0147617 0.0211012 0.0281346 0.0355976 0.0433062 0.0510072 0.0582696 0.0645309 0.0692343 0.0719451 0.0724221 0.0706591 0.0668864 0.0615122 0.0550275 0.0479171 0.0406052 0.0334343 0.0266684 0.0205094 0.0151116 0.0105865 0.00699175 0.00431519
 0.00947826 0.0147898 0.0211538 0.028221 0.0357194 0.043448 0.0511325 0.0583265 0.0644705 0.0690339 0.071624 0.0720401 0.0702982 0.0666228 0.0613924 0.0550566 0.0480644 0.0408196 0.0336622 0.0268678 0.0206562 0.0152002 0.010625 0.00699569 0.00430107
