SBPRF35
9.72857
Curr Bio
549304
B35
641658
F35
0.191983
FOFL
0.136905
OFL
52095
Bzero
2.77959e+006
#pred survey bio
 3.79683e+006 3.50912e+006 3.27708e+006 2.92101e+006 2.66983e+006 2.48784e+006 2.2791e+006 2.06183e+006 1.8369e+006 1.56859e+006 1.34386e+006 1.16377e+006 996585 903097 844310 803967 744616 721458 700713 652323 592638 546417 514325 506850 517497 527083 525270 523378 535157 530288 510084 520045 534103 534091 524767 513930 513596 515525 541301 542067 539003 506442 512718 540897 562144 562104 575486 576883 592776 645589 688963 658874 557304 1.66001e+007 1.06831e+007 1.17769e+007 1.32307e+007 1.48006e+007 1.62918e+007 1.75948e+007 1.86698e+007 1.95218e+007 2.01782e+007 2.06743e+007 2.10444e+007 2.13183e+007 2.15202e+007 2.1669e+007 2.17787e+007 2.18599e+007 2.19202e+007 2.19652e+007 2.1999e+007 2.20246e+007 2.2044e+007 2.20588e+007 2.20702e+007 2.2079e+007 2.20858e+007 2.20911e+007 2.20952e+007 2.20984e+007 2.21009e+007 2.21029e+007 2.21044e+007 2.21056e+007 2.21066e+007 2.21074e+007 2.2108e+007 2.21085e+007 2.21088e+007 2.21091e+007 2.21094e+007 2.21096e+007 2.21097e+007 2.21098e+007 2.21099e+007 2.211e+007 2.21101e+007 2.21101e+007 2.21102e+007 2.21102e+007 2.21102e+007 2.21102e+007 2.21102e+007 2.21103e+007 2.21103e+007 2.21103e+007 2.21103e+007 2.21103e+007 2.21103e+007 2.21103e+007 2.21103e+007 2.21103e+007 2.21103e+007 2.21103e+007 2.21103e+007 2.21103e+007 2.21103e+007 2.21103e+007 2.21103e+007 2.21103e+007 2.21103e+007 2.21103e+007 2.21103e+007 2.21103e+007 2.21103e+007 2.21103e+007 2.21103e+007 2.21103e+007 2.21103e+007 2.21103e+007 2.21103e+007 2.21103e+007 2.21103e+007 2.21103e+007 2.21103e+007 2.21103e+007 2.21103e+007 2.21103e+007 2.21103e+007 2.21103e+007 2.21103e+007 2.21103e+007 2.21103e+007 2.21103e+007 2.21103e+007 2.21103e+007 2.21103e+007 2.21103e+007 2.21103e+007 2.21103e+007 2.21103e+007 0 0 0 0 0 0 0 0 0 0 0 0 0 0 0 0 0 0 0 0 0 0 0 0 0
#obs survey bio
 3.85962e+006 3.37871e+006 4.11734e+006 3.54171e+006 2.32392e+006 2.62142e+006 2.02771e+006 2.1445e+006 2.00224e+006 1.53501e+006 1.23087e+006 1.00803e+006 833870 739264 816659 845611 743939 793294 1.0205e+006 700665 701211 619719 511112 425745 494505 737038 360364 681707 524370 533162 483546 379144 615389 457171 526021 549343 584685 408033 545284 569851 473194 475826 415481 565357 681316 518117 550896 479281 398272 708964 768238 606198 527812
#pred catch bio
 99593.1 91617.2 178730 214918 229815 278816 275572 308581 309033 268461 280929 291217 253832 239450 225261 234233 192976 166507 152562 143961 135934 122527 112432 114347 110980 111409 114365 94819 109427 98810.5 89061.8 94037 95456.4 98619.6 95405 91785.4 87583 88523.8 87212.2 81996.4 92998.4 88448.8 85978.7 94167.2 86434 88095.2 88272.8 90644.7 87148.3 83459.5 115381 119514 103806 52095 75920.5 82767.1 92516.3 103424 113754 122640 129811 135337 139452 142437 144559 146044 147070 147772 148249 148571 148787 148931 149027 149091 149133 149161 149180 149192 149200 149205 149209 149211 149213 149214 149214 149215 149215 149215 149215 149215 149215 149215 149215 149215 149215 149215 149215 149215 149215 149215 149215 149215 149215 149215 149215 149215 149215 149215 149215 149215 149215 149215 149215 149215 149215 149215 149215 149215 149215 149215 149215 149215 149215 149215 149215 149215 149215 149215 149215 149215 149215 149215 149215 149215 149215 149215 149215 149215 149215 149215 149215 149215 149215 149215 149215 149215 149215 149215 149215 149215 149215 149215 149215 0 0 0 0 0 0 0 0 0 0 0 0 0 0 0 0 0 0 0 0 0 0 0 0 0
#obs catch bio
 0 91096.7 179275 215172 229697 279361 275125 309238 309082 267641 281189 291156 254161 240819 225844 234966 193707 166450 152155 143698 136074 122396 112270 115022 110992 111164 114772 94479.2 109871 98507.5 89048 94242.2 95349.5 98654.4 95372.3 91909.3 87422.1 88861.5 87113.6 81862.2 92931.7 88555.7 86018.9 94444 86184.2 88206.8 88151.1 90657.2 87384.6 83194 115555 119418 103830
#pred cpue bio
 3.75566e+006 3.47124e+006 3.24062e+006 2.88677e+006 2.63664e+006 2.45483e+006 2.24649e+006 2.02993e+006 1.80586e+006 1.5396e+006 1.31681e+006 1.13803e+006 972206 878929 819819 779044 719853 696512 676084 629156 571268 526445 495395 488054 498227 507627 506000 504036 515679 511044 491710 501429 515111 515361 506548 496084 494707 494895 518711 519639 517104 485859 491782 518901 539373 539528 552341 553782 568927 619567 661588 632243 533974 1.58617e+007 1.0176e+007 1.11443e+007 1.25211e+007 1.40734e+007 1.55619e+007 1.68644e+007 1.79394e+007 1.87914e+007 1.94478e+007 1.99439e+007 2.0314e+007 2.05879e+007 2.07898e+007 2.09386e+007 2.10483e+007 2.11295e+007 2.11898e+007 2.12348e+007 2.12686e+007 2.12942e+007 2.13136e+007 2.13284e+007 2.13398e+007 2.13486e+007 2.13554e+007 2.13607e+007 2.13648e+007 2.1368e+007 2.13705e+007 2.13725e+007 2.1374e+007 2.13752e+007 2.13762e+007 2.1377e+007 2.13776e+007 2.13781e+007 2.13784e+007 2.13787e+007 2.1379e+007 2.13792e+007 2.13793e+007 2.13794e+007 2.13795e+007 2.13796e+007 2.13797e+007 2.13797e+007 2.13797e+007 2.13798e+007 2.13798e+007 2.13798e+007 2.13798e+007 2.13798e+007 2.13799e+007 2.13799e+007 2.13799e+007 2.13799e+007 2.13799e+007 2.13799e+007 2.13799e+007 2.13799e+007 2.13799e+007 2.13799e+007 2.13799e+007 2.13799e+007 2.13799e+007 2.13799e+007 2.13799e+007 2.13799e+007 2.13799e+007 2.13799e+007 2.13799e+007 2.13799e+007 2.13799e+007 2.13799e+007 2.13799e+007 2.13799e+007 2.13799e+007 2.13799e+007 2.13799e+007 2.13799e+007 2.13799e+007 2.13799e+007 2.13799e+007 2.13799e+007 2.13799e+007 2.13799e+007 2.13799e+007 2.13799e+007 2.13799e+007 2.13799e+007 2.13799e+007 2.13799e+007 2.13799e+007 2.13799e+007 2.13799e+007 2.13799e+007 2.13799e+007 2.13799e+007 2.13799e+007 0 0 0 0 0 0 0 0 0 0 0 0 0 0 0 0 0 0 0 0 0 0 0 0 0
#obs cpue bio
 3.85183e+006 3.56124e+006 3.09311e+006 1.99822e+006 2.88826e+006 2.31125e+006 2.86868e+006 1.60051e+006 1.98056e+006 1.73015e+006 1.22435e+006 1.5037e+006 970152 835204 883520 789648 590734 738068 548468 591168 428368 510440 499848 386406 664996 427973 575573 468901 415813 731915 401108 622730 546115 572947 517953 407734 540140 411377 738087 456075 698763 413257 578608 466273 603765 454094 701948 637916 618666 712197 596454 782241 509266
#pred surv len freq
 0.00428363 0.00705929 0.0108184 0.0156019 0.0213193 0.0276544 0.0340515 0.0398714 0.0446396 0.0481999 0.0506722 0.0522984 0.0533111 0.053883 0.0541313 0.054143 0.0540008 0.0537824 0.0535017 0.0529916 0.0518033 0.0492579 0.0447343 0.0380865 0.0299031
 0.004542 0.00740088 0.01119 0.0159121 0.0214717 0.0275954 0.0338025 0.0395192 0.0442895 0.047921 0.0504744 0.0521511 0.0531872 0.0537947 0.0541349 0.0543104 0.0543728 0.054328 0.0541054 0.0534817 0.0520163 0.0491097 0.0442592 0.0374184 0.0292115
 0.0045937 0.00753814 0.0114884 0.0164578 0.022319 0.028713 0.0350445 0.040656 0.0450965 0.048275 0.0503926 0.0517541 0.0526225 0.0531794 0.0535457 0.0538025 0.0539906 0.0540895 0.0539746 0.0533616 0.0517809 0.048666 0.0435999 0.0366296 0.0284286
 0.00474905 0.0077772 0.0118275 0.0169147 0.0229226 0.0295086 0.0360796 0.0419431 0.0465666 0.0497574 0.0516514 0.0525724 0.0528877 0.052916 0.0528829 0.0529087 0.053017 0.0531386 0.053088 0.0525202 0.0509258 0.0477411 0.0425981 0.035611 0.0274947
 0.00491904 0.0080632 0.0122744 0.0175669 0.0238116 0.0306366 0.0374104 0.0434088 0.0480887 0.0512614 0.0530586 0.0537772 0.0537523 0.0533044 0.0527186 0.0522141 0.0519056 0.0517665 0.0515962 0.0509987 0.0494125 0.0462505 0.0411588 0.0342844 0.0263605
 0.00507383 0.00832044 0.0126728 0.0181482 0.0246146 0.0316861 0.0387026 0.0449021 0.0497051 0.0529002 0.0546139 0.0551505 0.0548515 0.0540369 0.0529924 0.05196 0.0511099 0.05049 0.0499601 0.0491471 0.0474776 0.0443414 0.0393704 0.0327056 0.0250665
 0.00529877 0.00868643 0.0132243 0.0189269 0.0256522 0.0329925 0.0402538 0.0466356 0.0515284 0.0547072 0.0562996 0.0566184 0.0560165 0.0548232 0.0533312 0.05179 0.0503887 0.0492146 0.0481871 0.0469954 0.0451119 0.0419452 0.0371204 0.0307496 0.0235023
 0.00547543 0.0089852 0.0136954 0.0196245 0.0266233 0.0342592 0.0417965 0.0483875 0.0533877 0.0565586 0.0580342 0.0581428 0.0572522 0.0557023 0.0537914 0.0517721 0.0498409 0.048107 0.0465332 0.0448737 0.042672 0.0393921 0.0346778 0.0286138 0.0218011
 0.00566877 0.00931273 0.0142132 0.0203939 0.0276993 0.0356708 0.0435266 0.0503639 0.0554918 0.0586482 0.059968 0.0597991 0.058539 0.0565575 0.0541746 0.0516528 0.0491904 0.0469024 0.044777 0.0426215 0.0400551 0.0366168 0.031992 0.0262493 0.0199154
 0.00594861 0.00975899 0.0148695 0.0212973 0.0288766 0.0371316 0.0452522 0.0522996 0.0575474 0.0607074 0.0619027 0.0614838 0.0598643 0.0574395 0.054558 0.0515057 0.0484948 0.04565 0.0429776 0.0403266 0.0373848 0.0337688 0.0292164 0.0237907 0.0179471
 0.00609909 0.0100267 0.0153142 0.0219875 0.0298721 0.0384576 0.0468785 0.0541386 0.0594772 0.0626044 0.0636633 0.0630271 0.0611211 0.0583436 0.0550455 0.05152 0.0479929 0.0446071 0.0413962 0.0382529 0.0349295 0.0311161 0.0266042 0.0214575 0.016067
 0.00624194 0.0102842 0.0157494 0.0226767 0.0308902 0.0398528 0.0486444 0.0562001 0.0616969 0.0648085 0.0656754 0.0646997 0.0623559 0.0590935 0.0552989 0.0512793 0.0472586 0.0433765 0.0396772 0.0360881 0.0324213 0.0284382 0.023983 0.0191223 0.0141869
 0.00656234 0.010796 0.0165035 0.0237168 0.0322474 0.0415363 0.0506277 0.0584101 0.0640144 0.0670802 0.0677333 0.0663847 0.0635408 0.0597013 0.0553079 0.0507116 0.0461585 0.0417917 0.0376554 0.0336928 0.0297576 0.0256693 0.0213186 0.0167736 0.0123082
 0.00679162 0.0111771 0.017092 0.0245675 0.0334015 0.0430013 0.0523614 0.0603198 0.0659774 0.068972 0.0694469 0.0678308 0.0646398 0.0603796 0.0555054 0.0503937 0.0453227 0.0404658 0.0358918 0.0315693 0.0273873 0.0232084 0.0189557 0.0146944 0.0106467
 0.00700163 0.0115184 0.0176059 0.0252933 0.0343704 0.0442257 0.0538211 0.0619547 0.0676912 0.0706484 0.0709696 0.0691013 0.0655859 0.0609543 0.0556785 0.0501446 0.0446402 0.0393545 0.0343816 0.0297248 0.0253139 0.0210523 0.0168884 0.0128796 0.00919974
 0.007126 0.0117304 0.0179431 0.0257966 0.0350752 0.0451481 0.0549454 0.06323 0.069041 0.0719866 0.0722137 0.0701777 0.0664319 0.0615188 0.0559233 0.0500444 0.0441808 0.0385339 0.0332161 0.0282603 0.0236356 0.0192851 0.0151816 0.0113757 0.00799872
 0.0073955 0.0121571 0.0185638 0.0266371 0.0361452 0.046433 0.0563973 0.0647643 0.0705459 0.0733442 0.0733224 0.0709683 0.0668722 0.0616086 0.0556828 0.0495008 0.0433593 0.0374557 0.0319053 0.0267557 0.0220041 0.0176258 0.0136147 0.0100162 0.00692487
 0.00755271 0.0123897 0.0188719 0.0270085 0.0365618 0.046882 0.0568776 0.065286 0.0711222 0.0739793 0.0740017 0.0716533 0.0675042 0.0621202 0.0560118 0.0496013 0.0432062 0.0370431 0.031245 0.0258793 0.020968 0.0165129 0.0125255 0.0090481 0.00614759
 0.00762295 0.012492 0.0190031 0.0271566 0.0367079 0.0470048 0.0569608 0.0653264 0.0711375 0.0740104 0.0741033 0.0718739 0.0678619 0.0625887 0.0565238 0.0500673 0.0435388 0.0371764 0.0311453 0.0255487 0.0204435 0.0158615 0.0118331 0.00840071 0.00561046
 0.00768032 0.0125783 0.0191196 0.0272984 0.0368638 0.0471582 0.0570908 0.0654117 0.0711633 0.0739774 0.0740338 0.0718101 0.0678548 0.0626781 0.0567199 0.0503413 0.0438281 0.0374038 0.0312426 0.0254764 0.0202012 0.0154868 0.01139 0.00796032 0.00523108
 0.00767072 0.0125812 0.0191574 0.0274012 0.0370589 0.0474547 0.0574674 0.0658172 0.0715307 0.0742456 0.0741666 0.0718053 0.0677426 0.0625111 0.0565554 0.0502218 0.0437655 0.0373758 0.0312036 0.0253787 0.0200165 0.0152183 0.01107 0.00763642 0.0049472
 0.00772957 0.0126661 0.0192662 0.0275286 0.0372016 0.0476178 0.0576661 0.0660677 0.0718353 0.0745798 0.0744794 0.0720356 0.0678441 0.0624708 0.0563982 0.0499967 0.0435244 0.0371527 0.0310048 0.0251882 0.0198118 0.0149876 0.0108209 0.00739201 0.00473411
 0.00785694 0.0128495 0.0194981 0.0277857 0.0374509 0.0478266 0.0578122 0.0661465 0.0718607 0.0745796 0.0744835 0.0720609 0.067884 0.0624989 0.0563833 0.0499214 0.0433933 0.0369867 0.0308264 0.0250098 0.0196341 0.0148072 0.0106395 0.00721962 0.00458473
 0.00781594 0.0128066 0.0194759 0.0278162 0.0375624 0.0480255 0.0580711 0.0664094 0.0720662 0.0746886 0.0744953 0.0720085 0.0678128 0.0624428 0.0563515 0.0499014 0.043364 0.0369329 0.030745 0.0249065 0.0195171 0.0146832 0.010515 0.00710251 0.00448364
 0.00778282 0.0127522 0.0193948 0.0277076 0.0374356 0.0479045 0.0579939 0.066416 0.0721783 0.0748933 0.0747458 0.0722446 0.0679891 0.0625456 0.0563947 0.0499087 0.0433527 0.0369082 0.0307046 0.0248483 0.0194426 0.014598 0.0104268 0.00701917 0.0044122
 0.00777676 0.0127283 0.0193333 0.0275827 0.0372234 0.0475964 0.0576084 0.0660019 0.0718062 0.0746356 0.0746538 0.0723311 0.0682249 0.0628726 0.0567494 0.0502426 0.0436402 0.0371413 0.0308837 0.024976 0.0195228 0.0146372 0.0104344 0.00700662 0.00439052
 0.00784403 0.0128237 0.0194502 0.0277031 0.0373201 0.0476371 0.0575628 0.0658503 0.0715494 0.0743025 0.0743002 0.0720259 0.0680283 0.0628147 0.0568225 0.0504088 0.0438501 0.0373514 0.0310658 0.025117 0.0196203 0.0146954 0.0104611 0.00701166 0.00438358
 0.00792137 0.0129517 0.0196455 0.0279791 0.0376791 0.0480609 0.0580057 0.0662431 0.0718159 0.0743838 0.0741757 0.071721 0.0676066 0.0623584 0.0564071 0.0500835 0.0436292 0.0372202 0.0309953 0.0250782 0.0195929 0.0146691 0.0104334 0.00698418 0.00435919
 0.00778873 0.0127388 0.0193321 0.0275534 0.0371456 0.0474504 0.0573798 0.0656858 0.0714096 0.0741811 0.0741816 0.0718982 0.0678973 0.0627094 0.0567851 0.0504752 0.0440306 0.0376246 0.0313869 0.0254349 0.0198943 0.0149033 0.0105998 0.00709169 0.0044219
 0.00783691 0.0128109 0.019428 0.0276664 0.0372616 0.047548 0.0574333 0.0656725 0.0713197 0.0740248 0.0739882 0.0717046 0.0677328 0.0625873 0.056705 0.0504318 0.0440208 0.0376484 0.0314422 0.0255138 0.0199827 0.0149863 0.0106665 0.00713796 0.00444967
 0.00795511 0.0129701 0.0196071 0.0278258 0.0373553 0.0475411 0.0573168 0.0654641 0.0710542 0.07374 0.0737166 0.0714716 0.0675576 0.0624823 0.0566729 0.0504649 0.0441044 0.0377656 0.0315785 0.0256566 0.0201206 0.0151085 0.0107649 0.0072094 0.00449598
 0.00785745 0.0128412 0.0194662 0.0277048 0.0372833 0.0475251 0.0573301 0.0654557 0.0709752 0.0735725 0.0734846 0.0712286 0.0673615 0.0623732 0.0566655 0.0505518 0.0442647 0.037973 0.031807 0.0258839 0.0203292 0.0152863 0.0109052 0.007311 0.00456298
 0.00775143 0.0126767 0.0192353 0.0274103 0.0369437 0.0471774 0.0570267 0.06525 0.0708993 0.0736184 0.0736064 0.0713667 0.0674736 0.0624522 0.056733 0.0506385 0.0443914 0.038143 0.0320085 0.0260971 0.0205337 0.0154657 0.0110495 0.00741728 0.00463425
 0.00766702 0.0125404 0.0190325 0.0271294 0.0365806 0.046742 0.0565489 0.0647813 0.0705043 0.073358 0.0735175 0.0714487 0.0676897 0.0627454 0.0570502 0.0509479 0.0446851 0.0384262 0.0322859 0.0263655 0.0207825 0.0156817 0.0112232 0.00754554 0.00472066
 0.00773793 0.0126337 0.0191321 0.027206 0.0365987 0.0466717 0.056377 0.064516 0.0701736 0.0730044 0.0731903 0.0711947 0.067542 0.0627138 0.0571199 0.0510877 0.0448619 0.0386162 0.0324768 0.0265517 0.0209586 0.0158402 0.0113559 0.00764743 0.00479171
 0.00846664 0.0136698 0.0204152 0.0285841 0.0378674 0.047641 0.056926 0.0646119 0.0698563 0.0723593 0.0723251 0.0702225 0.0665672 0.0618201 0.0563608 0.0504847 0.0444089 0.038291 0.032253 0.0264059 0.0208722 0.0157975 0.0113425 0.00765033 0.00480089
 0.00916873 0.0147869 0.022041 0.0307623 0.0405516 0.0506508 0.0599286 0.0671694 0.0715487 0.072929 0.0717592 0.0687289 0.0644718 0.0594547 0.053991 0.0482871 0.0424803 0.0366686 0.0309355 0.0253711 0.0200883 0.0152287 0.0109511 0.00739751 0.00464909
 0.00914292 0.0148449 0.0223124 0.0314272 0.0417918 0.0525692 0.0624736 0.0701055 0.0744925 0.0754382 0.0734436 0.0693492 0.0639957 0.0580489 0.0519541 0.0459531 0.0401377 0.0345182 0.029088 0.0238668 0.0189214 0.0143672 0.0103488 0.00700189 0.00440714
 0.00883265 0.0143867 0.0217157 0.0307494 0.0411464 0.0521241 0.0624323 0.0706583 0.0757409 0.0773196 0.0757054 0.0716012 0.0658268 0.0591555 0.0522214 0.0454631 0.0391087 0.0332167 0.0277506 0.0226578 0.0179267 0.01361 0.00981205 0.00664761 0.00419028
 0.0087636 0.0142325 0.0214097 0.0302131 0.0403221 0.0510225 0.0611707 0.0694624 0.074895 0.077082 0.0762196 0.0728363 0.0675711 0.06107 0.0539418 0.0467094 0.0397593 0.0333147 0.0274523 0.0221553 0.0173844 0.0131334 0.00944705 0.0063972 0.00403456
 0.00863229 0.0140375 0.0211475 0.0298845 0.0399218 0.0505295 0.060552 0.0686983 0.0740187 0.0762099 0.0755432 0.0725663 0.0678523 0.0619086 0.0551861 0.0480978 0.0410141 0.0342361 0.0279694 0.0223179 0.0173111 0.0129512 0.00925089 0.00623751 0.00392545
 0.00872529 0.0141716 0.0213179 0.0300761 0.0401133 0.0506983 0.0606749 0.0687467 0.0739552 0.0759962 0.0751658 0.0720674 0.0673407 0.0615313 0.0550651 0.0482675 0.0413998 0.0346897 0.0283403 0.0225157 0.017328 0.0128409 0.00908734 0.00608023 0.00380517
 0.0087223 0.0141801 0.0213541 0.0301607 0.0402626 0.0509123 0.0609295 0.0689966 0.0741469 0.0760842 0.0751229 0.0718888 0.0670481 0.0611775 0.0547299 0.0480353 0.041323 0.034761 0.0284956 0.0226691 0.0174151 0.0128429 0.00902558 0.00599252 0.00372336
 0.0086434 0.0140563 0.0211776 0.0299309 0.0399906 0.0506245 0.0606676 0.0688086 0.0740706 0.0761296 0.0752658 0.0720803 0.0672346 0.0613215 0.0548233 0.0480997 0.0413963 0.0348749 0.0286552 0.022849 0.017575 0.0129513 0.00907454 0.00599571 0.00370328
 0.00871309 0.0141494 0.0212805 0.0300183 0.0400323 0.0505974 0.0605661 0.0686485 0.0738849 0.0759587 0.0751439 0.0720244 0.0672391 0.0613626 0.0548715 0.0481353 0.0414177 0.0348955 0.0286908 0.0229045 0.0176405 0.013009 0.00911058 0.00600754 0.00369793
 0.00878016 0.0142398 0.0213814 0.0301046 0.0400715 0.0505587 0.0604301 0.0684146 0.0735743 0.0756128 0.0748176 0.0717728 0.0671016 0.0613507 0.0549676 0.0483022 0.0416149 0.0350926 0.0288724 0.0230656 0.0177788 0.0131207 0.00919195 0.0060586 0.00372404
 0.00871314 0.0141599 0.0213132 0.0300853 0.0401358 0.0507176 0.0606563 0.0686458 0.0737369 0.075652 0.0747188 0.0715646 0.0668413 0.0611023 0.0547809 0.0482007 0.0415953 0.0351337 0.0289477 0.0231529 0.017863 0.013193 0.00924761 0.00609631 0.00374582
 0.00880934 0.014278 0.0214226 0.0301396 0.0400928 0.0505662 0.0604322 0.0684207 0.0735828 0.0756031 0.0747566 0.0716346 0.0668888 0.0611011 0.0547401 0.048151 0.041568 0.0351457 0.0289979 0.0232281 0.0179461 0.01327 0.00930983 0.00614083 0.00377392
 0.00890615 0.0144364 0.0216601 0.0304654 0.0404972 0.0510099 0.0608444 0.0687171 0.0736991 0.0755262 0.0745295 0.0713302 0.0665713 0.0608029 0.054466 0.0478975 0.0413384 0.0349516 0.0288508 0.0231312 0.017893 0.0132479 0.00930548 0.00614389 0.00377829
 0.00885127 0.0143587 0.0215651 0.0303677 0.0404186 0.050974 0.0608696 0.0688076 0.0738388 0.0756796 0.0746542 0.0713955 0.0665724 0.0607591 0.0544052 0.0478406 0.0412939 0.0349207 0.0288334 0.0231282 0.0179037 0.0132687 0.00933034 0.00616698 0.00379607
 0.00878186 0.0142358 0.021363 0.0300606 0.0399916 0.050439 0.0602762 0.0682393 0.0733909 0.0754274 0.0746281 0.071575 0.0669 0.0611649 0.05483 0.0482464 0.0416626 0.0352459 0.0291137 0.0233641 0.0180969 0.0134215 0.00944583 0.00624917 0.00385029
 0.00886281 0.0143871 0.0216243 0.0304727 0.0405773 0.0511767 0.0610848 0.0689893 0.0739457 0.0756941 0.0745876 0.0712775 0.0664323 0.0606152 0.0542649 0.0477073 0.0411725 0.0348174 0.028754 0.0230756 0.0178776 0.0132646 0.00934098 0.0061843 0.00381336
 0.00937334 0.0151357 0.0226009 0.0316187 0.0418055 0.0524021 0.0622418 0.0700258 0.0748026 0.0762929 0.0748422 0.0711264 0.0658723 0.0597119 0.0531349 0.0464828 0.0399684 0.033715 0.0278003 0.0222908 0.0172629 0.0128082 0.00902189 0.00597574 0.00368692
#obs surv len freq
 nan nan nan nan nan nan nan nan nan nan nan nan nan nan nan nan nan nan nan nan nan nan nan nan nan
 0.00448226 0.00734269 0.0111721 0.0159884 0.02169 0.0279669 0.0342825 0.0400151 0.0446954 0.0481595 0.0505172 0.0520126 0.0529043 0.0534162 0.05373 0.0539846 0.0542629 0.0545555 0.0546942 0.054286 0.052724 0.0493562 0.0438059 0.036286 0.0276697
 0.00461404 0.00755799 0.0114978 0.0164493 0.0223028 0.0287311 0.0351713 0.0409722 0.0456428 0.0490123 0.0511995 0.0524691 0.053106 0.0533609 0.0534388 0.0534939 0.0536158 0.0537943 0.0538578 0.0534114 0.0518497 0.0485249 0.0430621 0.0356672 0.0271968
 0.00478127 0.00783152 0.0119125 0.0170387 0.0230919 0.0297265 0.0363491 0.0422736 0.0469802 0.0502836 0.0523039 0.0533187 0.0536347 0.0535306 0.0532423 0.0529531 0.0527755 0.0527137 0.052603 0.0520526 0.0504624 0.0471898 0.0418595 0.0346632 0.026428
 0.00496334 0.00813184 0.0123725 0.0176999 0.0239879 0.0308699 0.0377184 0.043808 0.048587 0.051854 0.0537287 0.0544978 0.0544828 0.0539818 0.0532554 0.0525165 0.0519091 0.0514671 0.0510517 0.0502938 0.0486114 0.0453741 0.0402049 0.0332727 0.0253593
 0.005175 0.00847573 0.0128901 0.0184303 0.0249621 0.0320997 0.0391852 0.0454562 0.0503298 0.0535868 0.0553427 0.0558898 0.05556 0.0546648 0.053482 0.052246 0.0511285 0.0501978 0.0493548 0.0482725 0.0464086 0.0431604 0.0381551 0.0315325 0.0240136
 0.00540792 0.00885794 0.0134717 0.0192599 0.0260763 0.0335089 0.0408576 0.0473149 0.0522652 0.0554791 0.0570811 0.0573801 0.0567226 0.0554311 0.0537914 0.0520482 0.0503895 0.0489113 0.0475563 0.046053 0.0439196 0.0406028 0.0357475 0.0294645 0.0224015
 0.00564761 0.00924952 0.0140648 0.0201026 0.0272068 0.0349413 0.0425675 0.0492321 0.0542823 0.0574705 0.0589235 0.0589659 0.0579652 0.0562637 0.0541615 0.0519116 0.0497098 0.0476681 0.0457638 0.0437818 0.0413126 0.0378701 0.0331333 0.0271909 0.0206129
 0.00588697 0.00964271 0.0146641 0.0209593 0.0283612 0.0364074 0.0443166 0.0511886 0.0563338 0.0594905 0.0607905 0.0605747 0.0592299 0.0571164 0.0545496 0.0517939 0.0490532 0.0464516 0.0439926 0.041512 0.0386733 0.0350671 0.0304189 0.0248051 0.0187198
 0.00613221 0.0100437 0.015272 0.0218234 0.0295202 0.0378744 0.046064 0.0531416 0.0583808 0.061503 0.0626447 0.0621636 0.0604687 0.0579413 0.0549139 0.0516622 0.0483976 0.0452536 0.0422554 0.0392836 0.0360708 0.0322849 0.0277043 0.0224012 0.0167991
 0.00638101 0.0104523 0.0158946 0.0227124 0.0307158 0.0393877 0.0478605 0.0551358 0.0604496 0.0635103 0.0644643 0.0636919 0.0616274 0.0586756 0.0551871 0.05145 0.0476828 0.0440259 0.040522 0.0370897 0.033524 0.0295659 0.0250472 0.0200407 0.0149056
 0.00663136 0.0108623 0.0165171 0.0235985 0.0319045 0.0408902 0.0496432 0.0571148 0.0625011 0.0654946 0.0662491 0.065168 0.0627148 0.0593232 0.0553675 0.0511518 0.0469029 0.0427674 0.0388009 0.0349533 0.031073 0.0269662 0.0225139 0.0177911 0.0130991
 0.00683872 0.0112069 0.0170495 0.0243704 0.0329583 0.042242 0.0512665 0.0589342 0.0644034 0.0673504 0.0679339 0.0665756 0.0637632 0.0599558 0.0555523 0.0508762 0.0461681 0.0415846 0.0371948 0.0329751 0.0288188 0.0245869 0.0202019 0.0157404 0.0114522
 0.00706353 0.0115725 0.0176 0.0251472 0.0339923 0.0435416 0.0528041 0.0606404 0.0661746 0.0690673 0.06948 0.067851 0.0646913 0.0604858 0.0556572 0.0505485 0.0454142 0.0404221 0.0356551 0.0311133 0.0267275 0.0224035 0.0180973 0.0138837 0.00996612
 0.0072709 0.0119126 0.0181171 0.0258833 0.0349779 0.0447811 0.0542624 0.0622398 0.0678077 0.0706189 0.0708471 0.068952 0.0654677 0.0608996 0.0556882 0.0501916 0.0446773 0.039324 0.0342287 0.0294133 0.0248407 0.0204534 0.0162325 0.0122487 0.00866325
 0.00747143 0.0122418 0.0186183 0.0265978 0.035936 0.0459877 0.0556827 0.0637947 0.0693856 0.0720979 0.0721175 0.0699305 0.0661021 0.0611664 0.0555865 0.0497347 0.0438866 0.0382269 0.0328616 0.0278296 0.0231195 0.0187029 0.0145796 0.0108135 0.0075282
 0.00754743 0.0123704 0.0188219 0.0269026 0.0363689 0.0465706 0.0564245 0.0646847 0.0703903 0.0731622 0.073169 0.070888 0.0668862 0.0617109 0.0558455 0.0496855 0.043527 0.0375716 0.0319408 0.0266915 0.0218354 0.0173676 0.0133021 0.00969557 0.00663996
 0.00757922 0.0124186 0.0188887 0.0269902 0.036482 0.0467201 0.0566289 0.064968 0.0707753 0.0736615 0.0737757 0.0715708 0.0675901 0.062364 0.0563716 0.050017 0.0436156 0.0373943 0.0315018 0.0260227 0.0209957 0.0164397 0.0123813 0.00887148 0.00597581
 0.00767505 0.0125616 0.01908 0.0272216 0.0367385 0.0469831 0.056881 0.065197 0.070979 0.0738499 0.0739698 0.0717939 0.067855 0.0626623 0.0566702 0.0502632 0.04375 0.0373658 0.031281 0.0256105 0.0204257 0.015774 0.0116982 0.00824739 0.00546639
 0.00772876 0.0126474 0.0192055 0.0273915 0.0369512 0.0472281 0.0571367 0.0654346 0.0711705 0.0739798 0.0740423 0.0718314 0.0678895 0.0627217 0.0567656 0.0503818 0.0438562 0.037411 0.0312194 0.0254151 0.0200997 0.0153515 0.011236 0.0078073 0.00509724
 0.00777725 0.0127188 0.0192996 0.0275036 0.0370748 0.0473573 0.0572679 0.0655646 0.0712945 0.0740892 0.0741271 0.0718854 0.0679156 0.0627326 0.0567787 0.0504094 0.0438957 0.037442 0.0312092 0.0253323 0.0199289 0.0151025 0.0109416 0.0075116 0.00483982
 0.0078039 0.0127581 0.019351 0.0275638 0.0371375 0.0474151 0.0573141 0.0655951 0.0713098 0.074095 0.0741322 0.0718979 0.0679391 0.0627669 0.0568219 0.0504601 0.0439513 0.0374943 0.0312423 0.0253253 0.0198655 0.0149802 0.0107759 0.00733065 0.00467307
 0.00785932 0.0128431 0.019469 0.0277137 0.0373131 0.0476048 0.0575007 0.0657578 0.0714282 0.0741553 0.0741313 0.0718444 0.0678497 0.0626606 0.0567151 0.0503636 0.0438699 0.0374267 0.0311811 0.0252588 0.0197815 0.0148727 0.0106491 0.00719827 0.00455226
 0.0078636 0.0128533 0.0194904 0.0277527 0.0373756 0.0476927 0.0576098 0.0658772 0.0715427 0.0742496 0.0741939 0.0718694 0.0678381 0.0626197 0.056656 0.0502981 0.0438074 0.037372 0.0311329 0.0252113 0.019727 0.014806 0.0105707 0.00711515 0.0044747
 0.00788222 0.0128736 0.0195031 0.0277444 0.0373343 0.0476152 0.057507 0.0657723 0.0714627 0.0742139 0.0742078 0.0719243 0.0679171 0.062705 0.0567344 0.0503633 0.0438586 0.0374111 0.0311616 0.0252287 0.0197306 0.0147936 0.0105432 0.00707755 0.00443453
 0.00789955 0.0128988 0.0195349 0.0277783 0.0373617 0.0476244 0.0574849 0.0657099 0.0713607 0.0740872 0.0740826 0.0718292 0.067872 0.0627138 0.0567864 0.0504404 0.0439429 0.0374899 0.0312277 0.0252789 0.0197634 0.0148088 0.0105425 0.00706512 0.00441609
 0.00788431 0.0128763 0.019505 0.0277424 0.0373218 0.047582 0.0574401 0.0656608 0.0713043 0.0740214 0.0740094 0.0717573 0.0678159 0.0626895 0.0568041 0.0504998 0.0440336 0.0375954 0.031332 0.02537 0.0198343 0.0148574 0.0105703 0.00707626 0.00441627
 0.00787858 0.0128618 0.019474 0.0276852 0.0372307 0.0474559 0.0572879 0.0655009 0.0711586 0.0739077 0.0739363 0.0717245 0.0678182 0.0627222 0.0568654 0.0505891 0.044148 0.0377274 0.0314693 0.0254991 0.0199442 0.0149417 0.0106282 0.00711111 0.00443395
 0.00788421 0.0128695 0.0194826 0.0276917 0.0372297 0.0474397 0.0572481 0.065431 0.0710585 0.0737862 0.0738103 0.0716136 0.0677385 0.0626816 0.0568642 0.0506231 0.0442113 0.0378128 0.0315684 0.0256015 0.0200391 0.0150208 0.010687 0.00714996 0.0044564
 0.00785042 0.0128143 0.0193994 0.027575 0.0370771 0.0472547 0.0570418 0.0652215 0.0708661 0.0736287 0.0736995 0.0715558 0.0677361 0.062734 0.0569672 0.0507683 0.0443866 0.0380047 0.031763 0.0257861 0.0202028 0.0151557 0.0107894 0.00722092 0.00450089
 0.0078547 0.0128153 0.0193898 0.0275443 0.0370139 0.0471512 0.0568976 0.0650452 0.0706743 0.0734419 0.0735379 0.0714356 0.0676676 0.0627212 0.0570084 0.0508577 0.0445151 0.0381604 0.0319322 0.0259546 0.0203579 0.0152875 0.0108925 0.00729458 0.00454868
 0.00782313 0.0127678 0.019325 0.0274626 0.0369165 0.0470382 0.0567679 0.0648986 0.0705138 0.0732765 0.0733831 0.07131 0.0675882 0.0626992 0.0570471 0.0509526 0.044656 0.0383334 0.0321218 0.0261449 0.0205345 0.0154391 0.0110124 0.00738156 0.00460615
 0.00778911 0.0127137 0.0192461 0.0273561 0.0367827 0.0468821 0.0566001 0.0647332 0.0703647 0.0731532 0.0732891 0.0712454 0.0675538 0.0626985 0.0570854 0.0510333 0.0447777 0.038489 0.032299 0.0263287 0.0207096 0.0155928 0.0111364 0.00747304 0.00466764
 0.00776067 0.0126646 0.0191671 0.0272376 0.0366176 0.0466702 0.0563521 0.0644709 0.070117 0.0729482 0.0731473 0.0711757 0.0675542 0.0627596 0.0571955 0.0511821 0.0449568 0.0386904 0.0325131 0.0265432 0.0209112 0.0157689 0.0112786 0.00757849 0.00473897
 0.00773612 0.0126205 0.0190933 0.0271218 0.0364487 0.0464431 0.056072 0.0641557 0.0697953 0.0726541 0.0729136 0.0710282 0.0675063 0.0628111 0.0573337 0.0513867 0.0452054 0.0389625 0.032791 0.0268117 0.0211564 0.0159794 0.0114471 0.00770299 0.00482322
 0.00930002 0.0148096 0.021735 0.0298368 0.0387606 0.0479533 0.0565992 0.0637632 0.0687127 0.0711616 0.0712563 0.0693825 0.0659838 0.0614737 0.0562082 0.0504747 0.0444922 0.0384239 0.0323997 0.0265404 0.0209795 0.0158731 0.0113897 0.00767637 0.00481349
 0.00930052 0.0150983 0.0226764 0.0318815 0.0422485 0.0528483 0.0623206 0.0692795 0.0729061 0.073267 0.0711133 0.0673807 0.0627945 0.0577647 0.0524776 0.0470204 0.0414567 0.0358539 0.0302913 0.024865 0.0196954 0.0149305 0.0107329 0.00724588 0.00455061
 0.00895194 0.014553 0.021917 0.030962 0.0413458 0.0522954 0.0625661 0.0707268 0.0756717 0.0770008 0.0750428 0.0706024 0.0646494 0.0580667 0.0514845 0.0452225 0.0393461 0.0337903 0.0284761 0.0233781 0.018544 0.0140843 0.0101444 0.00686141 0.00431652
 0.00878079 0.0142626 0.0214584 0.0302861 0.0404226 0.0511489 0.0613162 0.0696159 0.0750419 0.0771977 0.0762606 0.0727411 0.0672857 0.0605919 0.0533494 0.0461463 0.0393713 0.033183 0.0275647 0.0224295 0.017717 0.0134422 0.00968852 0.00656245 0.00413527
 0.00871457 0.0141503 0.0212796 0.0300157 0.0400326 0.0506142 0.0606265 0.068794 0.0741653 0.0764151 0.0757817 0.0727827 0.0679751 0.0618739 0.0549647 0.0477163 0.0405544 0.0338063 0.0276581 0.0221605 0.0172868 0.0130074 0.00933403 0.00631229 0.00397799
 0.00869287 0.0141114 0.0212141 0.0299113 0.0398753 0.0503904 0.060325 0.0684091 0.0737005 0.0758922 0.0752541 0.0723456 0.0677569 0.061995 0.0554746 0.0485441 0.0415144 0.0346698 0.0282513 0.0224271 0.0172837 0.0128489 0.00912987 0.00613267 0.00384989
 0.00869076 0.0141075 0.0212069 0.0298982 0.0398517 0.0503488 0.0602552 0.0682985 0.0735368 0.0756673 0.0749704 0.0720239 0.0674438 0.0617632 0.0554056 0.0486935 0.0418752 0.0351601 0.0287431 0.0228037 0.0174876 0.0128935 0.00907317 0.00603871 0.00376274
 0.00867872 0.0140898 0.0211836 0.0298706 0.0398216 0.0503175 0.0602224 0.0682614 0.0734897 0.0756016 0.0748764 0.0718955 0.0672847 0.0615935 0.0552638 0.0486286 0.0419262 0.0353329 0.0289994 0.0230745 0.0177052 0.0130211 0.0091141 0.00602278 0.00372435
 0.00866927 0.0140741 0.0211596 0.0298365 0.0397768 0.0502637 0.060164 0.0682047 0.0734408 0.0755631 0.0748457 0.0718649 0.0672452 0.0615403 0.055202 0.0485762 0.0419097 0.0353748 0.0291043 0.023222 0.0178581 0.0131435 0.0091876 0.00605043 0.00372248
 0.00867451 0.0140808 0.0211662 0.0298403 0.0397745 0.0502521 0.0601415 0.068172 0.0734006 0.0755198 0.074804 0.0718278 0.0672125 0.0615091 0.0551697 0.0485439 0.0418855 0.0353718 0.0291332 0.0232833 0.0179392 0.0132241 0.00924992 0.00608696 0.00373652
 0.00867065 0.0140782 0.0211689 0.0298536 0.039803 0.0502968 0.0601971 0.0682278 0.073444 0.0755408 0.0747985 0.071798 0.0671648 0.0614511 0.0551076 0.0484829 0.0418306 0.0353293 0.02911 0.0232834 0.0179603 0.0132571 0.0092833 0.00611198 0.00375031
 0.00863545 0.0140239 0.021093 0.0297569 0.0396903 0.0501779 0.0600865 0.0681421 0.0733967 0.0755375 0.0748346 0.0718611 0.0672402 0.0615266 0.0551761 0.0485418 0.0418807 0.0353733 0.0291518 0.0233264 0.0180055 0.0133024 0.00932403 0.00614378 0.00377135
 0.00864579 0.0140348 0.0210987 0.0297485 0.0396587 0.050118 0.0600005 0.0680406 0.0732963 0.0754555 0.0747842 0.0718478 0.0672612 0.0615723 0.0552344 0.0486019 0.0419358 0.0354211 0.0291932 0.0233638 0.0180408 0.0133357 0.00935388 0.00616796 0.00378855
 0.00863461 0.0140194 0.0210802 0.0297289 0.0396391 0.0500964 0.0599716 0.0679976 0.0732351 0.0753794 0.0747043 0.0717804 0.0672209 0.0615671 0.0552632 0.0486559 0.0420032 0.035491 0.0292584 0.023421 0.0180896 0.0133765 0.00938684 0.00619313 0.0038062
 0.00860013 0.013969 0.0210151 0.0296541 0.0395625 0.0500268 0.0599163 0.0679604 0.0732155 0.0753725 0.0747034 0.0717803 0.0672213 0.061573 0.0552816 0.0486917 0.0420558 0.0355549 0.0293259 0.0234851 0.0181457 0.0134226 0.00942271 0.00621942 0.00382413
 0.00860013 0.013969 0.0210151 0.0296541 0.0395625 0.0500268 0.0599163 0.0679604 0.0732155 0.0753725 0.0747034 0.0717803 0.0672213 0.061573 0.0552816 0.0486917 0.0420558 0.0355549 0.0293259 0.0234851 0.0181457 0.0134226 0.00942271 0.00621942 0.00382413
 0.00884883 0.0143558 0.021563 0.030369 0.0404277 0.0509977 0.0609164 0.0688864 0.0739556 0.0758333 0.0748328 0.0715764 0.0667275 0.0608639 0.0544463 0.0478174 0.0412152 0.0347992 0.0286833 0.022965 0.0177442 0.0131278 0.00921796 0.00608608 0.00374342
 0.00898457 0.0145953 0.0219566 0.0309707 0.0412771 0.0520935 0.0621952 0.0702219 0.0751848 0.0767986 0.0754182 0.0717268 0.0664493 0.0602151 0.053521 0.0467279 0.0400733 0.0337009 0.027699 0.0221364 0.0170863 0.0126351 0.00887105 0.0058576 0.00360365
#pred catch len freq
 0.00313807 0.0051187 0.00776921 0.0111477 0.0152986 0.0201994 0.0257018 0.0315298 0.0373409 0.0427977 0.0476161 0.0515986 0.0546576 0.0568164 0.0581824 0.0589132 0.0591929 0.0591982 0.0590178 0.0585177 0.0572336 0.0544329 0.0494384 0.042093 0.0330492
 0.00333323 0.00537923 0.00805833 0.0114009 0.0154475 0.0202059 0.0255795 0.0313364 0.037143 0.0426329 0.0474798 0.0514632 0.0545108 0.0566895 0.0581494 0.0590592 0.0595649 0.0597623 0.0596461 0.0590208 0.0574313 0.0542336 0.0488812 0.0413274 0.0322636
 0.00341696 0.00554613 0.00836129 0.0118946 0.016159 0.0210982 0.0265342 0.0321794 0.0377119 0.0428469 0.0473647 0.0511181 0.0540479 0.056195 0.0576828 0.0586726 0.0593076 0.0596572 0.0596561 0.0590391 0.0573172 0.0538802 0.0482753 0.040559 0.0314787
 0.00357131 0.00578408 0.00869973 0.0123523 0.0167661 0.0219008 0.0275804 0.0334808 0.0391971 0.0443424 0.0486314 0.0519376 0.0543083 0.055923 0.0570107 0.0577721 0.058333 0.0587138 0.0587852 0.0582171 0.0564764 0.0529553 0.0472545 0.039505 0.0305016
 0.00373078 0.0060456 0.00909703 0.0129172 0.0175222 0.0228558 0.0287215 0.0347787 0.0406145 0.0458319 0.0501164 0.0532894 0.0553511 0.0564828 0.0569851 0.057175 0.0572837 0.0573812 0.0573225 0.0567206 0.0549834 0.0514758 0.0458128 0.0381623 0.0293426
 0.00390292 0.00632339 0.00951268 0.0135031 0.0183092 0.0238678 0.0299651 0.036232 0.0422217 0.047508 0.0517595 0.0547918 0.0566022 0.0573658 0.0573836 0.0570004 0.0565134 0.0560784 0.05562 0.0547769 0.0529433 0.049457 0.0439164 0.0364833 0.0279622
 0.00411075 0.00665638 0.0100058 0.0141883 0.0192137 0.0250087 0.0313413 0.0378172 0.0439609 0.0493203 0.053544 0.056436 0.0579914 0.0583913 0.0579463 0.0570152 0.0559218 0.0548711 0.0538565 0.0525872 0.050507 0.0469725 0.0415734 0.0344397 0.026323
 0.00431615 0.00699078 0.0105107 0.0149048 0.0201772 0.0262397 0.0328336 0.0395303 0.045822 0.051234 0.0554039 0.0581346 0.0594261 0.0594672 0.0585767 0.0571214 0.0554382 0.0537598 0.0521309 0.0503337 0.0478912 0.044221 0.0389327 0.032126 0.0244775
 0.00452782 0.00733747 0.0110385 0.0156616 0.0212072 0.0275731 0.0344717 0.0414332 0.0479062 0.0533801 0.0574732 0.0599882 0.0609431 0.0605544 0.0591665 0.0571623 0.0548868 0.0525842 0.0503305 0.0479692 0.0451077 0.0412464 0.0360408 0.0295726 0.0224372
 0.00478421 0.00774223 0.011627 0.0164638 0.0222487 0.028874 0.0360394 0.0432506 0.0499205 0.055499 0.0595693 0.061915 0.0625563 0.0617322 0.0598206 0.0572359 0.0543456 0.0514103 0.0485308 0.0455991 0.0422996 0.0382189 0.0330705 0.0269304 0.0203159
 0.00500075 0.00810065 0.0121783 0.0172594 0.0233307 0.0302596 0.0377063 0.0451335 0.0519235 0.0575155 0.0614964 0.0636561 0.0640172 0.06282 0.0604487 0.0573313 0.0538546 0.0503029 0.0468089 0.0433147 0.0395777 0.0352674 0.0301573 0.0243245 0.0182142
 0.00522942 0.00847956 0.0127632 0.0181102 0.0245035 0.0317908 0.0395916 0.0473118 0.0542745 0.0598743 0.0636825 0.0655067 0.0654139 0.063697 0.0607801 0.0571097 0.0530739 0.0489569 0.0449052 0.0409014 0.0367708 0.0322634 0.0272125 0.0216985 0.0160986
 0.00553582 0.00896343 0.0134669 0.019069 0.0257465 0.0333383 0.0414453 0.0494391 0.0565954 0.0622573 0.0659548 0.0674793 0.0669165 0.0646093 0.0610468 0.0567317 0.0520855 0.0474027 0.0428351 0.0383854 0.0339272 0.029276 0.0243175 0.0191343 0.0140409
 0.00577919 0.00935792 0.0140587 0.0199011 0.0268518 0.0347286 0.0431002 0.0513014 0.0585789 0.0642601 0.0678683 0.0691897 0.0683057 0.065563 0.0614709 0.056569 0.0513224 0.0460654 0.040981 0.0361028 0.0313449 0.0265718 0.0217063 0.0168278 0.0121928
 0.00598807 0.00969221 0.0145533 0.0205885 0.0277605 0.0358779 0.0444899 0.0529007 0.0603203 0.066043 0.0695732 0.0706971 0.0695125 0.0663896 0.0618589 0.0564763 0.0507242 0.0449604 0.0394007 0.0341205 0.0290816 0.0241952 0.0194131 0.0148062 0.0105762
 0.00618067 0.0100026 0.0150155 0.0212332 0.0286101 0.0369392 0.0457453 0.0543046 0.0618031 0.067522 0.0709616 0.0719107 0.0704747 0.0670361 0.0621415 0.0563633 0.050198 0.0440184 0.0380618 0.0324375 0.0271525 0.0221638 0.017451 0.0130773 0.00919552
 0.00635968 0.0102874 0.0154338 0.0218093 0.0293642 0.0378838 0.0468767 0.0555934 0.0631885 0.0689146 0.0722563 0.0730052 0.0712876 0.0675171 0.0622691 0.0561356 0.0496227 0.0431085 0.0368406 0.0309496 0.0254766 0.0204165 0.0157736 0.0116055 0.00802402
 0.00644005 0.0104043 0.0155856 0.0219894 0.0295683 0.0381196 0.0471696 0.0559824 0.0637124 0.0695931 0.0730741 0.0739073 0.0721871 0.0683132 0.0628686 0.0564685 0.0496478 0.042812 0.0362326 0.0300661 0.0243838 0.0192121 0.0145762 0.0105305 0.00715514
 0.00647934 0.01046 0.0156537 0.0220601 0.0296275 0.0381535 0.0471714 0.05596 0.063695 0.0696309 0.0732272 0.0742232 0.0726765 0.0689367 0.0635417 0.0570832 0.0501004 0.0430248 0.0361661 0.0297226 0.0238066 0.0184799 0.0137898 0.00979085 0.0065392
 0.0065442 0.0105572 0.0157843 0.0222183 0.0298009 0.0383238 0.0473164 0.0560574 0.0637293 0.0696028 0.0731605 0.0741639 0.0726806 0.0690488 0.0637734 0.0574019 0.0504346 0.0432858 0.0362754 0.0296346 0.0235211 0.0180408 0.0132715 0.00927632 0.0060962
 0.00656112 0.0105968 0.0158655 0.0223646 0.0300319 0.0386439 0.0477048 0.0564674 0.0640994 0.0698749 0.0732971 0.0741597 0.0725639 0.0688734 0.0636012 0.0572796 0.0503754 0.0432639 0.0362381 0.029527 0.0233107 0.0177314 0.0129011 0.00890058 0.00576648
 0.00660116 0.0106542 0.0159391 0.022452 0.0301349 0.0387739 0.0478826 0.0567141 0.0644195 0.0702423 0.0736557 0.0744405 0.0727126 0.0688719 0.0634726 0.0570752 0.0501505 0.0430545 0.03605 0.0293409 0.0231004 0.017484 0.0126262 0.0086263 0.00552489
 0.00669537 0.0107886 0.0161061 0.0226322 0.0303019 0.0389031 0.0479611 0.0567461 0.0644264 0.0702563 0.0737062 0.074538 0.0728396 0.0689889 0.0635374 0.0570639 0.0500666 0.0429212 0.035893 0.0291747 0.0229262 0.0172986 0.0124327 0.00843738 0.00535834
 0.00667435 0.010772 0.0161124 0.0226862 0.0304241 0.0390957 0.0481984 0.0569794 0.0646038 0.0703461 0.0737111 0.0744905 0.0727824 0.0689525 0.063527 0.0570625 0.0500497 0.0428719 0.0358084 0.0290622 0.0227958 0.0171584 0.0122906 0.00830279 0.00524163
 0.00661706 0.0106827 0.0159869 0.0225278 0.030248 0.0389322 0.04809 0.0569686 0.0647127 0.0705603 0.073981 0.074753 0.0729899 0.0690899 0.0636071 0.0571078 0.0500748 0.042879 0.0357928 0.0290203 0.0227294 0.0170745 0.0121986 0.00821289 0.00516286
 0.00660171 0.0106476 0.0159156 0.022399 0.0300421 0.0386414 0.0477288 0.0565786 0.0643575 0.0703098 0.0738889 0.0748371 0.0732248 0.0694182 0.0639638 0.0574426 0.0503612 0.0431091 0.0359671 0.0291414 0.0228013 0.0171039 0.0121958 0.00819039 0.00513258
 0.00667631 0.0107545 0.0160489 0.0225409 0.0301643 0.0387088 0.0477068 0.0564419 0.0641022 0.069963 0.0735088 0.0744991 0.0729969 0.0693371 0.0640245 0.057606 0.0505741 0.0433241 0.0361531 0.029284 0.0228977 0.0171587 0.0122176 0.00818995 0.00512051
 0.00665566 0.0107317 0.0160339 0.0225487 0.030209 0.0387952 0.0478232 0.056559 0.06418 0.0699641 0.0734132 0.0743152 0.0727626 0.069109 0.0638576 0.0575332 0.0505967 0.0434168 0.0362785 0.0294079 0.0229984 0.0172275 0.0122561 0.00820532 0.00512165
 0.00659189 0.0106263 0.0158732 0.0223218 0.0299134 0.0384443 0.0474502 0.0562126 0.0639098 0.0698026 0.073365 0.0743594 0.0728675 0.069249 0.0640227 0.0577276 0.0508276 0.0436818 0.0365613 0.0296826 0.0232392 0.0174176 0.0123911 0.00829114 0.00517008
