SBPRF35
12.7214
Curr Bio
776755
B35
847457
F35
0.169917
FOFL
0.153372
OFL
96935.4
Bzero
3.63469e+006
#pred survey bio
 2.96041e+006 2.7216e+006 2.48753e+006 2.26345e+006 2.03158e+006 1.80671e+006 1.61786e+006 1.42253e+006 1.2331e+006 1.07481e+006 956112 866207 789417 728952 674417 637402 603896 584381 573880 558321 553644 542043 542760 551334 550359 551724 551987 558073 569516 580274 592877 599869 614853 617150 630661 637535 647297 647306 655069 654586 665182 684370 694336 694437 693281 693534 695766 741246 769910 810888 841483 854817 879615 885670 888864 872483 848606 842539 822722 806151 779134 768603 781551 2.70692e+007 1.60398e+007 1.61846e+007 1.7036e+007 1.83876e+007 1.99545e+007 2.15155e+007 2.29361e+007 2.41547e+007 2.51585e+007 2.59623e+007 2.65932e+007 2.70817e+007 2.74567e+007 2.77429e+007 2.79608e+007 2.81266e+007 2.8253e+007 2.83495e+007 2.84236e+007 2.84806e+007 2.85246e+007 2.85589e+007 2.85856e+007 2.86066e+007 2.86232e+007 2.86362e+007 2.86466e+007 2.86548e+007 2.86614e+007 2.86667e+007 2.86709e+007 2.86743e+007 2.86771e+007 2.86793e+007 2.86811e+007 2.86826e+007 2.86838e+007 2.86848e+007 2.86856e+007 2.86862e+007 2.86868e+007 2.86872e+007 2.86876e+007 2.86878e+007 2.86881e+007 2.86883e+007 2.86884e+007 2.86886e+007 2.86887e+007 2.86887e+007 2.86888e+007 2.86889e+007 2.86889e+007 2.8689e+007 2.8689e+007 2.8689e+007 2.8689e+007 2.86891e+007 2.86891e+007 2.86891e+007 2.86891e+007 2.86891e+007 2.86891e+007 2.86891e+007 2.86891e+007 2.86891e+007 2.86891e+007 2.86891e+007 2.86891e+007 2.86891e+007 2.86891e+007 2.86891e+007 2.86891e+007 2.86891e+007 2.86891e+007 2.86891e+007 2.86891e+007 2.86891e+007 2.86891e+007 2.86891e+007 2.86891e+007 2.86891e+007 2.86891e+007 2.86891e+007 2.86891e+007 2.86891e+007 2.86891e+007 2.86891e+007 2.86891e+007 2.86891e+007 2.86891e+007 2.86891e+007 2.86891e+007 2.86891e+007 2.86891e+007 2.86891e+007 2.86891e+007 2.86891e+007 2.86891e+007 0 0 0 0 0 0 0 0 0 0 0 0 0 0 0 0 0 0 0 0 0 0 0 0 0
#obs survey bio
 2.53466e+006 2.67558e+006 3.24528e+006 2.60726e+006 2.21672e+006 1.64844e+006 1.2379e+006 1.19883e+006 1.12329e+006 726942 768428 951860 634274 753457 809627 475344 557904 493308 561221 367384 652596 566151 430867 497107 654533 385726 505583 380602 559032 632307 559102 803326 569156 738366 489159 601929 534756 822234 645004 669239 510026 612315 734594 703102 575297 670496 565546 811687 777306 784835 856717 820457 751923 872806 953607 816229 1.2448e+006 736566 1.06528e+006 733390 713651 723264 1.04427e+006
#pred catch bio
 265544 272939 275314 294403 299919 278547 293038 292537 266504 231910 206235 192816 175487 166401 147635 141487 126793 117281 119913 109355 113658 101773 95243.9 103521 101423 102435 97900.3 94638.7 96748.8 96319.7 101264 94233.1 104656 95380.9 102218 100660 109210 102610 109817 101203 96150.3 105768 114066 114175 112277 110409 75552.7 92666 84017.8 95001.5 110648 101262 117585 119182 134255 137884 120548 131371 127362 134854 118811 96574.4 109804 96935.4 105147 104789 108825 116860 126624 136382 145169 152576 158541 163185 166712 169339 171266 172663 173667 174382 174889 175247 175498 175674 175797 175883 175943 175984 176013 176033 176047 176056 176063 176067 176070 176073 176074 176075 176076 176076 176077 176077 176077 176077 176077 176077 176077 176077 176077 176077 176077 176077 176077 176077 176077 176077 176077 176077 176077 176077 176077 176077 176077 176077 176077 176077 176077 176077 176077 176077 176077 176077 176077 176077 176077 176077 176077 176077 176077 176077 176077 176077 176077 176077 176077 176077 176077 176077 176077 176077 176077 176077 176077 176077 176077 176077 176077 176077 176077 176077 176077 176077 176077 0 0 0 0 0 0 0 0 0 0 0 0 0 0 0 0 0 0 0 0 0 0 0 0 0
#obs catch bio
 233514 273991 276206 294004 299827 279331 296136 296006 270136 234802 209598 195400 176832 167535 147817 142894 128061 118031 120800 110411 115030 102064 95536.6 104135 101632 103383 98365.1 95289.3 97526.2 97238.4 102525 94526.2 105002 95166.3 102786 101399 109970 102918 110276 101299 96727.1 106738 114854 114390 112592 110987 75341.7 93154.3 84168.7 95349.7 111362 101516 118007 119425 134327 138036 119720 131129 126761 134689 119024 96535.6 109912
#pred cpue bio
 2.91135e+006 2.67409e+006 2.44217e+006 2.21949e+006 1.98864e+006 1.76473e+006 1.5766e+006 1.3827e+006 1.19523e+006 1.03886e+006 921609 832978 757695 698642 645569 609558 576975 558137 548111 533051 528552 517546 518475 526865 525925 527214 527455 533360 544393 554801 567181 574329 589323 591769 604822 611327 620819 620946 628603 628133 638246 656710 666474 666861 665951 666263 668413 712843 741159 781432 811410 824504 848882 854981 858302 842509 819348 813473 793985 777659 751239 741154 754775 2.62008e+007 1.55456e+007 1.55433e+007 1.62043e+007 1.7478e+007 1.90236e+007 2.05797e+007 2.19992e+007 2.32177e+007 2.42215e+007 2.50252e+007 2.56561e+007 2.61447e+007 2.65196e+007 2.68058e+007 2.70237e+007 2.71896e+007 2.73159e+007 2.74125e+007 2.74865e+007 2.75435e+007 2.75876e+007 2.76218e+007 2.76486e+007 2.76696e+007 2.76861e+007 2.76992e+007 2.77095e+007 2.77177e+007 2.77243e+007 2.77296e+007 2.77339e+007 2.77373e+007 2.774e+007 2.77423e+007 2.77441e+007 2.77456e+007 2.77468e+007 2.77477e+007 2.77485e+007 2.77492e+007 2.77497e+007 2.77501e+007 2.77505e+007 2.77508e+007 2.7751e+007 2.77512e+007 2.77514e+007 2.77515e+007 2.77516e+007 2.77517e+007 2.77518e+007 2.77518e+007 2.77519e+007 2.77519e+007 2.77519e+007 2.7752e+007 2.7752e+007 2.7752e+007 2.7752e+007 2.7752e+007 2.7752e+007 2.7752e+007 2.77521e+007 2.77521e+007 2.77521e+007 2.77521e+007 2.77521e+007 2.77521e+007 2.77521e+007 2.77521e+007 2.77521e+007 2.77521e+007 2.77521e+007 2.77521e+007 2.77521e+007 2.77521e+007 2.77521e+007 2.77521e+007 2.77521e+007 2.77521e+007 2.77521e+007 2.77521e+007 2.77521e+007 2.77521e+007 2.77521e+007 2.77521e+007 2.77521e+007 2.77521e+007 2.77521e+007 2.77521e+007 2.77521e+007 2.77521e+007 2.77521e+007 2.77521e+007 2.77521e+007 2.77521e+007 2.77521e+007 2.77521e+007 2.77521e+007 0 0 0 0 0 0 0 0 0 0 0 0 0 0 0 0 0 0 0 0 0 0 0 0 0
#obs cpue bio
 1.89897e+006 1.7736e+006 1.8395e+006 3.50705e+006 1.6765e+006 1.2389e+006 1.2253e+006 1.43928e+006 992860 1.29209e+006 721563 767012 1.07613e+006 670264 639640 478467 495294 681328 531846 523060 391951 706832 555536 519563 506117 434449 674090 572070 474428 372473 469721 639144 759244 611383 457205 449008 843852 514721 658980 673994 445862 585103 739281 893936 702748 669087 811584 548569 627044 750770 733718 794190 1.19512e+006 817740 1.06299e+006 897711 945282 752510 729897 775876 612541 697480 727778
#pred surv len freq
 0.00592869 0.0094981 0.0140534 0.0194894 0.0256211 0.0321207 0.0384776 0.0441011 0.0485359 0.0516199 0.0534665 0.0543317 0.0544893 0.0541713 0.0535524 0.0527538 0.051856 0.0509 0.0498552 0.0485463 0.0465983 0.0434955 0.038813 0.0325288 0.0251959
 0.00607433 0.00969713 0.0142885 0.0197352 0.0258696 0.0324114 0.038907 0.0447914 0.0495694 0.0529744 0.0549966 0.055812 0.055697 0.0549617 0.0538907 0.0526969 0.0514998 0.0503221 0.0490784 0.0475426 0.0453328 0.0419857 0.037163 0.0309117 0.0237906
 0.00644102 0.0102491 0.0150348 0.02065 0.0268945 0.0334666 0.039909 0.0456782 0.0503283 0.0536526 0.0556751 0.0565469 0.0564655 0.0556528 0.0543524 0.0528057 0.0512054 0.0496443 0.0480691 0.0462509 0.0438009 0.0402761 0.0353864 0.029222 0.0223424
 0.00677884 0.0107918 0.0158375 0.021754 0.0283128 0.0351635 0.0417833 0.0475672 0.0520421 0.0550312 0.0566385 0.0571116 0.0567157 0.055681 0.0542028 0.0524535 0.050582 0.0486853 0.0467508 0.0446004 0.0418901 0.0382167 0.033326 0.0273264 0.0207568
 0.00716027 0.0113923 0.0167058 0.0229249 0.0298046 0.0369711 0.0438648 0.0498292 0.0543363 0.0571684 0.0584213 0.0583787 0.0573827 0.0557566 0.0537674 0.0516086 0.0494012 0.0471956 0.0449524 0.0425066 0.0395621 0.0357766 0.0309443 0.0251855 0.0190028
 0.00753371 0.0119876 0.0175798 0.0241225 0.031351 0.0388603 0.0460465 0.0522047 0.0567686 0.0595013 0.0604956 0.0600421 0.0585016 0.0562371 0.0535769 0.0507825 0.0480234 0.0453642 0.0427543 0.0400198 0.0368811 0.0330374 0.0283242 0.02287 0.0171339
 0.00777975 0.0123911 0.0181941 0.0250011 0.0325389 0.0403796 0.04788 0.0542866 0.0589902 0.0617273 0.0625819 0.0618485 0.0598987 0.0571131 0.0538479 0.0504055 0.0470062 0.0437642 0.0406664 0.0375641 0.0342007 0.0303026 0.0257265 0.0205935 0.0153118
 0.00803499 0.0128053 0.0188167 0.0258793 0.033711 0.0418629 0.0496568 0.0562958 0.0611315 0.0638747 0.0646006 0.0636078 0.0612813 0.0580204 0.0542027 0.0501559 0.0461312 0.0422824 0.038643 0.0351137 0.0314848 0.0275202 0.0230923 0.0183016 0.0134931
 0.00835946 0.0133172 0.0195585 0.0268817 0.0349894 0.0434126 0.0514439 0.0582525 0.0631598 0.0658597 0.0664251 0.065163 0.0624731 0.0587721 0.0544557 0.0498687 0.0452816 0.0408733 0.0367152 0.0327587 0.0288515 0.0248074 0.0205206 0.0160693 0.0117299
 0.00873852 0.013904 0.0203871 0.0279647 0.0363184 0.0449584 0.0531549 0.0600532 0.0649571 0.0675559 0.0679306 0.0664022 0.063385 0.0593075 0.0545749 0.0495404 0.0444841 0.0396007 0.0349898 0.0306469 0.0264762 0.022345 0.0181757 0.0140294 0.0101191
 0.0089492 0.0142518 0.0209196 0.0287273 0.0373428 0.0462458 0.0546607 0.0616866 0.0665995 0.0690899 0.0692622 0.0674691 0.0641498 0.0597476 0.054673 0.0492797 0.043848 0.0385792 0.0335913 0.0289152 0.0245053 0.0202799 0.0161918 0.0122925 0.00874197
 0.00904251 0.0144077 0.0211631 0.029088 0.0378523 0.0469322 0.0555392 0.0627479 0.0678022 0.0703597 0.0705017 0.0685756 0.0650361 0.060354 0.0549683 0.0492511 0.0434908 0.0378924 0.0325834 0.0276187 0.0229911 0.0186627 0.0146154 0.0108972 0.00762676
 0.00917431 0.0146102 0.0214467 0.029456 0.0383038 0.0474649 0.0561508 0.063435 0.0685567 0.0711647 0.0713269 0.069374 0.0657461 0.0609091 0.0553093 0.0493361 0.0432975 0.0374154 0.0318326 0.0266237 0.0218103 0.0173875 0.0133614 0.00977913 0.00672786
 0.00923617 0.0147147 0.0216107 0.0296967 0.0386337 0.0478854 0.0566473 0.0639783 0.0691131 0.0717073 0.0718415 0.0698553 0.0661871 0.0612906 0.0555969 0.0494858 0.043266 0.0371712 0.0313636 0.0259433 0.0209615 0.0164431 0.0124145 0.00892343 0.00603302
 0.00943966 0.0150132 0.0220005 0.0301553 0.0391282 0.0483855 0.0571336 0.0644413 0.0695448 0.0720948 0.0721673 0.0701038 0.0663511 0.0613722 0.0556007 0.0494094 0.0430955 0.0368844 0.0309409 0.0253805 0.0202797 0.0156914 0.0116626 0.00824357 0.00548018
 0.00951996 0.0151461 0.0222038 0.0304431 0.0395045 0.0488356 0.0576195 0.0649088 0.0699412 0.0723888 0.0723568 0.0702082 0.0663952 0.0613736 0.0555654 0.0493338 0.0429686 0.0366899 0.0306613 0.0250053 0.0198153 0.0151668 0.011126 0.0077496 0.00507281
 0.0095592 0.0152132 0.0223113 0.0306057 0.0397368 0.0491472 0.058009 0.0653574 0.0704113 0.0728289 0.0727141 0.070444 0.0664962 0.0613525 0.0554508 0.0491554 0.0427467 0.0364311 0.0303622 0.02466 0.0194252 0.0147475 0.0107073 0.00736795 0.00475895
 0.0096226 0.0152946 0.0223946 0.0306651 0.0397468 0.0490981 0.0579175 0.0652648 0.0703684 0.0728749 0.0728599 0.0706688 0.0667572 0.0616013 0.0556498 0.0492852 0.0428038 0.0364199 0.0302877 0.0245255 0.0192363 0.0145171 0.0104581 0.00712813 0.00455394
 0.00968007 0.0153773 0.0224981 0.0307761 0.0398434 0.0491534 0.0579061 0.0651719 0.0702004 0.0726647 0.0726617 0.0705401 0.0667353 0.0616896 0.0558186 0.0494876 0.0429935 0.0365637 0.0303679 0.0245375 0.0191846 0.0144144 0.0103238 0.00698558 0.00442467
 0.00972918 0.0154625 0.0226355 0.0309812 0.0401248 0.0495029 0.0582911 0.0655374 0.0704818 0.0728088 0.0726456 0.0703799 0.0664803 0.0614036 0.0555575 0.0492821 0.0428452 0.0364537 0.0302712 0.0244339 0.0190647 0.0142794 0.0101831 0.00685275 0.004312
 0.00955142 0.0152051 0.0223076 0.0306138 0.0397653 0.0492035 0.0580972 0.065478 0.0705628 0.0730091 0.0729205 0.0706738 0.0667458 0.0616165 0.0557203 0.049414 0.0429667 0.0365735 0.0303834 0.0245246 0.0191209 0.0142966 0.0101668 0.00681523 0.0042675
 0.00965651 0.0153362 0.0224327 0.0306823 0.039726 0.0490318 0.0578146 0.0651502 0.0702747 0.0728308 0.0728824 0.0707619 0.0669143 0.0618097 0.0558932 0.0495441 0.0430535 0.0366297 0.030422 0.0245515 0.0191352 0.014295 0.0101494 0.00678672 0.00423541
 0.00974488 0.0154622 0.0225877 0.0308423 0.0398522 0.0490762 0.0577307 0.0649094 0.0698843 0.072345 0.0723942 0.0703728 0.0666975 0.0617854 0.0560293 0.0497786 0.0433229 0.0368877 0.0306443 0.02473 0.0192696 0.0143882 0.0102061 0.00681463 0.00424377
 0.00967651 0.0153676 0.0224753 0.0307289 0.0397559 0.0490058 0.0576777 0.0648477 0.0697799 0.0721722 0.0721518 0.0700935 0.0664415 0.0616201 0.0560027 0.0499002 0.0435631 0.0371934 0.0309611 0.0250169 0.0195042 0.0145638 0.0103264 0.00688906 0.0042845
 0.00972959 0.0154431 0.0225698 0.0308336 0.0398611 0.0491064 0.0577748 0.064944 0.0698707 0.0722382 0.0721614 0.070016 0.0662661 0.0613681 0.0557242 0.0496554 0.0433985 0.0371257 0.0309765 0.025084 0.0195895 0.0146427 0.0103865 0.0069281 0.00430605
 0.00969831 0.0154037 0.022531 0.0308095 0.0398657 0.0491465 0.0578453 0.0650303 0.0699559 0.0723104 0.0722146 0.070045 0.0662619 0.0613207 0.0556315 0.049532 0.0432732 0.0370304 0.0309314 0.02509 0.0196316 0.0146996 0.0104403 0.00696907 0.00433233
 0.00973746 0.0154546 0.0225847 0.0308517 0.0398829 0.0491341 0.057813 0.0649984 0.0699449 0.0723296 0.0722585 0.0700971 0.0663035 0.0613366 0.0556135 0.0494796 0.0431955 0.0369449 0.0308584 0.0250447 0.0196178 0.0147104 0.0104635 0.00699333 0.00435124
 0.00980169 0.0155435 0.0226895 0.0309532 0.0399557 0.0491542 0.0577657 0.064884 0.0697806 0.0721469 0.0720942 0.0699822 0.0662522 0.0613435 0.0556583 0.0495379 0.043248 0.036983 0.0308841 0.0250659 0.0196419 0.0147399 0.0104957 0.00702322 0.00437469
 0.00972291 0.0154354 0.022563 0.0308292 0.039857 0.0490936 0.0577377 0.0648672 0.069749 0.0720847 0.0720055 0.0698894 0.0661863 0.0613301 0.0557073 0.0496407 0.0433836 0.0371271 0.0310184 0.0251813 0.0197372 0.0148173 0.0105574 0.00707035 0.00440819
 0.00959288 0.015241 0.0223031 0.0305163 0.0395169 0.0487616 0.0574539 0.0646679 0.0696563 0.0720975 0.0720998 0.0700297 0.0663424 0.0614883 0.0558698 0.0498158 0.0435746 0.0373279 0.0312157 0.0253611 0.0198899 0.0149393 0.0106496 0.00713625 0.00445232
 0.00936834 0.0149046 0.0218505 0.0299637 0.038898 0.0481218 0.0568453 0.0641465 0.0692761 0.0719003 0.0721037 0.0702231 0.0666867 0.0619303 0.056357 0.0503084 0.0440486 0.0377701 0.031617 0.0257127 0.0201842 0.0151724 0.0108232 0.00725699 0.00453039
 0.00929605 0.014777 0.0216408 0.0296438 0.0384483 0.0475455 0.0561796 0.063461 0.0686569 0.0714266 0.0718288 0.0701678 0.066841 0.06226 0.0568128 0.0508352 0.0445957 0.0382984 0.0321003 0.0261352 0.0205371 0.0154524 0.0110324 0.00740293 0.00462464
 0.00928305 0.0147395 0.0215537 0.0294721 0.0381539 0.0470999 0.0555778 0.0627312 0.0678616 0.0706546 0.0711792 0.0697284 0.0666685 0.0623676 0.0571705 0.0513815 0.0452547 0.0389953 0.0327732 0.0267401 0.0210477 0.0158581 0.0113348 0.0076131 0.00475987
 0.00945686 0.0149965 0.0218915 0.0298677 0.038565 0.0474694 0.0558403 0.0628222 0.0677326 0.0702903 0.0706109 0.0690326 0.0659505 0.0617353 0.0567072 0.0511288 0.0452083 0.0391155 0.0330016 0.027017 0.0213242 0.0161013 0.0115282 0.00775337 0.00485279
 0.00944379 0.0149881 0.021902 0.0299164 0.038669 0.0476324 0.0560435 0.0630238 0.0678767 0.0703236 0.0704981 0.0687689 0.0655664 0.061292 0.0562834 0.0507997 0.045025 0.0390926 0.0331175 0.0272257 0.0215723 0.0163426 0.0117323 0.00790717 0.00495707
 0.00934183 0.0148481 0.0217395 0.0297636 0.0385675 0.0476208 0.0561447 0.0632363 0.0681725 0.0706511 0.070791 0.0689618 0.0656131 0.0611813 0.0560444 0.0504938 0.0447268 0.0388663 0.0329992 0.027217 0.0216469 0.0164615 0.0118584 0.00801561 0.00503696
 0.00924678 0.014695 0.0215133 0.0294558 0.0381834 0.0471876 0.0557158 0.0628848 0.0679704 0.0706431 0.0709761 0.0692918 0.0660092 0.0615596 0.0563414 0.050683 0.0448216 0.0389079 0.0330354 0.027282 0.0217509 0.0165923 0.0119933 0.00813352 0.00512609
 0.00925937 0.0147111 0.0215287 0.0294622 0.0381682 0.0471364 0.0556167 0.0627353 0.0677849 0.0704552 0.0708315 0.0692313 0.0660496 0.0616842 0.0565062 0.0508362 0.044926 0.0389543 0.0330411 0.0272768 0.0217602 0.0166265 0.0120468 0.00819279 0.00517842
 0.00926461 0.0147114 0.0215142 0.0294189 0.0380816 0.0469972 0.0554256 0.0625038 0.0675325 0.0702056 0.0706116 0.0690703 0.0659754 0.0617146 0.0566389 0.0510452 0.0451689 0.0391889 0.0332401 0.0274341 0.0218844 0.0167296 0.012136 0.0082685 0.00523801
 0.00942946 0.0149531 0.0218285 0.029783 0.0384583 0.0473431 0.0556986 0.0626691 0.0675673 0.0701042 0.0703875 0.0687553 0.0656135 0.0613539 0.0563217 0.0507994 0.045002 0.0390891 0.0331855 0.0274041 0.021867 0.0167213 0.0121368 0.00827716 0.00525091
 0.00944935 0.0149926 0.0219002 0.0299007 0.038631 0.0475662 0.0559483 0.0629045 0.0677423 0.0701824 0.0703539 0.0686181 0.0653992 0.0610989 0.0560646 0.0505735 0.0448301 0.0389791 0.0331313 0.0273902 0.0218764 0.0167408 0.0121589 0.00829825 0.00526915
 0.00922389 0.0146681 0.0214904 0.0294472 0.0381935 0.047206 0.0557124 0.0628169 0.0678007 0.0703605 0.0706071 0.0688959 0.0656587 0.0613155 0.0562346 0.0507091 0.0449501 0.0390999 0.0332609 0.0275263 0.0220098 0.0168609 0.0122577 0.00837283 0.00532098
 0.00905443 0.014406 0.0211229 0.0289755 0.0376383 0.0466105 0.0551434 0.0623554 0.0675217 0.0703079 0.0707778 0.069242 0.0661061 0.0617885 0.0566752 0.0510866 0.0452593 0.0393526 0.0334737 0.0277124 0.0221742 0.0170023 0.0123727 0.00845945 0.0053809
 0.00906756 0.0144111 0.0211002 0.0288968 0.0374739 0.046342 0.0547755 0.0619217 0.0670804 0.0699292 0.0705266 0.0691593 0.0661973 0.0620222 0.0569953 0.0514321 0.0455824 0.039628 0.0336972 0.0278916 0.0223196 0.0171208 0.0124672 0.008531 0.0054311
 0.00910677 0.0144704 0.0211801 0.0289918 0.0375699 0.0464149 0.0547929 0.0618502 0.0668993 0.0696443 0.0701763 0.0688071 0.0659124 0.0618562 0.0569666 0.0515234 0.0457525 0.0398298 0.0338932 0.0280615 0.0224574 0.0172287 0.0125495 0.00859155 0.00547314
 0.00915203 0.0145371 0.0212678 0.0290954 0.0376811 0.0465236 0.0548872 0.0619153 0.0669166 0.0695936 0.0700438 0.0685956 0.0656476 0.0615842 0.0567397 0.0513817 0.0457101 0.0398731 0.0339916 0.0281812 0.022573 0.0173265 0.0126254 0.0086465 0.00551047
 0.00919923 0.0146074 0.0213614 0.029208 0.0378043 0.0466468 0.0549991 0.0620047 0.066973 0.0696082 0.070009 0.0685061 0.0655033 0.0613948 0.0565281 0.051181 0.0455538 0.0397827 0.0339692 0.0282116 0.0226328 0.0173938 0.0126856 0.00869324 0.00554297
 0.00889473 0.0141424 0.0207184 0.0283931 0.0368478 0.0456018 0.0539406 0.0610261 0.0661734 0.0690729 0.0697899 0.0686114 0.0658989 0.0620155 0.0572951 0.0520196 0.0464057 0.0406088 0.0347431 0.0289122 0.0232402 0.0178923 0.0130685 0.00896592 0.00572178
 0.00889369 0.0141142 0.0206274 0.0281911 0.0364875 0.0450577 0.0532275 0.0602027 0.0653297 0.068307 0.0691883 0.0682359 0.0657806 0.062153 0.0576565 0.0525507 0.0470424 0.0412894 0.0354169 0.0295407 0.0237958 0.0183559 0.0134307 0.00922833 0.00589653
 0.00880975 0.0139867 0.0204505 0.0279607 0.0361962 0.0446901 0.0527617 0.0596214 0.0646382 0.0675478 0.0684417 0.0676034 0.0653571 0.0620018 0.0577961 0.0529553 0.0476525 0.0420279 0.0362042 0.0303071 0.0244875 0.0189381 0.013887 0.00955961 0.00611777
 0.00868486 0.0138062 0.0202208 0.0277016 0.0359347 0.0444494 0.0525504 0.0594295 0.0644388 0.0673076 0.068137 0.0672374 0.06497 0.0616645 0.0575884 0.0529385 0.0478489 0.0424161 0.0367288 0.0308961 0.0250705 0.0194591 0.0143117 0.00987608 0.00633297
 0.00864748 0.0137472 0.020136 0.0275902 0.0358016 0.0443071 0.0524186 0.0593292 0.064382 0.0672863 0.0681206 0.067183 0.0648429 0.0614594 0.0573389 0.0527085 0.0477093 0.0424169 0.0368818 0.0311739 0.0254195 0.0198194 0.0146341 0.0101318 0.00651437
 0.0085354 0.0135739 0.0198918 0.0272728 0.0354168 0.0438702 0.0519564 0.0588805 0.0639935 0.0670028 0.0679715 0.0671715 0.0649437 0.0616281 0.0575316 0.0529017 0.0479086 0.0426486 0.0371725 0.0315302 0.0258206 0.0202246 0.0149997 0.0104264 0.00672671
 0.00847057 0.0134803 0.0197727 0.0271377 0.0352776 0.0437352 0.0518266 0.0587505 0.0638574 0.0668605 0.0678327 0.0670538 0.064865 0.0615976 0.0575457 0.052948 0.0479765 0.0427387 0.0372964 0.0317001 0.0260367 0.0204691 0.0152427 0.0106384 0.00688948
 0.00838643 0.0133529 0.0195989 0.026922 0.0350323 0.043479 0.0515827 0.0585423 0.0637023 0.0667644 0.0677893 0.06705 0.0648894 0.0616456 0.0576185 0.0530471 0.0481008 0.0428853 0.037464 0.0318896 0.0262464 0.02069 0.0154573 0.0108266 0.0070367
 0.00837606 0.0133405 0.0195882 0.0269191 0.0350431 0.0435066 0.0516249 0.0585923 0.0637506 0.0668016 0.0678074 0.0670427 0.0648521 0.0615779 0.0575259 0.052942 0.0479991 0.0428031 0.0374137 0.0318787 0.0262765 0.0207553 0.0155447 0.0109192 0.00711894
 0.00852075 0.0135481 0.0198498 0.0272094 0.0353286 0.0437579 0.0518255 0.0587391 0.0638473 0.0668508 0.0678073 0.0669884 0.0647402 0.0614097 0.0573093 0.0526912 0.0477335 0.0425448 0.0371842 0.0316952 0.0261485 0.0206831 0.0155196 0.0109261 0.00714155
 0.0085723 0.0136291 0.0199652 0.0273594 0.0355056 0.0439437 0.0519925 0.058856 0.0638914 0.0668189 0.0677173 0.0668701 0.0646202 0.0613014 0.0572119 0.0525966 0.0476351 0.0424427 0.0370858 0.0316117 0.0260901 0.0206545 0.0155181 0.0109435 0.00716709
 0.00861708 0.0137108 0.0201042 0.0275789 0.0358245 0.0443655 0.052495 0.0593894 0.0643866 0.0672049 0.0679405 0.0669079 0.0644844 0.0610299 0.0568537 0.0521969 0.0472271 0.0420485 0.0367212 0.0312902 0.0258235 0.0204499 0.0153755 0.0108549 0.00711928
 0.00859401 0.0136814 0.0200761 0.0275665 0.0358487 0.0444506 0.0526632 0.0596532 0.06474 0.0676175 0.0683584 0.0672651 0.0647221 0.0611138 0.0567825 0.0519977 0.0469428 0.0417231 0.0363916 0.0309838 0.025559 0.0202384 0.0152204 0.0107519 0.00705824
 0.00855956 0.0136399 0.0200403 0.0275578 0.0358919 0.0445657 0.052859 0.0599254 0.0650743 0.0679929 0.0687478 0.0676337 0.0650274 0.0613123 0.0568409 0.0519047 0.0467138 0.0413955 0.0360132 0.0306011 0.0252092 0.0199458 0.0149958 0.0105943 0.00695785
 0.00813024 0.0130165 0.0192415 0.0266509 0.0349774 0.0437495 0.0522286 0.0595395 0.064962 0.0681554 0.0691598 0.0682462 0.065774 0.0621162 0.0576244 0.0525996 0.0472722 0.041798 0.0362687 0.030739 0.0252671 0.0199587 0.0149896 0.0105842 0.00695052
 0.00745321 0.011976 0.0177914 0.0247991 0.032794 0.0413719 0.0498619 0.0574368 0.0633763 0.067275 0.0690619 0.0688903 0.0670305 0.0638082 0.059563 0.0546082 0.0492025 0.0435402 0.037757 0.0319494 0.0262085 0.0206606 0.0154905 0.0109247 0.00716878
#obs surv len freq
 0.0049606 0.00812706 0.0123649 0.0176887 0.023973 0.0308525 0.037701 0.0437941 0.0485794 0.051854 0.0537351 0.0545082 0.0544942 0.0539924 0.0532645 0.0525241 0.0519156 0.0514729 0.0510571 0.0502989 0.0486163 0.0453786 0.0402089 0.0332761 0.0253619
 0.00517706 0.00847875 0.0128939 0.0184346 0.024966 0.0321023 0.0391853 0.0454534 0.0503244 0.0535803 0.0553373 0.0558874 0.055561 0.0546684 0.0534864 0.0522497 0.0511306 0.0501982 0.0493538 0.0482707 0.0464063 0.0431581 0.038153 0.0315307 0.0240122
 0.00539667 0.00884033 0.0134465 0.0192265 0.026035 0.0334609 0.0408054 0.0472624 0.0522167 0.0554389 0.0570526 0.0573655 0.056723 0.0554459 0.0538186 0.0520846 0.0504314 0.0489556 0.0476008 0.0460964 0.0439608 0.0406408 0.0357808 0.0294918 0.0224223
 0.0056441 0.00924454 0.0140587 0.0200958 0.0272001 0.0349349 0.0425609 0.0492244 0.0542722 0.0574575 0.0589079 0.058949 0.0579494 0.0562518 0.0541558 0.0519134 0.0497188 0.0476828 0.045782 0.0438014 0.0413318 0.037888 0.0331488 0.0272035 0.0206224
 0.00588951 0.00964585 0.0146671 0.0209608 0.0283601 0.0364031 0.0443098 0.0511807 0.0563262 0.0594837 0.060784 0.0605672 0.0592206 0.0571057 0.0545393 0.0517862 0.0490502 0.0464543 0.0440005 0.0415237 0.0386869 0.0350807 0.0304312 0.0248153 0.0187274
 0.00612555 0.0100362 0.0152667 0.0218248 0.0295326 0.0378998 0.0461001 0.0531824 0.0584186 0.0615317 0.0626609 0.0621673 0.0604613 0.0579251 0.0548915 0.0516364 0.0483715 0.0452298 0.0422359 0.039269 0.0360606 0.032278 0.0276996 0.022398 0.0167969
 0.00636541 0.0104266 0.0158557 0.0226581 0.0306465 0.039308 0.0477801 0.0550678 0.0604059 0.0634972 0.06448 0.0637286 0.061675 0.0587254 0.0552338 0.0514913 0.0477189 0.0440583 0.0405525 0.0371196 0.0335535 0.0295943 0.0250729 0.0200623 0.0149222
 0.00663654 0.0108691 0.0165242 0.0236034 0.0319036 0.04088 0.0496214 0.0570813 0.0624598 0.0654525 0.0662149 0.0651487 0.062713 0.0593361 0.0553894 0.0511761 0.0469252 0.0427859 0.0388161 0.0349664 0.0310852 0.0269781 0.0225251 0.0178009 0.013107
 0.00685537 0.0112328 0.0170862 0.0244182 0.0330155 0.0423044 0.0513273 0.0589844 0.0644339 0.0673555 0.0679132 0.0665348 0.0637117 0.0599036 0.0555066 0.0508395 0.0461395 0.0415612 0.0371743 0.0329565 0.0288022 0.0245729 0.020191 0.0157325 0.011447
 0.00705403 0.0115586 0.0175819 0.0251264 0.0339711 0.0435226 0.0527898 0.0606323 0.0661731 0.0690707 0.0694854 0.067855 0.0646923 0.0604843 0.055656 0.0505507 0.0454218 0.0404349 0.0356712 0.0311303 0.0267436 0.0224178 0.0181094 0.0138933 0.00997336
 0.00727462 0.0119174 0.0181222 0.0258873 0.0349793 0.0447796 0.0542588 0.0622362 0.0678064 0.0706211 0.0708523 0.0689581 0.0654717 0.0608991 0.0556827 0.0501825 0.0446674 0.039316 0.0342242 0.0294123 0.0248422 0.0204561 0.0162356 0.0122515 0.00866551
 0.00743366 0.0121821 0.0185316 0.0264814 0.0357901 0.0458178 0.0555001 0.0636172 0.0692338 0.0719909 0.0720677 0.0699416 0.0661684 0.0612751 0.0557213 0.0498801 0.0440304 0.0383616 0.0329835 0.0279371 0.023212 0.0187801 0.0146413 0.0108601 0.00756107
 0.00753418 0.0123462 0.0187807 0.0268374 0.0362736 0.046443 0.056269 0.0645131 0.07022 0.0730124 0.0730568 0.070826 0.0668806 0.06176 0.055941 0.0498139 0.0436727 0.0377204 0.0320819 0.0268183 0.0219443 0.0174573 0.0133727 0.0097481 0.00667649
 0.00761616 0.0124737 0.0189619 0.0270772 0.0365743 0.0468052 0.0566921 0.0649945 0.0707543 0.0735901 0.0736618 0.0714314 0.0674471 0.0622383 0.0562785 0.0499635 0.0436002 0.0374093 0.0315365 0.0260667 0.0210408 0.0164805 0.0124149 0.00889711 0.00599382
 0.0076712 0.0125586 0.0190814 0.0272323 0.0367625 0.0470213 0.0569285 0.0652437 0.0710116 0.0738567 0.0739445 0.0717373 0.0677754 0.0625735 0.0565876 0.0502007 0.0437158 0.0373614 0.0313017 0.0256476 0.02047 0.0158175 0.0117357 0.00827653 0.00548695
 0.00773176 0.0126525 0.0192137 0.0274043 0.0369708 0.047257 0.0571773 0.0654871 0.0712312 0.0740402 0.0740898 0.0718533 0.0678774 0.0626754 0.0566933 0.0502978 0.0437762 0.0373477 0.0311792 0.025398 0.0201005 0.0153631 0.0112515 0.00782209 0.00510888
 0.00776437 0.0127003 0.0192762 0.0274779 0.0370502 0.0473377 0.0572567 0.0655649 0.0713083 0.0741174 0.0741677 0.0719327 0.0679603 0.0627647 0.0567908 0.0504 0.04387 0.0374096 0.0311804 0.0253141 0.0199232 0.0151071 0.0109519 0.0075233 0.00484993
 0.0078108 0.012769 0.0193668 0.0275851 0.0371648 0.0474483 0.0573522 0.0656365 0.0713514 0.0741336 0.0741643 0.0719208 0.0679508 0.0627655 0.0568058 0.0504285 0.0439058 0.0374396 0.0311857 0.0252747 0.0198264 0.0149546 0.010762 0.00732503 0.004672
 0.00783646 0.0128092 0.0194241 0.0276602 0.0372554 0.0475482 0.057451 0.0657209 0.071409 0.0741571 0.0741547 0.0718867 0.0679056 0.0627229 0.056776 0.0504162 0.0439092 0.037451 0.0311919 0.0252603 0.019779 0.0148703 0.0106489 0.00720032 0.00455539
 0.00787889 0.0128711 0.0195043 0.027753 0.0373527 0.0476418 0.0575348 0.0657904 0.0714606 0.0741869 0.0741594 0.0718653 0.0678612 0.0626632 0.0567117 0.0503576 0.0438632 0.0374183 0.0311671 0.0252336 0.01974 0.0148132 0.0105752 0.0071187 0.0044778
 0.00791181 0.0129243 0.0195834 0.0278616 0.0374902 0.0478012 0.0577007 0.0659418 0.0715762 0.0742526 0.0741717 0.07183 0.0677891 0.0625663 0.0566014 0.0502445 0.0437565 0.0373244 0.0310879 0.0251661 0.0196782 0.0147516 0.0105117 0.00705585 0.00442101
 0.00788832 0.0128868 0.0195284 0.0277877 0.0373994 0.0477007 0.0576036 0.0658645 0.0715335 0.0742516 0.0742097 0.0718966 0.0678711 0.0626521 0.0566829 0.0503173 0.043819 0.0373767 0.0311304 0.0251984 0.0196986 0.0147584 0.0105052 0.0070393 0.00439963
 0.00788807 0.0128793 0.0195042 0.0277342 0.0373047 0.0475598 0.0574233 0.0656649 0.0713436 0.0741014 0.0741222 0.0718823 0.0679265 0.0627622 0.056827 0.0504747 0.0439732 0.0375167 0.0312503 0.0252954 0.0197719 0.0148084 0.0105341 0.00705126 0.00440024
 0.00788587 0.0128742 0.0194934 0.0277131 0.0372667 0.0474968 0.0573277 0.065533 0.0711797 0.0739208 0.07395 0.0717476 0.0678536 0.0627631 0.0568981 0.0505997 0.0441293 0.0376815 0.0314056 0.0254296 0.0198791 0.0148873 0.0105868 0.00708212 0.00441529
 0.00790505 0.0129028 0.0195315 0.0277585 0.0373151 0.0475416 0.0573605 0.0655436 0.0711579 0.0738594 0.0738489 0.0716166 0.0677123 0.0626363 0.0568087 0.0505611 0.0441419 0.0377344 0.0314818 0.0255119 0.0199542 0.0149476 0.0106296 0.0071089 0.00442965
 0.00786399 0.0128387 0.0194403 0.0276387 0.0371689 0.0473756 0.0571866 0.0653777 0.0710168 0.0737563 0.0737893 0.0715986 0.0677296 0.0626829 0.0568816 0.0506606 0.0442682 0.0378833 0.0316437 0.0256727 0.0201 0.0150679 0.0107199 0.00717044 0.00446748
 0.00784796 0.012808 0.0193857 0.0275495 0.0370361 0.0471973 0.0569717 0.0651467 0.0707971 0.0735744 0.073665 0.071541 0.0677375 0.0627473 0.0569897 0.0508 0.0444287 0.038057 0.0318227 0.0258476 0.02026 0.0152034 0.0108252 0.00724497 0.00451524
 0.00783535 0.0127846 0.0193449 0.027483 0.0369351 0.047055 0.0567872 0.0649271 0.0705585 0.073341 0.0734643 0.0713988 0.0676711 0.062762 0.0570788 0.0509476 0.0446157 0.0382648 0.0320353 0.0260518 0.0204445 0.0153595 0.0109476 0.00733317 0.00457313
 0.00778759 0.0127113 0.0192425 0.0273508 0.0367748 0.0468705 0.0565839 0.0647129 0.0703441 0.0731394 0.073291 0.0712703 0.0676031 0.062766 0.0571586 0.0510974 0.0448206 0.0385043 0.0322874 0.0262964 0.0206656 0.0155459 0.0110938 0.00743884 0.00464311
 0.00776865 0.0126739 0.0191746 0.0272382 0.036606 0.0466434 0.056311 0.0644203 0.0700643 0.0729013 0.0731128 0.0711596 0.0675607 0.0627905 0.0572479 0.0512479 0.0450241 0.038747 0.0325504 0.0265587 0.0209077 0.0157529 0.0112575 0.00755808 0.00472263
 0.00775684 0.0126551 0.0191466 0.0271977 0.0365479 0.0465601 0.0561938 0.0642635 0.06987 0.0726831 0.0728951 0.0709704 0.067424 0.0627206 0.0572487 0.0513157 0.0451506 0.0389205 0.0327555 0.026777 0.0211198 0.0159419 0.0114117 0.00767308 0.00480074
 0.00770533 0.0125745 0.0190313 0.0270454 0.0363603 0.0463442 0.0559622 0.0640326 0.0696566 0.0725 0.0727503 0.0708692 0.067372 0.0627241 0.0573127 0.0514402 0.0453297 0.0391422 0.0330039 0.0270333 0.021365 0.016159 0.0115889 0.00780572 0.00489123
 0.00770218 0.0125639 0.0190053 0.0269933 0.0362721 0.0462145 0.0557944 0.0638396 0.0694573 0.0723141 0.0725931 0.07075 0.0672948 0.0626903 0.0573236 0.0514975 0.0454334 0.0392887 0.0331838 0.0272323 0.0215657 0.0163442 0.0117451 0.00792582 0.00497501
 0.0076618 0.0125046 0.0189273 0.0269002 0.0361681 0.0461018 0.0556717 0.0637043 0.0693095 0.0721603 0.072447 0.0706285 0.0672131 0.0626574 0.0573416 0.0515636 0.0455425 0.0394342 0.0333574 0.0274225 0.021758 0.0165232 0.0118979 0.00804469 0.00505892
 0.00764386 0.0124731 0.0188761 0.0268231 0.0360617 0.0459688 0.0555226 0.063555 0.0691756 0.0720512 0.0723634 0.070567 0.0671711 0.0626372 0.0573488 0.051604 0.0456187 0.0395444 0.0334955 0.027579 0.0219205 0.0166781 0.012033 0.00815194 0.00513601
 0.00761742 0.0124346 0.0188262 0.0267647 0.0359979 0.0459008 0.0554492 0.063474 0.0690872 0.0719601 0.0722784 0.0704971 0.0671223 0.0626113 0.0573458 0.0516243 0.0456639 0.0396158 0.0335919 0.027695 0.0220468 0.0168031 0.0121454 0.00824351 0.00520329
 0.00760563 0.0124131 0.0187899 0.0267082 0.035918 0.0457992 0.0553342 0.0633589 0.0689854 0.0718804 0.0722227 0.0704629 0.0671063 0.062612 0.0573632 0.051659 0.0457165 0.0396864 0.0336796 0.0277967 0.0221564 0.016912 0.0122443 0.00832501 0.00526393
 0.00760798 0.0124165 0.0187941 0.026712 0.0359186 0.0457924 0.0553144 0.0633216 0.0689295 0.0718099 0.0721465 0.070391 0.0670467 0.0625687 0.0573373 0.0516503 0.045725 0.0397124 0.0337229 0.0278555 0.0222264 0.0169866 0.0123157 0.00838644 0.00531123
 0.00758259 0.0123804 0.0187492 0.0266634 0.0358729 0.0457552 0.0552881 0.0633046 0.0689173 0.0717971 0.072129 0.0703679 0.067021 0.062546 0.0573231 0.0516487 0.0457377 0.0397396 0.0337636 0.0279078 0.0222869 0.0170503 0.0123766 0.00843902 0.00535203
 0.00755229 0.0123298 0.0186712 0.0265518 0.0357258 0.0455785 0.0550982 0.063126 0.0687759 0.0717112 0.0721036 0.0703958 0.0670876 0.062636 0.0574252 0.0517561 0.0458474 0.0398501 0.0338735 0.028015 0.0223886 0.0171428 0.0124562 0.00850274 0.00539895
 0.00755602 0.0123339 0.0186733 0.0265478 0.03571 0.0455444 0.0550404 0.0630431 0.0686724 0.0715991 0.072 0.0703172 0.0670448 0.0626308 0.0574515 0.0518044 0.0459088 0.0399185 0.0339452 0.0280878 0.0224599 0.0172096 0.0125151 0.00855095 0.00543511
 0.00754058 0.0123136 0.0186514 0.0265299 0.0357016 0.0455479 0.0550524 0.0630545 0.0686719 0.0715775 0.0719547 0.0702542 0.0669766 0.062572 0.0574139 0.0517931 0.0459224 0.0399512 0.0339905 0.0281396 0.0225137 0.0172614 0.0125615 0.00858943 0.00546425
 0.00753074 0.0122965 0.018624 0.0264896 0.0356482 0.0454853 0.0549894 0.063003 0.0686413 0.0715703 0.0719646 0.0702699 0.0669876 0.0625743 0.0574109 0.0517929 0.0459325 0.0399756 0.0340283 0.0281867 0.0225646 0.017311 0.0126058 0.0086256 0.0054913
 0.00752635 0.012288 0.0186089 0.0264645 0.0356096 0.045431 0.0549204 0.062924 0.0685617 0.0715018 0.0719182 0.0702513 0.0669957 0.0626016 0.057448 0.0518328 0.0459732 0.0400184 0.0340753 0.0282379 0.0226177 0.0173621 0.0126509 0.00866213 0.00551824
 0.00750513 0.0122552 0.0185626 0.0264039 0.0355352 0.0453445 0.0548248 0.0628241 0.0684642 0.0714149 0.0718508 0.0702119 0.0669901 0.062631 0.0575075 0.0519135 0.0460647 0.0401124 0.0341665 0.0283238 0.0226963 0.0174313 0.0127086 0.00870688 0.0055502
 0.00749899 0.0122431 0.0185404 0.0263671 0.0354796 0.0452689 0.0547324 0.0627227 0.0683636 0.0713246 0.071778 0.0701614 0.0669653 0.062634 0.0575391 0.0519713 0.046143 0.0402032 0.0342614 0.0284157 0.0227802 0.017504 0.0127679 0.00875222 0.00558222
 0.00749899 0.0122431 0.0185404 0.0263671 0.0354796 0.0452689 0.0547324 0.0627227 0.0683636 0.0713246 0.071778 0.0701614 0.0669653 0.062634 0.0575391 0.0519713 0.046143 0.0402032 0.0342614 0.0284157 0.0227802 0.017504 0.0127679 0.00875222 0.00558222
 0.00723403 0.0118266 0.0179417 0.025571 0.0344943 0.0441344 0.0535281 0.0615636 0.0673808 0.0706335 0.0714515 0.0702172 0.0673694 0.0633166 0.0584123 0.0529467 0.0471428 0.0411656 0.0351415 0.0291836 0.0234193 0.0180094 0.0131454 0.00901645 0.00575403
 0.00723114 0.0117868 0.0178176 0.025298 0.0340086 0.043401 0.0525649 0.0604485 0.0662347 0.0695921 0.0706361 0.0697159 0.0672268 0.0635303 0.0589373 0.0537066 0.048046 0.0421214 0.0360717 0.0300293 0.024142 0.0185904 0.0135835 0.00932449 0.0059546
 0.00720054 0.011748 0.0177763 0.0252593 0.0339653 0.043322 0.0523928 0.0601151 0.0656936 0.0688518 0.0697734 0.0688586 0.066516 0.0630802 0.0588091 0.0539012 0.0485131 0.0427776 0.0368215 0.0307835 0.0248306 0.0191684 0.0140316 0.00964503 0.00616549
 0.00717453 0.0117074 0.0177194 0.0251869 0.0338827 0.043238 0.0523153 0.060042 0.0656035 0.0687021 0.0695166 0.0684707 0.0660223 0.0625595 0.0583704 0.0536448 0.0484964 0.0430006 0.0372337 0.0313047 0.0253761 0.0196684 0.0144423 0.00995027 0.00637138
 0.00716138 0.0116901 0.0177005 0.0251713 0.0338754 0.0432421 0.0523303 0.0600638 0.0656242 0.0687088 0.0694882 0.0683787 0.0658403 0.0622803 0.0580226 0.0532939 0.0482256 0.0428786 0.0372888 0.0315168 0.0256888 0.020013 0.0147598 0.0102048 0.00655201
 0.0071389 0.0116567 0.0176564 0.0251192 0.0338206 0.043192 0.0522931 0.0600465 0.0656305 0.068736 0.0695259 0.0684089 0.0658398 0.0622265 0.0579033 0.0531186 0.0480303 0.0427181 0.0372153 0.0315576 0.0258351 0.0202259 0.0149891 0.0104085 0.00670736
 0.00713568 0.0116534 0.0176549 0.0251225 0.0338321 0.0432141 0.0523262 0.0600892 0.0656794 0.068787 0.0695735 0.0684458 0.0658559 0.0622096 0.0578416 0.0530073 0.0478785 0.0425523 0.0370742 0.0314778 0.025835 0.020298 0.0151054 0.0105344 0.00681598
 0.00716601 0.0117039 0.0177329 0.0252349 0.0339832 0.0434024 0.0525416 0.0603127 0.0658869 0.0689548 0.0696839 0.0684894 0.0658314 0.0621207 0.0576948 0.0528104 0.0476427 0.0422961 0.0368245 0.0312659 0.0256862 0.0202219 0.0150923 0.0105618 0.00685884
 0.00715878 0.0116987 0.0177374 0.0252607 0.034043 0.0435057 0.0526909 0.0605006 0.0660974 0.0691661 0.069872 0.0686324 0.0659128 0.0621322 0.0576362 0.0526881 0.0474688 0.0420872 0.0366028 0.0310569 0.0255142 0.0201026 0.015028 0.0105416 0.00686519
 0.00719797 0.0117592 0.0178227 0.0253725 0.0341819 0.043672 0.0528834 0.0607156 0.0663259 0.0693929 0.0700767 0.0687924 0.0660077 0.0621483 0.0575687 0.0525418 0.0472567 0.0418289 0.0363224 0.0307813 0.0252691 0.0199075 0.0148912 0.0104591 0.0068243
 0.00719771 0.0117629 0.0178358 0.0254023 0.0342356 0.0437536 0.0529917 0.0608447 0.0664678 0.0695406 0.0702245 0.0689338 0.0661322 0.0622411 0.0576136 0.0525264 0.0471765 0.0416898 0.0361402 0.0305785 0.0250709 0.0197358 0.0147597 0.010371 0.00677341
 0.00728007 0.0118946 0.0180296 0.0256676 0.0345756 0.0441608 0.0534444 0.0613061 0.0668922 0.0698836 0.0704535 0.0690338 0.0661062 0.0621047 0.0573879 0.0522316 0.04683 0.0413075 0.0357402 0.030183 0.0247044 0.0194207 0.0145111 0.0101926 0.00665807
 0.00725832 0.0118669 0.0180023 0.0256525 0.0345879 0.0442154 0.0535522 0.0614707 0.0671084 0.070136 0.070718 0.0692808 0.0663067 0.0622362 0.0574388 0.0522014 0.0467263 0.0411431 0.0355314 0.0299491 0.0244673 0.0192021 0.0143283 0.0100549 0.0065649
 0.00725497 0.0118597 0.0179888 0.0256306 0.0345581 0.0441838 0.0535316 0.0614791 0.067163 0.0702468 0.0708822 0.0694826 0.0665201 0.0624314 0.0575886 0.0522862 0.0467375 0.0410833 0.0354119 0.0297882 0.0242867 0.0190241 0.0141716 0.00993135 0.00647785
 0.00721315 0.0117911 0.0178847 0.0254832 0.0343633 0.0439452 0.0532641 0.0612105 0.0669302 0.0700884 0.0708293 0.0695505 0.0667035 0.0627049 0.0579119 0.052614 0.0470292 0.0413105 0.0355622 0.0298638 0.0243015 0.0189982 0.014126 0.00988307 0.00643763
 0.00710053 0.0116029 0.0175929 0.0250611 0.0337944 0.0432355 0.0524536 0.0603731 0.0661611 0.0694815 0.0704573 0.0694533 0.0668853 0.0631364 0.0585364 0.053357 0.0478109 0.0420587 0.0362222 0.0304039 0.0247125 0.0192891 0.0143173 0.00999974 0.0065035
#pred catch len freq
 0.0052175 0.00820413 0.0118632 0.0160583 0.0206932 0.0256998 0.0309585 0.0362536 0.0413112 0.0458727 0.0497401 0.0527921 0.0549901 0.0563755 0.0570496 0.057146 0.0568078 0.0561576 0.0552372 0.0539137 0.0518141 0.0483936 0.0431964 0.0362073 0.0280468
 0.00538229 0.00843652 0.0121521 0.0163841 0.0210504 0.0261233 0.0315317 0.0370799 0.0424558 0.0473048 0.0513165 0.0542963 0.0562082 0.057167 0.0573799 0.0570705 0.0564217 0.0555368 0.0544 0.052825 0.0504333 0.0467387 0.0413823 0.0344259 0.0264969
 0.00575034 0.0089856 0.0128853 0.0172685 0.0220234 0.0271089 0.0324613 0.0379153 0.0432085 0.0480372 0.0521094 0.0551902 0.0571549 0.0580285 0.0579825 0.0572781 0.0561807 0.0548702 0.0533648 0.051474 0.0488111 0.0449122 0.0394718 0.0326004 0.024927
 0.00612475 0.00957115 0.0137226 0.0183774 0.023397 0.0287055 0.0341956 0.0396593 0.0448131 0.0493725 0.0531058 0.055856 0.057555 0.058232 0.0580097 0.0570825 0.0556764 0.0539822 0.0520667 0.049796 0.0468321 0.0427538 0.0372944 0.0305849 0.0232335
 0.00655076 0.0102287 0.0146487 0.0195885 0.0248932 0.0304743 0.0362056 0.0418443 0.0470572 0.0515102 0.0549462 0.0572273 0.0583525 0.0584438 0.0576996 0.0563404 0.0545667 0.052524 0.0502545 0.0476419 0.044402 0.0401809 0.0347652 0.0282997 0.021354
 0.00695083 0.0108528 0.0155404 0.0207736 0.0263807 0.032256 0.038251 0.0440935 0.0494175 0.0538576 0.057129 0.0590751 0.0596968 0.0591514 0.0577059 0.0556613 0.0532786 0.050725 0.0480348 0.0450842 0.041608 0.0372987 0.0319888 0.0258332 0.0193553
 0.00728586 0.0113803 0.0163036 0.0218052 0.0277019 0.0338742 0.0401512 0.0462287 0.0517048 0.0561822 0.0593533 0.0610492 0.0612694 0.0601832 0.0580863 0.0553273 0.0522283 0.0490164 0.045771 0.0423986 0.0386609 0.0342808 0.0291148 0.0233098 0.0173328
