SBPRF35
12.7214
Curr Bio
1.04738e+06
B35
912292
F35
0.172255
FOFL
0.172255
OFL
148984
Bzero
3.63469e+06
#pred survey bio
 3.63249e+06 3.4699e+06 3.33508e+06 3.16737e+06 2.96672e+06 2.74057e+06 2.50608e+06 2.28167e+06 2.05387e+06 1.82983e+06 1.61515e+06 1.41812e+06 1.27486e+06 1.14982e+06 1.00736e+06 880421 778015 713344 652198 625778 589670 571838 553627 538856 532196 533461 523916 526856 532606 534508 543904 549161 557891 563513 573850 575953 577709 590148 603524 616098 632979 645225 655408 661106 666682 673293 675088 678154 692273 700107 714346 763955 757546 773588 792336 825537 854704 879114 888502 882224 903336 952391 971400 1.00737e+06 1.00882e+06 1.01503e+06 1.05436e+06 2.4551e+07 2.26043e+07 2.29345e+07 2.34838e+07 2.41619e+07 2.48729e+07 2.55482e+07 2.61491e+07 2.66602e+07 2.70816e+07 2.74216e+07 2.76918e+07 2.79046e+07 2.80712e+07 2.82012e+07 2.83026e+07 2.83818e+07 2.84437e+07 2.84923e+07 2.85305e+07 2.85607e+07 2.85846e+07 2.86036e+07 2.86188e+07 2.86309e+07 2.86406e+07 2.86484e+07 2.86547e+07 2.86597e+07 2.86638e+07 2.86671e+07 2.86698e+07 2.8672e+07 2.86738e+07 2.86752e+07 2.86764e+07 2.86774e+07 2.86782e+07 2.86788e+07 2.86793e+07 2.86798e+07 2.86801e+07 2.86804e+07 2.86806e+07 2.86808e+07 2.8681e+07 2.86811e+07 2.86812e+07 2.86813e+07 2.86814e+07 2.86814e+07 2.86815e+07 2.86815e+07 2.86815e+07 2.86816e+07 2.86816e+07 2.86816e+07 2.86816e+07 2.86816e+07 2.86816e+07 2.86817e+07 2.86817e+07 2.86817e+07 2.86817e+07 2.86817e+07 2.86817e+07 2.86817e+07 2.86817e+07 2.86817e+07 2.86817e+07 2.86817e+07 2.86817e+07 2.86817e+07 2.86817e+07 2.86817e+07 2.86817e+07 2.86817e+07 2.86817e+07 2.86817e+07 2.86817e+07 2.86817e+07 2.86817e+07 2.86817e+07 2.86817e+07 2.86817e+07 2.86817e+07 2.86817e+07 2.86817e+07 2.86817e+07 2.86817e+07 2.86817e+07 2.86817e+07 2.86817e+07 2.86817e+07 2.86817e+07 2.86817e+07 2.86817e+07 2.86817e+07 2.86817e+07 2.86817e+07 0 0 0 0 0 0 0 0 0 0 0 0 0 0 0 0 0 0 0 0 0 0 0 0 0
#obs survey bio
 4.47286e+06 4.76078e+06 2.33359e+06 2.51623e+06 3.63453e+06 2.77475e+06 1.65220e+06 2.27294e+06 1.80699e+06 1.44026e+06 1.19905e+06 1.42935e+06 1.023e+06 1.1311e+06 1.11463e+06 825283 957806 637872 545479 546744 512636 604964 476415 640205 698528 527557 498059 716424 495090 503448 555983 472891 652728 789006 627106 778741 641886 393551 444342 637691 550946 643604 560046 640871 780628 599135 531524 697334 685268 654764 806845 602505 880423 572032 672847 1.02883e+06 1.0799e+06 1.03476e+06 596007 721138 1.19602e+06 1.09609e+06 1.16119e+06 1.0193e+06 804623 1.08824e+06 999278
#pred catch bio
 118705 105770 150853 196894 237838 264567 274897 296307 308702 312422 304772 262790 250513 265087 246873 219674 181667 173798 140923 146476 127857 125537 119878 111078 103506 111584 100214 97973 101197 94864.4 98448.3 95655.8 98459.4 94532.4 101334 101163 92644.7 93317.3 95338.3 93238.3 98915.3 102056 107111 108442 108802 113919 113451 104882 110813 105461 77211.8 125773 106214 105798 95807.1 101180 106525 120977 136351 115705 95848.1 123890 110403 141539 139093 114917 141621 148984 149894 151224 153886 157539 161434 165090 168266 170880 172951 174542 175739 176623 177267 177731 178063 178299 178465 178582 178664 178721 178761 178788 178807 178821 178830 178836 178841 178844 178846 178847 178848 178849 178849 178850 178850 178850 178850 178850 178850 178850 178850 178850 178850 178850 178850 178850 178850 178850 178850 178850 178850 178850 178850 178850 178850 178850 178850 178850 178850 178850 178850 178850 178850 178850 178850 178850 178850 178850 178850 178850 178850 178850 178850 178850 178850 178850 178850 178850 178850 178850 178850 178850 178850 178850 178850 178850 178850 178850 178850 178850 178850 178850 178850 178850 178850 178850 178850 178850 178850 0 0 0 0 0 0 0 0 0 0 0 0 0 0 0 0 0 0 0 0 0 0 0 0 0
#obs catch bio
 0 105264 150878 196909 237386 263910 275249 296946 309948 315692 308192 264676 252637 268309 247532 221207 182114 173670 141070 147851 128655 126116 120582 111182 103713 111952 100473 97993 101495 95045.2 98431.5 95619.2 98447 94368.2 101079 100871 92383.7 93546.5 95504.9 93009.4 98924 102010 106938 108538 108870 114227 114169 105066 111332 105803 76427.4 126119 105718 106012 96023.8 101188 106429 120583 136892 116367 95853.6 124997 110105 141940 139519 114664 141828
#pred cpue bio
 3.5907e+06 3.42948e+06 3.29451e+06 3.12649e+06 2.9262e+06 2.7003e+06 2.46582e+06 2.24142e+06 2.014e+06 1.79069e+06 1.57716e+06 1.3815e+06 1.2391e+06 1.1151e+06 974659 849795 749312 686150 626350 600425 565251 548092 530615 516437 510079 511464 502240 505180 510907 512870 522228 527521 536125 541732 552029 554233 555989 568079 581096 593412 609871 621730 631606 637003 642271 648629 650269 653257 667202 675101 689295 738205 732073 747587 765698 798359 827323 851366 860080 853085 873359 921773 940938 976364 977363 982694 1.02068e+06 2.3768e+07 2.18876e+07 2.21681e+07 2.26685e+07 2.33326e+07 2.40409e+07 2.47157e+07 2.53165e+07 2.58277e+07 2.62491e+07 2.65891e+07 2.68593e+07 2.70721e+07 2.72386e+07 2.73687e+07 2.74701e+07 2.75492e+07 2.76112e+07 2.76598e+07 2.7698e+07 2.77282e+07 2.77521e+07 2.77711e+07 2.77862e+07 2.77984e+07 2.78081e+07 2.78159e+07 2.78221e+07 2.78272e+07 2.78313e+07 2.78346e+07 2.78373e+07 2.78395e+07 2.78413e+07 2.78427e+07 2.78439e+07 2.78449e+07 2.78456e+07 2.78463e+07 2.78468e+07 2.78472e+07 2.78476e+07 2.78479e+07 2.78481e+07 2.78483e+07 2.78484e+07 2.78486e+07 2.78487e+07 2.78488e+07 2.78488e+07 2.78489e+07 2.78489e+07 2.7849e+07 2.7849e+07 2.7849e+07 2.78491e+07 2.78491e+07 2.78491e+07 2.78491e+07 2.78491e+07 2.78491e+07 2.78491e+07 2.78491e+07 2.78491e+07 2.78491e+07 2.78491e+07 2.78491e+07 2.78491e+07 2.78491e+07 2.78491e+07 2.78491e+07 2.78491e+07 2.78492e+07 2.78492e+07 2.78492e+07 2.78492e+07 2.78492e+07 2.78492e+07 2.78492e+07 2.78492e+07 2.78492e+07 2.78492e+07 2.78492e+07 2.78492e+07 2.78492e+07 2.78492e+07 2.78492e+07 2.78492e+07 2.78492e+07 2.78492e+07 2.78492e+07 2.78492e+07 2.78492e+07 2.78492e+07 2.78492e+07 2.78492e+07 2.78492e+07 2.78492e+07 2.78492e+07 2.78492e+07 0 0 0 0 0 0 0 0 0 0 0 0 0 0 0 0 0 0 0 0 0 0 0 0 0
#obs cpue bio
 3.70498e+06 3.75675e+06 3.10647e+06 3.80674e+06 3.35883e+06 2.73508e+06 2.03119e+06 2.18396e+06 1.89693e+06 1.31241e+06 1.95735e+06 1.38421e+06 1.28197e+06 973291 1.30474e+06 687799 644175 1.0066e+06 557564 485085 590899 560175 527225 542334 325003 543305 458738 431443 481156 503516 645301 582779 486694 403081 606972 445892 473877 573507 847521 762507 607998 637820 848497 529743 536002 638598 593799 743620 591588 857869 1.19091e+06 680659 764598 643852 682657 912246 678142 981584 790455 660646 710664 613347 1.40881e+06 880650 1.08952e+06 974233 1.18309e+06
#pred surv len freq
 0.00417818 0.00686272 0.0104785 0.0150609 0.0205351 0.0266297 0.0328543 0.038627 0.0434913 0.0472578 0.0499796 0.0518298 0.0529965 0.0536391 0.0538893 0.0538707 0.0537216 0.0535895 0.0535555 0.0534857 0.0528938 0.0509785 0.0469434 0.0404912 0.0321604
 0.00451708 0.00732808 0.0110232 0.0155948 0.0209587 0.0268827 0.0329474 0.0386311 0.0434908 0.0472992 0.0500532 0.0518946 0.0530264 0.0536569 0.0539631 0.0540753 0.0540845 0.05405 0.0539612 0.0536377 0.0526278 0.0502451 0.0458421 0.0392326 0.0309765
 0.00459566 0.00751681 0.011413 0.0162899 0.0220289 0.0283018 0.0345579 0.0401761 0.0447107 0.0480383 0.0503058 0.0517686 0.0526642 0.0531758 0.0534441 0.0535786 0.0536542 0.0536923 0.0536176 0.0531868 0.0519348 0.0492386 0.0445693 0.0378517 0.0296884
 0.00472342 0.00770933 0.0116804 0.0166466 0.022509 0.0289691 0.0354941 0.0414354 0.0462584 0.049715 0.0518577 0.0529396 0.0532968 0.0532574 0.0530803 0.0529255 0.0528554 0.0528412 0.0527406 0.0522466 0.0508618 0.0479869 0.0431687 0.0364188 0.0283819
 0.00493769 0.0080507 0.0121799 0.0173255 0.0233727 0.0300023 0.0366615 0.0426936 0.0475732 0.0510656 0.0532126 0.0542191 0.054359 0.0539349 0.0532497 0.052562 0.0520347 0.0516916 0.0513821 0.0507521 0.0492598 0.0462984 0.0414507 0.0347791 0.0269514
 0.00521514 0.00849575 0.0128382 0.0182348 0.0245544 0.0314497 0.0383261 0.044483 0.0493664 0.0527436 0.0546864 0.0554375 0.0552907 0.0545381 0.0534567 0.0522964 0.051252 0.0504113 0.0496857 0.0487544 0.0470798 0.0440533 0.0392667 0.0327937 0.0252902
 0.00548216 0.00893595 0.0135118 0.0192011 0.0258595 0.0331062 0.0402936 0.046661 0.0516081 0.0548847 0.0565756 0.0569587 0.0563722 0.0551471 0.0535808 0.0519233 0.050363 0.048997 0.0477734 0.0464264 0.0444735 0.0413468 0.0366573 0.0304688 0.0233919
 0.00571572 0.00932165 0.0141043 0.0200574 0.0270303 0.0346212 0.0421427 0.048783 0.0538926 0.0571858 0.0587324 0.0588155 0.057798 0.0560499 0.0539109 0.0516643 0.049517 0.0475764 0.0458095 0.0439909 0.0416994 0.0384299 0.0338313 0.0279589 0.0213611
 0.00595513 0.00971557 0.0147064 0.0209221 0.0282041 0.0361277 0.0439671 0.0508639 0.0561284 0.0594503 0.06089 0.0607312 0.059345 0.057118 0.0544154 0.0515516 0.0487646 0.0461904 0.0438264 0.0414904 0.0388218 0.0353828 0.0308679 0.025326 0.0192378
 0.00616218 0.0100655 0.0152581 0.0217395 0.0293441 0.0376202 0.0457946 0.0529539 0.0583641 0.0616938 0.0630042 0.0625933 0.0608498 0.0581771 0.0549552 0.051513 0.0481063 0.0448959 0.0419153 0.0390347 0.0359622 0.0323325 0.0278887 0.0226747 0.0171006
 0.00640751 0.0104623 0.0158524 0.0225756 0.0304593 0.0390352 0.0475004 0.0549009 0.060462 0.0638216 0.0650265 0.0643782 0.062284 0.0591735 0.0554522 0.0514668 0.0474846 0.0436798 0.0401124 0.0367014 0.0332254 0.0293957 0.0250085 0.0201055 0.0150281
 0.00672715 0.0109711 0.016598 0.0235944 0.0317705 0.0406307 0.0493346 0.0568888 0.0624915 0.0657742 0.0667947 0.0658719 0.0634296 0.0599113 0.0557355 0.0512607 0.0467642 0.0424311 0.0383418 0.0344557 0.030615 0.0266046 0.0222741 0.0176669 0.0130616
 0.00690559 0.0112732 0.0170744 0.0242992 0.0327484 0.0418984 0.0508631 0.0585996 0.0642715 0.0675021 0.0683642 0.0672015 0.0644612 0.0606027 0.0560527 0.0511727 0.0462426 0.0414544 0.0369067 0.0325958 0.0284208 0.0242329 0.0199318 0.0155652 0.0113592
 0.00693402 0.0113505 0.0172492 0.0246383 0.0333239 0.0427646 0.0520335 0.0600344 0.065882 0.0691668 0.0699506 0.0685882 0.0655544 0.0613441 0.0564149 0.0511471 0.0458258 0.0406433 0.0357055 0.031033 0.0265705 0.0222255 0.0179419 0.0137739 0.00990413
 0.00713147 0.0116619 0.0177015 0.0252543 0.0341233 0.0437631 0.0532355 0.0614215 0.0674017 0.0707285 0.071434 0.069863 0.0665071 0.0618992 0.0565431 0.0508573 0.0451485 0.0396147 0.0343622 0.0294203 0.0247604 0.0203291 0.016104 0.012143 0.00859138
 0.00730034 0.0119489 0.0181554 0.0259248 0.035047 0.0449426 0.054624 0.0629251 0.0689028 0.0721181 0.0726303 0.0708107 0.0671649 0.062232 0.0565241 0.0504767 0.0444184 0.0385664 0.033041 0.0278846 0.0230867 0.018619 0.0144783 0.0107204 0.00745745
 0.0074524 0.0121913 0.0185122 0.0264184 0.0356972 0.0457638 0.0556163 0.0640639 0.0701316 0.07335 0.073762 0.0717445 0.0678282 0.0625854 0.0565564 0.0501936 0.0438346 0.0377054 0.0319384 0.0265926 0.0216781 0.0171862 0.0131257 0.00954531 0.00652666
 0.00762372 0.0124389 0.0188281 0.0267775 0.036067 0.0461203 0.0559567 0.0644084 0.0705145 0.0738033 0.0742979 0.0723426 0.0684346 0.0631242 0.0569487 0.050376 0.0437689 0.0373798 0.031366 0.0258105 0.0207473 0.0161886 0.0121538 0.00868505 0.00583763
 0.00786834 0.0128268 0.019391 0.0275311 0.0369999 0.047182 0.0570521 0.0654113 0.0713036 0.0743047 0.0745086 0.0723205 0.0682628 0.0628715 0.0566473 0.0500203 0.043331 0.0368298 0.0306884 0.025014 0.0198675 0.0152841 0.0112956 0.0079392 0.00524847
 0.00781392 0.0127581 0.0193252 0.0274983 0.0370379 0.0473252 0.0573192 0.0657967 0.071774 0.0748051 0.0749762 0.0727046 0.0685403 0.0630491 0.056747 0.0500593 0.0433075 0.0367239 0.0304753 0.0246811 0.0194264 0.014773 0.0107703 0.00745783 0.00485446
 0.00786955 0.012844 0.0194465 0.0276593 0.0372434 0.0475826 0.0576374 0.0661806 0.072216 0.0752779 0.0754328 0.0730871 0.0687969 0.0631508 0.0566961 0.0498831 0.0430427 0.0363995 0.0301049 0.0242683 0.018977 0.0143052 0.010316 0.00705356 0.00452882
 0.00784446 0.0127991 0.0193718 0.0275441 0.0370811 0.0473768 0.0574084 0.0659665 0.0720671 0.0752438 0.0755462 0.0733507 0.0691779 0.0635886 0.0571202 0.0502345 0.043287 0.0365274 0.0301235 0.0241915 0.0188221 0.0140949 0.0100793 0.00682255 0.00433081
 0.00787427 0.0128411 0.0194228 0.0275958 0.0371207 0.0473898 0.0573815 0.0658925 0.0719503 0.0751037 0.0754169 0.0732728 0.0691844 0.0636914 0.057303 0.0504577 0.0435015 0.0366908 0.0302104 0.0241954 0.0187519 0.0139698 0.00992469 0.00666493 0.0041922
 0.00795489 0.0129568 0.0195682 0.0277552 0.0372721 0.0475102 0.0574523 0.0659023 0.0718951 0.0749883 0.0752564 0.0730926 0.0690177 0.0635714 0.0572526 0.0504807 0.0435801 0.0367918 0.0302975 0.0242413 0.0187449 0.0139145 0.00983714 0.00656584 0.0041002
 0.00796394 0.0129733 0.0195955 0.0277959 0.0373248 0.0475666 0.0574965 0.0659141 0.0718584 0.0748991 0.0751257 0.0729437 0.0688784 0.0634669 0.0572014 0.0504914 0.0436488 0.0369017 0.0304219 0.0243515 0.0188193 0.0139447 0.00982806 0.00653153 0.00405681
 0.00793319 0.0129186 0.0195052 0.0276579 0.0371319 0.0473226 0.0572207 0.0656385 0.0716185 0.0747217 0.075023 0.0729145 0.0689148 0.0635605 0.0573456 0.0506797 0.0438726 0.0371471 0.0306695 0.0245786 0.0190057 0.0140782 0.0099083 0.00656819 0.0040649
 0.00799508 0.0130177 0.0196506 0.0278542 0.0373748 0.0475948 0.0574893 0.0658604 0.0717525 0.0747431 0.0749314 0.072731 0.0686726 0.0632948 0.0570875 0.0504541 0.0436961 0.0370271 0.030603 0.0245536 0.0190048 0.0140847 0.00991083 0.0065628 0.00405345
 0.00796891 0.0129711 0.0195736 0.0277373 0.0372133 0.0473948 0.0572713 0.0656556 0.0715925 0.074648 0.0749039 0.0727594 0.0687397 0.0633857 0.0571929 0.0505697 0.0438208 0.03716 0.030741 0.0246904 0.0191311 0.0141908 0.00999043 0.00661497 0.00408253
 0.00791824 0.0128914 0.0194586 0.0275823 0.0370159 0.0471557 0.0569973 0.0653626 0.071307 0.0744044 0.0747368 0.0726933 0.0687809 0.0635212 0.0573966 0.0508122 0.044077 0.0374125 0.0309787 0.0249056 0.0193173 0.0143429 0.0101055 0.00669431 0.00413162
 0.00787364 0.0128251 0.0193701 0.0274751 0.0368956 0.0470278 0.0568653 0.0652279 0.0711705 0.0742687 0.0746094 0.072588 0.0687155 0.0635117 0.0574509 0.0509259 0.0442355 0.0375961 0.0311686 0.0250865 0.0194784 0.0144771 0.0102093 0.00676809 0.00417914
 0.00782501 0.012736 0.0192185 0.0272368 0.0365532 0.0465835 0.0563496 0.0646984 0.0706962 0.0739096 0.0744004 0.0725358 0.0688055 0.0637189 0.0577476 0.0512855 0.0446318 0.038003 0.0315612 0.0254434 0.019784 0.0147229 0.0103942 0.00689709 0.00426195
 0.00783384 0.012747 0.0192278 0.027236 0.036528 0.046514 0.056214 0.0644808 0.0703976 0.0735552 0.0740378 0.0722219 0.0685886 0.0636251 0.0577782 0.051423 0.0448492 0.0382704 0.0318496 0.0257265 0.0200405 0.0149381 0.010561 0.00701623 0.00433988
 0.00775934 0.0126372 0.0190836 0.027065 0.0363425 0.0463253 0.0560293 0.0643011 0.0702192 0.073374 0.0738548 0.072049 0.0684494 0.0635491 0.0577903 0.0515337 0.0450505 0.0385396 0.0321555 0.0260374 0.0203288 0.0151839 0.0107541 0.00715555 0.0044318
 0.00770513 0.0125502 0.0189553 0.0268903 0.0361222 0.0460705 0.0557623 0.0640523 0.0700173 0.0732351 0.0737776 0.0720185 0.0684485 0.0635695 0.0578368 0.0516199 0.0451892 0.0387332 0.0323932 0.0262973 0.0205848 0.0154127 0.0109402 0.00729335 0.00452456
 0.00764516 0.0124489 0.0187961 0.0266564 0.0358017 0.0456636 0.0552889 0.0635536 0.0695497 0.0728567 0.0735337 0.0719306 0.0685107 0.0637543 0.0581071 0.0519418 0.0455393 0.039098 0.0327623 0.0266576 0.0209192 0.0157033 0.0111741 0.00746618 0.00464102
 0.00766492 0.0124775 0.018832 0.0266938 0.0358296 0.0456658 0.0552454 0.0634457 0.0693674 0.0726073 0.073244 0.0716424 0.0682686 0.0635925 0.0580408 0.0519671 0.0456398 0.0392534 0.0329535 0.0268674 0.0211307 0.0159 0.0113418 0.00759629 0.00473236
 0.00776203 0.0126166 0.0190063 0.0268849 0.036012 0.0458144 0.055341 0.0634765 0.0693264 0.0724911 0.0730547 0.0713921 0.0679822 0.0633053 0.0577905 0.0517835 0.0455379 0.0392317 0.0329987 0.0269603 0.0212503 0.0160266 0.0114589 0.00769267 0.00480322
 0.00772991 0.012574 0.0189594 0.0268432 0.0359835 0.0457986 0.055326 0.0634428 0.0692572 0.0723821 0.0729171 0.0712461 0.0678483 0.0631985 0.0577207 0.051758 0.0455624 0.0393077 0.0331206 0.0271148 0.0214195 0.0161915 0.0116038 0.00780798 0.00488616
 0.0076655 0.0124746 0.0188203 0.0266656 0.035776 0.0455783 0.0551173 0.0632718 0.0691432 0.0723292 0.0729137 0.0712729 0.0678887 0.0632457 0.0577768 0.0518299 0.0456569 0.0394287 0.0332674 0.027281 0.0215934 0.0163584 0.0117501 0.00792443 0.00497009
 0.00769401 0.012504 0.0188336 0.0266374 0.0356803 0.0454008 0.0548653 0.0629762 0.0688495 0.0720834 0.0727481 0.0711987 0.067897 0.0633149 0.0578832 0.0519561 0.0457942 0.0395753 0.0334234 0.0274443 0.0217576 0.0165139 0.0118862 0.00803346 0.00504931
 0.00766666 0.0124666 0.0187891 0.0265902 0.0356311 0.0453411 0.0547762 0.0628353 0.068645 0.0718266 0.0724758 0.0709617 0.0677406 0.0632627 0.0579325 0.0520844 0.0459723 0.0397776 0.0336321 0.0276484 0.0219492 0.0166856 0.0120312 0.00814702 0.00513084
 0.00763242 0.0124179 0.018729 0.0265266 0.0355755 0.0453048 0.0547661 0.0628491 0.0686689 0.0718367 0.0724477 0.0708827 0.0676196 0.0631284 0.0578215 0.0520255 0.0459762 0.0398378 0.0337324 0.0277704 0.0220773 0.0168077 0.0121382 0.00823332 0.00519431
 0.00766565 0.01246 0.0187709 0.0265537 0.035573 0.045266 0.0546978 0.0627704 0.0686023 0.0717972 0.0724345 0.0708805 0.067607 0.0630907 0.0577593 0.0519549 0.0459203 0.0398153 0.0337501 0.0278233 0.0221528 0.0168913 0.0122177 0.0083003 0.00524496
 0.00766905 0.0124773 0.0188177 0.0266487 0.0357297 0.0454816 0.0549466 0.0630083 0.0687832 0.0718916 0.0724385 0.0708106 0.0674861 0.0629373 0.0575846 0.0517681 0.0457344 0.039647 0.0336158 0.0277322 0.0221046 0.0168775 0.012226 0.00831877 0.00526472
 0.00766018 0.0124635 0.018799 0.0266281 0.0357154 0.045488 0.0549922 0.0631086 0.0689397 0.0720848 0.072631 0.0709608 0.0675653 0.0629376 0.0575171 0.051653 0.0455934 0.0395004 0.0334809 0.0276227 0.0220278 0.0168334 0.0122081 0.00831762 0.00527142
 0.00765274 0.0124509 0.018779 0.0265985 0.0356749 0.0454381 0.0549388 0.0630634 0.0689192 0.0721053 0.0727013 0.071075 0.0677017 0.0630655 0.0576084 0.0516927 0.0455823 0.0394514 0.0334125 0.0275528 0.0219698 0.016794 0.0121874 0.00831129 0.00527331
 0.00760995 0.0123958 0.0187226 0.0265591 0.0356723 0.0454842 0.055031 0.0631846 0.0690455 0.0722162 0.072787 0.071137 0.0677468 0.0630985 0.0576272 0.0516894 0.0455495 0.039388 0.0333261 0.0274573 0.0218799 0.0167206 0.0121354 0.00827942 0.00525681
 0.00758315 0.0123477 0.018643 0.0264388 0.0355091 0.0452899 0.054835 0.0630275 0.0689647 0.0722296 0.0728863 0.0712941 0.0679281 0.0632773 0.0577877 0.0518236 0.0456525 0.0394568 0.033361 0.0274637 0.0218676 0.0167006 0.0121165 0.00826613 0.00524967
 0.00745988 0.0121581 0.0183777 0.0260961 0.0350948 0.0448177 0.0543287 0.062525 0.0685175 0.0718963 0.0727187 0.071321 0.0681449 0.0636468 0.0582528 0.0523241 0.0461383 0.0398934 0.0337292 0.0277567 0.0220884 0.0168588 0.0122245 0.00833674 0.00529377
 0.00741824 0.0120843 0.0182559 0.025909 0.0348291 0.0444719 0.0539187 0.0620841 0.0680886 0.0715227 0.072437 0.0711603 0.0681252 0.0637752 0.0585175 0.0526932 0.0465658 0.0403302 0.0341341 0.0281027 0.0223635 0.0170634 0.0123674 0.00843041 0.00535138
 0.00742526 0.0120799 0.0182198 0.025812 0.0346397 0.0441677 0.0534977 0.06157 0.0675284 0.070977 0.0719687 0.0708227 0.0679545 0.0637861 0.0587036 0.0530292 0.0470108 0.0408335 0.0346428 0.0285713 0.0227607 0.0173749 0.0125938 0.00858307 0.0054467
 0.00719579 0.0117211 0.0177063 0.0251297 0.033788 0.0431629 0.0523797 0.0604062 0.0664113 0.0700124 0.0712577 0.0704436 0.0679476 0.0641474 0.059388 0.0539619 0.0481013 0.0419879 0.035774 0.029606 0.0236458 0.018082 0.0131199 0.00894593 0.00567766
 0.00741076 0.0120398 0.0181278 0.0256306 0.0343254 0.043681 0.0528152 0.0606925 0.0664862 0.069832 0.070814 0.0697766 0.0671446 0.0633253 0.0586642 0.0534248 0.0477928 0.041901 0.0358645 0.0298103 0.0238986 0.01833 0.0133288 0.0091016 0.00578143
 0.00743216 0.0120847 0.0182126 0.0257737 0.034538 0.043956 0.0531194 0.0609704 0.0666756 0.0698833 0.070703 0.0695065 0.0667427 0.0628397 0.0581602 0.0529764 0.047466 0.0417363 0.0358653 0.0299451 0.0241147 0.0185707 0.0135491 0.00927578 0.0059029
 0.00730811 0.011908 0.0179941 0.0255414 0.0343324 0.0438195 0.0530851 0.0610523 0.066862 0.0701357 0.0709626 0.0697104 0.0668425 0.0628161 0.0580275 0.0527776 0.0472605 0.0415831 0.0358055 0.0299904 0.0242461 0.0187498 0.0137339 0.00943461 0.00602063
 0.00714141 0.0116352 0.0175824 0.0249656 0.0335882 0.0429399 0.0521516 0.0601883 0.0662016 0.0697818 0.0709539 0.0700135 0.067369 0.0634546 0.0586765 0.0533695 0.0477702 0.0420211 0.0362003 0.0303673 0.0246137 0.0190973 0.0140399 0.0096798 0.00619746
 0.00714091 0.0116112 0.0175029 0.0247852 0.0332577 0.0424243 0.0514488 0.0593411 0.0652979 0.0689405 0.0703006 0.0696485 0.0673388 0.0637385 0.0591969 0.0540205 0.0484527 0.0426672 0.0367797 0.0308774 0.0250616 0.0194861 0.0143651 0.00993496 0.00638109
 0.00728144 0.0118152 0.0177628 0.0250734 0.0335277 0.0426165 0.0514988 0.0591922 0.0649185 0.0683429 0.0695507 0.0688579 0.0666379 0.0632395 0.0589615 0.0540466 0.0486846 0.0430234 0.037183 0.0312737 0.025422 0.0197985 0.0146244 0.0101382 0.00652882
 0.00740943 0.0120335 0.018108 0.0255798 0.0342122 0.0434571 0.0524187 0.0600628 0.0655874 0.0686771 0.0694766 0.0683816 0.0658435 0.0622665 0.0579686 0.053171 0.0480108 0.0425731 0.036928 0.0311613 0.0253997 0.019826 0.0146746 0.0101939 0.00657892
 0.00742792 0.012092 0.0182492 0.0258623 0.0346973 0.0441862 0.0533884 0.0612107 0.0667931 0.0697804 0.0703078 0.0688003 0.0657757 0.0617278 0.0570617 0.0520561 0.0468603 0.041528 0.0360718 0.0305184 0.0249515 0.0195337 0.0144967 0.0100941 0.00652868
 0.00724933 0.0118165 0.0178651 0.0253767 0.0341438 0.0436314 0.0529326 0.0609716 0.0668721 0.0702195 0.0710615 0.0697384 0.066718 0.0624983 0.05754 0.0522085 0.0467389 0.0412399 0.0357346 0.0302221 0.0247409 0.0194126 0.0144449 0.0100844 0.00653826
 0.00700176 0.0114156 0.0172662 0.0245441 0.0330638 0.0423317 0.0515006 0.0595583 0.0656708 0.0694232 0.0708127 0.0700877 0.0676048 0.0637619 0.0589624 0.0535763 0.0478997 0.0421311 0.036375 0.0306758 0.0250769 0.0196785 0.0146614 0.0102556 0.00666411
 0.00708677 0.0115191 0.0173569 0.024568 0.0329551 0.0420315 0.0509769 0.05882 0.0647734 0.0684675 0.069934 0.0694327 0.0672961 0.0638584 0.0594352 0.0543135 0.048744 0.0429332 0.0370374 0.0311681 0.0254201 0.0199148 0.0148287 0.0103773 0.00675138
 0.00711919 0.0115693 0.0174257 0.0246487 0.0330279 0.0420582 0.0509019 0.0585815 0.0643268 0.0678113 0.0691257 0.0685844 0.0665507 0.0633536 0.0592647 0.0544987 0.0492265 0.0435958 0.0377453 0.0318121 0.0259409 0.0203014 0.0150996 0.0105599 0.00687019
 0.00729601 0.0118485 0.0178295 0.0251899 0.0337037 0.0428422 0.0517351 0.0593692 0.0649489 0.0681471 0.0690859 0.0681424 0.0657598 0.0623416 0.0582038 0.0535573 0.0485221 0.0431672 0.0375566 0.0317829 0.0259866 0.0203617 0.0151466 0.0105889 0.00688652
 0.00738267 0.0119963 0.0180645 0.02554 0.0341915 0.0434741 0.0524899 0.0601936 0.0657617 0.0688504 0.06958 0.0683412 0.0656103 0.0618444 0.0574245 0.0526184 0.0475721 0.042337 0.0369233 0.0313588 0.0257345 0.0202246 0.0150742 0.0105489 0.006863
 0.00717723 0.0116958 0.0176757 0.0250943 0.0337408 0.0430816 0.0522197 0.0601016 0.0658841 0.069191 0.0701004 0.0689624 0.0662264 0.0623476 0.0577352 0.0527102 0.0474792 0.0421396 0.0367138 0.0312063 0.0256654 0.0202269 0.0151165 0.0106012 0.00690707
#obs surv len freq
 nan nan nan nan nan nan nan nan nan nan nan nan nan nan nan nan nan nan nan nan nan nan nan nan nan
 0.00448643 0.00734845 0.0111789 0.0159951 0.0216951 0.0279695 0.0342822 0.0400122 0.044691 0.0481544 0.0505124 0.0520085 0.0529011 0.0534138 0.0537284 0.0539835 0.0542623 0.0545551 0.0546939 0.0542859 0.052724 0.0493561 0.0438059 0.036286 0.0276697
 0.0046153 0.00756102 0.011504 0.0164606 0.0223203 0.0287548 0.0351987 0.0409994 0.0456652 0.0490267 0.0512049 0.0524665 0.0530977 0.0533492 0.0534254 0.0534798 0.0536015 0.0537801 0.0538438 0.0533975 0.0518363 0.0485124 0.043051 0.0356581 0.0271898
 0.0047771 0.00782524 0.0119041 0.0170286 0.0230816 0.029718 0.0363448 0.0422759 0.04699 0.0502996 0.0523227 0.0533363 0.0536478 0.0535379 0.0532443 0.0529514 0.0527718 0.0527092 0.0525984 0.0520482 0.0504582 0.0471861 0.0418562 0.0346606 0.026426
 0.00496275 0.00812935 0.0123661 0.0176868 0.0239656 0.0308377 0.0376785 0.0437653 0.0485483 0.0518258 0.0537151 0.0544995 0.0544971 0.0540039 0.0532805 0.0525411 0.0519317 0.0514876 0.0510709 0.0503123 0.0486293 0.0453909 0.0402199 0.0332852 0.0253689
 0.00518321 0.00848943 0.0129111 0.0184602 0.0250007 0.0321446 0.0392309 0.0454951 0.0503548 0.0535943 0.0553341 0.0558705 0.0555365 0.0546424 0.0534625 0.0522289 0.0511119 0.05018 0.0493351 0.0482513 0.046387 0.0431397 0.0381366 0.0315172 0.0240019
 0.00542189 0.00887935 0.0135015 0.0192983 0.026123 0.0335628 0.040917 0.0473765 0.0523238 0.055528 0.0571134 0.0573914 0.0567125 0.0554036 0.0537528 0.0520045 0.0503446 0.0488666 0.0475117 0.0460085 0.0438757 0.0405611 0.0357102 0.0294334 0.0223778
 0.00565863 0.00926885 0.0140964 0.0201506 0.0272743 0.0350284 0.0426697 0.0493408 0.0543866 0.0575603 0.0589911 0.0590063 0.0579764 0.0562459 0.0541178 0.0518477 0.0496326 0.047584 0.0456772 0.0436958 0.0412294 0.0377926 0.0330647 0.0271341 0.0205696
 0.00588907 0.00964703 0.0146725 0.0209742 0.0283861 0.0364456 0.044371 0.0512596 0.0564189 0.0595834 0.0608819 0.0606541 0.059288 0.057147 0.0545503 0.051766 0.0490012 0.0463818 0.0439117 0.0414262 0.0385881 0.034987 0.0303479 0.0247465 0.0186752
 0.00612553 0.010034 0.0152596 0.0218095 0.029507 0.037865 0.0460622 0.0531517 0.0584063 0.0615463 0.0627048 0.0622361 0.0605451 0.0580114 0.0549677 0.0516926 0.0484016 0.0452324 0.042214 0.0392286 0.0360093 0.0322234 0.0276482 0.0223543 0.0167632
 0.00638734 0.0104609 0.0159043 0.0227215 0.0307222 0.0393903 0.04786 0.0551349 0.0604521 0.0635202 0.0644844 0.0637236 0.0616694 0.0587235 0.0552342 0.051488 0.0477042 0.0440263 0.0405008 0.0370504 0.0334728 0.0295101 0.0249938 0.0199949 0.0148701
 0.0066263 0.0108574 0.0165157 0.0236053 0.0319238 0.0409231 0.0496866 0.0571613 0.0625423 0.0655249 0.0662675 0.0651778 0.0627215 0.059331 0.0553781 0.051163 0.0469099 0.0427644 0.0387838 0.034921 0.0310284 0.0269149 0.0224627 0.0177458 0.0130634
 0.00685017 0.0112221 0.0170665 0.0243858 0.0329691 0.0422482 0.0512717 0.0589444 0.0644232 0.0673801 0.0679686 0.0666077 0.0637868 0.0599689 0.0555567 0.050875 0.0461631 0.0415749 0.037178 0.0329491 0.0287836 0.0245454 0.020159 0.0157013 0.0114206
 0.00706873 0.0115804 0.0176108 0.0251602 0.0340056 0.0435522 0.0528081 0.0606351 0.0661602 0.0690482 0.0694633 0.0678433 0.0646955 0.0605 0.0556766 0.0505681 0.0454308 0.0404338 0.0356604 0.031111 0.026717 0.0223861 0.0180758 0.0138618 0.00994702
 0.00727477 0.0119221 0.018137 0.0259197 0.0350357 0.0448614 0.0543594 0.0623412 0.0678975 0.0706828 0.0708767 0.0689473 0.0654356 0.0608506 0.0556324 0.0501357 0.0446242 0.039274 0.034181 0.0293669 0.0247951 0.0204092 0.0161916 0.0122132 0.00863511
 0.00742111 0.0121611 0.0184996 0.0264367 0.0357343 0.0457569 0.055446 0.0635842 0.0692334 0.0720255 0.0721292 0.0700141 0.0662362 0.0613282 0.0557577 0.0499031 0.0440448 0.0383705 0.0329877 0.027936 0.0232054 0.0187686 0.0146268 0.0108451 0.00754773
 0.00752585 0.0123311 0.0187551 0.0267969 0.0362144 0.046364 0.0561736 0.0644109 0.0701255 0.0729423 0.073025 0.0708387 0.0669336 0.0618408 0.0560334 0.0499037 0.0437516 0.0377854 0.0321333 0.0268572 0.021972 0.0174751 0.0133822 0.00975171 0.0066766
 0.00761314 0.0124709 0.0189616 0.0270821 0.0365858 0.0468222 0.0567088 0.0650025 0.0707456 0.0735616 0.0736179 0.0713828 0.0674069 0.0622168 0.0562789 0.0499821 0.0436289 0.0374397 0.0315628 0.0260862 0.0210532 0.0164866 0.0124164 0.00889554 0.00599089
 0.00766261 0.0125449 0.0190613 0.0272055 0.0367302 0.0469865 0.0568963 0.0652195 0.0709989 0.0738546 0.0739482 0.0717411 0.0677763 0.0625732 0.0565915 0.0502135 0.0437391 0.0373926 0.0313356 0.0256789 0.0204953 0.0158354 0.0117469 0.00828252 0.00548946
 0.00774322 0.0126674 0.0192295 0.0274162 0.0369733 0.0472462 0.0571525 0.0654518 0.0711919 0.0740042 0.0740627 0.0718374 0.0678712 0.0626756 0.056697 0.0503044 0.0437867 0.0373632 0.0311991 0.0254198 0.020121 0.0153799 0.0112635 0.00782944 0.00511272
 0.00778241 0.012732 0.0193278 0.0275554 0.0371564 0.0474684 0.0573985 0.0656965 0.0714071 0.0741671 0.0741639 0.0718823 0.067877 0.0626637 0.0566845 0.0502972 0.0437766 0.0373293 0.0311152 0.0252641 0.0198867 0.0150813 0.010934 0.00751099 0.00484163
 0.00780979 0.0127697 0.0193725 0.0276008 0.0371965 0.0475018 0.0574306 0.0657375 0.0714664 0.0742469 0.0742573 0.0719766 0.0679604 0.0627304 0.056736 0.0503384 0.0438093 0.0373475 0.0311049 0.0252085 0.0197754 0.0149174 0.0107363 0.00730796 0.00466118
 0.00785842 0.0128402 0.0194623 0.0277013 0.0372946 0.0475829 0.0574827 0.0657547 0.0714509 0.07421 0.074216 0.0719472 0.0679521 0.062743 0.0567625 0.0503701 0.0438386 0.0373677 0.0311078 0.0251845 0.0197164 0.0148225 0.0106149 0.00717763 0.00454123
 0.00786184 0.0128481 0.019478 0.0277285 0.0373349 0.0476335 0.0575343 0.0657937 0.0714644 0.0741921 0.0741714 0.0718905 0.0679019 0.0627151 0.0567642 0.0503989 0.0438849 0.0374185 0.0311501 0.0252069 0.0197112 0.0147876 0.0105554 0.00710495 0.00446913
 0.00788275 0.0128745 0.019504 0.0277448 0.0373324 0.0476082 0.0574906 0.0657427 0.0714183 0.074158 0.0741492 0.0718757 0.0678914 0.0627105 0.056771 0.0504225 0.043926 0.037472 0.0312058 0.0252532 0.0197383 0.0147909 0.0105364 0.00707095 0.00442993
 0.0079161 0.0129251 0.0195731 0.0278297 0.0374261 0.0476987 0.0575628 0.0657814 0.0714141 0.074112 0.0740728 0.0717859 0.0678037 0.0626346 0.0567115 0.0503811 0.0439033 0.0374666 0.0312134 0.0252663 0.0197485 0.0147915 0.0105254 0.00705065 0.00440565
 0.00789939 0.0129008 0.0195418 0.0277939 0.0373893 0.0476647 0.0575337 0.0657576 0.0713938 0.0740921 0.0740513 0.0717637 0.0677851 0.0626258 0.0567179 0.0504047 0.0439426 0.0375175 0.0312702 0.0253223 0.0197971 0.0148275 0.0105462 0.00705773 0.00440318
 0.00790467 0.0129028 0.0195332 0.0277644 0.03733 0.0475726 0.0574163 0.0656317 0.07128 0.0740075 0.074004 0.0717524 0.0678028 0.0626645 0.0567713 0.0504693 0.0440161 0.0375971 0.0313518 0.0254004 0.0198659 0.0148823 0.0105847 0.00708065 0.00441386
 0.00787063 0.0128539 0.0194711 0.0276938 0.0372556 0.0474964 0.0573355 0.0655417 0.0711798 0.0739042 0.0739124 0.0716903 0.0677831 0.0626903 0.0568366 0.0505628 0.0441258 0.0377131 0.0314661 0.0255067 0.0199587 0.0149575 0.0106405 0.00711784 0.00443565
 0.00786435 0.0128326 0.0194192 0.0275922 0.0370887 0.0472619 0.0570521 0.0652458 0.0709139 0.0737018 0.0737903 0.0716494 0.0678158 0.0627865 0.0569852 0.0507505 0.0443371 0.0379314 0.0316764 0.0256972 0.0201212 0.0150875 0.0107374 0.00718437 0.00447725
 0.00785933 0.012828 0.0194178 0.0275962 0.0370961 0.0472629 0.0570281 0.0651761 0.0707865 0.0735236 0.0735879 0.0714597 0.0676721 0.0627084 0.0569767 0.0508042 0.044439 0.038065 0.0318249 0.0258449 0.0202556 0.0152001 0.0108242 0.00724574 0.00451677
 0.00782045 0.0127643 0.0193217 0.027462 0.036923 0.0470584 0.0568092 0.0649657 0.0706056 0.0733837 0.0734896 0.0713993 0.067649 0.0627281 0.0570464 0.0509267 0.0446086 0.0382679 0.0320425 0.0260584 0.0204489 0.0153619 0.0109493 0.00733473 0.00457467
 0.0078156 0.0127513 0.0192926 0.0274061 0.0368295 0.0469205 0.0566286 0.0647549 0.070386 0.0731809 0.0733264 0.0712902 0.0675985 0.0627327 0.0571002 0.0510242 0.0447451 0.0384364 0.0322319 0.0262533 0.0206331 0.0155219 0.0110766 0.00742744 0.00463618
 0.00778636 0.0127047 0.0192242 0.0273121 0.0367065 0.0467666 0.056445 0.0645471 0.0701656 0.0729653 0.0731374 0.0711498 0.0675237 0.0627314 0.0571699 0.0511544 0.0449213 0.0386434 0.0324547 0.026477 0.0208426 0.0157042 0.011223 0.00753515 0.00470845
 0.00774761 0.0126419 0.0191303 0.0271811 0.0365357 0.0465585 0.0562095 0.064301 0.069929 0.0727571 0.0729721 0.0710377 0.067472 0.0627451 0.0572502 0.051297 0.0451159 0.0388745 0.0327043 0.0267266 0.0210754 0.0159064 0.0113857 0.0076556 0.0047899
 0.0076971 0.0125616 0.019013 0.0270215 0.0363318 0.0463137 0.0559341 0.0640135 0.0696533 0.0725179 0.0727904 0.0709271 0.0674384 0.0627874 0.0573626 0.0514709 0.0453398 0.0391341 0.0329825 0.0270046 0.0213347 0.0161316 0.0115671 0.00779015 0.00488122
 0.00768604 0.0125401 0.0189739 0.0269562 0.0362319 0.0461743 0.0557571 0.063808 0.0694345 0.0723039 0.072599 0.0707744 0.0673373 0.0627467 0.0573859 0.0515564 0.0454808 0.0393197 0.033198 0.0272326 0.0215568 0.0163313 0.0117322 0.00791528 0.00496762
 0.00766104 0.012502 0.0189211 0.0268881 0.0361483 0.0460744 0.0556393 0.0636717 0.0692819 0.0721417 0.0724393 0.0706321 0.0672275 0.0626821 0.0573749 0.0516019 0.0455807 0.0394665 0.0333795 0.027433 0.0217585 0.0165171 0.0118891 0.00803616 0.00505226
 0.00763627 0.0124615 0.01886 0.0268023 0.0360362 0.0459385 0.0554876 0.0635163 0.0691357 0.0720143 0.0723349 0.0705517 0.067172 0.0626547 0.0573808 0.0516467 0.0456671 0.0395928 0.0335385 0.0276126 0.0219431 0.0166907 0.0120382 0.00815271 0.00513493
 0.00761803 0.0124305 0.018811 0.0267297 0.0359353 0.045808 0.0553314 0.0633447 0.0689639 0.071859 0.0722105 0.070467 0.0671299 0.0626527 0.0574149 0.0517134 0.0457644 0.0397188 0.0336891 0.0277798 0.022115 0.0168536 0.0121796 0.00826462 0.00521517
 0.00759201 0.0123921 0.01876 0.026668 0.0358655 0.0457315 0.055248 0.063253 0.0688636 0.0717533 0.0721066 0.0703756 0.0670616 0.0626159 0.0574133 0.0517467 0.0458296 0.039812 0.0338055 0.0279126 0.022255 0.0169895 0.0123004 0.00836223 0.00528652
 0.00758466 0.0123794 0.0187398 0.0266382 0.0358251 0.0456819 0.0551929 0.0631977 0.0688121 0.0717062 0.0720615 0.0703292 0.0670134 0.0625702 0.0573779 0.05173 0.0458379 0.0398475 0.0338667 0.0279946 0.02235 0.0170878 0.0123919 0.00843905 0.00534441
 0.00757316 0.0123615 0.0187142 0.0266043 0.0357826 0.0456311 0.0551352 0.063136 0.068751 0.0716511 0.072017 0.0702974 0.0669937 0.0625599 0.0573753 0.0517358 0.0458551 0.0398801 0.0339168 0.0280611 0.0224282 0.01717 0.0124697 0.00850519 0.00539493
 0.007528 0.0122936 0.0186223 0.0264911 0.0356542 0.0454957 0.0550023 0.0630154 0.0686522 0.0715814 0.0719806 0.0702951 0.0670227 0.062615 0.0574495 0.0518222 0.0459483 0.0399773 0.0340169 0.0281631 0.0225296 0.0172662 0.0125552 0.00857521 0.00544716
 0.00753408 0.0122987 0.0186214 0.0264771 0.0356202 0.045439 0.0549265 0.0629302 0.0685695 0.0715115 0.0719288 0.0702622 0.0670073 0.062615 0.0574635 0.0518486 0.0459855 0.0400234 0.0340703 0.0282223 0.0225922 0.0173288 0.0126134 0.00862485 0.00548547
 0.00753107 0.012297 0.0186243 0.0264885 0.0356426 0.0454698 0.0549573 0.0629486 0.0685646 0.0714791 0.071874 0.0701963 0.0669427 0.0625611 0.0574249 0.0518264 0.0459788 0.0400306 0.0340894 0.0282511 0.022628 0.0173683 0.0126525 0.00865968 0.00551332
 0.00751938 0.0122787 0.0185986 0.0264556 0.0356048 0.0454318 0.0549257 0.0629297 0.0685609 0.0714877 0.0718866 0.0702041 0.0669408 0.0625507 0.0574118 0.0518173 0.0459786 0.0400412 0.0341104 0.0282805 0.0226629 0.0174054 0.0126882 0.00869085 0.00553792
 0.00750467 0.0122546 0.0185619 0.0264038 0.0355365 0.0453486 0.0548333 0.0628382 0.0684829 0.0714347 0.0718654 0.0702144 0.0669757 0.0625999 0.0574658 0.0518707 0.0460302 0.0400922 0.0341622 0.0283331 0.0227149 0.0174543 0.0127314 0.00872622 0.00556448
 0.00749067 0.0122307 0.0185241 0.0263477 0.0354586 0.0452483 0.0547144 0.0627095 0.0683575 0.0713271 0.071789 0.0701785 0.0669837 0.0626482 0.057545 0.0519683 0.0461345 0.040195 0.0342588 0.0284215 0.0227938 0.0175224 0.0127875 0.00876963 0.00559562
 0.00747508 0.0122064 0.0184891 0.0263008 0.0353989 0.0451753 0.0546285 0.0626129 0.0682547 0.0712254 0.0716984 0.0701099 0.0669469 0.0626494 0.0575846 0.0520411 0.0462306 0.0403028 0.0343678 0.0285238 0.0228848 0.0175993 0.0128491 0.00881613 0.00562822
 0.00747508 0.0122064 0.0184891 0.0263008 0.0353989 0.0451753 0.0546285 0.0626129 0.0682547 0.0712254 0.0716984 0.0701099 0.0669469 0.0626494 0.0575846 0.0520411 0.0462306 0.0403028 0.0343678 0.0285238 0.0228848 0.0175993 0.0128491 0.00881613 0.00562822
 0.00721623 0.0117927 0.0178817 0.0254737 0.0343506 0.0439434 0.0533008 0.0613227 0.0671546 0.070448 0.0713239 0.070155 0.0673721 0.0633783 0.0585236 0.0530957 0.0473168 0.0413519 0.0353288 0.0293624 0.0235818 0.0181495 0.0132592 0.0091025 0.00581409
 0.00738412 0.0120305 0.0181731 0.0257774 0.0346069 0.0440876 0.053278 0.0611007 0.0667342 0.0698687 0.0706612 0.069505 0.0668282 0.0630081 0.0583567 0.0531233 0.0475017 0.0416425 0.0356713 0.0297103 0.0239004 0.0184174 0.0134674 0.00925216 0.00591319
 0.00728049 0.0118936 0.0180239 0.0256506 0.0345357 0.0440818 0.0533102 0.0611107 0.0666535 0.0696523 0.0703092 0.0690647 0.0663788 0.0626365 0.0581334 0.0530866 0.0476513 0.0419447 0.0360716 0.030148 0.0243219 0.018784 0.0137585 0.00946387 0.00605411
 0.00727645 0.0118745 0.0179741 0.0255531 0.034383 0.0438882 0.0531155 0.060967 0.0665968 0.069677 0.0703647 0.0690812 0.0663063 0.0624721 0.0579226 0.0529002 0.0475545 0.0419733 0.0362237 0.030391 0.0246075 0.0190651 0.0140005 0.00964957 0.00618219
 0.00712688 0.0116438 0.0176498 0.0251313 0.0338682 0.0432941 0.0524694 0.0603159 0.0660076 0.0692261 0.0701159 0.0690602 0.0664887 0.0627946 0.0583132 0.0533095 0.0479682 0.0424017 0.036679 0.030869 0.0250838 0.0195041 0.01437 0.00993184 0.00637727
 0.00703844 0.0114874 0.0173923 0.0247368 0.0333099 0.0425708 0.0516185 0.0594122 0.0651471 0.068502 0.069601 0.0688005 0.0665005 0.0630621 0.0587895 0.0539266 0.0486565 0.0431079 0.0373713 0.0315291 0.0256942 0.0200432 0.0148161 0.0102722 0.00661404
 0.00710599 0.011593 0.0175412 0.0249259 0.0335217 0.0427688 0.0517476 0.0594102 0.0649666 0.0681334 0.0690833 0.0682113 0.0659335 0.062601 0.0584895 0.0538063 0.048701 0.0432805 0.037629 0.0318331 0.026013 0.0203499 0.0150877 0.0104919 0.00677483
 0.00713987 0.0116593 0.0176612 0.0251246 0.0338197 0.043169 0.052223 0.0599002 0.0653863 0.0683943 0.0691184 0.0679968 0.0654988 0.0620223 0.0578676 0.0532381 0.0482556 0.0429886 0.0374861 0.031812 0.026077 0.020462 0.0152159 0.0106117 0.00687141
 0.00719207 0.0117471 0.0177992 0.0253296 0.0341082 0.0435527 0.0527017 0.0604548 0.0659739 0.0689487 0.0695576 0.0682399 0.0654882 0.0617445 0.0573622 0.0525888 0.0475664 0.0423546 0.0369718 0.0314435 0.0258475 0.0203444 0.0151751 0.0106148 0.0068928
 0.00705842 0.0115433 0.0175188 0.0249783 0.0337063 0.043136 0.0523215 0.0601732 0.0658511 0.0690242 0.0698331 0.0686721 0.0659955 0.0622291 0.0577392 0.0528124 0.0476412 0.0423268 0.0369052 0.0313929 0.0258425 0.0203868 0.0152487 0.0106972 0.00696609
 0.00692193 0.0113111 0.0171518 0.0244383 0.03297 0.0422149 0.0512783 0.0591214 0.0649321 0.0683715 0.0695391 0.0687691 0.0664523 0.0629595 0.0586226 0.0537223 0.0484757 0.0430295 0.0374677 0.0318392 0.0262055 0.0206904 0.0155017 0.010899 0.00711526
 0.00697908 0.0113887 0.0172388 0.0245102 0.0329899 0.0421387 0.0510641 0.0587429 0.0643952 0.0677258 0.0688763 0.0682025 0.0660847 0.0628515 0.0587751 0.0540801 0.0489492 0.0435259 0.0379181 0.0322112 0.0264981 0.0209183 0.0156803 0.0110375 0.00721783
 0.00694559 0.0113486 0.0172038 0.0244976 0.0330138 0.0421985 0.0511351 0.0587779 0.0643382 0.0675335 0.0685392 0.067756 0.0656054 0.062437 0.0585136 0.054021 0.0490883 0.0438123 0.0382777 0.0325748 0.0268198 0.021179 0.0158797 0.0111836 0.00732002
 0.00706803 0.0115392 0.0174749 0.0248556 0.0334581 0.0427198 0.0517107 0.059366 0.0648754 0.0679408 0.0687369 0.0676874 0.0652591 0.0618596 0.0578017 0.0532937 0.0484513 0.0433281 0.0379574 0.0323899 0.0267259 0.0211365 0.0158628 0.0111792 0.0073219
 0.00709514 0.0115986 0.0175922 0.0250625 0.0337833 0.0431746 0.0522779 0.0599995 0.0655104 0.068509 0.0691763 0.0679451 0.0652947 0.0616538 0.0573697 0.0526926 0.0477704 0.0426648 0.0373879 0.0319521 0.0264197 0.0209379 0.0157412 0.0111081 0.00728266
