SBPRF35
7.08184
Curr Bio
680299
B35
479604
F35
0.221739
FOFL
0.221739
OFL
118771
Bzero
2.02338e+006
#pred survey bio
 2.55779e+006 2.12498e+006 1.97417e+006 1.86536e+006 1.78411e+006 1.71464e+006 1.62175e+006 1.48964e+006 1.28691e+006 1.06213e+006 944012 824629 753850 711676 710469 694533 695101 632008 569590 538981 527605 510349 511335 520417 522326 508568 509397 522114 545381 560833 580730 595896 590625 562909 492191 491617 519469 527318 537772 568805 589860 563975 540493 533105 507326 528187 590184 733257 758796 643027 530087 538162 612308 634100 605713 573786 553212 595449 648104 688305 1.61127e+007 1.426e+007 1.40166e+007 1.40894e+007 1.43492e+007 1.46775e+007 1.50003e+007 1.52815e+007 1.55098e+007 1.56872e+007 1.58215e+007 1.59215e+007 1.59952e+007 1.60493e+007 1.60891e+007 1.61183e+007 1.61399e+007 1.61559e+007 1.61677e+007 1.61766e+007 1.61832e+007 1.61882e+007 1.6192e+007 1.61948e+007 1.6197e+007 1.61986e+007 1.61999e+007 1.62008e+007 1.62015e+007 1.62021e+007 1.62025e+007 1.62028e+007 1.62031e+007 1.62032e+007 1.62034e+007 1.62035e+007 1.62036e+007 1.62036e+007 1.62037e+007 1.62037e+007 1.62038e+007 1.62038e+007 1.62038e+007 1.62038e+007 1.62038e+007 1.62038e+007 1.62038e+007 1.62038e+007 1.62038e+007 1.62038e+007 1.62038e+007 1.62038e+007 1.62038e+007 1.62038e+007 1.62038e+007 1.62038e+007 1.62038e+007 1.62038e+007 1.62038e+007 1.62038e+007 1.62038e+007 1.62038e+007 1.62038e+007 1.62038e+007 1.62038e+007 1.62038e+007 1.62038e+007 1.62038e+007 1.62038e+007 1.62038e+007 1.62038e+007 1.62038e+007 1.62038e+007 1.62038e+007 1.62038e+007 1.62038e+007 1.62038e+007 1.62038e+007 1.62038e+007 1.62038e+007 1.62038e+007 1.62038e+007 1.62038e+007 1.62038e+007 1.62038e+007 1.62038e+007 1.62038e+007 1.62038e+007 1.62038e+007 1.62038e+007 1.62038e+007 1.62038e+007 1.62038e+007 1.62038e+007 1.62038e+007 1.62038e+007 1.62038e+007 1.62038e+007 1.62038e+007 1.62038e+007 0 0 0 0 0 0 0 0 0 0 0 0 0 0 0 0 0 0 0 0 0 0 0 0 0
#obs survey bio
 3.02948e+006 2.03842e+006 1.91371e+006 2.14231e+006 2.18184e+006 2.45355e+006 1.38631e+006 1.96207e+006 1.20786e+006 809350 850364 643283 770367 500508 653025 636740 792678 812032 535840 541875 639453 486131 402815 673274 486785 567644 449510 539818 607871 507001 418915 655895 498465 493921 358577 623816 481237 591363 493509 528968 776493 529386 602658 587526 618542 272660 630737 767994 833680 857285 455104 486945 757706 554762 468764 390673 633626 382463 639976 502132
#pred catch bio
 426010 269205 294778 293014 283206 285444 304914 274454 262014 251385 258517 220586 183360 158286 161357 127234 125793 124352 125300 116232 107862 104683 99067.1 98650.7 101704 93303.9 99463.7 92116.2 90664.7 94981.5 99009.3 88458.7 89007.9 90412.4 87498.8 79360.8 89531.3 79757.7 89685.7 87126.1 88804.6 95664.1 84443.8 87493.2 86451.7 92168.7 37496.9 99762.8 139340 145031 80286.3 44331.9 72713.6 116171 95124.5 105619 70581.3 89035.6 96500.3 127691 118771 114384 111055 110408 111606 113479 115374 117000 118269 119203 119861 120311 120612 120809 120937 121019 121071 121104 121125 121138 121146 121151 121154 121156 121157 121158 121158 121159 121159 121159 121159 121159 121159 121159 121159 121159 121159 121159 121159 121159 121159 121159 121159 121159 121159 121159 121159 121159 121159 121159 121159 121159 121159 121159 121159 121159 121159 121159 121159 121159 121159 121159 121159 121159 121159 121159 121159 121159 121159 121159 121159 121159 121159 121159 121159 121159 121159 121159 121159 121159 121159 121159 121159 121159 121159 121159 121159 121159 121159 121159 121159 121159 121159 121159 121159 121159 121159 121159 121159 121159 0 0 0 0 0 0 0 0 0 0 0 0 0 0 0 0 0 0 0 0 0 0 0 0 0
#obs catch bio
 234005 268315 295595 293624 283469 285154 306232 273668 260897 252491 258955 221602 182861 158634 161825 127167 125399 124121 125640 116561 107558 104905 99120.9 98624.7 101656 93111.2 99819.6 92174.4 90473.7 95060.2 99331.5 88299.3 88995 90184.1 87804.3 79377.9 89668.4 79482.5 90059.9 87132.3 88580.2 95844 84396.2 87332.9 86426.7 93440.2 37004.4 100095 139128 145551 80453.6 44016.8 72629.9 116846 94756.8 106087 70263 89330.8 96250.4 127940
#pred cpue bio
 2.52925e+006 2.09903e+006 1.94771e+006 1.83789e+006 1.75549e+006 1.68466e+006 1.59082e+006 1.45852e+006 1.25783e+006 1.03598e+006 918635 800567 730462 688679 686977 671068 671605 610568 550004 520140 509151 492578 493512 502410 504462 491198 492041 504302 527046 542257 561685 576368 570355 541926 472968 472048 499226 507004 517224 547021 567511 542778 519935 512925 488150 508016 567480 707237 732588 619278 508183 515794 589245 611811 583725 552302 531841 573086 624371 663414 1.55192e+007 1.37381e+007 1.34398e+007 1.34658e+007 1.37153e+007 1.40421e+007 1.43647e+007 1.46458e+007 1.48741e+007 1.50515e+007 1.51858e+007 1.52858e+007 1.53595e+007 1.54136e+007 1.54534e+007 1.54826e+007 1.55042e+007 1.55202e+007 1.55321e+007 1.55409e+007 1.55476e+007 1.55526e+007 1.55563e+007 1.55592e+007 1.55613e+007 1.55629e+007 1.55642e+007 1.55651e+007 1.55658e+007 1.55664e+007 1.55668e+007 1.55671e+007 1.55674e+007 1.55676e+007 1.55677e+007 1.55678e+007 1.55679e+007 1.5568e+007 1.5568e+007 1.5568e+007 1.55681e+007 1.55681e+007 1.55681e+007 1.55681e+007 1.55681e+007 1.55681e+007 1.55681e+007 1.55681e+007 1.55682e+007 1.55682e+007 1.55682e+007 1.55682e+007 1.55682e+007 1.55682e+007 1.55682e+007 1.55682e+007 1.55682e+007 1.55682e+007 1.55682e+007 1.55682e+007 1.55682e+007 1.55682e+007 1.55682e+007 1.55682e+007 1.55682e+007 1.55682e+007 1.55682e+007 1.55682e+007 1.55682e+007 1.55682e+007 1.55682e+007 1.55682e+007 1.55682e+007 1.55682e+007 1.55682e+007 1.55682e+007 1.55682e+007 1.55682e+007 1.55682e+007 1.55682e+007 1.55682e+007 1.55682e+007 1.55682e+007 1.55682e+007 1.55682e+007 1.55682e+007 1.55682e+007 1.55682e+007 1.55682e+007 1.55682e+007 1.55682e+007 1.55682e+007 1.55682e+007 1.55682e+007 1.55682e+007 1.55682e+007 1.55682e+007 1.55682e+007 1.55682e+007 1.55682e+007 0 0 0 0 0 0 0 0 0 0 0 0 0 0 0 0 0 0 0 0 0 0 0 0 0
#obs cpue bio
 3.3443e+006 1.83808e+006 1.75261e+006 1.56889e+006 1.46603e+006 1.36084e+006 1.38511e+006 1.60918e+006 1.60604e+006 813803 1.24835e+006 806611 983624 690134 825844 683230 813367 463891 467725 466734 579760 394677 642089 409357 600109 444610 432932 510560 586908 500495 672622 652488 636071 821773 432468 369222 615893 531248 376466 676623 549186 490412 448046 597300 345712 542492 659642 927508 783746 423315 489164 548074 625954 574877 925417 699623 484588 712078 828507 838412
#pred surv len freq
 0.00448753 0.00739282 0.0113259 0.0163308 0.0223165 0.028958 0.035677 0.0417964 0.0467949 0.0504672 0.0528928 0.0542899 0.0548925 0.0549004 0.0544787 0.0537746 0.0529334 0.0520904 0.0513077 0.0504554 0.049111 0.0466088 0.0423188 0.0360564 0.0283422
 0.00505105 0.00825546 0.0125253 0.0178686 0.0241625 0.0310562 0.0379424 0.0441064 0.0489869 0.0523566 0.0543089 0.055121 0.0551187 0.0545984 0.0537909 0.0528517 0.0518744 0.0509045 0.0499165 0.0487408 0.046996 0.0441336 0.039667 0.0335055 0.0261607
 0.00522532 0.0085851 0.0131041 0.0188047 0.0255442 0.032903 0.0401692 0.04653 0.0513786 0.0545094 0.0560765 0.0564158 0.0558919 0.0548316 0.0535049 0.0521136 0.050779 0.0495339 0.0483028 0.0468657 0.0448359 0.0417264 0.0371536 0.0311083 0.0241064
 0.00546873 0.00896799 0.0136606 0.0195689 0.026557 0.0342143 0.0418252 0.0485423 0.0536878 0.0569651 0.058455 0.058472 0.057421 0.0557089 0.0536921 0.0516415 0.0497244 0.0479932 0.0463671 0.0446071 0.0423199 0.0390481 0.0344674 0.0286175 0.0220067
 0.00575965 0.00943214 0.0143418 0.0205 0.0277523 0.0356615 0.0434812 0.0503407 0.0555593 0.0588525 0.0603062 0.0602135 0.0589359 0.0568443 0.0542968 0.0516101 0.0490227 0.0466557 0.0444772 0.0422754 0.0396775 0.0362535 0.0317128 0.0261111 0.0199263
 0.00602264 0.00985869 0.0149816 0.0213973 0.0289364 0.0371319 0.045193 0.0522028 0.0574516 0.0606576 0.0619368 0.0616207 0.0600931 0.0577175 0.0548216 0.0516927 0.0485668 0.0456007 0.042825 0.0400997 0.0371179 0.0335036 0.0289996 0.0236595 0.0179113
 0.00624041 0.0102204 0.0155399 0.022206 0.0300391 0.0385439 0.0468836 0.054089 0.0594098 0.0625487 0.0636338 0.0630277 0.0611537 0.0584094 0.0551371 0.051615 0.0480564 0.044605 0.0413095 0.0380852 0.0347056 0.0308748 0.0263877 0.0212989 0.0159795
 0.00646782 0.0105987 0.0161255 0.0230566 0.0312027 0.0400396 0.0486823 0.056105 0.0615118 0.0645836 0.0654533 0.0645086 0.0622109 0.0590005 0.0552573 0.0512806 0.047284 0.0433981 0.039666 0.0360254 0.0323074 0.0282922 0.023835 0.0190003 0.0141067
 0.00670441 0.0109714 0.0166653 0.0237874 0.0321408 0.0411923 0.0500412 0.0576391 0.0631624 0.0662662 0.0670636 0.065934 0.0633443 0.0597552 0.0555774 0.0511427 0.0466896 0.0423625 0.0382123 0.0341943 0.0301786 0.0260024 0.0215706 0.0169592 0.0124426
 0.00689049 0.0112995 0.0172045 0.0246132 0.0333125 0.0427204 0.0518622 0.0596174 0.0651261 0.0680561 0.0685675 0.0670911 0.0641276 0.0601511 0.0555749 0.0507336 0.0458731 0.0411493 0.0366291 0.0322912 0.0280415 0.0237628 0.0193975 0.0150262 0.0108813
 0.00692619 0.0114017 0.0174412 0.0250782 0.0341061 0.043916 0.0534711 0.0615685 0.0672706 0.0701945 0.0704898 0.06862 0.0651509 0.0606317 0.0555347 0.0502238 0.0449486 0.0398579 0.0350159 0.0304136 0.0259854 0.0216512 0.0173815 0.0132556 0.00946513
 0.00718083 0.0117962 0.0180011 0.0258207 0.0350456 0.0450688 0.0548507 0.0631706 0.0690515 0.0720556 0.07228 0.0701592 0.0662704 0.0612137 0.0555349 0.0496681 0.0439096 0.0384259 0.0332815 0.028466 0.023924 0.0195949 0.0154642 0.0116031 0.00816264
 0.00744645 0.0122067 0.0185781 0.0265681 0.035948 0.0460918 0.0559447 0.0642795 0.0701293 0.0730786 0.0732418 0.0710477 0.067042 0.0617863 0.0558084 0.0495594 0.0433812 0.0374948 0.0320091 0.0269434 0.022261 0.0179142 0.0138917 0.0102492 0.00709857
 0.0076481 0.0125116 0.0189942 0.0270871 0.0365478 0.0467416 0.0566089 0.0649222 0.0707204 0.0736031 0.0737051 0.0714704 0.0674437 0.0621636 0.0561204 0.0497318 0.0433291 0.0371539 0.0313605 0.0260212 0.0211459 0.0167169 0.0127317 0.00923075 0.00628981
 0.00767555 0.0125617 0.0190792 0.0272202 0.0367378 0.0469869 0.0568935 0.0652195 0.0710044 0.073861 0.0739434 0.0717107 0.0677099 0.0624682 0.0564519 0.0500492 0.0435656 0.0372336 0.0312226 0.0256439 0.0205582 0.0159927 0.0119698 0.0085272 0.0057135
 0.00791479 0.0129083 0.0195226 0.0277247 0.0372543 0.0474703 0.0573155 0.0655684 0.0712759 0.0740499 0.0740433 0.0717214 0.0676455 0.0623569 0.056326 0.0499289 0.0434462 0.0370837 0.0309964 0.0253033 0.0200942 0.0154354 0.0113804 0.00797638 0.00525733
 0.00789282 0.0128782 0.0194865 0.0276847 0.0372084 0.0474078 0.0572189 0.0654233 0.0710868 0.0738498 0.0738878 0.0716666 0.0677236 0.062565 0.0566327 0.050289 0.0438125 0.03741 0.0312383 0.0254239 0.0200751 0.0152872 0.0111425 0.00770446 0.00500411
 0.0078912 0.0128774 0.0194888 0.0276938 0.0372285 0.0474422 0.0572663 0.0654754 0.0711271 0.0738586 0.073852 0.0715909 0.0676344 0.062501 0.0566279 0.0503572 0.043942 0.0375689 0.031385 0.0255183 0.02009 0.0152162 0.011003 0.00753059 0.00483317
 0.00783666 0.0128173 0.0194505 0.0277187 0.037359 0.0477017 0.0576434 0.0659221 0.0715729 0.0742315 0.0740967 0.071679 0.0675673 0.0623086 0.0563608 0.0500727 0.0436872 0.0373674 0.0312341 0.0253968 0.0199716 0.0150832 0.010853 0.00737584 0.00469204
 0.00780768 0.0127815 0.019419 0.0277125 0.037408 0.0478399 0.0579 0.0663094 0.0720733 0.074791 0.0746317 0.072098 0.067799 0.0623236 0.0561767 0.0497438 0.0432841 0.0369559 0.0308595 0.0250782 0.019707 0.0148608 0.0106629 0.00721463 0.00456181
 0.00784077 0.0128139 0.0194294 0.0276713 0.0372893 0.0476394 0.0576488 0.0660715 0.0719271 0.0748 0.0748195 0.0724369 0.0682184 0.0627328 0.0564947 0.0499237 0.0433218 0.036882 0.0307202 0.0249159 0.0195494 0.01472 0.0105413 0.0071124 0.00447957
 0.00789396 0.0128883 0.0195179 0.0277564 0.0373442 0.0476326 0.0575518 0.0658714 0.0716389 0.0744734 0.0745309 0.0722649 0.0682123 0.0628912 0.0567667 0.0502311 0.0435905 0.0370664 0.0308105 0.0249294 0.0195142 0.0146619 0.0104778 0.00705333 0.00443002
 0.00789668 0.0129 0.019548 0.0278162 0.0374407 0.0477607 0.0576889 0.065979 0.0716747 0.0744085 0.0743654 0.0720336 0.0679757 0.062714 0.0566922 0.0502643 0.0436997 0.0372008 0.0309237 0.0249959 0.0195318 0.0146435 0.0104407 0.00701199 0.00439328
 0.0078374 0.0128031 0.0194025 0.0276144 0.0371838 0.0474643 0.0573855 0.0657121 0.0714836 0.0743126 0.074357 0.0720868 0.0680636 0.0628246 0.0568312 0.0504445 0.0439251 0.037457 0.0311809 0.0252217 0.0197043 0.0147574 0.0105045 0.00704053 0.00440135
 0.00783369 0.0127861 0.0193567 0.0275188 0.0370174 0.0472153 0.0570602 0.065339 0.0711091 0.0739899 0.0741323 0.0719859 0.0680867 0.0629503 0.0570289 0.0506874 0.0441951 0.0377409 0.0314637 0.0254839 0.0199263 0.0149265 0.0106193 0.00710926 0.00443719
 0.00791958 0.0129159 0.0195327 0.0277336 0.0372527 0.0474413 0.0572381 0.0654271 0.0710754 0.073826 0.0738602 0.0716535 0.0677522 0.0626641 0.0568212 0.0505659 0.0441515 0.0377591 0.0315253 0.0255698 0.0200178 0.015008 0.0106811 0.00714917 0.00445882
 0.00787176 0.0128501 0.0194555 0.0276584 0.037195 0.0474124 0.0572389 0.0654467 0.0710946 0.0738235 0.0738204 0.071573 0.0676425 0.0625493 0.0567303 0.0505225 0.0441667 0.0378297 0.0316372 0.0257034 0.0201534 0.015129 0.0107772 0.00721707 0.00450132
 0.0078548 0.012826 0.0194263 0.0276293 0.0371748 0.047412 0.0572693 0.0655145 0.0711967 0.0739437 0.0739312 0.0716433 0.0676498 0.0624887 0.0566168 0.0503858 0.0440397 0.0377378 0.0315919 0.0257022 0.0201836 0.0151746 0.0108237 0.00725538 0.00452801
 0.00785743 0.0128069 0.0193553 0.0274672 0.0368869 0.0469889 0.0567426 0.0649567 0.0707013 0.0735952 0.0737793 0.0716923 0.0678633 0.0628065 0.0569758 0.0507376 0.0443588 0.0380193 0.0318416 0.0259262 0.0203828 0.0153451 0.0109606 0.00735635 0.0045957
 0.00780219 0.0127257 0.0192476 0.0273338 0.0367244 0.0467846 0.0564751 0.0646072 0.0702728 0.0731266 0.0733437 0.0713747 0.067729 0.0628769 0.0572246 0.0511061 0.0447803 0.0384393 0.0322266 0.0262614 0.0206643 0.015573 0.0111363 0.00748334 0.0046804
 0.00783068 0.0127578 0.0192702 0.0273273 0.0366693 0.0466704 0.0563053 0.064396 0.0700349 0.0728697 0.0730717 0.0710998 0.067482 0.062703 0.0571657 0.0511804 0.0449736 0.0387124 0.0325321 0.0265591 0.0209282 0.0157904 0.0113041 0.00760444 0.00476129
 0.00856022 0.0137912 0.0205422 0.0286797 0.0378938 0.0475789 0.0567881 0.0644391 0.0696981 0.0722498 0.0722707 0.070207 0.0665688 0.0618268 0.0563751 0.0505162 0.0444626 0.0383596 0.0323197 0.0264537 0.0208927 0.0157935 0.0113238 0.00762753 0.00478119
 0.00920965 0.0148181 0.0220246 0.0306453 0.0402859 0.0502205 0.0593704 0.0665695 0.0710143 0.07255 0.0715812 0.0687481 0.0646495 0.059738 0.0543308 0.0486474 0.0428381 0.0370087 0.0312444 0.0256355 0.0202981 0.0153811 0.0110516 0.00745752 0.00468158
 0.00907441 0.0147276 0.0221258 0.0311509 0.0414126 0.0520916 0.0619278 0.0695464 0.0739876 0.0750499 0.0732145 0.0692965 0.064113 0.0583114 0.052325 0.0463909 0.0406021 0.0349753 0.0295115 0.0242374 0.0192266 0.0146019 0.0105158 0.00711111 0.00447248
 0.00899822 0.0145963 0.0219233 0.0308806 0.0411257 0.0519131 0.062056 0.0701985 0.0752976 0.0769664 0.0754672 0.0714636 0.065764 0.0591514 0.052274 0.0455746 0.0392752 0.0334236 0.0279761 0.0228788 0.0181238 0.0137708 0.00993186 0.00672889 0.00424028
 0.00874264 0.0142377 0.0214874 0.0304241 0.0407174 0.0516096 0.061891 0.0701977 0.0755072 0.0774623 0.0763204 0.0726726 0.0672005 0.0605683 0.0533855 0.0461658 0.0392787 0.032926 0.0271625 0.0219545 0.0172537 0.0130521 0.00939781 0.00636761 0.00401681
 0.00864632 0.0140362 0.0211064 0.0297801 0.0397546 0.0503497 0.0604644 0.0688274 0.0744424 0.076899 0.0763539 0.0732979 0.0683335 0.0620612 0.0550337 0.0477318 0.0405455 0.0337602 0.0275492 0.0219828 0.0170648 0.0127821 0.00914123 0.00616988 0.0038857
 0.00877837 0.0142306 0.0213572 0.0300581 0.0400025 0.0504832 0.0603872 0.0684633 0.0737793 0.0760208 0.0754336 0.0725451 0.0679221 0.0620743 0.0554452 0.0484219 0.0413391 0.0344779 0.0280592 0.0222351 0.0170908 0.0126631 0.00896644 0.00600449 0.00376109
 0.00875021 0.0141917 0.0213108 0.0300106 0.0399591 0.0504421 0.0603326 0.0683636 0.0735927 0.0757125 0.0750002 0.0720352 0.0674379 0.0617428 0.055371 0.0486426 0.0418074 0.0350791 0.0286546 0.0227116 0.0173935 0.0127999 0.00898582 0.00596484 0.00370737
 0.00870036 0.0141291 0.0212506 0.0299778 0.0399816 0.0505383 0.060501 0.0685784 0.0738076 0.0758701 0.0750451 0.0719309 0.0671837 0.0613856 0.0549982 0.0483545 0.0416778 0.0351246 0.0288309 0.0229383 0.0175931 0.0129273 0.00903612 0.00596065 0.00367848
 0.00865983 0.0140498 0.0211085 0.0297473 0.0396482 0.0501153 0.0600391 0.0681584 0.0735132 0.0757545 0.0751097 0.0721274 0.0674375 0.061627 0.055189 0.0484985 0.0418105 0.0352872 0.0290432 0.0231863 0.0178385 0.0131302 0.00917485 0.00603686 0.00370946
 0.00869339 0.0140967 0.0211639 0.0297986 0.0396751 0.0500917 0.0599398 0.0679696 0.0732446 0.0754454 0.074821 0.0719192 0.0673436 0.0616425 0.0552785 0.0486191 0.0419343 0.0354094 0.0291731 0.0233305 0.0179902 0.0132714 0.00928705 0.00611153 0.00375005
 0.00867519 0.0140966 0.0212165 0.0299506 0.0399677 0.0505355 0.0604952 0.0685478 0.0737327 0.0757442 0.0748785 0.0717439 0.0669953 0.0612055 0.0548317 0.0482152 0.0415962 0.0351408 0.028971 0.0231909 0.0179063 0.0132307 0.00927315 0.00610925 0.00374977
 0.00861523 0.0139885 0.0210372 0.0296801 0.0396034 0.0501091 0.06008 0.0682421 0.0736216 0.0758585 0.0751774 0.0721343 0.0673754 0.0615053 0.0550295 0.0483287 0.04166 0.0351859 0.0290159 0.0232423 0.0179634 0.0132889 0.00932615 0.00615175 0.00377931
 0.00875767 0.0141927 0.0212926 0.0299563 0.0398549 0.0502867 0.0601441 0.0681763 0.0734429 0.0756172 0.0749418 0.0719629 0.0672907 0.0614879 0.0550354 0.0483174 0.0416136 0.0351111 0.0289322 0.0231688 0.017911 0.013259 0.0093141 0.00615039 0.00378233
 0.0087831 0.0142528 0.0214159 0.0301758 0.0401933 0.0507365 0.0606538 0.0686564 0.0737935 0.0757667 0.0748739 0.0717189 0.0669481 0.0611264 0.0547091 0.0480446 0.0413865 0.034914 0.0287563 0.0230151 0.0177855 0.0131658 0.00925191 0.00611331 0.00376258
 0.00864916 0.0140634 0.0211847 0.029937 0.0399969 0.0506363 0.0606936 0.0688553 0.0741349 0.0761939 0.0753022 0.0720622 0.06715 0.0611779 0.0546439 0.0479152 0.0412393 0.0347759 0.0286363 0.0229137 0.0177021 0.0131009 0.00920568 0.00608382 0.00374595
 0.00824829 0.0133702 0.0200715 0.0282784 0.0377214 0.0477982 0.0575263 0.0657579 0.0715754 0.0745688 0.0748219 0.0727112 0.0687234 0.0633647 0.0571175 0.0504036 0.0435559 0.0368169 0.030358 0.0243094 0.0187873 0.0139061 0.00977191 0.00645842 0.00397721
 0.00866128 0.0139751 0.020852 0.029159 0.038567 0.0484275 0.0577409 0.0653937 0.0705705 0.0730206 0.0729883 0.07094 0.0673358 0.0625542 0.0569109 0.0506903 0.0441574 0.0375545 0.0310953 0.0249638 0.0193211 0.0143122 0.0100612 0.00665092 0.00409633
 0.00918 0.0148374 0.0221776 0.0310504 0.0410618 0.0514328 0.0609845 0.0684364 0.0729036 0.0742146 0.0728284 0.0694885 0.0649046 0.0596023 0.053909 0.0480011 0.0419749 0.0359129 0.0299244 0.024154 0.0187693 0.0139402 0.00981525 0.00649416 0.00400176
 0.00936229 0.0152107 0.0228812 0.0322601 0.0429443 0.0540726 0.0643098 0.0721863 0.0766546 0.0774593 0.0750815 0.0703962 0.0643337 0.0576801 0.05099 0.0445657 0.0384987 0.0327586 0.0272937 0.0221012 0.0172508 0.0128673 0.00909075 0.00602929 0.00372108
 0.00872037 0.0142244 0.0215133 0.0305404 0.0409938 0.0521215 0.0626938 0.0712916 0.0768035 0.078776 0.077409 0.0733189 0.0672995 0.0601689 0.0526588 0.0453215 0.0384782 0.0322359 0.0265633 0.0213881 0.0166756 0.0124608 0.00883084 0.00587573 0.00363617
 0.00822643 0.0133619 0.0201122 0.0284249 0.0380476 0.0483834 0.0584385 0.0670362 0.0732089 0.0764749 0.0768294 0.0745649 0.0701216 0.0640321 0.0568925 0.0493036 0.0417852 0.034705 0.0282546 0.0224842 0.0173774 0.0129226 0.00914526 0.00609025 0.00377642
 0.00843578 0.0136346 0.0203905 0.0285948 0.0379461 0.0478257 0.057263 0.0651651 0.0707151 0.0736268 0.0740743 0.0724281 0.0690474 0.0642307 0.0582665 0.0514883 0.044286 0.0370652 0.0301798 0.0238782 0.0182954 0.0134892 0.00948446 0.00629239 0.00389645
 0.00878775 0.0142401 0.0213554 0.0300157 0.0398604 0.0501425 0.0597144 0.0673237 0.0720982 0.0738536 0.0730073 0.0702377 0.0661741 0.0612557 0.0557329 0.0497398 0.0433887 0.0368443 0.0303424 0.0241507 0.0185099 0.0135937 0.00950141 0.00626677 0.00386304
 0.00878748 0.0142561 0.0214142 0.0301634 0.0401642 0.050683 0.0605613 0.0684928 0.0735019 0.0752746 0.0741297 0.0707447 0.0658772 0.0601894 0.0541575 0.0480434 0.0419369 0.0358528 0.0298331 0.0240001 0.0185453 0.0136767 0.00956153 0.00629015 0.00386245
 0.00877598 0.0142638 0.0214743 0.0303234 0.0404741 0.0511789 0.0612521 0.0693587 0.0745009 0.0763442 0.075175 0.0716249 0.0664153 0.0602236 0.0536178 0.0470073 0.0406188 0.0345244 0.0287184 0.0232054 0.0180566 0.0134102 0.009424 0.00621537 0.00381668
 0.0084973 0.0138027 0.0207707 0.0293297 0.0391825 0.0496553 0.0596577 0.0679348 0.073509 0.075985 0.0755267 0.0726238 0.0678763 0.0618849 0.0552026 0.0482941 0.0414997 0.0350237 0.0289555 0.0233231 0.0181567 0.0135296 0.00955244 0.00632809 0.00389818
 0.00848759 0.0137718 0.0206941 0.0291704 0.0388942 0.0491926 0.0589941 0.067084 0.0725439 0.0750414 0.0747806 0.0722423 0.0679584 0.0624216 0.0560745 0.0493099 0.0424617 0.0357909 0.0294786 0.0236358 0.0183342 0.013642 0.00963948 0.00640105 0.00395497
 0.00845881 0.0137335 0.020651 0.0291287 0.0388554 0.0491444 0.0589054 0.0669094 0.0722395 0.0745895 0.0742118 0.0716434 0.0674565 0.062144 0.0560995 0.0496325 0.0429939 0.0363991 0.0300376 0.0240709 0.0186316 0.0138289 0.00975503 0.00647533 0.00400437
#obs surv len freq
 0.0049726 0.00814551 0.0123905 0.0177213 0.0240111 0.0308932 0.0377405 0.0438281 0.0486048 0.0518696 0.0537423 0.0545093 0.0544915 0.0539865 0.0532546 0.0525094 0.0518952 0.0514471 0.0510266 0.0502652 0.0485812 0.0453444 0.0401778 0.0332499 0.0253418
 0.00518082 0.00848601 0.0129069 0.018456 0.0249979 0.0321452 0.0392369 0.0455086 0.0503764 0.0536226 0.0553657 0.0559007 0.055561 0.0546583 0.0534693 0.0522275 0.0511038 0.0501668 0.0493176 0.0482306 0.0463642 0.0431165 0.0381147 0.0314984 0.0239872
 0.00540986 0.00886043 0.0134743 0.0192621 0.0260783 0.0335115 0.0408632 0.0473262 0.0522838 0.0555043 0.0571098 0.0574077 0.0567453 0.0554467 0.0537995 0.0520495 0.0503845 0.0489002 0.0475392 0.0460306 0.0438933 0.0405749 0.0357206 0.029441 0.0223831
 0.0056393 0.00923867 0.0140534 0.0200937 0.027204 0.0349467 0.0425808 0.0492513 0.0543043 0.0574936 0.0589472 0.0589899 0.0579887 0.0562847 0.0541775 0.0519206 0.049711 0.0476617 0.0457502 0.0437621 0.0412883 0.0378435 0.033107 0.0271676 0.0205943
 0.00588358 0.0096364 0.0146534 0.0209427 0.0283385 0.0363806 0.0442906 0.0511697 0.0563278 0.0594997 0.0608133 0.0606064 0.0592652 0.0571511 0.0545807 0.0518192 0.0490714 0.0464616 0.0439942 0.041506 0.0386611 0.035051 0.0304013 0.0247886 0.0187061
 0.0061347 0.0100478 0.015278 0.0218315 0.0295297 0.0378839 0.0460714 0.053145 0.0583795 0.061499 0.0626415 0.0621651 0.0604765 0.0579545 0.0549295 0.0516767 0.0484079 0.0452576 0.0422521 0.0392731 0.0360543 0.0322644 0.0276826 0.0223811 0.0167825
 0.00637761 0.0104475 0.0158888 0.0227064 0.0307108 0.0393847 0.0478599 0.0551375 0.0604525 0.0635131 0.064466 0.063693 0.0616295 0.0586806 0.0551964 0.0514629 0.047697 0.0440384 0.0405301 0.0370919 0.03352 0.0295569 0.0250354 0.0200284 0.0148948
 0.00661115 0.0108307 0.0164721 0.0235393 0.0318324 0.0408087 0.0495589 0.0570362 0.0624376 0.0654533 0.0662333 0.0651767 0.0627443 0.0593684 0.0554239 0.0512152 0.0469696 0.0428337 0.0388633 0.0350086 0.0311191 0.0270024 0.0225406 0.0178095 0.013111
 0.00684904 0.0112197 0.0170616 0.0243764 0.0329521 0.0422192 0.0512265 0.0588807 0.0643433 0.067292 0.0678847 0.0665412 0.0637462 0.0599562 0.055568 0.0509038 0.0462038 0.0416247 0.0372358 0.0330137 0.0288523 0.0246137 0.0202216 0.0157536 0.0114603
 0.00705341 0.011558 0.0175817 0.0251262 0.0339695 0.0435161 0.0527728 0.0605995 0.0661222 0.0690057 0.0694163 0.0677952 0.0646531 0.0604712 0.0556676 0.050581 0.0454634 0.0404816 0.0357187 0.0311758 0.0267846 0.0224523 0.0181361 0.0139124 0.00998567
 0.00727904 0.0119255 0.0181359 0.0259089 0.0350106 0.0448204 0.0543062 0.0622834 0.0678441 0.0706398 0.0708453 0.0689246 0.065418 0.0608367 0.0556239 0.0501367 0.0446382 0.0393022 0.034222 0.0294172 0.0248502 0.0204645 0.0162425 0.0122562 0.00866816
 0.00746311 0.0122281 0.0185975 0.0265686 0.0358981 0.045943 0.0556355 0.0637517 0.0693539 0.0720823 0.0721186 0.0699444 0.0661219 0.0611857 0.0556018 0.0497468 0.0438992 0.038244 0.0328852 0.0278589 0.0231517 0.0187343 0.0146071 0.0108351 0.00754352
 0.00751481 0.012319 0.0187477 0.0268033 0.036245 0.0464264 0.0562693 0.0645327 0.0702586 0.0730671 0.0731219 0.070893 0.0669392 0.0618008 0.0559581 0.0498069 0.0436468 0.0376843 0.0320445 0.0267859 0.0219197 0.0174403 0.0133616 0.00974112 0.0066721
 0.00759634 0.0124413 0.0189132 0.0270097 0.0364881 0.0467056 0.0565903 0.0649066 0.0706965 0.0735739 0.0736898 0.0714974 0.0675385 0.0623401 0.056376 0.0500456 0.0436609 0.0374484 0.0315583 0.0260774 0.0210462 0.0164842 0.0124185 0.0089005 0.00599664
 0.00765161 0.0125262 0.0190316 0.0271608 0.0366663 0.0469006 0.0567888 0.0650967 0.0708745 0.0737486 0.0738822 0.0717309 0.0678257 0.0626714 0.0567169 0.050342 0.0438519 0.03748 0.0313971 0.02572 0.0205228 0.0158554 0.0117627 0.00829548 0.00549972
 0.00772077 0.0126305 0.0191731 0.0273358 0.0368659 0.0471123 0.0569978 0.0652871 0.0710318 0.0738643 0.0739582 0.0717816 0.0678739 0.0627398 0.0568163 0.0504625 0.0439614 0.0375325 0.0313472 0.0255393 0.020212 0.0154466 0.0113112 0.00786275 0.00513517
 0.00779131 0.0127407 0.0193302 0.0275421 0.0371173 0.047396 0.0572917 0.0655617 0.0712566 0.0740164 0.0740285 0.0717765 0.0678124 0.062648 0.0567205 0.0503812 0.0438974 0.0374704 0.0312582 0.0253938 0.019994 0.0151635 0.010993 0.00755116 0.00486754
 0.00782725 0.0127986 0.0194162 0.0276614 0.0372725 0.0475855 0.057507 0.0657871 0.0714709 0.0741971 0.0741568 0.0718413 0.0678128 0.0625934 0.0566285 0.0502719 0.0437871 0.0373649 0.0311506 0.0252685 0.0198365 0.0149706 0.0107773 0.00733668 0.00467969
 0.00783621 0.0128104 0.0194292 0.0276731 0.0372813 0.0475929 0.057519 0.0658127 0.071519 0.0742717 0.0742539 0.0719492 0.0679155 0.0626762 0.0566819 0.0502946 0.0437839 0.0373423 0.0311119 0.0252112 0.0197554 0.0148636 0.0106507 0.0072048 0.00455954
 0.007884 0.0128793 0.0195165 0.0277701 0.0373757 0.0476721 0.0575738 0.0658397 0.071521 0.0742572 0.0742351 0.0719371 0.0679159 0.0626871 0.0566958 0.0503019 0.0437775 0.0373194 0.0310727 0.0251567 0.0196859 0.0147804 0.0105582 0.00711145 0.0044754
 0.00790472 0.0129133 0.0195679 0.0278416 0.0374666 0.0477759 0.0576771 0.0659243 0.0715701 0.0742627 0.074201 0.0718779 0.0678505 0.0626318 0.0566584 0.0502814 0.0437667 0.0373091 0.0310552 0.0251275 0.0196438 0.0147268 0.0104972 0.00704929 0.00441904
 0.00788007 0.0128753 0.0195146 0.0277738 0.0373878 0.0476932 0.0576008 0.0658656 0.0715376 0.0742584 0.0742201 0.0719125 0.0678941 0.0626819 0.0567163 0.0503482 0.0438402 0.0373831 0.0311211 0.0251775 0.0196731 0.0147349 0.0104876 0.00702837 0.004394
 0.00787419 0.0128573 0.0194723 0.0276916 0.0372524 0.047501 0.0573641 0.0656133 0.0713073 0.0740855 0.0741277 0.0719067 0.0679657 0.0628121 0.0568834 0.0505331 0.0440282 0.0375629 0.0312834 0.0253143 0.0197789 0.014808 0.0105307 0.00704789 0.00439816
 0.00788537 0.0128714 0.0194856 0.0276966 0.0372378 0.0474536 0.0572718 0.0654696 0.071117 0.0738678 0.0739146 0.0717345 0.0678636 0.0627934 0.0569437 0.0506545 0.044187 0.0377362 0.0314525 0.0254654 0.019903 0.014901 0.0105933 0.00708463 0.0044161
 0.00787924 0.0128624 0.0194735 0.0276813 0.0372187 0.0474283 0.0572355 0.0654155 0.071038 0.0737605 0.0737824 0.0715909 0.0677306 0.0626965 0.0569031 0.0506787 0.0442703 0.0378617 0.0315985 0.0256111 0.0200326 0.0150049 0.0106684 0.00713334 0.00444396
 0.00787401 0.0128497 0.019447 0.0276331 0.0371424 0.0473227 0.0571072 0.0652783 0.070908 0.0736498 0.073696 0.0715273 0.0676872 0.0626738 0.056907 0.0507173 0.0443488 0.0379778 0.031741 0.0257632 0.0201766 0.0151274 0.0107624 0.00719818 0.00448411
 0.00788124 0.0128609 0.0194625 0.0276519 0.0371611 0.0473348 0.057104 0.0652508 0.0708513 0.0735663 0.0735955 0.0714239 0.0675934 0.0625982 0.0568543 0.0506909 0.0443522 0.0380128 0.0318053 0.0258487 0.020271 0.0152172 0.0108375 0.00725382 0.00452072
 0.00780752 0.0127478 0.0193051 0.0274511 0.0369241 0.0470754 0.056842 0.0650101 0.0706552 0.073432 0.0735305 0.0714269 0.0676573 0.0627127 0.057008 0.0508722 0.0445503 0.0382187 0.0320112 0.0260468 0.0204525 0.0153736 0.0109624 0.0073452 0.00458143
 0.00779968 0.0127243 0.0192505 0.0273455 0.0367499 0.0468269 0.0565329 0.0646736 0.0703354 0.0731705 0.0733561 0.0713509 0.067676 0.0628123 0.0571699 0.0510772 0.0447806 0.0384589 0.0322486 0.0262707 0.0206537 0.0155445 0.0110981 0.00744493 0.00464843
 0.00777622 0.0126888 0.019201 0.0272803 0.0366648 0.046714 0.0563813 0.064475 0.0700917 0.0729003 0.0730935 0.0711368 0.0675446 0.0627814 0.0572377 0.0512269 0.0449877 0.0386979 0.0324968 0.0265098 0.0208698 0.0157279 0.0112435 0.00755172 0.00472046
 0.00774725 0.0126399 0.0191245 0.0271688 0.0365142 0.0465262 0.0561667 0.06425 0.0698735 0.0727013 0.072921 0.0709974 0.0674492 0.0627451 0.0572743 0.0513412 0.0451718 0.0389328 0.0327575 0.0267712 0.021111 0.0159343 0.0114074 0.00767193 0.00480144
 0.00930968 0.0148235 0.0217524 0.0298567 0.038782 0.0479766 0.0566265 0.0637974 0.0687547 0.0712086 0.0713005 0.0694141 0.0659947 0.0614619 0.0561785 0.0504364 0.044454 0.03839 0.0323694 0.0265111 0.0209491 0.0158424 0.0113611 0.00765256 0.0047959
 0.00931044 0.0151153 0.0227033 0.031921 0.0423018 0.0529137 0.0623928 0.0693505 0.0729676 0.0733133 0.0711424 0.0673932 0.0627909 0.0577447 0.0524414 0.0469704 0.0413978 0.0357926 0.0302328 0.0248121 0.019649 0.0148907 0.0106999 0.00722018 0.00453215
 0.00897381 0.0145866 0.021964 0.0310227 0.041419 0.052379 0.062656 0.0708174 0.0757553 0.0770691 0.0750883 0.0706208 0.0646398 0.0580317 0.0514288 0.0451513 0.039265 0.0337051 0.0283925 0.0233013 0.0184772 0.0140292 0.0101014 0.00682976 0.00429483
 0.00880027 0.0142956 0.0215104 0.0303622 0.0405259 0.0512777 0.0614621 0.0697643 0.0751754 0.077301 0.0763238 0.0727611 0.0672645 0.0605349 0.0532642 0.0460411 0.0392547 0.0330628 0.0274479 0.0223223 0.017624 0.0133661 0.00963006 0.00652048 0.00410733
 0.00871896 0.0141585 0.0212941 0.0300399 0.0400704 0.0506693 0.0607006 0.0688858 0.0742694 0.0765216 0.075878 0.0728561 0.0680162 0.0618785 0.0549342 0.0476564 0.0404731 0.0337125 0.0275603 0.0220662 0.017202 0.0129363 0.00927844 0.00627201 0.00395108
 0.00870614 0.0141328 0.0212459 0.0299555 0.0399331 0.0504616 0.0604075 0.0684987 0.0737916 0.0759785 0.0753294 0.0724035 0.0677912 0.0620008 0.0554496 0.0484895 0.0414356 0.0345747 0.0281489 0.0223263 0.0171917 0.0127709 0.00906849 0.00608802 0.00382003
 0.00868042 0.0140914 0.0211841 0.0298689 0.0398174 0.050313 0.0602236 0.0682784 0.0735352 0.0756889 0.0750157 0.072089 0.0675208 0.0618416 0.0554744 0.0487436 0.0419009 0.0351605 0.0287219 0.0227676 0.0174445 0.0128506 0.00903575 0.00600956 0.00374231
 0.00866564 0.0140688 0.0211527 0.0298283 0.0397675 0.0502534 0.0601528 0.0681939 0.0734337 0.0755664 0.0748693 0.0719197 0.0673384 0.0616701 0.055353 0.0487181 0.0420048 0.0353921 0.0290357 0.0230889 0.0177026 0.0130082 0.00909735 0.00600687 0.0037118
 0.00867472 0.0140791 0.02116 0.0298261 0.0397492 0.0502151 0.0600954 0.0681228 0.0733558 0.0754867 0.0747887 0.0718352 0.067247 0.0615733 0.0552616 0.0486534 0.0419933 0.0354536 0.0291691 0.023268 0.017885 0.0131548 0.00918857 0.00604628 0.00371706
 0.00868389 0.0140947 0.0211844 0.029861 0.0397941 0.0502653 0.0601417 0.068153 0.0733593 0.0754583 0.0747306 0.0717549 0.0671531 0.061473 0.0551617 0.0485631 0.0419257 0.0354235 0.0291863 0.0233293 0.0179732 0.013245 0.00925984 0.00608966 0.00373559
 0.00866754 0.0140758 0.0211702 0.0298628 0.0398237 0.0503301 0.0602398 0.0682719 0.0734787 0.0755562 0.0747886 0.0717629 0.0671113 0.0613902 0.0550519 0.0484424 0.0418103 0.0353285 0.0291233 0.0233034 0.01798 0.0132721 0.00929214 0.0061156 0.00375068
 0.00863971 0.0140289 0.0210971 0.0297581 0.0396872 0.0501714 0.0600802 0.0681415 0.073406 0.0755565 0.0748578 0.0718798 0.0672464 0.0615168 0.0551527 0.0485122 0.0418535 0.0353554 0.0291456 0.0233302 0.018015 0.0133129 0.00933241 0.00614889 0.00377363
 0.0086276 0.0140082 0.0210639 0.0297077 0.0396149 0.0500739 0.0599584 0.0680029 0.073266 0.0754372 0.0747823 0.0718642 0.0672931 0.0616131 0.055276 0.0486383 0.0419649 0.0354448 0.0292147 0.0233852 0.0180622 0.0133555 0.00936999 0.00617945 0.00379564
 0.0086313 0.014013 0.021069 0.0297109 0.0396131 0.0500631 0.0599342 0.0679612 0.073205 0.075359 0.074695 0.0717819 0.0672321 0.0615867 0.0552888 0.0486843 0.0420306 0.0355151 0.0292787 0.0234385 0.0181051 0.0133904 0.00939854 0.00620206 0.0038122
 0.00862048 0.0139991 0.0210545 0.0297004 0.039611 0.0500718 0.0599517 0.0679813 0.0732188 0.0753582 0.0746749 0.0717427 0.0671805 0.0615338 0.0552472 0.0486636 0.042034 0.0355386 0.0293139 0.0234766 0.0181402 0.0134198 0.00942198 0.00621989 0.00382499
 0.00862048 0.0139991 0.0210545 0.0297004 0.039611 0.0500718 0.0599517 0.0679813 0.0732188 0.0753582 0.0746749 0.0717427 0.0671805 0.0615338 0.0552472 0.0486636 0.042034 0.0355386 0.0293139 0.0234766 0.0181402 0.0134198 0.00942198 0.00621989 0.00382499
 0.00806257 0.0131153 0.0197722 0.0279798 0.0374675 0.0476021 0.057353 0.0655371 0.0712414 0.0741047 0.0742808 0.072201 0.0683651 0.0632472 0.0572704 0.0507951 0.0441119 0.0374476 0.0309819 0.0248669 0.0192445 0.0142524 0.0100144 0.00661498 0.00407011
 0.00847729 0.0137145 0.0205317 0.0288208 0.0382678 0.0482213 0.0576608 0.0654409 0.0707116 0.073195 0.0731269 0.0709907 0.0672867 0.0624396 0.0567957 0.0506399 0.0442106 0.0377121 0.0313264 0.0252234 0.0195671 0.0145167 0.0102129 0.00675228 0.00415745
 0.00899483 0.0145909 0.0219067 0.0308214 0.0409497 0.0514911 0.0612213 0.0688148 0.073361 0.0746868 0.073261 0.0698347 0.0651216 0.0596594 0.0538024 0.0477639 0.0416694 0.0356078 0.0296709 0.023974 0.0186582 0.0138796 0.00978507 0.0064794 0.00399393
 0.00926858 0.0150698 0.0226916 0.0320311 0.0426977 0.0538426 0.0641408 0.0721266 0.0767436 0.0777135 0.0754834 0.0708941 0.0648509 0.058132 0.0513041 0.0447017 0.0384592 0.0325857 0.0270512 0.0218511 0.0170355 0.0127048 0.00898017 0.00595988 0.00368034
 0.00860843 0.01405 0.0212645 0.0302104 0.0405818 0.0516349 0.0621547 0.0707453 0.0763217 0.0784487 0.0773208 0.0735176 0.0677711 0.060834 0.0533961 0.0460062 0.0390183 0.0325921 0.0267475 0.0214455 0.0166608 0.0124189 0.008789 0.00584482 0.00361703
 0.0081785 0.0132848 0.0199966 0.0282606 0.0378227 0.0480855 0.0580597 0.0665816 0.0727074 0.0759846 0.0764326 0.0743483 0.0701485 0.0643164 0.057389 0.0499191 0.0424086 0.0352411 0.0286489 0.022729 0.0175001 0.0129655 0.0091477 0.00607882 0.00376448
 0.00839461 0.0135883 0.020357 0.0285987 0.038006 0.047937 0.057389 0.0652452 0.0706906 0.0734707 0.0738073 0.0721127 0.0687643 0.0640515 0.0582319 0.0515976 0.0444993 0.0373191 0.0304105 0.0240427 0.0183812 0.0135101 0.00946667 0.00626084 0.0038671
 0.00883419 0.0143133 0.0214609 0.0301563 0.0400341 0.0503412 0.0599219 0.0675162 0.0722487 0.0739378 0.0730101 0.0701572 0.0660229 0.0610599 0.0555275 0.0495592 0.0432556 0.0367624 0.0302964 0.024117 0.018469 0.0135389 0.00943836 0.00620648 0.00381452
 0.00868242 0.0141222 0.0212792 0.030072 0.0401611 0.0507891 0.0607587 0.0687315 0.0737258 0.075449 0.074251 0.0708282 0.0659359 0.0602222 0.054154 0.0479978 0.041856 0.0357531 0.0297314 0.0239057 0.0184597 0.0135982 0.00949056 0.00622956 0.00381548
 0.00877227 0.0142416 0.0214125 0.0301958 0.0402611 0.0508827 0.0609071 0.0690276 0.0742554 0.0762394 0.0752326 0.0718301 0.0667258 0.0605827 0.0539675 0.0473003 0.0408278 0.0346453 0.0287656 0.0232019 0.0180246 0.0133657 0.00937768 0.00617362 0.00378326
 0.00841667 0.0136943 0.0206469 0.0292101 0.0390808 0.0495638 0.0595438 0.0677575 0.0732507 0.0756782 0.075251 0.072472 0.0679082 0.0621008 0.0555476 0.0486866 0.041864 0.0353106 0.0291477 0.0234287 0.0181976 0.0135304 0.00953343 0.0063032 0.00387538
 0.00850505 0.0137908 0.0207057 0.0291607 0.0388485 0.0491011 0.0588556 0.0669066 0.0723413 0.074831 0.0745849 0.0720911 0.0678861 0.0624551 0.0562183 0.0495391 0.0427284 0.0360422 0.0296748 0.0237605 0.0183926 0.0136522 0.00962291 0.00637506 0.00393035
 0.00851112 0.0138178 0.0207743 0.0292919 0.0390467 0.0493344 0.0590478 0.0669543 0.0721567 0.074387 0.0739373 0.0713636 0.0672298 0.0620025 0.0560481 0.0496572 0.04307 0.0364966 0.0301273 0.0241316 0.0186549 0.0138197 0.00972601 0.00644029 0.00397319
#pred catch len freq
 0.00348464 0.00568104 0.00861448 0.0123402 0.0168909 0.0222162 0.0281196 0.034264 0.0402481 0.0456919 0.0502916 0.0538511 0.0563054 0.0577195 0.0582561 0.0581364 0.0576076 0.0569034 0.0561595 0.0552803 0.0538314 0.0510983 0.0463987 0.0395337 0.0310759
 0.00388548 0.00629286 0.00946313 0.0134287 0.018207 0.0237403 0.0298216 0.0360869 0.0420904 0.0474068 0.0517127 0.0548408 0.0568029 0.0577607 0.0579521 0.057617 0.0569572 0.0561177 0.0551446 0.0539012 0.051996 0.0488389 0.0438997 0.0370818 0.0289535
 0.00407576 0.00662977 0.0100197 0.014286 0.0194317 0.0253521 0.0317678 0.0382435 0.0442938 0.0494943 0.0535454 0.0563041 0.0578024 0.0582327 0.0578862 0.057066 0.0560145 0.0548684 0.0536216 0.0520816 0.04985 0.0464024 0.0413206 0.0345985 0.0268114
 0.00430009 0.0069815 0.0105296 0.0149866 0.0203661 0.026579 0.0333494 0.0402128 0.0466114 0.0520215 0.0560567 0.0585395 0.0595334 0.0593085 0.0582448 0.0567221 0.0550375 0.0533551 0.0516671 0.0497623 0.0472352 0.043593 0.0384827 0.0319525 0.0245716
 0.00455539 0.00738544 0.0111169 0.015783 0.0213858 0.0278226 0.0348034 0.0418538 0.0484137 0.0539566 0.0580757 0.0605453 0.0613674 0.0607703 0.059142 0.0569209 0.0544899 0.0520941 0.0497826 0.0473755 0.044489 0.0406596 0.0355707 0.0292887 0.0223516
 0.00480433 0.00778392 0.0117057 0.0165973 0.0224511 0.0291463 0.0363645 0.0435968 0.0502553 0.0558035 0.0598442 0.0621709 0.0627949 0.0619325 0.0599409 0.0572326 0.0541953 0.0511195 0.0481279 0.0451219 0.0417914 0.0377318 0.0326629 0.0266494 0.0201752
 0.00504778 0.00817745 0.0122945 0.0174239 0.0235497 0.0305328 0.0380225 0.045469 0.0522445 0.0577865 0.0616923 0.0637711 0.0640665 0.0628286 0.0604338 0.0572894 0.0537628 0.0501338 0.046548 0.0429705 0.0391814 0.0348661 0.0298024 0.0240562 0.0180485
 0.00525904 0.00852391 0.0128226 0.018182 0.0245819 0.0318679 0.039659 0.0473617 0.0543028 0.0598819 0.0636753 0.065494 0.0654066 0.0637057 0.0608126 0.0571655 0.0531399 0.0490075 0.0449117 0.0408452 0.0366537 0.0321078 0.0270529 0.0215666 0.0160124
 0.00552396 0.00893665 0.013412 0.0189671 0.0255751 0.0330767 0.041082 0.0489798 0.0560687 0.0617157 0.0654671 0.0671155 0.0667295 0.0646216 0.0612483 0.0570864 0.052542 0.0479046 0.0433286 0.0388271 0.0342907 0.0295547 0.0245208 0.0192798 0.0141455
 0.00577084 0.00934693 0.014045 0.019881 0.0268118 0.0346403 0.0429196 0.0509815 0.0580907 0.0636158 0.067131 0.0684628 0.067705 0.0651845 0.0613667 0.0567393 0.051723 0.046624 0.0416164 0.0367406 0.0319279 0.0270651 0.0220963 0.0171179 0.0123963
 0.00591274 0.00960183 0.014475 0.0205629 0.0278248 0.0360414 0.0447154 0.0531062 0.0604036 0.0659194 0.0692077 0.0701209 0.0688172 0.0657026 0.0613075 0.0561541 0.050669 0.0451529 0.0397784 0.0346011 0.0295849 0.0246587 0.019799 0.0151002 0.0107826
 0.00613658 0.00994812 0.0149665 0.0212176 0.0286636 0.0370953 0.0460212 0.0546875 0.0622406 0.067924 0.071219 0.0719308 0.0702186 0.0665399 0.061508 0.0557279 0.0496846 0.0437048 0.0379654 0.0325235 0.0273557 0.0224139 0.017692 0.0132756 0.00933952
 0.00632457 0.0102385 0.015375 0.0217494 0.0293139 0.0378525 0.0468708 0.0556171 0.0632453 0.069005 0.0723706 0.0731155 0.0713496 0.0674856 0.0621229 0.0558955 0.0493496 0.0428799 0.0367189 0.0309593 0.0256007 0.0206102 0.0159854 0.0117948 0.00816939
