SBPRF35
7.78865
Curr Bio
628417
B35
703167
F35
0.226404
FOFL
0.218519
OFL
111757
Bzero
2.22533e+006
#pred survey bio
 4.33265e+006 4.11894e+006 3.90847e+006 3.65259e+006 3.36422e+006 3.07744e+006 2.75155e+006 2.4702e+006 2.17703e+006 1.92696e+006 1.68566e+006 1.49662e+006 1.33592e+006 1.16459e+006 1.02067e+006 918850 828716 768711 709624 667792 645741 622600 602863 603667 603220 598362 596410 592437 571847 573933 570229 575652 571588 568058 564673 547309 520979 516524 528396 535009 554348 568773 574936 578532 584071 588318 585632 586240 582832 588864 588458 536037 506487 518987 548437 571542 584090 628055 2.37723e+007 1.46391e+007 1.49957e+007 1.5399e+007 1.58093e+007 1.61837e+007 1.65015e+007 1.67587e+007 1.69602e+007 1.71149e+007 1.7232e+007 1.73202e+007 1.73863e+007 1.74358e+007 1.7473e+007 1.75011e+007 1.75223e+007 1.75383e+007 1.75505e+007 1.75599e+007 1.7567e+007 1.75724e+007 1.75766e+007 1.75799e+007 1.75823e+007 1.75842e+007 1.75857e+007 1.75868e+007 1.75877e+007 1.75884e+007 1.75889e+007 1.75893e+007 1.75896e+007 1.75899e+007 1.75901e+007 1.75902e+007 1.75903e+007 1.75904e+007 1.75905e+007 1.75905e+007 1.75906e+007 1.75906e+007 1.75906e+007 1.75906e+007 1.75907e+007 1.75907e+007 1.75907e+007 1.75907e+007 1.75907e+007 1.75907e+007 1.75907e+007 1.75907e+007 1.75907e+007 1.75907e+007 1.75907e+007 1.75907e+007 1.75907e+007 1.75907e+007 1.75907e+007 1.75907e+007 1.75907e+007 1.75907e+007 1.75907e+007 1.75907e+007 1.75907e+007 1.75907e+007 1.75907e+007 1.75907e+007 1.75907e+007 1.75907e+007 1.75907e+007 1.75907e+007 1.75907e+007 1.75907e+007 1.75907e+007 1.75907e+007 1.75907e+007 1.75907e+007 1.75907e+007 1.75907e+007 1.75907e+007 1.75907e+007 1.75907e+007 1.75907e+007 1.75907e+007 1.75907e+007 1.75907e+007 1.75907e+007 1.75907e+007 1.75907e+007 1.75907e+007 1.75907e+007 1.75907e+007 1.75907e+007 1.75907e+007 1.75907e+007 1.75907e+007 1.75907e+007 1.75907e+007 1.75907e+007 0 0 0 0 0 0 0 0 0 0 0 0 0 0 0 0 0 0 0 0 0 0 0 0 0
#obs survey bio
 2.76011e+006 3.01656e+006 2.79926e+006 1.75752e+006 2.45134e+006 2.32661e+006 3.04446e+006 2.34197e+006 2.24727e+006 1.28939e+006 1.84734e+006 1.18431e+006 1.45218e+006 801039 1.15288e+006 906304 762597 1.20494e+006 498648 788606 625130 527896 430482 601637 547928 389412 566014 552608 513804 540725 604679 405664 522671 725090 672789 600173 466630 608490 622166 527174 655253 624026 408691 702815 691379 741612 786717 520664 541618 610079 700559 480494 516910 553089 716899 388860 545076 714506
#pred catch bio
 93965.1 97589 155963 209028 234187 297147 282893 317630 300875 311060 277876 262010 276213 253775 217387 205867 176515 171247 152455 132362 130041 124314 105760 105989 107992 103925 104442 116479 95279 98824.5 89900.1 96809 94414.9 91525.1 99977 105964 90639.5 82278.6 89967.4 80891.9 85796.7 92083.9 92929.9 89944.1 90084.4 95306.5 92369 95893.8 88156.6 94176.6 137761 118634 86696.3 76552.8 85323.6 99024.1 80395.6 81717.1 111757 117883 119833 121994 124361 126533 128315 129680 130676 131378 131859 132182 132395 132534 132624 132681 132718 132741 132755 132764 132770 132774 132776 132777 132778 132779 132779 132779 132779 132779 132779 132779 132779 132779 132779 132779 132779 132779 132779 132779 132779 132779 132779 132779 132779 132779 132779 132779 132779 132779 132779 132779 132779 132779 132779 132779 132779 132779 132779 132779 132779 132779 132779 132779 132779 132779 132779 132779 132779 132779 132779 132779 132779 132779 132779 132779 132779 132779 132779 132779 132779 132779 132779 132779 132779 132779 132779 132779 132779 132779 132779 132779 132779 132779 132779 132779 132779 132779 132779 132779 0 0 0 0 0 0 0 0 0 0 0 0 0 0 0 0 0 0 0 0 0 0 0 0 0
#obs catch bio
 0 97486.1 156863 211336 236811 303273 286866 323433 305656 320042 283717 267937 282658 260393 221285 210620 179898 172639 154993 133688 131532 125292 106762 107000 108830 104442 104682 117858 95774.2 99364.7 90086.8 97316.9 95219.5 91558.2 100203 106150 90997.9 82568.8 89986 80616.4 85632.9 91622.4 92651.1 89082 89053.8 94163.8 91231.8 95481.1 87270.6 93014.4 136078 118043 86368.7 76294.7 84726.2 99362.8 80482.1 81674.7
#pred cpue bio
 4.25213e+006 4.04123e+006 3.83262e+006 3.57738e+006 3.29053e+006 3.00562e+006 2.68254e+006 2.40364e+006 2.11305e+006 1.8649e+006 1.62615e+006 1.43945e+006 1.28111e+006 1.11293e+006 971864 872156 784429 726731 670022 629746 608865 587050 568173 569005 568954 564744 563135 559443 539761 542151 538962 544511 540839 537906 535424 519241 493029 486719 496962 503404 522436 536850 543282 547157 552887 557211 554603 555036 551633 557448 556957 505501 475501 486594 515162 537444 548157 588879 2.23349e+007 1.3785e+007 1.41231e+007 1.44937e+007 1.48917e+007 1.52631e+007 1.55804e+007 1.58375e+007 1.6039e+007 1.61937e+007 1.63108e+007 1.6399e+007 1.6465e+007 1.65146e+007 1.65518e+007 1.65799e+007 1.66011e+007 1.66171e+007 1.66293e+007 1.66386e+007 1.66458e+007 1.66512e+007 1.66554e+007 1.66586e+007 1.66611e+007 1.6663e+007 1.66645e+007 1.66656e+007 1.66665e+007 1.66672e+007 1.66677e+007 1.66681e+007 1.66684e+007 1.66687e+007 1.66688e+007 1.6669e+007 1.66691e+007 1.66692e+007 1.66693e+007 1.66693e+007 1.66694e+007 1.66694e+007 1.66694e+007 1.66694e+007 1.66694e+007 1.66695e+007 1.66695e+007 1.66695e+007 1.66695e+007 1.66695e+007 1.66695e+007 1.66695e+007 1.66695e+007 1.66695e+007 1.66695e+007 1.66695e+007 1.66695e+007 1.66695e+007 1.66695e+007 1.66695e+007 1.66695e+007 1.66695e+007 1.66695e+007 1.66695e+007 1.66695e+007 1.66695e+007 1.66695e+007 1.66695e+007 1.66695e+007 1.66695e+007 1.66695e+007 1.66695e+007 1.66695e+007 1.66695e+007 1.66695e+007 1.66695e+007 1.66695e+007 1.66695e+007 1.66695e+007 1.66695e+007 1.66695e+007 1.66695e+007 1.66695e+007 1.66695e+007 1.66695e+007 1.66695e+007 1.66695e+007 1.66695e+007 1.66695e+007 1.66695e+007 1.66695e+007 1.66695e+007 1.66695e+007 1.66695e+007 1.66695e+007 1.66695e+007 1.66695e+007 1.66695e+007 1.66695e+007 1.66695e+007 0 0 0 0 0 0 0 0 0 0 0 0 0 0 0 0 0 0 0 0 0 0 0 0 0
#obs cpue bio
 3.43958e+006 2.27409e+006 3.9617e+006 3.09699e+006 3.62544e+006 2.66174e+006 3.26755e+006 2.5085e+006 1.84085e+006 1.0453e+006 1.73909e+006 1.2296e+006 1.18775e+006 997186 876189 560165 657073 801161 452707 564653 525485 774112 489401 534675 664090 892666 653918 370327 573453 647010 506976 673666 395453 696486 418044 534035 390111 363602 680548 571021 445314 698758 692879 848420 634422 572943 475997 405067 956406 642183 596782 393362 425061 453520 623682 426162 470640 673451
#pred surv len freq
 0.0047396 0.00767635 0.0115234 0.0162657 0.021814 0.0279335 0.0342037 0.0401034 0.0451951 0.049264 0.0523239 0.0545303 0.0560856 0.0571692 0.0578843 0.0582261 0.0580858 0.0572869 0.0556276 0.0529067 0.0489435 0.0436325 0.037054 0.0295905 0.0219342
 0.00510143 0.00817061 0.0120989 0.0168309 0.0222803 0.0282736 0.0344817 0.0404441 0.0456985 0.0499172 0.0529705 0.0549225 0.055992 0.0564808 0.0566706 0.0567208 0.0566117 0.0561467 0.0550013 0.052798 0.0492004 0.0440307 0.0373988 0.0297829 0.0219752
 0.00525668 0.00846483 0.012612 0.0176447 0.0234376 0.0297289 0.0360783 0.0419531 0.0469126 0.0507392 0.0534279 0.0550943 0.0559104 0.0560907 0.0558795 0.0554979 0.0550584 0.054487 0.0534968 0.0516396 0.0484412 0.0435945 0.0371488 0.0296011 0.0218039
 0.00541635 0.00871772 0.012985 0.0181708 0.0241636 0.0307155 0.037381 0.0435807 0.0487809 0.052657 0.0551397 0.0563665 0.0566045 0.056176 0.0553892 0.0544845 0.0535931 0.0526928 0.0515632 0.0497851 0.0468427 0.0423339 0.0362134 0.028926 0.0213206
 0.00559352 0.00900598 0.0134193 0.0187838 0.0249811 0.0317497 0.0386264 0.0450155 0.050372 0.0543551 0.056861 0.0579733 0.0579117 0.056993 0.0555763 0.0539885 0.0524504 0.051015 0.0495232 0.0475982 0.0447295 0.0404723 0.0347033 0.0277867 0.0205152
 0.00573534 0.00924212 0.0137857 0.0193198 0.0257233 0.0327228 0.0398309 0.0464211 0.0519203 0.0559713 0.0584647 0.0594815 0.0592301 0.0580057 0.0561489 0.0539939 0.0518092 0.0497316 0.0476997 0.0454221 0.0424379 0.0383001 0.0328324 0.0263149 0.0194547
 0.00599469 0.00964894 0.0143715 0.020107 0.0267256 0.0339437 0.0412584 0.0480203 0.0536294 0.0577051 0.0601244 0.0609668 0.0604502 0.0588813 0.0566052 0.0539537 0.0512 0.0485125 0.0458983 0.04316 0.0399246 0.0357921 0.0305707 0.0244677 0.0180878
 0.00627663 0.0100933 0.0150142 0.0209721 0.0278223 0.0352613 0.0427607 0.0496445 0.0552951 0.0593281 0.0616275 0.0622817 0.0615145 0.0596348 0.056988 0.053905 0.0506603 0.047436 0.0442794 0.0410658 0.0375125 0.0332929 0.0282358 0.0225012 0.0165966
 0.00662261 0.0106464 0.015829 0.0220925 0.0292728 0.0370335 0.0447986 0.0518391 0.0574978 0.061379 0.0633853 0.0636439 0.0624233 0.0600697 0.0569504 0.0534005 0.0496865 0.0459852 0.0423579 0.0387263 0.0348823 0.030576 0.0256753 0.0203139 0.0149123
 0.00682511 0.0109916 0.0163786 0.0229156 0.0304325 0.038565 0.0466855 0.0540013 0.0597977 0.063644 0.0654356 0.0653196 0.0636052 0.0606919 0.0569983 0.0528956 0.0486658 0.0444863 0.0404218 0.0364181 0.0323183 0.0279349 0.0231756 0.0181602 0.013236
 0.00711695 0.0114486 0.017036 0.0238003 0.031566 0.0399641 0.0483548 0.0559182 0.0618971 0.0658102 0.0675098 0.0671227 0.0649702 0.0614946 0.0571744 0.0524404 0.0476193 0.0429143 0.0384046 0.034054 0.0297383 0.025312 0.0207108 0.0160401 0.0115822
 0.00732676 0.0117912 0.0175539 0.0245331 0.0325418 0.0411875 0.0497969 0.0575172 0.0635725 0.0674805 0.0690995 0.0685549 0.0661563 0.0623337 0.0575686 0.052317 0.0469488 0.0417148 0.0367379 0.0320206 0.0274761 0.0229926 0.0185222 0.0141517 0.0101039
 0.00749653 0.0120678 0.0179725 0.0251285 0.0333446 0.0422156 0.0510433 0.0589411 0.0650987 0.0690099 0.0705269 0.0697869 0.0671214 0.0629812 0.0578586 0.0522129 0.0464193 0.0407479 0.0353564 0.0302934 0.025521 0.0209671 0.0166003 0.0124887 0.00879948
 0.00777955 0.0125193 0.0186357 0.0260382 0.0345205 0.0436527 0.0527003 0.0607343 0.0669096 0.0707033 0.0719725 0.0708782 0.0677891 0.0631982 0.0576355 0.0515828 0.0454216 0.0394195 0.0337378 0.0284443 0.0235348 0.0189731 0.0147456 0.010905 0.00756856
 0.00808311 0.0129966 0.0193244 0.026963 0.0356906 0.0450563 0.0542964 0.062447 0.0686315 0.0723095 0.0733385 0.071897 0.0683848 0.0633343 0.0573161 0.0508454 0.0443244 0.0380281 0.0321188 0.0266691 0.02169 0.017165 0.0130913 0.00950787 0.00649071
 0.00815784 0.0131394 0.0195783 0.0273814 0.0363242 0.0459334 0.0554049 0.0637297 0.0699974 0.0736538 0.07456 0.0729068 0.0691101 0.0637215 0.0573355 0.0504947 0.0436284 0.0370336 0.0308886 0.0252783 0.0202249 0.0157225 0.0117706 0.00839302 0.00563111
 0.0081608 0.0131598 0.0196398 0.0275203 0.0365864 0.0463664 0.0560447 0.0645865 0.0710431 0.074817 0.0757338 0.0739701 0.0699534 0.0642674 0.0575444 0.0503612 0.0431729 0.0362962 0.0299254 0.0241591 0.0190315 0.0145439 0.0106934 0.0074871 0.00493544
 0.00830729 0.0133516 0.0198445 0.0276836 0.0366534 0.0463127 0.0559004 0.064435 0.0709935 0.074963 0.0761185 0.0745708 0.0706885 0.0650203 0.0581945 0.0508106 0.0433621 0.0362076 0.0295785 0.0236031 0.0183369 0.0137935 0.00996963 0.00685807 0.00444236
 0.00845658 0.0135999 0.0202247 0.0282195 0.0373429 0.0471082 0.0567014 0.0651093 0.071426 0.0751082 0.0760216 0.0743416 0.0704455 0.0648387 0.0580844 0.0507279 0.0432389 0.0359834 0.0292209 0.0231154 0.0177545 0.013173 0.00937457 0.00634283 0.00403995
 0.00848155 0.0136443 0.0202999 0.0283421 0.0375345 0.0473918 0.0570919 0.0655983 0.071969 0.0756251 0.0764194 0.0745523 0.0704582 0.064702 0.0578762 0.0505131 0.0430411 0.0357856 0.0289875 0.0228188 0.0173921 0.0127694 0.00897129 0.00598235 0.00375195
 0.00846807 0.0136109 0.0202295 0.028214 0.0373338 0.0471215 0.0567833 0.0653105 0.0717741 0.0755832 0.0765538 0.0748388 0.0708342 0.0650929 0.0582249 0.0507942 0.0432543 0.0359364 0.0290736 0.0228307 0.017325 0.0126337 0.00879342 0.00579667 0.00358833
 0.0086443 0.0138625 0.0205424 0.0285506 0.0376399 0.047341 0.0568728 0.0652504 0.0715757 0.0752897 0.0762324 0.0745616 0.0706537 0.0650247 0.0582477 0.0508663 0.0433339 0.035995 0.0290965 0.0228116 0.0172628 0.0125338 0.00866935 0.0056678 0.00347349
 0.00874505 0.0140312 0.020803 0.0289226 0.0381265 0.0479148 0.0574668 0.0657668 0.0719133 0.0753806 0.0760676 0.0741922 0.0701701 0.0645245 0.0578066 0.0505218 0.0430864 0.0358212 0.028966 0.0226989 0.0171524 0.0124203 0.00855562 0.0055618 0.00338399
 0.00858275 0.0137904 0.0204848 0.0285468 0.0377303 0.0475474 0.0571813 0.0656077 0.0719018 0.0755034 0.0762787 0.0744322 0.0703919 0.064711 0.0579692 0.0506847 0.0432672 0.0360194 0.029165 0.0228755 0.0172876 0.012506 0.00859555 0.00556797 0.00337127
 0.00851777 0.0136749 0.0202942 0.0282554 0.037322 0.0470304 0.0565991 0.0650377 0.0714368 0.0752223 0.0762217 0.0745898 0.0707124 0.0651224 0.0584047 0.0511003 0.0436448 0.0363572 0.0294638 0.0231318 0.0174942 0.0126575 0.00869353 0.00562152 0.00339387
 0.00857265 0.0137494 0.020378 0.0283265 0.037349 0.0469784 0.0564392 0.0647577 0.0710521 0.0747814 0.0757985 0.0742634 0.0705402 0.0651212 0.0585497 0.0513407 0.0439264 0.0366387 0.029721 0.0233534 0.0176747 0.0127947 0.0087886 0.00567983 0.0034244
 0.00856891 0.0137487 0.0203859 0.0283494 0.037389 0.0470276 0.0564757 0.0647486 0.0709641 0.0745959 0.0755246 0.0739406 0.07023 0.0648875 0.0584375 0.0513622 0.0440607 0.0368443 0.0299535 0.0235769 0.0178673 0.0129462 0.00889767 0.00575106 0.00346597
 0.00843871 0.0135656 0.0201635 0.028119 0.0371921 0.0469015 0.0564411 0.0648031 0.0710829 0.074738 0.0756439 0.0740003 0.0702166 0.0648169 0.0583487 0.0513011 0.0440606 0.0369147 0.0300802 0.0237325 0.0180231 0.0130813 0.00900159 0.00582269 0.0035102
 0.0085107 0.013666 0.020285 0.0282478 0.0373157 0.0470195 0.0565696 0.064967 0.0712982 0.0749942 0.0758982 0.0741904 0.0702843 0.0647321 0.0581215 0.0509772 0.0437042 0.0365867 0.0298207 0.0235548 0.0179183 0.0130292 0.00898102 0.00581736 0.00351035
 0.00843535 0.0135431 0.0200993 0.0279844 0.0369632 0.0465756 0.0560499 0.0644125 0.0707766 0.0745894 0.0756884 0.0742204 0.0705457 0.0651638 0.0586327 0.051481 0.0441443 0.0369443 0.0301046 0.0237833 0.0181062 0.0131827 0.00910095 0.00590434 0.0035678
 0.00846991 0.0135879 0.020145 0.0280141 0.0369546 0.0465069 0.0559048 0.0641853 0.0704751 0.0742387 0.0753321 0.0739159 0.0703504 0.0651156 0.0587347 0.0516996 0.0444237 0.0372296 0.0303588 0.0239921 0.0182707 0.0133098 0.00919689 0.00597353 0.00361426
 0.00838296 0.0134584 0.0199717 0.027802 0.0367121 0.0462405 0.0556175 0.0638785 0.0701547 0.0739198 0.0750411 0.0736872 0.0702205 0.0651147 0.0588775 0.0519779 0.0448048 0.0376631 0.0307909 0.02438 0.0185904 0.0135554 0.00937407 0.00609378 0.00369057
 0.00821092 0.0132134 0.0196676 0.0274741 0.0364074 0.0460023 0.0554705 0.0638235 0.0701711 0.0739738 0.075097 0.0737195 0.070223 0.0651035 0.0588835 0.052034 0.0449309 0.037858 0.031033 0.0246364 0.0188292 0.0137547 0.00952541 0.0061991 0.003758
 0.00803366 0.0129329 0.019262 0.026934 0.0357451 0.0452603 0.0547265 0.0631793 0.0697246 0.0737856 0.0751695 0.074002 0.0706368 0.0655718 0.0593537 0.0524827 0.0453573 0.0382687 0.0314295 0.0250096 0.0191624 0.0140318 0.00973783 0.00634839 0.00385391
 0.00797043 0.0128163 0.0190608 0.0266109 0.0352658 0.0446095 0.0539238 0.0622886 0.0688482 0.0730446 0.0746749 0.073824 0.0707856 0.0659974 0.0599663 0.0531847 0.0460693 0.0389409 0.0320372 0.0255416 0.0196121 0.0143945 0.0100126 0.00654146 0.00397854
 0.00874263 0.013912 0.0204129 0.0280529 0.0365735 0.045572 0.0544038 0.0622436 0.0683194 0.0721328 0.0735187 0.0725802 0.0696047 0.0649968 0.05921 0.0526792 0.045778 0.0388079 0.0320084 0.0255754 0.0196793 0.0144743 0.0100898 0.00660602 0.00402596
 0.00952579 0.0151562 0.0222211 0.0304735 0.0395589 0.0489318 0.0577823 0.0651655 0.0703147 0.0728901 0.0729817 0.0709387 0.0672019 0.0622151 0.0563851 0.050056 0.0435013 0.0369351 0.0305346 0.0244605 0.0188688 0.0139111 0.00971895 0.00637686 0.00389424
 0.00928805 0.0148989 0.0220743 0.0306425 0.0402747 0.0503653 0.0599584 0.0679172 0.0732963 0.0756465 0.0750573 0.0719978 0.0671207 0.0611049 0.0545354 0.047829 0.041229 0.0348571 0.0287832 0.023078 0.0178382 0.0131836 0.00923377 0.00607296 0.00371685
 0.00893664 0.0143385 0.0212612 0.0295699 0.0390057 0.049067 0.058909 0.0674533 0.0736961 0.0769966 0.0771795 0.0744868 0.0694776 0.0629018 0.0555374 0.0480304 0.0408047 0.0340665 0.0278753 0.0222323 0.0171494 0.0126771 0.00889223 0.00586042 0.0035947
 0.00885411 0.01419 0.0210101 0.029171 0.0384147 0.0482604 0.0579128 0.0663697 0.0727134 0.0763618 0.0771267 0.0751384 0.0707678 0.0645728 0.0572246 0.0493963 0.0416518 0.0343764 0.0277696 0.0218924 0.0167412 0.0123098 0.00861415 0.00567551 0.00348462
 0.00861676 0.0138317 0.0205208 0.0285562 0.0376885 0.0474368 0.0570035 0.0653946 0.0717188 0.0754394 0.0764186 0.0748151 0.0709743 0.0653595 0.0584998 0.0509358 0.0431726 0.035637 0.0286449 0.022387 0.0169476 0.0123467 0.00857924 0.00562738 0.00344756
 0.00850263 0.0136408 0.020225 0.0281292 0.0371153 0.0467255 0.0561933 0.0645503 0.0709129 0.0747323 0.0758541 0.074434 0.0708315 0.0655211 0.0590124 0.0517831 0.0442513 0.0367782 0.0296723 0.0231796 0.0174705 0.0126385 0.00871339 0.00567497 0.00345783
 0.00841253 0.0135081 0.0200495 0.0279162 0.0368696 0.0464447 0.0558658 0.0641628 0.0704637 0.074242 0.0753655 0.0740019 0.0705107 0.0653614 0.0590558 0.052056 0.0447466 0.03744 0.0304005 0.0238607 0.0180175 0.0130166 0.0089377 0.00578832 0.0035059
 0.00838729 0.0134585 0.01996 0.0277691 0.036652 0.0461565 0.055525 0.0638012 0.0701136 0.0739236 0.0750839 0.0737566 0.0703084 0.0652231 0.059014 0.052144 0.0449847 0.0378215 0.0308851 0.0243806 0.0184982 0.0134023 0.00920689 0.00595174 0.00359215
 0.00839927 0.0134681 0.0199555 0.0277319 0.036559 0.0459866 0.0552666 0.0634588 0.0697117 0.0735037 0.0746951 0.0734417 0.070093 0.0651146 0.0590095 0.0522402 0.045181 0.0381146 0.0312584 0.0247987 0.0189125 0.013765 0.0094868 0.00614192 0.00370577
 0.00843101 0.013515 0.0200166 0.0278013 0.0366252 0.0460318 0.0552682 0.0633931 0.0695609 0.0732647 0.0743852 0.0730974 0.0697613 0.0648399 0.0588231 0.052157 0.0452027 0.0382337 0.0314599 0.0250583 0.0191966 0.0140364 0.00971484 0.00631046 0.00381532
 0.008518 0.0136494 0.0202054 0.0280454 0.0369177 0.0463573 0.0556 0.0636938 0.0697863 0.0733724 0.0743455 0.0729028 0.0694314 0.0644189 0.0583699 0.0517311 0.0448518 0.0379863 0.0313241 0.0250243 0.0192402 0.0141256 0.00981734 0.00640185 0.00388316
 0.0084725 0.0135934 0.0201543 0.0280242 0.0369545 0.0464712 0.0557926 0.0639456 0.0700621 0.0736302 0.0745447 0.0730106 0.069428 0.0643026 0.0581592 0.0514627 0.0445719 0.0377392 0.0311418 0.0249201 0.019209 0.0141483 0.00986902 0.00645978 0.0039323
 0.0085317 0.013673 0.0202444 0.0281086 0.0370185 0.0465137 0.0558311 0.0640109 0.0701813 0.0738087 0.0747587 0.0732145 0.0695712 0.0643472 0.0580907 0.0512918 0.0443302 0.0374702 0.030889 0.0247168 0.019071 0.0140736 0.00984305 0.00646289 0.00394717
 0.00852108 0.013657 0.0202218 0.028077 0.0369725 0.046444 0.0557276 0.0638701 0.0700161 0.0736523 0.0746564 0.0732041 0.0696637 0.0645189 0.0582937 0.0514749 0.0444585 0.0375342 0.0309019 0.0247031 0.0190547 0.0140694 0.00985371 0.00648336 0.00396978
 0.00869673 0.0139105 0.0205439 0.0284386 0.0373329 0.0467631 0.0559758 0.0640296 0.0700768 0.0736106 0.0745181 0.0729898 0.0694082 0.0642619 0.0580647 0.0512837 0.0442964 0.0373857 0.0307574 0.0245644 0.0189317 0.0139726 0.00978805 0.00644599 0.0039529
 0.00936771 0.0149554 0.0220273 0.0303796 0.0396911 0.0494232 0.0587362 0.066614 0.0721823 0.0749788 0.0749966 0.0725589 0.0681703 0.062408 0.0558307 0.048905 0.0419715 0.0352558 0.0289054 0.0230267 0.0177129 0.0130555 0.00913843 0.00601718 0.00369159
 0.00948656 0.0151966 0.0224784 0.0311498 0.0408822 0.0510838 0.0608177 0.068955 0.0745325 0.0770511 0.0765273 0.0733584 0.0681567 0.061617 0.0544014 0.0470434 0.0399051 0.033192 0.0270038 0.0213888 0.016386 0.0120435 0.0084145 0.00553442 0.00339385
 0.00914225 0.0146663 0.0217407 0.0302201 0.0398271 0.0500324 0.0599599 0.0685096 0.0746809 0.0778618 0.0779128 0.0750914 0.0699381 0.0631621 0.0555093 0.0476313 0.0400037 0.0329131 0.0264947 0.0207916 0.0158099 0.0115551 0.00804138 0.00527505 0.0032295
 0.00926006 0.0147642 0.0217168 0.0299266 0.0391155 0.0488257 0.0583154 0.0666368 0.0728992 0.0765162 0.0772783 0.0752962 0.0709274 0.0647161 0.0573118 0.0493645 0.041431 0.0339215 0.027089 0.0210552 0.0158567 0.0114906 0.0079414 0.00518256 0.00316134
 0.00971319 0.0154398 0.0226134 0.0309851 0.0402134 0.0497826 0.0589152 0.0666769 0.0722664 0.0752587 0.0756256 0.0735996 0.0695422 0.0638817 0.057085 0.0496293 0.0419688 0.0345033 0.0275497 0.0213244 0.0159461 0.0114578 0.00785196 0.00508604 0.0030838
 0.00987104 0.0157415 0.0231471 0.0318507 0.0414853 0.0514541 0.0608521 0.0686129 0.0738581 0.076183 0.0756822 0.0727794 0.0680355 0.062019 0.0552292 0.0480616 0.0408196 0.0337526 0.0270847 0.0210149 0.0156994 0.0112341 0.00765034 0.00491981 0.00296201
 0.00919316 0.0147643 0.0219128 0.0304908 0.0401997 0.0504666 0.0603604 0.068743 0.0746237 0.0774597 0.077219 0.0742631 0.0691912 0.0627014 0.0554578 0.0479851 0.0406313 0.0336042 0.0270405 0.0210595 0.0157794 0.0113012 0.00768317 0.00492168 0.00294737
#obs surv len freq
 nan nan nan nan nan nan nan nan nan nan nan nan nan nan nan nan nan nan nan nan nan nan nan nan nan
 0.00449014 0.007354 0.0111863 0.0160043 0.0217055 0.0279804 0.0342929 0.0400221 0.0446993 0.0481606 0.0505161 0.0520096 0.0528997 0.0534102 0.053723 0.0539768 0.0542545 0.0545467 0.0546851 0.0542769 0.0527151 0.0493478 0.0437985 0.0362798 0.027665
 0.00461668 0.00756389 0.0115095 0.0164699 0.0223346 0.0287741 0.0352221 0.0410243 0.0456887 0.0490461 0.0512185 0.0524738 0.0530989 0.0533451 0.0534169 0.0534678 0.0535869 0.0537636 0.0538259 0.0533791 0.051818 0.048495 0.0430355 0.0356452 0.0271799
 0.00478402 0.00783559 0.011918 0.0170459 0.0231018 0.0297408 0.0363703 0.0423039 0.0470198 0.0503293 0.0523494 0.0533568 0.0536598 0.0535402 0.053237 0.0529359 0.0527497 0.0526823 0.0525682 0.0520161 0.0504259 0.0471552 0.0418285 0.0346375 0.0264083
 0.00497019 0.00814139 0.012384 0.0177115 0.0239975 0.0308758 0.0377205 0.0438079 0.0485879 0.05186 0.0537425 0.0545196 0.0545095 0.0540078 0.0532748 0.0525253 0.0519062 0.0514538 0.0510307 0.050268 0.0485836 0.0453466 0.0401799 0.0332517 0.0253432
 0.00517692 0.00848064 0.0129006 0.0184497 0.0249926 0.0321413 0.0392341 0.0455056 0.0503721 0.0536169 0.0553599 0.0558973 0.0555622 0.0546651 0.0534806 0.0522407 0.051116 0.0501756 0.0493227 0.0482326 0.0463641 0.0431154 0.0381135 0.0314973 0.0239864
 0.00541047 0.00886117 0.0134751 0.0192627 0.0260787 0.0335123 0.0408652 0.0473303 0.0522901 0.0555119 0.0571169 0.0574126 0.0567473 0.0554467 0.0537991 0.0520498 0.0503854 0.0489006 0.0475378 0.0460266 0.043887 0.0405673 0.0357129 0.0294342 0.0223777
 0.00565411 0.00926028 0.0140813 0.0201259 0.0272372 0.0349778 0.0426073 0.0492716 0.0543182 0.0575015 0.0589496 0.0589876 0.057982 0.0562736 0.0541625 0.0519029 0.0496917 0.0476415 0.0457294 0.0437405 0.0412659 0.0378212 0.0330862 0.0271497 0.0205804
 0.00588758 0.00964514 0.0146705 0.0209723 0.0283839 0.0364415 0.0443619 0.0512418 0.0563899 0.0595434 0.0608352 0.060608 0.0592508 0.0571255 0.054548 0.0517821 0.0490316 0.0464204 0.0439525 0.0414645 0.0386206 0.0350127 0.0303668 0.0247596 0.0186837
 0.00614746 0.0100677 0.0153068 0.0218703 0.0295799 0.0379467 0.0461472 0.0532321 0.0584728 0.0615892 0.0627173 0.0622157 0.0604958 0.0579422 0.0548904 0.0516181 0.0483374 0.0451809 0.0421735 0.0391953 0.0359797 0.0321956 0.0276221 0.0223312 0.0167445
 0.0063758 0.0104461 0.0158892 0.0227112 0.0307226 0.0394055 0.0478905 0.0551775 0.0605009 0.0635685 0.0645257 0.0637523 0.0616816 0.0587176 0.0552122 0.0514553 0.0476682 0.0439935 0.0404752 0.0370323 0.0334603 0.0295009 0.0249858 0.0199876 0.0148638
 0.00661447 0.0108352 0.0164773 0.0235446 0.0318374 0.0408141 0.0495666 0.0570492 0.0624585 0.0654834 0.0662717 0.0652208 0.0627899 0.0594102 0.0554561 0.0512323 0.0469683 0.0428137 0.0388275 0.034962 0.0310677 0.0269514 0.0224944 0.0177712 0.0130819
 0.0068297 0.0111905 0.0170216 0.0243263 0.032894 0.0421563 0.0511629 0.0588218 0.0642957 0.0672625 0.067879 0.066562 0.0637924 0.0600225 0.0556458 0.0509833 0.0462757 0.041682 0.0372752 0.0330356 0.0288601 0.0246119 0.0202149 0.0157455 0.011453
 0.00706736 0.0115774 0.0176049 0.0251497 0.0339889 0.0435279 0.0527756 0.060594 0.0661104 0.0689897 0.0693985 0.0677783 0.0646404 0.060466 0.0556715 0.0505928 0.0454794 0.0404963 0.035727 0.0311748 0.0267743 0.0224353 0.0181163 0.0138933 0.00996999
 0.00729592 0.0119524 0.0181751 0.0259613 0.0350751 0.0448924 0.0543774 0.0623433 0.0678827 0.0706514 0.0708302 0.0688888 0.0653699 0.0607848 0.0555751 0.0500953 0.0446055 0.039277 0.0342008 0.0293964 0.0248277 0.02044 0.0162178 0.0122338 0.00865008
 0.0074311 0.0121804 0.0185339 0.0264921 0.0358148 0.0458606 0.0555625 0.0636961 0.0693211 0.0720739 0.072132 0.0699743 0.0661627 0.061233 0.0556532 0.0498012 0.0439553 0.0383 0.0329385 0.0279064 0.0231907 0.0187633 0.0146266 0.0108468 0.00754968
 0.00750736 0.0123031 0.0187169 0.0267504 0.0361643 0.0463181 0.0561423 0.064404 0.0701485 0.0729921 0.0730906 0.0709041 0.0669846 0.0618694 0.0560392 0.0498924 0.0437315 0.0377651 0.0321191 0.0268522 0.0219758 0.0174849 0.0133946 0.00976355 0.0066861
 0.00760449 0.0124507 0.0189202 0.0270077 0.0364689 0.0466614 0.056516 0.064803 0.0705717 0.0734431 0.0735728 0.071413 0.0674991 0.062348 0.0564245 0.0501223 0.0437525 0.0375437 0.0316496 0.0261598 0.0211167 0.0165413 0.0124618 0.00893104 0.00601652
 0.00769083 0.012591 0.0191302 0.0272997 0.0368467 0.0471138 0.0570129 0.0652987 0.0710183 0.073807 0.0738455 0.0716099 0.0676467 0.0624674 0.0565181 0.0501692 0.0437144 0.0373778 0.0313247 0.0256702 0.0204892 0.0158328 0.0117474 0.00828504 0.00549266
 0.00773359 0.0126565 0.019222 0.0274195 0.0369961 0.047295 0.0572283 0.0655472 0.0712913 0.0740869 0.0741088 0.0718353 0.0678233 0.0625967 0.0566085 0.050225 0.0437267 0.0373235 0.0311752 0.0254059 0.0201131 0.0153757 0.011262 0.00782985 0.00511409
 0.00776613 0.012705 0.0192867 0.0274979 0.0370834 0.0473862 0.0573199 0.0656388 0.0713863 0.0741907 0.0742265 0.0719671 0.067962 0.0627307 0.0567254 0.050315 0.043781 0.0373308 0.03112 0.0252735 0.019899 0.015094 0.0109454 0.00752016 0.00484842
 0.00782675 0.0127935 0.0194011 0.0276297 0.0372193 0.0475121 0.057424 0.0657138 0.0714302 0.0742077 0.0742267 0.0719634 0.0679668 0.0627503 0.0567585 0.0503531 0.0438114 0.0373389 0.0310913 0.0251956 0.0197665 0.014913 0.0107352 0.0073087 0.00466256
 0.00785167 0.0128344 0.0194628 0.0277154 0.0373287 0.0476382 0.0575523 0.0658243 0.0715043 0.0742353 0.0742104 0.0719174 0.0679105 0.0627018 0.0567291 0.0503451 0.0438184 0.0373481 0.0310869 0.0251634 0.0196977 0.0148081 0.0106053 0.00717208 0.00453847
 0.00786946 0.0128582 0.0194896 0.02774 0.0373458 0.0476462 0.0575542 0.0658267 0.0715126 0.0742504 0.0742275 0.0719302 0.0679156 0.0627016 0.0567303 0.0503549 0.0438394 0.0373763 0.0311125 0.0251741 0.0196834 0.0147654 0.010539 0.00709406 0.00446261
 0.00788541 0.0128804 0.0195157 0.027765 0.037363 0.0476484 0.0575367 0.0657888 0.0714593 0.0741919 0.0741764 0.0718969 0.0679047 0.0627115 0.056756 0.0503913 0.0438828 0.0374232 0.0311576 0.0252097 0.0197018 0.0147619 0.0105149 0.00705623 0.00442068
 0.0078826 0.0128753 0.019507 0.027751 0.0373415 0.0476172 0.0574942 0.0657348 0.0713957 0.0741236 0.0741116 0.0718457 0.0678769 0.0627132 0.0567877 0.0504477 0.0439555 0.0375028 0.0312352 0.0252773 0.0197527 0.0147922 0.0105245 0.00704946 0.00440468
 0.00787566 0.0128605 0.0194785 0.0277015 0.037265 0.0475121 0.0573659 0.0655957 0.0712622 0.0740109 0.0740306 0.0718021 0.0678723 0.0627466 0.0568559 0.0505451 0.0440735 0.0376309 0.031362 0.0253922 0.0198474 0.0148618 0.0105686 0.00707168 0.00441141
 0.00790427 0.0129011 0.0195282 0.0277533 0.0373083 0.0475354 0.0573592 0.065553 0.0711836 0.0739039 0.0739091 0.0716834 0.0677723 0.0626768 0.0568219 0.0505469 0.0441071 0.0376887 0.0314342 0.0254682 0.0199172 0.0149183 0.0106083 0.00709517 0.00442222
 0.0079029 0.0129003 0.0195295 0.0277581 0.0373172 0.047546 0.0573655 0.0655464 0.0711559 0.073851 0.0738336 0.0715946 0.0676842 0.0626037 0.0567751 0.0505327 0.0441257 0.0377352 0.0315001 0.025543 0.0199907 0.014982 0.0106571 0.00712805 0.00444136
 0.00788472 0.0128708 0.0194854 0.0276973 0.0372397 0.0474556 0.0572704 0.0654577 0.0710839 0.0738013 0.0738056 0.0715832 0.0676842 0.0626129 0.0567952 0.0505675 0.0441784 0.0378059 0.0315848 0.0256343 0.0200796 0.0150603 0.0107193 0.00717242 0.00446955
 0.0078428 0.0128025 0.0193827 0.0275534 0.0370516 0.0472272 0.0570158 0.0652011 0.0708554 0.0736296 0.0737103 0.0715712 0.0677485 0.0627372 0.0569596 0.0507539 0.0443732 0.0380001 0.031772 0.0258083 0.020234 0.0151894 0.0108198 0.00724419 0.00451625
 0.00782364 0.0127667 0.0193203 0.0274525 0.0369012 0.0470227 0.0567628 0.0649179 0.0705698 0.0733736 0.0735141 0.0714571 0.0677281 0.0628087 0.057109 0.0509593 0.0446101 0.0382466 0.0320108 0.0260274 0.0204249 0.0153468 0.0109413 0.00733125 0.00457345
 0.00780512 0.0127374 0.0192772 0.0273926 0.0368207 0.0469167 0.0566268 0.0647497 0.070373 0.0731605 0.0733054 0.071279 0.0676062 0.0627617 0.0571443 0.0510712 0.0447823 0.0384564 0.0322345 0.0262443 0.0206198 0.0155098 0.0110683 0.00742287 0.00463416
 0.00777509 0.0126862 0.0191961 0.0272728 0.0366565 0.0467091 0.0563868 0.0644969 0.0701307 0.0729487 0.0731375 0.0711627 0.0675466 0.0627642 0.0572133 0.0512067 0.044977 0.0386947 0.032495 0.0265037 0.0208573 0.0157109 0.0112257 0.00753645 0.00470941
 0.00773357 0.0126191 0.019096 0.0271329 0.0364722 0.0464803 0.0561201 0.064208 0.069843 0.0726892 0.0729317 0.0710291 0.0674945 0.0627934 0.0573173 0.051376 0.0452001 0.0389576 0.0327798 0.0267895 0.0211232 0.0159396 0.0114072 0.0076688 0.00479766
 0.00933116 0.0148538 0.0217897 0.0298961 0.0388174 0.0480027 0.0566403 0.0637985 0.0687452 0.0711913 0.0712794 0.0693929 0.0659769 0.0614488 0.0561691 0.0504282 0.0444447 0.0383793 0.0323581 0.0265001 0.0209389 0.0158325 0.0113518 0.00764424 0.00478919
 0.00931269 0.0151204 0.0227134 0.0319385 0.042328 0.0529472 0.0624286 0.0693809 0.0729853 0.0733143 0.0711278 0.0673681 0.0627622 0.0577183 0.0524208 0.0469563 0.0413888 0.0357864 0.0302277 0.0248071 0.0196438 0.0148853 0.0106946 0.00721529 0.00452808
 0.00896459 0.0145741 0.0219497 0.0310099 0.0414119 0.0523816 0.0626708 0.070844 0.07579 0.0771057 0.0751195 0.0706403 0.0646452 0.0580245 0.0514135 0.0451333 0.0392483 0.0336914 0.028382 0.023293 0.0184704 0.0140233 0.0100962 0.0068254 0.0042914
 0.00880774 0.0143049 0.0215192 0.0303671 0.0405236 0.0512674 0.0614464 0.0697494 0.0751678 0.0773052 0.0763398 0.0727843 0.067288 0.0605524 0.0532721 0.0460394 0.0392461 0.0330511 0.0274361 0.0223119 0.0176155 0.0133593 0.00962476 0.0065164 0.00410431
 0.00872737 0.0141707 0.0213096 0.0300569 0.0400858 0.0506794 0.0607017 0.0688757 0.0742487 0.0764944 0.0758513 0.0728369 0.0680087 0.0618824 0.0549451 0.0476689 0.0404828 0.0337177 0.0275614 0.0220648 0.0171997 0.0129338 0.00927628 0.00627024 0.00394969
 0.00870488 0.0141318 0.0212464 0.0299589 0.0399408 0.0504735 0.0604217 0.0685115 0.0737987 0.0759766 0.0753179 0.0723853 0.0677713 0.0619848 0.055441 0.0484888 0.0414403 0.0345815 0.0281549 0.0223301 0.0171934 0.0127711 0.00906802 0.00608733 0.00381937
 0.00868734 0.0141 0.0211923 0.0298732 0.0398146 0.0503019 0.060206 0.0682585 0.0735181 0.0756775 0.0750103 0.0720872 0.0675202 0.0618411 0.0554749 0.0487465 0.0419073 0.03517 0.0287327 0.0227776 0.0174525 0.0128562 0.00903924 0.0060115 0.00374328
 0.00870321 0.0141272 0.0212353 0.0299355 0.0398956 0.0503937 0.0602913 0.0683131 0.073517 0.0756033 0.0748581 0.0718666 0.0672542 0.0615666 0.0552409 0.0486065 0.0419009 0.0353012 0.0289602 0.0230292 0.0176573 0.0129752 0.00907413 0.00599133 0.00370202
 0.00869274 0.0141129 0.0212188 0.0299206 0.0398878 0.0503985 0.0603128 0.0683508 0.0735641 0.0756457 0.0748773 0.0718451 0.0671826 0.0614492 0.0550976 0.0484703 0.041809 0.0352818 0.029019 0.0231441 0.0177881 0.013083 0.00913829 0.0060131 0.00369657
 0.00866226 0.0140648 0.0211495 0.0298286 0.039775 0.0502721 0.0601856 0.0682405 0.0734886 0.0756174 0.0748972 0.0719023 0.0672572 0.0615195 0.0551485 0.0484995 0.041828 0.0353098 0.0290723 0.0232264 0.0178878 0.0131794 0.00921295 0.00605844 0.0037163
 0.00864044 0.014029 0.0210953 0.0297518 0.0396733 0.0501466 0.0600428 0.068093 0.0733537 0.075513 0.0748386 0.0718969 0.0673029 0.0616042 0.055254 0.0486075 0.0419269 0.0353977 0.0291547 0.0233099 0.0179733 0.0132608 0.00928126 0.0061072 0.00374508
 0.00864244 0.0140304 0.0210937 0.0297437 0.0396541 0.0501121 0.0599901 0.0680221 0.0732679 0.0754198 0.0747485 0.0718229 0.0672565 0.0615925 0.0552767 0.0486574 0.0419927 0.0354688 0.0292249 0.0233771 0.0180372 0.0133199 0.00933188 0.00614588 0.00377065
 0.00865171 0.0140461 0.0211182 0.029779 0.0397006 0.0501665 0.060045 0.0680663 0.0732894 0.0754097 0.074705 0.0717513 0.0671688 0.0615035 0.0552007 0.0486038 0.0419646 0.0354635 0.0292364 0.0233993 0.0180651 0.0133495 0.00935969 0.00616899 0.00378736
 0.00862541 0.0140077 0.0210686 0.0297222 0.039643 0.0501158 0.0600081 0.0680478 0.0732905 0.0754271 0.0747309 0.0717768 0.0671866 0.0615113 0.0552014 0.048604 0.041971 0.0354803 0.0292639 0.0234345 0.0181036 0.0133868 0.00939233 0.00619485 0.0038058
 0.00862136 0.013997 0.0210453 0.029679 0.0395744 0.0500219 0.0598978 0.0679377 0.0732001 0.0753717 0.0747171 0.0718007 0.0672371 0.0615748 0.0552663 0.0486636 0.042024 0.0355287 0.0293105 0.0234806 0.0181483 0.0134278 0.00942722 0.00622202 0.00382499
 0.00862136 0.013997 0.0210453 0.029679 0.0395744 0.0500219 0.0598978 0.0679377 0.0732001 0.0753717 0.0747171 0.0718007 0.0672371 0.0615748 0.0552663 0.0486636 0.042024 0.0355287 0.0293105 0.0234806 0.0181483 0.0134278 0.00942722 0.00622202 0.00382499
 0.00905199 0.0146783 0.0220318 0.0309986 0.0412111 0.0518954 0.0618504 0.0697475 0.0746285 0.0762299 0.0749157 0.071362 0.0662707 0.0602375 0.0537241 0.0470651 0.0404861 0.0341334 0.0281072 0.0224919 0.0173752 0.0128548 0.00902685 0.00596013 0.00366581
 0.00918593 0.0149364 0.0224936 0.031759 0.0423524 0.0534449 0.0637413 0.0718099 0.0766196 0.0778909 0.0760311 0.0718016 0.0660093 0.0593501 0.0523606 0.0454123 0.0387296 0.0324291 0.0265679 0.0211851 0.0163288 0.012065 0.0084672 0.00558986 0.00343861
 0.00879933 0.0143322 0.0216359 0.0306482 0.0410452 0.0520729 0.062515 0.070984 0.0764169 0.0784141 0.0772115 0.0734169 0.0677591 0.0609484 0.0536071 0.0462217 0.0391219 0.0324938 0.0264216 0.0209372 0.0160617 0.011829 0.0082846 0.00546305 0.00335886
 0.00867852 0.0140898 0.0211884 0.0298955 0.0399037 0.0505257 0.060657 0.0690327 0.0746744 0.0771913 0.0767434 0.0737957 0.0689065 0.0626378 0.0555311 0.0480806 0.0406967 0.0336806 0.0272219 0.02142 0.0163211 0.0119516 0.0083342 0.00547929 0.00336243
 0.0087539 0.0141942 0.021308 0.0299957 0.0399251 0.0503865 0.0602662 0.0683202 0.0736339 0.0759172 0.0754341 0.0727094 0.0682793 0.0626019 0.0560691 0.0490382 0.0418445 0.0347941 0.0281446 0.0220872 0.0167457 0.0121898 0.00845148 0.00552936 0.00338051
 0.00906542 0.0146946 0.0220464 0.0310035 0.0411976 0.0518578 0.06179 0.0696766 0.0745732 0.0762316 0.0750285 0.0716414 0.0667522 0.0609086 0.0545045 0.0478123 0.0410335 0.0343477 0.0279397 0.0219949 0.0166772 0.0121089 0.00835966 0.00544254 0.00331183
 0.00879176 0.0143003 0.0215489 0.0304576 0.0406872 0.0514784 0.0616272 0.0697837 0.0749492 0.0768065 0.0756693 0.0721883 0.0670757 0.0609615 0.0543403 0.0475568 0.0408247 0.0342754 0.0280172 0.0221722 0.0168815 0.0122824 0.00847713 0.00550695 0.00333976
#pred catch len freq
 0.00352896 0.00565381 0.00838935 0.0117366 0.0157177 0.0203449 0.0255544 0.0311748 0.0369548 0.0426166 0.0479013 0.0526035 0.0565945 0.0598162 0.0622413 0.0638263 0.0644868 0.0641029 0.0625338 0.0596276 0.0552361 0.0492763 0.0418611 0.0334348 0.0247858
 0.00381753 0.00605317 0.00886593 0.0122277 0.0161646 0.0207351 0.0259419 0.0316514 0.03758 0.0433466 0.0485672 0.0529602 0.0564199 0.0590117 0.0608899 0.0621823 0.0629002 0.0629029 0.0619155 0.0595905 0.0556051 0.049796 0.0423095 0.0336988 0.0248663
 0.00397339 0.00632885 0.00931692 0.0129061 0.017092 0.0218716 0.0271744 0.0328251 0.0385648 0.0440934 0.0491033 0.0533214 0.0565734 0.0588413 0.0602632 0.0610574 0.0613942 0.0612721 0.0604556 0.0585139 0.0549656 0.0494996 0.0421945 0.0336267 0.0247709
 0.0041439 0.00659648 0.00970662 0.0134471 0.0178258 0.0228539 0.0284579 0.0344192 0.0403913 0.045972 0.0507928 0.0546001 0.0573067 0.0589891 0.0598377 0.0600863 0.0599322 0.0594425 0.0584652 0.0566058 0.053336 0.0482357 0.0412754 0.0329743 0.0243063
 0.00432015 0.00687764 0.0101205 0.0140181 0.0185746 0.0237969 0.0296069 0.0357809 0.041963 0.0477251 0.0526446 0.0563933 0.0588225 0.0600003 0.0601747 0.0596777 0.0588084 0.0577206 0.0563338 0.0543032 0.0511073 0.046277 0.0396941 0.0317878 0.0234709
 0.00449702 0.00716163 0.0105425 0.0146078 0.0193593 0.0247973 0.0308291 0.0372097 0.0435591 0.049429 0.0543825 0.0580766 0.0603392 0.0612072 0.0609052 0.059775 0.0581735 0.0563534 0.0543479 0.0519108 0.0485769 0.0438744 0.0376245 0.0301608 0.0222996
 0.00473829 0.00753694 0.0110775 0.0153198 0.0202607 0.0258986 0.0321361 0.0387141 0.0452278 0.0511986 0.0561612 0.0597559 0.0618067 0.0623536 0.0616225 0.0599532 0.0577125 0.0551945 0.0525157 0.0495398 0.0459027 0.0411853 0.0351908 0.0281705 0.0208267
 0.00504161 0.0080086 0.0117481 0.0162057 0.0213649 0.0272115 0.0336338 0.0403551 0.0469542 0.0529403 0.0578405 0.0612895 0.0631078 0.0633348 0.0621981 0.0600407 0.0572348 0.0540939 0.0507831 0.0472509 0.0432371 0.0384068 0.0325863 0.025973 0.0191591
 0.00537902 0.00854033 0.012518 0.0172458 0.0226931 0.0288266 0.0355057 0.0424161 0.0490988 0.0550377 0.0597541 0.0628974 0.064317 0.064085 0.0624541 0.0597785 0.0564306 0.0527261 0.0488523 0.0448147 0.0404396 0.0354797 0.0298061 0.023587 0.0173167
 0.00563198 0.00895294 0.0131429 0.0181363 0.0238975 0.0303758 0.0373961 0.0445948 0.0514592 0.0574276 0.0619945 0.0648092 0.0657496 0.0649383 0.0626844 0.0593872 0.0554429 0.0511746 0.0467792 0.0422928 0.0376027 0.0325339 0.0270037 0.0211645 0.0154273
 0.00591906 0.00939893 0.0137783 0.0189837 0.0249773 0.0317119 0.0390111 0.0464929 0.0536029 0.05972 0.0642785 0.0668876 0.0674225 0.0660412 0.0631153 0.0591126 0.0544863 0.0495969 0.0446643 0.0397504 0.0347828 0.0296366 0.0242617 0.0187947 0.0135728
 0.00615012 0.00976756 0.0143205 0.0197294 0.0259474 0.0329132 0.0404307 0.0480963 0.0553394 0.0615275 0.0660827 0.0685932 0.0689075 0.0671653 0.0637433 0.0591434 0.0538734 0.048354 0.0428594 0.0374992 0.0322457 0.0270141 0.0217739 0.0166406 0.0118823
 0.0064049 0.0101688 0.0149014 0.0205156 0.0269562 0.034151 0.0418849 0.0497259 0.0570703 0.0632592 0.0677037 0.07 0.0700163 0.0679126 0.064077 0.0590155 0.0532448 0.0472096 0.0412264 0.0354594 0.0299384 0.0246249 0.0195079 0.0146804 0.0103451
 0.00671705 0.0106585 0.0156062 0.0214609 0.0281544 0.0355984 0.0435538 0.0515562 0.0589669 0.0650992 0.0693512 0.0713261 0.0709206 0.0683376 0.0640091 0.0584729 0.0522593 0.0458165 0.03947 0.0334093 0.0277057 0.022363 0.0173912 0.0128655 0.00893057
 0.00700492 0.0111073 0.016247 0.0223132 0.0292272 0.0368902 0.0450474 0.0532089 0.0607042 0.066815 0.0709179 0.0726122 0.0718119 0.0687566 0.0639258 0.0579019 0.0512481 0.0444298 0.0377806 0.0315006 0.0256808 0.0203499 0.015531 0.0112836 0.0077042
 0.0071273 0.0113165 0.0165812 0.0228154 0.0299374 0.0378322 0.0462152 0.0545604 0.062165 0.0682901 0.0723029 0.0738025 0.0727109 0.0692859 0.064035 0.0575762 0.0505083 0.0433267 0.0363867 0.0299043 0.0239855 0.0186716 0.0139886 0.00997824 0.00669589
 0.00711294 0.0113087 0.0166004 0.0228962 0.0301272 0.0381856 0.0467822 0.0553707 0.0632108 0.0695145 0.0736022 0.0750455 0.0737669 0.0700495 0.0644384 0.0575903 0.0501385 0.0426078 0.0353783 0.0286873 0.0226573 0.01734 0.0127592 0.00893711 0.00589246
