SBPRF35
7.78865
Curr Bio
569611
B35
652822
F35
0.226413
FOFL
0.196352
OFL
84894.8
Bzero
2.22533e+006
#pred survey bio
 3.60542e+006 3.25269e+006 2.89344e+006 2.55633e+006 2.21042e+006 1.95105e+006 1.70877e+006 1.48857e+006 1.29524e+006 1.15392e+006 1.02515e+006 902246 809287 749993 704124 667744 639358 620735 602854 585938 577495 560191 549262 547426 554943 560743 557023 552419 550340 552033 541401 531557 522417 511029 508856 517813 527764 533809 539977 553976 564050 560999 569663 565670 562513 561297 568117 570791 573182 574719 566065 556239 559966 568874 1.99337e+007 1.24489e+007 1.30167e+007 1.37355e+007 1.44919e+007 1.5184e+007 1.57654e+007 1.62276e+007 1.65816e+007 1.68463e+007 1.70412e+007 1.71835e+007 1.72871e+007 1.73625e+007 1.74176e+007 1.7458e+007 1.74878e+007 1.75099e+007 1.75264e+007 1.75388e+007 1.75482e+007 1.75552e+007 1.75606e+007 1.75647e+007 1.75679e+007 1.75703e+007 1.75721e+007 1.75735e+007 1.75746e+007 1.75754e+007 1.75761e+007 1.75766e+007 1.7577e+007 1.75773e+007 1.75775e+007 1.75777e+007 1.75778e+007 1.75779e+007 1.7578e+007 1.75781e+007 1.75781e+007 1.75782e+007 1.75782e+007 1.75782e+007 1.75782e+007 1.75783e+007 1.75783e+007 1.75783e+007 1.75783e+007 1.75783e+007 1.75783e+007 1.75783e+007 1.75783e+007 1.75783e+007 1.75783e+007 1.75783e+007 1.75783e+007 1.75783e+007 1.75783e+007 1.75783e+007 1.75783e+007 1.75783e+007 1.75783e+007 1.75783e+007 1.75783e+007 1.75783e+007 1.75783e+007 1.75783e+007 1.75783e+007 1.75783e+007 1.75783e+007 1.75783e+007 1.75783e+007 1.75783e+007 1.75783e+007 1.75783e+007 1.75783e+007 1.75783e+007 1.75783e+007 1.75783e+007 1.75783e+007 1.75783e+007 1.75783e+007 1.75783e+007 1.75783e+007 1.75783e+007 1.75783e+007 1.75783e+007 1.75783e+007 1.75783e+007 1.75783e+007 1.75783e+007 1.75783e+007 1.75783e+007 1.75783e+007 1.75783e+007 1.75783e+007 1.75783e+007 1.75783e+007 1.75783e+007 0 0 0 0 0 0 0 0 0 0 0 0 0 0 0 0 0 0 0 0 0 0 0 0 0
#obs survey bio
 2.2428e+006 3.05287e+006 3.07288e+006 3.07638e+006 1.94129e+006 1.86624e+006 1.46038e+006 1.78795e+006 979613 897102 815580 828908 910542 715483 455111 586091 461960 448240 530549 531297 540324 481216 763971 468346 504858 433496 433696 526073 620728 430636 589497 727162 603095 494971 547061 451884 538626 621640 457447 697077 561877 579696 680283 569184 434921 530537 510158 486337 648549 742314 810229 493739 509767 554915
#pred catch bio
 229408 271014 287113 327950 277732 285232 283754 273867 238245 233497 230411 204046 173809 160525 149251 138404 126928 123602 120022 110717 116338 109250 100822 93137.8 94594 101377 100255 95821.1 89711.8 96469.7 91827.6 89827.9 94503.8 91097.9 84980.4 85782.3 89257.4 88824.6 82878.8 87501.4 99119.6 89522.1 100462 99824.3 98668.6 92566.8 96687.4 97187.3 97935.1 106234 107309 98220.3 98746.5 109885 84894.8 100032 103678 108407 113738 118659 122704 125801 128059 129648 130736 131466 131948 132262 132464 132594 132676 132728 132761 132781 132794 132802 132807 132810 132812 132813 132814 132814 132815 132815 132815 132815 132815 132815 132815 132815 132815 132815 132815 132815 132815 132815 132815 132815 132815 132815 132815 132815 132815 132815 132815 132815 132815 132815 132815 132815 132815 132815 132815 132815 132815 132815 132815 132815 132815 132815 132815 132815 132815 132815 132815 132815 132815 132815 132815 132815 132815 132815 132815 132815 132815 132815 132815 132815 132815 132815 132815 132815 132815 132815 132815 132815 132815 132815 132815 132815 132815 132815 132815 132815 0 0 0 0 0 0 0 0 0 0 0 0 0 0 0 0 0 0 0 0 0 0 0 0 0
#obs catch bio
 253135 272173 287866 331090 279056 288396 286642 277676 242114 238838 234759 208100 176501 162963 152767 139864 128365 125143 121195 111401 117533 110394 101821 94136.9 95800 102607 101138 97040.5 90175.7 97141.1 92018.2 89754.1 94518.8 91047.9 84948.3 85730.9 89103.9 88385.2 82352.5 87091.4 99077 89142.7 100061 99372.3 98731 92456.1 96679.8 97165.5 97676.2 105779 106788 97713.2 98075.1 109972
#pred cpue bio
 3.5385e+006 3.1874e+006 2.83013e+006 2.49476e+006 2.15173e+006 1.89429e+006 1.65405e+006 1.43595e+006 1.2446e+006 1.10473e+006 978001 857605 766755 709050 664686 630035 603266 585606 568632 552619 544709 528114 517612 515879 523189 529089 525931 521850 520465 522995 513573 504705 495381 482594 479095 487549 497523 503790 509977 523399 532952 529894 538280 534415 531161 529781 536343 538942 541268 542817 534387 524441 527043 534282 1.86967e+007 1.16921e+007 1.22092e+007 1.28619e+007 1.3594e+007 1.42806e+007 1.4861e+007 1.53229e+007 1.56769e+007 1.59416e+007 1.61365e+007 1.62788e+007 1.63824e+007 1.64578e+007 1.65129e+007 1.65533e+007 1.65831e+007 1.66052e+007 1.66217e+007 1.66341e+007 1.66435e+007 1.66505e+007 1.66559e+007 1.666e+007 1.66632e+007 1.66656e+007 1.66674e+007 1.66688e+007 1.66699e+007 1.66707e+007 1.66714e+007 1.66719e+007 1.66723e+007 1.66726e+007 1.66728e+007 1.6673e+007 1.66731e+007 1.66732e+007 1.66733e+007 1.66734e+007 1.66734e+007 1.66735e+007 1.66735e+007 1.66735e+007 1.66735e+007 1.66736e+007 1.66736e+007 1.66736e+007 1.66736e+007 1.66736e+007 1.66736e+007 1.66736e+007 1.66736e+007 1.66736e+007 1.66736e+007 1.66736e+007 1.66736e+007 1.66736e+007 1.66736e+007 1.66736e+007 1.66736e+007 1.66736e+007 1.66736e+007 1.66736e+007 1.66736e+007 1.66736e+007 1.66736e+007 1.66736e+007 1.66736e+007 1.66736e+007 1.66736e+007 1.66736e+007 1.66736e+007 1.66736e+007 1.66736e+007 1.66736e+007 1.66736e+007 1.66736e+007 1.66736e+007 1.66736e+007 1.66736e+007 1.66736e+007 1.66736e+007 1.66736e+007 1.66736e+007 1.66736e+007 1.66736e+007 1.66736e+007 1.66736e+007 1.66736e+007 1.66736e+007 1.66736e+007 1.66736e+007 1.66736e+007 1.66736e+007 1.66736e+007 1.66736e+007 1.66736e+007 1.66736e+007 1.66736e+007 0 0 0 0 0 0 0 0 0 0 0 0 0 0 0 0 0 0 0 0 0 0 0 0 0
#obs cpue bio
 1.86742e+006 2.9908e+006 2.89614e+006 1.38946e+006 2.40721e+006 1.26272e+006 1.98043e+006 862110 977432 827611 1.37189e+006 642188 591452 606226 467730 1.1846e+006 618352 647116 664348 596375 455497 482078 311931 425920 424021 683635 711931 341455 630228 643796 583908 443706 444315 513133 414985 585782 569808 599006 670539 397194 467417 566765 553186 552461 495970 592944 600474 630346 566157 528637 419203 594969 689557 366092
#pred surv len freq
 0.0051656 0.00833326 0.0124453 0.0174601 0.0232605 0.0295841 0.0359785 0.0418871 0.0468411 0.0506064 0.0531919 0.0547594 0.0555311 0.0557283 0.055532 0.0550603 0.054367 0.0534492 0.0522328 0.0505292 0.048003 0.0442379 0.0389426 0.0322134 0.0246599
 0.00554281 0.0088866 0.0131732 0.018339 0.0242737 0.0307543 0.0373749 0.0435863 0.0488528 0.0528105 0.0553324 0.0565137 0.0566196 0.0560081 0.055031 0.0539437 0.0528613 0.0517571 0.0504756 0.0487362 0.0461538 0.0423292 0.0370381 0.0304422 0.0231639
 0.00575596 0.00927089 0.0138174 0.0193388 0.0256985 0.0326042 0.0395549 0.0459274 0.0511763 0.0549894 0.0573007 0.0582154 0.0579495 0.0568036 0.0551301 0.0532669 0.0514568 0.0497817 0.0481281 0.0461934 0.0435456 0.0397594 0.0346181 0.0283003 0.0214165
 0.00599162 0.00964047 0.0143532 0.0200745 0.0266776 0.0338837 0.0411914 0.047942 0.0535137 0.0574999 0.0597655 0.0604067 0.0596851 0.0579618 0.0556282 0.0530425 0.0504805 0.0480891 0.0458366 0.0434848 0.0406299 0.0368455 0.0318995 0.0259424 0.0195339
 0.00637453 0.0102416 0.0152179 0.0212302 0.0281305 0.0356151 0.0431556 0.0500709 0.0557293 0.0597237 0.0619128 0.0623699 0.0613263 0.0591284 0.0561831 0.0528883 0.049569 0.0464265 0.0434941 0.0406075 0.037432 0.0335849 0.0288383 0.0233005 0.0174491
 0.00666004 0.0107019 0.0159034 0.0221854 0.0293859 0.0371741 0.044981 0.0520801 0.0578072 0.0617488 0.0637812 0.0640052 0.0626701 0.0601206 0.0567459 0.052928 0.0489953 0.0451823 0.0415844 0.0381211 0.0345471 0.0305509 0.0259317 0.0207656 0.0154428
 0.0069755 0.0112053 0.0166443 0.0232058 0.0307148 0.0388188 0.0469126 0.054224 0.0600445 0.0639313 0.0657563 0.0656408 0.0638743 0.0608461 0.0569769 0.0526556 0.0481999 0.0438367 0.0396801 0.0357058 0.0317534 0.0275958 0.0230796 0.0182639 0.0134576
 0.00733765 0.0117789 0.0174797 0.0243409 0.0321701 0.0405891 0.0489556 0.0564531 0.0623346 0.0661351 0.0677238 0.0672373 0.0649946 0.0614255 0.0569936 0.0521217 0.047143 0.042285 0.0376639 0.0332802 0.0290286 0.0247528 0.0203485 0.0158698 0.011557
 0.00767551 0.0123234 0.0182902 0.0254691 0.0336503 0.0424221 0.0510919 0.058786 0.0647118 0.0683857 0.0696855 0.068776 0.0660145 0.0618725 0.0568538 0.051415 0.0459127 0.040586 0.035559 0.0308482 0.0263826 0.022053 0.0177911 0.0136455 0.00979832
 0.00782067 0.0125731 0.0186924 0.0260799 0.0345249 0.0435993 0.0525754 0.0605318 0.0666279 0.0703426 0.0715339 0.0703674 0.0672209 0.0626021 0.0570575 0.0510839 0.0450703 0.0392796 0.0338545 0.0288323 0.0241705 0.0197925 0.0156514 0.0117863 0.00832878
 0.00803297 0.0129055 0.0191705 0.026723 0.0353481 0.0446139 0.0537841 0.0619193 0.0681505 0.0719231 0.0730657 0.0717268 0.0682875 0.0632773 0.0572783 0.0508265 0.0443465 0.03813 0.0323434 0.0270466 0.0222222 0.0178178 0.0137984 0.0101885 0.00707355
 0.00825421 0.0132691 0.0197238 0.02751 0.0363974 0.045922 0.055301 0.0635484 0.0697688 0.0734101 0.0743249 0.0726916 0.0689138 0.0635364 0.0571538 0.0503164 0.0434662 0.0369146 0.0308483 0.0253487 0.0204209 0.0160315 0.0121518 0.00878911 0.0059869
 0.00845902 0.0135854 0.0201704 0.0280971 0.03713 0.0468028 0.0563264 0.0646984 0.0709952 0.0746332 0.0754432 0.0736031 0.0695392 0.0638315 0.0571081 0.0499418 0.0427867 0.0359624 0.0296669 0.0239985 0.0189827 0.0146034 0.0108365 0.00767406 0.00512393
 0.00853653 0.0137116 0.0203604 0.0283644 0.0374835 0.047243 0.0568434 0.0652744 0.0716109 0.0752728 0.0760915 0.0742351 0.0701122 0.0642877 0.0573874 0.0499975 0.0425949 0.0355237 0.0290045 0.023157 0.0180271 0.013615 0.0099022 0.00686887 0.00449442
 0.00841416 0.0135485 0.0201815 0.0282161 0.037422 0.0473154 0.0570711 0.0656473 0.0720946 0.0758218 0.0766619 0.0747918 0.0706288 0.0647404 0.0577482 0.0502323 0.0426694 0.0354135 0.0287046 0.0226875 0.0174326 0.0129594 0.00925718 0.0062987 0.00404136
 0.00849207 0.0136335 0.020235 0.0281833 0.0372558 0.0470082 0.056676 0.0652696 0.071852 0.0757961 0.0768702 0.075191 0.0711428 0.0652901 0.0582684 0.0506742 0.0429957 0.035596 0.0287268 0.0225508 0.0171613 0.0125989 0.00886489 0.00593025 0.0037371
 0.00861531 0.0138203 0.0204881 0.0284885 0.0375765 0.0472845 0.0568327 0.0652399 0.0716116 0.0753895 0.0764057 0.0747995 0.0709238 0.0652764 0.0584267 0.0509319 0.0432726 0.0358247 0.0288619 0.0225707 0.0170689 0.012419 0.00863725 0.00569832 0.00353578
 0.00859686 0.0138035 0.0204868 0.0285228 0.0376659 0.0474366 0.0570327 0.0654466 0.0717657 0.0754328 0.0763069 0.0745743 0.0706363 0.0650159 0.0582703 0.0509132 0.0433733 0.0359903 0.0290278 0.0226852 0.0171054 0.0123778 0.00853989 0.00557586 0.00341739
 0.00862179 0.0138342 0.0205157 0.0285397 0.0376639 0.0474196 0.0570191 0.0654627 0.0718303 0.0755415 0.0764274 0.074659 0.0706465 0.0649441 0.058146 0.0507877 0.0432929 0.035974 0.0290621 0.0227367 0.0171398 0.0123753 0.00849982 0.00551204 0.00334839
 0.00869626 0.0139438 0.0206588 0.0287057 0.0378342 0.0475713 0.0571299 0.0655173 0.0718266 0.0754932 0.0763581 0.0745892 0.0705822 0.064876 0.0580605 0.0506817 0.0431796 0.0358752 0.0289937 0.0226991 0.0171199 0.0123563 0.00847125 0.00547355 0.00330665
 0.00871063 0.0139652 0.0206872 0.0287389 0.0378676 0.0475975 0.0571393 0.0655001 0.0717765 0.0754118 0.0762577 0.0744912 0.0705094 0.0648431 0.058068 0.0507175 0.0432272 0.035923 0.0290378 0.0227395 0.0171551 0.0123822 0.00848409 0.00547297 0.00329657
 0.00878567 0.0140852 0.0208636 0.0289795 0.0381737 0.0479592 0.0575316 0.0658826 0.0720996 0.0756283 0.0763348 0.0744193 0.0703046 0.0645427 0.0577192 0.0503648 0.0429027 0.0356439 0.0288096 0.0225608 0.0170209 0.0122851 0.00841532 0.00542458 0.00326264
 0.00887844 0.0142184 0.0210319 0.0291681 0.0383637 0.0481366 0.0576922 0.0660306 0.0722396 0.0757568 0.0764371 0.0744731 0.0702894 0.0644489 0.0575537 0.0501492 0.0426662 0.0354142 0.0286067 0.0223948 0.0168933 0.0121921 0.00835038 0.0053808 0.00323394
 0.00890419 0.0142578 0.0210859 0.0292341 0.0384344 0.0481993 0.0577312 0.0660321 0.0722006 0.07569 0.076368 0.0744281 0.0702824 0.0644747 0.0575925 0.0501783 0.0426715 0.035394 0.0285689 0.0223506 0.0168519 0.0121584 0.00832546 0.0053634 0.00322222
 0.00871266 0.0139792 0.0207276 0.0288242 0.0380142 0.0478103 0.0574045 0.0657857 0.0720417 0.0756202 0.0763873 0.0745366 0.0704786 0.0647508 0.0579293 0.0505454 0.043033 0.0357185 0.0288371 0.0225569 0.0170014 0.0122612 0.0083927 0.00540493 0.0032461
 0.00859417 0.0137838 0.0204303 0.0284053 0.0374696 0.0471644 0.0567181 0.0651482 0.0715465 0.0753338 0.0763307 0.0746882 0.0707921 0.0651749 0.0584196 0.0510647 0.0435485 0.0362 0.0292593 0.0229037 0.017268 0.0124532 0.00852222 0.00548661 0.00329402
 0.0085597 0.0137317 0.020358 0.02831 0.0373454 0.0469999 0.0564989 0.064866 0.0712115 0.0749822 0.076019 0.0744743 0.0707139 0.0652386 0.0586032 0.0513314 0.0438595 0.0365216 0.0295642 0.0231715 0.0174863 0.0126179 0.00863708 0.00556055 0.00333785
 0.00834705 0.0134271 0.0199759 0.0278899 0.0369404 0.0466583 0.0562479 0.0647068 0.071125 0.0749414 0.0760027 0.0744776 0.07075 0.065331 0.0587709 0.0515774 0.0441676 0.0368621 0.0299043 0.0234828 0.0177492 0.0128232 0.00878502 0.00565867 0.00339753
 0.00821095 0.0131952 0.01961 0.0273555 0.0362237 0.0457876 0.0553073 0.0638252 0.0704381 0.0745446 0.0759219 0.074673 0.071146 0.0658502 0.0593552 0.0521905 0.0447863 0.0374656 0.030469 0.0239847 0.0181691 0.0131516 0.00902363 0.00581885 0.00349634
 0.00799973 0.0128737 0.0191651 0.0267857 0.0355338 0.0449842 0.0544029 0.0628525 0.0694664 0.0736827 0.075298 0.0743949 0.0712612 0.0663299 0.0601101 0.0531065 0.0457575 0.038412 0.0313368 0.02474 0.0187924 0.0136364 0.00937629 0.00605685 0.00364427
 0.00801784 0.0128793 0.0191302 0.0266713 0.0353013 0.0446127 0.0539007 0.0622556 0.068824 0.0730435 0.0747073 0.0739029 0.070927 0.0662106 0.0602373 0.0534687 0.0463007 0.0390576 0.0320053 0.0253671 0.0193354 0.014073 0.00970226 0.00628171 0.00378674
 0.00871572 0.0138631 0.0203303 0.0279243 0.0363915 0.0453412 0.0541455 0.0619949 0.0681233 0.0720243 0.073515 0.0726793 0.0697924 0.0652551 0.0595204 0.0530187 0.0461132 0.0390953 0.0322056 0.0256571 0.0196484 0.01436 0.00993508 0.00645166 0.00389889
 0.009362 0.0148858 0.0218082 0.0298873 0.038786 0.0479932 0.0567465 0.0641453 0.0694432 0.0722847 0.0727154 0.0710284 0.0676147 0.0628841 0.0572269 0.050985 0.0444378 0.0378092 0.0312888 0.025055 0.0192883 0.0141674 0.00984613 0.00641888 0.00389185
 0.00932738 0.0149291 0.0220577 0.0305242 0.0399977 0.0498948 0.0593032 0.0671347 0.07248 0.0749021 0.0744794 0.071654 0.0670436 0.0612904 0.0549469 0.048407 0.0419022 0.035553 0.0294363 0.0236374 0.0182728 0.0134859 0.00941791 0.00616762 0.00375464
 0.00905715 0.014523 0.021516 0.0298896 0.0393699 0.0494379 0.0592322 0.0676647 0.073738 0.0768379 0.0768304 0.0739991 0.0689319 0.0623857 0.055124 0.0477633 0.0406922 0.034086 0.0279841 0.0223814 0.0172959 0.0127926 0.00896597 0.00589629 0.00360463
 0.00885703 0.0141934 0.0210139 0.0291778 0.0384329 0.0483064 0.0580079 0.0665295 0.0729319 0.076601 0.0773228 0.0752256 0.0707082 0.0643747 0.0569393 0.0490959 0.041402 0.0342165 0.0277059 0.0219048 0.0167964 0.0123757 0.0086689 0.00571042 0.00350121
 0.00869254 0.0139386 0.0206526 0.0286998 0.0378314 0.047577 0.0571552 0.0655825 0.0719627 0.075736 0.0767318 0.0750815 0.0711234 0.0653404 0.0583023 0.050596 0.0427589 0.035226 0.0282961 0.0221291 0.0167797 0.0122491 0.00852675 0.00559932 0.00343119
 0.00874075 0.0139877 0.0206729 0.0286459 0.037655 0.0472453 0.0566655 0.0649636 0.0712641 0.0750171 0.0760601 0.0745396 0.0708095 0.0653471 0.0586758 0.0512976 0.0436596 0.0361448 0.0290672 0.022659 0.0170641 0.0123485 0.0085223 0.00555742 0.00338958
 0.00887444 0.0141846 0.020929 0.0289393 0.0379447 0.0474751 0.0567713 0.0648873 0.0709727 0.0745188 0.0754097 0.0738268 0.0701392 0.0648209 0.0583754 0.051268 0.0438906 0.0365655 0.0295642 0.0231166 0.0174048 0.0125512 0.00861182 0.00557785 0.00338034
 0.00882372 0.0141208 0.020867 0.0289023 0.0379557 0.0475429 0.0568797 0.0649945 0.0710227 0.0744609 0.0752173 0.0735094 0.0697428 0.0644177 0.0580467 0.0510834 0.0438892 0.0367433 0.0298731 0.0234798 0.0177442 0.0128138 0.00878151 0.00566845 0.00341893
 0.00873304 0.013988 0.0206952 0.0287068 0.037763 0.0473867 0.0567946 0.0650055 0.0711334 0.0746444 0.0754185 0.0736623 0.0697959 0.0643562 0.0578981 0.0509069 0.0437526 0.0366977 0.0299353 0.0236295 0.0179362 0.0129993 0.00892711 0.0057634 0.00347049
 0.00875072 0.0140162 0.0207368 0.028765 0.0378414 0.0474897 0.0569268 0.06517 0.0713285 0.0748595 0.0756303 0.0738347 0.069887 0.0643308 0.057744 0.0506444 0.0434321 0.0363833 0.0296828 0.023468 0.0178631 0.0129891 0.00894751 0.00578917 0.00348915
 0.00870445 0.0139379 0.0206139 0.0285853 0.0375978 0.047187 0.0565874 0.0648343 0.0710481 0.0746842 0.0755945 0.0739467 0.0701249 0.0646467 0.0580766 0.0509379 0.0436535 0.0365299 0.0297761 0.0235378 0.0179313 0.0130621 0.00901916 0.00584983 0.00353282
 0.00881333 0.014102 0.0208362 0.0288579 0.0379015 0.0474927 0.0568584 0.0650323 0.071142 0.0746617 0.0754675 0.0737488 0.0698984 0.064428 0.0578854 0.0507747 0.0435067 0.036388 0.0296369 0.0234097 0.0178272 0.0129902 0.00897879 0.00583283 0.00352892
 0.00882542 0.0141346 0.0209086 0.0289944 0.0381231 0.0478051 0.0572416 0.0654397 0.0715116 0.0749333 0.0756 0.0737295 0.0697443 0.064178 0.0575872 0.0504705 0.043224 0.0361383 0.0294219 0.0232289 0.0176812 0.0128807 0.0089044 0.00578814 0.00350554
 0.00882096 0.0141262 0.0208948 0.0289762 0.0381078 0.047809 0.0572895 0.0655569 0.0717098 0.0751982 0.0758893 0.0739855 0.0699144 0.0642335 0.0575299 0.0503272 0.0430324 0.0359339 0.0292295 0.0230619 0.0175454 0.012777 0.00883121 0.0057411 0.00347847
 0.00878523 0.0140656 0.0207992 0.0288352 0.0379142 0.0475639 0.0570085 0.0652728 0.0714694 0.0750518 0.075875 0.0741141 0.0701626 0.0645497 0.0578523 0.0506049 0.0432386 0.0360664 0.0293026 0.023095 0.0175557 0.0127765 0.00882724 0.00573739 0.00347631
 0.00875274 0.0140213 0.0207477 0.0287848 0.0378723 0.0475319 0.0569785 0.0652305 0.0714027 0.0749605 0.0757761 0.0740371 0.0701378 0.0645938 0.0579599 0.0507501 0.0433869 0.036189 0.0293851 0.0231384 0.0175701 0.0127746 0.00881898 0.00572885 0.00347004
 0.00872155 0.013972 0.0206768 0.0286912 0.0377596 0.0474097 0.0568618 0.0651362 0.0713426 0.0749359 0.0757777 0.074053 0.0701624 0.0646317 0.0580211 0.0508405 0.0435013 0.0363114 0.0294965 0.0232249 0.0176274 0.0128065 0.00883357 0.00573386 0.00347092
 0.00874405 0.0140002 0.0207036 0.028705 0.0377468 0.0473604 0.0567748 0.0650205 0.0712159 0.0748191 0.0756887 0.0740012 0.0701476 0.064647 0.0580588 0.0508958 0.0435716 0.0363928 0.0295811 0.0233025 0.0176896 0.0128498 0.0088595 0.00574718 0.00347671
 0.00897111 0.0143371 0.0211502 0.0292382 0.0383249 0.0479315 0.0572843 0.0654171 0.0714576 0.0748816 0.0755718 0.0737287 0.0697604 0.0641932 0.0575837 0.0504368 0.0431558 0.0360371 0.0292926 0.0230795 0.0175241 0.0127311 0.00877719 0.00569231 0.00344209
 0.00940102 0.0149788 0.0220084 0.0302765 0.0394727 0.0490972 0.0583674 0.0663167 0.0720845 0.0751734 0.0755069 0.07333 0.0690876 0.0633287 0.0566176 0.0494531 0.0422232 0.0352044 0.0285878 0.0225124 0.01709 0.0124153 0.00855951 0.00555083 0.00335597
 0.00967045 0.0154048 0.0226247 0.0311006 0.0404954 0.0502707 0.0595976 0.0674709 0.0730192 0.0757731 0.0757121 0.0731436 0.0685617 0.0625443 0.0556671 0.0484277 0.0412041 0.034257 0.0277579 0.0218254 0.0165523 0.0120181 0.00828332 0.00537097 0.00324689
 0.00935207 0.0149901 0.0221909 0.0307837 0.0404534 0.0506239 0.0603763 0.0685986 0.0743355 0.07708 0.0768221 0.0739167 0.0689275 0.0625055 0.0552858 0.0478016 0.0404411 0.0334555 0.0269965 0.0211578 0.0160076 0.0116034 0.00798905 0.00517686 0.00312838
#obs surv len freq
 0.00496284 0.00813197 0.0123744 0.0177049 0.0239971 0.0308832 0.0377342 0.0438235 0.0485996 0.0518625 0.0537333 0.0544998 0.0544831 0.0539806 0.0532523 0.0525111 0.0519014 0.0514577 0.0510414 0.0502832 0.0486011 0.0453645 0.0401964 0.0332657 0.0253541
 0.0051889 0.00849618 0.0129169 0.0184622 0.024997 0.0321361 0.0392219 0.0454925 0.0503644 0.0536171 0.0553656 0.0559027 0.0555616 0.0546558 0.053464 0.0522211 0.0510985 0.050164 0.0493183 0.0482348 0.0463712 0.0431251 0.0381238 0.0315065 0.0239938
 0.00541467 0.00886953 0.0134902 0.0192871 0.0261132 0.0335544 0.0409079 0.0473645 0.0523083 0.055512 0.0571027 0.0573912 0.0567245 0.0554246 0.0537767 0.0520257 0.0503602 0.0488764 0.0475173 0.0460118 0.0438781 0.0405632 0.035712 0.0294349 0.022379
 0.00563352 0.00923026 0.0140427 0.0200822 0.0271939 0.0349414 0.0425834 0.0492636 0.0543256 0.05752 0.0589723 0.0590081 0.0579973 0.0562844 0.0541711 0.0519112 0.0497005 0.0476512 0.0457406 0.0437543 0.0412828 0.0378405 0.0331061 0.0271679 0.0205953
 0.00588243 0.00963235 0.0146433 0.0209228 0.0283055 0.0363339 0.0442341 0.0511114 0.0562779 0.0594671 0.0608024 0.0606162 0.05929 0.0571834 0.0546141 0.0518501 0.0490987 0.0464861 0.0440171 0.0415282 0.0386831 0.0350724 0.0304213 0.024806 0.01872
 0.0061262 0.0100364 0.0152652 0.0218195 0.0295204 0.0378769 0.0460636 0.0531314 0.0583566 0.0614674 0.0626068 0.0621356 0.0604596 0.0579534 0.0549425 0.0516988 0.0484338 0.0452835 0.0422764 0.0392955 0.0360752 0.032284 0.0277004 0.0223963 0.0167945
 0.00637519 0.0104417 0.0158766 0.0226847 0.0306772 0.0393401 0.047809 0.0550875 0.0604104 0.0634823 0.064446 0.063681 0.0616242 0.0586829 0.0552084 0.0514857 0.0477293 0.0440769 0.0405709 0.0371318 0.0335574 0.0295907 0.0250646 0.0200524 0.0149132
 0.00660239 0.0108174 0.0164536 0.0235154 0.0318025 0.0407721 0.0495146 0.0569845 0.0623809 0.0653973 0.0661851 0.0651428 0.062728 0.0593696 0.0554403 0.0512443 0.0470092 0.0428812 0.0389157 0.0350625 0.0311712 0.0270498 0.0225814 0.0178424 0.0131356
 0.00685403 0.0112269 0.0170707 0.0243865 0.032962 0.0422275 0.0512319 0.0588814 0.0643373 0.0672773 0.0678604 0.0665085 0.0637094 0.059921 0.0555398 0.0508861 0.046198 0.04163 0.0372503 0.0330348 0.0288767 0.0246384 0.0202442 0.0157723 0.0114745
 0.00705389 0.011559 0.0175836 0.0251294 0.0339741 0.0435217 0.0527783 0.0606033 0.0661228 0.0690016 0.0694068 0.0677802 0.0646332 0.0604482 0.0556443 0.0505611 0.0454503 0.0404773 0.0357237 0.0311886 0.0268026 0.0224725 0.0181557 0.0139292 0.00999861
 0.0072763 0.0119215 0.0181307 0.0259028 0.0350044 0.044815 0.0543023 0.0622817 0.0678446 0.0706418 0.0708474 0.0689252 0.0654158 0.0608309 0.0556151 0.0501264 0.0446288 0.0392965 0.0342219 0.0294233 0.0248616 0.0204791 0.0162578 0.01227 0.00867916
 0.00743312 0.0121819 0.0185326 0.026485 0.0357984 0.0458327 0.0555234 0.0636491 0.0692728 0.0720322 0.0721041 0.0699644 0.0661706 0.0612543 0.055681 0.0498289 0.0439787 0.0383183 0.0329537 0.0279218 0.023209 0.0187852 0.0146504 0.0108696 0.00756898
 0.00753167 0.0123423 0.0187751 0.02683 0.036265 0.0464344 0.0562624 0.0645115 0.070226 0.0730275 0.0730807 0.0708552 0.066909 0.0617809 0.0559489 0.0498069 0.0436536 0.0376954 0.032058 0.0268007 0.0219354 0.0174562 0.0133766 0.00975416 0.00668239
 0.00761315 0.0124695 0.0189571 0.0270725 0.0365705 0.0468032 0.0566919 0.064996 0.0707575 0.0735954 0.07367 0.0714433 0.0674622 0.0622546 0.0562924 0.0499711 0.043599 0.0373997 0.0315217 0.0260511 0.0210284 0.0164731 0.0124125 0.00889796 0.00599611
 0.00766264 0.0125451 0.0190619 0.0272063 0.0367305 0.0469852 0.0568918 0.0652108 0.0709872 0.0738444 0.0739454 0.0717508 0.0677993 0.0626049 0.056623 0.0502358 0.0437468 0.0373854 0.0313178 0.0256571 0.0204754 0.0158213 0.0117396 0.00828069 0.00549094
 0.00772025 0.0126335 0.0191848 0.0273633 0.0369164 0.0471902 0.0571023 0.0654111 0.0711635 0.0739896 0.0740629 0.0718526 0.0679019 0.0627207 0.056753 0.0503649 0.0438438 0.0374102 0.0312327 0.0254408 0.020133 0.015387 0.0112689 0.00783463 0.00511768
 0.00778248 0.0127273 0.0193122 0.027521 0.0370965 0.0473816 0.0572919 0.0655849 0.0713085 0.0740964 0.0741287 0.0718826 0.0679078 0.0627178 0.0567547 0.0503768 0.0438585 0.0374067 0.0311824 0.0253176 0.0199264 0.0151092 0.0109532 0.00752415 0.00485065
 0.0078377 0.0128132 0.019434 0.0276798 0.0372885 0.0475969 0.0575135 0.0657911 0.0714771 0.0742114 0.0741839 0.0718822 0.0678635 0.0626452 0.05667 0.0502931 0.0437821 0.0373341 0.0311002 0.0252078 0.0197755 0.0149169 0.0107351 0.00730673 0.00466038
 0.00786521 0.0128567 0.019497 0.0277647 0.037396 0.0477247 0.0576561 0.0659386 0.0716166 0.0743294 0.0742688 0.0719274 0.0678681 0.0626144 0.0566134 0.0502219 0.0437061 0.0372579 0.0310217 0.0251192 0.019668 0.0147874 0.0105899 0.00716061 0.00453037
 0.00786494 0.0128543 0.0194901 0.0277504 0.0373725 0.0476934 0.0576229 0.0659133 0.07161 0.0743491 0.0743165 0.0719976 0.0679502 0.0626962 0.0566847 0.0502767 0.043743 0.0372778 0.0310249 0.0251042 0.0196321 0.0147297 0.0105149 0.00707808 0.00445233
 0.00788269 0.0128737 0.0195019 0.0277406 0.0373263 0.0476021 0.0574892 0.0657531 0.0714484 0.0742138 0.0742306 0.0719745 0.0679914 0.0627912 0.0568152 0.0504217 0.0438838 0.0374009 0.0311224 0.0251721 0.0196691 0.0147373 0.0104982 0.00704558 0.00441424
 0.00788737 0.0128822 0.0195155 0.0277596 0.0373476 0.0476174 0.0574848 0.065714 0.0713656 0.0740911 0.0740871 0.071839 0.0678929 0.062749 0.0568338 0.0504917 0.0439866 0.0375156 0.0312306 0.0252607 0.0197313 0.0147718 0.0105084 0.00703836 0.0043978
 0.00789189 0.0128843 0.0195094 0.0277374 0.0373022 0.0475465 0.0573934 0.0656124 0.0712649 0.0739982 0.0740041 0.071767 0.0678369 0.0627191 0.0568413 0.0505429 0.0440784 0.0376354 0.0313604 0.0253826 0.0198318 0.0148442 0.0105526 0.00705938 0.00440315
 0.00789518 0.0128879 0.0195112 0.0277337 0.0372877 0.047515 0.0573395 0.065534 0.0711653 0.0738869 0.0738948 0.0716733 0.0677685 0.0626811 0.0568359 0.0505711 0.0441394 0.0377248 0.0314683 0.0254953 0.0199352 0.0149277 0.0106117 0.00709529 0.00442121
 0.00788065 0.0128639 0.0194744 0.0276809 0.0372169 0.0474262 0.0572358 0.0654217 0.0710523 0.0737815 0.0738045 0.0716052 0.0677287 0.0626741 0.0568632 0.0506313 0.0442284 0.0378362 0.0315937 0.0256241 0.0200557 0.01503 0.0106896 0.00714817 0.00445282
 0.00787848 0.0128588 0.0194641 0.0276619 0.0371856 0.0473798 0.0571738 0.0653461 0.0709677 0.0736941 0.0737213 0.071533 0.0676736 0.0626411 0.0568562 0.0506521 0.0442766 0.0379085 0.0316839 0.0257236 0.0201545 0.0151185 0.010761 0.00719978 0.00448595
 0.00786069 0.0128316 0.0194262 0.0276132 0.0371268 0.0473124 0.0570996 0.0652678 0.0708891 0.0736199 0.0736566 0.0714827 0.0676418 0.0626306 0.0568685 0.0506873 0.0443336 0.0379846 0.0317744 0.0258218 0.0202522 0.0152072 0.0108344 0.00725452 0.00452262
 0.00782297 0.0127703 0.0193341 0.0274849 0.0369603 0.0471127 0.0568805 0.0650512 0.0706998 0.073479 0.0735762 0.0714649 0.0676809 0.0627166 0.05699 0.0508335 0.0444951 0.0381532 0.0319429 0.025983 0.0203989 0.0153332 0.010935 0.00732863 0.00457237
 0.00779687 0.0127233 0.0192552 0.0273613 0.0367817 0.0468758 0.056595 0.0647405 0.0703974 0.0732208 0.0733924 0.0713742 0.0676881 0.0628134 0.0571587 0.0510519 0.0447409 0.0384073 0.0321899 0.0262112 0.0205996 0.0155002 0.0110655 0.00742333 0.00463558
 0.00778345 0.0126971 0.0192076 0.027281 0.0366568 0.0466979 0.0563629 0.0644635 0.0700953 0.0729223 0.0731305 0.0711809 0.0675875 0.0628169 0.0572625 0.0512393 0.0449869 0.0386843 0.0324723 0.0264781 0.0208358 0.0156965 0.0112181 0.00753353 0.00470891
 0.00774461 0.0126371 0.0191228 0.0271698 0.0365185 0.0465325 0.0561713 0.0642487 0.0698644 0.0726871 0.0729088 0.0709944 0.0674593 0.0627667 0.0573019 0.0513681 0.0451922 0.0389432 0.0327571 0.0267613 0.0210948 0.0159157 0.01139 0.00765808 0.00479187
 0.00933324 0.0148583 0.0217985 0.0299119 0.0388427 0.0480388 0.0566864 0.0638508 0.0687968 0.071234 0.0713054 0.0693978 0.0659615 0.0614188 0.0561329 0.050393 0.0444139 0.0383521 0.0323322 0.0264738 0.0209129 0.0158091 0.011333 0.00763105 0.00478106
 0.00932014 0.0151335 0.0227351 0.0319718 0.0423755 0.0530095 0.0625034 0.0694625 0.0730653 0.073384 0.0711789 0.0673944 0.0627603 0.057689 0.0523689 0.0468897 0.0413164 0.0357157 0.030163 0.0247503 0.0195954 0.0148458 0.0106641 0.00719361 0.00451405
 0.0089863 0.014605 0.0219883 0.0310523 0.0414535 0.0524192 0.062704 0.0708752 0.0758221 0.0771397 0.0751534 0.0706692 0.064663 0.0580261 0.0513962 0.0450979 0.0391988 0.0336341 0.0283233 0.0232381 0.0184225 0.0139842 0.0100662 0.00680396 0.00427733
 0.00880184 0.0142992 0.0215174 0.0303746 0.040545 0.0513037 0.0614933 0.069798 0.0752094 0.0773346 0.0763574 0.0727941 0.0672941 0.0605559 0.0532711 0.0460306 0.0392272 0.0330224 0.0274004 0.0222736 0.0175789 0.0133276 0.00959951 0.00649799 0.00409202
 0.00874465 0.014196 0.0213425 0.0300959 0.040129 0.0507258 0.0607518 0.0689298 0.0743048 0.0765469 0.0758921 0.0728586 0.0680081 0.0618614 0.0549092 0.0476236 0.0404324 0.0336643 0.027507 0.0220117 0.0171507 0.0128917 0.00924282 0.00624581 0.00393338
 0.00871261 0.0141451 0.0212675 0.02999 0.0399827 0.0505249 0.0604784 0.0685671 0.0738471 0.0760141 0.0753437 0.0723996 0.067774 0.0619752 0.0554186 0.0484548 0.0413976 0.0345337 0.0281054 0.0222818 0.0171488 0.0127325 0.00903685 0.00606417 0.00380365
 0.00867751 0.0140875 0.0211798 0.0298656 0.0398177 0.0503202 0.060241 0.0683079 0.0735761 0.0757365 0.0750625 0.072127 0.0675447 0.0618501 0.0554695 0.0487286 0.0418791 0.0351342 0.0286925 0.0227365 0.0174135 0.0128218 0.0090111 0.00599032 0.0037287
 0.00865689 0.0140539 0.0211291 0.0297937 0.039721 0.0501966 0.0600913 0.068137 0.0733921 0.0755493 0.0748807 0.0719574 0.0673949 0.0617349 0.0554163 0.0487728 0.0420474 0.035422 0.0290538 0.023097 0.0177031 0.0130036 0.0090902 0.00599945 0.00370557
 0.00864742 0.0140386 0.0211061 0.0297612 0.0396771 0.0501399 0.060021 0.068053 0.0732955 0.0754423 0.0747671 0.0718419 0.0672837 0.0616365 0.0553431 0.0487425 0.0420794 0.0355289 0.0292294 0.0233124 0.0179148 0.0131726 0.00919774 0.00604994 0.00371778
 0.00866707 0.0140659 0.0211386 0.0297934 0.0397022 0.0501515 0.060015 0.0680281 0.0732524 0.0753823 0.0746921 0.0717544 0.0671875 0.0615377 0.0552504 0.0486678 0.0420368 0.0355313 0.0292822 0.0234081 0.0180328 0.0132867 0.00928661 0.00610533 0.00374389
 0.0086318 0.0140177 0.0210827 0.0297399 0.0396621 0.0501318 0.0600148 0.068039 0.0732631 0.0753839 0.0746808 0.0717316 0.0671568 0.0615031 0.0552159 0.0486385 0.0420197 0.0355344 0.0293122 0.0234655 0.01811 0.0133694 0.00935974 0.00615907 0.00377643
 0.00863678 0.0140206 0.021078 0.0297206 0.0396235 0.0500755 0.0599513 0.067985 0.0732335 0.0753842 0.0747045 0.0717643 0.0671838 0.0615153 0.0552122 0.0486235 0.0420014 0.0355218 0.029313 0.023484 0.0181453 0.0134149 0.00940601 0.00619776 0.00380336
 0.00864539 0.0140364 0.0211047 0.0297615 0.0396789 0.0501408 0.0600156 0.0680342 0.0732565 0.0753788 0.0746774 0.0717265 0.0671438 0.0614757 0.0551708 0.048578 0.0419527 0.0354747 0.0292742 0.0234594 0.0181372 0.0134214 0.00942148 0.00621559 0.00381852
 0.0086206 0.0140005 0.0210592 0.029711 0.0396308 0.0501033 0.0599959 0.068036 0.0732785 0.0754145 0.0747175 0.0717623 0.067171 0.0614946 0.0551835 0.0485862 0.0419567 0.0354749 0.0292726 0.0234593 0.0181417 0.0134314 0.00943556 0.00623066 0.00383158
 0.00862177 0.0139976 0.0210461 0.02968 0.0395756 0.0500233 0.0598993 0.0679394 0.0732013 0.0753717 0.0747146 0.0717946 0.0672268 0.0615601 0.0552481 0.0486435 0.0420045 0.0355132 0.0293027 0.0234832 0.0181618 0.0134495 0.00945228 0.00624547 0.00384354
 0.00862177 0.0139976 0.0210461 0.02968 0.0395756 0.0500233 0.0598993 0.0679394 0.0732013 0.0753717 0.0747146 0.0717946 0.0672268 0.0615601 0.0552481 0.0486435 0.0420045 0.0355132 0.0293027 0.0234832 0.0181618 0.0134495 0.00945228 0.00624547 0.00384354
 0.0086269 0.0140079 0.0210649 0.0297102 0.0396176 0.0500726 0.0599453 0.0679682 0.073202 0.0753421 0.0746633 0.0717368 0.067177 0.0615266 0.0552311 0.0486382 0.0420047 0.0355143 0.0293029 0.0234827 0.0181616 0.0134506 0.00945511 0.00624956 0.00384793
 0.00863305 0.0140181 0.0210807 0.0297335 0.0396504 0.0501161 0.0599993 0.0680289 0.0732616 0.0753894 0.0746872 0.0717309 0.0671429 0.0614735 0.0551714 0.0485825 0.0419584 0.0354784 0.0292754 0.0234616 0.0181457 0.0134395 0.00944826 0.00624623 0.003847
 0.00863128 0.0140171 0.0210826 0.0297414 0.0396676 0.0501449 0.0600396 0.0680787 0.0733163 0.0754436 0.0747343 0.0717637 0.0671552 0.0614623 0.0551387 0.0485348 0.041905 0.0354272 0.0292315 0.0234267 0.0181194 0.0134207 0.00943581 0.00623871 0.00384304
 0.00871585 0.0141508 0.0212761 0.0300007 0.0399909 0.0505192 0.0604378 0.0684609 0.0736377 0.0756648 0.0748315 0.0717322 0.0670071 0.0612215 0.0548348 0.0481983 0.041564 0.0351052 0.0289456 0.023187 0.0179294 0.0132783 0.00933544 0.00617257 0.00380263
 0.0088409 0.0143554 0.0215855 0.0304363 0.0405625 0.0512144 0.0612128 0.069241 0.0743316 0.0761871 0.0751219 0.0717664 0.0667963 0.0608047 0.0542686 0.0475463 0.0408864 0.0344526 0.0283559 0.0226841 0.0175242 0.0129705 0.00911587 0.00602636 0.00371236
 0.00889858 0.0144575 0.0217546 0.0306987 0.0409419 0.051722 0.0618371 0.0699428 0.0750475 0.0768398 0.0756349 0.0720771 0.0668682 0.0606336 0.0538826 0.0469978 0.0402411 0.0337773 0.0277084 0.0221076 0.0170448 0.0125978 0.00884541 0.00584405 0.0035988
 0.00891292 0.0144818 0.0217936 0.0307596 0.0410356 0.0518632 0.0620427 0.0702267 0.0754125 0.0772702 0.076093 0.0725073 0.0672082 0.0608293 0.0539017 0.0468376 0.0399279 0.0333589 0.0272421 0.0216479 0.0166343 0.0122621 0.00859302 0.0056696 0.00348823
#pred catch len freq
 0.00390257 0.00623434 0.00921326 0.0128206 0.0170574 0.0219123 0.0272904 0.0329809 0.0386908 0.0441071 0.0489478 0.0529999 0.05615 0.0583885 0.0597823 0.0604349 0.0604529 0.0599169 0.0588333 0.0570641 0.0542852 0.0500609 0.0440825 0.0364704 0.0279205
 0.00425046 0.00674936 0.00990043 0.0136677 0.0180596 0.0230993 0.0287303 0.0347419 0.0407736 0.0463861 0.051166 0.0548339 0.0573151 0.0587324 0.0593244 0.0593378 0.0589478 0.0582142 0.0570578 0.0552423 0.0523883 0.0480797 0.0420832 0.0345938 0.0263246
 0.00447061 0.00712666 0.0105018 0.0145616 0.0192956 0.0246817 0.0306038 0.0368072 0.0429273 0.048553 0.0532883 0.0568203 0.0589976 0.0598805 0.059722 0.0588758 0.0576701 0.0562915 0.05471 0.0526636 0.0497191 0.0454288 0.0395677 0.0323515 0.0244839
 0.00474011 0.00754586 0.0111024 0.0153734 0.0203567 0.0260447 0.032324 0.0389083 0.0453607 0.0511779 0.0558943 0.0591829 0.0609278 0.0612363 0.0603892 0.0587578 0.0567115 0.0545188 0.0522499 0.0497201 0.0465293 0.0422278 0.0365724 0.0297474 0.0224005
 0.00507418 0.00806652 0.011845 0.0163587 0.0215923 0.0275282 0.0340446 0.0408475 0.0474913 0.0534564 0.0582421 0.0614682 0.0629666 0.0628218 0.0613336 0.0589233 0.0560226 0.0529682 0.0499093 0.0467491 0.0431673 0.0387635 0.0332981 0.0269087 0.0201528
 0.00538064 0.00855149 0.0125512 0.0173196 0.0228299 0.0290478 0.0358254 0.0428363 0.049605 0.0555958 0.0603084 0.0633712 0.0646199 0.0641292 0.0621792 0.0591777 0.0555677 0.0517301 0.0478904 0.0440504 0.0399927 0.0353987 0.0300595 0.0240757 0.017906
 0.00572129 0.00908685 0.0133242 0.0183625 0.0241643 0.0306824 0.037747 0.0449963 0.0519122 0.0579194 0.0624949 0.0652703 0.0661108 0.0651326 0.0626494 0.0590809 0.0548637 0.0503769 0.0458731 0.0414224 0.0369069 0.0321056 0.0268638 0.021263 0.015669
 0.00610782 0.009691 0.0141897 0.0195177 0.0256229 0.0324423 0.0397834 0.0472518 0.054291 0.0602911 0.0647055 0.0671607 0.0675389 0.0659952 0.0628928 0.0586953 0.0538644 0.0487865 0.0437219 0.0387727 0.0338868 0.0289251 0.0237904 0.0185586 0.0135165
 0.00643601 0.010213 0.0149549 0.0205675 0.026987 0.0341318 0.0417781 0.049489 0.0566638 0.0626568 0.0669023 0.0690269 0.0689327 0.0668114 0.0630731 0.0582276 0.0527738 0.0471222 0.04155 0.0361828 0.0310108 0.0259505 0.020947 0.0160703 0.0115408
 0.00664148 0.0105483 0.0154635 0.0212948 0.0279768 0.0354174 0.0433684 0.0513547 0.0587292 0.0648019 0.0689739 0.0708589 0.0703706 0.0677343 0.0634062 0.0579443 0.0518894 0.0456843 0.0396322 0.0338858 0.0284702 0.023341 0.0184686 0.0139118 0.0098321
 0.00691815 0.010976 0.0160678 0.0220899 0.0289698 0.0366132 0.0447675 0.0529424 0.0604631 0.0666023 0.0707259 0.0724246 0.0716107 0.0685311 0.0636806 0.0576622 0.0510594 0.0443508 0.037869 0.0317951 0.0261842 0.0210208 0.0162895 0.0120316 0.00835445
 0.00714842 0.0113469 0.0166196 0.0228574 0.0299764 0.0378605 0.046225 0.0545449 0.0621186 0.068209 0.0721849 0.0736462 0.0725154 0.069052 0.0637684 0.0572921 0.0502352 0.0431059 0.036266 0.0299249 0.0241662 0.0189971 0.0144098 0.0104259 0.00710306
 0.00731992 0.0116115 0.0169933 0.0233511 0.0306008 0.0386308 0.0471572 0.0556431 0.0633573 0.0695217 0.0734688 0.074783 0.0733986 0.0696058 0.0639523 0.0570938 0.0496629 0.0421853 0.0350431 0.0284703 0.0225774 0.0173935 0.0129167 0.00915076 0.00611109
 0.00739858 0.0117376 0.0171798 0.0236092 0.0309387 0.0390522 0.0476608 0.0562239 0.0640096 0.0702389 0.074236 0.0755658 0.0741373 0.0702215 0.0643646 0.0572403 0.04951 0.0417304 0.0343117 0.0275149 0.0214758 0.0162438 0.0118236 0.00820511 0.00536988
 0.00728862 0.0115901 0.0170163 0.0234705 0.0308759 0.0391106 0.0478659 0.0565753 0.0644851 0.0708032 0.0748507 0.0761955 0.0747492 0.0707812 0.0648303 0.0575631 0.0496424 0.0416389 0.0339883 0.0269826 0.020788 0.0154773 0.0110651 0.00753215 0.00483386
 0.00734021 0.0116417 0.0170365 0.0234163 0.0307115 0.0388338 0.0475252 0.0562626 0.0643029 0.0708241 0.0750921 0.0766214 0.0752922 0.0713668 0.0653923 0.0580465 0.050001 0.0418356 0.0340002 0.0268091 0.0204566 0.0150413 0.0105925 0.00708923 0.00446853
 0.00742331 0.0117661 0.0172012 0.0236064 0.0308943 0.0389584 0.0475314 0.0561028 0.0639724 0.0703816 0.0746507 0.0763076 0.0751938 0.0715015 0.065711 0.058462 0.0504204 0.0421817 0.0342207 0.0268798 0.020382 0.0148525 0.0103388 0.00682409 0.00423537
 0.00741179 0.0117577 0.0172075 0.023644 0.030979 0.0390959 0.0477078 0.0562799 0.0640938 0.0703906 0.0745173 0.0760502 0.0748827 0.071234 0.0655699 0.0584809 0.0505745 0.0424055 0.0344382 0.0270305 0.0204354 0.0148102 0.0102269 0.00668045 0.00409542
 0.00743489 0.0117872 0.0172378 0.0236675 0.0309911 0.0391015 0.0477233 0.0563273 0.0641861 0.0705183 0.074644 0.0761263 0.07487 0.071129 0.0654098 0.0583259 0.0504776 0.0423871 0.0344809 0.0270934 0.0204775 0.0148076 0.0101791 0.00660412 0.0040128
 0.00747203 0.0118404 0.017304 0.0237383 0.0310535 0.0391411 0.0477289 0.0562962 0.0641281 0.0704549 0.0746 0.0761164 0.0748887 0.0711533 0.0654142 0.0583006 0.0504342 0.0423493 0.0344662 0.0271023 0.0204949 0.0148148 0.0101655 0.00657134 0.00397084
 0.0075225 0.0119162 0.0174063 0.0238626 0.03119 0.0392748 0.0478408 0.0563655 0.0641382 0.0703998 0.0744898 0.0759757 0.0747483 0.071038 0.0653338 0.0582496 0.050401 0.0423254 0.0344501 0.0270952 0.0204945 0.014815 0.0101596 0.00655683 0.00395041
 0.00757712 0.0120038 0.0175355 0.0240404 0.0314194 0.0395517 0.0481503 0.0566804 0.0644208 0.0706091 0.0745913 0.0759518 0.0746045 0.0708022 0.065047 0.0579533 0.0501258 0.0420882 0.0342563 0.0269438 0.0203812 0.0147328 0.0101006 0.00651395 0.00391882
 0.00762851 0.0120756 0.0176225 0.0241318 0.0315043 0.0396259 0.0482203 0.0567606 0.0645242 0.070737 0.0747281 0.0760687 0.0746707 0.0707966 0.0649668 0.0578137 0.0499534 0.0419108 0.0340952 0.0268103 0.0202781 0.0146575 0.0100476 0.00647752 0.00389408
 0.00761084 0.0120489 0.0175858 0.0240843 0.0314441 0.0395498 0.048125 0.0566476 0.0644052 0.0706355 0.0746738 0.0760846 0.0747604 0.0709406 0.0651303 0.0579616 0.0500632 0.041977 0.0341256 0.026818 0.020275 0.014651 0.010041 0.0064717 0.00388907
 0.00743622 0.0117946 0.0172579 0.0237075 0.0310544 0.0391829 0.0478071 0.0563931 0.0642207 0.0705254 0.0746444 0.0761446 0.074917 0.071192 0.0654591 0.0583346 0.0504389 0.0423181 0.0344084 0.0270352 0.0204316 0.014758 0.0101105 0.00651434 0.00391339
 0.00735006 0.0116521 0.0170401 0.0233987 0.0306498 0.0386973 0.0472818 0.0558908 0.0638088 0.0702551 0.0745371 0.0761933 0.0750976 0.0714759 0.0658191 0.0587437 0.0508677 0.0427347 0.0347834 0.0273477 0.0206731 0.0149318 0.0102272 0.00658737 0.00395589
