SBPRF35
7.78865
Curr Bio
562070
B35
632091
F35
0.22451
FOFL
0.205936
OFL
91335.7
Bzero
2.22533e+006
#pred survey bio
 3.62407e+006 3.27331e+006 2.91355e+006 2.57493e+006 2.227e+006 1.96555e+006 1.72134e+006 1.49944e+006 1.30468e+006 1.16218e+006 1.03244e+006 908812 815273 755519 709292 672617 644014 625224 607207 590179 581642 564258 553257 551368 558849 564625 560879 556243 554111 555736 545010 535061 525892 514546 512389 521334 531278 537320 543467 557414 567386 564150 572521 568093 564277 562072 567445 568023 567407 564671 549981 531623 523049 514118 491661 493648 505901 510407 525120 497063 494953 532325 562813 2.04092e+007 1.24605e+007 1.28009e+007 1.34216e+007 1.41734e+007 1.49088e+007 1.55502e+007 1.60716e+007 1.64762e+007 1.67809e+007 1.70059e+007 1.71702e+007 1.72894e+007 1.73759e+007 1.74387e+007 1.74845e+007 1.75181e+007 1.75429e+007 1.75613e+007 1.7575e+007 1.75853e+007 1.75931e+007 1.7599e+007 1.76034e+007 1.76069e+007 1.76095e+007 1.76115e+007 1.7613e+007 1.76142e+007 1.76151e+007 1.76158e+007 1.76163e+007 1.76167e+007 1.76171e+007 1.76173e+007 1.76175e+007 1.76177e+007 1.76178e+007 1.76179e+007 1.76179e+007 1.7618e+007 1.7618e+007 1.76181e+007 1.76181e+007 1.76181e+007 1.76181e+007 1.76181e+007 1.76181e+007 1.76181e+007 1.76182e+007 1.76182e+007 1.76182e+007 1.76182e+007 1.76182e+007 1.76182e+007 1.76182e+007 1.76182e+007 1.76182e+007 1.76182e+007 1.76182e+007 1.76182e+007 1.76182e+007 1.76182e+007 1.76182e+007 1.76182e+007 1.76182e+007 1.76182e+007 1.76182e+007 1.76182e+007 1.76182e+007 1.76182e+007 1.76182e+007 1.76182e+007 1.76182e+007 1.76182e+007 1.76182e+007 1.76182e+007 1.76182e+007 1.76182e+007 1.76182e+007 1.76182e+007 1.76182e+007 1.76182e+007 1.76182e+007 1.76182e+007 1.76182e+007 1.76182e+007 1.76182e+007 1.76182e+007 1.76182e+007 1.76182e+007 1.76182e+007 1.76182e+007 1.76182e+007 1.76182e+007 1.76182e+007 1.76182e+007 1.76182e+007 1.76182e+007 1.76182e+007 0 0 0 0 0 0 0 0 0 0 0 0 0 0 0 0 0 0 0 0 0 0 0 0 0
#obs survey bio
 2.2428e+006 3.05287e+006 3.07288e+006 3.07638e+006 1.94129e+006 1.86624e+006 1.46038e+006 1.78795e+006 979613 897102 815580 828908 910542 715483 455111 586091 461960 448240 530549 531297 540324 481216 763971 468346 504858 433496 433696 526073 620728 430636 589497 727162 603095 494971 547061 451884 538626 621640 457447 697077 561877 579696 680283 569184 434921 530537 510158 486337 648549 742314 810229 493739 509767 554915 474680 597318 499435 1.07661e+006 588322 417080 402072 573653 430109
#pred catch bio
 228764 270993 287073 327863 277630 285090 283564 273650 238052 233287 230166 203832 173633 160361 149108 138262 126804 123480 119901 110609 116218 109142 100727 93056.2 94510.2 101279 100157 95733.5 89631.4 96376.1 91740 89742 94408.4 91008.4 84902.5 85703.1 89172.3 88739.9 82805.7 87422.5 99022.7 89444.5 100367 99734.8 98587.8 92502.5 96628.6 97144.4 97918.7 106263 107409 98387.4 99055.9 110290 89620.3 81670.4 88102.3 79659.5 115871 95392.7 66825.5 76832.5 87108.5 91335.7 99935.9 101491 105185 110418 115697 120246 123835 126507 128417 129741 130637 131232 131623 131876 132039 132142 132208 132250 132276 132293 132303 132309 132313 132316 132317 132318 132319 132319 132319 132320 132320 132320 132320 132320 132320 132320 132320 132320 132320 132320 132320 132320 132320 132320 132320 132320 132320 132320 132320 132320 132320 132320 132320 132320 132320 132320 132320 132320 132320 132320 132320 132320 132320 132320 132320 132320 132320 132320 132320 132320 132320 132320 132320 132320 132320 132320 132320 132320 132320 132320 132320 132320 132320 132320 132320 132320 132320 132320 132320 132320 132320 132320 132320 132320 132320 132320 132320 132320 132320 0 0 0 0 0 0 0 0 0 0 0 0 0 0 0 0 0 0 0 0 0 0 0 0 0
#obs catch bio
 253135 272173 287866 331090 279056 288396 286642 277676 242114 238838 234759 208100 176501 162963 152767 139864 128365 125143 121195 111401 117533 110394 101821 94136.9 95800 102607 101138 97040.5 90175.7 97141.1 92018.2 89754.1 94518.8 91047.9 84948.3 85730.9 89103.9 88385.2 82352.5 87091.4 99077 89142.7 100061 99372.3 98731 92456.1 96679.8 97165.5 97676.2 105779 106788 97713.2 98075.1 109972 89239.8 81272.3 88026 78655.2 115230 95504 66684.4 76795.9 87158.8
#pred cpue bio
 3.55833e+006 3.20948e+006 2.85177e+006 2.51482e+006 2.16969e+006 1.9101e+006 1.66783e+006 1.44796e+006 1.25511e+006 1.114e+006 986247 865041 773552 715349 670590 635621 608601 590744 573613 557470 549455 532760 522174 520383 527661 533545 530359 526237 524802 527265 517738 508744 499330 486555 483115 491604 501586 507853 514025 527409 536881 533659 541792 537528 533674 531400 536655 537344 536922 534556 520573 502794 494219 485202 463167 465019 477173 481924 496262 468466 465274 500879 530599 1.92735e+007 1.17791e+007 1.20496e+007 1.25775e+007 1.32966e+007 1.40248e+007 1.4665e+007 1.51861e+007 1.55908e+007 1.58955e+007 1.61205e+007 1.62847e+007 1.6404e+007 1.64904e+007 1.65533e+007 1.65991e+007 1.66327e+007 1.66574e+007 1.66758e+007 1.66895e+007 1.66998e+007 1.67076e+007 1.67135e+007 1.6718e+007 1.67214e+007 1.6724e+007 1.6726e+007 1.67275e+007 1.67287e+007 1.67296e+007 1.67303e+007 1.67309e+007 1.67313e+007 1.67316e+007 1.67319e+007 1.67321e+007 1.67322e+007 1.67323e+007 1.67324e+007 1.67325e+007 1.67325e+007 1.67326e+007 1.67326e+007 1.67326e+007 1.67326e+007 1.67327e+007 1.67327e+007 1.67327e+007 1.67327e+007 1.67327e+007 1.67327e+007 1.67327e+007 1.67327e+007 1.67327e+007 1.67327e+007 1.67327e+007 1.67327e+007 1.67327e+007 1.67327e+007 1.67327e+007 1.67327e+007 1.67327e+007 1.67327e+007 1.67327e+007 1.67327e+007 1.67327e+007 1.67327e+007 1.67327e+007 1.67327e+007 1.67327e+007 1.67327e+007 1.67327e+007 1.67327e+007 1.67327e+007 1.67327e+007 1.67327e+007 1.67327e+007 1.67327e+007 1.67327e+007 1.67327e+007 1.67327e+007 1.67327e+007 1.67327e+007 1.67327e+007 1.67327e+007 1.67327e+007 1.67327e+007 1.67327e+007 1.67327e+007 1.67327e+007 1.67327e+007 1.67327e+007 1.67327e+007 1.67327e+007 1.67327e+007 1.67327e+007 1.67327e+007 1.67327e+007 1.67327e+007 1.67327e+007 0 0 0 0 0 0 0 0 0 0 0 0 0 0 0 0 0 0 0 0 0 0 0 0 0
#obs cpue bio
 1.86742e+006 2.9908e+006 2.89614e+006 1.38946e+006 2.40721e+006 1.26272e+006 1.98043e+006 862110 977432 827611 1.37189e+006 642188 591452 606226 467730 1.1846e+006 618352 647116 664348 596375 455497 482078 311931 425920 424021 683635 711931 341455 630228 643796 583908 443706 444315 513133 414985 585782 569808 599006 670539 397194 467417 566765 553186 552461 495970 592944 600474 630346 566157 528637 419203 594969 689557 366092 483033 425026 445761 454956 407772 339512 490231 561336 657760
#pred surv len freq
 0.00513239 0.00830644 0.0124543 0.0175467 0.0234653 0.0299263 0.0364406 0.0424158 0.0473653 0.0510626 0.0535413 0.0549913 0.0556545 0.055761 0.055491 0.054957 0.0542059 0.0532283 0.0519471 0.0501754 0.0475872 0.0437804 0.0384781 0.031784 0.0243017
 0.00551972 0.00887038 0.0131871 0.0184151 0.0244408 0.0310216 0.0377202 0.0439591 0.0491929 0.0530715 0.0554968 0.0565914 0.0566357 0.0559888 0.0549938 0.053894 0.0527938 0.0516597 0.0503337 0.0485387 0.0458984 0.0420277 0.0367162 0.0301335 0.0228995
 0.00574144 0.00927171 0.013862 0.019464 0.0259342 0.0329522 0.0399749 0.0463432 0.0515027 0.0551665 0.0573148 0.0580979 0.0577572 0.0565951 0.0549481 0.0531304 0.0513628 0.0497114 0.0480559 0.0460952 0.0434065 0.0395791 0.0344112 0.0280913 0.0212306
 0.00597657 0.00964212 0.0144023 0.0202114 0.0269363 0.0342691 0.0416635 0.0484194 0.0538994 0.0577161 0.0597796 0.0602367 0.0593871 0.0576086 0.0552879 0.0527631 0.0502826 0.0479666 0.0457649 0.043432 0.0405681 0.0367593 0.031789 0.0258203 0.0194181
 0.00636117 0.0102465 0.0152729 0.0213768 0.0284038 0.0360207 0.0436531 0.0505775 0.0561458 0.0599688 0.061948 0.0622046 0.0610071 0.0587216 0.0557583 0.0525051 0.0492673 0.0462215 0.0433767 0.0405515 0.0374052 0.0335603 0.0288013 0.0232504 0.017394
 0.006647 0.010709 0.0159645 0.0223447 0.0296803 0.0376092 0.0455131 0.0526211 0.0582526 0.0620141 0.0638279 0.0638438 0.0623467 0.0596981 0.0562889 0.0524934 0.0486267 0.0449057 0.0414058 0.0380275 0.0345124 0.0305457 0.0259326 0.0207601 0.0154292
 0.00696335 0.0112147 0.0167104 0.0233743 0.031024 0.0392742 0.0474689 0.0547897 0.0605106 0.0642101 0.0658078 0.0654767 0.0635433 0.0604131 0.0565061 0.0522013 0.0478032 0.0435239 0.0394625 0.0355793 0.0317002 0.0275905 0.0230965 0.0182839 0.0134713
 0.00732276 0.0117858 0.0175456 0.0245142 0.0324914 0.0410641 0.0495362 0.0570426 0.0628184 0.0664216 0.0677727 0.0670629 0.0646499 0.060979 0.0565117 0.0516583 0.0467368 0.0419596 0.03743 0.0331361 0.0289616 0.0247417 0.0203694 0.0159016 0.0115858
 0.0076635 0.0123351 0.0183636 0.0256532 0.0339857 0.0429138 0.0516896 0.0593898 0.0652039 0.0686723 0.0697261 0.0685869 0.0656521 0.0614093 0.0563592 0.050944 0.0455027 0.0402583 0.0353216 0.0306984 0.026309 0.022037 0.0178108 0.0136805 0.00983334
 0.00780758 0.012585 0.0187694 0.0262738 0.0348786 0.0441174 0.053204 0.0611646 0.0671405 0.0706368 0.071569 0.0701628 0.0668379 0.0621178 0.0565445 0.050599 0.0446508 0.0389455 0.0336118 0.0286768 0.02409 0.0197694 0.0156656 0.0118182 0.00836323
 0.00801905 0.0129165 0.0192468 0.0269172 0.0357037 0.0451363 0.0544197 0.0625612 0.0686724 0.0722246 0.0731036 0.0715196 0.067897 0.0627832 0.0567563 0.0503356 0.043925 0.0377971 0.0321032 0.026893 0.0221419 0.017793 0.0138099 0.0102178 0.00710631
 0.00823992 0.0132803 0.0198022 0.0277092 0.0367616 0.0464557 0.0559479 0.0641979 0.0702914 0.0737044 0.0743495 0.0724683 0.0685084 0.0630312 0.0566257 0.0498244 0.0430481 0.036588 0.0306155 0.0252016 0.0203447 0.0160081 0.0121623 0.00881619 0.00601733
 0.00843938 0.0135897 0.0202414 0.0282904 0.0374921 0.0473392 0.0569802 0.0653563 0.0715246 0.07493 0.0754652 0.0733733 0.0691257 0.0633195 0.0565766 0.0494507 0.0423732 0.0356429 0.0294418 0.0238581 0.018911 0.0145817 0.0108463 0.007699 0.00515179
 0.00852064 0.0137207 0.0204365 0.0285617 0.0378471 0.0477779 0.0574936 0.0659286 0.0721383 0.0755702 0.0761159 0.0740079 0.0697001 0.0637752 0.0568539 0.0495042 0.04218 0.035204 0.0287802 0.0230174 0.0179553 0.013592 0.00990936 0.00689046 0.00451896
 0.00839849 0.013559 0.0202615 0.0284212 0.0377982 0.047867 0.057739 0.066316 0.0726297 0.0761187 0.0766792 0.0745544 0.0702064 0.0642192 0.0572079 0.0497336 0.0422499 0.0350898 0.0284769 0.0225447 0.0173575 0.0129327 0.00926041 0.00631633 0.00406234
 0.00847121 0.013636 0.0203039 0.0283749 0.0376171 0.0475458 0.0573341 0.0659354 0.0723923 0.0761052 0.0769035 0.0749691 0.0707327 0.0647773 0.0577337 0.0501794 0.0425793 0.0352748 0.0285008 0.0224089 0.0170861 0.0125711 0.00886614 0.0059455 0.00375573
 0.00859576 0.0138242 0.0205575 0.0286785 0.0379333 0.0478143 0.0574809 0.0658959 0.0721453 0.0756975 0.0764438 0.0745873 0.0705256 0.0647748 0.0579004 0.0504421 0.0428583 0.0355038 0.028635 0.0224272 0.0169916 0.0123886 0.00863566 0.00571075 0.00355192
 0.00857832 0.0138094 0.02056 0.028719 0.0380314 0.0479768 0.0576905 0.066109 0.0723005 0.0757368 0.0763382 0.0743557 0.0702344 0.064514 0.0577455 0.0504248 0.0429588 0.0356671 0.0287971 0.022537 0.0170232 0.0123428 0.00853414 0.00558474 0.00343073
 0.00860068 0.0138365 0.0205845 0.0287314 0.0380256 0.047958 0.0576779 0.0661289 0.072371 0.0758519 0.0764639 0.0744433 0.0702454 0.064442 0.0576214 0.0503006 0.0428805 0.0356526 0.0288323 0.022588 0.017056 0.012338 0.00849153 0.00551853 0.00335971
 0.00867501 0.0139456 0.0207262 0.0288946 0.0381915 0.0481038 0.0577822 0.066178 0.0723644 0.0758041 0.0763983 0.0743792 0.0701873 0.0643791 0.0575398 0.0501974 0.0427694 0.0355558 0.0287655 0.0225514 0.0170362 0.0123183 0.00846172 0.00547858 0.00331661
 0.00868809 0.0139654 0.0207531 0.0289269 0.038225 0.0481313 0.0577937 0.066163 0.0723158 0.0757237 0.0762991 0.0742831 0.0701173 0.0643494 0.0575499 0.0502343 0.0428165 0.035602 0.0288074 0.0225895 0.0170692 0.0123422 0.00847271 0.00547637 0.0033052
 0.00876573 0.0140889 0.0209335 0.0291713 0.0385338 0.0484936 0.0581843 0.0665415 0.0726333 0.0759335 0.0763693 0.0742051 0.0699084 0.0640476 0.0572024 0.049885 0.0424964 0.0353271 0.0285825 0.0224131 0.0169363 0.0122454 0.00840372 0.00542746 0.00327066
 0.0088536 0.0142159 0.0210955 0.0293554 0.0387234 0.0486755 0.0583535 0.0666996 0.0727818 0.076067 0.0764725 0.0742567 0.0698892 0.0639497 0.0570338 0.0496677 0.0422595 0.0350978 0.0283804 0.0222476 0.0168089 0.0121522 0.00833833 0.00538309 0.00324139
 0.00888348 0.0142603 0.0211542 0.0294239 0.0387926 0.0487329 0.058385 0.0666953 0.0727419 0.0760052 0.0764126 0.074222 0.0698902 0.0639793 0.0570721 0.0496933 0.0422597 0.0350724 0.028338 0.0221997 0.0167646 0.0121163 0.00831169 0.00536442 0.00322877
 0.00869348 0.0139847 0.0208013 0.0290227 0.0383847 0.0483588 0.0580737 0.0664618 0.0725911 0.0759385 0.0764314 0.0743285 0.0700842 0.0642525 0.0574042 0.0500529 0.0426113 0.0353856 0.0285948 0.0223959 0.0169059 0.0122131 0.00837474 0.00540322 0.00325096
 0.00857125 0.0137836 0.0204959 0.0285938 0.0378291 0.047703 0.0573811 0.0658241 0.072103 0.0756654 0.0763913 0.0744961 0.0704105 0.0646856 0.0578996 0.0505742 0.0431261 0.0358642 0.0290127 0.0227378 0.0171679 0.0124013 0.00850148 0.00548306 0.00329777
 0.00854171 0.0137376 0.0204294 0.0285015 0.0377026 0.0475296 0.0571473 0.0655249 0.0717527 0.0753037 0.0760767 0.0742861 0.0703409 0.0647597 0.0580933 0.0508493 0.0434434 0.0361899 0.0293198 0.0230064 0.0173858 0.0125651 0.0086154 0.00555622 0.00334106
 0.00833083 0.0134364 0.0200533 0.0280907 0.0373106 0.0472032 0.0569108 0.0653755 0.0716681 0.0752562 0.0760474 0.074274 0.0703634 0.0648425 0.0582558 0.0510932 0.0437507 0.0365301 0.0296593 0.0233166 0.0176473 0.0127689 0.00876199 0.00565328 0.00340001
 0.00819195 0.0131999 0.0196804 0.0275469 0.0365826 0.0463212 0.0559619 0.0644916 0.0709866 0.0748714 0.0759813 0.0744824 0.0707678 0.0653651 0.05884 0.0517051 0.0443686 0.0371335 0.0302245 0.0238191 0.0180678 0.0130975 0.00900068 0.00581344 0.00349878
 0.00798342 0.0128812 0.0192374 0.026976 0.035887 0.0455074 0.0550444 0.0635071 0.0700087 0.0740116 0.0753679 0.07422 0.0708993 0.0658574 0.0596015 0.0526216 0.0453364 0.0380748 0.0310874 0.0245705 0.0186884 0.0135807 0.00935242 0.00605096 0.00364647
 0.00800136 0.0128866 0.019202 0.0268604 0.0356524 0.045132 0.0545359 0.0629011 0.0693552 0.0733613 0.0747688 0.073725 0.0705684 0.0657466 0.0597399 0.0529947 0.0458879 0.0387258 0.031759 0.0251994 0.0192326 0.0140184 0.00967929 0.00627655 0.00378947
 0.00869588 0.0138653 0.0203954 0.0281057 0.0367344 0.0458531 0.0547753 0.062638 0.0686552 0.0723451 0.0735805 0.0725053 0.0694374 0.064795 0.0590275 0.0525501 0.045706 0.0387683 0.0319625 0.0254912 0.0195464 0.0143056 0.00991225 0.00644661 0.00390174
 0.00933676 0.0148822 0.0218699 0.0300715 0.0391415 0.0485284 0.0574072 0.0648203 0.0700009 0.0726207 0.0727848 0.0708494 0.067249 0.0624106 0.0567197 0.0505022 0.0440172 0.0374699 0.0310346 0.0248792 0.0191778 0.0141061 0.00981791 0.00641003 0.00389225
 0.00930416 0.0149294 0.0221262 0.0307192 0.0403681 0.0504478 0.059981 0.0678221 0.0730417 0.0752325 0.0745359 0.0714591 0.0666635 0.0608065 0.0544339 0.0479215 0.0414803 0.0352123 0.0291801 0.0234589 0.018159 0.013421 0.00938649 0.00615617 0.00375315
 0.00903286 0.014522 0.0215833 0.0300839 0.0397406 0.0499919 0.059911 0.0683513 0.0742958 0.0771605 0.0768755 0.0737913 0.0685403 0.0618947 0.0546099 0.0472825 0.0402794 0.0337563 0.0277385 0.0222116 0.0171884 0.0127319 0.00893691 0.005886 0.00360361
 0.00883542 0.0141951 0.0210823 0.0293698 0.0387964 0.0488489 0.0586741 0.0672072 0.0734879 0.0769296 0.0773783 0.0750276 0.0703217 0.0638832 0.0564209 0.0486105 0.0409865 0.0338869 0.0274629 0.0217388 0.0166928 0.0123183 0.00864217 0.0057016 0.00350102
 0.00867115 0.0139406 0.0207215 0.0288922 0.0381952 0.0481195 0.0578212 0.06626 0.0725194 0.0760671 0.0767924 0.0748905 0.070744 0.0648535 0.0577844 0.0501068 0.042337 0.0348896 0.0280474 0.0219595 0.0166743 0.012191 0.00849997 0.00559066 0.00343116
 0.00871227 0.0139793 0.0207277 0.0288217 0.0380012 0.0477713 0.0573183 0.0656331 0.0718196 0.0753537 0.0761318 0.0743636 0.0704468 0.0648767 0.0581723 0.0508196 0.043245 0.0358123 0.02882 0.0224896 0.0169587 0.0122905 0.00849582 0.00554913 0.00338989
 0.00884722 0.0141769 0.0209828 0.0291103 0.0382808 0.0479852 0.0574042 0.0655365 0.0715115 0.0748458 0.0754803 0.0736574 0.0697889 0.0643658 0.0578879 0.0508045 0.043488 0.0362418 0.0293228 0.0229506 0.017301 0.0124938 0.00858556 0.00556965 0.00338071
 0.00879546 0.0141124 0.0209214 0.0290765 0.0382981 0.0480619 0.0575216 0.0656494 0.0715614 0.0747817 0.0752779 0.0733299 0.0693854 0.0639599 0.0575601 0.0506228 0.0434897 0.0364219 0.0296327 0.0233135 0.0176394 0.0127551 0.00875392 0.00565918 0.00341857
 0.00870238 0.0139758 0.0207443 0.0288742 0.0380977 0.0478982 0.0574305 0.0656575 0.0716725 0.0749681 0.0754826 0.0734852 0.0694394 0.0638986 0.0574126 0.0504494 0.043358 0.0363821 0.0297006 0.0234679 0.0178346 0.0129426 0.00890055 0.00575456 0.00347025
 0.0087169 0.0139992 0.0207792 0.0289238 0.0381658 0.0479894 0.05755 0.0658091 0.0718556 0.0751733 0.0756879 0.0736553 0.0695321 0.0638783 0.0572665 0.0501972 0.0430495 0.0360808 0.0294611 0.0233182 0.0177713 0.0129397 0.00892591 0.00578338 0.0034906
 0.0086618 0.013908 0.0206396 0.0287249 0.0379024 0.0476687 0.0571962 0.065464 0.0715715 0.0749999 0.0756585 0.0737768 0.0697812 0.0642057 0.0576101 0.0505011 0.0432807 0.0362368 0.0295635 0.0233966 0.0178471 0.013019 0.0090023 0.00584724 0.00353623
 0.00875975 0.0140555 0.0208391 0.0289688 0.0381731 0.0479393 0.0574333 0.0656328 0.0716444 0.0749667 0.075532 0.0735892 0.0695728 0.0640105 0.0574454 0.0503651 0.0431604 0.0361193 0.0294459 0.0232871 0.0177582 0.0129589 0.00897053 0.00583607 0.00353594
 0.00875982 0.0140702 0.0208876 0.0290763 0.0383622 0.0482174 0.0577823 0.0660082 0.0719864 0.0752179 0.0756537 0.0735706 0.0694312 0.0637831 0.0571768 0.0500942 0.0429115 0.0359017 0.0292595 0.0231304 0.0176318 0.0128643 0.00890696 0.00579869 0.00351712
 0.00873591 0.0140329 0.0208354 0.0290123 0.0382968 0.048171 0.0577837 0.066086 0.0721552 0.0754652 0.0759382 0.0738343 0.0696205 0.0638677 0.0571565 0.0499928 0.0427637 0.0357396 0.0291056 0.0229965 0.0175228 0.0127812 0.00884855 0.00576158 0.00349624
 0.00867349 0.013932 0.0206852 0.0288039 0.0380271 0.0478472 0.0574286 0.0657405 0.0718728 0.0753003 0.075929 0.0739883 0.0699091 0.0642342 0.0575346 0.0503282 0.0430268 0.0359262 0.0292278 0.023072 0.0175677 0.0128076 0.00886403 0.00577102 0.00350232
 0.00860763 0.0138373 0.0205651 0.0286685 0.0378882 0.0477127 0.0572988 0.0656102 0.071739 0.07517 0.0758225 0.0739346 0.0699341 0.0643475 0.0577228 0.0505583 0.0432586 0.0361265 0.0293797 0.0231746 0.0176303 0.0128426 0.00888256 0.00578056 0.00350734
 0.00852714 0.0137144 0.0203954 0.028455 0.0376421 0.0474534 0.0570521 0.0654039 0.0715947 0.0750963 0.075814 0.0739785 0.0700204 0.0644736 0.0578901 0.0507636 0.0434881 0.0363575 0.0295881 0.0233436 0.0177543 0.0129257 0.00893399 0.00581037 0.00352368
 0.00847848 0.0136359 0.0202789 0.028294 0.0374344 0.047204 0.0567769 0.0651292 0.0713535 0.0749196 0.0757224 0.0739774 0.0701003 0.0646164 0.0580765 0.0509778 0.0437175 0.0365896 0.0298082 0.023537 0.0179103 0.0130407 0.00901153 0.00585832 0.00355101
 0.00860057 0.0138167 0.0205177 0.0285772 0.0377382 0.0474985 0.0570307 0.0653131 0.0714443 0.0749056 0.0756074 0.0737802 0.0698498 0.0643443 0.057811 0.05074 0.043521 0.0364401 0.0297044 0.0234716 0.0178725 0.0130197 0.00899933 0.0058504 0.0035455
 0.00883843 0.0141769 0.0210093 0.0291889 0.0384384 0.0482389 0.0577486 0.0659368 0.0719033 0.0751458 0.0756037 0.0735415 0.0694148 0.0637712 0.0571656 0.0500847 0.0429064 0.035901 0.0292591 0.0231236 0.0176146 0.0128382 0.00887781 0.00577317 0.00349915
 0.00894158 0.0143459 0.0212653 0.0295496 0.0389115 0.0488126 0.0583845 0.066571 0.0724594 0.0755542 0.0758175 0.0735436 0.0692156 0.0634033 0.056676 0.0495279 0.0423361 0.0353635 0.0287877 0.0227369 0.0173171 0.0126232 0.00873185 0.00568027 0.00344388
 0.00893846 0.0143581 0.0213158 0.0296714 0.0391402 0.0491737 0.0588804 0.0671733 0.0731109 0.0761777 0.0763313 0.073878 0.0693285 0.0632879 0.0563597 0.0490627 0.0417857 0.0347912 0.0282472 0.0222663 0.0169367 0.0123371 0.00853177 0.00555028 0.00336567
 0.00902824 0.0145061 0.021543 0.0299998 0.0395893 0.0497548 0.0595877 0.0679766 0.073953 0.0769786 0.0769993 0.0743264 0.0694945 0.0631473 0.0559324 0.0484068 0.0409838 0.033933 0.0274143 0.0215216 0.0163192 0.0118611 0.00819105 0.00532443 0.00322758
 0.00889523 0.0142967 0.0212422 0.0296023 0.0391063 0.0492209 0.0590659 0.0675536 0.0737209 0.0770078 0.077313 0.0748893 0.0702185 0.0639139 0.0566234 0.0489333 0.041304 0.0340536 0.0273779 0.0213877 0.0161454 0.0116916 0.00805128 0.00522325 0.0031622
 0.00874856 0.0140569 0.0208791 0.0290892 0.0384276 0.0483845 0.0581162 0.0665766 0.0728355 0.0763433 0.0769812 0.0749562 0.0706855 0.0647126 0.0576297 0.0499982 0.0422902 0.0348655 0.027975 0.0217788 0.0163712 0.0118038 0.00809675 0.0052358 0.00316202
 0.00888033 0.014233 0.0210728 0.0292493 0.0384894 0.0482888 0.0578279 0.0660957 0.072199 0.0756224 0.0762725 0.0743677 0.070314 0.0646192 0.0578211 0.0504227 0.0428529 0.0354569 0.0285021 0.0221863 0.0166461 0.0119646 0.00817659 0.00526782 0.00317079
 0.00904957 0.0144765 0.021379 0.0295824 0.038793 0.0484957 0.0578723 0.0659269 0.071797 0.0750108 0.0755224 0.0735861 0.0696201 0.0641168 0.0575758 0.0504491 0.043113 0.0358724 0.0289772 0.0226345 0.0170104 0.0122242 0.00834001 0.00535893 0.00321579
 0.00954093 0.0152588 0.0225214 0.031127 0.0407334 0.0507488 0.060257 0.0681715 0.07359 0.0760805 0.0757095 0.0728811 0.0681572 0.0621343 0.0553576 0.0482632 0.0411627 0.0342714 0.027752 0.0217477 0.0163932 0.0118047 0.00805957 0.00517568 0.00310084
 0.00947606 0.0151981 0.0225144 0.0312518 0.0410813 0.0513966 0.0612353 0.0694424 0.0750396 0.0775294 0.0769427 0.0736953 0.0684145 0.0618022 0.0545173 0.0470827 0.039846 0.0330046 0.0266641 0.0208973 0.0157786 0.011388 0.00779076 0.00500922 0.00300185
 0.0091099 0.014612 0.0216547 0.0300892 0.039634 0.0497583 0.059592 0.068054 0.0741758 0.0773824 0.0775577 0.0749523 0.0700672 0.0635529 0.0561003 0.0483271 0.0406999 0.0335156 0.0269336 0.0210305 0.0158519 0.0114409 0.0078354 0.0050451 0.00302698
 0.00882876 0.0141815 0.0210549 0.0293155 0.0386934 0.0486669 0.0583822 0.0667919 0.0729785 0.0764159 0.0770057 0.0749589 0.0706762 0.0646779 0.0575446 0.0498462 0.0420779 0.0346202 0.0277301 0.0215581 0.0161831 0.0116455 0.00796342 0.005126 0.00307691
#obs surv len freq
 0.00496284 0.00813197 0.0123744 0.0177049 0.0239971 0.0308832 0.0377342 0.0438235 0.0485996 0.0518625 0.0537333 0.0544998 0.0544831 0.0539806 0.0532523 0.0525111 0.0519014 0.0514577 0.0510414 0.0502832 0.0486011 0.0453645 0.0401964 0.0332657 0.0253541
 0.0051889 0.00849618 0.0129169 0.0184622 0.024997 0.0321361 0.0392219 0.0454925 0.0503644 0.0536171 0.0553656 0.0559027 0.0555616 0.0546558 0.053464 0.0522211 0.0510985 0.050164 0.0493183 0.0482348 0.0463712 0.0431251 0.0381238 0.0315065 0.0239938
 0.00541467 0.00886953 0.0134902 0.0192871 0.0261132 0.0335544 0.0409079 0.0473645 0.0523083 0.055512 0.0571027 0.0573912 0.0567245 0.0554246 0.0537767 0.0520257 0.0503602 0.0488764 0.0475173 0.0460118 0.0438781 0.0405632 0.035712 0.0294349 0.022379
 0.00563352 0.00923026 0.0140427 0.0200822 0.0271939 0.0349414 0.0425834 0.0492636 0.0543256 0.05752 0.0589723 0.0590081 0.0579973 0.0562844 0.0541711 0.0519112 0.0497005 0.0476512 0.0457406 0.0437543 0.0412828 0.0378405 0.0331061 0.0271679 0.0205953
 0.00588243 0.00963235 0.0146433 0.0209228 0.0283055 0.0363339 0.0442341 0.0511114 0.0562779 0.0594671 0.0608024 0.0606162 0.05929 0.0571834 0.0546141 0.0518501 0.0490987 0.0464861 0.0440171 0.0415282 0.0386831 0.0350724 0.0304213 0.024806 0.01872
 0.0061262 0.0100364 0.0152652 0.0218195 0.0295204 0.0378769 0.0460636 0.0531314 0.0583566 0.0614674 0.0626068 0.0621356 0.0604596 0.0579534 0.0549425 0.0516988 0.0484338 0.0452835 0.0422764 0.0392955 0.0360752 0.032284 0.0277004 0.0223963 0.0167945
 0.00637519 0.0104417 0.0158766 0.0226847 0.0306772 0.0393401 0.047809 0.0550875 0.0604104 0.0634823 0.064446 0.063681 0.0616242 0.0586829 0.0552084 0.0514857 0.0477293 0.0440769 0.0405709 0.0371318 0.0335574 0.0295907 0.0250646 0.0200524 0.0149132
 0.00660239 0.0108174 0.0164536 0.0235154 0.0318025 0.0407721 0.0495146 0.0569845 0.0623809 0.0653973 0.0661851 0.0651428 0.062728 0.0593696 0.0554403 0.0512443 0.0470092 0.0428812 0.0389157 0.0350625 0.0311712 0.0270498 0.0225814 0.0178424 0.0131356
 0.00685403 0.0112269 0.0170707 0.0243865 0.032962 0.0422275 0.0512319 0.0588814 0.0643373 0.0672773 0.0678604 0.0665085 0.0637094 0.059921 0.0555398 0.0508861 0.046198 0.04163 0.0372503 0.0330348 0.0288767 0.0246384 0.0202442 0.0157723 0.0114745
 0.00705389 0.011559 0.0175836 0.0251294 0.0339741 0.0435217 0.0527783 0.0606033 0.0661228 0.0690016 0.0694068 0.0677802 0.0646332 0.0604482 0.0556443 0.0505611 0.0454503 0.0404773 0.0357237 0.0311886 0.0268026 0.0224725 0.0181557 0.0139292 0.00999861
 0.0072763 0.0119215 0.0181307 0.0259028 0.0350044 0.044815 0.0543023 0.0622817 0.0678446 0.0706418 0.0708474 0.0689252 0.0654158 0.0608309 0.0556151 0.0501264 0.0446288 0.0392965 0.0342219 0.0294233 0.0248616 0.0204791 0.0162578 0.01227 0.00867916
 0.00743312 0.0121819 0.0185326 0.026485 0.0357984 0.0458327 0.0555234 0.0636491 0.0692728 0.0720322 0.0721041 0.0699644 0.0661706 0.0612543 0.055681 0.0498289 0.0439787 0.0383183 0.0329537 0.0279218 0.023209 0.0187852 0.0146504 0.0108696 0.00756898
 0.00753167 0.0123423 0.0187751 0.02683 0.036265 0.0464344 0.0562624 0.0645115 0.070226 0.0730275 0.0730807 0.0708552 0.066909 0.0617809 0.0559489 0.0498069 0.0436536 0.0376954 0.032058 0.0268007 0.0219354 0.0174562 0.0133766 0.00975416 0.00668239
 0.00761315 0.0124695 0.0189571 0.0270725 0.0365705 0.0468032 0.0566919 0.064996 0.0707575 0.0735954 0.07367 0.0714433 0.0674622 0.0622546 0.0562924 0.0499711 0.043599 0.0373997 0.0315217 0.0260511 0.0210284 0.0164731 0.0124125 0.00889796 0.00599611
 0.00766264 0.0125451 0.0190619 0.0272063 0.0367305 0.0469852 0.0568918 0.0652108 0.0709872 0.0738444 0.0739454 0.0717508 0.0677993 0.0626049 0.056623 0.0502358 0.0437468 0.0373854 0.0313178 0.0256571 0.0204754 0.0158213 0.0117396 0.00828069 0.00549094
 0.00772025 0.0126335 0.0191848 0.0273633 0.0369164 0.0471902 0.0571023 0.0654111 0.0711635 0.0739896 0.0740629 0.0718526 0.0679019 0.0627207 0.056753 0.0503649 0.0438438 0.0374102 0.0312327 0.0254408 0.020133 0.015387 0.0112689 0.00783463 0.00511768
 0.00778248 0.0127273 0.0193122 0.027521 0.0370965 0.0473816 0.0572919 0.0655849 0.0713085 0.0740964 0.0741287 0.0718826 0.0679078 0.0627178 0.0567547 0.0503768 0.0438585 0.0374067 0.0311824 0.0253176 0.0199264 0.0151092 0.0109532 0.00752415 0.00485065
 0.0078377 0.0128132 0.019434 0.0276798 0.0372885 0.0475969 0.0575135 0.0657911 0.0714771 0.0742114 0.0741839 0.0718822 0.0678635 0.0626452 0.05667 0.0502931 0.0437821 0.0373341 0.0311002 0.0252078 0.0197755 0.0149169 0.0107351 0.00730673 0.00466038
 0.00786521 0.0128567 0.019497 0.0277647 0.037396 0.0477247 0.0576561 0.0659386 0.0716166 0.0743294 0.0742688 0.0719274 0.0678681 0.0626144 0.0566134 0.0502219 0.0437061 0.0372579 0.0310217 0.0251192 0.019668 0.0147874 0.0105899 0.00716061 0.00453037
 0.00786494 0.0128543 0.0194901 0.0277504 0.0373725 0.0476934 0.0576229 0.0659133 0.07161 0.0743491 0.0743165 0.0719976 0.0679502 0.0626962 0.0566847 0.0502767 0.043743 0.0372778 0.0310249 0.0251042 0.0196321 0.0147297 0.0105149 0.00707808 0.00445233
 0.00788269 0.0128737 0.0195019 0.0277406 0.0373263 0.0476021 0.0574892 0.0657531 0.0714484 0.0742138 0.0742306 0.0719745 0.0679914 0.0627912 0.0568152 0.0504217 0.0438838 0.0374009 0.0311224 0.0251721 0.0196691 0.0147373 0.0104982 0.00704558 0.00441424
 0.00788737 0.0128822 0.0195155 0.0277596 0.0373476 0.0476174 0.0574848 0.065714 0.0713656 0.0740911 0.0740871 0.071839 0.0678929 0.062749 0.0568338 0.0504917 0.0439866 0.0375156 0.0312306 0.0252607 0.0197313 0.0147718 0.0105084 0.00703836 0.0043978
 0.00789189 0.0128843 0.0195094 0.0277374 0.0373022 0.0475465 0.0573934 0.0656124 0.0712649 0.0739982 0.0740041 0.071767 0.0678369 0.0627191 0.0568413 0.0505429 0.0440784 0.0376354 0.0313604 0.0253826 0.0198318 0.0148442 0.0105526 0.00705938 0.00440315
 0.00789518 0.0128879 0.0195112 0.0277337 0.0372877 0.047515 0.0573395 0.065534 0.0711653 0.0738869 0.0738948 0.0716733 0.0677685 0.0626811 0.0568359 0.0505711 0.0441394 0.0377248 0.0314683 0.0254953 0.0199352 0.0149277 0.0106117 0.00709529 0.00442121
 0.00788065 0.0128639 0.0194744 0.0276809 0.0372169 0.0474262 0.0572358 0.0654217 0.0710523 0.0737815 0.0738045 0.0716052 0.0677287 0.0626741 0.0568632 0.0506313 0.0442284 0.0378362 0.0315937 0.0256241 0.0200557 0.01503 0.0106896 0.00714817 0.00445282
 0.00787848 0.0128588 0.0194641 0.0276619 0.0371856 0.0473798 0.0571738 0.0653461 0.0709677 0.0736941 0.0737213 0.071533 0.0676736 0.0626411 0.0568562 0.0506521 0.0442766 0.0379085 0.0316839 0.0257236 0.0201545 0.0151185 0.010761 0.00719978 0.00448595
 0.00786069 0.0128316 0.0194262 0.0276132 0.0371268 0.0473124 0.0570996 0.0652678 0.0708891 0.0736199 0.0736566 0.0714827 0.0676418 0.0626306 0.0568685 0.0506873 0.0443336 0.0379846 0.0317744 0.0258218 0.0202522 0.0152072 0.0108344 0.00725452 0.00452262
 0.00782297 0.0127703 0.0193341 0.0274849 0.0369603 0.0471127 0.0568805 0.0650512 0.0706998 0.073479 0.0735762 0.0714649 0.0676809 0.0627166 0.05699 0.0508335 0.0444951 0.0381532 0.0319429 0.025983 0.0203989 0.0153332 0.010935 0.00732863 0.00457237
 0.00779687 0.0127233 0.0192552 0.0273613 0.0367817 0.0468758 0.056595 0.0647405 0.0703974 0.0732208 0.0733924 0.0713742 0.0676881 0.0628134 0.0571587 0.0510519 0.0447409 0.0384073 0.0321899 0.0262112 0.0205996 0.0155002 0.0110655 0.00742333 0.00463558
 0.00778345 0.0126971 0.0192076 0.027281 0.0366568 0.0466979 0.0563629 0.0644635 0.0700953 0.0729223 0.0731305 0.0711809 0.0675875 0.0628169 0.0572625 0.0512393 0.0449869 0.0386843 0.0324723 0.0264781 0.0208358 0.0156965 0.0112181 0.00753353 0.00470891
 0.00774461 0.0126371 0.0191228 0.0271698 0.0365185 0.0465325 0.0561713 0.0642487 0.0698644 0.0726871 0.0729088 0.0709944 0.0674593 0.0627667 0.0573019 0.0513681 0.0451922 0.0389432 0.0327571 0.0267613 0.0210948 0.0159157 0.01139 0.00765808 0.00479187
 0.00933324 0.0148583 0.0217985 0.0299119 0.0388427 0.0480388 0.0566864 0.0638508 0.0687968 0.071234 0.0713054 0.0693978 0.0659615 0.0614188 0.0561329 0.050393 0.0444139 0.0383521 0.0323322 0.0264738 0.0209129 0.0158091 0.011333 0.00763105 0.00478106
 0.00932014 0.0151335 0.0227351 0.0319718 0.0423755 0.0530095 0.0625034 0.0694625 0.0730653 0.073384 0.0711789 0.0673944 0.0627603 0.057689 0.0523689 0.0468897 0.0413164 0.0357157 0.030163 0.0247503 0.0195954 0.0148458 0.0106641 0.00719361 0.00451405
 0.0089863 0.014605 0.0219883 0.0310523 0.0414535 0.0524192 0.062704 0.0708752 0.0758221 0.0771397 0.0751534 0.0706692 0.064663 0.0580261 0.0513962 0.0450979 0.0391988 0.0336341 0.0283233 0.0232381 0.0184225 0.0139842 0.0100662 0.00680396 0.00427733
 0.00880184 0.0142992 0.0215174 0.0303746 0.040545 0.0513037 0.0614933 0.069798 0.0752094 0.0773346 0.0763574 0.0727941 0.0672941 0.0605559 0.0532711 0.0460306 0.0392272 0.0330224 0.0274004 0.0222736 0.0175789 0.0133276 0.00959951 0.00649799 0.00409202
 0.00874465 0.014196 0.0213425 0.0300959 0.040129 0.0507258 0.0607518 0.0689298 0.0743048 0.0765469 0.0758921 0.0728586 0.0680081 0.0618614 0.0549092 0.0476236 0.0404324 0.0336643 0.027507 0.0220117 0.0171507 0.0128917 0.00924282 0.00624581 0.00393338
 0.00871261 0.0141451 0.0212675 0.02999 0.0399827 0.0505249 0.0604784 0.0685671 0.0738471 0.0760141 0.0753437 0.0723996 0.067774 0.0619752 0.0554186 0.0484548 0.0413976 0.0345337 0.0281054 0.0222818 0.0171488 0.0127325 0.00903685 0.00606417 0.00380365
 0.00867751 0.0140875 0.0211798 0.0298656 0.0398177 0.0503202 0.060241 0.0683079 0.0735761 0.0757365 0.0750625 0.072127 0.0675447 0.0618501 0.0554695 0.0487286 0.0418791 0.0351342 0.0286925 0.0227365 0.0174135 0.0128218 0.0090111 0.00599032 0.0037287
 0.00865689 0.0140539 0.0211291 0.0297937 0.039721 0.0501966 0.0600913 0.068137 0.0733921 0.0755493 0.0748807 0.0719574 0.0673949 0.0617349 0.0554163 0.0487728 0.0420474 0.035422 0.0290538 0.023097 0.0177031 0.0130036 0.0090902 0.00599945 0.00370557
 0.00864742 0.0140386 0.0211061 0.0297612 0.0396771 0.0501399 0.060021 0.068053 0.0732955 0.0754423 0.0747671 0.0718419 0.0672837 0.0616365 0.0553431 0.0487425 0.0420794 0.0355289 0.0292294 0.0233124 0.0179148 0.0131726 0.00919774 0.00604994 0.00371778
 0.00866707 0.0140659 0.0211386 0.0297934 0.0397022 0.0501515 0.060015 0.0680281 0.0732524 0.0753823 0.0746921 0.0717544 0.0671875 0.0615377 0.0552504 0.0486678 0.0420368 0.0355313 0.0292822 0.0234081 0.0180328 0.0132867 0.00928661 0.00610533 0.00374389
 0.0086318 0.0140177 0.0210827 0.0297399 0.0396621 0.0501318 0.0600148 0.068039 0.0732631 0.0753839 0.0746808 0.0717316 0.0671568 0.0615031 0.0552159 0.0486385 0.0420197 0.0355344 0.0293122 0.0234655 0.01811 0.0133694 0.00935974 0.00615907 0.00377643
 0.00863678 0.0140206 0.021078 0.0297206 0.0396235 0.0500755 0.0599513 0.067985 0.0732335 0.0753842 0.0747045 0.0717643 0.0671838 0.0615153 0.0552122 0.0486235 0.0420014 0.0355218 0.029313 0.023484 0.0181453 0.0134149 0.00940601 0.00619776 0.00380336
 0.00864539 0.0140364 0.0211047 0.0297615 0.0396789 0.0501408 0.0600156 0.0680342 0.0732565 0.0753788 0.0746774 0.0717265 0.0671438 0.0614757 0.0551708 0.048578 0.0419527 0.0354747 0.0292742 0.0234594 0.0181372 0.0134214 0.00942148 0.00621559 0.00381852
 0.0086206 0.0140005 0.0210592 0.029711 0.0396308 0.0501033 0.0599959 0.068036 0.0732785 0.0754145 0.0747175 0.0717623 0.067171 0.0614946 0.0551835 0.0485862 0.0419567 0.0354749 0.0292726 0.0234593 0.0181417 0.0134314 0.00943556 0.00623066 0.00383158
 0.00862177 0.0139976 0.0210461 0.02968 0.0395756 0.0500233 0.0598993 0.0679394 0.0732013 0.0753717 0.0747146 0.0717946 0.0672268 0.0615601 0.0552481 0.0486435 0.0420045 0.0355132 0.0293027 0.0234832 0.0181618 0.0134495 0.00945228 0.00624547 0.00384354
 0.00862177 0.0139976 0.0210461 0.02968 0.0395756 0.0500233 0.0598993 0.0679394 0.0732013 0.0753717 0.0747146 0.0717946 0.0672268 0.0615601 0.0552481 0.0486435 0.0420045 0.0355132 0.0293027 0.0234832 0.0181618 0.0134495 0.00945228 0.00624547 0.00384354
 0.0086269 0.0140079 0.0210649 0.0297102 0.0396176 0.0500726 0.0599453 0.0679682 0.073202 0.0753421 0.0746633 0.0717368 0.067177 0.0615266 0.0552311 0.0486382 0.0420047 0.0355143 0.0293029 0.0234827 0.0181616 0.0134506 0.00945511 0.00624956 0.00384793
 0.00863305 0.0140181 0.0210807 0.0297335 0.0396504 0.0501161 0.0599993 0.0680289 0.0732616 0.0753894 0.0746872 0.0717309 0.0671429 0.0614735 0.0551714 0.0485825 0.0419584 0.0354784 0.0292754 0.0234616 0.0181457 0.0134395 0.00944826 0.00624623 0.003847
 0.00863128 0.0140171 0.0210826 0.0297414 0.0396676 0.0501449 0.0600396 0.0680787 0.0733163 0.0754436 0.0747343 0.0717637 0.0671552 0.0614623 0.0551387 0.0485348 0.041905 0.0354272 0.0292315 0.0234267 0.0181194 0.0134207 0.00943581 0.00623871 0.00384304
 0.00871585 0.0141508 0.0212761 0.0300007 0.0399909 0.0505192 0.0604378 0.0684609 0.0736377 0.0756648 0.0748315 0.0717322 0.0670071 0.0612215 0.0548348 0.0481983 0.041564 0.0351052 0.0289456 0.023187 0.0179294 0.0132783 0.00933544 0.00617257 0.00380263
 0.0088409 0.0143554 0.0215855 0.0304363 0.0405625 0.0512144 0.0612128 0.069241 0.0743316 0.0761871 0.0751219 0.0717664 0.0667963 0.0608047 0.0542686 0.0475463 0.0408864 0.0344526 0.0283559 0.0226841 0.0175242 0.0129705 0.00911587 0.00602636 0.00371236
 0.00889858 0.0144575 0.0217546 0.0306987 0.0409419 0.051722 0.0618371 0.0699428 0.0750475 0.0768398 0.0756349 0.0720771 0.0668682 0.0606336 0.0538826 0.0469978 0.0402411 0.0337773 0.0277084 0.0221076 0.0170448 0.0125978 0.00884541 0.00584405 0.0035988
 0.00891292 0.0144818 0.0217936 0.0307596 0.0410356 0.0518632 0.0620427 0.0702267 0.0754125 0.0772702 0.076093 0.0725073 0.0672082 0.0608293 0.0539017 0.0468376 0.0399279 0.0333589 0.0272421 0.0216479 0.0166343 0.0122621 0.00859302 0.0056696 0.00348823
 0.00904467 0.0146871 0.0220854 0.0311421 0.0415015 0.0523916 0.0625976 0.0707612 0.0758792 0.0776338 0.0763368 0.0726304 0.0672154 0.0607234 0.0536815 0.0465036 0.0394905 0.0328435 0.0266882 0.021102 0.0161397 0.0118498 0.00827727 0.00544778 0.00334573
 0.00884276 0.0143798 0.0216633 0.0306139 0.0408962 0.0517578 0.0620023 0.0702824 0.0755907 0.0775855 0.0765408 0.0730585 0.0678088 0.0614059 0.0543729 0.0471314 0.0399994 0.0332033 0.0268965 0.0211812 0.0161274 0.0117876 0.00819997 0.00537804 0.00329366
 0.0087846 0.0142569 0.0214278 0.0302088 0.0402757 0.0509167 0.0609991 0.0692385 0.074661 0.0769135 0.0762216 0.0731225 0.068225 0.0620977 0.0552374 0.0480585 0.0408891 0.0339787 0.0275119 0.0216241 0.0164134 0.0119503 0.00827881 0.00540809 0.00330027
 0.0088309 0.0143263 0.0215189 0.0303097 0.040359 0.050937 0.060898 0.0689625 0.0741895 0.0762836 0.0755302 0.0725005 0.0677941 0.0619314 0.0553451 0.0483917 0.0413638 0.0345012 0.0280013 0.0220261 0.0167055 0.0121372 0.00838255 0.00545644 0.00331769
 0.00876613 0.0142319 0.021397 0.0301695 0.0402137 0.0507981 0.0607694 0.0688359 0.0740445 0.0760941 0.0752795 0.0721986 0.0674863 0.0616896 0.055241 0.0484676 0.0416154 0.0348808 0.0284369 0.0224462 0.0170582 0.0123988 0.00855468 0.00555691 0.00336947
 0.00911551 0.0147724 0.0221574 0.0311533 0.0413931 0.052109 0.0621071 0.0700606 0.0750035 0.0766554 0.0753623 0.0717898 0.0666424 0.0605266 0.0539135 0.0471389 0.0404231 0.0339102 0.0277131 0.0219445 0.0167279 0.0121861 0.00841694 0.00546661 0.00331075
 0.00900937 0.0146495 0.0220639 0.0311617 0.0415822 0.0525312 0.0627612 0.0708851 0.0758929 0.0774887 0.076028 0.0722024 0.0667518 0.0603254 0.0534408 0.0464758 0.0396765 0.0331872 0.0270946 0.0214708 0.0163987 0.011975 0.00828906 0.00539135 0.00326687
 0.00863387 0.0140409 0.0211579 0.0299175 0.0400114 0.0507326 0.060939 0.0693221 0.0748719 0.0771948 0.076486 0.0732806 0.0682205 0.0619321 0.0549722 0.0477921 0.0407195 0.0339669 0.0276618 0.0218865 0.0167119 0.0122144 0.0084681 0.0055173 0.00334798
 0.00860171 0.0139442 0.0209298 0.0294678 0.0392486 0.0496023 0.0594631 0.0676209 0.0731551 0.0757218 0.0755049 0.0729603 0.0686003 0.0629113 0.0563465 0.0493203 0.0421909 0.0352434 0.0286861 0.0226636 0.01728 0.0126192 0.00874875 0.00570417 0.0034651
#pred catch len freq
 0.00390643 0.00625072 0.00925684 0.0129119 0.0172188 0.0221603 0.0276289 0.0333969 0.0391564 0.0445845 0.0493961 0.0533825 0.0564397 0.0585706 0.0598536 0.0603996 0.0603174 0.0596858 0.058509 0.0566509 0.0537956 0.0495221 0.0435367 0.0359671 0.0275016
 0.00426344 0.00677571 0.00994983 0.0137525 0.018192 0.0232868 0.0289713 0.0350242 0.0410766 0.0466855 0.0514391 0.0550634 0.0574904 0.0588496 0.0593833 0.0593394 0.0588905 0.0580935 0.0568671 0.054977 0.0520528 0.0476923 0.0416767 0.034209 0.0259981
 0.00449107 0.00716665 0.0105739 0.0146803 0.019472 0.0249161 0.03088 0.037093 0.0431831 0.0487449 0.0533982 0.0568501 0.0589657 0.0598135 0.0596446 0.0588029 0.0576032 0.0562193 0.054614 0.0525255 0.0495287 0.0451907 0.0393018 0.0320879 0.0242526
 0.00476157 0.00758837 0.0111801 0.0155033 0.020553 0.0263106 0.032644 0.0392464 0.0456665 0.0513999 0.0559945 0.0591486 0.060776 0.0610088 0.0601386 0.0585309 0.0565357 0.0543969 0.0521645 0.0496436 0.0464363 0.0421054 0.0364238 0.0295891 0.0222537
 0.00509958 0.00811513 0.0119314 0.0164999 0.0218028 0.0278115 0.0343857 0.0412106 0.0478258 0.053708 0.0583663 0.0614416 0.0627938 0.0625358 0.0609884 0.0585789 0.0557292 0.0527531 0.0497732 0.0466711 0.0431169 0.0387141 0.0332359 0.0268345 0.0200766
 0.00540803 0.00860397 0.0126444 0.017472 0.0230566 0.0293519 0.0361899 0.0432225 0.0499594 0.0558629 0.0604438 0.0633513 0.0644471 0.063831 0.0618027 0.0587799 0.0552029 0.0514387 0.0476904 0.0439358 0.0399401 0.0353784 0.0300468 0.0240578 0.0178815
