SBPRF35
7.78865
Curr Bio
510593
B35
665637
F35
0.224179
FOFL
0.177361
OFL
72596
Bzero
2.22533e+006
#pred survey bio
 4.48253e+006 4.21501e+006 3.96134e+006 3.67379e+006 3.39087e+006 3.07543e+006 2.76388e+006 2.4314e+006 2.12959e+006 1.85734e+006 1.63953e+006 1.44675e+006 1.25761e+006 1.11601e+006 964805 886822 790458 727777 689477 661648 632971 614222 596999 587352 588906 573957 574018 581085 580613 575993 582344 585369 584514 580868 568845 547438 540962 534033 545608 558970 564000 564163 578075 583840 574681 578969 579093 579523 581307 578616 572551 547329 520901 529461 522527 531822 543263 539303 530647 543756 521276 485716 472713 470197 479546 498994 511915 1.87146e+007 1.1779e+007 1.24158e+007 1.3233e+007 1.40973e+007 1.48909e+007 1.55589e+007 1.60902e+007 1.64967e+007 1.68e+007 1.70226e+007 1.71846e+007 1.73019e+007 1.73868e+007 1.74485e+007 1.74935e+007 1.75266e+007 1.75509e+007 1.75691e+007 1.75826e+007 1.75927e+007 1.76004e+007 1.76062e+007 1.76107e+007 1.7614e+007 1.76166e+007 1.76186e+007 1.76201e+007 1.76213e+007 1.76222e+007 1.76229e+007 1.76234e+007 1.76238e+007 1.76241e+007 1.76244e+007 1.76246e+007 1.76247e+007 1.76248e+007 1.76249e+007 1.7625e+007 1.7625e+007 1.76251e+007 1.76251e+007 1.76251e+007 1.76252e+007 1.76252e+007 1.76252e+007 1.76252e+007 1.76252e+007 1.76252e+007 1.76252e+007 1.76252e+007 1.76252e+007 1.76252e+007 1.76252e+007 1.76252e+007 1.76252e+007 1.76252e+007 1.76252e+007 1.76252e+007 1.76252e+007 1.76252e+007 1.76252e+007 1.76252e+007 1.76252e+007 1.76252e+007 1.76252e+007 1.76252e+007 1.76252e+007 1.76252e+007 1.76252e+007 1.76252e+007 1.76252e+007 1.76252e+007 1.76252e+007 1.76252e+007 1.76252e+007 1.76252e+007 1.76252e+007 1.76252e+007 1.76252e+007 1.76252e+007 1.76252e+007 1.76252e+007 1.76252e+007 1.76252e+007 1.76252e+007 1.76252e+007 1.76252e+007 1.76252e+007 1.76252e+007 1.76252e+007 1.76252e+007 1.76252e+007 1.76252e+007 1.76252e+007 1.76252e+007 1.76252e+007 1.76252e+007 1.76252e+007 0 0 0 0 0 0 0 0 0 0 0 0 0 0 0 0 0 0 0 0 0 0 0 0 0
#obs survey bio
 3.23197e+006 3.13882e+006 2.59416e+006 3.85583e+006 2.13394e+006 2.91482e+006 2.38619e+006 2.3751e+006 2.03868e+006 1.63814e+006 1.26042e+006 1.26567e+006 1.15704e+006 957998 853301 507199 654083 638683 874774 676657 560760 476602 560776 521680 598057 496333 569198 465365 468916 485694 498901 832190 705217 508445 686715 590684 551304 486013 773772 446925 645409 472285 454161 690655 547387 553160 626582 639402 622690 598386 644182 600600 710278 493931 506417 576025 604762 470813 735651 710642 434523 576994 448800 493324 485034 471368 502344
#pred catch bio
 102359 102856 155841 177970 237465 265312 314749 314295 310049 279261 271093 277618 241580 252435 190741 207105 175595 151443 139322 137215 126667 123581 115592 105662 118883 105119 98627.8 103855 105586 95051.8 96419.1 97190.6 96622.1 100075 103682 89566.2 93159.1 82234.3 84228.4 92200.8 95607.8 83775.6 90553.4 101491 88504.5 91487.9 90942.1 89983.2 94323 97495.5 113045 113017 84263.8 98740.2 85608.5 84224.1 96851.7 100094 81446.3 110386 119751 100898 93574.8 85330.3 79855.4 89867.7 86411.6 72596 93855 98010.3 103491 109706 115465 120217 123869 126542 128429 129725 130597 131174 131551 131795 131951 132051 132114 132153 132178 132194 132204 132210 132214 132216 132218 132219 132219 132220 132220 132220 132220 132220 132220 132220 132220 132220 132220 132220 132220 132220 132220 132220 132220 132220 132220 132220 132220 132220 132220 132220 132220 132220 132220 132220 132220 132220 132220 132220 132220 132220 132220 132220 132220 132220 132220 132220 132220 132220 132220 132220 132220 132220 132220 132220 132220 132220 132220 132220 132220 132220 132220 132220 132220 132220 132220 132220 132220 132220 132220 132220 132220 132220 132220 132220 132220 132220 132220 132220 132220 0 0 0 0 0 0 0 0 0 0 0 0 0 0 0 0 0 0 0 0 0 0 0 0 0
#obs catch bio
 0 102651 156746 178643 240015 268214 320307 320272 316670 283888 276692 284537 246987 259183 193782 213772 180240 154490 140839 138980 128521 125757 117295 106615 120920 106860 99829.9 105336 106765 95928.3 97572.8 97739.4 97110.3 100679 104265 89504.2 93824.1 82130.7 83976.1 92101.9 95107.2 83248.4 90212.3 101113 87605.9 90786.1 90138.4 89253.3 93416.6 97026.9 112375 112818 83404.1 98789.8 85433.4 83694.7 96467.7 100106 80655.4 108956 118434 99761.7 92798.5 84768.6 79078.1 89441.7 86352.8
#pred cpue bio
 4.4074e+006 4.14333e+006 3.89168e+006 3.60498e+006 3.32342e+006 3.00965e+006 2.69988e+006 2.36989e+006 2.07073e+006 1.80126e+006 1.58553e+006 1.39472e+006 1.20815e+006 1.0688e+006 920409 843379 749089 688421 651943 625484 597849 579706 563183 554034 555575 541124 541384 548621 548613 544483 550936 554441 554355 551473 540576 520483 513623 505186 515246 528179 533545 534107 547736 553558 545101 549527 549683 550053 551661 548799 542761 518169 492197 500115 493232 502332 513778 510067 501562 514498 492882 457811 444406 441606 450572 468955 480356 1.75571e+007 1.10691e+007 1.16433e+007 1.23831e+007 1.32205e+007 1.40083e+007 1.46753e+007 1.52063e+007 1.56128e+007 1.59161e+007 1.61387e+007 1.63007e+007 1.6418e+007 1.65029e+007 1.65646e+007 1.66097e+007 1.66427e+007 1.66671e+007 1.66852e+007 1.66987e+007 1.67088e+007 1.67165e+007 1.67223e+007 1.67268e+007 1.67301e+007 1.67327e+007 1.67347e+007 1.67362e+007 1.67374e+007 1.67383e+007 1.6739e+007 1.67395e+007 1.67399e+007 1.67402e+007 1.67405e+007 1.67407e+007 1.67408e+007 1.67409e+007 1.6741e+007 1.67411e+007 1.67411e+007 1.67412e+007 1.67412e+007 1.67412e+007 1.67413e+007 1.67413e+007 1.67413e+007 1.67413e+007 1.67413e+007 1.67413e+007 1.67413e+007 1.67413e+007 1.67413e+007 1.67413e+007 1.67413e+007 1.67413e+007 1.67413e+007 1.67413e+007 1.67413e+007 1.67413e+007 1.67413e+007 1.67413e+007 1.67413e+007 1.67413e+007 1.67413e+007 1.67413e+007 1.67413e+007 1.67413e+007 1.67413e+007 1.67413e+007 1.67413e+007 1.67413e+007 1.67413e+007 1.67413e+007 1.67413e+007 1.67413e+007 1.67413e+007 1.67413e+007 1.67413e+007 1.67413e+007 1.67413e+007 1.67413e+007 1.67413e+007 1.67413e+007 1.67413e+007 1.67413e+007 1.67413e+007 1.67413e+007 1.67413e+007 1.67413e+007 1.67413e+007 1.67413e+007 1.67413e+007 1.67413e+007 1.67413e+007 1.67413e+007 1.67413e+007 1.67413e+007 1.67413e+007 1.67413e+007 0 0 0 0 0 0 0 0 0 0 0 0 0 0 0 0 0 0 0 0 0 0 0 0 0
#obs cpue bio
 2.96855e+006 4.00256e+006 2.95939e+006 2.8545e+006 3.13254e+006 2.82239e+006 2.2362e+006 1.81124e+006 1.71734e+006 2.16752e+006 1.30022e+006 1.21547e+006 902824 1.08002e+006 842031 674316 662242 699162 678518 481052 443304 509475 535763 620612 363919 390158 537322 545407 747840 512611 479224 568662 428113 563086 485603 591674 332118 846431 452814 618980 730419 638351 659139 580294 898035 590117 626488 515736 669140 365467 613768 415042 537838 366757 513235 682312 458338 493566 581203 695687 580072 440083 486391 429041 598011 426358 339672
#pred surv len freq
 0.00458383 0.00744654 0.0112202 0.0159028 0.0214108 0.0275049 0.0337532 0.039624 0.0446754 0.0486948 0.0516988 0.0538425 0.0553248 0.0563254 0.0569623 0.057268 0.0571933 0.056628 0.0554144 0.0533381 0.0501247 0.0455061 0.0393858 0.032032 0.0241393
 0.00497197 0.00797967 0.0118462 0.0165245 0.0219284 0.0278743 0.0340188 0.0398945 0.0450483 0.0491765 0.052176 0.0541248 0.0552344 0.0557837 0.0560321 0.0561367 0.056107 0.0558034 0.0549619 0.053229 0.0502204 0.0456333 0.0394176 0.031931 0.0239456
 0.0051116 0.00825893 0.0123557 0.0173615 0.0231503 0.0294412 0.0357635 0.041561 0.0463921 0.0500667 0.0526232 0.054218 0.0550431 0.0553069 0.0552285 0.0550009 0.054726 0.0543486 0.0536223 0.0521316 0.0493877 0.0450023 0.0388997 0.0314684 0.0235302
 0.00530991 0.00856188 0.0127813 0.0179286 0.023893 0.0304174 0.0370409 0.043171 0.0482719 0.0520308 0.0544017 0.05555 0.0557669 0.055388 0.0547202 0.0539899 0.0533112 0.0526541 0.0518059 0.0503603 0.047792 0.0436459 0.0377876 0.0305786 0.0228411
 0.00551776 0.00889713 0.0132799 0.01862 0.024793 0.0315212 0.0383211 0.0445869 0.0497844 0.0536055 0.0559868 0.0570424 0.0570029 0.056179 0.0549168 0.0535307 0.0522322 0.051069 0.0498792 0.0482814 0.0457463 0.0417842 0.0362059 0.0293178 0.0218986
 0.00574174 0.00926222 0.0138316 0.0194024 0.0258414 0.0328494 0.0399064 0.0463626 0.0516474 0.0554389 0.0576838 0.0585182 0.0581865 0.0569923 0.0552628 0.053309 0.0513774 0.0495895 0.0478739 0.0459277 0.0432661 0.0394004 0.0341014 0.0276072 0.0206199
 0.00595428 0.00960922 0.0143574 0.0201514 0.0268526 0.0341456 0.0414805 0.0481678 0.0535973 0.0574171 0.0595597 0.0601651 0.0594969 0.0578845 0.0556745 0.0531852 0.0506683 0.0482699 0.0459769 0.0435702 0.0406473 0.0367675 0.031694 0.0256034 0.0191033
 0.00619494 0.0100032 0.0149562 0.0210059 0.0280058 0.0356184 0.0432564 0.0501842 0.0557504 0.0595767 0.0615868 0.0619265 0.0608764 0.0587912 0.0560453 0.0529801 0.0498639 0.04686 0.0439891 0.041094 0.0378532 0.033896 0.0290084 0.0233238 0.017353
 0.00645823 0.0104234 0.0155748 0.0218596 0.0291231 0.0370139 0.0449202 0.0520726 0.0577837 0.0616453 0.0635634 0.0636797 0.0622849 0.0597545 0.0564888 0.0528549 0.0491432 0.0455392 0.0420957 0.0387077 0.0351259 0.0310507 0.0263042 0.020993 0.0155396
 0.00682025 0.0109887 0.0163827 0.0229323 0.0304642 0.0386061 0.0467209 0.0540107 0.0597655 0.0635673 0.0653241 0.0651858 0.0634529 0.0605114 0.0567742 0.0526223 0.0483625 0.0442006 0.0402201 0.0363652 0.0324534 0.0282541 0.0236296 0.018669 0.0137162
 0.00710247 0.0114479 0.017074 0.0239051 0.0317505 0.0402035 0.0485759 0.0560177 0.0617855 0.0654597 0.0669732 0.0665118 0.0644063 0.061062 0.0568995 0.0523012 0.0475744 0.0429326 0.0384821 0.0342098 0.0299954 0.0256743 0.0211499 0.0165012 0.0120041
 0.0073076 0.0117906 0.0176075 0.0246868 0.0328321 0.0416136 0.0503001 0.0579851 0.0638716 0.0675044 0.0688087 0.0679923 0.0654313 0.0615852 0.0569202 0.051844 0.0466689 0.0416045 0.0367599 0.0321458 0.0276881 0.0232778 0.0188566 0.0144977 0.0104193
 0.00757227 0.0122154 0.0182375 0.0255626 0.0339855 0.0430588 0.0520203 0.0599219 0.065923 0.0695329 0.0706577 0.0695069 0.0664824 0.06209 0.056853 0.05123 0.0455663 0.0400839 0.0348939 0.0300142 0.0253943 0.0209601 0.0166791 0.0126169 0.00894099
 0.00781388 0.0125931 0.0187783 0.0262838 0.0348942 0.0441515 0.0532801 0.0613141 0.0673944 0.0710145 0.0720674 0.0707522 0.0674654 0.0627182 0.057054 0.0509657 0.0448391 0.0389332 0.0333873 0.0282409 0.023465 0.0190073 0.0148473 0.0110377 0.00770131
 0.00831247 0.0133647 0.0198662 0.0276995 0.0366143 0.0461147 0.0553831 0.0634151 0.0693323 0.072641 0.0732754 0.0714872 0.0677197 0.0625143 0.0564277 0.0499561 0.0434869 0.0372858 0.0315056 0.0262051 0.0213764 0.0169849 0.0130146 0.00949939 0.00651769
 0.00831414 0.013411 0.0200159 0.0280325 0.0372101 0.0470187 0.056578 0.064816 0.0708094 0.0740555 0.0745096 0.0724578 0.0683778 0.0628382 0.0564155 0.049618 0.0428411 0.0363587 0.0303368 0.0248536 0.0199248 0.0155353 0.0116748 0.00836111 0.00563572
 0.00836527 0.0135114 0.0202011 0.0283528 0.037726 0.0477889 0.0576396 0.0661619 0.0723693 0.0756927 0.076041 0.0736973 0.069185 0.0631497 0.0562451 0.0490323 0.0419275 0.0352025 0.0290136 0.0234343 0.0184841 0.014155 0.0104372 0.00733339 0.00485319
 0.00839805 0.0135483 0.0202285 0.0283533 0.0376907 0.047734 0.0576176 0.066256 0.0726693 0.0762581 0.0768692 0.0747106 0.0702438 0.0640904 0.0569253 0.0493656 0.0418943 0.0348379 0.0283852 0.0226234 0.017576 0.0132349 0.00958419 0.00661017 0.00429522
 0.00850683 0.0136944 0.0203908 0.028491 0.0377526 0.0476754 0.0574192 0.0659376 0.0722947 0.0759283 0.0766994 0.0747944 0.0706151 0.0647025 0.0576606 0.0500727 0.0424359 0.0351267 0.0283974 0.0223901 0.0171641 0.0127272 0.00906232 0.00614074 0.00391984
 0.00863058 0.0138824 0.0206474 0.0288067 0.0381007 0.0480105 0.0576798 0.0660579 0.0722268 0.0756675 0.0762984 0.0743552 0.0702582 0.0645252 0.057701 0.0502965 0.0427509 0.0354195 0.0285734 0.0224011 0.0170146 0.0124617 0.00874413 0.00583033 0.00365982
 0.00874878 0.0140722 0.0209278 0.0291915 0.0385928 0.0485937 0.0583108 0.066665 0.0727204 0.0759609 0.076334 0.0741255 0.0698144 0.0639657 0.0571421 0.0498333 0.042427 0.0352194 0.0284406 0.0222714 0.0168449 0.0122441 0.00849989 0.00559357 0.00346015
 0.00874161 0.0140698 0.0209416 0.0292393 0.0386955 0.0487697 0.058569 0.0669988 0.0731037 0.0763486 0.0766671 0.0743435 0.0698739 0.0638574 0.0568981 0.0495172 0.04211 0.0349526 0.0282394 0.0221188 0.0167104 0.0121046 0.00835096 0.00544663 0.00333181
 0.0088042 0.014156 0.0210434 0.0293413 0.0387821 0.0488348 0.0586223 0.0670636 0.073206 0.0765028 0.0768657 0.0745559 0.0700545 0.0639608 0.0568949 0.0494064 0.0419186 0.0347244 0.0280158 0.0219237 0.0165477 0.0119662 0.00822863 0.00533864 0.00324174
 0.00892334 0.0143265 0.0212562 0.0295717 0.0389943 0.0489915 0.0586953 0.0670422 0.0731017 0.0763489 0.0767093 0.0744418 0.0700071 0.0639748 0.0569397 0.0494422 0.0419155 0.0346732 0.0279269 0.0218168 0.0164405 0.0118683 0.00814311 0.0052661 0.00318307
 0.00883431 0.0142068 0.0211216 0.0294495 0.0389128 0.0489639 0.0587097 0.0670649 0.0730948 0.0762918 0.0766111 0.0743378 0.069943 0.0639856 0.0570349 0.0496029 0.0421042 0.03485 0.0280643 0.0219052 0.0164848 0.0118804 0.00813519 0.00524812 0.00316229
 0.00883758 0.0142178 0.0211496 0.0295092 0.0390232 0.0491449 0.058974 0.0674079 0.0734849 0.0766693 0.0769015 0.0744778 0.0699062 0.0637934 0.0567448 0.0492825 0.0418057 0.0345986 0.0278619 0.0217425 0.0163516 0.0117711 0.00804775 0.00518152 0.00311472
 0.00877245 0.0141066 0.0209734 0.0292503 0.0386733 0.0487162 0.0585083 0.0669744 0.0731647 0.0765291 0.0769698 0.074734 0.070288 0.0642199 0.0571455 0.0496165 0.0420643 0.0347934 0.028009 0.0218529 0.0164307 0.0118223 0.00807581 0.00519292 0.00311629
 0.00863979 0.0139021 0.0206861 0.0288763 0.0382148 0.0481815 0.0579148 0.0663554 0.072574 0.0760393 0.0766592 0.0746644 0.0704823 0.0646499 0.0577386 0.0502796 0.042712 0.0353675 0.0284826 0.0222225 0.0167055 0.0120162 0.00820412 0.00527144 0.00316003
 0.00862418 0.0138684 0.0206201 0.0287603 0.0380324 0.0479245 0.057589 0.0659806 0.072179 0.075656 0.0763209 0.0744075 0.0703452 0.064664 0.0579146 0.0505971 0.0431224 0.0358092 0.0288997 0.0225779 0.0169835 0.0122178 0.00834013 0.00535641 0.00320879
 0.00863035 0.0138799 0.0206394 0.0287881 0.0380649 0.0479501 0.0575874 0.0659276 0.0720558 0.0754584 0.0760643 0.0741235 0.0700746 0.0644486 0.0577898 0.050584 0.0432211 0.0359971 0.0291379 0.0228238 0.017203 0.0123919 0.00846462 0.00543725 0.00325654
 0.00840877 0.0135524 0.0202078 0.0282765 0.0375137 0.047406 0.0570942 0.0655211 0.0717606 0.0752862 0.076013 0.0741817 0.070227 0.0646818 0.0580934 0.0509494 0.0436372 0.0364459 0.0295933 0.0232544 0.0175793 0.0126943 0.00868711 0.00558681 0.00334818
 0.00826567 0.0133175 0.0198519 0.0277763 0.036863 0.0466292 0.0562564 0.0647212 0.0711063 0.0748607 0.0758523 0.0742722 0.0705215 0.0651208 0.0586218 0.0515244 0.0442285 0.0370308 0.0301514 0.0237645 0.0180209 0.0130519 0.00895522 0.00577139 0.00346413
 0.00819625 0.0132026 0.0196746 0.0275175 0.0365037 0.0461556 0.0556687 0.0640433 0.0703922 0.0741915 0.0753205 0.0739572 0.0704656 0.065318 0.0590253 0.0520665 0.0448411 0.0376583 0.030753 0.0243111 0.0184919 0.0134341 0.00924454 0.0059736 0.00359352
 0.0079692 0.0128743 0.0192553 0.0270411 0.0360155 0.0456933 0.0552488 0.0636609 0.070033 0.0738486 0.0750076 0.0737113 0.0703376 0.0653544 0.059249 0.0524658 0.0453733 0.0382635 0.0313704 0.0248907 0.0189984 0.0138476 0.00955896 0.0061948 0.00373638
 0.00794111 0.0128036 0.0191053 0.0267687 0.0355897 0.0451199 0.054585 0.0630049 0.0694871 0.0734774 0.0748184 0.073667 0.0703911 0.0654781 0.0594425 0.0527436 0.0457436 0.0387144 0.0318688 0.0253924 0.0194607 0.0142392 0.00986424 0.00641345 0.00387965
 0.00874908 0.0139507 0.0205215 0.0282788 0.0369562 0.0461177 0.0550669 0.0629316 0.0689203 0.072551 0.0736994 0.0725139 0.0693191 0.0645477 0.058672 0.0521329 0.045291 0.0384178 0.0317181 0.0253628 0.0195154 0.0143376 0.00997172 0.00650722 0.00394953
 0.00927796 0.0148107 0.0218058 0.0300467 0.0391881 0.0486631 0.0576196 0.0650747 0.0702507 0.0728272 0.0729273 0.0709241 0.0672589 0.0623573 0.0566033 0.0503278 0.0438027 0.0372468 0.0308395 0.0247404 0.0191053 0.0140908 0.00983909 0.00644566 0.00392648
 0.00921592 0.0147953 0.0219425 0.0304908 0.0401096 0.0501832 0.0597421 0.0676431 0.0729502 0.0752405 0.0746357 0.0716281 0.0668728 0.0610281 0.0546438 0.0481007 0.0416171 0.0353054 0.0292397 0.0235018 0.018201 0.0134697 0.00944003 0.0062075 0.00379534
 0.00886811 0.0142648 0.0212161 0.0295975 0.039136 0.0492836 0.0591324 0.0675602 0.0735722 0.0765952 0.0765498 0.0737545 0.0687949 0.0623956 0.0552788 0.0480301 0.0410248 0.0344405 0.0283275 0.0226942 0.0175688 0.0130222 0.00915111 0.0060371 0.00370388
 0.00859477 0.0138328 0.0205902 0.0287571 0.0380844 0.0480623 0.0578388 0.0663551 0.0726662 0.0762052 0.0768329 0.074741 0.0703502 0.0642395 0.0570668 0.0494651 0.0419469 0.0348524 0.0283531 0.0225033 0.01731 0.0127891 0.00898192 0.0059327 0.00364815
 0.00854161 0.0137323 0.0204126 0.0284654 0.0376416 0.0474457 0.0570546 0.0654489 0.0717256 0.0753542 0.0762182 0.0745049 0.0705887 0.0649573 0.0581531 0.0507138 0.0431222 0.0357688 0.0289308 0.0227702 0.017361 0.0127311 0.00889551 0.00586026 0.00360166
 0.00864685 0.0138809 0.020593 0.0286489 0.0377852 0.0474991 0.0569695 0.0651893 0.0712795 0.0747459 0.0755154 0.0738154 0.0700414 0.0646701 0.0581939 0.0510704 0.0436979 0.036415 0.0295019 0.0231749 0.0175815 0.0128071 0.00888853 0.00582318 0.00356535
 0.00845992 0.0136154 0.0202638 0.0282914 0.0374422 0.0472006 0.0567184 0.0649624 0.0710426 0.0744742 0.0752089 0.0735036 0.0697797 0.0645278 0.0582365 0.0513359 0.0441761 0.0370407 0.0301719 0.023783 0.0180552 0.0131244 0.00907083 0.00591239 0.00360216
 0.00828568 0.0133474 0.019891 0.027819 0.036896 0.0466293 0.0561901 0.0645505 0.0708004 0.0744113 0.0752857 0.0736522 0.0699386 0.064671 0.0583805 0.0515246 0.0444524 0.0374196 0.0306277 0.0242582 0.0184846 0.0134615 0.00930092 0.00604909 0.00367291
 0.00842053 0.0135284 0.0200928 0.0279945 0.0369901 0.0466006 0.0560299 0.0642879 0.0704918 0.0741197 0.0750583 0.0735057 0.0698574 0.0646213 0.0583331 0.0514737 0.0444183 0.0374339 0.0307112 0.0244057 0.0186664 0.013639 0.00944428 0.00614655 0.00372905
 0.0084367 0.0135567 0.0201369 0.0280537 0.0370525 0.0466376 0.0559968 0.0641381 0.070201 0.0737081 0.0745942 0.0730828 0.0695583 0.0644869 0.0583548 0.0516097 0.0446204 0.0376673 0.0309585 0.024658 0.0189122 0.013861 0.0096257 0.00627843 0.00381362
 0.00846767 0.0136057 0.0202083 0.0281508 0.0371772 0.0467879 0.0561631 0.064298 0.0703185 0.0737395 0.0745041 0.072864 0.0692426 0.0641377 0.0580429 0.0513863 0.0445034 0.0376461 0.0310085 0.0247534 0.0190309 0.0139841 0.00973699 0.00636693 0.00387536
 0.0085275 0.013693 0.0203211 0.0282815 0.0373146 0.0469217 0.0562868 0.0644085 0.0704125 0.0738089 0.0745335 0.0728326 0.0691336 0.06395 0.0577985 0.0511265 0.044274 0.0374805 0.0309189 0.0247322 0.0190592 0.0140398 0.00980066 0.0064245 0.00391938
 0.00858969 0.0137881 0.0204527 0.0284476 0.0375071 0.0471262 0.0564834 0.0645752 0.0705303 0.0738679 0.0745339 0.072781 0.0690362 0.0638095 0.0576175 0.0509142 0.0440504 0.037273 0.0307528 0.0246219 0.0190042 0.0140282 0.00981535 0.00644963 0.00394393
 0.00853412 0.0137257 0.02041 0.0284652 0.0376272 0.0473733 0.0568487 0.0650138 0.0709748 0.0742488 0.0747989 0.0729042 0.0690182 0.0636701 0.0573863 0.0506233 0.0437309 0.0369548 0.0304637 0.0243834 0.0188278 0.0139129 0.00975044 0.00641959 0.00393391
 0.00854721 0.0137377 0.0204127 0.0284503 0.037595 0.0473421 0.0568574 0.0651103 0.0711919 0.0745808 0.0751949 0.0732848 0.0693054 0.0638142 0.0573761 0.05048 0.0434945 0.0366703 0.0301723 0.0241181 0.01861 0.0137519 0.00964374 0.00635678 0.00390146
 0.00874047 0.0140416 0.0208496 0.0290297 0.0383075 0.0481529 0.0577033 0.0659084 0.0718596 0.075059 0.0754586 0.0733352 0.069155 0.0634767 0.0568697 0.0498354 0.0427589 0.0359025 0.0294323 0.023456 0.0180596 0.0133271 0.00934074 0.00615796 0.0037821
 0.00901354 0.0144605 0.0214333 0.0297789 0.0392048 0.049164 0.0587747 0.0669645 0.0728068 0.0757998 0.0759121 0.0734565 0.0689437 0.0629723 0.0561359 0.0489443 0.0417809 0.0349039 0.0284745 0.0225924 0.0173298 0.0127519 0.00892014 0.00587425 0.00360658
 0.00887441 0.0142584 0.0211739 0.0294841 0.038908 0.0489024 0.0585833 0.0668748 0.0728455 0.0759845 0.0762421 0.0739043 0.0694542 0.0634739 0.0565586 0.0492375 0.0419226 0.0349008 0.0283554 0.0223997 0.0171085 0.0125408 0.00874488 0.00574537 0.00352204
 0.0088274 0.0141954 0.0211045 0.029427 0.0388878 0.0489429 0.0587007 0.0670716 0.0731091 0.0762886 0.0765533 0.0741909 0.0696923 0.063648 0.0566581 0.0492532 0.0418487 0.0347399 0.0281227 0.0221224 0.0168208 0.0122753 0.0085251 0.00558181 0.0034126
 0.00868225 0.0139606 0.0207553 0.0289457 0.0382733 0.0482226 0.0579392 0.0663663 0.0725691 0.0760038 0.0765684 0.0744962 0.0702319 0.0643379 0.0574073 0.0499792 0.0424875 0.0352504 0.0284883 0.0223493 0.0169331 0.0123074 0.0085118 0.00555115 0.00338208
 0.00869461 0.0139547 0.0206979 0.0287893 0.0379675 0.0477338 0.0572696 0.0655647 0.0717262 0.075236 0.0759934 0.0742055 0.0702684 0.0646859 0.0579983 0.0507135 0.0432592 0.0359695 0.0290931 0.0228106 0.017251 0.012503 0.00861709 0.00559879 0.00339856
 0.00872594 0.014025 0.0208367 0.0290286 0.0383242 0.0481868 0.0577464 0.0659518 0.0719071 0.0751383 0.0756207 0.0736374 0.069631 0.0641087 0.0575768 0.050488 0.0432152 0.0360543 0.0292405 0.0229626 0.0173707 0.0125771 0.00865027 0.00560459 0.00339121
 0.00864314 0.0139159 0.0207213 0.0289452 0.0383232 0.0483177 0.0580398 0.0664023 0.072461 0.0756957 0.0760582 0.0738491 0.06957 0.063807 0.0571299 0.0500142 0.0428122 0.0357723 0.0290806 0.0228936 0.0173516 0.0125749 0.00864693 0.00559547 0.00337881
 0.00858581 0.0137885 0.0204693 0.0285044 0.0376463 0.0474102 0.0569879 0.0653669 0.0716335 0.0752329 0.0760285 0.0742146 0.0702096 0.0645664 0.0578761 0.0506706 0.043362 0.0362362 0.0294852 0.0232515 0.0176593 0.012822 0.00882804 0.00571493 0.00344923
 0.00897333 0.0143819 0.0212897 0.0295361 0.0388277 0.0486303 0.0580919 0.066184 0.0720277 0.0751556 0.0755397 0.073454 0.0693353 0.0636976 0.0570708 0.0499393 0.042699 0.0356431 0.0289762 0.0228427 0.017356 0.0126144 0.00869562 0.00563504 0.00340291
 0.00932138 0.014954 0.0221597 0.030769 0.0404564 0.0506218 0.0603166 0.0684117 0.0739657 0.0765198 0.0761305 0.0732092 0.0683398 0.06215 0.0552181 0.0480108 0.0408636 0.0340021 0.0275792 0.0217069 0.0164776 0.0119726 0.0082555 0.00535311 0.00323486
 0.00931108 0.014956 0.0221999 0.0308901 0.0407159 0.0510827 0.0610311 0.0693979 0.0751823 0.0778507 0.0773932 0.0741942 0.0688719 0.0621433 0.0547002 0.0471045 0.0397398 0.0328277 0.0264816 0.0207634 0.015722 0.0114064 0.00785924 0.00509526 0.00307963
 0.00930252 0.0149288 0.0221363 0.0307704 0.0405302 0.0508473 0.0608002 0.0692599 0.0752368 0.0781719 0.0779947 0.0750102 0.0697652 0.0629412 0.0552477 0.0473129 0.0396092 0.0324343 0.0259411 0.0201899 0.0152004 0.0109835 0.00754814 0.00488615 0.00295104
 0.00955184 0.0152637 0.0225098 0.0310938 0.0406968 0.0507717 0.0604539 0.068687 0.0745457 0.0775094 0.0775104 0.0748174 0.0699056 0.0633685 0.0558396 0.0479125 0.0400777 0.0326936 0.0259866 0.0200739 0.0149989 0.0107658 0.00735982 0.00474638 0.00285955
 0.00981198 0.0156566 0.0230414 0.03174 0.0413976 0.0514308 0.0609471 0.0688881 0.0743695 0.076956 0.0766825 0.0738944 0.0690844 0.0627981 0.055579 0.0479245 0.0402575 0.0329162 0.0261535 0.020139 0.0149678 0.0106748 0.00725084 0.00464972 0.00278874
 0.00960242 0.0154119 0.0228485 0.0317337 0.0417174 0.052154 0.0620335 0.0701714 0.0756028 0.0778903 0.077142 0.0738239 0.0685564 0.0619808 0.054676 0.0471082 0.0396239 0.0324767 0.0258613 0.0199299 0.0147934 0.0105153 0.0071082 0.00453345 0.00270457
#obs surv len freq
 nan nan nan nan nan nan nan nan nan nan nan nan nan nan nan nan nan nan nan nan nan nan nan nan nan
 0.00447938 0.00733887 0.0111679 0.015985 0.0216884 0.0279682 0.0342867 0.0400216 0.044703 0.0481668 0.0505234 0.0520171 0.052907 0.0534172 0.0537297 0.0539832 0.0542607 0.0545528 0.0546912 0.0542828 0.0527209 0.0493531 0.0438032 0.0362837 0.027668
 0.00461256 0.0075552 0.0114929 0.0164417 0.022292 0.0287178 0.0351572 0.0409601 0.0456352 0.0490107 0.0512036 0.0524773 0.053116 0.053371 0.0534477 0.0535012 0.0536215 0.0537989 0.0538616 0.0534146 0.0518525 0.0485274 0.0430642 0.035669 0.0271981
 0.00477936 0.00782795 0.0119063 0.0170285 0.0230766 0.0297052 0.0363221 0.0422426 0.0469483 0.0502548 0.0522822 0.053307 0.0536338 0.0535395 0.0532583 0.0529733 0.0527976 0.0527361 0.052625 0.0520738 0.0504825 0.0472084 0.0418758 0.0346767 0.0264383
 0.00497497 0.00814907 0.0123953 0.017727 0.0240168 0.0308976 0.0377415 0.0438232 0.0485919 0.0518476 0.0537121 0.0544744 0.0544569 0.0539577 0.053236 0.0525026 0.0518997 0.0514607 0.0510465 0.0502888 0.0486063 0.0453689 0.0402 0.0332685 0.025356
 0.00518203 0.00848823 0.0129107 0.0184619 0.0250063 0.0321561 0.0392493 0.0455205 0.0503851 0.0536252 0.0553597 0.0558852 0.0555368 0.0546287 0.0534392 0.052202 0.051087 0.0501601 0.0493206 0.0482411 0.0463792 0.0431333 0.038131 0.0315124 0.0239982
 0.00542053 0.00887743 0.0134992 0.0192961 0.0261218 0.0335637 0.0409215 0.0473864 0.05234 0.0555506 0.0571407 0.0574194 0.0567362 0.0554178 0.0537546 0.0519944 0.0503261 0.0488445 0.0474902 0.04599 0.0438608 0.0405493 0.0357007 0.0294259 0.0223722
 0.00567088 0.00928712 0.0141208 0.0201802 0.0273074 0.0350629 0.0427038 0.0493729 0.0544156 0.0575856 0.0590125 0.0590234 0.0579883 0.0562508 0.0541133 0.0518318 0.0496052 0.0475471 0.0456346 0.0436517 0.0411874 0.0377549 0.0330327 0.0271084 0.0205505
 0.00589381 0.00965703 0.0146916 0.0210071 0.0284365 0.0365139 0.0444528 0.0513459 0.0564988 0.0596475 0.0609254 0.0606763 0.0592916 0.0571353 0.054526 0.0517306 0.0489553 0.0463261 0.0438484 0.0413588 0.0385207 0.034924 0.0302929 0.0247019 0.0186418
 0.00614696 0.0100678 0.0153086 0.0218759 0.0295924 0.0379696 0.0461843 0.0532859 0.0585436 0.0616738 0.0628088 0.0623047 0.0605721 0.0579968 0.054917 0.0516139 0.0483029 0.0451203 0.0420934 0.0391045 0.035887 0.032109 0.0275476 0.0222721 0.0167014
 0.0063939 0.0104735 0.0159267 0.0227582 0.0307775 0.0394663 0.0479551 0.0552441 0.0605679 0.0636346 0.0645896 0.0638116 0.0617323 0.0587544 0.0552291 0.0514471 0.0476323 0.0439303 0.0403887 0.03693 0.0333514 0.0293952 0.0248919 0.0199112 0.014807
 0.00661767 0.0108425 0.0164919 0.0235705 0.0318778 0.0408698 0.0496345 0.0571225 0.0625292 0.0655454 0.0663224 0.0652609 0.0628213 0.0594337 0.0554701 0.0512331 0.0469514 0.0427756 0.0387677 0.0348841 0.0309786 0.0268602 0.0224101 0.0177006 0.0130285
 0.00682493 0.0111832 0.0170118 0.0243147 0.0328826 0.0421488 0.0511641 0.0588366 0.0643266 0.0673085 0.0679349 0.0666207 0.0638473 0.0600695 0.0556829 0.0510091 0.0462881 0.0416784 0.0372536 0.0329964 0.0288069 0.0245513 0.0201548 0.0156927 0.0114117
 0.00706713 0.0115765 0.0176025 0.0251449 0.0339809 0.0435167 0.0527625 0.0605819 0.0661037 0.0689929 0.0694148 0.067808 0.0646806 0.0605112 0.0557155 0.0506304 0.0455065 0.0405102 0.035726 0.0311585 0.0267446 0.0223965 0.0180744 0.0138544 0.00993829
 0.00728059 0.0119287 0.0181418 0.0259182 0.035023 0.0448336 0.0543153 0.0622828 0.0678301 0.0706132 0.0708123 0.0688948 0.0654007 0.0608376 0.0556438 0.0501715 0.0446806 0.0393433 0.034253 0.0294318 0.0248462 0.0204442 0.0162119 0.0122228 0.00863828
 0.0074563 0.0122171 0.018581 0.0265459 0.0358694 0.04591 0.0556015 0.0637207 0.0693289 0.0720645 0.072107 0.0699377 0.0661208 0.0611928 0.0556205 0.0497787 0.0439425 0.0382933 0.0329331 0.0278979 0.0231768 0.0187442 0.0146043 0.0108246 0.00753058
 0.00754033 0.0123573 0.0187992 0.0268661 0.0363148 0.0464974 0.0563344 0.0645851 0.0702924 0.0730786 0.0731108 0.0708616 0.0668918 0.0617435 0.0558975 0.0497501 0.0435995 0.0376489 0.0320198 0.0267678 0.0219036 0.0174228 0.013342 0.00972093 0.00665385
 0.00759511 0.0124411 0.0189161 0.0270185 0.0365052 0.0467316 0.0566227 0.0649404 0.0707258 0.0735937 0.0736978 0.0714938 0.0675254 0.0623201 0.0563522 0.0500209 0.0436384 0.0374305 0.0315461 0.0260702 0.0210416 0.0164796 0.0124122 0.00889264 0.0059884
 0.00765618 0.0125343 0.0190449 0.0271813 0.0366962 0.0469412 0.0568399 0.0651555 0.0709354 0.073804 0.073924 0.0717527 0.0678243 0.0626481 0.0566764 0.0502911 0.0437972 0.0374275 0.0313508 0.0256817 0.0204926 0.0158318 0.0117441 0.0082807 0.00548821
 0.00771054 0.0126167 0.0191576 0.0273222 0.0368587 0.0471157 0.0570143 0.0653169 0.071073 0.0739134 0.07401 0.0718296 0.0679115 0.0627616 0.0568197 0.0504485 0.0439339 0.0374973 0.0313101 0.0255048 0.0201827 0.0154232 0.0112932 0.0078494 0.00512551
 0.00778198 0.0127248 0.019305 0.0275055 0.0370688 0.0473385 0.0572324 0.0655113 0.071226 0.0740131 0.0740539 0.0718256 0.0678761 0.0627157 0.0567826 0.0504305 0.0439306 0.0374878 0.0312631 0.0253904 0.0199868 0.0151554 0.0109858 0.0075453 0.00486311
 0.00782943 0.0128006 0.0194163 0.0276568 0.03726 0.0475622 0.0574719 0.0657419 0.0714208 0.0741504 0.0741229 0.0718278 0.0678229 0.0626251 0.0566745 0.0503229 0.0438343 0.0374023 0.0311758 0.0252823 0.0198419 0.0149708 0.0107751 0.00733391 0.00467721
 0.00786808 0.0128586 0.0194947 0.027754 0.0373725 0.0476865 0.0576048 0.0658793 0.0715561 0.0742732 0.0742203 0.0718881 0.0678392 0.0625977 0.0566116 0.0502374 0.0437397 0.0373077 0.0310826 0.0251844 0.0197304 0.0148412 0.010632 0.00719047 0.00454956
 0.00787219 0.012865 0.0195038 0.0277657 0.0373863 0.0477017 0.0576206 0.0658962 0.0715764 0.0743009 0.0742597 0.0719399 0.067899 0.0626565 0.0566592 0.0502668 0.0437489 0.037299 0.031059 0.0251469 0.0196777 0.0147725 0.0105507 0.00710491 0.00447035
 0.00787959 0.0128713 0.0195031 0.0277495 0.0373464 0.0476346 0.0575309 0.0657964 0.0714834 0.0742313 0.0742252 0.0719463 0.0679454 0.0627359 0.0567598 0.0503739 0.0438488 0.0373814 0.0311183 0.025181 0.0196871 0.0147594 0.0105199 0.00706368 0.00442737
 0.00789568 0.0128934 0.0195283 0.0277718 0.0373574 0.0476249 0.0574928 0.0657266 0.0713855 0.0741171 0.0741132 0.0718567 0.0678948 0.0627323 0.056801 0.0504497 0.0439437 0.0374792 0.0312053 0.0252481 0.0197299 0.0147783 0.0105187 0.007049 0.00440657
 0.00789025 0.0128848 0.0195157 0.0277542 0.0373335 0.0475927 0.0574499 0.0656706 0.0713154 0.0740349 0.0740252 0.0717739 0.0678309 0.0627004 0.0568097 0.0504996 0.0440274 0.037583 0.0313131 0.0253455 0.0198068 0.0148306 0.0105475 0.00705929 0.00440522
 0.00790106 0.0128967 0.0195234 0.0277495 0.037308 0.0475416 0.0573748 0.0655795 0.0712196 0.0739444 0.0739467 0.0717108 0.0677855 0.0626761 0.056811 0.0505302 0.0440876 0.0376674 0.0314114 0.0254446 0.0198947 0.014899 0.0105938 0.00708574 0.00441702
 0.00789664 0.0128918 0.0195198 0.0277493 0.0373119 0.0475467 0.0573736 0.0655625 0.0711796 0.073881 0.0738675 0.0716285 0.067713 0.0626229 0.056782 0.0505275 0.044111 0.0377146 0.0314767 0.0255192 0.0199683 0.0149625 0.0106418 0.00711722 0.00443462
 0.00786401 0.0128384 0.0194393 0.0276368 0.0371666 0.0473745 0.0571894 0.0653873 0.0710348 0.0737814 0.0738176 0.0716245 0.0677474 0.0626886 0.0568736 0.0506401 0.0442396 0.0378533 0.0316187 0.0256567 0.0200932 0.0150676 0.0107228 0.00717381 0.00447006
 0.00785099 0.0128128 0.0193928 0.027559 0.0370479 0.0472106 0.0569853 0.0651595 0.0708085 0.0735847 0.073675 0.0715513 0.0677469 0.0627532 0.0569891 0.0507907 0.0444107 0.0380331 0.0317972 0.025825 0.0202433 0.0151934 0.0108205 0.00724348 0.00451521
 0.00781278 0.0127502 0.0192974 0.0274231 0.0368653 0.04698 0.0567133 0.064862 0.0705099 0.0733146 0.0734632 0.0714225 0.0677163 0.0628228 0.0571478 0.051017 0.0446787 0.0383173 0.032076 0.0260821 0.020467 0.0153766 0.0109609 0.00734313 0.00458015
 0.00780503 0.012736 0.0192729 0.027383 0.0368039 0.0468919 0.0565947 0.0647127 0.070334 0.0731216 0.0732684 0.0712458 0.06758 0.062747 0.0571452 0.0510896 0.0448168 0.0385021 0.0322848 0.0262925 0.0206609 0.0155414 0.0110904 0.00743692 0.00464233
 0.00778524 0.012701 0.0192152 0.0272945 0.0366777 0.0467265 0.0563964 0.0644957 0.070117 0.0729231 0.0731024 0.0711219 0.0675047 0.0627257 0.0571823 0.051187 0.044971 0.0387026 0.0325139 0.0265289 0.0208837 0.0157342 0.0112437 0.0075487 0.00471687
 0.00773868 0.0126306 0.0191189 0.0271732 0.0365345 0.0465647 0.0562198 0.0643093 0.069929 0.0727455 0.0729497 0.0710083 0.0674407 0.0627167 0.0572292 0.0512874 0.0451199 0.0388919 0.0327313 0.0267576 0.0211047 0.0159305 0.0114033 0.00766737 0.00479714
 0.00931768 0.0148355 0.021769 0.0298781 0.0388093 0.0480119 0.0566727 0.0638561 0.0688242 0.0712818 0.0713666 0.0694613 0.0660144 0.0614508 0.0561389 0.0503749 0.04438 0.0383142 0.032301 0.0264555 0.0209076 0.0158129 0.0113406 0.00763846 0.0047864
 0.0093019 0.0151027 0.0226868 0.0319017 0.0422815 0.0528947 0.0623778 0.0693429 0.0729711 0.0733312 0.071176 0.0674395 0.0628432 0.0577933 0.0524773 0.0469878 0.0413962 0.035776 0.0302079 0.0247856 0.0196258 0.0148729 0.0106874 0.00721194 0.00452688
 0.00896869 0.0145767 0.0219461 0.0309934 0.041376 0.0523226 0.062591 0.0707524 0.0757008 0.0770344 0.075079 0.0706381 0.064681 0.0580903 0.0514956 0.0452165 0.0393203 0.0337457 0.0284181 0.0233146 0.0184826 0.0140307 0.0101015 0.00682947 0.00429455
 0.00879058 0.0142804 0.0214885 0.0303327 0.040488 0.0512311 0.061407 0.0697028 0.0751121 0.077243 0.0762798 0.0727388 0.0672689 0.0605661 0.0533175 0.0461084 0.0393262 0.0331297 0.0275039 0.0223648 0.0176536 0.0133853 0.00964193 0.00652755 0.00411138
 0.00873031 0.0141742 0.0213127 0.030058 0.040084 0.0506746 0.0606953 0.0688692 0.074242 0.0764849 0.075835 0.0728114 0.067976 0.0618495 0.0549214 0.0476614 0.0404934 0.0337422 0.0275926 0.0220954 0.0172249 0.012952 0.00928813 0.00627744 0.00395388
 0.00871021 0.0141387 0.0212531 0.029963 0.0399391 0.0504635 0.0604029 0.0684855 0.0737691 0.075948 0.0752939 0.0723674 0.0677589 0.0619762 0.0554359 0.0484888 0.041448 0.034598 0.028179 0.0223579 0.0172202 0.0127936 0.00908463 0.00609836 0.00382605
 0.00867045 0.0140783 0.02117 0.0298575 0.0398128 0.0503176 0.0602367 0.068296 0.0735515 0.0756984 0.0750151 0.0720779 0.0675015 0.0618184 0.0554523 0.048727 0.0418929 0.0351623 0.0287324 0.0227838 0.0174628 0.0128676 0.00904937 0.0060191 0.00374824
 0.0086705 0.0140744 0.0211572 0.0298289 0.0397621 0.0502421 0.060139 0.0681831 0.0734309 0.0755732 0.0748828 0.0719338 0.0673471 0.0616699 0.0553443 0.0487043 0.0419905 0.0353816 0.0290312 0.0230908 0.0177092 0.013017 0.00910592 0.00601376 0.00371654
 0.00865903 0.0140577 0.0211353 0.0298025 0.0397314 0.0502058 0.0600937 0.0681251 0.0733587 0.0754888 0.0747916 0.0718417 0.067258 0.0615872 0.0552751 0.0486637 0.0419994 0.0354568 0.0291719 0.0232722 0.0178912 0.0131624 0.00919621 0.00605281 0.00372184
 0.00864442 0.0140331 0.021097 0.0297471 0.0396574 0.0501152 0.0599933 0.0680252 0.0732697 0.075418 0.0747407 0.0718085 0.0672389 0.0615791 0.0552771 0.0486784 0.0420335 0.035519 0.0292671 0.0233955 0.0180258 0.0132857 0.00929005 0.00611083 0.0037494
 0.0086351 0.0140195 0.021079 0.0297254 0.0396323 0.0500862 0.0599587 0.0679834 0.0732206 0.0753643 0.0746877 0.0717619 0.0672027 0.0615549 0.0552645 0.0486771 0.0420452 0.035547 0.0293151 0.0234631 0.0181067 0.0133678 0.00936061 0.00616175 0.00377969
 0.00861535 0.0139894 0.0210377 0.0296736 0.0395725 0.0500225 0.0598963 0.0679276 0.0731755 0.0753318 0.0746674 0.071752 0.0672018 0.0615622 0.0552799 0.0487007 0.0420769 0.0355874 0.0293648 0.0235221 0.018172 0.0134336 0.00941934 0.00620742 0.00381024
 0.00863297 0.0140142 0.0210679 0.0297052 0.0396002 0.0500416 0.0599041 0.0679239 0.0731619 0.0753101 0.0746395 0.0717192 0.0671653 0.0615237 0.055242 0.0486666 0.0420501 0.0355711 0.029361 0.0235314 0.0181928 0.0134617 0.00944938 0.00623408 0.00383023
 0.00862672 0.0140082 0.0210663 0.0297137 0.0396239 0.0500814 0.059955 0.0679752 0.0732018 0.0753302 0.0746373 0.0716979 0.0671309 0.0614824 0.0551987 0.0486249 0.0420131 0.0355415 0.0293414 0.0235229 0.0181951 0.0134726 0.00946488 0.00625012 0.00384366
 0.00862337 0.0140002 0.0210498 0.0296847 0.0395803 0.0500259 0.0598963 0.0679265 0.0731747 0.0753299 0.0746599 0.0717336 0.0671688 0.061515 0.0552231 0.0486419 0.0420251 0.0355511 0.0293511 0.0235346 0.0182096 0.0134894 0.0094824 0.00626621 0.00385661
 0.00862337 0.0140002 0.0210498 0.0296847 0.0395803 0.0500259 0.0598963 0.0679265 0.0731747 0.0753299 0.0746599 0.0717336 0.0671688 0.061515 0.0552231 0.0486419 0.0420251 0.0355511 0.0293511 0.0235346 0.0182096 0.0134894 0.0094824 0.00626621 0.00385661
 0.00879271 0.0142719 0.0214505 0.0302316 0.0402724 0.0508326 0.0607498 0.0687278 0.0738167 0.0757277 0.0747735 0.0715711 0.0667752 0.0609548 0.0545653 0.0479501 0.0413514 0.0349341 0.0288154 0.0230927 0.0178638 0.0132337 0.00930512 0.00615174 0.00378829
 0.00888902 0.01444 0.0217241 0.0306478 0.040861 0.0515999 0.0616633 0.0697112 0.0747608 0.0765139 0.0752999 0.0717742 0.0666408 0.0605175 0.0538963 0.0471387 0.0404869 0.0340923 0.0280519 0.022442 0.0173412 0.0128388 0.00902545 0.00596724 0.00367568
 0.00874 0.0142096 0.0214019 0.0302384 0.0403906 0.0511219 0.0612579 0.0694728 0.0747698 0.0768045 0.07584 0.0724713 0.0673703 0.06116 0.0543682 0.0474064 0.0405638 0.0340232 0.0278941 0.0222489 0.017153 0.0126796 0.00890493 0.00588466 0.00362429
 0.00891179 0.0144618 0.0217304 0.03062 0.0407878 0.0514917 0.0615625 0.0696876 0.0748908 0.07685 0.0758446 0.0724692 0.067377 0.0611625 0.0543317 0.0472924 0.0403503 0.0337159 0.0275241 0.0218609 0.0167904 0.0123739 0.0086708 0.00572126 0.00352041
 0.00870592 0.014157 0.0213273 0.0301388 0.0402625 0.0509608 0.0610629 0.0692538 0.0745571 0.0766512 0.0758123 0.0726243 0.0677202 0.0616667 0.054941 0.0479311 0.0409402 0.0341962 0.0278654 0.0220669 0.016889 0.0124024 0.00866332 0.0057018 0.00350184
 0.00868588 0.0140951 0.0211819 0.0298585 0.0398056 0.0503226 0.0602947 0.0684576 0.073854 0.076141 0.0755479 0.0726116 0.0679351 0.0620713 0.0554899 0.0485701 0.041606 0.0348235 0.0283997 0.0224771 0.0171714 0.0125757 0.00875738 0.00574644 0.00352
 0.00890722 0.0144445 0.0216846 0.0305205 0.0406009 0.0511805 0.061097 0.0690601 0.0741321 0.0760387 0.0751003 0.0719269 0.0671498 0.061307 0.0548302 0.0480565 0.0412438 0.0345911 0.0282594 0.0223884 0.0171031 0.012512 0.00869597 0.00569201 0.00347751
 0.00891733 0.0144859 0.0217928 0.0307432 0.0409842 0.0517471 0.0618247 0.0698729 0.0749105 0.0766478 0.075427 0.0719138 0.0668129 0.0607289 0.0541296 0.0473509 0.04062 0.0340928 0.0278917 0.022131 0.0169258 0.0123873 0.00860533 0.00562568 0.00343078
 0.00878833 0.014278 0.0214863 0.0303291 0.0404762 0.0511939 0.0613147 0.0695189 0.0748124 0.0768488 0.0758887 0.0725266 0.0674374 0.061246 0.054477 0.0475301 0.0406782 0.0340915 0.0278801 0.0221334 0.0169447 0.0124133 0.00862834 0.00564049 0.00343748
 0.00905805 0.0146881 0.0220486 0.0310303 0.0412756 0.0520249 0.062091 0.0701496 0.0752271 0.0770217 0.0758438 0.072318 0.0671167 0.0608407 0.0539919 0.0469674 0.0400567 0.0334526 0.0272763 0.0216106 0.0165285 0.0121065 0.00841721 0.00550394 0.00335429
 0.00933726 0.0151623 0.0227956 0.0321245 0.0427571 0.0538591 0.064137 0.0721673 0.0769335 0.0781741 0.0763069 0.0720886 0.0663015 0.0596078 0.0525185 0.0454031 0.038511 0.0320017 0.0259753 0.0204998 0.0156314 0.011426 0.00793492 0.00518586 0.00315978
 0.0092306 0.0150182 0.0226361 0.0319968 0.0427314 0.0540177 0.0645555 0.0728879 0.0779356 0.0793552 0.0774942 0.0730826 0.0669389 0.0598092 0.052301 0.0448562 0.0377561 0.0311563 0.0251343 0.0197312 0.0149785 0.01091 0.00755662 0.00492979 0.00300043
 0.00916227 0.0148907 0.0224167 0.0316521 0.0422455 0.0534159 0.0639215 0.0723575 0.0776612 0.0794532 0.0779978 0.0739231 0.067962 0.0608215 0.0531287 0.0453919 0.0379765 0.0311083 0.024903 0.0194076 0.0146387 0.0106055 0.00731441 0.00475631 0.00288805
 0.00911254 0.0147978 0.022254 0.0313867 0.0418449 0.0528613 0.0632238 0.0715694 0.0768799 0.0788085 0.077625 0.0739238 0.0683657 0.0615667 0.0540755 0.0463654 0.038821 0.0317285 0.0252768 0.0195711 0.0146572 0.0105464 0.00723003 0.00467827 0.00282971
