SBPRF35
10.1752
Curr Bio
530709
B35
736820
F35
0.189549
FOFL
0.157049
OFL
78012
Bzero
2.9072e+06
#pred survey bio
 4.01125e+06 3.87198e+06 3.7245e+06 3.50669e+06 3.26405e+06 3.00789e+06 2.74157e+06 2.46672e+06 2.20879e+06 1.98051e+06 1.74972e+06 1.54659e+06 1.34412e+06 1.19222e+06 1.05556e+06 949423 822595 768639 722362 687023 645250 633542 612584 596151 592034 578977 570460 567948 570314 566127 560083 555247 553997 546825 529807 516992 510033 501042 507050 516895 525481 531908 529690 533529 545869 557723 563027 566372 570725 568057 571579 570319 563140 495135 520852 519858 592000 574662 549503 578818 611050 597423 554918 568286 585500 547272 536580 2.1785e+07 1.32975e+07 1.37502e+07 1.4691e+07 1.59221e+07 1.72177e+07 1.84245e+07 1.94647e+07 2.03159e+07 2.0988e+07 2.15056e+07 2.18977e+07 2.21916e+07 2.24104e+07 2.25729e+07 2.26936e+07 2.27835e+07 2.28505e+07 2.29008e+07 2.29388e+07 2.29675e+07 2.29894e+07 2.30062e+07 2.30192e+07 2.30292e+07 2.3037e+07 2.3043e+07 2.30477e+07 2.30515e+07 2.30544e+07 2.30567e+07 2.30585e+07 2.30599e+07 2.30611e+07 2.3062e+07 2.30627e+07 2.30633e+07 2.30637e+07 2.30641e+07 2.30644e+07 2.30646e+07 2.30648e+07 2.30649e+07 2.30651e+07 2.30652e+07 2.30652e+07 2.30653e+07 2.30653e+07 2.30654e+07 2.30654e+07 2.30654e+07 2.30655e+07 2.30655e+07 2.30655e+07 2.30655e+07 2.30655e+07 2.30655e+07 2.30655e+07 2.30655e+07 2.30655e+07 2.30655e+07 2.30655e+07 2.30655e+07 2.30655e+07 2.30655e+07 2.30655e+07 2.30655e+07 2.30655e+07 2.30655e+07 2.30655e+07 2.30655e+07 2.30655e+07 2.30655e+07 2.30655e+07 2.30655e+07 2.30655e+07 2.30655e+07 2.30655e+07 2.30655e+07 2.30655e+07 2.30655e+07 2.30655e+07 2.30655e+07 2.30655e+07 2.30655e+07 2.30655e+07 2.30655e+07 2.30655e+07 2.30655e+07 2.30655e+07 2.30655e+07 2.30655e+07 2.30655e+07 2.30655e+07 2.30655e+07 2.30655e+07 2.30655e+07 2.30655e+07 2.30655e+07 2.30655e+07 0 0 0 0 0 0 0 0 0 0 0 0 0 0 0 0 0 0 0 0 0 0 0 0 0
#obs survey bio
 2.44438e+06 3.56411e+06 3.76734e+06 4.48581e+06 2.53226e+06 2.05748e+06 2.38135e+06 2.52472e+06 2.01163e+06 2.31018e+06 1.26417e+06 1.07631e+06 2.12248e+06 972203 1.01206e+06 606027 774087 596155 582416 604692 632968 547427 629937 417235 482205 698850 493625 683225 582712 442521 451106 649560 596465 478715 612001 450718 421014 546991 539670 548149 534775 473447 495822 480273 563633 761121 600348 479061 565444 600324 582635 811521 528984 598583 406630 670821 700432 590620 501330 701924 807753 461354 519639 553459 702097 432633 489573
#pred catch bio
 91870.8 98352.6 167774 201696 230272 259433 288615 294004 285658 302878 289146 295179 254198 243346 217771 233483 168068 160429 148915 150756 122178 127663 120845 108093 113256 106670 99585.4 94182.1 98667.9 99298.3 97437.1 93374.7 96534.9 101465 94231.5 88488.2 92893.3 83873.5 83249.9 85347 87416.3 94727.4 90027.1 83973.9 85452.1 91371.3 93123.9 92430.4 97907.8 91901.8 95391.4 99609.7 147752 67138.5 91611.2 32982.5 109964 114353 69662 70417.1 109442 131849 84836.5 84188.7 130260 104894 26278.8 78012 94263.6 96203.6 101528 109579 118305 126394 133250 138725 142917 146028 148281 149883 151007 151786 152321 152686 152933 153100 153212 153288 153338 153372 153394 153409 153419 153425 153430 153432 153434 153436 153436 153437 153437 153438 153438 153438 153438 153438 153438 153438 153438 153438 153438 153438 153438 153438 153438 153438 153438 153438 153438 153438 153438 153438 153438 153438 153438 153438 153438 153438 153438 153438 153438 153438 153438 153438 153438 153438 153438 153438 153438 153438 153438 153438 153438 153438 153438 153438 153438 153438 153438 153438 153438 153438 153438 153438 153438 153438 153438 153438 153438 153438 153438 153438 153438 153438 153438 153438 153438 0 0 0 0 0 0 0 0 0 0 0 0 0 0 0 0 0 0 0 0 0 0 0 0 0
#obs catch bio
 0 98142.3 168692 202363 231171 260889 291124 296993 288798 306807 293509 300650 255474 245442 220080 238568 168899 162646 150994 153257 123238 129062 122321 108992 114148 107210 99996.5 94308.8 98661.8 99556.8 98146.5 93847.6 97319.9 102230 94374.1 88690.2 93327.1 84057.6 83220.3 84899 86874.2 93879.4 89814.9 83961.3 85310.7 90763.8 92457.4 92036.3 97659.5 91357.1 94780.3 98078.4 146683 65852 91789.2 32310.7 109787 114251 69378.3 70108 109021 131906 84460.3 83470.2 129722 106004 25987
#pred cpue bio
 3.95032e+06 3.81395e+06 3.66861e+06 3.45195e+06 3.21033e+06 2.955e+06 2.68945e+06 2.41566e+06 2.15894e+06 1.93191e+06 1.70293e+06 1.50174e+06 1.30182e+06 1.15181e+06 1.01673e+06 911961 787687 734740 689533 655305 615052 603997 583914 568288 564686 552414 544532 542397 544965 541012 535079 530428 529506 523037 507153 495167 487751 477477 482480 492248 501019 507484 505203 508703 520671 532355 537650 540888 545127 542720 546379 545265 538264 471860 496588 495780 566398 549881 524836 552846 584565 571557 529581 541988 558862 521745 511147 2.08452e+07 1.27566e+07 1.30798e+07 1.38721e+07 1.50519e+07 1.63356e+07 1.75401e+07 1.85799e+07 1.9431e+07 2.01031e+07 2.06207e+07 2.10128e+07 2.13067e+07 2.15255e+07 2.1688e+07 2.18087e+07 2.18986e+07 2.19656e+07 2.20159e+07 2.20539e+07 2.20826e+07 2.21046e+07 2.21213e+07 2.21343e+07 2.21443e+07 2.21521e+07 2.21581e+07 2.21628e+07 2.21666e+07 2.21695e+07 2.21718e+07 2.21736e+07 2.2175e+07 2.21762e+07 2.21771e+07 2.21778e+07 2.21784e+07 2.21788e+07 2.21792e+07 2.21795e+07 2.21797e+07 2.21799e+07 2.218e+07 2.21802e+07 2.21803e+07 2.21803e+07 2.21804e+07 2.21804e+07 2.21805e+07 2.21805e+07 2.21805e+07 2.21806e+07 2.21806e+07 2.21806e+07 2.21806e+07 2.21806e+07 2.21806e+07 2.21806e+07 2.21806e+07 2.21806e+07 2.21806e+07 2.21806e+07 2.21806e+07 2.21806e+07 2.21806e+07 2.21806e+07 2.21806e+07 2.21806e+07 2.21806e+07 2.21806e+07 2.21806e+07 2.21806e+07 2.21806e+07 2.21806e+07 2.21806e+07 2.21806e+07 2.21806e+07 2.21806e+07 2.21806e+07 2.21806e+07 2.21806e+07 2.21806e+07 2.21806e+07 2.21806e+07 2.21806e+07 2.21806e+07 2.21806e+07 2.21806e+07 2.21806e+07 2.21806e+07 2.21806e+07 2.21806e+07 2.21806e+07 2.21806e+07 2.21806e+07 2.21806e+07 2.21806e+07 2.21806e+07 2.21806e+07 2.21806e+07 0 0 0 0 0 0 0 0 0 0 0 0 0 0 0 0 0 0 0 0 0 0 0 0 0
#obs cpue bio
 4.72466e+06 2.99933e+06 3.11309e+06 3.0403e+06 3.74326e+06 3.50837e+06 2.3789e+06 1.90835e+06 1.8185e+06 1.60636e+06 1.58251e+06 1.80419e+06 1.46576e+06 1.11306e+06 716820 918473 1.1291e+06 540823 641773 622870 591878 636847 428732 754066 749075 474197 604808 498443 633508 547988 434856 455459 373864 629579 580888 483762 561333 432191 566006 727530 554315 835787 344994 458612 597902 659583 572246 527085 564843 649374 636945 705622 584621 696875 418227 559182 473116 387046 463468 506382 625492 661772 525224 834798 542881 354933 678122
#pred surv len freq
 0.0049404 0.00802286 0.0120768 0.0170816 0.0229125 0.0292615 0.0356117 0.0413634 0.0460635 0.0495577 0.0519654 0.053539 0.0545359 0.0551522 0.0555009 0.0556114 0.0554441 0.0549092 0.0538657 0.052095 0.0492854 0.045099 0.039357 0.0322622 0.0244856
 0.00516474 0.00829235 0.0123115 0.0171614 0.0227261 0.0287738 0.0349063 0.0406217 0.0454806 0.0492455 0.0519027 0.0535974 0.0545591 0.0550396 0.0552551 0.0553335 0.055285 0.0549981 0.0542476 0.0527046 0.0499743 0.0457025 0.0397636 0.032449 0.0245041
 0.00532423 0.00857119 0.0127598 0.0178184 0.0235876 0.0297577 0.0358434 0.0413006 0.0457393 0.0490553 0.0513802 0.0529305 0.0538988 0.0544377 0.0546829 0.0547529 0.0547099 0.0545012 0.0539145 0.0525735 0.0500056 0.0457993 0.0398269 0.0324262 0.0244023
 0.00552141 0.00888468 0.0132206 0.018456 0.0244295 0.0308219 0.0371188 0.0427195 0.0471594 0.050274 0.0521923 0.0532064 0.0536353 0.0537451 0.0537175 0.0536494 0.0535582 0.0533659 0.052858 0.0516527 0.0492483 0.0451922 0.0393297 0.0320029 0.0240403
 0.00578783 0.00930222 0.0138202 0.0192567 0.025437 0.032027 0.0384939 0.0442162 0.0487073 0.0517784 0.0535292 0.0542262 0.0541903 0.0537365 0.0531366 0.0525816 0.0521479 0.0517698 0.0512139 0.0500695 0.0478049 0.043936 0.0382797 0.0311588 0.0233923
 0.00606401 0.00974586 0.0144775 0.0201657 0.0266196 0.0334767 0.0401644 0.0460206 0.0505329 0.0535102 0.055065 0.0554755 0.0550626 0.0541374 0.052984 0.0518383 0.0508491 0.0500257 0.0491854 0.0479327 0.0457213 0.0420348 0.0366505 0.0298494 0.0224108
 0.00632053 0.0101632 0.0151065 0.0210545 0.0278054 0.0349717 0.0419402 0.0480005 0.0525995 0.0555252 0.0568923 0.0569967 0.0561824 0.0547797 0.0530858 0.0513511 0.0497544 0.0483592 0.0470519 0.0455007 0.0431959 0.0396214 0.0345198 0.0281128 0.0211086
 0.00660027 0.0106118 0.0157708 0.0219758 0.029014 0.0364778 0.0437218 0.0499958 0.0547101 0.0576287 0.058857 0.0586946 0.0574992 0.055621 0.0533791 0.0510446 0.0488199 0.0468032 0.0449364 0.0429589 0.0404292 0.0368704 0.0320167 0.0260312 0.0195316
 0.00687565 0.0110546 0.0164282 0.0228892 0.030212 0.0379661 0.0454714 0.0519387 0.0567478 0.0596494 0.0607497 0.0603559 0.0588336 0.0565405 0.0538046 0.0509094 0.0480758 0.0454325 0.0429702 0.0404977 0.0376528 0.0340215 0.0293551 0.0237722 0.0177956
 0.00709448 0.0114131 0.0169732 0.0236666 0.0312591 0.0392981 0.0470679 0.0537377 0.0586541 0.0615519 0.0625395 0.0619361 0.0601212 0.0574637 0.0542981 0.0509116 0.0475316 0.0443047 0.0412608 0.0382734 0.0350628 0.0312907 0.0267438 0.0215129 0.0160331
 0.00734083 0.0118124 0.0175722 0.0245086 0.032377 0.0407025 0.0487332 0.0555961 0.0606021 0.063468 0.0643034 0.0634431 0.06129 0.0582363 0.0546345 0.0507805 0.0469033 0.0431545 0.0395855 0.0361192 0.0325507 0.0286202 0.024162 0.019253 0.014251
 0.00751405 0.0121033 0.0180275 0.0251783 0.0333051 0.0419113 0.0502079 0.0572778 0.0623959 0.0652602 0.0659793 0.0648985 0.0624386 0.0590128 0.0549944 0.0506953 0.0463542 0.0421299 0.038089 0.0341907 0.0302902 0.0261983 0.021798 0.0171628 0.0125866
 0.00788486 0.0126724 0.0188222 0.0262042 0.0345501 0.043351 0.0518054 0.0589784 0.064124 0.0669226 0.0674753 0.0661331 0.0633336 0.0595149 0.0550748 0.0503442 0.0455733 0.040927 0.0364832 0.0322271 0.0280609 0.0238529 0.0195291 0.0151627 0.0109929
 0.00824488 0.0132351 0.0196257 0.0272659 0.0358607 0.044869 0.0534532 0.0606489 0.0657024 0.0683137 0.0686192 0.0670007 0.0639102 0.0597852 0.0550194 0.0499445 0.0448166 0.0398118 0.0350245 0.0304663 0.0260799 0.0217811 0.0175309 0.0134021 0.00958799
 0.00849558 0.0136557 0.0202813 0.0282216 0.0371628 0.0465178 0.0553786 0.0627075 0.0677043 0.0700698 0.0699844 0.067897 0.0643252 0.0597536 0.0545963 0.0491827 0.0437549 0.0384761 0.0334388 0.0286702 0.0241442 0.0198152 0.0156722 0.0117855 0.00830843
 0.00854386 0.0137569 0.0204772 0.0285696 0.0377277 0.047355 0.0565136 0.0641186 0.0693145 0.0717505 0.0715734 0.0692294 0.0652691 0.0602362 0.0546095 0.0487674 0.0429751 0.0373966 0.0321175 0.0271645 0.0225253 0.0181781 0.0141303 0.0104483 0.00725173
 0.00895623 0.0143802 0.0213285 0.029636 0.0389748 0.0487395 0.05799 0.0656368 0.0708134 0.0731547 0.0727943 0.0701719 0.065844 0.0603774 0.0542903 0.0480079 0.0418359 0.0359626 0.0304804 0.0254139 0.0207502 0.0164715 0.0125873 0.00915155 0.00625077
 0.00902752 0.0144987 0.0215108 0.0298974 0.039324 0.0491729 0.0584898 0.0661775 0.0713761 0.0737378 0.07341 0.0708262 0.0665122 0.0609937 0.05476 0.0482358 0.0417574 0.0355609 0.0297866 0.0244953 0.0196961 0.0153809 0.011557 0.00826244 0.00555298
 0.00901925 0.0145004 0.0215417 0.029985 0.0394981 0.0494547 0.0588814 0.0666578 0.0719059 0.0742718 0.0739111 0.0712752 0.0669071 0.0613368 0.0550402 0.0484189 0.0417917 0.0353978 0.0294033 0.0239083 0.0189603 0.0145771 0.0107733 0.00757435 0.00500843
 0.00896611 0.0144195 0.0214313 0.0298505 0.0393541 0.0493273 0.0588068 0.066676 0.0720478 0.074546 0.074298 0.0717327 0.0673858 0.0617939 0.0554453 0.0487481 0.0420189 0.035492 0.0293369 0.0236721 0.018575 0.0140938 0.0102609 0.00710032 0.00462069
 0.00912097 0.0146431 0.0217155 0.0301694 0.0396713 0.0496077 0.0590275 0.0668306 0.0721451 0.0746051 0.074341 0.0717769 0.0674376 0.0618478 0.0554876 0.0487627 0.0419897 0.0354023 0.0291706 0.0234189 0.0182394 0.0137009 0.00985285 0.00672371 0.00431175
 0.00908382 0.0145847 0.0216308 0.0300538 0.0395202 0.049417 0.0587964 0.0665667 0.0718702 0.0743571 0.0741684 0.0717255 0.0675348 0.0620919 0.0558469 0.0491846 0.0424147 0.0357761 0.0294515 0.0235823 0.0182808 0.0136365 0.00971628 0.0065569 0.00415251
 0.00905211 0.0145476 0.0216011 0.0300511 0.0395638 0.049515 0.0589375 0.0667201 0.0719945 0.0744159 0.0741445 0.0716291 0.0674004 0.0619664 0.0557718 0.0491811 0.042477 0.0358762 0.0295512 0.0236462 0.0182873 0.0135825 0.00961624 0.0064357 0.00403568
 0.00907328 0.0145663 0.0216017 0.0300124 0.0394689 0.0493641 0.058755 0.0665494 0.0718792 0.0743789 0.0741784 0.0717035 0.0674813 0.062034 0.0558275 0.0492406 0.0425566 0.0359801 0.0296671 0.0237514 0.0183589 0.0136081 0.00959809 0.00638796 0.00397711
 0.00896338 0.0144014 0.0213784 0.029735 0.0391457 0.0490039 0.0583676 0.0661511 0.0715007 0.0740665 0.0739838 0.0716652 0.0676076 0.0622995 0.0561849 0.0496404 0.0429608 0.0363652 0.0300176 0.0240536 0.0185999 0.0137799 0.00970231 0.0064368 0.00398896
 0.00895525 0.0143837 0.0213436 0.0296742 0.0390517 0.0488749 0.0582092 0.0659746 0.0713182 0.0738872 0.0738162 0.0715225 0.0675102 0.0622695 0.0562357 0.0497685 0.0431472 0.036583 0.0302406 0.0242605 0.0187748 0.013913 0.00979093 0.00648576 0.00400874
 0.00899036 0.0144256 0.0213787 0.0296802 0.0390035 0.048754 0.0580123 0.0657166 0.0710285 0.0736014 0.0735672 0.071334 0.0673955 0.0622335 0.0562781 0.0498846 0.0433262 0.0368064 0.0304843 0.0244989 0.0189861 0.0140829 0.00991385 0.00656468 0.00405264
 0.00897087 0.0143957 0.0213363 0.0296228 0.0389261 0.0486479 0.0578662 0.0655212 0.0707839 0.0733232 0.0732868 0.0710915 0.0672274 0.0621626 0.05631 0.0500101 0.0435268 0.0370585 0.0307619 0.0247754 0.0192379 0.0142924 0.0100724 0.00667313 0.00411902
 0.00899733 0.0144214 0.0213436 0.0295856 0.0388182 0.0484552 0.0575952 0.0651986 0.0704466 0.0730056 0.0730137 0.070879 0.0670881 0.0621081 0.0563482 0.0501409 0.0437389 0.0373309 0.0310672 0.0250846 0.0195243 0.0145357 0.0102615 0.00680688 0.00420456
 0.00906872 0.014535 0.0215084 0.0298044 0.0390823 0.0487388 0.0578544 0.0653791 0.070501 0.0729117 0.0727833 0.0705518 0.0667164 0.0617423 0.0560286 0.0498958 0.0435836 0.0372673 0.0310841 0.0251607 0.0196334 0.0146525 0.0103664 0.00688887 0.00426101
 0.00902145 0.0144804 0.0214673 0.0298095 0.0391692 0.0489308 0.0581485 0.065741 0.0708711 0.0732207 0.0729705 0.070582 0.066589 0.0614893 0.0557031 0.0495559 0.0432788 0.0370302 0.0309285 0.0250832 0.0196178 0.0146766 0.0104082 0.00693161 0.00429535
 0.00891246 0.0143161 0.0212455 0.0295406 0.038878 0.0486564 0.057941 0.0656513 0.0709341 0.0734378 0.0733023 0.0709579 0.0669307 0.0617366 0.0558307 0.0495748 0.0432252 0.036949 0.0308574 0.0250444 0.0196163 0.0147041 0.0104506 0.0069753 0.00433138
 0.00871435 0.0140162 0.0208359 0.0290302 0.0382918 0.0480333 0.0573327 0.065121 0.0705498 0.0732586 0.0733615 0.0712498 0.0674073 0.0623186 0.0564293 0.0501164 0.0436688 0.0372883 0.0311108 0.0252387 0.0197738 0.0148366 0.0105608 0.00706181 0.00439367
 0.00848047 0.0136643 0.0203595 0.0284432 0.037626 0.0473326 0.0566486 0.0645093 0.0700661 0.0729503 0.0732612 0.0713702 0.0677388 0.0628272 0.057058 0.0507937 0.0443239 0.0378678 0.0315883 0.025613 0.0200593 0.0150513 0.0107199 0.00717594 0.00447106
 0.00854951 0.0137368 0.0203962 0.028386 0.037417 0.0469419 0.0560962 0.063865 0.0694254 0.0724032 0.0728689 0.0711611 0.067716 0.0629778 0.0573571 0.0512036 0.0447958 0.0383484 0.032031 0.0259879 0.0203554 0.015273 0.0108789 0.00728529 0.00454265
 0.00933603 0.0148503 0.0217644 0.0298325 0.0387041 0.0478453 0.0564701 0.0636712 0.0687265 0.0713359 0.0716102 0.0698905 0.0665802 0.0620691 0.0567097 0.050806 0.0446071 0.038313 0.0320906 0.026091 0.0204647 0.0153675 0.0109512 0.00733633 0.00457644
 0.00993673 0.0158144 0.0231825 0.0317543 0.0410976 0.05055 0.059175 0.0659579 0.0701871 0.0717157 0.0708945 0.0682899 0.0644344 0.0597312 0.0544628 0.0488291 0.0429804 0.0370432 0.0311398 0.025402 0.0199784 0.0150326 0.0107274 0.00719303 0.00448997
 0.00976902 0.0156644 0.0231839 0.032108 0.0420195 0.0521838 0.0615081 0.0687831 0.0731306 0.0743194 0.0727296 0.0690679 0.0640836 0.058404 0.0524714 0.0465389 0.0407107 0.0350113 0.0294535 0.0240833 0.0189968 0.0143343 0.010253 0.0068872 0.00430461
 0.00937217 0.0150523 0.0223329 0.0310417 0.040831 0.0510537 0.0606993 0.0685881 0.0737686 0.0758236 0.0748909 0.0714799 0.0662724 0.0599826 0.0532493 0.046547 0.040146 0.0341388 0.0285141 0.0232403 0.0183275 0.0138499 0.00992841 0.00668398 0.00418563
 0.00920889 0.0147664 0.0218663 0.030332 0.0398327 0.0497716 0.0592231 0.0671077 0.0725521 0.0751569 0.0749906 0.0724071 0.0678867 0.0619675 0.0552103 0.0481433 0.0411914 0.0346291 0.02858 0.0230636 0.0180681 0.0136091 0.00974844 0.00656804 0.00411918
 0.00918732 0.0147203 0.0217745 0.0301625 0.0395434 0.0493167 0.058566 0.0662413 0.0715232 0.0740844 0.0740615 0.0718379 0.0678531 0.0625287 0.0562684 0.049466 0.0424958 0.0356836 0.0292739 0.0234132 0.0181703 0.0135791 0.0096753 0.00650039 0.00407311
 0.00929586 0.0148731 0.0219595 0.0303515 0.0396958 0.0493878 0.0585138 0.0660307 0.071131 0.0735093 0.0733404 0.0710601 0.0671569 0.0620704 0.0561672 0.0497491 0.0430775 0.0363974 0.0299412 0.0239118 0.0184642 0.013703 0.00969506 0.00647589 0.00404149
 0.00937576 0.0150144 0.0221913 0.0307024 0.0401807 0.0499895 0.0591703 0.0666393 0.071573 0.0736848 0.0731967 0.0706051 0.0664594 0.0612497 0.0553707 0.0491154 0.042693 0.0362673 0.0299955 0.0240444 0.0185832 0.0137625 0.00969506 0.00644148 0.00399931
 0.00932147 0.0149379 0.0220995 0.0306127 0.0401211 0.0499946 0.0592733 0.0668595 0.0719008 0.0740721 0.073562 0.0708566 0.066527 0.0611129 0.0550684 0.0487337 0.0423348 0.0360144 0.0298802 0.0240452 0.0186461 0.013833 0.00974094 0.00645707 0.00399474
 0.00919054 0.0147331 0.0218075 0.0302296 0.0396567 0.0494778 0.058756 0.0664136 0.071604 0.0739849 0.0737051 0.071199 0.066992 0.061602 0.0554943 0.0490493 0.0425432 0.036156 0.0300042 0.0241824 0.0187979 0.0139799 0.00986097 0.00653903 0.00404127
 0.0091224 0.014619 0.0216299 0.0299709 0.0393041 0.0490308 0.0582344 0.065861 0.0710836 0.0735685 0.0734582 0.0711645 0.0671769 0.0619714 0.0559784 0.0495646 0.0430196 0.0365559 0.0303244 0.0244403 0.0190119 0.0141583 0.0100026 0.00664148 0.00410691
 0.00916002 0.014671 0.0216903 0.0300264 0.0393352 0.0490148 0.0581497 0.0656927 0.0708297 0.0732463 0.073106 0.070837 0.0669321 0.0618536 0.0560035 0.0497146 0.0432502 0.0368146 0.0305693 0.0246496 0.0191815 0.0142923 0.0101058 0.00671673 0.00415718
 0.00912373 0.0146278 0.0216539 0.0300175 0.0393735 0.0491075 0.0582823 0.0658297 0.0709253 0.0732607 0.0730195 0.0706574 0.0666932 0.0616059 0.0557999 0.0495939 0.0432258 0.0368735 0.030681 0.0247807 0.0193067 0.0143983 0.0101883 0.00677656 0.00419735
 0.00898025 0.0144169 0.0213791 0.029699 0.0390459 0.0488128 0.0580627 0.0657177 0.0709345 0.0733777 0.0732054 0.0708597 0.0668659 0.0617259 0.0558725 0.0496453 0.0432876 0.0369673 0.0308102 0.0249323 0.0194604 0.0145356 0.0102983 0.00685659 0.00425045
 0.00897382 0.0143941 0.0213229 0.0295887 0.0388653 0.0485627 0.057769 0.0654299 0.0707105 0.073263 0.0732167 0.0709802 0.0670534 0.0619298 0.0560515 0.0497803 0.0433829 0.0370419 0.0308845 0.0250173 0.0195546 0.0146295 0.010381 0.00692116 0.00429541
 0.00897761 0.0143912 0.0213013 0.0295299 0.0387478 0.0483676 0.0574886 0.0650747 0.0703137 0.0728784 0.072908 0.0708027 0.0670356 0.0620632 0.0562956 0.0500797 0.0436879 0.0373213 0.0311276 0.0252257 0.0197329 0.0147793 0.0105014 0.00701128 0.00435712
 0.00900171 0.0144321 0.0213648 0.0296204 0.0388635 0.048496 0.0576034 0.0651395 0.0702929 0.0727522 0.0726838 0.0705174 0.0667454 0.0618253 0.0561493 0.050035 0.0437278 0.0374144 0.0312425 0.0253411 0.019838 0.0148701 0.0105761 0.00706905 0.00439829
 0.00895277 0.0143737 0.0213162 0.0296119 0.0389282 0.0486556 0.0578555 0.0654532 0.0706149 0.0730202 0.072843 0.0705354 0.0666218 0.0615929 0.0558632 0.0497546 0.0434977 0.0372547 0.0311503 0.0253002 0.0198299 0.0148796 0.0105932 0.00708731 0.0044141
 0.00956696 0.0153186 0.0226366 0.0313099 0.040959 0.050926 0.0602189 0.067712 0.0725419 0.0743992 0.0735133 0.070424 0.0657556 0.0600907 0.0539115 0.0475705 0.0412901 0.0351925 0.0293461 0.0238093 0.0186613 0.0140108 0.00998281 0.00668497 0.00416736
 0.00918568 0.0147385 0.0218404 0.0303149 0.0398215 0.0497416 0.0591211 0.0668592 0.0720866 0.0744435 0.0740703 0.0714046 0.0669895 0.0613733 0.0550602 0.0484688 0.041904 0.0355567 0.0295317 0.0238908 0.0186946 0.0140279 0.00999684 0.00669843 0.0041791
 0.009257 0.0148241 0.0219132 0.0303316 0.0397351 0.0495213 0.0587705 0.0664222 0.071639 0.0740755 0.0738651 0.0714172 0.0672292 0.0617951 0.0555733 0.0489632 0.0422864 0.0357787 0.0295973 0.0238425 0.0185883 0.0139114 0.00989862 0.00662861 0.00413572
 0.00871994 0.0139804 0.0207002 0.0287151 0.0377213 0.0471724 0.0562216 0.0638849 0.0693775 0.0723575 0.0729071 0.0713417 0.0680415 0.0633836 0.0577309 0.0514277 0.0447905 0.0380982 0.0315837 0.0254316 0.0197866 0.0147689 0.010483 0.00700705 0.00436704
 0.00920007 0.0146951 0.0216498 0.0298486 0.0389384 0.048336 0.0571715 0.0644585 0.0694426 0.0718547 0.0718824 0.0699494 0.0665109 0.0619596 0.0566096 0.0507098 0.0444687 0.0380805 0.0317402 0.0256424 0.0199728 0.0148982 0.0105569 0.00704234 0.00438107
 0.00945487 0.0151386 0.0223673 0.0309258 0.0404276 0.0502079 0.0592782 0.0665382 0.0711774 0.0729587 0.072178 0.0694056 0.0652407 0.0601864 0.0546143 0.0487665 0.0427858 0.036765 0.030798 0.0250098 0.0195604 0.0146268 0.0103732 0.00691683 0.00429809
 0.00899578 0.0144494 0.0214419 0.0298098 0.0392234 0.0490691 0.0583929 0.0660905 0.0712878 0.0736251 0.0732566 0.0706523 0.0663964 0.0610629 0.0551423 0.0489935 0.0428322 0.0367638 0.0308429 0.0251333 0.0197425 0.0148239 0.0105459 0.00704504 0.00438066
 0.0088386 0.0141578 0.0209393 0.0290116 0.0380678 0.0475639 0.0566538 0.0643429 0.0698189 0.0727024 0.0730455 0.0711663 0.0674948 0.0624995 0.056646 0.0503504 0.0439341 0.0376074 0.0314887 0.0256526 0.0201815 0.0151959 0.0108456 0.00726642 0.00452818
 0.00918126 0.0146799 0.0216549 0.0298974 0.0390536 0.0485286 0.0574336 0.0647656 0.0697629 0.0721577 0.0721371 0.0701149 0.0665328 0.0617848 0.0562177 0.0501431 0.0438351 0.0375203 0.0313707 0.0255122 0.0200507 0.0151007 0.0107926 0.00724615 0.00452584
 0.00952378 0.0152531 0.0225443 0.0311829 0.0407795 0.0506603 0.0598202 0.0671371 0.0717801 0.0734999 0.0725932 0.0696434 0.0652692 0.0599937 0.0542067 0.0481726 0.0420642 0.0360057 0.0301053 0.0244708 0.0192154 0.0144609 0.0103338 0.00694236 0.00434151
 0.00921789 0.0147941 0.0219295 0.0304476 0.040003 0.049965 0.0593593 0.0670612 0.0721828 0.0743631 0.0737682 0.0708887 0.066334 0.0607047 0.0545161 0.048149 0.0418381 0.0357049 0.0298146 0.024226 0.0190218 0.0143135 0.0102271 0.00687112 0.00429874
 0.00907037 0.0145385 0.021518 0.0298318 0.0391536 0.0488996 0.0581668 0.0659044 0.0712679 0.0738836 0.0738427 0.0715173 0.0673898 0.0619707 0.0557559 0.0491814 0.0425813 0.0361736 0.0300793 0.0243663 0.0190969 0.0143569 0.0102542 0.00688873 0.00431029
 0.0093573 0.0150005 0.0222002 0.0307604 0.0403155 0.0502187 0.0594935 0.0670375 0.072015 0.0741344 0.0736125 0.0709335 0.0666303 0.0611888 0.0550309 0.0485147 0.0419325 0.0355073 0.0293957 0.0237006 0.018498 0.0138632 0.0098815 0.00663077 0.00414673
 0.00901225 0.0145207 0.02163 0.030196 0.0398833 0.0500362 0.0596303 0.0674921 0.0727124 0.0749427 0.0743788 0.0715306 0.0669978 0.0613437 0.0550416 0.0484551 0.0418449 0.0353969 0.0292502 0.0235153 0.0182872 0.0136543 0.00970077 0.00649318 0.00405379
#obs surv len freq
 nan nan nan nan nan nan nan nan nan nan nan nan nan nan nan nan nan nan nan nan nan nan nan nan nan
 0.00448831 0.00735124 0.0111826 0.0159996 0.0217002 0.0279747 0.0342872 0.0400168 0.0446947 0.0481572 0.050514 0.0520089 0.0529003 0.053412 0.0537258 0.0539803 0.0542586 0.0545512 0.0546898 0.0542817 0.0527198 0.0493522 0.0438024 0.0362831 0.0276675
 0.00461374 0.00755916 0.0115025 0.0164602 0.0223221 0.0287592 0.0352056 0.0410077 0.0456736 0.049034 0.0512104 0.0524699 0.0530991 0.0533489 0.0534237 0.0534771 0.0535979 0.0537759 0.0538391 0.0533926 0.0518314 0.0485077 0.0430469 0.0356546 0.0271871
 0.00477835 0.00782619 0.0119036 0.0170251 0.0230737 0.0297054 0.0363291 0.0422599 0.046977 0.0502919 0.0523208 0.0533392 0.0536538 0.0535454 0.053252 0.0529588 0.0527787 0.0527156 0.0526044 0.0520538 0.0504635 0.0471908 0.0418604 0.034664 0.0264286
 0.00497514 0.00814819 0.0123919 0.0177189 0.0240021 0.0308753 0.0377132 0.0437928 0.0485653 0.0518313 0.0537106 0.0544882 0.0544822 0.0539876 0.0532636 0.0525236 0.0519131 0.051468 0.0510502 0.0502909 0.048608 0.0453706 0.0402017 0.0332701 0.0253573
 0.00517966 0.00848618 0.0129108 0.0184666 0.0250177 0.032174 0.0392709 0.0455406 0.0503985 0.0536291 0.0553555 0.0558774 0.0555309 0.0546279 0.0534432 0.0522077 0.0510902 0.0501582 0.049313 0.0482291 0.0463649 0.0431187 0.0381178 0.0315014 0.0239898
 0.00541205 0.00886483 0.0134826 0.0192767 0.026102 0.033547 0.0409118 0.0473866 0.0523511 0.05557 0.0571635 0.0574403 0.0567519 0.0554285 0.0537626 0.0520019 0.0503336 0.0488508 0.0474935 0.0459893 0.0438565 0.0405427 0.0356936 0.0294195 0.0223671
 0.00565374 0.00925933 0.0140793 0.0201226 0.0272329 0.034974 0.042607 0.0492788 0.0543364 0.0575321 0.0589903 0.0590324 0.0580227 0.0563022 0.0541738 0.0518959 0.0496698 0.0476106 0.0456957 0.0437089 0.0412392 0.0378002 0.0330706 0.0271386 0.0205729
 0.00588861 0.00964567 0.0146692 0.0209672 0.028373 0.0364237 0.0443378 0.0512143 0.0563639 0.059525 0.0608297 0.0606183 0.0592762 0.0571608 0.0545854 0.0518136 0.0490518 0.0464281 0.0439503 0.0414568 0.0386118 0.0350056 0.0303624 0.0247576 0.0186833
 0.00613863 0.0100563 0.0152948 0.0218612 0.0295771 0.0379516 0.0461582 0.0532444 0.0584812 0.0615907 0.0627123 0.0622083 0.0604915 0.0579451 0.0549016 0.0516347 0.0483541 0.0451926 0.0421775 0.0391919 0.0359716 0.032186 0.0276135 0.0223248 0.0167404
 0.00637545 0.0104435 0.015882 0.0226965 0.0306985 0.0393732 0.0478551 0.0551466 0.0604814 0.0635633 0.0645328 0.0637664 0.0616977 0.0587336 0.0552287 0.0514739 0.0476888 0.0440142 0.0404931 0.0370452 0.0334678 0.029504 0.0249867 0.0199877 0.0148639
 0.00662997 0.0108592 0.016511 0.0235877 0.0318875 0.0408666 0.0496147 0.0570858 0.0624781 0.0654852 0.0662591 0.0651994 0.0627648 0.0593839 0.0554294 0.0512058 0.0469428 0.0427898 0.038805 0.0349403 0.031046 0.0269301 0.0224746 0.0177543 0.013069
 0.00684566 0.0112178 0.0170651 0.0243909 0.0329828 0.0422684 0.0512912 0.0589527 0.0644122 0.0673486 0.0679242 0.0665638 0.0637557 0.0599572 0.0555632 0.0508929 0.0461845 0.0415942 0.0371931 0.0329603 0.0287921 0.024552 0.020164 0.0157047 0.0114226
 0.00708065 0.0115984 0.0176355 0.0251917 0.034044 0.0435976 0.0528605 0.0606923 0.0662168 0.0690947 0.0694892 0.0678416 0.0646668 0.0604524 0.0556218 0.0505162 0.0453869 0.0403979 0.0356304 0.0310845 0.0266932 0.022365 0.0180579 0.0138475 0.00993645
 0.00727167 0.0119162 0.0181267 0.025903 0.0350112 0.0448292 0.0543224 0.0623048 0.0678689 0.0706684 0.0708796 0.0689654 0.0654626 0.0608786 0.0556558 0.0501534 0.0446381 0.0392868 0.0341941 0.0293801 0.0248073 0.0204194 0.0161993 0.0122186 0.00863865
 0.00748264 0.0122577 0.018638 0.0266197 0.0359585 0.0460108 0.0557083 0.0638261 0.0694244 0.0721424 0.072162 0.0699673 0.0661244 0.0611704 0.0555723 0.0497059 0.0438482 0.0381843 0.0328188 0.0277886 0.0230812 0.0186675 0.0145477 0.0107862 0.00750649
 0.00754279 0.012365 0.0188175 0.0269019 0.0363743 0.0465828 0.0564418 0.0647038 0.0704084 0.0731788 0.073186 0.0709074 0.0669079 0.0617317 0.0558607 0.0496913 0.0435218 0.0375567 0.0319192 0.0266665 0.0218097 0.017343 0.0132798 0.00967654 0.00662489
 0.0075978 0.012447 0.0189282 0.0270406 0.0365424 0.0467886 0.0567025 0.065042 0.0708434 0.0737159 0.07381 0.0715814 0.0675776 0.0623326 0.0563268 0.0499637 0.0435571 0.0373329 0.0314399 0.0259628 0.0209406 0.0163915 0.0123413 0.00884031 0.00595311
 0.00767593 0.0125632 0.0190827 0.027226 0.036745 0.0469922 0.0568928 0.0652119 0.0709973 0.0738717 0.0739947 0.0718199 0.0678788 0.0626802 0.0566793 0.0502625 0.0437399 0.0373478 0.0312572 0.0255831 0.0203972 0.0157467 0.0116741 0.00822789 0.00545186
 0.00774411 0.0126695 0.0192334 0.0274227 0.036982 0.0472552 0.0571584 0.0654503 0.0711809 0.0739861 0.0740456 0.0718327 0.0678894 0.0627198 0.0567608 0.0503728 0.0438418 0.0373912 0.0311949 0.0253877 0.0200715 0.0153248 0.0112126 0.00778846 0.00508335
 0.00777469 0.0127175 0.0193026 0.0275151 0.0370983 0.0473932 0.0573122 0.0656097 0.0713315 0.0741123 0.074135 0.0718811 0.0679038 0.0627179 0.0567635 0.0503944 0.0438801 0.0374246 0.0311895 0.0253106 0.0199063 0.0150806 0.010922 0.00749566 0.00482799
 0.00782335 0.0127884 0.0193941 0.0276207 0.0372085 0.0474993 0.0574088 0.0656947 0.0714053 0.0741751 0.0741853 0.0719157 0.0679197 0.0627151 0.0567473 0.0503737 0.0438625 0.0374094 0.0311648 0.0252568 0.0198067 0.0149316 0.0107376 0.00730221 0.00465343
 0.00788195 0.0128783 0.0195191 0.0277795 0.0373938 0.0476973 0.0576 0.0658568 0.071519 0.0742307 0.0741853 0.0718722 0.067848 0.0626282 0.0566542 0.0502803 0.0437731 0.037326 0.0310847 0.0251723 0.0197079 0.0148131 0.0106033 0.00716516 0.00452993
 0.00787095 0.0128661 0.019511 0.0277838 0.0374193 0.0477496 0.0576777 0.0659514 0.0716167 0.0743168 0.0742488 0.0719083 0.0678585 0.0626196 0.0566342 0.0502555 0.043747 0.0372994 0.0310554 0.0251361 0.0196596 0.0147499 0.0105271 0.0070836 0.00445353
 0.00789136 0.0128909 0.0195335 0.0277939 0.0374078 0.0477145 0.0576277 0.0659043 0.0715916 0.0743251 0.0742894 0.0719693 0.0679238 0.062676 0.056675 0.0502801 0.0437587 0.0373017 0.03105 0.0251224 0.0196359 0.0147149 0.0104823 0.00703398 0.00440572
 0.00789353 0.0128914 0.0195282 0.0277763 0.0373698 0.0476485 0.0575297 0.0657774 0.0714488 0.0741889 0.0741864 0.0719215 0.0679404 0.0627502 0.0567881 0.0504098 0.043886 0.0374143 0.0311421 0.0251914 0.0196814 0.0147379 0.0104861 0.00702379 0.00438839
 0.00789214 0.0128883 0.0195219 0.0277645 0.0373495 0.0476159 0.0574811 0.0657098 0.0713618 0.0740863 0.0740784 0.0718245 0.0678731 0.0627282 0.0568174 0.0504844 0.0439906 0.03753 0.0312521 0.0252844 0.0197516 0.0147842 0.010511 0.0070323 0.00438652
 0.00789042 0.0128814 0.019504 0.027728 0.0372874 0.0475252 0.0573656 0.06558 0.0712315 0.0739684 0.0739819 0.071755 0.0678348 0.062725 0.0568532 0.0505597 0.0441003 0.0376623 0.0313911 0.0254144 0.0198607 0.0148666 0.0105663 0.00706466 0.0044022
 0.00787678 0.0128584 0.0194679 0.0276745 0.0372122 0.0474253 0.0572409 0.0654353 0.0710769 0.0738187 0.073854 0.0716637 0.0677896 0.062729 0.0569039 0.0506514 0.0442249 0.0378097 0.0315486 0.0255678 0.019997 0.0149766 0.0106467 0.00711733 0.00443286
 0.00788058 0.0128609 0.0194649 0.0276596 0.0371786 0.0473678 0.0571584 0.0653308 0.0709573 0.073693 0.0737325 0.0715574 0.0677097 0.062685 0.0569015 0.0506914 0.044303 0.0379176 0.0316749 0.0256994 0.0201211 0.0150827 0.0107288 0.00717452 0.00446853
 0.00785852 0.0128264 0.0194153 0.0275933 0.0370945 0.0472662 0.0570412 0.0652024 0.0708251 0.0735666 0.0736228 0.0714744 0.0676611 0.0626752 0.056932 0.0507607 0.0444067 0.0380481 0.0318219 0.0258506 0.0202639 0.0152066 0.0108269 0.00724512 0.00451442
 0.00783103 0.0127794 0.0193406 0.0274826 0.0369425 0.0470743 0.0568203 0.0649729 0.0706115 0.0733914 0.0735008 0.0714118 0.0676576 0.0627262 0.0570305 0.0508984 0.0445745 0.0382358 0.0320183 0.0260439 0.0204421 0.0153595 0.0109481 0.0073333 0.00457278
 0.00780678 0.0127385 0.0192763 0.0273876 0.0368102 0.0469015 0.0566103 0.0647371 0.0703693 0.0731669 0.0733187 0.0712923 0.0676118 0.0627554 0.0571272 0.0510495 0.0447646 0.0384494 0.0322405 0.0262606 0.0206407 0.0155297 0.0110835 0.0074325 0.00463917
 0.00778498 0.0127018 0.0192188 0.0273029 0.0366929 0.046749 0.0564253 0.0645283 0.0701504 0.0729552 0.0731324 0.0711494 0.0675275 0.0627398 0.0571828 0.0511707 0.0449384 0.0386588 0.0324669 0.0264861 0.0208496 0.01571 0.0112279 0.00753894 0.004711
 0.00774664 0.0126418 0.0191326 0.0271879 0.0365487 0.0465777 0.0562325 0.0643234 0.0699462 0.0727659 0.0729718 0.0710296 0.0674587 0.0627293 0.0572342 0.0512828 0.0451043 0.0388657 0.0326975 0.0267212 0.0210711 0.0159031 0.0113835 0.00765438 0.0047893
 0.00935036 0.0148839 0.021833 0.0299543 0.0388914 0.0480924 0.0567437 0.0639112 0.0688589 0.0712951 0.0713605 0.0694399 0.0659825 0.061412 0.0560954 0.0503277 0.0443295 0.0382609 0.0322462 0.0264019 0.0208587 0.0157719 0.0113092 0.00761659 0.00477256
 0.00931729 0.0151298 0.0227312 0.0319688 0.0423748 0.0530122 0.0625099 0.0694732 0.0730807 0.0734049 0.0712063 0.0674278 0.0627969 0.0577232 0.0523934 0.0468984 0.0413065 0.0356893 0.0301265 0.0247115 0.019561 0.0148194 0.0106463 0.00718272 0.00450794
 0.00895365 0.014558 0.0219288 0.0309861 0.0413889 0.0523644 0.0626651 0.0708554 0.075822 0.0771578 0.075187 0.0707153 0.064718 0.0580859 0.0514558 0.0451517 0.0392414 0.033662 0.0283364 0.0232394 0.018417 0.0139765 0.0100595 0.00679935 0.00427472
 0.00879012 0.0142763 0.0214766 0.0303083 0.0404484 0.0511792 0.0613535 0.0696642 0.0751048 0.0772766 0.0763519 0.072836 0.0673713 0.0606545 0.0533784 0.0461368 0.0393247 0.0331058 0.0274666 0.0223221 0.0176118 0.0133483 0.009612 0.00650535 0.00409635
 0.00871943 0.0141571 0.0212877 0.030024 0.0400394 0.0506183 0.0606276 0.0687937 0.0741673 0.0764244 0.0758038 0.0728209 0.0680283 0.0619357 0.0550241 0.0477612 0.0405753 0.0337989 0.0276244 0.0221073 0.0172237 0.0129441 0.0092782 0.00626832 0.00394688
 0.00869082 0.0141075 0.0212069 0.0298995 0.0398575 0.0503661 0.0602953 0.0683767 0.0736697 0.0758682 0.0752422 0.0723506 0.0677815 0.062039 0.0555333 0.0486085 0.0415736 0.0347137 0.0282736 0.0224271 0.0172658 0.0128205 0.00909886 0.00610494 0.00382859
 0.0087174 0.014145 0.0212524 0.0299454 0.0398923 0.0503753 0.0602631 0.0682873 0.0735093 0.0756284 0.0749264 0.0719816 0.0674095 0.0617421 0.0554001 0.0487027 0.0418943 0.0351817 0.0287595 0.0228095 0.0174814 0.0128778 0.00905276 0.00601851 0.00374612
 0.00866442 0.0140718 0.0211659 0.0298594 0.0398227 0.0503327 0.0602471 0.0682857 0.073503 0.0755974 0.0748557 0.071865 0.0672536 0.0615704 0.055254 0.0486337 0.0419443 0.0353591 0.0290273 0.0230978 0.0177197 0.0130259 0.0091112 0.00601567 0.00371639
 0.00866394 0.0140636 0.0211408 0.0298063 0.0397343 0.0502121 0.0601119 0.0681638 0.0734203 0.0755654 0.0748654 0.0718919 0.0672705 0.06156 0.0552179 0.0485925 0.0419301 0.0354003 0.0291327 0.0232494 0.0178805 0.0131584 0.00919494 0.006052 0.00372084
 0.00867504 0.014081 0.0211652 0.0298365 0.0397655 0.0502355 0.0601153 0.0681364 0.0733592 0.0754797 0.0747736 0.0718133 0.0672149 0.0615246 0.0551921 0.0485684 0.04191 0.0353962 0.0291577 0.0233071 0.0179603 0.0132405 0.0092607 0.00609256 0.00373843
 0.00865335 0.0140527 0.0211354 0.029814 0.0397601 0.0502536 0.060156 0.0681903 0.0734108 0.0755129 0.0747777 0.0717874 0.0671675 0.0614689 0.0551396 0.0485253 0.0418781 0.0353772 0.0291549 0.0233233 0.0179938 0.0132835 0.00930227 0.00612416 0.00375712
 0.00863567 0.0140213 0.0210839 0.0297366 0.0396547 0.0501262 0.0600229 0.0680752 0.0733366 0.0754922 0.0748074 0.0718516 0.0672458 0.0615447 0.055205 0.04858 0.0419257 0.0354219 0.0292 0.0233707 0.0180435 0.0133327 0.00934636 0.00615882 0.00378047
 0.0086274 0.0140076 0.0210624 0.0297044 0.0396085 0.0500627 0.0599405 0.0679765 0.0732307 0.0753943 0.0747356 0.0718199 0.0672585 0.0615948 0.0552781 0.0486607 0.0420034 0.0354918 0.0292622 0.023427 0.018095 0.0133792 0.00938625 0.00619015 0.00380245
 0.00861488 0.0139895 0.0210393 0.029678 0.0395809 0.0500351 0.0599121 0.0679448 0.0731925 0.0753482 0.0746841 0.0717702 0.0672211 0.0615795 0.0552895 0.0486963 0.0420551 0.0355503 0.0293199 0.02348 0.018142 0.0134197 0.00941979 0.00621624 0.00382101
 0.00862451 0.0139987 0.0210417 0.0296644 0.0395424 0.049968 0.0598216 0.0678437 0.0730969 0.0752708 0.0746308 0.0717406 0.067212 0.0615883 0.0553157 0.0487397 0.0421139 0.0356195 0.0293929 0.0235499 0.0182041 0.0134715 0.00946047 0.00624626 0.00384157
 0.00862451 0.0139987 0.0210417 0.0296644 0.0395424 0.049968 0.0598216 0.0678437 0.0730969 0.0752708 0.0746308 0.0717406 0.067212 0.0615883 0.0553157 0.0487397 0.0421139 0.0356195 0.0293929 0.0235499 0.0182041 0.0134715 0.00946047 0.00624626 0.00384157
 0.00874097 0.0141913 0.0213356 0.0300803 0.0400862 0.0506177 0.0605187 0.0684991 0.0736134 0.0755735 0.0746874 0.0715646 0.0668496 0.061101 0.0547659 0.048182 0.0415902 0.0351577 0.0290071 0.0232432 0.0179717 0.0133041 0.00934656 0.00617366 0.00379863
 0.00881689 0.0143186 0.0215347 0.0303727 0.0404901 0.0511399 0.0611448 0.0691873 0.0742957 0.0761654 0.075106 0.0717482 0.0667744 0.0607863 0.0542663 0.047571 0.0409419 0.034534 0.0284511 0.0227791 0.0176069 0.0130339 0.00915858 0.00605139 0.00372479
 0.00915867 0.0148647 0.0223362 0.0314645 0.0418765 0.0527765 0.0629238 0.070942 0.0758316 0.0773066 0.0757332 0.0718143 0.0662998 0.0598458 0.0529731 0.0460602 0.0393523 0.03299 0.02705 0.0215835 0.0166457 0.0123064 0.00864186 0.00570882 0.00351416
 0.00859574 0.0140124 0.021175 0.0300293 0.0402612 0.0511305 0.0614433 0.069844 0.0753047 0.0774526 0.0765288 0.0731162 0.0678893 0.0614887 0.0544729 0.0472896 0.0402618 0.0335962 0.0274108 0.021772 0.0167287 0.0123342 0.00864594 0.0057056 0.00351042
 0.00877621 0.0142202 0.0213316 0.030014 0.0399504 0.0504575 0.0604461 0.068671 0.0741721 0.0765765 0.0760648 0.0731264 0.068338 0.0622614 0.0554095 0.0482266 0.0410692 0.0342006 0.0277989 0.0219761 0.0168037 0.0123358 0.00861705 0.0056722 0.00348403
 0.00816382 0.013285 0.0200351 0.0283561 0.0379629 0.0481961 0.0579966 0.0661689 0.071819 0.0746312 0.0748003 0.0727604 0.0689638 0.0638104 0.0576653 0.050882 0.0438026 0.0367427 0.0299723 0.0237028 0.0180885 0.0132358 0.00921235 0.00604384 0.0037022
 0.00861507 0.0139237 0.0208199 0.0291868 0.0387046 0.0487188 0.058205 0.0660087 0.0712672 0.0736952 0.0735358 0.0712964 0.0675045 0.0625943 0.056891 0.0506397 0.0440488 0.0373292 0.0307097 0.0244248 0.0186892 0.013676 0.00950182 0.00621677 0.00379688
 0.00875712 0.0142178 0.0213718 0.0301143 0.0400836 0.0505124 0.060217 0.0679071 0.0726849 0.0743547 0.073331 0.0702983 0.0659131 0.0606783 0.0549364 0.0489013 0.0427033 0.0364431 0.0302402 0.0242571 0.0186909 0.0137406 0.0095672 0.00626007 0.00381832
 0.00839452 0.0136566 0.0205875 0.0291224 0.0389588 0.0494006 0.0593254 0.0674529 0.0728068 0.0750328 0.0743736 0.071415 0.0668343 0.0612525 0.0551602 0.0488867 0.0426115 0.0364166 0.0303568 0.0245168 0.0190358 0.0140939 0.00986814 0.00648037 0.00395944
 0.00831441 0.0134905 0.0202726 0.0285828 0.0381303 0.0482705 0.0579687 0.0660426 0.0715832 0.0742372 0.0741682 0.0718212 0.0677207 0.0623829 0.0562856 0.0498337 0.0433246 0.0369402 0.0307784 0.0249092 0.0194261 0.014467 0.0101916 0.00672925 0.00412866
 0.00856247 0.0138827 0.0208372 0.0293254 0.039017 0.0492113 0.0588143 0.066613 0.0717293 0.0739105 0.0734546 0.0709131 0.0668362 0.0616783 0.0558065 0.0495274 0.0430984 0.0367247 0.0305581 0.0247111 0.0192854 0.0143987 0.010184 0.00675604 0.00416451
 0.00886248 0.0143867 0.0216233 0.0304682 0.0405616 0.0511338 0.0609871 0.0687996 0.0736251 0.0752184 0.0739676 0.0705727 0.0657467 0.0600701 0.0539586 0.0476834 0.0414132 0.0352625 0.0293271 0.0237025 0.0184928 0.0138137 0.00978618 0.00650987 0.00402673
 0.00861936 0.0140308 0.0211644 0.0299514 0.0400674 0.0507714 0.0608785 0.0690503 0.0742829 0.0762345 0.0751859 0.0717647 0.0666843 0.0606008 0.0540496 0.0474138 0.0409238 0.0346947 0.0287826 0.0232349 0.0181209 0.0135381 0.00959799 0.00639374 0.00396324
 0.00847886 0.0137755 0.0207341 0.0292829 0.0391226 0.0495754 0.0595488 0.0677925 0.0733415 0.0758179 0.0753975 0.0725678 0.0679127 0.0620095 0.0553893 0.0485013 0.041681 0.0351424 0.0290005 0.0233147 0.018135 0.0135307 0.00958985 0.00639143 0.00396625
 0.00880689 0.0142779 0.0214279 0.0301518 0.0401069 0.0505676 0.0604004 0.0683445 0.0734795 0.0755271 0.0747821 0.071814 0.0672111 0.061481 0.0550509 0.0482839 0.0414834 0.0348872 0.0286649 0.0229267 0.0177472 0.0131912 0.00932618 0.00620806 0.00385163
