SBPRF35
7.78865
Curr Bio
552149
B35
672935
F35
0.224279
FOFL
0.190223
OFL
83854.1
Bzero
2.22533e+06
#pred survey bio
 4.55331e+06 4.28902e+06 4.04321e+06 3.75954e+06 3.43756e+06 3.11662e+06 2.78746e+06 2.44482e+06 2.15612e+06 1.91361e+06 1.7065e+06 1.50537e+06 1.33096e+06 1.16071e+06 1.02616e+06 924203 813027 752700 702632 673564 647522 628904 598684 577071 570248 558935 555584 561453 562258 553416 557671 568699 555546 538037 534657 527932 522883 514677 510492 511350 523095 533805 546172 556319 560073 566214 570577 570608 581863 586962 589908 599426 568918 518051 509136 471224 471214 462565 454077 442726 480324 510987 552109 2.01485e+07 1.24784e+07 1.29534e+07 1.36273e+07 1.43754e+07 1.50793e+07 1.56809e+07 1.61644e+07 1.65373e+07 1.68173e+07 1.7024e+07 1.7175e+07 1.72849e+07 1.73648e+07 1.7423e+07 1.74656e+07 1.74969e+07 1.75202e+07 1.75374e+07 1.75504e+07 1.75601e+07 1.75675e+07 1.7573e+07 1.75773e+07 1.75805e+07 1.7583e+07 1.75849e+07 1.75864e+07 1.75875e+07 1.75884e+07 1.7589e+07 1.75896e+07 1.759e+07 1.75903e+07 1.75905e+07 1.75907e+07 1.75908e+07 1.75909e+07 1.7591e+07 1.75911e+07 1.75911e+07 1.75912e+07 1.75912e+07 1.75912e+07 1.75913e+07 1.75913e+07 1.75913e+07 1.75913e+07 1.75913e+07 1.75913e+07 1.75913e+07 1.75913e+07 1.75913e+07 1.75913e+07 1.75913e+07 1.75913e+07 1.75913e+07 1.75913e+07 1.75913e+07 1.75913e+07 1.75913e+07 1.75913e+07 1.75913e+07 1.75913e+07 1.75913e+07 1.75913e+07 1.75913e+07 1.75913e+07 1.75913e+07 1.75913e+07 1.75913e+07 1.75913e+07 1.75913e+07 1.75913e+07 1.75913e+07 1.75913e+07 1.75913e+07 1.75913e+07 1.75913e+07 1.75913e+07 1.75913e+07 1.75913e+07 1.75913e+07 1.75913e+07 1.75913e+07 1.75913e+07 1.75913e+07 1.75913e+07 1.75913e+07 1.75913e+07 1.75913e+07 1.75913e+07 1.75913e+07 1.75913e+07 1.75913e+07 1.75913e+07 1.75913e+07 1.75913e+07 1.75913e+07 1.75913e+07 0 0 0 0 0 0 0 0 0 0 0 0 0 0 0 0 0 0 0 0 0 0 0 0 0
#obs survey bio
 3.82285e+06 3.48159e+06 3.02452e+06 3.05108e+06 2.9237e+06 3.83884e+06 3.06417e+06 1.57312e+06 1.42376e+06 1.95774e+06 1.50109e+06 1.1969e+06 989269 792133 871919 939715 973859 729612 635848 716393 635330 533495 495874 437360 571318 486275 418102 740707 377133 507977 472705 419963 514727 483227 526099 518606 558046 666113 720090 408548 580651 618509 399764 551421 494964 620808 497005 645318 534573 410245 843288 835225 589745 505844 505460 620086 468231 560977 383064 421824 418980 664515 488221
#pred catch bio
 93739.7 90949.6 147547 209564 238903 277706 321250 301454 284390 272331 281806 268771 271806 243637 215663 220550 172786 160798 139875 134637 125949 132659 121856 107120 109343 101816 94342.8 98756.1 106269 94377.9 88061.2 106587 106694 91068.1 90353 87339.6 92054.4 91451.9 88732.4 80845.6 82845.1 82358.8 85086 90861.8 89315.6 91658.2 96133.5 87773.8 94220.6 96218.6 89735.9 121329 135421 98550.5 121498 87555.4 94437.3 94542.7 98652.5 62131.7 73411.2 69474 88311.3 83854.1 99987.4 102781 107059 112287 117286 121481 124740 127142 128847 130022 130815 131340 131684 131907 132050 132141 132199 132235 132258 132272 132281 132287 132290 132293 132294 132295 132295 132296 132296 132296 132296 132296 132296 132296 132296 132296 132296 132296 132296 132296 132296 132296 132296 132296 132296 132296 132296 132296 132296 132296 132296 132296 132296 132296 132296 132296 132296 132296 132296 132296 132296 132296 132296 132296 132296 132296 132296 132296 132296 132296 132296 132296 132296 132296 132296 132296 132296 132296 132296 132296 132296 132296 132296 132296 132296 132296 132296 132296 132296 132296 132296 132296 132296 132296 132296 132296 132296 132296 132296 0 0 0 0 0 0 0 0 0 0 0 0 0 0 0 0 0 0 0 0 0 0 0 0 0
#obs catch bio
 0 90711.9 148193 211231 240719 280326 325570 306743 289877 277106 288127 273757 278813 249913 220491 225717 174626 163057 141627 135849 127174 134658 123200 108058 110303 102580 95402.9 99630.3 107811 95531.9 88675.8 107939 108010 91970.3 91104.6 87711.9 92277.2 91454.7 88084.3 80588.2 82599.1 81989.6 84974.2 90391.5 88891.3 91147.6 95969.2 87429.6 94118.2 96568.6 89188.3 119946 134909 97118.6 120917 86291.7 93404.7 92897.8 98459 61630.7 73483.7 69084 88433.3
#pred cpue bio
 4.48053e+06 4.21913e+06 3.97511e+06 3.69243e+06 3.37243e+06 3.0534e+06 2.72627e+06 2.3859e+06 2.09896e+06 1.85808e+06 1.65265e+06 1.45366e+06 1.28129e+06 1.11348e+06 981256 881562 773482 715035 666634 638733 613751 595914 566984 546393 540055 529260 525922 531567 532450 523939 528318 539476 527205 510774 508304 502580 497391 488065 483195 484025 495515 506013 518022 527867 531514 537370 541424 541247 552018 556865 559917 569752 540356 490524 481502 444930 445162 436844 428103 416170 451796 481339 520891 1.90215e+07 1.17927e+07 1.22113e+07 1.28127e+07 1.35355e+07 1.4234e+07 1.48346e+07 1.53179e+07 1.56908e+07 1.59708e+07 1.61775e+07 1.63285e+07 1.64384e+07 1.65182e+07 1.65765e+07 1.66191e+07 1.66504e+07 1.66736e+07 1.66909e+07 1.67038e+07 1.67136e+07 1.67209e+07 1.67265e+07 1.67308e+07 1.6734e+07 1.67365e+07 1.67384e+07 1.67399e+07 1.6741e+07 1.67419e+07 1.67425e+07 1.67431e+07 1.67434e+07 1.67438e+07 1.6744e+07 1.67442e+07 1.67443e+07 1.67444e+07 1.67445e+07 1.67446e+07 1.67446e+07 1.67447e+07 1.67447e+07 1.67447e+07 1.67447e+07 1.67448e+07 1.67448e+07 1.67448e+07 1.67448e+07 1.67448e+07 1.67448e+07 1.67448e+07 1.67448e+07 1.67448e+07 1.67448e+07 1.67448e+07 1.67448e+07 1.67448e+07 1.67448e+07 1.67448e+07 1.67448e+07 1.67448e+07 1.67448e+07 1.67448e+07 1.67448e+07 1.67448e+07 1.67448e+07 1.67448e+07 1.67448e+07 1.67448e+07 1.67448e+07 1.67448e+07 1.67448e+07 1.67448e+07 1.67448e+07 1.67448e+07 1.67448e+07 1.67448e+07 1.67448e+07 1.67448e+07 1.67448e+07 1.67448e+07 1.67448e+07 1.67448e+07 1.67448e+07 1.67448e+07 1.67448e+07 1.67448e+07 1.67448e+07 1.67448e+07 1.67448e+07 1.67448e+07 1.67448e+07 1.67448e+07 1.67448e+07 1.67448e+07 1.67448e+07 1.67448e+07 1.67448e+07 1.67448e+07 0 0 0 0 0 0 0 0 0 0 0 0 0 0 0 0 0 0 0 0 0 0 0 0 0
#obs cpue bio
 4.81792e+06 2.66284e+06 3.2702e+06 3.25222e+06 3.65353e+06 2.38393e+06 2.20132e+06 1.7572e+06 2.27378e+06 1.77086e+06 1.32779e+06 1.856e+06 1.03339e+06 1.10416e+06 907083 830556 739244 546193 568800 672758 466394 506608 671965 600582 539468 536953 400674 448740 534572 440228 657623 611180 496410 436810 562476 592990 576404 439929 637648 432921 503000 507805 565848 821831 585006 568099 525818 510900 554190 561720 679289 781151 388797 837029 433498 560287 492887 621276 279582 471778 402358 497798 434747
#pred surv len freq
 0.0046349 0.00750392 0.0112597 0.0158875 0.0213022 0.0272807 0.0334202 0.0392191 0.044252 0.0483036 0.0513743 0.053599 0.055161 0.0562318 0.056928 0.0572858 0.0572621 0.0567538 0.0556077 0.0536079 0.0504705 0.0459109 0.0398149 0.032441 0.0244877
 0.00498707 0.00799079 0.0118386 0.0164774 0.0218217 0.0276989 0.0337838 0.0396261 0.0447802 0.0489375 0.0519817 0.0539771 0.0551273 0.0557096 0.0559861 0.0561188 0.0561224 0.0558621 0.0550766 0.0534112 0.0504733 0.0459454 0.0397609 0.0322673 0.024238
 0.00509838 0.00821941 0.0122645 0.0171879 0.0228715 0.029059 0.0353159 0.041116 0.046024 0.0498267 0.0525225 0.0542314 0.0551273 0.0554209 0.0553456 0.0551126 0.0548383 0.0544763 0.0537837 0.0523422 0.0496542 0.0453164 0.0392372 0.0317951 0.0238128
 0.00525079 0.00845375 0.0125974 0.0176398 0.0234781 0.0298785 0.0364155 0.0425307 0.0477046 0.0516143 0.0541812 0.0555288 0.0559119 0.0556448 0.0550321 0.0543138 0.0536253 0.0529581 0.0521134 0.0506882 0.0481501 0.0440293 0.0381752 0.0309394 0.0231451
 0.00547381 0.00880848 0.0131161 0.0183457 0.0243813 0.0309718 0.0376735 0.0439173 0.049184 0.0531519 0.0557236 0.0569761 0.0571113 0.0564229 0.0552499 0.0539079 0.0526181 0.0514438 0.0502403 0.0486376 0.0461074 0.042151 0.0365654 0.029647 0.0221739
 0.00570136 0.00917551 0.0136634 0.0191101 0.0253898 0.0322311 0.0391584 0.0455648 0.0509021 0.054839 0.0572898 0.0583504 0.0582314 0.0572154 0.0556202 0.0537554 0.051872 0.0501003 0.0483809 0.0464221 0.0437447 0.0398581 0.0345253 0.0279782 0.02092
 0.00598197 0.00962159 0.0143167 0.0200048 0.026549 0.0336605 0.0408356 0.0474314 0.052864 0.0567775 0.0590783 0.0598733 0.0593978 0.0579624 0.0559027 0.0535311 0.0510974 0.0487495 0.0464789 0.044073 0.0411352 0.0372265 0.0321089 0.0259578 0.0193844
 0.0063225 0.0101669 0.015122 0.0211164 0.0279965 0.0354442 0.0429124 0.0497087 0.0552091 0.0590393 0.0611093 0.0615452 0.0606108 0.0586488 0.0560255 0.0530754 0.05006 0.0471364 0.0443213 0.0414567 0.0382227 0.0342513 0.0293309 0.0235983 0.0175694
 0.00661882 0.0106431 0.0158292 0.0221007 0.0292931 0.0370671 0.0448399 0.0518735 0.0575002 0.0613154 0.0632181 0.0633417 0.0619727 0.0594864 0.0562836 0.0527292 0.0491071 0.0455929 0.0422286 0.0389004 0.035354 0.0312891 0.0265303 0.0211893 0.0156955
 0.00687563 0.011056 0.0164429 0.0229558 0.0304214 0.038483 0.046529 0.0537846 0.0595467 0.0633851 0.0651856 0.0650793 0.0633609 0.0604234 0.0566934 0.052564 0.0483468 0.0442445 0.0403307 0.0365366 0.0326683 0.028488 0.0238567 0.0188679 0.0138738
 0.00709661 0.0114135 0.0169782 0.0237076 0.0314207 0.0397435 0.0480361 0.0554888 0.0613672 0.0652215 0.0669304 0.0666282 0.0646177 0.0613042 0.0571286 0.0525006 0.0477508 0.0431058 0.0386724 0.0344288 0.0302409 0.0259314 0.0213966 0.0167163 0.0121737
 0.00738978 0.011878 0.0176553 0.0246288 0.0326038 0.041186 0.0497056 0.0573164 0.0632519 0.0670442 0.068572 0.0679848 0.0656105 0.0618817 0.0572619 0.0521755 0.0469614 0.0418551 0.0369827 0.0323588 0.0279026 0.0234929 0.0190613 0.0146772 0.010562
 0.00760919 0.0122418 0.0182158 0.0254386 0.0337043 0.0425898 0.0513785 0.059172 0.0651641 0.0688715 0.0701824 0.0692713 0.0664981 0.0623287 0.0572559 0.051725 0.0460862 0.0405809 0.0353446 0.0304148 0.0257498 0.0212745 0.0169508 0.0128401 0.00911132
 0.00785416 0.0126395 0.0188138 0.0262831 0.0348332 0.0440206 0.0530918 0.0610989 0.0671854 0.0708319 0.0719145 0.0706245 0.0673645 0.0626569 0.0570495 0.0510271 0.0449596 0.0390929 0.0335626 0.0284137 0.0236256 0.0191522 0.0149746 0.0111445 0.00778495
 0.00799797 0.0128798 0.0191882 0.0268326 0.0355961 0.0450217 0.0543299 0.0625383 0.068756 0.0724355 0.0734339 0.0719352 0.0683491 0.0632231 0.0571451 0.0506463 0.044138 0.0378942 0.0320661 0.0267092 0.0218154 0.0173531 0.0133105 0.0097252 0.00667952
 0.00802327 0.0129329 0.0192915 0.0270172 0.0358986 0.0454769 0.0549613 0.0633509 0.0697313 0.0735299 0.0745803 0.0730477 0.0693313 0.0639797 0.0575945 0.0507327 0.0438404 0.0372291 0.0310848 0.0254904 0.0204587 0.015971 0.0120166 0.00861559 0.00581336
 0.00830763 0.0133629 0.0198793 0.0277541 0.0367612 0.0464346 0.0559808 0.0643937 0.0707505 0.0744713 0.0753873 0.0736694 0.0697291 0.0641292 0.0574835 0.0503581 0.0432069 0.0363533 0.0300008 0.0242542 0.0191479 0.0146781 0.010835 0.00762159 0.0050495
 0.00840843 0.0135205 0.020104 0.0280497 0.0371221 0.0468446 0.056414 0.0648208 0.0711502 0.0748396 0.0757366 0.0740151 0.0700725 0.0644471 0.0577318 0.0504839 0.043163 0.0361101 0.0295535 0.0236271 0.0183939 0.0138715 0.0100576 0.00694462 0.0045175
 0.0084946 0.0136568 0.0203018 0.0283167 0.0374605 0.047248 0.0568641 0.0652861 0.0715904 0.0752149 0.0760199 0.0741996 0.0701712 0.0644829 0.0577222 0.0504291 0.0430448 0.0359005 0.02923 0.0231861 0.0178577 0.0132866 0.00948342 0.00643733 0.00411478
 0.00857441 0.0137656 0.0204275 0.0284363 0.0375486 0.0472895 0.0568629 0.0652655 0.0715826 0.0752476 0.0761058 0.0743344 0.070339 0.0646638 0.0578977 0.0505825 0.0431572 0.0359494 0.0291924 0.023048 0.0176233 0.0129817 0.00915032 0.00612171 0.0038521
 0.00862032 0.0138452 0.0205547 0.0286233 0.037798 0.0475854 0.0571671 0.0655253 0.0717505 0.0753022 0.076061 0.0742299 0.0702199 0.0645628 0.0578273 0.050538 0.0431238 0.035907 0.0291207 0.0229306 0.0174544 0.0127702 0.0089189 0.00589952 0.00366428
 0.00851955 0.0137028 0.0203809 0.0284428 0.0376457 0.0474966 0.0571673 0.0656218 0.0719285 0.0755268 0.0762873 0.0744192 0.0703539 0.0646471 0.0578823 0.050584 0.04317 0.0359492 0.0291451 0.0229222 0.0174038 0.0126791 0.00880027 0.00577335 0.00355025
 0.00861509 0.0138369 0.0205444 0.0286164 0.0378082 0.0476374 0.0572933 0.0657538 0.0720865 0.0757141 0.0764824 0.0745816 0.0704411 0.0646326 0.0577666 0.0503925 0.04294 0.0357148 0.0289271 0.0227264 0.0172271 0.0125173 0.00865295 0.00564492 0.0034464
 0.00870563 0.0139727 0.0207264 0.0288354 0.0380442 0.0478612 0.0574718 0.0658585 0.072106 0.0756619 0.0763933 0.0744952 0.0703812 0.0645976 0.0577352 0.0503403 0.0428543 0.0355987 0.028794 0.0225905 0.017098 0.0123991 0.00854809 0.00555566 0.00337522
 0.00873002 0.0140022 0.0207524 0.0288433 0.038018 0.0477892 0.0573515 0.065698 0.0719216 0.0754752 0.0762293 0.074381 0.0703409 0.064644 0.0578621 0.0505215 0.0430524 0.0357788 0.0289336 0.0226828 0.0171472 0.012415 0.00854137 0.0055365 0.0033521
 0.00891344 0.014271 0.0211016 0.0292476 0.0384361 0.0481735 0.0576569 0.065888 0.0719732 0.0753835 0.0760106 0.0740695 0.0699825 0.0642865 0.0575458 0.0502713 0.0428739 0.0356605 0.0288554 0.0226249 0.0170966 0.0123666 0.00849562 0.00549604 0.00331936
 0.00888878 0.0142547 0.0211194 0.0293346 0.0386229 0.0484667 0.0580253 0.0662664 0.072284 0.0755652 0.0760371 0.0739526 0.0697604 0.0640084 0.057259 0.050013 0.0426668 0.0355117 0.0287582 0.0225649 0.017058 0.0123377 0.00847048 0.00547344 0.00330024
 0.00883543 0.0141598 0.0209641 0.0291023 0.0383109 0.0480992 0.0576593 0.0659786 0.0721419 0.0755957 0.0762147 0.0742148 0.0700383 0.0642538 0.0574539 0.0501633 0.0427888 0.0356205 0.0288613 0.0226616 0.0171428 0.0124049 0.00851746 0.00550184 0.0033146
 0.00878752 0.0140938 0.0208854 0.0290204 0.0382331 0.0480238 0.0575739 0.0658692 0.0720077 0.0754593 0.0761162 0.0741909 0.0701012 0.0643841 0.0576134 0.0503154 0.0429135 0.0357154 0.0289343 0.0227214 0.0171937 0.0124469 0.00854937 0.00552315 0.00332678
 0.00872519 0.0140112 0.020796 0.0289493 0.0382108 0.0480756 0.0577085 0.0660725 0.0722438 0.0756799 0.0762761 0.0742648 0.0700917 0.0643159 0.0575175 0.0502146 0.0428176 0.0356266 0.0288539 0.0226522 0.0171391 0.0124079 0.0085239 0.00550767 0.00331771
 0.00864407 0.0138677 0.0205605 0.0285925 0.0377169 0.0474602 0.0570314 0.0654316 0.071748 0.0754123 0.0762674 0.074489 0.0704839 0.0647994 0.058026 0.0507028 0.0432595 0.036009 0.0291712 0.0229043 0.0173306 0.0125467 0.00861959 0.00556993 0.0033555
 0.00841202 0.013522 0.0200975 0.0280261 0.0370703 0.0467556 0.0562873 0.064673 0.0710221 0.0747962 0.075856 0.074365 0.0706844 0.0652989 0.0587455 0.0515373 0.0441092 0.0367988 0.0298557 0.023464 0.0177641 0.0128647 0.00883965 0.00571276 0.00344182
 0.00830848 0.0133704 0.0199013 0.0278006 0.0368405 0.046549 0.0561257 0.0645642 0.0709539 0.0747393 0.0757785 0.0742541 0.0705605 0.0652103 0.0587434 0.0516493 0.0443266 0.0370844 0.0301623 0.0237509 0.0180059 0.0130514 0.00897283 0.0058007 0.00349546
 0.00817431 0.01317 0.0196334 0.0274774 0.0364863 0.0461968 0.0558133 0.0643284 0.0708232 0.0747232 0.0758611 0.0743982 0.0707227 0.0653602 0.0588761 0.0517828 0.0444856 0.037282 0.0303916 0.0239893 0.018227 0.0132354 0.00911135 0.00589551 0.00355462
 0.00808444 0.013001 0.0193383 0.027003 0.0357918 0.0452806 0.0547348 0.0632084 0.0698164 0.073975 0.0754693 0.0743928 0.0710673 0.0659701 0.0596465 0.052616 0.04531 0.0380546 0.0310893 0.0245978 0.0187348 0.0136358 0.00940604 0.0060961 0.00368002
 0.008722 0.0138905 0.0204031 0.0280743 0.0366493 0.045722 0.0546391 0.0625658 0.0687223 0.0726031 0.0740333 0.0731017 0.0700805 0.0653666 0.0594201 0.0526967 0.0455983 0.0384534 0.0315224 0.0250138 0.0191026 0.0139384 0.0096371 0.00625878 0.00378482
 0.00922173 0.0146968 0.0215956 0.0296977 0.0386735 0.0479977 0.0568772 0.0643797 0.0697413 0.0726087 0.0730416 0.071347 0.0679195 0.0631606 0.0574464 0.0511101 0.0444379 0.0376767 0.0310466 0.0247504 0.0189761 0.0138923 0.00963279 0.0062715 0.00380063
 0.00903044 0.0144986 0.0215072 0.0299007 0.0393694 0.0493312 0.0588578 0.0668399 0.0723491 0.0749349 0.0746662 0.071978 0.0674821 0.0618139 0.0555171 0.0489758 0.0424167 0.0359669 0.029723 0.0237972 0.0183306 0.0134789 0.00938216 0.00612828 0.003724
 0.00892106 0.0143016 0.0211838 0.0294254 0.0387651 0.0487068 0.0584213 0.0668521 0.0730195 0.0763041 0.0765459 0.0739922 0.0691938 0.0628777 0.0557864 0.0485245 0.041477 0.0348241 0.0286193 0.0228802 0.0176517 0.0130221 0.00909958 0.00596652 0.00363819
 0.00890818 0.0142707 0.0211166 0.0292941 0.0385337 0.0483422 0.0579136 0.0662438 0.0724284 0.075915 0.0765546 0.0745132 0.0701815 0.0641163 0.0569678 0.0493735 0.0418548 0.034757 0.0282517 0.0223915 0.0171859 0.0126568 0.00885211 0.00581831 0.00355873
 0.00881747 0.0141286 0.0209124 0.0290202 0.0381854 0.0479173 0.0574145 0.0656818 0.0718316 0.0753397 0.0760928 0.0742843 0.0702974 0.0646255 0.0578099 0.0503813 0.042813 0.0354886 0.0286804 0.0225479 0.0171642 0.0125589 0.00874933 0.00574287 0.00351457
 0.00883661 0.014144 0.0209065 0.0289671 0.0380577 0.0476963 0.0570986 0.0652883 0.0713902 0.074885 0.0756625 0.0739239 0.0700651 0.0645854 0.058008 0.0508132 0.0434073 0.0361237 0.0292315 0.0229359 0.0173772 0.012637 0.00875151 0.00571791 0.00348962
 0.00874867 0.0140218 0.0207602 0.0288159 0.0379208 0.0475802 0.0569899 0.0651585 0.0712116 0.0746479 0.0753828 0.0736392 0.0698234 0.0644357 0.0579921 0.0509566 0.0437062 0.0365358 0.0296831 0.0233469 0.017691 0.0128368 0.00885532 0.00575953 0.00350031
 0.00871856 0.0139664 0.020666 0.02867 0.0377179 0.0473311 0.0567246 0.0649185 0.0710317 0.0745387 0.0753274 0.0736069 0.0697912 0.0644031 0.0579818 0.0510021 0.0438346 0.0367528 0.0299664 0.0236523 0.0179692 0.0130528 0.00899821 0.00583971 0.00353807
 0.00876354 0.0140345 0.0207582 0.0287818 0.0378376 0.04744 0.0567996 0.0649383 0.070986 0.0744342 0.0751843 0.0734483 0.0696321 0.0642483 0.0578341 0.0508717 0.043741 0.0367164 0.0299962 0.0237381 0.018085 0.0131681 0.00909053 0.00590067 0.00357137
 0.00879418 0.0140802 0.0208193 0.0288558 0.0379195 0.0475231 0.0568753 0.064996 0.0710137 0.0744207 0.0751247 0.0733471 0.0695029 0.0641093 0.0577014 0.0507568 0.0436523 0.0366619 0.0299819 0.0237642 0.0181422 0.0132396 0.00915866 0.00595361 0.0036057
 0.00879266 0.0140848 0.0208392 0.0289029 0.0380048 0.0476504 0.0570368 0.0651719 0.0711771 0.0745455 0.0751911 0.0733455 0.0694346 0.0639854 0.0575409 0.0505823 0.0434851 0.0365194 0.0298757 0.0236991 0.0181155 0.0132419 0.00917706 0.00597597 0.00362427
 0.00883829 0.0141537 0.0209336 0.0290224 0.0381484 0.0478178 0.0572282 0.0653845 0.0714 0.074757 0.0753612 0.0734434 0.0694391 0.0638916 0.0573615 0.0503434 0.0432193 0.0362582 0.0296447 0.0235142 0.0179824 0.0131569 0.00912994 0.00595408 0.00361629
 0.00879156 0.0140804 0.0208283 0.0288826 0.0379754 0.0476187 0.0570182 0.0651877 0.0712472 0.0746786 0.0753778 0.0735572 0.0696303 0.0641238 0.0575929 0.05054 0.0433635 0.0363497 0.0296955 0.0235408 0.0179991 0.0131723 0.00914672 0.00597093 0.00363082
 0.00857852 0.0137828 0.0204703 0.0285161 0.0376643 0.0474144 0.0569399 0.0652203 0.0713551 0.074825 0.075539 0.0737251 0.0698068 0.0643105 0.0577846 0.0507232 0.0435218 0.0364711 0.0297769 0.0235887 0.0180246 0.0131863 0.00915652 0.00597959 0.00363857
 0.00841029 0.0135129 0.0200739 0.0279809 0.0370025 0.0466757 0.0562161 0.0646291 0.0710029 0.0747662 0.0757565 0.0741455 0.0703366 0.0648703 0.0583232 0.0512143 0.0439527 0.0368347 0.0300699 0.0238125 0.0181869 0.0132986 0.00923129 0.00602779 0.00366854
 0.00840592 0.0134743 0.0199573 0.0277262 0.0365488 0.0459872 0.0553085 0.0635824 0.0699522 0.0738726 0.0751659 0.0739479 0.0705413 0.0654093 0.0590804 0.0520652 0.0447951 0.0376006 0.0307228 0.0243394 0.0185901 0.013591 0.00943164 0.00615711 0.0037468
 0.00867528 0.013908 0.0205979 0.028599 0.0376425 0.0472318 0.0565623 0.0646491 0.0706333 0.0740362 0.0747951 0.0731432 0.0694796 0.0642813 0.0580371 0.0511908 0.0441103 0.0370853 0.0303414 0.024058 0.0183832 0.0134412 0.00932685 0.00608752 0.00370373
 0.00898035 0.0144078 0.0213568 0.0296773 0.0390814 0.0490276 0.0586378 0.0668367 0.0726867 0.0756728 0.0757605 0.0732798 0.0687742 0.0628711 0.0561664 0.0491373 0.0421138 0.0353064 0.0288569 0.0228814 0.0174912 0.012794 0.0088797 0.00579594 0.00352607
 0.00869404 0.0139914 0.020824 0.0290803 0.0385065 0.0485833 0.0584381 0.0669809 0.0732313 0.0766002 0.0769611 0.0745632 0.0699157 0.0636772 0.0565336 0.0490757 0.0417278 0.0347442 0.0282574 0.0223405 0.0170551 0.012471 0.0086567 0.00565172 0.00343893
 0.00896471 0.0143771 0.0213055 0.0296089 0.0390236 0.0490483 0.0588481 0.0673689 0.0736435 0.0770675 0.0774772 0.0750787 0.0703461 0.0639225 0.0565066 0.0487328 0.0410894 0.0338937 0.0273166 0.0214315 0.0162689 0.0118533 0.00821168 0.00535644 0.00325832
 0.0089967 0.0144113 0.0213223 0.0295751 0.0388964 0.0487858 0.058427 0.0668034 0.073001 0.076468 0.0770679 0.0749856 0.0706218 0.0645202 0.0572927 0.0495339 0.0417505 0.034323 0.0275002 0.0214191 0.0161402 0.0116847 0.00805578 0.00523766 0.00317985
 0.00939188 0.0149885 0.0220685 0.0304326 0.039774 0.0495801 0.0590403 0.0671549 0.0730369 0.0761757 0.0764908 0.0742261 0.0698222 0.0638213 0.0567873 0.0492388 0.0416113 0.0342495 0.0274114 0.0212741 0.0159434 0.0114687 0.00785763 0.00508156 0.00307242
 0.00968781 0.015467 0.0227799 0.0314113 0.0410192 0.0510312 0.0605614 0.0685477 0.0740874 0.0767179 0.0764541 0.0736469 0.0688238 0.0625777 0.0554822 0.048026 0.0405853 0.0334359 0.0267825 0.02078 0.0155417 0.0111379 0.0075932 0.00488416 0.00293803
 0.00992492 0.0158469 0.0233418 0.0321895 0.0420368 0.0522896 0.062023 0.0701197 0.0756184 0.0780152 0.0773223 0.0739391 0.0684868 0.0616707 0.0541597 0.0464922 0.0390395 0.0320294 0.0255981 0.019838 0.0148214 0.0106031 0.00720833 0.00461905 0.00276643
 0.00951754 0.0152252 0.0224848 0.0311122 0.0407957 0.0509852 0.0607997 0.069154 0.075085 0.078036 0.0779199 0.0750178 0.069854 0.0630926 0.0554297 0.0474834 0.039721 0.0324451 0.0258261 0.0199525 0.014874 0.0106219 0.00720761 0.00460769 0.00275143
 0.00960843 0.0153118 0.0225032 0.0309681 0.0403934 0.050272 0.0598041 0.0679942 0.0739423 0.0771066 0.0773664 0.0749327 0.0702391 0.063858 0.0564175 0.0485124 0.0406381 0.0331612 0.0263227 0.0202619 0.0150489 0.010712 0.0072488 0.00462262 0.00275354
 0.00927054 0.0148432 0.0219432 0.0303928 0.0398804 0.0498525 0.0594365 0.067585 0.0734093 0.0764456 0.0766766 0.0743837 0.0700002 0.0640291 0.0569935 0.0493914 0.0416618 0.034168 0.027192 0.0209348 0.0155229 0.0110193 0.00743382 0.00472637 0.00280749
#obs surv len freq
 nan nan nan nan nan nan nan nan nan nan nan nan nan nan nan nan nan nan nan nan nan nan nan nan nan
 0.00448273 0.00734318 0.0111723 0.0159881 0.0216886 0.0279643 0.0342787 0.0400106 0.0446908 0.0481553 0.0505139 0.0520105 0.0529034 0.0534164 0.0537312 0.0539865 0.0542653 0.0545582 0.0546971 0.054289 0.052727 0.049359 0.0438085 0.0362881 0.0276713
 0.00461663 0.00756196 0.0115033 0.0164563 0.0223109 0.0287397 0.0351793 0.0409786 0.0456467 0.0490132 0.0511977 0.0524651 0.0531008 0.0533553 0.0534334 0.053489 0.0536113 0.0537903 0.0538542 0.053408 0.0518465 0.048522 0.0430596 0.0356651 0.0271952
 0.00477249 0.00781892 0.0118966 0.0170211 0.0230748 0.0297117 0.0363378 0.042266 0.0469758 0.0502816 0.0523036 0.0533197 0.0536369 0.0535343 0.0532475 0.0529601 0.0527843 0.052724 0.0526145 0.0520649 0.0504748 0.0472017 0.0418701 0.0346721 0.0264348
 0.00496886 0.00813801 0.0123768 0.0176985 0.0239771 0.0308484 0.0376884 0.0437749 0.0485573 0.0518327 0.0537174 0.0544955 0.0544867 0.0539892 0.0532646 0.0525268 0.0519204 0.0514797 0.0510654 0.0503085 0.0486264 0.0453886 0.0402181 0.0332837 0.0253678
 0.00517669 0.00848046 0.0129006 0.0184497 0.0249921 0.0321389 0.0392275 0.0454928 0.0503523 0.0535911 0.0553309 0.055868 0.0555349 0.0546412 0.0534615 0.0522285 0.0511131 0.0501839 0.049342 0.0482609 0.0463983 0.0431514 0.0381476 0.0315265 0.0240091
 0.00540722 0.00885424 0.0134617 0.0192395 0.0260428 0.0334629 0.0408048 0.0472643 0.0522252 0.0554539 0.0570696 0.0573779 0.0567257 0.0554381 0.053803 0.0520656 0.0504129 0.0489396 0.0475881 0.0460868 0.0439537 0.0406356 0.035777 0.0294892 0.0224205
 0.00563788 0.00923648 0.0140501 0.0200887 0.0271959 0.0349331 0.0425586 0.0492178 0.0542593 0.05744 0.0588909 0.0589379 0.0579468 0.056256 0.0541632 0.0519208 0.0497253 0.0476893 0.0457897 0.0438112 0.0413436 0.0379007 0.0331612 0.0272144 0.0206311
 0.00590398 0.0096689 0.0147009 0.0210072 0.0284201 0.0364764 0.0443937 0.0512691 0.0564102 0.0595526 0.0608284 0.0605824 0.0592075 0.0570699 0.0544881 0.0517261 0.0489856 0.0463879 0.0439347 0.0414605 0.0386284 0.0350288 0.0303871 0.0247801 0.0187014
 0.0061298 0.0100429 0.0152767 0.0218387 0.0295511 0.0379237 0.0461304 0.0532194 0.0584619 0.0615793 0.0627088 0.0622094 0.0604912 0.0579378 0.0548854 0.0516134 0.0483358 0.0451864 0.0421889 0.0392218 0.0360158 0.0322378 0.0276655 0.022371 0.016777
 0.00637024 0.0104349 0.0158688 0.0226777 0.0306737 0.0393429 0.0478215 0.0551131 0.0604519 0.0635412 0.06452 0.0637629 0.0617016 0.0587413 0.0552359 0.0514777 0.0476895 0.0440157 0.040501 0.0370641 0.0334984 0.0295434 0.025029 0.0200272 0.0148962
 0.00662375 0.0108498 0.016498 0.0235711 0.0318677 0.0408437 0.0495894 0.0570585 0.0624505 0.0654593 0.0662377 0.0651852 0.062759 0.0593865 0.0554384 0.0512183 0.0469561 0.0428031 0.0388199 0.0349594 0.0310713 0.0269613 0.0225087 0.017787 0.0130964
 0.00685477 0.01123 0.0170786 0.0244025 0.0329889 0.0422663 0.0512803 0.0589347 0.0643898 0.0673244 0.0679003 0.0665415 0.0637366 0.0599426 0.0555539 0.0508892 0.0461854 0.0415986 0.0372005 0.032971 0.0288068 0.0245707 0.0201854 0.0157261 0.0114414
 0.00708078 0.0115996 0.0176389 0.0251985 0.0340547 0.0436107 0.0528724 0.060698 0.0662121 0.0690782 0.0694634 0.0678115 0.0646377 0.0604282 0.0556047 0.0505068 0.0453845 0.0404014 0.0356384 0.0310962 0.026708 0.0223821 0.0180762 0.0138652 0.00995179
 0.00727199 0.0119167 0.0181275 0.0259044 0.0350138 0.0448339 0.05433 0.0623155 0.0678814 0.0706796 0.0708853 0.0689625 0.0654505 0.0608596 0.055634 0.0501331 0.0446222 0.039277 0.0341903 0.0293816 0.024813 0.0204282 0.0162099 0.0122295 0.00864844
 0.00746349 0.0122288 0.0185986 0.0265708 0.0359026 0.0459518 0.0556512 0.0637765 0.0693883 0.0721241 0.072163 0.0699857 0.0661552 0.0612077 0.0556109 0.0497428 0.0438827 0.0382169 0.0328504 0.0278196 0.0231111 0.0186954 0.0145727 0.0108071 0.00752276
 0.00751843 0.0123259 0.01876 0.0268233 0.0362745 0.0464657 0.0563161 0.064583 0.0703074 0.0731102 0.0731569 0.0709185 0.0669543 0.0618048 0.0559502 0.0497872 0.0436163 0.0376449 0.0319988 0.0267369 0.0218709 0.0173949 0.0133222 0.0097096 0.00664897
 0.00760728 0.0124573 0.0189342 0.0270346 0.0365157 0.046735 0.0566216 0.0649401 0.070732 0.0736094 0.0737223 0.0715231 0.0675546 0.062345 0.0563696 0.0500285 0.0436342 0.0374135 0.0315173 0.026033 0.0210014 0.0164422 0.0123819 0.00887119 0.00597513
 0.00768169 0.0125738 0.0191003 0.0272525 0.0367799 0.0470306 0.0569248 0.0652244 0.070979 0.0738188 0.0739131 0.0717241 0.0677866 0.0626072 0.0566348 0.0502489 0.0437533 0.0373808 0.031301 0.0256301 0.0204419 0.0157856 0.0117058 0.00825202 0.00546896
 0.00771429 0.0126248 0.0191736 0.0273502 0.0369027 0.0471767 0.0570891 0.0653975 0.0711482 0.0739719 0.0740436 0.0718357 0.0678931 0.0627258 0.0567745 0.0504003 0.0438861 0.0374508 0.0312646 0.0254602 0.0201399 0.0153842 0.0112603 0.00782393 0.00510778
 0.00778635 0.0127313 0.0193141 0.0275175 0.0370846 0.04736 0.0572622 0.0655516 0.0712768 0.0740707 0.0741106 0.0718718 0.0679036 0.0627202 0.0567653 0.0503966 0.043887 0.0374404 0.0312158 0.0253455 0.0199454 0.0151189 0.0109553 0.00752171 0.00484644
 0.00782921 0.0128008 0.0194178 0.0276606 0.037267 0.0475729 0.0574862 0.0657596 0.0714418 0.0741753 0.0741521 0.0718601 0.0678549 0.062651 0.0566889 0.0503225 0.0438193 0.0373759 0.0311427 0.025247 0.0198078 0.0149402 0.0107495 0.00731398 0.004663
 0.00786205 0.0128512 0.0194882 0.0277517 0.0373782 0.0477029 0.0576321 0.0659148 0.0715953 0.0743111 0.0742534 0.0719143 0.0678581 0.0626095 0.0566159 0.0502331 0.0437258 0.0372844 0.031052 0.0251499 0.0196958 0.0148095 0.0106055 0.00717007 0.00453517
 0.00787379 0.0128666 0.0195045 0.0277645 0.0373829 0.0476972 0.0576183 0.0659004 0.0715905 0.0743257 0.0742921 0.0719745 0.06793 0.0626797 0.0566728 0.0502706 0.0437435 0.0372852 0.0310383 0.0251213 0.0196501 0.0147459 0.0105276 0.00708667 0.00445731
 0.00789025 0.01289 0.0195335 0.0277951 0.0374093 0.0477131 0.0576183 0.0658821 0.071556 0.0742823 0.0742515 0.0719492 0.0679286 0.0627035 0.0567152 0.0503203 0.0437894 0.0373192 0.0310564 0.0251221 0.0196336 0.0147135 0.0104829 0.00703609 0.00440844
 0.00789129 0.0128886 0.0195256 0.0277751 0.0373718 0.0476546 0.05754 0.06579 0.0714597 0.0741931 0.0741805 0.0719062 0.0679207 0.0627338 0.0567811 0.0504133 0.0438963 0.0374255 0.0311494 0.0251936 0.0196798 0.014735 0.0104837 0.00702279 0.00438851
 0.00787538 0.0128604 0.019479 0.0277032 0.0372684 0.0475179 0.0573746 0.0656082 0.0712796 0.0740351 0.0740628 0.071842 0.0679165 0.0627891 0.0568892 0.0505622 0.0440704 0.0376074 0.0313222 0.0253433 0.0197974 0.0148177 0.0105342 0.00704763 0.00439628
 0.00791147 0.0129111 0.0195402 0.0277655 0.0373187 0.0475426 0.0573628 0.0655543 0.0711844 0.0739064 0.0739151 0.0716942 0.0677887 0.0626977 0.0568444 0.0505663 0.0441181 0.0376871 0.031419 0.0254416 0.0198844 0.0148851 0.0105796 0.00707342 0.00440765
 0.00791677 0.012924 0.0195671 0.0278135 0.0373922 0.0476382 0.0574668 0.065644 0.0712355 0.0739017 0.0738511 0.0715813 0.0676472 0.0625519 0.0567166 0.0504729 0.044067 0.0376777 0.0314431 0.0254866 0.0199366 0.0149332 0.0106167 0.00709758 0.00442064
 0.00787258 0.012854 0.0194659 0.027679 0.0372283 0.0474572 0.0572896 0.0654964 0.0711398 0.0738674 0.0738716 0.0716385 0.0677209 0.0626282 0.0567915 0.0505499 0.0441523 0.0377753 0.0315519 0.0256003 0.0200457 0.0150283 0.0106914 0.00715024 0.00445371
 0.00784068 0.0127966 0.0193696 0.0275291 0.0370131 0.0471759 0.0569582 0.0651491 0.0708221 0.0736246 0.0737365 0.071623 0.0678149 0.0628052 0.0570184 0.0507972 0.0443998 0.0380121 0.0317728 0.0258014 0.0202221 0.015175 0.0108051 0.00723126 0.00450622
 0.00784994 0.0128067 0.0193752 0.0275208 0.0369783 0.0471007 0.0568317 0.0649669 0.0705915 0.0733671 0.0734858 0.0714179 0.0676882 0.062774 0.0570798 0.0509319 0.0445806 0.0382127 0.0319731 0.025988 0.0203868 0.0153125 0.0109127 0.00730923 0.00455789
 0.00780743 0.012743 0.0192891 0.0274143 0.0368553 0.046965 0.0566853 0.0648108 0.0704268 0.0731973 0.0733194 0.0712701 0.0675796 0.062726 0.0571076 0.0510383 0.0447541 0.0384309 0.0322094 0.0262184 0.0205935 0.0154849 0.0110465 0.00740549 0.00462158
 0.00778688 0.0127035 0.0192189 0.0273002 0.0366873 0.0467433 0.056425 0.0645399 0.0701778 0.072996 0.0731781 0.0711886 0.067552 0.0627479 0.0571791 0.0511617 0.0449286 0.038648 0.0324523 0.0264654 0.0208233 0.0156814 0.0112013 0.00751754 0.00469595
 0.00774209 0.0126348 0.0191228 0.027175 0.0365325 0.0465581 0.0562098 0.0642996 0.0699253 0.0727535 0.0729734 0.0710473 0.0674897 0.0627665 0.0572702 0.0513125 0.0451261 0.0388801 0.0327053 0.0267225 0.0210661 0.0158932 0.0113713 0.00764256 0.00477982
 0.0093253 0.0148466 0.0217832 0.0298942 0.038825 0.0480246 0.0566798 0.0638558 0.0688165 0.0712691 0.0713534 0.0694534 0.0660165 0.0614642 0.0561605 0.0503983 0.0443982 0.0383218 0.0322961 0.0264395 0.0208844 0.015787 0.0113163 0.00761845 0.00477181
 0.00932307 0.0151341 0.0227284 0.0319514 0.0423352 0.0529477 0.062425 0.0693791 0.0729923 0.073335 0.0711628 0.0674126 0.0628081 0.0577568 0.0524447 0.0469618 0.0413758 0.0357579 0.0301887 0.0247634 0.0196007 0.0148471 0.0106636 0.00719231 0.00451247
 0.00897275 0.0145854 0.0219631 0.0310226 0.0414205 0.0523822 0.0626607 0.0708228 0.0757607 0.0770747 0.0750952 0.0706305 0.0646539 0.0580498 0.0514486 0.0451692 0.0392768 0.0337077 0.028385 0.0232849 0.0184552 0.0140055 0.0100793 0.00681153 0.00428135
 0.00880891 0.014308 0.0215259 0.0303793 0.0405426 0.0512924 0.0614737 0.0697729 0.0751811 0.077304 0.0763243 0.0727593 0.0672613 0.0605317 0.0532621 0.0460403 0.0392538 0.0330597 0.0274407 0.02231 0.0176075 0.0133475 0.00961206 0.00650513 0.00409571
 0.00870416 0.0141368 0.0212657 0.0300065 0.0400346 0.0506337 0.0606676 0.0688575 0.0742478 0.076509 0.0758764 0.0728665 0.068038 0.0619094 0.0549709 0.0476953 0.0405109 0.0337463 0.0275878 0.0220859 0.0172137 0.0129409 0.0092781 0.00626905 0.00394744
 0.0086944 0.0141115 0.0212098 0.0298993 0.0398534 0.0503596 0.0602916 0.0683833 0.0736937 0.0759117 0.075301 0.0724137 0.0678348 0.0620699 0.055535 0.0485825 0.0415281 0.0346605 0.0282235 0.022387 0.0172377 0.0128031 0.00908906 0.00609982 0.003826
 0.00870303 0.014124 0.0212253 0.029914 0.0398588 0.050342 0.0602314 0.068259 0.0734876 0.0756185 0.074934 0.0720101 0.0674574 0.0618014 0.0554592 0.0487502 0.0419234 0.0351921 0.0287563 0.0227996 0.017471 0.0128702 0.00904862 0.00601694 0.0037459
 0.00868649 0.0141031 0.0212048 0.0299015 0.0398623 0.0503651 0.0602697 0.0682984 0.0735065 0.0755927 0.0748438 0.071848 0.0672349 0.0615535 0.0552409 0.0486231 0.0419328 0.0353432 0.029006 0.0230728 0.0176949 0.0130046 0.00909536 0.00600529 0.00371033
 0.00866552 0.014068 0.0211506 0.0298244 0.0397623 0.0502489 0.0601522 0.0681994 0.0734434 0.0755719 0.0748562 0.0718719 0.0672459 0.0615362 0.0551981 0.0485777 0.0419193 0.0353913 0.0291231 0.0232378 0.0178673 0.0131454 0.00918382 0.00604381 0.00371559
 0.00866109 0.0140605 0.0211385 0.0298057 0.0397345 0.0502092 0.0600988 0.0681336 0.0733712 0.0755035 0.0748033 0.071842 0.0672381 0.0615409 0.055203 0.0485766 0.0419174 0.0354033 0.0291638 0.0233109 0.0179613 0.0132391 0.00925791 0.0060896 0.00373606
 0.00864258 0.0140331 0.0211024 0.0297627 0.0396874 0.0501609 0.0600514 0.068088 0.0733276 0.0754628 0.0747675 0.0718151 0.0672247 0.0615435 0.0552203 0.0486037 0.0419495 0.0354394 0.0292072 0.0233655 0.018026 0.0133063 0.00931716 0.00613308 0.00376204
 0.0086431 0.0140312 0.0210945 0.0297442 0.0396545 0.0501128 0.0599917 0.0680247 0.0732697 0.075417 0.0747365 0.0717978 0.0672187 0.0615471 0.055233 0.0486251 0.0419786 0.0354747 0.0292476 0.0234106 0.0180748 0.0133556 0.00936195 0.00616856 0.00378604
 0.00862725 0.0140079 0.0210638 0.0297075 0.0396132 0.0500677 0.0599426 0.0679712 0.0732133 0.0753623 0.0746905 0.0717678 0.0672088 0.0615577 0.0552609 0.0486655 0.0420271 0.0355277 0.0293027 0.0234657 0.0181281 0.0134048 0.00940443 0.006202 0.00380951
 0.00862073 0.0139973 0.0210481 0.0296858 0.0395857 0.0500357 0.0599087 0.0679384 0.0731842 0.0753375 0.0746692 0.0717492 0.067194 0.0615493 0.0552619 0.0486776 0.0420498 0.0355589 0.0293394 0.0235052 0.0181677 0.0134421 0.00943703 0.00622812 0.00382839
 0.00859923 0.0139666 0.0210097 0.0296438 0.0395451 0.050001 0.059882 0.0679198 0.0731722 0.075331 0.0746672 0.071751 0.0671987 0.0615565 0.0552717 0.0486913 0.0420685 0.0355833 0.0293689 0.0235379 0.0182012 0.0134738 0.00946479 0.00625039 0.00384461
 0.00859923 0.0139666 0.0210097 0.0296438 0.0395451 0.050001 0.059882 0.0679198 0.0731722 0.075331 0.0746672 0.071751 0.0671987 0.0615565 0.0552717 0.0486913 0.0420685 0.0355833 0.0293689 0.0235379 0.0182012 0.0134738 0.00946479 0.00625039 0.00384461
 0.0085707 0.0139144 0.0209209 0.0295049 0.0393473 0.0497477 0.0595945 0.067635 0.0729329 0.0751715 0.0746045 0.0717828 0.0673087 0.0617213 0.0554678 0.0488984 0.0422715 0.0357722 0.0295378 0.0236837 0.0183224 0.0135704 0.00953773 0.00630217 0.00387876
 0.00888789 0.0144142 0.0216405 0.0304601 0.0405202 0.0510728 0.0609512 0.0688596 0.0738563 0.0756686 0.0746287 0.0713697 0.0665528 0.0607431 0.054385 0.0478092 0.0412482 0.0348611 0.0287636 0.0230546 0.0178345 0.0132108 0.00928768 0.00613932 0.00378025
 0.00917627 0.0149059 0.0224202 0.0316122 0.0421006 0.0530661 0.0632355 0.0712047 0.0759686 0.0772646 0.0755047 0.0714416 0.06586 0.0594253 0.0526416 0.0458542 0.0392727 0.0330115 0.0271354 0.0216972 0.0167607 0.0124064 0.00871986 0.00576417 0.00355002
 0.00894059 0.014559 0.0219694 0.0310996 0.0416051 0.0527 0.0631291 0.0714766 0.0766799 0.0783773 0.0768688 0.0728288 0.0670321 0.0602028 0.052947 0.045715 0.0387931 0.0323298 0.0263856 0.0209836 0.0161486 0.0119248 0.00836988 0.00552906 0.00340442
 0.00916206 0.014872 0.0223541 0.0315093 0.0419824 0.0530019 0.0633481 0.0716462 0.0768623 0.0786377 0.0772459 0.0733099 0.0675443 0.0606305 0.0531692 0.0456498 0.0384265 0.0317178 0.0256298 0.0201975 0.0154272 0.011328 0.00792005 0.00521894 0.00320881
 0.00898401 0.014612 0.0220164 0.0311139 0.0415567 0.052568 0.0629192 0.0712347 0.0764973 0.0783767 0.0771683 0.0734887 0.0680092 0.0613409 0.0540157 0.0464847 0.0391116 0.0321662 0.0258252 0.0201847 0.0152838 0.0111331 0.00773247 0.00506999 0.00310641
 0.00921149 0.0149385 0.022428 0.0315711 0.0420064 0.0529618 0.0632253 0.0714366 0.0765842 0.0783382 0.0770014 0.073214 0.0676791 0.0610279 0.0537818 0.0463519 0.0390518 0.0321198 0.0257349 0.020023 0.0150616 0.0108868 0.00750283 0.00488529 0.00297626
 0.00919843 0.0149452 0.0224872 0.0317246 0.0422862 0.0533665 0.0637045 0.071901 0.0769387 0.0785196 0.0769976 0.0730567 0.0674217 0.0607272 0.0534889 0.0461053 0.0388702 0.0319961 0.0256411 0.0199268 0.0149436 0.0107487 0.00736158 0.00476097 0.00288161
 0.00942009 0.0152858 0.0229635 0.03234 0.0430322 0.0542225 0.0646334 0.0728406 0.0777979 0.0791884 0.0773717 0.0730697 0.0670696 0.0600716 0.0526369 0.0451778 0.0379716 0.0311963 0.0249713 0.0193865 0.0145155 0.0104127 0.00710319 0.00457059 0.00275063
 0.00891548 0.0145151 0.021899 0.0309972 0.0414745 0.0525631 0.0630347 0.0715007 0.076914 0.0789035 0.0777276 0.0739905 0.0683855 0.0615701 0.0541219 0.0465114 0.0390877 0.0320862 0.0256573 0.0198995 0.0148837 0.0106609 0.0072562 0.00465427 0.00278973
 0.00894348 0.0144873 0.0217243 0.0305528 0.0406462 0.0513058 0.061421 0.069724 0.075239 0.07759 0.076965 0.0738638 0.0688711 0.0625522 0.0554239 0.0479379 0.0404672 0.033301 0.0266509 0.0206645 0.0154418 0.0110462 0.00750564 0.00480374 0.00287136
 0.0089037 0.0144354 0.0216651 0.0304857 0.0405493 0.0511206 0.0610538 0.0690789 0.0742755 0.0763739 0.0756763 0.0727468 0.0681508 0.0623604 0.0557666 0.0487103 0.0414996 0.0344128 0.0276944 0.0215471 0.0161267 0.0115383 0.00783412 0.00500685 0.00298696
#pred catch len freq
 0.00340161 0.00546496 0.00813864 0.0114347 0.0153817 0.0199907 0.0251903 0.0307983 0.0365515 0.0421602 0.0473547 0.0519229 0.055738 0.0587581 0.0609923 0.062457 0.0631478 0.0630265 0.0620032 0.0599048 0.056463 0.0513907 0.0445789 0.0363271 0.0274226
 0.00367428 0.00584549 0.00859921 0.0119206 0.0158401 0.0204076 0.0256081 0.0312914 0.0371665 0.0428568 0.0479895 0.052294 0.0556691 0.0581801 0.0599838 0.061227 0.0619666 0.062131 0.0615128 0.0597859 0.0565613 0.0515154 0.0445927 0.0361927 0.0271881
 0.00379229 0.00606555 0.00897797 0.0125163 0.0166852 0.0214759 0.0268 0.0324601 0.0381799 0.043653 0.0485785 0.052702 0.0558731 0.0580927 0.0595072 0.0603363 0.0607602 0.0608079 0.0602908 0.058809 0.0558531 0.0510019 0.0441714 0.0357976 0.0268118
 0.00395306 0.0063135 0.00933115 0.0129956 0.0173255 0.0223319 0.0279331 0.0338989 0.0398719 0.0454422 0.0502378 0.0540101 0.0566845 0.0583559 0.0592316 0.0595562 0.0595346 0.0592458 0.0585573 0.0570898 0.054295 0.0496763 0.0430826 0.0349207 0.0261249
 0.00416212 0.0066423 0.00980547 0.0136328 0.0181338 0.0233115 0.0290782 0.0352028 0.0413288 0.047036 0.0519145 0.0556485 0.0580977 0.0593347 0.0596086 0.0592519 0.0585669 0.0577143 0.0566236 0.054953 0.0521591 0.0477116 0.0414004 0.0335712 0.0251103
 0.0043917 0.00700674 0.0103386 0.014363 0.0190821 0.0244874 0.0304712 0.0367752 0.0430163 0.0487584 0.0535888 0.0571953 0.0594334 0.0603555 0.0601864 0.0592559 0.0579055 0.0563769 0.0546989 0.0526191 0.0496491 0.0452662 0.039221 0.0317875 0.0237697
 0.00468456 0.00746632 0.0110009 0.0152545 0.0202206 0.0258806 0.0321102 0.038624 0.0450049 0.0507833 0.0555247 0.0589131 0.0608195 0.0613204 0.0606593 0.0591716 0.0572022 0.0550174 0.0527074 0.0501117 0.0468349 0.0424124 0.036593 0.0295869 0.0220958
