SBPRF35
9.30205
Curr Bio
626479
B35
754221
F35
0.194357
FOFL
0.157652
OFL
78378.8
Bzero
2.65773e+06
#pred survey bio
 4.17908e+06 4.01425e+06 3.84446e+06 3.62159e+06 3.3547e+06 3.07222e+06 2.77685e+06 2.4825e+06 2.22291e+06 1.98644e+06 1.75959e+06 1.57204e+06 1.39575e+06 1.22552e+06 1.08934e+06 952755 846043 765566 716110 685930 664495 642130 620728 611459 593919 594981 590479 580526 572708 571918 571995 577686 583314 577715 573104 558216 546598 531902 535526 540620 542244 547075 553592 551328 556545 557470 562701 569291 572171 568393 578742 585433 572979 625901 642932 631475 2.18223e+07 1.30922e+07 1.33554e+07 1.41057e+07 1.51413e+07 1.6243e+07 1.72675e+07 1.8145e+07 1.8857e+07 1.94141e+07 1.98392e+07 2.01582e+07 2.03952e+07 2.05701e+07 2.06991e+07 2.07941e+07 2.08643e+07 2.09164e+07 2.09552e+07 2.09843e+07 2.10062e+07 2.10228e+07 2.10354e+07 2.10451e+07 2.10525e+07 2.10582e+07 2.10627e+07 2.10661e+07 2.10688e+07 2.10709e+07 2.10725e+07 2.10738e+07 2.10748e+07 2.10756e+07 2.10762e+07 2.10767e+07 2.10771e+07 2.10774e+07 2.10776e+07 2.10778e+07 2.1078e+07 2.10781e+07 2.10782e+07 2.10782e+07 2.10783e+07 2.10783e+07 2.10784e+07 2.10784e+07 2.10784e+07 2.10785e+07 2.10785e+07 2.10785e+07 2.10785e+07 2.10785e+07 2.10785e+07 2.10785e+07 2.10785e+07 2.10785e+07 2.10785e+07 2.10785e+07 2.10785e+07 2.10785e+07 2.10785e+07 2.10785e+07 2.10785e+07 2.10785e+07 2.10785e+07 2.10785e+07 2.10785e+07 2.10785e+07 2.10785e+07 2.10785e+07 2.10785e+07 2.10785e+07 2.10785e+07 2.10785e+07 2.10785e+07 2.10785e+07 2.10785e+07 2.10785e+07 2.10785e+07 2.10785e+07 2.10785e+07 2.10785e+07 2.10785e+07 2.10785e+07 2.10785e+07 2.10785e+07 2.10785e+07 2.10785e+07 2.10785e+07 2.10785e+07 2.10785e+07 2.10785e+07 2.10785e+07 2.10785e+07 2.10785e+07 2.10785e+07 2.10785e+07 2.10785e+07 0 0 0 0 0 0 0 0 0 0 0 0 0 0 0 0 0 0 0 0 0 0 0 0 0
#obs survey bio
 2.98586e+06 3.71642e+06 3.34358e+06 1.99245e+06 3.24079e+06 3.502e+06 2.39866e+06 2.17614e+06 1.99413e+06 1.57807e+06 1.39724e+06 1.09981e+06 1.35313e+06 966279 1.09737e+06 1.53558e+06 631934 842794 718782 813504 521293 532281 523555 491617 471681 551149 621512 334498 630638 377370 510249 474961 466116 484298 567635 595546 425211 409969 687236 658931 655900 578310 632876 785153 447888 596305 492724 441354 509100 614277 677403 474851 562656 741210 537127 562431
#pred catch bio
 95008.1 97783.7 152068 206570 241165 277175 302257 295503 296348 305550 283732 281793 279389 249104 246009 215091 187743 157031 137529 128139 127451 124910 113012 118016 100796 104797 108432 105647 98809.2 97121.1 91423.8 90282.2 97213.9 92643.2 97422.9 92819.2 97292.1 85273.3 86609 90020.1 86797.9 85010.8 92237.2 86314.3 91052.8 88833.2 89318.9 93408.9 99033.3 87471 91642.7 108103 55129.9 87504.9 109683 102771 78378.8 94725.9 95465.7 99611.2 106362 113799 120689 126485 131067 134532 137070 138884 140156 141035 141636 142043 142317 142499 142621 142701 142754 142789 142812 142828 142838 142844 142848 142851 142853 142854 142855 142855 142856 142856 142856 142856 142856 142856 142856 142856 142856 142856 142856 142856 142856 142856 142856 142856 142856 142856 142856 142856 142856 142856 142856 142856 142856 142856 142856 142856 142856 142856 142856 142856 142856 142856 142856 142856 142856 142856 142856 142856 142856 142856 142856 142856 142856 142856 142856 142856 142856 142856 142856 142856 142856 142856 142856 142856 142856 142856 142856 142856 142856 142856 142856 142856 142856 142856 142856 142856 0 0 0 0 0 0 0 0 0 0 0 0 0 0 0 0 0 0 0 0 0 0 0 0 0
#obs catch bio
 0 97542.6 152669 208083 243209 280103 307241 301975 302685 314378 292359 291278 288094 256230 252538 218101 191726 159447 139400 129298 129393 126888 114769 120075 101862 105967 109495 107519 100134 98786.2 92530.2 91436.5 98696.2 93240.9 97959.6 93228.9 97785.3 85590.7 86628.6 90005.2 86633 84564.1 91729.9 85872.5 91000 88698.5 89618.9 93941.6 99289.6 87525.5 91477 109188 54769.3 87655.6 109929 102730
#pred cpue bio
 4.11737e+06 3.95586e+06 3.78898e+06 3.56723e+06 3.30105e+06 3.01942e+06 2.72499e+06 2.4316e+06 2.17299e+06 1.93764e+06 1.71225e+06 1.52626e+06 1.35216e+06 1.18461e+06 1.05087e+06 917188 812850 734298 686292 657146 636303 614425 593590 584757 567978 569188 564922 555208 547598 547031 547409 553269 559189 554383 550650 536710 524998 509353 511924 516908 518905 523978 530498 528230 533092 533722 538521 544746 547564 543951 554018 560444 548102 599661 616836 606117 2.09682e+07 1.25924e+07 1.27548e+07 1.33801e+07 1.43678e+07 1.54572e+07 1.6479e+07 1.7356e+07 1.8068e+07 1.86251e+07 1.90502e+07 1.93692e+07 1.96061e+07 1.97811e+07 1.991e+07 2.0005e+07 2.00752e+07 2.01273e+07 2.01661e+07 2.01952e+07 2.02171e+07 2.02337e+07 2.02464e+07 2.0256e+07 2.02635e+07 2.02692e+07 2.02736e+07 2.02771e+07 2.02798e+07 2.02818e+07 2.02835e+07 2.02847e+07 2.02858e+07 2.02865e+07 2.02872e+07 2.02876e+07 2.0288e+07 2.02883e+07 2.02886e+07 2.02888e+07 2.02889e+07 2.0289e+07 2.02891e+07 2.02892e+07 2.02893e+07 2.02893e+07 2.02893e+07 2.02894e+07 2.02894e+07 2.02894e+07 2.02894e+07 2.02894e+07 2.02894e+07 2.02895e+07 2.02895e+07 2.02895e+07 2.02895e+07 2.02895e+07 2.02895e+07 2.02895e+07 2.02895e+07 2.02895e+07 2.02895e+07 2.02895e+07 2.02895e+07 2.02895e+07 2.02895e+07 2.02895e+07 2.02895e+07 2.02895e+07 2.02895e+07 2.02895e+07 2.02895e+07 2.02895e+07 2.02895e+07 2.02895e+07 2.02895e+07 2.02895e+07 2.02895e+07 2.02895e+07 2.02895e+07 2.02895e+07 2.02895e+07 2.02895e+07 2.02895e+07 2.02895e+07 2.02895e+07 2.02895e+07 2.02895e+07 2.02895e+07 2.02895e+07 2.02895e+07 2.02895e+07 2.02895e+07 2.02895e+07 2.02895e+07 2.02895e+07 2.02895e+07 2.02895e+07 2.02895e+07 0 0 0 0 0 0 0 0 0 0 0 0 0 0 0 0 0 0 0 0 0 0 0 0 0
#obs cpue bio
 3.80217e+06 3.82108e+06 2.13025e+06 3.77805e+06 2.75041e+06 2.41281e+06 1.71527e+06 1.20837e+06 2.38186e+06 1.30376e+06 1.23466e+06 1.44849e+06 1.3839e+06 1.03951e+06 1.03249e+06 787274 547943 618240 558369 605364 466534 591614 463823 639810 656478 567368 533270 438312 479768 511291 643407 499583 580748 961684 630432 449769 723824 549905 554969 465343 479209 655173 574661 339481 526067 513108 400953 562926 847315 457121 594009 474436 552888 653611 736915 720075
#pred surv len freq
 0.00527479 0.00849561 0.0126587 0.0177053 0.0234971 0.0297501 0.0359973 0.0416873 0.0463873 0.0499292 0.0523977 0.0540113 0.0550079 0.0555804 0.0558463 0.0558384 0.0555142 0.0547767 0.053482 0.0514244 0.0483295 0.0439171 0.0380667 0.0310126 0.0234119
 0.00549263 0.00874833 0.0128571 0.0177183 0.0232047 0.029117 0.0351204 0.0407731 0.0456613 0.0495281 0.0523114 0.0541061 0.0551091 0.0555635 0.0556926 0.055637 0.0554153 0.054918 0.0539196 0.0521012 0.0490978 0.0446057 0.0385543 0.0312673 0.0234804
 0.00581045 0.0092457 0.0135622 0.018625 0.0242525 0.0301758 0.0359987 0.0412693 0.0456492 0.0490292 0.0514938 0.053199 0.0542871 0.0548802 0.0551036 0.0550794 0.0548798 0.0544634 0.0536286 0.0520155 0.049182 0.0447629 0.0386801 0.0313019 0.0234247
 0.00605722 0.0096525 0.0141847 0.0195173 0.0254534 0.0316845 0.0377448 0.0430954 0.0473224 0.0502918 0.0521423 0.0531575 0.0536326 0.0537997 0.0538052 0.0537178 0.0535393 0.0531901 0.0524662 0.0510097 0.0483576 0.0441068 0.038152 0.0308625 0.0230566
 0.00633013 0.0100841 0.0148134 0.0203753 0.0265663 0.0330682 0.0393946 0.0449694 0.0493245 0.0522624 0.0538669 0.0544019 0.0542053 0.0536153 0.0529144 0.0522824 0.0517673 0.0512737 0.0505533 0.0492051 0.0467329 0.0427055 0.0369911 0.0299395 0.0223572
 0.00667253 0.0106182 0.0155758 0.0213862 0.0278291 0.034569 0.0410994 0.0468229 0.0512537 0.0541808 0.0556704 0.0559593 0.0553553 0.0541892 0.0527832 0.0514075 0.0502237 0.0492304 0.0482241 0.0467997 0.044427 0.0406303 0.035233 0.0285407 0.0213186
 0.00702476 0.0111796 0.0163994 0.0225127 0.0292789 0.0363295 0.0431141 0.0489897 0.0534424 0.0562608 0.0575324 0.0575174 0.0565324 0.0548977 0.0529218 0.0508821 0.0489885 0.0473257 0.0457879 0.0440452 0.0415989 0.0379594 0.0329008 0.0266584 0.0199195
 0.00735038 0.0117029 0.017176 0.0235915 0.0306942 0.0380885 0.0451806 0.051276 0.0558164 0.0585673 0.0596192 0.0592559 0.0578264 0.0556799 0.0531391 0.0504836 0.0479297 0.0455948 0.0434425 0.0412344 0.0385541 0.0349529 0.030187 0.02442 0.0182368
 0.00769309 0.0122386 0.0179433 0.0246153 0.0319856 0.0396445 0.0469783 0.0532656 0.0579182 0.0606766 0.0616147 0.0610113 0.0592231 0.0566179 0.0535421 0.0502959 0.0471125 0.0441318 0.0413613 0.0386358 0.0356277 0.0319583 0.027401 0.0220678 0.0164397
 0.00798742 0.0127134 0.0186505 0.0255992 0.0332736 0.0412329 0.0488199 0.0552689 0.0599654 0.0626494 0.0634129 0.0625553 0.0604448 0.0574517 0.0539226 0.0501617 0.0464126 0.0428362 0.0394788 0.0362385 0.0328706 0.0290745 0.0246604 0.0197095 0.0146095
 0.00823725 0.0131213 0.0192679 0.026476 0.0344498 0.0427238 0.0505993 0.0572604 0.062049 0.064682 0.0652546 0.0640902 0.0615922 0.0581646 0.0541755 0.0499353 0.0456853 0.0415883 0.0377117 0.0340027 0.0302906 0.026352 0.0220428 0.0174289 0.0128186
 0.00838883 0.0133726 0.0196563 0.0270419 0.0352319 0.0437496 0.0518734 0.0587552 0.0637026 0.0664033 0.0669322 0.065605 0.062833 0.0590419 0.0546291 0.049932 0.0452092 0.0406341 0.0362889 0.032155 0.0281188 0.024024 0.0197721 0.015424 0.011225
 0.00855837 0.0136457 0.0200629 0.0276096 0.0359822 0.0446923 0.0529991 0.0600312 0.0650752 0.0678049 0.0682881 0.0668375 0.063864 0.0597976 0.055046 0.0499624 0.0448237 0.0398218 0.0350606 0.030553 0.0262322 0.0219958 0.0177847 0.0136587 0.00981238
 0.00877454 0.0139908 0.0205705 0.0283061 0.036882 0.0457895 0.0542599 0.0613915 0.0664501 0.0691057 0.0694376 0.067778 0.0645561 0.0602148 0.0551679 0.0497711 0.0443031 0.0389626 0.0338686 0.0290619 0.0245166 0.0201764 0.0160149 0.0120915 0.00855836
 0.00887752 0.0141664 0.0208499 0.0287243 0.0374704 0.0465655 0.0552146 0.0624845 0.0676144 0.0702595 0.0704986 0.0686745 0.0652346 0.0606417 0.0553266 0.0496548 0.0439089 0.0382893 0.0329225 0.0278687 0.0231348 0.0187029 0.0145749 0.0108109 0.00752932
 0.00917423 0.0146166 0.0214684 0.0295052 0.0383922 0.0475985 0.0563237 0.0636269 0.0687356 0.0712947 0.0713794 0.0693388 0.0656365 0.0607584 0.0551586 0.0492196 0.0432318 0.0373963 0.0318393 0.0266282 0.0217883 0.0173276 0.0132682 0.0096698 0.00662302
 0.00936705 0.0149289 0.0219347 0.030153 0.0392328 0.0486143 0.0574592 0.0647934 0.0698321 0.0722351 0.0721095 0.0698354 0.0658947 0.0607797 0.0549471 0.0487843 0.042589 0.0365693 0.0308577 0.0255291 0.0206212 0.016158 0.0121735 0.00872402 0.00587728
 0.0094738 0.015098 0.022182 0.0304926 0.0396773 0.049173 0.0581331 0.0655667 0.0706659 0.0730678 0.0728665 0.0704457 0.0663072 0.0609702 0.0549149 0.0485422 0.0421556 0.0359663 0.0301112 0.0246735 0.0197025 0.0152342 0.0113092 0.00797902 0.00529118
 0.00960305 0.0152763 0.0223922 0.0307013 0.0398473 0.0492827 0.0581911 0.0656123 0.0707547 0.073249 0.0731623 0.0708414 0.0667542 0.0614006 0.0552604 0.0487499 0.042195 0.0358291 0.0298074 0.0242289 0.0191572 0.0146407 0.0107264 0.007461 0.00487556
 0.00978868 0.0155447 0.022733 0.0310805 0.0402131 0.0495778 0.0583669 0.065642 0.0706438 0.0730402 0.0729284 0.0706631 0.0666909 0.0614684 0.0554284 0.048955 0.0423654 0.0359057 0.0297569 0.0240462 0.0188631 0.0142755 0.0103403 0.00710232 0.00457983
 0.00988382 0.0157 0.0229663 0.0314044 0.040627 0.0500584 0.0588617 0.0660751 0.0709363 0.0731382 0.0728245 0.0704008 0.0663493 0.0611344 0.0551673 0.048791 0.0422804 0.0358532 0.0296846 0.0239166 0.0186644 0.0140218 0.0100632 0.00683861 0.00435871
 0.0098897 0.0157237 0.0230285 0.0315334 0.0408526 0.0503997 0.0593154 0.0666077 0.071486 0.073625 0.0731693 0.0705469 0.066282 0.0608865 0.0548077 0.0483992 0.041918 0.0355476 0.0294294 0.0236873 0.0184374 0.013788 0.00983077 0.00662554 0.00418267
 0.00987309 0.0157014 0.0230045 0.0315171 0.0408595 0.0504512 0.0594357 0.0668176 0.0717923 0.0740107 0.0735893 0.0709351 0.0665688 0.0610213 0.054776 0.048226 0.0416554 0.0352526 0.029144 0.0234295 0.0182072 0.0135794 0.00964175 0.0064609 0.00404958
 0.00980072 0.0155853 0.0228333 0.0312835 0.0405644 0.0501093 0.0590803 0.0664999 0.0715722 0.0739412 0.0736993 0.0712183 0.0669813 0.061492 0.0552261 0.0485921 0.0419058 0.0353893 0.0291917 0.0234187 0.0181622 0.0135152 0.00956823 0.00638664 0.00398297
 0.00992402 0.0157604 0.0230495 0.0315134 0.04077 0.0502527 0.0591345 0.0664549 0.0714378 0.0737464 0.0734877 0.0710382 0.0668713 0.0614677 0.0552745 0.0486775 0.0419853 0.0354299 0.0291799 0.0233607 0.0180747 0.0134167 0.00947274 0.00630321 0.00391636
 0.00990454 0.015729 0.0230021 0.0314454 0.0406752 0.050124 0.0589652 0.0662429 0.0711904 0.0734841 0.073244 0.0708536 0.0667837 0.0615009 0.05543 0.0489317 0.0422951 0.0357446 0.0294557 0.0235713 0.018214 0.0134938 0.00950456 0.00630721 0.0039069
 0.00998262 0.0158424 0.0231475 0.0316103 0.0408408 0.0502695 0.0590714 0.0662934 0.0711723 0.0733901 0.0730761 0.0706276 0.06653 0.0612598 0.0552412 0.0488227 0.042272 0.0357914 0.0295419 0.0236638 0.0182883 0.0135392 0.0095226 0.00630635 0.00389681
 0.0099667 0.0158381 0.02318 0.0317135 0.0410453 0.0505845 0.059472 0.0667213 0.0715532 0.0736573 0.0731893 0.0705779 0.0663366 0.0609621 0.0548903 0.0484716 0.0419648 0.0355544 0.0293798 0.0235636 0.0182289 0.0135008 0.00949281 0.00628043 0.00387471
 0.00988567 0.0157175 0.0230207 0.0315276 0.0408575 0.0504319 0.059398 0.0667647 0.0717313 0.0739519 0.0735458 0.0709224 0.0666012 0.061107 0.0549116 0.0483954 0.0418336 0.0354112 0.0292564 0.0234749 0.0181741 0.0134704 0.00947558 0.00626868 0.00386512
 0.00981014 0.0155916 0.0228265 0.031249 0.0404871 0.0499806 0.0589036 0.0662919 0.0713591 0.0737521 0.0735598 0.0711464 0.0669865 0.0615753 0.0553804 0.0488022 0.0421488 0.0356366 0.0294126 0.0235862 0.0182587 0.0135368 0.00952634 0.00630425 0.00388717
 0.00974135 0.0154845 0.0226734 0.0310447 0.0402281 0.0496652 0.0585347 0.0658827 0.0709393 0.0733693 0.0732736 0.0710135 0.0670414 0.0618152 0.0557632 0.04926 0.0426101 0.0360474 0.0297461 0.0238401 0.0184446 0.01367 0.00961928 0.00636641 0.003926
 0.00956434 0.0152181 0.0223125 0.030599 0.0397196 0.049123 0.0579911 0.0653711 0.0704916 0.0730141 0.0730358 0.0709152 0.0671017 0.062045 0.0561557 0.0497834 0.0432095 0.0366573 0.0303078 0.0243151 0.0188178 0.0139452 0.00981084 0.00649214 0.00400325
 0.00926503 0.0147708 0.0217128 0.0298701 0.038907 0.0482846 0.057189 0.0646662 0.0699376 0.0726496 0.072878 0.070961 0.0673344 0.0624425 0.0566942 0.050435 0.0439374 0.0374131 0.031037 0.0249676 0.0193593 0.0143623 0.0101094 0.00669065 0.00412557
 0.00907748 0.0144755 0.0212877 0.0293042 0.0382067 0.0474799 0.0563379 0.0638501 0.0692445 0.0721509 0.072612 0.0709304 0.0675162 0.0628013 0.0571929 0.051039 0.0446131 0.0381244 0.0317427 0.0256241 0.0199284 0.0148195 0.0104485 0.00692213 0.00427064
 0.00904585 0.0144015 0.0211348 0.0290252 0.037756 0.0468337 0.0555127 0.0629092 0.0682872 0.0712905 0.0719507 0.0705394 0.0674244 0.062996 0.0576294 0.0516558 0.0453458 0.0389127 0.0325321 0.0263659 0.0205815 0.0153553 0.0108554 0.00720638 0.00445237
 0.00979033 0.0154563 0.0224329 0.0304019 0.0389896 0.0477145 0.0559023 0.062764 0.0676499 0.0702667 0.0706861 0.0691964 0.0661569 0.0619247 0.0568259 0.0511404 0.0450968 0.0388819 0.0326593 0.0265895 0.0208452 0.0156131 0.0110756 0.00737375 0.00456618
 0.0105003 0.0165607 0.0239943 0.0324244 0.041395 0.0503201 0.0584159 0.064823 0.0689138 0.0705284 0.069939 0.0676224 0.0640499 0.0595996 0.0545511 0.0491051 0.0434062 0.0375691 0.0317046 0.0259412 0.0204372 0.0153782 0.0109544 0.00731946 0.00454635
 0.0104397 0.0165728 0.0242156 0.0330468 0.0426108 0.0522354 0.060971 0.0677657 0.0718444 0.072997 0.0715576 0.0681583 0.063476 0.0580861 0.0524033 0.0466725 0.0409992 0.0354093 0.0299131 0.0245528 0.0194268 0.0146868 0.0105101 0.00705226 0.00439662
 0.0100185 0.015941 0.0233715 0.0320448 0.041574 0.0513573 0.0604977 0.0679409 0.0728193 0.0747387 0.073815 0.0705186 0.0654937 0.0594228 0.0529175 0.0464291 0.040211 0.0343454 0.0288156 0.0235878 0.018674 0.0141561 0.010169 0.0068518 0.00428885
 0.00979515 0.0155742 0.0228145 0.0312583 0.0405431 0.0501171 0.0591589 0.0666971 0.0719206 0.07443 0.0742547 0.0717074 0.0672463 0.0614077 0.0547576 0.0478232 0.0410182 0.0345991 0.0286705 0.0232382 0.0182842 0.013826 0.00993567 0.00670933 0.00421285
 0.00972616 0.0154572 0.0226283 0.0309764 0.0401355 0.0495565 0.0584322 0.0658232 0.0709676 0.0735249 0.0735724 0.0714299 0.0674994 0.062199 0.0559513 0.0491742 0.0422571 0.0355255 0.0292101 0.0234377 0.0182599 0.0137015 0.00979979 0.00660523 0.00414881
 0.00978068 0.0155208 0.0226772 0.0309721 0.0400329 0.0493179 0.0580394 0.0652818 0.0703049 0.0727879 0.0728316 0.0707839 0.0670681 0.0620952 0.0562354 0.0498149 0.0431257 0.036437 0.0299919 0.0239888 0.0185697 0.0138258 0.00981689 0.0065803 0.00411942
 0.00984568 0.0156179 0.0228061 0.031123 0.0401847 0.0494372 0.0580831 0.0652046 0.0700728 0.0723929 0.0722998 0.0701747 0.0664667 0.0616003 0.0559411 0.0497845 0.0433646 0.0368813 0.0305266 0.0244913 0.0189545 0.0140663 0.00993553 0.00662133 0.00412371
 0.00998515 0.0158328 0.0231067 0.0315093 0.0406445 0.049944 0.0585935 0.0656588 0.0704011 0.0725296 0.0722005 0.0698312 0.0659142 0.060915 0.0552273 0.0491521 0.0429013 0.0366278 0.0304655 0.0245592 0.0190719 0.0141703 0.00999705 0.00664179 0.0041195
 0.010043 0.0159221 0.0232326 0.0316739 0.040847 0.0501812 0.0588583 0.0659379 0.0706724 0.0727619 0.0723553 0.0698699 0.0658085 0.0606602 0.0548507 0.0487123 0.0424743 0.0362842 0.030247 0.0244667 0.0190719 0.0142148 0.0100459 0.00667445 0.00413342
 0.0101204 0.0160444 0.0234099 0.0319123 0.0411464 0.0505331 0.0592432 0.0663262 0.0710295 0.0730545 0.0725564 0.069959 0.0657711 0.0604887 0.0545499 0.0483062 0.0420085 0.0358186 0.0298399 0.0241568 0.018868 0.0140996 0.0099893 0.00664838 0.00411987
 0.010084 0.0159986 0.0233657 0.0318887 0.0411664 0.0506156 0.0593967 0.0665452 0.0712959 0.0733417 0.0728338 0.0701963 0.0659414 0.0605708 0.054531 0.0481849 0.0417987 0.0355507 0.0295558 0.0238986 0.0186651 0.0139614 0.00990759 0.00660585 0.00409959
 0.00994313 0.0157942 0.0231043 0.0315943 0.0408754 0.0503692 0.0592321 0.0664904 0.071365 0.0735312 0.0731218 0.0705456 0.0663069 0.0609086 0.0548047 0.0483703 0.0418869 0.035549 0.0294866 0.0237935 0.0185562 0.0138715 0.00984613 0.00657056 0.00408245
 0.00990906 0.0157317 0.0229983 0.031429 0.0406422 0.050076 0.0589105 0.0661921 0.0711482 0.0734413 0.0731774 0.0707351 0.0665957 0.0612491 0.0551479 0.0486738 0.0421209 0.0356997 0.029557 0.0238008 0.0185251 0.0138268 0.0098052 0.00654152 0.0040656
 0.00998476 0.0158437 0.0231453 0.0316004 0.0408176 0.0502278 0.0590086 0.0662115 0.0710792 0.0732973 0.0729944 0.07056 0.0664683 0.0611891 0.0551503 0.0487155 0.0421714 0.0357323 0.029556 0.0237646 0.0184637 0.0137559 0.00973986 0.00649078 0.00403171
 0.0100138 0.0158768 0.0231696 0.0315955 0.0407626 0.0501097 0.0588294 0.0659886 0.0708385 0.0730657 0.0727954 0.0704143 0.0663948 0.0612017 0.0552522 0.0488937 0.0423977 0.0359702 0.0297715 0.0239349 0.018581 0.0138258 0.00977511 0.0065053 0.00403624
 0.0100281 0.0159066 0.0232249 0.0316869 0.0408945 0.0502725 0.0589957 0.066118 0.070892 0.0730218 0.0726588 0.0702125 0.0661674 0.0609887 0.0550857 0.048793 0.0423663 0.0359964 0.0298326 0.0240056 0.0186415 0.0138665 0.00979599 0.00651216 0.0040359
 0.0100473 0.0159588 0.0233421 0.0319101 0.0412615 0.050799 0.0596573 0.0668459 0.0715859 0.0735747 0.0729842 0.0702656 0.0659537 0.0605594 0.0545208 0.0481796 0.0417788 0.0354841 0.0294175 0.0236871 0.0184059 0.0136959 0.00967484 0.00642866 0.00398119
 0.00951834 0.0151354 0.0221755 0.0303915 0.0394371 0.0487849 0.0576462 0.065087 0.0703287 0.0729953 0.0731324 0.0710599 0.0672204 0.0620916 0.0561313 0.049731 0.0431903 0.0367201 0.0304692 0.0245568 0.0190999 0.0142242 0.0100537 0.00668189 0.00413747
 0.00938583 0.0149215 0.0218553 0.0299401 0.0388316 0.0480106 0.056709 0.0640292 0.0692394 0.0720068 0.0723956 0.0707021 0.0673035 0.0625906 0.0569459 0.0507228 0.0442251 0.0376975 0.0313304 0.0252773 0.0196763 0.0146642 0.0103714 0.00689644 0.0042715
 0.00898762 0.0143745 0.0212158 0.0293181 0.0383534 0.0477616 0.0566899 0.064154 0.0693765 0.0720401 0.0722737 0.0704561 0.0670299 0.0624085 0.0569476 0.0509406 0.0446275 0.0382112 0.0318733 0.0257837 0.0201068 0.0150033 0.0106206 0.00706671 0.00437906
#obs surv len freq
 nan nan nan nan nan nan nan nan nan nan nan nan nan nan nan nan nan nan nan nan nan nan nan nan nan
 0.00448271 0.00734309 0.0111721 0.0159875 0.0216876 0.0279628 0.0342768 0.0400084 0.0446887 0.0481535 0.0505126 0.0520097 0.0529032 0.0534167 0.0537319 0.0539875 0.0542665 0.0545596 0.0546986 0.0542906 0.0527286 0.0493604 0.0438098 0.0362892 0.0276721
 0.00461081 0.00755378 0.0114933 0.0164459 0.0223017 0.028733 0.0351757 0.0409777 0.0456476 0.049015 0.0511998 0.0524674 0.0531032 0.0533581 0.0534366 0.0534926 0.0536154 0.0537946 0.0538587 0.0534126 0.051851 0.0485263 0.0430634 0.0356683 0.0271976
 0.00477514 0.00782094 0.0118956 0.0170136 0.0230578 0.0296843 0.0363023 0.0422279 0.0469416 0.0502564 0.0522895 0.0533161 0.0536414 0.0535443 0.0532612 0.0529762 0.0528019 0.0527428 0.0526341 0.0520847 0.0504943 0.0472201 0.0418866 0.0346858 0.0264453
 0.00496138 0.00812745 0.0123637 0.0176839 0.0239617 0.0308315 0.0376676 0.0437472 0.0485215 0.0517909 0.0536755 0.0544607 0.0544648 0.0539827 0.0532726 0.0525462 0.0519479 0.0515123 0.0511011 0.0503455 0.0486634 0.0454237 0.0402494 0.0333098 0.0253877
 0.00517939 0.0084823 0.0128988 0.0184405 0.024972 0.0321068 0.0391856 0.0454461 0.0503062 0.053549 0.0552937 0.0558359 0.055509 0.0546242 0.0534567 0.0522377 0.051136 0.050218 0.0493841 0.0483076 0.0464463 0.0431977 0.0381893 0.0315613 0.0240357
 0.00539938 0.0088454 0.0134553 0.0192405 0.0260556 0.033488 0.0408373 0.0472951 0.0522446 0.0554561 0.0570542 0.0573489 0.0566891 0.0553994 0.0537673 0.0520369 0.0503945 0.0489329 0.0475925 0.0460999 0.0439724 0.0406564 0.0357973 0.0295067 0.0224342
 0.0056453 0.00924516 0.0140572 0.0200905 0.0271893 0.0349189 0.0425421 0.0492071 0.0542606 0.0574539 0.0589112 0.058955 0.0579529 0.0562485 0.0541445 0.0518967 0.049702 0.0476719 0.0457812 0.0438121 0.0413522 0.0379142 0.0331764 0.0272286 0.0206426
 0.00589505 0.00965546 0.0146825 0.0209836 0.0283908 0.0364401 0.0443491 0.0512162 0.0563525 0.059498 0.0607868 0.0605611 0.0592081 0.0570877 0.0545152 0.0517558 0.0490149 0.0464177 0.0439674 0.0414981 0.0386707 0.0350735 0.0304304 0.024818 0.0187313
 0.00613513 0.0100503 0.0152853 0.0218472 0.0295578 0.037927 0.0461293 0.0532133 0.0584497 0.0615599 0.0626823 0.0621783 0.0604606 0.0579134 0.0548706 0.0516083 0.0483381 0.0451933 0.0421991 0.0392355 0.0360334 0.0322586 0.0276876 0.0223918 0.0167943
 0.00636356 0.0104266 0.0158609 0.0226734 0.0306761 0.0393534 0.0478384 0.0551321 0.0604676 0.0635492 0.064518 0.0637509 0.0616817 0.0587171 0.0552118 0.0514578 0.0476765 0.0440103 0.0405022 0.0370706 0.0335092 0.0295572 0.0250443 0.0200421 0.014909
 0.00662568 0.0108492 0.0164904 0.0235508 0.0318301 0.0407887 0.0495228 0.0569919 0.0623961 0.0654256 0.0662262 0.0651914 0.0627759 0.0594078 0.0554606 0.0512406 0.0469795 0.0428291 0.0388493 0.0349919 0.0311057 0.0269958 0.022541 0.0178151 0.0131187
 0.00682893 0.011192 0.0170286 0.0243427 0.032922 0.0421938 0.0512021 0.0588508 0.0643032 0.0672431 0.0678359 0.0665053 0.0637344 0.0599729 0.0556093 0.0509599 0.0462631 0.0416778 0.0372785 0.0330465 0.0288784 0.0246365 0.0202431 0.0157736 0.0114776
 0.00705822 0.0115637 0.0175865 0.0251279 0.0339666 0.0435097 0.0527667 0.0605984 0.0661282 0.0690157 0.0694233 0.0677923 0.0646388 0.0604505 0.0556488 0.0505708 0.0454635 0.0404889 0.0357283 0.0311837 0.0267896 0.0224555 0.018139 0.0139159 0.00998972
 0.00726958 0.011911 0.0181157 0.0258827 0.0349784 0.0447824 0.054263 0.0622374 0.0678 0.0706037 0.0708232 0.0689193 0.065428 0.0608572 0.0556502 0.0501662 0.0446705 0.0393375 0.0342587 0.0294529 0.0248824 0.0204916 0.0162643 0.0122732 0.00868087
 0.00745048 0.0122086 0.0185699 0.0265328 0.0358548 0.0458942 0.0555843 0.063702 0.0693096 0.0720469 0.0720945 0.0699336 0.0661255 0.0612034 0.0556317 0.0497854 0.0439427 0.0382893 0.0329303 0.0279019 0.0231909 0.0187681 0.0146345 0.0108561 0.00755862
 0.00753321 0.0123471 0.0187863 0.026852 0.0363014 0.0464865 0.0563274 0.0645822 0.0702927 0.0730805 0.0731126 0.0708624 0.0668922 0.0617443 0.0558995 0.0497525 0.0436009 0.0376484 0.0320184 0.0267681 0.0219085 0.0174338 0.0133582 0.0097395 0.00667151
 0.00757873 0.0124156 0.0188801 0.0269715 0.0364488 0.0466693 0.0565604 0.0648855 0.0706856 0.0735733 0.0736983 0.0715127 0.0675577 0.0623602 0.0563954 0.0500639 0.0436788 0.0374668 0.0315777 0.0260976 0.0210662 0.0165028 0.0124344 0.00891306 0.00600575
 0.0076304 0.0124899 0.0189739 0.0270757 0.0365508 0.0467579 0.056631 0.0649435 0.070748 0.0736669 0.0738538 0.0717541 0.0678912 0.0627661 0.0568273 0.0504568 0.0439627 0.0375819 0.0314878 0.0257986 0.0205892 0.0159096 0.011805 0.00832668 0.00552118
 0.00773366 0.0126479 0.0191927 0.0273523 0.0368721 0.0471001 0.0569608 0.0652227 0.0709433 0.0737621 0.0738581 0.0717003 0.0678241 0.0627266 0.0568366 0.050508 0.0440216 0.0375979 0.031411 0.0255973 0.020262 0.0154877 0.0113433 0.00788645 0.00515146
 0.00778724 0.0127372 0.0193304 0.0275502 0.0371365 0.0474259 0.0573261 0.0655893 0.0712649 0.0739964 0.0739791 0.0717053 0.0677335 0.0625774 0.0566712 0.0503594 0.0439021 0.0374954 0.031295 0.0254345 0.020033 0.0151973 0.0110201 0.00757125 0.00488134
 0.00782683 0.0127978 0.0194152 0.0276606 0.0372734 0.0475907 0.0575199 0.0658099 0.0715024 0.0742311 0.0741829 0.0718488 0.0677959 0.0625543 0.0565767 0.0502205 0.0437475 0.0373431 0.0311466 0.025278 0.0198535 0.0149896 0.0107947 0.00735058 0.00468961
 0.0078414 0.012817 0.0194357 0.027677 0.0372801 0.047585 0.0575051 0.0657964 0.0715053 0.0742655 0.0742575 0.0719609 0.0679296 0.062685 0.0566804 0.0502824 0.0437659 0.0373256 0.0311024 0.0252113 0.0197637 0.0148766 0.0106646 0.00721696 0.00456868
 0.00786366 0.0128491 0.0194762 0.0277215 0.0373215 0.0476153 0.057517 0.0657858 0.0714737 0.0742214 0.0742164 0.0719396 0.0679406 0.0627305 0.0567502 0.0503584 0.0438294 0.0373637 0.0311103 0.0251898 0.0197163 0.0148081 0.0105822 0.00713042 0.00448902
 0.00787826 0.0128701 0.0195028 0.0277508 0.037349 0.0476357 0.0575254 0.0657779 0.0714476 0.0741787 0.0741629 0.0718861 0.0679003 0.0627152 0.0567659 0.0504023 0.0438901 0.0374256 0.0311587 0.0252152 0.0197156 0.0147838 0.0105407 0.00708084 0.00444037
 0.00790145 0.0129046 0.0195486 0.0278055 0.037408 0.0476929 0.0575739 0.0658109 0.0714592 0.0741658 0.0741263 0.0718308 0.0678352 0.0626517 0.0567152 0.0503725 0.0438832 0.0374367 0.0311777 0.025231 0.0197198 0.0147732 0.0105173 0.00705001 0.00440877
 0.00791862 0.0129287 0.0195779 0.0278356 0.0374336 0.0477091 0.0575777 0.0658019 0.071439 0.0741373 0.0740925 0.0717949 0.0678 0.0626204 0.0566915 0.0503602 0.0438851 0.0374525 0.0312033 0.0252592 0.0197427 0.0147854 0.0105174 0.00704078 0.00439481
 0.00789883 0.0128993 0.0195385 0.0277876 0.0373792 0.0476505 0.0575166 0.0657403 0.0713801 0.0740858 0.0740545 0.0717755 0.0678023 0.0626439 0.056733 0.0504152 0.0439493 0.037522 0.031274 0.0253259 0.0198001 0.0148289 0.0105454 0.00705472 0.00439864
 0.0078725 0.0128522 0.0194602 0.0276673 0.0372094 0.0474334 0.0572683 0.0654891 0.0711595 0.0739242 0.0739683 0.0717675 0.0678647 0.0627632 0.0568933 0.0506003 0.0441441 0.0377139 0.0314528 0.0254841 0.0199322 0.0149319 0.0106192 0.00710249 0.00442602
 0.00785125 0.0128157 0.0194016 0.0275782 0.0370819 0.0472619 0.0570534 0.0652407 0.0708979 0.0736782 0.0737698 0.0716439 0.0678322 0.0628226 0.0570316 0.0507961 0.0443731 0.0379532 0.0316835 0.0256921 0.0201082 0.0150712 0.0107216 0.00717169 0.00446851
 0.00785718 0.0128213 0.0194023 0.027567 0.03705 0.0472014 0.0569589 0.0651112 0.0707371 0.0734955 0.0735805 0.071469 0.0676953 0.0627448 0.0570256 0.050862 0.0444993 0.03812 0.0318684 0.0258743 0.0202717 0.0152062 0.0108241 0.00724302 0.00451372
 0.00783013 0.0127778 0.0193378 0.0274775 0.036933 0.047057 0.0567913 0.0649289 0.0705522 0.0733211 0.0734292 0.0713517 0.0676212 0.0627219 0.0570598 0.0509555 0.0446477 0.0383113 0.032084 0.0260929 0.0204735 0.0153767 0.0109564 0.0073369 0.00457449
 0.00781012 0.0127436 0.0192834 0.0273965 0.0368204 0.0469119 0.0566188 0.0647406 0.0703639 0.073149 0.0732865 0.0712477 0.0675614 0.0627091 0.0570953 0.051039 0.0447765 0.0384787 0.0322781 0.0262972 0.0206698 0.0155491 0.0110944 0.00743766 0.00464128
 0.00777022 0.0126786 0.0191854 0.0272586 0.0366383 0.0466867 0.05636 0.0644666 0.0700992 0.0729195 0.073114 0.0711464 0.0675364 0.0627574 0.0572082 0.0512049 0.0449831 0.0387135 0.032528 0.0265472 0.0209042 0.0157534 0.0112587 0.00755869 0.00472246
 0.00772454 0.0126044 0.019074 0.0271023 0.0364323 0.0464322 0.0560668 0.0641541 0.0697938 0.0726496 0.0729048 0.0710165 0.067496 0.0628073 0.0573405 0.0514055 0.0452339 0.0389954 0.0328221 0.0268358 0.0211705 0.0159836 0.0114437 0.00769548 0.00481492
 0.00934178 0.01487 0.021812 0.029924 0.0388492 0.0480352 0.0566692 0.0638189 0.0687526 0.0711834 0.0712567 0.0693589 0.0659364 0.0614071 0.0561307 0.0503961 0.0444207 0.038364 0.032352 0.0265027 0.0209487 0.0158467 0.0113669 0.00765734 0.00479879
 0.00930344 0.0151077 0.0226989 0.0319249 0.0423187 0.0529449 0.0624342 0.069393 0.0730006 0.0733289 0.0711381 0.0673716 0.0627583 0.0577084 0.0524076 0.0469428 0.0413779 0.0357801 0.0302269 0.0248118 0.0196531 0.0148975 0.0107073 0.00722665 0.00453678
 0.00898346 0.0146016 0.0219852 0.0310509 0.041455 0.0524238 0.0627102 0.0708797 0.0758211 0.0771302 0.0751341 0.0706418 0.0646313 0.0579954 0.0513719 0.0450838 0.0391966 0.0336427 0.0283403 0.0232605 0.0184477 0.0140095 0.0100893 0.00682296 0.00429129
 0.00880639 0.0143052 0.0215241 0.0303804 0.0405486 0.0513045 0.061492 0.0697965 0.0752089 0.0773349 0.0763565 0.0727892 0.0672832 0.0605389 0.0532505 0.0460104 0.0392116 0.0330141 0.0274005 0.0222811 0.0175916 0.0133427 0.0096147 0.00651122 0.00410221
 0.00873023 0.0141763 0.0213199 0.0300745 0.0401137 0.0507196 0.0607548 0.068939 0.0743163 0.0765578 0.0759012 0.0728658 0.0680135 0.0618644 0.054909 0.0476205 0.0404278 0.0336607 0.0275065 0.0220156 0.0171587 0.0129024 0.00925419 0.00625615 0.00394158
 0.00869136 0.0141097 0.0212129 0.0299123 0.0398811 0.0504043 0.0603511 0.0684512 0.073761 0.0759706 0.0753456 0.0724411 0.0678442 0.0620618 0.0555109 0.0485445 0.0414792 0.0346046 0.0281654 0.0223321 0.0171908 0.012767 0.00906432 0.00608487 0.00381813
 0.00868736 0.014101 0.0211953 0.0298794 0.0398244 0.050314 0.0602169 0.068264 0.0735152 0.0756669 0.0749964 0.0720765 0.0675178 0.0618485 0.055489 0.048762 0.0419189 0.0351743 0.0287293 0.0227684 0.0174403 0.0128438 0.00902865 0.00600371 0.00373826
 0.00868914 0.0141047 0.0212021 0.0298904 0.0398392 0.050329 0.0602245 0.0682525 0.0734706 0.0755763 0.0748518 0.0718795 0.0672836 0.0616098 0.0552948 0.0486667 0.0419618 0.0353567 0.0290059 0.023063 0.0176797 0.0129885 0.00908128 0.00599484 0.00370365
 0.00867906 0.0140903 0.0211844 0.0298715 0.0398223 0.0503175 0.0602202 0.0682551 0.0734761 0.0755766 0.074836 0.0718361 0.0672054 0.0614991 0.0551677 0.0485527 0.041896 0.0353663 0.0290949 0.0232072 0.0178366 0.0131173 0.00916068 0.00602668 0.00370423
 0.00867104 0.0140778 0.0211665 0.0298483 0.0397946 0.0502876 0.0601921 0.0682333 0.0734646 0.0755769 0.074845 0.0718463 0.0672069 0.0614828 0.0551302 0.0485001 0.0418445 0.0353371 0.0291045 0.0232583 0.0179153 0.0132004 0.00922736 0.0060673 0.00372122
 0.00865494 0.0140534 0.0211331 0.0298065 0.0397463 0.0502356 0.0601401 0.0681859 0.0734272 0.075554 0.0748396 0.0718581 0.0672318 0.0615133 0.0551575 0.0485181 0.0418531 0.0353429 0.0291182 0.0232878 0.0179612 0.0132545 0.0092779 0.00610516 0.00374367
 0.00864429 0.0140346 0.0211024 0.0297599 0.0396811 0.0501526 0.0600452 0.0680897 0.0733422 0.0754914 0.0748065 0.0718564 0.0672587 0.0615626 0.0552206 0.0485855 0.0419172 0.0354 0.0291692 0.0233364 0.0180102 0.0133032 0.00932215 0.00614037 0.00376755
 0.00864376 0.0140335 0.0211 0.0297548 0.0396714 0.0501355 0.0600175 0.0680494 0.0732898 0.0754314 0.0747469 0.0718067 0.0672272 0.0615534 0.0552332 0.0486155 0.0419577 0.0354445 0.0292132 0.0233781 0.0180493 0.0133396 0.00935454 0.00616675 0.00378657
 0.00864408 0.0140342 0.0211014 0.0297572 0.0396749 0.0501395 0.0600205 0.0680487 0.0732822 0.0754142 0.0747189 0.0717701 0.0671871 0.0615171 0.0552075 0.0486046 0.041962 0.0354612 0.0292377 0.0234063 0.018078 0.0133667 0.00937852 0.00618637 0.00380108
 0.00863308 0.0140187 0.0210824 0.0297373 0.0396573 0.050127 0.0600148 0.0680496 0.0732878 0.0754216 0.0747247 0.0717711 0.0671817 0.061506 0.0551939 0.0485931 0.041957 0.035465 0.0292502 0.023425 0.0180999 0.0133887 0.00939839 0.00620264 0.00381316
 0.00863308 0.0140187 0.0210824 0.0297373 0.0396573 0.050127 0.0600148 0.0680496 0.0732878 0.0754216 0.0747247 0.0717711 0.0671817 0.061506 0.0551939 0.0485931 0.041957 0.035465 0.0292502 0.023425 0.0180999 0.0133887 0.00939839 0.00620264 0.00381316
 0.0086329 0.014019 0.0210842 0.0297419 0.0396663 0.0501417 0.0600357 0.068076 0.0733174 0.0754504 0.074748 0.0717843 0.0671814 0.0614914 0.0551671 0.0485586 0.0419207 0.0354327 0.0292259 0.0234104 0.0180941 0.0133896 0.00940299 0.00620853 0.00381862
 0.00879695 0.0142771 0.0214553 0.0302346 0.0402739 0.0508356 0.0607614 0.0687565 0.0738686 0.0758025 0.0748629 0.0716618 0.0668531 0.0610093 0.0545909 0.0479457 0.0413198 0.0348802 0.0287456 0.0230145 0.0177849 0.0131613 0.00924462 0.00610588 0.0037569
 0.00834722 0.0135848 0.020489 0.0289991 0.0388178 0.049257 0.059208 0.0674116 0.0729131 0.0753647 0.0749824 0.0722842 0.0678554 0.0622385 0.0559 0.0492178 0.0424768 0.0358811 0.0295772 0.023681 0.0183 0.0135436 0.00951475 0.00628593 0.00386895
 0.00851733 0.0137993 0.0206973 0.0291165 0.0387489 0.0489338 0.0586228 0.0666261 0.072041 0.0745399 0.0743267 0.0718833 0.0677456 0.0624039 0.0562821 0.0497338 0.0430421 0.0364265 0.0300581 0.0240767 0.0186076 0.0137707 0.00967409 0.00639151 0.00393448
 0.008839 0.0143376 0.0215287 0.0303027 0.0402999 0.0507632 0.0605218 0.0682919 0.0731659 0.074921 0.0739351 0.0708573 0.0663232 0.0608381 0.0547767 0.0484148 0.0419596 0.0355757 0.029406 0.0235839 0.0182404 0.0135035 0.00948729 0.00626812 0.00385856
#pred catch len freq
 0.00477531 0.0075301 0.0109319 0.0148748 0.0192887 0.0241241 0.0292789 0.0345589 0.0397151 0.0445111 0.0487644 0.0523599 0.055251 0.0574471 0.0589827 0.0598826 0.0601422 0.0597206 0.0585277 0.0563939 0.053059 0.0482422 0.0418272 0.0340808 0.0257297
 0.00498624 0.00778774 0.0111664 0.0149798 0.0191642 0.0237361 0.0286975 0.0339406 0.0392298 0.0442555 0.0487167 0.052399 0.0552274 0.0572625 0.0586409 0.0594919 0.0598695 0.0597165 0.0588533 0.0569877 0.0537618 0.0488701 0.0422516 0.0342702 0.025737
 0.00531241 0.00828698 0.0118539 0.015833 0.0201108 0.0246495 0.0294104 0.034291 0.0391305 0.0437484 0.047963 0.0515998 0.0545217 0.056676 0.0581153 0.0589652 0.0593442 0.0592675 0.0585776 0.0569338 0.0538911 0.0490757 0.0424181 0.0343311 0.0256931
 0.00559326 0.00873366 0.0125082 0.0167284 0.0212655 0.026053 0.0310019 0.0359392 0.0406355 0.0448796 0.0485299 0.051526 0.0538763 0.0556345 0.0568744 0.0576695 0.0580708 0.0580608 0.0574842 0.0560031 0.0531482 0.0485023 0.041965 0.0339511 0.0253655
 0.00590241 0.00921184 0.0131846 0.01762 0.0223826 0.0274038 0.0325879 0.0377378 0.0425751 0.0468194 0.0502607 0.0528048 0.0544935 0.0554871 0.0560027 0.056234 0.0562848 0.0561243 0.0555521 0.0541856 0.0515196 0.047105 0.0408125 0.0330364 0.0246713
 0.00629227 0.00980843 0.0140144 0.0186861 0.023671 0.0288923 0.0342503 0.039542 0.0444775 0.0487562 0.0521355 0.0544758 0.0557754 0.056181 0.055953 0.0553865 0.0547134 0.0540086 0.053123 0.0516702 0.0491074 0.0449362 0.0389773 0.0315777 0.0235885
 0.00670218 0.0104448 0.0149168 0.019873 0.0251402 0.0306212 0.0361929 0.0416263 0.0466108 0.0508381 0.0540684 0.0561656 0.0571214 0.057065 0.0562418 0.0549599 0.0535096 0.0520659 0.0505904 0.0487807 0.0461282 0.0421179 0.0365155 0.0295911 0.0221122
 0.00707413 0.0110266 0.0157512 0.0209885 0.026551 0.0323264 0.0381686 0.0438158 0.0489202 0.0531426 0.056228 0.0580439 0.0586002 0.0580477 0.0566453 0.0547062 0.0525337 0.0503451 0.048183 0.0458487 0.0429249 0.0389407 0.0336414 0.0272183 0.0203279
 0.00747822 0.0116458 0.0166144 0.0221027 0.0279084 0.0339135 0.0399681 0.0457986 0.0510341 0.0553051 0.0583266 0.0599457 0.0601681 0.0591571 0.0571951 0.0546192 0.0517546 0.0488473 0.0459925 0.043075 0.0397768 0.0357051 0.0306237 0.024667 0.0183773
 0.00785618 0.0122354 0.0174558 0.023218 0.0293002 0.0355636 0.0418337 0.0478108 0.0531051 0.0573402 0.0602341 0.0616378 0.0615569 0.0601525 0.0577078 0.0545679 0.0510736 0.0474979 0.0439817 0.040482 0.0367738 0.0325514 0.0276193 0.0220781 0.0163665
 0.00815751 0.0127114 0.0181476 0.0241577 0.0305098 0.0370503 0.0435803 0.0497655 0.0551784 0.0594131 0.0621748 0.0633224 0.062885 0.0610522 0.0581288 0.0544694 0.0504171 0.0462526 0.0421446 0.0381074 0.0339999 0.0296028 0.0247717 0.0195902 0.0144094
 0.00838772 0.0130743 0.0186742 0.0248731 0.0314339 0.0381967 0.0449508 0.0513409 0.056911 0.0612239 0.0639574 0.0649536 0.064242 0.0620306 0.0586536 0.0544949 0.0499182 0.0452178 0.0405815 0.0360634 0.0315878 0.0270108 0.0222396 0.0173524 0.0126296
 0.00864728 0.0134763 0.0192428 0.0256199 0.03236 0.0392954 0.0462062 0.0527242 0.0583785 0.0627173 0.0654062 0.0662776 0.0653555 0.0628489 0.0591022 0.0545166 0.0494768 0.0442991 0.039196 0.0342582 0.0294627 0.0247266 0.0200017 0.0153648 0.0110391
 0.00890229 0.0138732 0.0198075 0.0263663 0.0332894 0.0403965 0.0474517 0.0540684 0.0597582 0.0640603 0.06664 0.0673371 0.0661854 0.0634039 0.0593439 0.0544119 0.048999 0.0434322 0.0379441 0.0326581 0.0275982 0.0227338 0.0180536 0.013634 0.00965123
 0.00910184 0.0141879 0.0202635 0.0269827 0.0340767 0.0413532 0.0485588 0.0552847 0.0610211 0.065293 0.0677624 0.0682765 0.0668853 0.0638273 0.0594712 0.0542347 0.0485131 0.0426358 0.0368442 0.0312838 0.0260156 0.0210521 0.0164139 0.012178 0.00848255
 0.00943476 0.0146871 0.0209379 0.0278156 0.0350355 0.0424028 0.0496688 0.0564257 0.0621555 0.0663681 0.0687125 0.0690322 0.0673872 0.0640373 0.0593767 0.0538439 0.0478463 0.0417172 0.0357003 0.0299508 0.0245516 0.0195448 0.014974 0.0109159 0.00747752
 0.00964246 0.0150154 0.0214136 0.0284559 0.0358428 0.043359 0.0507307 0.0575274 0.0632212 0.0673287 0.0695164 0.0696446 0.0677829 0.0641959 0.0592842 0.0534969 0.0472547 0.0409028 0.0346946 0.0287956 0.0233034 0.0182788 0.013779 0.00987752 0.00665536
 0.00970923 0.015123 0.0215754 0.0286868 0.036161 0.0437847 0.0512812 0.0582064 0.0640085 0.0681746 0.0703475 0.0703805 0.0683552 0.0645603 0.0594201 0.0534012 0.0469347 0.0403744 0.033983 0.0279383 0.022353 0.0173024 0.0128523 0.00907049 0.00601593
 0.00980362 0.0152503 0.0217195 0.0288192 0.036252 0.0438213 0.0512799 0.0582139 0.0640865 0.0683768 0.0706977 0.0708608 0.0689093 0.0651083 0.0598807 0.0537093 0.0470509 0.040285 0.0336965 0.0274825 0.0217732 0.0166588 0.0122125 0.00849749 0.00555381
 0.00998235 0.0155069 0.0220417 0.0291711 0.0365814 0.0440727 0.0514098 0.0582031 0.0639487 0.0681612 0.0704801 0.0707215 0.068904 0.0652473 0.0601252 0.0539873 0.047282 0.0404034 0.0336649 0.0272957 0.0214552 0.0162558 0.0117821 0.00809542 0.00522114
 0.0101063 0.0157013 0.0223199 0.0295374 0.0370259 0.0445663 0.0519007 0.0586218 0.0642244 0.0682457 0.0703672 0.0704532 0.0685586 0.0649123 0.0598677 0.053832 0.0472082 0.0403598 0.033594 0.0271561 0.0212345 0.0159707 0.0114692 0.00779673 0.00497029
 0.0101303 0.0157501 0.0224114 0.0296955 0.037275 0.0449227 0.0523619 0.0591586 0.0647796 0.0687415 0.0707226 0.0706074 0.0684924 0.0646572 0.0594948 0.0534249 0.0468324 0.0400438 0.0333297 0.0269156 0.0209916 0.0157159 0.0112124 0.00755931 0.00477303
 0.0100724 0.0156669 0.0223078 0.0295856 0.0371831 0.0448803 0.0524035 0.0593142 0.0650634 0.0691401 0.0711895 0.0710691 0.0688678 0.0648829 0.0595458 0.0533208 0.0466247 0.0397915 0.0330769 0.0266817 0.0207763 0.0155134 0.011022 0.00738839 0.00463178
