SBPRF35
7.78865
Curr Bio
501826
B35
683444
F35
0.225285
FOFL
0.164463
OFL
64231.5
Bzero
2.22533e+06
#pred survey bio
 4.53915e+06 4.27418e+06 4.02876e+06 3.74608e+06 3.42544e+06 3.10593e+06 2.77815e+06 2.43677e+06 2.14917e+06 1.9076e+06 1.70126e+06 1.50076e+06 1.32686e+06 1.15703e+06 1.02285e+06 921179 810232 750099 700188 671248 645310 626777 596628 575075 568299 557022 553700 559590 560407 551576 555843 566883 553749 536277 532953 526286 521259 513037 508846 509714 521472 532195 544582 554767 558590 564845 569387 569694 581363 587074 590909 601677 572927 524553 519232 486488 493669 495213 501138 1.77522e+07 1.12592e+07 1.19649e+07 1.286e+07 1.38011e+07 1.466e+07 1.53791e+07 1.59483e+07 1.63821e+07 1.67044e+07 1.69402e+07 1.71112e+07 1.72346e+07 1.73237e+07 1.73883e+07 1.74352e+07 1.74696e+07 1.7495e+07 1.75137e+07 1.75278e+07 1.75383e+07 1.75462e+07 1.75522e+07 1.75568e+07 1.75603e+07 1.75629e+07 1.7565e+07 1.75665e+07 1.75677e+07 1.75687e+07 1.75694e+07 1.75699e+07 1.75703e+07 1.75707e+07 1.75709e+07 1.75711e+07 1.75713e+07 1.75714e+07 1.75715e+07 1.75715e+07 1.75716e+07 1.75716e+07 1.75717e+07 1.75717e+07 1.75717e+07 1.75717e+07 1.75718e+07 1.75718e+07 1.75718e+07 1.75718e+07 1.75718e+07 1.75718e+07 1.75718e+07 1.75718e+07 1.75718e+07 1.75718e+07 1.75718e+07 1.75718e+07 1.75718e+07 1.75718e+07 1.75718e+07 1.75718e+07 1.75718e+07 1.75718e+07 1.75718e+07 1.75718e+07 1.75718e+07 1.75718e+07 1.75718e+07 1.75718e+07 1.75718e+07 1.75718e+07 1.75718e+07 1.75718e+07 1.75718e+07 1.75718e+07 1.75718e+07 1.75718e+07 1.75718e+07 1.75718e+07 1.75718e+07 1.75718e+07 1.75718e+07 1.75718e+07 1.75718e+07 1.75718e+07 1.75718e+07 1.75718e+07 1.75718e+07 1.75718e+07 1.75718e+07 1.75718e+07 1.75718e+07 1.75718e+07 1.75718e+07 1.75718e+07 1.75718e+07 1.75718e+07 1.75718e+07 1.75718e+07 0 0 0 0 0 0 0 0 0 0 0 0 0 0 0 0 0 0 0 0 0 0 0 0 0
#obs survey bio
 3.82285e+06 3.48159e+06 3.02452e+06 3.05108e+06 2.9237e+06 3.83884e+06 3.06417e+06 1.57312e+06 1.42376e+06 1.95774e+06 1.50109e+06 1.1969e+06 989269 792133 871919 939715 973859 729612 635848 716393 635330 533495 495874 437360 571318 486275 418102 740707 377133 507977 472705 419963 514727 483227 526099 518606 558046 666113 720090 408548 580651 618509 399764 551421 494964 620808 497005 645318 534573 410245 843288 835225 589745 505844 505460 620086 468231 560977 383064
#pred catch bio
 93831.6 90951 147551 209577 238929 277756 321335 301543 284485 272436 281933 268905 271954 243767 215777 220680 172878 160882 139942 134705 126010 132728 121917 107169 109397 101864 94383.5 98802 106322 94419.5 88098.5 106641 106748 91108.2 90393.5 87378.7 92098.4 91495.7 88775.9 80880.8 82881.8 82394.6 85122.6 90903.5 89354.6 91698.2 96175 87806.4 94254.6 96249.3 89755.2 121344 135417 98513 121390 87427.5 94204.2 94145.9 98441.4 64231.5 90125.4 94906 101079 107977 114318 119523 123508 126414 128461 129863 130805 131427 131832 132094 132262 132368 132436 132478 132505 132522 132532 132539 132543 132545 132547 132548 132549 132549 132549 132549 132549 132549 132549 132549 132549 132549 132549 132549 132549 132549 132549 132549 132549 132549 132549 132549 132549 132549 132549 132549 132549 132549 132549 132549 132549 132549 132549 132549 132549 132549 132549 132549 132549 132549 132549 132549 132549 132549 132549 132549 132549 132549 132549 132549 132549 132549 132549 132549 132549 132549 132549 132549 132549 132549 132549 132549 132549 132549 132549 132549 132549 132549 132549 132549 132549 132549 132549 132549 132549 0 0 0 0 0 0 0 0 0 0 0 0 0 0 0 0 0 0 0 0 0 0 0 0 0
#obs catch bio
 0 90711.9 148193 211231 240719 280326 325570 306743 289877 277106 288127 273757 278813 249913 220491 225717 174626 163057 141627 135849 127174 134658 123200 108058 110303 102580 95402.9 99630.3 107811 95531.9 88675.8 107939 108010 91970.3 91104.6 87711.9 92277.2 91454.7 88084.3 80588.2 82599.1 81989.6 84974.2 90391.5 88891.3 91147.6 95969.2 87429.6 94118.2 96568.6 89188.3 119946 134909 97118.6 120917 86291.7 93404.7 92897.8 98459
#pred cpue bio
 4.46527e+06 4.20306e+06 3.95943e+06 3.67779e+06 3.35916e+06 3.04162e+06 2.71592e+06 2.37687e+06 2.09108e+06 1.85118e+06 1.64656e+06 1.44825e+06 1.27643e+06 1.1091e+06 977278 877919 770119 711895 663679 635924 611065 593326 564486 543970 537688 526938 523633 529297 530192 521697 526083 537248 525006 508623 506210 500558 495420 486090 481190 482014 493508 504014 516036 525908 529614 535570 539782 539853 550991 556391 560254 571238 543492 495979 490232 458436 465303 466367 470917 1.66546e+07 1.05793e+07 1.12214e+07 1.20367e+07 1.29493e+07 1.38018e+07 1.45197e+07 1.50887e+07 1.55225e+07 1.58448e+07 1.60806e+07 1.62516e+07 1.6375e+07 1.64641e+07 1.65287e+07 1.65757e+07 1.661e+07 1.66354e+07 1.66542e+07 1.66682e+07 1.66787e+07 1.66866e+07 1.66926e+07 1.66972e+07 1.67007e+07 1.67033e+07 1.67054e+07 1.67069e+07 1.67081e+07 1.67091e+07 1.67098e+07 1.67103e+07 1.67107e+07 1.67111e+07 1.67113e+07 1.67115e+07 1.67117e+07 1.67118e+07 1.67119e+07 1.6712e+07 1.6712e+07 1.67121e+07 1.67121e+07 1.67121e+07 1.67121e+07 1.67121e+07 1.67122e+07 1.67122e+07 1.67122e+07 1.67122e+07 1.67122e+07 1.67122e+07 1.67122e+07 1.67122e+07 1.67122e+07 1.67122e+07 1.67122e+07 1.67122e+07 1.67122e+07 1.67122e+07 1.67122e+07 1.67122e+07 1.67122e+07 1.67122e+07 1.67122e+07 1.67122e+07 1.67122e+07 1.67122e+07 1.67122e+07 1.67122e+07 1.67122e+07 1.67122e+07 1.67122e+07 1.67122e+07 1.67122e+07 1.67122e+07 1.67122e+07 1.67122e+07 1.67122e+07 1.67122e+07 1.67122e+07 1.67122e+07 1.67122e+07 1.67122e+07 1.67122e+07 1.67122e+07 1.67122e+07 1.67122e+07 1.67122e+07 1.67122e+07 1.67122e+07 1.67122e+07 1.67122e+07 1.67122e+07 1.67122e+07 1.67122e+07 1.67122e+07 1.67122e+07 1.67122e+07 1.67122e+07 0 0 0 0 0 0 0 0 0 0 0 0 0 0 0 0 0 0 0 0 0 0 0 0 0
#obs cpue bio
 4.81792e+06 2.66284e+06 3.2702e+06 3.25222e+06 3.65353e+06 2.38393e+06 2.20132e+06 1.7572e+06 2.27378e+06 1.77086e+06 1.32779e+06 1.856e+06 1.03339e+06 1.10416e+06 907083 830556 739244 546193 568800 672758 466394 506608 671965 600582 539468 536953 400674 448740 534572 440228 657623 611180 496410 436810 562476 592990 576404 439929 637648 432921 503000 507805 565848 821831 585006 568099 525818 510900 554190 561720 679289 781151 388797 837029 433498 560287 492887 621276 279582
#pred surv len freq
 0.00466011 0.00753129 0.0112761 0.015873 0.0212368 0.0271533 0.0332359 0.0389993 0.0440266 0.0481 0.0512101 0.0534801 0.0550851 0.0561928 0.0569202 0.057306 0.0573103 0.0568327 0.0557211 0.0537579 0.0506542 0.0461178 0.0400276 0.0326387 0.0246529
 0.00500548 0.00801032 0.0118492 0.0164644 0.0217711 0.0276047 0.0336535 0.0394795 0.0446419 0.0488265 0.0519056 0.0539323 0.0551038 0.0556971 0.0559783 0.0561148 0.0561263 0.0558814 0.0551202 0.053486 0.050581 0.0460803 0.0399098 0.0324126 0.0243637
 0.00511377 0.00823195 0.0122611 0.0171506 0.0227848 0.0289198 0.0351403 0.0409369 0.0458791 0.0497432 0.0525074 0.0542719 0.0551991 0.0554983 0.05541 0.0551557 0.054862 0.0544905 0.0538018 0.0523772 0.0497141 0.0454015 0.0393396 0.0319011 0.0239083
 0.00526571 0.00846535 0.0125921 0.0175987 0.0233842 0.0297267 0.03622 0.0423244 0.0475287 0.0515037 0.0541535 0.0555803 0.0560217 0.0557828 0.0551683 0.0544257 0.0537025 0.0530027 0.0521371 0.050707 0.0481782 0.0440744 0.0382363 0.0310085 0.0232114
 0.00548753 0.00881784 0.0131069 0.0182984 0.0242785 0.0308083 0.0374642 0.0436957 0.0489921 0.0530254 0.0556818 0.057019 0.0572234 0.0565792 0.0554217 0.0540687 0.0527481 0.0515341 0.0502933 0.0486651 0.0461249 0.0421716 0.0365954 0.029685 0.022214
 0.00571479 0.00918374 0.0136513 0.0190572 0.0252775 0.0320542 0.0389328 0.0453263 0.0506948 0.0547005 0.0572398 0.0583886 0.0583424 0.057376 0.0558048 0.0539395 0.0520348 0.0502278 0.0484676 0.0464722 0.0437696 0.0398715 0.0345378 0.0279948 0.0209398
 0.00599579 0.00962982 0.0143035 0.0199485 0.0264303 0.0334738 0.0405974 0.0471791 0.052644 0.0566291 0.0590222 0.0599092 0.0595098 0.0581264 0.0560933 0.0537251 0.0512756 0.0488975 0.0465884 0.0441432 0.0411723 0.0372416 0.0321138 0.025961 0.0193894
 0.00633668 0.010175 0.0151074 0.0210565 0.027871 0.0352475 0.0426622 0.0494447 0.05498 0.0588861 0.0610532 0.061585 0.0607287 0.0588193 0.0562223 0.0532754 0.050245 0.0472932 0.0444419 0.0415383 0.0382688 0.03427 0.0293332 0.0235939 0.0175647
 0.00663337 0.0106511 0.0158132 0.022037 0.0291606 0.03686 0.0445771 0.0515968 0.0572611 0.0611569 0.0631619 0.0633861 0.0620982 0.0596654 0.0564884 0.0529359 0.0492978 0.0457552 0.0423553 0.0389889 0.0354064 0.0313121 0.0265333 0.0211822 0.0156859
 0.00689016 0.0110635 0.0164252 0.0228883 0.0302824 0.0382666 0.046255 0.0534965 0.0592982 0.0632211 0.0651286 0.0651272 0.0634931 0.0606108 0.0569065 0.0527778 0.0485431 0.0444112 0.0404614 0.0366292 0.0327249 0.0285145 0.0238616 0.0188608 0.0138625
 0.0071125 0.0114224 0.0169611 0.0236388 0.0312773 0.0395194 0.0477519 0.0551899 0.0611096 0.0650518 0.066872 0.0666785 0.0647552 0.0614984 0.0573486 0.0527205 0.0479517 0.0432758 0.0388055 0.0345236 0.0302998 0.0259601 0.0214033 0.01671 0.0121623
 0.00740631 0.0118875 0.0176384 0.0245593 0.0324583 0.0409584 0.0494169 0.0570132 0.0629915 0.0668741 0.068516 0.0680398 0.0657539 0.0620815 0.0574862 0.0523977 0.0471625 0.0420237 0.0371135 0.0324513 0.0279598 0.0235208 0.0190679 0.0146709 0.0105505
 0.00762665 0.0122521 0.0181988 0.025367 0.0335541 0.0423548 0.0510813 0.0588615 0.0648999 0.0687027 0.0701323 0.0693354 0.0666515 0.0625374 0.0574865 0.0519504 0.0462877 0.0407477 0.0354724 0.0305039 0.0258044 0.0213008 0.0169567 0.0128339 0.00910024
 0.00787205 0.01265 0.0187965 0.02621 0.0346799 0.043781 0.0527894 0.0607844 0.0669203 0.0706664 0.0718721 0.0706993 0.0675295 0.0628759 0.0572871 0.0512551 0.0451595 0.0392548 0.0336837 0.028496 0.0236742 0.0191742 0.0149779 0.0111372 0.00777357
 0.00801515 0.0128889 0.0191684 0.0267554 0.0354369 0.044775 0.0540202 0.062218 0.0684883 0.0722717 0.0733976 0.0720196 0.0685255 0.0634531 0.0573917 0.0508803 0.0443401 0.0380549 0.0321837 0.0267869 0.0218596 0.0173718 0.0133119 0.00971718 0.00666825
 0.00804247 0.0129445 0.019274 0.0269411 0.0357382 0.045226 0.054645 0.0630227 0.0694563 0.0733611 0.0745425 0.0731341 0.0695126 0.0642164 0.0578481 0.0509726 0.0440464 0.0373916 0.031202 0.0255664 0.0205008 0.015988 0.0120171 0.00860744 0.00580249
 0.00832922 0.0133782 0.0198666 0.027684 0.0366075 0.0461908 0.0556711 0.0640713 0.0704802 0.0743057 0.0753513 0.0737563 0.0699097 0.064364 0.0577339 0.0505933 0.043407 0.0365089 0.0301108 0.0243233 0.0191841 0.0146905 0.0108325 0.00761183 0.00503805
 0.00843 0.0135357 0.0200912 0.0279793 0.0369681 0.0466006 0.0561046 0.0644992 0.0708811 0.0746755 0.0757018 0.0741026 0.0702528 0.0646812 0.0579813 0.0507184 0.0433627 0.0362653 0.029663 0.0236956 0.0184294 0.0138835 0.0100551 0.00693527 0.00450669
 0.00851759 0.0136738 0.0202908 0.0282475 0.0373065 0.0470026 0.0565522 0.0649621 0.0713197 0.0750507 0.0759862 0.0742888 0.0703531 0.0647176 0.0579713 0.0506625 0.043243 0.0360544 0.0293385 0.023254 0.0178931 0.0132988 0.00948152 0.00642877 0.00410482
 0.0085984 0.0137842 0.0204188 0.0283703 0.0373985 0.0470479 0.0565542 0.0649428 0.0713109 0.07508 0.0760671 0.0744182 0.0705161 0.064895 0.0581448 0.0508148 0.043355 0.0361033 0.0293013 0.0231166 0.0176596 0.0129951 0.00914964 0.00611434 0.00384318
 0.00864252 0.0138612 0.0205428 0.0285538 0.0376446 0.0473416 0.0568575 0.0652033 0.0714807 0.0751372 0.0760247 0.0743152 0.0703975 0.0647935 0.0580735 0.0507698 0.0433215 0.0360614 0.0292304 0.0230004 0.0174921 0.0127851 0.00891973 0.00589352 0.0036565
 0.00854191 0.0137187 0.0203681 0.0283711 0.0374883 0.0472469 0.0568508 0.0652932 0.0716539 0.0753596 0.0762515 0.0745071 0.070535 0.0648814 0.0581316 0.0508184 0.0433701 0.0361057 0.0292571 0.0229942 0.0174438 0.0126961 0.00880293 0.0057689 0.00354367
 0.00863895 0.0138551 0.0205349 0.0285487 0.0376554 0.0473923 0.0569806 0.0654275 0.0718123 0.0755456 0.0764443 0.0746671 0.0706201 0.0648652 0.0580141 0.0506246 0.0431372 0.0358682 0.0290361 0.0227961 0.0172656 0.0125335 0.0086555 0.00564073 0.00344023
 0.00872875 0.0139899 0.0207159 0.028767 0.0378912 0.0476168 0.0571607 0.0655344 0.0718341 0.0754951 0.0763559 0.0745802 0.0705591 0.0648288 0.0579816 0.0505716 0.043051 0.0357518 0.0289026 0.0226598 0.0171361 0.0124153 0.00855087 0.00555186 0.00336948
 0.00875594 0.0140232 0.020746 0.0287785 0.0378671 0.0475445 0.0570377 0.0653694 0.0716444 0.0753031 0.0761873 0.0744622 0.0705158 0.0648732 0.0581077 0.0507533 0.0432508 0.0359342 0.0290448 0.0227546 0.0171874 0.0124328 0.00854539 0.00553363 0.00334704
 0.00893957 0.0142928 0.021097 0.0291862 0.0382906 0.0479361 0.057351 0.0655663 0.0717001 0.075212 0.0759657 0.0741454 0.0701509 0.0645092 0.0577855 0.0504982 0.0430685 0.0358135 0.0289653 0.0226962 0.0171369 0.0123848 0.00850009 0.00549361 0.00331467
 0.0089123 0.0142723 0.0211092 0.0292662 0.0384695 0.0482215 0.0577134 0.0659419 0.072012 0.0753984 0.0759988 0.0740351 0.0699339 0.0642342 0.0575003 0.0502409 0.0428626 0.0356661 0.02887 0.0226383 0.0171004 0.0123577 0.00847649 0.00547216 0.00329634
 0.0088613 0.0141806 0.0209571 0.0290364 0.038158 0.0478518 0.0573421 0.0656465 0.0718613 0.075421 0.0761708 0.0742945 0.0702118 0.0644816 0.0576981 0.0503944 0.0429877 0.0357779 0.028976 0.0227378 0.0171878 0.0124271 0.00852519 0.0055018 0.00331153
 0.00881092 0.0141115 0.0208756 0.0289531 0.0380814 0.0477802 0.0572622 0.065542 0.0717296 0.0752834 0.076068 0.074265 0.0702696 0.0646086 0.0578565 0.0505471 0.0431138 0.0358746 0.0290508 0.0227992 0.0172401 0.0124705 0.0085582 0.00552397 0.00332431
 0.00874944 0.0140296 0.0207861 0.0288803 0.0380553 0.0478265 0.0573912 0.065742 0.0719662 0.0755084 0.0762346 0.0743454 0.0702645 0.0645421 0.05776 0.0504445 0.0430161 0.0357844 0.0289694 0.0227296 0.0171854 0.0124316 0.00853297 0.00550876 0.00331549
 0.00866821 0.0138865 0.020552 0.0285264 0.0375661 0.047217 0.0567195 0.0651038 0.0714691 0.0752357 0.0762187 0.0745627 0.0706517 0.065023 0.0582679 0.050933 0.0434586 0.0361674 0.0292875 0.0229825 0.0173777 0.012571 0.0086292 0.00557142 0.00335356
 0.00843468 0.0135387 0.0200867 0.0279579 0.0369181 0.0465121 0.0559762 0.0643465 0.070744 0.074619 0.0758046 0.0744344 0.0708476 0.065519 0.058986 0.0517687 0.0443113 0.0369612 0.029976 0.0235457 0.017814 0.0128912 0.00885074 0.00571522 0.00344046
 0.00833075 0.0133866 0.0198898 0.0277319 0.0366881 0.0463061 0.0558164 0.0642409 0.0706806 0.0745679 0.075733 0.0743282 0.0707261 0.0654299 0.058981 0.0518761 0.0445238 0.0372424 0.0302792 0.0238302 0.0180542 0.0130768 0.00898326 0.00580277 0.00349389
 0.00819545 0.0131848 0.0196204 0.0274074 0.0363334 0.0459545 0.0555055 0.0640076 0.070553 0.0745554 0.0758198 0.0744769 0.0708926 0.0655831 0.0591152 0.0520089 0.0446802 0.0374363 0.0305044 0.0240649 0.0182723 0.0132586 0.0091203 0.00589665 0.00355251
 0.00810608 0.0130166 0.0193267 0.0269353 0.0356419 0.0450416 0.0544298 0.0628889 0.069545 0.0738035 0.0754226 0.0744658 0.071233 0.0661912 0.059886 0.0528442 0.0455071 0.038211 0.0312033 0.0246735 0.0187797 0.0136584 0.00941442 0.00609678 0.00367758
 0.00874616 0.01391 0.0203969 0.0280133 0.0365071 0.0454908 0.0543411 0.0622508 0.068452 0.0724287 0.0739802 0.0731661 0.0702368 0.0655793 0.0596534 0.0529213 0.0457941 0.0386098 0.031637 0.0250901 0.0191477 0.0139608 0.00964514 0.0062591 0.0037821
 0.00924562 0.0147151 0.0215862 0.0296303 0.0385209 0.0477526 0.0565636 0.0640506 0.0694613 0.0724305 0.0729899 0.0714159 0.0680816 0.0633791 0.0576856 0.0513411 0.0446409 0.037841 0.0311693 0.0248342 0.0190275 0.0139197 0.00964426 0.00627405 0.00379925
 0.00905555 0.0145177 0.0214971 0.0298292 0.0392083 0.0490731 0.0585288 0.0664963 0.0720593 0.0747536 0.0746178 0.0720546 0.0676532 0.0620405 0.0557624 0.049211 0.042623 0.0361345 0.0298494 0.0238852 0.0183862 0.0135099 0.00939655 0.00613291 0.00372396
 0.00894847 0.0143247 0.0211798 0.0293629 0.0386155 0.0484619 0.058105 0.0665185 0.0727347 0.0761226 0.0764933 0.0740626 0.0693584 0.0630979 0.0560251 0.0487525 0.0416756 0.034984 0.0287387 0.0229627 0.0177035 0.0130508 0.00911266 0.0059705 0.00363785
 0.00893375 0.0142915 0.0211108 0.0292311 0.0383863 0.0481025 0.057605 0.0659192 0.0721519 0.0757395 0.0765049 0.0745836 0.0703441 0.0643336 0.0572033 0.0495982 0.0420498 0.034913 0.0283671 0.0224703 0.0172346 0.0126832 0.0088637 0.00582143 0.00355793
 0.00884367 0.0141501 0.0209068 0.0289566 0.0380361 0.0476746 0.0571023 0.0653538 0.0715531 0.0751636 0.0760436 0.0743556 0.0704607 0.0648433 0.0580461 0.0506071 0.0430096 0.0356465 0.0287977 0.0226281 0.0172139 0.0125858 0.00876127 0.00574619 0.00351391
 0.00886315 0.0141662 0.0209026 0.0289064 0.0379125 0.0474584 0.0567911 0.0649633 0.0711118 0.0747062 0.0756085 0.0739898 0.0702237 0.0647997 0.0582417 0.0510376 0.0436033 0.0362816 0.0293492 0.0230167 0.0174275 0.0126645 0.00876386 0.00572149 0.00348911
 0.00877538 0.0140443 0.0207564 0.0287551 0.0377755 0.0473422 0.0566825 0.0648339 0.070934 0.0744697 0.0753288 0.073704 0.06998 0.0646475 0.0582238 0.0511799 0.0439019 0.0366942 0.0298018 0.023429 0.0177425 0.0128654 0.0088685 0.0057637 0.00350017
 0.00874744 0.0139921 0.0206665 0.0286145 0.0375784 0.0470988 0.0564222 0.0645976 0.070756 0.0743606 0.0752718 0.0736687 0.0699437 0.0646102 0.0582084 0.0512204 0.044026 0.0369077 0.0300826 0.0237327 0.0180197 0.0130808 0.00901119 0.00584383 0.00353794
 0.00879415 0.0140629 0.0207627 0.0287316 0.0377046 0.0472151 0.0565048 0.0646246 0.0707161 0.0742597 0.0751299 0.0735091 0.0697815 0.0644507 0.0580549 0.0510835 0.0439257 0.036865 0.0301068 0.023814 0.0181321 0.0131938 0.00910201 0.00590391 0.00357077
 0.00882838 0.0141138 0.0208304 0.0288131 0.0377942 0.0473054 0.056587 0.0646878 0.0707481 0.0742494 0.0750718 0.0734071 0.0696494 0.0643069 0.057916 0.0509616 0.0438299 0.0368036 0.0300863 0.0238348 0.0181851 0.0132622 0.009168 0.00595551 0.00360433
 0.00883009 0.0141234 0.0208572 0.028869 0.0378898 0.047444 0.0567596 0.0648735 0.0709191 0.0743785 0.0751394 0.0734039 0.069577 0.0641769 0.0577478 0.0507783 0.0436534 0.036652 0.0299717 0.0237624 0.0181524 0.01326 0.00918317 0.00597575 0.00362163
 0.00888278 0.0142026 0.0209648 0.0290037 0.0380491 0.0476264 0.0569643 0.0650973 0.0711507 0.0745958 0.0753118 0.0735003 0.069576 0.0640742 0.0575569 0.0505262 0.0433737 0.0363772 0.0297281 0.0235665 0.0180104 0.013168 0.00913107 0.00595054 0.00361162
 0.00884361 0.0141409 0.0208757 0.0288844 0.0379 0.0474527 0.0567786 0.0649207 0.0710113 0.0745227 0.0753257 0.0736048 0.0697536 0.0642901 0.0577708 0.0507052 0.0435008 0.0364527 0.0297644 0.0235805 0.0180166 0.0131753 0.00914185 0.00596331 0.00362359
 0.00863611 0.013852 0.0205301 0.0285345 0.0376096 0.0472725 0.0567266 0.0649794 0.0711423 0.0746865 0.0754962 0.0737729 0.0699215 0.0644613 0.0579422 0.0508658 0.0436362 0.0365522 0.0298261 0.0236113 0.0180281 0.0131784 0.00914369 0.00596654 0.00362792
 0.00848237 0.0136035 0.020162 0.0280327 0.0369839 0.0465696 0.0560355 0.0644159 0.0708111 0.0746407 0.075718 0.0741889 0.0704385 0.0650007 0.0584546 0.0513269 0.0440357 0.0368852 0.0300909 0.0238108 0.0181704 0.0132751 0.00920712 0.00600702 0.00365302
 0.00850117 0.0135999 0.020093 0.0278369 0.0365967 0.0459498 0.0551919 0.063421 0.069794 0.0737594 0.0751192 0.0739662 0.0706065 0.0654961 0.0591647 0.0521298 0.0448309 0.0376065 0.0307034 0.0243026 0.0185447 0.0135451 0.00939113 0.00612521 0.00372427
 0.00880868 0.0140895 0.0208065 0.0287948 0.0377805 0.0472818 0.056524 0.0645519 0.0705212 0.0739479 0.07475 0.07314 0.0695024 0.0643094 0.0580524 0.0511817 0.044073 0.0370226 0.0302606 0.0239688 0.0182954 0.0133628 0.0092629 0.00603989 0.00367141
 0.00916511 0.0146651 0.0216649 0.0299906 0.0393448 0.0491996 0.0587071 0.0668236 0.0726289 0.075606 0.075705 0.0732378 0.0687353 0.0628206 0.0560921 0.0490337 0.0419825 0.0351551 0.028697 0.0227251 0.0173492 0.0126744 0.00878628 0.00572867 0.00348163
 0.00893786 0.014338 0.0212537 0.029544 0.0389408 0.0489338 0.0586773 0.0671113 0.0732739 0.0765797 0.076895 0.0744598 0.0697763 0.0635015 0.0563226 0.0488344 0.0414651 0.0344727 0.0279917 0.0220946 0.0168409 0.012296 0.00852344 0.00555768 0.00337784
 0.00928104 0.0148318 0.0218796 0.0302471 0.0396506 0.0495943 0.0592692 0.0676511 0.0737934 0.0770994 0.077405 0.0749138 0.0700994 0.063607 0.0561382 0.04833 0.0406723 0.0334824 0.0269298 0.0210851 0.0159746 0.0116175 0.00803492 0.00523325 0.00317912
 0.00945656 0.0150759 0.0221687 0.0305287 0.0398519 0.0496417 0.0591122 0.0672841 0.0732711 0.0765359 0.0769487 0.0746991 0.0701933 0.0639808 0.0566778 0.0488809 0.0410953 0.0336971 0.0269291 0.0209213 0.015727 0.01136 0.00781594 0.00507245 0.0030746
 0.00995814 0.0158191 0.0231507 0.031694 0.0411001 0.0508451 0.0601332 0.0679913 0.0735618 0.0763656 0.0763545 0.0738006 0.0691635 0.0629941 0.0558569 0.0482668 0.0406524 0.0333493 0.0266045 0.0205834 0.0153801 0.0110331 0.00754022 0.00486541 0.00293597
 0.00975258 0.0155992 0.0230273 0.031831 0.0416587 0.0519009 0.0616121 0.0696694 0.0751357 0.0775536 0.0769779 0.0738156 0.068648 0.0621086 0.0547951 0.047204 0.0397076 0.0325702 0.0259814 0.0200801 0.0149636 0.0106876 0.007264 0.00465969 0.0027963
#obs surv len freq
 nan nan nan nan nan nan nan nan nan nan nan nan nan nan nan nan nan nan nan nan nan nan nan nan nan
 0.00448273 0.00734318 0.0111723 0.0159881 0.0216886 0.0279643 0.0342787 0.0400106 0.0446908 0.0481553 0.0505139 0.0520105 0.0529034 0.0534164 0.0537312 0.0539865 0.0542653 0.0545582 0.0546971 0.054289 0.052727 0.049359 0.0438085 0.0362881 0.0276713
 0.00461663 0.00756196 0.0115033 0.0164563 0.0223109 0.0287397 0.0351793 0.0409786 0.0456467 0.0490132 0.0511977 0.0524651 0.0531008 0.0533553 0.0534334 0.053489 0.0536113 0.0537903 0.0538542 0.053408 0.0518465 0.048522 0.0430596 0.0356651 0.0271952
 0.00477249 0.00781892 0.0118966 0.0170211 0.0230748 0.0297117 0.0363378 0.042266 0.0469758 0.0502816 0.0523036 0.0533197 0.0536369 0.0535343 0.0532475 0.0529601 0.0527843 0.052724 0.0526145 0.0520649 0.0504748 0.0472017 0.0418701 0.0346721 0.0264348
 0.00496886 0.00813801 0.0123768 0.0176985 0.0239771 0.0308484 0.0376884 0.0437749 0.0485573 0.0518327 0.0537174 0.0544955 0.0544867 0.0539892 0.0532646 0.0525268 0.0519204 0.0514797 0.0510654 0.0503085 0.0486264 0.0453886 0.0402181 0.0332837 0.0253678
 0.00517669 0.00848046 0.0129006 0.0184497 0.0249921 0.0321389 0.0392275 0.0454928 0.0503523 0.0535911 0.0553309 0.055868 0.0555349 0.0546412 0.0534615 0.0522285 0.0511131 0.0501839 0.049342 0.0482609 0.0463983 0.0431514 0.0381476 0.0315265 0.0240091
 0.00540722 0.00885424 0.0134617 0.0192395 0.0260428 0.0334629 0.0408048 0.0472643 0.0522252 0.0554539 0.0570696 0.0573779 0.0567257 0.0554381 0.053803 0.0520656 0.0504129 0.0489396 0.0475881 0.0460868 0.0439537 0.0406356 0.035777 0.0294892 0.0224205
 0.00563788 0.00923648 0.0140501 0.0200887 0.0271959 0.0349331 0.0425586 0.0492178 0.0542593 0.05744 0.0588909 0.0589379 0.0579468 0.056256 0.0541632 0.0519208 0.0497253 0.0476893 0.0457897 0.0438112 0.0413436 0.0379007 0.0331612 0.0272144 0.0206311
 0.00590398 0.0096689 0.0147009 0.0210072 0.0284201 0.0364764 0.0443937 0.0512691 0.0564102 0.0595526 0.0608284 0.0605824 0.0592075 0.0570699 0.0544881 0.0517261 0.0489856 0.0463879 0.0439347 0.0414605 0.0386284 0.0350288 0.0303871 0.0247801 0.0187014
 0.0061298 0.0100429 0.0152767 0.0218387 0.0295511 0.0379237 0.0461304 0.0532194 0.0584619 0.0615793 0.0627088 0.0622094 0.0604912 0.0579378 0.0548854 0.0516134 0.0483358 0.0451864 0.0421889 0.0392218 0.0360158 0.0322378 0.0276655 0.022371 0.016777
 0.00637024 0.0104349 0.0158688 0.0226777 0.0306737 0.0393429 0.0478215 0.0551131 0.0604519 0.0635412 0.06452 0.0637629 0.0617016 0.0587413 0.0552359 0.0514777 0.0476895 0.0440157 0.040501 0.0370641 0.0334984 0.0295434 0.025029 0.0200272 0.0148962
 0.00662375 0.0108498 0.016498 0.0235711 0.0318677 0.0408437 0.0495894 0.0570585 0.0624505 0.0654593 0.0662377 0.0651852 0.062759 0.0593865 0.0554384 0.0512183 0.0469561 0.0428031 0.0388199 0.0349594 0.0310713 0.0269613 0.0225087 0.017787 0.0130964
 0.00685477 0.01123 0.0170786 0.0244025 0.0329889 0.0422663 0.0512803 0.0589347 0.0643898 0.0673244 0.0679003 0.0665415 0.0637366 0.0599426 0.0555539 0.0508892 0.0461854 0.0415986 0.0372005 0.032971 0.0288068 0.0245707 0.0201854 0.0157261 0.0114414
 0.00708078 0.0115996 0.0176389 0.0251985 0.0340547 0.0436107 0.0528724 0.060698 0.0662121 0.0690782 0.0694634 0.0678115 0.0646377 0.0604282 0.0556047 0.0505068 0.0453845 0.0404014 0.0356384 0.0310962 0.026708 0.0223821 0.0180762 0.0138652 0.00995179
 0.00727199 0.0119167 0.0181275 0.0259044 0.0350138 0.0448339 0.05433 0.0623155 0.0678814 0.0706796 0.0708853 0.0689625 0.0654505 0.0608596 0.055634 0.0501331 0.0446222 0.039277 0.0341903 0.0293816 0.024813 0.0204282 0.0162099 0.0122295 0.00864844
 0.00746349 0.0122288 0.0185986 0.0265708 0.0359026 0.0459518 0.0556512 0.0637765 0.0693883 0.0721241 0.072163 0.0699857 0.0661552 0.0612077 0.0556109 0.0497428 0.0438827 0.0382169 0.0328504 0.0278196 0.0231111 0.0186954 0.0145727 0.0108071 0.00752276
 0.00751843 0.0123259 0.01876 0.0268233 0.0362745 0.0464657 0.0563161 0.064583 0.0703074 0.0731102 0.0731569 0.0709185 0.0669543 0.0618048 0.0559502 0.0497872 0.0436163 0.0376449 0.0319988 0.0267369 0.0218709 0.0173949 0.0133222 0.0097096 0.00664897
 0.00760728 0.0124573 0.0189342 0.0270346 0.0365157 0.046735 0.0566216 0.0649401 0.070732 0.0736094 0.0737223 0.0715231 0.0675546 0.062345 0.0563696 0.0500285 0.0436342 0.0374135 0.0315173 0.026033 0.0210014 0.0164422 0.0123819 0.00887119 0.00597513
 0.00768169 0.0125738 0.0191003 0.0272525 0.0367799 0.0470306 0.0569248 0.0652244 0.070979 0.0738188 0.0739131 0.0717241 0.0677866 0.0626072 0.0566348 0.0502489 0.0437533 0.0373808 0.031301 0.0256301 0.0204419 0.0157856 0.0117058 0.00825202 0.00546896
 0.00771429 0.0126248 0.0191736 0.0273502 0.0369027 0.0471767 0.0570891 0.0653975 0.0711482 0.0739719 0.0740436 0.0718357 0.0678931 0.0627258 0.0567745 0.0504003 0.0438861 0.0374508 0.0312646 0.0254602 0.0201399 0.0153842 0.0112603 0.00782393 0.00510778
 0.00778635 0.0127313 0.0193141 0.0275175 0.0370846 0.04736 0.0572622 0.0655516 0.0712768 0.0740707 0.0741106 0.0718718 0.0679036 0.0627202 0.0567653 0.0503966 0.043887 0.0374404 0.0312158 0.0253455 0.0199454 0.0151189 0.0109553 0.00752171 0.00484644
 0.00782921 0.0128008 0.0194178 0.0276606 0.037267 0.0475729 0.0574862 0.0657596 0.0714418 0.0741753 0.0741521 0.0718601 0.0678549 0.062651 0.0566889 0.0503225 0.0438193 0.0373759 0.0311427 0.025247 0.0198078 0.0149402 0.0107495 0.00731398 0.004663
 0.00786205 0.0128512 0.0194882 0.0277517 0.0373782 0.0477029 0.0576321 0.0659148 0.0715953 0.0743111 0.0742534 0.0719143 0.0678581 0.0626095 0.0566159 0.0502331 0.0437258 0.0372844 0.031052 0.0251499 0.0196958 0.0148095 0.0106055 0.00717007 0.00453517
 0.00787379 0.0128666 0.0195045 0.0277645 0.0373829 0.0476972 0.0576183 0.0659004 0.0715905 0.0743257 0.0742921 0.0719745 0.06793 0.0626797 0.0566728 0.0502706 0.0437435 0.0372852 0.0310383 0.0251213 0.0196501 0.0147459 0.0105276 0.00708667 0.00445731
 0.00789025 0.01289 0.0195335 0.0277951 0.0374093 0.0477131 0.0576183 0.0658821 0.071556 0.0742823 0.0742515 0.0719492 0.0679286 0.0627035 0.0567152 0.0503203 0.0437894 0.0373192 0.0310564 0.0251221 0.0196336 0.0147135 0.0104829 0.00703609 0.00440844
 0.00789129 0.0128886 0.0195256 0.0277751 0.0373718 0.0476546 0.05754 0.06579 0.0714597 0.0741931 0.0741805 0.0719062 0.0679207 0.0627338 0.0567811 0.0504133 0.0438963 0.0374255 0.0311494 0.0251936 0.0196798 0.014735 0.0104837 0.00702279 0.00438851
 0.00787538 0.0128604 0.019479 0.0277032 0.0372684 0.0475179 0.0573746 0.0656082 0.0712796 0.0740351 0.0740628 0.071842 0.0679165 0.0627891 0.0568892 0.0505622 0.0440704 0.0376074 0.0313222 0.0253433 0.0197974 0.0148177 0.0105342 0.00704763 0.00439628
 0.00791147 0.0129111 0.0195402 0.0277655 0.0373187 0.0475426 0.0573628 0.0655543 0.0711844 0.0739064 0.0739151 0.0716942 0.0677887 0.0626977 0.0568444 0.0505663 0.0441181 0.0376871 0.031419 0.0254416 0.0198844 0.0148851 0.0105796 0.00707342 0.00440765
 0.00791677 0.012924 0.0195671 0.0278135 0.0373922 0.0476382 0.0574668 0.065644 0.0712355 0.0739017 0.0738511 0.0715813 0.0676472 0.0625519 0.0567166 0.0504729 0.044067 0.0376777 0.0314431 0.0254866 0.0199366 0.0149332 0.0106167 0.00709758 0.00442064
 0.00787258 0.012854 0.0194659 0.027679 0.0372283 0.0474572 0.0572896 0.0654964 0.0711398 0.0738674 0.0738716 0.0716385 0.0677209 0.0626282 0.0567915 0.0505499 0.0441523 0.0377753 0.0315519 0.0256003 0.0200457 0.0150283 0.0106914 0.00715024 0.00445371
 0.00784068 0.0127966 0.0193696 0.0275291 0.0370131 0.0471759 0.0569582 0.0651491 0.0708221 0.0736246 0.0737365 0.071623 0.0678149 0.0628052 0.0570184 0.0507972 0.0443998 0.0380121 0.0317728 0.0258014 0.0202221 0.015175 0.0108051 0.00723126 0.00450622
 0.00784994 0.0128067 0.0193752 0.0275208 0.0369783 0.0471007 0.0568317 0.0649669 0.0705915 0.0733671 0.0734858 0.0714179 0.0676882 0.062774 0.0570798 0.0509319 0.0445806 0.0382127 0.0319731 0.025988 0.0203868 0.0153125 0.0109127 0.00730923 0.00455789
 0.00780743 0.012743 0.0192891 0.0274143 0.0368553 0.046965 0.0566853 0.0648108 0.0704268 0.0731973 0.0733194 0.0712701 0.0675796 0.062726 0.0571076 0.0510383 0.0447541 0.0384309 0.0322094 0.0262184 0.0205935 0.0154849 0.0110465 0.00740549 0.00462158
 0.00778688 0.0127035 0.0192189 0.0273002 0.0366873 0.0467433 0.056425 0.0645399 0.0701778 0.072996 0.0731781 0.0711886 0.067552 0.0627479 0.0571791 0.0511617 0.0449286 0.038648 0.0324523 0.0264654 0.0208233 0.0156814 0.0112013 0.00751754 0.00469595
 0.00774209 0.0126348 0.0191228 0.027175 0.0365325 0.0465581 0.0562098 0.0642996 0.0699253 0.0727535 0.0729734 0.0710473 0.0674897 0.0627665 0.0572702 0.0513125 0.0451261 0.0388801 0.0327053 0.0267225 0.0210661 0.0158932 0.0113713 0.00764256 0.00477982
 0.0093253 0.0148466 0.0217832 0.0298942 0.038825 0.0480246 0.0566798 0.0638558 0.0688165 0.0712691 0.0713534 0.0694534 0.0660165 0.0614642 0.0561605 0.0503983 0.0443982 0.0383218 0.0322961 0.0264395 0.0208844 0.015787 0.0113163 0.00761845 0.00477181
 0.00932307 0.0151341 0.0227284 0.0319514 0.0423352 0.0529477 0.062425 0.0693791 0.0729923 0.073335 0.0711628 0.0674126 0.0628081 0.0577568 0.0524447 0.0469618 0.0413758 0.0357579 0.0301887 0.0247634 0.0196007 0.0148471 0.0106636 0.00719231 0.00451247
 0.00897275 0.0145854 0.0219631 0.0310226 0.0414205 0.0523822 0.0626607 0.0708228 0.0757607 0.0770747 0.0750952 0.0706305 0.0646539 0.0580498 0.0514486 0.0451692 0.0392768 0.0337077 0.028385 0.0232849 0.0184552 0.0140055 0.0100793 0.00681153 0.00428135
 0.00880891 0.014308 0.0215259 0.0303793 0.0405426 0.0512924 0.0614737 0.0697729 0.0751811 0.077304 0.0763243 0.0727593 0.0672613 0.0605317 0.0532621 0.0460403 0.0392538 0.0330597 0.0274407 0.02231 0.0176075 0.0133475 0.00961206 0.00650513 0.00409571
 0.00870416 0.0141368 0.0212657 0.0300065 0.0400346 0.0506337 0.0606676 0.0688575 0.0742478 0.076509 0.0758764 0.0728665 0.068038 0.0619094 0.0549709 0.0476953 0.0405109 0.0337463 0.0275878 0.0220859 0.0172137 0.0129409 0.0092781 0.00626905 0.00394744
 0.0086944 0.0141115 0.0212098 0.0298993 0.0398534 0.0503596 0.0602916 0.0683833 0.0736937 0.0759117 0.075301 0.0724137 0.0678348 0.0620699 0.055535 0.0485825 0.0415281 0.0346605 0.0282235 0.022387 0.0172377 0.0128031 0.00908906 0.00609982 0.003826
 0.00870303 0.014124 0.0212253 0.029914 0.0398588 0.050342 0.0602314 0.068259 0.0734876 0.0756185 0.074934 0.0720101 0.0674574 0.0618014 0.0554592 0.0487502 0.0419234 0.0351921 0.0287563 0.0227996 0.017471 0.0128702 0.00904862 0.00601694 0.0037459
 0.00868649 0.0141031 0.0212048 0.0299015 0.0398623 0.0503651 0.0602697 0.0682984 0.0735065 0.0755927 0.0748438 0.071848 0.0672349 0.0615535 0.0552409 0.0486231 0.0419328 0.0353432 0.029006 0.0230728 0.0176949 0.0130046 0.00909536 0.00600529 0.00371033
 0.00866552 0.014068 0.0211506 0.0298244 0.0397623 0.0502489 0.0601522 0.0681994 0.0734434 0.0755719 0.0748562 0.0718719 0.0672459 0.0615362 0.0551981 0.0485777 0.0419193 0.0353913 0.0291231 0.0232378 0.0178673 0.0131454 0.00918382 0.00604381 0.00371559
 0.00866109 0.0140605 0.0211385 0.0298057 0.0397345 0.0502092 0.0600988 0.0681336 0.0733712 0.0755035 0.0748033 0.071842 0.0672381 0.0615409 0.055203 0.0485766 0.0419174 0.0354033 0.0291638 0.0233109 0.0179613 0.0132391 0.00925791 0.0060896 0.00373606
 0.00864258 0.0140331 0.0211024 0.0297627 0.0396874 0.0501609 0.0600514 0.068088 0.0733276 0.0754628 0.0747675 0.0718151 0.0672247 0.0615435 0.0552203 0.0486037 0.0419495 0.0354394 0.0292072 0.0233655 0.018026 0.0133063 0.00931716 0.00613308 0.00376204
 0.0086431 0.0140312 0.0210945 0.0297442 0.0396545 0.0501128 0.0599917 0.0680247 0.0732697 0.075417 0.0747365 0.0717978 0.0672187 0.0615471 0.055233 0.0486251 0.0419786 0.0354747 0.0292476 0.0234106 0.0180748 0.0133556 0.00936195 0.00616856 0.00378604
 0.00862725 0.0140079 0.0210638 0.0297075 0.0396132 0.0500677 0.0599426 0.0679712 0.0732133 0.0753623 0.0746905 0.0717678 0.0672088 0.0615577 0.0552609 0.0486655 0.0420271 0.0355277 0.0293027 0.0234657 0.0181281 0.0134048 0.00940443 0.006202 0.00380951
 0.00862073 0.0139973 0.0210481 0.0296858 0.0395857 0.0500357 0.0599087 0.0679384 0.0731842 0.0753375 0.0746692 0.0717492 0.067194 0.0615493 0.0552619 0.0486776 0.0420498 0.0355589 0.0293394 0.0235052 0.0181677 0.0134421 0.00943703 0.00622812 0.00382839
 0.00859923 0.0139666 0.0210097 0.0296438 0.0395451 0.050001 0.059882 0.0679198 0.0731722 0.075331 0.0746672 0.071751 0.0671987 0.0615565 0.0552717 0.0486913 0.0420685 0.0355833 0.0293689 0.0235379 0.0182012 0.0134738 0.00946479 0.00625039 0.00384461
 0.00859923 0.0139666 0.0210097 0.0296438 0.0395451 0.050001 0.059882 0.0679198 0.0731722 0.075331 0.0746672 0.071751 0.0671987 0.0615565 0.0552717 0.0486913 0.0420685 0.0355833 0.0293689 0.0235379 0.0182012 0.0134738 0.00946479 0.00625039 0.00384461
 0.0085707 0.0139144 0.0209209 0.0295049 0.0393473 0.0497477 0.0595945 0.067635 0.0729329 0.0751715 0.0746045 0.0717828 0.0673087 0.0617213 0.0554678 0.0488984 0.0422715 0.0357722 0.0295378 0.0236837 0.0183224 0.0135704 0.00953773 0.00630217 0.00387876
 0.00888789 0.0144142 0.0216405 0.0304601 0.0405202 0.0510728 0.0609512 0.0688596 0.0738563 0.0756686 0.0746287 0.0713697 0.0665528 0.0607431 0.054385 0.0478092 0.0412482 0.0348611 0.0287636 0.0230546 0.0178345 0.0132108 0.00928768 0.00613932 0.00378025
 0.00917627 0.0149059 0.0224202 0.0316122 0.0421006 0.0530661 0.0632355 0.0712047 0.0759686 0.0772646 0.0755047 0.0714416 0.06586 0.0594253 0.0526416 0.0458542 0.0392727 0.0330115 0.0271354 0.0216972 0.0167607 0.0124064 0.00871986 0.00576417 0.00355002
 0.00894059 0.014559 0.0219694 0.0310996 0.0416051 0.0527 0.0631291 0.0714766 0.0766799 0.0783773 0.0768688 0.0728288 0.0670321 0.0602028 0.052947 0.045715 0.0387931 0.0323298 0.0263856 0.0209836 0.0161486 0.0119248 0.00836988 0.00552906 0.00340442
 0.00916206 0.014872 0.0223541 0.0315093 0.0419824 0.0530019 0.0633481 0.0716462 0.0768623 0.0786377 0.0772459 0.0733099 0.0675443 0.0606305 0.0531692 0.0456498 0.0384265 0.0317178 0.0256298 0.0201975 0.0154272 0.011328 0.00792005 0.00521894 0.00320881
 0.00898401 0.014612 0.0220164 0.0311139 0.0415567 0.052568 0.0629192 0.0712347 0.0764973 0.0783767 0.0771683 0.0734887 0.0680092 0.0613409 0.0540157 0.0464847 0.0391116 0.0321662 0.0258252 0.0201847 0.0152838 0.0111331 0.00773247 0.00506999 0.00310641
 0.00921149 0.0149385 0.022428 0.0315711 0.0420064 0.0529618 0.0632253 0.0714366 0.0765842 0.0783382 0.0770014 0.073214 0.0676791 0.0610279 0.0537818 0.0463519 0.0390518 0.0321198 0.0257349 0.020023 0.0150616 0.0108868 0.00750283 0.00488529 0.00297626
 0.00919843 0.0149452 0.0224872 0.0317246 0.0422862 0.0533665 0.0637045 0.071901 0.0769387 0.0785196 0.0769976 0.0730567 0.0674217 0.0607272 0.0534889 0.0461053 0.0388702 0.0319961 0.0256411 0.0199268 0.0149436 0.0107487 0.00736158 0.00476097 0.00288161
#pred catch len freq
 0.00340883 0.00547022 0.00813444 0.0114095 0.0153226 0.0198869 0.0250379 0.0306017 0.0363236 0.0419196 0.0471225 0.0517189 0.0555775 0.0586503 0.0609401 0.0624596 0.063203 0.0631325 0.0621589 0.0601075 0.0567053 0.0516578 0.0448487 0.0365747 0.0276275
 0.0036758 0.00584402 0.00858964 0.0118955 0.0157915 0.0203294 0.0254989 0.0311555 0.0370134 0.0426987 0.0478392 0.0521623 0.0555634 0.0581042 0.0599388 0.0612131 0.0619849 0.0621843 0.0616047 0.0599187 0.0567323 0.0517144 0.0448019 0.0363904 0.0273553
 0.00379139 0.00605887 0.00895849 0.0124748 0.0166132 0.0213703 0.0266663 0.0323129 0.0380388 0.0435361 0.0484973 0.0526588 0.0558621 0.0581034 0.0595287 0.0603615 0.0607879 0.0608434 0.060343 0.0588868 0.0559611 0.0511369 0.0443215 0.0359455 0.0269409
 0.0039514 0.00630551 0.00930938 0.01295 0.0172461 0.0222136 0.0277795 0.0337246 0.0397003 0.0452996 0.0501469 0.0539827 0.0567184 0.0584353 0.059333 0.0596568 0.0596198 0.0593122 0.0586124 0.057146 0.0543642 0.0497635 0.0431839 0.0350253 0.0262197
 0.00415903 0.00663193 0.00978006 0.013582 0.0180475 0.0231845 0.0289144 0.0350166 0.0411434 0.0468782 0.0518086 0.0556109 0.0581329 0.0594329 0.0597482 0.0594057 0.0587094 0.0578298 0.0567088 0.0550161 0.0522133 0.0477684 0.0414643 0.0336389 0.0251742
 0.0043879 0.0069949 0.0103104 0.0143074 0.0189886 0.0243506 0.0302956 0.0365765 0.0428192 0.0485906 0.053475 0.0571522 0.0594662 0.0604571 0.0603387 0.0594339 0.0580827 0.0565315 0.0548189 0.0527041 0.0497079 0.0453111 0.0392619 0.0318283 0.0238087
 0.00468053 0.0074538 0.0109712 0.015196 0.0201221 0.0257367 0.0319256 0.0384155 0.0447983 0.0506078 0.0554059 0.058868 0.0608529 0.0614249 0.0608173 0.0593595 0.0573952 0.0551932 0.0528507 0.0502164 0.0469042 0.0424561 0.0366222 0.0296099 0.0221161
 0.00499818 0.00795649 0.0117034 0.0161935 0.0214102 0.0273253 0.0338003 0.0405273 0.0470604 0.0529006 0.0575878 0.0607908 0.0623785 0.062442 0.0612491 0.0591608 0.0565422 0.0536811 0.0507077 0.0475334 0.0438588 0.0393054 0.033655 0.0270744 0.0201572
 0.00528549 0.00841219 0.0123699 0.0171073 0.0226021 0.0288164 0.0355926 0.0425903 0.0493224 0.0552476 0.0598729 0.0628506 0.0640557 0.0636044 0.0618016 0.0590466 0.0557383 0.0521934 0.0485769 0.0448534 0.0407983 0.0361095 0.0306102 0.0244411 0.0181006
 0.00554582 0.00882478 0.0129726 0.0179328 0.0236776 0.0301616 0.0372117 0.0444621 0.0513924 0.0574256 0.0620368 0.0648558 0.0657506 0.0648484 0.0624806 0.0590824 0.0550904 0.0508589 0.0465948 0.0423173 0.0378719 0.0330279 0.02765 0.0218593 0.0160678
 0.00580881 0.00924068 0.013578 0.0187575 0.0247436 0.0314805 0.0387771 0.0462421 0.0533252 0.0594228 0.0639896 0.0666448 0.0672549 0.0659555 0.0630938 0.0591262 0.0545154 0.0496478 0.044772 0.0399634 0.0351373 0.0301325 0.0248544 0.0194083 0.0141276
 0.00611785 0.00972447 0.0142727 0.0196876 0.0259226 0.0329096 0.040439 0.0480918 0.055286 0.0613894 0.0658402 0.0682565 0.0685193 0.0667884 0.0634373 0.0589436 0.053786 0.0483673 0.0429633 0.0376943 0.0325383 0.0273992 0.0222227 0.0171022 0.0123002
 0.00640266 0.0101804 0.0149461 0.0206185 0.027139 0.0344181 0.0422123 0.0500605 0.0573421 0.0634002 0.0676665 0.0697702 0.0696173 0.0674024 0.0635347 0.0585212 0.0528592 0.0469631 0.0411223 0.0354856 0.0300769 0.0248532 0.0197947 0.0149856 0.0106272
 0.00666246 0.010595 0.0155574 0.0214647 0.0282531 0.035822 0.0439039 0.0519981 0.0594338 0.0655056 0.0696137 0.0713849 0.0707562 0.067977 0.063518 0.0579369 0.0517618 0.0454209 0.0392104 0.0332917 0.0277152 0.0224716 0.0175634 0.0130632 0.00911907
 0.00681227 0.0108401 0.0159306 0.0220012 0.0289883 0.0367859 0.0451112 0.053438 0.0610612 0.0672379 0.0713321 0.0729448 0.0720075 0.0687902 0.0638084 0.0576762 0.0509757 0.0441743 0.0375922 0.031407 0.0256853 0.020436 0.0156695 0.0114415 0.00785264
 0.00693359 0.0110362 0.0162245 0.0224162 0.0295471 0.0375071 0.0460037 0.0544942 0.0622528 0.0685139 0.0726204 0.0741561 0.0730421 0.0695486 0.0642043 0.0576509 0.0505083 0.0432865 0.0363452 0.029894 0.0240239 0.0187583 0.0141083 0.0101085 0.00681546
