SBPRF35
12.7214
Curr Bio
671372
B35
885752
F35
0.172516
FOFL
0.128237
OFL
71196.2
Bzero
3.63469e+06
#pred survey bio
 3.52935e+06 3.4188e+06 3.31943e+06 3.15896e+06 2.96945e+06 2.76223e+06 2.52002e+06 2.24473e+06 2.01779e+06 1.82556e+06 1.60754e+06 1.39578e+06 1.24316e+06 1.12083e+06 972765 873572 794240 725661 677081 643452 600350 576316 565927 555202 547678 536829 532853 527757 533700 538462 543241 550052 552318 548457 556523 569832 585551 601461 613156 612475 616812 624476 627601 635498 648064 653690 655927 657073 662088 676736 2.36286e+07 1.47356e+07 1.55795e+07 1.69324e+07 1.85789e+07 2.02851e+07 2.18859e+07 2.32906e+07 2.44669e+07 2.54199e+07 2.61739e+07 2.67609e+07 2.72126e+07 2.75579e+07 2.78207e+07 2.80206e+07 2.81726e+07 2.82884e+07 2.83771e+07 2.84451e+07 2.84976e+07 2.85383e+07 2.857e+07 2.85947e+07 2.86142e+07 2.86296e+07 2.86418e+07 2.86515e+07 2.86592e+07 2.86654e+07 2.86704e+07 2.86744e+07 2.86776e+07 2.86802e+07 2.86823e+07 2.8684e+07 2.86854e+07 2.86866e+07 2.86875e+07 2.86883e+07 2.86889e+07 2.86894e+07 2.86898e+07 2.86901e+07 2.86904e+07 2.86906e+07 2.86908e+07 2.8691e+07 2.86911e+07 2.86912e+07 2.86913e+07 2.86913e+07 2.86914e+07 2.86914e+07 2.86915e+07 2.86915e+07 2.86915e+07 2.86915e+07 2.86916e+07 2.86916e+07 2.86916e+07 2.86916e+07 2.86916e+07 2.86916e+07 2.86916e+07 2.86916e+07 2.86916e+07 2.86916e+07 2.86916e+07 2.86916e+07 2.86916e+07 2.86916e+07 2.86916e+07 2.86916e+07 2.86916e+07 2.86916e+07 2.86916e+07 2.86916e+07 2.86916e+07 2.86916e+07 2.86916e+07 2.86916e+07 2.86916e+07 2.86916e+07 2.86916e+07 2.86916e+07 2.86916e+07 2.86916e+07 2.86916e+07 2.86916e+07 2.86916e+07 2.86916e+07 2.86916e+07 2.86916e+07 2.86916e+07 2.86916e+07 2.86916e+07 2.86916e+07 2.86916e+07 2.86916e+07 0 0 0 0 0 0 0 0 0 0 0 0 0 0 0 0 0 0 0 0 0 0 0 0 0
#obs survey bio
 3.49412e+06 3.25714e+06 2.58682e+06 3.09694e+06 3.4726e+06 2.94234e+06 1.58059e+06 2.15615e+06 1.94873e+06 1.80443e+06 1.63587e+06 1.17000e+06 875475 1.02852e+06 1.0371e+06 958522 704854 666202 584989 718806 862800 465839 687427 507486 498381 637620 503774 421043 635250 461834 440394 503407 657584 570724 539069 387707 609824 800904 624873 602649 765080 721677 651899 522631 638189 797854 763121 556684 693874 688574
#pred catch bio
 95461.7 92249.8 158792 198063 229135 277363 323982 295647 278363 312460 313398 265102 241634 263634 217728 197550 184684 163804 147864 151641 130676 116053 114360 110394 112236 105656 106162 97127.4 99337 100561 99951.1 104154 108505 97816.4 94184.8 93677.4 94719.4 98576.2 108159 102788 99979.6 104501 101507 99008.8 105726 108681 109819 107223 100505 115243 71196.2 97393.5 101886 109765 120155 131058 141208 149979 157174 162857 167218 170492 172907 174666 175933 176837 177479 177932 178250 178473 178628 178736 178811 178863 178899 178924 178941 178953 178961 178967 178971 178974 178976 178977 178978 178978 178979 178979 178979 178979 178979 178979 178979 178980 178980 178980 178980 178980 178980 178980 178980 178980 178980 178980 178980 178980 178980 178980 178980 178980 178980 178980 178980 178980 178980 178980 178980 178980 178980 178980 178980 178980 178980 178980 178980 178980 178980 178980 178980 178980 178980 178980 178980 178980 178980 178980 178980 178980 178980 178980 178980 178980 178980 178980 178980 178980 178980 178980 178980 178980 0 0 0 0 0 0 0 0 0 0 0 0 0 0 0 0 0 0 0 0 0 0 0 0 0
#obs catch bio
 0 91891 159156 198305 228936 277420 325607 296205 278995 314161 315730 265993 243282 267001 219000 197352 184541 163971 148326 152856 130690 115922 113443 110003 112151 105545 106535 97118.1 99172.2 101048 100568 104926 109005 98189.1 94198 94395.1 95336 98778 108404 102620 99423.1 104198 101476 99322.4 106104 108413 109685 107471 100522 115362
#pred cpue bio
 3.48553e+06 3.37614e+06 3.27665e+06 3.11596e+06 2.92677e+06 2.71982e+06 2.47815e+06 2.20384e+06 1.97756e+06 1.78587e+06 1.56921e+06 1.35923e+06 1.20775e+06 1.08641e+06 940372 842726 764743 697472 649973 617261 575564 552574 542799 532428 524993 514341 510474 505523 511249 515706 520196 526825 529220 525703 533779 546749 562042 577801 589596 589224 593605 601032 603875 611395 623663 629328 631563 632549 637285 651521 2.27484e+07 1.41965e+07 1.49022e+07 1.61204e+07 1.77278e+07 1.94264e+07 2.10259e+07 2.24304e+07 2.36067e+07 2.45596e+07 2.53137e+07 2.59006e+07 2.63524e+07 2.66976e+07 2.69605e+07 2.71603e+07 2.73123e+07 2.74282e+07 2.75168e+07 2.75849e+07 2.76374e+07 2.76781e+07 2.77097e+07 2.77345e+07 2.7754e+07 2.77694e+07 2.77816e+07 2.77913e+07 2.7799e+07 2.78052e+07 2.78101e+07 2.78141e+07 2.78174e+07 2.782e+07 2.78221e+07 2.78238e+07 2.78252e+07 2.78264e+07 2.78273e+07 2.7828e+07 2.78287e+07 2.78292e+07 2.78296e+07 2.78299e+07 2.78302e+07 2.78304e+07 2.78306e+07 2.78307e+07 2.78309e+07 2.7831e+07 2.7831e+07 2.78311e+07 2.78312e+07 2.78312e+07 2.78312e+07 2.78313e+07 2.78313e+07 2.78313e+07 2.78313e+07 2.78314e+07 2.78314e+07 2.78314e+07 2.78314e+07 2.78314e+07 2.78314e+07 2.78314e+07 2.78314e+07 2.78314e+07 2.78314e+07 2.78314e+07 2.78314e+07 2.78314e+07 2.78314e+07 2.78314e+07 2.78314e+07 2.78314e+07 2.78314e+07 2.78314e+07 2.78314e+07 2.78314e+07 2.78314e+07 2.78314e+07 2.78314e+07 2.78314e+07 2.78314e+07 2.78314e+07 2.78314e+07 2.78314e+07 2.78314e+07 2.78314e+07 2.78314e+07 2.78314e+07 2.78314e+07 2.78314e+07 2.78314e+07 2.78314e+07 2.78314e+07 2.78314e+07 2.78314e+07 2.78314e+07 0 0 0 0 0 0 0 0 0 0 0 0 0 0 0 0 0 0 0 0 0 0 0 0 0
#obs cpue bio
 3.12976e+06 2.83771e+06 5.53522e+06 2.62893e+06 3.1734e+06 2.34819e+06 2.75038e+06 2.4646e+06 1.71475e+06 1.69173e+06 1.34291e+06 1.71684e+06 1.18058e+06 1.00588e+06 949656 1.11346e+06 884845 664290 606641 456429 538937 709521 785018 456663 527404 419141 425154 700102 511364 371314 516654 498657 541147 435531 701037 413838 529886 581835 628476 735214 671873 477914 463518 510894 644609 823474 508002 558494 601115 733736
#pred surv len freq
 0.00427248 0.00701863 0.0107174 0.0154029 0.0209932 0.0272017 0.0335165 0.0393355 0.0441942 0.0479127 0.0505692 0.0523685 0.0535267 0.0542191 0.0545726 0.0546775 0.0546061 0.0544134 0.0540871 0.053444 0.0520444 0.0492488 0.0444961 0.0376963 0.0294651
 0.00456783 0.00741548 0.0111638 0.0158074 0.0212602 0.0272824 0.0334404 0.0391965 0.0440955 0.0479058 0.0506296 0.0524221 0.0535062 0.0541124 0.0544344 0.0546011 0.0546711 0.0546345 0.0543908 0.0536886 0.052079 0.0489859 0.0439558 0.0369953 0.0287579
 0.00463912 0.00758656 0.0115165 0.0164339 0.022219 0.0285418 0.0348483 0.0405139 0.0450899 0.0484508 0.0507414 0.052215 0.0531088 0.0536107 0.0538723 0.0540127 0.054102 0.0541284 0.0539539 0.053269 0.0515865 0.0483459 0.0431622 0.0361235 0.027928
 0.0047776 0.0077983 0.0118154 0.0168372 0.0227595 0.0292747 0.0358378 0.0417918 0.0466027 0.0500334 0.0521516 0.0532215 0.0535802 0.0535497 0.0533815 0.0532319 0.0531588 0.0531178 0.0529321 0.0522502 0.0505517 0.0472715 0.0420571 0.0350467 0.0269693
 0.00497001 0.00810891 0.0122776 0.0174782 0.0235927 0.0302926 0.0370096 0.0430724 0.0479481 0.0514057 0.0535007 0.0544548 0.0545557 0.0541123 0.0534251 0.0527439 0.0522188 0.0518558 0.0514787 0.050705 0.048978 0.0457147 0.0405689 0.0336973 0.0258346
 0.00515848 0.00842078 0.0127572 0.01817 0.0245326 0.0314926 0.038443 0.0446683 0.0496039 0.0530122 0.0549658 0.0557116 0.0555497 0.0547796 0.0536849 0.052518 0.0514689 0.0506118 0.0498362 0.0487972 0.0469453 0.0436882 0.038669 0.0320313 0.0244836
 0.00536845 0.00876788 0.0132907 0.0189405 0.0255835 0.0328451 0.0400796 0.0465243 0.051572 0.0549603 0.0567586 0.05723 0.0567038 0.05551 0.0539515 0.0522868 0.0507104 0.0493181 0.0480463 0.0466118 0.0445206 0.0412132 0.0363356 0.0300032 0.0228678
 0.00567312 0.0092571 0.014016 0.0199472 0.0269035 0.0344862 0.0420115 0.0486712 0.0538185 0.057168 0.0587848 0.0589434 0.057995 0.0562993 0.0541898 0.0519496 0.0497893 0.0478193 0.0460041 0.0441109 0.0417122 0.0383093 0.0335754 0.0276011 0.020964
 0.00593611 0.00968522 0.0146615 0.020859 0.0281186 0.0360152 0.0438247 0.0506935 0.055941 0.0592681 0.0607437 0.0606529 0.0593582 0.0572301 0.0546159 0.0518161 0.0490619 0.0464885 0.0440945 0.0416984 0.0389412 0.0353927 0.0307658 0.0251351 0.0190022
 0.00608725 0.00994867 0.0150912 0.0215173 0.0290641 0.0372826 0.0454047 0.0525252 0.0579214 0.0612733 0.0626499 0.0623493 0.0607516 0.0582428 0.0551818 0.0518771 0.0485697 0.0454127 0.0424381 0.0395186 0.0363679 0.0326306 0.0280668 0.0227419 0.0170857
 0.00629621 0.0102956 0.0156277 0.022298 0.0301386 0.0386804 0.0471171 0.0544942 0.0600415 0.0634065 0.0646472 0.0640727 0.062091 0.0591245 0.055564 0.051738 0.0478945 0.0441914 0.0406776 0.0372678 0.0337432 0.0298248 0.0253255 0.0203081 0.0151339
 0.00665062 0.0108515 0.0164271 0.0233681 0.0314895 0.0403017 0.0489705 0.0565086 0.0621166 0.0654245 0.0664865 0.0656194 0.0632482 0.0598196 0.0557528 0.0514022 0.0470335 0.0428156 0.0388112 0.0349659 0.0311156 0.0270492 0.02263 0.0179209 0.0132208
 0.00688037 0.0112327 0.0170138 0.0242128 0.0326291 0.0417376 0.0506527 0.0583365 0.0639625 0.0671666 0.0680313 0.0669031 0.0642241 0.0604454 0.0559862 0.0512052 0.0463793 0.0416943 0.0372369 0.0329885 0.028836 0.0246265 0.0202666 0.0158201 0.0115318
 0.0069358 0.0113505 0.0172431 0.0246188 0.0332802 0.0426833 0.0519005 0.0598394 0.0656235 0.0688568 0.0696153 0.0682629 0.0652754 0.0611402 0.0563031 0.051134 0.0459109 0.0408218 0.0359668 0.0313577 0.0269287 0.0225805 0.0182584 0.0140271 0.0100853
 0.00718443 0.0117462 0.0178238 0.0254167 0.0343193 0.0439733 0.053426 0.0615491 0.067426 0.070627 0.0712106 0.0695468 0.0661427 0.0615347 0.05622 0.0506062 0.0449877 0.0395512 0.0343926 0.0295316 0.0249297 0.0205269 0.0162992 0.0123105 0.00871774
 0.00736948 0.0120354 0.0182376 0.0259671 0.0350094 0.0447967 0.0543662 0.0625796 0.0685135 0.0717338 0.0722926 0.0705472 0.0669881 0.0621422 0.0565148 0.0505396 0.0445459 0.0387522 0.0332777 0.028161 0.0233855 0.0189172 0.0147512 0.0109477 0.00762845
 0.00749265 0.0122424 0.0185609 0.0264388 0.0356515 0.0456083 0.0553124 0.0635933 0.0695131 0.0726475 0.0730755 0.0711818 0.0674706 0.0624651 0.0566558 0.0504637 0.0442177 0.0381514 0.0324107 0.0270656 0.022131 0.0175999 0.013482 0.00983101 0.00673718
 0.00761904 0.0124445 0.0188593 0.0268515 0.0361926 0.0462831 0.056111 0.0644838 0.0704397 0.0735372 0.0738518 0.071782 0.0678596 0.0626376 0.0566262 0.0502487 0.0438246 0.037578 0.0316565 0.0261469 0.0210923 0.0165137 0.0124379 0.00891458 0.00600769
 0.00768865 0.0125549 0.0190204 0.0270714 0.0364768 0.046634 0.0565263 0.064956 0.070956 0.0740794 0.0743942 0.07229 0.0682918 0.0629532 0.0567942 0.0502531 0.0436621 0.0372522 0.0311746 0.0255248 0.0203623 0.0157294 0.0116685 0.00822922 0.00545659
 0.00757421 0.0123973 0.0188361 0.0268937 0.0363473 0.0465888 0.0565848 0.065119 0.0712118 0.0744125 0.0747893 0.0727305 0.0687545 0.0634053 0.0571946 0.0505596 0.0438395 0.037278 0.031042 0.025243 0.0199577 0.0152462 0.0111637 0.00776097 0.00506959
 0.00763759 0.012482 0.018931 0.0269811 0.0364128 0.0466337 0.0566327 0.0652079 0.0713743 0.074656 0.0750902 0.073046 0.0690422 0.0636372 0.0573582 0.0506494 0.0438491 0.0371985 0.030866 0.0249713 0.0196052 0.0148432 0.0107517 0.00738325 0.00475939
 0.00770778 0.0125746 0.01903 0.0270565 0.036427 0.046554 0.0564447 0.0649259 0.0710444 0.0743485 0.0748814 0.0729924 0.0691606 0.0639003 0.0577087 0.0510215 0.0441857 0.0374579 0.0310226 0.0250151 0.0195423 0.0146956 0.0105542 0.00717482 0.00457333
 0.00780399 0.0127074 0.0191852 0.0272037 0.0365247 0.0465598 0.0563264 0.0646707 0.0706651 0.0738873 0.0744077 0.0725903 0.0689075 0.0638435 0.0578502 0.0513195 0.0445702 0.0378529 0.0313645 0.0252629 0.0196803 0.0147318 0.0105138 0.0070915 0.00447928
 0.00791368 0.0128813 0.0194371 0.0275387 0.0369326 0.0470077 0.0567553 0.0650023 0.070823 0.0738231 0.0741204 0.0721299 0.0683609 0.0633106 0.0574174 0.0510384 0.0444479 0.0378571 0.0314398 0.0253522 0.0197415 0.0147454 0.0104821 0.00703112 0.00441066
 0.00792396 0.0129092 0.0194996 0.0276585 0.0371318 0.0472978 0.057127 0.0654203 0.0712287 0.0741462 0.0742958 0.072116 0.068155 0.0629528 0.0569807 0.0506066 0.0440903 0.0376095 0.0313005 0.0252915 0.0197194 0.0147289 0.0104542 0.00699046 0.00436515
 0.00796156 0.0129677 0.0195834 0.0277719 0.0372803 0.0474894 0.0573704 0.0657192 0.0715742 0.0745095 0.074628 0.0723573 0.0682512 0.0628745 0.056736 0.0502409 0.0436722 0.0372089 0.0309672 0.0250447 0.0195513 0.0146169 0.0103756 0.00693027 0.00431731
 0.00796321 0.0129674 0.0195778 0.0277563 0.0372514 0.047448 0.0573246 0.0656858 0.071576 0.074569 0.0747573 0.072549 0.0684746 0.0630816 0.0568771 0.0502837 0.0436149 0.0370785 0.0308062 0.0248923 0.0194305 0.0145323 0.0103196 0.00689248 0.00429022
 0.00806864 0.0131189 0.0197687 0.0279672 0.0374547 0.0476165 0.0574386 0.0657371 0.071568 0.0745159 0.0746817 0.072476 0.0684237 0.0630581 0.0568687 0.0502658 0.0435627 0.0369806 0.0306701 0.0247399 0.0192865 0.0144139 0.0102324 0.00683333 0.00425216
 0.00811629 0.0131891 0.0198601 0.028072 0.0375584 0.0476991 0.0574782 0.0657152 0.0714773 0.0743669 0.0745031 0.072307 0.0683011 0.0630047 0.0568866 0.0503373 0.0436575 0.037067 0.0307263 0.0247595 0.019277 0.0143892 0.010205 0.0068104 0.0042358
 0.00811525 0.0131981 0.0198928 0.0281461 0.0376889 0.0478888 0.0577099 0.0659519 0.0716723 0.0744788 0.0745097 0.0722122 0.0681327 0.0628043 0.0566959 0.0501855 0.0435543 0.0370044 0.0306865 0.0247257 0.0192402 0.014349 0.0101663 0.00677814 0.00421234
 0.00805811 0.0131162 0.0197906 0.0280369 0.0375935 0.0478319 0.0577145 0.0660328 0.0718283 0.074688 0.0747318 0.0724007 0.068251 0.0628387 0.0566583 0.0501048 0.0434627 0.0369248 0.0306276 0.0246845 0.019209 0.0143219 0.0101414 0.00675648 0.00419549
 0.00791925 0.0129079 0.0195104 0.0276955 0.0372147 0.0474492 0.0573691 0.0657689 0.0716864 0.0746938 0.0748866 0.0726777 0.0686014 0.0632053 0.0569921 0.0503771 0.043668 0.0370743 0.0307379 0.0247687 0.0192738 0.0143694 0.010173 0.00677497 0.00420471
 0.00782969 0.0127641 0.0192981 0.0274054 0.036847 0.0470199 0.0569142 0.0653421 0.0713473 0.0744921 0.0748495 0.0728051 0.0688686 0.0635697 0.0574022 0.050783 0.0440313 0.0373745 0.0309718 0.024944 0.0194019 0.0144606 0.0102352 0.00681468 0.00422799
 0.00786142 0.0128027 0.0193319 0.0274147 0.0368083 0.046914 0.0567333 0.0650949 0.0710587 0.0741998 0.0745965 0.0726309 0.0687996 0.0636128 0.0575432 0.0509916 0.0442697 0.0376075 0.0311744 0.0251048 0.0195204 0.014543 0.0102895 0.00684855 0.00424766
 0.00795329 0.0129202 0.0194496 0.0274886 0.0367869 0.0467565 0.0564265 0.0646589 0.0705422 0.0736679 0.0741179 0.0722662 0.0685917 0.0635803 0.0576781 0.0512622 0.0446288 0.0380024 0.0315579 0.0254424 0.0197938 0.0147483 0.0104332 0.0069422 0.00430438
 0.0079193 0.0128828 0.0194244 0.0274955 0.0368381 0.0468408 0.056501 0.06466 0.0704122 0.0733856 0.0737136 0.0718122 0.0681764 0.0632795 0.057537 0.0512897 0.0448023 0.0382781 0.0318832 0.0257682 0.0200832 0.0149808 0.0106038 0.00705699 0.00437526
 0.00774987 0.0126313 0.0190915 0.0271011 0.0364193 0.0464457 0.0561797 0.0644509 0.0703281 0.0734046 0.0737861 0.0718847 0.068219 0.0633001 0.0575727 0.0513846 0.0449843 0.0385475 0.0322144 0.026121 0.0204166 0.015264 0.0108216 0.00720923 0.00447205
 0.00760326 0.0123931 0.0187352 0.0266069 0.0357839 0.0456954 0.0553789 0.063698 0.0697316 0.0730496 0.0737063 0.0720549 0.0685703 0.0637496 0.0580537 0.0518627 0.0454544 0.039017 0.0326851 0.0265802 0.0208401 0.0156263 0.011106 0.0074129 0.00460464
 0.00750573 0.0122365 0.0185027 0.0262832 0.0353576 0.045163 0.0547521 0.0630109 0.0690434 0.0724388 0.0732562 0.0718317 0.0686024 0.0640179 0.0585002 0.0524131 0.0460427 0.0395995 0.0332387 0.0270916 0.0212965 0.0160134 0.0114125 0.00763639 0.00475319
 0.00755288 0.0123003 0.0185745 0.0263457 0.0353876 0.0451366 0.0546499 0.0628205 0.0687616 0.0720756 0.072839 0.0714075 0.0682319 0.0637602 0.0583942 0.0524648 0.046227 0.0398735 0.0335581 0.0274206 0.0216087 0.0162897 0.0116398 0.00780833 0.00487162
 0.0076405 0.0124244 0.0187268 0.0265054 0.035525 0.0452209 0.0546553 0.0627314 0.0685744 0.0717991 0.0724942 0.0710259 0.0678525 0.0634264 0.0581476 0.052337 0.0462302 0.0399966 0.0337705 0.0276824 0.0218814 0.0165425 0.0118525 0.00797157 0.00498554
 0.00768399 0.0124964 0.0188365 0.0266591 0.0357212 0.0454437 0.054872 0.0628965 0.0686428 0.0717421 0.0723094 0.0707363 0.0674982 0.0630541 0.057803 0.0520596 0.0460491 0.0399252 0.0338036 0.0277974 0.0220451 0.0167205 0.0120168 0.008105 0.00508218
 0.00772436 0.0125645 0.0189436 0.026817 0.0359394 0.0457246 0.0552047 0.063253 0.068979 0.0720049 0.0724486 0.0707187 0.0673182 0.0627363 0.057396 0.0516237 0.0456425 0.0395934 0.0335722 0.0276702 0.0220067 0.0167438 0.0120719 0.00816707 0.00513563
 0.00766331 0.0124786 0.0188392 0.0267098 0.0358515 0.045679 0.0552203 0.0633406 0.0691385 0.0722222 0.0726947 0.0709525 0.0674949 0.0628204 0.057373 0.0515052 0.0454628 0.0393977 0.0334027 0.0275547 0.0219537 0.0167441 0.0121061 0.00821434 0.00518029
 0.00753064 0.0122746 0.018555 0.0263476 0.035427 0.0452235 0.0547805 0.0629744 0.0689027 0.0721568 0.0728103 0.0712267 0.0678787 0.0632502 0.0577857 0.051853 0.0457227 0.0395734 0.0335176 0.0276385 0.02203 0.0168235 0.0121871 0.00828899 0.00524089
 0.00754787 0.012284 0.0185354 0.0262689 0.0352598 0.0449532 0.0544197 0.0625643 0.068504 0.0718328 0.0726112 0.0711794 0.067983 0.06348 0.0580957 0.0521894 0.0460368 0.0398334 0.0337133 0.0277785 0.0221321 0.0169044 0.0122563 0.00834824 0.0052884
 0.00760399 0.0123724 0.0186613 0.0264314 0.0354466 0.0451366 0.0545571 0.0626078 0.0684186 0.0716153 0.0722976 0.0708347 0.0676777 0.0632676 0.0579983 0.0521969 0.0461166 0.0399449 0.0338227 0.0278668 0.0221958 0.0169496 0.0122907 0.00837687 0.00531231
 0.00764919 0.0124459 0.018772 0.0265868 0.0356508 0.0453861 0.0548356 0.0628837 0.0686474 0.0717488 0.0722987 0.0706923 0.0674154 0.0629381 0.0576661 0.0519165 0.0459167 0.0398254 0.0337639 0.0278433 0.0221876 0.0169463 0.0122896 0.00837811 0.00531579
 0.00766143 0.0124655 0.0188013 0.0266284 0.0357079 0.0454627 0.0549356 0.0630084 0.068792 0.0718992 0.0724307 0.0707757 0.0674235 0.0628598 0.0575136 0.0517228 0.0457231 0.0396659 0.0336543 0.027781 0.0221594 0.0169375 0.0122895 0.00838118 0.00531973
 0.0075311 0.0122729 0.0185475 0.0263275 0.0353841 0.0451442 0.054651 0.0627846 0.0686532 0.0718637 0.0725051 0.07095 0.0676699 0.0631383 0.0577831 0.0519542 0.0459071 0.0398105 0.0337752 0.0278909 0.0222621 0.0170297 0.012366 0.00843881 0.00535918
#obs surv len freq
 nan nan nan nan nan nan nan nan nan nan nan nan nan nan nan nan nan nan nan nan nan nan nan nan nan
 0.004489 0.00735227 0.011184 0.0160013 0.021702 0.0279765 0.034289 0.0400184 0.0446961 0.0481581 0.0505145 0.052009 0.0529 0.0534114 0.0537249 0.0539792 0.0542573 0.0545497 0.0546883 0.0542801 0.0527183 0.0493508 0.0438012 0.0362821 0.0276667
 0.00462162 0.00757096 0.0115184 0.0164797 0.022344 0.0287822 0.035228 0.0410281 0.0456906 0.0490463 0.0512173 0.0524715 0.0530955 0.053341 0.0534123 0.0534629 0.0535818 0.0537585 0.0538209 0.0533741 0.0518131 0.0484905 0.0430315 0.0356419 0.0271774
 0.00477464 0.00782289 0.0119036 0.0170326 0.0230927 0.0297379 0.0363734 0.0423108 0.0470272 0.0503349 0.0523524 0.0533577 0.0536597 0.0535403 0.053238 0.0529378 0.0527525 0.0526857 0.0525721 0.0520203 0.0504302 0.0471593 0.0418322 0.0346406 0.0264107
 0.00497298 0.00814429 0.0123855 0.0177097 0.0239911 0.0308654 0.0377094 0.0438009 0.0485892 0.0518706 0.0537597 0.0545386 0.0545253 0.0540178 0.0532787 0.0525244 0.0519022 0.0514482 0.0510244 0.0502616 0.0485773 0.0453408 0.0401747 0.0332474 0.02534
 0.00517769 0.00848199 0.0129027 0.0184523 0.0249951 0.0321422 0.0392313 0.0454975 0.050359 0.0536015 0.0553468 0.0558906 0.0555636 0.054673 0.0534915 0.052251 0.0511237 0.0501805 0.0493254 0.0482339 0.0463648 0.0431159 0.0381139 0.0314976 0.0239867
 0.00541005 0.00886054 0.0134742 0.0192617 0.0260777 0.0335114 0.0408644 0.047329 0.0522874 0.0555069 0.0571091 0.0574031 0.0567386 0.0554415 0.0537992 0.0520547 0.0503933 0.0489089 0.047545 0.0460321 0.043891 0.0405702 0.0357151 0.0294359 0.022379
 0.00565393 0.00926049 0.0140825 0.020129 0.027243 0.0349867 0.0426188 0.0492845 0.0543308 0.0575117 0.0589558 0.0589885 0.0579776 0.0562652 0.0541523 0.0518932 0.0496841 0.0476362 0.0457255 0.0437368 0.0412618 0.0378168 0.0330818 0.0271457 0.0205772
 0.00589866 0.0096615 0.014692 0.0209981 0.0284122 0.0364707 0.0443908 0.0512695 0.0564153 0.059565 0.0608509 0.0606159 0.0592494 0.0571147 0.0545289 0.0517572 0.0490036 0.046392 0.0439252 0.0414388 0.0385967 0.0349906 0.0303474 0.0247434 0.0186713
 0.00613602 0.0100507 0.0152842 0.021843 0.0295494 0.0379146 0.0461153 0.053202 0.0584469 0.0615705 0.0627085 0.0622186 0.0605099 0.0579648 0.0549176 0.0516462 0.0483639 0.0452049 0.0421953 0.0392154 0.0359982 0.0322122 0.0276364 0.0223426 0.016753
 0.0063788 0.0104487 0.0158893 0.0227055 0.0307079 0.0393808 0.0478576 0.0551408 0.0604659 0.0635398 0.064506 0.0637423 0.0616811 0.058726 0.055228 0.0514765 0.047692 0.0440176 0.0404979 0.0370529 0.0334787 0.0295168 0.0249992 0.0199983 0.0148717
 0.0065984 0.0108106 0.0164429 0.0235 0.0317828 0.0407501 0.0494946 0.0569719 0.062381 0.0654129 0.0662166 0.0651881 0.0627836 0.0594299 0.055498 0.0512908 0.0470369 0.0428866 0.0389001 0.0350309 0.0311304 0.0270064 0.0225404 0.0178075 0.0131086
 0.00681028 0.011158 0.0169714 0.0242539 0.0327968 0.0420358 0.0510263 0.0586812 0.0641654 0.0671552 0.0678031 0.0665217 0.0637886 0.0600538 0.0557087 0.0510721 0.0463829 0.0417994 0.037395 0.0331514 0.0289666 0.0247054 0.0202929 0.0158066 0.0114975
 0.00706244 0.0115657 0.0175802 0.0251041 0.0339144 0.0434198 0.0526356 0.0604311 0.06594 0.0688301 0.069267 0.0676881 0.0645985 0.0604732 0.0557235 0.0506821 0.0455966 0.0406314 0.0358701 0.0313166 0.0269071 0.0225528 0.0182143 0.0139699 0.0100254
 0.00726325 0.0119028 0.0181068 0.0258745 0.0349709 0.044772 0.0542416 0.0621942 0.0677255 0.0704959 0.0706904 0.0687804 0.0653067 0.0607752 0.0556203 0.0501898 0.0447392 0.0394372 0.0343744 0.0295711 0.0249928 0.0205868 0.0163404 0.0123292 0.00871877
 0.00743734 0.0121858 0.0185335 0.0264788 0.0357814 0.0458035 0.0554838 0.0636025 0.0692211 0.071974 0.0720356 0.0698839 0.0660832 0.0611726 0.0556216 0.049806 0.043999 0.0383789 0.0330439 0.0280265 0.0233134 0.0188779 0.014725 0.0109246 0.00760613
 0.00749667 0.0122918 0.0187109 0.0267575 0.0361909 0.0463644 0.0561988 0.0644539 0.0701741 0.072982 0.0730437 0.0708281 0.0668916 0.0617721 0.0559496 0.0498214 0.0436879 0.0377537 0.0321395 0.0268985 0.0220384 0.017553 0.0134585 0.00981696 0.00672609
 0.00756331 0.0123861 0.018828 0.0268873 0.0363251 0.0465061 0.0563686 0.0646858 0.0705027 0.0734281 0.0736034 0.0714715 0.0675668 0.0624125 0.0564819 0.0501749 0.0438063 0.0376045 0.0317211 0.0262418 0.0212049 0.0166286 0.0125406 0.00899572 0.00606454
 0.0076422 0.0125084 0.0189998 0.027108 0.0365851 0.0467856 0.0566396 0.06492 0.0706844 0.0735653 0.0737276 0.0716238 0.067777 0.0626825 0.0567806 0.0504465 0.0439841 0.0376285 0.0315528 0.0258753 0.0206708 0.015989 0.0118758 0.00838403 0.00556327
 0.00773885 0.0126599 0.0192172 0.0273963 0.0369414 0.0471958 0.0570756 0.0653404 0.0710418 0.0738195 0.0738591 0.0716417 0.0677161 0.0625895 0.0566943 0.0503813 0.0439239 0.0375343 0.0313801 0.0255935 0.020278 0.0155153 0.011375 0.00791607 0.00517526
 0.00778774 0.0127403 0.0193395 0.0275704 0.0371737 0.0474856 0.0574111 0.0656975 0.0713878 0.0741187 0.0740806 0.0717657 0.0677385 0.0625242 0.0565696 0.050229 0.043766 0.0373733 0.0311996 0.02537 0.019997 0.0151835 0.0110207 0.00757898 0.00489081
 0.00779074 0.012742 0.0193366 0.0275596 0.0371542 0.0474627 0.0573983 0.0657139 0.0714511 0.0742372 0.0742478 0.0719606 0.0679325 0.0626897 0.0566888 0.0502973 0.043789 0.0373588 0.0311501 0.0252808 0.0198621 0.015005 0.0108143 0.00737037 0.00470647
 0.00782836 0.0127926 0.0193932 0.0276087 0.0371799 0.0474522 0.0573477 0.0656315 0.071356 0.0741555 0.0742051 0.0719743 0.0680053 0.0628085 0.0568291 0.0504322 0.0438974 0.0374289 0.0311775 0.0252646 0.0198034 0.0149089 0.0106923 0.00724012 0.00458674
 0.00787726 0.0128695 0.0195035 0.0277536 0.0373534 0.0476392 0.0575229 0.0657636 0.071418 0.0741355 0.0741132 0.0718393 0.0678637 0.0626912 0.0567522 0.0503945 0.0438851 0.0374234 0.0311622 0.0252291 0.0197439 0.0148276 0.0105969 0.0071424 0.00449863
 0.00786074 0.0128448 0.0194705 0.0277142 0.037312 0.0476018 0.0574962 0.0657526 0.071423 0.0741507 0.0741286 0.0718465 0.0678614 0.0626874 0.0567597 0.0504239 0.0439379 0.0374913 0.0312303 0.0252819 0.0197709 0.014826 0.0105711 0.00710194 0.00445457
 0.00788222 0.0128695 0.0194891 0.0277125 0.0372756 0.0475234 0.0573811 0.0656191 0.071296 0.0740532 0.0740738 0.0718353 0.0678852 0.0627339 0.0568191 0.0504918 0.0440136 0.0375735 0.0313136 0.0253573 0.0198286 0.0148599 0.0105814 0.0070941 0.00443702
 0.00788728 0.0128791 0.0195056 0.0277369 0.0373057 0.0475509 0.0573916 0.0655965 0.0712304 0.0739482 0.0739483 0.0717163 0.0677972 0.0626899 0.0568191 0.0505266 0.0440716 0.0376442 0.0313886 0.0254287 0.0198891 0.0149038 0.0106066 0.00710292 0.00443473
 0.00790264 0.0128996 0.0195282 0.0277567 0.0373173 0.0475516 0.0573819 0.0655786 0.0712054 0.0739135 0.0738995 0.0716523 0.0677243 0.0626216 0.0567704 0.0505077 0.0440841 0.0376824 0.0314425 0.025488 0.0199445 0.0149486 0.0106375 0.00712008 0.00444123
 0.00786149 0.0128384 0.0194467 0.0276579 0.0372068 0.0474351 0.0572651 0.0654676 0.0711076 0.0738378 0.0738534 0.0716395 0.0677432 0.0626667 0.0568362 0.0505905 0.044182 0.0377923 0.0315588 0.0256021 0.0200477 0.0150337 0.010701 0.00716234 0.00446593
 0.00784957 0.0128117 0.0193933 0.027564 0.0370613 0.0472371 0.0570291 0.0652223 0.0708871 0.0736707 0.0737557 0.0716138 0.0677822 0.0627583 0.0569663 0.0507457 0.0443505 0.0379647 0.0317272 0.0257592 0.0201864 0.0151483 0.0107883 0.00722312 0.0045041
 0.00784566 0.0128034 0.0193768 0.0275332 0.0370079 0.0471516 0.0569035 0.0650541 0.0706845 0.0734541 0.0735551 0.0714602 0.0676982 0.0627522 0.0570319 0.0508673 0.0445087 0.0381409 0.0319061 0.0259285 0.0203369 0.0152735 0.0108851 0.00729195 0.00454866
 0.00783193 0.0127815 0.0193447 0.0274891 0.0369503 0.0470794 0.0568159 0.0649509 0.070566 0.0733225 0.0734167 0.0713272 0.0675887 0.0626855 0.0570224 0.050919 0.0446145 0.0382853 0.0320701 0.0260943 0.0204898 0.0154037 0.0109874 0.00736582 0.00459738
 0.00779049 0.0127164 0.0192511 0.0273646 0.0367958 0.0469005 0.0566238 0.0647611 0.0703957 0.0731854 0.0733202 0.0712725 0.0675737 0.0627084 0.0570839 0.0510207 0.0447556 0.0384592 0.0322641 0.0262918 0.0206744 0.0155625 0.0111131 0.00745712 0.00465799
 0.00776133 0.0126636 0.0191621 0.0272252 0.0365952 0.0466376 0.0563125 0.0644312 0.0700853 0.0729315 0.073149 0.0711955 0.067588 0.0628016 0.0572389 0.051221 0.0449869 0.0387097 0.0325217 0.026543 0.0209048 0.0157597 0.0112694 0.00757114 0.00473402
 0.00772309 0.0126017 0.019069 0.0270937 0.0364186 0.0464119 0.0560394 0.0641209 0.0697589 0.0726195 0.072887 0.0710162 0.0675137 0.0628382 0.0573767 0.0514386 0.0452586 0.0390103 0.032829 0.0268384 0.0211727 0.0159877 0.0114501 0.00770334 0.00482263
 0.00768203 0.0125345 0.0189673 0.0269497 0.0362273 0.0461736 0.0557621 0.0638208 0.0694569 0.072338 0.0726467 0.0708367 0.0674124 0.0628289 0.0574651 0.0516192 0.0455142 0.0393157 0.0331563 0.0271609 0.0214683 0.0162402 0.0116507 0.00785057 0.00492173
 0.00769401 0.0125509 0.0189859 0.0269656 0.0362331 0.0461602 0.0557201 0.063742 0.0693373 0.0721796 0.0724588 0.0706354 0.0672188 0.0626664 0.0573554 0.0515787 0.0455498 0.0394222 0.0333176 0.027354 0.0216684 0.0164257 0.0118064 0.0079694 0.00500411
 0.00765145 0.0124878 0.0189023 0.0268654 0.0361227 0.046046 0.0556072 0.0636335 0.0692345 0.0720826 0.0723678 0.0705515 0.0671458 0.0626108 0.0573271 0.0515887 0.0456072 0.0395303 0.0334712 0.0275389 0.0218645 0.0166121 0.0119663 0.00809338 0.00509105
 0.00762832 0.0124497 0.0188444 0.0267839 0.0360165 0.0459194 0.0554708 0.0635025 0.0691242 0.0720023 0.0723182 0.070526 0.0671352 0.0626087 0.0573327 0.051607 0.0456467 0.0395991 0.0335726 0.0276691 0.0220119 0.0167605 0.0120999 0.00820119 0.00516903
 0.00762992 0.0124518 0.0188464 0.0267843 0.0360128 0.0459078 0.055447 0.0634635 0.0690698 0.0719368 0.0722492 0.0704614 0.0670803 0.0625649 0.0572989 0.0515831 0.0456354 0.0396061 0.0336037 0.0277263 0.0220909 0.0168514 0.01219 0.00827933 0.00522878
 0.00761804 0.0124347 0.0188249 0.0267604 0.0359891 0.0458865 0.0554286 0.0634466 0.0690516 0.0719144 0.0722208 0.0704279 0.0670452 0.0625326 0.0572737 0.0515673 0.0456307 0.0396142 0.0336269 0.0277662 0.0221465 0.0169173 0.0122579 0.00834059 0.00527735
 0.00759551 0.0124001 0.0187766 0.0266988 0.0359168 0.0458085 0.0553523 0.0633805 0.0690034 0.0718881 0.0722156 0.0704388 0.0670655 0.0625572 0.0572999 0.0515951 0.0456614 0.0396497 0.0336689 0.0278158 0.022203 0.016978 0.0123176 0.00839361 0.00531947
 0.00756196 0.012346 0.0186963 0.0265881 0.0357746 0.0456392 0.0551675 0.0631989 0.0688469 0.0717762 0.0721606 0.0704432 0.0671226 0.062654 0.0574211 0.0517269 0.0457937 0.0397767 0.0337881 0.0279263 0.0223042 0.0170686 0.0123955 0.00845655 0.00536642
 0.00754256 0.0123126 0.0186425 0.026507 0.0356604 0.0454899 0.054988 0.0630015 0.0686506 0.0716028 0.0720304 0.0703714 0.0671164 0.0627111 0.057531 0.0518734 0.0459593 0.039946 0.03395 0.0280739 0.0224341 0.0171788 0.012485 0.00852543 0.0054158
 0.00752668 0.0122883 0.0186088 0.0264632 0.0356056 0.0454224 0.054905 0.0629009 0.0685327 0.0714732 0.0719005 0.0702571 0.0670346 0.0626752 0.0575473 0.0519398 0.0460657 0.0400778 0.0340917 0.0282124 0.0225599 0.0172863 0.0125718 0.00859113 0.00546214
 0.00754823 0.0123181 0.0186439 0.0264977 0.0356321 0.0454348 0.0548998 0.0628774 0.0684911 0.0714133 0.0718224 0.0701632 0.066932 0.0625768 0.0574681 0.0518928 0.0460578 0.0401078 0.0341511 0.0282891 0.0226416 0.0173631 0.0126371 0.00864212 0.00549865
 0.00750964 0.0122665 0.0185864 0.0264469 0.0356017 0.0454323 0.0549225 0.0629127 0.0685227 0.0714283 0.0718153 0.0701354 0.066889 0.0625258 0.0574177 0.0518528 0.0460375 0.0401132 0.0341832 0.0283425 0.0227069 0.01743 0.0126972 0.0086904 0.00553363
 0.00747601 0.0122083 0.0184934 0.02631 0.0354181 0.045212 0.0546913 0.0627076 0.0683794 0.0713668 0.0718331 0.0702124 0.0669985 0.0626454 0.0575341 0.0519619 0.0461411 0.0402158 0.0342881 0.0284498 0.0228127 0.0175279 0.0127808 0.00875556 0.00557983
 0.00749351 0.0122325 0.0185213 0.026335 0.03543 0.0451991 0.0546432 0.06262 0.0682585 0.0712307 0.0717076 0.0701212 0.0669543 0.0626458 0.0575664 0.0520106 0.0461952 0.0402708 0.0343442 0.0285084 0.0228736 0.0175881 0.0128356 0.00880093 0.00561358
 0.00750535 0.0122547 0.0185597 0.0263958 0.0355167 0.0453082 0.0547616 0.0627256 0.0683262 0.0712414 0.0716559 0.0700181 0.0668232 0.0625134 0.0574536 0.0519271 0.0461405 0.0402391 0.0343295 0.0285069 0.0228826 0.0176049 0.0128566 0.008822 0.00563149
#pred catch len freq
 0.00317185 0.00514457 0.00775453 0.0110443 0.0150554 0.0197829 0.025114 0.0308146 0.0365749 0.0420726 0.0470202 0.0512035 0.0545108 0.0569391 0.0585691 0.0595337 0.0599914 0.0600928 0.0599026 0.0592764 0.057764 0.0546782 0.0494082 0.04186 0.0327204
 0.00340121 0.00545621 0.00811288 0.0113849 0.0153111 0.0199202 0.0251552 0.030825 0.0366202 0.0421739 0.0471393 0.0512695 0.05447 0.056796 0.0583946 0.0594336 0.0600526 0.0603295 0.060232 0.0595402 0.0577947 0.054379 0.0488016 0.041076 0.0319307
 0.0034907 0.00563413 0.00843546 0.0119109 0.0160719 0.0208823 0.0262024 0.0317857 0.0373358 0.0425673 0.0472355 0.0511544 0.0542269 0.0564699 0.058004 0.0590055 0.0596375 0.0599785 0.0599541 0.0592774 0.0574439 0.0538518 0.048084 0.0402449 0.0311151
 0.00363006 0.00584812 0.0087391 0.0123228 0.0166253 0.0216314 0.0272085 0.0330763 0.0388534 0.0441458 0.0486353 0.0521497 0.0546918 0.0564096 0.0575205 0.0582352 0.0587054 0.0589793 0.0589441 0.0582693 0.0564136 0.0527691 0.0469544 0.0391298 0.0301121
 0.00381266 0.00613754 0.00916053 0.0128943 0.0173557 0.0225188 0.0282423 0.0342432 0.0401428 0.0455414 0.0500868 0.0535428 0.0558495 0.0571415 0.0576959 0.0578328 0.0578088 0.0577297 0.0574838 0.0567058 0.0548135 0.0511775 0.045423 0.0377313 0.028928
 0.00401213 0.0064585 0.00963816 0.0135612 0.0182378 0.0236287 0.0295682 0.0357418 0.0417425 0.0471555 0.0516303 0.0549392 0.0570223 0.0579985 0.0581268 0.0577353 0.057131 0.0565003 0.0558075 0.05473 0.052692 0.0490523 0.0434229 0.0359713 0.0274959
 0.00424509 0.00683247 0.0101934 0.0143353 0.0192632 0.0249256 0.0311336 0.0375383 0.0436932 0.0491489 0.0535342 0.0566207 0.0583675 0.0589211 0.0585626 0.0576303 0.0564414 0.0552109 0.053959 0.0524331 0.0501194 0.046412 0.0409253 0.0337951 0.0257585
 0.00452071 0.00726928 0.0108314 0.0152086 0.0203994 0.0263429 0.0328315 0.0394866 0.0458241 0.0513565 0.0556821 0.0585574 0.0599466 0.0600206 0.0590957 0.0575439 0.0557081 0.0538273 0.0519576 0.0499052 0.0472304 0.0433934 0.0380373 0.0312711 0.0237522
 0.00477009 0.00766826 0.011421 0.016026 0.0214752 0.0276956 0.0344583 0.0413553 0.0478708 0.0534897 0.0577888 0.06051 0.0616116 0.0612697 0.0598177 0.0576536 0.0551511 0.0525834 0.0500496 0.0474159 0.0443196 0.0402971 0.0350351 0.0286251 0.0216413
 0.00498155 0.00801479 0.0119487 0.0167822 0.0225029 0.0290223 0.0360825 0.0432364 0.0499301 0.0556196 0.0598668 0.0624119 0.0632208 0.0624824 0.0605435 0.0578145 0.0546841 0.0514493 0.0482498 0.0450146 0.0414637 0.0372186 0.032019 0.0259462 0.0194937
 0.00523181 0.00841693 0.0125468 0.0176185 0.0236154 0.0304381 0.0378048 0.0452312 0.0521178 0.0578788 0.0620479 0.0643596 0.0647981 0.0635867 0.0611077 0.0577971 0.0540569 0.0501941 0.046371 0.0425664 0.0385778 0.0341134 0.0289729 0.0232348 0.0173155
 0.00555065 0.00891278 0.0132528 0.0185552 0.0247937 0.0318619 0.0394674 0.0471055 0.0541472 0.0599726 0.0640851 0.0662009 0.0663046 0.0646397 0.0616228 0.0577262 0.0533804 0.0489126 0.0445065 0.0401792 0.0357919 0.0311296 0.0260494 0.0206308 0.0152206
 0.00578281 0.00928887 0.0138164 0.0193461 0.0258409 0.0331729 0.0410171 0.0488336 0.0559681 0.0617916 0.0658108 0.0677471 0.0675872 0.0655749 0.062132 0.057744 0.0528624 0.0478401 0.0428926 0.03808 0.0333229 0.0284734 0.0234381 0.0182977 0.0133384
 0.0059505 0.00957014 0.0142567 0.0199959 0.0267481 0.034369 0.0424995 0.0505535 0.0578295 0.0636647 0.0675548 0.0692355 0.0687266 0.0663103 0.0624369 0.0576051 0.0522683 0.0467826 0.0413793 0.0361542 0.0310823 0.0260776 0.0210915 0.0162055 0.0116521
 0.00616531 0.00990963 0.0147516 0.0206735 0.0276347 0.0354884 0.0438652 0.0521532 0.0596093 0.0655211 0.0693421 0.0707906 0.0699041 0.0670123 0.0626246 0.0572886 0.0514845 0.0455749 0.0397924 0.0342457 0.0289437 0.023846 0.0189399 0.0143068 0.010132
 0.00635167 0.010198 0.0151592 0.021209 0.0283 0.0362822 0.0447838 0.0531889 0.0607478 0.0667362 0.0705884 0.0719961 0.0709702 0.0678276 0.0630884 0.0573338 0.0510878 0.0447529 0.0385909 0.0327338 0.0272167 0.0220301 0.0171836 0.0127547 0.00888813
 0.00649386 0.0104289 0.0155059 0.0216956 0.0289422 0.037079 0.0457104 0.0541964 0.0617737 0.0677208 0.0714867 0.0727794 0.0716168 0.0683098 0.063365 0.0573538 0.0508046 0.0441403 0.0376556 0.0315203 0.0258065 0.0205362 0.0157363 0.0114765 0.00786535
 0.00660219 0.0106011 0.0157589 0.0220453 0.0294041 0.0376666 0.0464294 0.0550354 0.0626963 0.0686643 0.0723722 0.0735302 0.0721779 0.0686558 0.0634931 0.0572673 0.0505004 0.0436093 0.0368943 0.0305474 0.0246745 0.0193314 0.014565 0.0104408 0.00703673
 0.00665178 0.01068 0.0158748 0.0222059 0.0296177 0.0379424 0.0467772 0.0554632 0.0632063 0.0692477 0.0730033 0.0741647 0.0727578 0.0691212 0.0637962 0.05738 0.0504118 0.0433191 0.0364089 0.0298845 0.0238724 0.0184537 0.0136943 0.00965953 0.0064055
 0.00659718 0.0106109 0.0158072 0.0221667 0.0296376 0.0380452 0.0469704 0.055738 0.0635445 0.0696312 0.0734185 0.0746 0.0731961 0.0695346 0.0641462 0.0576245 0.0505147 0.0432571 0.036175 0.0294894 0.0233464 0.0178475 0.0130731 0.00908991 0.00593816
 0.00660694 0.0106167 0.0157989 0.0221333 0.0295758 0.037969 0.0469159 0.055754 0.063672 0.0698823 0.0737699 0.075004 0.0736014 0.0699018 0.0644501 0.0578474 0.0506396 0.0432668 0.0360574 0.0292443 0.0229916 0.0174197 0.0126226 0.00866954 0.00558904
 0.00662265 0.0106287 0.0157915 0.0220822 0.029453 0.037753 0.0466035 0.0553703 0.0632733 0.0695477 0.0735808 0.0750166 0.0738256 0.0702983 0.064947 0.0583647 0.0511083 0.0436366 0.0362973 0.029342 0.0229543 0.0172741 0.0124107 0.00843843 0.00537926
 0.00670844 0.0107472 0.01593 0.022213 0.0295373 0.0377496 0.0464786 0.0551069 0.0628796 0.0690639 0.0730784 0.0745865 0.0735547 0.0702418 0.0651104 0.0587033 0.0515446 0.0440846 0.0366842 0.0296206 0.0231066 0.0173091 0.0123577 0.00833675 0.00526631
 0.00680344 0.0108961 0.0161425 0.0224906 0.0298688 0.0381062 0.046811 0.0553509 0.0629715 0.0689619 0.0727804 0.0741361 0.0730326 0.0697456 0.0647276 0.0584868 0.0514995 0.0441724 0.0368408 0.02978 0.0232205 0.0173564 0.0123427 0.00828068 0.00519499
 0.00683553 0.0109546 0.0162423 0.0226497 0.0301041 0.0384259 0.0472058 0.055788 0.0633945 0.0692991 0.0729615 0.0741133 0.0727992 0.0693433 0.0642366 0.0580016 0.0510991 0.0438982 0.0366905 0.0297192 0.0232026 0.0173428 0.0123139 0.00823548 0.00514306
 0.00685124 0.0109798 0.0162805 0.0227065 0.030189 0.0385532 0.0473933 0.0560495 0.0637295 0.0696827 0.0733413 0.0744193 0.0729633 0.0693232 0.0640326 0.0576585 0.0506908 0.0435023 0.0363631 0.0294821 0.0230466 0.0172425 0.0122437 0.00817956 0.00509604
 0.00685898 0.0109893 0.0162893 0.0227107 0.030185 0.0385409 0.0473787 0.0560468 0.0637596 0.0697673 0.0734933 0.0746313 0.0732029 0.0695382 0.0641684 0.05768 0.0505974 0.0433266 0.0361552 0.029288 0.0228931 0.0171345 0.0121719 0.00813109 0.00506164
 0.00691308 0.0110641 0.0163774 0.0227971 0.0302509 0.0385709 0.0473665 0.0559976 0.0636885 0.069696 0.0734457 0.0746281 0.0732543 0.069637 0.0642887 0.057784 0.0506503 0.0433115 0.0360797 0.0291776 0.0227777 0.0170356 0.0120981 0.00808078 0.00502886
 0.00696168 0.0111355 0.0164701 0.0229026 0.0303544 0.038652 0.047403 0.0559711 0.063592 0.0695405 0.0732606 0.074454 0.0731299 0.0695869 0.0643156 0.0578689 0.0507596 0.0434097 0.036142 0.0291971 0.0227635 0.0170041 0.012064 0.00805258 0.00500884
 0.00696597 0.0111503 0.0165065 0.0229747 0.0304739 0.0388209 0.0476075 0.0561802 0.0637652 0.0696397 0.0732631 0.0743607 0.0729658 0.0693928 0.0641341 0.0577303 0.0506734 0.0433657 0.0361195 0.0291767 0.0227351 0.0169678 0.0120262 0.00801969 0.00498436
 0.00690774 0.0110666 0.0164015 0.0228614 0.0303733 0.0387583 0.0476072 0.0562587 0.0639225 0.0698541 0.0734934 0.0745578 0.0730902 0.0694293 0.0640948 0.057646 0.0505787 0.0432854 0.0360623 0.0291384 0.0227064 0.0169419 0.0120011 0.00799696 0.00496624
 0.00679305 0.0108955 0.0161732 0.0225862 0.0300716 0.0384575 0.0473389 0.056057 0.0638194 0.0698719 0.0736356 0.0748039 0.073398 0.0697461 0.0643742 0.0578614 0.0507274 0.0433818 0.036126 0.0291843 0.0227413 0.016967 0.0120165 0.0080042 0.00496806
 0.00672548 0.0107874 0.016014 0.0223688 0.0297951 0.0381314 0.0469866 0.0557153 0.0635325 0.0696816 0.0735714 0.0748764 0.0735966 0.0700398 0.064718 0.0582071 0.0510361 0.0436322 0.0363152 0.029321 0.0228378 0.0170339 0.0120611 0.00803187 0.00498362
 0.00670176 0.0107436 0.0159383 0.0222467 0.0296124 0.0378798 0.0466697 0.0553523 0.063158 0.0693404 0.0733107 0.0747359 0.0735987 0.0701841 0.0649805 0.0585462 0.0514032 0.0439831 0.036619 0.0295638 0.0230194 0.0171624 0.0121474 0.00808663 0.00501603
 0.00675368 0.0108043 0.0159854 0.0222438 0.0295174 0.0376592 0.0463122 0.0548754 0.062606 0.0687762 0.0728047 0.0743541 0.0733905 0.0701728 0.0651592 0.0588803 0.0518385 0.0444587 0.0370797 0.0299688 0.0233473 0.0174087 0.0123198 0.00819909 0.00508416
 0.00671044 0.0107495 0.0159298 0.0222021 0.0294982 0.0376518 0.0462811 0.0547691 0.0623802 0.0684199 0.0723525 0.0738782 0.0729775 0.0698973 0.0650654 0.0589754 0.0520957 0.0448274 0.0374989 0.0303816 0.0237109 0.0176995 0.0125327 0.00834229 0.00517261
