SBPRF35
6.80813
Curr Bio
494582
B35
476877
F35
0.226672
FOFL
0.226672
OFL
89123.8
Bzero
1.94518e+006
#pred survey bio
 4.02629e+006 3.96727e+006 3.53668e+006 3.15691e+006 2.93867e+006 2.68129e+006 2.4646e+006 2.26655e+006 2.03757e+006 1.7769e+006 1.53787e+006 1.33094e+006 1.11552e+006 990434 899209 827865 754994 713193 678774 623866 567074 543178 526934 520813 507926 504966 521896 530642 528131 529418 517357 498348 509706 545606 568594 581728 608400 595059 565655 562415 587237 617834 601549 609501 598627 579875 561975 602370 616151 604803 593346 586707 617939 640976 632541 603451 576008 546831 491417 482365 500876 1.18955e+007 1.04258e+007 1.03762e+007 1.0884e+007 1.1673e+007 1.25095e+007 1.3262e+007 1.38786e+007 1.43549e+007 1.47093e+007 1.49665e+007 1.51505e+007 1.52811e+007 1.53735e+007 1.54389e+007 1.54854e+007 1.55187e+007 1.55426e+007 1.55599e+007 1.55725e+007 1.55818e+007 1.55886e+007 1.55937e+007 1.55975e+007 1.56003e+007 1.56024e+007 1.5604e+007 1.56052e+007 1.56061e+007 1.56068e+007 1.56073e+007 1.56077e+007 1.5608e+007 1.56082e+007 1.56084e+007 1.56085e+007 1.56086e+007 1.56087e+007 1.56088e+007 1.56088e+007 1.56089e+007 1.56089e+007 1.56089e+007 1.56089e+007 1.56089e+007 1.56089e+007 1.56089e+007 1.56089e+007 1.56089e+007 1.56089e+007 1.5609e+007 1.5609e+007 1.5609e+007 1.5609e+007 1.5609e+007 1.5609e+007 1.5609e+007 1.5609e+007 1.5609e+007 1.5609e+007 1.5609e+007 1.5609e+007 1.5609e+007 1.5609e+007 1.5609e+007 1.5609e+007 1.5609e+007 1.5609e+007 1.5609e+007 1.5609e+007 1.5609e+007 1.5609e+007 1.5609e+007 1.5609e+007 1.5609e+007 1.5609e+007 1.5609e+007 1.5609e+007 1.5609e+007 1.5609e+007 1.5609e+007 1.5609e+007 1.5609e+007 1.5609e+007 1.5609e+007 1.5609e+007 1.5609e+007 1.5609e+007 1.5609e+007 1.5609e+007 1.5609e+007 1.5609e+007 1.5609e+007 1.5609e+007 1.5609e+007 1.5609e+007 1.5609e+007 1.5609e+007 1.5609e+007 1.5609e+007 0 0 0 0 0 0 0 0 0 0 0 0 0 0 0 0 0 0 0 0 0 0 0 0 0
#obs survey bio
 3.03823e+006 4.56761e+006 2.76839e+006 3.58242e+006 3.59798e+006 3.04937e+006 2.69219e+006 2.58018e+006 1.75914e+006 1.86638e+006 1.88677e+006 1.37448e+006 911850 759278 727481 736028 658532 866015 566445 698317 466866 638944 588428 648924 621677 439812 401880 629591 412634 709662 617672 484989 513845 708598 763764 470920 740889 563972 639795 399460 551209 810060 427297 745759 425282 549119 505243 824471 521442 595041 487984 594978 664681 801180 562893 391146 527458 562181 533482 443249 521048
#pred catch bio
 105361 105511 151822 208595 275156 274539 293942 311388 312937 312649 263290 288041 246500 246981 228239 214836 181325 153938 155267 134931 126140 124843 114902 115517 106161 105664 114825 101627 99198.1 98773.8 87035.7 97791.5 93987.2 94442.2 95790.9 86608 90942.3 86899.2 84544.1 90148.7 84304.4 80970.9 86926.9 88411.2 85265.6 94240.3 82597.6 87289.9 92657.8 94092.1 111129 92297.9 99587.1 111690 112643 109870 74846.9 98718 66727.2 62043.7 62645.2 89123.8 84911.5 82739.9 85562.7 91363.4 97684.9 103307 107798 111148 113530 115166 116261 116979 117443 117739 117926 118043 118116 118162 118190 118207 118218 118224 118228 118231 118232 118233 118234 118234 118234 118234 118234 118234 118234 118234 118234 118234 118234 118234 118234 118234 118234 118234 118234 118234 118234 118234 118234 118234 118234 118234 118234 118234 118234 118234 118234 118234 118234 118234 118234 118234 118234 118234 118234 118234 118234 118234 118234 118234 118234 118234 118234 118234 118234 118234 118234 118234 118234 118234 118234 118234 118234 118234 118234 118234 118234 118234 118234 118234 118234 118234 118234 118234 118234 118234 118234 118234 118234 118234 118234 0 0 0 0 0 0 0 0 0 0 0 0 0 0 0 0 0 0 0 0 0 0 0 0 0
#obs catch bio
 0 105138 151850 208819 275709 274398 294159 311562 312635 313379 262489 288219 246219 248225 228788 214828 181741 153604 155463 134454 126308 125083 114905 115545 105890 105911 115455 101267 99277.7 98875.8 86575.5 98195.5 94430 94329.4 95824.9 86659.1 90897.8 86775.1 84471.6 90422.1 84383.7 80722.3 87081.8 88409.4 85114.4 94315.5 82763.4 87221.8 92601.8 93907.5 111522 92218 99591.2 111725 112564 110301 74384.1 99197.3 66581.5 62071.8 62629.6
#pred cpue bio
 3.98259e+006 3.92438e+006 3.49735e+006 3.11986e+006 2.90207e+006 2.64557e+006 2.42923e+006 2.23121e+006 2.00293e+006 1.74385e+006 1.50639e+006 1.30149e+006 1.08842e+006 964222 873342 802352 730166 688715 655117 601648 546569 523203 507368 501514 489064 486210 502500 510907 508695 509995 498520 480406 491185 526042 548679 561386 585957 571250 542054 538913 562818 592557 577342 584839 574569 556691 539207 578034 591647 580826 569737 562808 592808 615096 606752 578139 551072 523748 470636 462453 480999 1.1443e+007 1.00249e+007 9.83767e+006 1.02414e+007 1.10073e+007 1.18403e+007 1.25923e+007 1.32088e+007 1.36852e+007 1.40395e+007 1.42968e+007 1.44807e+007 1.46113e+007 1.47037e+007 1.47691e+007 1.48156e+007 1.48489e+007 1.48728e+007 1.48901e+007 1.49027e+007 1.4912e+007 1.49188e+007 1.49239e+007 1.49277e+007 1.49305e+007 1.49327e+007 1.49342e+007 1.49354e+007 1.49363e+007 1.4937e+007 1.49376e+007 1.49379e+007 1.49382e+007 1.49385e+007 1.49386e+007 1.49388e+007 1.49389e+007 1.49389e+007 1.4939e+007 1.4939e+007 1.49391e+007 1.49391e+007 1.49391e+007 1.49391e+007 1.49392e+007 1.49392e+007 1.49392e+007 1.49392e+007 1.49392e+007 1.49392e+007 1.49392e+007 1.49392e+007 1.49392e+007 1.49392e+007 1.49392e+007 1.49392e+007 1.49392e+007 1.49392e+007 1.49392e+007 1.49392e+007 1.49392e+007 1.49392e+007 1.49392e+007 1.49392e+007 1.49392e+007 1.49392e+007 1.49392e+007 1.49392e+007 1.49392e+007 1.49392e+007 1.49392e+007 1.49392e+007 1.49392e+007 1.49392e+007 1.49392e+007 1.49392e+007 1.49392e+007 1.49392e+007 1.49392e+007 1.49392e+007 1.49392e+007 1.49392e+007 1.49392e+007 1.49392e+007 1.49392e+007 1.49392e+007 1.49392e+007 1.49392e+007 1.49392e+007 1.49392e+007 1.49392e+007 1.49392e+007 1.49392e+007 1.49392e+007 1.49392e+007 1.49392e+007 1.49392e+007 1.49392e+007 1.49392e+007 1.49392e+007 0 0 0 0 0 0 0 0 0 0 0 0 0 0 0 0 0 0 0 0 0 0 0 0 0
#obs cpue bio
 4.20261e+006 5.78141e+006 4.07403e+006 2.14873e+006 2.67888e+006 2.29014e+006 2.03752e+006 2.04243e+006 2.59921e+006 1.4134e+006 1.44394e+006 1.29112e+006 1.25516e+006 961641 1.11936e+006 1.05233e+006 695102 667101 740458 669591 514649 442761 460825 428522 451321 405201 581072 652030 510522 397694 577341 317182 377507 608998 394150 556103 619830 638345 454259 610288 594489 638692 594576 548458 850638 615498 396452 583276 724134 607374 608721 527154 569551 519736 714297 755096 746795 473412 434602 449830 501537
#pred surv len freq
 0.00424471 0.00699883 0.0107329 0.0154909 0.0211862 0.0275072 0.0339033 0.0397386 0.0445388 0.048143 0.0506648 0.0523407 0.0534016 0.0540209 0.0543162 0.054372 0.0542632 0.0540553 0.0537495 0.0531712 0.0518765 0.0492068 0.0445715 0.0378527 0.0296525
 0.00447434 0.00730134 0.0110598 0.0157599 0.0213114 0.0274432 0.0336735 0.0394255 0.0442379 0.0479123 0.0505039 0.0522112 0.0532717 0.0539017 0.0542675 0.0544733 0.054567 0.0545442 0.0543203 0.05366 0.0521207 0.0491156 0.0441669 0.0372555 0.0290213
 0.00461781 0.00756321 0.0115009 0.0164386 0.0222515 0.0285939 0.0348906 0.0405011 0.0449778 0.048217 0.0503987 0.0518095 0.0527053 0.0532722 0.0536415 0.0539039 0.054104 0.0542169 0.0541073 0.0534777 0.0518514 0.0486669 0.0435253 0.0364967 0.0282703
 0.00473623 0.00776307 0.0118178 0.0169166 0.0229403 0.0295373 0.0361044 0.0419435 0.0465284 0.0496829 0.0515604 0.0524929 0.0528417 0.0529118 0.0529158 0.052969 0.0530964 0.0532317 0.0531874 0.0526121 0.0509898 0.0477575 0.0425581 0.0355232 0.0273818
 0.00484697 0.00795668 0.0121347 0.0174039 0.0236436 0.0304871 0.0373033 0.0433611 0.0481028 0.0513219 0.0531375 0.0538477 0.0538022 0.0533398 0.0527561 0.0522694 0.0519863 0.051871 0.0517159 0.0511195 0.0495163 0.0463196 0.0411824 0.034264 0.0263101
 0.00508286 0.00832902 0.0126752 0.0181374 0.0245868 0.0316464 0.0386684 0.0448987 0.0497556 0.0530123 0.0547731 0.0553228 0.0549974 0.054127 0.0530183 0.0519337 0.0510547 0.0504276 0.0499024 0.0490946 0.0474225 0.0442741 0.0392858 0.0326074 0.0249658
 0.0053009 0.00869009 0.01323 0.0189348 0.0256618 0.0330024 0.0402624 0.0466435 0.0515404 0.0547329 0.0563499 0.0566987 0.0561203 0.0549314 0.053419 0.0518381 0.0503913 0.0491798 0.0481293 0.0469269 0.0450382 0.0418661 0.0370349 0.0306604 0.0234165
 0.00550322 0.00902802 0.0137557 0.0197037 0.0267223 0.0343785 0.0419354 0.0485419 0.0535478 0.0567099 0.0581611 0.0582348 0.0573071 0.0557242 0.0537843 0.0517357 0.0497711 0.0480009 0.0463941 0.0447103 0.0424958 0.0392141 0.0345076 0.0284602 0.0216722
 0.00573472 0.00940606 0.0143283 0.0205179 0.027817 0.0357721 0.0436113 0.050441 0.055573 0.0587398 0.0600665 0.0598924 0.0586123 0.0565994 0.0541803 0.0516229 0.049127 0.046807 0.044651 0.0424687 0.039884 0.0364391 0.0318209 0.0260969 0.0197906
 0.00596896 0.00979406 0.0149254 0.0213796 0.0289875 0.0372662 0.0453973 0.0524362 0.057658 0.0607839 0.0619484 0.0615097 0.0598805 0.0574499 0.0545594 0.051491 0.0484574 0.0455854 0.0428846 0.0402072 0.0372451 0.0336188 0.0290688 0.0236581 0.0178386
 0.00619897 0.0101796 0.0155273 0.0222619 0.0302042 0.0388404 0.0472997 0.0545767 0.059899 0.0629673 0.0639246 0.0631566 0.0611116 0.0582115 0.0548217 0.0512372 0.0476758 0.0442702 0.0410466 0.0378959 0.0345731 0.0307736 0.0262925 0.0211931 0.0158608
 0.00632677 0.0103945 0.0158653 0.0227643 0.0309138 0.0397925 0.04851 0.0560311 0.0615484 0.0647291 0.0656897 0.0648012 0.0625131 0.0592643 0.0554465 0.0513817 0.0473097 0.0433807 0.0396422 0.0360218 0.0323317 0.0283347 0.0238767 0.0190244 0.014106
 0.00663522 0.0108956 0.0166177 0.0238196 0.0323034 0.0415087 0.0504893 0.0581539 0.0636611 0.0666805 0.0673591 0.0661083 0.0634116 0.0597293 0.0554647 0.0509458 0.0464164 0.0420326 0.0378564 0.0338463 0.0298655 0.0257382 0.021357 0.0167909 0.0123128
 0.00678428 0.0111592 0.0170539 0.0244958 0.0332815 0.042821 0.0521152 0.0600108 0.0656176 0.0685834 0.0690629 0.0674962 0.0644052 0.0602887 0.0555791 0.0506208 0.045663 0.040864 0.0362946 0.0319378 0.0276998 0.0234576 0.0191436 0.0148281 0.0107358
 0.00698131 0.0114836 0.0175502 0.0252102 0.0342548 0.0440763 0.0536421 0.0617544 0.0674785 0.0704293 0.0707479 0.0688832 0.0653872 0.0608025 0.0556074 0.0501815 0.0447933 0.0396068 0.0346962 0.0300575 0.0256261 0.0213184 0.0170974 0.0130317 0.00930225
 0.00719827 0.0118257 0.0180458 0.0258795 0.0351082 0.0451112 0.0548381 0.063071 0.0688576 0.0718013 0.0720366 0.070008 0.0662661 0.0613601 0.0557866 0.0499534 0.0441596 0.0385954 0.033355 0.0284533 0.0238501 0.0194895 0.0153541 0.0115066 0.00808875
 0.00743072 0.0121994 0.0185992 0.0266425 0.036093 0.0463001 0.0561742 0.0644609 0.070192 0.0729836 0.0730028 0.0707286 0.0667321 0.0615667 0.055723 0.0496041 0.0435125 0.0376527 0.0321412 0.0270198 0.0222775 0.0178848 0.0138381 0.0101912 0.00704917
 0.0075259 0.0123505 0.0188205 0.0269467 0.0364912 0.0468007 0.0567791 0.0651605 0.0709612 0.0737821 0.07378 0.071432 0.0673157 0.0619943 0.0559668 0.0496397 0.0433176 0.0372115 0.0314538 0.0261128 0.0212094 0.0167437 0.0127283 0.00921052 0.00626546
 0.00754133 0.0123648 0.0188229 0.0269226 0.0364289 0.0467015 0.0566651 0.0650753 0.0709602 0.0739167 0.0740801 0.0718948 0.0679033 0.0626414 0.0565943 0.0501694 0.0436831 0.0373642 0.0313683 0.0257922 0.0206901 0.0160935 0.0120352 0.0085624 0.00572839
 0.00765257 0.012543 0.0190844 0.0272769 0.0368713 0.047206 0.0571813 0.0655361 0.0713034 0.0741091 0.0741319 0.0718525 0.0678278 0.0625815 0.056569 0.0501646 0.0436593 0.0372722 0.0311656 0.0254568 0.0202294 0.0155462 0.011462 0.00802956 0.00528759
 0.00774746 0.0126834 0.0192707 0.0275012 0.0371222 0.0474726 0.0574553 0.0658086 0.0715592 0.0743249 0.0742819 0.0719203 0.0678168 0.0625158 0.0564826 0.0500837 0.0435889 0.0371935 0.0310454 0.0252642 0.0199517 0.0151971 0.0110788 0.00766015 0.00497361
 0.00768783 0.0126189 0.0192322 0.0275348 0.0372725 0.0477607 0.0578618 0.0662762 0.0720142 0.0747044 0.0745497 0.0720672 0.0678511 0.0624557 0.0563527 0.0499121 0.0434008 0.0370028 0.0308501 0.0250511 0.019708 0.0149224 0.0107896 0.00738432 0.00473876
 0.00772851 0.0126662 0.0192709 0.0275452 0.0372436 0.0477054 0.0578235 0.0663154 0.0721778 0.0749961 0.0749224 0.0724424 0.0681533 0.062639 0.0564081 0.0498588 0.0432715 0.0368293 0.0306549 0.0248444 0.0194921 0.0146993 0.0105678 0.00717873 0.00456546
 0.00771525 0.0126449 0.0192384 0.0274962 0.0371695 0.0475948 0.0576673 0.0661171 0.0719643 0.074819 0.0748425 0.0725029 0.0683553 0.0629387 0.0567368 0.0501521 0.0434896 0.0369613 0.0307093 0.0248373 0.0194386 0.0146129 0.010462 0.0070686 0.00446553
 0.00782152 0.012797 0.0194291 0.0277053 0.037369 0.0477574 0.0577723 0.066152 0.0719238 0.0747063 0.0746741 0.0723112 0.0681833 0.0628247 0.0566971 0.0501743 0.0435406 0.037005 0.0307212 0.0248091 0.0193755 0.0145262 0.0103652 0.00697443 0.00438411
 0.00785021 0.0128436 0.0194982 0.0277987 0.0374822 0.0478763 0.0578727 0.0662052 0.0719073 0.0746145 0.074522 0.0721293 0.0680078 0.0626879 0.0566213 0.0501667 0.0435914 0.0370898 0.03081 0.0248768 0.0194088 0.014525 0.0103382 0.00693401 0.00434201
 0.00775234 0.0127072 0.0193348 0.0276337 0.0373476 0.0477992 0.0578655 0.066261 0.0720035 0.0747204 0.0746088 0.0721789 0.0680184 0.0626736 0.0566049 0.0501706 0.0436288 0.0371602 0.0309 0.0249669 0.0194811 0.0145696 0.010355 0.00693029 0.00432751
 0.00784646 0.0128315 0.0194701 0.0277476 0.0374078 0.0477918 0.0578064 0.0661911 0.071967 0.0747407 0.0746764 0.0722588 0.06807 0.0626703 0.0565442 0.0500709 0.0435182 0.0370637 0.030831 0.0249254 0.019458 0.0145537 0.0103389 0.00691176 0.00430838
 0.00791114 0.012917 0.0195616 0.0278161 0.037415 0.0477003 0.0575926 0.0658578 0.0715511 0.0743109 0.0743166 0.0720397 0.0680228 0.0627779 0.0567549 0.0503247 0.0437693 0.0372889 0.0310247 0.0250888 0.0195925 0.0146586 0.0104138 0.00695925 0.00433427
 0.0078162 0.0127932 0.0194301 0.027712 0.0373729 0.0477333 0.0576783 0.0659419 0.0715705 0.0742238 0.0741243 0.0717878 0.0677825 0.0626166 0.0567108 0.0503965 0.0439253 0.0374858 0.0312252 0.0252698 0.0197433 0.0147762 0.0104992 0.0070162 0.00436839
 0.0078958 0.0128849 0.0195011 0.0277145 0.0372647 0.0475052 0.05737 0.0656305 0.0713338 0.0741003 0.0740979 0.0718075 0.0677995 0.0626134 0.0567042 0.0504191 0.0440005 0.0376152 0.0313904 0.0254443 0.0199038 0.0149087 0.0105988 0.00708455 0.00441101
 0.00788182 0.0128681 0.0194844 0.0276988 0.0372411 0.0474493 0.0572445 0.0654019 0.0709977 0.0736988 0.0737106 0.0715178 0.0676569 0.0626181 0.0568211 0.0506055 0.0442262 0.0378636 0.0316496 0.0256996 0.0201376 0.0151056 0.0107507 0.00719138 0.00447944
 0.00777879 0.0127423 0.0193716 0.0276565 0.0373307 0.0477077 0.0576594 0.0659055 0.0714836 0.0740563 0.0738619 0.0714433 0.0673984 0.0622568 0.056443 0.0502736 0.0439705 0.0376888 0.0315473 0.0256557 0.0201356 0.015128 0.010782 0.00722087 0.00450179
 0.00768752 0.0125747 0.0190879 0.0272181 0.0367229 0.0469667 0.056887 0.0652508 0.0710907 0.0740024 0.074125 0.0719181 0.0679486 0.0627714 0.0568673 0.0506065 0.0442405 0.0379273 0.0317729 0.0258719 0.020336 0.0153031 0.0109237 0.00732607 0.00457286
 0.00782498 0.0127492 0.0192586 0.0273137 0.0366573 0.0466678 0.0563277 0.0644689 0.0701906 0.073136 0.0734524 0.0715571 0.0679357 0.0630544 0.0573364 0.0511441 0.0447612 0.0383903 0.0321707 0.0262109 0.0206224 0.0155384 0.0111077 0.00746032 0.00466298
 0.00865614 0.0139438 0.0207635 0.0289731 0.0382467 0.0479562 0.0571327 0.0646859 0.0698012 0.0722092 0.0721383 0.070063 0.0664803 0.0618134 0.056403 0.0505215 0.0443891 0.038186 0.0320641 0.026158 0.0206009 0.0155374 0.0111194 0.00747746 0.0046797
 0.00922956 0.0148783 0.022164 0.0309112 0.0407137 0.0508066 0.0600531 0.0672362 0.0715371 0.0728335 0.0715964 0.0685371 0.064301 0.0593497 0.0539739 0.048348 0.0425818 0.0367626 0.030983 0.0253556 0.0200167 0.0151234 0.0108381 0.00729715 0.00457222
 0.00922862 0.0149606 0.0224435 0.0315471 0.041871 0.0525893 0.062436 0.0700293 0.0744019 0.0753489 0.0733576 0.0692612 0.0639051 0.0579673 0.0519018 0.0459482 0.0401831 0.0345976 0.0291726 0.0239283 0.0189442 0.014352 0.0103086 0.00695316 0.00436304
 0.00898031 0.0145966 0.0219752 0.0310264 0.0413967 0.0523047 0.0625135 0.0706308 0.0756156 0.0771237 0.0754744 0.0713691 0.0656182 0.0589833 0.052091 0.0453768 0.0390673 0.0332157 0.0277777 0.0226944 0.0179549 0.0136194 0.00980245 0.00662611 0.00416591
 0.00885265 0.0143777 0.0216276 0.0305154 0.0407083 0.0514712 0.0616339 0.0698711 0.0751774 0.0771874 0.0761353 0.0725897 0.0672166 0.0606697 0.053549 0.0463607 0.0394733 0.0330959 0.0272946 0.0220462 0.0173084 0.0130766 0.00940057 0.0063579 0.00400277
 0.00880578 0.0143042 0.0215203 0.030366 0.0405046 0.0511962 0.0612721 0.0694227 0.0746777 0.0767199 0.0758248 0.0725678 0.0675682 0.0613847 0.0545058 0.047357 0.0402962 0.0335981 0.027439 0.0218992 0.0169938 0.0127183 0.00908484 0.00612295 0.00384987
 0.00877348 0.0142349 0.021386 0.0301327 0.0401435 0.0506999 0.0606656 0.0687618 0.0740336 0.0761613 0.0754104 0.0723504 0.0675989 0.0617014 0.0551067 0.0481768 0.0412068 0.034443 0.0280878 0.0222917 0.0171487 0.0127079 0.00899417 0.00601768 0.00376483
 0.00886896 0.0143597 0.0215168 0.0302265 0.0401465 0.0505628 0.0603609 0.0682935 0.0734395 0.0755074 0.0747787 0.0718242 0.0672484 0.0615758 0.0552289 0.0485362 0.0417519 0.0350828 0.0287113 0.0228016 0.0174928 0.0128887 0.00905341 0.00600958 0.00373324
 0.00868478 0.0141311 0.0213009 0.0301129 0.0402234 0.0508684 0.0608479 0.0688345 0.0738752 0.0757101 0.0746979 0.0714941 0.0667647 0.0610583 0.0547884 0.0482513 0.041656 0.0351609 0.0289077 0.02304 0.0177032 0.0130301 0.00912014 0.00602118 0.00371705
 0.00872853 0.0141559 0.0212575 0.0299405 0.0398815 0.0503778 0.0603102 0.068405 0.0736912 0.0758175 0.0750256 0.0718948 0.0670932 0.0612359 0.0548215 0.0482066 0.0416159 0.0351852 0.0290143 0.0232074 0.0178882 0.0131903 0.00923179 0.00608247 0.00374111
 0.00872931 0.0141703 0.0213001 0.0300239 0.0400029 0.0505052 0.060383 0.0683585 0.0734984 0.0755188 0.0747176 0.0716782 0.067016 0.0612737 0.054906 0.0482757 0.0416482 0.0351985 0.0290406 0.0232662 0.0179757 0.0132865 0.00931466 0.00613968 0.00377245
 0.00880444 0.0142934 0.0214875 0.0302911 0.0403613 0.0509542 0.0608999 0.068891 0.0739671 0.075835 0.0748141 0.0715394 0.0666863 0.060836 0.0544429 0.0478399 0.0412589 0.0348592 0.0287555 0.0230432 0.0178189 0.0131893 0.0092612 0.00611226 0.00375767
 0.00861198 0.0140114 0.021121 0.0298675 0.0399253 0.0505593 0.0605993 0.0687304 0.0739755 0.076014 0.0751311 0.0719318 0.0670805 0.0611733 0.0546965 0.0480145 0.0413762 0.0349414 0.028818 0.023095 0.0178654 0.0132329 0.00930098 0.00614525 0.00378152
 0.0086306 0.0140056 0.021048 0.0296707 0.0395562 0.0500082 0.0599178 0.0680267 0.0733816 0.07564 0.0750314 0.0720968 0.0674499 0.0616605 0.0552142 0.0484954 0.0417832 0.0352653 0.0290677 0.0232857 0.0180111 0.0133439 0.00938385 0.0062045 0.00382105
 0.0086262 0.0140171 0.0210966 0.0297792 0.0397334 0.0502295 0.0601181 0.0681186 0.0732962 0.0753677 0.0746345 0.0716831 0.0671245 0.0614846 0.0551917 0.0485864 0.041931 0.0354207 0.0292012 0.0233877 0.0180845 0.0133959 0.00942109 0.00623108 0.00383934
 0.00863597 0.0140317 0.0211173 0.0298096 0.0397817 0.0503092 0.0602432 0.0682922 0.0734962 0.0755438 0.0747238 0.0716417 0.0669541 0.0612352 0.0549367 0.0483873 0.0418145 0.0353786 0.0292063 0.0234122 0.0181105 0.0134162 0.00943523 0.00624075 0.00384603
 0.00874858 0.0142229 0.0214185 0.0302507 0.0403796 0.0510519 0.0610787 0.0691317 0.0742352 0.076089 0.0750115 0.0716431 0.0666737 0.0607106 0.0542377 0.0476061 0.0410446 0.0346921 0.0286408 0.0229734 0.0177846 0.0131828 0.00927455 0.00613577 0.0037819
 0.00863769 0.0140471 0.0211646 0.0299156 0.0399778 0.0506237 0.0606919 0.0688698 0.0741707 0.0762539 0.0753818 0.0721454 0.0672107 0.0611897 0.0545941 0.047815 0.0411201 0.034675 0.0285789 0.0229048 0.0177298 0.0131467 0.0092538 0.00612487 0.00377654
 0.00866177 0.0140694 0.0211669 0.0298706 0.0398568 0.0504087 0.0603884 0.0685123 0.0738192 0.07598 0.0752487 0.0721877 0.0674206 0.0615183 0.0549674 0.0481585 0.0413822 0.0348373 0.0286537 0.0229209 0.0177174 0.0131276 0.00923833 0.00611546 0.00377185
 0.00889091 0.0144143 0.021633 0.0304405 0.0404892 0.0510424 0.0609466 0.0689145 0.074 0.075912 0.0749563 0.0717414 0.0669135 0.0610346 0.0545583 0.0478349 0.0411243 0.0346149 0.0284446 0.0227199 0.0175326 0.0129711 0.00911825 0.00603218 0.0037196
 0.00905897 0.0146943 0.0220648 0.0310593 0.0413107 0.0520422 0.0620448 0.0699795 0.0748776 0.0764689 0.0751169 0.0715041 0.0663439 0.0602427 0.0536675 0.0469525 0.0403216 0.0339235 0.0278668 0.0222446 0.0171486 0.0126709 0.00889554 0.00587825 0.00362173
 0.00897589 0.0146044 0.0220133 0.0311173 0.0415578 0.0525368 0.0627965 0.0709358 0.0759309 0.077478 0.0759365 0.0720157 0.0664826 0.0600113 0.0531322 0.0462204 0.0395096 0.03313 0.0271563 0.0216478 0.0166714 0.0123061 0.00863034 0.00569679 0.00350638
 0.00871239 0.0141618 0.0213268 0.0301337 0.0402668 0.0510103 0.0612124 0.0695562 0.075028 0.0772387 0.0763964 0.0730544 0.0678752 0.0615051 0.0545147 0.0473598 0.0403619 0.0337187 0.0275394 0.021888 0.0168189 0.0123948 0.00868149 0.00572428 0.00351977
 0.00882641 0.0143446 0.0215932 0.0304852 0.040679 0.0514225 0.0615298 0.0696769 0.0748918 0.0768694 0.0759059 0.0725976 0.0675793 0.0614167 0.054593 0.0475111 0.0404902 0.0337643 0.0274905 0.0217687 0.016668 0.0122468 0.00855769 0.0056326 0.00345862
 0.00859095 0.0139776 0.0210723 0.0298059 0.0398614 0.0505165 0.060615 0.0688504 0.0742416 0.0764503 0.075734 0.0726665 0.0678808 0.0619433 0.0553208 0.0483815 0.0414108 0.0346326 0.0282256 0.0223316 0.0170611 0.0124997 0.00870903 0.00571746 0.00350334
 0.00836089 0.0136079 0.0205253 0.0290532 0.038894 0.0493591 0.0593392 0.0675742 0.07311 0.0756003 0.0752607 0.072605 0.0682091 0.062601 0.0562301 0.0494593 0.0425708 0.0357845 0.0292829 0.0232266 0.017759 0.0130014 0.00904239 0.00592269 0.00362057
#obs surv len freq
 nan nan nan nan nan nan nan nan nan nan nan nan nan nan nan nan nan nan nan nan nan nan nan nan nan
 0.00448368 0.0073449 0.0111752 0.0159926 0.0216951 0.0279729 0.034289 0.0400215 0.0447012 0.0481641 0.0505203 0.052014 0.0529041 0.0534145 0.0537271 0.0539807 0.0542584 0.0545505 0.0546889 0.0542807 0.0527187 0.0493512 0.0438015 0.0362823 0.0276669
 0.00461539 0.00756001 0.0115005 0.0164527 0.0223067 0.0287354 0.0351757 0.0409766 0.0456471 0.0490162 0.0512028 0.0524715 0.0531072 0.0533609 0.0534376 0.0534915 0.0536123 0.0537901 0.0538531 0.0534064 0.0518446 0.0485201 0.0430578 0.0356637 0.027194
 0.00477616 0.00782432 0.0119037 0.0170294 0.0230836 0.0297203 0.0363455 0.0422725 0.0469812 0.050286 0.0523073 0.0533228 0.0536394 0.0535358 0.0532474 0.0529578 0.0527797 0.0527172 0.0526058 0.0520549 0.0504643 0.0471914 0.0418608 0.0346643 0.0264288
 0.00496453 0.00813237 0.0123709 0.0176939 0.0239758 0.0308514 0.0376954 0.0437844 0.048567 0.0518409 0.0537235 0.0544996 0.0544897 0.0539917 0.0532669 0.0525285 0.051921 0.0514786 0.0510625 0.0503039 0.0486207 0.0453824 0.0402121 0.0332785 0.0253637
 0.00518106 0.00848592 0.0129059 0.0184529 0.0249915 0.0321341 0.0392203 0.0454865 0.0503501 0.0535946 0.0553391 0.0558784 0.0555448 0.0546488 0.0534663 0.0522308 0.0511133 0.0501821 0.0493384 0.0482556 0.0463915 0.043144 0.0381402 0.03152 0.0240039
 0.00541816 0.00887336 0.0134927 0.0192861 0.0261071 0.0335434 0.040895 0.0473536 0.0523023 0.0555106 0.0571025 0.0573883 0.0567172 0.0554142 0.053767 0.0520199 0.0503599 0.0488813 0.0475264 0.0460233 0.0438905 0.0405752 0.0357228 0.0294438 0.0223857
 0.00566416 0.00927667 0.014106 0.0201606 0.027283 0.0350341 0.0426712 0.0493376 0.0543787 0.0575487 0.0589772 0.0589922 0.0579641 0.0562372 0.0541133 0.051847 0.0496344 0.0475871 0.0456808 0.0436995 0.0412332 0.0377964 0.0330681 0.027137 0.0205719
 0.00590479 0.00967339 0.0147134 0.0210334 0.0284653 0.036543 0.0444793 0.051367 0.0565116 0.0596495 0.060915 0.0606537 0.0592587 0.057096 0.0544857 0.0516949 0.0489286 0.0463105 0.0438431 0.0413611 0.0385271 0.0349317 0.0302999 0.0247074 0.0186457
 0.00615622 0.0100827 0.0153306 0.0219061 0.0296307 0.0380145 0.0462322 0.0533314 0.0585808 0.0616979 0.062817 0.0622967 0.0605492 0.0579617 0.0548736 0.0515669 0.0482576 0.0450812 0.0420632 0.0390835 0.0358738 0.0321012 0.027543 0.0222691 0.0166993
 0.00637274 0.0104426 0.0158868 0.0227124 0.0307306 0.0394237 0.0479218 0.0552234 0.0605614 0.0636418 0.0646076 0.0638363 0.061759 0.0587793 0.0552496 0.0514628 0.0476443 0.0439412 0.0404014 0.0369463 0.0333714 0.0294174 0.0249138 0.0199303 0.014822
 0.00661004 0.010828 0.0164665 0.0235298 0.031819 0.0407942 0.0495492 0.0570399 0.0624629 0.0655057 0.0663132 0.0652792 0.0628598 0.0594835 0.0555232 0.0512839 0.046997 0.0428157 0.0388038 0.0349181 0.0310116 0.0268922 0.0224396 0.0177259 0.0130481
 0.00683883 0.0112024 0.0170343 0.0243361 0.0328965 0.0421483 0.051144 0.0587947 0.0642661 0.0672376 0.0678656 0.0665653 0.0638144 0.0600612 0.0556955 0.0510353 0.0463206 0.0417116 0.0372847 0.0330248 0.0288329 0.0245754 0.0201765 0.0157112 0.0114262
 0.00706733 0.0115794 0.0176116 0.0251641 0.034013 0.0435606 0.0528116 0.0606247 0.0661273 0.0689885 0.069381 0.0677517 0.0646145 0.0604491 0.0556679 0.050602 0.0454961 0.040513 0.0357365 0.0311722 0.0267589 0.0224102 0.0180869 0.0138651 0.00994682
 0.00727169 0.011912 0.0181129 0.0258726 0.0349585 0.044753 0.0542281 0.062203 0.0677712 0.0705821 0.0708071 0.068907 0.065421 0.0608606 0.0556693 0.0502026 0.0447201 0.0393916 0.0343075 0.0294882 0.0249 0.0204921 0.0162521 0.0122543 0.00866133
 0.00745316 0.0122129 0.0185761 0.0265406 0.035863 0.0459 0.0555839 0.0636919 0.0692885 0.0720169 0.0720609 0.0699021 0.0661006 0.0611879 0.055627 0.0497928 0.0439623 0.0383186 0.0329639 0.0279329 0.0232133 0.018779 0.0146347 0.0108489 0.00754841
 0.00754274 0.0123623 0.0188086 0.0268823 0.0363398 0.0465316 0.0563757 0.0646278 0.0703284 0.0730997 0.073111 0.0708401 0.0668533 0.0616963 0.0558502 0.0497087 0.043567 0.0376263 0.0320067 0.0267634 0.0219061 0.0174299 0.0133511 0.0097298 0.00666114
 0.00758458 0.0124249 0.0188939 0.0269906 0.0364736 0.0466998 0.0565956 0.0649233 0.0707227 0.0736054 0.0737208 0.0715214 0.0675502 0.0623371 0.0563602 0.0500224 0.0436375 0.037431 0.0315504 0.0260786 0.0210535 0.0164934 0.0124261 0.00890497 0.00599808
 0.00766729 0.0125493 0.0190618 0.0271965 0.0367054 0.0469413 0.0568304 0.065139 0.0709165 0.0737878 0.0739143 0.0717508 0.0678285 0.0626545 0.0566809 0.0502909 0.0437922 0.0374196 0.0313431 0.0256766 0.0204913 0.015834 0.0117487 0.00828603 0.0054931
 0.00774069 0.0126666 0.0192341 0.0274306 0.0370007 0.0472853 0.0571959 0.0654868 0.0712059 0.0739902 0.0740238 0.0717859 0.0678237 0.0626457 0.05669 0.0503157 0.0438056 0.0373786 0.031205 0.0254161 0.0201118 0.0153699 0.0112558 0.00782491 0.00511063
 0.00777967 0.0127265 0.0193178 0.0275394 0.0371345 0.0474434 0.0573763 0.0656841 0.0714088 0.0741813 0.0741829 0.0718972 0.0678825 0.062661 0.0566803 0.0502987 0.0437866 0.0373456 0.0311324 0.0252772 0.0198941 0.0150839 0.010934 0.00751042 0.00484132
 0.0078407 0.0128163 0.0194355 0.0276781 0.037283 0.04759 0.0575117 0.0658029 0.0715093 0.074265 0.0742516 0.0719504 0.0679169 0.0626725 0.0566675 0.0502652 0.0437385 0.037285 0.0310535 0.0251678 0.0197434 0.0148922 0.0107169 0.00729392 0.00465185
 0.00784378 0.0128237 0.0194509 0.0277053 0.0373243 0.0476437 0.0575706 0.0658565 0.071549 0.0742881 0.0742643 0.0719635 0.06794 0.0627091 0.0567136 0.0503122 0.0437771 0.0373077 0.0310536 0.0251387 0.0196799 0.0147947 0.0105945 0.00716337 0.00453186
 0.00787332 0.012863 0.0194942 0.0277428 0.0373456 0.0476431 0.0575508 0.0658274 0.071522 0.0742711 0.0742588 0.0719678 0.0679526 0.0627303 0.0567446 0.0503519 0.0438206 0.0373472 0.0310799 0.0251437 0.0196583 0.0147463 0.010525 0.00708408 0.00445574
 0.00787249 0.0128628 0.0194955 0.0277458 0.037349 0.047642 0.0575376 0.0657944 0.0714669 0.0742006 0.0741879 0.0719135 0.0679278 0.0627394 0.0567842 0.050414 0.0438955 0.0374244 0.0311492 0.0251956 0.0196862 0.0147479 0.0105039 0.00704822 0.00441529
 0.00790337 0.0129051 0.0195445 0.0277927 0.0373834 0.0476564 0.0575299 0.0657678 0.0714262 0.0741496 0.0741291 0.071851 0.0678686 0.0626932 0.0567596 0.050415 0.04392 0.0374653 0.0311963 0.0252387 0.0197168 0.0147614 0.0105004 0.00703216 0.00439332
 0.00792762 0.012943 0.0195985 0.0278628 0.0374657 0.0477421 0.0576054 0.0658172 0.0714373 0.0741187 0.0740626 0.0717622 0.0677725 0.0626029 0.0566846 0.0503615 0.0438907 0.0374586 0.0312068 0.0252579 0.019736 0.0147739 0.0105031 0.00702617 0.00438217
 0.00792564 0.0129409 0.0195974 0.0278646 0.0374726 0.0477561 0.0576267 0.0658437 0.0714636 0.0741374 0.0740662 0.0717469 0.0677399 0.0625595 0.0566399 0.0503246 0.0438679 0.0374525 0.0312156 0.025277 0.0197586 0.0147937 0.0105161 0.00703145 0.0043814
 0.007886 0.0128774 0.0195041 0.0277375 0.0373123 0.0475697 0.0574303 0.0656606 0.0713192 0.0740515 0.0740473 0.0717904 0.0678315 0.0626811 0.0567752 0.0504622 0.0440017 0.0375797 0.0313345 0.0253848 0.0198518 0.014869 0.0105717 0.00706814 0.00440262
 0.00786938 0.0128424 0.0194368 0.027621 0.0371317 0.04732 0.0571233 0.0653261 0.0709991 0.0737891 0.073877 0.0717305 0.0678825 0.0628272 0.0569896 0.0507147 0.0442651 0.0378336 0.0315659 0.0255862 0.0200194 0.0150012 0.0106694 0.00713485 0.00444411
 0.00786514 0.0128352 0.0194247 0.0276003 0.0370957 0.0472583 0.0570232 0.0651771 0.0707999 0.0735533 0.0736341 0.0715188 0.0677382 0.0627733 0.0570306 0.0508373 0.0444447 0.0380417 0.0317773 0.025782 0.0201878 0.0151365 0.0107708 0.00720523 0.00448889
 0.00783134 0.0127828 0.0193507 0.0275041 0.036979 0.0471254 0.0568804 0.0650315 0.0706568 0.0734156 0.0735034 0.0714005 0.0676442 0.0627214 0.0570384 0.0509142 0.0445868 0.0382326 0.0319927 0.0259971 0.0203823 0.0152979 0.0108941 0.00729196 0.00454481
 0.00780901 0.0127413 0.0192791 0.02739 0.0368128 0.0469065 0.0566215 0.0647586 0.0704023 0.073208 0.07336 0.0713251 0.0676308 0.0627614 0.0571255 0.0510461 0.0447617 0.0384443 0.0322278 0.0262365 0.0206056 0.0154887 0.0110435 0.00739902 0.00461482
 0.00777943 0.0126921 0.0192027 0.0272783 0.0366581 0.0467042 0.0563734 0.0644756 0.0701059 0.0729279 0.0731288 0.0711704 0.0675687 0.0627927 0.0572389 0.0512238 0.0449855 0.0386981 0.0324965 0.0265039 0.0208546 0.0157039 0.0112149 0.00752393 0.00469781
 0.00774728 0.0126409 0.0191279 0.0271759 0.0365256 0.0465412 0.0561824 0.0642631 0.0698818 0.0727055 0.0729245 0.0710033 0.0674582 0.0627547 0.0572809 0.0513426 0.0451683 0.0389264 0.0327495 0.0267612 0.0210978 0.0159171 0.0113875 0.00765213 0.00478452
 0.00935188 0.0148861 0.0218355 0.0299563 0.0388913 0.0480878 0.0567317 0.0638889 0.068825 0.0712508 0.0713106 0.0693918 0.0659447 0.0613916 0.0560963 0.0503493 0.044367 0.038307 0.0322934 0.0264436 0.020891 0.0157934 0.011321 0.00762111 0.00477282
 0.00933408 0.0151547 0.0227642 0.0320083 0.0424176 0.0530544 0.0625473 0.0695011 0.0730947 0.0734015 0.0711838 0.0673878 0.0627445 0.0576659 0.05234 0.0468563 0.0412799 0.0356783 0.0301275 0.0247193 0.0195706 0.0148271 0.0106505 0.00718379 0.00450698
 0.00898856 0.0146122 0.0220054 0.0310855 0.0415082 0.0524966 0.062799 0.0709761 0.0759143 0.0772101 0.0751937 0.0706776 0.0646427 0.057983 0.0513376 0.0450303 0.0391278 0.0335641 0.028258 0.0231804 0.0183744 0.0139465 0.0100385 0.00678479 0.00426482
 0.00878865 0.0142781 0.0214869 0.0303343 0.0404972 0.0512544 0.0614524 0.0697772 0.0752176 0.0773738 0.0764208 0.0728688 0.0673656 0.0606133 0.053309 0.0460489 0.0392293 0.0330129 0.0273841 0.0222545 0.0175601 0.0133112 0.00958658 0.00648861 0.00408574
 0.00872759 0.0141697 0.0213059 0.0300486 0.0400722 0.0506619 0.060685 0.0688668 0.0742544 0.0765189 0.0758939 0.0728925 0.0680694 0.0619394 0.0549904 0.0476963 0.0404893 0.0337035 0.0275303 0.0220231 0.0171544 0.0128912 0.00924059 0.00624333 0.00393133
 0.00870393 0.0141275 0.0212345 0.0299344 0.0398985 0.0504114 0.0603427 0.0684244 0.0737167 0.0759142 0.0752872 0.0723928 0.0678161 0.062059 0.0555318 0.0485819 0.0415231 0.0346453 0.0281963 0.0223505 0.0171975 0.0127651 0.00905762 0.00607675 0.00381085
 0.00869147 0.0141091 0.0212101 0.0299037 0.0398599 0.0503592 0.0602661 0.0683078 0.0735429 0.0756704 0.0749735 0.072032 0.0674616 0.061793 0.0554448 0.0487351 0.0419092 0.0351771 0.0287377 0.0227761 0.0174438 0.0128423 0.00902361 0.00599723 0.00373217
 0.00869017 0.0141055 0.0212019 0.0298884 0.0398351 0.0503243 0.0602223 0.0682563 0.0734822 0.075594 0.0748701 0.0718913 0.0672838 0.061598 0.0552753 0.0486467 0.0419475 0.0353512 0.0290083 0.0230698 0.0176868 0.0129931 0.00908268 0.00599376 0.00370141
 0.00867051 0.0140783 0.0211698 0.0298561 0.0398083 0.0503063 0.0602124 0.0682504 0.0734745 0.075579 0.0748434 0.0718483 0.0672205 0.0615132 0.0551775 0.048557 0.0418965 0.0353662 0.0290968 0.0232117 0.0178426 0.013123 0.00916463 0.00602854 0.0037045
 0.0086729 0.0140783 0.0211628 0.0298365 0.0397716 0.0502528 0.060149 0.068189 0.0734273 0.0755527 0.0748365 0.0718528 0.0672252 0.061509 0.0551599 0.0485292 0.0418704 0.0353586 0.0291221 0.023273 0.0179279 0.0132108 0.00923513 0.00607243 0.00372408
 0.0086487 0.0140445 0.0211219 0.0297936 0.0397321 0.0502193 0.0601199 0.0681597 0.0733948 0.0755185 0.074807 0.0718355 0.0672241 0.0615218 0.0551798 0.0485494 0.041888 0.035377 0.0291486 0.0233133 0.0179816 0.0132703 0.00928935 0.0061129 0.00374842
 0.00864121 0.0140282 0.0210904 0.0297394 0.0396503 0.0501117 0.0599974 0.0680406 0.0732977 0.075456 0.0747819 0.0718431 0.067257 0.061573 0.0552434 0.0486194 0.0419588 0.0354449 0.0292127 0.0233752 0.0180422 0.0133279 0.00934005 0.00615244 0.00377505
 0.00864208 0.0140312 0.0210974 0.0297521 0.0396682 0.0501304 0.0600085 0.0680339 0.0732668 0.0754023 0.0747152 0.0717775 0.0672046 0.0615403 0.0552308 0.0486237 0.0419755 0.0354696 0.0292422 0.0234074 0.0180759 0.0133615 0.00937104 0.00617814 0.00379378
 0.00862389 0.0140015 0.0210528 0.0296902 0.0395891 0.0500383 0.0599118 0.0679443 0.0731948 0.0753535 0.0746898 0.0717723 0.0672167 0.061569 0.0552759 0.0486838 0.0420467 0.0355463 0.0293189 0.0234795 0.0181403 0.0134164 0.00941542 0.00621171 0.00381711
 0.00863031 0.0140131 0.0210721 0.0297195 0.0396291 0.0500862 0.0599606 0.0679842 0.0732163 0.0753516 0.0746647 0.071729 0.0671623 0.0615105 0.0552202 0.0486368 0.0420127 0.0355273 0.0293139 0.0234856 0.0181536 0.013433 0.00943227 0.0062265 0.00382856
 0.00863031 0.0140131 0.0210721 0.0297195 0.0396291 0.0500862 0.0599606 0.0679842 0.0732163 0.0753516 0.0746647 0.071729 0.0671623 0.0615105 0.0552202 0.0486368 0.0420127 0.0355273 0.0293139 0.0234856 0.0181536 0.013433 0.00943227 0.0062265 0.00382856
 0.00874592 0.0141956 0.0213358 0.030072 0.0400674 0.0505916 0.0604953 0.0684925 0.0736347 0.0756244 0.0747584 0.0716386 0.0669099 0.0611371 0.0547751 0.0481681 0.0415603 0.0351196 0.0289676 0.0232071 0.0179415 0.0132805 0.00932912 0.00616142 0.00379053
 0.00860866 0.0139926 0.0210686 0.0297574 0.0397355 0.0502813 0.0602482 0.0683469 0.0736169 0.0757399 0.0749875 0.0719401 0.0672329 0.0614353 0.0550178 0.0483437 0.0416739 0.0351858 0.0290036 0.0232273 0.0179552 0.0132922 0.00933993 0.00617095 0.00379811
 0.00862993 0.014009 0.0210605 0.0296979 0.0396004 0.0500638 0.0599698 0.0680557 0.073373 0.0755941 0.0749655 0.0720378 0.0674218 0.061673 0.0552604 0.0485562 0.0418361 0.0352938 0.0290656 0.0232573 0.0179671 0.0132962 0.00934189 0.00617292 0.00380029
 0.00881102 0.0142971 0.0214796 0.0302592 0.0402918 0.0508389 0.0607433 0.068716 0.0738146 0.0757546 0.0748463 0.0716962 0.0669418 0.0611346 0.0547203 0.0480447 0.041365 0.0348662 0.0286842 0.0229271 0.0176938 0.013083 0.00918668 0.00606841 0.00373562
 0.00893345 0.0145114 0.0218293 0.030791 0.0410411 0.0518069 0.0618769 0.0699031 0.0749033 0.0765897 0.0753093 0.0717339 0.0665758 0.0604491 0.0538336 0.0470762 0.04041 0.0339872 0.0279145 0.0222807 0.0171735 0.0126841 0.00889826 0.00587371 0.00361405
 0.00897673 0.0145869 0.0219537 0.0309862 0.0413333 0.0522225 0.0624338 0.0705993 0.0757047 0.0774241 0.0760718 0.0723078 0.0668642 0.0604043 0.0534706 0.0464652 0.0396519 0.0331845 0.0271498 0.0216077 0.0166189 0.0122543 0.00858559 0.00566148 0.0034807
 0.00866687 0.0140986 0.0212508 0.0300538 0.0401909 0.0509392 0.0611387 0.0694714 0.0749359 0.0771637 0.0763782 0.0731292 0.0680532 0.0617599 0.0547921 0.0476 0.0405214 0.0337826 0.0275195 0.0218121 0.016718 0.0122939 0.00859555 0.00565928 0.00347529
 0.00890275 0.0144311 0.0216555 0.0304726 0.0405435 0.0511459 0.0611428 0.0692553 0.0745281 0.0766387 0.0758439 0.0727001 0.0678152 0.0617411 0.0549546 0.0478578 0.0407761 0.0339593 0.027587 0.0217808 0.0166232 0.0121754 0.00848397 0.00557093 0.00341413
 0.00858958 0.0139676 0.0210417 0.0297361 0.0397286 0.050297 0.0602952 0.068439 0.0737794 0.0760105 0.0754052 0.0725238 0.0679571 0.0622188 0.0557336 0.0488519 0.0418643 0.0350142 0.0285061 0.0225066 0.0171463 0.0125217 0.00869593 0.0056916 0.0034783
 0.00844491 0.0136978 0.0205755 0.0289959 0.0386611 0.0489149 0.0587055 0.0668307 0.0723681 0.0749681 0.0748177 0.0723954 0.0682451 0.0628663 0.0566811 0.0500298 0.0431825 0.0363637 0.0297742 0.0236014 0.0180149 0.0131558 0.00912261 0.00595665 0.00363044
#pred catch len freq
 0.00312663 0.00510042 0.00774235 0.011111 0.0152516 0.0201434 0.0256398 0.031467 0.0372843 0.042755 0.0475954 0.0516078 0.0547049 0.0569095 0.0583266 0.0591077 0.0594264 0.0594455 0.0592387 0.0586646 0.0572645 0.0543292 0.0492156 0.0417983 0.0327438
 0.00330312 0.00533577 0.0080031 0.0113389 0.015386 0.0201515 0.0255371 0.031308 0.0371284 0.0426308 0.0474889 0.0514837 0.0545454 0.0567441 0.0582322 0.0591775 0.05972 0.0599435 0.0598271 0.0591628 0.0574936 0.0541902 0.0487345 0.0411097 0.0320242
 0.00344089 0.00557399 0.00838335 0.0118964 0.0161272 0.0210283 0.0264358 0.0320749 0.0376269 0.0427995 0.0473593 0.0511469 0.0540982 0.0562567 0.0577531 0.0587554 0.0594089 0.0597778 0.0597847 0.0591507 0.0573792 0.0538664 0.0481796 0.0404008 0.0312949
 0.00357277 0.00578953 0.00871271 0.0123757 0.0167986 0.0219335 0.0275961 0.0334603 0.0391301 0.0442361 0.0485106 0.0518341 0.0542464 0.0559112 0.0570435 0.0578384 0.0584232 0.058821 0.0589008 0.058325 0.0565535 0.0529794 0.0472155 0.0394121 0.0303799
 0.0037083 0.00601401 0.00905914 0.0128799 0.017496 0.0228524 0.0287499 0.0348402 0.0406984 0.0459162 0.0501754 0.053306 0.0553263 0.0564347 0.0569389 0.0571504 0.0572892 0.0574142 0.0573732 0.0567737 0.0550204 0.0514793 0.0457737 0.0380853 0.0292448
 0.00391992 0.00634526 0.00953546 0.0135209 0.0183181 0.0238699 0.0299718 0.0362613 0.0422903 0.0476212 0.0519049 0.0549411 0.0567213 0.0574293 0.0573851 0.0569529 0.0564406 0.056002 0.0555515 0.0547155 0.0528796 0.04938 0.0438205 0.0363725 0.027849
 0.00413471 0.00669268 0.0100551 0.0142489 0.0192807 0.0250749 0.0313988 0.0378604 0.043991 0.0493468 0.0535816 0.0564957 0.0580719 0.058476 0.0580107 0.0570388 0.055898 0.054808 0.0537695 0.0524897 0.0504048 0.0468659 0.0414617 0.0343267 0.026217
 0.00434594 0.00703602 0.0105731 0.0149843 0.0202728 0.0263501 0.0329569 0.0396622 0.0459544 0.0513556 0.0555041 0.0582076 0.0594732 0.0594934 0.0585842 0.0571059 0.0553912 0.0536753 0.0520103 0.0501858 0.0477277 0.044053 0.0387697 0.0319768 0.0243504
 0.00458396 0.0074169 0.0111364 0.0157668 0.0213063 0.0276568 0.0345393 0.0414923 0.0479679 0.0534522 0.0575554 0.0600725 0.0610173 0.0606075 0.059192 0.0571576 0.0548506 0.0525149 0.0502276 0.0478357 0.0449517 0.0410801 0.0358777 0.0294253 0.0223151
 0.00484051 0.00783029 0.0117525 0.0166278 0.022446 0.029091 0.0362545 0.043438 0.0500589 0.0555797 0.0595994 0.0619112 0.0625351 0.0617021 0.059781 0.0571806 0.0542673 0.0513042 0.048395 0.0454357 0.0421154 0.0380258 0.0328833 0.0267639 0.0201808
 0.00504675 0.0081706 0.0122753 0.0173847 0.023486 0.0304483 0.037932 0.0453949 0.0522077 0.0577947 0.0617342 0.0638192 0.0640885 0.0628027 0.0603602 0.0571925 0.0536811 0.050103 0.0465862 0.0430725 0.039323 0.0350123 0.0299179 0.0241166 0.0180492
