SBPRF35
12.7214
Curr Bio
951413
B35
880041
F35
0.171243
FOFL
0.171243
OFL
135258
Bzero
3.63469e+006
#pred survey bio
 3.66433e+006 3.50955e+006 3.36928e+006 3.21081e+006 3.01607e+006 2.754e+006 2.51432e+006 2.28037e+006 2.05225e+006 1.83833e+006 1.63347e+006 1.4491e+006 1.27413e+006 1.13551e+006 986751 881818 783236 719325 689160 654287 626478 593921 571196 557521 547576 535965 543025 538037 542432 540014 544712 553068 559448 573834 586688 611862 635787 647097 649399 643210 646805 655910 665737 670795 667503 667813 672685 666634 656229 653266 666601 720581 740721 770666 806679 847325 877737 899735 927142 947255 954055 940923 939028 957917 2.23171e+007 2.01413e+007 2.0203e+007 2.07705e+007 2.16762e+007 2.27263e+007 2.3774e+007 2.473e+007 2.55529e+007 2.62336e+007 2.67815e+007 2.72141e+007 2.75513e+007 2.78121e+007 2.80128e+007 2.8167e+007 2.82854e+007 2.83766e+007 2.84469e+007 2.85014e+007 2.85437e+007 2.85768e+007 2.86027e+007 2.86231e+007 2.86392e+007 2.86521e+007 2.86622e+007 2.86704e+007 2.86769e+007 2.86821e+007 2.86863e+007 2.86897e+007 2.86925e+007 2.86947e+007 2.86965e+007 2.8698e+007 2.86992e+007 2.87001e+007 2.87009e+007 2.87016e+007 2.87021e+007 2.87025e+007 2.87029e+007 2.87032e+007 2.87034e+007 2.87036e+007 2.87038e+007 2.87039e+007 2.8704e+007 2.87041e+007 2.87042e+007 2.87042e+007 2.87043e+007 2.87043e+007 2.87043e+007 2.87044e+007 2.87044e+007 2.87044e+007 2.87044e+007 2.87044e+007 2.87044e+007 2.87044e+007 2.87044e+007 2.87044e+007 2.87045e+007 2.87045e+007 2.87045e+007 2.87045e+007 2.87045e+007 2.87045e+007 2.87045e+007 2.87045e+007 2.87045e+007 2.87045e+007 2.87045e+007 2.87045e+007 2.87045e+007 2.87045e+007 2.87045e+007 2.87045e+007 2.87045e+007 2.87045e+007 2.87045e+007 2.87045e+007 2.87045e+007 2.87045e+007 2.87045e+007 2.87045e+007 2.87045e+007 2.87045e+007 2.87045e+007 2.87045e+007 2.87045e+007 2.87045e+007 2.87045e+007 2.87045e+007 2.87045e+007 2.87045e+007 2.87045e+007 2.87045e+007 0 0 0 0 0 0 0 0 0 0 0 0 0 0 0 0 0 0 0 0 0 0 0 0 0
#obs survey bio
 3.31653e+006 4.35949e+006 4.6494e+006 2.29191e+006 2.85359e+006 2.76695e+006 1.92932e+006 1.52992e+006 1.96713e+006 1.25978e+006 2.26806e+006 1.16197e+006 1.36788e+006 1.31364e+006 887526 774418 695736 412923 626186 536171 726959 555839 817866 436372 417745 616961 327899 835068 495073 428471 543092 490799 441731 681595 698471 636861 619989 669392 741429 718162 499870 727169 854476 676473 708583 709370 685485 605912 877733 410110 742530 735586 711671 604996 750782 936055 760071 933691 998757 1.20467e+006 1.31553e+006 689685 1.48584e+006 1.23022e+006
#pred catch bio
 110309 108092 138119 186233 265159 262966 276169 288275 290296 293874 284311 281464 251923 260723 220948 213541 181291 151351 153658 144280 144051 131853 121952 117671 118150 102274 111750 102095 106580 99962 97017.1 98838.8 92687.8 94930.4 85541.1 87636 98412.6 105226 111014 101978 98116 98572.3 103112 109892 106361 102687 112005 114872 108018 95192.8 63938.4 95476.2 88318.3 85648.2 84741.6 96220 105290 102081 109220 120212 136011 125532 108091 113899 135258 133368 132561 135119 140345 146629 152888 158522 163270 167091 170064 172319 173996 175226 176116 176755 177210 177532 177759 177918 178029 178107 178161 178199 178225 178243 178255 178264 178270 178274 178277 178279 178280 178281 178282 178282 178282 178283 178283 178283 178283 178283 178283 178283 178283 178283 178283 178283 178283 178283 178283 178283 178283 178283 178283 178283 178283 178283 178283 178283 178283 178283 178283 178283 178283 178283 178283 178283 178283 178283 178283 178283 178283 178283 178283 178283 178283 178283 178283 178283 178283 178283 178283 178283 178283 178283 178283 178283 178283 178283 178283 178283 178283 178283 178283 178283 178283 178283 178283 178283 0 0 0 0 0 0 0 0 0 0 0 0 0 0 0 0 0 0 0 0 0 0 0 0 0
#obs catch bio
 0 107790 137768 185792 265326 262204 275700 289035 291207 295203 283664 283583 251604 260890 220657 213856 182139 152821 155197 145646 144711 131836 122158 118170 119410 102870 113794 102147 106603 100227 97230.5 99186.6 92823 95297.9 85670 87490 97891.9 104565 110396 101007 97838.1 98385.5 102589 109460 105722 102131 111668 114730 107505 95439.7 63428.1 95672.1 88317.1 85808.1 84832 96458.8 105923 102436 109622 120594 136108 126230 108319 113931
#pred cpue bio
 3.62435e+006 3.47102e+006 3.33082e+006 3.17208e+006 2.97753e+006 2.71602e+006 2.47671e+006 2.24302e+006 2.01538e+006 1.80227e+006 1.59844e+006 1.41505e+006 1.24139e+006 1.10403e+006 956877 852929 755519 692449 662829 628919 602102 570638 548514 535129 525310 513918 520922 516500 521309 519075 523654 531949 538335 552468 565165 590121 613953 625267 627639 621683 625115 633870 643534 648617 645470 645765 650494 644534 634352 631373 644290 697432 717523 746907 782094 821945 851777 873335 900362 920380 927356 914402 912304 931018 2.17034e+007 1.95862e+007 1.9539e+007 2.00064e+007 2.08852e+007 2.19304e+007 2.29773e+007 2.39332e+007 2.47561e+007 2.54368e+007 2.59847e+007 2.64173e+007 2.67545e+007 2.70153e+007 2.7216e+007 2.73702e+007 2.74886e+007 2.75798e+007 2.76501e+007 2.77046e+007 2.77469e+007 2.778e+007 2.78059e+007 2.78263e+007 2.78425e+007 2.78553e+007 2.78655e+007 2.78736e+007 2.78801e+007 2.78853e+007 2.78895e+007 2.78929e+007 2.78957e+007 2.78979e+007 2.78997e+007 2.79012e+007 2.79024e+007 2.79033e+007 2.79041e+007 2.79048e+007 2.79053e+007 2.79057e+007 2.79061e+007 2.79064e+007 2.79066e+007 2.79068e+007 2.7907e+007 2.79071e+007 2.79072e+007 2.79073e+007 2.79074e+007 2.79074e+007 2.79075e+007 2.79075e+007 2.79075e+007 2.79076e+007 2.79076e+007 2.79076e+007 2.79076e+007 2.79076e+007 2.79076e+007 2.79076e+007 2.79076e+007 2.79077e+007 2.79077e+007 2.79077e+007 2.79077e+007 2.79077e+007 2.79077e+007 2.79077e+007 2.79077e+007 2.79077e+007 2.79077e+007 2.79077e+007 2.79077e+007 2.79077e+007 2.79077e+007 2.79077e+007 2.79077e+007 2.79077e+007 2.79077e+007 2.79077e+007 2.79077e+007 2.79077e+007 2.79077e+007 2.79077e+007 2.79077e+007 2.79077e+007 2.79077e+007 2.79077e+007 2.79077e+007 2.79077e+007 2.79077e+007 2.79077e+007 2.79077e+007 2.79077e+007 2.79077e+007 2.79077e+007 2.79077e+007 2.79077e+007 0 0 0 0 0 0 0 0 0 0 0 0 0 0 0 0 0 0 0 0 0 0 0 0 0
#obs cpue bio
 3.0291e+006 4.54081e+006 3.56265e+006 3.50372e+006 2.81759e+006 2.86997e+006 2.88965e+006 2.08789e+006 1.9304e+006 2.37564e+006 1.87466e+006 925302 1.75024e+006 991550 1.03646e+006 919916 648780 691607 724996 641921 670590 728296 330990 549887 461074 413901 421159 761980 643407 500322 513445 561728 684408 422847 463743 776249 986093 686161 602572 810620 506202 551242 703607 659768 748242 587438 605128 648707 659994 640312 836738 605185 614802 756417 793829 725390 681522 848396 833100 749677 1.01419e+006 668032 591694 1.07719e+006
#pred surv len freq
 0.00416183 0.00684889 0.0104804 0.0150968 0.0206209 0.0267689 0.0330311 0.0388087 0.0436407 0.0473479 0.0500026 0.051797 0.05293 0.0535631 0.0538235 0.0538274 0.0537046 0.0535934 0.0535661 0.0534824 0.052856 0.0508938 0.0468144 0.0403356 0.032004
 0.0044567 0.00724805 0.0109354 0.0155195 0.0209162 0.0268816 0.0329769 0.0386644 0.0434974 0.0472605 0.0499706 0.0517872 0.052921 0.0535783 0.053928 0.0540914 0.0541514 0.0541599 0.0540995 0.0537835 0.0527575 0.0503386 0.0458893 0.0392364 0.0309508
 0.00456566 0.00747366 0.011358 0.0162261 0.0219587 0.0282229 0.0344619 0.0400509 0.0445471 0.0478368 0.0500803 0.0515439 0.0524697 0.0530383 0.0533824 0.0536015 0.0537605 0.0538723 0.053854 0.0534555 0.0522073 0.0494866 0.0447708 0.0379964 0.0297789
 0.00471 0.00769473 0.0116701 0.0166461 0.0225164 0.0289682 0.0354512 0.0413092 0.0460182 0.0493597 0.0514224 0.0524849 0.0528881 0.052947 0.0528989 0.0528834 0.0529482 0.0530541 0.0530504 0.0526228 0.0512677 0.048383 0.0435196 0.0367003 0.0285855
 0.0048664 0.00795751 0.0120801 0.0172435 0.0233299 0.0300005 0.0366721 0.0426628 0.0474422 0.0507971 0.0528091 0.0537241 0.0538434 0.0534763 0.0529134 0.05239 0.052043 0.0518738 0.0517141 0.0511965 0.0497693 0.04682 0.0419334 0.0351838 0.0272578
 0.00512108 0.00836657 0.0126871 0.0180872 0.0244388 0.0313827 0.0383019 0.0444724 0.0493264 0.0526324 0.0544775 0.0551282 0.054905 0.0541237 0.0530762 0.0520142 0.0511201 0.0504588 0.0499138 0.0491372 0.0475698 0.0445894 0.0397858 0.0332436 0.0256401
 0.00539404 0.00880533 0.0133381 0.0189905 0.0256207 0.0328458 0.0400131 0.0463594 0.0512877 0.0545542 0.0562496 0.0566515 0.0560939 0.0549053 0.0533877 0.0518025 0.0503494 0.0491272 0.0480704 0.0468871 0.0450631 0.0420038 0.0373073 0.0310441 0.0238482
 0.00562318 0.00919032 0.0139404 0.0198742 0.0268388 0.0344176 0.0419037 0.0484744 0.0534901 0.0566952 0.0581954 0.0582966 0.0573598 0.0557334 0.0537307 0.0516183 0.0496025 0.0477992 0.0461797 0.0445098 0.0423442 0.0391482 0.0345501 0.0286042 0.02188
 0.00582835 0.00953175 0.0144699 0.0206479 0.0279091 0.0358186 0.0436331 0.0504808 0.0556732 0.0589186 0.0603061 0.0601475 0.0588286 0.0567323 0.0542045 0.0515334 0.0489361 0.0465386 0.0443366 0.0421448 0.03959 0.0362126 0.0316874 0.0260601 0.0198298
 0.00605504 0.00989895 0.0150207 0.0214233 0.0289428 0.0371278 0.0452076 0.0522766 0.0576158 0.0609118 0.0622416 0.0619107 0.0603051 0.0578169 0.0548104 0.0515975 0.0484182 0.0454201 0.0426269 0.0398994 0.0369331 0.0333456 0.0288656 0.0235372 0.0177911
 0.00632674 0.0103383 0.0156771 0.0223406 0.03015 0.038626 0.0469568 0.0541937 0.0595887 0.0628236 0.063991 0.063418 0.0615074 0.0586584 0.0552364 0.0515537 0.0478554 0.0443035 0.0409503 0.037706 0.034336 0.0305365 0.0260932 0.0210524 0.0157803
 0.00651776 0.0106676 0.0162073 0.0231405 0.0312792 0.0401093 0.0487608 0.0562203 0.0616929 0.064847 0.0657934 0.0648961 0.0625981 0.0593312 0.0554782 0.051354 0.0471967 0.0431642 0.0393208 0.0356152 0.0318781 0.0278826 0.0234725 0.0187008 0.0138751
 0.00675157 0.0110449 0.0167711 0.0239322 0.0323345 0.0414497 0.0503798 0.0580706 0.0636814 0.0668424 0.0676438 0.0664547 0.0637491 0.060006 0.0556555 0.0510445 0.0464224 0.0419441 0.0376737 0.033579 0.029538 0.025388 0.0210257 0.0165124 0.0121048
 0.00695356 0.011372 0.017261 0.0246189 0.0332422 0.0425834 0.0517164 0.0595575 0.0652455 0.0684027 0.0691192 0.0677636 0.0648071 0.0607315 0.0559821 0.0509322 0.0458603 0.0409446 0.0362669 0.0318165 0.0275074 0.0232247 0.0189053 0.0146158 0.0105696
 0.00731765 0.0119513 0.0181085 0.0257727 0.0347157 0.044351 0.0537004 0.0616269 0.0672372 0.070158 0.0705165 0.0687342 0.0653314 0.0608218 0.055663 0.0502278 0.0447909 0.0395319 0.0345423 0.0298331 0.0253513 0.0210213 0.0168091 0.0127804 0.00910581
 0.00751856 0.0122881 0.0186337 0.0265403 0.0357683 0.0457 0.0553067 0.0633961 0.0690341 0.0718344 0.0719392 0.0698031 0.0659871 0.0610454 0.0554682 0.0496478 0.0438649 0.0382982 0.0330407 0.028116 0.0234964 0.0191379 0.0150288 0.0112305 0.00787564
 0.00775702 0.0126728 0.0192072 0.027341 0.0368235 0.0470149 0.0568509 0.065095 0.070774 0.0734784 0.0733496 0.0708627 0.0666161 0.0612096 0.0551778 0.0489462 0.0428138 0.0369634 0.0314872 0.0264109 0.0217186 0.0173845 0.0134089 0.00984505 0.00679106
 0.00786686 0.0128521 0.019479 0.0277285 0.0373472 0.0476881 0.0576734 0.0660491 0.0718241 0.0745732 0.0744237 0.0718383 0.0674085 0.0617387 0.0553829 0.0487978 0.0423174 0.0361549 0.0304238 0.0251641 0.0203724 0.0160332 0.0121507 0.00876599 0.005946
 0.00778087 0.0127245 0.0193106 0.0275307 0.037143 0.0475111 0.0575666 0.0660617 0.0720029 0.0749515 0.0750084 0.0726017 0.0682864 0.0626372 0.0561929 0.0494156 0.0426648 0.036193 0.0301571 0.0246363 0.0196569 0.015222 0.0113402 0.00804088 0.00536315
 0.00774634 0.0126746 0.0192474 0.0274609 0.0370768 0.0474611 0.0575461 0.0660842 0.0720826 0.0751022 0.0752426 0.0729269 0.0686998 0.0631182 0.0566989 0.0498833 0.0430206 0.0363714 0.0301182 0.0243782 0.019217 0.0146681 0.0107546 0.00749973 0.00492011
 0.00772687 0.0126381 0.0191842 0.0273604 0.0369324 0.0472762 0.0573387 0.0658857 0.0719303 0.0750293 0.0752707 0.0730645 0.0689438 0.063456 0.0571063 0.0503218 0.0434375 0.0367061 0.0303162 0.0244071 0.0190786 0.0143989 0.0104147 0.00715447 0.00462105
 0.00791075 0.0129051 0.0195259 0.0277471 0.037319 0.0476141 0.0575868 0.0660172 0.0719365 0.0749214 0.0750782 0.0728294 0.0687109 0.0632632 0.0569776 0.0502628 0.0434341 0.036726 0.030317 0.0243496 0.0189412 0.0141865 0.0101566 0.00689183 0.00439131
 0.00802596 0.0130923 0.0198056 0.0281327 0.0378078 0.0481761 0.0581592 0.0665132 0.0722701 0.0750377 0.0749722 0.0725433 0.0683149 0.0628317 0.0565719 0.0499223 0.0431734 0.0365373 0.0301752 0.0242221 0.0187997 0.0140184 0.00996821 0.0067033 0.00422544
 0.00813866 0.013258 0.020023 0.0283913 0.0380929 0.0484758 0.0584666 0.066821 0.0725609 0.0752785 0.0751202 0.072562 0.0681917 0.0625864 0.0562503 0.0495793 0.0428559 0.036272 0.0299664 0.0240564 0.0186567 0.0138814 0.00983142 0.00657222 0.00411094
 0.00813913 0.0132761 0.0200813 0.0285183 0.0383122 0.0487913 0.0588527 0.0672271 0.0729295 0.0755659 0.0753052 0.0726409 0.0681672 0.062463 0.056038 0.0493003 0.0425438 0.0359635 0.0296894 0.0238237 0.0184666 0.0137245 0.00969905 0.00646061 0.00402075
 0.00817938 0.0133343 0.0201565 0.0286082 0.0384181 0.0489223 0.0590258 0.0674586 0.0732206 0.0758926 0.0756206 0.0728906 0.0683092 0.0624789 0.055933 0.049096 0.0422713 0.0356578 0.0293842 0.0235453 0.0182298 0.0135331 0.00954943 0.00634687 0.00393743
 0.00789157 0.0129104 0.0196007 0.0279533 0.0377174 0.048236 0.0584117 0.0669708 0.0729111 0.0758061 0.0757819 0.0732898 0.0688957 0.0631706 0.0566385 0.0497382 0.0428022 0.0360611 0.0296683 0.023732 0.0183443 0.0135974 0.00958015 0.00635619 0.0039346
 0.00783581 0.012797 0.0193902 0.0276021 0.0371959 0.0475544 0.0576358 0.0662132 0.072296 0.0754267 0.0756762 0.0734441 0.0692644 0.0636942 0.0572522 0.0503757 0.0434023 0.0365773 0.0300761 0.0240292 0.0185449 0.0137226 0.00965169 0.00639249 0.00394972
 0.00791123 0.0128822 0.0194484 0.0275724 0.0370067 0.0471457 0.0569852 0.0653531 0.071317 0.0744644 0.0748813 0.0729428 0.0691243 0.0639103 0.0577581 0.0510704 0.0441779 0.0373395 0.0307558 0.0245868 0.0189685 0.0140216 0.009848 0.00651192 0.00401658
 0.00797458 0.0129972 0.0196402 0.0278633 0.0373994 0.0476035 0.0574208 0.0656426 0.0713408 0.0741585 0.074271 0.0721403 0.0682915 0.0632057 0.0572907 0.050877 0.0442282 0.0375604 0.031061 0.0249014 0.0192423 0.0142314 0.0099917 0.00660065 0.00406596
 0.00791631 0.0129098 0.0195239 0.027727 0.0372627 0.0474956 0.0573746 0.0656798 0.0714539 0.0743 0.0743646 0.0721143 0.0681179 0.0629202 0.0569795 0.050639 0.0441336 0.0376274 0.0312583 0.0251696 0.0195197 0.0144726 0.0101749 0.0067243 0.00414068
 0.00786028 0.0128137 0.0193709 0.0275005 0.0369533 0.0471111 0.0569473 0.0652669 0.071124 0.0741104 0.0743387 0.0722302 0.0683166 0.063132 0.0571566 0.0507751 0.0442592 0.037784 0.0314708 0.025432 0.0198012 0.0147351 0.0103897 0.00687973 0.00424081
 0.00789252 0.0128524 0.0194031 0.0275046 0.0369027 0.0469823 0.0567289 0.0649658 0.0707682 0.0737469 0.0740243 0.0720164 0.0682318 0.0631709 0.0572847 0.0509472 0.0444415 0.0379656 0.0316581 0.0256333 0.0200129 0.0149411 0.0105695 0.00701897 0.00433629
 0.00779518 0.0127096 0.0192163 0.0272832 0.0366594 0.0467258 0.0564601 0.0646808 0.0704666 0.0734407 0.0737421 0.0717988 0.0681202 0.0631929 0.0574429 0.0512175 0.0447822 0.0383332 0.03202 0.0259711 0.0203176 0.0152053 0.010786 0.00718309 0.00444941
 0.0076846 0.0125364 0.018969 0.0269582 0.0362645 0.0462833 0.0560073 0.0642641 0.0701281 0.0732043 0.0736089 0.0717557 0.0681541 0.0633006 0.0576295 0.0514859 0.0451233 0.0387231 0.0324265 0.0263627 0.0206704 0.0155045 0.0110244 0.00736015 0.00457051
 0.00752368 0.0122727 0.0185695 0.0263942 0.0355215 0.0453752 0.0549892 0.0632322 0.0692025 0.072499 0.0732031 0.0716774 0.0683808 0.0637746 0.0582787 0.0522423 0.045931 0.0395372 0.0332081 0.0270775 0.0212903 0.0160118 0.0114139 0.00763877 0.00475482
 0.00744232 0.0121321 0.0183419 0.026048 0.0350272 0.0447165 0.0541748 0.0623044 0.0682359 0.0715916 0.0724598 0.07119 0.0682085 0.0639306 0.0587292 0.0529192 0.046751 0.0404193 0.0340835 0.0278918 0.0220038 0.0165997 0.0118669 0.00796308 0.00496898
 0.00739998 0.0120732 0.0182707 0.0259708 0.0349464 0.0446217 0.0540391 0.0620889 0.0679057 0.071135 0.0719019 0.0705946 0.0676648 0.0635301 0.0585413 0.0529728 0.0470301 0.0408724 0.0346405 0.028481 0.0225641 0.0170869 0.0122566 0.00824958 0.00516186
 0.00735846 0.0120141 0.0181976 0.0258937 0.0348792 0.0445789 0.0540291 0.062108 0.0679327 0.0711314 0.0718226 0.0704063 0.0673667 0.0631628 0.0581783 0.0526968 0.0469046 0.0409227 0.0348496 0.0288006 0.0229327 0.0174472 0.0125673 0.00848964 0.00532905
 0.00751103 0.0122289 0.0184599 0.0261698 0.0351278 0.0447675 0.0541465 0.0621643 0.0679473 0.0711173 0.0717751 0.0703038 0.0671817 0.0628804 0.0578113 0.0522907 0.0465262 0.0406372 0.0346979 0.0287872 0.0230289 0.0176062 0.0127417 0.00864452 0.00544689
 0.00756527 0.0123226 0.018609 0.0263874 0.0354145 0.0451008 0.0544769 0.0624262 0.0680842 0.0711074 0.0716392 0.0700891 0.066934 0.0626235 0.0575474 0.0520161 0.04625 0.0403866 0.0345087 0.0286861 0.02302 0.0176698 0.0128442 0.00875275 0.0055381
 0.00747348 0.0121937 0.0184533 0.0262293 0.0352877 0.0450389 0.0545031 0.062544 0.0682731 0.0713256 0.0718364 0.0702245 0.0669907 0.06261 0.0574854 0.0519269 0.0461485 0.0402859 0.0344251 0.0286378 0.0230191 0.017715 0.0129203 0.00883816 0.00561424
 0.00739934 0.0120702 0.0182635 0.0259597 0.0349368 0.0446272 0.0540787 0.0621773 0.0680359 0.0712647 0.071955 0.0704825 0.0673222 0.0629481 0.0577829 0.0521629 0.046324 0.0404141 0.0345233 0.0287232 0.0231051 0.0178074 0.0130165 0.00892913 0.00569034
 0.00735529 0.0120022 0.0181674 0.0258323 0.034775 0.0444273 0.0538393 0.061905 0.0677528 0.0710098 0.071777 0.0704223 0.0673953 0.0631368 0.0580429 0.052442 0.0465803 0.0406259 0.0346886 0.0288521 0.0232112 0.0179011 0.0131017 0.00900447 0.00575192
 0.0074075 0.012077 0.0182613 0.0259355 0.0348736 0.0445071 0.0538882 0.061913 0.0677117 0.070915 0.0716325 0.0702461 0.0672187 0.0629949 0.0579604 0.0524229 0.0466087 0.0406765 0.0347399 0.0288937 0.0232433 0.0179291 0.0131301 0.00903372 0.00577953
 0.00744019 0.0121285 0.0183351 0.0260324 0.0349896 0.044632 0.0540049 0.0620005 0.0677504 0.0708936 0.0715512 0.0701156 0.0670577 0.0628266 0.0578096 0.0523101 0.0465442 0.0406571 0.0347522 0.0289216 0.0232747 0.0179585 0.0131564 0.00905733 0.0058
 0.00739414 0.0120635 0.0182555 0.0259489 0.0349162 0.0445814 0.0539843 0.0620095 0.0677815 0.0709345 0.0715879 0.0701372 0.0670585 0.0628088 0.0577821 0.052286 0.0465363 0.0406734 0.0347925 0.0289786 0.0233378 0.0180182 0.0132071 0.00909707 0.00582919
 0.00737527 0.0120408 0.0182362 0.0259454 0.0349432 0.0446515 0.0541031 0.062172 0.0679719 0.0711276 0.0717541 0.0702486 0.0670967 0.0627693 0.0576755 0.0521342 0.0463664 0.0405108 0.0346556 0.0288759 0.0232689 0.017977 0.0131855 0.00908776 0.00582677
 0.00747527 0.0121827 0.0184122 0.0261363 0.035126 0.0448095 0.0542334 0.0622843 0.0680797 0.0712376 0.0718599 0.0703317 0.0671337 0.0627407 0.0575732 0.0519645 0.0461487 0.0402722 0.0344237 0.0286723 0.0231059 0.0178571 0.0131043 0.00903716 0.00579783
 0.00758033 0.0123421 0.0186297 0.0264049 0.0354269 0.0451126 0.0545006 0.0624778 0.0681747 0.0712334 0.0717808 0.0702147 0.0670098 0.0626226 0.0574549 0.0518315 0.0459905 0.0400895 0.0342289 0.0284837 0.0229405 0.0177256 0.0130092 0.0089745 0.00576029
 0.00750446 0.0122346 0.0184972 0.0262634 0.0352969 0.045011 0.0544347 0.062444 0.0681623 0.0712317 0.0717852 0.0702301 0.0670481 0.0626951 0.0575636 0.0519652 0.0461278 0.0402083 0.034315 0.0285352 0.0229648 0.0177338 0.0130109 0.00897504 0.00576152
 0.00721012 0.0117588 0.0177892 0.025286 0.0340432 0.043527 0.0528348 0.0609032 0.0668775 0.0703675 0.0714313 0.0703898 0.067655 0.0636429 0.0587332 0.0532427 0.0474141 0.041423 0.0353995 0.0294537 0.0237039 0.0182988 0.0134201 0.00925448 0.00594005
 0.00729714 0.0118702 0.0178998 0.0253493 0.0339992 0.0433164 0.0524173 0.0602732 0.0660743 0.0694763 0.0705711 0.0696869 0.0672103 0.0635073 0.0589007 0.053661 0.0480039 0.0420982 0.0360814 0.0300808 0.0242364 0.018719 0.0137291 0.00946608 0.00607464
 0.00731526 0.0119022 0.0179506 0.0254203 0.034081 0.0433819 0.0524183 0.0601489 0.0657721 0.0689772 0.0699079 0.0689441 0.0665055 0.0629596 0.0585986 0.0536414 0.0482477 0.042542 0.0366393 0.0306665 0.0247799 0.0191751 0.0140789 0.00971227 0.0062336
 0.00724093 0.0117922 0.0178056 0.0252489 0.0338985 0.0432058 0.0522633 0.06002 0.0656584 0.0688506 0.0697319 0.0686925 0.066183 0.0626114 0.058301 0.0534762 0.0482719 0.0427676 0.0370309 0.0311561 0.0252898 0.0196396 0.0144567 0.0099894 0.00641771
 0.00715541 0.0116528 0.0175962 0.0249569 0.0335204 0.0427551 0.0517753 0.0595487 0.0652628 0.0685743 0.0695873 0.0686581 0.0662161 0.0626703 0.0583675 0.0535645 0.04842 0.0430143 0.0373912 0.0316093 0.0257856 0.0201171 0.0148655 0.0103024 0.00663279
 0.00709238 0.011559 0.0174704 0.0248023 0.0333412 0.0425534 0.05155 0.0592999 0.0649979 0.0683127 0.0693577 0.0684887 0.0661219 0.0626476 0.0583987 0.0536326 0.0485219 0.0431631 0.0376053 0.0318947 0.026125 0.0204728 0.0151939 0.0105703 0.00682652
 0.00701944 0.0114508 0.0173274 0.024632 0.0331574 0.0423719 0.0513854 0.0591615 0.0648874 0.0682238 0.0692802 0.0684158 0.0660558 0.0625986 0.0583789 0.0536495 0.0485782 0.0432613 0.03775 0.0320889 0.0263625 0.0207335 0.015448 0.010789 0.00699273
 0.00689514 0.0112565 0.0170501 0.0242673 0.0327123 0.0418686 0.0508635 0.0586746 0.0644914 0.0679614 0.0691685 0.0684447 0.0661965 0.0628165 0.0586449 0.0539444 0.0488919 0.043589 0.038089 0.0324358 0.0267095 0.0210664 0.0157474 0.0110366 0.00717806
 0.00678657 0.0110867 0.0168073 0.0239454 0.0323125 0.0414016 0.0503522 0.0581554 0.0640107 0.0675679 0.0689032 0.0683322 0.0662401 0.0629989 0.0589343 0.0543045 0.0492906 0.0440031 0.0385038 0.0328413 0.0270958 0.0214209 0.0160557 0.0112862 0.0073632
 0.00683593 0.011146 0.016858 0.0239575 0.0322525 0.0412456 0.0500962 0.0578176 0.0636249 0.0671734 0.068538 0.0680297 0.0660277 0.0628952 0.0589451 0.0544212 0.049493 0.0442652 0.0388005 0.0331512 0.0274016 0.0217069 0.0163074 0.0114921 0.0075177
 0.0069509 0.0113347 0.0171431 0.024355 0.0327615 0.0418354 0.0506989 0.0583374 0.0639647 0.0672677 0.068374 0.0676461 0.065497 0.0623002 0.058361 0.0539047 0.0490777 0.0439626 0.0386049 0.0330472 0.027369 0.0217249 0.0163554 0.0115517 0.00757437
 0.00688388 0.0112494 0.017059 0.0243068 0.0327914 0.0419794 0.0509723 0.0587245 0.0644165 0.0677095 0.068722 0.0678314 0.0654866 0.0621069 0.0580357 0.0535178 0.0486972 0.0436393 0.038366 0.0328977 0.0272983 0.0217135 0.0163814 0.0115946 0.00761889
 0.00673413 0.0110063 0.0166964 0.0238071 0.0321578 0.0412497 0.0502275 0.0580792 0.0639882 0.0675772 0.0688969 0.0682536 0.0660498 0.062696 0.0585625 0.0539398 0.0490172 0.0438882 0.0385811 0.0331055 0.027508 0.021919 0.0165691 0.0117516 0.00773786
#obs surv len freq
 nan nan nan nan nan nan nan nan nan nan nan nan nan nan nan nan nan nan nan nan nan nan nan nan nan
 0.00448202 0.0073422 0.0111712 0.0159869 0.0216876 0.0279637 0.0342786 0.0400109 0.0446913 0.048156 0.0505146 0.0520111 0.052904 0.0534168 0.0537315 0.0539867 0.0542655 0.0545584 0.0546972 0.0542892 0.0527272 0.0493591 0.0438086 0.0362882 0.0276714
 0.00461989 0.00756626 0.0115079 0.0164601 0.0223124 0.0287381 0.0351747 0.040972 0.0456395 0.0490068 0.0511928 0.0524622 0.0530994 0.0533552 0.0534342 0.0534903 0.053613 0.0537922 0.0538562 0.05341 0.0518485 0.0485239 0.0430613 0.0356666 0.0271963
 0.00477489 0.00782302 0.0119031 0.0170304 0.023087 0.0297259 0.0363519 0.0422772 0.0469817 0.0502812 0.0522976 0.0533102 0.0536263 0.0535243 0.0532392 0.0529535 0.052779 0.0527197 0.0526108 0.0520615 0.0504717 0.0471989 0.0418677 0.0346701 0.0264333
 0.00496199 0.00812826 0.0123648 0.0176857 0.0239657 0.0308404 0.0376852 0.0437767 0.048563 0.0518403 0.0537245 0.0545002 0.0544883 0.0539886 0.0532632 0.0525261 0.0519214 0.0514824 0.0510698 0.0503138 0.0486323 0.0453944 0.0402233 0.0332882 0.0253712
 0.00517324 0.00847295 0.0128859 0.0184242 0.024953 0.0320861 0.0391653 0.0454292 0.0502968 0.0535515 0.0553106 0.0558661 0.0555474 0.0546631 0.0534889 0.0522588 0.0511456 0.0502183 0.0493783 0.0482985 0.0464359 0.0431873 0.0381798 0.0315533 0.0240296
 0.00540819 0.00885726 0.0134686 0.0192524 0.0260626 0.0334878 0.0408294 0.0472813 0.0522283 0.0554413 0.0570447 0.0573477 0.0566975 0.0554165 0.0537892 0.0520581 0.0504098 0.0489393 0.0475899 0.0460902 0.0439584 0.0406409 0.0357824 0.029494 0.0224244
 0.00564318 0.00924466 0.0140617 0.0201043 0.027216 0.0349587 0.0425901 0.0492544 0.0542976 0.0574741 0.0589135 0.0589439 0.0579352 0.0562308 0.0541308 0.0518874 0.0496948 0.047663 0.0457675 0.0437924 0.0413275 0.0378872 0.0331502 0.0272059 0.0206249
 0.00588379 0.00963622 0.0146521 0.0209395 0.0283326 0.0363715 0.0442788 0.051156 0.0563129 0.0594838 0.0607953 0.0605849 0.0592392 0.0571214 0.0545503 0.0517931 0.0490549 0.046459 0.0440073 0.0415338 0.0387003 0.0350964 0.0304473 0.02483 0.0187395
 0.00612129 0.0100272 0.0152494 0.0217947 0.0294857 0.0378342 0.0460185 0.0530922 0.0583309 0.0614586 0.0626124 0.0621484 0.0604712 0.057958 0.0549392 0.051691 0.0484275 0.0452847 0.0422892 0.0393212 0.0361117 0.0323269 0.0277441 0.0224358 0.0168262
 0.00639024 0.0104669 0.0159158 0.022741 0.0307517 0.0394296 0.0479052 0.0551783 0.0604834 0.0635296 0.0644654 0.0636753 0.0615973 0.0586381 0.0551481 0.051413 0.0476492 0.0439962 0.0404968 0.0370698 0.0335101 0.0295578 0.0250438 0.0200405 0.0149069
 0.00661814 0.0108426 0.0164906 0.0235665 0.0318694 0.0408551 0.049612 0.0570911 0.0624878 0.0654928 0.0662573 0.0651827 0.0627319 0.0593394 0.0553818 0.0511646 0.0469156 0.042781 0.0388162 0.0349703 0.0310917 0.0269859 0.0225333 0.0178087 0.0131136
 0.00682627 0.011186 0.0170171 0.0243237 0.0328959 0.0421657 0.0511821 0.0588513 0.0643331 0.0673023 0.067913 0.0665818 0.0637921 0.0600004 0.0556053 0.0509316 0.0462223 0.041636 0.0372432 0.0330208 0.0288618 0.0246265 0.0202371 0.0157697 0.0114749
 0.00704985 0.0115485 0.0175607 0.0250871 0.0339069 0.0434295 0.0526696 0.0604939 0.0660317 0.0689448 0.0693929 0.067809 0.0646972 0.0605354 0.0557407 0.0506536 0.0455291 0.0405374 0.0357648 0.0312141 0.0268177 0.0224821 0.0181631 0.0139359 0.0100047
 0.0073011 0.0119593 0.0181825 0.0259669 0.0350753 0.0448832 0.0543553 0.0623067 0.0678334 0.0705954 0.070777 0.0688483 0.0653492 0.0607856 0.0555932 0.0501229 0.0446349 0.0393034 0.0342233 0.0294172 0.0248494 0.020464 0.0162432 0.0122583 0.00867105
 0.00744828 0.0122098 0.0185804 0.0265605 0.0359072 0.0459741 0.0556869 0.0638143 0.0694135 0.0721245 0.0721333 0.0699294 0.0660835 0.0611357 0.0555532 0.049709 0.0438756 0.038233 0.0328826 0.0278603 0.0231543 0.018737 0.0146097 0.0108378 0.00754622
 0.00752814 0.0123376 0.0187703 0.0268277 0.0362696 0.0464524 0.056301 0.0645759 0.070316 0.0731344 0.0731873 0.0709408 0.0669565 0.0617828 0.0559097 0.0497401 0.0435752 0.0376185 0.03199 0.0267434 0.0218877 0.0174166 0.0133444 0.00972924 0.00666446
 0.00757699 0.0124123 0.0188742 0.0269616 0.0364331 0.0466463 0.0565299 0.0648501 0.0706517 0.0735497 0.0736944 0.0715333 0.0675999 0.062414 0.0564476 0.0501035 0.0437011 0.0374733 0.0315737 0.0260885 0.0210559 0.0164934 0.0124267 0.00890725 0.00600172
 0.00765325 0.0125261 0.0190263 0.0271458 0.0366376 0.0468568 0.056733 0.0650358 0.0708171 0.0737027 0.0738535 0.0717229 0.0678396 0.0627056 0.056766 0.0503975 0.0439045 0.0375233 0.031429 0.0257419 0.0205379 0.0158663 0.0117711 0.00830196 0.00550447
 0.00773806 0.0126558 0.0192058 0.0273729 0.0369022 0.0471412 0.0570124 0.0652818 0.0710043 0.0738175 0.0738998 0.0717221 0.0678235 0.0627056 0.0568012 0.050465 0.0439764 0.0375533 0.0313677 0.0255559 0.0202237 0.0154542 0.011316 0.00786604 0.00513747
 0.00777046 0.0127142 0.0193037 0.0275251 0.0371195 0.0474228 0.0573401 0.0656206 0.0713105 0.0740517 0.0740376 0.0717598 0.0677771 0.0626049 0.0566804 0.0503517 0.0438817 0.0374672 0.0312634 0.0254026 0.0200028 0.0151705 0.0109979 0.00755423 0.00486943
 0.00782556 0.0127915 0.0193981 0.027626 0.0372162 0.0475118 0.0574288 0.0657235 0.0714394 0.0742051 0.074198 0.0718993 0.0678696 0.0626373 0.0566564 0.050288 0.0437983 0.0373768 0.0311656 0.0252858 0.0198539 0.0149858 0.0107891 0.00734496 0.00468498
 0.00786397 0.0128528 0.0194874 0.0277453 0.0373618 0.047672 0.0575841 0.0658517 0.0715253 0.0742477 0.0742109 0.0719008 0.0678713 0.0626379 0.0566459 0.0502566 0.0437431 0.0373016 0.0310753 0.0251819 0.0197343 0.0148497 0.0106421 0.0071997 0.0045566
 0.00788549 0.0128853 0.019532 0.0278015 0.0374286 0.0477481 0.0576673 0.0659379 0.071607 0.0743151 0.0742555 0.07192 0.0678699 0.0626253 0.0566296 0.0502385 0.0437193 0.0372667 0.0310258 0.0251168 0.0196541 0.014757 0.0105423 0.0071014 0.00446948
 0.00789736 0.0129021 0.0195526 0.0278234 0.0374486 0.0477634 0.0576774 0.0659443 0.0716133 0.0743252 0.0742717 0.071942 0.0678949 0.0626498 0.0566514 0.0502565 0.0437325 0.0372725 0.0310206 0.025097 0.0196187 0.0147074 0.0104834 0.00704029 0.00441367
 0.00789429 0.0128944 0.0195362 0.0277931 0.0373995 0.0476936 0.0575899 0.0658481 0.0715211 0.0742513 0.074228 0.0719357 0.067927 0.0627148 0.0567394 0.0503556 0.0438314 0.0373621 0.031094 0.0251495 0.019648 0.0147145 0.0104725 0.00701811 0.00438765
 0.00788346 0.0128748 0.0195031 0.0277406 0.0373224 0.0475893 0.0574608 0.0657027 0.0713732 0.0741179 0.0741262 0.0718796 0.0679247 0.0627668 0.0568384 0.0504882 0.0439812 0.0375125 0.0312311 0.0252634 0.0197333 0.0147704 0.0105023 0.00702816 0.00438563
 0.0078887 0.0128764 0.0194926 0.0277063 0.0372519 0.047475 0.0573041 0.0655152 0.0711744 0.07393 0.0739704 0.0717727 0.0678778 0.0627844 0.0569173 0.0506183 0.0441465 0.0376942 0.0314102 0.0254241 0.0198648 0.014868 0.0105671 0.00706578 0.00440375
 0.00788554 0.0128728 0.0194896 0.0277045 0.0372496 0.0474663 0.0572787 0.0654609 0.071083 0.0738028 0.0738204 0.0716217 0.0677502 0.0627003 0.0568886 0.0506472 0.0442261 0.0378108 0.0315461 0.0255611 0.0199876 0.0149668 0.0106384 0.00711147 0.00442941
 0.00787603 0.0128553 0.0194597 0.0276575 0.0371826 0.0473805 0.0571804 0.0653601 0.070989 0.0737202 0.0737487 0.0715586 0.0676966 0.0626627 0.0568774 0.0506717 0.0442905 0.0379112 0.0316716 0.0256964 0.0201168 0.0150774 0.0107234 0.00717013 0.00446553
 0.00785505 0.0128202 0.0194049 0.0275775 0.0370731 0.0472407 0.0570157 0.0651828 0.0708169 0.0735729 0.073642 0.0715011 0.067688 0.0626965 0.0569452 0.050767 0.0444095 0.0380504 0.0318251 0.0258544 0.0202671 0.0152084 0.0108273 0.00724465 0.00451372
 0.00782304 0.0127665 0.0193214 0.0274559 0.0369076 0.0470313 0.0567712 0.0649217 0.0705644 0.0733555 0.0734823 0.0714146 0.0676806 0.0627646 0.0570767 0.0509453 0.044617 0.0382722 0.0320485 0.0260686 0.0204618 0.0153743 0.0109585 0.0073399 0.0045766
 0.00779513 0.0127191 0.0192462 0.0273441 0.0367516 0.0468282 0.0565261 0.0646492 0.0702869 0.0730995 0.0732738 0.0712751 0.0676242 0.0627956 0.0571899 0.0511265 0.0448467 0.0385286 0.0323112 0.0263201 0.0206882 0.0155656 0.0111092 0.00744962 0.00464972
 0.00779404 0.0127151 0.019236 0.0273224 0.0367118 0.0467633 0.0564304 0.0645198 0.0701259 0.0729152 0.0730813 0.0710944 0.0674774 0.0627023 0.057163 0.0511697 0.044954 0.0386857 0.0324989 0.0265179 0.0208775 0.0157322 0.0112441 0.00754993 0.00471783
 0.00773543 0.0126246 0.0191088 0.0271575 0.0365126 0.0465375 0.0561901 0.0642813 0.0699066 0.0727306 0.0729423 0.0710071 0.0674448 0.0627262 0.0572443 0.0513074 0.0451427 0.0389148 0.0327523 0.0267759 0.0211205 0.0159439 0.0114143 0.00767572 0.00480284
 0.00768126 0.0125361 0.0189752 0.0269699 0.0362666 0.0462384 0.0558557 0.0639415 0.0695969 0.0724828 0.0727769 0.0709314 0.0674552 0.0628126 0.0573947 0.05151 0.0453867 0.0391886 0.0330421 0.0270651 0.0213912 0.01618 0.011605 0.00781727 0.00489892
 0.00766978 0.012511 0.0189254 0.026881 0.0361243 0.0460337 0.055591 0.0636326 0.0692714 0.0721744 0.0725192 0.0707512 0.0673681 0.0628216 0.0574915 0.0516795 0.0456108 0.0394494 0.033322 0.0273466 0.0216569 0.0164141 0.0117962 0.00796089 0.00499745
 0.0076685 0.0125112 0.0189293 0.0268904 0.0361378 0.0460436 0.0555821 0.0635852 0.0691692 0.0720127 0.0723099 0.0705213 0.067152 0.0626515 0.0573902 0.0516563 0.0456626 0.0395638 0.0334816 0.0275317 0.0218476 0.0165925 0.0119485 0.00807938 0.00508107
 0.00763974 0.0124686 0.0188731 0.026824 0.0360673 0.0459767 0.0555257 0.0635429 0.0691382 0.0719837 0.0722693 0.0704584 0.0670658 0.0625539 0.0573026 0.051602 0.0456586 0.039616 0.0335841 0.0276701 0.022003 0.0167459 0.012084 0.00818744 0.00515879
 0.00761354 0.0124264 0.0188107 0.0267384 0.0359588 0.0458501 0.0553921 0.0634184 0.0690397 0.0719227 0.0722476 0.0704667 0.0670889 0.0625774 0.0573197 0.0516167 0.0456829 0.0396632 0.0336622 0.0277775 0.0221296 0.0168765 0.0122038 0.00828551 0.00523079
 0.00758412 0.0123813 0.0187478 0.0266575 0.0358611 0.0457385 0.055271 0.0632949 0.0689237 0.0718263 0.0721821 0.0704396 0.0671004 0.06262 0.0573813 0.0516859 0.0457541 0.0397377 0.0337452 0.0278729 0.0222358 0.0169861 0.0123061 0.00837141 0.00529528
 0.00759416 0.0123922 0.0187544 0.0266518 0.0358349 0.0456867 0.0551948 0.0632014 0.0688234 0.0717297 0.0720978 0.0703742 0.0670586 0.0626044 0.0573914 0.0517175 0.0458008 0.0397942 0.033809 0.0279437 0.0223128 0.0170658 0.0123824 0.00843751 0.00534654
 0.00755948 0.0123442 0.0186972 0.0265935 0.0357842 0.0456479 0.0551647 0.063171 0.0687836 0.0716767 0.072036 0.0703139 0.0670116 0.0625798 0.0573931 0.051745 0.0458502 0.0398594 0.033884 0.0280235 0.0223937 0.0171439 0.0124535 0.00849736 0.00539248
 0.00753649 0.0123049 0.0186352 0.0265034 0.0356647 0.0455056 0.0550157 0.0630376 0.0686861 0.0716246 0.0720256 0.0703327 0.0670465 0.0626235 0.0574448 0.0518071 0.0459244 0.039945 0.0339773 0.0281196 0.022487 0.0172297 0.0125279 0.00855749 0.00543725
 0.007533 0.0122966 0.0186176 0.0264703 0.0356092 0.0454223 0.0549039 0.0629033 0.0685428 0.0714917 0.0719228 0.0702737 0.0670349 0.0626528 0.0575034 0.0518838 0.0460118 0.040039 0.0340751 0.0282179 0.0225815 0.0173157 0.0126012 0.00861573 0.00547986
 0.00751951 0.0122761 0.0185894 0.0264342 0.0355649 0.0453687 0.0548387 0.0628244 0.0684499 0.0713886 0.0718187 0.0701826 0.0669714 0.0626279 0.0575203 0.0519378 0.046093 0.0401365 0.0341796 0.0283223 0.0226802 0.017404 0.0126755 0.00867386 0.00552178
 0.00750186 0.0122483 0.0185491 0.0263802 0.0354977 0.0452907 0.0547547 0.0627406 0.068372 0.0713199 0.0717603 0.0701344 0.0669356 0.0626093 0.0575254 0.0519713 0.0461551 0.040222 0.0342798 0.0284274 0.0227817 0.017495 0.0127514 0.00873262 0.00556368
 0.00751487 0.0122695 0.0185809 0.0264243 0.0355539 0.045356 0.0548223 0.0628002 0.0684129 0.0713336 0.0717425 0.0700858 0.0668613 0.0625179 0.0574284 0.0518812 0.0460834 0.0401759 0.0342612 0.0284327 0.0228037 0.0175258 0.0127839 0.00876162 0.00558641
 0.00750038 0.0122499 0.0185589 0.026405 0.0355436 0.0453603 0.0548437 0.0628375 0.0684605 0.0713832 0.0717846 0.0701118 0.0668655 0.0624991 0.0573902 0.0518314 0.0460318 0.0401327 0.0342335 0.0284234 0.022811 0.0175445 0.0128075 0.00878467 0.00560537
 0.00747337 0.012205 0.0184899 0.0263069 0.0354152 0.0452075 0.0546817 0.0626892 0.0683504 0.0713289 0.0717913 0.0701718 0.066962 0.0626124 0.0575032 0.051933 0.0461179 0.0402048 0.0342965 0.0284818 0.022867 0.0175975 0.0128549 0.00882352 0.00563431
 0.00747337 0.012205 0.0184899 0.0263069 0.0354152 0.0452075 0.0546817 0.0626892 0.0683504 0.0713289 0.0717913 0.0701718 0.066962 0.0626124 0.0575032 0.051933 0.0461179 0.0402048 0.0342965 0.0284818 0.022867 0.0175975 0.0128549 0.00882352 0.00563431
 0.00713747 0.0116672 0.0176985 0.025226 0.0340397 0.0435828 0.0529199 0.0609654 0.0668705 0.0702789 0.071292 0.0702565 0.0675806 0.0636529 0.0588218 0.053384 0.0475765 0.0415786 0.0355259 0.029535 0.0237321 0.0182763 0.0133601 0.00917689 0.00586417
 0.00717078 0.0116837 0.0176527 0.0250504 0.0336594 0.0429408 0.0520029 0.0598173 0.0655904 0.0690056 0.0701806 0.069451 0.0671846 0.0637077 0.0592987 0.0541955 0.0486006 0.0426882 0.036612 0.0305187 0.0245665 0.0189423 0.0138597 0.00952737 0.00609238
 0.00713359 0.011638 0.0176087 0.0250191 0.0336398 0.0429048 0.0518886 0.0595428 0.0650869 0.0682562 0.0692426 0.0684497 0.0662814 0.063056 0.0590051 0.0542957 0.0490571 0.0434066 0.0374709 0.0313993 0.0253752 0.0196205 0.0143836 0.00990068 0.00633734
 0.00704279 0.011496 0.0174068 0.0247563 0.0333261 0.042563 0.0515506 0.0592378 0.0648229 0.0680084 0.068962 0.0680938 0.0658496 0.0626075 0.0586442 0.054133 0.0491659 0.0437965 0.0380861 0.0321414 0.0261351 0.0203075 0.0149419 0.010312 0.00661276
 0.00696009 0.0113606 0.0172018 0.0244666 0.0329436 0.0420935 0.0510207 0.058695 0.0643262 0.0676097 0.0686874 0.0679333 0.0657655 0.0625592 0.0586171 0.0541535 0.0492906 0.0440797 0.0385463 0.0327458 0.0268095 0.020964 0.0155079 0.010748 0.00691429
 0.00693637 0.0113193 0.017134 0.0243613 0.0327888 0.0418789 0.0507415 0.0583563 0.0639457 0.0672178 0.0683227 0.0676326 0.0655523 0.062436 0.0585706 0.0541698 0.0493717 0.0442461 0.0388224 0.0331365 0.0272862 0.0214695 0.0159774 0.0111327 0.00719355
 0.00691653 0.0112926 0.0171036 0.0243324 0.0327654 0.0418591 0.050715 0.0583051 0.0638497 0.0670631 0.0681088 0.0673757 0.0652819 0.0621863 0.0583701 0.0540363 0.0493139 0.0442708 0.0389377 0.033346 0.027578 0.0218106 0.0163212 0.0114344 0.00742568
 0.00682205 0.0111461 0.016897 0.0240649 0.032445 0.0415048 0.050356 0.0579769 0.0635844 0.0668786 0.0680034 0.0673331 0.0652817 0.0622154 0.058427 0.0541283 0.0494515 0.0444625 0.0391875 0.0336515 0.027927 0.0221788 0.0166748 0.0117401 0.00766164
 0.00679068 0.011092 0.01681 0.0239341 0.032262 0.0412682 0.0500763 0.0576769 0.0632953 0.0666321 0.0678231 0.0672284 0.0652477 0.062237 0.0584875 0.0542172 0.0495672 0.0446111 0.0393769 0.033885 0.0281983 0.0224701 0.0169601 0.011992 0.0078607
 0.00680448 0.0111121 0.0168355 0.0239614 0.0322839 0.0412741 0.0500527 0.0576111 0.06318 0.0664708 0.0676313 0.0670307 0.0650696 0.0620974 0.0583949 0.0541706 0.0495626 0.0446461 0.0394527 0.0340034 0.0283566 0.022657 0.017156 0.0121742 0.00801073
 0.00679922 0.0111106 0.016846 0.023995 0.0323508 0.0413772 0.0501828 0.0577462 0.0632907 0.0665282 0.0676166 0.0669403 0.0649164 0.0619067 0.0581964 0.0539907 0.0494193 0.044549 0.0394058 0.0340073 0.0284078 0.0227463 0.0172679 0.0122898 0.00811296
 0.00683551 0.0111672 0.0169271 0.0241036 0.0324892 0.0415468 0.0503826 0.0579694 0.0635211 0.0667399 0.0677765 0.0670165 0.0648883 0.0617726 0.0579748 0.053715 0.0491281 0.0442771 0.0391787 0.0338396 0.0283039 0.0227015 0.0172696 0.0123206 0.00815491
 0.00671767 0.0109885 0.0166825 0.0237982 0.0321381 0.0411741 0.0500209 0.0576579 0.0633004 0.0666422 0.0678155 0.0671812 0.0651444 0.0620718 0.0582698 0.0539727 0.0493365 0.0444428 0.0393181 0.0339696 0.0284349 0.0228349 0.0173995 0.0124374 0.00825032
#pred catch len freq
 0.00307602 0.00500753 0.00758277 0.010855 0.0148704 0.019619 0.0249754 0.0306899 0.0364402 0.0418953 0.0467625 0.0508241 0.0539676 0.056194 0.0576013 0.05836 0.0586941 0.0588424 0.0589577 0.0589381 0.0582812 0.0561315 0.0516376 0.0444932 0.0353034
 0.00330365 0.0053185 0.00794356 0.0112029 0.0151376 0.0197666 0.0250143 0.0306724 0.0364243 0.0419084 0.0467915 0.0508386 0.0539593 0.0562028 0.0577076 0.0586441 0.0591815 0.0594627 0.0595417 0.0592658 0.058168 0.0555148 0.0506132 0.0432773 0.0341389
 0.00340801 0.00551738 0.00829193 0.0117569 0.0159256 0.0207534 0.0260836 0.0316516 0.0371503 0.0422961 0.0468583 0.0506727 0.0536629 0.0558562 0.0573695 0.0583676 0.0590107 0.059403 0.0595263 0.0591566 0.0578075 0.0548083 0.0495904 0.0420886 0.0329866
 0.00355209 0.0057389 0.00860631 0.0121822 0.0164929 0.0215125 0.0270896 0.0329263 0.0386342 0.043826 0.0482016 0.0516113 0.0540786 0.0557649 0.0568905 0.0576596 0.0582149 0.0586074 0.0587488 0.0583461 0.0568753 0.0536882 0.0482965 0.0407303 0.031725
 0.00372692 0.00602217 0.0090303 0.0127752 0.0172735 0.0224836 0.0282355 0.0342184 0.0400399 0.0453071 0.0496933 0.0529961 0.0551881 0.0564259 0.0569944 0.0572083 0.0573122 0.0574031 0.0573732 0.0568704 0.0553169 0.0520518 0.0466241 0.0391211 0.0303087
