SBPRF35
12.7214
Curr Bio
989522
B35
893070
F35
0.172151
FOFL
0.172151
OFL
138325
Bzero
3.63469e+006
#pred survey bio
 3.44449e+006 3.33109e+006 3.23175e+006 3.06842e+006 2.87488e+006 2.67682e+006 2.44963e+006 2.22297e+006 2.0053e+006 1.81507e+006 1.63196e+006 1.46857e+006 1.31163e+006 1.14588e+006 982044 860660 763296 703875 667139 628013 600429 573836 559258 543298 537485 528215 528063 520966 520333 524990 532530 535103 542421 552268 553138 564424 574593 590643 598682 609845 618988 626753 632898 641636 650832 662190 666378 672502 681008 683222 691163 743173 789519 793040 785543 803539 806655 844103 884989 921981 947194 977411 990506 996358 2.28089e+007 2.09859e+007 2.13508e+007 2.20302e+007 2.28982e+007 2.38204e+007 2.47004e+007 2.54835e+007 2.61479e+007 2.66931e+007 2.71303e+007 2.74754e+007 2.77449e+007 2.7954e+007 2.81157e+007 2.82407e+007 2.83373e+007 2.84122e+007 2.84704e+007 2.85158e+007 2.85514e+007 2.85793e+007 2.86014e+007 2.86188e+007 2.86327e+007 2.86438e+007 2.86527e+007 2.86597e+007 2.86654e+007 2.867e+007 2.86738e+007 2.86768e+007 2.86792e+007 2.86812e+007 2.86828e+007 2.86841e+007 2.86852e+007 2.8686e+007 2.86867e+007 2.86873e+007 2.86878e+007 2.86882e+007 2.86885e+007 2.86888e+007 2.8689e+007 2.86891e+007 2.86893e+007 2.86894e+007 2.86895e+007 2.86896e+007 2.86896e+007 2.86897e+007 2.86897e+007 2.86898e+007 2.86898e+007 2.86898e+007 2.86898e+007 2.86899e+007 2.86899e+007 2.86899e+007 2.86899e+007 2.86899e+007 2.86899e+007 2.86899e+007 2.86899e+007 2.86899e+007 2.86899e+007 2.86899e+007 2.86899e+007 2.86899e+007 2.86899e+007 2.86899e+007 2.86899e+007 2.86899e+007 2.86899e+007 2.86899e+007 2.86899e+007 2.86899e+007 2.86899e+007 2.86899e+007 2.86899e+007 2.86899e+007 2.86899e+007 2.86899e+007 2.86899e+007 2.86899e+007 2.86899e+007 2.86899e+007 2.86899e+007 2.86899e+007 2.86899e+007 2.86899e+007 2.86899e+007 2.86899e+007 2.86899e+007 2.86899e+007 2.86899e+007 2.86899e+007 2.86899e+007 2.86899e+007 0 0 0 0 0 0 0 0 0 0 0 0 0 0 0 0 0 0 0 0 0 0 0 0 0
#obs survey bio
 3.71378e+006 4.00437e+006 1.83568e+006 2.94354e+006 2.44799e+006 3.34447e+006 2.49247e+006 2.97432e+006 1.97351e+006 1.67877e+006 2.0122e+006 1.07069e+006 1.10726e+006 1.56262e+006 657039 841906 974500 638340 788741 636813 607984 411091 587902 568752 677187 445839 486450 304753 507012 533554 753741 463002 444137 473087 678569 574717 490473 633502 633286 555474 673949 764176 538775 637263 631398 728771 831835 790707 806787 577337 719453 1.07955e+006 894092 573789 881968 677935 715395 672870 1.00862e+006 950491 833375 1.21634e+006 1.02137e+006 844187
#pred catch bio
 103989 97918.3 167577 208440 227460 269240 283452 289217 277396 282352 273815 274391 283812 278836 236778 210821 173654 151269 150137 136713 132545 119677 118564 108002 109390 100567 105678 99976.5 96365.2 94884.8 99362.8 95609.4 94132.4 101588 92632.5 94439.6 90827.9 98904.1 97476 100767 103065 105250 103995 104323 103048 109630 108365 107072 112862 108074 71979.3 78395.8 114642 123800 104226 120288 94448.9 95804.3 101993 113514 110703 127374 135379 145727 138325 139052 140519 143996 148970 154352 159442 163884 167552 170462 172703 174389 175635 176544 177200 177669 178002 178237 178402 178518 178598 178655 178694 178721 178740 178753 178762 178768 178772 178775 178777 178779 178780 178780 178781 178781 178781 178781 178782 178782 178782 178782 178782 178782 178782 178782 178782 178782 178782 178782 178782 178782 178782 178782 178782 178782 178782 178782 178782 178782 178782 178782 178782 178782 178782 178782 178782 178782 178782 178782 178782 178782 178782 178782 178782 178782 178782 178782 178782 178782 178782 178782 178782 178782 178782 178782 178782 178782 178782 178782 178782 178782 178782 178782 178782 178782 178782 178782 178782 178782 0 0 0 0 0 0 0 0 0 0 0 0 0 0 0 0 0 0 0 0 0 0 0 0 0
#obs catch bio
 0 97419.9 168210 209059 228708 270939 285049 289690 278122 283440 274724 276059 287114 279397 238493 211857 173427 151525 149933 137069 132427 120025 118656 108010 109028 100412 105196 99942.7 96468.4 95397.8 99338.4 95769.6 94360.6 102254 92355.8 94457.9 90904.2 99077.1 97344.4 101022 103515 105284 104441 104922 102948 109635 108399 107126 113220 108766 71869.5 77957.6 114009 123714 103577 120689 94599.7 96079.4 102415 114051 110706 127457 135422 145812
#pred cpue bio
 3.40243e+006 3.2903e+006 3.19059e+006 3.02683e+006 2.83355e+006 2.6358e+006 2.40934e+006 2.18348e+006 1.96647e+006 1.77666e+006 1.59414e+006 1.43141e+006 1.27549e+006 1.11174e+006 950360 830864 735302 677111 641265 603169 576451 550651 536560 521183 515737 506826 506795 499873 499065 503438 510899 513582 520760 530458 531539 542700 552579 568198 576029 586795 595564 603178 609170 617657 626805 638042 642114 648048 656342 658552 666469 718103 764471 767902 759665 776537 779173 815783 856053 892681 917615 947128 959582 964847 2.20802e+007 2.03156e+007 2.06082e+007 2.1218e+007 2.20663e+007 2.29846e+007 2.3864e+007 2.4647e+007 2.53114e+007 2.58567e+007 2.62939e+007 2.66389e+007 2.69084e+007 2.71175e+007 2.72793e+007 2.74042e+007 2.75009e+007 2.75757e+007 2.76339e+007 2.76793e+007 2.77149e+007 2.77429e+007 2.77649e+007 2.77824e+007 2.77963e+007 2.78074e+007 2.78162e+007 2.78233e+007 2.7829e+007 2.78336e+007 2.78373e+007 2.78403e+007 2.78428e+007 2.78447e+007 2.78463e+007 2.78476e+007 2.78487e+007 2.78496e+007 2.78503e+007 2.78509e+007 2.78513e+007 2.78517e+007 2.78521e+007 2.78523e+007 2.78525e+007 2.78527e+007 2.78528e+007 2.7853e+007 2.7853e+007 2.78531e+007 2.78532e+007 2.78532e+007 2.78533e+007 2.78533e+007 2.78533e+007 2.78534e+007 2.78534e+007 2.78534e+007 2.78534e+007 2.78534e+007 2.78534e+007 2.78534e+007 2.78534e+007 2.78535e+007 2.78535e+007 2.78535e+007 2.78535e+007 2.78535e+007 2.78535e+007 2.78535e+007 2.78535e+007 2.78535e+007 2.78535e+007 2.78535e+007 2.78535e+007 2.78535e+007 2.78535e+007 2.78535e+007 2.78535e+007 2.78535e+007 2.78535e+007 2.78535e+007 2.78535e+007 2.78535e+007 2.78535e+007 2.78535e+007 2.78535e+007 2.78535e+007 2.78535e+007 2.78535e+007 2.78535e+007 2.78535e+007 2.78535e+007 2.78535e+007 2.78535e+007 2.78535e+007 2.78535e+007 2.78535e+007 2.78535e+007 2.78535e+007 0 0 0 0 0 0 0 0 0 0 0 0 0 0 0 0 0 0 0 0 0 0 0 0 0
#obs cpue bio
 3.33061e+006 3.4098e+006 2.88614e+006 2.96518e+006 1.62974e+006 2.69627e+006 2.41828e+006 2.57057e+006 1.61374e+006 1.81896e+006 1.24486e+006 1.54875e+006 1.06759e+006 1.38135e+006 931622 927269 734261 593696 709363 439006 732343 555222 617965 472247 574363 496793 782150 629035 459415 337012 569216 479479 554472 508774 731190 461498 539334 558205 635423 480139 450376 671209 485564 525057 1.0177e+006 583197 481305 515757 484390 664350 646409 1.01348e+006 956870 686931 851632 603838 595221 991520 619159 919003 1.30015e+006 865874 893674 1.18508e+006
#pred surv len freq
 0.00426413 0.00701036 0.010715 0.0154158 0.0210331 0.0272797 0.0336404 0.039508 0.0444121 0.048168 0.0508499 0.0526606 0.053816 0.0544928 0.0548188 0.0548836 0.0547552 0.0544819 0.0540455 0.0532641 0.0517121 0.048778 0.0439348 0.0371172 0.0289428
 0.00462884 0.00750386 0.0112771 0.0159373 0.0213962 0.027417 0.033573 0.0393333 0.0442454 0.0480759 0.0508214 0.052631 0.0537226 0.0543238 0.0546274 0.0547611 0.0547811 0.0546729 0.0543316 0.0535061 0.0517593 0.0485399 0.0434256 0.0364471 0.0282614
 0.00470428 0.00769627 0.0116876 0.0166815 0.0225504 0.0289474 0.0352973 0.0409585 0.0454803 0.0487533 0.0509483 0.0523411 0.0531785 0.0536453 0.0538816 0.0539947 0.0540446 0.0540116 0.0537535 0.0529623 0.0511623 0.0478167 0.0425696 0.0355311 0.0274019
 0.00485046 0.00791797 0.011998 0.0170991 0.0231147 0.0297294 0.0363838 0.0424014 0.0472287 0.0506163 0.0526331 0.0535591 0.0537582 0.0535797 0.0532924 0.0530543 0.0529124 0.0528061 0.0525447 0.0517728 0.0499787 0.0466191 0.0413686 0.0343846 0.0263962
 0.0050172 0.00819536 0.0124257 0.0177146 0.0239427 0.0307699 0.0376081 0.0437632 0.0486846 0.0521325 0.054161 0.054996 0.0549344 0.0543014 0.0534197 0.0525604 0.0518856 0.0514009 0.0509205 0.0500534 0.0482448 0.0449264 0.0397736 0.0329578 0.0252101
 0.00516577 0.00844218 0.0128077 0.0182716 0.0247111 0.0317723 0.0388393 0.0451824 0.0502192 0.0536945 0.0556664 0.0563728 0.0561129 0.0551932 0.0539114 0.0525391 0.0512865 0.0502438 0.0493095 0.0481417 0.0461944 0.0428847 0.0378688 0.0312975 0.0238714
 0.00537391 0.00877838 0.0133101 0.0189751 0.0256429 0.032943 0.040233 0.0467512 0.0518875 0.0553698 0.0572528 0.0577816 0.0572682 0.0560311 0.0543701 0.0525508 0.050784 0.0491865 0.0477169 0.0461109 0.04389 0.0405081 0.0356209 0.0293446 0.0223186
 0.00563928 0.0092026 0.0139352 0.0198356 0.0267598 0.0343149 0.0418262 0.0484963 0.0536889 0.0571234 0.0588619 0.0591649 0.0583605 0.0567796 0.0547292 0.0524757 0.0502277 0.0481095 0.0461105 0.0440281 0.0414637 0.0379418 0.0331493 0.0271788 0.0205967
 0.00593099 0.0096742 0.0146396 0.0208193 0.0280529 0.0359161 0.0436879 0.0505217 0.0557464 0.0590744 0.0605857 0.0605715 0.0593912 0.0573997 0.0549178 0.0522147 0.0494953 0.0468824 0.0443813 0.0418346 0.0389168 0.0352316 0.0305164 0.024855 0.0187423
 0.00617379 0.0100743 0.0152519 0.0216985 0.0292432 0.0374338 0.0455038 0.052553 0.0578669 0.0611375 0.0624491 0.0621159 0.0605298 0.0580805 0.0551175 0.0519274 0.04872 0.0456182 0.042636 0.0396481 0.0363902 0.0325403 0.0278905 0.0225251 0.0168747
 0.00642887 0.0104893 0.0158776 0.0225833 0.0304257 0.0389294 0.0472892 0.0545582 0.0599803 0.0632227 0.0643643 0.0637309 0.0617391 0.0588107 0.0553298 0.0516114 0.047884 0.0442804 0.0408255 0.0374202 0.0338498 0.0298564 0.0252816 0.0202121 0.0150192
 0.00663088 0.0108277 0.0164054 0.0233565 0.0314915 0.0403089 0.0489596 0.0564466 0.0619749 0.0651945 0.0661867 0.0652911 0.0629419 0.0595813 0.0556159 0.0513847 0.0471385 0.0430299 0.0391049 0.0352947 0.0314299 0.0273073 0.0228098 0.0180233 0.0132637
 0.00667384 0.010938 0.0166466 0.0238143 0.0322547 0.0414384 0.0504587 0.0582495 0.0639589 0.0672071 0.0680742 0.0669188 0.0642054 0.0604096 0.0559672 0.0512398 0.0464947 0.0419004 0.0375234 0.0333265 0.0291849 0.0249447 0.0205232 0.0160023 0.0116449
 0.00683777 0.0111972 0.0170259 0.0243386 0.0329535 0.0423468 0.0516103 0.0596583 0.0655975 0.0689909 0.0698656 0.0685522 0.0655246 0.0612985 0.0563623 0.0511234 0.0458794 0.0408164 0.0360167 0.0314675 0.0270811 0.022746 0.0184078 0.0141417 0.0101602
 0.007126 0.0116603 0.0177109 0.0252821 0.0341702 0.0438158 0.0532653 0.0613936 0.067293 0.0705429 0.0712022 0.0696256 0.0662932 0.0617165 0.0563852 0.0507213 0.045047 0.0395749 0.0344123 0.0295729 0.0250012 0.02062 0.0163958 0.0123937 0.00877812
 0.00728407 0.0119275 0.018132 0.0259048 0.0350347 0.0449376 0.0546177 0.0629012 0.0688426 0.0720083 0.0724709 0.0706185 0.0669686 0.0620614 0.0563987 0.0504021 0.0443919 0.038587 0.0331138 0.0280158 0.0232739 0.0188442 0.0147114 0.0109298 0.00762155
 0.00750508 0.0122651 0.0186008 0.0265072 0.0357657 0.0457903 0.0555837 0.063964 0.0699676 0.0731369 0.0735237 0.0715078 0.0676173 0.0624181 0.056443 0.0501375 0.0438337 0.0377545 0.032032 0.0267262 0.0218451 0.0173747 0.0133169 0.00971817 0.0066651
 0.00760852 0.0124302 0.0188428 0.0268362 0.0361829 0.0462843 0.0561296 0.0645297 0.0705269 0.0736802 0.0740562 0.0720337 0.0681212 0.0628576 0.0567576 0.0502676 0.0437365 0.0374109 0.0314471 0.0259297 0.0208929 0.0163478 0.0123117 0.00882662 0.00595145
 0.00762471 0.0124556 0.01888 0.026888 0.0362536 0.0463801 0.0562581 0.064698 0.0707389 0.0739361 0.0743541 0.0723716 0.0684952 0.0632546 0.0571478 0.0506021 0.0439562 0.0374618 0.0312961 0.0255745 0.0203655 0.0157102 0.0116443 0.00820922 0.00544346
 0.00766372 0.0125243 0.0189924 0.0270592 0.0364944 0.04669 0.05662 0.0650793 0.0711001 0.0742432 0.0745877 0.0725299 0.0685904 0.0633061 0.0571726 0.0506054 0.0439254 0.0373689 0.0311087 0.0252716 0.0199509 0.0152168 0.0111267 0.00772745 0.00504473
 0.00772907 0.0126128 0.0190938 0.0271551 0.0365662 0.0467303 0.0566392 0.0651027 0.071155 0.0743448 0.0747321 0.0726981 0.0687588 0.0634567 0.0572965 0.0506999 0.0439863 0.0373851 0.0310619 0.0251442 0.0197369 0.0149307 0.0108028 0.00740961 0.00477167
 0.00780437 0.0127356 0.0192777 0.0274091 0.0368879 0.0470987 0.0570125 0.0654261 0.0713802 0.0744493 0.0747269 0.0726174 0.0686406 0.0633279 0.057169 0.0505747 0.0438598 0.0372506 0.0309102 0.0249644 0.0195225 0.0146856 0.0105441 0.00716302 0.00456187
 0.00778157 0.0127014 0.0192322 0.0273559 0.0368353 0.0470594 0.0570018 0.0654562 0.0714541 0.0745563 0.0748463 0.0727284 0.0687323 0.0634014 0.0572322 0.0506336 0.0439131 0.0372904 0.0309249 0.0249434 0.0194597 0.0145834 0.0104147 0.00702558 0.00443638
 0.00781138 0.0127431 0.0192824 0.0274075 0.0368795 0.0470901 0.0570181 0.0654639 0.0714629 0.0745759 0.0748814 0.0727756 0.0687818 0.0634419 0.0572566 0.0506414 0.0439083 0.0372761 0.0309002 0.0249037 0.0194002 0.0145035 0.01032 0.00692734 0.00434715
 0.00782589 0.0127552 0.0192794 0.0273707 0.0367893 0.0469343 0.0567998 0.0652039 0.0711966 0.0743451 0.0747241 0.0727174 0.0688292 0.0635815 0.0574598 0.0508744 0.0441404 0.0374856 0.0310739 0.0250345 0.0194855 0.0145451 0.0103251 0.00690754 0.00431575
 0.0078594 0.0128118 0.0193676 0.0274965 0.0369516 0.0471184 0.0569751 0.0653292 0.0712342 0.0742769 0.0745612 0.0724968 0.0685999 0.0633878 0.0573288 0.0508117 0.0441345 0.0375153 0.0311173 0.0250743 0.0195109 0.0145519 0.0103146 0.00688528 0.00428902
 0.00788591 0.0128395 0.0193817 0.0274758 0.0368766 0.046983 0.0567931 0.0651316 0.0710549 0.0741384 0.0744679 0.0724407 0.0685726 0.0633887 0.0573648 0.05089 0.0442548 0.0376666 0.0312809 0.0252295 0.0196411 0.014648 0.0103759 0.00691733 0.00430075
 0.00803935 0.0130725 0.0197 0.0278705 0.0373218 0.0474363 0.0571996 0.0654326 0.0712042 0.0741175 0.074292 0.0721495 0.0682141 0.063006 0.0569918 0.0505526 0.0439718 0.0374484 0.0311271 0.0251301 0.0195805 0.0146107 0.0103502 0.00689707 0.00428385
 0.00808093 0.0131477 0.0198268 0.0280679 0.0376034 0.0477996 0.0576176 0.065854 0.0715644 0.0743575 0.074375 0.0720701 0.0679962 0.0626926 0.0566318 0.0501897 0.0436389 0.0371663 0.0309052 0.0249679 0.0194699 0.0145391 0.0103049 0.00686806 0.00426472
 0.00795169 0.0129636 0.0195985 0.0278243 0.037386 0.0476525 0.0575763 0.0659373 0.0717687 0.074654 0.0747136 0.0723913 0.0682477 0.062844 0.0566802 0.0501553 0.0435535 0.0370624 0.0308079 0.0248914 0.0194182 0.0145091 0.0102899 0.00686126 0.00426141
 0.00787359 0.0128253 0.0193716 0.0274809 0.0369126 0.0470675 0.0569423 0.0653543 0.0713459 0.074473 0.0748008 0.0727134 0.0687281 0.0633901 0.0572088 0.0506101 0.0439109 0.0373257 0.0309959 0.0250265 0.0195185 0.0145854 0.0103475 0.00690255 0.00428866
 0.00792149 0.0128897 0.0194423 0.0275366 0.0369227 0.0469981 0.0567654 0.0650604 0.0709562 0.0740437 0.0744137 0.0724505 0.0686417 0.0634844 0.0574421 0.0509154 0.0442219 0.0375959 0.0312053 0.0251764 0.0196213 0.0146553 0.0103952 0.00693485 0.00430966
 0.0078648 0.0128115 0.0193497 0.0274432 0.0368416 0.0469331 0.0567047 0.0649782 0.0708241 0.0738461 0.0741613 0.0721834 0.0684199 0.0633666 0.0574632 0.0510728 0.0444781 0.0378958 0.0314969 0.0254253 0.0198139 0.0147937 0.0104893 0.00699576 0.0043471
 0.00770788 0.0125746 0.0190281 0.0270471 0.0363965 0.0464767 0.056283 0.0646371 0.0705967 0.0737415 0.0741617 0.072256 0.0685361 0.0635166 0.0576569 0.0513261 0.0447962 0.0382629 0.0318793 0.0257844 0.0201194 0.0150312 0.0106592 0.00710833 0.0044163
 0.00777659 0.012655 0.0190922 0.0270515 0.0362971 0.0462503 0.0559434 0.0642358 0.070205 0.073424 0.0739562 0.0721666 0.068541 0.0635842 0.0577619 0.0514583 0.0449578 0.0384581 0.0321033 0.0260201 0.0203432 0.015222 0.0108058 0.00721021 0.00448063
 0.00781024 0.0127019 0.0191466 0.0270987 0.0363113 0.0461962 0.055783 0.0639421 0.0697804 0.072913 0.0734399 0.0717381 0.0682721 0.0635024 0.0578497 0.0516711 0.0452463 0.038783 0.0324376 0.0263435 0.0206379 0.0154722 0.0110014 0.00734999 0.00457141
 0.00781212 0.0127108 0.0191702 0.027146 0.0363885 0.0462993 0.0558923 0.0640219 0.0697868 0.0728087 0.0732119 0.0714089 0.0678984 0.0631581 0.0576001 0.0515521 0.0452581 0.0388991 0.0326204 0.0265571 0.0208525 0.0156661 0.0111606 0.0074687 0.00465148
 0.00773789 0.0125962 0.0190099 0.0269411 0.0361482 0.0460425 0.0556465 0.0638181 0.0696489 0.0727429 0.073202 0.0714246 0.0679114 0.0631582 0.0576012 0.0515835 0.0453478 0.0390588 0.0328404 0.0268117 0.0211108 0.0159008 0.0113538 0.00761322 0.00474955
 0.0078045 0.0126871 0.0191146 0.0270392 0.036215 0.0460585 0.0556054 0.0637289 0.0695315 0.0726198 0.0730904 0.0713305 0.0678292 0.0630766 0.0575127 0.0514924 0.0452716 0.0390197 0.0328539 0.0268785 0.0212165 0.0160231 0.0114707 0.00770978 0.00481974
 0.00779231 0.0126786 0.0191214 0.0270763 0.0362928 0.0461732 0.0557335 0.0638325 0.069574 0.0725835 0.0729844 0.0711842 0.0676771 0.0629429 0.0574062 0.0514111 0.0452117 0.0389825 0.0328456 0.026904 0.0212737 0.0161012 0.0115544 0.00778485 0.00487779
 0.00769336 0.0125379 0.0189478 0.0268924 0.0361313 0.0460678 0.0557094 0.0638984 0.0697173 0.0727707 0.0731704 0.0713277 0.0677554 0.0629581 0.0573779 0.0513638 0.0451651 0.0389485 0.0328308 0.0269116 0.0213037 0.0161487 0.0116104 0.00783904 0.0049224
 0.00770821 0.0125414 0.0189164 0.0267954 0.0359434 0.0457874 0.0553708 0.0635673 0.0694688 0.0726595 0.0732103 0.07149 0.0679848 0.0631962 0.0575828 0.0515184 0.0452731 0.0390248 0.0328914 0.0269685 0.0213626 0.0162101 0.0116706 0.0078927 0.00496517
 0.0077049 0.0125447 0.0189355 0.0268395 0.0360142 0.0458697 0.0554305 0.063563 0.0693737 0.0724818 0.0729953 0.0713006 0.0678709 0.0631736 0.0576329 0.0516045 0.045361 0.0390956 0.0329421 0.0270059 0.0213952 0.0162431 0.0117044 0.00792493 0.00499251
 0.00758708 0.0123731 0.0187151 0.0265896 0.0357646 0.0456539 0.0552763 0.0634846 0.0693664 0.0725229 0.073054 0.071354 0.067917 0.0632298 0.0577208 0.0517335 0.0455221 0.0392675 0.0331036 0.0271442 0.0215073 0.0163316 0.0117734 0.00797732 0.0050304
 0.00758542 0.0123475 0.0186358 0.0264188 0.0354714 0.0452347 0.0547699 0.0629687 0.0689324 0.072243 0.0729567 0.0714221 0.0681039 0.0634837 0.0580038 0.0520263 0.0458166 0.0395569 0.0333772 0.027389 0.0217134 0.0164949 0.0118957 0.00806398 0.00508823
 0.00757217 0.0123291 0.0186121 0.026387 0.0354212 0.045144 0.0546078 0.062708 0.0685704 0.071816 0.0725373 0.0710939 0.067929 0.0634809 0.0581499 0.0522745 0.0461186 0.0398749 0.0336855 0.0276703 0.0219556 0.016691 0.0120444 0.00816913 0.00515731
 0.00758828 0.0123563 0.0186547 0.0264496 0.0355068 0.045251 0.0547256 0.0628139 0.0686304 0.0717933 0.0724077 0.0708618 0.0676333 0.0631839 0.0579134 0.0521369 0.046086 0.0399277 0.0337929 0.0278023 0.0220887 0.0168098 0.0121404 0.00824013 0.00520534
 0.00758289 0.0123479 0.0186432 0.0264355 0.0354922 0.0452399 0.0547235 0.0628259 0.0686576 0.0718286 0.0724342 0.0708568 0.0675786 0.0630776 0.0577753 0.052003 0.0459926 0.0398969 0.0338253 0.0278816 0.0221914 0.0169141 0.0122312 0.00831017 0.0052539
 0.00751426 0.0122472 0.0185117 0.0262818 0.0353295 0.0450828 0.0545853 0.0627178 0.0685889 0.071806 0.0724589 0.0709219 0.0676679 0.0631702 0.057853 0.0520595 0.046036 0.0399442 0.033892 0.0279729 0.0223002 0.017026 0.0123318 0.00839004 0.00531042
 0.00747904 0.0121917 0.0184321 0.0261769 0.0352026 0.0449434 0.0544492 0.0626046 0.068516 0.0717825 0.0724829 0.0709827 0.0677508 0.0632603 0.0579378 0.05213 0.0460895 0.0399854 0.0339311 0.0280196 0.0223587 0.0170927 0.0123983 0.00844769 0.00535412
 0.007295 0.0119198 0.0180738 0.0257514 0.034742 0.0444838 0.0540245 0.0622452 0.0682496 0.0716325 0.072464 0.071096 0.0679813 0.0635789 0.0583077 0.0525147 0.0464594 0.0403212 0.0342247 0.0282709 0.0225712 0.0172692 0.0125397 0.00855462 0.00542887
 0.00699819 0.0114181 0.017287 0.0246036 0.0331911 0.0425617 0.0518683 0.0600902 0.0663748 0.0702833 0.0717908 0.0711331 0.0686625 0.0647708 0.0598444 0.0542274 0.0481982 0.0419695 0.0357032 0.0295353 0.0236048 0.0180758 0.0131372 0.00897115 0.00569936
 0.00708962 0.0115064 0.0173062 0.0244492 0.0327399 0.0417096 0.0505711 0.0583924 0.0644181 0.0682904 0.0700261 0.0698445 0.0680219 0.0648356 0.0605545 0.0554353 0.0497144 0.0436046 0.0372979 0.0309749 0.0248211 0.0190416 0.0138573 0.00947315 0.00602432
 0.00738517 0.011985 0.0180169 0.0254195 0.03395 0.0430611 0.0518706 0.059375 0.0648197 0.067943 0.0689279 0.0681703 0.0660708 0.062942 0.0589989 0.0543825 0.049197 0.0435468 0.0375628 0.0314133 0.0253073 0.0194895 0.0142215 0.00974048 0.006203
 0.00755138 0.0122745 0.0184883 0.0261391 0.0349754 0.0444131 0.053501 0.0611455 0.0665062 0.0692707 0.0696344 0.0680815 0.0651648 0.0613696 0.0570449 0.0523804 0.0474333 0.0421943 0.0366647 0.0309115 0.0250921 0.0194461 0.014259 0.00980092 0.00625734
 0.00746335 0.0121489 0.0183344 0.0259839 0.0348659 0.0444146 0.0536896 0.0615897 0.0672376 0.0702511 0.0707367 0.0691034 0.0658801 0.0616035 0.056741 0.0516263 0.046428 0.041173 0.0358173 0.0303334 0.0247821 0.0193396 0.0142718 0.00986211 0.00632256
 0.00746714 0.0121543 0.0183417 0.0259947 0.0348854 0.0444553 0.0537739 0.0617508 0.0675141 0.0706753 0.0713148 0.0697954 0.0665882 0.0621847 0.0570476 0.0515629 0.0459964 0.0404777 0.0350248 0.0296066 0.0242261 0.0189832 0.0140846 0.00978745 0.00630688
 0.0073027 0.0118927 0.0179597 0.0254774 0.0342325 0.04369 0.052951 0.0609579 0.0668603 0.0702697 0.0712431 0.0700975 0.0672431 0.0631033 0.058083 0.0525427 0.0467729 0.0409744 0.0352552 0.029654 0.0241955 0.0189552 0.0140938 0.00983013 0.00636234
 0.00712631 0.0116155 0.0175605 0.0249431 0.0335609 0.0428939 0.052064 0.0600382 0.0659884 0.0695393 0.0707477 0.0699161 0.0674235 0.0636459 0.0589295 0.0535788 0.04785 0.0419496 0.0360323 0.0302057 0.0245551 0.0191848 0.0142504 0.00994748 0.00645287
 0.00705901 0.0114937 0.0173546 0.0246191 0.0330894 0.0422634 0.0512933 0.0591784 0.0651132 0.0687293 0.0700788 0.0694552 0.0672268 0.0637525 0.059349 0.0542771 0.0487448 0.042923 0.0369608 0.0309954 0.025163 0.0196174 0.0145429 0.0101409 0.00657915
 0.00712603 0.0115873 0.0174658 0.024726 0.0331587 0.0422547 0.0511662 0.058902 0.064677 0.0681525 0.069413 0.068777 0.0666237 0.0633077 0.0591275 0.0543133 0.0490317 0.0434082 0.0375564 0.0316022 0.0256994 0.0200388 0.0148432 0.010339 0.00670246
 0.00714943 0.0116276 0.0175297 0.0248187 0.033279 0.0423896 0.0512867 0.0589649 0.0646354 0.0679704 0.0690797 0.0683144 0.0660854 0.0627697 0.0586736 0.0540172 0.0489402 0.0435281 0.0378516 0.0320032 0.0261257 0.0204227 0.0151459 0.0105522 0.00683871
 0.00719406 0.0117061 0.0176584 0.0250159 0.0335595 0.0427566 0.051723 0.0594289 0.0650646 0.0682923 0.0692272 0.0682423 0.0657844 0.0622738 0.0580558 0.0533749 0.0483715 0.0431083 0.037615 0.0319389 0.0261873 0.0205493 0.0152838 0.0106678 0.00692018
 0.00714154 0.0116439 0.017608 0.0250126 0.0336444 0.0429622 0.0520607 0.0598822 0.0655907 0.068829 0.0697012 0.0685803 0.0659263 0.0621879 0.0577502 0.0529001 0.0478109 0.0425572 0.0371548 0.0316165 0.0260076 0.0204837 0.0152885 0.0107022 0.00695733
#obs surv len freq
 nan nan nan nan nan nan nan nan nan nan nan nan nan nan nan nan nan nan nan nan nan nan nan nan nan
 0.00448271 0.00734309 0.0111721 0.0159876 0.0216877 0.0279629 0.034277 0.0400087 0.0446889 0.0481537 0.0505127 0.0520098 0.0529032 0.0534167 0.0537318 0.0539874 0.0542664 0.0545595 0.0546984 0.0542904 0.0527284 0.0493603 0.0438096 0.0362891 0.027672
 0.00461142 0.00755448 0.0114938 0.0164458 0.0223005 0.0287305 0.0351719 0.0409731 0.0456429 0.0490108 0.0511966 0.0524654 0.0531025 0.0533584 0.0534378 0.0534944 0.0536176 0.0537972 0.0538615 0.0534154 0.0518538 0.0485289 0.0430658 0.0356703 0.0271991
 0.00477739 0.00782513 0.0119028 0.0170251 0.0230744 0.0297059 0.0363274 0.0422535 0.0469644 0.0502736 0.0522996 0.0533189 0.053638 0.0535361 0.0532496 0.0529623 0.0527867 0.0527267 0.0526175 0.052068 0.050478 0.0472048 0.0418729 0.0346745 0.0264366
 0.00496995 0.00814 0.0123801 0.0177032 0.0239828 0.0308535 0.0376904 0.0437711 0.048546 0.0518148 0.0536963 0.0544755 0.0544714 0.0539805 0.0532622 0.0525293 0.0519262 0.0514875 0.0510746 0.0503184 0.0486365 0.0453983 0.0402268 0.0332911 0.0253734
 0.00517827 0.00848273 0.0129035 0.018453 0.0249956 0.0321425 0.0392311 0.0454959 0.0503539 0.0535895 0.0553245 0.0558565 0.0555197 0.0546253 0.0534482 0.0522199 0.05111 0.0501855 0.0493471 0.0482682 0.0464065 0.0431598 0.0381554 0.0315331 0.0240142
 0.00541409 0.0088662 0.013481 0.0192686 0.0260834 0.0335148 0.0408647 0.0473264 0.0522823 0.0554993 0.0570985 0.0573878 0.0567168 0.0554126 0.0537653 0.0520207 0.0503657 0.0488939 0.0475455 0.0460479 0.0439186 0.0406043 0.0357502 0.0294674 0.0224041
 0.0056468 0.00924988 0.0140683 0.0201117 0.0272234 0.0349655 0.0425964 0.0492614 0.0543077 0.05749 0.0589371 0.0589742 0.0579677 0.0562585 0.0541472 0.051889 0.0496821 0.04764 0.0457388 0.043762 0.0412981 0.0378603 0.0331268 0.0271868 0.0206104
 0.00588649 0.00964263 0.0146654 0.0209635 0.0283706 0.0364242 0.0443427 0.051224 0.0563765 0.0595356 0.0608321 0.0606071 0.0592495 0.057122 0.0545418 0.051774 0.0490237 0.0464156 0.0439541 0.0414748 0.0386402 0.0350395 0.030397 0.0247888 0.0187083
 0.00612942 0.0100398 0.0152673 0.0218186 0.0295167 0.0378737 0.0460681 0.0531525 0.0583998 0.0615305 0.0626792 0.0622015 0.0605047 0.05797 0.0549311 0.051666 0.0483883 0.0452333 0.0422276 0.0392524 0.0360399 0.0322572 0.0276815 0.0223839 0.0167869
 0.00636386 0.0104262 0.0158585 0.022667 0.0306631 0.0393311 0.0478049 0.0550872 0.0604141 0.0634932 0.0644685 0.0637173 0.0616708 0.0587309 0.0552468 0.0515067 0.0477307 0.0440621 0.0405465 0.0371046 0.0335324 0.0295708 0.0250506 0.0200436 0.0149083
 0.00662111 0.010845 0.0164899 0.0235587 0.0318505 0.0408228 0.0495668 0.0570371 0.0624316 0.0654422 0.0662198 0.0651646 0.0627366 0.0593667 0.0554271 0.0512202 0.0469725 0.0428316 0.0388555 0.0349967 0.0311061 0.0269909 0.0225323 0.0178048 0.0131091
 0.00684265 0.0112115 0.017053 0.0243699 0.0329499 0.0422224 0.0512335 0.0588879 0.0643468 0.0672893 0.0678761 0.0665293 0.0637351 0.0599495 0.0555679 0.0509101 0.0462145 0.0416363 0.0372454 0.0330199 0.0288552 0.0246147 0.0202223 0.0157547 0.011462
 0.00705932 0.0115659 0.0175904 0.0251341 0.033975 0.043519 0.0527749 0.0606035 0.0661301 0.0690168 0.0694273 0.0678019 0.0646527 0.0604638 0.0556559 0.0505684 0.0454529 0.040474 0.0357133 0.0311711 0.0267797 0.0224471 0.0181313 0.0139085 0.00998316
 0.00728987 0.0119403 0.0181531 0.0259249 0.035021 0.0448213 0.0542955 0.062262 0.0678157 0.0706101 0.0708203 0.0689085 0.0654118 0.0608381 0.0556298 0.0501441 0.0446457 0.0393099 0.0342298 0.0294248 0.0248571 0.0204701 0.0162467 0.0122592 0.00867027
 0.00744724 0.0122063 0.0185717 0.0265428 0.0358767 0.0459282 0.0556261 0.0637436 0.0693424 0.0720654 0.0720979 0.0699251 0.0661101 0.0611854 0.0556138 0.0497687 0.0439269 0.0382737 0.0329141 0.0278854 0.0231748 0.0187535 0.0146223 0.0108464 0.00755139
 0.0075244 0.0123313 0.0187605 0.026813 0.0362483 0.0464227 0.0562614 0.0645259 0.0702573 0.0730716 0.0731282 0.0708952 0.0669335 0.0617877 0.0559414 0.0497917 0.0436366 0.03768 0.0320451 0.0267895 0.0219246 0.0174453 0.0133659 0.00974444 0.00667445
 0.00759126 0.0124348 0.0189067 0.0270047 0.036486 0.0467058 0.0565899 0.0649019 0.0706856 0.0735579 0.0736734 0.0714855 0.0675336 0.0623413 0.0563807 0.0500515 0.0436675 0.0374562 0.0315678 0.0260884 0.0210577 0.016495 0.0124276 0.00890756 0.00600161
 0.00765516 0.0125309 0.0190369 0.0271655 0.0366698 0.046903 0.0567912 0.0651006 0.0708801 0.0737543 0.0738851 0.0717288 0.0678183 0.0626607 0.0567056 0.0503321 0.0438442 0.0374747 0.0313943 0.0257195 0.0205244 0.0158582 0.011766 0.00829852 0.00550209
 0.00770464 0.0126088 0.0191489 0.0273143 0.036853 0.0471118 0.0570097 0.0653076 0.0710555 0.0738867 0.0739766 0.0717948 0.0678818 0.0627424 0.0568143 0.0504573 0.0439549 0.0375263 0.0313425 0.0255365 0.0202111 0.0154471 0.0113126 0.00786446 0.00513671
 0.00778211 0.0127255 0.0193071 0.02751 0.0370771 0.0473519 0.0572513 0.0655343 0.0712498 0.0740323 0.0740628 0.0718201 0.0678559 0.0626846 0.0567474 0.0503983 0.0439067 0.0374744 0.0312595 0.025394 0.0199944 0.0151644 0.0109944 0.00755271 0.00486892
 0.00782089 0.012788 0.0193999 0.0276377 0.0372401 0.0475441 0.0574582 0.0657351 0.0714227 0.0741613 0.0741408 0.0718487 0.0678418 0.0626375 0.0566787 0.0503202 0.0438283 0.0373972 0.0311746 0.0252859 0.0198492 0.0149799 0.0107842 0.00734174 0.00468319
 0.0078527 0.0128353 0.0194629 0.0277144 0.0373274 0.0476393 0.0575601 0.0658422 0.0715315 0.0742645 0.0742287 0.0719117 0.0678738 0.0626376 0.056651 0.050272 0.0437674 0.0373291 0.0310997 0.0251994 0.0197445 0.0148544 0.0106437 0.00720002 0.00455662
 0.00788567 0.0128821 0.0195209 0.0277766 0.0373843 0.0476826 0.0575851 0.06585 0.071528 0.074259 0.0742303 0.0719258 0.0679 0.0626698 0.0566807 0.0502918 0.0437734 0.0373202 0.0310762 0.0251605 0.0196888 0.0147821 0.010559 0.00711169 0.00447549
 0.0079107 0.0129215 0.0195774 0.0278508 0.0374735 0.0477793 0.0576768 0.0659216 0.0715666 0.0742595 0.0741979 0.0718742 0.0678453 0.0626246 0.0566498 0.0502731 0.0437604 0.037306 0.0310553 0.0251298 0.0196469 0.0147295 0.0104992 0.00705047 0.00441969
 0.00790229 0.0129089 0.0195606 0.0278308 0.0374525 0.0477605 0.0576637 0.0659169 0.0715708 0.07427 0.0742103 0.0718848 0.0678533 0.0626331 0.0566638 0.0502957 0.0437907 0.0373391 0.0310844 0.0251486 0.0196515 0.0147195 0.010477 0.0070214 0.00438965
 0.00790092 0.0129015 0.0195401 0.0277883 0.0373801 0.0476563 0.0575354 0.0657814 0.0714498 0.0741829 0.0741685 0.0718894 0.0678975 0.0627056 0.0567534 0.0503935 0.0438905 0.0374356 0.031172 0.0252217 0.0197058 0.0147533 0.010492 0.00702216 0.00438219
 0.00789311 0.0128876 0.0195167 0.0277508 0.0373233 0.047575 0.057427 0.065648 0.0713007 0.0740347 0.0740428 0.071807 0.0678718 0.0627389 0.056837 0.0505121 0.0440272 0.0375753 0.0313033 0.0253361 0.0197978 0.0148205 0.0105354 0.00704585 0.00439194
 0.00789169 0.0128824 0.0195036 0.0277241 0.0372772 0.0475057 0.0573344 0.0655362 0.0711767 0.0739079 0.0739235 0.0717074 0.0678049 0.0627159 0.0568638 0.0505863 0.0441383 0.037708 0.0314411 0.025465 0.0199077 0.014906 0.0105957 0.00708381 0.00441281
 0.00788087 0.0128644 0.0194754 0.0276827 0.0372195 0.0474297 0.05724 0.0654265 0.0710581 0.073789 0.0738146 0.0716186 0.0677449 0.0626918 0.0568799 0.0506437 0.0442333 0.0378314 0.0315794 0.0256032 0.0200326 0.0150086 0.0106723 0.00713544 0.00444406
 0.00784284 0.0128026 0.0193828 0.0275533 0.0370509 0.0472252 0.0570115 0.0651934 0.0708439 0.0736154 0.0736968 0.0715634 0.0677523 0.0627566 0.0569943 0.0507983 0.0444181 0.0380351 0.0317891 0.0258051 0.0202136 0.0151587 0.0107868 0.00721536 0.00449471
 0.00784246 0.0127945 0.0193568 0.0274956 0.0369474 0.0470677 0.0568029 0.0649492 0.0705892 0.0733789 0.0735046 0.0714346 0.0676967 0.0627747 0.057079 0.0509377 0.0445975 0.0382393 0.0320031 0.026014 0.0204038 0.0153196 0.0109125 0.00730524 0.00455324
 0.0077957 0.0127236 0.0192594 0.0273719 0.0367987 0.0468948 0.0566059 0.0647303 0.0703559 0.0731472 0.0732975 0.0712783 0.0676129 0.0627756 0.0571644 0.0510968 0.0448121 0.0384882 0.0322647 0.0262687 0.0206349 0.015515 0.0110656 0.00741571 0.00462608
 0.00778114 0.0126934 0.0192021 0.0272742 0.0366496 0.0466925 0.0563617 0.0644676 0.0701025 0.0729257 0.0731217 0.0711542 0.0675447 0.0627683 0.0572228 0.0512213 0.0449959 0.0387166 0.0325176 0.0265242 0.020873 0.0157201 0.0112287 0.00753492 0.00470569
 0.00775749 0.0126576 0.0191528 0.0272103 0.0365693 0.0465915 0.0562341 0.064309 0.0699153 0.0727227 0.0729242 0.0709861 0.067426 0.0627102 0.0572291 0.0512902 0.0451222 0.0388908 0.0327252 0.0267464 0.0210898 0.0159137 0.011387 0.00765311 0.00478602
 0.00771529 0.0125908 0.019056 0.0270804 0.0364072 0.0464032 0.0560314 0.0641078 0.0697312 0.0725663 0.0728006 0.0708976 0.0673754 0.0627029 0.0572705 0.0513831 0.0452643 0.0390745 0.0329384 0.0269732 0.021312 0.0161142 0.0115529 0.00777853 0.00487223
 0.0076862 0.0125403 0.0189742 0.0269568 0.0362338 0.0461793 0.0557678 0.0638269 0.0694628 0.0723396 0.0726368 0.0708062 0.0673554 0.0627466 0.0573682 0.0515263 0.0454459 0.0392871 0.0331722 0.0272148 0.0215457 0.0163243 0.0117273 0.00791128 0.00496418
 0.00769549 0.0125546 0.0189939 0.0269803 0.0362562 0.0461917 0.0557571 0.0637796 0.0693698 0.072202 0.0724682 0.0706294 0.067195 0.0626228 0.0572926 0.0515024 0.0454717 0.0393572 0.0332785 0.0273466 0.0216895 0.0164654 0.0118523 0.00801129 0.0050363
 0.00764619 0.0124812 0.0188959 0.0268622 0.0361262 0.0460595 0.0556324 0.0636697 0.0692782 0.072128 0.0724081 0.07058 0.0671572 0.0626025 0.0572988 0.0515428 0.0455494 0.0394699 0.0334192 0.0275047 0.0218523 0.0166195 0.0119862 0.00811736 0.00511254
 0.00763377 0.0124572 0.0188534 0.0267931 0.036025 0.0459273 0.0554799 0.0635158 0.0691442 0.0720299 0.0723511 0.070559 0.0671617 0.0626225 0.0573297 0.0515859 0.0456096 0.0395518 0.0335234 0.0276266 0.0219828 0.0167471 0.0120999 0.00820944 0.00517994
 0.0076095 0.012421 0.0188045 0.0267323 0.035953 0.0458436 0.0553827 0.0634046 0.0690229 0.0719088 0.0722458 0.0704849 0.0671281 0.0626296 0.0573702 0.0516502 0.0456904 0.0396455 0.0336286 0.0277412 0.0221017 0.0168625 0.0122031 0.00829354 0.00524202
 0.0075919 0.0123923 0.0187614 0.0266723 0.0358753 0.0457506 0.0552806 0.0633018 0.0689276 0.0718261 0.0721779 0.0704331 0.0670956 0.0626211 0.0573893 0.051697 0.045761 0.0397338 0.0337286 0.0278477 0.0222094 0.0169653 0.0122945 0.00836826 0.00529754
 0.00757316 0.0123625 0.0187178 0.0266127 0.0357988 0.0456579 0.055175 0.0631899 0.0688185 0.07173 0.0721031 0.0703847 0.0670748 0.0626269 0.0574198 0.0517504 0.0458351 0.039825 0.0338318 0.0279568 0.0223177 0.0170663 0.0123825 0.00843912 0.00534977
 0.00757233 0.012361 0.0187152 0.0266083 0.0357914 0.0456458 0.055156 0.0631616 0.0687794 0.0716801 0.072045 0.0703236 0.0670174 0.0625798 0.0573883 0.0517381 0.0458433 0.0398533 0.033878 0.0280164 0.0223849 0.0171345 0.0124452 0.00849165 0.00538959
 0.0075429 0.0123167 0.018655 0.0265339 0.0357066 0.045556 0.0550674 0.0630809 0.0687124 0.0716307 0.0720145 0.070311 0.0670206 0.0625969 0.0574186 0.0517811 0.0458989 0.0399208 0.0339552 0.0280997 0.0224695 0.0172147 0.0125157 0.00854864 0.00543166
 0.00752097 0.0122789 0.0185947 0.0264444 0.0355838 0.045402 0.0548933 0.0629056 0.0685581 0.0715162 0.0719505 0.0702985 0.0670533 0.0626648 0.0575109 0.0518888 0.0460155 0.0400415 0.0340763 0.0282178 0.0225802 0.0173135 0.0125988 0.00861349 0.00547823
 0.00750444 0.0122531 0.0185574 0.0263937 0.0355177 0.0453185 0.0547908 0.0627853 0.0684261 0.0713846 0.0718351 0.0702157 0.0670144 0.0626732 0.0575622 0.0519734 0.0461218 0.0401594 0.0341976 0.028336 0.0226901 0.0174107 0.0126797 0.00867616 0.00552298
 0.00751049 0.0122608 0.0185653 0.0263987 0.0355165 0.0453077 0.054768 0.0627491 0.0683754 0.0713191 0.0717568 0.0701302 0.066932 0.0626063 0.0575219 0.0519657 0.0461464 0.0402102 0.0342662 0.0284134 0.0227686 0.0174837 0.0127424 0.00872588 0.00555908
 0.00751547 0.0122702 0.0185815 0.0264244 0.0355528 0.0453531 0.0548167 0.0627918 0.068402 0.0713214 0.0717311 0.0700776 0.0668582 0.062521 0.0574369 0.0518934 0.0460964 0.0401875 0.0342697 0.0284378 0.0228059 0.0175261 0.0127832 0.00876049 0.00558536
 0.00749067 0.0122324 0.0185294 0.0263591 0.0354781 0.0452755 0.0547449 0.0627353 0.0683681 0.0713125 0.0717433 0.0701029 0.0668873 0.062547 0.0574575 0.0519107 0.0461158 0.0402146 0.034308 0.028487 0.0228621 0.0175831 0.012835 0.00880294 0.00561668
 0.00749067 0.0122324 0.0185294 0.0263591 0.0354781 0.0452755 0.0547449 0.0627353 0.0683681 0.0713125 0.0717433 0.0701029 0.0668873 0.062547 0.0574575 0.0519107 0.0461158 0.0402146 0.034308 0.028487 0.0228621 0.0175831 0.012835 0.00880294 0.00561668
 0.00713587 0.0116667 0.0177016 0.0252363 0.0340609 0.0436173 0.0529669 0.0610201 0.0669245 0.0703218 0.0713142 0.0702526 0.0675512 0.0636055 0.0587682 0.0533362 0.0475426 0.0415604 0.0355197 0.0295339 0.0237298 0.0182695 0.0133489 0.00916363 0.00585169
 0.00709499 0.0115626 0.0174753 0.0248096 0.033356 0.042588 0.0516293 0.0594649 0.0653054 0.0688253 0.0701233 0.0695128 0.0673443 0.0639356 0.059565 0.0544763 0.0488795 0.042954 0.0368561 0.0307333 0.024745 0.0190808 0.013959 0.00959246 0.00613116
 0.00730378 0.0119 0.0179745 0.0254869 0.0341913 0.0435032 0.0524786 0.0600567 0.065459 0.0684412 0.0692283 0.0682565 0.0659513 0.0626383 0.0585452 0.0538301 0.0486129 0.0430027 0.0371192 0.0311057 0.02514 0.0194398 0.0142507 0.00980778 0.00627619
 0.0073894 0.0120658 0.0182726 0.0259809 0.0349385 0.0445254 0.0537324 0.0614189 0.0667386 0.0694172 0.0697048 0.0681203 0.0652114 0.0614304 0.0570927 0.0523772 0.0473581 0.0420575 0.0365031 0.0307702 0.0250043 0.0194223 0.0142878 0.00985897 0.00632104
 0.00721917 0.0118072 0.0179205 0.0255511 0.0344739 0.0440998 0.0534462 0.0613788 0.0670193 0.0700191 0.0705314 0.0689945 0.0659305 0.0618364 0.0571278 0.0520985 0.0469053 0.041593 0.0361518 0.0305878 0.0249798 0.0195041 0.0144158 0.00998617 0.00642214
 0.00723731 0.0118152 0.0178934 0.0254546 0.0342761 0.0437901 0.0530518 0.0609695 0.0666945 0.06988 0.0706466 0.0693687 0.0664915 0.0624492 0.057639 0.0523936 0.0469514 0.0414435 0.0359127 0.0303652 0.0248395 0.0194599 0.0144431 0.0100475 0.00648618
 0.00710172 0.0116066 0.0176007 0.025073 0.0338054 0.0432328 0.0524168 0.0602812 0.0660034 0.0692671 0.0702133 0.0692125 0.0666697 0.0629498 0.0583735 0.0532213 0.0477285 0.0420721 0.0363659 0.0306761 0.0250657 0.0196481 0.014613 0.0101967 0.0066052
 0.00699251 0.0114187 0.0173 0.0246247 0.0331855 0.0424442 0.0515012 0.0593162 0.0650835 0.0684799 0.0696271 0.0688776 0.0666249 0.0632185 0.0589466 0.0540415 0.0486913 0.0430526 0.0372569 0.031417 0.0256461 0.0200895 0.0149446 0.0104413 0.00677799
 0.00699824 0.0114193 0.0172836 0.0245712 0.0330674 0.0422306 0.0511647 0.0588432 0.0644851 0.0677978 0.0689301 0.068249 0.0661456 0.0629537 0.0589366 0.054294 0.0491739 0.0436938 0.0379617 0.0320935 0.0262302 0.0205539 0.0152914 0.0106875 0.00694416
 0.00698192 0.0114002 0.0172677 0.0245667 0.0330794 0.0422536 0.0511775 0.0588101 0.0643645 0.0675573 0.0685618 0.0677782 0.0656303 0.0624732 0.0585734 0.0541136 0.0492087 0.0439338 0.0383567 0.0325683 0.0267074 0.0209745 0.015625 0.0109296 0.00710652
 0.00699789 0.0114289 0.0173162 0.0246435 0.033193 0.0424087 0.0513705 0.0590242 0.0645678 0.0677047 0.0686034 0.0676741 0.0653672 0.0620755 0.0581029 0.0536548 0.0488455 0.0437247 0.0383193 0.032678 0.0269105 0.0212101 0.015844 0.0111045 0.00723006
 0.00705214 0.011519 0.0174551 0.0248438 0.0334633 0.0427488 0.0517664 0.059447 0.0649775 0.0680563 0.0688524 0.0677808 0.0653018 0.0618269 0.0576881 0.0531239 0.0482747 0.0431983 0.0379056 0.0324107 0.0267841 0.0211896 0.0158837 0.0111646 0.00728561
 0.0070943 0.0115938 0.017579 0.0250359 0.0337403 0.0431181 0.0522186 0.0599537 0.0654951 0.0685343 0.069242 0.0680397 0.0653981 0.0617412 0.0574184 0.0526904 0.0477233 0.0425968 0.0373299 0.0319256 0.0264259 0.0209609 0.0157608 0.0111124 0.00727169
#pred catch len freq
 0.00317846 0.00516157 0.00779193 0.011116 0.015177 0.019967 0.0253661 0.0311303 0.0369403 0.0424666 0.0474187 0.0515829 0.0548519 0.0572283 0.0587977 0.0596939 0.0600713 0.0600721 0.0597535 0.0589712 0.0572906 0.054056 0.0486949 0.0411408 0.032081
 0.00346128 0.00554772 0.00823947 0.0115467 0.0155064 0.020147 0.025412 0.0311096 0.0369276 0.0424949 0.0474609 0.051576 0.0547463 0.0570292 0.0585745 0.0595512 0.0600963 0.060282 0.0600693 0.0592382 0.0573416 0.0537907 0.0481292 0.0403969 0.0313248
 0.00355884 0.00574854 0.00861361 0.0121694 0.0164203 0.0213158 0.0266959 0.0322963 0.0378147 0.0429754 0.0475534 0.0513825 0.0543769 0.0565554 0.0580338 0.0589803 0.0595495 0.0598117 0.0596865 0.0588878 0.056923 0.053216 0.0473823 0.0395501 0.0305021
 0.00370834 0.00597713 0.00893697 0.0126087 0.0170167 0.0221386 0.0278268 0.033779 0.0395899 0.0448481 0.0492321 0.0525847 0.0549387 0.056475 0.057434 0.058032 0.0584106 0.0586007 0.0584742 0.0576953 0.0557321 0.0520008 0.0461499 0.0383606 0.0294491
