SBPRF35
12.7214
Curr Bio
980234
B35
901990
F35
0.17235
FOFL
0.17235
OFL
139855
Bzero
3.63469e+06
#pred survey bio
 3.52859e+06 3.41791e+06 3.31845e+06 3.15797e+06 2.96848e+06 2.76131e+06 2.51917e+06 2.24394e+06 2.01706e+06 1.82489e+06 1.60692e+06 1.39521e+06 1.24263e+06 1.12034e+06 972305 873140 793828 725267 676701 643084 599993 575968 565586 554863 547340 536491 532515 527420 533361 538118 542897 549710 551981 548122 556188 569497 585224 601149 612869 612223 616606 624331 627547 635587 648372 654314 656988 658713 664382 679749 680009 735377 781701 831343 859990 897041 933193 950354 950868 932408 917664 922761 942376 959163 953736 986808 2.30401e+07 2.12313e+07 2.15935e+07 2.2249e+07 2.30838e+07 2.3971e+07 2.48186e+07 2.5574e+07 2.62156e+07 2.67428e+07 2.71661e+07 2.75005e+07 2.7762e+07 2.79651e+07 2.81224e+07 2.82441e+07 2.83383e+07 2.84114e+07 2.84682e+07 2.85126e+07 2.85474e+07 2.85748e+07 2.85964e+07 2.86135e+07 2.86272e+07 2.86381e+07 2.86468e+07 2.86537e+07 2.86594e+07 2.86639e+07 2.86675e+07 2.86705e+07 2.86729e+07 2.86749e+07 2.86764e+07 2.86777e+07 2.86788e+07 2.86796e+07 2.86803e+07 2.86809e+07 2.86814e+07 2.86818e+07 2.86821e+07 2.86823e+07 2.86825e+07 2.86827e+07 2.86828e+07 2.8683e+07 2.86831e+07 2.86831e+07 2.86832e+07 2.86832e+07 2.86833e+07 2.86833e+07 2.86834e+07 2.86834e+07 2.86834e+07 2.86834e+07 2.86834e+07 2.86834e+07 2.86834e+07 2.86834e+07 2.86835e+07 2.86835e+07 2.86835e+07 2.86835e+07 2.86835e+07 2.86835e+07 2.86835e+07 2.86835e+07 2.86835e+07 2.86835e+07 2.86835e+07 2.86835e+07 2.86835e+07 2.86835e+07 2.86835e+07 2.86835e+07 2.86835e+07 2.86835e+07 2.86835e+07 2.86835e+07 2.86835e+07 2.86835e+07 2.86835e+07 2.86835e+07 2.86835e+07 2.86835e+07 2.86835e+07 2.86835e+07 2.86835e+07 2.86835e+07 2.86835e+07 2.86835e+07 2.86835e+07 2.86835e+07 2.86835e+07 2.86835e+07 2.86835e+07 2.86835e+07 0 0 0 0 0 0 0 0 0 0 0 0 0 0 0 0 0 0 0 0 0 0 0 0 0
#obs survey bio
 3.49412e+06 3.25714e+06 2.58682e+06 3.09694e+06 3.4726e+06 2.94234e+06 1.58059e+06 2.15615e+06 1.94873e+06 1.80443e+06 1.63587e+06 1.17000e+06 875475 1.02852e+06 1.0371e+06 958522 704854 666202 584989 718806 862800 465839 687427 507486 498381 637620 503774 421043 635250 461834 440394 503407 657584 570724 539069 387707 609824 800904 624873 602649 765080 721677 651899 522631 638189 797854 763121 556684 693874 688574 869284 531918 599021 865691 1.10786e+06 989015 1.05516e+06 1.55453e+06 1.12151e+06 736144 937725 819573 666772 882574 800754 972044
#pred catch bio
 95472.5 92249.7 158791 198063 229136 277364 323984 295649 278366 312464 313403 265106 241637 263639 217732 197553 184686 163806 147866 151643 130678 116055 114362 110396 112238 105658 106164 97128.9 99338.7 100563 99952.7 104156 108507 97818.2 94186.5 93678.8 94720.9 98578 108161 102790 99980.6 104502 101507 99008 105723 108675 109810 107209 100484 114817 71173.3 83482 83852.9 103652 97132.9 98550.8 114685 128493 145080 143015 128166 118896 124635 145402 114285 132279 139855 140836 142292 145598 150338 155478 160347 164601 168117 170908 173059 174677 175875 176748 177378 177828 178148 178374 178532 178643 178721 178775 178812 178839 178857 178869 178878 178884 178888 178891 178893 178894 178895 178895 178896 178896 178896 178897 178897 178897 178897 178897 178897 178897 178897 178897 178897 178897 178897 178897 178897 178897 178897 178897 178897 178897 178897 178897 178897 178897 178897 178897 178897 178897 178897 178897 178897 178897 178897 178897 178897 178897 178897 178897 178897 178897 178897 178897 178897 178897 178897 178897 178897 178897 178897 178897 178897 178897 178897 178897 178897 178897 178897 178897 178897 178897 178897 178897 178897 178897 0 0 0 0 0 0 0 0 0 0 0 0 0 0 0 0 0 0 0 0 0 0 0 0 0
#obs catch bio
 0 91891 159156 198305 228936 277420 325607 296205 278995 314161 315730 265993 243282 267001 219000 197352 184541 163971 148326 152856 130690 115922 113443 110003 112151 105545 106535 97118.1 99172.2 101048 100568 104926 109005 98189.1 94198 94395.1 95336 98778 108404 102620 99423.1 104198 101476 99322.4 106104 108413 109685 107471 100522 115362 70848.4 83822.3 83991.6 104434 97548.5 98764.5 114910 127558 144609 143166 128133 118856 124725 146462 113973 132405
#pred cpue bio
 3.48581e+06 3.37624e+06 3.27664e+06 3.11594e+06 2.92676e+06 2.71984e+06 2.47823e+06 2.20396e+06 1.97772e+06 1.78608e+06 1.56944e+06 1.35946e+06 1.20799e+06 1.08667e+06 940619 842967 764975 697693 650184 617466 575750 552745 542964 532587 525151 514496 510625 505672 511402 515861 520355 526991 529389 525867 533943 546920 562228 578006 589823 589477 593900 601389 604322 611980 624458 630420 633067 634608 640016 654966 655008 709222 754945 803874 832179 868868 904748 921839 922069 903150 887913 892577 911668 927936 922472 954820 2.23002e+07 2.05546e+07 2.08468e+07 2.14327e+07 2.22475e+07 2.31309e+07 2.39779e+07 2.47331e+07 2.53747e+07 2.5902e+07 2.63252e+07 2.66596e+07 2.69211e+07 2.71243e+07 2.72816e+07 2.74032e+07 2.74974e+07 2.75705e+07 2.76273e+07 2.76717e+07 2.77065e+07 2.77339e+07 2.77555e+07 2.77727e+07 2.77863e+07 2.77972e+07 2.78059e+07 2.78129e+07 2.78185e+07 2.7823e+07 2.78267e+07 2.78296e+07 2.7832e+07 2.7834e+07 2.78356e+07 2.78369e+07 2.78379e+07 2.78388e+07 2.78395e+07 2.78401e+07 2.78405e+07 2.78409e+07 2.78412e+07 2.78415e+07 2.78417e+07 2.78418e+07 2.7842e+07 2.78421e+07 2.78422e+07 2.78423e+07 2.78423e+07 2.78424e+07 2.78424e+07 2.78425e+07 2.78425e+07 2.78425e+07 2.78425e+07 2.78425e+07 2.78426e+07 2.78426e+07 2.78426e+07 2.78426e+07 2.78426e+07 2.78426e+07 2.78426e+07 2.78426e+07 2.78426e+07 2.78426e+07 2.78426e+07 2.78426e+07 2.78426e+07 2.78426e+07 2.78426e+07 2.78426e+07 2.78426e+07 2.78426e+07 2.78426e+07 2.78426e+07 2.78426e+07 2.78426e+07 2.78426e+07 2.78426e+07 2.78426e+07 2.78426e+07 2.78426e+07 2.78426e+07 2.78426e+07 2.78426e+07 2.78426e+07 2.78426e+07 2.78426e+07 2.78426e+07 2.78426e+07 2.78426e+07 2.78426e+07 2.78426e+07 2.78426e+07 2.78426e+07 2.78426e+07 2.78426e+07 0 0 0 0 0 0 0 0 0 0 0 0 0 0 0 0 0 0 0 0 0 0 0 0 0
#obs cpue bio
 3.12976e+06 2.83771e+06 5.53522e+06 2.62893e+06 3.1734e+06 2.34819e+06 2.75038e+06 2.4646e+06 1.71475e+06 1.69173e+06 1.34291e+06 1.71684e+06 1.18058e+06 1.00588e+06 949656 1.11346e+06 884845 664290 606641 456429 538937 709521 785018 456663 527404 419141 425154 700102 511364 371314 516654 498657 541147 435531 701037 413838 529886 581835 628476 735214 671873 477914 463518 510894 644609 823474 508002 558494 601115 733736 511940 679433 885150 608380 606205 900417 957528 1.44327e+06 593415 787897 897706 937572 1.14807e+06 775999 1.52583e+06 985387
#pred surv len freq
 0.0042591 0.00699487 0.0106782 0.0153431 0.0209095 0.0270955 0.0333961 0.0392149 0.0440893 0.0478365 0.0505278 0.0523612 0.0535481 0.0542622 0.0546306 0.0547449 0.0546788 0.0544886 0.054163 0.0535196 0.0521184 0.0493194 0.0445605 0.0377514 0.0295087
 0.00455488 0.00739344 0.011129 0.0157563 0.0211909 0.0271962 0.0333434 0.0390991 0.0440091 0.04784 0.050589 0.052407 0.0535137 0.0541385 0.0544753 0.0546534 0.0547316 0.0547006 0.0544601 0.053759 0.0521484 0.0490519 0.0440156 0.037046 0.0287977
 0.00462491 0.00756255 0.0114789 0.0163795 0.0221466 0.0284541 0.0347534 0.0404238 0.0450167 0.0484023 0.0507191 0.0522148 0.0531245 0.0536374 0.0539071 0.0540548 0.0541513 0.0541842 0.0540151 0.0533334 0.0516514 0.0484083 0.0432188 0.0361714 0.0279654
 0.00476304 0.00777351 0.0117763 0.0167802 0.0226833 0.0291823 0.0357382 0.0416988 0.0465302 0.0499907 0.0521404 0.0532362 0.0536117 0.0535895 0.0534241 0.0532752 0.0532037 0.053166 0.0529847 0.0523068 0.0506103 0.047329 0.0421099 0.0350916 0.0270044
 0.00495547 0.00808409 0.0122384 0.0174207 0.0235153 0.0301981 0.036907 0.0429753 0.0478712 0.0513595 0.0534883 0.0544722 0.0545943 0.0541624 0.0534788 0.0527967 0.0522692 0.0519048 0.0515284 0.0507565 0.0490312 0.0457673 0.0406179 0.0337393 0.0258676
 0.00514388 0.00839584 0.0127177 0.0181121 0.0244547 0.0313977 0.0383399 0.0445708 0.0495267 0.0529655 0.0549528 0.0557285 0.0555886 0.0548319 0.0537431 0.0525768 0.0515253 0.050665 0.0498871 0.0488472 0.0469949 0.0437365 0.0387138 0.0320699 0.0245141
 0.00535328 0.00874206 0.01325 0.0188812 0.025504 0.0327486 0.0399755 0.0464266 0.0514956 0.0549152 0.0567475 0.0572486 0.056744 0.0555632 0.0540109 0.0523476 0.0507698 0.0493746 0.0480997 0.0466625 0.044569 0.0412589 0.0363772 0.0300388 0.0228958
 0.00565778 0.00923086 0.0139745 0.0198863 0.0268217 0.0343868 0.0419043 0.048571 0.0537408 0.0571232 0.0587755 0.0589646 0.0580379 0.0563548 0.054251 0.052012 0.0498503 0.0478779 0.0460596 0.0441632 0.0417612 0.0383544 0.0336154 0.0276348 0.0209903
 0.00592069 0.00965881 0.0146196 0.0207975 0.0280359 0.0359148 0.0437165 0.0505926 0.0558632 0.0592242 0.060736 0.0606763 0.0594035 0.0572878 0.0546787 0.0518794 0.0491235 0.0465473 0.0441501 0.0417506 0.0389894 0.0354364 0.030804 0.0251666 0.0190264
 0.00607185 0.00992222 0.0150491 0.0214555 0.0289808 0.0371815 0.0452961 0.0524246 0.0578448 0.0612314 0.062645 0.0623758 0.0607996 0.0583026 0.0552459 0.051941 0.0486312 0.0454708 0.0424925 0.0395693 0.0364144 0.0326723 0.0281027 0.0227711 0.0171079
 0.00628064 0.0102689 0.0155852 0.0222357 0.0300548 0.0385788 0.0470083 0.0543938 0.0599658 0.0633663 0.0646445 0.0641014 0.0621411 0.0591859 0.0556293 0.0518025 0.0479561 0.0442492 0.0407314 0.0373175 0.0337883 0.0298649 0.0253597 0.0203356 0.0151545
 0.00663505 0.0108247 0.0163844 0.0233053 0.031405 0.0401992 0.048861 0.0564081 0.0620417 0.065386 0.066486 0.0656506 0.0633004 0.0598826 0.0558191 0.0514671 0.0470951 0.042873 0.0388643 0.0350146 0.0311596 0.0270878 0.0226625 0.0179468 0.01324
 0.00686458 0.0112055 0.0169706 0.0241494 0.0325439 0.0416346 0.0505431 0.0582367 0.0638892 0.0671307 0.0680341 0.0669378 0.0642796 0.0605108 0.0560539 0.0512705 0.0464403 0.0417505 0.0372884 0.0330352 0.0288777 0.0246627 0.0202969 0.015844 0.0115493
 0.00692011 0.0113234 0.0171998 0.024555 0.0331942 0.0425793 0.05179 0.0597394 0.0655512 0.0688232 0.0696214 0.0683014 0.0653345 0.0612086 0.0563727 0.0512001 0.0459717 0.0408769 0.0360165 0.0314021 0.0269679 0.0226142 0.0182862 0.0140488 0.0101011
 0.00716853 0.0117188 0.0177802 0.0253526 0.0342333 0.0438695 0.0533159 0.0614497 0.0673544 0.0705941 0.0712175 0.0695862 0.0662028 0.0616042 0.0562907 0.0506734 0.0450492 0.0396066 0.0344419 0.0295752 0.0249677 0.0205592 0.0163254 0.0123308 0.00873232
 0.00735331 0.0120076 0.0181933 0.025902 0.0349221 0.0446917 0.0542553 0.0624803 0.0684431 0.0717033 0.0723027 0.0705899 0.0670509 0.0622137 0.0565867 0.0506072 0.0446073 0.0388071 0.0333262 0.0282033 0.0234219 0.0189476 0.0147756 0.0109663 0.00764171
 0.00747626 0.0122142 0.018516 0.0263728 0.0355631 0.045502 0.0552001 0.063493 0.0694423 0.0726175 0.0730871 0.0712267 0.0675362 0.0625393 0.05673 0.0505329 0.04428 0.0382065 0.0324588 0.0271071 0.0221662 0.017629 0.0135051 0.00984834 0.00674936
 0.00760269 0.0124163 0.0188143 0.0267853 0.0361037 0.0461761 0.055998 0.0643828 0.0703686 0.0735074 0.0738641 0.071828 0.0679265 0.0627133 0.0567018 0.0503192 0.0438879 0.0376336 0.0317045 0.026188 0.0211267 0.0165417 0.0124598 0.0089308 0.00601896
 0.00767214 0.0125265 0.0189751 0.0270049 0.0363876 0.0465268 0.0564133 0.0648552 0.0708855 0.0740503 0.0744074 0.072337 0.0683598 0.0630298 0.0568706 0.0503242 0.0437258 0.0373078 0.0312224 0.0255653 0.0203958 0.0157563 0.0116893 0.00824442 0.005467
 0.00755771 0.0123689 0.0187906 0.0268268 0.0362575 0.0464807 0.0564709 0.0650175 0.0711411 0.0743838 0.0748035 0.0727789 0.068824 0.0634834 0.0572722 0.0506316 0.0439036 0.0373338 0.0310897 0.0252829 0.0199905 0.0152722 0.0111836 0.00777533 0.00507931
 0.00762182 0.0124546 0.0188869 0.0269157 0.0363244 0.0465268 0.0565195 0.0651065 0.071303 0.0746262 0.075103 0.073093 0.0691106 0.0637146 0.0574355 0.0507214 0.0439135 0.0372545 0.0309137 0.0250112 0.0196378 0.0148689 0.0107711 0.00739706 0.00476862
 0.00769058 0.0125453 0.0189839 0.0269896 0.0363382 0.0464481 0.0563338 0.0648276 0.0709762 0.0743213 0.0748958 0.0730402 0.069229 0.0639773 0.0577854 0.0510929 0.0442494 0.0375134 0.0310699 0.0250545 0.0195742 0.0147206 0.0105729 0.00718806 0.0045821
 0.0077871 0.0126782 0.0191386 0.0271351 0.0364327 0.0464493 0.0562103 0.0645677 0.0705941 0.0738599 0.0744243 0.0726418 0.0689802 0.0639244 0.0579301 0.0513931 0.0446354 0.0379093 0.0314123 0.0253025 0.0197123 0.0147567 0.0105323 0.0071045 0.00448782
 0.00789657 0.012852 0.0193906 0.0274705 0.0368414 0.0468982 0.0566397 0.0648989 0.0707501 0.0737926 0.0741337 0.0721789 0.0684326 0.0633921 0.057499 0.0511142 0.0445152 0.037915 0.0314886 0.0253924 0.0197737 0.0147703 0.0105006 0.00704398 0.00441904
 0.00790644 0.0128792 0.0194521 0.0275891 0.0370391 0.0471869 0.0570105 0.0653167 0.0711565 0.074117 0.0743102 0.0721656 0.0682267 0.0630341 0.0570622 0.0506828 0.0441583 0.0376684 0.0313503 0.0253324 0.0197521 0.0147541 0.0104726 0.00700322 0.00437342
 0.00794495 0.0129389 0.0195373 0.0277036 0.0371883 0.0473783 0.0572528 0.065614 0.0715003 0.0744789 0.0746418 0.0724068 0.068323 0.0629559 0.0568175 0.0503169 0.0437402 0.037268 0.0310173 0.0250861 0.0195843 0.0146423 0.0103941 0.00694302 0.00432552
 0.00794634 0.0129385 0.0195318 0.0276889 0.0371611 0.0473395 0.0572102 0.0655837 0.0715043 0.0745392 0.0747706 0.0725972 0.0685448 0.0631613 0.056957 0.0503583 0.0436815 0.0371364 0.0308553 0.0249329 0.019463 0.0145573 0.0103378 0.006905 0.00429825
 0.00805054 0.0130882 0.0197203 0.027897 0.0373617 0.0475058 0.0573231 0.0656352 0.0714979 0.0744889 0.0746981 0.0725271 0.0684961 0.0631391 0.0569492 0.0503405 0.0436293 0.0370384 0.030719 0.0247803 0.0193189 0.0144388 0.0102506 0.00684582 0.00426015
 0.00809903 0.0131593 0.0198124 0.0280017 0.0374639 0.0475853 0.0573583 0.0656084 0.0714031 0.0743375 0.0745194 0.0723599 0.0683767 0.0630893 0.0569704 0.0504145 0.0437257 0.0371258 0.0307758 0.0248002 0.0193095 0.0144141 0.0102232 0.00682291 0.00424379
 0.00809822 0.0131688 0.0198461 0.0280775 0.0375969 0.047778 0.0575927 0.0658468 0.0715979 0.0744473 0.0745225 0.0722614 0.0682052 0.0628872 0.0567793 0.0502632 0.0436233 0.0370637 0.0307362 0.0247664 0.0192725 0.0143738 0.0101843 0.0067905 0.00422023
 0.00804102 0.0130868 0.0197439 0.0279682 0.0375015 0.0477215 0.0575984 0.0659295 0.0717563 0.0746589 0.0747464 0.0724504 0.0683227 0.0629198 0.0567396 0.0501807 0.0435305 0.0369835 0.030677 0.024725 0.0192411 0.0143464 0.0101591 0.00676863 0.00420324
 0.00790165 0.0128778 0.0194627 0.0276259 0.0371218 0.0473381 0.0572524 0.0656655 0.0716148 0.0746657 0.0749027 0.0727292 0.0686748 0.0632876 0.0570738 0.0504528 0.0437353 0.0371324 0.0307868 0.0248089 0.0193057 0.0143937 0.0101907 0.00678702 0.00421237
 0.00781267 0.0127347 0.0192511 0.0273362 0.0367539 0.0469078 0.0567959 0.0652365 0.0712735 0.0744622 0.0748645 0.0728564 0.0689426 0.0636532 0.0574854 0.05086 0.0440996 0.0374333 0.0310212 0.0249845 0.0194341 0.0144851 0.010253 0.00682682 0.0042357
 0.00784393 0.0127728 0.0192846 0.0273456 0.0367162 0.0468036 0.0566169 0.0649908 0.0709853 0.0741689 0.0746094 0.0726796 0.0688713 0.0636947 0.0576258 0.0510689 0.0443388 0.0376672 0.0312247 0.025146 0.0195531 0.0145679 0.0103076 0.00686086 0.00425548
 0.00793622 0.0128907 0.0194026 0.0274195 0.0366941 0.0466449 0.0563087 0.0645537 0.0704684 0.0736374 0.0741317 0.0723157 0.0686638 0.0636622 0.0577604 0.0513392 0.0446977 0.0380623 0.0316085 0.0254839 0.0198268 0.0147734 0.0104514 0.0069546 0.00431225
 0.00790209 0.0128533 0.0193775 0.0274268 0.0367462 0.0467303 0.0563844 0.0645555 0.0703383 0.0733544 0.0737263 0.0718608 0.068248 0.0633613 0.0576192 0.0513666 0.0448711 0.0383378 0.0319336 0.0258097 0.0201162 0.015006 0.010622 0.00706944 0.00438316
 0.00773295 0.0126021 0.0190449 0.0270325 0.0363272 0.0463348 0.0560626 0.0643463 0.0702547 0.0733742 0.0737998 0.0719341 0.068291 0.0633818 0.0576547 0.0514611 0.0450527 0.0386067 0.0322644 0.0261621 0.0204493 0.015289 0.0108397 0.0072216 0.0044799
 0.00758715 0.0123652 0.0186903 0.0265403 0.0356939 0.0455864 0.0552633 0.063594 0.069658 0.0730182 0.0737187 0.0721029 0.0686411 0.0638304 0.058135 0.0519385 0.045522 0.0390754 0.0327343 0.0266206 0.0208722 0.0156508 0.0111238 0.00742509 0.00461238
 0.00748979 0.0122089 0.0184586 0.0262181 0.0352699 0.0450569 0.0546397 0.0629098 0.0689715 0.0724077 0.0732674 0.0718777 0.0686707 0.0640963 0.0585795 0.0524874 0.0461093 0.0396571 0.0332872 0.0271315 0.0213282 0.0160376 0.0114301 0.00764839 0.00476082
 0.00753684 0.0122726 0.0185303 0.0262805 0.0353 0.045031 0.0545383 0.0627205 0.0686911 0.0720458 0.0728511 0.0714535 0.0682995 0.0638375 0.0584721 0.0525379 0.0462926 0.0399306 0.0336065 0.0274604 0.0216404 0.016314 0.0116574 0.00782034 0.00487927
 0.0076253 0.0123979 0.0186839 0.0264415 0.0354384 0.0451157 0.0545437 0.062631 0.0685034 0.0717691 0.0725064 0.0710723 0.0679205 0.0635037 0.0582251 0.0524093 0.0462948 0.0400527 0.0338181 0.0277217 0.0219127 0.0165665 0.01187 0.00798349 0.00499313
 0.00767032 0.0124722 0.0187967 0.026599 0.0356387 0.0453426 0.0547639 0.0627986 0.068573 0.0717118 0.0723201 0.0707805 0.0675638 0.063129 0.0578781 0.0521296 0.0461114 0.0399791 0.0338491 0.0278348 0.022075 0.0167434 0.0120335 0.00811641 0.00508945
 0.00771321 0.0125441 0.0189089 0.0267631 0.0358639 0.0456308 0.0551035 0.0631611 0.0689136 0.0719769 0.0724592 0.0707606 0.0673795 0.0628057 0.0574652 0.0516878 0.0456993 0.0396422 0.0336132 0.0277038 0.0220335 0.0167644 0.0120869 0.00817734 0.00514219
 0.00765472 0.0124621 0.0188102 0.0266634 0.0357851 0.0455955 0.0551299 0.0632589 0.0690816 0.0722 0.072708 0.0709936 0.0675524 0.0628835 0.057434 0.0515602 0.0455104 0.0394378 0.0334359 0.0275817 0.021975 0.0167603 0.0121179 0.00822247 0.0051855
 0.00752393 0.0122611 0.0185304 0.0263073 0.0353686 0.0451497 0.054701 0.062904 0.0688564 0.0721435 0.0728297 0.0712706 0.0679353 0.063309 0.0578396 0.0518988 0.0457599 0.039603 0.0335408 0.0276566 0.0220438 0.0168339 0.0121946 0.00829412 0.00524418
 0.0075442 0.0122751 0.0185169 0.0262361 0.0352098 0.0448882 0.0543489 0.0625023 0.0684652 0.0718257 0.0726351 0.0712258 0.0680398 0.0635365 0.0581448 0.0522282 0.0460654 0.0398533 0.0337267 0.0277873 0.0221379 0.0169083 0.0122588 0.00834993 0.00528948
 0.00760162 0.0123657 0.0186466 0.0264041 0.0354042 0.0450813 0.0544972 0.0625565 0.068389 0.0716149 0.0723254 0.0708823 0.0677337 0.0633214 0.0580431 0.0522299 0.0461379 0.0399566 0.0338273 0.0278669 0.0221937 0.0169468 0.0122881 0.00837485 0.00531095
 0.00762614 0.0124102 0.018722 0.0265231 0.035577 0.0453098 0.0547681 0.062838 0.0686337 0.0717709 0.0723517 0.0707649 0.067494 0.0630113 0.0577268 0.0519619 0.0459472 0.0398433 0.0337721 0.027845 0.0221856 0.0169428 0.012286 0.0083751 0.00531368
 0.00764706 0.0124379 0.0187526 0.0265506 0.0355974 0.0453252 0.0547896 0.0628818 0.0687126 0.0718835 0.0724777 0.0708695 0.0675414 0.0629808 0.0576231 0.0518135 0.0457932 0.0397168 0.033689 0.0278033 0.0221726 0.0169447 0.0122931 0.00838276 0.00532034
 0.00764134 0.0124229 0.0187192 0.026487 0.0354915 0.0451705 0.0545904 0.062657 0.0684942 0.0717102 0.0723841 0.0708737 0.0676366 0.0631371 0.0577997 0.0519757 0.0459243 0.0398193 0.0337751 0.0278839 0.0222511 0.0170176 0.0123548 0.00842996 0.00535294
 0.00770466 0.0125298 0.0188863 0.026729 0.035814 0.0455606 0.0550103 0.0630474 0.0687903 0.0718636 0.0723786 0.0707283 0.0673948 0.0628481 0.0575025 0.0516916 0.0456605 0.0395777 0.0335596 0.0277011 0.0221069 0.0169129 0.0122852 0.00838736 0.00532895
 0.00741979 0.0120758 0.018223 0.025832 0.0346887 0.0442576 0.0536362 0.061756 0.0677484 0.0712037 0.0721648 0.070949 0.0679811 0.0637016 0.0585193 0.0527769 0.0467351 0.0405804 0.0344487 0.0284539 0.0227168 0.0173851 0.0126328 0.0086284 0.00548479
 0.00732209 0.011903 0.0179368 0.025388 0.034046 0.0433964 0.0525759 0.0605655 0.0665418 0.0701214 0.0713452 0.0704988 0.067951 0.0640777 0.0592316 0.0537212 0.0477985 0.0416606 0.0354648 0.0293502 0.0234623 0.0179704 0.0130654 0.00892794 0.0056776
 0.00714745 0.0116396 0.0175772 0.0249349 0.0335058 0.0427712 0.0518615 0.0597592 0.0656576 0.0692049 0.0704784 0.0697902 0.0675114 0.0639896 0.059525 0.0543647 0.048708 0.0427226 0.0365622 0.0303833 0.024361 0.0186972 0.0136124 0.00931017 0.00592446
 0.00704655 0.0114832 0.0173566 0.0246488 0.0331616 0.0423849 0.0514551 0.0593539 0.065263 0.0688135 0.0700729 0.0693642 0.0670912 0.0636405 0.0593335 0.0544054 0.0490126 0.0432656 0.0372698 0.0311576 0.0251071 0.0193445 0.0141231 0.00967823 0.00616677
 0.00693552 0.0112993 0.0170742 0.0242443 0.0326211 0.0417149 0.0506928 0.0585657 0.0645307 0.0682104 0.0696426 0.0691125 0.0669956 0.0636717 0.0594782 0.0546746 0.0494306 0.0438455 0.0379914 0.0319631 0.0259157 0.0200766 0.0147229 0.0101235 0.00646645
 0.00684876 0.0111579 0.0168605 0.0239405 0.0322115 0.0411909 0.0500594 0.0578483 0.063777 0.0674865 0.0690217 0.0686589 0.0667485 0.0636377 0.0596373 0.0549965 0.0498904 0.0444269 0.038677 0.0327192 0.0266873 0.0207975 0.0153348 0.0105932 0.0067917
 0.00696699 0.0113227 0.0170572 0.0241366 0.0323639 0.0412573 0.0500081 0.0576627 0.0634553 0.0670413 0.0684821 0.0680721 0.0661761 0.0631447 0.0592772 0.0548012 0.0498685 0.0445703 0.0389658 0.0331225 0.0271608 0.0212859 0.0157828 0.0109595 0.00705867
 0.00714764 0.0116121 0.0174824 0.0247134 0.033086 0.0420835 0.0508545 0.0584113 0.0639818 0.0672518 0.0683395 0.0676004 0.0654474 0.0622589 0.0583428 0.0539185 0.049117 0.0440003 0.0385971 0.032947 0.0271472 0.0213864 0.0159423 0.0111284 0.00720247
 0.00726964 0.0118289 0.0178422 0.0252709 0.0338871 0.0431414 0.0521269 0.0597909 0.0653105 0.0683525 0.0690551 0.0678284 0.0651609 0.06151 0.0572469 0.0526259 0.0477818 0.0427546 0.0375353 0.0321198 0.0265633 0.0210202 0.0157462 0.0110464 0.0071842
 0.00727941 0.0118583 0.0179131 0.0254168 0.0341507 0.0435676 0.0527509 0.0606231 0.0663212 0.0694614 0.0701342 0.0687224 0.0657235 0.0616429 0.0569266 0.0519094 0.0467886 0.0416348 0.0364348 0.0311522 0.0257954 0.0204699 0.0153925 0.0108452 0.00708508
 0.00728973 0.0118585 0.0178844 0.0253359 0.0340019 0.0433598 0.0525298 0.0604691 0.0663277 0.0697028 0.0706339 0.0694357 0.0665406 0.0624137 0.0575016 0.0521831 0.0467295 0.0412896 0.0359066 0.0305636 0.0252522 0.0200384 0.0150938 0.0106656 0.00699268
 0.00727015 0.0118257 0.0178322 0.0252553 0.0338805 0.0431829 0.0522864 0.0601632 0.0659915 0.0694021 0.0704585 0.06947 0.0668269 0.0629251 0.0581416 0.0528144 0.0472201 0.0415575 0.0359411 0.0304179 0.0250128 0.0197891 0.0148904 0.0105286 0.00691588
 0.00717973 0.0116989 0.0176785 0.0250955 0.0337391 0.0430774 0.0522181 0.0601159 0.0659397 0.0693257 0.0703581 0.0693759 0.0667933 0.0630086 0.0583705 0.0531657 0.0476215 0.0419143 0.0361764 0.030502 0.0249678 0.0196694 0.0147538 0.0104146 0.0068395
 0.00728062 0.0118415 0.0178544 0.0252857 0.0339225 0.043242 0.0523665 0.06026 0.0660854 0.06946 0.0704487 0.0693867 0.0667081 0.0628459 0.0581787 0.0529995 0.0475123 0.041855 0.0361294 0.0304256 0.0248417 0.0195036 0.0145786 0.0102614 0.00672623
 0.00711867 0.0116032 0.0175415 0.0249141 0.0335156 0.0428213 0.0519486 0.0598616 0.0657336 0.0691956 0.0703163 0.0694155 0.0668953 0.0631577 0.0585671 0.053423 0.0479447 0.0422784 0.0365229 0.0307621 0.0250974 0.0196701 0.014667 0.010296 0.00673252
#obs surv len freq
 nan nan nan nan nan nan nan nan nan nan nan nan nan nan nan nan nan nan nan nan nan nan nan nan nan
 0.004489 0.00735227 0.011184 0.0160013 0.021702 0.0279765 0.034289 0.0400184 0.0446961 0.0481581 0.0505145 0.052009 0.0529 0.0534114 0.0537249 0.0539792 0.0542573 0.0545497 0.0546883 0.0542801 0.0527183 0.0493508 0.0438012 0.0362821 0.0276667
 0.00462162 0.00757096 0.0115184 0.0164797 0.022344 0.0287822 0.035228 0.0410281 0.0456906 0.0490463 0.0512173 0.0524715 0.0530955 0.053341 0.0534123 0.0534629 0.0535818 0.0537585 0.0538209 0.0533741 0.0518131 0.0484905 0.0430315 0.0356419 0.0271774
 0.00477464 0.00782289 0.0119036 0.0170326 0.0230927 0.0297379 0.0363734 0.0423108 0.0470272 0.0503349 0.0523524 0.0533577 0.0536597 0.0535403 0.053238 0.0529378 0.0527525 0.0526857 0.0525721 0.0520203 0.0504302 0.0471593 0.0418322 0.0346406 0.0264107
 0.00497298 0.00814429 0.0123855 0.0177097 0.0239911 0.0308654 0.0377094 0.0438009 0.0485892 0.0518706 0.0537597 0.0545386 0.0545253 0.0540178 0.0532787 0.0525244 0.0519022 0.0514482 0.0510244 0.0502616 0.0485773 0.0453408 0.0401747 0.0332474 0.02534
 0.00517769 0.00848199 0.0129027 0.0184523 0.0249951 0.0321422 0.0392313 0.0454975 0.050359 0.0536015 0.0553468 0.0558906 0.0555636 0.054673 0.0534915 0.052251 0.0511237 0.0501805 0.0493254 0.0482339 0.0463648 0.0431159 0.0381139 0.0314976 0.0239867
 0.00541005 0.00886054 0.0134742 0.0192617 0.0260777 0.0335114 0.0408644 0.047329 0.0522874 0.0555069 0.0571091 0.0574031 0.0567386 0.0554415 0.0537992 0.0520547 0.0503933 0.0489089 0.047545 0.0460321 0.043891 0.0405702 0.0357151 0.0294359 0.022379
 0.00565393 0.00926049 0.0140825 0.020129 0.027243 0.0349867 0.0426188 0.0492845 0.0543308 0.0575117 0.0589558 0.0589885 0.0579776 0.0562652 0.0541523 0.0518932 0.0496841 0.0476362 0.0457255 0.0437368 0.0412618 0.0378168 0.0330818 0.0271457 0.0205772
 0.00589866 0.0096615 0.014692 0.0209981 0.0284122 0.0364707 0.0443908 0.0512695 0.0564153 0.059565 0.0608509 0.0606159 0.0592494 0.0571147 0.0545289 0.0517572 0.0490036 0.046392 0.0439252 0.0414388 0.0385967 0.0349906 0.0303474 0.0247434 0.0186713
 0.00613602 0.0100507 0.0152842 0.021843 0.0295494 0.0379146 0.0461153 0.053202 0.0584469 0.0615705 0.0627085 0.0622186 0.0605099 0.0579648 0.0549176 0.0516462 0.0483639 0.0452049 0.0421953 0.0392154 0.0359982 0.0322122 0.0276364 0.0223426 0.016753
 0.0063788 0.0104487 0.0158893 0.0227055 0.0307079 0.0393808 0.0478576 0.0551408 0.0604659 0.0635398 0.064506 0.0637423 0.0616811 0.058726 0.055228 0.0514765 0.047692 0.0440176 0.0404979 0.0370529 0.0334787 0.0295168 0.0249992 0.0199983 0.0148717
 0.0065984 0.0108106 0.0164429 0.0235 0.0317828 0.0407501 0.0494946 0.0569719 0.062381 0.0654129 0.0662166 0.0651881 0.0627836 0.0594299 0.055498 0.0512908 0.0470369 0.0428866 0.0389001 0.0350309 0.0311304 0.0270064 0.0225404 0.0178075 0.0131086
 0.00681028 0.011158 0.0169714 0.0242539 0.0327968 0.0420358 0.0510263 0.0586812 0.0641654 0.0671552 0.0678031 0.0665217 0.0637886 0.0600538 0.0557087 0.0510721 0.0463829 0.0417994 0.037395 0.0331514 0.0289666 0.0247054 0.0202929 0.0158066 0.0114975
 0.00706244 0.0115657 0.0175802 0.0251041 0.0339144 0.0434198 0.0526356 0.0604311 0.06594 0.0688301 0.069267 0.0676881 0.0645985 0.0604732 0.0557235 0.0506821 0.0455966 0.0406314 0.0358701 0.0313166 0.0269071 0.0225528 0.0182143 0.0139699 0.0100254
 0.00726325 0.0119028 0.0181068 0.0258745 0.0349709 0.044772 0.0542416 0.0621942 0.0677255 0.0704959 0.0706904 0.0687804 0.0653067 0.0607752 0.0556203 0.0501898 0.0447392 0.0394372 0.0343744 0.0295711 0.0249928 0.0205868 0.0163404 0.0123292 0.00871877
 0.00743734 0.0121858 0.0185335 0.0264788 0.0357814 0.0458035 0.0554838 0.0636025 0.0692211 0.071974 0.0720356 0.0698839 0.0660832 0.0611726 0.0556216 0.049806 0.043999 0.0383789 0.0330439 0.0280265 0.0233134 0.0188779 0.014725 0.0109246 0.00760613
 0.00749667 0.0122918 0.0187109 0.0267575 0.0361909 0.0463644 0.0561988 0.0644539 0.0701741 0.072982 0.0730437 0.0708281 0.0668916 0.0617721 0.0559496 0.0498214 0.0436879 0.0377537 0.0321395 0.0268985 0.0220384 0.017553 0.0134585 0.00981696 0.00672609
 0.00756331 0.0123861 0.018828 0.0268873 0.0363251 0.0465061 0.0563686 0.0646858 0.0705027 0.0734281 0.0736034 0.0714715 0.0675668 0.0624125 0.0564819 0.0501749 0.0438063 0.0376045 0.0317211 0.0262418 0.0212049 0.0166286 0.0125406 0.00899572 0.00606454
 0.0076422 0.0125084 0.0189998 0.027108 0.0365851 0.0467856 0.0566396 0.06492 0.0706844 0.0735653 0.0737276 0.0716238 0.067777 0.0626825 0.0567806 0.0504465 0.0439841 0.0376285 0.0315528 0.0258753 0.0206708 0.015989 0.0118758 0.00838403 0.00556327
 0.00773885 0.0126599 0.0192172 0.0273963 0.0369414 0.0471958 0.0570756 0.0653404 0.0710418 0.0738195 0.0738591 0.0716417 0.0677161 0.0625895 0.0566943 0.0503813 0.0439239 0.0375343 0.0313801 0.0255935 0.020278 0.0155153 0.011375 0.00791607 0.00517526
 0.00778774 0.0127403 0.0193395 0.0275704 0.0371737 0.0474856 0.0574111 0.0656975 0.0713878 0.0741187 0.0740806 0.0717657 0.0677385 0.0625242 0.0565696 0.050229 0.043766 0.0373733 0.0311996 0.02537 0.019997 0.0151835 0.0110207 0.00757898 0.00489081
 0.00779074 0.012742 0.0193366 0.0275596 0.0371542 0.0474627 0.0573983 0.0657139 0.0714511 0.0742372 0.0742478 0.0719606 0.0679325 0.0626897 0.0566888 0.0502973 0.043789 0.0373588 0.0311501 0.0252808 0.0198621 0.015005 0.0108143 0.00737037 0.00470647
 0.00782836 0.0127926 0.0193932 0.0276087 0.0371799 0.0474522 0.0573477 0.0656315 0.071356 0.0741555 0.0742051 0.0719743 0.0680053 0.0628085 0.0568291 0.0504322 0.0438974 0.0374289 0.0311775 0.0252646 0.0198034 0.0149089 0.0106923 0.00724012 0.00458674
 0.00787726 0.0128695 0.0195035 0.0277536 0.0373534 0.0476392 0.0575229 0.0657636 0.071418 0.0741355 0.0741132 0.0718393 0.0678637 0.0626912 0.0567522 0.0503945 0.0438851 0.0374234 0.0311622 0.0252291 0.0197439 0.0148276 0.0105969 0.0071424 0.00449863
 0.00786074 0.0128448 0.0194705 0.0277142 0.037312 0.0476018 0.0574962 0.0657526 0.071423 0.0741507 0.0741286 0.0718465 0.0678614 0.0626874 0.0567597 0.0504239 0.0439379 0.0374913 0.0312303 0.0252819 0.0197709 0.014826 0.0105711 0.00710194 0.00445457
 0.00788222 0.0128695 0.0194891 0.0277125 0.0372756 0.0475234 0.0573811 0.0656191 0.071296 0.0740532 0.0740738 0.0718353 0.0678852 0.0627339 0.0568191 0.0504918 0.0440136 0.0375735 0.0313136 0.0253573 0.0198286 0.0148599 0.0105814 0.0070941 0.00443702
 0.00788728 0.0128791 0.0195056 0.0277369 0.0373057 0.0475509 0.0573916 0.0655965 0.0712304 0.0739482 0.0739483 0.0717163 0.0677972 0.0626899 0.0568191 0.0505266 0.0440716 0.0376442 0.0313886 0.0254287 0.0198891 0.0149038 0.0106066 0.00710292 0.00443473
 0.00790264 0.0128996 0.0195282 0.0277567 0.0373173 0.0475516 0.0573819 0.0655786 0.0712054 0.0739135 0.0738995 0.0716523 0.0677243 0.0626216 0.0567704 0.0505077 0.0440841 0.0376824 0.0314425 0.025488 0.0199445 0.0149486 0.0106375 0.00712008 0.00444123
 0.00786149 0.0128384 0.0194467 0.0276579 0.0372068 0.0474351 0.0572651 0.0654676 0.0711076 0.0738378 0.0738534 0.0716395 0.0677432 0.0626667 0.0568362 0.0505905 0.044182 0.0377923 0.0315588 0.0256021 0.0200477 0.0150337 0.010701 0.00716234 0.00446593
 0.00784957 0.0128117 0.0193933 0.027564 0.0370613 0.0472371 0.0570291 0.0652223 0.0708871 0.0736707 0.0737557 0.0716138 0.0677822 0.0627583 0.0569663 0.0507457 0.0443505 0.0379647 0.0317272 0.0257592 0.0201864 0.0151483 0.0107883 0.00722312 0.0045041
 0.00784566 0.0128034 0.0193768 0.0275332 0.0370079 0.0471516 0.0569035 0.0650541 0.0706845 0.0734541 0.0735551 0.0714602 0.0676982 0.0627522 0.0570319 0.0508673 0.0445087 0.0381409 0.0319061 0.0259285 0.0203369 0.0152735 0.0108851 0.00729195 0.00454866
 0.00783193 0.0127815 0.0193447 0.0274891 0.0369503 0.0470794 0.0568159 0.0649509 0.070566 0.0733225 0.0734167 0.0713272 0.0675887 0.0626855 0.0570224 0.050919 0.0446145 0.0382853 0.0320701 0.0260943 0.0204898 0.0154037 0.0109874 0.00736582 0.00459738
 0.00779049 0.0127164 0.0192511 0.0273646 0.0367958 0.0469005 0.0566238 0.0647611 0.0703957 0.0731854 0.0733202 0.0712725 0.0675737 0.0627084 0.0570839 0.0510207 0.0447556 0.0384592 0.0322641 0.0262918 0.0206744 0.0155625 0.0111131 0.00745712 0.00465799
 0.00776133 0.0126636 0.0191621 0.0272252 0.0365952 0.0466376 0.0563125 0.0644312 0.0700853 0.0729315 0.073149 0.0711955 0.067588 0.0628016 0.0572389 0.051221 0.0449869 0.0387097 0.0325217 0.026543 0.0209048 0.0157597 0.0112694 0.00757114 0.00473402
 0.00772309 0.0126017 0.019069 0.0270937 0.0364186 0.0464119 0.0560394 0.0641209 0.0697589 0.0726195 0.072887 0.0710162 0.0675137 0.0628382 0.0573767 0.0514386 0.0452586 0.0390103 0.032829 0.0268384 0.0211727 0.0159877 0.0114501 0.00770334 0.00482263
 0.00768203 0.0125345 0.0189673 0.0269497 0.0362273 0.0461736 0.0557621 0.0638208 0.0694569 0.072338 0.0726467 0.0708367 0.0674124 0.0628289 0.0574651 0.0516192 0.0455142 0.0393157 0.0331563 0.0271609 0.0214683 0.0162402 0.0116507 0.00785057 0.00492173
 0.00769401 0.0125509 0.0189859 0.0269656 0.0362331 0.0461602 0.0557201 0.063742 0.0693373 0.0721796 0.0724588 0.0706354 0.0672188 0.0626664 0.0573554 0.0515787 0.0455498 0.0394222 0.0333176 0.027354 0.0216684 0.0164257 0.0118064 0.0079694 0.00500411
 0.00765145 0.0124878 0.0189023 0.0268654 0.0361227 0.046046 0.0556072 0.0636335 0.0692345 0.0720826 0.0723678 0.0705515 0.0671458 0.0626108 0.0573271 0.0515887 0.0456072 0.0395303 0.0334712 0.0275389 0.0218645 0.0166121 0.0119663 0.00809338 0.00509105
 0.00762832 0.0124497 0.0188444 0.0267839 0.0360165 0.0459194 0.0554708 0.0635025 0.0691242 0.0720023 0.0723182 0.070526 0.0671352 0.0626087 0.0573327 0.051607 0.0456467 0.0395991 0.0335726 0.0276691 0.0220119 0.0167605 0.0120999 0.00820119 0.00516903
 0.00762992 0.0124518 0.0188464 0.0267843 0.0360128 0.0459078 0.055447 0.0634635 0.0690698 0.0719368 0.0722492 0.0704614 0.0670803 0.0625649 0.0572989 0.0515831 0.0456354 0.0396061 0.0336037 0.0277263 0.0220909 0.0168514 0.01219 0.00827933 0.00522878
 0.00761804 0.0124347 0.0188249 0.0267604 0.0359891 0.0458865 0.0554286 0.0634466 0.0690516 0.0719144 0.0722208 0.0704279 0.0670452 0.0625326 0.0572737 0.0515673 0.0456307 0.0396142 0.0336269 0.0277662 0.0221465 0.0169173 0.0122579 0.00834059 0.00527735
 0.00759551 0.0124001 0.0187766 0.0266988 0.0359168 0.0458085 0.0553523 0.0633805 0.0690034 0.0718881 0.0722156 0.0704388 0.0670655 0.0625572 0.0572999 0.0515951 0.0456614 0.0396497 0.0336689 0.0278158 0.022203 0.016978 0.0123176 0.00839361 0.00531947
 0.00756196 0.012346 0.0186963 0.0265881 0.0357746 0.0456392 0.0551675 0.0631989 0.0688469 0.0717762 0.0721606 0.0704432 0.0671226 0.062654 0.0574211 0.0517269 0.0457937 0.0397767 0.0337881 0.0279263 0.0223042 0.0170686 0.0123955 0.00845655 0.00536642
 0.00754256 0.0123126 0.0186425 0.026507 0.0356604 0.0454899 0.054988 0.0630015 0.0686506 0.0716028 0.0720304 0.0703714 0.0671164 0.0627111 0.057531 0.0518734 0.0459593 0.039946 0.03395 0.0280739 0.0224341 0.0171788 0.012485 0.00852543 0.0054158
 0.00752668 0.0122883 0.0186088 0.0264632 0.0356056 0.0454224 0.054905 0.0629009 0.0685327 0.0714732 0.0719005 0.0702571 0.0670346 0.0626752 0.0575473 0.0519398 0.0460657 0.0400778 0.0340917 0.0282124 0.0225599 0.0172863 0.0125718 0.00859113 0.00546214
 0.00754823 0.0123181 0.0186439 0.0264977 0.0356321 0.0454348 0.0548998 0.0628774 0.0684911 0.0714133 0.0718224 0.0701632 0.066932 0.0625768 0.0574681 0.0518928 0.0460578 0.0401078 0.0341511 0.0282891 0.0226416 0.0173631 0.0126371 0.00864212 0.00549865
 0.00750964 0.0122665 0.0185864 0.0264469 0.0356017 0.0454323 0.0549225 0.0629127 0.0685227 0.0714283 0.0718153 0.0701354 0.066889 0.0625258 0.0574177 0.0518528 0.0460375 0.0401132 0.0341832 0.0283425 0.0227069 0.01743 0.0126972 0.0086904 0.00553363
 0.00747601 0.0122083 0.0184934 0.02631 0.0354181 0.045212 0.0546913 0.0627076 0.0683794 0.0713668 0.0718331 0.0702124 0.0669985 0.0626454 0.0575341 0.0519619 0.0461411 0.0402158 0.0342881 0.0284498 0.0228127 0.0175279 0.0127808 0.00875556 0.00557983
 0.00749351 0.0122325 0.0185213 0.026335 0.03543 0.0451991 0.0546432 0.06262 0.0682585 0.0712307 0.0717076 0.0701212 0.0669543 0.0626458 0.0575664 0.0520106 0.0461952 0.0402708 0.0343442 0.0285084 0.0228736 0.0175881 0.0128356 0.00880093 0.00561358
 0.00750535 0.0122547 0.0185597 0.0263958 0.0355167 0.0453082 0.0547616 0.0627256 0.0683262 0.0712414 0.0716559 0.0700181 0.0668232 0.0625134 0.0574536 0.0519271 0.0461405 0.0402391 0.0343295 0.0285069 0.0228826 0.0176049 0.0128566 0.008822 0.00563149
 0.00750535 0.0122547 0.0185597 0.0263958 0.0355167 0.0453082 0.0547616 0.0627256 0.0683262 0.0712414 0.0716559 0.0700181 0.0668232 0.0625134 0.0574536 0.0519271 0.0461405 0.0402391 0.0343295 0.0285069 0.0228826 0.0176049 0.0128566 0.008822 0.00563149
 0.0071751 0.0117323 0.0178032 0.0253829 0.0342571 0.0438584 0.053235 0.0612841 0.0671463 0.0704664 0.07136 0.0701968 0.0674099 0.0634076 0.0585461 0.053117 0.0473427 0.0413866 0.035373 0.0294137 0.0236353 0.0181997 0.0133014 0.00913414 0.00583514
 0.0071366 0.0116325 0.0175845 0.0249699 0.0335767 0.0428718 0.0519673 0.0598342 0.0656705 0.0691439 0.0703539 0.0696233 0.0673196 0.0637815 0.0593073 0.0541533 0.048532 0.0426163 0.0365515 0.030474 0.0245356 0.0189207 0.0138439 0.00951544 0.00608361
 0.00706981 0.011532 0.0174454 0.0247853 0.0333292 0.0425258 0.0514706 0.0591355 0.0647507 0.0680455 0.0691904 0.0685584 0.0665228 0.0633813 0.0593594 0.0546338 0.0493526 0.0436524 0.0376718 0.0315635 0.0255086 0.0197257 0.0144622 0.00995521 0.00637198
 0.00702852 0.0114669 0.0173518 0.0246606 0.033174 0.0423425 0.0512599 0.0588896 0.0644464 0.0676471 0.0686669 0.0679121 0.065812 0.0627182 0.058879 0.0544475 0.0495102 0.0441285 0.0383798 0.0323863 0.0263309 0.0204581 0.0150527 0.0103887 0.00666205
 0.00695906 0.0113588 0.0171983 0.024459 0.0329266 0.0420578 0.0509529 0.0585803 0.0641542 0.0673816 0.0684204 0.0676618 0.0655345 0.0624118 0.0585817 0.0542347 0.0494676 0.0443153 0.0387997 0.0329839 0.0270126 0.0211244 0.0156264 0.0108298 0.00696681
 0.00693414 0.0113183 0.0171371 0.0243727 0.0328119 0.0419143 0.0507843 0.0583948 0.0639627 0.0671943 0.0682437 0.0674943 0.0653671 0.0622332 0.0583897 0.0540487 0.0493333 0.0442914 0.0389321 0.0332804 0.0274343 0.0216002 0.0160802 0.0112059 0.00724116
 0.00697704 0.0113901 0.0172484 0.0245327 0.0330244 0.0421714 0.0510626 0.0586571 0.0641661 0.0673027 0.0682365 0.0673697 0.0651375 0.0619191 0.0580155 0.0536435 0.0489353 0.0439487 0.038695 0.0331838 0.0274818 0.0217598 0.0162968 0.0114235 0.00742083
 0.00700872 0.0114502 0.0173546 0.0247064 0.0332847 0.0425264 0.0515004 0.0591424 0.0646449 0.067713 0.0685218 0.0674894 0.0650746 0.0616818 0.0576329 0.0531592 0.0484012 0.0434209 0.0382292 0.0328269 0.0272596 0.021669 0.0163073 0.0114908 0.0075035
 0.00715804 0.011691 0.0177129 0.025204 0.0339338 0.0433211 0.052408 0.0601004 0.0655681 0.0685083 0.0691042 0.0677957 0.0650716 0.0613706 0.0570475 0.0523606 0.0474677 0.0424386 0.037282 0.0319878 0.0265809 0.0211735 0.0159859 0.0113097 0.00741813
 0.00714161 0.011683 0.0177359 0.0252916 0.0341235 0.0436423 0.0528708 0.0606898 0.066246 0.0692198 0.0697836 0.0683732 0.0654805 0.0615576 0.0569835 0.0520482 0.046943 0.0417655 0.0365415 0.0312632 0.0259429 0.0206678 0.0156271 0.011084 0.00729398
 0.00706646 0.0115581 0.0175449 0.0250233 0.033781 0.0432545 0.0524982 0.0604166 0.0661564 0.0693677 0.0701727 0.0689539 0.0661655 0.0622429 0.0575707 0.0524618 0.0471436 0.0417551 0.0363599 0.0309756 0.0256216 0.020374 0.0153983 0.0109308 0.00720637
 0.00707492 0.0115608 0.0175281 0.0249664 0.0336609 0.0430537 0.052215 0.0600733 0.0658017 0.0690713 0.0700095 0.0689812 0.0664014 0.0626554 0.0580848 0.0529809 0.0475761 0.0420386 0.0364739 0.030941 0.0254881 0.0202005 0.0152339 0.0108041 0.00712436
 0.00708917 0.0115856 0.0175675 0.0250224 0.0337302 0.043123 0.0522594 0.0600614 0.065708 0.0688909 0.0697687 0.0687358 0.0662201 0.0625963 0.0581712 0.0531911 0.0478504 0.0423015 0.0366615 0.0310217 0.0254677 0.020112 0.0151198 0.0106988 0.00704597
 0.00709337 0.0115933 0.0175809 0.0250445 0.0337642 0.0431713 0.0523211 0.0601293 0.0657664 0.0689177 0.0697421 0.0686463 0.0660808 0.0624441 0.0580551 0.0531508 0.0478972 0.0424122 0.0367899 0.0311203 0.0255083 0.0200938 0.0150627 0.0106295 0.0069851
 0.00704962 0.0115222 0.0174744 0.0248965 0.0335736 0.0429455 0.052079 0.0598996 0.0655809 0.0688006 0.0697013 0.0686718 0.0661512 0.0625387 0.0581648 0.0532809 0.0480593 0.04261 0.0370096 0.0313333 0.0256837 0.0202131 0.0151259 0.0106509 0.00698373
#pred catch len freq
 0.0031662 0.00513803 0.00774957 0.0110448 0.0150659 0.0198064 0.0251509 0.0308621 0.0366277 0.0421241 0.0470644 0.0512358 0.054529 0.0569429 0.0585603 0.0595147 0.0599649 0.060061 0.0598676 0.0592397 0.0577275 0.0546436 0.0493773 0.0418345 0.0327009
