SBPRF35
12.7214
Curr Bio
822882
B35
890240
F35
0.172474
FOFL
0.159955
OFL
108556
Bzero
3.63469e+06
#pred survey bio
 3.50262e+06 3.37857e+06 3.26717e+06 3.10836e+06 2.91522e+06 2.69218e+06 2.43954e+06 2.19229e+06 1.982e+06 1.76848e+06 1.56977e+06 1.38004e+06 1.20797e+06 1.08351e+06 980614 885158 771413 723431 664146 632208 621419 592361 563467 545921 536688 532117 526156 529592 533136 542547 546522 549856 551331 561447 572781 587260 602398 608712 623314 635299 637207 647420 659996 670309 671518 675296 683686 694659 694098 703655 721431 784665 827455 829314 2.92369e+07 1.78861e+07 1.84814e+07 1.94916e+07 2.07458e+07 2.20591e+07 2.32997e+07 2.43944e+07 2.53157e+07 2.60657e+07 2.6662e+07 2.71286e+07 2.74896e+07 2.77671e+07 2.79797e+07 2.81423e+07 2.82667e+07 2.83622e+07 2.84357e+07 2.84925e+07 2.85365e+07 2.85709e+07 2.85978e+07 2.86189e+07 2.86356e+07 2.86489e+07 2.86594e+07 2.86678e+07 2.86745e+07 2.86799e+07 2.86842e+07 2.86878e+07 2.86906e+07 2.86929e+07 2.86948e+07 2.86963e+07 2.86975e+07 2.86985e+07 2.86993e+07 2.87e+07 2.87005e+07 2.8701e+07 2.87014e+07 2.87017e+07 2.87019e+07 2.87021e+07 2.87023e+07 2.87024e+07 2.87025e+07 2.87026e+07 2.87027e+07 2.87027e+07 2.87028e+07 2.87028e+07 2.87028e+07 2.87029e+07 2.87029e+07 2.87029e+07 2.87029e+07 2.87029e+07 2.87029e+07 2.87029e+07 2.8703e+07 2.8703e+07 2.8703e+07 2.8703e+07 2.8703e+07 2.8703e+07 2.8703e+07 2.8703e+07 2.8703e+07 2.8703e+07 2.8703e+07 2.8703e+07 2.8703e+07 2.8703e+07 2.8703e+07 2.8703e+07 2.8703e+07 2.8703e+07 2.8703e+07 2.8703e+07 2.8703e+07 2.8703e+07 2.8703e+07 2.8703e+07 2.8703e+07 2.8703e+07 2.8703e+07 2.8703e+07 2.8703e+07 2.8703e+07 2.8703e+07 2.8703e+07 2.8703e+07 2.8703e+07 2.8703e+07 2.8703e+07 2.8703e+07 2.8703e+07 0 0 0 0 0 0 0 0 0 0 0 0 0 0 0 0 0 0 0 0 0 0 0 0 0
#obs survey bio
 3.4215e+06 3.80531e+06 4.88479e+06 3.11932e+06 2.80857e+06 2.8187e+06 2.16373e+06 1.50634e+06 1.93855e+06 1.54451e+06 1.80237e+06 1.66433e+06 822296 912870 964864 655721 760205 688552 753343 1.03377e+06 641304 631254 623208 589859 517965 558858 371497 564582 613620 598882 439222 571456 586380 605432 664191 447783 489574 555488 778969 745576 734397 655942 567714 843791 588811 723259 532687 631441 738617 741518 901667 1.1185e+06 722997 608853
#pred catch bio
 102100 98590.6 153119 197898 241200 285646 298339 281352 298545 296235 295560 284132 244994 228155 221931 234289 173676 179002 149786 127700 139177 134408 121201 111972 106818 107171 99067.2 99174.4 94324 98727.1 98773.2 100018 92902.6 92662.4 91219.3 92280.6 100652 94084.8 96976.7 105570 98504.6 97287.7 100231 108762 107320 104724 104446 115725 108363 103455 68426 89305.5 125052 121848 108556 118382 121279 126904 134562 142701 150327 156942 162383 166687 169994 172478 174313 175649 176612 177300 177788 178133 178375 178544 178662 178745 178802 178842 178869 178888 178901 178910 178916 178921 178924 178926 178927 178928 178929 178929 178930 178930 178930 178930 178930 178930 178930 178930 178930 178930 178930 178930 178930 178930 178930 178930 178930 178930 178930 178930 178930 178930 178930 178930 178930 178930 178930 178930 178930 178930 178930 178930 178930 178930 178930 178930 178930 178930 178930 178930 178930 178930 178930 178930 178930 178930 178930 178930 178930 178930 178930 178930 178930 178930 178930 178930 178930 178930 178930 178930 178930 178930 178930 178930 0 0 0 0 0 0 0 0 0 0 0 0 0 0 0 0 0 0 0 0 0 0 0 0 0
#obs catch bio
 0 98264.4 153179 197744 241086 285949 299064 283183 300633 299508 298161 286015 247790 230354 223763 239069 175708 182898 151734 127534 138838 134104 121392 111890 106814 107082 99384.6 99595.9 94378.8 98743.7 98497.4 99949.5 92781.9 92575.3 90795.5 92349.1 101082 94148.1 96704.6 105324 98203.2 96803.8 99885.7 107939 107174 104310 104360 116029 108470 104103 68128.6 89015.3 125024 121812
#pred cpue bio
 3.45896e+06 3.33615e+06 3.22477e+06 3.06579e+06 2.87286e+06 2.65002e+06 2.39789e+06 2.15119e+06 1.94132e+06 1.72862e+06 1.53102e+06 1.34273e+06 1.17204e+06 1.04844e+06 946379 851925 740079 693140 635798 605449 595634 567608 539538 522608 513765 509401 503591 506930 510525 519959 524100 527467 528933 538866 550019 564106 578819 585082 599538 611402 613331 623380 635678 645709 646709 650212 658224 668719 667985 677169 694475 756771 799248 800848 2.82181e+07 1.7263e+07 1.77501e+07 1.86559e+07 1.98797e+07 2.11871e+07 2.24268e+07 2.35213e+07 2.44426e+07 2.51925e+07 2.57889e+07 2.62554e+07 2.66165e+07 2.6894e+07 2.71065e+07 2.72691e+07 2.73936e+07 2.74891e+07 2.75626e+07 2.76193e+07 2.76634e+07 2.76977e+07 2.77246e+07 2.77458e+07 2.77625e+07 2.77757e+07 2.77863e+07 2.77947e+07 2.78014e+07 2.78068e+07 2.78111e+07 2.78146e+07 2.78175e+07 2.78198e+07 2.78216e+07 2.78231e+07 2.78244e+07 2.78254e+07 2.78262e+07 2.78269e+07 2.78274e+07 2.78279e+07 2.78282e+07 2.78285e+07 2.78288e+07 2.7829e+07 2.78291e+07 2.78293e+07 2.78294e+07 2.78295e+07 2.78295e+07 2.78296e+07 2.78296e+07 2.78297e+07 2.78297e+07 2.78297e+07 2.78298e+07 2.78298e+07 2.78298e+07 2.78298e+07 2.78298e+07 2.78298e+07 2.78298e+07 2.78298e+07 2.78298e+07 2.78298e+07 2.78298e+07 2.78298e+07 2.78298e+07 2.78298e+07 2.78298e+07 2.78298e+07 2.78298e+07 2.78298e+07 2.78298e+07 2.78298e+07 2.78298e+07 2.78298e+07 2.78298e+07 2.78299e+07 2.78299e+07 2.78299e+07 2.78299e+07 2.78299e+07 2.78299e+07 2.78299e+07 2.78299e+07 2.78299e+07 2.78299e+07 2.78299e+07 2.78299e+07 2.78299e+07 2.78299e+07 2.78299e+07 2.78299e+07 2.78299e+07 2.78299e+07 2.78299e+07 2.78299e+07 2.78299e+07 0 0 0 0 0 0 0 0 0 0 0 0 0 0 0 0 0 0 0 0 0 0 0 0 0
#obs cpue bio
 3.26088e+06 2.68729e+06 3.31804e+06 2.99416e+06 2.58798e+06 2.22849e+06 2.24012e+06 1.61953e+06 2.1838e+06 1.28494e+06 1.51992e+06 1.23695e+06 999557 1.2215e+06 922505 672854 608408 453881 582977 678615 731408 535684 378121 548053 503676 546794 487543 450064 510481 522744 797322 472608 487982 518915 655782 465515 607785 708315 672883 586164 530968 782950 676539 840723 451770 775331 626011 654046 623871 496200 681320 817468 883867 866882
#pred surv len freq
 0.00424339 0.00697932 0.0106726 0.015361 0.0209626 0.0271858 0.03351 0.0393256 0.0441658 0.0478544 0.0504761 0.0522407 0.0533652 0.0540232 0.054341 0.0544131 0.0543243 0.0541488 0.0538942 0.053388 0.0521791 0.049591 0.0450089 0.0382959 0.03005
 0.00452538 0.00735944 0.0111029 0.0157564 0.021234 0.0272876 0.0334694 0.0392294 0.0441081 0.0478802 0.0505601 0.052314 0.0533695 0.0539549 0.0542588 0.0544074 0.0544634 0.0544305 0.0542273 0.0536178 0.0521518 0.049228 0.0443482 0.037475 0.0292405
 0.00460932 0.00754601 0.0114699 0.01639 0.0221878 0.0285291 0.0348527 0.0405263 0.0450965 0.048438 0.0507005 0.0521434 0.0530098 0.0534907 0.0537371 0.0538664 0.053949 0.053979 0.0538312 0.05321 0.0516322 0.0485224 0.0434622 0.0365021 0.0283184
 0.00477617 0.00779905 0.0118216 0.0168524 0.0227846 0.0293046 0.0358604 0.0417911 0.0465654 0.0499556 0.052041 0.0530926 0.0534474 0.053422 0.0532616 0.0531182 0.0530503 0.0530187 0.0528561 0.0522218 0.0506006 0.0474186 0.0422998 0.0353529 0.0272875
 0.00498005 0.00813374 0.0123297 0.0175717 0.0237366 0.0304813 0.0372178 0.0432583 0.0480674 0.0514287 0.053423 0.0542959 0.0543484 0.053889 0.0532089 0.052546 0.0520418 0.0517005 0.0513509 0.050619 0.0489545 0.0457701 0.0407044 0.0338918 0.0260505
 0.00519145 0.00848291 0.0128658 0.0183448 0.0247886 0.0318304 0.0388402 0.0450798 0.0499718 0.0532816 0.0550996 0.0556978 0.0554011 0.0545274 0.0533681 0.0521733 0.0511239 0.0502842 0.0495385 0.0485425 0.0467499 0.0435674 0.0386287 0.0320613 0.024559
 0.00546291 0.00892163 0.0135218 0.0192641 0.0260066 0.03336 0.0406579 0.0471174 0.0521207 0.0554081 0.0570628 0.0573664 0.0566662 0.0553087 0.0536115 0.0518439 0.0502049 0.048788 0.0475239 0.046124 0.0440914 0.0408636 0.0360793 0.0298403 0.022784
 0.00573369 0.00936608 0.0141984 0.0202299 0.0273058 0.0350062 0.0426171 0.0493025 0.0544052 0.0576508 0.059129 0.0591376 0.0580415 0.0562041 0.0539607 0.051599 0.0493385 0.0472989 0.0454505 0.0435621 0.0412038 0.0378715 0.0332287 0.0273526 0.0208058
 0.00595481 0.00972961 0.0147538 0.0210276 0.02839 0.0364016 0.0443134 0.0512456 0.0565007 0.0597782 0.0611588 0.0609454 0.0595173 0.0572557 0.0545128 0.0515912 0.0487256 0.0460583 0.0435976 0.0411712 0.0384244 0.0349254 0.0303777 0.0248415 0.0188017
 0.00617505 0.0100974 0.0153253 0.0218616 0.0295361 0.0378819 0.046104 0.0532709 0.058645 0.0619088 0.0631476 0.0626801 0.0609045 0.0582199 0.0549937 0.0515396 0.0481016 0.0448359 0.0417802 0.0388153 0.035663 0.0319716 0.0274962 0.022288 0.0167567
 0.00639154 0.0104536 0.0158702 0.0226451 0.0306016 0.0392531 0.0477688 0.0551719 0.0606835 0.0639594 0.0650772 0.0643655 0.062244 0.0591385 0.05544 0.051478 0.0475047 0.0436847 0.040076 0.0366035 0.0330585 0.0291683 0.0247436 0.0198349 0.0147836
 0.00669212 0.0109327 0.0165734 0.023609 0.031848 0.0407798 0.0495392 0.0571102 0.0626829 0.0658996 0.0668413 0.0658513 0.0633691 0.0598423 0.0556828 0.0512369 0.0467675 0.0424468 0.0383474 0.0344284 0.0305397 0.0264794 0.022112 0.017491 0.012897
 0.00702575 0.0114719 0.0173781 0.0247301 0.0333146 0.0425809 0.0516066 0.0593176 0.0648678 0.0678997 0.0685259 0.0671335 0.0642026 0.0602101 0.0555854 0.050683 0.0457682 0.0410147 0.0365043 0.0322216 0.0280638 0.0238889 0.0196076 0.0152761 0.0111213
 0.00726561 0.0118605 0.0179608 0.025549 0.0344016 0.0439456 0.0532225 0.0611139 0.0667346 0.069705 0.0701369 0.0684363 0.0651151 0.0606869 0.0556139 0.0502724 0.044938 0.0397887 0.034913 0.0303151 0.0259296 0.0216615 0.017458 0.0133768 0.00959872
 0.00746858 0.0121922 0.0184631 0.0262615 0.0353538 0.0451443 0.0546392 0.0626809 0.0683547 0.0712692 0.0715407 0.069589 0.0659441 0.061141 0.0556656 0.0499181 0.0441929 0.0386811 0.0334822 0.0286176 0.0240495 0.0197182 0.0155972 0.011742 0.00829334
 0.00753462 0.0123333 0.0187376 0.0267436 0.036115 0.0462236 0.056017 0.0642721 0.0700269 0.0728758 0.0729506 0.0707039 0.0667023 0.0615131 0.0556474 0.0495226 0.0434449 0.0376142 0.0321402 0.0270592 0.0223558 0.0179958 0.0139701 0.0103275 0.00717284
 0.00776073 0.0126972 0.0192796 0.0275019 0.0371218 0.0474964 0.0575441 0.0659977 0.0718445 0.0746356 0.0744836 0.0718559 0.0673676 0.0616529 0.0552863 0.0487271 0.0422981 0.0361977 0.0305286 0.0253255 0.0205806 0.0162729 0.0124001 0.00900015 0.00614336
 0.00758122 0.0124359 0.0189444 0.0271237 0.0367518 0.0471996 0.0573925 0.0660643 0.0721929 0.0753021 0.0754551 0.0730562 0.0686617 0.0628747 0.0562782 0.0493765 0.0425542 0.0360675 0.0300607 0.0245935 0.0196739 0.0152906 0.0114429 0.00815575 0.00547011
 0.00756246 0.0124008 0.0188841 0.0270311 0.0366271 0.0470586 0.0572707 0.0660131 0.0722656 0.0755382 0.0758697 0.073636 0.0693662 0.0636365 0.0570074 0.049973 0.0429291 0.0361647 0.0298691 0.0241471 0.0190411 0.0145604 0.0107085 0.00749777 0.00494175
 0.00761517 0.0124488 0.0188876 0.026931 0.0363634 0.0465977 0.0566304 0.0652692 0.0715372 0.0749578 0.0755507 0.0736481 0.0697216 0.0642889 0.0578622 0.0509057 0.0438079 0.0368747 0.030333 0.024338 0.0189834 0.0143183 0.0103663 0.00713752 0.00462532
 0.00762298 0.0124507 0.0188683 0.0268643 0.036212 0.0463176 0.0561821 0.0646352 0.0707433 0.0740858 0.0747329 0.0730366 0.0694439 0.0644092 0.0583642 0.0516998 0.0447575 0.0378292 0.0311605 0.0249499 0.0193476 0.0144562 0.0103374 0.00701592 0.00447688
 0.00772205 0.012617 0.0191265 0.0272355 0.0367024 0.0469035 0.0567972 0.0651738 0.0710829 0.0741253 0.0744304 0.0724315 0.0686525 0.0635932 0.0576817 0.0512581 0.0445852 0.037879 0.0313362 0.025146 0.019483 0.0144942 0.0102845 0.00690644 0.00435196
 0.00779141 0.0127314 0.0193021 0.0274894 0.03705 0.047353 0.0573411 0.0657796 0.0716883 0.0746417 0.0747585 0.0724885 0.0684035 0.0630723 0.0569891 0.0505305 0.0439506 0.037416 0.0310571 0.0250076 0.019418 0.0144435 0.0102169 0.00681964 0.00426047
 0.00786716 0.0128349 0.0194223 0.0276058 0.0371416 0.0474103 0.0573756 0.0658221 0.0717757 0.0747976 0.0749766 0.0727271 0.0685955 0.0631496 0.0569126 0.05031 0.0436429 0.0370997 0.0307985 0.0248361 0.0193238 0.0143946 0.0101817 0.00678108 0.00421715
 0.00790742 0.0128961 0.0195055 0.0277066 0.037248 0.0475026 0.0574293 0.0658168 0.0717075 0.0746882 0.0748694 0.0726688 0.0686111 0.0632277 0.0570098 0.0503745 0.043642 0.0370346 0.0306984 0.0247375 0.0192508 0.0143506 0.0101564 0.00676219 0.00419818
 0.00795047 0.0129568 0.0195798 0.0277848 0.0373176 0.0475519 0.0574504 0.0658055 0.0716618 0.0746093 0.0747649 0.0725565 0.0685175 0.063178 0.0570148 0.050423 0.0437056 0.0370838 0.0307177 0.0247299 0.01923 0.0143296 0.0101407 0.00675097 0.00418878
 0.00800497 0.0130442 0.0197081 0.0279586 0.0375347 0.0477993 0.0577022 0.0660262 0.0718157 0.0746712 0.0747278 0.0724318 0.0683307 0.0629621 0.0568026 0.0502395 0.0435615 0.0369752 0.0306322 0.0246564 0.0191638 0.0142722 0.0100951 0.00671773 0.00416619
 0.00791446 0.0129114 0.0195352 0.0277581 0.0373269 0.0476083 0.0575506 0.0659317 0.0717871 0.0747063 0.0748134 0.072548 0.0684576 0.0630858 0.0569177 0.0503471 0.0436656 0.0370771 0.0307288 0.0247413 0.0192312 0.0143202 0.0101257 0.0067353 0.00417511
 0.00784975 0.0128032 0.0193681 0.0275188 0.0370106 0.0472275 0.0571405 0.0655466 0.0714868 0.0745365 0.0747921 0.0726637 0.0686772 0.0633676 0.057223 0.0506473 0.0439438 0.0373257 0.0309448 0.024923 0.0193775 0.014431 0.0102037 0.00678597 0.00420524
 0.00774984 0.0126433 0.019132 0.0271934 0.036589 0.0467133 0.0565548 0.064932 0.070905 0.0740592 0.0744857 0.0725723 0.0688111 0.0637001 0.0576997 0.0512017 0.0445138 0.0378642 0.0314223 0.0253248 0.0196992 0.0146753 0.0103784 0.00690247 0.00427707
 0.00777558 0.0126693 0.0191417 0.0271613 0.0364864 0.0465185 0.0562619 0.064554 0.0704713 0.0736101 0.074068 0.0722354 0.0686002 0.0636466 0.0578112 0.0514582 0.0448728 0.0382728 0.0318308 0.0256957 0.0200104 0.0149184 0.0105554 0.00702214 0.00435176
 0.00777418 0.0126731 0.0191574 0.0271957 0.0365404 0.0465803 0.0563035 0.064537 0.0703615 0.0733937 0.0737606 0.0718788 0.068251 0.0633616 0.0576349 0.0514144 0.0449598 0.0384654 0.0320882 0.0259734 0.0202709 0.0151373 0.0107224 0.00713857 0.00442594
 0.0077887 0.0126931 0.0191815 0.0272214 0.0365663 0.0466079 0.0563366 0.064577 0.0704007 0.0734119 0.07373 0.0717771 0.0680753 0.0631347 0.0574 0.0512204 0.0448454 0.0384476 0.0321596 0.0261077 0.0204334 0.0152963 0.0108565 0.00723849 0.00449251
 0.00774364 0.012619 0.0190685 0.0270607 0.0363529 0.0463452 0.0560404 0.0642769 0.0701347 0.0732166 0.0736284 0.0717708 0.0681447 0.063249 0.0575318 0.0513575 0.0449918 0.0386153 0.0323564 0.026329 0.0206622 0.0155101 0.0110361 0.00737403 0.0045844
 0.0077919 0.0126767 0.0191172 0.0270704 0.0362901 0.0461858 0.0557813 0.0639393 0.0697591 0.0728525 0.0733236 0.0715621 0.0680509 0.0632676 0.0576418 0.0515285 0.0451958 0.0388342 0.032582 0.0265564 0.020884 0.0157142 0.0112094 0.00750779 0.00467755
 0.00775692 0.012633 0.0190744 0.0270418 0.0362846 0.0461972 0.0557831 0.063892 0.0696286 0.0726298 0.0730341 0.0712578 0.067791 0.0630988 0.0575858 0.0515808 0.0453334 0.0390269 0.0328018 0.0267822 0.0211004 0.0159093 0.0113736 0.00763512 0.0047674
 0.00761782 0.0124276 0.0188045 0.0267249 0.0359515 0.0458858 0.0555302 0.0637246 0.0695542 0.0726322 0.0730788 0.0713087 0.0678293 0.0631306 0.057636 0.0516761 0.0454879 0.0392365 0.0330482 0.0270413 0.0213492 0.0161304 0.0115557 0.00777378 0.00486418
 0.00758293 0.0123636 0.018696 0.026556 0.0357132 0.045586 0.0552005 0.0634159 0.0693218 0.0725141 0.0730811 0.0714052 0.0679748 0.0632818 0.0577681 0.0517886 0.0455973 0.0393619 0.0331995 0.0272147 0.021531 0.0163031 0.0117048 0.00789072 0.00494749
 0.00752845 0.0122708 0.0185483 0.026335 0.0354026 0.0451784 0.0547058 0.0628675 0.068776 0.0720418 0.0727519 0.0712679 0.0680416 0.0635252 0.0581324 0.0522115 0.0460295 0.0397754 0.0335838 0.0275664 0.0218457 0.0165735 0.0119238 0.00805542 0.00506119
 0.00747893 0.0121948 0.0184419 0.0261958 0.0352287 0.0449661 0.05445 0.0625649 0.0684308 0.0716721 0.0723926 0.0709672 0.0678503 0.0634803 0.0582441 0.0524592 0.0463704 0.0401606 0.0339719 0.0279297 0.0221682 0.0168464 0.0121422 0.00821876 0.00517395
 0.00749206 0.0122154 0.0184712 0.0262345 0.0352756 0.0450174 0.0544979 0.0625958 0.0684258 0.0716104 0.072259 0.0707613 0.0675933 0.0632136 0.0580181 0.0523165 0.0463316 0.0402202 0.0341045 0.0281025 0.0223513 0.0170175 0.0122877 0.0083322 0.00525482
 0.00750928 0.0122302 0.0184695 0.0261961 0.0351808 0.0448571 0.0542808 0.0623488 0.0681848 0.0714071 0.0721101 0.0706663 0.0675397 0.0631882 0.0580163 0.052346 0.0464065 0.0403503 0.034287 0.0283207 0.0225799 0.0172315 0.0124688 0.00847161 0.00535253
 0.00749014 0.0122043 0.0184392 0.0261645 0.0351478 0.0448151 0.054214 0.0622388 0.068022 0.0712001 0.0718873 0.0704651 0.0673918 0.0631083 0.0580024 0.052387 0.0464921 0.0404751 0.0344472 0.0285084 0.0227804 0.0174257 0.0126388 0.00860596 0.00544838
 0.00751579 0.0122379 0.0184752 0.0261936 0.0351605 0.0448061 0.0541845 0.0621941 0.0679651 0.0711276 0.0717916 0.0703429 0.0672509 0.0629684 0.0578871 0.0523146 0.0464706 0.0405036 0.0345196 0.0286153 0.0229094 0.0175614 0.0127656 0.00871162 0.00552697
 0.00754142 0.0122897 0.0185711 0.0263535 0.0353986 0.0451193 0.0545452 0.0625524 0.0682638 0.0713201 0.0718533 0.0702723 0.0670641 0.0626932 0.0575591 0.0519729 0.0461519 0.0402355 0.0343175 0.0284823 0.0228386 0.0175392 0.0127749 0.00873605 0.00555391
 0.00759085 0.0123585 0.0186542 0.0264417 0.0354843 0.045204 0.0546418 0.0626794 0.0684311 0.0715172 0.0720476 0.07042 0.0671279 0.062655 0.0574241 0.0517654 0.0459065 0.0399888 0.0340998 0.0283131 0.0227245 0.0174756 0.0127499 0.00873495 0.00556378
 0.00762236 0.0124079 0.0187244 0.0265326 0.0355908 0.0453152 0.0547425 0.0627553 0.0684768 0.0715409 0.0720668 0.0704497 0.0671681 0.0626886 0.0574262 0.0517171 0.0458053 0.0398489 0.0339461 0.028171 0.0226122 0.0174004 0.012709 0.00871929 0.00556274
 0.00756561 0.0123309 0.0186368 0.0264526 0.0355401 0.0453106 0.0547883 0.0628417 0.0685841 0.0716477 0.0721585 0.0705222 0.0672267 0.0627404 0.057472 0.0517491 0.0458115 0.0398221 0.0338897 0.0280982 0.0225401 0.0173425 0.0126713 0.00870041 0.00555693
 0.00762228 0.0124128 0.0187416 0.0265737 0.0356704 0.0454481 0.0549379 0.063011 0.068774 0.0718447 0.0723345 0.0706442 0.0672703 0.0626996 0.0573591 0.0515859 0.0456195 0.0396169 0.0336825 0.0278994 0.0223612 0.0171942 0.0125597 0.00862506 0.0055117
 0.00760328 0.0123862 0.0187093 0.0265391 0.0356367 0.045416 0.0549058 0.0629783 0.0687462 0.0718354 0.0723606 0.0707157 0.0673818 0.0628299 0.0574802 0.0516749 0.0456656 0.0396212 0.0336531 0.0278477 0.022299 0.0171327 0.0125074 0.00858655 0.00548716
 0.00747175 0.0121887 0.0184427 0.0262126 0.0352702 0.0450369 0.0545459 0.0626704 0.0685199 0.0717118 0.0723503 0.0708185 0.0675882 0.0631208 0.0578266 0.0520409 0.046015 0.0399257 0.0338975 0.0280294 0.0224249 0.0172143 0.0125573 0.00861581 0.00550394
 0.00719984 0.0117345 0.0177398 0.0251994 0.033914 0.0433652 0.0526723 0.0607908 0.066871 0.0705082 0.0717309 0.0708248 0.0681719 0.0641703 0.0591973 0.0535815 0.0475875 0.0414182 0.03523 0.0291553 0.0233273 0.0178998 0.0130494 0.0089478 0.00571297
 0.007261 0.011799 0.01777 0.0251332 0.0336737 0.0428772 0.0518908 0.0597195 0.0655771 0.0691235 0.0704337 0.0698018 0.0675718 0.0640667 0.0595762 0.0543557 0.0486258 0.0425777 0.0363824 0.030203 0.0242096 0.018592 0.0135558 0.00929252 0.00593051
 0.00737067 0.0120048 0.0181266 0.0256974 0.0344762 0.0438852 0.0529814 0.0606902 0.0662 0.0692229 0.0699494 0.0688103 0.0662613 0.0626792 0.0583399 0.0534294 0.0480727 0.0423721 0.0364393 0.0304155 0.0244809 0.0188526 0.0137679 0.00944501 0.00602892
#obs surv len freq
 nan nan nan nan nan nan nan nan nan nan nan nan nan nan nan nan nan nan nan nan nan nan nan nan nan
 0.00448041 0.00734018 0.0111692 0.0159858 0.0216883 0.0279666 0.0342838 0.0400177 0.0446988 0.0481629 0.0505202 0.0520149 0.0529059 0.053417 0.0537303 0.0539844 0.0542624 0.0545548 0.0546933 0.0542851 0.0527231 0.0493553 0.0438051 0.0362853 0.0276692
 0.00462276 0.00757025 0.0115127 0.0164651 0.022317 0.0287421 0.0351787 0.0409768 0.0456461 0.0490152 0.0512021 0.0524709 0.053106 0.0533587 0.0534341 0.053487 0.0536071 0.0537844 0.0538471 0.0534002 0.0518386 0.0485144 0.0430527 0.0356594 0.0271908
 0.00477794 0.00782791 0.0119103 0.0170402 0.0230991 0.0297397 0.0363659 0.0422898 0.0469916 0.0502879 0.0523017 0.0533127 0.053628 0.0535251 0.0532383 0.05295 0.0527726 0.0527104 0.0525991 0.0520482 0.0504578 0.0471853 0.0418554 0.0346598 0.0264254
 0.00496841 0.0081376 0.0123768 0.0176996 0.0239804 0.0308547 0.0376984 0.0437884 0.0485729 0.0518478 0.0537293 0.054502 0.0544876 0.0539859 0.0532591 0.0525207 0.0519143 0.0514732 0.0510582 0.0503002 0.0486174 0.0453794 0.0402094 0.0332764 0.0253621
 0.00517442 0.00847745 0.0128973 0.0184471 0.0249914 0.0321412 0.0392335 0.0455028 0.0503661 0.0536078 0.0553488 0.0558849 0.0555482 0.0546491 0.0534634 0.0522251 0.051106 0.0501746 0.0493313 0.0482493 0.0463861 0.0431393 0.0381363 0.0315168 0.0240015
 0.00539928 0.00884334 0.013449 0.0192275 0.0260346 0.0334613 0.0408112 0.0472786 0.0522461 0.0554793 0.057097 0.0574044 0.0567491 0.055456 0.0538139 0.0520688 0.0504088 0.0489296 0.0475738 0.0460699 0.0439357 0.0406176 0.0357605 0.029475 0.0224095
 0.00564898 0.0092499 0.0140619 0.020093 0.0271867 0.0349079 0.0425206 0.0491752 0.0542225 0.0574174 0.0588859 0.0589492 0.0579696 0.0562847 0.0541924 0.0519465 0.0497451 0.0477022 0.0457962 0.0438126 0.0413415 0.0378965 0.0331563 0.0272097 0.0206272
 0.00587451 0.00962489 0.0146417 0.0209341 0.0283352 0.0363811 0.0442886 0.0511558 0.0562938 0.0594436 0.0607414 0.0605311 0.0592004 0.0571069 0.0545615 0.0518239 0.0490955 0.0465002 0.0440429 0.0415612 0.0387197 0.0351093 0.0304554 0.0248349 0.0187423
 0.00612521 0.0100317 0.0152529 0.0217954 0.0294825 0.0378286 0.0460145 0.0530943 0.0583408 0.0614723 0.0626218 0.0621456 0.0604541 0.0579321 0.0549141 0.0516757 0.0484256 0.045294 0.042304 0.0393357 0.0361222 0.0323324 0.0277456 0.0224347 0.0168242
 0.00637786 0.0104479 0.0158891 0.0227062 0.0307089 0.0393793 0.0478491 0.0551198 0.0604285 0.0634855 0.0644384 0.0636678 0.0616068 0.0586588 0.0551748 0.0514438 0.0476851 0.0440385 0.0405448 0.0371203 0.0335585 0.0296004 0.0250784 0.0200665 0.0149251
 0.0066133 0.0108351 0.0164801 0.0235528 0.0318526 0.0408357 0.0495905 0.057068 0.0624636 0.0654682 0.0662338 0.0651626 0.0627181 0.059334 0.0553852 0.0511756 0.0469326 0.0428032 0.0388428 0.0350004 0.0311229 0.0270153 0.0225584 0.0178281 0.0131272
 0.00683622 0.0112004 0.0170353 0.024344 0.0329159 0.0421829 0.0511947 0.0588581 0.0643335 0.0672958 0.0678995 0.0665619 0.0637672 0.0599734 0.0555794 0.05091 0.0462069 0.0416275 0.0372414 0.0330247 0.0288696 0.0246363 0.0202468 0.0157779 0.0114808
 0.00703542 0.0115285 0.0175369 0.025063 0.0338867 0.043416 0.0526629 0.0604918 0.0660311 0.0689435 0.0693902 0.0678057 0.0646945 0.0605341 0.0557414 0.0506567 0.0455353 0.0405473 0.0357787 0.0312315 0.0268374 0.0225021 0.0181816 0.0139513 0.0100163
 0.0072647 0.0118982 0.0180877 0.0258302 0.0348932 0.0446619 0.0541132 0.0620732 0.0676407 0.0704685 0.0707271 0.068872 0.0654334 0.0609127 0.0557462 0.0502874 0.0448001 0.0394621 0.0343713 0.0295518 0.0249688 0.0205666 0.0163275 0.0123236 0.00871807
 0.00744299 0.0121973 0.0185544 0.0265121 0.0358268 0.0458542 0.0555259 0.0636196 0.0692022 0.0719214 0.0719663 0.0698219 0.0660486 0.061173 0.0556506 0.0498482 0.0440374 0.0384012 0.0330454 0.0280103 0.0232869 0.0188495 0.0147008 0.0109074 0.0075957
 0.00750953 0.012309 0.0187302 0.026775 0.0362033 0.0463706 0.056201 0.0644556 0.0701761 0.072981 0.0730333 0.070805 0.0668594 0.0617414 0.0559318 0.0498222 0.0437043 0.0377764 0.0321582 0.0269069 0.0220359 0.0175431 0.0134462 0.00980611 0.00671849
 0.00760127 0.0124482 0.0189216 0.0270177 0.0364932 0.0467044 0.0565792 0.0648824 0.0706582 0.0735222 0.0736275 0.0714285 0.0674676 0.062273 0.0563204 0.0500102 0.0436532 0.0374717 0.0316096 0.0261483 0.0211256 0.0165615 0.0124857 0.00895365 0.00603496
 0.00765994 0.0125395 0.0190509 0.0271866 0.0366982 0.0469365 0.0568245 0.0651264 0.0708913 0.0737471 0.0738595 0.0716878 0.0677659 0.0626014 0.0566446 0.050276 0.0438006 0.0374502 0.0313921 0.025738 0.0205579 0.0158988 0.011806 0.00833263 0.00552782
 0.00770052 0.0126013 0.0191361 0.0272945 0.0368256 0.0470782 0.056974 0.0652757 0.0710325 0.0738748 0.0739743 0.0717981 0.067886 0.0627446 0.0568135 0.0504548 0.0439535 0.0375301 0.0313552 0.0255598 0.0202436 0.0154847 0.01135 0.00789695 0.00516165
 0.00776865 0.0127048 0.0192781 0.0274725 0.0370314 0.0472993 0.057194 0.0654762 0.0711963 0.07399 0.0740374 0.0718149 0.0678701 0.0627138 0.056785 0.0504387 0.0439461 0.037512 0.0312962 0.0254315 0.0200331 0.0152032 0.0110307 0.00758354 0.00489253
 0.00781724 0.0127808 0.0193867 0.0276158 0.0372072 0.0474995 0.0574042 0.0656766 0.071366 0.0741122 0.0741041 0.0718275 0.0678377 0.0626503 0.0567061 0.0503581 0.0438719 0.0374421 0.0312181 0.0253271 0.0198878 0.0150156 0.0108159 0.00736809 0.00470326
 0.00785291 0.0128354 0.0194625 0.0277127 0.037323 0.0476303 0.0575441 0.0658175 0.0714978 0.0742241 0.0741859 0.0718725 0.0678437 0.0626206 0.0566487 0.0502837 0.0437905 0.0373597 0.031134 0.0252342 0.0197777 0.0148846 0.0106699 0.0072214 0.00457276
 0.00786401 0.0128511 0.019482 0.0277337 0.0373429 0.0476474 0.0575586 0.065832 0.0715165 0.0742511 0.0742236 0.0719197 0.0678956 0.0626696 0.0566876 0.0503077 0.0437986 0.037353 0.0311137 0.0251993 0.0197259 0.0148152 0.0105866 0.00713333 0.00449121
 0.00789937 0.0129027 0.0195486 0.0278103 0.0374212 0.0477185 0.0576147 0.0658681 0.0715308 0.0742458 0.074205 0.0718956 0.0678732 0.0626529 0.0566763 0.0502984 0.0437867 0.0373348 0.031087 0.025163 0.0196795 0.0147593 0.0105243 0.00707011 0.00443381
 0.00788781 0.012886 0.0195273 0.0277857 0.0373951 0.0476915 0.0575861 0.0658365 0.0714961 0.074211 0.0741756 0.0718792 0.067876 0.0626781 0.0567224 0.0503594 0.0438538 0.0373988 0.0311398 0.0251993 0.0196967 0.0147582 0.0105083 0.007045 0.00440609
 0.0078853 0.0128749 0.0194978 0.0277255 0.0372939 0.0475469 0.0574089 0.0656492 0.0713264 0.0740822 0.0741015 0.0718624 0.0679121 0.0627588 0.0568375 0.050498 0.0440038 0.0375476 0.0312757 0.0253129 0.0197826 0.0148152 0.0105394 0.00705633 0.00440507
 0.00788867 0.0128788 0.0195005 0.0277231 0.0372797 0.0475122 0.0573439 0.0655476 0.07119 0.0739243 0.0739451 0.0717342 0.0678332 0.0627391 0.0568753 0.0505826 0.0441203 0.0376799 0.0314087 0.0254338 0.0198823 0.0148891 0.0105877 0.00708312 0.00441662
 0.00788189 0.0128662 0.0194787 0.0276882 0.0372281 0.0474424 0.0572572 0.0654478 0.071082 0.073813 0.0738362 0.071636 0.0677577 0.0626997 0.0568821 0.0506383 0.0442189 0.0378081 0.0315499 0.0255717 0.0200037 0.0149858 0.0106572 0.00712765 0.00444167
 0.00786246 0.0128328 0.0194252 0.027608 0.0371163 0.0472983 0.0570871 0.0652653 0.070905 0.0736599 0.0737207 0.0715656 0.0677341 0.0627211 0.0569459 0.0507415 0.0443564 0.0379714 0.0317261 0.0257458 0.0201612 0.0151162 0.0107556 0.00719492 0.00448308
 0.00782838 0.0127775 0.0193421 0.0274915 0.0369626 0.0471079 0.056867 0.0650297 0.0706744 0.0734568 0.0735661 0.0714746 0.0677137 0.06277 0.0570555 0.0508995 0.0445492 0.0381855 0.0319476 0.0259605 0.0203555 0.0152792 0.0108814 0.00728371 0.00453994
 0.00783622 0.0127849 0.0193432 0.0274772 0.0369228 0.0470344 0.056757 0.0648868 0.0705082 0.073281 0.0733968 0.0713286 0.0676065 0.0627134 0.0570557 0.0509553 0.0446532 0.0383258 0.0321099 0.0261296 0.0205168 0.0154205 0.0109948 0.00736664 0.00459489
 0.00779024 0.0127164 0.0192515 0.0273651 0.0367952 0.0468957 0.05661 0.064734 0.0703536 0.0731321 0.0732645 0.0712256 0.0675447 0.0627013 0.057097 0.0510488 0.0447927 0.0385004 0.0323054 0.0263299 0.0207063 0.0155861 0.0111281 0.00746485 0.00466077
 0.00777581 0.0126863 0.0191947 0.0272685 0.0366486 0.0466987 0.0563765 0.0644902 0.0701297 0.0729521 0.0731402 0.0711573 0.0675275 0.0627302 0.0571689 0.0511615 0.0449425 0.0386805 0.0325049 0.0265349 0.0209018 0.0157588 0.0112686 0.0075696 0.00473191
 0.00771871 0.0125972 0.0190671 0.0270986 0.0364345 0.0464417 0.0560827 0.0641739 0.0698148 0.0726704 0.0729247 0.0710345 0.067509 0.0628114 0.0573331 0.0513869 0.0452079 0.0389674 0.0327974 0.0268178 0.0211607 0.0159812 0.0114466 0.00770104 0.00482079
 0.00768932 0.0125455 0.0189824 0.0269691 0.0362512 0.046203 0.0557985 0.0638652 0.0695087 0.0723934 0.072699 0.0708774 0.0674338 0.0628261 0.0574376 0.0515712 0.0454536 0.0392518 0.0330972 0.0271119 0.0214313 0.0162144 0.0116337 0.0078398 0.00491511
 0.00767476 0.0125211 0.0189439 0.0269114 0.036168 0.0460879 0.0556467 0.0636763 0.0692893 0.0721581 0.0724694 0.0706773 0.0672854 0.0627461 0.0574353 0.0516478 0.045602 0.0394569 0.0333383 0.0273657 0.0216756 0.0164312 0.0118111 0.00797329 0.00500691
 0.0076654 0.012505 0.0189181 0.0268723 0.0361124 0.0460133 0.0555525 0.0635632 0.0691594 0.0720147 0.0723174 0.0705257 0.0671474 0.0626382 0.0573739 0.0516452 0.0456633 0.0395782 0.0335071 0.027563 0.0218796 0.0166213 0.0119722 0.00809737 0.00509373
 0.00763423 0.0124609 0.0188639 0.0268143 0.0360581 0.0459679 0.0555162 0.0635315 0.069125 0.0719707 0.0722596 0.070454 0.0670657 0.0625551 0.057302 0.0515991 0.0456563 0.0396181 0.0335934 0.0276864 0.0220237 0.0167674 0.0121034 0.0082029 0.0051699
 0.00763063 0.0124526 0.018847 0.0267847 0.0360137 0.045911 0.055455 0.0634778 0.0690889 0.071955 0.0722584 0.0704549 0.0670568 0.06253 0.0572627 0.0515553 0.0456217 0.0396068 0.0336145 0.0277414 0.0221055 0.0168629 0.0121977 0.00828392 0.0052313
 0.00760425 0.012413 0.0187936 0.0267187 0.0359373 0.0458267 0.0553654 0.0633869 0.0690036 0.0718853 0.0722144 0.0704426 0.0670745 0.0625688 0.0573105 0.0516026 0.0456658 0.0396514 0.0336668 0.0278068 0.0221843 0.0169492 0.0122822 0.00835727 0.00528778
 0.00758251 0.0123777 0.0187408 0.0266453 0.0358426 0.0457139 0.0552425 0.0632658 0.0688972 0.0718038 0.0721635 0.0704241 0.067088 0.0626111 0.0573756 0.0516822 0.0457512 0.0397365 0.03375 0.0278892 0.0222671 0.0170309 0.0123583 0.00842243 0.0053381
 0.00756882 0.0123546 0.0187043 0.0265914 0.0357679 0.0456172 0.0551267 0.0631384 0.0687699 0.0716899 0.0720756 0.0703713 0.0670741 0.0626351 0.0574327 0.0517646 0.0458497 0.0398423 0.0338558 0.0279905 0.0223615 0.0171166 0.012433 0.00848372 0.00538441
 0.00755272 0.0123327 0.018679 0.026567 0.0357487 0.0456046 0.0551174 0.0631254 0.0687453 0.071649 0.0720195 0.0703074 0.0670133 0.0625887 0.0574086 0.0517662 0.0458758 0.0398879 0.0339142 0.0280551 0.0224268 0.0171783 0.0124879 0.00852927 0.00541922
 0.00753419 0.012301 0.0186288 0.0264936 0.0356502 0.0454852 0.054989 0.0630051 0.06865 0.0715887 0.0719944 0.0703099 0.0670343 0.0626218 0.0574522 0.0518219 0.0459448 0.0399694 0.0340044 0.0281483 0.0225166 0.0172592 0.0125561 0.00858281 0.00545811
 0.00751232 0.0122658 0.0185765 0.0264207 0.0355541 0.0453654 0.0548486 0.0628527 0.0684996 0.071458 0.0719005 0.0702643 0.0670392 0.062671 0.0575343 0.0519248 0.0460597 0.0400904 0.0341269 0.0282677 0.0226277 0.0173569 0.0126366 0.00864444 0.00550168
 0.00750022 0.0122452 0.0185439 0.0263722 0.0354866 0.0452775 0.0547419 0.0627323 0.0683735 0.0713361 0.0717935 0.0701833 0.0669942 0.0626679 0.0575735 0.0520006 0.0461621 0.0402084 0.0342508 0.0283895 0.0227407 0.017456 0.012718 0.00870659 0.00554537
 0.00751019 0.01226 0.0185632 0.0263944 0.0355084 0.0452941 0.0547474 0.0627205 0.0683396 0.0712783 0.0717149 0.0700914 0.0669002 0.0625848 0.0575129 0.0519704 0.0461646 0.0402402 0.0343047 0.0284563 0.0228116 0.0175235 0.0127765 0.008753 0.00557892
 0.00749368 0.0122374 0.018537 0.0263695 0.0354902 0.0452865 0.0547504 0.06273 0.0683486 0.0712797 0.071703 0.070064 0.0668593 0.0625362 0.0574657 0.0519343 0.0461477 0.0402468 0.0343339 0.0285029 0.0228679 0.0175812 0.0128287 0.00879538 0.00560997
 0.00748871 0.0122282 0.0185214 0.0263453 0.0354571 0.045247 0.0547111 0.0626997 0.0683347 0.0712843 0.0717214 0.0700866 0.0668759 0.0625403 0.0574565 0.0519169 0.0461304 0.0402379 0.0343392 0.0285236 0.0229009 0.0176204 0.0128678 0.00882914 0.00563571
 0.00748871 0.0122282 0.0185214 0.0263453 0.0354571 0.045247 0.0547111 0.0626997 0.0683347 0.0712843 0.0717214 0.0700866 0.0668759 0.0625403 0.0574565 0.0519169 0.0461304 0.0402379 0.0343392 0.0285236 0.0229009 0.0176204 0.0128678 0.00882914 0.00563571
 0.00715875 0.0117045 0.0177591 0.0253175 0.0341672 0.0437445 0.0531041 0.0611504 0.067029 0.0703857 0.0713302 0.0702216 0.0674807 0.0635065 0.0586528 0.0532161 0.0474281 0.0414594 0.0354373 0.029472 0.0236874 0.0182436 0.0133353 0.009158 0.00585046
 0.00719866 0.0117299 0.0177242 0.0251542 0.0338014 0.0431234 0.052222 0.0600602 0.0658354 0.0692251 0.0703455 0.0695368 0.0671776 0.0636087 0.0591235 0.0539704 0.0483563 0.0424521 0.0364035 0.0303473 0.0244333 0.0188431 0.0137887 0.00947844 0.00606041
 0.00738048 0.0120317 0.0181852 0.0258027 0.0346331 0.0440764 0.0531631 0.0608033 0.0661963 0.0690897 0.069715 0.0685273 0.0659784 0.0624244 0.0581216 0.0532503 0.0479416 0.0423052 0.0364515 0.0305095 0.0246409 0.0190477 0.0139625 0.00961066 0.00615144
#pred catch len freq
 0.00317948 0.00515319 0.00776034 0.011041 0.0150353 0.0197389 0.0250417 0.0307131 0.0364471 0.0419232 0.0468544 0.0510239 0.0543159 0.0567228 0.0583249 0.0592607 0.0597039 0.059827 0.0597182 0.0592445 0.0579437 0.055087 0.0500039 0.0425483 0.0333876
 0.00340193 0.00545663 0.00811182 0.0113801 0.0152987 0.019895 0.0251107 0.0307552 0.0365217 0.0420478 0.0469915 0.0511082 0.0543023 0.0566242 0.0582154 0.0592423 0.0598508 0.0601347 0.0600837 0.0594953 0.0579089 0.0546793 0.0492658 0.0416328 0.0324854
 0.00349702 0.00564016 0.00843673 0.0119008 0.0160434 0.0208309 0.026128 0.0316922 0.0372291 0.0424522 0.0471146 0.0510292 0.0540986 0.0563399 0.0578729 0.0588726 0.0595036 0.0598525 0.0598598 0.0592548 0.0575373 0.0540886 0.0484543 0.040697 0.0315736
 0.00366305 0.00589289 0.00878979 0.0123677 0.0166488 0.0216188 0.0271498 0.0329694 0.0387052 0.0439709 0.0484521 0.0519752 0.0545373 0.0562785 0.0574097 0.0581391 0.05862 0.0589073 0.0588994 0.0582783 0.056508 0.052971 0.0472591 0.0394999 0.0304891
 0.00386494 0.00621591 0.00926563 0.013021 0.0174927 0.0226493 0.0283452 0.0342963 0.0401285 0.0454526 0.049931 0.0533403 0.055627 0.0569235 0.0574987 0.0576628 0.0576656 0.0576123 0.0573978 0.0566666 0.0548426 0.0512916 0.045621 0.0379876 0.0291995
 0.00408785 0.00657393 0.00979758 0.0137633 0.0184763 0.0238926 0.0298413 0.0360021 0.0419623 0.0473055 0.0516858 0.0548875 0.0568679 0.0577621 0.0578392 0.057428 0.0568289 0.0562199 0.055561 0.0545308 0.0525564 0.048995 0.0434472 0.0360627 0.0276248
 0.00435613 0.00699935 0.0104194 0.0146151 0.0195852 0.0252762 0.0314987 0.0379026 0.0440379 0.04945 0.0537633 0.0567495 0.0583738 0.058796 0.0583149 0.0572854 0.0560347 0.0547795 0.0535356 0.0520457 0.0497916 0.0461629 0.0407642 0.0337173 0.0257449
 0.00461195 0.00741079 0.0110315 0.0154699 0.0207183 0.0267087 0.0332267 0.0398876 0.0462052 0.0516946 0.0559586 0.0587566 0.0600526 0.0600173 0.0589712 0.0572973 0.0553539 0.0533946 0.0514848 0.0494332 0.0467968 0.0430285 0.0377597 0.0310845 0.0236452
 0.00485984 0.00780705 0.0116169 0.0162823 0.0217912 0.0280666 0.0348747 0.0418006 0.0483206 0.0539137 0.0581553 0.0607912 0.0617867 0.0613256 0.0597473 0.057455 0.0548297 0.0521554 0.0495443 0.0468735 0.0437856 0.0398146 0.0346365 0.0283262 0.0214399
 0.00510276 0.0081999 0.0122053 0.0171104 0.022897 0.0294732 0.0365783 0.043761 0.0504609 0.0561275 0.0603182 0.062772 0.063459 0.0625765 0.0604825 0.0575985 0.0543224 0.0509599 0.0476605 0.0443639 0.0407998 0.0365928 0.0314765 0.0255164 0.0191846
 0.00535575 0.00860404 0.0128018 0.017937 0.0239861 0.0308471 0.0382382 0.0456751 0.0525584 0.058301 0.062435 0.0646918 0.0650522 0.0637375 0.0611323 0.0576794 0.0537916 0.0497887 0.0458469 0.0419583 0.0379326 0.0334845 0.028411 0.0227768 0.0169769
 0.0056834 0.00911687 0.0135378 0.0189214 0.0252318 0.0323533 0.0399847 0.0476149 0.0546146 0.0603712 0.0644003 0.0664291 0.0664471 0.0646955 0.0615852 0.0575837 0.0531218 0.0485332 0.0440144 0.0395985 0.0351627 0.0305031 0.0254778 0.0201554 0.0148622
 0.00599915 0.00961906 0.0142733 0.0199278 0.0265322 0.0339481 0.0418402 0.049657 0.0567334 0.0624372 0.0662831 0.0680123 0.0676373 0.0654263 0.0618157 0.0572934 0.0523039 0.0471917 0.0421697 0.0373036 0.0325265 0.0277027 0.0227435 0.0177212 0.012902
 0.00625709 0.0100283 0.0148718 0.0207474 0.0275979 0.0352729 0.0434158 0.0514419 0.0586477 0.0643657 0.0680898 0.0695606 0.068812 0.0661482 0.0620442 0.0570188 0.0515352 0.0459484 0.0404836 0.0352321 0.0301708 0.0252191 0.0203308 0.0155798 0.0111801
 0.0065041 0.0104204 0.0154447 0.0215301 0.0286093 0.0365172 0.0448742 0.0530666 0.0603623 0.0660726 0.0696799 0.0709239 0.0698484 0.066779 0.0622207 0.056724 0.0507788 0.0447593 0.038906 0.0333313 0.0280452 0.0230083 0.018205 0.013707 0.00968177
 0.00669388 0.0107404 0.0159475 0.0222714 0.0296362 0.0378486 0.0464811 0.0548653 0.0622254 0.0678544 0.0712429 0.0721572 0.0706769 0.0671636 0.0621525 0.0562168 0.0498618 0.0434728 0.0373021 0.0314793 0.0260403 0.020975 0.0162877 0.0120425 0.00836449
 0.00681403 0.0109389 0.0162548 0.0227251 0.0302814 0.0387341 0.0476459 0.0563161 0.0639135 0.0696631 0.0729989 0.0736678 0.0717777 0.0677547 0.0622081 0.0557693 0.0489764 0.0422263 0.0357736 0.0297525 0.0242113 0.019157 0.0146028 0.0106005 0.00723627
 0.00671128 0.0107939 0.0160786 0.022545 0.0301386 0.0386781 0.04773 0.0565948 0.064436 0.0704595 0.074059 0.0749218 0.0730951 0.0689677 0.0631535 0.0563287 0.0490973 0.041919 0.0350941 0.0287855 0.0230597 0.017935 0.0134266 0.00957124 0.00641999
 0.00663214 0.0106692 0.0159 0.0223112 0.0298612 0.0383865 0.0474746 0.0564414 0.0644521 0.0706968 0.0745394 0.0756322 0.0739857 0.0699526 0.064117 0.0571425 0.0496477 0.0421336 0.0349565 0.0283341 0.0223752 0.0171229 0.0125979 0.00882232 0.00581525
 0.00660722 0.0106056 0.0157619 0.0220524 0.0294384 0.037781 0.0467123 0.055601 0.0636543 0.0700789 0.0742239 0.0756981 0.0744497 0.0707639 0.0651666 0.0582844 0.0507255 0.04301 0.0355389 0.0285898 0.0223323 0.0168573 0.0122093 0.00840813 0.00544921
 0.0066665 0.0106862 0.0158515 0.0221229 0.0294444 0.0376641 0.0464123 0.0550764 0.0629098 0.0691857 0.0733191 0.0749538 0.0740223 0.0707464 0.0655632 0.0590132 0.0516448 0.0439552 0.0363609 0.0291862 0.022664 0.0169468 0.0121231 0.0082294 0.00525169
 0.00677332 0.0108597 0.0161109 0.0224819 0.0299034 0.0381983 0.0469624 0.0555485 0.0631921 0.0691812 0.0729825 0.0743185 0.0732032 0.0699114 0.0648816 0.0586014 0.0515329 0.0440874 0.0366262 0.0294624 0.0228581 0.0170173 0.0120793 0.00811322 0.00511287
 0.0068123 0.0109261 0.0162174 0.0226447 0.0301412 0.0385286 0.047393 0.056066 0.0637504 0.0696977 0.0733509 0.0744389 0.0730213 0.0694484 0.0642354 0.0579158 0.0509459 0.043684 0.036417 0.0293962 0.0228567 0.0170135 0.0120393 0.00803755 0.00502181
 0.00685484 0.0109813 0.0162755 0.0226904 0.0301609 0.0385214 0.0473781 0.0560805 0.0638357 0.0698797 0.0736212 0.0747479 0.0732891 0.0695926 0.064206 0.0577195 0.0506452 0.0433682 0.0361618 0.0292351 0.0227781 0.0169802 0.012015 0.00800359 0.00497789
 0.00687475 0.011011 0.0163144 0.0227337 0.0301988 0.0385386 0.0473572 0.0560104 0.0637225 0.0697532 0.0735287 0.0747347 0.0733734 0.0697516 0.0643832 0.0578519 0.0506935 0.0433337 0.0360793 0.0291479 0.0227148 0.0169454 0.0119974 0.00798943 0.00496055
 0.00692093 0.011077 0.0163968 0.0228237 0.0302839 0.0386064 0.0473976 0.0560156 0.0636869 0.0696749 0.073415 0.0746063 0.0732621 0.0696883 0.0643817 0.0578998 0.0507585 0.0433819 0.0360932 0.0291314 0.0226842 0.016916 0.0119756 0.00797405 0.00494812
 0.00693731 0.0111051 0.0164416 0.0228896 0.0303726 0.0387139 0.0475126 0.0561206 0.0637624 0.0697059 0.0733948 0.0745382 0.0731591 0.0695712 0.0642744 0.0578208 0.0507138 0.0433633 0.0360845 0.0291195 0.0226645 0.016892 0.0119526 0.00795535 0.0049342
 0.00685025 0.0109776 0.0162759 0.0226977 0.0301743 0.0385318 0.0473676 0.0560285 0.0637312 0.0697331 0.0734686 0.0746408 0.0732728 0.0696837 0.0643812 0.0579239 0.0508171 0.0434678 0.0361859 0.0292097 0.0227365 0.0169429 0.0119848 0.00797341 0.00494307
