SBPRF35
12.7214
Curr Bio
655173
B35
877269
F35
0.172404
FOFL
0.136366
OFL
79273.3
Bzero
3.63469e+006
#pred survey bio
 3.44441e+006 3.33106e+006 3.2318e+006 3.06852e+006 2.87503e+006 2.677e+006 2.44983e+006 2.22318e+006 2.00552e+006 1.81531e+006 1.6322e+006 1.46881e+006 1.31187e+006 1.14611e+006 982256 860867 763504 704090 667357 628235 600650 574056 559476 543515 537702 528432 528273 521168 520532 525184 532711 535267 542559 552362 553168 564370 574419 590291 598076 608881 617512 624559 629711 637086 644451 653403 654498 656770 660678 657767 660594 2.47956e+007 1.53189e+007 1.60282e+007 1.72622e+007 1.88144e+007 2.04505e+007 2.20013e+007 2.33714e+007 2.45241e+007 2.5461e+007 2.62042e+007 2.67838e+007 2.72306e+007 2.75724e+007 2.78329e+007 2.80311e+007 2.81819e+007 2.82969e+007 2.83849e+007 2.84525e+007 2.85047e+007 2.85451e+007 2.85766e+007 2.86012e+007 2.86206e+007 2.86359e+007 2.8648e+007 2.86577e+007 2.86653e+007 2.86715e+007 2.86764e+007 2.86804e+007 2.86836e+007 2.86862e+007 2.86883e+007 2.869e+007 2.86914e+007 2.86926e+007 2.86935e+007 2.86942e+007 2.86948e+007 2.86953e+007 2.86958e+007 2.86961e+007 2.86964e+007 2.86966e+007 2.86968e+007 2.86969e+007 2.8697e+007 2.86971e+007 2.86972e+007 2.86973e+007 2.86973e+007 2.86974e+007 2.86974e+007 2.86974e+007 2.86975e+007 2.86975e+007 2.86975e+007 2.86975e+007 2.86975e+007 2.86975e+007 2.86975e+007 2.86976e+007 2.86976e+007 2.86976e+007 2.86976e+007 2.86976e+007 2.86976e+007 2.86976e+007 2.86976e+007 2.86976e+007 2.86976e+007 2.86976e+007 2.86976e+007 2.86976e+007 2.86976e+007 2.86976e+007 2.86976e+007 2.86976e+007 2.86976e+007 2.86976e+007 2.86976e+007 2.86976e+007 2.86976e+007 2.86976e+007 2.86976e+007 2.86976e+007 2.86976e+007 2.86976e+007 2.86976e+007 2.86976e+007 2.86976e+007 2.86976e+007 2.86976e+007 2.86976e+007 2.86976e+007 2.86976e+007 2.86976e+007 2.86976e+007 0 0 0 0 0 0 0 0 0 0 0 0 0 0 0 0 0 0 0 0 0 0 0 0 0
#obs survey bio
 3.71378e+006 4.00437e+006 1.83568e+006 2.94354e+006 2.44799e+006 3.34447e+006 2.49247e+006 2.97432e+006 1.97351e+006 1.67877e+006 2.0122e+006 1.07069e+006 1.10726e+006 1.56262e+006 657039 841906 974500 638340 788741 636813 607984 411091 587902 568752 677187 445839 486450 304753 507012 533554 753741 463002 444137 473087 678569 574717 490473 633502 633286 555474 673949 764176 538775 637263 631398 728771 831835 790707 806787 577337 719453
#pred catch bio
 103988 97918.6 167578 208443 227463 269245 283457 289224 277403 282360 273822 274399 283822 278846 236786 210829 173660 151274 150142 136717 132549 119680 118567 108005 109393 100570 105681 99979.4 96367.9 94887.2 99365.4 95612.1 94135.2 101592 92635.9 94443.7 90832.5 98910.8 97484.6 100778 103080 105273 104023 104360 103105 109717 108479 107222 113082 108337 72125.6 79273.3 101374 104907 111923 121642 132053 141854 150385 157419 162994 167283 170510 172894 174632 175886 176781 177417 177866 178181 178402 178556 178664 178738 178790 178826 178851 178868 178880 178888 178894 178897 178900 178902 178903 178904 178905 178905 178905 178905 178906 178906 178906 178906 178906 178906 178906 178906 178906 178906 178906 178906 178906 178906 178906 178906 178906 178906 178906 178906 178906 178906 178906 178906 178906 178906 178906 178906 178906 178906 178906 178906 178906 178906 178906 178906 178906 178906 178906 178906 178906 178906 178906 178906 178906 178906 178906 178906 178906 178906 178906 178906 178906 178906 178906 178906 178906 178906 178906 178906 178906 0 0 0 0 0 0 0 0 0 0 0 0 0 0 0 0 0 0 0 0 0 0 0 0 0
#obs catch bio
 0 97419.9 168210 209059 228708 270939 285049 289690 278122 283440 274724 276059 287114 279397 238493 211857 173427 151525 149933 137069 132427 120025 118656 108010 109028 100412 105196 99942.7 96468.4 95397.8 99338.4 95769.6 94360.6 102254 92355.8 94457.9 90904.2 99077.1 97344.4 101022 103515 105284 104441 104922 102948 109635 108399 107126 113220 108766 71869.5
#pred cpue bio
 3.40103e+006 3.28899e+006 3.1894e+006 3.02569e+006 2.83246e+006 2.63476e+006 2.40834e+006 2.18252e+006 1.96555e+006 1.77577e+006 1.59328e+006 1.43058e+006 1.27468e+006 1.11098e+006 949659 830214 734703 676554 640738 602675 575981 550204 536125 520762 515327 506427 506394 499471 498653 503013 510459 513129 520280 529932 530957 542037 551796 567237 574824 585245 593526 600460 605513 612711 620116 629055 630163 632376 636175 633278 635965 2.39101e+007 1.4788e+007 1.53563e+007 1.64507e+007 1.79624e+007 1.95906e+007 2.11402e+007 2.251e+007 2.36627e+007 2.45996e+007 2.53429e+007 2.59224e+007 2.63692e+007 2.6711e+007 2.69715e+007 2.71697e+007 2.73205e+007 2.74355e+007 2.75236e+007 2.75911e+007 2.76433e+007 2.76837e+007 2.77152e+007 2.77398e+007 2.77592e+007 2.77745e+007 2.77866e+007 2.77963e+007 2.78039e+007 2.78101e+007 2.7815e+007 2.7819e+007 2.78222e+007 2.78248e+007 2.78269e+007 2.78286e+007 2.783e+007 2.78312e+007 2.78321e+007 2.78328e+007 2.78335e+007 2.7834e+007 2.78344e+007 2.78347e+007 2.7835e+007 2.78352e+007 2.78354e+007 2.78355e+007 2.78356e+007 2.78357e+007 2.78358e+007 2.78359e+007 2.78359e+007 2.7836e+007 2.7836e+007 2.78361e+007 2.78361e+007 2.78361e+007 2.78361e+007 2.78361e+007 2.78361e+007 2.78362e+007 2.78362e+007 2.78362e+007 2.78362e+007 2.78362e+007 2.78362e+007 2.78362e+007 2.78362e+007 2.78362e+007 2.78362e+007 2.78362e+007 2.78362e+007 2.78362e+007 2.78362e+007 2.78362e+007 2.78362e+007 2.78362e+007 2.78362e+007 2.78362e+007 2.78362e+007 2.78362e+007 2.78362e+007 2.78362e+007 2.78362e+007 2.78362e+007 2.78362e+007 2.78362e+007 2.78362e+007 2.78362e+007 2.78362e+007 2.78362e+007 2.78362e+007 2.78362e+007 2.78362e+007 2.78362e+007 2.78362e+007 2.78362e+007 2.78362e+007 2.78362e+007 0 0 0 0 0 0 0 0 0 0 0 0 0 0 0 0 0 0 0 0 0 0 0 0 0
#obs cpue bio
 3.33061e+006 3.4098e+006 2.88614e+006 2.96518e+006 1.62974e+006 2.69627e+006 2.41828e+006 2.57057e+006 1.61374e+006 1.81896e+006 1.24486e+006 1.54875e+006 1.06759e+006 1.38135e+006 931622 927269 734261 593696 709363 439006 732343 555222 617965 472247 574363 496793 782150 629035 459415 337012 569216 479479 554472 508774 731190 461498 539334 558205 635423 480139 450376 671209 485564 525057 1.0177e+006 583197 481305 515757 484390 664350 646409
#pred surv len freq
 0.00427786 0.00703446 0.0107543 0.0154752 0.0211155 0.0273835 0.0337574 0.0396242 0.0445119 0.0482387 0.0508855 0.0526617 0.053788 0.0544429 0.0547542 0.0548102 0.0546778 0.0544041 0.0539699 0.0531927 0.0516463 0.0487194 0.0438848 0.0370768 0.0289125
 0.00464068 0.00752429 0.0113099 0.0159861 0.0214634 0.0275017 0.0336696 0.039432 0.0443345 0.0481456 0.050866 0.052649 0.0537158 0.0542956 0.0545817 0.0547022 0.0547129 0.0545996 0.0542568 0.0534332 0.0516911 0.0484788 0.0433736 0.0364054 0.0282304
 0.00471769 0.00771877 0.0117225 0.0167318 0.0226171 0.0290284 0.0353858 0.0410444 0.0455531 0.0488059 0.0509787 0.0523514 0.0531726 0.053626 0.0538504 0.0539521 0.0539913 0.0539495 0.0536857 0.0528925 0.0510946 0.0477547 0.0425163 0.0354884 0.0273703
 0.00486377 0.00794073 0.012034 0.0171519 0.0231856 0.0298156 0.036477 0.0424891 0.0472982 0.0506595 0.052649 0.053553 0.0537378 0.0535516 0.0532599 0.0530173 0.0528694 0.0527556 0.052487 0.0517101 0.0499148 0.0465585 0.0413152 0.0343413 0.0263639
 0.00503035 0.00821782 0.0124613 0.0177668 0.024013 0.030856 0.0377022 0.0438531 0.0487573 0.0521785 0.0541775 0.0549867 0.0549069 0.0542639 0.0533784 0.0525182 0.0518423 0.0513546 0.0508695 0.0499975 0.0481861 0.0448687 0.0397214 0.0329145 0.0251773
 0.00517885 0.00846456 0.0128432 0.0183236 0.0247813 0.031858 0.0389326 0.045271 0.0502903 0.0537391 0.055682 0.056363 0.0560844 0.0551535 0.0538665 0.0524927 0.05124 0.050197 0.0492609 0.0480903 0.0461409 0.0428315 0.0378196 0.0312559 0.0238394
 0.00538742 0.00880138 0.0133463 0.019028 0.0257139 0.0330292 0.0403263 0.0468392 0.0519573 0.0554126 0.0572665 0.05777 0.0572386 0.0559905 0.0543241 0.0525029 0.0507356 0.0491381 0.0476679 0.0460608 0.043839 0.0404579 0.0355743 0.0293047 0.0222876
 0.0056527 0.00922561 0.0139717 0.0198892 0.026832 0.0344029 0.0419213 0.0485858 0.0537592 0.0571656 0.0588739 0.0591511 0.0583286 0.0567371 0.0546818 0.0524265 0.0501781 0.0480598 0.0460606 0.0439778 0.0414136 0.0378932 0.0331045 0.0271405 0.0205668
 0.00594458 0.00969743 0.0146764 0.0208732 0.0281253 0.0360041 0.043783 0.0506109 0.0558163 0.0591159 0.0605968 0.0605567 0.0593582 0.0573563 0.0548696 0.0521649 0.0494451 0.0468323 0.0443313 0.0417846 0.0388674 0.0351844 0.0304734 0.0248184 0.0187137
 0.00618733 0.0100976 0.0152889 0.0217528 0.0293162 0.0375226 0.0455993 0.0526418 0.0579354 0.0611766 0.0624573 0.0620983 0.0604946 0.0580356 0.0550686 0.0518774 0.0486701 0.0455687 0.0425867 0.0395992 0.0363423 0.0324949 0.0278495 0.0224904 0.0168477
 0.00644201 0.010512 0.0159138 0.0226369 0.0304981 0.0390175 0.0473842 0.0546463 0.0600477 0.0632603 0.0643707 0.0637114 0.0617023 0.0587648 0.0552804 0.0515616 0.0478348 0.0442319 0.0407775 0.0373729 0.0338038 0.029813 0.0252427 0.0201795 0.0149941
 0.00664347 0.0108496 0.0164406 0.0234086 0.0315622 0.0403951 0.0490523 0.0565322 0.0620396 0.0652294 0.0661908 0.0652699 0.0629041 0.0595351 0.055567 0.051336 0.0470909 0.0429833 0.0390591 0.0352498 0.0313866 0.0272668 0.0227737 0.0179932 0.0132406
 0.00668682 0.0109603 0.0166822 0.0238666 0.032325 0.0415233 0.0505491 0.0583318 0.0640197 0.067238 0.0680746 0.0668948 0.064166 0.060363 0.0559189 0.0511923 0.0464488 0.0418558 0.0374798 0.033284 0.0291442 0.0249069 0.0204898 0.0159747 0.0116238
 0.00685021 0.0112189 0.0170608 0.0243905 0.0330238 0.0424322 0.0517012 0.0597408 0.0656576 0.0690202 0.0698637 0.0685258 0.0654833 0.0612508 0.0563136 0.0510761 0.0458339 0.0407724 0.035974 0.0314262 0.0270418 0.0227098 0.0183762 0.0141157 0.0101405
 0.00713915 0.0116828 0.0177466 0.0253342 0.0342399 0.0438996 0.0533541 0.061474 0.0673515 0.0705716 0.0712006 0.0696001 0.0662528 0.0616694 0.0563367 0.0506738 0.0450012 0.0395306 0.0343694 0.0295316 0.0249623 0.0205846 0.0163652 0.0123689 0.00875953
 0.00729794 0.0119513 0.0181697 0.0259598 0.035108 0.0450252 0.0547096 0.062983 0.0689002 0.0720336 0.0724645 0.0705878 0.0669239 0.0620113 0.0563484 0.0503537 0.0443457 0.0385426 0.033071 0.027975 0.0232357 0.0188098 0.014682 0.0109062 0.00760408
 0.00751824 0.0122879 0.0186376 0.0265618 0.0358394 0.0458794 0.0556782 0.0640489 0.070028 0.0731641 0.0735175 0.0714757 0.0675699 0.0623647 0.0563897 0.0500868 0.043786 0.0377093 0.031989 0.0266856 0.0218077 0.0173414 0.0132887 0.00969583 0.00664871
 0.0076226 0.0124542 0.0188808 0.0268915 0.0362566 0.0463724 0.0562221 0.0646122 0.0705853 0.0737059 0.074049 0.072001 0.0680731 0.0628032 0.0567032 0.050216 0.0436883 0.0373659 0.0314051 0.0258906 0.0208572 0.0163163 0.0122854 0.00880594 0.00593642
 0.00763798 0.0124788 0.0189174 0.0269436 0.0363287 0.0464708 0.0563539 0.0647832 0.0707984 0.0739608 0.0743442 0.0723352 0.0684434 0.0631972 0.0570911 0.050549 0.0439073 0.0374168 0.0312546 0.0255365 0.0203312 0.0156805 0.0116197 0.00819007 0.00542967
 0.00767725 0.0125476 0.0190295 0.0271137 0.0365674 0.0467778 0.0567127 0.0651623 0.071159 0.0742691 0.0745801 0.0724959 0.0685402 0.0632493 0.0571156 0.0505516 0.0438758 0.0373234 0.0310672 0.025234 0.0199176 0.0151883 0.0111034 0.00770954 0.00503196
 0.00774244 0.012636 0.0191309 0.02721 0.03664 0.046819 0.0567326 0.0651854 0.0712125 0.0743682 0.0747219 0.0726619 0.0687075 0.0633996 0.0572399 0.0506465 0.043937 0.0373399 0.0310208 0.0251072 0.0197044 0.0149032 0.0107806 0.00739277 0.0047598
 0.00781858 0.0127599 0.0193161 0.027465 0.0369623 0.0471876 0.0571056 0.0655085 0.0714374 0.0744726 0.0747163 0.0725804 0.0685881 0.0632696 0.0571111 0.0505205 0.04381 0.0372052 0.0308689 0.0249275 0.0194903 0.0146586 0.0105225 0.00714687 0.00455062
 0.0077955 0.0127255 0.0192708 0.0274129 0.0369117 0.0471513 0.0570982 0.0655415 0.0715128 0.0745794 0.074834 0.0726888 0.0686768 0.0633403 0.057172 0.0505776 0.0438621 0.0372443 0.0308835 0.0249067 0.0194279 0.014557 0.0103937 0.00701 0.00442563
 0.00782569 0.0127676 0.0193213 0.0274644 0.0369555 0.0471811 0.0571138 0.065549 0.0715225 0.0746007 0.0748711 0.0727377 0.068727 0.0633804 0.0571952 0.0505839 0.0438559 0.0372289 0.0308581 0.0248666 0.0193684 0.0144772 0.0102993 0.0069121 0.00433673
 0.00783918 0.0127784 0.0193169 0.0274265 0.0368649 0.0470258 0.0568965 0.0652903 0.071257 0.0743702 0.0747137 0.0726792 0.0687743 0.06352 0.0573986 0.0508168 0.0440879 0.0374382 0.0310317 0.0249975 0.0194539 0.0145192 0.0103048 0.0068927 0.00430567
 0.0078731 0.0128354 0.0194051 0.0275515 0.0370251 0.0472067 0.0570681 0.0654123 0.0712926 0.0743017 0.0745521 0.0724608 0.0685474 0.0633284 0.0572692 0.0507555 0.0440828 0.0374685 0.0310755 0.0250376 0.0194797 0.0145263 0.0102947 0.0068708 0.00427924
 0.00790004 0.0128639 0.0194204 0.0275325 0.0369524 0.0470736 0.0568878 0.0652149 0.0711118 0.07416 0.0744547 0.0724008 0.0685172 0.0633278 0.057305 0.0508343 0.044204 0.0376209 0.0312401 0.0251936 0.0196105 0.014623 0.0103565 0.00690325 0.00429127
 0.00805463 0.0130984 0.0197408 0.0279295 0.0373998 0.0475292 0.0572964 0.065518 0.0712629 0.0741404 0.074279 0.0721085 0.0681564 0.0629421 0.0569287 0.050494 0.0439188 0.0374011 0.0310852 0.0250935 0.0195494 0.0145853 0.0103307 0.00688293 0.00427437
 0.0080949 0.0131721 0.0198661 0.0281263 0.0376824 0.0478952 0.0577186 0.065944 0.0716273 0.0743833 0.0743634 0.0720291 0.0679373 0.0626266 0.0565662 0.0501285 0.0435835 0.037117 0.0308619 0.0249304 0.0194382 0.0145134 0.0102852 0.00685386 0.00425523
 0.00796584 0.0129879 0.0196373 0.0278812 0.0374623 0.0477442 0.0576731 0.066024 0.0718299 0.0746802 0.0747043 0.0723534 0.068192 0.0627807 0.0566165 0.0500952 0.0434988 0.0370135 0.0307648 0.0248542 0.019387 0.0144839 0.0102705 0.00684734 0.00425213
 0.00788715 0.0128489 0.0194096 0.0275373 0.0369887 0.0471594 0.0570392 0.0654404 0.0714057 0.0744971 0.0747893 0.0726741 0.0686722 0.0633277 0.0571467 0.0505518 0.0438577 0.0372779 0.0309537 0.02499 0.0194878 0.0145606 0.0103285 0.00688891 0.00427958
 0.0079347 0.0129126 0.0194792 0.0275913 0.0369966 0.0470874 0.0568598 0.0651449 0.0710156 0.0740687 0.0744038 0.0724129 0.0685872 0.063423 0.057381 0.0508581 0.0441697 0.0375491 0.0311638 0.0251404 0.019591 0.0146307 0.0103764 0.00692136 0.00430069
 0.00787709 0.0128331 0.019385 0.0274961 0.0369137 0.0470208 0.0567976 0.0650612 0.070882 0.0738698 0.0741506 0.0721458 0.0683662 0.0633066 0.0574038 0.0510173 0.0444278 0.0378508 0.031457 0.0253906 0.0197847 0.01477 0.0104711 0.00698268 0.00433839
 0.00772066 0.0125968 0.0190637 0.0270998 0.0364674 0.0465622 0.0563729 0.0647166 0.0706514 0.0737625 0.0741492 0.0722174 0.0684823 0.0634574 0.0575988 0.0512726 0.0447482 0.0382203 0.0318418 0.0257518 0.0200918 0.0150087 0.0106419 0.00709585 0.00440797
 0.00778827 0.0126757 0.0191262 0.0271029 0.0363675 0.046336 0.0560342 0.0643166 0.0702606 0.0734455 0.0739435 0.0721274 0.0684864 0.0635243 0.0577035 0.0514047 0.0449101 0.038416 0.0320664 0.0259882 0.0203163 0.0152002 0.0107889 0.00719806 0.0044725
 0.00782011 0.0127199 0.019177 0.0271456 0.0363767 0.046277 0.0558697 0.0640202 0.0698353 0.0729354 0.0734294 0.0717016 0.0682202 0.0634449 0.0577935 0.0516196 0.0452008 0.0387432 0.032403 0.0263139 0.0206129 0.0154519 0.0109858 0.00733866 0.00456381
 0.00782021 0.012726 0.0191966 0.0271877 0.0364476 0.046373 0.0559716 0.0640932 0.0698363 0.0728281 0.073201 0.0713747 0.0678507 0.0631059 0.0575496 0.0515061 0.0452176 0.0388638 0.03259 0.026531 0.0208306 0.0156483 0.0111468 0.00745868 0.00464471
 0.00774393 0.0126083 0.019032 0.0269773 0.0362008 0.046109 0.0557183 0.0638819 0.0696916 0.0727567 0.0731875 0.0713892 0.0678651 0.06311 0.0575566 0.0515447 0.0453149 0.0390309 0.0328167 0.0267915 0.0210937 0.0158869 0.0113429 0.00760517 0.00474406
 0.00780691 0.0126938 0.0191295 0.0270667 0.0362579 0.0461152 0.055668 0.063785 0.0695685 0.0726304 0.0730751 0.0712963 0.0677862 0.0630333 0.0574743 0.051461 0.0452467 0.0389999 0.0328379 0.0268651 0.0212053 0.0160138 0.0114633 0.00770413 0.00481579
 0.00778935 0.0126772 0.0191254 0.0270903 0.0363205 0.0462141 0.055781 0.0638757 0.0696015 0.0725888 0.0729682 0.0711534 0.0676407 0.0629087 0.0573786 0.0513913 0.0451987 0.0389746 0.0328407 0.0269007 0.021271 0.0160987 0.011552 0.00778276 0.00487612
 0.00768538 0.0125286 0.0189404 0.0268915 0.0361407 0.0460878 0.0557352 0.0639212 0.069728 0.0727649 0.0731497 0.071299 0.0677269 0.0629361 0.0573653 0.0513606 0.0451692 0.0389571 0.0328413 0.026922 0.0213126 0.0161556 0.011615 0.00784187 0.00492392
 0.00769233 0.0125204 0.0188933 0.0267752 0.0359312 0.0457848 0.0553742 0.0635695 0.0694622 0.072641 0.0731829 0.071461 0.0679625 0.0631863 0.0575869 0.0515347 0.0452979 0.0390541 0.0329214 0.0269963 0.0213864 0.0162289 0.0116842 0.00790185 0.00497078
 0.0076793 0.0125088 0.0188918 0.0267936 0.035972 0.0458349 0.0554024 0.0635372 0.0693456 0.0724501 0.0729635 0.0712755 0.0678594 0.06318 0.0576576 0.0516444 0.0454112 0.0391504 0.0329965 0.0270557 0.0214378 0.016277 0.0117296 0.0079422 0.00500341
 0.00755416 0.0123256 0.0186544 0.0265204 0.035693 0.0455844 0.0552105 0.0634217 0.069306 0.0724673 0.073009 0.071327 0.0679142 0.0632536 0.0577693 0.0518016 0.0456027 0.0393531 0.0331875 0.027221 0.0215732 0.0163845 0.011813 0.00800481 0.00504797
 0.00754423 0.0122875 0.018558 0.0263282 0.0353747 0.0451375 0.0546749 0.0628765 0.0688444 0.0721637 0.0728942 0.0713857 0.0681009 0.0635166 0.0580698 0.0521183 0.0459255 0.0396729 0.0334915 0.0274944 0.0218044 0.0165686 0.0119513 0.00810293 0.00511333
 0.00752384 0.012258 0.0185188 0.0262764 0.0353006 0.0450202 0.0544853 0.0625896 0.0684596 0.0717188 0.0724623 0.0710508 0.0679249 0.0635187 0.058227 0.0523837 0.0462498 0.0400169 0.0338275 0.0278029 0.0220715 0.0167858 0.0121166 0.00822013 0.00519044
 0.00754139 0.0122867 0.0185622 0.0263378 0.0353818 0.0451187 0.0545908 0.0626805 0.0685036 0.0716809 0.0723194 0.0708078 0.0676209 0.0632163 0.0579883 0.0522479 0.0462233 0.0400802 0.0339489 0.0279509 0.022221 0.0169197 0.0122253 0.00830072 0.00524507
 0.00755581 0.0123073 0.0185883 0.0263673 0.0354122 0.0451491 0.0546219 0.0627139 0.0685382 0.0717091 0.0723259 0.0707729 0.0675303 0.0630715 0.0578125 0.0520794 0.0461006 0.0400265 0.0339655 0.028021 0.0223199 0.0170238 0.0123179 0.00837319 0.00529582
 0.007542 0.0122882 0.0185654 0.0263438 0.0353919 0.0451342 0.0546125 0.0627084 0.0685356 0.0717097 0.0723304 0.0707794 0.0675317 0.0630574 0.0577752 0.0520214 0.0460368 0.0399786 0.0339518 0.0280479 0.0223798 0.0171008 0.012395 0.00843837 0.0053438
 0.00759227 0.012364 0.0186686 0.0264724 0.0355403 0.0452951 0.0547767 0.0628644 0.0686695 0.0718068 0.0723784 0.0707713 0.0674679 0.0629443 0.0576229 0.0518421 0.0458454 0.0397932 0.0337913 0.0279271 0.0223046 0.0170663 0.0123894 0.00844789 0.0053577
 0.00751195 0.0122534 0.0185387 0.0263455 0.0354432 0.0452482 0.0547867 0.0629235 0.0687614 0.071915 0.0724902 0.0708776 0.0675607 0.0630161 0.0576674 0.0518563 0.0458315 0.0397587 0.0337482 0.0278883 0.02228 0.0170596 0.0123977 0.00846446 0.00537556
#obs surv len freq
 nan nan nan nan nan nan nan nan nan nan nan nan nan nan nan nan nan nan nan nan nan nan nan nan nan
 0.00448271 0.00734309 0.0111721 0.0159876 0.0216877 0.0279629 0.034277 0.0400087 0.0446889 0.0481537 0.0505127 0.0520098 0.0529032 0.0534167 0.0537318 0.0539874 0.0542664 0.0545595 0.0546984 0.0542904 0.0527284 0.0493603 0.0438096 0.0362891 0.027672
 0.00461142 0.00755448 0.0114938 0.0164458 0.0223005 0.0287305 0.0351719 0.0409731 0.0456429 0.0490108 0.0511966 0.0524654 0.0531025 0.0533584 0.0534378 0.0534944 0.0536176 0.0537972 0.0538615 0.0534154 0.0518538 0.0485289 0.0430658 0.0356703 0.0271991
 0.00477739 0.00782513 0.0119028 0.0170251 0.0230744 0.0297059 0.0363274 0.0422535 0.0469644 0.0502736 0.0522996 0.0533189 0.053638 0.0535361 0.0532496 0.0529623 0.0527867 0.0527267 0.0526175 0.052068 0.050478 0.0472048 0.0418729 0.0346745 0.0264366
 0.00496995 0.00814 0.0123801 0.0177032 0.0239828 0.0308535 0.0376904 0.0437711 0.048546 0.0518148 0.0536963 0.0544755 0.0544714 0.0539805 0.0532622 0.0525293 0.0519262 0.0514875 0.0510746 0.0503184 0.0486365 0.0453983 0.0402268 0.0332911 0.0253734
 0.00517827 0.00848273 0.0129035 0.018453 0.0249956 0.0321425 0.0392311 0.0454959 0.0503539 0.0535895 0.0553245 0.0558565 0.0555197 0.0546253 0.0534482 0.0522199 0.05111 0.0501855 0.0493471 0.0482682 0.0464065 0.0431598 0.0381554 0.0315331 0.0240142
 0.00541409 0.0088662 0.013481 0.0192686 0.0260834 0.0335148 0.0408647 0.0473264 0.0522823 0.0554993 0.0570985 0.0573878 0.0567168 0.0554126 0.0537653 0.0520207 0.0503657 0.0488939 0.0475455 0.0460479 0.0439186 0.0406043 0.0357502 0.0294674 0.0224041
 0.0056468 0.00924988 0.0140683 0.0201117 0.0272234 0.0349655 0.0425964 0.0492614 0.0543077 0.05749 0.0589371 0.0589742 0.0579677 0.0562585 0.0541472 0.051889 0.0496821 0.04764 0.0457388 0.043762 0.0412981 0.0378603 0.0331268 0.0271868 0.0206104
 0.00588649 0.00964263 0.0146654 0.0209635 0.0283706 0.0364242 0.0443427 0.051224 0.0563765 0.0595356 0.0608321 0.0606071 0.0592495 0.057122 0.0545418 0.051774 0.0490237 0.0464156 0.0439541 0.0414748 0.0386402 0.0350395 0.030397 0.0247888 0.0187083
 0.00612942 0.0100398 0.0152673 0.0218186 0.0295167 0.0378737 0.0460681 0.0531525 0.0583998 0.0615305 0.0626792 0.0622015 0.0605047 0.05797 0.0549311 0.051666 0.0483883 0.0452333 0.0422276 0.0392524 0.0360399 0.0322572 0.0276815 0.0223839 0.0167869
 0.00636386 0.0104262 0.0158585 0.022667 0.0306631 0.0393311 0.0478049 0.0550872 0.0604141 0.0634932 0.0644685 0.0637173 0.0616708 0.0587309 0.0552468 0.0515067 0.0477307 0.0440621 0.0405465 0.0371046 0.0335324 0.0295708 0.0250506 0.0200436 0.0149083
 0.00662111 0.010845 0.0164899 0.0235587 0.0318505 0.0408228 0.0495668 0.0570371 0.0624316 0.0654422 0.0662198 0.0651646 0.0627366 0.0593667 0.0554271 0.0512202 0.0469725 0.0428316 0.0388555 0.0349967 0.0311061 0.0269909 0.0225323 0.0178048 0.0131091
 0.00684265 0.0112115 0.017053 0.0243699 0.0329499 0.0422224 0.0512335 0.0588879 0.0643468 0.0672893 0.0678761 0.0665293 0.0637351 0.0599495 0.0555679 0.0509101 0.0462145 0.0416363 0.0372454 0.0330199 0.0288552 0.0246147 0.0202223 0.0157547 0.011462
 0.00705932 0.0115659 0.0175904 0.0251341 0.033975 0.043519 0.0527749 0.0606035 0.0661301 0.0690168 0.0694273 0.0678019 0.0646527 0.0604638 0.0556559 0.0505684 0.0454529 0.040474 0.0357133 0.0311711 0.0267797 0.0224471 0.0181313 0.0139085 0.00998316
 0.00728987 0.0119403 0.0181531 0.0259249 0.035021 0.0448213 0.0542955 0.062262 0.0678157 0.0706101 0.0708203 0.0689085 0.0654118 0.0608381 0.0556298 0.0501441 0.0446457 0.0393099 0.0342298 0.0294248 0.0248571 0.0204701 0.0162467 0.0122592 0.00867027
 0.00744724 0.0122063 0.0185717 0.0265428 0.0358767 0.0459282 0.0556261 0.0637436 0.0693424 0.0720654 0.0720979 0.0699251 0.0661101 0.0611854 0.0556138 0.0497687 0.0439269 0.0382737 0.0329141 0.0278854 0.0231748 0.0187535 0.0146223 0.0108464 0.00755139
 0.0075244 0.0123313 0.0187605 0.026813 0.0362483 0.0464227 0.0562614 0.0645259 0.0702573 0.0730716 0.0731282 0.0708952 0.0669335 0.0617877 0.0559414 0.0497917 0.0436366 0.03768 0.0320451 0.0267895 0.0219246 0.0174453 0.0133659 0.00974444 0.00667445
 0.00759126 0.0124348 0.0189067 0.0270047 0.036486 0.0467058 0.0565899 0.0649019 0.0706856 0.0735579 0.0736734 0.0714855 0.0675336 0.0623413 0.0563807 0.0500515 0.0436675 0.0374562 0.0315678 0.0260884 0.0210577 0.016495 0.0124276 0.00890756 0.00600161
 0.00765516 0.0125309 0.0190369 0.0271655 0.0366698 0.046903 0.0567912 0.0651006 0.0708801 0.0737543 0.0738851 0.0717288 0.0678183 0.0626607 0.0567056 0.0503321 0.0438442 0.0374747 0.0313943 0.0257195 0.0205244 0.0158582 0.011766 0.00829852 0.00550209
 0.00770464 0.0126088 0.0191489 0.0273143 0.036853 0.0471118 0.0570097 0.0653076 0.0710555 0.0738867 0.0739766 0.0717948 0.0678818 0.0627424 0.0568143 0.0504573 0.0439549 0.0375263 0.0313425 0.0255365 0.0202111 0.0154471 0.0113126 0.00786446 0.00513671
 0.00778211 0.0127255 0.0193071 0.02751 0.0370771 0.0473519 0.0572513 0.0655343 0.0712498 0.0740323 0.0740628 0.0718201 0.0678559 0.0626846 0.0567474 0.0503983 0.0439067 0.0374744 0.0312595 0.025394 0.0199944 0.0151644 0.0109944 0.00755271 0.00486892
 0.00782089 0.012788 0.0193999 0.0276377 0.0372401 0.0475441 0.0574582 0.0657351 0.0714227 0.0741613 0.0741408 0.0718487 0.0678418 0.0626375 0.0566787 0.0503202 0.0438283 0.0373972 0.0311746 0.0252859 0.0198492 0.0149799 0.0107842 0.00734174 0.00468319
 0.0078527 0.0128353 0.0194629 0.0277144 0.0373274 0.0476393 0.0575601 0.0658422 0.0715315 0.0742645 0.0742287 0.0719117 0.0678738 0.0626376 0.056651 0.050272 0.0437674 0.0373291 0.0310997 0.0251994 0.0197445 0.0148544 0.0106437 0.00720002 0.00455662
 0.00788567 0.0128821 0.0195209 0.0277766 0.0373843 0.0476826 0.0575851 0.06585 0.071528 0.074259 0.0742303 0.0719258 0.0679 0.0626698 0.0566807 0.0502918 0.0437734 0.0373202 0.0310762 0.0251605 0.0196888 0.0147821 0.010559 0.00711169 0.00447549
 0.0079107 0.0129215 0.0195774 0.0278508 0.0374735 0.0477793 0.0576768 0.0659216 0.0715666 0.0742595 0.0741979 0.0718742 0.0678453 0.0626246 0.0566498 0.0502731 0.0437604 0.037306 0.0310553 0.0251298 0.0196469 0.0147295 0.0104992 0.00705047 0.00441969
 0.00790229 0.0129089 0.0195606 0.0278308 0.0374525 0.0477605 0.0576637 0.0659169 0.0715708 0.07427 0.0742103 0.0718848 0.0678533 0.0626331 0.0566638 0.0502957 0.0437907 0.0373391 0.0310844 0.0251486 0.0196515 0.0147195 0.010477 0.0070214 0.00438965
 0.00790092 0.0129015 0.0195401 0.0277883 0.0373801 0.0476563 0.0575354 0.0657814 0.0714498 0.0741829 0.0741685 0.0718894 0.0678975 0.0627056 0.0567534 0.0503935 0.0438905 0.0374356 0.031172 0.0252217 0.0197058 0.0147533 0.010492 0.00702216 0.00438219
 0.00789311 0.0128876 0.0195167 0.0277508 0.0373233 0.047575 0.057427 0.065648 0.0713007 0.0740347 0.0740428 0.071807 0.0678718 0.0627389 0.056837 0.0505121 0.0440272 0.0375753 0.0313033 0.0253361 0.0197978 0.0148205 0.0105354 0.00704585 0.00439194
 0.00789169 0.0128824 0.0195036 0.0277241 0.0372772 0.0475057 0.0573344 0.0655362 0.0711767 0.0739079 0.0739235 0.0717074 0.0678049 0.0627159 0.0568638 0.0505863 0.0441383 0.037708 0.0314411 0.025465 0.0199077 0.014906 0.0105957 0.00708381 0.00441281
 0.00788087 0.0128644 0.0194754 0.0276827 0.0372195 0.0474297 0.05724 0.0654265 0.0710581 0.073789 0.0738146 0.0716186 0.0677449 0.0626918 0.0568799 0.0506437 0.0442333 0.0378314 0.0315794 0.0256032 0.0200326 0.0150086 0.0106723 0.00713544 0.00444406
 0.00784284 0.0128026 0.0193828 0.0275533 0.0370509 0.0472252 0.0570115 0.0651934 0.0708439 0.0736154 0.0736968 0.0715634 0.0677523 0.0627566 0.0569943 0.0507983 0.0444181 0.0380351 0.0317891 0.0258051 0.0202136 0.0151587 0.0107868 0.00721536 0.00449471
 0.00784246 0.0127945 0.0193568 0.0274956 0.0369474 0.0470677 0.0568029 0.0649492 0.0705892 0.0733789 0.0735046 0.0714346 0.0676967 0.0627747 0.057079 0.0509377 0.0445975 0.0382393 0.0320031 0.026014 0.0204038 0.0153196 0.0109125 0.00730524 0.00455324
 0.0077957 0.0127236 0.0192594 0.0273719 0.0367987 0.0468948 0.0566059 0.0647303 0.0703559 0.0731472 0.0732975 0.0712783 0.0676129 0.0627756 0.0571644 0.0510968 0.0448121 0.0384882 0.0322647 0.0262687 0.0206349 0.015515 0.0110656 0.00741571 0.00462608
 0.00778114 0.0126934 0.0192021 0.0272742 0.0366496 0.0466925 0.0563617 0.0644676 0.0701025 0.0729257 0.0731217 0.0711542 0.0675447 0.0627683 0.0572228 0.0512213 0.0449959 0.0387166 0.0325176 0.0265242 0.020873 0.0157201 0.0112287 0.00753492 0.00470569
 0.00775749 0.0126576 0.0191528 0.0272103 0.0365693 0.0465915 0.0562341 0.064309 0.0699153 0.0727227 0.0729242 0.0709861 0.067426 0.0627102 0.0572291 0.0512902 0.0451222 0.0388908 0.0327252 0.0267464 0.0210898 0.0159137 0.011387 0.00765311 0.00478602
 0.00771529 0.0125908 0.019056 0.0270804 0.0364072 0.0464032 0.0560314 0.0641078 0.0697312 0.0725663 0.0728006 0.0708976 0.0673754 0.0627029 0.0572705 0.0513831 0.0452643 0.0390745 0.0329384 0.0269732 0.021312 0.0161142 0.0115529 0.00777853 0.00487223
 0.0076862 0.0125403 0.0189742 0.0269568 0.0362338 0.0461793 0.0557678 0.0638269 0.0694628 0.0723396 0.0726368 0.0708062 0.0673554 0.0627466 0.0573682 0.0515263 0.0454459 0.0392871 0.0331722 0.0272148 0.0215457 0.0163243 0.0117273 0.00791128 0.00496418
 0.00769549 0.0125546 0.0189939 0.0269803 0.0362562 0.0461917 0.0557571 0.0637796 0.0693698 0.072202 0.0724682 0.0706294 0.067195 0.0626228 0.0572926 0.0515024 0.0454717 0.0393572 0.0332785 0.0273466 0.0216895 0.0164654 0.0118523 0.00801129 0.0050363
 0.00764619 0.0124812 0.0188959 0.0268622 0.0361262 0.0460595 0.0556324 0.0636697 0.0692782 0.072128 0.0724081 0.07058 0.0671572 0.0626025 0.0572988 0.0515428 0.0455494 0.0394699 0.0334192 0.0275047 0.0218523 0.0166195 0.0119862 0.00811736 0.00511254
 0.00763377 0.0124572 0.0188534 0.0267931 0.036025 0.0459273 0.0554799 0.0635158 0.0691442 0.0720299 0.0723511 0.070559 0.0671617 0.0626225 0.0573297 0.0515859 0.0456096 0.0395518 0.0335234 0.0276266 0.0219828 0.0167471 0.0120999 0.00820944 0.00517994
 0.0076095 0.012421 0.0188045 0.0267323 0.035953 0.0458436 0.0553827 0.0634046 0.0690229 0.0719088 0.0722458 0.0704849 0.0671281 0.0626296 0.0573702 0.0516502 0.0456904 0.0396455 0.0336286 0.0277412 0.0221017 0.0168625 0.0122031 0.00829354 0.00524202
 0.0075919 0.0123923 0.0187614 0.0266723 0.0358753 0.0457506 0.0552806 0.0633018 0.0689276 0.0718261 0.0721779 0.0704331 0.0670956 0.0626211 0.0573893 0.051697 0.045761 0.0397338 0.0337286 0.0278477 0.0222094 0.0169653 0.0122945 0.00836826 0.00529754
 0.00757316 0.0123625 0.0187178 0.0266127 0.0357988 0.0456579 0.055175 0.0631899 0.0688185 0.07173 0.0721031 0.0703847 0.0670748 0.0626269 0.0574198 0.0517504 0.0458351 0.039825 0.0338318 0.0279568 0.0223177 0.0170663 0.0123825 0.00843912 0.00534977
 0.00757233 0.012361 0.0187152 0.0266083 0.0357914 0.0456458 0.055156 0.0631616 0.0687794 0.0716801 0.072045 0.0703236 0.0670174 0.0625798 0.0573883 0.0517381 0.0458433 0.0398533 0.033878 0.0280164 0.0223849 0.0171345 0.0124452 0.00849165 0.00538959
 0.0075429 0.0123167 0.018655 0.0265339 0.0357066 0.045556 0.0550674 0.0630809 0.0687124 0.0716307 0.0720145 0.070311 0.0670206 0.0625969 0.0574186 0.0517811 0.0458989 0.0399208 0.0339552 0.0280997 0.0224695 0.0172147 0.0125157 0.00854864 0.00543166
 0.00752097 0.0122789 0.0185947 0.0264444 0.0355838 0.045402 0.0548933 0.0629056 0.0685581 0.0715162 0.0719505 0.0702985 0.0670533 0.0626648 0.0575109 0.0518888 0.0460155 0.0400415 0.0340763 0.0282178 0.0225802 0.0173135 0.0125988 0.00861349 0.00547823
 0.00750444 0.0122531 0.0185574 0.0263937 0.0355177 0.0453185 0.0547908 0.0627853 0.0684261 0.0713846 0.0718351 0.0702157 0.0670144 0.0626732 0.0575622 0.0519734 0.0461218 0.0401594 0.0341976 0.028336 0.0226901 0.0174107 0.0126797 0.00867616 0.00552298
 0.00751049 0.0122608 0.0185653 0.0263987 0.0355165 0.0453077 0.054768 0.0627491 0.0683754 0.0713191 0.0717568 0.0701302 0.066932 0.0626063 0.0575219 0.0519657 0.0461464 0.0402102 0.0342662 0.0284134 0.0227686 0.0174837 0.0127424 0.00872588 0.00555908
 0.00751547 0.0122702 0.0185815 0.0264244 0.0355528 0.0453531 0.0548167 0.0627918 0.068402 0.0713214 0.0717311 0.0700776 0.0668582 0.062521 0.0574369 0.0518934 0.0460964 0.0401875 0.0342697 0.0284378 0.0228059 0.0175261 0.0127832 0.00876049 0.00558536
 0.00749067 0.0122324 0.0185294 0.0263591 0.0354781 0.0452755 0.0547449 0.0627353 0.0683681 0.0713125 0.0717433 0.0701029 0.0668873 0.062547 0.0574575 0.0519107 0.0461158 0.0402146 0.034308 0.028487 0.0228621 0.0175831 0.012835 0.00880294 0.00561668
 0.00749067 0.0122324 0.0185294 0.0263591 0.0354781 0.0452755 0.0547449 0.0627353 0.0683681 0.0713125 0.0717433 0.0701029 0.0668873 0.062547 0.0574575 0.0519107 0.0461158 0.0402146 0.034308 0.028487 0.0228621 0.0175831 0.012835 0.00880294 0.00561668
#pred catch len freq
 0.0031909 0.00517698 0.00780622 0.0111223 0.0151673 0.0199353 0.0253107 0.0310548 0.0368528 0.0423776 0.0473383 0.0515194 0.0548101 0.0572094 0.0588001 0.0597141 0.0601055 0.0601171 0.0598069 0.0590311 0.0573546 0.0541211 0.048757 0.0411955 0.032125
 0.00347323 0.00556191 0.00825117 0.0115484 0.0154897 0.0201063 0.0253472 0.0310267 0.0368373 0.0424094 0.0473906 0.0515277 0.0547222 0.0570276 0.0585911 0.0595809 0.060135 0.0603267 0.0601188 0.0592915 0.0573978 0.0538474 0.0481833 0.0404447 0.0313634
 0.00357183 0.00576359 0.00862508 0.0121683 0.0163969 0.0212632 0.0266139 0.0321925 0.0377026 0.042871 0.0474708 0.0513311 0.0543597 0.0565689 0.0580705 0.0590313 0.0596072 0.0598714 0.0597461 0.058947 0.0569817 0.0532732 0.0474358 0.0395969 0.0305396
 0.00372196 0.00599334 0.00895037 0.0126104 0.0169966 0.0220892 0.0277461 0.0336724 0.0394694 0.0447292 0.0491308 0.0525141 0.054906 0.0564805 0.0574716 0.0580919 0.0584823 0.0586757 0.0585474 0.0577647 0.0557972 0.0520612 0.0462043 0.0384071 0.029486
 0.003881 0.0062511 0.00933625 0.0131503 0.0177084 0.0229787 0.0288081 0.0348983 0.0408556 0.0462673 0.050772 0.0541293 0.0562847 0.0573884 0.0577423 0.0576902 0.0575028 0.057286 0.0569193 0.0560297 0.0540386 0.0503343 0.044566 0.036931 0.0282504
 0.00404554 0.00651621 0.00973213 0.0137069 0.0184539 0.0239344 0.0299791 0.0362643 0.042368 0.0478572 0.0523632 0.0556445 0.0576362 0.0584616 0.0583938 0.0577814 0.0569542 0.0561169 0.055244 0.0540174 0.0518667 0.0481628 0.0425332 0.0351535 0.0268128
 0.00425383 0.00684646 0.0102147 0.0143677 0.019314 0.0250077 0.0312661 0.0377448 0.0439961 0.0495613 0.0540521 0.0572178 0.0589958 0.0595166 0.0590558 0.0579587 0.0565608 0.0551015 0.0536261 0.051904 0.0494394 0.0456425 0.0401391 0.0330672 0.0251498
 0.00451375 0.00725563 0.0108065 0.0151669 0.0203359 0.0262563 0.0327279 0.0393829 0.0457493 0.0513486 0.0557807 0.0587915 0.0603222 0.0605118 0.0596459 0.0580753 0.0561393 0.0540905 0.0520128 0.0497462 0.0468844 0.042915 0.0374978 0.0307444 0.0232984
 0.0047918 0.00769752 0.0114535 0.0160527 0.0214836 0.0276723 0.0343922 0.0412419 0.0477166 0.0533159 0.0576318 0.0604166 0.0616277 0.061425 0.0601121 0.0580507 0.0555836 0.0529686 0.050312 0.0475066 0.0442285 0.0400533 0.0346964 0.0282598 0.0213093
 0.00505139 0.00811432 0.0120722 0.0169144 0.0226222 0.029106 0.0361115 0.0431985 0.0498213 0.0554463 0.059648 0.0621801 0.0630198 0.0623593 0.0605358 0.0579361 0.0549155 0.0517379 0.0485232 0.0452032 0.0415232 0.037143 0.031839 0.0257143 0.0192633
 0.00531627 0.00853648 0.0126932 0.0177715 0.0237461 0.0305162 0.0378058 0.0451411 0.0519364 0.0576203 0.0617398 0.0640387 0.0645052 0.063361 0.060983 0.0577958 0.054182 0.0504229 0.0466553 0.0428431 0.0387891 0.0342252 0.0289843 0.0231726 0.0172186
 0.0055541 0.00892099 0.0132689 0.0185807 0.0248246 0.0318839 0.0394547 0.0470269 0.0539782 0.0597088 0.0637485 0.0658351 0.0659628 0.0643708 0.0614635 0.0576975 0.0534869 0.0491402 0.0448219 0.0405324 0.0361269 0.0314 0.0262315 0.0207272 0.015253
 0.0056808 0.00914873 0.0136529 0.0191889 0.0257257 0.033127 0.0410467 0.0489194 0.0560702 0.0618619 0.0658086 0.067653 0.067411 0.065354 0.0619191 0.0575915 0.0528082 0.0478993 0.0430556 0.0383152 0.0335851 0.0287167 0.0236294 0.0184243 0.0134068
 0.00591095 0.00950631 0.0141631 0.0198716 0.0266022 0.0342245 0.0423938 0.0505278 0.0579108 0.0638467 0.0677929 0.0694606 0.0688726 0.0663398 0.062354 0.0574499 0.0520988 0.046653 0.0413229 0.0361762 0.0311636 0.0261853 0.0211937 0.0162818 0.0116972
 0.00618745 0.0099436 0.0147982 0.0207303 0.0276945 0.0355392 0.0438931 0.052149 0.0595772 0.0654818 0.0693244 0.0708142 0.0699636 0.0670765 0.0626531 0.0572548 0.0513905 0.0454492 0.0396742 0.0341661 0.0289136 0.0238567 0.0189718 0.0143407 0.0101565
 0.00636113 0.0102282 0.0152314 0.0213503 0.0285346 0.0366169 0.0451973 0.0536301 0.0611487 0.0670332 0.0707424 0.0720029 0.0708556 0.0676312 0.062845 0.0570634 0.0507995 0.0444556 0.0383013 0.0324742 0.0270057 0.0218752 0.0170796 0.012689 0.00884757
 0.00652902 0.0104839 0.0155859 0.0218077 0.0290982 0.0372971 0.0460112 0.0545918 0.0622513 0.0682334 0.0719575 0.0731244 0.0717749 0.0682631 0.0631399 0.0570034 0.0503861 0.043701 0.0372297 0.0311324 0.0254745 0.0202705 0.0155382 0.0113388 0.00777589
 0.00659728 0.010593 0.0157465 0.022028 0.0293825 0.0376444 0.0464162 0.0550487 0.0627603 0.0688032 0.0725969 0.0738256 0.0724987 0.068938 0.0636774 0.0573213 0.0504265 0.0434372 0.0366657 0.0303022 0.0244438 0.0191353 0.0144128 0.0103325 0.00696602
 0.00664181 0.0106616 0.0158428 0.0221538 0.0295388 0.0378321 0.0466359 0.0552999 0.0630404 0.069109 0.0729275 0.0741839 0.0728871 0.0693479 0.0640787 0.0576602 0.0506359 0.0434549 0.0364534 0.0298571 0.023803 0.0183709 0.0136181 0.00960024 0.00636505
 0.00666245 0.0107 0.0159095 0.0222614 0.0296986 0.0380495 0.046906 0.0556065 0.0633601 0.0694174 0.0732057 0.074422 0.0730852 0.0695135 0.0642191 0.0577723 0.0506993 0.0434338 0.0363085 0.029564 0.0233668 0.0178311 0.0130401 0.00905582 0.00591116
 0.0067313 0.0107958 0.0160246 0.0223803 0.0298051 0.0381358 0.0469787 0.0556842 0.063463 0.0695556 0.0733738 0.0746026 0.0732577 0.0696628 0.0643384 0.0578598 0.0507505 0.0434356 0.0362395 0.0294033 0.0231072 0.0174892 0.0126558 0.00868023 0.0055892
 0.00677126 0.0108623 0.0161266 0.0225244 0.0299909 0.0383515 0.0471993 0.0558774 0.0636024 0.069633 0.0734021 0.0746063 0.0732588 0.0696706 0.0643499 0.0578655 0.0507397 0.0433977 0.0361624 0.0292747 0.0229205 0.0172508 0.0123878 0.0084153 0.00535873
 0.0067603 0.0108465 0.0161073 0.0225054 0.0299796 0.038358 0.0472343 0.0559478 0.0637052 0.0697537 0.0735195 0.0747024 0.0733274 0.0697185 0.064389 0.0579038 0.050776 0.0434222 0.0361615 0.0292354 0.0228354 0.0171223 0.0122299 0.00824989 0.00520888
 0.00675147 0.0108302 0.0160791 0.0224612 0.0299169 0.0382794 0.04715 0.0558749 0.0636639 0.06976 0.0735784 0.0748053 0.0734551 0.069849 0.0645063 0.0580008 0.0508526 0.043479 0.0361956 0.0292407 0.0228066 0.0170595 0.0121409 0.00814954 0.00511357
 0.00677334 0.0108553 0.0160976 0.0224567 0.0298707 0.0381769 0.0469871 0.0556627 0.063428 0.069537 0.0734076 0.0747186 0.0734672 0.0699532 0.064678 0.0582071 0.0510624 0.0436696 0.0363528 0.0293565 0.0228774 0.0170865 0.0121314 0.00811599 0.00507028
 0.00676973 0.0108539 0.0161029 0.0224738 0.0299013 0.0382147 0.0470156 0.0556586 0.0633709 0.0694202 0.0732446 0.0745409 0.0733142 0.0698587 0.0646595 0.0582618 0.0511711 0.0438049 0.0364881 0.0294717 0.0229608 0.0171345 0.0121477 0.00810899 0.00505085
 0.0068184 0.0109177 0.016171 0.0225277 0.0299213 0.0381888 0.0469458 0.0555587 0.0632577 0.0693046 0.0731288 0.0744238 0.0732004 0.0697624 0.0646004 0.0582562 0.0512234 0.0439048 0.0366145 0.0296005 0.0230718 0.0172162 0.0121975 0.00813191 0.0050555
 0.00694037 0.0111013 0.016419 0.0228303 0.0302558 0.0385213 0.0472348 0.0557625 0.0633455 0.0692662 0.0729775 0.0741894 0.0729172 0.0694612 0.0643073 0.0579939 0.0510103 0.0437514 0.0365202 0.0295538 0.0230555 0.0172134 0.0121965 0.00812758 0.00504776
 0.00696437 0.0111475 0.0165014 0.0229656 0.0304576 0.0387924 0.0475594 0.0561045 0.0636546 0.0694909 0.0730798 0.0741549 0.072758 0.0692104 0.0640072 0.0576856 0.0507263 0.0435133 0.0363381 0.0294273 0.0229758 0.017167 0.0121702 0.00811145 0.00503646
 0.00683611 0.0109635 0.0162711 0.0227157 0.0302281 0.0386275 0.0474976 0.0561695 0.0638481 0.0697876 0.0734296 0.0744949 0.0730306 0.0693799 0.0640674 0.0576558 0.0506401 0.043406 0.0362374 0.0293492 0.0229248 0.0171393 0.012158 0.0081072 0.00503495
 0.00677255 0.0108524 0.016091 0.0224457 0.029858 0.0381707 0.0470009 0.0557093 0.0635112 0.0696429 0.0735051 0.0747696 0.0734431 0.0698489 0.0645159 0.05803 0.0509179 0.0435935 0.0363568 0.0294261 0.0229788 0.0171814 0.012192 0.00813336 0.00505312
 0.00678995 0.0108714 0.0161009 0.0224278 0.0297863 0.0380167 0.0467424 0.0553427 0.0630635 0.0691763 0.0731063 0.0745233 0.0734013 0.0700113 0.0648324 0.0584233 0.0513119 0.0439348 0.0366226 0.0296182 0.0231122 0.017273 0.0122548 0.00817587 0.00508066
 0.00672308 0.0107764 0.0159827 0.022298 0.0296571 0.0378928 0.046615 0.0551913 0.0628652 0.0689208 0.0728084 0.0742271 0.0731709 0.0699091 0.0648943 0.0586429 0.0516439 0.0443138 0.0369874 0.0299286 0.0233524 0.017446 0.0123728 0.00825235 0.00512771
