SBPRF35
7.78865
Curr Bio
534100
B35
694976
F35
0.224081
FOFL
0.180325
OFL
78456.9
Bzero
2.22533e+006
#pred survey bio
 4.7917e+006 4.47911e+006 4.19397e+006 3.87233e+006 3.54239e+006 3.17723e+006 2.82542e+006 2.51141e+006 2.23071e+006 1.97217e+006 1.75163e+006 1.53645e+006 1.35753e+006 1.20437e+006 1.07447e+006 964505 883179 831980 767505 730973 709112 682280 659648 645784 639082 620545 608998 611958 606769 610052 602163 597289 593316 583283 569845 549098 536585 524008 518787 525400 530580 536709 544508 547793 541465 549193 556078 563652 571163 581002 587270 587282 617574 595347 553361 531339 535329 1.98474e+007 1.22522e+007 1.26965e+007 1.33823e+007 1.41685e+007 1.49197e+007 1.55669e+007 1.60892e+007 1.64928e+007 1.67959e+007 1.70193e+007 1.71823e+007 1.73005e+007 1.73863e+007 1.74486e+007 1.7494e+007 1.75273e+007 1.75519e+007 1.75702e+007 1.75838e+007 1.7594e+007 1.76018e+007 1.76076e+007 1.76121e+007 1.76155e+007 1.76181e+007 1.762e+007 1.76216e+007 1.76227e+007 1.76236e+007 1.76243e+007 1.76249e+007 1.76253e+007 1.76256e+007 1.76259e+007 1.7626e+007 1.76262e+007 1.76263e+007 1.76264e+007 1.76265e+007 1.76265e+007 1.76266e+007 1.76266e+007 1.76266e+007 1.76266e+007 1.76267e+007 1.76267e+007 1.76267e+007 1.76267e+007 1.76267e+007 1.76267e+007 1.76267e+007 1.76267e+007 1.76267e+007 1.76267e+007 1.76267e+007 1.76267e+007 1.76267e+007 1.76267e+007 1.76267e+007 1.76267e+007 1.76267e+007 1.76267e+007 1.76267e+007 1.76267e+007 1.76267e+007 1.76267e+007 1.76267e+007 1.76267e+007 1.76267e+007 1.76267e+007 1.76267e+007 1.76267e+007 1.76267e+007 1.76267e+007 1.76267e+007 1.76267e+007 1.76267e+007 1.76267e+007 1.76267e+007 1.76267e+007 1.76267e+007 1.76267e+007 1.76267e+007 1.76267e+007 1.76267e+007 1.76267e+007 1.76267e+007 1.76267e+007 1.76267e+007 1.76267e+007 1.76267e+007 1.76267e+007 1.76267e+007 1.76267e+007 1.76267e+007 1.76267e+007 1.76267e+007 1.76267e+007 1.76267e+007 0 0 0 0 0 0 0 0 0 0 0 0 0 0 0 0 0 0 0 0 0 0 0 0 0
#obs survey bio
 4.14754e+006 3.73661e+006 4.02538e+006 3.25368e+006 2.37853e+006 2.61597e+006 3.03944e+006 3.05249e+006 1.64449e+006 1.60301e+006 1.4596e+006 1.41391e+006 786767 1.3502e+006 681490 1.03962e+006 931873 749589 863398 708551 703701 559465 679577 655440 462694 710234 557649 635390 477530 584225 609722 517592 564977 615047 640263 747540 722852 456821 581726 431844 530115 606538 681814 396222 747947 544303 598508 391444 487061 601730 409491 720690 946667 649712 645825 364447 674579
#pred catch bio
 99710 95466.3 156682 195634 262163 284990 283286 282829 289367 277698 290618 272095 258757 242911 226870 201481 173922 181704 153260 137140 137634 130145 119745 111959 119932 111402 97636.4 103567 95382.4 103167 98179.7 95137.5 97652 96822.7 98566.8 89427.2 92129.7 90877.6 85077.3 88615.8 88450.5 86640.1 89710.4 97123.6 85043.9 86326.4 87029.8 88964.7 88787.6 93203.4 99031.2 73974.5 117370 131765 115296 96992.1 77904.5 78456.9 97962.6 100443 104723 110252 115655 120239 123825 126481 128372 129680 130563 131150 131534 131783 131943 132045 132110 132151 132177 132193 132203 132209 132213 132216 132217 132218 132219 132219 132219 132219 132219 132220 132220 132220 132220 132220 132220 132220 132220 132220 132220 132220 132220 132220 132220 132220 132220 132220 132220 132220 132220 132220 132220 132220 132220 132220 132220 132220 132220 132220 132220 132220 132220 132220 132220 132220 132220 132220 132220 132220 132220 132220 132220 132220 132220 132220 132220 132220 132220 132220 132220 132220 132220 132220 132220 132220 132220 132220 132220 132220 132220 132220 132220 132220 132220 132220 132220 132220 132220 0 0 0 0 0 0 0 0 0 0 0 0 0 0 0 0 0 0 0 0 0 0 0 0 0
#obs catch bio
 0 95123.7 157322 196236 264404 288030 285762 285451 293484 281768 296218 276970 266406 249040 232202 205673 176005 185003 155132 138289 138880 131059 120075 112210 121134 111782 97892 103917 95855.5 103760 98509 95238.6 97906.9 97119.8 98783.9 89056.4 91404.1 90497.5 84974 88831.8 88517.7 86536 89057 96867.6 84655.1 85886 86417.2 88945.9 88719.9 93018.8 99728.5 73386.6 116735 130535 114402 96911.2 77744.9
#pred cpue bio
 4.7155e+006 4.40644e+006 4.12343e+006 3.80302e+006 3.47502e+006 3.11218e+006 2.76271e+006 2.45074e+006 2.17163e+006 1.91456e+006 1.69543e+006 1.4822e+006 1.3049e+006 1.15366e+006 1.02614e+006 918439 839073 789490 727366 692550 671969 646529 625104 611975 605619 587950 577162 580327 575455 578878 571700 567501 564108 554895 542683 523346 510828 496807 490066 495959 501148 507444 515480 518922 512725 520208 526849 533838 540689 550013 555974 556010 585832 564623 523300 500636 503336 1.86926e+007 1.1564e+007 1.19433e+007 1.25416e+007 1.32975e+007 1.40421e+007 1.46882e+007 1.52103e+007 1.56139e+007 1.59169e+007 1.61404e+007 1.63033e+007 1.64216e+007 1.65073e+007 1.65696e+007 1.66151e+007 1.66484e+007 1.6673e+007 1.66912e+007 1.67049e+007 1.67151e+007 1.67228e+007 1.67287e+007 1.67331e+007 1.67365e+007 1.67391e+007 1.67411e+007 1.67426e+007 1.67438e+007 1.67447e+007 1.67454e+007 1.67459e+007 1.67463e+007 1.67467e+007 1.67469e+007 1.67471e+007 1.67473e+007 1.67474e+007 1.67475e+007 1.67475e+007 1.67476e+007 1.67476e+007 1.67477e+007 1.67477e+007 1.67477e+007 1.67477e+007 1.67477e+007 1.67477e+007 1.67477e+007 1.67477e+007 1.67477e+007 1.67478e+007 1.67478e+007 1.67478e+007 1.67478e+007 1.67478e+007 1.67478e+007 1.67478e+007 1.67478e+007 1.67478e+007 1.67478e+007 1.67478e+007 1.67478e+007 1.67478e+007 1.67478e+007 1.67478e+007 1.67478e+007 1.67478e+007 1.67478e+007 1.67478e+007 1.67478e+007 1.67478e+007 1.67478e+007 1.67478e+007 1.67478e+007 1.67478e+007 1.67478e+007 1.67478e+007 1.67478e+007 1.67478e+007 1.67478e+007 1.67478e+007 1.67478e+007 1.67478e+007 1.67478e+007 1.67478e+007 1.67478e+007 1.67478e+007 1.67478e+007 1.67478e+007 1.67478e+007 1.67478e+007 1.67478e+007 1.67478e+007 1.67478e+007 1.67478e+007 1.67478e+007 1.67478e+007 1.67478e+007 1.67478e+007 0 0 0 0 0 0 0 0 0 0 0 0 0 0 0 0 0 0 0 0 0 0 0 0 0
#obs cpue bio
 5.03843e+006 4.48064e+006 2.70788e+006 3.42647e+006 3.56382e+006 2.66531e+006 3.05558e+006 1.82911e+006 1.85059e+006 1.81946e+006 1.54604e+006 1.36032e+006 816692 1.00425e+006 1.35426e+006 700113 887512 639294 599228 717262 631910 779467 720458 548514 529838 700684 527889 617524 490858 650498 582410 736270 542386 476764 550664 561426 598706 465388 331894 491024 557964 509054 712029 605545 389997 641037 617763 465595 643728 612474 481367 817735 556330 650274 441154 508924 373320
#pred surv len freq
 0.00449932 0.00731025 0.011017 0.0156189 0.0210358 0.0270349 0.0331939 0.0389922 0.0439945 0.0479872 0.0509783 0.0531095 0.0545669 0.0555253 0.0561133 0.0563969 0.0563822 0.0560256 0.0552207 0.0537535 0.0512712 0.0473511 0.0417158 0.0345052 0.0264005
 0.00485606 0.00780366 0.0116037 0.0162156 0.0215566 0.0274419 0.0335259 0.0393415 0.0444414 0.048531 0.0515148 0.0534715 0.0546044 0.0551787 0.0554441 0.0555639 0.055579 0.0554048 0.0548366 0.0535492 0.0511184 0.047123 0.0413525 0.0340345 0.0259074
 0.00497571 0.00804751 0.0120554 0.0169665 0.0226633 0.0288739 0.0351369 0.0409035 0.045734 0.0494325 0.0520289 0.0536721 0.0545508 0.0548714 0.0548504 0.0546815 0.0544785 0.0542176 0.0536969 0.0525341 0.0502272 0.0463069 0.0405693 0.0332865 0.0252386
 0.00514997 0.00831471 0.012433 0.0174739 0.023335 0.0297666 0.0363164 0.0424025 0.0474981 0.0512945 0.0537416 0.0549937 0.055328 0.0550667 0.0545089 0.0538806 0.0533052 0.0527741 0.0521052 0.0509173 0.04868 0.0448834 0.0392971 0.0321894 0.0243442
 0.00534301 0.00862787 0.0129021 0.01813 0.0241968 0.0308329 0.0375631 0.0437901 0.0489868 0.0528474 0.0553059 0.0564702 0.0565627 0.0558841 0.0547699 0.0535275 0.0523689 0.051353 0.0503378 0.048959 0.0466836 0.042982 0.0375947 0.030758 0.0232226
 0.00557191 0.00899912 0.0134598 0.0189159 0.0252441 0.0321548 0.0391386 0.0455563 0.0508449 0.0546828 0.0570112 0.0579581 0.0577598 0.0567135 0.0551407 0.0533475 0.0515784 0.0499578 0.0484226 0.0466769 0.0442293 0.04056 0.0353878 0.0289016 0.0217866
 0.00586712 0.00946417 0.0141329 0.0198255 0.0264072 0.0335738 0.0407939 0.0473985 0.0527931 0.056631 0.0588407 0.0595525 0.0590188 0.0575589 0.055512 0.0531914 0.0508475 0.0486273 0.0465197 0.0443051 0.04157 0.0378463 0.032858 0.0267477 0.0201167
 0.0061988 0.00998928 0.0148969 0.0208612 0.0277297 0.0351726 0.0426245 0.0493801 0.0548195 0.0585896 0.0606275 0.0610776 0.0602048 0.0583387 0.0558279 0.0529948 0.0500987 0.0473023 0.0446288 0.04192 0.0388434 0.0350041 0.0301579 0.0244167 0.0182946
 0.00651778 0.0105024 0.015659 0.0219195 0.0291155 0.036887 0.0446233 0.0515677 0.0570604 0.0607331 0.0625347 0.0626384 0.0613434 0.0590094 0.0560042 0.0526579 0.0492308 0.0458906 0.0426823 0.0394968 0.0360754 0.0321009 0.0273743 0.021991 0.0163841
 0.00681457 0.0109838 0.0163818 0.0229375 0.0304701 0.0385933 0.0466519 0.0538351 0.0594339 0.0630505 0.0646288 0.064361 0.0625826 0.0596984 0.0561184 0.0522016 0.0482212 0.0443484 0.0406385 0.037015 0.0332788 0.029183 0.0245764 0.0195454 0.01445
 0.00707438 0.0114029 0.0170076 0.023814 0.0316333 0.0400612 0.0484112 0.0558314 0.0615717 0.0652028 0.0666517 0.0661089 0.0639254 0.0605357 0.0563896 0.0518856 0.0473285 0.0429108 0.0387064 0.0346672 0.0306405 0.0264361 0.0219426 0.0172394 0.0126212
 0.00744682 0.0119881 0.0178508 0.0249451 0.0330633 0.0417772 0.0503679 0.0579461 0.0637302 0.0672746 0.0685072 0.0676322 0.0650208 0.0611323 0.0564433 0.0513799 0.0462726 0.0413377 0.0366732 0.0322618 0.0279932 0.0237234 0.0193711 0.0150047 0.0108566
 0.00761522 0.0122919 0.0183628 0.0257497 0.0342349 0.0433472 0.0522958 0.0601137 0.0659669 0.0693991 0.0703634 0.0691054 0.0660377 0.0616528 0.0564511 0.0508765 0.0452733 0.0398732 0.0347951 0.0300523 0.0255742 0.021258 0.0170458 0.0129921 0.00927201
 0.00778318 0.0125581 0.0187538 0.0262933 0.0349647 0.0443036 0.0535161 0.0616112 0.0677042 0.0712721 0.0722092 0.0707372 0.0672905 0.0624176 0.0566836 0.0505829 0.0444891 0.0386481 0.033191 0.0281509 0.0234881 0.0191324 0.0150438 0.0112626 0.00791276
 0.00800521 0.0129056 0.0192516 0.026955 0.0357912 0.0452812 0.0546163 0.062794 0.0689265 0.072494 0.0733902 0.071823 0.0682031 0.0630625 0.0569719 0.0504559 0.0439307 0.0376824 0.0318732 0.0265619 0.0217341 0.0173435 0.0133609 0.00981153 0.00677468
 0.00813665 0.0131326 0.019617 0.027505 0.0365624 0.0462818 0.0558093 0.0640955 0.0702244 0.0736786 0.0743807 0.0725776 0.0687111 0.063325 0.0569844 0.0502024 0.0433918 0.0368511 0.0307684 0.0252354 0.0202706 0.0158526 0.011962 0.00860911 0.00583458
 0.00825183 0.0133067 0.0198562 0.0278114 0.0369402 0.0467433 0.056375 0.0647827 0.0710288 0.0745598 0.0752632 0.0733694 0.0693312 0.0637229 0.0571423 0.0501223 0.0430809 0.0363154 0.0300193 0.0243024 0.0192101 0.0147476 0.0109084 0.00769407 0.00511456
 0.00816916 0.0131962 0.0197337 0.0277056 0.036884 0.046762 0.0564785 0.0649694 0.0712965 0.0749143 0.0757134 0.0739113 0.0699326 0.064323 0.0576667 0.0505034 0.043272 0.0362935 0.029783 0.023871 0.018626 0.0140755 0.0102264 0.00707709 0.00461562
 0.00826344 0.0133351 0.0199173 0.0279275 0.0371373 0.0470456 0.0567985 0.0653317 0.0716953 0.0753244 0.0760956 0.0742279 0.070162 0.0644619 0.0577202 0.0504724 0.0431479 0.0360634 0.0294386 0.0234177 0.0180874 0.0134938 0.00965558 0.00656992 0.00420961
 0.00831725 0.0134068 0.0199957 0.027992 0.0371625 0.0470114 0.0566999 0.0651851 0.0715382 0.0752073 0.0760669 0.0743163 0.0703656 0.0647498 0.0580445 0.0507828 0.0434008 0.0362246 0.0294856 0.0233425 0.0179008 0.0132256 0.00934933 0.00627203 0.00395686
 0.00827008 0.0133386 0.019908 0.0278896 0.0370494 0.0468856 0.0565526 0.0650054 0.0713244 0.0749775 0.0758612 0.0741881 0.0703624 0.0648942 0.0583246 0.051155 0.0438037 0.0365958 0.0297749 0.0235199 0.0179595 0.0131815 0.0092349 0.0061269 0.00381626
 0.00829994 0.0133793 0.0199551 0.0279349 0.0370844 0.0469053 0.0565573 0.0649979 0.0713038 0.0749363 0.0757892 0.0740828 0.0702389 0.0647845 0.0582655 0.0511709 0.0438941 0.0367348 0.0299219 0.0236348 0.0180162 0.0131736 0.00917508 0.00603881 0.00372477
 0.00841613 0.0135446 0.02016 0.0281547 0.037285 0.0470539 0.0566314 0.0649903 0.0712224 0.0747994 0.0756196 0.0739011 0.0700602 0.0646203 0.0581279 0.051074 0.0438493 0.0367429 0.0299688 0.0236952 0.0180634 0.0131901 0.00915789 0.00599741 0.00367425
 0.00849516 0.0136661 0.0203286 0.0283669 0.0375267 0.0472985 0.0568409 0.0651222 0.0712431 0.0746987 0.0754166 0.0736376 0.0697845 0.064372 0.0579301 0.0509352 0.0437685 0.0367141 0.029981 0.0237322 0.018106 0.0132217 0.00916951 0.00598972 0.00365462
 0.00834854 0.0134634 0.0200894 0.0281315 0.0373444 0.0472086 0.0568568 0.0652273 0.0713983 0.0748577 0.0755406 0.0737061 0.0697993 0.0643527 0.0579044 0.050927 0.0437912 0.0367692 0.0300612 0.0238247 0.0181962 0.0132967 0.00922172 0.00601834 0.00366466
 0.00837924 0.0134948 0.0201046 0.0281086 0.0372688 0.0470888 0.056732 0.0651561 0.0714316 0.0750087 0.0757743 0.0739538 0.0699905 0.0644436 0.0578899 0.050834 0.0436609 0.03664 0.0299578 0.0237559 0.0181583 0.0132797 0.0092148 0.0060139 0.0036594
 0.00845751 0.0136044 0.0202357 0.0282379 0.037363 0.0471118 0.0566566 0.0649763 0.071172 0.0747249 0.0755371 0.0738214 0.0699826 0.0645352 0.0580278 0.0509655 0.0437554 0.0366932 0.0299828 0.0237694 0.0181712 0.013295 0.00923026 0.0060263 0.00366706
 0.00843787 0.0135715 0.0201836 0.0281594 0.0372485 0.0469507 0.056439 0.0646977 0.0708396 0.0743637 0.0751924 0.0735523 0.0698461 0.0645648 0.0582189 0.0512756 0.0441216 0.0370556 0.0303014 0.0240277 0.0183697 0.0134416 0.00933428 0.00609606 0.0037104
 0.00839363 0.0135157 0.0201292 0.028127 0.0372594 0.0470154 0.0565485 0.0648223 0.070937 0.0743935 0.0751303 0.0734003 0.0696341 0.0643434 0.0580424 0.0511829 0.0441229 0.0371329 0.0304208 0.0241558 0.0184837 0.0135317 0.00939944 0.00613992 0.0037378
 0.00821562 0.013245 0.0197579 0.0276635 0.0367304 0.0464651 0.0560354 0.0644107 0.0706807 0.0743176 0.075222 0.0736161 0.0699192 0.0646531 0.0583538 0.0514938 0.0444404 0.0374597 0.0307477 0.0244637 0.0187522 0.0137468 0.00955793 0.00624726 0.00380463
 0.0081721 0.0131688 0.0196338 0.0274754 0.036467 0.0461283 0.0556472 0.064014 0.0703307 0.0740666 0.0751046 0.0736395 0.0700631 0.0648782 0.0586173 0.0517626 0.0446984 0.0377044 0.0309812 0.0246842 0.0189519 0.013916 0.0096895 0.00634054 0.0038647
 0.00814699 0.0131231 0.0195556 0.0273495 0.0362772 0.0458621 0.0553023 0.0636037 0.0698874 0.07364 0.0747533 0.0734176 0.0700046 0.0649866 0.0588652 0.0521031 0.0450806 0.0380871 0.0313379 0.025001 0.0192219 0.0141353 0.00985702 0.00645923 0.0039418
 0.00800975 0.0129243 0.0193008 0.0270582 0.0359749 0.045569 0.0550258 0.0633392 0.069627 0.0733836 0.0745158 0.073229 0.0699026 0.0650037 0.0590164 0.0523788 0.0454485 0.0385023 0.0317557 0.0253865 0.0195531 0.0144021 0.0100585 0.0066008 0.00403361
 0.00776973 0.0125691 0.0188325 0.026504 0.035383 0.0449984 0.0545354 0.0629774 0.0694211 0.0733318 0.0745889 0.0733837 0.0701016 0.0652301 0.0592739 0.05268 0.0458 0.038895 0.0321656 0.0257824 0.0199065 0.0146939 0.0102816 0.00675844 0.00413606
 0.00770184 0.012436 0.0185922 0.0261093 0.0347995 0.0442308 0.0536465 0.0620834 0.0686596 0.0728169 0.0743766 0.0734638 0.0704138 0.0656932 0.0598136 0.0532451 0.0463634 0.0394443 0.0326906 0.0262682 0.0203347 0.0150483 0.0105542 0.00695197 0.00426214
 0.0084076 0.0134309 0.0198052 0.0273733 0.0358918 0.0449429 0.0538467 0.0617466 0.0678619 0.0717095 0.0731488 0.0722991 0.0694484 0.0649919 0.0593726 0.053017 0.0462885 0.0394717 0.032784 0.0264017 0.0204864 0.0151982 0.0106857 0.00705502 0.00433446
 0.00918323 0.0146333 0.0214966 0.0295487 0.0384533 0.0476781 0.0564267 0.0637737 0.0689767 0.0717163 0.072088 0.0704245 0.0671266 0.0625839 0.0571491 0.0511286 0.0447799 0.0383194 0.0319344 0.0257965 0.020073 0.0149308 0.0105243 0.00696535 0.00428911
 0.00928717 0.014894 0.0220566 0.0305913 0.0401487 0.0500983 0.0594667 0.0671263 0.0721831 0.0742759 0.0735874 0.0706438 0.0660926 0.0605493 0.0545054 0.0482877 0.0420754 0.0359592 0.0300061 0.0243024 0.0189686 0.0141527 0.0100045 0.00663884 0.00409799
 0.00905345 0.0145616 0.021652 0.0301891 0.0398773 0.050132 0.0599976 0.0683086 0.0740535 0.0766857 0.0761934 0.0729856 0.0677323 0.0612107 0.0541497 0.0470983 0.0403707 0.0340801 0.0282267 0.0227896 0.017787 0.0132942 0.00942158 0.00626915 0.00387998
 0.00883157 0.0142036 0.0211214 0.0294628 0.0389627 0.0490892 0.0589598 0.0674793 0.0736705 0.0769512 0.0771941 0.0746345 0.0697636 0.0632432 0.0558033 0.0481146 0.0406828 0.0338022 0.0275798 0.0220076 0.0170487 0.012697 0.00899227 0.00598996 0.00371443
 0.0086749 0.0139608 0.0207774 0.0290091 0.0383961 0.0484127 0.0581898 0.0666601 0.0728887 0.0763397 0.0769127 0.074824 0.070484 0.0644259 0.0572468 0.0495402 0.0418282 0.0345099 0.0278353 0.0219141 0.0167618 0.0123597 0.00869684 0.0057741 0.00357725
 0.00853154 0.0137359 0.0204545 0.0285795 0.0378608 0.0477855 0.0574992 0.0659487 0.0722087 0.0757484 0.0764739 0.0746102 0.0705705 0.0648653 0.0580323 0.0505793 0.0429533 0.0355292 0.0286008 0.0223685 0.0169408 0.0123545 0.0086058 0.00566903 0.00349398
 0.00857347 0.0137702 0.0204439 0.0284692 0.0375939 0.0473271 0.0568565 0.0651754 0.0713909 0.0749805 0.0758387 0.0741709 0.0703718 0.0649369 0.0583853 0.0511928 0.0437599 0.0364159 0.0294348 0.0230398 0.0173962 0.0126056 0.00870719 0.00568577 0.00347718
 0.00859771 0.0138195 0.0205336 0.0286122 0.0377884 0.047542 0.057026 0.0652139 0.0712262 0.0745901 0.0752661 0.0735123 0.0697433 0.064442 0.0580954 0.0511404 0.0439368 0.0367732 0.0298905 0.0234989 0.0177796 0.012872 0.0088577 0.00575004 0.00349227
 0.00863604 0.0138868 0.0206444 0.0287845 0.0380402 0.0478841 0.0574518 0.0656882 0.0716808 0.0749322 0.0754029 0.0733852 0.0693559 0.063865 0.0574444 0.0505378 0.0434765 0.0364997 0.0297955 0.0235337 0.0178782 0.0129757 0.00893208 0.00578706 0.00350125
 0.00867522 0.0139257 0.0206584 0.0287386 0.0379028 0.0476467 0.0571434 0.0653729 0.0714362 0.0748175 0.0754333 0.0735253 0.0695361 0.0640135 0.0575189 0.0505415 0.0434497 0.0364946 0.0298483 0.0236498 0.0180343 0.013136 0.00906594 0.00588004 0.00355513
 0.00881583 0.0141331 0.0209294 0.0290521 0.03822 0.0479158 0.057309 0.0653901 0.0712891 0.0745328 0.075077 0.0731783 0.0692608 0.0638305 0.0574086 0.0504667 0.0433831 0.0364324 0.0298053 0.0236425 0.0180665 0.0131957 0.00913311 0.0059375 0.00359477
 0.00883227 0.0141769 0.0210259 0.029232 0.0385077 0.0483121 0.0577769 0.0658564 0.0716627 0.0747348 0.075068 0.0729712 0.0689137 0.0634229 0.0570126 0.0501261 0.0431104 0.0362212 0.0296463 0.0235308 0.0179996 0.0131676 0.00913226 0.00595002 0.00360947
 0.00877501 0.0140964 0.0209294 0.0291379 0.0384448 0.0483157 0.057881 0.066081 0.0720001 0.0751405 0.0754659 0.0732766 0.0690638 0.0634001 0.0568464 0.0498751 0.0428363 0.0359695 0.0294402 0.0233766 0.0178945 0.0131042 0.00910074 0.00593918 0.0036092
 0.00874445 0.0140417 0.0208386 0.0289993 0.0382528 0.0480795 0.0576303 0.0658653 0.071876 0.0751525 0.0756278 0.073562 0.0694116 0.0637345 0.0571032 0.0500226 0.0428798 0.0359403 0.0293768 0.0233103 0.0178427 0.0130723 0.0090864 0.00593675 0.00361266
 0.00861557 0.0138628 0.0206251 0.0287828 0.0380696 0.0479539 0.0575643 0.0658417 0.0718738 0.0751644 0.0756662 0.0736497 0.069564 0.0639445 0.0573392 0.0502407 0.0430431 0.0360328 0.029406 0.0232982 0.0178137 0.013044 0.00906706 0.00592714 0.00360992
 0.0085191 0.0137132 0.0204153 0.0285154 0.0377613 0.0476384 0.0572905 0.0656619 0.0718249 0.0752503 0.0758559 0.0738943 0.0698203 0.0641888 0.0575644 0.050444 0.0432169 0.0361658 0.0294911 0.0233384 0.0178212 0.0130346 0.00905351 0.00591649 0.00360396
 0.00830763 0.0133621 0.0198748 0.0277393 0.0367228 0.0463531 0.0558378 0.064188 0.0705187 0.0742977 0.0753918 0.0739693 0.0703938 0.0651484 0.0587618 0.0517322 0.0444746 0.037307 0.0304639 0.0241205 0.0184151 0.0134608 0.00934245 0.0061013 0.00371505
 0.00869779 0.0139468 0.02066 0.02869 0.0377639 0.0473758 0.0567104 0.0647749 0.070712 0.0740541 0.0747545 0.0730595 0.0693734 0.0641712 0.0579359 0.0511047 0.0440403 0.0370284 0.0302937 0.0240166 0.0183475 0.0134123 0.00930575 0.00607412 0.0036965
 0.00930574 0.0148925 0.0220003 0.0304409 0.0398874 0.0497667 0.059184 0.0670744 0.0725489 0.0751745 0.075004 0.0724209 0.0679665 0.0622192 0.0557094 0.0488609 0.0419751 0.0352568 0.0288557 0.0229002 0.0175136 0.0128128 0.00889311 0.00580479 0.00353172
 0.00953451 0.0152816 0.0226169 0.0313556 0.0411555 0.0513988 0.061117 0.0691607 0.0745742 0.0768976 0.0762027 0.0729342 0.0677259 0.061265 0.0541839 0.0469775 0.0399693 0.0333363 0.0271665 0.0215166 0.0164484 0.0120382 0.00836055 0.00545987 0.00332269
 0.0091341 0.0147162 0.0219272 0.0306411 0.0405569 0.0510641 0.0611665 0.0696621 0.0755258 0.0782184 0.0777355 0.0744678 0.0690382 0.0621729 0.0545857 0.0468723 0.0394487 0.0325514 0.0262826 0.0206721 0.0157321 0.0114865 0.00797005 0.00520426 0.00316781
#obs surv len freq
 nan nan nan nan nan nan nan nan nan nan nan nan nan nan nan nan nan nan nan nan nan nan nan nan nan
 0.00448381 0.00734483 0.0111746 0.0159909 0.0216919 0.0279678 0.0342823 0.040014 0.0446937 0.0481576 0.0505154 0.052011 0.0529031 0.0534153 0.0537294 0.0539842 0.0542627 0.0545554 0.0546941 0.054286 0.052724 0.0493562 0.043806 0.036286 0.0276697
 0.00461993 0.00756686 0.0115098 0.0164641 0.0223194 0.0287484 0.0351876 0.0409859 0.0456526 0.0490173 0.0511999 0.0524656 0.0530995 0.0533526 0.0534294 0.0534839 0.0536054 0.0537838 0.0538473 0.0534008 0.0518395 0.0485153 0.0430536 0.0356602 0.0271914
 0.00477489 0.00782295 0.0119029 0.0170302 0.0230869 0.0297266 0.0363544 0.0422825 0.0469903 0.0502925 0.0523102 0.053322 0.0536354 0.0535298 0.0532407 0.0529514 0.0527742 0.0527129 0.0526027 0.0520526 0.0504626 0.0471901 0.0418598 0.0346635 0.0264283
 0.00496633 0.00813499 0.0123743 0.0176981 0.0239807 0.0308575 0.0377033 0.0437947 0.0485798 0.0518553 0.0537374 0.0545106 0.0544957 0.053992 0.0532618 0.0525194 0.0519096 0.0514664 0.0510505 0.0502926 0.0486104 0.0453732 0.0402042 0.0332722 0.0253589
 0.00517676 0.00847908 0.0128959 0.0184393 0.0249742 0.0321136 0.0391977 0.0454639 0.0503303 0.0535806 0.0553331 0.055881 0.0555548 0.0546636 0.053483 0.0522469 0.0511277 0.0501949 0.0493501 0.0482669 0.0464027 0.0431549 0.0381503 0.0315285 0.0240106
 0.00541004 0.00886007 0.0134726 0.0192576 0.0260694 0.0334969 0.0408418 0.0472978 0.0522491 0.0554655 0.05707 0.0573714 0.0567169 0.0554296 0.0537952 0.0520569 0.0504017 0.0489248 0.0475696 0.0460654 0.0439307 0.0406127 0.035756 0.0294714 0.0224068
 0.00563956 0.00923884 0.0140531 0.0200924 0.0272007 0.0349405 0.0425704 0.0492356 0.0542828 0.0574663 0.0589152 0.0589556 0.0579555 0.0562565 0.054158 0.0519125 0.0497152 0.0476773 0.0457753 0.0437941 0.0413245 0.0378809 0.0331426 0.0271983 0.0206185
 0.00589831 0.00965791 0.0146812 0.0209748 0.0283717 0.0364113 0.0443159 0.0511871 0.0563352 0.0594958 0.0607975 0.0605792 0.0592287 0.0571087 0.0545371 0.0517794 0.0490395 0.0464403 0.0439842 0.0415061 0.0386691 0.0350639 0.0304162 0.0248029 0.0187181
 0.00613616 0.0100528 0.0152903 0.0218554 0.0295691 0.0379389 0.0461373 0.0532124 0.0584374 0.0615384 0.0626578 0.0621583 0.0604499 0.0579128 0.0548781 0.051621 0.0483535 0.045209 0.0422129 0.0392446 0.036036 0.0322546 0.0276788 0.0223808 0.0167838
 0.00635571 0.0104144 0.0158438 0.0226513 0.0306501 0.0393256 0.0478116 0.0551091 0.0604498 0.0635363 0.0645085 0.0637441 0.0616784 0.0587198 0.0552229 0.0514778 0.0477038 0.0440417 0.0405342 0.0370999 0.0335332 0.0295745 0.025055 0.0200473 0.0149108
 0.00659748 0.0108062 0.016431 0.0234757 0.031742 0.0406924 0.0494251 0.0569011 0.062321 0.0653735 0.0662013 0.0651935 0.0628015 0.0594518 0.0555181 0.0513078 0.0470535 0.042907 0.0389276 0.0350668 0.0311736 0.0270535 0.0225871 0.0178492 0.0131421
 0.00683503 0.0111966 0.0170261 0.0243248 0.0328807 0.0421253 0.0511098 0.0587451 0.0641986 0.0671534 0.0677706 0.0664687 0.0637264 0.0599904 0.0556476 0.0510135 0.0463272 0.0417482 0.0373513 0.033118 0.0289449 0.0246947 0.0202907 0.0158096 0.0115027
 0.0070468 0.0115463 0.0175624 0.0250962 0.0339257 0.0434564 0.0526969 0.0605092 0.0660211 0.0688992 0.0693119 0.067703 0.0645851 0.0604387 0.0556774 0.0506327 0.0455489 0.0405881 0.0358329 0.0312869 0.0268859 0.0225404 0.0182094 0.0139702 0.0100284
 0.00726384 0.0118995 0.0180943 0.0258468 0.0349242 0.0447091 0.0541742 0.0621402 0.0677022 0.0705118 0.0707409 0.0688503 0.0653774 0.0608316 0.0556557 0.0502051 0.0447399 0.0394299 0.0343647 0.0295627 0.0249877 0.0205859 0.0163431 0.0123343 0.00872457
 0.00743048 0.0121767 0.018523 0.0264682 0.0357709 0.0457908 0.0554642 0.0635714 0.0691785 0.0719273 0.071998 0.0698683 0.0660953 0.0612083 0.0556692 0.0498526 0.0440359 0.0384034 0.033058 0.0280343 0.0233186 0.018883 0.0147308 0.0109309 0.00761211
 0.00749439 0.0122852 0.0186958 0.0267289 0.0361449 0.0463009 0.056123 0.0643754 0.0701027 0.0729253 0.0730051 0.0708094 0.0668945 0.0617981 0.0559975 0.0498854 0.0437587 0.0378217 0.0321983 0.0269457 0.022075 0.0175812 0.0134804 0.0098338 0.00673858
 0.00757448 0.0124038 0.0188535 0.0269205 0.0363638 0.0465453 0.0564001 0.0647004 0.0704938 0.0733948 0.0735511 0.0714101 0.0675067 0.0623627 0.0564478 0.0501589 0.043807 0.0376175 0.0317402 0.0262615 0.0212218 0.0166416 0.0125503 0.00900278 0.00606967
 0.00765379 0.0125281 0.019031 0.027154 0.0366481 0.0468649 0.0567299 0.065011 0.0707624 0.0736167 0.0737425 0.0715995 0.0677185 0.0626011 0.0566904 0.0503604 0.0439112 0.0375728 0.0315138 0.0258496 0.0206543 0.0159782 0.0118685 0.00837916 0.00556022
 0.00771425 0.0126228 0.0191667 0.0273342 0.0368723 0.047127 0.0570165 0.0653011 0.0710302 0.0738377 0.0739027 0.0717001 0.0677764 0.062641 0.056732 0.0504059 0.04394 0.0375476 0.0313944 0.0256101 0.0202958 0.0155322 0.0113893 0.00792697 0.00518279
 0.00777507 0.0127149 0.0192927 0.0274922 0.0370564 0.047329 0.0572268 0.0655087 0.0712233 0.0740046 0.0740331 0.0717872 0.067819 0.0626453 0.0567102 0.0503708 0.0438966 0.0374871 0.031296 0.0254506 0.0200634 0.0152367 0.0110615 0.00760838 0.00491047
 0.00780153 0.0127578 0.019357 0.0275816 0.0371721 0.0474675 0.0573789 0.065661 0.0713618 0.0741194 0.0741204 0.071848 0.0678562 0.0626614 0.0567073 0.0503514 0.043863 0.0374383 0.0312248 0.0253456 0.0199156 0.0150474 0.0108464 0.00739349 0.00472197
 0.00783897 0.0128112 0.0194237 0.0276548 0.0372438 0.0475319 0.0574352 0.0657123 0.0714123 0.074171 0.0741715 0.0718946 0.0678945 0.062689 0.0567233 0.0503554 0.0438545 0.0374154 0.0311838 0.0252809 0.0198226 0.0149267 0.0107069 0.00725118 0.00459442
 0.00787119 0.0128616 0.0194954 0.0277483 0.0373553 0.0476528 0.0575514 0.0658079 0.0714744 0.0741954 0.0741637 0.071867 0.0678596 0.0626547 0.0566923 0.0503263 0.0438243 0.0373804 0.03114 0.0252243 0.01975 0.0148385 0.0106082 0.00715175 0.00450538
 0.00787501 0.0128668 0.0195015 0.0277546 0.0373614 0.0476592 0.0575597 0.0658195 0.0714896 0.0742123 0.0741792 0.0718792 0.0678691 0.0626648 0.0567062 0.0503452 0.0438458 0.0373997 0.0311511 0.0252218 0.0197304 0.0148017 0.0105582 0.00709577 0.00445199
 0.00787506 0.0128631 0.019489 0.0277267 0.037312 0.0475861 0.0574674 0.0657194 0.0713973 0.0741429 0.0741432 0.0718799 0.0679034 0.062725 0.0567836 0.0504316 0.0439341 0.0374833 0.0312237 0.0252774 0.0197651 0.0148145 0.0105519 0.0070767 0.0044276
 0.00787896 0.0128641 0.0194807 0.0276997 0.0372562 0.0474943 0.0573395 0.0655639 0.0712305 0.0739863 0.0740187 0.0718053 0.0678884 0.0627691 0.0568771 0.0505591 0.0440785 0.0376292 0.0313584 0.0253917 0.0198531 0.0148742 0.0105856 0.00708985 0.00442759
 0.00786877 0.0128482 0.0194575 0.0276674 0.0372123 0.0474353 0.0572608 0.0654624 0.0711071 0.0738486 0.0738814 0.0716878 0.0678101 0.0627441 0.0569102 0.0506449 0.0442035 0.0377755 0.0315078 0.0255289 0.0199674 0.0149602 0.0106432 0.00712326 0.00444338
 0.00786458 0.0128372 0.0194334 0.0276225 0.0371395 0.0473322 0.0571322 0.0653196 0.0709644 0.0737182 0.0737715 0.0716038 0.0677568 0.0627275 0.056936 0.0507155 0.0443151 0.0379173 0.0316641 0.0256826 0.020104 0.0150702 0.0107232 0.00717531 0.00447334
 0.00784965 0.0128128 0.0193962 0.0275689 0.037066 0.0472357 0.0570122 0.0651794 0.0708127 0.0735683 0.0736397 0.0715044 0.0676997 0.0627166 0.0569704 0.0507917 0.0444277 0.0380583 0.031822 0.0258432 0.0202528 0.0151958 0.0108194 0.00724186 0.00451466
 0.00785525 0.0128167 0.0193927 0.0275494 0.0370216 0.0471609 0.0569074 0.0650515 0.0706727 0.0734284 0.0735111 0.0713974 0.0676232 0.0626779 0.0569736 0.0508369 0.044511 0.0381723 0.0319566 0.0259861 0.0203909 0.0153173 0.0109165 0.00731209 0.00456037
 0.00782419 0.0127709 0.0193322 0.0274767 0.0369398 0.0470717 0.0568101 0.0649448 0.0705574 0.07331 0.0733999 0.0713059 0.0675627 0.0626558 0.0569929 0.0508965 0.0446065 0.0382966 0.0321 0.026137 0.0205368 0.015447 0.011022 0.00739012 0.0046126
 0.00778328 0.0127042 0.019232 0.027337 0.0367593 0.046857 0.0565778 0.0647192 0.0703639 0.0731673 0.0733153 0.0712774 0.0675836 0.0627193 0.0570937 0.0510299 0.0447668 0.0384765 0.03229 0.0263263 0.0207139 0.0156015 0.0111468 0.00748267 0.00467509
 0.00775132 0.0126468 0.0191357 0.0271866 0.0365423 0.0465702 0.0562337 0.0643475 0.0700063 0.0728674 0.0731083 0.0711826 0.0676022 0.0628376 0.0572891 0.0512777 0.045045 0.0387666 0.0325771 0.026597 0.0209566 0.0158068 0.0113091 0.00760153 0.00475493
 0.00773018 0.012612 0.0190821 0.0271082 0.0364318 0.0464202 0.0560388 0.0641078 0.0697312 0.0725783 0.0728368 0.0709645 0.0674689 0.0628069 0.0573619 0.0514395 0.0452717 0.0390314 0.032855 0.026867 0.0212022 0.0160162 0.0114756 0.00772409 0.00483776
 0.00932022 0.0148394 0.0217739 0.0298827 0.0388097 0.0480013 0.0566418 0.0637955 0.068729 0.0711565 0.071226 0.069328 0.0659123 0.0613973 0.0561401 0.0504249 0.0444642 0.0384153 0.0324043 0.026552 0.0209932 0.0158862 0.011401 0.00768533 0.00482011
 0.00928883 0.0150826 0.0226589 0.0318661 0.0422394 0.0528483 0.0623296 0.0692947 0.0729229 0.073281 0.0711213 0.0673803 0.0627849 0.0577467 0.0524549 0.0469988 0.041442 0.03585 0.0302984 0.0248802 0.0197143 0.0149493 0.010749 0.00725833 0.00455932
 0.00895112 0.0145499 0.0219094 0.0309473 0.0413223 0.0522646 0.0625327 0.0706985 0.0756555 0.0770003 0.0750561 0.0706236 0.0646715 0.058084 0.0514945 0.0452257 0.0393457 0.0337903 0.0284799 0.0233869 0.0185567 0.0140986 0.0101579 0.00687241 0.00432448
 0.00878184 0.0142671 0.02147 0.0303091 0.0404603 0.0512005 0.0613755 0.0696727 0.0750854 0.0772215 0.0762641 0.0727284 0.0672623 0.0605618 0.0533149 0.0461084 0.0393318 0.0331445 0.0275305 0.0224022 0.0176979 0.0134307 0.00968288 0.00656048 0.00413514
 0.00873298 0.0141777 0.0213163 0.0300607 0.0400844 0.0506717 0.0606887 0.0688594 0.0742296 0.0764712 0.0758205 0.0727965 0.0679613 0.0618353 0.054908 0.0476497 0.0404848 0.033739 0.027597 0.0221084 0.0172454 0.0129771 0.00931363 0.00629981 0.00397106
 0.00869374 0.014116 0.0212267 0.0299374 0.0399196 0.050454 0.0604037 0.0684939 0.0737805 0.0759584 0.075301 0.0723707 0.0677592 0.0619746 0.0554333 0.048486 0.0414459 0.034598 0.0281824 0.0223659 0.0172331 0.0128099 0.00910223 0.00611463 0.00383913
 0.00868072 0.0140913 0.0211831 0.0298664 0.0398136 0.0503094 0.0602227 0.0682828 0.0735454 0.0757022 0.0750264 0.072091 0.0675105 0.0618199 0.0554459 0.0487149 0.0418781 0.0351479 0.0287208 0.0227769 0.0174612 0.0128708 0.0090558 0.00602682 0.00375544
 0.00867222 0.0140778 0.021163 0.0298378 0.0397736 0.050254 0.0601472 0.0681832 0.0734208 0.0755547 0.0748617 0.0719166 0.0673378 0.0616684 0.0553474 0.0487081 0.0419924 0.0353813 0.0290298 0.0230898 0.01771 0.0130201 0.0091108 0.00601943 0.00372187
 0.0086788 0.0140884 0.0211785 0.0298588 0.0397996 0.0502827 0.0601737 0.0682002 0.0734189 0.0755252 0.0747985 0.0718186 0.0672105 0.0615242 0.0552059 0.0485956 0.0419365 0.0354009 0.0291238 0.0232327 0.0178608 0.0131408 0.00918257 0.00604533 0.0037185
 0.00866493 0.0140681 0.0211525 0.0298291 0.0397696 0.0502561 0.0601538 0.0681888 0.0734158 0.0755275 0.0748005 0.0718131 0.0671907 0.061487 0.0551545 0.0485403 0.0418938 0.0353883 0.0291523 0.0233 0.0179506 0.0132299 0.00925143 0.00608616 0.00373499
 0.00863915 0.0140292 0.0210994 0.0297634 0.0396951 0.0501787 0.0600812 0.0681292 0.0733768 0.0755134 0.0748109 0.0718426 0.0672304 0.061527 0.0551868 0.0485619 0.0419082 0.0354042 0.0291797 0.0233445 0.0180099 0.013294 0.00930822 0.00612729 0.00375886
 0.00864046 0.0140275 0.0210902 0.0297403 0.0396525 0.0501147 0.0599999 0.068041 0.0732952 0.0754509 0.0747756 0.0718366 0.0672502 0.0615651 0.0552339 0.0486095 0.0419511 0.0354418 0.0292154 0.0233828 0.0180528 0.0133393 0.0093505 0.00616105 0.00378156
 0.00864096 0.0140273 0.0210877 0.029733 0.0396368 0.0500865 0.0599554 0.067979 0.0732185 0.0753675 0.0746977 0.0717772 0.0672191 0.0615657 0.0552627 0.0486581 0.0420094 0.0355016 0.0292721 0.0234352 0.0181012 0.0133835 0.00938898 0.0061917 0.00380321
 0.00861843 0.0139949 0.0210469 0.0296876 0.0395917 0.0500456 0.0599202 0.067948 0.0731885 0.0753358 0.0746637 0.0717442 0.0671933 0.0615545 0.0552716 0.0486884 0.0420575 0.0355607 0.0293347 0.0234954 0.0181556 0.0134303 0.00942731 0.0062211 0.00382388
 0.00860675 0.0139754 0.0210167 0.0296446 0.0395355 0.0499792 0.0598508 0.0678853 0.0731418 0.0753097 0.0746567 0.0717503 0.0672059 0.0615701 0.0552907 0.048714 0.0420923 0.035605 0.0293856 0.0235484 0.018206 0.0134746 0.00946341 0.00624844 0.00384293
 0.00860675 0.0139754 0.0210167 0.0296446 0.0395355 0.0499792 0.0598508 0.0678853 0.0731418 0.0753097 0.0746567 0.0717503 0.0672059 0.0615701 0.0552907 0.048714 0.0420923 0.035605 0.0293856 0.0235484 0.018206 0.0134746 0.00946341 0.00624844 0.00384293
 0.0086415 0.0140295 0.0210934 0.0297441 0.0396545 0.0501094 0.0599789 0.0679948 0.073217 0.0753407 0.0746419 0.0716951 0.06712 0.0614639 0.0551745 0.0485977 0.0419853 0.0355146 0.0293162 0.0235005 0.0181767 0.0134595 0.00945769 0.00624798 0.00384472
 0.00843666 0.0137106 0.0206409 0.0291534 0.0389401 0.0493106 0.0591625 0.0672497 0.0726366 0.0749981 0.0745715 0.0718874 0.0675305 0.0620281 0.0558231 0.0492681 0.0426289 0.0360989 0.0298232 0.023923 0.0185148 0.0137179 0.00964487 0.00637528 0.00392524
 0.00873264 0.014155 0.0212398 0.0298838 0.0397518 0.0501315 0.0599059 0.0678253 0.0729675 0.0750426 0.0743356 0.0714231 0.0669176 0.0613519 0.0551554 0.0486578 0.0421014 0.0356616 0.0294728 0.0236513 0.0183119 0.0135733 0.00954745 0.00631383 0.00388928
 0.00895223 0.0145386 0.0218627 0.0308219 0.0410514 0.0517674 0.0617502 0.0696546 0.0745178 0.0760864 0.0747441 0.0711858 0.0661244 0.060155 0.0537288 0.0471635 0.0406676 0.0343741 0.0283775 0.0227628 0.0176237 0.0130659 0.00919347 0.00608203 0.00374802
 0.00896974 0.0145864 0.0219726 0.0310418 0.0414404 0.0523836 0.0626304 0.0707898 0.0758333 0.0774368 0.0759348 0.0720222 0.066469 0.0599676 0.0530699 0.0461665 0.0394942 0.0331748 0.0272666 0.0218107 0.0168606 0.0124916 0.00878797 0.00581451 0.00358414
 0.00884515 0.0143838 0.0216703 0.0306272 0.0409227 0.0518085 0.0620897 0.0704128 0.0757532 0.0777428 0.076631 0.0730124 0.067578 0.0609914 0.0538371 0.0465846 0.039564 0.0329709 0.026899 0.0213867 0.0164603 0.0121604 0.00854118 0.00564689 0.00347998
#pred catch len freq
 0.00333382 0.00535656 0.00797865 0.0112135 0.0150919 0.0196288 0.0247587 0.0303058 0.0360112 0.0415842 0.0467478 0.0512786 0.0550389 0.0579828 0.0601315 0.0615361 0.0622503 0.0623055 0.0616665 0.0601635 0.0574514 0.0530885 0.0467826 0.0387007 0.0296122
 0.00361401 0.00574783 0.00845222 0.0117118 0.0155569 0.020039 0.0251484 0.0307442 0.0365476 0.0421938 0.0473165 0.0516415 0.0550539 0.0575997 0.0594211 0.0606691 0.0614332 0.0617005 0.0613285 0.0600253 0.0573664 0.052912 0.0464445 0.0382297 0.0291024
 0.00373944 0.00597999 0.00884919 0.0123329 0.0164348 0.0211458 0.0263797 0.0319451 0.037576 0.0429793 0.0478677 0.0519961 0.0552147 0.0575135 0.0590207 0.0599405 0.0604549 0.0606215 0.0602996 0.0591307 0.0565999 0.0522112 0.0457537 0.0375445 0.0284685
 0.00391024 0.00624243 0.00922099 0.0128339 0.0170989 0.0220279 0.0275426 0.0334191 0.0393081 0.0448088 0.0495593 0.0533202 0.0560236 0.0577652 0.0587456 0.0591979 0.0593182 0.0591899 0.0587021 0.0575007 0.0550397 0.0507759 0.0444677 0.036429 0.027552
 0.00411294 0.00656402 0.00969008 0.0134721 0.0179183 0.0230304 0.0287207 0.0347615 0.0408043 0.0464404 0.0512715 0.0549915 0.0574654 0.0587663 0.0591406 0.0589159 0.0583891 0.0577199 0.0568431 0.0554243 0.0529144 0.0487476 0.0426491 0.0348974 0.0263492
 0.0043402 0.00692586 0.0102218 0.014205 0.0188783 0.0242334 0.0301629 0.0364099 0.042594 0.048283 0.0530705 0.0566519 0.058891 0.0598468 0.0597478 0.0589241 0.0577157 0.056363 0.054894 0.053053 0.0503372 0.0461901 0.0403114 0.0329269 0.0248223
 0.00461814 0.00735939 0.0108419 0.0150329 0.0199286 0.0255158 0.0316783 0.0381401 0.0444913 0.0502652 0.0550249 0.0584497 0.0604056 0.0609677 0.0603813 0.0589872 0.0571372 0.0551032 0.0529773 0.0505927 0.0475354 0.0433062 0.0376097 0.0306199 0.0230303
 0.00493629 0.00785705 0.0115554 0.0159857 0.0211316 0.0269664 0.0333561 0.0400019 0.0464705 0.052276 0.0569681 0.0602177 0.0618879 0.0620581 0.0609856 0.0590269 0.0565508 0.0538532 0.0510698 0.0481063 0.0446409 0.0402572 0.034695 0.0280942 0.0210514
 0.00526306 0.00837357 0.0123064 0.0170062 0.0224441 0.0285764 0.0352415 0.0421041 0.0486932 0.054495 0.0590482 0.0620296 0.0633222 0.0630308 0.0614347 0.058905 0.0558199 0.052488 0.0490753 0.0455464 0.041665 0.0371026 0.0316507 0.0254304 0.0189479
 0.00556657 0.00885683 0.0130164 0.0179841 0.0237236 0.0301772 0.0371576 0.0442901 0.051057 0.0569014 0.0613331 0.0640239 0.0648766 0.0640366 0.0618299 0.0586653 0.0549435 0.0509853 0.0469749 0.0429184 0.0386491 0.0339198 0.0285763 0.0227305 0.016806
 0.0058751 0.00934355 0.0137229 0.0189439 0.0249621 0.0317096 0.0389806 0.0463695 0.0533197 0.0592337 0.0635882 0.0660368 0.0664868 0.0651104 0.0622773 0.0584446 0.0540538 0.0494556 0.0448595 0.0403066 0.0356859 0.0308157 0.0255882 0.0201075 0.0147222
 0.00625735 0.00993746 0.0145669 0.0200592 0.0263552 0.0333736 0.0408911 0.0484765 0.0555415 0.0614593 0.0656855 0.0678653 0.0679124 0.0660196 0.0625885 0.0581138 0.0530746 0.0478561 0.0427012 0.0376905 0.032763 0.0277914 0.022703 0.0175892 0.0127278
 0.00647268 0.0103015 0.015141 0.0209098 0.0275407 0.0349235 0.0427836 0.0506297 0.0578242 0.0637154 0.0677587 0.0696166 0.0692293 0.0668201 0.062821 0.0577543 0.0521245 0.046342 0.0406797 0.0352569 0.0300608 0.0250122 0.0200659 0.0152975 0.0109185
 0.00667696 0.0106209 0.0156012 0.0215354 0.0283615 0.0359785 0.0441141 0.0522563 0.0597175 0.0657742 0.0698152 0.0714701 0.070694 0.0677636 0.0631771 0.0575128 0.0513115 0.0450053 0.0388861 0.0331005 0.0276736 0.0225657 0.0177528 0.0132941 0.00934114
 0.0069228 0.0110011 0.0161377 0.0222365 0.029224 0.0369904 0.0452565 0.0535058 0.0610479 0.0671555 0.0712033 0.072793 0.071846 0.068619 0.0636197 0.0574653 0.0507494 0.0439535 0.0374078 0.0312904 0.0256573 0.0204973 0.0157996 0.0116056 0.00801454
 0.00705616 0.011225 0.0164876 0.0227502 0.029933 0.0379076 0.0463632 0.054747 0.0623411 0.0684099 0.0723396 0.0737538 0.072594 0.0691247 0.0638492 0.057378 0.0503085 0.0431435 0.0362487 0.0298438 0.0240249 0.0188112 0.0142032 0.0102253 0.00693092
 0.00713806 0.0113489 0.0166591 0.0229741 0.0302202 0.0382811 0.0468577 0.0553957 0.0631543 0.0693561 0.0733429 0.0747123 0.073409 0.0697243 0.0641944 0.0574522 0.0501041 0.042657 0.0354882 0.0288426 0.0228508 0.0175647 0.0130006 0.00917287 0.00609859
 0.00712964 0.0113485 0.0166824 0.0230427 0.0303545 0.038492 0.0471416 0.05574 0.0635493 0.0698036 0.0738515 0.0752798 0.0740059 0.0702919 0.0646595 0.0577487 0.0501866 0.0425039 0.0350999 0.0282419 0.0220865 0.0167118 0.01215 0.00841121 0.00548667
 0.00716685 0.0114016 0.0167503 0.0231233 0.0304504 0.0386159 0.0473165 0.0559899 0.0638845 0.07021 0.0742929 0.0757131 0.074397 0.0706204 0.0649108 0.057904 0.0502206 0.0423915 0.0348268 0.0278135 0.0215326 0.0160851 0.0115179 0.00783999 0.00502434
 0.00717814 0.0114104 0.0167457 0.0230889 0.0303687 0.038476 0.0471227 0.055768 0.063681 0.070083 0.0742948 0.0758716 0.0747035 0.071033 0.0653688 0.0583444 0.0505883 0.0426434 0.0349342 0.0277661 0.0213431 0.0157898 0.0111701 0.00749634 0.00473018
