SBPRF35
7.78865
Curr Bio
557122
B35
691080
F35
0.227165
FOFL
0.192276
OFL
85884.6
Bzero
2.22533e+006
#pred survey bio
 4.57911e+006 4.28984e+006 4.02497e+006 3.72479e+006 3.40414e+006 3.06564e+006 2.7503e+006 2.43107e+006 2.13011e+006 1.87834e+006 1.64279e+006 1.49044e+006 1.31855e+006 1.17175e+006 1.02628e+006 911487 818286 755774 709274 672238 642974 615498 584759 577939 577111 578293 570167 565788 563720 568925 566442 560846 562455 558507 550683 541936 532996 527425 533654 542776 541032 555068 556200 552051 562581 566178 571706 576518 588421 586048 592490 570619 546745 520856 520622 523327 552157 557141 2.06486e+007 1.29492e+007 1.35321e+007 1.4205e+007 1.48848e+007 1.54954e+007 1.6004e+007 1.6407e+007 1.67156e+007 1.69468e+007 1.71177e+007 1.72431e+007 1.73349e+007 1.74021e+007 1.74515e+007 1.7488e+007 1.7515e+007 1.75352e+007 1.75503e+007 1.75617e+007 1.75703e+007 1.75769e+007 1.75819e+007 1.75857e+007 1.75887e+007 1.75909e+007 1.75926e+007 1.75939e+007 1.7595e+007 1.75958e+007 1.75964e+007 1.75968e+007 1.75972e+007 1.75975e+007 1.75977e+007 1.75979e+007 1.7598e+007 1.75981e+007 1.75982e+007 1.75982e+007 1.75983e+007 1.75983e+007 1.75983e+007 1.75984e+007 1.75984e+007 1.75984e+007 1.75984e+007 1.75984e+007 1.75984e+007 1.75984e+007 1.75984e+007 1.75984e+007 1.75984e+007 1.75984e+007 1.75984e+007 1.75984e+007 1.75984e+007 1.75984e+007 1.75984e+007 1.75984e+007 1.75984e+007 1.75984e+007 1.75984e+007 1.75984e+007 1.75984e+007 1.75984e+007 1.75984e+007 1.75984e+007 1.75984e+007 1.75984e+007 1.75984e+007 1.75984e+007 1.75984e+007 1.75984e+007 1.75984e+007 1.75984e+007 1.75984e+007 1.75984e+007 1.75984e+007 1.75984e+007 1.75984e+007 1.75984e+007 1.75984e+007 1.75984e+007 1.75984e+007 1.75984e+007 1.75984e+007 1.75984e+007 1.75984e+007 1.75984e+007 1.75984e+007 1.75984e+007 1.75984e+007 1.75984e+007 1.75984e+007 1.75984e+007 1.75984e+007 1.75984e+007 1.75984e+007 1.75984e+007 0 0 0 0 0 0 0 0 0 0 0 0 0 0 0 0 0 0 0 0 0 0 0 0 0
#obs survey bio
 3.73868e+006 3.89347e+006 4.0605e+006 3.81248e+006 2.53884e+006 2.68338e+006 2.7593e+006 2.45567e+006 1.60569e+006 1.40701e+006 1.36954e+006 1.42586e+006 1.179e+006 822203 973185 682982 864627 586148 689418 500474 681763 567037 764256 568328 519033 401157 458035 685907 444276 460305 459141 619882 518470 580283 706371 563694 640177 584191 651590 541893 465574 597566 763447 591410 421188 622014 584297 715362 528704 609393 608441 758127 546445 510035 509514 630784 516578 670861
#pred catch bio
 98227.9 95437.3 154369 203738 253657 266599 302427 315335 296599 302896 244354 271497 254277 254038 225792 204564 175597 159632 148602 138398 132969 131645 108767 103122 101710 109539 105236 101936 95381.8 101527 102492 93896.5 95456.2 94457.5 90827 89385 89306.4 83648.9 83873.2 93553.2 80532.4 91891.1 96221.2 84582.7 91612.8 90529.5 91836 86957.6 99608.9 92110 115522 116530 118375 97971.7 97850.3 80314 106171 88097.1 85884.6 103986 107812 112196 116873 121093 124518 127118 129003 130323 131225 131828 132225 132483 132649 132756 132823 132865 132892 132909 132919 132926 132930 132933 132934 132935 132936 132936 132936 132936 132937 132937 132937 132937 132937 132937 132937 132937 132937 132937 132937 132937 132937 132937 132937 132937 132937 132937 132937 132937 132937 132937 132937 132937 132937 132937 132937 132937 132937 132937 132937 132937 132937 132937 132937 132937 132937 132937 132937 132937 132937 132937 132937 132937 132937 132937 132937 132937 132937 132937 132937 132937 132937 132937 132937 132937 132937 132937 132937 132937 132937 132937 132937 132937 132937 132937 132937 132937 132937 132937 0 0 0 0 0 0 0 0 0 0 0 0 0 0 0 0 0 0 0 0 0 0 0 0 0
#obs catch bio
 0 95133.2 154958 204685 256144 268747 306837 320257 301741 311257 249611 278892 260231 260574 229711 208484 177460 162037 150880 140370 134346 133282 109296 103903 102380 111088 106827 102586 96084.7 102665 104148 94691.4 96339 95003.2 90800.1 89236.9 89233.2 83468.3 83384.2 93001.1 79804.4 91290.9 95444.9 83935.1 91481 90172 91307.3 86479.2 99365.9 91540.3 114775 115429 117725 97133.4 97435 79539.7 106202 87934.5
#pred cpue bio
 4.49738e+006 4.21136e+006 3.94863e+006 3.64957e+006 3.33086e+006 2.99447e+006 2.68094e+006 2.36396e+006 2.06533e+006 1.81535e+006 1.58195e+006 1.43104e+006 1.262e+006 1.1181e+006 976056 864185 773581 712889 667925 632516 604852 578932 549721 543355 542553 543523 535608 531728 530123 535208 532909 528010 530399 527535 521083 513516 504384 497206 501993 510878 509596 523299 524424 520299 530220 533565 538921 543470 554828 552525 558858 537617 513939 488182 487384 489568 516477 519887 1.92771e+007 1.21161e+007 1.26585e+007 1.32751e+007 1.39334e+007 1.4539e+007 1.50467e+007 1.54494e+007 1.5758e+007 1.59892e+007 1.61601e+007 1.62855e+007 1.63773e+007 1.64445e+007 1.64939e+007 1.65304e+007 1.65574e+007 1.65776e+007 1.65927e+007 1.66041e+007 1.66128e+007 1.66193e+007 1.66243e+007 1.66282e+007 1.66311e+007 1.66333e+007 1.6635e+007 1.66364e+007 1.66374e+007 1.66382e+007 1.66388e+007 1.66393e+007 1.66396e+007 1.66399e+007 1.66401e+007 1.66403e+007 1.66404e+007 1.66405e+007 1.66406e+007 1.66407e+007 1.66407e+007 1.66407e+007 1.66408e+007 1.66408e+007 1.66408e+007 1.66408e+007 1.66408e+007 1.66408e+007 1.66408e+007 1.66409e+007 1.66409e+007 1.66409e+007 1.66409e+007 1.66409e+007 1.66409e+007 1.66409e+007 1.66409e+007 1.66409e+007 1.66409e+007 1.66409e+007 1.66409e+007 1.66409e+007 1.66409e+007 1.66409e+007 1.66409e+007 1.66409e+007 1.66409e+007 1.66409e+007 1.66409e+007 1.66409e+007 1.66409e+007 1.66409e+007 1.66409e+007 1.66409e+007 1.66409e+007 1.66409e+007 1.66409e+007 1.66409e+007 1.66409e+007 1.66409e+007 1.66409e+007 1.66409e+007 1.66409e+007 1.66409e+007 1.66409e+007 1.66409e+007 1.66409e+007 1.66409e+007 1.66409e+007 1.66409e+007 1.66409e+007 1.66409e+007 1.66409e+007 1.66409e+007 1.66409e+007 1.66409e+007 1.66409e+007 1.66409e+007 1.66409e+007 1.66409e+007 0 0 0 0 0 0 0 0 0 0 0 0 0 0 0 0 0 0 0 0 0 0 0 0 0
#obs cpue bio
 2.9898e+006 3.74836e+006 2.5264e+006 2.68191e+006 2.47235e+006 3.67425e+006 1.58718e+006 2.22719e+006 1.74768e+006 1.19097e+006 1.26169e+006 1.35822e+006 1.2267e+006 1.26151e+006 1.14411e+006 825209 855585 570082 538780 699807 601105 525687 467953 416114 551790 463284 465895 690311 483155 495940 399805 588013 519038 600539 605247 558707 429391 481375 577868 665688 673164 516408 499046 452284 529736 590526 695639 406996 631141 577793 734628 489284 488600 602696 487861 497721 423132 364430
#pred surv len freq
 0.00457341 0.00741111 0.0111332 0.015729 0.0211164 0.0270722 0.033192 0.0389718 0.0439836 0.0480089 0.0510447 0.0532228 0.0547255 0.0557287 0.0563617 0.056684 0.0566867 0.056304 0.0554093 0.0537826 0.0510899 0.046953 0.0411512 0.0338682 0.025796
 0.00493234 0.00790835 0.0117266 0.0163382 0.0216609 0.0275229 0.0335985 0.039436 0.0445875 0.0487409 0.0517753 0.0537505 0.0548664 0.0553998 0.0556179 0.0556972 0.0556791 0.0554652 0.0548288 0.0534285 0.0508435 0.0466825 0.0407818 0.0334104 0.0253209
 0.00506138 0.00816405 0.01219 0.0170964 0.0227668 0.028945 0.0351953 0.0409904 0.0458942 0.0496927 0.052383 0.0540821 0.0549603 0.0552245 0.0551076 0.0548265 0.0545149 0.0541551 0.0535382 0.0522688 0.0498404 0.0457988 0.039972 0.0326642 0.0246673
 0.00523876 0.0084373 0.0125783 0.0176212 0.0234635 0.0298696 0.0364106 0.0425246 0.0476899 0.0515836 0.0541285 0.0554494 0.055802 0.0554997 0.054846 0.054082 0.0533515 0.0526643 0.051849 0.0505268 0.0481693 0.044276 0.038636 0.0315366 0.0237655
 0.00547114 0.00880751 0.0131208 0.0183616 0.0244138 0.0310235 0.0377421 0.0439948 0.0492591 0.053212 0.0557578 0.0569757 0.0570701 0.0563363 0.0551144 0.0537215 0.0523838 0.0511762 0.0499732 0.0484255 0.046014 0.042224 0.0368108 0.0300188 0.0225916
 0.00574217 0.00924183 0.0137631 0.0192502 0.0255748 0.0324606 0.039424 0.0458495 0.051182 0.0550877 0.0574826 0.0584678 0.0582607 0.0571512 0.0554633 0.0535117 0.0515522 0.0497229 0.0479771 0.0460386 0.0434383 0.039679 0.0344958 0.0280804 0.0211025
 0.00597627 0.00962414 0.0143423 0.0200743 0.0266839 0.0338742 0.0411264 0.0477803 0.0532399 0.0571451 0.0594045 0.0601302 0.0595638 0.0580223 0.0558483 0.0533622 0.0508228 0.0483874 0.0460595 0.0436397 0.0407405 0.0369208 0.0319239 0.0258943 0.019413
 0.00629431 0.0101257 0.0150695 0.0210593 0.0279476 0.0354227 0.0429418 0.0498117 0.0553997 0.0593146 0.0614467 0.0619059 0.0609489 0.0589213 0.056199 0.0531294 0.0499884 0.0469479 0.0440402 0.0411217 0.0378828 0.033956 0.0291168 0.023478 0.0175301
 0.0066591 0.0107063 0.0159201 0.0222219 0.0294446 0.0372462 0.0450416 0.052092 0.0577314 0.0615586 0.063473 0.0636026 0.0622226 0.0596966 0.0564197 0.05276 0.049013 0.0453713 0.0418956 0.03849 0.0349138 0.0308717 0.0261807 0.0209332 0.0155343
 0.00692508 0.0111443 0.0165899 0.0231837 0.0307479 0.0389117 0.0470412 0.0543393 0.0600904 0.0638673 0.0655709 0.0653521 0.0635205 0.0604758 0.0566425 0.052408 0.0480808 0.0438666 0.0398505 0.0359802 0.032078 0.0279165 0.0233545 0.0184702 0.013592
 0.00720241 0.0115908 0.017255 0.0241138 0.0319823 0.0404723 0.0489183 0.056478 0.0623868 0.0661758 0.0677229 0.0671799 0.0648834 0.0612781 0.0568388 0.0519943 0.0470783 0.0423112 0.037794 0.0335049 0.0293174 0.0250618 0.0206345 0.016102 0.011723
 0.00728627 0.0117367 0.0174934 0.0244821 0.0325203 0.0412149 0.0498859 0.0576697 0.0637781 0.0677179 0.0693406 0.068771 0.0663238 0.0624362 0.0575958 0.0522624 0.0468101 0.0415003 0.0364723 0.0317462 0.0272434 0.0228438 0.018475 0.0141936 0.0102003
 0.00747146 0.0120376 0.0179463 0.0251217 0.0333742 0.0422946 0.0511754 0.05912 0.065311 0.0692393 0.070756 0.0699972 0.0672933 0.0630954 0.0579001 0.052173 0.0462976 0.0405528 0.035107 0.0300201 0.0252619 0.0207589 0.0164661 0.0124301 0.00879892
 0.0076117 0.0122703 0.0183056 0.0256434 0.0340901 0.0432219 0.0523054 0.0604109 0.0666909 0.0706164 0.0720326 0.0710835 0.0681181 0.0636117 0.0580831 0.0520131 0.0457919 0.0397034 0.0339284 0.0285533 0.0235875 0.0189996 0.0147708 0.0109413 0.00761519
 0.00786853 0.0126729 0.0188843 0.0264178 0.0350677 0.0443951 0.053645 0.0618601 0.0681651 0.0720122 0.0732426 0.0720124 0.0686977 0.0638093 0.057901 0.0514792 0.0449466 0.0385887 0.0325857 0.0270315 0.0219559 0.0173546 0.0132278 0.00960961 0.00656854
 0.0080636 0.0129875 0.0193528 0.0270693 0.0359196 0.0454432 0.054854 0.0631622 0.0694702 0.0732255 0.074279 0.0728038 0.069194 0.0639799 0.0577369 0.0509938 0.0441725 0.0375707 0.0313755 0.0256867 0.0205444 0.0159585 0.0119378 0.00850858 0.00570979
 0.0083276 0.013389 0.019906 0.0277714 0.0367549 0.0463894 0.055884 0.0642389 0.0705418 0.0742254 0.0751333 0.0734438 0.0695685 0.0640621 0.057524 0.0505028 0.0434343 0.0366266 0.0302746 0.0244858 0.0193084 0.0147596 0.0108496 0.00759363 0.00500452
 0.00841495 0.0135412 0.0201529 0.0281439 0.0372752 0.0470565 0.0566639 0.065069 0.0713491 0.0749494 0.0757377 0.0739115 0.069888 0.0642184 0.0574993 0.0502834 0.0430185 0.0360283 0.0295235 0.0236262 0.0183965 0.0138596 0.0100257 0.00689867 0.00446868
 0.00840988 0.0135395 0.0201637 0.0281834 0.0373666 0.047228 0.0569422 0.065469 0.0718631 0.0755409 0.0763469 0.0744718 0.0703447 0.0645379 0.0576667 0.0502937 0.0428708 0.0357266 0.0290819 0.0230725 0.0177738 0.0132212 0.00942736 0.00638685 0.004071
 0.00840492 0.0135289 0.0201436 0.0281502 0.0373202 0.0471759 0.0569032 0.0654723 0.071942 0.0757218 0.0766374 0.074853 0.0707734 0.0649569 0.0580203 0.0505394 0.0429838 0.0356986 0.0289181 0.0227918 0.0174079 0.0128133 0.00902441 0.00603047 0.00378815
 0.00840851 0.0135303 0.0201374 0.0281284 0.0372737 0.0470984 0.0567947 0.065343 0.0718135 0.0756255 0.0766085 0.0749208 0.0709491 0.0652268 0.0583458 0.0508673 0.0432604 0.0358822 0.0289867 0.0227442 0.0172622 0.0126018 0.0087867 0.005804 0.00359988
 0.00844996 0.0135909 0.0202158 0.0282179 0.0373633 0.0471741 0.0568423 0.0653501 0.0717737 0.075542 0.0764972 0.0748088 0.0708687 0.0652049 0.0583942 0.0509764 0.0434012 0.0360153 0.0290752 0.0227646 0.0172101 0.0124912 0.00864344 0.00565685 0.00347186
 0.00867786 0.0139249 0.0206502 0.0287231 0.0378927 0.0476768 0.0572727 0.0656721 0.0719606 0.0755782 0.0763813 0.0745571 0.0705155 0.0647978 0.0579844 0.0506068 0.0430959 0.0357762 0.0288863 0.0226025 0.0170558 0.0123368 0.00849284 0.00552081 0.00336079
 0.00878308 0.0140803 0.0208541 0.0289606 0.0381366 0.0478907 0.0574174 0.0657145 0.0718855 0.0753969 0.0761309 0.0742878 0.0702727 0.0646098 0.057861 0.0505449 0.0430856 0.0358036 0.0289334 0.0226498 0.0170861 0.0123408 0.0084716 0.00548327 0.0033189
 0.00886493 0.0142037 0.0210214 0.0291663 0.038367 0.0481249 0.0576278 0.0658692 0.0719539 0.0753588 0.0759851 0.0740557 0.0699941 0.064332 0.0576244 0.0503735 0.0429848 0.0357636 0.0289363 0.0226745 0.0171139 0.0123584 0.00847365 0.00547183 0.00330027
 0.00876358 0.014071 0.0208803 0.0290571 0.0383346 0.0481996 0.0578098 0.0661261 0.0722326 0.0756033 0.0761519 0.0741222 0.0699608 0.0642196 0.0574674 0.0502102 0.0428466 0.0356682 0.0288856 0.0226589 0.0171181 0.0123682 0.00847967 0.00547076 0.00329358
 0.00861297 0.0138537 0.0206061 0.0287569 0.0380577 0.0480046 0.0577522 0.0662441 0.0725312 0.0760444 0.0766577 0.0745972 0.0703217 0.0644202 0.0575063 0.0501221 0.0426843 0.0354838 0.0287176 0.0225271 0.0170258 0.0123083 0.0084417 0.00544594 0.00327645
 0.0086633 0.0138957 0.0205977 0.0286394 0.0377775 0.0475455 0.0571597 0.0656236 0.0720164 0.0757507 0.0766435 0.0748483 0.0707628 0.0649441 0.0580093 0.0505324 0.0429734 0.0356611 0.0288135 0.0225752 0.0170514 0.012325 0.00845422 0.00545475 0.00328147
 0.00876449 0.0140479 0.0208007 0.0288776 0.0380146 0.0477232 0.0572056 0.0654735 0.0716477 0.0752088 0.0760402 0.074325 0.0704344 0.064857 0.0581337 0.0507873 0.0432671 0.035924 0.0290121 0.0227074 0.0171319 0.0123721 0.00848184 0.0054711 0.00329084
 0.00864549 0.0138848 0.0206113 0.0286963 0.0378816 0.0476663 0.0572244 0.0655346 0.0716944 0.0751828 0.0759085 0.0740997 0.0701756 0.0646507 0.0580544 0.0508655 0.0434799 0.036212 0.0293093 0.0229656 0.0173297 0.0125096 0.00857058 0.005525 0.00332172
 0.00842757 0.013567 0.0202023 0.0282315 0.0374182 0.0472717 0.056962 0.0654497 0.0717994 0.0754468 0.0762599 0.074448 0.0704459 0.0648128 0.0581297 0.0509085 0.0435453 0.0363278 0.0294697 0.0231428 0.0174931 0.0126397 0.00866223 0.00558316 0.00335541
 0.00830091 0.0133572 0.0198814 0.0277769 0.0368249 0.0465674 0.056218 0.0647744 0.0713106 0.0752333 0.0763503 0.074803 0.0709744 0.0654048 0.0586922 0.0513894 0.0439371 0.0366513 0.0297501 0.023393 0.0177115 0.0128182 0.00879558 0.00567342 0.00341069
 0.0080969 0.0130426 0.0194389 0.0272 0.0361165 0.0457399 0.0552986 0.0638152 0.070396 0.0744749 0.0758661 0.074683 0.0712478 0.0660253 0.059552 0.0523549 0.0448891 0.0375105 0.0304809 0.0239902 0.0181836 0.013177 0.00905414 0.00584739 0.00351858
 0.00784582 0.0126625 0.0189195 0.0265508 0.0353637 0.0449208 0.0544568 0.0629984 0.0696532 0.0738543 0.0754153 0.0744502 0.0712771 0.066343 0.0601472 0.0531703 0.0458302 0.0384713 0.0313714 0.0247533 0.018796 0.0136405 0.00938472 0.00606829 0.00365558
 0.00787848 0.0126699 0.0188474 0.0263246 0.0349119 0.0442103 0.0535211 0.0619374 0.0686028 0.0729428 0.074732 0.0740381 0.0711454 0.0664831 0.0605411 0.0537867 0.0466168 0.0393536 0.0322634 0.0255758 0.0194931 0.0141865 0.00978117 0.00633507 0.00382141
 0.00860082 0.0136954 0.0201123 0.0276671 0.0361072 0.0450339 0.0538089 0.061621 0.0677194 0.0716261 0.0731836 0.0724811 0.0697724 0.0654198 0.0598388 0.0534381 0.0465772 0.0395556 0.0326264 0.0260155 0.0199338 0.0145728 0.010084 0.00654955 0.00395923
 0.00920268 0.014661 0.0215321 0.0295915 0.0385065 0.0477518 0.0565377 0.0639402 0.0692078 0.0720038 0.0724072 0.0707432 0.0674184 0.0628339 0.0573504 0.0512719 0.0448457 0.038279 0.0317622 0.025486 0.0196487 0.0144462 0.0100461 0.00655193 0.00397378
 0.00905327 0.0145273 0.0215343 0.0299125 0.0393481 0.0492584 0.0587187 0.0666261 0.0720611 0.0745827 0.0742692 0.0715643 0.067087 0.0614788 0.0552858 0.0488879 0.0424972 0.0362153 0.0301087 0.024264 0.0188111 0.0139128 0.0097307 0.00637894 0.00388594
 0.00869259 0.0139729 0.0207676 0.0289595 0.0382992 0.0482841 0.058064 0.0665618 0.0727877 0.0761251 0.0764215 0.0739288 0.0691961 0.0629462 0.0559198 0.0487243 0.0417486 0.0351712 0.0290346 0.0233396 0.0181158 0.0134473 0.00945098 0.00622789 0.00381283
 0.00856312 0.0137403 0.0203779 0.0283522 0.0374275 0.0471468 0.0567393 0.0652229 0.0716854 0.075531 0.0765456 0.0748338 0.0707487 0.0648385 0.0577646 0.0501863 0.0426484 0.0355147 0.0289665 0.0230559 0.0177855 0.0131719 0.00926555 0.00612365 0.00376396
 0.00866166 0.013882 0.0205541 0.0285357 0.0375708 0.0471849 0.0566004 0.0648505 0.071071 0.0747449 0.0757436 0.0742233 0.0705175 0.0650744 0.0584089 0.0510496 0.0434874 0.0361306 0.0292725 0.0230835 0.0176385 0.0129641 0.00907712 0.00598921 0.00368401
 0.00856819 0.0137442 0.0203722 0.0283179 0.0373279 0.0469233 0.0563161 0.0645291 0.070694 0.0743034 0.075256 0.0737504 0.0701616 0.0649531 0.0586068 0.0515706 0.0442379 0.0369501 0.029998 0.0236113 0.0179484 0.0131012 0.0091112 0.00598018 0.00366697
 0.00862286 0.0138226 0.0204713 0.0284289 0.03744 0.047028 0.0564086 0.0646041 0.0707383 0.0742914 0.0751543 0.0735339 0.0698355 0.0645669 0.0582477 0.0513329 0.0441812 0.03707 0.0302295 0.0238626 0.0181456 0.0132137 0.00914952 0.0059746 0.00364621
 0.00876999 0.0140452 0.0207747 0.0288054 0.0378692 0.0474787 0.0568418 0.0649769 0.0710106 0.0744333 0.0751496 0.0733786 0.0695364 0.0641446 0.0577435 0.0508106 0.0437143 0.0367176 0.0300131 0.0237617 0.0181135 0.0132043 0.00913593 0.0059512 0.00361933
 0.00864962 0.0138782 0.0205764 0.0286073 0.0377095 0.0473877 0.05683 0.0650337 0.0711131 0.0745571 0.0752762 0.073496 0.0696351 0.0642148 0.0577769 0.0508069 0.0436866 0.0366901 0.0300102 0.0237946 0.0181745 0.0132738 0.00919452 0.0059893 0.00363808
 0.0086284 0.0138373 0.0205045 0.0284944 0.0375543 0.0472066 0.0566602 0.0649246 0.0711054 0.0746625 0.0754698 0.073728 0.0698524 0.0643793 0.0578724 0.0508357 0.0436636 0.0366374 0.0299518 0.02375 0.0181533 0.0132736 0.00920573 0.006002 0.00364668
 0.00868057 0.0139065 0.0205793 0.028553 0.0375692 0.0471529 0.0565262 0.0647191 0.0708604 0.0744278 0.0752991 0.0736592 0.0698927 0.0645037 0.0580365 0.0509953 0.0437895 0.0367202 0.0299981 0.0237742 0.0181691 0.0132891 0.00922241 0.00601758 0.00365854
 0.00868603 0.0139243 0.0206215 0.0286333 0.0376957 0.0473186 0.0567031 0.0648625 0.0709249 0.0743873 0.0751602 0.07346 0.0696871 0.0643397 0.057939 0.0509616 0.0437974 0.036743 0.0300169 0.0237822 0.0181689 0.0132863 0.00922108 0.00601862 0.00366084
 0.00855762 0.0137335 0.0203687 0.0283328 0.0373745 0.0470121 0.0564488 0.0646924 0.0708556 0.0744134 0.0752556 0.0735906 0.0698271 0.0644815 0.0580903 0.0511329 0.0439904 0.0369465 0.0302121 0.0239519 0.0183036 0.0133855 0.00928979 0.00606376 0.00368892
 0.00854559 0.0137149 0.0203427 0.0283005 0.0373399 0.0469828 0.0564363 0.0647094 0.0709116 0.0745078 0.0753747 0.0737087 0.0699149 0.0645174 0.0580696 0.0510695 0.0439088 0.0368707 0.0301561 0.0239177 0.018286 0.0133775 0.00928628 0.00606223 0.00368835
 0.00855578 0.0137161 0.0203165 0.0282213 0.037183 0.0467366 0.0561131 0.0643475 0.0705663 0.0742371 0.0752229 0.0736955 0.0700315 0.0647305 0.0583332 0.0513393 0.0441547 0.0370794 0.0303276 0.0240573 0.0183981 0.0134646 0.00935028 0.00610594 0.00371583
 0.00884236 0.0141597 0.0209405 0.029027 0.0381432 0.0477908 0.0571644 0.0652727 0.071242 0.0745735 0.0751901 0.0733267 0.0694058 0.063946 0.0574826 0.0504952 0.043366 0.0363757 0.0297252 0.0235639 0.0180135 0.0131812 0.00915399 0.00597881 0.00363928
 0.00903212 0.0144747 0.0214256 0.0297251 0.0390821 0.0489639 0.0585117 0.0666755 0.0725395 0.0755972 0.0758021 0.0734509 0.0690425 0.0631682 0.0564132 0.0492755 0.042125 0.0352119 0.0287016 0.022712 0.0173414 0.0126797 0.00880199 0.00574793 0.00349876
 0.00922755 0.0147827 0.0218721 0.0303303 0.0398601 0.0499192 0.0596311 0.0679159 0.0738192 0.0767963 0.0767775 0.0740642 0.0691947 0.0628277 0.0556261 0.0481528 0.0408135 0.03386 0.0274321 0.021608 0.016445 0.0119981 0.00831724 0.00542687 0.00330184
 0.00928389 0.0148578 0.0219556 0.030405 0.0399104 0.049944 0.0596533 0.0679821 0.0739862 0.0771096 0.077247 0.0746497 0.0698067 0.0633489 0.0559469 0.0482064 0.040596 0.0334264 0.0268727 0.0210189 0.0159035 0.0115515 0.00798236 0.00519733 0.00315793
 0.00968694 0.0154334 0.0226734 0.0311843 0.0406407 0.0505195 0.0600045 0.0680895 0.0738793 0.0768552 0.076933 0.0743614 0.0696014 0.063236 0.055887 0.0481306 0.0404375 0.0331498 0.0264869 0.0205692 0.0154506 0.0111489 0.00766258 0.00496858 0.00301004
 0.00976656 0.0155727 0.0228978 0.0315139 0.041074 0.0510146 0.0604717 0.068411 0.0739542 0.0766497 0.0765021 0.0738291 0.0691099 0.0628931 0.055734 0.0481405 0.040537 0.0332539 0.0265314 0.0205289 0.0153381 0.0109989 0.00751227 0.00484376 0.00292083
 0.00951424 0.015264 0.0226206 0.0314117 0.0413059 0.0516895 0.0615896 0.0698431 0.0754711 0.0779841 0.0774227 0.0742022 0.068932 0.0622797 0.0548694 0.0472098 0.039673 0.0325176 0.025926 0.0200304 0.0149228 0.0106555 0.0072395 0.00464168 0.00278388
#obs surv len freq
 nan nan nan nan nan nan nan nan nan nan nan nan nan nan nan nan nan nan nan nan nan nan nan nan nan
 0.00448659 0.00734893 0.01118 0.0159974 0.0216989 0.0279748 0.034289 0.0400198 0.0446984 0.0481608 0.0505171 0.0520112 0.0529018 0.0534128 0.0537259 0.0539799 0.0542578 0.0545501 0.0546886 0.0542804 0.0527185 0.049351 0.0438013 0.0362822 0.0276668
 0.00461474 0.00755986 0.0115019 0.016457 0.022315 0.0287478 0.0351911 0.0409923 0.0456601 0.0490244 0.0512057 0.0524697 0.0531023 0.0533543 0.0534303 0.0534841 0.0536052 0.0537832 0.0538463 0.0533998 0.0518383 0.0485142 0.0430526 0.0356593 0.0271907
 0.00477804 0.00782678 0.0119064 0.0170317 0.0230854 0.029722 0.0363483 0.0422781 0.0469904 0.0502983 0.0523205 0.0533341 0.0536464 0.0535376 0.0532447 0.0529518 0.0527718 0.0527085 0.052597 0.0520461 0.0504558 0.0471835 0.0418538 0.0346585 0.0264244
 0.00497004 0.00814008 0.0123801 0.0177033 0.0239834 0.0308554 0.0376949 0.0437795 0.0485593 0.0518329 0.0537177 0.0544977 0.0544914 0.0539957 0.0532707 0.0525307 0.0519208 0.0514763 0.051059 0.0502998 0.0486166 0.0453786 0.0402087 0.0332758 0.0253617
 0.00518706 0.00849626 0.0129224 0.0184773 0.0250246 0.032175 0.0392651 0.0455293 0.0503845 0.053616 0.0553461 0.0558731 0.0555311 0.0546307 0.0534464 0.05221 0.0510914 0.0501586 0.0493131 0.0482291 0.046365 0.0431188 0.0381178 0.0315014 0.0239898
 0.00540935 0.00885988 0.0134741 0.0192629 0.0260808 0.0335169 0.0408719 0.047338 0.0522967 0.0555152 0.0571149 0.0574043 0.0567332 0.0554285 0.0537795 0.0520316 0.0503713 0.0488927 0.0475372 0.0460331 0.043899 0.0405825 0.0357288 0.0294485 0.0223892
 0.00564604 0.00924827 0.0140653 0.0201068 0.0272165 0.0349576 0.0425898 0.0492589 0.0543118 0.0575014 0.0589546 0.058995 0.057989 0.0562782 0.0541639 0.0519019 0.0496905 0.0476427 0.0457351 0.0437518 0.0412824 0.0378412 0.033107 0.0271687 0.0205958
 0.00588343 0.00963849 0.0146607 0.0209591 0.0283673 0.0364224 0.0443422 0.0512242 0.0563771 0.0595374 0.0608365 0.0606154 0.0592619 0.0571374 0.0545581 0.051789 0.0490353 0.0464226 0.0439554 0.0414702 0.0386301 0.0350254 0.0303813 0.0247736 0.0186956
 0.00614075 0.0100571 0.0152915 0.0218497 0.029554 0.0379159 0.0461132 0.0531975 0.0584408 0.0615636 0.0627011 0.0622107 0.060502 0.0579577 0.0549122 0.0516426 0.0483618 0.0452037 0.0421947 0.039216 0.0360009 0.0322174 0.0276436 0.0223507 0.0167605
 0.0063747 0.0104422 0.0158796 0.022692 0.0306901 0.0393582 0.0478303 0.05511 0.0604337 0.0635095 0.0644813 0.0637261 0.0616749 0.0587295 0.0552399 0.0514946 0.0477144 0.0440423 0.0405236 0.0370788 0.0335042 0.0295415 0.0250223 0.0200185 0.014888
 0.00660716 0.0108246 0.0164635 0.023528 0.031818 0.040791 0.0495374 0.0570114 0.0624109 0.0654283 0.0662151 0.0651707 0.0627539 0.0593935 0.0554602 0.0512555 0.0470065 0.0428618 0.0388804 0.0350158 0.0311192 0.0269986 0.0225357 0.0178051 0.0131078
 0.00683604 0.0111983 0.0170289 0.0243299 0.0328905 0.0421439 0.0511422 0.0587952 0.0642658 0.0672307 0.0678452 0.0665262 0.0637565 0.0599907 0.0556236 0.0509751 0.0462832 0.0417039 0.037308 0.0330749 0.0289012 0.0246513 0.0202498 0.0157742 0.0114748
 0.00706335 0.0115719 0.0175984 0.0251428 0.033982 0.0435199 0.0527643 0.0605765 0.0660851 0.0689577 0.0693631 0.0677439 0.0646107 0.0604432 0.055657 0.0505882 0.045486 0.0405147 0.0357564 0.0312122 0.0268157 0.0224764 0.0181534 0.0139241 0.00999319
 0.00725511 0.0118902 0.0180895 0.0258538 0.0349505 0.044759 0.0542459 0.0622258 0.0677906 0.070592 0.070806 0.0688972 0.065406 0.0608426 0.0556488 0.0501798 0.0446968 0.039372 0.0342971 0.0294914 0.0249181 0.0205222 0.0162882 0.0122899 0.00869133
 0.00742523 0.0121676 0.0185087 0.0264481 0.0357465 0.045767 0.0554496 0.0635762 0.0692099 0.0719857 0.0720753 0.0699515 0.0661708 0.0612665 0.0557056 0.0498667 0.0440292 0.0383788 0.0330193 0.0279864 0.023267 0.0188328 0.0146862 0.0108945 0.00758481
 0.00754051 0.012353 0.0187842 0.026832 0.0362532 0.0464034 0.0562102 0.0644407 0.0701442 0.0729452 0.0730089 0.0708027 0.0668802 0.0617754 0.0559636 0.049838 0.0436975 0.0377488 0.0321174 0.0268616 0.0219928 0.017506 0.0134162 0.00978289 0.00670144
 0.00759882 0.012449 0.0189311 0.027043 0.0365395 0.0467709 0.056656 0.0649529 0.0707043 0.0735331 0.0736047 0.0713844 0.0674199 0.0622363 0.0563006 0.0500036 0.0436505 0.0374639 0.0315923 0.0261226 0.0210958 0.0165322 0.0124603 0.00893365 0.00602046
 0.0076624 0.0125424 0.0190537 0.027189 0.0367013 0.046944 0.0568424 0.06516 0.0709415 0.0738067 0.073915 0.0717249 0.0677767 0.0625877 0.0566159 0.0502435 0.0437712 0.0374251 0.0313687 0.0257136 0.0205318 0.0158727 0.0117824 0.00831343 0.00551372
 0.00772594 0.0126416 0.0191948 0.0273733 0.0369237 0.047191 0.0570926 0.0653884 0.0711279 0.0739447 0.0740149 0.0718082 0.0678653 0.0626937 0.056736 0.0503583 0.0438487 0.0374272 0.0312612 0.0254777 0.0201739 0.0154271 0.011304 0.0078624 0.00513751
 0.0077602 0.0126945 0.0192691 0.0274701 0.0370416 0.047327 0.0572407 0.0655393 0.0712695 0.0740649 0.0741054 0.0718689 0.0679054 0.0627279 0.0567772 0.0504102 0.0439006 0.0374553 0.0312352 0.0253724 0.0199801 0.0151586 0.0109951 0.00755686 0.00487389
 0.00781342 0.0127742 0.0193764 0.0276012 0.0371892 0.0474814 0.0573919 0.0656775 0.0713862 0.0741536 0.0741626 0.0718942 0.0679018 0.0627022 0.0567394 0.0503703 0.0438636 0.0374168 0.0311812 0.0252845 0.0198453 0.0149775 0.0107846 0.00734438 0.00468673
 0.00785386 0.0128338 0.0194545 0.027693 0.0372864 0.0475747 0.0574726 0.0657391 0.0714258 0.0741726 0.074166 0.0718887 0.0678932 0.0626936 0.0567318 0.0503633 0.0438565 0.0374066 0.0311612 0.0252446 0.0197761 0.0148764 0.0106593 0.00721142 0.00456486
 0.00785811 0.0128425 0.0194707 0.0277198 0.0373258 0.0476251 0.057528 0.06579 0.0714626 0.0741898 0.0741647 0.0718757 0.0678775 0.0626831 0.0567305 0.0503713 0.0438703 0.0374208 0.031169 0.0252384 0.0197493 0.0148263 0.0105897 0.00713228 0.00448875
 0.00787383 0.0128613 0.0194869 0.0277248 0.0373114 0.0475881 0.0574735 0.0657303 0.0714116 0.0741573 0.0741534 0.0718824 0.0678971 0.062712 0.0567671 0.0504147 0.0439185 0.0374697 0.0312125 0.0252697 0.0197624 0.0148185 0.010563 0.00709338 0.00444663
 0.0078903 0.0128865 0.0195212 0.0277665 0.0373558 0.047627 0.0574963 0.0657268 0.0713772 0.0740965 0.0740792 0.0718116 0.0678436 0.0626824 0.056761 0.0504276 0.0439446 0.0375031 0.0312471 0.0252993 0.0197815 0.0148235 0.0105542 0.00707426 0.00442309
 0.00789461 0.0128899 0.0195198 0.0277548 0.0373285 0.0475817 0.057435 0.0656556 0.0713039 0.0740276 0.0740195 0.0717654 0.0678159 0.0626783 0.0567834 0.050475 0.0440114 0.0375806 0.031326 0.025371 0.0198395 0.014864 0.0105766 0.00708161 0.00442046
 0.00788276 0.0128719 0.0194949 0.0277227 0.0372888 0.0475335 0.0573769 0.0655874 0.071228 0.07395 0.0739492 0.0717115 0.0677854 0.0626748 0.0568074 0.0505245 0.0440818 0.0376652 0.0314163 0.0254579 0.0199148 0.0149225 0.0106165 0.00710457 0.00443068
 0.00786526 0.0128399 0.0194406 0.0276376 0.0371666 0.0473748 0.0571923 0.0653963 0.0710536 0.0738125 0.0738607 0.0716761 0.0678009 0.0627356 0.0569059 0.0506519 0.0442286 0.0378214 0.0315715 0.0256024 0.0200402 0.0150229 0.01069 0.00715317 0.00445919
 0.00785972 0.0128285 0.0194188 0.0275991 0.0371043 0.0472824 0.0570672 0.0652419 0.0708807 0.0736388 0.0737078 0.0715641 0.0677436 0.0627376 0.056963 0.050754 0.0443627 0.0379738 0.0317293 0.0257535 0.0201747 0.0151339 0.0107742 0.0072113 0.00449545
 0.00785576 0.0128182 0.0193961 0.0275561 0.037033 0.047178 0.0569303 0.0650799 0.0707057 0.0734656 0.0735518 0.0714403 0.0676655 0.0627147 0.0569989 0.0508447 0.0444975 0.0381377 0.0319056 0.0259267 0.0203317 0.0152654 0.0108758 0.00728326 0.0045418
 0.00782228 0.012768 0.0193284 0.0274722 0.0369355 0.0470687 0.0568101 0.0649495 0.0705682 0.0733277 0.073424 0.0713353 0.0675957 0.0626898 0.0570243 0.0509208 0.044619 0.0382939 0.0320817 0.0261062 0.0204993 0.0154093 0.0109893 0.00736519 0.00459568
 0.00779667 0.0127234 0.019256 0.0273633 0.0367844 0.0468779 0.0565928 0.0647281 0.0703679 0.0731683 0.0733153 0.0712779 0.0675857 0.0627232 0.0570986 0.0510339 0.0447672 0.0384703 0.0322753 0.026303 0.0206845 0.0155703 0.011118 0.00745941 0.00465853
 0.00775854 0.0126613 0.0191624 0.027231 0.0366083 0.0466569 0.0563334 0.0644465 0.0700888 0.0729214 0.0731287 0.0711717 0.0675674 0.0627877 0.0572321 0.0512194 0.0449883 0.0387125 0.0325252 0.026547 0.020909 0.0157634 0.0112721 0.00757259 0.00473447
 0.00774364 0.0126336 0.0191145 0.0271537 0.0364929 0.0464986 0.0561344 0.0642168 0.0698452 0.0726843 0.0729196 0.0710112 0.0674726 0.0627695 0.0572919 0.0513492 0.045173 0.0389334 0.0327632 0.0267845 0.0211303 0.0159559 0.0114274 0.00768798 0.00481283
 0.00932419 0.0148455 0.0217825 0.0298939 0.0388242 0.04802 0.0566664 0.0638282 0.068772 0.0712098 0.0712871 0.0693903 0.0659657 0.0614317 0.0561486 0.0504061 0.0444226 0.0383588 0.0323415 0.0264899 0.0209365 0.0158375 0.0113617 0.00765577 0.00479953
 0.00930105 0.0151033 0.0226913 0.0319133 0.0423032 0.0529273 0.0624183 0.0693839 0.0730027 0.0733436 0.0711631 0.067402 0.0627886 0.0577339 0.0524257 0.0469525 0.0413794 0.0357745 0.0302161 0.0247981 0.019639 0.0148853 0.0106984 0.00722123 0.00453422
 0.00897203 0.0145834 0.0219586 0.0310148 0.0414093 0.0523696 0.062651 0.0708214 0.0757713 0.0770966 0.0751226 0.0706544 0.0646658 0.0580457 0.05143 0.0451422 0.0392492 0.0336861 0.0283734 0.023284 0.0184632 0.0140192 0.0100954 0.00682687 0.00429397
 0.0087833 0.0142695 0.0214739 0.0303154 0.0404702 0.051216 0.0613991 0.0697068 0.0751312 0.0772777 0.0763262 0.0727892 0.0673135 0.0605959 0.0533275 0.0460987 0.0393021 0.033099 0.0274744 0.0223412 0.0176376 0.0133761 0.0096376 0.00652619 0.00411149
 0.00873362 0.014178 0.0213154 0.0300575 0.040078 0.0506621 0.0606775 0.0688498 0.0742262 0.076478 0.0758405 0.0728298 0.0680045 0.061882 0.0549505 0.0476807 0.0404997 0.0337366 0.0275791 0.0220793 0.0172105 0.0129415 0.00928183 0.00627437 0.00395279
 0.00867825 0.0140895 0.0211845 0.0298749 0.0398339 0.0503464 0.0602815 0.0683705 0.0736729 0.0758824 0.0752682 0.0723855 0.067819 0.0620705 0.0555517 0.0486115 0.041564 0.0346979 0.0282583 0.0224172 0.017263 0.0128238 0.00910584 0.00611297 0.00383571
 0.00869442 0.0141093 0.0212022 0.0298805 0.0398149 0.0502907 0.0601796 0.0682153 0.0734589 0.0756068 0.0749358 0.0720195 0.0674697 0.0618159 0.0554777 0.0487747 0.0419543 0.0352272 0.0287923 0.0228333 0.0175001 0.0128939 0.009067 0.00603053 0.00375539
 0.00870118 0.0141237 0.0212294 0.0299261 0.0398815 0.0503736 0.0602641 0.0682783 0.0734749 0.0755555 0.0748076 0.0718179 0.0672132 0.0615396 0.055233 0.0486203 0.041935 0.0353507 0.029018 0.0230878 0.0177105 0.0130191 0.00910745 0.00601456 0.00371691
 0.00864327 0.0140397 0.0211223 0.029806 0.0397638 0.0502754 0.0601999 0.0682563 0.0734941 0.0756038 0.0748643 0.0718589 0.0672197 0.0615052 0.055169 0.0485541 0.0419024 0.0353811 0.0291189 0.0232387 0.0178718 0.0131517 0.00919035 0.0060495 0.00371993
 0.00864161 0.0140268 0.0210848 0.0297271 0.0396302 0.0500866 0.0599748 0.0680313 0.0733117 0.0754966 0.0748439 0.0719138 0.0673219 0.0616225 0.0552756 0.0486394 0.0419722 0.035452 0.0292073 0.0233493 0.0179943 0.0132662 0.00927888 0.00610479 0.00374623
 0.00863636 0.0140222 0.0210841 0.0297337 0.0396438 0.0500994 0.0599709 0.0679922 0.0732267 0.0753723 0.0747049 0.0717929 0.0672453 0.0615992 0.0552968 0.0486864 0.0420283 0.0355094 0.0292672 0.0234158 0.0180672 0.013339 0.00934186 0.00615062 0.0037736
 0.00865294 0.0140454 0.0211126 0.0297642 0.0396731 0.0501257 0.0599942 0.068012 0.0732384 0.075367 0.0746725 0.0717298 0.0671594 0.0615082 0.0552201 0.0486366 0.0420072 0.0355116 0.0292855 0.023445 0.0181039 0.013379 0.00937975 0.00618136 0.0037946
 0.00863121 0.014016 0.0210789 0.0297329 0.0396512 0.0501176 0.0599995 0.0680259 0.0732549 0.0753811 0.0746812 0.0717307 0.0671503 0.0614886 0.0551936 0.0486107 0.0419905 0.0355095 0.0292988 0.0234706 0.0181368 0.0134142 0.00941272 0.00620849 0.00381412
 0.00862139 0.0139994 0.0210532 0.0296963 0.0396044 0.0500649 0.0599496 0.0679896 0.0732411 0.0753923 0.0747122 0.0717713 0.0671895 0.0615183 0.0552105 0.0486161 0.0419892 0.035508 0.0293025 0.0234823 0.0181557 0.0134374 0.00943618 0.00622894 0.00382962
 0.0086067 0.0139753 0.0210165 0.0296441 0.0395349 0.0499787 0.0598512 0.0678885 0.0731502 0.0753258 0.0746811 0.0717802 0.0672347 0.061589 0.0552929 0.0486978 0.0420624 0.03557 0.0293547 0.0235275 0.0181961 0.0134735 0.00946714 0.00625362 0.00384752
 0.0086067 0.0139753 0.0210165 0.0296441 0.0395349 0.0499787 0.0598512 0.0678885 0.0731502 0.0753258 0.0746811 0.0717802 0.0672347 0.061589 0.0552929 0.0486978 0.0420624 0.03557 0.0293547 0.0235275 0.0181961 0.0134735 0.00946714 0.00625362 0.00384752
 0.00884247 0.014346 0.0215491 0.0303503 0.0404027 0.050964 0.0608711 0.068828 0.0738861 0.0757598 0.0747669 0.0715305 0.0667094 0.0608742 0.0544784 0.0478618 0.0412638 0.0348481 0.0287326 0.0230156 0.0177953 0.0131766 0.00926057 0.00611958 0.00376698
 0.00900053 0.0146228 0.0220006 0.031036 0.0413662 0.0522041 0.0623173 0.0703387 0.075276 0.0768465 0.0754137 0.0716719 0.0663563 0.0601021 0.0534058 0.0466237 0.0399866 0.0336333 0.0276497 0.0221038 0.0170686 0.0126293 0.00887314 0.00586351 0.0036101
 0.00906918 0.0147413 0.0221931 0.0313329 0.041802 0.0528102 0.0631104 0.0713055 0.0763615 0.0779499 0.0764003 0.0724001 0.0667137 0.0600355 0.0529332 0.0458249 0.0389795 0.0325449 0.026592 0.021159 0.0162846 0.0120226 0.00843544 0.00557018 0.00342846
 0.00892866 0.0145225 0.0218838 0.0309334 0.0413317 0.0523141 0.0626631 0.0710046 0.0763052 0.0782057 0.0769747 0.0732269 0.0676643 0.0609511 0.053668 0.0462836 0.0391369 0.0324405 0.0263068 0.0207861 0.0159042 0.0116893 0.00817563 0.00538737 0.00331174
 0.00899415 0.0146007 0.0219495 0.0309464 0.0412484 0.0521067 0.0623367 0.0706028 0.075903 0.0778918 0.0768306 0.0733052 0.0679712 0.0614383 0.0542408 0.0468268 0.0395491 0.0326639 0.0263383 0.0206681 0.0157018 0.0114658 0.0079765 0.00523478 0.00320867
 0.00898074 0.0145839 0.0219319 0.0309298 0.0412283 0.0520669 0.0622488 0.0704364 0.0756438 0.0775589 0.0764819 0.0730233 0.067836 0.061498 0.0544926 0.0472167 0.0399892 0.0330618 0.0266265 0.0208209 0.0157346 0.0114188 0.00789446 0.00515215 0.00314362
 0.00916432 0.0148675 0.0223303 0.0314444 0.0418443 0.05275 0.0629419 0.0710601 0.0761074 0.0777818 0.076418 0.0726803 0.0672786 0.0608317 0.0538327 0.0466527 0.039562 0.0327615 0.0264115 0.0206446 0.0155669 0.0112531 0.00774077 0.00502419 0.00304937
#pred catch len freq
 0.00341161 0.00545926 0.00808886 0.0112991 0.0151134 0.0195519 0.0245669 0.0300066 0.0356361 0.0411836 0.0463833 0.0510128 0.0549248 0.0580544 0.0603978 0.0619773 0.0628164 0.0629171 0.062223 0.0605615 0.0576118 0.0529847 0.0464534 0.0382381 0.0291265
 0.00369837 0.00586082 0.00857761 0.0118195 0.0156114 0.0200129 0.0250337 0.0305563 0.0363199 0.0419674 0.0471306 0.0515274 0.0550318 0.0576793 0.0596035 0.0609466 0.0617853 0.062087 0.0616869 0.0602782 0.057444 0.05278 0.046124 0.0377929 0.0286443
 0.00383262 0.00610429 0.0089862 0.0124492 0.016492 0.0211166 0.026262 0.0317657 0.0373833 0.0428276 0.0478016 0.0520382 0.0553609 0.0577383 0.0592892 0.0602211 0.0607242 0.060859 0.0604785 0.0592123 0.0565437 0.0519955 0.0453956 0.037102 0.0280206
 0.00401444 0.00638413 0.00938303 0.0129832 0.0171958 0.0220422 0.0274673 0.0332763 0.0391441 0.0446819 0.0495242 0.0534114 0.0562443 0.0580847 0.0591095 0.0595453 0.0595985 0.0593705 0.0587646 0.0574335 0.0548356 0.0504404 0.0440302 0.0359452 0.0270897
 0.00424732 0.00674909 0.00990708 0.0136834 0.0180792 0.0231072 0.0287069 0.0346819 0.0407074 0.0463831 0.051304 0.0551435 0.0577381 0.0591301 0.0595407 0.0592854 0.0586643 0.0578532 0.0568088 0.0552182 0.052551 0.0482594 0.0420873 0.0343273 0.025836
 0.00450811 0.00716043 0.0105038 0.0144929 0.0191207 0.024389 0.0302183 0.0363856 0.0425378 0.0482554 0.053127 0.0568273 0.059188 0.0602339 0.0601664 0.0593022 0.057983 0.0564636 0.0547953 0.0527499 0.0498533 0.0455757 0.0396372 0.0322712 0.0242538
 0.00476504 0.00756953 0.011105 0.0153214 0.0202059 0.0257497 0.0318535 0.0382633 0.0445892 0.0503766 0.0551896 0.0586955 0.0607369 0.0613594 0.0607826 0.0593319 0.0573574 0.0551419 0.0527989 0.0501911 0.0469381 0.0425738 0.0368267 0.0298765 0.0224003
 0.00509499 0.00808311 0.0118374 0.0162957 0.0214365 0.0272454 0.0336127 0.0402628 0.0467716 0.0526448 0.0574107 0.0607158 0.0624033 0.0625415 0.0613837 0.0592883 0.05663 0.0537148 0.0506943 0.0474984 0.0438375 0.0393291 0.0337388 0.0272102 0.0203186
 0.00545335 0.00864525 0.0126464 0.0173812 0.022814 0.0289144 0.0355504 0.0424171 0.0490605 0.0549614 0.0596312 0.062707 0.0640316 0.0636838 0.0619392 0.0591858 0.0558295 0.052208 0.048512 0.0447301 0.0406531 0.0359818 0.0305286 0.0244148 0.0181197
 0.00576312 0.00914039 0.0133772 0.0183924 0.0241412 0.0305761 0.0375342 0.0446678 0.0514767 0.0574047 0.0619437 0.0647323 0.0656329 0.0647552 0.0624068 0.0590024 0.0549703 0.0506707 0.0463285 0.0419862 0.0375093 0.0326773 0.0273511 0.021636 0.0159234
 0.00600513 0.00952637 0.0139466 0.0191833 0.0251914 0.0319204 0.0391942 0.0466351 0.0536964 0.0597667 0.0642886 0.0668731 0.0673872 0.0659755 0.0629967 0.0589159 0.0541998 0.0492362 0.044278 0.0394103 0.0345608 0.0295779 0.0243666 0.0190194 0.0138486
 0.00618094 0.00980788 0.0143635 0.0197638 0.0259618 0.0329027 0.040401 0.0480631 0.0553218 0.0615405 0.0661317 0.0686738 0.069007 0.067265 0.0638194 0.0591697 0.0538285 0.0482312 0.0426761 0.0372973 0.0320803 0.026932 0.0217944 0.0167486 0.0120381
 0.00639617 0.0101492 0.0148624 0.0204466 0.0268488 0.0340047 0.0417123 0.0495535 0.0569339 0.0631937 0.0677321 0.0701251 0.0702189 0.0681562 0.0643175 0.0592121 0.053368 0.0472463 0.0411833 0.0353629 0.0298286 0.024543 0.0194803 0.0147101 0.0104144
 0.00660869 0.0104869 0.0153566 0.0211239 0.0277285 0.035095 0.0430022 0.0510055 0.0584815 0.0647464 0.0691865 0.071379 0.0711856 0.0687739 0.0645502 0.0590422 0.0527882 0.046257 0.0398011 0.0336366 0.0278543 0.0224662 0.0174779 0.0129509 0.00901536
 0.00687563 0.0109006 0.015943 0.0218966 0.0286918 0.0362453 0.0443244 0.0524645 0.0600143 0.0662616 0.070573 0.0725229 0.0719907 0.0691782 0.0645316 0.0586126 0.0519798 0.0451103 0.038361 0.0319603 0.0260247 0.0205993 0.0157124 0.0114188 0.00780662
 0.0070894 0.0112386 0.0164342 0.0225626 0.0295441 0.0372817 0.0455225 0.0537779 0.0613748 0.0675867 0.0717744 0.0735137 0.072693 0.0695326 0.0645055 0.0582049 0.0512176 0.0440404 0.0370421 0.0304605 0.0244261 0.0190013 0.014225 0.0101428 0.00680782
 0.00732238 0.0115913 0.0169177 0.0231737 0.030272 0.0381156 0.0464545 0.0547954 0.0624488 0.0686639 0.0727791 0.0743605 0.0733036 0.0698491 0.0644973 0.0578678 0.0505707 0.043122 0.0359061 0.0291738 0.0230677 0.0176603 0.0129926 0.00909742 0.00599688
 0.00740719 0.0117351 0.0171447 0.0235087 0.0307337 0.0387074 0.0471575 0.0555699 0.063246 0.0694389 0.0734964 0.0749889 0.0738082 0.0701885 0.06463 0.0577633 0.0502178 0.0425324 0.0351133 0.0282308 0.0220433 0.0166335 0.0120427 0.00829034 0.0053714
