SBPRF35
12.7214
Curr Bio
880135
B35
886936
F35
0.173334
FOFL
0.170904
OFL
121895
Bzero
3.63469e+006
#pred survey bio
 3.42305e+006 3.31531e+006 3.22402e+006 3.09414e+006 2.92191e+006 2.7285e+006 2.48167e+006 2.25411e+006 2.04321e+006 1.84464e+006 1.64726e+006 1.44564e+006 1.26298e+006 1.11047e+006 959703 855815 772033 699158 649607 602053 578715 553075 528037 520580 511038 504126 500771 508215 505161 510771 520248 519136 538451 548361 566302 582584 588847 595154 598611 612886 615348 618632 626646 639617 635761 641727 642233 647587 653306 659943 659185 716535 771509 800679 810846 827819 852719 879554 923630 932783 940010 945895 964113 953175 926739 920123 904745 884279 3.07712e+007 1.84198e+007 1.86832e+007 1.94803e+007 2.06198e+007 2.1883e+007 2.31119e+007 2.4215e+007 2.51532e+007 2.59221e+007 2.65361e+007 2.70177e+007 2.7391e+007 2.7678e+007 2.78979e+007 2.8066e+007 2.81946e+007 2.82932e+007 2.8369e+007 2.84275e+007 2.84729e+007 2.85082e+007 2.85358e+007 2.85575e+007 2.85747e+007 2.85883e+007 2.85991e+007 2.86076e+007 2.86145e+007 2.862e+007 2.86245e+007 2.86281e+007 2.8631e+007 2.86333e+007 2.86352e+007 2.86368e+007 2.8638e+007 2.86391e+007 2.86399e+007 2.86406e+007 2.86411e+007 2.86416e+007 2.8642e+007 2.86423e+007 2.86425e+007 2.86427e+007 2.86429e+007 2.8643e+007 2.86431e+007 2.86432e+007 2.86433e+007 2.86433e+007 2.86434e+007 2.86434e+007 2.86435e+007 2.86435e+007 2.86435e+007 2.86435e+007 2.86436e+007 2.86436e+007 2.86436e+007 2.86436e+007 2.86436e+007 2.86436e+007 2.86436e+007 2.86436e+007 2.86436e+007 2.86436e+007 2.86436e+007 2.86436e+007 2.86436e+007 2.86436e+007 2.86436e+007 2.86436e+007 2.86436e+007 2.86436e+007 2.86436e+007 2.86436e+007 2.86436e+007 2.86436e+007 2.86436e+007 2.86436e+007 2.86436e+007 2.86436e+007 2.86436e+007 2.86436e+007 2.86436e+007 2.86436e+007 2.86436e+007 2.86436e+007 2.86436e+007 2.86436e+007 2.86436e+007 2.86436e+007 2.86436e+007 2.86436e+007 2.86436e+007 2.86436e+007 2.86436e+007 2.86436e+007 0 0 0 0 0 0 0 0 0 0 0 0 0 0 0 0 0 0 0 0 0 0 0 0 0
#obs survey bio
 4.00084e+006 2.2975e+006 3.55459e+006 3.44178e+006 2.45639e+006 3.19201e+006 2.74558e+006 1.79893e+006 2.17327e+006 2.30756e+006 1.42845e+006 1.16152e+006 1.10911e+006 1.16975e+006 1.02552e+006 975698 717624 521235 649332 484647 568562 519682 471282 418408 388301 382183 389917 638978 481700 485595 435003 433713 593163 466730 774364 600497 547675 707761 467779 533870 506713 842181 431114 445426 654253 607305 805919 927321 536947 614969 730609 707155 691932 657146 642240 696643 916168 856929 1.14845e+006 983014 784962 1.17765e+006 1.11802e+006 986602 1.15165e+006 985924 989115 1.07665e+006
#pred catch bio
 99249.6 91631.4 138048 189881 224452 289260 287745 288230 291075 301306 313094 300423 274577 270536 225608 204216 189980 164854 157995 133228 131899 127788 110645 111471 108624 105340 96455.1 105314 98173.3 96110.8 105534 88885.5 97653.4 91116.2 92667.2 100545 99599.1 101550 93211.9 104771 104968 101962 99362.9 114389 105744 110244 105984 106231 106619 113769 66693.7 72098.3 95093.9 111355 106765 102868 104033 91491.3 122268 123358 124326 113348 137000 147194 127565 134068 137655 123961 121895 122887 123479 127553 134420 142254 149848 156564 162156 166616 170062 172662 174586 175991 177005 177729 178244 178607 178862 179040 179165 179252 179312 179354 179383 179403 179416 179426 179432 179437 179440 179442 179444 179445 179445 179446 179446 179446 179446 179447 179447 179447 179447 179447 179447 179447 179447 179447 179447 179447 179447 179447 179447 179447 179447 179447 179447 179447 179447 179447 179447 179447 179447 179447 179447 179447 179447 179447 179447 179447 179447 179447 179447 179447 179447 179447 179447 179447 179447 179447 179447 179447 179447 179447 179447 179447 179447 179447 179447 179447 179447 179447 179447 179447 179447 179447 179447 179447 179447 179447 0 0 0 0 0 0 0 0 0 0 0 0 0 0 0 0 0 0 0 0 0 0 0 0 0
#obs catch bio
 0 91345.8 138201 190319 225026 291042 288282 289386 292696 301982 314671 303977 277584 273198 227551 204838 191134 166100 158299 133729 132300 128325 110811 111725 109145 106369 97169.8 105710 98634.9 96586.7 106926 89508.6 98292.7 91570.1 92611.1 100294 99328.6 100892 92788.5 104586 105334 101785 99387.5 115078 105922 110350 105897 105739 106780 114642 66531.5 72019.7 95122 111416 106771 103155 104755 91539.7 122816 123640 125218 113372 137064 147742 127100 133731 137654 123871
#pred cpue bio
 3.37997e+006 3.27311e+006 3.18146e+006 3.05098e+006 2.87881e+006 2.68551e+006 2.43943e+006 2.21243e+006 2.0019e+006 1.80391e+006 1.60745e+006 1.40714e+006 1.22612e+006 1.07544e+006 926886 824649 742420 671129 622986 576849 554289 529521 505273 498071 488708 481838 478546 485955 483067 488439 497592 496569 515646 525606 543468 559801 566209 572559 575938 589674 591793 594888 602684 615252 611503 617516 618131 623418 628880 635130 634281 690824 745536 774575 784262 800294 824289 850671 894357 903678 910709 916466 934732 924423 898681 892264 877029 856664 2.98075e+007 1.78417e+007 1.79937e+007 1.86695e+007 1.97717e+007 2.10273e+007 2.22549e+007 2.33578e+007 2.42959e+007 2.50648e+007 2.56788e+007 2.61605e+007 2.65337e+007 2.68208e+007 2.70407e+007 2.72088e+007 2.73374e+007 2.7436e+007 2.75118e+007 2.75703e+007 2.76156e+007 2.7651e+007 2.76786e+007 2.77003e+007 2.77174e+007 2.7731e+007 2.77418e+007 2.77504e+007 2.77573e+007 2.77628e+007 2.77672e+007 2.77708e+007 2.77737e+007 2.77761e+007 2.7778e+007 2.77795e+007 2.77808e+007 2.77818e+007 2.77826e+007 2.77833e+007 2.77839e+007 2.77843e+007 2.77847e+007 2.7785e+007 2.77853e+007 2.77855e+007 2.77856e+007 2.77858e+007 2.77859e+007 2.7786e+007 2.7786e+007 2.77861e+007 2.77861e+007 2.77862e+007 2.77862e+007 2.77863e+007 2.77863e+007 2.77863e+007 2.77863e+007 2.77863e+007 2.77863e+007 2.77863e+007 2.77863e+007 2.77863e+007 2.77864e+007 2.77864e+007 2.77864e+007 2.77864e+007 2.77864e+007 2.77864e+007 2.77864e+007 2.77864e+007 2.77864e+007 2.77864e+007 2.77864e+007 2.77864e+007 2.77864e+007 2.77864e+007 2.77864e+007 2.77864e+007 2.77864e+007 2.77864e+007 2.77864e+007 2.77864e+007 2.77864e+007 2.77864e+007 2.77864e+007 2.77864e+007 2.77864e+007 2.77864e+007 2.77864e+007 2.77864e+007 2.77864e+007 2.77864e+007 2.77864e+007 2.77864e+007 2.77864e+007 2.77864e+007 2.77864e+007 2.77864e+007 0 0 0 0 0 0 0 0 0 0 0 0 0 0 0 0 0 0 0 0 0 0 0 0 0
#obs cpue bio
 3.06341e+006 3.04735e+006 3.33506e+006 2.382e+006 2.4254e+006 2.2671e+006 2.8675e+006 2.1482e+006 1.56561e+006 1.92922e+006 1.55057e+006 1.03525e+006 1.21355e+006 1.10545e+006 717231 907908 663623 689351 861646 535853 603220 522241 550039 616353 512578 427416 530044 545304 394642 441295 384840 524904 576197 535979 609000 702601 605432 745726 580730 665554 454942 641054 667860 699003 638140 761910 527456 626919 453355 602104 541018 852852 932142 972794 893378 662567 530108 969068 875444 829287 674336 1.03019e+006 1.07369e+006 706219 1.07757e+006 881465 696432 647717
#pred surv len freq
 0.00434989 0.00710872 0.0107883 0.0154069 0.020884 0.0269602 0.0331686 0.0389493 0.0438548 0.0476899 0.0504972 0.052445 0.053727 0.0545119 0.0549289 0.055071 0.0550083 0.054788 0.0543888 0.0536252 0.0520687 0.0491079 0.0442191 0.0373438 0.0291085
 0.00468277 0.00756519 0.0113218 0.0159296 0.0213016 0.0272209 0.0332936 0.039018 0.0439515 0.0478463 0.0506711 0.0525498 0.0536894 0.0543213 0.0546492 0.0548112 0.0548677 0.0548021 0.0545022 0.0537082 0.0519754 0.0487494 0.0436099 0.0365941 0.0283674
 0.00475493 0.00774041 0.011686 0.0165809 0.0223058 0.0285529 0.0348054 0.0404706 0.0451067 0.048566 0.0509547 0.0524915 0.0533981 0.0538676 0.0540687 0.0541396 0.054162 0.0541248 0.0538821 0.0531146 0.0513337 0.0479926 0.0427323 0.035666 0.0275021
 0.00490004 0.00795696 0.0119816 0.0169647 0.0228045 0.0292229 0.0357231 0.0416889 0.0465954 0.0501764 0.0524477 0.0536245 0.0540181 0.0539509 0.0536932 0.0534264 0.0532308 0.0530745 0.0527833 0.0520021 0.0502089 0.0468466 0.0415799 0.0345643 0.0265342
 0.0050727 0.00824299 0.0124203 0.017592 0.0236418 0.0302651 0.0369331 0.0430096 0.0479726 0.0515711 0.053819 0.0548944 0.0550544 0.0545965 0.0538279 0.0530165 0.0523349 0.0518101 0.0512808 0.0503728 0.0485355 0.045194 0.0400139 0.0331608 0.0253672
 0.00521752 0.00848726 0.0128051 0.0181633 0.0244429 0.0313231 0.0382426 0.0445224 0.0496015 0.0532077 0.0553583 0.0562503 0.0561573 0.0553768 0.0542038 0.0529068 0.0516923 0.0506513 0.0496906 0.0484824 0.0464928 0.0431439 0.0380903 0.0314791 0.0240104
 0.00549475 0.00892408 0.0134376 0.0190185 0.0255377 0.032661 0.0398068 0.0462683 0.0514539 0.0550657 0.057106 0.0577713 0.0573503 0.0561645 0.0545307 0.0527294 0.0509765 0.0493854 0.0479089 0.0462821 0.0440317 0.0406191 0.035705 0.0294071 0.0223636
 0.00577672 0.0093797 0.0141176 0.0199667 0.0267816 0.0341979 0.0415909 0.0482106 0.0534388 0.0569767 0.0588432 0.0592542 0.0585103 0.0569382 0.0548594 0.0525618 0.0502725 0.0481243 0.046105 0.0440065 0.0414271 0.0378924 0.033093 0.0271241 0.0205507
 0.00599983 0.00975168 0.0146949 0.0208086 0.0279388 0.0356942 0.0434031 0.0502592 0.0555974 0.0590955 0.0607766 0.0608819 0.0597469 0.0577304 0.0551745 0.0523745 0.0495581 0.0468638 0.0443034 0.0417188 0.0387804 0.0350886 0.0303789 0.0247341 0.0186459
 0.00623496 0.0101304 0.0152595 0.0215992 0.0289902 0.0370278 0.0450156 0.0521111 0.0576096 0.0611541 0.0627454 0.0626199 0.0611281 0.0586599 0.055594 0.052256 0.0488912 0.0456478 0.042554 0.0394895 0.0361885 0.032325 0.0276853 0.0223477 0.0167354
 0.00647543 0.0105268 0.0158659 0.0224689 0.0301641 0.0385179 0.0467887 0.0540854 0.059669 0.0631727 0.064606 0.0642207 0.0623808 0.0594891 0.0559396 0.0520776 0.0481688 0.0443814 0.0407669 0.0372421 0.0335981 0.0295753 0.0250089 0.0199755 0.0148343
 0.00668157 0.0108796 0.01643 0.023316 0.0313587 0.0400928 0.0487202 0.056282 0.061983 0.0654288 0.066634 0.0658812 0.0635785 0.0601724 0.05609 0.0516947 0.0472603 0.0429616 0.038866 0.0349232 0.0309769 0.0268287 0.0223575 0.0176371 0.0129652
 0.00687639 0.0112001 0.0169208 0.024025 0.0323323 0.0413656 0.0502997 0.0581344 0.0640259 0.0675347 0.0686445 0.0676305 0.0649211 0.061006 0.0563641 0.0514035 0.0464266 0.0416229 0.0370717 0.0327464 0.0285319 0.0242805 0.0199076 0.0154822 0.0112458
 0.00705695 0.0114935 0.0173626 0.0246493 0.0331672 0.0424254 0.0515756 0.0595907 0.0656033 0.0691578 0.0702269 0.0690756 0.066125 0.061866 0.056794 0.0513473 0.0458647 0.0405704 0.0355742 0.0308805 0.0264119 0.0220613 0.0177711 0.0136026 0.00974603
 0.00731903 0.0119177 0.0179969 0.0255355 0.0343311 0.043862 0.0532352 0.0613759 0.0673851 0.0708035 0.0716267 0.0701556 0.0668451 0.0622085 0.0567508 0.0509125 0.0450358 0.0393558 0.0340043 0.0290176 0.0243575 0.019955 0.0157742 0.0118662 0.0083726
 0.00749092 0.0121902 0.0183949 0.0260798 0.0350375 0.0447383 0.0542749 0.0625515 0.0686442 0.0720715 0.0728156 0.0711771 0.0676244 0.0626938 0.0569139 0.0507428 0.0445324 0.0385252 0.0328663 0.0276167 0.0227732 0.0183026 0.0141905 0.0104799 0.00727179
 0.00759317 0.0123649 0.0186731 0.0264945 0.0356154 0.0454876 0.0551751 0.0635529 0.0696798 0.0730736 0.0737268 0.0719513 0.0682223 0.0630803 0.0570598 0.0506279 0.0441479 0.0378739 0.0319645 0.0265003 0.0215051 0.016975 0.0129139 0.0093598 0.00638121
 0.0076517 0.0124685 0.0188454 0.0267643 0.0360122 0.0460328 0.055872 0.0643787 0.0705852 0.0739895 0.0745768 0.0726663 0.0687523 0.0633981 0.0571562 0.0505038 0.0438079 0.0373254 0.0312216 0.0255913 0.0204796 0.0159056 0.0118878 0.00846045 0.00566656
 0.00772249 0.0125636 0.0189527 0.0268637 0.0360857 0.0460789 0.0559152 0.0644663 0.0707699 0.0743068 0.0750281 0.0732155 0.0693355 0.063941 0.0575913 0.050781 0.0438971 0.0372146 0.0309145 0.0251085 0.0198609 0.0152109 0.0111899 0.00783016 0.0051555
 0.00787255 0.0127974 0.0192837 0.0272932 0.0365976 0.0466357 0.0564589 0.0649298 0.0710996 0.0744854 0.0750816 0.0731981 0.0693005 0.0639165 0.057572 0.0507367 0.043789 0.0370095 0.0305948 0.0246759 0.0193381 0.0146396 0.0106241 0.00732327 0.00474643
 0.00786673 0.0127891 0.0192738 0.0272843 0.0365943 0.0466447 0.0564871 0.0649814 0.0711729 0.0745728 0.0751744 0.0732941 0.0694083 0.0640503 0.0577396 0.0509279 0.043973 0.0371441 0.0306405 0.0246096 0.0191612 0.0143776 0.0103195 0.00702332 0.00448943
 0.00793195 0.0128868 0.0194054 0.0274452 0.0367754 0.0468344 0.0566729 0.065151 0.071315 0.0746779 0.0752361 0.0733101 0.0693823 0.0639934 0.0576689 0.0508605 0.0439169 0.0370924 0.0305735 0.0245046 0.019005 0.0141745 0.0100908 0.00679877 0.00429618
 0.00809359 0.0131283 0.0197288 0.0278373 0.0372103 0.0472784 0.0570893 0.0655035 0.0715721 0.0748187 0.0752544 0.0732146 0.0691929 0.0637361 0.0573722 0.0505518 0.0436192 0.0368195 0.0303273 0.0242774 0.0187859 0.0139582 0.00988166 0.00660917 0.00413939
 0.0081715 0.0132418 0.0198747 0.0280033 0.0373768 0.0474236 0.057194 0.0655552 0.0715686 0.0747696 0.0751786 0.0731337 0.0691233 0.0636843 0.0573354 0.0505227 0.0435906 0.0367868 0.0302871 0.0242261 0.0187199 0.0138764 0.00978839 0.00651402 0.00405373
 0.0082525 0.0133739 0.0200733 0.0282799 0.0377331 0.0478441 0.0576404 0.0659703 0.0718902 0.0749497 0.0751984 0.0730064 0.0688858 0.0633833 0.0570139 0.0502116 0.0433072 0.0365373 0.0300709 0.0240392 0.0185575 0.0137344 0.00966517 0.00641038 0.00397156
 0.00824673 0.0133751 0.020095 0.0283419 0.0378576 0.0480475 0.0579255 0.0663208 0.0722701 0.0753087 0.0754825 0.0731716 0.0689105 0.063274 0.0568009 0.0499375 0.0430136 0.0362551 0.0298181 0.0238224 0.0183763 0.0135855 0.0095451 0.00631641 0.00390152
 0.00820628 0.0133115 0.0200043 0.0282246 0.0377213 0.0479106 0.0578175 0.0662773 0.0723219 0.0754678 0.0757333 0.0734729 0.0692071 0.0635138 0.0569502 0.0499881 0.0429799 0.0361648 0.0297005 0.0237003 0.0182637 0.0134885 0.00946537 0.00625372 0.0038548
 0.00816617 0.0132322 0.0198596 0.0279835 0.0373585 0.0474215 0.0572324 0.0656634 0.0717707 0.0750718 0.0755615 0.0735526 0.0695176 0.0639933 0.0575134 0.0505501 0.0434768 0.0365632 0.0299951 0.023904 0.0183962 0.0135693 0.00951027 0.00627499 0.00386191
 0.00828554 0.0134125 0.0201037 0.0282805 0.0376813 0.0477266 0.0574634 0.0657626 0.0716981 0.0748255 0.0751856 0.0731264 0.0691289 0.0637091 0.0573612 0.0505167 0.0435214 0.0366381 0.0300629 0.0239459 0.01841 0.0135625 0.00949271 0.00625487 0.00384413
 0.00828541 0.0134179 0.0201218 0.0283208 0.0377515 0.0478276 0.0575835 0.0658769 0.0717728 0.0748279 0.0750964 0.0729502 0.0688976 0.0634737 0.0571752 0.0504165 0.0435147 0.0367047 0.0301674 0.0240536 0.0184978 0.0136218 0.00952603 0.00626973 0.00384838
 0.00814219 0.0132092 0.0198531 0.0280138 0.0374404 0.0475497 0.0573719 0.0657545 0.071748 0.0748922 0.0752245 0.0731067 0.0690489 0.0636006 0.0572792 0.050515 0.0436291 0.0368468 0.0303328 0.0242245 0.018653 0.0137459 0.00961393 0.00632498 0.00387925
 0.00811923 0.0131677 0.0197838 0.0279085 0.0372968 0.0473786 0.0572 0.0656192 0.0716846 0.0749177 0.0753299 0.0732603 0.0692095 0.0637324 0.0573627 0.0505511 0.0436349 0.0368458 0.0303439 0.0242548 0.0186976 0.013794 0.00965529 0.00635459 0.00389718
 0.00796712 0.0129194 0.0194093 0.0273814 0.0366035 0.0465304 0.0562458 0.0646488 0.0708165 0.0742732 0.0750026 0.0732923 0.069581 0.0643693 0.0581594 0.0514002 0.0444514 0.0375783 0.0309708 0.0247735 0.0191133 0.0141141 0.00988869 0.0065133 0.00399652
 0.00786264 0.0127619 0.0191941 0.0271099 0.0362782 0.0461508 0.0558077 0.0641509 0.0702718 0.0737194 0.0745036 0.0729266 0.0694194 0.064451 0.0584775 0.0519035 0.0450617 0.0382141 0.0315676 0.0252916 0.019536 0.0144401 0.0101261 0.00667516 0.00409873
 0.00771446 0.0125213 0.018834 0.0266088 0.035629 0.0453708 0.0549462 0.0632846 0.0694862 0.0730856 0.0740656 0.0727041 0.0694194 0.0646759 0.0589212 0.0525409 0.045842 0.0390655 0.0324113 0.0260596 0.0201834 0.0149479 0.0104973 0.00692746 0.00425738
 0.00764702 0.012403 0.0186398 0.0263093 0.0351967 0.0447906 0.054227 0.0624661 0.0686372 0.072292 0.0734134 0.0722615 0.0692259 0.0647396 0.0592261 0.0530547 0.04652 0.0398503 0.0332353 0.0268529 0.0208863 0.0155218 0.0109291 0.00722657 0.00444762
 0.00761933 0.012365 0.0185941 0.0262596 0.0351418 0.0447181 0.0541103 0.0622702 0.0683325 0.071872 0.0729049 0.0717234 0.0687347 0.0643701 0.059033 0.0530636 0.0467261 0.0402224 0.0337223 0.0273924 0.021415 0.0159879 0.0113011 0.00749579 0.00462437
 0.00768829 0.0124531 0.018683 0.026319 0.0351398 0.0446352 0.0539492 0.0620524 0.0680836 0.0716063 0.0726214 0.0714159 0.0684089 0.0640534 0.0587719 0.0529087 0.0467142 0.0403643 0.0339994 0.0277618 0.0218212 0.0163764 0.0116309 0.00774636 0.00479525
 0.00782738 0.0126647 0.0189729 0.0266784 0.0355427 0.0450379 0.0542935 0.0622766 0.0681407 0.0714809 0.0723341 0.0710113 0.0679368 0.0635575 0.0582902 0.0524791 0.046376 0.0401502 0.0339241 0.027815 0.0219691 0.0165727 0.0118304 0.00791657 0.00492112
 0.00781794 0.0126592 0.0189825 0.026719 0.035629 0.045176 0.0544729 0.0624689 0.068305 0.0715757 0.0723302 0.0709011 0.0677354 0.0632963 0.0580066 0.0522087 0.0461496 0.0399933 0.0338543 0.0278362 0.0220682 0.0167211 0.0119933 0.00806403 0.00503549
 0.00776084 0.0125906 0.0189243 0.0267071 0.0357046 0.0453703 0.0547933 0.0628919 0.0687797 0.0720333 0.0726984 0.0711193 0.067769 0.0631451 0.0577034 0.0518091 0.0457169 0.039586 0.0335167 0.0275945 0.0219278 0.0166686 0.0120022 0.00810439 0.00508263
 0.00777937 0.0126034 0.0189134 0.02665 0.0355868 0.0452011 0.0546148 0.0627707 0.068781 0.0721902 0.0729937 0.0714903 0.0681306 0.0634189 0.0578401 0.0517984 0.0455844 0.0393801 0.0332923 0.027398 0.0217874 0.0165918 0.0119791 0.00811577 0.00510859
 0.00781141 0.0126489 0.0189686 0.0267041 0.0356217 0.045193 0.0545411 0.0626213 0.0685709 0.0719653 0.0728199 0.0714271 0.0682023 0.0636016 0.0580726 0.0520101 0.0457237 0.0394297 0.0332679 0.0273336 0.0217189 0.0165434 0.0119591 0.00811915 0.00512461
 0.0076502 0.012422 0.0186917 0.0264131 0.0353608 0.044997 0.0544208 0.0625617 0.068542 0.0719402 0.0727901 0.0714091 0.0682303 0.0637083 0.058269 0.0522749 0.0460111 0.0396902 0.0334683 0.0274669 0.0217986 0.0165912 0.011993 0.00814854 0.00515097
 0.00762736 0.0123799 0.018621 0.0263069 0.0352218 0.0448453 0.0542955 0.0625092 0.0685936 0.0720906 0.072995 0.0716045 0.0683647 0.0637657 0.0582693 0.0522548 0.0459994 0.0396948 0.0334796 0.027471 0.0217891 0.0165716 0.0119722 0.00813339 0.00514376
 0.00760476 0.0123336 0.0185336 0.0261563 0.0349869 0.0445161 0.0538835 0.0620537 0.0681586 0.0717509 0.0728133 0.0716099 0.0685412 0.0640608 0.0586179 0.0526042 0.0463215 0.0399806 0.0337276 0.0276786 0.0219533 0.0166927 0.0120553 0.00818744 0.00517763
 0.00761701 0.0123549 0.0185671 0.0262029 0.0350416 0.0445637 0.053898 0.0620042 0.0680223 0.0715282 0.0725355 0.0713323 0.0683247 0.0639483 0.0586198 0.0526998 0.0464733 0.0401517 0.0338919 0.0278222 0.02207 0.0167813 0.0121179 0.00822853 0.00520288
 0.0077089 0.0124789 0.0187072 0.0263295 0.0351209 0.0445717 0.0538301 0.0618742 0.0678513 0.0713328 0.0723243 0.0711132 0.0681136 0.0637725 0.0585096 0.0526751 0.0465333 0.040276 0.0340497 0.027984 0.0222147 0.016898 0.012204 0.00828705 0.00523957
 0.0077507 0.0125548 0.0188344 0.026524 0.0353875 0.0448926 0.054159 0.0621448 0.068001 0.0713276 0.0721704 0.0708481 0.0677876 0.0634329 0.0581952 0.0524153 0.0463477 0.0401705 0.0340156 0.0280009 0.0222588 0.016949 0.0122491 0.00832074 0.00526177
 0.00768442 0.012465 0.0187334 0.0264363 0.0353459 0.0449284 0.0542915 0.0623715 0.0682924 0.0716304 0.0724204 0.0709914 0.0677994 0.063324 0.0580037 0.0521905 0.0461345 0.0400005 0.0339034 0.0279453 0.0222469 0.0169632 0.0122734 0.00834431 0.00527965
 0.00760369 0.0123476 0.0185832 0.0262682 0.0351847 0.0448057 0.0542404 0.0624208 0.0684572 0.0719024 0.0727631 0.071345 0.0680967 0.0635115 0.0580583 0.0521243 0.0459861 0.0398189 0.0337313 0.0278096 0.0221566 0.0169132 0.0122519 0.00833886 0.00528095
 0.00723322 0.0117459 0.017682 0.0250136 0.033559 0.0428572 0.0521085 0.060332 0.0666829 0.0706896 0.072271 0.0716105 0.0690356 0.0649493 0.0597781 0.0539185 0.047695 0.0413464 0.0350375 0.0288909 0.0230259 0.0175884 0.0127526 0.00868852 0.0055079
 0.00713632 0.0115558 0.0173347 0.0244267 0.0326489 0.0415685 0.0504468 0.0583855 0.0646223 0.0687467 0.0706987 0.0706312 0.0687891 0.0654565 0.0609374 0.0555369 0.0495425 0.04321 0.0367586 0.0303763 0.0242382 0.0185282 0.0134431 0.00916589 0.00581536
 0.00725869 0.0117401 0.0175811 0.0247166 0.0329368 0.0417774 0.0504702 0.058107 0.0639526 0.067669 0.0692989 0.0690951 0.0673622 0.0643802 0.0603828 0.0555608 0.050081 0.0441109 0.0378348 0.0314581 0.0252053 0.0193172 0.0140377 0.0095815 0.00608417
 0.00743057 0.012017 0.0179921 0.0252832 0.0336635 0.0426379 0.0513934 0.0589717 0.064602 0.0679429 0.0690786 0.0683461 0.0661613 0.0629109 0.0588938 0.0542977 0.0492167 0.0437039 0.0378323 0.0317346 0.0256164 0.019743 0.0144036 0.00985684 0.00626969
 0.00742085 0.0120218 0.0180377 0.0254082 0.0339109 0.04304 0.0519568 0.0596669 0.0653601 0.0686601 0.0696281 0.068601 0.0660288 0.0623694 0.0580162 0.0532431 0.0481868 0.0428795 0.0373175 0.0315365 0.0256639 0.0199301 0.0146322 0.0100616 0.00642214
 0.00724246 0.0117586 0.0176933 0.0250075 0.0334994 0.0426786 0.0517139 0.0596077 0.0655297 0.0690643 0.0702192 0.0692792 0.0666608 0.0628229 0.0581999 0.0531401 0.0478643 0.0424658 0.0369526 0.0313194 0.0256236 0.0200314 0.0148073 0.0102452 0.00657285
 0.00709186 0.0115137 0.0173262 0.0244973 0.0328426 0.0419026 0.050888 0.0588397 0.0649442 0.0687689 0.070273 0.0696755 0.0673266 0.0636341 0.059011 0.0538225 0.0483437 0.0427413 0.0370865 0.0314011 0.0257259 0.0201834 0.0149952 0.010434 0.00673104
 0.00693969 0.0112615 0.0169379 0.0239368 0.0320819 0.0409362 0.0497483 0.0576067 0.0637416 0.0677451 0.0695736 0.06941 0.0675401 0.0642909 0.0599994 0.0549828 0.0495108 0.0437882 0.0379513 0.032085 0.0262675 0.0206247 0.0153604 0.010728 0.00695166
 0.00702671 0.0113875 0.0170974 0.0241104 0.0322363 0.041026 0.0497214 0.0574139 0.0633515 0.0671632 0.0688547 0.0686567 0.0668815 0.0638475 0.0598453 0.0551217 0.0498775 0.0442767 0.0384555 0.0325326 0.0266311 0.0209102 0.0155848 0.0109045 0.00708556
 0.00697862 0.0113357 0.0170669 0.024138 0.0323566 0.0412512 0.050025 0.0577295 0.0635899 0.0672402 0.0687178 0.0683034 0.0663643 0.0632643 0.0593147 0.0547475 0.0497162 0.0443228 0.0386524 0.0328026 0.0269069 0.0211519 0.0157788 0.011052 0.00719273
 0.00686172 0.0111587 0.0168269 0.023846 0.0320406 0.0409567 0.0498098 0.0576485 0.063672 0.0674666 0.0690187 0.0685803 0.066529 0.063275 0.0591917 0.0545618 0.0495577 0.0442627 0.0387179 0.0329747 0.0271378 0.0213905 0.0159886 0.0112163 0.00731003
 0.00673518 0.0109494 0.0165063 0.0233887 0.0314337 0.0402138 0.0489838 0.0568323 0.0629821 0.0670119 0.0688666 0.068734 0.0669259 0.0638096 0.0597547 0.0550788 0.0500071 0.0446664 0.0391122 0.0333808 0.0275493 0.0217798 0.0163243 0.0114783 0.00749513
 0.00673061 0.0109445 0.0165022 0.0233845 0.0314223 0.0401777 0.0488952 0.0566627 0.0627179 0.0666704 0.0685002 0.0684159 0.0667228 0.0637538 0.0598331 0.0552438 0.0502043 0.0448604 0.0392958 0.0335646 0.027743 0.0219798 0.0165149 0.011641 0.00761865
 0.00684122 0.0111103 0.0167257 0.0236588 0.031733 0.0405053 0.0492155 0.0569442 0.0629209 0.0667526 0.0684302 0.0681896 0.066373 0.0633433 0.0594326 0.0549061 0.0499501 0.0446831 0.0391787 0.0334948 0.0277146 0.0219882 0.0165508 0.0116903 0.00766718
 0.00691696 0.0112211 0.0168695 0.0238248 0.0319041 0.0406624 0.0493417 0.0570277 0.0629567 0.0667409 0.0683732 0.0680879 0.0662258 0.0631548 0.0592184 0.0546938 0.0497703 0.0445571 0.0391117 0.0334795 0.0277379 0.0220367 0.016612 0.011753 0.00772212
 0.00699334 0.0113499 0.0170707 0.0241171 0.0322967 0.041145 0.0498767 0.057553 0.0634005 0.067043 0.0685009 0.0680392 0.0660219 0.0628288 0.0588079 0.0542375 0.0493076 0.0441251 0.0387399 0.0331844 0.0275227 0.0218937 0.0165275 0.0117107 0.00770627
 0.00697885 0.011346 0.0171017 0.0242187 0.0325082 0.0414957 0.0503713 0.0581633 0.0640666 0.0676834 0.0690288 0.0683822 0.0661382 0.0627152 0.0584955 0.0537797 0.048766 0.0435596 0.0382017 0.0327119 0.0271386 0.0216048 0.0163273 0.0115836 0.00763319
#obs surv len freq
 nan nan nan nan nan nan nan nan nan nan nan nan nan nan nan nan nan nan nan nan nan nan nan nan nan
 0.0044791 0.00733798 0.0111658 0.0159809 0.0216816 0.0279582 0.0342742 0.0400076 0.0446893 0.048155 0.0505146 0.052012 0.0529056 0.0534191 0.0537343 0.0539899 0.054269 0.0545621 0.054701 0.054293 0.0527309 0.0493627 0.0438117 0.0362908 0.0276734
 0.0046133 0.00755639 0.0114947 0.016444 0.0222945 0.0287199 0.0351579 0.0409581 0.04563 0.0490021 0.0511929 0.052466 0.0531061 0.0533637 0.0534438 0.0535006 0.0536237 0.0538033 0.0538674 0.0534213 0.0518595 0.0485342 0.0430705 0.0356742 0.0272021
 0.00478026 0.00782943 0.0119085 0.0170317 0.0230808 0.0297105 0.0363281 0.0422485 0.0469531 0.0502571 0.052281 0.0533019 0.0536255 0.0535294 0.0532482 0.0529649 0.0527918 0.0527333 0.0526247 0.0520754 0.0504853 0.0472116 0.041879 0.0346795 0.0264405
 0.00496429 0.00813221 0.0123709 0.0176943 0.023976 0.03085 0.0376902 0.0437727 0.0485471 0.0518129 0.05369 0.0544652 0.0544594 0.0539695 0.0532551 0.0525276 0.05193 0.0514957 0.0510858 0.0503311 0.0486497 0.045411 0.0402381 0.0333005 0.0253806
 0.00518093 0.00848627 0.0129074 0.0184566 0.0249984 0.0321448 0.0392341 0.0455015 0.0503631 0.0536017 0.055337 0.0558655 0.0555223 0.0546205 0.0534374 0.0522062 0.0510965 0.0501745 0.0493393 0.0482633 0.0464037 0.0431582 0.0381545 0.0315325 0.0240138
 0.00540569 0.00885324 0.0134628 0.019245 0.0260546 0.0334815 0.0408284 0.0472895 0.0522483 0.0554725 0.0570825 0.0573844 0.0567252 0.0554294 0.0537864 0.052043 0.0503879 0.0489164 0.0475694 0.0460737 0.0439456 0.0406311 0.0357749 0.0294883 0.0224202
 0.00564752 0.00925008 0.0140669 0.020107 0.0272138 0.03495 0.0425754 0.0492364 0.054281 0.0574641 0.0589145 0.058957 0.0579578 0.0562569 0.0541534 0.0519012 0.0496982 0.0476579 0.0457577 0.0437818 0.0413185 0.0378807 0.0331459 0.0272032 0.0206233
 0.00589958 0.00966147 0.0146892 0.0209897 0.0283954 0.0364436 0.0443532 0.0512236 0.0563645 0.0595134 0.0608025 0.0605742 0.0592175 0.0570945 0.0545212 0.0517613 0.0490184 0.0464163 0.043959 0.0414824 0.0386494 0.0350495 0.030407 0.0247977 0.0187156
 0.00613465 0.0100505 0.0152872 0.0218522 0.0295668 0.0379398 0.0461441 0.0532272 0.0584606 0.0615674 0.0626874 0.0621828 0.0604651 0.0579178 0.0548743 0.0516109 0.0483391 0.0451918 0.0421938 0.0392253 0.0360183 0.0322402 0.0276684 0.0223742 0.0167802
 0.00636268 0.0104262 0.0158623 0.0226785 0.0306871 0.039372 0.0478651 0.0551652 0.0605038 0.0635837 0.0645462 0.0637696 0.0616899 0.0587161 0.0552038 0.0514451 0.0476606 0.0439919 0.0404815 0.0370474 0.0334836 0.0295303 0.0250182 0.0200188 0.0148905
 0.00661835 0.0108394 0.0164797 0.0235421 0.0318269 0.0407943 0.0495393 0.0570194 0.0624328 0.065468 0.0662696 0.0652304 0.0628058 0.0594256 0.0554655 0.051234 0.0469642 0.0428078 0.0388241 0.0349643 0.0310768 0.0269668 0.0225137 0.0177913 0.0130998
 0.00683471 0.0111996 0.0170368 0.0243496 0.0329259 0.0421947 0.0512024 0.0588547 0.0643148 0.0672646 0.0678663 0.0665404 0.0637685 0.0600004 0.055626 0.0509639 0.0462547 0.0416594 0.0372528 0.0330165 0.0288466 0.0246052 0.0202143 0.015749 0.0114584
 0.00707183 0.0115834 0.0176116 0.025156 0.033994 0.043532 0.0527803 0.0606014 0.0661213 0.0690026 0.0694095 0.0677836 0.0646382 0.0604575 0.0556596 0.0505803 0.0454673 0.0404847 0.0357159 0.0311648 0.0267667 0.0224313 0.0181161 0.013896 0.00997412
 0.00727564 0.0119222 0.0181347 0.0259123 0.0350202 0.0448352 0.0543213 0.0622924 0.0678417 0.0706251 0.0708224 0.0689003 0.0653982 0.0608247 0.0556207 0.0501419 0.0446501 0.039318 0.0342376 0.0294289 0.0248561 0.0204649 0.0162394 0.0122519 0.00866438
 0.00742577 0.0121686 0.0185105 0.0264512 0.0357515 0.0457747 0.0554606 0.0635905 0.0692267 0.0720035 0.0720927 0.0699674 0.0661851 0.0612793 0.0557164 0.0498738 0.0440305 0.0383725 0.033005 0.027965 0.0232409 0.0188053 0.0146605 0.0108731 0.00756904
 0.0075222 0.0123257 0.018748 0.0267886 0.0362058 0.046356 0.0561674 0.0644069 0.0701232 0.0729398 0.0730198 0.0708285 0.0669176 0.0618203 0.0560116 0.0498851 0.0437401 0.037784 0.0321432 0.0268773 0.0219993 0.0175054 0.0134115 0.00977681 0.00669589
 0.00759984 0.0124489 0.0189279 0.027034 0.0365224 0.0467452 0.0566244 0.0649202 0.0706766 0.0735151 0.0735984 0.0713897 0.0674347 0.062258 0.0563267 0.0500314 0.0436777 0.0374879 0.0316112 0.026135 0.0211016 0.0165324 0.0124568 0.00892854 0.00601547
 0.00765992 0.0125405 0.0190545 0.0271953 0.0367152 0.0469651 0.0568669 0.0651815 0.0709538 0.0738067 0.0739039 0.0717073 0.0677582 0.0625724 0.0566059 0.0502389 0.0437707 0.037427 0.0313708 0.0257144 0.0205302 0.0158687 0.0117768 0.00830728 0.00550821
 0.00770751 0.0126145 0.0191595 0.0273325 0.0368821 0.0471544 0.0570668 0.0653778 0.0711337 0.0739645 0.0740427 0.0718373 0.0678909 0.0627143 0.0567527 0.0503734 0.0438638 0.0374425 0.0312759 0.0254904 0.0201835 0.0154331 0.0113068 0.00786281 0.00513664
 0.00776596 0.0127001 0.0192709 0.0274625 0.03702 0.0472896 0.0571915 0.0654874 0.0712262 0.0740392 0.0741013 0.071884 0.0679332 0.0627606 0.0568087 0.0504371 0.0439226 0.0374734 0.0312505 0.0253853 0.0199905 0.015166 0.0109997 0.00755912 0.00487456
 0.00782212 0.0127869 0.0193926 0.027619 0.0372048 0.0474897 0.0573872 0.0656555 0.0713464 0.0741011 0.0741076 0.0718485 0.0678742 0.0626957 0.0567509 0.050393 0.0438907 0.0374434 0.0312047 0.0253041 0.0198609 0.0149891 0.0107927 0.00734944 0.0046895
 0.0078568 0.0128414 0.019471 0.0277233 0.0373347 0.0476411 0.0575509 0.0658173 0.0714886 0.0742069 0.0741649 0.0718542 0.0678345 0.0626244 0.0566648 0.050307 0.0438139 0.0373764 0.0311403 0.02523 0.0197657 0.0148687 0.0106538 0.00720743 0.00456208
 0.00788492 0.012882 0.0195227 0.0277821 0.0373951 0.0476989 0.057605 0.0658691 0.0715402 0.0742583 0.0742131 0.0718928 0.067857 0.0626263 0.0566466 0.0502739 0.0437731 0.0373337 0.0310968 0.0251818 0.0197066 0.0147952 0.0105678 0.00711759 0.0044794
 0.0078956 0.0128994 0.0195486 0.0278175 0.0374394 0.0477487 0.0576541 0.0659101 0.0715676 0.0742714 0.0742163 0.0718931 0.0678592 0.062631 0.0566505 0.0502728 0.0437645 0.0373174 0.0310737 0.0251521 0.019669 0.0147484 0.0105134 0.00706027 0.00442593
 0.00790559 0.0129095 0.0195528 0.0278071 0.0374062 0.0476896 0.0575742 0.0658222 0.0714876 0.0742126 0.0741861 0.0718929 0.0678868 0.0626818 0.056718 0.0503487 0.0438399 0.0373846 0.0311272 0.0251887 0.0196878 0.0147502 0.0105009 0.00703831 0.00440061
 0.00786847 0.0128541 0.0194783 0.0277153 0.0373002 0.0475719 0.0574467 0.0656881 0.0713543 0.0740934 0.0740984 0.0718527 0.067903 0.0627536 0.0568354 0.0504963 0.0440004 0.037542 0.0312688 0.0253058 0.0197761 0.0148093 0.0105343 0.00705183 0.0044014
 0.00789263 0.012882 0.0194997 0.0277145 0.0372613 0.0474864 0.0573191 0.0655347 0.0711971 0.0739515 0.073984 0.0717724 0.0678612 0.0627538 0.0568788 0.0505791 0.0441132 0.037671 0.0313988 0.0254238 0.0198728 0.0148807 0.0105809 0.00707776 0.00441268
 0.0078898 0.01288 0.0195007 0.0277204 0.0372706 0.0474917 0.0573065 0.0654884 0.0711072 0.0738219 0.0738332 0.071627 0.0677462 0.0626852 0.0568624 0.0506123 0.0441877 0.0377746 0.031517 0.0255418 0.0199781 0.0149651 0.0106415 0.00711643 0.00443418
 0.00786026 0.0128315 0.0194275 0.0276179 0.0371382 0.0473353 0.0571391 0.0653279 0.0709702 0.0737174 0.0737618 0.0715851 0.0677322 0.0627021 0.0569152 0.0507037 0.0443146 0.0379279 0.0316834 0.0257062 0.0201269 0.0150883 0.0107344 0.00717994 0.00447326
 0.00784922 0.0128112 0.0193926 0.0275619 0.037055 0.0472213 0.0569967 0.0651663 0.0708053 0.0735677 0.0736441 0.0715102 0.0677028 0.0627151 0.056965 0.0507853 0.0444241 0.0380604 0.0318308 0.0258574 0.0202693 0.0152111 0.0108309 0.00724879 0.00451757
 0.00784361 0.0127965 0.0193602 0.0275005 0.0369536 0.047074 0.0568067 0.0649474 0.0705786 0.0733577 0.0734733 0.071396 0.0676551 0.062735 0.0570458 0.0509147 0.0445878 0.0382447 0.0320232 0.026046 0.0204429 0.0153599 0.0109488 0.00733422 0.00457387
 0.00781986 0.0127613 0.019313 0.0274422 0.0368844 0.046992 0.0567072 0.0648253 0.0704327 0.0731946 0.0733083 0.0712502 0.0675497 0.0626858 0.0570595 0.0509887 0.0447117 0.0384037 0.0322008 0.0262266 0.0206125 0.0155077 0.0110676 0.0074219 0.00463279
 0.0077766 0.0126907 0.0192069 0.0272942 0.0366926 0.0467626 0.0564565 0.0645777 0.0702138 0.0730231 0.0731925 0.0711899 0.0675419 0.0627285 0.0571522 0.0511298 0.0448954 0.0386189 0.0324323 0.0264571 0.0208261 0.0156915 0.0112143 0.00752964 0.0047052
 0.00773907 0.0126276 0.019108 0.027149 0.0364932 0.0465078 0.0561564 0.0642547 0.0699 0.0727532 0.0729958 0.071084 0.0675303 0.0628032 0.0572983 0.051331 0.0451364 0.0388852 0.0327088 0.0267279 0.0210751 0.0159055 0.0113849 0.0076551 0.00478967
 0.00771523 0.0125887 0.0190492 0.0270651 0.036379 0.0463594 0.0559724 0.0640388 0.0696624 0.0725113 0.0727727 0.070905 0.0674179 0.0627711 0.057349 0.0514562 0.0453207 0.0391099 0.0329549 0.0269766 0.0213092 0.0161106 0.0115512 0.00777916 0.00487427
 0.00768499 0.0125389 0.0189731 0.0269565 0.0362338 0.0461779 0.0557613 0.0638111 0.0694344 0.0722992 0.0725902 0.0707635 0.0673279 0.0627424 0.0573886 0.0515653 0.0454927 0.0393306 0.0332049 0.0272348 0.0215552 0.0163276 0.0117281 0.00791182 0.00496517
 0.00765536 0.012492 0.0189049 0.0268637 0.0361145 0.0460322 0.0555923 0.0636257 0.0692434 0.0721157 0.0724277 0.0706342 0.067241 0.0627045 0.0574045 0.0516371 0.0456192 0.0395053 0.0334151 0.0274627 0.0217808 0.0165325 0.0118987 0.00804175 0.0050553
 0.0076549 0.0124887 0.0188952 0.0268427 0.0360771 0.0459744 0.0555131 0.0635273 0.0691304 0.0719937 0.0723031 0.0705142 0.0671344 0.0626209 0.0573534 0.0516266 0.0456542 0.0395863 0.0335367 0.0276133 0.0219444 0.0166914 0.0120379 0.00815183 0.00513389
 0.00762118 0.0124406 0.0188351 0.0267764 0.0360118 0.0459151 0.0554603 0.0634773 0.0690781 0.0719358 0.0722398 0.0704492 0.0670732 0.0625702 0.0573198 0.051617 0.0456747 0.0396405 0.0336241 0.0277279 0.022075 0.0168237 0.0121579 0.00824964 0.00520541
 0.00761115 0.0124226 0.0188052 0.0267311 0.0359497 0.0458396 0.0553806 0.063406 0.0690261 0.0719072 0.0722297 0.0704473 0.0670695 0.06256 0.057305 0.0516043 0.045673 0.039658 0.0336658 0.0277939 0.0221595 0.0169166 0.0122477 0.00832639 0.00526375
 0.00759554 0.0123994 0.0187741 0.0266928 0.0359052 0.0457893 0.0553244 0.0633449 0.0689637 0.0718503 0.0721866 0.0704237 0.067066 0.0625713 0.0573239 0.0516255 0.0456958 0.0396859 0.0337039 0.0278454 0.0222238 0.0169883 0.0123188 0.00838895 0.00531258
 0.00757534 0.0123665 0.0187248 0.0266242 0.0358165 0.0456834 0.055209 0.0632314 0.0688642 0.0717745 0.0721398 0.0704073 0.0670788 0.0626101 0.057383 0.0516979 0.0457743 0.0397657 0.0337832 0.0279245 0.0223028 0.0170653 0.0123897 0.00844907 0.00535879
 0.0075547 0.0123336 0.0186765 0.026558 0.0357311 0.0455795 0.0550904 0.0631056 0.0687421 0.0716685 0.0720612 0.0703641 0.0670742 0.0626423 0.0574465 0.0517847 0.0458756 0.039873 0.03389 0.0280266 0.0223973 0.0171503 0.0124628 0.00850829 0.00540306
 0.00754421 0.0123148 0.018645 0.0265089 0.0356601 0.0454852 0.0549757 0.0629785 0.0686138 0.0715507 0.0719648 0.0702977 0.0670435 0.0626497 0.0574909 0.0518609 0.0459755 0.0399871 0.0340089 0.0281421 0.0225036 0.0172432 0.0125399 0.00856846 0.00544667
 0.00753793 0.0123055 0.0186324 0.0264928 0.0356398 0.0454586 0.0549395 0.0629288 0.0685488 0.0714723 0.0718792 0.0702146 0.0669736 0.0626027 0.0574731 0.0518746 0.0460189 0.0400545 0.034092 0.028232 0.0225918 0.0173232 0.0126073 0.00862119 0.00548476
 0.00750597 0.0122587 0.0185715 0.026422 0.0355656 0.0453878 0.0548775 0.0628786 0.0685103 0.0714433 0.071856 0.0701943 0.0669562 0.0625915 0.0574736 0.0518926 0.0460578 0.0401141 0.0341682 0.0283178 0.0226789 0.0174039 0.0126759 0.00867474 0.00552307
 0.00750017 0.0122454 0.0185447 0.0263748 0.0354926 0.0452897 0.0547631 0.062764 0.0684136 0.0713775 0.0718252 0.0701936 0.0669759 0.0626222 0.05751 0.0519338 0.046106 0.0401722 0.0342369 0.0283944 0.0227581 0.0174789 0.012741 0.00872618 0.00556009
 0.0075145 0.0122681 0.0185773 0.026417 0.0355415 0.0453382 0.0548005 0.0627783 0.0683968 0.0713298 0.0717557 0.0701166 0.0669046 0.062564 0.0574664 0.0519033 0.0460873 0.0401653 0.0342428 0.028413 0.0227872 0.017514 0.0127764 0.00875733 0.00558423
 0.00751155 0.0122657 0.0185782 0.0264251 0.035561 0.0453712 0.0548456 0.0628293 0.0684435 0.0713607 0.0717619 0.070095 0.0668594 0.0625051 0.0574054 0.0518494 0.0460456 0.0401375 0.0342289 0.0284122 0.0227974 0.0175321 0.0127981 0.00877851 0.00560182
 0.00751155 0.0122657 0.0185782 0.0264251 0.035561 0.0453712 0.0548456 0.0628293 0.0684435 0.0713607 0.0717619 0.070095 0.0668594 0.0625051 0.0574054 0.0518494 0.0460456 0.0401375 0.0342289 0.0284122 0.0227974 0.0175321 0.0127981 0.00877851 0.00560182
 0.00710745 0.0116236 0.0176428 0.0251634 0.0339785 0.0435325 0.0528892 0.0609598 0.0668901 0.070318 0.07134 0.0703024 0.0676173 0.0636801 0.0588444 0.0534081 0.0476049 0.0416092 0.0355535 0.0295541 0.0237399 0.0182736 0.0133504 0.00916436 0.00585241
 0.00703235 0.0114602 0.0173208 0.0245929 0.0330731 0.0422467 0.0512537 0.0590944 0.0649867 0.0686004 0.0700189 0.0695354 0.0674819 0.064163 0.059851 0.0547896 0.0491928 0.0432464 0.0371134 0.0309478 0.0249149 0.0192088 0.0140505 0.00965424 0.00617031
 0.00709472 0.0115616 0.0174691 0.0247842 0.0332786 0.0423998 0.0512488 0.0588101 0.0643321 0.0675664 0.0687049 0.0681329 0.0662221 0.0632515 0.0594165 0.0548604 0.0497045 0.044072 0.0381024 0.0319606 0.0258446 0.0199891 0.0146542 0.0100852 0.00645343
 0.00711445 0.0116078 0.0175644 0.0249575 0.0335558 0.0427883 0.0517206 0.0592916 0.0647088 0.0677062 0.0684975 0.067536 0.0652926 0.0621435 0.0583394 0.054014 0.0492198 0.0439813 0.0383476 0.0324276 0.0264053 0.020536 0.0151175 0.0104351 0.00669142
 0.00707333 0.0115507 0.0174978 0.0248963 0.0335235 0.042814 0.0518331 0.0595092 0.0650251 0.0680771 0.0688381 0.0677363 0.0652537 0.0618213 0.0577746 0.053329 0.048578 0.0435286 0.0381623 0.0325039 0.0266713 0.0208919 0.015473 0.0107317 0.00690641
 0.00701035 0.0114501 0.0173504 0.0246973 0.0332762 0.0425349 0.0515557 0.0592818 0.0649004 0.0680947 0.0690059 0.0680191 0.0655752 0.0620846 0.0578972 0.0532794 0.0483945 0.0433046 0.0380046 0.0324853 0.0268042 0.0211339 0.0157559 0.0109933 0.00711023
 0.00690342 0.0112781 0.0170957 0.0243459 0.0328226 0.0419884 0.0509471 0.0586656 0.0643482 0.0676816 0.0687939 0.0680413 0.0658236 0.0625065 0.0584055 0.0537785 0.0488144 0.0436249 0.0382553 0.0327203 0.0270661 0.0214307 0.0160622 0.0112708 0.00732941
 0.00680146 0.0111089 0.016835 0.0239701 0.0323145 0.0413474 0.0501975 0.0578597 0.0635599 0.0669929 0.0682815 0.0677654 0.0658187 0.0627724 0.0589027 0.0544327 0.0495336 0.0443268 0.0388895 0.0332747 0.0275527 0.0218633 0.0164418 0.0115866 0.0075703
 0.00682683 0.0111432 0.0168727 0.023999 0.0323157 0.041296 0.0500666 0.0576266 0.0632144 0.0665469 0.0677732 0.0672563 0.0653819 0.0624761 0.0587925 0.0545187 0.0497876 0.0446923 0.0393025 0.0336837 0.0279291 0.0221964 0.0167282 0.0118223 0.00775135
 0.00686613 0.0112141 0.0169914 0.0241824 0.0325736 0.0416211 0.0504259 0.0579621 0.0634555 0.0666301 0.0676614 0.0669508 0.0649243 0.0619398 0.0582656 0.0540815 0.0494928 0.0445542 0.0393 0.0337757 0.028072 0.0223564 0.0168832 0.0119587 0.00786123
 0.00685704 0.0112064 0.0169937 0.0242085 0.0326414 0.0417479 0.0506226 0.0582259 0.0637641 0.0669393 0.0679113 0.0670803 0.0648911 0.0617372 0.057928 0.0536758 0.0490976 0.0442357 0.0390948 0.0336863 0.0280755 0.0224187 0.0169718 0.0120496 0.00793943
 0.00674401 0.0110286 0.016738 0.0238699 0.0322274 0.0412838 0.0501552 0.0578195 0.0634863 0.06684 0.0680042 0.0673358 0.0652444 0.062109 0.0582505 0.0539138 0.0492556 0.0443484 0.0392053 0.0338253 0.0282499 0.0226143 0.0171645 0.0122172 0.00806921
 0.00679553 0.0110981 0.016816 0.0239379 0.0322618 0.0412638 0.05007 0.0576733 0.0632993 0.0666458 0.0678424 0.0672412 0.0652334 0.0621722 0.0583545 0.0540155 0.0493214 0.0443686 0.0391955 0.0338137 0.0282609 0.0226569 0.0172315 0.0122927 0.00813796
