SBPRF35
9.11854
Curr Bio
512375
B35
687986
F35
0.197155
FOFL
0.138434
OFL
55314.3
Bzero
2.6053e+006
#pred survey bio
 3.62718e+006 3.15527e+006 2.85003e+006 2.58109e+006 2.29144e+006 2.02103e+006 1.7864e+006 1.58372e+006 1.38918e+006 1.24392e+006 1.09327e+006 947515 856356 799874 724200 683253 660888 641664 624260 605990 616413 602855 594363 582562 582876 591369 581505 582674 575823 573035 566495 549329 537022 528014 527268 531121 543329 550833 558184 567371 573410 576779 585751 586702 578846 570413 564863 540323 539004 528374 516144 1.73839e+007 1.0233e+007 1.04466e+007 1.13854e+007 1.27635e+007 1.42531e+007 1.56427e+007 1.68303e+007 1.77893e+007 1.85344e+007 1.90984e+007 1.95179e+007 1.98265e+007 2.0052e+007 2.02165e+007 2.03364e+007 2.04241e+007 2.04884e+007 2.05359e+007 2.05711e+007 2.05975e+007 2.06172e+007 2.06322e+007 2.06435e+007 2.06522e+007 2.06589e+007 2.0664e+007 2.06679e+007 2.0671e+007 2.06734e+007 2.06752e+007 2.06766e+007 2.06778e+007 2.06787e+007 2.06794e+007 2.06799e+007 2.06803e+007 2.06807e+007 2.06809e+007 2.06811e+007 2.06813e+007 2.06814e+007 2.06815e+007 2.06816e+007 2.06817e+007 2.06817e+007 2.06818e+007 2.06818e+007 2.06818e+007 2.06819e+007 2.06819e+007 2.06819e+007 2.06819e+007 2.06819e+007 2.06819e+007 2.06819e+007 2.06819e+007 2.06819e+007 2.06819e+007 2.06819e+007 2.06819e+007 2.06819e+007 2.06819e+007 2.06819e+007 2.06819e+007 2.06819e+007 2.06819e+007 2.06819e+007 2.06819e+007 2.06819e+007 2.06819e+007 2.06819e+007 2.06819e+007 2.06819e+007 2.06819e+007 2.06819e+007 2.06819e+007 2.06819e+007 2.06819e+007 2.06819e+007 2.06819e+007 2.06819e+007 2.06819e+007 2.06819e+007 2.06819e+007 2.06819e+007 2.06819e+007 2.06819e+007 2.06819e+007 2.06819e+007 2.06819e+007 2.06819e+007 2.06819e+007 2.06819e+007 2.06819e+007 2.06819e+007 2.06819e+007 2.06819e+007 2.06819e+007 2.06819e+007 0 0 0 0 0 0 0 0 0 0 0 0 0 0 0 0 0 0 0 0 0 0 0 0 0
#obs survey bio
 4.4965e+006 2.08515e+006 2.81639e+006 1.53113e+006 2.11504e+006 1.85856e+006 1.16963e+006 1.44094e+006 1.03924e+006 982029 1.19054e+006 697045 721500 613903 666010 663895 523383 757418 537766 431557 565666 466740 553028 405256 583863 437677 492644 563338 497618 808527 729738 403746 437130 480827 545726 540964 738892 615676 331011 594614 659050 610684 480904 530531 947812 662544 445752 528641 580172 459671 454156
#pred catch bio
 402529 272309 259377 299915 303284 289208 275731 280000 244532 253346 248665 199501 168252 181193 147226 128970 124569 121253 120338 96182.6 116529 111005 112476 101128 93787.3 107954 96414.1 100391 93215.6 92117.4 96736.8 90995.8 91082.4 88546.9 87662.8 82059.7 86467.9 86666.7 85542 88514.5 90772.8 86332.7 93230.1 99609.9 98137.1 93676.4 107162 84872.5 90250 87585.4 87933.2 55314.3 74968.4 75033.8 80411.4 89842.2 100394 110205 118456 124965 129873 133454 136003 137783 139007 139840 140402 140777 141027 141192 141301 141373 141420 141450 141470 141483 141492 141498 141501 141503 141505 141506 141507 141507 141507 141507 141507 141508 141508 141508 141508 141508 141508 141508 141508 141508 141508 141508 141508 141508 141508 141508 141508 141508 141508 141508 141508 141508 141508 141508 141508 141508 141508 141508 141508 141508 141508 141508 141508 141508 141508 141508 141508 141508 141508 141508 141508 141508 141508 141508 141508 141508 141508 141508 141508 141508 141508 141508 141508 141508 141508 141508 141508 141508 141508 141508 141508 141508 141508 141508 141508 0 0 0 0 0 0 0 0 0 0 0 0 0 0 0 0 0 0 0 0 0 0 0 0 0
#obs catch bio
 234633 272345 260358 303336 307482 293669 280312 286101 249582 260195 255272 203863 171357 185655 149511 130973 126719 123204 122441 97353.4 118914 113052 114460 103345 94994.8 110365 98021.9 102190 94662.5 92704.6 96986.7 91267.6 91509.2 89316.6 88334.4 82408.6 86507 86576.4 85862.2 88660.5 90862.4 86236.3 93523.6 99738.3 98071.8 93295.8 107271 84543.5 90073 87248.1 87945.8
#pred cpue bio
 3.56733e+006 3.10002e+006 2.79808e+006 2.53064e+006 2.24216e+006 1.97332e+006 1.74024e+006 1.53896e+006 1.34617e+006 1.20231e+006 1.05391e+006 910827 821395 766207 692694 653048 631439 612825 595996 578215 588244 575086 566922 555579 556098 564651 555384 557003 551042 549177 543726 527540 514891 504465 502611 506308 518571 526223 533461 542370 548309 551651 560391 561396 553970 546111 541044 517393 516468 506710 495652 1.67277e+007 9.85172e+006 9.90535e+006 1.06622e+007 1.1971e+007 1.34432e+007 1.4829e+007 1.60159e+007 1.69748e+007 1.77199e+007 1.82839e+007 1.87034e+007 1.9012e+007 1.92375e+007 1.94019e+007 1.95219e+007 1.96095e+007 1.96739e+007 1.97214e+007 1.97566e+007 1.97829e+007 1.98027e+007 1.98177e+007 1.9829e+007 1.98377e+007 1.98443e+007 1.98495e+007 1.98534e+007 1.98565e+007 1.98588e+007 1.98607e+007 1.98621e+007 1.98633e+007 1.98641e+007 1.98648e+007 1.98654e+007 1.98658e+007 1.98662e+007 1.98664e+007 1.98666e+007 1.98668e+007 1.98669e+007 1.9867e+007 1.98671e+007 1.98672e+007 1.98672e+007 1.98673e+007 1.98673e+007 1.98673e+007 1.98673e+007 1.98673e+007 1.98674e+007 1.98674e+007 1.98674e+007 1.98674e+007 1.98674e+007 1.98674e+007 1.98674e+007 1.98674e+007 1.98674e+007 1.98674e+007 1.98674e+007 1.98674e+007 1.98674e+007 1.98674e+007 1.98674e+007 1.98674e+007 1.98674e+007 1.98674e+007 1.98674e+007 1.98674e+007 1.98674e+007 1.98674e+007 1.98674e+007 1.98674e+007 1.98674e+007 1.98674e+007 1.98674e+007 1.98674e+007 1.98674e+007 1.98674e+007 1.98674e+007 1.98674e+007 1.98674e+007 1.98674e+007 1.98674e+007 1.98674e+007 1.98674e+007 1.98674e+007 1.98674e+007 1.98674e+007 1.98674e+007 1.98674e+007 1.98674e+007 1.98674e+007 1.98674e+007 1.98674e+007 1.98674e+007 1.98674e+007 1.98674e+007 0 0 0 0 0 0 0 0 0 0 0 0 0 0 0 0 0 0 0 0 0 0 0 0 0
#obs cpue bio
 2.41724e+006 2.30149e+006 1.79134e+006 2.46679e+006 1.73483e+006 1.57479e+006 1.98334e+006 1.18558e+006 1.16163e+006 1.00088e+006 858508 886508 712586 774452 701333 468545 568504 432566 560606 514052 494045 525967 553642 354643 674422 451068 514507 502354 500858 686692 595708 589135 552208 356308 488571 519015 564098 520592 558816 622661 518492 545772 513863 744887 386544 560221 642148 563320 532872 670820 463952
#pred surv len freq
 0.00703674 0.011086 0.0160487 0.0216924 0.0277652 0.03397 0.0399023 0.0450927 0.049169 0.0519969 0.0536788 0.0544442 0.0545408 0.0541784 0.0535105 0.0526325 0.0515915 0.0503932 0.0489828 0.0471962 0.0447238 0.0411674 0.0362343 0.0299888 0.022977
 0.00738354 0.0115785 0.0166636 0.0223776 0.0284744 0.0347053 0.0407333 0.0461256 0.0504743 0.0535383 0.0552922 0.0558852 0.0555747 0.0546622 0.0534288 0.0520785 0.0507104 0.0493155 0.0477786 0.0458693 0.0432497 0.0395524 0.0345559 0.0283878 0.0216043
 0.00805982 0.0125652 0.0179372 0.0238386 0.0299699 0.036074 0.0418508 0.0469382 0.0510149 0.0539167 0.0556485 0.0563164 0.0560731 0.0551094 0.0536531 0.0519398 0.0501568 0.0483848 0.0465543 0.0444336 0.0416656 0.0378815 0.0328862 0.026838 0.0202938
 0.00842474 0.0131743 0.0188784 0.0251907 0.03177 0.0382733 0.0442841 0.0493372 0.0530804 0.0554184 0.0565012 0.0565897 0.055932 0.0547207 0.0531071 0.0512279 0.0492089 0.047134 0.044985 0.0425913 0.0396417 0.0357956 0.0308747 0.025039 0.0188195
 0.00877682 0.013729 0.0196837 0.0262884 0.033198 0.0400625 0.0464393 0.0518042 0.0557152 0.0579829 0.0587031 0.0581633 0.0567234 0.054729 0.0524556 0.0500843 0.0477071 0.0453422 0.0429287 0.0403015 0.0371929 0.0333155 0.0285254 0.0229803 0.0171675
 0.00920764 0.01439 0.0206061 0.0274781 0.0346413 0.0417348 0.0483093 0.0538333 0.0578512 0.0601498 0.0607855 0.0599965 0.0581088 0.0554815 0.0524647 0.0493486 0.0463202 0.0434423 0.040651 0.0377639 0.0345148 0.0306406 0.026022 0.0208113 0.0154469
 0.00964156 0.0150614 0.021553 0.028713 0.0361506 0.0434791 0.050223 0.0558271 0.059826 0.0620155 0.062472 0.0614463 0.0592557 0.0562337 0.0527108 0.0489896 0.0453104 0.041812 0.0385007 0.0352413 0.0317943 0.0279125 0.0234796 0.0186245 0.0137263
 0.00998646 0.0156065 0.0223444 0.0297831 0.0375124 0.0451182 0.0520872 0.0578229 0.0618294 0.0638956 0.0641158 0.0627733 0.0602179 0.0568021 0.0528554 0.0486682 0.0444757 0.0404384 0.036614 0.032936 0.0292301 0.0252934 0.0210198 0.0165074 0.012066
 0.0103679 0.0162008 0.023191 0.0309032 0.0389078 0.0467698 0.0539484 0.0598139 0.0638392 0.0657946 0.0657747 0.0640817 0.0610987 0.0572169 0.052798 0.0481477 0.0435015 0.0390173 0.0347671 0.0307253 0.0267779 0.022779 0.0186489 0.0144636 0.0104652
 0.0105193 0.0164549 0.0235888 0.0314884 0.0397195 0.0478288 0.0552441 0.0612984 0.0654334 0.0674014 0.0672909 0.0654067 0.0621407 0.0579009 0.0530727 0.0479883 0.042905 0.0379969 0.0333526 0.0289741 0.0247909 0.0207047 0.0166644 0.012734 0.00910043
 0.0107485 0.016817 0.0241147 0.0322018 0.0406344 0.048946 0.056544 0.0627347 0.0669327 0.0688713 0.0686326 0.0665278 0.0629658 0.0583767 0.0531684 0.0476925 0.0422219 0.036945 0.0319664 0.0273121 0.0229454 0.0188043 0.0148605 0.0111683 0.00786734
 0.0111599 0.0174424 0.0249751 0.0332886 0.0419143 0.0503695 0.0580498 0.0642502 0.0683772 0.0701627 0.0696972 0.0673065 0.0634175 0.058479 0.0529167 0.0470971 0.0413041 0.0357344 0.0305027 0.0256521 0.021171 0.0170253 0.0132026 0.00974697 0.0067572
 0.0113172 0.0176926 0.0253414 0.0337884 0.0425562 0.0511483 0.0589418 0.0652132 0.0693568 0.0711037 0.0705503 0.0680298 0.0639729 0.0588304 0.0530317 0.0469512 0.0408855 0.0350468 0.0295686 0.0245156 0.0199017 0.0157167 0.0119609 0.00866958 0.0059087
 0.011241 0.0175878 0.0252201 0.0336766 0.0424902 0.0511676 0.059081 0.0654951 0.069788 0.0716707 0.0712201 0.0687535 0.0646928 0.0594865 0.0535661 0.0473119 0.0410304 0.0349497 0.0292251 0.0239485 0.019163 0.0148841 0.0111263 0.00791962 0.00530415
 0.0114849 0.0179499 0.025701 0.0342548 0.043129 0.0518263 0.0597236 0.0660925 0.0703163 0.0721108 0.071558 0.0689815 0.064809 0.059493 0.0534654 0.0471035 0.0407091 0.0345077 0.0286585 0.0232667 0.018396 0.0140839 0.0103587 0.00724789 0.00477187
 0.0116768 0.0182244 0.0260446 0.0346313 0.0434897 0.0521277 0.0599416 0.0662274 0.0703882 0.0721503 0.0715962 0.0690406 0.0648963 0.059599 0.0535675 0.0471716 0.0407123 0.0344191 0.0284599 0.0229542 0.0179849 0.0136104 0.00987347 0.00680379 0.00440879
 0.0117514 0.0183382 0.0262009 0.0348257 0.0437086 0.0523474 0.0601307 0.0663535 0.07043 0.072109 0.0714991 0.0689324 0.064822 0.059587 0.0536209 0.0472696 0.0408181 0.0344911 0.0284625 0.022866 0.0178046 0.0133579 0.00958499 0.00652129 0.00416725
 0.0117744 0.0183782 0.0262658 0.0349241 0.0438472 0.052527 0.0603419 0.0665749 0.0706306 0.0722563 0.0715689 0.068919 0.0647416 0.059473 0.0535106 0.0471894 0.0407736 0.0344673 0.0284319 0.0228013 0.01769 0.0131953 0.00939304 0.00632745 0.00399733
 0.0119204 0.0185852 0.0265219 0.0352003 0.0441071 0.0527418 0.0605008 0.0666849 0.0707065 0.0723078 0.0715938 0.0689054 0.0646772 0.059355 0.0533511 0.0470115 0.040602 0.0343169 0.0283027 0.0226815 0.0175651 0.0130576 0.00924625 0.00618441 0.00387298
 0.01213 0.0189004 0.0269474 0.0357207 0.0446874 0.0533319 0.0610413 0.067116 0.0709813 0.0724053 0.0715241 0.0687011 0.0643782 0.058996 0.052958 0.0466058 0.0402046 0.0339473 0.0279749 0.0223999 0.0173258 0.0128532 0.00907168 0.00603906 0.00375867
 0.011942 0.0186271 0.0265964 0.0353211 0.0442832 0.05297 0.0607608 0.0669423 0.0709244 0.0724609 0.0716759 0.0689266 0.0646533 0.0592982 0.0532662 0.0468999 0.0404671 0.0341667 0.0281464 0.0225242 0.0174064 0.0128952 0.00908214 0.00602753 0.00373599
 0.0119425 0.0186349 0.0266212 0.0353761 0.0443819 0.0531206 0.060961 0.067177 0.0711678 0.0726818 0.0718444 0.0690204 0.0646634 0.05923 0.0531374 0.0467339 0.0402862 0.0339875 0.027979 0.0223737 0.0172748 0.0127829 0.00898901 0.00595302 0.0036794
 0.0119418 0.0186283 0.026602 0.0353367 0.0443182 0.0530376 0.0608762 0.0671171 0.0711597 0.0727402 0.0719651 0.069181 0.0648314 0.0593741 0.0532361 0.0467798 0.0402843 0.0339504 0.027921 0.0223068 0.0172073 0.01272 0.00893374 0.00590716 0.00364379
 0.0119033 0.0185798 0.0265544 0.0353072 0.0443237 0.0530854 0.0609583 0.0672134 0.0712482 0.0728091 0.0720168 0.0692264 0.0648796 0.0594245 0.0532788 0.0468015 0.0402759 0.0339109 0.0278574 0.02223 0.0171284 0.0126474 0.00887224 0.00585884 0.00360849
 0.0118657 0.0185069 0.0264245 0.0350966 0.0440174 0.052691 0.0605147 0.0667855 0.0709068 0.0726063 0.0719718 0.0693281 0.0650984 0.0597249 0.0536247 0.0471584 0.0406125 0.0342028 0.0280905 0.0224016 0.0172448 0.0127196 0.00891258 0.00587832 0.00361578
 0.0116696 0.018218 0.0260443 0.0346437 0.0435192 0.0521727 0.0599941 0.0662789 0.0704407 0.0722243 0.0717289 0.069272 0.0652507 0.0600711 0.0541194 0.0477394 0.0412166 0.0347762 0.0285946 0.0228147 0.017561 0.0129457 0.00906335 0.00597159 0.00366896
 0.0115139 0.0179976 0.0257733 0.0343557 0.043258 0.0519756 0.0598781 0.0662354 0.0704407 0.0722311 0.0717139 0.0692286 0.0651983 0.0600464 0.0541589 0.0478618 0.0414155 0.0350247 0.0288572 0.0230588 0.0177645 0.0130994 0.0091689 0.00603758 0.00370641
 0.0112333 0.0175693 0.0251821 0.0336108 0.0423952 0.0510574 0.0589911 0.0654801 0.0699093 0.071981 0.0717501 0.0695079 0.0656509 0.0606033 0.054769 0.0484953 0.0420543 0.0356511 0.0294474 0.0235861 0.0182062 0.0134435 0.00941683 0.00620209 0.00380652
 0.0109718 0.0171778 0.0246552 0.0329648 0.0416625 0.0502778 0.0582077 0.0647412 0.0692721 0.0715083 0.0714987 0.0695114 0.0659071 0.0610727 0.055388 0.0491952 0.0427774 0.0363556 0.0301039 0.0241715 0.0187018 0.0138377 0.00970836 0.00640088 0.00393069
 0.0107024 0.0167603 0.024066 0.0321984 0.0407349 0.0492297 0.0571064 0.0636769 0.0683436 0.0708032 0.0710784 0.0694067 0.0661199 0.0615779 0.0561349 0.0501116 0.0437803 0.0373652 0.0310545 0.025016 0.0194112 0.0143992 0.0101243 0.00668677 0.00411149
 0.0107672 0.0168212 0.0240759 0.0320861 0.0404238 0.0486678 0.0562931 0.0626719 0.0672533 0.0697547 0.0701921 0.0687769 0.0658039 0.0615934 0.0564622 0.0507004 0.0445576 0.0382462 0.0319544 0.0258615 0.0201485 0.0149977 0.0105756 0.00700146 0.00431318
 0.0118501 0.018364 0.0259923 0.0341524 0.0423337 0.0501266 0.0570982 0.0627449 0.0666293 0.0685539 0.068592 0.0669831 0.0640191 0.0599876 0.055152 0.0497425 0.0439534 0.0379538 0.031904 0.0259719 0.0203424 0.0152125 0.0107693 0.00715289 0.00441809
 0.0128181 0.0198478 0.0280499 0.0367569 0.0453573 0.0533319 0.0601431 0.0652254 0.0681718 0.0689273 0.0677792 0.0651725 0.0615297 0.0571746 0.0523336 0.0471589 0.0417546 0.0362048 0.0306012 0.0250638 0.0197516 0.0148552 0.0105698 0.00705069 0.00437056
 0.0126271 0.019681 0.0280634 0.0371817 0.0464346 0.0552089 0.0627792 0.0683609 0.0713778 0.0717119 0.0697089 0.0659724 0.0611401 0.0557483 0.0501764 0.0446378 0.0392092 0.0338898 0.0286656 0.0235604 0.0186611 0.0141151 0.0100997 0.00677191 0.00421661
 0.0121441 0.0189667 0.0271287 0.0361051 0.0453691 0.0543749 0.0624377 0.068754 0.0726385 0.0737766 0.0722874 0.0686115 0.0633591 0.0571851 0.0506808 0.0442828 0.0382303 0.0325883 0.0273189 0.0223649 0.0177167 0.0134397 0.00965886 0.00650829 0.00407208
 0.0119111 0.0185862 0.0265551 0.0353019 0.0443258 0.0531329 0.0611152 0.0675526 0.0718154 0.0735803 0.0728736 0.069969 0.0652818 0.0593153 0.0526166 0.0457057 0.0389949 0.0327376 0.0270283 0.0218544 0.0171745 0.0129824 0.00933046 0.00630186 0.00395711
 0.0117785 0.0183684 0.0262224 0.0348226 0.0436705 0.0522832 0.0600785 0.0663799 0.0706143 0.0725162 0.0721494 0.0697777 0.0657397 0.0604007 0.054151 0.0473971 0.0405334 0.0338973 0.0277271 0.0221469 0.0171942 0.0128723 0.00919494 0.00619398 0.00388965
 0.0118679 0.0184863 0.026348 0.0349166 0.0436816 0.0521602 0.0597827 0.0658929 0.0699443 0.0717052 0.0712814 0.0689806 0.0651683 0.0601971 0.0543895 0.0480424 0.0414387 0.0348534 0.0285408 0.0227066 0.0174899 0.0129678 0.00917907 0.00613998 0.00383893
 0.0118707 0.0185003 0.0263851 0.03499 0.0437972 0.0523059 0.0599211 0.065966 0.0698893 0.0714774 0.070873 0.0684298 0.0645584 0.0596436 0.0540143 0.0479357 0.0416225 0.0352662 0.0290593 0.0231968 0.0178581 0.0131856 0.00927207 0.00615706 0.00382439
 0.0117482 0.0183236 0.0261617 0.0347429 0.043561 0.0521172 0.059809 0.0659425 0.0699436 0.0715734 0.0709574 0.0684496 0.0644836 0.0594845 0.0538239 0.0477936 0.0416028 0.035405 0.0293364 0.0235453 0.0181959 0.0134511 0.00944297 0.00624569 0.00385922
 0.011732 0.0182893 0.026096 0.0346307 0.0433918 0.0518945 0.0595564 0.0657015 0.0697606 0.0714822 0.070964 0.0685294 0.0645908 0.0595721 0.0538648 0.0477937 0.0415983 0.0354421 0.0294459 0.0237244 0.018411 0.0136568 0.00960453 0.00635106 0.00391607
 0.0117676 0.0183409 0.0261611 0.0347014 0.043454 0.0519301 0.0595465 0.0656328 0.069633 0.0713136 0.0707873 0.0683804 0.0644927 0.0595256 0.0538518 0.0477912 0.0415944 0.0354436 0.0294706 0.0237865 0.0185085 0.0137714 0.00971203 0.00643387 0.00396909
 0.0116316 0.0181462 0.0259171 0.0344331 0.0431951 0.0517105 0.0593823 0.0655244 0.0695692 0.07128 0.0707748 0.068389 0.0645311 0.0596043 0.0539744 0.0479496 0.0417721 0.035624 0.0296448 0.0239529 0.0186672 0.0139184 0.0098388 0.00653233 0.00403656
 0.0114633 0.0179025 0.0256065 0.0340839 0.0428497 0.0514131 0.0591691 0.0654159 0.0695682 0.0713711 0.0709278 0.0685684 0.0647073 0.0597622 0.0541144 0.0480807 0.0419032 0.0357586 0.0297808 0.0240862 0.0187936 0.0140334 0.00993758 0.00661046 0.00409226
 0.0113347 0.0177121 0.025355 0.033786 0.0425313 0.0511072 0.0589106 0.0652371 0.0694926 0.0714071 0.0710642 0.0687762 0.0649477 0.0599984 0.0543209 0.0482482 0.0420361 0.0358683 0.0298784 0.0241783 0.0188817 0.0141152 0.0100093 0.00666846 0.00413484
 0.0113382 0.0177022 0.0253121 0.0336837 0.0423459 0.0508306 0.0585607 0.0648587 0.0691454 0.0711477 0.0709307 0.06878 0.0650743 0.0602139 0.054583 0.0485173 0.0422841 0.036082 0.0300567 0.0243263 0.0190052 0.0142178 0.0100921 0.00673179 0.00417976
 0.0112588 0.0175882 0.0251674 0.0335188 0.0421715 0.0506494 0.0583643 0.0646338 0.0688873 0.0708728 0.0706783 0.0686004 0.0650097 0.0602821 0.0547719 0.0487919 0.0425998 0.0363979 0.0303444 0.0245715 0.0192044 0.0143737 0.0102094 0.00681595 0.0042364
 0.0112368 0.0175716 0.0251773 0.0335859 0.0423262 0.050907 0.0587114 0.0650242 0.0692516 0.0711371 0.0707867 0.0685332 0.0647896 0.0599656 0.0544285 0.0484806 0.0423543 0.036225 0.0302328 0.0245037 0.0191653 0.0143528 0.0102003 0.00681415 0.00423844
 0.0109579 0.0171451 0.0245876 0.0328422 0.0414661 0.0499981 0.0578492 0.0643198 0.068805 0.0710058 0.0709653 0.0689583 0.0653661 0.0606008 0.0550566 0.0490696 0.0428967 0.0367225 0.0306844 0.0249022 0.0195012 0.01462 0.0103995 0.00695248 0.00432757
 0.010555 0.0165581 0.0238299 0.0319681 0.0405543 0.0491247 0.05707 0.0636713 0.0683184 0.0707172 0.0709119 0.0691613 0.0658126 0.0612386 0.0558073 0.0498522 0.0436485 0.0374066 0.0312852 0.025415 0.0199247 0.0149545 0.0106489 0.0071262 0.00443951
 0.00985924 0.0155301 0.0224761 0.0303662 0.0388363 0.0474455 0.0555785 0.0624923 0.0675396 0.0703787 0.0710051 0.0696403 0.0666129 0.0622888 0.0570303 0.0511642 0.0449633 0.0386475 0.0323951 0.0263609 0.0206943 0.0155509 0.0110861 0.00742664 0.00463119
#obs surv len freq
 0.00497087 0.00814169 0.012383 0.0177079 0.0239899 0.0308634 0.0377031 0.043786 0.0485621 0.0518308 0.0537105 0.0544866 0.0544785 0.0539829 0.05326 0.052523 0.0519166 0.0514753 0.0510606 0.0503034 0.0486213 0.0453837 0.0402137 0.0332801 0.025365
 0.00518721 0.00849594 0.0129209 0.0184739 0.0250185 0.0321661 0.0392545 0.0455185 0.0503751 0.0536087 0.0553407 0.0558686 0.0555266 0.0546262 0.0534426 0.052208 0.0510924 0.0501631 0.0493212 0.0482401 0.0463779 0.0431322 0.0381305 0.0315123 0.0239983
 0.00541208 0.00886476 0.0134822 0.0192752 0.0260979 0.0335381 0.0408952 0.04736 0.0523142 0.0555258 0.057118 0.0574007 0.0567241 0.0554152 0.0537631 0.0520135 0.0503531 0.0488759 0.0475229 0.0460219 0.0438908 0.0405768 0.035725 0.0294461 0.0223877
 0.00564161 0.00924157 0.0140562 0.0200957 0.0272045 0.0349462 0.042581 0.0492546 0.0543129 0.0575076 0.058964 0.0590052 0.0579977 0.0562842 0.0541669 0.0519025 0.0496895 0.0476414 0.0457346 0.043753 0.0412856 0.037846 0.0331127 0.0271743 0.0206005
 0.00588416 0.00963751 0.0146553 0.0209456 0.0283423 0.0363847 0.044294 0.0511713 0.0563275 0.0594986 0.0608133 0.0606092 0.0592707 0.0571571 0.0545841 0.0518174 0.0490638 0.0464501 0.043982 0.0414963 0.0386558 0.0350504 0.0304043 0.0247934 0.0187111
 0.0061301 0.0100422 0.0152731 0.0218299 0.0295344 0.0378967 0.0460921 0.053171 0.0584067 0.0615231 0.0626593 0.0621755 0.0604802 0.0579531 0.0549242 0.0516678 0.0483952 0.0452411 0.0422331 0.0392537 0.036037 0.032251 0.0276736 0.0223759 0.01678
 0.00638461 0.0104567 0.0158985 0.0227144 0.0307148 0.0393844 0.0478576 0.0551373 0.0604585 0.0635271 0.0644861 0.0637146 0.0616478 0.0586921 0.0551998 0.0514589 0.047687 0.0440237 0.0405122 0.0370724 0.0335009 0.0295402 0.0250222 0.0200192 0.014889
 0.00663243 0.0108633 0.0165173 0.0235964 0.0318984 0.0408783 0.0496249 0.0570908 0.0624745 0.0654705 0.066233 0.0651639 0.0627236 0.0593425 0.0553933 0.0511797 0.0469293 0.0427895 0.0388168 0.0349619 0.0310746 0.0269624 0.0225069 0.0177833 0.0130923
 0.00682841 0.0111907 0.0170263 0.0243396 0.0329198 0.0421968 0.0512164 0.058882 0.0643531 0.0673063 0.0679006 0.0665573 0.063763 0.0599746 0.0555883 0.0509249 0.0462237 0.0416409 0.037247 0.0330199 0.0288545 0.0246134 0.0202204 0.0157524 0.0114596
 0.00705959 0.0115646 0.0175855 0.025123 0.0339556 0.0434915 0.0527428 0.060573 0.0661084 0.0690089 0.0694347 0.067822 0.0646805 0.0604937 0.0556834 0.0505908 0.0454689 0.0404838 0.0357181 0.0311723 0.0267787 0.022445 0.0181287 0.0139059 0.00998075
 0.0072673 0.0119086 0.0181143 0.0258839 0.0349833 0.0447907 0.0542724 0.0622441 0.0678005 0.0705975 0.0708131 0.0689109 0.0654268 0.0608654 0.0556658 0.0501836 0.0446838 0.0393431 0.0342566 0.0294451 0.0248719 0.0204805 0.0162538 0.0122638 0.00867309
 0.0074454 0.0121994 0.0185545 0.0265091 0.0358219 0.0458533 0.0555396 0.0636602 0.069277 0.0720274 0.0720886 0.0699393 0.0661407 0.0612268 0.0556624 0.0498217 0.0439811 0.0383256 0.0329607 0.0279246 0.0232061 0.0187774 0.0146396 0.0108584 0.0075593
 0.00753097 0.0123426 0.0187782 0.0268381 0.0362795 0.0464551 0.0562863 0.0645337 0.0702416 0.0730333 0.0730762 0.0708421 0.0668899 0.0617591 0.0559281 0.0497908 0.0436445 0.0376933 0.0320607 0.0268047 0.0219376 0.0174553 0.0133728 0.00974881 0.00667698
 0.00761207 0.0124671 0.0189522 0.0270642 0.0365586 0.0467888 0.0566781 0.0649868 0.0707559 0.0736017 0.0736817 0.0714561 0.0674722 0.06226 0.0562935 0.04997 0.0435982 0.0374011 0.0315258 0.0260571 0.0210344 0.0164776 0.0124145 0.00889786 0.00599477
 0.00765839 0.0125406 0.0190594 0.027209 0.0367416 0.0470055 0.0569191 0.0652403 0.0710136 0.0738638 0.0739568 0.0717547 0.0677969 0.0625968 0.0566097 0.0502185 0.0437273 0.0373662 0.031301 0.0256439 0.0204656 0.0158141 0.0117339 0.00827607 0.00548715
 0.00768873 0.0125827 0.0191095 0.0272601 0.0367859 0.0470392 0.0569451 0.0652681 0.0710557 0.0739318 0.0740598 0.0718992 0.0679866 0.0628296 0.0568728 0.0504847 0.0439556 0.0375092 0.0313171 0.0255105 0.0201888 0.0154302 0.0113007 0.00785658 0.00513171
 0.00777979 0.0127183 0.0192902 0.0274769 0.0370214 0.0472707 0.0571478 0.0654198 0.0711419 0.0739512 0.0740256 0.0718353 0.0679202 0.0627837 0.0568606 0.0505059 0.0439948 0.0375377 0.0312997 0.025417 0.0200065 0.0151708 0.0109982 0.00755514 0.00487055
 0.00781303 0.0127756 0.0193818 0.0276125 0.0372059 0.0474981 0.0573976 0.0656585 0.0713324 0.0740652 0.0740526 0.0717852 0.0678175 0.0626594 0.0567432 0.0504142 0.0439339 0.0374975 0.0312585 0.0253491 0.0198932 0.0150089 0.0108027 0.00735324 0.00469018
 0.00784254 0.0128173 0.0194335 0.0276694 0.037264 0.0475574 0.0574639 0.0657396 0.0714318 0.0741758 0.0741569 0.0718616 0.0678503 0.0626461 0.0566949 0.0503498 0.043871 0.0374449 0.0312132 0.0252989 0.0198237 0.0149125 0.0106834 0.00722546 0.004572
 0.007865 0.0128504 0.0194766 0.0277194 0.0373148 0.0476017 0.0574949 0.065754 0.0714318 0.0741702 0.0741571 0.0718756 0.0678776 0.0626775 0.0567187 0.0503585 0.0438647 0.0374286 0.031191 0.0252704 0.0197843 0.0148576 0.0106136 0.00714814 0.00449791
 0.00789842 0.0129004 0.0195435 0.0278002 0.0374037 0.0476907 0.0575746 0.0658147 0.0714657 0.0741735 0.0741329 0.0718329 0.0678289 0.0626334 0.0566838 0.0503311 0.0438399 0.0374019 0.0311604 0.0252351 0.0197433 0.0148103 0.0105608 0.0070933 0.00444684
 0.0079133 0.0129246 0.01958 0.027851 0.0374691 0.047768 0.0576568 0.0658915 0.0715257 0.074208 0.0741379 0.0718106 0.0677861 0.06258 0.0566295 0.0502829 0.0438002 0.0373693 0.0311314 0.0252061 0.0197118 0.0147753 0.0105232 0.00705551 0.00441231
 0.00786983 0.0128559 0.0194807 0.0277188 0.0373063 0.0475837 0.0574682 0.0657218 0.0713987 0.0741408 0.0741362 0.0718685 0.0678898 0.0627131 0.0567773 0.0504338 0.0439461 0.0375039 0.0312492 0.0253027 0.0197845 0.0148238 0.0105498 0.00706528 0.0044113
 0.00787881 0.0128616 0.0194728 0.0276826 0.0372269 0.0474527 0.0572894 0.0655129 0.0711875 0.0739577 0.0740067 0.0718081 0.0679017 0.0627891 0.0569011 0.0505864 0.0441093 0.0376633 0.0313943 0.0254265 0.0198829 0.0148955 0.0105968 0.00709193 0.00442342
 0.00787778 0.0128582 0.019464 0.0276634 0.0371897 0.0473882 0.0571886 0.0653706 0.071007 0.0737544 0.0738071 0.0716436 0.0677999 0.0627654 0.0569558 0.0507059 0.0442719 0.0378452 0.0315747 0.0255895 0.0200188 0.0150002 0.0106707 0.00713916 0.00445034
 0.00787705 0.0128557 0.0194579 0.0276507 0.0371672 0.0473528 0.0571375 0.0653016 0.0709183 0.0736457 0.0736818 0.0715115 0.0676779 0.0626745 0.0569145 0.0507241 0.0443472 0.0379641 0.0317172 0.0257352 0.020151 0.0151085 0.0107513 0.00719353 0.00448337
 0.00784419 0.0128048 0.0193859 0.0275569 0.0370531 0.0472226 0.0569985 0.0651638 0.0707924 0.0735407 0.0736028 0.0714598 0.0676524 0.0626751 0.0569441 0.0507872 0.0444466 0.0380971 0.0318737 0.0258996 0.0203066 0.0152416 0.0108546 0.00726622 0.00452964
 0.00783547 0.0127846 0.0193446 0.0274827 0.0369357 0.0470589 0.0567972 0.0649451 0.0705833 0.0733661 0.0734801 0.0713955 0.0676445 0.0627158 0.0570237 0.0508975 0.0445817 0.0382522 0.0320424 0.0260723 0.0204709 0.0153855 0.0109697 0.00734986 0.00458464
 0.00778843 0.0127116 0.0192411 0.0273461 0.0367652 0.0468553 0.0565643 0.0646923 0.0703271 0.0731304 0.0732921 0.0712795 0.0676148 0.0627732 0.0571567 0.0510871 0.0448072 0.0384951 0.0322877 0.0263074 0.0206844 0.0155679 0.0111144 0.00745552 0.00465499
 0.00777098 0.012679 0.0191844 0.027255 0.0366312 0.0466762 0.0563477 0.0644547 0.0700898 0.0729136 0.0731118 0.071148 0.0675426 0.0627686 0.0572231 0.0512198 0.0449935 0.0387167 0.0325247 0.0265411 0.0208995 0.0157528 0.0112622 0.00756449 0.00472846
 0.00775217 0.0126491 0.0191403 0.0271936 0.0365488 0.0465691 0.0562126 0.064292 0.0699055 0.0727203 0.0729276 0.0709925 0.0674326 0.0627159 0.0572332 0.0512929 0.0451237 0.0388922 0.0327288 0.0267547 0.021104 0.015933 0.0114087 0.00767376 0.00480294
 0.00931115 0.0148286 0.0217653 0.0298826 0.0388262 0.0480419 0.056711 0.0638935 0.0688505 0.0712906 0.0713574 0.069439 0.0659866 0.0614244 0.0561181 0.0503606 0.0443709 0.038308 0.0322959 0.026451 0.0209043 0.0158115 0.0113414 0.00764071 0.00478918
 0.00929589 0.015092 0.0226694 0.0318758 0.0422471 0.0528552 0.06234 0.0693156 0.0729611 0.07334 0.0711986 0.0674675 0.0628689 0.0578131 0.0524916 0.0469994 0.0414074 0.0357876 0.0302195 0.0247964 0.0196351 0.0148807 0.0106939 0.00721728 0.00453107
 0.00897218 0.0145818 0.0219529 0.031001 0.0413829 0.0523267 0.06259 0.0707449 0.0756877 0.0770188 0.0750658 0.070631 0.0646808 0.0580946 0.0515009 0.0452202 0.0393218 0.0337458 0.0284181 0.0233151 0.0184838 0.0140323 0.0101033 0.00683133 0.00429623
 0.00880213 0.014298 0.0215126 0.0303629 0.0405228 0.0512679 0.0614423 0.0697322 0.0751311 0.0772485 0.076271 0.0727182 0.0672409 0.060536 0.053289 0.0460832 0.0393041 0.0331102 0.027487 0.0223505 0.0176423 0.013377 0.0096364 0.00652424 0.00410964
 0.00873646 0.0141854 0.0213317 0.0300878 0.0401267 0.0507299 0.0607593 0.0689345 0.0742994 0.076526 0.0758543 0.0728073 0.0679508 0.0618085 0.0548712 0.0476086 0.040443 0.0336972 0.0275541 0.0220637 0.0171997 0.0129329 0.00927457 0.00626848 0.00394844
 0.00868294 0.0140988 0.0212016 0.0299041 0.0398797 0.0504118 0.0603667 0.0684709 0.0737792 0.0759814 0.0753448 0.0724267 0.0678171 0.062026 0.0554732 0.0485132 0.0414616 0.0346041 0.0281806 0.0223573 0.0172189 0.0127922 0.00908358 0.00609771 0.00382575
 0.00868089 0.0140894 0.0211762 0.0298505 0.039785 0.0502663 0.0601672 0.0682214 0.0734882 0.0756599 0.0750078 0.0721 0.067545 0.0618725 0.0555066 0.048774 0.0419288 0.0351867 0.0287473 0.022792 0.0174668 0.0128694 0.00905011 0.00601943 0.00374843
 0.00867319 0.0140776 0.0211593 0.0298272 0.0397522 0.0502185 0.0600966 0.0681195 0.0733494 0.0754841 0.0748022 0.0718783 0.0673278 0.0616889 0.0553942 0.0487725 0.0420637 0.0354493 0.0290877 0.0231342 0.0177405 0.0130385 0.00912009 0.0060227 0.0037219
 0.00865451 0.0140507 0.0211253 0.0297893 0.0397146 0.050185 0.060068 0.0680933 0.0733194 0.0754418 0.0747391 0.0717896 0.0672157 0.0615647 0.055279 0.0486945 0.042051 0.035519 0.0292343 0.0233272 0.017935 0.0131944 0.009218 0.00606667 0.0037301
 0.00865135 0.0140433 0.0211103 0.0297626 0.0396735 0.0501301 0.0600051 0.0680317 0.0732686 0.0754071 0.0747184 0.0717748 0.0671963 0.0615335 0.0552365 0.0486507 0.0420236 0.0355267 0.0292879 0.0234225 0.0180527 0.0133082 0.00930663 0.0061218 0.00375599
 0.00864561 0.0140375 0.0211078 0.0297679 0.0396903 0.0501581 0.0600387 0.0680615 0.0732851 0.0754053 0.0746992 0.0717429 0.0671564 0.0614877 0.0551853 0.0485959 0.0419715 0.0354882 0.029274 0.0234388 0.018095 0.0133638 0.00936032 0.00616258 0.00378051
 0.00864653 0.0140363 0.0211014 0.0297526 0.0396636 0.0501215 0.0599984 0.068027 0.0732647 0.0754017 0.0747091 0.0717585 0.0671704 0.0614957 0.0551858 0.0485899 0.0419616 0.0354791 0.0292721 0.0234495 0.0181198 0.0133988 0.00939784 0.0061949 0.00380332
 0.00863312 0.0140189 0.0210829 0.0297379 0.0396574 0.0501252 0.0600091 0.0680383 0.0732707 0.0754005 0.0747032 0.0717525 0.0671673 0.0614952 0.0551855 0.048587 0.0419554 0.0354711 0.0292659 0.0234489 0.0181275 0.0134144 0.00941791 0.00621476 0.00381925
 0.00860638 0.0139767 0.0210222 0.0296578 0.0395603 0.0500185 0.0599048 0.0679513 0.0732141 0.0753809 0.0747186 0.0717952 0.0672278 0.0615652 0.0552586 0.0486583 0.0420208 0.0355281 0.0293141 0.0234898 0.0181632 0.0134463 0.00944604 0.00623814 0.00383685
 0.00860964 0.0139793 0.0210211 0.0296484 0.0395376 0.049979 0.0598488 0.0678834 0.0731433 0.0753179 0.0746737 0.0717746 0.0672324 0.0615909 0.0552986 0.0487053 0.0420691 0.0355735 0.0293543 0.0235242 0.0181924 0.0134711 0.00946694 0.00625511 0.00384968
 0.00860964 0.0139793 0.0210211 0.0296484 0.0395376 0.049979 0.0598488 0.0678834 0.0731433 0.0753179 0.0746737 0.0717746 0.0672324 0.0615909 0.0552986 0.0487053 0.0420691 0.0355735 0.0293543 0.0235242 0.0181924 0.0134711 0.00946694 0.00625511 0.00384968
 0.00867823 0.014089 0.021182 0.0298667 0.0398117 0.050295 0.0601775 0.0681835 0.0733704 0.0754388 0.0746751 0.071666 0.0670395 0.0613467 0.0550344 0.048446 0.0418306 0.0353649 0.0291792 0.0233832 0.0180838 0.0133921 0.00941335 0.00622161 0.00383064
 0.00849719 0.0138098 0.0207914 0.0293661 0.039221 0.049655 0.0595505 0.0676457 0.0729948 0.0752737 0.0747303 0.0719135 0.0674275 0.0618165 0.0555342 0.0489365 0.0422858 0.0357692 0.0295248 0.0236674 0.0183081 0.0135612 0.00953434 0.00630321 0.00388209
 0.00850101 0.0137969 0.0207371 0.0292369 0.0389847 0.0492963 0.0590844 0.0671205 0.0724813 0.0748464 0.0744487 0.0718098 0.0675024 0.0620435 0.0558686 0.0493283 0.0426901 0.0361522 0.0298649 0.0239535 0.0185369 0.0137349 0.00965895 0.00638715 0.0039348
 0.0085251 0.0138387 0.0208033 0.0293309 0.0391004 0.0494117 0.0591598 0.067108 0.0723447 0.0745815 0.0740922 0.0714291 0.0671718 0.0618202 0.0557781 0.0493634 0.0428208 0.0363388 0.03007 0.0241489 0.0187052 0.0138684 0.00975723 0.00645434 0.00397732
#pred catch len freq
 0.00532923 0.0083901 0.0121515 0.0164786 0.0212722 0.0264528 0.0318805 0.0373151 0.0424626 0.0470543 0.0508944 0.0538729 0.055967 0.0572313 0.0577702 0.0577045 0.057147 0.0561805 0.0548167 0.0529298 0.0502131 0.046246 0.0407152 0.0337015 0.0258231
 0.00555915 0.00871624 0.0125595 0.0169396 0.0217697 0.0270152 0.0325921 0.0382844 0.0437556 0.0486295 0.0525835 0.0554263 0.0571406 0.0578691 0.0578444 0.0573 0.0564057 0.0552324 0.0537284 0.0516974 0.0488021 0.0446561 0.0390257 0.0320639 0.0244034
 0.00610442 0.00951376 0.0135929 0.0181322 0.0230025 0.0281621 0.033558 0.0390351 0.0443329 0.0491402 0.0531531 0.0561259 0.0579297 0.0585953 0.0583084 0.0573454 0.0559776 0.0543748 0.0525353 0.050259 0.0471857 0.0429264 0.0372766 0.030425 0.0230076
 0.00648513 0.0101327 0.0145209 0.0194259 0.0246813 0.0301783 0.0357735 0.0412304 0.0462602 0.0506035 0.0540729 0.0565536 0.0580001 0.0584435 0.0579957 0.0568382 0.0551865 0.0532224 0.0510052 0.0484036 0.0451072 0.0407561 0.0351638 0.0285213 0.0214382
 0.0068421 0.0106913 0.0153251 0.0205128 0.0260867 0.0319372 0.0379034 0.0436956 0.0489341 0.0532553 0.0564042 0.0582811 0.0589484 0.0585941 0.0574609 0.0557795 0.0537325 0.0514355 0.0489061 0.0460233 0.0425274 0.0381183 0.0326477 0.0263051 0.0196526
 0.00725012 0.0113166 0.0161972 0.0216386 0.0274583 0.0335428 0.0397325 0.0457347 0.0511539 0.055591 0.0587323 0.0604085 0.0606344 0.0596102 0.0576634 0.0551516 0.0523686 0.0494841 0.0465147 0.043322 0.0396485 0.0352221 0.0299228 0.0239346 0.0177664
 0.00766948 0.0119633 0.0171057 0.0228195 0.0289006 0.0352179 0.0415946 0.0477213 0.0531911 0.0576032 0.0606471 0.0621485 0.0621 0.0606692 0.0581647 0.0549644 0.0514295 0.0478217 0.0442417 0.0406058 0.0366875 0.032232 0.0271229 0.021518 0.0158601
 0.00805611 0.0125664 0.0179668 0.023962 0.0303292 0.0369166 0.0435201 0.0497973 0.0553114 0.0596464 0.0624958 0.0637059 0.0632952 0.0614479 0.0584731 0.054739 0.0506064 0.0463664 0.042182 0.0380504 0.0338206 0.0292886 0.0243494 0.0191257 0.0139811
 0.00840981 0.0131166 0.0187499 0.0249991 0.0316278 0.0384712 0.0453071 0.0517651 0.0573741 0.0616864 0.064377 0.065294 0.0644791 0.0621548 0.0586669 0.0544066 0.0497415 0.0449666 0.0402667 0.0356893 0.0311546 0.0265245 0.0217244 0.0168523 0.0121947
 0.00865453 0.0135059 0.0193206 0.0257816 0.0326434 0.0397267 0.046787 0.0534251 0.0591423 0.0634697 0.0660692 0.0667835 0.0656586 0.0629327 0.0589789 0.0542191 0.0490479 0.0437801 0.0386206 0.0336504 0.0288403 0.024108 0.0194123 0.0148371 0.0106045
 0.00895878 0.0139775 0.0199884 0.0266601 0.0337343 0.041021 0.048261 0.0550341 0.060816 0.0651156 0.0675825 0.0680608 0.0666106 0.0634927 0.0591049 0.0538927 0.0482704 0.0425709 0.0370194 0.0317254 0.026699 0.0219009 0.0173159 0.0130167 0.00917048
 0.00928643 0.0144779 0.0206822 0.0275478 0.0348009 0.0422427 0.0496074 0.0564642 0.0622736 0.0665287 0.0688679 0.0691325 0.0673901 0.063919 0.0591407 0.0535249 0.0475063 0.041435 0.0355536 0.0299949 0.0248005 0.0199641 0.0154896 0.0114384 0.0079308
 0.00939432 0.0146531 0.0209461 0.0279211 0.0353013 0.0428806 0.0503807 0.0573549 0.0632492 0.0675457 0.0698748 0.0700708 0.0681954 0.0645254 0.0594881 0.0535664 0.0472155 0.0408087 0.0346143 0.0287935 0.0234193 0.0185142 0.0140978 0.0102214 0.00696733
 0.0094398 0.014728 0.0210613 0.0280891 0.0355361 0.0431961 0.0507878 0.0578575 0.0638406 0.0682071 0.0705754 0.0707705 0.0688485 0.0650829 0.0598996 0.0537836 0.047197 0.040528 0.0340676 0.0280073 0.0224534 0.0174586 0.0130584 0.0092976 0.006228
 0.00958239 0.0149406 0.0213461 0.0284371 0.035932 0.0436255 0.0512414 0.05833 0.0643256 0.0686926 0.0710423 0.0711942 0.0692033 0.0653451 0.0600482 0.053799 0.0470597 0.0402209 0.0335829 0.0273554 0.0216714 0.0166102 0.0122242 0.0085559 0.00563396
 0.00970033 0.0151076 0.0215516 0.0286562 0.0361333 0.0437837 0.0513479 0.0583962 0.0643783 0.0687643 0.0711612 0.0713749 0.0694414 0.0656171 0.0603171 0.0540214 0.0471935 0.0402308 0.0334457 0.0270663 0.0212493 0.0160991 0.0116863 0.00805572 0.00522093
 0.00976712 0.0152092 0.0216909 0.0288289 0.0363267 0.0439764 0.0515119 0.0585032 0.0644108 0.0687262 0.0710805 0.0712958 0.0694072 0.0656543 0.0604254 0.054175 0.0473495 0.0403411 0.033469 0.026978 0.0210484 0.0158096 0.0113515 0.00772578 0.00493783
 0.00979379 0.0152539 0.0217606 0.0289309 0.0364665 0.0441548 0.0517207 0.0587233 0.0646132 0.0688784 0.0711571 0.0712893 0.0693335 0.0655478 0.0603256 0.0541096 0.0473231 0.040335 0.0334507 0.0269154 0.0209233 0.0156249 0.0111296 0.00749985 0.00473886
 0.00993576 0.0154571 0.0220157 0.0292128 0.0367429 0.044399 0.051921 0.0588824 0.0647393 0.0689745 0.0712155 0.0712946 0.0692721 0.0654183 0.0601438 0.053904 0.0471234 0.0401592 0.0332991 0.0267743 0.0207757 0.0154619 0.0109557 0.00733032 0.00459145
 0.0100065 0.0155664 0.0221687 0.0294088 0.0369736 0.0446477 0.0521635 0.0590913 0.0648925 0.0690627 0.0712438 0.0712758 0.0692173 0.0653315 0.0600247 0.0537554 0.0469549 0.0399857 0.0331333 0.0266213 0.0206329 0.0153245 0.010823 0.00720746 0.00448674
 0.00994751 0.0154828 0.022066 0.0293002 0.0368769 0.0445793 0.0521336 0.0591014 0.0649361 0.069129 0.0713217 0.0713583 0.069302 0.0654185 0.060112 0.0538367 0.0470219 0.0400316 0.033156 0.026622 0.0206141 0.015289 0.010775 0.00715352 0.00443473
 0.00993592 0.0154718 0.0220642 0.0293208 0.0369349 0.0446868 0.0522939 0.0593063 0.065166 0.0693555 0.0715136 0.071488 0.0693536 0.0653913 0.0600196 0.0537007 0.0468643 0.0398694 0.0329998 0.0264777 0.0204845 0.0151755 0.0106784 0.00707429 0.00437325
 0.00995182 0.015491 0.022081 0.0293277 0.036926 0.0446636 0.0522686 0.0592994 0.0651983 0.0694383 0.0716417 0.0716409 0.0695012 0.0655049 0.06008 0.0537027 0.0468157 0.0397858 0.0328982 0.026372 0.0203841 0.0150858 0.0106021 0.0070128 0.0043266
 0.00986594 0.0153707 0.0219354 0.0291763 0.0367927 0.0445663 0.0522135 0.059282 0.0652114 0.0694801 0.0717171 0.0717552 0.0696522 0.0656777 0.0602506 0.053846 0.0469145 0.0398352 0.0329043 0.0263473 0.0203423 0.0150381 0.0105562 0.00697338 0.00429577
 0.00977922 0.0152277 0.0217178 0.0288697 0.0363937 0.0440923 0.0517077 0.058809 0.0648396 0.0692603 0.0716704 0.0718739 0.0699093 0.0660371 0.0606716 0.0542866 0.0473345 0.0402028 0.0332007 0.0265679 0.020494 0.015134 0.0106114 0.00700133 0.00430739
 0.00967449 0.0150728 0.021512 0.0286191 0.0361055 0.0437681 0.0513431 0.0584023 0.0644064 0.0688433 0.0713334 0.0716819 0.0699044 0.0662236 0.0610182 0.0547393 0.0478328 0.0406915 0.0336378 0.0269282 0.0207686 0.015328 0.0107381 0.00707757 0.00434931
 0.00948282 0.0147968 0.0211631 0.0282308 0.0357246 0.0434387 0.0510923 0.0582341 0.0643042 0.0687794 0.0712839 0.0716405 0.0698883 0.0662663 0.061151 0.0549739 0.0481537 0.0410623 0.0340139 0.0272703 0.021051 0.0155407 0.0108848 0.00717 0.00440244
 0.0092475 0.0144368 0.0206647 0.0275996 0.0349878 0.0426453 0.0503119 0.0575494 0.063794 0.0684968 0.0712404 0.0718077 0.0702145 0.0666987 0.0616513 0.0555199 0.0487308 0.0416515 0.0345872 0.0277944 0.0214967 0.0158912 0.0111385 0.00733858 0.00450489
 0.00897555 0.014029 0.0201143 0.0269219 0.0342139 0.0418133 0.0494635 0.0567334 0.0630713 0.0679382 0.070914 0.0717585 0.0704481 0.0671777 0.0623083 0.0562797 0.049528 0.0424374 0.0353262 0.0284579 0.0220614 0.0163419 0.0114725 0.00756665 0.00464744
 0.00872171 0.0136364 0.0195612 0.0262029 0.0333417 0.0408202 0.048403 0.0556793 0.0621096 0.0671535 0.0703779 0.0715222 0.0705377 0.0675883 0.0630001 0.0571813 0.0505499 0.0434895 0.0363321 0.0293615 0.0228267 0.0169516 0.0119263 0.00787961 0.00484583
 0.0087873 0.0137042 0.0195909 0.0261313 0.0330974 0.0403479 0.0476872 0.0547554 0.0610589 0.0660869 0.0694154 0.0707727 0.0700825 0.0674701 0.0632198 0.0577001 0.0512973 0.0443753 0.0372619 0.0302507 0.0236117 0.0175942 0.012414 0.00822123 0.00506551
 0.00968867 0.0149905 0.0211928 0.0278651 0.0347084 0.041586 0.0483721 0.0548051 0.0604855 0.0649805 0.0679258 0.0690875 0.0683976 0.0659588 0.0620073 0.0568519 0.0508191 0.0442233 0.0373589 0.0305054 0.0239364 0.0179186 0.0126924 0.00843288 0.0052096
