SBPRF35
12.7214
Curr Bio
825866
B35
877559
F35
0.172229
FOFL
0.16458
OFL
113333
Bzero
3.63469e+006
#pred survey bio
 3.67387e+006 3.5214e+006 3.39253e+006 3.20623e+006 3.00044e+006 2.76513e+006 2.52185e+006 2.26631e+006 2.02073e+006 1.78102e+006 1.57824e+006 1.40084e+006 1.24228e+006 1.08246e+006 944683 829141 765696 696146 634321 606827 588817 564945 546700 531528 531074 527646 525963 522469 524973 529520 543572 559121 561840 570004 580570 584655 593837 606360 609866 625721 639977 646949 645715 645524 651873 661032 660501 657578 671351 668203 662504 698223 719888 737146 761889 794751 830780 2.95898e+007 1.78051e+007 1.81447e+007 1.90174e+007 2.02312e+007 2.15662e+007 2.28613e+007 2.40222e+007 2.50089e+007 2.58172e+007 2.64625e+007 2.69684e+007 2.73603e+007 2.76615e+007 2.7892e+007 2.80681e+007 2.82027e+007 2.83057e+007 2.83849e+007 2.84458e+007 2.84931e+007 2.85298e+007 2.85585e+007 2.8581e+007 2.85987e+007 2.86128e+007 2.86239e+007 2.86328e+007 2.86399e+007 2.86456e+007 2.86502e+007 2.86538e+007 2.86568e+007 2.86592e+007 2.86612e+007 2.86628e+007 2.86641e+007 2.86651e+007 2.8666e+007 2.86667e+007 2.86673e+007 2.86677e+007 2.86681e+007 2.86684e+007 2.86687e+007 2.86689e+007 2.86691e+007 2.86692e+007 2.86693e+007 2.86694e+007 2.86695e+007 2.86695e+007 2.86696e+007 2.86696e+007 2.86697e+007 2.86697e+007 2.86697e+007 2.86697e+007 2.86698e+007 2.86698e+007 2.86698e+007 2.86698e+007 2.86698e+007 2.86698e+007 2.86698e+007 2.86698e+007 2.86698e+007 2.86698e+007 2.86698e+007 2.86698e+007 2.86698e+007 2.86698e+007 2.86698e+007 2.86698e+007 2.86698e+007 2.86698e+007 2.86698e+007 2.86698e+007 2.86698e+007 2.86698e+007 2.86698e+007 2.86698e+007 2.86698e+007 2.86698e+007 2.86698e+007 2.86698e+007 2.86698e+007 2.86698e+007 2.86698e+007 2.86698e+007 2.86698e+007 2.86698e+007 2.86698e+007 2.86698e+007 2.86698e+007 2.86698e+007 2.86698e+007 2.86698e+007 2.86698e+007 2.86698e+007 0 0 0 0 0 0 0 0 0 0 0 0 0 0 0 0 0 0 0 0 0 0 0 0 0
#obs survey bio
 4.28672e+006 4.81636e+006 3.67717e+006 3.14179e+006 2.99222e+006 3.06342e+006 2.99871e+006 1.88139e+006 2.52246e+006 1.40824e+006 1.00649e+006 1.49978e+006 782440 1.37502e+006 717418 692994 866699 465929 391040 536098 499368 564928 699659 431154 556624 638818 433051 442195 598032 408234 523567 740819 478894 533204 670430 462244 550858 586370 495522 663018 708170 649423 872526 567248 466238 771975 602892 772335 689821 722632 575509 640525 598222 808276 711497 922952 893852
#pred catch bio
 108136 98799 166448 200646 245714 271848 301693 309681 318412 296350 282474 271943 275668 255571 233990 187306 190138 178664 145356 134444 135679 126765 120699 106380 108059 105744 106457 101085 99848.5 93079.7 93272.6 104138 98711.5 96211.2 101184 96693.2 94419.6 102471 92583.8 94998.7 101606 108232 107022 102310 101517 110495 112337 98487.8 112888 113941 79458.3 93346.8 97916.3 92694.4 87584.2 86962.7 106297 113333 118244 119318 123918 131293 139596 147610 154690 160584 165286 168922 171666 173700 175185 176258 177026 177572 177957 178228 178418 178551 178643 178708 178752 178783 178805 178819 178830 178837 178842 178845 178847 178849 178850 178851 178851 178851 178852 178852 178852 178852 178852 178852 178852 178852 178852 178852 178852 178852 178852 178852 178852 178852 178852 178852 178852 178852 178852 178852 178852 178852 178852 178852 178852 178852 178852 178852 178852 178852 178852 178852 178852 178852 178852 178852 178852 178852 178852 178852 178852 178852 178852 178852 178852 178852 178852 178852 178852 178852 178852 178852 178852 178852 178852 178852 178852 178852 178852 178852 178852 0 0 0 0 0 0 0 0 0 0 0 0 0 0 0 0 0 0 0 0 0 0 0 0 0
#obs catch bio
 0 98277.4 166533 200282 245553 271548 301199 311046 319348 297348 283675 272950 279586 257311 237024 189302 192306 181931 147903 136328 137418 127762 121134 106818 108165 106010 106833 101251 100164 93674 93710.4 104511 98979.7 96086.5 100758 96498.2 94214.6 102461 92595.7 94806.5 101238 107744 106293 101880 101607 110639 112445 98362.6 112865 113741 78955 93036.6 97974.6 92690.8 87754.8 86851.1 106439
#pred cpue bio
 3.63247e+006 3.48119e+006 3.35226e+006 3.16584e+006 2.9603e+006 2.7253e+006 2.48239e+006 2.2274e+006 1.98263e+006 1.74411e+006 1.5423e+006 1.36576e+006 1.20813e+006 1.0498e+006 913576 799367 736646 668447 608060 581461 564334 541500 524108 509572 509271 505999 504457 501137 503581 507953 521659 537045 540024 548327 558965 563109 572119 584426 587878 603447 617534 624474 623321 623036 628954 637767 637332 634498 648087 645206 639693 674853 696337 713325 737584 769925 805418 2.86991e+007 1.727e+007 1.74895e+007 1.82426e+007 1.94223e+007 2.07508e+007 2.20448e+007 2.32055e+007 2.41923e+007 2.50006e+007 2.56459e+007 2.61518e+007 2.65437e+007 2.68449e+007 2.70754e+007 2.72515e+007 2.7386e+007 2.74891e+007 2.75682e+007 2.76292e+007 2.76764e+007 2.77131e+007 2.77418e+007 2.77643e+007 2.77821e+007 2.77961e+007 2.78073e+007 2.78162e+007 2.78232e+007 2.78289e+007 2.78335e+007 2.78372e+007 2.78402e+007 2.78426e+007 2.78446e+007 2.78461e+007 2.78474e+007 2.78485e+007 2.78493e+007 2.785e+007 2.78506e+007 2.78511e+007 2.78515e+007 2.78518e+007 2.7852e+007 2.78522e+007 2.78524e+007 2.78525e+007 2.78527e+007 2.78527e+007 2.78528e+007 2.78529e+007 2.78529e+007 2.7853e+007 2.7853e+007 2.7853e+007 2.78531e+007 2.78531e+007 2.78531e+007 2.78531e+007 2.78531e+007 2.78531e+007 2.78531e+007 2.78531e+007 2.78531e+007 2.78532e+007 2.78532e+007 2.78532e+007 2.78532e+007 2.78532e+007 2.78532e+007 2.78532e+007 2.78532e+007 2.78532e+007 2.78532e+007 2.78532e+007 2.78532e+007 2.78532e+007 2.78532e+007 2.78532e+007 2.78532e+007 2.78532e+007 2.78532e+007 2.78532e+007 2.78532e+007 2.78532e+007 2.78532e+007 2.78532e+007 2.78532e+007 2.78532e+007 2.78532e+007 2.78532e+007 2.78532e+007 2.78532e+007 2.78532e+007 2.78532e+007 2.78532e+007 2.78532e+007 2.78532e+007 2.78532e+007 0 0 0 0 0 0 0 0 0 0 0 0 0 0 0 0 0 0 0 0 0 0 0 0 0
#obs cpue bio
 4.02816e+006 3.17361e+006 3.96543e+006 2.71811e+006 2.64441e+006 2.29222e+006 2.36056e+006 1.3323e+006 1.9395e+006 1.90541e+006 2.18216e+006 1.24143e+006 1.01044e+006 1.07268e+006 804302 718337 634062 598719 622978 615497 645046 578774 496522 498858 619958 356482 571609 605988 401447 439417 547612 499783 577383 762740 692390 594276 612194 618475 590280 736735 681352 730367 593515 602301 562372 583431 748513 501015 744636 802665 726125 881161 573489 646583 586132 825486 773908
#pred surv len freq
 0.00422769 0.0069275 0.0105471 0.0151135 0.0205494 0.0265902 0.0327595 0.0384899 0.0433334 0.0471005 0.0498382 0.0517124 0.0529057 0.0535752 0.0538517 0.0538591 0.053736 0.0536299 0.0536219 0.0535769 0.053006 0.0511045 0.0470724 0.0406109 0.0322603
 0.004528 0.00733856 0.0110257 0.0155786 0.0209133 0.0268031 0.0328377 0.0385044 0.0433634 0.0471848 0.0499586 0.0518203 0.0529702 0.0536168 0.0539397 0.0540711 0.0541031 0.0540946 0.054034 0.0537382 0.0527521 0.050385 0.0459855 0.0393656 0.0310877
 0.0046074 0.00751889 0.0113857 0.016207 0.0218676 0.0280569 0.0342511 0.0398531 0.0444246 0.0478291 0.0501881 0.0517325 0.0526866 0.0532335 0.0535214 0.0536695 0.0537599 0.0538178 0.0537678 0.0533637 0.0521349 0.0494522 0.0447808 0.0380436 0.0298464
 0.00477173 0.00776937 0.0117366 0.0166733 0.0224772 0.0288586 0.035303 0.0411833 0.0459809 0.0494529 0.0516459 0.0527989 0.0532305 0.0532544 0.053122 0.0529943 0.0529409 0.0529409 0.0528576 0.0523848 0.0510211 0.0481607 0.0433443 0.0365805 0.0285165
 0.00496761 0.00808861 0.0122172 0.0173479 0.0233644 0.0299522 0.0365677 0.042564 0.0474211 0.0509048 0.0530556 0.0540776 0.0542449 0.0538585 0.0532162 0.0525697 0.0520766 0.0517603 0.0514726 0.0508629 0.0493892 0.0464413 0.041597 0.0349157 0.0270663
 0.00519058 0.00845218 0.0127668 0.0181271 0.0244074 0.0312707 0.0381358 0.0443109 0.0492399 0.052675 0.0546689 0.0554505 0.0553127 0.0545574 0.0534746 0.0523227 0.0512974 0.0504823 0.0497837 0.048877 0.0472221 0.0442075 0.0394215 0.0329362 0.025409
 0.00544086 0.00885714 0.0133731 0.0189781 0.0255365 0.0326903 0.0398241 0.0462048 0.0512392 0.0546577 0.056508 0.05703 0.0565377 0.0553581 0.0538003 0.0521332 0.0505628 0.0491964 0.0479832 0.0466524 0.044714 0.0415922 0.0368924 0.0306772 0.0235606
 0.00566358 0.00923255 0.0139627 0.0198476 0.0267419 0.0342564 0.0417234 0.0483507 0.0535006 0.0568854 0.0585595 0.0587827 0.0578936 0.056243 0.0541615 0.0519353 0.0497836 0.04783 0.0460533 0.0442327 0.0419432 0.038672 0.0340605 0.0281606 0.0215236
 0.00588979 0.00960151 0.0145216 0.0206447 0.0278218 0.0356495 0.0434314 0.0503333 0.0556718 0.05912 0.0607092 0.0606965 0.0594375 0.0573135 0.0546883 0.0518753 0.0491131 0.0465429 0.0441704 0.0418217 0.0391392 0.0356827 0.031141 0.0255603 0.0194231
 0.00620176 0.0100981 0.0152494 0.0216409 0.0291085 0.0372261 0.0452646 0.0523543 0.0577838 0.0612143 0.0626769 0.062433 0.0608432 0.0582965 0.0551701 0.0517959 0.0484337 0.0452474 0.042274 0.0393874 0.036299 0.0326446 0.0281664 0.0229079 0.0172823
 0.00649713 0.0105765 0.0159658 0.0226437 0.0304298 0.0388653 0.0471738 0.0544355 0.0599059 0.0632421 0.064496 0.0639594 0.062018 0.0590741 0.0555081 0.0516503 0.0477617 0.0440176 0.0404825 0.0370805 0.0335943 0.0297381 0.02531 0.0203547 0.0152192
 0.00677029 0.0110216 0.0166377 0.0235943 0.0316982 0.0404622 0.0490637 0.056529 0.0620699 0.0653235 0.0663494 0.0654684 0.0631061 0.0597036 0.055668 0.0513395 0.0469756 0.0427464 0.0387254 0.0348723 0.0310329 0.0269969 0.0226193 0.01795 0.013276
 0.00694575 0.011327 0.0171346 0.0243529 0.0327821 0.0419041 0.0508419 0.0585583 0.0642146 0.0674241 0.0682497 0.0670352 0.064241 0.0603487 0.0558039 0.0509754 0.0461339 0.0414512 0.0370034 0.0327692 0.0286393 0.0244643 0.020149 0.0157493 0.0115008
 0.00721563 0.0117588 0.0177726 0.0252369 0.0339432 0.0433575 0.052573 0.060511 0.066287 0.0694769 0.0701249 0.0685807 0.0653352 0.0609167 0.0558212 0.0504586 0.0451249 0.0400027 0.0351729 0.0306263 0.0262825 0.0220344 0.0178218 0.0137018 0.00986271
 0.00753653 0.0122688 0.018518 0.0262514 0.035241 0.0449227 0.0543504 0.0624057 0.0681793 0.0712454 0.0716632 0.069802 0.0661692 0.0613092 0.0557393 0.0498963 0.0441044 0.0385697 0.0333912 0.0285774 0.0240719 0.0197966 0.0157122 0.0118687 0.00840968
 0.00780948 0.0127166 0.0191983 0.0272178 0.0365287 0.0465282 0.0562119 0.0644006 0.0701454 0.073018 0.0731088 0.0708357 0.0667532 0.0614406 0.0554347 0.0491813 0.0430102 0.0371359 0.0316716 0.026646 0.0220276 0.0177629 0.0138247 0.0102506 0.0071412
 0.00781108 0.0127341 0.019254 0.0273463 0.0367748 0.0469393 0.0568276 0.0652395 0.0711936 0.074221 0.0743743 0.0720472 0.0677935 0.0622128 0.0558746 0.0492576 0.0427189 0.0364944 0.0307174 0.0254399 0.0206565 0.016337 0.012465 0.0090659 0.00620371
 0.0078947 0.0128739 0.0194716 0.0276648 0.0372146 0.0475119 0.0575287 0.066047 0.0720706 0.075122 0.0752494 0.0728434 0.0684549 0.0626848 0.0561101 0.0492243 0.0424035 0.0359035 0.0298782 0.0244008 0.0194888 0.0151323 0.0113235 0.00807715 0.0054256
 0.00801192 0.0130596 0.0197421 0.0280324 0.0376857 0.0480841 0.0581873 0.0667627 0.072802 0.0758231 0.0758769 0.0733625 0.0688407 0.0629193 0.0561788 0.0491138 0.0421029 0.0354094 0.0292008 0.0235701 0.0185569 0.0141705 0.0104122 0.00728842 0.00480586
 0.00796054 0.0129746 0.0196126 0.0278501 0.0374507 0.0478121 0.0579147 0.0665447 0.0727014 0.0758921 0.0761409 0.0738114 0.0694301 0.0635807 0.0568326 0.0496834 0.0425243 0.0356386 0.029218 0.0233827 0.0182004 0.0137042 0.00990823 0.00681591 0.00441518
 0.0078894 0.0128594 0.0194403 0.0276093 0.0371345 0.0474231 0.0574708 0.0660833 0.072278 0.0755728 0.0759897 0.0738747 0.0697226 0.0640779 0.0574738 0.0503834 0.0431915 0.0361921 0.0296008 0.0235697 0.0182009 0.0135574 0.0096727 0.0065541 0.0041777
 0.00790092 0.012875 0.0194576 0.0276227 0.0371353 0.0473996 0.05741 0.0659738 0.072115 0.0753643 0.0757608 0.0736666 0.0695851 0.0640547 0.0575871 0.0506231 0.043515 0.0365356 0.0298971 0.023767 0.0182752 0.0135164 0.00954937 0.006393 0.0040198
 0.00796842 0.0129655 0.0195582 0.0277097 0.0371806 0.0473813 0.0573206 0.0658217 0.0719188 0.0751453 0.0755388 0.0734604 0.0694156 0.0639461 0.0575629 0.0506975 0.0436834 0.0367698 0.0301509 0.0239893 0.0184266 0.0135813 0.00953726 0.00633094 0.00393929
 0.00808336 0.0131368 0.0197858 0.0279806 0.0374683 0.0476488 0.057525 0.0659223 0.0718887 0.0749824 0.0752685 0.0731277 0.0690708 0.0636329 0.0573134 0.050532 0.04361 0.0367819 0.030226 0.0240926 0.0185214 0.0136407 0.00955229 0.00630939 0.00389833
 0.00808793 0.0131405 0.0197844 0.0279673 0.0374353 0.0475889 0.0574336 0.0657987 0.0717365 0.0748096 0.0750882 0.0729577 0.0689315 0.0635436 0.0572877 0.0505753 0.0437191 0.0369457 0.0304254 0.0243023 0.0187141 0.0137936 0.00965421 0.00636278 0.00391583
 0.00806875 0.0131185 0.0197679 0.0279684 0.0374653 0.0476511 0.0575189 0.0658857 0.0717985 0.0748242 0.0750444 0.0728585 0.0687925 0.0633882 0.0571424 0.0504642 0.0436589 0.0369426 0.0304742 0.0243879 0.0188151 0.0138888 0.00972796 0.00640925 0.00393803
 0.00806556 0.0131061 0.0197367 0.0279075 0.0373676 0.0475209 0.0573751 0.0657579 0.071715 0.0747983 0.0750688 0.0729105 0.0688459 0.0634257 0.0571604 0.0504715 0.0436705 0.0369724 0.0305296 0.0244668 0.0189072 0.0139796 0.00980457 0.00646439 0.00397146
 0.00813536 0.0132073 0.0198657 0.0280514 0.0375062 0.0476307 0.057435 0.0657547 0.0716487 0.074684 0.0749326 0.0727793 0.0687366 0.0633408 0.0570925 0.0504121 0.0436171 0.0369296 0.0305049 0.024465 0.0189267 0.0140128 0.00984128 0.00649606 0.00399375
 0.0081709 0.0132601 0.0199354 0.0281333 0.0375912 0.0477056 0.0574841 0.0657627 0.0716048 0.0745877 0.0747964 0.072627 0.068596 0.0632342 0.05703 0.0503904 0.0436247 0.0369545 0.0305391 0.0245052 0.0189713 0.014059 0.00988463 0.00653207 0.00401989
 0.00817516 0.0132686 0.0199509 0.0281589 0.0376286 0.0477536 0.0575364 0.0658084 0.0716308 0.0745827 0.0747549 0.0725516 0.0684984 0.0631321 0.0569419 0.0503301 0.0435973 0.0369565 0.0305622 0.0245407 0.0190121 0.0141001 0.00992217 0.00656311 0.00404286
 0.00801714 0.0130319 0.0196329 0.0277716 0.037197 0.047311 0.0571212 0.0654597 0.0713835 0.0744602 0.074763 0.0726785 0.0687185 0.0634148 0.0572587 0.0506586 0.0439218 0.0372654 0.0308461 0.0247912 0.0192233 0.014269 0.0100497 0.00665323 0.00410195
 0.00782906 0.0127372 0.019211 0.0272146 0.0365145 0.0465367 0.0563161 0.0647084 0.0707767 0.0740712 0.0746301 0.0727992 0.0690577 0.0639173 0.0578625 0.0513057 0.0445641 0.037868 0.0313858 0.0252543 0.0196033 0.0145656 0.0102683 0.00680409 0.0041986
 0.00778065 0.0126551 0.0190811 0.0270215 0.0362447 0.0461843 0.055889 0.0642317 0.070292 0.0736302 0.0742851 0.0725932 0.0690153 0.0640398 0.0581288 0.0516784 0.0449988 0.0383213 0.0318215 0.0256462 0.0199351 0.0148302 0.0104662 0.00694216 0.00428774
 0.00771887 0.0125511 0.0189182 0.0267819 0.0359141 0.0457577 0.0553776 0.0636656 0.0697168 0.0730997 0.0738531 0.0723057 0.0689047 0.0641193 0.0583898 0.0520909 0.0455169 0.0388913 0.0323914 0.0261726 0.0203881 0.0151942 0.0107389 0.00713192 0.00440969
 0.00770476 0.012516 0.0188428 0.0266404 0.0356799 0.0454132 0.0549236 0.063125 0.0691319 0.0725243 0.0733434 0.0719132 0.0686697 0.0640666 0.0585252 0.0523999 0.0459663 0.0394334 0.0329711 0.0267366 0.0208927 0.0156112 0.0110575 0.00735634 0.00455494
 0.00774619 0.0125801 0.0189321 0.0267517 0.0358015 0.0455216 0.0549838 0.0630966 0.0689818 0.0722413 0.0729467 0.0714501 0.0682042 0.0636641 0.0582395 0.0522646 0.0459899 0.0395999 0.0332444 0.0270688 0.0212345 0.0159219 0.0113111 0.00754356 0.00468019
 0.00771897 0.0125394 0.0188776 0.0266859 0.0357289 0.0454476 0.0549123 0.0630275 0.0689084 0.0721501 0.0728222 0.0712831 0.0680005 0.063448 0.0580492 0.0521414 0.0459658 0.039688 0.0334351 0.0273325 0.0215303 0.0162085 0.0115568 0.00773202 0.00480994
 0.00767477 0.0124663 0.0187656 0.0265263 0.0355177 0.0451901 0.0546269 0.062744 0.0686612 0.0719667 0.0727143 0.0712441 0.0680109 0.0634861 0.0581022 0.052211 0.046066 0.039836 0.0336394 0.0275862 0.0218108 0.0164848 0.0118 0.00792356 0.00494507
 0.00768304 0.0124817 0.018792 0.0265667 0.0355719 0.0452515 0.054681 0.0627718 0.0686458 0.0719017 0.0726062 0.0711096 0.0678684 0.0633494 0.0579786 0.0521053 0.0459858 0.0397927 0.0336451 0.0276461 0.021918 0.0166206 0.0119403 0.00804706 0.00503961
 0.0075962 0.0123434 0.0185898 0.0262933 0.0352286 0.0448531 0.0542584 0.062369 0.0683096 0.0716683 0.0724929 0.0711141 0.0679752 0.0635363 0.0582215 0.0523811 0.0462748 0.0400818 0.0339279 0.0279198 0.022179 0.0168611 0.012149 0.00821431 0.0051614
 0.00752541 0.0122307 0.0184247 0.0260676 0.0349382 0.0445005 0.0538568 0.0619443 0.0678994 0.0713159 0.0722387 0.0709864 0.0679841 0.063673 0.058462 0.0526936 0.0466272 0.0404465 0.0342843 0.0282542 0.0224822 0.0171258 0.012369 0.00838544 0.00528408
 0.00749043 0.0121774 0.018351 0.0259732 0.0348234 0.0443652 0.0536993 0.0617633 0.067696 0.0710967 0.0720184 0.0707878 0.0678342 0.0635963 0.058473 0.0527927 0.0468009 0.0406724 0.0345375 0.0285121 0.0227268 0.0173441 0.012552 0.00852855 0.00538727
 0.0075749 0.0122987 0.0185039 0.0261425 0.0349884 0.0445057 0.053801 0.0618173 0.0676961 0.0710372 0.0718951 0.0706026 0.0676004 0.0633394 0.0582268 0.0525903 0.0466656 0.0406122 0.0345457 0.0285722 0.0228183 0.0174475 0.0126517 0.00861372 0.00545259
 0.00772069 0.0125178 0.0187992 0.0265028 0.0353887 0.0449102 0.0541668 0.0621005 0.0678609 0.0710651 0.0717885 0.0703815 0.0672935 0.0629779 0.0578422 0.0522144 0.0463289 0.0403391 0.0343493 0.0284523 0.0227633 0.0174392 0.0126708 0.00864391 0.0054826
 0.00767124 0.0124658 0.0187725 0.0265425 0.0355353 0.0451827 0.0545469 0.0625327 0.0682697 0.0713806 0.0719665 0.0704095 0.0671861 0.0627656 0.0575616 0.0519015 0.0460167 0.0400559 0.0341166 0.0282816 0.0226552 0.0173843 0.0126539 0.00864883 0.00549624
 0.00753947 0.012265 0.0184975 0.026203 0.03516 0.0448213 0.0542658 0.0624004 0.068332 0.0716372 0.0723647 0.0708624 0.0676049 0.0630882 0.057764 0.0519926 0.0460248 0.0400157 0.03406 0.0282327 0.0226273 0.0173801 0.0126681 0.0086724 0.0055207
 0.0075587 0.0122815 0.0184954 0.0261596 0.0350533 0.0446419 0.0540278 0.0621439 0.0681152 0.0715187 0.0723834 0.0710217 0.0678689 0.0633934 0.0580424 0.0521945 0.0461311 0.0400368 0.0340238 0.0281714 0.0225671 0.0173361 0.0126444 0.00866538 0.00552357
 0.00755635 0.0122869 0.0185194 0.0262145 0.0351454 0.0447624 0.0541483 0.062224 0.0681204 0.0714407 0.0722484 0.0708805 0.0677731 0.0633719 0.0580897 0.0522775 0.0462076 0.0400753 0.0340145 0.0281245 0.0225028 0.0172742 0.012597 0.00863583 0.00550881
 0.00741277 0.0120628 0.0182007 0.0257981 0.0346434 0.0442062 0.0535894 0.061726 0.067742 0.0712177 0.0721867 0.0709644 0.0679812 0.0636863 0.0584933 0.0527451 0.0467014 0.0405503 0.0344313 0.0284602 0.0227541 0.017452 0.0127181 0.00871612 0.00556052
 0.00744878 0.0121085 0.0182455 0.0258236 0.0346278 0.0441317 0.0534496 0.0615295 0.0675112 0.0709832 0.0719792 0.0708073 0.0678869 0.0636579 0.0585293 0.0528415 0.0468493 0.0407328 0.0346242 0.0286382 0.0228994 0.0175583 0.012789 0.00876034 0.00558696
 0.00752145 0.0122209 0.0184032 0.0260251 0.0348622 0.0443761 0.0536691 0.0616826 0.0675614 0.0709127 0.071797 0.0705466 0.0675934 0.0633758 0.0582918 0.0526672 0.0467437 0.0406906 0.0346315 0.0286758 0.0229477 0.0176025 0.0128218 0.00878113 0.00559864
 0.00734366 0.0119339 0.0179765 0.0254359 0.0341043 0.0434727 0.0526817 0.060708 0.0667116 0.070286 0.0714545 0.0705045 0.0678299 0.0638439 0.0589324 0.0534186 0.0475481 0.0414967 0.0353962 0.0293641 0.0235338 0.0180718 0.0131727 0.0090244 0.00575415
 0.00733339 0.0119058 0.0179124 0.0253099 0.033887 0.0431389 0.0522206 0.0601314 0.0660581 0.0696185 0.0708507 0.0700414 0.0675658 0.0638065 0.0591153 0.053788 0.0480533 0.042081 0.0360042 0.0299474 0.0240541 0.0185035 0.0135049 0.00926016 0.00590763
 0.00733552 0.0119116 0.0179245 0.0253293 0.0339089 0.0431483 0.0521901 0.0600254 0.0658447 0.0692843 0.0704125 0.069548 0.0670884 0.063421 0.0588828 0.0537403 0.0481879 0.0423659 0.0363891 0.0303757 0.0244738 0.0188747 0.0138037 0.00947951 0.00605415
 0.00726431 0.0118016 0.01777 0.0251301 0.0336714 0.0428855 0.0519206 0.0597695 0.0656165 0.0690857 0.0702332 0.0693744 0.0669175 0.0632691 0.0587845 0.0537362 0.0483081 0.0426167 0.036749 0.0308018 0.0249136 0.01928 0.0141407 0.00973314 0.00622701
 0.00719644 0.0116845 0.0175819 0.0248484 0.03328 0.0423858 0.0513404 0.0591631 0.0650534 0.0686307 0.0699289 0.0692322 0.066921 0.0633868 0.0589862 0.0540051 0.0486419 0.0430187 0.0372143 0.0313088 0.025425 0.0197527 0.0145388 0.0100375 0.00643757
 0.00702372 0.0114276 0.0172389 0.0244308 0.0328066 0.0418737 0.0508015 0.0586088 0.0645041 0.0681235 0.0695146 0.0689629 0.0668326 0.0634871 0.0592545 0.0544036 0.0491308 0.043566 0.037796 0.0319016 0.0260002 0.0202765 0.0149803 0.0103781 0.0066762
#obs surv len freq
 nan nan nan nan nan nan nan nan nan nan nan nan nan nan nan nan nan nan nan nan nan nan nan nan nan
 0.00448328 0.00734382 0.0111728 0.0159881 0.0216877 0.0279623 0.0342757 0.0400069 0.0446869 0.0481518 0.0505112 0.0520087 0.0529026 0.0534165 0.053732 0.0539879 0.0542672 0.0545603 0.0546994 0.0542914 0.0527294 0.0493612 0.0438105 0.0362898 0.0276726
 0.00461951 0.00756659 0.0115101 0.0164656 0.0223226 0.0287534 0.0351938 0.0409922 0.0456578 0.0490204 0.0512006 0.052464 0.0530965 0.0533489 0.0534257 0.0534805 0.0536025 0.0537813 0.0538451 0.053399 0.0518378 0.0485138 0.0430523 0.0356591 0.0271906
 0.0047785 0.00782816 0.0119096 0.0170378 0.023095 0.0297348 0.0363627 0.0422912 0.0469994 0.0503015 0.0523178 0.0533269 0.0536368 0.0535273 0.053235 0.0529436 0.0527651 0.0527033 0.0525931 0.0520432 0.0504536 0.0471819 0.0418525 0.0346575 0.0264237
 0.00497255 0.00814407 0.012386 0.0177115 0.0239944 0.0308698 0.0377129 0.0438007 0.0485824 0.051855 0.0537356 0.0545083 0.0544933 0.0539893 0.053258 0.0525141 0.0519027 0.0514583 0.0510417 0.0502837 0.0486018 0.0453653 0.0401973 0.0332665 0.0253547
 0.00518298 0.00848959 0.0129123 0.0184632 0.0250063 0.032153 0.0392414 0.0455067 0.0503667 0.053606 0.0553455 0.0558812 0.0555453 0.0546474 0.0534626 0.0522237 0.0511025 0.050168 0.049322 0.0482383 0.0463747 0.0431285 0.0381269 0.0315092 0.0239959
 0.00540795 0.00885948 0.0134768 0.0192717 0.0260983 0.0335439 0.0409065 0.0473754 0.0523314 0.0555424 0.0571324 0.0574126 0.0567341 0.0554238 0.0537703 0.0520181 0.0503536 0.0488711 0.0475128 0.0460074 0.0438737 0.0405591 0.0357084 0.029432 0.0223768
 0.00564461 0.00924645 0.0140636 0.0201064 0.0272194 0.0349662 0.0426069 0.0492863 0.054349 0.0575452 0.0589988 0.059033 0.0580156 0.056291 0.0541637 0.0518909 0.0496712 0.0476171 0.045705 0.043719 0.041249 0.0378093 0.0330787 0.0271454 0.0205782
 0.00589908 0.00966093 0.0146889 0.0209904 0.028398 0.0364497 0.0443651 0.0512438 0.0563959 0.0595579 0.0608596 0.06064 0.0592845 0.0571531 0.0545629 0.0517809 0.0490146 0.0463913 0.0439165 0.0414265 0.0385849 0.0349817 0.030342 0.024741 0.0186708
 0.0061408 0.0100597 0.0152998 0.0218679 0.029585 0.0379597 0.0461651 0.053249 0.0584833 0.0615919 0.0627152 0.062215 0.0605018 0.0579563 0.0549094 0.0516359 0.048348 0.0451811 0.0421633 0.0391779 0.0359591 0.0321755 0.0276051 0.0223184 0.0167357
 0.00637541 0.0104434 0.0158817 0.022696 0.0306977 0.0393723 0.0478542 0.0551459 0.0604808 0.0635628 0.0645325 0.0637671 0.0617004 0.0587393 0.0552368 0.0514823 0.0476952 0.0440167 0.0404913 0.0370405 0.0334619 0.0294984 0.024982 0.0199841 0.0148615
 0.00660469 0.0108192 0.0164529 0.0235096 0.0317896 0.0407525 0.0494923 0.0569665 0.0623754 0.0654106 0.0662199 0.0651975 0.0627969 0.0594439 0.0555095 0.0512979 0.0470394 0.0428847 0.0388938 0.0350204 0.0311163 0.0269903 0.0225245 0.0177937 0.013098
 0.00683119 0.0111921 0.0170224 0.0243249 0.0328884 0.0421442 0.0511424 0.0587915 0.0642552 0.0672136 0.0678258 0.0665113 0.0637522 0.0599999 0.0556443 0.0510021 0.0463104 0.0417264 0.037323 0.0330817 0.0289008 0.0246453 0.0202407 0.0157643 0.0114659
 0.00708309 0.011602 0.0176398 0.0251953 0.034044 0.043589 0.0528367 0.060647 0.0661465 0.0690019 0.0693835 0.0677376 0.0645802 0.0603957 0.0556019 0.0505332 0.0454353 0.0404688 0.0357135 0.0311708 0.0267751 0.0224374 0.0181179 0.013894 0.00996989
 0.00727979 0.0119309 0.0181517 0.025942 0.0350669 0.0449007 0.0544033 0.0623833 0.0679298 0.070697 0.0708663 0.0689093 0.0653719 0.0607693 0.0555465 0.0500607 0.0445724 0.0392514 0.0341855 0.0293909 0.0248292 0.0204452 0.0162237 0.0122388 0.00865352
 0.00743659 0.0121854 0.0185346 0.0264835 0.035793 0.0458265 0.0555233 0.0636636 0.0693072 0.0720848 0.072165 0.0700196 0.0662078 0.0612673 0.0556711 0.0498027 0.0439449 0.0382841 0.0329233 0.0278958 0.0231857 0.0187631 0.0146289 0.0108498 0.00755234
 0.00752665 0.0123354 0.018767 0.0268218 0.0362575 0.0464275 0.0562552 0.0645033 0.0702184 0.0730249 0.0730886 0.0708768 0.0669421 0.0618181 0.0559809 0.0498271 0.0436601 0.0376907 0.0320469 0.0267872 0.0219217 0.017443 0.013364 0.00974259 0.00667249
 0.00760267 0.012451 0.0189267 0.0270264 0.0365065 0.0467227 0.0566017 0.0649071 0.0706824 0.0735444 0.0736489 0.0714535 0.0675013 0.0623174 0.0563704 0.0500542 0.0436774 0.0374664 0.031574 0.0260897 0.0210556 0.0164916 0.0124241 0.00890457 0.00599921
 0.00765466 0.0125324 0.0190431 0.0271801 0.0366955 0.0469397 0.056835 0.0651439 0.0709143 0.0737731 0.0738858 0.0717125 0.0677891 0.0626245 0.0566692 0.0503014 0.0438222 0.037461 0.031386 0.0257134 0.0205185 0.0158522 0.0117603 0.00829371 0.00549845
 0.00772163 0.0126317 0.0191746 0.0273377 0.0368689 0.0471179 0.0570081 0.0653042 0.0710561 0.0738937 0.0739875 0.071804 0.0678835 0.0627341 0.0567971 0.0504351 0.0439324 0.0375072 0.0313283 0.0255268 0.0202044 0.015442 0.0113083 0.00786093 0.00513397
 0.00776508 0.0127012 0.0192766 0.027476 0.0370423 0.0473174 0.0572162 0.0654969 0.0712106 0.0739958 0.074037 0.0718125 0.0678696 0.0627168 0.0567907 0.050445 0.0439512 0.0375141 0.0312938 0.0254233 0.0200186 0.0151836 0.0110086 0.00756233 0.00487492
 0.0078274 0.0127955 0.0194057 0.027638 0.0372312 0.047525 0.0574315 0.0657062 0.0713967 0.0741405 0.074125 0.0718367 0.0678336 0.0626352 0.0566842 0.0503336 0.0438476 0.0374189 0.0311958 0.0253048 0.019865 0.0149925 0.0107937 0.00734832 0.00468738
 0.00786207 0.01285 0.0194841 0.027742 0.0373597 0.0476724 0.0575878 0.0658581 0.0715307 0.0742467 0.0741979 0.0718745 0.0678364 0.0626046 0.0566248 0.0502539 0.0437576 0.0373265 0.0311023 0.025205 0.019751 0.0148605 0.0106487 0.00720366 0.00455902
 0.00787749 0.0128739 0.0195179 0.0277864 0.0374147 0.0477375 0.0576616 0.0659378 0.0716121 0.0743241 0.0742656 0.0719275 0.0678713 0.0626193 0.0566189 0.0502283 0.0437152 0.0372714 0.0310381 0.0251326 0.0196694 0.0147692 0.0105507 0.00710662 0.00447251
 0.00789953 0.0129039 0.0195521 0.0278182 0.0374364 0.047744 0.057653 0.0659199 0.0715942 0.0743154 0.0742722 0.0719506 0.0679078 0.0626625 0.0566608 0.0502619 0.0437355 0.037276 0.0310267 0.0251063 0.0196296 0.0147179 0.0104919 0.00704627 0.00441739
 0.00790022 0.0129054 0.019555 0.0278223 0.0374404 0.0477444 0.0576448 0.0658979 0.0715568 0.0742674 0.0742243 0.0719164 0.0678978 0.0626807 0.0567034 0.0503192 0.043796 0.0373293 0.0310658 0.0251275 0.0196325 0.0147047 0.0104669 0.00701505 0.00438601
 0.0078988 0.0128986 0.0195367 0.0277849 0.0373772 0.0476539 0.0575331 0.0657782 0.071445 0.0741769 0.0741635 0.0718889 0.0679049 0.062722 0.0567763 0.0504172 0.0439087 0.037444 0.0311701 0.0252123 0.019693 0.0147408 0.010482 0.00701522 0.00437793
 0.00789801 0.0128925 0.0195186 0.0277453 0.0373062 0.0475444 0.0573851 0.065601 0.0712563 0.0739997 0.0740214 0.0718003 0.0678792 0.062759 0.0568677 0.0505499 0.0440671 0.0376121 0.0313325 0.0253558 0.0198088 0.0148252 0.0105367 0.00704566 0.00439147
 0.00787462 0.0128565 0.0194678 0.0276785 0.0372223 0.0474423 0.0572636 0.0654604 0.071101 0.0738399 0.0738726 0.0716818 0.0678093 0.0627499 0.0569223 0.0506617 0.0442219 0.0377915 0.0315172 0.0255288 0.0199569 0.0149411 0.0106189 0.00709812 0.0044211
 0.00788515 0.0128656 0.0194671 0.0276556 0.0371652 0.0473445 0.0571285 0.0653012 0.0709353 0.0736838 0.0737372 0.0715742 0.0677353 0.0627161 0.0569352 0.050724 0.0443301 0.0379351 0.0316804 0.0256936 0.0201073 0.0150656 0.0107125 0.0071617 0.00445987
 0.0078414 0.0128016 0.0193833 0.0275561 0.0370548 0.0472256 0.0569999 0.0651603 0.0707834 0.0735299 0.0735976 0.0714674 0.0676757 0.0627106 0.0569834 0.0508209 0.0444683 0.0381043 0.0318675 0.0258832 0.0202835 0.0152156 0.0108291 0.00724406 0.0045125
 0.00783956 0.0127911 0.0193541 0.0274958 0.0369529 0.0470804 0.0568224 0.0649723 0.0706088 0.0733858 0.0734904 0.0713959 0.0676379 0.0627071 0.057017 0.0508936 0.0445783 0.0382455 0.0320296 0.026053 0.0204467 0.0153595 0.0109449 0.00732873 0.00456849
 0.0077947 0.0127216 0.0192559 0.0273663 0.036791 0.0468863 0.0565988 0.0647277 0.0703602 0.0731582 0.0733114 0.0712882 0.067612 0.06276 0.0571361 0.0510628 0.0447824 0.038471 0.0322639 0.0262829 0.020659 0.0155426 0.0110911 0.00743589 0.00464007
 0.00777733 0.0126893 0.0191998 0.0272766 0.0366595 0.0467111 0.0563874 0.0644965 0.0701299 0.072948 0.0731371 0.0711621 0.0675443 0.0627581 0.0572018 0.0511904 0.0449592 0.0386809 0.0324896 0.0265081 0.0208691 0.0157254 0.0112386 0.00754542 0.00471428
 0.00775589 0.0126546 0.0191476 0.0272023 0.0365588 0.0465803 0.0562256 0.0643073 0.0699235 0.0727408 0.0729489 0.0710125 0.0674485 0.0627252 0.0572345 0.0512856 0.0451089 0.0388718 0.0327052 0.0267302 0.0210803 0.0159114 0.01139 0.00765867 0.00479168
 0.00770409 0.0125721 0.019027 0.0270386 0.0363509 0.0463333 0.0559525 0.0640283 0.069662 0.0725182 0.0727813 0.0709096 0.0674152 0.0627625 0.0573397 0.0514522 0.0453263 0.0391258 0.0329786 0.0270043 0.0213367 0.0161348 0.0115703 0.0077928 0.004883
 0.00767123 0.0125163 0.0189388 0.0269081 0.0361705 0.0461018 0.0556787 0.0637319 0.0693701 0.0722591 0.0725786 0.0707787 0.067363 0.0627885 0.0574385 0.0516148 0.0455411 0.0393788 0.0332534 0.0272822 0.0215992 0.0163655 0.0117582 0.0079335 0.00497938
 0.00766813 0.0125107 0.0189291 0.0268913 0.036142 0.0460547 0.0556048 0.0636241 0.069226 0.0720844 0.0723878 0.070593 0.0672055 0.0626786 0.0573883 0.0516289 0.0456166 0.039507 0.0334208 0.0274722 0.0217933 0.0165461 0.0119116 0.00805228 0.00506287
 0.00763997 0.0124675 0.0188689 0.0268141 0.0360499 0.0459512 0.0554949 0.0635127 0.0691169 0.0719795 0.0722876 0.0704991 0.067123 0.062617 0.0573594 0.0516429 0.0456789 0.0396163 0.0335689 0.0276453 0.0219743 0.0167178 0.0120598 0.0081686 0.00514556
 0.00761537 0.0124287 0.0188129 0.0267393 0.0359566 0.0458427 0.0553776 0.0633962 0.0690112 0.0718921 0.0722218 0.0704535 0.0670939 0.0626015 0.0573586 0.0516615 0.0457239 0.0396927 0.0336768 0.0277784 0.0221205 0.0168623 0.0121887 0.00827235 0.00522088
 0.00760239 0.0124082 0.0187832 0.0266992 0.0359054 0.0457808 0.0553067 0.0633195 0.0689337 0.0718196 0.0721594 0.0704049 0.0670605 0.0625829 0.0573534 0.0516697 0.0457475 0.0397356 0.0337419 0.0278648 0.0222224 0.0169692 0.0122889 0.00835642 0.00528392
 0.00757371 0.0123628 0.0187171 0.0266101 0.0357933 0.0456492 0.0551634 0.0631766 0.0688048 0.0717169 0.0720912 0.0703744 0.0670662 0.0626202 0.0574158 0.0517503 0.0458408 0.039838 0.0338518 0.0279805 0.0223404 0.0170834 0.0123915 0.00844079 0.00534674
 0.00756171 0.0123413 0.0186812 0.0265541 0.0357124 0.0455417 0.0550331 0.0630329 0.0686614 0.0715885 0.0719907 0.0703104 0.0670428 0.0626365 0.057467 0.0518293 0.0459395 0.039949 0.0339691 0.0280995 0.0224566 0.0171918 0.0124867 0.00851821 0.00540424
 0.00755381 0.012333 0.0186766 0.026559 0.0357313 0.0455741 0.055071 0.0630624 0.0686677 0.0715622 0.0719315 0.0702276 0.0669509 0.062551 0.0574002 0.0517882 0.045926 0.0399609 0.0340019 0.0281476 0.022514 0.0172525 0.0125447 0.00856836 0.00544334
 0.00752683 0.0122906 0.0186159 0.0264794 0.0356359 0.045471 0.0549731 0.0629844 0.0686207 0.0715488 0.0719443 0.0702533 0.0669776 0.0625731 0.0574195 0.0518111 0.045959 0.0400075 0.0340619 0.0282174 0.0225882 0.0173249 0.0126098 0.00862209 0.00548378
 0.00750584 0.0122556 0.018562 0.0264017 0.0355313 0.0453406 0.0548244 0.0628317 0.0684835 0.071446 0.0718895 0.0702504 0.06702 0.062647 0.0575096 0.0519061 0.0460535 0.040101 0.0341553 0.0283105 0.0226785 0.0174082 0.0126818 0.0086797 0.00552602
 0.00753453 0.012298 0.0186177 0.0264668 0.0355987 0.0454006 0.054866 0.0628451 0.0684619 0.0713896 0.0718063 0.0701547 0.0669277 0.0625705 0.0574548 0.0518723 0.0460366 0.0400972 0.0341621 0.0283269 0.0227031 0.0174382 0.0127132 0.00870842 0.00554926
 0.00751188 0.0122688 0.0185874 0.0264449 0.0355951 0.0454207 0.0549073 0.0628964 0.0685079 0.0714164 0.0718057 0.0701268 0.0668801 0.062515 0.0574037 0.0518347 0.0460166 0.0400941 0.0341728 0.0283475 0.02273 0.0174682 0.0127429 0.00873487 0.00557035
 0.00750585 0.0122555 0.0185617 0.0264013 0.0355311 0.0453407 0.0548246 0.0628299 0.0684746 0.0714228 0.0718448 0.0701815 0.066932 0.0625524 0.0574243 0.0518437 0.0460225 0.040104 0.0341903 0.0283724 0.02276 0.0174998 0.0127729 0.00876069 0.00559043
 0.00750592 0.0122565 0.0185644 0.0264062 0.035537 0.0453441 0.0548197 0.0628117 0.0684423 0.0713826 0.0718082 0.0701596 0.066929 0.0625641 0.0574413 0.0518577 0.04603 0.0401069 0.0341931 0.0283791 0.0227719 0.0175159 0.0127907 0.00877748 0.00560428
 0.00750592 0.0122565 0.0185644 0.0264062 0.035537 0.0453441 0.0548197 0.0628117 0.0684423 0.0713826 0.0718082 0.0701596 0.066929 0.0625641 0.0574413 0.0518577 0.04603 0.0401069 0.0341931 0.0283791 0.0227719 0.0175159 0.0127907 0.00877748 0.00560428
 0.00727214 0.0118868 0.018029 0.0256888 0.0346433 0.0443119 0.0537258 0.0617672 0.0675706 0.0707883 0.0715525 0.0702517 0.0673336 0.0632148 0.0582559 0.052752 0.0469296 0.0409549 0.0349522 0.0290295 0.0233062 0.0179356 0.0131035 0.00899668 0.00574726
 0.00722645 0.0117846 0.0178242 0.0253227 0.0340611 0.0434878 0.0526861 0.0605967 0.066397 0.0697528 0.0707794 0.0698265 0.0672919 0.0635409 0.0588909 0.0536077 0.0479067 0.041959 0.0359059 0.0298782 0.0240185 0.0185002 0.013525 0.00929124 0.00593846
 0.00723558 0.0118031 0.017856 0.0253668 0.0341025 0.0434891 0.0525868 0.0603281 0.0659126 0.0690589 0.0699486 0.0689831 0.0665758 0.0630679 0.0587248 0.0537519 0.0483121 0.0425434 0.036576 0.0305489 0.0246256 0.0190048 0.0139126 0.00956649 0.00611867
 0.00709215 0.0115831 0.0175505 0.0249784 0.0336467 0.0429932 0.0520857 0.0598555 0.0654879 0.0686789 0.0695943 0.0686413 0.0662623 0.0628349 0.0586445 0.053886 0.0486838 0.0431262 0.0373015 0.0313276 0.0253707 0.0196508 0.0144238 0.00993669 0.0063638
 0.00705292 0.0115044 0.0174052 0.0247343 0.0332771 0.0424922 0.0514807 0.0592068 0.0648718 0.0681625 0.0692139 0.0683969 0.0661296 0.0627882 0.0586779 0.0540199 0.0489512 0.043548 0.037866 0.0319859 0.0260505 0.0202786 0.0149459 0.010329 0.00663054
 0.00695842 0.0113611 0.0172076 0.0244812 0.0329676 0.0421219 0.0510429 0.0587002 0.0643122 0.0675904 0.0686903 0.0679857 0.0658764 0.0627071 0.0587557 0.0542328 0.0492816 0.043988 0.0384067 0.0326026 0.0266967 0.0208946 0.015477 0.0107419 0.00691942
#pred catch len freq
 0.00309822 0.0050315 0.00759636 0.0108392 0.0148043 0.0194874 0.0247757 0.030435 0.0361549 0.0416102 0.0465066 0.0506193 0.0538248 0.0561131 0.0575731 0.0583718 0.0587356 0.0589113 0.0590619 0.0590932 0.0585013 0.0564187 0.0519735 0.0448414 0.0356216
 0.00332529 0.00534442 0.00796557 0.011208 0.0151118 0.019701 0.02491 0.0305408 0.0362832 0.041776 0.0466808 0.0507558 0.0539034 0.0561683 0.0576865 0.0586291 0.0591688 0.0594545 0.0595477 0.0593021 0.0582511 0.055653 0.0507996 0.0434888 0.0343446
 0.00342107 0.00553066 0.00829764 0.0117441 0.0158847 0.0206824 0.0259928 0.0315624 0.0370881 0.0422805 0.0468953 0.0507528 0.0537647 0.0559537 0.0574397 0.0583959 0.0589938 0.0593483 0.0594507 0.0590826 0.0577585 0.0548016 0.0496308 0.042166 0.0330812
 0.003576 0.00576803 0.00863273 0.0121941 0.01648 0.0214736 0.0270377 0.0328879 0.0386405 0.0439012 0.0483529 0.051825 0.0543231 0.0559985 0.057072 0.0577578 0.0582152 0.0585138 0.0585814 0.0581363 0.0566589 0.0534974 0.048153 0.0406409 0.0316823
 0.00376619 0.00607204 0.00908014 0.0128081 0.0172735 0.0224452 0.028172 0.0341613 0.0400298 0.0453798 0.0498668 0.053264 0.0555198 0.0567728 0.0573007 0.0574234 0.0574012 0.0573537 0.057197 0.0565995 0.0549959 0.0517284 0.0463382 0.0388973 0.0301535
 0.00398062 0.00641579 0.00958957 0.0135168 0.0182094 0.0236244 0.0295874 0.0357731 0.0417644 0.047141 0.0515535 0.0547824 0.0567816 0.0576841 0.0577595 0.0573399 0.0567342 0.0561344 0.0555199 0.054589 0.0527771 0.0494229 0.044078 0.0368285 0.0284124
 0.00423117 0.00681445 0.0101747 0.014322 0.0192617 0.0249402 0.0311633 0.037576 0.0437263 0.0491609 0.0535074 0.0565391 0.0582201 0.0587052 0.0582859 0.0573102 0.0561036 0.0548892 0.0536977 0.0522886 0.0501522 0.0466657 0.0413982 0.0344259 0.0264402
 0.00445969 0.00718904 0.0107452 0.0151392 0.0203712 0.02637 0.0329088 0.0395901 0.0459205 0.0514155 0.0556854 0.0584999 0.0598324 0.0598575 0.0588926 0.0573107 0.0554593 0.0535855 0.0517571 0.0497909 0.0472498 0.0435797 0.0383885 0.0317409 0.0242606
 0.00470276 0.00757756 0.0113197 0.0159387 0.0214332 0.0277266 0.0345764 0.0415537 0.048121 0.0537459 0.057999 0.0606304 0.0616194 0.0611672 0.0596263 0.0574029 0.0548706 0.0523014 0.0497968 0.0472283 0.0442349 0.0403431 0.0352138 0.0289051 0.0219654
 0.00499953 0.00804485 0.0119959 0.016853 0.0226053 0.0291652 0.0362731 0.0434766 0.0502114 0.0559193 0.0601483 0.0626304 0.063335 0.0624663 0.060394 0.0575511 0.0543417 0.0510692 0.047874 0.0446841 0.0412161 0.0370814 0.032 0.0260277 0.0196366
 0.00529635 0.00851772 0.0126902 0.0178063 0.023843 0.030693 0.0380666 0.045475 0.0523218 0.0580309 0.062148 0.0644131 0.0648074 0.0635453 0.0610034 0.05762 0.0538083 0.0498906 0.0460428 0.0422514 0.0383142 0.0339306 0.0288836 0.0232305 0.01737
 0.00558629 0.00898092 0.0133733 0.0187502 0.0250792 0.0322355 0.0398991 0.0475399 0.0545178 0.060224 0.0641904 0.0661669 0.0661637 0.0644333 0.0613844 0.0574727 0.053114 0.0486306 0.044213 0.0398902 0.0355325 0.0309253 0.025916 0.0205679 0.0152128
 0.00582772 0.00937794 0.01398 0.0196217 0.0262636 0.0337587 0.0417475 0.0496486 0.0567739 0.0624804 0.0662867 0.0679497 0.0675068 0.0652516 0.0616384 0.0571596 0.052251 0.0472409 0.042325 0.0375559 0.0328557 0.0280796 0.0231316 0.0180824 0.013205
 0.0061244 0.00984536 0.0146576 0.0205418 0.0274517 0.035232 0.043505 0.0516559 0.0589501 0.0646963 0.0683771 0.06974 0.0688441 0.0660302 0.0618095 0.0567251 0.051247 0.0457208 0.0403518 0.0352083 0.0302468 0.025371 0.0205254 0.015782 0.0113606
 0.00646521 0.0103796 0.0154251 0.0215674 0.0287437 0.0367786 0.0452682 0.0535684 0.0609196 0.0666153 0.070133 0.0712204 0.0699429 0.0666573 0.0619036 0.056263 0.0502446 0.044226 0.0384362 0.0329659 0.0277997 0.022875 0.0181602 0.0137195 0.00972154
 0.0066748 0.0107239 0.0159505 0.0223207 0.029764 0.0380843 0.0468409 0.0553433 0.0627898 0.0684483 0.0717925 0.0725866 0.0709248 0.0671965 0.0619703 0.0558502 0.049365 0.0429132 0.0367479 0.0309876 0.0256478 0.0206947 0.0161111 0.0119475 0.00832383
 0.00675101 0.0108525 0.0161542 0.0226281 0.0302092 0.0387029 0.0476619 0.0563773 0.0640163 0.0698078 0.073188 0.0738975 0.072029 0.0679921 0.0623886 0.0558568 0.048955 0.0421057 0.0355857 0.0295403 0.0240159 0.0190059 0.0145058 0.0105517 0.00722088
 0.00686221 0.0110315 0.0164209 0.0230009 0.0307038 0.0393287 0.0484178 0.0572483 0.0649733 0.0708096 0.0741825 0.0748225 0.072815 0.0685694 0.0626965 0.0558533 0.0486215 0.0414483 0.0346349 0.0283525 0.0226741 0.0176172 0.0131872 0.00940802 0.00632002
 0.00689855 0.0110931 0.0165191 0.0231506 0.0309227 0.0396362 0.0488307 0.0577746 0.0656063 0.0715242 0.0749362 0.0755615 0.0734823 0.0691106 0.0630636 0.056006 0.0485306 0.0411004 0.0340384 0.0275424 0.0217136 0.0165927 0.0121962 0.00853865 0.00563068
 0.00682768 0.0109804 0.0163553 0.0229313 0.0306529 0.0393355 0.0485378 0.0575459 0.0655063 0.0716086 0.0752351 0.0760682 0.0741518 0.0698682 0.0638188 0.056669 0.0490249 0.0413724 0.0340633 0.0273277 0.0213001 0.0160497 0.0116083 0.0079868 0.00517409
