SBPRF35
7.78865
Curr Bio
557169
B35
665316
F35
0.224966
FOFL
0.188675
OFL
81379.1
Bzero
2.22533e+006
#pred survey bio
 4.804e+006 4.49498e+006 4.20817e+006 3.89596e+006 3.5601e+006 3.20466e+006 2.87446e+006 2.52745e+006 2.23376e+006 1.96537e+006 1.73637e+006 1.53773e+006 1.36823e+006 1.20124e+006 1.06619e+006 934217 823943 758432 707866 675095 644863 615494 591815 584057 566396 565295 562368 559002 557459 566170 567741 563250 547862 547337 541123 526359 522696 512902 511997 518301 529605 537701 543009 552405 553374 573488 586700 593163 595600 612934 604524 548245 541241 526503 515166 492376 466498 486314 514390 503374 514824 500782 501245 498366 517710 539918 548869 557941 1.97393e+007 1.20986e+007 1.25103e+007 1.32027e+007 1.40151e+007 1.47974e+007 1.54729e+007 1.60183e+007 1.64394e+007 1.67552e+007 1.69877e+007 1.71569e+007 1.72795e+007 1.73683e+007 1.74326e+007 1.74795e+007 1.75138e+007 1.75391e+007 1.75579e+007 1.75719e+007 1.75824e+007 1.75903e+007 1.75963e+007 1.76008e+007 1.76043e+007 1.7607e+007 1.7609e+007 1.76105e+007 1.76117e+007 1.76127e+007 1.76134e+007 1.76139e+007 1.76144e+007 1.76147e+007 1.76149e+007 1.76151e+007 1.76153e+007 1.76154e+007 1.76155e+007 1.76156e+007 1.76156e+007 1.76157e+007 1.76157e+007 1.76157e+007 1.76157e+007 1.76157e+007 1.76158e+007 1.76158e+007 1.76158e+007 1.76158e+007 1.76158e+007 1.76158e+007 1.76158e+007 1.76158e+007 1.76158e+007 1.76158e+007 1.76158e+007 1.76158e+007 1.76158e+007 1.76158e+007 1.76158e+007 1.76158e+007 1.76158e+007 1.76158e+007 1.76158e+007 1.76158e+007 1.76158e+007 1.76158e+007 1.76158e+007 1.76158e+007 1.76158e+007 1.76158e+007 1.76158e+007 1.76158e+007 1.76158e+007 1.76158e+007 1.76158e+007 1.76158e+007 1.76158e+007 1.76158e+007 1.76158e+007 1.76158e+007 1.76158e+007 1.76158e+007 1.76158e+007 1.76158e+007 1.76158e+007 1.76158e+007 1.76158e+007 1.76158e+007 1.76158e+007 1.76158e+007 1.76158e+007 1.76158e+007 1.76158e+007 1.76158e+007 1.76158e+007 1.76158e+007 1.76158e+007 1.76158e+007 0 0 0 0 0 0 0 0 0 0 0 0 0 0 0 0 0 0 0 0 0 0 0 0 0
#obs survey bio
 3.73328e+006 3.95652e+006 3.35215e+006 2.99742e+006 4.51924e+006 2.74745e+006 3.73167e+006 2.39624e+006 1.74285e+006 2.56476e+006 1.06293e+006 1.26392e+006 1.15299e+006 1.16212e+006 793374 1.03817e+006 731179 781406 639608 500372 406502 782208 486757 546167 589052 428169 472878 581029 480105 493995 530304 565388 392487 540436 416290 771743 407717 690272 471920 417319 626607 470163 468867 624754 633422 614832 505291 495181 794716 703574 656904 597115 419458 812452 579333 460555 467833 746846 603300 700928 479761 434055 611212 478482 491580 629354 628468 377730
#pred catch bio
 108716 106876 155467 206684 257669 268564 316627 298770 302351 288918 279115 265390 269967 244776 241383 219013 176558 160317 142523 138490 135504 128314 113380 119618 103291 103334 102063 98985.5 89490.5 94363.4 97044.6 102848 87514.6 90263.8 94781.5 84806.1 93686.9 91221.7 89160.6 87198.1 90523.9 92743.7 89403.4 96572.4 81226.3 88343.1 94623.4 98243.5 86266.4 107821 145020 100629 106244 101393 109151 110497 72965.1 67824.5 99562.5 79377.5 100917 89223.8 93230.4 75819.3 75255.9 88031 90348 95705.6 81379.1 96965.4 99139 103460 109222 114909 119752 123545 126354 128353 129735 130667 131287 131692 131954 132122 132230 132298 132341 132368 132385 132395 132402 132406 132408 132410 132411 132412 132412 132412 132412 132412 132413 132413 132413 132413 132413 132413 132413 132413 132413 132413 132413 132413 132413 132413 132413 132413 132413 132413 132413 132413 132413 132413 132413 132413 132413 132413 132413 132413 132413 132413 132413 132413 132413 132413 132413 132413 132413 132413 132413 132413 132413 132413 132413 132413 132413 132413 132413 132413 132413 132413 132413 132413 132413 132413 132413 132413 132413 132413 132413 132413 132413 132413 132413 132413 132413 132413 132413 132413 0 0 0 0 0 0 0 0 0 0 0 0 0 0 0 0 0 0 0 0 0 0 0 0 0
#obs catch bio
 0 106669 155960 207788 259345 270589 320077 302050 307565 293426 285327 271518 276611 249971 247259 222935 179051 161841 143607 140291 137967 129860 115220 122099 104308 104516 103328 99783.2 90250.6 95207.7 97740.1 103505 87558.1 90580.3 95678.2 84786.8 94199.7 91085.8 89473.9 87599.8 90656.1 92756.7 89293.4 96629 80974.1 88282.2 94389.3 98184.3 85649.7 107234 145179 99947.6 105770 100408 107849 110093 72709.1 67258.6 99694.7 78415.8 100535 88513.1 93044.1 75693.4 74893.5 87785.5 89949.9 95736.2
#pred cpue bio
 4.72411e+006 4.4187e+006 4.13441e+006 3.82366e+006 3.48997e+006 3.13681e+006 2.8086e+006 2.46407e+006 2.17224e+006 1.90574e+006 1.67849e+006 1.48162e+006 1.31423e+006 1.15013e+006 1.01773e+006 888954 781797 718471 669746 638049 608702 580381 557608 550259 533671 533119 530624 527708 526513 535226 537229 533565 519299 519187 513572 499715 495583 484234 481822 487468 498645 506915 512274 521427 522373 541806 554635 560898 563230 580082 572134 517681 510777 496717 486150 464095 438555 457504 485282 475297 486438 472478 472382 469321 488107 509770 518218 526178 1.85993e+007 1.1405e+007 1.17452e+007 1.23442e+007 1.31234e+007 1.38982e+007 1.45725e+007 1.51176e+007 1.55387e+007 1.58545e+007 1.60869e+007 1.62562e+007 1.63788e+007 1.64675e+007 1.65319e+007 1.65788e+007 1.66131e+007 1.66384e+007 1.66571e+007 1.66711e+007 1.66816e+007 1.66895e+007 1.66955e+007 1.67001e+007 1.67036e+007 1.67062e+007 1.67083e+007 1.67098e+007 1.6711e+007 1.67119e+007 1.67126e+007 1.67132e+007 1.67136e+007 1.67139e+007 1.67142e+007 1.67144e+007 1.67145e+007 1.67147e+007 1.67148e+007 1.67148e+007 1.67149e+007 1.67149e+007 1.6715e+007 1.6715e+007 1.6715e+007 1.6715e+007 1.6715e+007 1.6715e+007 1.6715e+007 1.6715e+007 1.6715e+007 1.67151e+007 1.67151e+007 1.67151e+007 1.67151e+007 1.67151e+007 1.67151e+007 1.67151e+007 1.67151e+007 1.67151e+007 1.67151e+007 1.67151e+007 1.67151e+007 1.67151e+007 1.67151e+007 1.67151e+007 1.67151e+007 1.67151e+007 1.67151e+007 1.67151e+007 1.67151e+007 1.67151e+007 1.67151e+007 1.67151e+007 1.67151e+007 1.67151e+007 1.67151e+007 1.67151e+007 1.67151e+007 1.67151e+007 1.67151e+007 1.67151e+007 1.67151e+007 1.67151e+007 1.67151e+007 1.67151e+007 1.67151e+007 1.67151e+007 1.67151e+007 1.67151e+007 1.67151e+007 1.67151e+007 1.67151e+007 1.67151e+007 1.67151e+007 1.67151e+007 1.67151e+007 1.67151e+007 1.67151e+007 1.67151e+007 0 0 0 0 0 0 0 0 0 0 0 0 0 0 0 0 0 0 0 0 0 0 0 0 0
#obs cpue bio
 2.45839e+006 3.51611e+006 3.61351e+006 3.41614e+006 3.3811e+006 2.20924e+006 2.41247e+006 1.8335e+006 1.5908e+006 1.43199e+006 1.38458e+006 1.30609e+006 1.37148e+006 990515 1.01624e+006 874799 696183 789657 656548 542449 580885 529727 336153 443524 617500 572660 492529 599094 423464 595490 580654 610238 809703 441794 445121 527223 492983 541257 350533 500937 541717 651455 599064 499249 470449 496771 772672 647513 581644 517642 483772 542065 766159 462974 586550 394906 350137 460766 342421 622191 430667 642632 335935 393726 717983 444927 488087 573360
#pred surv len freq
 0.00455425 0.00738934 0.0111174 0.015732 0.0211506 0.0271431 0.0332934 0.0390871 0.0440928 0.0480973 0.0511085 0.0532686 0.0547661 0.0557767 0.0564248 0.0567625 0.0567716 0.0563774 0.0554471 0.0537604 0.0509916 0.0467794 0.0409226 0.0336198 0.0255654
 0.00487978 0.00783769 0.0116471 0.0162661 0.021613 0.0275079 0.0336103 0.0394562 0.0445946 0.0487221 0.0517327 0.0536999 0.05483 0.0553977 0.055663 0.0557921 0.0558155 0.0556242 0.0549839 0.0535497 0.0509056 0.0466736 0.0407083 0.0332951 0.0251938
 0.00501188 0.0080925 0.0120985 0.0169918 0.0226575 0.0288363 0.0350868 0.0408762 0.0457679 0.0495524 0.052235 0.0539418 0.054849 0.0551645 0.055117 0.0549145 0.0546788 0.0543794 0.0537959 0.0525256 0.0500617 0.045959 0.0400617 0.0326916 0.0246528
 0.00517275 0.00834229 0.0124572 0.0174822 0.0233143 0.0297105 0.0362313 0.0423088 0.0474265 0.0512773 0.0538037 0.0551443 0.055557 0.0553478 0.0548078 0.0541654 0.0535528 0.0529682 0.052228 0.0509427 0.048578 0.0446369 0.0389208 0.0317358 0.0238875
 0.00540244 0.00870581 0.0129855 0.0181967 0.0242236 0.0308075 0.0374924 0.0436989 0.0489078 0.0528086 0.0553233 0.0565484 0.0566981 0.0560671 0.0549851 0.0537535 0.0525804 0.051524 0.0504432 0.0489747 0.0465894 0.0427702 0.0372808 0.0303846 0.022848
 0.00564487 0.00910007 0.0135791 0.0190337 0.0253363 0.0322021 0.039135 0.0455108 0.0507778 0.0546186 0.0569716 0.0579575 0.057804 0.0568003 0.0552621 0.0534908 0.0517259 0.0500871 0.0485078 0.046692 0.0441542 0.0403883 0.0351339 0.0286007 0.0214856
 0.00589563 0.00950023 0.0141685 0.0198476 0.0264025 0.0335353 0.0407258 0.0473154 0.0527142 0.056573 0.0588136 0.05956 0.0590612 0.0576351 0.0556193 0.0533243 0.0509954 0.0487736 0.0466423 0.0443792 0.0415741 0.0377704 0.0327096 0.0265527 0.0199112
 0.00625121 0.0100625 0.0149857 0.0209547 0.027817 0.0352497 0.0426982 0.049465 0.0549288 0.058725 0.060776 0.0612162 0.060311 0.0583995 0.0558433 0.0529746 0.0500549 0.0472419 0.0445499 0.0418128 0.0386963 0.0348123 0.0299301 0.0241752 0.0180682
 0.00653924 0.0105317 0.0156935 0.0219554 0.0291511 0.0369278 0.0446838 0.051668 0.0572175 0.0609505 0.0627968 0.0629127 0.0615898 0.0591918 0.0561008 0.052665 0.0491599 0.0457604 0.04251 0.0392927 0.0358445 0.0318483 0.0271114 0.0217369 0.0161604
 0.00687334 0.0110592 0.0164596 0.0229951 0.0304874 0.038567 0.0466049 0.0538115 0.0594816 0.0631991 0.0648763 0.0646745 0.062911 0.059988 0.056326 0.0523026 0.0482108 0.0442385 0.0404508 0.0367732 0.0330041 0.0288944 0.0242926 0.019286 0.0142322
 0.00714709 0.0115062 0.0171355 0.0239523 0.0317642 0.0401715 0.0484987 0.0559067 0.0616544 0.0653142 0.0668061 0.0663067 0.0641492 0.0607536 0.0565625 0.0519788 0.04732 0.0427962 0.0384975 0.0343872 0.0303181 0.0261008 0.0216221 0.0169571 0.0123933
 0.00733556 0.0118221 0.0176295 0.0246798 0.0327772 0.0415025 0.0501422 0.0578067 0.0637055 0.0673763 0.0687268 0.0679447 0.0653924 0.0615265 0.0568236 0.0517113 0.0465248 0.0414901 0.0367198 0.0322121 0.0278691 0.023554 0.0191864 0.0148304 0.0107108
 0.00749232 0.0120779 0.0180175 0.0252349 0.0335335 0.0424871 0.0513656 0.0592521 0.0653226 0.0690805 0.0704052 0.0694687 0.0666361 0.0623857 0.0572279 0.0516261 0.0459455 0.0404351 0.0352298 0.030358 0.0257632 0.021353 0.0170747 0.012982 0.00924512
 0.00771678 0.0124388 0.0185534 0.025979 0.0345079 0.0436934 0.0527751 0.060802 0.0669243 0.0706346 0.0718157 0.0706507 0.0675176 0.0629092 0.0573524 0.05133 0.0452273 0.039314 0.0337466 0.0285808 0.0237943 0.0193303 0.0151569 0.0113169 0.00793187
 0.00782349 0.0126265 0.0188623 0.0264561 0.0351974 0.0446208 0.0539308 0.0621347 0.0683473 0.0720426 0.0731033 0.071727 0.0683145 0.0633826 0.0574791 0.0511021 0.0446482 0.0383987 0.0325266 0.0271117 0.0221626 0.0176528 0.0135669 0.00993733 0.00684452
 0.00799269 0.0128987 0.0192677 0.0270233 0.0359507 0.0455748 0.0550801 0.0634437 0.0697453 0.0734283 0.0743587 0.0727381 0.0689935 0.0636821 0.0573935 0.0506566 0.0438839 0.0373617 0.0312655 0.0256839 0.0206428 0.0161358 0.0121588 0.00873363 0.0059059
 0.00819321 0.013212 0.0197157 0.0276188 0.0366963 0.0464615 0.0560847 0.0645265 0.0708521 0.0744953 0.0753177 0.0735206 0.0695354 0.0639326 0.0573242 0.0502676 0.0432016 0.0364312 0.0301427 0.0244317 0.019333 0.0148498 0.0109815 0.00773816 0.00513615
 0.00833355 0.0134171 0.0199822 0.0279298 0.0370286 0.0467964 0.0564155 0.0648606 0.0712059 0.0748856 0.0757528 0.0739916 0.0700114 0.0643617 0.0576425 0.0504135 0.0431317 0.0361298 0.0296246 0.0237386 0.0185272 0.0140068 0.010179 0.00704313 0.00459042
 0.00855104 0.0137427 0.0204189 0.0284595 0.037614 0.0473867 0.0569548 0.0652965 0.0715027 0.075037 0.0757853 0.0739539 0.0699539 0.0643152 0.057607 0.0503601 0.0430154 0.0359076 0.0292717 0.023258 0.0179504 0.0133871 0.00957845 0.00651715 0.0041749
 0.00865639 0.0139136 0.0206744 0.0288137 0.0380692 0.047925 0.0575314 0.065844 0.0719468 0.0753199 0.0758843 0.0738869 0.0697699 0.0640753 0.0573631 0.0501387 0.0428129 0.0356972 0.0290199 0.0229421 0.0175706 0.0129679 0.00916038 0.00614242 0.00387385
 0.00864801 0.0139189 0.0207175 0.0289293 0.0382944 0.0482851 0.058026 0.0664392 0.0725785 0.0759057 0.0763421 0.0741551 0.069824 0.0639337 0.0570778 0.0497754 0.0424275 0.0353215 0.0286599 0.0225892 0.0172165 0.0126159 0.00882707 0.00585042 0.00364137
 0.00877431 0.0140964 0.0209347 0.0291618 0.0385172 0.0484885 0.0582252 0.0666679 0.0728674 0.0762589 0.0767253 0.0745038 0.070066 0.0640156 0.0569831 0.0495261 0.0420725 0.0349161 0.0282485 0.0221975 0.0168551 0.012289 0.00854035 0.00561173 0.00345701
 0.00882785 0.0141913 0.02109 0.0293954 0.0388355 0.0488755 0.0586374 0.0670448 0.0731566 0.07644 0.0768156 0.0745396 0.0700745 0.0639973 0.0569157 0.0493843 0.0418466 0.0346196 0.0279114 0.0218528 0.0165292 0.0119988 0.00829486 0.00541536 0.00331025
 0.00863308 0.0139055 0.0207183 0.0289657 0.0383944 0.0484786 0.0583386 0.0668855 0.0731555 0.0765885 0.077082 0.0748832 0.0704601 0.0643992 0.057311 0.0497457 0.0421437 0.0348283 0.0280233 0.0218781 0.0164904 0.0119222 0.00820403 0.00532785 0.00323703
 0.00872147 0.0140128 0.0208141 0.0290027 0.0383262 0.0482852 0.0580446 0.0665573 0.0728769 0.0764265 0.0770638 0.0749935 0.070656 0.0646318 0.0575417 0.0499503 0.0423086 0.0349446 0.0280857 0.0218872 0.0164548 0.0118572 0.00812708 0.0052541 0.00317614
 0.00870854 0.0139904 0.020776 0.028937 0.0382125 0.0480937 0.057743 0.066128 0.0723383 0.0758464 0.0765488 0.0746543 0.0705653 0.0647983 0.0579141 0.0504441 0.0428367 0.0354384 0.0285017 0.0222055 0.0166744 0.0119908 0.00819537 0.0052796 0.00317851
 0.00863546 0.0138869 0.0206483 0.0288 0.0380843 0.0479865 0.0576554 0.0660424 0.0722261 0.0756806 0.0763213 0.0743895 0.0703196 0.064642 0.0579014 0.0505899 0.043112 0.0357854 0.0288573 0.0225199 0.0169199 0.012161 0.0082992 0.00533407 0.00320169
 0.00866464 0.0139145 0.0206542 0.028756 0.0379649 0.0477843 0.0573907 0.0657593 0.0719738 0.0754912 0.076198 0.0743126 0.0702659 0.0646041 0.0578946 0.0506417 0.0432428 0.035993 0.0291147 0.0227868 0.0171588 0.0123482 0.00842867 0.00541289 0.00324358
 0.00864251 0.0138867 0.0206258 0.0287334 0.0379488 0.0477634 0.0573406 0.0656515 0.0717935 0.0752517 0.07594 0.0740866 0.0701097 0.0645305 0.057896 0.0507045 0.0433576 0.036154 0.0293127 0.0230034 0.0173689 0.0125288 0.00856593 0.0055052 0.00329839
 0.00845369 0.0136009 0.0202361 0.0282495 0.0373968 0.0471825 0.0567785 0.0651582 0.0714108 0.0750043 0.0758335 0.0741146 0.0702623 0.0647969 0.0582604 0.0511423 0.0438371 0.0366429 0.0297833 0.0234335 0.0177412 0.0128309 0.0087929 0.00566124 0.00339565
 0.00825484 0.0132997 0.0198245 0.027736 0.0368056 0.0465505 0.056153 0.0645936 0.0709616 0.0747133 0.0757218 0.0741783 0.0704775 0.0651305 0.0586791 0.0516171 0.0443425 0.0371543 0.0302759 0.0238845 0.0181316 0.0131485 0.00903349 0.00582932 0.00350292
 0.00817615 0.0131637 0.0196058 0.0274087 0.0363523 0.0459752 0.0554915 0.0639122 0.0703422 0.0742313 0.0754279 0.0740916 0.0705883 0.0654083 0.0590826 0.0521025 0.0448696 0.0376891 0.0307904 0.0243551 0.0185398 0.0134816 0.0092873 0.00600818 0.00361849
 0.00830957 0.0133542 0.0198423 0.027661 0.0365751 0.0461178 0.055509 0.0637762 0.0700502 0.0738122 0.0749393 0.0736062 0.0701744 0.0651131 0.0589254 0.0520776 0.0449551 0.0378554 0.0310062 0.0245912 0.0187707 0.0136874 0.00945498 0.00613282 0.00370263
 0.00817096 0.0131595 0.0196049 0.0274096 0.0363419 0.0459211 0.055342 0.0636099 0.0698509 0.073563 0.0746529 0.0733232 0.0699503 0.0649988 0.0589519 0.0522486 0.0452488 0.0382331 0.0314231 0.0250053 0.0191483 0.0140059 0.0097036 0.00631175 0.00382067
 0.00807822 0.0130103 0.0193851 0.0271122 0.0359741 0.0455112 0.0549404 0.0632777 0.0696359 0.073477 0.0746669 0.0733864 0.0700195 0.0650604 0.059023 0.0523605 0.0454267 0.0384825 0.031728 0.0253356 0.0194699 0.0142904 0.00993309 0.00648079 0.00393409
 0.0088408 0.01408 0.0206803 0.0284499 0.0371214 0.0462686 0.0552102 0.0630827 0.0690879 0.0727231 0.0738413 0.0725818 0.0692803 0.0643949 0.058426 0.0518331 0.0449829 0.0381416 0.0315013 0.0252175 0.0194388 0.0143156 0.00998461 0.00653585 0.00397972
 0.00944006 0.0150364 0.0220761 0.0303217 0.0394205 0.0488186 0.0576922 0.0650884 0.0702453 0.072838 0.0729689 0.0709839 0.067304 0.0623488 0.056514 0.0501535 0.0435639 0.0369798 0.030584 0.0245273 0.0189506 0.0139951 0.00979138 0.00642999 0.00392763
 0.00946426 0.0151622 0.0224257 0.0310628 0.0407237 0.0507847 0.0602787 0.0680711 0.0732393 0.075378 0.0746281 0.0714958 0.0666406 0.0607163 0.0542656 0.0476667 0.0411428 0.0348162 0.0287688 0.023083 0.0178593 0.0132154 0.0092686 0.00610342 0.00373892
 0.00923926 0.0148305 0.0219966 0.0305851 0.0402958 0.050557 0.0604377 0.0687927 0.074614 0.0773343 0.0769043 0.0736921 0.0683389 0.0616161 0.0542731 0.0468995 0.0398591 0.0333117 0.0272912 0.0217921 0.0168282 0.0124531 0.00874494 0.00576991 0.00354293
 0.008985 0.0144371 0.0214433 0.0298706 0.0394448 0.0496283 0.059535 0.068067 0.0742464 0.0774928 0.0776822 0.0750501 0.0700829 0.0634341 0.0558273 0.0479367 0.0402855 0.0331979 0.026815 0.0211568 0.0161983 0.0119262 0.00835629 0.00551216 0.00338805
 0.00882835 0.0141774 0.0210441 0.0292975 0.0386757 0.0486701 0.0584388 0.0669351 0.0732221 0.0767385 0.0773497 0.0752477 0.0708389 0.064668 0.0573483 0.0494852 0.0416093 0.0341308 0.0273172 0.0213002 0.0161134 0.0117432 0.00816741 0.00536334 0.00328959
 0.00883137 0.0141665 0.0209974 0.029182 0.0384518 0.0483016 0.0579053 0.0662435 0.0724153 0.075898 0.0765906 0.0747012 0.0706243 0.0648579 0.0579381 0.0503808 0.0426448 0.0351169 0.0281016 0.0218116 0.0163666 0.0118102 0.0081343 0.00529807 0.00323023
 0.00883709 0.0141796 0.0210228 0.029223 0.0385046 0.0483482 0.0579105 0.0661601 0.0721993 0.0755291 0.076088 0.0741291 0.0700822 0.0644579 0.0577741 0.0504963 0.0430137 0.0356479 0.028669 0.0223005 0.0167102 0.0120004 0.00820638 0.00530203 0.00320797
 0.00880237 0.0141231 0.0209382 0.0291061 0.0383557 0.0481747 0.0577272 0.0659839 0.0720405 0.0753835 0.0759383 0.0739571 0.0698866 0.0642661 0.0576388 0.0504771 0.04315 0.0359365 0.0290605 0.0227168 0.0170758 0.0122693 0.00837089 0.00538329 0.00323754
 0.00888668 0.0142473 0.0211008 0.0292963 0.0385554 0.0483625 0.0578817 0.0660873 0.0720803 0.0753537 0.0758383 0.0737892 0.0696554 0.0639831 0.0573292 0.0501823 0.0429192 0.0358092 0.0290489 0.0227994 0.0172076 0.0124024 0.00847314 0.005445 0.00326581
 0.00876403 0.0140606 0.0208434 0.0289706 0.0381719 0.047938 0.0574396 0.0656585 0.0717024 0.0750665 0.0756756 0.0737696 0.0697756 0.0642178 0.0576391 0.0505279 0.0432734 0.0361607 0.0293953 0.0231359 0.0175201 0.0126709 0.00868142 0.0055884 0.00335257
 0.00872179 0.0139908 0.0207368 0.0288188 0.0379699 0.0476885 0.0571555 0.065362 0.0714204 0.074824 0.0754921 0.0736591 0.0697471 0.0642743 0.0577748 0.0507276 0.0435156 0.036424 0.029663 0.0233958 0.0177613 0.0128815 0.00885096 0.00571183 0.00343267
 0.00868526 0.0139415 0.0206808 0.0287664 0.0379317 0.0476681 0.0571459 0.0653473 0.071383 0.0747534 0.0753897 0.0735373 0.0696251 0.0641726 0.0577109 0.0507125 0.0435519 0.0365062 0.0297795 0.0235324 0.0179033 0.0130155 0.00896564 0.00580034 0.00349369
 0.00870043 0.0139605 0.0206996 0.0287792 0.0379343 0.0476618 0.057139 0.0653511 0.0714038 0.0747857 0.0754162 0.0735371 0.0695846 0.0640931 0.0576078 0.0506088 0.0434697 0.0364601 0.0297742 0.0235632 0.0179595 0.0130836 0.00903295 0.00585753 0.00353615
 0.00848398 0.0136395 0.0202736 0.028268 0.0373717 0.0470866 0.0565894 0.0648652 0.0710216 0.0745469 0.0753514 0.0736557 0.0698685 0.0644995 0.0580825 0.0511014 0.0439442 0.0368965 0.0301639 0.0239029 0.0182471 0.0133174 0.00921307 0.00598716 0.00362226
 0.00839693 0.0135142 0.0201159 0.0280951 0.0372096 0.0469636 0.0565283 0.0648764 0.0710982 0.0746645 0.0754759 0.0737568 0.0699314 0.0645279 0.0580912 0.0511063 0.0439554 0.0369185 0.0301975 0.0239473 0.0182996 0.0133734 0.00926648 0.0060327 0.00365682
 0.00881298 0.0141501 0.0209968 0.0292161 0.038536 0.0484337 0.0580526 0.0663371 0.0723575 0.0755846 0.0759451 0.0737134 0.069379 0.063537 0.0567861 0.0496376 0.0424699 0.0355343 0.028993 0.0229615 0.0175391 0.0128214 0.00889138 0.00579555 0.00351827
 0.00863155 0.0138968 0.0206927 0.0289069 0.0382802 0.048283 0.0580372 0.0664641 0.0726185 0.0759635 0.0764164 0.0742346 0.0698868 0.063957 0.0570538 0.0497217 0.0423816 0.0353202 0.0287156 0.0226786 0.0172916 0.0126293 0.00875725 0.00571092 0.00347007
 0.00860531 0.013842 0.0205902 0.0287377 0.0380378 0.0479887 0.057747 0.0662571 0.0725682 0.0761056 0.076735 0.0746724 0.0703687 0.064411 0.0574214 0.0499621 0.0424766 0.0352777 0.0285684 0.0224742 0.0170775 0.0124409 0.00861253 0.00561227 0.00340993
 0.00880015 0.0141113 0.0209066 0.029044 0.0382596 0.0480589 0.0576296 0.0659616 0.0721508 0.0756573 0.0763573 0.0744461 0.0703282 0.0645362 0.0576515 0.0502205 0.0426955 0.0354142 0.0286097 0.0224342 0.0169864 0.0123324 0.00851305 0.00553581 0.00335909
 0.00908633 0.0145666 0.0215698 0.029934 0.0393603 0.0493005 0.0588792 0.0670391 0.0728758 0.0759097 0.0761195 0.0738042 0.0694342 0.0635541 0.0567104 0.0493923 0.0419974 0.0348293 0.0281108 0.0220017 0.0166143 0.0120243 0.00827382 0.00536472 0.00324769
 0.00920146 0.0147779 0.021932 0.0305123 0.0402131 0.0504517 0.0602894 0.068591 0.0743852 0.0771612 0.0769172 0.0740237 0.0690586 0.0626771 0.0555039 0.0480504 0.0406844 0.0336501 0.0271114 0.021187 0.0159701 0.0115316 0.0079135 0.00511657 0.0030891
 0.0087978 0.014151 0.0210478 0.0293704 0.0388609 0.0489971 0.0589054 0.0674951 0.0737855 0.0771866 0.0775664 0.0751617 0.0704618 0.0641061 0.0567704 0.049055 0.0414145 0.0341493 0.0274409 0.0213998 0.0161023 0.0116069 0.00794971 0.00512862 0.00308902
 0.00850465 0.0136693 0.0203147 0.0283284 0.0374753 0.0472833 0.0569565 0.0654927 0.0719791 0.075844 0.0769089 0.0753044 0.0713779 0.0656299 0.0586445 0.051004 0.0432147 0.0356679 0.0286348 0.0222882 0.0167338 0.0120361 0.00822675 0.00529662 0.00318364
 0.00883165 0.0141461 0.0209275 0.0290216 0.0381565 0.0478383 0.0572673 0.0654595 0.0715479 0.0750354 0.0758332 0.0741458 0.0703471 0.0649009 0.0583022 0.0510261 0.0434956 0.036069 0.029036 0.0226169 0.0169665 0.012182 0.00830849 0.00533737 0.00320123
 0.00886712 0.0142115 0.0210384 0.0291916 0.0383868 0.0481045 0.0575118 0.0655981 0.0714944 0.0747343 0.0752859 0.073419 0.0695611 0.0642008 0.0578191 0.0508387 0.0436072 0.0364116 0.0295004 0.0230936 0.0173776 0.0124921 0.00851753 0.00546481 0.00327194
 0.00911227 0.0145966 0.0215924 0.0299315 0.0393131 0.0491933 0.0587043 0.0667924 0.0725502 0.0754937 0.0756084 0.0732215 0.0688496 0.0630785 0.0564649 0.0494597 0.0423837 0.0354547 0.0288382 0.0226868 0.0171533 0.0123775 0.00845924 0.00543246 0.00325189
 0.0090118 0.0144694 0.0214683 0.0298617 0.0393584 0.049404 0.0591016 0.0673614 0.0732422 0.0762338 0.0763025 0.0737661 0.0691488 0.0630706 0.0561471 0.0488975 0.0416941 0.0347687 0.0282597 0.022267 0.0168903 0.0122353 0.00839291 0.00540528 0.00324136
 0.00899815 0.0144388 0.0214091 0.0297641 0.0392245 0.0492598 0.0590017 0.067377 0.0734337 0.0766205 0.0768469 0.0743813 0.0697233 0.0634981 0.0563524 0.048854 0.0414305 0.0343599 0.027802 0.0218473 0.016562 0.0120124 0.00826004 0.00533494 0.00320769
 0.00891116 0.0142837 0.0211506 0.0293622 0.038646 0.0484967 0.0580906 0.0664086 0.0725435 0.0759614 0.0765495 0.0745142 0.0702681 0.064351 0.0573542 0.0498379 0.042267 0.0349835 0.0282128 0.0220903 0.0166975 0.0120917 0.00831387 0.00537576 0.00323824
 0.00896629 0.014347 0.0211959 0.0293458 0.0385135 0.0481979 0.0575961 0.0657228 0.0717138 0.075079 0.0757405 0.0739162 0.0699948 0.0644562 0.057811 0.0505454 0.0430836 0.0357713 0.0288751 0.0225869 0.0170371 0.012309 0.00844831 0.00545817 0.00328839
 0.00924926 0.0147731 0.021772 0.0300504 0.0392957 0.0489802 0.0582787 0.0661952 0.0718767 0.0748744 0.0751764 0.073074 0.0690132 0.0634973 0.0570177 0.0500041 0.0428062 0.0357053 0.0289346 0.0226893 0.0171282 0.0123681 0.00847793 0.00546978 0.00329213
 0.0090883 0.0145886 0.0216355 0.0300713 0.0395865 0.0496026 0.0592004 0.0672841 0.0729386 0.0757127 0.0756454 0.073109 0.0686375 0.0628094 0.0561644 0.0491422 0.0420627 0.0351497 0.0285735 0.0224841 0.0170233 0.0123154 0.00844781 0.00544933 0.00327766
#obs surv len freq
 nan nan nan nan nan nan nan nan nan nan nan nan nan nan nan nan nan nan nan nan nan nan nan nan nan
 0.00447744 0.00733573 0.0111632 0.0159785 0.02168 0.027958 0.0342754 0.0400099 0.0446922 0.048158 0.0505173 0.0520141 0.052907 0.0534199 0.0537346 0.0539898 0.0542686 0.0545615 0.0547003 0.0542922 0.0527301 0.0493619 0.043811 0.0362902 0.0276729
 0.00461652 0.00756053 0.0114989 0.0164469 0.0222949 0.028717 0.0351521 0.0409511 0.0456236 0.0489979 0.0511913 0.0524667 0.053108 0.0533661 0.053446 0.0535023 0.053625 0.0538042 0.053868 0.0534217 0.0518598 0.0485344 0.0430706 0.0356743 0.0272022
 0.00478603 0.00783853 0.0119216 0.0170489 0.0231017 0.0297332 0.03635 0.0422663 0.0469639 0.05026 0.052277 0.0532933 0.053615 0.0535186 0.0532379 0.0529549 0.0527817 0.0527227 0.0526137 0.0520642 0.0504741 0.047201 0.0418696 0.0346716 0.0264344
 0.00497301 0.00814704 0.0123944 0.017729 0.0240238 0.0309108 0.0377611 0.0438474 0.0486173 0.0518703 0.0537283 0.0544815 0.0544544 0.0539471 0.05322 0.0524844 0.051882 0.051445 0.0510335 0.0502783 0.0485978 0.0453621 0.0401945 0.0332643 0.025353
 0.00518206 0.00848754 0.0129084 0.018457 0.0249983 0.0321457 0.039239 0.0455139 0.0503856 0.0536343 0.0553761 0.055905 0.0555553 0.0546419 0.053445 0.0522008 0.0510809 0.0501519 0.0493125 0.0482345 0.0463747 0.0431305 0.0381295 0.0315117 0.0239979
 0.00540044 0.00884582 0.0134537 0.0192351 0.0260451 0.0334733 0.0408219 0.0472851 0.0522471 0.0554766 0.0570943 0.0574053 0.0567536 0.0554613 0.0538158 0.0520648 0.0503992 0.048917 0.0475613 0.0460597 0.0439285 0.0406133 0.0357583 0.0294742 0.0224093
 0.0056244 0.00921384 0.014015 0.0200384 0.0271297 0.0348542 0.042475 0.049141 0.0542009 0.0574079 0.0588871 0.0589597 0.0579889 0.0563119 0.0542258 0.0519831 0.0497815 0.0477363 0.0458278 0.0438425 0.0413706 0.0379248 0.0331826 0.0272323 0.0206449
 0.00588042 0.0096302 0.014642 0.0209231 0.0283074 0.036335 0.0442291 0.0510932 0.0562403 0.0594084 0.0607272 0.0605353 0.0592171 0.0571308 0.0545888 0.0518526 0.0491245 0.0465283 0.0440692 0.0415855 0.038742 0.0351299 0.030474 0.0248508 0.0187548
 0.00613672 0.010051 0.0152828 0.0218376 0.0295363 0.0378887 0.0460708 0.0531343 0.0583544 0.061457 0.0625837 0.0620967 0.0604061 0.0578921 0.0548841 0.051654 0.0484095 0.0452811 0.0422928 0.0393254 0.0361126 0.0323238 0.0277384 0.0224293 0.0168205
 0.00636091 0.0104217 0.0158523 0.022659 0.0306537 0.0393206 0.0477931 0.0550731 0.0603952 0.0634658 0.0644287 0.063664 0.0616073 0.0586655 0.055191 0.0514715 0.0477234 0.0440843 0.0405941 0.0371696 0.0336052 0.0296426 0.0251146 0.0200958 0.0149471
 0.00659469 0.0108035 0.0164302 0.0234794 0.0317524 0.0407097 0.0494466 0.0569207 0.0623309 0.0653668 0.066174 0.0651467 0.0627409 0.0593864 0.0554581 0.0512622 0.0470285 0.0429049 0.038947 0.035103 0.0312197 0.0271024 0.0226327 0.0178875 0.0131712
 0.00682906 0.0111873 0.017013 0.024308 0.0328616 0.0421064 0.051095 0.0587383 0.0642018 0.0671649 0.0677848 0.066478 0.0637244 0.0599745 0.0556206 0.0509824 0.0463005 0.0417335 0.0373528 0.0331357 0.0289753 0.0247319 0.0203284 0.015843 0.0115288
 0.00705669 0.0115608 0.0175813 0.0251182 0.0339488 0.0434784 0.0527159 0.060524 0.0660318 0.0689065 0.0693163 0.0677041 0.0645805 0.0604255 0.0556533 0.0505983 0.0455086 0.0405487 0.0358014 0.0312678 0.0268803 0.0225458 0.0182215 0.0139843 0.0100411
 0.00728225 0.011931 0.0181444 0.0259207 0.0350248 0.0448341 0.0543141 0.0622787 0.0678208 0.0705948 0.0707802 0.0688459 0.0653353 0.0607607 0.0555644 0.050101 0.0446297 0.0393203 0.0342625 0.0294741 0.0249166 0.0205333 0.0163073 0.0123117 0.00871142
 0.0074485 0.0122089 0.0185769 0.0265524 0.0358929 0.0459534 0.0556619 0.0637893 0.0693938 0.0721139 0.0721326 0.0699351 0.066089 0.0611346 0.0555421 0.0496898 0.0438548 0.0382189 0.032882 0.0278756 0.0231834 0.0187744 0.0146489 0.010873 0.00757406
 0.00752645 0.0123367 0.0187724 0.0268354 0.0362849 0.0464753 0.0563281 0.0646015 0.0703341 0.0731415 0.0731837 0.0709295 0.0669409 0.0617647 0.0558886 0.0497151 0.0435472 0.0375909 0.0319679 0.0267313 0.0218876 0.0174269 0.0133611 0.00974758 0.00668071
 0.00760211 0.0124509 0.018928 0.0270309 0.0365165 0.0467408 0.0566307 0.0649498 0.0707404 0.0736167 0.0737302 0.0715328 0.0675636 0.0623482 0.0563616 0.0500071 0.0436025 0.0373792 0.0314893 0.0260183 0.0210026 0.0164572 0.0124055 0.00889699 0.00599816
 0.00764702 0.0125198 0.0190238 0.0271528 0.0366599 0.0468979 0.0567918 0.0651068 0.070892 0.0737731 0.0739122 0.0717644 0.0678597 0.0627018 0.056739 0.0503509 0.0438445 0.0374572 0.0313639 0.0256836 0.0204904 0.0158315 0.0117484 0.00828923 0.00549858
 0.00771231 0.0126174 0.0191548 0.0273124 0.0368384 0.0470828 0.0569696 0.0652644 0.0710188 0.0738642 0.0739719 0.0718079 0.0679097 0.0627807 0.0568573 0.0504984 0.0439877 0.0375463 0.0313485 0.025531 0.020199 0.0154337 0.0113017 0.00785761 0.00513353
 0.00776942 0.0127072 0.0192839 0.0274835 0.0370485 0.047321 0.0572162 0.0654928 0.071202 0.0739828 0.0740206 0.0717951 0.0678552 0.0627097 0.056794 0.0504584 0.0439707 0.0375336 0.0313076 0.0254284 0.0200159 0.0151762 0.0110004 0.00755592 0.00487109
 0.00780187 0.0127572 0.0193541 0.0275746 0.0371597 0.04745 0.0573583 0.0656405 0.0713443 0.0741061 0.0741116 0.0718447 0.0678614 0.0626797 0.0567417 0.0504003 0.0439189 0.0374895 0.0312601 0.0253581 0.019905 0.0150198 0.0108108 0.00735845 0.00469332
 0.00784995 0.0128258 0.0194395 0.0276677 0.0372485 0.0475242 0.0574135 0.0656785 0.0713711 0.074129 0.0741349 0.0718684 0.0678814 0.0626901 0.0567387 0.0503842 0.0438938 0.0374594 0.0312246 0.0253106 0.0198365 0.014925 0.010694 0.00723332 0.00457714
 0.00788499 0.0128829 0.0195251 0.0277859 0.0373984 0.0476966 0.057589 0.065831 0.0714766 0.0741744 0.0741229 0.0718145 0.0678052 0.0626074 0.0566579 0.0503073 0.0438202 0.0373881 0.0311543 0.025239 0.0197597 0.0148403 0.0106025 0.00714154 0.00449421
 0.00787368 0.0128667 0.0195051 0.0277653 0.0373825 0.0476921 0.0576024 0.0658664 0.0715324 0.0742422 0.0741899 0.0718683 0.0678392 0.0626226 0.0566606 0.0503043 0.0438152 0.0373814 0.0311436 0.0252212 0.0197322 0.014802 0.0105553 0.00709015 0.00444526
 0.00787964 0.0128691 0.0194957 0.0277327 0.0373166 0.04759 0.0574732 0.0657309 0.071417 0.0741702 0.0741733 0.0719053 0.0679169 0.0627227 0.0567661 0.0504038 0.0439031 0.0374554 0.0312028 0.0252641 0.0197577 0.01481 0.0105481 0.00707254 0.0044232
 0.00789744 0.0128933 0.0195227 0.0277554 0.0373245 0.0475715 0.0574184 0.0656358 0.0712871 0.0740222 0.0740329 0.0717999 0.0678658 0.0627315 0.0568259 0.050497 0.04401 0.0375604 0.0312955 0.0253389 0.0198121 0.0148443 0.0105645 0.00707523 0.00441766
 0.0078958 0.012891 0.01952 0.0277519 0.0373191 0.0475611 0.0573978 0.0655983 0.0712269 0.0739378 0.0739299 0.0716921 0.0677727 0.0626724 0.0568138 0.0505334 0.0440855 0.0376587 0.031399 0.0254337 0.0198894 0.0149004 0.0106002 0.00709415 0.00442486
 0.00788389 0.0128703 0.0194862 0.0277011 0.0372486 0.0474719 0.0572961 0.0654942 0.0711315 0.0738587 0.0738699 0.0716501 0.0677479 0.0626667 0.0568323 0.0505814 0.0441644 0.0377628 0.0315168 0.025551 0.0199935 0.0149834 0.0106595 0.00713185 0.00444583
 0.00786299 0.0128341 0.0194279 0.0276132 0.0371252 0.0473123 0.0571072 0.0652918 0.0709375 0.0736963 0.0737576 0.0715975 0.067755 0.062726 0.0569324 0.0507114 0.0443153 0.037927 0.0316856 0.0257137 0.0201393 0.0151035 0.0107499 0.00719354 0.00448374
 0.00785827 0.0128237 0.0194071 0.0275756 0.0370638 0.0472213 0.0569847 0.0651415 0.0707692 0.0735252 0.0736025 0.0714775 0.0676851 0.0627136 0.0569763 0.0508031 0.0444424 0.0380761 0.0318439 0.0258697 0.0202823 0.0152248 0.0108444 0.00726066 0.00452684
 0.00783849 0.0127926 0.0193622 0.0275149 0.036986 0.0471259 0.0568725 0.0650151 0.0706335 0.073388 0.0734739 0.0713696 0.0676103 0.0626829 0.0569959 0.0508729 0.0445556 0.0382206 0.0320053 0.026033 0.0204344 0.0153558 0.0109482 0.0073359 0.00457643
 0.00777918 0.0126995 0.0192286 0.0273378 0.0367672 0.0468738 0.0566035 0.0647523 0.0704022 0.0732096 0.073361 0.0713257 0.0676322 0.0627639 0.0571285 0.0510491 0.044766 0.0384534 0.0322463 0.0262669 0.0206468 0.0155355 0.0110893 0.00743792 0.00464392
 0.0077635 0.0126663 0.0191647 0.0272268 0.0365948 0.0466348 0.0563082 0.064427 0.070084 0.0729355 0.0731601 0.0712141 0.067613 0.06283 0.0572663 0.0512423 0.0449982 0.0387088 0.0325092 0.0265218 0.0208791 0.0157335 0.0112459 0.00755209 0.00472012
 0.00773955 0.0126266 0.0191029 0.0271358 0.0364663 0.0464615 0.056086 0.0641594 0.069785 0.072631 0.0728845 0.071003 0.0674941 0.0628164 0.0573551 0.0514177 0.0452369 0.0389858 0.0328007 0.0268066 0.0211394 0.0159557 0.0114222 0.0076812 0.00480676
 0.00931861 0.0148361 0.0217679 0.0298727 0.0387949 0.0479824 0.0566209 0.063777 0.0687182 0.0711578 0.071242 0.0693583 0.0659534 0.0614435 0.0561846 0.0504617 0.0444891 0.0384262 0.0324015 0.026537 0.0209691 0.015857 0.0113713 0.00765912 0.00479973
 0.00929853 0.0150973 0.0226787 0.0318903 0.0422663 0.052875 0.0623527 0.0693107 0.0729297 0.0732786 0.0711123 0.0673692 0.062776 0.0577427 0.0524558 0.0470023 0.0414444 0.0358479 0.0302895 0.0248639 0.0196922 0.014924 0.0107238 0.00723615 0.00454201
 0.00897804 0.0145915 0.0219677 0.0310224 0.0414119 0.0523634 0.0626325 0.0707887 0.075725 0.0770403 0.0750628 0.0705988 0.0646217 0.0580183 0.051422 0.0451537 0.0392783 0.0337287 0.0284236 0.0233351 0.0185093 0.0140563 0.010122 0.00684398 0.00430378
 0.00879358 0.0142876 0.0215034 0.0303599 0.0405315 0.051292 0.0614819 0.0697836 0.0751873 0.0773014 0.0763123 0.0727405 0.0672395 0.0605095 0.0532417 0.046024 0.0392449 0.0330615 0.0274549 0.0223356 0.0176406 0.0133827 0.00964432 0.00653117 0.00411444
 0.00872364 0.014164 0.0212986 0.0300409 0.040066 0.0506597 0.0606891 0.0688776 0.0742685 0.0765285 0.0758892 0.0728657 0.0680195 0.0618739 0.0549232 0.0476426 0.0404603 0.0337037 0.0275572 0.0220688 0.0172092 0.0129457 0.00928792 0.00627996 0.00395681
 0.00871018 0.0141394 0.0212556 0.0299686 0.0399489 0.050478 0.0604212 0.0685063 0.0737912 0.075971 0.0753181 0.0723923 0.0677819 0.0619929 0.0554412 0.0484795 0.0414241 0.0345636 0.0281403 0.0223216 0.0171912 0.0127736 0.00907289 0.00609263 0.00382384
 0.00870257 0.0141275 0.0212383 0.0299444 0.0399154 0.0504304 0.0603516 0.0684027 0.073639 0.0757571 0.0750395 0.0720676 0.0674608 0.0617542 0.055372 0.0486368 0.0417978 0.0350668 0.0286413 0.0227022 0.0173947 0.0128152 0.00901247 0.00599538 0.00373434
 0.00868278 0.0140951 0.0211894 0.0298757 0.0398255 0.0503215 0.0602299 0.0682773 0.0735184 0.0756445 0.0749307 0.0719546 0.0673402 0.0616378 0.0552912 0.0486359 0.0419128 0.0353001 0.0289513 0.0230169 0.0176453 0.0129658 0.00906814 0.0059883 0.00370095
 0.00867331 0.0140801 0.0211676 0.0298459 0.0397865 0.0502722 0.0601699 0.0682075 0.0734414 0.0755647 0.0748526 0.0718806 0.0672703 0.0615717 0.0552338 0.0486015 0.0419227 0.0353726 0.0290869 0.0231924 0.0178213 0.0131053 0.00915313 0.00602294 0.00370295
 0.00865559 0.0140522 0.0211274 0.0297922 0.0397196 0.0501943 0.0600854 0.0681227 0.0733631 0.0754984 0.0748015 0.0718455 0.06725 0.0615638 0.0552366 0.0486159 0.0419541 0.0354293 0.0291746 0.023307 0.0179472 0.0132207 0.00924035 0.00607585 0.00372687
 0.00865908 0.0140576 0.0211348 0.0298013 0.0397293 0.0502025 0.0600892 0.0681187 0.0733485 0.0754718 0.0747638 0.0717997 0.0672 0.061514 0.0551911 0.0485786 0.0419297 0.0354231 0.0291909 0.0233465 0.018004 0.0132833 0.00929611 0.00611625 0.00375025
 0.00865605 0.0140518 0.0211244 0.0297844 0.0397045 0.05017 0.0600512 0.0680793 0.0733123 0.0754423 0.0747422 0.0717852 0.0671912 0.0615092 0.0551895 0.0485807 0.041937 0.0354379 0.0292159 0.0233828 0.0180496 0.0133328 0.00934219 0.0061528 0.00377473
 0.00864197 0.0140329 0.0211034 0.0297659 0.0396934 0.0501688 0.0600585 0.0680904 0.0733212 0.0754446 0.0747369 0.0717739 0.0671766 0.0614939 0.0551753 0.0485688 0.0419288 0.0354353 0.0292207 0.0233963 0.0180714 0.0133601 0.00937041 0.00617747 0.00379303
 0.00861186 0.0139856 0.0210356 0.0296766 0.0395852 0.0500494 0.0599408 0.0679905 0.0732538 0.075418 0.0747504 0.071819 0.0672419 0.0615689 0.0552523 0.0486432 0.0419981 0.0354986 0.0292784 0.0234491 0.0181198 0.0134036 0.00940778 0.00620719 0.0038144
 0.00862264 0.0139982 0.0210455 0.0296765 0.039567 0.0500075 0.059875 0.0679072 0.0731646 0.075337 0.07469 0.0717872 0.0672401 0.0615925 0.0552933 0.0486929 0.0420498 0.0355483 0.0293242 0.0234906 0.0181571 0.0134366 0.00943582 0.00622958 0.00383079
 0.00862264 0.0139982 0.0210455 0.0296765 0.039567 0.0500075 0.059875 0.0679072 0.0731646 0.075337 0.07469 0.0717872 0.0672401 0.0615925 0.0552933 0.0486929 0.0420498 0.0355483 0.0293242 0.0234906 0.0181571 0.0134366 0.00943582 0.00622958 0.00383079
 0.00896319 0.0145381 0.0218294 0.0307285 0.0408762 0.0515109 0.061446 0.0693656 0.0743159 0.0760255 0.0748414 0.0714194 0.0664443 0.0605002 0.0540434 0.0474081 0.0408239 0.0344438 0.0283764 0.0227139 0.0175499 0.0129861 0.00912074 0.00602349 0.00370572
 0.0088183 0.0143489 0.0216314 0.0305861 0.0408691 0.0517086 0.0618831 0.0700272 0.0751362 0.0768987 0.0756416 0.0720282 0.0667791 0.0605328 0.0538019 0.0469617 0.0402593 0.0338439 0.0278063 0.0222157 0.0171448 0.0126781 0.00890212 0.00587921 0.00361773
 0.00882228 0.0143288 0.0215553 0.0304167 0.0405838 0.0513269 0.0614821 0.0697284 0.0750624 0.0771211 0.0761461 0.0727191 0.0675141 0.0611708 0.0542415 0.047161 0.0402346 0.0336517 0.0275192 0.0219014 0.0168533 0.0124379 0.0087228 0.005757 0.00354161
 0.00885518 0.0143811 0.0216297 0.0305096 0.0406803 0.0513977 0.0614882 0.0696381 0.0748761 0.0768872 0.075952 0.072654 0.0676245 0.061435 0.0545797 0.0474725 0.040439 0.0337137 0.0274504 0.0217444 0.0166595 0.0122506 0.00856831 0.00564463 0.00346852
 0.00902535 0.0146483 0.0220132 0.0310181 0.0413063 0.0521107 0.0622286 0.0703183 0.0753957 0.0771612 0.0759407 0.0723805 0.0671683 0.0609021 0.0540618 0.0470169 0.040045 0.0333533 0.0270971 0.0213914 0.0163211 0.0119505 0.00832605 0.00546772 0.00335187
 0.00912995 0.0148279 0.0223 0.0314454 0.0418976 0.0528642 0.0631029 0.0712313 0.0762385 0.0778228 0.0763329 0.0724553 0.0669276 0.0603976 0.0533828 0.0462651 0.0393061 0.0326791 0.0265055 0.0208809 0.0158869 0.0115923 0.00804602 0.00526445 0.00321682
 0.00882274 0.0143526 0.021633 0.0305897 0.0408922 0.0517918 0.0620914 0.0704363 0.0758042 0.0778333 0.0767807 0.0732443 0.0679079 0.0614123 0.0543081 0.0470312 0.0398954 0.0331088 0.0268053 0.0210788 0.016005 0.0116501 0.00806293 0.0052588 0.00320305
 0.00866652 0.0140635 0.0211357 0.0297997 0.0397453 0.0502871 0.0603276 0.068614 0.0741841 0.076667 0.0762444 0.0733994 0.0686946 0.0626741 0.0558363 0.0486174 0.0413744 0.0343795 0.0278282 0.0218579 0.0165684 0.0120355 0.00831007 0.00540585 0.00328346
 0.00892009 0.0144472 0.0216556 0.0304303 0.0404219 0.0509025 0.0607412 0.0686823 0.0738131 0.0758648 0.0751399 0.0722093 0.0676515 0.0619509 0.0555021 0.0486365 0.0416408 0.0347652 0.0282244 0.0221964 0.0168214 0.0122043 0.00841103 0.00545934 0.00330786
 0.00877581 0.0142585 0.0214558 0.0302772 0.0403792 0.0510101 0.060989 0.0690027 0.0740969 0.0759958 0.0750361 0.0718586 0.0671239 0.0613801 0.0550377 0.0483891 0.0416464 0.034984 0.0285698 0.0225739 0.0171599 0.0124669 0.00859178 0.00557089 0.00336981
 0.00902252 0.0146269 0.0219506 0.0308845 0.0410745 0.0517688 0.0617888 0.0698135 0.074864 0.0766302 0.0754249 0.0718958 0.0667539 0.0606299 0.0540206 0.0472735 0.0406022 0.0341325 0.0279588 0.0221851 0.0169372 0.0123484 0.00852928 0.00553564 0.00334799
 0.00887501 0.0144266 0.0217217 0.0306725 0.0409323 0.0517359 0.0618772 0.0700101 0.0751457 0.076977 0.0758173 0.0723006 0.0671126 0.0608687 0.0540808 0.0471439 0.0403297 0.0338026 0.0276577 0.0219672 0.0168141 0.0123 0.00852388 0.00554662 0.00336018
 0.0088529 0.014371 0.0216042 0.0304619 0.0406107 0.05132 0.06143 0.0696285 0.0749261 0.0769761 0.076034 0.0726836 0.0675853 0.0613504 0.0544992 0.0474446 0.0404879 0.0338306 0.0275992 0.0218775 0.0167372 0.0122558 0.00851057 0.00555166 0.00337111
