SBPRF35
7.78865
Curr Bio
648238
B35
723181
F35
0.228796
FOFL
0.205348
OFL
100998
Bzero
2.22533e+06
#pred survey bio
 4.60164e+06 4.30614e+06 4.03802e+06 3.74981e+06 3.43951e+06 3.11835e+06 2.77773e+06 2.48597e+06 2.23754e+06 2.00289e+06 1.7742e+06 1.52506e+06 1.33909e+06 1.17412e+06 1.04361e+06 925908 826218 753802 697209 658520 628480 611793 596998 600292 577390 574315 575019 586554 593194 588377 584123 584661 587964 568561 562334 546436 531913 534002 542837 547890 557925 562768 558211 560072 566222 559686 563267 567694 579239 596095 617149 645074 2.27293e+07 1.39524e+07 1.43182e+07 1.47945e+07 1.5308e+07 1.57854e+07 1.61919e+07 1.65193e+07 1.67734e+07 1.69662e+07 1.71103e+07 1.72172e+07 1.72962e+07 1.73547e+07 1.73981e+07 1.74304e+07 1.74545e+07 1.74726e+07 1.74863e+07 1.74967e+07 1.75046e+07 1.75106e+07 1.75152e+07 1.75187e+07 1.75214e+07 1.75235e+07 1.75251e+07 1.75264e+07 1.75273e+07 1.7528e+07 1.75286e+07 1.7529e+07 1.75294e+07 1.75296e+07 1.75298e+07 1.753e+07 1.75301e+07 1.75302e+07 1.75303e+07 1.75304e+07 1.75304e+07 1.75304e+07 1.75305e+07 1.75305e+07 1.75305e+07 1.75305e+07 1.75305e+07 1.75305e+07 1.75305e+07 1.75305e+07 1.75305e+07 1.75305e+07 1.75305e+07 1.75305e+07 1.75305e+07 1.75305e+07 1.75305e+07 1.75305e+07 1.75305e+07 1.75305e+07 1.75305e+07 1.75305e+07 1.75305e+07 1.75305e+07 1.75305e+07 1.75305e+07 1.75305e+07 1.75305e+07 1.75305e+07 1.75305e+07 1.75305e+07 1.75305e+07 1.75305e+07 1.75305e+07 1.75305e+07 1.75305e+07 1.75305e+07 1.75305e+07 1.75305e+07 1.75305e+07 1.75305e+07 1.75305e+07 1.75305e+07 1.75305e+07 1.75305e+07 1.75305e+07 1.75305e+07 1.75305e+07 1.75305e+07 1.75305e+07 1.75305e+07 1.75305e+07 1.75305e+07 1.75305e+07 1.75305e+07 1.75305e+07 1.75305e+07 1.75305e+07 1.75305e+07 1.75305e+07 0 0 0 0 0 0 0 0 0 0 0 0 0 0 0 0 0 0 0 0 0 0 0 0 0
#obs survey bio
 3.75355e+06 3.71390e+06 4.041e+06 2.48571e+06 2.5269e+06 3.18746e+06 2.56977e+06 2.01649e+06 1.92299e+06 2.13580e+06 1.50518e+06 1.32488e+06 895671 966983 1.45438e+06 586884 615693 538663 600085 733652 613721 488256 523341 693591 483676 573660 518692 500721 762728 628708 518087 597660 742405 735218 619936 499402 662351 506235 730666 696210 399514 517331 516027 573685 647617 567624 469541 325373 513569 608510 709257 559219
#pred catch bio
 99867.8 96956.8 143723 195650 239411 291773 280324 270316 283089 298364 331870 286093 273666 245861 234545 217467 192125 176073 157007 145269 130462 126181 108890 128295 108968 104785 95409.3 99405.4 107478 104585 98388.2 93768.4 109228 93072.4 96603.2 93131.4 82000.7 81977.4 88577.6 85354.5 89846 96883.9 90490.1 86763.4 97621.5 90078.8 92577.7 91320.6 91728.4 92677.1 91984.3 115551 100998 113282 115259 118000 121264 124352 126918 128894 130339 131357 132055 132522 132831 133031 133161 133243 133296 133329 133349 133362 133371 133376 133379 133381 133382 133383 133383 133383 133384 133384 133384 133384 133384 133384 133384 133384 133384 133384 133384 133384 133384 133384 133384 133384 133384 133384 133384 133384 133384 133384 133384 133384 133384 133384 133384 133384 133384 133384 133384 133384 133384 133384 133384 133384 133384 133384 133384 133384 133384 133384 133384 133384 133384 133384 133384 133384 133384 133384 133384 133384 133384 133384 133384 133384 133384 133384 133384 133384 133384 133384 133384 133384 133384 133384 133384 133384 133384 133384 133384 133384 0 0 0 0 0 0 0 0 0 0 0 0 0 0 0 0 0 0 0 0 0 0 0 0 0
#obs catch bio
 0 96694.7 144094 196688 241266 295019 283506 273770 287221 303605 340137 292234 281021 251169 238160 221747 195586 180416 161153 147690 132437 128403 110079 130224 109820 105938 96027.3 100316 108487 105131 98975.8 94036.3 109871 93113.1 96286.4 92945.6 81285.1 81738.8 88227.2 84570.6 89105.6 96042.9 89533.8 85832.8 96497 88904.1 91700.8 91300 92160.1 92837.2 91592.1 115740
#pred cpue bio
 4.52122e+06 4.22849e+06 3.96223e+06 3.67484e+06 3.36619e+06 3.04693e+06 2.70852e+06 2.4184e+06 2.17124e+06 1.93813e+06 1.71159e+06 1.46582e+06 1.28258e+06 1.12056e+06 992795 877847 780471 709817 655047 618285 590060 574426 560503 564176 542594 539863 540743 552066 558769 554642 551057 552078 555978 538110 533188 518717 504280 504471 511468 516244 526399 531434 527296 529232 535200 528716 531630 534848 544766 560272 580078 606284 2.13525e+07 1.31193e+07 1.34531e+07 1.38827e+07 1.43776e+07 1.48505e+07 1.52561e+07 1.55833e+07 1.58374e+07 1.60302e+07 1.61743e+07 1.62812e+07 1.63602e+07 1.64187e+07 1.64621e+07 1.64943e+07 1.65185e+07 1.65366e+07 1.65503e+07 1.65607e+07 1.65686e+07 1.65746e+07 1.65792e+07 1.65827e+07 1.65854e+07 1.65875e+07 1.65891e+07 1.65903e+07 1.65913e+07 1.6592e+07 1.65926e+07 1.6593e+07 1.65934e+07 1.65936e+07 1.65938e+07 1.6594e+07 1.65941e+07 1.65942e+07 1.65943e+07 1.65943e+07 1.65944e+07 1.65944e+07 1.65944e+07 1.65945e+07 1.65945e+07 1.65945e+07 1.65945e+07 1.65945e+07 1.65945e+07 1.65945e+07 1.65945e+07 1.65945e+07 1.65945e+07 1.65945e+07 1.65945e+07 1.65945e+07 1.65945e+07 1.65945e+07 1.65945e+07 1.65945e+07 1.65945e+07 1.65945e+07 1.65945e+07 1.65945e+07 1.65945e+07 1.65945e+07 1.65945e+07 1.65945e+07 1.65945e+07 1.65945e+07 1.65945e+07 1.65945e+07 1.65945e+07 1.65945e+07 1.65945e+07 1.65945e+07 1.65945e+07 1.65945e+07 1.65945e+07 1.65945e+07 1.65945e+07 1.65945e+07 1.65945e+07 1.65945e+07 1.65945e+07 1.65945e+07 1.65945e+07 1.65945e+07 1.65945e+07 1.65945e+07 1.65945e+07 1.65945e+07 1.65945e+07 1.65945e+07 1.65945e+07 1.65945e+07 1.65945e+07 1.65945e+07 1.65945e+07 1.65945e+07 0 0 0 0 0 0 0 0 0 0 0 0 0 0 0 0 0 0 0 0 0 0 0 0 0
#obs cpue bio
 3.3908e+06 4.45191e+06 2.45654e+06 3.44315e+06 3.02432e+06 3.09006e+06 2.09250e+06 2.14564e+06 2.27052e+06 1.35174e+06 1.48586e+06 1.24824e+06 1.17321e+06 1.26814e+06 857808 870964 805147 514070 436468 689074 456674 520237 559626 490826 629357 398331 610883 497330 431657 603593 512895 564663 471781 445515 765919 548898 705224 360674 493251 631697 779845 725820 735882 584447 659911 629762 585931 453756 403208 682314 714995 566073
#pred surv len freq
 0.00464457 0.00748294 0.0111614 0.0156484 0.0208615 0.0266088 0.0325407 0.0382084 0.0432132 0.0473293 0.0505193 0.0528734 0.054542 0.0556836 0.0564246 0.0568316 0.0569073 0.0565992 0.0557896 0.0542586 0.0516598 0.0475928 0.0418121 0.0344881 0.0263188
 0.00500994 0.00799469 0.0117842 0.0163106 0.0214916 0.0271832 0.0331078 0.0388612 0.0440178 0.0482547 0.0514174 0.0535278 0.0547595 0.055379 0.0556562 0.0557775 0.0557969 0.055628 0.0550526 0.0537299 0.051229 0.047139 0.0412733 0.0338863 0.0257322
 0.00514784 0.0082595 0.0122521 0.0170629 0.022578 0.0285765 0.0346816 0.0404202 0.0453775 0.0493172 0.0521858 0.0540476 0.0550395 0.0553601 0.0552536 0.0549575 0.0546271 0.0542626 0.0536657 0.0524428 0.0500786 0.0461009 0.0403159 0.0330116 0.0249773
 0.00532469 0.00853143 0.0126375 0.0175815 0.0232628 0.0294808 0.0358665 0.0419158 0.0471347 0.0511845 0.0539402 0.0554695 0.055983 0.0557715 0.0551387 0.0543436 0.0535569 0.0528158 0.0519696 0.0506491 0.048322 0.044473 0.0388702 0.0317833 0.0239934
 0.00553266 0.00886534 0.0131316 0.0182639 0.0241499 0.0305718 0.0371408 0.0433395 0.0486711 0.0527963 0.0555715 0.0570208 0.0573047 0.056694 0.0555221 0.054115 0.0527182 0.0514328 0.0501593 0.0485672 0.0461436 0.0423664 0.0369736 0.0301923 0.0227558
 0.00577941 0.0092572 0.013705 0.0190487 0.0251674 0.0318287 0.0386202 0.0449934 0.0504221 0.0545504 0.0572353 0.0585118 0.0585474 0.0576062 0.0560069 0.0540719 0.0520728 0.0501688 0.0483366 0.0463216 0.0436683 0.0398806 0.0346842 0.0282568 0.021258
 0.00609986 0.00976457 0.0144438 0.0200529 0.0264565 0.0334012 0.040444 0.0469994 0.0525083 0.056595 0.0591135 0.0601112 0.0597779 0.0584022 0.0563193 0.0538561 0.0512852 0.0487812 0.0463663 0.0438599 0.0408903 0.0370245 0.0320042 0.025965 0.0194775
 0.00640688 0.0102515 0.0151546 0.0210225 0.0277068 0.0349352 0.0422357 0.0489869 0.0545956 0.0586639 0.0610385 0.0617726 0.0610727 0.0592504 0.0566652 0.0536625 0.0505261 0.0474421 0.0444601 0.0414544 0.0381319 0.0341363 0.0292476 0.0235755 0.0176043
 0.00666211 0.0106625 0.0157666 0.0218763 0.0288339 0.0363478 0.0439148 0.0508752 0.0566011 0.0606726 0.0629291 0.0634285 0.0623905 0.0601458 0.0570752 0.0535441 0.0498529 0.0462041 0.0426726 0.039179 0.0354987 0.0313497 0.0265575 0.0212188 0.0157405
 0.00687142 0.0110075 0.0162953 0.0226385 0.0298738 0.0376907 0.0455519 0.0527531 0.0586245 0.0627171 0.0648587 0.0651124 0.063717 0.0610304 0.0574618 0.0534006 0.0491644 0.0449711 0.0409176 0.0369644 0.0329468 0.0286503 0.0239453 0.0189208 0.0139145
 0.00706655 0.0113286 0.0167868 0.0233473 0.0308438 0.0389519 0.0471057 0.0545608 0.0606039 0.0647494 0.0668029 0.0668233 0.0650652 0.0619176 0.057828 0.05322 0.0484371 0.0437151 0.0391711 0.0347972 0.0304789 0.0260587 0.0214468 0.016725 0.0121684
 0.0073987 0.0118554 0.0175559 0.0243965 0.0321969 0.0406118 0.0490424 0.0567023 0.0628372 0.0669322 0.0687816 0.0684524 0.0662246 0.062526 0.0578473 0.0526523 0.0473138 0.0420873 0.0371055 0.032384 0.0278451 0.0233748 0.018912 0.0145277 0.0104362
 0.00762042 0.0122141 0.0180928 0.0251503 0.0331981 0.0418734 0.0505482 0.0584008 0.0646444 0.0687426 0.0704799 0.0699239 0.067363 0.0632423 0.0580789 0.0523679 0.0465148 0.0408052 0.0353998 0.0303439 0.0255945 0.0210724 0.016736 0.0126421 0.00895041
 0.0078361 0.0125621 0.0186122 0.0258773 0.0341608 0.0430831 0.0519879 0.0600167 0.0663481 0.0704222 0.0720165 0.0712073 0.0683036 0.0637778 0.0581737 0.0520104 0.0457136 0.039589 0.0338201 0.0284807 0.0235605 0.0190106 0.0148034 0.0109791 0.00764746
 0.00809913 0.0129646 0.0191723 0.026598 0.0350344 0.0440968 0.0531244 0.0612492 0.0676338 0.0716993 0.0732072 0.0722262 0.0690702 0.0642277 0.0582658 0.0517273 0.0450594 0.0385861 0.0325107 0.0269311 0.0218658 0.0172922 0.0131942 0.00959703 0.0065671
 0.00838522 0.0134197 0.0198376 0.0275015 0.0361825 0.0454625 0.0546382 0.0628024 0.0690995 0.0729627 0.0741883 0.0728838 0.0693923 0.0642187 0.0579383 0.0510993 0.0441544 0.0374345 0.0311535 0.0254247 0.020287 0.0157378 0.0117687 0.00839126 0.00563526
 0.00865081 0.01384 0.0204488 0.0283307 0.0372436 0.0467487 0.0561112 0.0643833 0.0706707 0.0743835 0.0753214 0.0736241 0.0696876 0.0640745 0.0574048 0.0502486 0.04306 0.0361611 0.0297574 0.0239618 0.018821 0.0143425 0.0105213 0.00735604 0.00484664
 0.00870325 0.013945 0.0206437 0.0286632 0.0377614 0.047483 0.0570603 0.0655056 0.0718899 0.0756015 0.0764313 0.0745224 0.0702873 0.0643192 0.0572794 0.0497802 0.0423065 0.0351951 0.0286527 0.022788 0.0176446 0.0132295 0.00953376 0.00654244 0.0042308
 0.00863915 0.0138579 0.0205461 0.0285825 0.037739 0.0475695 0.0573063 0.0659496 0.0725428 0.076434 0.0773716 0.0754675 0.0711255 0.0649522 0.0576392 0.049837 0.0420693 0.0347049 0.0279716 0.0219881 0.0167996 0.0124086 0.00879664 0.00593254 0.00376885
 0.00870408 0.0139296 0.020593 0.028558 0.0375992 0.0472991 0.0569394 0.0655699 0.0722615 0.0763535 0.0775526 0.0759104 0.0717702 0.0656945 0.0583577 0.0504212 0.0424423 0.0348342 0.027868 0.0216957 0.0163827 0.0119377 0.00833645 0.00553248 0.00345673
 0.00882775 0.0141137 0.020836 0.0288414 0.0378851 0.0475318 0.0570541 0.0655119 0.072013 0.0759558 0.0771049 0.0755394 0.0715817 0.0657344 0.0585984 0.0507787 0.0428094 0.0351157 0.0280046 0.0216727 0.0162239 0.0116916 0.00805877 0.00527154 0.00324382
 0.00884665 0.0141453 0.0208848 0.0289108 0.0379748 0.0476341 0.0571501 0.0655711 0.0719991 0.0758403 0.0768836 0.0752454 0.0712841 0.0655173 0.0585281 0.0508752 0.0430376 0.0354015 0.0282654 0.0218466 0.0162859 0.011653 0.00795435 0.00514224 0.0031228
 0.00881824 0.014106 0.0208388 0.0288667 0.0379441 0.0476275 0.0571738 0.0656236 0.0720692 0.075907 0.0769204 0.0752294 0.0712081 0.0653992 0.0584088 0.0508026 0.0430444 0.0354881 0.0283999 0.0219812 0.0163793 0.011686 0.00793253 0.00508691 0.0030582
 0.00869765 0.0139089 0.0205412 0.028449 0.0373988 0.0469704 0.0564527 0.064917 0.0714703 0.075499 0.0767536 0.07531 0.0715018 0.0658458 0.0589429 0.051371 0.0436121 0.0360333 0.028903 0.0224193 0.0167299 0.0119365 0.00808685 0.00516425 0.00308506
 0.00887875 0.0141801 0.0209049 0.0288887 0.0378792 0.047441 0.0568534 0.065187 0.0715632 0.0753982 0.0764801 0.0749163 0.0710537 0.0654035 0.0585485 0.0510467 0.0433654 0.035863 0.0288015 0.0223725 0.0167182 0.0119391 0.00808819 0.00515745 0.00307128
 0.00886743 0.0141654 0.0208891 0.0288754 0.0378709 0.047436 0.0568438 0.0651598 0.0715046 0.0752998 0.0763447 0.0747596 0.0709015 0.0652845 0.0584855 0.0510496 0.0434302 0.0359749 0.028941 0.0225198 0.016856 0.0120543 0.00817338 0.00521211 0.00310066
 0.00891636 0.0142261 0.0209463 0.028904 0.037845 0.0473403 0.0566828 0.0649573 0.0712935 0.075109 0.0761907 0.0746464 0.0708274 0.065248 0.0584885 0.0510957 0.0435199 0.0361024 0.0290935 0.0226805 0.0170078 0.0121837 0.00827271 0.00528024 0.00314193
 0.00874204 0.0139748 0.0206266 0.0285416 0.0374716 0.0469792 0.0563402 0.064628 0.0709771 0.074824 0.0759751 0.0745436 0.0708656 0.0654286 0.0587871 0.0514735 0.0439371 0.036525 0.0294955 0.0230423 0.0173153 0.0124288 0.0084543 0.00540409 0.00321889
 0.00854366 0.013673 0.0202125 0.0280246 0.0368811 0.046363 0.0557602 0.0641491 0.0706492 0.0746662 0.0759735 0.0746652 0.0710796 0.0657167 0.0591409 0.0518834 0.0443848 0.0369843 0.029938 0.0234432 0.0176569 0.0127018 0.00865765 0.00554412 0.00330728
 0.00852778 0.0136345 0.0201313 0.0278756 0.0366419 0.0460262 0.0553439 0.0636985 0.070227 0.0743339 0.075773 0.0746086 0.0711501 0.0658815 0.0593664 0.0521458 0.0446707 0.0372842 0.0302402 0.0237322 0.0179163 0.0129185 0.00882497 0.00566291 0.00338432
 0.00846552 0.0135444 0.0200153 0.0277394 0.0364897 0.0458538 0.0551374 0.0634416 0.0699154 0.0739885 0.0754408 0.0743492 0.0710134 0.0658897 0.0595095 0.0523911 0.0449779 0.0376177 0.030573 0.0240444 0.0181929 0.0131485 0.00900306 0.00579011 0.00346749
 0.00829904 0.0132921 0.0196705 0.0273098 0.0359967 0.0453299 0.0546223 0.0629765 0.0695347 0.0737123 0.0752749 0.0742925 0.0710672 0.0660592 0.0597962 0.0527833 0.0454469 0.0381231 0.0310729 0.0245041 0.0185886 0.0134679 0.0092441 0.00595898 0.00357647
 0.00800851 0.0128527 0.019071 0.0265628 0.0351365 0.0444073 0.0537008 0.0621301 0.0688403 0.0732363 0.0750584 0.0743434 0.0713619 0.0665532 0.0604376 0.0535216 0.0462353 0.0389173 0.0318303 0.0251866 0.0191679 0.0139294 0.00958727 0.00619599 0.00372751
 0.00785514 0.0126185 0.0187474 0.0261535 0.0346576 0.0438863 0.0531754 0.061644 0.0684353 0.0729436 0.0748933 0.0743063 0.0714444 0.066743 0.0607204 0.0538813 0.0466536 0.0393725 0.032297 0.0256368 0.0195744 0.0142707 0.00985251 0.00638563 0.00385165
 0.00783899 0.0125537 0.0185795 0.0258111 0.034074 0.0430326 0.0520885 0.0604311 0.0672496 0.0719425 0.0741995 0.0739862 0.0715033 0.0671362 0.0613712 0.0547014 0.047559 0.040292 0.0331744 0.0264295 0.0202525 0.0148173 0.0102646 0.00667395 0.00403736
 0.00857597 0.0136039 0.019883 0.0272103 0.0353475 0.0439563 0.0524934 0.0602375 0.0664775 0.0707072 0.0726909 0.0724278 0.0701012 0.066034 0.060632 0.0543153 0.0474677 0.0404159 0.0334329 0.0267526 0.0205848 0.0151192 0.0105123 0.00685856 0.00416229
 0.0094242 0.0149127 0.0217143 0.0295538 0.0380999 0.0469047 0.0553132 0.0625311 0.0678688 0.070958 0.0717808 0.0705538 0.0676037 0.0632948 0.0579843 0.0519913 0.0455851 0.0389948 0.0324285 0.0260877 0.0201752 0.0148879 0.0103958 0.00680889 0.00414672
 0.00925535 0.0147687 0.0217377 0.0299553 0.0390991 0.0486351 0.0577346 0.0653998 0.0707805 0.0734467 0.0734349 0.0711173 0.0670364 0.0617714 0.0558312 0.0495858 0.0432584 0.0369724 0.0308167 0.0248962 0.0193526 0.0143564 0.0100749 0.00662891 0.00405359
 0.00879318 0.0140748 0.0208097 0.0288535 0.0379613 0.0476798 0.0572399 0.0656389 0.0719162 0.0754279 0.0759618 0.0737136 0.0692022 0.0631421 0.0562735 0.0491997 0.0423033 0.0357587 0.029612 0.0238725 0.0185808 0.0138311 0.0097496 0.00644501 0.00395887
 0.0086873 0.0138713 0.0204476 0.0282629 0.0370898 0.0465329 0.0559195 0.064355 0.0709542 0.0750731 0.0764016 0.0749526 0.0710311 0.0651873 0.058118 0.0505231 0.042973 0.0358374 0.0292896 0.0233708 0.0180773 0.0134257 0.00947104 0.00627771 0.00387016
 0.00857546 0.0137014 0.0202109 0.0279508 0.0366852 0.0460036 0.0552247 0.0634722 0.0699202 0.074016 0.0755362 0.0745227 0.0712152 0.0660123 0.0594285 0.0520296 0.0443604 0.0368772 0.0299012 0.0236108 0.0180762 0.0133176 0.0093495 0.00618614 0.00381589
 0.00849194 0.0135737 0.020034 0.0277259 0.0364191 0.0457055 0.0549019 0.0631236 0.0695336 0.073576 0.0750466 0.0740352 0.0708395 0.0658867 0.0596559 0.052615 0.0451911 0.0377656 0.030665 0.0241423 0.0183646 0.0134222 0.00935164 0.00615182 0.00378159
 0.00857864 0.0136945 0.0201786 0.0278723 0.0365393 0.0457759 0.0549103 0.0630693 0.0694211 0.073406 0.0748131 0.0737326 0.0704794 0.0655148 0.0593513 0.0524637 0.0452426 0.0380012 0.0310023 0.0244757 0.0186144 0.0135611 0.00939856 0.00614581 0.00375747
 0.00861108 0.0137449 0.0202491 0.0279607 0.0366365 0.0458641 0.0549636 0.0630608 0.0693328 0.0732387 0.0745868 0.0734774 0.0702236 0.0652794 0.0591562 0.052335 0.04521 0.038082 0.0311841 0.0247135 0.0188491 0.0137458 0.0095152 0.00620298 0.00377665
 0.00865014 0.0137975 0.0203082 0.0280134 0.0366681 0.0458636 0.0549278 0.0629929 0.069238 0.0731203 0.0744465 0.0733197 0.0700592 0.0651249 0.0590299 0.0522535 0.0451873 0.0381272 0.0312962 0.0248761 0.0190317 0.0139143 0.00964498 0.00628671 0.00382152
 0.00894175 0.0142303 0.0208821 0.0286992 0.0374136 0.0466045 0.0555978 0.0635301 0.0695908 0.0732549 0.0743531 0.073013 0.0695746 0.064513 0.05835 0.0515669 0.0445499 0.0375826 0.0308705 0.024575 0.0188413 0.0138075 0.00959093 0.00626007 0.00380676
 0.00927619 0.014731 0.0215544 0.0295169 0.0383225 0.0475315 0.0564599 0.0642427 0.0700802 0.0734735 0.0742896 0.0726918 0.069045 0.0638357 0.0575874 0.050778 0.0437881 0.0368936 0.0302883 0.0241179 0.0185097 0.0135859 0.00945445 0.00618173 0.00376406
 0.00941271 0.0149715 0.0219488 0.0301175 0.0391651 0.0486089 0.0577002 0.0655108 0.0712087 0.0743086 0.0747301 0.0727055 0.0686637 0.0631365 0.0566704 0.0497471 0.0427374 0.0358998 0.029408 0.0233865 0.0179409 0.0131735 0.00917652 0.00600797 0.00366329
 0.00929622 0.0148159 0.0217792 0.0299846 0.0391389 0.0487636 0.0580944 0.0661662 0.0720917 0.0753227 0.075729 0.0735294 0.0691845 0.0632921 0.0564732 0.0492675 0.0420755 0.0351591 0.0286777 0.022732 0.0174014 0.0127629 0.00888822 0.0058216 0.00355258
 0.00932867 0.0148398 0.0217641 0.0298905 0.0389347 0.0484535 0.0577358 0.0658644 0.0719675 0.0754656 0.0761592 0.074185 0.0699391 0.0639943 0.0569932 0.0495314 0.0420773 0.0349489 0.0283353 0.0223407 0.0170285 0.0124508 0.008654 0.00566274 0.00345494
 0.00944219 0.0150057 0.0219772 0.0301287 0.0391586 0.0486114 0.0577745 0.0657482 0.071701 0.0751086 0.0758171 0.0739717 0.0699278 0.0641845 0.0573118 0.0498669 0.0423266 0.0350524 0.0282885 0.0221816 0.0168142 0.0122344 0.00847105 0.00552805 0.00336712
 0.00906294 0.0144831 0.0213636 0.0295287 0.038697 0.0483811 0.0577961 0.0659642 0.0720062 0.075398 0.0760278 0.0741014 0.070026 0.0643207 0.0575354 0.0501796 0.0426818 0.0353802 0.0285296 0.022311 0.0168432 0.0121971 0.00840553 0.00546293 0.00331685
#obs surv len freq
 nan nan nan nan nan nan nan nan nan nan nan nan nan nan nan nan nan nan nan nan nan nan nan nan nan
 0.00448985 0.00735346 0.0111854 0.0160027 0.0217032 0.0279773 0.0342893 0.0400181 0.0446955 0.0481575 0.0505138 0.0520083 0.0528994 0.0534109 0.0537244 0.0539788 0.054257 0.0545494 0.054688 0.0542799 0.052718 0.0493505 0.043801 0.0362819 0.0276665
 0.00460985 0.00755354 0.0114953 0.0164522 0.0223139 0.0287515 0.0351987 0.0410015 0.0456682 0.0490293 0.0512068 0.0524679 0.053099 0.0533508 0.0534274 0.0534822 0.0536042 0.0537828 0.0538465 0.0534002 0.0518389 0.0485148 0.0430532 0.0356599 0.0271912
 0.00477741 0.00782518 0.011903 0.0170259 0.0230769 0.029712 0.0363393 0.0422733 0.0469923 0.050307 0.0523337 0.0533481 0.0536578 0.0535446 0.0532475 0.0529517 0.0527701 0.0527062 0.0525947 0.052044 0.050454 0.0471819 0.0418524 0.0346574 0.0264236
 0.00497522 0.00814776 0.0123903 0.0177152 0.0239958 0.0308667 0.0377035 0.0437844 0.0485607 0.0518322 0.0537171 0.0544988 0.0544945 0.0539991 0.0532723 0.0525289 0.0519153 0.0514678 0.0510486 0.0502887 0.0486055 0.0453682 0.0401995 0.0332682 0.0253559
 0.00518029 0.00848553 0.0129068 0.0184562 0.0249978 0.0321428 0.039229 0.0454914 0.0503477 0.0535835 0.0553212 0.0558585 0.0555286 0.0546406 0.0534669 0.0522379 0.0511231 0.0501913 0.0493451 0.0482598 0.0463939 0.0431454 0.0381413 0.0315208 0.0240046
 0.00541055 0.00886253 0.0134793 0.0192719 0.0260947 0.0335354 0.0408932 0.0473586 0.0523127 0.0555231 0.0571131 0.0573936 0.0567163 0.0554093 0.0537617 0.0520177 0.0503622 0.0488872 0.0475337 0.0460301 0.0438959 0.0405791 0.0357254 0.0294456 0.022387
 0.0056355 0.00923139 0.0140405 0.0200731 0.0271743 0.034909 0.0425392 0.0492124 0.0542751 0.0574784 0.0589457 0.0589978 0.0579999 0.0562941 0.0541834 0.0519249 0.0497175 0.0476739 0.0457696 0.043788 0.0413183 0.0378747 0.0331365 0.0271928 0.020614
 0.00587339 0.00962078 0.0146315 0.0209142 0.0283033 0.0363386 0.0442422 0.0511164 0.0562733 0.0594498 0.0607748 0.0605848 0.0592625 0.0571648 0.0546057 0.0518502 0.049105 0.0464974 0.0440332 0.0415488 0.038707 0.0350972 0.0304445 0.0248256 0.0187349
 0.00612419 0.01003 0.0152502 0.0217909 0.0294745 0.0378146 0.0459915 0.0530609 0.058299 0.061429 0.0625873 0.06213 0.0604629 0.057963 0.0549588 0.0517229 0.0484661 0.0453228 0.042321 0.0393436 0.0361246 0.0323321 0.0277442 0.0224331 0.0168227
 0.00637051 0.0104351 0.0158683 0.0226748 0.0306651 0.0393231 0.0477829 0.0550488 0.0603585 0.0634223 0.0643871 0.0636333 0.0615941 0.0586718 0.0552137 0.0515038 0.0477573 0.0441129 0.0406133 0.0371789 0.0336064 0.0296387 0.0251085 0.0200894 0.0149416
 0.00660477 0.0108212 0.0164593 0.0235234 0.0318131 0.0407853 0.0495295 0.0569985 0.0623899 0.0653961 0.0661698 0.0651131 0.062688 0.059327 0.0554028 0.0512173 0.0469945 0.0428785 0.0389233 0.0350781 0.0311923 0.0270737 0.022605 0.0178634 0.0131523
 0.0068385 0.0112031 0.0170376 0.0243443 0.0329122 0.0421732 0.0511774 0.0588323 0.064299 0.0672533 0.0678512 0.0665115 0.0637199 0.059935 0.0555557 0.0509049 0.0462218 0.0416606 0.0372879 0.0330779 0.0289228 0.0246841 0.0202861 0.0158078 0.0115018
 0.00706802 0.0115779 0.0176047 0.0251476 0.0339837 0.0435185 0.0527615 0.0605756 0.0660892 0.0689677 0.069377 0.0677569 0.0646167 0.0604373 0.0556372 0.0505566 0.0454486 0.0404798 0.0357318 0.0312028 0.0268221 0.0224951 0.0181786 0.0139498 0.0100152
 0.00726217 0.0119012 0.018105 0.0258737 0.0349737 0.0447831 0.0542677 0.0622417 0.0677983 0.0705917 0.0708001 0.0688889 0.0653972 0.0608326 0.0556352 0.0501602 0.0446708 0.0393425 0.0342692 0.0294706 0.0249079 0.0205229 0.016297 0.0123026 0.00870411
 0.00743037 0.0121765 0.018523 0.0264695 0.0357761 0.0458046 0.0554927 0.0636201 0.0692486 0.0720134 0.0720885 0.0699494 0.0661559 0.0612424 0.055676 0.0498339 0.0439943 0.0383427 0.0329841 0.0279552 0.023243 0.0188179 0.0146798 0.0108943 0.00758792
 0.00752741 0.0123349 0.0187629 0.0268114 0.0362381 0.0463985 0.0562183 0.064462 0.0701763 0.0729837 0.0730482 0.0708368 0.0669047 0.0617882 0.0559649 0.0498298 0.0436826 0.0377299 0.0320968 0.0268417 0.021976 0.017494 0.0134096 0.00978091 0.0067024
 0.00759114 0.0124351 0.018908 0.0270076 0.0364905 0.0467107 0.0565921 0.0648965 0.0706674 0.0735237 0.0736238 0.0714266 0.0674756 0.0622952 0.0563543 0.0500471 0.0436822 0.0374845 0.0316042 0.0261285 0.0210984 0.0165339 0.0124625 0.00893661 0.00602385
 0.0076681 0.0125517 0.0190674 0.0272073 0.0367232 0.0469663 0.0568602 0.0651679 0.0709363 0.0737897 0.073892 0.0717036 0.0677634 0.0625843 0.0566199 0.0502502 0.043776 0.0374253 0.0313638 0.0257049 0.0205215 0.015863 0.0117747 0.00830835 0.005511
 0.00771946 0.0126329 0.019185 0.0273648 0.0369192 0.0471928 0.0571014 0.0654027 0.071144 0.0739582 0.074022 0.0718076 0.0678591 0.0626861 0.056731 0.0503579 0.0438521 0.0374319 0.0312644 0.025478 0.0201715 0.0154232 0.0113 0.00785924 0.00513553
 0.00777241 0.0127118 0.0192906 0.0274933 0.037064 0.0473467 0.0572578 0.0655551 0.0712854 0.0740805 0.0741184 0.0718755 0.0679024 0.0627143 0.0567553 0.0503841 0.0438745 0.0374319 0.0312154 0.0253556 0.0199657 0.0151462 0.010985 0.00754928 0.00486875
 0.00781469 0.0127754 0.0193764 0.0275984 0.0371815 0.0474672 0.0573705 0.0656502 0.0713564 0.0741267 0.0741442 0.0718884 0.0679093 0.0627199 0.0567624 0.0503936 0.0438842 0.0374338 0.0311947 0.0252951 0.0198531 0.0149828 0.0107878 0.00734602 0.00468747
 0.00782572 0.0127914 0.019397 0.0276218 0.037205 0.0474878 0.0573858 0.0656586 0.0713581 0.0741236 0.0741407 0.0718903 0.0679221 0.0627474 0.0568047 0.0504474 0.0439431 0.0374883 0.0312332 0.0253045 0.0198235 0.0149119 0.0106845 0.00722815 0.00457523
 0.00788705 0.0128835 0.019521 0.0277733 0.0373745 0.047662 0.0575492 0.065795 0.0714527 0.0741668 0.0741304 0.0718324 0.0678293 0.0626355 0.0566895 0.0503411 0.0438522 0.0374133 0.0311687 0.0252419 0.0197538 0.0148302 0.0105926 0.00713409 0.00448973
 0.00789604 0.0129006 0.0195512 0.0278219 0.0374453 0.047754 0.0576549 0.0659008 0.0715432 0.0742295 0.0741592 0.071828 0.0677972 0.0625838 0.0566271 0.0502766 0.0437926 0.0373623 0.0311258 0.0252028 0.0197128 0.0147828 0.0105383 0.00707699 0.00443636
 0.00787949 0.0128727 0.0195078 0.0277598 0.0373644 0.04766 0.0575605 0.0658233 0.0714991 0.0742275 0.0741972 0.0718952 0.0678789 0.0626671 0.0567036 0.0503426 0.0438479 0.037408 0.0311627 0.0252302 0.0197286 0.0147853 0.010528 0.0070573 0.0044127
 0.00787518 0.01286 0.0194784 0.0277028 0.0372693 0.0475222 0.0573855 0.0656289 0.0713115 0.074076 0.0741058 0.0718766 0.0679318 0.0627776 0.0568503 0.0505036 0.0440054 0.0375507 0.0312845 0.0253285 0.0198025 0.0148354 0.0105565 0.00706854 0.00441259
 0.00787246 0.0128509 0.0194559 0.027657 0.0371893 0.0473995 0.0572179 0.0654231 0.0710842 0.0738518 0.0739142 0.0717457 0.0678819 0.0628155 0.0569675 0.0506792 0.0442126 0.0377632 0.0314819 0.0254978 0.0199375 0.014935 0.0106236 0.00710888 0.00443336
 0.00789396 0.0128819 0.0194946 0.0276984 0.0372251 0.0474189 0.0572089 0.0653748 0.0709901 0.0737134 0.0737433 0.071564 0.067717 0.062694 0.0569085 0.0506889 0.0442832 0.0378767 0.0316156 0.0256305 0.020054 0.015027 0.0106892 0.00715088 0.00445712
 0.00788526 0.0128727 0.0194897 0.0277046 0.0372484 0.0474608 0.0572631 0.0654274 0.0710233 0.0737113 0.073697 0.071475 0.067597 0.0625634 0.0567912 0.0506064 0.0442489 0.037892 0.0316708 0.025709 0.020138 0.0151025 0.0107484 0.00719178 0.0044821
 0.00784433 0.0128046 0.0193853 0.0275564 0.0370549 0.0472311 0.0570204 0.0652051 0.0708551 0.0736187 0.0736826 0.0715238 0.0676858 0.0626708 0.0569045 0.0507232 0.0443729 0.0380276 0.0318179 0.0258609 0.0202832 0.0152294 0.010849 0.00726384 0.0045286
 0.0078229 0.0127662 0.0193209 0.0274552 0.036907 0.0470318 0.0567746 0.0649307 0.0705814 0.0733814 0.0735152 0.0714484 0.0677067 0.0627746 0.0570666 0.050917 0.044578 0.038232 0.0320156 0.0260474 0.0204528 0.0153751 0.0109652 0.00734871 0.00458486
 0.00781108 0.0127456 0.0192869 0.0274021 0.0368284 0.0469218 0.0566296 0.0647516 0.0703757 0.0731644 0.0733095 0.0712812 0.0676033 0.0627513 0.0571254 0.0510455 0.0447545 0.0384327 0.0322206 0.0262424 0.0206282 0.0155242 0.0110839 0.00743618 0.00464377
 0.00776428 0.0126712 0.0191784 0.0272549 0.0366415 0.0466991 0.0563816 0.064495 0.0701302 0.0729489 0.0731392 0.071167 0.067554 0.0627735 0.057222 0.0512123 0.0449786 0.0386938 0.0324944 0.0265065 0.020865 0.0157225 0.0112389 0.00754851 0.00471874
 0.00772972 0.0126124 0.0190852 0.0271171 0.0364513 0.0464561 0.0560964 0.0641895 0.0698337 0.0726906 0.0729418 0.0710444 0.067511 0.0628089 0.0573307 0.0513866 0.0452077 0.0389623 0.0327826 0.0267922 0.0211274 0.015946 0.0114151 0.00767675 0.00480438
 0.00932936 0.014852 0.0217888 0.0298975 0.0388222 0.0480109 0.0566503 0.0638078 0.0687516 0.0711941 0.0712795 0.069392 0.0659759 0.0614477 0.0561671 0.0504245 0.0444392 0.0383723 0.0323506 0.0264932 0.0209338 0.0158301 0.0113518 0.00764602 0.00479164
 0.00928505 0.0150776 0.0226535 0.0318614 0.0422366 0.0528475 0.0623298 0.0692945 0.0729221 0.0732817 0.0711277 0.0673974 0.0628148 0.0577869 0.0524981 0.0470357 0.0414648 0.0358552 0.0302869 0.0248561 0.0196829 0.0149156 0.0107172 0.00723159 0.00453917
 0.0089561 0.0145567 0.0219173 0.0309549 0.0413283 0.0522682 0.0625343 0.0706993 0.0756566 0.077002 0.0750581 0.0706263 0.0646761 0.0580924 0.0515074 0.0452417 0.0393607 0.0337994 0.0284795 0.0233763 0.0185379 0.0140755 0.0101345 0.00685187 0.00430856
 0.00881197 0.0143117 0.021529 0.0303794 0.0405359 0.0512742 0.0614399 0.0697212 0.0751134 0.0772269 0.0762485 0.0726959 0.0672188 0.0605132 0.0532665 0.0460639 0.0392927 0.03311 0.0274985 0.0223708 0.0176664 0.0134001 0.00965524 0.00653764 0.00411808
 0.00875255 0.0142115 0.0213705 0.0301414 0.0401947 0.0508087 0.0608408 0.0690072 0.0743513 0.0765487 0.0758453 0.0727703 0.0678935 0.0617394 0.0547981 0.0475377 0.0403792 0.0336447 0.0275154 0.0220389 0.0171869 0.0129285 0.00927462 0.00627016 0.00395014
 0.00871265 0.0141437 0.0212629 0.0299806 0.0399684 0.0505085 0.060466 0.068566 0.0738614 0.0760413 0.0753738 0.0724196 0.067774 0.0619524 0.0553789 0.0484095 0.041359 0.0345109 0.0281022 0.0222962 0.0171749 0.0127631 0.00906583 0.00608771 0.00382048
 0.00867158 0.0140813 0.0211768 0.0298705 0.0398347 0.0503505 0.0602812 0.0683512 0.0736152 0.0757668 0.0750828 0.0721375 0.0675443 0.0618361 0.05544 0.0486855 0.0418288 0.0350858 0.0286545 0.0227136 0.0174057 0.0128254 0.00902083 0.00600144 0.0037382
 0.00867502 0.0140807 0.0211647 0.0298369 0.0397699 0.05025 0.0601488 0.0681975 0.0734525 0.0756036 0.0749211 0.071977 0.0673899 0.0617057 0.0553662 0.0487071 0.0419723 0.0353449 0.0289826 0.0230385 0.0176607 0.0129774 0.00907698 0.00599471 0.0037052
 0.00867192 0.014078 0.0211644 0.029841 0.0397785 0.0502587 0.0601478 0.0681745 0.0733978 0.0755148 0.0748047 0.0718445 0.067254 0.0615783 0.0552613 0.0486431 0.0419697 0.035417 0.0291237 0.0232199 0.0178405 0.0131184 0.00916198 0.00602886 0.00370676
 0.00868122 0.0140904 0.0211784 0.0298538 0.0397874 0.0502626 0.0601476 0.0681716 0.0733916 0.0755008 0.0747757 0.0717946 0.0671821 0.0614904 0.0551687 0.0485611 0.0419151 0.0354042 0.029159 0.0232968 0.0179395 0.0132145 0.00923554 0.00607243 0.00372472
 0.00865748 0.0140578 0.0211402 0.0298164 0.039758 0.050246 0.060144 0.068177 0.0734004 0.0755087 0.0747804 0.0717943 0.0671746 0.0614733 0.0551417 0.0485285 0.0418855 0.0353888 0.0291673 0.0233317 0.0179951 0.0132779 0.00929257 0.00611388 0.00374873
 0.00864755 0.0140397 0.0211098 0.0297697 0.0396936 0.0501675 0.0600616 0.0681056 0.0733538 0.0754941 0.0747958 0.0718305 0.0672198 0.0615172 0.0551777 0.0485541 0.0419026 0.0354028 0.0291853 0.0233592 0.0180332 0.0133222 0.00933563 0.00614886 0.00377243
 0.00862767 0.0140106 0.0210716 0.0297244 0.0396433 0.0501139 0.060005 0.0680467 0.0732958 0.0754442 0.074763 0.0718224 0.0672384 0.0615578 0.0552312 0.0486103 0.0419544 0.0354475 0.0292243 0.0233959 0.0180701 0.0133594 0.00937053 0.00617802 0.00379362
 0.00863424 0.0140181 0.0210772 0.0297238 0.0396325 0.0500909 0.0599717 0.0680076 0.0732563 0.0754079 0.0747318 0.0717974 0.0672218 0.0615524 0.0552383 0.0486287 0.0419802 0.035476 0.0292522 0.0234222 0.0180953 0.0133838 0.00939332 0.00619764 0.00380866
 0.00861763 0.013994 0.0210463 0.029688 0.0395943 0.0500518 0.0599315 0.0679656 0.0732131 0.0753663 0.074697 0.071775 0.0672153 0.0615628 0.0552642 0.0486671 0.0420272 0.0355272 0.0293032 0.0234696 0.0181371 0.0134191 0.00942215 0.00621995 0.0038247
 0.00861763 0.013994 0.0210463 0.029688 0.0395943 0.0500518 0.0599315 0.0679656 0.0732131 0.0753663 0.074697 0.071775 0.0672153 0.0615628 0.0552642 0.0486671 0.0420272 0.0355272 0.0293032 0.0234696 0.0181371 0.0134191 0.00942215 0.00621995 0.0038247
 0.00857375 0.0139226 0.0209392 0.0295392 0.0394025 0.0498244 0.0596872 0.0677321 0.0730204 0.0752382 0.0746447 0.071797 0.0673012 0.0616976 0.055432 0.0488526 0.0422168 0.0357095 0.0294695 0.0236139 0.0182563 0.0135127 0.00949167 0.00626859 0.00385648
#pred catch len freq
 0.00339209 0.00542312 0.00802608 0.011197 0.014959 0.0193357 0.0242868 0.0296709 0.0352629 0.0407976 0.0460116 0.0506801 0.0546497 0.0578478 0.0602638 0.0619179 0.0628361 0.0630265 0.0624377 0.0608952 0.0580649 0.0535336 0.0470483 0.0388137 0.0296221
 0.00367645 0.00582499 0.00852325 0.011742 0.0155066 0.0198782 0.0248698 0.0303674 0.0361137 0.0417538 0.04692 0.0513289 0.0548527 0.0575245 0.0594771 0.0608536 0.0617346 0.0620937 0.0617711 0.0604595 0.0577313 0.0531615 0.0465629 0.0382355 0.029037
 0.00381235 0.00606905 0.00892934 0.0123642 0.0163754 0.0209717 0.0261012 0.0316093 0.0372529 0.0427383 0.0477562 0.0520265 0.0553643 0.057737 0.0592688 0.0601777 0.0606659 0.0608059 0.0604587 0.0592553 0.0566706 0.0522085 0.0456733 0.0374045 0.0283032
 0.0039896 0.00634207 0.00931685 0.0128861 0.0170634 0.0218763 0.0272793 0.0330883 0.0389855 0.044582 0.0495027 0.0534708 0.0563666 0.0582359 0.0592497 0.0596424 0.0596382 0.0593603 0.0587309 0.0574126 0.0548609 0.0505301 0.0441804 0.0361313 0.0272778
 0.00419406 0.00666542 0.00978685 0.0135235 0.017881 0.0228785 0.0284637 0.0344488 0.0405149 0.0462616 0.0512767 0.0552199 0.0579093 0.0593683 0.059804 0.0595277 0.0588486 0.0579627 0.0568514 0.0552223 0.0525533 0.0482905 0.0421597 0.0344332 0.0259542
 0.00444813 0.0070639 0.0103609 0.0142962 0.0188686 0.0240896 0.0298929 0.0360687 0.0422713 0.0480787 0.0530681 0.0568967 0.0593768 0.0605157 0.0605012 0.059643 0.0582852 0.0566949 0.0549438 0.0528269 0.049887 0.0455988 0.0396733 0.0323273 0.0243223
 0.00474051 0.00752277 0.0110222 0.0151865 0.0200054 0.0254807 0.0315306 0.0379204 0.0442737 0.0501382 0.0550684 0.0587124 0.0608896 0.0616238 0.0611185 0.0596916 0.0576941 0.0554179 0.0529924 0.0503002 0.0469801 0.0425773 0.03682 0.029878 0.0224148
 0.00502807 0.00797458 0.0116745 0.0160669 0.0211335 0.0268679 0.0331733 0.0397909 0.0463126 0.0522539 0.0571425 0.0606117 0.0624811 0.0627902 0.0617664 0.0597513 0.0571149 0.0541693 0.0510807 0.0477984 0.0440521 0.0394745 0.033837 0.0272807 0.020373
 0.00529834 0.00840262 0.012299 0.0169198 0.0222398 0.028242 0.0348116 0.0416621 0.0483534 0.0543701 0.0592163 0.0625122 0.0640772 0.0639638 0.0624216 0.0598174 0.0565453 0.0529418 0.049207 0.0453461 0.0411695 0.0363951 0.0308471 0.0246518 0.0182891
 0.00554725 0.00880148 0.0128899 0.0177422 0.023328 0.029619 0.0364784 0.0435861 0.0504626 0.0565559 0.061344 0.0644367 0.0656612 0.0650921 0.0630088 0.0598074 0.0559063 0.0516648 0.0473133 0.0429056 0.0383229 0.0333615 0.0278978 0.0220495 0.0162173
 0.00582824 0.00924766 0.0135433 0.0186392 0.0244987 0.031083 0.0382347 0.0456007 0.0526598 0.0588192 0.0635257 0.0663765 0.0672091 0.0661284 0.0634549 0.059625 0.0550888 0.0502295 0.0453026 0.0404008 0.035464 0.0303555 0.0249972 0.019499 0.0141884
 0.00614618 0.00974743 0.0142653 0.0196146 0.0257499 0.0326227 0.0400576 0.0476711 0.0549019 0.061115 0.0657234 0.0683085 0.0687163 0.0670837 0.0637783 0.059286 0.0540994 0.0486328 0.0431678 0.0378294 0.0326026 0.0274022 0.0221843 0.0170464 0.0122473
 0.00640928 0.0101641 0.0148729 0.0204436 0.0268231 0.0339517 0.0416348 0.0494617 0.0568399 0.0631049 0.0676468 0.0700328 0.0701073 0.0680215 0.0641719 0.0590835 0.053291 0.0472483 0.0412733 0.0355282 0.0300399 0.0247648 0.0196818 0.0148721 0.0105309
 0.00663843 0.0105281 0.0154062 0.021176 0.0277789 0.0351457 0.043064 0.051095 0.0586121 0.0649187 0.0693819 0.0715619 0.0713124 0.0688071 0.0644719 0.058862 0.0525416 0.0459943 0.0395705 0.033469 0.0277574 0.0224284 0.0174775 0.012967 0.00903375
 0.00693667 0.0109827 0.0160355 0.0219807 0.0287484 0.0362663 0.0443211 0.0524667 0.0600593 0.0663788 0.0707692 0.0727765 0.0722552 0.0693949 0.0646472 0.0585967 0.0518346 0.0448686 0.0380741 0.0316803 0.0257891 0.0204248 0.0155965 0.0113489 0.00776734
 0.00724938 0.0114729 0.0167387 0.0229169 0.0299175 0.0376428 0.0458486 0.0540579 0.0616084 0.0677808 0.0719369 0.0736468 0.0727869 0.0695641 0.0644454 0.0580294 0.0509207 0.0436409 0.0365807 0.0299894 0.0239941 0.018642 0.013952 0.00995215 0.00668491
 0.00751017 0.0118819 0.0173277 0.0237085 0.0309248 0.0388668 0.0472689 0.0556208 0.0632195 0.069311 0.0732428 0.0746012 0.0733069 0.0696249 0.0640731 0.0572813 0.0498644 0.042342 0.0351022 0.0283981 0.0223682 0.017073 0.0125353 0.00876816 0.00577839
 0.00758236 0.0120127 0.01755 0.0240632 0.0314545 0.0396035 0.0482209 0.056764 0.064496 0.0706331 0.0745005 0.0756739 0.0740817 0.0700184 0.0640492 0.0568553 0.0490929 0.0413036 0.033881 0.0270762 0.0210261 0.0157914 0.0113905 0.00782046 0.00505854
 0.00750801 0.0119095 0.0174295 0.0239528 0.0313971 0.0396539 0.0484372 0.057195 0.0651642 0.071519 0.0755362 0.076752 0.0750763 0.0708102 0.0645468 0.0570095 0.0489008 0.0408041 0.0331426 0.0261825 0.0200649 0.0148466 0.0105353 0.00710889 0.00451741
 0.0075474 0.0119474 0.0174393 0.0238968 0.0312408 0.0393876 0.0480936 0.0568515 0.0649251 0.0714844 0.0757705 0.0772615 0.0758034 0.0716456 0.065357 0.0576685 0.0493181 0.0409394 0.0330059 0.0258244 0.0195604 0.0142791 0.00998179 0.00662812 0.00414253
 0.00761634 0.0120478 0.0175669 0.0240346 0.0313577 0.0394395 0.0480324 0.056642 0.0645689 0.0710375 0.0753392 0.0769712 0.0757522 0.0718657 0.0658025 0.0582337 0.0498742 0.0413734 0.0332483 0.0258589 0.0194174 0.0140186 0.00967293 0.00633111 0.00389705
 0.00762979 0.0120704 0.0176018 0.0240844 0.0314217 0.0395105 0.0480932 0.0566643 0.0645182 0.070886 0.075084 0.076649 0.0754388 0.0716538 0.0657646 0.0583893 0.0501796 0.0417401 0.0335786 0.02608 0.0195006 0.0139784 0.00955163 0.00617844 0.00375326
 0.00753261 0.0119267 0.0174125 0.0238609 0.031184 0.0392833 0.0479013 0.0565278 0.0644469 0.0708744 0.0751112 0.0766875 0.0754695 0.0716804 0.065815 0.0585009 0.0503755 0.04201 0.0338788 0.0263517 0.0196958 0.0140777 0.00956608 0.00613807 0.00369134
 0.00750761 0.0118774 0.0173224 0.0237101 0.0309546 0.0389688 0.0475149 0.0561051 0.06404 0.0705394 0.0748931 0.0766084 0.0755249 0.0718445 0.0660548 0.0587897 0.0506973 0.0423536 0.0342267 0.0266761 0.0199651 0.0142697 0.00967736 0.00618344 0.00369506
 0.00759712 0.0120095 0.0174955 0.0239116 0.031162 0.039152 0.0476408 0.0561435 0.0639727 0.0703679 0.0746423 0.0763203 0.0752458 0.0716113 0.0658873 0.0586919 0.0506635 0.0423743 0.0342901 0.0267659 0.0200612 0.014352 0.00973271 0.00620964 0.00369903
 0.00756716 0.011966 0.0174396 0.0238468 0.0310923 0.0390792 0.0475618 0.0560515 0.0638597 0.0702302 0.0744849 0.0761593 0.0751063 0.0715208 0.0658669 0.0587487 0.0507895 0.0425502 0.0344918 0.0269699 0.0202473 0.0145052 0.00984517 0.00628177 0.00373817
 0.00755737 0.0119404 0.0173836 0.0237424 0.0309241 0.0388435 0.0472733 0.055742 0.0635688 0.0699919 0.0743188 0.07607 0.0750889 0.0715682 0.0659733 0.0589098 0.0509981 0.0427937 0.0347517 0.0272248 0.020477 0.014695 0.00998803 0.00637872 0.00379675
 0.00740705 0.0117232 0.0171059 0.0234245 0.0305907 0.0385103 0.046941 0.0554031 0.0632233 0.0696614 0.0740468 0.0759067 0.0750698 0.0717008 0.0662373 0.0592685 0.0514112 0.0432252 0.0351721 0.0276105 0.0208098 0.0149634 0.0101886 0.00651633 0.00388259
 0.00725757 0.0114968 0.0167971 0.0230418 0.0301568 0.0380601 0.0465165 0.0550452 0.0629599 0.069499 0.0739725 0.0759024 0.0751272 0.0718257 0.0664409 0.0595531 0.0517634 0.0436179 0.0355726 0.0279884 0.0211418 0.0152348 0.0103944 0.00665992 0.0039741
 0.00722571 0.0114368 0.016692 0.0228714 0.0299035 0.0377185 0.0461021 0.0545967 0.0625333 0.0691521 0.0737485 0.0758177 0.0751709 0.0719696 0.0666547 0.0598152 0.0520612 0.043941 0.0359065 0.0283134 0.021437 0.0154834 0.0105875 0.00679761 0.00406366
 0.00713893 0.0113085 0.0165217 0.022664 0.0296642 0.0374465 0.0457895 0.0542359 0.0621296 0.0687353 0.0733725 0.0755456 0.075053 0.0720252 0.0668682 0.0601464 0.0524622 0.0443692 0.0363296 0.0287077 0.0217842 0.0157709 0.0108092 0.00695543 0.00416659
