SBPRF35
7.62634
Curr Bio
529915
B35
519403
F35
0.21445
FOFL
0.198196
OFL
74867.4
Bzero
2.17895e+06
#pred survey bio
 3.30104e+06 3.21833e+06 3.04036e+06 2.93145e+06 2.81195e+06 2.58239e+06 2.21359e+06 1.93718e+06 1.76821e+06 1.58252e+06 1.42785e+06 1.32892e+06 1.23853e+06 1.12856e+06 1.04398e+06 920939 768197 693765 651177 620338 576076 554586 542521 552968 550418 552902 531876 493741 491098 498010 516551 538512 572423 600439 597518 563454 548200 538144 565129 580222 590333 601534 589094 543416 521502 515136 512790 539958 574471 574898 582755 568743 568371 641601 654763 621921 579006 571229 593205 580075 573152 582985 585115 621135 658642 607332 537091 1.71112e+07 1.03444e+07 1.07817e+07 1.16459e+07 1.26879e+07 1.37091e+07 1.46015e+07 1.53267e+07 1.58884e+07 1.63097e+07 1.66189e+07 1.6843e+07 1.70041e+07 1.71197e+07 1.72027e+07 1.72624e+07 1.73056e+07 1.7337e+07 1.736e+07 1.7377e+07 1.73895e+07 1.73989e+07 1.74059e+07 1.74112e+07 1.74152e+07 1.74183e+07 1.74206e+07 1.74223e+07 1.74237e+07 1.74247e+07 1.74255e+07 1.74261e+07 1.74265e+07 1.74269e+07 1.74272e+07 1.74274e+07 1.74276e+07 1.74277e+07 1.74278e+07 1.74279e+07 1.74279e+07 1.7428e+07 1.7428e+07 1.7428e+07 1.7428e+07 1.74281e+07 1.74281e+07 1.74281e+07 1.74281e+07 1.74281e+07 1.74281e+07 1.74281e+07 1.74281e+07 1.74281e+07 1.74281e+07 1.74281e+07 1.74281e+07 1.74281e+07 1.74281e+07 1.74281e+07 1.74281e+07 1.74281e+07 1.74281e+07 1.74281e+07 1.74281e+07 1.74281e+07 1.74281e+07 1.74281e+07 1.74281e+07 1.74281e+07 1.74281e+07 1.74281e+07 1.74281e+07 1.74281e+07 1.74281e+07 1.74281e+07 1.74281e+07 1.74281e+07 1.74281e+07 1.74281e+07 1.74281e+07 1.74281e+07 1.74281e+07 1.74281e+07 1.74281e+07 1.74281e+07 1.74281e+07 1.74281e+07 1.74281e+07 1.74281e+07 1.74281e+07 1.74281e+07 1.74281e+07 1.74281e+07 1.74281e+07 1.74281e+07 1.74281e+07 1.74281e+07 1.74281e+07 1.74281e+07 0 0 0 0 0 0 0 0 0 0 0 0 0 0 0 0 0 0 0 0 0 0 0 0 0
#obs survey bio
 2.98586e+06 3.71642e+06 3.34358e+06 1.99245e+06 3.24079e+06 3.502e+06 2.39866e+06 2.17614e+06 1.99413e+06 1.57807e+06 1.39724e+06 1.09981e+06 1.35313e+06 966279 1.09737e+06 1.53558e+06 631934 842794 718782 813504 521293 532281 523555 491617 471681 551149 621512 334498 630638 377370 510249 474961 466116 484298 567635 595546 425211 409969 687236 658931 655900 578310 632876 785153 447888 596305 492724 441354 509100 614277 677403 474851 562656 741210 537127 562431 656942 517314 563708 535875 593880 490693 428062 753166 642810 620686 432792
#pred catch bio
 99689.2 97927.7 152467 207704 243237 280517 307019 301032 303388 313973 291828 290400 288165 255840 252142 219335 190796 159322 139341 129787 129153 126765 114621 119799 102049 106072 109805 107007 100222 98525.7 92688.2 91419.1 98376.2 93454.4 98036.9 93238.7 97664.6 85507.3 86717.2 89966.7 86605.9 84684.3 91748.3 85945.9 90838 88827.9 89469.6 93700.3 99318.2 87622.8 91740.6 108261 55186.4 87595.2 109763 102825 92128.5 49035.9 92037.2 101006 77697.5 102972 94879.4 68730 117399 121845 98698.1 74867.4 80417.2 82485.7 88245.8 95857.8 103361 109814 114924 118749 121499 123416 124723 125597 126174 126551 126795 126951 127052 127115 127156 127181 127197 127207 127214 127218 127220 127222 127223 127223 127224 127224 127224 127224 127224 127224 127224 127224 127224 127224 127224 127224 127224 127224 127224 127224 127224 127224 127224 127224 127224 127224 127224 127224 127224 127224 127224 127224 127224 127224 127224 127224 127224 127224 127224 127224 127224 127224 127224 127224 127224 127224 127224 127224 127224 127224 127224 127224 127224 127224 127224 127224 127224 127224 127224 127224 127224 127224 127224 127224 127224 127224 127224 127224 127224 127224 127224 127224 127224 127224 127224 0 0 0 0 0 0 0 0 0 0 0 0 0 0 0 0 0 0 0 0 0 0 0 0 0
#obs catch bio
 0 97542.6 152669 208083 243209 280103 307241 301975 302685 314378 292359 291278 288094 256230 252538 218101 191726 159447 139400 129298 129393 126888 114769 120075 101862 105967 109495 107519 100134 98786.2 92530.2 91436.5 98696.2 93240.9 97959.6 93228.9 97785.3 85590.7 86628.6 90005.2 86633 84564.1 91729.9 85872.5 91000 88698.5 89618.9 93941.6 99289.6 87525.5 91477 109188 54769.3 87655.6 109929 102730 92664.1 48544.2 92377.5 101435 77300.8 103263 95386.9 68227.7 117656 122034 98620
#pred cpue bio
 3.26646e+06 3.18477e+06 3.00755e+06 2.89808e+06 2.77816e+06 2.54939e+06 2.18314e+06 1.90797e+06 1.73907e+06 1.5541e+06 1.39957e+06 1.30013e+06 1.20935e+06 1.09957e+06 1.01504e+06 893494 743895 670590 628955 599007 556049 534918 523025 533170 530672 533229 513011 476133 473461 480326 498365 519724 552643 579929 577557 544619 528729 517097 542089 556728 566692 577751 566077 522144 501092 494909 492684 518789 552104 552541 560172 546688 545642 616982 630366 598083 555944 548305 570895 558594 551518 561237 562952 597392 634418 584633 515926 1.64058e+07 9.89954e+06 1.02166e+07 1.09985e+07 1.20224e+07 1.30409e+07 1.39329e+07 1.4658e+07 1.52197e+07 1.5641e+07 1.59503e+07 1.61743e+07 1.63355e+07 1.64511e+07 1.6534e+07 1.65937e+07 1.66369e+07 1.66684e+07 1.66914e+07 1.67083e+07 1.67209e+07 1.67302e+07 1.67373e+07 1.67426e+07 1.67466e+07 1.67496e+07 1.67519e+07 1.67537e+07 1.6755e+07 1.6756e+07 1.67568e+07 1.67574e+07 1.67579e+07 1.67582e+07 1.67585e+07 1.67587e+07 1.67589e+07 1.6759e+07 1.67591e+07 1.67592e+07 1.67593e+07 1.67593e+07 1.67593e+07 1.67594e+07 1.67594e+07 1.67594e+07 1.67594e+07 1.67594e+07 1.67594e+07 1.67594e+07 1.67594e+07 1.67594e+07 1.67594e+07 1.67594e+07 1.67594e+07 1.67595e+07 1.67595e+07 1.67595e+07 1.67595e+07 1.67595e+07 1.67595e+07 1.67595e+07 1.67595e+07 1.67595e+07 1.67595e+07 1.67595e+07 1.67595e+07 1.67595e+07 1.67595e+07 1.67595e+07 1.67595e+07 1.67595e+07 1.67595e+07 1.67595e+07 1.67595e+07 1.67595e+07 1.67595e+07 1.67595e+07 1.67595e+07 1.67595e+07 1.67595e+07 1.67595e+07 1.67595e+07 1.67595e+07 1.67595e+07 1.67595e+07 1.67595e+07 1.67595e+07 1.67595e+07 1.67595e+07 1.67595e+07 1.67595e+07 1.67595e+07 1.67595e+07 1.67595e+07 1.67595e+07 1.67595e+07 1.67595e+07 1.67595e+07 1.67595e+07 0 0 0 0 0 0 0 0 0 0 0 0 0 0 0 0 0 0 0 0 0 0 0 0 0
#obs cpue bio
 3.80217e+06 3.82108e+06 2.13025e+06 3.77805e+06 2.75041e+06 2.41281e+06 1.71527e+06 1.20837e+06 2.38186e+06 1.30376e+06 1.23466e+06 1.44849e+06 1.3839e+06 1.03951e+06 1.03249e+06 787274 547943 618240 558369 605364 466534 591614 463823 639810 656478 567368 533270 438312 479768 511291 643407 499583 580748 961684 630432 449769 723824 549905 554969 465343 479209 655173 574661 339481 526067 513108 400953 562926 847315 457121 594009 474436 552888 653611 736915 720075 380499 780928 573351 508052 664531 606230 548017 695627 678422 536813 629157
#pred surv len freq
 0.00423506 0.00698175 0.0107048 0.0154482 0.0211266 0.0274317 0.033818 0.0396536 0.0444655 0.0480902 0.0506355 0.0523314 0.0534034 0.0540222 0.054306 0.0543429 0.0542151 0.0539983 0.0537033 0.0531616 0.0519264 0.0493261 0.0447503 0.0380631 0.029859
 0.00451073 0.00734894 0.0111103 0.0157986 0.0213221 0.027415 0.0336061 0.0393297 0.0441313 0.0478129 0.0504243 0.0521567 0.0532407 0.0538872 0.054259 0.0544603 0.0545423 0.0545082 0.0542832 0.0536409 0.0521407 0.0491883 0.0442904 0.0374111 0.0291811
 0.00460668 0.00755344 0.011501 0.0164598 0.0223029 0.0286755 0.0349891 0.0405927 0.0450376 0.04823 0.0503654 0.0517438 0.052626 0.0531945 0.0535724 0.0538423 0.0540444 0.0541551 0.0540449 0.0534249 0.0518239 0.0486785 0.0435797 0.0365841 0.0283714
 0.00471095 0.00772208 0.0117573 0.0168358 0.0228444 0.0294406 0.0360292 0.041914 0.0465589 0.0497679 0.0516745 0.052602 0.052919 0.0529472 0.0529154 0.0529461 0.0530631 0.0531953 0.0531526 0.0525852 0.0509802 0.0477745 0.0426053 0.0355947 0.0274639
 0.00485371 0.00795878 0.0121217 0.0173615 0.0235581 0.0303533 0.0371307 0.0431751 0.0479389 0.0512141 0.0531064 0.0538928 0.0539021 0.0534618 0.0528696 0.0523566 0.0520441 0.0519067 0.0517406 0.0511443 0.0495507 0.0463702 0.0412506 0.0343448 0.0263929
 0.00500751 0.0082146 0.0125177 0.0179375 0.0243483 0.0313742 0.0383687 0.0445818 0.0494395 0.0527248 0.0545484 0.0551935 0.0549832 0.0542266 0.0532091 0.0521808 0.0513236 0.050695 0.050159 0.0493408 0.047662 0.0445079 0.039509 0.0328099 0.0251364
 0.00523716 0.0085862 0.0130739 0.0187172 0.0253803 0.0326661 0.0398948 0.0462783 0.0512116 0.0544638 0.0561498 0.0565693 0.0560641 0.0549555 0.0535298 0.0520327 0.0506539 0.0494859 0.0484547 0.0472538 0.0453557 0.0421666 0.0373098 0.0308992 0.0236097
 0.00544347 0.00894425 0.013654 0.0195972 0.0266263 0.0343035 0.0418817 0.0485005 0.0535061 0.0566574 0.0580933 0.0581529 0.0572176 0.0556387 0.0537195 0.0517098 0.0497975 0.0480821 0.0465207 0.0448662 0.0426641 0.039381 0.0346629 0.0285962 0.0217829
 0.00563696 0.00926229 0.014141 0.0203016 0.027597 0.0355804 0.0434805 0.0503959 0.0556213 0.0588659 0.0602334 0.0600547 0.0587324 0.0566604 0.0541879 0.0515993 0.0491009 0.046803 0.0446828 0.0425372 0.0399799 0.0365486 0.0319302 0.0261953 0.0198712
 0.0058886 0.00966744 0.0147435 0.0211396 0.028697 0.0369476 0.0450896 0.0521897 0.0575211 0.0607848 0.0620834 0.0617429 0.0601564 0.0577124 0.0547685 0.0516324 0.0485407 0.0456355 0.0429287 0.0402647 0.0373228 0.0337122 0.029167 0.0237493 0.017914
 0.00615448 0.0101121 0.0154347 0.0221455 0.0300686 0.0386929 0.0471506 0.0544404 0.0597933 0.0629116 0.0639346 0.0632383 0.0612557 0.0583931 0.0550064 0.0513922 0.0477813 0.0443248 0.0410645 0.0378982 0.0345779 0.0307899 0.0263201 0.0212262 0.0158926
 0.00636726 0.0104603 0.0159641 0.0229031 0.0310971 0.0400194 0.0487708 0.0563059 0.0618085 0.0649435 0.0658333 0.0648627 0.0624974 0.0591878 0.0553279 0.0512334 0.0471358 0.0431818 0.0394227 0.0357931 0.0321105 0.0281373 0.0237145 0.0189015 0.0140204
 0.00661029 0.0108532 0.0165512 0.0237238 0.0321782 0.0413638 0.0503466 0.058044 0.0636137 0.0667122 0.067466 0.0662681 0.0635924 0.0599019 0.0556096 0.0510546 0.0464878 0.0420682 0.0378592 0.0338219 0.0298234 0.02569 0.0213129 0.0167569 0.0122903
 0.00692623 0.0113569 0.0172903 0.0247345 0.033477 0.042936 0.052134 0.0599437 0.065494 0.0684401 0.0689331 0.0674019 0.0643532 0.0602718 0.0555811 0.0506237 0.0456529 0.0408334 0.036242 0.0318665 0.0276169 0.0233723 0.0190654 0.014764 0.0106889
 0.00707069 0.0116101 0.0177048 0.0253693 0.0343829 0.0441332 0.0535919 0.0615765 0.0671781 0.0700435 0.0703408 0.0685287 0.0651458 0.0607034 0.0556438 0.0503201 0.0449892 0.0398181 0.0348924 0.0302218 0.0257535 0.0214116 0.0171625 0.0130758 0.00933136
 0.00724448 0.0118955 0.0181401 0.025994 0.0352318 0.0452252 0.0549166 0.0630837 0.0687771 0.0716141 0.0717525 0.0696639 0.0659194 0.0610729 0.0556067 0.0499007 0.0442228 0.0387408 0.0335408 0.0286428 0.0240187 0.0196256 0.0154558 0.011578 0.00813595
 0.00745976 0.0122306 0.0186171 0.0266243 0.0360163 0.0461542 0.0559678 0.0642203 0.0699496 0.0727639 0.0728152 0.0705708 0.0666015 0.0614696 0.0556765 0.0496286 0.0436201 0.0378383 0.032382 0.0272835 0.0225318 0.0181061 0.0140144 0.0103207 0.00713717
 0.00751738 0.0123528 0.0188525 0.0270322 0.0366483 0.0470274 0.0570439 0.0654081 0.0711321 0.0738356 0.0737076 0.0712537 0.0670669 0.0617133 0.0556886 0.0493954 0.043133 0.0371027 0.0314227 0.0261461 0.0212835 0.016833 0.0128123 0.00927786 0.00631302
 0.00762217 0.0124814 0.0189723 0.0270959 0.0366181 0.0469069 0.0568968 0.065343 0.0712573 0.074208 0.0743074 0.071998 0.0678472 0.06243 0.0562668 0.0497837 0.0432973 0.0370244 0.0311023 0.0256086 0.0205809 0.0160404 0.0120169 0.00856121 0.0057329
 0.00769309 0.0125905 0.0191224 0.0272788 0.0368092 0.0470632 0.0569642 0.0652789 0.0710607 0.0739398 0.0740778 0.0719219 0.0679906 0.0627819 0.0567498 0.0502889 0.0437206 0.0372884 0.0311642 0.0254616 0.0202523 0.0155866 0.0115113 0.00807722 0.0053263
 0.00775638 0.0126898 0.0192647 0.0274675 0.0370416 0.0473278 0.0572363 0.0655194 0.0712218 0.0739806 0.0739856 0.0717278 0.0677663 0.0626132 0.056698 0.0503633 0.0438765 0.0374494 0.0312541 0.0254295 0.0200852 0.0153085 0.0111722 0.00773513 0.00502933
 0.00775231 0.0127065 0.019332 0.0276255 0.0373277 0.0477572 0.0577867 0.0661285 0.0718027 0.0744448 0.0742648 0.0717887 0.0676177 0.0623056 0.0563106 0.0499788 0.0435521 0.0371994 0.0310531 0.0252342 0.0198602 0.0150434 0.0108835 0.00745492 0.00478914
 0.00780838 0.0127827 0.019421 0.0277156 0.0374127 0.0478468 0.0579106 0.0663258 0.0720986 0.0748281 0.0746815 0.0721573 0.06786 0.0623749 0.0562064 0.0497425 0.0432473 0.0368854 0.0307653 0.0249783 0.0196238 0.0148131 0.0106577 0.00724499 0.00461124
 0.00778716 0.0127441 0.0193551 0.02761 0.0372553 0.0476312 0.0576439 0.0660354 0.0718342 0.0746533 0.0746545 0.0723057 0.0681635 0.062769 0.0566064 0.0500766 0.0434788 0.0370153 0.0308167 0.0249773 0.0195874 0.0147498 0.0105744 0.00715225 0.00452246
 0.00793426 0.0129558 0.0196223 0.0279056 0.0375395 0.0478625 0.057788 0.0660708 0.0717555 0.0744741 0.0744094 0.0720465 0.0679456 0.0626317 0.0565579 0.0500923 0.0435163 0.0370358 0.0307996 0.0249219 0.0195046 0.014653 0.0104749 0.00705921 0.00444308
 0.00786058 0.012849 0.0194849 0.0277461 0.0373676 0.0476821 0.057595 0.0658575 0.0715202 0.0742306 0.074188 0.0718864 0.0678831 0.0626892 0.0567374 0.0503732 0.0438591 0.0373912 0.0311218 0.02518 0.0196871 0.0147648 0.0105305 0.00707626 0.00443834
 0.00780072 0.0127611 0.0193704 0.0276136 0.0372314 0.0475595 0.057501 0.0658002 0.071496 0.0742235 0.074176 0.0718533 0.06783 0.0626363 0.0567155 0.050409 0.0439621 0.0375496 0.0313076 0.0253603 0.0198359 0.0148692 0.0105913 0.00710302 0.00444366
 0.00782231 0.0127982 0.0194299 0.0277029 0.0373566 0.0477217 0.0576938 0.0660084 0.0716966 0.0743894 0.0742797 0.0718727 0.067754 0.0624716 0.0564882 0.0501593 0.0437325 0.0373709 0.0311909 0.0252975 0.0198079 0.0148564 0.0105806 0.00708962 0.00442845
 0.00775469 0.0127098 0.0193366 0.0276329 0.0373425 0.0477885 0.0578483 0.0662361 0.0719674 0.0746661 0.0745259 0.0720575 0.0678553 0.0624783 0.0564034 0.0500016 0.043533 0.0371657 0.0310105 0.0251591 0.0197131 0.0147962 0.0105428 0.00706436 0.00441023
 0.00781196 0.0127612 0.0193393 0.0275275 0.0370764 0.0473492 0.0572859 0.0656573 0.0714978 0.0744022 0.0745038 0.0722504 0.068195 0.0628838 0.0568034 0.0503472 0.0438017 0.0373584 0.0311435 0.0252529 0.0197842 0.0148531 0.0105874 0.00709637 0.00443037
 0.00788791 0.0128772 0.019497 0.0277161 0.0372664 0.0474896 0.0573104 0.0655059 0.0711495 0.0739004 0.0739526 0.0717775 0.0679 0.0628032 0.0569083 0.0505689 0.0440653 0.0376073 0.0313482 0.0254075 0.0198958 0.0149325 0.0106433 0.00713454 0.00445471
 0.00792743 0.0129273 0.0195468 0.0277472 0.0372587 0.0474284 0.0571908 0.0653297 0.0709192 0.0736167 0.0736232 0.0714305 0.0675894 0.0625948 0.0568528 0.050678 0.044307 0.0379223 0.0316748 0.0257005 0.0201329 0.01511 0.0107682 0.00721736 0.00450619
 0.00782434 0.0127805 0.0193634 0.0275453 0.0370596 0.0472461 0.0570258 0.0651717 0.0707565 0.0734459 0.0734513 0.0712717 0.0674612 0.0625182 0.0568517 0.0507737 0.044507 0.0382107 0.0320141 0.0260441 0.0204409 0.0153589 0.0109517 0.00734173 0.00458393
 0.00774227 0.0126482 0.019168 0.0272792 0.0367265 0.046867 0.0566409 0.0648326 0.0705086 0.0733105 0.0734193 0.0713131 0.0675434 0.062621 0.0569727 0.050924 0.044701 0.0384559 0.0323027 0.0263529 0.0207385 0.015617 0.0111537 0.00748487 0.00467599
 0.00778447 0.012683 0.0191584 0.0271714 0.0364659 0.0464231 0.0560294 0.0641196 0.0697952 0.0727033 0.073001 0.0711235 0.0675754 0.0628318 0.0573042 0.0513228 0.0451307 0.0388958 0.0327403 0.0267742 0.021125 0.0159487 0.0114164 0.00767512 0.00480122
 0.00850488 0.0137197 0.0204671 0.0286193 0.0378612 0.0475681 0.0567683 0.0643652 0.0695357 0.0720002 0.0719777 0.0699396 0.0663892 0.0617654 0.0564249 0.0506469 0.0446406 0.0385612 0.0325309 0.0266634 0.0210877 0.0159597 0.0114517 0.0077157 0.00483557
 0.00916095 0.0147707 0.0220106 0.0307108 0.0404736 0.0505453 0.0598002 0.0670262 0.0713969 0.0727704 0.0715935 0.0685615 0.0643199 0.0593453 0.0539514 0.0483332 0.0426104 0.0368642 0.0311681 0.0256096 0.0203055 0.0154064 0.0110817 0.00748368 0.00470003
 0.00925324 0.0150065 0.022523 0.0316737 0.0420541 0.0528271 0.0627105 0.0703073 0.0746436 0.0755193 0.0734339 0.0692342 0.0637765 0.0577479 0.0516122 0.0456197 0.0398558 0.0343135 0.0289652 0.0238129 0.0189142 0.0143838 0.0103716 0.00702095 0.00441931
 0.00894173 0.0145431 0.0219126 0.0309678 0.0413615 0.0523151 0.0625891 0.0707816 0.0758353 0.0773865 0.0757382 0.0715867 0.0657512 0.0590119 0.0520163 0.0452177 0.0388549 0.0329876 0.0275706 0.0225365 0.017859 0.0135816 0.00980638 0.00665143 0.00419572
 0.00884063 0.0143482 0.0215659 0.0304048 0.0405385 0.0512489 0.0613904 0.0696581 0.0750507 0.0771859 0.0762652 0.0728228 0.0675008 0.060947 0.0537716 0.0465015 0.039529 0.0330833 0.0272422 0.0219844 0.0172609 0.0130546 0.00940306 0.00637592 0.00402568
 0.00879719 0.0142816 0.0214705 0.0302712 0.0403473 0.0509668 0.0609768 0.0690875 0.0743468 0.0764474 0.0756617 0.0725475 0.0676954 0.0616325 0.054823 0.0476848 0.0405856 0.0338212 0.0275915 0.0219948 0.0170534 0.0127606 0.0091209 0.00615588 0.00387825
 0.00876552 0.0142218 0.0213658 0.0301026 0.0400995 0.0506363 0.0605759 0.0686403 0.0738793 0.0759821 0.0752259 0.0721909 0.0674984 0.0616861 0.0551844 0.0483317 0.0414048 0.0346448 0.0282624 0.0224241 0.01724 0.0127683 0.00903506 0.00604726 0.00378698
 0.00869626 0.0141184 0.0212265 0.0299302 0.0398983 0.0504081 0.0603195 0.0683547 0.0735692 0.0756613 0.0749166 0.0719206 0.0672996 0.0615984 0.055251 0.0485839 0.0418371 0.0351993 0.0288403 0.0229222 0.0175909 0.0129603 0.00910201 0.00604149 0.00375405
 0.00868503 0.0141105 0.0212337 0.0299689 0.0399841 0.0505472 0.060501 0.0685481 0.0737303 0.0757439 0.0748864 0.0717666 0.0670392 0.0612761 0.0549293 0.0483288 0.0417 0.0351989 0.0289541 0.0230949 0.0177589 0.0130783 0.00915661 0.0060461 0.00373291
 0.00861131 0.0140031 0.0210957 0.0298131 0.0398316 0.0504239 0.0604324 0.0685536 0.0738155 0.0758947 0.0750681 0.0719327 0.0671469 0.0613015 0.054877 0.0482304 0.0416019 0.0351444 0.0289656 0.0231665 0.0178617 0.0131772 0.00922727 0.00608204 0.00374203
 0.00859163 0.0139767 0.0210667 0.0297892 0.0398229 0.0504405 0.0604818 0.0686388 0.0739343 0.0760385 0.0752214 0.0720732 0.0672483 0.0613401 0.0548399 0.0481223 0.0414468 0.0349787 0.0288253 0.0230736 0.017818 0.0131683 0.00923316 0.00608784 0.00374193
 0.0086288 0.0140226 0.0211095 0.0298103 0.0398039 0.0503732 0.0603754 0.0685194 0.0738354 0.0759884 0.0752336 0.0721435 0.0673578 0.0614611 0.0549433 0.0481857 0.041461 0.0349505 0.028774 0.0230216 0.0177814 0.0131515 0.00923098 0.00609168 0.0037454
 0.00854515 0.013911 0.0209854 0.0297007 0.0397364 0.0503611 0.0604083 0.0685677 0.0738674 0.0759888 0.0752113 0.0721241 0.0673672 0.0615111 0.0550271 0.0482831 0.0415489 0.0350127 0.0288064 0.023031 0.0177798 0.0131488 0.00923176 0.00609536 0.00374951
 0.00855206 0.0139022 0.0209371 0.0295834 0.0395286 0.0500668 0.0600673 0.0682469 0.0736334 0.0758796 0.075224 0.0722266 0.0675215 0.0616906 0.055219 0.0484802 0.0417416 0.0351882 0.0289529 0.0231431 0.0178594 0.0132029 0.00926796 0.00611947 0.0037651
 0.0086959 0.0141131 0.0212103 0.0298958 0.0398402 0.0503275 0.0602266 0.0682671 0.0735045 0.0756278 0.074906 0.0719082 0.0672531 0.0614945 0.0550925 0.0484088 0.0417092 0.0351808 0.0289587 0.0231529 0.0178672 0.0132068 0.0092688 0.00611906 0.00376464
 0.00865137 0.0140538 0.0211448 0.0298384 0.039805 0.0503192 0.0602345 0.0682664 0.0734667 0.0755348 0.074761 0.071738 0.0670987 0.0613952 0.0550714 0.0484662 0.0418268 0.0353317 0.0291171 0.0232991 0.0179895 0.0133007 0.00933542 0.0061628 0.00379127
 0.00877573 0.0142271 0.021353 0.030052 0.0399898 0.050451 0.0603092 0.0682968 0.0734683 0.0755119 0.0747028 0.0716284 0.0669317 0.0611849 0.0548498 0.0482697 0.041682 0.0352474 0.0290855 0.0233033 0.0180118 0.0133274 0.00935868 0.00617974 0.00380209
 0.00888072 0.0144291 0.021711 0.030631 0.0408325 0.0515415 0.0615479 0.0695117 0.0744662 0.0761425 0.0749008 0.0714133 0.0663799 0.0603967 0.0539277 0.0473087 0.040763 0.0344304 0.028405 0.0227688 0.0176135 0.0130448 0.00916767 0.00605735 0.00372831
 0.00844736 0.0137311 0.0206799 0.0292261 0.0390718 0.0495362 0.0595191 0.067759 0.0732824 0.0757121 0.0752406 0.0723869 0.0677659 0.0619661 0.0554956 0.0487533 0.0420221 0.0354871 0.0292693 0.0234615 0.0181558 0.0134552 0.00946362 0.0062578 0.00385427
 0.00868211 0.0140413 0.0210128 0.0294832 0.0391301 0.0492869 0.0589085 0.0668163 0.0721245 0.0745247 0.0742337 0.0717349 0.0675549 0.0621738 0.0560141 0.0494386 0.0427429 0.0361528 0.0298347 0.0239155 0.0185063 0.0137166 0.0096509 0.00638506 0.00393506
 0.00894478 0.0144926 0.0217298 0.0305342 0.0405357 0.050971 0.0606683 0.068347 0.0731094 0.0747503 0.0736706 0.0705413 0.0660087 0.0605722 0.0545867 0.0483041 0.0419147 0.0355783 0.0294406 0.0236398 0.018309 0.0135758 0.00955418 0.00632283 0.00389818
 0.00888967 0.0144465 0.021743 0.0306859 0.0409199 0.0516672 0.0617058 0.0696741 0.0745786 0.0761325 0.0747059 0.0710176 0.0658379 0.0598237 0.053456 0.047035 0.0407161 0.034575 0.0286702 0.0230812 0.0179174 0.0133076 0.00937531 0.00620848 0.00382938
 0.00868701 0.0141362 0.0213152 0.0301533 0.0403259 0.0510927 0.0612682 0.069509 0.074799 0.076778 0.0757053 0.0721923 0.0669505 0.0606556 0.0538808 0.0470523 0.0404321 0.034143 0.0282275 0.0227115 0.0176486 0.0131304 0.0092665 0.00614501 0.00379408
 0.00834231 0.0135458 0.0203758 0.0287634 0.0384249 0.0487173 0.0585978 0.0668643 0.0725771 0.0753463 0.0753005 0.0728603 0.06854 0.0628632 0.056335 0.0494124 0.0424666 0.0357587 0.0294443 0.0236071 0.0183062 0.0136123 0.00961214 0.00638149 0.003945
 0.00848337 0.0137713 0.0207021 0.0291872 0.0389057 0.0491601 0.0588547 0.0667709 0.0720229 0.0743463 0.0740224 0.0715802 0.0675451 0.0623486 0.0563428 0.0498371 0.0431161 0.0364377 0.0300188 0.0240257 0.0185812 0.0137837 0.00971872 0.00644919 0.00398803
 0.00855013 0.0139038 0.0209448 0.0295935 0.0395203 0.049991 0.0598457 0.0677905 0.072882 0.0748449 0.0740137 0.0710308 0.0665622 0.0611531 0.055193 0.0489357 0.042549 0.0361718 0.0299502 0.0240435 0.0186105 0.0137949 0.00971251 0.00643619 0.00397646
 0.00849304 0.0137883 0.0207328 0.0292459 0.0390188 0.0493671 0.0591958 0.0672581 0.0726046 0.0748894 0.0743391 0.0715031 0.0670156 0.0614653 0.0553349 0.0489691 0.0425783 0.0362803 0.0301611 0.0243223 0.0188979 0.0140411 0.00989466 0.00655578 0.00404765
 0.00864484 0.0140391 0.021114 0.0297792 0.0397001 0.0501485 0.0599796 0.0679179 0.073031 0.0750368 0.0742383 0.0712302 0.0666407 0.06102 0.0548193 0.0483861 0.0419617 0.0356942 0.0296716 0.023967 0.0186738 0.013917 0.00983225 0.00652518 0.00403177
 0.00852886 0.0138786 0.0209257 0.0295993 0.0395785 0.0501351 0.0601084 0.0681931 0.0734193 0.0754715 0.0746386 0.0715296 0.0668084 0.0610618 0.0547594 0.0482484 0.0417657 0.0354627 0.0294369 0.0237638 0.0185259 0.0138285 0.00979038 0.00651127 0.00403021
 0.00835935 0.0135697 0.0204035 0.0287861 0.0384258 0.048669 0.0584624 0.0665976 0.0721404 0.0747243 0.0745208 0.072004 0.067735 0.0622548 0.0560414 0.0494835 0.0428688 0.0363935 0.0301889 0.0243524 0.0189772 0.0141686 0.0100404 0.00668695 0.00414562
 0.00862955 0.0140072 0.0210525 0.0296697 0.0395221 0.0498843 0.0596231 0.0674828 0.0725574 0.0745907 0.0739016 0.071079 0.0667181 0.0613156 0.0552659 0.0488814 0.042406 0.0360259 0.0298838 0.0240947 0.0187648 0.0140042 0.00992388 0.00661263 0.00410326
 0.00901791 0.0146184 0.021934 0.0308499 0.0410015 0.051622 0.0615185 0.0693657 0.0742004 0.0757525 0.0743904 0.0708138 0.0657602 0.0598505 0.053541 0.0471293 0.0407905 0.0346293 0.0287259 0.0231631 0.0180372 0.0134576 0.0095343 0.00635289 0.00394319
#obs surv len freq
 nan nan nan nan nan nan nan nan nan nan nan nan nan nan nan nan nan nan nan nan nan nan nan nan nan
 0.00448271 0.00734309 0.0111721 0.0159875 0.0216876 0.0279628 0.0342768 0.0400084 0.0446887 0.0481535 0.0505126 0.0520097 0.0529032 0.0534167 0.0537319 0.0539875 0.0542665 0.0545596 0.0546986 0.0542906 0.0527286 0.0493604 0.0438098 0.0362892 0.0276721
 0.00461081 0.00755378 0.0114933 0.0164459 0.0223017 0.028733 0.0351757 0.0409777 0.0456476 0.049015 0.0511998 0.0524674 0.0531032 0.0533581 0.0534366 0.0534926 0.0536154 0.0537946 0.0538587 0.0534126 0.051851 0.0485263 0.0430634 0.0356683 0.0271976
 0.00477514 0.00782094 0.0118956 0.0170136 0.0230578 0.0296843 0.0363023 0.0422279 0.0469416 0.0502564 0.0522895 0.0533161 0.0536414 0.0535443 0.0532612 0.0529762 0.0528019 0.0527428 0.0526341 0.0520847 0.0504943 0.0472201 0.0418866 0.0346858 0.0264453
 0.00496138 0.00812745 0.0123637 0.0176839 0.0239617 0.0308315 0.0376676 0.0437472 0.0485215 0.0517909 0.0536755 0.0544607 0.0544648 0.0539827 0.0532726 0.0525462 0.0519479 0.0515123 0.0511011 0.0503455 0.0486634 0.0454237 0.0402494 0.0333098 0.0253877
 0.00517939 0.0084823 0.0128988 0.0184405 0.024972 0.0321068 0.0391856 0.0454461 0.0503062 0.053549 0.0552937 0.0558359 0.055509 0.0546242 0.0534567 0.0522377 0.051136 0.050218 0.0493841 0.0483076 0.0464463 0.0431977 0.0381893 0.0315613 0.0240357
 0.00539938 0.0088454 0.0134553 0.0192405 0.0260556 0.033488 0.0408373 0.0472951 0.0522446 0.0554561 0.0570542 0.0573489 0.0566891 0.0553994 0.0537673 0.0520369 0.0503945 0.0489329 0.0475925 0.0460999 0.0439724 0.0406564 0.0357973 0.0295067 0.0224342
 0.0056453 0.00924516 0.0140572 0.0200905 0.0271893 0.0349189 0.0425421 0.0492071 0.0542606 0.0574539 0.0589112 0.058955 0.0579529 0.0562485 0.0541445 0.0518967 0.049702 0.0476719 0.0457812 0.0438121 0.0413522 0.0379142 0.0331764 0.0272286 0.0206426
 0.00589505 0.00965546 0.0146825 0.0209836 0.0283908 0.0364401 0.0443491 0.0512162 0.0563525 0.059498 0.0607868 0.0605611 0.0592081 0.0570877 0.0545152 0.0517558 0.0490149 0.0464177 0.0439674 0.0414981 0.0386707 0.0350735 0.0304304 0.024818 0.0187313
 0.00613513 0.0100503 0.0152853 0.0218472 0.0295578 0.037927 0.0461293 0.0532133 0.0584497 0.0615599 0.0626823 0.0621783 0.0604606 0.0579134 0.0548706 0.0516083 0.0483381 0.0451933 0.0421991 0.0392355 0.0360334 0.0322586 0.0276876 0.0223918 0.0167943
 0.00636356 0.0104266 0.0158609 0.0226734 0.0306761 0.0393534 0.0478384 0.0551321 0.0604676 0.0635492 0.064518 0.0637509 0.0616817 0.0587171 0.0552118 0.0514578 0.0476765 0.0440103 0.0405022 0.0370706 0.0335092 0.0295572 0.0250443 0.0200421 0.014909
 0.00662568 0.0108492 0.0164904 0.0235508 0.0318301 0.0407887 0.0495228 0.0569919 0.0623961 0.0654256 0.0662262 0.0651914 0.0627759 0.0594078 0.0554606 0.0512406 0.0469795 0.0428291 0.0388493 0.0349919 0.0311057 0.0269958 0.022541 0.0178151 0.0131187
 0.00682893 0.011192 0.0170286 0.0243427 0.032922 0.0421938 0.0512021 0.0588508 0.0643032 0.0672431 0.0678359 0.0665053 0.0637344 0.0599729 0.0556093 0.0509599 0.0462631 0.0416778 0.0372785 0.0330465 0.0288784 0.0246365 0.0202431 0.0157736 0.0114776
 0.00705822 0.0115637 0.0175865 0.0251279 0.0339666 0.0435097 0.0527667 0.0605984 0.0661282 0.0690157 0.0694233 0.0677923 0.0646388 0.0604505 0.0556488 0.0505708 0.0454635 0.0404889 0.0357283 0.0311837 0.0267896 0.0224555 0.018139 0.0139159 0.00998972
 0.00726958 0.011911 0.0181157 0.0258827 0.0349784 0.0447824 0.054263 0.0622374 0.0678 0.0706037 0.0708232 0.0689193 0.065428 0.0608572 0.0556502 0.0501662 0.0446705 0.0393375 0.0342587 0.0294529 0.0248824 0.0204916 0.0162643 0.0122732 0.00868087
 0.00745048 0.0122086 0.0185699 0.0265328 0.0358548 0.0458942 0.0555843 0.063702 0.0693096 0.0720469 0.0720945 0.0699336 0.0661255 0.0612034 0.0556317 0.0497854 0.0439427 0.0382893 0.0329303 0.0279019 0.0231909 0.0187681 0.0146345 0.0108561 0.00755862
 0.00753321 0.0123471 0.0187863 0.026852 0.0363014 0.0464865 0.0563274 0.0645822 0.0702927 0.0730805 0.0731126 0.0708624 0.0668922 0.0617443 0.0558995 0.0497525 0.0436009 0.0376484 0.0320184 0.0267681 0.0219085 0.0174338 0.0133582 0.0097395 0.00667151
 0.00757873 0.0124156 0.0188801 0.0269715 0.0364488 0.0466693 0.0565604 0.0648855 0.0706856 0.0735733 0.0736983 0.0715127 0.0675577 0.0623602 0.0563954 0.0500639 0.0436788 0.0374668 0.0315777 0.0260976 0.0210662 0.0165028 0.0124344 0.00891306 0.00600575
 0.0076304 0.0124899 0.0189739 0.0270757 0.0365508 0.0467579 0.056631 0.0649435 0.070748 0.0736669 0.0738538 0.0717541 0.0678912 0.0627661 0.0568273 0.0504568 0.0439627 0.0375819 0.0314878 0.0257986 0.0205892 0.0159096 0.011805 0.00832668 0.00552118
 0.00773366 0.0126479 0.0191927 0.0273523 0.0368721 0.0471001 0.0569608 0.0652227 0.0709433 0.0737621 0.0738581 0.0717003 0.0678241 0.0627266 0.0568366 0.050508 0.0440216 0.0375979 0.031411 0.0255973 0.020262 0.0154877 0.0113433 0.00788645 0.00515146
 0.00778724 0.0127372 0.0193304 0.0275502 0.0371365 0.0474259 0.0573261 0.0655893 0.0712649 0.0739964 0.0739791 0.0717053 0.0677335 0.0625774 0.0566712 0.0503594 0.0439021 0.0374954 0.031295 0.0254345 0.020033 0.0151973 0.0110201 0.00757125 0.00488134
 0.00782683 0.0127978 0.0194152 0.0276606 0.0372734 0.0475907 0.0575199 0.0658099 0.0715024 0.0742311 0.0741829 0.0718488 0.0677959 0.0625543 0.0565767 0.0502205 0.0437475 0.0373431 0.0311466 0.025278 0.0198535 0.0149896 0.0107947 0.00735058 0.00468961
 0.0078414 0.012817 0.0194357 0.027677 0.0372801 0.047585 0.0575051 0.0657964 0.0715053 0.0742655 0.0742575 0.0719609 0.0679296 0.062685 0.0566804 0.0502824 0.0437659 0.0373256 0.0311024 0.0252113 0.0197637 0.0148766 0.0106646 0.00721696 0.00456868
 0.00786366 0.0128491 0.0194762 0.0277215 0.0373215 0.0476153 0.057517 0.0657858 0.0714737 0.0742214 0.0742164 0.0719396 0.0679406 0.0627305 0.0567502 0.0503584 0.0438294 0.0373637 0.0311103 0.0251898 0.0197163 0.0148081 0.0105822 0.00713042 0.00448902
 0.00787826 0.0128701 0.0195028 0.0277508 0.037349 0.0476357 0.0575254 0.0657779 0.0714476 0.0741787 0.0741629 0.0718861 0.0679003 0.0627152 0.0567659 0.0504023 0.0438901 0.0374256 0.0311587 0.0252152 0.0197156 0.0147838 0.0105407 0.00708084 0.00444037
 0.00790145 0.0129046 0.0195486 0.0278055 0.037408 0.0476929 0.0575739 0.0658109 0.0714592 0.0741658 0.0741263 0.0718308 0.0678352 0.0626517 0.0567152 0.0503725 0.0438832 0.0374367 0.0311777 0.025231 0.0197198 0.0147732 0.0105173 0.00705001 0.00440877
 0.00791862 0.0129287 0.0195779 0.0278356 0.0374336 0.0477091 0.0575777 0.0658019 0.071439 0.0741373 0.0740925 0.0717949 0.0678 0.0626204 0.0566915 0.0503602 0.0438851 0.0374525 0.0312033 0.0252592 0.0197427 0.0147854 0.0105174 0.00704078 0.00439481
 0.00789883 0.0128993 0.0195385 0.0277876 0.0373792 0.0476505 0.0575166 0.0657403 0.0713801 0.0740858 0.0740545 0.0717755 0.0678023 0.0626439 0.056733 0.0504152 0.0439493 0.037522 0.031274 0.0253259 0.0198001 0.0148289 0.0105454 0.00705472 0.00439864
 0.0078725 0.0128522 0.0194602 0.0276673 0.0372094 0.0474334 0.0572683 0.0654891 0.0711595 0.0739242 0.0739683 0.0717675 0.0678647 0.0627632 0.0568933 0.0506003 0.0441441 0.0377139 0.0314528 0.0254841 0.0199322 0.0149319 0.0106192 0.00710249 0.00442602
 0.00785125 0.0128157 0.0194016 0.0275782 0.0370819 0.0472619 0.0570534 0.0652407 0.0708979 0.0736782 0.0737698 0.0716439 0.0678322 0.0628226 0.0570316 0.0507961 0.0443731 0.0379532 0.0316835 0.0256921 0.0201082 0.0150712 0.0107216 0.00717169 0.00446851
 0.00785718 0.0128213 0.0194023 0.027567 0.03705 0.0472014 0.0569589 0.0651112 0.0707371 0.0734955 0.0735805 0.071469 0.0676953 0.0627448 0.0570256 0.050862 0.0444993 0.03812 0.0318684 0.0258743 0.0202717 0.0152062 0.0108241 0.00724302 0.00451372
 0.00783013 0.0127778 0.0193378 0.0274775 0.036933 0.047057 0.0567913 0.0649289 0.0705522 0.0733211 0.0734292 0.0713517 0.0676212 0.0627219 0.0570598 0.0509555 0.0446477 0.0383113 0.032084 0.0260929 0.0204735 0.0153767 0.0109564 0.0073369 0.00457449
 0.00781012 0.0127436 0.0192834 0.0273965 0.0368204 0.0469119 0.0566188 0.0647406 0.0703639 0.073149 0.0732865 0.0712477 0.0675614 0.0627091 0.0570953 0.051039 0.0447765 0.0384787 0.0322781 0.0262972 0.0206698 0.0155491 0.0110944 0.00743766 0.00464128
 0.00777022 0.0126786 0.0191854 0.0272586 0.0366383 0.0466867 0.05636 0.0644666 0.0700992 0.0729195 0.073114 0.0711464 0.0675364 0.0627574 0.0572082 0.0512049 0.0449831 0.0387135 0.032528 0.0265472 0.0209042 0.0157534 0.0112587 0.00755869 0.00472246
 0.00772454 0.0126044 0.019074 0.0271023 0.0364323 0.0464322 0.0560668 0.0641541 0.0697938 0.0726496 0.0729048 0.0710165 0.067496 0.0628073 0.0573405 0.0514055 0.0452339 0.0389954 0.0328221 0.0268358 0.0211705 0.0159836 0.0114437 0.00769548 0.00481492
 0.00934178 0.01487 0.021812 0.029924 0.0388492 0.0480352 0.0566692 0.0638189 0.0687526 0.0711834 0.0712567 0.0693589 0.0659364 0.0614071 0.0561307 0.0503961 0.0444207 0.038364 0.032352 0.0265027 0.0209487 0.0158467 0.0113669 0.00765734 0.00479879
 0.00930344 0.0151077 0.0226989 0.0319249 0.0423187 0.0529449 0.0624342 0.069393 0.0730006 0.0733289 0.0711381 0.0673716 0.0627583 0.0577084 0.0524076 0.0469428 0.0413779 0.0357801 0.0302269 0.0248118 0.0196531 0.0148975 0.0107073 0.00722665 0.00453678
 0.00898346 0.0146016 0.0219852 0.0310509 0.041455 0.0524238 0.0627102 0.0708797 0.0758211 0.0771302 0.0751341 0.0706418 0.0646313 0.0579954 0.0513719 0.0450838 0.0391966 0.0336427 0.0283403 0.0232605 0.0184477 0.0140095 0.0100893 0.00682296 0.00429129
 0.00880639 0.0143052 0.0215241 0.0303804 0.0405486 0.0513045 0.061492 0.0697965 0.0752089 0.0773349 0.0763565 0.0727892 0.0672832 0.0605389 0.0532505 0.0460104 0.0392116 0.0330141 0.0274005 0.0222811 0.0175916 0.0133427 0.0096147 0.00651122 0.00410221
 0.00873023 0.0141763 0.0213199 0.0300745 0.0401137 0.0507196 0.0607548 0.068939 0.0743163 0.0765578 0.0759012 0.0728658 0.0680135 0.0618644 0.054909 0.0476205 0.0404278 0.0336607 0.0275065 0.0220156 0.0171587 0.0129024 0.00925419 0.00625615 0.00394158
 0.00869136 0.0141097 0.0212129 0.0299123 0.0398811 0.0504043 0.0603511 0.0684512 0.073761 0.0759706 0.0753456 0.0724411 0.0678442 0.0620618 0.0555109 0.0485445 0.0414792 0.0346046 0.0281654 0.0223321 0.0171908 0.012767 0.00906432 0.00608487 0.00381813
 0.00868736 0.014101 0.0211953 0.0298794 0.0398244 0.050314 0.0602169 0.068264 0.0735152 0.0756669 0.0749964 0.0720765 0.0675178 0.0618485 0.055489 0.048762 0.0419189 0.0351743 0.0287293 0.0227684 0.0174403 0.0128438 0.00902865 0.00600371 0.00373826
 0.00868914 0.0141047 0.0212021 0.0298904 0.0398392 0.050329 0.0602245 0.0682525 0.0734706 0.0755763 0.0748518 0.0718795 0.0672836 0.0616098 0.0552948 0.0486667 0.0419618 0.0353567 0.0290059 0.023063 0.0176797 0.0129885 0.00908128 0.00599484 0.00370365
 0.00867906 0.0140903 0.0211844 0.0298715 0.0398223 0.0503175 0.0602202 0.0682551 0.0734761 0.0755766 0.074836 0.0718361 0.0672054 0.0614991 0.0551677 0.0485527 0.041896 0.0353663 0.0290949 0.0232072 0.0178366 0.0131173 0.00916068 0.00602668 0.00370423
 0.00867104 0.0140778 0.0211665 0.0298483 0.0397946 0.0502876 0.0601921 0.0682333 0.0734646 0.0755769 0.074845 0.0718463 0.0672069 0.0614828 0.0551302 0.0485001 0.0418445 0.0353371 0.0291045 0.0232583 0.0179153 0.0132004 0.00922736 0.0060673 0.00372122
 0.00865494 0.0140534 0.0211331 0.0298065 0.0397463 0.0502356 0.0601401 0.0681859 0.0734272 0.075554 0.0748396 0.0718581 0.0672318 0.0615133 0.0551575 0.0485181 0.0418531 0.0353429 0.0291182 0.0232878 0.0179612 0.0132545 0.0092779 0.00610516 0.00374367
 0.00864429 0.0140346 0.0211024 0.0297599 0.0396811 0.0501526 0.0600452 0.0680897 0.0733422 0.0754914 0.0748065 0.0718564 0.0672587 0.0615626 0.0552206 0.0485855 0.0419172 0.0354 0.0291692 0.0233364 0.0180102 0.0133032 0.00932215 0.00614037 0.00376755
 0.00864376 0.0140335 0.0211 0.0297548 0.0396714 0.0501355 0.0600175 0.0680494 0.0732898 0.0754314 0.0747469 0.0718067 0.0672272 0.0615534 0.0552332 0.0486155 0.0419577 0.0354445 0.0292132 0.0233781 0.0180493 0.0133396 0.00935454 0.00616675 0.00378657
 0.00864408 0.0140342 0.0211014 0.0297572 0.0396749 0.0501395 0.0600205 0.0680487 0.0732822 0.0754142 0.0747189 0.0717701 0.0671871 0.0615171 0.0552075 0.0486046 0.041962 0.0354612 0.0292377 0.0234063 0.018078 0.0133667 0.00937852 0.00618637 0.00380108
 0.00863308 0.0140187 0.0210824 0.0297373 0.0396573 0.050127 0.0600148 0.0680496 0.0732878 0.0754216 0.0747247 0.0717711 0.0671817 0.061506 0.0551939 0.0485931 0.041957 0.035465 0.0292502 0.023425 0.0180999 0.0133887 0.00939839 0.00620264 0.00381316
 0.00863308 0.0140187 0.0210824 0.0297373 0.0396573 0.050127 0.0600148 0.0680496 0.0732878 0.0754216 0.0747247 0.0717711 0.0671817 0.061506 0.0551939 0.0485931 0.041957 0.035465 0.0292502 0.023425 0.0180999 0.0133887 0.00939839 0.00620264 0.00381316
 0.0086329 0.014019 0.0210842 0.0297419 0.0396663 0.0501417 0.0600357 0.068076 0.0733174 0.0754504 0.074748 0.0717843 0.0671814 0.0614914 0.0551671 0.0485586 0.0419207 0.0354327 0.0292259 0.0234104 0.0180941 0.0133896 0.00940299 0.00620853 0.00381862
 0.00879695 0.0142771 0.0214553 0.0302346 0.0402739 0.0508356 0.0607614 0.0687565 0.0738686 0.0758025 0.0748629 0.0716618 0.0668531 0.0610093 0.0545909 0.0479457 0.0413198 0.0348802 0.0287456 0.0230145 0.0177849 0.0131613 0.00924462 0.00610588 0.0037569
 0.00834722 0.0135848 0.020489 0.0289991 0.0388178 0.049257 0.059208 0.0674116 0.0729131 0.0753647 0.0749824 0.0722842 0.0678554 0.0622385 0.0559 0.0492178 0.0424768 0.0358811 0.0295772 0.023681 0.0183 0.0135436 0.00951475 0.00628593 0.00386895
 0.00851733 0.0137993 0.0206973 0.0291165 0.0387489 0.0489338 0.0586228 0.0666261 0.072041 0.0745399 0.0743267 0.0718833 0.0677456 0.0624039 0.0562821 0.0497338 0.0430421 0.0364265 0.0300581 0.0240767 0.0186076 0.0137707 0.00967409 0.00639151 0.00393448
 0.008839 0.0143376 0.0215287 0.0303027 0.0402999 0.0507632 0.0605218 0.0682919 0.0731659 0.074921 0.0739351 0.0708573 0.0663232 0.0608381 0.0547767 0.0484148 0.0419596 0.0355757 0.029406 0.0235839 0.0182404 0.0135035 0.00948729 0.00626812 0.00385856
 0.00877379 0.0142691 0.0214976 0.0303763 0.0405621 0.0512914 0.0613562 0.0694053 0.0744453 0.0761737 0.0749308 0.0713993 0.0663175 0.0603246 0.0539043 0.0473778 0.0409323 0.0346732 0.0286776 0.0230305 0.0178377 0.0132206 0.00929562 0.00614419 0.00378313
 0.00868534 0.0141157 0.0212521 0.0300171 0.0400899 0.05075 0.0608455 0.0690674 0.0744204 0.0765415 0.0756651 0.0723628 0.067303 0.0611263 0.0543868 0.0475134 0.0407895 0.0343703 0.0283304 0.0227178 0.0175947 0.0130502 0.00918478 0.00607627 0.00374376
 0.00825302 0.0134199 0.0202209 0.0285962 0.0382634 0.0485701 0.0584596 0.066722 0.072425 0.0751994 0.0751964 0.0728451 0.0686465 0.0630938 0.0566579 0.0497712 0.042799 0.0360152 0.0296002 0.0236648 0.0182887 0.0135511 0.00953665 0.00631217 0.00389184
 0.00858176 0.0138921 0.0208131 0.0292385 0.0388483 0.0489726 0.0585616 0.0664377 0.0717288 0.0741514 0.0739494 0.0716188 0.0676694 0.0625317 0.0565619 0.0500689 0.0433341 0.036614 0.0301317 0.0240675 0.0185606 0.0137216 0.00964026 0.00637481 0.00392944
 0.00859164 0.0139572 0.0209977 0.0296217 0.0394898 0.0498654 0.0595978 0.0674181 0.072421 0.0743712 0.0736255 0.0708143 0.0665582 0.0613451 0.0555215 0.0493264 0.0429366 0.0365102 0.0302131 0.0242213 0.0187081 0.0138285 0.00970463 0.00640889 0.0039462
 0.00842011 0.0136836 0.0206007 0.029098 0.0388695 0.0492258 0.059062 0.0671226 0.0724563 0.0747261 0.0741758 0.071373 0.0669599 0.0615163 0.0554996 0.0492245 0.0428798 0.0365784 0.0304162 0.0245119 0.0190173 0.0140994 0.00990913 0.00654549 0.00402843
 0.00862812 0.0139913 0.0210057 0.0295747 0.039372 0.0496977 0.0594494 0.0673889 0.0725962 0.0747677 0.0741626 0.0713309 0.0668736 0.0613359 0.0551786 0.0487617 0.0423329 0.0360407 0.0299731 0.0242068 0.0188448 0.0140231 0.00988645 0.00654456 0.00403244
 0.00855118 0.0138976 0.0209216 0.029541 0.0394296 0.0498654 0.0597084 0.0676851 0.0728619 0.0749516 0.0742506 0.0713455 0.0668531 0.0613066 0.0551385 0.0486866 0.0422018 0.035858 0.0297715 0.0240294 0.0187218 0.0139598 0.00986819 0.00655015 0.004045
 0.00830398 0.0134955 0.0203201 0.0287099 0.0383719 0.0486406 0.0584439 0.0665589 0.0720513 0.0745725 0.0743232 0.0718044 0.0675877 0.0622029 0.0560997 0.0496355 0.0430767 0.0366152 0.030391 0.024516 0.0190962 0.0142455 0.0100829 0.00670511 0.00414941
 0.00872711 0.0141394 0.0212035 0.0298112 0.039624 0.0499312 0.0596236 0.0674658 0.0725545 0.0746166 0.0739461 0.0711148 0.0667186 0.0612701 0.0551835 0.0487829 0.0423109 0.0359444 0.0298157 0.0240351 0.0187093 0.0139517 0.00987603 0.00657208 0.00407191
