SBPRF35
12.7214
Curr Bio
1.19496e+06
B35
896989
F35
0.169691
FOFL
0
OFL
100
Bzero
3.63469e+06
#pred survey bio
 3.64249e+06 3.53525e+06 3.43398e+06 3.27053e+06 3.07245e+06 2.86541e+06 2.60875e+06 2.35887e+06 2.12132e+06 1.90288e+06 1.67779e+06 1.4872e+06 1.30158e+06 1.15456e+06 990885 862235 764849 694577 652085 621402 588529 570062 558834 557196 556472 554317 551912 552175 566251 567219 573710 576982 589088 597509 609941 620974 642202 657080 668462 683878 695961 696278 701183 713144 721032 730670 734750 734536 739076 756159 761079 902178 1.05142e+06 1.20173e+06 2.82681e+07 2.65852e+07 2.52102e+07 2.45294e+07 2.44379e+07 2.47288e+07 2.52152e+07 2.5764e+07 2.62951e+07 2.67682e+07 2.7169e+07 2.74976e+07 2.77611e+07 2.79695e+07 2.81329e+07 2.82604e+07 2.83596e+07 2.84367e+07 2.84968e+07 2.85437e+07 2.85805e+07 2.86093e+07 2.86321e+07 2.86501e+07 2.86645e+07 2.86759e+07 2.8685e+07 2.86923e+07 2.86981e+07 2.87028e+07 2.87066e+07 2.87097e+07 2.87122e+07 2.87142e+07 2.87158e+07 2.87171e+07 2.87182e+07 2.87191e+07 2.87198e+07 2.87204e+07 2.87209e+07 2.87213e+07 2.87216e+07 2.87219e+07 2.87221e+07 2.87222e+07 2.87224e+07 2.87225e+07 2.87226e+07 2.87227e+07 2.87227e+07 2.87228e+07 2.87228e+07 2.87229e+07 2.87229e+07 2.87229e+07 2.87229e+07 2.8723e+07 2.8723e+07 2.8723e+07 2.8723e+07 2.8723e+07 2.8723e+07 2.8723e+07 2.8723e+07 2.8723e+07 2.8723e+07 2.8723e+07 2.8723e+07 2.8723e+07 2.8723e+07 2.8723e+07 2.8723e+07 2.8723e+07 2.8723e+07 2.8723e+07 2.8723e+07 2.8723e+07 2.8723e+07 2.8723e+07 2.8723e+07 2.8723e+07 2.8723e+07 2.8723e+07 2.8723e+07 2.8723e+07 2.8723e+07 2.8723e+07 2.8723e+07 2.8723e+07 2.8723e+07 2.8723e+07 2.8723e+07 2.8723e+07 2.8723e+07 2.8723e+07 2.8723e+07 2.8723e+07 2.8723e+07 2.8723e+07 0 0 0 0 0 0 0 0 0 0 0 0 0 0 0 0 0 0 0 0 0 0 0 0 0
#obs survey bio
 3.41987e+06 4.00396e+06 3.83468e+06 4.28956e+06 2.85467e+06 2.08866e+06 2.96224e+06 1.67996e+06 2.2369e+06 1.88363e+06 1.45793e+06 1.09667e+06 1.22541e+06 1.47485e+06 950400 893036 661800 488142 588984 359653 440616 557494 598254 597991 510951 855703 548662 464141 792512 515032 600569 486847 650227 453010 547944 662709 756148 714482 690880 740974 734268 785961 667376 567524 638370 822520 818359 732546 632394 707947 831868 1.02854e+06 943570 1.6222e+06
#pred catch bio
 100315 98537.9 162015 204111 226315 288403 299652 304641 301173 317590 293717 293181 260043 272322 236869 205362 178543 152607 141187 140765 125612 116999 107080 105260 105665 105039 102304 91260.8 102782 98009.3 101003 94155.4 98137 95498.7 97527.3 90116 96901.4 100632 98017.4 101870 112078 107770 101978 105860 104527 109431 113248 109451 99625.3 111200 100.873 103.818 94.3205 102.29 186672 175280 164671 158373 156540 157531 159917 162763 165532 167963 169966 171548 172761 173671 174341 174828 175179 175430 175608 175734 175822 175884 175927 175958 175979 175994 176004 176011 176016 176019 176021 176023 176024 176025 176025 176026 176026 176026 176026 176026 176026 176026 176026 176026 176026 176026 176026 176026 176026 176026 176026 176026 176026 176026 176026 176026 176026 176026 176026 176026 176026 176026 176026 176026 176026 176026 176026 176026 176026 176026 176026 176026 176026 176026 176026 176026 176026 176026 176026 176026 176026 176026 176026 176026 176026 176026 176026 176026 176026 176026 176026 176026 176026 176026 176026 176026 176026 176026 176026 176026 0 0 0 0 0 0 0 0 0 0 0 0 0 0 0 0 0 0 0 0 0 0 0 0 0
#obs catch bio
 0 98152.8 162411 204157 226137 289646 301527 307921 303219 320924 296112 296006 262293 274348 237318 205786 179297 154096 142520 143759 127714 118501 107870 105631 106042 105369 102641 91727.4 103216 98179.6 101144 94422.7 98307.4 95874.3 97953.4 90280.7 97203.3 100878 98153.4 101678 112530 107742 101986 105914 104532 108948 112920 109615 99658.7 116935 95.7546 103.903 94.1816 102.247
#pred cpue bio
 3.58967e+06 3.48429e+06 3.38442e+06 3.22152e+06 3.02372e+06 2.81673e+06 2.5606e+06 2.31149e+06 2.07501e+06 1.85781e+06 1.63454e+06 1.44568e+06 1.26213e+06 1.117e+06 956115 829719 734048 665000 623225 593182 561300 543684 533200 531966 531446 529412 527176 527458 541179 542281 548682 551870 563668 571942 584121 594954 615714 630304 641479 656564 668348 668724 673650 685439 693233 702769 706782 706430 710810 727567 732279 870719 1.01885e+06 1.16885e+06 2.75849e+07 2.59645e+07 2.4485e+07 2.36602e+07 2.35116e+07 2.37874e+07 2.42704e+07 2.48185e+07 2.53494e+07 2.58226e+07 2.62234e+07 2.65519e+07 2.68154e+07 2.70239e+07 2.71873e+07 2.73147e+07 2.74139e+07 2.7491e+07 2.75511e+07 2.75981e+07 2.76348e+07 2.76637e+07 2.76864e+07 2.77045e+07 2.77188e+07 2.77302e+07 2.77393e+07 2.77466e+07 2.77524e+07 2.77571e+07 2.77609e+07 2.7764e+07 2.77665e+07 2.77685e+07 2.77701e+07 2.77715e+07 2.77725e+07 2.77734e+07 2.77742e+07 2.77747e+07 2.77752e+07 2.77756e+07 2.77759e+07 2.77762e+07 2.77764e+07 2.77766e+07 2.77767e+07 2.77768e+07 2.77769e+07 2.7777e+07 2.77771e+07 2.77771e+07 2.77772e+07 2.77772e+07 2.77772e+07 2.77773e+07 2.77773e+07 2.77773e+07 2.77773e+07 2.77773e+07 2.77773e+07 2.77773e+07 2.77773e+07 2.77773e+07 2.77773e+07 2.77773e+07 2.77774e+07 2.77774e+07 2.77774e+07 2.77774e+07 2.77774e+07 2.77774e+07 2.77774e+07 2.77774e+07 2.77774e+07 2.77774e+07 2.77774e+07 2.77774e+07 2.77774e+07 2.77774e+07 2.77774e+07 2.77774e+07 2.77774e+07 2.77774e+07 2.77774e+07 2.77774e+07 2.77774e+07 2.77774e+07 2.77774e+07 2.77774e+07 2.77774e+07 2.77774e+07 2.77774e+07 2.77774e+07 2.77774e+07 2.77774e+07 2.77774e+07 2.77774e+07 2.77774e+07 2.77774e+07 0 0 0 0 0 0 0 0 0 0 0 0 0 0 0 0 0 0 0 0 0 0 0 0 0
#obs cpue bio
 3.48598e+06 3.22712e+06 2.55807e+06 3.26869e+06 2.61004e+06 2.71053e+06 1.49511e+06 1.96255e+06 2.58942e+06 1.54408e+06 1.7949e+06 1.84777e+06 1.08818e+06 1.06362e+06 1.16187e+06 757307 710426 572204 593578 467993 642982 557820 552812 598902 551932 338424 513728 406263 506159 593224 579817 491504 601999 555944 648683 545137 512530 607483 603479 814868 429494 773289 635982 908176 757216 1.00469e+06 601064 489789 748412 846331 723452 896582 782278 1.21708e+06
#pred surv len freq
 0.00491537 0.00796802 0.011968 0.0168869 0.0225991 0.0288066 0.0350116 0.0406356 0.0452378 0.0486615 0.0510089 0.0525066 0.0533872 0.053836 0.0539839 0.0539201 0.05371 0.0533962 0.0529528 0.0521917 0.0506854 0.047826 0.043091 0.0364138 0.0284001
 0.00510394 0.00818844 0.012145 0.0169092 0.0223638 0.0282815 0.0342754 0.0398612 0.0446183 0.0483238 0.0509673 0.0526819 0.0536695 0.0541484 0.0543126 0.0543018 0.0541894 0.0539772 0.0535702 0.0527203 0.050989 0.0478219 0.0427927 0.0359248 0.0278626
 0.00528389 0.0084869 0.0125984 0.0175374 0.0231455 0.0291291 0.0350331 0.0403464 0.0447018 0.0480017 0.0503702 0.0520085 0.0530889 0.0537393 0.0540698 0.0541856 0.0541684 0.054033 0.0536718 0.0528018 0.0509588 0.0476051 0.0423768 0.0353732 0.0272845
 0.00550183 0.00883412 0.0131089 0.0182407 0.0240626 0.0302628 0.0363487 0.0417513 0.0460392 0.0490755 0.0510036 0.052113 0.0527037 0.0530102 0.0531801 0.0532843 0.0533365 0.05329 0.052997 0.0521505 0.0502763 0.0468501 0.0415494 0.0345261 0.0265037
 0.00577685 0.00926808 0.0137378 0.0190899 0.0251442 0.0315707 0.0378516 0.0433874 0.0477153 0.0506691 0.0523675 0.0530903 0.053161 0.0528837 0.0525067 0.052192 0.0519948 0.0518498 0.0515528 0.0507374 0.0488937 0.0454956 0.0402462 0.0333307 0.0254871
 0.00601615 0.00965844 0.0143275 0.0199243 0.0262561 0.0329667 0.0394981 0.0452072 0.0495997 0.0524977 0.0540222 0.0544563 0.0541236 0.0533354 0.0523716 0.0514583 0.0507308 0.0501891 0.0496522 0.0487356 0.0468941 0.0435757 0.0384781 0.0317889 0.0242364
 0.0062732 0.0100772 0.0149599 0.0208205 0.0274566 0.0344884 0.0413188 0.0472566 0.051765 0.0546413 0.0560017 0.0561392 0.0553945 0.0540962 0.0525429 0.0509885 0.0496142 0.0484828 0.0474774 0.0462584 0.0442966 0.0410342 0.0361495 0.0297998 0.0226663
 0.00652371 0.0104802 0.0155594 0.0216567 0.0285617 0.0358783 0.0429816 0.0491458 0.0538005 0.0567184 0.0580013 0.0579369 0.0568678 0.0551311 0.0530403 0.0508701 0.0488333 0.04704 0.0454375 0.0437573 0.0415307 0.0382329 0.0335388 0.027563 0.0209125
 0.00677592 0.0108853 0.0161602 0.0224907 0.0296555 0.0372387 0.0445861 0.0509385 0.0557002 0.058632 0.059836 0.0596034 0.058277 0.0561916 0.0536579 0.0509542 0.0483081 0.0458631 0.043623 0.0413966 0.038799 0.0353715 0.0308107 0.0251959 0.0190488
 0.00698666 0.0112309 0.016686 0.023241 0.0306659 0.0385229 0.0461226 0.0526659 0.0575265 0.0604536 0.0615551 0.0611367 0.0595556 0.0571539 0.0542416 0.0510903 0.0479242 0.0448979 0.0420537 0.0392695 0.0362512 0.0326251 0.0281336 0.0228366 0.0171734
 0.00726372 0.0116727 0.017335 0.0241325 0.0318223 0.0399464 0.047784 0.054499 0.059433 0.0623185 0.0632647 0.0625933 0.0606856 0.0579083 0.0545886 0.0510023 0.047368 0.0438359 0.0404629 0.0371745 0.0337559 0.0299224 0.0254759 0.0204733 0.0152811
 0.00750465 0.0120605 0.0179118 0.0249346 0.0328746 0.0412517 0.0493128 0.0561856 0.0611844 0.0640311 0.0648396 0.0639441 0.0617415 0.0586147 0.0549067 0.0509054 0.0468348 0.0428472 0.0390088 0.0352773 0.0314995 0.0274681 0.0230449 0.0182936 0.0135222
 0.00773235 0.012436 0.0184865 0.0257589 0.0339869 0.0426612 0.050983 0.058029 0.0630765 0.0658359 0.0664347 0.0652352 0.0626659 0.059138 0.0550149 0.0505967 0.0461113 0.0417121 0.0374714 0.0333701 0.0293018 0.0251213 0.020742 0.0162362 0.0118622
 0.0078614 0.012651 0.0188207 0.0262494 0.0346702 0.0435652 0.0521147 0.0593653 0.0645597 0.0673781 0.0679276 0.0665655 0.0637322 0.0598638 0.0553542 0.0505302 0.0456378 0.0408411 0.0362225 0.0317832 0.0274537 0.0231374 0.018788 0.014484 0.010443
 0.0082108 0.0131944 0.0195925 0.0272649 0.0359237 0.0450279 0.053731 0.0610524 0.0662169 0.0689025 0.0692283 0.0675708 0.0643892 0.0601387 0.0552318 0.0500135 0.044745 0.0396011 0.0346743 0.0299813 0.0254799 0.0211092 0.016851 0.0127837 0.00908521
 0.00854197 0.0137154 0.0203433 0.0282691 0.037182 0.0465104 0.0553697 0.0627427 0.0678344 0.0703294 0.0703752 0.0683839 0.064845 0.060233 0.0549713 0.049411 0.0438194 0.0383786 0.0331922 0.0282942 0.023667 0.0192774 0.0151264 0.0112869 0.00790017
 0.00885111 0.0141961 0.021026 0.0291673 0.0382911 0.0478048 0.0567991 0.0642293 0.0692795 0.0716285 0.0714356 0.0691376 0.0652547 0.06029 0.0546887 0.0488144 0.042939 0.0372467 0.0318468 0.026786 0.0220672 0.0176799 0.0136382 0.0100073 0.00689497
 0.00907609 0.0145514 0.0215406 0.0298602 0.0391664 0.0488463 0.057964 0.0654492 0.0704704 0.0727071 0.0723328 0.0698026 0.0656538 0.0604048 0.0545153 0.0483627 0.0422304 0.0363116 0.0307234 0.0255233 0.0207301 0.0163497 0.012405 0.00895235 0.00607037
 0.00917062 0.0147007 0.0217579 0.0301561 0.0395489 0.04932 0.0585274 0.0660909 0.0711672 0.0734247 0.0730283 0.0704292 0.0661651 0.060759 0.0546788 0.0483127 0.0419575 0.0358215 0.0300378 0.0246816 0.019789 0.0153816 0.0114889 0.00815888 0.00544558
 0.00911306 0.0146295 0.0216921 0.0301274 0.0395938 0.049467 0.0587866 0.0664525 0.0716081 0.0739179 0.0735478 0.0709491 0.0666563 0.061187 0.0550054 0.0485013 0.0419789 0.0356595 0.029694 0.0241782 0.0191694 0.0147066 0.0108272 0.00757317 0.00497815
 0.00908511 0.0145893 0.0216425 0.0300772 0.0395593 0.0494714 0.0588573 0.0666142 0.0718729 0.0742768 0.0739705 0.0713929 0.067078 0.0615523 0.0552895 0.0486847 0.0420442 0.0355923 0.0294885 0.0238428 0.0187318 0.0142118 0.0103302 0.00712632 0.00461802
 0.00905951 0.0145359 0.0215412 0.0299046 0.0392973 0.0491209 0.0584488 0.0662078 0.0715457 0.0741007 0.0739916 0.0716188 0.0674783 0.0620683 0.0558504 0.0492223 0.0425021 0.0359297 0.0296814 0.0238859 0.0186396 0.0140181 0.010082 0.00687228 0.00439672
 0.00907957 0.0145549 0.0215439 0.0298668 0.0391901 0.048919 0.0581408 0.0658045 0.0710843 0.0736433 0.0736151 0.0713969 0.0674606 0.0622646 0.0562277 0.0497151 0.0430308 0.0364192 0.0300739 0.0241481 0.0187649 0.0140244 0.0100045 0.00675325 0.00427376
 0.00913225 0.0146205 0.0216051 0.029894 0.0391478 0.0487766 0.057883 0.0654366 0.0706314 0.0731475 0.0731316 0.0709896 0.0671922 0.0621834 0.0563528 0.0500287 0.0434799 0.0369288 0.030566 0.0245596 0.0190597 0.014196 0.0100719 0.00674985 0.00423494
 0.00914801 0.01465 0.0216554 0.0299706 0.0392491 0.0488871 0.0579704 0.0654572 0.0705452 0.0729352 0.0728059 0.0705937 0.0667897 0.061843 0.0561335 0.0499661 0.0435774 0.0371561 0.0308676 0.0248716 0.0193274 0.0143877 0.0101821 0.00679348 0.00423661
 0.00910592 0.0145931 0.0215914 0.0299145 0.0392199 0.0489014 0.0580347 0.0655634 0.0706682 0.0730371 0.0728455 0.0705416 0.0666413 0.0616242 0.0558945 0.0497654 0.043463 0.0371502 0.030961 0.0250295 0.0195038 0.0145424 0.0102919 0.0068552 0.00426082
 0.00918494 0.0146964 0.0217013 0.030001 0.0392518 0.0488622 0.0579343 0.0654358 0.0705564 0.0729721 0.0728325 0.0705592 0.0666539 0.0616002 0.0558219 0.049658 0.0433537 0.037076 0.0309461 0.0250755 0.0195918 0.0146433 0.01038 0.00691668 0.00429488
 0.00918661 0.0147089 0.0217366 0.0300723 0.0393652 0.049007 0.058079 0.0655366 0.0705776 0.0729057 0.0727033 0.0704101 0.0665227 0.0615022 0.0557499 0.0495959 0.0432924 0.0370204 0.0309104 0.0250719 0.0196214 0.014695 0.010437 0.0069647 0.00432732
 0.00903144 0.0144706 0.0214052 0.0296515 0.0388747 0.0484838 0.0575751 0.0651107 0.0702785 0.0727578 0.0727019 0.070532 0.0667409 0.0617948 0.0560972 0.049975 0.0436765 0.0373848 0.0312393 0.0253596 0.0198677 0.0149001 0.0105995 0.00708427 0.00440713
 0.00907484 0.0145251 0.0214575 0.0296792 0.0388522 0.0483922 0.0574115 0.0648909 0.0700339 0.0725255 0.0725143 0.0704084 0.0666855 0.0618002 0.056152 0.0500681 0.0437979 0.0375239 0.0313848 0.0255013 0.0199981 0.0150141 0.0106938 0.00715667 0.00445787
 0.00906953 0.0145175 0.0214473 0.0296646 0.0388281 0.0483481 0.0573321 0.0647615 0.0698486 0.0722952 0.0722685 0.0701876 0.0665277 0.0617288 0.0561708 0.0501644 0.04395 0.0377085 0.0315812 0.0256926 0.0201718 0.015162 0.0108117 0.0072442 0.00451776
 0.00906854 0.0145183 0.0214529 0.0296791 0.0388552 0.0483886 0.0573813 0.0648075 0.0698736 0.0722798 0.0721988 0.070063 0.0663647 0.0615576 0.0560254 0.050071 0.0439199 0.0377373 0.0316542 0.0257912 0.0202782 0.0152624 0.010897 0.00731016 0.00456418
 0.00899247 0.0143989 0.0212818 0.0294529 0.0385783 0.0480756 0.0570586 0.0645109 0.0696399 0.0721352 0.0721511 0.0701008 0.0664649 0.0616965 0.0561872 0.0502504 0.0441177 0.0379537 0.0318834 0.0260209 0.0204932 0.015449 0.0110467 0.00742069 0.00463897
 0.00897004 0.0143603 0.0212197 0.0293591 0.0384454 0.0479001 0.0568445 0.0642717 0.0693979 0.0719182 0.0719861 0.0700074 0.0664499 0.0617531 0.0562992 0.0503993 0.0442888 0.0381381 0.0320751 0.0262132 0.0206766 0.0156127 0.0111817 0.00752276 0.00470932
 0.00890664 0.0142625 0.0210822 0.0291806 0.0382276 0.0476486 0.0565683 0.0639847 0.0691188 0.0716692 0.0717904 0.0698862 0.0664184 0.0618165 0.0564504 0.0506201 0.0445551 0.0384255 0.032363 0.0264861 0.0209228 0.015823 0.0113503 0.00764808 0.00479486
 0.00889928 0.0142433 0.0210403 0.0291017 0.0380987 0.0474633 0.0563327 0.0637168 0.068844 0.071413 0.0715738 0.0697247 0.0663237 0.0617969 0.0565095 0.0507545 0.0447529 0.0386672 0.0326259 0.026748 0.021165 0.0160322 0.0115186 0.0077735 0.00488076
 0.00880385 0.0140961 0.0208332 0.0288321 0.0377691 0.0470812 0.0559119 0.0632796 0.0684216 0.0710428 0.0712926 0.0695615 0.0662934 0.0618991 0.0567304 0.0510718 0.0451395 0.0390941 0.0330632 0.0271671 0.0215418 0.0163494 0.0117676 0.0079548 0.00500234
 0.00874531 0.0140056 0.0207058 0.0286663 0.0375668 0.0468474 0.0556547 0.0630097 0.0681516 0.0707859 0.071063 0.0693756 0.0661698 0.0618555 0.0567791 0.051215 0.0453678 0.0393878 0.033396 0.0275099 0.0218667 0.0166337 0.0119972 0.00812536 0.00511834
 0.00873113 0.0139795 0.0206608 0.0285945 0.037461 0.0467047 0.0554787 0.0628112 0.0679449 0.070585 0.070879 0.0692163 0.0660426 0.06177 0.0567472 0.0512481 0.0454722 0.0395606 0.0336233 0.0277691 0.0221309 0.0168777 0.0122022 0.00828211 0.00522721
 0.00871227 0.0139458 0.0206044 0.028506 0.0373318 0.04653 0.0552611 0.0625623 0.0676843 0.0703363 0.070665 0.0690548 0.0659437 0.0617363 0.0567767 0.0513374 0.0456179 0.0397579 0.0338628 0.0280349 0.0224013 0.0171295 0.0124164 0.00844783 0.00534347
 0.00859474 0.0137807 0.0204038 0.0282961 0.0371438 0.0463867 0.0551667 0.0625026 0.0676362 0.0702807 0.0705953 0.0689778 0.0658751 0.0616935 0.0567733 0.0513813 0.0457112 0.0398982 0.0340434 0.0282439 0.0226221 0.0173425 0.0126033 0.00859663 0.0054504
 0.00857159 0.0137397 0.020337 0.0281971 0.0370134 0.046238 0.055027 0.0624057 0.0676069 0.0703205 0.0706788 0.0690653 0.0659315 0.0617036 0.0567445 0.0513357 0.0456745 0.0398905 0.0340753 0.0283155 0.0227243 0.0174601 0.0127194 0.00869697 0.00552711
 0.00857849 0.0137413 0.0203216 0.0281475 0.0369113 0.0460717 0.0547986 0.062136 0.0673333 0.0700884 0.070528 0.0690159 0.065977 0.0618153 0.0568856 0.0514775 0.0458046 0.0400117 0.0341967 0.0284444 0.0228609 0.0175973 0.0128463 0.0088034 0.0056074
 0.00852637 0.0136621 0.0202122 0.0280075 0.0367411 0.0458706 0.0545653 0.0618715 0.0670467 0.0698012 0.0702744 0.0688358 0.0659037 0.0618627 0.057043 0.0517137 0.0460809 0.040295 0.034467 0.0286931 0.0230849 0.0177941 0.0130116 0.00893362 0.00570183
 0.0084747 0.0135845 0.0201073 0.0278785 0.0365945 0.0457146 0.0544075 0.0617174 0.0668985 0.0696582 0.0701361 0.0687076 0.0658003 0.0618064 0.0570548 0.0518033 0.0462411 0.0405046 0.0346991 0.0289241 0.0232986 0.0179807 0.013166 0.00905348 0.00578806
 0.00849427 0.0136011 0.0201048 0.0278335 0.0364844 0.0455283 0.0541544 0.061427 0.0666104 0.0694081 0.0699454 0.0685816 0.0657343 0.0617938 0.0570935 0.0518953 0.0463879 0.0407006 0.0349294 0.0291674 0.0235331 0.018189 0.0133375 0.00918443 0.00588037
 0.00854778 0.0136857 0.0202262 0.0279921 0.0366714 0.0457219 0.0543195 0.0615225 0.0666037 0.0692894 0.0697333 0.0683151 0.0654571 0.0615408 0.0568859 0.0517438 0.0462972 0.0406711 0.0349564 0.0292392 0.0236326 0.0182974 0.0134389 0.00926839 0.00594276
 0.0085085 0.0136417 0.0201965 0.0280064 0.0367608 0.0459056 0.0545921 0.0618499 0.0669299 0.069552 0.0698811 0.0683222 0.0653294 0.0613115 0.056603 0.051455 0.0460397 0.0404679 0.034817 0.0291621 0.0236076 0.0183091 0.0134703 0.00930527 0.00597557
 0.00849686 0.0136124 0.0201347 0.0278962 0.0365947 0.0456959 0.0543772 0.0616865 0.0668713 0.0696224 0.0700624 0.0685613 0.0655602 0.0614814 0.0566885 0.0514636 0.0459993 0.0404124 0.0347741 0.029147 0.0236228 0.0183474 0.01352 0.00935474 0.00601675
 0.00853398 0.0136522 0.0201565 0.0278669 0.0364772 0.0454626 0.0540244 0.0612431 0.0663973 0.0691973 0.0697642 0.0684422 0.0656289 0.061701 0.0569936 0.0517869 0.0462937 0.0406591 0.0349764 0.0293179 0.0237733 0.0184815 0.0136358 0.00944823 0.00608584
 0.00840049 0.0134835 0.0199901 0.0277624 0.0364933 0.0456244 0.0543003 0.0615494 0.0666328 0.0692878 0.069693 0.0682515 0.0653949 0.061499 0.0568693 0.0517468 0.0463146 0.0407083 0.035029 0.0293637 0.0238131 0.0185194 0.0136734 0.00948366 0.00611587
 0.00750263 0.0120777 0.0179813 0.0251168 0.0332644 0.0419809 0.0505414 0.0580757 0.0638582 0.0675261 0.0690807 0.0687443 0.0668242 0.0636412 0.0594948 0.0546402 0.0492809 0.0435769 0.0376621 0.0316636 0.0257255 0.0200303 0.0148022 0.0102754 0.00663269
 0.00691884 0.0111294 0.0165564 0.0231139 0.0306166 0.0386945 0.0467387 0.0540178 0.059924 0.0641474 0.0666549 0.0675505 0.066968 0.0650454 0.0619361 0.0578137 0.0528624 0.0472663 0.041206 0.0348668 0.028457 0.022225 0.0164574 0.0114405 0.00739273
 0.00628765 0.0101586 0.0151953 0.0213438 0.0284409 0.0361278 0.0438102 0.0507917 0.0565266 0.0607874 0.0636219 0.065184 0.0655942 0.0648968 0.0630856 0.06015 0.0561175 0.0510792 0.045196 0.0386934 0.0318589 0.0250394 0.0186224 0.0129838 0.00840688
#obs surv len freq
 nan nan nan nan nan nan nan nan nan nan nan nan nan nan nan nan nan nan nan nan nan nan nan nan nan
 0.00448419 0.00734515 0.0111745 0.01599 0.0216896 0.027964 0.0342771 0.0400078 0.0446875 0.048152 0.0505111 0.0520084 0.0529021 0.0534158 0.0537312 0.0539869 0.0542661 0.0545592 0.0546982 0.0542902 0.0527282 0.0493602 0.0438095 0.036289 0.027672
 0.00461156 0.00755465 0.011494 0.0164458 0.0223 0.0287293 0.0351696 0.0409694 0.0456378 0.0490047 0.0511903 0.0524599 0.0530984 0.0533563 0.0534377 0.053496 0.0536205 0.053801 0.0538658 0.0534201 0.0518586 0.0485335 0.0430698 0.0356737 0.0272017
 0.00477379 0.0078198 0.0118957 0.0170166 0.0230651 0.0296963 0.036318 0.0422447 0.0469563 0.0502662 0.0522931 0.0533137 0.0536346 0.0535349 0.0532511 0.0529666 0.0527936 0.0527359 0.0526283 0.0520798 0.05049 0.0472163 0.0418834 0.0346832 0.0264433
 0.0049651 0.00813281 0.0123706 0.0176919 0.0239706 0.0308416 0.0376799 0.0437628 0.0485405 0.051812 0.0536956 0.0544761 0.0544726 0.053982 0.0532641 0.0525323 0.0519309 0.0514942 0.0510832 0.0503284 0.0486474 0.0454092 0.0402368 0.0332995 0.0253799
 0.00517978 0.00848412 0.0129036 0.0184504 0.0249887 0.0321307 0.0392154 0.0454787 0.050338 0.0535776 0.0553176 0.0558543 0.0555211 0.0546288 0.0534526 0.0522248 0.0511153 0.0501918 0.0493548 0.0482773 0.0464167 0.0431703 0.0381653 0.0315416 0.0240209
 0.00540893 0.00885938 0.0134736 0.0192623 0.0260797 0.0335142 0.0408659 0.0473267 0.0522792 0.055492 0.0570881 0.0573771 0.0567084 0.0554082 0.0537647 0.0520233 0.0503704 0.0489 0.0475529 0.0460565 0.0439281 0.0406142 0.0357597 0.0294757 0.0224107
 0.00565262 0.00925798 0.0140781 0.0201219 0.027233 0.0349741 0.042605 0.0492713 0.0543195 0.0575025 0.0589473 0.0589789 0.0579654 0.0562497 0.0541342 0.0518745 0.0496681 0.0476272 0.0457277 0.0437525 0.0412903 0.0378541 0.0331222 0.0271835 0.0206082
 0.0059015 0.00966686 0.0147014 0.021013 0.0284336 0.0364983 0.0444222 0.0513006 0.0564415 0.0595829 0.0608587 0.0606132 0.0592369 0.0570931 0.0544996 0.0517221 0.048966 0.0463558 0.0438951 0.0414185 0.038588 0.0349928 0.0303572 0.0247568 0.0186844
 0.00614211 0.0100605 0.0152986 0.0218631 0.029576 0.0379481 0.0461552 0.0532467 0.0584929 0.061613 0.0627422 0.0622389 0.0605142 0.0579527 0.0548907 0.0516076 0.0483173 0.0451549 0.0421465 0.0391725 0.0359645 0.0321893 0.0276233 0.0223372 0.0167521
 0.0063711 0.0104381 0.0158768 0.0226933 0.030699 0.0393777 0.0478621 0.0551537 0.0604869 0.0635675 0.0645383 0.0637758 0.0617114 0.0587487 0.0552396 0.0514755 0.0476793 0.0439959 0.0404712 0.037026 0.0334556 0.0295002 0.0249897 0.0199947 0.0148719
 0.00661479 0.0108359 0.0164784 0.0235462 0.0318391 0.0408151 0.0495657 0.0570453 0.0624515 0.0654748 0.0662645 0.0652181 0.0627936 0.05942 0.0554693 0.0512454 0.0469777 0.0428172 0.0388248 0.034955 0.0310592 0.0269444 0.0224904 0.0177704 0.0130833
 0.00683141 0.0111937 0.0170274 0.0243359 0.0329082 0.0421753 0.0511855 0.0588454 0.0643167 0.0672775 0.0678858 0.0665605 0.0637846 0.0600115 0.0556346 0.0509733 0.0462665 0.041672 0.0372632 0.0330213 0.0288446 0.0245972 0.0202028 0.015737 0.0114479
 0.00707499 0.0115896 0.017623 0.0251746 0.0340212 0.0435673 0.0528205 0.0606413 0.0661558 0.0690283 0.0694256 0.0677906 0.0646368 0.0604478 0.0556423 0.0505571 0.0454413 0.0404584 0.0356906 0.0311402 0.0267421 0.0224065 0.0180922 0.0138748 0.00995706
 0.00727401 0.0119196 0.0181313 0.0259084 0.0350169 0.0448343 0.0543253 0.0623033 0.0678604 0.07065 0.0708499 0.0689259 0.0654184 0.0608374 0.0556255 0.0501393 0.0446414 0.039305 0.0342221 0.0294122 0.024839 0.0204478 0.0162231 0.0122373 0.00865252
 0.00743975 0.01219 0.0185402 0.0264888 0.0357957 0.045823 0.0555095 0.0636361 0.0692654 0.0720326 0.0721109 0.0699745 0.0661814 0.061265 0.0556922 0.0498413 0.0439919 0.0383305 0.032962 0.0279234 0.0232023 0.018771 0.0146313 0.0108497 0.00755144
 0.00752635 0.0123351 0.0187669 0.0268222 0.0362584 0.0464286 0.0562553 0.0645003 0.0702097 0.0730081 0.0730628 0.0708442 0.0669081 0.0617902 0.0559661 0.0498291 0.0436778 0.0377192 0.032079 0.0268166 0.0219444 0.017458 0.0133726 0.00974668 0.00667412
 0.00761089 0.0124647 0.0189478 0.0270567 0.036547 0.0467725 0.0566573 0.0649624 0.0707295 0.0735759 0.0736594 0.0714405 0.0674665 0.062266 0.0563111 0.0499963 0.0436288 0.0374311 0.0315517 0.0260769 0.0210481 0.0164859 0.0124188 0.00889935 0.00599466
 0.00767766 0.0125683 0.0190943 0.0272477 0.0367789 0.0470364 0.0569395 0.065248 0.0710079 0.0738456 0.0739283 0.0717196 0.0677596 0.0625619 0.0565814 0.0501991 0.0437172 0.0373636 0.0313028 0.0256471 0.020468 0.0158148 0.0117331 0.0082742 0.005485
 0.00771435 0.0126254 0.0191753 0.0273541 0.0369097 0.047188 0.0571055 0.0654191 0.0711744 0.0740005 0.074071 0.0718562 0.0679007 0.0627157 0.0567463 0.0503587 0.0438399 0.0374094 0.0312351 0.0254454 0.0201383 0.0153917 0.011272 0.00783585 0.00511754
 0.00778399 0.0127277 0.0193092 0.0275115 0.0370779 0.0473538 0.0572579 0.065551 0.0712816 0.0740817 0.0741275 0.0718928 0.0679249 0.0627372 0.0567733 0.0503931 0.0438727 0.0374196 0.0311946 0.0253294 0.0199374 0.0151186 0.0109603 0.00752885 0.00485328
 0.00781567 0.0127784 0.0193833 0.0276113 0.0372017 0.0474935 0.0573986 0.0656739 0.0713699 0.0741278 0.0741355 0.0718758 0.0678988 0.0627155 0.0567639 0.050398 0.0438872 0.0374319 0.0311864 0.0252807 0.0198348 0.014963 0.010769 0.00733007 0.00467523
 0.00785413 0.012836 0.0194609 0.0277067 0.0373105 0.0476105 0.0575181 0.0657888 0.0714712 0.0742048 0.0741789 0.0718811 0.0678696 0.0626625 0.0567012 0.0503384 0.0438376 0.0373913 0.0311462 0.0252279 0.0197575 0.0148569 0.0106409 0.00719566 0.00455273
 0.00786553 0.0128539 0.0194867 0.0277408 0.0373522 0.0476574 0.0575665 0.0658345 0.0715109 0.0742372 0.0742045 0.0719003 0.0678818 0.0626663 0.0566966 0.0503274 0.0438241 0.0373776 0.0311308 0.0252051 0.0197201 0.0148007 0.010568 0.00711496 0.00447599
 0.00791018 0.0129189 0.0195704 0.0278368 0.0374512 0.0477501 0.0576459 0.0658961 0.0715524 0.0742578 0.0742045 0.071882 0.0678488 0.0626227 0.0566464 0.0502739 0.0437701 0.0373252 0.0310809 0.0251565 0.0196696 0.0147457 0.0105085 0.00705465 0.00442085
 0.0078841 0.0128808 0.019521 0.0277791 0.0373891 0.0476869 0.0575834 0.0658357 0.071497 0.0742136 0.0741798 0.0718843 0.067881 0.0626819 0.0567247 0.0503612 0.0438567 0.0374039 0.0311465 0.0252057 0.0197008 0.0147585 0.010505 0.0070394 0.00440005
 0.00789217 0.0128853 0.0195121 0.0277437 0.0373152 0.0475706 0.0574335 0.065673 0.0713471 0.0740977 0.0741097 0.0718624 0.067904 0.0627437 0.0568174 0.0504751 0.0439806 0.0375263 0.0312576 0.0252984 0.019771 0.0148054 0.0105307 0.00704846 0.00439845
 0.00788947 0.0128798 0.0195012 0.0277231 0.0372785 0.0475095 0.0573402 0.0655439 0.0711875 0.0739243 0.0739484 0.0717402 0.0678408 0.0627466 0.056881 0.0505857 0.0441206 0.0376782 0.0314059 0.0254309 0.0198795 0.0148863 0.0105848 0.00708004 0.00441365
 0.00790232 0.012898 0.0195235 0.0277463 0.037298 0.04752 0.0573361 0.0655194 0.0711374 0.0738457 0.0738434 0.071619 0.067721 0.062649 0.0568233 0.0505765 0.0441578 0.0377507 0.0314984 0.0255275 0.0199676 0.0149577 0.0106364 0.00711302 0.00443189
 0.00788775 0.0128775 0.0194986 0.0277201 0.037274 0.0475004 0.0573204 0.0655045 0.0711188 0.0738193 0.0738067 0.0715718 0.0676664 0.0625942 0.0567788 0.0505538 0.0441653 0.0377901 0.0315637 0.0256074 0.0200491 0.01503 0.010693 0.00715226 0.00445596
 0.00786591 0.0128392 0.0194361 0.0276259 0.0371438 0.0473376 0.057139 0.0653275 0.0709715 0.0737206 0.0737638 0.0715801 0.0677135 0.0626666 0.0568657 0.0506497 0.0442689 0.037902 0.0316826 0.0257284 0.0201642 0.0151307 0.0107732 0.00721003 0.00449337
 0.00784856 0.0128084 0.0193852 0.0275466 0.0370286 0.0471822 0.0569462 0.0651095 0.0707495 0.0735216 0.0736144 0.0715001 0.0677105 0.0627343 0.0569879 0.0508063 0.0444419 0.0380785 0.0318544 0.0258896 0.0203092 0.015254 0.0108709 0.00728115 0.00454048
 0.00779737 0.012727 0.0192661 0.0273845 0.0368212 0.0469326 0.0566645 0.0648137 0.0704636 0.0732719 0.0734257 0.0713925 0.0676965 0.062816 0.0571558 0.0510405 0.0447165 0.0383671 0.0321349 0.026146 0.0205312 0.0154359 0.011011 0.00738146 0.00460658
 0.00776102 0.0126639 0.019164 0.0272301 0.0366044 0.0466519 0.0563321 0.0644556 0.0701145 0.0729668 0.0731929 0.0712507 0.0676554 0.0628769 0.0573123 0.0512782 0.0450136 0.0386969 0.0324694 0.0264605 0.0208074 0.0156628 0.0111851 0.00750556 0.00468813
 0.00773775 0.0126224 0.0190947 0.0271213 0.0364447 0.0464337 0.0560561 0.0641337 0.06977 0.0726309 0.0729001 0.0710324 0.0675345 0.0628648 0.057408 0.0514701 0.0452821 0.0390162 0.0328106 0.026795 0.0211105 0.0159175 0.0113832 0.00764786 0.00478203
 0.00769297 0.0125518 0.0189921 0.0269824 0.0362668 0.0462166 0.0558034 0.063854 0.0694771 0.0723434 0.0726399 0.070823 0.0673983 0.0628193 0.0574624 0.0516228 0.0455206 0.0393187 0.0331492 0.0271393 0.0214322 0.0161945 0.0116028 0.00780781 0.00488858
 0.00768909 0.0125426 0.0189729 0.0269469 0.0362084 0.0461306 0.0556887 0.0637131 0.0693152 0.0721667 0.0724559 0.0706417 0.0672336 0.0626892 0.0573863 0.0516165 0.0455916 0.0394633 0.0333519 0.0273762 0.0216755 0.0164188 0.01179 0.00794943 0.00498564
 0.00766193 0.0125021 0.0189187 0.0268806 0.0361322 0.0460464 0.0555966 0.0636126 0.0692065 0.0720521 0.0723396 0.0705297 0.0671328 0.0626074 0.057333 0.0516028 0.0456277 0.0395545 0.033495 0.027558 0.0218754 0.0166134 0.0119596 0.00808224 0.00507919
 0.00763412 0.0124593 0.0188588 0.0268038 0.0360413 0.0459466 0.0554956 0.0635189 0.0691268 0.0719888 0.0722907 0.0704902 0.0670984 0.0625774 0.057311 0.0515963 0.0456461 0.0396064 0.0335845 0.0276816 0.0220214 0.0167649 0.0120987 0.00819603 0.00516224
 0.0076252 0.0124439 0.0188341 0.0267666 0.0359895 0.0458802 0.0554179 0.0634367 0.0690487 0.0719227 0.0722413 0.0704577 0.0670794 0.0625671 0.0573058 0.0515964 0.0456559 0.0396328 0.0336339 0.0277564 0.0221173 0.0168715 0.0122028 0.00828562 0.00523047
 0.00760134 0.0124076 0.018784 0.0267032 0.0359143 0.0457956 0.0553271 0.063344 0.06896 0.0718452 0.0721822 0.0704227 0.0670707 0.0625828 0.0573407 0.0516441 0.0457118 0.0396957 0.0337052 0.0278379 0.0222082 0.0169666 0.0122939 0.0083642 0.0052911
 0.00757561 0.0123679 0.0187285 0.0266316 0.0358287 0.0457002 0.0552283 0.0632495 0.0688774 0.0717803 0.072138 0.0704001 0.0670695 0.0626022 0.057379 0.0516985 0.0457781 0.03977 0.0337848 0.0279211 0.0222935 0.0170509 0.0123722 0.00843122 0.00534299
 0.00756133 0.0123424 0.018686 0.026566 0.0357353 0.045579 0.0550863 0.0631007 0.0687392 0.0716688 0.0720639 0.0703671 0.0670757 0.0626419 0.0574453 0.0517843 0.0458771 0.0398762 0.0338934 0.0280279 0.022395 0.0171439 0.0124533 0.00849735 0.00539269
 0.00754742 0.0123211 0.0186562 0.026527 0.0356861 0.0455179 0.0550111 0.0630103 0.0686362 0.0715607 0.0719629 0.0702869 0.0670274 0.0626311 0.0574713 0.0518415 0.0459575 0.0399714 0.0339956 0.0281306 0.0224929 0.0172324 0.012529 0.00855793 0.0054375
 0.00752184 0.0122815 0.0186004 0.0264545 0.0355986 0.0454192 0.0549071 0.0629084 0.068543 0.0714809 0.0718989 0.0702406 0.0670017 0.0626301 0.0574988 0.0518983 0.0460405 0.0400739 0.0341088 0.0282459 0.0226023 0.0173299 0.0126104 0.00862134 0.00548317
 0.00752387 0.0122812 0.0185936 0.0264352 0.0355609 0.04536 0.0548284 0.0628171 0.0684494 0.0713949 0.0718274 0.0701871 0.0669666 0.0626136 0.0575014 0.0519215 0.0460851 0.0401386 0.0341893 0.0283353 0.0226926 0.0174136 0.0126819 0.00867764 0.00552383
 0.00752268 0.0122835 0.0186044 0.0264608 0.0356057 0.0454225 0.054899 0.0628794 0.0684862 0.0713952 0.0717899 0.0701198 0.0668823 0.0625252 0.0574196 0.051854 0.0460372 0.0401134 0.034187 0.0283528 0.0227243 0.0174524 0.0127209 0.00871166 0.00555013
 0.00749882 0.0122467 0.018553 0.0263956 0.0355311 0.0453469 0.0548341 0.0628375 0.068475 0.0714134 0.0718275 0.0701619 0.0669165 0.0625458 0.0574285 0.0518576 0.0460429 0.040127 0.0342116 0.0283884 0.022768 0.0174991 0.0127653 0.00874923 0.00557862
 0.0075006 0.0122445 0.0185405 0.0263642 0.0354727 0.0452584 0.0547207 0.0627137 0.0683608 0.0713285 0.071785 0.0701643 0.0669558 0.0626076 0.0574976 0.0519236 0.046102 0.0401804 0.0342628 0.02844 0.0228202 0.01755 0.0128114 0.00878746 0.00560731
 0.00749903 0.0122466 0.0185518 0.0263913 0.0355196 0.0453223 0.0547895 0.0627683 0.0683831 0.0713097 0.0717303 0.0700897 0.0668808 0.0625466 0.0574562 0.0518994 0.0460892 0.040174 0.034261 0.0284431 0.0228291 0.0175641 0.0128285 0.00880467 0.00562208
 0.00749903 0.0122466 0.0185518 0.0263913 0.0355196 0.0453223 0.0547895 0.0627683 0.0683831 0.0713097 0.0717303 0.0700897 0.0668808 0.0625466 0.0574562 0.0518994 0.0460892 0.040174 0.034261 0.0284431 0.0228291 0.0175641 0.0128285 0.00880467 0.00562208
 0.00669527 0.0109675 0.0166841 0.023865 0.0323415 0.041617 0.0508312 0.0589645 0.0651932 0.0691268 0.0707841 0.0704126 0.068334 0.064879 0.0603679 0.0550947 0.0493121 0.0432272 0.0370082 0.0308033 0.0247659 0.0190772 0.0139466 0.00957973 0.00612152
 0.0064734 0.0105267 0.0158736 0.0224972 0.0302401 0.0386943 0.0471616 0.0548125 0.0609761 0.0653305 0.0678654 0.0687151 0.06803 0.0659468 0.0626102 0.0581921 0.052895 0.0469411 0.0405593 0.0339799 0.0274408 0.0211992 0.0155277 0.01068 0.00683135
 0.00633381 0.0103086 0.0155545 0.0220431 0.0295882 0.0377392 0.0457631 0.0528395 0.0583812 0.0622224 0.0645374 0.0656024 0.0656062 0.0646008 0.0625488 0.0593997 0.0551541 0.0499009 0.0438237 0.0371867 0.0303149 0.0235744 0.0173442 0.0119643 0.00766769
#pred catch len freq
 0.00435715 0.00688701 0.010032 0.0137114 0.0178779 0.0224998 0.0274918 0.0326753 0.037809 0.0426479 0.0469827 0.0506598 0.0535953 0.0557797 0.0572661 0.0581518 0.0585611 0.0586156 0.0583605 0.0576478 0.0560475 0.0529149 0.0476885 0.0403036 0.0314356
 0.00453679 0.00710876 0.0102392 0.0138169 0.0177985 0.0222053 0.0270363 0.0321844 0.0374235 0.0424576 0.0469919 0.0508035 0.0537905 0.0559767 0.0574725 0.0584185 0.0589401 0.0591107 0.0588984 0.0580902 0.0562457 0.0527811 0.0472426 0.0396652 0.0307653
 0.00473394 0.00742128 0.0106893 0.0144054 0.0184893 0.0229119 0.0276258 0.0325149 0.0374069 0.0421131 0.0464463 0.0502301 0.0533261 0.0556751 0.0573169 0.0583701 0.0589752 0.0592186 0.0590512 0.0582179 0.0562478 0.0525745 0.0468125 0.0390803 0.0301455
 0.00497543 0.00779602 0.0112216 0.0151101 0.0193729 0.0239696 0.0288284 0.0337869 0.0386142 0.0430791 0.0470056 0.0502973 0.0529381 0.0549727 0.0564774 0.0575357 0.0582209 0.0585593 0.0584622 0.0576492 0.0556375 0.0518736 0.046016 0.0382422 0.0293579
 0.00526979 0.00824994 0.0118599 0.0159425 0.0203972 0.0251762 0.0301992 0.0352883 0.0401857 0.0446217 0.0483776 0.0513285 0.053472 0.0549233 0.0558683 0.0564933 0.05692 0.0571578 0.0570583 0.0562771 0.0542917 0.0505454 0.0447246 0.0370438 0.0283279
 0.00556701 0.00871623 0.0125309 0.016842 0.0215362 0.0265504 0.0317839 0.0370334 0.0420169 0.0464458 0.0500856 0.0527958 0.0545598 0.0554946 0.0558217 0.0558018 0.0556503 0.0554521 0.0550872 0.0541918 0.0522036 0.0485361 0.0428692 0.0354208 0.0270068
 0.00586437 0.00918431 0.0132082 0.0177582 0.0227118 0.0279951 0.0334884 0.0389597 0.044092 0.048564 0.0521178 0.0546022 0.0560015 0.056442 0.0561637 0.0554606 0.0546047 0.0537564 0.0528707 0.0516351 0.049505 0.0458857 0.0404345 0.0333362 0.0253576
 0.00616021 0.00964582 0.0138683 0.0186389 0.0238273 0.0293534 0.035088 0.0407809 0.0460886 0.0506586 0.0542031 0.0565469 0.0576617 0.0576751 0.0568404 0.0554764 0.053894 0.052311 0.0507575 0.0490024 0.0465685 0.0428974 0.0376415 0.0309388 0.0234752
 0.00645834 0.0101103 0.0145309 0.019519 0.0249337 0.0306858 0.0366344 0.0425128 0.0479584 0.0526008 0.0561359 0.0583738 0.0592728 0.0589504 0.0576561 0.0557149 0.0534585 0.0511462 0.0488745 0.0465009 0.0436423 0.0398135 0.0346907 0.028373 0.0214522
 0.0067492 0.0105666 0.0151875 0.0204001 0.0260519 0.0320408 0.0382075 0.0442617 0.0498175 0.0544878 0.0579616 0.0600495 0.0607136 0.060074 0.0583783 0.0559463 0.053109 0.0501418 0.0471867 0.0441804 0.0408425 0.0367832 0.0317298 0.0257597 0.019373
 0.00707195 0.0110673 0.0158978 0.021337 0.0272203 0.0334359 0.0398113 0.0460357 0.0516971 0.0563839 0.0597698 0.0616634 0.0620385 0.0610347 0.058917 0.0560132 0.0526528 0.0491113 0.0455511 0.0419649 0.0381624 0.0338539 0.0288337 0.0231756 0.0172994
 0.00739902 0.0115751 0.0166182 0.022286 0.0283994 0.0348331 0.0413987 0.0477652 0.0534999 0.0581754 0.061457 0.063152 0.0632405 0.0618752 0.0593388 0.0559752 0.0521231 0.0480634 0.0439714 0.0398777 0.0356621 0.0311225 0.0261208 0.0207392 0.0153312
 0.0076636 0.0119958 0.0172346 0.0231305 0.0294937 0.036182 0.0429806 0.0495248 0.05535 0.0600077 0.0631567 0.0646124 0.0643731 0.062615 0.0596442 0.0558224 0.0514996 0.0469633 0.0424004 0.0378703 0.0333069 0.028579 0.0236067 0.0184822 0.0135044
 0.00792452 0.0124021 0.0178141 0.0239009 0.0304647 0.0373564 0.0443505 0.0510626 0.0570006 0.061687 0.064758 0.0660206 0.065482 0.0633429 0.0599403 0.0556647 0.0508858 0.0459035 0.0409169 0.0360085 0.0311545 0.0262791 0.0213484 0.0164613 0.0118698
 0.00832684 0.0130153 0.0186615 0.0249794 0.0317502 0.0388126 0.0459322 0.052714 0.0586528 0.0632603 0.0661669 0.0671801 0.066315 0.0637876 0.0599577 0.0552408 0.0500295 0.0446407 0.0392883 0.0340748 0.0290087 0.0240547 0.0192112 0.0145776 0.0103612
 0.00869923 0.013588 0.0194628 0.0260144 0.0330026 0.0402475 0.0474961 0.0543335 0.0602394 0.0647214 0.067418 0.0681526 0.0669581 0.0640676 0.0598557 0.0547517 0.0491617 0.0434171 0.0377483 0.0322798 0.0270493 0.0220538 0.0173135 0.0129221 0.00904581
 0.00903552 0.0141014 0.0201742 0.0269235 0.0340922 0.0414903 0.0488553 0.0557586 0.0616623 0.0660585 0.0685799 0.0690572 0.0675434 0.0642981 0.0597216 0.0542623 0.0483379 0.0422879 0.0363535 0.0306767 0.0253199 0.0203067 0.0156728 0.0115033 0.00792677
 0.00924755 0.014431 0.0206426 0.0275414 0.03486 0.0423982 0.049881 0.056865 0.0627979 0.0671617 0.0695842 0.0698958 0.0681547 0.0646324 0.0597477 0.0539704 0.0477382 0.0414066 0.0352303 0.029367 0.0238987 0.0188692 0.0143248 0.0103408 0.00701287
 0.00934872 0.0145879 0.0208654 0.0278369 0.0352333 0.0428546 0.0504255 0.0574974 0.0635074 0.0679228 0.0703558 0.0706252 0.0687835 0.0651039 0.0600132 0.0539945 0.0475028 0.0409135 0.0345023 0.0284482 0.0228551 0.0177848 0.0132918 0.00944221 0.00630311
 0.00932741 0.0145692 0.0208669 0.0278849 0.035357 0.043076 0.050751 0.0579168 0.0639996 0.068463 0.0709193 0.0711859 0.0693102 0.0655586 0.0603532 0.0541786 0.0474977 0.0407006 0.0340832 0.0278483 0.0221243 0.0169929 0.0125182 0.00875878 0.00575845
 0.00925608 0.0144653 0.020734 0.0277373 0.0352197 0.0429827 0.0507395 0.0580209 0.0642386 0.0688328 0.0713909 0.0717132 0.0698428 0.0660512 0.0607684 0.0544841 0.047665 0.0407073 0.0339188 0.0275215 0.0216668 0.0164579 0.0119705 0.00826071 0.00535407
 0.00919635 0.0143642 0.0205752 0.0275053 0.034906 0.042595 0.0503097 0.0576064 0.0639125 0.0686654 0.0714303 0.071971 0.0702909 0.0666298 0.0614012 0.0550949 0.0481889 0.0410957 0.0341426 0.0275728 0.0215616 0.016235 0.0116841 0.00796709 0.00509809
 0.00916584 0.0143092 0.0204818 0.0273557 0.0346812 0.0422796 0.0499004 0.0571195 0.0633894 0.068172 0.0710472 0.0717749 0.0703322 0.0669156 0.0618915 0.0557138 0.0488445 0.0417009 0.03463 0.0279038 0.0217286 0.0162587 0.0116061 0.00783714 0.00496064
 0.00920698 0.0143587 0.0205237 0.0273631 0.0346211 0.0421228 0.04963 0.0567367 0.0629148 0.0676452 0.070525 0.0713271 0.0700306 0.0668177 0.0620234 0.0560587 0.0493445 0.0422718 0.035183 0.0283665 0.0220589 0.0164492 0.0116782 0.00782905 0.00491299
 0.00922576 0.014391 0.0205744 0.0274347 0.0347092 0.0422108 0.0496872 0.0567233 0.0627947 0.0674012 0.0701694 0.0709023 0.0696011 0.0664561 0.0617944 0.0560033 0.0494683 0.0425417 0.0355365 0.0287304 0.0223707 0.0166723 0.0118064 0.00787995 0.00491509
 0.00918124 0.0143302 0.0205048 0.0273712 0.0346709 0.0422148 0.049741 0.0568194 0.0629081 0.067493 0.0701968 0.0708339 0.0694319 0.0662142 0.0615345 0.0557898 0.0493539 0.0425508 0.035658 0.0289239 0.0225832 0.0168575 0.0119379 0.00795421 0.00494481
 0.00925043 0.0144205 0.0206003 0.0274453 0.034696 0.0421764 0.0496484 0.0567035 0.0628081 0.0674369 0.0701883 0.0708513 0.0694393 0.0661796 0.0614466 0.0556649 0.0492297 0.0424687 0.035645 0.0289813 0.0226886 0.0169771 0.0120418 0.00802676 0.00498507
 0.00918617 0.0143329 0.0204985 0.0273454 0.0346134 0.0421152 0.0495965 0.0566395 0.0627166 0.0673231 0.0700795 0.0707823 0.0694321 0.0662311 0.0615325 0.0557559 0.0493085 0.042537 0.0357172 0.0290708 0.022797 0.0170928 0.0121477 0.00810907 0.00503926
