SBPRF35
7.78865
Curr Bio
478916
B35
630667
F35
0.224772
FOFL
0.180598
OFL
71031.7
Bzero
2.22533e+006
#pred survey bio
 3.62411e+006 3.27339e+006 2.91369e+006 2.57511e+006 2.22722e+006 1.96579e+006 1.7216e+006 1.49972e+006 1.30497e+006 1.16247e+006 1.03273e+006 909093 815556 755806 709577 672888 644274 625473 607443 590406 581865 564479 553484 551602 559086 564856 561102 556461 554322 555940 545207 535257 526097 514763 512614 521560 531500 537538 543684 557633 567604 564361 572725 568284 564449 562213 567539 568048 567335 564464 549586 530961 522008 512530 489289 490186 500961 503546 515875 485001 479932 1.79797e+007 1.11346e+007 1.16316e+007 1.24527e+007 1.34135e+007 1.43373e+007 1.51336e+007 1.57749e+007 1.62685e+007 1.66373e+007 1.69076e+007 1.71034e+007 1.72445e+007 1.7346e+007 1.74191e+007 1.74721e+007 1.75107e+007 1.7539e+007 1.75599e+007 1.75754e+007 1.7587e+007 1.75957e+007 1.76022e+007 1.76072e+007 1.7611e+007 1.76139e+007 1.76161e+007 1.76178e+007 1.76191e+007 1.76201e+007 1.76209e+007 1.76215e+007 1.7622e+007 1.76223e+007 1.76226e+007 1.76228e+007 1.7623e+007 1.76231e+007 1.76232e+007 1.76233e+007 1.76233e+007 1.76234e+007 1.76234e+007 1.76234e+007 1.76234e+007 1.76235e+007 1.76235e+007 1.76235e+007 1.76235e+007 1.76235e+007 1.76235e+007 1.76235e+007 1.76235e+007 1.76235e+007 1.76235e+007 1.76235e+007 1.76235e+007 1.76235e+007 1.76235e+007 1.76235e+007 1.76235e+007 1.76235e+007 1.76235e+007 1.76235e+007 1.76235e+007 1.76235e+007 1.76235e+007 1.76235e+007 1.76235e+007 1.76235e+007 1.76235e+007 1.76235e+007 1.76235e+007 1.76235e+007 1.76235e+007 1.76235e+007 1.76235e+007 1.76235e+007 1.76235e+007 1.76235e+007 1.76235e+007 1.76235e+007 1.76235e+007 1.76235e+007 1.76235e+007 1.76235e+007 1.76235e+007 1.76235e+007 1.76235e+007 1.76235e+007 1.76235e+007 1.76235e+007 1.76235e+007 1.76235e+007 1.76235e+007 1.76235e+007 1.76235e+007 1.76235e+007 1.76235e+007 1.76235e+007 0 0 0 0 0 0 0 0 0 0 0 0 0 0 0 0 0 0 0 0 0 0 0 0 0
#obs survey bio
 2.2428e+006 3.05287e+006 3.07288e+006 3.07638e+006 1.94129e+006 1.86624e+006 1.46038e+006 1.78795e+006 979613 897102 815580 828908 910542 715483 455111 586091 461960 448240 530549 531297 540324 481216 763971 468346 504858 433496 433696 526073 620728 430636 589497 727162 603095 494971 547061 451884 538626 621640 457447 697077 561877 579696 680283 569184 434921 530537 510158 486337 648549 742314 810229 493739 509767 554915 474680 597318 499435 1.07661e+006 588322 417080 402072
#pred catch bio
 228762 270995 287075 327867 277634 285095 283569 273656 238057 233292 230172 203836 173636 160364 149111 138264 126806 123482 119903 110611 116220 109144 100728 93057.5 94511.4 101280 100159 95734.7 89632.3 96377.3 91741 89742.9 94409.5 91009.4 84903.3 85703.9 89173.2 88740.8 82806.6 87423.4 99024 89445.6 100369 99736.3 98589.5 92504.1 96630.6 97147 97922.1 106269 107417 98397.1 99070.7 110315 89644.6 81701 88151.9 79726.7 116057 95553.2 66893.4 71031.7 89082.6 91930.6 97232.1 104237 111136 117008 121607 125014 127440 129116 130249 131001 131493 131812 132016 132147 132230 132282 132315 132335 132348 132356 132361 132364 132366 132367 132368 132369 132369 132369 132369 132369 132369 132369 132369 132369 132369 132369 132369 132369 132369 132369 132369 132369 132369 132369 132369 132369 132369 132369 132369 132369 132369 132369 132369 132369 132369 132369 132369 132369 132369 132369 132369 132369 132369 132369 132369 132369 132369 132369 132369 132369 132369 132369 132369 132369 132369 132369 132369 132369 132369 132369 132369 132369 132369 132369 132369 132369 132369 132369 132369 132369 132369 132369 132369 132369 132369 132369 132369 0 0 0 0 0 0 0 0 0 0 0 0 0 0 0 0 0 0 0 0 0 0 0 0 0
#obs catch bio
 253135 272173 287866 331090 279056 288396 286642 277676 242114 238838 234759 208100 176501 162963 152767 139864 128365 125143 121195 111401 117533 110394 101821 94136.9 95800 102607 101138 97040.5 90175.7 97141.1 92018.2 89754.1 94518.8 91047.9 84948.3 85730.9 89103.9 88385.2 82352.5 87091.4 99077 89142.7 100061 99372.3 98731 92456.1 96679.8 97165.5 97676.2 105779 106788 97713.2 98075.1 109972 89239.8 81272.3 88026 78655.2 115230 95504 66684.4
#pred cpue bio
 3.55712e+006 3.20835e+006 2.85076e+006 2.5139e+006 2.16885e+006 1.90933e+006 1.66712e+006 1.4473e+006 1.25451e+006 1.11343e+006 985710 864544 773092 714922 670189 635234 608231 590381 573253 557116 549105 532420 521847 520065 527344 533223 530037 525919 524488 526956 517442 508464 499063 486282 482825 491301 501279 507545 513716 527092 536556 533330 541450 537177 533307 531005 536214 536842 536333 533849 519706 501696 492777 483261 460517 461362 472137 475084 487151 456616 450489 1.68974e+007 1.04846e+007 1.08966e+007 1.16029e+007 1.2523e+007 1.34377e+007 1.42324e+007 1.48734e+007 1.5367e+007 1.57358e+007 1.60061e+007 1.62019e+007 1.6343e+007 1.64445e+007 1.65176e+007 1.65706e+007 1.66092e+007 1.66375e+007 1.66584e+007 1.66739e+007 1.66855e+007 1.66942e+007 1.67007e+007 1.67057e+007 1.67095e+007 1.67124e+007 1.67146e+007 1.67163e+007 1.67176e+007 1.67186e+007 1.67194e+007 1.672e+007 1.67205e+007 1.67208e+007 1.67211e+007 1.67213e+007 1.67215e+007 1.67216e+007 1.67217e+007 1.67218e+007 1.67218e+007 1.67219e+007 1.67219e+007 1.67219e+007 1.6722e+007 1.6722e+007 1.6722e+007 1.6722e+007 1.6722e+007 1.6722e+007 1.6722e+007 1.6722e+007 1.6722e+007 1.6722e+007 1.6722e+007 1.6722e+007 1.6722e+007 1.6722e+007 1.6722e+007 1.6722e+007 1.6722e+007 1.6722e+007 1.6722e+007 1.6722e+007 1.6722e+007 1.6722e+007 1.6722e+007 1.6722e+007 1.6722e+007 1.6722e+007 1.6722e+007 1.6722e+007 1.6722e+007 1.6722e+007 1.6722e+007 1.6722e+007 1.6722e+007 1.6722e+007 1.6722e+007 1.6722e+007 1.6722e+007 1.6722e+007 1.6722e+007 1.6722e+007 1.6722e+007 1.6722e+007 1.6722e+007 1.6722e+007 1.6722e+007 1.6722e+007 1.6722e+007 1.6722e+007 1.6722e+007 1.6722e+007 1.6722e+007 1.6722e+007 1.6722e+007 1.6722e+007 1.6722e+007 1.6722e+007 0 0 0 0 0 0 0 0 0 0 0 0 0 0 0 0 0 0 0 0 0 0 0 0 0
#obs cpue bio
 1.86742e+006 2.9908e+006 2.89614e+006 1.38946e+006 2.40721e+006 1.26272e+006 1.98043e+006 862110 977432 827611 1.37189e+006 642188 591452 606226 467730 1.1846e+006 618352 647116 664348 596375 455497 482078 311931 425920 424021 683635 711931 341455 630228 643796 583908 443706 444315 513133 414985 585782 569808 599006 670539 397194 467417 566765 553186 552461 495970 592944 600474 630346 566157 528637 419203 594969 689557 366092 483033 425026 445761 454956 407772 339512 490231
#pred surv len freq
 0.00513289 0.00831002 0.0124647 0.0175686 0.0235028 0.0299806 0.0365079 0.0424878 0.0474316 0.0511139 0.0535722 0.0550007 0.0556446 0.0557357 0.0554547 0.0549139 0.0541595 0.0531815 0.051902 0.0501337 0.0475499 0.0437483 0.0384519 0.0317637 0.024287
 0.00551843 0.00887093 0.0131927 0.0184301 0.0244694 0.0310655 0.0377769 0.0440221 0.049254 0.0531229 0.0555332 0.0566107 0.0566384 0.0559767 0.0549694 0.0538602 0.0527536 0.0516159 0.0502891 0.0484955 0.0458588 0.0419931 0.0366876 0.0301113 0.0228835
 0.00574048 0.00927266 0.0138679 0.0194791 0.0259619 0.0329936 0.040027 0.0463993 0.0515548 0.0552082 0.057343 0.0581127 0.0577603 0.0565883 0.0549325 0.0531069 0.0513322 0.0496752 0.0480161 0.0460543 0.0433672 0.0395436 0.0343813 0.0280678 0.0212136
 0.00597535 0.00964286 0.0144083 0.0202269 0.0269651 0.034312 0.0417166 0.048475 0.0539486 0.057752 0.0597997 0.0602425 0.0593825 0.0575972 0.0552721 0.0527435 0.0502587 0.0479381 0.0457321 0.0433964 0.0405321 0.0367253 0.0317595 0.0257968 0.0194008
 0.00635911 0.0102461 0.0152775 0.0213911 0.0284317 0.0360633 0.0437067 0.0506344 0.0561964 0.0600056 0.0619676 0.0622082 0.0609984 0.0587054 0.0557383 0.0524833 0.049244 0.046196 0.0433483 0.0405204 0.0373727 0.0335287 0.028773 0.0232272 0.0173766
 0.00664494 0.0107085 0.0159691 0.0223589 0.029708 0.0376514 0.045566 0.0526769 0.0583019 0.0620494 0.0638459 0.0638456 0.0623362 0.0596797 0.0562665 0.0524694 0.0486022 0.0448806 0.0413796 0.0379998 0.0344838 0.0305176 0.0259068 0.0207385 0.0154128
 0.00696084 0.0112138 0.0167146 0.0233884 0.0310522 0.0393174 0.0475231 0.0548464 0.06056 0.0642446 0.0658242 0.0654765 0.0635307 0.0603928 0.0564819 0.0521757 0.0477774 0.0434982 0.0394366 0.035553 0.0316738 0.0275648 0.023073 0.0182641 0.0134561
 0.00731926 0.0117835 0.0175481 0.0245266 0.0325181 0.0411064 0.0495901 0.0570997 0.0628684 0.0664566 0.0677895 0.0670628 0.0646371 0.0609583 0.056487 0.0516321 0.0467104 0.0419336 0.0374042 0.0331106 0.0289366 0.0247179 0.0203479 0.0158835 0.0115719
 0.00765886 0.0123311 0.0183639 0.0256631 0.0340098 0.0429535 0.0517412 0.0594448 0.0652523 0.0687063 0.0697426 0.0685872 0.0656404 0.0613901 0.0563361 0.0509193 0.0454776 0.0402333 0.0352969 0.0306742 0.0262856 0.0220152 0.0177914 0.0136643 0.00982094
 0.00780354 0.0125818 0.0187706 0.0262843 0.0349026 0.0441561 0.0532535 0.0612165 0.0671849 0.0706665 0.0715814 0.0701599 0.0668242 0.062098 0.056522 0.0505757 0.0446277 0.0389227 0.0335894 0.0286548 0.024069 0.01975 0.0156484 0.011804 0.00835247
 0.00801494 0.0129133 0.0192484 0.0269286 0.0357294 0.0451773 0.0544715 0.0626146 0.068717 0.0722528 0.073113 0.0715128 0.0678794 0.0627602 0.0567316 0.0503113 0.0439016 0.0377747 0.0320817 0.0268722 0.0221223 0.0177751 0.0137943 0.0102051 0.00709675
 0.00823548 0.0132767 0.0198033 0.0277202 0.0367871 0.046497 0.0560006 0.0642528 0.0703379 0.0737344 0.0743603 0.072462 0.0684902 0.0630066 0.0565989 0.049798 0.043023 0.0365644 0.0305933 0.0251807 0.0203255 0.0159909 0.0121476 0.00880445 0.00600864
 0.00843441 0.0135854 0.0202416 0.0283006 0.0375169 0.0473799 0.0570324 0.0654109 0.0715708 0.0749599 0.075476 0.0733673 0.069108 0.0632954 0.05655 0.0494241 0.0423477 0.0356189 0.0294195 0.0238375 0.0188924 0.0145654 0.0108327 0.00768827 0.00514396
 0.00851416 0.0137143 0.0204341 0.028569 0.0378694 0.0478167 0.0575448 0.0659827 0.0721844 0.0756002 0.076127 0.0740023 0.0696829 0.0637518 0.0568284 0.0494788 0.0421558 0.0351813 0.0287591 0.022998 0.017938 0.013577 0.009897 0.00688088 0.00451206
 0.00839353 0.0135545 0.0202609 0.0284296 0.0378201 0.0479035 0.0577861 0.0663653 0.0726712 0.0761452 0.0766882 0.074548 0.0701895 0.0641968 0.0571837 0.0497097 0.0422273 0.0350687 0.0284574 0.0225268 0.0173416 0.0129191 0.00924926 0.00630779 0.00405626
 0.00846603 0.0136314 0.0203038 0.0283847 0.0376415 0.0475857 0.0573847 0.0659872 0.0724343 0.0761297 0.0769085 0.0749581 0.0707116 0.0647519 0.0577077 0.0501548 0.0425568 0.0352543 0.0284821 0.0223919 0.0170712 0.0125584 0.00885587 0.00593771 0.00375025
 0.00859027 0.0138191 0.0205567 0.0286874 0.0379568 0.0478538 0.057532 0.0659493 0.07219 0.0757252 0.0764516 0.0745776 0.0705039 0.0647473 0.0578717 0.050415 0.042834 0.0354822 0.0286159 0.0224104 0.0169771 0.0123764 0.00862595 0.00570347 0.00354686
 0.00857334 0.0138051 0.0205601 0.0287289 0.0380559 0.0480168 0.0577417 0.0661621 0.0723447 0.075764 0.0763458 0.0743461 0.0702131 0.0644865 0.0577163 0.0503967 0.0429332 0.0356443 0.0287772 0.0225199 0.0170087 0.0123309 0.00852483 0.00557788 0.00342602
 0.00859589 0.0138324 0.0205852 0.0287422 0.0380513 0.0479995 0.0577307 0.0661833 0.072416 0.0758792 0.076471 0.0744329 0.070223 0.0644135 0.0575914 0.0502717 0.0428539 0.0356289 0.0288115 0.0225702 0.0170411 0.012326 0.0084823 0.00551184 0.00335519
 0.00867003 0.0139413 0.0207267 0.0289053 0.0382173 0.0481458 0.057836 0.0662338 0.072411 0.0758331 0.0764068 0.0743695 0.070165 0.0643502 0.0575088 0.0501673 0.0427417 0.0355309 0.0287437 0.0225328 0.0170207 0.0123059 0.00845233 0.00547187 0.00331215
 0.00868373 0.013962 0.0207546 0.0289387 0.0382518 0.048174 0.0578479 0.0662189 0.0723625 0.0757527 0.0763075 0.0742734 0.0700948 0.0643201 0.0575184 0.0502035 0.042788 0.0355763 0.0287848 0.0225702 0.0170532 0.0123295 0.00846313 0.00546959 0.00330074
 0.00876116 0.0140853 0.020935 0.0291834 0.0385614 0.0485378 0.0582403 0.0665994 0.0726816 0.0759636 0.0763783 0.0741956 0.0698858 0.0640179 0.0571703 0.0498533 0.0424667 0.0353002 0.0285587 0.0223927 0.0169194 0.012232 0.00839368 0.00542041 0.00326606
 0.00884826 0.0142112 0.0210956 0.029366 0.0387496 0.0487187 0.0584091 0.0667577 0.0728311 0.0760986 0.0764832 0.0742487 0.0698679 0.063921 0.0570023 0.0496363 0.0422299 0.0350709 0.0283564 0.0222269 0.0167916 0.0121385 0.00832807 0.0053759 0.00323672
 0.00887742 0.0142545 0.0211528 0.0294326 0.0388167 0.0487738 0.0584385 0.0667517 0.07279 0.0760364 0.0764238 0.0742152 0.0698706 0.0639524 0.0570424 0.0496637 0.0422318 0.0350468 0.028315 0.0221798 0.0167479 0.012103 0.00830163 0.00535735 0.00322417
 0.00868785 0.0139795 0.0208004 0.0290316 0.0384084 0.0483986 0.0581254 0.0665158 0.0726366 0.0759672 0.0764405 0.0743204 0.0700642 0.0642261 0.0573757 0.050025 0.0425852 0.0353618 0.0285735 0.0223774 0.0168903 0.0122005 0.00836519 0.00539646 0.00324654
 0.00856698 0.0137802 0.0204974 0.0286052 0.037855 0.0477443 0.0574332 0.0658775 0.0721469 0.0756917 0.0763976 0.0744851 0.0703879 0.0646571 0.0578699 0.0505459 0.0431002 0.035841 0.0289923 0.0227201 0.017153 0.0123892 0.0084923 0.00547653 0.00329348
 0.00853686 0.0137336 0.0204304 0.0285131 0.0377298 0.0475734 0.057203 0.0655822 0.0718001 0.0753325 0.0760839 0.0742745 0.0703164 0.0647287 0.0580607 0.0508182 0.0434153 0.0361651 0.0292983 0.022988 0.0173706 0.0125529 0.00860613 0.00554964 0.00333674
 0.00832609 0.0134324 0.020054 0.0281017 0.0373366 0.0472454 0.0569649 0.0654321 0.071716 0.0752869 0.0760575 0.0742654 0.0703413 0.0648128 0.0582233 0.0510613 0.0437214 0.036504 0.0296367 0.0232974 0.0176315 0.0127564 0.00875258 0.00564664 0.00339566
 0.0081876 0.0131964 0.0196818 0.0275583 0.0366086 0.0463629 0.0560149 0.0645465 0.0710326 0.0749003 0.0759903 0.0744739 0.0707467 0.065337 0.0588093 0.0516746 0.04434 0.0371076 0.0302018 0.0237997 0.0180518 0.0130849 0.00899121 0.00580678 0.00349443
 0.00797991 0.012879 0.0192403 0.0269892 0.0359148 0.0455508 0.0550987 0.0635628 0.0700549 0.0740401 0.0753758 0.0742099 0.0708764 0.0658277 0.0595697 0.0525904 0.0453074 0.0380486 0.0310643 0.0245507 0.018672 0.0135678 0.00934269 0.00604412 0.00364202
 0.00799768 0.0128841 0.0192047 0.0268737 0.0356806 0.0451762 0.0545915 0.0629586 0.0694034 0.0733917 0.0747784 0.0737158 0.0705459 0.0657165 0.059707 0.0529622 0.0458575 0.0386983 0.0317347 0.0251786 0.0192153 0.0140047 0.00966899 0.00626933 0.00378478
 0.00869111 0.0138613 0.0203961 0.0281166 0.0367604 0.0458955 0.0548298 0.0626954 0.0687043 0.0723775 0.0735926 0.072499 0.0694174 0.0647668 0.0589959 0.0525182 0.0456757 0.0387405 0.0319378 0.02547 0.0195287 0.0142915 0.00990164 0.00643916 0.00389689
 0.00933116 0.0148771 0.0218694 0.0300815 0.039167 0.048571 0.0574625 0.0648787 0.070051 0.0726538 0.0727975 0.0708436 0.0672297 0.0623832 0.0566888 0.0504707 0.043987 0.0374419 0.0310095 0.0248574 0.0191595 0.0140915 0.00980695 0.00640233 0.00388725
 0.00929835 0.0149241 0.0221256 0.0307292 0.040394 0.0504909 0.0600368 0.0678805 0.0730912 0.0752644 0.074547 0.071452 0.0666434 0.0607791 0.0544036 0.0478911 0.0414512 0.0351853 0.0291556 0.0234373 0.0181408 0.0134065 0.00937549 0.00614842 0.00374811
 0.00902705 0.0145166 0.0215825 0.0300936 0.0397658 0.050034 0.0599654 0.068408 0.0743433 0.0771903 0.0768847 0.0737825 0.0685192 0.0618672 0.0545804 0.0472538 0.0402524 0.0337315 0.0277161 0.0221919 0.0171716 0.0127183 0.00892652 0.00587862 0.00359878
 0.00883009 0.0141903 0.0210822 0.0293798 0.0388215 0.0488904 0.0587273 0.0672624 0.0735339 0.0769579 0.0773861 0.0750174 0.0702993 0.0638547 0.0563909 0.0485818 0.0409603 0.0338636 0.0274422 0.0217208 0.0166775 0.0123058 0.00863255 0.00569471 0.00349646
 0.00866622 0.0139365 0.0207221 0.0289031 0.0382212 0.0481619 0.0578752 0.0663158 0.0725657 0.0760953 0.0767997 0.0748794 0.0707203 0.0648234 0.0577528 0.0500767 0.0423098 0.0348658 0.0280268 0.0219419 0.0166595 0.012179 0.00849081 0.00558407 0.00342679
 0.00870783 0.0139758 0.0207292 0.0288335 0.038028 0.0478143 0.0573727 0.0656894 0.0718664 0.0753825 0.0761396 0.0743528 0.070423 0.064846 0.0581396 0.0507882 0.0432164 0.0357872 0.0287985 0.0224715 0.0169437 0.0122786 0.0084868 0.00554269 0.00338563
 0.00884238 0.0141729 0.0209839 0.0291221 0.0383082 0.0480295 0.0574606 0.065595 0.0715603 0.0748763 0.0754892 0.0736471 0.069765 0.0643345 0.0578541 0.0507717 0.0434578 0.0362152 0.0292999 0.0229314 0.0172854 0.0124816 0.00857638 0.00556317 0.00337645
 0.00879009 0.0141077 0.0209215 0.0290872 0.0383246 0.0481055 0.0575778 0.0657083 0.0716113 0.0748136 0.0752884 0.0733211 0.0693626 0.0639292 0.0575266 0.0505898 0.0434592 0.0363947 0.0296092 0.0232938 0.0176234 0.0127426 0.00874464 0.00565269 0.00341434
 0.00869717 0.0139712 0.0207443 0.0288844 0.038123 0.0479401 0.0574845 0.0657142 0.0717206 0.074999 0.0754932 0.0734774 0.0694184 0.06387 0.057381 0.0504179 0.0433285 0.0363555 0.0296774 0.0234482 0.0178186 0.0129301 0.00889126 0.00574808 0.00346605
 0.0087116 0.0139944 0.0207791 0.0289338 0.0381909 0.0480309 0.0576034 0.0658648 0.0719025 0.0752031 0.0756977 0.0736473 0.0695115 0.0638508 0.0572363 0.0501672 0.0430213 0.036055 0.0294382 0.0232986 0.0177551 0.012927 0.00891645 0.00577679 0.00348635
 0.00865632 0.013903 0.0206392 0.0287346 0.0379274 0.0477101 0.0572496 0.0655197 0.0716182 0.0750291 0.0756674 0.0737676 0.0697595 0.0641775 0.0575799 0.0504716 0.0432535 0.0362122 0.0295418 0.0233779 0.0178315 0.0130066 0.00899299 0.00584073 0.00353201
 0.00875351 0.0140494 0.0208372 0.0289768 0.0381961 0.0479788 0.0574852 0.0656877 0.0716911 0.0749968 0.0755423 0.0735817 0.0695527 0.0639835 0.057416 0.0503363 0.0431337 0.0360953 0.0294248 0.0232688 0.017743 0.0129467 0.00896135 0.00582961 0.00353173
 0.00875329 0.0140636 0.0208849 0.0290832 0.0383838 0.0482552 0.0578322 0.066061 0.0720313 0.0752466 0.0756635 0.0735635 0.0694122 0.0637578 0.0571494 0.0500672 0.0428864 0.0358789 0.0292394 0.023113 0.0176172 0.0128527 0.00889812 0.00579243 0.00351303
 0.00872868 0.0140253 0.0208315 0.0290177 0.0383168 0.0482073 0.0578321 0.0661374 0.0721986 0.0754927 0.075947 0.0738267 0.0696017 0.0638433 0.0571305 0.0499678 0.0427406 0.0357188 0.0290872 0.0229805 0.0175093 0.0127704 0.00884026 0.00575569 0.00349236
 0.00866567 0.0139235 0.0206799 0.0288076 0.038045 0.0478811 0.0574747 0.0657897 0.0719146 0.0753267 0.0759371 0.0739805 0.0698907 0.0642105 0.0575099 0.0503049 0.0430058 0.0359077 0.0292116 0.023058 0.0175559 0.0127979 0.00885662 0.00576569 0.00349878
 0.00859902 0.0138276 0.0205582 0.02867 0.0379037 0.047744 0.0573423 0.0656571 0.071779 0.0751953 0.0758304 0.0739274 0.0699167 0.0643252 0.0576998 0.0505368 0.0432395 0.03611 0.0293654 0.0231623 0.01762 0.0128342 0.00887604 0.00577584 0.00350418
 0.00851713 0.0137025 0.0203857 0.0284532 0.0376539 0.0474809 0.0570921 0.0654478 0.0716326 0.0751205 0.0758219 0.0739723 0.0700048 0.0644538 0.0578699 0.050745 0.0434719 0.0363437 0.0295763 0.0233335 0.0177458 0.0129188 0.00892858 0.0058064 0.00352099
 0.00846551 0.0136197 0.0202634 0.0282854 0.0374388 0.0472244 0.0568106 0.0651684 0.0713885 0.074943 0.0757315 0.073974 0.0700889 0.0646016 0.0580616 0.0509645 0.0437064 0.0365803 0.0298005 0.0235304 0.0179046 0.0130359 0.00900768 0.00585542 0.00354899
 0.00858353 0.0137944 0.0204938 0.0285582 0.0377307 0.0475066 0.0570528 0.0653426 0.0714729 0.0749267 0.0756183 0.0737822 0.0698463 0.0643389 0.0578058 0.0507362 0.0435184 0.0364384 0.029703 0.0234701 0.0178709 0.013018 0.00899769 0.00584898 0.00354441
 0.0088168 0.0141476 0.020976 0.0291583 0.0384178 0.048233 0.057757 0.0659541 0.0719224 0.075161 0.0756132 0.0735468 0.0694187 0.0637761 0.0571726 0.0500935 0.042916 0.0359102 0.029267 0.0231297 0.0176189 0.0128409 0.00887928 0.00577383 0.00349935
 0.00891189 0.0143049 0.0212168 0.0295014 0.0388726 0.0487894 0.0583777 0.0665762 0.0724699 0.0755647 0.0758264 0.0735523 0.0692269 0.0634191 0.0566966 0.0495518 0.0423611 0.0353873 0.0288086 0.022754 0.0173301 0.0126324 0.00873793 0.00568399 0.00344596
 0.00889974 0.0143033 0.0212485 0.0295998 0.0390746 0.0491225 0.0588471 0.0671566 0.0731066 0.0761821 0.0763426 0.0738963 0.0693546 0.0633218 0.0564002 0.0491071 0.0418308 0.034834 0.0282851 0.0222977 0.0169613 0.0123552 0.00854412 0.00555816 0.00337032
 0.0089803 0.0144375 0.0214568 0.0299045 0.0394967 0.049675 0.0595265 0.0679354 0.0739303 0.0769729 0.0770099 0.0743531 0.0695365 0.0632022 0.0559963 0.0484749 0.0410514 0.033996 0.0274699 0.021568 0.0163558 0.0118884 0.00821002 0.00533675 0.00323498
 0.00884001 0.0142168 0.0211401 0.0294866 0.038989 0.0491133 0.0589756 0.0674844 0.0736742 0.0769845 0.0773145 0.0749161 0.0702697 0.0639858 0.05671 0.0490274 0.0413984 0.0341421 0.0274564 0.0214535 0.0161976 0.0117307 0.00807879 0.00524129 0.00317317
 0.0086903 0.0139718 0.0207691 0.028962 0.0382945 0.048257 0.0580027 0.0664827 0.0727648 0.0762994 0.0769673 0.0749747 0.0707361 0.0647917 0.0577306 0.0501119 0.0424074 0.034978 0.0280763 0.0218648 0.0164402 0.0118559 0.00813364 0.00526017 0.00317692
 0.00882609 0.0141537 0.0209699 0.0291298 0.0383634 0.0481662 0.0577159 0.0659989 0.0721209 0.0755667 0.0762438 0.0743699 0.070349 0.0646854 0.0579134 0.050533 0.0429719 0.0355752 0.0286119 0.0222819 0.0167243 0.0120245 0.00821952 0.00529643 0.00318842
 0.00903942 0.0144604 0.0213553 0.0295497 0.0387501 0.0484416 0.057807 0.0658522 0.0717169 0.0749319 0.0754532 0.0735354 0.0695948 0.0641206 0.0576083 0.0505061 0.0431878 0.0359566 0.0290625 0.0227138 0.0170786 0.0122785 0.00838008 0.0053862 0.00323286
 0.00957245 0.0153107 0.0225999 0.0312367 0.0408733 0.0509093 0.0604176 0.0683042 0.0736678 0.0760873 0.0756462 0.0727632 0.0680084 0.0619783 0.0552133 0.0481424 0.0410707 0.0342084 0.0277143 0.0217296 0.0163882 0.011807 0.00806476 0.005181 0.003105
 0.00934141 0.0150224 0.0223293 0.0311119 0.0410471 0.0515083 0.0614918 0.0697987 0.0754238 0.0778685 0.0771836 0.0738141 0.0684152 0.0617088 0.0543637 0.046903 0.0396682 0.0328475 0.0265371 0.0208025 0.0157128 0.0113455 0.00776529 0.00499503 0.00299452
#obs surv len freq
 0.00496284 0.00813197 0.0123744 0.0177049 0.0239971 0.0308832 0.0377342 0.0438235 0.0485996 0.0518625 0.0537333 0.0544998 0.0544831 0.0539806 0.0532523 0.0525111 0.0519014 0.0514577 0.0510414 0.0502832 0.0486011 0.0453645 0.0401964 0.0332657 0.0253541
 0.0051889 0.00849618 0.0129169 0.0184622 0.024997 0.0321361 0.0392219 0.0454925 0.0503644 0.0536171 0.0553656 0.0559027 0.0555616 0.0546558 0.053464 0.0522211 0.0510985 0.050164 0.0493183 0.0482348 0.0463712 0.0431251 0.0381238 0.0315065 0.0239938
 0.00541467 0.00886953 0.0134902 0.0192871 0.0261132 0.0335544 0.0409079 0.0473645 0.0523083 0.055512 0.0571027 0.0573912 0.0567245 0.0554246 0.0537767 0.0520257 0.0503602 0.0488764 0.0475173 0.0460118 0.0438781 0.0405632 0.035712 0.0294349 0.022379
 0.00563352 0.00923026 0.0140427 0.0200822 0.0271939 0.0349414 0.0425834 0.0492636 0.0543256 0.05752 0.0589723 0.0590081 0.0579973 0.0562844 0.0541711 0.0519112 0.0497005 0.0476512 0.0457406 0.0437543 0.0412828 0.0378405 0.0331061 0.0271679 0.0205953
 0.00588243 0.00963235 0.0146433 0.0209228 0.0283055 0.0363339 0.0442341 0.0511114 0.0562779 0.0594671 0.0608024 0.0606162 0.05929 0.0571834 0.0546141 0.0518501 0.0490987 0.0464861 0.0440171 0.0415282 0.0386831 0.0350724 0.0304213 0.024806 0.01872
 0.0061262 0.0100364 0.0152652 0.0218195 0.0295204 0.0378769 0.0460636 0.0531314 0.0583566 0.0614674 0.0626068 0.0621356 0.0604596 0.0579534 0.0549425 0.0516988 0.0484338 0.0452835 0.0422764 0.0392955 0.0360752 0.032284 0.0277004 0.0223963 0.0167945
 0.00637519 0.0104417 0.0158766 0.0226847 0.0306772 0.0393401 0.047809 0.0550875 0.0604104 0.0634823 0.064446 0.063681 0.0616242 0.0586829 0.0552084 0.0514857 0.0477293 0.0440769 0.0405709 0.0371318 0.0335574 0.0295907 0.0250646 0.0200524 0.0149132
 0.00660239 0.0108174 0.0164536 0.0235154 0.0318025 0.0407721 0.0495146 0.0569845 0.0623809 0.0653973 0.0661851 0.0651428 0.062728 0.0593696 0.0554403 0.0512443 0.0470092 0.0428812 0.0389157 0.0350625 0.0311712 0.0270498 0.0225814 0.0178424 0.0131356
 0.00685403 0.0112269 0.0170707 0.0243865 0.032962 0.0422275 0.0512319 0.0588814 0.0643373 0.0672773 0.0678604 0.0665085 0.0637094 0.059921 0.0555398 0.0508861 0.046198 0.04163 0.0372503 0.0330348 0.0288767 0.0246384 0.0202442 0.0157723 0.0114745
 0.00705389 0.011559 0.0175836 0.0251294 0.0339741 0.0435217 0.0527783 0.0606033 0.0661228 0.0690016 0.0694068 0.0677802 0.0646332 0.0604482 0.0556443 0.0505611 0.0454503 0.0404773 0.0357237 0.0311886 0.0268026 0.0224725 0.0181557 0.0139292 0.00999861
 0.0072763 0.0119215 0.0181307 0.0259028 0.0350044 0.044815 0.0543023 0.0622817 0.0678446 0.0706418 0.0708474 0.0689252 0.0654158 0.0608309 0.0556151 0.0501264 0.0446288 0.0392965 0.0342219 0.0294233 0.0248616 0.0204791 0.0162578 0.01227 0.00867916
 0.00743312 0.0121819 0.0185326 0.026485 0.0357984 0.0458327 0.0555234 0.0636491 0.0692728 0.0720322 0.0721041 0.0699644 0.0661706 0.0612543 0.055681 0.0498289 0.0439787 0.0383183 0.0329537 0.0279218 0.023209 0.0187852 0.0146504 0.0108696 0.00756898
 0.00753167 0.0123423 0.0187751 0.02683 0.036265 0.0464344 0.0562624 0.0645115 0.070226 0.0730275 0.0730807 0.0708552 0.066909 0.0617809 0.0559489 0.0498069 0.0436536 0.0376954 0.032058 0.0268007 0.0219354 0.0174562 0.0133766 0.00975416 0.00668239
 0.00761315 0.0124695 0.0189571 0.0270725 0.0365705 0.0468032 0.0566919 0.064996 0.0707575 0.0735954 0.07367 0.0714433 0.0674622 0.0622546 0.0562924 0.0499711 0.043599 0.0373997 0.0315217 0.0260511 0.0210284 0.0164731 0.0124125 0.00889796 0.00599611
 0.00766264 0.0125451 0.0190619 0.0272063 0.0367305 0.0469852 0.0568918 0.0652108 0.0709872 0.0738444 0.0739454 0.0717508 0.0677993 0.0626049 0.056623 0.0502358 0.0437468 0.0373854 0.0313178 0.0256571 0.0204754 0.0158213 0.0117396 0.00828069 0.00549094
 0.00772025 0.0126335 0.0191848 0.0273633 0.0369164 0.0471902 0.0571023 0.0654111 0.0711635 0.0739896 0.0740629 0.0718526 0.0679019 0.0627207 0.056753 0.0503649 0.0438438 0.0374102 0.0312327 0.0254408 0.020133 0.015387 0.0112689 0.00783463 0.00511768
 0.00778248 0.0127273 0.0193122 0.027521 0.0370965 0.0473816 0.0572919 0.0655849 0.0713085 0.0740964 0.0741287 0.0718826 0.0679078 0.0627178 0.0567547 0.0503768 0.0438585 0.0374067 0.0311824 0.0253176 0.0199264 0.0151092 0.0109532 0.00752415 0.00485065
 0.0078377 0.0128132 0.019434 0.0276798 0.0372885 0.0475969 0.0575135 0.0657911 0.0714771 0.0742114 0.0741839 0.0718822 0.0678635 0.0626452 0.05667 0.0502931 0.0437821 0.0373341 0.0311002 0.0252078 0.0197755 0.0149169 0.0107351 0.00730673 0.00466038
 0.00786521 0.0128567 0.019497 0.0277647 0.037396 0.0477247 0.0576561 0.0659386 0.0716166 0.0743294 0.0742688 0.0719274 0.0678681 0.0626144 0.0566134 0.0502219 0.0437061 0.0372579 0.0310217 0.0251192 0.019668 0.0147874 0.0105899 0.00716061 0.00453037
 0.00786494 0.0128543 0.0194901 0.0277504 0.0373725 0.0476934 0.0576229 0.0659133 0.07161 0.0743491 0.0743165 0.0719976 0.0679502 0.0626962 0.0566847 0.0502767 0.043743 0.0372778 0.0310249 0.0251042 0.0196321 0.0147297 0.0105149 0.00707808 0.00445233
 0.00788269 0.0128737 0.0195019 0.0277406 0.0373263 0.0476021 0.0574892 0.0657531 0.0714484 0.0742138 0.0742306 0.0719745 0.0679914 0.0627912 0.0568152 0.0504217 0.0438838 0.0374009 0.0311224 0.0251721 0.0196691 0.0147373 0.0104982 0.00704558 0.00441424
 0.00788737 0.0128822 0.0195155 0.0277596 0.0373476 0.0476174 0.0574848 0.065714 0.0713656 0.0740911 0.0740871 0.071839 0.0678929 0.062749 0.0568338 0.0504917 0.0439866 0.0375156 0.0312306 0.0252607 0.0197313 0.0147718 0.0105084 0.00703836 0.0043978
 0.00789189 0.0128843 0.0195094 0.0277374 0.0373022 0.0475465 0.0573934 0.0656124 0.0712649 0.0739982 0.0740041 0.071767 0.0678369 0.0627191 0.0568413 0.0505429 0.0440784 0.0376354 0.0313604 0.0253826 0.0198318 0.0148442 0.0105526 0.00705938 0.00440315
 0.00789518 0.0128879 0.0195112 0.0277337 0.0372877 0.047515 0.0573395 0.065534 0.0711653 0.0738869 0.0738948 0.0716733 0.0677685 0.0626811 0.0568359 0.0505711 0.0441394 0.0377248 0.0314683 0.0254953 0.0199352 0.0149277 0.0106117 0.00709529 0.00442121
 0.00788065 0.0128639 0.0194744 0.0276809 0.0372169 0.0474262 0.0572358 0.0654217 0.0710523 0.0737815 0.0738045 0.0716052 0.0677287 0.0626741 0.0568632 0.0506313 0.0442284 0.0378362 0.0315937 0.0256241 0.0200557 0.01503 0.0106896 0.00714817 0.00445282
 0.00787848 0.0128588 0.0194641 0.0276619 0.0371856 0.0473798 0.0571738 0.0653461 0.0709677 0.0736941 0.0737213 0.071533 0.0676736 0.0626411 0.0568562 0.0506521 0.0442766 0.0379085 0.0316839 0.0257236 0.0201545 0.0151185 0.010761 0.00719978 0.00448595
 0.00786069 0.0128316 0.0194262 0.0276132 0.0371268 0.0473124 0.0570996 0.0652678 0.0708891 0.0736199 0.0736566 0.0714827 0.0676418 0.0626306 0.0568685 0.0506873 0.0443336 0.0379846 0.0317744 0.0258218 0.0202522 0.0152072 0.0108344 0.00725452 0.00452262
 0.00782297 0.0127703 0.0193341 0.0274849 0.0369603 0.0471127 0.0568805 0.0650512 0.0706998 0.073479 0.0735762 0.0714649 0.0676809 0.0627166 0.05699 0.0508335 0.0444951 0.0381532 0.0319429 0.025983 0.0203989 0.0153332 0.010935 0.00732863 0.00457237
 0.00779687 0.0127233 0.0192552 0.0273613 0.0367817 0.0468758 0.056595 0.0647405 0.0703974 0.0732208 0.0733924 0.0713742 0.0676881 0.0628134 0.0571587 0.0510519 0.0447409 0.0384073 0.0321899 0.0262112 0.0205996 0.0155002 0.0110655 0.00742333 0.00463558
 0.00778345 0.0126971 0.0192076 0.027281 0.0366568 0.0466979 0.0563629 0.0644635 0.0700953 0.0729223 0.0731305 0.0711809 0.0675875 0.0628169 0.0572625 0.0512393 0.0449869 0.0386843 0.0324723 0.0264781 0.0208358 0.0156965 0.0112181 0.00753353 0.00470891
 0.00774461 0.0126371 0.0191228 0.0271698 0.0365185 0.0465325 0.0561713 0.0642487 0.0698644 0.0726871 0.0729088 0.0709944 0.0674593 0.0627667 0.0573019 0.0513681 0.0451922 0.0389432 0.0327571 0.0267613 0.0210948 0.0159157 0.01139 0.00765808 0.00479187
 0.00933324 0.0148583 0.0217985 0.0299119 0.0388427 0.0480388 0.0566864 0.0638508 0.0687968 0.071234 0.0713054 0.0693978 0.0659615 0.0614188 0.0561329 0.050393 0.0444139 0.0383521 0.0323322 0.0264738 0.0209129 0.0158091 0.011333 0.00763105 0.00478106
 0.00932014 0.0151335 0.0227351 0.0319718 0.0423755 0.0530095 0.0625034 0.0694625 0.0730653 0.073384 0.0711789 0.0673944 0.0627603 0.057689 0.0523689 0.0468897 0.0413164 0.0357157 0.030163 0.0247503 0.0195954 0.0148458 0.0106641 0.00719361 0.00451405
 0.0089863 0.014605 0.0219883 0.0310523 0.0414535 0.0524192 0.062704 0.0708752 0.0758221 0.0771397 0.0751534 0.0706692 0.064663 0.0580261 0.0513962 0.0450979 0.0391988 0.0336341 0.0283233 0.0232381 0.0184225 0.0139842 0.0100662 0.00680396 0.00427733
 0.00880184 0.0142992 0.0215174 0.0303746 0.040545 0.0513037 0.0614933 0.069798 0.0752094 0.0773346 0.0763574 0.0727941 0.0672941 0.0605559 0.0532711 0.0460306 0.0392272 0.0330224 0.0274004 0.0222736 0.0175789 0.0133276 0.00959951 0.00649799 0.00409202
 0.00874465 0.014196 0.0213425 0.0300959 0.040129 0.0507258 0.0607518 0.0689298 0.0743048 0.0765469 0.0758921 0.0728586 0.0680081 0.0618614 0.0549092 0.0476236 0.0404324 0.0336643 0.027507 0.0220117 0.0171507 0.0128917 0.00924282 0.00624581 0.00393338
 0.00871261 0.0141451 0.0212675 0.02999 0.0399827 0.0505249 0.0604784 0.0685671 0.0738471 0.0760141 0.0753437 0.0723996 0.067774 0.0619752 0.0554186 0.0484548 0.0413976 0.0345337 0.0281054 0.0222818 0.0171488 0.0127325 0.00903685 0.00606417 0.00380365
 0.00867751 0.0140875 0.0211798 0.0298656 0.0398177 0.0503202 0.060241 0.0683079 0.0735761 0.0757365 0.0750625 0.072127 0.0675447 0.0618501 0.0554695 0.0487286 0.0418791 0.0351342 0.0286925 0.0227365 0.0174135 0.0128218 0.0090111 0.00599032 0.0037287
 0.00865689 0.0140539 0.0211291 0.0297937 0.039721 0.0501966 0.0600913 0.068137 0.0733921 0.0755493 0.0748807 0.0719574 0.0673949 0.0617349 0.0554163 0.0487728 0.0420474 0.035422 0.0290538 0.023097 0.0177031 0.0130036 0.0090902 0.00599945 0.00370557
 0.00864742 0.0140386 0.0211061 0.0297612 0.0396771 0.0501399 0.060021 0.068053 0.0732955 0.0754423 0.0747671 0.0718419 0.0672837 0.0616365 0.0553431 0.0487425 0.0420794 0.0355289 0.0292294 0.0233124 0.0179148 0.0131726 0.00919774 0.00604994 0.00371778
 0.00866707 0.0140659 0.0211386 0.0297934 0.0397022 0.0501515 0.060015 0.0680281 0.0732524 0.0753823 0.0746921 0.0717544 0.0671875 0.0615377 0.0552504 0.0486678 0.0420368 0.0355313 0.0292822 0.0234081 0.0180328 0.0132867 0.00928661 0.00610533 0.00374389
 0.0086318 0.0140177 0.0210827 0.0297399 0.0396621 0.0501318 0.0600148 0.068039 0.0732631 0.0753839 0.0746808 0.0717316 0.0671568 0.0615031 0.0552159 0.0486385 0.0420197 0.0355344 0.0293122 0.0234655 0.01811 0.0133694 0.00935974 0.00615907 0.00377643
 0.00863678 0.0140206 0.021078 0.0297206 0.0396235 0.0500755 0.0599513 0.067985 0.0732335 0.0753842 0.0747045 0.0717643 0.0671838 0.0615153 0.0552122 0.0486235 0.0420014 0.0355218 0.029313 0.023484 0.0181453 0.0134149 0.00940601 0.00619776 0.00380336
 0.00864539 0.0140364 0.0211047 0.0297615 0.0396789 0.0501408 0.0600156 0.0680342 0.0732565 0.0753788 0.0746774 0.0717265 0.0671438 0.0614757 0.0551708 0.048578 0.0419527 0.0354747 0.0292742 0.0234594 0.0181372 0.0134214 0.00942148 0.00621559 0.00381852
 0.0086206 0.0140005 0.0210592 0.029711 0.0396308 0.0501033 0.0599959 0.068036 0.0732785 0.0754145 0.0747175 0.0717623 0.067171 0.0614946 0.0551835 0.0485862 0.0419567 0.0354749 0.0292726 0.0234593 0.0181417 0.0134314 0.00943556 0.00623066 0.00383158
 0.00862177 0.0139976 0.0210461 0.02968 0.0395756 0.0500233 0.0598993 0.0679394 0.0732013 0.0753717 0.0747146 0.0717946 0.0672268 0.0615601 0.0552481 0.0486435 0.0420045 0.0355132 0.0293027 0.0234832 0.0181618 0.0134495 0.00945228 0.00624547 0.00384354
 0.00862177 0.0139976 0.0210461 0.02968 0.0395756 0.0500233 0.0598993 0.0679394 0.0732013 0.0753717 0.0747146 0.0717946 0.0672268 0.0615601 0.0552481 0.0486435 0.0420045 0.0355132 0.0293027 0.0234832 0.0181618 0.0134495 0.00945228 0.00624547 0.00384354
 0.0086269 0.0140079 0.0210649 0.0297102 0.0396176 0.0500726 0.0599453 0.0679682 0.073202 0.0753421 0.0746633 0.0717368 0.067177 0.0615266 0.0552311 0.0486382 0.0420047 0.0355143 0.0293029 0.0234827 0.0181616 0.0134506 0.00945511 0.00624956 0.00384793
 0.00863305 0.0140181 0.0210807 0.0297335 0.0396504 0.0501161 0.0599993 0.0680289 0.0732616 0.0753894 0.0746872 0.0717309 0.0671429 0.0614735 0.0551714 0.0485825 0.0419584 0.0354784 0.0292754 0.0234616 0.0181457 0.0134395 0.00944826 0.00624623 0.003847
 0.00863128 0.0140171 0.0210826 0.0297414 0.0396676 0.0501449 0.0600396 0.0680787 0.0733163 0.0754436 0.0747343 0.0717637 0.0671552 0.0614623 0.0551387 0.0485348 0.041905 0.0354272 0.0292315 0.0234267 0.0181194 0.0134207 0.00943581 0.00623871 0.00384304
 0.00871585 0.0141508 0.0212761 0.0300007 0.0399909 0.0505192 0.0604378 0.0684609 0.0736377 0.0756648 0.0748315 0.0717322 0.0670071 0.0612215 0.0548348 0.0481983 0.041564 0.0351052 0.0289456 0.023187 0.0179294 0.0132783 0.00933544 0.00617257 0.00380263
 0.0088409 0.0143554 0.0215855 0.0304363 0.0405625 0.0512144 0.0612128 0.069241 0.0743316 0.0761871 0.0751219 0.0717664 0.0667963 0.0608047 0.0542686 0.0475463 0.0408864 0.0344526 0.0283559 0.0226841 0.0175242 0.0129705 0.00911587 0.00602636 0.00371236
 0.00889858 0.0144575 0.0217546 0.0306987 0.0409419 0.051722 0.0618371 0.0699428 0.0750475 0.0768398 0.0756349 0.0720771 0.0668682 0.0606336 0.0538826 0.0469978 0.0402411 0.0337773 0.0277084 0.0221076 0.0170448 0.0125978 0.00884541 0.00584405 0.0035988
 0.00891292 0.0144818 0.0217936 0.0307596 0.0410356 0.0518632 0.0620427 0.0702267 0.0754125 0.0772702 0.076093 0.0725073 0.0672082 0.0608293 0.0539017 0.0468376 0.0399279 0.0333589 0.0272421 0.0216479 0.0166343 0.0122621 0.00859302 0.0056696 0.00348823
 0.00904467 0.0146871 0.0220854 0.0311421 0.0415015 0.0523916 0.0625976 0.0707612 0.0758792 0.0776338 0.0763368 0.0726304 0.0672154 0.0607234 0.0536815 0.0465036 0.0394905 0.0328435 0.0266882 0.021102 0.0161397 0.0118498 0.00827727 0.00544778 0.00334573
 0.00884276 0.0143798 0.0216633 0.0306139 0.0408962 0.0517578 0.0620023 0.0702824 0.0755907 0.0775855 0.0765408 0.0730585 0.0678088 0.0614059 0.0543729 0.0471314 0.0399994 0.0332033 0.0268965 0.0211812 0.0161274 0.0117876 0.00819997 0.00537804 0.00329366
 0.0087846 0.0142569 0.0214278 0.0302088 0.0402757 0.0509167 0.0609991 0.0692385 0.074661 0.0769135 0.0762216 0.0731225 0.068225 0.0620977 0.0552374 0.0480585 0.0408891 0.0339787 0.0275119 0.0216241 0.0164134 0.0119503 0.00827881 0.00540809 0.00330027
 0.0088309 0.0143263 0.0215189 0.0303097 0.040359 0.050937 0.060898 0.0689625 0.0741895 0.0762836 0.0755302 0.0725005 0.0677941 0.0619314 0.0553451 0.0483917 0.0413638 0.0345012 0.0280013 0.0220261 0.0167055 0.0121372 0.00838255 0.00545644 0.00331769
 0.00876613 0.0142319 0.021397 0.0301695 0.0402137 0.0507981 0.0607694 0.0688359 0.0740445 0.0760941 0.0752795 0.0721986 0.0674863 0.0616896 0.055241 0.0484676 0.0416154 0.0348808 0.0284369 0.0224462 0.0170582 0.0123988 0.00855468 0.00555691 0.00336947
 0.00911551 0.0147724 0.0221574 0.0311533 0.0413931 0.052109 0.0621071 0.0700606 0.0750035 0.0766554 0.0753623 0.0717898 0.0666424 0.0605266 0.0539135 0.0471389 0.0404231 0.0339102 0.0277131 0.0219445 0.0167279 0.0121861 0.00841694 0.00546661 0.00331075
 0.00900937 0.0146495 0.0220639 0.0311617 0.0415822 0.0525312 0.0627612 0.0708851 0.0758929 0.0774887 0.076028 0.0722024 0.0667518 0.0603254 0.0534408 0.0464758 0.0396765 0.0331872 0.0270946 0.0214708 0.0163987 0.011975 0.00828906 0.00539135 0.00326687
#pred catch len freq
 0.00391844 0.00626657 0.00927386 0.0129252 0.0172223 0.0221488 0.0275999 0.0333516 0.0390991 0.0445217 0.0493353 0.0533306 0.0564016 0.0585487 0.0598478 0.0604081 0.0603374 0.0597148 0.0585447 0.0566912 0.0538384 0.0495651 0.0435771 0.0360022 0.0275295
 0.00427571 0.0067916 0.00996621 0.0137639 0.0181918 0.0232698 0.0289358 0.0349727 0.0410152 0.0466223 0.0513824 0.0550196 0.0574632 0.0588395 0.0593882 0.0593558 0.0589151 0.0581236 0.0569009 0.0550134 0.0520905 0.0477297 0.0417117 0.0342394 0.0260222
 0.00450426 0.00718355 0.0105909 0.0146911 0.0194692 0.0248937 0.0308362 0.0370309 0.0431103 0.0486716 0.053335 0.0568052 0.0589433 0.0598132 0.0596622 0.0588326 0.0576392 0.0562578 0.0546526 0.0525633 0.0495654 0.0452256 0.0393336 0.0321152 0.0242741
 0.00477581 0.00760681 0.0111991 0.0155163 0.0205521 0.0262893 0.0325997 0.0391814 0.045588 0.0513184 0.0559216 0.0590946 0.0607473 0.0610066 0.0601594 0.0585678 0.0565811 0.0544446 0.0522103 0.0496857 0.0464744 0.0421395 0.0364535 0.0296138 0.0222729
 0.00511473 0.00813475 0.0119516 0.016514 0.0218024 0.0277901 0.0343407 0.0411449 0.0477467 0.053626 0.0582927 0.061386 0.0627626 0.062531 0.0610073 0.0586159 0.0557768 0.0528046 0.0498232 0.0467164 0.0431563 0.0387476 0.0332636 0.0268566 0.0200933
 0.00542452 0.00862537 0.0126666 0.0174877 0.023057 0.0293299 0.0361431 0.043154 0.0498776 0.0557789 0.0603693 0.0632961 0.0644171 0.0638274 0.0618224 0.0588172 0.055251 0.0514911 0.0477417 0.0439826 0.0399804 0.0354116 0.0300733 0.0240781 0.0178962
 0.00576902 0.00916674 0.0134482 0.0185418 0.0244053 0.0309805 0.0380815 0.04533 0.0521977 0.0581106 0.0625585 0.0651935 0.0659032 0.0648238 0.0622819 0.0587021 0.0545182 0.0500992 0.0456826 0.0413201 0.0368769 0.0321216 0.0268987 0.0212966 0.0156916
 0.00615636 0.00977277 0.0143175 0.0197037 0.0258738 0.0327534 0.0401323 0.0475984 0.0545853 0.0604851 0.064766 0.0670765 0.0673224 0.0656782 0.062519 0.0583111 0.0535115 0.0484968 0.0435144 0.0386517 0.0338424 0.0289361 0.0238313 0.0186066 0.0135571
 0.00648997 0.0103027 0.0150929 0.0207653 0.0272504 0.0344546 0.0421369 0.0498428 0.0569614 0.0628496 0.0669568 0.0689327 0.0687041 0.066483 0.0626906 0.0578383 0.0524183 0.04683 0.0413376 0.036054 0.0309574 0.0259548 0.0209859 0.0161216 0.0115883
 0.00669667 0.0106407 0.0156069 0.0215018 0.0282538 0.0357574 0.0437454 0.0517238 0.0590356 0.0649948 0.0690204 0.0707514 0.0701269 0.067392 0.0630133 0.057549 0.0515315 0.0453916 0.039419 0.0337542 0.0284118 0.0233392 0.0185025 0.0139606 0.00987966
 0.00697493 0.0110707 0.0162143 0.0223005 0.0292509 0.036958 0.0451497 0.0533171 0.0607742 0.0667977 0.070771 0.072311 0.0713575 0.0681786 0.0632797 0.0572631 0.0507024 0.0440621 0.0376607 0.0316667 0.0261262 0.0210168 0.0163197 0.0120769 0.00839957
