SBPRF35
12.7214
Curr Bio
967261
B35
878159
F35
0.17273
FOFL
0.17273
OFL
136978
Bzero
3.63469e+006
#pred survey bio
 2.95337e+006 2.71556e+006 2.51407e+006 2.25588e+006 2.01071e+006 1.8046e+006 1.60259e+006 1.41499e+006 1.2356e+006 1.09865e+006 959579 834890 746143 673214 626101 596414 564504 555995 542493 535993 532732 523574 528951 526026 536159 541642 539528 544268 550529 562648 564589 583231 597330 603411 611659 629863 641721 655809 665587 671211 672528 674366 675545 678118 691085 698058 688428 713669 734657 747881 778875 802551 804964 815606 857540 887124 915440 956498 972639 2.25144e+007 2.07535e+007 2.11283e+007 2.18225e+007 2.27123e+007 2.36591e+007 2.45634e+007 2.53685e+007 2.60515e+007 2.66119e+007 2.7061e+007 2.74151e+007 2.76915e+007 2.79057e+007 2.80712e+007 2.81989e+007 2.82976e+007 2.8374e+007 2.84333e+007 2.84795e+007 2.85157e+007 2.85441e+007 2.85665e+007 2.85842e+007 2.85983e+007 2.86096e+007 2.86185e+007 2.86257e+007 2.86315e+007 2.86362e+007 2.86399e+007 2.8643e+007 2.86454e+007 2.86474e+007 2.86491e+007 2.86504e+007 2.86515e+007 2.86523e+007 2.86531e+007 2.86536e+007 2.86541e+007 2.86545e+007 2.86548e+007 2.86551e+007 2.86553e+007 2.86555e+007 2.86556e+007 2.86557e+007 2.86558e+007 2.86559e+007 2.8656e+007 2.8656e+007 2.86561e+007 2.86561e+007 2.86561e+007 2.86562e+007 2.86562e+007 2.86562e+007 2.86562e+007 2.86562e+007 2.86562e+007 2.86562e+007 2.86562e+007 2.86562e+007 2.86563e+007 2.86563e+007 2.86563e+007 2.86563e+007 2.86563e+007 2.86563e+007 2.86563e+007 2.86563e+007 2.86563e+007 2.86563e+007 2.86563e+007 2.86563e+007 2.86563e+007 2.86563e+007 2.86563e+007 2.86563e+007 2.86563e+007 2.86563e+007 2.86563e+007 2.86563e+007 2.86563e+007 2.86563e+007 2.86563e+007 2.86563e+007 2.86563e+007 2.86563e+007 2.86563e+007 2.86563e+007 2.86563e+007 2.86563e+007 2.86563e+007 2.86563e+007 2.86563e+007 2.86563e+007 2.86563e+007 2.86563e+007 0 0 0 0 0 0 0 0 0 0 0 0 0 0 0 0 0 0 0 0 0 0 0 0 0
#obs survey bio
 2.8257e+006 1.93331e+006 2.50844e+006 2.1159e+006 1.54029e+006 1.9767e+006 1.62858e+006 1.25754e+006 1.28325e+006 615332 766234 514350 716693 790710 426273 472080 459932 754826 761235 455974 394501 500085 443756 592294 487252 592061 635764 451259 543558 589338 511377 448588 691573 742640 446552 631618 1.2053e+006 600464 544151 673397 508422 679362 760425 680634 699416 844083 873330 809533 652397 913858 856978 662962 779371 734414 1.13061e+006 687692 1.22656e+006 824516 789839
#pred catch bio
 261769 244633 313410 316869 295226 302400 296818 293886 259383 262142 246860 211410 192155 164043 144836 142857 120218 122298 114345 110651 114475 101201 107413 95787.1 99310.8 104339 97495.1 96189.4 91798.2 100893 88014 94410.2 102790 101530 93864.8 99710.7 97962.4 102515 107018 111349 111565 112516 111149 102587 108179 121562 92117.2 97903.2 105999 92478.9 100947 120666 115177 91819.7 106504 111011 103932 128205 137403 136978 137973 139511 143068 148196 153765 159042 163651 167460 170482 172809 174561 175856 176800 177480 177967 178312 178556 178727 178847 178930 178989 179029 179057 179077 179090 179099 179106 179110 179113 179115 179117 179118 179118 179119 179119 179119 179120 179120 179120 179120 179120 179120 179120 179120 179120 179120 179120 179120 179120 179120 179120 179120 179120 179120 179120 179120 179120 179120 179120 179120 179120 179120 179120 179120 179120 179120 179120 179120 179120 179120 179120 179120 179120 179120 179120 179120 179120 179120 179120 179120 179120 179120 179120 179120 179120 179120 179120 179120 179120 179120 179120 179120 179120 179120 179120 179120 179120 179120 179120 0 0 0 0 0 0 0 0 0 0 0 0 0 0 0 0 0 0 0 0 0 0 0 0 0
#obs catch bio
 230011 244812 315155 318253 297039 304696 298720 294969 260154 266097 251312 215605 196509 165462 146338 144538 121650 123106 114633 111023 115794 101730 108077 95896.6 99549.2 104128 96939.6 96139.4 91424.6 100789 87578.5 94493.3 103221 101900 94079.6 99975 97168.4 102011 106769 110918 111459 112813 111334 102214 107976 121310 91425.8 97604.8 106140 92196.4 100626 120772 115505 91747.4 106674 111666 103971 128891 137466
#pred cpue bio
 2.91176e+006 2.67467e+006 2.47299e+006 2.21532e+006 1.97114e+006 1.76573e+006 1.56483e+006 1.37855e+006 1.2005e+006 1.06435e+006 926628 803688 716560 645631 600075 571340 540335 532260 519409 513232 510046 501227 506754 504146 514275 519984 518233 522967 529100 540992 542894 560935 574450 580348 588583 606620 618549 632465 641824 647144 648318 649978 651193 653925 666724 673660 664308 689040 709584 722515 752977 776169 778190 788220 829180 858074 885566 925641 941436 2.17961e+007 2.00953e+007 2.03972e+007 2.10162e+007 2.18837e+007 2.28261e+007 2.37297e+007 2.45347e+007 2.52177e+007 2.57781e+007 2.62271e+007 2.65813e+007 2.68576e+007 2.70719e+007 2.72374e+007 2.73651e+007 2.74638e+007 2.75402e+007 2.75995e+007 2.76457e+007 2.76819e+007 2.77103e+007 2.77327e+007 2.77504e+007 2.77645e+007 2.77757e+007 2.77847e+007 2.77919e+007 2.77977e+007 2.78023e+007 2.78061e+007 2.78091e+007 2.78116e+007 2.78136e+007 2.78152e+007 2.78166e+007 2.78176e+007 2.78185e+007 2.78192e+007 2.78198e+007 2.78203e+007 2.78207e+007 2.7821e+007 2.78213e+007 2.78215e+007 2.78217e+007 2.78218e+007 2.78219e+007 2.7822e+007 2.78221e+007 2.78222e+007 2.78222e+007 2.78223e+007 2.78223e+007 2.78223e+007 2.78223e+007 2.78224e+007 2.78224e+007 2.78224e+007 2.78224e+007 2.78224e+007 2.78224e+007 2.78224e+007 2.78224e+007 2.78224e+007 2.78224e+007 2.78224e+007 2.78224e+007 2.78224e+007 2.78224e+007 2.78224e+007 2.78224e+007 2.78224e+007 2.78224e+007 2.78224e+007 2.78224e+007 2.78224e+007 2.78224e+007 2.78224e+007 2.78224e+007 2.78224e+007 2.78224e+007 2.78224e+007 2.78224e+007 2.78224e+007 2.78224e+007 2.78224e+007 2.78224e+007 2.78224e+007 2.78224e+007 2.78224e+007 2.78224e+007 2.78224e+007 2.78224e+007 2.78224e+007 2.78224e+007 2.78224e+007 2.78224e+007 2.78224e+007 2.78224e+007 0 0 0 0 0 0 0 0 0 0 0 0 0 0 0 0 0 0 0 0 0 0 0 0 0
#obs cpue bio
 3.89941e+006 2.39033e+006 2.53204e+006 2.33776e+006 1.81649e+006 1.52464e+006 1.55112e+006 1.89141e+006 1.00965e+006 966930 849403 831301 507183 797597 637885 643478 432719 537556 410975 527591 424708 554103 633765 493838 541365 696823 562353 472952 663285 518449 680311 507119 403688 461225 737550 659026 799778 584339 662090 778590 683905 491589 630348 912860 606633 761089 638943 512427 631944 682699 778569 791746 645740 769359 717238 661730 814585 888276 1.72801e+006
#pred surv len freq
 0.00490732 0.00800947 0.0121326 0.0172811 0.0233407 0.0299887 0.0366664 0.0427166 0.0476258 0.0511878 0.0534832 0.0547435 0.055229 0.0551674 0.0547355 0.0540612 0.0532334 0.0523048 0.0512566 0.0499216 0.0479243 0.0447399 0.0399319 0.0334751 0.0259361
 0.00532913 0.00863099 0.0129527 0.0182675 0.0244533 0.0312083 0.0380053 0.0441952 0.0492262 0.0528157 0.0549691 0.0558921 0.0558891 0.0552859 0.0543669 0.053331 0.0522771 0.0512106 0.0500369 0.0485284 0.0463049 0.0429036 0.0379863 0.0316043 0.0243296
 0.00544102 0.00887602 0.0134335 0.0191065 0.0257489 0.0329755 0.0401369 0.0464808 0.0514284 0.0547547 0.0565571 0.0571016 0.0566966 0.0556444 0.0542279 0.0526865 0.0511803 0.0497552 0.0483144 0.0465995 0.0442083 0.0406966 0.0357807 0.0295606 0.0226082
 0.00570108 0.00927714 0.0140025 0.0198691 0.0267428 0.0342596 0.0417791 0.0485165 0.0538066 0.0573075 0.0590243 0.0592062 0.0582261 0.0564904 0.0543711 0.0521592 0.0500416 0.0480854 0.0462132 0.0441789 0.0415885 0.0380133 0.0331935 0.027242 0.0207044
 0.00599117 0.00974868 0.0147104 0.02086 0.0280427 0.0358584 0.0436224 0.0505172 0.0558733 0.0593669 0.0610148 0.0610448 0.0597834 0.0576028 0.0548861 0.051981 0.0491497 0.0465265 0.0440835 0.0416113 0.0387475 0.0350915 0.0304 0.024775 0.0187109
 0.00618736 0.0100791 0.0152294 0.0216269 0.0291109 0.0372566 0.0453341 0.0524702 0.0579488 0.0614266 0.0629316 0.0627231 0.061157 0.0586133 0.0554608 0.0520304 0.0485912 0.0453182 0.0422498 0.0392513 0.0360289 0.0322334 0.0276437 0.0223418 0.0167555
 0.00642113 0.0104573 0.0157962 0.0224247 0.0301754 0.038608 0.0469636 0.0543304 0.0599519 0.0634531 0.0648463 0.0643951 0.0624793 0.0595136 0.0558964 0.0519708 0.0480032 0.0441698 0.0405351 0.0370232 0.0334198 0.0294511 0.024937 0.0199452 0.0148324
 0.00672883 0.0109458 0.0165095 0.0233961 0.0314221 0.0401229 0.0487063 0.0562242 0.0618938 0.0653307 0.0665533 0.0658383 0.0635801 0.06021 0.0561447 0.0517446 0.0472872 0.0429561 0.0388302 0.0348703 0.0309256 0.0267947 0.0223476 0.0176482 0.012989
 0.00712196 0.011573 0.0174305 0.024656 0.0330404 0.0420778 0.0509194 0.0585592 0.0641776 0.0673905 0.0682503 0.0670835 0.064333 0.0604657 0.0559182 0.0510574 0.0461596 0.0414055 0.0368804 0.03257 0.0283715 0.0241439 0.019802 0.0154099 0.0112027
 0.00731263 0.0119069 0.017977 0.0254937 0.0342385 0.0436668 0.0528634 0.0607466 0.0664394 0.0695362 0.0701043 0.0685105 0.0652501 0.0608424 0.0557669 0.0504169 0.0450773 0.0399276 0.0350528 0.0304521 0.0260559 0.0217682 0.0175383 0.0134289 0.00962636
 0.00750517 0.0122321 0.01849 0.0262569 0.035312 0.0450906 0.0546354 0.0628055 0.0686617 0.0717489 0.0721105 0.0701238 0.0663276 0.0613077 0.0556138 0.0496941 0.0438646 0.0383136 0.033124 0.0282969 0.0237774 0.0194951 0.0154189 0.0116035 0.00819023
 0.00769082 0.0125401 0.0189657 0.0269476 0.0362596 0.046318 0.0561321 0.0645192 0.0705016 0.0735965 0.0738323 0.0715826 0.0673963 0.0618864 0.0556463 0.0491768 0.0428429 0.036868 0.0313543 0.0263126 0.0216971 0.0174477 0.0135372 0.0100036 0.00694468
 0.00763142 0.0124784 0.0189383 0.0270129 0.0364862 0.0467655 0.0568319 0.065466 0.0716555 0.0748915 0.0751837 0.0728924 0.0685588 0.0627961 0.0562098 0.0493271 0.0425515 0.0361513 0.0302714 0.0249566 0.0201848 0.0159083 0.012098 0.00877042 0.00598195
 0.0077675 0.0126582 0.0191349 0.0271826 0.0365903 0.0467994 0.0568432 0.0655457 0.0719012 0.0753643 0.0758817 0.0737535 0.0694829 0.0636709 0.0569286 0.0497993 0.042711 0.0359652 0.0297475 0.024146 0.0191765 0.0148156 0.0110387 0.00784418 0.005251
 0.00791469 0.0128789 0.01943 0.0275344 0.0369598 0.0471286 0.0570662 0.0656102 0.0717991 0.0751511 0.0756682 0.0736629 0.0695971 0.0639962 0.0573961 0.0502944 0.0431108 0.0361696 0.0296991 0.0238384 0.018653 0.0141577 0.0103452 0.00720641 0.00473197
 0.00797788 0.0129793 0.019576 0.0277305 0.0372028 0.0474035 0.0573419 0.0658409 0.0719343 0.0751547 0.0755389 0.0734458 0.0693751 0.0638598 0.0574052 0.0504503 0.0433549 0.0364075 0.0298365 0.0238132 0.0184522 0.0138166 0.00993081 0.00679304 0.00437817
 0.00806109 0.0131148 0.01978 0.0280166 0.0375784 0.0478625 0.0578586 0.0663677 0.0724077 0.0755074 0.075716 0.0734202 0.0691594 0.0635082 0.0570002 0.0500747 0.0430611 0.0362 0.029677 0.0236463 0.0182353 0.0135393 0.00961585 0.00648171 0.00410985
 0.00798738 0.012994 0.0195979 0.027763 0.0372538 0.0474865 0.0574746 0.0660387 0.0721985 0.0754631 0.0758438 0.0736879 0.0695078 0.0638737 0.0573364 0.0503638 0.0433085 0.0364174 0.0298651 0.0237896 0.0183118 0.0135373 0.00954441 0.00636801 0.00398717
 0.00808029 0.0131219 0.0197469 0.0279047 0.0373512 0.047506 0.0573973 0.0658677 0.0719602 0.0752021 0.0756132 0.0735334 0.0694535 0.0639149 0.0574448 0.0505024 0.043447 0.036539 0.0299633 0.0238598 0.0183475 0.0135328 0.00950152 0.00629881 0.00390981
 0.00816963 0.0132555 0.019925 0.0281168 0.037575 0.0477081 0.0575368 0.0659044 0.0718678 0.0749819 0.0752998 0.0731872 0.0691416 0.0636902 0.0573314 0.0504931 0.0435129 0.0366436 0.0300745 0.0239554 0.0184144 0.0135656 0.00950175 0.00627452 0.00387311
 0.00806939 0.0131249 0.0197879 0.0280137 0.03755 0.0477881 0.0577158 0.0661408 0.072099 0.0751462 0.0753569 0.0731297 0.0689947 0.0635018 0.0571551 0.0503708 0.043463 0.0366602 0.0301352 0.0240327 0.0184849 0.0136152 0.00952595 0.00627671 0.00386127
 0.00806284 0.0131039 0.0197392 0.0279243 0.037417 0.0476307 0.0575791 0.0660831 0.0721645 0.0753375 0.075627 0.0734003 0.0691916 0.0635845 0.0571281 0.0502723 0.0433431 0.0365595 0.0300733 0.0240086 0.0184853 0.013624 0.00953185 0.00627516 0.00385337
 0.00798825 0.0129777 0.0195401 0.0276295 0.0370083 0.0471045 0.0569576 0.065423 0.0715527 0.0748751 0.0754002 0.0734505 0.0694984 0.0640727 0.0576971 0.0508332 0.043842 0.0369794 0.0304205 0.0242948 0.018718 0.0138057 0.0096639 0.00636236 0.00390454
 0.00799114 0.0129825 0.0195465 0.0276348 0.0370045 0.0470756 0.0568804 0.0652726 0.0713146 0.0745584 0.0750451 0.0731226 0.0692682 0.0639893 0.0577697 0.0510298 0.044107 0.037258 0.0306754 0.0245098 0.0188906 0.0139387 0.00976126 0.00642848 0.00394519
 0.0078345 0.012741 0.0192082 0.0271992 0.036484 0.0464964 0.0562824 0.0647053 0.0708279 0.0741909 0.0748182 0.073043 0.0693366 0.0642051 0.0581274 0.0515108 0.0446734 0.037857 0.0312518 0.0250197 0.0193095 0.0142603 0.00999248 0.00658352 0.00404135
 0.00775726 0.0126107 0.0190041 0.0269008 0.0360775 0.0459846 0.0556924 0.0640887 0.0702504 0.0737152 0.0744893 0.0728824 0.0693439 0.0643667 0.0584236 0.0519193 0.045168 0.0384034 0.0318082 0.0255427 0.0197631 0.0146236 0.0102611 0.00676676 0.00415631
 0.00785707 0.0127484 0.0191652 0.0270542 0.0361817 0.0459982 0.0555858 0.0638515 0.0698948 0.0732756 0.0740175 0.0724373 0.0689791 0.0641196 0.0583117 0.0519421 0.0453112 0.038643 0.0321117 0.0258724 0.0200816 0.0149007 0.0104794 0.00692272 0.00425741
 0.00786596 0.0127679 0.0192025 0.0271156 0.0362661 0.0460906 0.0556534 0.0638502 0.0697854 0.0730422 0.0736776 0.0720385 0.0685845 0.0637896 0.0580906 0.0518517 0.0453512 0.0387954 0.0323467 0.0261533 0.0203705 0.015165 0.0106966 0.00708378 0.0043651
 0.00785754 0.0127522 0.0191757 0.0270745 0.0362107 0.046026 0.05559 0.0637985 0.0697472 0.0730051 0.0736183 0.0719351 0.0684315 0.0636056 0.0579127 0.051722 0.0453022 0.0388402 0.0324778 0.026347 0.0205943 0.0153859 0.0108888 0.00723271 0.00446838
 0.00780497 0.0126675 0.0190499 0.0269001 0.0359844 0.0457517 0.0552827 0.0634855 0.0694645 0.0727885 0.0734919 0.0719036 0.068479 0.0637045 0.0580378 0.0518615 0.0454589 0.0390245 0.0326961 0.0265939 0.0208527 0.0156322 0.0111013 0.00739814 0.00458424
 0.00797565 0.0129123 0.0193575 0.0272383 0.0363076 0.0460149 0.055452 0.0635434 0.0694088 0.0726306 0.0732548 0.071618 0.0681778 0.0634151 0.0577778 0.0516396 0.0452804 0.0388953 0.0326223 0.0265776 0.0208872 0.0157017 0.0111853 0.00747795 0.00464808
 0.00796892 0.01291 0.0193686 0.0272729 0.0363697 0.0460936 0.0555185 0.0635582 0.0693395 0.0724697 0.0730263 0.0713676 0.0679541 0.0632526 0.0576903 0.0516229 0.0453204 0.0389758 0.0327304 0.0267041 0.0210239 0.0158389 0.0113117 0.00758366 0.00472742
 0.007816 0.0126984 0.0191188 0.0270282 0.0361848 0.0460159 0.05557 0.0637271 0.0695833 0.0727269 0.0732348 0.0714844 0.0679683 0.0631861 0.0575844 0.0515199 0.0452494 0.0389487 0.0327457 0.0267533 0.0210959 0.0159221 0.011395 0.00765731 0.00478528
 0.00772518 0.0125519 0.0189028 0.0267367 0.0358282 0.0456298 0.0552177 0.0634874 0.0695226 0.0728686 0.0735445 0.0718816 0.0683586 0.0634958 0.0577815 0.0516137 0.0452751 0.0389469 0.0327472 0.0267734 0.0211366 0.015977 0.0114546 0.00771258 0.00483011
 0.0076795 0.0124708 0.018768 0.0265271 0.0355254 0.0452274 0.0547322 0.0629641 0.0690334 0.0724974 0.0733642 0.0719289 0.0686181 0.0639039 0.05825 0.0520618 0.0456534 0.0392425 0.0329728 0.0269507 0.021283 0.0161014 0.0115586 0.00779498 0.00489046
 0.00750926 0.0122117 0.0184107 0.0260734 0.0349862 0.0446189 0.0540758 0.0622904 0.0683863 0.0719356 0.0729562 0.07174 0.0686923 0.0642454 0.0588153 0.0527692 0.0464065 0.0399581 0.0335983 0.0274659 0.0216906 0.016414 0.0117904 0.00795937 0.00500017
 0.00756328 0.0122641 0.0184251 0.0259965 0.0347644 0.0442231 0.0535204 0.0616324 0.0677046 0.0713054 0.0724329 0.0713609 0.0684856 0.0642337 0.0590084 0.0531519 0.0469327 0.0405587 0.0342002 0.028011 0.0221455 0.0167689 0.0120515 0.00814062 0.00511828
 0.007651 0.0123969 0.0186041 0.0262097 0.0349817 0.0443941 0.0535789 0.0615133 0.0673712 0.0707723 0.0717705 0.0706736 0.0678783 0.0637855 0.0587629 0.053119 0.047094 0.0408715 0.0346046 0.0284421 0.0225479 0.0171066 0.0123103 0.00832314 0.00523716
 0.00761656 0.0123665 0.018605 0.026281 0.0351611 0.0446974 0.0539821 0.0619483 0.0677402 0.0709764 0.0717413 0.0703976 0.0674029 0.0632046 0.0581871 0.0526444 0.0467808 0.040737 0.0346284 0.0285784 0.0227417 0.0173085 0.0124863 0.00845754 0.00532882
 0.00761421 0.0123575 0.0185836 0.0262438 0.0351139 0.0446626 0.0539987 0.0620595 0.0679686 0.071301 0.072092 0.0706763 0.0675217 0.0631225 0.0579257 0.0522769 0.0464015 0.0404279 0.0344365 0.0285099 0.0227708 0.0173946 0.0125899 0.00855106 0.00539933
 0.00764359 0.0124046 0.0186527 0.0263367 0.0352282 0.0447902 0.0541276 0.0621791 0.0680774 0.0714093 0.0722137 0.0708119 0.0676457 0.0631876 0.0578851 0.0521115 0.0461344 0.0401163 0.0341469 0.0282922 0.0226439 0.017348 0.0125967 0.00858242 0.00543407
 0.00754572 0.0122713 0.0185 0.0261954 0.0351354 0.0447752 0.0542 0.0623259 0.0682703 0.0716164 0.0724112 0.0709884 0.0677984 0.0633125 0.0579688 0.0521338 0.0460807 0.039992 0.0339805 0.0281248 0.0225112 0.017267 0.0125641 0.00858226 0.00544866
 0.00748166 0.0121628 0.0183304 0.0259518 0.0348174 0.0444058 0.0538307 0.0620276 0.0681092 0.0716278 0.0725857 0.0712801 0.0681474 0.0636654 0.0582886 0.0523975 0.0462746 0.0401108 0.0340308 0.028126 0.0224899 0.0172467 0.0125574 0.00858981 0.00546402
 0.00753403 0.0122258 0.0183838 0.025962 0.0347452 0.0442205 0.0535244 0.0616244 0.0676646 0.0712177 0.0722871 0.0711482 0.0681976 0.0638712 0.0585947 0.0527407 0.0466012 0.0403854 0.0342375 0.0282659 0.0225765 0.0172987 0.0125913 0.00861585 0.00548566
 0.00744318 0.0120972 0.0182243 0.0257864 0.0345676 0.0440424 0.0533292 0.0613842 0.0673593 0.0708547 0.0719107 0.0708298 0.0680117 0.0638674 0.0587801 0.0530798 0.0470305 0.0408357 0.0346525 0.0286119 0.0228423 0.0174903 0.012723 0.00870344 0.00554222
 0.00738912 0.0120091 0.0180926 0.0256052 0.0343393 0.0437823 0.0530659 0.061151 0.0671786 0.0707263 0.0718132 0.0707391 0.0679231 0.0638045 0.0587839 0.0531843 0.047243 0.0411314 0.0349859 0.028935 0.0231201 0.0177064 0.0128776 0.00880637 0.00560664
 0.0075375 0.0122272 0.0183771 0.0259368 0.0346861 0.0441075 0.0533349 0.061337 0.067266 0.0707113 0.0717011 0.0705394 0.067647 0.0634691 0.0584185 0.0528311 0.0469468 0.0409236 0.0348729 0.0288994 0.0231321 0.0177374 0.0129088 0.00882983 0.0056216
 0.00748074 0.0121346 0.0182372 0.0257382 0.0344198 0.0437703 0.0529346 0.0608968 0.0668247 0.0703189 0.0714092 0.0703871 0.0676491 0.0636119 0.0586667 0.0531434 0.0472907 0.0412802 0.0352319 0.0292496 0.0234568 0.0180179 0.0131314 0.00899083 0.00572741
 0.00741435 0.0120362 0.0181064 0.0255799 0.034241 0.0435762 0.0527259 0.060671 0.0665807 0.0700629 0.0711586 0.0701707 0.0675008 0.0635607 0.058726 0.0533065 0.0475344 0.0415746 0.035549 0.0295662 0.0237536 0.0182784 0.0133432 0.00914862 0.00583424
 0.00738913 0.0119959 0.0180474 0.0255002 0.0341417 0.0434628 0.0526081 0.0605594 0.0664815 0.0699738 0.0710694 0.0700711 0.0673903 0.0634533 0.0586471 0.0532823 0.0475808 0.0416913 0.0357211 0.0297709 0.0239665 0.0184776 0.0135127 0.00927973 0.00592599
 0.00736104 0.0119332 0.0179224 0.0252785 0.0337931 0.0429777 0.0520112 0.0599115 0.0658657 0.0694715 0.0707389 0.0699354 0.0674376 0.0636488 0.0589484 0.0536533 0.0479965 0.0421343 0.036175 0.0302157 0.0243792 0.0188368 0.0138033 0.00949665 0.00607426
 0.00739247 0.0119821 0.0179902 0.0253608 0.0338751 0.043031 0.0519955 0.059785 0.0656039 0.0690851 0.0702783 0.069477 0.0670581 0.0634005 0.0588493 0.0536914 0.0481434 0.0423584 0.0364475 0.030511 0.0246731 0.019107 0.0140318 0.00967343 0.0061986
 0.00747058 0.0121166 0.0182056 0.0256823 0.0343197 0.0435941 0.0526382 0.0604316 0.0661537 0.069437 0.0703601 0.0692684 0.0665978 0.0627751 0.0581657 0.0530457 0.0476005 0.0419468 0.036167 0.0303444 0.0245955 0.019091 0.0140517 0.00970781 0.00623287
 0.00748228 0.012136 0.0182366 0.0257315 0.0343987 0.0437202 0.0528318 0.0607076 0.0665084 0.0698375 0.070743 0.0695541 0.0667166 0.0626932 0.0578988 0.0526531 0.0471624 0.0415379 0.0358373 0.0301138 0.0244589 0.0190285 0.0140382 0.00972008 0.00625373
 0.00739515 0.0119867 0.0179989 0.0253793 0.0339159 0.0431151 0.0521498 0.060032 0.0659449 0.0694859 0.0706668 0.0697594 0.0671492 0.0632552 0.0584813 0.0531711 0.0475761 0.041852 0.0360829 0.0303243 0.0246544 0.0192123 0.0142024 0.00985496 0.0063539
 0.00740358 0.0119981 0.0180104 0.0253835 0.0338987 0.0430546 0.0520197 0.0598109 0.0656308 0.0691085 0.0702882 0.0694583 0.066993 0.0632735 0.0586547 0.0534413 0.0478729 0.0421208 0.0362994 0.030492 0.0247894 0.0193285 0.0143052 0.00994215 0.00642178
 0.00737474 0.01196 0.0179692 0.0253496 0.0338832 0.0430627 0.052045 0.0598339 0.0656227 0.0690408 0.0701463 0.0692529 0.0667628 0.0630748 0.0585399 0.0534365 0.0479686 0.0422801 0.0364786 0.0306587 0.0249296 0.019442 0.0143964 0.0100145 0.00647653
 0.00722597 0.0117341 0.0176598 0.0249636 0.0334408 0.0425967 0.0515979 0.0594523 0.0653471 0.0688926 0.0701209 0.0693241 0.0668973 0.0632488 0.0587475 0.0536862 0.0482686 0.0426254 0.0368469 0.0310182 0.0252513 0.0197084 0.0146025 0.0101644 0.00657872
 0.00713582 0.0116012 0.0174852 0.0247576 0.0332203 0.0423811 0.0514053 0.0592981 0.0652423 0.0688429 0.0701242 0.06937 0.0669695 0.0633305 0.0588282 0.0537668 0.04836 0.0427411 0.036993 0.0311877 0.0254275 0.019872 0.0147395 0.0102687 0.00665142
#obs surv len freq
 0.00496462 0.0081335 0.0123743 0.0177014 0.0239888 0.0308702 0.0377187 0.0438092 0.0485897 0.0518583 0.0537338 0.0545027 0.0544864 0.0539835 0.0532552 0.0525147 0.0519061 0.0514635 0.0510478 0.0502898 0.0486076 0.0453706 0.0402019 0.0332702 0.0253575
 0.00517529 0.00847614 0.0128905 0.0184307 0.0249621 0.0320991 0.0391834 0.0454531 0.0503257 0.0535825 0.0553394 0.0558885 0.0555608 0.0546674 0.0534853 0.0522492 0.051131 0.0501995 0.0493557 0.048273 0.0464089 0.0431607 0.0381554 0.0315328 0.0240138
 0.00541464 0.00886752 0.0134836 0.0192728 0.0260885 0.0335187 0.040864 0.0473177 0.0522645 0.0554754 0.0570751 0.0573728 0.0567151 0.0554244 0.053786 0.0520441 0.0503862 0.0489081 0.0475528 0.0460491 0.0439155 0.0405988 0.0357439 0.0294615 0.0223993
 0.00564503 0.00924775 0.0140665 0.0201114 0.027226 0.0349719 0.0426068 0.0492742 0.0543198 0.0574977 0.0589374 0.058967 0.0579561 0.0562478 0.0541419 0.0518907 0.049689 0.047648 0.0457443 0.0437629 0.0412944 0.0378532 0.0331183 0.0271784 0.0206035
 0.00589311 0.00965159 0.0146756 0.020973 0.0283773 0.036427 0.0443422 0.0512224 0.0563763 0.0595382 0.0608366 0.0606111 0.0592503 0.0571186 0.0545353 0.0517672 0.049019 0.0464139 0.0439539 0.041474 0.0386371 0.0350338 0.0303897 0.0247812 0.0187016
 0.00613523 0.0100505 0.0152856 0.0218474 0.0295574 0.0379254 0.0461258 0.0532081 0.0584452 0.0615602 0.0626917 0.0621991 0.0604907 0.0579475 0.0549024 0.051633 0.0483533 0.0451986 0.0421946 0.0392213 0.0360105 0.0322294 0.0276559 0.0223618 0.0167694
 0.00637033 0.0104366 0.0158741 0.0226891 0.0306931 0.0393704 0.047854 0.0551448 0.0604763 0.0635533 0.0645183 0.0637498 0.0616823 0.0587216 0.0552203 0.0514678 0.0476843 0.0440122 0.0404962 0.037056 0.0334868 0.0295293 0.0250143 0.0200136 0.0148851
 0.00662073 0.0108458 0.0164938 0.0235683 0.0318684 0.0408508 0.0496049 0.0570835 0.0624834 0.0654958 0.0662713 0.0652093 0.0627696 0.0593836 0.0554254 0.0512003 0.0469377 0.0427864 0.0388049 0.0349448 0.0310561 0.0269453 0.0224928 0.0177726 0.0130847
 0.00687041 0.0112533 0.0171098 0.0244405 0.0330315 0.0423114 0.0513259 0.0589792 0.0644317 0.0673621 0.0679314 0.066563 0.0637449 0.0599351 0.0555303 0.0508518 0.046139 0.0415484 0.0371507 0.032924 0.0287637 0.0245319 0.0201516 0.0156983 0.0114202
 0.00707854 0.0115996 0.0176456 0.0252177 0.0340916 0.0436672 0.0529446 0.060777 0.0662866 0.0691391 0.0695059 0.067835 0.064644 0.0604193 0.055582 0.0504713 0.0453383 0.0403477 0.0355813 0.0310397 0.0266551 0.0223351 0.0180364 0.0138334 0.0099281
 0.00729497 0.0119512 0.0181742 0.0259626 0.0350824 0.044912 0.0544173 0.0624108 0.0679804 0.0707737 0.0709631 0.0690129 0.0654666 0.0608407 0.0555849 0.050061 0.0445351 0.0391816 0.0340926 0.0292867 0.0247255 0.0203514 0.0161462 0.0121798 0.0086124
 0.00745992 0.0122242 0.0185939 0.0265674 0.035902 0.0459551 0.0556587 0.0637886 0.0694061 0.0721499 0.072199 0.0700312 0.0662054 0.0612544 0.0556453 0.0497589 0.0438788 0.0381953 0.0328156 0.0277772 0.0230663 0.0186529 0.0145356 0.0107774 0.00750095
 0.00752002 0.0123275 0.0187606 0.0268218 0.0362699 0.0464581 0.0563073 0.0645759 0.0703052 0.0731151 0.07317 0.0709397 0.0669826 0.0618379 0.0559839 0.0498159 0.0436347 0.0376494 0.0319892 0.0267159 0.0218429 0.0173648 0.0132941 0.00968616 0.00663138
 0.00759591 0.0124403 0.0189113 0.0270064 0.0364835 0.0467003 0.056586 0.0649059 0.0707022 0.073588 0.0737131 0.0715293 0.0675768 0.0623817 0.0564168 0.0500803 0.0436841 0.0374555 0.0315472 0.0260495 0.021006 0.0164382 0.0123734 0.0088616 0.00596674
 0.00765524 0.0125332 0.0190439 0.0271807 0.0366953 0.0469384 0.0568324 0.0651408 0.0709129 0.073777 0.073899 0.0717375 0.0678251 0.0626669 0.0567105 0.0503343 0.0438415 0.0374644 0.0313739 0.0256881 0.0204837 0.0158127 0.0117212 0.00825951 0.00547187
 0.00772386 0.0126344 0.0191771 0.0273388 0.0368673 0.0471127 0.0569993 0.0652928 0.0710439 0.0738829 0.0739808 0.0718041 0.0678929 0.0627534 0.0568247 0.0504667 0.043962 0.0375291 0.0313387 0.0255245 0.020191 0.0154212 0.0112845 0.00783822 0.0051153
 0.00779671 0.012749 0.0193416 0.0275565 0.0371335 0.0474126 0.0573063 0.0655724 0.0712624 0.0740182 0.0740286 0.0717771 0.0678146 0.0626513 0.0567233 0.050382 0.0438954 0.0374653 0.0312497 0.0253816 0.0199781 0.0151449 0.0109735 0.00753293 0.00485246
 0.00781929 0.0127868 0.0194006 0.0276427 0.0372522 0.0475653 0.0574887 0.0657722 0.0714605 0.0741921 0.0741576 0.0718482 0.0678258 0.0626122 0.0566517 0.0502972 0.0438118 0.0373863 0.031167 0.0252787 0.0198405 0.014969 0.0107718 0.00732932 0.00467236
 0.00785006 0.0128298 0.0194526 0.0276972 0.037302 0.047607 0.0575252 0.0658121 0.0715135 0.0742633 0.0742439 0.0719382 0.0679041 0.062665 0.0566723 0.0502874 0.0437792 0.0373395 0.0311096 0.0252081 0.0197506 0.014857 0.010643 0.0071969 0.00455255
 0.00788127 0.0128769 0.0195163 0.0277749 0.0373874 0.0476905 0.0575953 0.0658584 0.0715312 0.0742563 0.0742243 0.0719207 0.0678988 0.0626729 0.056686 0.0502966 0.0437759 0.0373204 0.031075 0.0251588 0.0196869 0.0147797 0.0105558 0.00710803 0.00447182
 0.00787298 0.0128638 0.0194974 0.0277495 0.0373556 0.0476533 0.0575549 0.0658176 0.0714931 0.0742243 0.0742022 0.0719136 0.0679123 0.0627108 0.0567474 0.0503743 0.0438582 0.0373948 0.0311316 0.0251923 0.0196956 0.0147656 0.0105241 0.0070663 0.00442878
 0.00790056 0.0129014 0.0195406 0.0277899 0.037383 0.0476597 0.0575376 0.0657799 0.0714423 0.0741686 0.074149 0.0718683 0.0678793 0.0626937 0.0567487 0.0503942 0.0438935 0.0374382 0.031174 0.0252248 0.0197126 0.0147656 0.0105096 0.0070427 0.00440247
 0.00791861 0.0129287 0.0195777 0.0278349 0.0374312 0.0477032 0.057566 0.0657829 0.0714138 0.0741101 0.0740701 0.0717842 0.0678047 0.0626393 0.0567194 0.05039 0.0439107 0.0374707 0.0312138 0.0252633 0.0197426 0.0147827 0.0105136 0.00703666 0.00439103
 0.00789589 0.0128945 0.0195315 0.027778 0.0373669 0.0476357 0.0575001 0.0657229 0.0713625 0.0740685 0.0740384 0.0717626 0.0677956 0.0626465 0.0567464 0.050438 0.0439772 0.0375501 0.031298 0.0253437 0.0198115 0.014835 0.0105479 0.00705495 0.0043978
 0.00788725 0.012875 0.0194922 0.0277085 0.0372585 0.0474875 0.0573224 0.0655371 0.0711949 0.073942 0.0739658 0.0717455 0.067827 0.0627157 0.0568428 0.0505532 0.0441046 0.0376831 0.0314296 0.0254662 0.0199176 0.0149196 0.0106091 0.00709453 0.00442022
 0.007863 0.0128343 0.0194284 0.0276142 0.037127 0.0473147 0.0571106 0.0652973 0.0709477 0.0737154 0.0737895 0.0716439 0.0678125 0.062786 0.056983 0.0507416 0.0443188 0.0379041 0.0316424 0.0256595 0.0200831 0.0150522 0.0107075 0.00716155 0.00446158
 0.00785246 0.0128156 0.0193973 0.0275654 0.0370551 0.0472156 0.056983 0.0651438 0.0707751 0.0735347 0.0736163 0.0714971 0.0677122 0.0627483 0.0570155 0.0508403 0.0444697 0.0380871 0.0318365 0.0258464 0.0202492 0.0151891 0.0108118 0.00723443 0.00450803
 0.00783967 0.0127924 0.0193581 0.0275037 0.0369649 0.0470944 0.0568337 0.0649751 0.0706 0.0733669 0.0734681 0.071379 0.0676331 0.0627163 0.0570372 0.0509181 0.0445995 0.0382574 0.0320297 0.0260428 0.020431 0.0153433 0.0109318 0.0073201 0.00456378
 0.00780373 0.0127339 0.0192701 0.0273799 0.0368015 0.0468922 0.0566006 0.064727 0.0703582 0.0731544 0.0733044 0.0712772 0.0675988 0.0627486 0.0571305 0.0510647 0.0447899 0.0384799 0.0322696 0.0262827 0.0206533 0.0155336 0.0110818 0.00742844 0.00463518
 0.00776907 0.0126779 0.0191865 0.0272632 0.0366481 0.0467024 0.0563806 0.0644894 0.0701209 0.0729375 0.073127 0.071155 0.0675421 0.0627614 0.0572105 0.0512042 0.0449775 0.0387016 0.03251 0.0265249 0.0208805 0.0157313 0.0112404 0.00754505 0.0047133
 0.00772241 0.0126019 0.0190718 0.0271019 0.0364358 0.0464412 0.0560825 0.0641765 0.0698212 0.0726788 0.0729319 0.0710379 0.0675091 0.0628118 0.0573379 0.0513974 0.0452217 0.0389796 0.032803 0.0268141 0.0211479 0.0159621 0.0114252 0.0076813 0.00480511
 0.00771521 0.012583 0.0190302 0.0270228 0.0363044 0.046249 0.055832 0.0638835 0.069512 0.0723839 0.0726805 0.0708532 0.0674065 0.0627975 0.0574095 0.0515458 0.0454324 0.0392347 0.0330823 0.0270967 0.0214139 0.0161948 0.0116137 0.00782172 0.00490071
 0.0077096 0.0125798 0.0190356 0.0270442 0.0363457 0.0463046 0.055884 0.0639044 0.0694751 0.0722754 0.072506 0.0706367 0.0671822 0.0626 0.0572658 0.0514717 0.0454319 0.0393013 0.0332019 0.0272501 0.0215803 0.0163547 0.011752 0.00792983 0.00497708
 0.00765677 0.0124986 0.0189226 0.0269011 0.0361803 0.0461315 0.0557232 0.0637767 0.0693938 0.0722398 0.0725013 0.0706419 0.0671816 0.0625913 0.0572602 0.0514867 0.045483 0.039396 0.0333374 0.0274145 0.0217561 0.0165235 0.0118985 0.00804486 0.00505874
 0.00761832 0.0124323 0.0188165 0.0267429 0.0359619 0.0458556 0.0554081 0.0634568 0.0691119 0.0720349 0.0723965 0.0706388 0.0672626 0.0627279 0.0574249 0.0516619 0.0456633 0.0395835 0.0335346 0.027619 0.0219589 0.0167116 0.0120592 0.00817048 0.00514784
 0.00759442 0.0123941 0.0187598 0.026663 0.035854 0.0457144 0.0552302 0.0632439 0.0688749 0.0717955 0.0721852 0.070487 0.0671926 0.0627459 0.0575198 0.0518119 0.0458451 0.0397794 0.0337343 0.0278165 0.0221481 0.0168845 0.0122072 0.00828701 0.00523144
 0.00759069 0.0123871 0.0187475 0.0266429 0.035823 0.0456694 0.0551686 0.0631631 0.0687728 0.0716717 0.0720436 0.070339 0.0670569 0.0626449 0.0574721 0.0518252 0.0459148 0.0398919 0.0338731 0.0279666 0.0222977 0.0170238 0.0123279 0.00838362 0.00530195
 0.00759057 0.012388 0.0187506 0.0266496 0.0358339 0.0456835 0.055182 0.0631694 0.0687643 0.0716414 0.0719872 0.0702563 0.0669535 0.0625327 0.0573682 0.051748 0.0458781 0.0399008 0.0339233 0.0280469 0.022394 0.0171226 0.0124185 0.0084586 0.00535806
 0.00758528 0.0123832 0.0187503 0.0266598 0.0358609 0.0457308 0.0552479 0.0632465 0.0688404 0.0717025 0.0720203 0.0702522 0.066909 0.0624514 0.0572611 0.0516318 0.0457718 0.0398211 0.0338797 0.0280405 0.022418 0.0171656 0.0124684 0.00850552 0.00539601
 0.007545 0.0123215 0.018665 0.0265525 0.0357375 0.0456024 0.0551302 0.0631571 0.0687948 0.0717077 0.0720722 0.0703363 0.0670053 0.0625411 0.0573312 0.0516783 0.0457994 0.0398403 0.0339022 0.0280743 0.022465 0.0172216 0.0125258 0.00855687 0.00543646
 0.00754082 0.0123097 0.0186381 0.0265011 0.0356534 0.0454831 0.0549832 0.063 0.0686514 0.0716015 0.0720194 0.0703422 0.0670633 0.0626354 0.0574417 0.0517866 0.0458934 0.0399166 0.0339645 0.0281294 0.0225185 0.0172751 0.0125772 0.00860208 0.00547217
 0.00753946 0.012307 0.0186327 0.0264905 0.0356335 0.0454477 0.0549254 0.0629149 0.0685401 0.071474 0.0718943 0.0702419 0.067007 0.0626319 0.0574873 0.0518675 0.0459916 0.0400159 0.0340549 0.0282077 0.0225857 0.0173335 0.0126275 0.00864374 0.00550417
 0.00751301 0.0122691 0.0185853 0.0264384 0.0355828 0.0454035 0.054889 0.0628835 0.0685077 0.0714343 0.0718441 0.0701843 0.0669518 0.0625932 0.0574782 0.051894 0.0460506 0.0400967 0.0341443 0.0282944 0.022663 0.0173989 0.0126806 0.00868494 0.00553434
 0.00751985 0.0122753 0.0185858 0.0264261 0.0355519 0.0453528 0.0548246 0.0628175 0.0684525 0.0713969 0.0718232 0.070172 0.0669399 0.0625783 0.057464 0.051889 0.0460629 0.0401296 0.0341947 0.0283547 0.0227246 0.0174549 0.0127273 0.00872117 0.00556044
 0.00748662 0.0122284 0.0185282 0.0263643 0.0354928 0.0453002 0.0547771 0.0627702 0.0684021 0.0713456 0.0717789 0.0701443 0.066934 0.0625932 0.0574943 0.0519294 0.046111 0.0401857 0.0342587 0.0284244 0.0227949 0.0175198 0.0127821 0.0087634 0.00559027
 0.00747867 0.0122125 0.0184992 0.0263168 0.0354238 0.0452128 0.0546816 0.062682 0.0683351 0.0713065 0.0717653 0.0701486 0.0669494 0.0626165 0.0575252 0.0519682 0.0461572 0.040238 0.0343158 0.0284844 0.0228551 0.0175763 0.0128309 0.00880202 0.00561801
 0.00747867 0.0122125 0.0184992 0.0263168 0.0354238 0.0452128 0.0546816 0.062682 0.0683351 0.0713065 0.0717653 0.0701486 0.0669494 0.0626165 0.0575252 0.0519682 0.0461572 0.040238 0.0343158 0.0284844 0.0228551 0.0175763 0.0128309 0.00880202 0.00561801
 0.00735163 0.0120083 0.0181969 0.0259008 0.0348896 0.0445749 0.0539809 0.0619856 0.0677248 0.0708594 0.0715344 0.0701516 0.0671684 0.0630073 0.0580308 0.0525321 0.0467321 0.0407888 0.0348189 0.0289249 0.0232249 0.0178725 0.0130556 0.00896163 0.00572323
 0.00736427 0.0120162 0.0181849 0.0258459 0.0347655 0.0443599 0.0536665 0.0615819 0.0672616 0.070383 0.0711013 0.0698188 0.0669809 0.0629875 0.0581735 0.0528077 0.0470965 0.041195 0.0352257 0.0293019 0.0235522 0.0181399 0.0132606 0.00910837 0.00582046
 0.00730656 0.0119292 0.0180661 0.0256957 0.0345844 0.0441455 0.0534129 0.0612825 0.0669164 0.0700049 0.0707196 0.0694763 0.0667259 0.0628623 0.0582036 0.0529949 0.0474178 0.0416088 0.035682 0.0297528 0.0239602 0.0184813 0.0135254 0.0092986 0.00594641
 0.00720038 0.0117559 0.0178052 0.0253305 0.0341089 0.0435726 0.05278 0.0606477 0.0663431 0.0695433 0.0703956 0.0692942 0.0666807 0.0629498 0.0584239 0.0533465 0.0478893 0.0421729 0.0362966 0.0303674 0.0245268 0.0189635 0.0139043 0.00957271 0.00612838
 0.00721211 0.0117676 0.0178085 0.0253112 0.0340484 0.0434517 0.0525839 0.060372 0.0659984 0.0691564 0.0700049 0.068941 0.0663992 0.0627629 0.0583443 0.053381 0.0480391 0.0424306 0.0366411 0.0307641 0.0249325 0.0193371 0.0142154 0.00980757 0.00628909
 0.00725575 0.011842 0.0179259 0.0254823 0.0342766 0.043725 0.0528696 0.0606189 0.0661494 0.0691663 0.0698561 0.0686486 0.0660061 0.0623272 0.0579249 0.0530272 0.0477852 0.0422939 0.0366217 0.0308449 0.0250828 0.019519 0.0143937 0.00995738 0.00639945
 0.00717832 0.0117275 0.0177754 0.0253062 0.0340937 0.0435599 0.0527484 0.0605623 0.0661644 0.0692401 0.0699563 0.068734 0.0660427 0.0623017 0.0578496 0.0529332 0.0477108 0.042272 0.0366706 0.0309648 0.0252566 0.0197184 0.0145879 0.0101223 0.00652289
 0.00707541 0.0115575 0.0175157 0.0249378 0.0336092 0.0429753 0.0521108 0.0599479 0.0656606 0.0689192 0.0698542 0.0688413 0.0663121 0.0626668 0.0582465 0.0533183 0.0480674 0.0426051 0.0369945 0.0312897 0.0255804 0.0200267 0.0148608 0.0103429 0.00668412
 0.00704558 0.0115029 0.0174217 0.0247857 0.0333795 0.0426529 0.0516935 0.059453 0.0651283 0.0684097 0.069437 0.0685783 0.0662395 0.0627836 0.0585164 0.0536849 0.0484743 0.0430121 0.0373819 0.0316523 0.0259169 0.0203317 0.0151242 0.0105546 0.00683952
 0.00709666 0.0115845 0.0175409 0.0249451 0.0335731 0.0428614 0.0518816 0.0595734 0.0651342 0.0682722 0.0691595 0.0682003 0.0658269 0.062409 0.0582371 0.0535273 0.0484325 0.0430589 0.0374849 0.0317855 0.0260632 0.0204797 0.0152634 0.0106749 0.00693372
 0.00699772 0.0114369 0.0173438 0.0247076 0.0333133 0.0426027 0.0516488 0.0593871 0.065005 0.0681953 0.0691163 0.0681675 0.0657901 0.062373 0.058225 0.0535693 0.0485501 0.0432542 0.0377403 0.0320721 0.0263512 0.0207449 0.0154897 0.0108539 0.00706419
 0.00705495 0.0115173 0.0174417 0.0248105 0.033406 0.042674 0.0516961 0.0594157 0.0650225 0.0682049 0.0691118 0.0681349 0.0657135 0.0622438 0.05805 0.0533728 0.0483672 0.0431185 0.037672 0.0320725 0.0264057 0.0208311 0.0155854 0.0109422 0.00713515
#pred catch len freq
 0.00375216 0.0060581 0.00907494 0.0128236 0.0173197 0.0225244 0.0282761 0.0342799 0.0401683 0.0455814 0.050222 0.0538938 0.0565253 0.0581677 0.0589586 0.0590755 0.0587001 0.0579847 0.0569897 0.0555892 0.0534039 0.0498719 0.0445187 0.0373226 0.0289177
 0.00410209 0.00657521 0.00976108 0.0136578 0.0182785 0.0236064 0.0295086 0.0356938 0.0417516 0.0472404 0.0517827 0.0551504 0.0573131 0.0584203 0.058721 0.0584689 0.0578594 0.0569967 0.055861 0.0542618 0.0518143 0.0480245 0.0425266 0.0353839 0.0272399
 0.00426751 0.00688079 0.0102856 0.0144893 0.0194847 0.0251955 0.0314036 0.0377466 0.043795 0.0491431 0.0534653 0.0565558 0.0583664 0.059023 0.058787 0.057973 0.0568545 0.0555855 0.0541451 0.0523072 0.0496613 0.0457325 0.0402143 0.0332256 0.0254119
 0.00452697 0.00728063 0.0108524 0.0152488 0.0204762 0.0264814 0.0330581 0.0398132 0.0462306 0.0517851 0.0560542 0.0588091 0.0600603 0.0600313 0.0590697 0.0575427 0.055757 0.053897 0.0519698 0.0497666 0.0468868 0.042872 0.0374422 0.0307309 0.0233567
 0.004797 0.00771275 0.0114895 0.0161254 0.0216128 0.0278783 0.0346927 0.0416476 0.048225 0.053901 0.0582338 0.0609414 0.0619668 0.0614946 0.0598918 0.0575979 0.0550111 0.0523958 0.0498172 0.0471089 0.0439055 0.0397788 0.0344667 0.0280913 0.0212162
 0.00502192 0.008079 0.0120432 0.0169133 0.0226775 0.0292474 0.0363638 0.043575 0.0503197 0.0560452 0.0603052 0.0628331 0.0635894 0.0627595 0.0606939 0.0578178 0.0545429 0.0511854 0.0478894 0.0445746 0.0409533 0.0366549 0.0314416 0.0254133 0.0190596
 0.00527706 0.00848407 0.0126365 0.0177286 0.023744 0.0305869 0.0379811 0.045446 0.0523808 0.0581917 0.0624007 0.06473 0.0651546 0.0638933 0.0613289 0.057903 0.0540289 0.0500285 0.0460792 0.0421693 0.0381025 0.0335932 0.02845 0.022757 0.016924
 0.00561423 0.00901145 0.0133923 0.0187371 0.0250148 0.0321138 0.0397366 0.0473763 0.054406 0.0602125 0.064307 0.0664088 0.066499 0.0648115 0.061753 0.0577895 0.053352 0.0487746 0.0442537 0.0398211 0.0353526 0.0306454 0.0255648 0.0201909 0.014861
 0.00598961 0.00960341 0.0142495 0.0198939 0.0264869 0.033891 0.0417726 0.0495815 0.0566534 0.0623563 0.0662056 0.067944 0.0675859 0.0654001 0.0618215 0.0573339 0.0523774 0.0472917 0.0422857 0.0374227 0.0326342 0.027786 0.0227947 0.0177406 0.0128977
 0.0062591 0.0100472 0.0149285 0.0208693 0.0278095 0.0355825 0.0438044 0.0518628 0.0590382 0.0646658 0.0682578 0.069581 0.0686954 0.0659251 0.0617562 0.0567084 0.0512376 0.0456863 0.0402663 0.0350577 0.0300306 0.0251027 0.0202302 0.0154918 0.0111057
 0.00650934 0.0104533 0.0155403 0.0217379 0.0289833 0.0370975 0.0456666 0.0540287 0.0614023 0.0670624 0.0704812 0.0714209 0.0699784 0.0665466 0.06169 0.0559944 0.0499559 0.0439322 0.0381365 0.0326533 0.0274709 0.0225368 0.0178296 0.0134194 0.0094725
 0.00668856 0.0107464 0.0159859 0.0223769 0.029856 0.038236 0.0470835 0.0557053 0.0632806 0.0690428 0.0724256 0.0731652 0.0713541 0.0674097 0.061948 0.0556208 0.0489878 0.0424536 0.0362589 0.0305023 0.0251844 0.0202652 0.0157281 0.0116242 0.0080703
 0.00665902 0.0107258 0.0160071 0.0224911 0.0301248 0.0387169 0.0478139 0.0566933 0.064502 0.0704426 0.0739206 0.074648 0.0727 0.0684892 0.0626434 0.0558452 0.048701 0.04167 0.0350443 0.0289639 0.0234577 0.0185007 0.0140743 0.0102047 0.00696072
 0.00674539 0.0108352 0.0161172 0.022569 0.0301462 0.0386902 0.0477957 0.0567784 0.0647896 0.0709946 0.0747357 0.0756612 0.0738027 0.0695537 0.0635427 0.0564671 0.0489608 0.0415232 0.0344965 0.0280729 0.0223267 0.0172623 0.0128664 0.00914453 0.00612198
 0.00684487 0.0109825 0.0163097 0.0227896 0.0303612 0.038853 0.0478572 0.0567082 0.0646016 0.0707619 0.0745764 0.0756948 0.0740976 0.0700954 0.0642385 0.0571781 0.0495427 0.0418601 0.0345221 0.0277809 0.0217691 0.0165354 0.0120873 0.00842152 0.00553034
