SBPRF35
7.78865
Curr Bio
559427
B35
697322
F35
0.229721
FOFL
0.198446
OFL
90659.4
Bzero
2.22533e+06
#pred survey bio
 4.23962e+06 4.04033e+06 3.84031e+06 3.58474e+06 3.30332e+06 3.01253e+06 2.72435e+06 2.47036e+06 2.19883e+06 1.94293e+06 1.7281e+06 1.55002e+06 1.34734e+06 1.21467e+06 1.05969e+06 934410 861333 782479 720060 663840 627598 605993 591905 569378 561213 560380 548533 547611 549362 537915 540822 542422 542095 544785 539100 517867 507376 499232 502740 511614 521490 530576 538885 556742 566211 568875 573766 576867 583362 580887 584456 556524 513472 485505 471945 514070 557613 2.11785e+07 1.3081e+07 1.34773e+07 1.40476e+07 1.46972e+07 1.53165e+07 1.58494e+07 1.62794e+07 1.66122e+07 1.68627e+07 1.70481e+07 1.71841e+07 1.72833e+07 1.73557e+07 1.74087e+07 1.74477e+07 1.74765e+07 1.74978e+07 1.75138e+07 1.75259e+07 1.75349e+07 1.75418e+07 1.7547e+07 1.7551e+07 1.75541e+07 1.75564e+07 1.75582e+07 1.75596e+07 1.75607e+07 1.75615e+07 1.75621e+07 1.75626e+07 1.7563e+07 1.75633e+07 1.75635e+07 1.75637e+07 1.75638e+07 1.75639e+07 1.7564e+07 1.75641e+07 1.75641e+07 1.75642e+07 1.75642e+07 1.75642e+07 1.75642e+07 1.75643e+07 1.75643e+07 1.75643e+07 1.75643e+07 1.75643e+07 1.75643e+07 1.75643e+07 1.75643e+07 1.75643e+07 1.75643e+07 1.75643e+07 1.75643e+07 1.75643e+07 1.75643e+07 1.75643e+07 1.75643e+07 1.75643e+07 1.75643e+07 1.75643e+07 1.75643e+07 1.75643e+07 1.75643e+07 1.75643e+07 1.75643e+07 1.75643e+07 1.75643e+07 1.75643e+07 1.75643e+07 1.75643e+07 1.75643e+07 1.75643e+07 1.75643e+07 1.75643e+07 1.75643e+07 1.75643e+07 1.75643e+07 1.75643e+07 1.75643e+07 1.75643e+07 1.75643e+07 1.75643e+07 1.75643e+07 1.75643e+07 1.75643e+07 1.75643e+07 1.75643e+07 1.75643e+07 1.75643e+07 1.75643e+07 1.75643e+07 1.75643e+07 1.75643e+07 1.75643e+07 1.75643e+07 1.75643e+07 0 0 0 0 0 0 0 0 0 0 0 0 0 0 0 0 0 0 0 0 0 0 0 0 0
#obs survey bio
 2.15493e+06 2.95964e+06 2.9601e+06 2.48729e+06 3.29792e+06 2.68857e+06 1.72041e+06 2.03137e+06 2.88105e+06 2.36229e+06 1.32384e+06 1.64554e+06 1.71712e+06 777378 907683 1.05257e+06 795349 927033 777089 734680 605107 362752 532045 438267 572556 416167 572853 462697 520246 591488 527915 505593 547681 681530 479985 646101 523879 504398 601035 455487 462438 686397 508814 871373 509819 518932 712952 621404 459804 748064 593842 739070 459309 412005 479694 401630 697956
#pred catch bio
 88126 95589.3 163927 211520 247403 273313 268843 307655 312537 290885 269969 299287 242160 264377 238299 191619 193212 173416 161804 139857 125401 118782 125223 112397 106040 114028 103333 100517 110033 95535.2 94680 94103.7 88912.9 92402.1 100826 89300.4 90222.4 85502.3 84773.6 85565.7 86200.6 86308.1 78531.4 86347.6 92699.6 91400.7 93261.4 90840.9 98701.7 93370.3 119328 130837 118241 108441 67464.5 73616.6 74800.1 90659.4 106124 108298 111639 116021 120351 124029 126897 129012 130510 131541 132234 132692 132991 133183 133306 133384 133433 133464 133483 133495 133503 133507 133510 133512 133513 133514 133514 133515 133515 133515 133515 133515 133515 133515 133515 133515 133515 133515 133515 133515 133515 133515 133515 133515 133515 133515 133515 133515 133515 133515 133515 133515 133515 133515 133515 133515 133515 133515 133515 133515 133515 133515 133515 133515 133515 133515 133515 133515 133515 133515 133515 133515 133515 133515 133515 133515 133515 133515 133515 133515 133515 133515 133515 133515 133515 133515 133515 133515 133515 133515 133515 133515 133515 133515 133515 133515 133515 133515 133515 0 0 0 0 0 0 0 0 0 0 0 0 0 0 0 0 0 0 0 0 0 0 0 0 0
#obs catch bio
 0 95435.2 165096 213738 250553 278047 273664 315055 319174 296549 274431 307102 244428 269884 243163 194584 196069 175439 162740 139869 125474 120191 127088 113816 107679 116174 104340 101706 112089 96620.5 95450.5 95081.9 89459.7 92770.4 101440 88862.7 89973 85506.9 84691.3 85701.6 86149.9 85704.8 77993.4 85548.4 92075.1 90907.7 92644.6 90050.5 98425.5 92508.6 118242 129201 116521 108090 67085.2 73773.9 74753.3
#pred cpue bio
 4.15131e+06 3.95465e+06 3.75651e+06 3.50159e+06 3.22172e+06 2.9329e+06 2.64677e+06 2.39471e+06 2.12622e+06 1.87375e+06 1.6618e+06 1.48614e+06 1.28726e+06 1.15704e+06 1.00526e+06 882937 812079 736317 676886 623525 588941 567813 553821 532000 524043 523378 512399 511784 513622 503039 506538 508741 509041 512444 508036 488520 478066 468236 469881 478064 487977 497359 505766 523059 532148 534499 539072 542105 548334 545922 549472 522366 480088 451956 437658 477050 518513 1.97677e+07 1.22442e+07 1.25928e+07 1.30809e+07 1.36962e+07 1.4307e+07 1.48382e+07 1.52679e+07 1.56006e+07 1.58511e+07 1.60365e+07 1.61725e+07 1.62717e+07 1.63441e+07 1.63971e+07 1.64361e+07 1.64649e+07 1.64862e+07 1.65022e+07 1.65143e+07 1.65233e+07 1.65302e+07 1.65354e+07 1.65394e+07 1.65425e+07 1.65448e+07 1.65466e+07 1.6548e+07 1.65491e+07 1.65499e+07 1.65505e+07 1.6551e+07 1.65514e+07 1.65517e+07 1.65519e+07 1.65521e+07 1.65522e+07 1.65523e+07 1.65524e+07 1.65525e+07 1.65525e+07 1.65526e+07 1.65526e+07 1.65526e+07 1.65526e+07 1.65527e+07 1.65527e+07 1.65527e+07 1.65527e+07 1.65527e+07 1.65527e+07 1.65527e+07 1.65527e+07 1.65527e+07 1.65527e+07 1.65527e+07 1.65527e+07 1.65527e+07 1.65527e+07 1.65527e+07 1.65527e+07 1.65527e+07 1.65527e+07 1.65527e+07 1.65527e+07 1.65527e+07 1.65527e+07 1.65527e+07 1.65527e+07 1.65527e+07 1.65527e+07 1.65527e+07 1.65527e+07 1.65527e+07 1.65527e+07 1.65527e+07 1.65527e+07 1.65527e+07 1.65527e+07 1.65527e+07 1.65527e+07 1.65527e+07 1.65527e+07 1.65527e+07 1.65527e+07 1.65527e+07 1.65527e+07 1.65527e+07 1.65527e+07 1.65527e+07 1.65527e+07 1.65527e+07 1.65527e+07 1.65527e+07 1.65527e+07 1.65527e+07 1.65527e+07 1.65527e+07 1.65527e+07 1.65527e+07 0 0 0 0 0 0 0 0 0 0 0 0 0 0 0 0 0 0 0 0 0 0 0 0 0
#obs cpue bio
 3.53501e+06 3.4086e+06 2.73779e+06 2.37347e+06 2.81363e+06 2.14872e+06 2.75261e+06 2.44526e+06 2.02243e+06 1.37378e+06 1.97743e+06 955203 1.57333e+06 1.05675e+06 897090 611872 923486 567568 805702 690093 557978 391211 510625 544208 313461 560180 584620 414755 364804 442490 594322 413757 548899 472140 550814 716351 459579 362366 435272 445226 660963 728406 517637 512861 540424 547384 554046 619392 529990 614668 661402 529464 685400 385411 368747 446904 486018
#pred surv len freq
 0.00480082 0.00775574 0.0116061 0.016327 0.0218272 0.0278832 0.0340945 0.0399597 0.0450507 0.0491484 0.0522543 0.0545109 0.0561133 0.0572396 0.0579935 0.058369 0.0582514 0.0574554 0.0557707 0.0529938 0.0489522 0.0435577 0.036912 0.0294138 0.0217593
 0.00517924 0.00827261 0.0122081 0.0169189 0.0223182 0.028248 0.0344055 0.0403532 0.0456355 0.0499115 0.053027 0.0550236 0.0561098 0.056591 0.0567602 0.0567886 0.056662 0.0561812 0.0550134 0.0527736 0.0491248 0.0438987 0.0372214 0.0295857 0.0217885
 0.00532662 0.00855754 0.0127135 0.017731 0.023484 0.0297236 0.0360324 0.0418994 0.0468924 0.0507851 0.0535503 0.0552786 0.056123 0.0562916 0.0560349 0.0555885 0.0550811 0.0544494 0.0534088 0.0515076 0.0482683 0.0433858 0.036918 0.0293704 0.0215982
 0.00549029 0.00881552 0.013092 0.0182624 0.0242164 0.030722 0.0373597 0.0435718 0.0488298 0.0527933 0.0553646 0.0566542 0.0569127 0.0564582 0.0556052 0.0546062 0.0536077 0.0526026 0.0513818 0.0495323 0.0465403 0.0420055 0.0358845 0.0286235 0.0210674
 0.00569765 0.00914566 0.0135759 0.0189248 0.025073 0.0317776 0.0386068 0.0449945 0.050406 0.0544871 0.0571029 0.0583031 0.0582828 0.0573484 0.0558625 0.0541647 0.0524927 0.0509178 0.0492973 0.0472677 0.0443285 0.0400404 0.0342811 0.0274105 0.0202106
 0.00592948 0.00951625 0.0141223 0.0196787 0.0260563 0.0329953 0.0400381 0.0465883 0.0520878 0.0561743 0.0587186 0.0597767 0.0595367 0.0582813 0.0563479 0.0540757 0.0517446 0.0495075 0.0473217 0.0449151 0.0418443 0.0376747 0.0322334 0.025793 0.0190421
 0.00614726 0.00987038 0.014656 0.0204335 0.027066 0.0342751 0.041572 0.0483212 0.0539299 0.0580148 0.0604439 0.0612854 0.0607475 0.0591298 0.0567736 0.0540104 0.0511175 0.0482728 0.0454989 0.0426188 0.0392817 0.0351063 0.0299085 0.0238886 0.0176303
 0.00628342 0.0100999 0.0150175 0.020971 0.0278232 0.035285 0.042843 0.0498279 0.0556104 0.0597768 0.0621752 0.0628677 0.0620709 0.060104 0.0573301 0.054096 0.0506865 0.0472907 0.043965 0.0405994 0.0369309 0.0326525 0.0276038 0.0219402 0.0161492
 0.00648854 0.0104275 0.0155008 0.0216402 0.0287042 0.0363949 0.0441824 0.0513716 0.0573031 0.061534 0.0638905 0.0644244 0.063356 0.0610214 0.0578082 0.0540875 0.0501628 0.0462393 0.0423982 0.0385766 0.0345817 0.0301783 0.0252434 0.0199081 0.0145765
 0.00679705 0.010907 0.0161822 0.0225389 0.0298209 0.0377157 0.0456761 0.0529869 0.0589702 0.0631723 0.0654157 0.0657535 0.0644101 0.061729 0.0581094 0.0539375 0.0495334 0.0451207 0.0408069 0.0365702 0.0322772 0.027756 0.0229219 0.0178919 0.0129992
 0.0070411 0.0113045 0.0167812 0.023383 0.030939 0.0391065 0.0472946 0.054742 0.0607415 0.0648369 0.0668713 0.0669277 0.0652568 0.0622189 0.0582213 0.0536526 0.0488352 0.044001 0.0392769 0.0346778 0.0301234 0.0254987 0.0207556 0.0160018 0.0115106
 0.00713618 0.0114771 0.0170753 0.0238539 0.0316442 0.0400895 0.0485649 0.0562618 0.0624236 0.0665554 0.0684826 0.0682964 0.0662795 0.0628363 0.058415 0.0534296 0.0482117 0.0429943 0.0379109 0.032999 0.028219 0.0235037 0.0188371 0.0143219 0.010181
 0.00752943 0.0120732 0.0178938 0.0248896 0.0328768 0.0414964 0.0501249 0.0579454 0.0641765 0.0682871 0.0700685 0.0695961 0.0671658 0.0632231 0.058272 0.0527796 0.0471128 0.0415189 0.0361339 0.0310005 0.0260969 0.0213837 0.016864 0.0126306 0.00886028
 0.00771947 0.0123891 0.0183803 0.025588 0.0338111 0.0426553 0.0514506 0.0593412 0.0655367 0.0695298 0.0711491 0.070493 0.0678526 0.0636534 0.0583861 0.0525268 0.0464725 0.0405086 0.0348052 0.0294319 0.0243898 0.0196586 0.0152505 0.0112444 0.00777575
 0.00792962 0.0127441 0.0189397 0.026417 0.0349671 0.0441658 0.0532865 0.0614007 0.0676503 0.0714895 0.0727535 0.071593 0.0683808 0.0636229 0.0578629 0.051593 0.0452029 0.0389672 0.0330556 0.0275499 0.0224692 0.0178092 0.0135842 0.00985372 0.0067117
 0.00811322 0.0130332 0.0193594 0.0269898 0.035716 0.0451148 0.0544542 0.0627854 0.0692114 0.0731336 0.0743359 0.0729397 0.0693283 0.0640597 0.0577539 0.0509769 0.0441664 0.0376149 0.0314901 0.0258679 0.0207674 0.0161872 0.0121377 0.00865821 0.00580494
 0.00806084 0.012965 0.0192888 0.0269411 0.0357206 0.0452043 0.0546565 0.0631247 0.0697104 0.0738103 0.0751894 0.0739314 0.0703698 0.0650208 0.0584932 0.0513814 0.0441806 0.0372476 0.030801 0.0249474 0.0197197 0.0151181 0.0111445 0.00781637 0.00515623
 0.0080541 0.0129645 0.0193078 0.0270005 0.0358457 0.0454192 0.0549763 0.0635505 0.070227 0.0743894 0.0757968 0.0745345 0.0709396 0.0655258 0.0588905 0.0516151 0.0441948 0.0370068 0.0303079 0.0242465 0.0188882 0.014249 0.0103275 0.00712118 0.00462079
 0.00813225 0.0130687 0.0194236 0.0271025 0.0359086 0.0454326 0.0549555 0.0635347 0.0702648 0.0745193 0.0760331 0.0748647 0.0713314 0.0659375 0.0592772 0.0519309 0.044393 0.0370458 0.0301625 0.0239206 0.0184192 0.0137015 0.00977614 0.00663106 0.0042328
 0.00843782 0.0135161 0.0200039 0.0277721 0.0365968 0.0460583 0.0554443 0.0638329 0.0703514 0.0744137 0.0757917 0.0745633 0.0710395 0.065698 0.0591001 0.0517983 0.0442704 0.0368936 0.0299461 0.0236214 0.0180427 0.0132776 0.00935066 0.00625035 0.00392902
 0.00880882 0.0140715 0.0207491 0.0286755 0.0375926 0.0470551 0.0563347 0.0645074 0.0707194 0.0744296 0.0754726 0.0739863 0.0703184 0.0649504 0.0584171 0.0512283 0.043818 0.0365311 0.029632 0.0233176 0.0177279 0.0129523 0.00903375 0.00596802 0.00370251
 0.00887415 0.0142065 0.0210033 0.0291072 0.0382475 0.0479354 0.0573753 0.065577 0.0716534 0.0750785 0.0757439 0.0738635 0.0698568 0.0642547 0.0576119 0.0504271 0.0430998 0.0359308 0.0291462 0.0229203 0.0173896 0.0126537 0.00877019 0.00574521 0.00352803
 0.00886999 0.0141986 0.0209921 0.0291002 0.0382663 0.0480218 0.0575865 0.0659653 0.0722324 0.0757966 0.0764842 0.074479 0.0702235 0.0643148 0.0573863 0.0499962 0.0425679 0.0353911 0.0286593 0.0225109 0.0170558 0.012383 0.00855075 0.00557102 0.0033966
 0.00900617 0.0144048 0.0212739 0.0294514 0.0386708 0.0484565 0.058027 0.0663917 0.0726349 0.0761752 0.0768381 0.0747892 0.0704434 0.0643813 0.0572477 0.0496415 0.0420372 0.0347615 0.0280167 0.0219237 0.0165624 0.0119936 0.00825815 0.00536062 0.00325261
 0.00892493 0.0142957 0.0211517 0.0293438 0.0386093 0.0484643 0.058109 0.0665343 0.0728165 0.0763784 0.0770576 0.0750289 0.070704 0.0646463 0.0574791 0.0497903 0.0420648 0.0346592 0.0278099 0.0216596 0.0162906 0.0117507 0.00806257 0.00521567 0.00315281
 0.00878004 0.0140699 0.020832 0.0289289 0.0381153 0.047929 0.0575933 0.0661131 0.072559 0.0763258 0.0772117 0.0753574 0.0711573 0.0651719 0.0580267 0.0503109 0.0425115 0.0349951 0.0280186 0.0217502 0.0162926 0.0117014 0.00799486 0.00515129 0.00310204
 0.00891112 0.0142493 0.0210394 0.0291239 0.0382479 0.0479576 0.0575007 0.0659136 0.0722934 0.0760497 0.0769798 0.0752097 0.0711097 0.0652163 0.0581384 0.0504575 0.0426607 0.0351182 0.0280949 0.0217713 0.016264 0.01164 0.00792139 0.00508299 0.00304857
 0.00889528 0.0142346 0.0210358 0.0291428 0.0382929 0.0480139 0.0575314 0.0658696 0.0721375 0.075781 0.0766426 0.0748797 0.070865 0.0651092 0.0581809 0.0506246 0.0429046 0.0353856 0.0283401 0.0219642 0.0163931 0.0117098 0.00794676 0.00508216 0.00303691
 0.00864871 0.0138795 0.0205871 0.0286453 0.0378113 0.0476134 0.0572592 0.0657441 0.0721451 0.0758818 0.0767851 0.0750221 0.070993 0.0652388 0.058344 0.0508466 0.043188 0.0357081 0.0286649 0.0222544 0.0166236 0.0118721 0.00804722 0.00513578 0.00306067
 0.00861237 0.0138063 0.0204529 0.0284253 0.0374932 0.0472152 0.0568387 0.0653882 0.0719388 0.0758703 0.0769537 0.0753044 0.0713032 0.0655078 0.0585421 0.0509836 0.0432952 0.0358156 0.0287856 0.0223829 0.0167441 0.0119697 0.00811503 0.00517577 0.00308015
 0.00855364 0.0137007 0.0202744 0.0281416 0.0370715 0.0466337 0.0561024 0.0645428 0.0710752 0.0751136 0.0764336 0.0751149 0.0714687 0.0659755 0.0592058 0.0517257 0.0440225 0.0364737 0.0293528 0.0228547 0.0171217 0.0122564 0.00831813 0.00530797 0.00315833
 0.00842387 0.013511 0.0200273 0.0278498 0.0367497 0.046288 0.0557238 0.0641134 0.0705843 0.074577 0.0759047 0.0746788 0.0712185 0.0659789 0.0594777 0.0522215 0.0446566 0.0371504 0.0299938 0.0234112 0.0175725 0.0125993 0.00856231 0.00546943 0.00325643
 0.00825905 0.013258 0.0196754 0.0274019 0.036224 0.045718 0.0551562 0.0635992 0.0701645 0.0742695 0.0757029 0.0745668 0.0711915 0.0660536 0.0596837 0.052579 0.0451557 0.0377463 0.0306204 0.0240024 0.0180798 0.012999 0.00885277 0.0056641 0.00337632
 0.00796394 0.0128112 0.0190648 0.0266387 0.0353405 0.0447623 0.0541897 0.0626959 0.0694052 0.0737284 0.0754305 0.0745764 0.0714588 0.066529 0.0603119 0.053313 0.0459587 0.0385831 0.0314487 0.0247737 0.018749 0.0135364 0.0092506 0.0059347 0.00354488
 0.00785424 0.0126189 0.0187508 0.0261619 0.0346716 0.0439035 0.0531903 0.0616512 0.0684346 0.0729436 0.0749108 0.0743595 0.0715434 0.0668833 0.0608825 0.0540368 0.0467728 0.0394318 0.0322836 0.0255513 0.0194312 0.0140953 0.00967436 0.00622988 0.00373269
 0.00870067 0.0138148 0.0202156 0.0277028 0.0360324 0.0448468 0.0535678 0.0614316 0.0676892 0.0718126 0.0735675 0.0729779 0.0702704 0.0658201 0.06008 0.0535021 0.0464823 0.0393442 0.0323493 0.0257184 0.0196498 0.0143214 0.00987491 0.00638637 0.00384108
 0.00947942 0.0150343 0.0219539 0.0299739 0.0387519 0.0477988 0.0563966 0.0636938 0.0689774 0.0718989 0.0724843 0.0709902 0.0677644 0.0631783 0.0575975 0.0513586 0.0447548 0.0380354 0.0314172 0.0250993 0.0192723 0.014116 0.00978039 0.00635437 0.0038381
 0.00942233 0.0150567 0.0222005 0.0306494 0.0400667 0.0498779 0.0591919 0.0669451 0.0722462 0.074666 0.0742813 0.0715265 0.0670063 0.0613462 0.0550797 0.0485845 0.0420841 0.0357026 0.0295307 0.0236714 0.0182563 0.0134371 0.00935622 0.00610803 0.00370602
 0.00909908 0.014567 0.0215391 0.0298589 0.0392563 0.0492342 0.0589651 0.0673901 0.0735191 0.0767187 0.0768212 0.0740809 0.0690725 0.0625559 0.0553045 0.0479421 0.0408588 0.0342281 0.0280896 0.0224432 0.0173151 0.0127788 0.00893321 0.00585806 0.0035705
 0.00883087 0.0141441 0.0209284 0.0290423 0.0382398 0.0480634 0.0577441 0.0662929 0.0727755 0.0765647 0.0774177 0.0754308 0.0709792 0.0646596 0.0571945 0.0492968 0.0415428 0.0343036 0.0277496 0.0219144 0.0167801 0.0123419 0.00862699 0.00566912 0.00346678
 0.00863501 0.0138343 0.0204779 0.0284317 0.0374597 0.0471208 0.0566718 0.0651595 0.071691 0.0756766 0.0768943 0.0754256 0.0715773 0.0658252 0.0587505 0.0509627 0.043025 0.0353943 0.0283836 0.0221581 0.0167712 0.0122199 0.00848958 0.00556307 0.00340123
 0.00867885 0.0138696 0.0204645 0.0283095 0.0371641 0.0466061 0.0559332 0.0642402 0.0706737 0.0746681 0.0760131 0.0747933 0.0713063 0.0659938 0.059369 0.0519477 0.0442059 0.0365603 0.0293535 0.0228361 0.0171599 0.0123901 0.00853224 0.00555182 0.00337885
 0.0087228 0.0139413 0.02057 0.0284473 0.0373162 0.0467297 0.0559602 0.0640928 0.0702946 0.0740525 0.0752231 0.0739469 0.0705468 0.0654558 0.0591489 0.0520815 0.0446553 0.037218 0.0300736 0.0234816 0.0176448 0.0126954 0.0086901 0.00561533 0.00339535
 0.00868959 0.0138842 0.0204792 0.0283134 0.0371346 0.0465044 0.0557045 0.0638225 0.0700175 0.0737609 0.0749005 0.0735872 0.0701744 0.0651305 0.0589515 0.0520841 0.0448919 0.0376666 0.0306588 0.0240989 0.0181962 0.0131194 0.00897271 0.00577889 0.00347758
 0.0087162 0.0139268 0.0205414 0.0283964 0.0372347 0.046611 0.0557995 0.0638834 0.0700233 0.0736976 0.0747621 0.0733734 0.0698911 0.0647961 0.0586042 0.051782 0.044698 0.0376248 0.0307735 0.0243312 0.0184803 0.0133894 0.00918507 0.00592037 0.00355815
 0.0086624 0.0138624 0.0204869 0.0283846 0.0373015 0.0467799 0.0560682 0.0642205 0.0703749 0.0740023 0.0749658 0.0734406 0.0698098 0.0645782 0.0582828 0.0514069 0.0443298 0.0373228 0.0305798 0.0242578 0.0185065 0.0134736 0.00928382 0.00600369 0.00361445
 0.00861659 0.0137843 0.0203643 0.0282089 0.0370752 0.0465255 0.0558322 0.0640633 0.0703492 0.074128 0.0752183 0.0737583 0.0701181 0.0648141 0.0584119 0.0514277 0.0442686 0.037223 0.0304874 0.0242067 0.018509 0.0135202 0.00935199 0.00607079 0.00366644
 0.00867546 0.013864 0.0204543 0.0282877 0.037115 0.0465009 0.0557294 0.0638888 0.0701329 0.0739189 0.0750704 0.0737104 0.0701763 0.0649486 0.0585704 0.0515589 0.0443417 0.0372356 0.0304603 0.0241699 0.018487 0.0135233 0.00937643 0.00610475 0.00369847
 0.00856355 0.0137122 0.0202803 0.0281246 0.0369978 0.046449 0.0557338 0.0639149 0.0701386 0.0738775 0.0749857 0.0736154 0.0701167 0.0649606 0.0586632 0.0517122 0.0445172 0.0373959 0.030584 0.0242554 0.0185456 0.0135688 0.00941681 0.00614136 0.00372893
 0.00856788 0.0137099 0.0202616 0.0280788 0.0369223 0.0463579 0.0556603 0.0639 0.0702084 0.0740233 0.0751631 0.0737652 0.0701955 0.0649604 0.0586088 0.0516406 0.0444564 0.0373555 0.0305588 0.0242367 0.0185293 0.0135557 0.00940966 0.00614085 0.00373308
 0.00859754 0.0137461 0.0202932 0.0280868 0.0368829 0.0462506 0.0554772 0.0636534 0.0699343 0.073775 0.0749945 0.0737096 0.0702517 0.0650955 0.0587776 0.0518071 0.0446037 0.0374815 0.0306666 0.0243277 0.0186028 0.0136118 0.00945048 0.00616957 0.00375277
 0.00892677 0.0142562 0.0210121 0.0290192 0.0380041 0.0475007 0.0567565 0.064828 0.0708587 0.0743283 0.0751133 0.0734026 0.0695903 0.0641877 0.0577375 0.0507332 0.0435706 0.0365411 0.0298523 0.023657 0.0180784 0.013224 0.00918046 0.00599391 0.00364695
 0.00943613 0.0150466 0.0221305 0.0304809 0.0397881 0.0495423 0.0589382 0.0669765 0.0727609 0.0757675 0.0759131 0.0734651 0.0689173 0.0628798 0.0559698 0.0487146 0.0415015 0.0345834 0.0281166 0.0222041 0.0169278 0.0123633 0.00857522 0.00559623 0.00340457
 0.00977552 0.0155832 0.0229093 0.0315322 0.0411202 0.0511314 0.0607162 0.0688266 0.074528 0.0772818 0.0770167 0.074034 0.0688802 0.0622321 0.0547801 0.0471161 0.0396687 0.0326988 0.0263391 0.0206478 0.0156555 0.0113905 0.00788044 0.00513471 0.00312098
 0.0100753 0.0160367 0.0235297 0.0323119 0.0420371 0.052158 0.0618232 0.0699774 0.0756713 0.0783469 0.0779161 0.074674 0.069176 0.0621256 0.0542542 0.0462049 0.0384568 0.0313094 0.0249111 0.0193095 0.0145022 0.0104729 0.00720615 0.00467762 0.0028361
 0.00968575 0.0154508 0.022737 0.0313357 0.0409308 0.0509975 0.0607035 0.0690138 0.0749939 0.0780806 0.078148 0.0754187 0.0703558 0.0635776 0.0557672 0.0475728 0.0395281 0.0320158 0.0252682 0.0193929 0.0144133 0.0103073 0.00703318 0.00453538 0.00273649
 0.00907778 0.0145469 0.0215347 0.0298909 0.0393449 0.0493943 0.0592102 0.0677521 0.0740728 0.0775872 0.0781377 0.0759083 0.0713175 0.064933 0.0573851 0.0492814 0.0411458 0.0333914 0.0263136 0.0200953 0.0148212 0.0105021 0.00709892 0.00453832 0.00271834
#obs surv len freq
 nan nan nan nan nan nan nan nan nan nan nan nan nan nan nan nan nan nan nan nan nan nan nan nan nan
 0.0044861 0.00734819 0.011179 0.0159961 0.0216974 0.0279733 0.0342873 0.0400182 0.0446971 0.0481598 0.0505165 0.052011 0.052902 0.0534133 0.0537267 0.0539809 0.054259 0.0545514 0.0546899 0.0542817 0.0527199 0.0493522 0.0438024 0.0362831 0.0276675
 0.00462222 0.00757076 0.0115159 0.0164731 0.0223317 0.0287636 0.0352047 0.0410032 0.045668 0.0490292 0.0512073 0.0524684 0.0530982 0.0533479 0.053422 0.0534745 0.0535946 0.053772 0.0538348 0.0533881 0.0518269 0.0485035 0.0430431 0.0356514 0.0271847
 0.00478264 0.0078342 0.0119174 0.0170468 0.0231043 0.0297436 0.0363705 0.0422978 0.0470047 0.0503057 0.0523209 0.0533291 0.053638 0.0535273 0.0532335 0.0529403 0.0527599 0.0526964 0.0525847 0.0520339 0.0504438 0.0471723 0.0418439 0.0346503 0.0264181
 0.00496599 0.00813441 0.0123733 0.0176964 0.0239779 0.0308527 0.0376959 0.0437844 0.0485672 0.0518421 0.0537263 0.0545039 0.0544946 0.0539962 0.0532695 0.0525288 0.0519191 0.051475 0.051058 0.050299 0.048616 0.0453781 0.0402083 0.0332755 0.0253614
 0.00517419 0.00847571 0.0128923 0.0184364 0.0249731 0.0321149 0.0392012 0.0454684 0.050334 0.0535817 0.0553308 0.0558759 0.0555486 0.0546584 0.0534803 0.0522472 0.0511304 0.0501988 0.0493541 0.0482702 0.0464052 0.0431566 0.0381514 0.0315293 0.024011
 0.00540316 0.00885043 0.013461 0.0192459 0.02606 0.0334921 0.0408432 0.0473058 0.0522628 0.0554824 0.0570871 0.0573854 0.0567257 0.0554329 0.053794 0.0520534 0.0503977 0.0489215 0.047567 0.0460631 0.0439284 0.0406101 0.0357533 0.0294689 0.0224048
 0.00563681 0.00923321 0.0140426 0.0200749 0.0271748 0.0349068 0.0425326 0.0491998 0.0542558 0.057453 0.058917 0.05897 0.0579778 0.0562816 0.0541818 0.051933 0.0497322 0.0476918 0.0457885 0.0438066 0.0413363 0.0378916 0.0331517 0.0272057 0.0206239
 0.00588072 0.0096334 0.0146517 0.0209444 0.0283449 0.0363909 0.0443015 0.051176 0.0563245 0.0594848 0.0607884 0.0605761 0.0592345 0.0571238 0.0545591 0.0518045 0.0490642 0.0464628 0.0440039 0.0415234 0.0386845 0.0350774 0.0304277 0.0248121 0.0187249
 0.00611998 0.0100248 0.0152456 0.0217894 0.0294796 0.0378294 0.0460182 0.0530994 0.0583466 0.0614803 0.0626349 0.0621663 0.0604819 0.0579626 0.0549408 0.0516925 0.0484296 0.045286 0.0422873 0.0393144 0.0360998 0.0323113 0.0277271 0.0224197 0.0168129
 0.0063653 0.0104266 0.0158555 0.0226572 0.0306431 0.0392988 0.0477608 0.0550345 0.0603578 0.0634384 0.0644194 0.0636768 0.0616409 0.0587131 0.0552428 0.0515176 0.0477568 0.044102 0.0405972 0.0371617 0.0335909 0.0296259 0.0250985 0.0200819 0.0149364
 0.00660176 0.0108133 0.0164417 0.0234903 0.0317592 0.0407085 0.0494337 0.0568941 0.0622913 0.0653183 0.0661247 0.0651065 0.0627186 0.059387 0.0554804 0.0512997 0.0470718 0.0429449 0.0389776 0.035122 0.0312285 0.0271041 0.0226305 0.0178839 0.0131677
 0.00682213 0.0111773 0.017 0.0242929 0.0328452 0.0420891 0.0510759 0.0587158 0.0641741 0.0671315 0.0677474 0.066441 0.0636941 0.059958 0.0556229 0.0510049 0.0463397 0.0417823 0.0374029 0.0331803 0.0290107 0.0247575 0.0203456 0.0158538 0.0115354
 0.00704756 0.0115463 0.0175601 0.0250897 0.0339132 0.0434375 0.0526731 0.0604838 0.0659981 0.0688812 0.069299 0.0676928 0.0645738 0.0604237 0.0556589 0.0506146 0.0455375 0.0405891 0.035849 0.0313168 0.026925 0.0225827 0.0182492 0.0140037 0.0100537
 0.00726473 0.0119006 0.0180953 0.0258468 0.034922 0.0447032 0.0541629 0.0621226 0.0676789 0.070485 0.0707145 0.0688279 0.065361 0.0608211 0.0556491 0.0502007 0.044738 0.0394325 0.0343747 0.0295818 0.0250148 0.0206177 0.0163751 0.0123625 0.0087466
 0.00741231 0.0121501 0.0184886 0.0264284 0.0357294 0.0457511 0.0554289 0.0635421 0.0691555 0.0719104 0.0719871 0.0698638 0.0660977 0.061218 0.0556857 0.0498744 0.0440611 0.0384309 0.0330875 0.0280663 0.023353 0.0189183 0.0147645 0.0109601 0.00763487
 0.007523 0.0123258 0.0187461 0.0267832 0.0361961 0.0463431 0.0561537 0.0643951 0.0701131 0.0729269 0.072997 0.0707898 0.0668629 0.0617566 0.0559502 0.0498374 0.0437144 0.0377842 0.0321692 0.0269256 0.0220636 0.0175775 0.0134823 0.00983875 0.00674428
 0.00762338 0.0124841 0.0189751 0.0270912 0.0365853 0.0468079 0.0566802 0.0649628 0.0707012 0.0735193 0.0735821 0.0713536 0.06738 0.062187 0.056244 0.0499453 0.0435984 0.0374253 0.0315718 0.0261207 0.0211096 0.0165566 0.0124893 0.00896178 0.00604394
 0.00768229 0.0125797 0.0191183 0.0272918 0.0368492 0.0471342 0.057058 0.0653716 0.0711157 0.073917 0.0739495 0.0716869 0.0676799 0.0624499 0.056454 0.0500725 0.0436041 0.0372729 0.0312399 0.0256133 0.0204607 0.0158276 0.0117577 0.00830254 0.00551073
 0.00771644 0.0126289 0.0191813 0.0273642 0.0369271 0.0472171 0.0571513 0.0654854 0.0712598 0.0740966 0.0741621 0.0719237 0.0679289 0.062698 0.0566864 0.050269 0.0437368 0.0373091 0.0311501 0.025383 0.0201007 0.0153761 0.0112725 0.00784551 0.00513006
 0.00775814 0.0126901 0.0192607 0.027456 0.0370215 0.0473029 0.057219 0.06553 0.0712839 0.0741112 0.0741845 0.0719715 0.0680132 0.0628192 0.056834 0.0504238 0.0438735 0.0373984 0.0311632 0.0252991 0.019916 0.015109 0.0109613 0.0075365 0.00486328
 0.00781621 0.012778 0.0193805 0.0276044 0.0371897 0.0474772 0.0573817 0.0656616 0.0713678 0.0741389 0.0741601 0.0719115 0.0679415 0.0627592 0.0568017 0.0504224 0.043893 0.0374184 0.0311581 0.0252458 0.0198017 0.0149379 0.010754 0.00732388 0.00467478
 0.00784749 0.0128251 0.0194444 0.0276832 0.0372788 0.0475704 0.0574711 0.0657386 0.0714239 0.0741678 0.0741595 0.0718844 0.0678965 0.0627092 0.0567605 0.0504007 0.0438936 0.0374339 0.0311724 0.0252392 0.0197587 0.0148539 0.010638 0.00719493 0.00455406
 0.00786537 0.0128528 0.0194835 0.0277339 0.0373398 0.0476382 0.0575402 0.0658019 0.0714743 0.0741999 0.0741709 0.0718756 0.0678709 0.0626724 0.0567199 0.0503645 0.0438683 0.0374213 0.0311673 0.025231 0.0197354 0.014808 0.010571 0.00711634 0.00447724
 0.00788444 0.0128776 0.0195095 0.0277534 0.0373446 0.0476233 0.0575071 0.0657581 0.0714305 0.0741659 0.074152 0.0718728 0.0678813 0.0626916 0.056744 0.0503912 0.0438969 0.0374512 0.0311967 0.0252549 0.0197472 0.0148024 0.0105473 0.00707969 0.00443623
 0.00788964 0.0128855 0.0195199 0.027765 0.0373542 0.0476258 0.0574958 0.0657274 0.071379 0.0740992 0.0740825 0.071815 0.067847 0.0626858 0.0567642 0.0504303 0.0439468 0.0375048 0.0312482 0.0252993 0.0197797 0.0148198 0.0105489 0.00706843 0.00441788
 0.00789962 0.0128979 0.0195317 0.0277713 0.0373495 0.0476066 0.0574619 0.0656817 0.0713261 0.074043 0.0740267 0.071764 0.0678069 0.0626633 0.0567646 0.0504545 0.0439909 0.0375614 0.0313088 0.025356 0.0198264 0.0148526 0.0105669 0.00707355 0.00441427
 0.00788303 0.0128736 0.0194999 0.0277334 0.0373074 0.047561 0.0574124 0.0656276 0.0712678 0.0739843 0.0739736 0.0717235 0.0677843 0.0626619 0.0567851 0.0504961 0.0440506 0.0376342 0.0313875 0.0254326 0.0198936 0.0149053 0.0106031 0.00709453 0.00442358
 0.00788739 0.0128737 0.0194873 0.0276969 0.037237 0.0474534 0.0572751 0.0654781 0.0711277 0.0738718 0.0738986 0.0716881 0.0677855 0.0626948 0.0568446 0.050577 0.0441474 0.0377407 0.0314966 0.0255369 0.019986 0.0149805 0.0106586 0.00713128 0.00444491
 0.00787948 0.0128611 0.0194684 0.0276695 0.0371971 0.0473955 0.0571929 0.0653682 0.0709935 0.0737257 0.0737611 0.071581 0.0677252 0.0626874 0.0568864 0.0506579 0.0442552 0.0378635 0.0316238 0.0256591 0.0200953 0.0150711 0.0107277 0.00717918 0.00447482
 0.00784402 0.012804 0.0193838 0.027553 0.0370476 0.0472171 0.0569965 0.0651698 0.0708108 0.0735738 0.0736499 0.0715167 0.0677121 0.062728 0.0569799 0.0507978 0.0444295 0.0380566 0.0318199 0.025844 0.0202583 0.0152051 0.0108299 0.007251 0.0045209
 0.0078481 0.0128045 0.0193733 0.0275207 0.0369824 0.0471117 0.0568515 0.0649954 0.0706242 0.0733951 0.0734975 0.0714042 0.0676475 0.0627144 0.0570164 0.0508807 0.0445519 0.0382079 0.0319864 0.0260111 0.0204124 0.0153361 0.0109326 0.00732478 0.00456928
 0.00778568 0.0127106 0.019246 0.0273626 0.036799 0.0469093 0.0566362 0.0647746 0.0704087 0.0732002 0.0733418 0.0713055 0.0676182 0.0627583 0.0571287 0.05105 0.0447629 0.0384442 0.0322312 0.0262478 0.0206264 0.0155165 0.0110734 0.00742607 0.00463597
 0.00777077 0.0126785 0.0191837 0.0272546 0.0366329 0.0466835 0.0563654 0.0644876 0.0701399 0.0729779 0.0731818 0.0712123 0.0675906 0.062794 0.0572249 0.0512014 0.0449601 0.0386732 0.032475 0.0264888 0.0208483 0.0157063 0.0112237 0.00753566 0.00470903
 0.00775333 0.0126488 0.0191359 0.0271815 0.0365258 0.046534 0.0561685 0.0642461 0.0698679 0.0727013 0.0729341 0.0710255 0.0674866 0.0627801 0.0572956 0.0513436 0.0451575 0.0389083 0.0327295 0.0267437 0.0210857 0.0159117 0.0113881 0.00765655 0.00479034
 0.00933034 0.0148558 0.0217986 0.0299174 0.038856 0.04806 0.056712 0.0638752 0.0688145 0.0712429 0.0713076 0.069398 0.0659633 0.0614225 0.0561349 0.0503885 0.0444005 0.0383313 0.0323087 0.0264526 0.0208969 0.0157988 0.011327 0.00762763 0.00477899
 0.00929906 0.0150979 0.0226795 0.0318915 0.0422687 0.0528808 0.0623653 0.0693336 0.0729654 0.0733267 0.0711687 0.067427 0.062827 0.0577793 0.0524725 0.046997 0.0414185 0.0358059 0.0302379 0.0248098 0.0196414 0.0148805 0.0106895 0.00721125 0.00452539
 0.00896206 0.0145675 0.0219352 0.0309824 0.0413667 0.0523164 0.0625881 0.0707521 0.075702 0.0770362 0.0750807 0.0706387 0.0646794 0.058086 0.05149 0.0452129 0.0393219 0.0337539 0.0284315 0.0233296 0.0184956 0.0140396 0.0101061 0.00683101 0.00429446
 0.00880036 0.0142942 0.0215054 0.0303508 0.0405049 0.0512451 0.0614177 0.0697111 0.0751185 0.0772477 0.0762816 0.0727364 0.067261 0.0605527 0.0532998 0.0460885 0.0393069 0.0331136 0.0274929 0.0223587 0.0176509 0.0133841 0.00964092 0.00652622 0.00410989
 0.00872938 0.014175 0.021318 0.0300716 0.0401086 0.0507106 0.0607389 0.0689134 0.0742789 0.0765089 0.0758441 0.0728069 0.0679611 0.0618273 0.0548944 0.0476318 0.0404633 0.0337141 0.0275684 0.0220763 0.0172109 0.0129424 0.00928168 0.00627307 0.0039509
 0.00870143 0.0141254 0.0212352 0.0299415 0.0399165 0.0504438 0.060391 0.068486 0.0737843 0.0759762 0.0753296 0.0724032 0.0677883 0.0619958 0.0554451 0.0484893 0.0414422 0.0345886 0.0281682 0.0223478 0.017212 0.0127876 0.00908062 0.00609582 0.00382446
 0.00868847 0.0141021 0.0211958 0.0298784 0.0398212 0.0503087 0.0602107 0.0682589 0.0735131 0.0756681 0.0749994 0.0720783 0.0675148 0.0618385 0.0554726 0.0487427 0.041902 0.0351651 0.0287306 0.0227795 0.0174579 0.0128632 0.00904605 0.00601687 0.00374686
 0.00867169 0.0140784 0.0211665 0.0298464 0.039789 0.0502757 0.0601719 0.0682049 0.073433 0.0755531 0.074846 0.0718915 0.0673107 0.0616469 0.0553357 0.0487065 0.0419977 0.0353891 0.0290363 0.0230927 0.0177088 0.0130155 0.00910419 0.00601234 0.00371556
 0.00867148 0.0140753 0.021157 0.0298261 0.0397545 0.0502272 0.060114 0.0681454 0.0733782 0.0755041 0.0747969 0.0718326 0.0672344 0.0615542 0.0552403 0.0486339 0.0419778 0.0354428 0.029163 0.0232658 0.0178859 0.0131576 0.00919217 0.0060497 0.00371971
 0.00867214 0.0140783 0.0211648 0.0298415 0.0397789 0.0502586 0.0601461 0.0681692 0.0733854 0.0754905 0.0747637 0.0717829 0.0671715 0.0614797 0.0551574 0.0485508 0.0419098 0.0354078 0.0291733 0.0233202 0.0179678 0.0132427 0.00925964 0.00609048 0.00373667
 0.00864924 0.0140458 0.0211249 0.0297995 0.0397421 0.0502345 0.0601397 0.0681817 0.0734135 0.0755268 0.0747984 0.0718074 0.06718 0.0614708 0.055133 0.0485161 0.0418726 0.0353789 0.0291633 0.023335 0.0180049 0.0132915 0.00930671 0.00612599 0.00375758
 0.00865254 0.0140448 0.0211121 0.0297649 0.0396776 0.0501389 0.0600232 0.0680642 0.0733182 0.0754718 0.07479 0.0718398 0.067239 0.0615401 0.0551991 0.0485709 0.0419145 0.0354114 0.0291928 0.0233678 0.0180438 0.0133344 0.0093479 0.0061596 0.00378059
 0.00860866 0.0139814 0.0210309 0.0296717 0.0395792 0.0500397 0.0599232 0.0679616 0.0732149 0.0753767 0.0747191 0.0718098 0.0672598 0.0616094 0.0553041 0.0486933 0.0420374 0.0355235 0.02929 0.0234508 0.018115 0.0133954 0.00939838 0.00619848 0.00380758
 0.00861207 0.0139812 0.0210203 0.029642 0.0395233 0.0499567 0.0598211 0.0678554 0.0731199 0.0753026 0.0746676 0.0717788 0.0672485 0.0616203 0.05534 0.0487534 0.0421153 0.0356093 0.0293741 0.0235267 0.01818 0.0134492 0.00944129 0.00623089 0.00383021
 0.00862168 0.0139987 0.0210497 0.0296867 0.0395835 0.0500263 0.0598872 0.0679009 0.0731302 0.0752724 0.0746031 0.0716938 0.0671582 0.061537 0.0552722 0.0487063 0.042091 0.0356062 0.0293872 0.0235495 0.0182066 0.0134751 0.00946403 0.00624916 0.00384362
 0.00862168 0.0139987 0.0210497 0.0296867 0.0395835 0.0500263 0.0598872 0.0679009 0.0731302 0.0752724 0.0746031 0.0716938 0.0671582 0.061537 0.0552722 0.0487063 0.042091 0.0356062 0.0293872 0.0235495 0.0182066 0.0134751 0.00946403 0.00624916 0.00384362
 0.0089842 0.0145701 0.0218734 0.0307842 0.040942 0.0515841 0.0615225 0.0694386 0.0743755 0.0760598 0.0748398 0.0713771 0.0663654 0.0603981 0.0539363 0.0473132 0.0407526 0.0343995 0.0283558 0.0227098 0.0175548 0.0129942 0.00912875 0.00602995 0.00371035
 0.00909814 0.0147931 0.0222773 0.031455 0.0419538 0.0529597 0.0631993 0.0712623 0.0761304 0.077521 0.0758235 0.0717733 0.0661507 0.0596316 0.052742 0.0458519 0.0391898 0.0328789 0.0269828 0.0215474 0.0166278 0.0122974 0.00863661 0.00570503 0.0035112
 0.00914967 0.0148761 0.0224036 0.0316426 0.0422324 0.0533732 0.0637992 0.0720874 0.0771759 0.0787146 0.0770236 0.0727991 0.0668324 0.059858 0.0524869 0.045173 0.0382059 0.0317366 0.0258236 0.0204835 0.0157307 0.0115972 0.00812951 0.00536481 0.0033005
 0.00913671 0.0148573 0.0223799 0.0316173 0.0422124 0.053371 0.0638358 0.0721949 0.0773957 0.0790861 0.077564 0.0734805 0.0675712 0.0605285 0.0529578 0.0453505 0.0380635 0.0313181 0.0252233 0.0198132 0.0150893 0.0110523 0.0077117 0.00507358 0.00311558
 0.00880465 0.0143206 0.0215816 0.0305166 0.0408047 0.0517141 0.0620692 0.0705315 0.0760782 0.0783238 0.0774795 0.0740866 0.0687757 0.0621562 0.0547838 0.0471421 0.0396263 0.0325321 0.0260562 0.0203073 0.0153303 0.0111342 0.00771288 0.00504588 0.00308604
 0.00874512 0.0141823 0.021297 0.0299982 0.039968 0.0505148 0.0605389 0.0687919 0.0743256 0.0767899 0.0763842 0.0735938 0.0689599 0.0629864 0.0561291 0.0487999 0.0413664 0.0341459 0.0273971 0.0213104 0.0160063 0.0115444 0.00793633 0.00515493 0.00313359
#pred catch len freq
 0.00358879 0.00572708 0.00845472 0.0117579 0.0156517 0.0201548 0.0252234 0.0307134 0.0364007 0.0420286 0.0473493 0.052157 0.0563102 0.0597286 0.0623584 0.0641296 0.0649353 0.0646382 0.0630882 0.0601344 0.0556425 0.0495546 0.0420127 0.0334858 0.0247742
 0.00389516 0.00615165 0.00896264 0.0122839 0.0161348 0.0205835 0.025657 0.0312516 0.0371091 0.042863 0.0481306 0.0526214 0.056213 0.0589519 0.0609752 0.0623978 0.0632211 0.0632947 0.0623343 0.0599871 0.0559338 0.0500264 0.0424352 0.0337369 0.0248482
 0.00405073 0.00642828 0.00941764 0.0129717 0.0170794 0.0217463 0.0269253 0.0324709 0.0381514 0.0436831 0.0487595 0.0530932 0.0564839 0.0588853 0.0604152 0.0612841 0.0616652 0.0615626 0.0607429 0.0587736 0.0551726 0.0496349 0.0422534 0.0336219 0.024727
 0.00422655 0.00670307 0.0098157 0.0135214 0.0178226 0.0227412 0.0282295 0.0340999 0.0400311 0.0456334 0.0505354 0.0544676 0.0573166 0.0591291 0.0600712 0.0603647 0.0602099 0.0596867 0.0586577 0.0567388 0.0534067 0.0482459 0.0412334 0.0328968 0.024215
 0.00443625 0.00703173 0.0102882 0.0141553 0.0186294 0.02373 0.0294092 0.0354806 0.0416188 0.0474102 0.0524276 0.0563207 0.0589073 0.0602197 0.0604789 0.0600048 0.0591007 0.0579365 0.0564524 0.0543231 0.0510413 0.0461472 0.0395273 0.0316119 0.0233107
 0.00467194 0.00740227 0.0108235 0.0148779 0.0195548 0.0248654 0.0307488 0.037 0.0432738 0.0491425 0.0541706 0.057997 0.0604158 0.0614234 0.0612098 0.0600977 0.0584445 0.0565192 0.0543803 0.0518089 0.0483633 0.0435876 0.0373103 0.0298622 0.0220485
 0.0048871 0.00774543 0.0113289 0.0155766 0.0204735 0.0260226 0.0321469 0.0386157 0.0450533 0.0510029 0.0560092 0.0597043 0.0618872 0.0625617 0.0619179 0.0602715 0.0579819 0.0553536 0.0525262 0.0493937 0.0456221 0.0408162 0.0347909 0.027795 0.0205156
 0.00507188 0.00804296 0.0117729 0.0162006 0.0213098 0.0270984 0.0334751 0.0401848 0.0468192 0.0528872 0.0579032 0.0614815 0.0634198 0.0637361 0.0626413 0.060468 0.0575865 0.0543179 0.0508446 0.0471404 0.0429745 0.0380385 0.0321746 0.0255798 0.0188305
 0.00530335 0.00840605 0.0122965 0.0169074 0.022219 0.0282264 0.0348311 0.0417609 0.0485799 0.0547628 0.0597908 0.0632543 0.0649437 0.0648877 0.0633207 0.0606031 0.0571297 0.0532445 0.0491627 0.0449159 0.0403562 0.0352592 0.0295106 0.0232799 0.0170476
 0.00560654 0.0088732 0.0129528 0.0177629 0.0232723 0.02947 0.0362516 0.043334 0.0502644 0.0564976 0.0614948 0.0648301 0.0662846 0.0658878 0.0638861 0.0606597 0.0566281 0.0521622 0.0475122 0.0427609 0.0378312 0.0325728 0.0269167 0.0210163 0.0152713
 0.00585714 0.00927283 0.0135402 0.0185699 0.0243198 0.0307609 0.0377615 0.0450069 0.0520171 0.0582329 0.0631152 0.0662464 0.0674192 0.0666745 0.0642683 0.0605897 0.0560684 0.0510918 0.0459383 0.0407371 0.0354747 0.0300683 0.0244916 0.0188883 0.0135891
 0.00605472 0.00959482 0.0140276 0.0192651 0.0252626 0.0319792 0.0392579 0.0467435 0.0539099 0.060156 0.064919 0.0677837 0.0685721 0.0673701 0.0644779 0.0603144 0.0553219 0.0498919 0.0443129 0.0387418 0.0332135 0.0277013 0.0222169 0.0168973 0.0120138
 0.00639606 0.0101102 0.0147324 0.0201543 0.0263233 0.0332053 0.0406547 0.0483155 0.0556361 0.0619682 0.066695 0.0693641 0.0697932 0.0681018 0.0646486 0.0599152 0.0543917 0.0484958 0.0425273 0.0366554 0.0309403 0.0253894 0.0200383 0.0150138 0.010534
 0.00669209 0.0105793 0.0154144 0.0210754 0.0274882 0.0345888 0.0421958 0.0499243 0.0572152 0.0634369 0.0679985 0.0704604 0.0706326 0.0686169 0.0647659 0.0595791 0.0535852 0.0472462 0.0409006 0.0347479 0.0288735 0.0233077 0.0180957 0.0133475 0.00923194
 0.00693851 0.010981 0.0160225 0.0219415 0.0286581 0.0360888 0.0440119 0.0519823 0.0593751 0.0655084 0.0697781 0.0717788 0.0713916 0.0687976 0.064407 0.0587435 0.0523369 0.0456477 0.0390224 0.0326793 0.0267283 0.0212186 0.0161984 0.0117551 0.00800853
 0.00707464 0.0111959 0.0163365 0.0223768 0.0292437 0.036864 0.045021 0.0532575 0.0609095 0.0672315 0.0715477 0.0734005 0.072663 0.0695611 0.0645855 0.0583457 0.0514348 0.0443437 0.0374261 0.0309013 0.0248837 0.0194288 0.0145818 0.0104066 0.00697886
 0.00709112 0.0112306 0.0164039 0.0224963 0.0294371 0.0371518 0.0454204 0.0537841 0.0615803 0.0680616 0.0725353 0.0745051 0.0737904 0.0705708 0.0653236 0.0586892 0.0513248 0.0437938 0.0365083 0.0297226 0.0235672 0.0181 0.0133556 0.00937195 0.00618401
 0.00708554 0.0112305 0.016421 0.0225494 0.0295506 0.0373509 0.0457251 0.0542035 0.0621087 0.068679 0.0732128 0.0752103 0.0744888 0.0712188 0.0658603 0.0590378 0.0514101 0.043568 0.0359716 0.0289274 0.0226061 0.0170852 0.0123959 0.00855206 0.00555083
 0.00716827 0.0113441 0.0165542 0.022681 0.029658 0.0374239 0.045775 0.0542622 0.0622172 0.0688705 0.0735006 0.0755844 0.0749202 0.0716673 0.0662798 0.0593773 0.051615 0.0435882 0.0357761 0.0285197 0.0220306 0.0164185 0.0117271 0.00795892 0.00508195
 0.00741169 0.0116975 0.0170067 0.0231926 0.0301682 0.0378669 0.0460961 0.0544294 0.0622286 0.0687572 0.0733198 0.0754023 0.0747904 0.0716146 0.0662964 0.0594297 0.0516554 0.0435659 0.0356489 0.0282666 0.0216603 0.01597 0.0112589 0.00753039 0.00473517
