SBPRF35
12.7214
Curr Bio
918615
B35
868043
F35
0.171811
FOFL
0.171811
OFL
130262
Bzero
3.63469e+006
#pred survey bio
 2.96067e+006 2.74144e+006 2.50978e+006 2.31536e+006 2.08312e+006 1.84303e+006 1.62446e+006 1.42437e+006 1.26958e+006 1.1334e+006 1.0039e+006 868251 763345 709777 659282 640107 614491 582200 571245 556137 549849 541427 539612 534887 533925 531640 538406 543591 546863 555209 573508 580028 592629 618512 628048 630282 646371 649058 664823 668691 670703 668123 668989 678827 676340 674897 670888 720289 764287 791247 833484 856500 878839 875651 874058 870253 861751 886121 889092 898333 901318 925150 924535 2.1464e+007 1.95424e+007 1.97594e+007 2.04508e+007 2.14504e+007 2.2568e+007 2.36625e+007 2.46502e+007 2.54943e+007 2.61889e+007 2.67459e+007 2.71845e+007 2.75257e+007 2.7789e+007 2.79915e+007 2.81468e+007 2.8266e+007 2.83577e+007 2.84284e+007 2.84831e+007 2.85256e+007 2.85588e+007 2.85849e+007 2.86054e+007 2.86216e+007 2.86344e+007 2.86447e+007 2.86528e+007 2.86593e+007 2.86646e+007 2.86688e+007 2.86722e+007 2.8675e+007 2.86772e+007 2.8679e+007 2.86805e+007 2.86817e+007 2.86827e+007 2.86835e+007 2.86841e+007 2.86847e+007 2.86851e+007 2.86855e+007 2.86858e+007 2.8686e+007 2.86862e+007 2.86863e+007 2.86865e+007 2.86866e+007 2.86867e+007 2.86867e+007 2.86868e+007 2.86868e+007 2.86869e+007 2.86869e+007 2.86869e+007 2.8687e+007 2.8687e+007 2.8687e+007 2.8687e+007 2.8687e+007 2.8687e+007 2.8687e+007 2.8687e+007 2.8687e+007 2.8687e+007 2.8687e+007 2.8687e+007 2.8687e+007 2.8687e+007 2.86871e+007 2.86871e+007 2.86871e+007 2.86871e+007 2.86871e+007 2.86871e+007 2.86871e+007 2.86871e+007 2.86871e+007 2.86871e+007 2.86871e+007 2.86871e+007 2.86871e+007 2.86871e+007 2.86871e+007 2.86871e+007 2.86871e+007 2.86871e+007 2.86871e+007 2.86871e+007 2.86871e+007 2.86871e+007 2.86871e+007 2.86871e+007 2.86871e+007 2.86871e+007 2.86871e+007 2.86871e+007 2.86871e+007 2.86871e+007 0 0 0 0 0 0 0 0 0 0 0 0 0 0 0 0 0 0 0 0 0 0 0 0 0
#obs survey bio
 2.31506e+006 2.08192e+006 2.12837e+006 1.65976e+006 2.12314e+006 2.8455e+006 1.29967e+006 1.11707e+006 986504 968479 1.06195e+006 596600 773265 865744 718680 691362 472060 967680 567786 659892 498237 386442 465522 649510 502278 444723 563771 478764 480564 345644 481989 834167 508638 617485 672844 431346 929546 1.13308e+006 675165 590989 899261 721572 561425 983870 631074 762482 671387 797751 564414 752568 1.06091e+006 855870 835618 913517 833116 812492 963261 733696 780815 672055 906624 989099 942252
#pred catch bio
 250047 275768 258937 308623 327942 317452 307499 272493 260011 255183 257236 224772 175928 168844 138338 140863 142191 120228 120993 111485 111980 105207 106192 101328 101099 92668.1 93829.6 95683.9 92502 86417.2 98337.2 94499 86195.9 103003 110398 99605.7 110963 99368.5 109375 109826 111900 107607 100348 111820 111536 114234 71276.9 79861.1 96270.2 84435.2 101552 101916 123623 122277 125075 129727 102779 122733 117987 123939 106691 127931 119104 130262 129576 129866 133281 139161 145923 152520 158385 163287 167211 170250 172549 174255 175503 176404 177051 177510 177835 178064 178224 178336 178414 178468 178506 178532 178550 178563 178571 178577 178581 178584 178586 178588 178589 178589 178590 178590 178590 178590 178590 178590 178590 178591 178591 178591 178591 178591 178591 178591 178591 178591 178591 178591 178591 178591 178591 178591 178591 178591 178591 178591 178591 178591 178591 178591 178591 178591 178591 178591 178591 178591 178591 178591 178591 178591 178591 178591 178591 178591 178591 178591 178591 178591 178591 178591 178591 178591 178591 178591 178591 178591 178591 178591 178591 178591 178591 178591 178591 178591 178591 0 0 0 0 0 0 0 0 0 0 0 0 0 0 0 0 0 0 0 0 0 0 0 0 0
#obs catch bio
 233018 276526 259344 312017 331389 318486 308921 274148 262211 258621 260831 228409 178030 170767 138727 141222 143524 120199 121032 111095 112041 105758 106510 101031 100838 92527.1 93253.6 95006.9 92250.3 86293.7 98926.1 94296.8 86084.2 103409 111096 100305 111756 98788.3 109472 109957 111590 106620 99653.5 111116 111347 114701 70941.2 79853 96903.4 84466.8 101905 101730 123445 121856 125014 130145 102424 123134 118022 124738 106635 128460 119030
#pred cpue bio
 2.91949e+006 2.70123e+006 2.4695e+006 2.27461e+006 2.04324e+006 1.80462e+006 1.58754e+006 1.38868e+006 1.23466e+006 1.0993e+006 971127 837557 734521 682240 633289 614892 590084 558856 548587 534084 528018 519826 518255 514005 513385 511323 518125 523307 526356 534250 551906 558281 570549 595554 604636 606743 622661 625747 641460 645351 647617 645498 646384 655776 653059 651442 647416 695965 739478 766187 807913 830856 852954 849612 847616 843536 835068 859051 862004 871013 873951 897534 897128 2.08348e+007 1.89689e+007 1.90811e+007 1.96715e+007 2.06427e+007 2.17549e+007 2.28486e+007 2.38362e+007 2.46802e+007 2.53749e+007 2.59319e+007 2.63705e+007 2.67116e+007 2.6975e+007 2.71774e+007 2.73328e+007 2.7452e+007 2.75437e+007 2.76144e+007 2.76691e+007 2.77116e+007 2.77448e+007 2.77708e+007 2.77913e+007 2.78075e+007 2.78204e+007 2.78306e+007 2.78388e+007 2.78453e+007 2.78506e+007 2.78548e+007 2.78582e+007 2.7861e+007 2.78632e+007 2.7865e+007 2.78665e+007 2.78677e+007 2.78687e+007 2.78695e+007 2.78701e+007 2.78706e+007 2.78711e+007 2.78714e+007 2.78717e+007 2.7872e+007 2.78722e+007 2.78723e+007 2.78724e+007 2.78725e+007 2.78726e+007 2.78727e+007 2.78728e+007 2.78728e+007 2.78728e+007 2.78729e+007 2.78729e+007 2.78729e+007 2.78729e+007 2.7873e+007 2.7873e+007 2.7873e+007 2.7873e+007 2.7873e+007 2.7873e+007 2.7873e+007 2.7873e+007 2.7873e+007 2.7873e+007 2.7873e+007 2.7873e+007 2.7873e+007 2.7873e+007 2.7873e+007 2.7873e+007 2.7873e+007 2.7873e+007 2.7873e+007 2.7873e+007 2.7873e+007 2.7873e+007 2.7873e+007 2.7873e+007 2.7873e+007 2.7873e+007 2.7873e+007 2.7873e+007 2.7873e+007 2.7873e+007 2.7873e+007 2.7873e+007 2.7873e+007 2.7873e+007 2.7873e+007 2.7873e+007 2.7873e+007 2.7873e+007 2.7873e+007 2.7873e+007 2.7873e+007 2.7873e+007 0 0 0 0 0 0 0 0 0 0 0 0 0 0 0 0 0 0 0 0 0 0 0 0 0
#obs cpue bio
 3.55452e+006 3.56104e+006 2.21238e+006 1.62621e+006 2.10319e+006 1.86923e+006 1.81067e+006 1.35359e+006 1.2757e+006 865448 869122 874623 581982 571944 677973 611137 527145 461481 594598 541827 489807 477787 708155 603717 592442 536307 780465 719057 463030 688243 446294 674884 504796 484775 469054 569481 535058 787953 437932 667653 709538 1.09983e+006 645442 536761 472432 498889 707480 559002 652898 852312 691627 1.08561e+006 1.16069e+006 868393 696135 778437 866130 832287 1.02194e+006 759431 1.07254e+006 816678 1.07272e+006
#pred surv len freq
 0.00486728 0.00797495 0.0121364 0.0173703 0.0235623 0.0303672 0.0371869 0.0433254 0.0482492 0.0517586 0.0539589 0.0551108 0.0554955 0.0553502 0.0548514 0.0541183 0.0532261 0.0522109 0.0510396 0.0495426 0.0473617 0.0440103 0.0390989 0.032636 0.0251903
 0.00533782 0.00865115 0.0129937 0.0183408 0.0245679 0.0313657 0.0381959 0.0444007 0.0494278 0.0530025 0.0551423 0.056061 0.0560634 0.0554693 0.0545549 0.0535111 0.0524294 0.051307 0.0500409 0.0484021 0.0460221 0.0424673 0.0374386 0.0310188 0.0237877
 0.00557268 0.00909713 0.0137763 0.0195971 0.026392 0.0337356 0.0409292 0.0471861 0.0519325 0.0549939 0.0565415 0.0569022 0.0564079 0.0553473 0.0539688 0.0524757 0.051001 0.0495744 0.0480914 0.0462946 0.0437952 0.0401761 0.0351877 0.0289581 0.0220658
 0.00569922 0.00930498 0.0140994 0.0200849 0.0271184 0.0347986 0.0424277 0.0491686 0.054337 0.057617 0.0590742 0.0590255 0.057894 0.0561049 0.0540176 0.0518896 0.0498672 0.0479827 0.0461365 0.0440763 0.041418 0.0377567 0.0328636 0.0268786 0.0203587
 0.00584986 0.00956495 0.0145181 0.0207171 0.0280125 0.0359815 0.0438941 0.0508856 0.056258 0.0596879 0.061215 0.0611009 0.0597072 0.0574346 0.0546836 0.0518035 0.0490404 0.0464995 0.0441211 0.0416728 0.038786 0.0350717 0.0303115 0.0246336 0.0185489
 0.00610194 0.00996464 0.0151019 0.0215154 0.0290478 0.0372639 0.0454127 0.0526002 0.0580992 0.0615678 0.0630427 0.0627919 0.0611773 0.0585849 0.0553932 0.0519454 0.0485188 0.0452857 0.0422683 0.0393094 0.0360974 0.0322794 0.0276462 0.0222996 0.0166845
 0.00642914 0.0104846 0.0158616 0.0225486 0.0303677 0.0388525 0.047212 0.054513 0.0600077 0.0633598 0.0646319 0.0641219 0.0622129 0.0592965 0.055741 0.0518699 0.0479456 0.0441505 0.0405533 0.0370742 0.0334897 0.0295182 0.0249815 0.0199582 0.014818
 0.00678225 0.0110556 0.016714 0.0237371 0.031924 0.0407656 0.0494087 0.0568551 0.0623142 0.0654472 0.0663525 0.0653858 0.0629885 0.0595962 0.0555965 0.0513069 0.0469669 0.0427377 0.0386916 0.0347904 0.0308849 0.026775 0.0223327 0.0176285 0.0129623
 0.00706035 0.0115069 0.0173921 0.0246918 0.033193 0.04236 0.0512955 0.058948 0.0644799 0.0675252 0.0681813 0.0668272 0.0639467 0.0600279 0.0555073 0.0507337 0.0459546 0.0413214 0.0368976 0.0326583 0.0284989 0.024282 0.0199285 0.0155103 0.0112719
 0.00721028 0.011776 0.017844 0.0254009 0.0342274 0.0437541 0.0530251 0.060923 0.0665605 0.0695521 0.0700022 0.0683124 0.0649964 0.0605774 0.0555307 0.0502427 0.0449893 0.0399368 0.0351541 0.0306255 0.0262714 0.0219934 0.0177452 0.0135984 0.00975062
 0.0073138 0.0119614 0.018156 0.0258959 0.0349655 0.0447838 0.0543637 0.0625409 0.0683756 0.0714364 0.0717994 0.0698639 0.066168 0.0612777 0.0557166 0.0499138 0.0441777 0.0386971 0.0335568 0.0287567 0.024238 0.0199274 0.0157958 0.011906 0.00841209
 0.00753957 0.0123259 0.0187003 0.0266569 0.0359702 0.046039 0.0558448 0.0641863 0.0700916 0.0731108 0.0733157 0.0711119 0.0670534 0.0617309 0.0557005 0.0494262 0.0432475 0.037378 0.0319218 0.0268962 0.0222615 0.0179623 0.013977 0.0103525 0.0071992
 0.00768944 0.0125751 0.0190852 0.0272147 0.0367308 0.0470124 0.0570098 0.0654867 0.071446 0.0744288 0.0745123 0.0721142 0.0678001 0.0621717 0.0557969 0.0491556 0.0426086 0.0363941 0.0306425 0.0253971 0.0206422 0.0163402 0.0124733 0.00907055 0.00620178
 0.00764582 0.0125033 0.0189776 0.0270689 0.0365567 0.0468411 0.0568965 0.0655041 0.0716639 0.0748897 0.0752133 0.0730038 0.068789 0.0631501 0.0566523 0.0497886 0.042945 0.0363943 0.0303069 0.0247673 0.0197967 0.0153838 0.0115198 0.00822022 0.00552123
 0.00779563 0.0127159 0.0192399 0.0273482 0.0368093 0.0470268 0.056993 0.0655152 0.0716208 0.0748454 0.0752296 0.073133 0.0690545 0.0635349 0.0570999 0.0502159 0.0432622 0.0365251 0.0302056 0.0244293 0.0192606 0.0147239 0.0108282 0.0075844 0.00500277
 0.00780196 0.012723 0.0192437 0.0273401 0.0367747 0.0469456 0.0568439 0.0652849 0.0713171 0.0745067 0.0749242 0.0729429 0.0690503 0.0637504 0.0575187 0.0507732 0.0438606 0.0370585 0.030584 0.0245996 0.0192172 0.0145062 0.0105061 0.00723562 0.00469066
 0.00773237 0.0126381 0.0191671 0.0273095 0.0368287 0.0471042 0.0570925 0.0655728 0.0715726 0.0746622 0.0749416 0.072828 0.0688523 0.0635457 0.0573833 0.050754 0.0439583 0.0372286 0.0307561 0.0247044 0.0192116 0.014386 0.0103026 0.00699886 0.00446879
 0.0077863 0.0127099 0.0192478 0.0273852 0.0368908 0.0471602 0.0571702 0.0657087 0.0717878 0.0749405 0.0752256 0.0730406 0.0689325 0.063477 0.0571999 0.0505227 0.0437463 0.0370755 0.0306616 0.0246378 0.0191336 0.0142712 0.0101502 0.00682907 0.00430913
 0.00781992 0.0127415 0.0192525 0.0273254 0.0367259 0.046864 0.0567477 0.0652051 0.0712837 0.0745327 0.0749979 0.0730346 0.0691315 0.0638149 0.0575919 0.0508999 0.0440753 0.0373534 0.0308969 0.0248323 0.0192785 0.014356 0.010174 0.00680501 0.00425943
 0.0079257 0.0129056 0.0194828 0.0276189 0.0370631 0.0472042 0.0570297 0.0653585 0.071253 0.074304 0.0746128 0.0725797 0.068707 0.0634974 0.0574115 0.0508407 0.0440953 0.0374098 0.0309602 0.024887 0.0193167 0.0143721 0.0101661 0.0067771 0.00422079
 0.0079484 0.0129422 0.0195376 0.0276956 0.037164 0.0473283 0.0571692 0.0654956 0.071359 0.0743446 0.0745592 0.072424 0.0684717 0.063233 0.0571779 0.0506841 0.0440322 0.0374265 0.0310261 0.0249698 0.0193922 0.0144267 0.0101955 0.0067841 0.00421261
 0.00789272 0.0128708 0.0194653 0.0276477 0.0371689 0.0474061 0.0573221 0.0657059 0.0715943 0.0745663 0.0747301 0.0725136 0.0684628 0.0631278 0.0570015 0.0504789 0.0438435 0.037287 0.0309463 0.0249403 0.0193931 0.0144383 0.0102046 0.00678543 0.00420688
 0.00776915 0.0126752 0.0191826 0.0272721 0.036711 0.0468996 0.0568268 0.0652989 0.0713484 0.0745239 0.0748881 0.0728265 0.068861 0.0635407 0.0573755 0.0507871 0.0440853 0.037479 0.0311089 0.0250866 0.0195252 0.0145509 0.0102915 0.00684456 0.00424168
 0.0077561 0.0126403 0.0191049 0.0271243 0.0364664 0.046545 0.0563743 0.0647909 0.0708522 0.0741168 0.0746379 0.0727727 0.0690033 0.0638402 0.0577686 0.0512064 0.0444784 0.0378175 0.0313869 0.0253111 0.0197054 0.0146931 0.0103987 0.0069195 0.00428902
 0.00777227 0.0126562 0.0191088 0.0270964 0.0363818 0.0463785 0.0561077 0.0644213 0.0703985 0.0736232 0.0741701 0.0724053 0.0687998 0.0638337 0.0579517 0.0515349 0.0448878 0.0382435 0.0317812 0.0256471 0.0199752 0.0148994 0.0105488 0.0070224 0.00435439
 0.00776014 0.0126435 0.0191019 0.0271034 0.0364071 0.0464164 0.0561377 0.0644107 0.0703129 0.073441 0.0738948 0.0720697 0.0684604 0.0635556 0.0577897 0.0515165 0.0450058 0.0384617 0.0320495 0.0259184 0.0202162 0.0150937 0.0106932 0.00712192 0.0044178
 0.00776212 0.0126274 0.0190431 0.0269705 0.0361733 0.0460763 0.0557186 0.0639684 0.0699115 0.0731282 0.0736875 0.071958 0.0684245 0.0635826 0.0578808 0.0516821 0.0452529 0.0387822 0.0324171 0.0262948 0.0205635 0.0153845 0.0109154 0.00727737 0.0045174
 0.00786663 0.0127785 0.019234 0.027179 0.0363634 0.0462034 0.0557389 0.0638507 0.0696506 0.0727531 0.0732566 0.0715401 0.0680752 0.0633314 0.0577328 0.0516305 0.0452891 0.0388974 0.0325973 0.0265173 0.0207985 0.0156026 0.0110957 0.00741094 0.00460648
 0.00796259 0.012934 0.0194659 0.0274987 0.0367698 0.046674 0.0562231 0.0642736 0.0699304 0.0728267 0.0731014 0.0711822 0.0675801 0.0627824 0.0572074 0.0511837 0.0449495 0.038672 0.0324783 0.0264868 0.0208316 0.0156714 0.0111743 0.00748103 0.00465914
 0.00802014 0.0130217 0.0195874 0.0276548 0.0369603 0.0468985 0.05648 0.0645545 0.0702135 0.0730741 0.0732646 0.0712162 0.0674618 0.062522 0.0568475 0.0507857 0.0445742 0.0383641 0.0322602 0.0263597 0.020781 0.0156744 0.0112064 0.00752175 0.00469534
 0.0078189 0.0127348 0.01923 0.0272668 0.0365945 0.046604 0.0562881 0.0644771 0.0702494 0.0732145 0.0734938 0.0715067 0.0677726 0.0628063 0.0570672 0.0509251 0.0446441 0.0383938 0.0322823 0.0263973 0.0208419 0.0157526 0.0112891 0.00759601 0.00475309
 0.00788247 0.012803 0.01927 0.0272322 0.0364455 0.0463337 0.0559398 0.0641349 0.0700042 0.0731246 0.0735645 0.0716985 0.0680259 0.0630641 0.0572871 0.0510821 0.0447311 0.0384208 0.0322718 0.0263758 0.0208298 0.0157588 0.0113114 0.007626 0.00478213
 0.0080277 0.0130147 0.0195412 0.027535 0.0367318 0.0465419 0.0560079 0.0640198 0.0697039 0.0726917 0.0730954 0.0712988 0.0677695 0.0629694 0.0573221 0.0511894 0.0448548 0.0385237 0.03234 0.0264136 0.0208506 0.0157755 0.0113306 0.00764782 0.00480326
 0.00789278 0.0128332 0.0193368 0.0273506 0.0366135 0.0465157 0.0560616 0.0641033 0.0697498 0.0726459 0.0729431 0.0710738 0.0675409 0.0628133 0.0572897 0.0512891 0.0450547 0.0387717 0.0325868 0.0266273 0.0210195 0.0159019 0.0114227 0.00771361 0.00484873
 0.00781845 0.012723 0.0191929 0.0271864 0.0364564 0.0464055 0.0560436 0.0642128 0.0699907 0.0729757 0.073279 0.0713225 0.0676396 0.0627563 0.0571263 0.051094 0.044893 0.0386753 0.0325537 0.0266361 0.0210463 0.0159307 0.0114468 0.00773215 0.00486249
 0.00774177 0.0126119 0.0190509 0.0270264 0.0362978 0.0462706 0.0559546 0.064191 0.0700546 0.0731352 0.073525 0.0716194 0.0679288 0.0629744 0.0572309 0.0510821 0.0447986 0.0385495 0.0324404 0.0265573 0.0210031 0.0159129 0.0114429 0.00773398 0.00486599
 0.00749156 0.0122284 0.0185184 0.0263492 0.035503 0.0454088 0.0551 0.0634357 0.0694932 0.0728432 0.0735401 0.0719334 0.0684901 0.0636986 0.0580184 0.0518404 0.0454633 0.0390946 0.0328717 0.0268963 0.0212708 0.0161226 0.0116014 0.00784673 0.00494019
 0.00756133 0.0122983 0.0185442 0.0262653 0.035243 0.0449365 0.0544344 0.062654 0.0687087 0.0721713 0.0730703 0.0717162 0.0685354 0.0639804 0.0584812 0.0524095 0.04606 0.0396528 0.0333504 0.0272814 0.0215676 0.0163445 0.0117622 0.00795841 0.00501307
 0.0075005 0.0122135 0.0184397 0.0261467 0.0351059 0.0447549 0.0541598 0.062234 0.0681205 0.0714518 0.0723202 0.0710712 0.0681194 0.0638658 0.0586736 0.0528565 0.0466739 0.0403362 0.0340176 0.0278723 0.0220515 0.0167154 0.0120299 0.00814032 0.00512878
 0.00737255 0.0120329 0.0182193 0.0259168 0.034907 0.0446233 0.0541123 0.0622569 0.068168 0.071457 0.0722209 0.0708417 0.0677919 0.0635241 0.0584204 0.0527709 0.0467833 0.0406133 0.0343991 0.0282853 0.0224358 0.0170343 0.0122706 0.00830713 0.00523534
 0.00727028 0.011864 0.0179622 0.0255555 0.034441 0.0440799 0.0535531 0.0617682 0.0678329 0.0713209 0.0722708 0.071013 0.0680004 0.0637068 0.0585618 0.0529022 0.0469565 0.0408672 0.0347378 0.0286777 0.0228325 0.0173891 0.0125545 0.00851214 0.00536957
 0.00741904 0.0120608 0.0181747 0.0257244 0.034495 0.0439612 0.0532412 0.0612907 0.0672605 0.070749 0.0717934 0.0706954 0.0678606 0.0637155 0.0586634 0.0530463 0.0471196 0.0410534 0.0349609 0.0289406 0.0231182 0.0176671 0.012795 0.00869715 0.00549664
 0.0075575 0.0122813 0.0184949 0.0261491 0.0350051 0.0445026 0.0537219 0.0615978 0.0672979 0.0704801 0.0712625 0.0700137 0.0671637 0.0631157 0.0582203 0.0527651 0.0469717 0.0410035 0.0349829 0.0290189 0.0232386 0.0178102 0.0129376 0.00881941 0.00558794
 0.00755835 0.0122929 0.0185317 0.0262314 0.035155 0.0447344 0.0540316 0.0619544 0.0676418 0.0707328 0.0713495 0.0698934 0.0668488 0.0626729 0.0577456 0.0523473 0.0466655 0.0408227 0.0349127 0.0290322 0.0233077 0.0179099 0.0130454 0.00891732 0.00566481
 0.00758178 0.0123386 0.0186148 0.0263714 0.0353719 0.0450425 0.0544315 0.0624284 0.068152 0.0712228 0.0717498 0.0701325 0.0668715 0.0624611 0.0573298 0.0518017 0.0460844 0.0402907 0.0344837 0.0287251 0.0231141 0.0178064 0.0130043 0.0089127 0.00567639
 0.00756263 0.0123139 0.01859 0.0263575 0.0353845 0.0451002 0.0545524 0.0626261 0.0684303 0.07157 0.0721351 0.0705067 0.0671739 0.062633 0.0573321 0.0516297 0.0457725 0.039903 0.0340921 0.0283871 0.0228604 0.0176407 0.0129117 0.00887077 0.00566363
 0.0076273 0.0124051 0.0187017 0.0264766 0.0354955 0.0451931 0.0546291 0.0626997 0.0685201 0.0716931 0.0722982 0.0707017 0.0673767 0.0628058 0.0574318 0.0516209 0.0456408 0.0396633 0.0337859 0.0280684 0.0225771 0.0174218 0.0127638 0.00878344 0.00561912
 0.00736862 0.0119929 0.0180982 0.0256554 0.0344511 0.0439538 0.05327 0.0613452 0.0673276 0.0708208 0.0718688 0.0707741 0.067933 0.0637567 0.0586377 0.0529239 0.0468984 0.040773 0.0346964 0.0287746 0.0231045 0.0178071 0.0130408 0.00897776 0.00574957
 0.00722658 0.0117575 0.0177356 0.0251314 0.0337383 0.0430434 0.0521849 0.0601473 0.066114 0.0697115 0.0709901 0.0702395 0.0678224 0.0640965 0.0593891 0.0539866 0.0481322 0.0420306 0.0358552 0.0297575 0.0238824 0.0183881 0.0134535 0.00925716 0.00592885
 0.00715773 0.0116541 0.0175945 0.0249517 0.0335167 0.0427685 0.0518353 0.0596979 0.065549 0.0690395 0.0702554 0.069522 0.0672263 0.0637273 0.0593258 0.0542568 0.0487004 0.0428063 0.0367192 0.0305949 0.0246097 0.0189641 0.0138742 0.00954284 0.00610971
 0.00697716 0.01137 0.0171858 0.0244078 0.0328425 0.0419892 0.0509993 0.0588702 0.0647953 0.0684073 0.0697649 0.069175 0.0670245 0.0636877 0.0594818 0.0546425 0.049327 0.0436432 0.0376909 0.0315983 0.0255421 0.0197497 0.0144778 0.00996707 0.00638309
 0.00698125 0.0113601 0.0171401 0.0242958 0.0326319 0.0416586 0.050549 0.0583262 0.0642033 0.0678204 0.0692305 0.0687263 0.06668 0.0634582 0.0593809 0.0546924 0.0495524 0.0440549 0.0382688 0.0322851 0.0262557 0.0204075 0.01502 0.0103689 0.00665163
 0.0070158 0.0114099 0.0172021 0.0243596 0.0326786 0.0416605 0.0504727 0.0581405 0.0638912 0.0673904 0.0687197 0.068192 0.0661832 0.0630495 0.0590938 0.0545473 0.0495629 0.0442281 0.0385983 0.0327412 0.0267837 0.0209384 0.0154905 0.010739 0.00691103
 0.00714742 0.0116219 0.0175163 0.0247918 0.0332314 0.0423131 0.0511725 0.0588035 0.0644157 0.0676818 0.0687163 0.0678821 0.0656083 0.0622922 0.0582572 0.0537326 0.0488531 0.0436808 0.0382431 0.0325787 0.0267857 0.021054 0.0156599 0.0109099 0.00705053
 0.00717359 0.0116783 0.017627 0.024988 0.0335442 0.0427614 0.0517506 0.0594737 0.065111 0.0683151 0.0691953 0.068127 0.0655697 0.0619662 0.0576891 0.0530074 0.0480751 0.042951 0.0376394 0.0321449 0.0265282 0.0209471 0.0156577 0.0109622 0.00711684
 0.00713112 0.0116232 0.0175707 0.0249528 0.033561 0.042864 0.0519681 0.059823 0.0655874 0.0688864 0.0697996 0.0686801 0.0659818 0.0621631 0.0576323 0.0527061 0.0475855 0.0423615 0.0370477 0.0316334 0.0261466 0.0207067 0.0155381 0.0109256 0.00712428
 0.00717407 0.0116801 0.0176334 0.0250082 0.0335975 0.042882 0.0519859 0.0598748 0.0657123 0.0691117 0.0701273 0.069081 0.0663982 0.0625203 0.0578564 0.0527443 0.0474233 0.0420289 0.0366113 0.0311756 0.0257407 0.0203981 0.0153379 0.0108176 0.00707916
 0.00707879 0.0115271 0.0174067 0.0246941 0.0331883 0.0423806 0.051414 0.0592786 0.0651621 0.0686923 0.0699204 0.0691414 0.0667338 0.0630834 0.0585531 0.0534589 0.0480499 0.0424992 0.0369074 0.0313249 0.0257959 0.0204128 0.0153487 0.0108388 0.00710865
 0.00711578 0.0115822 0.0174796 0.0247797 0.0332752 0.0424516 0.0514464 0.0592477 0.0650491 0.0684949 0.0696615 0.0688703 0.0665154 0.0629765 0.0585867 0.0536182 0.0482808 0.0427303 0.0370787 0.031409 0.0258016 0.0203716 0.0152953 0.0107966 0.00708526
 0.00705993 0.0115048 0.0173877 0.0246876 0.0332001 0.0424056 0.0514305 0.0592506 0.0650509 0.0684742 0.0696031 0.0687728 0.0663957 0.0628686 0.0585317 0.0536474 0.0483998 0.0429135 0.0372802 0.0315828 0.0259206 0.0204339 0.0153171 0.0107986 0.00708255
 0.00704033 0.0114709 0.0173339 0.0246095 0.0330984 0.0422899 0.0513207 0.0591718 0.0650225 0.068499 0.0696634 0.068838 0.0664366 0.0628722 0.0585072 0.0536214 0.048402 0.0429611 0.0373687 0.0316898 0.0260187 0.0205047 0.015357 0.0108152 0.00708687
 0.00692116 0.0112824 0.0170602 0.0242404 0.0326327 0.0417399 0.050718 0.058569 0.0644875 0.0681007 0.0694543 0.0688388 0.0666313 0.0632146 0.0589383 0.0540893 0.0488734 0.04342 0.0378062 0.0320945 0.0263741 0.020795 0.0155745 0.0109639 0.0071798
 0.00690876 0.011264 0.0170352 0.0242082 0.0325907 0.0416819 0.0506337 0.0584466 0.0643194 0.0678906 0.0692217 0.0686175 0.06646 0.0631241 0.0589411 0.0541769 0.0490238 0.0436082 0.0380113 0.0323005 0.0265671 0.0209623 0.015707 0.0110587 0.00724078
#obs surv len freq
 0.00496104 0.00812614 0.0123606 0.0176784 0.0239546 0.030826 0.0376698 0.0437642 0.0485585 0.0518479 0.053746 0.0545333 0.0545274 0.0540261 0.0532926 0.0525435 0.0519263 0.0514769 0.0510569 0.0502965 0.048613 0.0453752 0.0402058 0.0332734 0.0253599
 0.00518185 0.00848732 0.0129081 0.018456 0.0249952 0.0321374 0.0392217 0.0454846 0.050345 0.0535884 0.0553357 0.0558818 0.0555566 0.0546676 0.0534875 0.0522488 0.0511239 0.0501837 0.0493319 0.0482434 0.0463764 0.0431284 0.038126 0.031508 0.0239948
 0.005406 0.00885396 0.0134643 0.0192474 0.0260581 0.0334856 0.040832 0.0472907 0.0522455 0.0554651 0.0570722 0.0573754 0.056723 0.0554386 0.0538076 0.0520723 0.0504177 0.0489388 0.047579 0.0460693 0.0439299 0.0406087 0.0357506 0.029466 0.0224023
 0.00564631 0.0092487 0.0140659 0.0201073 0.0272165 0.0349558 0.0425843 0.0492477 0.0542928 0.0574742 0.0589206 0.0589581 0.0579549 0.0562531 0.0541526 0.0519063 0.0497087 0.0476703 0.0457665 0.0437825 0.0413097 0.0378639 0.0331251 0.0271825 0.0206058
 0.0058927 0.00965257 0.01468 0.0209833 0.0283954 0.0364528 0.0443725 0.0512513 0.0563973 0.059547 0.0608325 0.0605969 0.0592306 0.0570978 0.0545167 0.0517524 0.0490085 0.046407 0.0439496 0.0414705 0.0386328 0.035028 0.0303827 0.0247739 0.0186952
 0.00612515 0.010033 0.0152574 0.0218055 0.0295005 0.0378557 0.0460501 0.053137 0.058389 0.0615255 0.0626794 0.0622053 0.06051 0.0579753 0.0549361 0.0516715 0.048396 0.0452446 0.0422425 0.039269 0.0360557 0.0322698 0.0276897 0.0223881 0.0167883
 0.00638181 0.010452 0.0158912 0.0227033 0.0306986 0.0393615 0.0478271 0.0551 0.0604179 0.0634895 0.064459 0.0637039 0.0616546 0.0587125 0.0552267 0.0514855 0.0477096 0.0440428 0.0405301 0.0370915 0.0335217 0.0295614 0.0250418 0.0200352 0.0149008
 0.00660599 0.0108237 0.016464 0.0235313 0.0318251 0.0408013 0.0495486 0.0570197 0.0624125 0.065421 0.0661994 0.0651493 0.0627307 0.0593718 0.0554423 0.0512428 0.0469994 0.0428603 0.0388845 0.0350252 0.031133 0.0270152 0.0225526 0.0178204 0.0131199
 0.00683781 0.0112014 0.0170341 0.0243382 0.032903 0.0421614 0.0511649 0.058822 0.0642939 0.0672556 0.0678619 0.0665308 0.0637477 0.0599703 0.0555956 0.0509442 0.0462538 0.0416789 0.0372891 0.0330624 0.0288949 0.0246499 0.0202518 0.0157778 0.0114786
 0.00707553 0.0115911 0.0176262 0.0251802 0.0340289 0.0435751 0.0528248 0.0606379 0.0661418 0.0690043 0.0693951 0.067758 0.0646051 0.060418 0.0556148 0.0505336 0.0454251 0.0404536 0.0356998 0.0311635 0.0267763 0.0224463 0.0181317 0.0139093 0.0099838
 0.0073019 0.0119639 0.0181957 0.0259955 0.0351266 0.0449629 0.054464 0.0624382 0.0679746 0.0707277 0.0708803 0.0689063 0.0653538 0.0607389 0.0555064 0.0500123 0.0445174 0.0391923 0.0341269 0.0293378 0.0247858 0.0204133 0.0162029 0.0122269 0.00864772
 0.00744643 0.0122063 0.0185747 0.0265524 0.0358982 0.0459684 0.0556916 0.063838 0.0694631 0.0722011 0.0722297 0.0700306 0.0661711 0.0611932 0.0555711 0.0496873 0.0438229 0.0381623 0.0328072 0.0277901 0.0230946 0.0186892 0.014573 0.0108106 0.00752689
 0.00753878 0.0123558 0.0187993 0.0268704 0.0363275 0.0465241 0.0563812 0.0646567 0.0703894 0.0731958 0.0732362 0.0709789 0.0669839 0.0617964 0.0559035 0.0497084 0.043517 0.0375383 0.0318972 0.0266489 0.0218008 0.0173431 0.0132866 0.00968666 0.00663509
 0.00760587 0.0124581 0.0189408 0.0270518 0.0365475 0.0467825 0.056681 0.0650044 0.0707938 0.0736643 0.0737695 0.0715634 0.0675866 0.0623641 0.0563696 0.0500047 0.0435867 0.0373477 0.0314424 0.0259589 0.0209362 0.0163902 0.0123441 0.008846 0.00595965
 0.00766745 0.0125503 0.0190649 0.0272032 0.0367174 0.0469599 0.0568559 0.0651704 0.0709517 0.0738245 0.0739508 0.0717864 0.0678639 0.0626897 0.0567134 0.0503152 0.0438007 0.0374062 0.0313059 0.0256198 0.0204237 0.0157663 0.0116896 0.00824062 0.00546203
 0.00773291 0.0126541 0.0192156 0.0274056 0.0369695 0.0472501 0.0571608 0.0654579 0.0711892 0.07399 0.0740413 0.0718193 0.0678693 0.0626989 0.0567462 0.0503699 0.0438519 0.0374111 0.0312191 0.0254107 0.0200901 0.0153387 0.0112227 0.007796 0.00508907
 0.0077858 0.0127331 0.0193217 0.0275356 0.0371177 0.0474106 0.0573284 0.0656267 0.0713505 0.074132 0.0741511 0.0718876 0.0678963 0.0626954 0.0567298 0.0503562 0.0438448 0.0373974 0.031172 0.0253011 0.0199019 0.0150789 0.0109214 0.00749562 0.00482834
 0.00780087 0.0127556 0.0193518 0.0275718 0.0371572 0.0474496 0.0573634 0.065656 0.0713758 0.0741584 0.0741851 0.0719334 0.0679531 0.0627582 0.0567929 0.0504159 0.0438988 0.0374404 0.0311921 0.0252818 0.0198292 0.014951 0.0107529 0.00731345 0.00466103
 0.00785907 0.0128427 0.0194686 0.0277137 0.0373149 0.0476106 0.057514 0.0657819 0.0714649 0.0742032 0.0741853 0.0718966 0.0678917 0.0626856 0.0567196 0.050348 0.043838 0.0373845 0.031135 0.0252143 0.0197424 0.0148406 0.0106243 0.00718029 0.00454004
 0.00788645 0.0128849 0.0195276 0.0277892 0.0374039 0.0477071 0.0576088 0.0658644 0.0715251 0.074235 0.0741885 0.0718757 0.0678543 0.0626401 0.0566734 0.0503063 0.0438029 0.0373548 0.0311064 0.0251801 0.0196959 0.0147784 0.0105484 0.00709874 0.00446354
 0.00787825 0.0128715 0.0195073 0.0277611 0.0373678 0.047665 0.0575652 0.0658255 0.0714973 0.0742229 0.0741933 0.0718959 0.0678869 0.0626815 0.0567205 0.0503564 0.0438534 0.0374026 0.0311473 0.0252092 0.0197083 0.0147716 0.0105242 0.00706288 0.00442431
 0.00789457 0.012891 0.0195239 0.0277649 0.0373483 0.0476157 0.0574871 0.0657283 0.0713963 0.0741345 0.0741306 0.0718663 0.0678911 0.0627154 0.0567765 0.050426 0.0439287 0.0374768 0.0312145 0.0252641 0.0197469 0.0147919 0.0105271 0.00705254 0.00440698
 0.00790209 0.0129016 0.0195364 0.0277763 0.0373533 0.0476069 0.0574563 0.0656693 0.0713086 0.0740259 0.0740172 0.071768 0.0678255 0.0626924 0.0567963 0.050481 0.0440071 0.0375657 0.0313025 0.0253425 0.0198095 0.0148356 0.010552 0.00706199 0.0044061
 0.00789535 0.0128908 0.0195204 0.0277542 0.0373245 0.0475711 0.0574137 0.0656201 0.0712528 0.0739637 0.0739504 0.0717017 0.0677688 0.0626562 0.0567901 0.050509 0.0440661 0.0376469 0.0313938 0.0254317 0.0198871 0.0148957 0.0105931 0.0070859 0.0044171
 0.00787397 0.0128548 0.0194642 0.0276724 0.037214 0.0474337 0.0572583 0.0654621 0.0711105 0.073853 0.0738806 0.0716746 0.0677805 0.0627009 0.0568629 0.050606 0.0441836 0.0377789 0.0315317 0.0255649 0.0200054 0.0149918 0.0106639 0.00713281 0.00444467
 0.00786392 0.0128355 0.0194299 0.0276157 0.0371279 0.0473144 0.0571079 0.0652904 0.0709336 0.0736907 0.0737519 0.0715939 0.0677549 0.0627294 0.0569377 0.0507163 0.0443182 0.0379276 0.0316847 0.0257125 0.0201383 0.0151026 0.0107486 0.00719174 0.00448162
 0.0078463 0.0128045 0.0193789 0.0275371 0.037015 0.047164 0.0569233 0.0650824 0.0707195 0.0734911 0.0735875 0.0714822 0.0677078 0.0627511 0.0570241 0.0508562 0.0444958 0.0381256 0.031887 0.0259051 0.0203099 0.0152454 0.0108587 0.00726972 0.00453194
 0.00783953 0.0127936 0.0193624 0.0275132 0.0369807 0.0471153 0.0568556 0.0649915 0.0706046 0.0733565 0.0734437 0.0713451 0.0675952 0.0626792 0.0570038 0.0508907 0.0445803 0.0382486 0.0320331 0.026058 0.020455 0.0153715 0.0109592 0.00734302 0.00458056
 0.00779807 0.012728 0.0192672 0.0273853 0.0368206 0.0469288 0.0566543 0.0647926 0.0704261 0.0732128 0.0733427 0.0712886 0.0675822 0.0627084 0.0570748 0.0510027 0.0447298 0.0384279 0.03223 0.0262574 0.0206416 0.0155327 0.0110877 0.00743686 0.00464312
 0.00776589 0.0126721 0.0191768 0.0272488 0.0366296 0.0466828 0.0563659 0.0644873 0.0701374 0.0729738 0.0731778 0.0712095 0.067588 0.0627892 0.0572161 0.0511896 0.044949 0.0386675 0.0324775 0.0264994 0.0208644 0.0157243 0.0112403 0.00754882 0.00471818
 0.00773314 0.0126176 0.0190922 0.0271253 0.0364594 0.0464619 0.0560976 0.0641846 0.0698234 0.0726785 0.0729337 0.0710449 0.0675213 0.0628248 0.057345 0.051393 0.0452039 0.0389508 0.0327688 0.0267809 0.0211206 0.0159432 0.0114145 0.00767674 0.00480428
 0.00770808 0.0125749 0.0190243 0.027024 0.0363174 0.0462759 0.0558704 0.0639266 0.0695511 0.0724122 0.0726953 0.0708562 0.0674022 0.0627906 0.057402 0.0515369 0.0454195 0.0392157 0.0330577 0.0270693 0.0213878 0.0161736 0.0115989 0.00781297 0.00489651
 0.00768036 0.0125299 0.0189568 0.0269288 0.0361905 0.0461155 0.0556788 0.063711 0.0693233 0.0721872 0.0724893 0.0706854 0.0672816 0.0627329 0.0574167 0.0516273 0.0455815 0.0394363 0.0333165 0.0273418 0.0216498 0.0164052 0.0117873 0.00795373 0.00499259
 0.00768124 0.0125325 0.0189624 0.0269387 0.0362045 0.0461302 0.0556866 0.0637009 0.069284 0.0721105 0.0723742 0.0705393 0.0671195 0.0625751 0.0572851 0.0515414 0.0455547 0.0394728 0.0334099 0.0274769 0.0218055 0.0165599 0.0119236 0.00806139 0.00506909
 0.00763184 0.0124599 0.0188677 0.0268284 0.0360888 0.0460208 0.0555939 0.063632 0.069241 0.07209 0.0723674 0.0705356 0.0671104 0.0625582 0.0572655 0.0515308 0.0455666 0.0395185 0.0334937 0.027594 0.0219432 0.0167009 0.0120516 0.00816501 0.00514421
 0.00762704 0.0124462 0.0188366 0.0267696 0.0359944 0.045891 0.0554409 0.0634784 0.0691127 0.0720062 0.0723343 0.0705457 0.0671482 0.0626065 0.0573123 0.051572 0.0456065 0.0395661 0.0335578 0.0276784 0.0220445 0.0168093 0.0121544 0.00825174 0.00520926
 0.0076024 0.0124104 0.0187903 0.0267148 0.0359327 0.0458212 0.0553585 0.0633792 0.0689974 0.0718853 0.0722264 0.070471 0.0671196 0.0626249 0.0573672 0.0516482 0.0456912 0.0396528 0.0336463 0.0277709 0.0221413 0.0169066 0.0122452 0.00832862 0.00526771
 0.00758378 0.0123787 0.0187403 0.0266417 0.0358344 0.0457005 0.0552247 0.0632459 0.0688782 0.0717886 0.072155 0.0704252 0.0671011 0.0626376 0.0574135 0.0517259 0.0457922 0.0397665 0.0337636 0.0278861 0.0222509 0.0170077 0.0123341 0.00840152 0.00532242
 0.00756653 0.0123519 0.0187022 0.0265911 0.0357704 0.0456223 0.0551325 0.0631423 0.0687691 0.0716836 0.0720648 0.0703593 0.0670649 0.0626326 0.0574391 0.0517798 0.0458709 0.0398643 0.0338725 0.0279979 0.0223584 0.0171054 0.0124178 0.00846855 0.00537198
 0.00756153 0.0123433 0.0186884 0.0265704 0.0357414 0.0455843 0.0550862 0.063089 0.0687106 0.0716217 0.0720018 0.0702987 0.0670124 0.0625945 0.0574212 0.0517857 0.0459011 0.0399165 0.0339421 0.0280779 0.0224415 0.0171844 0.0124871 0.00852461 0.00541354
 0.00754952 0.0123241 0.0186601 0.0265316 0.0356913 0.0455237 0.0550174 0.0630164 0.0686399 0.0715583 0.07195 0.0702607 0.0669888 0.0625857 0.0574276 0.0518085 0.0459413 0.0399736 0.0340134 0.0281585 0.0225249 0.0172637 0.0125564 0.00858021 0.00545429
 0.00751603 0.0122741 0.018593 0.0264497 0.0355992 0.0454269 0.0549216 0.0629272 0.0685627 0.0714978 0.0719097 0.0702426 0.0669928 0.0626101 0.0574697 0.0518654 0.0460106 0.0400532 0.0341008 0.0282502 0.0226158 0.0173481 0.0126291 0.0086378 0.00549602
 0.00753234 0.0122954 0.0186156 0.0264674 0.0356051 0.0454167 0.0548958 0.0628906 0.0685215 0.071457 0.0718712 0.0702063 0.0669584 0.0625788 0.0574442 0.0518489 0.0460058 0.0400617 0.0341226 0.0282836 0.0226573 0.0173929 0.012672 0.00867456 0.00552421
 0.00751865 0.0122788 0.0186008 0.0264611 0.0356133 0.0454407 0.0549293 0.0629216 0.0685379 0.0714519 0.071846 0.0701681 0.0669162 0.0625391 0.0574109 0.0518239 0.0459905 0.0400573 0.0341297 0.0283016 0.022684 0.0174245 0.0127041 0.0087032 0.00554686
 0.00749155 0.0122353 0.0185369 0.0263749 0.035507 0.0453223 0.0548136 0.0628267 0.0684789 0.0714348 0.0718655 0.0702117 0.0669708 0.0625963 0.0574673 0.0518796 0.0460463 0.0401137 0.0341868 0.0283588 0.0227398 0.0174766 0.01275 0.00874049 0.00557458
 0.00749519 0.0122363 0.0185291 0.0263498 0.0354558 0.0452396 0.0547014 0.0626958 0.0683471 0.0713226 0.0717901 0.0701822 0.0669859 0.0626461 0.0575385 0.0519599 0.0461277 0.0401923 0.0342612 0.0284283 0.0228036 0.0175332 0.0127978 0.00877826 0.00560211
 0.00749519 0.0122363 0.0185291 0.0263498 0.0354558 0.0452396 0.0547014 0.0626958 0.0683471 0.0713226 0.0717901 0.0701822 0.0669859 0.0626461 0.0575385 0.0519599 0.0461277 0.0401923 0.0342612 0.0284283 0.0228036 0.0175332 0.0127978 0.00877826 0.00560211
 0.00718539 0.0117453 0.0178158 0.0253893 0.0342504 0.0438327 0.0531882 0.0612204 0.0670773 0.0704104 0.0713363 0.070219 0.0674791 0.0635102 0.0586587 0.0532148 0.0474082 0.0414134 0.0353647 0.02938 0.023588 0.0181493 0.0132558 0.00909791 0.00580957
 0.00715254 0.0116596 0.0176273 0.0250322 0.0336595 0.0429705 0.0520702 0.0599237 0.0657287 0.0691595 0.070328 0.0695691 0.0672573 0.0637299 0.059276 0.0541399 0.0485249 0.0426019 0.0365208 0.0304261 0.024476 0.0188583 0.0137872 0.00946988 0.00605101
 0.00713604 0.0116394 0.0176063 0.0250098 0.0336221 0.0428815 0.0518686 0.0595397 0.0651144 0.0683219 0.0693437 0.0685722 0.0664037 0.0631561 0.059067 0.0543133 0.0490342 0.0433533 0.0373986 0.0313182 0.0252932 0.0195437 0.014317 0.00984748 0.00629862
 0.00703823 0.0114845 0.0173819 0.0247095 0.0332496 0.0424528 0.051411 0.0590826 0.0646743 0.0678924 0.0689022 0.0681043 0.0659307 0.0627443 0.058811 0.0543011 0.0493121 0.0439073 0.0381586 0.03218 0.0261478 0.020303 0.0149281 0.0102952 0.00659743
 0.0070145 0.011446 0.0173239 0.0246271 0.0331375 0.0423067 0.0512294 0.0588685 0.0644352 0.0676368 0.068634 0.067819 0.0656208 0.0624139 0.0584909 0.0540522 0.0492079 0.0440041 0.0384684 0.0326621 0.026723 0.020881 0.0154351 0.0106898 0.00687208
 0.00702593 0.011467 0.0173596 0.0246827 0.0332155 0.0424036 0.0513323 0.0589561 0.0644822 0.0676207 0.0685411 0.0676463 0.0653738 0.0621051 0.0581418 0.0536982 0.0489006 0.0438026 0.0384195 0.0327795 0.0269783 0.0212138 0.0157762 0.0109846 0.00709291
 0.0070567 0.0115254 0.0174627 0.0248503 0.0334646 0.0427385 0.0517368 0.0593911 0.0648927 0.0679482 0.0687362 0.0676777 0.0652329 0.061805 0.0577143 0.0531897 0.0483682 0.0433096 0.0380259 0.0325275 0.0268787 0.0212426 0.0158855 0.0111216 0.0072177
 0.00708138 0.0115693 0.0175359 0.024966 0.0336372 0.0429805 0.0520535 0.0597754 0.0653211 0.0683807 0.0691198 0.0679563 0.0653592 0.0617523 0.0574826 0.0528056 0.0478811 0.0427831 0.0375278 0.0321165 0.0265914 0.021085 0.0158349 0.0111392 0.00726418
 0.00707792 0.0115684 0.0175439 0.0249923 0.0336935 0.0430782 0.0522013 0.0599777 0.0655765 0.0686801 0.0694439 0.0682735 0.0656276 0.0619265 0.0575252 0.0526988 0.0476339 0.0424319 0.0371285 0.0317313 0.0262722 0.020861 0.0157076 0.0110883 0.00725991
 0.00703129 0.0114933 0.0174327 0.0248406 0.033503 0.0428609 0.0519824 0.0597937 0.0654672 0.0686775 0.0695627 0.0685066 0.0659462 0.0622849 0.0578679 0.0529724 0.0477999 0.0424775 0.0370701 0.0316078 0.0261312 0.0207423 0.0156322 0.0110566 0.00725916
 0.00695323 0.0113662 0.0172413 0.0245718 0.0331497 0.0424287 0.0514949 0.0592945 0.0650148 0.0683334 0.0693786 0.0685134 0.0661472 0.0626537 0.0583529 0.0535059 0.0483123 0.0429126 0.037397 0.0318252 0.0262612 0.0208174 0.0156814 0.011097 0.00729573
 0.00698418 0.0114068 0.0172839 0.024602 0.0331483 0.042376 0.0513761 0.0591038 0.064759 0.0680344 0.0690728 0.0682473 0.0659678 0.0625958 0.0584283 0.0536982 0.0485806 0.0432032 0.0376598 0.0320278 0.0263953 0.0208944 0.0157219 0.0111199 0.00731232
 0.00695519 0.0113652 0.0172313 0.0245419 0.0330837 0.0423056 0.0512921 0.0589939 0.0646117 0.0678459 0.0688525 0.0680187 0.065765 0.0624572 0.0583863 0.0537692 0.0487579 0.043457 0.0379454 0.0322999 0.0266214 0.0210617 0.0158345 0.011191 0.00735583
 0.00695543 0.0113628 0.0172226 0.0245227 0.0330511 0.0422598 0.0512377 0.0589372 0.0645557 0.0677864 0.0687788 0.0679203 0.0656407 0.0623207 0.0582649 0.0536953 0.0487565 0.0435349 0.0380883 0.0324775 0.0267994 0.0212136 0.0159481 0.0112671 0.00740256
 0.00685176 0.0112 0.0169888 0.0242118 0.0326649 0.0418116 0.0507552 0.058462 0.0641375 0.0674715 0.0685976 0.0678803 0.0657271 0.0625047 0.0585163 0.0539927 0.0490899 0.0439 0.0384768 0.0328711 0.0271712 0.0215367 0.0162044 0.0114521 0.00752416
 0.00688093 0.0112374 0.0170265 0.0242354 0.0326568 0.0417562 0.0506434 0.0582944 0.0639242 0.0672308 0.0683542 0.0676615 0.0655573 0.0624001 0.0584816 0.0540233 0.0491769 0.0440346 0.0386506 0.0330726 0.0273835 0.0217389 0.0163776 0.0115852 0.00761582
#pred catch len freq
 0.0037353 0.00604724 0.00908946 0.0128926 0.0174756 0.0227923 0.0286636 0.0347724 0.0407322 0.0461719 0.0507928 0.0544056 0.0569521 0.0584986 0.059194 0.0592189 0.0587477 0.0579174 0.0567729 0.0551843 0.05279 0.0490691 0.0435987 0.0363939 0.0280915
 0.00414766 0.0066447 0.00985746 0.0137818 0.0184299 0.0237858 0.0297178 0.0359347 0.0420233 0.0475371 0.0520936 0.0554605 0.0576068 0.0586839 0.0589437 0.0586415 0.0579696 0.0570234 0.0557728 0.0540229 0.0514011 0.0474451 0.0418324 0.034661 0.0265815
 0.0043629 0.00703448 0.0105129 0.0147996 0.0198755 0.0256449 0.0318674 0.0381656 0.0441137 0.049331 0.0535285 0.0565304 0.058301 0.0589585 0.0587456 0.0579554 0.0568431 0.0555495 0.0540451 0.052103 0.0493247 0.0452629 0.0396482 0.0326308 0.024865
 0.00453777 0.00731399 0.0109312 0.015402 0.0207293 0.0268413 0.0335005 0.040281 0.0466471 0.0520772 0.0561765 0.0587589 0.0598782 0.0597863 0.0588338 0.057367 0.0556575 0.0538549 0.0519412 0.0496988 0.0467358 0.0426185 0.0371005 0.0303456 0.0229853
 0.0047234 0.00761918 0.0113971 0.0160704 0.0216371 0.0280142 0.034948 0.0419991 0.0486223 0.0542774 0.0585224 0.0610925 0.0619629 0.0613576 0.0596768 0.0573736 0.0548346 0.0522932 0.0497775 0.0470929 0.0438651 0.0396786 0.0342983 0.0278754 0.0209904
 0.00498218 0.00802448 0.0119802 0.0168552 0.0226422 0.0292535 0.0364251 0.0436968 0.0504954 0.0562551 0.0605176 0.0630096 0.0636951 0.0627749 0.0606234 0.0576905 0.0544028 0.051074 0.0478281 0.0445568 0.0409504 0.0366332 0.0313803 0.0253133 0.0189398
 0.00531786 0.00855033 0.0127349 0.0178624 0.0239087 0.030766 0.0381453 0.0455598 0.0524162 0.0581416 0.0622828 0.0645777 0.0650006 0.0637563 0.0612121 0.0578024 0.0539438 0.0499661 0.0460491 0.0421737 0.0381297 0.0336217 0.0284595 0.0227385 0.0168828
