SBPRF35
7.10279
Curr Bio
485215
B35
475376
F35
0.224306
FOFL
0.21414
OFL
75131
Bzero
2.02937e+006
#pred survey bio
 4.60524e+006 4.06244e+006 3.55709e+006 3.21182e+006 3.02196e+006 2.76133e+006 2.5044e+006 2.23852e+006 1.93017e+006 1.64394e+006 1.40006e+006 1.22741e+006 1.09689e+006 990952 908291 805072 687871 616479 583534 561352 531767 520566 520525 509413 509876 503947 507637 493064 499193 510075 532154 527682 533977 539638 562425 587575 594117 591104 581777 584233 583022 557789 536918 529550 548188 577642 619704 618210 557323 532174 492234 1.61572e+007 9.535e+006 9.7877e+006 1.05689e+007 1.15935e+007 1.26228e+007 1.35263e+007 1.42575e+007 1.48189e+007 1.52352e+007 1.55372e+007 1.57532e+007 1.59065e+007 1.60152e+007 1.60922e+007 1.61471e+007 1.61863e+007 1.62146e+007 1.62351e+007 1.62501e+007 1.62612e+007 1.62693e+007 1.62754e+007 1.62799e+007 1.62834e+007 1.62859e+007 1.62879e+007 1.62893e+007 1.62904e+007 1.62913e+007 1.62919e+007 1.62924e+007 1.62928e+007 1.62931e+007 1.62933e+007 1.62935e+007 1.62936e+007 1.62937e+007 1.62938e+007 1.62938e+007 1.62939e+007 1.62939e+007 1.62939e+007 1.62939e+007 1.62939e+007 1.6294e+007 1.6294e+007 1.6294e+007 1.6294e+007 1.6294e+007 1.6294e+007 1.6294e+007 1.6294e+007 1.6294e+007 1.6294e+007 1.6294e+007 1.6294e+007 1.6294e+007 1.6294e+007 1.6294e+007 1.6294e+007 1.6294e+007 1.6294e+007 1.6294e+007 1.6294e+007 1.6294e+007 1.6294e+007 1.6294e+007 1.6294e+007 1.6294e+007 1.6294e+007 1.6294e+007 1.6294e+007 1.6294e+007 1.6294e+007 1.6294e+007 1.6294e+007 1.6294e+007 1.6294e+007 1.6294e+007 1.6294e+007 1.6294e+007 1.6294e+007 1.6294e+007 1.6294e+007 1.6294e+007 1.6294e+007 1.6294e+007 1.6294e+007 1.6294e+007 1.6294e+007 1.6294e+007 1.6294e+007 1.6294e+007 1.6294e+007 1.6294e+007 1.6294e+007 1.6294e+007 1.6294e+007 1.6294e+007 0 0 0 0 0 0 0 0 0 0 0 0 0 0 0 0 0 0 0 0 0 0 0 0 0
#obs survey bio
 4.54678e+006 4.36036e+006 3.7916e+006 2.69132e+006 3.74364e+006 2.60376e+006 2.96724e+006 2.00641e+006 1.81969e+006 1.81755e+006 1.10071e+006 1.45831e+006 850598 1.02404e+006 948226 1.19642e+006 639056 495241 600182 720084 504043 541690 573221 591596 503342 557635 645945 500233 463789 536085 607825 483376 592632 456340 558995 711644 703625 625766 509333 718781 583157 602115 602833 598102 463122 581432 531802 772187 578925 619669 623586
#pred catch bio
 111620 97884.1 168827 198748 240586 275962 287392 326143 316171 296508 277741 268008 251477 225401 225522 214256 186179 161531 151201 148325 137219 130987 131834 111318 119219 106608 111346 96686.7 108285 95387.6 94668.1 89829.2 93348.7 96551.9 90643.3 96883.5 91042.8 91731 84894.4 83593.2 85991.6 85695.3 86016.3 85599.6 93693.2 84919.6 96425.9 97591.7 90714.2 95770 82711.2 75131 76418.7 76700.5 81694.8 89400.2 97281.4 104107 109492 113487 116324 118275 119585 120447 121007 121367 121595 121740 121830 121887 121922 121944 121957 121966 121971 121974 121976 121977 121978 121978 121979 121979 121979 121979 121979 121979 121979 121979 121979 121979 121979 121979 121979 121979 121979 121979 121979 121979 121979 121979 121979 121979 121979 121979 121979 121979 121979 121979 121979 121979 121979 121979 121979 121979 121979 121979 121979 121979 121979 121979 121979 121979 121979 121979 121979 121979 121979 121979 121979 121979 121979 121979 121979 121979 121979 121979 121979 121979 121979 121979 121979 121979 121979 121979 121979 121979 121979 121979 121979 121979 121979 0 0 0 0 0 0 0 0 0 0 0 0 0 0 0 0 0 0 0 0 0 0 0 0 0
#obs catch bio
 0 97377.4 169340 198875 240558 276215 287163 326422 316173 296251 277804 268532 251910 225473 225627 213594 186354 161939 151490 147937 137377 131463 132075 110868 119561 106563 111299 96362.7 108941 95484 94433.3 89777.7 93228.4 96904.2 90585.4 96975.1 90930.4 91744.6 84863.2 83569 85925.2 85662.5 85998 85588.3 93967.1 84852.7 96462.1 97413.6 90730.3 95898.6 82660.1
#pred cpue bio
 4.54707e+006 4.01108e+006 3.51117e+006 3.168e+006 2.97822e+006 2.71881e+006 2.46281e+006 2.19828e+006 1.8923e+006 1.60865e+006 1.36713e+006 1.19574e+006 1.06601e+006 960663 878480 776781 662156 592220 559854 538257 509558 498496 498357 487617 488182 482325 486029 472095 478065 488391 509908 505909 512084 517618 539644 563988 568977 563992 553856 556188 555498 531735 511864 504797 522567 550545 591005 589747 531719 507606 469391 1.54053e+007 9.07602e+006 9.16911e+006 9.82648e+006 1.08205e+007 1.18446e+007 1.27474e+007 1.34785e+007 1.40399e+007 1.44562e+007 1.47582e+007 1.49741e+007 1.51275e+007 1.52361e+007 1.53132e+007 1.5368e+007 1.54073e+007 1.54356e+007 1.54561e+007 1.54711e+007 1.54821e+007 1.54903e+007 1.54964e+007 1.55009e+007 1.55043e+007 1.55069e+007 1.55088e+007 1.55103e+007 1.55114e+007 1.55123e+007 1.55129e+007 1.55134e+007 1.55138e+007 1.5514e+007 1.55143e+007 1.55144e+007 1.55146e+007 1.55147e+007 1.55147e+007 1.55148e+007 1.55148e+007 1.55149e+007 1.55149e+007 1.55149e+007 1.55149e+007 1.55149e+007 1.55149e+007 1.55149e+007 1.5515e+007 1.5515e+007 1.5515e+007 1.5515e+007 1.5515e+007 1.5515e+007 1.5515e+007 1.5515e+007 1.5515e+007 1.5515e+007 1.5515e+007 1.5515e+007 1.5515e+007 1.5515e+007 1.5515e+007 1.5515e+007 1.5515e+007 1.5515e+007 1.5515e+007 1.5515e+007 1.5515e+007 1.5515e+007 1.5515e+007 1.5515e+007 1.5515e+007 1.5515e+007 1.5515e+007 1.5515e+007 1.5515e+007 1.5515e+007 1.5515e+007 1.5515e+007 1.5515e+007 1.5515e+007 1.5515e+007 1.5515e+007 1.5515e+007 1.5515e+007 1.5515e+007 1.5515e+007 1.5515e+007 1.5515e+007 1.5515e+007 1.5515e+007 1.5515e+007 1.5515e+007 1.5515e+007 1.5515e+007 1.5515e+007 1.5515e+007 1.5515e+007 1.5515e+007 0 0 0 0 0 0 0 0 0 0 0 0 0 0 0 0 0 0 0 0 0 0 0 0 0
#obs cpue bio
 4.52854e+006 4.36393e+006 3.09664e+006 3.00024e+006 3.05149e+006 2.58948e+006 2.15814e+006 2.50361e+006 2.00688e+006 1.5505e+006 1.59753e+006 915670 1.3621e+006 918441 885763 653105 590004 638266 540353 548707 437305 398541 520928 499445 399142 443245 449036 476692 351346 491562 631103 461310 522968 438013 626913 474885 518592 531994 601974 449176 615050 479783 461264 416655 556535 541926 754667 581703 403473 470625 366044
#pred surv len freq
 0.00431382 0.00711798 0.0109235 0.0157734 0.0215712 0.0279836 0.0344305 0.0402507 0.0449627 0.0484216 0.0507719 0.0522805 0.0531971 0.0537009 0.0539078 0.0539001 0.0537548 0.0535444 0.0532787 0.0527877 0.051621 0.0490993 0.0446015 0.0379809 0.0298247
 0.00449528 0.00735362 0.011171 0.0159637 0.0216354 0.0278917 0.0342147 0.039994 0.0447545 0.0483096 0.0507437 0.0522862 0.0531952 0.0536956 0.0539534 0.0540719 0.0541006 0.0540419 0.0538208 0.0532103 0.0517668 0.0488888 0.0440722 0.0372689 0.0291002
 0.00465634 0.00762811 0.0116026 0.0165875 0.0224551 0.0288526 0.0351938 0.0408272 0.0452982 0.0485029 0.0506262 0.0519616 0.052771 0.0532448 0.0535184 0.0536873 0.0538032 0.0538516 0.0537093 0.05309 0.0515208 0.0484311 0.0433998 0.0364702 0.0283106
 0.00479311 0.0078655 0.0119886 0.0171782 0.023304 0.0299896 0.0365996 0.042413 0.0469055 0.0499302 0.0516805 0.0525165 0.0528029 0.0528283 0.0527845 0.0527748 0.0528256 0.052883 0.052778 0.0521773 0.050576 0.0474098 0.0423064 0.0353731 0.0273161
 0.00492139 0.0080795 0.012322 0.0176691 0.0239915 0.0309062 0.0377599 0.0438026 0.0484712 0.051573 0.0532552 0.0538466 0.0537165 0.053206 0.0525973 0.0520881 0.0517688 0.051601 0.051388 0.0507487 0.0491364 0.045973 0.0409049 0.0340728 0.0262003
 0.00513001 0.0084113 0.012808 0.0183344 0.0248525 0.0319664 0.0390049 0.0451982 0.0499676 0.0531103 0.0547633 0.0552364 0.054873 0.053996 0.0528971 0.051824 0.0509455 0.0503012 0.0497434 0.0488993 0.0472043 0.04406 0.0391047 0.0324779 0.0248903
 0.00531462 0.00872871 0.0133168 0.0190974 0.0259204 0.0333534 0.0406682 0.0470374 0.0518495 0.0549061 0.0563755 0.0566028 0.0559495 0.0547333 0.0532273 0.051668 0.0502412 0.049037 0.0479781 0.0467568 0.0448505 0.0416753 0.0368624 0.0305247 0.0233252
 0.0054717 0.00899377 0.013735 0.0197202 0.0267991 0.0345255 0.0421403 0.0487712 0.0537586 0.0568656 0.0582424 0.0582418 0.0572546 0.0556344 0.0536803 0.0516354 0.049684 0.0479266 0.0463245 0.0446357 0.042411 0.0391222 0.0344189 0.0283866 0.0216207
 0.00568464 0.00934909 0.0142867 0.0205246 0.0279036 0.0359514 0.0438659 0.0507266 0.0558366 0.0589419 0.0601919 0.059947 0.0586105 0.0565545 0.0541019 0.0515192 0.0490071 0.0466791 0.0445201 0.0423363 0.0397503 0.0363074 0.0316985 0.0259931 0.0197122
 0.00592227 0.00973844 0.0148787 0.0213695 0.0290425 0.0374022 0.0456073 0.052691 0.0579178 0.0610134 0.0621271 0.0616321 0.0599503 0.0574723 0.0545374 0.0514265 0.0483538 0.0454498 0.0427264 0.0400364 0.0370709 0.0334502 0.0289154 0.0235289 0.0177395
 0.00617775 0.0101567 0.0155135 0.0222723 0.0302521 0.0389287 0.0474161 0.0546985 0.0600043 0.0630473 0.0639866 0.0632157 0.0611782 0.0582836 0.0548853 0.0512745 0.0476729 0.0442221 0.0409571 0.0377755 0.0344352 0.0306322 0.0261603 0.0210802 0.0157733
 0.00636154 0.010476 0.0160316 0.0230605 0.0313731 0.0404111 0.0492305 0.0567507 0.0621526 0.0651348 0.0658701 0.0647832 0.0623518 0.0590151 0.0551476 0.0510516 0.0469531 0.0429979 0.0392364 0.0356026 0.0319152 0.0279413 0.0235276 0.0187364 0.0138876
 0.00660885 0.0108701 0.0166113 0.0238598 0.0324197 0.0417207 0.0507963 0.0585317 0.0640683 0.0670691 0.0676862 0.0663441 0.0635427 0.059758 0.0554039 0.050812 0.0462245 0.0417936 0.0375797 0.033543 0.0295509 0.0254319 0.0210794 0.0165589 0.0121355
 0.00686237 0.0112826 0.0172318 0.0247315 0.0335683 0.0431392 0.0524326 0.0602907 0.0658333 0.0687303 0.0691576 0.067562 0.0644542 0.0603134 0.0555592 0.050537 0.0455074 0.0406414 0.0360189 0.0316274 0.0273756 0.0231418 0.0188578 0.0145896 0.0105538
 0.00695964 0.0114615 0.0175394 0.0252246 0.034301 0.0441419 0.0536921 0.0617434 0.0673762 0.0702449 0.0705345 0.0687166 0.0653305 0.060878 0.0557905 0.050417 0.0450199 0.0397786 0.0347915 0.0300764 0.0255839 0.0212372 0.0169999 0.0129372 0.00922354
 0.00702586 0.0115918 0.0177781 0.025629 0.0349299 0.0450366 0.0548563 0.0631323 0.0688994 0.0717818 0.0719545 0.0699012 0.0661916 0.0613683 0.0559008 0.0501625 0.0444247 0.038866 0.0335868 0.0286201 0.0239464 0.0195261 0.0153499 0.0114815 0.00805827
 0.00721566 0.0118885 0.0182036 0.0261987 0.0356541 0.0459207 0.0558966 0.064308 0.070166 0.0730676 0.073166 0.0709356 0.0669546 0.0617914 0.0559517 0.0498446 0.0437676 0.0379125 0.032385 0.0272249 0.0224287 0.0179796 0.0138855 0.0102061 0.00704674
 0.00733619 0.0120933 0.018527 0.0266752 0.0363077 0.0467502 0.0568653 0.0653477 0.0711967 0.074022 0.0740014 0.0716268 0.0674784 0.0621161 0.0560398 0.0496654 0.0433088 0.0371859 0.0314246 0.0260836 0.021177 0.0167042 0.012682 0.00916249 0.00622225
 0.00733222 0.0120922 0.0185367 0.0267098 0.0363882 0.0469034 0.0571191 0.065723 0.0716973 0.074628 0.0746704 0.0723047 0.0681112 0.0626558 0.0564439 0.0498939 0.0433272 0.0369725 0.03098 0.0254359 0.0203815 0.0158379 0.0118315 0.00840708 0.00561667
 0.00736278 0.0121298 0.0185715 0.0267268 0.0363737 0.0468546 0.0570515 0.0656713 0.0717071 0.0747414 0.074912 0.0726719 0.0685734 0.0631613 0.0569311 0.0503017 0.0436022 0.0370742 0.0308868 0.0251512 0.0199375 0.0152926 0.0112578 0.00787589 0.00517972
 0.00750989 0.0123518 0.0188725 0.0270965 0.0367868 0.047273 0.0574286 0.0659603 0.0718746 0.0747818 0.0748521 0.0725624 0.0684683 0.0630979 0.056918 0.0503191 0.0436108 0.037029 0.0307499 0.0249033 0.0195846 0.0148668 0.0108093 0.00745835 0.00483455
 0.00751786 0.0123814 0.0189469 0.0272447 0.037033 0.0476208 0.0578496 0.0663956 0.072252 0.0750403 0.0749621 0.0725322 0.0683375 0.0629209 0.0567447 0.0501793 0.0435069 0.0369394 0.0306407 0.0247441 0.0193615 0.0145889 0.0105056 0.00716657 0.00458736
 0.00752199 0.0123765 0.0189199 0.0271807 0.036925 0.0474811 0.0577148 0.0663175 0.0722743 0.0751753 0.0751821 0.0727825 0.0685627 0.0630878 0.0568499 0.0502403 0.0435451 0.0369651 0.0306486 0.0247181 0.0192876 0.0144653 0.0103466 0.00699739 0.00443394
 0.00772012 0.0126623 0.0192817 0.0275822 0.0373128 0.0477991 0.0579196 0.0663885 0.07222 0.0750308 0.0749981 0.0726055 0.0684174 0.0629725 0.0567464 0.0501314 0.0434247 0.0368373 0.0305192 0.0245879 0.0191526 0.0143224 0.0101993 0.00685624 0.00431187
 0.00771236 0.0126547 0.0192782 0.027586 0.0373207 0.0477961 0.0578777 0.066276 0.0720185 0.0747525 0.0746906 0.0723384 0.0682562 0.0629533 0.0568649 0.0503494 0.0436891 0.0370996 0.030746 0.024762 0.0192683 0.0143823 0.0102125 0.00683734 0.00427727
 0.00774826 0.0127189 0.0193852 0.0277521 0.0375588 0.0481072 0.0582427 0.066652 0.0723441 0.0749625 0.0747357 0.0722046 0.0679732 0.0625861 0.056491 0.0500311 0.0434567 0.0369505 0.0306573 0.024706 0.0192232 0.014336 0.0101619 0.00678531 0.00422941
 0.00771277 0.01265 0.0192624 0.0275535 0.0372711 0.0477402 0.0578377 0.0662767 0.0720716 0.0748426 0.0747764 0.0723715 0.0682082 0.0628335 0.0567176 0.0502314 0.0436427 0.0371353 0.0308431 0.0248829 0.0193759 0.0144524 0.0102383 0.00682665 0.00424564
 0.00788037 0.0128931 0.0195727 0.0279013 0.0376103 0.0480181 0.0580069 0.0663065 0.0719573 0.0746111 0.0744799 0.0720704 0.0679486 0.0626341 0.0565716 0.0501213 0.043555 0.0370668 0.0307966 0.0248596 0.0193709 0.0144566 0.0102429 0.00682689 0.00424119
 0.00779023 0.0127722 0.0194369 0.0277782 0.0375275 0.0479866 0.0580106 0.0663066 0.0719113 0.074496 0.0743062 0.0718786 0.0677922 0.0625571 0.0565928 0.0502313 0.0437251 0.0372635 0.0309929 0.0250386 0.019524 0.0145796 0.0103346 0.00688882 0.00427841
 0.00781774 0.0128105 0.0194839 0.0278312 0.0375874 0.0480627 0.0581193 0.0664614 0.0721074 0.0747006 0.0744643 0.0719364 0.0677238 0.0623782 0.0563523 0.0499875 0.0435225 0.0371217 0.0309095 0.0249996 0.0195131 0.0145833 0.0103436 0.0068976 0.00428444
 0.0078259 0.0127973 0.019416 0.0276633 0.0372772 0.0475931 0.057518 0.0658041 0.0715009 0.0742505 0.0742424 0.0719597 0.0679542 0.0627419 0.0567708 0.0504035 0.0439086 0.0374724 0.031227 0.0252831 0.0197574 0.0147824 0.0104947 0.00700344 0.00435228
 0.00790414 0.012909 0.0195534 0.0278048 0.0373869 0.0476249 0.0574241 0.0655496 0.0710819 0.0737087 0.0736639 0.0714519 0.0676097 0.0626075 0.0568374 0.0506194 0.0442072 0.0377965 0.0315392 0.0255642 0.0199984 0.0149789 0.0106454 0.00711068 0.00442231
 0.00784011 0.0128249 0.0194632 0.0277314 0.0373533 0.0476398 0.0574713 0.0655883 0.0710602 0.0735845 0.0734247 0.0711253 0.067259 0.062312 0.0566648 0.0506025 0.0443368 0.038031 0.0318255 0.0258552 0.020262 0.0151979 0.0108141 0.00723101 0.00450129
 0.00777879 0.0127293 0.0193279 0.0275578 0.0371526 0.0474356 0.0572979 0.0654815 0.0710404 0.0736422 0.0735189 0.0712007 0.0672733 0.0622577 0.0565725 0.0505248 0.0443217 0.0381017 0.0319744 0.0260527 0.0204718 0.01539 0.0109707 0.0073464 0.0045785
 0.00785941 0.0128336 0.0194357 0.0276344 0.0371592 0.0473463 0.0571137 0.0652333 0.0707794 0.0734218 0.073376 0.0711434 0.0672802 0.0622912 0.056599 0.050532 0.0443221 0.038121 0.0320336 0.0261558 0.0206051 0.0155308 0.0110976 0.0074466 0.00464869
 0.0085525 0.0138075 0.0206179 0.0288594 0.0382124 0.0480368 0.0573359 0.0649874 0.070153 0.0725525 0.0724144 0.0702233 0.0664955 0.0616836 0.056162 0.0502296 0.0441135 0.0379781 0.0319447 0.0261173 0.0206114 0.0155692 0.0111511 0.00749956 0.0046914
 0.00925 0.0149236 0.0222534 0.0310664 0.0409497 0.0511195 0.0604132 0.0675939 0.0718419 0.0730534 0.0717245 0.0685811 0.0642669 0.0592336 0.0537694 0.0480615 0.0422417 0.036414 0.0306719 0.025112 0.0198477 0.0150179 0.010777 0.00726286 0.00455266
 0.00921842 0.0149698 0.0225029 0.0316956 0.0421386 0.0529744 0.0628916 0.0704722 0.0747452 0.075539 0.0733931 0.0691823 0.0637641 0.0578008 0.0517201 0.0457433 0.0399465 0.0343343 0.0289036 0.0236818 0.0187427 0.0142047 0.0102112 0.00689415 0.00432962
 0.00902995 0.0146874 0.022129 0.0312661 0.0417357 0.052734 0.0629923 0.0710916 0.0759841 0.0773452 0.0755308 0.0712794 0.0654245 0.0587315 0.051816 0.0450966 0.038786 0.0329333 0.0274986 0.0224313 0.0177244 0.0134348 0.00966804 0.00653723 0.00411231
 0.00883855 0.0143791 0.0216725 0.0306398 0.0409401 0.0518093 0.0620362 0.0702625 0.0754796 0.0773522 0.0761601 0.0725078 0.0670729 0.0605003 0.0533732 0.0461843 0.0392956 0.0329151 0.0271117 0.0218669 0.0171425 0.0129349 0.00929041 0.00628054 0.00395383
 0.00875258 0.0142291 0.0214279 0.0302664 0.0404087 0.0511099 0.0611931 0.0693433 0.0745935 0.0766374 0.0757627 0.0725497 0.0676113 0.0614906 0.0546587 0.0475302 0.0404617 0.0337341 0.0275345 0.0219536 0.0170144 0.0127167 0.00907261 0.00610888 0.00383864
 0.00875449 0.0142287 0.0214197 0.0302398 0.0403468 0.0509892 0.0609864 0.0690275 0.0741622 0.0761148 0.075212 0.0720695 0.067316 0.0614761 0.0549639 0.0481108 0.041194 0.0344556 0.0281031 0.0222962 0.0171387 0.0126867 0.00896831 0.00599349 0.00374608
 0.0087326 0.0142046 0.021404 0.0302482 0.0403936 0.0510777 0.0611013 0.069134 0.0742134 0.0760666 0.0750398 0.0717821 0.0669619 0.0611368 0.0547313 0.0480539 0.0413284 0.0347336 0.0284329 0.022582 0.0173197 0.0127533 0.00895031 0.00593501 0.00368312
 0.00874485 0.0142212 0.0214238 0.0302694 0.0404169 0.0511086 0.0611496 0.0692089 0.0743143 0.0761757 0.0751222 0.0717974 0.0668828 0.0609657 0.0545065 0.0478377 0.0411833 0.034694 0.0284906 0.0226933 0.01743 0.0128238 0.00897078 0.00591823 0.00365038
 0.00872514 0.0141938 0.021391 0.030236 0.0403881 0.0510884 0.0611395 0.0692092 0.0743269 0.076204 0.0751678 0.0718543 0.0669343 0.0609899 0.0544877 0.0477789 0.0411079 0.0346356 0.0284739 0.0227216 0.017485 0.012879 0.00900681 0.0059302 0.00364493
 0.00874467 0.0142252 0.0214376 0.0303005 0.0404722 0.0511913 0.061257 0.0693322 0.0744425 0.076298 0.0752287 0.0718759 0.066916 0.0609342 0.0543981 0.0476604 0.0409704 0.0344956 0.0283517 0.0226321 0.0174316 0.0128532 0.00899482 0.00592128 0.00363476
 0.00865357 0.014076 0.0212119 0.0299838 0.04006 0.0506984 0.0607238 0.0688227 0.0740299 0.0760439 0.075166 0.0720024 0.0671992 0.0613234 0.0548372 0.0480993 0.0413723 0.0348403 0.0286343 0.0228581 0.0176099 0.0129909 0.0090962 0.00599004 0.00367634
 0.00856766 0.0139559 0.0210667 0.0298318 0.0399212 0.050583 0.0606259 0.0687242 0.0739135 0.0759078 0.0750289 0.0718972 0.0671585 0.0613654 0.0549595 0.0482813 0.0415839 0.0350523 0.0288253 0.0230177 0.0177362 0.0130868 0.00916585 0.00603755 0.00370598
 0.00866149 0.0140809 0.0212049 0.0299522 0.0399913 0.0505857 0.0605692 0.0686364 0.0738251 0.0758329 0.0749604 0.0718182 0.0670602 0.0612563 0.0548616 0.0482167 0.0415634 0.0350719 0.0288712 0.0230738 0.0177903 0.0131322 0.00920047 0.00606183 0.00372153
 0.00848097 0.0138473 0.020962 0.0297719 0.0399476 0.0507161 0.0608492 0.0689862 0.0741474 0.0760568 0.0750639 0.0718198 0.0669944 0.0611542 0.0547453 0.0481035 0.0414684 0.0350058 0.0288371 0.0230667 0.0178004 0.0131495 0.0092181 0.00607609 0.00373142
 0.00863253 0.0140421 0.0211632 0.029923 0.0399992 0.0506614 0.0607422 0.0689222 0.0742099 0.0762656 0.0753607 0.0721014 0.0671678 0.0611757 0.054626 0.0478882 0.0412104 0.03475 0.0286135 0.0228896 0.0176717 0.0130629 0.00916359 0.00604386 0.00371347
#obs surv len freq
 nan nan nan nan nan nan nan nan nan nan nan nan nan nan nan nan nan nan nan nan nan nan nan nan nan
 0.00448423 0.00734557 0.0111758 0.0159928 0.0216946 0.0279714 0.0342865 0.0400185 0.044698 0.0481612 0.0505179 0.0520124 0.0529033 0.0534145 0.0537277 0.0539819 0.0542599 0.0545523 0.0546908 0.0542826 0.0527206 0.049353 0.0438031 0.0362836 0.0276679
 0.00461031 0.00755311 0.0114926 0.0164454 0.0223016 0.0287337 0.0351775 0.0409808 0.0456521 0.0490205 0.0512058 0.0524731 0.0531079 0.0533612 0.0534379 0.0534921 0.0536133 0.0537914 0.0538546 0.053408 0.0518463 0.0485217 0.0430592 0.0356648 0.0271949
 0.00477991 0.00782843 0.0119063 0.0170279 0.0230755 0.0297051 0.0363252 0.0422514 0.0469639 0.0502758 0.0523047 0.053326 0.0536458 0.0535431 0.0532546 0.0529646 0.0527862 0.0527238 0.0526126 0.0520618 0.0504711 0.0471979 0.0418666 0.0346691 0.0264325
 0.00497403 0.00814643 0.0123893 0.0177153 0.0239973 0.0308693 0.0377056 0.0437834 0.0485538 0.0518177 0.0536953 0.0544726 0.0544684 0.0539781 0.0532601 0.0525265 0.0519218 0.0514807 0.0510654 0.0503071 0.0486241 0.0453858 0.0402152 0.0332812 0.0253658
 0.00518716 0.00849741 0.0129259 0.018485 0.0250383 0.0321954 0.0392913 0.0455583 0.0504115 0.0536359 0.0553549 0.055869 0.0555155 0.0546076 0.0534209 0.0521864 0.0510722 0.0501445 0.0493033 0.0482223 0.0463602 0.0431151 0.0381148 0.0314991 0.0239881
 0.00541847 0.00887404 0.0134942 0.0192894 0.026114 0.0335567 0.0409178 0.0473884 0.0523489 0.0555646 0.0571556 0.0574307 0.0567411 0.0554167 0.0537503 0.0519899 0.0503233 0.0488436 0.0474902 0.0459898 0.0438599 0.0405478 0.035699 0.0294244 0.022371
 0.00565955 0.00927112 0.0141012 0.0201594 0.0272884 0.0350483 0.0426949 0.0493699 0.0544183 0.0575937 0.0590256 0.0590404 0.0580066 0.0562672 0.0541255 0.0518394 0.0496093 0.0475496 0.0456369 0.0436541 0.0411896 0.0377568 0.0330339 0.0271093 0.020551
 0.00588966 0.00964698 0.0146707 0.0209692 0.0283769 0.0364327 0.0443566 0.0512475 0.0564133 0.059587 0.0608957 0.0606771 0.0593177 0.0571796 0.0545812 0.05179 0.0490145 0.0463828 0.0439019 0.0414091 0.0385675 0.0349664 0.0303297 0.0247318 0.0186643
 0.00614236 0.0100607 0.0152985 0.0218618 0.0295721 0.0379396 0.0461401 0.0532241 0.058465 0.0615857 0.0627238 0.0622373 0.0605333 0.0579908 0.0549411 0.0516606 0.0483635 0.0451869 0.0421607 0.0391691 0.0359471 0.0321629 0.0275939 0.0223095 0.0167294
 0.0063843 0.0104587 0.0159062 0.0227321 0.0307465 0.0394315 0.0479178 0.0552047 0.0605259 0.0635887 0.0645394 0.0637596 0.0616849 0.0587207 0.055217 0.0514607 0.0476697 0.0439858 0.0404547 0.0369993 0.0334187 0.0294564 0.0249445 0.0199534 0.0148385
 0.00662327 0.0108495 0.0164985 0.0235739 0.0318749 0.0408585 0.0496148 0.0570965 0.0624998 0.0655147 0.066291 0.065228 0.0627864 0.0593985 0.0554393 0.0512132 0.0469477 0.0427905 0.0387992 0.034927 0.0310265 0.0269074 0.0224521 0.0177349 0.013054
 0.0068213 0.0111784 0.0170065 0.0243099 0.0328789 0.0421453 0.0511587 0.0588259 0.0643085 0.0672827 0.067904 0.0665885 0.0638174 0.0600438 0.0556626 0.0509954 0.0462837 0.0416858 0.0372741 0.0330288 0.0288471 0.0245942 0.020195 0.0157265 0.0114373
 0.00706661 0.0115741 0.017596 0.0251317 0.033959 0.0434859 0.0527255 0.0605437 0.0660693 0.0689654 0.0693947 0.0677939 0.0646709 0.0605053 0.0557137 0.0506335 0.0455156 0.0405264 0.0357504 0.0311909 0.0267832 0.0224377 0.0181139 0.0138883 0.00996442
 0.00726219 0.0118996 0.0180995 0.0258611 0.0349504 0.0447465 0.0542175 0.0621812 0.0677343 0.0705338 0.0707585 0.068872 0.0654091 0.0608727 0.0556985 0.0502385 0.0447539 0.0394193 0.0343297 0.0295078 0.0249199 0.0205129 0.0162726 0.0122726 0.0086758
 0.0074065 0.0121392 0.0184698 0.0263991 0.0356888 0.0457026 0.0553803 0.0635046 0.0691392 0.0719203 0.0720214 0.0699165 0.0661623 0.0612892 0.0557594 0.0499456 0.0441229 0.038475 0.0331072 0.0280588 0.0233209 0.0188688 0.0147075 0.0109051 0.00758901
 0.00753256 0.0123393 0.0187624 0.0267996 0.0362087 0.0463475 0.0561464 0.0643749 0.0700829 0.0728934 0.072969 0.0707755 0.0668666 0.0617776 0.0559843 0.0498788 0.0437565 0.0378202 0.0321926 0.0269319 0.0220516 0.0175501 0.0134459 0.00980075 0.00671094
 0.00760336 0.0124553 0.0189384 0.0270496 0.0365429 0.0467681 0.0566443 0.0649305 0.0706713 0.073492 0.0735597 0.0713408 0.0673823 0.0622082 0.0562847 0.0500021 0.0436644 0.0374922 0.0316314 0.0261664 0.0211378 0.0165674 0.0124863 0.00895049 0.00603003
 0.00765524 0.0125334 0.0190447 0.0271833 0.0367021 0.0469527 0.0568574 0.0651764 0.0709532 0.0738083 0.073904 0.0717022 0.0677462 0.0625548 0.0565863 0.0502219 0.0437608 0.0374273 0.0313825 0.0257359 0.0205581 0.0158981 0.0118035 0.00832851 0.00552314
 0.00771037 0.0126168 0.0191584 0.0273245 0.0368635 0.0471238 0.0570262 0.0653328 0.0710921 0.073933 0.0740253 0.0718338 0.0678979 0.0627268 0.0567666 0.0503867 0.0438769 0.0374575 0.0312946 0.0255137 0.0202102 0.0154607 0.0113323 0.00788368 0.00515185
 0.00777768 0.0127175 0.0192936 0.0274889 0.0370465 0.0473116 0.0572036 0.0654849 0.0712068 0.0740049 0.074058 0.0718402 0.067896 0.0627342 0.0567933 0.0504304 0.0439218 0.0374766 0.0312572 0.0253957 0.0200042 0.0151819 0.0110158 0.00757326 0.00488551
 0.00781541 0.0127802 0.01939 0.0276264 0.037228 0.0475309 0.0574429 0.0657161 0.0713994 0.074135 0.0741158 0.0718312 0.0678372 0.0626482 0.0567021 0.0503496 0.043856 0.037418 0.0311878 0.0252946 0.0198575 0.0149906 0.0107972 0.00735517 0.00469487
 0.0078386 0.0128131 0.019431 0.0276721 0.0372754 0.0475804 0.0574992 0.0657858 0.0714857 0.0742336 0.0742139 0.0719123 0.0678884 0.0626654 0.0566907 0.050321 0.0438212 0.0373818 0.0311467 0.0252383 0.0197757 0.0148795 0.0106643 0.00721671 0.00456941
 0.00786765 0.0128548 0.0194836 0.0277298 0.03733 0.0476233 0.0575243 0.0657918 0.0714772 0.0742204 0.0742076 0.071921 0.0679127 0.062698 0.0567214 0.0503418 0.0438291 0.0373776 0.0311311 0.0252095 0.0197299 0.0148147 0.0105839 0.00713015 0.00448852
 0.00789483 0.0128971 0.0195431 0.0278066 0.0374209 0.0477209 0.057617 0.0658656 0.0715196 0.0742253 0.0741785 0.0718699 0.0678552 0.0626473 0.0566839 0.0503163 0.04381 0.0373589 0.0311079 0.0251788 0.0196895 0.0147644 0.0105259 0.00706977 0.00443278
 0.00789076 0.0128885 0.0195269 0.0277792 0.0373798 0.0476669 0.0575553 0.0658049 0.0714693 0.0741918 0.0741639 0.0718726 0.0678732 0.0626794 0.0567297 0.0503742 0.0438757 0.0374252 0.0311669 0.0252236 0.0197161 0.0147718 0.0105168 0.00704954 0.00440818
 0.00789639 0.0128929 0.0195247 0.0277625 0.0373402 0.047599 0.0574598 0.0656901 0.0713493 0.0740836 0.0740829 0.071829 0.0678703 0.0627141 0.0567943 0.0504596 0.0439728 0.0375253 0.0312615 0.025305 0.0197785 0.0148128 0.0105375 0.00705451 0.00440342
 0.00789138 0.0128835 0.0195081 0.0277348 0.0372967 0.0475354 0.0573734 0.0655816 0.0712246 0.0739539 0.073964 0.0717382 0.0678217 0.0627148 0.0568431 0.0505479 0.0440877 0.0376526 0.031388 0.0254198 0.0198736 0.014884 0.0105848 0.00708124 0.00441528
 0.00787288 0.0128543 0.0194657 0.0276776 0.0372241 0.0474481 0.0572741 0.0654747 0.0711158 0.0738498 0.0738714 0.071665 0.0677763 0.0627051 0.0568741 0.0506196 0.0441936 0.0377812 0.0315252 0.0255517 0.0199891 0.014976 0.0106511 0.00712399 0.0044395
 0.00787729 0.0128548 0.0194543 0.0276431 0.0371557 0.0473407 0.0571319 0.0653119 0.0709521 0.0737041 0.0737573 0.0715895 0.067741 0.0627092 0.0569158 0.0506962 0.0443009 0.0379116 0.0316681 0.0256942 0.020119 0.0150842 0.0107331 0.00718017 0.00447407
 0.00784792 0.0128101 0.0193923 0.0275634 0.0370579 0.0472238 0.0569947 0.0651552 0.0707824 0.0735352 0.0736087 0.0714813 0.0676881 0.0627169 0.0569804 0.0508079 0.0444475 0.0380805 0.0318463 0.0258691 0.0202785 0.0152188 0.0108374 0.00725404 0.00452146
 0.00782768 0.0127737 0.0193315 0.0274692 0.036924 0.0470506 0.0567922 0.0649423 0.0705809 0.0733632 0.0734779 0.0713974 0.0676543 0.0627357 0.0570522 0.0509289 0.0446085 0.0382685 0.0320464 0.0260661 0.020459 0.0153723 0.010958 0.00734091 0.00457847
 0.00780055 0.0127281 0.0192602 0.0273643 0.0367788 0.046862 0.0565643 0.0646883 0.0703222 0.0731265 0.0732891 0.071276 0.06761 0.0627683 0.0571537 0.0510873 0.0448099 0.0384975 0.0322868 0.0263014 0.020674 0.0155552 0.0111022 0.00744552 0.00464783
 0.00776478 0.012672 0.0191793 0.0272557 0.036641 0.0466958 0.0563733 0.0644795 0.070107 0.0729196 0.0731073 0.0711372 0.06753 0.0627575 0.0572149 0.0512149 0.0449915 0.0387166 0.0325248 0.0265397 0.0208956 0.0157466 0.011255 0.00755769 0.00472309
 0.00774615 0.0126377 0.0191207 0.0271626 0.0365054 0.0465156 0.0561563 0.0642431 0.0698733 0.0727097 0.0729367 0.0710153 0.0674626 0.0627484 0.0572663 0.0513258 0.0451559 0.0389228 0.0327564 0.0267777 0.0211214 0.0159446 0.0114152 0.00767663 0.00480371
 0.00933679 0.0148662 0.0218141 0.0299389 0.0388835 0.0480926 0.0567475 0.0639103 0.0688459 0.0712673 0.071322 0.0693993 0.0659486 0.0613906 0.0560887 0.050335 0.0443488 0.0382895 0.032281 0.0264392 0.0208949 0.0158038 0.0113349 0.00763541 0.0047851
 0.00932624 0.0151405 0.0227404 0.031972 0.0423678 0.0529942 0.0624851 0.0694485 0.0730625 0.073395 0.0712012 0.0674218 0.0627863 0.0577085 0.0523787 0.0468885 0.0413048 0.0356967 0.0301419 0.0247323 0.0195841 0.0148418 0.0106655 0.00719755 0.00451821
 0.00897932 0.0145979 0.0219853 0.0310591 0.0414751 0.0524564 0.0627518 0.0709238 0.0758615 0.0771642 0.0751631 0.0706685 0.0646567 0.0580164 0.0513831 0.04508 0.0391754 0.0336059 0.0282929 0.023209 0.0183982 0.0139666 0.0100556 0.0067987 0.00427542
 0.00879761 0.0142923 0.0215073 0.0303613 0.0405304 0.0512915 0.0614893 0.069808 0.0752358 0.0773744 0.0764025 0.0728349 0.0673235 0.0605715 0.0532741 0.046024 0.0392136 0.0330037 0.0273787 0.022251 0.017558 0.0133105 0.00958735 0.00649052 0.00408813
 0.00873241 0.0141762 0.0213131 0.030055 0.0400763 0.050663 0.0606838 0.0688649 0.0742535 0.0765193 0.0758942 0.0728903 0.0680629 0.0619286 0.0549775 0.0476847 0.0404817 0.0337008 0.0275319 0.0220272 0.0171594 0.0128962 0.00924518 0.00624731 0.00393459
 0.00870533 0.0141312 0.0212428 0.0299496 0.0399226 0.0504439 0.0603802 0.068461 0.073746 0.0759317 0.0752916 0.0723852 0.0677992 0.0620352 0.0555036 0.048552 0.0414943 0.0346203 0.0281768 0.0223368 0.0171887 0.0127601 0.00905515 0.00607587 0.00381085
 0.00869833 0.0141181 0.0212197 0.0299117 0.0398641 0.0503592 0.0602641 0.0683074 0.0735476 0.075681 0.0749876 0.0720452 0.0674701 0.0617945 0.0554393 0.0487241 0.0418948 0.0351619 0.0287237 0.0227648 0.0174358 0.0128374 0.00902114 0.0059963 0.00373208
 0.00868144 0.0140946 0.0211916 0.0298827 0.039838 0.0503373 0.0602431 0.0682797 0.0735027 0.0756083 0.0748783 0.0718956 0.0672863 0.0615989 0.0552738 0.0486417 0.0419388 0.0353398 0.0289959 0.0230582 0.0176773 0.0129862 0.00907831 0.00599135 0.0037003
 0.00868628 0.0141001 0.0211956 0.0298822 0.0398307 0.0503231 0.0602251 0.0682624 0.073489 0.0755959 0.0748593 0.0718584 0.0672211 0.0615039 0.0551599 0.0485339 0.0418704 0.0353391 0.0290705 0.0231879 0.0178226 0.0131074 0.00915358 0.00602138 0.0037003
 0.00870114 0.014125 0.0212341 0.0299372 0.0399028 0.0504087 0.0603151 0.0683438 0.0735488 0.0756254 0.0748554 0.0718224 0.0671555 0.0614114 0.0550449 0.0484064 0.041748 0.0352434 0.0290192 0.0231855 0.0178572 0.0131569 0.00919663 0.00604681 0.00370832
 0.00865915 0.0140628 0.021152 0.0298402 0.0397999 0.0503113 0.0602354 0.0682925 0.0735325 0.0756443 0.0749031 0.071888 0.0672267 0.0614771 0.0550972 0.0484418 0.0417683 0.0352565 0.0290358 0.0232143 0.0178999 0.0132069 0.00924339 0.00608193 0.00372914
 0.00866351 0.0140643 0.0211444 0.0298149 0.0397494 0.0502338 0.060138 0.068191 0.0734462 0.0755893 0.0748872 0.0719091 0.0672755 0.0615405 0.0551624 0.0484992 0.041813 0.0352889 0.0290606 0.0232378 0.0179266 0.013237 0.00927345 0.00610717 0.00374668
 0.00865053 0.0140469 0.0211246 0.0297959 0.0397335 0.0502195 0.0601194 0.0681602 0.0733982 0.0755273 0.0748227 0.071858 0.0672506 0.0615468 0.0551957 0.0485491 0.0418682 0.0353405 0.0291047 0.0232747 0.0179584 0.0132656 0.00929887 0.00612812 0.00376196
 0.00862733 0.0140087 0.0210666 0.0297145 0.0396281 0.0500954 0.0599882 0.068038 0.0733004 0.075463 0.0747931 0.0718594 0.0672787 0.0615993 0.055271 0.0486434 0.0419739 0.035448 0.029205 0.0233617 0.0180299 0.0133221 0.00934184 0.00615928 0.00378305
 0.00863666 0.0140215 0.0210811 0.0297273 0.0396341 0.0500888 0.0599644 0.067995 0.0732403 0.0753927 0.0747226 0.0717983 0.0672341 0.0615745 0.0552666 0.0486583 0.0420059 0.0354928 0.0292568 0.0234141 0.0180778 0.0133623 0.00937319 0.0061822 0.00379864
 0.00863666 0.0140215 0.0210811 0.0297273 0.0396341 0.0500888 0.0599644 0.067995 0.0732403 0.0753927 0.0747226 0.0717983 0.0672341 0.0615745 0.0552666 0.0486583 0.0420059 0.0354928 0.0292568 0.0234141 0.0180778 0.0133623 0.00937319 0.0061822 0.00379864
#pred catch len freq
 0.00323817 0.00524686 0.00789797 0.0112295 0.0152782 0.0200337 0.0253773 0.0310695 0.0367971 0.0422375 0.0471058 0.0511912 0.0543851 0.056688 0.0581879 0.0590311 0.0593985 0.0594698 0.0593383 0.0588732 0.0576097 0.0548114 0.0497964 0.0424069 0.0333009
 0.00338211 0.00543746 0.00810661 0.0114079 0.015378 0.0200337 0.0252995 0.0309691 0.036729 0.0422226 0.0471211 0.0511923 0.0543463 0.056632 0.0581865 0.0591723 0.0597361 0.059978 0.0598967 0.0592988 0.0577274 0.0545337 0.049167 0.0415793 0.0324665
 0.00354438 0.00570168 0.00850118 0.0119493 0.016056 0.0207957 0.0260479 0.0315831 0.0371109 0.0423402 0.0470157 0.0509458 0.0540346 0.0563018 0.057866 0.0588955 0.0595463 0.059901 0.0599039 0.059293 0.0575769 0.0541392 0.0485209 0.0407756 0.0316534
 0.00368323 0.00593272 0.0088604 0.0124776 0.0167944 0.0217735 0.0272619 0.0329752 0.0385564 0.0436619 0.0480279 0.0515142 0.0541206 0.0559647 0.0572258 0.0580845 0.0586758 0.0590454 0.0590902 0.0584969 0.0567376 0.0532006 0.0474796 0.0397005 0.0306584
 0.00382307 0.00615829 0.00919837 0.0129564 0.0174454 0.0226291 0.0283487 0.0343007 0.040092 0.0453248 0.049674 0.0529517 0.0551526 0.0564469 0.0571124 0.0574365 0.0576283 0.0577534 0.0576803 0.0570433 0.0552672 0.051724 0.0460275 0.0383418 0.0294835
 0.00403574 0.00649048 0.00967411 0.0135921 0.0182514 0.0236116 0.029508 0.035628 0.0415652 0.0469037 0.051292 0.0545064 0.0565024 0.057426 0.0575676 0.0572737 0.0568453 0.0564389 0.0559795 0.055111 0.0532373 0.049706 0.0441214 0.0366464 0.0280856
 0.00422689 0.0068057 0.010157 0.0142866 0.0191937 0.0248177 0.0309604 0.0372719 0.0433175 0.0486716 0.052988 0.0560522 0.0578211 0.0584295 0.0581511 0.057328 0.0562882 0.0552512 0.0542243 0.0529255 0.0508044 0.0472227 0.0417747 0.0345944 0.0264356
 0.00442814 0.00713008 0.0106419 0.0149702 0.020114 0.0260071 0.0324343 0.0390128 0.0452631 0.0507137 0.054986 0.0578596 0.0593116 0.0595104 0.0587561 0.0574007 0.0557741 0.0541116 0.0524673 0.0506352 0.0481476 0.0444288 0.0390931 0.0322435 0.0245589
 0.00466075 0.00750515 0.0112018 0.0157551 0.0211589 0.0273344 0.0340434 0.0408718 0.0473067 0.0528461 0.0570867 0.0597916 0.0609352 0.0607008 0.0594177 0.0574698 0.055212 0.0528996 0.0506171 0.0482145 0.0453054 0.041396 0.0361467 0.0296426 0.0224803
 0.004917 0.0079136 0.0118027 0.0165847 0.0222472 0.0287009 0.0356873 0.0427614 0.0493746 0.0549919 0.0591875 0.0617151 0.0625533 0.0618995 0.0601029 0.0575691 0.0546752 0.0517012 0.0487664 0.0457757 0.0424207 0.0382921 0.0331063 0.026941 0.0203126
 0.00519494 0.00835611 0.0124523 0.0174774 0.02341 0.0301454 0.0374007 0.0446979 0.0514552 0.0571116 0.0612268 0.0635512 0.0640709 0.0629991 0.0607041 0.0576097 0.054109 0.0505004 0.0469335 0.0433661 0.0395666 0.0352112 0.0300762 0.0242375 0.0181363
 0.00541958 0.00872613 0.013019 0.0182936 0.0245224 0.0315807 0.0391487 0.0467018 0.0536137 0.0592941 0.0632918 0.0653647 0.0655197 0.0639977 0.0611939 0.0575517 0.0534765 0.0492777 0.0451263 0.041024 0.0368094 0.0322402 0.0271526 0.0216249 0.0160292
 0.00568682 0.00914423 0.0136199 0.0191022 0.0255594 0.0328647 0.0406893 0.0484853 0.0555874 0.0613585 0.0653076 0.0671743 0.0669769 0.0649915 0.0616572 0.0574552 0.0528143 0.0480571 0.04337 0.0387874 0.0342049 0.0294508 0.0244157 0.0191814 0.014058
 0.00593378 0.00953775 0.0141976 0.0198942 0.0265849 0.0341249 0.0421609 0.0501183 0.0573118 0.0630942 0.0669703 0.0686747 0.0682193 0.0658799 0.062108 0.05741 0.0522449 0.0469636 0.0417796 0.0367611 0.0318525 0.0269398 0.0219577 0.0169896 0.0122904
 0.00609627 0.00980786 0.0146157 0.0205035 0.0274239 0.0352161 0.0434956 0.0516483 0.058952 0.0647369 0.0685039 0.0700009 0.0692627 0.0665871 0.0624406 0.0573367 0.0517409 0.0460168 0.0404012 0.034999 0.0298034 0.0247528 0.0198189 0.0150842 0.0107547
 0.00622644 0.0100286 0.0149661 0.0210284 0.0281687 0.0362142 0.0447539 0.0531341 0.0605891 0.0664114 0.0700803 0.0713456 0.0702677 0.0671869 0.0626131 0.0570905 0.0510973 0.0449992 0.0390376 0.033336 0.0279233 0.0227814 0.0179136 0.0134007 0.00940572
 0.00642519 0.0103355 0.0153993 0.0215989 0.0288843 0.0370844 0.0457877 0.0543298 0.0619203 0.0678159 0.0714599 0.0725792 0.0712347 0.0677919 0.0628021 0.0568537 0.0504592 0.0440037 0.0377378 0.0317952 0.0262244 0.0210346 0.0162494 0.0119451 0.0082479
 0.00652191 0.0104982 0.0156543 0.0219733 0.0294006 0.0377514 0.0465933 0.0552421 0.062896 0.0688117 0.072435 0.0734888 0.0720219 0.0683872 0.0631346 0.0568682 0.0501297 0.0433377 0.0367728 0.0305928 0.0248683 0.019628 0.0149062 0.0107709 0.00731501
 0.00651441 0.0104915 0.0156557 0.0219971 0.0294692 0.0378945 0.0468442 0.0556283 0.0634279 0.0694735 0.0731851 0.0742694 0.0727714 0.0690467 0.0636484 0.0571828 0.0501984 0.0431311 0.0362892 0.0298644 0.02396 0.0186305 0.013922 0.00989403 0.00661054
 0.00656021 0.0105538 0.0157273 0.0220648 0.0295193 0.0379214 0.0468575 0.0556547 0.0635056 0.0696412 0.0734684 0.0746697 0.0732619 0.069577 0.0641547 0.0575991 0.0504652 0.0432021 0.0361389 0.0294964 0.0234114 0.0179688 0.0132322 0.0092586 0.00608952
 0.00668248 0.0107363 0.015971 0.0223579 0.0298385 0.0382352 0.0471313 0.0558574 0.0636196 0.0696709 0.0734429 0.0746342 0.0732607 0.0696359 0.0642706 0.0577408 0.0505829 0.0432413 0.0360553 0.0292678 0.0230461 0.017506 0.0127324 0.00878666 0.005696
 0.00667559 0.0107396 0.0160022 0.0224412 0.0299958 0.038475 0.047438 0.0561915 0.0639278 0.069904 0.0735723 0.0746603 0.0732113 0.0695546 0.0641996 0.0577036 0.0505757 0.0432356 0.0360103 0.029148 0.0228363 0.0172186 0.0124034 0.00846256 0.00541736
 0.00668757 0.0107494 0.0160006 0.0224175 0.0299458 0.0384094 0.0473869 0.056195 0.0640171 0.070082 0.0738075 0.0749 0.0734058 0.0696781 0.0642559 0.0577165 0.0505708 0.0432243 0.0359853 0.0290899 0.0227276 0.0170565 0.0122041 0.00825497 0.00523123
 0.00678276 0.0108801 0.0161522 0.0225603 0.0300423 0.038427 0.0473111 0.0560371 0.0638146 0.0698889 0.0736777 0.0748671 0.0734698 0.0698076 0.0644056 0.0578487 0.0506668 0.0432826 0.0360096 0.0290806 0.0226816 0.0169729 0.0120909 0.00812926 0.00511289
 0.00681536 0.0109321 0.016227 0.0226563 0.0301481 0.0385175 0.0473478 0.0559789 0.063636 0.0695995 0.0733282 0.0745359 0.0732343 0.0697155 0.0644603 0.0580146 0.0508897 0.0435109 0.0362072 0.0292284 0.0227728 0.0170095 0.0120821 0.00809039 0.00506157
 0.00679376 0.010907 0.0162083 0.0226602 0.0301936 0.0386195 0.0475089 0.056182 0.0638429 0.0697579 0.0733882 0.0744718 0.0730598 0.0694816 0.0642342 0.0578508 0.0508111 0.0435069 0.0362478 0.0292804 0.0228117 0.0170236 0.0120711 0.00806148 0.00502529
 0.00678138 0.010877 0.0161458 0.0225479 0.0300193 0.0383869 0.0472446 0.0559327 0.0636607 0.0696791 0.0734182 0.0745835 0.0732075 0.0696228 0.0643477 0.0579421 0.0509006 0.0436131 0.0363738 0.0294138 0.0229332 0.0171172 0.0121302 0.00808948 0.00503143
 0.0068718 0.0110036 0.0162978 0.0227003 0.0301374 0.0384352 0.0471972 0.0557824 0.0634243 0.0693975 0.0731469 0.0743744 0.0730903 0.0695956 0.0643844 0.0580096 0.0509759 0.0436883 0.0364508 0.0294939 0.0230118 0.0171854 0.0121806 0.00811971 0.00504478
 0.00683939 0.010967 0.0162712 0.0227032 0.0301847 0.0385244 0.0472998 0.0558498 0.0634072 0.0692702 0.0729219 0.0741001 0.072832 0.069411 0.0643039 0.0580308 0.0510726 0.0438265 0.0366015 0.0296387 0.0231403 0.0172915 0.0122609 0.00817426 0.00507717
 0.00678823 0.0108875 0.01616 0.0225638 0.0300317 0.0383851 0.0472117 0.0558474 0.0635026 0.0694389 0.0731067 0.0742362 0.0728787 0.06937 0.0642131 0.0579406 0.0510212 0.0438275 0.0366474 0.0297111 0.0232206 0.0173658 0.0123213 0.00821785 0.00510494
 0.00677022 0.0108402 0.0160559 0.0223674 0.0297099 0.0379247 0.0466349 0.0552178 0.0629144 0.0689917 0.0728749 0.0742446 0.0730963 0.0697261 0.0646287 0.0583572 0.0514111 0.0441862 0.0369771 0.0300102 0.0234816 0.0175807 0.0124856 0.00833344 0.00517923
 0.00681627 0.0109032 0.0161269 0.022426 0.0297239 0.0378532 0.0464365 0.0548645 0.0624098 0.0683846 0.0722575 0.0737289 0.072777 0.0696483 0.064777 0.0586704 0.0518121 0.044609 0.037379 0.0303692 0.0237877 0.017829 0.0126752 0.00846794 0.00526686
 0.00676945 0.0108426 0.0160637 0.0223783 0.0297084 0.0378738 0.0464751 0.0548809 0.0623533 0.0682138 0.0719608 0.0733372 0.0723608 0.0692973 0.0645692 0.0586444 0.0519576 0.0448782 0.03771 0.0307069 0.0240943 0.0180842 0.0128721 0.00860854 0.00535923
