SBPRF35
7.74414
Curr Bio
674138
B35
552611
F35
0.214682
FOFL
0.214682
OFL
117911
Bzero
2.21261e+006
#pred survey bio
 3.04865e+006 3.17017e+006 3.35564e+006 3.4516e+006 3.4441e+006 3.18872e+006 2.58797e+006 2.0376e+006 1.83205e+006 1.67108e+006 1.4851e+006 1.33723e+006 1.20905e+006 1.06189e+006 880801 757873 692473 647131 621190 611469 613790 631768 659757 668988 647970 556735 510678 518443 542115 583723 627489 660899 659973 639896 588668 566609 562843 555698 535588 520132 494212 505540 530772 582701 599385 573818 567462 589348 567651 564071 589057 665108 619751 590677 643388 682636 1.64514e+007 1.47478e+007 1.46513e+007 1.48605e+007 1.525e+007 1.56966e+007 1.6122e+007 1.64883e+007 1.67849e+007 1.70156e+007 1.71906e+007 1.73213e+007 1.74181e+007 1.74894e+007 1.75419e+007 1.75807e+007 1.76094e+007 1.76308e+007 1.76467e+007 1.76587e+007 1.76677e+007 1.76745e+007 1.76797e+007 1.76836e+007 1.76867e+007 1.7689e+007 1.76907e+007 1.76921e+007 1.76931e+007 1.76939e+007 1.76945e+007 1.7695e+007 1.76954e+007 1.76956e+007 1.76959e+007 1.7696e+007 1.76962e+007 1.76963e+007 1.76963e+007 1.76964e+007 1.76964e+007 1.76965e+007 1.76965e+007 1.76965e+007 1.76965e+007 1.76966e+007 1.76966e+007 1.76966e+007 1.76966e+007 1.76966e+007 1.76966e+007 1.76966e+007 1.76966e+007 1.76966e+007 1.76966e+007 1.76966e+007 1.76966e+007 1.76966e+007 1.76966e+007 1.76966e+007 1.76966e+007 1.76966e+007 1.76966e+007 1.76966e+007 1.76966e+007 1.76966e+007 1.76966e+007 1.76966e+007 1.76966e+007 1.76966e+007 1.76966e+007 1.76966e+007 1.76966e+007 1.76966e+007 1.76966e+007 1.76966e+007 1.76966e+007 1.76966e+007 1.76966e+007 1.76966e+007 1.76966e+007 1.76966e+007 1.76966e+007 1.76966e+007 1.76966e+007 1.76966e+007 1.76966e+007 1.76966e+007 1.76966e+007 1.76966e+007 1.76966e+007 1.76966e+007 1.76966e+007 1.76966e+007 1.76966e+007 1.76966e+007 1.76966e+007 1.76966e+007 1.76966e+007 1.76966e+007 0 0 0 0 0 0 0 0 0 0 0 0 0 0 0 0 0 0 0 0 0 0 0 0 0
#obs survey bio
 3.42671e+006 2.56004e+006 3.97103e+006 3.01522e+006 3.33096e+006 4.31512e+006 2.50184e+006 1.88085e+006 1.7151e+006 1.75096e+006 1.39364e+006 1.10982e+006 1.0754e+006 1.28155e+006 926928 679128 807887 515412 475670 489666 606825 648171 999741 579189 660703 691201 386445 539915 585748 776133 514267 723433 874971 685961 506220 572924 592945 503088 478203 693700 559764 459799 599235 638246 692733 547564 513452 918042 628796 439167 626456 819059 454913 516051 578774 749904
#pred catch bio
 97604.2 98312.2 155211 214938 252369 259419 292422 290869 321222 334995 276370 269429 271657 254213 230816 202224 186779 171331 152532 141077 118934 116044 124658 119806 120238 94559.9 97388.2 104990 99864.3 97941.9 96801.3 90981.3 86720.2 99475.9 99287.8 95978.2 82004 84993.8 87209.8 88401.4 86963.2 97447 82225.3 89337.8 87517.3 92949.1 94967.7 81126.9 88071.7 94435 47493.1 111749 117774 64126.1 98509 110902 117911 115172 113051 113420 115592 118339 120974 123194 124925 126204 127114 127744 128171 128455 128642 128764 128843 128894 128926 128947 128960 128968 128973 128976 128978 128980 128981 128981 128981 128982 128982 128982 128982 128982 128982 128982 128982 128982 128982 128982 128982 128982 128982 128982 128982 128982 128982 128982 128982 128982 128982 128982 128982 128982 128982 128982 128982 128982 128982 128982 128982 128982 128982 128982 128982 128982 128982 128982 128982 128982 128982 128982 128982 128982 128982 128982 128982 128982 128982 128982 128982 128982 128982 128982 128982 128982 128982 128982 128982 128982 128982 128982 128982 128982 128982 128982 128982 128982 128982 128982 0 0 0 0 0 0 0 0 0 0 0 0 0 0 0 0 0 0 0 0 0 0 0 0 0
#obs catch bio
 0 98033.1 155328 215323 252485 258778 292225 291574 322454 335974 275633 269728 272294 253138 230894 202956 186981 171879 152480 141472 118604 116064 124870 119761 120101 94225.5 97627.6 105392 100047 97980 96878.8 90842.5 86534.3 99435 99420.2 96291.7 81840.3 84935.2 87254.4 88273.7 86962.4 97912.8 82235.7 89349.1 87269.5 92973.4 95508.1 80771.8 88063.3 95269.6 46954.4 112091 118465 63645.4 98808.2 110956
#pred cpue bio
 3.01307e+006 3.1334e+006 3.31502e+006 3.40772e+006 3.39814e+006 3.14334e+006 2.54862e+006 2.00376e+006 1.79852e+006 1.63774e+006 1.45268e+006 1.30546e+006 1.17773e+006 1.032e+006 853961 732781 668074 623391 597730 587946 589825 606970 633749 642665 622650 534912 490624 497880 520600 560822 603190 635555 635010 616095 566945 545529 540654 532117 511858 496977 472404 483286 507257 557311 573575 549278 542919 563718 543475 539970 563667 638228 594928 565675 616331 654311 1.5779e+007 1.41583e+007 1.39949e+007 1.41425e+007 1.45169e+007 1.4961e+007 1.53861e+007 1.57524e+007 1.60489e+007 1.62797e+007 1.64547e+007 1.65854e+007 1.66821e+007 1.67535e+007 1.6806e+007 1.68448e+007 1.68735e+007 1.68948e+007 1.69108e+007 1.69227e+007 1.69318e+007 1.69386e+007 1.69438e+007 1.69477e+007 1.69507e+007 1.6953e+007 1.69548e+007 1.69561e+007 1.69572e+007 1.6958e+007 1.69586e+007 1.6959e+007 1.69594e+007 1.69597e+007 1.69599e+007 1.69601e+007 1.69602e+007 1.69603e+007 1.69604e+007 1.69604e+007 1.69605e+007 1.69605e+007 1.69606e+007 1.69606e+007 1.69606e+007 1.69606e+007 1.69606e+007 1.69606e+007 1.69606e+007 1.69606e+007 1.69606e+007 1.69606e+007 1.69606e+007 1.69606e+007 1.69607e+007 1.69607e+007 1.69607e+007 1.69607e+007 1.69607e+007 1.69607e+007 1.69607e+007 1.69607e+007 1.69607e+007 1.69607e+007 1.69607e+007 1.69607e+007 1.69607e+007 1.69607e+007 1.69607e+007 1.69607e+007 1.69607e+007 1.69607e+007 1.69607e+007 1.69607e+007 1.69607e+007 1.69607e+007 1.69607e+007 1.69607e+007 1.69607e+007 1.69607e+007 1.69607e+007 1.69607e+007 1.69607e+007 1.69607e+007 1.69607e+007 1.69607e+007 1.69607e+007 1.69607e+007 1.69607e+007 1.69607e+007 1.69607e+007 1.69607e+007 1.69607e+007 1.69607e+007 1.69607e+007 1.69607e+007 1.69607e+007 1.69607e+007 1.69607e+007 1.69607e+007 0 0 0 0 0 0 0 0 0 0 0 0 0 0 0 0 0 0 0 0 0 0 0 0 0
#obs cpue bio
 4.03018e+006 2.67731e+006 3.73677e+006 3.06717e+006 4.12342e+006 2.97928e+006 2.82755e+006 1.35373e+006 1.80236e+006 1.77782e+006 1.84766e+006 1.30284e+006 1.26448e+006 1.23441e+006 675914 654866 633136 683226 877170 631478 746003 494659 412222 767289 772513 437993 474476 447412 473056 457177 712780 689106 467687 634228 548746 465559 631285 610217 522981 447539 351223 452112 423384 615372 598747 504051 396449 633615 422141 504170 615021 713766 616631 694015 639880 626478
#pred surv len freq
 0.00419021 0.00692577 0.0106517 0.0154209 0.0211503 0.0275234 0.0339775 0.0398629 0.0446946 0.0483077 0.0508172 0.0524646 0.0534867 0.0540633 0.0543175 0.0543377 0.0542011 0.0539747 0.0536596 0.053081 0.0517935 0.0491368 0.0445175 0.037815 0.0296288
 0.0045803 0.00744627 0.0112282 0.0159223 0.0214357 0.0275103 0.0336886 0.0394157 0.0442383 0.047948 0.0505789 0.0523099 0.0533679 0.05397 0.0542903 0.0544437 0.0544874 0.0544235 0.0541709 0.0534961 0.051956 0.0489624 0.0440348 0.0371502 0.0289445
 0.0045865 0.00755171 0.0115537 0.016614 0.0225978 0.0291168 0.0355328 0.0411539 0.0455238 0.0485796 0.0505669 0.0518246 0.0526255 0.0531408 0.0534749 0.0536991 0.0538521 0.0539144 0.05376 0.0531002 0.0514647 0.0482952 0.0431919 0.0362198 0.0280593
 0.00472586 0.00774046 0.0117762 0.0168538 0.0228688 0.0294933 0.0361458 0.0421296 0.0468857 0.0501788 0.0521065 0.0529819 0.0531938 0.0530998 0.0529576 0.0529002 0.0529471 0.0530185 0.05292 0.0523019 0.0506552 0.0474231 0.0422503 0.0352635 0.0271822
 0.00491489 0.00805393 0.0122558 0.0175333 0.0237581 0.0305626 0.0373247 0.0433332 0.0480576 0.0513133 0.0532193 0.0540432 0.0540854 0.0536443 0.0530069 0.0524146 0.0520093 0.0517819 0.0515365 0.0508737 0.0492292 0.0460187 0.040896 0.0340167 0.0261171
 0.00506724 0.00831282 0.0126668 0.0181471 0.0246207 0.0316978 0.0387136 0.0449034 0.0496915 0.0528777 0.0546029 0.0551807 0.0549484 0.054206 0.0532116 0.0521864 0.0512973 0.0506047 0.0499878 0.0490895 0.0473462 0.0441536 0.039149 0.0324779 0.0248594
 0.00528109 0.00865108 0.0131594 0.0188187 0.0254899 0.0327753 0.0399957 0.0463637 0.0512751 0.0545004 0.0561578 0.0565531 0.0560366 0.0549361 0.0535367 0.0520722 0.0507138 0.0495384 0.0484678 0.0472049 0.0452393 0.0419952 0.0371083 0.030697 0.0234322
 0.00552432 0.00906379 0.0138111 0.0197809 0.0268167 0.0344744 0.0420054 0.048554 0.0534789 0.0565578 0.0579468 0.0579935 0.0570759 0.0555347 0.0536621 0.0516989 0.0498253 0.0481318 0.0465676 0.0448843 0.0426354 0.0393026 0.0345475 0.0284659 0.0216604
 0.00558369 0.00920752 0.0141159 0.0203504 0.0277604 0.0358711 0.0438661 0.0508031 0.0559624 0.0590733 0.0602827 0.059966 0.058554 0.0564469 0.0539836 0.0514308 0.0489769 0.0467175 0.0446197 0.0424753 0.0399004 0.0364425 0.031802 0.0260601 0.0197473
 0.00578088 0.0095132 0.0145517 0.0209364 0.0285237 0.0368538 0.0451223 0.0523786 0.0578624 0.0612324 0.0625558 0.0621493 0.060429 0.0578279 0.0547477 0.051522 0.0483907 0.0454818 0.0427874 0.0401352 0.037196 0.0335803 0.02903 0.0236156 0.017796
 0.0061577 0.0101085 0.0154136 0.0220936 0.0299761 0.0385628 0.0470063 0.0543253 0.0597606 0.0630049 0.0641679 0.0635837 0.0616477 0.0587499 0.0552595 0.0515093 0.0477708 0.0442221 0.0409112 0.037726 0.0344039 0.0306212 0.0261611 0.0210832 0.0157732
 0.00639718 0.0105046 0.0160216 0.0229669 0.0311524 0.040044 0.0487389 0.0561989 0.0616295 0.0647276 0.0656429 0.0647655 0.0625358 0.0593577 0.055579 0.0514927 0.0473389 0.0432946 0.0394453 0.0357478 0.0320252 0.0280351 0.0236108 0.0188064 0.0139407
 0.00653526 0.0107543 0.0164439 0.0236348 0.0321345 0.041378 0.0504059 0.0581122 0.0636471 0.0666805 0.0673688 0.0661377 0.0634819 0.0598624 0.055668 0.0512012 0.0466815 0.0422564 0.0380004 0.0338984 0.0298401 0.0256648 0.0212658 0.016704 0.0122422
 0.00669694 0.0110259 0.0168701 0.0242658 0.0330196 0.0425525 0.0518745 0.0598352 0.065536 0.068605 0.0691728 0.0676635 0.0645978 0.060487 0.055779 0.0508259 0.0458718 0.0410622 0.0364586 0.0320463 0.0277452 0.0234489 0.0191011 0.0147734 0.0106849
 0.00694488 0.0114224 0.0174549 0.0250713 0.0340659 0.0438388 0.0533697 0.0614753 0.0672317 0.0702558 0.0706783 0.0689279 0.0655328 0.0610176 0.0558555 0.0504333 0.0450313 0.0398216 0.0348797 0.0302003 0.0257211 0.021366 0.0171068 0.0130178 0.00927951
 0.0071011 0.0117062 0.0179358 0.0258287 0.0351663 0.0453019 0.0551404 0.0634219 0.0691773 0.0720264 0.0721417 0.0700064 0.066194 0.0612564 0.0556785 0.0498531 0.0440684 0.03851 0.0332713 0.0283676 0.0237596 0.0193944 0.0152586 0.0114185 0.00801547
 0.00716268 0.0118118 0.0181074 0.026097 0.0355721 0.0458933 0.0559621 0.0644961 0.0704813 0.0734788 0.0736088 0.0713323 0.06724 0.0619305 0.055942 0.0497082 0.0435402 0.0376361 0.0321007 0.0269661 0.0222157 0.0178185 0.0137714 0.0101294 0.00699744
 0.00729102 0.0120034 0.0183646 0.0264123 0.0359335 0.0462922 0.0564001 0.0649874 0.0710488 0.0741432 0.0743721 0.0721616 0.0680619 0.0626434 0.0564425 0.0499175 0.0434191 0.0371844 0.0313505 0.0259754 0.0210657 0.0166093 0.0126114 0.00911528 0.00619338
 0.00747164 0.0122757 0.0187338 0.0268671 0.0364466 0.0468248 0.0569072 0.065427 0.0713946 0.0743972 0.0745669 0.0723466 0.0682775 0.0628962 0.0566955 0.0501001 0.043452 0.0370063 0.0309358 0.0253404 0.0202648 0.0157249 0.0117378 0.00833835 0.00557134
 0.00764605 0.0125342 0.0190756 0.0272736 0.0368851 0.0472548 0.057288 0.0657227 0.0715814 0.0744705 0.0745465 0.0722739 0.0682047 0.0628679 0.056731 0.0501823 0.04353 0.0370118 0.030808 0.0250482 0.0198185 0.0151734 0.0111534 0.00779491 0.00512367
 0.00791955 0.0129355 0.0195982 0.0278813 0.0375188 0.0478473 0.0577766 0.0660585 0.0717358 0.0744412 0.0743593 0.0719778 0.06786 0.0625333 0.0564508 0.0499773 0.0433913 0.0369034 0.0306787 0.0248518 0.0195329 0.0148102 0.010753 0.00740955 0.00479782
 0.00801835 0.0130879 0.0198107 0.0281503 0.037827 0.0481607 0.0580464 0.0662308 0.07177 0.0743284 0.0741291 0.0716878 0.0675746 0.0623043 0.0563077 0.0499262 0.043418 0.0369769 0.0307565 0.0248898 0.0194995 0.0146976 0.0105795 0.00721079 0.00461099
 0.00789324 0.0129181 0.0196171 0.0279728 0.0377125 0.0481444 0.0581358 0.066401 0.0719733 0.0745113 0.0742498 0.071729 0.0675476 0.0622422 0.0562514 0.0499094 0.0434562 0.0370636 0.0308671 0.0249906 0.0195592 0.014699 0.0105251 0.00712004 0.00451031
 0.0078935 0.0129002 0.0195587 0.0278476 0.0375048 0.0478668 0.0578383 0.0661605 0.0718616 0.0745607 0.0744373 0.071989 0.0678045 0.0624423 0.0563787 0.0499802 0.0435017 0.0371108 0.0309266 0.025055 0.019611 0.0147218 0.0105128 0.00707943 0.0044562
 0.00782199 0.0127979 0.0194293 0.0277001 0.0373468 0.0476973 0.0576472 0.0659387 0.0716177 0.0743313 0.0742787 0.0719513 0.0679046 0.0626547 0.0566498 0.0502557 0.0437472 0.0373165 0.0310972 0.0251966 0.0197236 0.0148011 0.0105565 0.00709144 0.00444662
 0.00801613 0.0130732 0.0197694 0.0280657 0.0376882 0.047973 0.0578361 0.0660382 0.0716318 0.0742606 0.0741229 0.0717209 0.0676285 0.0623745 0.0564027 0.0500597 0.0435999 0.0372047 0.0310086 0.0251246 0.019665 0.0147529 0.010515 0.00705425 0.00441361
 0.00800512 0.013074 0.0198029 0.0281574 0.0378545 0.0482043 0.0580887 0.0662453 0.0717323 0.074228 0.0739754 0.0715065 0.0673999 0.0621706 0.0562446 0.0499548 0.0435456 0.0371911 0.0310212 0.0251486 0.0196893 0.014771 0.0105245 0.00705539 0.00440879
 0.00786856 0.0128891 0.0195942 0.027973 0.0377553 0.0482446 0.0582953 0.066605 0.0721901 0.0746987 0.0743665 0.0717473 0.0674636 0.0620784 0.0560494 0.049717 0.0433143 0.0369951 0.0308706 0.0250407 0.0196149 0.0147201 0.0104888 0.00702957 0.00438981
 0.00791603 0.0129362 0.0196121 0.0279228 0.0376072 0.0480025 0.0580128 0.0663744 0.0721059 0.0748132 0.0746629 0.072147 0.0678601 0.0623794 0.0562069 0.0497336 0.0432283 0.0368576 0.0307254 0.0249146 0.0195181 0.0146515 0.0104425 0.00699901 0.0043699
 0.00795304 0.012982 0.0196528 0.0279329 0.0375515 0.0478441 0.0577259 0.065961 0.07161 0.0743219 0.0742863 0.0719782 0.0679354 0.0626629 0.0566093 0.0501529 0.0435888 0.0371266 0.030907 0.0250315 0.0195943 0.0147035 0.010479 0.00702386 0.00438547
 0.00801822 0.0130665 0.0197399 0.0279926 0.0375469 0.0477422 0.0575075 0.0656252 0.0711749 0.0738249 0.0737852 0.0715479 0.067654 0.0625871 0.0567505 0.0504701 0.044004 0.0375558 0.0312881 0.0253349 0.0198181 0.0148604 0.0105849 0.00709255 0.00442764
 0.00801276 0.0130614 0.019738 0.0279958 0.0375516 0.0477348 0.0574625 0.0655115 0.0709683 0.0735215 0.0734087 0.0711469 0.067292 0.0623282 0.0566442 0.0505371 0.0442275 0.0378862 0.0316595 0.0256876 0.0201136 0.0150846 0.0107417 0.00719463 0.00448969
 0.00794943 0.0129582 0.0195834 0.0277808 0.0372748 0.0474064 0.0571073 0.0651641 0.0706617 0.0732753 0.0732251 0.0710178 0.0672119 0.0623039 0.0566947 0.0506837 0.0444805 0.038234 0.0320671 0.0261062 0.0204961 0.0153989 0.0109759 0.00735388 0.00458885
 0.00773081 0.0126373 0.0191642 0.0272888 0.0367487 0.046886 0.0566244 0.0647424 0.0703212 0.073035 0.0730999 0.071013 0.0673192 0.062505 0.0569694 0.0510181 0.0448678 0.0386676 0.0325319 0.0265748 0.0209333 0.0157727 0.011267 0.00756002 0.00472142
 0.00780438 0.0127274 0.0192467 0.0273267 0.0367067 0.04675 0.0564145 0.0645059 0.0701093 0.0728774 0.0729951 0.0709384 0.067252 0.0624366 0.0569074 0.0509796 0.0448711 0.0387257 0.0326484 0.0267403 0.0211268 0.015967 0.0114377 0.0076924 0.00481248
 0.00847418 0.0136948 0.0204753 0.0287006 0.0380565 0.0479017 0.0572318 0.0649138 0.0700983 0.0724966 0.0723355 0.0701072 0.0663454 0.0615238 0.0560325 0.0501717 0.0441544 0.0381217 0.0321718 0.0263945 0.020901 0.0158382 0.0113768 0.00767149 0.0048104
 0.00917999 0.014806 0.022072 0.0308117 0.0406293 0.0507701 0.0601023 0.0674027 0.07183 0.0732249 0.0720194 0.0689004 0.0645175 0.0593645 0.0537839 0.0480036 0.0421708 0.0363806 0.0307029 0.0252077 0.0199889 0.0151763 0.0109264 0.00738582 0.00464232
 0.00912094 0.0148052 0.0222461 0.0313252 0.0416492 0.0523919 0.0622829 0.069937 0.074388 0.0754315 0.0735471 0.0695463 0.0642444 0.0582949 0.0521488 0.0460692 0.0401746 0.0344975 0.0290409 0.0238212 0.0188933 0.0143591 0.0103545 0.00701287 0.00441725
 0.00882366 0.0143728 0.0216959 0.0307224 0.0411099 0.0520746 0.062366 0.0705745 0.0756455 0.0772285 0.0756419 0.0715885 0.0658776 0.0592635 0.0523621 0.0456019 0.0392155 0.0332767 0.0277671 0.0226467 0.0179065 0.0135937 0.00980433 0.00664701 0.00419309
 0.00860856 0.0140309 0.0211987 0.0300565 0.0402905 0.0511617 0.0614776 0.0698816 0.0753395 0.0774652 0.0764815 0.0729565 0.0675658 0.060978 0.0538059 0.0465616 0.0396143 0.0331744 0.0273145 0.022022 0.0172628 0.0130319 0.00937075 0.00634584 0.00400353
 0.00864176 0.0140549 0.0211793 0.0299437 0.0400311 0.0507223 0.0608659 0.0691574 0.0746111 0.0768717 0.0761659 0.07303 0.0680691 0.0618529 0.0548961 0.0476518 0.0404978 0.0337184 0.0274934 0.0219049 0.0169692 0.012682 0.00905133 0.00609993 0.00383817
 0.00858631 0.013988 0.0211193 0.0299158 0.0400529 0.0507845 0.0609225 0.0691373 0.0744509 0.0765536 0.0757399 0.0726054 0.0677789 0.0618051 0.055131 0.0481223 0.041083 0.0342683 0.0278851 0.0220833 0.0169537 0.0125406 0.00886285 0.00592431 0.00370525
 0.00868915 0.014134 0.021301 0.030116 0.0402529 0.0509746 0.0611048 0.0693161 0.0746145 0.0766642 0.0757436 0.0724625 0.0674961 0.0614467 0.0547958 0.0478997 0.0410112 0.0343197 0.0279861 0.0221551 0.0169488 0.0124571 0.0087322 0.00578705 0.00359108
 0.00863279 0.0140338 0.0211346 0.0298582 0.0398831 0.0504888 0.0605275 0.0687055 0.0740543 0.0762425 0.0755255 0.0724679 0.0676956 0.0617795 0.0552011 0.0483393 0.0414705 0.034789 0.0284423 0.0225593 0.0172626 0.0126619 0.00883704 0.00582071 0.00358683
 0.00864038 0.0140408 0.0211345 0.0298395 0.0398292 0.0503799 0.0603451 0.0684386 0.0737084 0.0758462 0.0751309 0.0721397 0.0674914 0.0617302 0.0553028 0.0485608 0.04177 0.035128 0.0287882 0.0228828 0.0175366 0.0128668 0.00896809 0.00588892 0.00361243
 0.00872003 0.014152 0.0212679 0.0299741 0.0399377 0.0504364 0.0603315 0.0683467 0.0735378 0.0756037 0.0748316 0.0718109 0.0671729 0.0614684 0.0551378 0.048514 0.041838 0.0352867 0.0290021 0.0231144 0.0177533 0.013045 0.00909618 0.00596804 0.0036531
 0.00867604 0.0141188 0.0212867 0.0301017 0.040225 0.0508977 0.0609224 0.0689678 0.0740667 0.0759373 0.0749166 0.0716502 0.0668136 0.0609831 0.0546076 0.0480134 0.0414229 0.0349863 0.0288182 0.0230272 0.017732 0.0130583 0.00911958 0.00598729 0.00366352
 0.00859437 0.0139922 0.0211106 0.029883 0.0399889 0.0506921 0.0608138 0.0690222 0.0743179 0.07636 0.0754241 0.0721242 0.0671498 0.0611274 0.054566 0.0478375 0.0411839 0.0347505 0.0286307 0.0229065 0.0176736 0.013044 0.0091283 0.00600242 0.00367596
 0.0086784 0.0140733 0.0211314 0.0297601 0.0396404 0.0500795 0.0599776 0.0680861 0.0734572 0.0757461 0.0751706 0.0722542 0.0675954 0.0617596 0.0552425 0.0484479 0.0416735 0.0351162 0.0289003 0.0231142 0.0178434 0.0131861 0.00924326 0.00608852 0.00373415
 0.00864776 0.0140681 0.0212012 0.0299655 0.0400213 0.0506141 0.0605602 0.0685508 0.0736467 0.075589 0.0747184 0.0716547 0.0670213 0.0613363 0.0550114 0.0483755 0.0416896 0.0351561 0.0289276 0.0231223 0.0178419 0.013186 0.00924939 0.00609931 0.00374562
 0.00853353 0.0139032 0.0209944 0.0297459 0.0398385 0.0505325 0.0606428 0.0688324 0.0741043 0.0761286 0.0751993 0.0719478 0.0670692 0.0611753 0.054742 0.0481044 0.0414828 0.0350273 0.0288569 0.0230823 0.0178151 0.0131665 0.00923676 0.00609344 0.00374468
 0.0080778 0.0131574 0.0198681 0.0281665 0.0377844 0.0480777 0.0579907 0.0663066 0.0720776 0.0749151 0.0749584 0.0726448 0.0685049 0.0630654 0.0568091 0.0501413 0.0433688 0.0367057 0.0303029 0.0242839 0.01877 0.0138861 0.00974784 0.00643357 0.00395553
 0.00864028 0.0139758 0.0209174 0.0293507 0.0389492 0.0490404 0.0585756 0.066381 0.07159 0.073926 0.0736417 0.0712439 0.0672565 0.0621274 0.0562283 0.0498713 0.0433176 0.0367821 0.0304404 0.0244413 0.0189223 0.0140181 0.00985143 0.00650755 0.00400371
 0.00889352 0.0144521 0.0217458 0.0306699 0.0408475 0.0514738 0.0613093 0.0690086 0.073644 0.0750313 0.0736334 0.0701994 0.0654437 0.0599063 0.0539472 0.0477898 0.0415756 0.0354128 0.0294098 0.0236891 0.0183881 0.0136506 0.00960881 0.00635543 0.00391409
 0.00843897 0.0137483 0.0207608 0.0294207 0.0394218 0.0500465 0.0601332 0.0683571 0.0737073 0.0758163 0.0749366 0.0716832 0.0667753 0.0608788 0.0545234 0.0480648 0.0416967 0.0355055 0.0295408 0.0238678 0.0185902 0.0138443 0.00977082 0.00647597 0.00399466
 0.00826193 0.0134731 0.0203702 0.0289071 0.0387901 0.0493193 0.0593619 0.0676326 0.0731582 0.0755828 0.0751189 0.072286 0.0676826 0.0618861 0.0554168 0.0487041 0.0420546 0.035648 0.0295707 0.0238713 0.018612 0.0138912 0.00983008 0.00653209 0.00403829
#obs surv len freq
 nan nan nan nan nan nan nan nan nan nan nan nan nan nan nan nan nan nan nan nan nan nan nan nan nan
 0.00448621 0.0073488 0.0111807 0.0159996 0.0217034 0.0279821 0.0342986 0.0400309 0.0447095 0.0481706 0.0505245 0.0520157 0.0529034 0.0534116 0.0537225 0.0539748 0.0542516 0.0545431 0.054681 0.0542726 0.0527108 0.0493437 0.0437948 0.0362768 0.0276626
 0.00461688 0.00756256 0.0115045 0.0164587 0.0223149 0.0287458 0.0351878 0.0409894 0.0456594 0.0490267 0.0512108 0.0524765 0.053109 0.0533597 0.0534336 0.0534852 0.0536042 0.0537806 0.0538426 0.0533954 0.0518337 0.0485097 0.0430485 0.0356559 0.0271881
 0.00477382 0.00782062 0.0118983 0.0170223 0.0230749 0.0297107 0.0363361 0.0422647 0.0469761 0.0502847 0.0523097 0.0533284 0.053647 0.053544 0.0532554 0.0529649 0.0527854 0.0527216 0.0526091 0.0520573 0.050466 0.0471927 0.0418618 0.0346651 0.0264294
 0.00496834 0.00813808 0.0123785 0.0177032 0.0239862 0.030862 0.0377054 0.0437929 0.0485737 0.0518456 0.0537265 0.0545013 0.0544904 0.0539915 0.0532655 0.0525256 0.0519162 0.0514717 0.0510538 0.0502937 0.0486097 0.0453714 0.0402019 0.03327 0.0253571
 0.00518694 0.00849428 0.0129162 0.018464 0.0250017 0.0321419 0.0392247 0.0454873 0.0503477 0.05359 0.0553334 0.0558727 0.0555401 0.0546456 0.0534647 0.0522301 0.0511129 0.0501812 0.0493363 0.0482521 0.0463869 0.0431387 0.038135 0.0315154 0.0240003
 0.00540779 0.0088577 0.0134713 0.0192593 0.0260757 0.0335084 0.0408574 0.047315 0.0522647 0.0554768 0.0570758 0.0573716 0.0567122 0.0554215 0.0537852 0.052047 0.0503932 0.0489183 0.0475647 0.0460612 0.0439265 0.040608 0.0357511 0.0294667 0.0224029
 0.00563903 0.00923808 0.0140522 0.0200918 0.0272014 0.0349437 0.0425779 0.0492488 0.0543017 0.0574893 0.0589386 0.0589752 0.057968 0.0562604 0.0541539 0.0519024 0.0497016 0.0476624 0.0457606 0.0437804 0.0413117 0.037869 0.0331317 0.027189 0.0206111
 0.00587649 0.00962667 0.014642 0.0209317 0.0283303 0.0363768 0.0442916 0.0511744 0.0563345 0.0595066 0.0608185 0.0606083 0.0592625 0.0571428 0.0545676 0.0518038 0.0490573 0.0464527 0.0439929 0.0415128 0.0386747 0.0350687 0.0304202 0.0248059 0.0187201
 0.00613496 0.0100467 0.0152737 0.0218216 0.0295126 0.0378598 0.0460436 0.0531188 0.0583606 0.0614907 0.0626438 0.0621749 0.0604895 0.0579666 0.054938 0.0516807 0.0484086 0.0452576 0.0422545 0.0392801 0.0360665 0.0322808 0.0277007 0.0223982 0.0167967
 0.00638137 0.0104536 0.0158978 0.0227185 0.0307251 0.0393992 0.0478713 0.0551421 0.0604481 0.0635006 0.064449 0.0636763 0.0616167 0.0586728 0.0551919 0.0514592 0.0476922 0.0440324 0.0405241 0.0370878 0.0335195 0.0295604 0.0250418 0.0200361 0.0149021
 0.00661022 0.0108293 0.01647 0.0235368 0.0318296 0.0408061 0.0495569 0.0570351 0.0624366 0.0654512 0.0662287 0.0651694 0.0627356 0.0593606 0.0554191 0.0512142 0.0469716 0.0428373 0.0388674 0.0350133 0.0311249 0.0270097 0.0225491 0.0178183 0.0131189
 0.00684592 0.0112149 0.0170548 0.0243676 0.0329415 0.0422073 0.0512142 0.0588692 0.0643339 0.0672856 0.0678817 0.0665407 0.0637474 0.0599582 0.0555706 0.0509076 0.0462094 0.041632 0.0372445 0.0330233 0.0288624 0.024624 0.0202318 0.0157631 0.0114683
 0.00706854 0.0115818 0.0176159 0.0251717 0.0340256 0.0435804 0.0528404 0.0606636 0.0661752 0.0690412 0.0694307 0.0677883 0.0646275 0.0604312 0.0556181 0.0505268 0.045409 0.0404301 0.0356724 0.0311357 0.0267511 0.0224254 0.0181157 0.0138978 0.00997602
 0.00726489 0.0119053 0.0181106 0.0258814 0.034985 0.0448009 0.0542962 0.0622847 0.0678568 0.070662 0.0708737 0.0689549 0.0654459 0.0608587 0.0556384 0.0501436 0.0446387 0.0392986 0.0342164 0.0294114 0.0248455 0.0204613 0.0162409 0.0122558 0.0086685
 0.00743815 0.0121878 0.0185375 0.026486 0.035793 0.0458204 0.0555066 0.0636331 0.0692629 0.0720324 0.0721148 0.0699832 0.0661936 0.0612775 0.0557014 0.0498443 0.043988 0.038321 0.03295 0.0279125 0.0231956 0.0187698 0.0146351 0.0108564 0.0075588
 0.00753072 0.0123398 0.0187696 0.0268193 0.0362466 0.0464064 0.0562242 0.0644647 0.0701756 0.072981 0.0730463 0.0708398 0.0669154 0.0618072 0.0559892 0.0498541 0.0437008 0.0377374 0.032092 0.0268256 0.0219516 0.0174652 0.0133805 0.00975503 0.00668185
 0.00760132 0.0124516 0.0189327 0.0270419 0.0365347 0.0467632 0.0566488 0.0649511 0.0707123 0.0735527 0.073634 0.0714187 0.067454 0.062266 0.0563235 0.0500182 0.0436558 0.0374589 0.0315769 0.026098 0.021065 0.0164995 0.0124301 0.00890882 0.00600231
 0.00767128 0.0125583 0.01908 0.0272292 0.0367572 0.0470139 0.0569199 0.065235 0.0710032 0.073848 0.0739342 0.0717246 0.0677616 0.0625619 0.0565824 0.0502043 0.0437278 0.0373786 0.0313199 0.0256638 0.0204828 0.015827 0.0117427 0.00828174 0.00549072
 0.00771652 0.0126264 0.0191722 0.0273427 0.0368862 0.0471506 0.0570562 0.0653643 0.0711227 0.0739607 0.0740485 0.0718522 0.0679123 0.0627378 0.0567739 0.0503885 0.0438705 0.0374401 0.0312653 0.0254738 0.0201635 0.0154126 0.0112883 0.00784793 0.00512593
 0.00778269 0.0127265 0.0193089 0.0275128 0.0370808 0.0473564 0.0572563 0.0655404 0.0712588 0.0740475 0.0740874 0.0718549 0.067897 0.0627239 0.0567747 0.0504062 0.0438932 0.0374438 0.0312199 0.0253539 0.0199596 0.0151376 0.0109755 0.00754015 0.00486107
 0.00781142 0.0127733 0.0193792 0.0276108 0.0372079 0.0475084 0.0574222 0.0657028 0.0713985 0.0741488 0.074143 0.0718669 0.0678756 0.0626839 0.0567315 0.0503712 0.0438694 0.0374233 0.0311851 0.0252845 0.0198412 0.0149702 0.0107758 0.00733568 0.00467937
 0.00784813 0.0128258 0.019445 0.0276838 0.0372807 0.0475758 0.0574836 0.0657613 0.0714572 0.0742073 0.0741961 0.071907 0.0678966 0.0626842 0.0567154 0.0503462 0.0438427 0.0373971 0.0311545 0.0252388 0.0197698 0.014869 0.0106514 0.00720392 0.0045586
 0.00784977 0.0128279 0.0194469 0.0276841 0.0372767 0.0475642 0.0574612 0.0657274 0.0714155 0.0741673 0.0741702 0.071906 0.0679241 0.0627361 0.0567816 0.050416 0.0439081 0.0374528 0.0311961 0.0252609 0.0197667 0.0148383 0.0105969 0.00713566 0.00448975
 0.00788672 0.0128804 0.0195121 0.0277542 0.0373416 0.0476144 0.0574904 0.0657331 0.0713984 0.0741302 0.0741186 0.0718481 0.0678704 0.062696 0.0567608 0.0504144 0.0439203 0.0374712 0.031213 0.0252693 0.0197616 0.0148172 0.0105613 0.00709139 0.00444464
 0.00786397 0.0128457 0.0194639 0.0276924 0.0372666 0.0475271 0.0573925 0.0656281 0.0712931 0.0740352 0.0740462 0.0718091 0.0678714 0.0627378 0.0568387 0.05052 0.0440429 0.0375987 0.0313333 0.0253721 0.0198395 0.0148671 0.0105849 0.00709441 0.00443525
 0.00790478 0.0129025 0.0195317 0.0277606 0.0373222 0.047559 0.0573952 0.0656023 0.0712432 0.0739666 0.0739646 0.0717217 0.0677871 0.0626669 0.0567905 0.0504997 0.0440504 0.0376287 0.0313771 0.0254194 0.0198811 0.0148967 0.0106004 0.00709747 0.00443015
 0.00787445 0.0128599 0.0194794 0.0277045 0.0372681 0.0475092 0.0573466 0.0655481 0.0711785 0.0738928 0.0738909 0.0716607 0.0677503 0.0626605 0.0568153 0.050553 0.0441271 0.0377221 0.0314784 0.025519 0.0199697 0.0149676 0.0106504 0.00712799 0.00444544
 0.00786108 0.0128311 0.0194237 0.0276087 0.0371228 0.0473161 0.0571228 0.0653239 0.0709867 0.0737572 0.0738196 0.071649 0.0677877 0.062737 0.0569234 0.0506862 0.0442783 0.0378829 0.0316395 0.0256708 0.0201032 0.0150762 0.0107314 0.00718248 0.00447812
 0.00786429 0.0128349 0.0194265 0.0276065 0.0371086 0.0472799 0.0570538 0.0652146 0.0708392 0.0735865 0.0736513 0.0715111 0.0677004 0.062708 0.0569487 0.0507553 0.0443791 0.0380038 0.0317697 0.0257999 0.0202217 0.0151766 0.0108092 0.00723731 0.00451287
 0.00785622 0.0128224 0.0194086 0.0275828 0.0370788 0.0472437 0.0570102 0.0651616 0.0707736 0.0735058 0.0735562 0.071409 0.0676055 0.0626376 0.0569172 0.050769 0.0444353 0.0380929 0.0318789 0.025916 0.0203331 0.0152741 0.0108873 0.0072941 0.00455021
 0.00779696 0.0127285 0.0192723 0.0273995 0.0368497 0.0469779 0.056727 0.0648889 0.0705422 0.0733403 0.073469 0.071399 0.0676622 0.0627473 0.0570681 0.0509522 0.044643 0.0383161 0.0321059 0.0261337 0.0205291 0.0154387 0.0110155 0.00738622 0.00461076
 0.00778784 0.0127054 0.0192223 0.0273061 0.0366973 0.0467592 0.0564495 0.0645764 0.0702299 0.0730661 0.0732649 0.0712847 0.0676435 0.0628168 0.0572094 0.0511456 0.0448696 0.0385595 0.032352 0.0263691 0.0207416 0.0156185 0.011157 0.00748882 0.00467891
 0.00776045 0.0126628 0.0191614 0.0272239 0.0365898 0.046621 0.0562745 0.0643618 0.0699812 0.0728011 0.0730128 0.07108 0.0675166 0.0627856 0.0572755 0.0512961 0.0450824 0.0388095 0.0326153 0.0266254 0.0209746 0.0158165 0.0113134 0.007603 0.00475528
 0.00772386 0.0126042 0.0190752 0.027106 0.0364391 0.046441 0.056074 0.0641537 0.0697787 0.0726143 0.0728486 0.0709454 0.0674219 0.0627452 0.0573028 0.0513974 0.0452528 0.0390329 0.0328689 0.0268846 0.0212173 0.0160264 0.0114811 0.00772634 0.00483835
 0.00932149 0.0148404 0.0217738 0.0298803 0.0388046 0.047995 0.0566378 0.0637989 0.068744 0.0711835 0.0712599 0.0693592 0.0659302 0.0613953 0.0561188 0.0503921 0.0444309 0.0383905 0.0323918 0.0265499 0.0209969 0.0158913 0.011405 0.00768755 0.00482094
 0.00931023 0.015116 0.0227062 0.0319276 0.0423133 0.05293 0.0624116 0.0693677 0.0729788 0.0733149 0.0711327 0.0673718 0.0627593 0.0577057 0.0523992 0.0469306 0.0413665 0.035775 0.0302315 0.0248262 0.0196744 0.0149218 0.0107307 0.00724652 0.00455191
 0.00896281 0.0145734 0.0219527 0.0310199 0.0414319 0.0524121 0.0627088 0.0708835 0.0758243 0.0771295 0.0751306 0.0706389 0.0646323 0.0580011 0.0513806 0.0450931 0.0392049 0.0336508 0.0283501 0.0232738 0.0184647 0.0140287 0.0101083 0.00683945 0.00430403
 0.0087851 0.0142717 0.0214762 0.0303177 0.0404737 0.0512239 0.0614164 0.0697382 0.0751777 0.0773343 0.0763821 0.0728317 0.0673327 0.0605888 0.0532974 0.0460532 0.0392501 0.0330484 0.027431 0.0223087 0.017617 0.013366 0.00963523 0.00652807 0.00411484
 0.0087192 0.0141577 0.0212905 0.0300313 0.0400543 0.0506444 0.0606677 0.0688489 0.0742351 0.0764981 0.0758723 0.0728713 0.0680497 0.0619226 0.0549785 0.0476918 0.0404947 0.0337201 0.0275577 0.022059 0.017195 0.0129324 0.00927833 0.00627462 0.00395478
 0.00870451 0.0141291 0.0212382 0.0299414 0.0399103 0.0504285 0.0603644 0.0684483 0.073739 0.0759301 0.0752925 0.0723849 0.0677951 0.0620274 0.0554943 0.0485439 0.0414899 0.0346212 0.0281838 0.0223499 0.0172068 0.0127809 0.00907607 0.0060943 0.00382521
 0.00869451 0.0141141 0.0212176 0.0299145 0.0398745 0.0503779 0.0602888 0.0683334 0.0735694 0.0756951 0.0749928 0.0720421 0.0674597 0.0617778 0.0554178 0.0486997 0.0418707 0.0351411 0.0287088 0.0227571 0.0174351 0.0128423 0.00902934 0.00600541 0.00374019
 0.00868536 0.014099 0.0211947 0.0298821 0.039832 0.050326 0.0602297 0.0682692 0.0734997 0.0756144 0.0748915 0.0719113 0.0672996 0.0616068 0.0552752 0.0486372 0.0419302 0.0353295 0.0289865 0.0230516 0.0176748 0.0129878 0.00908277 0.00599709 0.00370583
 0.0086788 0.0140902 0.0211848 0.0298729 0.0398251 0.0503221 0.060227 0.0682644 0.0734886 0.075593 0.0748563 0.0718585 0.0672259 0.0615126 0.0551699 0.0485422 0.0418754 0.0353405 0.0290696 0.0231863 0.0178219 0.0131085 0.00915631 0.00602507 0.00370403
 0.00864692 0.014041 0.021116 0.0297847 0.0397211 0.0502092 0.0601157 0.0681673 0.0734173 0.0755547 0.0748507 0.0718791 0.067262 0.0615525 0.0552054 0.0485719 0.0419063 0.0353857 0.0291404 0.023284 0.0179339 0.0132144 0.00923796 0.00607517 0.00372671
 0.00866155 0.0140594 0.0211335 0.0297941 0.0397139 0.0501798 0.0600638 0.0680987 0.0733423 0.0754843 0.0747944 0.0718419 0.0672442 0.0615503 0.0552126 0.048583 0.0419194 0.0354037 0.0291691 0.0233274 0.0179903 0.0132752 0.00929224 0.00611486 0.00374998
 0.00866488 0.0140662 0.0211461 0.0298143 0.039742 0.050212 0.0600918 0.0681116 0.0733307 0.0754456 0.0747344 0.0717726 0.067179 0.0614991 0.0551795 0.0485669 0.0419165 0.0354108 0.0291849 0.0233522 0.0180232 0.0133127 0.00932857 0.00614454 0.0037702
 0.00863586 0.0140254 0.0210965 0.029763 0.0396984 0.0501847 0.060086 0.0681267 0.0733608 0.0754808 0.0747637 0.0717879 0.0671783 0.0614868 0.0551633 0.0485544 0.0419126 0.0354167 0.0291996 0.0233739 0.01805 0.0133419 0.00935674 0.00616836 0.00378761
 0.00863079 0.014012 0.0210673 0.0297094 0.0396141 0.0500713 0.0599563 0.068003 0.0732674 0.0754347 0.0747683 0.0718339 0.0672485 0.0615641 0.0552361 0.0486181 0.0419679 0.0354665 0.0292465 0.023419 0.0180927 0.0133808 0.00939017 0.00619482 0.00380657
 0.00860816 0.0139786 0.0210231 0.0296555 0.0395516 0.0499996 0.0598731 0.0679072 0.0731631 0.0753337 0.0746885 0.0717924 0.0672547 0.0616153 0.0553197 0.0487176 0.0420689 0.0355603 0.0293296 0.0234908 0.0181538 0.0134315 0.00943057 0.00622512 0.00382757
 0.00860816 0.0139786 0.0210231 0.0296555 0.0395516 0.0499996 0.0598731 0.0679072 0.0731631 0.0753337 0.0746885 0.0717924 0.0672547 0.0616153 0.0553197 0.0487176 0.0420689 0.0355603 0.0293296 0.0234908 0.0181538 0.0134315 0.00943057 0.00622512 0.00382757
 0.00821195 0.0133509 0.0201121 0.0284326 0.038027 0.048241 0.0580184 0.0661549 0.0717317 0.0744039 0.0743586 0.072065 0.0680521 0.0628094 0.0567612 0.0502606 0.0435886 0.0369628 0.0305551 0.0245101 0.0189618 0.0140407 0.00986494 0.00651597 0.00400889
 0.00853829 0.0138231 0.0207122 0.0291007 0.0386696 0.048751 0.0582965 0.0661295 0.0713771 0.073755 0.0735103 0.0711521 0.067214 0.0621541 0.0563448 0.0500845 0.043612 0.0371229 0.0307862 0.0247577 0.0191889 0.0142277 0.0100059 0.00661401 0.00407177
 0.00887395 0.0144034 0.021643 0.0304837 0.0405571 0.0510844 0.0608632 0.06858 0.0733145 0.0748586 0.0736308 0.0703364 0.0656648 0.0601564 0.0541903 0.0480145 0.0417869 0.0356189 0.0296118 0.0238798 0.0185566 0.0137885 0.00971314 0.00642839 0.00396114
 0.00834719 0.0136005 0.0205415 0.0291177 0.0390307 0.0495767 0.0596146 0.0678422 0.0732643 0.0755142 0.0748263 0.0717811 0.0670569 0.0612858 0.0549832 0.0485136 0.0420952 0.0358412 0.0298182 0.0240965 0.0187773 0.0139927 0.00988256 0.0065544 0.00404544
 0.00848149 0.0137488 0.0206368 0.029058 0.0387121 0.0489443 0.0587075 0.066804 0.0723104 0.0748653 0.0746351 0.0720786 0.0677402 0.0621582 0.0558302 0.0491796 0.0425231 0.0360626 0.0299105 0.024136 0.018812 0.014039 0.00993618 0.00660484 0.00408506
#pred catch len freq
 0.00312091 0.00508536 0.00770924 0.0110486 0.0151499 0.0199981 0.0254574 0.0312651 0.0370872 0.0425873 0.0474757 0.0515451 0.0546983 0.0569504 0.0584019 0.0592044 0.0595343 0.0595589 0.0593566 0.0587882 0.057395 0.0544645 0.0493495 0.0419213 0.0328467
 0.00342307 0.00549278 0.00816988 0.0114684 0.0154266 0.0200704 0.0253381 0.0310326 0.0368389 0.0423866 0.0473276 0.0514156 0.054558 0.0568117 0.0583262 0.059274 0.0598038 0.0600091 0.0598764 0.0592019 0.0575298 0.0542283 0.0487758 0.0411518 0.0320627
 0.00345513 0.005606 0.00844608 0.0120026 0.0162804 0.0212126 0.0266129 0.0321947 0.0376516 0.042726 0.0472233 0.0510054 0.0539997 0.0562208 0.0577681 0.0587915 0.0594354 0.0597747 0.0597463 0.0590829 0.0572947 0.0537791 0.0481013 0.0403384 0.0312504
 0.00359531 0.00580511 0.00870011 0.0123096 0.0166654 0.0217498 0.0274159 0.033358 0.0391634 0.044412 0.0487805 0.0521222 0.0544905 0.0560862 0.0571559 0.0579045 0.0584521 0.0588113 0.0588481 0.0582311 0.0564289 0.0528412 0.0470822 0.0392979 0.0302926
 0.00377057 0.00608802 0.00911969 0.0128856 0.0173995 0.0226191 0.0283781 0.0343738 0.0402247 0.0455448 0.0500018 0.0533731 0.0556054 0.0568406 0.0573701 0.057529 0.0575778 0.0576083 0.0574839 0.0568166 0.0550119 0.0514371 0.045716 0.0380276 0.0291971
 0.00392074 0.00633552 0.00949976 0.0134365 0.0181581 0.023611 0.029602 0.0357881 0.0417461 0.0470659 0.0514217 0.0546205 0.0566338 0.0575964 0.0577671 0.0574635 0.0569807 0.056494 0.0559541 0.0550209 0.0530989 0.0495314 0.0439221 0.0364393 0.027892
 0.00415904 0.00670671 0.0100298 0.014143 0.0190536 0.0247053 0.0308987 0.0372753 0.043384 0.0487793 0.0531016 0.0561401 0.0578737 0.0584647 0.0582014 0.0574168 0.0564133 0.0553867 0.0543374 0.052993 0.0508181 0.0471868 0.0417005 0.0344975 0.0263337
 0.00441986 0.00713309 0.0106756 0.0150594 0.0202784 0.0262471 0.0327222 0.0392974 0.0454891 0.0508421 0.0550059 0.0577836 0.0591654 0.0593246 0.0585633 0.0572323 0.0556523 0.0540403 0.0524309 0.0506066 0.0481024 0.0443549 0.0389932 0.0321306 0.0244495
 0.00454295 0.00736082 0.0110715 0.0157049 0.0212612 0.0276373 0.034544 0.0415077 0.0479717 0.0534212 0.0574745 0.0599415 0.0608529 0.0604388 0.0590527 0.057078 0.0548509 0.0526003 0.0503842 0.048033 0.0451522 0.0412518 0.0360035 0.0295045 0.0223578
 0.00477554 0.00771892 0.0115769 0.0163753 0.0221205 0.0287263 0.0359188 0.0432194 0.0500312 0.0557658 0.0599552 0.0623426 0.0629367 0.0619969 0.0599411 0.0572248 0.0542424 0.051261 0.0483699 0.0454417 0.0421448 0.0380605 0.0329076 0.0267715 0.0201747
 0.00509217 0.00821395 0.0122849 0.0173146 0.023291 0.0301082 0.0374728 0.0448939 0.0517769 0.0575472 0.0617453 0.0640971 0.0645672 0.0633642 0.0608776 0.0575744 0.0538957 0.0501728 0.0465628 0.0430081 0.0392521 0.0349489 0.0298631 0.0240682 0.0180069
 0.00535158 0.00863109 0.0129044 0.0181754 0.0244198 0.0315082 0.0391107 0.0466936 0.0536293 0.0593342 0.063368 0.0654934 0.0657098 0.0642366 0.0614437 0.0577605 0.0535999 0.0492981 0.0450585 0.0409035 0.0366744 0.0321173 0.0270533 0.02155 0.0159749
 0.00554759 0.00895914 0.0134164 0.018928 0.0254654 0.0328787 0.0407978 0.0486353 0.0557102 0.061401 0.0652551 0.0670549 0.066847 0.0649109 0.0616644 0.0575523 0.0529698 0.0482235 0.0435073 0.0388777 0.0342527 0.0294717 0.0244245 0.0191867 0.0140622
 0.00575434 0.009293 0.0139165 0.0196344 0.0264172 0.0341085 0.0423192 0.0504268 0.0577026 0.0634738 0.0672466 0.0687874 0.0681617 0.0657001 0.061887 0.0572262 0.0521448 0.0469509 0.0418265 0.0368302 0.0319156 0.0269851 0.0219858 0.0170059 0.0123
 0.00604809 0.00975299 0.0145769 0.0205174 0.0275329 0.0354531 0.0438705 0.052139 0.0595056 0.065277 0.0689445 0.0702647 0.0693019 0.0664002 0.0620752 0.0568754 0.0512729 0.0456099 0.0400863 0.0347726 0.0296431 0.024635 0.0197282 0.0150139 0.0107029
 0.00621668 0.0100449 0.0150489 0.0212327 0.028547 0.0367903 0.0455023 0.0539779 0.0614199 0.0671205 0.0705835 0.0715941 0.0702481 0.0669157 0.0621328 0.0564649 0.0504035 0.0443138 0.0384209 0.0328214 0.0275172 0.0224725 0.0176843 0.013235 0.00929101
 0.00629166 0.0101691 0.015243 0.0215254 0.0289778 0.0374103 0.0463639 0.0551143 0.0628185 0.0687032 0.0722113 0.0730967 0.0714672 0.0677394 0.0625055 0.0563768 0.0498737 0.0433786 0.0371333 0.0312564 0.0257771 0.0206855 0.0159912 0.0117634 0.00812659
 0.0064019 0.010333 0.015462 0.0217932 0.0292862 0.0377581 0.0467638 0.0555946 0.0634161 0.0694487 0.0731073 0.0741004 0.0724857 0.0686463 0.0631728 0.0567067 0.0498156 0.0429292 0.036328 0.0301617 0.0244874 0.0193176 0.0146716 0.0106057 0.00720641
 0.00652443 0.0105158 0.0157064 0.0220889 0.0296136 0.0380932 0.0470844 0.0558859 0.063678 0.0697007 0.0733864 0.0744465 0.0729197 0.0691494 0.0636805 0.0571224 0.0500384 0.0428835 0.0359828 0.0295365 0.0236469 0.0183598 0.0137083 0.00973947 0.00650789
 0.00664996 0.0106999 0.015946 0.0223678 0.0299062 0.0383714 0.047324 0.05607 0.0637993 0.0697647 0.0734136 0.0744716 0.0729834 0.0692838 0.0638918 0.0573794 0.0502748 0.0430163 0.0359401 0.0292825 0.0231949 0.0177687 0.0130648 0.00913202 0.00600294
 0.00680845 0.0109276 0.0162331 0.0226852 0.0302132 0.0386281 0.0475019 0.0561567 0.063798 0.0696911 0.0732933 0.0743364 0.0728676 0.0692186 0.063898 0.0574587 0.0504028 0.0431433 0.036003 0.0292275 0.0229986 0.0174483 0.0126721 0.00873319 0.00565527
 0.00687346 0.0110272 0.0163704 0.0228558 0.0304026 0.0388103 0.0476411 0.0562157 0.0637521 0.0695417 0.0730718 0.0740948 0.0726607 0.0690884 0.0638656 0.0575238 0.0505451 0.043325 0.0361741 0.0293368 0.0230098 0.0173538 0.0124951 0.00851765 0.00544704
