SBPRF35
10.6378
Curr Bio
588279
B35
750157
F35
0.18262
FOFL
0.139061
OFL
65665.2
Bzero
3.03936e+006
#pred survey bio
 3.06651e+006 2.85728e+006 2.61651e+006 2.38734e+006 2.13186e+006 1.89037e+006 1.66802e+006 1.48302e+006 1.31329e+006 1.17468e+006 1.04367e+006 948042 853118 777884 719853 688294 658647 630997 596806 578840 572823 558684 558770 558386 556243 546741 547035 539269 540985 533272 527604 511086 493910 498534 507461 509303 514482 521361 532306 537590 547176 555410 560090 567108 572676 582032 590982 608887 579726 582555 593382 2.04671e+007 1.25466e+007 1.30856e+007 1.41729e+007 1.5593e+007 1.70949e+007 1.8503e+007 1.97254e+007 2.07328e+007 2.15339e+007 2.21551e+007 2.26286e+007 2.29854e+007 2.32525e+007 2.34516e+007 2.36001e+007 2.37108e+007 2.37937e+007 2.38559e+007 2.39029e+007 2.39385e+007 2.39657e+007 2.39865e+007 2.40026e+007 2.4015e+007 2.40247e+007 2.40322e+007 2.40381e+007 2.40427e+007 2.40464e+007 2.40493e+007 2.40516e+007 2.40534e+007 2.40548e+007 2.4056e+007 2.40569e+007 2.40576e+007 2.40582e+007 2.40587e+007 2.4059e+007 2.40593e+007 2.40596e+007 2.40598e+007 2.40599e+007 2.40601e+007 2.40602e+007 2.40602e+007 2.40603e+007 2.40604e+007 2.40604e+007 2.40604e+007 2.40605e+007 2.40605e+007 2.40605e+007 2.40605e+007 2.40605e+007 2.40605e+007 2.40605e+007 2.40605e+007 2.40605e+007 2.40606e+007 2.40606e+007 2.40606e+007 2.40606e+007 2.40606e+007 2.40606e+007 2.40606e+007 2.40606e+007 2.40606e+007 2.40606e+007 2.40606e+007 2.40606e+007 2.40606e+007 2.40606e+007 2.40606e+007 2.40606e+007 2.40606e+007 2.40606e+007 2.40606e+007 2.40606e+007 2.40606e+007 2.40606e+007 2.40606e+007 2.40606e+007 2.40606e+007 2.40606e+007 2.40606e+007 2.40606e+007 2.40606e+007 2.40606e+007 2.40606e+007 2.40606e+007 2.40606e+007 2.40606e+007 2.40606e+007 2.40606e+007 2.40606e+007 2.40606e+007 2.40606e+007 2.40606e+007 0 0 0 0 0 0 0 0 0 0 0 0 0 0 0 0 0 0 0 0 0 0 0 0 0
#obs survey bio
 2.15567e+006 2.08131e+006 2.21107e+006 2.59703e+006 1.57229e+006 1.83253e+006 1.99004e+006 1.04191e+006 1.53168e+006 867370 1.32964e+006 821765 1.0336e+006 528612 652965 565984 553981 577465 700993 520992 442361 658664 468679 390685 515616 590714 609158 446240 427830 471030 613096 466876 432337 547923 486425 370222 538754 767288 566302 615679 467493 540900 510730 511580 661430 570447 659588 675654 644270 557104 430021
#pred catch bio
 225285 263649 265559 303785 305261 300469 277330 271433 248801 244040 212983 210285 189621 171078 145374 140900 135569 136353 118264 106089 111848 99524 100631 102184 106816 96197.5 100493 90069.8 95685.7 90832.3 96396.9 94788.4 78469.1 79460 88374 86339 84763.1 81104.5 85990.7 83121.5 85886.9 90454.1 89654.1 91781.5 89424.1 90656 84478 124657 97621.2 91645.5 104837 65665.2 86310.5 88928.4 95083.7 104160 114069 123342 131276 137676 142625 146336 149054 151009 152395 153366 154041 154507 154827 155045 155193 155294 155362 155408 155439 155460 155474 155483 155490 155494 155497 155499 155500 155501 155501 155502 155502 155502 155502 155502 155502 155502 155502 155502 155502 155502 155502 155502 155502 155502 155502 155502 155502 155502 155502 155502 155502 155502 155502 155502 155502 155502 155502 155502 155502 155502 155502 155502 155502 155502 155502 155502 155502 155502 155502 155502 155502 155502 155502 155502 155502 155502 155502 155502 155502 155502 155502 155502 155502 155502 155502 155502 155502 155502 155502 155502 155502 155502 155502 155502 155502 0 0 0 0 0 0 0 0 0 0 0 0 0 0 0 0 0 0 0 0 0 0 0 0 0
#obs catch bio
 257426 264979 267276 306894 309740 305316 281730 277222 253671 250264 216580 214474 191708 174284 147421 143140 137872 138798 119114 106619 112814 100230 101888 104127 108951 97414 101287 90802.4 96426 91643.6 96894.6 95385.6 78479.9 79368 88531.1 86539.4 84555.9 80508.9 85271.2 82392.2 85272.6 90217.7 89617.3 91572 89072.4 90574.2 83578.5 124311 97154.3 91128.7 104956
#pred cpue bio
 3.01147e+006 2.80413e+006 2.56605e+006 2.33815e+006 2.08387e+006 1.84383e+006 1.62313e+006 1.43954e+006 1.27139e+006 1.13429e+006 1.00519e+006 911106 818168 744676 688136 657560 629011 602523 569842 552802 547059 533217 533099 532553 530528 521733 522608 515599 517684 510610 505664 490187 473192 476424 484054 485682 491049 498180 509134 514313 523423 531107 535405 542155 547588 556691 565424 582784 554083 556291 567132 1.96079e+007 1.20494e+007 1.24654e+007 1.33875e+007 1.47375e+007 1.62195e+007 1.76228e+007 1.88441e+007 1.98514e+007 2.06524e+007 2.12736e+007 2.17471e+007 2.21039e+007 2.2371e+007 2.25701e+007 2.27186e+007 2.28293e+007 2.29122e+007 2.29744e+007 2.30214e+007 2.3057e+007 2.30842e+007 2.3105e+007 2.31211e+007 2.31335e+007 2.31432e+007 2.31507e+007 2.31566e+007 2.31612e+007 2.31649e+007 2.31678e+007 2.317e+007 2.31719e+007 2.31733e+007 2.31745e+007 2.31754e+007 2.31761e+007 2.31767e+007 2.31772e+007 2.31775e+007 2.31778e+007 2.31781e+007 2.31783e+007 2.31784e+007 2.31786e+007 2.31787e+007 2.31787e+007 2.31788e+007 2.31788e+007 2.31789e+007 2.31789e+007 2.3179e+007 2.3179e+007 2.3179e+007 2.3179e+007 2.3179e+007 2.3179e+007 2.3179e+007 2.3179e+007 2.3179e+007 2.3179e+007 2.3179e+007 2.31791e+007 2.31791e+007 2.31791e+007 2.31791e+007 2.31791e+007 2.31791e+007 2.31791e+007 2.31791e+007 2.31791e+007 2.31791e+007 2.31791e+007 2.31791e+007 2.31791e+007 2.31791e+007 2.31791e+007 2.31791e+007 2.31791e+007 2.31791e+007 2.31791e+007 2.31791e+007 2.31791e+007 2.31791e+007 2.31791e+007 2.31791e+007 2.31791e+007 2.31791e+007 2.31791e+007 2.31791e+007 2.31791e+007 2.31791e+007 2.31791e+007 2.31791e+007 2.31791e+007 2.31791e+007 2.31791e+007 2.31791e+007 2.31791e+007 2.31791e+007 0 0 0 0 0 0 0 0 0 0 0 0 0 0 0 0 0 0 0 0 0 0 0 0 0
#obs cpue bio
 2.91562e+006 2.73886e+006 1.78403e+006 1.90324e+006 1.61222e+006 1.57324e+006 1.06446e+006 1.26527e+006 881474 944218 841978 804008 846935 565280 646985 608523 535506 557420 664224 567184 598644 358938 392576 381626 479908 486933 687123 422540 728901 403516 600203 485769 642137 511085 457990 583138 704354 516803 641167 494056 605934 417989 480528 757200 546743 496662 933037 475603 450285 683863 588887
#pred surv len freq
 0.005751 0.0092863 0.0138772 0.0194615 0.025868 0.0327365 0.0394844 0.0454405 0.0500944 0.0532704 0.0551037 0.0558902 0.0559438 0.0555232 0.0548051 0.0538812 0.0527705 0.0514368 0.0497871 0.047645 0.0447331 0.040731 0.0354451 0.0290179 0.0220162
 0.00595157 0.00954212 0.0141388 0.0196567 0.0259434 0.0327109 0.0394759 0.0456329 0.0506486 0.0542279 0.0563457 0.0571774 0.0570133 0.0561861 0.0550007 0.0536724 0.0522934 0.0508307 0.0491364 0.0469581 0.0439684 0.0398527 0.0344722 0.0280332 0.0211305
 0.0063951 0.0102233 0.0150846 0.0208528 0.0273252 0.0341614 0.0408401 0.046759 0.0514496 0.0547273 0.0566627 0.0574471 0.0572924 0.0564133 0.055037 0.0533884 0.0516397 0.0498511 0.0479284 0.045619 0.042565 0.0384313 0.0330873 0.026762 0.0200573
 0.00668226 0.0107071 0.0158426 0.0219628 0.0288415 0.0360792 0.0430614 0.0490861 0.0536208 0.0564889 0.0578461 0.0580153 0.0573302 0.0560627 0.0544158 0.05254 0.0505447 0.04848 0.0462908 0.0437773 0.0406184 0.0364928 0.0312704 0.0251711 0.0187717
 0.00699115 0.0112011 0.0165729 0.0229772 0.0301825 0.0377755 0.0451108 0.0514317 0.0561338 0.0589668 0.0600381 0.0596748 0.0582811 0.056247 0.0538947 0.0514454 0.0490133 0.0466126 0.044156 0.0414436 0.0381836 0.0340895 0.0290476 0.0232632 0.017266
 0.00730194 0.0116973 0.0173033 0.0239819 0.0314874 0.0393843 0.046995 0.0535286 0.0583524 0.0611971 0.062152 0.0615208 0.0596883 0.0570523 0.0539858 0.0507966 0.0476873 0.0447312 0.0418618 0.0388806 0.0355005 0.0314488 0.0266189 0.0211949 0.0156508
 0.00766238 0.0122632 0.0181176 0.0250724 0.0328635 0.0410323 0.0488715 0.0555569 0.0604311 0.0632164 0.0640085 0.0631215 0.0609437 0.0578671 0.054261 0.0504481 0.0466755 0.0430833 0.039675 0.0363082 0.0327324 0.0286933 0.0240793 0.0190389 0.0139769
 0.00794968 0.0127268 0.0188086 0.0260347 0.0341243 0.0425882 0.0506748 0.0575141 0.0624183 0.0651067 0.0656944 0.0645237 0.0620055 0.0585424 0.0545022 0.0502017 0.0458917 0.0417385 0.0377987 0.0339998 0.0301598 0.0260705 0.0216289 0.0169458 0.0123503
 0.00822062 0.013162 0.019454 0.0269303 0.0352979 0.0440443 0.0523817 0.0593961 0.064362 0.0669788 0.0673647 0.0658837 0.0629801 0.0590905 0.0546071 0.0498558 0.0450863 0.0404669 0.0360756 0.0318874 0.0277855 0.0236206 0.0193152 0.0149551 0.0107975
 0.00841491 0.0134778 0.0199295 0.0276019 0.0361942 0.0451767 0.0537335 0.0609169 0.0659719 0.0685801 0.0688541 0.0671627 0.0639627 0.0597111 0.0548245 0.0496516 0.0444579 0.0394222 0.0346371 0.0301079 0.0257657 0.021513 0.0173024 0.0132063 0.00942328
 0.0086488 0.0138489 0.020471 0.028339 0.0371403 0.0463274 0.0550589 0.0623584 0.0674478 0.0699987 0.0701269 0.0682131 0.0647295 0.0601494 0.0549053 0.0493611 0.0437957 0.0384007 0.033284 0.0284755 0.0239423 0.019627 0.0155074 0.0116468 0.00819607
 0.00874889 0.0140178 0.0207371 0.0287327 0.037689 0.0470458 0.0559394 0.0633677 0.0685318 0.0710924 0.0711642 0.0691318 0.0654737 0.0606705 0.0551635 0.049327 0.0434515 0.0377429 0.0323276 0.0272613 0.0225439 0.018152 0.0140844 0.0103979 0.00720521
 0.00893622 0.0143096 0.0211526 0.0292825 0.0383743 0.0478577 0.0568563 0.0643519 0.0695309 0.0720449 0.0720088 0.0698153 0.0659568 0.0609289 0.0551852 0.0491076 0.042991 0.0370456 0.0314078 0.026151 0.0213017 0.0168644 0.0128552 0.00932597 0.00635773
 0.00907213 0.0145269 0.0214725 0.0297213 0.0389393 0.0485421 0.057634 0.0651782 0.0703504 0.0728043 0.0726646 0.0703364 0.066321 0.06112 0.0551921 0.0489243 0.0426164 0.0364838 0.0306706 0.0252638 0.0203102 0.0158364 0.011873 0.00846812 0.00567842
 0.00916025 0.014666 0.0216745 0.0299953 0.0392911 0.048973 0.0581377 0.0657381 0.0709389 0.0733854 0.0731995 0.070789 0.0666628 0.0613315 0.0552617 0.0488452 0.0423854 0.0361013 0.0301439 0.0246117 0.0195679 0.0150572 0.0111219 0.00780789 0.00515294
 0.00915846 0.014658 0.0216538 0.0299546 0.0392268 0.0488911 0.0580584 0.0656943 0.070968 0.0735175 0.0734464 0.0711394 0.0670835 0.061775 0.0556753 0.0491803 0.0426031 0.0361759 0.0300642 0.0243837 0.0192166 0.0146257 0.0106658 0.00738285 0.00480131
 0.00910231 0.0145826 0.0215689 0.0298778 0.039177 0.0488789 0.0580808 0.0657374 0.0710182 0.0735723 0.0735187 0.0712509 0.0672517 0.0620016 0.0559417 0.0494511 0.0428355 0.0363296 0.0301106 0.0243114 0.0190347 0.014363 0.0103645 0.00708851 0.00455037
 0.00899534 0.0144238 0.0213589 0.0296292 0.0389133 0.0486314 0.057883 0.0656187 0.0709954 0.0736441 0.0736671 0.0714508 0.0674828 0.0622539 0.056211 0.0497298 0.0431053 0.0365625 0.0302759 0.0243867 0.0190136 0.0142588 0.0102065 0.00691292 0.00438936
 0.00913463 0.0146133 0.0215762 0.0298318 0.039052 0.0486712 0.0578195 0.0654798 0.0708279 0.073494 0.0735638 0.0714021 0.0674795 0.0622799 0.0562529 0.0497802 0.0431595 0.036613 0.0303094 0.0243869 0.0189689 0.0141692 0.0100849 0.00678084 0.00426833
 0.00934422 0.0149143 0.0219542 0.0302441 0.0394352 0.0489559 0.057947 0.0654163 0.0705756 0.0730958 0.073096 0.0709528 0.0671214 0.0620506 0.056152 0.0497811 0.0432258 0.0367098 0.0304077 0.0244643 0.0190103 0.0141691 0.0100489 0.00672271 0.00420489
 0.00942182 0.0150416 0.0221462 0.0305109 0.0397736 0.0493403 0.0583237 0.0657106 0.0707129 0.0730296 0.0728281 0.0705353 0.06664 0.0615963 0.0557948 0.0495543 0.0431256 0.0367062 0.0304605 0.0245354 0.0190713 0.0142042 0.0100548 0.00670576 0.00417629
 0.00957539 0.0152775 0.0224756 0.0309352 0.0402849 0.049921 0.0589439 0.0663233 0.0712531 0.0734213 0.0730012 0.0704474 0.0662942 0.0610465 0.0551315 0.048878 0.0425185 0.036215 0.0300945 0.0242775 0.0188929 0.0140778 0.00996053 0.00663286 0.00412035
 0.00960178 0.0153192 0.0225364 0.0310184 0.0403935 0.0500576 0.0591108 0.0665209 0.071478 0.0736622 0.0732351 0.0706385 0.0664005 0.061034 0.0549905 0.0486311 0.0422142 0.0359096 0.0298323 0.0240795 0.0187575 0.0139902 0.00990345 0.00659335 0.00409139
 0.00943976 0.015097 0.0222778 0.0307709 0.0402144 0.0499928 0.0591772 0.0667043 0.0717438 0.0739717 0.0735552 0.0709432 0.0666662 0.0612363 0.0551068 0.0486487 0.0421388 0.0357671 0.0296606 0.0239147 0.018623 0.0138931 0.00983898 0.00655226 0.00406528
 0.00918492 0.0147157 0.0217674 0.030156 0.0395465 0.0493451 0.058636 0.0663539 0.0716454 0.0741412 0.0739566 0.0715011 0.0672921 0.0618519 0.055655 0.0490946 0.0424673 0.0359808 0.029778 0.0239643 0.0186345 0.0138893 0.00983257 0.00654755 0.00406229
 0.00908046 0.0145408 0.0214964 0.0297652 0.0390246 0.0487066 0.0579323 0.0656725 0.0710917 0.07381 0.0739039 0.0717297 0.0677537 0.0624635 0.0563228 0.0497357 0.043023 0.0364211 0.030098 0.0241779 0.018766 0.013965 0.00987437 0.00657029 0.00407456
 0.00899277 0.014391 0.0212573 0.0294069 0.038521 0.0480464 0.0571323 0.0647851 0.0702036 0.07303 0.0733427 0.0714755 0.0678494 0.0628932 0.0570155 0.0505845 0.0439134 0.037256 0.0308132 0.0247451 0.0191861 0.0142575 0.0100668 0.00669004 0.00414488
 0.00898227 0.0143737 0.0212296 0.0293624 0.0384473 0.0479238 0.0569342 0.0644857 0.0697897 0.0725151 0.0727753 0.0709349 0.0674287 0.0626737 0.0570417 0.0508499 0.0443633 0.0378059 0.0313752 0.0252495 0.0195934 0.0145575 0.0102702 0.00681779 0.00421935
 0.00885264 0.0141752 0.0209541 0.0290113 0.038032 0.0474642 0.0564572 0.064021 0.0693636 0.0721445 0.0724676 0.0706959 0.0672735 0.0626311 0.0571469 0.0511274 0.0448093 0.0383816 0.0320135 0.0258751 0.0201435 0.0149954 0.0105878 0.00702834 0.00434725
 0.00864829 0.0138787 0.020574 0.028578 0.0375888 0.0470522 0.0561042 0.0637388 0.0691523 0.071998 0.0723768 0.070651 0.0672671 0.0626637 0.0572307 0.0512845 0.0450613 0.0387345 0.0324483 0.0263487 0.0206022 0.0153926 0.0108966 0.00724463 0.00448407
 0.00854791 0.0136999 0.0202783 0.0281264 0.0369582 0.0462582 0.0552152 0.0628682 0.068425 0.0715082 0.072161 0.0706885 0.0675022 0.0630324 0.0576801 0.0517814 0.0455904 0.0392902 0.0330221 0.0269204 0.0211397 0.0158608 0.0112697 0.00751472 0.00466085
 0.00926563 0.0147095 0.0215055 0.0293993 0.038051 0.0469644 0.0554123 0.0625443 0.0676665 0.0704657 0.0710092 0.0695868 0.0665628 0.0623069 0.0571677 0.0514516 0.0454072 0.039225 0.0330542 0.0270302 0.021302 0.0160447 0.0114446 0.00765847 0.00476424
 0.0100769 0.0159668 0.023274 0.0316753 0.0407372 0.0498487 0.0581658 0.0647668 0.0689913 0.0706829 0.0701383 0.0678562 0.0643144 0.0598839 0.0548362 0.0493732 0.0436518 0.0378027 0.031945 0.0262019 0.0207165 0.0156581 0.0112094 0.00752794 0.00469865
 0.0099739 0.0159024 0.0233671 0.0320983 0.041668 0.0513933 0.0602857 0.0672522 0.0714956 0.0728059 0.0715287 0.0683027 0.0637982 0.0585716 0.0530147 0.0473562 0.0416995 0.0360819 0.0305321 0.025108 0.0199151 0.0151045 0.0108513 0.00731309 0.00457997
 0.0095521 0.0152826 0.0225634 0.0311842 0.0407787 0.0507155 0.0600317 0.0676118 0.072565 0.0745198 0.0736387 0.0704305 0.0655497 0.0596599 0.053338 0.047001 0.0408792 0.0350483 0.0294987 0.0242124 0.0192172 0.0146073 0.0105255 0.00711683 0.00447178
 0.0093231 0.0149144 0.0220195 0.0304415 0.0398423 0.0496392 0.0589361 0.066682 0.0720186 0.0745462 0.0743306 0.0717338 0.0672561 0.0614551 0.0548942 0.0480784 0.0413909 0.0350603 0.0291751 0.0237394 0.0187432 0.0142177 0.010248 0.00694159 0.00437279
 0.00917516 0.0146744 0.0216591 0.0299337 0.039167 0.0487921 0.0579424 0.0656095 0.0709826 0.0737024 0.0738491 0.0717567 0.0678451 0.0625512 0.0563151 0.0495648 0.0426887 0.0360006 0.0297141 0.0239421 0.0187309 0.0141101 0.0101283 0.00684925 0.00431563
 0.00918006 0.014659 0.0215923 0.0297716 0.0388623 0.0483107 0.0572785 0.0647925 0.070074 0.0727888 0.0730369 0.0711652 0.0675901 0.0627145 0.0569067 0.0505004 0.0438013 0.0370908 0.030616 0.0245722 0.0190955 0.0142754 0.0101768 0.00684714 0.00430126
 0.00925235 0.0147568 0.0217017 0.0298635 0.0388955 0.0482393 0.0570615 0.0644037 0.0695119 0.0720845 0.072256 0.0704019 0.0669539 0.0623114 0.0568165 0.0507514 0.0443524 0.0378333 0.0314045 0.0252722 0.0196247 0.0146175 0.0103649 0.00693417 0.00433448
 0.00938649 0.0149625 0.0219868 0.0302237 0.0393112 0.048673 0.0574567 0.0646895 0.0696168 0.0719557 0.0718781 0.0698064 0.0662168 0.061541 0.0561324 0.0502582 0.0441129 0.0378499 0.0316188 0.0255876 0.0199428 0.0148707 0.0105296 0.00702145 0.00437088
 0.00946237 0.0150809 0.022156 0.0304475 0.0395881 0.0489944 0.0578035 0.0650301 0.0699072 0.072145 0.0719182 0.0696642 0.0658876 0.0610568 0.0555614 0.0496926 0.0436453 0.0375467 0.0315002 0.0256241 0.0200722 0.0150255 0.0106612 0.00710988 0.00441896
 0.00941245 0.0150228 0.0221108 0.0304486 0.0396717 0.0491844 0.0580995 0.0654042 0.0703121 0.0725257 0.0722221 0.0698466 0.0659163 0.0609185 0.0552695 0.0492911 0.0432032 0.0371411 0.0311927 0.0254428 0.0200064 0.0150379 0.010708 0.00715822 0.00445333
 0.00934083 0.0149178 0.0219751 0.0302956 0.0395256 0.0490787 0.0580719 0.0654879 0.0705228 0.0728508 0.0726177 0.0702473 0.0662528 0.0611347 0.0553347 0.0492055 0.0429974 0.036869 0.030917 0.0252159 0.019856 0.014963 0.0106876 0.0071659 0.00446851
 0.00929463 0.01484 0.0218537 0.0301198 0.0392907 0.0487935 0.0577643 0.0652047 0.0703206 0.0727797 0.0727053 0.0704875 0.0666048 0.0615336 0.0557087 0.0494954 0.0431721 0.0369305 0.0308951 0.0251539 0.0197937 0.0149238 0.0106763 0.00717385 0.00448388
 0.0092895 0.0148292 0.0218327 0.0300814 0.0392262 0.0486933 0.0576221 0.0650217 0.0701106 0.0725717 0.0725398 0.0704061 0.0666355 0.0616777 0.0559377 0.0497593 0.0434162 0.0371141 0.0310029 0.0251959 0.0197951 0.0149111 0.0106668 0.00717327 0.00448986
 0.00923564 0.0147483 0.0217231 0.029946 0.0390705 0.048524 0.0574452 0.0648426 0.0699349 0.0724071 0.0723986 0.0703068 0.0666007 0.0617277 0.0560802 0.049982 0.0436866 0.0373888 0.031243 0.0253789 0.0199186 0.0149873 0.0107124 0.00720193 0.00450928
 0.00930352 0.0148357 0.0218125 0.0300078 0.0390722 0.048444 0.0572838 0.0646219 0.0696895 0.07217 0.0721927 0.0701443 0.0664884 0.0616723 0.0560894 0.0500596 0.0438265 0.0375716 0.0314396 0.0255602 0.0200646 0.0150919 0.0107805 0.00724359 0.00453398
 0.00935125 0.0149034 0.0218951 0.0300917 0.0391357 0.0484605 0.0572268 0.0644736 0.0694495 0.0718616 0.0718597 0.0698389 0.0662549 0.061536 0.0560558 0.05012 0.043964 0.0377643 0.0316612 0.0257827 0.0202637 0.0152517 0.0108966 0.00732045 0.00458084
 0.00960977 0.0153302 0.0225467 0.0310161 0.0403528 0.0499338 0.0588422 0.0660444 0.0707565 0.0727134 0.0721448 0.069548 0.0654704 0.0604004 0.0547322 0.0487586 0.0426807 0.0366335 0.0307189 0.0250348 0.0196954 0.0148378 0.010608 0.00712909 0.00446153
 0.00908755 0.014593 0.0216465 0.0300782 0.0395485 0.049432 0.0587621 0.0664274 0.0715581 0.07381 0.0733568 0.0706795 0.0663587 0.0609546 0.0549461 0.0486947 0.0424373 0.0363105 0.0303945 0.0247561 0.0194811 0.0146864 0.0105082 0.00706706 0.00442494
 0.00828937 0.0133802 0.0199853 0.028009 0.037194 0.0469953 0.056517 0.0646845 0.0705952 0.0737877 0.0742606 0.0723239 0.0684479 0.0631689 0.0570184 0.050456 0.0438247 0.0373451 0.0311428 0.0252944 0.0198718 0.0149715 0.0107129 0.00720785 0.00451553
#obs surv len freq
 0.00496728 0.00813593 0.0123746 0.017697 0.0239775 0.0308519 0.0376962 0.0437872 0.0485733 0.0518502 0.0537335 0.0545074 0.054493 0.0539901 0.0532613 0.0525208 0.0519129 0.0514711 0.0510562 0.0502988 0.0486166 0.0453791 0.0402094 0.0332765 0.0253622
 0.00518102 0.00848561 0.0129049 0.0184506 0.0249871 0.0321267 0.0392094 0.0454723 0.0503342 0.0535796 0.0553279 0.0558731 0.0555456 0.054654 0.0534736 0.0522382 0.0511202 0.0501889 0.0493455 0.0482635 0.0464001 0.0431528 0.0381486 0.0315272 0.0240095
 0.00541117 0.00886228 0.0134766 0.0192643 0.0260794 0.0335103 0.0408577 0.0473145 0.0522641 0.0554763 0.0570752 0.0573704 0.0567107 0.0554197 0.0537833 0.0520446 0.0503899 0.0489143 0.0475606 0.0460578 0.0439245 0.0406076 0.035752 0.0294682 0.0224045
 0.00564564 0.00924796 0.0140654 0.0201077 0.0272186 0.0349603 0.0425918 0.0492581 0.0543052 0.057487 0.0589319 0.0589659 0.0579578 0.0562504 0.0541445 0.0518937 0.0496933 0.0476543 0.0457528 0.043773 0.0413053 0.0378641 0.0331283 0.0271869 0.02061
 0.00588373 0.00963789 0.0146579 0.0209522 0.0283549 0.0364041 0.0443193 0.0511994 0.0563535 0.0595171 0.0608195 0.0606006 0.059248 0.0571245 0.0545479 0.0517844 0.0490391 0.0464357 0.0439773 0.0414984 0.0386617 0.0350575 0.0304111 0.024799 0.0187154
 0.00612804 0.0100377 0.0152646 0.0218153 0.0295127 0.0378686 0.0460612 0.0531431 0.0583876 0.0615161 0.062664 0.0621875 0.0604938 0.0579634 0.054929 0.0516682 0.0483948 0.0452439 0.0422418 0.0392687 0.0360566 0.0322725 0.0276941 0.0223933 0.0167933
 0.00638944 0.0104641 0.0159089 0.0227273 0.0307291 0.0393978 0.0478671 0.0551401 0.0604533 0.063515 0.0644707 0.0637003 0.0616372 0.0586852 0.0551945 0.0514527 0.0476789 0.044015 0.0405052 0.0370692 0.0335023 0.0295454 0.0250294 0.0200265 0.0148952
 0.00660778 0.0108281 0.0164731 0.0235481 0.0318522 0.04084 0.0495976 0.057075 0.0624681 0.0654706 0.0662372 0.0651711 0.0627344 0.0593578 0.0554134 0.0512036 0.0469549 0.0428151 0.0388416 0.0349861 0.0310986 0.0269861 0.0225292 0.0178027 0.0131076
 0.00684201 0.0112079 0.0170434 0.0243507 0.0329194 0.0421831 0.0511933 0.0588582 0.0643374 0.0673039 0.0679098 0.066572 0.0637761 0.0599816 0.0555884 0.0509202 0.0462167 0.041634 0.0372412 0.0330157 0.0288523 0.0246133 0.020222 0.0157551 0.0114625
 0.00705461 0.0115582 0.0175786 0.0251167 0.03395 0.0434845 0.0527298 0.0605491 0.0660719 0.0689642 0.0693915 0.067791 0.0646684 0.0605008 0.0557042 0.0506185 0.0454979 0.0405113 0.0357432 0.0311952 0.0267997 0.022464 0.0181454 0.0139198 0.00999152
 0.0072622 0.0118991 0.0180979 0.025858 0.0349465 0.0447439 0.0542197 0.0621917 0.0677543 0.0705606 0.070786 0.0688935 0.0654199 0.0608715 0.0556863 0.0502176 0.0447273 0.0393908 0.0343038 0.0294889 0.0249108 0.0205139 0.0162814 0.0122855 0.00868903
 0.00743426 0.0121803 0.018524 0.0264634 0.0357579 0.0457702 0.0554405 0.0635527 0.0691726 0.0719385 0.0720256 0.0699082 0.0661423 0.0612575 0.0557164 0.049893 0.0440636 0.0384134 0.0330481 0.0280068 0.0232793 0.0188393 0.0146895 0.0108964 0.00758626
 0.00750509 0.0123015 0.0187182 0.0267565 0.0361753 0.0463299 0.0561454 0.0643862 0.0700998 0.072911 0.0729857 0.0707928 0.0668866 0.0618007 0.0560087 0.0499007 0.0437728 0.0378293 0.0321952 0.0269306 0.0220494 0.0175495 0.0134479 0.00980505 0.00671624
 0.00759896 0.0124446 0.0189163 0.0270105 0.0364837 0.0466917 0.056562 0.0648593 0.0706274 0.0734836 0.0735841 0.0713873 0.0674383 0.0622643 0.0563362 0.050047 0.0437021 0.0375221 0.0316534 0.0261815 0.0211478 0.0165745 0.0124923 0.00895605 0.00603516
 0.00763518 0.0125038 0.0190056 0.0271359 0.0366479 0.046892 0.0567894 0.0651018 0.0708763 0.0737392 0.0738561 0.071687 0.0677677 0.0626082 0.0566603 0.050304 0.043841 0.0374992 0.031443 0.0257844 0.0205954 0.015926 0.0118239 0.0083433 0.00553357
 0.00770818 0.0126085 0.0191376 0.027283 0.0367944 0.0470257 0.0569062 0.0652049 0.0709731 0.0738366 0.0739598 0.0718029 0.0679025 0.0627661 0.0568368 0.05048 0.0439823 0.0375636 0.0313922 0.0255972 0.0202775 0.0155122 0.0113698 0.00790978 0.00516911
 0.00777512 0.0127128 0.0192855 0.027475 0.0370229 0.0472733 0.0571453 0.0654036 0.0711049 0.0738918 0.0739488 0.0717517 0.0678415 0.0627202 0.0568194 0.0504909 0.0440072 0.0375757 0.0313586 0.0254897 0.0200846 0.0152456 0.011063 0.00760604 0.00490681
 0.00780263 0.0127594 0.0193589 0.0275831 0.0371715 0.0474619 0.057364 0.0656317 0.0713142 0.0740533 0.0740417 0.0717694 0.0677946 0.0626319 0.0567177 0.0503984 0.0439339 0.0375164 0.0312956 0.0254007 0.0199528 0.0150693 0.0108572 0.00739737 0.00472233
 0.00784743 0.0128247 0.0194432 0.0276812 0.0372767 0.0475698 0.0574743 0.0657468 0.0714349 0.0741746 0.074151 0.0718497 0.0678307 0.0626177 0.0566589 0.0503105 0.0438351 0.0374196 0.0312031 0.0253051 0.0198436 0.0149408 0.0107139 0.00725315 0.00459373
 0.00786975 0.0128616 0.0194996 0.0277607 0.0373797 0.0476911 0.0576023 0.0658658 0.0715314 0.0742424 0.0741929 0.0718726 0.0678394 0.0626113 0.0566329 0.0502619 0.0437663 0.0373373 0.0311145 0.0252136 0.0197483 0.01484 0.0106094 0.00715146 0.00450399
 0.00788293 0.0128781 0.0195157 0.0277706 0.0373784 0.0476777 0.0575817 0.0658478 0.0715257 0.0742542 0.0742215 0.0719135 0.0678875 0.0626618 0.056681 0.0503019 0.0437925 0.037346 0.0311051 0.0251877 0.0197084 0.0147889 0.010551 0.00709147 0.00444904
 0.00789517 0.0128941 0.0195323 0.0277821 0.0373774 0.0476572 0.057538 0.0657824 0.0714467 0.0741755 0.0741591 0.0718811 0.0678913 0.0626998 0.0567443 0.0503784 0.0438697 0.0374134 0.0311556 0.0252177 0.0197178 0.0147803 0.0105291 0.00706237 0.00441898
 0.00788606 0.0128794 0.0195104 0.0277512 0.0373357 0.0476032 0.0574709 0.0657032 0.0713588 0.0740859 0.0740783 0.0718216 0.067865 0.0627141 0.0567993 0.0504663 0.0439774 0.0375256 0.0312584 0.0253013 0.0197772 0.0148153 0.0105433 0.00706185 0.00441042
 0.00787995 0.0128662 0.0194847 0.0277064 0.0372661 0.0475069 0.0573525 0.0655734 0.0712316 0.0739744 0.0739923 0.071767 0.0678454 0.0627316 0.0568543 0.0505558 0.0440936 0.0376566 0.03139 0.0254202 0.0198737 0.0148852 0.0105875 0.00708517 0.00441946
 0.00788656 0.0128727 0.0194862 0.0276956 0.0372343 0.047447 0.0572615 0.0654544 0.0710943 0.0738333 0.0738641 0.0716669 0.0677845 0.0627149 0.0568813 0.0506221 0.0441917 0.0377763 0.0315189 0.0255452 0.0199834 0.0149719 0.010649 0.00712364 0.00444032
 0.00788165 0.012865 0.0194752 0.0276801 0.0372125 0.0474156 0.057216 0.0653906 0.0710102 0.0737317 0.0737534 0.0715608 0.0676978 0.0626605 0.0568672 0.0506498 0.044257 0.0378705 0.0316305 0.0256613 0.0200918 0.0150632 0.0107182 0.0071707 0.00446872
 0.00785007 0.0128137 0.0193983 0.027573 0.0370738 0.0472492 0.0570332 0.0652085 0.0708477 0.0736039 0.0736685 0.07152 0.0676988 0.0627003 0.0569431 0.050759 0.0443947 0.038029 0.0317992 0.0258279 0.0202442 0.0151919 0.0108178 0.00724089 0.00451347
 0.00781466 0.0127547 0.0193069 0.0274409 0.036895 0.0470244 0.0567729 0.0649337 0.0705868 0.0733864 0.073518 0.0714497 0.0677101 0.0627848 0.0570864 0.050945 0.0446084 0.0382568 0.0320286 0.0260466 0.0204406 0.0153568 0.0109461 0.00733258 0.00457322
 0.00778971 0.0127114 0.0192366 0.0273339 0.0367428 0.0468231 0.0565268 0.0646574 0.0703033 0.0731235 0.0733035 0.0713069 0.0676541 0.0628195 0.0572047 0.0511308 0.0448409 0.0385144 0.0322913 0.0262974 0.0206656 0.0155459 0.0110939 0.00743919 0.00464359
 0.00777858 0.0126899 0.019198 0.0272694 0.0366433 0.046682 0.0563433 0.0644378 0.0700613 0.0728781 0.0730771 0.0711227 0.0675324 0.0627752 0.0572437 0.0512489 0.0450244 0.0387431 0.0325419 0.0265475 0.0208961 0.0157429 0.0112499 0.00755296 0.00471953
 0.00774286 0.0126365 0.0191261 0.0271805 0.0365401 0.0465664 0.0562153 0.0642964 0.069907 0.0727152 0.0729147 0.0709747 0.0674154 0.0627056 0.0572343 0.0513064 0.0451469 0.0389197 0.0327547 0.0267744 0.0211154 0.0159367 0.0114069 0.00766941 0.00479831
 0.00933703 0.0148627 0.0218019 0.0299122 0.0388386 0.0480311 0.0566788 0.0638486 0.0688047 0.0712528 0.0713308 0.0694219 0.0659756 0.0614171 0.0561148 0.0503633 0.0443808 0.0383244 0.0323159 0.0264704 0.0209198 0.0158213 0.0113459 0.00764141 0.00478797
 0.00931761 0.015129 0.0227276 0.0319601 0.0423582 0.0529859 0.0624738 0.0694291 0.0730329 0.0733582 0.0711658 0.0673969 0.0627774 0.0577152 0.0523966 0.0469127 0.0413321 0.0357254 0.0301707 0.0247596 0.0196078 0.0148603 0.0106785 0.00720571 0.00452275
 0.00897248 0.0145857 0.0219651 0.0310283 0.0414327 0.0524042 0.0626952 0.0708706 0.0758186 0.0771352 0.0751477 0.0706646 0.0646629 0.0580329 0.05141 0.0451162 0.039218 0.0336511 0.0283372 0.0232497 0.0184333 0.0139949 0.0100765 0.00681287 0.00428413
 0.00880431 0.0143014 0.0215177 0.0303706 0.0405351 0.051288 0.0614749 0.0697819 0.0751999 0.0773333 0.0763624 0.0728015 0.0673002 0.0605595 0.0532731 0.0460329 0.039231 0.0330274 0.027406 0.0222791 0.0175841 0.0133326 0.00960452 0.00650264 0.00409588
 0.00874861 0.0142036 0.021356 0.0301174 0.0401598 0.0507643 0.0607932 0.0689669 0.0743307 0.076558 0.0758887 0.072844 0.0679862 0.0618354 0.0548811 0.0475954 0.0404058 0.033641 0.0274879 0.0219969 0.0171399 0.0128844 0.00923845 0.00624364 0.00393264
 0.00869342 0.0141172 0.0212315 0.0299492 0.0399423 0.0504907 0.0604559 0.06856 0.0738563 0.0760372 0.0753752 0.0724334 0.0678052 0.062001 0.0554385 0.0484695 0.041408 0.0345408 0.0281103 0.0222856 0.017152 0.0127353 0.00903947 0.00606648 0.00380554
 0.00868025 0.0140892 0.0211774 0.0298552 0.0397957 0.0502861 0.0601988 0.0682657 0.0735434 0.0757206 0.075066 0.0721471 0.0675751 0.0618836 0.0555003 0.0487535 0.0418974 0.0351466 0.0287005 0.0227416 0.0174168 0.0128242 0.00901303 0.00599192 0.00372998
 0.00870914 0.0141328 0.0212363 0.0299257 0.0398692 0.0503481 0.0602298 0.0682453 0.0734563 0.0755626 0.0748463 0.0718858 0.0672999 0.0616291 0.0553084 0.0486684 0.0419497 0.0353335 0.0289764 0.0230323 0.0176515 0.0129648 0.00906275 0.00598133 0.00369449
 0.00868917 0.0141093 0.0212174 0.0299239 0.0398972 0.0504122 0.0603246 0.0683526 0.0735493 0.0756136 0.0748349 0.0718044 0.0671556 0.0614429 0.0551122 0.0484996 0.0418442 0.0353142 0.0290429 0.0231575 0.0177921 0.0130804 0.0091323 0.00600649 0.00369098
 0.00868031 0.0140916 0.0211852 0.029872 0.0398239 0.0503242 0.0602384 0.0682907 0.073531 0.0756444 0.0749019 0.0718812 0.0672132 0.0614617 0.0550887 0.0484475 0.0417885 0.035282 0.0290524 0.0232102 0.0178726 0.0131646 0.00919927 0.006047 0.00370776
 0.00866069 0.0140607 0.0211403 0.0298108 0.0397449 0.0502269 0.0601252 0.0681692 0.0734152 0.0755534 0.0748543 0.0718872 0.0672689 0.0615493 0.0551841 0.0485309 0.0418524 0.035332 0.0291009 0.0232677 0.0179406 0.0132355 0.00926167 0.0060926 0.00373487
 0.00863738 0.0140249 0.0210905 0.029747 0.0396685 0.0501406 0.0600329 0.0680756 0.0733257 0.0754744 0.0747934 0.071853 0.0672691 0.0615867 0.0552541 0.0486212 0.0419481 0.0354217 0.0291807 0.0233393 0.0180071 0.013297 0.00931497 0.00613381 0.00376243
 0.008653 0.014045 0.0211111 0.0297611 0.0396684 0.0501209 0.0599927 0.0680188 0.0732593 0.0754056 0.0747277 0.0717948 0.067223 0.061558 0.0552469 0.048637 0.0419835 0.0354698 0.0292338 0.0233918 0.0180562 0.0133412 0.00935293 0.00616386 0.0037837
 0.0086073 0.0139792 0.0210275 0.0296668 0.0395725 0.0500306 0.0599107 0.0679447 0.0731919 0.0753467 0.0746829 0.071771 0.0672251 0.0615874 0.0553016 0.0487126 0.0420743 0.0355692 0.0293345 0.023487 0.0181406 0.0134116 0.00940831 0.00620455 0.00381126
 0.00862861 0.0140073 0.0210581 0.0296925 0.039586 0.0500283 0.0598956 0.0679239 0.0731723 0.0753303 0.0746655 0.0717466 0.0671906 0.0615457 0.05526 0.0486797 0.0420561 0.035568 0.0293485 0.023512 0.0181712 0.0134428 0.00943614 0.00622686 0.00382738
 0.00862861 0.0140073 0.0210581 0.0296925 0.039586 0.0500283 0.0598956 0.0679239 0.0731723 0.0753303 0.0746655 0.0717466 0.0671906 0.0615457 0.05526 0.0486797 0.0420561 0.035568 0.0293485 0.023512 0.0181712 0.0134428 0.00943614 0.00622686 0.00382738
 0.00855742 0.0138996 0.0209108 0.0295082 0.0393718 0.0497949 0.0596569 0.0676979 0.0729807 0.0751953 0.0746049 0.0717674 0.0672867 0.0616994 0.0554491 0.0488832 0.0422589 0.0357604 0.0295249 0.0236682 0.0183041 0.0135504 0.00951814 0.00628515 0.00386569
 0.00901049 0.0146061 0.0219151 0.0308233 0.0409681 0.0515879 0.0614989 0.0693883 0.0743047 0.0759787 0.0747605 0.0713109 0.0663205 0.0603774 0.053938 0.0473319 0.0407821 0.0344346 0.0283927 0.0227456 0.0175874 0.0130218 0.00915008 0.00604497 0.00371992
 0.00876578 0.0142706 0.0215267 0.0304591 0.0407266 0.0515589 0.0617345 0.0698882 0.0750166 0.0768088 0.0755904 0.07202 0.0668123 0.0606011 0.0538969 0.0470756 0.0403862 0.0339783 0.027942 0.0223454 0.017261 0.0127749 0.00897656 0.00593181 0.00365174
 0.00862221 0.0140065 0.0210778 0.0297609 0.0397478 0.0503442 0.0604313 0.0687277 0.0742426 0.0765894 0.0759582 0.0728721 0.0679581 0.0618285 0.0550274 0.0479961 0.0410554 0.0344128 0.0281925 0.0224719 0.0173155 0.0127941 0.00898171 0.00593293 0.00365236
#pred catch len freq
 0.00593879 0.00927949 0.0133008 0.0178023 0.0226414 0.0277334 0.0329655 0.0381383 0.0429989 0.0473164 0.0509285 0.0537501 0.055769 0.0570332 0.0576236 0.0576227 0.057094 0.0560677 0.0545154 0.0523052 0.0491777 0.0448105 0.0390093 0.0319415 0.0242364
 0.0062131 0.00965171 0.0137302 0.0182199 0.0229883 0.0280109 0.0332612 0.0385981 0.0437494 0.0483813 0.0521913 0.0549892 0.0567427 0.0575691 0.0576711 0.0572518 0.0564475 0.0552916 0.0536975 0.051453 0.0482457 0.0437616 0.037867 0.0307992 0.0232174
 0.00672254 0.0104167 0.0147601 0.0194725 0.0243717 0.0293977 0.0345133 0.0396041 0.044469 0.0488698 0.0525731 0.0553791 0.0571645 0.0579288 0.0578066 0.057023 0.0558057 0.0542891 0.0524426 0.0500515 0.0467695 0.0422594 0.0363966 0.0294439 0.0220692
 0.00711445 0.0110396 0.0156704 0.0207113 0.0259538 0.0312952 0.0366349 0.0417872 0.0464998 0.0505343 0.053722 0.055974 0.0572748 0.057676 0.0572864 0.056259 0.0547634 0.0529314 0.0507801 0.0481538 0.0447454 0.0402315 0.0344872 0.0277656 0.0207084
 0.00752292 0.01167 0.0165594 0.0218786 0.0274095 0.033046 0.0386776 0.0440857 0.0489572 0.052977 0.0559141 0.0576674 0.0582804 0.0579185 0.0568122 0.0551899 0.0532298 0.0510303 0.0485789 0.0457238 0.0421917 0.0376977 0.0321348 0.0257404 0.0191064
 0.00793673 0.0123075 0.0174544 0.0230426 0.0288364 0.0347186 0.0405701 0.0461602 0.0511586 0.055226 0.0580956 0.0596228 0.0598157 0.0588411 0.0569838 0.0545681 0.0518724 0.0490631 0.0461534 0.0429951 0.0393213 0.0348629 0.0295209 0.0235104 0.0173623
 0.00838904 0.0129977 0.0184103 0.024264 0.0303017 0.0363956 0.0424196 0.0481331 0.0531915 0.057242 0.0600083 0.0613362 0.0612214 0.0598157 0.0573976 0.0543105 0.0508867 0.0473711 0.043858 0.0402633 0.0363615 0.0319035 0.0267855 0.0211832 0.0155528
 0.0087895 0.0136176 0.0192859 0.0254096 0.0317108 0.0380422 0.0442562 0.0500883 0.0551746 0.0591544 0.0617558 0.062836 0.0624014 0.0606085 0.0577337 0.0541168 0.0500982 0.0459558 0.0418457 0.0377633 0.0335598 0.0290378 0.0241024 0.0188882 0.0137676
 0.00914447 0.0141672 0.020063 0.0264297 0.0329746 0.0395376 0.0459549 0.0519376 0.0570932 0.0610363 0.063483 0.0642962 0.0635035 0.0612898 0.0579557 0.0538534 0.0493261 0.044659 0.040036 0.0355081 0.0310001 0.0263807 0.0215837 0.0167159 0.0120703
 0.00944989 0.01464 0.0207313 0.0273066 0.0340599 0.0408208 0.0474126 0.0535291 0.0587569 0.0626916 0.0650354 0.0656453 0.0645539 0.0619629 0.058198 0.0536364 0.0486407 0.0435098 0.0384456 0.0335344 0.0287554 0.0240355 0.0193421 0.0147673 0.0105386
 0.00972932 0.0150706 0.0213361 0.0280939 0.0350257 0.0419524 0.048688 0.0549125 0.0601958 0.0641175 0.0663693 0.0668048 0.0654604 0.0625492 0.0584128 0.053448 0.0480362 0.0424949 0.0370472 0.0318088 0.026801 0.021996 0.0173898 0.0130647 0.00919523
 0.00992235 0.0153725 0.0217688 0.0286709 0.0357524 0.0428247 0.0496899 0.0560127 0.0613484 0.0652668 0.0674544 0.067764 0.0662342 0.0630832 0.058661 0.0533754 0.0476212 0.0417323 0.035953 0.0304285 0.0252169 0.0203287 0.0157834 0.0116561 0.00807845
 0.0101593 0.0157322 0.0222634 0.0292971 0.036496 0.0436674 0.0506115 0.0569881 0.0623426 0.066233 0.0683379 0.068509 0.0667921 0.063417 0.0587464 0.0531975 0.0471726 0.0410132 0.0349768 0.0292303 0.0238624 0.0189153 0.0144284 0.010471 0.00713959
 0.0103224 0.0159849 0.0226207 0.029765 0.0370716 0.0443392 0.0513586 0.0577804 0.0631427 0.0670011 0.0690355 0.0691001 0.0672429 0.0636976 0.0588329 0.0530738 0.0468308 0.0404539 0.0342111 0.0282861 0.0227911 0.0177938 0.01335 0.0095252 0.00638851
 0.0103698 0.0160613 0.0227349 0.0299267 0.0372914 0.0446284 0.0517265 0.0582295 0.0636643 0.0675725 0.0696213 0.0696574 0.0677288 0.0640742 0.0590697 0.0531481 0.0467272 0.0401652 0.0337413 0.0276548 0.0220384 0.016981 0.0125523 0.00881562 0.00581924
 0.0103794 0.016071 0.0227396 0.0299193 0.0372676 0.044592 0.0516938 0.0582286 0.0637289 0.0677312 0.0698873 0.0700222 0.0681621 0.0645295 0.059493 0.0534877 0.0469404 0.0402228 0.0336301 0.0273807 0.0216288 0.0164841 0.0120301 0.00833074 0.00541896
 0.0103164 0.0159854 0.0226411 0.0298264 0.0372004 0.0445632 0.0517026 0.0582638 0.0637788 0.0677945 0.0699772 0.07016 0.068364 0.0647951 0.0598007 0.0537981 0.0472061 0.040399 0.0336848 0.0273013 0.0214254 0.016189 0.0116912 0.00799927 0.00513619
 0.0102263 0.0158541 0.0224722 0.0296344 0.0370087 0.0443991 0.0515913 0.0582225 0.0638123 0.0678936 0.0701225 0.0703314 0.0685504 0.0649961 0.0600198 0.054032 0.0474372 0.0405975 0.033817 0.0273417 0.0213665 0.016045 0.0114939 0.00778819 0.00494627
 0.0103274 0.0159868 0.022614 0.0297462 0.0370479 0.0443385 0.0514348 0.0580063 0.0635906 0.0677178 0.0700244 0.0703176 0.0686068 0.0650999 0.0601499 0.054174 0.0475807 0.0407297 0.0339201 0.0273961 0.0213592 0.0159764 0.0113801 0.00765498 0.00481972
 0.0105186 0.0162573 0.0229453 0.0300926 0.037345 0.0445209 0.0514533 0.0578413 0.0632592 0.0672738 0.069548 0.0698939 0.0683016 0.0649422 0.0601316 0.0542615 0.0477318 0.0409049 0.0340867 0.0275289 0.0214416 0.0160032 0.0113585 0.00760219 0.00475614
 0.0106538 0.0164659 0.023237 0.0304649 0.0377794 0.044979 0.051876 0.0581555 0.0633951 0.0671888 0.0692454 0.0694268 0.0677579 0.0644186 0.0597052 0.0539723 0.0475798 0.0408611 0.0341094 0.0275775 0.0214849 0.0160233 0.0113512 0.00757362 0.00471791
 0.01078 0.0166575 0.0235004 0.0307985 0.0381758 0.0454271 0.0523598 0.0586471 0.0638484 0.0675401 0.069426 0.0693857 0.067485 0.0639547 0.059132 0.0533856 0.0470597 0.0404527 0.0338198 0.0273868 0.0213618 0.015939 0.0112861 0.00751881 0.00467181
 0.0108215 0.0167208 0.0235882 0.0309113 0.038313 0.0455888 0.0525471 0.0588614 0.0640882 0.0677955 0.0696734 0.0695866 0.0675933 0.0639326 0.0589684 0.0531053 0.0467166 0.0401094 0.0335257 0.0271649 0.0212104 0.0158411 0.0112224 0.00747464 0.00463935
 0.0106427 0.0164744 0.0232992 0.0306304 0.038102 0.045498 0.0525974 0.0590408 0.0643632 0.0681267 0.0700258 0.0699307 0.0679008 0.0641735 0.0591147 0.0531407 0.0466463 0.0399619 0.0333433 0.0269884 0.021066 0.0157371 0.0111536 0.00743094 0.00461154
 0.0103733 0.0160778 0.0227806 0.0300258 0.0374732 0.0449213 0.0521504 0.0587896 0.0643477 0.0683483 0.0704448 0.070478 0.0684983 0.0647524 0.0596235 0.0535461 0.0469329 0.0401324 0.0334175 0.0269976 0.0210425 0.0157057 0.0111272 0.00741284 0.00460024
 0.0101882 0.0157888 0.022369 0.0294847 0.0368123 0.0441722 0.051372 0.058067 0.0637796 0.0680241 0.0704195 0.0707561 0.069032 0.0654556 0.0603951 0.0542937 0.0475888 0.0406595 0.0338076 0.0272641 0.0212119 0.0158072 0.0111859 0.00744626 0.00461892
 0.0101014 0.0156445 0.0221453 0.029158 0.0363609 0.0435834 0.0506524 0.0572523 0.0629386 0.0672541 0.0698308 0.0704469 0.0690608 0.0658216 0.061037 0.0551079 0.0484582 0.041482 0.034514 0.0278228 0.0216227 0.0160903 0.0113699 0.00755938 0.00468463
 0.0100255 0.0155304 0.0219899 0.0289616 0.0361231 0.043298 0.0503059 0.0568295 0.0624339 0.0666849 0.0692461 0.0699244 0.0686917 0.0656852 0.0611746 0.0555068 0.0490541 0.0421788 0.0352121 0.028444 0.0221232 0.0164595 0.0116212 0.00771799 0.00477762
 0.0099018 0.0153441 0.0217372 0.0286486 0.0357639 0.0429102 0.0499072 0.0564344 0.0620522 0.0663213 0.0689042 0.0696158 0.0684443 0.065544 0.0611906 0.0557164 0.0494598 0.0427408 0.0358574 0.0290885 0.0226957 0.0169176 0.011954 0.00793863 0.00491146
 0.00963633 0.0149602 0.0212475 0.0280949 0.0352044 0.0423996 0.0494807 0.0561048 0.0618164 0.0661684 0.0688211 0.0695897 0.0684657 0.0656125 0.0613189 0.0559281 0.0497774 0.0431698 0.0363751 0.0296457 0.0232316 0.0173797 0.0123123 0.00818932 0.00506995
 0.00955473 0.014816 0.0210109 0.0277355 0.0347035 0.0417668 0.0487655 0.055391 0.0611983 0.0657199 0.0685752 0.069538 0.0685732 0.0658365 0.0616237 0.0562926 0.0501946 0.0436386 0.0368882 0.0301809 0.0237517 0.0178432 0.0126875 0.00846353 0.0052505
 0.0104015 0.0160098 0.0224678 0.0292585 0.0360332 0.0426666 0.0490946 0.0551333 0.0604451 0.0646304 0.0673331 0.0683112 0.0674835 0.0649462 0.0609436 0.055803 0.0498681 0.0434525 0.0368253 0.0302216 0.0238685 0.0180003 0.0128487 0.00860147 0.00535203
 0.0112641 0.017317 0.0242515 0.0314687 0.038532 0.045233 0.0514394 0.0569371 0.0614317 0.0646522 0.0664234 0.0666693 0.0654034 0.0627268 0.0588213 0.0539245 0.0482974 0.0421977 0.0358653 0.0295237 0.0233935 0.0177038 0.0126829 0.00852089 0.00531958
