SBPRF35
7.45912
Curr Bio
527494
B35
504065
F35
0.218157
FOFL
0.212862
OFL
81336.2
Bzero
2.13118e+006
#pred survey bio
 4.33298e+006 4.05719e+006 3.748e+006 3.07698e+006 2.62715e+006 2.38912e+006 2.24426e+006 2.03852e+006 1.71849e+006 1.48825e+006 1.318e+006 1.22714e+006 1.15888e+006 1.09127e+006 1.01385e+006 922944 821864 704195 654755 608697 542285 504437 489325 485431 483758 494072 514675 522742 536343 543040 550266 554658 545695 529575 543793 571706 590328 553696 522964 551032 580229 592099 579068 584570 599052 625257 580309 580935 600023 603329 579271 548360 558532 566413 534538 1.74773e+007 1.04002e+007 1.06822e+007 1.14445e+007 1.24292e+007 1.34197e+007 1.4295e+007 1.50096e+007 1.55638e+007 1.59789e+007 1.62831e+007 1.65028e+007 1.66604e+007 1.6773e+007 1.68535e+007 1.69113e+007 1.6953e+007 1.69833e+007 1.70053e+007 1.70216e+007 1.70336e+007 1.70425e+007 1.70492e+007 1.70542e+007 1.7058e+007 1.70609e+007 1.70631e+007 1.70647e+007 1.7066e+007 1.70669e+007 1.70677e+007 1.70682e+007 1.70687e+007 1.7069e+007 1.70692e+007 1.70694e+007 1.70696e+007 1.70697e+007 1.70698e+007 1.70699e+007 1.70699e+007 1.707e+007 1.707e+007 1.707e+007 1.707e+007 1.70701e+007 1.70701e+007 1.70701e+007 1.70701e+007 1.70701e+007 1.70701e+007 1.70701e+007 1.70701e+007 1.70701e+007 1.70701e+007 1.70701e+007 1.70701e+007 1.70701e+007 1.70701e+007 1.70701e+007 1.70701e+007 1.70701e+007 1.70701e+007 1.70701e+007 1.70701e+007 1.70701e+007 1.70701e+007 1.70701e+007 1.70701e+007 1.70701e+007 1.70701e+007 1.70701e+007 1.70701e+007 1.70701e+007 1.70701e+007 1.70701e+007 1.70701e+007 1.70701e+007 1.70701e+007 1.70701e+007 1.70701e+007 1.70701e+007 1.70701e+007 1.70701e+007 1.70701e+007 1.70701e+007 1.70701e+007 1.70701e+007 1.70701e+007 1.70701e+007 1.70701e+007 1.70701e+007 1.70701e+007 1.70701e+007 1.70701e+007 1.70701e+007 1.70701e+007 1.70701e+007 1.70701e+007 1.70701e+007 0 0 0 0 0 0 0 0 0 0 0 0 0 0 0 0 0 0 0 0 0 0 0 0 0
#obs survey bio
 4.19834e+006 3.44868e+006 3.02505e+006 2.70188e+006 1.89573e+006 2.95277e+006 1.78471e+006 1.99102e+006 1.39957e+006 1.50274e+006 1.06613e+006 1.82732e+006 1.44523e+006 992560 1.12918e+006 1.10082e+006 964446 624971 655711 711527 540096 527542 505095 486770 345052 531711 491338 509478 574236 683491 739617 515327 428333 560312 609215 575280 712939 486268 470507 631573 544591 705136 550911 672137 434719 740964 576011 584856 620086 644648 567286 697490 413975 548178 559374
#pred catch bio
 100832 94004.3 145444 199678 269654 250779 299673 282790 287336 328546 284549 256592 254126 253353 243724 212903 196153 155552 148166 141128 129270 127133 121629 119341 113811 100173 106186 102592 105689 98894.2 87427.6 97414.3 94938 89620.1 96082.2 92607.6 85624.3 96391.9 81813.8 85995.7 87363.6 89984.7 83685.9 83222 88369 89652.2 91482.6 93354.1 88259.7 84950.2 111244 82934.2 86322.1 99847.4 100146 81336.2 81860.4 82532.3 87379.3 94593.6 101959 108379 113492 117324 120076 121989 123289 124155 124724 125094 125332 125484 125580 125642 125680 125704 125719 125729 125735 125738 125741 125742 125743 125744 125744 125744 125744 125744 125744 125744 125744 125744 125744 125744 125744 125744 125744 125744 125744 125744 125744 125744 125744 125744 125744 125744 125744 125744 125744 125744 125744 125744 125744 125744 125744 125744 125744 125744 125744 125744 125744 125744 125744 125744 125744 125744 125744 125744 125744 125744 125744 125744 125744 125744 125744 125744 125744 125744 125744 125744 125744 125744 125744 125744 125744 125744 125744 125744 125744 125744 125744 125744 125744 125744 125744 0 0 0 0 0 0 0 0 0 0 0 0 0 0 0 0 0 0 0 0 0 0 0 0 0
#obs catch bio
 0 93621.2 145442 199688 270870 250590 300743 281753 286664 330642 286114 256278 254307 253664 244196 212578 195774 155665 148403 140722 129110 127623 121864 119287 114322 99991.6 106133 102588 105786 98979.2 87175 97534.8 94779.7 89582.8 96556.2 92792.2 85247.6 96523 81878.7 86084 87315.6 89943.8 83659.8 83159.9 88619.7 89365.6 91595 93596.1 88222 84598.5 111809 82779.2 86307.6 99832.7 100201
#pred cpue bio
 4.28249e+006 4.01013e+006 3.70322e+006 3.0386e+006 2.59236e+006 2.35482e+006 2.2098e+006 2.00472e+006 1.68763e+006 1.45883e+006 1.2889e+006 1.19753e+006 1.12865e+006 1.06044e+006 982825 892542 793255 678436 630169 585571 521469 484746 469986 466270 464632 474460 494452 502215 515343 521817 528933 533574 525072 509577 523396 550311 567244 530453 499607 526376 554809 566533 554131 559398 573373 598549 555732 556069 574301 577759 554869 524490 534496 542602 512101 1.67243e+007 9.93814e+006 1.00836e+007 1.07428e+007 1.17031e+007 1.26896e+007 1.35644e+007 1.4279e+007 1.48331e+007 1.52483e+007 1.55524e+007 1.57722e+007 1.59297e+007 1.60423e+007 1.61229e+007 1.61807e+007 1.62224e+007 1.62526e+007 1.62747e+007 1.62909e+007 1.63029e+007 1.63119e+007 1.63185e+007 1.63236e+007 1.63274e+007 1.63302e+007 1.63324e+007 1.63341e+007 1.63353e+007 1.63363e+007 1.6337e+007 1.63376e+007 1.6338e+007 1.63383e+007 1.63386e+007 1.63388e+007 1.63389e+007 1.63391e+007 1.63391e+007 1.63392e+007 1.63393e+007 1.63393e+007 1.63393e+007 1.63394e+007 1.63394e+007 1.63394e+007 1.63394e+007 1.63394e+007 1.63394e+007 1.63394e+007 1.63394e+007 1.63394e+007 1.63394e+007 1.63394e+007 1.63394e+007 1.63394e+007 1.63394e+007 1.63394e+007 1.63394e+007 1.63394e+007 1.63394e+007 1.63394e+007 1.63394e+007 1.63394e+007 1.63394e+007 1.63394e+007 1.63394e+007 1.63394e+007 1.63394e+007 1.63394e+007 1.63394e+007 1.63394e+007 1.63394e+007 1.63394e+007 1.63394e+007 1.63394e+007 1.63394e+007 1.63394e+007 1.63394e+007 1.63394e+007 1.63394e+007 1.63394e+007 1.63394e+007 1.63394e+007 1.63394e+007 1.63394e+007 1.63394e+007 1.63394e+007 1.63394e+007 1.63394e+007 1.63394e+007 1.63394e+007 1.63394e+007 1.63394e+007 1.63394e+007 1.63394e+007 1.63394e+007 1.63394e+007 1.63394e+007 1.63394e+007 0 0 0 0 0 0 0 0 0 0 0 0 0 0 0 0 0 0 0 0 0 0 0 0 0
#obs cpue bio
 3.37297e+006 4.47074e+006 6.48726e+006 3.14118e+006 2.64987e+006 1.90731e+006 2.5204e+006 3.37824e+006 1.88227e+006 974332 1.30397e+006 1.13041e+006 829907 1.13408e+006 853207 846715 781161 588675 623542 663615 480968 362198 466559 529226 487726 544471 549348 466477 485009 402342 450167 519932 801624 411211 336453 596608 718097 536049 423402 495677 641640 521755 529093 508506 582864 848308 410558 489192 643306 645203 467557 412678 696220 645792 454429
#pred surv len freq
 0.00427379 0.00705019 0.0108173 0.0156193 0.0213657 0.027735 0.0341626 0.0399999 0.044767 0.0483084 0.0507498 0.052341 0.053322 0.0538709 0.0541073 0.0541175 0.0539799 0.0537657 0.0534814 0.0529549 0.0517375 0.0491573 0.0446045 0.0379436 0.0297675
 0.00454447 0.00740637 0.0112011 0.0159326 0.0215059 0.0276474 0.0338745 0.0396105 0.0443952 0.0480324 0.0505796 0.0522378 0.0532459 0.0538214 0.0541319 0.0542852 0.0543346 0.0542835 0.0540555 0.0534213 0.0519373 0.049007 0.0441357 0.0372861 0.0290869
 0.00457474 0.00751737 0.0114754 0.0164666 0.0223635 0.0288 0.0351686 0.0408012 0.0452428 0.0484064 0.0505016 0.0518395 0.0526846 0.0532171 0.0535563 0.0537849 0.0539469 0.0540246 0.0538933 0.053266 0.0516703 0.0485401 0.0434628 0.0364918 0.0283036
 0.0047488 0.00776877 0.0118007 0.0168565 0.0228229 0.0293669 0.0359105 0.0417733 0.0464266 0.0496704 0.0516267 0.0526063 0.0529685 0.0530292 0.0530135 0.0530428 0.0531433 0.0532495 0.0531799 0.0525914 0.0509749 0.0477667 0.0426005 0.0355945 0.027467
 0.00489509 0.00803417 0.0122479 0.0175531 0.023817 0.0306561 0.0374245 0.0433899 0.0480161 0.051136 0.0529056 0.0536356 0.0536573 0.0532744 0.0527523 0.0522964 0.0520157 0.0518849 0.0517079 0.0510937 0.0494852 0.0462986 0.0411829 0.0342884 0.0263511
 0.00505642 0.00831061 0.0126921 0.0182276 0.0247862 0.0319686 0.0390886 0.0453528 0.0501574 0.0532833 0.0548696 0.05525 0.0548027 0.0538773 0.0527719 0.0517215 0.0508782 0.0502708 0.0497474 0.0489325 0.0472571 0.0441189 0.0391562 0.0325135 0.0249085
 0.00520571 0.00854982 0.0130471 0.0187243 0.0254514 0.0328295 0.0401687 0.0466642 0.0516902 0.0549938 0.0566698 0.0570071 0.0563544 0.0550601 0.0534499 0.0518055 0.0503344 0.0491244 0.0480836 0.0468877 0.0450011 0.0418317 0.0370077 0.0306448 0.0234131
 0.00542035 0.00890557 0.0135942 0.0195114 0.0265131 0.0341691 0.0417439 0.0483899 0.0534619 0.0567176 0.0582802 0.0584595 0.0576017 0.0560313 0.0540461 0.0519162 0.0498662 0.0480307 0.0463864 0.0446873 0.0424697 0.0391904 0.0344893 0.0284492 0.0216687
 0.00568648 0.00932801 0.0142117 0.0203551 0.0276036 0.0355098 0.0433117 0.0501268 0.0552771 0.0585011 0.0599233 0.0598743 0.0587299 0.056837 0.054496 0.0519602 0.0494344 0.0470537 0.0448319 0.0425968 0.0399775 0.0365125 0.0318818 0.0261479 0.0198318
 0.00582097 0.00959221 0.0146921 0.0211564 0.0288197 0.0371798 0.0453837 0.0524562 0.0576638 0.0607453 0.0618683 0.06142 0.0598258 0.0574671 0.054663 0.0516687 0.0486759 0.0458046 0.0430721 0.0403481 0.0373409 0.0336807 0.0291093 0.0236862 0.0178591
 0.00612118 0.0100757 0.0154136 0.022171 0.0301795 0.0389251 0.0475226 0.0549396 0.0603675 0.0634724 0.0643778 0.0634784 0.0612587 0.0581904 0.054678 0.0510305 0.0474538 0.0440554 0.0408394 0.0376875 0.0343591 0.0305597 0.0260924 0.021022 0.0157286
 0.00642098 0.0105462 0.0160906 0.0230772 0.0313233 0.0402986 0.0491003 0.0566794 0.0622171 0.065373 0.0662566 0.0652337 0.0627552 0.0592765 0.0552223 0.0509539 0.0467399 0.0427374 0.0389809 0.0353778 0.0317254 0.0277821 0.0233948 0.0186296 0.0138073
 0.00667583 0.0109556 0.0166967 0.0239132 0.0324045 0.0416104 0.0505888 0.0582557 0.0637798 0.0668381 0.0675765 0.0663914 0.0637383 0.0600481 0.0557088 0.0510576 0.0463691 0.041837 0.0375513 0.0334804 0.029483 0.0253729 0.0210329 0.0165239 0.0121102
 0.00691074 0.0113419 0.0172856 0.024753 0.0335286 0.0430188 0.0522305 0.0600255 0.0655358 0.0684357 0.0689019 0.0673814 0.0643814 0.0603672 0.0557317 0.0507901 0.0457847 0.0408905 0.0362099 0.031757 0.027458 0.0231949 0.0188947 0.0146167 0.0105734
 0.00712158 0.0116921 0.0178261 0.0255355 0.0345942 0.04438 0.0538527 0.0618197 0.0673693 0.0701565 0.0703662 0.0684775 0.065045 0.0605867 0.0555394 0.0502397 0.0449244 0.0397464 0.0347902 0.0300771 0.0255717 0.0212118 0.0169685 0.0129076 0.0092002
 0.00731883 0.0120146 0.0183152 0.0262312 0.0355281 0.0455632 0.0552627 0.0633935 0.0690084 0.0717417 0.0717747 0.0695979 0.0657904 0.0609056 0.0554219 0.0497142 0.044044 0.0385703 0.0333717 0.0284661 0.0238308 0.0194329 0.0152722 0.0114186 0.00801106
 0.00741998 0.0121833 0.0185773 0.0266147 0.0360586 0.0462571 0.0561189 0.064389 0.0701004 0.0728726 0.0728766 0.0705958 0.0666059 0.0614647 0.0556658 0.0496103 0.0435916 0.0377976 0.0323278 0.0272139 0.0224468 0.0180093 0.0139141 0.0102276 0.00706045
 0.00761001 0.0124795 0.0189995 0.0271727 0.0367512 0.0470707 0.0570249 0.0653435 0.0710493 0.0737608 0.073657 0.0712319 0.0670696 0.0617314 0.0557116 0.0494138 0.0431394 0.0370928 0.031395 0.0261014 0.0212243 0.0167638 0.0127399 0.00920998 0.00625626
 0.00751976 0.0123608 0.0188725 0.027074 0.0367242 0.0471507 0.0572278 0.0656645 0.0714706 0.0742616 0.0742177 0.0718306 0.0676761 0.0623037 0.0561978 0.0497587 0.0432938 0.0370228 0.031091 0.025583 0.0205416 0.0159913 0.011964 0.00851094 0.00569044
 0.00749068 0.0123059 0.0187779 0.0269272 0.0365239 0.0469181 0.0570119 0.0655322 0.0714841 0.0744528 0.0745766 0.0723139 0.0682268 0.0628667 0.0567253 0.0502069 0.0436202 0.0371889 0.0310707 0.0253728 0.0201673 0.0155062 0.0114387 0.00801584 0.00527849
 0.0075972 0.0124633 0.0189845 0.0271688 0.0367749 0.0471463 0.0571851 0.0656279 0.0714994 0.0744103 0.0745189 0.0722872 0.0682609 0.0629653 0.0568681 0.0503592 0.0437421 0.037242 0.0310233 0.0252078 0.0198891 0.0151441 0.0110407 0.00763538 0.0049584
 0.00754219 0.0124089 0.0189658 0.0272366 0.0369774 0.0475023 0.0576646 0.0661535 0.0719722 0.0747463 0.074678 0.0722805 0.0681384 0.0627912 0.0566962 0.0502176 0.0436306 0.0371391 0.030899 0.0250362 0.019659 0.0148646 0.0107389 0.00734674 0.00471412
 0.0075105 0.0123572 0.0188902 0.0271399 0.0368759 0.047432 0.0576783 0.0663042 0.0722843 0.0751922 0.075177 0.0727281 0.0684489 0.0629292 0.0566804 0.0500996 0.0434648 0.0369614 0.0307204 0.0248504 0.0194564 0.0146436 0.0105109 0.00713182 0.00453233
 0.00756641 0.0124253 0.0189507 0.0271608 0.0368232 0.0472855 0.0574466 0.06603 0.0720367 0.0750458 0.0751858 0.072902 0.0687473 0.0632761 0.0569959 0.0503298 0.0435945 0.037005 0.0307025 0.0247908 0.0193659 0.0145294 0.0103824 0.00700325 0.00441847
 0.0076929 0.0126138 0.0192011 0.0274579 0.0371356 0.0475684 0.0576475 0.0661007 0.0719508 0.0748161 0.0748677 0.072578 0.0684956 0.0631406 0.0569728 0.0503778 0.0436597 0.0370455 0.0306994 0.024745 0.019288 0.0144321 0.010278 0.00690301 0.00433215
 0.00781343 0.0127938 0.0194416 0.027748 0.0374532 0.047883 0.0579227 0.0662975 0.0720331 0.0747608 0.0746754 0.0722788 0.0681454 0.0628057 0.0567092 0.0502125 0.0435851 0.0370292 0.0307028 0.024739 0.0192597 0.0143823 0.0102153 0.00683807 0.0042742
 0.00783143 0.012808 0.0194355 0.0276973 0.0373334 0.0476801 0.0576427 0.0659682 0.0716972 0.0744625 0.0744492 0.0721429 0.0681031 0.0628517 0.0568357 0.0504106 0.0438414 0.0373208 0.0309983 0.0250056 0.019473 0.0145324 0.0103062 0.00688313 0.00428965
 0.00787783 0.0128846 0.0195515 0.0278581 0.0375349 0.0479021 0.0578465 0.0661037 0.0717203 0.074354 0.0742242 0.071845 0.0677875 0.0625676 0.0566162 0.0502717 0.0437847 0.0373365 0.0310673 0.0251028 0.0195726 0.0146148 0.010362 0.00691303 0.00430053
 0.00786376 0.0128609 0.0195151 0.0278071 0.0374708 0.0478317 0.0577818 0.0660569 0.0716962 0.0743451 0.0742122 0.0718119 0.0677266 0.0624891 0.0565428 0.0502281 0.0437879 0.037391 0.031165 0.0252265 0.0197014 0.0147297 0.0104509 0.00697259 0.00433474
 0.00790032 0.0129121 0.0195768 0.02787 0.0375226 0.0478614 0.0577832 0.066031 0.0716504 0.0742897 0.0741561 0.0717578 0.0676708 0.0624257 0.0564703 0.050154 0.0437267 0.0373577 0.0311679 0.0252634 0.019761 0.0147966 0.0105114 0.00701856 0.00436445
 0.00790341 0.0129092 0.0195575 0.0278201 0.0374272 0.0477112 0.0575805 0.0657918 0.071402 0.0740651 0.0739867 0.0716659 0.067664 0.0624954 0.0565955 0.0503095 0.0438921 0.0375218 0.0313269 0.0254162 0.0199043 0.0149241 0.0106162 0.00709682 0.00441682
 0.00781734 0.0127683 0.019344 0.0275177 0.0370258 0.0472134 0.0570085 0.0651894 0.0708293 0.0735869 0.0736594 0.0715272 0.0677263 0.0627445 0.0569939 0.0508053 0.0444302 0.0380543 0.0318195 0.0258487 0.0202672 0.0152147 0.0108365 0.00725285 0.00451876
 0.00784428 0.0128109 0.0194051 0.0275965 0.0371155 0.0472981 0.0570623 0.0651809 0.0707312 0.0733885 0.0733747 0.0711948 0.0674003 0.0624794 0.0568302 0.0507599 0.0444945 0.0382012 0.0320138 0.0260571 0.0204646 0.0153851 0.0109723 0.00735275 0.00458619
 0.0078442 0.0128144 0.019417 0.0276236 0.037164 0.0473708 0.0571546 0.0652787 0.0708118 0.0734247 0.0733423 0.071082 0.0672148 0.0622497 0.0565993 0.0505719 0.0443815 0.0381742 0.0320629 0.0261583 0.0205896 0.0155097 0.01108 0.00743586 0.00464398
 0.00780939 0.0127558 0.0193257 0.0274918 0.0369893 0.0471608 0.0569304 0.0650721 0.0706563 0.0733425 0.0733362 0.0711345 0.0672966 0.062333 0.0566688 0.0506298 0.044443 0.0382576 0.0321785 0.0263032 0.0207493 0.0156649 0.0112142 0.00753982 0.0047164
 0.0084954 0.0137193 0.0204952 0.0287058 0.0380423 0.047877 0.0572237 0.0649602 0.0702309 0.0727237 0.0726349 0.070433 0.0666439 0.0617489 0.0561538 0.0501774 0.0440502 0.0379282 0.0319203 0.0261203 0.0206371 0.0156098 0.0111976 0.00754371 0.00472752
 0.00912668 0.0147229 0.0219533 0.0306528 0.0404268 0.050522 0.0598129 0.0670892 0.0715289 0.0729904 0.0719101 0.0689575 0.0647451 0.0597248 0.0542098 0.0484214 0.0425216 0.0366317 0.0308487 0.0252636 0.0199817 0.0151351 0.0108751 0.00733969 0.00460804
 0.00916466 0.0148583 0.0222925 0.0313388 0.0416 0.0522565 0.0620544 0.0696284 0.0740299 0.0750665 0.0732246 0.0693168 0.0641497 0.0583558 0.0523554 0.0463805 0.0405306 0.0348373 0.02932 0.0240191 0.0190123 0.0144164 0.0103723 0.00701074 0.00440853
 0.00899351 0.0146405 0.0220806 0.0312295 0.0417226 0.0527446 0.0630107 0.0710888 0.0759317 0.0772305 0.0753662 0.0710998 0.0652743 0.0586478 0.0518154 0.0451715 0.038911 0.0330772 0.0276363 0.0225492 0.0178194 0.0135092 0.00972561 0.00658058 0.00414334
 0.00873799 0.0142225 0.0214523 0.03036 0.040623 0.0514997 0.0617977 0.0701595 0.0755476 0.0775738 0.0764653 0.0728052 0.0672924 0.06062 0.0534171 0.0461973 0.0393157 0.0329593 0.027177 0.0219406 0.0172125 0.0129941 0.00933669 0.00631471 0.00397767
 0.00872445 0.0141685 0.0213112 0.0300678 0.0401138 0.050733 0.0607878 0.0689953 0.074392 0.0766384 0.0759644 0.072893 0.0680047 0.061846 0.0549212 0.047689 0.0405406 0.0337706 0.0275594 0.0219825 0.0170491 0.0127525 0.00910443 0.00613394 0.00385652
 0.00872933 0.0141761 0.0213199 0.0300696 0.0400887 0.0506434 0.0605811 0.068618 0.0738172 0.0758968 0.0751593 0.0721869 0.0675752 0.0618236 0.0553357 0.0484503 0.0414669 0.0346547 0.0282414 0.0223939 0.0172124 0.0127455 0.00901497 0.00602859 0.00377042
 0.00883787 0.0143332 0.0215203 0.0302959 0.0403151 0.0508426 0.0607264 0.0686818 0.0737676 0.0757008 0.0747981 0.0716782 0.0669892 0.0612767 0.0549561 0.0483272 0.0416103 0.0349897 0.0286429 0.0227418 0.0174359 0.0128364 0.0090094 0.00597613 0.00371042
 0.00879777 0.0142861 0.0214819 0.0302897 0.0403628 0.0509513 0.0608799 0.0688428 0.0738909 0.0757487 0.0747488 0.0715269 0.066747 0.0609753 0.0546505 0.048088 0.0415 0.0350331 0.0288126 0.0229708 0.0176504 0.0129873 0.00908521 0.00599414 0.00369793
 0.00876684 0.0142305 0.0213899 0.030151 0.0401757 0.0507308 0.0606611 0.0686724 0.0738086 0.0757673 0.0748472 0.0716597 0.0668652 0.0610452 0.054665 0.0480675 0.0414832 0.0350598 0.0289038 0.0231175 0.0178193 0.0131393 0.00919442 0.00605572 0.00372287
 0.00863053 0.0140398 0.0211594 0.0299115 0.039964 0.0505731 0.0605633 0.068623 0.0737924 0.0757788 0.0748922 0.0717454 0.0669877 0.0611853 0.0547966 0.0481714 0.0415575 0.0351196 0.0289705 0.0232046 0.0179243 0.0132463 0.00928504 0.00611895 0.00375867
 0.00878257 0.0142316 0.0213477 0.0300276 0.0399386 0.0503733 0.0602168 0.068212 0.0734165 0.0755118 0.074759 0.071729 0.0670522 0.0612959 0.0549265 0.0483012 0.0416741 0.0352184 0.0290553 0.0232836 0.0180032 0.0133236 0.00935382 0.00617217 0.00379367
 0.00867029 0.0141152 0.0212905 0.0301171 0.0402492 0.0509146 0.0609029 0.0688806 0.0738973 0.0757028 0.0746629 0.0714308 0.0666632 0.0609046 0.0545798 0.0480117 0.0414376 0.0350263 0.0289018 0.0231663 0.0179208 0.0132729 0.0093278 0.0061619 0.00379102
 0.00865261 0.0140626 0.021172 0.0299022 0.0399309 0.0505354 0.0605622 0.0687038 0.0739736 0.0760292 0.0751378 0.0719059 0.0670179 0.0610922 0.0546242 0.0479703 0.041364 0.0349535 0.0288432 0.0231247 0.0178949 0.0132603 0.00932517 0.00616515 0.00379627
 0.00867974 0.0140914 0.0211858 0.0298728 0.0398223 0.0503147 0.0602151 0.068252 0.0734845 0.0756065 0.0748876 0.0718906 0.0672252 0.0614429 0.0550144 0.0483188 0.0416349 0.0351495 0.0289839 0.0232296 0.0179764 0.0133243 0.00937449 0.00620143 0.0038212
 0.0086699 0.0140809 0.0211791 0.0298748 0.0398333 0.0503244 0.0601992 0.068177 0.073322 0.0753519 0.0745739 0.0715851 0.0670066 0.061368 0.0550927 0.0485118 0.0418796 0.0353885 0.0291842 0.0233828 0.0180884 0.013405 0.00943203 0.00624136 0.00384756
 0.00867773 0.014143 0.0213616 0.030264 0.0405065 0.0513062 0.0614258 0.0694938 0.0745208 0.0762314 0.0749955 0.0715052 0.0664799 0.0605243 0.0540946 0.0475079 0.0409708 0.03462 0.0285598 0.0228875 0.0177048 0.0131184 0.00922879 0.00610665 0.00376503
 0.00847173 0.013799 0.020833 0.0295178 0.0395497 0.0502164 0.0603646 0.0686773 0.0741462 0.0763934 0.0756424 0.072463 0.0675265 0.0614706 0.0548348 0.0480251 0.0413082 0.0348406 0.0287154 0.0230072 0.0177994 0.0131905 0.00928027 0.00614082 0.00378619
 0.00836797 0.0136293 0.0205747 0.0291464 0.039042 0.0495583 0.0595659 0.0677901 0.073275 0.0756852 0.0752489 0.0724842 0.067965 0.0622248 0.0557394 0.0489152 0.0420718 0.0354352 0.0291518 0.02332 0.018023 0.0133497 0.00939077 0.00621393 0.00383146
 0.00859451 0.0139591 0.0209985 0.0296283 0.0395249 0.0499757 0.0598528 0.0678898 0.0731491 0.075328 0.0747029 0.0718431 0.0673533 0.0617568 0.0554766 0.0488475 0.0421339 0.0355456 0.0292497 0.0233794 0.0180461 0.0133505 0.00938303 0.00620552 0.0038253
#obs surv len freq
 nan nan nan nan nan nan nan nan nan nan nan nan nan nan nan nan nan nan nan nan nan nan nan nan nan
 0.00448021 0.00733945 0.0111674 0.0159822 0.0216821 0.0279576 0.0342724 0.040005 0.0446862 0.048152 0.0505121 0.0520102 0.0529045 0.0534188 0.0537345 0.0539906 0.0542699 0.0545632 0.0547023 0.0542944 0.0527323 0.049364 0.0438129 0.0362918 0.0276741
 0.00461588 0.00756033 0.0115001 0.0164508 0.0223023 0.028728 0.0351654 0.0409639 0.0456331 0.0490024 0.0511905 0.0524617 0.0531008 0.0533583 0.0534387 0.0534961 0.0536198 0.0537997 0.0538643 0.0534183 0.0518567 0.0485317 0.0430682 0.0356723 0.0272007
 0.00477519 0.00782246 0.0119003 0.0170237 0.0230748 0.0297076 0.0363287 0.042252 0.046958 0.050262 0.0522846 0.0533037 0.0536258 0.0535287 0.0532473 0.0529645 0.0527922 0.0527346 0.0526268 0.0520782 0.0504883 0.0472147 0.0418818 0.0346819 0.0264423
 0.00496811 0.00813792 0.0123787 0.0177039 0.0239876 0.0308639 0.0377069 0.0437926 0.0485699 0.0518369 0.0537123 0.0544825 0.0544689 0.0539703 0.0532476 0.0525136 0.0519117 0.0514751 0.0510642 0.0503095 0.0486288 0.0453916 0.0402211 0.0332865 0.0253699
 0.00517943 0.00848332 0.0129021 0.0184477 0.0249849 0.0321264 0.0392119 0.045478 0.0503419 0.0535868 0.0553312 0.0558699 0.0555353 0.0546388 0.053457 0.052224 0.0511109 0.0501854 0.0493477 0.0482702 0.0464098 0.0431639 0.0381595 0.0315368 0.0240171
 0.00539526 0.00883859 0.013445 0.0192262 0.0260374 0.0334676 0.0408178 0.0472808 0.0522396 0.0554631 0.0570735 0.0573783 0.0567247 0.0554362 0.0537998 0.0520609 0.0504073 0.0489347 0.0475854 0.046087 0.0439569 0.0406407 0.035783 0.0294949 0.0224253
 0.0056294 0.00921968 0.0140196 0.0200389 0.0271229 0.0348391 0.0424531 0.0491164 0.0541781 0.0573897 0.0588733 0.0589481 0.0579766 0.0562983 0.0542125 0.0519737 0.0497796 0.0477439 0.0458445 0.0438662 0.041398 0.0379529 0.0332087 0.0272545 0.0206621
 0.00588564 0.00963981 0.0146583 0.0209485 0.0283427 0.0363783 0.0442748 0.0511331 0.0562668 0.0594171 0.0607189 0.060514 0.0591878 0.0570969 0.0545527 0.0518165 0.0490908 0.0465 0.0440486 0.0415731 0.0387368 0.0351297 0.0304766 0.0248544 0.0187582
 0.00613885 0.0100562 0.0152938 0.0218582 0.0295705 0.0379391 0.0461371 0.053212 0.058435 0.0615297 0.0626376 0.0621241 0.0604048 0.0578649 0.0548376 0.0515956 0.048346 0.0452181 0.0422344 0.0392744 0.0360704 0.0322904 0.027713 0.0224108 0.0168076
 0.00638283 0.0104555 0.0158998 0.0227209 0.0307296 0.0394094 0.0478927 0.0551799 0.0605035 0.0635677 0.0645146 0.0637239 0.061633 0.0586529 0.0551413 0.0513912 0.0476221 0.0439724 0.0404807 0.0370617 0.0335078 0.0295588 0.0250461 0.0200429 0.0149089
 0.00661157 0.0108315 0.0164734 0.0235414 0.0318354 0.0408128 0.0495645 0.0570443 0.0624496 0.0654712 0.0662579 0.065206 0.0627727 0.0593879 0.0554271 0.0511989 0.0469367 0.0427922 0.0388229 0.0349773 0.031101 0.0269973 0.0225452 0.0178193 0.013122
 0.00682929 0.0111896 0.0170201 0.0243241 0.0328912 0.0421534 0.051161 0.0588217 0.0642975 0.0672651 0.0678803 0.0665601 0.0637861 0.0600112 0.0556294 0.0509623 0.0462521 0.0416599 0.0372603 0.0330328 0.0288714 0.0246355 0.020246 0.0157779 0.0114816
 0.00706777 0.0115761 0.0175994 0.0251368 0.0339653 0.0434925 0.0527304 0.0605443 0.0660634 0.0689525 0.0693757 0.0677712 0.0646469 0.0604818 0.0556919 0.0506138 0.0454984 0.0405132 0.0357439 0.0311945 0.0267993 0.0224659 0.0181501 0.0139264 0.00999846
 0.00727473 0.0119206 0.018132 0.025908 0.0350133 0.0448244 0.054305 0.0622691 0.067811 0.0705882 0.0707831 0.0688644 0.0653721 0.0608127 0.055624 0.0501576 0.0446735 0.0393446 0.0342648 0.0294561 0.0248836 0.0204924 0.0162658 0.0122755 0.00868345
 0.00745306 0.0122132 0.0185779 0.0265458 0.0358747 0.0459226 0.0556215 0.0637461 0.0693554 0.0720863 0.0721185 0.0699353 0.0661038 0.0611639 0.0555842 0.0497405 0.043907 0.0382644 0.0329139 0.0278906 0.0231821 0.018761 0.0146291 0.0108525 0.0075566
 0.00755954 0.0123897 0.01885 0.0269405 0.036416 0.0466244 0.0564801 0.0647356 0.0704301 0.0731862 0.0731751 0.0708757 0.0668557 0.0616634 0.0557845 0.0496176 0.0434611 0.0375165 0.0319022 0.0266706 0.0218295 0.0173716 0.0133108 0.00970522 0.00664825
 0.00760471 0.012457 0.018941 0.027055 0.0365565 0.0468001 0.0567094 0.0650431 0.0708386 0.0737064 0.0737974 0.0715667 0.0675606 0.062312 0.0563017 0.0499354 0.0435293 0.0373112 0.0314292 0.0259656 0.0209558 0.0164151 0.0123682 0.0088658 0.00597408
 0.00765189 0.0125284 0.0190382 0.0271754 0.0366935 0.0469448 0.0568529 0.0651812 0.0709761 0.0738604 0.0739935 0.0718288 0.0678971 0.0627059 0.056709 0.0502925 0.0437679 0.0373735 0.0312821 0.0256095 0.0204263 0.0157778 0.0117047 0.00825514 0.00547357
 0.00772144 0.0126329 0.0191794 0.0273488 0.0368888 0.0471478 0.0570472 0.0653499 0.0711057 0.0739456 0.0740418 0.0718609 0.067941 0.0627862 0.0568345 0.0504479 0.0439139 0.0374573 0.031254 0.02544 0.0201179 0.0153659 0.0112481 0.00781762 0.0051055
 0.00778661 0.0127309 0.0193119 0.0275114 0.0370717 0.047337 0.0572263 0.0655019 0.0712162 0.0740065 0.0740541 0.0718353 0.0678962 0.0627446 0.056816 0.0504623 0.0439542 0.0374979 0.0312574 0.0253707 0.019958 0.015124 0.0109574 0.00752323 0.00484818
 0.00780709 0.0127666 0.0193697 0.0275982 0.0371915 0.0474873 0.0573953 0.0656696 0.0713596 0.0741071 0.0741031 0.0718351 0.0678579 0.0626846 0.0567526 0.050411 0.0439227 0.0374817 0.0312393 0.0253267 0.0198678 0.0149822 0.0107773 0.00733185 0.00467421
 0.00784284 0.0128167 0.0194304 0.0276621 0.0372506 0.0475377 0.0574396 0.0657153 0.0714134 0.0741693 0.0741661 0.0718864 0.0678865 0.0626866 0.056732 0.0503777 0.0438875 0.0374509 0.0312108 0.0252903 0.0198108 0.0148971 0.0106676 0.00721121 0.00456071
 0.00785014 0.0128278 0.0194453 0.0276794 0.0372671 0.0475482 0.0574379 0.0656972 0.0713803 0.0741303 0.0741351 0.0718765 0.0679031 0.0627252 0.056782 0.0504282 0.0439317 0.0374862 0.0312358 0.0253018 0.0198037 0.0148675 0.0106168 0.00714732 0.00449543
 0.00786849 0.0128516 0.0194703 0.0276982 0.0372713 0.0475321 0.0574009 0.0656439 0.0713183 0.0740673 0.0740788 0.0718341 0.067882 0.0627304 0.0568138 0.0504809 0.0439955 0.0375506 0.0312921 0.0253436 0.0198269 0.0148701 0.0106006 0.0071177 0.0044605
 0.00789484 0.0128944 0.019534 0.0277853 0.0373806 0.0476554 0.0575228 0.0657435 0.071376 0.0740721 0.0740321 0.0717481 0.0677748 0.0626207 0.0567163 0.050405 0.0439437 0.0375198 0.0312754 0.0253332 0.0198157 0.0148539 0.0105781 0.00709095 0.00443327
 0.00789813 0.0128976 0.0195352 0.0277821 0.0373715 0.0476419 0.0575094 0.0657363 0.071379 0.0740841 0.0740463 0.0717562 0.0677716 0.0626066 0.0566973 0.050389 0.0439372 0.0375252 0.0312907 0.0253531 0.019834 0.0148658 0.0105813 0.00708641 0.00442398
 0.00788543 0.0128748 0.0194968 0.0277222 0.0372852 0.0475284 0.0573748 0.0655945 0.071249 0.0739854 0.0739936 0.0717547 0.0678163 0.0626849 0.0567944 0.0504927 0.04404 0.0376235 0.0313824 0.0254356 0.019904 0.01492 0.0106188 0.00710843 0.00443417
 0.00788446 0.0128694 0.0194817 0.0276898 0.0372275 0.0474398 0.0572549 0.0654498 0.0710926 0.0738352 0.0738689 0.0716732 0.0677889 0.0627139 0.0568723 0.0506051 0.0441704 0.0377574 0.0315093 0.0255488 0.0199992 0.0149951 0.0106733 0.00714421 0.00445493
 0.0078632 0.0128369 0.0194363 0.027631 0.0371551 0.0473534 0.057154 0.0653347 0.0709667 0.0737059 0.0737482 0.0715759 0.0677299 0.062704 0.0569153 0.0506963 0.0442979 0.037905 0.0316606 0.0256901 0.0201213 0.015093 0.010746 0.00719377 0.00448558
 0.00782854 0.0127771 0.0193407 0.0274886 0.0369591 0.0471064 0.0568723 0.0650468 0.0707059 0.0735008 0.0736158 0.0715209 0.0677489 0.0627898 0.057059 0.0508876 0.0445237 0.0381493 0.0319055 0.0259185 0.0203198 0.0152535 0.0108663 0.00727698 0.00453833
 0.00783254 0.0127784 0.0193325 0.0274607 0.0368993 0.0470037 0.0567211 0.0648504 0.0704779 0.0732643 0.0733993 0.0713516 0.0676466 0.0627627 0.0571048 0.0509964 0.0446817 0.0383402 0.0321118 0.0261228 0.0205061 0.0154102 0.0109877 0.00736318 0.00459424
 0.00780315 0.0127348 0.0192745 0.0273899 0.0368179 0.0469122 0.056617 0.0647297 0.0703381 0.073108 0.0732367 0.0712004 0.0675277 0.0626958 0.0571023 0.0510607 0.0448055 0.0385089 0.0323069 0.0263245 0.0206964 0.015575 0.0111185 0.00745823 0.00465711
 0.00774603 0.012642 0.0191354 0.0271966 0.0365684 0.046615 0.0562943 0.0644143 0.0700652 0.0729039 0.0731129 0.0711545 0.0675505 0.062778 0.0572379 0.0512454 0.045033 0.0387687 0.0325833 0.0265988 0.0209497 0.0157922 0.0112905 0.00758336 0.0047403
 0.00773718 0.0126204 0.0190896 0.0271115 0.0364286 0.0464116 0.0560302 0.0641074 0.0697459 0.0726088 0.0728761 0.0710004 0.0674896 0.0628068 0.0573437 0.0514124 0.045246 0.0390137 0.0328458 0.0268625 0.0211976 0.0160087 0.0114652 0.00771264 0.00482757
 0.00932612 0.0148491 0.0217887 0.0299031 0.038835 0.0480289 0.0566668 0.0638131 0.0687366 0.0711553 0.0712212 0.0693247 0.0659122 0.0613976 0.0561357 0.0504126 0.0444449 0.0383931 0.0323839 0.0265356 0.0209806 0.0158756 0.0113912 0.00767619 0.00481226
 0.00928618 0.0150795 0.0226565 0.0318662 0.0422443 0.0528596 0.0623476 0.0693176 0.0729474 0.0733027 0.0711364 0.0673876 0.0627854 0.057743 0.0524489 0.0469909 0.0414315 0.0358367 0.0302834 0.0248652 0.019701 0.0149382 0.0107399 0.00725087 0.00455343
 0.00897368 0.0145837 0.0219548 0.0310027 0.0413847 0.05233 0.0625971 0.0707577 0.0757052 0.0770363 0.0750749 0.070623 0.0646514 0.0580468 0.0514445 0.0451684 0.0392861 0.0337321 0.0284258 0.0233388 0.0185159 0.0140659 0.0101331 0.0068547 0.00431257
 0.00878182 0.0142689 0.0214761 0.0303227 0.040484 0.0512351 0.0614185 0.0697189 0.0751288 0.0772571 0.0762892 0.0727426 0.0672657 0.0605548 0.0532979 0.0460825 0.0392992 0.0331083 0.0274935 0.0223673 0.0176671 0.0134052 0.0096631 0.00654617 0.00412551
 0.00869015 0.0141112 0.0212226 0.0299396 0.0399402 0.0505144 0.0605341 0.0687273 0.0741395 0.0764357 0.0758427 0.0728695 0.0680712 0.0619658 0.0550438 0.0477782 0.0405978 0.0338323 0.0276702 0.0221633 0.0172851 0.0130046 0.00933185 0.00631117 0.00397765
 0.00867792 0.0140853 0.0211714 0.0298462 0.0397833 0.0502711 0.0601851 0.0682629 0.0735685 0.075796 0.0752107 0.0723621 0.0678284 0.0621068 0.0556069 0.0486778 0.0416353 0.03477 0.0283284 0.0224829 0.0173221 0.0128745 0.00914662 0.00614345 0.00385663
 0.00868601 0.0140976 0.021188 0.029865 0.0397986 0.0502719 0.0601538 0.068177 0.0734049 0.0755393 0.0748633 0.0719547 0.0674247 0.0617982 0.0554885 0.0488097 0.042006 0.0352879 0.0288554 0.0228941 0.0175553 0.0129412 0.00910498 0.00605891 0.00377493
 0.00866344 0.0140662 0.0211505 0.0298273 0.0397678 0.0502531 0.0601474 0.0681765 0.0733973 0.0755065 0.0747865 0.071821 0.0672372 0.0615828 0.0552953 0.0487004 0.0420292 0.0354525 0.0291199 0.0231828 0.0177936 0.0130875 0.00916022 0.00605261 0.00374232
 0.00865469 0.0140501 0.0211232 0.0297849 0.0397088 0.0501806 0.0600705 0.0681087 0.0733506 0.0754856 0.0747849 0.0718224 0.0672223 0.0615392 0.0552263 0.0486282 0.0419883 0.0354742 0.0292141 0.0233301 0.0179538 0.0132204 0.00924396 0.00608823 0.00374573
 0.00863531 0.0140199 0.0210801 0.0297277 0.039637 0.0500951 0.0599741 0.0680076 0.0732546 0.075407 0.0747351 0.0718071 0.067238 0.0615743 0.0552662 0.0486637 0.0420218 0.0355178 0.0292813 0.0234247 0.0180649 0.0133274 0.00932791 0.00614088 0.00377056
 0.00863741 0.0140231 0.0210844 0.0297329 0.0396422 0.0500984 0.059973 0.0679985 0.0732345 0.0753744 0.0746918 0.0717584 0.0671916 0.0615365 0.05524 0.0486482 0.0420149 0.0355203 0.0292969 0.0234569 0.0181124 0.0133822 0.00937872 0.00617904 0.00379341
 0.00862428 0.0140044 0.021061 0.0297074 0.039618 0.0500787 0.0599593 0.0679908 0.073231 0.0753723 0.0746881 0.0717512 0.0671803 0.0615231 0.0552278 0.0486406 0.0420142 0.0355275 0.0293128 0.0234819 0.0181456 0.0134201 0.00941568 0.0062095 0.00381444
 0.00863679 0.0140217 0.0210816 0.0297281 0.0396354 0.0500905 0.0599658 0.067994 0.0732333 0.0753746 0.0746888 0.071747 0.0671683 0.0615022 0.0551993 0.0486083 0.0419829 0.0355018 0.0292961 0.0234759 0.0181499 0.0134324 0.00943208 0.00622574 0.00382739
 0.00861756 0.0139938 0.0210456 0.0296865 0.0395917 0.0500476 0.0599254 0.0679574 0.0732021 0.075352 0.0746788 0.0717524 0.0671888 0.061534 0.0552366 0.0486455 0.0420165 0.0355311 0.0293223 0.0235008 0.0181747 0.0134569 0.00945492 0.00624515 0.00384208
 0.00861029 0.0139809 0.0210244 0.0296544 0.0395473 0.0499924 0.0598648 0.0678992 0.0731549 0.0753213 0.0746661 0.0717564 0.0672067 0.061563 0.0552737 0.0486871 0.042059 0.0355713 0.0293583 0.0235324 0.0182024 0.0134812 0.00947579 0.00626211 0.00385475
 0.00861029 0.0139809 0.0210244 0.0296544 0.0395473 0.0499924 0.0598648 0.0678992 0.0731549 0.0753213 0.0746661 0.0717564 0.0672067 0.061563 0.0552737 0.0486871 0.042059 0.0355713 0.0293583 0.0235324 0.0182024 0.0134812 0.00947579 0.00626211 0.00385475
 0.00881829 0.0143118 0.0215071 0.0303058 0.0403626 0.0509344 0.0608553 0.068826 0.0738954 0.0757767 0.0747871 0.0715503 0.0667263 0.0608876 0.0544893 0.0478724 0.041276 0.0348624 0.0287482 0.0230314 0.0178102 0.0131899 0.00927212 0.00612908 0.00377425
 0.00851161 0.0138476 0.0208749 0.0295246 0.0394835 0.0500379 0.0600458 0.0682166 0.073581 0.0758034 0.0751352 0.0721416 0.0674529 0.061644 0.0551961 0.0484841 0.0417775 0.0352591 0.0290548 0.0232644 0.0179843 0.0133168 0.00936131 0.00618888 0.00381199
 0.00854445 0.0138607 0.0208214 0.0293403 0.0391081 0.0494476 0.0592795 0.0673773 0.0728082 0.0752304 0.0748512 0.0721731 0.0677651 0.0621579 0.0558137 0.0491138 0.0423519 0.0357416 0.0294358 0.0235518 0.0181934 0.0134643 0.00946177 0.00625436 0.00385237
 0.00858382 0.0139337 0.0209446 0.0295256 0.0393494 0.0497055 0.0594778 0.0674219 0.0726288 0.0748219 0.074288 0.0715839 0.0672821 0.0618691 0.0557412 0.049221 0.0425704 0.0360002 0.0296806 0.0237535 0.018344 0.0135686 0.00953004 0.00629687 0.00387755
#pred catch len freq
 0.00316689 0.00515255 0.00779615 0.0111486 0.0152524 0.0200912 0.0255301 0.0313087 0.0370962 0.0425599 0.0474136 0.0514526 0.0545807 0.0568124 0.0582477 0.0590391 0.0593666 0.0594033 0.0592339 0.0587221 0.0574046 0.0545552 0.0495076 0.0421162 0.0330416
 0.00337596 0.00543125 0.00810459 0.0114172 0.015408 0.0200939 0.0253972 0.031106 0.0368995 0.0424126 0.0473104 0.0513594 0.0544744 0.0567135 0.0582228 0.0591712 0.0597065 0.0599247 0.059818 0.0591872 0.0575751 0.05434 0.0489436 0.0413496 0.0322574
 0.00342692 0.0055519 0.0083507 0.0118499 0.0160617 0.0209365 0.0263103 0.0319125 0.0374351 0.0425992 0.0471813 0.0510217 0.0540439 0.0562717 0.0578186 0.0588442 0.0594966 0.0598522 0.0598492 0.0592222 0.0574794 0.0540102 0.0483657 0.04061 0.0314982
 0.00360706 0.00581762 0.00870532 0.0122923 0.0166027 0.0216139 0.0271813 0.033014 0.0387272 0.0439338 0.0483329 0.0517752 0.0542855 0.0560253 0.0572111 0.0580382 0.0586342 0.0590261 0.0590922 0.0585076 0.05674 0.0531815 0.0474345 0.039635 0.0305854
 0.0037858 0.00611856 0.0091754 0.0129765 0.0175298 0.0227785 0.0285356 0.0344796 0.0402232 0.0453956 0.0496996 0.0529567 0.0551483 0.0564258 0.0570613 0.0573532 0.0575272 0.0576563 0.0576033 0.0569884 0.0552251 0.0516813 0.0459755 0.0382802 0.0294193
 0.00393187 0.0063631 0.00955924 0.0135493 0.0183477 0.0238947 0.0299813 0.03624 0.0422193 0.0474855 0.0517043 0.0546991 0.0564829 0.0572456 0.057292 0.0569573 0.0565222 0.0561276 0.0556901 0.0548486 0.053002 0.0494949 0.0439322 0.0364808 0.0279483
 0.00411002 0.0066428 0.00996364 0.0140986 0.019063 0.0248014 0.031108 0.0376099 0.0438356 0.0493134 0.0536556 0.0566299 0.0582117 0.0585857 0.0580857 0.0570988 0.055968 0.054902 0.0538857 0.0526166 0.0505309 0.0469847 0.0415711 0.0344252 0.0263019
 0.00431469 0.00697414 0.0104598 0.0147947 0.0199854 0.0259591 0.0324844 0.039162 0.0455042 0.0510369 0.0553769 0.0582888 0.0597287 0.059851 0.0589625 0.057445 0.0556681 0.0538979 0.0521995 0.0503586 0.0478912 0.0442061 0.038908 0.0320957 0.0244465
 0.00460131 0.0074218 0.011101 0.0156513 0.0210706 0.0272772 0.0340247 0.0408887 0.0473498 0.0529059 0.0571608 0.0598869 0.0610624 0.0608619 0.0595961 0.0576314 0.0553195 0.0529314 0.0505764 0.0481248 0.0451966 0.0412917 0.0360596 0.0295759 0.0224322
 0.00483303 0.00781825 0.0117336 0.0165975 0.0223953 0.0290052 0.0361148 0.0432287 0.049778 0.0552478 0.0592608 0.0616242 0.0623552 0.0616649 0.0598909 0.05741 0.0545661 0.0516168 0.0486776 0.0456664 0.0422926 0.0381591 0.0329842 0.0268407 0.020238
 0.00510358 0.00824912 0.0123692 0.0174834 0.0235821 0.0305463 0.038051 0.0455576 0.0524218 0.0580375 0.0619549 0.0639613 0.0641178 0.0627236 0.0602098 0.0570185 0.0535185 0.0499625 0.0464582 0.0429409 0.0391784 0.0348581 0.0297669 0.0239839 0.0179451
 0.00536994 0.00866332 0.0129588 0.0182652 0.0245654 0.0317374 0.0394545 0.0471745 0.0542432 0.0600327 0.0640528 0.0660341 0.0659846 0.064181 0.0610806 0.057192 0.052962 0.0487054 0.0445685 0.0405177 0.0363649 0.0318569 0.0268307 0.0213671 0.0158366
 0.00563527 0.00908153 0.0135637 0.0190795 0.0255971 0.0329755 0.0408641 0.0486979 0.0558116 0.0615841 0.0655423 0.067429 0.0672443 0.0652351 0.0618219 0.0574933 0.0527096 0.0478322 0.0430736 0.0384713 0.0339075 0.0291925 0.0242036 0.0190163 0.0139373
 0.00589704 0.00950033 0.0141817 0.019932 0.0267071 0.0343437 0.0424563 0.0504383 0.0575889 0.0632709 0.0670224 0.06862 0.068108 0.0657686 0.0620324 0.0573697 0.052211 0.0469016 0.0416713 0.0366122 0.0316845 0.0267767 0.0218167 0.0168785 0.01221
 0.0061326 0.00988023 0.0147485 0.0207256 0.0277592 0.0356686 0.0440371 0.0522158 0.05946 0.0650994 0.0686588 0.0699284 0.0689915 0.0661861 0.061996 0.0569226 0.0513967 0.0457438 0.0401768 0.0347982 0.0296135 0.0245755 0.0196634 0.0149589 0.0106627
 0.00631316 0.0101716 0.0151843 0.0213387 0.02858 0.0367189 0.0453202 0.0537054 0.0610931 0.0667768 0.0702534 0.0713018 0.0700172 0.0667729 0.062103 0.0565598 0.0506104 0.0445939 0.038721 0.0330932 0.0277321 0.0226251 0.0177849 0.0132986 0.00933044
 0.00644639 0.0103854 0.0155015 0.0217812 0.0291672 0.0374652 0.0462294 0.0547655 0.0622732 0.0680258 0.0715007 0.0724602 0.0709896 0.0674646 0.0624373 0.0564922 0.0501354 0.0437415 0.0375471 0.0316706 0.0261498 0.0209909 0.0162216 0.0119251 0.00823264
 0.00657597 0.0105873 0.01579 0.0221658 0.0296545 0.0380596 0.0469319 0.0555686 0.0631567 0.068955 0.0724276 0.0733275 0.071736 0.0680288 0.0627621 0.0565301 0.0498564 0.0431412 0.0366509 0.0305342 0.0248558 0.0196428 0.0149317 0.0107958 0.00733385
 0.00651205 0.0105057 0.0157084 0.0221153 0.0296719 0.0381759 0.0471632 0.055915 0.0636077 0.0694965 0.0730436 0.0739953 0.0724204 0.0686794 0.0633168 0.0569232 0.0500292 0.0430531 0.03629 0.0299231 0.024053 0.0187354 0.0140208 0.0099753 0.00666989
 0.00650578 0.0104883 0.0156708 0.0220486 0.0295755 0.0380664 0.0470781 0.0559051 0.063719 0.0697508 0.0734303 0.0744788 0.0729545 0.0692186 0.0638181 0.0573422 0.0503186 0.0431684 0.0361999 0.0296228 0.0235713 0.0181338 0.0133807 0.00937792 0.0061758
 0.00661531 0.0106498 0.0158821 0.0222949 0.0298304 0.0382976 0.0472545 0.0560061 0.0637445 0.0697258 0.0733987 0.0744861 0.0730286 0.06936 0.0640027 0.0575311 0.0504678 0.0432347 0.0361474 0.0294319 0.0232475 0.0177113 0.0129159 0.00893341 0.0058017
 0.00659872 0.010648 0.0159248 0.0224221 0.0300786 0.0386785 0.0477387 0.0565242 0.0642074 0.070056 0.0735566 0.0744801 0.0729057 0.0691838 0.0638281 0.0573876 0.0503542 0.0431267 0.0360111 0.0292379 0.0229834 0.017388 0.0125654 0.00859744 0.00551699
 0.0065589 0.0105859 0.0158388 0.0223189 0.029979 0.0386217 0.0477786 0.0567115 0.0645624 0.0705454 0.0740944 0.0749571 0.0732335 0.0693268 0.0638077 0.0572592 0.050176 0.0429361 0.0358182 0.0290341 0.022757 0.0171376 0.0123044 0.00834992 0.00530679
 0.00659991 0.0106342 0.0158775 0.0223212 0.0299161 0.0384764 0.0475585 0.0564562 0.0643374 0.0704246 0.0741333 0.0751667 0.073571 0.0697102 0.06415 0.0575024 0.0503048 0.0429681 0.0357822 0.0289526 0.0226423 0.0169972 0.0121494 0.00819625 0.0051715
