SBPRF35
8.06529
Curr Bio
646859
B35
553498
F35
0.209795
FOFL
0.209795
OFL
110063
Bzero
2.30437e+06
#pred survey bio
 3.27185e+06 3.52495e+06 3.70667e+06 3.6318e+06 3.26847e+06 3.0496e+06 2.84036e+06 2.43607e+06 1.96947e+06 1.57368e+06 1.29436e+06 1.14955e+06 1.04187e+06 955715 856480 768783 686566 632283 580813 542868 536468 553619 557895 538254 531323 521650 508384 508725 509888 519940 531017 521801 514669 508149 520872 527689 502947 501281 528245 557757 542124 568905 615795 654484 702488 693695 671993 579332 505241 513525 538951 591203 636232 600317 537495 552686 643730 630516 525182 492424 567495 637910 654936 1.56085e+07 1.40387e+07 1.40697e+07 1.44637e+07 1.5057e+07 1.56976e+07 1.62916e+07 1.67953e+07 1.71991e+07 1.7511e+07 1.77462e+07 1.79208e+07 1.80493e+07 1.81436e+07 1.82126e+07 1.82633e+07 1.83007e+07 1.83283e+07 1.83489e+07 1.83643e+07 1.83758e+07 1.83846e+07 1.83912e+07 1.83962e+07 1.84001e+07 1.8403e+07 1.84053e+07 1.8407e+07 1.84084e+07 1.84094e+07 1.84102e+07 1.84108e+07 1.84113e+07 1.84117e+07 1.84119e+07 1.84122e+07 1.84123e+07 1.84125e+07 1.84126e+07 1.84127e+07 1.84127e+07 1.84128e+07 1.84128e+07 1.84128e+07 1.84129e+07 1.84129e+07 1.84129e+07 1.84129e+07 1.84129e+07 1.84129e+07 1.84129e+07 1.84129e+07 1.84129e+07 1.84129e+07 1.84129e+07 1.84129e+07 1.84129e+07 1.84129e+07 1.84129e+07 1.84129e+07 1.84129e+07 1.84129e+07 1.84129e+07 1.84129e+07 1.84129e+07 1.84129e+07 1.84129e+07 1.84129e+07 1.84129e+07 1.84129e+07 1.84129e+07 1.84129e+07 1.84129e+07 1.84129e+07 1.84129e+07 1.84129e+07 1.84129e+07 1.84129e+07 1.84129e+07 1.84129e+07 1.84129e+07 1.84129e+07 1.84129e+07 1.84129e+07 1.84129e+07 1.84129e+07 1.84129e+07 1.84129e+07 1.84129e+07 1.84129e+07 1.84129e+07 1.84129e+07 1.84129e+07 1.84129e+07 1.84129e+07 1.84129e+07 1.84129e+07 1.84129e+07 1.84129e+07 1.84129e+07 0 0 0 0 0 0 0 0 0 0 0 0 0 0 0 0 0 0 0 0 0 0 0 0 0
#obs survey bio
 2.46896e+06 3.46201e+06 4.13694e+06 4.83849e+06 2.50661e+06 3.02068e+06 2.99097e+06 2.29676e+06 1.98240e+06 1.71823e+06 912883 1.30931e+06 977223 879596 1.10846e+06 734614 751320 618339 651926 626608 531417 465100 797401 512144 602624 535640 396075 577921 469656 566807 553327 532467 514510 454544 506574 516923 408433 536099 471970 619369 399410 420945 697019 768888 837560 524337 765038 621881 431177 665080 463419 391692 982739 762454 415396 707122 737069 753070 446519 385186 758256 577096 602971
#pred catch bio
 89912.6 102140 148404 200896 235575 278064 263021 291479 301319 293385 272866 271314 258868 255859 234300 217961 179557 173177 153503 135047 122679 132308 123406 111815 112333 108976 106375 100009 97231 96923.4 105612 96534.4 104170 93080.3 87063.1 93083.8 93183.2 88053.4 89879.2 89340.4 88937 86885.8 93910 85920.9 87838.3 87588.6 92796.6 84618.3 92385.7 91368.3 84078.3 85665.8 114808 135671 106379 40644.2 100581 141964 104264 39890.5 35764.3 103142 98729.5 110063 107803 106672 108510 112299 116560 120483 123732 126246 128101 129424 130343 130968 131388 131666 131849 131968 132045 132095 132127 132147 132160 132168 132174 132177 132179 132180 132181 132182 132182 132182 132182 132183 132183 132183 132183 132183 132183 132183 132183 132183 132183 132183 132183 132183 132183 132183 132183 132183 132183 132183 132183 132183 132183 132183 132183 132183 132183 132183 132183 132183 132183 132183 132183 132183 132183 132183 132183 132183 132183 132183 132183 132183 132183 132183 132183 132183 132183 132183 132183 132183 132183 132183 132183 132183 132183 132183 132183 132183 132183 132183 132183 132183 132183 132183 132183 132183 132183 132183 132183 0 0 0 0 0 0 0 0 0 0 0 0 0 0 0 0 0 0 0 0 0 0 0 0 0
#obs catch bio
 0 101952 148372 200849 235696 278953 262342 291338 301260 293156 273578 272275 259888 255820 234340 218458 179087 173523 153111 135267 122883 133108 122907 111754 112418 108790 106655 99872.2 97275.2 96925.4 105706 96277.2 104387 93257.9 87011.5 92892.7 93293.1 88173.9 90102.8 89004.5 89122.7 86913.8 94002.9 85928.2 87715 87553.4 92749.1 84359.8 92914.4 91474.8 84187 85533 114582 135749 107515 40087.9 100851 142224 104881 39708.9 35415.2 104080 98662.9
#pred cpue bio
 3.23482e+06 3.48561e+06 3.66356e+06 3.58758e+06 3.22678e+06 3.00771e+06 2.79818e+06 2.39738e+06 1.93545e+06 1.54381e+06 1.26725e+06 1.12303e+06 1.01562e+06 929685 831182 744378 663326 610056 559704 522668 516196 532664 536719 517848 511133 501813 489071 489373 490645 500469 511393 502627 495924 489625 502184 509010 484070 480476 505384 533859 519313 544892 589903 627053 673377 665317 644568 555736 484546 492088 516608 567076 610663 575944 514209 527712 616960 605335 502835 470072 543253 613577 630161 1.50078e+07 1.34967e+07 1.34412e+07 1.3765e+07 1.43417e+07 1.49796e+07 1.55732e+07 1.60769e+07 1.64807e+07 1.67926e+07 1.70278e+07 1.72024e+07 1.73309e+07 1.74252e+07 1.74942e+07 1.75449e+07 1.75823e+07 1.76099e+07 1.76305e+07 1.76458e+07 1.76574e+07 1.76661e+07 1.76728e+07 1.76778e+07 1.76816e+07 1.76846e+07 1.76869e+07 1.76886e+07 1.76899e+07 1.7691e+07 1.76918e+07 1.76924e+07 1.76928e+07 1.76932e+07 1.76935e+07 1.76937e+07 1.76939e+07 1.7694e+07 1.76941e+07 1.76942e+07 1.76943e+07 1.76943e+07 1.76944e+07 1.76944e+07 1.76944e+07 1.76944e+07 1.76945e+07 1.76945e+07 1.76945e+07 1.76945e+07 1.76945e+07 1.76945e+07 1.76945e+07 1.76945e+07 1.76945e+07 1.76945e+07 1.76945e+07 1.76945e+07 1.76945e+07 1.76945e+07 1.76945e+07 1.76945e+07 1.76945e+07 1.76945e+07 1.76945e+07 1.76945e+07 1.76945e+07 1.76945e+07 1.76945e+07 1.76945e+07 1.76945e+07 1.76945e+07 1.76945e+07 1.76945e+07 1.76945e+07 1.76945e+07 1.76945e+07 1.76945e+07 1.76945e+07 1.76945e+07 1.76945e+07 1.76945e+07 1.76945e+07 1.76945e+07 1.76945e+07 1.76945e+07 1.76945e+07 1.76945e+07 1.76945e+07 1.76945e+07 1.76945e+07 1.76945e+07 1.76945e+07 1.76945e+07 1.76945e+07 1.76945e+07 1.76945e+07 1.76945e+07 1.76945e+07 1.76945e+07 0 0 0 0 0 0 0 0 0 0 0 0 0 0 0 0 0 0 0 0 0 0 0 0 0
#obs cpue bio
 3.66405e+06 3.95342e+06 4.2355e+06 3.33605e+06 2.95897e+06 2.43921e+06 3.95135e+06 2.50705e+06 1.91572e+06 1.49785e+06 1.34305e+06 938244 971110 1.26494e+06 615273 732387 692526 546391 608222 363368 463217 532683 628118 434798 441614 565670 485974 531001 474521 450721 528012 542165 435387 469296 563766 667868 490744 396530 511178 793140 466525 745081 573548 460599 729088 750081 677488 582417 340178 474045 505121 918201 525488 455871 395746 533386 630006 558077 485043 496327 620369 532766 720082
#pred surv len freq
 0.00422713 0.00698199 0.0107291 0.0155185 0.0212643 0.0276476 0.0341039 0.0399824 0.0447992 0.048393 0.0508844 0.0525211 0.0535454 0.0541398 0.0544256 0.0544838 0.054377 0.0541518 0.053789 0.0531027 0.0516568 0.0488238 0.0440584 0.0372823 0.029111
 0.00462259 0.00750243 0.0112896 0.0159737 0.0214601 0.0274963 0.0336365 0.039338 0.0441543 0.0478772 0.0505355 0.0523017 0.0533984 0.0540412 0.0544047 0.0546029 0.0546868 0.0546456 0.0543802 0.0536417 0.0519866 0.0488475 0.0437828 0.0368093 0.0285841
 0.00463298 0.00761722 0.0116332 0.0166952 0.022663 0.0291468 0.0355122 0.041075 0.0453909 0.0484105 0.0503896 0.0516711 0.0525226 0.0531046 0.0535107 0.0538039 0.0540168 0.0541219 0.053981 0.053293 0.0515824 0.0483023 0.0430818 0.0360202 0.0278214
 0.00476242 0.0077903 0.0118331 0.0169055 0.0228987 0.0294855 0.0360884 0.0420176 0.0467213 0.049972 0.0518759 0.0527536 0.0529983 0.0529662 0.0529078 0.0529442 0.053082 0.0532287 0.0531768 0.052565 0.0508782 0.0475656 0.0422925 0.0352147 0.0270756
 0.0050325 0.00821654 0.0124474 0.0177208 0.0238996 0.0306215 0.0372815 0.0431893 0.0478304 0.0510288 0.0529057 0.053728 0.0537952 0.0534046 0.0528413 0.052342 0.0520396 0.0519115 0.0517456 0.0511267 0.0494803 0.0462233 0.0410245 0.0340635 0.0261
 0.00519091 0.00850421 0.0129351 0.0184902 0.0250203 0.0321161 0.0390936 0.0451784 0.0498041 0.052801 0.0543506 0.0548001 0.0545022 0.0537542 0.0528019 0.0518528 0.0510612 0.0504745 0.0499568 0.0491343 0.0474302 0.0442366 0.0391997 0.0324837 0.0248272
 0.00536172 0.00878304 0.0133594 0.0191018 0.0258655 0.0332397 0.0405246 0.0469089 0.0517691 0.0548697 0.0563417 0.0565206 0.0557961 0.0545323 0.0530369 0.0515481 0.0502262 0.0491283 0.0481537 0.0469834 0.04509 0.0418889 0.0370184 0.0306085 0.0233438
 0.00555879 0.00909646 0.0138184 0.0197301 0.0266791 0.0342439 0.0417114 0.0482578 0.053251 0.0564482 0.0579644 0.0581039 0.0572191 0.0556516 0.0537175 0.0516926 0.0497864 0.0481033 0.0465876 0.0449718 0.042785 0.0394885 0.0347347 0.0286242 0.021774
 0.00572035 0.00938704 0.0143061 0.0204926 0.0277816 0.0357079 0.0434882 0.0502281 0.0552569 0.0583409 0.0596399 0.0595094 0.0583317 0.0564464 0.054146 0.0516818 0.0492588 0.0470056 0.0449176 0.0427972 0.0402513 0.0368082 0.0321528 0.0263631 0.0199805
 0.00590519 0.00970151 0.0148068 0.021245 0.0288508 0.0371405 0.0452887 0.0523399 0.0575583 0.0606586 0.0617803 0.0612987 0.0596507 0.0572429 0.0544174 0.0514409 0.0485056 0.0457241 0.043101 0.0404864 0.0375663 0.0339528 0.0293817 0.0239208 0.0180352
 0.00615453 0.0101123 0.0154357 0.0221487 0.030077 0.038711 0.0471832 0.0544885 0.0598488 0.0629534 0.0639309 0.0631568 0.0610806 0.0581391 0.0547193 0.0511346 0.0476086 0.0442659 0.0411173 0.0380379 0.03477 0.0309998 0.0265184 0.021392 0.0160156
 0.0062907 0.0103645 0.0158721 0.0228521 0.0311255 0.0401488 0.0489925 0.0565826 0.0620901 0.0651859 0.0660081 0.0649543 0.0624961 0.0590884 0.0551366 0.0509763 0.046858 0.0429344 0.0392451 0.0357012 0.032096 0.0281765 0.0237794 0.0189689 0.0140759
 0.00648053 0.0106715 0.0163331 0.0235052 0.0320096 0.0412975 0.0504228 0.0582791 0.0639927 0.0671874 0.067966 0.0667148 0.0639216 0.060076 0.0556209 0.0509214 0.0462486 0.041774 0.0375634 0.0335676 0.0296339 0.0255673 0.0212443 0.016724 0.0122768
 0.00667258 0.0109877 0.0168156 0.0241943 0.0329343 0.042462 0.0517962 0.0597963 0.065571 0.0687463 0.0694365 0.0680344 0.065023 0.0608844 0.0560615 0.050932 0.0457876 0.0408255 0.0361419 0.0317282 0.0274844 0.0232713 0.0190025 0.0147328 0.0106778
 0.00688093 0.0113359 0.0173567 0.0249821 0.0340099 0.0438338 0.0534203 0.0615722 0.0673589 0.0704002 0.0708368 0.0691062 0.0657363 0.0612388 0.0560661 0.0505888 0.0450881 0.0397585 0.0347099 0.029967 0.0254787 0.021159 0.0169573 0.0129258 0.00923157
 0.00704037 0.0116012 0.0177677 0.025581 0.034834 0.0449032 0.0547229 0.0630549 0.0689299 0.0719415 0.0722232 0.0702258 0.0665086 0.0616253 0.0560672 0.0502288 0.0443969 0.0387597 0.0334245 0.028429 0.0237548 0.0193583 0.0152205 0.011394 0.00800665
 0.00724751 0.0119305 0.0182495 0.0262389 0.035681 0.045936 0.055915 0.0643535 0.0702606 0.0732192 0.0733627 0.0711488 0.0671497 0.0619381 0.0560303 0.0498475 0.0436973 0.0377791 0.0322046 0.027018 0.0222183 0.0177874 0.0137275 0.0100895 0.00696968
 0.00727442 0.0119809 0.018338 0.0263841 0.0359032 0.0462519 0.0563338 0.0648749 0.070876 0.0739134 0.0741117 0.0719158 0.0678813 0.0625672 0.0564858 0.0500684 0.0436446 0.037442 0.0315994 0.0261856 0.0212223 0.0167128 0.0126725 0.00914867 0.00621144
 0.00741212 0.0121913 0.0186298 0.026757 0.0363489 0.0467567 0.0568791 0.065437 0.0714279 0.0744284 0.0745687 0.072302 0.06819 0.0627915 0.0566115 0.0500711 0.043494 0.0371125 0.0310815 0.0254947 0.0204016 0.0158296 0.0118081 0.00838054 0.00559446
 0.00760527 0.0124776 0.0190087 0.0272093 0.0368409 0.0472495 0.0573363 0.0658304 0.0717407 0.0746581 0.0747258 0.0724043 0.0682544 0.0628267 0.0566145 0.0500271 0.0433788 0.0368981 0.0307458 0.025032 0.0198309 0.0151959 0.0111731 0.00780697 0.00512887
 0.00771017 0.0126409 0.0192398 0.0275088 0.0371974 0.0476365 0.0577124 0.0661467 0.0719564 0.074757 0.0747235 0.0723403 0.0681742 0.0627638 0.0565809 0.0500126 0.0433571 0.0368353 0.0306098 0.024803 0.0195094 0.0148062 0.0107585 0.00741665 0.00480277
 0.00762773 0.0125195 0.019081 0.027323 0.0370025 0.0474536 0.0575619 0.066045 0.0719132 0.074774 0.0747959 0.0724614 0.0683397 0.0629721 0.0568284 0.0502874 0.0436358 0.0370844 0.0307937 0.024893 0.0194939 0.0146956 0.0105831 0.00721716 0.00461701
 0.00770174 0.0126204 0.0191975 0.0274338 0.0370836 0.0474898 0.0575543 0.0660102 0.0718735 0.074746 0.0747842 0.0724606 0.0683419 0.0629744 0.0568349 0.0503059 0.0436699 0.0371279 0.0308294 0.024899 0.0194531 0.0146039 0.0104525 0.00707106 0.00448035
 0.00786492 0.0128525 0.0194846 0.0277398 0.0373578 0.0476809 0.0576249 0.065946 0.0716877 0.0744769 0.0744862 0.0721882 0.0681337 0.0628449 0.0567778 0.0503039 0.0437043 0.0371815 0.0308857 0.024941 0.019466 0.0145802 0.0103956 0.00699418 0.00440075
 0.00780439 0.0127841 0.0194352 0.027748 0.0374569 0.0478763 0.0578789 0.0661853 0.0718323 0.0744763 0.0743409 0.0719458 0.0678654 0.0626164 0.0566299 0.0502468 0.0437241 0.0372522 0.0309787 0.0250313 0.0195347 0.0146169 0.0103995 0.00697289 0.0043667
 0.00782027 0.0127949 0.0194259 0.0277011 0.0373641 0.0477517 0.0577636 0.0661329 0.07188 0.0746179 0.0745244 0.0720998 0.0679367 0.0625948 0.0565456 0.0501481 0.0436514 0.0372243 0.0309923 0.0250696 0.0195778 0.0146491 0.0104133 0.00696908 0.00435162
 0.007854 0.0128462 0.0194954 0.0277843 0.0374494 0.0478204 0.0577938 0.0661092 0.0718045 0.0745159 0.0744339 0.0720503 0.0679316 0.0626113 0.0565533 0.0501298 0.0436118 0.0371819 0.0309647 0.0250633 0.0195877 0.0146643 0.0104244 0.00697168 0.00434669
 0.0078502 0.0128445 0.0195011 0.0278044 0.0374905 0.0478842 0.0578736 0.0661892 0.0718639 0.0745366 0.0744094 0.0719905 0.0678584 0.0625471 0.0565093 0.0501029 0.043592 0.037162 0.0309452 0.0250491 0.019582 0.0146657 0.0104284 0.00697407 0.00434581
 0.00788197 0.0128752 0.0195092 0.0277596 0.0373644 0.0476663 0.0575831 0.0658727 0.0715793 0.0743312 0.0743056 0.0719844 0.0679301 0.0626734 0.0566705 0.0502834 0.0437779 0.0373401 0.0311048 0.0251844 0.0196916 0.0147509 0.0104911 0.00701685 0.00437203
 0.00779764 0.0127586 0.0193704 0.027617 0.0372351 0.0475538 0.0574711 0.0657337 0.0713943 0.0741079 0.0740817 0.0718124 0.0678531 0.0627082 0.056806 0.0504909 0.044024 0.037595 0.031346 0.0253969 0.0198674 0.0148879 0.0105912 0.00708504 0.00441478
 0.00770204 0.0126028 0.019137 0.0272943 0.0368249 0.0470796 0.0569815 0.0652926 0.0710589 0.0739076 0.0740121 0.0718487 0.0679714 0.062897 0.0570625 0.0508093 0.0443876 0.0379774 0.0317178 0.0257329 0.0201509 0.0151115 0.0107559 0.00719771 0.00448595
 0.00774752 0.0126672 0.0192157 0.0273749 0.0368888 0.0471053 0.0569499 0.0651936 0.0708969 0.0737029 0.0737952 0.0716496 0.0678104 0.0627829 0.0569983 0.0507973 0.0444292 0.0380687 0.0318467 0.0258805 0.0202969 0.0152398 0.0108575 0.0072707 0.00453357
 0.00767519 0.0125606 0.0190753 0.0272078 0.0367054 0.0469151 0.0567586 0.0650033 0.0707098 0.0735255 0.0736404 0.0715356 0.0677551 0.062798 0.0570848 0.0509465 0.0446266 0.0382985 0.0320925 0.0261255 0.0205243 0.015435 0.0110116 0.00738201 0.00460682
 0.00765853 0.0125404 0.0190577 0.027203 0.0367252 0.0469681 0.0568457 0.0651144 0.0708239 0.0736143 0.0736766 0.0715017 0.0676519 0.0626453 0.0569149 0.0507931 0.0445149 0.03824 0.0320863 0.0261614 0.0205869 0.0155081 0.0110812 0.00743899 0.00464779
 0.00772508 0.0126082 0.0190865 0.0271344 0.0365031 0.0465689 0.0563004 0.0645077 0.070266 0.0732015 0.073461 0.0714836 0.0677916 0.0628859 0.0572034 0.0510934 0.0448095 0.0385241 0.0323588 0.0264187 0.0208217 0.015711 0.0112447 0.0075605 0.00473028
 0.00840302 0.0135643 0.0202532 0.0283518 0.0375572 0.0472585 0.0564974 0.064186 0.0694983 0.072135 0.0722816 0.0703724 0.0668825 0.0622404 0.0568136 0.050907 0.0447615 0.0385591 0.0324394 0.0265223 0.0209335 0.0158195 0.0113404 0.00763684 0.00478517
 0.00917751 0.0147935 0.0220368 0.0307338 0.0404839 0.0505319 0.0597548 0.0669479 0.0712986 0.0726796 0.0715473 0.0685924 0.0644405 0.0595391 0.0541765 0.0485369 0.0427479 0.0369124 0.0311294 0.0255063 0.0201694 0.0152678 0.0109623 0.00739365 0.00463967
 0.00912007 0.0148323 0.0223379 0.0315285 0.0420028 0.0528998 0.0628946 0.0705498 0.0748751 0.0756854 0.0735161 0.0692503 0.0637655 0.0577478 0.0516434 0.0456782 0.0399189 0.0343529 0.0289605 0.0237602 0.0188255 0.0142797 0.0102724 0.00694026 0.004362
 0.00880378 0.0143434 0.021659 0.0306872 0.041097 0.0521182 0.0625083 0.0708492 0.076054 0.0777213 0.0761229 0.0719459 0.0660281 0.0591857 0.0521006 0.0452429 0.0388488 0.0329638 0.0275302 0.0224764 0.0177805 0.013493 0.0097201 0.00657838 0.0041416
 0.00867573 0.014111 0.0212662 0.0300723 0.0402152 0.0509775 0.0612051 0.0695821 0.0750978 0.0773591 0.0765521 0.0731898 0.0678957 0.0613112 0.054059 0.0466919 0.0396288 0.033114 0.0272275 0.0219419 0.0172018 0.0129877 0.00933695 0.00631824 0.00398131
 0.00885303 0.0143429 0.0215093 0.0302467 0.0402204 0.050722 0.060638 0.0687163 0.0740221 0.0762376 0.0756046 0.0726448 0.0679186 0.0619328 0.0551442 0.0479756 0.0408112 0.0339687 0.0276673 0.0220158 0.0170386 0.0127265 0.00907989 0.00611681 0.00384646
 0.00885687 0.0143818 0.0216243 0.0304853 0.0406107 0.0512387 0.0611819 0.06913 0.0741442 0.0759733 0.0749745 0.0717883 0.0670518 0.0612777 0.0548524 0.0480756 0.0412023 0.0344698 0.028097 0.0222627 0.0170864 0.0126304 0.00892013 0.00595893 0.00372476
 0.00886014 0.0143673 0.0215691 0.0303639 0.0404115 0.0509825 0.0609277 0.0689538 0.0740967 0.0760418 0.075081 0.0718331 0.0669758 0.0611026 0.0546724 0.048005 0.041312 0.0347495 0.0284643 0.0226098 0.0173328 0.0127514 0.00893974 0.00592275 0.00367341
 0.00891801 0.0144537 0.0216835 0.0304969 0.0405434 0.0510843 0.0609676 0.0689095 0.0739702 0.0758641 0.0748989 0.0716815 0.0668579 0.0609954 0.0545558 0.0478882 0.0412338 0.0347503 0.0285542 0.0227581 0.0174864 0.0128651 0.00899609 0.00593119 0.00365592
 0.00883904 0.014331 0.0215097 0.0302701 0.0402682 0.0507726 0.060639 0.0685891 0.0736846 0.0756372 0.0747508 0.0716281 0.0669077 0.0611431 0.0547788 0.0481543 0.0415153 0.0350339 0.0288368 0.0230339 0.0177392 0.0130731 0.00914461 0.00602045 0.00369925
 0.00889466 0.0143956 0.0215597 0.0302687 0.0401765 0.0505669 0.0603242 0.0682009 0.0732772 0.0752656 0.0744569 0.071436 0.0668257 0.0611684 0.0549 0.0483524 0.0417655 0.0353105 0.0291177 0.0233021 0.0179804 0.0132746 0.00929737 0.00612322 0.00375929
 0.00868114 0.0141108 0.021244 0.0299929 0.0400151 0.0505601 0.0604513 0.0683866 0.0734284 0.0753167 0.0743951 0.0712964 0.066666 0.0610421 0.0548412 0.048373 0.0418599 0.0354617 0.0293036 0.0235 0.0181701 0.0134402 0.00942859 0.00621667 0.00381833
 0.0087376 0.014168 0.0212697 0.0299453 0.0398653 0.0503198 0.0601861 0.0681948 0.0733913 0.0754502 0.0746376 0.0715438 0.0668279 0.061082 0.0547796 0.0482625 0.0417541 0.0353957 0.0292892 0.0235312 0.0182309 0.0135125 0.00949699 0.00627157 0.00385639
 0.00869325 0.0141281 0.0212662 0.03002 0.0400498 0.05061 0.0605298 0.0685086 0.0736016 0.0755314 0.0746181 0.0714755 0.0667458 0.0609865 0.0546511 0.0480889 0.0415468 0.0351849 0.0291073 0.0233984 0.0181509 0.0134757 0.00948853 0.006277 0.00386559
 0.00852887 0.0139111 0.0210339 0.029841 0.0400087 0.0507791 0.0609401 0.0691321 0.0743515 0.0762814 0.0752377 0.0718697 0.0668815 0.0608904 0.0543844 0.0477173 0.041125 0.0347562 0.0287079 0.0230567 0.0178836 0.0132853 0.00936523 0.00620442 0.00382668
 0.00863324 0.0140171 0.0210797 0.0297408 0.0396891 0.0502302 0.0602491 0.0684698 0.0739087 0.0761879 0.0755101 0.072414 0.0675419 0.0615137 0.0548671 0.0480208 0.0412631 0.0347702 0.0286459 0.0229613 0.0177867 0.013206 0.00931044 0.00617225 0.00381076
 0.00859875 0.0139716 0.021027 0.0296814 0.0396083 0.0500879 0.0599846 0.0680313 0.0732984 0.0754934 0.0748908 0.0720397 0.0675154 0.0618271 0.055415 0.0486561 0.0418573 0.0352482 0.0289875 0.0231835 0.0179217 0.0132854 0.00935778 0.00620185 0.00382997
 0.00844069 0.0137332 0.0207038 0.0292839 0.0391609 0.0496245 0.0595412 0.0676355 0.0729597 0.075204 0.0746416 0.0718453 0.0674257 0.0619085 0.0557096 0.0491488 0.0424746 0.0358894 0.0295647 0.0236464 0.0182601 0.0135154 0.00950569 0.00629295 0.00388388
 0.00874356 0.0141767 0.0212802 0.0299536 0.0398626 0.0502922 0.0601175 0.0680748 0.0732258 0.0752668 0.0744806 0.0714584 0.0668419 0.0611954 0.0549662 0.0484782 0.0419503 0.0355333 0.0293511 0.0235261 0.018187 0.0134617 0.00946113 0.006257 0.0038579
 0.00918922 0.0149078 0.0223866 0.0315067 0.0418811 0.0526979 0.0627058 0.0705331 0.0752097 0.0765021 0.074835 0.0709528 0.0656124 0.0594406 0.052905 0.0463231 0.0398855 0.0336959 0.0278179 0.0223154 0.0172739 0.0128002 0.00900123 0.00595254 0.00366842
 0.00891927 0.0145479 0.0219938 0.0311904 0.0417824 0.0529498 0.0633899 0.0716485 0.0766595 0.0781016 0.0763462 0.0721405 0.0663057 0.0595726 0.0525171 0.045537 0.0388629 0.0325992 0.0267806 0.0214249 0.016569 0.0122799 0.00864048 0.00571707 0.00352418
 0.00829265 0.0134913 0.0203453 0.0288074 0.0386123 0.0491229 0.0592825 0.0678499 0.0738206 0.0767272 0.0766348 0.0739445 0.0692107 0.0630426 0.0560414 0.0487358 0.0415294 0.0346837 0.0283384 0.0225578 0.0173803 0.0128525 0.00903456 0.00597669 0.0036848
 0.00856079 0.0138729 0.0208114 0.0292778 0.0389537 0.0491631 0.0588465 0.0668211 0.0722172 0.0747534 0.0746588 0.0723888 0.0683995 0.0630865 0.0568177 0.0499641 0.0428912 0.0359262 0.0293247 0.0232602 0.0178408 0.0131377 0.00920565 0.00607747 0.00374287
 0.00928194 0.0150204 0.0224847 0.0315321 0.0417638 0.0523782 0.0621558 0.0697715 0.0743072 0.0755797 0.0740537 0.0704855 0.0655954 0.0599167 0.0537891 0.047417 0.040946 0.0345233 0.0283186 0.0225085 0.0172515 0.0126705 0.0088485 0.00582316 0.00357727
 0.00917066 0.0149293 0.0225142 0.0318327 0.0424987 0.0536604 0.063987 0.072012 0.0766887 0.0777532 0.0756603 0.07124 0.0653675 0.0587794 0.0520033 0.0453469 0.0389399 0.0328157 0.0269965 0.0215442 0.0165649 0.0121825 0.00850312 0.00558574 0.00342339
 0.00833194 0.0135928 0.0205653 0.0292161 0.0392687 0.0500379 0.0603896 0.0690027 0.0748266 0.077402 0.0768538 0.0736752 0.068519 0.0620749 0.0549858 0.0477701 0.040772 0.0341667 0.0280177 0.0223513 0.0172142 0.0126891 0.00887223 0.00583184 0.00357243
 0.0081997 0.0132697 0.0198809 0.02795 0.0372125 0.047095 0.0566698 0.0648588 0.0708051 0.0741232 0.07486 0.0732898 0.0697567 0.0646386 0.0583619 0.0513894 0.0441676 0.0370648 0.0303363 0.0241344 0.0185525 0.0136696 0.00956387 0.00629261 0.00385735
 0.00846995 0.0137461 0.0206536 0.0290913 0.0387174 0.0488097 0.0582584 0.0658636 0.0708076 0.0729349 0.0726371 0.0704998 0.067014 0.0624903 0.0571183 0.0510649 0.0445404 0.0378108 0.0311641 0.0248623 0.0191128 0.0140676 0.00983299 0.00646718 0.00396472
#obs surv len freq
 nan nan nan nan nan nan nan nan nan nan nan nan nan nan nan nan nan nan nan nan nan nan nan nan nan
 0.00448352 0.00734432 0.0111738 0.0159897 0.0216901 0.0279655 0.0342796 0.0400111 0.044691 0.0481553 0.0505137 0.0520102 0.052903 0.0534158 0.0537305 0.0539857 0.0542645 0.0545574 0.0546963 0.0542882 0.0527262 0.0493583 0.0438078 0.0362876 0.0276709
 0.00461628 0.00756178 0.0115037 0.016458 0.0223143 0.0287451 0.0351863 0.0409864 0.045654 0.0490191 0.0512015 0.0524668 0.0531006 0.0533537 0.0534307 0.0534855 0.0536073 0.053786 0.0538496 0.0534033 0.0518419 0.0485177 0.0430557 0.0356619 0.0271927
 0.00477933 0.00782926 0.0119108 0.0170388 0.0230956 0.0297349 0.0363626 0.0422913 0.0470002 0.0503033 0.0523205 0.0533301 0.0536399 0.0535299 0.0532366 0.052944 0.0527645 0.0527017 0.0525907 0.0520403 0.0504505 0.0471787 0.0418496 0.0346551 0.0264218
 0.00497072 0.00814149 0.0123828 0.0177081 0.0239912 0.0308669 0.0377104 0.0437984 0.0485801 0.051853 0.0537343 0.0545082 0.0544949 0.0539923 0.0532621 0.0525185 0.0519068 0.0514616 0.0510443 0.0502855 0.048603 0.0453661 0.0401978 0.0332668 0.0253549
 0.00518693 0.00849578 0.0129212 0.0184751 0.0250213 0.0321708 0.0392612 0.0455273 0.0503862 0.0536225 0.0553571 0.055887 0.0555452 0.0546423 0.0534536 0.0522122 0.0510891 0.0501532 0.0493061 0.0482215 0.0463576 0.043112 0.0381119 0.0314966 0.0239862
 0.00539462 0.00883771 0.013444 0.0192256 0.0260382 0.0334711 0.0408257 0.0472944 0.0522596 0.0554881 0.0571009 0.0574052 0.0567485 0.0554556 0.0538142 0.0520695 0.0504091 0.0489282 0.0475699 0.0460633 0.043927 0.040608 0.0357512 0.0294671 0.0224034
 0.00564255 0.00924081 0.0140509 0.0200819 0.0271783 0.0349055 0.042527 0.0491922 0.0542493 0.0574504 0.0589196 0.0589779 0.0579895 0.0562948 0.0541941 0.0519422 0.0497369 0.0476913 0.0457831 0.0437973 0.0413245 0.037879 0.0331397 0.0271954 0.020616
 0.00588836 0.00964383 0.0146637 0.0209552 0.028351 0.036389 0.0442893 0.0511531 0.0562931 0.0594495 0.0607553 0.0605509 0.0592214 0.0571238 0.0545703 0.051823 0.0490858 0.0464837 0.0440217 0.0415371 0.0386941 0.0350838 0.0304318 0.0248147 0.0187265
 0.00612843 0.0100397 0.01527 0.0218262 0.0295303 0.0378922 0.0460867 0.0531633 0.0583945 0.0615038 0.0626313 0.0621392 0.0604394 0.0579141 0.0548944 0.0516529 0.0483978 0.0452603 0.042265 0.0392931 0.0360784 0.03229 0.0277072 0.0224025 0.0167994
 0.00638177 0.0104526 0.0158933 0.0227086 0.0307091 0.0393795 0.047854 0.0551351 0.0604571 0.0635251 0.0644814 0.0637048 0.0616314 0.0586696 0.0551744 0.0514357 0.0476718 0.0440207 0.0405223 0.0370936 0.033529 0.0295703 0.0250502 0.0200423 0.0149062
 0.00663304 0.0108659 0.0165239 0.0236099 0.0319214 0.0409119 0.0496675 0.057138 0.0625203 0.0655086 0.0662583 0.0651732 0.0627159 0.0593184 0.0553557 0.0511332 0.0468802 0.0427442 0.0387805 0.034937 0.0310607 0.0269568 0.0225064 0.0177849 0.0130943
 0.00684302 0.0112117 0.017053 0.0243697 0.032951 0.0422275 0.051247 0.0589141 0.0643876 0.0673422 0.0679339 0.0665824 0.0637745 0.0599692 0.0555653 0.0508867 0.0461748 0.0415876 0.0371955 0.0329753 0.0288196 0.0245885 0.020204 0.0157423 0.0114536
 0.00707538 0.0115913 0.0176275 0.0251839 0.0340371 0.0435911 0.0528519 0.0606789 0.0661976 0.0690719 0.0694683 0.0678282 0.0646635 0.0604573 0.0556301 0.050523 0.0453899 0.0403983 0.0356319 0.0310913 0.0267077 0.0223869 0.0180841 0.0138738 0.00995913
 0.00727354 0.0119192 0.0181312 0.0259094 0.0350202 0.0448413 0.0543376 0.0623223 0.0678862 0.0706817 0.0708851 0.0689613 0.06545 0.0608611 0.0556369 0.0501352 0.0446209 0.0392706 0.0341797 0.0293692 0.024802 0.0204207 0.0162063 0.0122288 0.00864925
 0.00744231 0.0121971 0.0185561 0.0265191 0.0358451 0.0458929 0.0555959 0.06373 0.0693549 0.072107 0.0721631 0.070002 0.066185 0.0612476 0.0556572 0.0497917 0.0439305 0.0382601 0.0328868 0.0278488 0.0231341 0.0187138 0.0145877 0.0108193 0.00753215
 0.00753642 0.0123507 0.018789 0.0268517 0.0362966 0.0464771 0.056316 0.0645736 0.0702928 0.073094 0.0731412 0.0709039 0.0669408 0.0617926 0.05594 0.0497797 0.0436115 0.0376421 0.0319969 0.026735 0.0218685 0.0173925 0.0133203 0.00970847 0.00664862
 0.00763094 0.0124972 0.0189964 0.0271242 0.0366344 0.0468774 0.0567732 0.0650794 0.0708369 0.0736645 0.0737236 0.0714774 0.0674748 0.0622452 0.0562619 0.0499219 0.0435349 0.037325 0.0314412 0.0259693 0.0209495 0.0164011 0.0123507 0.0088488 0.00596017
 0.00764984 0.0125283 0.0190437 0.027192 0.036726 0.046995 0.0569175 0.0652507 0.0710372 0.0738995 0.0740013 0.0718033 0.0678447 0.0626395 0.0566437 0.0502406 0.0437352 0.0373588 0.0312791 0.0256105 0.0204255 0.0157727 0.011696 0.00824506 0.00546437
 0.00772366 0.0126341 0.0191768 0.0273394 0.0368707 0.0471228 0.0570216 0.0653334 0.0711066 0.0739664 0.0740771 0.0718993 0.0679704 0.062799 0.0568304 0.0504331 0.0438971 0.0374457 0.0312503 0.0254425 0.0201228 0.0153696 0.0112489 0.00781584 0.00510243
 0.00778081 0.012726 0.0193125 0.0275239 0.0371014 0.0473847 0.0572862 0.0655631 0.0712673 0.0740409 0.0740716 0.0718397 0.0678909 0.0627304 0.0567917 0.0504278 0.0439121 0.0374538 0.0312171 0.0253381 0.0199338 0.0151066 0.0109447 0.00751372 0.00484102
 0.00781353 0.0127751 0.019379 0.0276068 0.037199 0.0474958 0.0574096 0.0656953 0.0713992 0.0741573 0.074155 0.0718777 0.0678833 0.0626902 0.05674 0.0503841 0.0438856 0.0374389 0.0311956 0.0252864 0.019834 0.0149561 0.0107584 0.00731869 0.00466539
 0.00785871 0.0128414 0.0194654 0.0277076 0.0373049 0.047597 0.0574981 0.0657666 0.0714529 0.0741958 0.0741812 0.0718926 0.0678845 0.0626747 0.0567079 0.050341 0.0438399 0.0373965 0.0311544 0.0252368 0.019764 0.0148593 0.0106393 0.00719151 0.00454792
 0.0078773 0.0128715 0.0195101 0.0277686 0.0373817 0.0476845 0.0575867 0.0658434 0.0715062 0.07422 0.0741791 0.0718733 0.0678586 0.0626492 0.0566849 0.0503189 0.043817 0.0373717 0.0311266 0.0252028 0.0197189 0.0147993 0.0105656 0.00711163 0.00447241
 0.00788919 0.0128863 0.0195241 0.0277764 0.0373779 0.0476673 0.0575595 0.0658138 0.0714828 0.0742079 0.0741789 0.0718825 0.0678744 0.0626705 0.0567114 0.0503496 0.0438492 0.0374014 0.0311495 0.0252148 0.0197167 0.0147813 0.0105336 0.00707076 0.00443013
 0.00789855 0.0129023 0.0195494 0.027813 0.0374254 0.0477216 0.0576118 0.0658531 0.0715 0.0742003 0.0741514 0.0718446 0.0678359 0.062638 0.0566877 0.0503349 0.0438421 0.0373994 0.0311493 0.0252125 0.0197086 0.0147655 0.0105103 0.00704273 0.00440176
 0.00790122 0.0129023 0.0195416 0.0277908 0.0373834 0.047659 0.0575352 0.0657748 0.0714331 0.0741542 0.0741288 0.0718434 0.0678522 0.0626688 0.0567307 0.0503876 0.0439008 0.0374595 0.0312057 0.0252605 0.0197447 0.0147877 0.0105191 0.00704102 0.00439377
 0.00789311 0.0128873 0.0195158 0.0277488 0.03732 0.0475705 0.0574216 0.0656424 0.0712947 0.0740274 0.0740322 0.0717912 0.0678506 0.0627145 0.0568139 0.0504953 0.0440207 0.0375809 0.0313198 0.0253605 0.0198258 0.0148478 0.0105587 0.00706323 0.00440343
 0.00787669 0.0128572 0.0194642 0.0276669 0.0372001 0.0474103 0.0572273 0.065429 0.0710835 0.0738408 0.0738902 0.0717088 0.0678361 0.0627688 0.0569296 0.0506581 0.0442119 0.0377813 0.0315126 0.0255328 0.0199694 0.0149589 0.0106379 0.00711457 0.00443322
 0.00784631 0.0128075 0.0193889 0.0275598 0.0370563 0.0472282 0.057011 0.0651899 0.0708398 0.0736156 0.0737071 0.071588 0.0677915 0.0628052 0.0570426 0.0508351 0.0444342 0.0380267 0.031759 0.025761 0.0201653 0.015115 0.0107527 0.00719224 0.00448105
 0.00783427 0.0127828 0.0193424 0.02748 0.0369326 0.0470555 0.0567936 0.0649425 0.0705844 0.0733759 0.0735047 0.0714407 0.0677121 0.0628015 0.0571158 0.0509791 0.0446353 0.0382655 0.0320128 0.0260073 0.0203854 0.0152962 0.0108902 0.00728781 0.00454171
 0.00783237 0.0127823 0.0193457 0.0274895 0.0369482 0.0470713 0.0567969 0.0649166 0.0705149 0.0732579 0.0733467 0.0712626 0.0675397 0.0626596 0.0570239 0.0509485 0.0446681 0.0383546 0.0321433 0.0261594 0.0205387 0.0154338 0.0110013 0.00736894 0.00459518
 0.00778486 0.012706 0.0192332 0.0273362 0.0367547 0.0468467 0.0565604 0.0646937 0.0703304 0.0731272 0.0732718 0.0712356 0.0675504 0.062702 0.0570977 0.0510566 0.0448125 0.0385325 0.0323456 0.0263717 0.0207435 0.015615 0.0111478 0.00747683 0.00466726
 0.00773992 0.0126293 0.0191114 0.0271555 0.0365051 0.0465283 0.0561891 0.0643027 0.069964 0.0728303 0.0730785 0.0711616 0.0675915 0.062839 0.0573047 0.051309 0.0450916 0.0388251 0.0326406 0.0266572 0.0210061 0.0158418 0.0113297 0.00761082 0.00475734
 0.00774719 0.0126337 0.0191039 0.0271223 0.0364297 0.0463965 0.0559935 0.0640471 0.0696647 0.0725153 0.0727841 0.0709254 0.0674441 0.0627961 0.0573645 0.0514553 0.0453002 0.0390711 0.0329023 0.0269165 0.0212478 0.016053 0.0115013 0.00773934 0.0048452
 0.00931704 0.0148392 0.0217824 0.0299068 0.0388546 0.0480657 0.0567151 0.0638602 0.0687675 0.0711581 0.0711916 0.0692679 0.0658408 0.0613272 0.05608 0.0503792 0.0444345 0.0384012 0.032404 0.0265619 0.0210087 0.0159025 0.0114145 0.00769447 0.00482506
 0.00930447 0.0151058 0.0226898 0.0319042 0.0422843 0.0529007 0.062391 0.0693652 0.0729982 0.0733506 0.0711706 0.0673965 0.0627622 0.0576893 0.0523746 0.0469101 0.0413577 0.0357784 0.0302435 0.024842 0.0196905 0.014936 0.0107422 0.00725495 0.0045574
 0.00895978 0.0145678 0.021943 0.0310041 0.0414081 0.0523795 0.0626687 0.0708402 0.0757852 0.0771032 0.0751231 0.0706509 0.0646579 0.0580307 0.0514062 0.0451117 0.039219 0.0336646 0.0283665 0.023293 0.0184846 0.014047 0.0101233 0.00685055 0.00431141
 0.0087937 0.014284 0.0214914 0.030334 0.0404881 0.0512332 0.0614177 0.0697295 0.0751588 0.0773071 0.076351 0.0728028 0.0673117 0.0605783 0.0532964 0.0460579 0.0392564 0.0330546 0.0274373 0.022316 0.0176256 0.0133753 0.00964394 0.00653519 0.00411993
 0.00872069 0.0141585 0.0212887 0.0300242 0.0400391 0.0506194 0.0606335 0.0688083 0.0741925 0.0764583 0.0758397 0.0728491 0.0680402 0.0619268 0.0549955 0.0477192 0.0405282 0.0337555 0.0275916 0.0220893 0.0172211 0.0129541 0.00929554 0.00628741 0.00396353
 0.00869132 0.0141095 0.0212123 0.0299101 0.0398752 0.0503909 0.0603252 0.0684081 0.073699 0.075893 0.0752621 0.0723651 0.0677892 0.0620369 0.0555184 0.0485802 0.0415345 0.0346697 0.0282319 0.0223939 0.0172447 0.0128116 0.00909955 0.00611115 0.00383643
 0.00871198 0.0141383 0.0212464 0.0299432 0.0398977 0.0503913 0.0602908 0.068325 0.0735528 0.0756721 0.0749644 0.0720095 0.067425 0.0617445 0.0553902 0.0486814 0.0418633 0.035144 0.0287197 0.0227727 0.0174521 0.0128583 0.00904266 0.00601551 0.00374718
 0.00867859 0.0140909 0.0211875 0.0298792 0.0398362 0.0503376 0.060245 0.0682819 0.0735035 0.0756064 0.0748731 0.0718871 0.0672749 0.0615853 0.0552592 0.0486278 0.0419281 0.0353348 0.0289981 0.0230677 0.0176927 0.013005 0.00909741 0.00600832 0.00371362
 0.00866065 0.0140613 0.0211427 0.0298165 0.0397559 0.0502449 0.0601507 0.0681999 0.0734455 0.075576 0.0748635 0.0718837 0.067262 0.0615541 0.0552136 0.048587 0.0419204 0.0353851 0.0291127 0.0232268 0.0178582 0.0131393 0.00918069 0.00604289 0.00371599
 0.00865179 0.0140446 0.0211132 0.0297686 0.0396843 0.0501477 0.0600316 0.0680695 0.0733197 0.0754723 0.0747958 0.0718575 0.0672729 0.0615896 0.0552596 0.0486346 0.041971 0.0354483 0.0291985 0.023336 0.0179788 0.0132513 0.00926654 0.00609579 0.00374043
 0.00863576 0.0140223 0.0210866 0.0297409 0.0396587 0.0501246 0.0600074 0.0680377 0.0732749 0.0754135 0.0747289 0.0717938 0.0672244 0.0615643 0.0552586 0.0486535 0.042004 0.0354923 0.0292537 0.0234031 0.0180542 0.0133264 0.00933081 0.00614207 0.00376775
 0.00862969 0.0140097 0.0210628 0.0297009 0.0395992 0.0500469 0.0599192 0.0679514 0.0732025 0.0753621 0.0746983 0.0717795 0.0672219 0.0615722 0.0552783 0.0486866 0.0420502 0.0355492 0.0293184 0.0234724 0.0181247 0.0133931 0.00938824 0.00618583 0.00379666
 0.008642 0.014031 0.0210967 0.0297504 0.0396645 0.0501234 0.0599959 0.0680133 0.073236 0.0753601 0.0746628 0.0717188 0.0671465 0.0614916 0.0552 0.0486169 0.0419942 0.0355105 0.0292981 0.0234694 0.0181354 0.0134127 0.00941091 0.0062066 0.00381243
 0.0086114 0.0139849 0.0210346 0.0296748 0.0395816 0.0500418 0.059926 0.0679651 0.0732155 0.0753671 0.0746908 0.071758 0.0671883 0.0615307 0.0552352 0.0486491 0.0420254 0.0355428 0.0293328 0.0235067 0.0181744 0.0134508 0.00944517 0.00623446 0.00383267
 0.00861992 0.0139937 0.0210386 0.0296667 0.0395541 0.0499917 0.0598571 0.0678878 0.0731444 0.0753152 0.0746656 0.0717598 0.0672108 0.061565 0.0552727 0.0486844 0.0420566 0.0355707 0.0293593 0.0235334 0.0182016 0.0134776 0.00946986 0.00625516 0.00384824
 0.00861992 0.0139937 0.0210386 0.0296667 0.0395541 0.0499917 0.0598571 0.0678878 0.0731444 0.0753152 0.0746656 0.0717598 0.0672108 0.061565 0.0552727 0.0486844 0.0420566 0.0355707 0.0293593 0.0235334 0.0182016 0.0134776 0.00946986 0.00625516 0.00384824
 0.00854449 0.0138799 0.0208838 0.0294742 0.0393321 0.0497516 0.0596125 0.0676557 0.0729444 0.0751687 0.0745911 0.0717684 0.0673022 0.0617264 0.0554823 0.0489168 0.042289 0.0357864 0.0295488 0.0236929 0.0183312 0.013579 0.00954572 0.00630885 0.00388369
 0.0085126 0.0138194 0.0207775 0.0293029 0.0390814 0.0494219 0.0592265 0.0672563 0.0725835 0.0748915 0.0744258 0.0717237 0.0673725 0.0618965 0.0557305 0.0492165 0.0426114 0.0361044 0.0298407 0.0239448 0.0185366 0.0137378 0.00966181 0.00638864 0.00393486
 0.00869301 0.0141053 0.0211916 0.0298551 0.0397599 0.050183 0.0599898 0.0679149 0.0730318 0.0750593 0.0742999 0.0713465 0.0668214 0.0612587 0.0550835 0.0486177 0.0420951 0.0356837 0.0295134 0.0236997 0.0183594 0.0136145 0.00958003 0.00633754 0.00390517
 0.00903752 0.0146664 0.0220351 0.031035 0.0412972 0.0520373 0.0620351 0.0699411 0.0747832 0.0762981 0.0748654 0.0711888 0.0660014 0.0599236 0.0534261 0.0468341 0.0403512 0.0340977 0.0281538 0.0225928 0.0175013 0.012982 0.00913879 0.00604835 0.00372861
 0.00887996 0.0144545 0.0218002 0.0308397 0.0412266 0.0521785 0.0624543 0.0706626 0.0757735 0.0774581 0.0760406 0.0721989 0.0666869 0.0601883 0.0532599 0.0463072 0.0395856 0.0332295 0.0273009 0.0218371 0.0168852 0.0125153 0.00880909 0.0058314 0.00359619
 0.00818955 0.0133381 0.0201402 0.0285549 0.0383177 0.0487857 0.0588962 0.06741 0.0733403 0.0762484 0.0762264 0.0736843 0.0691581 0.0632158 0.0564114 0.049238 0.0420858 0.0352244 0.0288156 0.0229484 0.0176813 0.0130732 0.00918881 0.00607905 0.00374854
 0.00868567 0.0140426 0.0210064 0.0294618 0.0390869 0.0492209 0.0588309 0.0667556 0.072128 0.0746508 0.0745346 0.0722307 0.0682102 0.0628914 0.0566551 0.0498655 0.0428666 0.035962 0.0293942 0.0233369 0.0179069 0.0131865 0.00923795 0.00609736 0.0037545
 0.00910924 0.0147757 0.0221822 0.0312051 0.0414528 0.052113 0.0619458 0.0696114 0.0741933 0.0755226 0.0740752 0.0706011 0.0657973 0.0601731 0.0540593 0.0476701 0.0411694 0.0347173 0.0284864 0.0226507 0.0173659 0.0127561 0.00890744 0.00586054 0.00359918
 0.00904626 0.0147206 0.0221914 0.0313725 0.0418995 0.0529602 0.0632719 0.0714012 0.0762959 0.0776439 0.0758312 0.0716309 0.0658926 0.0593559 0.0525657 0.0458502 0.0393594 0.0331452 0.0272441 0.0217248 0.0166938 0.012272 0.00856268 0.00562304 0.0034451
 0.00829465 0.0135155 0.0204187 0.0289644 0.0388808 0.0495052 0.0597418 0.0683132 0.0741996 0.076946 0.0766505 0.0737551 0.0688537 0.0625897 0.0555854 0.0483667 0.0413031 0.0346004 0.0283477 0.0225883 0.0173764 0.0127957 0.00893954 0.00587242 0.00359552
 0.00804801 0.0130432 0.0195771 0.027579 0.0367932 0.0466489 0.0562178 0.0644228 0.0704124 0.073809 0.0746654 0.0732536 0.0699022 0.064961 0.0588239 0.0519284 0.0447135 0.0375586 0.030742 0.0244409 0.0187676 0.0138109 0.00965134 0.00634374 0.00388552
 0.00866056 0.0139955 0.0209188 0.0292991 0.0387897 0.0487007 0.0579813 0.0654872 0.0704238 0.0726182 0.0724215 0.0703826 0.066976 0.0625139 0.0571935 0.0511832 0.0446872 0.0379641 0.0313004 0.0249649 0.0191766 0.0140981 0.00984107 0.00646392 0.00395802
#pred catch len freq
 0.00312185 0.00509454 0.00773713 0.0111095 0.0152581 0.0201621 0.0256743 0.0315196 0.0373553 0.0428433 0.0476995 0.0517272 0.0548419 0.0570698 0.0585165 0.0593292 0.0596694 0.0596809 0.0594173 0.0587258 0.0571569 0.0540347 0.0487653 0.0412669 0.0322228
 0.00342642 0.00550017 0.00818472 0.0114954 0.0154709 0.0201364 0.0254276 0.0311436 0.0369655 0.0425193 0.0474562 0.0515318 0.0546588 0.0569018 0.0584166 0.0593777 0.0599271 0.0601418 0.0599862 0.0592379 0.0574398 0.0539837 0.048391 0.0406851 0.0315944
 0.00345828 0.00561529 0.00846721 0.012042 0.016342 0.0212935 0.026701 0.0322716 0.0377001 0.0427379 0.0472038 0.05097 0.0539678 0.0562095 0.0577897 0.0588534 0.0595383 0.059909 0.0598868 0.0591884 0.0573175 0.0536847 0.0478869 0.0400393 0.0309261
 0.00358894 0.00579969 0.00870076 0.0123233 0.016698 0.0218014 0.0274777 0.0334125 0.039189 0.0443909 0.0487063 0.0520044 0.0543533 0.0559619 0.0570759 0.0578911 0.0585134 0.0589394 0.0590187 0.058405 0.0565595 0.0528886 0.0470298 0.0391606 0.03011
 0.00383228 0.00617857 0.00923754 0.0130223 0.0175409 0.0227483 0.0284777 0.0344276 0.0402192 0.0454715 0.0498604 0.0531736 0.0553692 0.0565986 0.0571582 0.057381 0.0575171 0.0576411 0.0575956 0.0569734 0.0551681 0.0515485 0.045755 0.0379929 0.0291112
 0.00400127 0.00646868 0.00970274 0.0137224 0.0185282 0.0240449 0.0300517 0.0361845 0.0420177 0.047163 0.0513313 0.0543663 0.0562636 0.0571671 0.0573341 0.0570744 0.0566716 0.0562851 0.055846 0.054993 0.0531149 0.0495503 0.0439127 0.0363907 0.0278138
 0.00415777 0.00672088 0.0100813 0.0142628 0.019274 0.0250469 0.031357 0.0378124 0.0439314 0.0492507 0.0534142 0.056238 0.0577445 0.0581426 0.0577533 0.0569216 0.0559418 0.0549896 0.0540397 0.052794 0.0506961 0.0471088 0.0416358 0.0344278 0.0262571
 0.00437796 0.00706518 0.0105749 0.0149225 0.0201099 0.0260644 0.032557 0.0391911 0.0454785 0.0509421 0.0551976 0.0580164 0.0593735 0.0594512 0.0585819 0.0571548 0.055522 0.053913 0.0523543 0.0506058 0.0481747 0.0444748 0.0391251 0.0322437 0.0245278
