SBPRF35
7.45885
Curr Bio
537843
B35
513550
F35
0.218018
FOFL
0.218018
OFL
91428.5
Bzero
2.1311e+006
#pred survey bio
 2.80637e+006 2.52239e+006 2.3726e+006 2.24425e+006 2.06087e+006 1.77709e+006 1.58292e+006 1.40885e+006 1.24462e+006 1.11612e+006 1.00158e+006 885397 769466 691070 637241 608381 585359 571476 540684 536373 547804 562846 577193 571797 566345 531112 499345 505229 512757 524111 523943 546952 575187 599386 591045 580064 562959 558596 564095 574771 609372 613538 611433 601952 622425 637639 630586 574987 522935 555201 634519 689233 659179 567938 489058 496825 575467 578476 545194 1.26282e+007 1.14148e+007 1.16089e+007 1.22292e+007 1.3054e+007 1.38945e+007 1.46432e+007 1.52583e+007 1.57378e+007 1.60987e+007 1.63644e+007 1.65572e+007 1.66961e+007 1.67958e+007 1.68675e+007 1.69192e+007 1.69566e+007 1.69839e+007 1.70038e+007 1.70186e+007 1.70295e+007 1.70377e+007 1.70438e+007 1.70484e+007 1.70519e+007 1.70545e+007 1.70565e+007 1.7058e+007 1.70592e+007 1.70601e+007 1.70608e+007 1.70613e+007 1.70617e+007 1.7062e+007 1.70622e+007 1.70624e+007 1.70626e+007 1.70627e+007 1.70627e+007 1.70628e+007 1.70629e+007 1.70629e+007 1.70629e+007 1.70629e+007 1.7063e+007 1.7063e+007 1.7063e+007 1.7063e+007 1.7063e+007 1.7063e+007 1.7063e+007 1.7063e+007 1.7063e+007 1.7063e+007 1.7063e+007 1.7063e+007 1.7063e+007 1.7063e+007 1.7063e+007 1.7063e+007 1.7063e+007 1.7063e+007 1.7063e+007 1.7063e+007 1.7063e+007 1.7063e+007 1.7063e+007 1.7063e+007 1.7063e+007 1.7063e+007 1.7063e+007 1.7063e+007 1.7063e+007 1.7063e+007 1.7063e+007 1.7063e+007 1.7063e+007 1.7063e+007 1.7063e+007 1.7063e+007 1.7063e+007 1.7063e+007 1.7063e+007 1.7063e+007 1.7063e+007 1.7063e+007 1.7063e+007 1.7063e+007 1.7063e+007 1.7063e+007 1.7063e+007 1.7063e+007 1.7063e+007 1.7063e+007 1.7063e+007 1.7063e+007 1.7063e+007 1.7063e+007 1.7063e+007 1.7063e+007 0 0 0 0 0 0 0 0 0 0 0 0 0 0 0 0 0 0 0 0 0 0 0 0 0
#obs survey bio
 3.04415e+006 2.66297e+006 2.32805e+006 2.42224e+006 2.63923e+006 1.61293e+006 1.67688e+006 1.6479e+006 986435 1.36304e+006 1.07802e+006 821149 571586 784155 594726 594442 526167 622794 414981 610789 498960 941059 730300 659528 587989 562918 419867 509476 516847 482884 429886 669779 567208 577320 604490 627970 655338 708200 557643 448921 816164 562085 725545 643696 547371 614912 644843 543665 485612 522023 801056 824812 676078 557635 407135 452963 623430 489824 544090
#pred catch bio
 331985 269254 268903 315363 318113 269319 277557 277109 274027 242793 214722 196902 190171 166581 154677 148751 132590 124194 114352 110167 114465 107387 108578 104088 106582 102253 96242.3 100889 100017 102028 93063.5 93370.6 88853.3 93566.7 88335.5 86292 92944 91314.2 90524.3 92088.2 100237 95896 90866.8 86274.2 97424.3 93322.9 103318 117694 70638.7 60661.4 70026.1 110424 128188 118661 87686.5 38129.3 84344.8 123854 87552.4 91428.5 89924.8 89988.9 93706.6 99578.9 105682 111048 115345 118577 120904 122525 123628 124364 124847 125162 125364 125494 125576 125628 125661 125682 125695 125703 125708 125711 125713 125714 125715 125715 125716 125716 125716 125716 125716 125716 125716 125716 125716 125716 125716 125716 125716 125716 125716 125716 125716 125716 125716 125716 125716 125716 125716 125716 125716 125716 125716 125716 125716 125716 125716 125716 125716 125716 125716 125716 125716 125716 125716 125716 125716 125716 125716 125716 125716 125716 125716 125716 125716 125716 125716 125716 125716 125716 125716 125716 125716 125716 125716 125716 125716 125716 125716 125716 125716 125716 125716 125716 125716 125716 125716 0 0 0 0 0 0 0 0 0 0 0 0 0 0 0 0 0 0 0 0 0 0 0 0 0
#obs catch bio
 243507 269047 268671 316199 317794 268942 277736 276828 275153 242954 214486 196292 190837 166340 154948 149082 132773 123766 114423 110175 114824 107347 108470 104127 106460 102084 96427.6 101008 100136 101914 93157.6 93564.6 88802.1 93521.4 88290 86146.5 93066.2 91341.8 90439.6 92267.6 100244 95888.6 90768.2 86225.4 97648.3 93177 103087 118266 70507.4 60650.7 69825.1 110538 128167 118663 88349.7 37693.9 84422.2 124676 87322.9
#pred cpue bio
 2.77037e+006 2.48773e+006 2.33691e+006 2.20749e+006 2.02418e+006 1.74244e+006 1.54916e+006 1.37597e+006 1.2129e+006 1.08495e+006 971415 856976 743306 666303 613706 585393 562858 549444 519740 515374 526281 540648 554649 549631 544585 510843 480288 486010 493440 504630 504604 526746 552823 574265 565230 554735 538635 534512 539976 550307 583465 587592 585631 576600 596313 610886 604283 550626 499614 530773 608135 661973 632584 543410 466622 473931 551396 555528 522460 1.20894e+007 1.09245e+007 1.10052e+007 1.1536e+007 1.23398e+007 1.31769e+007 1.39252e+007 1.45402e+007 1.50196e+007 1.53806e+007 1.56462e+007 1.5839e+007 1.59779e+007 1.60777e+007 1.61494e+007 1.6201e+007 1.62385e+007 1.62657e+007 1.62857e+007 1.63004e+007 1.63114e+007 1.63195e+007 1.63257e+007 1.63303e+007 1.63337e+007 1.63364e+007 1.63384e+007 1.63399e+007 1.63411e+007 1.6342e+007 1.63426e+007 1.63432e+007 1.63436e+007 1.63439e+007 1.63441e+007 1.63443e+007 1.63444e+007 1.63445e+007 1.63446e+007 1.63447e+007 1.63447e+007 1.63448e+007 1.63448e+007 1.63448e+007 1.63448e+007 1.63448e+007 1.63449e+007 1.63449e+007 1.63449e+007 1.63449e+007 1.63449e+007 1.63449e+007 1.63449e+007 1.63449e+007 1.63449e+007 1.63449e+007 1.63449e+007 1.63449e+007 1.63449e+007 1.63449e+007 1.63449e+007 1.63449e+007 1.63449e+007 1.63449e+007 1.63449e+007 1.63449e+007 1.63449e+007 1.63449e+007 1.63449e+007 1.63449e+007 1.63449e+007 1.63449e+007 1.63449e+007 1.63449e+007 1.63449e+007 1.63449e+007 1.63449e+007 1.63449e+007 1.63449e+007 1.63449e+007 1.63449e+007 1.63449e+007 1.63449e+007 1.63449e+007 1.63449e+007 1.63449e+007 1.63449e+007 1.63449e+007 1.63449e+007 1.63449e+007 1.63449e+007 1.63449e+007 1.63449e+007 1.63449e+007 1.63449e+007 1.63449e+007 1.63449e+007 1.63449e+007 1.63449e+007 1.63449e+007 0 0 0 0 0 0 0 0 0 0 0 0 0 0 0 0 0 0 0 0 0 0 0 0 0
#obs cpue bio
 2.37492e+006 2.01905e+006 2.48039e+006 1.78205e+006 2.25052e+006 1.62968e+006 1.42142e+006 1.31336e+006 1.14763e+006 994671 983275 1.07216e+006 751674 703426 554934 590246 594927 700353 532295 453812 500520 361008 493172 408710 630272 513033 420965 530377 456590 689420 472689 412779 614410 679568 518517 558078 412309 423963 599900 526780 558861 609106 548598 466634 637566 701900 687959 518904 514499 444348 616686 583886 656874 584188 389873 568438 694117 508804 559461
#pred surv len freq
 0.00464625 0.00765899 0.0117394 0.016928 0.0231154 0.0299384 0.0367659 0.0428738 0.047723 0.0511312 0.0532303 0.0542982 0.0546145 0.0544045 0.0538402 0.0530625 0.0522021 0.0513763 0.050629 0.0498168 0.0485121 0.0460524 0.0418163 0.0356254 0.027999
 0.00513969 0.00838859 0.0127055 0.0180914 0.024419 0.0313358 0.0382354 0.0444025 0.0492737 0.0526174 0.0545229 0.0552649 0.0551715 0.0545473 0.0536365 0.0526101 0.0515739 0.0505779 0.0495927 0.0484394 0.0467262 0.0438973 0.0394643 0.0333373 0.0260288
 0.00531164 0.00873054 0.0133299 0.0191267 0.0259617 0.0333857 0.0406528 0.0469309 0.051627 0.0545812 0.0560032 0.0562625 0.0557198 0.0546705 0.0533501 0.051942 0.0505714 0.0492869 0.0480293 0.0465866 0.0445708 0.0414892 0.0369519 0.0309453 0.0239824
 0.00546997 0.00897747 0.0136878 0.0196249 0.0266483 0.0343352 0.041952 0.0486367 0.0537094 0.0568894 0.0582872 0.0582489 0.0571987 0.0555411 0.0536088 0.0516402 0.0497772 0.0480649 0.0464321 0.0446562 0.0423566 0.0390797 0.0344981 0.028647 0.0220321
 0.0057089 0.0093699 0.0142843 0.020471 0.0277724 0.0357331 0.0435793 0.0504193 0.0555703 0.0587685 0.0601318 0.0599812 0.0586919 0.056635 0.0541582 0.0515614 0.0490624 0.0467644 0.0446256 0.0424361 0.0398321 0.0363932 0.031834 0.0262115 0.0200043
 0.00606905 0.00993615 0.015101 0.0215676 0.0291599 0.0373975 0.0454723 0.0524525 0.0576242 0.0607163 0.0618677 0.0614351 0.059823 0.0574063 0.054514 0.051427 0.0483683 0.0454777 0.0427696 0.0400931 0.0371386 0.0335345 0.0290305 0.023686 0.0179321
 0.00624579 0.0102499 0.0156208 0.022371 0.0303115 0.038918 0.0473128 0.054494 0.0597076 0.0626852 0.0636007 0.0628551 0.0608886 0.0580967 0.0548122 0.0513056 0.0477855 0.0443897 0.0411574 0.0379927 0.0346598 0.0308594 0.0263881 0.0213053 0.0159866
 0.00644439 0.010577 0.0161226 0.0230972 0.0313107 0.0402258 0.0489345 0.0563872 0.0617746 0.0647802 0.0655531 0.0645035 0.0621131 0.0588344 0.055051 0.0510602 0.0470717 0.0432124 0.0395204 0.0359266 0.0322531 0.0282731 0.0238381 0.0190135 0.0141216
 0.00668825 0.0109753 0.016725 0.0239504 0.0324485 0.0416549 0.0506209 0.0582544 0.063716 0.0666798 0.0672985 0.0659899 0.0632439 0.0595293 0.0552575 0.0507606 0.0462774 0.0419509 0.0378281 0.033857 0.0298989 0.0257826 0.0214063 0.0168422 0.0123636
 0.00692763 0.0113756 0.0173475 0.0248575 0.0336884 0.043239 0.0525019 0.0603218 0.0658157 0.0686493 0.0689994 0.067324 0.0641526 0.0599831 0.0552446 0.0502804 0.0453399 0.0405792 0.036062 0.0317608 0.027573 0.0233713 0.0190882 0.0147962 0.0107213
 0.00716188 0.011742 0.0178736 0.0255626 0.0345854 0.0443342 0.0537896 0.0617748 0.0673776 0.0702331 0.0704958 0.0686177 0.0651421 0.0605952 0.055439 0.050044 0.0446781 0.0395108 0.0346219 0.0300086 0.0256035 0.0213181 0.0171121 0.0130535 0.00932483
 0.00730085 0.0119794 0.0182508 0.0261225 0.0353594 0.045325 0.0549585 0.0630455 0.0686587 0.0714449 0.0715842 0.0695477 0.0658807 0.061101 0.0556647 0.0499473 0.0442325 0.0387112 0.0334877 0.0285885 0.0239806 0.0196112 0.0154623 0.0115969 0.00815814
 0.00735081 0.012081 0.0184419 0.0264521 0.035878 0.0460666 0.0559227 0.064188 0.0698955 0.0726701 0.0726927 0.0704565 0.0665411 0.0614952 0.0557922 0.0498096 0.0438259 0.0380314 0.0325414 0.0274065 0.0226275 0.0181853 0.0140833 0.01038 0.00718486
 0.00742126 0.0122065 0.0186519 0.0267827 0.0363661 0.0467392 0.0567849 0.0652138 0.0710269 0.0738228 0.0737675 0.0713556 0.0671856 0.0618398 0.0558283 0.0495566 0.0433153 0.0372938 0.0316047 0.0263043 0.0214122 0.016934 0.0128907 0.00933798 0.00635751
 0.00751379 0.012338 0.0188162 0.0269655 0.0365543 0.0469333 0.0570062 0.0655011 0.0714204 0.0743439 0.0744041 0.0720583 0.0678767 0.0624316 0.0562434 0.049743 0.043252 0.0369867 0.0310783 0.0255973 0.0205773 0.0160403 0.0120184 0.00856378 0.00573626
 0.00753632 0.0123878 0.0189138 0.0271343 0.03681 0.0472708 0.057393 0.0658862 0.0717576 0.0746162 0.0746308 0.0722791 0.0681231 0.0627038 0.0565054 0.0499362 0.0433171 0.0368825 0.0307911 0.0251418 0.0199936 0.0153874 0.0113654 0.00797607 0.00526062
 0.00761831 0.0125053 0.0190625 0.0273031 0.0369876 0.0474542 0.0575904 0.0661095 0.0720099 0.0748817 0.0748795 0.0724829 0.0682718 0.0628073 0.0565801 0.0499865 0.043326 0.0368178 0.0306215 0.0248537 0.0195994 0.0149249 0.0108877 0.00753728 0.00490093
 0.00769816 0.0126153 0.0191909 0.0274257 0.0370732 0.0474752 0.0575338 0.0659843 0.0718474 0.074729 0.0747849 0.0724791 0.068365 0.0629789 0.0567978 0.0502161 0.0435357 0.0369769 0.0307011 0.0248327 0.0194741 0.0147137 0.0106277 0.00727302 0.0046702
 0.00787222 0.0128708 0.0195233 0.0278102 0.0374681 0.0478297 0.0577969 0.0661137 0.0718198 0.0745506 0.0744946 0.0721405 0.0680473 0.0627354 0.0566524 0.0501622 0.0435449 0.0370112 0.0307227 0.0248118 0.0193945 0.0145773 0.0104537 0.00709004 0.00450598
 0.00790044 0.0129329 0.019645 0.0280209 0.037788 0.0482522 0.0582763 0.0665702 0.0721637 0.0747134 0.0744527 0.0719188 0.0677068 0.0623517 0.0562944 0.0498759 0.0433466 0.0368897 0.0306493 0.0247528 0.0193232 0.0144812 0.0103361 0.00696553 0.00439217
 0.00791391 0.0129441 0.0196439 0.0279961 0.0377351 0.0481837 0.0582248 0.0665776 0.0722586 0.0748903 0.0746681 0.0721094 0.0678194 0.0623659 0.0562268 0.049767 0.0432393 0.0368118 0.0306067 0.0247332 0.0193069 0.0144522 0.010289 0.00690566 0.00433064
 0.00790631 0.0129408 0.0196547 0.028033 0.0378064 0.0482869 0.0583433 0.0666876 0.0723425 0.0749473 0.074712 0.0721547 0.0678658 0.0623959 0.0562185 0.0497097 0.0431422 0.0366978 0.0304993 0.0246453 0.0192384 0.0143955 0.0102366 0.00685513 0.00428434
 0.00789121 0.0128992 0.0195622 0.0278602 0.0375316 0.0479116 0.057904 0.0662502 0.071981 0.0747187 0.0746414 0.0722365 0.0680742 0.0626943 0.056564 0.0500592 0.0434597 0.0369627 0.0307072 0.0248025 0.0193538 0.0144759 0.0102868 0.00688035 0.00429167
 0.00787314 0.0128754 0.019535 0.0278318 0.0374984 0.0478598 0.0578094 0.0660885 0.0717444 0.074429 0.0743491 0.0720037 0.0679504 0.0626999 0.0566881 0.0502682 0.0437109 0.0372162 0.030934 0.0249876 0.0194939 0.0145747 0.010351 0.00691753 0.00430965
 0.0077647 0.0127131 0.0193174 0.0275679 0.0372067 0.0475643 0.0575352 0.065856 0.0715642 0.0742997 0.0742624 0.0719545 0.067946 0.062758 0.0568258 0.0504887 0.0439979 0.0375378 0.0312538 0.0252749 0.0197298 0.0147531 0.0104753 0.00699699 0.00435571
 0.00778344 0.0127304 0.0193196 0.0275361 0.0371229 0.0474223 0.0573472 0.0656511 0.0713769 0.0741558 0.0741693 0.071903 0.0679202 0.0627482 0.0568349 0.0505295 0.0440827 0.0376688 0.0314187 0.0254517 0.0198955 0.0148909 0.010578 0.0070658 0.00439714
 0.00778911 0.012748 0.0193603 0.0276122 0.0372409 0.0475738 0.0575046 0.0657742 0.0714287 0.0741194 0.074055 0.0717402 0.0677418 0.0625784 0.056687 0.0504111 0.0440008 0.0376293 0.0314228 0.0254922 0.0199579 0.0149584 0.0106374 0.00711032 0.00442609
 0.00764387 0.0125368 0.0190898 0.0273061 0.0369363 0.0473118 0.0573207 0.0656898 0.0714459 0.0742193 0.0742034 0.0719004 0.0678881 0.0627018 0.0567921 0.050508 0.0440984 0.0377334 0.0315354 0.0256112 0.0200769 0.0150683 0.0107295 0.00717972 0.00447283
 0.00760657 0.012463 0.0189561 0.027087 0.0366162 0.0469003 0.0568631 0.0652612 0.0711276 0.0740685 0.0742332 0.0720799 0.0681598 0.0630058 0.0570839 0.0507655 0.0443186 0.0379233 0.031704 0.0257643 0.0202153 0.0151892 0.0108287 0.00725464 0.0045242
 0.00758942 0.0124308 0.0188984 0.0269896 0.0364611 0.04667 0.0565474 0.064867 0.0706872 0.0736404 0.0738905 0.0718873 0.0681499 0.0631677 0.0573711 0.0511169 0.04468 0.0382595 0.0319992 0.0260154 0.0204243 0.0153584 0.0109598 0.00735025 0.00458865
 0.00780134 0.0127279 0.0192577 0.027359 0.0367732 0.0468637 0.0565858 0.064742 0.0704143 0.073251 0.0734286 0.071409 0.0677182 0.0628393 0.0571799 0.0510642 0.0447381 0.0383861 0.032154 0.0261694 0.0205619 0.0154731 0.0110503 0.00741726 0.00463473
 0.00847931 0.0137023 0.0204855 0.0287137 0.0380739 0.0479266 0.0572702 0.0649744 0.0701912 0.0726319 0.0725209 0.0703445 0.0666267 0.0618268 0.0563186 0.050391 0.0442572 0.0380757 0.0319759 0.0260818 0.0205287 0.0154686 0.0110586 0.00742961 0.00464641
 0.00917993 0.0148031 0.0220625 0.0307903 0.0405908 0.0507115 0.0600258 0.0673168 0.0717499 0.0731703 0.0720111 0.0689559 0.0646454 0.0595609 0.0540292 0.0482633 0.0424004 0.0365361 0.0307541 0.0251494 0.0198429 0.0149832 0.0107297 0.00721833 0.00451919
 0.00911404 0.0148004 0.0222501 0.0313469 0.0416954 0.0524618 0.0623645 0.07001 0.0744314 0.0754337 0.0735119 0.069492 0.0641968 0.0582781 0.0521765 0.0461398 0.0402702 0.0345886 0.0290962 0.023819 0.0188302 0.0142505 0.010227 0.00689293 0.00432211
 0.00891884 0.014505 0.0218533 0.0308811 0.0412414 0.052158 0.062396 0.070561 0.075605 0.0771736 0.0755774 0.0715145 0.0657963 0.0591834 0.0522964 0.0455628 0.0392069 0.0332904 0.0277854 0.0226495 0.0178805 0.0135379 0.00972954 0.00656936 0.00412648
 0.00879164 0.0142903 0.0215175 0.0303926 0.0405854 0.0513576 0.0615337 0.0697845 0.0751067 0.0771414 0.0761273 0.0726316 0.067312 0.0608116 0.0537215 0.0465428 0.0396423 0.0332312 0.0273827 0.0220845 0.0173054 0.0130477 0.00936196 0.00632147 0.00397456
 0.00869485 0.0141387 0.0212991 0.030098 0.0402068 0.0508898 0.0609795 0.0691659 0.0744776 0.0765947 0.0757873 0.0726236 0.0677145 0.0616093 0.0547875 0.0476686 0.0406084 0.033884 0.0276779 0.0220801 0.017116 0.0127902 0.00912015 0.0061359 0.00385179
 0.0086144 0.014026 0.0211625 0.0299554 0.040079 0.0507895 0.0609028 0.0690916 0.0743752 0.0764404 0.0755825 0.0724074 0.0675616 0.061606 0.0549913 0.0480712 0.0411271 0.0343914 0.0280565 0.0222692 0.0171256 0.0126805 0.00896376 0.00598848 0.00374073
 0.00866387 0.0140774 0.0211879 0.0299146 0.0399352 0.0505307 0.0605561 0.0687177 0.0740434 0.0761979 0.0754391 0.0723438 0.0675539 0.061649 0.0551036 0.0482785 0.041434 0.0347635 0.0284268 0.0225667 0.0173076 0.0127467 0.0089474 0.0059333 0.00368139
 0.00869738 0.0141334 0.0212728 0.0300302 0.0400716 0.0506607 0.0606356 0.0686986 0.0738969 0.0759341 0.0751078 0.0720136 0.0672833 0.0614693 0.0550215 0.0482894 0.0415303 0.0349308 0.0286365 0.0227773 0.017478 0.0128529 0.00898961 0.00593056 0.00365791
 0.00855774 0.0139386 0.0210396 0.0297948 0.0398799 0.0505514 0.060625 0.0687739 0.07402 0.076055 0.0751825 0.0720208 0.0672322 0.0613933 0.0549617 0.0482777 0.0415815 0.0350425 0.0287924 0.0229513 0.0176405 0.0129799 0.00907041 0.0059693 0.00366804
 0.00865814 0.0140613 0.0211513 0.0298448 0.0398203 0.050366 0.0603475 0.0684807 0.0737965 0.075955 0.0752058 0.072121 0.067346 0.0614726 0.054991 0.048272 0.0415706 0.0350533 0.0288375 0.0230264 0.0177297 0.0130636 0.00913443 0.00600857 0.00368614
 0.00868469 0.0141133 0.0212431 0.0299883 0.0400135 0.0505806 0.0605273 0.0685582 0.0737264 0.0757435 0.074913 0.0718316 0.067127 0.0613465 0.0549401 0.0482622 0.041576 0.0350655 0.0288603 0.0230643 0.0177805 0.0131188 0.0091834 0.00604435 0.00370744
 0.00873706 0.0141818 0.0213165 0.0300485 0.0400435 0.0505748 0.0604956 0.0685186 0.0736899 0.0757036 0.0748505 0.0717327 0.0669997 0.0612201 0.0548474 0.0482215 0.0415844 0.0351072 0.0289187 0.0231289 0.0178456 0.0131798 0.00923564 0.00608416 0.00373387
 0.0086353 0.014041 0.0211495 0.0298801 0.0399012 0.0504749 0.0604354 0.0684809 0.0736566 0.0756686 0.0748214 0.0717215 0.0670125 0.0612556 0.0549025 0.048296 0.0416796 0.0352212 0.0290441 0.0232547 0.0179615 0.0132788 0.00931403 0.00614135 0.00377182
 0.00863387 0.0140334 0.0211294 0.0298415 0.0398434 0.0504081 0.0603814 0.0684652 0.0736946 0.0757534 0.0749248 0.0718076 0.0670561 0.0612508 0.0548606 0.0482366 0.0416221 0.0351799 0.0290257 0.0232588 0.0179823 0.013308 0.00934415 0.00616718 0.00379095
 0.00867067 0.0140783 0.0211691 0.0298546 0.0398056 0.0503027 0.0602084 0.0682456 0.0734666 0.0755617 0.0748064 0.0717791 0.0671086 0.0613561 0.0549853 0.0483552 0.0417232 0.0352641 0.0290991 0.0233268 0.0180465 0.0133669 0.00939448 0.00620645 0.00381865
 0.00883276 0.0143374 0.0215489 0.0303682 0.0404467 0.0510341 0.0609559 0.0689067 0.0739367 0.0757684 0.0747331 0.0714653 0.0666292 0.0607933 0.0544064 0.0478039 0.0412229 0.034826 0.0287291 0.023028 0.0178182 0.0132033 0.00928553 0.00613933 0.00378057
 0.00900967 0.0146528 0.0220727 0.0311764 0.0415957 0.0525231 0.062695 0.0707139 0.0755744 0.0770047 0.0754001 0.0714948 0.0660582 0.0597441 0.0530492 0.0463144 0.0397489 0.0334713 0.0275541 0.022059 0.0170578 0.0126377 0.00888926 0.00587983 0.00362294
 0.00865433 0.0140915 0.0212644 0.0301096 0.0403092 0.0511276 0.06138 0.0697189 0.0751183 0.0772026 0.0762136 0.0727454 0.0674943 0.0611237 0.0542021 0.0471661 0.0403083 0.0337975 0.0277213 0.0221323 0.0170835 0.0126435 0.00888911 0.00587939 0.00362351
 0.00839451 0.013646 0.0205532 0.0290501 0.0388433 0.0492621 0.0592253 0.0674991 0.073137 0.0757729 0.0755762 0.073003 0.0685819 0.0628288 0.0562287 0.0492191 0.0421636 0.035334 0.0289117 0.0230102 0.0177079 0.0130744 0.00917714 0.00606415 0.0037358
 0.00849144 0.0137521 0.0206157 0.0289822 0.0385396 0.048628 0.0582094 0.0661183 0.0714893 0.0740358 0.073987 0.0718151 0.0680026 0.0629565 0.0570195 0.0505003 0.043691 0.0368668 0.0302723 0.0241078 0.0185279 0.0136495 0.0095589 0.00630447 0.00387866
 0.0087892 0.0142494 0.0213823 0.030074 0.0399648 0.0503042 0.0599362 0.0675972 0.0724019 0.0741507 0.0732433 0.0703452 0.0660906 0.0609547 0.0552511 0.049179 0.0428831 0.0365058 0.0302151 0.0242019 0.0186592 0.013758 0.00962795 0.0063406 0.00389455
 0.00895566 0.0145675 0.0219478 0.0310031 0.041362 0.0522113 0.0622812 0.0701714 0.0748829 0.0761653 0.0744532 0.0705325 0.0652209 0.0591932 0.0529195 0.0466639 0.0405307 0.0345435 0.0287265 0.0231539 0.0179575 0.0132994 0.00933065 0.00615008 0.00377638
 0.00902177 0.014691 0.0221663 0.031369 0.0419404 0.0530693 0.0634692 0.071697 0.0766826 0.0780858 0.0762557 0.0719323 0.0659575 0.059109 0.0520153 0.0451053 0.0385983 0.0325473 0.0269206 0.0216859 0.0168649 0.0125427 0.00883618 0.00584259 0.00359439
 0.00865598 0.0141395 0.0214195 0.0304539 0.0409232 0.0520544 0.0625957 0.0711282 0.076577 0.0785518 0.077305 0.0734521 0.0677187 0.0608151 0.0533818 0.0459419 0.0388606 0.0323338 0.0264176 0.0210907 0.0163242 0.0121286 0.00855761 0.00567353 0.00349993
 0.0080814 0.0131689 0.0198989 0.0282391 0.0379377 0.0483705 0.0584976 0.0671017 0.0732059 0.0763611 0.0766246 0.0743511 0.0700113 0.0641168 0.0571959 0.0497646 0.0422834 0.0351136 0.0284926 0.022539 0.0172922 0.0127643 0.00897411 0.00594394 0.00366961
 0.00839765 0.0136083 0.0204157 0.0287268 0.0382374 0.0482971 0.057881 0.0658403 0.0713254 0.0740547 0.074242 0.0723192 0.0687109 0.0637663 0.0577923 0.0510993 0.0440209 0.0369012 0.0300577 0.0237412 0.0181186 0.013283 0.00927926 0.00611718 0.00376645
 0.0088015 0.0143088 0.0215424 0.0304033 0.0405222 0.0511037 0.0609196 0.0686368 0.0733376 0.0748443 0.0736221 0.0704153 0.0659184 0.0606286 0.0548428 0.0487212 0.0423725 0.0359266 0.0295676 0.023518 0.0179963 0.0131768 0.00916975 0.00601608 0.00368784
#obs surv len freq
 0.00497202 0.00814466 0.0123894 0.0177197 0.0240087 0.0308894 0.0377341 0.043818 0.0485901 0.0518507 0.0537202 0.0544863 0.0544702 0.0539693 0.0532436 0.0525057 0.0518992 0.0514582 0.0510438 0.0502868 0.0486053 0.0453687 0.0402003 0.033269 0.0253566
 0.00518433 0.00849186 0.012916 0.018469 0.0250153 0.0321668 0.0392613 0.0455331 0.0503974 0.0536365 0.0553697 0.0558937 0.0555437 0.0546335 0.0534408 0.0521993 0.0510793 0.050148 0.0493053 0.0482243 0.0463626 0.043118 0.0381179 0.0315018 0.0239903
 0.00540058 0.00884635 0.0134551 0.0192382 0.026051 0.0334831 0.0408365 0.0473042 0.0522692 0.0554984 0.0571118 0.0574152 0.0567549 0.0554556 0.0538063 0.0520545 0.0503897 0.0489079 0.0475515 0.0460481 0.0439153 0.0405993 0.0357447 0.0294624 0.0224001
 0.00563971 0.00923658 0.0140452 0.0200748 0.02717 0.034896 0.0425162 0.04918 0.0542364 0.0574385 0.058911 0.0589748 0.0579929 0.0563037 0.0542058 0.0519537 0.0497459 0.0476977 0.0457879 0.0438024 0.0413308 0.0378866 0.0331479 0.027203 0.0206223
 0.005895 0.00965471 0.0146801 0.0209784 0.0283817 0.0364265 0.0443313 0.0511955 0.0563309 0.0594777 0.0607707 0.0605529 0.0592117 0.0571057 0.0545472 0.0517974 0.0490586 0.046455 0.0439921 0.0415075 0.0386661 0.0350589 0.030411 0.0247985 0.0187148
 0.00612511 0.0100361 0.0152677 0.0218281 0.0295396 0.0379112 0.0461159 0.0532011 0.0584374 0.0615468 0.0626692 0.0621674 0.0604549 0.0579161 0.0548843 0.0516335 0.0483723 0.0452313 0.0422344 0.0392622 0.0360487 0.0322629 0.027684 0.0223841 0.016786
 0.00637174 0.0104365 0.0158696 0.0226764 0.0306692 0.0393348 0.0478104 0.0551004 0.0604386 0.0635274 0.0645042 0.0637435 0.0616784 0.0587169 0.0552158 0.0514677 0.0476936 0.0440335 0.0405283 0.037095 0.0335277 0.0295679 0.0250476 0.0200402 0.0149048
 0.0066056 0.0108205 0.0164543 0.0235105 0.031789 0.0407485 0.0494826 0.0569494 0.0623504 0.0653793 0.0661858 0.0651643 0.0627673 0.0594185 0.0554879 0.0512805 0.0470282 0.0428836 0.0389064 0.035048 0.0311568 0.0270384 0.0225735 0.0178376 0.013133
 0.00685373 0.0112272 0.0170724 0.0243905 0.0329682 0.0422344 0.0512359 0.0588782 0.0643241 0.0672547 0.0678336 0.0664855 0.0636979 0.059925 0.055558 0.0509125 0.0462244 0.0416494 0.0372596 0.0330349 0.0288712 0.0246311 0.0202378 0.0157678 0.0114718
 0.00706232 0.0115734 0.0176066 0.0251637 0.0340216 0.0435824 0.0528489 0.0606766 0.0661888 0.06905 0.0694299 0.0677754 0.0646041 0.0604032 0.0555936 0.0505125 0.0454074 0.0404394 0.035688 0.0311529 0.0267669 0.0224387 0.0181262 0.0139057 0.0099817
 0.00727295 0.011915 0.0181192 0.0258846 0.0349788 0.0447838 0.0542707 0.0622572 0.0678344 0.0706496 0.0708716 0.0689593 0.0654511 0.0608604 0.0556355 0.0501386 0.0446358 0.0393011 0.0342251 0.0294248 0.0248607 0.0204758 0.0162532 0.0122652 0.00867521
 0.0074365 0.0121883 0.0185437 0.0265026 0.0358231 0.0458631 0.0555555 0.0636774 0.0692924 0.0720416 0.0721052 0.0699611 0.0661661 0.0612492 0.0556738 0.0498175 0.0439626 0.0382986 0.0329325 0.0279009 0.0231894 0.0187675 0.014635 0.0108571 0.00755957
 0.00750953 0.0123066 0.0187224 0.026758 0.036174 0.046329 0.0561524 0.0644104 0.0701478 0.0729822 0.0730717 0.0708801 0.0669617 0.0618536 0.0560334 0.0498952 0.0437386 0.0377717 0.0321228 0.0268534 0.0219766 0.0174874 0.0133992 0.00976973 0.00669246
 0.00760642 0.012456 0.018932 0.0270299 0.0365051 0.0467124 0.0565789 0.0648703 0.0706335 0.0734894 0.0735964 0.0714111 0.0674735 0.062305 0.0563725 0.0500696 0.0437047 0.037503 0.0316156 0.0261315 0.0210936 0.0165236 0.0124495 0.00892374 0.00601295
 0.00769218 0.0125919 0.0191294 0.0272958 0.0368393 0.0471045 0.0570063 0.0653007 0.0710338 0.0738364 0.0738842 0.0716492 0.0676776 0.0624835 0.0565179 0.0501556 0.0436926 0.0373534 0.0313016 0.0256505 0.0204734 0.0158209 0.0117392 0.00828 0.00549009
 0.00774668 0.0126783 0.0192553 0.0274669 0.0370581 0.0473688 0.0573072 0.0656215 0.0713517 0.0741273 0.0741282 0.0718361 0.0678084 0.0625681 0.056567 0.050172 0.0436652 0.0372585 0.0311122 0.0253494 0.0200658 0.0153387 0.0112349 0.00781128 0.00510238
 0.00777539 0.01272 0.019309 0.0275292 0.0371251 0.0474388 0.0573825 0.0657081 0.0714561 0.0742533 0.0742739 0.0719934 0.0679652 0.0627123 0.0566892 0.0502655 0.0437225 0.0372674 0.0310561 0.0252135 0.0198466 0.0150515 0.0109133 0.00749784 0.00483409
 0.00783601 0.0128099 0.019428 0.0276708 0.0372775 0.0475878 0.0575138 0.0658103 0.0715237 0.0742887 0.0742872 0.0719983 0.0679732 0.0627286 0.0567115 0.0502862 0.0437314 0.0372528 0.0310054 0.0251155 0.0196963 0.0148555 0.0106913 0.0072777 0.0046424
 0.00785604 0.0128405 0.0194704 0.027724 0.0373384 0.0476506 0.0575703 0.0658518 0.0715435 0.0742857 0.0742672 0.0719732 0.0679569 0.0627318 0.0567385 0.050333 0.0437871 0.0373022 0.0310324 0.0251065 0.019644 0.0147617 0.0105684 0.00714528 0.00452066
 0.00788523 0.0128835 0.0195267 0.0277903 0.0374093 0.0477199 0.0576323 0.0659014 0.0715762 0.0742978 0.0742576 0.0719442 0.0679156 0.0626883 0.0567035 0.050314 0.043785 0.0373111 0.0310409 0.0251017 0.0196158 0.0147071 0.0104926 0.00706018 0.00443999
 0.00791396 0.0129266 0.0195846 0.0278607 0.0374872 0.0477981 0.0577028 0.065956 0.0716086 0.0743054 0.0742418 0.0719098 0.0678687 0.0626358 0.0566521 0.0502699 0.0437528 0.0372914 0.0310296 0.0250908 0.0195967 0.0146744 0.0104469 0.00700717 0.00438818
 0.00791668 0.012931 0.0195913 0.02787 0.037499 0.0478117 0.0577163 0.0659671 0.0716149 0.0743057 0.0742362 0.0719001 0.0678574 0.0626254 0.0566448 0.0502673 0.0437557 0.0372998 0.0310415 0.0251021 0.0196021 0.0146696 0.0104307 0.0069827 0.0043608
 0.00790114 0.012903 0.0195443 0.0277972 0.0373957 0.0476794 0.0575651 0.0658151 0.0714838 0.0742139 0.0741943 0.0719091 0.0679108 0.0627126 0.0567537 0.0503868 0.0438767 0.0374152 0.0311461 0.0251914 0.0196724 0.0147188 0.0104593 0.00699393 0.00436039
 0.00790405 0.0129026 0.019534 0.0277675 0.0373362 0.0475824 0.0574298 0.0656496 0.0713047 0.0740434 0.0740562 0.0718226 0.0678868 0.0627508 0.0568442 0.0505137 0.0440229 0.0375651 0.0312875 0.0253157 0.0197741 0.0147953 0.0105111 0.00702454 0.00437517
 0.00790241 0.0128982 0.0195242 0.027748 0.0373014 0.0475263 0.0573474 0.0655384 0.0711677 0.07389 0.0739025 0.0716892 0.0677941 0.0627136 0.056868 0.0505935 0.0441449 0.0377114 0.0314397 0.0254585 0.0198967 0.014892 0.0105808 0.00706979 0.00440125
 0.0078853 0.0128702 0.0194818 0.0276878 0.0372212 0.0474262 0.0572305 0.065411 0.0710377 0.0737656 0.0737908 0.0715978 0.0677311 0.0626881 0.0568874 0.0506609 0.0442564 0.0378558 0.031601 0.0256191 0.0200418 0.0150115 0.0106706 0.00713121 0.00443916
 0.00785935 0.0128274 0.0194164 0.0275944 0.0370967 0.0472715 0.0570529 0.0652243 0.0708596 0.0736132 0.0736772 0.0715297 0.06771 0.062712 0.0569532 0.0507651 0.0443945 0.0380204 0.0317808 0.0258 0.0202091 0.0151535 0.0107807 0.00720906 0.00448907
 0.00781395 0.0127556 0.0193121 0.0274536 0.0369183 0.047059 0.056816 0.0649794 0.0706277 0.0734166 0.0735348 0.071454 0.0677054 0.062775 0.0570745 0.0509322 0.0445943 0.03824 0.0320076 0.0260207 0.0204106 0.0153248 0.0109153 0.00730588 0.00455251
 0.00781565 0.0127488 0.0192844 0.0273881 0.0367986 0.0468766 0.0565765 0.0647034 0.0703456 0.0731597 0.0733291 0.071317 0.0676456 0.0627932 0.0571648 0.0510829 0.04479 0.0384641 0.032243 0.0262515 0.0206224 0.0155063 0.0110593 0.00741103 0.00462256
 0.00779147 0.0127124 0.0192345 0.027324 0.0367179 0.0467739 0.0564436 0.0645331 0.0701381 0.0729276 0.0730975 0.0711175 0.0675071 0.0627343 0.0571906 0.0511868 0.0449571 0.0386748 0.0324764 0.0264872 0.0208426 0.015697 0.0112122 0.00752371 0.00469844
 0.00774775 0.012642 0.0191303 0.0271807 0.0365347 0.0465566 0.0562061 0.0642952 0.0699194 0.0727423 0.0729518 0.0710138 0.0674492 0.0627294 0.0572467 0.0513077 0.0451383 0.0389032 0.0327325 0.0267491 0.0210894 0.0159121 0.0113852 0.00765162 0.00478492
 0.0093308 0.0148556 0.0217969 0.0299132 0.038849 0.0480517 0.0567062 0.063877 0.0688285 0.0712698 0.0713428 0.0694324 0.0659866 0.0614278 0.0561223 0.0503645 0.0443743 0.0383103 0.0322958 0.0264467 0.0208949 0.0157976 0.011325 0.00762464 0.00477558
 0.0093174 0.0151273 0.0227227 0.0319502 0.0423425 0.0529659 0.062454 0.0694157 0.0730308 0.0733687 0.0711859 0.0674218 0.0628026 0.0577381 0.0524163 0.0469284 0.0413427 0.0357299 0.0301688 0.024752 0.0195964 0.0148472 0.0106657 0.00719466 0.00451424
 0.00897828 0.0145937 0.0219745 0.0310373 0.0414387 0.0524045 0.0626879 0.0708556 0.0757983 0.077114 0.075131 0.0706566 0.0646649 0.0580433 0.0514253 0.0451328 0.0392329 0.0336623 0.0283437 0.0232512 0.0184304 0.0139891 0.0100694 0.00680598 0.00427843
 0.00878658 0.0142754 0.0214839 0.030331 0.040493 0.0512466 0.0614366 0.0697483 0.0751721 0.0773128 0.076351 0.0728013 0.0673131 0.0605855 0.0533103 0.0460774 0.0392778 0.0330721 0.0274448 0.02231 0.0176065 0.0133473 0.00961286 0.00650658 0.00409722
 0.00874859 0.0142001 0.0213445 0.0300922 0.040116 0.0507012 0.060716 0.0688864 0.0742597 0.0765066 0.0758616 0.0728409 0.0680034 0.0618685 0.0549261 0.0476484 0.0404629 0.0336979 0.0275406 0.0220423 0.017176 0.0129109 0.00925623 0.00625448 0.00393858
 0.00869775 0.0141239 0.0212409 0.0299605 0.0399532 0.050497 0.0604517 0.0685399 0.0738178 0.0759836 0.0753153 0.0723784 0.0677649 0.0619806 0.0554381 0.0484859 0.0414364 0.0345762 0.028148 0.0223213 0.0171828 0.0127595 0.0090567 0.00607758 0.00381198
 0.00869392 0.01411 0.0212063 0.0298917 0.0398383 0.0503322 0.060244 0.0683041 0.0735681 0.0757251 0.0750464 0.0721049 0.0675166 0.0618191 0.0554405 0.0487063 0.0418663 0.0351311 0.0286975 0.0227466 0.0174257 0.0128336 0.00902091 0.00599749 0.00373337
 0.00866342 0.0140673 0.0211541 0.0298354 0.0397824 0.050276 0.0601799 0.0682205 0.0734554 0.075582 0.0748804 0.0719283 0.0673444 0.061671 0.0553464 0.0487036 0.0419846 0.0353699 0.0290145 0.0230703 0.0176867 0.0129947 0.00908603 0.00599778 0.00370503
 0.00868386 0.0140923 0.021177 0.029846 0.0397709 0.0502381 0.0601203 0.0681499 0.0733845 0.0755142 0.0748107 0.0718481 0.067249 0.061565 0.0552447 0.0486298 0.0419647 0.0354223 0.0291378 0.0232391 0.0178601 0.0131346 0.00917301 0.00603488 0.00370919
 0.00868475 0.0140979 0.0211923 0.0298767 0.03982 0.0503018 0.0601857 0.0681991 0.073401 0.0754911 0.0747523 0.0717652 0.0671527 0.0614627 0.0551424 0.0485363 0.0418935 0.0353884 0.0291508 0.023296 0.0179438 0.0132209 0.00924139 0.00607644 0.00372678
 0.00864114 0.0140336 0.0211084 0.0297793 0.0397197 0.0502119 0.0601196 0.0681664 0.0734046 0.0755246 0.0748021 0.0718159 0.067193 0.0614881 0.0551543 0.04854 0.0418967 0.0354 0.029179 0.0233443 0.0180082 0.0132905 0.00930326 0.00612182 0.00375382
 0.00862859 0.0140104 0.0210686 0.0297167 0.0396305 0.0500986 0.0599935 0.0680467 0.0733131 0.0754778 0.0748055 0.0718625 0.0672667 0.0615705 0.0552307 0.0486026 0.0419453 0.0354397 0.0292171 0.0233866 0.0180565 0.0133415 0.00935082 0.0061599 0.0037797
 0.00862906 0.0140084 0.0210604 0.0296965 0.0395918 0.0500359 0.0599049 0.0679359 0.0731907 0.0753604 0.0747122 0.0718097 0.0672624 0.0616114 0.055304 0.0486916 0.042035 0.0355214 0.0292883 0.0234492 0.0181131 0.0133927 0.00939521 0.00619521 0.00380471
 0.00863305 0.0140161 0.021074 0.0297181 0.0396217 0.0500709 0.0599371 0.0679541 0.0731834 0.0753215 0.0746442 0.071724 0.067176 0.0615416 0.0552622 0.0486801 0.0420485 0.0355503 0.0293237 0.0234853 0.0181473 0.0134241 0.00942291 0.00621799 0.00382167
 0.00862037 0.0139965 0.0210463 0.0296826 0.0395804 0.0500276 0.0598973 0.0679234 0.0731652 0.0753147 0.0746432 0.071722 0.0671691 0.061531 0.0552542 0.0486825 0.0420661 0.0355829 0.0293668 0.0235323 0.0181926 0.0134641 0.00945579 0.00624322 0.00383956
 0.00862037 0.0139965 0.0210463 0.0296826 0.0395804 0.0500276 0.0598973 0.0679234 0.0731652 0.0753147 0.0746432 0.071722 0.0671691 0.061531 0.0552542 0.0486825 0.0420661 0.0355829 0.0293668 0.0235323 0.0181926 0.0134641 0.00945579 0.00624322 0.00383956
 0.00882995 0.0143275 0.0215249 0.0303218 0.0403728 0.0509359 0.0608481 0.0688126 0.0738793 0.0757607 0.0747721 0.0715359 0.0667126 0.0608756 0.0544817 0.0478719 0.0412837 0.0348769 0.0287652 0.0230458 0.0178184 0.0131909 0.00926745 0.00612158 0.0037666
 0.00894817 0.014537 0.0218709 0.030854 0.0411296 0.0519214 0.0620119 0.0700465 0.0750376 0.0766953 0.0753663 0.071726 0.066494 0.0602976 0.0536327 0.0468596 0.0402159 0.0338457 0.0278385 0.0222641 0.0171973 0.0127261 0.00894074 0.00590703 0.00363583
 0.00851825 0.0138656 0.0209169 0.0296109 0.0396425 0.050303 0.0604484 0.0687738 0.0742808 0.0765936 0.0759241 0.0728156 0.0679046 0.0618016 0.0550413 0.0480531 0.0411474 0.0345256 0.0283102 0.022581 0.0174072 0.0128647 0.00903187 0.00596578 0.0036722
 0.00834948 0.0135511 0.0203715 0.0287368 0.0383602 0.0485991 0.0584177 0.0666281 0.0723114 0.0750999 0.0751383 0.0728465 0.0687165 0.0632289 0.0568379 0.0499579 0.0429437 0.0360747 0.0295546 0.0235255 0.018092 0.0133417 0.00935113 0.00616986 0.00379552
 0.00835934 0.0135534 0.020346 0.0286468 0.0381497 0.0481965 0.0577493 0.0656462 0.0710305 0.0736269 0.0736719 0.0716361 0.0679898 0.0631206 0.0573488 0.0509622 0.0442366 0.0374381 0.0308129 0.0245742 0.0188962 0.0139166 0.00973706 0.00641386 0.00394044
 0.0088077 0.014268 0.0213903 0.0300573 0.0399133 0.0502207 0.0598407 0.0675196 0.0723662 0.0741593 0.0732746 0.0703665 0.0660781 0.0609066 0.0551868 0.049128 0.0428696 0.036539 0.0302868 0.0242928 0.0187478 0.0138292 0.00967604 0.00636786 0.00390721
 0.00901636 0.0146513 0.0220468 0.0311007 0.0414387 0.0522531 0.0622872 0.070156 0.0748715 0.0761838 0.0745156 0.0706314 0.0653274 0.059268 0.0529309 0.0466029 0.040413 0.0343998 0.0285873 0.0230387 0.017872 0.0132397 0.00928965 0.0061217 0.00375686
 0.00898477 0.0146158 0.0220266 0.0311347 0.041589 0.0526034 0.0629287 0.0711584 0.0762402 0.0778234 0.0762225 0.0721307 0.066345 0.0596107 0.0525441 0.0455842 0.0389783 0.0328143 0.0270887 0.0217829 0.0169184 0.0125723 0.00885284 0.00585156 0.00359849
 0.00876913 0.0142648 0.0215008 0.030406 0.0406583 0.0515232 0.0618214 0.0702114 0.0756684 0.0778067 0.0768422 0.0733295 0.0679283 0.0612927 0.0540271 0.0466442 0.0395236 0.0328929 0.0268459 0.0213927 0.0165233 0.0122533 0.00863275 0.00571719 0.00352411
 0.00817214 0.0132932 0.0200412 0.0283656 0.038 0.0483147 0.0582779 0.0666961 0.0726317 0.0756838 0.0759503 0.0738003 0.0696835 0.0640601 0.057397 0.0501591 0.0427796 0.0356206 0.0289411 0.022892 0.0175432 0.0129274 0.00907208 0.00599887 0.00369851
 0.0084901 0.01373 0.0205461 0.0288302 0.0382731 0.0482355 0.0577155 0.0655864 0.07101 0.0737045 0.0738808 0.0719748 0.0684211 0.0635765 0.0577406 0.0511991 0.044252 0.037215 0.0303936 0.0240465 0.0183611 0.0134539 0.00938705 0.00617851 0.0037981
 0.00891735 0.0144551 0.0216851 0.0304854 0.0404801 0.0508935 0.0605395 0.0681328 0.0727896 0.0743404 0.0732329 0.0701781 0.065835 0.0606765 0.0549922 0.0489468 0.0426551 0.0362464 0.0298985 0.0238295 0.0182613 0.0133798 0.00930967 0.00610295 0.0037365
#pred catch len freq
 0.00361747 0.00587016 0.00884928 0.0125934 0.0171257 0.0223979 0.0282257 0.0342867 0.0401916 0.0455681 0.0501153 0.0536389 0.0560748 0.0574881 0.0580419 0.0579561 0.0574748 0.0568258 0.0561369 0.0553039 0.053886 0.0511664 0.0464646 0.0395872 0.0311132
 0.00401189 0.00645236 0.00961915 0.0135214 0.0181729 0.0235418 0.0294703 0.0356439 0.0416438 0.0470384 0.0514718 0.0547358 0.0568088 0.0578358 0.0580567 0.0577261 0.0570646 0.0562314 0.055277 0.0540599 0.0521784 0.049032 0.0440852 0.0372424 0.0290782
 0.00417927 0.00676301 0.0101545 0.0143718 0.0194066 0.0251622 0.0313884 0.0376932 0.0436365 0.0488291 0.0529827 0.0559336 0.0576652 0.0583118 0.0581203 0.0573795 0.0563463 0.0551862 0.0539198 0.0523687 0.0501333 0.0466795 0.0415792 0.034822 0.0269873
 0.00437118 0.00706076 0.0105819 0.0149574 0.0201958 0.0262266 0.0328118 0.0395291 0.045852 0.0512698 0.0553949 0.0580401 0.0592511 0.059269 0.0584364 0.0570969 0.0555269 0.0538921 0.0522044 0.0502764 0.0477177 0.0440383 0.0388799 0.0322872 0.0248322
 0.00461569 0.0074524 0.01116 0.0157536 0.0212291 0.0274973 0.0343002 0.0412027 0.0476786 0.0532196 0.0574184 0.0600344 0.0610456 0.060656 0.0592321 0.0571942 0.0549097 0.0526129 0.0503503 0.047949 0.0450372 0.0411612 0.0360092 0.0296509 0.0226296
 0.00493262 0.00794612 0.0118645 0.0166905 0.0224092 0.0289213 0.035952 0.0430399 0.0496277 0.0551842 0.0592979 0.0617399 0.0625012 0.0617825 0.059932 0.0573565 0.0544386 0.0514621 0.0485417 0.0455731 0.0422453 0.038158 0.0330376 0.0269569 0.0204089
 0.00515036 0.00831006 0.0124304 0.017516 0.0235416 0.0303784 0.0377048 0.045008 0.051694 0.0572203 0.061185 0.0633801 0.0638196 0.0627241 0.0604514 0.0574049 0.0539581 0.0503975 0.0468694 0.0433333 0.0395618 0.0352359 0.030135 0.0243319 0.0182581
 0.00538781 0.00868978 0.0129926 0.0183 0.0245864 0.031718 0.0393549 0.0469466 0.0538447 0.0594488 0.063317 0.0652367 0.0652559 0.0636527 0.0608402 0.0572546 0.053275 0.0491802 0.0451187 0.0410824 0.036911 0.032368 0.0272949 0.0217722 0.0161709
 0.00567298 0.00914288 0.0136555 0.0192066 0.0257588 0.0331613 0.0410489 0.0488409 0.055861 0.0614876 0.0652629 0.0669625 0.0666321 0.0645654 0.0612107 0.0570495 0.0524992 0.0478608 0.0432953 0.0388156 0.0343065 0.0295947 0.0245755 0.0193372 0.0141956
 0.00590533 0.00952301 0.0142327 0.0200299 0.0268696 0.0345798 0.0427581 0.0507771 0.0579173 0.0635303 0.0671533 0.0685747 0.0678644 0.0653431 0.061484 0.0567908 0.0517032 0.046545 0.0415014 0.0366164 0.0318166 0.0269794 0.0220392 0.017085 0.0123802
 0.0061298 0.00987127 0.0147279 0.020688 0.0277042 0.0356061 0.0439893 0.052212 0.0595239 0.0652347 0.0688417 0.0701111 0.0691165 0.0662054 0.0618887 0.0567049 0.0511202 0.0454791 0.0399891 0.0347251 0.0296555 0.024703 0.0198331 0.0151305 0.010809
 0.00629462 0.0101412 0.0151372 0.0212688 0.0284789 0.0365771 0.045131 0.0534724 0.0608375 0.0665385 0.0700817 0.0712359 0.0700668 0.0669113 0.0622779 0.0567174 0.0507192 0.0446558 0.0387653 0.033157 0.02784 0.0227782 0.0179632 0.0134739 0.00947899
 0.00641197 0.0103397 0.0154513 0.021737 0.0291385 0.0374522 0.0462188 0.0547322 0.0621909 0.0678813 0.0713047 0.072248 0.0708097 0.0673595 0.0624252 0.0565606 0.0502511 0.0438698 0.0376688 0.0317859 0.0262694 0.0211226 0.0163618 0.0120606 0.00834855
 0.0064713 0.0104448 0.0156268 0.0220149 0.0295553 0.0380426 0.0470049 0.0557123 0.0633302 0.0691082 0.0725166 0.0733284 0.0716531 0.0678937 0.0626209 0.0564243 0.0498077 0.0431482 0.0366981 0.0306044 0.0249385 0.019733 0.0150251 0.0108853 0.00741137
 0.00656012 0.0105722 0.0157884 0.0221996 0.0297537 0.0382585 0.0472622 0.0560512 0.0637917 0.0697141 0.0732534 0.074142 0.0724573 0.0685887 0.0631164 0.056658 0.0497527 0.0428092 0.036102 0.0297954 0.0239778 0.0187011 0.0140156 0.00998814 0.0066907
