SBPRF35
12.7214
Curr Bio
714567
B35
880206
F35
0.169071
FOFL
0.13548
OFL
80280.4
Bzero
3.63469e+006
#pred survey bio
 3.72272e+006 3.603e+006 3.49198e+006 3.33724e+006 3.1312e+006 2.89037e+006 2.62989e+006 2.39824e+006 2.14936e+006 1.8932e+006 1.65774e+006 1.45054e+006 1.26443e+006 1.11891e+006 1.00181e+006 893294 800250 712795 669120 620384 584223 566462 559942 541786 534399 526148 513875 506519 514254 524282 542251 548744 561811 577711 601842 614966 631680 640033 648272 654005 665691 678592 682504 685655 688826 699335 698866 692836 687954 684655 681567 717725 727154 719528 2.51515e+007 1.48744e+007 1.50565e+007 1.60044e+007 1.74896e+007 1.92045e+007 2.09098e+007 2.246e+007 2.37886e+007 2.48821e+007 2.57569e+007 2.6443e+007 2.69737e+007 2.73806e+007 2.76908e+007 2.79266e+007 2.81058e+007 2.82421e+007 2.83461e+007 2.84257e+007 2.84868e+007 2.8534e+007 2.85706e+007 2.85992e+007 2.86215e+007 2.86391e+007 2.8653e+007 2.8664e+007 2.86727e+007 2.86797e+007 2.86853e+007 2.86897e+007 2.86933e+007 2.86963e+007 2.86986e+007 2.87005e+007 2.87021e+007 2.87033e+007 2.87044e+007 2.87052e+007 2.87059e+007 2.87064e+007 2.87069e+007 2.87073e+007 2.87076e+007 2.87078e+007 2.8708e+007 2.87082e+007 2.87083e+007 2.87084e+007 2.87085e+007 2.87086e+007 2.87086e+007 2.87087e+007 2.87087e+007 2.87088e+007 2.87088e+007 2.87088e+007 2.87088e+007 2.87088e+007 2.87089e+007 2.87089e+007 2.87089e+007 2.87089e+007 2.87089e+007 2.87089e+007 2.87089e+007 2.87089e+007 2.87089e+007 2.87089e+007 2.87089e+007 2.87089e+007 2.87089e+007 2.87089e+007 2.87089e+007 2.87089e+007 2.87089e+007 2.87089e+007 2.87089e+007 2.87089e+007 2.87089e+007 2.87089e+007 2.87089e+007 2.87089e+007 2.87089e+007 2.87089e+007 2.87089e+007 2.87089e+007 2.87089e+007 2.87089e+007 2.87089e+007 2.87089e+007 2.87089e+007 2.87089e+007 2.87089e+007 2.87089e+007 2.87089e+007 2.87089e+007 2.87089e+007 2.87089e+007 0 0 0 0 0 0 0 0 0 0 0 0 0 0 0 0 0 0 0 0 0 0 0 0 0
#obs survey bio
 3.73341e+006 2.80665e+006 3.62506e+006 2.24496e+006 3.66672e+006 2.07187e+006 3.68691e+006 2.38882e+006 1.76884e+006 1.77595e+006 1.49229e+006 1.50033e+006 1.35441e+006 922270 1.0244e+006 924986 657617 539928 615851 424232 585288 383981 568676 800837 490407 443677 362095 308536 509134 544591 605821 568255 577921 646992 531924 451554 646787 440805 906988 856354 704110 863730 461755 978469 758309 548350 749761 673293 467678 468560 943865 953480 829837 628379
#pred catch bio
 109928 105833 152297 209248 253947 286710 276153 307721 328962 322235 305611 292147 259210 236191 228697 212894 203612 161738 161649 145629 126451 115543 123771 112756 112127 113699 107891 94921.4 93589.5 87554.3 96972.4 90713.4 88574.1 82807.2 93611.3 91929.6 100219 100811 103076 98255.7 97713.4 105241 105040 104033 97609.1 107247 111555 110099 108436 107535 73916.1 95927.8 106250 94360.1 80280.4 97118.1 96944.2 101570 110481 121225 131934 141568 149687 156223 161315 165182 168063 170179 171714 172817 173604 174162 174556 174833 175028 175163 175258 175324 175370 175402 175424 175439 175450 175457 175462 175466 175468 175470 175471 175472 175472 175473 175473 175473 175473 175473 175473 175473 175473 175473 175473 175473 175473 175473 175473 175473 175473 175473 175473 175473 175473 175473 175473 175473 175473 175473 175473 175473 175473 175473 175473 175473 175473 175473 175473 175473 175473 175473 175473 175473 175473 175473 175473 175473 175473 175473 175473 175473 175473 175473 175473 175473 175473 175473 175473 175473 175473 175473 175473 175473 175473 175473 175473 175473 0 0 0 0 0 0 0 0 0 0 0 0 0 0 0 0 0 0 0 0 0 0 0 0 0
#obs catch bio
 0 105493 152346 209890 254606 287827 275579 307614 330232 324884 308574 295932 262003 238980 232936 215702 207807 164688 165234 148628 127839 117139 126001 114000 113974 115458 109536 96513.4 94992 88632.1 98209.4 90909.4 88885 82771.3 93734.8 92111.5 100665 101528 103333 98383.5 97983.7 105175 105426 103714 96795.7 107170 111221 109830 108812 108332 73546.9 96011.4 106398 94271.8
#pred cpue bio
 3.66957e+006 3.55184e+006 3.44246e+006 3.28825e+006 3.08273e+006 2.8428e+006 2.58345e+006 2.35253e+006 2.10456e+006 1.84965e+006 1.61571e+006 1.41016e+006 1.22589e+006 1.08181e+006 965801 858690 767233 681699 639199 592169 557413 540334 533976 516415 509368 501502 489742 482681 490270 500212 518027 524846 537916 553568 577152 589902 606081 614203 622324 628074 639589 652342 656371 659697 663061 673343 672791 666870 662051 658831 656034 691951 702113 695711 2.43664e+007 1.44247e+007 1.44436e+007 1.51881e+007 1.65908e+007 1.82832e+007 1.99833e+007 2.15324e+007 2.28607e+007 2.39542e+007 2.4829e+007 2.55151e+007 2.60458e+007 2.64527e+007 2.67628e+007 2.69987e+007 2.71779e+007 2.73142e+007 2.74182e+007 2.74977e+007 2.75589e+007 2.76061e+007 2.76427e+007 2.76712e+007 2.76936e+007 2.77112e+007 2.77251e+007 2.7736e+007 2.77448e+007 2.77517e+007 2.77573e+007 2.77618e+007 2.77654e+007 2.77683e+007 2.77707e+007 2.77726e+007 2.77741e+007 2.77754e+007 2.77764e+007 2.77773e+007 2.77779e+007 2.77785e+007 2.77789e+007 2.77793e+007 2.77796e+007 2.77799e+007 2.77801e+007 2.77802e+007 2.77804e+007 2.77805e+007 2.77806e+007 2.77806e+007 2.77807e+007 2.77808e+007 2.77808e+007 2.77808e+007 2.77809e+007 2.77809e+007 2.77809e+007 2.77809e+007 2.77809e+007 2.77809e+007 2.77809e+007 2.77809e+007 2.7781e+007 2.7781e+007 2.7781e+007 2.7781e+007 2.7781e+007 2.7781e+007 2.7781e+007 2.7781e+007 2.7781e+007 2.7781e+007 2.7781e+007 2.7781e+007 2.7781e+007 2.7781e+007 2.7781e+007 2.7781e+007 2.7781e+007 2.7781e+007 2.7781e+007 2.7781e+007 2.7781e+007 2.7781e+007 2.7781e+007 2.7781e+007 2.7781e+007 2.7781e+007 2.7781e+007 2.7781e+007 2.7781e+007 2.7781e+007 2.7781e+007 2.7781e+007 2.7781e+007 2.7781e+007 2.7781e+007 2.7781e+007 0 0 0 0 0 0 0 0 0 0 0 0 0 0 0 0 0 0 0 0 0 0 0 0 0
#obs cpue bio
 3.58594e+006 4.82156e+006 2.98427e+006 2.96047e+006 2.88799e+006 3.72066e+006 2.97152e+006 2.22623e+006 1.75674e+006 1.28537e+006 1.44585e+006 1.03131e+006 1.0493e+006 1.02294e+006 570918 876557 570523 558222 509752 640197 658356 486145 404808 358025 331164 531130 541994 445248 465757 382886 489886 863424 462846 569778 688295 624024 524766 617628 652176 475748 497166 764157 630045 864856 937222 507983 782038 661163 585292 826003 719018 522715 623135 812960
#pred surv len freq
 0.00510124 0.00822294 0.0122648 0.0171723 0.0228104 0.0288975 0.0349718 0.0404925 0.0450401 0.048457 0.0508282 0.0523593 0.0532664 0.053727 0.0538715 0.0537947 0.0535712 0.0532546 0.0528296 0.0521133 0.0506747 0.0478925 0.0432243 0.036586 0.0285761
 0.00527785 0.00842662 0.0124215 0.0171733 0.0225556 0.028356 0.0342219 0.0397049 0.0444067 0.0481056 0.0507772 0.0525352 0.0535648 0.0540731 0.0542498 0.0542358 0.0541109 0.0538872 0.0534812 0.0526538 0.0509679 0.0478604 0.0428885 0.0360585 0.0280057
 0.00550143 0.00878178 0.0129343 0.0178461 0.0233482 0.0291698 0.0349035 0.0400879 0.0443837 0.0476914 0.0501127 0.0518214 0.052969 0.0536722 0.0540368 0.0541684 0.0541521 0.05401 0.0536445 0.0527826 0.0509652 0.0476513 0.042465 0.0354908 0.0274098
 0.00566493 0.0090559 0.0133624 0.0184738 0.0242124 0.0302788 0.0362124 0.0414818 0.0456838 0.0486932 0.0506493 0.0518271 0.0525074 0.0529055 0.0531543 0.0533166 0.0534043 0.053375 0.053089 0.0522489 0.0503873 0.0469803 0.0416986 0.034684 0.0266531
 0.00584806 0.00935001 0.0137996 0.0190849 0.0250253 0.0313137 0.0374717 0.0429367 0.0472617 0.0502702 0.0520554 0.0528738 0.0530374 0.0528487 0.0525561 0.0523191 0.052187 0.0520901 0.051824 0.0510258 0.0491902 0.0457927 0.0405338 0.033594 0.0257101
 0.00609231 0.00973501 0.0143569 0.0198371 0.0259844 0.0324779 0.0388214 0.0444323 0.0488459 0.0518712 0.0535851 0.0542201 0.054064 0.0534141 0.0525546 0.0517227 0.0510636 0.0505802 0.0500897 0.049204 0.0473741 0.0440458 0.0389148 0.0321695 0.0245431
 0.00641706 0.0102439 0.0150872 0.0208111 0.0272065 0.033931 0.0404615 0.0461876 0.0506262 0.0535841 0.0551486 0.0555631 0.0551158 0.0540925 0.0527662 0.0513839 0.0501345 0.0490931 0.0481524 0.0469748 0.0450264 0.0417425 0.0367976 0.0303523 0.0231003
 0.00673922 0.0107525 0.0158247 0.0218068 0.0284721 0.0354541 0.0421969 0.0480552 0.052521 0.0553954 0.0567783 0.0569344 0.0561703 0.0547804 0.053034 0.0511701 0.0493808 0.0477714 0.0462948 0.0446889 0.0424869 0.039161 0.0343842 0.0282782 0.0214684
 0.0070521 0.0112596 0.0165846 0.0228721 0.0298784 0.0372029 0.044239 0.0502856 0.0547945 0.0575557 0.0586858 0.0584824 0.0572882 0.0554273 0.0531866 0.0508088 0.0484824 0.0463171 0.0442954 0.0422161 0.0396919 0.0362646 0.0316359 0.025898 0.0195949
 0.00736405 0.0117632 0.0173365 0.0239244 0.0312709 0.0389498 0.0463119 0.0526035 0.0572277 0.0599442 0.0608628 0.060297 0.0586228 0.0562067 0.053376 0.0504015 0.0474847 0.0447412 0.0421692 0.0396096 0.0367444 0.0331909 0.0286953 0.0233334 0.0175681
 0.00768735 0.0122766 0.0180872 0.0249501 0.032596 0.0405785 0.0482181 0.0547236 0.059464 0.0621751 0.0629561 0.0621198 0.0600512 0.0571366 0.0537331 0.050145 0.0466041 0.0432509 0.0401097 0.0370608 0.0338467 0.0301533 0.0257727 0.0207702 0.015533
 0.00798599 0.0127551 0.0187944 0.0259268 0.0338678 0.0421448 0.0500406 0.0567237 0.0615333 0.0641966 0.0648207 0.0637322 0.0613275 0.0580005 0.0541154 0.0499891 0.0458726 0.041933 0.0382301 0.0346931 0.0311268 0.027283 0.0229971 0.0183253 0.0135845
 0.00838152 0.0133679 0.0196609 0.0270622 0.0352667 0.0437819 0.0518672 0.0586637 0.0634871 0.0660534 0.0664743 0.0650937 0.0623305 0.0585989 0.0542766 0.0496857 0.0450803 0.0406369 0.0364395 0.032462 0.0285723 0.0245889 0.0203904 0.0160269 0.0117505
 0.00876234 0.0139632 0.0205118 0.0281894 0.036666 0.0454189 0.0536721 0.0605337 0.0653025 0.0677015 0.0678681 0.0661759 0.0630667 0.0589683 0.0542651 0.0492817 0.0442726 0.039417 0.0348132 0.0304683 0.026304 0.0221997 0.0180769 0.0139839 0.0101174
 0.00896161 0.0143012 0.0210456 0.0289792 0.0377593 0.0468276 0.0553511 0.0623767 0.0671616 0.069422 0.0693205 0.0672736 0.0637676 0.0592654 0.0541723 0.0488192 0.0434573 0.0382611 0.0333319 0.0286975 0.0243192 0.020126 0.0160764 0.0122193 0.0087068
 0.00916241 0.0146224 0.0215207 0.0296389 0.0386302 0.0479264 0.0566742 0.0638879 0.0687846 0.0710432 0.0708037 0.0684844 0.0646006 0.0596628 0.0541263 0.0483595 0.0426311 0.0371168 0.031915 0.027059 0.022532 0.0182953 0.0143335 0.0106949 0.00749419
 0.00928767 0.014834 0.0218536 0.0301304 0.0393114 0.0488106 0.0577454 0.065099 0.0700666 0.0723186 0.0719949 0.0695144 0.0653928 0.0601475 0.0542535 0.04811 0.0420191 0.0361824 0.0307139 0.0256576 0.0210099 0.01675 0.0128756 0.00942879 0.00649221
 0.00944525 0.0150857 0.0222244 0.0306415 0.039978 0.0496363 0.0587159 0.066176 0.0711895 0.0734124 0.0729821 0.0703266 0.0659769 0.0604668 0.0542854 0.0478442 0.0414593 0.0353499 0.0296493 0.0244204 0.0196773 0.0154129 0.0116301 0.00835976 0.00565436
 0.00935827 0.0149556 0.0220508 0.0304351 0.0397617 0.0494463 0.0586 0.066189 0.071381 0.0738117 0.0735849 0.0710901 0.0668261 0.0613082 0.0550238 0.0483974 0.0417677 0.0353827 0.0294073 0.0239363 0.0190126 0.0146505 0.0108612 0.00766698 0.0050945
 0.00943278 0.0150627 0.0221862 0.0305856 0.0399098 0.0495764 0.0587049 0.0662727 0.0714594 0.0739093 0.073729 0.0713023 0.0671122 0.061651 0.0553823 0.0487136 0.0419795 0.0354379 0.0292762 0.0236195 0.0185427 0.0140869 0.0102771 0.00713204 0.00465823
 0.0096603 0.0153866 0.0225883 0.0310191 0.0403115 0.0498873 0.0588877 0.0663187 0.0713853 0.0737501 0.0735312 0.0711152 0.0669793 0.0615997 0.0554159 0.0488087 0.0420907 0.0355094 0.0292575 0.0234807 0.0182838 0.013738 0.0098891 0.0067602 0.00434589
 0.00982118 0.0156289 0.0229154 0.0314172 0.040748 0.0503127 0.0592402 0.066536 0.071423 0.073601 0.0732319 0.0707363 0.0666017 0.0612915 0.0552167 0.0487249 0.0420983 0.035563 0.0293032 0.023472 0.0181954 0.0135724 0.00967316 0.00653289 0.00414308
 0.0097119 0.0154852 0.0227616 0.0312959 0.0407072 0.0503845 0.0594239 0.0667944 0.0716942 0.0738198 0.0733508 0.0707401 0.0665104 0.0611514 0.0550834 0.0486433 0.0420884 0.0356155 0.0293863 0.0235449 0.018224 0.0135418 0.00959044 0.0064211 0.00402939
 0.00978436 0.0155854 0.0228811 0.03142 0.0408237 0.0504951 0.0595491 0.0669638 0.0719261 0.0741006 0.0736313 0.0709514 0.0665937 0.0610833 0.0548839 0.0483652 0.0417939 0.0353536 0.0291793 0.0233885 0.0180989 0.0134278 0.00947747 0.00631114 0.00393144
 0.00976705 0.0155598 0.0228468 0.0313767 0.0407701 0.050428 0.0594658 0.066868 0.0718346 0.0740437 0.073642 0.0710471 0.0667618 0.0612823 0.0550622 0.0484851 0.041846 0.0353536 0.029153 0.0233559 0.018067 0.0133941 0.00943788 0.00626584 0.00388552
 0.00973923 0.01552 0.0227969 0.0313222 0.040718 0.0503845 0.0594337 0.0668459 0.0718181 0.0740291 0.0736314 0.0710502 0.0667924 0.0613493 0.0551606 0.0485948 0.0419417 0.0354172 0.0291807 0.0233556 0.01805 0.0133689 0.00940858 0.00623496 0.00385584
 0.00983113 0.015651 0.0229602 0.0315 0.0408872 0.0505252 0.0595352 0.0669072 0.0718433 0.074022 0.0735932 0.0709819 0.0666988 0.0612413 0.0550525 0.0484986 0.0418611 0.035348 0.0291156 0.0232901 0.0179846 0.0133071 0.00935412 0.00618997 0.0038209
 0.00987013 0.0157134 0.0230514 0.0316224 0.0410372 0.0506904 0.0596936 0.067032 0.0719116 0.0740246 0.0735377 0.0708874 0.0665865 0.0611275 0.0549469 0.0484061 0.0417837 0.0352851 0.0290638 0.023245 0.0179427 0.0132675 0.00931794 0.00615902 0.00379646
 0.00975738 0.0155381 0.0228035 0.0313003 0.0406504 0.0502622 0.0592619 0.0666447 0.0716158 0.0738537 0.0735033 0.0709811 0.0667871 0.0614081 0.0552793 0.0487625 0.0421385 0.0356167 0.0293562 0.023488 0.0181323 0.0134053 0.00941037 0.00621555 0.00382754
 0.00959522 0.0152911 0.0224628 0.0308691 0.0401431 0.049703 0.0586842 0.066092 0.0711389 0.0735033 0.0733197 0.0709847 0.0669738 0.0617514 0.0557372 0.0492869 0.042683 0.0361418 0.0298317 0.0238937 0.0184582 0.0136508 0.00958269 0.00632749 0.00389427
 0.00933281 0.0148872 0.0218983 0.0301433 0.0392765 0.0487372 0.0576837 0.0651402 0.0703269 0.0729117 0.0730038 0.0709675 0.0672473 0.0622808 0.0564667 0.0501469 0.0435993 0.0370449 0.0306644 0.0246157 0.0190475 0.0141024 0.00990612 0.00654268 0.00402638
 0.00936286 0.0149056 0.0218698 0.0300175 0.0390009 0.0482799 0.0570519 0.0643847 0.0695294 0.0721637 0.0723868 0.0705426 0.0670509 0.062324 0.056736 0.0506069 0.0441968 0.0377163 0.0313449 0.0252489 0.0195923 0.0145367 0.0102267 0.00676095 0.00416286
 0.00935932 0.0148966 0.0218487 0.0299713 0.0389083 0.0481104 0.0567704 0.0639635 0.0689654 0.071492 0.0716818 0.0699015 0.0665676 0.0620652 0.0567298 0.0508424 0.0446326 0.0382906 0.0319867 0.0258886 0.020172 0.0150181 0.0105936 0.00701719 0.00432642
 0.00935834 0.0148883 0.0218239 0.0299173 0.0388119 0.0479617 0.0565651 0.0637019 0.0686483 0.0711201 0.0712613 0.0694545 0.0661384 0.0617159 0.0565237 0.0508243 0.0448142 0.0386479 0.0324672 0.0264254 0.0206987 0.0154819 0.0109632 0.00728456 0.00450183
 0.00932962 0.0148361 0.0217351 0.0297766 0.038605 0.0476815 0.0562175 0.0633072 0.0682375 0.0707264 0.0709116 0.0691652 0.065918 0.0615724 0.0564715 0.0508843 0.045005 0.0389729 0.0329057 0.026933 0.021218 0.0159577 0.0113559 0.00757725 0.00469876
 0.0093275 0.0148414 0.0217581 0.0298297 0.0386959 0.0478048 0.0563489 0.0634072 0.068264 0.0706509 0.0707296 0.0688958 0.0655954 0.0612358 0.0561592 0.0506316 0.0448433 0.0389253 0.0329795 0.0271138 0.0214709 0.0162361 0.0116159 0.00778891 0.0048508
 0.00922435 0.0146894 0.0215594 0.0295981 0.0384557 0.0475857 0.0561801 0.0633104 0.0682457 0.0706974 0.0708095 0.0689712 0.0656369 0.0612331 0.0561223 0.050585 0.0448174 0.038948 0.0330692 0.0272734 0.0216852 0.0164758 0.0118471 0.00798388 0.00499569
 0.00913918 0.0145632 0.0213924 0.0293995 0.0382419 0.0473777 0.0560004 0.0631808 0.068184 0.0707117 0.0708936 0.0691031 0.0657835 0.0613603 0.0562069 0.0506225 0.0448223 0.0389471 0.0330909 0.027337 0.0217944 0.0166181 0.0119997 0.00812351 0.00510632
 0.00906309 0.0144431 0.0212189 0.029168 0.037955 0.0470487 0.0556556 0.0628578 0.0679242 0.0705503 0.0708497 0.0691761 0.065954 0.061595 0.0564665 0.0508718 0.0450392 0.0391271 0.0332442 0.02748 0.0219395 0.0167674 0.0121451 0.00825203 0.00520779
 0.00907127 0.0144461 0.0212045 0.0291181 0.0378506 0.0468765 0.0554159 0.062567 0.0676133 0.0702582 0.070616 0.0690323 0.0659171 0.0616636 0.0566212 0.0510811 0.0452686 0.0393491 0.033444 0.0276555 0.0220957 0.0169091 0.0122722 0.00836037 0.0052926
 0.00897096 0.0142999 0.0210153 0.0288978 0.0376146 0.0466363 0.0551742 0.0623203 0.0673599 0.070007 0.0703894 0.0688626 0.0658364 0.0616936 0.0567656 0.051324 0.0455787 0.0396887 0.0337787 0.0279611 0.0223601 0.0171291 0.0124488 0.00849606 0.00539063
 0.00888021 0.0141545 0.0208014 0.0286066 0.0372471 0.0462084 0.0547194 0.061885 0.0669901 0.0697335 0.0702216 0.0687944 0.0658582 0.0618009 0.0569587 0.0516008 0.0459274 0.0400849 0.03419 0.0283549 0.0227106 0.0174213 0.0126779 0.00866498 0.00550706
 0.00878981 0.0140233 0.0206326 0.0284115 0.0370402 0.0459998 0.0545113 0.0616745 0.0667774 0.069528 0.070042 0.0686614 0.0657868 0.0617973 0.0570232 0.0517314 0.0461207 0.0403326 0.0344754 0.0286541 0.0229976 0.0176741 0.0128831 0.00881869 0.00561326
 0.00874305 0.0139429 0.0205043 0.028222 0.0367825 0.0456811 0.0541568 0.0613237 0.0664711 0.0692945 0.0698906 0.0685871 0.0657804 0.0618521 0.0571362 0.0519005 0.0463415 0.0405972 0.034771 0.0289624 0.0232966 0.0179422 0.0131045 0.00898633 0.00572936
 0.00888886 0.0141409 0.0207297 0.0284265 0.0369062 0.0456732 0.0539941 0.0610182 0.066065 0.0688476 0.0694646 0.0682317 0.0655246 0.0617034 0.0570871 0.0519368 0.0464489 0.0407621 0.034979 0.0291965 0.0235366 0.0181674 0.0132976 0.00913706 0.00583614
 0.00884699 0.0140972 0.020707 0.0284553 0.0370098 0.0458469 0.0541938 0.0611688 0.0660909 0.0687075 0.0691715 0.067846 0.0651277 0.0613681 0.0568584 0.0518291 0.046453 0.0408566 0.0351388 0.0293962 0.0237519 0.0183756 0.0134801 0.00928219 0.00594057
 0.00881974 0.0140602 0.0206659 0.0284234 0.0370083 0.0459019 0.0543288 0.0613918 0.0663802 0.0690069 0.0694025 0.0679377 0.0650481 0.0611384 0.0565413 0.0515008 0.0461761 0.0406658 0.0350412 0.0293797 0.0237943 0.0184519 0.0135674 0.00936291 0.00600461
 0.00887619 0.0141406 0.0207662 0.0285335 0.037116 0.046 0.0544196 0.0614879 0.0664984 0.0691572 0.0695765 0.0681033 0.0651559 0.0611413 0.0564178 0.0512671 0.0458804 0.0403681 0.0347911 0.0292036 0.0236947 0.0184146 0.0135709 0.00938651 0.00603263
 0.00885003 0.0141119 0.020748 0.0285447 0.0371745 0.0461127 0.054576 0.0616629 0.0666639 0.0692957 0.0696867 0.0681934 0.0652307 0.0611914 0.0564211 0.0512021 0.0457421 0.0401752 0.0345802 0.0290133 0.0235514 0.0183263 0.0135297 0.00937691 0.00603894
 0.00872257 0.0139262 0.0205093 0.0282737 0.0369048 0.045883 0.0544225 0.0616115 0.0667235 0.0694545 0.0699153 0.0684552 0.0654933 0.0614326 0.0566262 0.0513586 0.0458393 0.0402099 0.0345618 0.0289637 0.0234961 0.0182845 0.0135093 0.00937501 0.00604756
 0.00855591 0.0136723 0.0201597 0.0278346 0.0363976 0.0453447 0.0539046 0.0611753 0.0664292 0.069345 0.0700032 0.0687195 0.0658874 0.0618983 0.0571081 0.0518129 0.046236 0.0405323 0.0348055 0.0291358 0.0236124 0.0183636 0.0135663 0.00941869 0.00608125
 0.00814472 0.0130294 0.0192418 0.0266234 0.0349086 0.0436377 0.0520931 0.059424 0.0649292 0.0682731 0.0694822 0.0687952 0.0665252 0.062997 0.0585242 0.0533901 0.0478314 0.0420334 0.0361373 0.0302582 0.0245146 0.0190558 0.0140722 0.00976899 0.00630912
 0.00781835 0.0125348 0.0185634 0.0257679 0.033899 0.0425044 0.0508722 0.0581637 0.0636992 0.0671683 0.0686148 0.0682757 0.0664365 0.063371 0.0593293 0.0545357 0.049188 0.0434604 0.0375091 0.0314819 0.0255361 0.0198571 0.014663 0.0101775 0.00657256
 0.00741114 0.0119236 0.0177387 0.0247554 0.032753 0.0412947 0.049672 0.0570417 0.0627123 0.0663562 0.0680029 0.0678873 0.0663051 0.06354 0.0598344 0.0553797 0.0503235 0.0447907 0.0389087 0.032825 0.0267222 0.0208261 0.0153969 0.0106924 0.00690636
#obs surv len freq
 nan nan nan nan nan nan nan nan nan nan nan nan nan nan nan nan nan nan nan nan nan nan nan nan nan
 0.00449071 0.00735452 0.0111864 0.0160033 0.0217027 0.0279756 0.0342862 0.0400142 0.0446913 0.0481536 0.0505106 0.0520062 0.0528984 0.0534108 0.0537252 0.0539801 0.0542588 0.0545515 0.0546903 0.0542822 0.0527204 0.0493528 0.0438029 0.0362835 0.0276678
 0.00461737 0.00756497 0.011511 0.0164718 0.0223365 0.0287756 0.0352223 0.0410225 0.0456844 0.0490393 0.0512102 0.0524654 0.0530916 0.0533399 0.0534143 0.0534676 0.0535887 0.0537669 0.0538304 0.0533841 0.0518232 0.0485001 0.0430401 0.035649 0.0271829
 0.00478291 0.00783427 0.0119169 0.0170457 0.0231032 0.0297442 0.0363756 0.0423102 0.0470257 0.0503333 0.0523504 0.0533545 0.0536545 0.0535332 0.05323 0.0529299 0.0527456 0.0526802 0.0525679 0.0520171 0.0504277 0.0471573 0.0418306 0.0346393 0.0264098
 0.0049716 0.00814355 0.012387 0.0177155 0.0240027 0.0308824 0.0377289 0.0438182 0.0485998 0.0518724 0.0537538 0.0545279 0.054513 0.0540059 0.0532681 0.0525152 0.0518945 0.0514422 0.0510201 0.0502589 0.0485758 0.0453401 0.0401746 0.0332475 0.0253401
 0.00517386 0.00847611 0.0128946 0.0184425 0.0249848 0.0321337 0.0392271 0.0455002 0.0503692 0.0536172 0.0553638 0.0559044 0.0555714 0.0546745 0.0534885 0.0522458 0.0511182 0.0501759 0.0493222 0.0482322 0.0463646 0.0431167 0.0381153 0.0314991 0.023988
 0.00540173 0.00884754 0.0134557 0.0192372 0.0260476 0.0334769 0.040828 0.0472947 0.0522599 0.0554904 0.0571059 0.0574127 0.0567576 0.0554652 0.0538232 0.0520766 0.0504126 0.0489266 0.0475622 0.0460497 0.0439089 0.0405879 0.0357315 0.0294499 0.0223899
 0.00564296 0.00924287 0.0140565 0.0200931 0.0271968 0.034931 0.0425564 0.0492203 0.0542709 0.0574625 0.0589226 0.0589747 0.0579837 0.056289 0.0541895 0.0519384 0.0497325 0.0476846 0.0457725 0.0437821 0.0413052 0.0378573 0.033118 0.027176 0.0206005
 0.00589625 0.00965569 0.0146798 0.0209755 0.0283755 0.0364178 0.0443227 0.051191 0.0563336 0.0594885 0.0607872 0.0605709 0.0592272 0.0571164 0.0545532 0.0518001 0.0490599 0.0464558 0.0439919 0.041505 0.0386599 0.0350489 0.0303985 0.0247855 0.0187034
 0.00613847 0.0100558 0.0152936 0.0218584 0.0295712 0.0379406 0.0461395 0.0532164 0.0584436 0.0615455 0.0626636 0.0621607 0.0604487 0.0579102 0.0548772 0.0516239 0.0483599 0.0452167 0.0422182 0.0392448 0.0360299 0.032243 0.027664 0.0223655 0.0167705
 0.00637518 0.0104436 0.015883 0.0226991 0.0307034 0.0393801 0.0478628 0.0551524 0.0604819 0.0635552 0.064514 0.0637372 0.0616607 0.0586935 0.0551905 0.0514426 0.0476689 0.0440087 0.040503 0.0370693 0.0335018 0.0295424 0.0250237 0.0200192 0.0148878
 0.00663903 0.0108724 0.0165279 0.0236071 0.0319077 0.0408861 0.0496328 0.0571018 0.0624913 0.065494 0.066261 0.0651918 0.0627457 0.0593539 0.0553913 0.0511646 0.0469041 0.0427592 0.0387864 0.0349349 0.0310525 0.026945 0.0224932 0.0177725 0.0130838
 0.00682541 0.0111868 0.0170221 0.0243359 0.0329175 0.0421956 0.0512154 0.0588799 0.0643495 0.0673029 0.0679005 0.0665636 0.0637766 0.0599933 0.0556075 0.0509397 0.0462307 0.0416398 0.0372398 0.0330099 0.0288445 0.024605 0.0202141 0.0157478 0.0114562
 0.00708168 0.0115979 0.0176308 0.0251791 0.03402 0.0435606 0.0528121 0.0606372 0.0661613 0.0690451 0.0694503 0.0678165 0.0646568 0.0604572 0.0556394 0.0505432 0.0454194 0.040433 0.0356665 0.0311217 0.0267314 0.0224034 0.0180943 0.0138794 0.0099617
 0.00728249 0.0119344 0.018155 0.0259435 0.035064 0.0448909 0.0543849 0.0623568 0.0678996 0.0706712 0.0708545 0.0689186 0.0654036 0.0608171 0.0555992 0.0501061 0.0446017 0.039261 0.0341775 0.0293712 0.0248049 0.0204223 0.0162059 0.0122268 0.00864664
 0.00745477 0.012217 0.0185854 0.0265594 0.0358973 0.0459567 0.0556687 0.0638057 0.0694246 0.07216 0.07219 0.0699977 0.0661511 0.0611912 0.0555886 0.0497208 0.0438649 0.0382043 0.0328423 0.0278147 0.0231084 0.0186941 0.0145722 0.0108071 0.00752292
 0.00753276 0.0123474 0.018789 0.0268593 0.0363163 0.046512 0.0563659 0.0646353 0.0703601 0.0731594 0.0731969 0.0709427 0.0669571 0.0617839 0.0559081 0.0497304 0.0435532 0.0375832 0.0319436 0.0266905 0.0218335 0.0173659 0.0133006 0.00969421 0.00663862
 0.00760617 0.0124583 0.0189407 0.0270511 0.0365463 0.0467811 0.0566803 0.0650046 0.0707941 0.0736625 0.0737624 0.071549 0.0675655 0.0623402 0.0563483 0.0499914 0.0435847 0.0373572 0.0314604 0.0259807 0.0209571 0.016407 0.0123555 0.00885254 0.00596276
 0.00766418 0.0125473 0.0190645 0.0272088 0.0367322 0.0469853 0.0568901 0.0652085 0.0709875 0.0738523 0.0739663 0.071788 0.0678513 0.0626647 0.0566798 0.0502783 0.0437666 0.0373795 0.0312889 0.0256118 0.020422 0.0157675 0.0116913 0.0082415 0.00546199
 0.00773052 0.0126476 0.0192013 0.0273792 0.0369282 0.0471951 0.057099 0.0654006 0.0711484 0.0739735 0.07405 0.0718476 0.0679086 0.0627405 0.0567838 0.0504004 0.0438756 0.03743 0.0312358 0.0254271 0.0201065 0.015354 0.0112356 0.00780563 0.0050954
 0.00778524 0.0127328 0.019322 0.0275367 0.0371189 0.0474092 0.0573204 0.0656081 0.0713204 0.0740942 0.0741138 0.0718601 0.0678847 0.0627005 0.0567473 0.0503797 0.0438686 0.0374184 0.0311894 0.0253158 0.0199149 0.0150904 0.0109312 0.00750327 0.00483367
 0.0078308 0.012802 0.0194173 0.0276569 0.0372599 0.0475648 0.0574821 0.0657655 0.0714616 0.0742072 0.0741893 0.0718934 0.0678776 0.0626613 0.0566889 0.0503162 0.0438095 0.0373637 0.031128 0.0252297 0.0197886 0.0149209 0.010732 0.00729988 0.00465279
 0.00786519 0.0128549 0.0194912 0.0277518 0.0373729 0.04769 0.057611 0.0658878 0.0715672 0.074289 0.0742435 0.0719199 0.0678775 0.0626371 0.0566448 0.0502582 0.0437446 0.0372967 0.0310584 0.0251512 0.0196928 0.0148036 0.0105982 0.00716304 0.00452944
 0.00788223 0.0128798 0.0195234 0.0277892 0.0374125 0.047729 0.0576478 0.0659222 0.0715997 0.07432 0.0742733 0.071948 0.0679028 0.0626576 0.0566582 0.0502624 0.0437389 0.0372811 0.0310328 0.0251139 0.0196411 0.0147362 0.0105182 0.00707851 0.004451
 0.00789465 0.0128993 0.0195513 0.0278258 0.0374566 0.0477777 0.0576963 0.0659644 0.0716306 0.0743374 0.0742789 0.0719461 0.067898 0.0626531 0.0566546 0.0502585 0.0437322 0.0372694 0.0310139 0.0250863 0.0196035 0.0146887 0.0104633 0.00702138 0.00439819
 0.00793474 0.0129562 0.0196216 0.0279013 0.0375267 0.0478334 0.0577331 0.0659826 0.0716333 0.0743283 0.0742607 0.0719213 0.0678692 0.0626234 0.0566269 0.0502344 0.0437115 0.0372501 0.0309936 0.0250623 0.0195741 0.0146537 0.0104242 0.00698162 0.00436191
 0.00791598 0.0129293 0.0195875 0.0278626 0.0374859 0.047791 0.0576872 0.0659306 0.0715752 0.0742697 0.074212 0.0718939 0.067871 0.0626554 0.0566838 0.0503074 0.0437911 0.0373277 0.0310622 0.0251169 0.0196119 0.0146743 0.0104298 0.00697643 0.00435105
 0.00788687 0.0128791 0.0195073 0.0277436 0.0373234 0.0475894 0.0574625 0.0657093 0.0713864 0.0741361 0.0741448 0.0718933 0.0679305 0.0627654 0.0568332 0.0504831 0.0439787 0.0375127 0.0312319 0.0252618 0.0197266 0.0147575 0.0104841 0.00700721 0.00436528
 0.0079187 0.0129195 0.0195467 0.0277658 0.0373087 0.0475214 0.0573348 0.0655283 0.0711717 0.0739157 0.0739495 0.0717492 0.0678536 0.0627594 0.0568911 0.0505913 0.0441204 0.0376707 0.0313901 0.0254067 0.0198485 0.0148514 0.0105499 0.00704858 0.00438817
 0.00787989 0.0128659 0.019483 0.0277004 0.0372499 0.0474704 0.0572827 0.0654593 0.0710709 0.0737797 0.0737909 0.0715938 0.0677318 0.0626957 0.0568976 0.0506659 0.0442497 0.037835 0.0315681 0.0255792 0.0200007 0.0149744 0.0106406 0.00710951 0.00442508
 0.00786924 0.0128419 0.0194355 0.027618 0.0371248 0.0473058 0.057096 0.0652777 0.0709207 0.0736744 0.0737273 0.0715592 0.0677153 0.0626966 0.0569244 0.0507293 0.0443548 0.037977 0.0317336 0.0257504 0.0201603 0.0151095 0.0107447 0.00718234 0.00447121
 0.00785476 0.0128171 0.0193956 0.0275567 0.0370351 0.0471812 0.056934 0.0650834 0.0707097 0.0734717 0.0735611 0.0714518 0.0676753 0.0627188 0.0569961 0.0508382 0.0444925 0.0381377 0.03191 0.0259312 0.0203316 0.0152585 0.010863 0.00726774 0.00452706
 0.00780435 0.0127367 0.0192776 0.0273958 0.0368297 0.0469355 0.0566598 0.0647999 0.0704402 0.0732394 0.0733861 0.0713496 0.0676559 0.0627843 0.057139 0.0510423 0.0447372 0.0384029 0.032178 0.0261875 0.0205634 0.0154551 0.011018 0.00738017 0.00460146
 0.00779059 0.012709 0.0192262 0.0273085 0.0366951 0.0467484 0.0564252 0.0645341 0.0701677 0.0729867 0.0731767 0.0712012 0.0675796 0.0627853 0.0572164 0.051189 0.0449396 0.0386425 0.0324342 0.0264404 0.020796 0.0156546 0.0111768 0.00749668 0.00467963
 0.00775449 0.0126522 0.0191439 0.0271969 0.0365513 0.0465706 0.0562142 0.0642957 0.069914 0.0727369 0.0729544 0.0710302 0.0674792 0.0627664 0.0572806 0.0513295 0.0451433 0.0388911 0.0327067 0.0267145 0.0210514 0.0158754 0.0113534 0.00762675 0.0047673
 0.00771279 0.0125845 0.0190423 0.0270549 0.0363657 0.0463442 0.0559579 0.0640278 0.0696561 0.0725085 0.0727701 0.0708999 0.0674104 0.0627652 0.0573506 0.0514694 0.0453453 0.0391412 0.0329853 0.0269996 0.0213211 0.0161114 0.0115441 0.00776831 0.00486334
 0.00770634 0.01257 0.0190129 0.0270017 0.0362794 0.0462185 0.0557927 0.0638306 0.0694413 0.0722945 0.0725754 0.0707406 0.0672985 0.0627081 0.0573525 0.0515317 0.0454658 0.0393126 0.0331949 0.027229 0.0215498 0.0163199 0.0117179 0.00790055 0.00495478
 0.0076682 0.012515 0.0189429 0.0269218 0.0361958 0.0461343 0.055706 0.0637355 0.0693321 0.07217 0.0724422 0.0706115 0.0671889 0.0626329 0.0573224 0.0515525 0.0455384 0.0394334 0.0333549 0.0274146 0.0217433 0.016503 0.0118754 0.0080234 0.00504151
 0.0076672 0.0125094 0.0189276 0.0268906 0.036144 0.0460627 0.055622 0.0636512 0.0692582 0.0721103 0.0723916 0.0705611 0.067133 0.0625735 0.0572693 0.0515193 0.0455375 0.0394717 0.0334326 0.0275246 0.0218727 0.0166361 0.0119969 0.00812272 0.0051142
 0.00763477 0.0124628 0.0188686 0.026824 0.0360754 0.0459954 0.0555558 0.0635839 0.0691895 0.072044 0.0723352 0.0705212 0.0671117 0.0625679 0.0572749 0.0515344 0.045565 0.0395175 0.0335012 0.0276157 0.02198 0.0167485 0.0121021 0.00821067 0.00517995
 0.00761747 0.0124338 0.0188236 0.0267597 0.0359911 0.0458952 0.0554499 0.0634863 0.0691126 0.0719941 0.0723111 0.070517 0.0671213 0.0625871 0.0573018 0.0515683 0.045606 0.0395671 0.0335619 0.0276889 0.0220638 0.0168369 0.0121866 0.00828316 0.00523551
 0.00760792 0.0124184 0.0188007 0.0267272 0.0359473 0.0458387 0.0553805 0.0634065 0.0690288 0.0719159 0.0722486 0.0704779 0.0671077 0.0625964 0.0573284 0.0516063 0.0456516 0.0396188 0.0336196 0.027753 0.0221332 0.0169084 0.0122547 0.00834218 0.00528149
 0.00758338 0.0123804 0.0187469 0.0266572 0.0358621 0.0457413 0.0552761 0.0633021 0.0689319 0.0718338 0.0721877 0.0704428 0.0671018 0.0626202 0.0573792 0.0516783 0.0457374 0.0397113 0.0337138 0.0278455 0.0222217 0.0169903 0.0123269 0.00840155 0.00532632
 0.00758067 0.0123733 0.0187315 0.0266282 0.0358148 0.0456737 0.0551908 0.0632061 0.0688354 0.0717464 0.0721167 0.0703928 0.0670751 0.0626177 0.0574008 0.0517223 0.0458001 0.0397873 0.033797 0.0279303 0.0223034 0.0170649 0.0123915 0.00845383 0.00536536
 0.00755167 0.0123303 0.0186744 0.0265592 0.0357371 0.0455901 0.0551028 0.0631149 0.0687437 0.0716598 0.0720431 0.070341 0.0670517 0.0626255 0.0574386 0.0517863 0.0458847 0.0398861 0.0339029 0.0280363 0.0224032 0.0171535 0.0124653 0.00851127 0.00540675
 0.0075346 0.0123008 0.018627 0.0264886 0.0356404 0.0454694 0.0549672 0.0629791 0.0686232 0.0715662 0.0719813 0.0703103 0.0670494 0.0626495 0.0574876 0.0518585 0.0459769 0.039993 0.0340177 0.0281516 0.0225119 0.0172495 0.0125445 0.008572 0.00544972
 0.00752831 0.0122897 0.0186087 0.0264597 0.035597 0.0454082 0.0548863 0.0628801 0.0685125 0.0714545 0.0718818 0.070235 0.0670058 0.0626397 0.0575094 0.0519076 0.0460483 0.0400815 0.0341173 0.0282553 0.0226123 0.0173399 0.01262 0.00863026 0.00549096
 0.00751317 0.0122684 0.0185826 0.0264319 0.0355709 0.0453854 0.0548654 0.0628567 0.0684809 0.0714107 0.0718261 0.0701724 0.0669455 0.0625921 0.0574829 0.0519067 0.0460732 0.0401288 0.0341817 0.02833 0.0226899 0.0174134 0.0126836 0.00868051 0.00552711
 0.00749492 0.0122383 0.0185365 0.0263669 0.0354862 0.0452849 0.0547584 0.0627566 0.0684006 0.0713579 0.0718008 0.0701685 0.0669557 0.0626113 0.0575106 0.0519453 0.0461256 0.0401958 0.0342611 0.0284168 0.0227775 0.0174949 0.0127534 0.00873521 0.0055662
 0.00747786 0.0122101 0.0184934 0.0263048 0.0354023 0.0451787 0.0546334 0.0626217 0.0682694 0.0712459 0.0717216 0.0701307 0.0669597 0.0626511 0.0575763 0.0520276 0.046218 0.0402949 0.0343642 0.0285209 0.0228779 0.017586 0.0128302 0.00879487 0.00560856
 0.00747786 0.0122101 0.0184934 0.0263048 0.0354023 0.0451787 0.0546334 0.0626217 0.0682694 0.0712459 0.0717216 0.0701307 0.0669597 0.0626511 0.0575763 0.0520276 0.046218 0.0402949 0.0343642 0.0285209 0.0228779 0.017586 0.0128302 0.00879487 0.00560856
 0.00715737 0.0117007 0.0177507 0.0253013 0.0341397 0.0437032 0.0530486 0.0610833 0.0669562 0.0703158 0.071274 0.0701904 0.0674833 0.0635462 0.0587252 0.0533095 0.0475263 0.0415467 0.0355024 0.0295104 0.0237009 0.0182382 0.013319 0.00913819 0.0058324
 0.00722381 0.0117682 0.0177768 0.0252199 0.0338763 0.0432009 0.0522929 0.0601137 0.0658615 0.0692176 0.0703049 0.0694705 0.0670985 0.0635319 0.0590622 0.053932 0.0483403 0.0424513 0.0364074 0.0303466 0.0244231 0.0188236 0.0137638 0.00945334 0.00603908
 0.00722828 0.0117927 0.0178421 0.0253475 0.0340718 0.0434335 0.0524856 0.0601578 0.0656565 0.0687179 0.0695474 0.0685687 0.0662073 0.0628025 0.0586044 0.0537939 0.0485063 0.0428565 0.0369603 0.030953 0.0250045 0.0193266 0.0141616 0.00974208 0.00623124
#pred catch len freq
 0.00453533 0.00714773 0.0103704 0.0141035 0.0182863 0.0228846 0.0278186 0.0329194 0.0379564 0.0426946 0.0469343 0.0505284 0.0533956 0.0555251 0.0569675 0.0578193 0.0582076 0.05826 0.0580291 0.0573711 0.055853 0.0528171 0.0476819 0.0403641 0.0315289
 0.00470146 0.00734965 0.0105517 0.0141783 0.0181736 0.0225559 0.0273291 0.0323957 0.037541 0.0424806 0.0469308 0.0506757 0.0536145 0.055767 0.0572368 0.0581597 0.058661 0.0588194 0.058612 0.0578343 0.0560478 0.0526609 0.0472032 0.0396911 0.0308289
 0.00493151 0.007705 0.0110467 0.0148007 0.018873 0.0232365 0.0278593 0.0326444 0.0374358 0.042055 0.0463205 0.0500581 0.0531282 0.0554669 0.0571066 0.0581586 0.0587591 0.0589964 0.0588285 0.0580102 0.0560771 0.0524606 0.0467635 0.0390883 0.0301899
 0.00512757 0.00801892 0.0115109 0.0154436 0.019714 0.024275 0.0290561 0.0339042 0.0386052 0.0429506 0.0467866 0.0500305 0.0526662 0.0547265 0.0562709 0.0573683 0.0580826 0.0584383 0.0583517 0.0575515 0.055563 0.0518349 0.0460196 0.0382829 0.0294203
 0.00534721 0.00836123 0.0120003 0.0160976 0.0205467 0.0252988 0.0302774 0.0353091 0.0401406 0.0445076 0.0481998 0.051104 0.0532287 0.0546945 0.0556833 0.0563684 0.0568564 0.057145 0.0570817 0.0563256 0.0543606 0.050634 0.0448308 0.0371599 0.0284408
 0.0056294 0.00879569 0.0126099 0.0168906 0.0215202 0.0264445 0.0315825 0.0367539 0.0416932 0.0461165 0.049784 0.0525436 0.0543674 0.0553658 0.0557588 0.0558076 0.0557262 0.0555948 0.0552867 0.0544333 0.0524705 0.048812 0.0431374 0.0356646 0.0272112
 0.00597055 0.00931988 0.013343 0.0178392 0.0226749 0.0277857 0.0330811 0.0383692 0.0433715 0.0477944 0.0513915 0.0540026 0.0555859 0.0562322 0.0561496 0.0556132 0.0548908 0.0541469 0.053341 0.0521615 0.05006 0.0464371 0.0409477 0.0337799 0.0257105
 0.0063545 0.00991102 0.014172 0.018915 0.0239879 0.0293122 0.0347833 0.0401912 0.0452396 0.0496229 0.053092 0.0554918 0.0567875 0.0570734 0.0565534 0.0554973 0.0541807 0.0528057 0.0514015 0.0497416 0.0473518 0.0436728 0.0383572 0.03155 0.0239538
 0.006745 0.0105219 0.0150474 0.0200821 0.0254556 0.031068 0.0367865 0.0423664 0.0474795 0.0518008 0.055079 0.0571722 0.0580684 0.0578873 0.0568522 0.0552413 0.0533318 0.0513358 0.0493189 0.0471243 0.0443664 0.0405627 0.0353966 0.0289808 0.0219289
 0.00712656 0.0111183 0.0159021 0.021224 0.0269004 0.0328178 0.0388219 0.0446353 0.0498889 0.0542199 0.0573517 0.0591383 0.0595869 0.0588541 0.0572051 0.0549519 0.0523915 0.0497483 0.0471099 0.0443691 0.0412182 0.0372585 0.032223 0.0262061 0.0197324
 0.00751767 0.0117231 0.0167563 0.0223447 0.0282903 0.03447 0.0407181 0.046738 0.0521335 0.0565111 0.0595663 0.0611337 0.0612154 0.0599818 0.057729 0.0548085 0.0515555 0.0482267 0.0449429 0.0416435 0.0380895 0.0339591 0.0290364 0.0234044 0.0175044
 0.00789705 0.0123123 0.0175924 0.0234465 0.0296595 0.0360926 0.0425616 0.0487473 0.0542315 0.0586052 0.0615558 0.0629143 0.0626814 0.0610294 0.0582625 0.0547492 0.0508506 0.0468575 0.0429338 0.0390755 0.0351147 0.0308038 0.0259752 0.0207023 0.015348
 0.00834292 0.012991 0.0185295 0.024639 0.0310841 0.0377167 0.0443476 0.0506467 0.056178 0.0605131 0.0633269 0.064449 0.0638903 0.0618381 0.0586108 0.0545865 0.0501353 0.045564 0.041068 0.0366967 0.0323542 0.0278681 0.0231198 0.0181761 0.0133275
 0.00878444 0.0136668 0.0194687 0.025842 0.032526 0.0393542 0.0461216 0.0524829 0.0579907 0.0622147 0.0648366 0.0656969 0.064817 0.0623949 0.0587588 0.0542953 0.0493808 0.0443302 0.0393584 0.0345544 0.0298845 0.0252452 0.0205666 0.0159135 0.0115147
 0.00907639 0.0141333 0.0201556 0.0267867 0.0337504 0.0408542 0.0478544 0.0543618 0.0598938 0.0640065 0.0663919 0.0669187 0.0656445 0.062801 0.0587407 0.0538619 0.0485424 0.0430958 0.0377438 0.0326002 0.027677 0.0229274 0.0183234 0.0139307 0.0099274
 0.00934775 0.0145539 0.0207522 0.0275753 0.0347402 0.0420503 0.0492533 0.0559383 0.0615874 0.0657152 0.0679814 0.0682461 0.0665892 0.0632882 0.0587489 0.0534117 0.0476768 0.0418632 0.0361925 0.0307871 0.025685 0.0208771 0.0163651 0.012214 0.00855983
 0.00955769 0.014886 0.0212349 0.0282298 0.0355779 0.0430694 0.0504341 0.057241 0.0629556 0.0670816 0.0692704 0.0693738 0.067466 0.0638296 0.0588925 0.0531312 0.0469853 0.0408043 0.0348284 0.029193 0.0239518 0.0191162 0.0147029 0.01077 0.00741677
 0.00964557 0.0150301 0.0214554 0.0285492 0.0360204 0.0436574 0.0511816 0.0581446 0.0639878 0.0681888 0.070378 0.0703972 0.0683222 0.0644464 0.0592126 0.0531161 0.0466197 0.0401003 0.0338264 0.0279596 0.022576 0.017704 0.0133672 0.0096115 0.00650206
 0.00960705 0.0149737 0.0213829 0.0284692 0.0359496 0.0436221 0.0512168 0.0582916 0.0642851 0.0686606 0.0710218 0.0711768 0.0691696 0.0652726 0.0599226 0.0536242 0.046862 0.0400425 0.033469 0.0273387 0.0217607 0.0167881 0.012454 0.00879429 0.00584458
 0.00966465 0.0150553 0.0214837 0.0285773 0.0360502 0.0437039 0.0512782 0.0583432 0.0643493 0.0687672 0.071201 0.07145 0.0695388 0.0657133 0.0603837 0.0540363 0.0471513 0.0401477 0.033355 0.0270056 0.021246 0.0161603 0.0117977 0.00819019 0.00535035
 0.0098437 0.0153065 0.0217877 0.0288909 0.0363181 0.0438781 0.0513344 0.0582863 0.0642083 0.0685853 0.0710268 0.0713298 0.0695088 0.0657911 0.0605616 0.0542788 0.0474006 0.0403364 0.0334236 0.0269197 0.0210064 0.0158033 0.0113836 0.00778475 0.00500552
 0.00997242 0.0154981 0.0220419 0.0291924 0.0366368 0.0441719 0.0515551 0.058389 0.0641653 0.0683998 0.0707374 0.0710008 0.0692116 0.0655841 0.0604762 0.0543144 0.0475257 0.0404974 0.0335586 0.026976 0.0209563 0.0156511 0.0111624 0.00754155 0.00478373
 0.00992034 0.0154376 0.0219952 0.0291938 0.036722 0.0443606 0.0518367 0.0587194 0.0644783 0.0686272 0.070831 0.0709479 0.0690387 0.065348 0.0602441 0.0541416 0.047439 0.0404893 0.0335948 0.0270106 0.0209501 0.0155863 0.0110458 0.00739829 0.00464354
 0.00995566 0.0154835 0.0220446 0.0292372 0.0367553 0.0443946 0.0518997 0.0588471 0.0646925 0.0689155 0.0711417 0.0712067 0.0691792 0.0653391 0.060101 0.0539151 0.0471918 0.0402716 0.0334285 0.0268895 0.0208521 0.0154893 0.01094 0.00728777 0.00454073
 0.00994156 0.0154627 0.0220166 0.0292015 0.0367099 0.0443358 0.0518243 0.0587592 0.0646099 0.0688697 0.0711666 0.071319 0.0693636 0.0655498 0.0602826 0.0540282 0.0472287 0.0402519 0.0333823 0.0268394 0.0208059 0.0154435 0.0108894 0.00723224 0.00448571
 0.00993399 0.015453 0.0220067 0.0291949 0.0367099 0.0443439 0.0518381 0.0587722 0.0646135 0.0688585 0.0711436 0.0712979 0.069364 0.0655856 0.0603512 0.0541099 0.0472966 0.0402871 0.0333816 0.0268124 0.0207654 0.0153989 0.0108447 0.00718934 0.00444695
 0.0100112 0.0155619 0.0221403 0.0293364 0.0368389 0.0444438 0.0519024 0.0588041 0.0646205 0.0688461 0.0711129 0.0712477 0.0692961 0.0655084 0.0602769 0.0540482 0.0472492 0.0402473 0.0333402 0.0267641 0.0207111 0.0153433 0.0107929 0.00714479 0.00441119
