SBPRF35
10.1635
Curr Bio
600464
B35
749810
F35
0.188014
FOFL
0.135881
OFL
60871.6
Bzero
2.90385e+006
#pred survey bio
 3.36357e+006 3.06034e+006 2.75964e+006 2.46461e+006 2.18175e+006 1.93346e+006 1.65994e+006 1.49299e+006 1.31721e+006 1.1655e+006 1.02617e+006 911971 819813 767929 720376 685617 628616 619135 607558 593843 585413 568157 567690 567081 561981 562835 568214 563290 551571 543382 536529 521917 513482 509870 517044 520302 525509 537082 550906 557668 560755 563963 562567 569395 578080 588257 605634 1.94955e+007 1.20045e+007 1.26073e+007 1.3729e+007 1.51398e+007 1.65971e+007 1.79392e+007 1.90875e+007 2.00222e+007 2.07573e+007 2.13217e+007 2.17482e+007 2.2067e+007 2.23039e+007 2.24794e+007 2.26096e+007 2.27062e+007 2.27782e+007 2.2832e+007 2.28726e+007 2.29032e+007 2.29266e+007 2.29444e+007 2.29581e+007 2.29687e+007 2.29769e+007 2.29833e+007 2.29883e+007 2.29922e+007 2.29952e+007 2.29977e+007 2.29996e+007 2.30011e+007 2.30023e+007 2.30032e+007 2.3004e+007 2.30046e+007 2.30051e+007 2.30054e+007 2.30057e+007 2.3006e+007 2.30062e+007 2.30063e+007 2.30065e+007 2.30065e+007 2.30066e+007 2.30067e+007 2.30067e+007 2.30068e+007 2.30068e+007 2.30068e+007 2.30069e+007 2.30069e+007 2.30069e+007 2.30069e+007 2.30069e+007 2.30069e+007 2.30069e+007 2.30069e+007 2.30069e+007 2.30069e+007 2.30069e+007 2.30069e+007 2.30069e+007 2.30069e+007 2.30069e+007 2.30069e+007 2.30069e+007 2.30069e+007 2.30069e+007 2.30069e+007 2.30069e+007 2.30069e+007 2.30069e+007 2.30069e+007 2.30069e+007 2.30069e+007 2.30069e+007 2.30069e+007 2.30069e+007 2.30069e+007 2.30069e+007 2.30069e+007 2.30069e+007 2.30069e+007 2.30069e+007 2.30069e+007 2.30069e+007 2.30069e+007 2.30069e+007 2.30069e+007 2.30069e+007 2.30069e+007 2.30069e+007 2.30069e+007 2.30069e+007 2.30069e+007 2.30069e+007 2.30069e+007 2.30069e+007 0 0 0 0 0 0 0 0 0 0 0 0 0 0 0 0 0 0 0 0 0 0 0 0 0
#obs survey bio
 2.77308e+006 2.78357e+006 2.50917e+006 1.70848e+006 2.15273e+006 1.61063e+006 1.27181e+006 1.22964e+006 1.12215e+006 942161 861176 730058 675656 658149 742019 705546 633164 602650 590535 457566 666790 576569 714914 289670 585240 421791 544992 596968 454400 450748 422830 717833 471060 661602 488962 500004 625360 976447 546821 585105 480159 600542 410545 614236 586015 717490 585933
#pred catch bio
 288131 300920 312933 320113 305698 342260 258577 275300 258923 249562 227044 206489 170786 165656 151767 165271 120643 120116 118683 110953 115079 98541.9 98193.3 101721 96145.9 91908.5 99337.4 102526 96937.9 93295.3 96817.7 90324.4 88670 83316.4 89023.8 88178.5 83513 82666.6 89496.1 93049.5 93332.2 97517.7 91265.3 90971 90833.9 85555.4 137749 60871.6 84239.3 87361.8 93959.6 103226 113063 122087 129682 135721 140330 143743 146213 147969 149199 150053 150639 151039 151311 151494 151618 151701 151756 151793 151818 151834 151845 151853 151857 151860 151863 151864 151865 151866 151866 151866 151866 151867 151867 151867 151867 151867 151867 151867 151867 151867 151867 151867 151867 151867 151867 151867 151867 151867 151867 151867 151867 151867 151867 151867 151867 151867 151867 151867 151867 151867 151867 151867 151867 151867 151867 151867 151867 151867 151867 151867 151867 151867 151867 151867 151867 151867 151867 151867 151867 151867 151867 151867 151867 151867 151867 151867 151867 151867 151867 151867 151867 151867 151867 151867 151867 0 0 0 0 0 0 0 0 0 0 0 0 0 0 0 0 0 0 0 0 0 0 0 0 0
#obs catch bio
 239936 302382 314505 323406 309169 348877 261820 281260 264721 255462 230938 210864 173886 169593 154981 169468 122198 122300 120305 112117 116049 98845 98194.4 103211 96939.1 92736.6 100191 103044 97496.6 94004.9 97977.1 90538.5 89134.9 83302.5 89040.1 88008 83083.7 82203.8 89159.3 92667.3 92952.7 97199.4 91067.2 90821.2 90936.1 84743.5 138362
#pred cpue bio
 3.3034e+006 3.00301e+006 2.7054e+006 2.41227e+006 2.13089e+006 1.88419e+006 1.61324e+006 1.44733e+006 1.27331e+006 1.1235e+006 986402 874115 783570 732537 686205 652770 598021 589168 578408 565673 558023 541719 541481 540805 535744 536707 542201 537833 526885 519250 513028 499357 490812 485998 492039 495199 500535 511941 525419 531961 534888 537938 536507 542989 551315 561210 578334 1.86164e+007 1.14784e+007 1.19559e+007 1.29192e+007 1.4266e+007 1.57059e+007 1.7044e+007 1.81915e+007 1.91261e+007 1.98611e+007 2.04255e+007 2.0852e+007 2.11708e+007 2.14077e+007 2.15832e+007 2.17133e+007 2.181e+007 2.1882e+007 2.19358e+007 2.19764e+007 2.2007e+007 2.20303e+007 2.20482e+007 2.20619e+007 2.20725e+007 2.20807e+007 2.20871e+007 2.20921e+007 2.2096e+007 2.2099e+007 2.21015e+007 2.21034e+007 2.21049e+007 2.21061e+007 2.2107e+007 2.21078e+007 2.21084e+007 2.21088e+007 2.21092e+007 2.21095e+007 2.21098e+007 2.211e+007 2.21101e+007 2.21102e+007 2.21103e+007 2.21104e+007 2.21105e+007 2.21105e+007 2.21106e+007 2.21106e+007 2.21106e+007 2.21106e+007 2.21107e+007 2.21107e+007 2.21107e+007 2.21107e+007 2.21107e+007 2.21107e+007 2.21107e+007 2.21107e+007 2.21107e+007 2.21107e+007 2.21107e+007 2.21107e+007 2.21107e+007 2.21107e+007 2.21107e+007 2.21107e+007 2.21107e+007 2.21107e+007 2.21107e+007 2.21107e+007 2.21107e+007 2.21107e+007 2.21107e+007 2.21107e+007 2.21107e+007 2.21107e+007 2.21107e+007 2.21107e+007 2.21107e+007 2.21107e+007 2.21107e+007 2.21107e+007 2.21107e+007 2.21107e+007 2.21107e+007 2.21107e+007 2.21107e+007 2.21107e+007 2.21107e+007 2.21107e+007 2.21107e+007 2.21107e+007 2.21107e+007 2.21107e+007 2.21107e+007 2.21107e+007 2.21107e+007 2.21107e+007 0 0 0 0 0 0 0 0 0 0 0 0 0 0 0 0 0 0 0 0 0 0 0 0 0
#obs cpue bio
 3.08886e+006 1.88089e+006 2.92331e+006 2.01666e+006 1.5022e+006 1.77926e+006 1.51014e+006 1.11745e+006 1.0468e+006 1.07466e+006 1.25832e+006 687768 664031 510800 479482 549852 507891 393321 654455 666167 587860 557665 547774 351352 638170 530840 596344 621850 518852 469597 473084 596609 431888 492733 569112 608303 553899 311020 514889 550364 633047 543057 644161 516661 455680 840865 384886
#pred surv len freq
 0.00525005 0.00855577 0.0129333 0.0183731 0.0247367 0.0316632 0.0385438 0.0446733 0.0495141 0.0528728 0.0548735 0.0558044 0.0559749 0.0556436 0.0549931 0.0541279 0.0530867 0.0518556 0.0503589 0.0484197 0.045732 0.0419211 0.0367315 0.0302658 0.0230952
 0.00548836 0.00888332 0.0133211 0.0187716 0.0251088 0.0320256 0.0389851 0.0453233 0.0504699 0.0541243 0.056277 0.0571259 0.0569785 0.0561759 0.0550248 0.053741 0.0524211 0.0510427 0.0494707 0.0474565 0.0446556 0.0407127 0.0354371 0.0289966 0.0219826
 0.00588121 0.00949816 0.0141976 0.0199193 0.0264938 0.033561 0.0405355 0.0467382 0.0516412 0.0550325 0.0569851 0.0577141 0.0574665 0.0564924 0.0550461 0.0533662 0.0516283 0.0498925 0.0480645 0.0458888 0.0429936 0.0390128 0.0337743 0.0274731 0.0207034
 0.00619416 0.0100193 0.0150037 0.0210861 0.0280755 0.0355577 0.0428618 0.049214 0.0540211 0.0570678 0.0584937 0.0586245 0.0578155 0.056374 0.0545449 0.0525163 0.0504228 0.0483261 0.0461712 0.0437495 0.0407216 0.0367374 0.0316305 0.0255901 0.0191806
 0.00647901 0.0104815 0.0156994 0.0220714 0.0294008 0.0372557 0.0449279 0.0515861 0.0565692 0.0595982 0.060773 0.0604233 0.0589608 0.0567901 0.0542561 0.0516119 0.049006 0.0464828 0.0439733 0.0412806 0.0380996 0.0341166 0.0291832 0.0234732 0.0175001
 0.00673734 0.0108988 0.0163229 0.0229448 0.0305586 0.0387133 0.0466711 0.053566 0.0587058 0.0617884 0.062892 0.0623233 0.0604762 0.0577607 0.0545633 0.0512085 0.0479215 0.0448033 0.0418151 0.0387774 0.0354053 0.03141 0.0266557 0.0212959 0.0157846
 0.00718294 0.0115984 0.0173294 0.0242905 0.0322499 0.0407236 0.0489317 0.0559646 0.0611014 0.0640373 0.0648711 0.0639372 0.0616491 0.0584234 0.0546478 0.0506576 0.0467095 0.0429556 0.0394161 0.0359671 0.0323701 0.0283682 0.0238324 0.0188835 0.0139015
 0.00739288 0.0119469 0.0178672 0.0250685 0.0333085 0.042076 0.0505476 0.0577674 0.062982 0.0658786 0.0665682 0.0654055 0.0628209 0.059239 0.055048 0.0505811 0.0461013 0.0417858 0.0377034 0.0337966 0.0298967 0.0258002 0.021396 0.0167757 0.0122461
 0.00761829 0.0123192 0.0184385 0.0258915 0.0344263 0.0435055 0.0522617 0.0596861 0.0649814 0.0678131 0.0682971 0.0668141 0.063832 0.0598131 0.0551719 0.0502519 0.0453143 0.0405362 0.0360042 0.0317043 0.0275305 0.0233405 0.0190543 0.0147445 0.0106495
 0.00783053 0.0126606 0.0189462 0.0265994 0.0353612 0.0446794 0.0536617 0.0612668 0.0666648 0.0694964 0.0698652 0.0681529 0.0648432 0.0604259 0.055349 0.0499847 0.0446125 0.0394186 0.0345001 0.0298678 0.0254596 0.0211838 0.0169919 0.0129468 0.00923088
 0.00813815 0.013141 0.0196321 0.0275081 0.0364915 0.0460089 0.0551426 0.0628253 0.0682103 0.0709368 0.0711189 0.0691535 0.065538 0.0607744 0.0553239 0.0495748 0.0438234 0.038271 0.0330303 0.0281338 0.0235514 0.0192279 0.0151391 0.0113396 0.00796534
 0.0084029 0.013567 0.0202642 0.0283817 0.0376231 0.0473817 0.056694 0.0644485 0.0697741 0.072317 0.0722235 0.0699316 0.0659727 0.0608691 0.0550905 0.049027 0.0429755 0.037142 0.0316505 0.0265531 0.0218476 0.0175079 0.013527 0.00995114 0.00687671
 0.00864057 0.0139432 0.0208114 0.029124 0.0385723 0.0485314 0.0580106 0.0658653 0.0711949 0.0736296 0.0733195 0.0707247 0.0664122 0.0609432 0.0548189 0.0484466 0.0421277 0.0360654 0.0303835 0.0251429 0.0203597 0.0160293 0.0121573 0.00878123 0.00596484
 0.00863489 0.0139512 0.0208559 0.0292383 0.0387937 0.0488904 0.0585211 0.0665202 0.0719678 0.0744791 0.0741917 0.0715546 0.0671282 0.0614766 0.0551164 0.0484793 0.0418919 0.0355785 0.029678 0.0242647 0.0193699 0.0150044 0.0111825 0.00793395 0.00529655
 0.00857404 0.0138692 0.0207647 0.0291622 0.0387665 0.0489485 0.0586958 0.066831 0.0724172 0.0750495 0.0748458 0.0722405 0.0677863 0.0620472 0.0555449 0.0487218 0.0419206 0.0353853 0.0292764 0.0236893 0.0186737 0.0142554 0.0104543 0.00729293 0.00478696
 0.00847488 0.0137138 0.0205429 0.0288719 0.0384184 0.0485711 0.0583382 0.0665582 0.072296 0.0751292 0.0751427 0.072733 0.0684208 0.0627504 0.0562368 0.0493268 0.0423765 0.0356505 0.0293342 0.0235501 0.0183742 0.0138524 0.0100145 0.00687884 0.00444386
 0.00872893 0.0140866 0.0210286 0.0294374 0.0390102 0.0491292 0.0588085 0.0669005 0.0724898 0.0751775 0.0750719 0.0725855 0.0682416 0.062573 0.0560751 0.049174 0.0422103 0.0354425 0.029061 0.0232024 0.0179625 0.0134064 0.00957584 0.00648899 0.00413197
 0.00860274 0.0139024 0.0207896 0.0291581 0.0387103 0.0488242 0.0585057 0.0666033 0.0722079 0.074936 0.0749106 0.0725483 0.0683599 0.0628529 0.0564926 0.04968 0.0427409 0.0359318 0.0294534 0.0234627 0.0180819 0.0134025 0.0094858 0.00635765 0.00399885
 0.00850922 0.0137524 0.0205689 0.0288582 0.0383336 0.0483901 0.0580529 0.0661834 0.0718702 0.0747115 0.0748068 0.0725575 0.0684733 0.0630675 0.056807 0.0500831 0.0432042 0.0364099 0.0298936 0.0238188 0.0183259 0.0135315 0.00951932 0.00632883 0.00394232
 0.00848995 0.0137138 0.0204971 0.0287357 0.0381429 0.0481211 0.0577101 0.06579 0.0714666 0.0743469 0.0745277 0.072396 0.0684417 0.0631602 0.057008 0.0503727 0.0435597 0.0368025 0.0302867 0.0241724 0.018607 0.0137228 0.00962399 0.00636615 0.00393866
 0.00844443 0.0136405 0.0203879 0.0285827 0.037939 0.0478617 0.0573955 0.0654291 0.0710792 0.0739642 0.0741898 0.0721453 0.0683135 0.0631739 0.0571628 0.0506493 0.0439265 0.0372218 0.0307185 0.0245779 0.0189527 0.0139873 0.00980208 0.0064685 0.00398593
 0.00860083 0.0138631 0.0206642 0.0288799 0.0382129 0.0480692 0.0575058 0.0654271 0.0709627 0.0737411 0.0738774 0.0717722 0.0679197 0.0628061 0.0568653 0.0504539 0.0438455 0.037247 0.0308252 0.0247319 0.0191183 0.0141348 0.00991355 0.00653951 0.00402277
 0.00875007 0.0140776 0.0209336 0.0291743 0.0384872 0.0482737 0.0575977 0.0653791 0.0707703 0.0734252 0.0734811 0.0713496 0.0675219 0.0624719 0.0566192 0.0503082 0.0438028 0.0372995 0.0309543 0.0249093 0.0193117 0.0143144 0.0100589 0.00664237 0.00408616
 0.00870236 0.0140349 0.0209322 0.0292645 0.038714 0.0486492 0.0580804 0.0658782 0.0711748 0.0736445 0.0734746 0.0711329 0.0671529 0.0620269 0.0561713 0.0499141 0.0434978 0.0370982 0.0308539 0.0248931 0.0193537 0.0143858 0.0101343 0.00670535 0.00413002
 0.00862587 0.0139208 0.0207816 0.0290912 0.0385477 0.0485358 0.0580752 0.0660279 0.0714918 0.0740876 0.0739519 0.0715329 0.0673868 0.0620607 0.0560297 0.0496609 0.0432076 0.0368334 0.0306526 0.0247684 0.0192985 0.0143808 0.0101569 0.00673612 0.00415704
 0.00856408 0.0138143 0.0206112 0.0288377 0.0382003 0.0481034 0.0575968 0.0655732 0.0711483 0.0739342 0.0740307 0.0718299 0.0678327 0.0625539 0.0564729 0.0499934 0.0434173 0.0369472 0.0307135 0.0248142 0.0193503 0.0144425 0.0102217 0.00679434 0.00420202
 0.00836673 0.0135229 0.0202266 0.0283781 0.0376938 0.0475774 0.0570725 0.0650703 0.0706947 0.0735743 0.0738216 0.0718249 0.0680578 0.0629899 0.0570544 0.0506288 0.0440196 0.0374592 0.031117 0.0251202 0.019582 0.0146205 0.0103583 0.00689589 0.00427261
 0.00829934 0.0134069 0.0200415 0.0281048 0.0373228 0.04712 0.0565667 0.0645743 0.0702682 0.0732585 0.0736319 0.0717606 0.0681171 0.0631749 0.0573628 0.0510397 0.0444893 0.037932 0.0315435 0.0254721 0.0198534 0.0148211 0.0105024 0.00699638 0.00433958
 0.0083217 0.0134371 0.0200747 0.02813 0.037323 0.0470741 0.0564543 0.0643832 0.070003 0.0729447 0.0733115 0.0714793 0.0679116 0.0630666 0.0573594 0.0511384 0.0446759 0.0381796 0.031816 0.0257333 0.0200774 0.0149962 0.0106297 0.00708346 0.00439591
 0.00817649 0.0132314 0.019821 0.0278583 0.0370708 0.0468713 0.056311 0.0642877 0.0699307 0.0728712 0.0732248 0.0713852 0.0678316 0.0630291 0.0573893 0.0512487 0.0448647 0.0384312 0.032104 0.026026 0.0203453 0.0152187 0.0107986 0.00720113 0.00447147
 0.00807014 0.0130526 0.0195434 0.0274594 0.0365448 0.0462432 0.0556449 0.0636772 0.069469 0.0726167 0.0731825 0.0715151 0.0680746 0.0633346 0.0577282 0.0516114 0.0452504 0.0388363 0.0325161 0.0264243 0.0207057 0.0155211 0.0110323 0.00736687 0.00457899
 0.00874295 0.0139926 0.0206728 0.0286082 0.0374958 0.0468083 0.0557291 0.0632999 0.0687409 0.0716952 0.0722259 0.0706472 0.0673662 0.0628027 0.0573532 0.0513609 0.0450972 0.0387632 0.0325112 0.0264737 0.0207906 0.01562 0.011126 0.00744299 0.00463325
 0.00932824 0.0149261 0.0220344 0.0304337 0.0397398 0.0493029 0.0581688 0.0652892 0.0699127 0.0718468 0.0713929 0.0690722 0.0653887 0.0607407 0.05543 0.0496918 0.043715 0.0376561 0.0316505 0.025828 0.0203276 0.0153059 0.010926 0.00732423 0.00456766
 0.00919929 0.0148225 0.0220745 0.0307935 0.0406062 0.0507967 0.0602694 0.067801 0.0724911 0.0740762 0.0728943 0.0696078 0.0649272 0.059454 0.0536199 0.0476841 0.0417726 0.035941 0.0302327 0.0247151 0.0194942 0.0147119 0.0105256 0.00707092 0.00441844
 0.00885531 0.0142957 0.0213498 0.0298989 0.0396306 0.0499022 0.0596839 0.0677704 0.0731893 0.0755095 0.0748564 0.0717253 0.0667805 0.0607165 0.0541514 0.0475436 0.0411573 0.0350925 0.0293573 0.0239446 0.0188864 0.0142721 0.0102307 0.00688731 0.00431259
 0.0087527 0.01411 0.0210365 0.0294087 0.0389267 0.0489884 0.0586323 0.0667329 0.0723793 0.0751505 0.0751103 0.0726214 0.0681808 0.0623419 0.0556707 0.0486862 0.0417956 0.035256 0.0291832 0.0236022 0.0185155 0.0139558 0.00999956 0.00673752 0.00422518
 0.00876137 0.0141098 0.0210082 0.0293212 0.0387397 0.04866 0.0581321 0.0660592 0.0715774 0.0743252 0.0744189 0.0722395 0.0682425 0.0628789 0.0565828 0.0497674 0.0428083 0.0360185 0.0296232 0.0237548 0.0184782 0.0138333 0.00986775 0.0066339 0.00415794
 0.00875085 0.014089 0.0209693 0.0292529 0.0386272 0.0484856 0.0578779 0.06571 0.0711269 0.0737858 0.0738336 0.0716891 0.0678381 0.0627333 0.0567664 0.0502684 0.0435248 0.0367919 0.0302997 0.0242402 0.018757 0.0139497 0.00988758 0.00661366 0.00413132
 0.00872321 0.0140448 0.0209043 0.029163 0.038509 0.0483366 0.0576965 0.0654954 0.0708783 0.0735028 0.0735194 0.0713574 0.0675219 0.0624881 0.0566604 0.050358 0.0438239 0.0372548 0.030833 0.0247391 0.0191457 0.0142027 0.0100232 0.0066708 0.00414763
 0.00871156 0.0140325 0.0208976 0.0291711 0.03854 0.0483925 0.0577686 0.0655646 0.0709195 0.0734914 0.0734375 0.0711984 0.0672939 0.0622172 0.0563913 0.0501473 0.0437236 0.0372911 0.0309918 0.0249697 0.0193838 0.0143973 0.0101522 0.00673969 0.00417576
 0.00871383 0.014037 0.0209062 0.0291868 0.0385674 0.048437 0.0578351 0.0656542 0.0710255 0.0735972 0.073518 0.0712263 0.0672487 0.0620936 0.0562039 0.04993 0.0435222 0.0371496 0.030936 0.0249976 0.0194679 0.0144991 0.0102403 0.00679913 0.00420744
 0.00871689 0.0140411 0.0209107 0.0291909 0.0385706 0.04844 0.0578406 0.0656669 0.0710508 0.0736384 0.0735732 0.0712858 0.0672956 0.0621085 0.0561727 0.0498517 0.0434125 0.0370366 0.0308499 0.0249579 0.0194758 0.0145396 0.0102917 0.00684401 0.00423782
 0.00880086 0.0141656 0.0210756 0.0293877 0.0387844 0.048653 0.058035 0.0658267 0.0711638 0.0736978 0.0735789 0.0712432 0.0672122 0.0619906 0.0560238 0.0496747 0.0432142 0.0368314 0.0306584 0.0248006 0.0193652 0.0144758 0.0102639 0.00683724 0.00423949
 0.00877016 0.0141257 0.0210338 0.0293563 0.038776 0.0486746 0.0580836 0.0658901 0.0712263 0.0737482 0.0736137 0.0712658 0.0672284 0.0620038 0.056033 0.0496748 0.0431997 0.0368003 0.0306149 0.0247546 0.0193276 0.0144534 0.010257 0.00684088 0.00424729
 0.00870157 0.0140213 0.0208906 0.029178 0.0385741 0.0484687 0.0578994 0.0657552 0.0711622 0.073762 0.0736961 0.071396 0.0673831 0.0621643 0.0561871 0.0498151 0.0433205 0.0368975 0.0306871 0.0248044 0.0193612 0.0144777 0.0102769 0.00685828 0.00426174
 0.00854167 0.0137841 0.0205761 0.0288015 0.0381629 0.0480553 0.0575171 0.065436 0.0709361 0.0736529 0.0737162 0.0715412 0.0676325 0.0624851 0.0565426 0.0501722 0.0436543 0.0371919 0.0309339 0.0250016 0.0195119 0.0145884 0.0103554 0.00691203 0.00429696
 0.00794514 0.0129103 0.0194403 0.0274822 0.0367826 0.0467471 0.0563968 0.06459 0.0704194 0.0734892 0.0738975 0.0720304 0.0683708 0.0634009 0.0575594 0.0512162 0.0446607 0.0381105 0.0317315 0.025662 0.020033 0.0149794 0.0106333 0.00709801 0.00441336
#obs surv len freq
 0.00496747 0.00813605 0.0123743 0.0176957 0.023974 0.0308445 0.0376833 0.0437683 0.0485499 0.0518264 0.0537149 0.0544985 0.0544953 0.0540014 0.0532773 0.0525374 0.0519275 0.051483 0.0510659 0.050307 0.0486239 0.0453857 0.0402152 0.0332813 0.0253659
 0.00518223 0.00848796 0.0129091 0.0184575 0.0249972 0.0321398 0.0392241 0.0454859 0.0503433 0.0535814 0.0553216 0.0558605 0.0555306 0.054641 0.0534654 0.0522351 0.0511203 0.0501896 0.0493452 0.0482615 0.0463968 0.0431488 0.0381446 0.0315237 0.0240069
 0.0054094 0.00886062 0.0134763 0.0192675 0.0260883 0.0335263 0.0408812 0.0473437 0.0522957 0.0555059 0.0570982 0.0573833 0.056712 0.0554106 0.0537674 0.0520259 0.0503716 0.0488975 0.047545 0.0460426 0.0439091 0.0405925 0.0357379 0.0294563 0.0223952
 0.00564352 0.00924385 0.0140582 0.0200961 0.0272022 0.0349403 0.0425715 0.0492421 0.0542985 0.0574921 0.0589481 0.0589894 0.057983 0.0562723 0.0541598 0.0519018 0.0496959 0.0476539 0.0457513 0.0437714 0.0413036 0.0378621 0.0331261 0.0271848 0.0206082
 0.00589221 0.00965148 0.0146778 0.0209792 0.0283885 0.0364424 0.0443585 0.051235 0.0563813 0.0595353 0.060829 0.0606038 0.0592472 0.0571201 0.0545389 0.0517693 0.0490172 0.046408 0.0439455 0.0414651 0.0386289 0.0350268 0.0303839 0.0247765 0.0186982
 0.00614896 0.0100716 0.015315 0.0218855 0.0296038 0.0379791 0.0461849 0.0532694 0.0585032 0.061608 0.0627229 0.0622098 0.0604815 0.0579224 0.054867 0.051592 0.0483092 0.0451524 0.0421471 0.0391738 0.0359649 0.0321877 0.0276199 0.0223327 0.0167475
 0.00636698 0.010431 0.0158656 0.0226768 0.0306769 0.0393509 0.0478331 0.055126 0.0604637 0.0635505 0.0645269 0.0637684 0.0617066 0.0587468 0.0552423 0.0514846 0.0476957 0.0440189 0.040499 0.0370557 0.0334844 0.0295257 0.0250105 0.0200102 0.0148826
 0.00661378 0.0108331 0.0164722 0.0235343 0.0318193 0.0407859 0.0495276 0.0570012 0.0624059 0.0654333 0.066232 0.0651977 0.0627857 0.0594231 0.0554813 0.0512644 0.0470026 0.0428475 0.0388595 0.0349922 0.0310963 0.0269786 0.0225196 0.0177933 0.0130997
 0.00684803 0.0112185 0.0170602 0.0243749 0.0329499 0.0422148 0.0512174 0.0588642 0.0643185 0.067261 0.0678533 0.0665173 0.0637375 0.0599668 0.0555965 0.0509439 0.0462463 0.0416605 0.0372593 0.0330238 0.0288514 0.0246062 0.0202119 0.0157447 0.0114536
 0.00706437 0.0115729 0.0175987 0.0251419 0.0339799 0.0435184 0.0527663 0.0605854 0.0661027 0.0689823 0.0693904 0.0677683 0.0646286 0.0604537 0.0556616 0.0505884 0.0454822 0.0405064 0.0357427 0.0311937 0.0267941 0.0224544 0.0181334 0.0139078 0.00998129
 0.00726241 0.0119017 0.0181059 0.0258754 0.0349766 0.0447879 0.054275 0.0622521 0.0678118 0.0706077 0.0708167 0.0689041 0.0654091 0.060841 0.0556416 0.0501669 0.044679 0.0393504 0.0342725 0.0294648 0.0248906 0.0204955 0.0162642 0.0122702 0.00867672
 0.00741272 0.0121484 0.018482 0.0264142 0.0357068 0.0457243 0.0554077 0.0635397 0.0691835 0.0719726 0.0720771 0.0699676 0.0661992 0.0613038 0.0557476 0.0499089 0.0440677 0.0384109 0.0330437 0.0280032 0.023277 0.0188374 0.0146872 0.0108935 0.00758318
 0.00751461 0.0123124 0.0187262 0.0267553 0.036159 0.0462958 0.0560972 0.0643335 0.0700551 0.0728851 0.0729843 0.0708147 0.0669252 0.0618466 0.0560523 0.049935 0.0437946 0.0378395 0.032197 0.0269278 0.022045 0.0175451 0.0134439 0.00980156 0.00671326
 0.00758252 0.0124198 0.0188823 0.0269674 0.0364314 0.0466298 0.0564898 0.0647774 0.0705405 0.0734016 0.0735206 0.0713555 0.067446 0.0623108 0.0564122 0.0501388 0.0437958 0.0376072 0.0317245 0.0262376 0.0211904 0.0166061 0.012515 0.00897169 0.00604527
 0.00767124 0.0125554 0.0190705 0.0272073 0.0367167 0.0469496 0.0568296 0.0651207 0.0708717 0.0737102 0.0738036 0.071616 0.0676883 0.0625331 0.0566008 0.0502661 0.0438238 0.0374968 0.0314481 0.0257911 0.0206004 0.0159286 0.0118246 0.00834292 0.00553282
 0.00770604 0.0126123 0.0191564 0.0273281 0.0368752 0.0471428 0.057047 0.0653458 0.071087 0.0739031 0.0739707 0.0717623 0.0678229 0.0626633 0.0567266 0.0503762 0.0438947 0.0374964 0.0313444 0.0255647 0.0202552 0.0154963 0.0113581 0.0079012 0.0051631
 0.00777847 0.012719 0.0192964 0.0274941 0.0370557 0.0473269 0.0572267 0.0655158 0.0712423 0.0740375 0.0740778 0.0718381 0.0678686 0.0626855 0.0567341 0.0503743 0.04388 0.0374548 0.0312548 0.0254071 0.0200223 0.0152006 0.0110314 0.00758466 0.00489296
 0.00781849 0.0127848 0.0193963 0.0276344 0.0372374 0.0475418 0.0574553 0.0657305 0.0714162 0.0741542 0.0741358 0.0718478 0.0678449 0.0626417 0.0566797 0.0503148 0.0438164 0.0373825 0.0311631 0.0252828 0.0198567 0.0149963 0.0108052 0.00736251 0.00470031
 0.00782792 0.0127946 0.0194013 0.0276278 0.0372145 0.047504 0.0574129 0.0657 0.0714129 0.0741849 0.0741966 0.0719275 0.0679317 0.0627273 0.0567601 0.0503877 0.0438789 0.0374292 0.0311859 0.0252726 0.0198071 0.014908 0.0106886 0.00723559 0.00458265
 0.00785046 0.0128276 0.0194438 0.0276758 0.0372606 0.047539 0.0574277 0.0656886 0.0713764 0.0741332 0.0741457 0.0718937 0.0679243 0.0627468 0.0567996 0.0504375 0.0439297 0.037473 0.0312152 0.0252803 0.0197877 0.014861 0.0106197 0.00715633 0.00450634
 0.00788041 0.0128726 0.0195044 0.0277495 0.0373423 0.0476211 0.0575005 0.0657417 0.0714002 0.0741222 0.0741015 0.0718259 0.0678484 0.0626789 0.0567511 0.0504122 0.0439241 0.0374788 0.0312227 0.0252805 0.0197741 0.0148309 0.0105755 0.00710475 0.00445582
 0.00787891 0.0128678 0.0194932 0.0277277 0.0373061 0.0475692 0.0574359 0.0656711 0.0713327 0.074066 0.074062 0.0718052 0.0678466 0.0626957 0.0567864 0.0504654 0.0439923 0.0375558 0.0312996 0.0253475 0.0198231 0.0148579 0.0105814 0.00709472 0.0044375
 0.00789657 0.0128927 0.0195234 0.0277587 0.0373313 0.0475817 0.05743 0.065644 0.0712852 0.0740035 0.0739931 0.0717399 0.0677937 0.0626609 0.0567722 0.0504714 0.0440164 0.0375942 0.0313462 0.0253947 0.0198634 0.0148857 0.0105947 0.00709562 0.0044305
 0.00788281 0.0128725 0.0194967 0.0277266 0.0372955 0.0475429 0.057388 0.0655979 0.0712348 0.0739505 0.0739416 0.0716963 0.0677648 0.062652 0.0567858 0.0505069 0.0440704 0.0376612 0.0314194 0.0254669 0.0199275 0.0149362 0.0106292 0.00711505 0.00443842
 0.00787722 0.0128595 0.0194704 0.0276796 0.037222 0.0474424 0.0572677 0.0654722 0.0711206 0.0738614 0.0738848 0.071672 0.0677698 0.0626823 0.0568379 0.0505778 0.0441562 0.037757 0.0315188 0.0255629 0.0200132 0.0150063 0.0106811 0.0071491 0.00445786
 0.00787246 0.0128499 0.0194522 0.0276479 0.037171 0.0473673 0.0571665 0.065348 0.0709829 0.0737253 0.0737682 0.0715911 0.0677342 0.0626933 0.0568897 0.0506608 0.0442603 0.0378726 0.0316376 0.0256768 0.0201153 0.0150911 0.0107458 0.00719398 0.00448576
 0.00784956 0.012814 0.0194007 0.0275792 0.0370847 0.0472642 0.0570496 0.0652221 0.0708549 0.0736038 0.0736629 0.0715126 0.0676925 0.0626954 0.0569374 0.0507495 0.0443803 0.0380114 0.0317825 0.0258164 0.0202405 0.0151957 0.0108265 0.00725114 0.00452257
 0.00782032 0.0127617 0.0193135 0.0274443 0.0368928 0.0470158 0.0567596 0.0649196 0.0705757 0.0733803 0.0735165 0.071451 0.0677127 0.062788 0.0570901 0.0509484 0.0446104 0.0382566 0.0320265 0.0260444 0.0204404 0.0153598 0.0109519 0.00733978 0.00458003
 0.0078004 0.0127283 0.019261 0.0273661 0.0367815 0.046865 0.0565664 0.0646882 0.0703199 0.073124 0.0732898 0.0712836 0.067626 0.0627904 0.0571767 0.0511048 0.0448171 0.038493 0.0322723 0.0262812 0.0206532 0.0155378 0.0110901 0.00743864 0.0046449
 0.00775897 0.0126625 0.0191652 0.0272362 0.0366161 0.0466665 0.0563421 0.0644502 0.0700832 0.0729041 0.0731017 0.0711422 0.0675457 0.0627832 0.0572485 0.0512524 0.0450275 0.038746 0.0325445 0.0265496 0.0208981 0.015745 0.0112524 0.00755583 0.00472239
 0.00774855 0.0126393 0.0191188 0.0271536 0.0364854 0.0464824 0.0561111 0.0641903 0.0698201 0.0726634 0.0729035 0.070999 0.0674643 0.0627667 0.0572983 0.0513675 0.0452023 0.0389684 0.0327964 0.0268091 0.0211432 0.0159582 0.011423 0.00768093 0.00480619
 0.00935727 0.0148972 0.0218561 0.0299903 0.0389405 0.0481489 0.0567951 0.0639407 0.0688526 0.0712481 0.0712804 0.0693433 0.0658881 0.0613348 0.0560437 0.0503035 0.0443303 0.0382812 0.0322792 0.02644 0.0208957 0.0158033 0.0113332 0.0076333 0.00478328
 0.00929792 0.0151009 0.0226927 0.0319231 0.0423264 0.0529677 0.0624764 0.0694559 0.0730803 0.0734161 0.0712196 0.067434 0.0627921 0.0577106 0.0523813 0.0468954 0.0413183 0.0357164 0.0301656 0.0247568 0.0196062 0.0148595 0.0106782 0.00720571 0.00452298
 0.00894731 0.0145448 0.0219038 0.0309434 0.0413242 0.0522779 0.0625642 0.0707538 0.0757366 0.0771024 0.0751678 0.0707291 0.0647553 0.0581349 0.0515074 0.045202 0.0392912 0.0337135 0.0283908 0.0232952 0.0184707 0.0140242 0.0100981 0.00682774 0.00429366
 0.00879824 0.0142884 0.0214924 0.0303261 0.0404648 0.0511887 0.0613495 0.069641 0.0750606 0.0772156 0.0762845 0.0727752 0.067328 0.0606332 0.0533773 0.0461501 0.0393464 0.0331321 0.027496 0.0223537 0.017644 0.0133789 0.00963847 0.00652599 0.0041108
 0.00871798 0.0141564 0.0212898 0.0300313 0.0400543 0.0506413 0.0606561 0.0688216 0.0741865 0.0764276 0.0757869 0.0727853 0.0679809 0.0618867 0.054983 0.0477339 0.040563 0.0337993 0.0276339 0.0221226 0.0172421 0.0129632 0.00929584 0.0062829 0.00395762
 0.00870156 0.0141234 0.0212283 0.0299255 0.0398872 0.0503987 0.0603303 0.0684132 0.0737053 0.0758983 0.0752607 0.0723514 0.0677613 0.0619992 0.0554804 0.0485518 0.0415221 0.0346733 0.0282465 0.0224123 0.0172605 0.0128216 0.00910329 0.0061104 0.00383353
 0.00867535 0.0140833 0.0211722 0.029852 0.0397942 0.0502819 0.0601827 0.0682269 0.0734746 0.0756231 0.074951 0.0720325 0.0674789 0.0618193 0.0554753 0.0487691 0.0419497 0.0352276 0.0287987 0.0228442 0.0175126 0.0129051 0.00907538 0.00603596 0.00375847
 0.00868177 0.0140909 0.0211783 0.0298526 0.0397846 0.0502584 0.0601434 0.0681704 0.0733982 0.0755214 0.0748177 0.0718646 0.0672843 0.0616225 0.0553176 0.0486998 0.0420061 0.0354128 0.0290719 0.0231342 0.0177496 0.0130505 0.0091309 0.00603067 0.003727
 0.00866481 0.0140685 0.021154 0.0298322 0.0397742 0.0502605 0.060155 0.0681834 0.0734023 0.0755078 0.0747807 0.0718015 0.0671953 0.0615128 0.055201 0.0486003 0.0419535 0.0354305 0.0291633 0.0232768 0.0179035 0.013177 0.00920956 0.00606303 0.00372866
 0.00865464 0.0140505 0.0211245 0.0297881 0.0397145 0.0501893 0.0600818 0.0681215 0.0733633 0.0754961 0.074791 0.0718218 0.0672119 0.0615155 0.0551871 0.0485757 0.0419324 0.0354306 0.0291981 0.0233472 0.0179959 0.0132694 0.00928249 0.00610802 0.0037487
 0.0086418 0.0140305 0.021096 0.0297501 0.0396664 0.0501309 0.0600143 0.0680484 0.0732917 0.0754357 0.0747518 0.0718097 0.0672259 0.0615477 0.055226 0.0486123 0.0419638 0.0354611 0.0292357 0.0233979 0.0180586 0.0133359 0.00934156 0.00615146 0.00377467
 0.0086166 0.0139922 0.0210434 0.029684 0.0395895 0.0500473 0.0599292 0.0679677 0.0732211 0.0753805 0.074716 0.0717966 0.0672373 0.061583 0.055281 0.0486794 0.0420349 0.0355306 0.0293019 0.023462 0.0181215 0.0133958 0.00939408 0.00619225 0.00380203
 0.00862975 0.0140088 0.0210595 0.0296932 0.0395848 0.0500241 0.0598878 0.0679131 0.073161 0.0753223 0.0746651 0.071756 0.0672088 0.0615682 0.0552807 0.0486936 0.0420612 0.0355653 0.0293413 0.0235034 0.0181631 0.0134356 0.00942972 0.00622117 0.00382277
 0.00861348 0.0139875 0.0210367 0.0296746 0.0395757 0.0500259 0.059896 0.0679185 0.0731545 0.0752996 0.0746288 0.0717141 0.0671705 0.0615404 0.0552673 0.048695 0.0420761 0.035591 0.0293744 0.0235404 0.0182007 0.0134711 0.00946079 0.00624611 0.00384088
 0.0086012 0.0139676 0.0210073 0.0296348 0.0395269 0.0499732 0.0598475 0.0678837 0.0731398 0.0753048 0.074647 0.0717353 0.0671872 0.0615503 0.0552733 0.0487022 0.0420886 0.0356106 0.0294006 0.023571 0.0182329 0.0135019 0.00948785 0.00626783 0.00385671
 0.0086012 0.0139676 0.0210073 0.0296348 0.0395269 0.0499732 0.0598475 0.0678837 0.0731398 0.0753048 0.074647 0.0717353 0.0671872 0.0615503 0.0552733 0.0487022 0.0420886 0.0356106 0.0294006 0.023571 0.0182329 0.0135019 0.00948785 0.00626783 0.00385671
#pred catch len freq
 0.00553865 0.00868163 0.0124993 0.0168269 0.0215494 0.0265952 0.0318533 0.0371202 0.0421342 0.046648 0.050476 0.0535074 0.0557096 0.0571196 0.0578196 0.0579053 0.0574642 0.0565549 0.055171 0.0531823 0.0502992 0.0461399 0.0404418 0.0333284 0.0254341
 0.00584979 0.00911976 0.0130383 0.0174134 0.0221351 0.0271787 0.0325003 0.037937 0.0432007 0.0479491 0.051876 0.0547878 0.0566489 0.0575732 0.0577614 0.0574193 0.0566932 0.0556337 0.0541722 0.052103 0.0490962 0.0447928 0.0390019 0.0319187 0.0241997
 0.00632925 0.00984728 0.0140335 0.0186527 0.0235512 0.0286694 0.0339454 0.0392288 0.0442821 0.0488374 0.0526422 0.0554931 0.0572792 0.0580228 0.0578816 0.0570974 0.0559074 0.0544525 0.0527076 0.0504578 0.0473425 0.0429904 0.0372309 0.0302899 0.0228279
 0.00673594 0.0104897 0.0149657 0.0199124 0.0251528 0.0305918 0.0361143 0.041506 0.0464777 0.0507492 0.0541111 0.0564461 0.0577339 0.0580463 0.0575301 0.0563796 0.0547983 0.0529378 0.0508217 0.0482888 0.0450132 0.0406396 0.0350032 0.0283236 0.0212312
 0.00710835 0.0110692 0.015792 0.0210125 0.0265453 0.0322899 0.0381178 0.0437812 0.0489345 0.0532288 0.0563973 0.0583065 0.058978 0.0585744 0.0573448 0.0555539 0.0534245 0.0510958 0.0485821 0.0457389 0.0422797 0.0378895 0.032423 0.0260838 0.0194481
 0.00752572 0.0117117 0.0166931 0.0221832 0.0279796 0.0339713 0.0400217 0.0458706 0.0511541 0.0554985 0.0586042 0.0602992 0.0605753 0.0595955 0.0576521 0.0550883 0.0522127 0.0492285 0.0461852 0.042959 0.039287 0.0348827 0.0296147 0.0236645 0.0175417
 0.00800941 0.0124509 0.0177191 0.0234974 0.0295603 0.0357838 0.0420215 0.0479995 0.0533367 0.0576447 0.0606149 0.0620707 0.0619989 0.0605564 0.0580356 0.0547979 0.0511956 0.0474976 0.0438252 0.04012 0.0361718 0.0317291 0.0266679 0.0211348 0.0155604
 0.00835879 0.0129958 0.0184968 0.0245288 0.030849 0.0373153 0.0437585 0.0498793 0.0552752 0.0595474 0.0623883 0.0636285 0.0632619 0.061449 0.0584816 0.0547204 0.0505273 0.0462015 0.0419206 0.0377017 0.0334129 0.0288626 0.0239473 0.0187805 0.0137111
 0.00868465 0.0135063 0.0192303 0.025511 0.0320924 0.0388169 0.0454925 0.0517879 0.0572665 0.061503 0.0641799 0.0651372 0.0643948 0.0621454 0.0587076 0.0544552 0.0497528 0.0449046 0.0401117 0.0354422 0.0308359 0.0261699 0.0213753 0.0165447 0.0119512
 0.00901581 0.0140156 0.019944 0.0264378 0.0332282 0.0401499 0.0470028 0.0534407 0.0590037 0.0632407 0.0658124 0.0665488 0.0654767 0.062813 0.0589098 0.0541733 0.0489901 0.0436765 0.0384482 0.0334027 0.0285302 0.0237645 0.0190727 0.0145363 0.0103655
 0.00943146 0.0146454 0.0208068 0.027523 0.0345025 0.0415693 0.0485186 0.0549994 0.0605449 0.0646979 0.0671157 0.0676277 0.0662633 0.0632471 0.058946 0.0537867 0.0481781 0.0424572 0.0368597 0.031509 0.0264322 0.0216048 0.0170208 0.012753 0.00895945
 0.00978968 0.0151987 0.0215854 0.0285354 0.0357352 0.0429869 0.0500627 0.0565877 0.0620799 0.0660821 0.0682674 0.0684889 0.0667991 0.0634396 0.0587886 0.0532797 0.047328 0.0412805 0.0353883 0.0297991 0.0245717 0.0197147 0.0152419 0.0112164 0.00775231
 0.0100328 0.0155742 0.022115 0.029229 0.0365938 0.0440049 0.0512245 0.0578599 0.0634039 0.0673736 0.0694267 0.0694186 0.0674236 0.0637175 0.0587119 0.0528643 0.0466014 0.0402745 0.0341406 0.0283613 0.0230183 0.0181457 0.013772 0.00995114 0.00676076
 0.0100617 0.0156317 0.0222216 0.0294118 0.0368825 0.0444244 0.0517875 0.0585626 0.0642258 0.0682785 0.0703624 0.0703173 0.0682066 0.0643068 0.0590451 0.0529053 0.046343 0.0397334 0.0333516 0.0273753 0.0219041 0.0169901 0.0126716 0.00899392 0.00600535
 0.00997461 0.0155116 0.0220817 0.0292807 0.0368003 0.0444345 0.0519276 0.0588576 0.0646826 0.0688828 0.0710779 0.0710896 0.0689697 0.0649906 0.0595823 0.0532393 0.0464356 0.0395709 0.0329465 0.0267651 0.0211489 0.0161672 0.0118654 0.00828066 0.00543645
 0.00996366 0.015491 0.0220459 0.0292249 0.036724 0.0443467 0.0518501 0.0588242 0.0647318 0.0690466 0.0713713 0.0715043 0.0694736 0.0655322 0.0600989 0.0536665 0.0467167 0.0396658 0.0328387 0.0264662 0.020698 0.0156257 0.0113051 0.00776861 0.00501977
 0.0101014 0.0156856 0.0222848 0.0294778 0.0369516 0.0445148 0.0519419 0.0588442 0.0647021 0.0689997 0.071342 0.0715217 0.0695543 0.0656747 0.0602826 0.0538543 0.0468629 0.0397257 0.0327799 0.026277 0.0203925 0.0152418 0.0108956 0.00738661 0.00470466
 0.00994964 0.0154659 0.0220032 0.0291553 0.0366153 0.0441861 0.0516295 0.0585484 0.0644276 0.0687672 0.0711897 0.0714948 0.0696877 0.0659779 0.060733 0.0544013 0.0474381 0.0402569 0.0332049 0.0265559 0.0205151 0.0152276 0.0107862 0.00723248 0.0045502
 0.00983763 0.0152926 0.0217597 0.0288413 0.0362414 0.0437747 0.0512144 0.0581692 0.0641194 0.0685511 0.0710716 0.0714735 0.0697651 0.066162 0.0610302 0.0548037 0.0479153 0.0407581 0.0336704 0.0269328 0.0207711 0.0153583 0.0108131 0.00719219 0.00448121
 0.00978025 0.0151993 0.0216189 0.0286421 0.0359752 0.0434391 0.0508183 0.0577367 0.0636897 0.068172 0.0707891 0.0713199 0.0697532 0.0662863 0.0612745 0.0551472 0.0483331 0.0412173 0.0341289 0.0273449 0.0210987 0.015582 0.0109366 0.0072376 0.0044789
 0.00975388 0.0151561 0.0215528 0.0285458 0.0358399 0.0432553 0.0505778 0.057437 0.0633393 0.0677946 0.0704233 0.0710136 0.0695518 0.0662211 0.0613551 0.0553619 0.0486541 0.0416074 0.0345459 0.0277456 0.0214449 0.015848 0.0111146 0.00733781 0.00452267
 0.0098635 0.0153069 0.0217292 0.028716 0.0359646 0.0433008 0.0505272 0.0572917 0.0631131 0.0675064 0.070094 0.0706684 0.0692227 0.0659456 0.0611689 0.0552891 0.0487004 0.0417582 0.0347706 0.0280047 0.0216986 0.0160643 0.0112755 0.00744115 0.00457849
 0.0100403 0.0155594 0.0220434 0.0290543 0.036273 0.0435234 0.0506191 0.0572289 0.0628964 0.0671613 0.0696658 0.0702113 0.068788 0.0655737 0.0608877 0.0551152 0.0486398 0.041805 0.0349052 0.0281961 0.0219102 0.0162623 0.0114364 0.00755521 0.0046488
 0.0100056 0.0155325 0.0220558 0.0291496 0.03649 0.0438722 0.0510636 0.0576886 0.0632712 0.0673665 0.0696592 0.0700019 0.0684262 0.0651313 0.0604375 0.0547167 0.0483323 0.0416063 0.0348139 0.0281949 0.0219708 0.0163527 0.0115286 0.00763103 0.00470125
 0.00988986 0.0153628 0.0218372 0.0289041 0.036258 0.0437083 0.0510267 0.0578243 0.0635882 0.0678199 0.070155 0.0704267 0.0686896 0.0651965 0.0603269 0.054493 0.0480703 0.0413694 0.0346414 0.0280998 0.0219448 0.0163746 0.0115737 0.00767897 0.00473998
 0.00978603 0.0151979 0.021597 0.0285799 0.0358513 0.0432372 0.0505324 0.0573727 0.0632602 0.0676899 0.0702637 0.0707602 0.0691769 0.065732 0.0608078 0.0548544 0.0482994 0.0414953 0.0347109 0.0281539 0.0220062 0.0164471 0.0116493 0.00774651 0.00479199
 0.0095792 0.0148966 0.0212073 0.0281276 0.0353714 0.0427589 0.0500714 0.0569355 0.06286 0.0673602 0.0700589 0.0707391 0.0693749 0.0661385 0.0613621 0.0554651 0.0488772 0.0419817 0.0350881 0.0284354 0.0222178 0.0166108 0.0117774 0.00784387 0.00486107
 0.00951915 0.0147958 0.0210506 0.0279017 0.0350702 0.0423909 0.049663 0.0565266 0.0624908 0.067059 0.0698396 0.0706107 0.0693519 0.0662401 0.0615986 0.0558215 0.0493093 0.0424292 0.0354966 0.0287729 0.0224774 0.0168022 0.0119152 0.00794081 0.00492648
 0.00952141 0.0147957 0.0210428 0.0278765 0.0350135 0.0422858 0.049494 0.0562867 0.0621889 0.0667229 0.0695112 0.0703336 0.0691604 0.0661542 0.0616259 0.0559594 0.0495428 0.0427288 0.0358216 0.0290824 0.0227418 0.0170086 0.0120651 0.00804334 0.00499273
 0.00932946 0.0145225 0.0207033 0.0275083 0.0346649 0.0419971 0.0492823 0.0561432 0.0620885 0.0666392 0.0694294 0.0702576 0.06911 0.066157 0.0617058 0.0561281 0.0497965 0.0430487 0.0361773 0.0294381 0.0230644 0.0172753 0.0122668 0.00818359 0.00508264
 0.009228 0.0143573 0.0204557 0.0271654 0.0342271 0.0414871 0.04875 0.0556579 0.0617174 0.0664229 0.0693695 0.0703231 0.0692585 0.066355 0.0619387 0.0563963 0.0501049 0.0433958 0.0365501 0.0298127 0.0234127 0.0175729 0.0124997 0.00835009 0.00519126
 0.0100142 0.0154583 0.0217843 0.0285277 0.0353752 0.0422052 0.0489273 0.0553116 0.0609664 0.0654364 0.0683176 0.0693399 0.0684234 0.065693 0.061437 0.0560288 0.0498493 0.0432385 0.0364804 0.029816 0.0234674 0.0176537 0.0125836 0.00842146 0.00524348
 0.0107234 0.0165488 0.0233018 0.0304537 0.0376097 0.0445558 0.0511133 0.0570059 0.0618825 0.0654282 0.0674334 0.0677977 0.0665231 0.0637185 0.0595931 0.0544252 0.0485208 0.0421766 0.0356597 0.0292065 0.0230371 0.017368 0.0124069 0.0083202 0.00518989
 0.0105631 0.0163895 0.0232505 0.0306758 0.0382886 0.0458229 0.0529769 0.0593123 0.0643273 0.0676186 0.0689867 0.068451 0.0662122 0.0625875 0.0579275 0.0525458 0.0466914 0.040562 0.0343314 0.0281723 0.0222708 0.0168289 0.0120488 0.00809732 0.00506088
 0.0101925 0.0158365 0.0225172 0.0298142 0.0374095 0.0450958 0.0526142 0.0595252 0.06525 0.0692282 0.0710656 0.0706264 0.0680675 0.063797 0.0583534 0.0522558 0.0458999 0.0395319 0.0332879 0.0272597 0.0215519 0.016308 0.0116987 0.00787868 0.00493439
 0.0100516 0.0156015 0.0221533 0.029288 0.0367006 0.0442161 0.0516314 0.058576 0.0645314 0.0689553 0.0714022 0.0716083 0.0695576 0.0655063 0.0599319 0.0534154 0.0465053 0.0396193 0.0330118 0.0268097 0.0210839 0.0159142 0.0114117 0.00769222 0.00482496
 0.0100151 0.0155354 0.0220397 0.0291018 0.0364104 0.0437888 0.0510428 0.057828 0.063672 0.068093 0.0707012 0.071253 0.0696897 0.0661577 0.0609908 0.0546528 0.0476574 0.0404839 0.0335092 0.0269807 0.0210396 0.0157738 0.0112611 0.00757397 0.00474827
 0.00997914 0.0154776 0.0219531 0.0289785 0.0362402 0.0435587 0.050737 0.057431 0.0631758 0.0675085 0.0700722 0.0706659 0.0692657 0.0660217 0.0612214 0.0552372 0.0484811 0.0413682 0.0342807 0.0275334 0.0213565 0.0159055 0.011283 0.00755037 0.0047176
 0.00997174 0.0154644 0.0219308 0.0289423 0.036184 0.0434747 0.0506161 0.0572634 0.0629512 0.0672196 0.0697195 0.0702662 0.0688612 0.0656821 0.0610314 0.0552674 0.0487524 0.0418324 0.0348336 0.0280564 0.0217636 0.0161668 0.0114181 0.00760251 0.00472805
 0.00997249 0.0154698 0.0219464 0.0289751 0.036239 0.0435512 0.0507038 0.0573424 0.0629957 0.0672037 0.0696236 0.0700821 0.0685969 0.0653663 0.060715 0.0550153 0.048625 0.0418607 0.0350023 0.0283087 0.0220263 0.0163818 0.0115604 0.00767779 0.00475808
 0.00997529 0.015475 0.0219558 0.0289914 0.0362667 0.0435956 0.05077 0.0574316 0.0631014 0.0673092 0.0697031 0.0701069 0.0685448 0.0652308 0.0605111 0.0547796 0.0484077 0.0417106 0.0349483 0.0283482 0.022128 0.0165023 0.0116638 0.00774753 0.00479542
