SBPRF35
9.66758
Curr Bio
682338
B35
771156
F35
0.191186
FOFL
0.167685
OFL
91511.5
Bzero
2.76216e+006
#pred survey bio
 4.39368e+006 4.20519e+006 4.01436e+006 3.77117e+006 3.48565e+006 3.18069e+006 2.9002e+006 2.5792e+006 2.28654e+006 1.99696e+006 1.73874e+006 1.5216e+006 1.34823e+006 1.19359e+006 1.0546e+006 934743 842514 777145 718281 681043 651986 625888 605183 593992 599148 600068 589399 586941 593177 594468 596352 596951 586916 583839 566218 555594 545862 544585 551404 549927 566277 568924 573277 587021 603075 611339 624162 632775 653623 670164 688195 2.40244e+007 1.43201e+007 1.44657e+007 1.50981e+007 1.60412e+007 1.70807e+007 1.80688e+007 1.89287e+007 1.96356e+007 2.01947e+007 2.06255e+007 2.09516e+007 2.11957e+007 2.13772e+007 2.15119e+007 2.16117e+007 2.16859e+007 2.17412e+007 2.17826e+007 2.18138e+007 2.18374e+007 2.18554e+007 2.18691e+007 2.18796e+007 2.18877e+007 2.1894e+007 2.18989e+007 2.19027e+007 2.19057e+007 2.1908e+007 2.19098e+007 2.19113e+007 2.19124e+007 2.19133e+007 2.1914e+007 2.19146e+007 2.1915e+007 2.19154e+007 2.19156e+007 2.19159e+007 2.1916e+007 2.19162e+007 2.19163e+007 2.19164e+007 2.19164e+007 2.19165e+007 2.19165e+007 2.19166e+007 2.19166e+007 2.19166e+007 2.19166e+007 2.19166e+007 2.19167e+007 2.19167e+007 2.19167e+007 2.19167e+007 2.19167e+007 2.19167e+007 2.19167e+007 2.19167e+007 2.19167e+007 2.19167e+007 2.19167e+007 2.19167e+007 2.19167e+007 2.19167e+007 2.19167e+007 2.19167e+007 2.19167e+007 2.19167e+007 2.19167e+007 2.19167e+007 2.19167e+007 2.19167e+007 2.19167e+007 2.19167e+007 2.19167e+007 2.19167e+007 2.19167e+007 2.19167e+007 2.19167e+007 2.19167e+007 2.19167e+007 2.19167e+007 2.19167e+007 2.19167e+007 2.19167e+007 2.19167e+007 2.19167e+007 2.19167e+007 2.19167e+007 2.19167e+007 2.19167e+007 2.19167e+007 2.19167e+007 2.19167e+007 2.19167e+007 2.19167e+007 2.19167e+007 2.19167e+007 0 0 0 0 0 0 0 0 0 0 0 0 0 0 0 0 0 0 0 0 0 0 0 0 0
#obs survey bio
 3.32651e+006 3.05483e+006 4.1413e+006 3.60098e+006 3.10207e+006 3.0422e+006 2.42286e+006 2.20898e+006 1.46396e+006 1.98796e+006 1.09723e+006 1.17438e+006 1.23414e+006 844526 1.1949e+006 632709 821733 679331 740793 898454 632518 521513 565971 495216 532665 621656 631131 583182 421811 611654 457890 582175 563994 495397 546937 895273 536413 480677 570160 537727 651758 597854 510400 570301 549351 517820 667367 889336 587048 853580 628383
#pred catch bio
 107709 109562 162409 214107 250535 249587 308863 304726 321245 309734 287153 259798 251510 242109 226481 201488 176064 167057 144918 134958 129934 123270 113814 99795 103156 111212 102249 93808.3 96826 94577.2 93654.4 99793.7 90774.1 99860.3 90281.2 88079.2 83254.3 80779.1 91024.5 78513.6 92445.5 92514.3 86778.6 87793.6 96981.1 94861 99017.1 89160.1 93617.2 91698.7 104126 91511.5 102297 102097 105238 111158 118005 124516 130093 134564 137987 140521 142351 143646 144549 145171 145596 145884 146078 146208 146295 146353 146391 146417 146434 146445 146452 146457 146460 146462 146464 146465 146465 146466 146466 146466 146466 146466 146466 146466 146466 146466 146466 146466 146466 146466 146466 146466 146466 146466 146466 146466 146466 146466 146466 146466 146466 146466 146466 146466 146466 146466 146466 146466 146466 146466 146466 146466 146466 146466 146466 146466 146466 146466 146466 146466 146466 146466 146466 146466 146466 146466 146466 146466 146466 146466 146466 146466 146466 146466 146466 146466 146466 146466 146466 146466 146466 146466 146466 146466 146466 0 0 0 0 0 0 0 0 0 0 0 0 0 0 0 0 0 0 0 0 0 0 0 0 0
#obs catch bio
 0 109366 162836 214986 252378 250654 312425 307506 324437 312390 290676 264117 256908 248373 231059 206872 179675 170479 147471 136473 131777 125421 115736 101288 104885 112939 103498 94771.7 98093.3 95402.6 94357.8 100698 90803.2 100292 91018.9 88061.1 83185.6 80591.2 90914 77992.8 92321.2 92490.6 86857.1 87907.1 97557 95683.5 99674.1 88915.5 93657.1 91485.3 104213
#pred cpue bio
 4.32661e+006 4.14176e+006 3.95479e+006 3.71374e+006 3.42949e+006 3.12599e+006 2.84687e+006 2.52795e+006 2.23734e+006 1.95003e+006 1.69381e+006 1.47818e+006 1.30599e+006 1.15284e+006 1.01572e+006 897820 807377 743648 686549 650587 622539 597201 577080 566233 571314 572488 562508 560433 566779 568413 570699 571764 562562 560084 543398 533557 523811 521246 526776 525034 540806 543213 547194 560235 575474 583189 595629 604335 624891 641148 659381 2.30749e+007 1.37754e+007 1.38162e+007 1.43168e+007 1.52071e+007 1.62324e+007 1.72172e+007 1.80765e+007 1.87833e+007 1.93424e+007 1.97731e+007 2.00992e+007 2.03433e+007 2.05249e+007 2.06595e+007 2.07594e+007 2.08336e+007 2.08889e+007 2.09303e+007 2.09615e+007 2.09851e+007 2.1003e+007 2.10167e+007 2.10273e+007 2.10354e+007 2.10417e+007 2.10466e+007 2.10504e+007 2.10533e+007 2.10557e+007 2.10575e+007 2.10589e+007 2.10601e+007 2.1061e+007 2.10617e+007 2.10622e+007 2.10627e+007 2.1063e+007 2.10633e+007 2.10635e+007 2.10637e+007 2.10638e+007 2.10639e+007 2.1064e+007 2.10641e+007 2.10641e+007 2.10642e+007 2.10642e+007 2.10643e+007 2.10643e+007 2.10643e+007 2.10643e+007 2.10643e+007 2.10643e+007 2.10643e+007 2.10643e+007 2.10643e+007 2.10643e+007 2.10643e+007 2.10643e+007 2.10644e+007 2.10644e+007 2.10644e+007 2.10644e+007 2.10644e+007 2.10644e+007 2.10644e+007 2.10644e+007 2.10644e+007 2.10644e+007 2.10644e+007 2.10644e+007 2.10644e+007 2.10644e+007 2.10644e+007 2.10644e+007 2.10644e+007 2.10644e+007 2.10644e+007 2.10644e+007 2.10644e+007 2.10644e+007 2.10644e+007 2.10644e+007 2.10644e+007 2.10644e+007 2.10644e+007 2.10644e+007 2.10644e+007 2.10644e+007 2.10644e+007 2.10644e+007 2.10644e+007 2.10644e+007 2.10644e+007 2.10644e+007 2.10644e+007 2.10644e+007 2.10644e+007 2.10644e+007 0 0 0 0 0 0 0 0 0 0 0 0 0 0 0 0 0 0 0 0 0 0 0 0 0
#obs cpue bio
 3.13456e+006 3.96535e+006 3.49939e+006 3.10053e+006 2.4247e+006 3.40892e+006 2.44876e+006 2.93363e+006 3.70568e+006 1.99375e+006 1.74452e+006 1.06835e+006 890181 993947 973398 628410 755853 694857 505180 583584 441545 450030 470289 465393 486380 584350 464411 471160 604160 629500 691039 556811 866352 592943 316008 667296 547586 630652 608150 651117 403121 454882 502797 534743 472713 435980 698142 769506 610053 584042 692276
#pred surv len freq
 0.00578377 0.00921729 0.0135482 0.018652 0.0243531 0.0303772 0.0363064 0.0416515 0.0460303 0.0493041 0.0515676 0.053036 0.0539362 0.0544488 0.0546874 0.0546952 0.054456 0.0539065 0.0529275 0.0513076 0.0487194 0.0447867 0.0392794 0.0323557 0.0246661
 0.00584834 0.009254 0.0134828 0.0183876 0.0238131 0.0295632 0.0353326 0.0407212 0.0453534 0.0490007 0.0516178 0.0533045 0.0542502 0.054683 0.0548132 0.0547796 0.0546169 0.0542464 0.0534753 0.0519963 0.049413 0.045343 0.0396135 0.0324678 0.0246225
 0.00620492 0.00977644 0.0141578 0.0191532 0.0245606 0.0301526 0.0356217 0.0406088 0.0448284 0.0481699 0.0506794 0.0524669 0.0536421 0.054312 0.0545998 0.0546344 0.0545039 0.054193 0.0535304 0.0521742 0.0496664 0.0455826 0.0397578 0.032485 0.0245377
 0.00645554 0.0101937 0.0148011 0.0200759 0.025788 0.03165 0.037268 0.0421972 0.0461085 0.0489229 0.0507936 0.051978 0.0527146 0.0531681 0.0534315 0.0535495 0.0535308 0.0533242 0.0527618 0.051511 0.0491054 0.0451003 0.0393223 0.032079 0.0241692
 0.00669874 0.0105793 0.0153655 0.0208523 0.0268069 0.0329353 0.0388219 0.0439762 0.0479999 0.0507377 0.0522912 0.0529259 0.0529638 0.052707 0.0523857 0.0521248 0.0519347 0.0517106 0.0512198 0.0500843 0.0478152 0.0439582 0.0383357 0.031255 0.0235146
 0.00699553 0.0110414 0.0160238 0.0217238 0.0278959 0.0342349 0.0403125 0.0456234 0.0497522 0.0525209 0.0539969 0.0544022 0.0540254 0.0531765 0.0521544 0.0511988 0.0504364 0.0498334 0.0491663 0.0480214 0.0458621 0.0421955 0.0368185 0.030018 0.0225698
 0.00722745 0.011414 0.0165763 0.0224898 0.0288977 0.0354744 0.041763 0.0472276 0.0514335 0.0541989 0.0555973 0.0558505 0.0552301 0.0540184 0.0524966 0.0509259 0.049503 0.0482954 0.0471732 0.0457763 0.0435728 0.0400405 0.0349306 0.0284787 0.0214079
 0.00754155 0.0119076 0.0172877 0.0234455 0.0301095 0.0369363 0.0434435 0.0490642 0.0533355 0.05606 0.057312 0.0573267 0.0563927 0.054801 0.052829 0.050729 0.0487057 0.0468706 0.0451738 0.0433477 0.0409318 0.0374303 0.0325701 0.0265226 0.0199258
 0.00788451 0.0124417 0.0180484 0.0244515 0.0313625 0.03842 0.0451201 0.0508718 0.0551912 0.0578705 0.058984 0.0587736 0.057538 0.0555782 0.0531787 0.0505937 0.0480295 0.0456134 0.0433413 0.0410236 0.0382904 0.0347132 0.0300329 0.0243724 0.0182749
 0.00832657 0.0131279 0.0190207 0.0257271 0.0329327 0.0402485 0.0471394 0.0529827 0.0572738 0.0598042 0.0606657 0.0601264 0.0585088 0.0561303 0.0532833 0.0502224 0.0471513 0.0442018 0.0413954 0.0386001 0.0355293 0.0318359 0.027301 0.0220197 0.0164451
 0.00883481 0.0139137 0.020128 0.02717 0.0346952 0.0422848 0.0493709 0.0552963 0.059532 0.0618658 0.0624078 0.0614584 0.0593755 0.0565072 0.0531661 0.0496144 0.0460538 0.0426134 0.0393266 0.0361012 0.0327197 0.0289129 0.0245111 0.0195967 0.0145437
 0.00926533 0.0145936 0.0211135 0.0284989 0.036379 0.0442982 0.0516396 0.0576954 0.061902 0.0640419 0.064248 0.062858 0.0602695 0.0568663 0.0529888 0.0489174 0.0448607 0.0409495 0.037224 0.0336193 0.0299703 0.026073 0.0218038 0.0172392 0.0126847
 0.0095621 0.0150679 0.0218127 0.0294635 0.0376369 0.0458559 0.0534688 0.0597244 0.064018 0.0661054 0.0661128 0.0643903 0.0613638 0.0574544 0.0530412 0.0484359 0.0438688 0.0394829 0.0353313 0.0313719 0.0274804 0.0235034 0.0193534 0.015101 0.0109929
 0.00980006 0.0154511 0.0223831 0.0302585 0.0386843 0.0471641 0.0550163 0.0614533 0.0658392 0.0679106 0.0677872 0.0658225 0.0624538 0.0581212 0.0532305 0.0481239 0.0430607 0.0382086 0.0336429 0.0293481 0.0252354 0.021191 0.0171534 0.013184 0.00947625
 0.0100827 0.0158903 0.0230067 0.0310808 0.0397063 0.0483737 0.0563854 0.0629337 0.0673631 0.0693966 0.0691496 0.0669789 0.0633304 0.0586567 0.0533786 0.0478553 0.0423655 0.0370995 0.0321587 0.0275588 0.0232475 0.0191461 0.015213 0.0114976 0.00814456
 0.0102845 0.0162188 0.0235016 0.0317774 0.0406269 0.0495149 0.0577068 0.0643576 0.0687892 0.0707256 0.0703008 0.0678958 0.063976 0.0590058 0.0534122 0.0475593 0.0417325 0.0361337 0.0308837 0.0260271 0.0215467 0.0173974 0.0135555 0.0100594 0.00701077
 0.0103765 0.0163705 0.0237345 0.0321153 0.0410943 0.0501323 0.0584825 0.0652794 0.0698186 0.0717986 0.0713361 0.0688096 0.064697 0.0594847 0.0536217 0.0474875 0.0413761 0.0354967 0.0299822 0.0248987 0.0202591 0.0160485 0.0122607 0.00892641 0.00611273
 0.0104442 0.0164687 0.0238614 0.0322642 0.0412593 0.050316 0.0587012 0.0655609 0.0701927 0.0722834 0.071926 0.0694699 0.0653679 0.0600929 0.0540954 0.0477688 0.0414267 0.0352985 0.0295375 0.0242327 0.0194237 0.0151223 0.0113387 0.00810005 0.00544698
 0.0105442 0.0166239 0.0240805 0.0325487 0.0416011 0.0506968 0.0590926 0.0659305 0.0705147 0.0725499 0.0721502 0.0696771 0.0655785 0.060308 0.0542913 0.047903 0.041451 0.0351722 0.0292383 0.0237632 0.0188149 0.0144315 0.0106396 0.00746607 0.00493188
 0.010679 0.0168121 0.0243069 0.0327814 0.0418023 0.050839 0.0591704 0.0659603 0.0705235 0.0725623 0.072182 0.0697368 0.0656719 0.0604381 0.0544526 0.0480751 0.0415972 0.0352472 0.029201 0.0235911 0.0185129 0.0140335 0.0102004 0.00704536 0.00457754
 0.0108317 0.0170415 0.0246161 0.0331574 0.0422161 0.0512481 0.0595244 0.0662102 0.0706364 0.0725343 0.0720412 0.0695327 0.0654571 0.0602527 0.0543178 0.0479924 0.0415508 0.0352077 0.0291324 0.0234621 0.0183091 0.0137641 0.00989588 0.00674663 0.00432085
 0.0109129 0.017175 0.024819 0.0334448 0.042595 0.0517096 0.0600366 0.0667179 0.071071 0.0728318 0.0721608 0.0694685 0.0652386 0.0599343 0.0539608 0.0476482 0.0412489 0.0349534 0.0289118 0.0232518 0.018089 0.0135273 0.00965185 0.00651603 0.00412524
 0.0110068 0.0173127 0.0249991 0.0336582 0.0428301 0.0519593 0.060301 0.0669999 0.0713664 0.0731206 0.0724061 0.0696264 0.0652745 0.0598372 0.0537489 0.0473614 0.0409341 0.0346485 0.0286363 0.0230074 0.017867 0.0133193 0.00945697 0.00634115 0.0039803
 0.011055 0.0173836 0.0250917 0.0337663 0.0429437 0.0520672 0.0603945 0.0670762 0.0714308 0.0731852 0.0724836 0.0697209 0.0653746 0.0599178 0.0537822 0.0473306 0.0408411 0.0345109 0.0284775 0.0228461 0.0177129 0.0131753 0.0093246 0.00622408 0.0038836
 0.010856 0.0170917 0.0247111 0.0333218 0.0424744 0.0516156 0.059998 0.0667645 0.0712268 0.0731059 0.0725394 0.0699125 0.0656892 0.0603269 0.0542426 0.047792 0.0412579 0.0348529 0.0287338 0.0230215 0.0178202 0.0132294 0.00933996 0.00621438 0.00386155
 0.0107093 0.0168648 0.0243927 0.0329117 0.0419864 0.0510792 0.0594594 0.0662813 0.0708559 0.0728888 0.0724928 0.0700297 0.0659482 0.0606981 0.0546922 0.0482821 0.0417476 0.0353035 0.0291156 0.023319 0.0180328 0.013367 0.00941837 0.00625103 0.0038725
 0.0107401 0.0169036 0.0244297 0.0329298 0.0419646 0.0509991 0.0593114 0.0660697 0.0705999 0.0726193 0.0722472 0.0698425 0.0658439 0.0606869 0.0547701 0.0484339 0.0419502 0.0355289 0.0293355 0.0235098 0.01818 0.0134672 0.00947697 0.00627868 0.00388081
 0.0107263 0.0168781 0.0243852 0.0328572 0.041854 0.0508429 0.0591071 0.0658225 0.0703236 0.0723364 0.0719863 0.0696353 0.0657188 0.0606632 0.0548529 0.0486131 0.0422026 0.0358234 0.0296383 0.0237905 0.0184161 0.0136473 0.00960104 0.00635519 0.00392248
 0.0105512 0.0166188 0.0240421 0.0324469 0.0414046 0.050385 0.0586681 0.065425 0.0699869 0.0720775 0.0718199 0.0695727 0.0657671 0.0608238 0.0551203 0.0489731 0.0426318 0.0362903 0.0301071 0.0242262 0.0187909 0.0139446 0.00981756 0.00649913 0.0040093
 0.0104267 0.0164253 0.0237684 0.0320905 0.040974 0.049902 0.0581686 0.064955 0.0695926 0.0717931 0.0716603 0.069535 0.0658392 0.0609922 0.0553737 0.0493007 0.0430201 0.0367192 0.0305499 0.0246525 0.0191716 0.0142585 0.0100551 0.00666331 0.00411236
 0.0103085 0.0162413 0.0235067 0.0317458 0.0405484 0.0494068 0.0576271 0.0644037 0.0690793 0.0713687 0.0713686 0.0694032 0.0658732 0.061178 0.0556841 0.0497042 0.0434857 0.0372185 0.031055 0.0251348 0.0196041 0.0146199 0.010334 0.00686071 0.00423963
 0.0100777 0.0159017 0.0230615 0.03122 0.0399811 0.0488377 0.0570869 0.0639136 0.0686558 0.0710294 0.0711342 0.0692956 0.0659093 0.0613637 0.0560103 0.050147 0.044011 0.037788 0.0316311 0.0256831 0.0200951 0.0150313 0.0106543 0.0070903 0.00439005
 0.0100826 0.015888 0.0230021 0.0310796 0.0397285 0.0484641 0.0566179 0.0634058 0.0681765 0.0706319 0.0708442 0.0691147 0.0658298 0.0613806 0.056124 0.0503577 0.0443119 0.0381606 0.032047 0.0261087 0.020497 0.0153821 0.0109365 0.00729834 0.0045298
 0.00991944 0.0156511 0.0226968 0.0307254 0.039349 0.0480734 0.0562151 0.0629825 0.0677346 0.0701982 0.0704691 0.0688551 0.0657262 0.0614447 0.0563416 0.0507003 0.0447475 0.038658 0.0325743 0.0266323 0.0209837 0.0158034 0.011274 0.00754711 0.00469732
 0.0098234 0.0155092 0.0225103 0.030506 0.0391175 0.0478543 0.0560301 0.0628433 0.0676368 0.0701211 0.0703849 0.0687459 0.0655977 0.0613263 0.0562727 0.050713 0.0448556 0.0388561 0.0328427 0.0269425 0.0213035 0.0161022 0.0115279 0.00774292 0.00483406
 0.010559 0.0165204 0.0236916 0.0316482 0.0399699 0.0482243 0.055861 0.0622253 0.0667518 0.0691611 0.0694911 0.0679878 0.0649869 0.0608457 0.055903 0.050446 0.0446925 0.0387982 0.0328826 0.027061 0.0214718 0.0162883 0.0117033 0.00788826 0.00494095
 0.0114298 0.0178457 0.0255094 0.0339109 0.0425315 0.0508381 0.0581972 0.0639274 0.0675363 0.0689221 0.0683421 0.0662092 0.0629116 0.0587528 0.0539682 0.0487508 0.0432608 0.0376288 0.0319648 0.0263767 0.0209936 0.0159795 0.0115219 0.00779317 0.00489781
 0.0113523 0.017831 0.0256913 0.0344769 0.0436669 0.0526374 0.0605849 0.0666356 0.0701591 0.0710232 0.0695759 0.0664119 0.0621341 0.0572244 0.0520079 0.0466671 0.0412841 0.0358934 0.0305275 0.025245 0.0201474 0.0153823 0.0111275 0.00755155 0.00476162
 0.0110236 0.0173433 0.0250513 0.0337407 0.0429489 0.0521098 0.0604568 0.0671013 0.0713161 0.0727958 0.0716939 0.0684766 0.0637477 0.0581208 0.0521235 0.0461269 0.040324 0.0347658 0.0294323 0.0243035 0.0194097 0.0148488 0.0107706 0.00733135 0.00463708
 0.0111168 0.01745 0.0251301 0.0337288 0.042784 0.0517657 0.0599758 0.066605 0.0709838 0.0728117 0.0721775 0.0694199 0.0649916 0.0593931 0.0531319 0.0466646 0.0403346 0.0343391 0.0287438 0.0235387 0.0187087 0.0142872 0.0103672 0.00706873 0.00448162
 0.0110401 0.017338 0.0249828 0.0335488 0.0425693 0.0515014 0.0596362 0.0661702 0.0704686 0.0722903 0.0717829 0.0693059 0.0652676 0.0600629 0.0540724 0.0476628 0.0411692 0.0348635 0.0289277 0.0234528 0.0184726 0.0140135 0.0101295 0.00689683 0.00437399
 0.0111037 0.0174363 0.0251211 0.0337282 0.0427851 0.0517414 0.0598766 0.0663733 0.0705857 0.0722757 0.0716164 0.069016 0.0649368 0.0598033 0.0539757 0.0477519 0.0413826 0.0350866 0.0290521 0.0234264 0.018312 0.0137805 0.00989233 0.00670197 0.00423825
 0.0112192 0.0176048 0.0253394 0.0339811 0.0430507 0.0519982 0.0601088 0.0665703 0.0707373 0.0723666 0.0716264 0.0689269 0.0647465 0.0595387 0.0536928 0.0475161 0.0412366 0.0350276 0.0290352 0.0233939 0.0182276 0.0136446 0.00973319 0.00655385 0.00412364
 0.0112683 0.0176778 0.025436 0.0340959 0.0431735 0.0521165 0.0602097 0.0666437 0.0707787 0.0723781 0.0716146 0.0688971 0.0646987 0.0594691 0.0536018 0.0474156 0.0411484 0.0349704 0.0290111 0.0233854 0.0182096 0.0136011 0.00966586 0.00647757 0.00405521
 0.0112106 0.017601 0.0253517 0.0340249 0.0431394 0.0521354 0.0602828 0.0667559 0.0709054 0.0724951 0.0717057 0.0689565 0.0647286 0.0594748 0.0535884 0.0473879 0.0411128 0.0349357 0.0289843 0.0233674 0.0181936 0.0135783 0.00963223 0.00643664 0.00401488
 0.0110191 0.0173344 0.0250337 0.0337063 0.0428854 0.0520035 0.0603037 0.066926 0.0711913 0.0728452 0.0720629 0.0692707 0.0649662 0.0596233 0.0536539 0.0473883 0.0410704 0.0348711 0.0289141 0.0233017 0.0181362 0.0135283 0.00958746 0.00639637 0.00398059
 0.0107633 0.0169448 0.0244985 0.0330378 0.0421231 0.0512145 0.0595796 0.0663699 0.070893 0.0728522 0.0723628 0.0697968 0.0656216 0.0603107 0.0542976 0.0479435 0.041521 0.0352212 0.029178 0.0234962 0.0182758 0.013624 0.00964806 0.00643012 0.0039958
 0.0107956 0.0169637 0.0244652 0.0328968 0.041819 0.0507177 0.0589091 0.0655998 0.070137 0.0722339 0.0719833 0.0697097 0.0658224 0.0607419 0.0548693 0.0485603 0.0421055 0.0357259 0.029584 0.0238054 0.0185007 0.0137802 0.00975062 0.00649268 0.00403041
 0.0107207 0.0168506 0.0243094 0.0326954 0.0415647 0.0503944 0.0584933 0.0650732 0.0695069 0.0715498 0.0713375 0.069216 0.06558 0.060802 0.0552193 0.0491313 0.0427973 0.0364375 0.0302371 0.024354 0.0189288 0.0140932 0.00996527 0.00663023 0.00411207
 0.0102174 0.0161371 0.023429 0.0317536 0.0406979 0.0497193 0.0580654 0.0648766 0.069474 0.0715967 0.0713985 0.0692668 0.065644 0.0609365 0.0554853 0.049562 0.0433799 0.0371165 0.0309358 0.0249998 0.0194721 0.0145128 0.0102643 0.00682714 0.00423163
 0.00937282 0.0148778 0.0217495 0.029734 0.0384946 0.0475391 0.0561367 0.0634158 0.0686415 0.0714508 0.0718766 0.0702126 0.0668686 0.0622812 0.0568546 0.0509184 0.0447143 0.0384161 0.0321673 0.0261136 0.0204195 0.0152637 0.0108157 0.00720076 0.00446435
#obs surv len freq
 nan nan nan nan nan nan nan nan nan nan nan nan nan nan nan nan nan nan nan nan nan nan nan nan nan
 0.00448496 0.00734662 0.0111771 0.0159943 0.0216961 0.0279727 0.0342876 0.0400192 0.0446985 0.0481614 0.0505179 0.0520122 0.0529029 0.0534139 0.053727 0.0539811 0.054259 0.0545514 0.0546899 0.0542816 0.0527198 0.0493521 0.0438024 0.036283 0.0276674
 0.00461657 0.00756219 0.0115042 0.0164585 0.0223148 0.0287457 0.0351872 0.0409877 0.045656 0.0490217 0.0512046 0.05247 0.0531034 0.0533557 0.0534316 0.0534853 0.0536061 0.053784 0.0538471 0.0534004 0.0518389 0.0485147 0.0430531 0.0356597 0.027191
 0.00477983 0.00783012 0.0119121 0.0170409 0.0230984 0.0297385 0.0363667 0.0422955 0.0470042 0.0503068 0.0523235 0.0533326 0.0536419 0.0535312 0.0532371 0.0529434 0.0527626 0.0526986 0.0525866 0.0520355 0.0504453 0.0471736 0.041845 0.0346512 0.0264188
 0.00496824 0.0081391 0.0123822 0.0177118 0.0240018 0.030886 0.0377374 0.0438305 0.0486133 0.051883 0.0537578 0.0545237 0.0545018 0.0539915 0.0532548 0.0525062 0.0518906 0.0514424 0.0510228 0.0502626 0.0485797 0.0453436 0.0401775 0.0332498 0.0253418
 0.00518568 0.00849265 0.0129146 0.0184634 0.0250034 0.032148 0.0392374 0.0455083 0.0503775 0.0536271 0.0553741 0.0559121 0.0555729 0.0546678 0.053474 0.0522263 0.0510973 0.0501564 0.0493054 0.048218 0.0463524 0.0431059 0.0381059 0.0314913 0.023982
 0.00541258 0.0088656 0.0134834 0.0192766 0.026099 0.0335379 0.0408924 0.0473539 0.0523057 0.0555181 0.0571157 0.0574081 0.0567428 0.0554429 0.0537944 0.0520417 0.0503728 0.0488841 0.0475194 0.0460086 0.0438709 0.0405537 0.0357021 0.0294259 0.0223718
 0.00564204 0.00924187 0.014056 0.0200943 0.0272013 0.0349409 0.0425737 0.0492457 0.054303 0.0574974 0.0589546 0.0589987 0.057997 0.0562918 0.0541835 0.0519257 0.0497147 0.047663 0.0457485 0.0437575 0.0412816 0.037836 0.0330999 0.0271615 0.0205898
 0.00588711 0.00964147 0.0146597 0.0209493 0.028344 0.036383 0.0442882 0.0511616 0.0563146 0.0594838 0.0607983 0.0605958 0.0592607 0.0571525 0.0545864 0.0518273 0.0490801 0.0464696 0.0440006 0.0415101 0.0386629 0.0350509 0.0304002 0.0247871 0.0187048
 0.00612735 0.0100375 0.0152656 0.0218185 0.0295182 0.0378751 0.0460654 0.0531404 0.0583745 0.0614919 0.0626323 0.0621551 0.0604686 0.0579514 0.0549327 0.051686 0.0484219 0.0452739 0.0422688 0.0392885 0.0360674 0.032275 0.0276906 0.0223869 0.0167865
 0.0063693 0.0104329 0.0158647 0.02267 0.0306602 0.0393213 0.0477892 0.0550682 0.0603941 0.0634727 0.064446 0.0636915 0.0616427 0.0587048 0.055229 0.0515021 0.0477414 0.0440863 0.0405791 0.0371395 0.0335641 0.0295958 0.0250678 0.0200538 0.0149134
 0.00662623 0.0108526 0.0165 0.0235705 0.0318621 0.0408314 0.0495691 0.0570302 0.0624142 0.0654158 0.066188 0.0651315 0.0627056 0.0593397 0.0554059 0.0512069 0.0469696 0.0428403 0.0388748 0.0350232 0.0311347 0.0270171 0.0225532 0.0178193 0.013118
 0.00683929 0.0112075 0.0170496 0.0243691 0.0329537 0.0422316 0.0512472 0.0589028 0.0643585 0.0672936 0.0678705 0.0665137 0.0637121 0.0599232 0.0555423 0.0508889 0.0462002 0.0416309 0.0372494 0.0330319 0.0288725 0.0246335 0.0202393 0.0157679 0.0114708
 0.00707261 0.0115859 0.0176176 0.025168 0.0340145 0.0435628 0.0528214 0.0606506 0.0661744 0.0690536 0.0694512 0.0678079 0.0646385 0.0604307 0.0556083 0.0505132 0.0453969 0.0404231 0.0356714 0.0311397 0.0267582 0.0224335 0.018123 0.0139033 0.00997958
 0.00725597 0.0118926 0.0180949 0.0258639 0.0349669 0.0447823 0.0542758 0.0622613 0.067831 0.0706378 0.0708571 0.0689508 0.0654552 0.0608776 0.0556608 0.0501646 0.0446567 0.0393144 0.0342318 0.0294277 0.0248626 0.020478 0.0162556 0.0122676 0.00867696
 0.00742712 0.0121702 0.0185117 0.0264512 0.0357496 0.0457708 0.0554556 0.0635865 0.0692262 0.0720085 0.0721043 0.0699851 0.0662069 0.0613012 0.0557336 0.049882 0.0440272 0.0383586 0.0329844 0.0279434 0.0232233 0.0187941 0.0146556 0.0108726 0.00757047
 0.00751351 0.0123128 0.0187307 0.0267676 0.0361822 0.0463311 0.0561425 0.0643834 0.0701033 0.0729259 0.0730147 0.0708341 0.0669346 0.061847 0.0560443 0.0499187 0.0437694 0.0378055 0.0321558 0.0268828 0.022001 0.0175063 0.0134134 0.00977988 0.00669938
 0.00759139 0.0124326 0.0188986 0.0269862 0.0364518 0.0466521 0.0565154 0.0648083 0.0705774 0.0734421 0.0735599 0.0713875 0.0674659 0.0623163 0.0564041 0.0501193 0.0437672 0.0375716 0.0316838 0.0261942 0.0211476 0.0165672 0.0124828 0.00894764 0.00602902
 0.00766449 0.0125479 0.0190655 0.0272096 0.0367309 0.0469777 0.0568696 0.0651668 0.0709173 0.0737502 0.073836 0.0716407 0.0677054 0.0625416 0.0565996 0.0502544 0.0438023 0.0374672 0.0314129 0.0257529 0.0205622 0.0158934 0.0117948 0.00831994 0.0055168
 0.00773117 0.0126488 0.0192033 0.0273822 0.0369325 0.0472004 0.0571043 0.0654033 0.0711439 0.0739555 0.0740122 0.0717863 0.0678251 0.0626438 0.0566887 0.0503247 0.0438343 0.0374313 0.0312782 0.0255006 0.0201964 0.0154452 0.0113165 0.00786981 0.00514133
 0.00777767 0.0127213 0.0193062 0.027517 0.0370962 0.0473852 0.0572973 0.0655884 0.0713058 0.0740851 0.074108 0.0718534 0.0678717 0.0626773 0.0567143 0.0503429 0.0438384 0.0374057 0.0312017 0.0253536 0.0199719 0.0151561 0.0109948 0.00755671 0.00487341
 0.00781563 0.0127777 0.0193814 0.0276079 0.0371977 0.0474916 0.0574036 0.06569 0.0713985 0.0741645 0.0741711 0.0718993 0.0679025 0.0626973 0.056728 0.0503526 0.0438418 0.0373951 0.0311638 0.025274 0.0198417 0.0149788 0.0107881 0.00734796 0.00468935
 0.00785032 0.0128303 0.0194533 0.0276973 0.0372997 0.0475985 0.0575058 0.0657778 0.0714641 0.0742051 0.0741888 0.0719001 0.0678933 0.0626835 0.0567131 0.050338 0.0438267 0.0373753 0.0311315 0.0252197 0.0197578 0.0148647 0.010653 0.00720852 0.00456373
 0.00786873 0.0128587 0.0194933 0.027749 0.0373615 0.0476673 0.0575763 0.0658431 0.0715173 0.0742409 0.0742055 0.0719 0.0678813 0.062666 0.0566953 0.0503228 0.0438142 0.0373625 0.0311133 0.0251891 0.019709 0.014796 0.0105688 0.00711908 0.00448107
 0.00786645 0.012852 0.0194776 0.027719 0.0373129 0.0475997 0.0574955 0.0657606 0.0714473 0.0741955 0.0741914 0.0719174 0.0679257 0.0627303 0.0567721 0.0504053 0.0438963 0.0374383 0.0311765 0.0252337 0.0197303 0.0147925 0.010544 0.00708076 0.00443903
 0.00787314 0.0128574 0.0194756 0.0277004 0.0372678 0.047521 0.0573831 0.0656229 0.0713002 0.0740593 0.0740863 0.071859 0.0679212 0.0627777 0.0568614 0.0505221 0.0440256 0.0375666 0.0312927 0.0253295 0.0198 0.0148342 0.0105602 0.00707773 0.00442517
 0.00789701 0.0128929 0.0195224 0.0277552 0.0373234 0.0475673 0.0574074 0.065613 0.0712483 0.0739662 0.0739636 0.0717267 0.0678025 0.062692 0.0568196 0.050525 0.0440652 0.0376301 0.0313658 0.0253994 0.0198573 0.0148738 0.0105813 0.00708355 0.00442118
 0.00788214 0.0128692 0.0194879 0.0277082 0.0372639 0.0474965 0.0573286 0.0655309 0.0711677 0.0738908 0.073896 0.0716698 0.0677611 0.0626731 0.0568305 0.0505701 0.0441431 0.0377331 0.0314815 0.0255138 0.0199582 0.0149532 0.0106365 0.00711667 0.00443751
 0.00786943 0.0128459 0.019448 0.0276451 0.0371722 0.0473756 0.0571849 0.065378 0.0710231 0.0737711 0.0738121 0.071626 0.0677559 0.0627019 0.0568886 0.0506538 0.0442492 0.0378569 0.0316153 0.025647 0.0200797 0.015054 0.0107119 0.00716713 0.00446731
 0.00786203 0.01283 0.019417 0.0275905 0.0370853 0.0472512 0.0570247 0.065192 0.0708288 0.0735899 0.0736656 0.0715308 0.0677209 0.0627268 0.0569655 0.0507708 0.0443936 0.038017 0.0317806 0.0258073 0.0202251 0.0151762 0.0108063 0.00723332 0.00450911
 0.00784931 0.0128094 0.0193861 0.0275463 0.0370247 0.0471707 0.0569215 0.0650658 0.0706832 0.0734344 0.0735149 0.0714031 0.0676334 0.0626922 0.0569882 0.0508469 0.0445125 0.0381643 0.0319414 0.0259677 0.0203733 0.015303 0.0109062 0.00730535 0.00455619
 0.00781655 0.0127596 0.0193174 0.0274595 0.0369227 0.047058 0.0568034 0.0649481 0.0705712 0.0733321 0.0734255 0.0713304 0.067583 0.0626716 0.0570051 0.0509056 0.0446117 0.0382965 0.0320942 0.0261266 0.0205241 0.0154347 0.0110119 0.00738285 0.00460791
 0.0077819 0.0127003 0.0192231 0.0273201 0.036732 0.0468191 0.0565325 0.0646735 0.0703262 0.0731451 0.0733124 0.0712931 0.0676134 0.0627569 0.0571331 0.0510669 0.044799 0.0385022 0.0323087 0.0263379 0.0207194 0.0156028 0.0111458 0.00748101 0.0046736
 0.00776469 0.0126687 0.0191687 0.0272325 0.0366007 0.0466374 0.0563018 0.0644057 0.0700442 0.0728793 0.0730951 0.0711505 0.0675602 0.0627932 0.057247 0.0512395 0.0450105 0.0387351 0.0325481 0.0265704 0.0209326 0.0157862 0.0112925 0.00758912 0.00474651
 0.00773255 0.0126178 0.0190944 0.027131 0.0364693 0.0464746 0.0561087 0.0641873 0.0698106 0.0726458 0.0728818 0.0709804 0.067455 0.0627685 0.0573078 0.0513787 0.0452113 0.0389755 0.0328053 0.026824 0.0211659 0.0159868 0.0114529 0.00770758 0.00482671
 0.0093059 0.0148188 0.0217483 0.0298551 0.0387852 0.0479857 0.0566406 0.0638129 0.0687665 0.0712113 0.0712911 0.069393 0.0659661 0.0614319 0.0561523 0.0504168 0.0444416 0.038385 0.032372 0.0265215 0.0209665 0.015864 0.0113836 0.00767264 0.00481149
 0.00927056 0.0150524 0.0226129 0.031801 0.0421546 0.0527474 0.0622225 0.0691962 0.0728499 0.0732469 0.0711317 0.0674326 0.0628683 0.0578466 0.0525561 0.0470893 0.041515 0.035904 0.0303356 0.0249043 0.0197293 0.0149582 0.0107538 0.00726062 0.00456019
 0.00895148 0.0145482 0.0219024 0.0309304 0.0412906 0.0522145 0.0624638 0.0706151 0.0755665 0.0769177 0.0749933 0.0705917 0.0646761 0.0581235 0.0515607 0.0453063 0.0394278 0.033864 0.0285395 0.0234313 0.0185876 0.0141188 0.0101704 0.00687972 0.00432844
 0.0087984 0.0142894 0.0214949 0.0303307 0.0404708 0.051193 0.0613457 0.0696203 0.0750141 0.0771383 0.076179 0.072653 0.0672077 0.0605362 0.0533211 0.0461432 0.0393867 0.0332085 0.0275932 0.0224565 0.0177403 0.013461 0.00970292 0.00657281 0.00414218
 0.00873272 0.0141786 0.0213198 0.0300683 0.0400965 0.0506861 0.0606999 0.0688596 0.074212 0.0764325 0.0757638 0.0727301 0.0678961 0.0617826 0.0548766 0.0476437 0.0405034 0.0337766 0.0276451 0.0221581 0.0172898 0.0130123 0.00933888 0.00631627 0.00398087
 0.00868374 0.0141015 0.0212081 0.0299164 0.0398992 0.0504375 0.0603939 0.068492 0.0737853 0.0759655 0.0753044 0.0723652 0.067743 0.0619507 0.0554085 0.0484685 0.0414418 0.0346096 0.0282075 0.0223993 0.0172682 0.0128414 0.00912699 0.00613195 0.00385
 0.00867554 0.0140813 0.0211654 0.0298377 0.0397717 0.050255 0.0601609 0.0682223 0.0734966 0.0756729 0.0750194 0.0721032 0.067535 0.0618489 0.0554739 0.0487401 0.0419025 0.0351745 0.0287517 0.0228116 0.017497 0.0129039 0.00908315 0.00604702 0.00376878
 0.00865792 0.0140564 0.0211341 0.0298019 0.0397317 0.0502069 0.0600956 0.0681283 0.0733659 0.0755056 0.0748254 0.0718999 0.0673437 0.0616953 0.0553892 0.0487575 0.0420433 0.0354302 0.0290759 0.023133 0.0177498 0.0130552 0.00913962 0.00604106 0.00373656
 0.00864102 0.0140288 0.0210927 0.0297444 0.0396582 0.0501207 0.0600038 0.0680395 0.0732858 0.0754342 0.0747572 0.0718276 0.0672652 0.0616167 0.0553264 0.0487327 0.0420785 0.0355376 0.0292478 0.0233398 0.0179494 0.013211 0.00923542 0.00608268 0.00374296
 0.00866251 0.0140601 0.0211329 0.02979 0.0397033 0.0501585 0.0600273 0.0680437 0.0732682 0.0753952 0.0746993 0.071754 0.0671781 0.0615195 0.0552254 0.0486401 0.0420113 0.0355122 0.0292724 0.0234085 0.0180426 0.0133033 0.00930652 0.00612483 0.00376018
 0.0086615 0.0140636 0.0211475 0.029824 0.0397637 0.0502464 0.0601347 0.0681537 0.0733601 0.0754516 0.0747109 0.0717207 0.0671069 0.0614209 0.0551108 0.0485214 0.0419015 0.0354247 0.0292183 0.0233918 0.0180576 0.0133366 0.00934265 0.00615266 0.00377594
 0.00862356 0.0140043 0.0210631 0.0297143 0.0396338 0.0501081 0.0600069 0.0680585 0.0733159 0.0754654 0.0747749 0.0718161 0.0672114 0.0615163 0.055187 0.0485763 0.0419391 0.0354529 0.029246 0.0234257 0.0180999 0.0133837 0.00938753 0.00618887 0.00380046
 0.00862167 0.0139989 0.0210507 0.0296903 0.0395933 0.0500487 0.0599303 0.0679721 0.0732325 0.0753999 0.0747405 0.0718191 0.067249 0.061577 0.0552556 0.0486394 0.0419891 0.035489 0.0292725 0.023449 0.0181245 0.0134107 0.00941486 0.00621287 0.00381844
 0.00860681 0.0139757 0.0210175 0.0296459 0.0395371 0.0499807 0.0598515 0.0678854 0.0731431 0.0753165 0.0746736 0.0717799 0.0672457 0.0616119 0.0553231 0.0487274 0.0420835 0.0355778 0.029349 0.0235119 0.0181758 0.013453 0.00944941 0.00623989 0.0038379
 0.00861951 0.0139933 0.0210383 0.0296663 0.0395526 0.0499868 0.0598452 0.0678653 0.0731094 0.0752702 0.0746176 0.0717195 0.0671888 0.0615675 0.0552991 0.0487271 0.0421043 0.0356128 0.0293898 0.0235516 0.0182108 0.0134821 0.0094729 0.00625809 0.00385114
 0.00861951 0.0139933 0.0210383 0.0296663 0.0395526 0.0499868 0.0598452 0.0678653 0.0731094 0.0752702 0.0746176 0.0717195 0.0671888 0.0615675 0.0552991 0.0487271 0.0421043 0.0356128 0.0293898 0.0235516 0.0182108 0.0134821 0.0094729 0.00625809 0.00385114
#pred catch len freq
 0.00479711 0.00754915 0.0109298 0.0148226 0.0191523 0.0238738 0.0288981 0.0340486 0.0390923 0.0438031 0.0480019 0.0515704 0.0544547 0.056658 0.0582172 0.059173 0.0595522 0.0593521 0.0585095 0.0568475 0.0540453 0.0497134 0.0436134 0.035931 0.0273936
 0.00485083 0.00758506 0.010893 0.0146416 0.0187715 0.0232965 0.0282126 0.0334086 0.0386524 0.0436443 0.048093 0.0517894 0.0546546 0.0567399 0.0581741 0.0590898 0.059561 0.0595653 0.058958 0.0574575 0.0546684 0.0501961 0.0438663 0.0359585 0.0272716
 0.00518036 0.00806612 0.0115112 0.0153369 0.0194416 0.023813 0.0284487 0.0332788 0.038156 0.0428866 0.0472581 0.0510635 0.0541435 0.0564354 0.0579914 0.058944 0.0594284 0.0594877 0.0589963 0.0576309 0.0549261 0.0504401 0.0440073 0.0359622 0.027166
 0.00544091 0.00848605 0.0121345 0.0161968 0.0205463 0.0251253 0.0298666 0.0346327 0.0392369 0.0435049 0.047311 0.050578 0.0532677 0.0553749 0.0569251 0.0579698 0.058568 0.0587312 0.0583407 0.0570827 0.0544801 0.0500661 0.0436644 0.035626 0.0268434
 0.00570183 0.00889249 0.0127159 0.0169756 0.021543 0.0263597 0.0313471 0.0363314 0.0410602 0.0452782 0.0487974 0.0515379 0.0535394 0.0549354 0.0558944 0.0565552 0.0569818 0.0571319 0.0568198 0.0556843 0.0532233 0.0489585 0.0427085 0.0348247 0.026202
 0.00599541 0.00934431 0.0133497 0.0178005 0.0225579 0.0275604 0.0327287 0.0378844 0.0427607 0.0470718 0.0505794 0.0531418 0.0547518 0.0555469 0.0557705 0.0556897 0.0554996 0.0552395 0.0547354 0.0535876 0.0512407 0.0471726 0.0411733 0.033573 0.0252443
 0.00628193 0.00979166 0.0139892 0.018651 0.0236255 0.0288384 0.0341947 0.0394985 0.0444684 0.0488108 0.0522819 0.0547265 0.0561088 0.056531 0.0562175 0.0554616 0.0545397 0.0536064 0.052594 0.0511629 0.0487628 0.0448383 0.0391279 0.0319053 0.0239852
 0.00661445 0.010306 0.0147159 0.0196046 0.0248078 0.0302421 0.0358005 0.0412681 0.0463393 0.0506982 0.0540879 0.0563517 0.0574592 0.0575147 0.0567364 0.0554101 0.0538258 0.0521918 0.0505335 0.0486162 0.0459693 0.0420653 0.036615 0.029821 0.0224053
 0.00700575 0.010906 0.0155525 0.020683 0.0261158 0.0317568 0.0374907 0.04309 0.0482327 0.0525865 0.055882 0.0579561 0.0587791 0.0584616 0.0572292 0.055372 0.0531848 0.0508973 0.0485888 0.0461134 0.0431024 0.0391036 0.033843 0.0274687 0.0205981
 0.0074811 0.011634 0.0165655 0.0219839 0.0276826 0.0335504 0.039457 0.0451577 0.0503133 0.0545815 0.057693 0.0594928 0.0599636 0.0592287 0.0575236 0.0551439 0.0523873 0.0494934 0.0465736 0.0435489 0.0401443 0.0359986 0.0308821 0.0249123 0.0186069
 0.00801768 0.0124537 0.0177023 0.0234371 0.0294237 0.0355326 0.0416182 0.0474162 0.052566 0.0567105 0.0595788 0.0610282 0.0610647 0.0598392 0.0576111 0.0546902 0.0513788 0.0479198 0.0444426 0.0409151 0.037141 0.0328464 0.0278568 0.0222758 0.0165334
 0.00847729 0.0131676 0.0187152 0.0247706 0.0310754 0.0374765 0.0437991 0.0497447 0.0549218 0.0589553 0.061574 0.0626496 0.062214 0.0604507 0.0576521 0.0541547 0.0502768 0.0462697 0.042276 0.0382972 0.0341972 0.0297761 0.0249113 0.0197002 0.0144968
 0.00884315 0.0137378 0.0195291 0.0258522 0.0324351 0.0391112 0.0456858 0.0518305 0.0571171 0.0611371 0.0635975 0.0643679 0.0634982 0.0612065 0.0578268 0.0537338 0.0492743 0.0447188 0.0402278 0.0358317 0.031442 0.0269165 0.0221741 0.0173058 0.0125992
 0.00915553 0.0142258 0.0202278 0.0267837 0.0336097 0.0405264 0.047322 0.0536439 0.0590372 0.0630688 0.0654274 0.0659734 0.0647588 0.0620177 0.0581135 0.0534568 0.0484307 0.043337 0.0383645 0.0335757 0.0289237 0.024312 0.0196896 0.015137 0.0108813
 0.00949776 0.0147492 0.020955 0.0277174 0.0347373 0.0418277 0.0487709 0.0552037 0.0606547 0.0646727 0.0669327 0.0672878 0.0657916 0.0626879 0.058356 0.0532277 0.0477111 0.0421368 0.0367257 0.0315779 0.0266891 0.0220035 0.0174928 0.0132242 0.00936887
 0.00972376 0.0151083 0.0214803 0.0284341 0.035659 0.0429504 0.0500656 0.0566141 0.0621042 0.0660775 0.0682133 0.0683746 0.0666254 0.0632185 0.0585419 0.0530374 0.0471258 0.0411553 0.0353726 0.0299127 0.0248131 0.020057 0.0156369 0.0116074 0.00809082
 0.00980874 0.0152474 0.0216926 0.0287418 0.036087 0.0435239 0.0508035 0.057519 0.0631524 0.0672145 0.0693582 0.0694347 0.0675133 0.0638656 0.0589018 0.053082 0.0468398 0.0405356 0.0344337 0.0286967 0.023398 0.0185567 0.0141858 0.0103313 0.00707593
 0.00990322 0.0153857 0.0218733 0.0289562 0.0363256 0.0437853 0.0511002 0.0578763 0.0635992 0.0677694 0.0700168 0.0701624 0.0682478 0.0645284 0.059414 0.0533783 0.0468757 0.0402891 0.0339061 0.0279158 0.0224234 0.0174787 0.0131142 0.0093716 0.00630315
 0.00996143 0.0154774 0.0220052 0.0291319 0.0365435 0.0440377 0.0513737 0.0581555 0.0638742 0.0680428 0.0703041 0.0704822 0.0686079 0.0649133 0.0597825 0.0536712 0.0470307 0.0402555 0.0336562 0.0274524 0.0217828 0.0167287 0.0123417 0.00866362 0.00572403
 0.0100821 0.0156458 0.0222079 0.0293402 0.036724 0.0441665 0.0514472 0.0581899 0.0638953 0.0680741 0.070361 0.0705743 0.0687421 0.0650926 0.0599993 0.0539001 0.0472277 0.0403668 0.0336337 0.0272698 0.021446 0.0162773 0.0118395 0.0081806 0.00531619
 0.0102404 0.0158818 0.0225224 0.0297173 0.0371318 0.0445623 0.0517837 0.0584243 0.064001 0.0680509 0.0702369 0.0703953 0.0685565 0.0649376 0.0598946 0.0538465 0.0472078 0.040348 0.0335755 0.0271369 0.0212223 0.015974 0.0114928 0.00783833 0.00502105
 0.0103212 0.0160123 0.0227168 0.0299869 0.0374818 0.0449851 0.0522536 0.0588957 0.0644146 0.0683476 0.0703745 0.070362 0.0683748 0.0646566 0.0595733 0.0535357 0.0469367 0.0401206 0.0333752 0.0269373 0.0210012 0.0157246 0.0112276 0.00758273 0.00480155
 0.0103871 0.0161086 0.0228424 0.0301363 0.0376494 0.0451713 0.0524665 0.0591456 0.0647025 0.0686551 0.0706616 0.0705776 0.0684748 0.0646217 0.0594158 0.0532936 0.0466577 0.039844 0.0331213 0.0267073 0.0207854 0.0155144 0.0110233 0.00739431 0.00464234
 0.0103638 0.0160736 0.0227951 0.0300782 0.0375837 0.0451036 0.0524056 0.0591049 0.0647008 0.0687121 0.0707901 0.0707733 0.0687114 0.064856 0.0596031 0.0534043 0.0466863 0.039806 0.033041 0.0266053 0.0206733 0.0153971 0.010905 0.00728187 0.0045446
 0.0101786 0.0158026 0.0224431 0.0296692 0.0371544 0.0446921 0.0520433 0.0588152 0.064502 0.0686207 0.0708205 0.0709337 0.0689971 0.0652437 0.0600509 0.053859 0.0470982 0.0401414 0.0332875 0.0267678 0.020766 0.0154362 0.0109058 0.00725914 0.00451173
 0.0100727 0.0156387 0.0222123 0.0293701 0.0367952 0.0442916 0.051632 0.0584322 0.064188 0.0684087 0.0707293 0.0709685 0.0691525 0.0655069 0.0604002 0.0542632 0.0475176 0.0405349 0.0336222 0.0270256 0.0209445 0.0155451 0.0109609 0.00727768 0.00450947
 0.010057 0.0156091 0.0221603 0.0292846 0.0366642 0.0441065 0.0513916 0.058147 0.0638811 0.0681136 0.0704839 0.0708062 0.0690953 0.065561 0.0605572 0.0545027 0.0478108 0.0408481 0.0339215 0.0272831 0.0211438 0.0156825 0.0110438 0.00731967 0.00452522
 0.00999134 0.0155075 0.0220166 0.029096 0.0364309 0.0438314 0.051081 0.0578125 0.063541 0.0677927 0.0702122 0.0706152 0.0690122 0.0656023 0.0607239 0.0547791 0.0481673 0.0412466 0.0343217 0.0276491 0.0214494 0.0159153 0.0112046 0.00741959 0.00458043
 0.00982559 0.0152628 0.0216941 0.0287121 0.036012 0.0434042 0.050667 0.0574273 0.0631978 0.0675062 0.0699994 0.0704943 0.0689995 0.0657086 0.0609511 0.055117 0.0485928 0.0417254 0.0348131 0.0281126 0.0218519 0.0162364 0.0114391 0.00757552 0.00467433
 0.00968259 0.015044 0.0213909 0.028327 0.0355584 0.0429065 0.0501589 0.0569489 0.0627886 0.0671968 0.0698059 0.0704195 0.0690387 0.065855 0.0611976 0.0554549 0.0490074 0.0421938 0.0353037 0.0285892 0.0222802 0.0165908 0.011708 0.00776163 0.00479122
 0.00955152 0.0148427 0.0211098 0.0279644 0.0351203 0.0424051 0.0496143 0.0563916 0.06226 0.0667447 0.0694763 0.0702458 0.0690344 0.0660129 0.0614949 0.0558613 0.0494918 0.042725 0.0358499 0.0291173 0.0227579 0.0169924 0.0120193 0.00798258 0.00493391
 0.00935324 0.0145519 0.0207301 0.0275181 0.0346401 0.0419214 0.0491464 0.0559486 0.0618487 0.0663783 0.0691785 0.0700482 0.068968 0.0660978 0.0617332 0.0562362 0.0499715 0.0432703 0.03642 0.0296729 0.0232644 0.0174227 0.0123576 0.00822685 0.00509479
 0.00930855 0.0144682 0.0205848 0.0272861 0.0343027 0.0414792 0.0486277 0.0554057 0.0613418 0.0659556 0.0688649 0.0698491 0.0688812 0.0661234 0.0618747 0.0564939 0.0503358 0.0437183 0.0369172 0.0301795 0.0237413 0.0178379 0.0126909 0.00847221 0.00525942
