SBPRF35
7.78865
Curr Bio
475719
B35
697734
F35
0.209468
FOFL
0.133703
OFL
49278.2
Bzero
2.22533e+06
#pred survey bio
 4.49004e+06 4.27191e+06 4.04811e+06 3.77526e+06 3.4658e+06 3.15123e+06 2.82953e+06 2.53741e+06 2.25362e+06 1.98428e+06 1.75374e+06 1.54972e+06 1.37441e+06 1.19559e+06 1.06454e+06 942581 866324 812205 748439 705944 682542 668025 663551 652595 649227 643391 646055 632027 629791 631226 628144 639376 639712 630324 616072 596565 586821 573076 573336 580872 594028 594926 596267 610075 612744 625122 625027 632928 641163 641085 644267 570024 515580 461516 438735 446860 474257 480540 1.6185e+07 9.61082e+06 9.86486e+06 1.07126e+07 1.18728e+07 1.30766e+07 1.41631e+07 1.50645e+07 1.57725e+07 1.63085e+07 1.67046e+07 1.69926e+07 1.72001e+07 1.73489e+07 1.74556e+07 1.75321e+07 1.75873e+07 1.76273e+07 1.76564e+07 1.76778e+07 1.76936e+07 1.77053e+07 1.77141e+07 1.77207e+07 1.77257e+07 1.77294e+07 1.77323e+07 1.77345e+07 1.77361e+07 1.77374e+07 1.77384e+07 1.77391e+07 1.77397e+07 1.77401e+07 1.77405e+07 1.77408e+07 1.7741e+07 1.77411e+07 1.77412e+07 1.77413e+07 1.77414e+07 1.77415e+07 1.77415e+07 1.77415e+07 1.77416e+07 1.77416e+07 1.77416e+07 1.77416e+07 1.77416e+07 1.77416e+07 1.77416e+07 1.77416e+07 1.77416e+07 1.77416e+07 1.77417e+07 1.77417e+07 1.77417e+07 1.77417e+07 1.77417e+07 1.77417e+07 1.77417e+07 1.77417e+07 1.77417e+07 1.77417e+07 1.77417e+07 1.77417e+07 1.77417e+07 1.77417e+07 1.77417e+07 1.77417e+07 1.77417e+07 1.77417e+07 1.77417e+07 1.77417e+07 1.77417e+07 1.77417e+07 1.77417e+07 1.77417e+07 1.77417e+07 1.77417e+07 1.77417e+07 1.77417e+07 1.77417e+07 1.77417e+07 1.77417e+07 1.77417e+07 1.77417e+07 1.77417e+07 1.77417e+07 1.77417e+07 1.77417e+07 1.77417e+07 1.77417e+07 1.77417e+07 1.77417e+07 1.77417e+07 1.77417e+07 1.77417e+07 1.77417e+07 1.77417e+07 0 0 0 0 0 0 0 0 0 0 0 0 0 0 0 0 0 0 0 0 0 0 0 0 0
#obs survey bio
 3.16068e+06 2.53478e+06 2.83182e+06 2.66437e+06 3.85922e+06 2.52388e+06 1.93258e+06 2.33821e+06 1.34686e+06 2.01747e+06 1.27858e+06 1.20876e+06 1.25118e+06 1.01906e+06 831419 893287 923392 797454 573364 589356 494691 443013 825212 541761 559097 742141 792576 519729 642457 550951 474478 722748 504576 606636 537052 528942 772201 695853 584309 786396 511438 479405 476588 474209 584468 514764 450046 651149 489609 1.06143e+06 872921 628313 639551 464212 368612 485608 366409 399837
#pred catch bio
 92638.6 94195.6 146545 198293 228608 264979 268835 289919 302054 287759 279769 265739 275612 237860 231371 190954 169713 174129 152253 133603 124420 114380 117384 108444 108309 99831.6 113059 102338 98750.2 101488 88208 95539.2 100409 99854.5 99205.6 88651.6 93541.6 84598.2 81243.7 78722.1 90682.4 91956.1 84203.8 96040.5 89320.1 100368 93754.9 93510 99096.2 93749.2 154179 132510 129721 101928 75658.7 58960.2 73726.4 88321.8 49278.2 73521.8 74077.4 79205.3 87453 96259.5 104150 110565 115462 119038 121565 123308 124488 125274 125793 126131 126351 126493 126583 126641 126678 126702 126717 126726 126732 126736 126738 126740 126741 126741 126742 126742 126742 126742 126742 126742 126742 126742 126742 126742 126742 126742 126742 126742 126742 126742 126742 126742 126742 126742 126742 126742 126742 126742 126742 126742 126742 126742 126742 126742 126742 126742 126742 126742 126742 126742 126742 126742 126742 126742 126742 126742 126742 126742 126742 126742 126742 126742 126742 126742 126742 126742 126742 126742 126742 126742 126742 126742 126742 126742 126742 126742 126742 126742 126742 126742 126742 126742 126742 126742 0 0 0 0 0 0 0 0 0 0 0 0 0 0 0 0 0 0 0 0 0 0 0 0 0
#obs catch bio
 0 94031.4 147302 200151 230939 269286 274154 296766 311663 296678 289533 274663 286590 246297 241439 198771 174148 178856 156023 137156 127433 117406 119596 110285 110186 100444 114775 104068 100294 103397 89464.1 96673.8 101839 101079 100363 89175.3 94221 84528.4 81098.2 78497.9 90698.6 92139 84558.5 97102.3 90052.5 101336 94484.7 94159.3 100306 93368.2 154288 131474 128920 101920 75912.4 58787.3 73779.3 88467.3
#pred cpue bio
 4.42288e+06 4.20974e+06 3.98965e+06 3.71816e+06 3.40977e+06 3.09636e+06 2.77588e+06 2.48488e+06 2.20253e+06 1.93494e+06 1.70615e+06 1.50395e+06 1.33038e+06 1.15393e+06 1.02457e+06 904634 830137 777725 715854 674540 651903 637941 633960 623870 621023 615704 618403 604633 602425 604038 601351 612730 613650 605154 592133 573887 564081 549528 548941 556081 568910 569627 570476 583388 585707 597780 597823 605581 613802 614267 618077 545953 492323 439071 416659 425059 452849 460216 1.55294e+07 9.22982e+06 9.35108e+06 1.0052e+07 1.11614e+07 1.23534e+07 1.34375e+07 1.43384e+07 1.50464e+07 1.55824e+07 1.59785e+07 1.62665e+07 1.6474e+07 1.66228e+07 1.67294e+07 1.6806e+07 1.68612e+07 1.69012e+07 1.69303e+07 1.69517e+07 1.69675e+07 1.69792e+07 1.6988e+07 1.69946e+07 1.69995e+07 1.70033e+07 1.70062e+07 1.70083e+07 1.701e+07 1.70113e+07 1.70122e+07 1.7013e+07 1.70136e+07 1.7014e+07 1.70144e+07 1.70146e+07 1.70148e+07 1.7015e+07 1.70151e+07 1.70152e+07 1.70153e+07 1.70153e+07 1.70154e+07 1.70154e+07 1.70154e+07 1.70155e+07 1.70155e+07 1.70155e+07 1.70155e+07 1.70155e+07 1.70155e+07 1.70155e+07 1.70155e+07 1.70155e+07 1.70155e+07 1.70155e+07 1.70155e+07 1.70155e+07 1.70155e+07 1.70155e+07 1.70155e+07 1.70155e+07 1.70155e+07 1.70155e+07 1.70155e+07 1.70155e+07 1.70155e+07 1.70155e+07 1.70155e+07 1.70155e+07 1.70155e+07 1.70155e+07 1.70155e+07 1.70155e+07 1.70155e+07 1.70155e+07 1.70155e+07 1.70155e+07 1.70155e+07 1.70155e+07 1.70155e+07 1.70155e+07 1.70155e+07 1.70155e+07 1.70155e+07 1.70155e+07 1.70155e+07 1.70155e+07 1.70155e+07 1.70155e+07 1.70155e+07 1.70155e+07 1.70155e+07 1.70155e+07 1.70155e+07 1.70155e+07 1.70155e+07 1.70155e+07 1.70155e+07 1.70155e+07 0 0 0 0 0 0 0 0 0 0 0 0 0 0 0 0 0 0 0 0 0 0 0 0 0
#obs cpue bio
 4.21135e+06 3.65148e+06 2.79538e+06 2.73185e+06 2.67545e+06 2.2714e+06 2.04654e+06 2.21498e+06 1.74431e+06 1.49276e+06 1.38664e+06 1.43591e+06 962847 835062 639329 438044 1.03037e+06 662003 608323 409320 686716 459895 757196 537129 595335 832354 298942 388995 485248 495991 579359 704416 567432 598948 650133 721718 449417 733934 610335 412711 608656 584838 431842 526718 495788 772287 693996 562193 525912 883941 588514 619513 447569 325931 362724 477296 599574 590385
#pred surv len freq
 0.0050526 0.00821721 0.0123922 0.0175638 0.0236071 0.0302015 0.0368037 0.0427815 0.0476526 0.0512471 0.0536828 0.0552235 0.056143 0.0566494 0.0568507 0.0567451 0.0562372 0.0551733 0.0533755 0.0506576 0.0468368 0.0417851 0.0355432 0.0284445 0.021133
 0.00534022 0.00855984 0.0126828 0.0176408 0.0233169 0.0294863 0.0357596 0.0416367 0.0466662 0.0505862 0.0533542 0.0550941 0.0560287 0.0564167 0.0564836 0.0563535 0.0560082 0.0552867 0.0539183 0.051577 0.0479578 0.042884 0.0364379 0.0290521 0.0214715
 0.00567192 0.00909588 0.0134738 0.0187063 0.0246118 0.0308694 0.036992 0.0424417 0.0468422 0.0501095 0.0523936 0.0539166 0.0548599 0.0553539 0.0555101 0.0554255 0.0551382 0.0545644 0.0534611 0.0514516 0.0481298 0.0432293 0.0368042 0.029328 0.0216193
 0.00592004 0.00950744 0.0141093 0.0196287 0.0258736 0.0324871 0.0389113 0.0445089 0.0488054 0.0516643 0.0532721 0.0539833 0.0541606 0.0540818 0.0539095 0.0537001 0.0534211 0.0529458 0.052025 0.0502765 0.0472571 0.042638 0.0364215 0.0290687 0.0214229
 0.00621223 0.00996834 0.0147782 0.020537 0.0270454 0.0339363 0.0406332 0.0464651 0.0509069 0.0537586 0.0551424 0.0553764 0.0548484 0.0539361 0.0529512 0.0520877 0.0513883 0.0507313 0.0498302 0.0482549 0.0455132 0.0412237 0.0353366 0.0282742 0.020864
 0.00653759 0.010484 0.0155294 0.0215567 0.0283488 0.0355138 0.042443 0.0484339 0.0529415 0.0557596 0.0570065 0.0569821 0.0560426 0.0545461 0.0528289 0.0511696 0.0497336 0.0485153 0.047297 0.045659 0.0430731 0.0390958 0.0336065 0.0269611 0.0199345
 0.00685793 0.0110003 0.016298 0.0226262 0.0297506 0.0372469 0.044459 0.0506332 0.0551889 0.0579133 0.0589427 0.0586032 0.0572665 0.055287 0.0529876 0.0506485 0.0484773 0.0465561 0.044777 0.0428115 0.0401729 0.0363999 0.031306 0.0251559 0.0186337
 0.00716571 0.0114905 0.0170173 0.0236134 0.0310316 0.038827 0.0463111 0.0526903 0.0573469 0.0600449 0.0609156 0.0602961 0.0585788 0.0561385 0.0533096 0.050375 0.0475507 0.044954 0.0425509 0.0401128 0.0372431 0.0335225 0.0287392 0.0230742 0.0171002
 0.00746229 0.0119702 0.0177345 0.0246164 0.0323528 0.0404686 0.0482306 0.0547973 0.0595177 0.0621468 0.0628275 0.0619166 0.0598251 0.0569424 0.0536136 0.0501284 0.0467099 0.0434935 0.04049 0.0375479 0.0343643 0.0305927 0.0260358 0.0208167 0.0153983
 0.00776761 0.0124595 0.018458 0.0256169 0.0336591 0.042084 0.0501196 0.0568786 0.0616716 0.0642352 0.0647159 0.0634914 0.061001 0.057662 0.0538396 0.0498338 0.0458712 0.0420955 0.0385447 0.0351245 0.0316132 0.0277423 0.0233501 0.0185264 0.0136384
 0.00808449 0.0129589 0.0191805 0.0265906 0.0348965 0.0435766 0.0518305 0.0587383 0.0635838 0.0660901 0.0664049 0.0649163 0.0620799 0.0583318 0.054057 0.0495713 0.0451123 0.0408336 0.0367937 0.0329407 0.0291188 0.0251306 0.020856 0.0163677 0.0119551
 0.0083864 0.0134427 0.0198951 0.0275749 0.0361707 0.0451289 0.053605 0.0606345 0.0654737 0.0678458 0.0679214 0.0661197 0.0629226 0.0587841 0.0540993 0.0491905 0.0443 0.0395886 0.0351314 0.0309106 0.026824 0.0227346 0.0185618 0.0143698 0.0103842
 0.00862548 0.0138316 0.0204808 0.028401 0.0372686 0.0465043 0.0552225 0.0624115 0.06729 0.0695658 0.0694186 0.0672948 0.0637127 0.0591615 0.0540625 0.0487519 0.0434752 0.0383934 0.0335892 0.0290677 0.0247684 0.020603 0.0165248 0.012593 0.00898169
 0.00902177 0.0144483 0.0213573 0.0295559 0.0386969 0.0481746 0.0570715 0.064341 0.0691744 0.0712707 0.0708211 0.0682999 0.0642621 0.0592362 0.053679 0.0479512 0.0423091 0.0369142 0.0318476 0.0271231 0.0227038 0.0185348 0.0145931 0.0109317 0.00768053
 0.00921808 0.0147783 0.0218731 0.0303099 0.0397281 0.0494877 0.0586189 0.0660217 0.0708551 0.072817 0.0721227 0.0692789 0.0648691 0.0594452 0.0534852 0.0473704 0.0413757 0.0356763 0.0303629 0.0254598 0.0209461 0.0167868 0.0129717 0.00954428 0.00659708
 0.00928709 0.0149169 0.0221312 0.0307517 0.0404182 0.0504682 0.0598859 0.0675139 0.0724599 0.074392 0.0735225 0.0703801 0.0655882 0.0597446 0.0533676 0.0468665 0.0405325 0.0345495 0.0290153 0.0239631 0.0193839 0.0152548 0.0115695 0.00835797 0.00567876
 0.00934269 0.0149838 0.0221913 0.0307815 0.0404055 0.0504336 0.0598943 0.0676623 0.0728411 0.0750511 0.0744299 0.0714348 0.0666474 0.0606631 0.0540297 0.0472032 0.0405219 0.0342088 0.0283899 0.0231192 0.0184037 0.0142313 0.0105967 0.00751578 0.00501743
 0.00942431 0.0151029 0.022344 0.0309523 0.0405681 0.0505559 0.059948 0.0676376 0.072762 0.0749808 0.0744558 0.0716334 0.0670455 0.0612179 0.0546404 0.0477452 0.0408857 0.0343259 0.0282419 0.022733 0.0178405 0.013573 0.00993061 0.00691774 0.0045374
 0.00963238 0.0154263 0.0228018 0.0315482 0.0412859 0.0513535 0.0607545 0.0683583 0.0732984 0.0752613 0.0744628 0.0714123 0.0666894 0.0608317 0.0543006 0.0474742 0.0406527 0.0340708 0.0279084 0.0222935 0.0173059 0.0129868 0.00935306 0.00640631 0.00413065
 0.00971758 0.0155626 0.0230026 0.0318248 0.0416446 0.0517926 0.0612583 0.0688939 0.0738159 0.0757005 0.0747656 0.0715388 0.0666322 0.0606219 0.0539979 0.0471432 0.0403368 0.0337785 0.0276185 0.0219762 0.0169451 0.0125921 0.00895584 0.00604592 0.00383809
 0.00978698 0.0156562 0.0231089 0.0319231 0.0417139 0.0518236 0.0612625 0.0689012 0.0738623 0.0758106 0.0749398 0.071751 0.0668394 0.0607806 0.0540809 0.0471478 0.0402796 0.0336809 0.0274931 0.0218228 0.016759 0.0123757 0.00872477 0.00582479 0.00365051
 0.00966834 0.0154946 0.0229223 0.0317452 0.0415815 0.051759 0.061262 0.0689402 0.0739132 0.0758626 0.0750046 0.0718523 0.0669929 0.0609804 0.0542998 0.0473502 0.0404369 0.0337793 0.0275321 0.0218081 0.0166981 0.0122778 0.0086036 0.00569841 0.00353673
 0.00952807 0.0152673 0.022584 0.031281 0.040996 0.0510887 0.0605805 0.0683463 0.073501 0.0756884 0.0750723 0.0721232 0.0674111 0.0614923 0.0548598 0.0479167 0.0409701 0.0342447 0.027906 0.0220812 0.0168738 0.0123694 0.0086309 0.00568425 0.00350303
 0.0095584 0.0152983 0.0225964 0.0312438 0.0408732 0.050851 0.0602192 0.0678822 0.0729867 0.0751996 0.0746895 0.071909 0.0673921 0.0616554 0.0551629 0.0483057 0.041392 0.0346541 0.0282677 0.0223721 0.017084 0.012502 0.00869901 0.00570663 0.00349905
 0.00950118 0.0152143 0.0224858 0.0311101 0.0407192 0.0506732 0.0600059 0.0676184 0.0726651 0.0748328 0.0743156 0.0715868 0.0671845 0.0616088 0.0552918 0.0485891 0.0417823 0.0350924 0.0286985 0.0227524 0.0173881 0.0127216 0.00884043 0.00578584 0.00353575
 0.00965429 0.0154212 0.0227202 0.0313228 0.0408533 0.0506873 0.0598907 0.0673965 0.0723743 0.074507 0.0739765 0.0712495 0.0668696 0.0613484 0.0551231 0.0485403 0.0418589 0.0352737 0.0289441 0.0230156 0.017629 0.0129148 0.0089771 0.00587077 0.00358135
 0.00968306 0.0154759 0.0228148 0.0314696 0.0410526 0.0509161 0.0600985 0.0675175 0.0723537 0.0743273 0.0736666 0.0708695 0.066485 0.0610105 0.0548646 0.0483795 0.0418036 0.0353196 0.0290721 0.023194 0.017821 0.0130887 0.00911368 0.00596467 0.0036379
 0.00969898 0.0155196 0.0229135 0.0316587 0.0413661 0.0513697 0.0606738 0.0681545 0.0729591 0.0747958 0.0739093 0.070841 0.0661963 0.0605235 0.0542702 0.0477705 0.0412544 0.0348771 0.0287547 0.0229956 0.0177181 0.01305 0.00910942 0.00597311 0.00364711
 0.0096027 0.0153706 0.0227052 0.0313949 0.041066 0.0510722 0.0604364 0.0680425 0.0730231 0.0750465 0.0743048 0.0712956 0.0666103 0.0608174 0.0544089 0.0477676 0.0411579 0.0347458 0.0286378 0.0229211 0.0176914 0.0130604 0.00913936 0.00600671 0.00367463
 0.00950432 0.0152148 0.0224788 0.0310899 0.0406822 0.0506226 0.0599528 0.0675776 0.0726449 0.0748245 0.0742894 0.0714993 0.0669982 0.0613142 0.054922 0.0482175 0.0415006 0.0349784 0.0287862 0.0230204 0.0177696 0.013131 0.00920403 0.00606129 0.00371553
 0.00939754 0.0150562 0.0222675 0.0308339 0.040395 0.0503175 0.0596405 0.0672682 0.0723531 0.0745744 0.0741151 0.0714384 0.0670789 0.0615408 0.0552671 0.0486265 0.0419095 0.0353352 0.0290652 0.0232225 0.0179118 0.0132329 0.00927944 0.00611735 0.00375535
 0.00918752 0.0147265 0.0217948 0.0302082 0.039626 0.0494414 0.0587241 0.0664028 0.0716357 0.0740822 0.0738893 0.0714835 0.067373 0.0620478 0.0559403 0.0494084 0.0427329 0.0361308 0.029775 0.0238109 0.0183688 0.0135685 0.00951413 0.00627369 0.00385388
 0.0089977 0.0144405 0.0214059 0.0297239 0.039064 0.0488239 0.0580758 0.0657543 0.0710277 0.0735656 0.0735179 0.0713022 0.0674069 0.0622964 0.0563799 0.0499972 0.043417 0.0368497 0.0304684 0.0244284 0.0188779 0.0139585 0.00979232 0.00645893 0.00396894
 0.00871819 0.0140274 0.0208613 0.0290775 0.0383658 0.0481303 0.0574378 0.0652112 0.0706046 0.0732732 0.073356 0.0712676 0.0674999 0.0625218 0.0567408 0.0504859 0.0440092 0.0375048 0.0311354 0.0250553 0.0194221 0.0143945 0.0101146 0.00667846 0.00410662
 0.00866883 0.0139165 0.0206401 0.0286881 0.0377627 0.0473115 0.0564666 0.06421 0.0697177 0.072618 0.0729896 0.0711845 0.0676548 0.0628585 0.0572119 0.0510579 0.0446563 0.0381988 0.0318403 0.0257285 0.0200218 0.0148895 0.0104913 0.00694166 0.00427483
 0.00938744 0.0149274 0.0218681 0.029959 0.0388451 0.0479896 0.0566053 0.0637858 0.0688129 0.0713923 0.0716407 0.0699024 0.0665813 0.0620651 0.0567053 0.0508041 0.0446065 0.0383048 0.0320568 0.0260108 0.0203257 0.0151754 0.0107307 0.00712131 0.00439593
 0.00989883 0.0157498 0.0230802 0.0316033 0.040891 0.0502904 0.058879 0.0656555 0.069916 0.0715116 0.0707841 0.0682863 0.0645378 0.0599295 0.0547344 0.049146 0.043312 0.0373592 0.0314119 0.0256067 0.020101 0.015073 0.0107015 0.00712758 0.00441347
 0.00993457 0.0158729 0.0233861 0.032222 0.0419545 0.0518779 0.0609589 0.0680544 0.072331 0.0735686 0.0721287 0.0686833 0.0639424 0.0584981 0.0527648 0.0469775 0.0412328 0.0355559 0.0299671 0.0245243 0.019339 0.0145692 0.0103898 0.00694829 0.0043181
 0.00977233 0.0156276 0.0230562 0.0318323 0.0415673 0.0516002 0.0609366 0.0684394 0.0732209 0.0749414 0.0738096 0.0703739 0.0653075 0.0592751 0.052847 0.0464349 0.0402662 0.0344133 0.0288631 0.0235953 0.0186386 0.0140892 0.0100889 0.00677562 0.00422762
 0.00970602 0.0155069 0.0228519 0.0315124 0.0411096 0.0510118 0.0602733 0.0678126 0.0727833 0.0748498 0.0741724 0.0711991 0.0664761 0.0605602 0.0539818 0.0472042 0.0405762 0.0343076 0.0284818 0.0231054 0.0181743 0.0137243 0.00984126 0.00662797 0.0041498
 0.00974132 0.0155449 0.0228722 0.031482 0.0409881 0.0507635 0.0598805 0.0672883 0.0721796 0.0742597 0.0737191 0.0710091 0.0666363 0.0610753 0.0547559 0.0480632 0.0413288 0.0348153 0.0287022 0.0230877 0.018018 0.0135282 0.00967105 0.00650934 0.00408035
 0.00992676 0.0158286 0.0232645 0.0319757 0.0415549 0.0513513 0.0604139 0.0676773 0.0723411 0.0741464 0.0733431 0.0704477 0.0660148 0.0605299 0.0543882 0.0479036 0.041329 0.0348759 0.0287235 0.0230142 0.0178531 0.0133164 0.00946516 0.00634538 0.00396953
 0.0100604 0.0160428 0.0235803 0.0324084 0.0421086 0.0520102 0.0611345 0.0683867 0.0729463 0.0745536 0.0734816 0.0702895 0.0655874 0.0599141 0.0536987 0.0472546 0.0407978 0.0344825 0.0284369 0.0227826 0.0176363 0.0131031 0.00926788 0.00618291 0.00385245
 0.00991924 0.0158482 0.0233527 0.0321906 0.041956 0.0519746 0.0612484 0.0686545 0.0733436 0.07503 0.0739673 0.0707074 0.0658698 0.0600227 0.053637 0.0470672 0.0405523 0.034242 0.0282379 0.0226294 0.0175133 0.0129938 0.00916636 0.00609354 0.00378219
 0.00980651 0.0156834 0.0231401 0.0319493 0.0417191 0.0517847 0.0611514 0.0686907 0.0735358 0.0753724 0.0744202 0.0712036 0.0663306 0.060377 0.0538389 0.0471062 0.0404535 0.0340549 0.0280173 0.0224175 0.0173316 0.0128464 0.00904949 0.00600333 0.00371622
 0.0097067 0.0155158 0.0228798 0.0315739 0.0412193 0.0511781 0.0604929 0.0680702 0.0730583 0.0751279 0.0744571 0.071516 0.0668616 0.0610348 0.0545202 0.0477203 0.0409414 0.0343968 0.0282273 0.0225287 0.0173795 0.0128588 0.0090439 0.00598978 0.00370082
 0.00971927 0.0155366 0.0229103 0.0316121 0.041256 0.0511935 0.0604581 0.0679571 0.0728557 0.074856 0.0741695 0.0712837 0.0667464 0.0610655 0.0546826 0.0479654 0.0412054 0.034624 0.0283856 0.022613 0.0174048 0.0128475 0.0090164 0.00595983 0.00367548
 0.00959399 0.0153521 0.0226686 0.0313284 0.040955 0.0509028 0.0602017 0.06775 0.0727019 0.0747499 0.0741022 0.0712533 0.0667648 0.061155 0.0548622 0.0482352 0.0415397 0.0349781 0.0287117 0.0228767 0.0175928 0.0129656 0.00908135 0.0059903 0.00368681
 0.00930474 0.0149258 0.0221093 0.0306702 0.0402547 0.0502259 0.0596106 0.0672966 0.0724224 0.0746586 0.0741884 0.0714852 0.0671009 0.0615581 0.0553077 0.0487102 0.0420333 0.0354722 0.0291788 0.0232864 0.0179223 0.0132072 0.00924235 0.00608774 0.0037403
 0.00914691 0.014668 0.021721 0.0301283 0.0395548 0.0493976 0.0587261 0.0664643 0.0717584 0.0742516 0.0740747 0.0716463 0.0674805 0.0620853 0.0559162 0.0493484 0.0426665 0.036077 0.029736 0.023777 0.0183295 0.0135215 0.00946558 0.00623264 0.00382586
 0.00913828 0.0146286 0.0216148 0.0299054 0.0391639 0.0488059 0.0579403 0.0655402 0.0707963 0.0733763 0.0734081 0.071279 0.0674504 0.0623716 0.0564519 0.0500441 0.0434341 0.0368449 0.0304532 0.0244096 0.0188569 0.0139344 0.00976656 0.00643495 0.00395029
 0.0098566 0.0157337 0.0231561 0.0318732 0.041477 0.0513027 0.060377 0.0676154 0.0722132 0.0739266 0.0730352 0.0700883 0.065667 0.0602708 0.0542918 0.0480204 0.0416647 0.0353789 0.0292912 0.023525 0.0182102 0.0134818 0.00946438 0.00624341 0.00383566
 0.0102079 0.0163177 0.0240565 0.0331692 0.0432177 0.0534696 0.0628491 0.0701622 0.0745306 0.0757035 0.0740256 0.0701647 0.0648448 0.058699 0.0522131 0.0457118 0.0393783 0.0333007 0.0275283 0.022115 0.0171411 0.0127125 0.00894034 0.00590719 0.00363378
 0.0103948 0.0166396 0.024575 0.0339549 0.0443371 0.0549611 0.0646959 0.0722727 0.0767374 0.0777809 0.0757228 0.071251 0.0651581 0.058187 0.0509499 0.0438813 0.0372291 0.031089 0.0254676 0.0203466 0.0157297 0.0116599 0.00820589 0.00542875 0.00334406
 0.0100343 0.0161196 0.0239179 0.0332319 0.043659 0.0544586 0.0644972 0.0724838 0.0774186 0.0789219 0.0772246 0.0729293 0.0667741 0.0594996 0.0517738 0.0441323 0.03694 0.0303901 0.0245408 0.0193724 0.0148464 0.0109453 0.00768202 0.00507792 0.00312884
 0.00951377 0.0152873 0.0226975 0.0315781 0.0415867 0.0520783 0.0620388 0.0702791 0.0758293 0.0782373 0.0775784 0.074268 0.0688796 0.062046 0.054399 0.0465119 0.0388475 0.0317297 0.0253416 0.0197499 0.0149488 0.010907 0.00759726 0.0049977 0.00307144
 0.00904445 0.0145257 0.0215549 0.029977 0.0394815 0.0494882 0.0590846 0.0672008 0.0729663 0.0759707 0.0762512 0.0741054 0.0699301 0.0641613 0.0572646 0.0497207 0.0419941 0.0344945 0.0275416 0.0213448 0.0160074 0.0115547 0.00796616 0.00519588 0.00317325
 0.0086289 0.0139054 0.0207213 0.0289501 0.0382931 0.0481591 0.0576156 0.0655884 0.0712381 0.0742218 0.0746593 0.0729099 0.0693755 0.0644208 0.0583739 0.0515508 0.0442784 0.0369025 0.0297689 0.023184 0.0173764 0.0124793 0.00853635 0.00551916 0.00334305
#obs surv len freq
 nan nan nan nan nan nan nan nan nan nan nan nan nan nan nan nan nan nan nan nan nan nan nan nan nan
 0.00448338 0.00734429 0.0111741 0.0159907 0.0216922 0.0279688 0.034284 0.0400161 0.044696 0.0481597 0.0505171 0.0520122 0.0529036 0.0534153 0.053729 0.0539835 0.0542617 0.0545542 0.0546928 0.0542847 0.0527227 0.0493549 0.0438048 0.0362851 0.027669
 0.0046107 0.00755416 0.0114949 0.0164497 0.0223087 0.0287439 0.0351904 0.0409951 0.0456662 0.0490328 0.0512148 0.0524783 0.0531093 0.0533591 0.0534329 0.0534849 0.0536047 0.0537818 0.0538444 0.0533976 0.051836 0.048512 0.0430506 0.0356576 0.0271894
 0.00478205 0.00783139 0.0119099 0.0170315 0.023079 0.0297084 0.0363289 0.0422564 0.0469711 0.0502852 0.0523153 0.0533364 0.0536541 0.0535481 0.0532557 0.0529621 0.0527805 0.0527158 0.052603 0.0520514 0.0504605 0.0471877 0.0418574 0.0346614 0.0264266
 0.00497565 0.00815004 0.0123965 0.0177279 0.024017 0.0308962 0.0377379 0.0438178 0.0485862 0.0518448 0.0537155 0.0544857 0.0544747 0.053978 0.0532537 0.052514 0.0519035 0.0514576 0.0510386 0.0502782 0.0485945 0.0453573 0.0401895 0.0332597 0.0253494
 0.00518202 0.00848841 0.0129113 0.0184633 0.0250088 0.0321596 0.0392533 0.0455241 0.0503872 0.0536253 0.0553585 0.0558843 0.0555387 0.0546348 0.053449 0.0522129 0.0510957 0.050164 0.0493188 0.0482343 0.0463692 0.043122 0.0381202 0.0315031 0.023991
 0.00540868 0.00885861 0.0134718 0.0192591 0.0260752 0.0335092 0.0408629 0.0473289 0.0522898 0.0555125 0.0571178 0.0574123 0.0567441 0.0554393 0.0537877 0.0520366 0.0503738 0.048894 0.0475381 0.0460338 0.0438993 0.0405823 0.0357281 0.0294477 0.0223884
 0.00564105 0.00924134 0.0140571 0.0200984 0.0272096 0.0349529 0.0425874 0.049258 0.0543113 0.0575008 0.0589544 0.0589963 0.0579929 0.0562848 0.0541722 0.0519102 0.0496973 0.0476475 0.045738 0.0437534 0.0412833 0.0378415 0.0331069 0.0271683 0.0205953
 0.00589169 0.00964884 0.0146707 0.0209648 0.0283647 0.0364096 0.0443205 0.0511981 0.0563523 0.0595182 0.0608247 0.0606106 0.0592628 0.0571425 0.0545664 0.0517995 0.0490469 0.046434 0.0439657 0.0414788 0.0386371 0.035031 0.0303856 0.0247769 0.0186979
 0.00612743 0.0100378 0.0152665 0.0218205 0.0295219 0.0378812 0.0460747 0.0531534 0.0583915 0.0615128 0.0626555 0.0621783 0.0604882 0.057964 0.0549363 0.05168 0.0484074 0.0452533 0.042245 0.0392646 0.0360459 0.0322575 0.0276777 0.022378 0.0167808
 0.00638991 0.0104638 0.0159066 0.0227216 0.0307189 0.0393835 0.0478509 0.0551253 0.0604428 0.0635098 0.0644698 0.0637016 0.0616398 0.0586896 0.0552023 0.0514648 0.0476948 0.0440324 0.0405209 0.0370805 0.0335079 0.0295456 0.0250258 0.0200212 0.0148898
 0.00661565 0.0108403 0.0164903 0.02357 0.0318777 0.0408667 0.0496221 0.0570934 0.0624778 0.0654709 0.0662295 0.0651583 0.0627189 0.0593414 0.0553975 0.0511894 0.0469435 0.0428066 0.038835 0.0349798 0.031091 0.0269765 0.0225182 0.0177917 0.013098
 0.00684838 0.0112202 0.0170653 0.0243867 0.032973 0.0422545 0.0512783 0.0589473 0.0644186 0.0673656 0.0679446 0.0665775 0.0637551 0.0599404 0.0555343 0.0508601 0.046156 0.0415762 0.0371882 0.032968 0.0288095 0.0245751 0.0201887 0.0157274 0.0114411
 0.00707148 0.0115849 0.0176177 0.0251701 0.0340193 0.0435701 0.0528301 0.0606598 0.066185 0.0690685 0.0694744 0.0678414 0.0646795 0.0604722 0.0556417 0.0505317 0.0453979 0.0404078 0.0356433 0.0311032 0.0267179 0.0223937 0.0180871 0.0138738 0.00995758
 0.00727725 0.011924 0.0181363 0.0259131 0.0350206 0.0448367 0.0543275 0.0623072 0.0678683 0.0706639 0.0708708 0.068953 0.0654488 0.0608658 0.0556453 0.0501447 0.0446298 0.0392787 0.0341874 0.0293768 0.024809 0.0204262 0.0162096 0.0122301 0.00864906
 0.00742749 0.012174 0.0185232 0.0264757 0.0357915 0.0458309 0.0555287 0.0636625 0.0692935 0.0720579 0.0721319 0.069992 0.0661971 0.0612799 0.0557054 0.0498498 0.0439924 0.0383208 0.032943 0.0278986 0.0231766 0.0187486 0.0146147 0.0108388 0.00754512
 0.0075347 0.0123457 0.0187775 0.0268295 0.0362597 0.0464241 0.056249 0.0644988 0.0702186 0.0730288 0.0730915 0.0708739 0.0669325 0.0618058 0.0559727 0.0498279 0.0436702 0.0377054 0.0320595 0.0267927 0.0219188 0.0174338 0.0133524 0.00973186 0.0066644
 0.00762479 0.0124878 0.0189833 0.027107 0.0366122 0.0468489 0.0567363 0.0650327 0.0707809 0.0736031 0.0736637 0.0714274 0.0674418 0.0622338 0.0562731 0.0499534 0.0435823 0.0373827 0.031503 0.0260297 0.0210042 0.0164472 0.012387 0.0088754 0.00597819
 0.00767247 0.012561 0.0190855 0.0272391 0.0367731 0.0470368 0.0569493 0.0652689 0.0710391 0.0738827 0.073965 0.0717499 0.0677798 0.0625719 0.0565826 0.0501937 0.0437064 0.0373481 0.0312836 0.0256252 0.0204453 0.0157931 0.0117141 0.00825916 0.00547426
 0.00772232 0.0126367 0.0191894 0.0273696 0.0369248 0.0472016 0.0571176 0.0654311 0.0711882 0.0740175 0.0740908 0.0718765 0.0679175 0.0627253 0.0567465 0.0503495 0.0438229 0.037387 0.0312096 0.0254186 0.0201121 0.0153676 0.0112514 0.00781973 0.005106
 0.00777671 0.0127177 0.0192975 0.0274999 0.0370685 0.0473478 0.0572551 0.0655501 0.0712816 0.0740828 0.0741316 0.071902 0.0679403 0.0627576 0.0567954 0.0504128 0.0438867 0.0374264 0.0311945 0.0253238 0.0199281 0.0151077 0.0109496 0.00751965 0.00484625
 0.00784041 0.0128167 0.0194374 0.0276817 0.0372871 0.0475903 0.0575008 0.0657724 0.071454 0.074187 0.0741625 0.0718681 0.06786 0.062653 0.0566873 0.0503158 0.0438057 0.0373546 0.0311154 0.0252173 0.0197799 0.0149176 0.0107335 0.00730397 0.00465744
 0.0078522 0.0128356 0.0194655 0.0277209 0.037339 0.0476558 0.0575793 0.0658605 0.0715456 0.0742734 0.074234 0.0719171 0.0678829 0.0626524 0.0566702 0.0502914 0.0437812 0.0373316 0.0310879 0.0251743 0.0197106 0.0148179 0.0106102 0.00717302 0.00453727
 0.00786497 0.0128507 0.0194779 0.0277231 0.0373236 0.0476198 0.0575269 0.0658037 0.0714996 0.0742516 0.0742433 0.0719561 0.0679434 0.0627228 0.0567399 0.0503535 0.0438329 0.0373719 0.0311152 0.0251842 0.0196978 0.0147797 0.0105502 0.00710112 0.00446616
 0.00788597 0.0128822 0.0195199 0.027773 0.0373756 0.0476653 0.0575555 0.065806 0.0714715 0.0741977 0.0741767 0.0718942 0.0679012 0.0627074 0.0567495 0.0503802 0.0438668 0.0374045 0.0311402 0.0251971 0.0196951 0.0147601 0.0105156 0.00705743 0.00442144
 0.00790535 0.0129101 0.0195552 0.0278123 0.0374141 0.0476977 0.0575773 0.0658137 0.0714624 0.0741701 0.074132 0.071838 0.0678432 0.0626593 0.0567208 0.0503747 0.0438816 0.037432 0.031171 0.0252227 0.0197096 0.0147608 0.0105033 0.00703612 0.00439674
 0.00790514 0.012909 0.019552 0.0278053 0.0374013 0.0476773 0.0575485 0.0657771 0.0714204 0.0741266 0.0740917 0.0718048 0.0678204 0.0626493 0.0567257 0.050396 0.0439187 0.0374815 0.0312262 0.0252755 0.0197527 0.0147897 0.0105172 0.00703757 0.00439042
 0.00789462 0.0128912 0.0195241 0.0277643 0.0373452 0.0476064 0.0574665 0.0656908 0.0713387 0.0740581 0.074043 0.0717797 0.0678198 0.0626719 0.0567685 0.0504552 0.0439903 0.0375609 0.0313079 0.0253532 0.01982 0.0148418 0.0105523 0.00705722 0.00439851
 0.00786888 0.0128473 0.0194545 0.0276614 0.0372037 0.047427 0.0572591 0.0654746 0.0711384 0.073898 0.0739409 0.0717446 0.0678508 0.0627607 0.0569019 0.0506179 0.0441677 0.0377403 0.0314789 0.0255072 0.0199506 0.0149449 0.0106272 0.00710647 0.00442734
 0.00787295 0.0128486 0.0194464 0.0276342 0.0371464 0.0473311 0.0571221 0.0653025 0.0709452 0.0737041 0.0737694 0.0716169 0.0677826 0.0627586 0.0569628 0.0507306 0.0443164 0.0379076 0.0316488 0.0256666 0.0200896 0.0150576 0.0107116 0.00716424 0.00446315
 0.00786523 0.0128362 0.0194279 0.0276074 0.0371084 0.0472775 0.0570476 0.0652027 0.0708194 0.0735578 0.0736152 0.0714735 0.0676703 0.0626946 0.0569571 0.050784 0.0444205 0.0380476 0.0318069 0.0258253 0.0202347 0.0151793 0.0108052 0.00723024 0.00450544
 0.00783367 0.0127837 0.019347 0.0274915 0.0369537 0.0470869 0.0568326 0.0649827 0.0706164 0.0733899 0.0734935 0.0714014 0.0676481 0.0627217 0.0570332 0.0509076 0.044586 0.0382445 0.0320199 0.0260369 0.0204284 0.0153429 0.0109325 0.007321 0.00456452
 0.00780636 0.0127385 0.0192773 0.0273908 0.0368166 0.0469118 0.0566242 0.0647533 0.0703854 0.0731803 0.0733269 0.071294 0.0676074 0.062747 0.0571179 0.0510422 0.0447605 0.0384476 0.0322385 0.026256 0.0206325 0.0155187 0.011072 0.00742242 0.00463171
 0.00776377 0.0126669 0.0191658 0.0272281 0.0365951 0.0466319 0.0562983 0.0644067 0.0700512 0.0728924 0.0731131 0.0711723 0.0675853 0.0628219 0.0572785 0.0512709 0.0450366 0.03875 0.0325473 0.0265529 0.0209013 0.0157467 0.0112516 0.00755295 0.00471852
 0.00772606 0.0126076 0.01908 0.0271121 0.0364459 0.0464477 0.0560801 0.0641599 0.0697881 0.0726321 0.0728797 0.0709913 0.0674781 0.0628016 0.0573477 0.051422 0.0452537 0.0390123 0.0328316 0.0268366 0.0211643 0.0159736 0.011433 0.00768651 0.00480846
 0.00933927 0.0148648 0.021802 0.0299072 0.0388242 0.0480025 0.056632 0.0637824 0.0687218 0.0711614 0.0712437 0.069354 0.0659389 0.0614177 0.0561505 0.0504253 0.0444568 0.0384026 0.0323876 0.0265312 0.0209681 0.0158577 0.0113716 0.00765847 0.00479836
 0.00931116 0.0151187 0.0227122 0.0319386 0.0423298 0.0529502 0.0624308 0.0693796 0.072978 0.0733 0.0711073 0.0673437 0.0627367 0.0576948 0.0524024 0.0469461 0.0413888 0.0357968 0.0302465 0.0248309 0.0196687 0.0149082 0.0107134 0.00722923 0.00453738
 0.00896307 0.0145686 0.0219362 0.0309832 0.0413679 0.0523198 0.0625963 0.0707669 0.075722 0.077056 0.0750922 0.0706346 0.0646572 0.0580496 0.0514477 0.0451737 0.0392931 0.0337393 0.0284314 0.0233417 0.0185154 0.0140622 0.0101272 0.00684803 0.00430645
 0.00878235 0.0142685 0.0214734 0.0303158 0.0404715 0.0512175 0.0613986 0.0697017 0.0751192 0.0772583 0.0763009 0.0727608 0.0672854 0.0605715 0.0533096 0.04609 0.0393041 0.0331119 0.0274964 0.0223691 0.0176671 0.0134033 0.00965967 0.00654199 0.00412147
 0.00869664 0.0141206 0.0212344 0.0299524 0.0399518 0.0505221 0.0605357 0.0687213 0.0741264 0.0764183 0.0758253 0.0728565 0.068065 0.0619663 0.0550484 0.0477841 0.0406027 0.0338356 0.0276719 0.0221639 0.0172847 0.0130031 0.00932954 0.00630842 0.00397494
 0.00867777 0.0140866 0.0211762 0.0298572 0.0398026 0.0502988 0.0602183 0.0682961 0.0735949 0.0758101 0.0752103 0.072349 0.0678069 0.0620824 0.055584 0.0486587 0.0416204 0.0347584 0.0283189 0.0224749 0.0173152 0.0128684 0.00914148 0.0061392 0.00385331
 0.00869604 0.0141113 0.0212039 0.0298806 0.0398113 0.0502805 0.0601597 0.0681831 0.0734139 0.0755515 0.0748759 0.0719631 0.0674254 0.0617899 0.0554731 0.0487907 0.0419869 0.0352711 0.0288416 0.0228831 0.0175467 0.0129343 0.00909957 0.00605477 0.0037719
 0.00868351 0.014097 0.0211932 0.0298813 0.0398302 0.0503189 0.0602093 0.0682268 0.0734295 0.075518 0.0747789 0.0717988 0.0672047 0.0615435 0.0552512 0.0486535 0.0419819 0.0354079 0.0290805 0.02315 0.0177678 0.0130681 0.00914627 0.00604303 0.0037361
 0.00865697 0.0140559 0.0211355 0.0298078 0.0397455 0.0502322 0.060134 0.0681768 0.0734136 0.075534 0.0748122 0.0718268 0.0672058 0.061507 0.0551838 0.0485805 0.0419393 0.0354268 0.0291706 0.0232924 0.0179232 0.013197 0.00922704 0.00607678 0.00373847
 0.00862917 0.0140118 0.0210715 0.0297216 0.0396373 0.0501059 0.0599986 0.0680469 0.0733066 0.0754663 0.0747931 0.0718545 0.0672676 0.0615825 0.0552539 0.0486355 0.0419835 0.0354752 0.0292391 0.0233862 0.0180323 0.0133016 0.00930897 0.00612794 0.00376237
 0.00863357 0.0140144 0.0210669 0.0297021 0.0395949 0.0500356 0.0599016 0.0679308 0.0731849 0.0753543 0.0747056 0.071803 0.0672568 0.0616095 0.0553086 0.048704 0.0420544 0.0355438 0.0293078 0.0234593 0.01811 0.0133778 0.00937423 0.00617534 0.00379079
 0.00863236 0.0140176 0.0210808 0.0297343 0.0396507 0.0501131 0.0599885 0.0680066 0.0732277 0.0753502 0.0746541 0.0717161 0.067154 0.0615107 0.0552279 0.0486477 0.0420215 0.03553 0.0293088 0.0234724 0.0181332 0.0134073 0.00940459 0.00620105 0.0038087
 0.00861328 0.013987 0.0210362 0.0296748 0.0395793 0.0500376 0.0599216 0.0679627 0.0732167 0.0753713 0.0746956 0.071761 0.0671885 0.0615297 0.0552353 0.0486523 0.0420313 0.035549 0.029337 0.0235072 0.0181713 0.0134452 0.00943884 0.00622881 0.00382853
 0.00862859 0.0140075 0.0210588 0.0296939 0.0395878 0.0500298 0.0598957 0.0679221 0.0731695 0.0753284 0.0746665 0.0717498 0.0671922 0.0615401 0.0552441 0.0486551 0.0420293 0.0355469 0.0293392 0.0235163 0.0181867 0.0134645 0.00945879 0.0062465 0.00384214
 0.00861756 0.0139933 0.021044 0.0296827 0.0395838 0.0500336 0.0599033 0.0679258 0.073162 0.0753068 0.0746345 0.0717162 0.067167 0.0615294 0.0552481 0.0486691 0.0420474 0.035565 0.0293564 0.0235333 0.0182046 0.0134831 0.00947672 0.0062621 0.00385419
 0.00861756 0.0139933 0.021044 0.0296827 0.0395838 0.0500336 0.0599033 0.0679258 0.073162 0.0753068 0.0746345 0.0717162 0.067167 0.0615294 0.0552481 0.0486691 0.0420474 0.035565 0.0293564 0.0235333 0.0182046 0.0134831 0.00947672 0.0062621 0.00385419
 0.00912659 0.0147953 0.0221997 0.0312213 0.0414857 0.05221 0.0621813 0.0700596 0.0748807 0.0763849 0.0749499 0.0712718 0.0660737 0.0599665 0.0534181 0.0467595 0.0402068 0.0338951 0.0279159 0.0223474 0.0172735 0.012789 0.0089887 0.0059409 0.00365786
 0.00933891 0.0151864 0.0228705 0.0322873 0.0430411 0.0542736 0.0646505 0.0727031 0.0773837 0.0784259 0.0762738 0.0717361 0.0656626 0.0587808 0.051645 0.0446306 0.0379536 0.0317139 0.0259489 0.0206788 0.0159369 0.0117787 0.00827077 0.00546418 0.00336417
 0.00944922 0.0153734 0.0231693 0.0327426 0.043707 0.0552061 0.0658897 0.0742474 0.0791625 0.0802852 0.0779907 0.073064 0.0663948 0.0588055 0.0509706 0.0433745 0.0363059 0.0298898 0.0241461 0.0190487 0.0145725 0.0107161 0.00750057 0.00494594 0.003042
 0.00932993 0.0151907 0.0229172 0.0324285 0.043357 0.0548706 0.0656464 0.0741956 0.0794019 0.0808828 0.0789447 0.0742831 0.067705 0.0599893 0.051826 0.0437729 0.036223 0.029401 0.0233913 0.0181865 0.0137396 0.0100046 0.0069526 0.00456236 0.00279737
 0.00895247 0.0145683 0.0219688 0.0310864 0.041597 0.0527533 0.0633485 0.0720024 0.077649 0.0798671 0.0788464 0.0751261 0.0693581 0.0621981 0.0542669 0.0461209 0.0382192 0.0308991 0.0243685 0.0187178 0.0139515 0.0100281 0.00689173 0.00448306 0.00273125
 0.00877704 0.0142348 0.0213787 0.0301208 0.0401488 0.0507782 0.060915 0.0693106 0.0750058 0.0776257 0.0773338 0.074575 0.0698574 0.063671 0.0564853 0.0487557 0.0409138 0.0333462 0.0263664 0.0201912 0.0149339 0.01062 0.00721357 0.00464065 0.00280061
 0.00899541 0.0145543 0.0217887 0.0305753 0.0405619 0.0510267 0.0608523 0.0687998 0.0739709 0.0761048 0.0755034 0.072723 0.0683115 0.0627064 0.0562497 0.0492339 0.0419427 0.0346724 0.0277247 0.0213749 0.0158334 0.0112213 0.00756737 0.0048231 0.00288214
#pred catch len freq
 0.00482685 0.0076274 0.011104 0.0151587 0.0197234 0.0247396 0.0300851 0.0355399 0.0408328 0.0457149 0.0500033 0.0535922 0.0564488 0.0585923 0.0600526 0.0608275 0.0608637 0.0600652 0.0583076 0.0554436 0.0513133 0.0458021 0.03897 0.0311906 0.0231745
 0.00512609 0.00800359 0.0114708 0.0153794 0.0196624 0.0243362 0.0294022 0.0347478 0.0401272 0.0452181 0.0497083 0.0533803 0.0561647 0.0581335 0.0594307 0.0601769 0.0603946 0.0599759 0.0586948 0.0562527 0.052357 0.046841 0.0398096 0.031744 0.0234623
 0.00548124 0.00855773 0.0122537 0.0163826 0.0208188 0.0255041 0.0303743 0.0353043 0.0401257 0.04467 0.0487802 0.0523062 0.0551256 0.0571892 0.0585447 0.0593041 0.0595599 0.0592879 0.0582881 0.0562025 0.0526252 0.0472899 0.0402708 0.0320939 0.0236594
 0.00577715 0.00902823 0.0129437 0.0173306 0.0220521 0.0270258 0.0321373 0.0371817 0.0419006 0.0460678 0.0495491 0.0523127 0.0544092 0.055933 0.0569818 0.0576283 0.0578974 0.0577283 0.0569198 0.0551094 0.0518494 0.0468036 0.0399888 0.0319193 0.023525
 0.00611993 0.00955537 0.0136832 0.0182949 0.0232452 0.0284512 0.0337967 0.0390592 0.0439365 0.0481318 0.0514305 0.0537471 0.0551461 0.0558225 0.0560319 0.0559962 0.055825 0.0554657 0.0546802 0.0530553 0.0500905 0.0453915 0.038918 0.0311432 0.0229822
 0.00651234 0.0101598 0.0145313 0.0193961 0.0245902 0.0300177 0.0355513 0.040957 0.0459208 0.0501331 0.0533564 0.0554656 0.0564775 0.05656 0.0559966 0.0551055 0.054135 0.0531633 0.0520297 0.0503329 0.0475325 0.0431655 0.0371136 0.0297779 0.0220183
 0.00689056 0.0107499 0.015374 0.0205152 0.0259921 0.0316905 0.037459 0.0430344 0.0480763 0.0522596 0.0553449 0.0572112 0.0578742 0.0574892 0.0563249 0.0547058 0.0529329 0.0511868 0.049431 0.0473663 0.0444975 0.0403406 0.034704 0.0278896 0.0206597
 0.0072832 0.0113559 0.0162276 0.021631 0.0273695 0.0333184 0.039314 0.0450722 0.0502243 0.0544169 0.057391 0.0590201 0.059328 0.0584845 0.0567685 0.0545093 0.0520209 0.049527 0.0470767 0.0444828 0.0413503 0.0372414 0.0319363 0.0256443 0.019006
 0.00767255 0.0119623 0.0170912 0.0227738 0.0287951 0.0350116 0.0412369 0.0471601 0.0523882 0.0565524 0.0593881 0.06077 0.0607276 0.0594401 0.0571982 0.0543423 0.0511983 0.0480143 0.0448918 0.0417312 0.0382418 0.0340662 0.0290005 0.0231903 0.0171551
 0.00805417 0.0125544 0.017931 0.0238804 0.0301719 0.0366482 0.0431046 0.0492041 0.0545233 0.0586682 0.061361 0.0624788 0.0620668 0.0603268 0.05757 0.0541511 0.0504052 0.0465942 0.0428541 0.0391507 0.0352847 0.0309853 0.0260882 0.0207019 0.015241
 0.00846301 0.0131809 0.0188039 0.0250045 0.031533 0.0382209 0.0448536 0.0510799 0.0564578 0.0605746 0.0631395 0.0640247 0.0632808 0.0611243 0.0578874 0.0539447 0.0496471 0.0452713 0.0409784 0.0367839 0.0325625 0.0281231 0.0233477 0.0183262 0.0133866
 0.00885277 0.0137847 0.0196575 0.0261221 0.0329077 0.0398249 0.046636 0.0529646 0.0583487 0.0623691 0.0647411 0.0653507 0.0642638 0.061711 0.0580373 0.0536286 0.0488461 0.0439787 0.039209 0.0345922 0.0300637 0.0255001 0.0208277 0.0161269 0.011655
 0.0092355 0.0143779 0.0204967 0.0272232 0.0342668 0.0414193 0.0484195 0.0548617 0.0602561 0.0641659 0.0663072 0.066584 0.0650925 0.0620979 0.0579731 0.0531208 0.0479081 0.0426262 0.0374674 0.0325138 0.0277474 0.0230996 0.0185348 0.0141275 0.0100771
 0.0096981 0.0150824 0.0214693 0.0284595 0.0357386 0.0430842 0.0502243 0.0567374 0.062113 0.0658963 0.0677951 0.0677214 0.065796 0.0623208 0.057709 0.0523959 0.0467669 0.0411192 0.0356482 0.0304477 0.0255282 0.0208585 0.0164299 0.0123103 0.00865
 0.0100067 0.01557 0.0221767 0.0294144 0.0369503 0.0445361 0.0518653 0.0584806 0.0638467 0.0675034 0.0691702 0.0687789 0.0664714 0.062572 0.057519 0.0517742 0.0457472 0.0397532 0.034 0.0285942 0.0235644 0.0189024 0.0146134 0.0107547 0.00743453
 0.0100502 0.0156655 0.0223676 0.0297596 0.0375146 0.0453713 0.0529891 0.0598624 0.0654045 0.0691141 0.0706893 0.0700659 0.0674141 0.063101 0.0576088 0.0514351 0.0450145 0.0386794 0.0326511 0.0270499 0.02192 0.0172675 0.0131026 0.00946794 0.00643374
 0.0100959 0.0157201 0.0224159 0.0297831 0.0375064 0.0453553 0.0530307 0.0600565 0.0658421 0.0698402 0.0716758 0.0712119 0.0685724 0.0641165 0.0583531 0.0518266 0.0450227 0.0383179 0.0319672 0.026116 0.0208281 0.0161226 0.0120115 0.00852166 0.00568973
 0.0102564 0.0159543 0.0227175 0.0301256 0.0378468 0.045644 0.0532252 0.0601381 0.0658312 0.0698018 0.0717032 0.0713899 0.0689357 0.0646273 0.0589114 0.0523052 0.0453081 0.0383389 0.0317053 0.0256016 0.0201293 0.0153304 0.0112227 0.0078201 0.00513003
 0.0104597 0.016265 0.0231473 0.0306701 0.038484 0.0463344 0.053911 0.0607466 0.0662871 0.0700488 0.0717271 0.0712297 0.068673 0.0643553 0.0586954 0.0521564 0.0451839 0.0381687 0.0314254 0.0251823 0.019585 0.0147128 0.0106023 0.00726419 0.00468454
