SBPRF35
7.78865
Curr Bio
590531
B35
665348
F35
0.226703
FOFL
0.214493
OFL
101870
Bzero
2.22533e+006
#pred survey bio
 3.61601e+006 3.21193e+006 2.82877e+006 2.49746e+006 2.20897e+006 1.91888e+006 1.71539e+006 1.52414e+006 1.33862e+006 1.17069e+006 1.0332e+006 919445 838997 751955 706793 677219 656362 644765 624699 609251 598608 594841 576670 577011 578188 575310 573239 573122 564779 563925 544444 524300 516178 506897 510755 519914 521748 532136 543859 553624 557343 564207 567189 576755 579979 585233 588388 545728 542500 535707 558846 558978 567693 589773 2.206e+007 1.36768e+007 1.41278e+007 1.4668e+007 1.52289e+007 1.57418e+007 1.61749e+007 1.65218e+007 1.67903e+007 1.69932e+007 1.71445e+007 1.72564e+007 1.7339e+007 1.73999e+007 1.74449e+007 1.74784e+007 1.75034e+007 1.75221e+007 1.75362e+007 1.75468e+007 1.75549e+007 1.75611e+007 1.75658e+007 1.75694e+007 1.75722e+007 1.75743e+007 1.75759e+007 1.75772e+007 1.75782e+007 1.75789e+007 1.75795e+007 1.75799e+007 1.75803e+007 1.75806e+007 1.75808e+007 1.75809e+007 1.7581e+007 1.75811e+007 1.75812e+007 1.75813e+007 1.75813e+007 1.75814e+007 1.75814e+007 1.75814e+007 1.75814e+007 1.75814e+007 1.75814e+007 1.75814e+007 1.75815e+007 1.75815e+007 1.75815e+007 1.75815e+007 1.75815e+007 1.75815e+007 1.75815e+007 1.75815e+007 1.75815e+007 1.75815e+007 1.75815e+007 1.75815e+007 1.75815e+007 1.75815e+007 1.75815e+007 1.75815e+007 1.75815e+007 1.75815e+007 1.75815e+007 1.75815e+007 1.75815e+007 1.75815e+007 1.75815e+007 1.75815e+007 1.75815e+007 1.75815e+007 1.75815e+007 1.75815e+007 1.75815e+007 1.75815e+007 1.75815e+007 1.75815e+007 1.75815e+007 1.75815e+007 1.75815e+007 1.75815e+007 1.75815e+007 1.75815e+007 1.75815e+007 1.75815e+007 1.75815e+007 1.75815e+007 1.75815e+007 1.75815e+007 1.75815e+007 1.75815e+007 1.75815e+007 1.75815e+007 1.75815e+007 1.75815e+007 1.75815e+007 1.75815e+007 0 0 0 0 0 0 0 0 0 0 0 0 0 0 0 0 0 0 0 0 0 0 0 0 0
#obs survey bio
 2.79135e+006 2.13993e+006 2.41444e+006 2.6663e+006 1.79463e+006 1.41233e+006 1.60791e+006 837415 1.01434e+006 1.06583e+006 1.07144e+006 961620 762947 746601 637934 606628 887159 776067 586630 616772 483212 894270 387369 550075 496996 795942 669323 565824 477775 548023 532020 597304 383335 384059 539715 632087 417253 544918 626198 816428 692635 616540 471950 577470 640670 493936 482929 663984 363259 638571 520381 362760 533537 573145
#pred catch bio
 289039 305799 294599 287821 318019 264912 273424 282112 274584 250862 229680 199073 201375 161397 144476 133287 122457 126866 119758 113171 105426 115234 98247.3 97444.3 99868 97290.5 93525.9 98159.9 89314 101842 98566.6 87773.5 93113.1 87944.9 87733.2 95647.1 89092.2 88363.9 89571.5 93364.2 89815 93100.7 87900 93274.8 91425 93916.6 132621 99770.4 105041 82231.1 104198 100406 94868.4 84913.3 101870 110143 112853 116119 119772 123145 125919 128046 129597 130690 131439 131941 132273 132489 132628 132718 132774 132810 132833 132847 132856 132861 132865 132867 132868 132869 132869 132870 132870 132870 132870 132870 132870 132870 132870 132870 132870 132870 132870 132870 132870 132870 132870 132870 132870 132870 132870 132870 132870 132870 132870 132870 132870 132870 132870 132870 132870 132870 132870 132870 132870 132870 132870 132870 132870 132870 132870 132870 132870 132870 132870 132870 132870 132870 132870 132870 132870 132870 132870 132870 132870 132870 132870 132870 132870 132870 132870 132870 132870 132870 132870 132870 132870 132870 132870 132870 132870 132870 132870 132870 0 0 0 0 0 0 0 0 0 0 0 0 0 0 0 0 0 0 0 0 0 0 0 0 0
#obs catch bio
 241868 307865 296222 289882 322416 268330 279006 289762 282677 258116 235393 201940 206245 164365 147273 135238 122814 128292 120765 113711 106166 115752 98506.1 98342.8 100706 97828.1 93741.8 98623.1 89453.5 102081 98641.3 87589.6 93510.8 88349.6 87906.1 95874.6 89397.2 88471.9 89684.1 93025.7 89054.7 92648.4 87588 92975.1 90600.4 92890.7 132508 99002.4 105248 81550.6 104048 100235 94948.6 84796.8
#pred cpue bio
 3.54648e+006 3.14482e+006 2.76393e+006 2.43411e+006 2.14731e+006 1.85915e+006 1.65644e+006 1.46657e+006 1.28322e+006 1.11803e+006 983471 872609 794292 709902 666523 638626 619208 608437 589380 574910 564945 561683 544466 544753 545923 543530 542103 542555 534942 534648 516463 497427 488780 477651 479726 488300 490331 500603 512236 522163 526265 533057 535810 545032 548354 553504 556266 514328 510340 503250 525471 525259 532501 552539 2.07016e+007 1.28621e+007 1.32807e+007 1.37722e+007 1.43146e+007 1.48233e+007 1.52556e+007 1.56024e+007 1.58708e+007 1.60737e+007 1.6225e+007 1.63369e+007 1.64195e+007 1.64804e+007 1.65255e+007 1.65589e+007 1.65839e+007 1.66026e+007 1.66167e+007 1.66274e+007 1.66355e+007 1.66416e+007 1.66463e+007 1.66499e+007 1.66527e+007 1.66548e+007 1.66565e+007 1.66577e+007 1.66587e+007 1.66594e+007 1.666e+007 1.66605e+007 1.66608e+007 1.66611e+007 1.66613e+007 1.66614e+007 1.66616e+007 1.66617e+007 1.66617e+007 1.66618e+007 1.66618e+007 1.66619e+007 1.66619e+007 1.66619e+007 1.66619e+007 1.66619e+007 1.6662e+007 1.6662e+007 1.6662e+007 1.6662e+007 1.6662e+007 1.6662e+007 1.6662e+007 1.6662e+007 1.6662e+007 1.6662e+007 1.6662e+007 1.6662e+007 1.6662e+007 1.6662e+007 1.6662e+007 1.6662e+007 1.6662e+007 1.6662e+007 1.6662e+007 1.6662e+007 1.6662e+007 1.6662e+007 1.6662e+007 1.6662e+007 1.6662e+007 1.6662e+007 1.6662e+007 1.6662e+007 1.6662e+007 1.6662e+007 1.6662e+007 1.6662e+007 1.6662e+007 1.6662e+007 1.6662e+007 1.6662e+007 1.6662e+007 1.6662e+007 1.6662e+007 1.6662e+007 1.6662e+007 1.6662e+007 1.6662e+007 1.6662e+007 1.6662e+007 1.6662e+007 1.6662e+007 1.6662e+007 1.6662e+007 1.6662e+007 1.6662e+007 1.6662e+007 1.6662e+007 1.6662e+007 0 0 0 0 0 0 0 0 0 0 0 0 0 0 0 0 0 0 0 0 0 0 0 0 0
#obs cpue bio
 4.47529e+006 2.45375e+006 3.37673e+006 1.64754e+006 1.96839e+006 1.48352e+006 1.02313e+006 1.55838e+006 1.17475e+006 864688 866411 967335 502580 534402 505658 722393 779679 296397 615682 648060 477716 531485 671909 334218 638544 431061 520927 502910 607139 647640 557845 467676 477393 519867 512230 437484 476426 572893 438903 571142 632630 438198 556676 628887 826538 717157 510010 491639 554121 649998 499020 742766 480738 592498
#pred surv len freq
 0.00516883 0.00834149 0.0124635 0.0174954 0.0233217 0.0296804 0.0361175 0.0420745 0.0470796 0.0508969 0.0535332 0.0551489 0.055964 0.0561957 0.0560173 0.0555333 0.0547795 0.0537335 0.0523103 0.0503291 0.0474912 0.0434427 0.0379608 0.0311878 0.0237328
 0.0055957 0.00897569 0.0133129 0.0185442 0.0245562 0.0311174 0.0378084 0.0440658 0.0493453 0.0532826 0.0557589 0.0568808 0.056925 0.0562577 0.0552324 0.0540982 0.0529547 0.0517544 0.0503228 0.0483763 0.0455526 0.0415031 0.0360652 0.029445 0.0222688
 0.00589703 0.00948961 0.0141271 0.0197456 0.0262016 0.033196 0.040219 0.046636 0.0518895 0.0556598 0.0578804 0.0586655 0.0582472 0.056946 0.0551305 0.0531458 0.05123 0.0494491 0.0476706 0.0455816 0.0427613 0.0388203 0.0335912 0.0272897 0.0205295
 0.00621831 0.00999041 0.0148449 0.0207118 0.0274492 0.0347629 0.0421356 0.0488949 0.054413 0.0582883 0.0603991 0.0608569 0.0599366 0.0580105 0.0554813 0.0527173 0.0499992 0.0474705 0.0450896 0.0426104 0.0396345 0.0357593 0.0307877 0.024896 0.0186421
 0.00657596 0.0105551 0.015663 0.0218149 0.0288485 0.0364439 0.0440543 0.0509814 0.0565858 0.0604665 0.0624997 0.0627794 0.0615531 0.0591757 0.0560573 0.0525967 0.0491203 0.045831 0.0427626 0.039753 0.0364758 0.0325664 0.02782 0.0223606 0.0166594
 0.00699064 0.0112183 0.0166409 0.023161 0.0305939 0.0385808 0.0465174 0.0536421 0.0592681 0.0629834 0.0646909 0.064533 0.0628047 0.059889 0.0562 0.052128 0.0479969 0.0440301 0.0403134 0.0367635 0.0331428 0.0291564 0.0246206 0.0196165 0.0145176
 0.0072337 0.0116154 0.017243 0.02402 0.0317557 0.0400734 0.0483344 0.0557295 0.0615232 0.0652642 0.0668358 0.0663848 0.0642341 0.0608097 0.0565665 0.0519201 0.0472021 0.0426411 0.0383455 0.0342861 0.0303044 0.0261829 0.0217774 0.0171446 0.0125724
 0.00743918 0.0119564 0.0177698 0.0247859 0.0328087 0.041442 0.0500111 0.0576614 0.0636139 0.067387 0.0688485 0.068145 0.0656136 0.0617082 0.0569211 0.0517045 0.046418 0.0413075 0.0364996 0.0319991 0.0277035 0.0234599 0.0191649 0.0148626 0.0107689
 0.00762243 0.0122643 0.0182526 0.0254988 0.0338034 0.0427505 0.051628 0.0595326 0.0656383 0.0694305 0.070763 0.0697882 0.0668654 0.0624818 0.0571668 0.0514064 0.045587 0.0399749 0.0347162 0.0298435 0.0252963 0.0209693 0.0167906 0.0127941 0.00913505
 0.00778854 0.0125395 0.0186775 0.0261172 0.0346571 0.0438691 0.0530143 0.0611515 0.067414 0.0712517 0.0724963 0.0712957 0.0680245 0.0632014 0.0573948 0.0511285 0.0448189 0.0387544 0.0331002 0.0279129 0.0231642 0.018784 0.0147221 0.0110001 0.00772151
 0.00798011 0.0128387 0.0191059 0.0266896 0.035383 0.044753 0.0540536 0.0623299 0.0686962 0.0725808 0.0737952 0.0724729 0.0689845 0.0638571 0.0576801 0.0510051 0.0442787 0.0378175 0.0318126 0.0263469 0.0214212 0.0169934 0.0130272 0.00953145 0.00656521
 0.00824118 0.0132412 0.0196708 0.0274211 0.0362684 0.0457639 0.0551455 0.0634452 0.0697721 0.0735608 0.0746371 0.0731477 0.0694687 0.0641261 0.0577061 0.0507617 0.0437481 0.0369985 0.0307272 0.0250448 0.0199818 0.0155217 0.0116402 0.00833432 0.00562579
 0.00828301 0.013332 0.0198486 0.0277338 0.0367597 0.0464524 0.0560081 0.0644151 0.0707566 0.0744686 0.0754001 0.0737294 0.0698591 0.0643296 0.0577285 0.0506021 0.0433984 0.0364501 0.0299819 0.0241262 0.0189419 0.0144388 0.0106063 0.00743419 0.00491559
 0.00843738 0.0135736 0.0201964 0.0282031 0.0373641 0.0472037 0.0569092 0.0654469 0.0718638 0.0755562 0.0763479 0.0744221 0.0702204 0.0643415 0.0574265 0.0500519 0.0426685 0.035594 0.0290364 0.0231212 0.0179135 0.0134369 0.00969025 0.00665898 0.00431556
 0.00840908 0.0135288 0.020132 0.0281186 0.0372643 0.0471028 0.0568343 0.0654387 0.0719713 0.0758225 0.0767901 0.0750149 0.0708928 0.0649932 0.0579583 0.050394 0.0427926 0.0355078 0.0287692 0.022712 0.0174077 0.0128858 0.00914913 0.00617873 0.00393137
 0.00842348 0.0135352 0.0201104 0.0280408 0.0371024 0.0468422 0.0564864 0.0650446 0.0715957 0.0755404 0.0766709 0.0751061 0.0712051 0.0654918 0.0585665 0.0510114 0.0433222 0.0358803 0.0289542 0.0227158 0.0172632 0.0126421 0.00886083 0.00589626 0.00369173
 0.00855194 0.0137137 0.0203216 0.0282468 0.0372513 0.0468817 0.0563782 0.0647758 0.0711858 0.0750433 0.0761683 0.0746913 0.0709596 0.0654628 0.0587529 0.0513641 0.0437585 0.0363077 0.029295 0.0229249 0.017333 0.0125959 0.00874021 0.00574638 0.00354938
 0.00846694 0.0136061 0.0202147 0.0281765 0.0372504 0.0469581 0.0565001 0.0648779 0.0711956 0.0749147 0.0759045 0.0743455 0.0706165 0.0652103 0.0586554 0.0514445 0.0439935 0.036637 0.0296421 0.0232208 0.0175347 0.0126935 0.00875136 0.00570353 0.00348566
 0.00846503 0.0135968 0.0201912 0.0281337 0.0371925 0.0469057 0.0564893 0.0649457 0.0713551 0.0751356 0.0761166 0.074469 0.0706018 0.0650632 0.0584329 0.0512258 0.0438449 0.0365875 0.0296795 0.0233051 0.0176203 0.012748 0.00876423 0.00568273 0.00344796
 0.00856223 0.0137294 0.0203434 0.0282741 0.0372819 0.046911 0.056398 0.0647734 0.0711433 0.0749397 0.075985 0.0744218 0.070622 0.0651077 0.0584593 0.0512165 0.0438132 0.036563 0.0296861 0.0233463 0.0176804 0.0128045 0.00880067 0.00569493 0.00344199
 0.00847313 0.0136154 0.0202274 0.0281921 0.0372683 0.0469772 0.0565186 0.064893 0.0712024 0.0749054 0.0758681 0.0742696 0.0704919 0.0650393 0.0584595 0.0512655 0.0438831 0.0366351 0.0297554 0.0234152 0.0177489 0.0128667 0.00884884 0.00572474 0.00345499
 0.008473 0.0135888 0.0201411 0.0280057 0.0369528 0.0465388 0.056013 0.0644124 0.0708392 0.074712 0.0758406 0.0743646 0.07066 0.0652494 0.058701 0.0515348 0.0441702 0.0369219 0.0300222 0.0236478 0.0179407 0.0130164 0.00895794 0.00579743 0.00349805
 0.00872085 0.0139596 0.0206369 0.0286011 0.037594 0.0471494 0.0565046 0.0647042 0.0708837 0.0745156 0.0754625 0.0738898 0.0701649 0.0647812 0.0582803 0.0511696 0.0438663 0.0366834 0.0298478 0.0235297 0.0178668 0.0129739 0.00893542 0.00578617 0.00349222
 0.0086249 0.0138384 0.020518 0.028529 0.0376151 0.0472883 0.0567454 0.0649898 0.0711346 0.0746606 0.0754654 0.0737608 0.0699529 0.0645507 0.0580857 0.0510395 0.0438035 0.0366748 0.0298759 0.0235784 0.0179231 0.0130282 0.0089813 0.00582054 0.00351507
 0.00845926 0.0135857 0.0201709 0.028098 0.0371327 0.0468109 0.0563485 0.0647517 0.0711082 0.074847 0.0758072 0.0741648 0.070329 0.0648458 0.0582929 0.0511848 0.0439214 0.03679 0.0299967 0.0237008 0.0180381 0.0131273 0.00905952 0.00587694 0.00355204
 0.00834431 0.0134044 0.0199087 0.0277467 0.0366934 0.0462996 0.0558019 0.0642292 0.0706854 0.0745979 0.075781 0.0743659 0.0707119 0.0653294 0.0587905 0.0516326 0.0442918 0.0370858 0.0302347 0.023897 0.0182009 0.013259 0.00916046 0.00594881 0.00359899
 0.00829967 0.013323 0.01977 0.0275264 0.0363696 0.0458624 0.0552636 0.0636282 0.0700832 0.0740689 0.0753995 0.0741913 0.0707738 0.0656165 0.0592507 0.0521875 0.044861 0.0376084 0.0306788 0.0242554 0.0184801 0.0134696 0.00931308 0.00605343 0.0036658
 0.00821967 0.0132012 0.0196012 0.0273087 0.0361018 0.045541 0.054883 0.0631873 0.0695943 0.0735654 0.0749365 0.0738359 0.0705887 0.0656421 0.059492 0.0526109 0.0454027 0.0381927 0.0312375 0.0247419 0.0188729 0.013767 0.00952517 0.00619565 0.00375482
 0.00815172 0.0131017 0.019472 0.0271587 0.0359442 0.0453885 0.0547428 0.0630579 0.0694652 0.0734206 0.0747627 0.0736341 0.0703816 0.0654723 0.0594083 0.0526495 0.0455719 0.0384689 0.0315749 0.0250884 0.0191859 0.0140218 0.0097146 0.00632522 0.0038365
 0.0079154 0.0127464 0.0189914 0.0265679 0.035277 0.0446919 0.0540723 0.0624726 0.0690191 0.0731513 0.0746813 0.0737243 0.0706087 0.065798 0.0598039 0.0530998 0.0460695 0.0390028 0.0321224 0.0256158 0.0196572 0.0144097 0.0100077 0.00652823 0.00396518
 0.00800751 0.0128613 0.0191008 0.0266261 0.0352362 0.0445245 0.0537879 0.062117 0.0686561 0.0728373 0.0744491 0.07358 0.0705404 0.0657873 0.0598355 0.0531669 0.0461736 0.0391488 0.0323104 0.0258353 0.0198871 0.0146249 0.0101877 0.00666298 0.00405567
 0.00889279 0.0141255 0.0206774 0.0283375 0.0368375 0.0457786 0.0545315 0.062289 0.0682912 0.0720427 0.0733745 0.072384 0.0693579 0.0647088 0.0589049 0.0523944 0.0455536 0.0386717 0.031966 0.0256104 0.019762 0.0145733 0.0101815 0.00667796 0.00407534
 0.00959833 0.0152459 0.0223041 0.0305107 0.0395072 0.0487616 0.057493 0.064789 0.0699061 0.0725113 0.0726851 0.0707558 0.0671389 0.0622556 0.0564996 0.0502153 0.0436857 0.0371365 0.0307503 0.0246849 0.0190896 0.0141117 0.00988493 0.006501 0.00397788
 0.00951976 0.0152339 0.0225006 0.0311204 0.0407455 0.0507672 0.0602404 0.0680462 0.0732601 0.0754544 0.0747395 0.0716004 0.0666961 0.0606999 0.0541823 0.0475434 0.0410131 0.0347067 0.0286919 0.0230386 0.0178406 0.0132141 0.00927719 0.00611616 0.0037517
 0.00916737 0.0147004 0.0217798 0.0302562 0.0398492 0.0500282 0.0599129 0.0683926 0.0744505 0.0774616 0.0772937 0.0742452 0.0689292 0.0621339 0.0546532 0.0471274 0.0399592 0.0333274 0.0272663 0.0217583 0.0168024 0.0124399 0.00874234 0.00577367 0.00354907
 0.00897664 0.014383 0.0212903 0.0295527 0.0389105 0.0488797 0.0586541 0.0672092 0.0735928 0.0771865 0.0777797 0.0755098 0.0707888 0.064238 0.0565921 0.0485675 0.0407418 0.0334873 0.0269748 0.0212332 0.0162307 0.0119404 0.00836513 0.00552002 0.00339522
 0.00893843 0.0143207 0.0211944 0.0294093 0.0386989 0.0485715 0.0582205 0.0666377 0.0729124 0.0764883 0.0772157 0.075258 0.0709871 0.0649155 0.0576347 0.0497459 0.0417942 0.0342169 0.0273111 0.0212296 0.0160131 0.0116428 0.00808504 0.00530508 0.00325334
 0.00882566 0.0141452 0.0209449 0.0290812 0.0382944 0.0481003 0.0576997 0.0660903 0.0723647 0.0759697 0.0767656 0.0749354 0.0708717 0.065087 0.0581331 0.0505332 0.0427463 0.0351594 0.0280839 0.0217436 0.0162684 0.011705 0.00804122 0.00522718 0.00318293
 0.0086223 0.0138402 0.0205334 0.0285756 0.0377203 0.0474901 0.0570879 0.0655122 0.0718553 0.0755603 0.0764803 0.0747907 0.0708814 0.065268 0.0585036 0.0510982 0.0434762 0.0359793 0.028886 0.0224232 0.0167616 0.012005 0.00818706 0.00527616 0.00318557
 0.00853713 0.0136898 0.0202864 0.0281991 0.0371917 0.046814 0.0563081 0.0647091 0.071125 0.0749861 0.0761122 0.0746421 0.0709391 0.0655075 0.0589005 0.0516313 0.0441219 0.0366998 0.0296235 0.0231068 0.0173277 0.0124186 0.00845045 0.00542027 0.00325183
 0.00865332 0.0138489 0.0204694 0.0283657 0.0372869 0.0467811 0.0561045 0.0643199 0.0705721 0.0743302 0.0754421 0.0740528 0.0705062 0.0652709 0.0588644 0.0517755 0.0444142 0.037102 0.0300904 0.023586 0.0177659 0.0127745 0.00870521 0.0055797 0.00333821
 0.00869608 0.0139218 0.0205835 0.0285287 0.0374952 0.0470103 0.0563049 0.0644237 0.0705143 0.0740754 0.0750035 0.0734928 0.0699186 0.0647533 0.0584919 0.0515865 0.0444095 0.0372538 0.0303539 0.023909 0.0180963 0.0130686 0.00893562 0.00573859 0.00343431
 0.00865332 0.0138698 0.020538 0.0285161 0.0375464 0.0471494 0.056537 0.0647265 0.0708372 0.0743474 0.0751508 0.0734628 0.0697011 0.064388 0.0580571 0.0511722 0.0440901 0.0370696 0.030308 0.0239746 0.0182309 0.0132273 0.00908252 0.00585292 0.00351084
 0.00851486 0.0136571 0.0202424 0.0281414 0.0371125 0.0466944 0.056117 0.0644078 0.0706789 0.074379 0.0753576 0.0737869 0.0700614 0.0647086 0.0582927 0.0513198 0.0441813 0.0371502 0.0304147 0.0241217 0.0184091 0.0134129 0.00925003 0.0059851 0.00360247
 0.00860315 0.0137684 0.0203504 0.0282025 0.0370784 0.0465324 0.0558279 0.0640306 0.0702807 0.0740356 0.0751314 0.0737101 0.0701277 0.0648768 0.0585032 0.0515176 0.0443351 0.0372587 0.0304981 0.0242042 0.0185044 0.0135195 0.00935583 0.0060764 0.00367094
 0.00871771 0.0139426 0.0205881 0.0284939 0.037396 0.0468294 0.0560417 0.0640972 0.0701581 0.073727 0.0746931 0.0732345 0.0697097 0.0645814 0.0583488 0.0514809 0.0443711 0.0373242 0.0305668 0.0242687 0.0185678 0.0135851 0.00942152 0.00613608 0.00371863
 0.00873985 0.0139925 0.0206883 0.0286724 0.0376768 0.0472183 0.0565131 0.0645901 0.0705872 0.074005 0.0747576 0.0730698 0.0693541 0.0641146 0.057864 0.0510538 0.0440409 0.0370939 0.0304175 0.024177 0.0185158 0.0135615 0.00941823 0.00614516 0.00373256
 0.00920995 0.0147173 0.0217054 0.0299896 0.0392711 0.0490343 0.0584562 0.06652 0.0723234 0.0753501 0.0755339 0.0731602 0.0687343 0.0628662 0.0561582 0.0491102 0.0420759 0.0352782 0.0288562 0.0229132 0.0175473 0.0128589 0.00893833 0.0058392 0.00355222
 0.00912217 0.0146137 0.021622 0.0299845 0.0394099 0.0493674 0.0589992 0.0672489 0.0731834 0.0762682 0.0764248 0.0739271 0.0692752 0.0630934 0.0560267 0.0486388 0.0413472 0.0344141 0.0279819 0.0221263 0.0169034 0.0123744 0.0086012 0.00562235 0.00342381
 0.0091696 0.014673 0.0216808 0.0300269 0.0394295 0.0493826 0.0590597 0.0674228 0.0735265 0.0767923 0.0770842 0.0746305 0.0699129 0.0635641 0.0562561 0.0485913 0.0410332 0.0338899 0.0273371 0.0214599 0.0162989 0.011883 0.00823945 0.00537995 0.00327576
 0.00920345 0.0146908 0.0216388 0.0298617 0.039075 0.0487992 0.0582627 0.0664964 0.0726144 0.0760666 0.0767 0.0746793 0.070392 0.0643753 0.057237 0.0495647 0.0418543 0.0344759 0.0276736 0.0215874 0.0162867 0.011802 0.00814355 0.00529912 0.00321985
 0.00963201 0.0153358 0.0225098 0.0309247 0.0402511 0.0499692 0.0592779 0.0672003 0.0728814 0.0758473 0.0760486 0.0737431 0.069364 0.0634319 0.0564869 0.0490305 0.0414885 0.0341995 0.0274168 0.0213146 0.0159995 0.0115254 0.00790596 0.00511801 0.00309721
 0.00971456 0.0155033 0.0228216 0.0314505 0.0410465 0.0510398 0.0605488 0.068514 0.0740323 0.0766387 0.0763487 0.0735194 0.0686885 0.0624561 0.0553957 0.047988 0.0405979 0.0334917 0.0268685 0.0208814 0.0156441 0.0112297 0.00766746 0.00493851 0.00297413
 0.00929346 0.0149026 0.0220758 0.0306532 0.0403346 0.0505606 0.0604249 0.0688133 0.0747449 0.0776658 0.0775149 0.0746156 0.069533 0.062948 0.0555349 0.0478569 0.0403164 0.0331696 0.0265753 0.0206419 0.0154546 0.0110778 0.00754469 0.00484247 0.00290441
#obs surv len freq
 0.00497053 0.00814243 0.0123864 0.0177161 0.0240048 0.0308857 0.0377313 0.0438168 0.0485913 0.0518547 0.053727 0.054495 0.0544793 0.0539771 0.0532488 0.0525078 0.0518986 0.0514558 0.0510405 0.0502832 0.0486018 0.0453656 0.0401976 0.0332669 0.0253549
 0.00517938 0.00848349 0.0129028 0.0184498 0.0249893 0.0321342 0.0392241 0.0454949 0.0503628 0.0536097 0.0553537 0.0558896 0.0555511 0.0546501 0.0534636 0.0522252 0.051106 0.0501739 0.04933 0.0482478 0.0463848 0.0431386 0.0381361 0.031517 0.0240019
 0.00541381 0.0088666 0.0134831 0.0192736 0.0260921 0.0335268 0.0408783 0.0473391 0.0522926 0.0555076 0.0571072 0.0573995 0.0567324 0.0554304 0.0537814 0.0520311 0.0503678 0.0488867 0.0475301 0.0460264 0.0438935 0.0405785 0.0357262 0.0294469 0.0223883
 0.00564645 0.00924889 0.0140662 0.0201078 0.0272176 0.0349584 0.0425898 0.0492573 0.0543077 0.0574945 0.0589452 0.0589848 0.0579804 0.0562734 0.0541637 0.0519055 0.049696 0.0476482 0.0457397 0.0437556 0.041286 0.0378449 0.0331109 0.0271724 0.020599
 0.00587228 0.00962109 0.0146359 0.0209264 0.0283271 0.0363764 0.0442933 0.0511765 0.0563351 0.0595048 0.0608156 0.0606066 0.0592647 0.0571506 0.0545805 0.0518191 0.0490713 0.046462 0.0439961 0.0415102 0.0386681 0.0350603 0.0304119 0.024799 0.0187151
 0.00612702 0.0100339 0.0152551 0.0217965 0.0294813 0.0378244 0.0460076 0.053087 0.0583371 0.061478 0.0626417 0.0621814 0.0605026 0.0579849 0.0549611 0.0517078 0.048438 0.0452866 0.0422805 0.0393012 0.0360822 0.0322918 0.0277083 0.0224035 0.0168004
 0.00636341 0.0104234 0.0158504 0.0226493 0.0306311 0.0392811 0.0477357 0.0550017 0.060319 0.0633985 0.0643852 0.0636554 0.0616369 0.0587272 0.0552714 0.0515549 0.0477964 0.0441387 0.0406276 0.0371846 0.0336065 0.0296355 0.0251038 0.0200847 0.0149377
 0.00659079 0.0107983 0.0164244 0.0234737 0.0317471 0.0407032 0.0494352 0.0568993 0.0622955 0.0653174 0.0661165 0.0650921 0.0627025 0.0593749 0.0554772 0.0513073 0.0470887 0.0429671 0.0390004 0.0351418 0.0312432 0.0271136 0.0226356 0.017886 0.0131683
 0.00683629 0.0111979 0.0170267 0.0243242 0.0328791 0.0421244 0.0511126 0.0587542 0.0642132 0.0671676 0.0677743 0.0664522 0.0636859 0.0599313 0.0555831 0.0509597 0.0462963 0.0417447 0.0373719 0.0331544 0.0289878 0.0247364 0.0203264 0.0158373 0.0115223
 0.00705615 0.01156 0.0175801 0.0251166 0.0339466 0.0434752 0.0527114 0.0605183 0.0660253 0.0688997 0.0693098 0.0676971 0.0645718 0.0604141 0.0556404 0.0505874 0.0455044 0.0405543 0.0358163 0.0312881 0.0269007 0.0225622 0.0182319 0.0139895 0.0100427
 0.00725863 0.0118948 0.0180943 0.0258571 0.0349502 0.0447527 0.054232 0.0622036 0.06776 0.0705547 0.0707641 0.0688535 0.0653634 0.0608039 0.055617 0.0501577 0.0446877 0.0393787 0.034321 0.0295315 0.0249703 0.02058 0.0163446 0.0123389 0.00872949
 0.00740579 0.0121365 0.018463 0.0263856 0.0356666 0.0456718 0.0553446 0.0634702 0.0691136 0.0719088 0.0720245 0.0699292 0.0661758 0.0612946 0.0557514 0.0499249 0.0440961 0.0384522 0.0330982 0.0280696 0.0233519 0.0189153 0.0147609 0.0109568 0.00763221
 0.00750121 0.0122905 0.018693 0.0267083 0.0360964 0.0462179 0.056007 0.0642371 0.0699609 0.0728021 0.0729203 0.0707751 0.066912 0.0618585 0.0560856 0.049985 0.0438567 0.0379103 0.0322743 0.0270096 0.0221287 0.0176265 0.0135181 0.00986393 0.00676107
 0.00757446 0.0124063 0.0188614 0.0269368 0.0363892 0.0465752 0.0564235 0.0647024 0.0704618 0.0733255 0.0734538 0.0713042 0.0674151 0.0623029 0.0564274 0.0501746 0.0438482 0.0376715 0.0317964 0.0263131 0.0212662 0.0166783 0.0125798 0.00902563 0.00608641
 0.00763976 0.0125058 0.0189986 0.027111 0.0365962 0.0468085 0.0566761 0.0649674 0.0707332 0.0735999 0.0737312 0.0715859 0.0677002 0.0625829 0.0566823 0.0503716 0.0439451 0.037626 0.031578 0.0259158 0.0207151 0.0160296 0.0119091 0.00840935 0.00558128
 0.0077151 0.0126205 0.0191567 0.0273103 0.0368284 0.0470603 0.0569302 0.0652047 0.0709376 0.0737629 0.0738546 0.0716809 0.0677816 0.0626628 0.0567638 0.050445 0.0439873 0.0376042 0.0314589 0.0256782 0.0203613 0.01559 0.011436 0.00796178 0.00520676
 0.00774365 0.0126705 0.0192382 0.0274336 0.0370006 0.0472799 0.057183 0.065465 0.0711748 0.0739513 0.0739811 0.0717469 0.0677999 0.0626519 0.056741 0.0504198 0.0439574 0.0375547 0.0313667 0.0255213 0.0201305 0.0152963 0.0111104 0.00764536 0.00493605
 0.00780214 0.0127546 0.0193448 0.0275541 0.0371247 0.0474013 0.0573026 0.0655882 0.0713055 0.0740855 0.0741059 0.0718452 0.0678585 0.0626671 0.0567192 0.0503731 0.043896 0.0374813 0.0312747 0.0253985 0.0199675 0.0150949 0.0108865 0.00742452 0.00474388
 0.00783404 0.0128052 0.019418 0.0276512 0.0372426 0.0475307 0.0574282 0.065693 0.0713774 0.0741237 0.0741205 0.0718505 0.0678642 0.0626738 0.0567211 0.0503635 0.0438714 0.0374405 0.0312161 0.0253183 0.0198618 0.0149642 0.0107396 0.0072771 0.00461308
 0.00785087 0.012828 0.0194442 0.0276759 0.037261 0.0475404 0.0574308 0.065693 0.0713793 0.0741295 0.0741301 0.0718638 0.0678833 0.0627017 0.0567583 0.0504064 0.0439123 0.0374708 0.0312281 0.0253066 0.0198239 0.0149015 0.0106589 0.00718973 0.00453161
 0.00784414 0.0128177 0.0194296 0.0276565 0.0372358 0.0475081 0.0573903 0.0656447 0.071327 0.0740806 0.0740943 0.0718498 0.0678957 0.0627402 0.0568188 0.0504819 0.0439942 0.0375494 0.0312936 0.0253508 0.0198417 0.014893 0.0106288 0.00714697 0.0044864
 0.00787322 0.0128559 0.0194705 0.0276888 0.0372469 0.0474892 0.0573404 0.0655711 0.0712416 0.0739959 0.0740201 0.0717936 0.0678628 0.0627339 0.0568395 0.0505265 0.0440561 0.0376194 0.0313615 0.025407 0.0198793 0.014909 0.0106253 0.0071297 0.00446305
 0.00788239 0.0128693 0.0194876 0.0277069 0.0372606 0.0474904 0.0573195 0.06552 0.0711581 0.0738871 0.0739024 0.0716872 0.0677856 0.0626966 0.0568442 0.0505684 0.0441263 0.0377065 0.0314533 0.025492 0.0199483 0.0149569 0.0106516 0.00713842 0.00446039
 0.00787549 0.0128583 0.0194712 0.0276844 0.0372316 0.047455 0.0572783 0.0654734 0.071106 0.0738289 0.0738388 0.0716223 0.0677276 0.0626564 0.056832 0.0505894 0.0441791 0.0377837 0.0315438 0.0255835 0.0200299 0.0150209 0.0106953 0.00716342 0.00447132
 0.00786504 0.012841 0.0194448 0.0276467 0.0371813 0.0473929 0.0572076 0.0654 0.071037 0.0737704 0.0737939 0.0715913 0.0677096 0.062651 0.0568408 0.0506157 0.0442256 0.0378499 0.0316246 0.0256702 0.0201125 0.015091 0.010748 0.00719816 0.00449103
 0.00785163 0.0128148 0.0193973 0.0275682 0.0370635 0.0472341 0.0570164 0.0651957 0.0708448 0.0736148 0.0736926 0.0715517 0.0677293 0.0627205 0.0569469 0.0507459 0.0443696 0.038 0.0317746 0.0258133 0.0202413 0.0151989 0.010831 0.00725602 0.00452729
 0.00782385 0.012769 0.0193274 0.0274674 0.0369265 0.047058 0.0568041 0.0649578 0.0706003 0.0733888 0.0735123 0.0714405 0.0677008 0.0627757 0.057075 0.0509275 0.044583 0.0382251 0.0319953 0.0260174 0.0204199 0.015346 0.0109438 0.00733588 0.00457881
 0.00782749 0.0127715 0.0193247 0.0274532 0.0368933 0.0469992 0.0567157 0.0648394 0.0704558 0.0732264 0.0733447 0.0712851 0.0675775 0.0627027 0.0570637 0.0509796 0.0446896 0.0383703 0.03216 0.0261837 0.0205735 0.015477 0.0110471 0.00741062 0.00462821
 0.00779647 0.0127255 0.0192634 0.0273791 0.0368098 0.0469092 0.0566206 0.0647394 0.0703512 0.0731195 0.0732402 0.0711901 0.0675014 0.0626559 0.0570562 0.0510183 0.0447757 0.0384973 0.0323147 0.0263493 0.0207331 0.0156171 0.0111596 0.00749325 0.00468352
 0.00775668 0.012659 0.0191606 0.0272312 0.036613 0.046669 0.0563549 0.064477 0.0701237 0.0729514 0.0731428 0.0711613 0.0675311 0.0627324 0.0571703 0.0511642 0.0449492 0.0386933 0.0325249 0.0265614 0.0209327 0.0157912 0.0112995 0.00759638 0.00475283
 0.00771258 0.0125864 0.0190495 0.0270721 0.0363987 0.0463987 0.056038 0.0641353 0.0697898 0.0726626 0.0729331 0.0710536 0.0675322 0.0628333 0.0573508 0.0514001 0.0452182 0.0389777 0.0328101 0.0268345 0.0211812 0.016004 0.0114692 0.00772127 0.00483694
 0.00930864 0.0148191 0.0217411 0.0298334 0.038742 0.0479177 0.0565507 0.0637116 0.0686694 0.0711353 0.0712497 0.069393 0.066005 0.0614987 0.0562313 0.0504931 0.0445058 0.0384345 0.0324099 0.0265521 0.0209932 0.015888 0.0114043 0.00768911 0.00482345
 0.00927031 0.015058 0.0226315 0.0318419 0.0422242 0.0528443 0.0623335 0.0692989 0.0729204 0.0732698 0.0711062 0.067371 0.06279 0.0577694 0.0524909 0.0470387 0.0414757 0.0358712 0.0303063 0.0248784 0.019708 0.0149427 0.0107443 0.0072558 0.0045584
 0.008947 0.0145418 0.021895 0.0309242 0.0412902 0.0522262 0.0624951 0.0706706 0.0756439 0.0770059 0.0750737 0.0706455 0.0646924 0.0581033 0.0515146 0.0452486 0.0393703 0.0338129 0.0284967 0.0233962 0.0185595 0.0140975 0.0101555 0.00687035 0.00432326
 0.00879891 0.0142906 0.0214974 0.0303353 0.0404785 0.0512046 0.0613622 0.0696432 0.0750451 0.0771787 0.0762276 0.0727042 0.0672519 0.0605626 0.0533229 0.0461205 0.0393459 0.0331591 0.0275438 0.0224125 0.0177042 0.0134333 0.00968312 0.0065597 0.00413428
 0.00871955 0.0141607 0.0212996 0.03005 0.0400854 0.0506861 0.0607124 0.0688831 0.0742433 0.0764682 0.0758015 0.0727682 0.067933 0.0618149 0.0548994 0.0476523 0.0404957 0.0337542 0.0276132 0.0221232 0.0172572 0.0129853 0.00931866 0.00630245 0.00397227
 0.00870288 0.0141257 0.0212322 0.029932 0.0398977 0.0504152 0.0603547 0.0684469 0.0737475 0.075945 0.0753048 0.0723835 0.0677731 0.0619858 0.0554427 0.0484967 0.0414602 0.034616 0.0282025 0.0223857 0.0172504 0.0128235 0.00911183 0.00612076 0.00384267
 0.00867526 0.0140857 0.0211804 0.0298705 0.0398269 0.0503304 0.0602447 0.0682961 0.0735427 0.0756828 0.0749967 0.0720608 0.0674875 0.0618064 0.0554404 0.0487145 0.0418811 0.0351538 0.0287295 0.0227873 0.0174719 0.0128804 0.00906335 0.00603205 0.00375865
 0.0086667 0.0140679 0.0211467 0.0298133 0.0397408 0.0502157 0.0601094 0.0681534 0.0734045 0.0755525 0.0748693 0.0719281 0.0673495 0.0616801 0.0553608 0.0487246 0.0420119 0.0354024 0.0290511 0.0231101 0.0177282 0.0130353 0.00912266 0.00602785 0.00372729
 0.00865455 0.0140505 0.0211246 0.0297876 0.0397117 0.0501812 0.0600648 0.0680937 0.0733272 0.0754608 0.0747703 0.0718293 0.0672559 0.0615951 0.0552916 0.0486867 0.0420263 0.0354849 0.0291992 0.0232974 0.0179139 0.0131822 0.00921289 0.0060661 0.00373167
 0.00864548 0.0140361 0.0211038 0.0297599 0.0396778 0.0501431 0.0600257 0.0680566 0.0732936 0.075429 0.0747365 0.0717903 0.0672106 0.0615463 0.055245 0.0486508 0.0420126 0.0355051 0.0292595 0.0233928 0.0180268 0.0132889 0.00929452 0.00611552 0.00375354
 0.00865985 0.0140584 0.0211352 0.0298005 0.0397262 0.0501958 0.0600774 0.0681006 0.0733231 0.0754389 0.0747242 0.0717552 0.0671545 0.0614727 0.0551599 0.0485633 0.0419337 0.0354465 0.0292304 0.0233961 0.0180566 0.0133327 0.00933777 0.00614806 0.00377227
 0.00863602 0.0140232 0.0210887 0.0297455 0.0396674 0.050139 0.0600286 0.0680649 0.0733042 0.0754378 0.074739 0.0717814 0.067186 0.0615032 0.0551847 0.0485802 0.0419445 0.0354561 0.0292452 0.023421 0.0180923 0.0133749 0.0093791 0.00618184 0.00379527
 0.00862267 0.0140009 0.0210544 0.0296964 0.0396026 0.050061 0.0599443 0.0679853 0.0732411 0.0754004 0.0747311 0.0718011 0.0672268 0.0615565 0.055242 0.0486347 0.0419922 0.0354964 0.0292804 0.0234546 0.0181269 0.0134102 0.00941252 0.00620994 0.00381578
 0.00862507 0.0140024 0.0210523 0.0296865 0.0395802 0.0500225 0.0598892 0.0679167 0.0731662 0.0753291 0.0746739 0.0717664 0.0672189 0.0615745 0.0552802 0.0486849 0.0420462 0.0355482 0.029327 0.0234956 0.0181633 0.0134429 0.00944116 0.0062334 0.00383317
 0.00861226 0.0139857 0.0210346 0.0296725 0.0395743 0.0500263 0.059899 0.067925 0.0731643 0.0753116 0.0746412 0.0717249 0.0671784 0.0615445 0.0552667 0.0486893 0.0420653 0.0355765 0.029359 0.0235272 0.0181924 0.0134686 0.00946302 0.00625104 0.00384631
 0.00861226 0.0139857 0.0210346 0.0296725 0.0395743 0.0500263 0.059899 0.067925 0.0731643 0.0753116 0.0746412 0.0717249 0.0671784 0.0615445 0.0552667 0.0486893 0.0420653 0.0355765 0.029359 0.0235272 0.0181924 0.0134686 0.00946302 0.00625104 0.00384631
 0.00899623 0.0145892 0.0219013 0.0308222 0.0409906 0.0516426 0.0615883 0.0695074 0.0744412 0.0761161 0.0748807 0.0713979 0.0663637 0.0603738 0.0538921 0.0472538 0.0406839 0.034328 0.0282877 0.0226502 0.0175072 0.0129597 0.00910615 0.00601669 0.00370342
 0.00886826 0.0144293 0.0217505 0.0307499 0.0410788 0.0519575 0.0621542 0.070294 0.0753683 0.077069 0.075732 0.0720309 0.0666964 0.0603754 0.0535879 0.0467148 0.0400053 0.0336053 0.0275992 0.0220481 0.0170176 0.0125875 0.00884173 0.00584171 0.00359624
 0.00889103 0.0144413 0.0217254 0.0306565 0.0408995 0.051713 0.0619165 0.070172 0.0754658 0.0774361 0.0763366 0.0727671 0.0674209 0.0609538 0.0539291 0.0467876 0.039836 0.0332607 0.0271626 0.0215976 0.0166108 0.0122567 0.00859634 0.00567485 0.00349221
 0.00869489 0.0141339 0.0212841 0.0300678 0.0401623 0.050844 0.0609607 0.0692126 0.0746244 0.0768548 0.0761425 0.0730285 0.0681151 0.0619654 0.055083 0.0479029 0.040775 0.0339551 0.0276115 0.0218455 0.0167207 0.0122875 0.00859106 0.00565913 0.00347778
 0.00896324 0.01453 0.0218041 0.0306786 0.0408056 0.0514464 0.0614437 0.0695019 0.074664 0.0766265 0.0756822 0.0724277 0.0674986 0.0614505 0.0547387 0.0477294 0.0407154 0.0339308 0.0275595 0.0217397 0.0165704 0.0121213 0.00843856 0.00553873 0.00339449
 0.00893366 0.0145185 0.0218524 0.0308426 0.0411339 0.0519502 0.0620742 0.0701541 0.0752094 0.0769563 0.0757413 0.0722245 0.0670959 0.0609443 0.0542318 0.0473031 0.0404088 0.0337359 0.027437 0.0216448 0.0164742 0.0120174 0.00833617 0.00545081 0.00332893
 0.00889154 0.0144392 0.0217164 0.0306335 0.0408529 0.0516318 0.0617911 0.0699986 0.0752525 0.0772078 0.0761375 0.0726546 0.0674511 0.0611607 0.0543057 0.0472776 0.0403438 0.0336794 0.0274092 0.02164 0.0164748 0.0120093 0.00831571 0.00542326 0.00330204
#pred catch len freq
 0.003951 0.00630663 0.00931033 0.0129398 0.0171947 0.0220648 0.027459 0.0331705 0.0389096 0.044365 0.0492545 0.0533633 0.0565732 0.0588667 0.060298 0.0609527 0.060915 0.0602433 0.0589313 0.0568512 0.0537206 0.0491752 0.0429841 0.0353203 0.0268793
 0.00433861 0.00688515 0.0100909 0.0139147 0.0183603 0.0234469 0.029114 0.0351475 0.0411841 0.0467851 0.0515413 0.055179 0.0576295 0.0590194 0.0595863 0.0595686 0.0591244 0.0582906 0.0569682 0.0549176 0.0517864 0.047216 0.0410432 0.0335143 0.0253481
 0.00462308 0.0073565 0.0108148 0.0149528 0.0197534 0.0251935 0.0311584 0.037392 0.0435236 0.0491334 0.0538188 0.0572667 0.0593342 0.060096 0.0598191 0.0588646 0.0575568 0.056067 0.0543456 0.0521204 0.0489712 0.0444914 0.0385119 0.0312923 0.0235423
 0.00493444 0.00783914 0.0115018 0.0158716 0.0209354 0.0266811 0.0329949 0.039591 0.046032 0.0518137 0.0564687 0.0596676 0.0612931 0.0614559 0.0604465 0.0586495 0.0564445 0.0541014 0.0516831 0.0489979 0.0456519 0.041222 0.0355044 0.0287151 0.0215035
 0.0053176 0.00843581 0.0123516 0.0169958 0.022338 0.0283509 0.0349061 0.0417044 0.0482981 0.0541711 0.0588319 0.0619112 0.0632496 0.0629367 0.061275 0.0586886 0.0556133 0.0523905 0.0491723 0.0458653 0.0421589 0.0376735 0.032196 0.0258827 0.0192851
 0.00568828 0.00902259 0.0132065 0.0181602 0.0238395 0.0301966 0.0370702 0.0441166 0.0508441 0.0567073 0.0612095 0.0639966 0.0649328 0.064124 0.0618764 0.0586126 0.0547791 0.0507533 0.0467567 0.0427919 0.0386515 0.0340354 0.0287538 0.0229145 0.01696
 0.00597617 0.00948092 0.0138801 0.0190898 0.0250604 0.0317348 0.0389304 0.0462679 0.0532086 0.0591594 0.0635871 0.0661247 0.0666527 0.065316 0.062464 0.0585501 0.0540347 0.0493072 0.044621 0.0400451 0.0354663 0.0306746 0.0255261 0.0201005 0.0147415
 0.00624798 0.00991592 0.0145234 0.0199826 0.0262378 0.0332192 0.0407205 0.0483272 0.05546 0.0614874 0.0658462 0.068154 0.0682951 0.0664397 0.0629784 0.0584092 0.0532287 0.047851 0.0425544 0.03745 0.0324916 0.027545 0.0225143 0.0174646 0.0126557
 0.00649166 0.0103091 0.0151111 0.0208086 0.0273416 0.0346277 0.042435 0.0503105 0.0576303 0.0637217 0.0679934 0.0700537 0.0697993 0.0674308 0.0633791 0.0581834 0.0523761 0.0464005 0.0405617 0.0350064 0.0297386 0.0246809 0.0197743 0.0150719 0.0107628
 0.00669136 0.0106305 0.0155905 0.0214822 0.0282443 0.0357885 0.0438668 0.0519969 0.059515 0.0657057 0.0699411 0.0718102 0.0712142 0.0683809 0.0637835 0.0580061 0.0516205 0.0451012 0.0387808 0.0328373 0.0273147 0.0221778 0.0173931 0.013 0.0091267
 0.00690684 0.0109638 0.0160617 0.0221029 0.029021 0.0367268 0.0449706 0.0532609 0.0609155 0.0671918 0.0714326 0.0732022 0.0723896 0.0692277 0.0642115 0.0579589 0.0510793 0.0440835 0.0373376 0.031053 0.0253093 0.0201048 0.0154231 0.0112884 0.00777669
 0.00714481 0.0113287 0.0165704 0.0227574 0.0298116 0.0376352 0.0459719 0.0543234 0.0620012 0.0682595 0.0724395 0.0741026 0.0731326 0.0697569 0.0644691 0.057894 0.0506577 0.0432965 0.0362081 0.0296398 0.0237081 0.0184425 0.0138411 0.0099139 0.0066933
 0.00727091 0.0115417 0.0169054 0.0232506 0.0304907 0.0385055 0.0470032 0.0554482 0.0631279 0.0692951 0.0733101 0.0747638 0.0735672 0.0699653 0.0644564 0.0576606 0.0501968 0.0426008 0.0352823 0.0285135 0.0224436 0.0171328 0.0125951 0.0088317 0.00584083
 0.007353 0.0116725 0.0170993 0.0235252 0.0308699 0.0390207 0.0476858 0.0563133 0.0641523 0.070404 0.0743842 0.0756697 0.0741973 0.0702659 0.0644309 0.05735 0.0496541 0.0418719 0.0344027 0.0275172 0.0213765 0.016059 0.0115908 0.0079685 0.00516538
 0.00729744 0.0115872 0.0169812 0.0233764 0.0307004 0.0388512 0.0475513 0.056264 0.0642478 0.0706968 0.074897 0.0763746 0.0750116 0.0710705 0.0651056 0.0578075 0.0498553 0.0418208 0.0341301 0.0270677 0.0208031 0.0154235 0.0109605 0.00740543 0.00471302
 0.00728167 0.0115507 0.0169063 0.0232407 0.0304828 0.0385424 0.0471645 0.0558391 0.0638488 0.0704015 0.0747817 0.0764956 0.0753854 0.0716608 0.0658253 0.0585396 0.0504852 0.0422656 0.0343524 0.0270739 0.020632 0.0151333 0.0106164 0.00706786 0.0044264
 0.00736196 0.0116581 0.0170242 0.0233364 0.030513 0.0384644 0.0469484 0.0554789 0.0633693 0.0698608 0.0742654 0.0761002 0.0751949 0.0717224 0.0661333 0.0590344 0.0510687 0.0428279 0.0348018 0.027357 0.0207404 0.0150961 0.0104845 0.00689658 0.00426094
 0.00731632 0.011606 0.0169848 0.0233369 0.0305753 0.0385874 0.0470962 0.0555862 0.0633654 0.069701 0.0739529 0.0756905 0.0747791 0.0713994 0.0659802 0.0590834 0.0512984 0.0431721 0.0351729 0.0276744 0.0209532 0.0151916 0.0104828 0.00683526 0.00417838
 0.00730152 0.0115791 0.016941 0.0232749 0.0305035 0.0385288 0.0470864 0.0556589 0.0635287 0.0699198 0.0741545 0.0757946 0.0747388 0.0712258 0.0657374 0.0588576 0.0511602 0.0431504 0.0352498 0.027801 0.0210751 0.0152709 0.0105078 0.0068165 0.00413693
 0.00736843 0.011668 0.0170376 0.0233526 0.0305301 0.0384783 0.0469514 0.0554583 0.0633066 0.0697327 0.0740499 0.0757886 0.0748066 0.0713156 0.0658002 0.0588747 0.0511487 0.0431456 0.0352794 0.0278686 0.0211615 0.0153493 0.0105588 0.00683587 0.00413262
 0.00726134 0.0115227 0.016871 0.0231953 0.0304133 0.0384164 0.0469304 0.0554411 0.0632536 0.069627 0.0739098 0.0756604 0.0747406 0.0713401 0.065909 0.0590351 0.0513228 0.0433093 0.0354265 0.0280023 0.0212828 0.0154525 0.0106364 0.00688446 0.00415597
 0.00730571 0.0115692 0.0168953 0.0231637 0.0302971 0.0382113 0.0466672 0.0551766 0.0630433 0.0694974 0.0738507 0.0756414 0.0747383 0.0713531 0.0659527 0.0591238 0.0514556 0.0434701 0.035594 0.0281594 0.0214195 0.015564 0.0107203 0.00694124 0.00418926
 0.00746293 0.0118016 0.0172004 0.023519 0.0306612 0.0385287 0.0468792 0.0552366 0.0629352 0.0692475 0.0735196 0.0752983 0.0744328 0.0711038 0.0657568 0.0589735 0.0513481 0.0434052 0.0355685 0.0281644 0.0214432 0.0155949 0.0107499 0.0069644 0.0042044
 0.00737718 0.0116915 0.017088 0.0234414 0.0306577 0.0386213 0.0470566 0.0554522 0.063122 0.069343 0.073491 0.0751552 0.0742221 0.0708884 0.065589 0.0588793 0.0513264 0.0434393 0.0356376 0.0282504 0.0215317 0.0156752 0.0108154 0.00701244 0.00423594
 0.00723694 0.0114792 0.0167999 0.0230894 0.0302724 0.0382524 0.0467671 0.0553041 0.063153 0.0695448 0.0738059 0.075497 0.0745122 0.071086 0.0656987 0.058936 0.0513708 0.0434983 0.035719 0.0283475 0.0216318 0.0157666 0.0108903 0.00706784 0.00427289
 0.00711522 0.0112896 0.0165302 0.0227342 0.0298354 0.037749 0.0462301 0.054787 0.062727 0.0692843 0.0737648 0.0756864 0.0748902 0.0715709 0.0662001 0.0593866 0.0517419 0.0437942 0.0359586 0.0285479 0.0218013 0.0159062 0.0109988 0.00714593 0.00432431
