SBPRF35
11.1336
Curr Bio
638384
B35
803806
F35
0.177846
FOFL
0.138145
OFL
71741.1
Bzero
3.18102e+006
#pred survey bio
 4.05653e+006 3.89579e+006 3.7371e+006 3.53678e+006 3.28928e+006 2.98899e+006 2.71167e+006 2.43587e+006 2.16251e+006 1.90641e+006 1.66625e+006 1.49296e+006 1.30186e+006 1.16341e+006 1.02846e+006 914683 813122 744905 703925 656908 629286 609766 590015 580158 568130 565877 563562 548406 545728 544041 540925 550661 547264 546179 541009 529658 526813 520402 521798 528658 529817 537849 550077 555682 559752 568622 568359 584469 598072 608005 619300 612870 631646 643799 2.23394e+007 1.37581e+007 1.43481e+007 1.54275e+007 1.68046e+007 1.82541e+007 1.96161e+007 2.08048e+007 2.17914e+007 2.25819e+007 2.31999e+007 2.36747e+007 2.40355e+007 2.43077e+007 2.45122e+007 2.46658e+007 2.47812e+007 2.48681e+007 2.49338e+007 2.49836e+007 2.50217e+007 2.50508e+007 2.50733e+007 2.50907e+007 2.51042e+007 2.51148e+007 2.51231e+007 2.51296e+007 2.51347e+007 2.51388e+007 2.5142e+007 2.51445e+007 2.51466e+007 2.51482e+007 2.51495e+007 2.51506e+007 2.51514e+007 2.51521e+007 2.51526e+007 2.51531e+007 2.51534e+007 2.51537e+007 2.51539e+007 2.51541e+007 2.51543e+007 2.51544e+007 2.51545e+007 2.51546e+007 2.51546e+007 2.51547e+007 2.51547e+007 2.51547e+007 2.51548e+007 2.51548e+007 2.51548e+007 2.51548e+007 2.51548e+007 2.51548e+007 2.51549e+007 2.51549e+007 2.51549e+007 2.51549e+007 2.51549e+007 2.51549e+007 2.51549e+007 2.51549e+007 2.51549e+007 2.51549e+007 2.51549e+007 2.51549e+007 2.51549e+007 2.51549e+007 2.51549e+007 2.51549e+007 2.51549e+007 2.51549e+007 2.51549e+007 2.51549e+007 2.51549e+007 2.51549e+007 2.51549e+007 2.51549e+007 2.51549e+007 2.51549e+007 2.51549e+007 2.51549e+007 2.51549e+007 2.51549e+007 2.51549e+007 2.51549e+007 2.51549e+007 2.51549e+007 2.51549e+007 2.51549e+007 2.51549e+007 2.51549e+007 2.51549e+007 2.51549e+007 2.51549e+007 2.51549e+007 0 0 0 0 0 0 0 0 0 0 0 0 0 0 0 0 0 0 0 0 0 0 0 0 0
#obs survey bio
 3.03823e+006 4.56761e+006 2.76839e+006 3.58242e+006 3.59798e+006 3.04937e+006 2.69219e+006 2.58018e+006 1.75914e+006 1.86638e+006 1.88677e+006 1.37448e+006 911850 759278 727481 736028 658532 866015 566445 698317 466866 638944 588428 648924 621677 439812 401880 629591 412634 709662 617672 484989 513845 708598 763764 470920 740889 563972 639795 399460 551209 810060 427297 745759 425282 549119 505243 824471 521442 595041 487984 594978 664681 801180
#pred catch bio
 102883 105471 151856 208469 274479 273499 292350 309209 310453 309882 260962 284723 243405 243223 224406 211157 178721 152140 153615 133728 125022 123550 113661 114165 104939 104440 113376 100581 98339.1 98008 86475.7 97060.8 93232.6 93755.1 95317.4 86426.9 91096.2 87313.2 85042.3 90706.6 84841.9 81649.7 87736.7 89270.8 86061.8 95115 83119.8 87783.6 93188.7 94558.7 111558 92435.8 99619.8 111620 71741.1 93014.1 96011.2 102143 110794 120123 128852 136356 142450 147201 150793 153447 155372 156750 157726 158410 158886 159216 159443 159599 159706 159780 159829 159863 159886 159902 159912 159920 159924 159928 159930 159931 159932 159933 159934 159934 159934 159934 159934 159934 159934 159934 159934 159935 159935 159935 159935 159935 159935 159935 159935 159935 159935 159935 159935 159935 159935 159935 159935 159935 159935 159935 159935 159935 159935 159935 159935 159935 159935 159935 159935 159935 159935 159935 159935 159935 159935 159935 159935 159935 159935 159935 159935 159935 159935 159935 159935 159935 159935 159935 159935 159935 159935 159935 159935 159935 159935 159935 159935 159935 0 0 0 0 0 0 0 0 0 0 0 0 0 0 0 0 0 0 0 0 0 0 0 0 0
#obs catch bio
 0 105138 151850 208819 275709 274398 294159 311562 312635 313379 262489 288219 246219 248225 228788 214828 181741 153604 155463 134454 126308 125083 114905 115545 105890 105911 115455 101267 99277.7 98875.8 86575.5 98195.5 94430 94329.4 95824.9 86659.1 90897.8 86775.1 84471.6 90422.1 84383.7 80722.3 87081.8 88409.4 85114.4 94315.5 82763.4 87221.8 92601.8 93907.5 111522 92218 99591.2 111725
#pred cpue bio
 4.00408e+006 3.84587e+006 3.68941e+006 3.48996e+006 3.2431e+006 2.94398e+006 2.66765e+006 2.39299e+006 2.12102e+006 1.86637e+006 1.62784e+006 1.45559e+006 1.26616e+006 1.12874e+006 995303 883185 783457 716708 676879 631221 604291 585176 565926 556401 544800 542663 540517 526054 523745 522352 519588 529217 526046 525411 521073 510589 507590 500327 500899 507509 508912 517044 529129 534597 538536 547038 546482 561935 575059 584506 595158 588476 606477 618715 2.15108e+007 1.3274e+007 1.3755e+007 1.46989e+007 1.60228e+007 1.74582e+007 1.8817e+007 2.00051e+007 2.09916e+007 2.17821e+007 2.24e+007 2.28749e+007 2.32356e+007 2.35078e+007 2.37123e+007 2.38659e+007 2.39813e+007 2.40682e+007 2.41339e+007 2.41838e+007 2.42218e+007 2.4251e+007 2.42734e+007 2.42908e+007 2.43044e+007 2.43149e+007 2.43232e+007 2.43297e+007 2.43348e+007 2.43389e+007 2.43421e+007 2.43447e+007 2.43467e+007 2.43484e+007 2.43497e+007 2.43507e+007 2.43516e+007 2.43522e+007 2.43528e+007 2.43532e+007 2.43536e+007 2.43538e+007 2.43541e+007 2.43543e+007 2.43544e+007 2.43545e+007 2.43546e+007 2.43547e+007 2.43548e+007 2.43548e+007 2.43548e+007 2.43549e+007 2.43549e+007 2.43549e+007 2.43549e+007 2.4355e+007 2.4355e+007 2.4355e+007 2.4355e+007 2.4355e+007 2.4355e+007 2.4355e+007 2.4355e+007 2.4355e+007 2.4355e+007 2.4355e+007 2.4355e+007 2.4355e+007 2.4355e+007 2.4355e+007 2.4355e+007 2.4355e+007 2.4355e+007 2.4355e+007 2.4355e+007 2.4355e+007 2.4355e+007 2.4355e+007 2.4355e+007 2.4355e+007 2.4355e+007 2.4355e+007 2.4355e+007 2.4355e+007 2.4355e+007 2.4355e+007 2.4355e+007 2.4355e+007 2.4355e+007 2.4355e+007 2.4355e+007 2.4355e+007 2.4355e+007 2.4355e+007 2.4355e+007 2.4355e+007 2.4355e+007 2.4355e+007 2.4355e+007 2.4355e+007 0 0 0 0 0 0 0 0 0 0 0 0 0 0 0 0 0 0 0 0 0 0 0 0 0
#obs cpue bio
 4.20261e+006 5.78141e+006 4.07403e+006 2.14873e+006 2.67888e+006 2.29014e+006 2.03752e+006 2.04243e+006 2.59921e+006 1.4134e+006 1.44394e+006 1.29112e+006 1.25516e+006 961641 1.11936e+006 1.05233e+006 695102 667101 740458 669591 514649 442761 460825 428522 451321 405201 581072 652030 510522 397694 577341 317182 377507 608998 394150 556103 619830 638345 454259 610288 594489 638692 594576 548458 850638 615498 396452 583276 724134 607374 608721 527154 569551 519736
#pred surv len freq
 0.00494109 0.00798493 0.0119488 0.0167949 0.0224021 0.0284977 0.0346231 0.040235 0.0449048 0.0484591 0.0509642 0.0526114 0.0536109 0.0541418 0.0543388 0.0542966 0.0540828 0.0537376 0.0532313 0.0523752 0.0507503 0.047768 0.0429315 0.0361954 0.0281728
 0.00511192 0.00817716 0.0120847 0.0167611 0.022095 0.0278859 0.0337887 0.0393568 0.0441846 0.0480328 0.0508538 0.0527419 0.0538728 0.0544551 0.0546849 0.0547087 0.0546048 0.0543754 0.0539225 0.0529958 0.0511613 0.0478792 0.0427457 0.0358055 0.0277137
 0.00538052 0.00859751 0.0126804 0.0175265 0.0229773 0.028772 0.0345123 0.0397426 0.0441228 0.0475435 0.0500898 0.0519187 0.0531701 0.0539559 0.0543833 0.0545609 0.0545747 0.0544417 0.0540534 0.0531252 0.051196 0.0477393 0.0424103 0.0353285 0.0271969
 0.00557364 0.00892168 0.0131869 0.0182681 0.0239943 0.0300678 0.0360255 0.0413316 0.0455782 0.0486351 0.0506385 0.0518622 0.0525875 0.0530315 0.0533269 0.0535343 0.0536607 0.0536556 0.0533686 0.0524918 0.0505541 0.0470412 0.0416479 0.0345453 0.0264709
 0.00578236 0.00925583 0.0136818 0.0189574 0.0249089 0.0312311 0.037442 0.0429699 0.0473547 0.0504053 0.0522047 0.0530083 0.0531384 0.0529142 0.0525992 0.0523598 0.0522424 0.0521663 0.0519116 0.0511017 0.0492242 0.0457598 0.040427 0.0334301 0.025523
 0.00607665 0.00972006 0.0143543 0.0198653 0.0260653 0.032631 0.0390568 0.0447455 0.0492164 0.0522638 0.0539548 0.0545208 0.0542595 0.0534871 0.0525104 0.051586 0.0508682 0.0503571 0.0498575 0.0489653 0.0471206 0.0437687 0.0386164 0.0318674 0.0242653
 0.00634342 0.0101481 0.0149882 0.0207428 0.0272114 0.0340474 0.0407114 0.0465698 0.0511154 0.0541352 0.0557033 0.0560601 0.0555011 0.0543294 0.0528405 0.0513041 0.0499269 0.0487937 0.0477962 0.0465881 0.0446254 0.0413382 0.0364034 0.0299881 0.0227885
 0.00662307 0.0105944 0.0156448 0.0216462 0.028386 0.0354977 0.0424111 0.0484558 0.0530928 0.0560919 0.0575275 0.0576518 0.0567764 0.0552148 0.0532639 0.0511897 0.0492072 0.0474378 0.0458428 0.0441618 0.0419245 0.0385991 0.0338558 0.0278131 0.02109
 0.00694392 0.0111031 0.0163865 0.0226552 0.0296808 0.0370736 0.0442308 0.0504453 0.0551491 0.0580995 0.0593746 0.0592404 0.0580248 0.0560569 0.0536434 0.0510542 0.0485059 0.0461334 0.0439382 0.0417319 0.0391334 0.0356851 0.0310849 0.0254162 0.0192089
 0.00724851 0.0115932 0.0171147 0.0236668 0.0310054 0.0387122 0.0461416 0.0525396 0.0573037 0.0601798 0.0612572 0.0608247 0.059235 0.0568378 0.0539538 0.0508589 0.0477713 0.0448315 0.0420659 0.0393409 0.0363577 0.0327438 0.0282456 0.0229293 0.0172411
 0.00762352 0.0121805 0.0179576 0.0247924 0.0324231 0.0404098 0.0480783 0.0546394 0.0594581 0.0622615 0.0631374 0.0623894 0.0603957 0.0575352 0.054154 0.0505441 0.0469294 0.0434541 0.0401593 0.0369525 0.0336046 0.0298238 0.0254124 0.0204314 0.0152524
 0.00789409 0.0126112 0.0185887 0.0256554 0.0335354 0.0417675 0.0496477 0.0563552 0.0612329 0.064001 0.0647524 0.0637988 0.0615248 0.0583156 0.0545269 0.0504636 0.0463638 0.0423862 0.0385933 0.0349305 0.0312291 0.0272685 0.0229035 0.0181965 0.0134574
 0.00830264 0.0132539 0.0195153 0.0268968 0.035097 0.0436207 0.0517196 0.0585275 0.0633572 0.0659278 0.0663591 0.0650041 0.062289 0.0586289 0.0543949 0.0498947 0.045363 0.040957 0.0367494 0.0327153 0.0287378 0.0246594 0.0203821 0.0159701 0.0116769
 0.00849673 0.0135804 0.0200271 0.0276497 0.0361379 0.0449684 0.0533466 0.0603525 0.065257 0.0677615 0.0679922 0.0663261 0.0632219 0.0591301 0.0544524 0.0495173 0.0445683 0.0397648 0.0351849 0.030824 0.0266054 0.0224225 0.0182168 0.0140543 0.0101412
 0.0086893 0.0138948 0.0205035 0.0283282 0.0370534 0.0461403 0.0547655 0.0619704 0.0669868 0.0694862 0.0695812 0.0676537 0.0641855 0.0596626 0.0545266 0.0491396 0.0437677 0.0385816 0.0336664 0.0290313 0.0246261 0.0203804 0.0162638 0.0123406 0.00877455
 0.00886363 0.0141728 0.0209123 0.028891 0.0377869 0.0470509 0.0558432 0.0631847 0.0682873 0.0708066 0.0708442 0.0687754 0.0650805 0.0602538 0.0547556 0.0489754 0.0432086 0.0376522 0.0324125 0.0275189 0.0229452 0.018647 0.0146112 0.0108952 0.00762512
 0.00899563 0.0143936 0.0212556 0.029391 0.0384701 0.0479238 0.0568811 0.0643304 0.0694629 0.0719323 0.071853 0.0696168 0.0657166 0.0606521 0.054886 0.0488122 0.0427368 0.0368743 0.0313545 0.0262333 0.0215121 0.0171711 0.0132097 0.00967554 0.00665966
 0.00907033 0.014503 0.0213995 0.0295655 0.0386744 0.048168 0.0571891 0.0647331 0.0699821 0.0725656 0.0725673 0.0703551 0.0664119 0.0612407 0.0553134 0.0490341 0.0427192 0.0365969 0.0308174 0.0254642 0.0205706 0.0161442 0.0121993 0.00877671 0.00593852
 0.00910583 0.0145492 0.0214478 0.0296008 0.0386796 0.0481318 0.0571148 0.0646432 0.0699188 0.0725825 0.0727142 0.07066 0.0668666 0.0617986 0.0558996 0.0495634 0.0431127 0.0367943 0.030785 0.0252005 0.0201091 0.0155507 0.0115588 0.00817426 0.00543779
 0.00934261 0.0149017 0.0219169 0.0301636 0.0392926 0.0487389 0.0576548 0.0650585 0.0701661 0.0726463 0.0726159 0.070454 0.0666236 0.0615815 0.055743 0.0494636 0.0430331 0.0366813 0.0305874 0.0248876 0.0196813 0.015041 0.0110236 0.00767588 0.00502519
 0.00947725 0.0151107 0.0222122 0.0305474 0.0397543 0.0492523 0.0581766 0.0655317 0.0705311 0.0728572 0.0726538 0.0703324 0.0663842 0.0612823 0.0554419 0.0492022 0.0428244 0.036508 0.0304127 0.0246729 0.0194046 0.0147071 0.0106622 0.00732927 0.00473121
 0.00947523 0.0151209 0.0222523 0.030642 0.0399285 0.0495208 0.0585343 0.0659499 0.0709622 0.0732455 0.0729477 0.0704957 0.0664041 0.0611723 0.055238 0.048951 0.0425683 0.0362715 0.0301974 0.0244634 0.0191821 0.0144635 0.010407 0.00708468 0.00452156
 0.00952209 0.015188 0.0223374 0.0307396 0.0400347 0.0496392 0.0586779 0.0661363 0.0712022 0.0735315 0.0732493 0.0707663 0.0665953 0.0612501 0.0551928 0.0487991 0.0423439 0.0360136 0.0299361 0.0242135 0.0189454 0.0142377 0.0101938 0.00689261 0.00436187
 0.00950689 0.0151642 0.0223033 0.0306938 0.0399765 0.0495693 0.0586005 0.0660619 0.0711497 0.0735258 0.0733134 0.0709095 0.0668046 0.0614901 0.0554174 0.048968 0.0424353 0.036028 0.0298896 0.0241267 0.0188358 0.0141171 0.0100715 0.00677774 0.00426336
 0.00959208 0.0152858 0.022455 0.0308587 0.0401319 0.0496936 0.0586795 0.0660908 0.0711318 0.073471 0.0732378 0.0708337 0.0667491 0.0614679 0.0554272 0.0489936 0.0424529 0.0360168 0.0298403 0.0240428 0.0187289 0.0140012 0.00995865 0.00667739 0.00418161
 0.00952991 0.0152 0.0223534 0.0307569 0.040047 0.0496357 0.0586462 0.0660689 0.0711066 0.0734358 0.0731984 0.0708058 0.0667509 0.0615128 0.0555187 0.0491232 0.0426019 0.0361609 0.0299571 0.0241185 0.0187612 0.0139972 0.00993093 0.00663896 0.00414307
 0.00932496 0.0149023 0.0219718 0.0303243 0.0396127 0.0492528 0.0583584 0.0659034 0.07107 0.0735145 0.0733634 0.0710226 0.0669912 0.0617609 0.0557702 0.0493782 0.0428572 0.0364065 0.0301778 0.0242995 0.0188932 0.0140801 0.00997259 0.00665179 0.0041398
 0.00938195 0.0149677 0.0220213 0.0303218 0.0395245 0.0490675 0.0581005 0.0656294 0.0708466 0.0733905 0.0733522 0.0711029 0.0671229 0.0619044 0.0559001 0.0494867 0.0429484 0.0364878 0.0302525 0.0243651 0.0189441 0.0141122 0.00998614 0.00665119 0.00413146
 0.00934807 0.0149147 0.0219443 0.0302145 0.039377 0.0488653 0.0578291 0.0652846 0.0704478 0.0729876 0.0730162 0.0709028 0.0670978 0.0620501 0.0561753 0.0498331 0.0433128 0.0368329 0.0305581 0.0246218 0.0191485 0.0142646 0.0100906 0.00671577 0.00416671
 0.00926105 0.0147851 0.0217713 0.0300052 0.0391439 0.0486221 0.0575868 0.065049 0.0702201 0.072768 0.0728114 0.0707323 0.0669946 0.0620491 0.0562969 0.0500712 0.0436352 0.0371941 0.0309143 0.0249408 0.0194124 0.0144673 0.0102349 0.00681014 0.0042228
 0.00939399 0.0149594 0.0219569 0.0301498 0.0391895 0.0485298 0.0573557 0.0647172 0.0698466 0.0724079 0.0724996 0.0704824 0.0668088 0.0619307 0.0562549 0.0501156 0.043767 0.0373985 0.031162 0.0251969 0.0196465 0.01466 0.0103789 0.00690807 0.00428324
 0.00923416 0.014739 0.0216962 0.029887 0.0389633 0.048356 0.0572139 0.0645612 0.0696343 0.0721321 0.0721975 0.0702181 0.0666427 0.0618958 0.0563531 0.050328 0.0440668 0.0377567 0.0315484 0.0255796 0.0199951 0.0149517 0.0106023 0.00706437 0.00438278
 0.0089805 0.0143721 0.0212298 0.0293668 0.0384585 0.0479416 0.0569512 0.0644812 0.0697263 0.0723432 0.0724492 0.0704371 0.0667908 0.0619805 0.0564135 0.0504088 0.0441977 0.0379456 0.0317842 0.0258398 0.0202531 0.0151828 0.0107898 0.00720197 0.00447392
 0.00869304 0.0139245 0.0205953 0.0285405 0.0374656 0.0468463 0.0558604 0.0635337 0.0690608 0.0720549 0.0725571 0.0708808 0.0674567 0.0627448 0.0571796 0.0511255 0.0448531 0.0385476 0.0323411 0.02635 0.0207052 0.0155626 0.0110875 0.0074172 0.00461617
 0.00863755 0.0138088 0.0203745 0.0281583 0.0368699 0.0460138 0.0548204 0.0623765 0.0679248 0.0710965 0.0719141 0.0706391 0.0676298 0.0632732 0.0579526 0.0520179 0.0457595 0.0394004 0.0331079 0.0270195 0.0212731 0.0160257 0.011445 0.00767443 0.00478661
 0.00930591 0.0147496 0.0215189 0.0293455 0.0378859 0.0466572 0.0549607 0.0619798 0.0670485 0.0698696 0.0705131 0.0692591 0.0664483 0.062414 0.0574635 0.0518704 0.0458725 0.0396743 0.0334543 0.0273761 0.021603 0.0163092 0.0116728 0.00784452 0.0049033
 0.00986992 0.0156351 0.0227851 0.0310063 0.0398829 0.0488336 0.0570522 0.0636517 0.0679868 0.0698889 0.0696234 0.0676538 0.0644298 0.0603008 0.0555173 0.0502576 0.0446576 0.0388386 0.0329287 0.0270751 0.0214496 0.016245 0.011658 0.00785308 0.00491936
 0.00984221 0.0156759 0.0230046 0.0315581 0.0409218 0.0504464 0.0591928 0.0661146 0.070437 0.0719386 0.0709279 0.0680013 0.0637966 0.0588515 0.0535471 0.0481013 0.0426032 0.037075 0.0315364 0.0260496 0.0207372 0.0157753 0.0113638 0.00767902 0.00482305
 0.00954282 0.0152339 0.0224286 0.0309014 0.0402887 0.0499895 0.0590945 0.0665447 0.0714854 0.0735485 0.0728727 0.0699302 0.0653397 0.0597371 0.0536799 0.047572 0.0416329 0.0359266 0.0304335 0.0251308 0.0200529 0.0153116 0.0110749 0.00751274 0.00473453
 0.00933107 0.0148902 0.021915 0.0301895 0.0393754 0.0489177 0.0579726 0.0655483 0.0708291 0.0734295 0.0734023 0.0710799 0.0669254 0.0614599 0.0552149 0.0486719 0.0421983 0.0360131 0.0301989 0.0247572 0.0196832 0.0150229 0.0108854 0.0074058 0.00468251
 0.00924843 0.0147568 0.0217149 0.0299057 0.03899 0.0484148 0.0573478 0.0648223 0.0700636 0.0727341 0.0729231 0.0709624 0.0672605 0.0622335 0.0562924 0.0498332 0.0432142 0.0367255 0.0305647 0.0248378 0.0195932 0.0148732 0.0107484 0.00731074 0.00462872
 0.00930059 0.0148097 0.0217356 0.0298446 0.0387938 0.0480475 0.0568073 0.0641436 0.0693079 0.0719753 0.0722417 0.0704467 0.0670025 0.0623082 0.0567238 0.0505655 0.0441134 0.0376197 0.0313053 0.0253477 0.0198773 0.0149913 0.0107744 0.00730153 0.00461499
 0.00928996 0.0147986 0.0217286 0.0298444 0.0387942 0.0480254 0.0567211 0.0639442 0.0689604 0.0714811 0.0716473 0.069835 0.0664731 0.0619563 0.0566213 0.0507425 0.0445427 0.0382158 0.0319476 0.0259211 0.0203095 0.0152675 0.0109233 0.00736867 0.0046402
 0.00927604 0.0147837 0.0217204 0.0298552 0.0388375 0.0481098 0.0568427 0.0640812 0.069072 0.0715148 0.0715553 0.0695953 0.0661053 0.0615239 0.0562155 0.0504546 0.0444346 0.0382991 0.0321807 0.0262271 0.0206079 0.0155026 0.0110766 0.00745152 0.00467674
 0.00941262 0.0149736 0.0219475 0.030086 0.0390324 0.0482405 0.0569047 0.0640923 0.0690583 0.0714923 0.0715181 0.0695171 0.0659547 0.0612851 0.0559042 0.0501201 0.0441438 0.0381105 0.0321204 0.0262802 0.0207293 0.0156397 0.0111909 0.00752761 0.00471794
 0.00947851 0.0150813 0.022109 0.0303083 0.0393111 0.0485526 0.0572065 0.0643294 0.0691852 0.0714922 0.0714084 0.069336 0.0657376 0.0610499 0.0556532 0.0498551 0.0438803 0.0378794 0.0319546 0.0261976 0.020723 0.0156831 0.0112516 0.00758142 0.00475453
 0.00953578 0.0151817 0.0222732 0.0305595 0.0396681 0.0490199 0.0577632 0.0649247 0.0697447 0.0719343 0.0716657 0.0693742 0.0655636 0.0607045 0.0551941 0.049339 0.0433546 0.0373832 0.0315212 0.0258519 0.0204756 0.0155266 0.0111651 0.00753953 0.00473612
 0.00947932 0.015089 0.0221337 0.0303669 0.0394275 0.0487548 0.057519 0.0647611 0.0697157 0.0720651 0.0719383 0.0697314 0.0659296 0.0610112 0.0554002 0.0494355 0.0433587 0.0373254 0.0314352 0.0257669 0.0204116 0.0154918 0.0111562 0.00754681 0.00474906
 0.00954215 0.0151743 0.0222305 0.0304534 0.0394762 0.0487411 0.0574315 0.0646079 0.0695264 0.0718855 0.0718179 0.0697057 0.066005 0.0611606 0.0555745 0.0495841 0.0434477 0.0373464 0.0314018 0.0257042 0.0203448 0.0154382 0.0111228 0.00753161 0.00474565
 0.0096222 0.0153018 0.0224162 0.0307025 0.0397829 0.0490835 0.0577689 0.0648859 0.0696929 0.0719098 0.0717046 0.0694933 0.0657508 0.0609186 0.0553762 0.0494326 0.0433249 0.037229 0.0312753 0.0255692 0.0202131 0.0153242 0.011036 0.00747371 0.00471188
 0.00964239 0.0153397 0.0224826 0.0308109 0.0399464 0.0493094 0.0580522 0.0652056 0.0700113 0.0721795 0.0718791 0.0695422 0.0656705 0.0607345 0.0551329 0.0491758 0.0430861 0.0370198 0.0310929 0.025407 0.0200686 0.0152008 0.0109385 0.00740406 0.00466748
 0.00970105 0.0154462 0.0226632 0.0310952 0.0403588 0.049856 0.0587093 0.0659176 0.0707013 0.0727665 0.0722942 0.0697383 0.0656285 0.0604658 0.0546788 0.0485994 0.0424585 0.0364033 0.0305311 0.0249228 0.0196699 0.0148869 0.0107043 0.00724061 0.00456224
 0.00920316 0.0147254 0.0217441 0.0300619 0.0393363 0.0489778 0.0580875 0.0656263 0.07077 0.0731766 0.0729807 0.0706007 0.0665506 0.0613396 0.0554238 0.0491733 0.0428572 0.0366518 0.0306684 0.0249877 0.0196927 0.0148877 0.0106954 0.0072292 0.00455226
 0.00847991 0.0136423 0.02029 0.0282963 0.037384 0.0470112 0.0563076 0.0642391 0.0699502 0.0730242 0.0734925 0.0716736 0.0680148 0.0630019 0.0571053 0.0507339 0.0442071 0.0377519 0.0315208 0.0256213 0.0201473 0.0152031 0.010906 0.00736322 0.00463264
#obs surv len freq
 nan nan nan nan nan nan nan nan nan nan nan nan nan nan nan nan nan nan nan nan nan nan nan nan nan
 0.00448368 0.0073449 0.0111752 0.0159926 0.0216951 0.0279729 0.034289 0.0400215 0.0447012 0.0481641 0.0505203 0.052014 0.0529041 0.0534145 0.0537271 0.0539807 0.0542584 0.0545505 0.0546889 0.0542807 0.0527187 0.0493512 0.0438015 0.0362823 0.0276669
 0.00461539 0.00756001 0.0115005 0.0164527 0.0223067 0.0287354 0.0351757 0.0409766 0.0456471 0.0490162 0.0512028 0.0524715 0.0531072 0.0533609 0.0534376 0.0534915 0.0536123 0.0537901 0.0538531 0.0534064 0.0518446 0.0485201 0.0430578 0.0356637 0.027194
 0.00477616 0.00782432 0.0119037 0.0170294 0.0230836 0.0297203 0.0363455 0.0422725 0.0469812 0.050286 0.0523073 0.0533228 0.0536394 0.0535358 0.0532474 0.0529578 0.0527797 0.0527172 0.0526058 0.0520549 0.0504643 0.0471914 0.0418608 0.0346643 0.0264288
 0.00496453 0.00813237 0.0123709 0.0176939 0.0239758 0.0308514 0.0376954 0.0437844 0.048567 0.0518409 0.0537235 0.0544996 0.0544897 0.0539917 0.0532669 0.0525285 0.051921 0.0514786 0.0510625 0.0503039 0.0486207 0.0453824 0.0402121 0.0332785 0.0253637
 0.00518106 0.00848592 0.0129059 0.0184529 0.0249915 0.0321341 0.0392203 0.0454865 0.0503501 0.0535946 0.0553391 0.0558784 0.0555448 0.0546488 0.0534663 0.0522308 0.0511133 0.0501821 0.0493384 0.0482556 0.0463915 0.043144 0.0381402 0.03152 0.0240039
 0.00541816 0.00887336 0.0134927 0.0192861 0.0261071 0.0335434 0.040895 0.0473536 0.0523023 0.0555106 0.0571025 0.0573883 0.0567172 0.0554142 0.053767 0.0520199 0.0503599 0.0488813 0.0475264 0.0460233 0.0438905 0.0405752 0.0357228 0.0294438 0.0223857
 0.00566416 0.00927667 0.014106 0.0201606 0.027283 0.0350341 0.0426712 0.0493376 0.0543787 0.0575487 0.0589772 0.0589922 0.0579641 0.0562372 0.0541133 0.051847 0.0496344 0.0475871 0.0456808 0.0436995 0.0412332 0.0377964 0.0330681 0.027137 0.0205719
 0.00590479 0.00967339 0.0147134 0.0210334 0.0284653 0.036543 0.0444793 0.051367 0.0565116 0.0596495 0.060915 0.0606537 0.0592587 0.057096 0.0544857 0.0516949 0.0489286 0.0463105 0.0438431 0.0413611 0.0385271 0.0349317 0.0302999 0.0247074 0.0186457
 0.00615622 0.0100827 0.0153306 0.0219061 0.0296307 0.0380145 0.0462322 0.0533314 0.0585808 0.0616979 0.062817 0.0622967 0.0605492 0.0579617 0.0548736 0.0515669 0.0482576 0.0450812 0.0420632 0.0390835 0.0358738 0.0321012 0.027543 0.0222691 0.0166993
 0.00637274 0.0104426 0.0158868 0.0227124 0.0307306 0.0394237 0.0479218 0.0552234 0.0605614 0.0636418 0.0646076 0.0638363 0.061759 0.0587793 0.0552496 0.0514628 0.0476443 0.0439412 0.0404014 0.0369463 0.0333714 0.0294174 0.0249138 0.0199303 0.014822
 0.00661004 0.010828 0.0164665 0.0235298 0.031819 0.0407942 0.0495492 0.0570399 0.0624629 0.0655057 0.0663132 0.0652792 0.0628598 0.0594835 0.0555232 0.0512839 0.046997 0.0428157 0.0388038 0.0349181 0.0310116 0.0268922 0.0224396 0.0177259 0.0130481
 0.00683883 0.0112024 0.0170343 0.0243361 0.0328965 0.0421483 0.051144 0.0587947 0.0642661 0.0672376 0.0678656 0.0665653 0.0638144 0.0600612 0.0556955 0.0510353 0.0463206 0.0417116 0.0372847 0.0330248 0.0288329 0.0245754 0.0201765 0.0157112 0.0114262
 0.00706733 0.0115794 0.0176116 0.0251641 0.034013 0.0435606 0.0528116 0.0606247 0.0661273 0.0689885 0.069381 0.0677517 0.0646145 0.0604491 0.0556679 0.050602 0.0454961 0.040513 0.0357365 0.0311722 0.0267589 0.0224102 0.0180869 0.0138651 0.00994682
 0.00727169 0.011912 0.0181129 0.0258726 0.0349585 0.044753 0.0542281 0.062203 0.0677712 0.0705821 0.0708071 0.068907 0.065421 0.0608606 0.0556693 0.0502026 0.0447201 0.0393916 0.0343075 0.0294882 0.0249 0.0204921 0.0162521 0.0122543 0.00866133
 0.00745316 0.0122129 0.0185761 0.0265406 0.035863 0.0459 0.0555839 0.0636919 0.0692885 0.0720169 0.0720609 0.0699021 0.0661006 0.0611879 0.055627 0.0497928 0.0439623 0.0383186 0.0329639 0.0279329 0.0232133 0.018779 0.0146347 0.0108489 0.00754841
 0.00754274 0.0123623 0.0188086 0.0268823 0.0363398 0.0465316 0.0563757 0.0646278 0.0703284 0.0730997 0.073111 0.0708401 0.0668533 0.0616963 0.0558502 0.0497087 0.043567 0.0376263 0.0320067 0.0267634 0.0219061 0.0174299 0.0133511 0.0097298 0.00666114
 0.00758458 0.0124249 0.0188939 0.0269906 0.0364736 0.0466998 0.0565956 0.0649233 0.0707227 0.0736054 0.0737208 0.0715214 0.0675502 0.0623371 0.0563602 0.0500224 0.0436375 0.037431 0.0315504 0.0260786 0.0210535 0.0164934 0.0124261 0.00890497 0.00599808
 0.00766729 0.0125493 0.0190618 0.0271965 0.0367054 0.0469413 0.0568304 0.065139 0.0709165 0.0737878 0.0739143 0.0717508 0.0678285 0.0626545 0.0566809 0.0502909 0.0437922 0.0374196 0.0313431 0.0256766 0.0204913 0.015834 0.0117487 0.00828603 0.0054931
 0.00774069 0.0126666 0.0192341 0.0274306 0.0370007 0.0472853 0.0571959 0.0654868 0.0712059 0.0739902 0.0740238 0.0717859 0.0678237 0.0626457 0.05669 0.0503157 0.0438056 0.0373786 0.031205 0.0254161 0.0201118 0.0153699 0.0112558 0.00782491 0.00511063
 0.00777967 0.0127265 0.0193178 0.0275394 0.0371345 0.0474434 0.0573763 0.0656841 0.0714088 0.0741813 0.0741829 0.0718972 0.0678825 0.062661 0.0566803 0.0502987 0.0437866 0.0373456 0.0311324 0.0252772 0.0198941 0.0150839 0.010934 0.00751042 0.00484132
 0.0078407 0.0128163 0.0194355 0.0276781 0.037283 0.04759 0.0575117 0.0658029 0.0715093 0.074265 0.0742516 0.0719504 0.0679169 0.0626725 0.0566675 0.0502652 0.0437385 0.037285 0.0310535 0.0251678 0.0197434 0.0148922 0.0107169 0.00729392 0.00465185
 0.00784378 0.0128237 0.0194509 0.0277053 0.0373243 0.0476437 0.0575706 0.0658565 0.071549 0.0742881 0.0742643 0.0719635 0.06794 0.0627091 0.0567136 0.0503122 0.0437771 0.0373077 0.0310536 0.0251387 0.0196799 0.0147947 0.0105945 0.00716337 0.00453186
 0.00787332 0.012863 0.0194942 0.0277428 0.0373456 0.0476431 0.0575508 0.0658274 0.071522 0.0742711 0.0742588 0.0719678 0.0679526 0.0627303 0.0567446 0.0503519 0.0438206 0.0373472 0.0310799 0.0251437 0.0196583 0.0147463 0.010525 0.00708408 0.00445574
 0.00787249 0.0128628 0.0194955 0.0277458 0.037349 0.047642 0.0575376 0.0657944 0.0714669 0.0742006 0.0741879 0.0719135 0.0679278 0.0627394 0.0567842 0.050414 0.0438955 0.0374244 0.0311492 0.0251956 0.0196862 0.0147479 0.0105039 0.00704822 0.00441529
 0.00790337 0.0129051 0.0195445 0.0277927 0.0373834 0.0476564 0.0575299 0.0657678 0.0714262 0.0741496 0.0741291 0.071851 0.0678686 0.0626932 0.0567596 0.050415 0.04392 0.0374653 0.0311963 0.0252387 0.0197168 0.0147614 0.0105004 0.00703216 0.00439332
 0.00792762 0.012943 0.0195985 0.0278628 0.0374657 0.0477421 0.0576054 0.0658172 0.0714373 0.0741187 0.0740626 0.0717622 0.0677725 0.0626029 0.0566846 0.0503615 0.0438907 0.0374586 0.0312068 0.0252579 0.019736 0.0147739 0.0105031 0.00702617 0.00438217
 0.00792564 0.0129409 0.0195974 0.0278646 0.0374726 0.0477561 0.0576267 0.0658437 0.0714636 0.0741374 0.0740662 0.0717469 0.0677399 0.0625595 0.0566399 0.0503246 0.0438679 0.0374525 0.0312156 0.025277 0.0197586 0.0147937 0.0105161 0.00703145 0.0043814
 0.007886 0.0128774 0.0195041 0.0277375 0.0373123 0.0475697 0.0574303 0.0656606 0.0713192 0.0740515 0.0740473 0.0717904 0.0678315 0.0626811 0.0567752 0.0504622 0.0440017 0.0375797 0.0313345 0.0253848 0.0198518 0.014869 0.0105717 0.00706814 0.00440262
 0.00786938 0.0128424 0.0194368 0.027621 0.0371317 0.04732 0.0571233 0.0653261 0.0709991 0.0737891 0.073877 0.0717305 0.0678825 0.0628272 0.0569896 0.0507147 0.0442651 0.0378336 0.0315659 0.0255862 0.0200194 0.0150012 0.0106694 0.00713485 0.00444411
 0.00786514 0.0128352 0.0194247 0.0276003 0.0370957 0.0472583 0.0570232 0.0651771 0.0707999 0.0735533 0.0736341 0.0715188 0.0677382 0.0627733 0.0570306 0.0508373 0.0444447 0.0380417 0.0317773 0.025782 0.0201878 0.0151365 0.0107708 0.00720523 0.00448889
 0.00783134 0.0127828 0.0193507 0.0275041 0.036979 0.0471254 0.0568804 0.0650315 0.0706568 0.0734156 0.0735034 0.0714005 0.0676442 0.0627214 0.0570384 0.0509142 0.0445868 0.0382326 0.0319927 0.0259971 0.0203823 0.0152979 0.0108941 0.00729196 0.00454481
 0.00780901 0.0127413 0.0192791 0.02739 0.0368128 0.0469065 0.0566215 0.0647586 0.0704023 0.073208 0.07336 0.0713251 0.0676308 0.0627614 0.0571255 0.0510461 0.0447617 0.0384443 0.0322278 0.0262365 0.0206056 0.0154887 0.0110435 0.00739902 0.00461482
 0.00777943 0.0126921 0.0192027 0.0272783 0.0366581 0.0467042 0.0563734 0.0644756 0.0701059 0.0729279 0.0731288 0.0711704 0.0675687 0.0627927 0.0572389 0.0512238 0.0449855 0.0386981 0.0324965 0.0265039 0.0208546 0.0157039 0.0112149 0.00752393 0.00469781
 0.00774728 0.0126409 0.0191279 0.0271759 0.0365256 0.0465412 0.0561824 0.0642631 0.0698818 0.0727055 0.0729245 0.0710033 0.0674582 0.0627547 0.0572809 0.0513426 0.0451683 0.0389264 0.0327495 0.0267612 0.0210978 0.0159171 0.0113875 0.00765213 0.00478452
 0.00935188 0.0148861 0.0218355 0.0299563 0.0388913 0.0480878 0.0567317 0.0638889 0.068825 0.0712508 0.0713106 0.0693918 0.0659447 0.0613916 0.0560963 0.0503493 0.044367 0.038307 0.0322934 0.0264436 0.020891 0.0157934 0.011321 0.00762111 0.00477282
 0.00933408 0.0151547 0.0227642 0.0320083 0.0424176 0.0530544 0.0625473 0.0695011 0.0730947 0.0734015 0.0711838 0.0673878 0.0627445 0.0576659 0.05234 0.0468563 0.0412799 0.0356783 0.0301275 0.0247193 0.0195706 0.0148271 0.0106505 0.00718379 0.00450698
 0.00898856 0.0146122 0.0220054 0.0310855 0.0415082 0.0524966 0.062799 0.0709761 0.0759143 0.0772101 0.0751937 0.0706776 0.0646427 0.057983 0.0513376 0.0450303 0.0391278 0.0335641 0.028258 0.0231804 0.0183744 0.0139465 0.0100385 0.00678479 0.00426482
 0.00878865 0.0142781 0.0214869 0.0303343 0.0404972 0.0512544 0.0614524 0.0697772 0.0752176 0.0773738 0.0764208 0.0728688 0.0673656 0.0606133 0.053309 0.0460489 0.0392293 0.0330129 0.0273841 0.0222545 0.0175601 0.0133112 0.00958658 0.00648861 0.00408574
 0.00872759 0.0141697 0.0213059 0.0300486 0.0400722 0.0506619 0.060685 0.0688668 0.0742544 0.0765189 0.0758939 0.0728925 0.0680694 0.0619394 0.0549904 0.0476963 0.0404893 0.0337035 0.0275303 0.0220231 0.0171544 0.0128912 0.00924059 0.00624333 0.00393133
 0.00870393 0.0141275 0.0212345 0.0299344 0.0398985 0.0504114 0.0603427 0.0684244 0.0737167 0.0759142 0.0752872 0.0723928 0.0678161 0.062059 0.0555318 0.0485819 0.0415231 0.0346453 0.0281963 0.0223505 0.0171975 0.0127651 0.00905762 0.00607675 0.00381085
 0.00869147 0.0141091 0.0212101 0.0299037 0.0398599 0.0503592 0.0602661 0.0683078 0.0735429 0.0756704 0.0749735 0.072032 0.0674616 0.061793 0.0554448 0.0487351 0.0419092 0.0351771 0.0287377 0.0227761 0.0174438 0.0128423 0.00902361 0.00599723 0.00373217
 0.00869017 0.0141055 0.0212019 0.0298884 0.0398351 0.0503243 0.0602223 0.0682563 0.0734822 0.075594 0.0748701 0.0718913 0.0672838 0.061598 0.0552753 0.0486467 0.0419475 0.0353512 0.0290083 0.0230698 0.0176868 0.0129931 0.00908268 0.00599376 0.00370141
 0.00867051 0.0140783 0.0211698 0.0298561 0.0398083 0.0503063 0.0602124 0.0682504 0.0734745 0.075579 0.0748434 0.0718483 0.0672205 0.0615132 0.0551775 0.048557 0.0418965 0.0353662 0.0290968 0.0232117 0.0178426 0.013123 0.00916463 0.00602854 0.0037045
 0.0086729 0.0140783 0.0211628 0.0298365 0.0397716 0.0502528 0.060149 0.068189 0.0734273 0.0755527 0.0748365 0.0718528 0.0672252 0.061509 0.0551599 0.0485292 0.0418704 0.0353586 0.0291221 0.023273 0.0179279 0.0132108 0.00923513 0.00607243 0.00372408
 0.0086487 0.0140445 0.0211219 0.0297936 0.0397321 0.0502193 0.0601199 0.0681597 0.0733948 0.0755185 0.074807 0.0718355 0.0672241 0.0615218 0.0551798 0.0485494 0.041888 0.035377 0.0291486 0.0233133 0.0179816 0.0132703 0.00928935 0.0061129 0.00374842
 0.00864121 0.0140282 0.0210904 0.0297394 0.0396503 0.0501117 0.0599974 0.0680406 0.0732977 0.075456 0.0747819 0.0718431 0.067257 0.061573 0.0552434 0.0486194 0.0419588 0.0354449 0.0292127 0.0233752 0.0180422 0.0133279 0.00934005 0.00615244 0.00377505
 0.00864208 0.0140312 0.0210974 0.0297521 0.0396682 0.0501304 0.0600085 0.0680339 0.0732668 0.0754023 0.0747152 0.0717775 0.0672046 0.0615403 0.0552308 0.0486237 0.0419755 0.0354696 0.0292422 0.0234074 0.0180759 0.0133615 0.00937104 0.00617814 0.00379378
 0.00862389 0.0140015 0.0210528 0.0296902 0.0395891 0.0500383 0.0599118 0.0679443 0.0731948 0.0753535 0.0746898 0.0717723 0.0672167 0.061569 0.0552759 0.0486838 0.0420467 0.0355463 0.0293189 0.0234795 0.0181403 0.0134164 0.00941542 0.00621171 0.00381711
 0.00863031 0.0140131 0.0210721 0.0297195 0.0396291 0.0500862 0.0599606 0.0679842 0.0732163 0.0753516 0.0746647 0.071729 0.0671623 0.0615105 0.0552202 0.0486368 0.0420127 0.0355273 0.0293139 0.0234856 0.0181536 0.013433 0.00943227 0.0062265 0.00382856
 0.00863031 0.0140131 0.0210721 0.0297195 0.0396291 0.0500862 0.0599606 0.0679842 0.0732163 0.0753516 0.0746647 0.071729 0.0671623 0.0615105 0.0552202 0.0486368 0.0420127 0.0355273 0.0293139 0.0234856 0.0181536 0.013433 0.00943227 0.0062265 0.00382856
 0.00874592 0.0141956 0.0213358 0.030072 0.0400674 0.0505916 0.0604953 0.0684925 0.0736347 0.0756244 0.0747584 0.0716386 0.0669099 0.0611371 0.0547751 0.0481681 0.0415603 0.0351196 0.0289676 0.0232071 0.0179415 0.0132805 0.00932912 0.00616142 0.00379053
 0.00860866 0.0139926 0.0210686 0.0297574 0.0397355 0.0502813 0.0602482 0.0683469 0.0736169 0.0757399 0.0749875 0.0719401 0.0672329 0.0614353 0.0550178 0.0483437 0.0416739 0.0351858 0.0290036 0.0232273 0.0179552 0.0132922 0.00933993 0.00617095 0.00379811
 0.00862993 0.014009 0.0210605 0.0296979 0.0396004 0.0500638 0.0599698 0.0680557 0.073373 0.0755941 0.0749655 0.0720378 0.0674218 0.061673 0.0552604 0.0485562 0.0418361 0.0352938 0.0290656 0.0232573 0.0179671 0.0132962 0.00934189 0.00617292 0.00380029
#pred catch len freq
 0.00471415 0.00742157 0.0107509 0.0145895 0.0188647 0.023531 0.0284983 0.0335888 0.0385679 0.0432063 0.0473181 0.0507753 0.0535149 0.0555396 0.056905 0.0577018 0.0580412 0.0580274 0.0576906 0.0568778 0.0551716 0.0519567 0.0467076 0.0393835 0.0306558
 0.00489312 0.00763809 0.0109427 0.014662 0.0187277 0.0231511 0.0279333 0.0329747 0.0380602 0.0429087 0.0472449 0.0508657 0.0536843 0.055733 0.0571237 0.0579919 0.0584535 0.0585684 0.058292 0.0574054 0.0554763 0.0519443 0.0463864 0.0388595 0.0300791
 0.00518139 0.00807796 0.0115457 0.0154061 0.019547 0.0239327 0.0285296 0.0332439 0.0379262 0.0424097 0.0465291 0.0501262 0.0530735 0.055314 0.0568822 0.0578867 0.0584561 0.0586649 0.0584535 0.0575631 0.0555298 0.0518069 0.0460351 0.0383523 0.0295262
 0.00541612 0.00845376 0.0121009 0.0161727 0.0205439 0.025152 0.0299165 0.0346796 0.0392312 0.0433793 0.0469972 0.0500316 0.0524896 0.0544164 0.0558728 0.0569207 0.0576112 0.057953 0.0578454 0.0570048 0.0549556 0.0511623 0.0453072 0.0375848 0.0288014
 0.00568743 0.00887409 0.0126969 0.0169609 0.0215356 0.0263568 0.0313374 0.0362967 0.0409791 0.0451288 0.0485572 0.0511822 0.0530451 0.0542936 0.0551244 0.0557121 0.0561519 0.0564225 0.0563509 0.0555808 0.0535928 0.0498456 0.044047 0.0364274 0.0278128
 0.00601824 0.00938347 0.0134116 0.0178901 0.0226745 0.0276927 0.0328516 0.0379612 0.0427523 0.0469485 0.0503294 0.0527707 0.0542748 0.0549805 0.0551305 0.0549992 0.0548021 0.0546085 0.0542742 0.0534141 0.0514566 0.047821 0.0422018 0.0348301 0.0265225
 0.00634282 0.009888 0.0141286 0.0188369 0.0238543 0.0290954 0.0344514 0.0397131 0.0445928 0.0488021 0.0521139 0.0543965 0.0556375 0.0559546 0.0555774 0.0547971 0.0538901 0.0530216 0.0521446 0.0509379 0.0488469 0.0452735 0.0398792 0.0328551 0.0249686
 0.00669438 0.0104319 0.014897 0.0198448 0.0251023 0.0305736 0.0361364 0.0415621 0.0465396 0.0507595 0.0539823 0.0560743 0.0570275 0.0569643 0.0561131 0.054763 0.0532022 0.0516399 0.050108 0.0483806 0.0459841 0.0423613 0.0371657 0.0305362 0.023156
 0.00709094 0.011043 0.0157553 0.0209614 0.0264705 0.0321737 0.0379355 0.0435093 0.0485634 0.052771 0.0558822 0.0577606 0.0584033 0.0579421 0.0566154 0.0547182 0.0525445 0.0503216 0.0481286 0.0458202 0.0430208 0.0392542 0.0342039 0.0279701 0.0211404
 0.00748388 0.0116537 0.0166229 0.0221059 0.0278936 0.0338589 0.0398444 0.0455765 0.050698 0.0548655 0.0578251 0.0594469 0.0597407 0.0588542 0.0570399 0.0546021 0.0518406 0.0489931 0.0461685 0.0432836 0.0400539 0.0360962 0.0311472 0.0252885 0.0190163
 0.00789091 0.0122783 0.0174952 0.0232339 0.0292686 0.0354633 0.0416519 0.0475443 0.0527578 0.056922 0.0597629 0.0611445 0.0610873 0.0597613 0.057445 0.0544632 0.0511275 0.0476856 0.0442674 0.0408378 0.0371896 0.033029 0.0281531 0.0226385 0.0169012
 0.00830161 0.0129085 0.0183746 0.0243669 0.0306387 0.0370388 0.043388 0.0493824 0.0546267 0.0587432 0.0614551 0.0626254 0.0622742 0.0605753 0.057817 0.0543391 0.05047 0.0464742 0.0425062 0.0385732 0.0345355 0.030178 0.0253564 0.0201488 0.0149024
 0.00875949 0.0136126 0.0193599 0.0256411 0.0321848 0.0388197 0.0453454 0.0514334 0.0566659 0.0606539 0.0631263 0.0639656 0.0632188 0.0610847 0.0578691 0.0539206 0.0495708 0.045089 0.0406454 0.036283 0.0319203 0.027412 0.0226662 0.0177631 0.012989
 0.00906449 0.0140953 0.0200622 0.0265949 0.0334078 0.0403095 0.0470698 0.0533233 0.0586187 0.062546 0.0648302 0.0653663 0.0642263 0.0616421 0.0579523 0.0535298 0.0487188 0.0437937 0.038933 0.0342035 0.0295689 0.0249408 0.0202713 0.0156426 0.0112883
 0.00932872 0.0145094 0.020658 0.0273952 0.0344278 0.0415552 0.0485323 0.0549683 0.0603787 0.0643205 0.0664946 0.0667896 0.065292 0.0622662 0.0580917 0.0531795 0.0479012 0.0425473 0.0373069 0.0322641 0.0274135 0.0227073 0.0181289 0.0137589 0.00978402
 0.00958326 0.0149012 0.0212076 0.0281099 0.0353044 0.0425849 0.0497004 0.0562508 0.0617376 0.0657009 0.0678246 0.0679826 0.0662541 0.0629085 0.0583444 0.0530028 0.047289 0.0415237 0.0359212 0.0305888 0.0255486 0.020782 0.016292 0.0121515 0.00850534
 0.00970603 0.0151031 0.021516 0.0285521 0.0359034 0.0433516 0.0506255 0.0573015 0.0628623 0.0668383 0.0689122 0.0689603 0.0670639 0.0634936 0.0586513 0.0529867 0.0469215 0.0408007 0.0348681 0.0292629 0.0240395 0.0192075 0.014784 0.0108315 0.00745629
 0.00974321 0.0151566 0.0215853 0.028637 0.0360101 0.0434995 0.0508496 0.0576442 0.0633562 0.0674892 0.0696898 0.0698038 0.0678965 0.064237 0.0592342 0.0533483 0.0470141 0.0405946 0.0343591 0.0284806 0.02305 0.0181089 0.0136914 0.00985309 0.00666778
 0.00983218 0.0152823 0.0217391 0.0287984 0.0361525 0.0436 0.0508995 0.057656 0.0633647 0.0675453 0.0698461 0.0700947 0.0683219 0.0647564 0.0597763 0.0538278 0.0473499 0.0407229 0.0342436 0.0281193 0.0224798 0.0174022 0.0129424 0.00915545 0.00609144
 0.0100502 0.0156028 0.0221581 0.0292886 0.0366689 0.0440913 0.0513171 0.0579607 0.0635327 0.0675746 0.0697619 0.0699467 0.0681707 0.0646536 0.0597447 0.0538529 0.0473847 0.0407042 0.0341135 0.0278437 0.0220601 0.0168769 0.0123764 0.00862049 0.00564451
 0.0101884 0.0158137 0.022449 0.029656 0.0370976 0.0445552 0.0517794 0.0583766 0.0638558 0.0677675 0.0698072 0.0698532 0.0679727 0.0644026 0.059495 0.0536436 0.0472258 0.0405748 0.0339717 0.0276466 0.0217838 0.0165278 0.0119893 0.00824412 0.00532264
 0.0102053 0.0158501 0.0225207 0.029783 0.0372997 0.0448438 0.0521494 0.0588024 0.0642938 0.0681645 0.0701114 0.0700254 0.0679967 0.06429 0.0592817 0.0533786 0.0469543 0.0403231 0.0337412 0.0274201 0.0215404 0.016259 0.0117058 0.00797137 0.00508831
 0.0102259 0.0158785 0.0225546 0.02982 0.0373412 0.0448995 0.0522392 0.0589503 0.064516 0.0684566 0.0704426 0.0703451 0.0682493 0.0644328 0.0592978 0.0532792 0.0467719 0.0400971 0.0335029 0.027185 0.0213107 0.0160325 0.0114856 0.00776864 0.00491709
 0.0102229 0.0158731 0.0225454 0.0298049 0.0373175 0.0448654 0.0521959 0.0589054 0.0644862 0.0684661 0.0705152 0.0704915 0.0684574 0.0646672 0.0595113 0.0534304 0.0468393 0.0400825 0.0334248 0.0270667 0.0211711 0.0158846 0.0113393 0.00763341 0.00480244
 0.0102757 0.0159462 0.0226319 0.0298904 0.0373847 0.0448999 0.0521919 0.0588666 0.0644234 0.0683942 0.0704514 0.0704544 0.0684626 0.0647211 0.0596048 0.0535394 0.046933 0.0401352 0.0334248 0.0270177 0.0210866 0.015781 0.0112314 0.0075333 0.00471845
 0.0102047 0.0158471 0.0225127 0.0297676 0.0372769 0.0448193 0.0521381 0.0588285 0.0643877 0.0683548 0.0704141 0.0704341 0.0684768 0.0647828 0.059717 0.0536927 0.0471066 0.0403021 0.03356 0.0271058 0.0211251 0.0157781 0.0112013 0.00749072 0.00467545
