SBPRF35
12.7214
Curr Bio
858412
B35
853427
F35
0.169567
FOFL
0.168859
OFL
117213
Bzero
3.63469e+006
#pred survey bio
 2.97482e+006 2.71004e+006 2.4711e+006 2.23219e+006 2.02235e+006 1.78344e+006 1.60501e+006 1.43262e+006 1.28282e+006 1.12285e+006 1.01843e+006 919491 813930 750319 690806 653287 617767 595562 578160 566066 558974 549425 543139 545050 537808 548036 549673 553729 559956 571282 582194 588554 609467 625941 622192 643811 652541 664527 658609 666058 670276 667499 666004 675225 672313 662545 673999 728697 773493 829218 871437 870173 883628 869970 864064 2.99341e+007 1.76646e+007 1.77122e+007 1.84137e+007 1.95726e+007 2.09361e+007 2.2305e+007 2.35572e+007 2.46355e+007 2.55265e+007 2.62421e+007 2.68054e+007 2.72428e+007 2.75795e+007 2.78372e+007 2.8034e+007 2.81842e+007 2.8299e+007 2.83869e+007 2.84546e+007 2.85068e+007 2.85473e+007 2.85788e+007 2.86035e+007 2.86229e+007 2.86382e+007 2.86504e+007 2.866e+007 2.86677e+007 2.86738e+007 2.86787e+007 2.86827e+007 2.86859e+007 2.86885e+007 2.86906e+007 2.86923e+007 2.86937e+007 2.86948e+007 2.86957e+007 2.86964e+007 2.86971e+007 2.86976e+007 2.8698e+007 2.86983e+007 2.86986e+007 2.86988e+007 2.8699e+007 2.86991e+007 2.86992e+007 2.86993e+007 2.86994e+007 2.86995e+007 2.86995e+007 2.86996e+007 2.86996e+007 2.86996e+007 2.86997e+007 2.86997e+007 2.86997e+007 2.86997e+007 2.86997e+007 2.86997e+007 2.86997e+007 2.86997e+007 2.86998e+007 2.86998e+007 2.86998e+007 2.86998e+007 2.86998e+007 2.86998e+007 2.86998e+007 2.86998e+007 2.86998e+007 2.86998e+007 2.86998e+007 2.86998e+007 2.86998e+007 2.86998e+007 2.86998e+007 2.86998e+007 2.86998e+007 2.86998e+007 2.86998e+007 2.86998e+007 2.86998e+007 2.86998e+007 2.86998e+007 2.86998e+007 2.86998e+007 2.86998e+007 2.86998e+007 2.86998e+007 2.86998e+007 2.86998e+007 2.86998e+007 2.86998e+007 2.86998e+007 2.86998e+007 2.86998e+007 2.86998e+007 0 0 0 0 0 0 0 0 0 0 0 0 0 0 0 0 0 0 0 0 0 0 0 0 0
#obs survey bio
 2.73138e+006 2.784e+006 2.13987e+006 1.46039e+006 1.27091e+006 1.76777e+006 1.60068e+006 1.57013e+006 955009 1.39344e+006 883068 684879 724084 965328 629276 946457 774042 578671 512887 592573 425982 628366 485705 471059 478179 592549 674321 627431 619017 333387 376844 520477 635322 644318 559594 665303 546906 587522 646026 621847 527071 560297 587099 598209 776671 583562 624979 598412 689308 903465 1.01288e+006 1.15683e+006 796446 1.07307e+006 789720
#pred catch bio
 284905 274840 289001 276671 315239 270411 272385 257669 269435 221927 218487 222572 182661 174855 151592 145747 130595 123547 116488 110342 110818 106649 99239.5 106496 91409.8 98748.4 96436.5 94997.7 92168.3 94824.3 100448 89816.8 95319.3 112375 90830.5 102455 99704.3 114357 102394 105625 112008 111264 102966 113755 118800 100961 67621.4 79831.7 72686 85556.6 121666 107160 128903 118919 116504 117213 115581 114640 117717 124435 132777 141192 148808 155250 160448 164502 167584 169882 171570 172794 173674 174302 174748 175062 175283 175437 175545 175621 175673 175710 175735 175753 175765 175773 175779 175783 175786 175788 175789 175790 175791 175791 175792 175792 175792 175792 175792 175792 175792 175792 175792 175792 175792 175792 175792 175792 175792 175792 175792 175792 175792 175792 175792 175792 175792 175792 175792 175792 175792 175792 175792 175792 175792 175792 175792 175792 175792 175792 175792 175792 175792 175792 175792 175792 175792 175792 175792 175792 175792 175792 175792 175792 175792 175792 175792 175792 175792 175792 175792 175792 175792 175792 175792 175792 175792 0 0 0 0 0 0 0 0 0 0 0 0 0 0 0 0 0 0 0 0 0 0 0 0 0
#obs catch bio
 246534 274906 289727 277533 318756 272852 273478 257613 272082 222137 218780 225948 185132 176237 152712 146637 131002 124351 116989 110439 111145 106644 99297.9 107300 91855.7 98885.9 96342.6 94748.4 91963.3 95383.1 101829 90441.2 96039.4 113378 91137.9 102798 99904.5 114534 102332 105509 112090 111865 103527 114433 119518 101409 67489.5 80464.4 72928.1 85806.5 122668 107057 129633 119186 116501
#pred cpue bio
 2.92576e+006 2.66289e+006 2.42559e+006 2.18765e+006 1.97842e+006 1.74101e+006 1.56381e+006 1.3929e+006 1.24424e+006 1.08597e+006 982486 884509 780627 718496 660824 624549 590301 568989 552327 540833 534136 524981 518949 520816 513828 523930 525730 529764 535767 546513 556764 562817 583253 599493 596056 617281 626007 637860 632220 639500 643543 640637 638994 647928 645168 635719 646771 700121 744368 799469 841310 840425 853674 840451 835293 2.89809e+007 1.71204e+007 1.70385e+007 1.75672e+007 1.8656e+007 2.00002e+007 2.13647e+007 2.26159e+007 2.3694e+007 2.4585e+007 2.53006e+007 2.58639e+007 2.63013e+007 2.6638e+007 2.68957e+007 2.70925e+007 2.72427e+007 2.73575e+007 2.74454e+007 2.75131e+007 2.75653e+007 2.76058e+007 2.76373e+007 2.7662e+007 2.76814e+007 2.76967e+007 2.77089e+007 2.77185e+007 2.77262e+007 2.77323e+007 2.77372e+007 2.77412e+007 2.77444e+007 2.7747e+007 2.77491e+007 2.77508e+007 2.77522e+007 2.77533e+007 2.77542e+007 2.77549e+007 2.77556e+007 2.7756e+007 2.77565e+007 2.77568e+007 2.77571e+007 2.77573e+007 2.77575e+007 2.77576e+007 2.77577e+007 2.77578e+007 2.77579e+007 2.7758e+007 2.7758e+007 2.77581e+007 2.77581e+007 2.77581e+007 2.77582e+007 2.77582e+007 2.77582e+007 2.77582e+007 2.77582e+007 2.77582e+007 2.77582e+007 2.77582e+007 2.77582e+007 2.77583e+007 2.77583e+007 2.77583e+007 2.77583e+007 2.77583e+007 2.77583e+007 2.77583e+007 2.77583e+007 2.77583e+007 2.77583e+007 2.77583e+007 2.77583e+007 2.77583e+007 2.77583e+007 2.77583e+007 2.77583e+007 2.77583e+007 2.77583e+007 2.77583e+007 2.77583e+007 2.77583e+007 2.77583e+007 2.77583e+007 2.77583e+007 2.77583e+007 2.77583e+007 2.77583e+007 2.77583e+007 2.77583e+007 2.77583e+007 2.77583e+007 2.77583e+007 2.77583e+007 2.77583e+007 2.77583e+007 0 0 0 0 0 0 0 0 0 0 0 0 0 0 0 0 0 0 0 0 0 0 0 0 0
#obs cpue bio
 2.88056e+006 2.41823e+006 2.46887e+006 2.40908e+006 2.14113e+006 1.33823e+006 2.61174e+006 1.54089e+006 989428 1.13331e+006 1.14354e+006 573970 629047 738320 588429 454764 486254 448593 650320 598260 621791 545579 495610 433726 469942 733246 478903 547172 461110 475665 474017 691266 500729 681982 551897 799288 650625 957158 602299 763987 740469 506519 547190 775443 570344 745168 624164 516912 752991 831868 778944 809686 759782 710467 1.18525e+006
#pred surv len freq
 0.00486086 0.00798025 0.0121727 0.0174634 0.0237351 0.0306267 0.0375137 0.0436738 0.0485587 0.0519707 0.0540299 0.0550158 0.0552263 0.0549127 0.054266 0.0534235 0.0524836 0.0515079 0.0504825 0.049238 0.0473849 0.0443729 0.0397329 0.0334107 0.0259566
 0.00513536 0.00837132 0.0126635 0.0180154 0.0243146 0.0312383 0.0382149 0.0445501 0.0496676 0.0532859 0.0554258 0.0563053 0.0562309 0.0555241 0.0544692 0.0532766 0.0520687 0.0508792 0.0496387 0.0481334 0.0459789 0.0426909 0.0378979 0.0316185 0.0244049
 0.00543643 0.00886153 0.0133982 0.0190347 0.0256226 0.0327802 0.039869 0.0461553 0.0510831 0.0544475 0.0563535 0.0570544 0.0568241 0.0559202 0.0545864 0.0530447 0.0514653 0.0499272 0.0483759 0.0465895 0.0441831 0.0407059 0.0358485 0.0296804 0.0227521
 0.00572003 0.00932614 0.0141045 0.0200421 0.0269781 0.0344973 0.0419031 0.0483881 0.0533308 0.0564975 0.0580193 0.0582237 0.0574769 0.0561031 0.0543621 0.0524507 0.0505079 0.0486023 0.0466939 0.0445877 0.0419321 0.0383175 0.0334791 0.0275115 0.0209447
 0.00590031 0.00963442 0.0145972 0.0207834 0.0280281 0.035894 0.0436413 0.0504081 0.0555213 0.0587078 0.0600757 0.059951 0.0587269 0.0567843 0.0544529 0.0519864 0.0495477 0.0472022 0.0449008 0.0424555 0.0395459 0.0358094 0.031024 0.0252972 0.0191243
 0.00614304 0.0100304 0.0151965 0.0216356 0.0291762 0.0373616 0.0454186 0.0524422 0.0577176 0.0609411 0.0622027 0.0618216 0.0601955 0.0577251 0.0547781 0.0516599 0.0485874 0.0456669 0.0428741 0.0400393 0.0368685 0.0330362 0.0283526 0.0229259 0.0172037
 0.00637766 0.0103983 0.0157258 0.0223462 0.0300797 0.0384613 0.0467065 0.0538954 0.0592974 0.0625942 0.0638613 0.0634013 0.061594 0.0588256 0.0554614 0.0518233 0.0481641 0.044641 0.0412854 0.0379813 0.034484 0.0305115 0.0258987 0.0207441 0.0154405
 0.00668965 0.0108951 0.016453 0.0233363 0.0313431 0.0399749 0.0484041 0.055672 0.0610322 0.0641825 0.0652358 0.0645317 0.0624678 0.0594247 0.0557467 0.0517332 0.0476289 0.0436068 0.0397404 0.0359763 0.0321413 0.0280159 0.0234696 0.0185897 0.0137082
 0.0068883 0.0112368 0.0170013 0.02416 0.0324988 0.0414798 0.0502115 0.0576654 0.0630469 0.0660453 0.0668038 0.0657154 0.0632348 0.0597856 0.0557299 0.0513589 0.0468937 0.0424882 0.0382207 0.0340756 0.0299442 0.025677 0.0211895 0.016566 0.0120827
 0.00724102 0.011789 0.0177941 0.0252207 0.0338405 0.0430988 0.0520777 0.0597104 0.065158 0.0680722 0.0685792 0.067085 0.0640882 0.0600765 0.0554757 0.0506191 0.0457387 0.0409754 0.0363913 0.0319742 0.0276483 0.0233159 0.0189339 0.0145887 0.0105076
 0.00752159 0.0122317 0.0184348 0.0260822 0.0349279 0.0443929 0.053531 0.0612497 0.0666994 0.0695369 0.0699002 0.0681989 0.064926 0.0605655 0.0555556 0.0502606 0.0449511 0.0397985 0.0348822 0.0302025 0.0257039 0.0213187 0.0170293 0.0129203 0.00917847
 0.007598 0.0124012 0.0187724 0.0266819 0.0358753 0.0457247 0.0551999 0.0631221 0.0685895 0.0712613 0.071322 0.0692442 0.065573 0.0608208 0.0554322 0.0497685 0.0441009 0.0386121 0.0334016 0.0284943 0.023861 0.0194588 0.015284 0.0114115 0.00798865
 0.00765705 0.0125139 0.0189754 0.0270269 0.0364256 0.0465436 0.0563316 0.0645672 0.0702839 0.0730694 0.0730548 0.0707033 0.0666021 0.0613399 0.055439 0.0493125 0.0432517 0.0374388 0.0319702 0.0268771 0.0221469 0.0177555 0.0137081 0.0100664 0.00693922
 0.00767014 0.0125202 0.0189593 0.0269705 0.0363215 0.0464125 0.0562342 0.0645999 0.0705531 0.0736522 0.0739622 0.071862 0.0678649 0.0625235 0.0563731 0.0498808 0.0434065 0.0371925 0.0313751 0.0260094 0.0210997 0.0166348 0.0126237 0.00911459 0.00618363
 0.00779039 0.0127031 0.0192098 0.0272812 0.0366708 0.0467651 0.0565471 0.0648353 0.0706988 0.0737379 0.0740571 0.0720472 0.0681925 0.0629833 0.0568877 0.0503307 0.0436725 0.0371925 0.031083 0.0254537 0.0203504 0.0157871 0.0117792 0.00836192 0.00558143
 0.00778556 0.0127035 0.0192251 0.0273249 0.0367551 0.0468941 0.0567107 0.0650092 0.070852 0.073846 0.0741172 0.0720853 0.0682579 0.0631273 0.0571345 0.0506563 0.0440052 0.0374376 0.0311581 0.0253183 0.0200172 0.0153142 0.011249 0.00785612 0.00515972
 0.00786842 0.0128211 0.0193712 0.0274843 0.0369101 0.0470332 0.0568339 0.065125 0.0709676 0.0739585 0.0742116 0.0721439 0.068274 0.0631143 0.0571225 0.0506742 0.0440597 0.037502 0.0311813 0.0252487 0.019829 0.0150199 0.0108942 0.0074997 0.00485183
 0.00788802 0.012853 0.0194183 0.0275473 0.0369849 0.0471089 0.0568935 0.0651512 0.0709524 0.0739102 0.0741528 0.0721007 0.0682635 0.0631401 0.0571791 0.0507552 0.0441588 0.0376076 0.0312704 0.0252899 0.0197956 0.0149052 0.0107168 0.00729611 0.00466062
 0.00789806 0.0128661 0.0194323 0.0275587 0.0369902 0.0471068 0.0568851 0.0651387 0.0709366 0.0738894 0.0741254 0.0720694 0.0682375 0.0631325 0.0572005 0.0508088 0.0442395 0.0377032 0.0313628 0.0253576 0.0198188 0.0148736 0.0106359 0.00718588 0.00454662
 0.00794193 0.012924 0.0194949 0.0276087 0.0370079 0.047077 0.0568044 0.0650171 0.0707942 0.0737495 0.0740081 0.0719875 0.068196 0.0631308 0.0572357 0.0508772 0.0443353 0.0378169 0.0314801 0.0254607 0.0198908 0.0149038 0.0106242 0.0071432 0.00449006
 0.00795105 0.0129397 0.0195191 0.027642 0.0370464 0.0471105 0.0568155 0.0649867 0.0707096 0.0736134 0.0738407 0.0718206 0.0680615 0.0630503 0.0572167 0.0509149 0.0444178 0.0379287 0.0316044 0.0255802 0.0199894 0.0149702 0.0106551 0.00714382 0.00447176
 0.00798885 0.0129971 0.0195981 0.0277416 0.0371631 0.0472384 0.0569455 0.0651053 0.0707986 0.0736529 0.0738152 0.0717265 0.0679111 0.06287 0.0570387 0.0507667 0.0443154 0.0378748 0.0315911 0.0255935 0.0200133 0.014991 0.0106645 0.00714018 0.00445877
 0.00806291 0.0131034 0.019732 0.0278898 0.0373074 0.0473618 0.0570373 0.0651623 0.0708229 0.073648 0.0737831 0.0716662 0.067821 0.0627517 0.0569007 0.0506248 0.044188 0.0377769 0.0315292 0.0255644 0.020007 0.0149954 0.0106695 0.00714053 0.0044539
 0.00798791 0.0130007 0.0196125 0.0277739 0.0372177 0.0473117 0.0570243 0.0651694 0.0708303 0.0736445 0.0737714 0.0716586 0.0678293 0.0627803 0.0569451 0.0506769 0.0442421 0.0378319 0.0315867 0.0256251 0.0200683 0.0150517 0.010715 0.00717226 0.00447235
 0.00798791 0.0129981 0.0196046 0.0277591 0.0371987 0.0472986 0.0570342 0.06522 0.0709284 0.0737777 0.0739095 0.0717663 0.0678821 0.0627732 0.0568902 0.0505939 0.0441496 0.0377437 0.0315118 0.0255682 0.0200305 0.0150302 0.010705 0.00716821 0.00447047
 0.00790537 0.0128587 0.019386 0.0274396 0.0367646 0.0467561 0.0564191 0.064599 0.0703869 0.0733981 0.0737476 0.0718363 0.0681554 0.0631904 0.0573819 0.0510992 0.0446263 0.0381689 0.0318764 0.0258712 0.0202742 0.0152188 0.0108439 0.00726418 0.00453175
 0.00793361 0.012897 0.0194284 0.0274734 0.0367706 0.0467108 0.0562995 0.0643904 0.0700917 0.073043 0.0733832 0.0715256 0.0679548 0.0631312 0.0574615 0.0512864 0.0448759 0.0384369 0.0321306 0.0260931 0.0204565 0.015361 0.010949 0.00733717 0.00457881
 0.00799805 0.0129886 0.0195417 0.0275941 0.0368783 0.0467837 0.0563187 0.0643412 0.0699653 0.0728385 0.0731121 0.0712154 0.067648 0.0628769 0.0573012 0.0512408 0.0449389 0.0385804 0.0323167 0.0262863 0.0206316 0.0155047 0.0110576 0.00741314 0.00462789
 0.00813146 0.0131843 0.0197961 0.0278888 0.037183 0.0470626 0.0565368 0.0644691 0.0699827 0.0727381 0.0729016 0.0709167 0.0672939 0.0625072 0.0569589 0.0509644 0.0447543 0.0384943 0.0323154 0.0263431 0.0207163 0.0155924 0.0111328 0.00746971 0.00466596
 0.0081667 0.0132505 0.0199113 0.0280718 0.0374452 0.0473966 0.0569086 0.0648216 0.0702519 0.0728745 0.0728845 0.0707559 0.0670209 0.0621643 0.0565906 0.0506126 0.0444541 0.0382695 0.0321747 0.0262788 0.0207089 0.015618 0.0111703 0.00750518 0.004693
 0.00803463 0.0130696 0.0197021 0.0278763 0.0373171 0.0473844 0.0570389 0.0650897 0.0706216 0.0732849 0.0732639 0.0710393 0.0671673 0.0621653 0.0564686 0.0504098 0.0442193 0.0380467 0.0319951 0.0261572 0.0206439 0.0155969 0.0111757 0.0075216 0.00471008
 0.00798745 0.0129839 0.0195587 0.0276578 0.0370194 0.047031 0.0566881 0.0648249 0.0705228 0.0733945 0.0735665 0.0714668 0.0676246 0.0625634 0.0567489 0.0505545 0.0442464 0.0379957 0.0319106 0.0260756 0.0205862 0.0155684 0.0111708 0.00753004 0.00472266
 0.00785326 0.0127721 0.0192518 0.0272432 0.0364923 0.0463984 0.0559772 0.0640902 0.0698471 0.0728777 0.073302 0.0715112 0.0679749 0.0631538 0.0574717 0.0512949 0.0449154 0.0385465 0.0323362 0.0263942 0.020824 0.0157476 0.0113056 0.00762843 0.0047903
 0.00773036 0.0125821 0.018984 0.0268942 0.0360658 0.0459052 0.0554354 0.0635268 0.0692972 0.0723843 0.072915 0.0712841 0.0679554 0.0633665 0.0579021 0.0518862 0.0455823 0.0392019 0.0329153 0.0268652 0.0211846 0.0160121 0.0114932 0.00775681 0.00487393
 0.00777538 0.0126466 0.0190648 0.0269822 0.0361474 0.0459652 0.0554593 0.0635009 0.0692091 0.072225 0.0726841 0.0709968 0.0676465 0.0630876 0.0577078 0.0518149 0.0456405 0.0393621 0.0331291 0.0270837 0.0213736 0.0161576 0.0115964 0.00782569 0.00491773
 0.00765784 0.0124592 0.0187899 0.0266077 0.0356703 0.0453975 0.0548333 0.0628687 0.0686345 0.0717679 0.0723863 0.0708748 0.0676935 0.0632827 0.0580272 0.0522377 0.0461468 0.0399253 0.0337118 0.0276409 0.0218642 0.0165546 0.011892 0.00802874 0.00504644
 0.00763045 0.0124144 0.0187217 0.0265093 0.0355342 0.0452166 0.0546028 0.0625897 0.0683169 0.0714324 0.0720632 0.0705991 0.0674971 0.0631878 0.0580428 0.0523612 0.0463671 0.0402249 0.0340654 0.028016 0.0222249 0.0168694 0.0121413 0.00820792 0.00516344
 0.00756553 0.0123134 0.0185782 0.0263204 0.0353015 0.0449461 0.0543056 0.0622814 0.0680149 0.0711535 0.0718218 0.0704086 0.0673714 0.0631411 0.0580869 0.0525009 0.0465982 0.0405328 0.034427 0.0284014 0.0226007 0.0172048 0.0124145 0.00841015 0.00529906
 0.00764032 0.0124254 0.0187287 0.0265035 0.0355046 0.0451517 0.0544923 0.0624254 0.0680928 0.0711462 0.0717193 0.0702137 0.067101 0.0628247 0.0577627 0.0522093 0.0463735 0.0403966 0.0343842 0.0284404 0.0226977 0.0173302 0.0125406 0.00851716 0.005378
 0.0076687 0.0124632 0.0187701 0.0265377 0.0355189 0.0451358 0.0544426 0.062346 0.0679934 0.0710386 0.0716131 0.0701138 0.0670078 0.0627366 0.0576806 0.0521399 0.0463296 0.0403927 0.0344302 0.028536 0.0228309 0.0174805 0.0126855 0.00863922 0.00546865
 0.00771246 0.0125333 0.018873 0.0266769 0.0356917 0.0453302 0.0546355 0.0625068 0.0680924 0.0710571 0.0715498 0.0699829 0.0668315 0.0625372 0.057476 0.051944 0.0461547 0.0402515 0.0343341 0.0284916 0.022836 0.0175234 0.0127487 0.00870497 0.0055243
 0.00772727 0.0125686 0.0189464 0.0268109 0.0359067 0.0456343 0.055015 0.0629238 0.0684919 0.0713807 0.07175 0.0700339 0.0667331 0.0623124 0.0571624 0.0515841 0.0457874 0.0399086 0.0340394 0.0282604 0.0226737 0.0174255 0.0127021 0.00869239 0.00552914
 0.00772237 0.0125613 0.0189376 0.0268044 0.0359114 0.0456656 0.0550938 0.0630697 0.0687131 0.0716638 0.0720576 0.070313 0.0669314 0.0623944 0.0571188 0.0514311 0.0455588 0.0396451 0.0337788 0.0280318 0.0224947 0.0173014 0.0126278 0.00865583 0.00551635
 0.00762712 0.0124156 0.0187359 0.0265484 0.0356109 0.045339 0.0547691 0.0627847 0.0685114 0.0715857 0.0721279 0.0705295 0.0672615 0.0627819 0.0574997 0.0517522 0.0457911 0.0397865 0.0338475 0.0280551 0.0224984 0.0173032 0.0126355 0.00866971 0.00553265
 0.007616 0.0123967 0.0187058 0.0265038 0.0355493 0.0452602 0.0546767 0.0626862 0.0684177 0.0715102 0.0720853 0.0705341 0.0673231 0.0628991 0.0576563 0.051919 0.0459351 0.0398831 0.0338888 0.0280501 0.0224661 0.0172636 0.0126024 0.00864873 0.00552291
 0.00777388 0.0126246 0.0189956 0.0268287 0.0358714 0.0455415 0.0548888 0.0628134 0.0684559 0.0714641 0.0719673 0.0703634 0.0671238 0.0626969 0.057472 0.051763 0.0458053 0.0397678 0.0337754 0.0279322 0.0223472 0.0171535 0.0125114 0.00858235 0.00548034
 0.00774558 0.0125917 0.0189688 0.0268232 0.0358986 0.045599 0.0549549 0.0628536 0.0684388 0.0713787 0.0718297 0.0702091 0.0669914 0.0626142 0.0574504 0.0517989 0.0458845 0.0398703 0.0338795 0.0280204 0.0224099 0.0171903 0.0125287 0.00858827 0.00548159
 0.00738047 0.0120266 0.0181738 0.0257957 0.0346698 0.0442394 0.0535756 0.0615952 0.0674417 0.0707466 0.0716067 0.0703809 0.0675048 0.0633977 0.0584272 0.0528918 0.0470183 0.0409756 0.0348975 0.0289067 0.0231381 0.0177534 0.0129367 0.00886435 0.00565517
 0.00722452 0.0117555 0.0177347 0.0251321 0.033739 0.0430387 0.052165 0.0601001 0.0660301 0.0695881 0.0708327 0.0700616 0.0676451 0.0639483 0.0593035 0.0539935 0.048244 0.0422311 0.0361002 0.02999 0.0240556 0.0184819 0.0134768 0.00923616 0.00589171
 0.00705865 0.011489 0.0173383 0.024577 0.032999 0.0420946 0.0510162 0.058779 0.0646129 0.0681962 0.0696188 0.0691804 0.0672169 0.0640299 0.0598774 0.0549783 0.0495175 0.0436564 0.0375468 0.0313474 0.0252418 0.0194481 0.0142084 0.00974882 0.0062224
 0.00693183 0.011292 0.0170581 0.0242066 0.0325353 0.0415373 0.0503666 0.0580408 0.0637945 0.0673163 0.0687161 0.068324 0.0665065 0.0635786 0.0597811 0.0552833 0.0502037 0.0446417 0.0387086 0.0325519 0.0263699 0.0204136 0.0149662 0.0102942 0.00658115
 0.00701836 0.0114228 0.0172361 0.0244267 0.032784 0.0417926 0.0505972 0.0582054 0.0638437 0.0671995 0.0683943 0.0677851 0.0657808 0.0627466 0.0589644 0.0546178 0.0498012 0.0445568 0.0389252 0.0329937 0.0269289 0.020983 0.0154657 0.0106812 0.00684898
 0.00690287 0.0112616 0.0170426 0.0242292 0.0326174 0.0416843 0.0505565 0.0582208 0.0638891 0.0672419 0.0683991 0.0677196 0.06562 0.0624841 0.0586255 0.0542644 0.0495209 0.0444349 0.0390124 0.0332854 0.0273676 0.0214815 0.0159387 0.0110698 0.00712999
 0.00668878 0.0109564 0.0166637 0.0238229 0.0322492 0.0414214 0.0504498 0.0582934 0.0641296 0.067605 0.0688124 0.0680999 0.0658928 0.0626011 0.0585749 0.0540742 0.0492548 0.0441781 0.0388474 0.0332648 0.0274965 0.0217199 0.0162224 0.0113376 0.00734281
 0.00632102 0.0103883 0.0158673 0.0228 0.03104 0.0401111 0.0491704 0.0572084 0.0633972 0.0673298 0.069012 0.0687021 0.0667639 0.0635868 0.0595392 0.0549254 0.0499567 0.0447458 0.0393289 0.0337138 0.0279467 0.0221718 0.0166488 0.0117027 0.00762206
#obs surv len freq
 0.00497144 0.00814139 0.0123803 0.0177006 0.023976 0.0308416 0.0376738 0.0437513 0.0485251 0.0517946 0.053678 0.0544601 0.0544603 0.0539747 0.0532626 0.052536 0.0519383 0.0515034 0.0510927 0.0503373 0.0486552 0.0454159 0.0402423 0.0333039 0.0253831
 0.00518346 0.00849106 0.0129157 0.0184696 0.025016 0.0321651 0.0392528 0.0455129 0.0503626 0.0535881 0.0553133 0.0558379 0.055497 0.0546017 0.0534265 0.0522022 0.0510973 0.0501779 0.0493437 0.0482678 0.0464078 0.0431618 0.0381574 0.0315349 0.0240155
 0.00540856 0.00885926 0.0134744 0.0192652 0.0260864 0.0335265 0.0408853 0.0473537 0.0523118 0.0555258 0.0571171 0.0573956 0.0567133 0.0553997 0.0537463 0.0519995 0.0503458 0.0488774 0.0475335 0.04604 0.0439139 0.0406018 0.0357489 0.0294667 0.0224037
 0.00564725 0.00925052 0.0140692 0.0201132 0.0272265 0.0349719 0.0426087 0.0492821 0.0543378 0.0575277 0.0589775 0.0590104 0.0579932 0.056269 0.0541419 0.0518704 0.0496548 0.0476087 0.0457077 0.0437335 0.0412735 0.0378397 0.0331102 0.0271739 0.020601
 0.00590533 0.0096711 0.0147042 0.0210117 0.0284259 0.0364833 0.0444021 0.05128 0.0564262 0.0595773 0.060865 0.0606306 0.0592621 0.0571212 0.0545252 0.0517409 0.0489755 0.0463564 0.0438888 0.0414086 0.0385771 0.0349828 0.0303488 0.0247502 0.0186797
 0.00613541 0.0100521 0.0152904 0.0218579 0.0295764 0.0379545 0.046165 0.0532551 0.0584955 0.0616086 0.0627334 0.0622309 0.0605119 0.0579584 0.0549033 0.0516233 0.0483316 0.0451642 0.0421494 0.0391696 0.035958 0.0321812 0.0276156 0.0223308 0.0167473
 0.006383 0.010453 0.0158914 0.0227022 0.0306971 0.039363 0.0478376 0.0551262 0.0604636 0.0635527 0.0645316 0.0637743 0.0617126 0.058752 0.0552462 0.051486 0.0476927 0.0440097 0.0404828 0.0370335 0.0334588 0.0295001 0.0249878 0.0199923 0.0148698
 0.00661715 0.0108409 0.0164878 0.0235614 0.03186 0.0408385 0.0495852 0.0570531 0.062442 0.0654485 0.0662278 0.0651804 0.0627628 0.0594 0.0554604 0.0512457 0.0469848 0.0428285 0.0388378 0.0349672 0.0310688 0.0269509 0.0224942 0.0177723 0.0130841
 0.00684851 0.0112197 0.017063 0.0243809 0.0329613 0.0422347 0.0512484 0.0589072 0.0643706 0.0673151 0.0678997 0.0665475 0.0637475 0.0599582 0.0555749 0.0509155 0.0462157 0.0416299 0.0372288 0.032993 0.0288205 0.0245763 0.0201847 0.015722 0.0114364
 0.00705335 0.011558 0.0175818 0.0251268 0.0339711 0.0435196 0.0527796 0.0606108 0.0661387 0.0690266 0.069439 0.0678161 0.0646689 0.0604807 0.055672 0.0505827 0.0454642 0.0404808 0.0357136 0.0311636 0.0267645 0.0224264 0.0181085 0.0138871 0.00996553
 0.0072779 0.0119238 0.0181337 0.0259062 0.0350077 0.0448178 0.0543042 0.062283 0.0678462 0.0706454 0.070855 0.0689382 0.065434 0.0608527 0.0556377 0.0501469 0.0446445 0.039305 0.034221 0.0294117 0.0248398 0.0204496 0.0162251 0.0122391 0.00865376
 0.00744047 0.012193 0.0185477 0.0265037 0.0358197 0.045855 0.0555448 0.0636675 0.0692861 0.0720393 0.0721052 0.0699611 0.0661653 0.0612494 0.0556779 0.0498275 0.0439776 0.0383153 0.0329467 0.027909 0.0231899 0.0187612 0.0146241 0.0108446 0.00754803
 0.00751559 0.0123167 0.0187377 0.0267796 0.0362015 0.0463605 0.0561836 0.064436 0.0701632 0.0729855 0.0730641 0.0708649 0.0669422 0.0618326 0.0560129 0.0498773 0.0437247 0.0377622 0.0321164 0.0268477 0.0219695 0.0174779 0.0133878 0.00975792 0.00668194
 0.00759001 0.0124313 0.0188988 0.0269894 0.0364602 0.0466674 0.0565385 0.0648393 0.0706153 0.0734852 0.0736047 0.071429 0.0674978 0.0623332 0.0564029 0.0501007 0.0437357 0.0375328 0.0316433 0.0261557 0.021113 0.0165373 0.0124576 0.00892727 0.00601353
 0.00766464 0.0125469 0.0190615 0.0272008 0.0367157 0.0469566 0.0568456 0.0651455 0.0709048 0.0737512 0.0738524 0.0716708 0.0677444 0.0625832 0.0566366 0.0502812 0.0438159 0.0374679 0.0314035 0.0257375 0.0205444 0.0158759 0.0117792 0.00830708 0.00550693
 0.00773284 0.0126543 0.0192164 0.0274077 0.0369737 0.0472571 0.0571708 0.0654692 0.0711979 0.0739898 0.074025 0.0717811 0.0678083 0.0626209 0.0566629 0.0502967 0.0438033 0.0373967 0.0312405 0.0254616 0.0201588 0.0154116 0.0112886 0.00784837 0.00512606
 0.00777345 0.0127147 0.0192971 0.027506 0.0370854 0.0473785 0.0572997 0.0656046 0.0713377 0.0741293 0.0741567 0.0718968 0.0679025 0.062693 0.0567166 0.0503352 0.0438241 0.0373869 0.0311794 0.0253289 0.0199465 0.015132 0.0109737 0.00753998 0.00486128
 0.00781107 0.0127714 0.019374 0.0276006 0.0371919 0.0474886 0.0574042 0.0656949 0.0714088 0.0741815 0.0741954 0.0719295 0.0679345 0.0627254 0.0567472 0.0503604 0.0438387 0.0373833 0.0311462 0.0252532 0.01982 0.0149579 0.0107697 0.00733315 0.00467851
 0.00786074 0.0128461 0.0194749 0.0277244 0.0373312 0.047633 0.0575416 0.0658124 0.071495 0.0742297 0.0742053 0.071908 0.067893 0.0626762 0.0566995 0.050318 0.0438006 0.0373438 0.0310966 0.025184 0.0197238 0.0148345 0.0106281 0.00718943 0.00455028
 0.00787144 0.012864 0.0195027 0.0277644 0.0373843 0.0476976 0.0576121 0.0658807 0.0715522 0.0742693 0.0742252 0.0719103 0.0678828 0.0626598 0.0566826 0.0503047 0.0437916 0.0373361 0.0310841 0.0251587 0.0196794 0.0147691 0.0105463 0.00710167 0.00446877
 0.00790048 0.0129046 0.0195516 0.0278149 0.0374286 0.0477302 0.0576323 0.0658922 0.0715603 0.0742771 0.0742328 0.0719152 0.0678825 0.0626536 0.056672 0.0502925 0.0437801 0.0373259 0.0310728 0.0251419 0.0196523 0.0147292 0.0104955 0.00704591 0.00441581
 0.00789865 0.0129027 0.0195505 0.0278154 0.0374303 0.0477305 0.0576265 0.0658754 0.0715308 0.0742391 0.0741955 0.0718896 0.0678759 0.062667 0.0567013 0.050331 0.0438216 0.0373654 0.0311065 0.0251661 0.0196638 0.0147265 0.0104798 0.00702145 0.00438857
 0.00788187 0.0128714 0.0194965 0.0277297 0.0373066 0.0475701 0.0574417 0.065688 0.071366 0.0741178 0.0741297 0.0718818 0.0679221 0.0627597 0.0568299 0.0504827 0.0439823 0.0375218 0.0312477 0.0252843 0.0197547 0.0147891 0.0105163 0.00703729 0.00439077
 0.00790556 0.0129026 0.0195297 0.0277543 0.037309 0.0475373 0.0573654 0.065568 0.0712119 0.0739483 0.0739687 0.0717529 0.067843 0.0627377 0.0568625 0.05056 0.0440905 0.0376456 0.0313724 0.0253979 0.0198487 0.0148593 0.0105628 0.00706353 0.00440241
 0.00790388 0.0129016 0.0195309 0.0277592 0.0373173 0.0475447 0.0573626 0.0655428 0.0711535 0.0738534 0.0738448 0.0716179 0.0677199 0.0626482 0.0568212 0.0505711 0.044148 0.0377368 0.0314811 0.0255084 0.0199482 0.0149396 0.0106208 0.00710082 0.00442324
 0.00790505 0.0129002 0.0195229 0.0277395 0.0372818 0.0474927 0.0572988 0.0654753 0.0710901 0.0737971 0.0737935 0.0715672 0.0676687 0.0626019 0.0567903 0.050567 0.0441778 0.0377996 0.0315688 0.0256079 0.0200458 0.0150243 0.0106865 0.00714624 0.00445118
 0.00787337 0.0128522 0.019457 0.0276563 0.0371834 0.0473821 0.05718 0.0653542 0.0709757 0.0737006 0.0737254 0.0715341 0.0676708 0.0626338 0.056845 0.0506395 0.0442662 0.0379031 0.0316844 0.025729 0.0201627 0.0151273 0.0107688 0.00720556 0.00448962
 0.00781563 0.0127586 0.0193172 0.0274625 0.0369335 0.0470842 0.0568553 0.0650356 0.0707003 0.0734996 0.0736173 0.0715229 0.0677485 0.0627849 0.0570496 0.0508769 0.0445178 0.0381544 0.0319249 0.0259505 0.020358 0.0152902 0.0108956 0.00729666 0.00454936
 0.00779546 0.0127191 0.0192457 0.027343 0.0367514 0.0468324 0.0565409 0.064682 0.0703437 0.0731816 0.0733758 0.0713847 0.0677253 0.0628721 0.0572299 0.0511249 0.0448055 0.038456 0.0322191 0.0262212 0.0205941 0.0154848 0.011046 0.0074046 0.00462056
 0.00776171 0.012665 0.019165 0.0272299 0.0365999 0.0466376 0.0563009 0.064401 0.070035 0.0728688 0.0730911 0.0711633 0.0675977 0.0628569 0.0573291 0.0513242 0.045079 0.0387719 0.0325461 0.0265327 0.0208703 0.0157137 0.011223 0.00753153 0.00470435
 0.00773924 0.0126264 0.0191034 0.0271376 0.0364708 0.0464697 0.0560983 0.064174 0.0697973 0.0726344 0.0728733 0.0709762 0.0674584 0.062784 0.0573384 0.051423 0.0452615 0.0390195 0.0328312 0.0268252 0.0211432 0.0159477 0.0114077 0.00766571 0.00479369
 0.00770122 0.012565 0.0190117 0.0270096 0.0363027 0.0462617 0.0558571 0.0639136 0.0695372 0.0723956 0.0726741 0.0708301 0.067373 0.0627634 0.0573852 0.0515384 0.0454434 0.039259 0.033111 0.0271208 0.021428 0.0161987 0.0116103 0.00781511 0.0048942
 0.00768957 0.0125444 0.0189775 0.0269564 0.0362248 0.0461553 0.0557217 0.0637531 0.0693596 0.072212 0.0724977 0.0706745 0.0672512 0.0626862 0.0573602 0.0515703 0.0455333 0.0394036 0.0333006 0.0273389 0.0216532 0.0164088 0.0117878 0.00795098 0.0049882
 0.00768428 0.012538 0.0189718 0.0269535 0.0362261 0.046159 0.0557216 0.0637396 0.0693224 0.0721445 0.0723996 0.0705526 0.067118 0.0625578 0.0572531 0.0514991 0.0455084 0.0394298 0.0333761 0.0274543 0.0217929 0.0165536 0.01192 0.0080582 0.0050658
 0.00764133 0.0124739 0.0188863 0.0268507 0.0361138 0.0460474 0.0556217 0.0636608 0.0692702 0.0721181 0.0723921 0.0705536 0.0671185 0.0625539 0.0572479 0.0515007 0.0455273 0.039475 0.033452 0.0275586 0.0219165 0.0166828 0.01204 0.00815758 0.00513928
 0.00762284 0.0124401 0.0188288 0.0267606 0.0359851 0.0458819 0.0554327 0.0634718 0.0691088 0.0720068 0.0723412 0.0705599 0.0671685 0.0626298 0.0573341 0.0515881 0.0456141 0.039565 0.0335503 0.027668 0.0220344 0.0168015 0.0121494 0.0082488 0.00520756
 0.0076167 0.0124305 0.0188148 0.0267404 0.0359556 0.0458379 0.0553678 0.0633815 0.0689946 0.0718792 0.0722185 0.0704628 0.0671122 0.0626192 0.0573631 0.0516446 0.045686 0.0396444 0.0336342 0.0277564 0.0221264 0.0168934 0.012235 0.00832159 0.00526331
 0.0075951 0.0123969 0.0187671 0.026678 0.0358795 0.0457511 0.0552747 0.0632874 0.068904 0.0717949 0.0721429 0.0703998 0.0670688 0.0626038 0.057382 0.0516981 0.0457681 0.0397449 0.0337433 0.0278665 0.0222325 0.0169915 0.012321 0.00839199 0.00531616
 0.00757071 0.0123603 0.0187177 0.0266174 0.0358107 0.0456778 0.055201 0.0632171 0.0688406 0.0717413 0.0721001 0.0703675 0.0670469 0.0625937 0.0573872 0.0517228 0.0458149 0.0398127 0.0338268 0.0279583 0.0223249 0.017078 0.0123966 0.00845324 0.00536185
 0.0075589 0.0123401 0.0186855 0.0265697 0.0357454 0.0455965 0.0551094 0.0631252 0.0687592 0.0716787 0.07206 0.0703489 0.0670458 0.062606 0.0574102 0.0517563 0.0458599 0.0398705 0.0338968 0.028037 0.0224065 0.017156 0.0124653 0.00850892 0.00540311
 0.0075307 0.0122973 0.0186267 0.0264954 0.0356577 0.0454981 0.055004 0.063018 0.0686576 0.0715918 0.0719971 0.0703169 0.0670472 0.0626382 0.0574668 0.05183 0.0459445 0.0399619 0.0339922 0.0281334 0.0225001 0.0172421 0.0125392 0.00856752 0.00544573
 0.00752467 0.0122843 0.0186014 0.0264515 0.0355899 0.0454053 0.0548915 0.0628968 0.0685414 0.0714926 0.0719227 0.0702711 0.0670314 0.0626518 0.0575079 0.0518943 0.0460263 0.0400546 0.0340899 0.028231 0.0225931 0.017326 0.0126104 0.00862367 0.00548635
 0.00751897 0.0122756 0.0185892 0.0264349 0.0355673 0.0453734 0.0548462 0.0628345 0.0684622 0.0714016 0.0718302 0.0701897 0.0669719 0.0626211 0.057508 0.0519232 0.0460795 0.0401259 0.0341724 0.0283178 0.0226778 0.0174033 0.0126761 0.00867537 0.00552372
 0.00752865 0.0122904 0.0186096 0.0264607 0.0355972 0.0454053 0.0548763 0.0628576 0.0684714 0.0713903 0.0717944 0.0701303 0.0668958 0.0625398 0.0574343 0.0518677 0.0460481 0.0401196 0.034188 0.0283497 0.0227192 0.0174476 0.0127176 0.00871022 0.00555005
 0.00750994 0.0122639 0.0185772 0.0264265 0.0355665 0.0453827 0.0548644 0.0628561 0.0684778 0.0714007 0.0718042 0.0701346 0.0668912 0.0625255 0.0574133 0.0518464 0.046034 0.0401187 0.0342027 0.0283786 0.0227578 0.0174897 0.0127577 0.00874407 0.00557565
 0.00748409 0.0122232 0.0185186 0.026349 0.0354721 0.0452777 0.0547596 0.0627657 0.0684153 0.0713745 0.0718144 0.0701742 0.0669487 0.0625893 0.0574746 0.051901 0.0460821 0.0401637 0.0342485 0.0284272 0.0228087 0.0175399 0.0128031 0.00878139 0.00560339
 0.00748409 0.0122232 0.0185186 0.026349 0.0354721 0.0452777 0.0547596 0.0627657 0.0684153 0.0713745 0.0718144 0.0701742 0.0669487 0.0625893 0.0574746 0.051901 0.0460821 0.0401637 0.0342485 0.0284272 0.0228087 0.0175399 0.0128031 0.00878139 0.00560339
 0.00715718 0.0117011 0.0177526 0.0253067 0.034152 0.0437271 0.0530895 0.061146 0.0670419 0.0704202 0.071386 0.0702936 0.0675602 0.0635829 0.0587156 0.0532564 0.0474403 0.0414427 0.0353956 0.0294134 0.0236217 0.0181799 0.0132806 0.00911576 0.00582099
 0.00711143 0.0115893 0.0175155 0.0248664 0.0334314 0.0426823 0.0517398 0.0595855 0.0654267 0.0689368 0.0702147 0.069576 0.0673742 0.0639304 0.0595261 0.054407 0.0487849 0.0428407 0.0367323 0.0306086 0.0246288 0.0189811 0.0138804 0.00953574 0.00609386
 0.0070158 0.0114445 0.0173145 0.0246022 0.0330885 0.0422286 0.0511274 0.0587683 0.0643898 0.0677257 0.0689456 0.0684168 0.0665041 0.0634918 0.0595895 0.054957 0.0497303 0.0440416 0.0380345 0.0318739 0.0257549 0.0199081 0.0145884 0.0100369 0.0064211
 0.00700638 0.0114231 0.0172715 0.0245255 0.032967 0.0420553 0.0508993 0.0584793 0.0640222 0.0672492 0.0683327 0.0676726 0.0656901 0.0627276 0.0590221 0.0547128 0.0498713 0.0445468 0.0388111 0.0327896 0.0266763 0.0207305 0.015251 0.0105221 0.00674477
 0.00703745 0.0114822 0.0173752 0.0246914 0.0332056 0.042359 0.051235 0.0587907 0.0642428 0.0673182 0.0682063 0.067329 0.0651354 0.0620059 0.0582231 0.0539629 0.0493028 0.0442564 0.0388272 0.033067 0.0271184 0.0212266 0.0157093 0.0108885 0.0070036
 0.00701539 0.0114581 0.0173612 0.0247076 0.0332766 0.0425067 0.0514699 0.0591045 0.0646038 0.0676725 0.0684858 0.0674654 0.0650775 0.061734 0.0577595 0.0533748 0.0486934 0.0437405 0.0384973 0.032963 0.0272179 0.0214603 0.0159929 0.0111524 0.00720894
 0.00702796 0.0114805 0.017399 0.0247686 0.0333707 0.042645 0.0516626 0.0593571 0.0649127 0.0680194 0.0688347 0.0677641 0.0652659 0.0617585 0.0575896 0.0530178 0.0481998 0.0431968 0.0380031 0.0326006 0.0270261 0.0214268 0.0160679 0.0112749 0.0073299
 0.00698007 0.0114071 0.0172974 0.0246403 0.0332226 0.0424905 0.0515222 0.0592574 0.0648821 0.068081 0.0689976 0.0680164 0.0655716 0.0620624 0.0578289 0.0531403 0.0481832 0.0430592 0.0377991 0.0324009 0.0268903 0.021382 0.0161043 0.0113589 0.00742436
#pred catch len freq
 0.00528142 0.008291 0.0119624 0.0161493 0.0207513 0.0257051 0.0309037 0.036146 0.0411686 0.0457161 0.0495869 0.052651 0.0548596 0.0562448 0.056904 0.0569754 0.0566152 0.0559657 0.0550881 0.0538593 0.0518977 0.0486291 0.043557 0.0366312 0.0284603
 0.00562885 0.00878858 0.0125909 0.0168595 0.0214927 0.0264639 0.0317215 0.0370986 0.0423116 0.0470302 0.0509596 0.0539096 0.0558354 0.0568328 0.0570874 0.0568082 0.056175 0.0553023 0.0541932 0.0526794 0.0503863 0.046813 0.0415698 0.0346867 0.0267749
 0.00601251 0.00938402 0.0134315 0.01795 0.0228023 0.0279223 0.0332249 0.0385331 0.0435936 0.0481371 0.0519231 0.0547674 0.0565769 0.0573823 0.0573375 0.056675 0.0556329 0.0543761 0.0529241 0.0510984 0.0485234 0.0447341 0.0394084 0.0326324 0.0250167
 0.00637187 0.0099456 0.014236 0.0190242 0.0241588 0.0295561 0.0351005 0.0405687 0.0456548 0.0500549 0.0535354 0.0559648 0.0573252 0.0577048 0.0572704 0.0562312 0.0547995 0.0531375 0.0512865 0.0491001 0.0462389 0.042282 0.0369551 0.0303725 0.0231244
 0.00667331 0.0104224 0.0149304 0.0199704 0.025382 0.0310691 0.0368948 0.0426033 0.0478479 0.0522821 0.055635 0.0577578 0.0586488 0.0584494 0.0573995 0.0557702 0.0538027 0.0516587 0.0493726 0.0468083 0.043662 0.0395646 0.034289 0.0279639 0.0211418
 0.0069674 0.0108821 0.0155898 0.020854 0.0265076 0.0324492 0.0385319 0.0444798 0.0499155 0.0544547 0.0577893 0.0597398 0.0602901 0.0595911 0.05792 0.0556065 0.0529553 0.0501796 0.0473458 0.0443409 0.0408913 0.0366688 0.0314817 0.0254605 0.0191072
 0.00731139 0.0114035 0.0163053 0.0217587 0.0275829 0.033676 0.0398972 0.0459737 0.0515228 0.0561448 0.0595081 0.0614045 0.0617886 0.0607898 0.0586796 0.0558051 0.0525124 0.0490722 0.0456145 0.0420875 0.038273 0.0338915 0.0287791 0.0230555 0.0171624
 0.0077313 0.0120462 0.0171983 0.0229012 0.0289489 0.03522 0.0415579 0.0476772 0.0531908 0.0577086 0.0609171 0.0626246 0.0627897 0.0615298 0.0590951 0.0558133 0.0520266 0.0480273 0.0439949 0.0399483 0.0357492 0.0311876 0.0261378 0.0207073 0.0152711
 0.00807649 0.0125926 0.0179931 0.0239787 0.0303245 0.0368813 0.0434528 0.0497078 0.0552232 0.0595958 0.062528 0.0638666 0.0636178 0.0619402 0.0591037 0.0554305 0.0512413 0.0468112 0.0423275 0.0378523 0.0333195 0.0285968 0.0236095 0.018462 0.0134669
 0.00849651 0.0132308 0.0188728 0.0250983 0.031668 0.0384306 0.0451899 0.0516018 0.0572094 0.0615639 0.0643288 0.0653392 0.064628 0.0624109 0.0590233 0.0548363 0.0501892 0.0453503 0.0404953 0.0356945 0.0309209 0.0261006 0.0212055 0.0163429 0.0117724
 0.00891513 0.0138665 0.0197465 0.0262006 0.0329653 0.0398759 0.0467302 0.0531817 0.0587742 0.0630606 0.065702 0.0665215 0.0655352 0.0629512 0.0591199 0.0544499 0.0493256 0.0440511 0.0388227 0.0337256 0.0287561 0.0238742 0.0190805 0.0144802 0.0102879
 0.0091145 0.0142079 0.0202914 0.0270145 0.0341004 0.0413449 0.0484832 0.055102 0.0607019 0.0648328 0.0671885 0.0676414 0.066252 0.0632553 0.0590111 0.0539293 0.0484001 0.0427437 0.0371807 0.0318246 0.0267011 0.0217977 0.0171304 0.0127935 0.00895731
 0.0091466 0.0142765 0.0204279 0.0272671 0.0345328 0.0420283 0.0494787 0.056435 0.0623348 0.0666495 0.0690064 0.0692532 0.0674799 0.0639918 0.0592263 0.0536504 0.0476813 0.0416462 0.03577 0.030178 0.0249176 0.0199993 0.0154496 0.0113485 0.00782425
 0.00920084 0.0143462 0.0205007 0.0273247 0.0345639 0.0420454 0.0495309 0.0566058 0.0627202 0.0673228 0.069981 0.0704609 0.0687767 0.0651921 0.060154 0.0541824 0.0477661 0.0412963 0.0350412 0.0291536 0.0237003 0.0187072 0.0142053 0.0102598 0.00696171
 0.00930796 0.0145051 0.0207105 0.0275722 0.0348242 0.0422869 0.049723 0.056731 0.0627891 0.067383 0.0701098 0.0707371 0.0692409 0.065817 0.0608413 0.0547915 0.0481596 0.0413802 0.0347853 0.0285895 0.0229071 0.0177923 0.0132841 0.00943357 0.00629785
 0.0093148 0.0145218 0.0207454 0.0276361 0.0349261 0.0424285 0.0498936 0.0569077 0.0629428 0.0674912 0.0701716 0.0707812 0.0693204 0.0659862 0.0611251 0.0551615 0.0485351 0.0416551 0.0348676 0.0284342 0.022529 0.017257 0.0126847 0.00886196 0.00582143
 0.00938335 0.0146168 0.0208588 0.0277517 0.035027 0.0425059 0.0499531 0.0569651 0.0630136 0.0675789 0.0702643 0.0708605 0.0693764 0.0660288 0.0611807 0.0552552 0.0486679 0.0417926 0.0349497 0.0284019 0.0223532 0.0169529 0.0123046 0.00847379 0.00548307
 0.00939354 0.0146335 0.0208834 0.0277841 0.0350632 0.0425375 0.0499678 0.0569526 0.0629725 0.0675219 0.0702148 0.0708419 0.069401 0.0660951 0.0612798 0.0553786 0.0488085 0.0419372 0.035072 0.0284663 0.0223297 0.0168339 0.0121118 0.00824897 0.00527033
 0.00938638 0.0146211 0.0208637 0.0277552 0.0350248 0.0424917 0.0499191 0.0569062 0.0629317 0.067487 0.0701853 0.0708207 0.0693969 0.0661196 0.0613411 0.0554769 0.0489353 0.042077 0.0352037 0.0285653 0.0223735 0.0168115 0.01203 0.00813079 0.00514551
 0.00941938 0.0146627 0.0209042 0.0277782 0.0350119 0.0424297 0.049807 0.0567563 0.0627665 0.0673319 0.0700616 0.0707416 0.0693667 0.0661368 0.0614013 0.055575 0.0490638 0.0422241 0.0353526 0.0286956 0.0224659 0.016854 0.0120227 0.00808648 0.005084
 0.0094402 0.0146949 0.0209487 0.027833 0.0350701 0.0424783 0.0498276 0.0567298 0.0626811 0.0671907 0.069885 0.0705616 0.069216 0.0660387 0.0613656 0.0555989 0.0491366 0.0423309 0.0354757 0.028816 0.0225657 0.0169202 0.0120512 0.00808289 0.0050606
 0.00947482 0.0147463 0.0210173 0.0279161 0.0351632 0.0425759 0.0499234 0.0568149 0.0627421 0.0672111 0.0698505 0.0704675 0.0690729 0.0658714 0.061205 0.0554718 0.0490583 0.0423028 0.0354883 0.0288534 0.0226102 0.0169568 0.0120712 0.008085 0.00504978
 0.00953064 0.0148241 0.0211104 0.0280107 0.0352422 0.0426263 0.0499412 0.0568056 0.0627169 0.0671799 0.0698172 0.0704284 0.0690207 0.0658011 0.0611194 0.0553828 0.0489822 0.0422534 0.0354712 0.0288643 0.0226379 0.016988 0.0120955 0.00809791 0.00505207
 0.0094769 0.0147535 0.0210346 0.027949 0.0352144 0.0426417 0.0499918 0.0568688 0.0627669 0.0672008 0.0698093 0.0704042 0.0689947 0.065782 0.061108 0.0553762 0.0489793 0.0422568 0.0354851 0.0288905 0.0226735 0.0170262 0.0121289 0.00812161 0.00506533
