SBPRF35
12.7214
Curr Bio
724416
B35
865414
F35
0.169608
FOFL
0.14455
OFL
88874.3
Bzero
3.63469e+006
#pred survey bio
 3.12245e+006 2.85443e+006 2.58198e+006 2.35281e+006 2.07568e+006 1.8659e+006 1.64402e+006 1.45265e+006 1.29307e+006 1.15626e+006 1.02262e+006 916513 820317 749140 693852 641877 611865 584980 573758 565904 566676 576351 570885 559890 566281 567463 571513 569165 580211 588824 605777 615728 620938 628605 647630 661677 677339 681458 690356 687672 699670 709598 710749 721217 728942 726357 730894 2.62506e+007 1.58623e+007 1.6276e+007 1.72895e+007 1.87097e+007 2.02849e+007 2.18216e+007 2.32041e+007 2.4382e+007 2.53481e+007 2.61197e+007 2.67244e+007 2.71923e+007 2.75513e+007 2.78254e+007 2.80341e+007 2.81931e+007 2.83144e+007 2.84071e+007 2.84783e+007 2.85332e+007 2.85756e+007 2.86087e+007 2.86345e+007 2.86548e+007 2.86707e+007 2.86834e+007 2.86934e+007 2.87014e+007 2.87078e+007 2.87129e+007 2.8717e+007 2.87203e+007 2.8723e+007 2.87252e+007 2.8727e+007 2.87284e+007 2.87295e+007 2.87305e+007 2.87313e+007 2.87319e+007 2.87324e+007 2.87328e+007 2.87332e+007 2.87335e+007 2.87337e+007 2.87339e+007 2.8734e+007 2.87342e+007 2.87343e+007 2.87343e+007 2.87344e+007 2.87345e+007 2.87345e+007 2.87345e+007 2.87346e+007 2.87346e+007 2.87346e+007 2.87346e+007 2.87347e+007 2.87347e+007 2.87347e+007 2.87347e+007 2.87347e+007 2.87347e+007 2.87347e+007 2.87347e+007 2.87347e+007 2.87347e+007 2.87347e+007 2.87347e+007 2.87347e+007 2.87347e+007 2.87347e+007 2.87347e+007 2.87347e+007 2.87347e+007 2.87347e+007 2.87347e+007 2.87347e+007 2.87347e+007 2.87347e+007 2.87347e+007 2.87347e+007 2.87347e+007 2.87347e+007 2.87347e+007 2.87347e+007 2.87347e+007 2.87347e+007 2.87347e+007 2.87347e+007 2.87347e+007 2.87347e+007 2.87347e+007 2.87347e+007 2.87347e+007 2.87347e+007 2.87347e+007 2.87347e+007 0 0 0 0 0 0 0 0 0 0 0 0 0 0 0 0 0 0 0 0 0 0 0 0 0
#obs survey bio
 2.58083e+006 3.79303e+006 2.98274e+006 1.76787e+006 1.83647e+006 1.64317e+006 1.11568e+006 1.59412e+006 1.07647e+006 720923 756514 715817 1.1207e+006 973946 768807 696839 453396 519650 711043 505129 477523 577324 604651 701553 493191 752466 611242 583136 639848 648676 574462 576167 514313 556428 623991 748205 913411 726031 771730 588547 511188 839883 743618 778628 822186 826589 702237
#pred catch bio
 290817 307932 282566 339978 292028 314063 294778 271778 254834 252988 227818 215409 187592 167496 158582 135477 130380 115817 112779 106233 100264 113085 115501 99090.9 102570 98952.4 103174 91514.4 94308.6 88423.2 95628.2 100156 98469.5 90103.3 96091.8 96046.6 106485 102962 113718 102607 106360 114644 107014 109614 117380 108929 93180.2 88874.3 103708 105135 110439 119048 128882 138455 146959 154070 159767 164188 167536 170025 171849 173170 174119 174794 175273 175611 175848 176015 176131 176212 176268 176307 176334 176353 176366 176375 176381 176386 176389 176391 176392 176393 176394 176394 176394 176395 176395 176395 176395 176395 176395 176395 176395 176395 176395 176395 176395 176395 176395 176395 176395 176395 176395 176395 176395 176395 176395 176395 176395 176395 176395 176395 176395 176395 176395 176395 176395 176395 176395 176395 176395 176395 176395 176395 176395 176395 176395 176395 176395 176395 176395 176395 176395 176395 176395 176395 176395 176395 176395 176395 176395 176395 176395 176395 176395 176395 176395 0 0 0 0 0 0 0 0 0 0 0 0 0 0 0 0 0 0 0 0 0 0 0 0 0
#obs catch bio
 241354 308166 282235 342615 293100 316970 299064 274393 257307 255965 231599 220470 189315 167197 157718 134647 130688 116356 113108 106790 101311 114597 116747 99152.9 103043 98859.3 103245 91228.4 94308.6 88209.7 95764.5 100285 98828.3 90154.4 96298.6 96191.4 106518 102623 113754 102822 106978 115418 107367 110064 117970 109136 93044.9
#pred cpue bio
 3.07459e+006 2.80861e+006 2.53803e+006 2.30945e+006 2.03353e+006 1.82446e+006 1.60382e+006 1.41381e+006 1.25562e+006 1.12006e+006 987804 883064 789005 720093 666702 616236 586909 560490 549413 541638 542115 551455 546458 536221 542805 544249 548505 546409 557207 565590 582112 591849 596975 604481 623029 636688 652038 656149 664726 661808 673230 682818 684041 694422 702197 700036 705236 2.53865e+007 1.53588e+007 1.56214e+007 1.64748e+007 1.78399e+007 1.94021e+007 2.09362e+007 2.23182e+007 2.3496e+007 2.44621e+007 2.52337e+007 2.58384e+007 2.63063e+007 2.66653e+007 2.69394e+007 2.71482e+007 2.73072e+007 2.74285e+007 2.75212e+007 2.75924e+007 2.76472e+007 2.76897e+007 2.77227e+007 2.77485e+007 2.77688e+007 2.77848e+007 2.77974e+007 2.78074e+007 2.78154e+007 2.78218e+007 2.78269e+007 2.7831e+007 2.78344e+007 2.78371e+007 2.78392e+007 2.7841e+007 2.78424e+007 2.78436e+007 2.78445e+007 2.78453e+007 2.78459e+007 2.78465e+007 2.78469e+007 2.78472e+007 2.78475e+007 2.78477e+007 2.78479e+007 2.78481e+007 2.78482e+007 2.78483e+007 2.78484e+007 2.78485e+007 2.78485e+007 2.78486e+007 2.78486e+007 2.78486e+007 2.78486e+007 2.78487e+007 2.78487e+007 2.78487e+007 2.78487e+007 2.78487e+007 2.78487e+007 2.78487e+007 2.78487e+007 2.78487e+007 2.78487e+007 2.78487e+007 2.78487e+007 2.78488e+007 2.78488e+007 2.78488e+007 2.78488e+007 2.78488e+007 2.78488e+007 2.78488e+007 2.78488e+007 2.78488e+007 2.78488e+007 2.78488e+007 2.78488e+007 2.78488e+007 2.78488e+007 2.78488e+007 2.78488e+007 2.78488e+007 2.78488e+007 2.78488e+007 2.78488e+007 2.78488e+007 2.78488e+007 2.78488e+007 2.78488e+007 2.78488e+007 2.78488e+007 2.78488e+007 2.78488e+007 2.78488e+007 2.78488e+007 2.78488e+007 0 0 0 0 0 0 0 0 0 0 0 0 0 0 0 0 0 0 0 0 0 0 0 0 0
#obs cpue bio
 4.01928e+006 2.52578e+006 1.85057e+006 2.00258e+006 2.04388e+006 1.62439e+006 1.32428e+006 1.54421e+006 1.30049e+006 1.54448e+006 780661 658949 929005 943885 823694 592281 521995 467279 493821 465603 342040 485098 553956 617838 512857 553513 520064 614399 460767 553394 492916 644941 575388 727559 636090 516911 627924 719200 543216 520069 667326 571665 679885 585458 629642 741464 849685
#pred surv len freq
 0.00575672 0.00927116 0.0138081 0.0192895 0.0255363 0.0321954 0.0387071 0.0444323 0.048892 0.0519323 0.0536955 0.054467 0.0545382 0.0541443 0.0534571 0.0525966 0.0516475 0.0506619 0.0496218 0.0483595 0.0464963 0.0434987 0.0389145 0.0326961 0.0253843
 0.00607865 0.00971685 0.0143403 0.0198389 0.0260385 0.0326402 0.0391642 0.0450252 0.0497272 0.0530245 0.0549404 0.0556782 0.0555251 0.0547832 0.0537204 0.0525334 0.0513348 0.0501516 0.0489111 0.0474012 0.0452462 0.041975 0.0372302 0.0310363 0.0239385
 0.00647788 0.0103523 0.015266 0.0210819 0.027579 0.0343916 0.0409706 0.0466962 0.051107 0.0540558 0.0556712 0.0562032 0.0559033 0.0549962 0.0536935 0.0521935 0.0506532 0.0491454 0.0476151 0.0458431 0.0434531 0.0400065 0.0352061 0.0291265 0.0223118
 0.00673521 0.010777 0.0159176 0.0220208 0.0288548 0.0360213 0.0429127 0.048833 0.0532522 0.0559922 0.0572095 0.0572361 0.0564254 0.0550754 0.0534125 0.0516011 0.0497553 0.0479295 0.0460793 0.0440129 0.0413875 0.0378057 0.0330137 0.0271119 0.0206272
 0.00713023 0.0113989 0.0168167 0.0232331 0.0303997 0.0378962 0.0450824 0.051219 0.0557288 0.0583928 0.0593424 0.0589109 0.0574907 0.0554543 0.053116 0.0507068 0.0483637 0.0461267 0.0439281 0.0415718 0.0387405 0.0350823 0.0303868 0.0247671 0.018714
 0.00741023 0.0118496 0.0174867 0.0241649 0.0316225 0.0394155 0.0468685 0.0532045 0.0578183 0.0604783 0.0613118 0.0606457 0.0588633 0.0563373 0.0534071 0.0503556 0.0473832 0.0445816 0.0419124 0.0391946 0.0361296 0.0323955 0.0278095 0.0224852 0.0168685
 0.00768844 0.0123056 0.0181796 0.0251517 0.0329462 0.0410869 0.0488478 0.0553955 0.0600836 0.0626678 0.0632895 0.0623036 0.0601188 0.0571235 0.0536638 0.0500319 0.0464504 0.0430501 0.0398419 0.0366953 0.0333579 0.029546 0.0250968 0.0201088 0.0149686
 0.00797006 0.0127497 0.0188236 0.0260245 0.0340675 0.0424637 0.0504669 0.057214 0.0620245 0.0646249 0.0651391 0.0639212 0.0613953 0.0579747 0.0540305 0.0498733 0.0457397 0.0417803 0.0380409 0.0344431 0.0307962 0.026871 0.0225316 0.017859 0.0131747
 0.00828551 0.0132412 0.0195236 0.026949 0.0352146 0.0438122 0.0519738 0.0588156 0.0636452 0.0661895 0.0665804 0.0651778 0.0624055 0.0586744 0.0543571 0.0497719 0.0451691 0.0407192 0.0364986 0.0324757 0.0285199 0.0244618 0.0202001 0.0158042 0.0115341
 0.00858384 0.0137157 0.0202175 0.0278933 0.0364203 0.0452598 0.0536029 0.0605257 0.0653139 0.0677005 0.0678477 0.0661536 0.0630722 0.0590282 0.0543923 0.0494728 0.0445108 0.0396782 0.0350692 0.0306909 0.0264685 0.0222911 0.0180955 0.0139461 0.0100494
 0.00881135 0.0140978 0.0208144 0.0287668 0.0376181 0.0467915 0.0554175 0.0625061 0.0672952 0.0695071 0.0693291 0.0672091 0.0636587 0.0591542 0.0540999 0.0488139 0.043528 0.0383974 0.0335087 0.0288828 0.0244823 0.0202442 0.0161407 0.0122352 0.00868987
 0.00872755 0.0140113 0.0207776 0.0288633 0.0379463 0.0474356 0.0564178 0.0638422 0.0688852 0.0712196 0.0710037 0.068682 0.0647917 0.0598576 0.0543419 0.0486128 0.0429319 0.0374631 0.0322909 0.0274377 0.0228825 0.0185906 0.0145577 0.0108462 0.00758329
 0.00867443 0.0139303 0.0206686 0.0287379 0.0378353 0.0473953 0.0565293 0.0641953 0.069548 0.0722045 0.0722481 0.0700557 0.0661273 0.0609901 0.0551426 0.0490084 0.0429058 0.0370437 0.0315351 0.0264189 0.0216878 0.0173218 0.0133266 0.00975772 0.00671173
 0.00876738 0.0140468 0.0207805 0.0287992 0.0377969 0.0472294 0.0562507 0.0638695 0.0692801 0.0721123 0.0724283 0.0705508 0.0669051 0.0619454 0.0561223 0.0498517 0.0434835 0.0372821 0.0314207 0.0259897 0.0210194 0.0165139 0.0124876 0.0089868 0.00607993
 0.00893104 0.0142895 0.0211005 0.0291742 0.0381846 0.0475709 0.0564801 0.0639294 0.069145 0.0718104 0.0720465 0.0702137 0.066733 0.0620092 0.056416 0.0502938 0.043946 0.0376327 0.0315619 0.0258814 0.0206812 0.0160123 0.011914 0.00843159 0.00561118
 0.00924008 0.0147534 0.0217262 0.0299402 0.0390435 0.0484566 0.0573122 0.0646182 0.0696024 0.0719694 0.0718846 0.0697685 0.0661006 0.0613205 0.055797 0.0498248 0.0436375 0.0374312 0.0313804 0.0256402 0.0203396 0.0155791 0.0114367 0.00797299 0.00522401
 0.00942911 0.0150456 0.0221368 0.030471 0.0396801 0.0491659 0.0580413 0.0652974 0.0701562 0.0723323 0.0720141 0.0696528 0.0657612 0.0608118 0.0551997 0.0492289 0.0431159 0.0370161 0.0310568 0.0253615 0.0200569 0.0152675 0.0111041 0.00765046 0.00494636
 0.00954534 0.0152364 0.0224267 0.0308823 0.0402261 0.0498411 0.0588123 0.0661012 0.0709099 0.0729504 0.0724258 0.0698137 0.0656584 0.0604649 0.0546587 0.0485667 0.0424151 0.0363493 0.0304692 0.0248636 0.0196337 0.014897 0.0107743 0.00736402 0.0047136
 0.00963406 0.0153593 0.0225734 0.0310331 0.040362 0.0499576 0.0589268 0.0662482 0.0711226 0.07324 0.0727703 0.0701614 0.0659442 0.0606308 0.0546706 0.0484229 0.0421446 0.0360016 0.0300972 0.0245081 0.0193155 0.0146203 0.0105366 0.00716447 0.00455437
 0.00981066 0.0156199 0.0229152 0.0314341 0.0407838 0.0503537 0.0592528 0.0664715 0.0712326 0.0732539 0.0727272 0.0701041 0.0658981 0.0605918 0.0546101 0.0483058 0.0419492 0.0357301 0.0297739 0.0241683 0.0189917 0.0143343 0.0102983 0.00697579 0.00441313
 0.00973415 0.0155287 0.0228386 0.0314168 0.0408711 0.0505681 0.0595768 0.0668484 0.0715877 0.0735234 0.0728811 0.0701512 0.0658741 0.0605377 0.0545525 0.0482477 0.0418752 0.0356206 0.02962 0.0239773 0.0187833 0.0141313 0.0101191 0.00683059 0.00430458
 0.00942108 0.0150643 0.0222247 0.0306899 0.0400992 0.0498404 0.05899 0.0664891 0.07151 0.0737295 0.0733169 0.0707266 0.066496 0.0611382 0.0550973 0.0487259 0.0422833 0.0359529 0.0298689 0.0241402 0.018868 0.0141554 0.0101048 0.00679826 0.00426925
 0.00927514 0.014834 0.0218922 0.030247 0.0395532 0.0492215 0.0583562 0.0659231 0.0711018 0.0735508 0.0733981 0.0710471 0.0669918 0.0617236 0.0556904 0.0492679 0.0427436 0.0363223 0.0301493 0.0243373 0.0189909 0.0142175 0.0101231 0.00679089 0.00425133
 0.00936112 0.014942 0.0219957 0.0303013 0.0395067 0.0490345 0.0580193 0.0654639 0.0705808 0.0730476 0.0729944 0.0708082 0.066951 0.0618737 0.0559873 0.0496464 0.0431376 0.0366814 0.0304443 0.0245583 0.0191405 0.0143063 0.0101659 0.00680363 0.00424818
 0.00927169 0.0148069 0.0218104 0.0300652 0.0392188 0.0486894 0.0576072 0.0649795 0.070036 0.0724826 0.0724776 0.0704223 0.0667695 0.061938 0.0562937 0.0501475 0.0437568 0.0373338 0.0310567 0.0250811 0.0195507 0.0146031 0.0103634 0.00692375 0.00431425
 0.00920413 0.0147035 0.0216669 0.0298824 0.0390024 0.0484486 0.0573526 0.0647196 0.0697739 0.0722157 0.0722042 0.0701528 0.0665351 0.061787 0.0562758 0.050292 0.0440579 0.0377505 0.0315265 0.0255396 0.0199486 0.0149142 0.0105838 0.00706541 0.00439667
 0.00919762 0.0146784 0.0216031 0.0297535 0.0387844 0.0481323 0.0569536 0.064278 0.0693427 0.0718427 0.0719187 0.0699623 0.0664327 0.0617652 0.0563358 0.0504442 0.0443117 0.0381006 0.0319453 0.0259817 0.0203644 0.0152646 0.0108498 0.00724742 0.00450906
 0.00932215 0.0148608 0.0218391 0.0300231 0.0390533 0.0483573 0.0570895 0.0642871 0.0692057 0.071568 0.0715429 0.0695398 0.0660186 0.0614017 0.0560489 0.0502485 0.044216 0.0381078 0.0320476 0.0261565 0.0205766 0.0154763 0.0110309 0.00738302 0.00459858
 0.00929662 0.0148242 0.0217927 0.0299704 0.0389978 0.0482991 0.0570231 0.0642021 0.0690898 0.0714136 0.0713522 0.0693279 0.0658118 0.0612305 0.0559398 0.0502175 0.0442676 0.038237 0.0322421 0.0263966 0.0208362 0.0157262 0.0112458 0.00754796 0.00471152
 0.00931242 0.0148441 0.0218124 0.0299828 0.0389955 0.0482783 0.0569855 0.0641529 0.069034 0.0713506 0.0712756 0.0692294 0.0656885 0.0610903 0.0558014 0.0501058 0.0442053 0.0382385 0.0323094 0.0265201 0.0209964 0.0158985 0.0114063 0.00767937 0.00480662
 0.00921162 0.0146936 0.0216107 0.0297372 0.0387196 0.0479887 0.0566993 0.0638885 0.0688112 0.0711891 0.0711902 0.0692247 0.0657564 0.0612127 0.0559577 0.0502807 0.044393 0.0384402 0.0325277 0.0267525 0.0212331 0.0161236 0.0116031 0.00783588 0.00491883
 0.00915515 0.0146072 0.0214909 0.029585 0.038541 0.0477939 0.0565026 0.0637058 0.0686572 0.0710736 0.0711172 0.0691942 0.0657665 0.0612605 0.0560387 0.0503882 0.0445201 0.0385822 0.0326824 0.0269181 0.0214043 0.0162908 0.0117541 0.00795992 0.00501071
 0.00915471 0.0146034 0.0214794 0.02956 0.0384966 0.0477266 0.0564134 0.063601 0.0685465 0.0709677 0.071025 0.0691215 0.0657161 0.0612336 0.0560356 0.050409 0.0445641 0.0386477 0.0327669 0.0270182 0.021515 0.0164044 0.0118611 0.00805138 0.00508094
 0.00920441 0.0146698 0.0215526 0.0296217 0.0385248 0.0477038 0.0563329 0.0634695 0.0683809 0.07079 0.070857 0.0689809 0.0656142 0.0611747 0.0560182 0.0504277 0.0446125 0.0387195 0.0328563 0.0271197 0.0216224 0.0165107 0.0119586 0.0081335 0.00514368
 0.00915644 0.0145964 0.0214504 0.0294894 0.0383625 0.0475111 0.0561103 0.0632211 0.0681187 0.0705355 0.070639 0.0688288 0.0655498 0.0612056 0.0561372 0.0506165 0.0448475 0.0389773 0.0331174 0.0273689 0.0218487 0.0167063 0.0121186 0.00825602 0.00523057
 0.00905542 0.0144525 0.0212716 0.0292954 0.0381789 0.0473595 0.056 0.063147 0.068066 0.0704871 0.0705835 0.068766 0.0654913 0.0611714 0.0561469 0.0506821 0.0449688 0.0391433 0.0333104 0.02757 0.0220413 0.0168776 0.0122606 0.0083653 0.00530814
 0.00896743 0.0143104 0.0210604 0.0290057 0.0378121 0.0469351 0.0555591 0.0627468 0.0677623 0.0703155 0.0705474 0.0688413 0.0656415 0.0613642 0.0563639 0.0509178 0.0452239 0.0394166 0.0335944 0.027851 0.022303 0.0171056 0.0124456 0.00850435 0.00540441
 0.00908288 0.0144728 0.0212576 0.0292087 0.0379814 0.047032 0.0555573 0.062639 0.0675632 0.070058 0.0702749 0.0685941 0.065446 0.0612277 0.0562798 0.0508755 0.0452164 0.0394417 0.0336512 0.0279348 0.0224041 0.017211 0.0125426 0.00858416 0.00546336
 0.00912893 0.0145499 0.0213766 0.0293774 0.0381991 0.0472819 0.0558026 0.0628288 0.0676479 0.070009 0.0700968 0.0683235 0.0651368 0.0609323 0.0560348 0.0506967 0.045103 0.0393848 0.03364 0.0279593 0.022454 0.0172749 0.0126087 0.00864293 0.00550915
 0.00923106 0.0147116 0.0216115 0.0296952 0.0386025 0.047763 0.0563373 0.0633732 0.0681403 0.07038 0.0702854 0.0682946 0.0648935 0.0605165 0.0555145 0.0501455 0.0445819 0.0389328 0.0332746 0.0276824 0.0222578 0.0171466 0.0125328 0.0086035 0.00549204
 0.00914053 0.0145829 0.0214527 0.0295269 0.0384542 0.0476663 0.0563186 0.0634493 0.0683146 0.0706391 0.0705965 0.0686088 0.0651556 0.0606814 0.0555613 0.0500839 0.044446 0.0387663 0.0331158 0.0275555 0.0221718 0.0170985 0.0125134 0.00860171 0.00549844
 0.00899556 0.0143679 0.0211684 0.0291894 0.0380931 0.0473194 0.0560276 0.0632545 0.0682484 0.070718 0.0708151 0.0689381 0.0655479 0.0610796 0.0559113 0.050347 0.0446081 0.0388383 0.0331261 0.0275366 0.0221492 0.0170858 0.0125134 0.00861057 0.00551058
 0.00898813 0.0143454 0.0211158 0.0290882 0.0379282 0.0470895 0.0557524 0.062974 0.0680125 0.0705712 0.0707844 0.0690278 0.0657415 0.0613439 0.0562032 0.0506223 0.0448306 0.0389886 0.0332049 0.0275606 0.0221423 0.0170692 0.0125 0.00860462 0.00551074
 0.00887917 0.0141827 0.0208973 0.0288198 0.0376202 0.0467515 0.0553927 0.0626033 0.067652 0.0702562 0.0705604 0.0689383 0.0658125 0.0615741 0.0565623 0.0510593 0.045287 0.0394123 0.0335607 0.0278345 0.0223387 0.0172033 0.0125892 0.0086634 0.00554894
 0.00871676 0.0139399 0.0205719 0.0284245 0.0371802 0.0462986 0.0549597 0.0622201 0.0673409 0.0700299 0.070424 0.0688953 0.0658705 0.0617426 0.0568451 0.0514439 0.0457414 0.0398907 0.0340153 0.0282283 0.0226524 0.0174352 0.0127499 0.00876866 0.00561429
 0.00844843 0.0135474 0.0200626 0.0278344 0.0365644 0.045716 0.0544592 0.0618355 0.0670902 0.0699162 0.0704362 0.0690129 0.0660708 0.0620089 0.0571698 0.0518246 0.046172 0.0403537 0.0344812 0.0286621 0.0230244 0.0177288 0.0129637 0.00891252 0.00570403
 0.00800036 0.0128659 0.0191263 0.0266604 0.0352094 0.0442728 0.0530522 0.0606073 0.0661754 0.0694079 0.070363 0.069339 0.0667162 0.0628776 0.0581717 0.0528875 0.047243 0.0413931 0.0354546 0.0295367 0.023771 0.0183283 0.0134127 0.00922417 0.00590343
#obs surv len freq
 0.00497306 0.00814507 0.0123877 0.017714 0.0239974 0.030872 0.0377125 0.0437961 0.0485729 0.0518421 0.0537223 0.0544981 0.0544884 0.0539897 0.0532623 0.0525202 0.0519089 0.0514638 0.0510466 0.0502879 0.0486054 0.0453685 0.0402 0.0332687 0.0253563
 0.00518034 0.00848587 0.0129078 0.0184586 0.0250024 0.0321507 0.0392409 0.0455078 0.050368 0.0536059 0.0553428 0.0558758 0.0555385 0.0546416 0.0534597 0.0522245 0.0511064 0.0501738 0.0493284 0.0482445 0.0463803 0.0431334 0.038131 0.0315125 0.0239984
 0.00540659 0.00885541 0.0134674 0.0192534 0.0260685 0.0335017 0.0408548 0.0473202 0.0522803 0.0555019 0.0571061 0.0574008 0.0567348 0.0554344 0.0537885 0.0520426 0.0503835 0.0489054 0.0475499 0.0460457 0.0439113 0.0405941 0.0357392 0.0294574 0.022396
 0.00563531 0.00923145 0.0140412 0.0200748 0.0271768 0.0349113 0.0425392 0.0492077 0.0542643 0.0574621 0.058927 0.0589811 0.0579894 0.0562917 0.0541885 0.0519348 0.0497289 0.0476843 0.0457779 0.0437944 0.0413236 0.0378795 0.0331408 0.0271967 0.0206171
 0.00589451 0.00965334 0.0146772 0.0209732 0.0283744 0.0364187 0.0443263 0.0511975 0.0563428 0.0594996 0.0607991 0.0605818 0.0592351 0.0571195 0.0545502 0.0517911 0.0490462 0.0464402 0.0439776 0.0414946 0.038655 0.0350492 0.0304025 0.0247912 0.018709
 0.00615609 0.0100826 0.0153305 0.021905 0.0296258 0.0380005 0.0462013 0.0532757 0.0584958 0.0615864 0.06269 0.0621711 0.0604432 0.0578899 0.0548438 0.0515798 0.0483078 0.0451597 0.04216 0.0391891 0.0359799 0.0322009 0.0276306 0.0223408 0.0167534
 0.00637531 0.0104454 0.0158886 0.0227114 0.0307248 0.0394117 0.0479029 0.055197 0.0605258 0.0635939 0.0645446 0.0637583 0.0616719 0.0586946 0.0551816 0.0514239 0.0476412 0.0439738 0.0404637 0.0370286 0.0334632 0.0295086 0.0249964 0.0199988 0.0148739
 0.00660564 0.0108215 0.0164579 0.0235193 0.0318068 0.04078 0.049532 0.0570186 0.0624366 0.0654744 0.0662769 0.0652379 0.0628133 0.0594335 0.0554744 0.0512443 0.0469758 0.0428203 0.0388363 0.034975 0.0310848 0.0269714 0.0225152 0.0177903 0.0130977
 0.00685189 0.0112237 0.0170662 0.0243806 0.0329544 0.0422181 0.0512209 0.0588708 0.064331 0.0672815 0.0678813 0.0665498 0.0637687 0.0599903 0.0556069 0.0509389 0.0462272 0.041632 0.0372271 0.0329929 0.028825 0.0245853 0.0201963 0.0157335 0.0114459
 0.00706554 0.0115752 0.017603 0.025149 0.0339901 0.0435311 0.0527799 0.0605978 0.0661121 0.0689888 0.0693958 0.0677755 0.0646391 0.0604668 0.055674 0.0505956 0.0454808 0.0404952 0.0357237 0.0311705 0.0267708 0.0224338 0.018117 0.0138958 0.00997315
 0.007294 0.0119498 0.0181723 0.0259591 0.0350746 0.0448948 0.0543835 0.0623529 0.0678949 0.0706641 0.0708412 0.0688959 0.0653724 0.0607833 0.0555711 0.0500901 0.0445998 0.0392708 0.034194 0.0293893 0.024821 0.0204347 0.0162144 0.0122322 0.0086499
 0.00747501 0.0122503 0.018636 0.0266304 0.0359891 0.0460644 0.0557815 0.0639083 0.0695017 0.0722012 0.0721926 0.0699653 0.0660906 0.0611111 0.0554979 0.0496289 0.0437804 0.038133 0.0327861 0.0277721 0.0230763 0.0186696 0.0145532 0.0107926 0.0075124
 0.00752825 0.0123422 0.0187852 0.0268605 0.0363271 0.0465368 0.0564074 0.0646925 0.0704279 0.0732287 0.0732566 0.0709826 0.0669713 0.0617718 0.0558741 0.0496816 0.043498 0.0375289 0.0318958 0.0266521 0.0218046 0.0173451 0.0132858 0.0096838 0.00663149
 0.00761939 0.0124773 0.0189649 0.0270785 0.0365747 0.0468095 0.0567094 0.0650369 0.0708319 0.073706 0.0738083 0.0715908 0.0675951 0.0623503 0.0563354 0.0499567 0.0435336 0.0372975 0.0314 0.0259259 0.0209114 0.0163715 0.0123296 0.00883454 0.00595089
 0.00768164 0.0125779 0.0191142 0.0272837 0.0368358 0.0471151 0.0570355 0.0653522 0.0711102 0.0739393 0.0740118 0.0717937 0.0678234 0.0626099 0.0566034 0.0501848 0.0436609 0.0372679 0.0311786 0.0255101 0.0203343 0.0156969 0.011638 0.00820381 0.00543714
 0.00771821 0.0126299 0.0191793 0.0273562 0.0369096 0.0471882 0.0571115 0.0654382 0.0712119 0.0740568 0.0741411 0.0719321 0.0679743 0.0627807 0.0567974 0.0503899 0.0438449 0.0373841 0.0311804 0.0253683 0.0200504 0.0153053 0.011197 0.00777761 0.00507674
 0.00779369 0.0127468 0.0193436 0.0275678 0.0371609 0.0474624 0.0573834 0.0656779 0.0713931 0.0741656 0.0741794 0.0719147 0.0679221 0.0627149 0.0567353 0.0503416 0.0438084 0.0373427 0.0311057 0.0252315 0.0198365 0.0150229 0.0108776 0.00746402 0.00480731
 0.00783476 0.0128086 0.0194275 0.0276719 0.0372808 0.0475925 0.0575169 0.0658069 0.071508 0.0742563 0.0742381 0.0719387 0.0679156 0.0626881 0.0567006 0.0503095 0.0437834 0.0373199 0.031071 0.0251659 0.0197249 0.0148633 0.0106845 0.00726411 0.00462829
 0.0078547 0.0128384 0.0194674 0.0277203 0.0373344 0.047647 0.0575683 0.0658519 0.0715451 0.0742862 0.0742627 0.0719597 0.0679335 0.0627021 0.0567106 0.0503166 0.043789 0.0373229 0.0310658 0.0251424 0.0196729 0.0147786 0.0105735 0.00714215 0.00451399
 0.00786433 0.0128498 0.0194767 0.0277215 0.0373213 0.0476159 0.0575203 0.0657936 0.0714868 0.0742387 0.0742351 0.0719576 0.0679579 0.0627499 0.0567751 0.0503898 0.043863 0.0373906 0.0311204 0.0251769 0.019681 0.0147576 0.0105269 0.00707998 0.00444939
 0.00789619 0.0128968 0.0195383 0.0277933 0.0373954 0.047682 0.0575674 0.0658123 0.0714717 0.0741917 0.0741654 0.0718795 0.0678865 0.0626966 0.0567456 0.0503833 0.0438742 0.0374119 0.0311433 0.0251933 0.0196843 0.0147443 0.0104979 0.00704082 0.0044079
 0.0078956 0.0128935 0.0195291 0.0277737 0.0373611 0.0476306 0.0574999 0.0657333 0.0713887 0.0741128 0.0740984 0.0718314 0.067863 0.0627017 0.0567803 0.050445 0.0439564 0.037505 0.0312364 0.0252759 0.0197484 0.0147854 0.0105163 0.00704106 0.00439718
 0.00791897 0.012929 0.0195775 0.0278337 0.0374281 0.0476975 0.0575569 0.0657696 0.0713953 0.0740855 0.07404 0.0717507 0.0677725 0.0626146 0.0567079 0.0503951 0.0439321 0.0375045 0.0312535 0.025302 0.0197744 0.0148046 0.0105254 0.00704056 0.00439032
 0.00789979 0.012901 0.0195415 0.0277924 0.0373858 0.0476584 0.0575243 0.0657449 0.0713782 0.0740742 0.0740317 0.0717433 0.0677656 0.0626098 0.0567088 0.0504057 0.0439555 0.0375412 0.0313008 0.0253542 0.0198247 0.0148466 0.0105554 0.00705815 0.00439791
 0.0079039 0.0129008 0.0195287 0.027756 0.0373162 0.0475529 0.0573914 0.0656037 0.0712519 0.0739823 0.0739839 0.0717385 0.0677954 0.0626632 0.056776 0.0504801 0.0440335 0.0376212 0.0313812 0.025432 0.0198956 0.0149062 0.0106007 0.00708878 0.00441587
 0.00785359 0.0128232 0.0194194 0.0276132 0.0371403 0.0473465 0.0571604 0.0653599 0.0710147 0.0737777 0.0738398 0.0716767 0.0678249 0.0627771 0.0569547 0.0506981 0.0442665 0.03785 0.0315931 0.0256192 0.0200534 0.0150323 0.0106949 0.00715379 0.00445676
 0.00788739 0.012865 0.0194583 0.0276314 0.0371181 0.0472706 0.0570299 0.0651867 0.0708184 0.0735791 0.0736572 0.0715266 0.0677221 0.0627339 0.0569763 0.05078 0.0443948 0.0380057 0.0317567 0.0257751 0.0201908 0.0151449 0.0107809 0.00721435 0.00449579
 0.00784792 0.0128103 0.0193929 0.0275633 0.0370546 0.0472119 0.0569664 0.0651027 0.0707016 0.0734301 0.073492 0.0713712 0.0676033 0.0626711 0.0569788 0.0508472 0.0445175 0.0381683 0.0319397 0.0259586 0.0203583 0.0152854 0.0108894 0.00729151 0.00454603
 0.00782528 0.0127698 0.0193258 0.0274613 0.036914 0.0470386 0.0567783 0.0649253 0.0705582 0.0733307 0.0734321 0.0713383 0.067588 0.0626736 0.0570073 0.0509116 0.0446226 0.0383105 0.0321075 0.0261356 0.0205274 0.0154327 0.0110066 0.00737663 0.00460237
 0.00777378 0.0126867 0.0192018 0.0272885 0.0366873 0.0467595 0.0564584 0.0645888 0.0702396 0.073069 0.0732596 0.0712724 0.0676264 0.0627983 0.057194 0.0511382 0.0448735 0.0385749 0.0323754 0.026395 0.0207645 0.0156352 0.0111667 0.00749299 0.00467964
 0.00774827 0.0126411 0.0191257 0.0271698 0.0365155 0.0465299 0.0561769 0.064273 0.0699164 0.0727693 0.0730142 0.0711075 0.0675601 0.0628364 0.0573282 0.0513486 0.0451349 0.0388625 0.0326683 0.0266762 0.0210197 0.0158529 0.0113397 0.00761989 0.00476481
 0.00771415 0.0125848 0.0190395 0.0270455 0.0363462 0.0463119 0.055913 0.0639744 0.0696023 0.0724653 0.0727484 0.0709071 0.0674469 0.0628238 0.0574188 0.0515331 0.0453936 0.039169 0.032994 0.0269951 0.0213106 0.0161007 0.0115362 0.00776395 0.00486172
 0.00768372 0.0125376 0.0189722 0.0269564 0.0362343 0.0461769 0.0557552 0.0637955 0.0694068 0.0722608 0.0725467 0.0707239 0.0673014 0.0627355 0.0574034 0.0515988 0.0455379 0.0393784 0.0332464 0.027264 0.0215703 0.0163306 0.0117231 0.0079034 0.00495677
 0.00767231 0.0125179 0.0189406 0.026909 0.036168 0.0460909 0.0556519 0.0636802 0.0692854 0.0721378 0.0724244 0.0706047 0.06719 0.0626417 0.0573412 0.0515831 0.0455797 0.0394802 0.0334003 0.0274525 0.0217706 0.0165203 0.011885 0.00802835 0.00504405
 0.00765566 0.0124918 0.0189031 0.0268587 0.0361041 0.0460135 0.0555624 0.0635817 0.0691827 0.0720371 0.0723318 0.0705244 0.0671244 0.0625922 0.0573106 0.0515771 0.045606 0.0395455 0.0335059 0.0275915 0.0219285 0.0166784 0.0120263 0.00814139 0.00512521
 0.00761625 0.0124324 0.0188224 0.0267587 0.0359896 0.045891 0.0554393 0.0634657 0.0690812 0.0719554 0.072273 0.0704892 0.0671119 0.0626003 0.0573373 0.0516213 0.0456687 0.039629 0.0336119 0.027718 0.022068 0.0168187 0.0121538 0.00824562 0.00520163
 0.00759351 0.0123929 0.0187587 0.0266634 0.0358578 0.0457249 0.0552504 0.0632743 0.0689106 0.0718252 0.0721936 0.0704611 0.0671288 0.0626528 0.0574158 0.0517182 0.0457789 0.0397497 0.0337417 0.027855 0.0222076 0.0169532 0.012274 0.00834379 0.00527413
 0.00759237 0.0123891 0.018749 0.0266429 0.0358205 0.0456644 0.0551623 0.0631583 0.068773 0.0716791 0.072057 0.0703524 0.0670611 0.062631 0.0574369 0.0517741 0.0458601 0.039848 0.033851 0.0279706 0.0223245 0.0170653 0.0123744 0.00842649 0.00533603
 0.00757296 0.0123645 0.0187247 0.0266275 0.0358225 0.045687 0.0552001 0.0631973 0.0687952 0.0716697 0.0720101 0.0702731 0.0669642 0.0625355 0.05736 0.0517268 0.0458457 0.039864 0.0338914 0.0280284 0.0223928 0.017137 0.0124426 0.0084852 0.00538156
 0.00755743 0.0123382 0.0186838 0.0265691 0.0357472 0.0456016 0.0551178 0.0631349 0.0687659 0.071676 0.0720416 0.0703117 0.0669928 0.0625459 0.0573551 0.0517173 0.0458438 0.0398783 0.0339248 0.0280784 0.0224536 0.0172015 0.0125037 0.00853759 0.00542203
 0.00753273 0.0122996 0.0186286 0.0264956 0.0356551 0.0454925 0.0549964 0.0630106 0.0686525 0.0715897 0.0719965 0.0703138 0.0670371 0.0626182 0.0574386 0.051799 0.0459191 0.039949 0.0339954 0.0281517 0.0225287 0.0172746 0.0125697 0.00859219 0.00546314
 0.00752931 0.0122923 0.0186143 0.0264706 0.0356156 0.0454366 0.0549251 0.0629278 0.0685649 0.0715054 0.071924 0.0702621 0.0670134 0.0626257 0.0574744 0.0518551 0.0459852 0.0400174 0.0340622 0.0282163 0.0225913 0.0173339 0.0126232 0.00863686 0.00549715
 0.00750545 0.0122556 0.018563 0.0264042 0.0355351 0.0453437 0.0548229 0.0628212 0.0684604 0.071411 0.0718482 0.0702122 0.066995 0.0626416 0.0575239 0.0519336 0.0460845 0.0401272 0.0341731 0.0283211 0.0226857 0.0174156 0.0126908 0.00868957 0.00553535
 0.00749938 0.0122444 0.0185437 0.0263735 0.0354902 0.0452839 0.0547507 0.0627418 0.0683805 0.0713365 0.0717834 0.0701605 0.0669595 0.0626261 0.0575316 0.0519661 0.0461403 0.0402016 0.0342585 0.0284094 0.0227696 0.0174899 0.0127523 0.00873722 0.00556954
 0.00751021 0.0122605 0.0185649 0.0263983 0.0355155 0.0453052 0.0547625 0.0627388 0.068359 0.0712961 0.0717273 0.0700949 0.0668919 0.0625637 0.0574812 0.051933 0.046128 0.0402109 0.0342867 0.0284512 0.0228182 0.0175384 0.0127957 0.00877233 0.00559539
 0.00750736 0.0122592 0.0185689 0.0264127 0.035545 0.0453513 0.0548214 0.0628012 0.0684126 0.0713294 0.0717329 0.0700711 0.0668428 0.0624975 0.0574081 0.0518632 0.0460702 0.0401707 0.0342666 0.0284498 0.0228311 0.0175599 0.0128197 0.00879444 0.00561297
 0.00750736 0.0122592 0.0185689 0.0264127 0.035545 0.0453513 0.0548214 0.0628012 0.0684126 0.0713294 0.0717329 0.0700711 0.0668428 0.0624975 0.0574081 0.0518632 0.0460702 0.0401707 0.0342666 0.0284498 0.0228311 0.0175599 0.0128197 0.00879444 0.00561297
#pred catch len freq
 0.00466637 0.00741264 0.0108669 0.0149599 0.0196378 0.0248319 0.0303845 0.0360243 0.0414233 0.0462766 0.050352 0.0535101 0.0557136 0.0570229 0.0575688 0.0575175 0.0570424 0.0562918 0.0553255 0.0540171 0.0519836 0.0486534 0.0435345 0.036581 0.0284015
 0.00497342 0.00784542 0.0114 0.0155405 0.0202168 0.0254044 0.0310101 0.0368033 0.0424341 0.0475134 0.0517026 0.0547907 0.0567407 0.0576787 0.0578295 0.0574352 0.0566957 0.0557319 0.0545447 0.05296 0.0505995 0.0469621 0.041662 0.0347338 0.0267914
 0.00533138 0.0084063 0.0122011 0.0165926 0.0214928 0.0268308 0.0324706 0.0381681 0.0436101 0.0484843 0.0525221 0.0555254 0.0574021 0.0581992 0.0580962 0.0573523 0.0562263 0.0548939 0.0533757 0.0514886 0.0488516 0.0449976 0.0396067 0.0327702 0.025104
 0.00564914 0.00891176 0.0129425 0.0176107 0.022817 0.0284681 0.0343868 0.0402682 0.0457353 0.0504371 0.0541186 0.0566509 0.0580377 0.0583973 0.0579237 0.0568432 0.0553741 0.0536781 0.0517924 0.0495659 0.0466551 0.0426373 0.0372409 0.0305864 0.0232716
 0.00601233 0.0094776 0.0137503 0.0186866 0.0241772 0.0301212 0.0363279 0.0424637 0.0481055 0.0528451 0.0563748 0.0585405 0.0593688 0.0590517 0.0578809 0.0561619 0.0541459 0.0519857 0.0496978 0.0471291 0.0439651 0.0398335 0.0345099 0.0281306 0.0212564
 0.00634917 0.0100055 0.0145092 0.0197031 0.0254647 0.0316788 0.0381355 0.0444779 0.0502593 0.0550502 0.0585211 0.0604926 0.0609689 0.0601377 0.0583202 0.0558847 0.0531581 0.0503554 0.0475285 0.0445426 0.0411046 0.0368758 0.0316633 0.0256039 0.0192091
 0.00665331 0.0104909 0.0152237 0.020688 0.0267498 0.033275 0.0400227 0.0465961 0.0525107 0.0573122 0.0606626 0.0623876 0.0625019 0.061203 0.0588212 0.055741 0.0523219 0.0488298 0.0453771 0.0418883 0.0381233 0.0337861 0.0287061 0.0230035 0.0171242
 0.00695301 0.0109567 0.0158867 0.0215682 0.0278601 0.0346245 0.0416125 0.048408 0.0544943 0.0593785 0.0626891 0.0642344 0.064033 0.0623033 0.0594021 0.0557372 0.0516891 0.0475511 0.0434795 0.0394612 0.035327 0.0308432 0.0258699 0.0205077 0.0151295
 0.00729131 0.011477 0.0166152 0.0225117 0.0290094 0.0359591 0.0431027 0.0500138 0.0561652 0.0610557 0.0643057 0.0657133 0.0652863 0.0632372 0.0599264 0.0557753 0.0511846 0.0464742 0.0418383 0.0373186 0.032816 0.0281651 0.0232655 0.0182051 0.0132872
 0.0076556 0.012043 0.0174183 0.0235675 0.0303124 0.0374813 0.0447895 0.0517828 0.057915 0.0626832 0.065724 0.0668609 0.0661249 0.0637421 0.0600743 0.0555367 0.050525 0.0453637 0.0402699 0.0353306 0.0305111 0.0257135 0.0208808 0.0160951 0.0115989
 0.00790994 0.0124564 0.0180407 0.0244459 0.0314826 0.0389535 0.0465317 0.0537113 0.0599003 0.0645705 0.0673612 0.0681249 0.0669401 0.0640849 0.0599624 0.0550065 0.04961 0.0440853 0.0386458 0.0333972 0.0283488 0.0234586 0.0187102 0.0141854 0.0100758
 0.0078894 0.0124591 0.0181133 0.0246592 0.0319205 0.0396911 0.0476115 0.0551248 0.061581 0.0663972 0.0691725 0.069745 0.0682114 0.0648975 0.0602686 0.0548156 0.0489678 0.0430509 0.0372786 0.0317607 0.0265268 0.0215679 0.0168956 0.0125904 0.00880352
 0.00782582 0.0123643 0.0179896 0.0245225 0.0318068 0.0396619 0.0477516 0.0555271 0.0623165 0.0674815 0.0705442 0.0712698 0.0697104 0.0661875 0.0612 0.0552971 0.0489719 0.0426032 0.0364397 0.0306129 0.0251696 0.0201192 0.0154852 0.0113405 0.00780118
 0.00789383 0.0124471 0.018063 0.0245481 0.031744 0.0394887 0.0474837 0.055227 0.0620864 0.0674403 0.0707937 0.071858 0.0706056 0.0672762 0.0623128 0.0562532 0.0496242 0.0428665 0.0362973 0.0301077 0.0243886 0.0191772 0.014508 0.010443 0.00706587
 0.00806491 0.0126994 0.018393 0.0249309 0.0321341 0.0398258 0.0477027 0.0552736 0.0619395 0.067132 0.070415 0.0715382 0.0704698 0.0673979 0.0626833 0.0567813 0.0501661 0.0432731 0.0364587 0.0299787 0.0239928 0.0185922 0.0138397 0.00979668 0.00652038
 0.00831161 0.0130678 0.0188863 0.0255295 0.0327996 0.0405079 0.0483433 0.0558082 0.0623006 0.0672627 0.0702892 0.0711805 0.0699614 0.0668587 0.0622324 0.0564922 0.0500393 0.0432406 0.0364178 0.0298376 0.0237062 0.0181733 0.0133472 0.00930703 0.0060988
 0.00850766 0.0133675 0.0193014 0.0260568 0.0334211 0.0411916 0.0490435 0.0564668 0.0628529 0.0676471 0.070458 0.0711098 0.0696599 0.0663734 0.0616449 0.0558993 0.0495219 0.0428346 0.0361054 0.0295652 0.0234178 0.017841 0.0129817 0.00894612 0.00578474
 0.00858189 0.0134922 0.0194964 0.0263434 0.033817 0.0417037 0.0496593 0.0571493 0.0635429 0.0682715 0.0709425 0.071392 0.0697019 0.0661712 0.0612321 0.0553423 0.0489044 0.0422341 0.0355712 0.0291088 0.0230226 0.0174835 0.0126508 0.00864859 0.0055365
 0.00866365 0.0136063 0.0196348 0.0264901 0.0339572 0.0418358 0.0498016 0.057335 0.0638026 0.0686136 0.0713416 0.0717924 0.0700329 0.0663684 0.0612557 0.0551884 0.0486044 0.0418436 0.0351507 0.0287053 0.0226602 0.0171671 0.0123779 0.00841846 0.00535217
 0.00880506 0.0138138 0.0199045 0.0268021 0.0342792 0.0421304 0.0500363 0.0574904 0.0638801 0.0686376 0.0713513 0.0718235 0.070098 0.0664478 0.0613062 0.0551633 0.0484754 0.0416121 0.0348449 0.0283668 0.0223278 0.0168675 0.0121241 0.00821451 0.00519744
 0.00870509 0.0136839 0.0197688 0.0267018 0.0342591 0.0422191 0.0502297 0.0577513 0.064153 0.0688717 0.0715196 0.071929 0.0701653 0.0665055 0.0613686 0.0552217 0.0485042 0.0415848 0.0347496 0.0282119 0.0221375 0.0166701 0.0119429 0.0080637 0.00508233
 0.0084662 0.013332 0.0193087 0.0261659 0.0337043 0.0417165 0.0498527 0.0575609 0.0641815 0.0691092 0.0719139 0.0724033 0.0706467 0.0669467 0.0617519 0.0555475 0.0487748 0.0417954 0.0348914 0.0282809 0.0221408 0.0166258 0.011874 0.00799054 0.00501864
 0.00833882 0.0131325 0.0190236 0.0257901 0.033245 0.041198 0.0493208 0.0570814 0.0638294 0.0689492 0.0719792 0.0726832 0.0710887 0.0674736 0.0622863 0.0560328 0.0491813 0.0421149 0.0351259 0.0284362 0.0222258 0.0166543 0.0118639 0.00796067 0.0049843
 0.00833249 0.0131057 0.0189527 0.0256427 0.0329879 0.040811 0.0488094 0.056484 0.0632136 0.0684 0.0715819 0.0725041 0.0711571 0.0677726 0.0627578 0.0565947 0.0497524 0.042633 0.0355553 0.0287641 0.0224558 0.0167997 0.0119435 0.00799535 0.00499295
 0.00825364 0.0129866 0.0187888 0.0254321 0.0327269 0.040489 0.0484103 0.0559952 0.0626418 0.0677845 0.0709964 0.072042 0.0709058 0.0677865 0.063041 0.057101 0.0503995 0.0433265 0.036212 0.0293269 0.0228974 0.0171182 0.0121542 0.00812219 0.00506167
 0.00816569 0.0128535 0.0186072 0.0252055 0.0324645 0.040203 0.0481123 0.0556926 0.0623357 0.0674706 0.0706737 0.0717249 0.0706326 0.0676144 0.0630274 0.0572787 0.0507606 0.0438223 0.0367688 0.0298694 0.0233677 0.0174857 0.0124146 0.00828964 0.00515915
 0.00817111 0.0128491 0.0185763 0.0251249 0.0323111 0.0399636 0.0477923 0.0553175 0.0619433 0.0670993 0.0703509 0.0714643 0.0704387 0.0674927 0.0629926 0.057353 0.0509613 0.0441468 0.0371866 0.0303277 0.0238079 0.0178612 0.0127012 0.00848618 0.00528043
 0.00822657 0.012928 0.0186732 0.0252251 0.0323915 0.039996 0.0477488 0.0551775 0.061702 0.0667732 0.0699771 0.0710903 0.0701084 0.0672366 0.0628266 0.0572849 0.0509957 0.0442842 0.0374163 0.0306229 0.0241281 0.0181631 0.0129519 0.0086708 0.00540137
 0.00820675 0.0128996 0.0186371 0.0251839 0.0323468 0.0399459 0.0476857 0.0550889 0.061574 0.0665967 0.0697545 0.0708389 0.0698587 0.0670246 0.062684 0.0572318 0.0510389 0.0444192 0.0376296 0.0308921 0.0244226 0.0184487 0.0131986 0.00886074 0.00553165
 0.00818335 0.0128617 0.0185809 0.0251066 0.0322485 0.0398313 0.0475641 0.0549722 0.0614714 0.0665098 0.0696759 0.070757 0.0697661 0.066925 0.0625935 0.0571738 0.0510356 0.0444841 0.0377636 0.0310828 0.0246472 0.0186787 0.0134069 0.00902845 0.00565171
 0.00810887 0.0127509 0.0184329 0.0249268 0.032046 0.0396156 0.0473439 0.0547568 0.0612732 0.0663451 0.069561 0.0707021 0.0697703 0.0669773 0.0626792 0.0572827 0.0511661 0.0446409 0.0379511 0.0312987 0.0248798 0.0189087 0.0136134 0.00919561 0.00577306
 0.00806804 0.0126885 0.0183466 0.0248171 0.0319167 0.0394728 0.0471954 0.0546112 0.0611384 0.0662271 0.0694643 0.0706312 0.0697302 0.0669722 0.0627099 0.0573457 0.0512565 0.0447551 0.0380874 0.0314554 0.0250506 0.0190819 0.013774 0.00932997 0.00587383
 0.00805376 0.0126646 0.0183093 0.0247626 0.0318419 0.0393769 0.0470813 0.0544857 0.0610115 0.0661095 0.0693651 0.0705562 0.0696824 0.0669525 0.0627185 0.0573823 0.0513196 0.0448424 0.0381959 0.0315807 0.0251868 0.01922 0.013903 0.00943962 0.0059577
 0.00805241 0.012656 0.0182845 0.0247095 0.0317485 0.0392364 0.0468966 0.054271 0.060789 0.0659043 0.0691994 0.0704456 0.0696338 0.0669645 0.0627832 0.0574885 0.0514558 0.0449985 0.0383634 0.0317523 0.0253551 0.0193772 0.0140411 0.00955202 0.00604146
 0.00801901 0.0126047 0.0182123 0.0246144 0.0316275 0.0390851 0.0467098 0.0540466 0.0605336 0.065637 0.0689507 0.0702501 0.0695201 0.0669474 0.0628608 0.0576454 0.0516692 0.0452443 0.0386203 0.0320035 0.0255876 0.0195814 0.0142104 0.00968329 0.00613552
 0.0079158 0.0124567 0.0180261 0.0244083 0.031426 0.0389092 0.0465698 0.0539394 0.0604471 0.0655564 0.0688664 0.0701635 0.0694451 0.0669056 0.0628737 0.0577254 0.051815 0.0454423 0.0388497 0.0322419 0.0258154 0.0197839 0.0143781 0.00981226 0.00622701
 0.00786359 0.0123707 0.0178954 0.0242244 0.0311873 0.0386261 0.0462681 0.0536564 0.0602201 0.0654091 0.0688014 0.070165 0.0694908 0.0669785 0.0629687 0.0578473 0.0519716 0.0456358 0.0390731 0.0324798 0.0260488 0.0199948 0.0145539 0.00994719 0.00632203
 0.00794993 0.0124907 0.0180379 0.0243646 0.0312919 0.0386629 0.0462154 0.0535104 0.059997 0.0651425 0.0685336 0.0699348 0.0693214 0.0668742 0.0629198 0.0578415 0.0520011 0.0456986 0.0391682 0.0326019 0.0261865 0.020133 0.0146783 0.010048 0.00639575
 0.00803544 0.0126245 0.0182284 0.0246128 0.0315878 0.0389812 0.0465143 0.0537368 0.0601005 0.0650939 0.0683368 0.0696268 0.0689592 0.0665156 0.0626081 0.0575983 0.0518301 0.0455933 0.0391193 0.0325994 0.0262192 0.0201877 0.014741 0.0101067 0.0064429
 0.00809228 0.0127165 0.0183663 0.0248074 0.0318478 0.0393103 0.0469052 0.0541649 0.060521 0.0654454 0.0685553 0.069665 0.0688046 0.0661967 0.0621844 0.0571397 0.0513964 0.0452231 0.0388293 0.0323904 0.0260824 0.0201092 0.0147045 0.0100965 0.00644578
 0.00801861 0.0126125 0.0182394 0.0246759 0.031738 0.0392504 0.0469193 0.0542689 0.0607185 0.0657234 0.068881 0.0699876 0.0690658 0.0663479 0.0622033 0.0570381 0.0512132 0.0450084 0.0386273 0.0322289 0.0259714 0.0200449 0.0146759 0.0100905 0.00645079
