SBPRF35
7.78865
Curr Bio
449840
B35
647039
F35
0.212467
FOFL
0.143948
OFL
51703.1
Bzero
2.22533e+006
#pred survey bio
 3.7469e+006 3.36742e+006 2.98465e+006 2.64396e+006 2.34147e+006 2.03582e+006 1.81695e+006 1.61179e+006 1.41441e+006 1.23676e+006 1.09157e+006 971923 886906 796426 748368 716543 693969 681069 659970 643678 632333 627932 609436 609334 610007 606668 604172 603649 594907 593504 573510 552822 544431 535191 538994 548191 550300 560913 572821 582725 586591 593465 596217 605182 607514 611402 612508 567294 559850 546864 560997 548482 538702 534080 539830 530589 494505 475009 455225 1.58865e+007 9.66774e+006 1.01063e+007 1.10418e+007 1.22133e+007 1.3384e+007 1.44195e+007 1.52683e+007 1.59297e+007 1.64277e+007 1.67944e+007 1.70604e+007 1.72518e+007 1.7389e+007 1.74874e+007 1.75581e+007 1.76091e+007 1.76462e+007 1.76733e+007 1.76932e+007 1.77079e+007 1.77189e+007 1.77271e+007 1.77333e+007 1.7738e+007 1.77415e+007 1.77442e+007 1.77463e+007 1.77479e+007 1.77491e+007 1.775e+007 1.77507e+007 1.77513e+007 1.77517e+007 1.7752e+007 1.77523e+007 1.77525e+007 1.77526e+007 1.77527e+007 1.77528e+007 1.77529e+007 1.77529e+007 1.7753e+007 1.7753e+007 1.7753e+007 1.77531e+007 1.77531e+007 1.77531e+007 1.77531e+007 1.77531e+007 1.77531e+007 1.77531e+007 1.77531e+007 1.77531e+007 1.77531e+007 1.77531e+007 1.77531e+007 1.77531e+007 1.77531e+007 1.77531e+007 1.77531e+007 1.77531e+007 1.77531e+007 1.77531e+007 1.77531e+007 1.77531e+007 1.77531e+007 1.77531e+007 1.77531e+007 1.77531e+007 1.77531e+007 1.77531e+007 1.77531e+007 1.77531e+007 1.77531e+007 1.77531e+007 1.77531e+007 1.77531e+007 1.77531e+007 1.77531e+007 1.77531e+007 1.77531e+007 1.77531e+007 1.77531e+007 1.77531e+007 1.77531e+007 1.77531e+007 1.77531e+007 1.77531e+007 1.77531e+007 1.77531e+007 1.77531e+007 1.77531e+007 1.77531e+007 1.77531e+007 1.77531e+007 1.77531e+007 1.77531e+007 1.77531e+007 1.77531e+007 0 0 0 0 0 0 0 0 0 0 0 0 0 0 0 0 0 0 0 0 0 0 0 0 0
#obs survey bio
 2.79135e+006 2.13993e+006 2.41444e+006 2.6663e+006 1.79463e+006 1.41233e+006 1.60791e+006 837415 1.01434e+006 1.06583e+006 1.07144e+006 961620 762947 746601 637934 606628 887159 776067 586630 616772 483212 894270 387369 550075 496996 795942 669323 565824 477775 548023 532020 597304 383335 384059 539715 632087 417253 544918 626198 816428 692635 616540 471950 577470 640670 493936 482929 663984 363259 638571 520381 362760 533537 573145 636821 466660 608595 431052 332314
#pred catch bio
 280190 305652 294346 287366 317140 264062 272258 280575 272801 249088 227904 197476 199647 160162 143413 132290 121507 125867 118827 112292 104664 114274 97532.5 96759.7 99130.2 96571 92843 97407.7 88680.9 101003 97761.5 87115.9 92387.5 87294.3 87070.8 94861.2 88427.6 87709.3 88912.4 92635.6 89130.3 92388.7 87281.8 92586.7 90751.7 93220.5 131328 99041.1 104283 81784.6 103573 99933.4 94593 84935.4 96085.1 115825 99287.2 97416.5 79536.2 51703.1 74700.6 76720.8 82815.1 91363.9 100028 107597 113661 118243 121562 123894 125493 126570 127285 127754 128060 128257 128383 128464 128516 128549 128570 128583 128591 128596 128599 128601 128603 128604 128604 128604 128605 128605 128605 128605 128605 128605 128605 128605 128605 128605 128605 128605 128605 128605 128605 128605 128605 128605 128605 128605 128605 128605 128605 128605 128605 128605 128605 128605 128605 128605 128605 128605 128605 128605 128605 128605 128605 128605 128605 128605 128605 128605 128605 128605 128605 128605 128605 128605 128605 128605 128605 128605 128605 128605 128605 128605 128605 128605 128605 128605 128605 128605 128605 128605 128605 128605 128605 128605 128605 0 0 0 0 0 0 0 0 0 0 0 0 0 0 0 0 0 0 0 0 0 0 0 0 0
#obs catch bio
 241868 307865 296222 289882 322416 268330 279006 289762 282677 258116 235393 201940 206245 164365 147273 135238 122814 128292 120765 113711 106166 115752 98506.1 98342.8 100706 97828.1 93741.8 98623.1 89453.5 102081 98641.3 87589.6 93510.8 88349.6 87906.1 95874.6 89397.2 88471.9 89684.1 93025.7 89054.7 92648.4 87588 92975.1 90600.4 92890.7 132508 99002.4 105248 81550.6 104048 100235 94948.6 84796.8 95842.3 115687 98643.8 97281.6 79411
#pred cpue bio
 3.69139e+006 3.31583e+006 2.93592e+006 2.59644e+006 2.29498e+006 1.99063e+006 1.77225e+006 1.56806e+006 1.37223e+006 1.19656e+006 1.05347e+006 935932 852442 763929 717237 686700 665235 652905 632560 617030 606183 602174 584389 584205 584923 582008 580050 579978 571808 570890 551936 532049 522898 511951 514515 523436 525740 536304 548182 558259 562439 569242 571836 580622 583134 587041 587942 543340 535596 522900 537031 525072 515453 511105 517108 508362 473115 454029 434994 1.52031e+007 9.25938e+006 9.56532e+006 1.03844e+007 1.15243e+007 1.26891e+007 1.37238e+007 1.45724e+007 1.52338e+007 1.57318e+007 1.60984e+007 1.63645e+007 1.65559e+007 1.66931e+007 1.67915e+007 1.68622e+007 1.69132e+007 1.69503e+007 1.69774e+007 1.69973e+007 1.7012e+007 1.7023e+007 1.70312e+007 1.70374e+007 1.70421e+007 1.70456e+007 1.70483e+007 1.70504e+007 1.7052e+007 1.70532e+007 1.70541e+007 1.70548e+007 1.70554e+007 1.70558e+007 1.70561e+007 1.70564e+007 1.70566e+007 1.70567e+007 1.70568e+007 1.70569e+007 1.7057e+007 1.7057e+007 1.70571e+007 1.70571e+007 1.70571e+007 1.70572e+007 1.70572e+007 1.70572e+007 1.70572e+007 1.70572e+007 1.70572e+007 1.70572e+007 1.70572e+007 1.70572e+007 1.70572e+007 1.70572e+007 1.70572e+007 1.70572e+007 1.70572e+007 1.70572e+007 1.70572e+007 1.70572e+007 1.70572e+007 1.70572e+007 1.70572e+007 1.70572e+007 1.70572e+007 1.70572e+007 1.70572e+007 1.70572e+007 1.70572e+007 1.70572e+007 1.70572e+007 1.70572e+007 1.70572e+007 1.70572e+007 1.70572e+007 1.70572e+007 1.70572e+007 1.70572e+007 1.70572e+007 1.70572e+007 1.70572e+007 1.70572e+007 1.70572e+007 1.70572e+007 1.70572e+007 1.70572e+007 1.70572e+007 1.70572e+007 1.70572e+007 1.70572e+007 1.70572e+007 1.70572e+007 1.70572e+007 1.70572e+007 1.70572e+007 1.70572e+007 1.70572e+007 1.70572e+007 0 0 0 0 0 0 0 0 0 0 0 0 0 0 0 0 0 0 0 0 0 0 0 0 0
#obs cpue bio
 4.47529e+006 2.45375e+006 3.37673e+006 1.64754e+006 1.96839e+006 1.48352e+006 1.02313e+006 1.55838e+006 1.17475e+006 864688 866411 967335 502580 534402 505658 722393 779679 296397 615682 648060 477716 531485 671909 334218 638544 431061 520927 502910 607139 647640 557845 467676 477393 519867 512230 437484 476426 572893 438903 571142 632630 438198 556676 628887 826538 717157 510010 491639 554121 649998 499020 742766 480738 592498 519867 647549 473318 447105 528385
#pred surv len freq
 0.00592688 0.00953999 0.0141991 0.019822 0.026226 0.0330528 0.0397344 0.045619 0.0502143 0.0533577 0.0551921 0.0560133 0.0561269 0.0557758 0.0551159 0.0542157 0.0530718 0.0516307 0.0497942 0.0474004 0.0442114 0.0399655 0.0345294 0.0280815 0.021183
 0.00638161 0.0101665 0.0149394 0.0205671 0.0268658 0.0335451 0.0401436 0.0460883 0.0508781 0.0542469 0.0561951 0.0569171 0.056711 0.0559032 0.0547787 0.0535229 0.0521934 0.0507251 0.0489497 0.0466163 0.0434261 0.0391181 0.0336132 0.027158 0.0203497
 0.00686095 0.0109403 0.0160858 0.0221342 0.0288394 0.0358132 0.0424866 0.048225 0.0525643 0.0553719 0.0568031 0.0571353 0.0566407 0.055557 0.0541023 0.052469 0.0507835 0.0490572 0.047156 0.0448085 0.0416698 0.0374459 0.0320597 0.0257793 0.0192112
 0.00726442 0.0115845 0.0170351 0.0234449 0.0305526 0.0379393 0.0449775 0.0509465 0.0552905 0.057818 0.0586966 0.0582964 0.0570272 0.0552451 0.053217 0.051119 0.0490431 0.046992 0.0448542 0.0423867 0.0392549 0.0351564 0.029998 0.0240299 0.0178304
 0.00767833 0.0122343 0.0179709 0.0247003 0.032143 0.0398582 0.047189 0.0533773 0.0578274 0.0603094 0.0609568 0.0601198 0.0582222 0.0556805 0.0528568 0.0500208 0.0473238 0.0447883 0.0423045 0.0396347 0.0364566 0.0324756 0.0275888 0.0220126 0.0162702
 0.00818639 0.0130338 0.0191242 0.0262463 0.0340893 0.0421711 0.0497829 0.0561151 0.0605412 0.0628321 0.0631456 0.061858 0.0594069 0.0562156 0.0526642 0.0490646 0.0456313 0.0424538 0.0394756 0.0364952 0.0332131 0.0293439 0.0247711 0.0196652 0.0144734
 0.00848509 0.0135197 0.0198562 0.0272797 0.0354658 0.0439024 0.0518331 0.0583934 0.0629125 0.065142 0.0652458 0.0636221 0.0607339 0.0570245 0.0528866 0.0486452 0.0445406 0.0407089 0.0371576 0.0337537 0.0302546 0.0264054 0.0220826 0.017407 0.0127415
 0.0087474 0.0139463 0.020499 0.0281882 0.0366792 0.0454362 0.053663 0.0604476 0.0650771 0.0672788 0.0672128 0.0652904 0.0619989 0.0578095 0.0531398 0.0483323 0.0436416 0.0392256 0.0351331 0.031292 0.027528 0.0236382 0.0195105 0.0152249 0.0110595
 0.00898242 0.0143342 0.0210935 0.0290429 0.0378369 0.0469115 0.0554253 0.0624145 0.0671258 0.0692696 0.0690113 0.0667825 0.0630967 0.0584528 0.0532927 0.0479776 0.0427752 0.0378573 0.0332973 0.0290672 0.0250515 0.021102 0.0171302 0.0131886 0.00948058
 0.00919734 0.0146841 0.0216217 0.0297913 0.0388391 0.0481822 0.0569459 0.0641253 0.0689293 0.0710442 0.0706303 0.0681308 0.0640841 0.0590198 0.0534098 0.047638 0.0419868 0.0366389 0.0316846 0.0271264 0.0228942 0.0188868 0.0150404 0.0113902 0.00807851
 0.00939594 0.0149986 0.02208 0.030415 0.0396423 0.0491672 0.0580981 0.0654078 0.0702842 0.0723978 0.0719003 0.0692336 0.0649418 0.0595679 0.0536027 0.0474516 0.0414165 0.0356973 0.030403 0.0255622 0.02114 0.0170725 0.0133173 0.00989789 0.00690816
 0.00969331 0.0154498 0.022699 0.0311941 0.0405559 0.0501788 0.059165 0.0664829 0.0713181 0.0733441 0.0727198 0.0698944 0.0654162 0.0598291 0.0536246 0.0472113 0.0408985 0.0348991 0.0293401 0.0242753 0.0197016 0.0155864 0.0119051 0.00867261 0.00594479
 0.00974978 0.015564 0.022911 0.031552 0.0411 0.0509202 0.0600685 0.0674693 0.0722881 0.0742104 0.0734285 0.070427 0.0657757 0.0600233 0.0536544 0.0470677 0.0405664 0.0343651 0.0286026 0.0233548 0.0186477 0.0144775 0.0108369 0.00773639 0.00520283
 0.00991528 0.0158235 0.0232846 0.0320546 0.0417412 0.0517029 0.0609817 0.0684784 0.0733278 0.0751881 0.0742413 0.0709881 0.066039 0.0599916 0.0533686 0.0465831 0.0399313 0.0336108 0.0277474 0.0224169 0.0176587 0.0134885 0.00991362 0.00694233 0.0045808
 0.00988872 0.0157807 0.0232222 0.0319723 0.0416461 0.0516139 0.0609329 0.0685159 0.0734994 0.0755255 0.074743 0.0716108 0.0667031 0.0606028 0.0538446 0.046873 0.0400193 0.0335068 0.0274747 0.0220052 0.0171451 0.0129209 0.00934829 0.00643436 0.00417041
 0.00987028 0.0157416 0.0231469 0.0318417 0.0414443 0.0513374 0.0605997 0.068169 0.0732004 0.0753423 0.0747337 0.0718071 0.0670989 0.0611499 0.0544614 0.047465 0.0405035 0.0338286 0.0276137 0.0219705 0.0169677 0.0126466 0.00903012 0.00612357 0.00390613
 0.0100296 0.0159571 0.0233903 0.0320591 0.0415692 0.0513143 0.0604047 0.0678176 0.0727432 0.0748525 0.0742929 0.0714918 0.0669651 0.0612201 0.0547174 0.0478504 0.0409375 0.0342278 0.0279122 0.0221334 0.0169934 0.0125608 0.0088749 0.00594432 0.00374018
 0.0099584 0.0158726 0.0233187 0.0320379 0.0416297 0.0514577 0.0605873 0.0679612 0.0727676 0.0747151 0.0740103 0.0711332 0.0666245 0.0609834 0.054638 0.047938 0.0411599 0.0345233 0.0282094 0.0223714 0.0171372 0.012606 0.00884198 0.00586665 0.0036506
 0.00993222 0.0158329 0.0232656 0.0319777 0.0415779 0.0514395 0.0606331 0.0680921 0.0729773 0.0749586 0.0742144 0.0712272 0.0665757 0.0608138 0.0544131 0.0477352 0.0410359 0.0344954 0.0282568 0.0224516 0.017207 0.0126379 0.00883052 0.00582357 0.00359488
 0.0100322 0.0159647 0.0234075 0.0320914 0.0416208 0.0513838 0.0604817 0.0678821 0.0727673 0.0748065 0.0741541 0.0712549 0.0666535 0.0608903 0.0544502 0.0477265 0.041004 0.0344737 0.028267 0.0224933 0.0172618 0.0126834 0.00885246 0.00582085 0.00357593
 0.00998196 0.0159048 0.023356 0.032074 0.0416584 0.0514761 0.0605983 0.0679709 0.0727805 0.0747276 0.0740086 0.0710969 0.0665363 0.0608408 0.0544619 0.0477719 0.0410563 0.0345203 0.0283096 0.0225377 0.0173087 0.0127264 0.0088834 0.00583571 0.0035769
 0.00991364 0.0157902 0.0231791 0.0318226 0.0413328 0.0510986 0.0602162 0.0676462 0.0725659 0.0746445 0.0740414 0.071209 0.0666946 0.0610292 0.0546776 0.048012 0.0413091 0.0347674 0.0285343 0.0227301 0.0174657 0.0128479 0.00897092 0.00589242 0.00360863
 0.010218 0.0162272 0.0237287 0.0324271 0.0419099 0.0515656 0.060512 0.0677433 0.072472 0.0743965 0.073693 0.0708145 0.066295 0.0606495 0.0543317 0.0477102 0.0410599 0.0345746 0.0283948 0.0226352 0.0174045 0.0128103 0.00894832 0.0058786 0.00359946
 0.0101073 0.016093 0.0236088 0.0323793 0.0419887 0.0517899 0.0608434 0.0680935 0.0727391 0.07451 0.0736406 0.0706378 0.066062 0.0604229 0.0541501 0.0475862 0.0409887 0.0345451 0.0283951 0.0226548 0.0174339 0.0128416 0.00897589 0.00589934 0.00361288
 0.00993663 0.0158323 0.0232508 0.0319356 0.0414953 0.0513093 0.0604582 0.0678857 0.0727583 0.0747449 0.0740183 0.0710548 0.06643 0.0606997 0.0543412 0.0477227 0.0411028 0.0346559 0.0285075 0.0227648 0.0175347 0.0129271 0.00904267 0.00594706 0.00364382
 0.00979622 0.0156169 0.0229508 0.0315514 0.0410382 0.0508021 0.0599388 0.0674087 0.0723907 0.0745518 0.0740406 0.0712901 0.066828 0.0611792 0.0548202 0.0481459 0.0414503 0.0349344 0.0287336 0.022952 0.0176897 0.0130517 0.00913736 0.00601396 0.00368722
 0.00974752 0.0155268 0.0227956 0.031304 0.0406765 0.0503218 0.0593635 0.0667919 0.0718051 0.0740733 0.0737334 0.0711957 0.0669579 0.0615098 0.0552958 0.0486922 0.0419956 0.0354274 0.0291496 0.0232877 0.0179521 0.0132506 0.00928202 0.00611336 0.00375076
 0.00965667 0.0153897 0.0226082 0.0310669 0.0403918 0.0499891 0.0589799 0.0663582 0.0713358 0.0736034 0.0733176 0.070897 0.0668306 0.0615834 0.0555657 0.0491202 0.0425201 0.0359793 0.0296698 0.0237373 0.0183144 0.0135254 0.00947897 0.00624622 0.00383442
 0.00958265 0.0152813 0.022467 0.0309023 0.0402177 0.0498186 0.0588207 0.0662092 0.0711877 0.0734427 0.073135 0.0706976 0.0666398 0.0614429 0.0555196 0.049197 0.0427204 0.0362752 0.0300149 0.0240827 0.0186219 0.0137738 0.00966315 0.0063723 0.00391414
 0.00932083 0.0148905 0.0219446 0.0302705 0.0395197 0.0491101 0.0581622 0.0656595 0.0707954 0.073236 0.0731139 0.0708363 0.0668978 0.0617817 0.055914 0.0496371 0.043203 0.0367918 0.0305441 0.0245919 0.0190765 0.014148 0.00994637 0.00656905 0.00403939
 0.00940547 0.0149939 0.0220378 0.0303074 0.0394525 0.0489113 0.0578414 0.0652639 0.0703911 0.0728835 0.0728508 0.0706732 0.066826 0.0617834 0.0559722 0.0497416 0.0433509 0.0369832 0.0307748 0.0248479 0.0193351 0.014384 0.0101405 0.00671281 0.00413533
 0.0104101 0.0164206 0.0238008 0.0321934 0.0411752 0.0502051 0.0585402 0.0653288 0.0698921 0.0719587 0.0716671 0.0693925 0.0655793 0.0606562 0.0550057 0.0489447 0.0427167 0.0365 0.0304295 0.0246246 0.0192116 0.0143331 0.0101338 0.00672656 0.00415364
 0.0112431 0.0177232 0.0256551 0.0346142 0.044077 0.0533703 0.0616102 0.0678562 0.0714617 0.0723303 0.0708553 0.0676399 0.0632471 0.0581031 0.0525086 0.0466756 0.0407582 0.0348751 0.0291288 0.0236224 0.0184737 0.0138182 0.0097962 0.00652008 0.00403646
 0.0111359 0.0176832 0.0258417 0.0352548 0.0454031 0.0555139 0.0645097 0.0712238 0.0748354 0.0751877 0.0727473 0.0683023 0.0626586 0.05647 0.0501827 0.0440425 0.0381439 0.0325004 0.0271103 0.021998 0.0172312 0.0129169 0.00917965 0.00612525 0.00380158
 0.0107329 0.0170794 0.0250375 0.0343079 0.0444426 0.0547441 0.0641906 0.0716109 0.07608 0.0772376 0.0753119 0.0709185 0.0648364 0.057848 0.0506236 0.0436374 0.0371391 0.0311934 0.0257616 0.020785 0.0162438 0.0121765 0.00866472 0.00579304 0.00360345
 0.0105059 0.0167085 0.024478 0.0335239 0.0434237 0.0535307 0.0628989 0.0704397 0.0752832 0.0770611 0.0759091 0.0722764 0.0667482 0.0599569 0.0525319 0.045034 0.0378871 0.0313397 0.0254777 0.020281 0.0156971 0.011699 0.00830358 0.00554945 0.00345509
 0.0104555 0.0166252 0.0243489 0.033332 0.0431473 0.0531449 0.0623843 0.0697984 0.0745599 0.0763581 0.0753805 0.0720917 0.0670287 0.0607127 0.0536346 0.0462491 0.0389568 0.0320767 0.0258204 0.0202874 0.0154931 0.0114158 0.0080358 0.00534339 0.00331871
 0.0103353 0.0164384 0.0240838 0.0329839 0.0427194 0.0526487 0.0618393 0.0692313 0.0740012 0.0758412 0.0749475 0.0718013 0.0669565 0.0609312 0.0541749 0.0470653 0.0399211 0.0330162 0.0265802 0.0207852 0.0157342 0.011468 0.00798612 0.00526258 0.00324705
 0.0101263 0.016126 0.0236646 0.0324729 0.0421453 0.0520466 0.0612449 0.0686789 0.0735225 0.0754626 0.0746879 0.0716738 0.0669741 0.0611124 0.0545403 0.0476218 0.0406397 0.0338214 0.0273645 0.0214453 0.0162083 0.0117517 0.00811971 0.00530343 0.00324488
 0.0100005 0.0159203 0.0233543 0.0320378 0.0415784 0.0513643 0.0604954 0.0679373 0.0728728 0.0749735 0.0743958 0.0715821 0.0670649 0.0613616 0.0549282 0.0481345 0.0412604 0.0345174 0.0280802 0.0221102 0.0167586 0.0121522 0.00837286 0.00544017 0.00330635
 0.0101248 0.0160843 0.0235302 0.0321743 0.0416124 0.0512419 0.0601908 0.0674628 0.0722769 0.0743297 0.0737866 0.0710815 0.0667236 0.0612008 0.0549438 0.0483072 0.0415642 0.0349213 0.0285448 0.0225862 0.0171939 0.0125054 0.00862496 0.00559712 0.00339067
 0.0101648 0.0161534 0.0236394 0.0323311 0.0418117 0.0514566 0.0603677 0.0675328 0.0721791 0.0740393 0.0733306 0.0705321 0.0661745 0.0607386 0.0546276 0.0481615 0.0415838 0.03508 0.028804 0.0228999 0.0175146 0.0127916 0.0088495 0.00575184 0.00348389
 0.0101244 0.0161044 0.0235967 0.0323194 0.0418596 0.0515853 0.0605793 0.0678029 0.072457 0.0742576 0.0734235 0.0704581 0.0659344 0.0603786 0.0542242 0.0477959 0.0413178 0.0349432 0.0287938 0.0229895 0.0176639 0.0129589 0.00900126 0.00586879 0.00356168
 0.00994703 0.0158388 0.0232407 0.031889 0.0413889 0.0511227 0.0601826 0.0675308 0.0723549 0.0743406 0.073666 0.0707979 0.0662925 0.0606862 0.0544455 0.0479353 0.04141 0.0350324 0.0289128 0.0231487 0.0178519 0.0131516 0.00917365 0.00600421 0.00365535
 0.00999415 0.0158878 0.023264 0.0318462 0.0412397 0.0508473 0.0597982 0.0670931 0.071942 0.0740287 0.0735065 0.0708051 0.0664421 0.0609261 0.0547131 0.0481789 0.0416039 0.0351796 0.0290343 0.0232673 0.017979 0.0132838 0.00929854 0.00610858 0.00373205
 0.0101212 0.0160722 0.0234988 0.0321068 0.0414852 0.0510272 0.059862 0.067003 0.0716887 0.0736422 0.0730547 0.0703749 0.0661105 0.060735 0.0546611 0.0482305 0.0417104 0.0352998 0.0291465 0.0233678 0.0180727 0.0133743 0.00938358 0.00618213 0.00378884
 0.0101394 0.0161187 0.023599 0.0322909 0.0417764 0.0514239 0.0603242 0.067454 0.0720351 0.0738045 0.0729949 0.0701086 0.0657005 0.0602693 0.0542241 0.0478789 0.0414635 0.0351466 0.0290615 0.0233267 0.0180594 0.0133799 0.00940161 0.0062061 0.00381247
 0.0105581 0.0167717 0.0245287 0.0335149 0.0432804 0.0531526 0.0621707 0.0692579 0.0735991 0.0749317 0.0735317 0.0699811 0.064933 0.0589797 0.0525954 0.0461154 0.0397461 0.0336034 0.0277604 0.0222862 0.0172667 0.0128056 0.00900904 0.0059556 0.00366487
 0.0103745 0.0165223 0.0242455 0.0332617 0.0431404 0.0532054 0.0624701 0.0698183 0.0743909 0.0758814 0.0745267 0.0708834 0.0656055 0.0593201 0.0525655 0.0457517 0.0391453 0.0328892 0.0270475 0.0216558 0.0167596 0.0124295 0.0087504 0.00579089 0.0035683
 0.0103002 0.0164022 0.0240687 0.0330249 0.0428565 0.0529125 0.0622349 0.0697252 0.0745162 0.076262 0.0751402 0.071649 0.0664031 0.0600196 0.0530568 0.0459698 0.0390847 0.0326011 0.0266202 0.0211851 0.0163232 0.0120735 0.00848955 0.00561752 0.00346344
 0.0101506 0.0161458 0.0236598 0.0324173 0.0420198 0.0518561 0.0610301 0.0685084 0.0734668 0.0755593 0.0749166 0.0719544 0.0671909 0.0611571 0.0543584 0.0472437 0.040177 0.0334253 0.0271625 0.0214886 0.0164591 0.0121129 0.00848614 0.00560269 0.0034507
 0.0103412 0.016435 0.0240535 0.0328998 0.0425481 0.0523585 0.0614107 0.0686665 0.073331 0.0751242 0.0742597 0.0712186 0.0665378 0.0607126 0.054174 0.0472883 0.0403608 0.0336403 0.0273231 0.0215547 0.0164359 0.0120334 0.0083889 0.00551597 0.00338731
 0.0102257 0.0162952 0.0239312 0.0328612 0.0426632 0.0526683 0.061899 0.0692538 0.0738943 0.0755345 0.0744227 0.0711049 0.0661933 0.0602427 0.0537059 0.0469252 0.040149 0.0335641 0.0273268 0.0215768 0.0164355 0.0119998 0.00833312 0.00545632 0.00333769
 0.010135 0.0161402 0.0236873 0.0325103 0.0422089 0.0521536 0.061413 0.0689129 0.0737976 0.0757159 0.0748286 0.0716154 0.0666742 0.0605998 0.0539136 0.0470201 0.0401961 0.0336189 0.0274116 0.0216805 0.0165324 0.0120687 0.0083683 0.00546502 0.00333226
 0.0100518 0.0159973 0.0234579 0.0321647 0.0417216 0.0515163 0.0606498 0.0680911 0.0730254 0.0751222 0.0745277 0.0716665 0.0670565 0.0612179 0.0546359 0.047728 0.0408188 0.034137 0.0278363 0.0220285 0.016812 0.0122813 0.00851614 0.00555694 0.00338257
 0.0101124 0.0160938 0.0235976 0.0323485 0.0419378 0.0517345 0.0608193 0.0681496 0.0729205 0.0748381 0.0741018 0.0711847 0.0666251 0.0609241 0.0545168 0.0477643 0.0409546 0.034311 0.0280056 0.0221737 0.0169291 0.0123714 0.00858088 0.00559886 0.00340615
 0.0103494 0.0164773 0.02417 0.0331422 0.0429629 0.0529594 0.0621549 0.0694491 0.0740043 0.075537 0.0743026 0.0708612 0.0658446 0.0598292 0.0532842 0.046557 0.0398848 0.0334294 0.027314 0.0216491 0.0165421 0.0120953 0.00839225 0.00547652 0.00333134
 0.0102205 0.0163042 0.0239782 0.0329824 0.0429019 0.0530634 0.06247 0.0699859 0.0747276 0.0763634 0.0751096 0.0715128 0.0662274 0.0598868 0.0530338 0.0460795 0.039294 0.0328334 0.0267883 0.0212283 0.0162291 0.0118755 0.00824536 0.00538326 0.00327538
 0.00998712 0.0159611 0.0235311 0.0324643 0.0423705 0.0525917 0.0621366 0.069864 0.0748696 0.0767827 0.0757675 0.0723179 0.0670538 0.060604 0.0535408 0.0463307 0.039306 0.032671 0.026536 0.0209616 0.0159968 0.011698 0.00812277 0.00530525 0.00322925
#obs surv len freq
 0.00497053 0.00814243 0.0123864 0.0177161 0.0240048 0.0308857 0.0377313 0.0438168 0.0485913 0.0518547 0.053727 0.054495 0.0544793 0.0539771 0.0532488 0.0525078 0.0518986 0.0514558 0.0510405 0.0502832 0.0486018 0.0453656 0.0401976 0.0332669 0.0253549
 0.00517938 0.00848349 0.0129028 0.0184498 0.0249893 0.0321342 0.0392241 0.0454949 0.0503628 0.0536097 0.0553537 0.0558896 0.0555511 0.0546501 0.0534636 0.0522252 0.051106 0.0501739 0.04933 0.0482478 0.0463848 0.0431386 0.0381361 0.031517 0.0240019
 0.00541381 0.0088666 0.0134831 0.0192736 0.0260921 0.0335268 0.0408783 0.0473391 0.0522926 0.0555076 0.0571072 0.0573995 0.0567324 0.0554304 0.0537814 0.0520311 0.0503678 0.0488867 0.0475301 0.0460264 0.0438935 0.0405785 0.0357262 0.0294469 0.0223883
 0.00564645 0.00924889 0.0140662 0.0201078 0.0272176 0.0349584 0.0425898 0.0492573 0.0543077 0.0574945 0.0589452 0.0589848 0.0579804 0.0562734 0.0541637 0.0519055 0.049696 0.0476482 0.0457397 0.0437556 0.041286 0.0378449 0.0331109 0.0271724 0.020599
 0.00587228 0.00962109 0.0146359 0.0209264 0.0283271 0.0363764 0.0442933 0.0511765 0.0563351 0.0595048 0.0608156 0.0606066 0.0592647 0.0571506 0.0545805 0.0518191 0.0490713 0.046462 0.0439961 0.0415102 0.0386681 0.0350603 0.0304119 0.024799 0.0187151
 0.00612702 0.0100339 0.0152551 0.0217965 0.0294813 0.0378244 0.0460076 0.053087 0.0583371 0.061478 0.0626417 0.0621814 0.0605026 0.0579849 0.0549611 0.0517078 0.048438 0.0452866 0.0422805 0.0393012 0.0360822 0.0322918 0.0277083 0.0224035 0.0168004
 0.00636341 0.0104234 0.0158504 0.0226493 0.0306311 0.0392811 0.0477357 0.0550017 0.060319 0.0633985 0.0643852 0.0636554 0.0616369 0.0587272 0.0552714 0.0515549 0.0477964 0.0441387 0.0406276 0.0371846 0.0336065 0.0296355 0.0251038 0.0200847 0.0149377
 0.00659079 0.0107983 0.0164244 0.0234737 0.0317471 0.0407032 0.0494352 0.0568993 0.0622955 0.0653174 0.0661165 0.0650921 0.0627025 0.0593749 0.0554772 0.0513073 0.0470887 0.0429671 0.0390004 0.0351418 0.0312432 0.0271136 0.0226356 0.017886 0.0131683
 0.00683629 0.0111979 0.0170267 0.0243242 0.0328791 0.0421244 0.0511126 0.0587542 0.0642132 0.0671676 0.0677743 0.0664522 0.0636859 0.0599313 0.0555831 0.0509597 0.0462963 0.0417447 0.0373719 0.0331544 0.0289878 0.0247364 0.0203264 0.0158373 0.0115223
 0.00705615 0.01156 0.0175801 0.0251166 0.0339466 0.0434752 0.0527114 0.0605183 0.0660253 0.0688997 0.0693098 0.0676971 0.0645718 0.0604141 0.0556404 0.0505874 0.0455044 0.0405543 0.0358163 0.0312881 0.0269007 0.0225622 0.0182319 0.0139895 0.0100427
 0.00725863 0.0118948 0.0180943 0.0258571 0.0349502 0.0447527 0.054232 0.0622036 0.06776 0.0705547 0.0707641 0.0688535 0.0653634 0.0608039 0.055617 0.0501577 0.0446877 0.0393787 0.034321 0.0295315 0.0249703 0.02058 0.0163446 0.0123389 0.00872949
 0.00740579 0.0121365 0.018463 0.0263856 0.0356666 0.0456718 0.0553446 0.0634702 0.0691136 0.0719088 0.0720245 0.0699292 0.0661758 0.0612946 0.0557514 0.0499249 0.0440961 0.0384522 0.0330982 0.0280696 0.0233519 0.0189153 0.0147609 0.0109568 0.00763221
 0.00750121 0.0122905 0.018693 0.0267083 0.0360964 0.0462179 0.056007 0.0642371 0.0699609 0.0728021 0.0729203 0.0707751 0.066912 0.0618585 0.0560856 0.049985 0.0438567 0.0379103 0.0322743 0.0270096 0.0221287 0.0176265 0.0135181 0.00986393 0.00676107
 0.00757446 0.0124063 0.0188614 0.0269368 0.0363892 0.0465752 0.0564235 0.0647024 0.0704618 0.0733255 0.0734538 0.0713042 0.0674151 0.0623029 0.0564274 0.0501746 0.0438482 0.0376715 0.0317964 0.0263131 0.0212662 0.0166783 0.0125798 0.00902563 0.00608641
 0.00763976 0.0125058 0.0189986 0.027111 0.0365962 0.0468085 0.0566761 0.0649674 0.0707332 0.0735999 0.0737312 0.0715859 0.0677002 0.0625829 0.0566823 0.0503716 0.0439451 0.037626 0.031578 0.0259158 0.0207151 0.0160296 0.0119091 0.00840935 0.00558128
 0.0077151 0.0126205 0.0191567 0.0273103 0.0368284 0.0470603 0.0569302 0.0652047 0.0709376 0.0737629 0.0738546 0.0716809 0.0677816 0.0626628 0.0567638 0.050445 0.0439873 0.0376042 0.0314589 0.0256782 0.0203613 0.01559 0.011436 0.00796178 0.00520676
 0.00774365 0.0126705 0.0192382 0.0274336 0.0370006 0.0472799 0.057183 0.065465 0.0711748 0.0739513 0.0739811 0.0717469 0.0677999 0.0626519 0.056741 0.0504198 0.0439574 0.0375547 0.0313667 0.0255213 0.0201305 0.0152963 0.0111104 0.00764536 0.00493605
 0.00780214 0.0127546 0.0193448 0.0275541 0.0371247 0.0474013 0.0573026 0.0655882 0.0713055 0.0740855 0.0741059 0.0718452 0.0678585 0.0626671 0.0567192 0.0503731 0.043896 0.0374813 0.0312747 0.0253985 0.0199675 0.0150949 0.0108865 0.00742452 0.00474388
 0.00783404 0.0128052 0.019418 0.0276512 0.0372426 0.0475307 0.0574282 0.065693 0.0713774 0.0741237 0.0741205 0.0718505 0.0678642 0.0626738 0.0567211 0.0503635 0.0438714 0.0374405 0.0312161 0.0253183 0.0198618 0.0149642 0.0107396 0.0072771 0.00461308
 0.00785087 0.012828 0.0194442 0.0276759 0.037261 0.0475404 0.0574308 0.065693 0.0713793 0.0741295 0.0741301 0.0718638 0.0678833 0.0627017 0.0567583 0.0504064 0.0439123 0.0374708 0.0312281 0.0253066 0.0198239 0.0149015 0.0106589 0.00718973 0.00453161
 0.00784414 0.0128177 0.0194296 0.0276565 0.0372358 0.0475081 0.0573903 0.0656447 0.071327 0.0740806 0.0740943 0.0718498 0.0678957 0.0627402 0.0568188 0.0504819 0.0439942 0.0375494 0.0312936 0.0253508 0.0198417 0.014893 0.0106288 0.00714697 0.0044864
 0.00787322 0.0128559 0.0194705 0.0276888 0.0372469 0.0474892 0.0573404 0.0655711 0.0712416 0.0739959 0.0740201 0.0717936 0.0678628 0.0627339 0.0568395 0.0505265 0.0440561 0.0376194 0.0313615 0.025407 0.0198793 0.014909 0.0106253 0.0071297 0.00446305
 0.00788239 0.0128693 0.0194876 0.0277069 0.0372606 0.0474904 0.0573195 0.06552 0.0711581 0.0738871 0.0739024 0.0716872 0.0677856 0.0626966 0.0568442 0.0505684 0.0441263 0.0377065 0.0314533 0.025492 0.0199483 0.0149569 0.0106516 0.00713842 0.00446039
 0.00787549 0.0128583 0.0194712 0.0276844 0.0372316 0.047455 0.0572783 0.0654734 0.071106 0.0738289 0.0738388 0.0716223 0.0677276 0.0626564 0.056832 0.0505894 0.0441791 0.0377837 0.0315438 0.0255835 0.0200299 0.0150209 0.0106953 0.00716342 0.00447132
 0.00786504 0.012841 0.0194448 0.0276467 0.0371813 0.0473929 0.0572076 0.0654 0.071037 0.0737704 0.0737939 0.0715913 0.0677096 0.062651 0.0568408 0.0506157 0.0442256 0.0378499 0.0316246 0.0256702 0.0201125 0.015091 0.010748 0.00719816 0.00449103
 0.00785163 0.0128148 0.0193973 0.0275682 0.0370635 0.0472341 0.0570164 0.0651957 0.0708448 0.0736148 0.0736926 0.0715517 0.0677293 0.0627205 0.0569469 0.0507459 0.0443696 0.038 0.0317746 0.0258133 0.0202413 0.0151989 0.010831 0.00725602 0.00452729
 0.00782385 0.012769 0.0193274 0.0274674 0.0369265 0.047058 0.0568041 0.0649578 0.0706003 0.0733888 0.0735123 0.0714405 0.0677008 0.0627757 0.057075 0.0509275 0.044583 0.0382251 0.0319953 0.0260174 0.0204199 0.015346 0.0109438 0.00733588 0.00457881
 0.00782749 0.0127715 0.0193247 0.0274532 0.0368933 0.0469992 0.0567157 0.0648394 0.0704558 0.0732264 0.0733447 0.0712851 0.0675775 0.0627027 0.0570637 0.0509796 0.0446896 0.0383703 0.03216 0.0261837 0.0205735 0.015477 0.0110471 0.00741062 0.00462821
 0.00779647 0.0127255 0.0192634 0.0273791 0.0368098 0.0469092 0.0566206 0.0647394 0.0703512 0.0731195 0.0732402 0.0711901 0.0675014 0.0626559 0.0570562 0.0510183 0.0447757 0.0384973 0.0323147 0.0263493 0.0207331 0.0156171 0.0111596 0.00749325 0.00468352
 0.00775668 0.012659 0.0191606 0.0272312 0.036613 0.046669 0.0563549 0.064477 0.0701237 0.0729514 0.0731428 0.0711613 0.0675311 0.0627324 0.0571703 0.0511642 0.0449492 0.0386933 0.0325249 0.0265614 0.0209327 0.0157912 0.0112995 0.00759638 0.00475283
 0.00771258 0.0125864 0.0190495 0.0270721 0.0363987 0.0463987 0.056038 0.0641353 0.0697898 0.0726626 0.0729331 0.0710536 0.0675322 0.0628333 0.0573508 0.0514001 0.0452182 0.0389777 0.0328101 0.0268345 0.0211812 0.016004 0.0114692 0.00772127 0.00483694
 0.00930864 0.0148191 0.0217411 0.0298334 0.038742 0.0479177 0.0565507 0.0637116 0.0686694 0.0711353 0.0712497 0.069393 0.066005 0.0614987 0.0562313 0.0504931 0.0445058 0.0384345 0.0324099 0.0265521 0.0209932 0.015888 0.0114043 0.00768911 0.00482345
 0.00927031 0.015058 0.0226315 0.0318419 0.0422242 0.0528443 0.0623335 0.0692989 0.0729204 0.0732698 0.0711062 0.067371 0.06279 0.0577694 0.0524909 0.0470387 0.0414757 0.0358712 0.0303063 0.0248784 0.019708 0.0149427 0.0107443 0.0072558 0.0045584
 0.008947 0.0145418 0.021895 0.0309242 0.0412902 0.0522262 0.0624951 0.0706706 0.0756439 0.0770059 0.0750737 0.0706455 0.0646924 0.0581033 0.0515146 0.0452486 0.0393703 0.0338129 0.0284967 0.0233962 0.0185595 0.0140975 0.0101555 0.00687035 0.00432326
 0.00879891 0.0142906 0.0214974 0.0303353 0.0404785 0.0512046 0.0613622 0.0696432 0.0750451 0.0771787 0.0762276 0.0727042 0.0672519 0.0605626 0.0533229 0.0461205 0.0393459 0.0331591 0.0275438 0.0224125 0.0177042 0.0134333 0.00968312 0.0065597 0.00413428
 0.00871955 0.0141607 0.0212996 0.03005 0.0400854 0.0506861 0.0607124 0.0688831 0.0742433 0.0764682 0.0758015 0.0727682 0.067933 0.0618149 0.0548994 0.0476523 0.0404957 0.0337542 0.0276132 0.0221232 0.0172572 0.0129853 0.00931866 0.00630245 0.00397227
 0.00870288 0.0141257 0.0212322 0.029932 0.0398977 0.0504152 0.0603547 0.0684469 0.0737475 0.075945 0.0753048 0.0723835 0.0677731 0.0619858 0.0554427 0.0484967 0.0414602 0.034616 0.0282025 0.0223857 0.0172504 0.0128235 0.00911183 0.00612076 0.00384267
 0.00867526 0.0140857 0.0211804 0.0298705 0.0398269 0.0503304 0.0602447 0.0682961 0.0735427 0.0756828 0.0749967 0.0720608 0.0674875 0.0618064 0.0554404 0.0487145 0.0418811 0.0351538 0.0287295 0.0227873 0.0174719 0.0128804 0.00906335 0.00603205 0.00375865
 0.0086667 0.0140679 0.0211467 0.0298133 0.0397408 0.0502157 0.0601094 0.0681534 0.0734045 0.0755525 0.0748693 0.0719281 0.0673495 0.0616801 0.0553608 0.0487246 0.0420119 0.0354024 0.0290511 0.0231101 0.0177282 0.0130353 0.00912266 0.00602785 0.00372729
 0.00865455 0.0140505 0.0211246 0.0297876 0.0397117 0.0501812 0.0600648 0.0680937 0.0733272 0.0754608 0.0747703 0.0718293 0.0672559 0.0615951 0.0552916 0.0486867 0.0420263 0.0354849 0.0291992 0.0232974 0.0179139 0.0131822 0.00921289 0.0060661 0.00373167
 0.00864548 0.0140361 0.0211038 0.0297599 0.0396778 0.0501431 0.0600257 0.0680566 0.0732936 0.075429 0.0747365 0.0717903 0.0672106 0.0615463 0.055245 0.0486508 0.0420126 0.0355051 0.0292595 0.0233928 0.0180268 0.0132889 0.00929452 0.00611552 0.00375354
 0.00865985 0.0140584 0.0211352 0.0298005 0.0397262 0.0501958 0.0600774 0.0681006 0.0733231 0.0754389 0.0747242 0.0717552 0.0671545 0.0614727 0.0551599 0.0485633 0.0419337 0.0354465 0.0292304 0.0233961 0.0180566 0.0133327 0.00933777 0.00614806 0.00377227
 0.00863602 0.0140232 0.0210887 0.0297455 0.0396674 0.050139 0.0600286 0.0680649 0.0733042 0.0754378 0.074739 0.0717814 0.067186 0.0615032 0.0551847 0.0485802 0.0419445 0.0354561 0.0292452 0.023421 0.0180923 0.0133749 0.0093791 0.00618184 0.00379527
 0.00862267 0.0140009 0.0210544 0.0296964 0.0396026 0.050061 0.0599443 0.0679853 0.0732411 0.0754004 0.0747311 0.0718011 0.0672268 0.0615565 0.055242 0.0486347 0.0419922 0.0354964 0.0292804 0.0234546 0.0181269 0.0134102 0.00941252 0.00620994 0.00381578
 0.00862507 0.0140024 0.0210523 0.0296865 0.0395802 0.0500225 0.0598892 0.0679167 0.0731662 0.0753291 0.0746739 0.0717664 0.0672189 0.0615745 0.0552802 0.0486849 0.0420462 0.0355482 0.029327 0.0234956 0.0181633 0.0134429 0.00944116 0.0062334 0.00383317
 0.00861226 0.0139857 0.0210346 0.0296725 0.0395743 0.0500263 0.059899 0.067925 0.0731643 0.0753116 0.0746412 0.0717249 0.0671784 0.0615445 0.0552667 0.0486893 0.0420653 0.0355765 0.029359 0.0235272 0.0181924 0.0134686 0.00946302 0.00625104 0.00384631
 0.00861226 0.0139857 0.0210346 0.0296725 0.0395743 0.0500263 0.059899 0.067925 0.0731643 0.0753116 0.0746412 0.0717249 0.0671784 0.0615445 0.0552667 0.0486893 0.0420653 0.0355765 0.029359 0.0235272 0.0181924 0.0134686 0.00946302 0.00625104 0.00384631
 0.00899623 0.0145892 0.0219013 0.0308222 0.0409906 0.0516426 0.0615883 0.0695074 0.0744412 0.0761161 0.0748807 0.0713979 0.0663637 0.0603738 0.0538921 0.0472538 0.0406839 0.034328 0.0282877 0.0226502 0.0175072 0.0129597 0.00910615 0.00601669 0.00370342
 0.00886826 0.0144293 0.0217505 0.0307499 0.0410788 0.0519575 0.0621542 0.070294 0.0753683 0.077069 0.075732 0.0720309 0.0666964 0.0603754 0.0535879 0.0467148 0.0400053 0.0336053 0.0275992 0.0220481 0.0170176 0.0125875 0.00884173 0.00584171 0.00359624
 0.00889103 0.0144413 0.0217254 0.0306565 0.0408995 0.051713 0.0619165 0.070172 0.0754658 0.0774361 0.0763366 0.0727671 0.0674209 0.0609538 0.0539291 0.0467876 0.039836 0.0332607 0.0271626 0.0215976 0.0166108 0.0122567 0.00859634 0.00567485 0.00349221
 0.00869489 0.0141339 0.0212841 0.0300678 0.0401623 0.050844 0.0609607 0.0692126 0.0746244 0.0768548 0.0761425 0.0730285 0.0681151 0.0619654 0.055083 0.0479029 0.040775 0.0339551 0.0276115 0.0218455 0.0167207 0.0122875 0.00859106 0.00565913 0.00347778
 0.00896324 0.01453 0.0218041 0.0306786 0.0408056 0.0514464 0.0614437 0.0695019 0.074664 0.0766265 0.0756822 0.0724277 0.0674986 0.0614505 0.0547387 0.0477294 0.0407154 0.0339308 0.0275595 0.0217397 0.0165704 0.0121213 0.00843856 0.00553873 0.00339449
 0.00893366 0.0145185 0.0218524 0.0308426 0.0411339 0.0519502 0.0620742 0.0701541 0.0752094 0.0769563 0.0757413 0.0722245 0.0670959 0.0609443 0.0542318 0.0473031 0.0404088 0.0337359 0.027437 0.0216448 0.0164742 0.0120174 0.00833617 0.00545081 0.00332893
 0.00889154 0.0144392 0.0217164 0.0306335 0.0408529 0.0516318 0.0617911 0.0699986 0.0752525 0.0772078 0.0761375 0.0726546 0.0674511 0.0611607 0.0543057 0.0472776 0.0403438 0.0336794 0.0274092 0.02164 0.0164748 0.0120093 0.00831571 0.00542326 0.00330204
 0.00885092 0.0143723 0.0216136 0.030484 0.0406458 0.0513601 0.0614592 0.069632 0.0749025 0.0769455 0.0760312 0.0727401 0.0677107 0.0615273 0.0546922 0.0476138 0.0405985 0.0338579 0.0275346 0.0217335 0.0165465 0.0120605 0.00834651 0.00543663 0.00330397
 0.00903331 0.0146517 0.0220009 0.0309744 0.0412162 0.0519674 0.0620399 0.0701085 0.0751997 0.0770147 0.0758698 0.0723948 0.0672607 0.0610543 0.054253 0.0472295 0.0402637 0.0335602 0.0272687 0.0215031 0.0163577 0.0119155 0.00824144 0.00536424 0.00325651
 0.00918286 0.0149087 0.0224111 0.0315833 0.0420515 0.0530146 0.0632236 0.0712938 0.0762225 0.0777259 0.0761742 0.0722702 0.0667548 0.0602668 0.0533077 0.0462444 0.0393285 0.0327276 0.0265606 0.0209231 0.0159008 0.0115718 0.0079967 0.00520062 0.00315442
 0.00914803 0.0148687 0.0223833 0.0315985 0.0421511 0.0532428 0.0636147 0.0718579 0.0769309 0.0785046 0.0769127 0.0728469 0.0670724 0.0602809 0.0530367 0.0457577 0.0387201 0.0320893 0.0259624 0.0204066 0.0154835 0.0112541 0.00776909 0.00504784 0.00305901
 0.00920814 0.0149502 0.0224768 0.0316878 0.0422216 0.0532927 0.0636636 0.0719444 0.0770986 0.0787821 0.0772953 0.0732897 0.067498 0.0606012 0.053181 0.0456957 0.0384699 0.0317066 0.0255194 0.0199699 0.0150999 0.0109473 0.00754319 0.00489418 0.00296254
#pred catch len freq
 0.0043702 0.00701998 0.0104423 0.0146242 0.0195434 0.0251187 0.031139 0.0372614 0.0430911 0.0482783 0.0525723 0.0558423 0.0580796 0.059375 0.0598672 0.0596862 0.0589195 0.0576022 0.0557039 0.0531006 0.0495622 0.044817 0.0387266 0.0314968 0.0237601
 0.00474721 0.007547 0.0110817 0.0153009 0.0201837 0.0257017 0.031724 0.0379601 0.0439942 0.0493779 0.0537338 0.0568454 0.0587059 0.0594941 0.0594808 0.0589164 0.0579521 0.0566096 0.0547814 0.0522451 0.0487039 0.0438865 0.037716 0.0304749 0.0228356
 0.00515631 0.00820123 0.0120401 0.0165954 0.0217963 0.027541 0.0336219 0.0397102 0.0454273 0.0504304 0.0544525 0.0573183 0.0589719 0.0595028 0.0591309 0.0581361 0.0567598 0.0551145 0.0531306 0.0505608 0.0470533 0.0422979 0.0362191 0.0291258 0.0217057
 0.00552313 0.00878364 0.0128935 0.0177693 0.0233321 0.0294623 0.0359091 0.0422677 0.0480648 0.0528821 0.0564424 0.0586454 0.0595656 0.0594115 0.0584552 0.0569648 0.0551535 0.0531341 0.0508691 0.0481453 0.0446216 0.0399766 0.0341163 0.0273307 0.0202802
 0.00594068 0.00943459 0.013823 0.0190056 0.0248894 0.0313424 0.0380964 0.0447179 0.0506914 0.0555448 0.0589434 0.0607455 0.0610288 0.0600658 0.0582385 0.0559257 0.0534127 0.050839 0.0481722 0.0452066 0.0416151 0.0370845 0.0315093 0.0251425 0.0185842
 0.00637109 0.0101112 0.0147989 0.0203174 0.0265538 0.033352 0.0404106 0.0472571 0.0533409 0.0581681 0.0613929 0.0628659 0.0626577 0.061043 0.0584307 0.0552599 0.0519004 0.0485768 0.0453232 0.0419766 0.0382354 0.033795 0.0285337 0.022654 0.0166737
 0.00669736 0.0106323 0.015567 0.0213778 0.0279409 0.0350806 0.0424624 0.0495697 0.0558082 0.0606515 0.0637391 0.0649245 0.0642917 0.0621327 0.0588726 0.0549714 0.0508352 0.0467481 0.0428213 0.0389726 0.0349656 0.0305307 0.0255377 0.0201323 0.0147368
 0.00700957 0.0111288 0.0162948 0.0223768 0.0292409 0.0366948 0.0443764 0.0517305 0.058121 0.062987 0.0659487 0.0668578 0.0658146 0.0631383 0.0592836 0.0547343 0.0499175 0.0451469 0.040584 0.0362188 0.0318944 0.0274009 0.0226212 0.017654 0.0128245
 0.00729033 0.0115798 0.0169644 0.0233084 0.0304677 0.0382302 0.0462008 0.0537822 0.0602983 0.0651606 0.0679776 0.0686058 0.0671636 0.0639976 0.0595923 0.054458 0.0490423 0.043679 0.0385617 0.0337325 0.0291034 0.024528 0.0199161 0.0153351 0.0110241
 0.00752468 0.0119552 0.0175201 0.0240805 0.0314866 0.0395144 0.0477455 0.0555486 0.0622087 0.0671022 0.0698165 0.070205 0.0684027 0.0647871 0.0598782 0.0542165 0.0482718 0.0423956 0.0368042 0.0315776 0.0266812 0.0220233 0.0175428 0.0132869 0.00942422
 0.00773768 0.0122893 0.0180015 0.0247283 0.0323137 0.0405266 0.0489381 0.056899 0.0636718 0.0686094 0.0712792 0.0715224 0.0694731 0.0655214 0.0602099 0.054107 0.0477085 0.0413893 0.0353896 0.0298211 0.0246916 0.0199528 0.0155686 0.0115726 0.0080775
 0.00799321 0.0126778 0.0185367 0.0254069 0.0331204 0.0414406 0.0499365 0.0579555 0.0647535 0.0696763 0.0722845 0.0724145 0.0701973 0.0660229 0.0604383 0.0540209 0.0472812 0.0406129 0.034281 0.0284286 0.0231012 0.0182876 0.0139727 0.0101803 0.00697873
 0.00813145 0.0129096 0.0188974 0.0259312 0.0338311 0.0423345 0.0509721 0.0590556 0.0658241 0.0706334 0.0730733 0.0730113 0.0705993 0.0662328 0.0604537 0.0538311 0.0468694 0.039965 0.0333963 0.0273317 0.0218506 0.0169752 0.0127108 0.0090755 0.00610384
 0.00821374 0.0130437 0.0191016 0.0262271 0.0342445 0.0428929 0.0516958 0.0599424 0.0668345 0.0716846 0.0740523 0.0738052 0.0711279 0.0664671 0.0604103 0.0535492 0.0463882 0.0393115 0.0325884 0.0263911 0.0208167 0.0159118 0.0116987 0.0081938 0.005407
 0.00816046 0.0129618 0.0189882 0.0260857 0.0340884 0.0427484 0.0516049 0.0599597 0.0670156 0.0720674 0.0746369 0.0745423 0.0719255 0.0672137 0.0610063 0.0539308 0.0465328 0.0392275 0.0323009 0.025934 0.0202336 0.0152594 0.0110442 0.00760305 0.00492831
