SBPRF35
7.78865
Curr Bio
434842
B35
687092
F35
0.210071
FOFL
0.120231
OFL
39607.6
Bzero
2.22533e+006
#pred survey bio
 4.83835e+006 4.57409e+006 4.31475e+006 4.01135e+006 3.6706e+006 3.32056e+006 2.97614e+006 2.65995e+006 2.35598e+006 2.0972e+006 1.81599e+006 1.59733e+006 1.42144e+006 1.26485e+006 1.10665e+006 981722 883445 817696 774216 729611 699660 672479 669570 647303 648661 630249 626311 620412 620749 629285 621057 606857 592275 584177 568130 535326 523345 519741 524197 524288 530951 539491 540835 563293 566606 577996 583229 588038 595880 601672 601653 585711 556193 557679 566270 584279 595348 614642 592143 546645 499481 439628 1.44263e+007 8.6299e+006 8.99979e+006 9.99504e+006 1.13094e+007 1.26524e+007 1.38537e+007 1.48443e+007 1.56187e+007 1.62028e+007 1.6633e+007 1.69448e+007 1.71688e+007 1.73291e+007 1.74436e+007 1.75256e+007 1.75846e+007 1.76273e+007 1.76583e+007 1.7681e+007 1.76978e+007 1.77102e+007 1.77195e+007 1.77264e+007 1.77317e+007 1.77357e+007 1.77387e+007 1.7741e+007 1.77427e+007 1.77441e+007 1.77451e+007 1.77459e+007 1.77465e+007 1.7747e+007 1.77473e+007 1.77476e+007 1.77478e+007 1.7748e+007 1.77481e+007 1.77482e+007 1.77483e+007 1.77484e+007 1.77484e+007 1.77484e+007 1.77485e+007 1.77485e+007 1.77485e+007 1.77485e+007 1.77485e+007 1.77485e+007 1.77485e+007 1.77485e+007 1.77485e+007 1.77485e+007 1.77486e+007 1.77486e+007 1.77486e+007 1.77486e+007 1.77486e+007 1.77486e+007 1.77486e+007 1.77486e+007 1.77486e+007 1.77486e+007 1.77486e+007 1.77486e+007 1.77486e+007 1.77486e+007 1.77486e+007 1.77486e+007 1.77486e+007 1.77486e+007 1.77486e+007 1.77486e+007 1.77486e+007 1.77486e+007 1.77486e+007 1.77486e+007 1.77486e+007 1.77486e+007 1.77486e+007 1.77486e+007 1.77486e+007 1.77486e+007 1.77486e+007 1.77486e+007 1.77486e+007 1.77486e+007 1.77486e+007 1.77486e+007 1.77486e+007 1.77486e+007 1.77486e+007 1.77486e+007 1.77486e+007 1.77486e+007 1.77486e+007 1.77486e+007 1.77486e+007 1.77486e+007 0 0 0 0 0 0 0 0 0 0 0 0 0 0 0 0 0 0 0 0 0 0 0 0 0
#obs survey bio
 3.88769e+006 3.44048e+006 3.6781e+006 3.32479e+006 3.03084e+006 2.28888e+006 1.37272e+006 1.9631e+006 2.90959e+006 1.2617e+006 1.43254e+006 1.36023e+006 1.16952e+006 1.09712e+006 1.01829e+006 510298 907222 503301 635617 514665 575044 483696 797776 596958 696255 517065 704880 591852 456918 508897 519298 557014 591570 429461 689167 415921 560141 484022 490074 525893 502420 503653 498842 493098 644717 566466 401072 597014 528664 567116 594344 472668 516486 293262 514621 360050 741616 1.03582e+006 623325 688933 512011 344703
#pred catch bio
 95021.4 93336 146620 205068 245077 274261 281912 300512 285302 326609 287737 262571 255127 262552 236536 214308 185843 165019 161985 144870 137960 113928 126363 102954 116764 102538 103205 96692.3 88704.2 101255 103563 100445 91675.8 94944.5 104932 86091.9 82987.1 81848.5 89183.9 85154.9 84455.6 90814.4 74123.5 91091.4 84638.5 90478.2 91401.8 89096.4 90577 94835.6 107385 117854 92020.2 87067.7 79324.3 83907.1 74403.1 105102 119089 116309 122365 89318 39607.6 65994.9 67417.6 73692.2 83194.7 93147.9 101980 109117 114542 118492 121277 123195 124490 125353 125920 126291 126531 126685 126785 126848 126888 126914 126930 126940 126947 126951 126953 126955 126956 126957 126957 126957 126957 126957 126957 126958 126958 126958 126958 126958 126958 126958 126958 126958 126958 126958 126958 126958 126958 126958 126958 126958 126958 126958 126958 126958 126958 126958 126958 126958 126958 126958 126958 126958 126958 126958 126958 126958 126958 126958 126958 126958 126958 126958 126958 126958 126958 126958 126958 126958 126958 126958 126958 126958 126958 126958 126958 126958 126958 126958 126958 126958 126958 126958 126958 126958 126958 126958 126958 126958 0 0 0 0 0 0 0 0 0 0 0 0 0 0 0 0 0 0 0 0 0 0 0 0 0
#obs catch bio
 0 93077.5 146994 206325 247809 278773 287832 308102 290538 337418 296404 270424 262252 271934 245702 223121 192254 171578 167755 149268 142300 116317 129371 104177 118522 103654 104922 98426.9 89621.3 102481 105129 102109 92347.4 96063 106183 86949.3 83812 82621.3 90400.2 86044.1 85202.2 91962.7 74618.1 92154.7 85238.4 91069.2 92417.2 89945.4 91274.2 95269 107830 118970 92541.1 87980.7 79871.6 85067.2 74688.8 105303 118540 115388 122179 89161.4
#pred cpue bio
 4.76703e+006 4.5081e+006 4.25294e+006 3.95098e+006 3.61101e+006 3.26211e+006 2.91918e+006 2.60463e+006 2.30275e+006 2.04571e+006 1.76686e+006 1.5501e+006 1.37586e+006 1.22074e+006 1.06445e+006 941295 844734 780396 738374 695689 667211 641409 639200 618234 620098 602526 598697 593017 593677 602399 594714 581262 567637 560282 545214 513689 501330 496128 499183 499077 505817 514298 515643 537466 540737 551842 556861 561444 569223 575125 575268 559595 530415 531526 540076 558165 569722 589515 568486 524285 478041 419948 1.37945e+007 8.26142e+006 8.48402e+006 9.31994e+006 1.05788e+007 1.19089e+007 1.31076e+007 1.40977e+007 1.4872e+007 1.54562e+007 1.58863e+007 1.61981e+007 1.64222e+007 1.65824e+007 1.66969e+007 1.6779e+007 1.68379e+007 1.68806e+007 1.69116e+007 1.69343e+007 1.69511e+007 1.69635e+007 1.69728e+007 1.69798e+007 1.6985e+007 1.6989e+007 1.6992e+007 1.69943e+007 1.69961e+007 1.69974e+007 1.69984e+007 1.69992e+007 1.69998e+007 1.70003e+007 1.70007e+007 1.70009e+007 1.70011e+007 1.70013e+007 1.70014e+007 1.70015e+007 1.70016e+007 1.70017e+007 1.70017e+007 1.70018e+007 1.70018e+007 1.70018e+007 1.70018e+007 1.70018e+007 1.70019e+007 1.70019e+007 1.70019e+007 1.70019e+007 1.70019e+007 1.70019e+007 1.70019e+007 1.70019e+007 1.70019e+007 1.70019e+007 1.70019e+007 1.70019e+007 1.70019e+007 1.70019e+007 1.70019e+007 1.70019e+007 1.70019e+007 1.70019e+007 1.70019e+007 1.70019e+007 1.70019e+007 1.70019e+007 1.70019e+007 1.70019e+007 1.70019e+007 1.70019e+007 1.70019e+007 1.70019e+007 1.70019e+007 1.70019e+007 1.70019e+007 1.70019e+007 1.70019e+007 1.70019e+007 1.70019e+007 1.70019e+007 1.70019e+007 1.70019e+007 1.70019e+007 1.70019e+007 1.70019e+007 1.70019e+007 1.70019e+007 1.70019e+007 1.70019e+007 1.70019e+007 1.70019e+007 1.70019e+007 1.70019e+007 1.70019e+007 1.70019e+007 1.70019e+007 0 0 0 0 0 0 0 0 0 0 0 0 0 0 0 0 0 0 0 0 0 0 0 0 0
#obs cpue bio
 2.53234e+006 4.07376e+006 4.00508e+006 2.35208e+006 1.66986e+006 2.56696e+006 3.12375e+006 2.88602e+006 2.60776e+006 1.50557e+006 1.53147e+006 1.24512e+006 1.49482e+006 789858 553469 921808 594549 454797 783297 676130 516972 711013 525200 665148 587240 586892 313332 389966 941536 749437 463701 450409 822096 490102 514783 441001 427371 446596 399266 460920 495142 451643 422961 627769 438325 614043 479585 502744 664960 708922 619410 540279 456764 659139 576556 532399 579552 713872 813577 495839 415489 462548
#pred surv len freq
 0.00536616 0.00865125 0.012905 0.0180683 0.0239935 0.0303747 0.0367135 0.0424304 0.0470809 0.0505085 0.0528254 0.0542796 0.0551293 0.0555751 0.0557329 0.0556286 0.0552115 0.0543778 0.0529811 0.0508212 0.0476386 0.0431746 0.0373286 0.0303423 0.0228613
 0.00564014 0.00897534 0.0131744 0.0181261 0.0236918 0.0296609 0.0356872 0.0413218 0.0461508 0.049928 0.0526075 0.0542995 0.055209 0.0555795 0.0556304 0.0554968 0.0551921 0.0546032 0.0535047 0.0515839 0.0484901 0.0439405 0.0378838 0.0306519 0.0229706
 0.00605086 0.00961445 0.0140744 0.0192756 0.0250134 0.0309951 0.0368028 0.0419743 0.0461821 0.0493515 0.0516127 0.0531577 0.0541413 0.0546755 0.0548633 0.0548052 0.0545587 0.0540762 0.0531578 0.0514533 0.0485376 0.044068 0.0379865 0.0306692 0.0229027
 0.00636877 0.0101353 0.0148653 0.0203993 0.0265113 0.0328585 0.0389389 0.0441869 0.0481886 0.050845 0.0523542 0.0530608 0.0533011 0.0533188 0.0532469 0.0531262 0.052928 0.0525496 0.0517776 0.0502594 0.0475505 0.0432732 0.0373443 0.0301411 0.0224705
 0.00665709 0.0105988 0.0155548 0.0213628 0.0277907 0.0344799 0.0408962 0.0464218 0.0505748 0.0531828 0.0543848 0.0545093 0.0539468 0.0530678 0.0521655 0.0514111 0.0508306 0.0503012 0.0495523 0.0481751 0.0456831 0.041667 0.0360169 0.0290899 0.0216791
 0.00696012 0.011079 0.0162549 0.0223168 0.0290208 0.0359924 0.0426744 0.048421 0.0527229 0.0553815 0.0565049 0.0563822 0.0553683 0.0538289 0.05211 0.050494 0.0491428 0.0480437 0.0469765 0.0455234 0.0431532 0.0394021 0.0341073 0.0275776 0.0205612
 0.00725337 0.0115482 0.0169473 0.0232715 0.0302629 0.0375231 0.0444607 0.0503936 0.0547871 0.0574359 0.0584542 0.0581342 0.0568187 0.054848 0.052548 0.0502137 0.0480715 0.0462172 0.0445483 0.0427337 0.0402742 0.0366841 0.0317413 0.0256757 0.0191535
 0.0075023 0.0119496 0.0175457 0.0241074 0.0313669 0.0389059 0.0461013 0.0522331 0.0567351 0.0593861 0.0603015 0.0597851 0.0581916 0.0558639 0.0531169 0.0502319 0.0474389 0.044878 0.0425365 0.0401952 0.0374509 0.0338612 0.0291816 0.0235641 0.0175691
 0.00787792 0.0125275 0.0183554 0.0251569 0.032646 0.040391 0.0477554 0.0540027 0.0585491 0.0611616 0.0619518 0.0612279 0.0593542 0.0566832 0.0535341 0.0501834 0.0468544 0.0436963 0.0407413 0.0378561 0.0347428 0.031043 0.0265352 0.0213201 0.0158527
 0.00818861 0.0130264 0.0190932 0.0261739 0.0339608 0.0419862 0.0495655 0.0559172 0.0604359 0.0629001 0.0634557 0.0624474 0.0602624 0.0572593 0.0537524 0.050007 0.0462356 0.0425856 0.0391114 0.0357381 0.0322567 0.028399 0.0239923 0.0191151 0.0141342
 0.00856625 0.0136295 0.0199807 0.0273927 0.0355368 0.0439096 0.0517738 0.0582874 0.0627977 0.0650664 0.0652596 0.0637713 0.0610506 0.057513 0.0535082 0.0493093 0.0451142 0.0410497 0.0371649 0.0334123 0.0296463 0.0256768 0.0213857 0.0168458 0.0123516
 0.00893679 0.0142026 0.0207898 0.0284523 0.0368451 0.0454508 0.0535153 0.0601731 0.0647428 0.0669602 0.0669746 0.0651783 0.0620382 0.0580066 0.0534801 0.048774 0.044111 0.0396238 0.0353602 0.0312841 0.0272866 0.0232322 0.019046 0.0148008 0.0107346
 0.00933804 0.0148226 0.0216621 0.0295855 0.0382215 0.0470268 0.0552215 0.061918 0.066427 0.0684944 0.0682902 0.0662236 0.0627675 0.0583735 0.0534423 0.0483051 0.0432093 0.0383137 0.0336884 0.0293199 0.0251298 0.0210201 0.0169438 0.0129692 0.00928605
 0.00964349 0.0153197 0.0224096 0.0306343 0.0395995 0.0487183 0.0571485 0.0639408 0.0683712 0.0701939 0.0696242 0.0671308 0.0632379 0.0584272 0.0531077 0.0476058 0.0421631 0.0369403 0.0320217 0.027419 0.0230869 0.0189606 0.0150135 0.0113043 0.00797782
 0.00997023 0.0158423 0.0231805 0.0316967 0.0409798 0.0504126 0.0591063 0.0660552 0.0704856 0.0721256 0.0711978 0.0682105 0.0637507 0.0583698 0.0525331 0.0465974 0.0408074 0.0353119 0.0301842 0.0254385 0.0210469 0.0169683 0.01319 0.00975912 0.00677939
 0.0102289 0.0162509 0.0237734 0.0324994 0.0420058 0.0516592 0.0605469 0.0676334 0.0721162 0.073702 0.0726022 0.0693255 0.0644742 0.0586317 0.0523098 0.0459145 0.0397298 0.0339249 0.0285777 0.0237014 0.019271 0.0152529 0.0116369 0.00845539 0.00577585
 0.0103977 0.0165237 0.0241811 0.0330691 0.0427556 0.0525896 0.0616331 0.0688234 0.0733389 0.0748811 0.0736657 0.0702088 0.0651175 0.0589801 0.0523198 0.0455647 0.0390294 0.0329163 0.0273303 0.0223021 0.0178161 0.0138416 0.0103622 0.00739093 0.00496115
 0.0103467 0.0164632 0.0241324 0.0330681 0.0428465 0.0528136 0.0620161 0.0693695 0.0740292 0.0756767 0.0745129 0.0710447 0.0658763 0.059598 0.0527385 0.0457362 0.0389234 0.0325282 0.0266869 0.0214608 0.0168578 0.0128592 0.00944551 0.00661116 0.00435837
 0.0102249 0.0162746 0.0238676 0.0327292 0.0424523 0.0524038 0.0616532 0.0691309 0.0739895 0.0758837 0.0749713 0.0717143 0.0666824 0.0604485 0.0535394 0.0464025 0.0393877 0.0327479 0.0266506 0.0211915 0.0164108 0.0123117 0.00888089 0.00610123 0.0039494
 0.0102838 0.0163499 0.0239427 0.0327761 0.0424384 0.0523055 0.0614673 0.0688815 0.0737244 0.0756655 0.0748626 0.071761 0.0669003 0.0608167 0.0540041 0.0468894 0.0398181 0.0330538 0.0267875 0.0211467 0.0162052 0.0119945 0.00851632 0.00575094 0.00365762
 0.0102421 0.0162905 0.0238682 0.0326917 0.0423481 0.052206 0.0613467 0.0687245 0.0735242 0.0754355 0.0746405 0.0716015 0.0668578 0.0609259 0.0542665 0.0472699 0.0402536 0.0334693 0.0271148 0.021341 0.0162544 0.0119191 0.00835993 0.0055645 0.00348383
 0.010271 0.0163235 0.0238929 0.0326893 0.0423002 0.0521037 0.061197 0.0685472 0.0733422 0.0752644 0.074487 0.0714703 0.0667615 0.0608879 0.0543126 0.047414 0.0404852 0.0337517 0.0273949 0.0215664 0.0163906 0.0119585 0.00832064 0.00547969 0.00338762
 0.0100768 0.0160292 0.0234893 0.0321824 0.0417086 0.051456 0.0605307 0.0679102 0.0727914 0.0748582 0.0742722 0.0714697 0.0669687 0.0612718 0.0548293 0.0480184 0.0411352 0.0344058 0.0280093 0.022098 0.016806 0.0122439 0.00848539 0.00555165 0.00340181
 0.0101646 0.0161461 0.0236176 0.0322896 0.0417562 0.0514135 0.0603864 0.0676738 0.0724873 0.0745175 0.0739278 0.0711558 0.0667193 0.0611159 0.0547847 0.0480871 0.0413033 0.0346474 0.0282903 0.0223806 0.0170548 0.0124342 0.00860849 0.00561483 0.00342268
 0.010135 0.0160895 0.0235167 0.0321222 0.0415002 0.0510545 0.0599269 0.0671386 0.071923 0.0739851 0.0734902 0.0708646 0.0666044 0.0611823 0.0550157 0.0484519 0.0417634 0.0351606 0.0288136 0.0228732 0.0174822 0.0127735 0.008852 0.00577064 0.00350991
 0.0103641 0.0164293 0.023966 0.0326552 0.0420692 0.0515972 0.0603744 0.0674234 0.0719915 0.0738124 0.0730916 0.0702953 0.0659468 0.0605262 0.0544383 0.0480045 0.0414678 0.0350116 0.0287863 0.0229311 0.0175857 0.012887 0.00895044 0.00584173 0.00355297
 0.010302 0.0163558 0.0239055 0.0326453 0.0421479 0.0517835 0.0606534 0.0677456 0.0722876 0.0740159 0.0731577 0.0702103 0.0657287 0.0602179 0.0540972 0.0476894 0.0412252 0.0348672 0.0287418 0.0229684 0.017675 0.0129961 0.00905307 0.00592237 0.00360719
 0.0101642 0.0161534 0.0236423 0.0323428 0.041844 0.0515274 0.0604968 0.0677304 0.0724306 0.0742959 0.0735161 0.0705676 0.0660113 0.0603818 0.0541381 0.0476369 0.0411277 0.0347735 0.0286868 0.022966 0.017719 0.013068 0.00913145 0.00599066 0.0036573
 0.0101156 0.0160579 0.0234696 0.0320586 0.0414235 0.0509744 0.0598588 0.0670975 0.071913 0.0739898 0.0734728 0.0707793 0.0664168 0.0608888 0.0546531 0.0480914 0.0414911 0.0350499 0.0289004 0.0231431 0.0178767 0.0132104 0.00925404 0.0060875 0.00372609
 0.0100099 0.0158944 0.0232382 0.0317526 0.0410379 0.0505053 0.0593072 0.0664794 0.0712703 0.0733948 0.0730174 0.07055 0.0664644 0.0612076 0.055182 0.0487354 0.0421531 0.0356573 0.0294161 0.0235606 0.0182062 0.013466 0.00944721 0.00622686 0.00381991
 0.00988068 0.0157168 0.0230303 0.0315498 0.0408806 0.0504192 0.0592888 0.0664937 0.071265 0.0733226 0.0728583 0.0703239 0.0662272 0.0610318 0.0551269 0.0488238 0.0423651 0.0359435 0.0297207 0.0238413 0.0184412 0.0136506 0.00958561 0.00632588 0.00388672
 0.00971669 0.0154723 0.0227051 0.0311617 0.0404651 0.0500253 0.0589711 0.0663006 0.0712222 0.0734187 0.073045 0.0705336 0.0664031 0.0611517 0.0552087 0.0489088 0.042492 0.0361276 0.0299498 0.0240858 0.0186703 0.0138433 0.00973377 0.00643125 0.00395629
 0.00973094 0.0154688 0.0226514 0.0310143 0.0401844 0.0495979 0.0584278 0.065717 0.0706977 0.0730446 0.0728747 0.0705694 0.0666014 0.0614443 0.0555304 0.049219 0.0427798 0.0364016 0.0302197 0.0243509 0.0189183 0.0140582 0.00990435 0.00655487 0.00403812
 0.00953583 0.0151905 0.0223028 0.0306276 0.039796 0.0492282 0.058071 0.0653502 0.070307 0.0726498 0.072534 0.0703587 0.0665805 0.0616294 0.0558891 0.0496878 0.0432908 0.0369033 0.0306833 0.0247635 0.0192736 0.014351 0.0101315 0.00671836 0.00414618
 0.00950401 0.0151242 0.0221781 0.0304182 0.0394854 0.048825 0.0576162 0.0649069 0.0699341 0.0723764 0.0723551 0.0702539 0.0665401 0.0616652 0.0560227 0.0499289 0.0436245 0.0372934 0.0310873 0.0251457 0.0196103 0.0146298 0.0103482 0.00687527 0.00425086
 0.0105539 0.0166183 0.0240317 0.0324152 0.0413355 0.0502596 0.0584677 0.0651359 0.0696062 0.0716174 0.0713085 0.0690516 0.0652863 0.0604367 0.0548779 0.0489151 0.0427772 0.0366293 0.0306005 0.024812 0.0193968 0.0145035 0.0102805 0.00684377 0.00423925
 0.0114117 0.0179493 0.0259068 0.0348328 0.0441942 0.0533348 0.0614102 0.0675235 0.0710577 0.0719227 0.0704993 0.067368 0.0630693 0.0580136 0.0524941 0.0467231 0.040857 0.0350151 0.0292976 0.0238048 0.0186538 0.0139824 0.00993502 0.00662858 0.00411438
 0.0113576 0.017971 0.0261412 0.0354717 0.0454302 0.0552749 0.0639949 0.0704987 0.0740183 0.0744114 0.0721242 0.0679022 0.0625021 0.0565339 0.0504152 0.0443823 0.0385357 0.0329035 0.0274978 0.022353 0.0175422 0.0131761 0.00938343 0.00627499 0.00390346
 0.0108836 0.0172839 0.0252688 0.0345119 0.0445477 0.0546807 0.0639123 0.07111 0.0753958 0.0764546 0.0745446 0.070285 0.0644264 0.0577008 0.0507244 0.0439318 0.0375553 0.0316626 0.0262297 0.0212159 0.0166165 0.0124809 0.00889903 0.00596175 0.00371608
 0.0107094 0.0169895 0.0248086 0.0338465 0.0436661 0.0536303 0.0628228 0.0701893 0.0748862 0.0765595 0.0753528 0.0717227 0.0662586 0.0595894 0.0523269 0.0450033 0.0380115 0.0315769 0.0257765 0.0205941 0.015989 0.0119477 0.0084994 0.00569215 0.00355099
 0.0106925 0.0169414 0.0246971 0.033626 0.0432858 0.0530513 0.0620386 0.0692459 0.073892 0.0756803 0.0747831 0.0716326 0.066731 0.0605736 0.0536376 0.0463741 0.0391831 0.0323794 0.0261686 0.0206463 0.0158297 0.0117053 0.00826472 0.00550992 0.00342988
 0.0106607 0.0168949 0.0246353 0.0335477 0.0431842 0.0529081 0.0618227 0.0689213 0.0734358 0.0751051 0.0741538 0.0710654 0.0663682 0.0605365 0.0539757 0.047034 0.0400183 0.0332034 0.0268238 0.0210545 0.016001 0.0117083 0.00818337 0.00541023 0.0033476
 0.0107287 0.016995 0.0247665 0.033702 0.0433485 0.0530662 0.0619561 0.0690066 0.0734431 0.0750017 0.0739158 0.0706964 0.0659143 0.0600863 0.0536368 0.0468921 0.0400988 0.0334572 0.0271499 0.0213468 0.0161911 0.011783 0.00817189 0.00535671 0.00328827
 0.0105657 0.0167454 0.0244202 0.0332617 0.0428305 0.0525007 0.061387 0.0684885 0.0730318 0.0747394 0.0738182 0.0707487 0.066081 0.0603301 0.053937 0.0472504 0.0405266 0.0339525 0.0276807 0.0218554 0.0166179 0.0120919 0.00836128 0.00545225 0.00332518
 0.0105624 0.0167442 0.0244254 0.0332782 0.0428607 0.0525397 0.061421 0.0684972 0.0729963 0.0746508 0.0736826 0.0705844 0.0659107 0.060174 0.0538106 0.0471673 0.0405011 0.0339961 0.027793 0.0220173 0.0167949 0.0122479 0.0084736 0.00551717 0.00335348
 0.0105983 0.0167817 0.0244442 0.0332489 0.0427549 0.052346 0.0611547 0.0681985 0.0727149 0.0744265 0.0735336 0.0705091 0.0658965 0.0602072 0.0538811 0.0472692 0.0406319 0.0341546 0.0279763 0.0222166 0.0169937 0.0124257 0.00861364 0.00561294 0.0034096
 0.0105684 0.0167537 0.0244384 0.0332921 0.0428683 0.0525277 0.0613705 0.0683894 0.0728218 0.0744169 0.0734146 0.0703179 0.0656799 0.0600029 0.0537108 0.047142 0.0405499 0.0341178 0.0279825 0.0222597 0.0170625 0.012505 0.0086878 0.00567117 0.00344825
 0.0104139 0.0165307 0.0241562 0.0329808 0.0425733 0.0522998 0.0612529 0.068406 0.072967 0.0746533 0.0736822 0.0705557 0.0658484 0.0600944 0.0537439 0.0471459 0.0405507 0.0341319 0.0280169 0.0223142 0.0171314 0.012579 0.00875677 0.00572717 0.00348782
 0.010317 0.0163686 0.0239054 0.0326211 0.0420984 0.0517301 0.0606452 0.0678482 0.0725555 0.0744611 0.0737337 0.0708204 0.0662559 0.0605613 0.0542 0.0475496 0.0408896 0.0344126 0.0282525 0.0225155 0.017304 0.0127236 0.00887212 0.00581283 0.00354598
 0.0102932 0.0163257 0.0238322 0.0325028 0.0419175 0.0514709 0.0603006 0.0674284 0.0720952 0.0740199 0.0733852 0.0706309 0.0662606 0.0607511 0.0545267 0.0479457 0.0412923 0.0347798 0.0285656 0.0227728 0.017511 0.0128868 0.00899641 0.00590253 0.00360615
 0.0104354 0.0165285 0.0240845 0.0327748 0.0421674 0.0516559 0.0603862 0.0673931 0.0719316 0.0737365 0.0730102 0.0702133 0.0658635 0.0604363 0.0543354 0.0478862 0.0413416 0.0348969 0.0287095 0.0229139 0.0176341 0.0129868 0.00907379 0.00595927 0.00364508
 0.0106582 0.0168813 0.0245959 0.0334589 0.0430138 0.052618 0.0613744 0.0682825 0.07259 0.0740621 0.0729594 0.069808 0.0651794 0.059581 0.0534247 0.047022 0.0405945 0.0342994 0.0282604 0.0225919 0.0174113 0.012838 0.0089788 0.00590239 0.00361373
 0.0108207 0.017158 0.0250342 0.0341081 0.0439106 0.0537639 0.0627147 0.0696999 0.0739209 0.0751309 0.0736178 0.0699676 0.0648285 0.058785 0.0523082 0.0457386 0.0392936 0.0330999 0.0272367 0.0217739 0.0167946 0.0123977 0.0086813 0.00571325 0.00350154
 0.0105748 0.0167931 0.0245528 0.0335425 0.0433238 0.0532445 0.0623665 0.0696232 0.0741828 0.0757339 0.0744847 0.0709543 0.0657642 0.0595206 0.0527543 0.0458814 0.0391847 0.0328291 0.0268995 0.0214462 0.0165215 0.0121949 0.00854456 0.00562863 0.00345332
 0.01031 0.0163808 0.0239678 0.0327784 0.0423994 0.0522119 0.0613175 0.0686867 0.0735042 0.0754403 0.0746474 0.0715641 0.0667276 0.0606805 0.0539305 0.0469169 0.0399823 0.0333639 0.0272061 0.0215907 0.016572 0.0122032 0.0085406 0.00562489 0.00345242
 0.00998399 0.0158763 0.0232566 0.0318529 0.0412752 0.0509309 0.0599535 0.0673477 0.072325 0.0745627 0.0741945 0.0716145 0.0672944 0.0617001 0.0552687 0.0483953 0.0414202 0.0346199 0.0282039 0.02232 0.0170693 0.0125246 0.00874057 0.00574582 0.0035233
 0.00964542 0.0153637 0.0225556 0.0309747 0.0402524 0.0498096 0.0587892 0.0662055 0.0712797 0.0736954 0.0735865 0.0713394 0.0674073 0.0622221 0.0561707 0.0495907 0.0427751 0.0359809 0.0294353 0.0233335 0.0178344 0.0130589 0.0090887 0.00595889 0.00364621
 0.00936886 0.0149135 0.0218792 0.030029 0.0390197 0.0483185 0.057131 0.064529 0.0697597 0.0724879 0.0727961 0.071013 0.0675475 0.0628037 0.0571474 0.0508911 0.0442964 0.0375925 0.0309962 0.0247203 0.0189663 0.0139093 0.00967788 0.00633613 0.00386966
 0.00967291 0.0153508 0.0224291 0.0306291 0.0395744 0.0487182 0.0572741 0.0643429 0.06922 0.0716325 0.0717245 0.0698656 0.0664731 0.0619298 0.0565627 0.0506394 0.0443749 0.0379523 0.0315498 0.0253586 0.0195854 0.0144336 0.0100724 0.00660225 0.0040316
 0.0100373 0.0159368 0.0232949 0.0318128 0.0410717 0.050455 0.059087 0.0659909 0.0704373 0.0722047 0.0715512 0.0689839 0.0650376 0.060166 0.0547135 0.0489188 0.0429366 0.036876 0.0308423 0.0249684 0.0194263 0.0144124 0.0101122 0.00665392 0.00407247
 0.0098075 0.0156693 0.0230885 0.0318257 0.0414799 0.0513837 0.0605481 0.0678581 0.0724684 0.074097 0.0730095 0.0697839 0.0650748 0.0594764 0.0534579 0.0473348 0.0412767 0.0353521 0.0295917 0.0240448 0.0188123 0.0140465 0.00991746 0.00656161 0.0040333
 0.0094907 0.0152145 0.0225209 0.0312212 0.040962 0.0511081 0.0606753 0.0685134 0.0736915 0.0757977 0.0749599 0.0716646 0.0665615 0.0603316 0.0535896 0.0468063 0.0402706 0.0341074 0.0283369 0.0229485 0.0179616 0.0134534 0.00954375 0.00634771 0.00392152
#obs surv len freq
 nan nan nan nan nan nan nan nan nan nan nan nan nan nan nan nan nan nan nan nan nan nan nan nan nan
 0.00448589 0.00734784 0.0111784 0.0159952 0.0216962 0.0279717 0.0342856 0.0400163 0.0446953 0.0481583 0.0505154 0.0520104 0.0529019 0.0534137 0.0537274 0.0539819 0.0542602 0.0545527 0.0546913 0.0542832 0.0527213 0.0493536 0.0438037 0.0362841 0.0276682
 0.0046166 0.00756292 0.0115065 0.0164635 0.0223236 0.0287584 0.0352028 0.0410042 0.0456709 0.0490329 0.0512111 0.0524718 0.0531013 0.0533506 0.0534247 0.0534771 0.0535973 0.0537747 0.0538376 0.0533909 0.0518296 0.048506 0.0430453 0.0356533 0.0271861
 0.0047752 0.00782314 0.0119027 0.0170294 0.0230859 0.0297265 0.0363574 0.0422909 0.0470055 0.0503139 0.0523347 0.0533453 0.0536538 0.0535407 0.0532438 0.0529476 0.052765 0.0527 0.0525874 0.052036 0.0504457 0.0471739 0.0418452 0.0346514 0.026419
 0.00497818 0.00815078 0.0123916 0.0177127 0.0239876 0.0308528 0.0376865 0.0437689 0.0485508 0.0518298 0.0537208 0.0545057 0.0545017 0.0540054 0.0532778 0.0525341 0.0519205 0.0514727 0.051053 0.0502922 0.0486083 0.0453704 0.0402012 0.0332695 0.0253569
 0.00517697 0.00848154 0.0129032 0.0184546 0.0249992 0.0321468 0.0392331 0.0454924 0.0503431 0.0535737 0.0553092 0.0558482 0.0555228 0.0546396 0.0534696 0.0522427 0.0511287 0.0501971 0.0493507 0.048265 0.0463985 0.0431493 0.0381444 0.0315232 0.0240063
 0.00540666 0.00885567 0.0134681 0.0192551 0.0260719 0.0335077 0.0408638 0.0473317 0.0522918 0.0555097 0.0571063 0.0573916 0.0567179 0.0554146 0.0537713 0.0520317 0.0503799 0.0489073 0.0475549 0.0460513 0.0439162 0.0405977 0.0357416 0.0294588 0.0223969
 0.00564096 0.00924083 0.0140556 0.0200955 0.0272046 0.034946 0.0425793 0.0492503 0.0543054 0.0574976 0.0589528 0.0589941 0.0579873 0.0562747 0.0541595 0.051899 0.0496916 0.0476493 0.045747 0.0437672 0.0412991 0.0378572 0.033121 0.02718 0.0206041
 0.00588018 0.00963102 0.0146455 0.020932 0.0283248 0.0363639 0.0442714 0.0511491 0.0563077 0.0594826 0.0608016 0.0606017 0.0592671 0.0571573 0.0545879 0.0518249 0.0490754 0.0464662 0.0440024 0.0415196 0.0386801 0.0350731 0.0304238 0.0248087 0.0187221
 0.0061314 0.0100425 0.0152703 0.0218209 0.0295161 0.0378674 0.0460526 0.0531249 0.0583594 0.0614804 0.0626259 0.0621539 0.060471 0.0579552 0.0549357 0.0516866 0.0484196 0.0452701 0.0422658 0.039289 0.036073 0.0322854 0.027704 0.0224006 0.0167983
 0.0063677 0.0104322 0.0158672 0.0226784 0.0306769 0.0393462 0.047819 0.0550971 0.0604157 0.063483 0.0644448 0.0636817 0.0616285 0.0586893 0.0552137 0.0514872 0.0477263 0.0440707 0.0405639 0.0371263 0.0335545 0.0295907 0.0250668 0.0200557 0.0149164
 0.00661992 0.0108427 0.016486 0.0235525 0.0318417 0.0408114 0.0495538 0.057024 0.0624198 0.065432 0.0662104 0.0651541 0.0627236 0.0593512 0.0554116 0.0512087 0.0469691 0.0428386 0.0388727 0.0350213 0.031134 0.0270183 0.0225563 0.0178238 0.0131227
 0.00685387 0.0112293 0.017079 0.0244048 0.0329936 0.0422726 0.051286 0.0589368 0.0643857 0.0673133 0.0678828 0.0665189 0.0637093 0.0599114 0.0555211 0.0508592 0.0461646 0.0415924 0.0372108 0.0329957 0.0288403 0.0246066 0.0202182 0.0157527 0.0114608
 0.00706743 0.011581 0.0176166 0.025176 0.0340364 0.0436007 0.0528729 0.0607084 0.0662294 0.0690978 0.0694803 0.0678218 0.0646392 0.060421 0.0555903 0.0504883 0.0453661 0.040388 0.0356342 0.0311029 0.0267242 0.0224042 0.0180994 0.0138858 0.00996762
 0.00728744 0.0119395 0.0181577 0.0259407 0.0350545 0.0448775 0.054376 0.0623634 0.0679296 0.0707245 0.0709212 0.068983 0.0654506 0.0608376 0.0555921 0.0500764 0.044558 0.0392124 0.034132 0.0293342 0.0247787 0.0204061 0.0161975 0.0122234 0.00864587
 0.00745458 0.0122157 0.0185814 0.0265503 0.0358802 0.0459289 0.0556293 0.0637573 0.0693745 0.0721193 0.0721704 0.0700061 0.066186 0.061243 0.0556432 0.0497662 0.0438948 0.0382189 0.0328462 0.0278137 0.0231073 0.0186955 0.0145762 0.0108125 0.00752833
 0.00754005 0.0123565 0.0187976 0.0268634 0.0363113 0.0464942 0.0563341 0.0645906 0.0703064 0.0731028 0.0731449 0.0709039 0.0669393 0.0617909 0.0559378 0.049775 0.0436022 0.0376272 0.0319779 0.0267148 0.0218505 0.0173786 0.0133111 0.00970312 0.00664586
 0.00759081 0.0124348 0.0189082 0.0270094 0.0364958 0.0467226 0.0566147 0.064934 0.0707222 0.0735948 0.0737059 0.0715107 0.0675514 0.0623536 0.0563892 0.0500556 0.0436641 0.0374419 0.031541 0.0260507 0.0210138 0.0164508 0.0123883 0.00887632 0.0059793
 0.00764903 0.0125212 0.0190227 0.0271466 0.0366467 0.0468775 0.0567669 0.0650822 0.0708724 0.0737605 0.0739053 0.0717602 0.067856 0.0626997 0.056742 0.0503635 0.0438685 0.0374901 0.0313991 0.0257134 0.0205091 0.0158374 0.011744 0.00827896 0.00548707
 0.0077382 0.0126579 0.0192126 0.0273881 0.0369298 0.0471837 0.0570699 0.0653511 0.0710796 0.0738913 0.0739643 0.0717698 0.0678485 0.0627047 0.0567748 0.0504174 0.0439151 0.0374868 0.0313031 0.0254971 0.0201721 0.0154101 0.0112796 0.00783753 0.00511675
 0.00776389 0.0127006 0.0192782 0.0274821 0.0370556 0.0473399 0.0572476 0.0655346 0.071249 0.0740282 0.0740568 0.0718168 0.0678598 0.0626981 0.0567698 0.0504266 0.0439366 0.0375019 0.0312813 0.0254084 0.020001 0.0151644 0.01099 0.00754623 0.00486252
 0.00782884 0.0127955 0.0194014 0.0276257 0.0372082 0.0474913 0.0573915 0.0656681 0.0713696 0.0741309 0.0741339 0.0718599 0.0678642 0.0626661 0.0567114 0.0503561 0.0438661 0.0374345 0.0312083 0.0253133 0.0198688 0.0149918 0.0107897 0.00734286 0.00468206
 0.00785431 0.0128419 0.0194799 0.0277478 0.0373806 0.0477094 0.0576354 0.0659056 0.0715671 0.0742652 0.0741988 0.0718633 0.0678199 0.0625874 0.0566084 0.0502379 0.0437414 0.0373102 0.0310867 0.0251903 0.0197374 0.014848 0.0106374 0.00719403 0.00455146
 0.00786252 0.0128482 0.0194769 0.0277265 0.0373354 0.0476439 0.057566 0.065857 0.0715614 0.0743111 0.0742877 0.0719746 0.0679317 0.0626842 0.0566831 0.0502891 0.0437709 0.0373202 0.0310787 0.0251647 0.0196932 0.0147855 0.0105608 0.00711203 0.00447485
 0.00788313 0.0128766 0.0195099 0.0277569 0.0373527 0.047637 0.0575264 0.0657835 0.0714634 0.0742091 0.0742072 0.0719372 0.0679459 0.0627426 0.0567681 0.0503808 0.0438536 0.037385 0.0311217 0.0251849 0.0196913 0.0147636 0.0105236 0.00706662 0.00442939
 0.00789281 0.0128899 0.0195254 0.0277711 0.0373606 0.0476326 0.0575041 0.0657385 0.0713942 0.0741193 0.0741078 0.0718455 0.0678816 0.0627212 0.0567944 0.0504474 0.0439442 0.0374807 0.031207 0.0252498 0.0197318 0.0147804 0.0105208 0.00705084 0.00440795
 0.0079052 0.0129069 0.019545 0.0277895 0.0373726 0.0476334 0.0574901 0.0657083 0.071348 0.074059 0.0740368 0.0717701 0.0678112 0.0626674 0.0567683 0.0504557 0.0439857 0.0375463 0.0312824 0.0253208 0.0197878 0.0148167 0.0105379 0.00705321 0.00440163
 0.00790075 0.0128996 0.0195337 0.027773 0.0373494 0.0476022 0.0574501 0.0656598 0.071293 0.0740008 0.0739803 0.0717203 0.0677726 0.062644 0.0567638 0.0504734 0.0440269 0.0376085 0.0313584 0.0253999 0.0198592 0.0148724 0.0105751 0.00707341 0.00440948
 0.00788389 0.0128717 0.019491 0.027712 0.0372685 0.0475027 0.057338 0.0655452 0.0711879 0.0739161 0.073923 0.0716931 0.0677747 0.0626724 0.0568149 0.0505434 0.0441125 0.0377057 0.0314621 0.0255029 0.0199532 0.0149502 0.0106328 0.00711121 0.00443095
 0.00786453 0.0128371 0.0194334 0.0276226 0.0371403 0.0473346 0.0571379 0.0653309 0.0709835 0.073746 0.0738066 0.0716408 0.0677877 0.0627436 0.0569321 0.0506922 0.0442792 0.0378788 0.0316318 0.0256609 0.0200922 0.0150645 0.0107194 0.00717113 0.00446827
 0.00784193 0.0127995 0.0193751 0.0275376 0.0370232 0.0471823 0.0569522 0.0651204 0.0707637 0.0735381 0.0736339 0.0715246 0.0677423 0.0627736 0.0570313 0.0508466 0.0444702 0.0380872 0.0318404 0.025856 0.0202634 0.0152053 0.0108271 0.00724696 0.00451698
 0.00785111 0.0128085 0.0193776 0.027524 0.0369826 0.0471065 0.0568388 0.0649737 0.0705937 0.0733585 0.07346 0.0713731 0.0676296 0.0627138 0.0570329 0.0509097 0.0445864 0.0382413 0.0320141 0.026031 0.0204247 0.0153423 0.0109344 0.00732409 0.00456761
 0.00781868 0.0127619 0.0193185 0.0274569 0.0369125 0.0470354 0.056764 0.0648891 0.0704943 0.0732443 0.0733383 0.0712569 0.0675343 0.0626534 0.0570179 0.0509455 0.044672 0.0383689 0.03217 0.0261981 0.020586 0.015484 0.0110482 0.00740753 0.0046233
 0.00776946 0.0126804 0.0191939 0.0272802 0.0366808 0.0467572 0.0564622 0.0645983 0.0702505 0.073073 0.0732483 0.0712416 0.0675802 0.0627475 0.0571514 0.0511129 0.0448688 0.0385885 0.0324024 0.0264297 0.0208017 0.0156707 0.0111972 0.00751677 0.00469638
 0.00775097 0.0126452 0.0191313 0.0271768 0.0365238 0.0465394 0.0561877 0.0642852 0.0699299 0.0727828 0.0730246 0.0711099 0.0675498 0.0628114 0.0572914 0.0513076 0.0450989 0.0388386 0.0326592 0.0266804 0.0210332 0.015871 0.0113582 0.00763584 0.00477683
 0.00934407 0.0148758 0.0218245 0.0299473 0.0388871 0.0480896 0.0567386 0.063899 0.0688378 0.071269 0.0713392 0.0694352 0.0660015 0.0614535 0.0561495 0.0503802 0.0443683 0.0382798 0.0322462 0.0263885 0.0208387 0.0157509 0.0112908 0.00760238 0.00476269
 0.0093449 0.0151696 0.0227817 0.0320258 0.0424322 0.0530646 0.0625538 0.0695064 0.0731013 0.0734104 0.0711949 0.0674007 0.0627595 0.0576836 0.0523591 0.0468722 0.0412864 0.03567 0.0301034 0.0246834 0.01953 0.0147892 0.0106202 0.00716265 0.00449408
 0.00898494 0.0146076 0.0220009 0.0310824 0.0415078 0.0524987 0.0628019 0.0709772 0.075912 0.0772047 0.0751883 0.0706757 0.0646473 0.0579951 0.051356 0.0450522 0.0391489 0.0335796 0.0282641 0.0231759 0.0183614 0.0139292 0.0100214 0.006771 0.0042554
 0.00880569 0.0143048 0.0215251 0.0303849 0.0405598 0.0513266 0.0615292 0.0698513 0.0752797 0.0774152 0.0764358 0.0728563 0.0673299 0.0605622 0.0532512 0.0459917 0.0391766 0.0329656 0.0273411 0.0222143 0.0175223 0.0132768 0.00955742 0.00646616 0.00407024
 0.00873007 0.0141735 0.0213111 0.0300556 0.0400813 0.0506737 0.0607005 0.0688869 0.0742791 0.076547 0.0759221 0.0729165 0.0680846 0.0619431 0.0549826 0.0476795 0.0404673 0.0336799 0.0275071 0.0220008 0.0171332 0.0128714 0.00922311 0.00622913 0.00392095
 0.00869798 0.01412 0.0212275 0.0299306 0.0399013 0.0504226 0.0603623 0.06845 0.0737449 0.075942 0.0753125 0.0724142 0.0678324 0.0620686 0.0555333 0.0485749 0.0415084 0.0346254 0.0281739 0.0223278 0.0171762 0.0127461 0.00904154 0.00606403 0.00380161
 0.0086974 0.0141175 0.0212203 0.0299148 0.0398709 0.0503703 0.0602786 0.0683235 0.0735631 0.0756943 0.0749982 0.0720535 0.0674765 0.0617991 0.0554418 0.0487237 0.0418908 0.0351536 0.0287114 0.0227494 0.0174188 0.0128205 0.00900579 0.00598367 0.00372263
 0.0086782 0.0140869 0.0211755 0.0298537 0.0397928 0.0502761 0.0601715 0.0682081 0.0734433 0.0755708 0.0748674 0.0719104 0.0673221 0.0616491 0.0553315 0.0487007 0.0419939 0.0353873 0.0290335 0.0230851 0.0176944 0.0129953 0.00908177 0.00599151 0.00369899
 0.00868191 0.0140914 0.0211796 0.0298549 0.039788 0.0502623 0.0601462 0.06817 0.0733922 0.0755072 0.074792 0.0718232 0.0672232 0.0615415 0.0552255 0.0486168 0.0419596 0.035425 0.0291464 0.0232498 0.0178693 0.0131399 0.00917427 0.00603333 0.00370647
 0.00866119 0.0140631 0.0211466 0.0298232 0.0397641 0.0502504 0.0601461 0.0681766 0.0733981 0.0755054 0.074778 0.0717956 0.0671824 0.0614897 0.0551669 0.0485597 0.0419172 0.035413 0.0291759 0.0233201 0.017965 0.0132373 0.00925238 0.00608258 0.00372946
 0.00866177 0.0140603 0.0211359 0.0297991 0.0397226 0.0501926 0.06008 0.0681154 0.0733547 0.0754869 0.0747823 0.0718134 0.0672025 0.061503 0.0551693 0.0485527 0.0419069 0.0354092 0.0291884 0.0233542 0.018018 0.0132991 0.00930977 0.00612592 0.00375589
 0.00864857 0.0140435 0.021119 0.0297872 0.0397203 0.0502004 0.0600928 0.0681248 0.0733531 0.0754726 0.0747602 0.0717917 0.067187 0.0614946 0.0551646 0.0485472 0.0418991 0.0354014 0.029186 0.0233625 0.0180391 0.0133297 0.00934316 0.00615508 0.00377669
 0.00862035 0.0139985 0.0210533 0.0296989 0.0396114 0.0500785 0.0599715 0.0680211 0.0732823 0.0754422 0.0747685 0.0718304 0.0672462 0.0615662 0.0552425 0.0486262 0.0419743 0.0354695 0.0292463 0.0234164 0.0180885 0.0133753 0.00938351 0.00618781 0.00380027
 0.00862475 0.0140021 0.021052 0.0296868 0.0395819 0.0500269 0.0598979 0.0679315 0.0731879 0.0753572 0.0747059 0.0717985 0.0672465 0.0615941 0.05529 0.0486846 0.0420365 0.0355302 0.0293024 0.0234666 0.0181328 0.0134138 0.00941608 0.00621378 0.00381923
 0.00862163 0.0139986 0.0210496 0.0296871 0.0395853 0.0500314 0.0598981 0.0679198 0.0731582 0.0753081 0.0746431 0.0717332 0.0671919 0.0615603 0.0552813 0.0486992 0.0420685 0.0355721 0.0293475 0.0235103 0.0181723 0.0134478 0.00944407 0.00623555 0.00383495
 0.00862163 0.0139986 0.0210496 0.0296871 0.0395853 0.0500314 0.0598981 0.0679198 0.0731582 0.0753081 0.0746431 0.0717332 0.0671919 0.0615603 0.0552813 0.0486992 0.0420685 0.0355721 0.0293475 0.0235103 0.0181723 0.0134478 0.00944407 0.00623555 0.00383495
 0.00881118 0.0142968 0.0214783 0.0302564 0.0402876 0.050834 0.0607375 0.0687058 0.0737904 0.0757011 0.0747489 0.0715507 0.0667627 0.0609545 0.0545797 0.0479771 0.0413842 0.0349634 0.0288332 0.0230954 0.0178526 0.0132135 0.00928204 0.00613075 0.00377213
 0.0088993 0.0144577 0.0217521 0.0306884 0.0409144 0.0516619 0.0617248 0.0697598 0.0747857 0.0765101 0.0752703 0.0717274 0.0665877 0.0604674 0.053856 0.0471113 0.0404722 0.0340867 0.0280498 0.0224379 0.017332 0.0128247 0.00900876 0.00595122 0.00366269
 0.00873524 0.0142036 0.0213961 0.0302356 0.0403945 0.0511357 0.0612837 0.0695095 0.0748129 0.0768461 0.0758711 0.072485 0.0673647 0.0611386 0.0543383 0.047376 0.0405386 0.0340057 0.0278834 0.0222419 0.0171465 0.0126716 0.00889534 0.0058748 0.00361569
 0.00863563 0.0140242 0.0210954 0.0297683 0.0397277 0.0502731 0.0602861 0.0684978 0.0739456 0.0762779 0.07571 0.0727614 0.0680233 0.0620547 0.0553535 0.0483414 0.0413492 0.0346144 0.0282949 0.0224935 0.0172862 0.0127428 0.00892933 0.00589057 0.00362315
 0.00847965 0.0137716 0.0207166 0.0292358 0.0390203 0.0493851 0.0592393 0.067352 0.0728012 0.0752669 0.0749755 0.0724268 0.0681589 0.0626523 0.0563234 0.0495339 0.0425949 0.0357671 0.0292603 0.023236 0.017817 0.0130993 0.00915618 0.00602789 0.00370211
 0.00854229 0.0138516 0.0207961 0.0292822 0.0389924 0.049243 0.0589542 0.0669125 0.0722164 0.07457 0.0742274 0.0717174 0.0675961 0.0623382 0.0563222 0.0498472 0.0431574 0.0364672 0.0299764 0.0238714 0.0183188 0.0134578 0.00939065 0.00616953 0.00378168
 0.00843208 0.0136887 0.0205801 0.0290214 0.0386984 0.0489233 0.0586086 0.0665353 0.0718039 0.0741285 0.073778 0.0712958 0.0672506 0.0621248 0.056295 0.0500424 0.0435756 0.0370641 0.0306699 0.0245655 0.0189319 0.0139422 0.00973614 0.00639345 0.00391418
 0.00858533 0.0139229 0.0209046 0.0294334 0.0391828 0.0494518 0.0591383 0.0670081 0.0721511 0.0742831 0.0736916 0.0709546 0.0666848 0.0614071 0.0555275 0.0493348 0.0430199 0.0367126 0.0305253 0.0245859 0.0190511 0.0140943 0.00987424 0.00649588 0.00397917
 0.00889471 0.0144352 0.0216892 0.030551 0.0406602 0.051249 0.0611233 0.0689635 0.0738218 0.0754442 0.074202 0.0707768 0.0658736 0.0600863 0.0538647 0.0475176 0.0412303 0.0351016 0.0291919 0.0235687 0.0183336 0.0136237 0.00958484 0.00632712 0.00388502
 0.00909327 0.0147773 0.0222396 0.0313814 0.0418322 0.0527857 0.0629799 0.0710123 0.0758633 0.0772409 0.0755254 0.0714532 0.0658193 0.0593217 0.0525051 0.0457444 0.0392548 0.0331292 0.0273922 0.0220551 0.0171557 0.0127736 0.00901475 0.00597134 0.00367823
 0.00916794 0.0149105 0.0224633 0.031736 0.0423623 0.05353 0.0639575 0.0722098 0.0772258 0.0786681 0.0768767 0.0725639 0.0665307 0.0595172 0.0521415 0.0448652 0.0379816 0.0316329 0.0258558 0.020637 0.0159641 0.0118568 0.00836711 0.0055509 0.00342737
#pred catch len freq
 0.00469513 0.0074247 0.01082 0.0147905 0.0192743 0.0242173 0.0295005 0.0349074 0.0401679 0.0450305 0.049305 0.0528759 0.0557034 0.0578078 0.0592351 0.0600182 0.0601554 0.0596056 0.0582788 0.0560112 0.0525568 0.0476562 0.0412135 0.033504 0.0252449
 0.00494606 0.00773337 0.0111055 0.0149282 0.019144 0.0237717 0.0288104 0.0341446 0.0395268 0.0446331 0.0491479 0.052847 0.0556529 0.0576309 0.0589263 0.0596769 0.0599423 0.0596676 0.058675 0.0566781 0.0533323 0.0483525 0.0416976 0.0337414 0.0252873
 0.00534646 0.00834472 0.0119448 0.0159665 0.0202931 0.0248794 0.0296773 0.0345759 0.0394133 0.0440151 0.048209 0.0518268 0.054731 0.0568628 0.0582671 0.0590635 0.0593679 0.0591959 0.0583937 0.0566293 0.0534733 0.0485731 0.0418797 0.0338162 0.025254
 0.00569023 0.00889075 0.0127432 0.0170559 0.0216931 0.0265738 0.031589 0.036545 0.0411999 0.0453447 0.0488558 0.0517 0.0539126 0.0555651 0.0567339 0.0574816 0.0578406 0.0577767 0.0571263 0.055556 0.0526126 0.0479029 0.0413491 0.0333771 0.0248841
 0.0060125 0.00939572 0.0134703 0.0180359 0.0229509 0.0281295 0.0334475 0.0386748 0.0435066 0.0476517 0.0509083 0.0532081 0.0546298 0.0553731 0.0556855 0.0557729 0.0557318 0.0555103 0.0548862 0.0534661 0.0507511 0.0463118 0.040041 0.0323435 0.024105
 0.00635323 0.00992383 0.0142186 0.0190223 0.0241823 0.0296067 0.0351649 0.0406146 0.0456291 0.0498835 0.0531275 0.0552325 0.0562251 0.056293 0.0557406 0.0548992 0.0540188 0.053173 0.0521977 0.0506906 0.0481029 0.0439441 0.0380481 0.0307673 0.0229405
 0.00668135 0.0104361 0.0149511 0.0199974 0.0254093 0.0310821 0.0368691 0.0425078 0.0476521 0.0519631 0.0551789 0.0571545 0.0578883 0.057533 0.0563705 0.0547497 0.0529975 0.0513126 0.0496652 0.0477502 0.0450541 0.0410608 0.0355375 0.0287498 0.0214478
 0.00698616 0.0109129 0.0156349 0.0209118 0.0265672 0.032485 0.0385028 0.0443349 0.0496097 0.0539667 0.0571323 0.0589581 0.0594431 0.0587357 0.0571044 0.0548844 0.0524107 0.0499355 0.047532 0.0450223 0.042 0.0379971 0.0327551 0.026453 0.0197242
 0.00739373 0.0115317 0.0164862 0.0219908 0.0278514 0.0339475 0.0401171 0.0460705 0.0514231 0.0557956 0.0588964 0.0605664 0.0608034 0.0597604 0.0577095 0.0549831 0.0519127 0.0487647 0.0456661 0.042537 0.0390896 0.0349494 0.0298835 0.0240137 0.0178566
