SBPRF35
7.78865
Curr Bio
512355
B35
674165
F35
0.211515
FOFL
0.149498
OFL
57921.6
Bzero
2.22533e+06
#pred survey bio
 4.86481e+06 4.60597e+06 4.34915e+06 4.03086e+06 3.69209e+06 3.33425e+06 2.96428e+06 2.61594e+06 2.30105e+06 2.04139e+06 1.78718e+06 1.56193e+06 1.40327e+06 1.23335e+06 1.08593e+06 960913 868404 803743 746360 707428 683966 660680 630496 620690 619783 618649 609774 603487 603031 603246 615125 608571 607113 600039 604401 585398 570234 564339 569046 557241 564505 569590 573468 579807 588139 594404 593121 597100 607109 599249 593822 571208 565554 569750 593303 598869 585984 550858 523789 500024 517915 529317 534654 540126 539611 516945 1.71687e+07 1.017e+07 1.03823e+07 1.11639e+07 1.22457e+07 1.33701e+07 1.43846e+07 1.52258e+07 1.58862e+07 1.6386e+07 1.67553e+07 1.70239e+07 1.72175e+07 1.73565e+07 1.74562e+07 1.75279e+07 1.75796e+07 1.76172e+07 1.76447e+07 1.76648e+07 1.76797e+07 1.76909e+07 1.76992e+07 1.77054e+07 1.77102e+07 1.77138e+07 1.77165e+07 1.77186e+07 1.77201e+07 1.77214e+07 1.77223e+07 1.7723e+07 1.77236e+07 1.7724e+07 1.77243e+07 1.77246e+07 1.77248e+07 1.77249e+07 1.7725e+07 1.77251e+07 1.77252e+07 1.77253e+07 1.77253e+07 1.77253e+07 1.77254e+07 1.77254e+07 1.77254e+07 1.77254e+07 1.77254e+07 1.77254e+07 1.77254e+07 1.77254e+07 1.77254e+07 1.77254e+07 1.77254e+07 1.77254e+07 1.77254e+07 1.77254e+07 1.77254e+07 1.77254e+07 1.77254e+07 1.77254e+07 1.77254e+07 1.77254e+07 1.77254e+07 1.77254e+07 1.77254e+07 1.77254e+07 1.77254e+07 1.77254e+07 1.77254e+07 1.77254e+07 1.77254e+07 1.77254e+07 1.77254e+07 1.77254e+07 1.77254e+07 1.77254e+07 1.77254e+07 1.77254e+07 1.77254e+07 1.77254e+07 1.77254e+07 1.77254e+07 1.77254e+07 1.77254e+07 1.77254e+07 1.77254e+07 1.77254e+07 1.77254e+07 1.77254e+07 1.77254e+07 1.77254e+07 1.77254e+07 1.77254e+07 1.77254e+07 1.77254e+07 1.77254e+07 1.77254e+07 1.77254e+07 0 0 0 0 0 0 0 0 0 0 0 0 0 0 0 0 0 0 0 0 0 0 0 0 0
#obs survey bio
 3.2008e+06 4.4728e+06 4.288e+06 2.7505e+06 3.93964e+06 2.65786e+06 2.06979e+06 2.40636e+06 1.93906e+06 1.50197e+06 1.68714e+06 952076 1.63642e+06 494635 1.13624e+06 949219 707768 607182 507708 636097 837490 734185 451211 668344 524211 481689 673177 418321 511231 539606 431641 601875 573340 537998 691125 608529 585112 684394 703575 477396 562874 540215 777420 505777 565125 553690 840265 351604 549414 664220 567168 503394 519705 472663 603168 779037 641011 819215 331937 491064 420911 442280 464860 501362 446176 690890
#pred catch bio
 85913.4 87077.4 156452 198433 245184 289660 304505 306401 284756 303252 295901 250536 268833 252825 232961 202421 175623 165632 145783 129039 125845 129165 110740 103175 103228 108769 105448 100258 99687.8 90124.8 104867 97937.2 98918.1 85094.3 100087 94138.6 88529.3 83726.2 99563.2 83911.7 86197 87007.7 84811.9 83632.7 86129.6 92902.1 89115 85285 100410 97583.7 111727 97981 90581.5 74586.6 88620.8 101712 117982 109751 106592 72442.7 78636.7 82774.2 81195.7 84639.1 100293 98196.2 57921.6 78321.5 78578.7 83215.9 90880.4 99105.7 106477 112463 117026 120351 122698 124313 125403 126129 126607 126918 127120 127249 127332 127385 127419 127440 127453 127462 127467 127471 127473 127474 127475 127476 127476 127476 127476 127476 127476 127476 127476 127476 127476 127476 127476 127476 127476 127476 127476 127476 127476 127476 127476 127476 127476 127476 127476 127476 127476 127476 127476 127476 127476 127476 127476 127476 127476 127476 127476 127476 127476 127476 127476 127476 127476 127476 127476 127476 127476 127476 127476 127476 127476 127476 127476 127476 127476 127476 127476 127476 127476 127476 127476 127476 127476 127476 127476 127476 127476 127476 127476 127476 127476 127476 0 0 0 0 0 0 0 0 0 0 0 0 0 0 0 0 0 0 0 0 0 0 0 0 0
#obs catch bio
 0 86774.2 157155 199596 247316 292825 309516 312435 290612 311258 304919 258620 277503 263820 241494 208229 180301 169576 149320 131427 127534 131093 112918 104756 105192 110847 106969 101990 101702 91443.7 107357 100017 100679 85979.4 101268 94748.7 88883.2 83901.1 100038 83983.9 86460.3 87286.2 84750.9 83765.2 86252.5 93183.9 89051.2 85736.5 101069 97499.9 112375 98517.3 91409.1 74836.6 89019.4 101688 117883 109306 107259 72289.5 78933.3 83067.3 81390.5 84513.7 100541 98227.2
#pred cpue bio
 4.7927e+06 4.53885e+06 4.28612e+06 3.96973e+06 3.63234e+06 3.27631e+06 2.90822e+06 2.56157e+06 2.24835e+06 1.99002e+06 1.73755e+06 1.51413e+06 1.35686e+06 1.18921e+06 1.04418e+06 921860 831609 768720 713187 675757 653443 631092 601636 591927 591071 590106 581684 575651 575130 575362 587038 581000 580293 574328 579558 561904 546771 539528 543090 531635 538940 544094 548054 554293 562310 568296 566970 570647 580236 572731 567503 545127 539089 543227 566773 572940 560682 526214 499311 475796 493230 504876 510587 516306 516087 494459 1.64385e+07 9.74579e+06 9.83469e+06 1.04736e+07 1.1505e+07 1.26175e+07 1.36297e+07 1.44704e+07 1.51307e+07 1.56305e+07 1.59998e+07 1.62684e+07 1.6462e+07 1.6601e+07 1.67007e+07 1.67724e+07 1.68242e+07 1.68617e+07 1.68892e+07 1.69093e+07 1.69243e+07 1.69354e+07 1.69437e+07 1.695e+07 1.69547e+07 1.69583e+07 1.6961e+07 1.69631e+07 1.69647e+07 1.69659e+07 1.69668e+07 1.69675e+07 1.69681e+07 1.69685e+07 1.69688e+07 1.69691e+07 1.69693e+07 1.69695e+07 1.69696e+07 1.69697e+07 1.69697e+07 1.69698e+07 1.69698e+07 1.69699e+07 1.69699e+07 1.69699e+07 1.69699e+07 1.69699e+07 1.69699e+07 1.69699e+07 1.697e+07 1.697e+07 1.697e+07 1.697e+07 1.697e+07 1.697e+07 1.697e+07 1.697e+07 1.697e+07 1.697e+07 1.697e+07 1.697e+07 1.697e+07 1.697e+07 1.697e+07 1.697e+07 1.697e+07 1.697e+07 1.697e+07 1.697e+07 1.697e+07 1.697e+07 1.697e+07 1.697e+07 1.697e+07 1.697e+07 1.697e+07 1.697e+07 1.697e+07 1.697e+07 1.697e+07 1.697e+07 1.697e+07 1.697e+07 1.697e+07 1.697e+07 1.697e+07 1.697e+07 1.697e+07 1.697e+07 1.697e+07 1.697e+07 1.697e+07 1.697e+07 1.697e+07 1.697e+07 1.697e+07 1.697e+07 1.697e+07 1.697e+07 0 0 0 0 0 0 0 0 0 0 0 0 0 0 0 0 0 0 0 0 0 0 0 0 0
#obs cpue bio
 3.27302e+06 3.59951e+06 3.72863e+06 2.30642e+06 2.66968e+06 4.10595e+06 1.97938e+06 1.97794e+06 1.6739e+06 1.9557e+06 1.15418e+06 971642 1.36872e+06 940405 937233 836108 665652 903927 622179 674740 604047 487245 352732 534630 406194 663216 539846 471693 438879 527590 503173 392825 716665 591434 631386 618968 592184 420524 499084 570216 494760 548606 538665 495770 577649 578690 502055 460225 746168 712063 449058 479582 424331 627855 661394 624986 598886 400671 490595 525725 484587 610039 568504 732440 560276 407101
#pred surv len freq
 0.00503932 0.00816743 0.0122656 0.0173063 0.0231653 0.0295446 0.0359414 0.0417653 0.0465589 0.0501503 0.0526357 0.0542505 0.0552471 0.0558258 0.0561048 0.0561103 0.0557887 0.0550298 0.0536797 0.0515317 0.0483225 0.0437948 0.0378548 0.0307569 0.0231622
 0.00527932 0.00845102 0.012501 0.0173569 0.0229044 0.0289317 0.0350713 0.0408458 0.0458177 0.0497254 0.0525161 0.0543002 0.0552897 0.0557377 0.0558721 0.0558312 0.0556249 0.0551301 0.0541083 0.0522329 0.0491432 0.0445529 0.0384159 0.0310778 0.0232827
 0.0055938 0.00895083 0.0132238 0.0183087 0.0240346 0.0301111 0.0360958 0.0414894 0.045927 0.0493016 0.0517205 0.0533666 0.0544027 0.0549617 0.0551715 0.0551512 0.0549656 0.054562 0.0537253 0.0520851 0.0491974 0.0447078 0.0385582 0.0311369 0.023251
 0.00583136 0.0093472 0.0138393 0.0192058 0.0252629 0.0316805 0.0379438 0.0434586 0.0477742 0.0507481 0.0525346 0.0534454 0.0538057 0.0538714 0.0538033 0.0536744 0.0534815 0.0531337 0.0524129 0.0509483 0.0482708 0.0439816 0.0379891 0.0306784 0.0228771
 0.00606812 0.00972505 0.0143966 0.0199786 0.0262841 0.032976 0.0395208 0.0452885 0.0497733 0.0527648 0.0543534 0.0548199 0.0545219 0.0538176 0.0530083 0.0522883 0.0517133 0.0511867 0.0504513 0.049094 0.0466088 0.0425624 0.0368296 0.0297703 0.0221983
 0.00639974 0.0102421 0.0151341 0.0209557 0.0275039 0.0344253 0.0411683 0.0470841 0.0516521 0.0546503 0.056152 0.0564075 0.055738 0.0544845 0.0529795 0.0515043 0.050232 0.0491694 0.0481157 0.0466621 0.0442714 0.0404633 0.0350609 0.0283739 0.02117
 0.00675398 0.0108098 0.0159724 0.0221102 0.0289981 0.0362453 0.0432494 0.0493109 0.0538807 0.056742 0.0579989 0.0579343 0.0568821 0.055172 0.053115 0.0509901 0.0490103 0.0472668 0.0456609 0.0438679 0.0413907 0.0377385 0.0326841 0.0264612 0.0197544
 0.00710877 0.0113751 0.0168025 0.0232495 0.0304748 0.0380615 0.0453658 0.0516383 0.0562849 0.0590642 0.0600822 0.0596476 0.0581323 0.0559002 0.0532801 0.0505506 0.0479249 0.0455192 0.0433 0.0410351 0.0383154 0.0346969 0.0299372 0.0241972 0.0180557
 0.00749378 0.0119817 0.0176798 0.0244313 0.0319762 0.0398722 0.0474415 0.0538958 0.0586087 0.0613221 0.062141 0.061384 0.0594407 0.056698 0.0535098 0.050175 0.0469205 0.0438796 0.0410558 0.0382858 0.0352486 0.0315736 0.0270387 0.021754 0.0161918
 0.00781845 0.0125011 0.0184456 0.0254857 0.033344 0.0415491 0.0493818 0.0560098 0.0607753 0.0634123 0.0640379 0.0629904 0.0606766 0.0574958 0.0538114 0.0499322 0.0460977 0.0424601 0.039058 0.0357864 0.0324036 0.0286153 0.0242367 0.0193477 0.0143271
 0.00816811 0.0130605 0.0192706 0.026622 0.0348184 0.0433562 0.0514696 0.0582736 0.0630707 0.0655816 0.065938 0.0645107 0.0617445 0.0580722 0.0538786 0.0494816 0.0451218 0.0409557 0.037042 0.0333213 0.0296212 0.0257213 0.02148 0.0169603 0.0124595
 0.00846884 0.0135472 0.0199989 0.027642 0.0361655 0.0450358 0.0534403 0.0604411 0.0652979 0.0677125 0.0678227 0.0660243 0.0627975 0.0586135 0.0538918 0.0489742 0.0441124 0.0394671 0.0351068 0.0310014 0.0270315 0.0230385 0.0189223 0.0147362 0.0107097
 0.0086811 0.0138802 0.0204789 0.028289 0.0369942 0.0460558 0.0546517 0.0618262 0.0668144 0.0692904 0.0693677 0.0674271 0.0639479 0.0594156 0.0542756 0.0488997 0.0435674 0.0384622 0.0336739 0.029202 0.0249692 0.0208657 0.0168246 0.0128931 0.00924627
 0.00888428 0.0142251 0.0210234 0.0290921 0.0380986 0.0474631 0.0563028 0.0636033 0.0685697 0.0708868 0.0707071 0.0684543 0.0646365 0.0597512 0.0542463 0.0484959 0.0427859 0.037312 0.0321829 0.0274255 0.0229997 0.0188357 0.0148924 0.0112097 0.00791548
 0.00898525 0.0144035 0.0213195 0.0295554 0.0387806 0.0484032 0.0575093 0.0650388 0.0701467 0.0724769 0.0721639 0.0696441 0.0654655 0.0601772 0.0542709 0.0481448 0.0420907 0.036303 0.0308941 0.0259066 0.0213287 0.0171229 0.0132685 0.00979852 0.00680124
 0.00922298 0.0147572 0.0217923 0.0301328 0.0394402 0.0491285 0.0582982 0.0658991 0.0710815 0.0734681 0.0731612 0.0705668 0.0662172 0.0606689 0.054442 0.047973 0.0415877 0.0355021 0.0298406 0.0246568 0.0199557 0.0157202 0.0119428 0.00864913 0.00589506
 0.00934925 0.0149659 0.0221112 0.0305854 0.040036 0.0498511 0.059099 0.066706 0.0718239 0.0741038 0.0736864 0.0710009 0.0665749 0.0609386 0.054584 0.0479356 0.0413291 0.0350055 0.0291184 0.023749 0.0189254 0.0146491 0.0109212 0.00775903 0.00519125
 0.00938313 0.0150198 0.022191 0.0306988 0.0401939 0.0500686 0.0593916 0.0670819 0.0722745 0.0745996 0.0741835 0.0714568 0.066962 0.0612458 0.0548052 0.0480562 0.0413217 0.0348393 0.0287749 0.023235 0.0182781 0.0139309 0.0102078 0.0071214 0.00467886
 0.00942791 0.015091 0.0222951 0.0308403 0.0403745 0.050286 0.0596394 0.0673509 0.0725559 0.0748864 0.0744692 0.0717311 0.0672091 0.0614469 0.0549439 0.0481202 0.0412998 0.0347183 0.0285421 0.0228868 0.0178299 0.0134207 0.00968926 0.00664996 0.00429538
 0.00946012 0.0151311 0.0223333 0.0308612 0.0403632 0.0502365 0.0595612 0.0672682 0.0725001 0.0748858 0.0745411 0.0718786 0.0674217 0.0617028 0.0552132 0.0483693 0.0414968 0.0348361 0.0285611 0.0227983 0.0176405 0.013155 0.00938665 0.00635459 0.0040436
 0.00956591 0.0152728 0.0224903 0.0309949 0.0404271 0.0501927 0.0593957 0.0669976 0.0721677 0.074551 0.0742656 0.0717127 0.0673932 0.0618116 0.0554337 0.0486583 0.0418035 0.0351119 0.0287672 0.0229104 0.0176525 0.0130797 0.00925227 0.00619682 0.00389492
 0.00976756 0.0155752 0.0228965 0.0314865 0.0409638 0.0507156 0.0598332 0.0672772 0.0722345 0.0743884 0.0739057 0.071229 0.0668772 0.0613468 0.0550752 0.0484252 0.0416824 0.0350679 0.0287571 0.0228954 0.0176072 0.0129965 0.00913998 0.00607412 0.00378176
 0.00991918 0.0158276 0.0232856 0.0320445 0.041706 0.0516225 0.0608355 0.0682575 0.0730514 0.074914 0.0740612 0.0710035 0.0663271 0.0605766 0.0542091 0.0475766 0.0409314 0.0344519 0.028276 0.0225257 0.0173178 0.0127617 0.0089451 0.00591455 0.00365778
 0.00991592 0.0158198 0.023271 0.0320244 0.0416912 0.0516385 0.0609215 0.0684542 0.0733781 0.0753484 0.0745347 0.07142 0.0665969 0.0606486 0.0540858 0.0473072 0.0405886 0.0341053 0.0279724 0.0222832 0.0171325 0.0126194 0.00883227 0.00582363 0.00358642
 0.00985954 0.0157316 0.0231448 0.0318574 0.041485 0.0514019 0.0606745 0.0682303 0.0732233 0.0753109 0.0746479 0.0716842 0.0669701 0.0610564 0.0544463 0.0475612 0.0407169 0.0341272 0.0279277 0.0222117 0.0170603 0.0125571 0.00878085 0.00578105 0.00355168
 0.00977109 0.0156007 0.0229718 0.0316505 0.0412581 0.0511697 0.0604499 0.0680252 0.073051 0.0751896 0.0746005 0.0717335 0.0671293 0.0613173 0.0547749 0.0479038 0.041019 0.0343518 0.0280657 0.0222773 0.0170782 0.0125502 0.0087641 0.00576231 0.00353446
 0.00986137 0.0157239 0.023114 0.0317849 0.0413535 0.051203 0.0604159 0.0679363 0.0729287 0.075054 0.0744662 0.0716116 0.0670324 0.0612601 0.0547682 0.0479467 0.0410946 0.0344332 0.0281276 0.0223063 0.0170756 0.0125267 0.00873263 0.00573223 0.00351042
 0.00996178 0.0158765 0.0233225 0.0320427 0.0416415 0.0514898 0.06066 0.0680943 0.0729687 0.0749687 0.074276 0.0713571 0.066759 0.0610057 0.0545578 0.0477923 0.0409963 0.0343805 0.0281027 0.022291 0.0170574 0.0125017 0.0087037 0.00570453 0.0034879
 0.00989324 0.0157871 0.0232284 0.0319722 0.0416264 0.0515518 0.0607993 0.0682866 0.0731725 0.0751384 0.0743767 0.0713741 0.0667003 0.0608971 0.0544324 0.0476795 0.0409144 0.0343347 0.0280874 0.0222939 0.0170658 0.0125069 0.00870252 0.00569837 0.00347988
 0.00988872 0.0157683 0.0231806 0.0318784 0.0414766 0.0513548 0.0605889 0.0681145 0.073088 0.0751656 0.0745027 0.0715561 0.0668863 0.061047 0.0545297 0.04773 0.0409367 0.0343484 0.0281048 0.0223181 0.0170931 0.0125313 0.00871992 0.00570801 0.00348353
 0.00963777 0.0154023 0.0227072 0.03133 0.0409001 0.050795 0.0600786 0.0676778 0.0727508 0.074962 0.0744688 0.0717129 0.0672235 0.0615197 0.0550717 0.0482756 0.0414382 0.034782 0.0284653 0.0226098 0.0173223 0.0127041 0.00884282 0.00578908 0.00353249
 0.00936221 0.0149995 0.0221856 0.0307294 0.0402831 0.0502314 0.0596296 0.0673848 0.0726286 0.0749978 0.0746299 0.0719617 0.067532 0.0618726 0.0554587 0.0486812 0.0418391 0.0351528 0.0287872 0.022874 0.017529 0.0128585 0.00895226 0.00586179 0.00357714
 0.00914654 0.0146469 0.0216542 0.029987 0.0393235 0.049095 0.0584171 0.066248 0.0717326 0.0744701 0.0745226 0.0722468 0.0681243 0.0626655 0.0563529 0.0495988 0.0427239 0.0359648 0.0294982 0.023467 0.0179987 0.0132106 0.00920087 0.00602616 0.00367809
 0.00894891 0.0143453 0.0212359 0.0294498 0.0386716 0.0483354 0.0575628 0.06533 0.0708133 0.0736465 0.0739111 0.07195 0.0681962 0.063093 0.057063 0.050486 0.0436804 0.0369016 0.030352 0.0241991 0.018591 0.0136619 0.00952342 0.00624108 0.00381075
 0.00877248 0.0140499 0.0207771 0.0287856 0.0377768 0.0472208 0.0562902 0.0640083 0.0695738 0.0726102 0.0731689 0.0715605 0.0681919 0.0634794 0.0578099 0.0515209 0.0448961 0.0381763 0.031574 0.0252843 0.0194898 0.0143578 0.0100262 0.00657871 0.00402032
 0.00956837 0.0151697 0.0221385 0.0301985 0.0389909 0.0480064 0.0565073 0.063633 0.0686825 0.071345 0.0717019 0.0700657 0.0668229 0.062355 0.0570071 0.0510706 0.0447819 0.0383386 0.0319239 0.0257241 0.0199343 0.0147477 0.0103316 0.00679505 0.00415946
 0.0103498 0.0163877 0.0238648 0.0324395 0.0416583 0.0508896 0.0592673 0.0658502 0.0699695 0.0714777 0.0706961 0.068155 0.0643615 0.0597073 0.0544714 0.0488502 0.0429863 0.0369977 0.0310056 0.0251551 0.0196222 0.0146024 0.0102802 0.00678752 0.00416704
 0.0102108 0.0162853 0.023938 0.0328914 0.0426991 0.0526446 0.0616922 0.0687003 0.0728419 0.0739095 0.0722823 0.0686511 0.0637415 0.0581557 0.0523146 0.0464549 0.0406705 0.0349796 0.0293939 0.0239661 0.0188093 0.0140868 0.00997661 0.00662144 0.00408255
 0.00978635 0.0156476 0.0230838 0.0318741 0.0416419 0.0517437 0.0611987 0.0688646 0.0738194 0.075666 0.0745576 0.0710181 0.0657413 0.0594445 0.0527573 0.0461339 0.0398197 0.0338854 0.0283059 0.0230468 0.0181265 0.0136346 0.0097083 0.00647892 0.00401507
 0.00981304 0.0156532 0.0230237 0.0316873 0.0412728 0.0511766 0.0604903 0.0681552 0.0733105 0.0755652 0.0750049 0.0720178 0.0671327 0.0609361 0.054021 0.0469197 0.0400348 0.0336026 0.0277075 0.0223401 0.0174746 0.013126 0.00936192 0.00626999 0.00390265
 0.00972912 0.0155215 0.0228325 0.0314242 0.0409216 0.0507165 0.0599033 0.0674443 0.0725234 0.0748112 0.0744463 0.0718283 0.0674296 0.0617191 0.0551503 0.0481547 0.0411205 0.0343609 0.0280872 0.0224061 0.0173526 0.0129391 0.00919231 0.00615116 0.00383419
 0.00966013 0.0154161 0.0226863 0.0312372 0.0406969 0.0504578 0.0596126 0.0671198 0.0721615 0.0744138 0.0740357 0.0714611 0.0671974 0.0617216 0.0554488 0.0487289 0.0418607 0.0351061 0.0286906 0.0227906 0.0175242 0.012961 0.00914159 0.00608611 0.00378366
 0.00971027 0.0154773 0.0227411 0.0312577 0.0406526 0.0503289 0.0593992 0.0668424 0.0718505 0.0740966 0.0737294 0.0711768 0.0669523 0.0615505 0.0554008 0.0488474 0.0421526 0.0355248 0.0291473 0.0231907 0.0178066 0.0131153 0.00919725 0.00608674 0.0037651
 0.00977427 0.0155717 0.0228644 0.0313991 0.0407921 0.0504383 0.0594462 0.066798 0.0716996 0.0738467 0.0734105 0.070832 0.0666247 0.0612752 0.055206 0.048757 0.0421831 0.0356736 0.0293837 0.0234603 0.0180513 0.0132958 0.00930405 0.00613457 0.00377789
 0.00975351 0.0155481 0.0228473 0.0314027 0.0408299 0.0505157 0.0595538 0.0669107 0.071783 0.0738678 0.0733493 0.0706885 0.0664194 0.0610434 0.0549878 0.0485889 0.0420917 0.0356715 0.0294651 0.0236006 0.0182133 0.013443 0.00941338 0.0062011 0.00381034
 0.00971933 0.0154981 0.022783 0.0313304 0.040761 0.0504653 0.0595377 0.0669409 0.0718612 0.0739803 0.0734676 0.0707777 0.0664511 0.0610066 0.0548938 0.048466 0.0419757 0.0355935 0.0294429 0.0236339 0.0182859 0.0135303 0.00949274 0.0062594 0.00384555
 0.00984394 0.0156775 0.0230098 0.0315832 0.0410107 0.0506846 0.0597103 0.0670627 0.0719372 0.0740178 0.0734711 0.0707451 0.0663743 0.0608764 0.0547071 0.0482325 0.0417187 0.0353448 0.0292327 0.0234812 0.0181938 0.013488 0.00948195 0.00626284 0.00385177
 0.00982318 0.0156609 0.0230157 0.0316362 0.041132 0.0508785 0.0599548 0.067314 0.0721464 0.0741515 0.073522 0.0707281 0.0663123 0.0607867 0.0545962 0.0481002 0.0415664 0.0351811 0.0290739 0.0233456 0.0180939 0.0134261 0.0094513 0.0062522 0.00385069
 0.00958587 0.0153156 0.0225724 0.0311334 0.0406296 0.050444 0.0596484 0.0671767 0.0721912 0.0743591 0.0738452 0.0711073 0.0666943 0.0611367 0.0548983 0.0483496 0.0417628 0.0353269 0.0291753 0.0234133 0.0181405 0.013462 0.00948192 0.00627833 0.00387119
 0.00969773 0.0154595 0.0227201 0.0312387 0.0406456 0.0503478 0.0594593 0.0669533 0.0720071 0.0742711 0.0738716 0.0712259 0.0668578 0.0612945 0.0550136 0.0484072 0.0417656 0.0352881 0.0291114 0.0233398 0.0180702 0.0134039 0.00944014 0.00625244 0.00385754
 0.00992561 0.0157965 0.0231628 0.0317571 0.0411845 0.0508355 0.0598195 0.0671227 0.0719564 0.0740212 0.0734915 0.0708077 0.0664803 0.0609982 0.0547973 0.0482442 0.0416257 0.0351518 0.0289735 0.0232055 0.0179486 0.013303 0.00936418 0.00620078 0.003826
 0.0101568 0.0161779 0.0237445 0.0325811 0.0422663 0.0521388 0.0612373 0.068482 0.0730569 0.0746931 0.0736456 0.070456 0.0657229 0.0599842 0.0536794 0.0471429 0.0406146 0.0342637 0.0282162 0.022577 0.0174441 0.0129159 0.0090838 0.00601129 0.00370774
 0.00989336 0.0158174 0.0233291 0.0321971 0.0420263 0.0521489 0.0615636 0.0691289 0.0739602 0.0757272 0.0746471 0.071262 0.0662153 0.0601207 0.0534974 0.0467347 0.0400891 0.0337142 0.0277048 0.0221352 0.0170833 0.012636 0.00887863 0.00587072 0.00361869
 0.0096299 0.0153952 0.0227095 0.0313606 0.0409917 0.0509942 0.0604371 0.0682304 0.0734853 0.0757978 0.075263 0.0722992 0.0674692 0.0613717 0.0545703 0.0475341 0.0406027 0.0339894 0.0278144 0.0221486 0.0170515 0.01259 0.00883464 0.00583557 0.003594
 0.00935945 0.0149564 0.0220514 0.0304389 0.0397804 0.0495062 0.0587467 0.0664851 0.0718956 0.0745991 0.0746603 0.0724093 0.0682808 0.0627423 0.0562662 0.0492986 0.0422238 0.0353395 0.0288538 0.022901 0.0175709 0.0129351 0.00905557 0.00597099 0.0036726
 0.00943522 0.0150474 0.0221275 0.0304476 0.0396556 0.0491837 0.0581828 0.065672 0.0708718 0.0734566 0.0735416 0.0714888 0.0677251 0.0626604 0.0566701 0.0500953 0.0432464 0.0364037 0.0298115 0.0236696 0.0181324 0.0133143 0.00929494 0.00611328 0.00375231
 0.00967802 0.0154223 0.0226519 0.0311172 0.0404368 0.0500067 0.0589391 0.0662258 0.0710903 0.0732515 0.0729039 0.0705006 0.0665455 0.0614883 0.0556937 0.0494421 0.0429519 0.036413 0.0300129 0.0239431 0.0183882 0.0135077 0.00941951 0.00618322 0.00378698
 0.010044 0.0159994 0.0234855 0.0322327 0.0418289 0.0516252 0.0606746 0.0679083 0.0725113 0.074206 0.0732378 0.0701484 0.0655489 0.0599924 0.0539182 0.0476316 0.0413187 0.0350914 0.0290434 0.0232883 0.0179704 0.0132464 0.00925383 0.0060761 0.00371831
 0.0101629 0.0162096 0.0238329 0.0327703 0.0426043 0.0526603 0.0619451 0.0693332 0.07396 0.0755175 0.0742463 0.0707097 0.0655688 0.0594513 0.0528843 0.0462533 0.0397924 0.0336135 0.0277635 0.0222831 0.0172449 0.0127582 0.0089426 0.00588571 0.00360617
 0.0101231 0.0161689 0.0238174 0.0328231 0.042779 0.0530089 0.062503 0.070107 0.0749188 0.0765896 0.0753222 0.0716555 0.066248 0.059754 0.0527543 0.0457063 0.0389169 0.0325515 0.0266736 0.0212997 0.0164498 0.0121748 0.00854986 0.00564086 0.00346376
 0.00975152 0.0155815 0.0229687 0.0316926 0.0413889 0.0514435 0.0609217 0.0687316 0.0739853 0.0762809 0.0757116 0.0726853 0.067748 0.061485 0.0544642 0.0471844 0.0400339 0.0332751 0.0270557 0.0214412 0.0164589 0.0121351 0.00850876 0.00561477 0.00345188
 0.00962172 0.0153602 0.0226164 0.0311655 0.0406483 0.0504728 0.0597462 0.0674333 0.0727032 0.0751932 0.0750007 0.072493 0.0681316 0.0623939 0.0557473 0.0486301 0.0414273 0.0344515 0.0279323 0.0220182 0.0167941 0.0123078 0.00858964 0.00565171 0.00347018
 0.00954167 0.0152386 0.0224476 0.0309458 0.040371 0.0501227 0.0592998 0.0668675 0.0720129 0.0744105 0.0742064 0.0718101 0.067698 0.0623205 0.0560774 0.0493178 0.0423474 0.0354396 0.0288364 0.0227393 0.0173011 0.0126246 0.00876723 0.00574256 0.00351381
 0.00951533 0.0151863 0.0223521 0.0307867 0.0401309 0.0497964 0.0588991 0.066418 0.0715423 0.073938 0.0737427 0.0713712 0.0673218 0.0620713 0.05603 0.0495246 0.0428082 0.0360907 0.029569 0.0234377 0.0178796 0.0130466 0.00904111 0.00590215 0.00359825
 0.00922522 0.0147821 0.0218672 0.0302913 0.039708 0.0495059 0.0587519 0.0663765 0.0715452 0.0739312 0.0736974 0.0712848 0.0672104 0.0619649 0.055971 0.049563 0.0429857 0.0364198 0.0300198 0.0239446 0.0183654 0.013451 0.0093365 0.00609307 0.00370819
 0.00880059 0.0141676 0.0210855 0.0294183 0.0388596 0.0488097 0.0583177 0.0662705 0.0717715 0.0744239 0.0743344 0.0719244 0.0677376 0.0623236 0.0561692 0.0496556 0.0430472 0.0365166 0.0301891 0.024185 0.0186439 0.0137216 0.00956149 0.00625517 0.00381028
#obs surv len freq
 nan nan nan nan nan nan nan nan nan nan nan nan nan nan nan nan nan nan nan nan nan nan nan nan nan
 0.00448405 0.00734538 0.0111757 0.015993 0.0216952 0.0279725 0.0342881 0.0400203 0.0446999 0.0481629 0.0505193 0.0520133 0.0529037 0.0534143 0.0537272 0.0539811 0.0542589 0.0545511 0.0546895 0.0542813 0.0527194 0.0493518 0.043802 0.0362828 0.0276672
 0.00461459 0.00755896 0.0114994 0.0164518 0.0223062 0.0287356 0.0351764 0.0409775 0.0456477 0.0490162 0.0512023 0.0524706 0.0531063 0.0533602 0.0534372 0.0534914 0.0536126 0.0537906 0.0538538 0.0534071 0.0518454 0.0485209 0.0430585 0.0356643 0.0271945
 0.00477438 0.00782068 0.0118969 0.0170179 0.0230662 0.0296969 0.0363175 0.0422429 0.0469535 0.0502635 0.052292 0.0533153 0.0536391 0.0535415 0.0532581 0.0529724 0.052797 0.0527366 0.0526266 0.0520763 0.0504855 0.0472115 0.0418787 0.0346791 0.0264402
 0.00495895 0.00812362 0.0123582 0.0176768 0.0239537 0.0308239 0.0376624 0.0437465 0.0485263 0.0518006 0.0536878 0.0544728 0.0544745 0.0539894 0.0532765 0.0525483 0.0519487 0.0515119 0.0510996 0.0503429 0.0486599 0.0454197 0.0402455 0.0333064 0.025385
 0.00517402 0.00847447 0.0128886 0.0184287 0.0249595 0.0320947 0.0391749 0.0454376 0.050301 0.0535484 0.0552984 0.0558455 0.0555221 0.0546385 0.05347 0.0522487 0.0511442 0.0502238 0.0493879 0.0483098 0.0464472 0.0431977 0.0381887 0.0315605 0.024035
 0.00540515 0.00885411 0.0134672 0.0192555 0.0260731 0.0335075 0.0408582 0.0473164 0.0522652 0.0554744 0.0570687 0.0573588 0.056694 0.0553996 0.0537629 0.0520282 0.0503814 0.0489158 0.047572 0.046077 0.0439484 0.0406327 0.0357756 0.0294883 0.0224199
 0.00566089 0.00926877 0.0140895 0.0201308 0.0272358 0.0349688 0.0425921 0.0492534 0.0542998 0.0574834 0.0589296 0.0589623 0.0579498 0.0562362 0.0541243 0.0518698 0.0496696 0.0476349 0.0457405 0.0437688 0.0413081 0.0378715 0.0331377 0.0271961 0.0206176
 0.00590249 0.00967019 0.0147094 0.0210282 0.0284578 0.0365301 0.0444568 0.0513304 0.0564593 0.0595847 0.0608454 0.0605892 0.0592076 0.0570629 0.0544714 0.0516979 0.0489471 0.046343 0.0438885 0.0414173 0.0385907 0.0349976 0.0303626 0.0247616 0.0186881
 0.00614996 0.0100731 0.0153173 0.0218893 0.0296111 0.0379932 0.0462102 0.0533091 0.0585572 0.0616709 0.0627844 0.0622583 0.0605079 0.0579236 0.0548453 0.0515533 0.048261 0.0451014 0.0420986 0.0391314 0.0359304 0.0321615 0.0276013 0.0223203 0.0167399
 0.00637587 0.0104475 0.0158939 0.0227218 0.0307423 0.0394372 0.0479359 0.0552367 0.0605718 0.0636467 0.0646045 0.0638226 0.0617337 0.0587433 0.0552071 0.0514203 0.0476086 0.0439179 0.0403931 0.0369529 0.0333906 0.0294448 0.0249445 0.0199597 0.0148465
 0.00662068 0.0108429 0.0164845 0.0235484 0.0318351 0.0408053 0.0495545 0.0570402 0.0624597 0.0655007 0.0663068 0.0652709 0.062848 0.0594664 0.0555002 0.0512563 0.0469681 0.0427906 0.0387872 0.0349128 0.0310179 0.0269078 0.0224605 0.0177476 0.0130671
 0.00685937 0.0112363 0.0170857 0.0244085 0.0329908 0.0422607 0.0512646 0.058909 0.064358 0.0672954 0.0678847 0.0665481 0.0637678 0.0599932 0.0556133 0.0509449 0.0462274 0.0416209 0.0372017 0.032954 0.0287772 0.0245351 0.02015 0.0156955 0.0114179
 0.00706349 0.0115756 0.0176103 0.0251696 0.0340304 0.0435945 0.0528644 0.0606949 0.0662091 0.0690719 0.069454 0.0678034 0.0646381 0.0604434 0.0556366 0.0505516 0.0454339 0.0404458 0.0356702 0.031112 0.0267086 0.0223718 0.0180603 0.0138486 0.00993769
 0.00726228 0.0118985 0.0180962 0.0258551 0.0349438 0.0447458 0.0542332 0.0622249 0.0678121 0.0706409 0.0708783 0.0689812 0.0654869 0.0609078 0.0556914 0.0501983 0.0446931 0.0393485 0.034256 0.0294355 0.024852 0.0204525 0.0162224 0.0122342 0.00864909
 0.00745135 0.0122077 0.0185644 0.0265184 0.0358274 0.0458513 0.0555273 0.0636372 0.0692477 0.0720002 0.0720737 0.0699434 0.0661636 0.0612614 0.0556984 0.0498514 0.0440012 0.0383363 0.0329635 0.0279203 0.0231949 0.0187602 0.0146191 0.0108379 0.00754176
 0.00754755 0.0123693 0.0188175 0.0268916 0.0363471 0.0465332 0.0563675 0.0646068 0.0702947 0.0730579 0.0730703 0.070811 0.066844 0.0617094 0.0558818 0.0497502 0.0436081 0.0376585 0.0320256 0.026769 0.0219018 0.0174204 0.0133406 0.00972104 0.00665508
 0.00759978 0.012449 0.0189288 0.0270373 0.0365315 0.0467659 0.0566638 0.0649845 0.0707668 0.073624 0.0737103 0.0714847 0.0674959 0.0622772 0.0563057 0.0499798 0.0436076 0.03741 0.0315327 0.0260601 0.0210328 0.0164718 0.0124059 0.00888827 0.00598593
 0.00763389 0.0124999 0.0189968 0.0271199 0.0366238 0.046863 0.0567637 0.0650913 0.0708926 0.0737891 0.0739376 0.0717897 0.0678757 0.0627043 0.0567304 0.0503401 0.0438418 0.0374689 0.0313895 0.0257169 0.0205227 0.0158559 0.0117622 0.00829351 0.00549686
 0.00769735 0.0125918 0.0191141 0.0272522 0.0367563 0.0469805 0.0568551 0.0651514 0.0709242 0.0738025 0.0739516 0.0718286 0.0679632 0.062854 0.0569372 0.0505756 0.0440586 0.037612 0.0314112 0.0255909 0.0202536 0.0154791 0.0113352 0.00787898 0.00514505
 0.00777533 0.0127138 0.019288 0.0274799 0.0370311 0.0472843 0.0571576 0.0654139 0.0711095 0.0738882 0.0739375 0.0717368 0.0678304 0.06272 0.0568338 0.0505175 0.0440385 0.0376018 0.0313719 0.0254868 0.0200672 0.015219 0.0110334 0.00757874 0.00488504
 0.00783543 0.0128108 0.0194323 0.02768 0.0372905 0.047598 0.0575075 0.0657685 0.0714281 0.0741296 0.0740706 0.0717487 0.0677297 0.0625352 0.0566047 0.050284 0.0438284 0.0374238 0.0312149 0.0253286 0.0198871 0.0150098 0.0108058 0.00735602 0.00469188
 0.00786497 0.0128552 0.0194927 0.0277559 0.0373814 0.0477047 0.0576326 0.0659145 0.0715934 0.0743049 0.0742379 0.071884 0.0678103 0.0625473 0.0565494 0.0501768 0.0436929 0.0372821 0.0310788 0.0251975 0.019753 0.0148661 0.0106543 0.00720782 0.00456157
 0.00785672 0.0128414 0.0194714 0.0277253 0.0373405 0.0476549 0.0575791 0.0658668 0.071565 0.0743102 0.0742872 0.0719785 0.067939 0.0626886 0.0566779 0.0502724 0.0437469 0.037297 0.0310636 0.0251605 0.0196987 0.0147968 0.0105738 0.00712376 0.00448386
 0.00786892 0.0128548 0.0194797 0.027719 0.0373097 0.0475934 0.0574884 0.0657572 0.071453 0.0742145 0.0742254 0.0719636 0.0679764 0.0627744 0.0567981 0.0504059 0.0438716 0.0373961 0.0311289 0.0251919 0.0197006 0.0147755 0.0105363 0.00707816 0.00443845
 0.00789872 0.0128989 0.0195377 0.0277864 0.037378 0.0476509 0.0575214 0.0657535 0.071406 0.0741276 0.0741127 0.0718471 0.0678794 0.0627147 0.0567835 0.0504324 0.043926 0.0374605 0.0311866 0.0252316 0.0197178 0.0147717 0.0105171 0.00705052 0.00440932
 0.00790208 0.0129045 0.0195461 0.0277981 0.0373926 0.0476664 0.0575342 0.0657576 0.0713949 0.0740962 0.07406 0.0717783 0.0678057 0.062651 0.0567441 0.0504263 0.0439534 0.037513 0.0312503 0.0252919 0.0197638 0.0147987 0.010526 0.00704645 0.00439846
 0.00788107 0.0128682 0.0194881 0.0277118 0.0372743 0.0475187 0.0573683 0.0655928 0.0712529 0.0739945 0.074007 0.0717721 0.0678387 0.062714 0.0568302 0.0505316 0.044075 0.0376462 0.0313865 0.0254199 0.019873 0.0148819 0.0105818 0.00707832 0.00441311
 0.00789503 0.0128846 0.0195008 0.0277109 0.0372481 0.0474576 0.0572685 0.0654589 0.0710979 0.0738375 0.0738693 0.0716719 0.0677869 0.0627121 0.056872 0.0506073 0.0441742 0.0377599 0.0315061 0.0255365 0.0199776 0.0149673 0.0106443 0.00711885 0.00443588
 0.00786648 0.0128413 0.0194414 0.0276356 0.0371575 0.0473519 0.0571474 0.0653227 0.0709504 0.0736879 0.0737321 0.0715651 0.0677269 0.0627093 0.0569279 0.0507142 0.0443185 0.0379254 0.0316773 0.0257002 0.020123 0.0150869 0.0107348 0.00718111 0.00447443
 0.00784801 0.0128069 0.019382 0.0275409 0.0370201 0.0471718 0.0569359 0.0651011 0.0707435 0.0735163 0.0736077 0.0714919 0.067705 0.0627383 0.057007 0.0508402 0.0444836 0.0381168 0.0318791 0.0258962 0.0202994 0.0152339 0.0108479 0.00726079 0.00452551
 0.00782541 0.0127723 0.0193335 0.0274773 0.0369399 0.0470723 0.056814 0.0649559 0.0705799 0.073347 0.0734513 0.0713684 0.0676293 0.0627178 0.0570415 0.0509246 0.0446099 0.0382745 0.0320553 0.0260759 0.0204678 0.0153792 0.0109628 0.00734398 0.00458024
 0.00779707 0.0127225 0.0192519 0.0273534 0.0367662 0.0468502 0.0565569 0.0646883 0.0703303 0.0731399 0.073302 0.0712834 0.0676099 0.0627622 0.0571456 0.0510809 0.0448074 0.0384993 0.0322921 0.0263088 0.0206819 0.0155623 0.0111078 0.00744937 0.0046502
 0.00775237 0.0126507 0.0191454 0.0272054 0.036572 0.0466089 0.0562748 0.0643807 0.0700219 0.072861 0.0730832 0.0711482 0.0675703 0.0628174 0.0572847 0.0512872 0.0450618 0.0387826 0.0325848 0.0265925 0.0209401 0.015782 0.0112814 0.00757591 0.00473465
 0.00773187 0.0126135 0.0190825 0.0271062 0.0364271 0.0464143 0.0560351 0.0641102 0.0697416 0.0725944 0.0728528 0.0709742 0.0674693 0.0628003 0.0573541 0.0514363 0.0452758 0.0390411 0.0328654 0.0268729 0.0212004 0.0160068 0.0114613 0.00770845 0.004824
 0.00934259 0.0148725 0.0218177 0.0299346 0.0388653 0.0480551 0.0566882 0.0638301 0.0687495 0.0711628 0.0712202 0.0693124 0.0658882 0.0613656 0.0561023 0.0503842 0.0444249 0.038381 0.0323764 0.0265291 0.020973 0.0158669 0.0113824 0.00766855 0.00480643
 0.00931531 0.0151276 0.0227296 0.0319694 0.0423789 0.0530201 0.0625198 0.0694804 0.073078 0.0733841 0.0711613 0.0673586 0.0627114 0.0576358 0.0523214 0.0468556 0.0412997 0.0357169 0.0301803 0.02478 0.0196328 0.0148851 0.0107002 0.00722277 0.00453488
 0.00896248 0.0145703 0.0219438 0.0310018 0.041403 0.0523753 0.0626729 0.0708609 0.0758258 0.0771589 0.0751817 0.0706984 0.0646857 0.0580382 0.0513985 0.0450951 0.0391974 0.0336394 0.0283379 0.0232618 0.0184526 0.0140165 0.0100966 0.00682918 0.00429589
 0.00879017 0.0142784 0.0214833 0.0303227 0.040473 0.0512139 0.0613947 0.0697051 0.0751381 0.077297 0.0763573 0.0728272 0.0673497 0.0606212 0.0533352 0.046087 0.0392744 0.0330626 0.0274373 0.0223099 0.0176151 0.0133624 0.00963059 0.00652327 0.00411057
 0.00872985 0.0141734 0.0213113 0.0300557 0.0400799 0.0506676 0.0606847 0.0688555 0.0742281 0.0764769 0.0758399 0.0728343 0.0680166 0.0619005 0.0549703 0.0476953 0.0405044 0.0337303 0.0275647 0.0220616 0.017194 0.0129292 0.00927415 0.00627043 0.00395119
 0.00870714 0.0141355 0.0212517 0.0299661 0.0399492 0.0504818 0.0604277 0.0685126 0.073793 0.0759641 0.0753008 0.0723671 0.0677563 0.0619763 0.0554405 0.0484955 0.0414512 0.0345925 0.0281628 0.0223336 0.0171932 0.0127692 0.00906613 0.00608642 0.00381944
 0.00868339 0.0140942 0.0211849 0.0298649 0.0398064 0.0502948 0.0602008 0.0682556 0.073517 0.0756772 0.0750094 0.072085 0.0675169 0.0618385 0.0554747 0.0487505 0.0419156 0.0351811 0.0287442 0.0227874 0.0174594 0.0128602 0.00904128 0.0060126 0.00374406
 0.00866741 0.0140709 0.0211544 0.029828 0.0397634 0.0502433 0.0601351 0.0681684 0.0734025 0.0755338 0.0748408 0.0718997 0.0673292 0.0616709 0.0553618 0.0487328 0.0420241 0.0354149 0.0290603 0.0231128 0.0177233 0.0130242 0.00910841 0.00601382 0.00371587
 0.00866718 0.0140697 0.0211511 0.0298214 0.0397524 0.0502278 0.0601158 0.0681456 0.0733743 0.0754952 0.0747847 0.0718203 0.0672255 0.0615508 0.0552426 0.0486406 0.0419872 0.0354536 0.0291741 0.0232761 0.0178942 0.0131634 0.00919536 0.00605097 0.00371993
 0.00864997 0.0140451 0.0211202 0.0297873 0.0397191 0.0501985 0.060092 0.068127 0.0733596 0.0754828 0.0747724 0.0718045 0.0672019 0.0615158 0.0551972 0.0485928 0.0419521 0.0354485 0.0292105 0.0233523 0.0179939 0.0132624 0.00927332 0.00609915 0.00374166
 0.00865912 0.0140558 0.0211288 0.0297883 0.0397072 0.0501718 0.0600537 0.0680847 0.0733222 0.0754563 0.0747577 0.0717984 0.0671985 0.0615094 0.0551841 0.0485731 0.0419307 0.0354346 0.0292142 0.0233792 0.0180412 0.0133195 0.00932678 0.00613927 0.00376563
 0.00865747 0.0140561 0.0211344 0.0298034 0.0397345 0.0502098 0.0600954 0.0681193 0.0733395 0.0754517 0.0747341 0.0717634 0.0671602 0.0614727 0.05515 0.0485407 0.0418999 0.035408 0.0291965 0.0233752 0.0180525 0.0133426 0.00935455 0.00616436 0.00378362
 0.00862207 0.0140031 0.0210636 0.0297181 0.0396418 0.0501199 0.0600195 0.0680678 0.0733187 0.0754613 0.0747674 0.0718103 0.0672121 0.0615241 0.0551988 0.0485861 0.0419413 0.0354451 0.0292303 0.0234076 0.0180852 0.0133757 0.0093859 0.00619092 0.00380322
 0.00862006 0.0139955 0.0210441 0.0296791 0.0395769 0.0500279 0.059908 0.0679525 0.0732192 0.0753945 0.0747422 0.0718259 0.0672595 0.061591 0.0552732 0.0486592 0.0420083 0.0355042 0.0292816 0.0234522 0.0181243 0.0134099 0.00941529 0.00621465 0.00382068
 0.00861662 0.01399 0.0210359 0.0296668 0.0395579 0.0499982 0.0598626 0.0678882 0.0731372 0.0753032 0.0746563 0.0717619 0.0672297 0.0615991 0.0553141 0.048722 0.0420809 0.0355768 0.0293481 0.0235098 0.0181726 0.0134495 0.00944667 0.00623842 0.00383751
 0.00861662 0.01399 0.0210359 0.0296668 0.0395579 0.0499982 0.0598626 0.0678882 0.0731372 0.0753032 0.0746563 0.0717619 0.0672297 0.0615991 0.0553141 0.048722 0.0420809 0.0355768 0.0293481 0.0235098 0.0181726 0.0134495 0.00944667 0.00623842 0.00383751
 0.00891241 0.014456 0.0217071 0.0305598 0.0406604 0.0512569 0.0611749 0.0691084 0.0741059 0.0758891 0.074791 0.0714534 0.0665508 0.0606624 0.0542426 0.0476255 0.041042 0.0346481 0.0285567 0.0228644 0.0176693 0.0130763 0.00918548 0.00606738 0.00373361
 0.00878641 0.0142914 0.0215346 0.0304347 0.0406503 0.0514194 0.0615369 0.0696549 0.074781 0.0766062 0.0754491 0.071957 0.0668315 0.0606944 0.0540462 0.047257 0.0405748 0.034153 0.0280887 0.0224584 0.0173413 0.0128282 0.0090099 0.00595168 0.00366307
 0.00864868 0.0140515 0.0211479 0.0298606 0.039875 0.0504849 0.0605582 0.0688054 0.074241 0.0764977 0.0757914 0.0726659 0.0677554 0.061665 0.0549232 0.0479541 0.0410645 0.0344548 0.028248 0.0225255 0.0173584 0.0128237 0.00899964 0.00594257 0.00365704
 0.00852875 0.0138492 0.0208294 0.0293889 0.0392168 0.049625 0.0595178 0.0676574 0.073113 0.0755549 0.0752001 0.0725447 0.0681332 0.0624683 0.0559998 0.0491225 0.0421664 0.0353878 0.0289723 0.0230499 0.017718 0.0130602 0.00914988 0.00603469 0.0037111
 0.00860154 0.013951 0.0209508 0.0295068 0.0392959 0.0496222 0.0593884 0.0673642 0.0726397 0.0749219 0.0744762 0.0718429 0.0675865 0.0621883 0.0560368 0.0494477 0.0426852 0.0359783 0.0295274 0.0235038 0.0180497 0.0132811 0.00928607 0.00611347 0.0037542
 0.00875565 0.0142068 0.0213428 0.0300639 0.0400265 0.0504948 0.0603179 0.0682169 0.073263 0.075189 0.0743239 0.071291 0.0667328 0.0611847 0.0550508 0.0486183 0.042089 0.0356188 0.0293528 0.0234405 0.018034 0.0132746 0.00927484 0.00609793 0.00373901
 0.00897075 0.0145654 0.0218978 0.0308664 0.0411105 0.0518533 0.0618805 0.0698434 0.0747622 0.0763578 0.0749919 0.0713573 0.0661887 0.0601171 0.053624 0.0470367 0.040549 0.0342672 0.0282646 0.022623 0.0174501 0.0128712 0.0090031 0.00592018 0.00362794
 0.0090372 0.0146903 0.0221179 0.0312278 0.0416604 0.0526246 0.0628741 0.071017 0.0760285 0.0775924 0.0760489 0.0720917 0.066485 0.0599184 0.0529514 0.0459892 0.0392819 0.0329529 0.0270515 0.0216066 0.016666 0.0123075 0.00862172 0.00567627 0.00348066
 0.00905857 0.0147249 0.0221709 0.0313078 0.0417824 0.0528125 0.0631597 0.0714323 0.0765924 0.0782943 0.0768387 0.0728801 0.0671574 0.0603594 0.0530745 0.0457626 0.0387405 0.0321909 0.026195 0.020778 0.0159542 0.0117553 0.00823036 0.00542085 0.00332647
 0.00872417 0.0141924 0.0213935 0.0302583 0.0404689 0.0512987 0.0615803 0.0699861 0.0755038 0.0777551 0.0769539 0.0736405 0.0684434 0.0619704 0.0547746 0.0473322 0.040021 0.0331099 0.0267648 0.0210709 0.0160658 0.011772 0.00821167 0.00539778 0.00330986
 0.00878132 0.014238 0.0213746 0.0300957 0.0400778 0.0506214 0.0606181 0.0688128 0.0742568 0.076609 0.0760865 0.0731963 0.0685009 0.0625196 0.055715 0.0484966 0.0412189 0.0341762 0.0275967 0.02164 0.0164045 0.0119444 0.00828414 0.00542095 0.00331385
 0.00873947 0.014184 0.0213162 0.0300411 0.0400228 0.0505357 0.0604407 0.0684696 0.0736961 0.0758403 0.0751981 0.0723398 0.0678473 0.0622074 0.055809 0.0489707 0.0419669 0.0350464 0.0284383 0.0223429 0.0169193 0.0122772 0.00847475 0.00551801 0.00335811
 0.00876255 0.0142131 0.0213453 0.0300614 0.0400268 0.0505215 0.0604117 0.0684249 0.073619 0.0756933 0.0749371 0.0719449 0.0673505 0.0616981 0.0554075 0.0487815 0.0420368 0.0353481 0.0288854 0.0228272 0.0173497 0.0126033 0.00868908 0.00564108 0.00342011
 0.00876391 0.0142226 0.0213724 0.0301172 0.0401192 0.0506484 0.0605569 0.0685611 0.0737162 0.075727 0.0748904 0.0718058 0.0671141 0.0613757 0.0550389 0.0484348 0.0417886 0.0352525 0.0289499 0.0230116 0.0175875 0.0128311 0.00886742 0.00575926 0.00348739
 0.0088953 0.0144311 0.0216758 0.0305273 0.0406368 0.0512577 0.0612193 0.0692146 0.0742835 0.076132 0.0750755 0.0717437 0.0668107 0.0608663 0.0543814 0.0477039 0.0410677 0.0346206 0.028464 0.0226918 0.0174154 0.0127632 0.00885609 0.00576839 0.00349785
#pred catch len freq
 0.00457374 0.00723663 0.0105542 0.0144429 0.0188481 0.0237231 0.0289578 0.034345 0.0396221 0.0445398 0.0489049 0.0525948 0.0555609 0.0578143 0.0593914 0.0603161 0.0605777 0.0601264 0.0588644 0.0566223 0.053152 0.0481973 0.0416709 0.0338616 0.0255017
