SBPRF35
10.7693
Curr Bio
644977
B35
769622
F35
0.183284
FOFL
0.157734
OFL
85257.5
Bzero
3.07694e+006
#pred survey bio
 3.91814e+006 3.76205e+006 3.62092e+006 3.40967e+006 3.19045e+006 2.89989e+006 2.63401e+006 2.36734e+006 2.10764e+006 1.87825e+006 1.65714e+006 1.44875e+006 1.29066e+006 1.1552e+006 1.01334e+006 898235 803763 737252 703748 662505 641493 621235 602542 593459 579615 571007 566890 557188 567280 570138 575578 570468 570097 564627 551894 535261 525010 509066 509487 514049 517931 530275 538510 546506 545500 551694 544969 543388 548397 545241 551528 563769 535407 505087 503262 571265 595490 585793 582390 567252 596698 632597 621950 613422 593103 570551 554730 617577 651051 2.35766e+007 1.43813e+007 1.4858e+007 1.58044e+007 1.70294e+007 1.8322e+007 1.95341e+007 2.05878e+007 2.14581e+007 2.2152e+007 2.26917e+007 2.31045e+007 2.34169e+007 2.36516e+007 2.38275e+007 2.39592e+007 2.40579e+007 2.41322e+007 2.41883e+007 2.42308e+007 2.42633e+007 2.42881e+007 2.43073e+007 2.43221e+007 2.43336e+007 2.43426e+007 2.43496e+007 2.43552e+007 2.43595e+007 2.4363e+007 2.43657e+007 2.43678e+007 2.43696e+007 2.43709e+007 2.4372e+007 2.43729e+007 2.43736e+007 2.43742e+007 2.43746e+007 2.4375e+007 2.43753e+007 2.43755e+007 2.43757e+007 2.43759e+007 2.4376e+007 2.43761e+007 2.43762e+007 2.43762e+007 2.43763e+007 2.43763e+007 2.43763e+007 2.43764e+007 2.43764e+007 2.43764e+007 2.43764e+007 2.43764e+007 2.43764e+007 2.43764e+007 2.43765e+007 2.43765e+007 2.43765e+007 2.43765e+007 2.43765e+007 2.43765e+007 2.43765e+007 2.43765e+007 2.43765e+007 2.43765e+007 2.43765e+007 2.43765e+007 2.43765e+007 2.43765e+007 2.43765e+007 2.43765e+007 2.43765e+007 2.43765e+007 2.43765e+007 2.43765e+007 2.43765e+007 2.43765e+007 2.43765e+007 2.43765e+007 2.43765e+007 2.43765e+007 2.43765e+007 2.43765e+007 2.43765e+007 2.43765e+007 2.43765e+007 2.43765e+007 2.43765e+007 2.43765e+007 2.43765e+007 2.43765e+007 2.43765e+007 2.43765e+007 2.43765e+007 2.43765e+007 2.43765e+007 2.43765e+007 0 0 0 0 0 0 0 0 0 0 0 0 0 0 0 0 0 0 0 0 0 0 0 0 0
#obs survey bio
 4.61323e+006 2.86118e+006 3.68299e+006 2.38422e+006 2.80839e+006 2.66095e+006 2.39502e+006 1.62008e+006 1.95016e+006 1.55047e+006 1.51617e+006 1.38205e+006 1.4283e+006 771340 795530 628587 817302 636541 597423 799098 728562 396074 381900 525586 389686 532254 646986 542398 562494 542913 606849 639060 519182 724796 705417 726925 407381 735667 532014 643370 490234 568102 395315 682650 760825 635846 612506 581441 610395 530358 539924 571200 636699 454570 394463 713640 590263 570645 487909 647071 620040 700912 694706 911402 961856 632910 650770 564164 461339
#pred catch bio
 103431 94935.8 169393 191385 275380 274149 296397 310411 300635 306726 304167 265194 249434 256704 232551 211890 183640 151971 154800 133753 130474 127005 117518 120440 114881 109814 112082 93486.9 98568.5 95226.9 102506 96425.5 98259.4 100368 98803.2 90933.7 96919.7 85748.9 84989 87408.3 82086.5 87270.9 88242.7 95362.9 88548.4 99001.5 94501.5 90043.4 97949.4 90457.1 86193.9 119424 118558 94067.1 39228.2 79211 106753 100654 110578 74120.1 71284.8 110513 107154 116363 117582 111944 49374.9 78633.6 87924.6 85257.5 99363.5 101515 106777 114541 122976 130852 137588 143023 147229 150384 152697 154361 155541 156370 156946 157343 157616 157803 157930 158016 158074 158113 158140 158158 158170 158178 158184 158187 158190 158191 158192 158193 158193 158194 158194 158194 158194 158194 158194 158194 158194 158194 158194 158194 158194 158194 158194 158194 158194 158194 158194 158194 158194 158194 158194 158194 158194 158194 158194 158194 158194 158194 158194 158194 158194 158194 158194 158194 158194 158194 158194 158194 158194 158194 158194 158194 158194 158194 158194 158194 158194 158194 158194 158194 158194 158194 158194 158194 158194 158194 158194 158194 158194 158194 158194 158194 158194 158194 158194 0 0 0 0 0 0 0 0 0 0 0 0 0 0 0 0 0 0 0 0 0 0 0 0 0
#obs catch bio
 0 94507.5 170234 191544 277645 275755 299204 315291 305472 313920 311324 269638 251942 262419 237532 218495 187589 154334 157382 134982 131107 128744 118578 121930 116458 111656 113833 93962.9 99063.8 95540.7 103151 96549.2 98965.6 100634 98862.8 90108 96504 84921.4 84307.3 86558.5 81449.8 86886.6 88189.8 94790 87421.8 97657 93437.4 89232.8 97818.5 90347 85554.8 118584 117468 94183.8 38731.8 79185.9 106734 99974.5 110476 73773.6 70742.8 110304 106222 115090 115976 111569 48741.8 78542.4 87974.2
#pred cpue bio
 3.86096e+006 3.70745e+006 3.5677e+006 3.35698e+006 3.13819e+006 2.8487e+006 2.58359e+006 2.31782e+006 2.05923e+006 1.83105e+006 1.61172e+006 1.40558e+006 1.24919e+006 1.11505e+006 974924 861487 768999 704394 672097 632376 612300 592741 574526 565668 552220 543862 540186 531395 541722 544847 550399 545768 545787 541028 529509 514131 503868 487040 486473 490708 494498 506400 514330 522238 521590 527836 521257 519456 523995 520758 526931 539037 511488 481604 479448 545887 570381 561098 557263 542101 570757 606256 596283 587761 567574 545129 529244 590337 623569 2.26257e+007 1.38208e+007 1.41806e+007 1.49873e+007 1.6161e+007 1.74409e+007 1.86503e+007 1.97034e+007 2.05737e+007 2.12675e+007 2.18072e+007 2.22201e+007 2.25324e+007 2.27671e+007 2.2943e+007 2.30747e+007 2.31735e+007 2.32477e+007 2.33038e+007 2.33464e+007 2.33788e+007 2.34036e+007 2.34228e+007 2.34376e+007 2.34491e+007 2.34581e+007 2.34652e+007 2.34707e+007 2.3475e+007 2.34785e+007 2.34812e+007 2.34834e+007 2.34851e+007 2.34865e+007 2.34876e+007 2.34884e+007 2.34892e+007 2.34897e+007 2.34902e+007 2.34905e+007 2.34908e+007 2.34911e+007 2.34912e+007 2.34914e+007 2.34915e+007 2.34916e+007 2.34917e+007 2.34917e+007 2.34918e+007 2.34918e+007 2.34919e+007 2.34919e+007 2.34919e+007 2.34919e+007 2.34919e+007 2.3492e+007 2.3492e+007 2.3492e+007 2.3492e+007 2.3492e+007 2.3492e+007 2.3492e+007 2.3492e+007 2.3492e+007 2.3492e+007 2.3492e+007 2.3492e+007 2.3492e+007 2.3492e+007 2.3492e+007 2.3492e+007 2.3492e+007 2.3492e+007 2.3492e+007 2.3492e+007 2.3492e+007 2.3492e+007 2.3492e+007 2.3492e+007 2.3492e+007 2.3492e+007 2.3492e+007 2.3492e+007 2.3492e+007 2.3492e+007 2.3492e+007 2.3492e+007 2.3492e+007 2.3492e+007 2.3492e+007 2.3492e+007 2.3492e+007 2.3492e+007 2.3492e+007 2.3492e+007 2.3492e+007 2.3492e+007 2.3492e+007 2.3492e+007 2.3492e+007 0 0 0 0 0 0 0 0 0 0 0 0 0 0 0 0 0 0 0 0 0 0 0 0 0
#obs cpue bio
 2.32884e+006 3.08738e+006 2.84824e+006 3.74156e+006 2.72802e+006 2.61133e+006 2.10357e+006 1.82166e+006 1.75233e+006 1.18412e+006 1.62637e+006 1.54039e+006 1.48287e+006 787142 920014 528223 813522 673095 730676 550716 663520 471908 911251 487263 582873 357314 480032 681611 612635 538270 458837 588917 378736 580052 484981 756124 584181 506192 485893 543897 468082 430362 507672 764753 636420 646561 448369 450538 326843 499716 773959 714118 525538 403345 610840 516374 534983 772834 639904 458337 735689 560911 720981 556540 486542 415590 476561 593122 615929
#pred surv len freq
 0.00418101 0.00692879 0.0106906 0.0155321 0.0213777 0.0279085 0.0345477 0.0406223 0.045621 0.0493552 0.0519262 0.053577 0.0545616 0.0550831 0.0552798 0.0552308 0.0549732 0.0545091 0.0537762 0.0525779 0.0505289 0.0471193 0.0419518 0.0350607 0.0270797
 0.00443171 0.00724694 0.011008 0.0157398 0.0213683 0.0276353 0.034064 0.040067 0.0451529 0.0490755 0.0518386 0.0536061 0.0546113 0.0550964 0.0552675 0.0552602 0.055125 0.0548249 0.0542215 0.0530431 0.0508722 0.0472319 0.0418094 0.0347289 0.0266737
 0.00458013 0.0075236 0.011482 0.0164769 0.0223908 0.0288747 0.0353406 0.0411321 0.0457884 0.0491943 0.0515158 0.053019 0.0539369 0.0544397 0.0546588 0.0546999 0.0546249 0.0544119 0.0539086 0.052799 0.0506231 0.0468993 0.0413584 0.0341916 0.0261297
 0.00477049 0.00782721 0.0119313 0.0171062 0.0232385 0.0299772 0.0367111 0.0427257 0.0474717 0.0507491 0.0526943 0.0536335 0.0539322 0.0539012 0.0537537 0.0536 0.053459 0.0532593 0.0528107 0.0517666 0.0496417 0.0459454 0.0404265 0.033311 0.0253565
 0.00495354 0.00813001 0.0123962 0.017775 0.0241435 0.031129 0.0380888 0.044277 0.049121 0.0524028 0.0542336 0.054908 0.054776 0.0541807 0.0534221 0.0527188 0.0521702 0.05173 0.0511837 0.0501396 0.0480713 0.0444665 0.0390728 0.0321255 0.0243843
 0.00521915 0.0085602 0.0130408 0.0186797 0.0253418 0.0326288 0.0398581 0.0462374 0.0511581 0.054387 0.0560401 0.0564231 0.0558925 0.0547932 0.0534385 0.0520889 0.0509166 0.0499553 0.0490471 0.0478171 0.0457244 0.0422304 0.0370586 0.0304205 0.0230428
 0.00548017 0.00898473 0.0136801 0.0195818 0.0265425 0.0341381 0.0416456 0.0482273 0.0532396 0.0564346 0.0579321 0.0580506 0.0571594 0.0556117 0.0537266 0.0517765 0.0499639 0.0483784 0.0469351 0.0453279 0.0430598 0.0396027 0.034659 0.0283937 0.021468
 0.00573528 0.0094066 0.0143282 0.0205155 0.0278091 0.0357538 0.0435761 0.0503828 0.0554885 0.0586311 0.0599405 0.0597583 0.0584777 0.05647 0.0540644 0.051539 0.0491068 0.0468855 0.0448442 0.0427521 0.0401894 0.0366804 0.031934 0.0260695 0.0196611
 0.00598918 0.00982443 0.0149668 0.021432 0.0290512 0.0373427 0.0454889 0.0525432 0.057775 0.0608975 0.0620391 0.0615576 0.0598719 0.0573818 0.0544397 0.0513386 0.0483002 0.0454568 0.0428124 0.0401992 0.0372799 0.0336526 0.0290586 0.023585 0.0177159
 0.00617435 0.0101393 0.0154666 0.0221777 0.0300979 0.0387207 0.0471846 0.054492 0.0598708 0.0630129 0.0640444 0.0633315 0.0613077 0.0583903 0.0549515 0.0513022 0.0476805 0.044236 0.0410025 0.0378655 0.0345631 0.0307716 0.026277 0.0211493 0.0157902
 0.00636689 0.0104583 0.0159585 0.0228914 0.0310772 0.0399912 0.0487388 0.0562803 0.0618048 0.0649789 0.0659196 0.0649982 0.0626629 0.0593506 0.0554527 0.0512968 0.0471338 0.0431288 0.0393421 0.0357061 0.0320278 0.0280584 0.023633 0.0188135 0.0139294
 0.00666347 0.0109266 0.0166378 0.0238096 0.0322471 0.0414051 0.0503608 0.0580433 0.0636178 0.0667408 0.0675332 0.0663775 0.0637353 0.0600566 0.0557455 0.0511403 0.0465012 0.0420043 0.0377308 0.033653 0.0296389 0.0255087 0.0211457 0.0166096 0.0121669
 0.00697858 0.0114231 0.0173548 0.0247713 0.0334566 0.0428374 0.0519559 0.0597088 0.0652453 0.0682306 0.0688116 0.0673995 0.0644745 0.060493 0.0558573 0.0509014 0.0458844 0.0409873 0.0363087 0.031856 0.0275514 0.0232772 0.018962 0.0146669 0.0106066
 0.00720298 0.0118043 0.0179574 0.0256613 0.0346823 0.0444011 0.05379 0.0616751 0.0671647 0.0699302 0.0701638 0.0683386 0.0649898 0.0606096 0.0556137 0.0503313 0.0450068 0.0398077 0.0348317 0.0301059 0.025594 0.0212302 0.0169833 0.0129181 0.00920619
 0.00744611 0.0122081 0.0185812 0.0265663 0.0359198 0.0459914 0.0556997 0.0638036 0.0693508 0.0719775 0.0718771 0.0695611 0.0656315 0.0606576 0.0551215 0.0493901 0.0437132 0.038242 0.0330534 0.0281673 0.0235622 0.0192033 0.0150867 0.0112776 0.00791087
 0.00752234 0.01236 0.0188619 0.0270439 0.0366628 0.0470455 0.0570649 0.0654245 0.071124 0.0737692 0.0735405 0.0709507 0.0666194 0.0611529 0.0550868 0.0488468 0.0427302 0.0369134 0.0314767 0.0264343 0.0217634 0.0174371 0.0134592 0.00988709 0.00682266
 0.00758432 0.0124598 0.0190123 0.0272617 0.0369724 0.0474807 0.0576653 0.0662232 0.0721295 0.0749489 0.0748153 0.0722044 0.0677197 0.0619753 0.0555352 0.0488681 0.0423208 0.0361161 0.0303693 0.025115 0.0203391 0.0160168 0.0121468 0.00876884 0.00595115
 0.00769622 0.0126194 0.0192115 0.0274799 0.0371843 0.0476688 0.0578312 0.0663924 0.0723471 0.0752667 0.0752732 0.0728101 0.0684348 0.062716 0.0561887 0.0493204 0.0424845 0.0359494 0.0298828 0.0243654 0.0194164 0.0150272 0.0111949 0.00794023 0.0052984
 0.00764977 0.0125537 0.0191299 0.0273896 0.0370913 0.0475731 0.0577255 0.0662695 0.0722136 0.0751551 0.0752411 0.0729239 0.0687421 0.0632197 0.0568356 0.0500096 0.0430937 0.0363684 0.0300423 0.024252 0.019071 0.0145294 0.0106401 0.00741575 0.00486454
 0.00773642 0.0126802 0.0192942 0.027581 0.0372949 0.0477744 0.0579131 0.0664327 0.0723386 0.0752249 0.0752444 0.0728673 0.0686576 0.0631573 0.0568413 0.0501 0.0432416 0.0365105 0.0301041 0.0241786 0.0188482 0.0141872 0.0102386 0.00702203 0.00453094
 0.0078472 0.0128338 0.0194761 0.0277605 0.0374328 0.0478367 0.0578829 0.0663158 0.0721607 0.075023 0.0750562 0.0727216 0.068571 0.0631366 0.0568892 0.0502156 0.0434139 0.0367103 0.0302848 0.0242894 0.0188548 0.0140865 0.0100592 0.00681007 0.00433129
 0.0079337 0.0129795 0.0197024 0.0280848 0.0378573 0.0483355 0.0583948 0.0667536 0.0724383 0.0750885 0.0749106 0.0724146 0.0681772 0.0627297 0.0565247 0.0499255 0.0432089 0.0365823 0.0302094 0.0242322 0.0187821 0.0139786 0.00991742 0.00665345 0.0041848
 0.00800425 0.0130915 0.0198666 0.0283105 0.0381519 0.0487017 0.0588253 0.0672234 0.0729006 0.0754779 0.0751583 0.0724707 0.0680306 0.0624135 0.056104 0.0494745 0.0427891 0.0362302 0.0299343 0.0240221 0.0186142 0.0138311 0.00977846 0.00652351 0.00407182
 0.00801371 0.0131065 0.0198886 0.0283413 0.0381944 0.0487607 0.0589078 0.0673381 0.0730544 0.0756705 0.0753756 0.0726822 0.0681945 0.0624911 0.0560758 0.0493495 0.0426005 0.0360204 0.0297386 0.0238584 0.0184834 0.0137242 0.00968623 0.00644171 0.00400173
 0.00805747 0.0131775 0.0199948 0.028489 0.0383858 0.0489908 0.059162 0.067594 0.0732874 0.0758612 0.0755143 0.0727668 0.0682252 0.0624642 0.0559846 0.0491903 0.0423803 0.0357601 0.029468 0.023606 0.0182676 0.013551 0.00955245 0.00634095 0.00392804
 0.00790619 0.012967 0.0197436 0.028237 0.0381834 0.0488812 0.0591673 0.0677102 0.0734905 0.0761179 0.0757909 0.0730354 0.0684653 0.0626623 0.0561312 0.0492782 0.0424061 0.035727 0.029388 0.0234983 0.0181528 0.0134451 0.00946416 0.00627257 0.00387819
 0.00772941 0.0126826 0.0193242 0.027667 0.0374716 0.0480751 0.0583594 0.0670249 0.0730485 0.0759937 0.0759883 0.0734943 0.0690907 0.0633572 0.0568172 0.0499018 0.0429357 0.0361482 0.0297005 0.0237126 0.0182873 0.0135211 0.00950145 0.00628682 0.00388032
 0.00777981 0.0127312 0.0193357 0.0275876 0.0372435 0.0476598 0.0577604 0.0662975 0.0722922 0.0753296 0.0755286 0.0733121 0.0692015 0.0637181 0.0573456 0.0505031 0.0435275 0.0366737 0.0301292 0.0240366 0.0185142 0.0136679 0.00958855 0.00633362 0.00390255
 0.00772632 0.0126414 0.0191937 0.0273735 0.0369326 0.047226 0.0571838 0.0655776 0.0714624 0.0744656 0.0747434 0.0727326 0.0689331 0.0638119 0.0577825 0.0512022 0.044373 0.0375472 0.0309358 0.0247173 0.019045 0.0140526 0.00984791 0.00649593 0.00399642
 0.00769753 0.012599 0.0191377 0.0273051 0.0368515 0.0471265 0.0570517 0.0653903 0.0711945 0.0740999 0.0742853 0.0722219 0.0684447 0.0634401 0.0576114 0.0512757 0.0446784 0.0380215 0.0314895 0.0252628 0.0195187 0.0144225 0.0101104 0.00666603 0.00409715
 0.00757057 0.0124088 0.0188819 0.0269931 0.036503 0.0467675 0.0567099 0.065091 0.0709537 0.0739192 0.0741505 0.0721118 0.0683456 0.0633599 0.0575834 0.051346 0.0448835 0.0383667 0.0319416 0.0257611 0.0199966 0.0148286 0.0104195 0.006878 0.0042286
 0.0075306 0.0123403 0.0187731 0.026833 0.0362864 0.0465011 0.056417 0.0648078 0.0707187 0.0737582 0.0740674 0.072089 0.0683543 0.0633748 0.0575956 0.0513688 0.0449464 0.0384999 0.0321579 0.026046 0.0203127 0.0151311 0.0106728 0.0070654 0.00435186
 0.00733853 0.0120562 0.0183977 0.0263846 0.0357946 0.0459979 0.0559308 0.0643644 0.0703457 0.0734863 0.0739253 0.0720929 0.0684995 0.0636343 0.0579289 0.0517367 0.045324 0.0388795 0.0325415 0.0264325 0.0206894 0.0154752 0.0109607 0.00728313 0.00449968
 0.00706328 0.0116364 0.0178189 0.0256561 0.0349514 0.0450992 0.0550568 0.0636058 0.0697838 0.0731714 0.0738659 0.072263 0.0688553 0.0641287 0.0585168 0.0523755 0.0459749 0.0395117 0.0331347 0.0269749 0.0211721 0.0158879 0.0112937 0.00753213 0.00466963
 0.00699277 0.0114922 0.0175492 0.0251996 0.0342587 0.0441643 0.0539408 0.0624357 0.0687202 0.0723603 0.0733999 0.0721664 0.0690942 0.064633 0.0592043 0.0531681 0.0468068 0.0403313 0.0339039 0.0276672 0.0217705 0.0163825 0.011681 0.00781583 0.00486148
 0.0076165 0.0123652 0.0185999 0.0262675 0.0351319 0.044645 0.0539057 0.0618654 0.0676962 0.0710419 0.071989 0.0708646 0.0680585 0.0639473 0.0588749 0.0531437 0.0470071 0.0406728 0.0343145 0.0280915 0.0221694 0.0167305 0.0119636 0.00802865 0.00500888
 0.00815941 0.0132472 0.0199156 0.0280757 0.0374099 0.047235 0.0564887 0.0640075 0.0689761 0.0712043 0.0710374 0.0690432 0.0657465 0.0615308 0.0566535 0.0512919 0.0455828 0.0396509 0.0336268 0.0276582 0.0219173 0.0165999 0.011909 0.0080164 0.00501587
 0.00821161 0.0134162 0.0203256 0.0288935 0.0388012 0.0492917 0.0591561 0.0670494 0.072 0.0737429 0.0726635 0.0694859 0.0649692 0.0597355 0.0542067 0.0486057 0.0430059 0.0374086 0.0318172 0.0262842 0.0209274 0.0159218 0.0114689 0.00774785 0.0048634
 0.00802241 0.0131251 0.0199252 0.028407 0.0383003 0.0489109 0.0590869 0.0674962 0.0730966 0.0754636 0.0747817 0.0716167 0.0666868 0.0607134 0.0543182 0.0479438 0.0418218 0.0360071 0.0304599 0.0251357 0.0200521 0.0153105 0.0110742 0.00751155 0.00473256
 0.00796593 0.0130133 0.019721 0.0280672 0.0377914 0.0482348 0.0583068 0.0667471 0.072569 0.0753568 0.0752357 0.0726444 0.0681379 0.0623004 0.0557053 0.0488636 0.0421625 0.0358294 0.029942 0.0244868 0.0194385 0.0148237 0.0107366 0.00730305 0.00461672
 0.00802014 0.0130882 0.0198078 0.0281447 0.0378261 0.048185 0.0581317 0.0664227 0.0721104 0.0748357 0.0747809 0.0724107 0.0682487 0.0627857 0.0564705 0.0497131 0.0428749 0.0362453 0.0300187 0.0242924 0.0191004 0.0144656 0.0104383 0.00709347 0.00448882
 0.00794783 0.0129863 0.0196828 0.0280107 0.0376991 0.0480724 0.0580256 0.0663005 0.0719435 0.0746066 0.0745 0.0721282 0.06805 0.0627654 0.0566894 0.0501596 0.0434556 0.0368181 0.030453 0.024522 0.0191379 0.0143775 0.0103028 0.00696742 0.00439775
 0.00781059 0.0127855 0.0194226 0.0277115 0.0373934 0.047798 0.0578165 0.0661791 0.071913 0.0746473 0.0745742 0.0721962 0.0680923 0.0627972 0.0567568 0.0503137 0.0437184 0.0371617 0.030808 0.0248113 0.019314 0.0144391 0.0102841 0.00691323 0.00434216
 0.00765251 0.0125375 0.0190678 0.0272442 0.0368253 0.0471641 0.0571784 0.0656181 0.0715106 0.074459 0.0746108 0.0724229 0.0684452 0.0632096 0.0571821 0.050735 0.0441406 0.0375901 0.0312301 0.0251945 0.0196209 0.0146483 0.0104002 0.00696079 0.00435129
 0.0077008 0.0125895 0.0190973 0.0272109 0.0366863 0.0468918 0.0567769 0.0651277 0.0709992 0.0740037 0.0742789 0.0722561 0.0684512 0.0633636 0.057439 0.0510472 0.0444722 0.0379211 0.0315489 0.025488 0.0198715 0.0148398 0.0105268 0.00703045 0.00438112
 0.00774091 0.012647 0.0191681 0.0272821 0.0367344 0.0468834 0.0566734 0.0648968 0.0706313 0.0735262 0.0737575 0.071779 0.0681018 0.0631949 0.0574607 0.0512305 0.0447663 0.0382715 0.0319102 0.025827 0.0201654 0.015074 0.010696 0.00713934 0.00444242
 0.00789024 0.012881 0.0195026 0.0277231 0.0372728 0.0474891 0.0572901 0.065444 0.0710177 0.0736733 0.0736247 0.0713793 0.0675017 0.0624971 0.056775 0.0506442 0.0443261 0.0379833 0.0317507 0.0257602 0.020155 0.0150904 0.0107188 0.00715734 0.00445226
 0.00799232 0.0130428 0.0197382 0.0280421 0.0376776 0.0479709 0.0578246 0.0659887 0.0715152 0.0740596 0.0738401 0.0713812 0.0672767 0.0620692 0.0562053 0.0500175 0.0437285 0.0374795 0.0313721 0.0255056 0.0200018 0.0150081 0.0106791 0.00713952 0.00444391
 0.00790563 0.0129298 0.0196198 0.0279551 0.0376652 0.048067 0.0580402 0.0663088 0.0719043 0.0744718 0.0742265 0.0716939 0.0674729 0.0621186 0.0560997 0.0497776 0.0434018 0.0371275 0.0310514 0.025253 0.0198284 0.0149046 0.0106256 0.00711589 0.004435
 0.00785876 0.0128578 0.0195209 0.0278346 0.037539 0.0479644 0.058002 0.0663775 0.0721071 0.0748042 0.0746471 0.0721353 0.0678617 0.0623946 0.056227 0.0497491 0.0432376 0.0368699 0.0307544 0.0249682 0.0195921 0.0147319 0.0105135 0.00705071 0.00440068
 0.00778698 0.0127368 0.0193316 0.0275589 0.0371668 0.0475042 0.0574899 0.0658784 0.0717037 0.0745756 0.0746457 0.0723697 0.0682923 0.0629442 0.0568024 0.0502656 0.0436387 0.0371352 0.0308965 0.0250207 0.0195946 0.0147168 0.0104997 0.00704429 0.00440049
 0.00771262 0.0126132 0.0191405 0.0272818 0.0367887 0.0470208 0.0569155 0.0652508 0.0710836 0.0740389 0.0742709 0.0722212 0.0684039 0.0633059 0.0573592 0.0509301 0.0443144 0.0377412 0.0313843 0.0253779 0.0198363 0.0148713 0.0105958 0.00710381 0.00443729
 0.00800506 0.013068 0.0197843 0.0281192 0.0377953 0.0481344 0.0580317 0.0662315 0.0717849 0.074351 0.0741523 0.0717104 0.0676059 0.0623602 0.0564017 0.0500604 0.0435809 0.0371459 0.0309027 0.0249815 0.0195067 0.0146026 0.0103879 0.00695517 0.00434048
 0.00819089 0.0133877 0.020296 0.0288828 0.0388518 0.0494768 0.0595803 0.0678318 0.0732365 0.075457 0.0747651 0.0717611 0.0671122 0.0614175 0.0551587 0.0486853 0.0422242 0.0359146 0.0298519 0.0241236 0.0188299 0.0140863 0.0100104 0.00669446 0.00417302
 0.00803348 0.0131545 0.0199903 0.0285298 0.038502 0.049204 0.0594728 0.0679726 0.0736724 0.0761682 0.0756557 0.0726792 0.0678951 0.0619396 0.0553637 0.0485918 0.0419079 0.0354761 0.0293847 0.0236936 0.0184705 0.0138062 0.00980432 0.00655136 0.00408016
 0.00747634 0.0122448 0.0186195 0.0266111 0.0360077 0.0462171 0.0562277 0.0648466 0.07111 0.0745625 0.0752398 0.0734725 0.0697127 0.0644548 0.0581969 0.0513996 0.0444448 0.0376148 0.0310975 0.0250142 0.0194574 0.0145195 0.0102985 0.00687526 0.00427847
 0.00758846 0.0123722 0.0187069 0.0265648 0.0357104 0.0455581 0.0551395 0.0633385 0.0692897 0.0726387 0.0734944 0.0721986 0.0691336 0.0646552 0.0590995 0.0527969 0.0460705 0.0392226 0.0325151 0.0261592 0.0203203 0.0151339 0.0107137 0.00714098 0.00443824
 0.00786576 0.0128288 0.0193989 0.0275319 0.0369474 0.046979 0.0565563 0.0644807 0.0698759 0.0724745 0.0725507 0.070632 0.0672432 0.062794 0.0575724 0.0517816 0.0455888 0.0391683 0.03272 0.0264619 0.0206095 0.0153573 0.0108632 0.00723062 0.00448725
 0.00786366 0.0128594 0.0195087 0.0277879 0.0374224 0.047725 0.0575736 0.065694 0.0711294 0.0735512 0.0732199 0.0707181 0.0666923 0.0617067 0.056179 0.0503661 0.0443956 0.0383327 0.0322519 0.0262799 0.0205982 0.0154165 0.0109307 0.00728066 0.00451667
 0.00787198 0.0128816 0.0195601 0.0278932 0.0376167 0.0480513 0.0580744 0.0663974 0.0720277 0.0745803 0.0742502 0.0715701 0.0671806 0.0617008 0.0556578 0.049435 0.0432538 0.037203 0.0313066 0.0255985 0.0201712 0.0151819 0.0108156 0.00722792 0.00449232
 0.0075759 0.0124088 0.0188674 0.0269543 0.0364373 0.0466886 0.0566529 0.0651036 0.0710748 0.0741511 0.0744409 0.072356 0.0684158 0.0631538 0.0570753 0.0506161 0.0441037 0.0377418 0.031631 0.0258199 0.0203666 0.0153771 0.0110005 0.00738232 0.00460429
 0.00741316 0.0121233 0.0183998 0.026239 0.0354201 0.0453562 0.0550598 0.0633828 0.0694217 0.0727867 0.073567 0.0721127 0.0688471 0.0641893 0.05854 0.0522724 0.045717 0.0391424 0.0327458 0.0266611 0.0209911 0.0158444 0.011351 0.0076376 0.00477848
 0.00764414 0.0124781 0.0188917 0.0268568 0.0361196 0.0460531 0.0556313 0.0636873 0.0693405 0.072274 0.0726815 0.0710114 0.0677417 0.0632827 0.0579662 0.052063 0.0458047 0.0394015 0.0330483 0.0269212 0.0211783 0.0159682 0.011434 0.0076975 0.0048231
 0.0077296 0.0126358 0.0191625 0.0272863 0.0367424 0.0468681 0.0565805 0.064651 0.0701581 0.0727836 0.0727658 0.0706345 0.0669656 0.0622556 0.0568822 0.0511036 0.0450867 0.0389533 0.0328232 0.0268376 0.0211606 0.0159699 0.0114371 0.00769986 0.00482643
 0.00791287 0.0129195 0.0195638 0.0278147 0.0374016 0.0476569 0.0574876 0.0656433 0.0711679 0.0737042 0.0734624 0.0709741 0.0668577 0.0616886 0.0559372 0.0499361 0.0438805 0.037866 0.0319477 0.0261944 0.0207187 0.0156783 0.011249 0.00758154 0.00475548
 0.00805777 0.0131625 0.019942 0.0283633 0.0381422 0.0485818 0.0585477 0.0667522 0.0722233 0.0746131 0.074154 0.071395 0.0669619 0.0614401 0.0553285 0.0490109 0.0427405 0.0366515 0.0307992 0.0252147 0.019955 0.0151271 0.0108768 0.00734495 0.00461405
 0.00810229 0.0132431 0.0200792 0.0285835 0.0384738 0.0490477 0.0591555 0.0674856 0.0730379 0.0754406 0.074913 0.0720055 0.0673582 0.0615767 0.0551815 0.0485819 0.0420643 0.0358006 0.0298755 0.0243261 0.0191873 0.0145262 0.0104473 0.00706304 0.00444351
 0.00760128 0.0124442 0.0189107 0.0270019 0.0364882 0.0467496 0.0567411 0.065244 0.0712923 0.0744611 0.0748415 0.0728252 0.068911 0.0636121 0.0574178 0.0507614 0.0439932 0.0373695 0.0310589 0.0251634 0.019753 0.0148994 0.010692 0.00722247 0.00454473
 0.00726953 0.0119337 0.0181949 0.0260724 0.0353515 0.0454254 0.0552681 0.063694 0.0697825 0.0731522 0.0739159 0.0724446 0.069168 0.0644955 0.0588076 0.0524584 0.04577 0.0390248 0.0324561 0.0262447 0.0205285 0.0154213 0.011026 0.00742791 0.00466651
#obs surv len freq
 nan nan nan nan nan nan nan nan nan nan nan nan nan nan nan nan nan nan nan nan nan nan nan nan nan
 0.00448583 0.00734785 0.0111786 0.0159958 0.0216974 0.0279736 0.034288 0.0400191 0.044698 0.0481607 0.0505172 0.0520115 0.0529023 0.0534133 0.0537265 0.0539806 0.0542586 0.054551 0.0546895 0.0542813 0.0527194 0.0493518 0.043802 0.0362828 0.0276672
 0.00461312 0.0075579 0.0115002 0.0164565 0.0223166 0.0287525 0.0351986 0.0410021 0.0456709 0.0490347 0.0512142 0.0524758 0.0531055 0.0533547 0.0534284 0.0534804 0.0536001 0.0537772 0.0538398 0.053393 0.0518315 0.0485078 0.0430469 0.0356546 0.0271871
 0.00477635 0.00782318 0.0118995 0.01702 0.0230676 0.0296984 0.0363212 0.0422512 0.0469681 0.0502839 0.0523152 0.0533372 0.0536558 0.0535507 0.0532595 0.052967 0.0527866 0.0527228 0.0526107 0.0520593 0.0504684 0.0471952 0.0418641 0.0346671 0.0264309
 0.00497132 0.00814185 0.0123821 0.0177049 0.0239835 0.0308524 0.0376871 0.0437658 0.04854 0.05181 0.053695 0.0544792 0.0544803 0.0539928 0.0532752 0.0525403 0.0519333 0.0514899 0.0510727 0.050313 0.048629 0.0453899 0.0402186 0.0332839 0.0253679
 0.00517035 0.00847093 0.0128877 0.0184338 0.024974 0.0321197 0.039208 0.0454734 0.0503329 0.0535714 0.055311 0.0558495 0.0555211 0.0546357 0.0534667 0.0522442 0.0511367 0.0502117 0.0493706 0.0482881 0.0464229 0.043173 0.0381657 0.031541 0.0240199
 0.00540076 0.00884433 0.0134479 0.0192219 0.0260221 0.0334403 0.0407819 0.0472431 0.0522072 0.0554401 0.0570595 0.0573704 0.0567199 0.0554343 0.053803 0.0520716 0.0504263 0.0489601 0.0476136 0.0461144 0.0439808 0.0406601 0.0357979 0.0295058 0.0224328
 0.00563926 0.00923776 0.0140503 0.0200863 0.0271894 0.0349217 0.0425428 0.0491992 0.0542404 0.057423 0.0588773 0.058928 0.05794 0.0562515 0.0541606 0.0519206 0.0497289 0.0476978 0.0458035 0.0438291 0.0413635 0.0379203 0.0331786 0.0272285 0.0206415
 0.00587606 0.00962463 0.0146365 0.0209201 0.0283098 0.0363456 0.0442492 0.051122 0.0562743 0.0594415 0.060753 0.0605481 0.0592143 0.0571129 0.0545595 0.0518174 0.0490896 0.0464994 0.0440503 0.0415773 0.0387427 0.0351358 0.0304818 0.024858 0.0187603
 0.00613357 0.0100466 0.0152774 0.0218323 0.0295327 0.037889 0.0460775 0.0531496 0.0583793 0.0614904 0.0626218 0.0621332 0.0604342 0.0579061 0.0548815 0.051636 0.0483807 0.0452477 0.0422612 0.0392999 0.0360951 0.0323136 0.0277335 0.0224273 0.0168199
 0.0063831 0.0104553 0.0158983 0.0227167 0.0307205 0.0393932 0.0478673 0.0551443 0.0604588 0.063518 0.064467 0.0636868 0.0616133 0.0586536 0.0551603 0.0514225 0.0476586 0.0440088 0.0405142 0.037092 0.0335351 0.0295832 0.0250672 0.02006 0.0149217
 0.00661409 0.0108371 0.0164845 0.0235608 0.0318653 0.0408529 0.0496107 0.0570892 0.062484 0.065487 0.0662513 0.0651785 0.0627308 0.059341 0.0553842 0.0511659 0.0469152 0.04278 0.0388166 0.0349738 0.0310986 0.0269954 0.0225437 0.0178182 0.0131212
 0.00684473 0.0112124 0.0170503 0.0243604 0.0329319 0.0421975 0.0512079 0.0588709 0.0643468 0.0673096 0.0679128 0.0665734 0.0637757 0.0599779 0.0555792 0.0509039 0.0461943 0.0416089 0.0372182 0.0329991 0.0288445 0.0246139 0.0202288 0.0157647 0.011472
 0.00705646 0.0115623 0.017587 0.0251317 0.0339739 0.0435179 0.0527711 0.0605942 0.066115 0.0689994 0.0694145 0.0678001 0.0646643 0.0604856 0.0556805 0.0505882 0.0454628 0.0404733 0.0357052 0.0311608 0.026772 0.0224446 0.0181341 0.0139147 0.00999029
 0.0072548 0.0118875 0.0180814 0.0258366 0.0349214 0.044718 0.0541973 0.0621782 0.0677538 0.0705747 0.0708125 0.068927 0.0654541 0.0609011 0.0557082 0.0502306 0.044732 0.0393885 0.0342967 0.0294798 0.0249022 0.0205079 0.0162788 0.0122858 0.00869114
 0.00744827 0.0122018 0.0185539 0.0265015 0.0358027 0.0458188 0.055489 0.0635963 0.0692072 0.0719616 0.0720372 0.0699095 0.0661346 0.0612418 0.0556932 0.0498625 0.044027 0.0383725 0.0330055 0.0279653 0.0232417 0.0188078 0.0146653 0.0108794 0.00757553
 0.00751502 0.012319 0.0187469 0.0268002 0.0362368 0.0464086 0.0562361 0.0644793 0.0701834 0.0729742 0.073022 0.0708005 0.0668686 0.0617626 0.0559564 0.0498397 0.0437071 0.0377621 0.0321294 0.0268686 0.021994 0.0175027 0.013411 0.00977806 0.00669814
 0.00759069 0.0124316 0.0188977 0.0269865 0.036456 0.0466645 0.0565417 0.0648529 0.0706405 0.0735169 0.073633 0.0714428 0.0674908 0.062306 0.0563632 0.0500591 0.0437012 0.0375111 0.0316353 0.0261594 0.0211247 0.0165528 0.0124739 0.00894206 0.00602555
 0.00766285 0.0125449 0.0190601 0.0272011 0.0367186 0.0469622 0.056853 0.0651536 0.0709133 0.073761 0.0738644 0.0716842 0.0677556 0.062587 0.0566292 0.0502627 0.0437908 0.0374428 0.0313842 0.025727 0.0205427 0.0158806 0.0117874 0.00831604 0.00551485
 0.0077207 0.0126327 0.0191806 0.027353 0.0368972 0.0471604 0.0570618 0.0653618 0.0711079 0.0739304 0.0740033 0.0717974 0.067857 0.0626924 0.0567459 0.0503802 0.0438793 0.0374615 0.0312944 0.025507 0.020198 0.0154457 0.0113174 0.00787129 0.00514294
 0.0077708 0.0127099 0.0192889 0.0274924 0.0370637 0.0473453 0.0572523 0.0655422 0.0712634 0.074051 0.074086 0.0718461 0.0678806 0.0627027 0.0567542 0.0503923 0.0438903 0.0374531 0.0312396 0.0253804 0.0199891 0.0151666 0.0110013 0.00756106 0.00487642
 0.00782959 0.0127999 0.0194138 0.0276514 0.0372516 0.0475526 0.0574653 0.0657437 0.0714353 0.0741781 0.0741598 0.0718663 0.0678545 0.0626429 0.0566752 0.0503071 0.0438064 0.0373689 0.0311442 0.025258 0.0198276 0.0149661 0.0107775 0.00733999 0.004684
 0.00785551 0.012841 0.0194736 0.0277321 0.0373532 0.0476722 0.057596 0.0658755 0.0715566 0.0742789 0.0742332 0.0719095 0.0678678 0.0626291 0.0566396 0.0502565 0.0437471 0.0373042 0.031072 0.0251719 0.0197203 0.0148359 0.0106315 0.00719327 0.00455368
 0.00787876 0.0128735 0.0195129 0.0277731 0.0373901 0.0477012 0.0576178 0.0658944 0.0715786 0.0743081 0.0742703 0.0719514 0.0679093 0.0626646 0.0566646 0.0502686 0.0437457 0.0372899 0.0310447 0.0251298 0.0196611 0.0147593 0.0105422 0.00710073 0.00446922
 0.00790704 0.0129164 0.0195712 0.0278449 0.0374701 0.0477814 0.0576878 0.0659443 0.0716019 0.074305 0.0742481 0.0719211 0.0678811 0.0626438 0.056651 0.0502584 0.0437342 0.037273 0.0310198 0.0250949 0.0196153 0.0147031 0.0104789 0.00703638 0.0044109
 0.00789441 0.0128973 0.0195453 0.0278128 0.0374335 0.0477427 0.0576498 0.0659098 0.0715733 0.0742843 0.074237 0.0719216 0.0678957 0.0626744 0.0566974 0.0503168 0.0437978 0.0373336 0.0310698 0.0251289 0.0196306 0.0147002 0.0104613 0.00700981 0.00438203
 0.00790838 0.0129108 0.0195488 0.0277927 0.0373765 0.0476424 0.0575125 0.0657538 0.0714237 0.0741642 0.074161 0.0718948 0.0679148 0.0627318 0.0567836 0.0504223 0.0439128 0.0374484 0.0311748 0.0252163 0.0196954 0.014741 0.0104805 0.00701297 0.00437575
 0.00790372 0.0129042 0.0195402 0.0277812 0.0373587 0.0476116 0.0574586 0.0656679 0.0713037 0.07402 0.0740145 0.0717728 0.0678398 0.062715 0.0568233 0.0505072 0.0440272 0.0375761 0.0313013 0.02533 0.0197882 0.014809 0.0105243 0.00703651 0.00438514
 0.00787579 0.0128568 0.0194655 0.0276717 0.0372104 0.0474274 0.0572509 0.0654567 0.0711109 0.0738627 0.0739022 0.0717097 0.0678286 0.0627583 0.0569216 0.0506553 0.044213 0.0377819 0.0315081 0.0255206 0.0199499 0.0149352 0.0106142 0.00709446 0.00441839
 0.00786406 0.0128354 0.0194289 0.0276129 0.0371224 0.0473051 0.0570945 0.0652734 0.0709152 0.0736744 0.0737421 0.0715951 0.06777 0.0627589 0.0569791 0.0507636 0.0443628 0.0379606 0.0316998 0.0257081 0.0201178 0.0150729 0.0107173 0.00716449 0.00446132
 0.00787053 0.0128417 0.0194305 0.0276027 0.0370918 0.0472471 0.0570052 0.0651539 0.0707714 0.0735166 0.0735841 0.0714531 0.0676602 0.0626945 0.0569675 0.0508057 0.0444532 0.0380888 0.0318519 0.0258681 0.02027 0.0152045 0.0108205 0.00723791 0.0045084
 0.00783039 0.0127827 0.0193532 0.027511 0.0369916 0.047143 0.0568993 0.0650462 0.0706619 0.0734077 0.0734818 0.0713659 0.0675979 0.0626662 0.05698 0.050862 0.0445516 0.0382226 0.0320098 0.0260355 0.0204317 0.0153471 0.0109353 0.0073218 0.00456389
 0.00778997 0.0127134 0.0192429 0.0273482 0.03677 0.0468683 0.056593 0.0647435 0.0704015 0.0732193 0.0733784 0.0713441 0.067645 0.0627676 0.0571234 0.0510385 0.0447541 0.0384436 0.0322395 0.0262619 0.0206416 0.0155286 0.0110804 0.0074282 0.00463496
 0.0077807 0.012692 0.0191987 0.0272671 0.036637 0.046673 0.0563357 0.0644385 0.0700774 0.072914 0.0731308 0.0711852 0.0675898 0.0628133 0.0572536 0.0512305 0.0449857 0.038696 0.0324973 0.0265116 0.0208704 0.0157255 0.0112381 0.00754463 0.0047135
 0.00773739 0.0126265 0.019109 0.0271534 0.0365003 0.0465132 0.056151 0.0642276 0.0698435 0.0726685 0.0728954 0.0709885 0.0674613 0.0627744 0.057312 0.051378 0.0452022 0.0389558 0.0327747 0.0267844 0.0211209 0.0159406 0.0114101 0.00767171 0.00479958
 0.00931838 0.014836 0.0217683 0.0298747 0.0388008 0.0479955 0.0566454 0.0638158 0.0687708 0.0712186 0.0713006 0.0694028 0.0659749 0.0614393 0.0561587 0.0504219 0.0444438 0.0383817 0.0323613 0.0265027 0.0209409 0.0158348 0.0113544 0.00764681 0.0047912
 0.00930531 0.0151067 0.0226901 0.0319021 0.0422765 0.0528824 0.0623576 0.0693152 0.0729372 0.0732926 0.0711343 0.0673975 0.0628051 0.0577653 0.0524656 0.0469966 0.041425 0.0358195 0.0302577 0.0248334 0.0196656 0.0149026 0.0107075 0.00722448 0.00453415
 0.00897746 0.0145915 0.0219694 0.0310271 0.0414205 0.0523758 0.0626468 0.070802 0.0757348 0.0770457 0.0750655 0.070602 0.064628 0.058028 0.0514327 0.0451612 0.0392787 0.0337207 0.0284085 0.0233161 0.0184898 0.0140389 0.0101081 0.00683379 0.00429692
 0.00881083 0.0143111 0.0215305 0.0303856 0.04055 0.0512995 0.0614785 0.0697726 0.0751736 0.0772887 0.0763024 0.0727335 0.067235 0.0605077 0.0532425 0.0460266 0.0392473 0.0330613 0.0274505 0.022327 0.0176293 0.0133709 0.00963374 0.00652289 0.00410864
 0.00874413 0.0141981 0.0213509 0.0301151 0.0401625 0.0507733 0.0608074 0.0689829 0.0743432 0.0765616 0.0758793 0.0728202 0.0679503 0.0617932 0.0548406 0.0475646 0.0403903 0.0336426 0.0275043 0.0220233 0.0171702 0.0129135 0.00926265 0.00626153 0.00394446
 0.00870433 0.0141315 0.0212471 0.0299621 0.0399485 0.0504885 0.0604466 0.0685481 0.0738467 0.0760325 0.0753743 0.0724323 0.0677994 0.0619875 0.0554179 0.0484456 0.0413866 0.0345272 0.0281074 0.022293 0.0171668 0.0127533 0.00905676 0.00608055 0.0038155
 0.0087016 0.0141241 0.0212301 0.0299284 0.0398895 0.0503953 0.0603119 0.068367 0.0736171 0.0757565 0.0750624 0.0721096 0.0675124 0.0618044 0.0554117 0.0486617 0.0418084 0.0350667 0.0286348 0.0226928 0.0173847 0.0128059 0.00900439 0.00598895 0.00372965
 0.00870232 0.0141256 0.0212326 0.0299318 0.0398922 0.0503933 0.0602984 0.0683324 0.0735516 0.0756523 0.0749163 0.0719257 0.0673053 0.0616023 0.0552566 0.0486007 0.0418751 0.0352598 0.02891 0.0229776 0.0176107 0.0129374 0.00904646 0.00597288 0.00369076
 0.00869591 0.014117 0.0212231 0.0299238 0.0398882 0.0503953 0.0603061 0.0683426 0.0735581 0.0756466 0.0748888 0.0718686 0.0672159 0.0614866 0.0551317 0.0484941 0.0418181 0.0352752 0.0289991 0.0231157 0.0177572 0.0130545 0.00911525 0.00599662 0.00368601
 0.0086664 0.0140718 0.0211604 0.0298443 0.0397957 0.0502966 0.0602109 0.0682626 0.0735037 0.0756233 0.0748951 0.0718957 0.0672507 0.0615165 0.0551497 0.0485024 0.0418286 0.0353042 0.0290587 0.0232058 0.0178633 0.0131548 0.00919159 0.00604216 0.0037053
 0.00865814 0.0140569 0.0211354 0.0298053 0.0397398 0.0502237 0.0601254 0.0681733 0.0734222 0.0755609 0.0748595 0.0718894 0.06727 0.0615529 0.0551929 0.0485443 0.0418663 0.0353415 0.0291029 0.0232619 0.0179297 0.013223 0.00925057 0.00608438 0.00372967
 0.00864228 0.0140329 0.0211025 0.0297637 0.0396903 0.0501668 0.0600617 0.0681043 0.0733512 0.0754938 0.0748044 0.0718545 0.0672609 0.0615707 0.0552333 0.0485994 0.0419279 0.0354037 0.0291639 0.0233225 0.01799 0.0132805 0.00930074 0.00612291 0.00375507
 0.00864488 0.0140341 0.0210988 0.0297503 0.0396625 0.0501227 0.0600034 0.0680377 0.0732838 0.0754323 0.0747531 0.071816 0.0672376 0.0615648 0.0552463 0.0486303 0.0419729 0.0354575 0.0292212 0.0233795 0.0180442 0.0133298 0.00934285 0.00615574 0.00377787
 0.00863707 0.0140242 0.021089 0.0297436 0.0396614 0.0501267 0.0600084 0.0680367 0.0732703 0.0754039 0.0747126 0.0717701 0.0671942 0.0615305 0.0552254 0.0486249 0.041983 0.0354809 0.0292543 0.023418 0.018084 0.0133674 0.00937547 0.00618163 0.00379639
 0.00862404 0.0140031 0.0210577 0.0297008 0.0396078 0.0500661 0.0599477 0.0679847 0.0732344 0.0753865 0.0747109 0.0717781 0.0672066 0.0615448 0.0552424 0.0486468 0.0420117 0.0355169 0.0292962 0.0234629 0.0181284 0.0134081 0.0094099 0.00620833 0.00381526
 0.00862404 0.0140031 0.0210577 0.0297008 0.0396078 0.0500661 0.0599477 0.0679847 0.0732344 0.0753865 0.0747109 0.0717781 0.0672066 0.0615448 0.0552424 0.0486468 0.0420117 0.0355169 0.0292962 0.0234629 0.0181284 0.0134081 0.0094099 0.00620833 0.00381526
 0.00854845 0.0138841 0.0208864 0.0294727 0.0393252 0.049741 0.0596041 0.0676576 0.0729636 0.0752069 0.0746434 0.0718249 0.0673527 0.0617638 0.055504 0.0489239 0.0422835 0.0357698 0.0295222 0.0236575 0.0182896 0.0135355 0.0095052 0.00627516 0.00385874
 0.00882536 0.0143105 0.0214819 0.030235 0.0402254 0.0507206 0.0605741 0.0685065 0.0735802 0.0755097 0.0746033 0.07147 0.0667536 0.0610115 0.0546878 0.0481169 0.0415374 0.0351153 0.0289737 0.0232177 0.017953 0.0132909 0.00933752 0.00616755 0.0037946
 0.00891802 0.0144901 0.0218037 0.0307634 0.041012 0.051772 0.0618262 0.0698243 0.0747876 0.0764384 0.0751344 0.0715544 0.0664122 0.0603203 0.0537562 0.0470637 0.0404701 0.034117 0.0280983 0.0224924 0.0173837 0.0128682 0.00904193 0.00597421 0.00367716
 0.00868964 0.0141381 0.0213139 0.0301459 0.0403108 0.0510724 0.061252 0.0695134 0.0748471 0.0768959 0.0759166 0.0725091 0.0673607 0.0611132 0.0543079 0.0473585 0.0405458 0.0340399 0.0279383 0.0223073 0.0172116 0.0127287 0.00894026 0.00590675 0.00363629
 0.00816637 0.0132778 0.0200069 0.0282995 0.0378883 0.0481456 0.0580444 0.0663948 0.07226 0.075238 0.0754319 0.0732292 0.0691117 0.0635757 0.0571065 0.050151 0.0430843 0.0361901 0.0296635 0.0236337 0.0181952 0.0134322 0.00942299 0.00622143 0.00382896
 0.00833561 0.0134929 0.0202158 0.0284066 0.0377673 0.0476691 0.0571203 0.0650038 0.0704846 0.0732745 0.0735677 0.0717803 0.0683336 0.0635849 0.0578494 0.0514318 0.0446376 0.0377622 0.0310707 0.0247812 0.0190642 0.0140509 0.00983974 0.00648701 0.00398826
 0.00864372 0.0140128 0.0210267 0.0295753 0.0393094 0.0494997 0.0590211 0.066643 0.0715036 0.0734084 0.0727428 0.0701439 0.0662086 0.0613717 0.0559101 0.0499987 0.0437743 0.0373874 0.0310243 0.0248981 0.0192223 0.0141856 0.00993143 0.00654065 0.00401624
 0.00858472 0.0139536 0.0210082 0.0296649 0.0395917 0.0500537 0.0598887 0.0677967 0.0728222 0.0746782 0.0736985 0.0705475 0.0659398 0.0604825 0.0546127 0.0485878 0.0425229 0.0364647 0.0304684 0.0246445 0.0191614 0.0142151 0.00998375 0.00658427 0.00404367
 0.00867161 0.0140807 0.0211748 0.0298665 0.0398283 0.0503403 0.0602605 0.0682998 0.0734903 0.0755005 0.0745949 0.0713676 0.0664962 0.0606132 0.0542491 0.0477915 0.0414679 0.0353705 0.0295204 0.0239411 0.0187093 0.0139614 0.00985771 0.00652728 0.00401888
 0.00836873 0.0136136 0.0205203 0.0290237 0.0388228 0.0492286 0.059136 0.067292 0.0727503 0.0751694 0.0747639 0.072042 0.0675779 0.0619142 0.0555397 0.0488711 0.042227 0.0358134 0.0297365 0.0240463 0.0187917 0.0140585 0.00996652 0.00662859 0.00409745
 0.00822566 0.0133529 0.0200781 0.028329 0.0378213 0.0479177 0.0575925 0.0656741 0.0712641 0.0740188 0.0741069 0.0719664 0.0680906 0.0629385 0.0569219 0.0504065 0.0437083 0.0370843 0.0307264 0.0247667 0.0193018 0.0144236 0.010233 0.00682126 0.00422966
 0.00852832 0.013824 0.0207432 0.0291849 0.0388214 0.0489597 0.0585178 0.0662946 0.0714202 0.073644 0.0732629 0.0708265 0.0668816 0.0618712 0.056136 0.049945 0.0435239 0.0370748 0.0307824 0.0248126 0.0193104 0.0144038 0.0102062 0.00680241 0.00422224
