SBPRF35
7.76117
Curr Bio
588872
B35
536832
F35
0.213603
FOFL
0.213603
OFL
98624
Bzero
2.21748e+006
#pred survey bio
 2.77162e+006 2.58713e+006 2.35088e+006 2.18e+006 2.03264e+006 1.8396e+006 1.60778e+006 1.38563e+006 1.25628e+006 1.16478e+006 1.08102e+006 941322 815442 746166 692942 682336 681545 689715 676484 616399 560000 536563 550178 586709 601033 613295 565806 547655 539531 544245 509677 500669 513067 520226 528557 537563 553294 545867 552296 578159 592220 585206 577119 625877 681401 654209 578606 497365 490346 516169 608848 651210 670304 645798 606733 598698 617738 635056 620318 600890 583806 570971 606853 635643 595571 1.37612e+007 1.21666e+007 1.21474e+007 1.26546e+007 1.34417e+007 1.4291e+007 1.50721e+007 1.57275e+007 1.62463e+007 1.66417e+007 1.69356e+007 1.71506e+007 1.73065e+007 1.74191e+007 1.75004e+007 1.75592e+007 1.76019e+007 1.76331e+007 1.7656e+007 1.76729e+007 1.76855e+007 1.76949e+007 1.7702e+007 1.77074e+007 1.77114e+007 1.77145e+007 1.77169e+007 1.77186e+007 1.772e+007 1.77211e+007 1.77219e+007 1.77225e+007 1.7723e+007 1.77234e+007 1.77236e+007 1.77239e+007 1.7724e+007 1.77242e+007 1.77243e+007 1.77243e+007 1.77244e+007 1.77244e+007 1.77245e+007 1.77245e+007 1.77245e+007 1.77246e+007 1.77246e+007 1.77246e+007 1.77246e+007 1.77246e+007 1.77246e+007 1.77246e+007 1.77246e+007 1.77246e+007 1.77246e+007 1.77246e+007 1.77246e+007 1.77246e+007 1.77246e+007 1.77246e+007 1.77246e+007 1.77246e+007 1.77246e+007 1.77246e+007 1.77246e+007 1.77246e+007 1.77246e+007 1.77246e+007 1.77246e+007 1.77246e+007 1.77246e+007 1.77246e+007 1.77246e+007 1.77246e+007 1.77246e+007 1.77246e+007 1.77246e+007 1.77246e+007 1.77246e+007 1.77246e+007 1.77246e+007 1.77246e+007 1.77246e+007 1.77246e+007 1.77246e+007 1.77246e+007 1.77246e+007 1.77246e+007 1.77246e+007 1.77246e+007 1.77246e+007 1.77246e+007 1.77246e+007 1.77246e+007 1.77246e+007 1.77246e+007 1.77246e+007 1.77246e+007 1.77246e+007 1.77246e+007 0 0 0 0 0 0 0 0 0 0 0 0 0 0 0 0 0 0 0 0 0 0 0 0 0
#obs survey bio
 2.48387e+006 2.77443e+006 2.3367e+006 1.91137e+006 2.44798e+006 2.24098e+006 1.9908e+006 1.66258e+006 898514 1.2077e+006 913363 767961 650524 580917 736649 703349 556079 1.03296e+006 842150 796497 540971 461459 519725 446196 551389 896415 536973 581050 586516 669654 434364 411481 483930 490312 485580 494844 670566 566358 463130 647698 545028 656234 516590 799358 601136 738779 400016 674424 375974 631778 624608 904180 672658 743852 505766 503829 602815 689512 527963 616504 749869 354950 982019 583692 553792
#pred catch bio
 300737 302876 291056 308232 311096 286191 306804 268774 272694 250709 244536 206298 183145 177161 138394 144368 137602 117859 114303 108942 109863 99972.3 97680.2 110688 99420.8 100610 95235.2 93654.8 85432.3 94914.7 94191.8 92185.2 90984.3 86151.9 85789.9 84077.6 90942.5 89546.2 92788.1 87026.9 98006.5 95625.9 92841.3 92131.6 101272 88196 121704 47926.3 74235.1 38166.8 94975.8 102461 120870 122180 100525 92858.3 95616.5 110312 104690 78683.8 82583.2 67556.6 46667.2 128004 83845.4 98624 94863.5 93121.9 95814.3 101283 107363 112904 117449 120932 123480 125279 126519 127355 127912 128277 128515 128669 128767 128830 128870 128896 128912 128922 128929 128933 128935 128937 128938 128938 128939 128939 128939 128939 128939 128939 128939 128939 128939 128939 128939 128939 128939 128939 128939 128939 128939 128939 128939 128939 128939 128939 128939 128939 128939 128939 128939 128939 128939 128939 128939 128939 128939 128939 128939 128939 128939 128939 128939 128939 128939 128939 128939 128939 128939 128939 128939 128939 128939 128939 128939 128939 128939 128939 128939 128939 128939 128939 128939 128939 128939 128939 128939 128939 128939 128939 128939 128939 128939 128939 128939 0 0 0 0 0 0 0 0 0 0 0 0 0 0 0 0 0 0 0 0 0 0 0 0 0
#obs catch bio
 241982 302554 290902 308989 311389 285277 307050 268515 274173 251196 244288 205693 183267 177732 137940 144718 138160 117628 114086 108745 110025 100029 97858.2 110877 99434.8 100336 95282.8 93749.5 85415.7 94733.7 94306.3 92500.2 90999.6 86086.2 85776.6 84066.9 90890.6 89490.7 93096.7 86830.2 98073.9 95433.5 93180.5 92278.5 101268 87708.9 123086 47410.3 75080.8 37735.3 95703.7 102352 120888 122286 100428 92870.7 95568.5 110424 104926 78418.7 82717.6 67792.8 46121.8 129629 83579.7
#pred cpue bio
 2.73745e+006 2.55319e+006 2.317e+006 2.14556e+006 1.99767e+006 1.80506e+006 1.57491e+006 1.35435e+006 1.22528e+006 1.13342e+006 1.04984e+006 912254 788715 720523 668169 657650 656459 664090 651544 593671 539213 516386 529470 564867 578693 590761 545272 527763 519964 524853 491789 482994 493907 499172 506293 514910 530308 523387 529563 554343 568165 561426 553496 600098 653809 628028 555658 476585 470806 496227 586966 628145 646192 621567 582988 574859 593211 610199 596006 577031 561021 549102 584237 613453 574146 1.32611e+007 1.17151e+007 1.15733e+007 1.1984e+007 1.27488e+007 1.35946e+007 1.43752e+007 1.50305e+007 1.55493e+007 1.59447e+007 1.62386e+007 1.64536e+007 1.66095e+007 1.67221e+007 1.68034e+007 1.68622e+007 1.69049e+007 1.69361e+007 1.6959e+007 1.69759e+007 1.69885e+007 1.69979e+007 1.7005e+007 1.70104e+007 1.70144e+007 1.70175e+007 1.70199e+007 1.70216e+007 1.7023e+007 1.70241e+007 1.70249e+007 1.70255e+007 1.7026e+007 1.70263e+007 1.70266e+007 1.70269e+007 1.7027e+007 1.70272e+007 1.70273e+007 1.70273e+007 1.70274e+007 1.70274e+007 1.70275e+007 1.70275e+007 1.70275e+007 1.70275e+007 1.70276e+007 1.70276e+007 1.70276e+007 1.70276e+007 1.70276e+007 1.70276e+007 1.70276e+007 1.70276e+007 1.70276e+007 1.70276e+007 1.70276e+007 1.70276e+007 1.70276e+007 1.70276e+007 1.70276e+007 1.70276e+007 1.70276e+007 1.70276e+007 1.70276e+007 1.70276e+007 1.70276e+007 1.70276e+007 1.70276e+007 1.70276e+007 1.70276e+007 1.70276e+007 1.70276e+007 1.70276e+007 1.70276e+007 1.70276e+007 1.70276e+007 1.70276e+007 1.70276e+007 1.70276e+007 1.70276e+007 1.70276e+007 1.70276e+007 1.70276e+007 1.70276e+007 1.70276e+007 1.70276e+007 1.70276e+007 1.70276e+007 1.70276e+007 1.70276e+007 1.70276e+007 1.70276e+007 1.70276e+007 1.70276e+007 1.70276e+007 1.70276e+007 1.70276e+007 1.70276e+007 1.70276e+007 0 0 0 0 0 0 0 0 0 0 0 0 0 0 0 0 0 0 0 0 0 0 0 0 0
#obs cpue bio
 3.04713e+006 3.14804e+006 1.99489e+006 1.97591e+006 1.91321e+006 1.84162e+006 1.17545e+006 1.0769e+006 1.23759e+006 1.16763e+006 1.60163e+006 1.21431e+006 811332 883806 734584 526874 681648 569413 584608 468069 493073 567347 462650 892340 561737 584215 445784 501827 431934 595666 451383 470054 657721 541056 549272 513980 514447 479869 488942 635514 599315 595932 378383 469596 1.02937e+006 624456 606447 466165 406307 466544 530586 507638 679138 540288 687539 620652 623457 596345 644474 649354 426824 643700 570752 487665 670714
#pred surv len freq
 0.00465962 0.00767145 0.0117415 0.0169062 0.0230575 0.0298401 0.0366362 0.0427338 0.0475983 0.0510425 0.0531875 0.0542999 0.0546531 0.0544706 0.0539258 0.0531614 0.0523087 0.0514838 0.0507284 0.0498979 0.0485655 0.0460731 0.0418063 0.0355934 0.0279573
 0.00507397 0.0082841 0.012553 0.0178849 0.0241583 0.0310292 0.0379023 0.0440724 0.0489805 0.0523912 0.0543834 0.0552186 0.0552139 0.0546664 0.0538172 0.0528366 0.0518314 0.0508527 0.0498715 0.0487082 0.0469711 0.0441062 0.0396292 0.0334566 0.0261071
 0.00529417 0.00869441 0.0132621 0.0190126 0.0257915 0.0331623 0.0403971 0.0466778 0.0514128 0.0544296 0.055919 0.056236 0.0557375 0.0547234 0.0534356 0.0520605 0.0507216 0.0494634 0.0482223 0.0467828 0.044756 0.0416501 0.0370795 0.0310368 0.0240411
 0.0054969 0.00901451 0.0137312 0.0196674 0.0266815 0.0343533 0.0419551 0.0486296 0.0536995 0.0568815 0.058281 0.0582393 0.0571791 0.0555076 0.0535639 0.0515927 0.0497384 0.0480435 0.0464306 0.0446702 0.0423771 0.0390969 0.0345056 0.0286433 0.0220203
 0.00573205 0.00940003 0.0143163 0.0204971 0.0277862 0.0357345 0.0435777 0.0504297 0.0556057 0.0588309 0.0602101 0.0600556 0.058743 0.0566509 0.0541373 0.0515111 0.0489957 0.0466952 0.0445648 0.0423888 0.0397971 0.0363656 0.0318088 0.0261862 0.0199795
 0.00599799 0.00982868 0.0149548 0.0213874 0.0289579 0.037193 0.0452902 0.0523199 0.0575641 0.0607396 0.0619683 0.0615918 0.0600057 0.0575852 0.0546672 0.0515441 0.0484502 0.0455334 0.042811 0.0401302 0.0371766 0.0335729 0.0290656 0.0237137 0.0179507
 0.00620914 0.0101794 0.0154963 0.0221714 0.0300254 0.0385574 0.0469209 0.0541382 0.0594571 0.0625845 0.0636548 0.0630339 0.061144 0.0583803 0.0550869 0.0515481 0.0479855 0.0445476 0.0412807 0.0380917 0.0347435 0.0309325 0.0264509 0.021356 0.0160239
 0.00651617 0.0106809 0.0162551 0.0232463 0.0314585 0.0403538 0.0490285 0.056441 0.0617911 0.0647704 0.0655326 0.0644859 0.0621045 0.0588315 0.0550435 0.0510365 0.0470235 0.0431371 0.0394217 0.0358126 0.0321346 0.0281604 0.0237392 0.0189332 0.0140612
 0.0067213 0.0110222 0.0167835 0.0240154 0.0325147 0.0417208 0.0506899 0.0583314 0.0638021 0.0667675 0.0673738 0.0660393 0.0632617 0.0595193 0.0552284 0.0507191 0.0462252 0.0418858 0.0377479 0.0337633 0.0297976 0.0256819 0.021315 0.0167665 0.0123064
 0.0069167 0.011351 0.0172991 0.0247741 0.0335643 0.0430815 0.0523357 0.0601843 0.0657438 0.068663 0.0690936 0.0674717 0.0643185 0.0601374 0.0553708 0.0503752 0.0454069 0.040623 0.0360854 0.0317654 0.0275616 0.0233486 0.0190605 0.0147692 0.010699
 0.00709313 0.0116293 0.017703 0.0253235 0.0342756 0.043967 0.0533986 0.0614111 0.067097 0.0700792 0.0704871 0.0687447 0.0653736 0.0608893 0.0557545 0.0503486 0.0449519 0.0397451 0.0348153 0.0301632 0.0257227 0.0214062 0.0171741 0.013095 0.00935115
 0.00735469 0.0120465 0.0183147 0.0261571 0.0353385 0.0452356 0.0548104 0.0628692 0.0684923 0.0713188 0.0715119 0.0695279 0.0659046 0.0611583 0.0557452 0.0500403 0.0443266 0.0387964 0.0335569 0.0286386 0.0240123 0.0196274 0.0154672 0.011595 0.00815347
 0.00749984 0.0122896 0.0186936 0.0267105 0.0360966 0.0462056 0.0559625 0.0641327 0.069767 0.0724977 0.0725047 0.0702756 0.0663825 0.0613677 0.0556991 0.0497496 0.0437938 0.0380189 0.032539 0.0274059 0.0226234 0.0181762 0.0140703 0.0103657 0.00717187
 0.00754909 0.0123818 0.0188553 0.0269754 0.0365 0.0467737 0.0567011 0.0650196 0.070752 0.0735088 0.0734586 0.0710905 0.0669921 0.0617313 0.0558037 0.0496033 0.0434138 0.0374227 0.0317438 0.0264375 0.0215281 0.0170267 0.0129593 0.00938489 0.00638714
 0.0077832 0.0127283 0.0193144 0.0275274 0.0371143 0.0474223 0.057367 0.0656951 0.0714295 0.0741711 0.0740739 0.0716153 0.0673787 0.0619383 0.0558045 0.0493898 0.0429949 0.0368183 0.0309805 0.0255481 0.020557 0.0160339 0.0120168 0.00856278 0.00573467
 0.00781339 0.0127727 0.0193716 0.0275912 0.0371733 0.0474618 0.0573741 0.0656683 0.0713889 0.0741614 0.0741535 0.0718316 0.0677422 0.0624112 0.0563102 0.0498379 0.0433073 0.0369452 0.0309047 0.0252823 0.0201381 0.0155183 0.011472 0.00805496 0.00531376
 0.00788646 0.0128916 0.01955 0.0278396 0.0374941 0.0478424 0.0577824 0.0660542 0.0716966 0.0743484 0.0742083 0.0717801 0.0676382 0.0623135 0.0562565 0.049829 0.0433086 0.0369052 0.0307771 0.0250435 0.0197943 0.0151026 0.0110342 0.00764714 0.00497592
 0.00796527 0.0130032 0.019688 0.0279891 0.037638 0.0479702 0.057895 0.0661616 0.071808 0.0744627 0.0743118 0.0718533 0.0676691 0.0623062 0.0562306 0.0498063 0.0432982 0.0368945 0.0307374 0.0249446 0.0196215 0.0148646 0.0107607 0.00737695 0.00474313
 0.00798864 0.013024 0.0196875 0.0279393 0.0375088 0.0477422 0.0575715 0.0657744 0.0714132 0.0741284 0.0740992 0.0717996 0.0677767 0.0625461 0.0565559 0.0501696 0.0436611 0.0372278 0.0310156 0.0251451 0.0197294 0.0148806 0.0107034 0.0072775 0.00463429
 0.00798594 0.013031 0.0197175 0.0280075 0.0376237 0.0478933 0.0577238 0.0658751 0.0714125 0.0740039 0.07387 0.0715206 0.0675176 0.0623653 0.0564828 0.0502013 0.043771 0.0373787 0.0311706 0.0252732 0.0198097 0.0149048 0.0106774 0.0072187 0.00456407
 0.00797549 0.0130217 0.0197183 0.028033 0.0376914 0.048019 0.0579137 0.0661184 0.0716771 0.074239 0.0740194 0.0715436 0.0674078 0.0621553 0.0562309 0.0499678 0.0435964 0.037275 0.0311251 0.0252606 0.0198035 0.0148869 0.0106413 0.00716873 0.00451038
 0.00803181 0.0131128 0.0198544 0.0282232 0.0379417 0.0483292 0.0582741 0.0665082 0.0720651 0.0745867 0.0742847 0.0716861 0.0673975 0.061984 0.0559201 0.0495664 0.0431673 0.0368749 0.0307899 0.0250005 0.0196094 0.0147415 0.010529 0.00707987 0.00444127
 0.00799411 0.0130531 0.0197681 0.0281089 0.0378037 0.0481803 0.0581371 0.0664137 0.0720441 0.0746598 0.0744534 0.0719289 0.067673 0.0622411 0.0561129 0.0496681 0.043178 0.0368184 0.0307006 0.0249087 0.0195322 0.0146823 0.0104839 0.00704389 0.00441184
 0.00793488 0.0129525 0.0196094 0.0278754 0.0374848 0.0477799 0.0576814 0.0659517 0.0716396 0.0743762 0.0743382 0.0720021 0.0679225 0.0626247 0.0565678 0.0501267 0.0435847 0.0371416 0.030935 0.0250677 0.0196364 0.0147496 0.0105261 0.00706804 0.00442312
 0.00798589 0.0130299 0.0197145 0.0280036 0.0376232 0.047907 0.0577682 0.065968 0.0715643 0.0742093 0.0741057 0.071751 0.067706 0.0624848 0.0565222 0.050165 0.0436758 0.0372475 0.0310251 0.0251271 0.0196652 0.0147565 0.0105213 0.00705905 0.00441394
 0.00785989 0.0128396 0.0194556 0.0276825 0.0372564 0.0475182 0.0573858 0.065622 0.0712819 0.0740095 0.0739971 0.0717348 0.0677809 0.0626493 0.0567728 0.0504906 0.0440531 0.0376426 0.0314007 0.0254524 0.0199231 0.0149447 0.0106482 0.00713844 0.00445983
 0.00796362 0.0129694 0.01958 0.0277503 0.0372132 0.047331 0.0570622 0.0652103 0.070852 0.0736267 0.0737037 0.071546 0.0676931 0.0626519 0.0568551 0.0506437 0.0442661 0.0378983 0.0316746 0.0257166 0.0201533 0.0151265 0.0107785 0.00722347 0.00451039
 0.00790119 0.0129056 0.0195505 0.0278037 0.0373879 0.0476251 0.0574157 0.0655189 0.071011 0.0735796 0.0734656 0.071189 0.067308 0.0623123 0.0566025 0.0504907 0.0442072 0.0379186 0.0317538 0.0258305 0.0202772 0.0152398 0.0108688 0.00728683 0.00454996
 0.00784321 0.0128082 0.0194014 0.0275967 0.0371339 0.047361 0.0572038 0.0654267 0.0710765 0.0737831 0.0737316 0.0714226 0.067442 0.0623347 0.0565492 0.0504168 0.0441592 0.0379207 0.0318077 0.0259233 0.0203889 0.0153504 0.0109633 0.00735781 0.00459716
 0.00759833 0.0124423 0.0189103 0.0269977 0.0364601 0.0466548 0.0565136 0.0648104 0.0706024 0.0735198 0.0737261 0.0716757 0.0679007 0.0629087 0.0571462 0.0509736 0.0446524 0.038355 0.0321966 0.026274 0.0206989 0.0156116 0.0111688 0.00750666 0.0046955
 0.00771922 0.0125889 0.0190403 0.0270447 0.0363565 0.0463642 0.0560551 0.0642557 0.0700474 0.0730499 0.0733951 0.0715064 0.0678924 0.0630429 0.0573876 0.0512754 0.0449684 0.0386532 0.0324634 0.0265087 0.020904 0.0157867 0.0113109 0.00761374 0.00476908
 0.0083751 0.0135451 0.0202716 0.0284486 0.0377709 0.0476051 0.0569545 0.0646922 0.0699705 0.0724952 0.0724791 0.0703929 0.0667459 0.061989 0.0564967 0.050568 0.0444304 0.0382539 0.0321706 0.0262972 0.0207568 0.0156913 0.0112555 0.00758609 0.004758
 0.00902117 0.0145664 0.0217477 0.0304143 0.0401874 0.0503267 0.0597108 0.0671175 0.0716928 0.0732515 0.0721966 0.0691952 0.0648918 0.0597845 0.0542193 0.0484219 0.0425358 0.0366594 0.0308768 0.0252798 0.0199826 0.0151254 0.0108624 0.00732967 0.00460255
 0.00907105 0.0147271 0.0221354 0.0311829 0.0414851 0.0522273 0.0621502 0.0698728 0.0744189 0.0755612 0.0737518 0.069784 0.0644728 0.0584863 0.0522948 0.0461742 0.0402447 0.034533 0.0290374 0.0237764 0.0188134 0.0142597 0.0102549 0.00692869 0.00435602
 0.00886052 0.014413 0.0217211 0.0307068 0.0410309 0.0519287 0.0621783 0.0703946 0.0755288 0.0772122 0.075731 0.0717569 0.0660823 0.0594617 0.0525238 0.0457144 0.0392796 0.0332996 0.0277562 0.0226076 0.0178451 0.0135188 0.00972754 0.00657926 0.00414123
 0.00874124 0.0142092 0.021398 0.0302314 0.040388 0.0511427 0.0613345 0.0696423 0.0750572 0.0771995 0.0762821 0.072852 0.0675597 0.0610517 0.0539275 0.0466966 0.0397353 0.0332652 0.0273697 0.0220433 0.0172559 0.013005 0.00933355 0.00630754 0.00397103
 0.00861561 0.0140119 0.0211132 0.0298474 0.039897 0.0505433 0.0606386 0.0688866 0.0743136 0.076578 0.0759173 0.0728692 0.0680282 0.0619429 0.0551024 0.047939 0.0408205 0.0340336 0.0277692 0.0221242 0.0171283 0.0127866 0.00911251 0.0061306 0.00385036
 0.00869099 0.0141095 0.0212141 0.0299181 0.039898 0.0504424 0.0604216 0.0685593 0.0738975 0.0761067 0.075439 0.0724525 0.0677589 0.0619031 0.0553346 0.0484154 0.0414387 0.03465 0.0282537 0.0224069 0.0172134 0.0127315 0.00899146 0.00600332 0.00374924
 0.0086784 0.014105 0.0212351 0.0299859 0.0400267 0.0506239 0.0606169 0.0687057 0.0739314 0.07599 0.075175 0.0720846 0.0673581 0.0615511 0.0551074 0.0483627 0.0415651 0.0349075 0.0285575 0.0226692 0.0173777 0.0127886 0.00896887 0.0059427 0.00368498
 0.00863618 0.0140421 0.0211523 0.0298905 0.0399337 0.0505556 0.060598 0.0687539 0.0740443 0.0761378 0.0753061 0.0721465 0.0673216 0.0614258 0.054939 0.0482142 0.0414913 0.0349328 0.0286673 0.0228186 0.0175152 0.0128787 0.00900361 0.00593605 0.00365888
 0.00859708 0.0139646 0.021011 0.0296564 0.0395849 0.0500936 0.0600603 0.0682132 0.0735905 0.0758493 0.075224 0.0722621 0.0675837 0.0617632 0.0552882 0.0485397 0.0417887 0.0352156 0.0289467 0.0230903 0.0177597 0.0130738 0.00913754 0.00601258 0.00369328
 0.00869097 0.0141108 0.0212172 0.0299206 0.0398906 0.0504052 0.0603242 0.0683687 0.0735915 0.0756865 0.0749332 0.0719112 0.0672445 0.0614849 0.0550867 0.0484053 0.0417032 0.0351663 0.0289292 0.0231023 0.0177939 0.0131168 0.00917537 0.00603698 0.00370369
 0.00881135 0.0142921 0.0214632 0.030225 0.0402384 0.0507752 0.0606888 0.068693 0.073834 0.0758055 0.0748993 0.0717208 0.0669259 0.0610924 0.0546823 0.0480391 0.0414027 0.0349379 0.0287667 0.0229953 0.0177307 0.0130851 0.00916236 0.00603222 0.00370081
 0.00865003 0.014076 0.0212226 0.0300153 0.0401228 0.0507983 0.0608567 0.0689715 0.0741649 0.0761291 0.0751689 0.0719066 0.0670138 0.0610835 0.0545937 0.0479014 0.0412512 0.0348021 0.0286637 0.0229291 0.0176965 0.0130735 0.00916367 0.00603829 0.00370657
 0.00856469 0.0139115 0.0209315 0.029548 0.039453 0.0499547 0.0599421 0.0681462 0.0735933 0.0759164 0.0753252 0.0723563 0.0676374 0.0617623 0.0552389 0.0484625 0.041712 0.0351696 0.0289553 0.0231626 0.017884 0.0132215 0.00927553 0.00611746 0.00375808
 0.00858983 0.0139494 0.0209806 0.0295984 0.0394811 0.0499215 0.0597995 0.0678576 0.0731618 0.0754025 0.0748369 0.0720085 0.0675035 0.0618477 0.0554892 0.0487962 0.0420549 0.0354742 0.029203 0.0233546 0.0180299 0.0133314 0.00935676 0.00617495 0.00379608
 0.00859981 0.0139585 0.0209811 0.0295795 0.0394315 0.0498334 0.0596701 0.0676867 0.0729476 0.0751432 0.0745401 0.0717039 0.0672446 0.0616959 0.0554862 0.0489437 0.0423145 0.0357869 0.0295133 0.0236258 0.018247 0.0134943 0.00947281 0.00625346 0.00384605
 0.00870916 0.0141979 0.0214509 0.0303989 0.0406945 0.051545 0.0616989 0.0697702 0.0747613 0.0763987 0.0750635 0.0714648 0.066341 0.0603141 0.0538514 0.0472709 0.0407686 0.0344632 0.0284424 0.022795 0.0176241 0.0130435 0.00916076 0.00604949 0.00372177
 0.00829181 0.0134884 0.0203367 0.0287851 0.0385604 0.0490135 0.0590745 0.0674927 0.0732683 0.0759611 0.0756886 0.0729196 0.0682667 0.0623584 0.0557598 0.0489142 0.042122 0.0355608 0.0293334 0.0235176 0.0181997 0.0134845 0.00948004 0.00626527 0.00385677
 0.00823031 0.0133981 0.0202135 0.0286178 0.0383172 0.048633 0.0584781 0.0666276 0.0721682 0.074782 0.0746805 0.0723312 0.0682363 0.0628578 0.0566226 0.0499224 0.0430921 0.0363888 0.0299914 0.0240224 0.0185815 0.0137692 0.00968561 0.00640597 0.00394634
 0.00788244 0.0128212 0.0193284 0.0273546 0.0366426 0.0465857 0.0561915 0.0643169 0.0700773 0.0731213 0.0735952 0.0719087 0.0685209 0.0638437 0.0582255 0.0519662 0.045337 0.0385926 0.0319682 0.0256703 0.0198744 0.0147304 0.0103632 0.00685617 0.00422573
 0.00810364 0.0131619 0.0198013 0.0279473 0.0373063 0.0472271 0.0566755 0.0644923 0.0698241 0.0724016 0.072477 0.0705511 0.0671331 0.0626374 0.0573733 0.0515662 0.0453904 0.0390076 0.0325959 0.0263567 0.020503 0.015239 0.0107366 0.0071084 0.00438314
 0.00827702 0.0134452 0.020229 0.0285483 0.038093 0.048178 0.0577192 0.065502 0.0706348 0.0728468 0.0724351 0.0699851 0.0661097 0.0613167 0.0559706 0.0502975 0.0444194 0.0384105 0.0323547 0.0263832 0.0206813 0.0154657 0.0109437 0.00726579 0.00448771
 0.00841384 0.01369 0.0206379 0.0291848 0.0390097 0.049389 0.0591742 0.0670791 0.0721573 0.0741175 0.0732735 0.0702588 0.0657605 0.0603792 0.0545744 0.0486459 0.042744 0.0369156 0.0311721 0.0255541 0.020169 0.0151898 0.0108168 0.00721804 0.00447483
 0.00859952 0.0139776 0.0210457 0.0297246 0.0396901 0.050218 0.0601546 0.0681959 0.073362 0.0753181 0.074338 0.0710363 0.0661143 0.060222 0.0538964 0.0475245 0.0413327 0.0354093 0.0297599 0.0243738 0.0192834 0.0145906 0.0104496 0.00701307 0.0043699
 0.00856146 0.0139267 0.0209898 0.0296785 0.0396737 0.0502526 0.0602611 0.0683964 0.0736808 0.0757763 0.0749382 0.071743 0.0668428 0.0608484 0.0542906 0.0475943 0.041058 0.0348521 0.0290421 0.0236356 0.0186392 0.0141021 0.0101243 0.00682187 0.00427037
 0.0084021 0.0136823 0.0206505 0.0292481 0.039172 0.0497173 0.0597481 0.0679751 0.0734227 0.0757391 0.0751531 0.0722074 0.0675174 0.0616562 0.0551222 0.0483262 0.0415839 0.0351155 0.0290542 0.0234657 0.0183835 0.0138472 0.00992313 0.0066898 0.0041971
 0.00832517 0.0135488 0.0204348 0.028924 0.0387217 0.0491449 0.0590909 0.067304 0.0728283 0.0753098 0.0749555 0.0722755 0.0678497 0.0622171 0.0558439 0.049115 0.0423339 0.0357317 0.0294774 0.0236881 0.0184444 0.0138107 0.00985081 0.00662247 0.00415127
 0.00850975 0.0138207 0.0207904 0.0293376 0.0391481 0.0495262 0.0593651 0.0674166 0.0727463 0.0750364 0.0745357 0.0717877 0.0673846 0.0618536 0.0556293 0.0490549 0.0423936 0.0358492 0.0295854 0.0237378 0.0184201 0.0137287 0.00974405 0.00652231 0.00407566
 0.00851643 0.0138579 0.0208932 0.0295501 0.0395059 0.0500317 0.0599697 0.0680232 0.0732375 0.0753136 0.0745504 0.0715519 0.0669619 0.0613368 0.0551149 0.0486191 0.0420765 0.0356501 0.0294722 0.0236657 0.0183523 0.0136485 0.00965492 0.00643775 0.00400787
 0.00833726 0.0135643 0.0204507 0.0289354 0.0387236 0.049134 0.0590649 0.067258 0.07275 0.0751797 0.0747557 0.0720069 0.0675463 0.0619474 0.0556915 0.049145 0.0425604 0.0361035 0.0298943 0.0240412 0.0186605 0.0138761 0.00980329 0.00652174 0.00404846
 0.00836455 0.0135873 0.020445 0.028863 0.0385405 0.0488047 0.0585798 0.0666468 0.0720848 0.0745642 0.0742991 0.0717885 0.0675883 0.0622102 0.0560964 0.0496087 0.0430221 0.0365323 0.0302793 0.0243775 0.0189415 0.0140949 0.00995814 0.00661955 0.00410281
 0.00805492 0.013133 0.0198515 0.0281647 0.0377878 0.0480439 0.0578407 0.0659448 0.0714359 0.0740004 0.0738748 0.0715717 0.0676387 0.062553 0.056706 0.0504123 0.0439215 0.0374325 0.031109 0.0250944 0.0195269 0.014546 0.0102835 0.00683667 0.00423542
 0.00781709 0.0127065 0.019141 0.0270705 0.0362456 0.0460789 0.0556048 0.0637021 0.0694888 0.0725939 0.073134 0.0715 0.0681597 0.0635581 0.0580802 0.0520377 0.0456744 0.039187 0.0327505 0.0265352 0.0207151 0.0154662 0.0109505 0.00728652 0.00451558
 0.00822947 0.0133849 0.0201678 0.0285032 0.0380761 0.0481855 0.0577287 0.065487 0.0705888 0.0728 0.0724446 0.0701 0.0663331 0.0615947 0.0562156 0.0504313 0.0444091 0.0382782 0.0321604 0.0261942 0.0205448 0.0153975 0.0109331 0.00728933 0.00452294
#obs surv len freq
 0.00496921 0.0081385 0.0123773 0.0176987 0.0239764 0.0308456 0.0376823 0.0437647 0.0485433 0.0518166 0.0537022 0.0544839 0.0544802 0.0539878 0.0532669 0.0525316 0.0519267 0.0514872 0.0510742 0.0503182 0.0486367 0.0453988 0.0402274 0.0332917 0.0253739
 0.00518319 0.00848998 0.012913 0.0184641 0.0250072 0.0321531 0.0392395 0.0455012 0.0503558 0.0535889 0.0553226 0.0558547 0.0555188 0.054625 0.0534475 0.0522176 0.0511054 0.0501788 0.0493389 0.0482593 0.0463978 0.0431518 0.0381484 0.0315275 0.02401
 0.00540907 0.00886094 0.0134784 0.0192728 0.0260987 0.0335431 0.0409045 0.0473721 0.0523266 0.0555355 0.0571225 0.0573988 0.0567166 0.0554042 0.0537514 0.0520032 0.0503456 0.0488713 0.0475211 0.0460222 0.0438928 0.0405799 0.0357285 0.0294495 0.0223905
 0.00563765 0.00923468 0.0140451 0.0200793 0.0271822 0.0349192 0.0425523 0.0492287 0.0542943 0.0574991 0.0589655 0.0590139 0.0580099 0.0562964 0.0541776 0.0519117 0.0496985 0.0476515 0.0457466 0.043767 0.0413011 0.0378619 0.0331277 0.0271872 0.0206107
 0.00589434 0.00965292 0.0146762 0.0209714 0.0283713 0.036414 0.0443203 0.0511912 0.0563387 0.0595009 0.0608084 0.0605997 0.059259 0.0571441 0.0545695 0.0518008 0.0490453 0.0464307 0.0439632 0.0414792 0.0386413 0.0350387 0.0303953 0.0247868 0.0187066
 0.00612989 0.0100426 0.0152753 0.0218351 0.0295438 0.0379106 0.0461094 0.0531891 0.0584223 0.0615332 0.0626625 0.0621722 0.0604723 0.0579431 0.054914 0.0516583 0.0483862 0.0452322 0.0422243 0.0392455 0.03603 0.0322457 0.0276699 0.0223737 0.0167788
 0.00637591 0.0104444 0.0158834 0.0226985 0.030701 0.0393757 0.0478563 0.0551444 0.0604734 0.0635473 0.064508 0.0637343 0.0616623 0.0587002 0.0552021 0.0514571 0.0476829 0.0440188 0.0405071 0.0370674 0.0334965 0.0295367 0.0250198 0.0200178 0.0148884
 0.00661882 0.01084 0.0164801 0.0235416 0.0318239 0.0407862 0.0495229 0.0569919 0.0623933 0.0654189 0.0662163 0.0651806 0.0627667 0.0594025 0.055461 0.0512482 0.0469945 0.0428496 0.0388715 0.0350112 0.0311187 0.0270009 0.0225395 0.0178094 0.0131118
 0.00685259 0.0112274 0.0170763 0.0244011 0.0329884 0.0422649 0.0512743 0.05892 0.0643638 0.0672887 0.0678603 0.0665046 0.0637088 0.0599267 0.0555498 0.0508951 0.0461998 0.0416205 0.0372285 0.0330028 0.028839 0.0245999 0.0202093 0.0157439 0.0114536
 0.00705958 0.0115667 0.0175924 0.0251381 0.0339822 0.0435303 0.0527906 0.0606227 0.0661503 0.0690343 0.0694382 0.0678037 0.0646456 0.0604509 0.0556413 0.0505556 0.0454429 0.0404662 0.0357063 0.0311641 0.0267724 0.0224399 0.0181246 0.0139028 0.00997862
 0.00727301 0.0119169 0.018125 0.0258967 0.0349982 0.0448087 0.0542955 0.0622744 0.0678381 0.0706388 0.070851 0.0689371 0.0654345 0.0608529 0.0556363 0.0501443 0.0446423 0.0393053 0.0342253 0.0294206 0.0248531 0.020466 0.0162428 0.0122557 0.0086674
 0.00742119 0.0121625 0.0185035 0.0264447 0.0357464 0.0457711 0.0554571 0.0635856 0.0692201 0.0719968 0.0720898 0.0699718 0.0661981 0.0612983 0.0557361 0.049889 0.0440379 0.0383722 0.0329994 0.0279577 0.0232349 0.018802 0.0146597 0.0108738 0.00757022
 0.00751886 0.0123195 0.0187374 0.0267719 0.0361822 0.0463264 0.0561348 0.0643761 0.0700988 0.0729247 0.073015 0.0708331 0.0669307 0.0618408 0.0560378 0.0499139 0.0437678 0.0378072 0.0321602 0.0268887 0.0220068 0.0175109 0.0134161 0.0097809 0.00669925
 0.00760535 0.0124569 0.018938 0.0270452 0.0365327 0.0467522 0.0566256 0.064914 0.0706628 0.0734955 0.0735767 0.0713697 0.0674198 0.0622499 0.0563255 0.0500362 0.0436865 0.0374982 0.0316207 0.0261423 0.0211062 0.0165351 0.0124585 0.00892983 0.00601656
 0.00766313 0.0125459 0.019063 0.0272077 0.0367317 0.0469849 0.0568877 0.0651997 0.0709654 0.0738086 0.0738952 0.0716897 0.0677353 0.0625487 0.0565853 0.0502237 0.0437616 0.0374231 0.0313704 0.0257155 0.0205315 0.0158695 0.011777 0.00830732 0.00550824
 0.0077172 0.0126277 0.0191746 0.0273468 0.0368923 0.0471587 0.0570653 0.0653724 0.0711274 0.0739588 0.0740377 0.0718316 0.0678833 0.0627044 0.0567416 0.0503631 0.0438561 0.0374386 0.0312755 0.0254925 0.0201866 0.0154362 0.0113093 0.00786455 0.00513777
 0.00775529 0.0126857 0.0192543 0.0274469 0.0370083 0.0472833 0.0571893 0.0654859 0.0712222 0.0740318 0.0740923 0.071877 0.0679309 0.0627637 0.0568162 0.0504474 0.0439342 0.0374856 0.031263 0.0253977 0.020002 0.015176 0.0110077 0.00756487 0.00487838
 0.00780124 0.0127531 0.0193422 0.0275495 0.0371166 0.0473876 0.0572813 0.0655597 0.0712744 0.0740618 0.0741026 0.0718735 0.067922 0.0627589 0.0568231 0.0504688 0.0439656 0.0375136 0.0312676 0.0253582 0.0199056 0.0150244 0.010819 0.00736789 0.00470151
 0.00784901 0.0128262 0.0194433 0.0276772 0.0372646 0.0475446 0.0574316 0.0656854 0.0713598 0.0740983 0.0740917 0.0718252 0.067851 0.0626801 0.0567491 0.0504081 0.0439208 0.0374806 0.0312357 0.0253129 0.0198341 0.0149224 0.0106935 0.00723498 0.00457987
 0.00786974 0.0128594 0.0194924 0.0277445 0.0373507 0.0476469 0.0575435 0.065796 0.0714557 0.0741672 0.0741255 0.071822 0.0678155 0.0626222 0.0566809 0.0503408 0.0438621 0.037433 0.0311957 0.0252724 0.0197839 0.0148568 0.0106138 0.00714959 0.00450005
 0.00789281 0.0128921 0.0195326 0.0277878 0.0373918 0.0476824 0.0575733 0.065823 0.0714836 0.0741974 0.0741556 0.0718465 0.0678286 0.0626201 0.0566638 0.0503127 0.0438291 0.0374003 0.0311655 0.0252429 0.0197507 0.0148161 0.0105651 0.00709667 0.00444955
 0.00788443 0.0128788 0.0195132 0.0277612 0.0373568 0.0476383 0.0575204 0.0657642 0.0714252 0.0741488 0.0741275 0.0718468 0.0678589 0.0626747 0.0567323 0.0503839 0.0438946 0.0374558 0.0312093 0.0252743 0.0197689 0.0148202 0.0105561 0.0070782 0.00442688
 0.00790412 0.0129038 0.0195381 0.0277767 0.0373529 0.047608 0.0574633 0.065687 0.0713388 0.0740653 0.074057 0.0717976 0.0678367 0.0626821 0.0567673 0.0504397 0.0439616 0.0375239 0.0312707 0.0253238 0.0198041 0.0148408 0.0105634 0.00707524 0.00441798
 0.00790551 0.0129073 0.0195451 0.0277882 0.0373678 0.0476216 0.0574671 0.0656706 0.0712953 0.0739954 0.0739707 0.0717109 0.0677659 0.0626391 0.0567572 0.0504611 0.0440077 0.037585 0.0313361 0.0253844 0.0198535 0.014876 0.0105845 0.00708467 0.00441945
 0.00787845 0.0128627 0.0194772 0.0276925 0.037243 0.0474724 0.0573056 0.0655146 0.0711631 0.0738996 0.073916 0.0716953 0.0677856 0.0626911 0.0568393 0.0505701 0.0441374 0.0377261 0.0314773 0.0255149 0.0199645 0.0149624 0.0106458 0.00712363 0.0044413
 0.00784695 0.0128099 0.019395 0.0275726 0.0370796 0.0472656 0.0570647 0.0652596 0.0709213 0.0737002 0.0737824 0.0716408 0.0678106 0.062786 0.0569884 0.0507564 0.0443452 0.0379413 0.0316872 0.0257074 0.0201299 0.0150947 0.0107433 0.00718949 0.00448161
 0.0078405 0.012796 0.0193676 0.0275238 0.0370007 0.0471501 0.0569111 0.0650734 0.0707152 0.0734931 0.0735968 0.071499 0.067731 0.0627779 0.0570509 0.0508789 0.0445112 0.0381321 0.0318848 0.0258963 0.0202976 0.0152328 0.0108484 0.00726273 0.00452807
 0.00784497 0.0128001 0.0193678 0.0275141 0.036974 0.0470993 0.0568313 0.064963 0.0705772 0.0733351 0.0734317 0.0713437 0.067604 0.0626964 0.0570268 0.0509161 0.0446043 0.038268 0.0320457 0.0260635 0.0204547 0.0153676 0.0109543 0.00733878 0.00457771
 0.00780785 0.012745 0.0192944 0.0274254 0.0368747 0.0469939 0.0567231 0.0648537 0.0704684 0.0732293 0.073333 0.0712582 0.0675394 0.0626614 0.0570296 0.0509627 0.0446957 0.038399 0.0322046 0.0262343 0.0206203 0.0155138 0.011072 0.00742502 0.00463513
 0.00775996 0.0126639 0.0191672 0.0272398 0.0366244 0.0466851 0.0563789 0.0645123 0.0701728 0.0730141 0.0732149 0.0712359 0.0675993 0.0627855 0.0572015 0.0511696 0.0449284 0.0386488 0.0324615 0.0264857 0.0208522 0.0157134 0.0112309 0.00754126 0.00471274
 0.00774361 0.0126329 0.019112 0.0271483 0.0364838 0.0464865 0.0561219 0.0642092 0.0698491 0.0727053 0.0729599 0.071067 0.0675344 0.0628247 0.0573301 0.051365 0.0451673 0.0389112 0.0327307 0.0267471 0.0210924 0.0159206 0.0113971 0.00766413 0.00479576
 0.00931826 0.0148363 0.0217697 0.0298775 0.0388041 0.0479967 0.0566406 0.0638017 0.0687478 0.0711927 0.0712824 0.0694024 0.0659965 0.0614778 0.0562022 0.0504573 0.0444626 0.0383828 0.0323494 0.0264847 0.020923 0.0158203 0.0113444 0.00764077 0.00478808
 0.00931983 0.0151288 0.0227206 0.0319406 0.0423215 0.0529315 0.0624068 0.0693592 0.0729699 0.0733084 0.0711307 0.0673767 0.0627738 0.0577321 0.0524366 0.0469732 0.041404 0.0357967 0.0302307 0.0248032 0.0196357 0.0148763 0.0106872 0.00721047 0.00452552
 0.00897427 0.014588 0.0219672 0.0310288 0.0414287 0.0523919 0.0626705 0.0708307 0.0757645 0.0770724 0.0750853 0.0706125 0.0646285 0.0580198 0.051419 0.0451456 0.0392639 0.033707 0.0283947 0.0233011 0.0184738 0.0140233 0.0100946 0.0068236 0.00429015
 0.00879475 0.0142876 0.0215001 0.0303508 0.0405149 0.0512692 0.0614577 0.0697653 0.0751818 0.0773115 0.076336 0.0727722 0.0672727 0.0605395 0.053266 0.0460417 0.0392556 0.033065 0.027451 0.0223251 0.0176254 0.0133655 0.009628 0.00651777 0.00410479
 0.00870948 0.0141432 0.0212715 0.0300089 0.040031 0.0506233 0.0606524 0.0688417 0.0742361 0.0765044 0.0758792 0.072874 0.0680465 0.0619156 0.0549728 0.047693 0.0405058 0.0337407 0.0275843 0.022086 0.0172176 0.0129475 0.00928573 0.00627613 0.00395304
 0.00869733 0.014116 0.0212162 0.0299071 0.0398615 0.0503661 0.0602937 0.0683786 0.0736813 0.0758936 0.0752813 0.0723974 0.0678253 0.0620675 0.0555377 0.0485873 0.0415326 0.0346637 0.0282259 0.0223896 0.0172415 0.0128082 0.00909482 0.00610535 0.00383054
 0.00870001 0.0141224 0.0212289 0.029928 0.0398882 0.0503885 0.0602918 0.0683246 0.0735469 0.0756607 0.0749524 0.0720038 0.0674305 0.0617614 0.0554138 0.0487053 0.0418825 0.0351567 0.0287266 0.022776 0.0174534 0.0128582 0.00904143 0.0060133 0.00374448
 0.00867433 0.0140835 0.0211757 0.0298621 0.0398141 0.0503129 0.0602223 0.0682665 0.073499 0.0756123 0.0748856 0.0719013 0.0672879 0.0615973 0.0552718 0.048642 0.041943 0.0353482 0.0290083 0.0230741 0.0176959 0.0130059 0.00909692 0.00600701 0.00371198
 0.00868462 0.0140961 0.0211873 0.0298672 0.0398068 0.0502897 0.0601842 0.068219 0.0734497 0.0755674 0.0748456 0.0718598 0.0672345 0.0615243 0.0551827 0.0485565 0.0418922 0.0353605 0.0290919 0.0232095 0.0178439 0.0131277 0.00917155 0.00603606 0.00371116
 0.00864438 0.0140385 0.0211149 0.0297867 0.0397269 0.0502171 0.0601212 0.0681645 0.0734021 0.0755276 0.0748175 0.0718476 0.067239 0.0615411 0.0552044 0.0485785 0.0419177 0.0354002 0.029157 0.0233017 0.0179515 0.0132304 0.00925119 0.00608508 0.00373339
 0.00862729 0.0140074 0.0210624 0.0297055 0.0396129 0.0500743 0.059964 0.0680153 0.0732839 0.0754553 0.074794 0.0718658 0.0672873 0.0616084 0.055282 0.0486597 0.0419988 0.035481 0.0292403 0.02339 0.0180428 0.013317 0.00932364 0.00613687 0.00376422
 0.00865731 0.0140525 0.0211229 0.0297782 0.0396903 0.0501448 0.0600136 0.068031 0.0732585 0.0753914 0.0747041 0.0717673 0.0671958 0.0615331 0.0552255 0.0486206 0.0419745 0.03547 0.0292421 0.0234045 0.0180684 0.0133495 0.00935659 0.00616439 0.00378317
 0.00863596 0.0140234 0.0210895 0.0297469 0.0396686 0.0501379 0.0600217 0.0680484 0.0732758 0.075399 0.0746957 0.071743 0.0671618 0.061499 0.0552002 0.0486093 0.0419781 0.0354861 0.0292676 0.0234365 0.0181042 0.013386 0.00939029 0.00619205 0.00380304
 0.00861478 0.0139884 0.0210363 0.0296723 0.0395728 0.0500271 0.0599089 0.0679516 0.0732119 0.0753769 0.074713 0.0717882 0.0672201 0.0615587 0.055256 0.0486614 0.042029 0.0355381 0.029321 0.0234898 0.0181551 0.0134321 0.00942932 0.00622252 0.00382461
 0.00862816 0.0140086 0.0210636 0.0297052 0.0396078 0.0500585 0.0599299 0.0679558 0.0731968 0.0753453 0.0746729 0.0717486 0.0671874 0.0615341 0.0552372 0.0486454 0.0420151 0.0355276 0.0293161 0.0234918 0.0181635 0.0134449 0.00944385 0.00623613 0.00383555
 0.00862816 0.0140086 0.0210636 0.0297052 0.0396078 0.0500585 0.0599299 0.0679558 0.0731968 0.0753453 0.0746729 0.0717486 0.0671874 0.0615341 0.0552372 0.0486454 0.0420151 0.0355276 0.0293161 0.0234918 0.0181635 0.0134449 0.00944385 0.00623613 0.00383555
 0.00891048 0.0144544 0.0217077 0.0305652 0.0406738 0.0512804 0.0612091 0.0691517 0.0741546 0.0759377 0.0748334 0.0714827 0.0665618 0.0606523 0.0542125 0.0475807 0.0409908 0.034599 0.028516 0.022835 0.0176505 0.0130653 0.00917939 0.00606392 0.0037315
 0.00823896 0.0134258 0.0202819 0.0287591 0.03857 0.0490319 0.0590359 0.0673169 0.0729088 0.0754481 0.0751338 0.0724724 0.0680482 0.0624115 0.0560419 0.0493286 0.0425632 0.0359512 0.0296371 0.0237335 0.0183456 0.0135815 0.00954425 0.00630712 0.00388282
 0.00834813 0.0135188 0.0202674 0.0285047 0.037943 0.0479615 0.0575655 0.0656131 0.071219 0.0740298 0.0741897 0.072111 0.0682724 0.0631327 0.0571101 0.0505728 0.0438289 0.0371243 0.0306506 0.0245612 0.0189889 0.0140578 0.00987921 0.00652917 0.00402038
 0.00799396 0.0129883 0.0195493 0.0276076 0.0368789 0.0467275 0.0561434 0.0639973 0.0694622 0.0722766 0.0726678 0.0710745 0.0679209 0.0635448 0.0582234 0.0522109 0.0457573 0.0391101 0.032506 0.0261642 0.0202827 0.0150378 0.0105758 0.0069923 0.00430667
 0.00822898 0.0133263 0.0199764 0.0280831 0.0373457 0.047127 0.0564223 0.0641012 0.069326 0.0718308 0.0718721 0.0699647 0.0666356 0.0623037 0.0572576 0.0516819 0.0457072 0.0394642 0.0331182 0.0268744 0.0209616 0.0156067 0.011005 0.00728723 0.00449219
 0.00836352 0.0135777 0.0204112 0.0287724 0.0383349 0.0483949 0.0578529 0.0654945 0.070451 0.0724939 0.071963 0.069467 0.0656163 0.060902 0.0556717 0.0501383 0.0444096 0.0385397 0.0325907 0.0266783 0.0209845 0.0157358 0.0111568 0.00741619 0.00458319
 0.00850493 0.0138178 0.0207927 0.0293448 0.0391472 0.0494796 0.0592038 0.0670446 0.0720626 0.0739692 0.0730803 0.0700335 0.0655212 0.0601467 0.0543701 0.0484892 0.0426517 0.036899 0.0312322 0.0256774 0.0203293 0.0153563 0.0109637 0.00733095 0.00455128
 0.00858919 0.0139607 0.0210192 0.0296836 0.0396267 0.0501216 0.0600152 0.0680113 0.0731462 0.0751032 0.0741657 0.0709405 0.0661055 0.0602843 0.0539984 0.0476371 0.0414408 0.0355139 0.0298701 0.0244971 0.0194185 0.0147268 0.0105727 0.00711179 0.00443992
 0.00853426 0.0138787 0.0209108 0.0295573 0.0395014 0.0500278 0.0599945 0.0681121 0.0734125 0.0755604 0.0748066 0.0717158 0.0669227 0.0610189 0.0545187 0.04784 0.0412873 0.0350462 0.0291995 0.0237656 0.0187524 0.0142039 0.0102137 0.00689481 0.00432408
 0.00847357 0.0137717 0.0207355 0.0292912 0.0391306 0.0495604 0.0594713 0.0676066 0.0730172 0.0753637 0.0748701 0.0720591 0.0675167 0.0617861 0.0553437 0.048591 0.0418476 0.0353471 0.0292393 0.0236053 0.0184874 0.0139267 0.00998577 0.00673888 0.00423349
 0.00843756 0.0137069 0.020626 0.0291175 0.0388732 0.0492061 0.0590223 0.0670872 0.0724767 0.0748726 0.0745098 0.0719048 0.0676171 0.0621467 0.0559191 0.049291 0.0425567 0.0359543 0.0296692 0.0238364 0.0185506 0.0138838 0.00990108 0.00665757 0.0041757
 0.00854704 0.0138734 0.0208541 0.0294007 0.0391919 0.0495265 0.0592969 0.0672613 0.0725009 0.0747216 0.0741959 0.0714814 0.0671674 0.0617615 0.0556692 0.0492056 0.0426151 0.0360961 0.0298188 0.0239331 0.0185681 0.0138323 0.00981257 0.0065659 0.00410265
 0.00860628 0.0139795 0.0210308 0.0296735 0.0395781 0.0500222 0.0598653 0.0678326 0.072987 0.075039 0.0742884 0.0713339 0.0668099 0.0612621 0.0551187 0.0486931 0.0422039 0.0358081 0.0296358 0.0238137 0.0184713 0.0137347 0.00971174 0.00647241 0.00402781
 0.00838434 0.0136324 0.0205366 0.0290279 0.0388034 0.0491757 0.0590419 0.0671517 0.0725601 0.0749307 0.0744931 0.0717813 0.0673952 0.0618838 0.0557066 0.0492182 0.0426698 0.0362305 0.0300239 0.024161 0.0187612 0.0139527 0.00985604 0.00655467 0.00406723
 0.0083638 0.0135749 0.0204058 0.0287768 0.0383877 0.0485759 0.0582834 0.0663104 0.0717499 0.0742754 0.0740943 0.0716925 0.067609 0.0623379 0.0563068 0.0498691 0.0432996 0.0368004 0.0305204 0.0245822 0.0191058 0.014219 0.0100456 0.00667653 0.00413695
 0.00821011 0.0133334 0.0200571 0.0283065 0.0377867 0.0478422 0.0574284 0.0653684 0.0707843 0.0733793 0.0733789 0.0712643 0.0675419 0.0626495 0.0569507 0.0507482 0.0442942 0.0377989 0.0314399 0.0253742 0.0197499 0.0147136 0.0104019 0.00691462 0.00428289
 0.00793931 0.0128958 0.0194057 0.0274042 0.03662 0.0464383 0.0558687 0.063784 0.0693297 0.0721953 0.0725669 0.0708818 0.0676107 0.0631617 0.0578665 0.0519898 0.0457478 0.0393306 0.0329197 0.0266987 0.020855 0.0155753 0.0110288 0.00733841 0.0045472
 0.00838471 0.0135774 0.0203482 0.0285921 0.0379896 0.0478735 0.0572035 0.0648228 0.0698914 0.0721676 0.071943 0.0697616 0.066169 0.0616047 0.0563894 0.0507448 0.0448226 0.0387417 0.0326236 0.0266161 0.020899 0.0156731 0.0111323 0.00742282 0.00460554
#pred catch len freq
 0.00359024 0.00583382 0.00880932 0.0125601 0.0171114 0.0224131 0.0282746 0.0343664 0.0402929 0.045678 0.0502208 0.0537295 0.0561445 0.0575364 0.0580724 0.0579741 0.057484 0.056826 0.0561231 0.0552681 0.053821 0.0510707 0.0463454 0.0394595 0.0309944
 0.00394815 0.00636408 0.00951447 0.0134169 0.0180882 0.0234914 0.0294573 0.0356602 0.0416751 0.0470718 0.0515007 0.0547602 0.056833 0.0578656 0.0580965 0.0577781 0.0571282 0.0563024 0.0553479 0.0541207 0.0522188 0.0490454 0.0440714 0.0372083 0.0290351
