SBPRF35
10.913
Curr Bio
637315
B35
806345
F35
0.181458
FOFL
0.145334
OFL
77199.2
Bzero
3.11801e+006
#pred survey bio
 3.92864e+006 3.77749e+006 3.6348e+006 3.44429e+006 3.20172e+006 2.96068e+006 2.68599e+006 2.43163e+006 2.18768e+006 1.92933e+006 1.7261e+006 1.53745e+006 1.35485e+006 1.19737e+006 1.06696e+006 951172 841576 777710 725802 689352 654384 626080 616626 600738 592732 579388 570495 558270 553648 555422 554497 544107 539780 541104 536681 525788 513171 506249 506296 513867 518695 530432 545797 541749 549523 558653 567834 580742 593343 620274 643147 2.30742e+007 1.42002e+007 1.47704e+007 1.5788e+007 1.70713e+007 1.84125e+007 1.96652e+007 2.07529e+007 2.16512e+007 2.2368e+007 2.29262e+007 2.33538e+007 2.36778e+007 2.39216e+007 2.41046e+007 2.42417e+007 2.43447e+007 2.44222e+007 2.44808e+007 2.45253e+007 2.45593e+007 2.45853e+007 2.46054e+007 2.46209e+007 2.4633e+007 2.46424e+007 2.46498e+007 2.46556e+007 2.46602e+007 2.46638e+007 2.46667e+007 2.4669e+007 2.46708e+007 2.46723e+007 2.46734e+007 2.46744e+007 2.46751e+007 2.46757e+007 2.46762e+007 2.46766e+007 2.46769e+007 2.46771e+007 2.46773e+007 2.46775e+007 2.46776e+007 2.46777e+007 2.46778e+007 2.46779e+007 2.46779e+007 2.4678e+007 2.4678e+007 2.4678e+007 2.4678e+007 2.46781e+007 2.46781e+007 2.46781e+007 2.46781e+007 2.46781e+007 2.46781e+007 2.46781e+007 2.46781e+007 2.46781e+007 2.46781e+007 2.46781e+007 2.46781e+007 2.46781e+007 2.46781e+007 2.46781e+007 2.46781e+007 2.46781e+007 2.46781e+007 2.46781e+007 2.46781e+007 2.46781e+007 2.46781e+007 2.46781e+007 2.46781e+007 2.46781e+007 2.46781e+007 2.46781e+007 2.46781e+007 2.46781e+007 2.46781e+007 2.46781e+007 2.46781e+007 2.46781e+007 2.46781e+007 2.46781e+007 2.46781e+007 2.46781e+007 2.46781e+007 2.46781e+007 2.46781e+007 2.46781e+007 2.46781e+007 2.46781e+007 2.46781e+007 2.46781e+007 2.46781e+007 2.46781e+007 0 0 0 0 0 0 0 0 0 0 0 0 0 0 0 0 0 0 0 0 0 0 0 0 0
#obs survey bio
 3.86588e+006 2.76493e+006 3.74556e+006 2.98391e+006 2.37551e+006 3.1064e+006 1.93087e+006 2.07433e+006 1.77519e+006 2.1759e+006 1.48269e+006 1.33481e+006 1.14544e+006 1.14411e+006 850089 913660 654533 959279 756878 802318 829692 600964 419946 684781 502862 616548 660701 404544 466620 540128 471244 406768 476845 522900 737043 568368 620192 633390 525109 438182 424827 694015 602413 605471 697963 431325 420798 778596 559532 442600 551418
#pred catch bio
 101075 97167.2 148773 209526 225342 275912 278172 287985 316978 279939 276733 278319 260424 239048 226758 219469 177462 164622 147848 142452 132970 115240 119923 112211 115441 109895 110792 103009 97259.2 99024.7 105139 97356.8 90247.9 92185 93988.8 93449.9 89638.5 86271.5 82365 86392.4 81942.9 80555.5 97459 87306.9 87207.1 89109.3 88487.3 91553.7 83101.4 89895.6 95574.9 77199.2 97166.5 100051 105771 113845 122534 130623 137536 143116 147439 150689 153075 154797 156022 156883 157484 157900 158187 158383 158517 158609 158671 158713 158741 158760 158773 158782 158788 158792 158794 158796 158797 158798 158799 158799 158799 158799 158800 158800 158800 158800 158800 158800 158800 158800 158800 158800 158800 158800 158800 158800 158800 158800 158800 158800 158800 158800 158800 158800 158800 158800 158800 158800 158800 158800 158800 158800 158800 158800 158800 158800 158800 158800 158800 158800 158800 158800 158800 158800 158800 158800 158800 158800 158800 158800 158800 158800 158800 158800 158800 158800 158800 158800 158800 158800 158800 158800 158800 158800 158800 0 0 0 0 0 0 0 0 0 0 0 0 0 0 0 0 0 0 0 0 0 0 0 0 0
#obs catch bio
 0 96893.9 148944 210372 225798 277548 280148 291149 321952 281786 278717 280521 262459 240820 229004 221556 179321 166136 149646 143449 133044 115314 121025 112880 116825 110741 111669 103522 98157.5 99856.1 106725 98237.3 90743.9 92878.7 93979.9 93650.2 89738.8 85474.7 81700 85891.1 81517.7 79930.5 97215 86730.2 86122.4 88547.6 88248.1 91082.8 82974.2 89943.4 95603.6
#pred cpue bio
 3.86964e+006 3.72105e+006 3.58049e+006 3.39094e+006 3.14917e+006 2.90874e+006 2.63506e+006 2.38157e+006 2.13886e+006 1.88266e+006 1.68113e+006 1.49417e+006 1.31339e+006 1.15764e+006 1.02881e+006 914731 807146 744548 694097 659050 625548 598237 588895 573319 565564 552757 544358 532730 528283 530020 529321 519648 515966 517806 514235 504290 491750 483981 483217 490354 495098 506516 521439 517567 525194 533948 542463 554603 566505 592288 614500 2.20908e+007 1.36256e+007 1.40889e+007 1.49645e+007 1.61897e+007 1.75149e+007 1.8764e+007 1.98508e+007 2.0749e+007 2.14658e+007 2.2024e+007 2.24516e+007 2.27755e+007 2.30194e+007 2.32023e+007 2.33395e+007 2.34425e+007 2.352e+007 2.35786e+007 2.36231e+007 2.3657e+007 2.3683e+007 2.37031e+007 2.37186e+007 2.37307e+007 2.37402e+007 2.37476e+007 2.37534e+007 2.37579e+007 2.37616e+007 2.37644e+007 2.37667e+007 2.37686e+007 2.377e+007 2.37712e+007 2.37721e+007 2.37728e+007 2.37734e+007 2.37739e+007 2.37743e+007 2.37746e+007 2.37749e+007 2.37751e+007 2.37752e+007 2.37754e+007 2.37755e+007 2.37755e+007 2.37756e+007 2.37757e+007 2.37757e+007 2.37757e+007 2.37758e+007 2.37758e+007 2.37758e+007 2.37758e+007 2.37758e+007 2.37759e+007 2.37759e+007 2.37759e+007 2.37759e+007 2.37759e+007 2.37759e+007 2.37759e+007 2.37759e+007 2.37759e+007 2.37759e+007 2.37759e+007 2.37759e+007 2.37759e+007 2.37759e+007 2.37759e+007 2.37759e+007 2.37759e+007 2.37759e+007 2.37759e+007 2.37759e+007 2.37759e+007 2.37759e+007 2.37759e+007 2.37759e+007 2.37759e+007 2.37759e+007 2.37759e+007 2.37759e+007 2.37759e+007 2.37759e+007 2.37759e+007 2.37759e+007 2.37759e+007 2.37759e+007 2.37759e+007 2.37759e+007 2.37759e+007 2.37759e+007 2.37759e+007 2.37759e+007 2.37759e+007 2.37759e+007 2.37759e+007 2.37759e+007 0 0 0 0 0 0 0 0 0 0 0 0 0 0 0 0 0 0 0 0 0 0 0 0 0
#obs cpue bio
 3.46254e+006 3.42178e+006 4.11681e+006 2.88281e+006 3.55292e+006 2.44313e+006 2.46535e+006 1.72541e+006 2.22108e+006 2.56146e+006 1.87688e+006 1.63662e+006 1.39249e+006 1.0934e+006 1.00474e+006 964718 692273 604382 438001 715455 704981 523009 522734 493393 433985 548875 446455 748656 384974 520722 383982 792717 618182 447163 649079 394958 429999 924144 463770 583572 596011 483454 425450 575154 817448 482765 559208 603294 384657 796688 770532
#pred surv len freq
 0.00452047 0.00740132 0.0112555 0.0161032 0.0218492 0.0281956 0.0346179 0.0404999 0.0453649 0.0490291 0.051577 0.0532294 0.0542241 0.0547575 0.0549683 0.0549404 0.0547163 0.054302 0.0536355 0.0525161 0.0505489 0.0472105 0.0420914 0.0352185 0.027227
 0.00469044 0.00760005 0.0114154 0.0161246 0.0216408 0.0277305 0.0339698 0.0398261 0.0448379 0.0487559 0.0515572 0.053375 0.0544209 0.0549295 0.0551099 0.055107 0.0549823 0.0547077 0.0541493 0.0530336 0.0509339 0.0473591 0.0419815 0.0349158 0.0268457
 0.00488875 0.00792442 0.0119008 0.0167878 0.0224576 0.0286132 0.0347654 0.0403568 0.0449768 0.0484952 0.0510168 0.0527376 0.0538395 0.0544706 0.0547634 0.0548381 0.0547765 0.054575 0.0540943 0.0530224 0.0508929 0.0472099 0.0416879 0.0345075 0.0264006
 0.00508361 0.00824263 0.0123831 0.017474 0.0233795 0.0297784 0.0361355 0.0418277 0.0463788 0.049624 0.0516935 0.0528749 0.0534749 0.0537426 0.0538443 0.0538683 0.0538368 0.053698 0.0532852 0.0522684 0.0501661 0.0464795 0.0409438 0.0337769 0.0257394
 0.00531856 0.00862071 0.0129453 0.0182574 0.0244118 0.0310695 0.0376656 0.0435384 0.0481702 0.0513575 0.0532007 0.0539779 0.0540258 0.05367 0.0531821 0.0527431 0.0524185 0.0521438 0.0517058 0.0507247 0.048686 0.0450805 0.0396529 0.0326364 0.0247972
 0.00555115 0.00899617 0.0135057 0.0190409 0.0254466 0.0323647 0.0392 0.0452565 0.0499875 0.0531717 0.0548985 0.0554348 0.0551063 0.0542423 0.0531493 0.0520787 0.0511839 0.0504732 0.0497651 0.0486705 0.046644 0.0431483 0.0379108 0.031153 0.0236204
 0.00582679 0.00944085 0.0141686 0.0199657 0.026664 0.0338797 0.0409795 0.0472244 0.052035 0.0551776 0.0567465 0.0570203 0.0563329 0.0550151 0.0533759 0.0516851 0.0501415 0.0488228 0.0476226 0.0462079 0.0440579 0.0406302 0.035627 0.0292283 0.0221236
 0.00602947 0.00978063 0.0146993 0.0207444 0.0277404 0.0352784 0.0426821 0.0491621 0.0540993 0.0572409 0.0586829 0.0587173 0.0576942 0.0559571 0.053822 0.0515643 0.0493988 0.0474416 0.0456505 0.0437712 0.0413526 0.0378916 0.033086 0.0270675 0.0204454
 0.00618846 0.0100473 0.0151169 0.0213614 0.028604 0.0364227 0.0441134 0.0508491 0.0559719 0.0591979 0.0606048 0.0604798 0.0591807 0.0570666 0.0544706 0.0516817 0.0489276 0.0463472 0.0439436 0.0415335 0.0387502 0.0351594 0.0304827 0.0248162 0.0186823
 0.00647272 0.0104933 0.0157588 0.0222223 0.0296949 0.037741 0.0456379 0.0525357 0.0577551 0.0609976 0.0623331 0.0620456 0.0604934 0.0580396 0.0550246 0.0517473 0.0484468 0.0452801 0.0422855 0.0393407 0.0361612 0.0323937 0.0278041 0.0224685 0.0168263
 0.00674173 0.0109209 0.0163839 0.0230731 0.0307832 0.0390537 0.0471299 0.0541315 0.0593644 0.0625363 0.0637378 0.063273 0.0615078 0.0587996 0.0554767 0.0518266 0.0480846 0.0444173 0.0408925 0.0374436 0.0338655 0.0298884 0.0253326 0.0202691 0.0150666
 0.00700308 0.0113458 0.0170226 0.023971 0.0319699 0.0405269 0.04884 0.0559785 0.0612139 0.06425 0.0652022 0.0644162 0.0622995 0.0592387 0.0555719 0.0515772 0.0474707 0.0434046 0.0394522 0.0355841 0.0316628 0.027499 0.0229721 0.0181586 0.0133684
 0.00728977 0.0118077 0.0177102 0.0249285 0.0332271 0.042086 0.0506603 0.057969 0.0632418 0.0661622 0.0668518 0.0656846 0.0631121 0.0595702 0.0554388 0.0510193 0.0465285 0.0421039 0.0378074 0.0336202 0.0294471 0.0251612 0.0206951 0.0161349 0.0117425
 0.00756387 0.0122476 0.0183617 0.0258303 0.0344043 0.0435388 0.052352 0.0598208 0.0651409 0.0679796 0.0684603 0.066972 0.0639895 0.0599806 0.0553623 0.0504717 0.0455512 0.0407492 0.0361285 0.0316755 0.0273176 0.0229668 0.0185914 0.0142825 0.0102609
 0.00777531 0.0125936 0.0188863 0.0265756 0.0354016 0.0447954 0.0538375 0.0614631 0.0668361 0.0696121 0.0699207 0.0681666 0.0648437 0.0604395 0.0553924 0.0500639 0.0447216 0.0395364 0.0345897 0.0298846 0.0253697 0.0209828 0.0167116 0.0126427 0.00895753
 0.0079536 0.0128868 0.0193341 0.0272173 0.0362688 0.0458997 0.0551577 0.0629391 0.0683753 0.0711059 0.0712619 0.0692627 0.0656241 0.0608575 0.0554236 0.0497031 0.0439805 0.038444 0.0331944 0.0282569 0.0236047 0.0191983 0.015037 0.0111957 0.00781694
 0.00815868 0.0132179 0.0198279 0.0279064 0.0371749 0.0470243 0.0564709 0.0643752 0.0698409 0.0724952 0.0724739 0.0702135 0.0662529 0.061129 0.0553265 0.0492459 0.0431863 0.0373478 0.0318442 0.0267186 0.0219654 0.017565 0.0135244 0.00990449 0.00680988
 0.00815304 0.0132199 0.0198527 0.0279776 0.0373229 0.0472807 0.0568622 0.0649167 0.0705312 0.0733118 0.0733715 0.0711257 0.0671003 0.0618299 0.0558091 0.049457 0.0430972 0.0369557 0.0311723 0.0258161 0.0209072 0.0164467 0.0124497 0.00896563 0.00606708
 0.00811982 0.0131713 0.0197901 0.0279081 0.0372601 0.0472453 0.0568816 0.0650221 0.0707515 0.0736659 0.0738599 0.0717265 0.0677687 0.0625026 0.0564122 0.049917 0.0433522 0.0369659 0.0309271 0.0253378 0.0202501 0.0156903 0.0116853 0.00827695 0.00551172
 0.00811117 0.0131458 0.0197315 0.027796 0.0370776 0.0469904 0.0565759 0.0647123 0.0704997 0.073534 0.0738949 0.0719501 0.0681731 0.0630503 0.0570401 0.0505454 0.0438969 0.0373532 0.0311074 0.0252959 0.0200087 0.0153058 0.0112336 0.00783425 0.005136
 0.00828688 0.0133966 0.0200434 0.0281316 0.0373837 0.0472121 0.0566711 0.0646612 0.0703102 0.073243 0.0735631 0.0716499 0.0679699 0.0629854 0.0571202 0.050741 0.0441506 0.0375934 0.0312663 0.0253269 0.0198986 0.0150765 0.0109341 0.00752272 0.00486156
 0.00853132 0.0137678 0.0205514 0.0287635 0.038101 0.0479514 0.0573476 0.0651794 0.0705862 0.0732309 0.0732734 0.0711473 0.0673542 0.0623632 0.0565789 0.0503313 0.0438799 0.0374312 0.0311593 0.0252187 0.0197497 0.0148754 0.0106967 0.00728144 0.00464906
 0.00852095 0.0137732 0.0205999 0.0288922 0.0383446 0.0483237 0.0578258 0.0657024 0.0710687 0.0735875 0.0734425 0.0711064 0.0671239 0.0620008 0.056162 0.0499361 0.0435612 0.0372095 0.0310209 0.0251278 0.0196662 0.0147727 0.0105694 0.00714257 0.00451892
 0.00852561 0.0137841 0.0206236 0.0289405 0.0384355 0.048481 0.0580739 0.0660555 0.0715164 0.0740854 0.0739148 0.0714655 0.0672988 0.0619612 0.0559276 0.0495674 0.0431366 0.0368001 0.0306714 0.0248509 0.0194504 0.0145972 0.0104182 0.00701024 0.00440831
 0.00847421 0.0137046 0.0205123 0.0287977 0.038268 0.0483038 0.0579122 0.0659443 0.0714948 0.074185 0.0741451 0.0718032 0.0676878 0.0623268 0.0562011 0.0497094 0.0431479 0.0367148 0.0305374 0.0247091 0.0193236 0.0144907 0.0103285 0.00693359 0.00434426
 0.00843658 0.0136517 0.0204477 0.0287296 0.0382065 0.0482566 0.0578825 0.0659316 0.0714992 0.0742118 0.0742057 0.0719099 0.0678447 0.062521 0.056401 0.0498738 0.0432421 0.036725 0.0304746 0.0246011 0.0192006 0.0143748 0.0102305 0.00685581 0.00428556
 0.00842935 0.01363 0.0203974 0.0286337 0.0380516 0.0480425 0.0576288 0.0656753 0.0712833 0.0740707 0.074157 0.071955 0.0679744 0.0627202 0.0566484 0.0501406 0.043494 0.0369302 0.0306137 0.0246724 0.0192178 0.0143581 0.0101985 0.00682147 0.00425567
 0.00856549 0.0138264 0.0206461 0.028909 0.0383149 0.0482516 0.0577473 0.065681 0.0711741 0.0738672 0.0738986 0.0716893 0.0677438 0.0625517 0.0565509 0.0501069 0.0435057 0.0369628 0.0306433 0.0246824 0.0192029 0.0143236 0.010155 0.00677905 0.00422088
 0.00856419 0.0138385 0.0206892 0.029005 0.0384798 0.0484822 0.0580121 0.0659244 0.0713349 0.0739026 0.0738006 0.0714858 0.0674858 0.062295 0.0563394 0.049964 0.0434332 0.0369458 0.0306585 0.0247065 0.0192194 0.0143255 0.010144 0.00676119 0.00420243
 0.00844369 0.0136581 0.0204478 0.0287151 0.038168 0.0481867 0.0577774 0.065791 0.0713247 0.0740068 0.0739805 0.0716883 0.0676663 0.0624341 0.0564445 0.0500572 0.0435358 0.0370671 0.0307935 0.024841 0.0193373 0.0144161 0.0102045 0.00679582 0.00421889
 0.0082518 0.0133719 0.0200655 0.0282531 0.0376585 0.0476716 0.0573038 0.065408 0.071078 0.0739292 0.0740805 0.0719442 0.0680303 0.0628464 0.0568517 0.0504269 0.0438583 0.0373479 0.031041 0.0250585 0.0195219 0.0145629 0.0103114 0.00686624 0.00426036
 0.00817529 0.0132438 0.0198671 0.0279679 0.0372796 0.0472115 0.0568012 0.0649239 0.0706808 0.0736746 0.0739972 0.0720313 0.0682627 0.0631832 0.057245 0.0508304 0.0442363 0.0376805 0.0313228 0.0252921 0.0197116 0.0147116 0.0104214 0.00694132 0.00430694
 0.00808588 0.0130983 0.0196478 0.0276582 0.0368674 0.0466952 0.0561971 0.0642717 0.0700423 0.0731248 0.0736095 0.0718603 0.0683306 0.0634747 0.0577126 0.0514078 0.0448541 0.0382796 0.0318618 0.0257489 0.0200794 0.0149931 0.0106254 0.00707976 0.00439389
 0.00781724 0.0126976 0.0191114 0.0270058 0.0361351 0.0459244 0.0554273 0.06354 0.0693868 0.0725868 0.0732327 0.0716862 0.0683908 0.0637804 0.0582466 0.0521225 0.0456794 0.0391365 0.0326785 0.0264716 0.0206772 0.0154569 0.0109625 0.00730836 0.00453754
 0.00777887 0.0126016 0.0189071 0.0266312 0.0355391 0.045099 0.0544294 0.0624858 0.0684152 0.071813 0.0727191 0.0714443 0.068403 0.064022 0.0586938 0.0527475 0.0464411 0.0399771 0.0335297 0.027267 0.0213655 0.0160091 0.0113731 0.00759085 0.00471659
 0.00835828 0.0134213 0.019912 0.0276863 0.0364594 0.0457025 0.0545881 0.0621545 0.0676376 0.0707095 0.0714593 0.0702063 0.0673318 0.0632052 0.0581618 0.0524902 0.0464253 0.0401556 0.0338443 0.0276533 0.0217613 0.016365 0.0116594 0.00779867 0.00485319
 0.00884129 0.0142058 0.0210828 0.0292991 0.0385019 0.0480485 0.0569722 0.0642059 0.0689821 0.0710982 0.0708529 0.0687722 0.0653674 0.061036 0.0560618 0.050643 0.0449231 0.0390188 0.0330454 0.0271374 0.0214608 0.0162121 0.0115958 0.00778104 0.00485437
 0.00885447 0.0142857 0.0213126 0.0297952 0.039388 0.0494086 0.0587992 0.066369 0.0712278 0.0730924 0.0722568 0.0693358 0.0650063 0.0598557 0.0543145 0.0486411 0.0429501 0.0372744 0.031632 0.0260758 0.0207178 0.0157269 0.0113003 0.00761348 0.004766
 0.00869464 0.0140484 0.0210017 0.0294411 0.039055 0.0491979 0.0588417 0.0667962 0.0721224 0.0744317 0.0738828 0.0709762 0.0663476 0.0606417 0.0544277 0.0481305 0.0419975 0.0361192 0.030493 0.0251011 0.019973 0.0152115 0.0109751 0.00742569 0.00466675
 0.0085917 0.0138716 0.0207198 0.0290241 0.0384872 0.048498 0.0580805 0.0661005 0.0716548 0.0743488 0.074284 0.0718575 0.0675825 0.0620017 0.0556466 0.0489898 0.0423948 0.0360871 0.030164 0.0246417 0.0195228 0.0148518 0.0107292 0.00727924 0.00459023
 0.00860349 0.0138813 0.0207155 0.0289858 0.038388 0.0483093 0.0577809 0.0656887 0.0711637 0.0738547 0.0738997 0.0717053 0.0677496 0.0624966 0.05638 0.049796 0.0430898 0.0365369 0.0303271 0.024568 0.0193134 0.0146087 0.0105211 0.00713333 0.00450322
 0.0085709 0.0138295 0.0206396 0.0288808 0.038249 0.0481306 0.0575566 0.0654146 0.0708406 0.0734952 0.0735362 0.0713947 0.0675675 0.0625161 0.0566388 0.0502691 0.0436861 0.0371282 0.0307981 0.0248578 0.0194283 0.0146017 0.0104575 0.00706266 0.0044498
 0.00841757 0.013604 0.0203444 0.0285337 0.0378778 0.0477643 0.0572186 0.0651196 0.0705955 0.0733006 0.0733901 0.0712983 0.0675325 0.0625679 0.0568103 0.0505825 0.0441321 0.0376559 0.0313267 0.0253072 0.0197498 0.0147908 0.0105437 0.00708764 0.00444838
 0.00845074 0.01365 0.0203996 0.0285909 0.03793 0.0478092 0.0572603 0.0651646 0.0706449 0.0733434 0.0734031 0.0712562 0.0674209 0.0623954 0.0566103 0.0504042 0.0440218 0.0376371 0.0313897 0.0254142 0.019855 0.014862 0.0105722 0.00708409 0.00443014
 0.00857868 0.0138196 0.0205839 0.0287417 0.0379914 0.0477403 0.0570539 0.0648521 0.0702852 0.0730026 0.0731344 0.0710862 0.0673473 0.0623944 0.0566528 0.0504706 0.0441085 0.0377507 0.0315337 0.0255794 0.0200196 0.0150015 0.0106716 0.00714254 0.0044574
 0.00871265 0.0140298 0.0208834 0.029131 0.0384508 0.0482226 0.057484 0.0651416 0.0703616 0.0728408 0.0727706 0.0706036 0.0668421 0.0619427 0.0562934 0.0502092 0.0439325 0.0376442 0.0314842 0.0255754 0.0200469 0.0150429 0.0107111 0.00717054 0.00447224
 0.00872407 0.0140657 0.0209693 0.0293004 0.0387353 0.0486363 0.058008 0.0657181 0.0709025 0.0732486 0.0729663 0.0705511 0.0665605 0.0614985 0.0557763 0.0497021 0.0434914 0.0372944 0.0312275 0.0254011 0.0199386 0.0149823 0.0106808 0.00715624 0.00446481
 0.00874615 0.0140917 0.0209916 0.0293099 0.0387291 0.0486268 0.0580265 0.0658061 0.0710908 0.0735355 0.0733075 0.070871 0.0667794 0.0615636 0.0556802 0.0494811 0.0432065 0.0370066 0.0309802 0.0252144 0.0198131 0.0149071 0.0106408 0.00713744 0.00445674
 0.00881618 0.0141964 0.0211317 0.0294781 0.0389107 0.0488017 0.0581737 0.0659106 0.0711519 0.0735698 0.0733419 0.0709255 0.0668512 0.0616236 0.0556867 0.0494033 0.0430414 0.03678 0.0307338 0.0249875 0.0196308 0.0147769 0.0105572 0.00708868 0.00443065
 0.00853567 0.0137975 0.0206369 0.0289443 0.0384123 0.0484043 0.0579131 0.065789 0.0711492 0.073661 0.0735098 0.0711636 0.067157 0.0619874 0.0560829 0.0497916 0.0433794 0.0370393 0.0309087 0.0250931 0.019691 0.0148135 0.0105833 0.00710941 0.00444676
 0.00790043 0.0128621 0.0194125 0.027511 0.0369054 0.0469845 0.0567376 0.0649872 0.070801 0.0737778 0.0740317 0.071981 0.0681473 0.0630466 0.0571378 0.0507932 0.0442915 0.0378328 0.0315644 0.0256066 0.0200734 0.0150862 0.0107705 0.00723303 0.00452448
#obs surv len freq
 nan nan nan nan nan nan nan nan nan nan nan nan nan nan nan nan nan nan nan nan nan nan nan nan nan
 0.00448282 0.00734349 0.0111731 0.0159896 0.0216911 0.0279679 0.0342834 0.0400157 0.0446958 0.0481597 0.0505172 0.0520124 0.052904 0.0534157 0.0537295 0.053984 0.0542622 0.0545548 0.0546934 0.0542853 0.0527233 0.0493555 0.0438053 0.0362855 0.0276693
 0.00461877 0.00756469 0.011506 0.0164581 0.0223108 0.0287372 0.0351747 0.040973 0.0456415 0.0490095 0.051196 0.0524653 0.0531021 0.0533573 0.0534355 0.0534908 0.0536128 0.0537915 0.0538551 0.0534087 0.0518471 0.0485225 0.04306 0.0356655 0.0271954
 0.00477827 0.00782803 0.0119097 0.0170384 0.0230959 0.0297352 0.0363614 0.0422866 0.0469907 0.0502894 0.0523045 0.0533151 0.0536288 0.0535242 0.0532364 0.0529482 0.0527716 0.0527106 0.0526005 0.0520505 0.0504605 0.0471882 0.041858 0.0346621 0.0264271
 0.00496948 0.00813988 0.0123812 0.0177071 0.0239916 0.0308695 0.0377156 0.0438057 0.0485881 0.0518594 0.0537368 0.0545056 0.0544875 0.0539822 0.0532519 0.0525106 0.0519022 0.0514602 0.0510453 0.0502879 0.0486061 0.0453693 0.0402008 0.0332693 0.0253568
 0.00518066 0.00848673 0.0129097 0.0184623 0.0250087 0.0321602 0.0392542 0.0455249 0.0503888 0.0536294 0.0553671 0.0558976 0.0555539 0.0546475 0.053455 0.052211 0.0510874 0.0501527 0.0493077 0.0482252 0.0463627 0.0431177 0.0381174 0.0315014 0.0239899
 0.00542239 0.0088795 0.0135007 0.0192957 0.0261185 0.0335574 0.0409133 0.0473782 0.052334 0.0555479 0.0571417 0.0574241 0.0567447 0.0554301 0.0537696 0.0520096 0.0503383 0.0488512 0.0474906 0.045985 0.0438523 0.0405395 0.0356914 0.0294181 0.0223663
 0.00566515 0.00927924 0.0141116 0.020171 0.0272996 0.0350573 0.0426995 0.0493687 0.0544101 0.0575788 0.0590058 0.0590192 0.0579884 0.0562562 0.0541238 0.0518463 0.0496214 0.0475624 0.0456466 0.0436591 0.0411904 0.0377547 0.0330307 0.027106 0.0205483
 0.0058991 0.00966322 0.0146966 0.0210077 0.0284296 0.0364986 0.0444309 0.0513216 0.0564769 0.0596314 0.0609156 0.060672 0.0592913 0.0571386 0.054533 0.0517415 0.0489695 0.0463422 0.0438642 0.0413724 0.0385308 0.0349306 0.0302966 0.0247036 0.0186425
 0.00613421 0.0100493 0.0152849 0.0218485 0.0295628 0.0379385 0.0461509 0.0532491 0.0585033 0.0616332 0.0627731 0.0622801 0.0605624 0.0580029 0.0549371 0.0516447 0.0483411 0.0451628 0.0421376 0.0391475 0.0359265 0.0321433 0.0275757 0.0222936 0.0167168
 0.00637155 0.0104361 0.0158688 0.022675 0.0306666 0.0393306 0.0478045 0.0550942 0.0604358 0.0635339 0.0645273 0.0637883 0.0617452 0.0587991 0.0553004 0.0515393 0.0477388 0.0440449 0.0405056 0.0370439 0.033458 0.0294904 0.0249725 0.0199751 0.0148541
 0.00662231 0.0108476 0.016495 0.0235673 0.0318626 0.0408368 0.0495794 0.0570447 0.0624329 0.0654399 0.0662204 0.0651755 0.0627623 0.0594061 0.0554739 0.051265 0.0470061 0.0428471 0.0388497 0.03497 0.0310625 0.026937 0.0224759 0.017753 0.0130669
 0.00685716 0.0112341 0.0170851 0.0244122 0.0330021 0.0422829 0.051299 0.058953 0.0644045 0.0673324 0.0678997 0.0665329 0.0637229 0.059929 0.0555458 0.0508898 0.0461947 0.0416125 0.0372126 0.0329751 0.0287992 0.0245517 0.0201588 0.0156974 0.0114157
 0.00706853 0.0115812 0.0176141 0.0251683 0.034021 0.0435765 0.0528412 0.0606734 0.0661969 0.0690738 0.069469 0.0678247 0.0646555 0.0604483 0.0556266 0.0505311 0.0454121 0.0404319 0.0356692 0.0311231 0.0267267 0.0223907 0.0180755 0.0138583 0.00994242
 0.0072662 0.0119071 0.0181127 0.0258832 0.0349858 0.0448 0.054293 0.06228 0.0678523 0.070661 0.0708793 0.0689686 0.0654662 0.0608817 0.0556596 0.0501599 0.0446496 0.0393044 0.0342172 0.0294062 0.024833 0.0204415 0.0162161 0.0122299 0.00864537
 0.00746015 0.012223 0.0185893 0.0265566 0.0358823 0.0459248 0.055618 0.0637392 0.0693503 0.0720899 0.0721371 0.0699718 0.0661549 0.0612204 0.055634 0.0497726 0.0439159 0.0382508 0.032883 0.0278493 0.0231363 0.0187149 0.0145858 0.0108143 0.0075256
 0.00753603 0.0123526 0.0187964 0.0268686 0.0363259 0.046519 0.0563656 0.064622 0.0703299 0.0731123 0.0731383 0.0708827 0.0669078 0.0617548 0.0559032 0.0497473 0.0435854 0.0376225 0.0319835 0.0267267 0.0218638 0.0173894 0.0133173 0.00970469 0.00664431
 0.00759569 0.0124418 0.0189171 0.0270198 0.0365077 0.0467372 0.0566341 0.0649601 0.0707547 0.0736296 0.0737361 0.0715286 0.0675518 0.0623358 0.0563571 0.0500162 0.0436249 0.0374087 0.0315171 0.0260362 0.0210065 0.0164474 0.012386 0.00887372 0.0059762
 0.00764044 0.0125073 0.019002 0.0271179 0.0366094 0.0468327 0.0567179 0.0650347 0.0708339 0.0737382 0.0739041 0.0717801 0.0678921 0.0627435 0.0567849 0.0503995 0.0438959 0.0375106 0.0314157 0.0257287 0.020524 0.0158512 0.0117556 0.0082874 0.0054923
 0.00770984 0.0126123 0.0191451 0.0272952 0.0368105 0.0470414 0.0569138 0.0651961 0.0709438 0.0737917 0.0739132 0.0717725 0.0679028 0.0628015 0.0568999 0.050555 0.0440509 0.0376107 0.0314101 0.0255861 0.0202442 0.0154667 0.0113223 0.00786784 0.00513671
 0.00780501 0.0127614 0.0193582 0.0275764 0.0371549 0.0474324 0.0573206 0.0655761 0.0712508 0.0739882 0.0739809 0.0717178 0.067754 0.0626011 0.0566923 0.050373 0.0439052 0.0374871 0.0312768 0.0254091 0.0200038 0.0151678 0.0109933 0.00754905 0.00486461
 0.00781007 0.0127743 0.0193864 0.0276298 0.0372439 0.0475639 0.0574942 0.065782 0.0714706 0.0741978 0.074155 0.0718354 0.0678036 0.0625846 0.0566252 0.0502787 0.0438058 0.0373937 0.0311848 0.0253023 0.0198654 0.0149922 0.0107916 0.00734488 0.00468372
 0.00784623 0.0128233 0.0194426 0.027683 0.037284 0.0475872 0.0575075 0.065801 0.0715126 0.0742729 0.0742607 0.0719561 0.0679169 0.062669 0.0566672 0.0502767 0.0437684 0.0373334 0.0311108 0.0252166 0.019764 0.0148723 0.0106574 0.00720892 0.00456152
 0.00784873 0.0128276 0.0194491 0.0276911 0.0372909 0.0475872 0.0574928 0.065766 0.071459 0.0742135 0.0742166 0.0719483 0.0679562 0.0627503 0.0567718 0.050381 0.0438533 0.0373888 0.0311352 0.025212 0.0197335 0.0148192 0.0105876 0.00713182 0.00448822
 0.00787831 0.0128667 0.0194915 0.0277258 0.0373057 0.0475736 0.0574502 0.0657008 0.0713814 0.0741333 0.0741427 0.0718902 0.0679241 0.0627532 0.0568126 0.0504527 0.0439406 0.0374738 0.0312027 0.0252536 0.019747 0.0148074 0.0105567 0.0070903 0.00444519
 0.00790185 0.0129054 0.0195496 0.0278061 0.0374062 0.0476852 0.0575553 0.0657772 0.0714097 0.0741055 0.0740651 0.0717806 0.0678051 0.0626453 0.0567307 0.0504044 0.0439247 0.0374818 0.0312219 0.025271 0.0197535 0.0147995 0.0105361 0.00706227 0.00441587
 0.00789831 0.012899 0.0195393 0.027791 0.037387 0.0476649 0.0575391 0.0657702 0.0714135 0.0741159 0.0740734 0.0717782 0.0677888 0.0626197 0.0567056 0.0503905 0.0439292 0.0375054 0.0312588 0.0253117 0.0197884 0.0148221 0.0105446 0.00705922 0.0044062
 0.00791024 0.0129119 0.0195468 0.0277835 0.0373547 0.0476022 0.0574488 0.0656641 0.0713095 0.0740317 0.0740214 0.0717616 0.0678025 0.0626535 0.0567499 0.0504398 0.0439822 0.0375629 0.0313201 0.025373 0.0198438 0.0148658 0.0105739 0.00707472 0.0044114
 0.00788105 0.0128683 0.0194879 0.0277102 0.0372686 0.0475037 0.0573375 0.0655406 0.0711786 0.0739053 0.0739167 0.071697 0.0677904 0.0626959 0.0568383 0.0505588 0.044116 0.0376986 0.0314491 0.0254897 0.0199437 0.0149456 0.0106322 0.00711285 0.00443322
 0.00787046 0.0128455 0.0194436 0.0276337 0.0371509 0.047344 0.0571461 0.0653382 0.0709895 0.0737496 0.0738065 0.0716369 0.0677818 0.0627386 0.0569296 0.0506914 0.0442774 0.0378731 0.0316217 0.0256481 0.0200796 0.0150547 0.0107133 0.00716822 0.00446743
 0.00787276 0.0128467 0.0194404 0.0276202 0.0371195 0.047286 0.0570542 0.0652099 0.0708304 0.0735748 0.0736378 0.0714977 0.0676899 0.0627033 0.0569514 0.0507645 0.0443914 0.0380146 0.0317755 0.0257995 0.0202161 0.0151681 0.0108 0.00722901 0.00450623
 0.00784095 0.0127985 0.0193745 0.0275375 0.0370225 0.0471779 0.0569382 0.065089 0.0707077 0.0734542 0.0735253 0.0714023 0.0676234 0.0626774 0.056974 0.050837 0.0445081 0.0381642 0.0319429 0.0259687 0.0203727 0.0153012 0.010904 0.00730335 0.00455466
 0.00778892 0.0127117 0.0192405 0.027345 0.0367659 0.0468635 0.0565881 0.0647398 0.0704012 0.0732252 0.0733929 0.071368 0.0676767 0.0628027 0.0571562 0.0510628 0.0447653 0.0384396 0.0322215 0.0262345 0.0206108 0.0155003 0.0110584 0.0074137 0.00462689
 0.00776763 0.0126724 0.0191724 0.027235 0.0366011 0.0466359 0.0563003 0.0644079 0.0700546 0.0729017 0.0731313 0.0711996 0.0676181 0.0628535 0.0573017 0.0512807 0.0450315 0.0387317 0.0325196 0.0265206 0.020869 0.0157182 0.0112293 0.0075373 0.00470873
 0.00774241 0.0126305 0.0191074 0.0271399 0.036469 0.0464615 0.0560823 0.0641511 0.0697712 0.0726115 0.0728607 0.0709785 0.0674749 0.0628082 0.0573613 0.0514371 0.0452645 0.0390146 0.0328244 0.0268216 0.021145 0.0159537 0.0114157 0.00767331 0.00479962
 0.00932557 0.0148474 0.0217849 0.0298962 0.0388251 0.0480177 0.0566581 0.063811 0.0687434 0.0711697 0.0712384 0.0693398 0.0659232 0.0614071 0.0561487 0.0504319 0.0444686 0.0384148 0.0323959 0.0265332 0.0209642 0.0158499 0.0113626 0.00765033 0.00479224
 0.00930376 0.015106 0.0226925 0.0319104 0.0422938 0.0529102 0.0623941 0.0693551 0.0729722 0.0733138 0.071135 0.0673758 0.0627654 0.0577167 0.0524188 0.0469601 0.0414031 0.0358118 0.0302607 0.024842 0.0196752 0.0149103 0.0107122 0.00722654 0.00453457
 0.00897385 0.0145866 0.0219639 0.0310225 0.0414192 0.0523802 0.0626595 0.0708242 0.0757655 0.0770814 0.0750997 0.0706269 0.0646373 0.0580195 0.0514089 0.0451287 0.0392458 0.0336937 0.0283906 0.0233069 0.0184866 0.0140388 0.0101088 0.00683417 0.00429679
 0.00879562 0.0142868 0.0214948 0.0303371 0.0404893 0.0512298 0.0614066 0.0697084 0.0751279 0.0772698 0.0763134 0.0727713 0.0672909 0.0605705 0.053302 0.0460764 0.0392856 0.0330904 0.0274741 0.0223479 0.0176485 0.0133878 0.0096474 0.00653278 0.00411499
 0.00871384 0.0141501 0.0212812 0.0300212 0.0400445 0.0506351 0.060658 0.0688363 0.0742167 0.0764718 0.0758383 0.0728332 0.0680141 0.0618969 0.0549687 0.0477003 0.0405198 0.0337572 0.0276006 0.0221017 0.0172327 0.0129618 0.00929857 0.00628662 0.00396065
 0.00868653 0.0141017 0.0212006 0.0298944 0.0398562 0.0503713 0.0603096 0.0684015 0.0737049 0.075911 0.0752874 0.0723903 0.0678074 0.0620444 0.0555162 0.0485723 0.0415262 0.034665 0.0282323 0.0223988 0.0172516 0.012818 0.00910378 0.0061128 0.00383614
 0.00868746 0.0141018 0.0211977 0.0298844 0.0398326 0.0503247 0.0602278 0.0682713 0.0735143 0.0756542 0.0749703 0.0720386 0.0674726 0.0618026 0.05545 0.0487362 0.0419101 0.0351829 0.0287523 0.0228006 0.0174758 0.0128774 0.00905686 0.00602486 0.0037525
 0.00869314 0.01411 0.021208 0.0298955 0.0398422 0.0503295 0.0602232 0.0682507 0.0734694 0.0755752 0.0748489 0.0718716 0.0672687 0.0615878 0.0552686 0.0486413 0.0419424 0.0353476 0.0290087 0.0230763 0.0177 0.0130112 0.00910242 0.0060119 0.00371578
 0.00866693 0.0140727 0.0211619 0.0298458 0.0397959 0.0502923 0.0601977 0.068236 0.0734612 0.0755672 0.0748332 0.0718403 0.0672154 0.0615123 0.0551811 0.0485645 0.0419066 0.0353775 0.0291089 0.023225 0.0178576 0.0131393 0.00918113 0.00604344 0.00371642
 0.00866176 0.0140615 0.0211399 0.0298081 0.039739 0.0502182 0.0601149 0.0681584 0.0734029 0.0755368 0.0748301 0.0718555 0.0672358 0.0615257 0.055181 0.0485533 0.041896 0.0353844 0.0291471 0.0232964 0.0179494 0.0132303 0.00925228 0.00608664 0.00373494
 0.00863551 0.0140229 0.0210893 0.0297477 0.0396723 0.0501474 0.0600412 0.068083 0.0733296 0.0754732 0.0747862 0.0718396 0.0672501 0.0615646 0.0552337 0.0486089 0.0419484 0.0354349 0.0292014 0.0233597 0.0180209 0.0133023 0.0093144 0.00613156 0.00376146
 0.00862495 0.0140035 0.0210564 0.0296964 0.0395992 0.050054 0.059935 0.0679764 0.073236 0.0754024 0.0747428 0.0718239 0.0672605 0.0615989 0.0552881 0.0486772 0.0420235 0.0355105 0.0292748 0.0234304 0.0180889 0.0133655 0.00936867 0.00617303 0.00378893
 0.00862194 0.0139991 0.0210503 0.0296881 0.0395874 0.0500359 0.0599067 0.0679345 0.0731803 0.0753372 0.0746766 0.0717667 0.0672206 0.0615808 0.0552922 0.0487011 0.0420626 0.0355596 0.0293287 0.0234854 0.018142 0.0134142 0.00941047 0.0062058 0.00381182
 0.00862839 0.0140066 0.0210562 0.0296884 0.0395777 0.0500138 0.0598728 0.0678921 0.0731335 0.0752894 0.0746301 0.0717236 0.0671842 0.0615554 0.0552819 0.0487081 0.0420862 0.0355966 0.0293745 0.0235349 0.0181908 0.0134588 0.00944832 0.00623529 0.00383267
 0.00863281 0.0140172 0.0210782 0.0297276 0.0396383 0.0500942 0.0599637 0.0679779 0.0731969 0.0753179 0.0746195 0.071678 0.067113 0.0614702 0.0551942 0.0486278 0.0420207 0.0355499 0.0293469 0.0235239 0.0181923 0.0134679 0.00946073 0.0062476 0.00384278
 0.00863281 0.0140172 0.0210782 0.0297276 0.0396383 0.0500942 0.0599637 0.0679779 0.0731969 0.0753179 0.0746195 0.071678 0.067113 0.0614702 0.0551942 0.0486278 0.0420207 0.0355499 0.0293469 0.0235239 0.0181923 0.0134679 0.00946073 0.0062476 0.00384278
#pred catch len freq
 0.00471585 0.00741193 0.0107137 0.0145031 0.0187081 0.0232946 0.0281928 0.0332474 0.0382403 0.0429479 0.04718 0.0507973 0.0537222 0.0559409 0.0574897 0.058436 0.0588616 0.0588374 0.0583655 0.0572857 0.0552107 0.0515979 0.0460174 0.038509 0.029773
 0.00491824 0.00766846 0.010969 0.0146694 0.0186996 0.0230764 0.027812 0.0328212 0.0379004 0.042775 0.0471703 0.0508786 0.0538053 0.0559736 0.0574851 0.0584626 0.0590017 0.059134 0.058783 0.0577105 0.0554963 0.0516343 0.0457854 0.038085 0.0292844
 0.00515661 0.00803967 0.0114923 0.0153385 0.0194701 0.0238562 0.0284685 0.0332162 0.0379488 0.0424931 0.0466747 0.0503272 0.0533195 0.0555958 0.0571945 0.0582263 0.0588142 0.0590155 0.058744 0.0577168 0.0554684 0.0514868 0.0454784 0.0376505 0.0288072
 0.00541646 0.00844425 0.0120692 0.0161044 0.0204308 0.0250022 0.0297614 0.0345697 0.0392203 0.0435042 0.0472633 0.050412 0.0529358 0.0548749 0.0562998 0.0572896 0.0579104 0.0581746 0.0579707 0.0569977 0.0547726 0.0507789 0.0447446 0.0369176 0.0281347
 0.00570841 0.00889583 0.0127072 0.016942 0.0214709 0.0262408 0.0311854 0.0361467 0.0408855 0.0451483 0.0487308 0.0515203 0.0535204 0.0548458 0.0556778 0.0561961 0.0565168 0.0566417 0.0564125 0.0554758 0.053313 0.0493957 0.0434615 0.0357762 0.0271846
 0.00602988 0.00939234 0.0134069 0.0178568 0.0225995 0.027573 0.0327012 0.0378122 0.0426483 0.0469347 0.0504419 0.0530288 0.0546743 0.0554902 0.0556935 0.0555425 0.0552518 0.0549058 0.0543831 0.0533211 0.0511679 0.0473636 0.0416273 0.0342119 0.0259414
 0.00638062 0.00993536 0.0141746 0.0188643 0.0238471 0.0290489 0.0343799 0.0396491 0.0445777 0.0488725 0.0522914 0.0546839 0.0560207 0.0564054 0.056056 0.0552529 0.0542655 0.0532588 0.0521972 0.0507812 0.0484856 0.0447441 0.0392471 0.0322031 0.0243769
 0.00666111 0.0103789 0.0148199 0.0197422 0.0249786 0.0304419 0.0360213 0.0414978 0.0465629 0.0508999 0.0542526 0.0564652 0.0575099 0.0574948 0.0566425 0.0552416 0.0535825 0.0518774 0.0501646 0.048233 0.0456346 0.0418458 0.0365514 0.0299074 0.0225922
 0.00692438 0.0107919 0.0154152 0.0205443 0.0260061 0.0317073 0.0375258 0.0432223 0.0484595 0.0528892 0.0562284 0.0583052 0.0590893 0.0586977 0.057367 0.0553997 0.0531017 0.0507128 0.0483241 0.0458049 0.0428009 0.0388646 0.0337076 0.0274464 0.020664
 0.00727512 0.0113257 0.0161523 0.0214838 0.0271336 0.0330058 0.0389805 0.0448159 0.0501634 0.0546559 0.0579875 0.0599653 0.0605444 0.0598376 0.0580865 0.0556051 0.0527152 0.0496808 0.0466354 0.0435177 0.0400657 0.0359212 0.0308442 0.0249299 0.0186712
 0.00764818 0.0118964 0.0169449 0.0224985 0.0283499 0.0343893 0.0404866 0.0463911 0.0517498 0.0561976 0.0594355 0.0612745 0.0616661 0.060712 0.0586406 0.0557564 0.0523805 0.04879 0.0451532 0.0414718 0.0375722 0.0331888 0.028142 0.0225216 0.0167425
 0.00803478 0.0124946 0.0177892 0.0236019 0.0297045 0.0359672 0.042236 0.0482333 0.0535834 0.0579128 0.0609327 0.0624799 0.0625368 0.0612307 0.0588002 0.0555429 0.0517632 0.0477261 0.0436087 0.0394556 0.0351686 0.0305716 0.0255506 0.0202012 0.0148737
 0.00843322 0.0131095 0.0186546 0.0247305 0.0310907 0.0375899 0.0440559 0.0501848 0.0555703 0.0598133 0.0626143 0.0638201 0.0634443 0.061659 0.0587471 0.0550344 0.0508308 0.0463902 0.0418809 0.037362 0.0327833 0.0280386 0.023073 0.017993 0.0130962
 0.00880888 0.0136882 0.0194668 0.0257862 0.0323825 0.0390975 0.045745 0.0520015 0.0574372 0.0616314 0.0642697 0.0651948 0.064431 0.0621771 0.0587554 0.0545337 0.0498545 0.0449884 0.0401085 0.035282 0.0304852 0.0256558 0.0207789 0.0159671 0.0114725
 0.00912707 0.0141824 0.0201683 0.0267106 0.0335303 0.0404545 0.0472792 0.0536586 0.0591408 0.0632896 0.0657836 0.066467 0.0653724 0.0627137 0.0588361 0.0541364 0.0489884 0.0436913 0.0384413 0.0333263 0.0283469 0.0234701 0.018703 0.014153 0.010029
 0.00942584 0.0146458 0.0208249 0.0275743 0.0346011 0.0417196 0.0487095 0.0552035 0.0607267 0.0648253 0.0671708 0.067612 0.0661958 0.0631572 0.0588641 0.0537353 0.0481659 0.0424764 0.0368864 0.0315098 0.0263754 0.0214757 0.0168306 0.0125348 0.00875318
 0.00962703 0.0149622 0.0212821 0.0281912 0.03539 0.0426845 0.0498409 0.0564718 0.0620787 0.0661854 0.0684482 0.0687114 0.0670301 0.0636583 0.0589897 0.0534694 0.0475152 0.0414681 0.0355681 0.0299526 0.024677 0.0197569 0.0152218 0.0111512 0.00766829
 0.00963087 0.0149775 0.0213229 0.0282793 0.0355536 0.0429547 0.0502461 0.0570318 0.062798 0.0670472 0.0694101 0.0697055 0.0679705 0.064453 0.0595541 0.0537386 0.0474514 0.0410635 0.0348458 0.0289664 0.0235104 0.0185175 0.0140267 0.0101048 0.0068392
 0.00956546 0.0148823 0.0212009 0.0281428 0.0354239 0.0428602 0.0502207 0.0571114 0.0630156 0.0674248 0.0699505 0.0703864 0.0687426 0.0652441 0.060278 0.0543077 0.0477916 0.0411259 0.0346157 0.0284671 0.0228024 0.0176907 0.0131845 0.00934231 0.00622234
 0.00956465 0.0148707 0.0211649 0.0280647 0.0352879 0.0426621 0.049976 0.0568578 0.0628064 0.0673175 0.0699936 0.0706083 0.0691437 0.0657929 0.0609133 0.0549466 0.0483433 0.041509 0.0347744 0.0283838 0.0225018 0.0172352 0.0126589 0.00883165 0.00579105
 0.009771 0.0151634 0.0215255 0.0284469 0.0356281 0.0428981 0.0500642 0.0567832 0.062585 0.0669939 0.0696341 0.0702884 0.0689309 0.0657299 0.0610067 0.055165 0.0486241 0.0417737 0.0349478 0.0284139 0.0223738 0.0169739 0.0123191 0.00847897 0.00548068
 0.0100089 0.0155169 0.0219944 0.029006 0.0362301 0.0434812 0.0505596 0.0571241 0.0627189 0.0668975 0.0693245 0.0698232 0.0683951 0.0652153 0.060589 0.0548861 0.0484839 0.0417339 0.0349471 0.0283895 0.0222825 0.0168049 0.012093 0.00823524 0.00525918
 0.0100355 0.015574 0.0221056 0.0292001 0.0365318 0.0438968 0.0510648 0.0576612 0.0632075 0.0672553 0.0694889 0.0697681 0.0681386 0.0648152 0.0601274 0.054446 0.0481263 0.0414825 0.0347878 0.0282829 0.0221844 0.0166855 0.0119466 0.00807642 0.00511084
 0.0100205 0.0155557 0.0220905 0.0292018 0.0365722 0.0440044 0.0512695 0.0579825 0.06364 0.0677573 0.0699843 0.0701651 0.0683589 0.0648209 0.0599324 0.0541086 0.0477261 0.0410935 0.0344569 0.0280229 0.0219822 0.0165186 0.0117981 0.00794187 0.00499522
 0.00998511 0.0155019 0.0220169 0.0291104 0.0364692 0.0439018 0.0511861 0.0579447 0.0636785 0.0678981 0.0702357 0.0705053 0.068734 0.0651573 0.0601621 0.0541938 0.0476718 0.0409398 0.0342578 0.0278242 0.0218089 0.0163757 0.0116806 0.00784436 0.00491596
 0.00991995 0.0154087 0.0219001 0.0289819 0.036345 0.043796 0.0511074 0.0578969 0.0636649 0.0679259 0.0703166 0.0706506 0.0689444 0.0654146 0.0604274 0.0544181 0.0478142 0.0409834 0.0342147 0.0277253 0.0216884 0.0162587 0.0115798 0.00776319 0.00485383
 0.00992629 0.0154091 0.0218828 0.0289314 0.0362475 0.0436477 0.0509204 0.057698 0.0634871 0.0677978 0.0702561 0.0706646 0.0690327 0.0655703 0.0606349 0.0546506 0.0480361 0.0411607 0.0343259 0.0277685 0.0216784 0.0162178 0.011528 0.00771388 0.00481347
 0.0100605 0.0155997 0.0221179 0.029181 0.0364695 0.0437998 0.0509716 0.0576363 0.0633217 0.067558 0.0699848 0.0704081 0.0688287 0.0654409 0.0605842 0.0546677 0.0480987 0.0412404 0.0343955 0.0278094 0.0216849 0.0161962 0.0114912 0.0076742 0.0047793
 0.0100271 0.0155619 0.0220906 0.0291856 0.0365253 0.0439112 0.0511193 0.0577794 0.0634127 0.0675623 0.0698947 0.0702453 0.0686352 0.0652633 0.0604595 0.054614 0.0481134 0.0413048 0.0344826 0.0278932 0.0217476 0.0162313 0.011502 0.00766955 0.00476809
 0.00988773 0.0153572 0.0218243 0.0288781 0.0362111 0.0436327 0.0509181 0.0576866 0.0634386 0.0676892 0.0700806 0.070439 0.0687974 0.0653806 0.0605444 0.0546919 0.0482075 0.0414244 0.0346211 0.0280339 0.0218721 0.0163272 0.0115658 0.00770556 0.00478473
 0.00968546 0.0150609 0.0214389 0.0284298 0.0357406 0.0431844 0.0505319 0.0573962 0.0632714 0.0676638 0.0702002 0.0706845 0.0691281 0.0657446 0.0608957 0.0550039 0.0484757 0.041658 0.0348308 0.0282231 0.0220367 0.0164602 0.0116634 0.00776962 0.00482195
 0.00955235 0.0148533 0.0211437 0.0280429 0.0352706 0.0426555 0.0499864 0.0568908 0.0628669 0.0674102 0.0701254 0.0707906 0.0693934 0.066129 0.061348 0.0554723 0.0489186 0.0420508 0.0351657 0.0285018 0.0222632 0.0166377 0.0117945 0.00785908 0.00487747
 0.00939679 0.0146137 0.0208075 0.0276066 0.0347385 0.0420399 0.04931 0.056192 0.062202 0.0668498 0.0697413 0.0706391 0.0694991 0.0664777 0.0618901 0.0561364 0.0496281 0.0427394 0.0357861 0.0290284 0.0226877 0.0169629 0.0120302 0.00801904 0.00497794
