SBPRF35
12.7214
Curr Bio
860340
B35
875487
F35
0.170779
FOFL
0.163023
OFL
111964
Bzero
3.63469e+006
#pred survey bio
 3.58653e+006 3.495e+006 3.40022e+006 3.26379e+006 3.07901e+006 2.88103e+006 2.62412e+006 2.368e+006 2.1143e+006 1.91469e+006 1.65767e+006 1.45221e+006 1.29436e+006 1.13398e+006 1.00319e+006 903660 822242 751263 709901 683655 641555 626951 606540 587289 566465 556893 556459 556233 551960 550391 560107 560162 565934 572350 589429 610910 625531 642180 652385 659471 662748 674720 677722 680515 675332 678755 673072 681158 673949 673517 674702 732611 764977 814207 837919 867737 891855 933620 944753 948793 952926 945345 951413 941345 921661 894382 868118 870665 866129 2.95084e+007 1.72189e+007 1.71491e+007 1.78216e+007 1.90196e+007 2.04577e+007 2.19132e+007 2.32493e+007 2.44014e+007 2.53535e+007 2.61178e+007 2.67187e+007 2.71847e+007 2.75427e+007 2.78164e+007 2.80249e+007 2.81838e+007 2.8305e+007 2.83977e+007 2.84689e+007 2.85237e+007 2.85662e+007 2.85992e+007 2.8625e+007 2.86453e+007 2.86613e+007 2.86739e+007 2.8684e+007 2.8692e+007 2.86983e+007 2.87035e+007 2.87076e+007 2.87109e+007 2.87136e+007 2.87158e+007 2.87176e+007 2.8719e+007 2.87202e+007 2.87211e+007 2.87219e+007 2.87225e+007 2.8723e+007 2.87235e+007 2.87238e+007 2.87241e+007 2.87243e+007 2.87245e+007 2.87247e+007 2.87248e+007 2.87249e+007 2.8725e+007 2.8725e+007 2.87251e+007 2.87251e+007 2.87252e+007 2.87252e+007 2.87252e+007 2.87253e+007 2.87253e+007 2.87253e+007 2.87253e+007 2.87253e+007 2.87253e+007 2.87253e+007 2.87253e+007 2.87253e+007 2.87253e+007 2.87253e+007 2.87253e+007 2.87253e+007 2.87253e+007 2.87253e+007 2.87253e+007 2.87253e+007 2.87253e+007 2.87253e+007 2.87253e+007 2.87253e+007 2.87253e+007 2.87253e+007 2.87253e+007 2.87253e+007 2.87253e+007 2.87253e+007 2.87253e+007 2.87253e+007 2.87253e+007 2.87253e+007 2.87253e+007 2.87253e+007 2.87253e+007 2.87253e+007 2.87253e+007 2.87253e+007 2.87253e+007 2.87253e+007 2.87253e+007 2.87253e+007 2.87253e+007 2.87253e+007 0 0 0 0 0 0 0 0 0 0 0 0 0 0 0 0 0 0 0 0 0 0 0 0 0
#obs survey bio
 2.52305e+006 4.19913e+006 2.7346e+006 2.78689e+006 3.32763e+006 2.72654e+006 2.32686e+006 2.49418e+006 1.94584e+006 2.51114e+006 1.81432e+006 1.21188e+006 1.13414e+006 1.27237e+006 1.67046e+006 724216 1.05568e+006 832747 554493 681021 899219 542274 821517 764342 645534 516998 557501 1.07556e+006 435838 459423 411032 569556 508141 472988 964428 779564 671565 894026 997839 688168 512281 615430 875122 629913 649024 612326 489725 503696 723276 650918 695993 624904 858537 662151 961663 700831 1.08494e+006 852834 779667 1.20959e+006 886656 1.1737e+006 1.06137e+006 967677 1.04787e+006 790547 678758 827280 917499
#pred catch bio
 93909.1 99338.4 143657 197869 222865 291539 306561 319418 283699 345017 304696 266351 270161 243475 215221 198187 186522 158365 143591 153610 126242 128088 123575 121509 109549 100893 100102 102542 99922.7 91742 101903 98876 100182 92639.7 90061 96380.6 94934.7 100328 102259 104997 98158.9 106645 107124 114083 107035 115040 103630 116798 110466 108999 62872.5 87271.9 74399.1 98138.1 94431.5 101026 87412.1 114342 119352 118330 127539 114932 128025 134514 138628 134760 107275 110317 120585 111964 113440 111495 114302 121345 130281 139364 147616 154608 160256 164661 168010 170506 172337 173665 174619 175299 175780 176120 176358 176525 176641 176722 176779 176818 176845 176864 176877 176886 176892 176896 176899 176901 176903 176904 176904 176905 176905 176905 176906 176906 176906 176906 176906 176906 176906 176906 176906 176906 176906 176906 176906 176906 176906 176906 176906 176906 176906 176906 176906 176906 176906 176906 176906 176906 176906 176906 176906 176906 176906 176906 176906 176906 176906 176906 176906 176906 176906 176906 176906 176906 176906 176906 176906 176906 176906 176906 176906 176906 176906 176906 176906 176906 176906 176906 176906 176906 176906 176906 176906 0 0 0 0 0 0 0 0 0 0 0 0 0 0 0 0 0 0 0 0 0 0 0 0 0
#obs catch bio
 0 99079.7 143714 198555 223370 292866 307638 321879 285270 347452 306441 268039 271606 244198 214282 199450 186808 158983 144185 155205 126398 128288 123170 120980 109160 100869 100419 101862 99406.2 91459.3 102120 99279.6 101446 93925.9 90551.3 96587.1 95115.9 100462 102133 104464 97943.1 106871 106923 114099 107114 115423 103896 117567 110776 109850 62543.1 87795.1 74254.1 98802 94668.5 101865 87536.7 115095 119942 118320 128231 114912 128125 134529 138700 135361 107393 110292 120685
#pred cpue bio
 3.53297e+006 3.44327e+006 3.34964e+006 3.21314e+006 3.02847e+006 2.8308e+006 2.57492e+006 2.31983e+006 2.06738e+006 1.86879e+006 1.6142e+006 1.41076e+006 1.25455e+006 1.09623e+006 967162 868886 788689 719190 678823 653355 612764 599039 579608 561224 541212 531992 531624 531636 527677 525952 534977 534605 539853 545941 562793 584224 598831 615236 625457 632679 635901 647366 650208 652917 647743 650962 645383 653243 646266 645904 647099 703899 736150 784573 807639 836565 860145 901294 912573 916742 920854 913452 919507 909831 890686 864143 838752 841819 838421 2.8603e+007 1.66975e+007 1.64664e+007 1.69484e+007 1.80744e+007 1.94943e+007 2.09458e+007 2.22811e+007 2.34331e+007 2.43852e+007 2.51494e+007 2.57504e+007 2.62164e+007 2.65744e+007 2.6848e+007 2.70566e+007 2.72155e+007 2.73367e+007 2.74294e+007 2.75005e+007 2.75554e+007 2.75978e+007 2.76309e+007 2.76567e+007 2.7677e+007 2.7693e+007 2.77056e+007 2.77156e+007 2.77236e+007 2.773e+007 2.77351e+007 2.77393e+007 2.77426e+007 2.77453e+007 2.77475e+007 2.77492e+007 2.77507e+007 2.77518e+007 2.77528e+007 2.77536e+007 2.77542e+007 2.77547e+007 2.77551e+007 2.77555e+007 2.77558e+007 2.7756e+007 2.77562e+007 2.77563e+007 2.77565e+007 2.77566e+007 2.77566e+007 2.77567e+007 2.77568e+007 2.77568e+007 2.77568e+007 2.77569e+007 2.77569e+007 2.77569e+007 2.77569e+007 2.7757e+007 2.7757e+007 2.7757e+007 2.7757e+007 2.7757e+007 2.7757e+007 2.7757e+007 2.7757e+007 2.7757e+007 2.7757e+007 2.7757e+007 2.7757e+007 2.7757e+007 2.7757e+007 2.7757e+007 2.7757e+007 2.7757e+007 2.7757e+007 2.7757e+007 2.7757e+007 2.7757e+007 2.7757e+007 2.7757e+007 2.7757e+007 2.7757e+007 2.7757e+007 2.7757e+007 2.7757e+007 2.7757e+007 2.7757e+007 2.7757e+007 2.7757e+007 2.7757e+007 2.7757e+007 2.7757e+007 2.7757e+007 2.7757e+007 2.7757e+007 2.7757e+007 2.7757e+007 2.7757e+007 0 0 0 0 0 0 0 0 0 0 0 0 0 0 0 0 0 0 0 0 0 0 0 0 0
#obs cpue bio
 2.64771e+006 4.44063e+006 3.56888e+006 2.3856e+006 2.20313e+006 3.68688e+006 2.7262e+006 1.59451e+006 1.74585e+006 2.03906e+006 1.27155e+006 1.34189e+006 1.68277e+006 1.02339e+006 878855 564914 816993 495864 746083 522646 542946 749511 573662 511664 461815 454014 415694 600282 655560 498289 585282 390704 306225 416781 561067 647565 495729 490577 497901 927083 582367 566448 648175 672456 540406 693256 683571 793302 658062 591284 691838 732552 683877 677027 731086 655578 760775 1.01277e+006 1.08512e+006 1.05961e+006 671482 913538 919476 915422 776125 742405 968864 1.18385e+006 828694
#pred surv len freq
 0.00486052 0.00789344 0.0118827 0.0168083 0.0225483 0.0288008 0.0350578 0.0407297 0.0453688 0.0488184 0.0511856 0.0527054 0.0536181 0.0541131 0.0543191 0.0543133 0.0541384 0.0538062 0.0532616 0.0523035 0.0505229 0.0473671 0.04239 0.0355903 0.0275966
 0.00510603 0.00819159 0.0121495 0.016916 0.0223752 0.0283015 0.0343102 0.0399169 0.0446989 0.0484288 0.0510921 0.0528211 0.0538214 0.0543184 0.0545119 0.054541 0.0544667 0.0542663 0.0538138 0.0528386 0.050905 0.0474975 0.0422544 0.0352621 0.0271949
 0.00530365 0.00852838 0.0126772 0.0176717 0.0233486 0.0294001 0.0353505 0.0406714 0.0449917 0.0482257 0.0505187 0.0520908 0.0531246 0.05375 0.0540751 0.0542018 0.0542039 0.0540806 0.0537001 0.052756 0.0507777 0.0472509 0.0418614 0.034763 0.0266761
 0.00547142 0.00880283 0.0130955 0.018274 0.0241744 0.0304759 0.0366652 0.0421482 0.0464731 0.0494931 0.0513556 0.0523661 0.0528472 0.0530555 0.0531534 0.0532166 0.0532529 0.0532014 0.0528935 0.0520007 0.0500386 0.0464946 0.0410808 0.0339919 0.0259776
 0.0056537 0.00909913 0.0135418 0.0189053 0.0250203 0.0315525 0.0379665 0.043639 0.0480846 0.0511188 0.0528485 0.0535482 0.0535467 0.0531634 0.0526692 0.0522486 0.0519705 0.0517705 0.0514321 0.0505703 0.0486613 0.0451812 0.0398538 0.0328939 0.0250602
 0.00584499 0.00940616 0.0139971 0.0195381 0.025853 0.0325957 0.0392111 0.045052 0.0496114 0.0526889 0.0543768 0.0549308 0.0546567 0.0538615 0.0528349 0.0518232 0.0509859 0.0503418 0.0497182 0.0487262 0.0468108 0.0434163 0.038249 0.0315143 0.0239551
 0.00611862 0.00984406 0.0146431 0.0204282 0.0270088 0.0340143 0.0408552 0.0468473 0.0514578 0.0544809 0.0560194 0.056344 0.0557677 0.054593 0.0531011 0.0515426 0.05011 0.0488865 0.0477763 0.0464536 0.0443946 0.0410425 0.0360803 0.0296746 0.0225155
 0.00638186 0.0102711 0.0152841 0.0213293 0.028204 0.0355118 0.0426227 0.0488066 0.0534945 0.0564658 0.0578303 0.0578796 0.0569506 0.0553639 0.0534083 0.0513337 0.0493366 0.0475251 0.0458578 0.0440842 0.0417536 0.0383549 0.0335734 0.0275323 0.020844
 0.00664483 0.0106968 0.0159219 0.0222253 0.0293935 0.0370079 0.0444019 0.0508014 0.0555991 0.058552 0.0597669 0.0595462 0.0582478 0.0562173 0.0537656 0.0511567 0.048595 0.0462007 0.0439644 0.0416961 0.0390246 0.03551 0.0308676 0.0251903 0.0190062
 0.00678528 0.0109341 0.0162964 0.022782 0.030176 0.0380459 0.0456987 0.0523266 0.0572912 0.0603269 0.0615269 0.0611867 0.0596631 0.0573075 0.054443 0.0513501 0.0482505 0.0452857 0.0424789 0.039694 0.0366342 0.0329354 0.0283569 0.0229767 0.0172472
 0.00710742 0.0114471 0.0170487 0.0238118 0.0315049 0.039669 0.0475732 0.0543669 0.0593791 0.0623325 0.0633297 0.0626889 0.0607925 0.0580133 0.0546891 0.0511072 0.0474932 0.0439959 0.0406604 0.0373961 0.033976 0.030113 0.0256178 0.0205618 0.0153246
 0.00739565 0.0119058 0.0177207 0.0247309 0.0326906 0.0411184 0.0492512 0.056202 0.0612709 0.0641681 0.0650004 0.0641006 0.0618699 0.0587011 0.0549486 0.050912 0.0468237 0.0428391 0.0390202 0.0353139 0.0315544 0.0275258 0.0230902 0.0183185 0.0135276
 0.00761467 0.0122571 0.0182408 0.0254511 0.033632 0.042284 0.0506167 0.0577128 0.0628482 0.0657227 0.0664452 0.0653577 0.0628723 0.0593923 0.0552829 0.0508531 0.0463442 0.0419217 0.0376652 0.0335555 0.0294801 0.0252862 0.0208829 0.0163446 0.011936
 0.00792365 0.0127479 0.0189574 0.0264258 0.0348781 0.0437862 0.0523205 0.0595225 0.0646403 0.0673703 0.0678412 0.0664271 0.0635732 0.059709 0.055216 0.0504095 0.0455303 0.0407429 0.036134 0.0317076 0.0273944 0.0230945 0.0187583 0.0144628 0.0104266
 0.00826683 0.0132816 0.0197158 0.0274247 0.0361142 0.0452347 0.0539307 0.0612148 0.0663119 0.0689096 0.0691445 0.0674121 0.0641862 0.0599265 0.0550405 0.0498607 0.0446346 0.0395269 0.0346266 0.0299516 0.0254628 0.0211013 0.0168492 0.0127849 0.0090868
 0.00844679 0.0135856 0.0201936 0.0281271 0.037079 0.0464667 0.0553845 0.0627943 0.0678911 0.0703638 0.0703742 0.0683497 0.0647911 0.0601781 0.0549338 0.049405 0.0438509 0.0384451 0.0332842 0.028399 0.0237726 0.0193747 0.0152093 0.0113523 0.00794756
 0.00852993 0.0137293 0.0204269 0.0284855 0.0376007 0.0471836 0.0563098 0.0639106 0.0691438 0.0716637 0.0716102 0.0694098 0.0655837 0.0606453 0.0550528 0.0491799 0.0433029 0.0376059 0.0321951 0.0271139 0.0223638 0.0179353 0.0138458 0.0101653 0.00700655
 0.00869385 0.0139769 0.020765 0.0289106 0.0381034 0.0477559 0.0569487 0.0646162 0.0699124 0.0724796 0.0724383 0.070194 0.0662526 0.0611252 0.0552833 0.0491254 0.0429559 0.0369836 0.0313339 0.0260668 0.0212009 0.0167425 0.012717 0.00918553 0.00623256
 0.00874799 0.0140618 0.0208868 0.0290719 0.0383026 0.0479865 0.0572008 0.0648808 0.0701886 0.072779 0.0727819 0.0705983 0.0667131 0.0616061 0.0557208 0.0494435 0.0430874 0.0368863 0.030999 0.0255193 0.0204954 0.0159553 0.0119337 0.00848469 0.00566838
 0.00858273 0.0138289 0.0206027 0.0287746 0.0380417 0.0478063 0.0571267 0.064916 0.0703209 0.0729919 0.0730633 0.0709442 0.0671231 0.0620741 0.0562232 0.0499342 0.043503 0.0371617 0.0310864 0.0254034 0.0201981 0.015531 0.0114554 0.00802483 0.00528164
 0.00865874 0.0139302 0.0207154 0.0288759 0.0381109 0.0478396 0.0571453 0.0649588 0.0704236 0.0731656 0.0732873 0.0711785 0.0673309 0.062238 0.056346 0.0500255 0.0435626 0.0371724 0.0310197 0.0252351 0.0199244 0.0151755 0.0110638 0.00764996 0.00496618
 0.00863487 0.0138829 0.0206281 0.0287269 0.0378777 0.0475078 0.0567189 0.0644693 0.069932 0.0727532 0.0730355 0.0711426 0.067521 0.0626174 0.0568483 0.050578 0.0441026 0.0376511 0.0313993 0.0254888 0.0200414 0.0151669 0.0109623 0.00750062 0.0048124
 0.0086346 0.0138884 0.0206461 0.0287648 0.0379374 0.0475791 0.0567757 0.0644742 0.0698505 0.0725717 0.0727744 0.0708551 0.0672771 0.0624788 0.0568469 0.0507072 0.0443244 0.0379119 0.031646 0.0256792 0.0201505 0.0151901 0.0109146 0.00741045 0.00471082
 0.00868738 0.0139608 0.020731 0.0288484 0.038005 0.0476219 0.0567947 0.0644766 0.0698401 0.0725415 0.0727079 0.0707384 0.0671137 0.0622963 0.0566892 0.0506162 0.0443212 0.0379888 0.0317714 0.0258113 0.0202529 0.0152421 0.0109148 0.00737261 0.00465558
 0.00882543 0.0141671 0.021007 0.0291815 0.0383695 0.0479831 0.0571138 0.0647167 0.069974 0.0725585 0.0726146 0.0705522 0.0668555 0.0619883 0.0563577 0.050294 0.0440427 0.0377791 0.0316368 0.025738 0.0202147 0.0152134 0.0108799 0.00732841 0.00460801
 0.00888535 0.014259 0.0211344 0.0293431 0.0385584 0.0481862 0.0573117 0.0648855 0.0700902 0.0726054 0.0725871 0.0704583 0.0667116 0.0618133 0.0561689 0.0501065 0.0438713 0.0376382 0.0315365 0.0256794 0.0201883 0.0152036 0.0108723 0.00731556 0.00458973
 0.00875225 0.0140688 0.0208969 0.0290841 0.038313 0.047987 0.0571798 0.0648271 0.0700997 0.0726698 0.0726908 0.0705851 0.0668476 0.0619478 0.0562952 0.0502214 0.0439749 0.037733 0.031626 0.0257656 0.0202699 0.0152753 0.0109281 0.00735222 0.0046088
 0.00875878 0.0140551 0.020833 0.0289318 0.0380409 0.0475924 0.0567028 0.0643455 0.0697026 0.0724247 0.0726224 0.0706761 0.0670547 0.062222 0.0565948 0.0505172 0.0442496 0.0379785 0.03184 0.0259488 0.0204231 0.0153986 0.0110213 0.00741678 0.00464863
 0.00899265 0.0143929 0.0212612 0.0294059 0.0384927 0.0479447 0.056887 0.0643186 0.0694612 0.0720122 0.0721205 0.0701798 0.066641 0.061929 0.0564213 0.0504369 0.0442294 0.0379909 0.0318673 0.0259814 0.0204564 0.0154298 0.011048 0.00743719 0.00466216
 0.0091667 0.0146712 0.0216689 0.0299571 0.0391795 0.0487251 0.057677 0.0650006 0.069913 0.0721467 0.0719166 0.0696887 0.0659666 0.0611928 0.0557268 0.0498482 0.0437683 0.0376481 0.0316197 0.025805 0.0203325 0.0153449 0.0109922 0.00740238 0.00464163
 0.00918256 0.0147023 0.0217262 0.0300561 0.0393386 0.0489612 0.0579979 0.0653955 0.0703451 0.0725528 0.072219 0.0698189 0.0658915 0.060929 0.0553351 0.0494101 0.0433572 0.0373101 0.0313696 0.0256348 0.0202236 0.0152786 0.0109535 0.00738069 0.00463007
 0.00923354 0.0147897 0.0218659 0.0302651 0.0396312 0.0493419 0.0584563 0.0659047 0.0708654 0.0730377 0.0726192 0.0700848 0.0659791 0.060812 0.0550181 0.0489343 0.0427923 0.0367341 0.0308469 0.0252033 0.0198945 0.0150437 0.0107955 0.00728048 0.00457035
 0.00915289 0.0146768 0.0217305 0.0301294 0.039526 0.0492996 0.0585028 0.0660547 0.071119 0.073379 0.0730165 0.0704936 0.0663475 0.0610884 0.0551616 0.0489256 0.042641 0.0364778 0.0305399 0.0248996 0.0196329 0.0148424 0.0106549 0.00719042 0.00451714
 0.00895214 0.0143823 0.0213473 0.029685 0.0390656 0.0488761 0.0581685 0.0658545 0.0710848 0.0735235 0.0733281 0.0709368 0.0668686 0.0616246 0.0556508 0.0493161 0.0429011 0.0366019 0.0305485 0.0248307 0.0195293 0.0147387 0.0105709 0.00713218 0.00448157
 0.00874618 0.014048 0.0208474 0.028992 0.0381748 0.0478237 0.0570432 0.0647911 0.0702346 0.0730113 0.0732199 0.0712295 0.067501 0.0624982 0.0566515 0.0503323 0.0438389 0.0373962 0.0311686 0.0252788 0.0198309 0.0149302 0.0106878 0.00720176 0.00452226
 0.00868888 0.0139327 0.0206327 0.028625 0.0376038 0.0470185 0.0560174 0.0636141 0.0690266 0.0719235 0.072404 0.0708044 0.0675251 0.0629568 0.057463 0.0513718 0.0449676 0.0384891 0.0321331 0.0260636 0.020424 0.0153489 0.0109654 0.00737537 0.0046247
 0.00865596 0.0138873 0.0205772 0.0285613 0.0375246 0.046899 0.0558124 0.0632698 0.0685052 0.071231 0.0716058 0.0700177 0.0668891 0.0625925 0.0574379 0.0516825 0.0455455 0.0392244 0.0329072 0.0267774 0.0210152 0.0157946 0.0112736 0.00757201 0.00474083
 0.00850447 0.0136631 0.0202816 0.0282107 0.0371479 0.0465287 0.0554765 0.0629825 0.0682612 0.0710048 0.0713636 0.0697395 0.0665913 0.0623335 0.0573014 0.0517437 0.0458376 0.0397233 0.0335397 0.0274476 0.0216349 0.0163051 0.0116526 0.0078273 0.00489747
 0.00842788 0.0135361 0.0200868 0.0279336 0.0367831 0.046089 0.0549981 0.0625213 0.0678758 0.0707352 0.0712153 0.0696849 0.0665868 0.0623457 0.0573276 0.0518147 0.0460007 0.0400131 0.0339549 0.0279466 0.0221513 0.0167734 0.012029 0.00809744 0.00507146
 0.00852826 0.013668 0.0202271 0.0280402 0.0368051 0.0459842 0.0547491 0.0621434 0.0674138 0.0702523 0.0707769 0.0693415 0.0663613 0.0622315 0.0573006 0.0518527 0.046098 0.0401797 0.0342017 0.0282674 0.0225158 0.0171359 0.0123457 0.00834167 0.00523838
 0.00863527 0.013839 0.0204769 0.0283748 0.0372134 0.0464292 0.0551649 0.0624449 0.067523 0.0701283 0.0704342 0.0688446 0.0657997 0.0616897 0.0568366 0.0514934 0.0458478 0.0400347 0.034157 0.0283152 0.0226385 0.0173036 0.0125226 0.00849717 0.0053556
 0.00853389 0.0137007 0.020318 0.0282283 0.037121 0.046427 0.0552692 0.0626436 0.0677749 0.0703715 0.0706029 0.0688905 0.0657101 0.0614919 0.0565858 0.0512503 0.0456595 0.0399261 0.0341337 0.0283691 0.0227524 0.0174534 0.0126808 0.00863929 0.00546622
 0.00853053 0.0136875 0.0202853 0.0281659 0.0370256 0.0463113 0.0551654 0.062597 0.0678247 0.0705293 0.0708409 0.0691477 0.0659145 0.0615886 0.056556 0.0511154 0.0454684 0.0397343 0.033985 0.0282866 0.0227382 0.0174933 0.0127525 0.00871935 0.00553695
 0.00856568 0.0137378 0.0203477 0.0282318 0.0370815 0.0463416 0.0551573 0.0625469 0.0677442 0.0704461 0.0707901 0.069155 0.0659809 0.0616855 0.0566384 0.0511443 0.045429 0.0396411 0.0338717 0.028189 0.0226796 0.0174796 0.0127743 0.00876016 0.00558064
 0.00859615 0.0137953 0.0204482 0.0283928 0.0373154 0.0466455 0.0555058 0.0628932 0.0680325 0.0706305 0.0708501 0.069101 0.0658455 0.0615071 0.0564442 0.0509428 0.0452162 0.0394137 0.0336374 0.0279673 0.0224935 0.0173442 0.0126918 0.00872081 0.00556921
 0.00855329 0.0137291 0.0203561 0.0282776 0.0371872 0.0465238 0.0554182 0.0628685 0.0680891 0.0707652 0.071036 0.0692975 0.0660152 0.0616289 0.0565163 0.0509745 0.0452175 0.0393902 0.0335927 0.0279082 0.0224315 0.017292 0.0126577 0.00870562 0.00556796
 0.00860281 0.0138028 0.0204542 0.0283953 0.0373158 0.0466528 0.055538 0.0629726 0.0681763 0.0708394 0.0711024 0.0693565 0.0660586 0.0616422 0.0564861 0.050896 0.0450969 0.0392409 0.0334304 0.0277472 0.0222842 0.0171687 0.0125646 0.00864349 0.00553206
 0.0085024 0.0136549 0.02026 0.028166 0.0370696 0.0464095 0.0553154 0.0627861 0.06804 0.0707665 0.0711044 0.0694398 0.0662202 0.0618668 0.0567468 0.0511603 0.0453353 0.0394341 0.0335718 0.0278406 0.0223399 0.0171988 0.0125801 0.00865221 0.00553835
 0.00852924 0.0136932 0.0203081 0.0282196 0.0371238 0.0464617 0.0553662 0.0628373 0.068091 0.0708118 0.0711348 0.0694478 0.0662051 0.061836 0.0567109 0.051127 0.0453052 0.0394018 0.0335311 0.0277892 0.0222809 0.0171392 0.0125273 0.00861131 0.00551065
 0.00853914 0.0137044 0.0203161 0.0282168 0.037102 0.0464149 0.055294 0.0627468 0.0679959 0.070729 0.0710796 0.0694286 0.0662218 0.0618811 0.0567744 0.0511996 0.0453794 0.0394714 0.0335895 0.0278313 0.0223048 0.0171472 0.0125247 0.0086041 0.00550329
 0.00851005 0.0136637 0.0202667 0.028165 0.0370541 0.0463741 0.0552577 0.062708 0.0679477 0.0706703 0.0710172 0.0693761 0.0661934 0.0618864 0.0568147 0.0512685 0.045466 0.0395636 0.0336767 0.0279055 0.0223612 0.017185 0.0125465 0.00861444 0.005507
 0.00813481 0.0130707 0.0194082 0.0270149 0.0356204 0.0447142 0.0534905 0.0610072 0.0665091 0.0696629 0.0705442 0.0694596 0.0667844 0.0628867 0.0581009 0.0527124 0.0469499 0.04099 0.0349731 0.0290243 0.0232782 0.0178965 0.0130661 0.00896922 0.00573176
 0.00820155 0.0131344 0.0194208 0.0269018 0.0352979 0.0441182 0.052605 0.0598783 0.0652405 0.0683973 0.0694365 0.0686483 0.0663654 0.062896 0.0585121 0.0534489 0.0479051 0.0420494 0.0360321 0.0299998 0.0241144 0.0185653 0.0135647 0.00931424 0.0059522
 0.00816789 0.0130844 0.0193516 0.0268067 0.0351588 0.0438979 0.0522482 0.0593267 0.0644615 0.0674129 0.0683365 0.067577 0.0654858 0.0623477 0.0583773 0.0537372 0.048558 0.0429602 0.0370724 0.0310461 0.0250675 0.0193612 0.0141764 0.00974693 0.00623302
 0.00817554 0.0131098 0.0194131 0.0269282 0.0353606 0.0441838 0.0525913 0.0596639 0.0646997 0.0674508 0.068096 0.0670358 0.0646984 0.0614402 0.0575154 0.0530771 0.0482022 0.0429346 0.0373302 0.031493 0.0255941 0.0198724 0.0146087 0.0100722 0.00645289
 0.00804698 0.012921 0.0191679 0.0266459 0.0350746 0.0439361 0.0524248 0.0596123 0.0647741 0.0676267 0.0683102 0.0672 0.06473 0.0612982 0.057224 0.052723 0.0479035 0.0427951 0.0374018 0.0317619 0.0259946 0.0203173 0.0150205 0.0104027 0.00668689
 0.00792568 0.0127331 0.0189033 0.0263039 0.0346667 0.0434889 0.0519817 0.0592303 0.0645125 0.0675294 0.0683881 0.0674227 0.0650302 0.0615914 0.0574381 0.0528278 0.0479238 0.0427981 0.0374638 0.0319311 0.0262712 0.020659 0.0153666 0.0107014 0.00691083
 0.00774463 0.012445 0.018482 0.0257315 0.0339395 0.0426258 0.0510327 0.0582775 0.0636592 0.0668792 0.0680219 0.067381 0.0653029 0.0621186 0.0581245 0.0535688 0.0486369 0.0434443 0.0380472 0.0324776 0.0268001 0.0211653 0.015824 0.0110789 0.00719095
 0.00772721 0.0124154 0.0184344 0.0256571 0.0338261 0.0424573 0.0507922 0.0579532 0.0632531 0.0664153 0.067549 0.0669651 0.0650114 0.0619998 0.0581911 0.0537942 0.0489666 0.0438191 0.0384246 0.0328403 0.0271472 0.0214964 0.0161291 0.0113406 0.00739416
 0.00775509 0.0124557 0.0184855 0.0257136 0.0338792 0.0424957 0.050802 0.057918 0.0631554 0.06624 0.0672911 0.0666385 0.0646528 0.0616641 0.0579368 0.0536638 0.0489726 0.0439431 0.0386296 0.0330878 0.0274081 0.0217516 0.0163643 0.0115427 0.00755316
 0.00773072 0.0124247 0.0184544 0.0256931 0.0338804 0.0425239 0.0508528 0.0579764 0.0631996 0.0662476 0.0672436 0.0665253 0.0644752 0.0614392 0.0576984 0.0534561 0.0488376 0.0439058 0.0386911 0.033228 0.0275963 0.0219569 0.0165614 0.0117137 0.00768776
 0.00772677 0.0124222 0.0184583 0.0257113 0.0339226 0.0425995 0.050967 0.0581269 0.0633737 0.0664211 0.0673846 0.0666008 0.0644606 0.0613261 0.0574989 0.053202 0.0485737 0.0436784 0.0385346 0.0331563 0.0276023 0.0220189 0.0166524 0.0118096 0.00777157
 0.00765856 0.0123145 0.0183026 0.0255036 0.0336661 0.0423082 0.0506678 0.0578581 0.0631765 0.0663278 0.0674074 0.0667272 0.0646567 0.0615472 0.0577031 0.0533628 0.0486868 0.0437594 0.0386097 0.0332486 0.027722 0.0221606 0.0167999 0.0119444 0.00788051
 0.00765202 0.0123065 0.0182952 0.0254993 0.033666 0.0423097 0.0506643 0.0578411 0.0631411 0.0662777 0.0673555 0.0666906 0.0646482 0.0615676 0.0577402 0.0533969 0.0487011 0.0437489 0.0385835 0.0332251 0.0277183 0.0221843 0.016847 0.0120029 0.007937
 0.00762413 0.0122732 0.0182671 0.0254937 0.0337016 0.0423989 0.0508058 0.0580182 0.0633254 0.0664373 0.0674646 0.0667365 0.064634 0.0615083 0.0576544 0.0532989 0.048597 0.0436402 0.0384729 0.0331208 0.0276321 0.0221262 0.0168194 0.0120003 0.00794912
 0.00757665 0.0122071 0.0181887 0.0254175 0.0336483 0.0423909 0.0508618 0.0581479 0.0635243 0.0666844 0.067724 0.0669662 0.0647974 0.0615854 0.0576454 0.0532201 0.0484717 0.0434905 0.0383165 0.0329713 0.0275013 0.0220232 0.0167486 0.0119597 0.00793142
 0.00752532 0.0121266 0.0180737 0.0252668 0.0334674 0.0421947 0.0506762 0.0580068 0.063462 0.066724 0.0678683 0.0671943 0.0650699 0.0618555 0.0578717 0.0533772 0.0485538 0.0435078 0.038288 0.0329177 0.0274405 0.0219685 0.0167079 0.0119351 0.00792049
 0.00719432 0.0116295 0.0174024 0.0244417 0.0325323 0.0412082 0.0497056 0.0571268 0.0627514 0.0662565 0.0676982 0.0673434 0.0655197 0.0625483 0.0587222 0.0542909 0.0494468 0.0443202 0.0389878 0.0334958 0.0279023 0.0223259 0.0169747 0.0121257 0.00804921
 0.00685144 0.0110954 0.0166438 0.023448 0.0313225 0.0398374 0.0482697 0.0557551 0.061583 0.065408 0.0672416 0.0673017 0.0658762 0.0632567 0.0597119 0.0554711 0.0507151 0.0455773 0.0401522 0.034513 0.0287454 0.0229907 0.0174726 0.0124777 0.00828237
#obs surv len freq
 nan nan nan nan nan nan nan nan nan nan nan nan nan nan nan nan nan nan nan nan nan nan nan nan nan
 0.00448484 0.00734623 0.0111762 0.0159924 0.0216929 0.0279681 0.0342818 0.0400127 0.0446921 0.0481559 0.0505138 0.0520098 0.0529022 0.0534148 0.0537292 0.0539842 0.0542629 0.0545557 0.0546945 0.0542864 0.0527244 0.0493566 0.0438063 0.0362863 0.0276699
 0.00461061 0.00755374 0.0114938 0.0164473 0.0223044 0.0287371 0.0351808 0.040983 0.0456522 0.0490184 0.0512016 0.0524679 0.0531027 0.0533569 0.0534349 0.0534904 0.0536128 0.0537919 0.0538558 0.0534095 0.051848 0.0485234 0.0430608 0.0356662 0.027196
 0.0047776 0.00782396 0.0118983 0.0170147 0.023056 0.029679 0.0362941 0.0422184 0.0469328 0.0502498 0.0522857 0.0533147 0.053642 0.0535462 0.0532638 0.0529792 0.0528053 0.0527464 0.0526378 0.0520884 0.0504978 0.0472234 0.0418895 0.0346882 0.0264471
 0.00497111 0.00814231 0.0123842 0.0177096 0.0239912 0.0308623 0.0376964 0.0437704 0.048536 0.0517957 0.0536715 0.0544502 0.0544505 0.0539669 0.0532564 0.0525301 0.0519318 0.0514962 0.0510851 0.0503297 0.048648 0.0454092 0.0402365 0.0332991 0.0253796
 0.00516945 0.00846926 0.0128849 0.0184296 0.0249685 0.0321136 0.0392028 0.0454704 0.0503324 0.0535719 0.0553096 0.0558434 0.0555089 0.0546188 0.0534487 0.0522291 0.0511279 0.0502109 0.0493778 0.0483019 0.046441 0.043193 0.0381851 0.0315578 0.0240331
 0.00539873 0.00884184 0.0134456 0.0192208 0.0260233 0.0334442 0.0407881 0.0472505 0.0522147 0.0554467 0.0570645 0.0573729 0.0567185 0.0554278 0.0537911 0.0520559 0.05041 0.0489467 0.0476057 0.0461131 0.0439854 0.0406687 0.0358083 0.0295158 0.0224412
 0.00565201 0.00925603 0.0140733 0.0201119 0.0272148 0.0349449 0.0425628 0.0492165 0.0542554 0.0574358 0.0588868 0.0589326 0.0579384 0.0562427 0.0541444 0.0518978 0.0497013 0.0476682 0.045775 0.0438047 0.0413446 0.0379071 0.0331703 0.0272237 0.0206389
 0.00589811 0.00966219 0.0146958 0.0210072 0.028428 0.0364922 0.0444136 0.0512862 0.056418 0.0595484 0.0608144 0.0605637 0.0591895 0.0570554 0.0544771 0.0517171 0.0489775 0.0463811 0.0439308 0.0414614 0.0386348 0.0350399 0.0304008 0.0247938 0.018713
 0.00614042 0.0100589 0.0152983 0.021866 0.0295841 0.0379628 0.0461763 0.0532718 0.0585175 0.0616313 0.0627484 0.0622291 0.0604879 0.0579137 0.0548464 0.0515662 0.0482856 0.0451365 0.0421418 0.0391794 0.0359799 0.0322093 0.0276444 0.0223564 0.0167676
 0.00639279 0.0104711 0.0159222 0.0227508 0.030767 0.0394535 0.0479422 0.0552336 0.0605607 0.0636288 0.0645801 0.0637923 0.0616989 0.0587072 0.0551734 0.0513925 0.0475898 0.0439094 0.0403951 0.0369637 0.0334075 0.0294647 0.0249645 0.0199775 0.0148606
 0.00661305 0.0108356 0.0164826 0.0235591 0.0318645 0.0408549 0.0496181 0.0571052 0.0625122 0.0655303 0.0663107 0.0652522 0.0628131 0.0594222 0.0554524 0.0512095 0.0469265 0.0427572 0.0387637 0.0348995 0.0310135 0.0269098 0.0224661 0.0177544 0.0130735
 0.00685373 0.0112266 0.0170707 0.0243876 0.0329658 0.0422367 0.0512503 0.0589134 0.0643865 0.067345 0.0679443 0.0666029 0.0638053 0.060008 0.055607 0.0509238 0.0461988 0.0415915 0.0371765 0.0329358 0.0287666 0.0245313 0.020151 0.0156989 0.011422
 0.00709202 0.0116192 0.0176705 0.0252455 0.0341186 0.0436889 0.0529572 0.0607779 0.0662759 0.0691199 0.0694835 0.0678157 0.0646324 0.0604175 0.0555885 0.0504826 0.0453492 0.0403535 0.0355789 0.0310285 0.0266374 0.0223147 0.0180171 0.0138178 0.00991712
 0.00728198 0.0119353 0.0181598 0.0259564 0.0350912 0.0449392 0.0544598 0.0624598 0.0680243 0.0708029 0.0709734 0.0690061 0.0654489 0.0608198 0.0555669 0.0500492 0.0445289 0.0391783 0.0340886 0.0292792 0.0247137 0.0203367 0.016131 0.0121665 0.00860229
 0.00742776 0.0121741 0.018523 0.0264759 0.0357941 0.0458404 0.0555522 0.0637077 0.0693651 0.0721541 0.0722425 0.0701002 0.0662846 0.0613322 0.0557167 0.0498233 0.0439376 0.0382491 0.0328637 0.0278178 0.0230982 0.0186758 0.0145507 0.0107867 0.00750638
 0.00753282 0.0123417 0.0187699 0.0268164 0.0362395 0.0463967 0.0562169 0.0644679 0.0701976 0.0730272 0.0731167 0.0709275 0.0670083 0.0618909 0.0560508 0.0498852 0.0436993 0.0377066 0.0320383 0.026757 0.0218758 0.0173897 0.0133116 0.00969748 0.00663817
 0.00760585 0.0124568 0.0189363 0.0270406 0.0365246 0.0467414 0.0566152 0.0649091 0.0706693 0.0735188 0.0736195 0.0714315 0.0674958 0.0623314 0.0564009 0.0500931 0.0437151 0.0374944 0.0315863 0.0260844 0.0210348 0.0164604 0.0123893 0.00887217 0.00597318
 0.00763599 0.012504 0.019004 0.0271312 0.0366395 0.0468811 0.0567793 0.0650968 0.0708801 0.0737532 0.0738795 0.0717186 0.0678079 0.0626575 0.0567174 0.0503627 0.0438909 0.0375286 0.0314439 0.0257555 0.0205427 0.0158603 0.011757 0.0082845 0.00548807
 0.00774109 0.0126594 0.0192092 0.0273754 0.0369045 0.0471467 0.0570271 0.0653126 0.0710548 0.0738841 0.0739708 0.0717813 0.0678562 0.0627048 0.0567697 0.0504138 0.0439201 0.0375037 0.0313302 0.0255292 0.0202032 0.0154353 0.0112972 0.00784782 0.00512169
 0.00776515 0.0127023 0.01928 0.0274829 0.0370533 0.0473312 0.0572291 0.0655041 0.0712081 0.0739828 0.0740161 0.0717889 0.0678484 0.0627011 0.0567816 0.0504424 0.0439547 0.0375229 0.0313063 0.0254368 0.02003 0.0151905 0.0110104 0.00756025 0.00487087
 0.0078303 0.0127988 0.0194082 0.0276379 0.0372272 0.0475168 0.0574208 0.0656957 0.0713887 0.0741356 0.0741215 0.0718324 0.0678279 0.0626287 0.0566792 0.0503322 0.0438507 0.0374266 0.0312069 0.0253175 0.0198771 0.015002 0.0107995 0.00735061 0.0046872
 0.00784552 0.0128245 0.0194481 0.0276951 0.0373026 0.0476071 0.057518 0.0657892 0.07147 0.0742017 0.0741746 0.0718753 0.0678598 0.0626457 0.0566773 0.050312 0.0438169 0.0373841 0.0311561 0.025253 0.0197917 0.0148927 0.0106721 0.00721901 0.00456795
 0.00787469 0.0128672 0.0195036 0.0277603 0.037373 0.0476789 0.0575889 0.065858 0.0715345 0.074258 0.074218 0.0719029 0.0678711 0.0626424 0.0566615 0.0502848 0.0437794 0.0373373 0.031101 0.0251892 0.0197176 0.0148077 0.0105794 0.00712618 0.00448464
 0.00787203 0.0128624 0.0194957 0.0277478 0.0373543 0.047653 0.0575562 0.0658213 0.0714996 0.0742328 0.0742106 0.0719181 0.0679091 0.062698 0.0567265 0.0503503 0.0438375 0.0373824 0.0311295 0.025199 0.0197083 0.0147806 0.0105386 0.00707849 0.00443786
 0.00787207 0.0128555 0.0194726 0.0276963 0.0372634 0.0475186 0.0573859 0.0656345 0.0713225 0.0740907 0.0741221 0.0718927 0.0679468 0.0627911 0.0568613 0.0505094 0.0440029 0.0375381 0.0312635 0.0253039 0.0197809 0.0148222 0.0105539 0.00707505 0.00442424
 0.0078855 0.0128749 0.0194968 0.0277213 0.0372819 0.0475199 0.0573579 0.0655671 0.0712129 0.0739479 0.0739668 0.0717517 0.0678452 0.0627446 0.0568735 0.0505728 0.0441024 0.0376554 0.0313808 0.0254074 0.0198616 0.0148769 0.0105844 0.00708656 0.00442375
 0.00789429 0.0128873 0.0195119 0.027737 0.0372949 0.0475266 0.0573542 0.0655485 0.0711747 0.0738864 0.0738819 0.07165 0.0677404 0.0626554 0.0568173 0.0505603 0.0441343 0.0377227 0.0314685 0.0254989 0.0199433 0.0149403 0.0106268 0.00711031 0.00443386
 0.00788563 0.0128748 0.019496 0.027719 0.0372763 0.0475084 0.0573362 0.0655295 0.0711529 0.07386 0.0738494 0.0716106 0.0676954 0.0626092 0.0567782 0.0505385 0.0441383 0.0377555 0.0315259 0.0255705 0.0200165 0.0150042 0.0106752 0.00714205 0.00445158
 0.00789883 0.012889 0.0195043 0.027711 0.037242 0.0474431 0.0572444 0.0654246 0.0710521 0.0737783 0.0737945 0.0715828 0.0676896 0.0626187 0.0567977 0.0505663 0.0441758 0.0378053 0.0315884 0.0256423 0.0200906 0.0150721 0.0107303 0.00718153 0.00447641
 0.00784864 0.0128155 0.0194084 0.0275979 0.0371185 0.0473142 0.057112 0.0652893 0.070918 0.0736558 0.0737 0.0715326 0.0676935 0.0626759 0.056898 0.0506946 0.0443178 0.0379504 0.0317299 0.0257756 0.020211 0.0151749 0.0108118 0.00724056 0.00451509
 0.00782331 0.0127653 0.019317 0.0274467 0.0368942 0.0470182 0.0567673 0.0649376 0.0706072 0.0734239 0.0735662 0.0714982 0.0677491 0.0628079 0.057091 0.0509309 0.0445778 0.0382148 0.0319823 0.0260038 0.0204073 0.015335 0.0109346 0.00732809 0.00457244
 0.00781362 0.0127493 0.0192918 0.0274075 0.0368331 0.046924 0.0566277 0.0647452 0.070367 0.0731582 0.0733113 0.0712943 0.0676268 0.0627806 0.0571545 0.0510692 0.0447691 0.0384359 0.0322114 0.0262225 0.0206016 0.0154964 0.0110595 0.00741781 0.00463171
 0.00777691 0.0126916 0.0192086 0.0272966 0.0366948 0.0467619 0.0564489 0.0645588 0.0701816 0.0729807 0.0731482 0.0711555 0.067528 0.06274 0.0571863 0.051177 0.0449436 0.0386576 0.0324561 0.0264662 0.0208243 0.0156845 0.0112065 0.00752384 0.0047019
 0.00774008 0.0126299 0.0191126 0.0271573 0.0365065 0.0465263 0.0561788 0.0642775 0.069918 0.0727609 0.0729891 0.071063 0.0675001 0.0627721 0.0572753 0.0513211 0.0451391 0.0388952 0.0327193 0.0267335 0.0210743 0.0158998 0.0113773 0.00764816 0.00478471
 0.00771025 0.0125788 0.0190311 0.0270352 0.0363348 0.0463015 0.0559062 0.0639737 0.069609 0.0724775 0.0727612 0.0709133 0.0674401 0.0628014 0.0573842 0.0514956 0.0453644 0.0391567 0.0330012 0.027018 0.021342 0.0161335 0.0115653 0.00778688 0.00487811
 0.0076849 0.0125395 0.0189752 0.0269606 0.0362397 0.0461833 0.0557623 0.063803 0.0694143 0.0722685 0.0725542 0.07073 0.0673033 0.0627297 0.0573875 0.0515734 0.0455076 0.0393505 0.0332277 0.0272581 0.0215762 0.0163442 0.0117395 0.00791852 0.0049686
 0.00766336 0.0125036 0.0189198 0.0268808 0.0361325 0.0460497 0.0556084 0.0636393 0.0692524 0.0721173 0.0724191 0.0706144 0.0672125 0.0626723 0.0573744 0.0516137 0.0456046 0.0394993 0.0334162 0.0274685 0.0217888 0.0165404 0.0119051 0.008046 0.00505765
 0.00763956 0.0124665 0.0188668 0.0268104 0.0360441 0.0459437 0.0554868 0.0635065 0.0691158 0.0719861 0.0723026 0.0705202 0.0671452 0.0626345 0.0573684 0.0516429 0.0456727 0.0396076 0.0335606 0.0276383 0.0219684 0.0167124 0.0120546 0.00816373 0.0051415
 0.00760598 0.0124147 0.0187941 0.0267164 0.0359309 0.0458158 0.0553511 0.0633718 0.0689913 0.0718794 0.0722188 0.0704619 0.0671136 0.06263 0.057391 0.0516929 0.0457502 0.0397126 0.0336909 0.0277881 0.0221272 0.0168666 0.0121909 0.00827311 0.00522069
 0.00759689 0.0123984 0.0187669 0.0266742 0.0358702 0.0457359 0.0552555 0.0632678 0.0688883 0.0717863 0.0721416 0.0704037 0.0670751 0.062611 0.0573919 0.0517142 0.0457932 0.0397781 0.0337782 0.0278938 0.0222442 0.0169848 0.0122994 0.00836291 0.00528754
 0.0075736 0.0123628 0.0187173 0.0266103 0.0357929 0.0456466 0.0551565 0.0631629 0.0687834 0.0716892 0.072061 0.0703469 0.0670464 0.0626113 0.0574186 0.0517637 0.0458618 0.039863 0.033877 0.028003 0.0223585 0.0170967 0.0124005 0.00844636 0.00534986
 0.00757258 0.0123608 0.0187136 0.026604 0.0357832 0.0456327 0.0551377 0.0631386 0.0687527 0.0716509 0.0720147 0.0702942 0.0669917 0.0625611 0.0573798 0.0517417 0.0458595 0.039881 0.033914 0.0280563 0.0224233 0.0171667 0.0124683 0.0085053 0.00539575
 0.00756285 0.012347 0.0186967 0.026586 0.0357664 0.045619 0.0551274 0.0631307 0.0687449 0.071641 0.0720009 0.0702753 0.0669674 0.062533 0.0573514 0.051718 0.0458458 0.0398813 0.0339303 0.0280879 0.022467 0.0172172 0.0125194 0.00855108 0.00543225
 0.00754588 0.0123207 0.0186597 0.0265383 0.0357099 0.0455576 0.0550673 0.0630791 0.0687085 0.0716233 0.0720011 0.0702889 0.0669886 0.0625561 0.0573731 0.0517375 0.045865 0.0399034 0.0339584 0.0281236 0.0225096 0.0172636 0.012565 0.00859151 0.00546433
 0.00752388 0.0122864 0.0186109 0.0264741 0.0356312 0.0454676 0.054972 0.0629872 0.06863 0.0715676 0.0719745 0.070293 0.0670199 0.0626077 0.0574363 0.0518046 0.0459306 0.0399655 0.0340172 0.0281802 0.0225646 0.0173159 0.0126125 0.00863151 0.00549514
 0.00751167 0.012263 0.0185692 0.0264061 0.0355301 0.0453322 0.0548096 0.0628138 0.0684667 0.0714348 0.0718873 0.070259 0.0670391 0.0626735 0.0575376 0.051928 0.046063 0.0400961 0.0341391 0.0282897 0.0226601 0.017397 0.0126787 0.00868273 0.00553208
 0.0075049 0.0122552 0.0185629 0.0264044 0.0355346 0.04534 0.0548118 0.0627983 0.0684234 0.0713617 0.0717928 0.0701597 0.0669537 0.0626168 0.0575168 0.0519423 0.0461059 0.0401577 0.0342093 0.0283605 0.022726 0.0174548 0.0127267 0.00872031 0.00555945
 0.00750487 0.012253 0.018556 0.0263898 0.0355104 0.0453072 0.0547753 0.0627642 0.068396 0.0713398 0.0717704 0.0701304 0.066916 0.0625763 0.0574841 0.0519279 0.0461154 0.0401906 0.0342597 0.02842 0.0227867 0.0175104 0.0127735 0.00875666 0.00558553
 0.00748222 0.0122201 0.0185138 0.0263411 0.0354592 0.0452564 0.0547262 0.0627174 0.0683529 0.0713035 0.0717449 0.070118 0.0669154 0.0625841 0.0574975 0.0519471 0.0461432 0.0402302 0.0343115 0.0284806 0.0228501 0.0175701 0.0128245 0.00879636 0.00561373
 0.00748222 0.0122201 0.0185138 0.0263411 0.0354592 0.0452564 0.0547262 0.0627174 0.0683529 0.0713035 0.0717449 0.070118 0.0669154 0.0625841 0.0574975 0.0519471 0.0461432 0.0402302 0.0343115 0.0284806 0.0228501 0.0175701 0.0128245 0.00879636 0.00561373
 0.00710821 0.0116226 0.0176371 0.0251489 0.0339511 0.0434896 0.0528313 0.0608909 0.0668171 0.0702493 0.0712841 0.0702662 0.0676053 0.0636929 0.0588791 0.0534589 0.0476652 0.0416725 0.0356143 0.0296081 0.0237841 0.018307 0.0133739 0.00918001 0.00586233
 0.00708464 0.0115436 0.0174427 0.0247576 0.0332793 0.0424843 0.0515017 0.059323 0.0651634 0.0686998 0.0700295 0.0694619 0.0673415 0.0639797 0.0596495 0.0545904 0.0490101 0.0430875 0.0369808 0.0308405 0.0248304 0.0191442 0.0140032 0.00962146 0.00614918
 0.00706425 0.0115186 0.0174167 0.0247302 0.033234 0.0423766 0.0512566 0.0588533 0.0644081 0.0676645 0.0688079 0.068222 0.0662819 0.0632754 0.0594071 0.0548273 0.0496601 0.0440271 0.0380639 0.0319313 0.0258239 0.0199752 0.014645 0.0100793 0.0064497
 0.00707813 0.011544 0.0174605 0.0248008 0.0333392 0.0425178 0.0514205 0.0590029 0.0644784 0.0675717 0.0684761 0.0676211 0.0654588 0.0623566 0.0585665 0.0542308 0.0494129 0.0441471 0.0384877 0.0325448 0.0265018 0.0206128 0.0151754 0.0104759 0.00671799
 0.00696774 0.0113807 0.0172453 0.0245464 0.0330681 0.042258 0.0512011 0.0588488 0.0644027 0.0675661 0.0685037 0.067621 0.0653674 0.0621397 0.0582473 0.0538927 0.0491719 0.044104 0.0386866 0.0329583 0.0270474 0.0211884 0.0156941 0.010886 0.00700632
 0.00694734 0.0113389 0.0171672 0.0244151 0.0328717 0.0419993 0.0509041 0.0585566 0.0641644 0.0674191 0.0684592 0.0676592 0.0654424 0.0621952 0.0582383 0.0538094 0.0490506 0.0440163 0.0387071 0.033128 0.0273546 0.0215765 0.0160894 0.0112276 0.00726246
 0.00684595 0.0111833 0.0169496 0.0241335 0.0325284 0.0416001 0.0504603 0.0580896 0.0637095 0.0670247 0.0681771 0.0675293 0.0654771 0.0623716 0.0585055 0.054108 0.0493386 0.0442852 0.0389794 0.0334363 0.0277149 0.0219733 0.0164819 0.0115706 0.00752631
 0.00685731 0.0111946 0.0169537 0.0241192 0.0324838 0.0415164 0.0503349 0.0579255 0.0635129 0.0668028 0.0679415 0.0672996 0.0652813 0.0622389 0.0584534 0.054134 0.0494232 0.0444055 0.0391237 0.0336077 0.0279209 0.0222114 0.0167332 0.0118055 0.0077189
 0.00685444 0.0111991 0.0169765 0.0241741 0.0325812 0.0416547 0.0504953 0.0580739 0.0636109 0.0668209 0.067868 0.0671418 0.0650621 0.061991 0.0582127 0.053932 0.0492795 0.0443256 0.0391033 0.03364 0.0279999 0.0223293 0.0168753 0.0119511 0.00784732
 0.00684363 0.0111833 0.0169568 0.0241543 0.032569 0.0416619 0.0505352 0.0581558 0.0637326 0.0669634 0.0679978 0.067222 0.0650662 0.0619131 0.0580688 0.0537533 0.0491015 0.0441783 0.0390054 0.0335982 0.0280115 0.0223847 0.0169598 0.0120467 0.00793681
 0.00688878 0.0112552 0.0170619 0.0242969 0.0327496 0.0418757 0.0507708 0.0583966 0.0639599 0.0671604 0.0681495 0.0673135 0.0650819 0.0618396 0.0579027 0.0535068 0.0488029 0.0438656 0.0387163 0.0333613 0.0278419 0.0222835 0.0169168 0.0120449 0.00795712
 0.00684689 0.0111945 0.0169846 0.0242105 0.0326656 0.0418075 0.050731 0.0583951 0.0640024 0.067247 0.0682742 0.0674638 0.0652393 0.0619817 0.058006 0.0535534 0.048787 0.0437966 0.0386167 0.0332588 0.0277602 0.0222355 0.0169031 0.0120567 0.00798195
