SBPRF35
7.84161
Curr Bio
587490
B35
562978
F35
0.212128
FOFL
0.212128
OFL
97074.5
Bzero
2.24046e+006
#pred survey bio
 3.48885e+006 3.51194e+006 3.50588e+006 3.34226e+006 3.10758e+006 2.92211e+006 2.71708e+006 2.49534e+006 2.23571e+006 1.87075e+006 1.47891e+006 1.22814e+006 1.08788e+006 984133 893491 795644 738581 699784 658322 628701 572444 531186 512733 510496 533669 555287 549587 545245 557442 577957 592318 607959 609402 580684 562533 590651 582038 579287 587932 571385 550627 532552 523906 532432 547594 580210 646912 698737 690524 694238 695743 687650 666607 588584 533046 591108 638202 594109 555685 574732 530963 492680 522536 557464 594926 1.3667e+007 1.24654e+007 1.26894e+007 1.32784e+007 1.40468e+007 1.48311e+007 1.55354e+007 1.61199e+007 1.65805e+007 1.69312e+007 1.71922e+007 1.73839e+007 1.75234e+007 1.76246e+007 1.76981e+007 1.77516e+007 1.77906e+007 1.78193e+007 1.78405e+007 1.78562e+007 1.78679e+007 1.78768e+007 1.78834e+007 1.78885e+007 1.78923e+007 1.78952e+007 1.78974e+007 1.78991e+007 1.79005e+007 1.79015e+007 1.79022e+007 1.79028e+007 1.79033e+007 1.79037e+007 1.79039e+007 1.79041e+007 1.79043e+007 1.79044e+007 1.79045e+007 1.79046e+007 1.79047e+007 1.79047e+007 1.79047e+007 1.79048e+007 1.79048e+007 1.79048e+007 1.79048e+007 1.79048e+007 1.79048e+007 1.79048e+007 1.79049e+007 1.79049e+007 1.79049e+007 1.79049e+007 1.79049e+007 1.79049e+007 1.79049e+007 1.79049e+007 1.79049e+007 1.79049e+007 1.79049e+007 1.79049e+007 1.79049e+007 1.79049e+007 1.79049e+007 1.79049e+007 1.79049e+007 1.79049e+007 1.79049e+007 1.79049e+007 1.79049e+007 1.79049e+007 1.79049e+007 1.79049e+007 1.79049e+007 1.79049e+007 1.79049e+007 1.79049e+007 1.79049e+007 1.79049e+007 1.79049e+007 1.79049e+007 1.79049e+007 1.79049e+007 1.79049e+007 1.79049e+007 1.79049e+007 1.79049e+007 1.79049e+007 1.79049e+007 1.79049e+007 1.79049e+007 1.79049e+007 1.79049e+007 1.79049e+007 1.79049e+007 1.79049e+007 1.79049e+007 1.79049e+007 1.79049e+007 0 0 0 0 0 0 0 0 0 0 0 0 0 0 0 0 0 0 0 0 0 0 0 0 0
#obs survey bio
 3.32651e+006 3.05483e+006 4.1413e+006 3.60098e+006 3.10207e+006 3.0422e+006 2.42286e+006 2.20898e+006 1.46396e+006 1.98796e+006 1.09723e+006 1.17438e+006 1.23414e+006 844526 1.1949e+006 632709 821733 679331 740793 898454 632518 521513 565971 495216 532665 621656 631131 583182 421811 611654 457890 582175 563994 495397 546937 895273 536413 480677 570160 537727 651758 597854 510400 570301 549351 517820 667367 889336 587048 853580 628383 709217 695422 565589 485846 558083 530787 378747 548305 575821 443343 606376 474010 556888 529776
#pred catch bio
 108558 109686 162781 214904 251889 251213 311611 307611 324503 312962 290619 263646 256248 247376 231930 205916 179719 170329 147299 136976 131820 125142 115624 101271 104738 112962 103603 94871 97886.9 95488.4 94402.5 100476 91154 100204 90567.1 88204.9 83213.8 80646.5 90754 78262.8 92175.8 92419.2 86865.3 88044.1 97420.4 95338.7 99446.6 89249.6 93570.6 91621.7 104070 101318 106633 122421 54693.4 56456.3 111046 131834 66983.2 106743 119977 73288 86505.6 77020.3 115843 97074.5 96439.8 96849 100299 105574 111061 115925 119859 122852 125031 126568 127625 128339 128815 129127 129331 129463 129548 129602 129637 129659 129673 129681 129687 129691 129693 129694 129695 129696 129696 129696 129696 129696 129696 129696 129696 129696 129696 129696 129696 129696 129696 129696 129696 129696 129696 129696 129696 129696 129696 129696 129696 129696 129696 129696 129696 129696 129696 129696 129696 129696 129696 129696 129696 129696 129696 129696 129696 129696 129696 129696 129696 129696 129696 129696 129696 129696 129696 129696 129696 129696 129696 129696 129696 129696 129696 129696 129696 129696 129696 129696 129696 129696 129696 129696 129696 129696 129696 129696 129696 0 0 0 0 0 0 0 0 0 0 0 0 0 0 0 0 0 0 0 0 0 0 0 0 0
#obs catch bio
 0 109366 162836 214986 252378 250654 312425 307506 324437 312390 290676 264117 256908 248373 231059 206872 179675 170479 147471 136473 131777 125421 115736 101288 104885 112939 103498 94771.7 98093.3 95402.6 94357.8 100698 90803.2 100292 91018.9 88061.1 83185.6 80591.2 90914 77992.8 92321.2 92490.6 86857.1 87907.1 97557 95683.5 99674.1 88915.5 93657.1 91485.3 104213 101262 106309 123394 54456.1 56158.9 111176 133144 66398.4 106811 120683 72959 86879.1 76625.2 116203
#pred cpue bio
 3.45164e+006 3.47473e+006 3.46717e+006 3.30346e+006 3.06953e+006 2.88367e+006 2.67871e+006 2.45705e+006 2.19852e+006 1.83685e+006 1.44956e+006 1.20116e+006 1.06165e+006 958353 868207 771408 714642 676273 635512 606584 552135 512008 493964 491698 514115 535112 529653 525495 537356 557232 571296 586533 588075 560673 543031 570211 561071 556597 563972 548051 528479 511127 502886 511198 525796 556857 620935 671011 663538 666912 668357 660062 639363 564201 509891 566631 614007 571612 532840 551511 509646 471979 500921 535022 571691 1.3123e+007 1.19727e+007 1.21011e+007 1.26152e+007 1.33666e+007 1.41483e+007 1.48522e+007 1.54366e+007 1.58972e+007 1.62479e+007 1.6509e+007 1.67006e+007 1.68401e+007 1.69414e+007 1.70149e+007 1.70683e+007 1.71074e+007 1.7136e+007 1.71572e+007 1.71729e+007 1.71847e+007 1.71935e+007 1.72002e+007 1.72052e+007 1.7209e+007 1.7212e+007 1.72142e+007 1.72159e+007 1.72172e+007 1.72182e+007 1.7219e+007 1.72196e+007 1.722e+007 1.72204e+007 1.72207e+007 1.72209e+007 1.7221e+007 1.72212e+007 1.72213e+007 1.72214e+007 1.72214e+007 1.72215e+007 1.72215e+007 1.72215e+007 1.72215e+007 1.72216e+007 1.72216e+007 1.72216e+007 1.72216e+007 1.72216e+007 1.72216e+007 1.72216e+007 1.72216e+007 1.72216e+007 1.72216e+007 1.72216e+007 1.72216e+007 1.72216e+007 1.72216e+007 1.72216e+007 1.72216e+007 1.72216e+007 1.72216e+007 1.72216e+007 1.72216e+007 1.72216e+007 1.72216e+007 1.72216e+007 1.72216e+007 1.72216e+007 1.72216e+007 1.72216e+007 1.72216e+007 1.72216e+007 1.72216e+007 1.72216e+007 1.72216e+007 1.72216e+007 1.72216e+007 1.72216e+007 1.72216e+007 1.72216e+007 1.72216e+007 1.72216e+007 1.72216e+007 1.72216e+007 1.72216e+007 1.72216e+007 1.72216e+007 1.72216e+007 1.72216e+007 1.72216e+007 1.72216e+007 1.72216e+007 1.72216e+007 1.72216e+007 1.72216e+007 1.72216e+007 1.72216e+007 1.72216e+007 0 0 0 0 0 0 0 0 0 0 0 0 0 0 0 0 0 0 0 0 0 0 0 0 0
#obs cpue bio
 3.13456e+006 3.96535e+006 3.49939e+006 3.10053e+006 2.4247e+006 3.40892e+006 2.44876e+006 2.93363e+006 3.70568e+006 1.99375e+006 1.74452e+006 1.06835e+006 890181 993947 973398 628410 755853 694857 505180 583584 441545 450030 470289 465393 486380 584350 464411 471160 604160 629500 691039 556811 866352 592943 316008 667296 547586 630652 608150 651117 403121 454882 502797 534743 472713 435980 698142 769506 610053 584042 692276 635948 774162 480952 471619 736415 892117 593986 667903 632251 498677 403592 455987 700307 582034
#pred surv len freq
 0.00418983 0.00691644 0.0106219 0.0153554 0.0210352 0.0273533 0.0337614 0.0396235 0.0444621 0.0481098 0.0506716 0.0523764 0.053451 0.0540687 0.0543506 0.054387 0.0542607 0.0540459 0.0537516 0.0532069 0.0519642 0.0493526 0.044764 0.0380657 0.0298542
 0.00453669 0.00738004 0.011137 0.0158065 0.0212973 0.0273518 0.0335127 0.0392266 0.0440432 0.0477583 0.0504093 0.0521754 0.0532803 0.0539348 0.0543054 0.0545015 0.0545784 0.0545407 0.0543135 0.0536684 0.052163 0.0492028 0.0442956 0.037408 0.0291728
 0.00457548 0.00752118 0.0114854 0.0164857 0.0223921 0.0288324 0.0351923 0.0407996 0.0452023 0.048324 0.0503873 0.0517137 0.0525704 0.0531331 0.0535133 0.0537848 0.0539849 0.054091 0.0539759 0.0533519 0.051748 0.0486017 0.0435049 0.0365155 0.0283133
 0.0047192 0.00772638 0.0117484 0.0168034 0.0227843 0.0293634 0.0359627 0.0418942 0.0466108 0.0498891 0.0518335 0.0527545 0.05303 0.0530046 0.0529276 0.0529299 0.0530329 0.0531583 0.0531112 0.0525395 0.0509306 0.0477225 0.0425536 0.0355467 0.0274229
 0.00493181 0.00807347 0.0122708 0.017533 0.0237315 0.0305037 0.0372349 0.0432194 0.0479263 0.0511665 0.0530553 0.0538635 0.0539005 0.0534732 0.052871 0.052331 0.0519874 0.0518246 0.0516419 0.0510365 0.0494394 0.0462604 0.0411481 0.0342552 0.0263208
 0.00513073 0.00840579 0.0127876 0.0182876 0.0247682 0.0318388 0.0388365 0.0449992 0.0497522 0.0528954 0.0545695 0.0550894 0.0547981 0.0540051 0.0529799 0.0519516 0.0510883 0.0504443 0.0498895 0.0490568 0.047374 0.0442299 0.0392562 0.0325958 0.0249694
 0.00531517 0.00870541 0.0132391 0.0189277 0.02563 0.0329444 0.0401863 0.0465621 0.0514622 0.0546547 0.0562592 0.0565859 0.0559921 0.0548144 0.0533478 0.0518362 0.0504585 0.0492942 0.0482616 0.0470548 0.045152 0.0419661 0.0371244 0.0307405 0.0234852
 0.00552103 0.00905314 0.0137861 0.019734 0.0267445 0.0343834 0.0419148 0.0484916 0.0534698 0.0566122 0.0580542 0.0581262 0.0572001 0.0556213 0.053694 0.0516738 0.0497543 0.0480367 0.0464753 0.0448194 0.0426136 0.0393267 0.0346079 0.0285453 0.0217407
 0.00569727 0.00934499 0.0142364 0.0203889 0.027648 0.035566 0.0433789 0.0502001 0.0553442 0.0585417 0.0599119 0.0597882 0.0585597 0.0565959 0.0542211 0.0517041 0.0492482 0.0469696 0.0448542 0.0427045 0.0401363 0.0366879 0.0320473 0.026287 0.0199376
 0.00587753 0.00965283 0.0147269 0.0211223 0.0286763 0.0369133 0.0450221 0.0520651 0.0573205 0.0605066 0.0617499 0.0613986 0.0598565 0.0575065 0.0546865 0.051678 0.0486947 0.0458656 0.043201 0.040551 0.0376018 0.0339679 0.0293872 0.0239262 0.0180452
 0.00615657 0.0100997 0.0153875 0.0220369 0.0298744 0.0384041 0.0467824 0.0540296 0.0593846 0.0625404 0.0636192 0.0629838 0.0610659 0.0582793 0.0549866 0.0514829 0.0479871 0.0446332 0.0414485 0.0383228 0.0350077 0.0311937 0.0266734 0.0215129 0.0161068
 0.00638373 0.0104953 0.0160304 0.0230131 0.0312543 0.0402078 0.0489509 0.0564226 0.0618122 0.0648122 0.0655812 0.0645313 0.0621369 0.0588429 0.0550329 0.0510149 0.047013 0.0431638 0.039504 0.0359537 0.0323198 0.0283622 0.0239259 0.0190794 0.0141555
 0.00654511 0.0107691 0.0164655 0.0236672 0.0321877 0.0414697 0.0505588 0.0583435 0.0639529 0.0670239 0.0676814 0.0663381 0.0635037 0.0596795 0.0553051 0.0507283 0.0461933 0.0418435 0.0377238 0.0337761 0.0298515 0.0257661 0.0214092 0.0168504 0.0123668
 0.00672312 0.0110643 0.0169208 0.024327 0.0330903 0.0426346 0.0519751 0.0599652 0.0657057 0.0688161 0.0694112 0.0678952 0.0647733 0.0605539 0.0557018 0.0506026 0.0455393 0.0406868 0.0361137 0.0317882 0.0275978 0.023403 0.0191262 0.0148336 0.0107512
 0.00693867 0.0114133 0.0174432 0.025059 0.0340566 0.0438384 0.053386 0.0615164 0.0673035 0.0703599 0.0708109 0.0690792 0.0656861 0.0611488 0.055935 0.0504347 0.0449432 0.0396573 0.0346763 0.0300055 0.0255748 0.0212863 0.0170883 0.0130399 0.00931864
 0.0071871 0.0118116 0.018032 0.0258706 0.0351084 0.0451211 0.054853 0.0630821 0.0688566 0.0717867 0.0720168 0.0700002 0.0662891 0.0614237 0.0558835 0.0500596 0.0442432 0.0386315 0.0333366 0.0283924 0.0237696 0.0194124 0.0152946 0.0114687 0.00806892
 0.00732076 0.0120384 0.0183906 0.0264022 0.0358467 0.0460777 0.056003 0.0643608 0.0701709 0.073035 0.0731086 0.0708661 0.0668842 0.0617261 0.0558894 0.0497759 0.0436807 0.0378014 0.0322545 0.0270907 0.0223106 0.0178931 0.0138358 0.010188 0.00704888
 0.00743659 0.0122052 0.0186031 0.0266464 0.0361097 0.0463605 0.0563281 0.0647654 0.0706883 0.0736738 0.0738407 0.0716308 0.0676031 0.0623213 0.0562977 0.0499544 0.0436068 0.0374692 0.0316734 0.0262886 0.0213399 0.0168335 0.0127867 0.00924758 0.00628914
 0.00756234 0.0124075 0.0189018 0.0270538 0.0366225 0.0469522 0.0569462 0.0653428 0.071168 0.0740335 0.0740995 0.0718317 0.0677826 0.062487 0.0564243 0.0499965 0.0435168 0.0372116 0.0312331 0.0256748 0.0205886 0.0160066 0.0119629 0.00850584 0.00568784
 0.0075687 0.0124167 0.0189144 0.0270715 0.0366506 0.0470005 0.0570285 0.0654714 0.0713464 0.074253 0.0743431 0.0720841 0.068038 0.0627469 0.0566854 0.0502395 0.0437041 0.0372967 0.0311765 0.0254586 0.0202247 0.0155367 0.01145 0.0080171 0.00527682
 0.00763107 0.0125051 0.0190235 0.027188 0.0367572 0.0470827 0.0570802 0.0654973 0.0713606 0.0742738 0.0743865 0.0721587 0.0681435 0.0628765 0.0568295 0.0503857 0.0438337 0.0373828 0.0311874 0.0253683 0.0200259 0.0152477 0.0111113 0.00767931 0.00498387
 0.00765302 0.0125596 0.0191386 0.0273974 0.0370868 0.0475317 0.0576083 0.0660293 0.0718096 0.0745726 0.0745086 0.0721198 0.0679869 0.0626534 0.0565838 0.0501465 0.0436134 0.0371781 0.0309836 0.0251462 0.0197721 0.0149633 0.0108141 0.00739784 0.00474544
 0.00774899 0.0126952 0.0193064 0.0275818 0.0372734 0.0477196 0.057814 0.0662769 0.0721102 0.0749056 0.0748215 0.0723481 0.0680828 0.0626048 0.0564145 0.0499006 0.0433356 0.0368995 0.0307173 0.0248912 0.0195217 0.0147146 0.0105734 0.00717901 0.00456354
 0.00790317 0.0129182 0.01959 0.0278986 0.0375819 0.0479754 0.0579824 0.0663434 0.0720866 0.0748284 0.0747384 0.0722958 0.0680692 0.062608 0.056399 0.0498393 0.0432218 0.0367448 0.0305398 0.0247056 0.0193359 0.0145329 0.0104011 0.00702448 0.00443565
 0.00784008 0.0128282 0.0194769 0.0277719 0.037451 0.0478429 0.0578407 0.0661799 0.0718958 0.0746241 0.0745572 0.0721875 0.0680766 0.0627468 0.0566489 0.0501517 0.0435393 0.037021 0.0307497 0.0248439 0.0194096 0.0145544 0.0103851 0.00698649 0.00439036
 0.00778482 0.0127367 0.0193372 0.0275744 0.0371941 0.0475385 0.0575172 0.0658764 0.0716488 0.0744547 0.0744675 0.0721697 0.0681258 0.0628671 0.0568462 0.0504214 0.0438585 0.0373524 0.0310539 0.0250916 0.0195879 0.0146654 0.0104409 0.00700354 0.00438527
 0.0078996 0.0129011 0.019543 0.0277984 0.0374029 0.0476974 0.057599 0.0658672 0.0715504 0.0742834 0.0742493 0.0719336 0.0678974 0.0626667 0.0566906 0.0503238 0.0438249 0.0373769 0.0311178 0.0251694 0.0196566 0.0147112 0.0104612 0.00700378 0.00437419
 0.00797977 0.0130208 0.0197025 0.0279886 0.0376048 0.0478837 0.0577368 0.0659246 0.0715058 0.0741352 0.0740196 0.0716617 0.0676272 0.0624338 0.0565164 0.0502159 0.0437817 0.0373901 0.0311735 0.0252491 0.0197401 0.0147821 0.0105106 0.00703116 0.0043848
 0.00795223 0.0129797 0.0196472 0.0279208 0.0375275 0.0477996 0.0576476 0.0658302 0.0714057 0.0740293 0.0739108 0.0715574 0.0675399 0.0623785 0.0565061 0.0502575 0.0438737 0.0375234 0.0313335 0.0254181 0.0199003 0.0149186 0.0106146 0.00710147 0.00442649
 0.0079376 0.0129546 0.0196073 0.0278618 0.0374471 0.0476997 0.0575353 0.0657172 0.071304 0.073947 0.0738493 0.0715133 0.067509 0.0623601 0.0565046 0.0502805 0.043928 0.0376109 0.0314491 0.0255506 0.0200347 0.0150403 0.0107132 0.00717268 0.00447208
 0.00797788 0.013 0.0196389 0.0278504 0.037362 0.0475222 0.0572705 0.0653956 0.0709726 0.0736548 0.0736342 0.0713945 0.0674862 0.0624184 0.0566222 0.0504365 0.044107 0.0378029 0.0316469 0.025746 0.0202175 0.0152 0.0108417 0.00726682 0.00453439
 0.00786496 0.0128456 0.019459 0.0276747 0.0372206 0.0474284 0.0572097 0.0653315 0.0708688 0.0734977 0.0734431 0.0712129 0.0673612 0.0623812 0.0566797 0.0505749 0.0443015 0.0380278 0.0318807 0.0259726 0.0204246 0.015378 0.0109841 0.00737189 0.00460501
 0.00784094 0.0127962 0.0193676 0.0275243 0.0370042 0.0471605 0.0569309 0.0650974 0.0707243 0.073454 0.0734734 0.0712714 0.0674125 0.0624172 0.0567171 0.0506375 0.0444046 0.0381714 0.0320526 0.0261551 0.0206009 0.0155345 0.0111123 0.00746817 0.00467098
 0.00783349 0.0127724 0.0193099 0.0274083 0.0368041 0.046859 0.0565307 0.0646283 0.0702432 0.0730329 0.0731791 0.0711437 0.0674512 0.0625881 0.0569714 0.0509332 0.0447163 0.0384868 0.0323636 0.0264516 0.02087 0.0157642 0.0112948 0.00760232 0.00476141
 0.00788829 0.0128718 0.0194766 0.0276646 0.0371606 0.0472987 0.0569992 0.0650405 0.070508 0.0730876 0.0730133 0.0708016 0.0670115 0.0621337 0.0565644 0.0506052 0.0444731 0.0383211 0.0322641 0.0264063 0.0208657 0.0157864 0.0113294 0.00763771 0.00479069
 0.00846634 0.0136725 0.0204264 0.0286137 0.0379308 0.0477576 0.057114 0.0648773 0.0701812 0.0726961 0.0726048 0.0703785 0.0665617 0.0616591 0.0560892 0.0501657 0.0441011 0.0380331 0.0320606 0.0262769 0.0207951 0.0157579 0.0113271 0.00764832 0.00480467
 0.00928403 0.0149244 0.0221576 0.0307921 0.0404307 0.0503522 0.0594887 0.0666842 0.0711392 0.0726929 0.0717353 0.0688899 0.0647439 0.0597509 0.0542428 0.0484626 0.0425835 0.0367248 0.0309734 0.0254101 0.020135 0.0152803 0.011001 0.00743977 0.00468079
 0.00922288 0.0149584 0.022451 0.031568 0.041898 0.0525955 0.0623765 0.0698588 0.0741053 0.0749655 0.0729776 0.0689894 0.0638114 0.0580543 0.0521095 0.0461903 0.0403908 0.0347448 0.0292734 0.0240144 0.0190405 0.0144648 0.0104274 0.00706197 0.0044496
 0.00886397 0.0144185 0.0217289 0.0307163 0.0410399 0.0519307 0.0621602 0.0703347 0.0753984 0.0769847 0.075397 0.0713404 0.0656452 0.0590895 0.052295 0.0456709 0.0394144 0.0335668 0.0280946 0.0229622 0.018177 0.0138051 0.00995724 0.00675021 0.00425829
 0.00881855 0.0143168 0.0215263 0.0303598 0.0404894 0.0511926 0.0613181 0.0695572 0.0749101 0.0770012 0.0760427 0.0725798 0.0672663 0.0607594 0.0536724 0.046522 0.0396754 0.0333301 0.0275404 0.0222803 0.0175145 0.0132481 0.00953746 0.00646263 0.00407838
 0.00863395 0.0140401 0.0211518 0.0298929 0.0399398 0.0505658 0.0606169 0.0687974 0.0741455 0.076341 0.0756423 0.0725974 0.067795 0.0617678 0.0549909 0.0478917 0.0408402 0.0341243 0.0279288 0.0223375 0.0173682 0.0130218 0.00931702 0.00628997 0.00396216
 0.00854814 0.01392 0.0210071 0.0297448 0.0398147 0.0504843 0.0605823 0.06879 0.0741259 0.0762654 0.0754884 0.0723896 0.0676118 0.0617158 0.0551513 0.0482691 0.0413489 0.0346246 0.0282924 0.0225014 0.0173468 0.0128815 0.00913489 0.00612318 0.00383772
 0.0085906 0.0139685 0.0210432 0.029742 0.0397492 0.0503502 0.0604012 0.0686054 0.0739829 0.0761869 0.0754636 0.0723846 0.0675955 0.0616861 0.0551419 0.0483288 0.0415056 0.0348597 0.0285445 0.0226987 0.0174447 0.012879 0.00906518 0.00602943 0.00375271
 0.00861278 0.0139994 0.0210791 0.0297735 0.0397604 0.0503204 0.0603095 0.0684402 0.0737523 0.0759235 0.075217 0.0722017 0.0675013 0.0616783 0.055202 0.0484401 0.0416611 0.035054 0.0287607 0.0229046 0.0176048 0.0129724 0.00909458 0.00601546 0.00372058
 0.00867987 0.0140961 0.0212017 0.0299099 0.0398928 0.0504293 0.060377 0.0684513 0.0736959 0.0757956 0.0750257 0.0719708 0.067267 0.0614783 0.0550639 0.0483746 0.0416642 0.0351128 0.0288577 0.023018 0.0177107 0.0130511 0.00913733 0.00602643 0.003712
 0.00871367 0.0141654 0.0213311 0.0301276 0.040219 0.0508605 0.0608746 0.0689444 0.0741009 0.0760423 0.0750774 0.0718295 0.0669671 0.0610752 0.0546202 0.0479479 0.0412968 0.034827 0.0286562 0.0228891 0.0176344 0.0130058 0.00910605 0.00599986 0.0036879
 0.0086571 0.014071 0.0211865 0.0299249 0.0399628 0.0505763 0.0606117 0.0687652 0.074057 0.0761499 0.0753072 0.0721188 0.0672465 0.0612934 0.0547572 0.0480124 0.0413151 0.0348291 0.0286642 0.0229125 0.0176708 0.0130461 0.00914076 0.00602338 0.0036999
 0.0087213 0.0141457 0.0212442 0.0299222 0.0398525 0.050328 0.0602298 0.0682955 0.0735779 0.0757509 0.0750629 0.0720668 0.0673769 0.0615554 0.0550803 0.0483323 0.0415917 0.0350498 0.0288359 0.0230485 0.0177817 0.0131363 0.00921039 0.00607248 0.00373057
 0.00885994 0.0143348 0.0214603 0.0301179 0.0399655 0.050298 0.0600171 0.0678939 0.0730204 0.0751089 0.0744353 0.0715582 0.0670692 0.061484 0.0552262 0.0486341 0.0419707 0.035436 0.0291832 0.0233365 0.0180082 0.0133073 0.00933401 0.00615675 0.00378371
 0.00880941 0.0142964 0.0214806 0.0302593 0.04028 0.0507909 0.0606213 0.0684777 0.0734324 0.0752362 0.0742452 0.0711048 0.0664674 0.0608673 0.0547064 0.0482749 0.0417813 0.0353841 0.029218 0.0234105 0.0180884 0.013377 0.00938766 0.0061946 0.00380827
 0.00892686 0.0144425 0.0216212 0.0303439 0.0402668 0.0506786 0.0604651 0.0683699 0.0734509 0.0753939 0.0744762 0.0712993 0.0665314 0.0607692 0.0544842 0.048008 0.0415491 0.035235 0.0291609 0.0234245 0.0181415 0.013441 0.00944495 0.00623792 0.00383719
 0.00901693 0.0146123 0.0219156 0.0308082 0.0409227 0.0514949 0.0613439 0.0691674 0.0740316 0.0756861 0.0744894 0.0710947 0.0661732 0.0602963 0.0539175 0.047375 0.0408982 0.034627 0.0286474 0.0230317 0.0178671 0.0132639 0.00933802 0.00617686 0.00380407
 0.00888915 0.0144403 0.0217247 0.030649 0.0408627 0.051601 0.0616596 0.0696936 0.0747146 0.0764225 0.0751525 0.0715747 0.0664115 0.0602935 0.0537153 0.0470305 0.0404684 0.0341659 0.0282053 0.0226492 0.017568 0.0130518 0.00920101 0.00609564 0.00375959
 0.00899846 0.0145896 0.0218987 0.0308199 0.0410046 0.051708 0.0617583 0.0698361 0.0749539 0.0767808 0.0756009 0.0720361 0.0667865 0.0604966 0.0537035 0.0468116 0.0400899 0.0336944 0.0277083 0.0221836 0.017173 0.0127466 0.00898576 0.00595698 0.00367794
 0.00908076 0.0147757 0.0222709 0.031475 0.0420151 0.0530695 0.0633531 0.0714478 0.0763364 0.0777449 0.0760679 0.0720331 0.0664003 0.0598239 0.0528241 0.0457891 0.0389834 0.0325674 0.0266279 0.021211 0.016354 0.0121039 0.00851801 0.00564275 0.003484
 0.0083669 0.013655 0.0206674 0.0293695 0.0394762 0.0502855 0.0606414 0.0692092 0.074945 0.0774211 0.0768073 0.073631 0.0685453 0.0621979 0.0551652 0.0479124 0.040779 0.0339911 0.0276887 0.0219562 0.0168501 0.0124194 0.00871136 0.00575767 0.00355019
 0.00822848 0.0133478 0.0200557 0.0282832 0.0377621 0.0478871 0.0576719 0.0659714 0.0718784 0.074994 0.0753968 0.0734303 0.0695245 0.0641288 0.0576989 0.0506762 0.0434565 0.0363644 0.0296441 0.0234673 0.0179513 0.0131787 0.0092076 0.00606487 0.00372972
 0.00877609 0.0141974 0.0212491 0.0298061 0.0395175 0.049672 0.0591783 0.0668411 0.0718177 0.0739033 0.0734404 0.0709973 0.0670978 0.0621281 0.0563665 0.0500451 0.0433944 0.036658 0.0300834 0.023898 0.0182917 0.0134078 0.00934118 0.00613254 0.00375931
 0.00893211 0.0145523 0.0219652 0.0310834 0.0415255 0.0524479 0.0625394 0.0703711 0.0749517 0.0760801 0.0742607 0.0703337 0.0651259 0.0592683 0.053155 0.0469782 0.0408085 0.0346868 0.0286924 0.0229623 0.0176702 0.0129887 0.00905339 0.00593622 0.00363091
 0.0084113 0.0137133 0.0207298 0.0294189 0.0394926 0.0502513 0.0605418 0.0690232 0.0746344 0.0769286 0.0760781 0.072656 0.0674043 0.0610719 0.054297 0.0475221 0.0409746 0.0347212 0.0287653 0.0231324 0.0179109 0.0132404 0.00926641 0.00608869 0.0037255
 0.00865279 0.0140508 0.0211328 0.029816 0.0397831 0.0503312 0.060341 0.0685449 0.0739822 0.0762994 0.0757008 0.0726886 0.067845 0.0617462 0.0549392 0.0479054 0.0410088 0.0344673 0.0283719 0.0227476 0.0176229 0.0130675 0.00918251 0.00605627 0.00371569
 0.00887839 0.014455 0.0218043 0.0308439 0.0412152 0.052118 0.0622973 0.070368 0.0753393 0.0769484 0.0755812 0.0719353 0.0667177 0.0605141 0.0537789 0.0468636 0.0400416 0.0335181 0.027432 0.0218645 0.0168647 0.0124811 0.00877413 0.00579848 0.00356677
 0.00854019 0.0139151 0.0210174 0.0297938 0.03994 0.050736 0.0610113 0.0694243 0.0749406 0.0771638 0.0763135 0.0729724 0.0678352 0.0615607 0.0546994 0.0476616 0.0407261 0.0340772 0.0278443 0.0221256 0.0170002 0.0125356 0.0087905 0.00580378 0.00357159
 0.00857732 0.0139336 0.0209675 0.0296028 0.039531 0.0500602 0.0600817 0.068334 0.0738544 0.0762805 0.0758081 0.0729362 0.0682435 0.0622886 0.0555789 0.0485452 0.0415208 0.0347412 0.0283653 0.0225058 0.017253 0.0126861 0.00887061 0.00584294 0.00359047
 0.00848189 0.013786 0.0207574 0.0293201 0.0391609 0.0495795 0.059463 0.0675611 0.0729465 0.0753136 0.0749161 0.072283 0.0679712 0.0624648 0.0561695 0.0494297 0.0425393 0.035746 0.0292535 0.0232253 0.0177927 0.0130621 0.00911406 0.00598963 0.00367307
#obs surv len freq
 nan nan nan nan nan nan nan nan nan nan nan nan nan nan nan nan nan nan nan nan nan nan nan nan nan
 0.00448496 0.00734662 0.0111771 0.0159943 0.0216961 0.0279727 0.0342876 0.0400192 0.0446985 0.0481614 0.0505179 0.0520122 0.0529029 0.0534139 0.053727 0.0539811 0.054259 0.0545514 0.0546899 0.0542816 0.0527198 0.0493521 0.0438024 0.036283 0.0276674
 0.00461657 0.00756219 0.0115042 0.0164585 0.0223148 0.0287457 0.0351872 0.0409877 0.045656 0.0490217 0.0512046 0.05247 0.0531034 0.0533557 0.0534316 0.0534853 0.0536061 0.053784 0.0538471 0.0534004 0.0518389 0.0485147 0.0430531 0.0356597 0.027191
 0.00477983 0.00783012 0.0119121 0.0170409 0.0230984 0.0297385 0.0363667 0.0422955 0.0470042 0.0503068 0.0523235 0.0533326 0.0536419 0.0535312 0.0532371 0.0529434 0.0527626 0.0526986 0.0525866 0.0520355 0.0504453 0.0471736 0.041845 0.0346512 0.0264188
 0.00496824 0.0081391 0.0123822 0.0177118 0.0240018 0.030886 0.0377374 0.0438305 0.0486133 0.051883 0.0537578 0.0545237 0.0545018 0.0539915 0.0532548 0.0525062 0.0518906 0.0514424 0.0510228 0.0502626 0.0485797 0.0453436 0.0401775 0.0332498 0.0253418
 0.00518568 0.00849265 0.0129146 0.0184634 0.0250034 0.032148 0.0392374 0.0455083 0.0503775 0.0536271 0.0553741 0.0559121 0.0555729 0.0546678 0.053474 0.0522263 0.0510973 0.0501564 0.0493054 0.048218 0.0463524 0.0431059 0.0381059 0.0314913 0.023982
 0.00541258 0.0088656 0.0134834 0.0192766 0.026099 0.0335379 0.0408924 0.0473539 0.0523057 0.0555181 0.0571157 0.0574081 0.0567428 0.0554429 0.0537944 0.0520417 0.0503728 0.0488841 0.0475194 0.0460086 0.0438709 0.0405537 0.0357021 0.0294259 0.0223718
 0.00564204 0.00924187 0.014056 0.0200943 0.0272013 0.0349409 0.0425737 0.0492457 0.054303 0.0574974 0.0589546 0.0589987 0.057997 0.0562918 0.0541835 0.0519257 0.0497147 0.047663 0.0457485 0.0437575 0.0412816 0.037836 0.0330999 0.0271615 0.0205898
 0.00588711 0.00964147 0.0146597 0.0209493 0.028344 0.036383 0.0442882 0.0511616 0.0563146 0.0594838 0.0607983 0.0605958 0.0592607 0.0571525 0.0545864 0.0518273 0.0490801 0.0464696 0.0440006 0.0415101 0.0386629 0.0350509 0.0304002 0.0247871 0.0187048
 0.00612735 0.0100375 0.0152656 0.0218185 0.0295182 0.0378751 0.0460654 0.0531404 0.0583745 0.0614919 0.0626323 0.0621551 0.0604686 0.0579514 0.0549327 0.051686 0.0484219 0.0452739 0.0422688 0.0392885 0.0360674 0.032275 0.0276906 0.0223869 0.0167865
 0.0063693 0.0104329 0.0158647 0.02267 0.0306602 0.0393213 0.0477892 0.0550682 0.0603941 0.0634727 0.064446 0.0636915 0.0616427 0.0587048 0.055229 0.0515021 0.0477414 0.0440863 0.0405791 0.0371395 0.0335641 0.0295958 0.0250678 0.0200538 0.0149134
 0.00662623 0.0108526 0.0165 0.0235705 0.0318621 0.0408314 0.0495691 0.0570302 0.0624142 0.0654158 0.066188 0.0651315 0.0627056 0.0593397 0.0554059 0.0512069 0.0469696 0.0428403 0.0388748 0.0350232 0.0311347 0.0270171 0.0225532 0.0178193 0.013118
 0.00683929 0.0112075 0.0170496 0.0243691 0.0329537 0.0422316 0.0512472 0.0589028 0.0643585 0.0672936 0.0678705 0.0665137 0.0637121 0.0599232 0.0555423 0.0508889 0.0462002 0.0416309 0.0372494 0.0330319 0.0288725 0.0246335 0.0202393 0.0157679 0.0114708
 0.00707261 0.0115859 0.0176176 0.025168 0.0340145 0.0435628 0.0528214 0.0606506 0.0661744 0.0690536 0.0694512 0.0678079 0.0646385 0.0604307 0.0556083 0.0505132 0.0453969 0.0404231 0.0356714 0.0311397 0.0267582 0.0224335 0.018123 0.0139033 0.00997958
 0.00725597 0.0118926 0.0180949 0.0258639 0.0349669 0.0447823 0.0542758 0.0622613 0.067831 0.0706378 0.0708571 0.0689508 0.0654552 0.0608776 0.0556608 0.0501646 0.0446567 0.0393144 0.0342318 0.0294277 0.0248626 0.020478 0.0162556 0.0122676 0.00867696
 0.00742712 0.0121702 0.0185117 0.0264512 0.0357496 0.0457708 0.0554556 0.0635865 0.0692262 0.0720085 0.0721043 0.0699851 0.0662069 0.0613012 0.0557336 0.049882 0.0440272 0.0383586 0.0329844 0.0279434 0.0232233 0.0187941 0.0146556 0.0108726 0.00757047
 0.00751351 0.0123128 0.0187307 0.0267676 0.0361822 0.0463311 0.0561425 0.0643834 0.0701033 0.0729259 0.0730147 0.0708341 0.0669346 0.061847 0.0560443 0.0499187 0.0437694 0.0378055 0.0321558 0.0268828 0.022001 0.0175063 0.0134134 0.00977988 0.00669938
 0.00759139 0.0124326 0.0188986 0.0269862 0.0364518 0.0466521 0.0565154 0.0648083 0.0705774 0.0734421 0.0735599 0.0713875 0.0674659 0.0623163 0.0564041 0.0501193 0.0437672 0.0375716 0.0316838 0.0261942 0.0211476 0.0165672 0.0124828 0.00894764 0.00602902
 0.00766449 0.0125479 0.0190655 0.0272096 0.0367309 0.0469777 0.0568696 0.0651668 0.0709173 0.0737502 0.073836 0.0716407 0.0677054 0.0625416 0.0565996 0.0502544 0.0438023 0.0374672 0.0314129 0.0257529 0.0205622 0.0158934 0.0117948 0.00831994 0.0055168
 0.00773117 0.0126488 0.0192033 0.0273822 0.0369325 0.0472004 0.0571043 0.0654033 0.0711439 0.0739555 0.0740122 0.0717863 0.0678251 0.0626438 0.0566887 0.0503247 0.0438343 0.0374313 0.0312782 0.0255006 0.0201964 0.0154452 0.0113165 0.00786981 0.00514133
 0.00777767 0.0127213 0.0193062 0.027517 0.0370962 0.0473852 0.0572973 0.0655884 0.0713058 0.0740851 0.074108 0.0718534 0.0678717 0.0626773 0.0567143 0.0503429 0.0438384 0.0374057 0.0312017 0.0253536 0.0199719 0.0151561 0.0109948 0.00755671 0.00487341
 0.00781563 0.0127777 0.0193814 0.0276079 0.0371977 0.0474916 0.0574036 0.06569 0.0713985 0.0741645 0.0741711 0.0718993 0.0679025 0.0626973 0.056728 0.0503526 0.0438418 0.0373951 0.0311638 0.025274 0.0198417 0.0149788 0.0107881 0.00734796 0.00468935
 0.00785032 0.0128303 0.0194533 0.0276973 0.0372997 0.0475985 0.0575058 0.0657778 0.0714641 0.0742051 0.0741888 0.0719001 0.0678933 0.0626835 0.0567131 0.050338 0.0438267 0.0373753 0.0311315 0.0252197 0.0197578 0.0148647 0.010653 0.00720852 0.00456373
 0.00786873 0.0128587 0.0194933 0.027749 0.0373615 0.0476673 0.0575763 0.0658431 0.0715173 0.0742409 0.0742055 0.0719 0.0678813 0.062666 0.0566953 0.0503228 0.0438142 0.0373625 0.0311133 0.0251891 0.019709 0.014796 0.0105688 0.00711908 0.00448107
 0.00786645 0.012852 0.0194776 0.027719 0.0373129 0.0475997 0.0574955 0.0657606 0.0714473 0.0741955 0.0741914 0.0719174 0.0679257 0.0627303 0.0567721 0.0504053 0.0438963 0.0374383 0.0311765 0.0252337 0.0197303 0.0147925 0.010544 0.00708076 0.00443903
 0.00787314 0.0128574 0.0194756 0.0277004 0.0372678 0.047521 0.0573831 0.0656229 0.0713002 0.0740593 0.0740863 0.071859 0.0679212 0.0627777 0.0568614 0.0505221 0.0440256 0.0375666 0.0312927 0.0253295 0.0198 0.0148342 0.0105602 0.00707773 0.00442517
 0.00789701 0.0128929 0.0195224 0.0277552 0.0373234 0.0475673 0.0574074 0.065613 0.0712483 0.0739662 0.0739636 0.0717267 0.0678025 0.062692 0.0568196 0.050525 0.0440652 0.0376301 0.0313658 0.0253994 0.0198573 0.0148738 0.0105813 0.00708355 0.00442118
 0.00788214 0.0128692 0.0194879 0.0277082 0.0372639 0.0474965 0.0573286 0.0655309 0.0711677 0.0738908 0.073896 0.0716698 0.0677611 0.0626731 0.0568305 0.0505701 0.0441431 0.0377331 0.0314815 0.0255138 0.0199582 0.0149532 0.0106365 0.00711667 0.00443751
 0.00786943 0.0128459 0.019448 0.0276451 0.0371722 0.0473756 0.0571849 0.065378 0.0710231 0.0737711 0.0738121 0.071626 0.0677559 0.0627019 0.0568886 0.0506538 0.0442492 0.0378569 0.0316153 0.025647 0.0200797 0.015054 0.0107119 0.00716713 0.00446731
 0.00786203 0.01283 0.019417 0.0275905 0.0370853 0.0472512 0.0570247 0.065192 0.0708288 0.0735899 0.0736656 0.0715308 0.0677209 0.0627268 0.0569655 0.0507708 0.0443936 0.038017 0.0317806 0.0258073 0.0202251 0.0151762 0.0108063 0.00723332 0.00450911
 0.00784931 0.0128094 0.0193861 0.0275463 0.0370247 0.0471707 0.0569215 0.0650658 0.0706832 0.0734344 0.0735149 0.0714031 0.0676334 0.0626922 0.0569882 0.0508469 0.0445125 0.0381643 0.0319414 0.0259677 0.0203733 0.015303 0.0109062 0.00730535 0.00455619
 0.00781655 0.0127596 0.0193174 0.0274595 0.0369227 0.047058 0.0568034 0.0649481 0.0705712 0.0733321 0.0734255 0.0713304 0.067583 0.0626716 0.0570051 0.0509056 0.0446117 0.0382965 0.0320942 0.0261266 0.0205241 0.0154347 0.0110119 0.00738285 0.00460791
 0.0077819 0.0127003 0.0192231 0.0273201 0.036732 0.0468191 0.0565325 0.0646735 0.0703262 0.0731451 0.0733124 0.0712931 0.0676134 0.0627569 0.0571331 0.0510669 0.044799 0.0385022 0.0323087 0.0263379 0.0207194 0.0156028 0.0111458 0.00748101 0.0046736
 0.00776469 0.0126687 0.0191687 0.0272325 0.0366007 0.0466374 0.0563018 0.0644057 0.0700442 0.0728793 0.0730951 0.0711505 0.0675602 0.0627932 0.057247 0.0512395 0.0450105 0.0387351 0.0325481 0.0265704 0.0209326 0.0157862 0.0112925 0.00758912 0.00474651
 0.00773255 0.0126178 0.0190944 0.027131 0.0364693 0.0464746 0.0561087 0.0641873 0.0698106 0.0726458 0.0728818 0.0709804 0.067455 0.0627685 0.0573078 0.0513787 0.0452113 0.0389755 0.0328053 0.026824 0.0211659 0.0159868 0.0114529 0.00770758 0.00482671
 0.0093059 0.0148188 0.0217483 0.0298551 0.0387852 0.0479857 0.0566406 0.0638129 0.0687665 0.0712113 0.0712911 0.069393 0.0659661 0.0614319 0.0561523 0.0504168 0.0444416 0.038385 0.032372 0.0265215 0.0209665 0.015864 0.0113836 0.00767264 0.00481149
 0.00927056 0.0150524 0.0226129 0.031801 0.0421546 0.0527474 0.0622225 0.0691962 0.0728499 0.0732469 0.0711317 0.0674326 0.0628683 0.0578466 0.0525561 0.0470893 0.041515 0.035904 0.0303356 0.0249043 0.0197293 0.0149582 0.0107538 0.00726062 0.00456019
 0.00895148 0.0145482 0.0219024 0.0309304 0.0412906 0.0522145 0.0624638 0.0706151 0.0755665 0.0769177 0.0749933 0.0705917 0.0646761 0.0581235 0.0515607 0.0453063 0.0394278 0.033864 0.0285395 0.0234313 0.0185876 0.0141188 0.0101704 0.00687972 0.00432844
 0.0087984 0.0142894 0.0214949 0.0303307 0.0404708 0.051193 0.0613457 0.0696203 0.0750141 0.0771383 0.076179 0.072653 0.0672077 0.0605362 0.0533211 0.0461432 0.0393867 0.0332085 0.0275932 0.0224565 0.0177403 0.013461 0.00970292 0.00657281 0.00414218
 0.00873272 0.0141786 0.0213198 0.0300683 0.0400965 0.0506861 0.0606999 0.0688596 0.074212 0.0764325 0.0757638 0.0727301 0.0678961 0.0617826 0.0548766 0.0476437 0.0405034 0.0337766 0.0276451 0.0221581 0.0172898 0.0130123 0.00933888 0.00631627 0.00398087
 0.00868374 0.0141015 0.0212081 0.0299164 0.0398992 0.0504375 0.0603939 0.068492 0.0737853 0.0759655 0.0753044 0.0723652 0.067743 0.0619507 0.0554085 0.0484685 0.0414418 0.0346096 0.0282075 0.0223993 0.0172682 0.0128414 0.00912699 0.00613195 0.00385
 0.00867554 0.0140813 0.0211654 0.0298377 0.0397717 0.050255 0.0601609 0.0682223 0.0734966 0.0756729 0.0750194 0.0721032 0.067535 0.0618489 0.0554739 0.0487401 0.0419025 0.0351745 0.0287517 0.0228116 0.017497 0.0129039 0.00908315 0.00604702 0.00376878
 0.00865792 0.0140564 0.0211341 0.0298019 0.0397317 0.0502069 0.0600956 0.0681283 0.0733659 0.0755056 0.0748254 0.0718999 0.0673437 0.0616953 0.0553892 0.0487575 0.0420433 0.0354302 0.0290759 0.023133 0.0177498 0.0130552 0.00913962 0.00604106 0.00373656
 0.00864102 0.0140288 0.0210927 0.0297444 0.0396582 0.0501207 0.0600038 0.0680395 0.0732858 0.0754342 0.0747572 0.0718276 0.0672652 0.0616167 0.0553264 0.0487327 0.0420785 0.0355376 0.0292478 0.0233398 0.0179494 0.013211 0.00923542 0.00608268 0.00374296
 0.00866251 0.0140601 0.0211329 0.02979 0.0397033 0.0501585 0.0600273 0.0680437 0.0732682 0.0753952 0.0746993 0.071754 0.0671781 0.0615195 0.0552254 0.0486401 0.0420113 0.0355122 0.0292724 0.0234085 0.0180426 0.0133033 0.00930652 0.00612483 0.00376018
 0.0086615 0.0140636 0.0211475 0.029824 0.0397637 0.0502464 0.0601347 0.0681537 0.0733601 0.0754516 0.0747109 0.0717207 0.0671069 0.0614209 0.0551108 0.0485214 0.0419015 0.0354247 0.0292183 0.0233918 0.0180576 0.0133366 0.00934265 0.00615266 0.00377594
 0.00862356 0.0140043 0.0210631 0.0297143 0.0396338 0.0501081 0.0600069 0.0680585 0.0733159 0.0754654 0.0747749 0.0718161 0.0672114 0.0615163 0.055187 0.0485763 0.0419391 0.0354529 0.029246 0.0234257 0.0180999 0.0133837 0.00938753 0.00618887 0.00380046
 0.00862167 0.0139989 0.0210507 0.0296903 0.0395933 0.0500487 0.0599303 0.0679721 0.0732325 0.0753999 0.0747405 0.0718191 0.067249 0.061577 0.0552556 0.0486394 0.0419891 0.035489 0.0292725 0.023449 0.0181245 0.0134107 0.00941486 0.00621287 0.00381844
 0.00860681 0.0139757 0.0210175 0.0296459 0.0395371 0.0499807 0.0598515 0.0678854 0.0731431 0.0753165 0.0746736 0.0717799 0.0672457 0.0616119 0.0553231 0.0487274 0.0420835 0.0355778 0.029349 0.0235119 0.0181758 0.013453 0.00944941 0.00623989 0.0038379
 0.00861951 0.0139933 0.0210383 0.0296663 0.0395526 0.0499868 0.0598452 0.0678653 0.0731094 0.0752702 0.0746176 0.0717195 0.0671888 0.0615675 0.0552991 0.0487271 0.0421043 0.0356128 0.0293898 0.0235516 0.0182108 0.0134821 0.0094729 0.00625809 0.00385114
 0.00861951 0.0139933 0.0210383 0.0296663 0.0395526 0.0499868 0.0598452 0.0678653 0.0731094 0.0752702 0.0746176 0.0717195 0.0671888 0.0615675 0.0552991 0.0487271 0.0421043 0.0356128 0.0293898 0.0235516 0.0182108 0.0134821 0.0094729 0.00625809 0.00385114
 0.00882535 0.0143204 0.0215146 0.0303078 0.0403543 0.0509117 0.0608171 0.0687742 0.0738346 0.0757135 0.0747288 0.0715038 0.0666982 0.0608819 0.0545073 0.0479113 0.0413296 0.0349222 0.0288054 0.0230794 0.0178459 0.0132135 0.00928585 0.00613612 0.00377736
 0.00881878 0.0143339 0.0215797 0.0304687 0.0406566 0.051384 0.0614531 0.0695259 0.0746192 0.0764306 0.0752817 0.0718191 0.0667398 0.0606575 0.0540636 0.0473206 0.0406717 0.0342689 0.0282105 0.0225749 0.0174444 0.0129128 0.0090744 0.00599716 0.00369264
 0.00885456 0.0143847 0.0216441 0.0305449 0.0407484 0.0515074 0.0616377 0.0698056 0.0750138 0.0769271 0.075827 0.0723299 0.0671263 0.06085 0.0540309 0.0470756 0.0402634 0.0337667 0.0276854 0.0220855 0.0170288 0.0125877 0.00883922 0.00583977 0.00359549
 0.00907879 0.014739 0.0221562 0.0312284 0.0415938 0.0524734 0.0626462 0.070752 0.0757941 0.0774686 0.0761048 0.0723589 0.0669382 0.0604736 0.0534877 0.0463877 0.0394649 0.0329081 0.0268288 0.0212923 0.0163474 0.0120451 0.00843925 0.00556761 0.00342514
 0.00843995 0.0137514 0.0207697 0.0294433 0.0394748 0.0501608 0.0603601 0.0687696 0.0743912 0.076844 0.0763255 0.0733533 0.0685306 0.0624356 0.0555843 0.0484127 0.0412646 0.0343931 0.0279732 0.0221205 0.0169137 0.0124133 0.00866819 0.00570395 0.00350266
 0.00826816 0.0134015 0.020116 0.0283351 0.037785 0.0478593 0.0575748 0.0657936 0.0716197 0.0746708 0.0750466 0.0731106 0.0693009 0.0640547 0.0577941 0.0509172 0.0437849 0.0367081 0.0299411 0.0236811 0.0180742 0.0132254 0.00920376 0.0060367 0.00369678
 0.00878352 0.0142094 0.0212666 0.0298289 0.0395432 0.0496949 0.0591897 0.0668316 0.071781 0.0738391 0.0733545 0.0709001 0.067003 0.0620521 0.0563275 0.0500574 0.04346 0.0367622 0.0301982 0.023994 0.0183494 0.0134236 0.00932501 0.00610015 0.00372494
 0.00906661 0.0147228 0.0221339 0.0311879 0.0414997 0.0522526 0.0621868 0.0699264 0.0745098 0.0757312 0.0740622 0.0702989 0.0652285 0.0594593 0.0533823 0.0472028 0.0410096 0.0348583 0.0288334 0.0230711 0.0177439 0.0130276 0.00906321 0.00592724 0.00361408
 0.00848215 0.0138241 0.0208862 0.0296167 0.0397123 0.0504532 0.060669 0.0690192 0.0744699 0.0766253 0.0757085 0.0723155 0.0671702 0.0609749 0.0543185 0.047615 0.0410894 0.0348239 0.0288407 0.0231789 0.0179326 0.0132427 0.00925516 0.00607019 0.00370571
 0.00880219 0.0142541 0.0213663 0.0300348 0.0399359 0.0503822 0.0602851 0.0684067 0.0737997 0.076106 0.0755172 0.0725279 0.0677197 0.06167 0.0549193 0.0479351 0.0410679 0.0345303 0.0284188 0.0227697 0.0176217 0.01305 0.00915702 0.00602966 0.00369252
 0.00899252 0.0146006 0.0219488 0.0309307 0.0411767 0.0519 0.0618825 0.0697902 0.0746811 0.076323 0.0751024 0.0716834 0.0667164 0.0607292 0.0541394 0.0472908 0.04047 0.0339036 0.0277507 0.0221081 0.0170365 0.012592 0.0088388 0.00583167 0.00358098
 0.00857428 0.0139585 0.0210592 0.0298129 0.0399063 0.0506151 0.0607729 0.0690536 0.0744513 0.0766062 0.0757717 0.0725442 0.0676019 0.0615606 0.0549167 0.0480371 0.0411804 0.0345363 0.0282547 0.0224591 0.0172493 0.0127072 0.00889928 0.00586675 0.00360448
 0.00860714 0.0139591 0.0209637 0.0295334 0.039359 0.0497644 0.0596696 0.0678437 0.0733428 0.0758069 0.075422 0.0726737 0.0681284 0.062333 0.0557796 0.0488798 0.0419473 0.0352053 0.0288131 0.0228958 0.0175627 0.0129114 0.00902107 0.00593505 0.00364193
 0.00858403 0.0139324 0.02094 0.0295161 0.0393352 0.0496919 0.0594769 0.0674537 0.072718 0.0749914 0.0745499 0.0719302 0.0676793 0.0622619 0.0560654 0.0494213 0.042615 0.035886 0.0294309 0.0234101 0.0179588 0.0131935 0.00920616 0.00604702 0.00370482
#pred catch len freq
 0.00308879 0.00504684 0.0076765 0.0110413 0.0151898 0.0201003 0.0256226 0.0314779 0.0373199 0.0428077 0.0476543 0.0516603 0.0547387 0.0569149 0.0582975 0.0590441 0.0593353 0.0593419 0.0591454 0.0586078 0.0572666 0.0543999 0.0493463 0.0419637 0.0329118
 0.00335347 0.00540369 0.00807988 0.0114086 0.0154308 0.0201604 0.025511 0.0312602 0.0370779 0.0425933 0.0474713 0.0514831 0.054552 0.0567452 0.0582158 0.0591352 0.0596497 0.0598515 0.0597289 0.0590808 0.0574509 0.0542017 0.0488001 0.0412135 0.0321411
