SBPRF35
7.78865
Curr Bio
656592
B35
698217
F35
0.226406
FOFL
0.220727
OFL
113170
Bzero
2.22533e+06
#pred survey bio
 4.8889e+06 4.52866e+06 4.21047e+06 3.87457e+06 3.52898e+06 3.13356e+06 2.80177e+06 2.47756e+06 2.18052e+06 1.94101e+06 1.70113e+06 1.51384e+06 1.32258e+06 1.17049e+06 1.04538e+06 936436 871119 805260 738410 710876 693582 658515 641548 624375 615801 605769 593259 588955 581640 583945 582796 580348 572168 566829 554659 539183 534179 520938 518061 524426 531264 536688 537804 538460 541767 547745 554027 552214 556755 555581 558928 574301 598579 625459 637605 637456 633358 657317 2.38726e+07 1.46039e+07 1.49114e+07 1.53044e+07 1.57258e+07 1.61197e+07 1.64579e+07 1.67331e+07 1.6949e+07 1.71145e+07 1.72395e+07 1.73333e+07 1.74034e+07 1.74557e+07 1.74948e+07 1.75242e+07 1.75463e+07 1.7563e+07 1.75757e+07 1.75854e+07 1.75928e+07 1.75984e+07 1.76027e+07 1.7606e+07 1.76086e+07 1.76105e+07 1.7612e+07 1.76132e+07 1.76141e+07 1.76148e+07 1.76153e+07 1.76158e+07 1.76161e+07 1.76163e+07 1.76165e+07 1.76167e+07 1.76168e+07 1.76169e+07 1.76169e+07 1.7617e+07 1.7617e+07 1.76171e+07 1.76171e+07 1.76171e+07 1.76171e+07 1.76171e+07 1.76171e+07 1.76172e+07 1.76172e+07 1.76172e+07 1.76172e+07 1.76172e+07 1.76172e+07 1.76172e+07 1.76172e+07 1.76172e+07 1.76172e+07 1.76172e+07 1.76172e+07 1.76172e+07 1.76172e+07 1.76172e+07 1.76172e+07 1.76172e+07 1.76172e+07 1.76172e+07 1.76172e+07 1.76172e+07 1.76172e+07 1.76172e+07 1.76172e+07 1.76172e+07 1.76172e+07 1.76172e+07 1.76172e+07 1.76172e+07 1.76172e+07 1.76172e+07 1.76172e+07 1.76172e+07 1.76172e+07 1.76172e+07 1.76172e+07 1.76172e+07 1.76172e+07 1.76172e+07 1.76172e+07 1.76172e+07 1.76172e+07 1.76172e+07 1.76172e+07 1.76172e+07 1.76172e+07 1.76172e+07 1.76172e+07 1.76172e+07 1.76172e+07 1.76172e+07 1.76172e+07 1.76172e+07 0 0 0 0 0 0 0 0 0 0 0 0 0 0 0 0 0 0 0 0 0 0 0 0 0
#obs survey bio
 4.73133e+06 6.72898e+06 3.34416e+06 4.15869e+06 2.63285e+06 3.20356e+06 2.45415e+06 1.63355e+06 1.70419e+06 1.38983e+06 1.38061e+06 1.2514e+06 1.27279e+06 1.0466e+06 514258 900232 797585 567830 1.17266e+06 993783 819248 655589 478926 477861 724335 574249 533668 885949 612406 664726 637055 512954 537319 781693 509885 623234 549439 484315 472780 483696 574092 567914 529792 555040 575080 448652 765461 589327 595433 495929 582337 656217 570687 706487 631761 459556 491699 802686
#pred catch bio
 106970 99248.6 150546 196233 281664 263226 293359 303095 280809 305055 275798 290209 261302 240578 227766 190089 188589 184426 145423 132727 144185 126103 124473 115626 115013 114383 104383 104044 94021.9 95504 94651.3 97048.8 91787.6 94380.7 94075.2 84816.5 95234.6 90235.3 84368.8 84610.5 86161.2 90055.7 90371.1 87863.3 85296 84640.5 90989.9 86254.6 93191.9 92104.1 85047.7 80478.7 80654.9 94684.3 106916 114060 96529.7 101065 113170 117452 118941 120977 123434 125778 127740 129259 130375 131166 131709 132075 132317 132475 132577 132643 132684 132711 132727 132738 132744 132748 132751 132752 132753 132754 132754 132755 132755 132755 132755 132755 132755 132755 132755 132755 132755 132755 132755 132755 132755 132755 132755 132755 132755 132755 132755 132755 132755 132755 132755 132755 132755 132755 132755 132755 132755 132755 132755 132755 132755 132755 132755 132755 132755 132755 132755 132755 132755 132755 132755 132755 132755 132755 132755 132755 132755 132755 132755 132755 132755 132755 132755 132755 132755 132755 132755 132755 132755 132755 132755 132755 132755 132755 132755 132755 132755 132755 132755 132755 0 0 0 0 0 0 0 0 0 0 0 0 0 0 0 0 0 0 0 0 0 0 0 0 0
#obs catch bio
 0 98834.1 150848 196354 283791 264311 295836 307410 285005 313001 283019 299388 268113 245782 234194 193852 192182 189151 146972 133499 144683 127035 125807 116672 116117 115595 105357 104117 94138.6 95810.1 94840.5 97436.9 91880.5 94170.6 94047.3 84670.8 95273.2 90472.8 84053.5 84074.4 85329 89613 90037.7 87627.8 84853.6 84237.4 89923.9 85179.5 92415.9 92027 85111.4 80597.1 80676.9 94659.8 106520 114382 96556.4 101071
#pred cpue bio
 4.80743e+06 4.45098e+06 4.13524e+06 3.80064e+06 3.4571e+06 3.06416e+06 2.73394e+06 2.41127e+06 2.11558e+06 1.87706e+06 1.63908e+06 1.45372e+06 1.2656e+06 1.11642e+06 993676 886823 823034 759461 695514 669953 654066 620377 603974 587504 579439 570202 558740 555361 548911 551415 550643 548776 541419 536898 525800 511212 505654 491021 487143 493516 500566 505893 506900 507561 510933 516948 523296 521609 525550 523591 526003 540398 563827 589982 601688 600742 595103 616652 2.24148e+07 1.37353e+07 1.4018e+07 1.43721e+07 1.47789e+07 1.51694e+07 1.55071e+07 1.57821e+07 1.59979e+07 1.61634e+07 1.62885e+07 1.63823e+07 1.64523e+07 1.65047e+07 1.65438e+07 1.65732e+07 1.65953e+07 1.6612e+07 1.66247e+07 1.66344e+07 1.66417e+07 1.66474e+07 1.66517e+07 1.6655e+07 1.66576e+07 1.66595e+07 1.6661e+07 1.66622e+07 1.66631e+07 1.66638e+07 1.66643e+07 1.66647e+07 1.66651e+07 1.66653e+07 1.66655e+07 1.66656e+07 1.66658e+07 1.66658e+07 1.66659e+07 1.6666e+07 1.6666e+07 1.6666e+07 1.66661e+07 1.66661e+07 1.66661e+07 1.66661e+07 1.66661e+07 1.66661e+07 1.66661e+07 1.66661e+07 1.66661e+07 1.66661e+07 1.66661e+07 1.66661e+07 1.66661e+07 1.66661e+07 1.66661e+07 1.66661e+07 1.66662e+07 1.66662e+07 1.66662e+07 1.66662e+07 1.66662e+07 1.66662e+07 1.66662e+07 1.66662e+07 1.66662e+07 1.66662e+07 1.66662e+07 1.66662e+07 1.66662e+07 1.66662e+07 1.66662e+07 1.66662e+07 1.66662e+07 1.66662e+07 1.66662e+07 1.66662e+07 1.66662e+07 1.66662e+07 1.66662e+07 1.66662e+07 1.66662e+07 1.66662e+07 1.66662e+07 1.66662e+07 1.66662e+07 1.66662e+07 1.66662e+07 1.66662e+07 1.66662e+07 1.66662e+07 1.66662e+07 1.66662e+07 1.66662e+07 1.66662e+07 1.66662e+07 1.66662e+07 1.66662e+07 1.66662e+07 0 0 0 0 0 0 0 0 0 0 0 0 0 0 0 0 0 0 0 0 0 0 0 0 0
#obs cpue bio
 4.15542e+06 4.27918e+06 2.72671e+06 3.35466e+06 3.06907e+06 2.38259e+06 2.44841e+06 1.97138e+06 1.7469e+06 1.3176e+06 1.17825e+06 1.33954e+06 1.18306e+06 1.1944e+06 1.09561e+06 823307 821033 635140 580082 538681 741439 365540 620053 667800 430707 512968 509285 714870 425251 436282 516600 551038 636920 545202 520777 417891 535654 411844 844657 729466 670062 372301 502343 479260 631249 638642 830551 550536 431646 346677 423773 422310 598461 629744 813839 558788 691438 588839
#pred surv len freq
 0.00442622 0.00718856 0.0108288 0.0153462 0.0206646 0.0265614 0.0326297 0.0383628 0.0433319 0.0473165 0.0503081 0.052428 0.0538462 0.0547327 0.0552295 0.0554397 0.055432 0.0552408 0.0548277 0.0539959 0.0523209 0.0492139 0.0441858 0.0372106 0.0289315
 0.00479068 0.00769472 0.0114352 0.0159716 0.0212256 0.0270227 0.0330321 0.0388008 0.0438877 0.0479928 0.0510059 0.0529877 0.0541253 0.0546737 0.0548827 0.0549337 0.0549101 0.0547942 0.0544543 0.053608 0.0517996 0.0484839 0.0432671 0.0362146 0.0280053
 0.00491804 0.00795031 0.0119031 0.0167434 0.0223582 0.028486 0.0346812 0.0404098 0.0452393 0.048969 0.0516148 0.0533084 0.0542232 0.054555 0.0545159 0.0543065 0.0540657 0.0538173 0.0534224 0.0525491 0.0506929 0.0473031 0.0420309 0.0350038 0.0269325
 0.00510142 0.00823015 0.0122957 0.0172662 0.0230431 0.0293887 0.0358686 0.0419181 0.0470187 0.0508573 0.0533695 0.0546924 0.0550882 0.0548689 0.0543279 0.0536928 0.0531005 0.0525736 0.0519773 0.0509761 0.049052 0.0456465 0.0404232 0.0335325 0.0256907
 0.0053345 0.00860267 0.0128435 0.0180161 0.024007 0.0305573 0.0372101 0.0433872 0.0485722 0.052458 0.0549677 0.056195 0.0563487 0.0557195 0.0546373 0.0534081 0.0522508 0.0512435 0.0502765 0.0490214 0.0469616 0.043541 0.0384268 0.0317652 0.0242484
 0.00566394 0.00912715 0.0136125 0.0190694 0.0253681 0.0322236 0.0391394 0.0454906 0.0507237 0.0545196 0.0568177 0.0577427 0.0575284 0.05647 0.0548874 0.0530852 0.0513092 0.0496926 0.0481909 0.0465325 0.0442408 0.0407833 0.0358307 0.0295059 0.0224447
 0.00599387 0.0096496 0.0143736 0.0201045 0.0266989 0.0338508 0.0410331 0.0475829 0.0529109 0.0566744 0.0588059 0.0594399 0.0588332 0.0573088 0.0552085 0.0528473 0.0504769 0.0482486 0.0461611 0.0440095 0.0413905 0.0378293 0.0330184 0.0270535 0.0204959
 0.00634362 0.0102123 0.0152097 0.0212662 0.0282207 0.0357352 0.0432341 0.0500002 0.0554026 0.059082 0.0609787 0.0612494 0.0601785 0.0581177 0.055435 0.0524656 0.0494743 0.0466253 0.0439444 0.0412783 0.0382986 0.0346053 0.0299322 0.0243555 0.0183545
 0.00669548 0.0107763 0.0160443 0.0224227 0.0297368 0.0376225 0.0454621 0.0524854 0.0580108 0.0616463 0.0633234 0.0632138 0.0616348 0.0589801 0.0556578 0.0520335 0.0483911 0.044909 0.0416347 0.0384579 0.0351173 0.0312873 0.0267495 0.0215676 0.0161399
 0.00692877 0.0111633 0.0166416 0.0232897 0.0309256 0.039162 0.0473396 0.0546375 0.0603294 0.0639943 0.0655521 0.0651763 0.0631968 0.0600308 0.056118 0.0518584 0.0475667 0.043448 0.039579 0.035892 0.0321868 0.0282056 0.023775 0.0189496 0.0140531
 0.00716556 0.0115537 0.0172403 0.0241536 0.0321059 0.0406891 0.0492051 0.0567818 0.0626426 0.0663308 0.0677509 0.0670819 0.0646771 0.0609874 0.0564881 0.0516104 0.0466948 0.0419693 0.0375385 0.0333756 0.0293368 0.025226 0.0209103 0.016434 0.0120506
 0.00728994 0.0117655 0.017578 0.0246626 0.0328331 0.0416728 0.050462 0.0582963 0.0643635 0.068173 0.0696022 0.0688131 0.0661559 0.0620941 0.057128 0.05172 0.0462417 0.0409516 0.0359873 0.0313644 0.0269933 0.0227336 0.0184881 0.0142923 0.0103377
 0.00752606 0.012141 0.0181284 0.025417 0.0338118 0.0428813 0.0518828 0.0598829 0.0660409 0.0698468 0.0711702 0.0701763 0.067227 0.0628022 0.0574206 0.0515624 0.0456164 0.0398596 0.034455 0.0294543 0.0248153 0.0204475 0.016285 0.012355 0.00879416
 0.00786175 0.0126532 0.0188371 0.02632 0.0348883 0.0440989 0.0532 0.0612482 0.067394 0.0711229 0.0723057 0.0711137 0.0679168 0.0632039 0.0575028 0.0513021 0.0449994 0.0388829 0.0331336 0.027833 0.0229802 0.0185279 0.0144384 0.010733 0.00750255
 0.00810351 0.0130532 0.0194501 0.027196 0.0360559 0.0455423 0.0548415 0.0629524 0.0689994 0.0724861 0.0733349 0.0717747 0.0682186 0.0631761 0.0571783 0.0507073 0.0441515 0.0377939 0.0318194 0.0263264 0.021344 0.0168597 0.012859 0.00935961 0.00641628
 0.00826203 0.0133187 0.0198653 0.0278082 0.0369101 0.0466672 0.0562305 0.0645473 0.0706856 0.0741053 0.0747143 0.0727667 0.0687357 0.0632062 0.0567724 0.0499498 0.0431286 0.0365756 0.0304574 0.0248659 0.0198391 0.0153831 0.0114982 0.00819794 0.00550891
 0.00824671 0.0133009 0.0198531 0.0278182 0.0369693 0.0468136 0.0565102 0.0650058 0.0713526 0.0749758 0.0757343 0.0738333 0.0697157 0.063969 0.0572233 0.0500497 0.0428919 0.036052 0.0297111 0.0239632 0.0188475 0.0143749 0.0105493 0.007377 0.00486186
 0.00813884 0.0131597 0.019704 0.0277062 0.0369474 0.0469243 0.0567714 0.0654089 0.0718728 0.0755851 0.0764064 0.0745385 0.0704103 0.0645905 0.0576982 0.0503103 0.042897 0.0357977 0.029229 0.02331 0.0180927 0.0135925 0.00980962 0.00673833 0.00436036
 0.00821466 0.013258 0.0198079 0.0277903 0.036992 0.0469337 0.0567832 0.065484 0.0720667 0.0759187 0.076855 0.0750446 0.0709089 0.0650274 0.0580332 0.0505118 0.0429388 0.0356633 0.0289209 0.0228543 0.0175376 0.0129989 0.00923995 0.00624394 0.00397231
 0.00830402 0.0133663 0.0199017 0.0278132 0.0368779 0.0466298 0.056275 0.0648118 0.0713272 0.075248 0.0763949 0.0749 0.0711139 0.0655362 0.0587406 0.051289 0.0436658 0.0362496 0.0293134 0.0230395 0.0175371 0.012861 0.00902573 0.00601201 0.0037664
 0.00840828 0.0135219 0.0201077 0.0280536 0.0371176 0.0468141 0.0563349 0.0646792 0.0709621 0.0746665 0.075682 0.0741938 0.0705648 0.0652574 0.0587725 0.0515921 0.0441417 0.0367775 0.0297856 0.0233847 0.0177288 0.0129125 0.00897624 0.0059101 0.00365442
 0.00854825 0.013756 0.0204705 0.0285773 0.0378193 0.0476777 0.0572946 0.0656175 0.0717294 0.0751189 0.0757234 0.0738087 0.0698278 0.0643157 0.0578019 0.0507439 0.0435022 0.0363564 0.0295344 0.0232308 0.0176082 0.0127881 0.00884044 0.00577407 0.00353469
 0.00857882 0.0137984 0.0205226 0.0286369 0.0378904 0.047777 0.0574516 0.0658632 0.0720748 0.075535 0.076137 0.0741214 0.0699528 0.0642141 0.0575006 0.0503248 0.0430683 0.0359918 0.0292781 0.0230752 0.0175179 0.0127248 0.00878009 0.0057106 0.00347357
 0.00858725 0.0138181 0.0205626 0.0287077 0.0379999 0.0479253 0.0576288 0.0660543 0.0722686 0.0757297 0.0763359 0.0743184 0.0701208 0.064308 0.0574776 0.0501698 0.0428063 0.0356789 0.0289763 0.0228273 0.0173368 0.0126002 0.00869289 0.00564555 0.00342316
 0.00847907 0.0136572 0.0203489 0.0284527 0.0377254 0.0476603 0.0574052 0.0659023 0.0722108 0.0757764 0.0764836 0.0745522 0.0704171 0.0646346 0.0577939 0.0504331 0.0429852 0.0357651 0.0289872 0.0227945 0.0172906 0.0125586 0.00866095 0.00562128 0.00340376
 0.00838108 0.0135045 0.0201323 0.0281698 0.0373834 0.0472786 0.0570175 0.0655538 0.0719498 0.0756419 0.0764946 0.0747047 0.0706875 0.0649867 0.0581857 0.0508217 0.043332 0.0360423 0.0291831 0.0229152 0.0173544 0.0125868 0.00867031 0.00562191 0.00340065
 0.00827729 0.013347 0.0199162 0.0278979 0.0370652 0.0469285 0.0566544 0.0652025 0.0716409 0.0754093 0.0763695 0.0747083 0.0708248 0.0652439 0.0585323 0.0512168 0.0437319 0.0364083 0.0294876 0.0231457 0.017513 0.0126861 0.00872707 0.00565147 0.00341442
 0.00831075 0.013366 0.0198803 0.0277503 0.0367506 0.04642 0.0559753 0.0644276 0.0708762 0.0747599 0.0759151 0.0744924 0.0708555 0.0655002 0.0589706 0.0517783 0.0443511 0.037022 0.0300442 0.0236109 0.0178725 0.0129433 0.00889743 0.0057559 0.00347354
 0.0083961 0.0134982 0.020064 0.0279782 0.036996 0.0466318 0.0560809 0.0643515 0.0705715 0.0742384 0.0752544 0.073813 0.0702796 0.0651148 0.058811 0.0518317 0.0445712 0.0373465 0.030409 0.0239619 0.0181726 0.0131748 0.00905965 0.00585944 0.00353376
 0.00828112 0.0133342 0.0198599 0.027757 0.0367885 0.0464649 0.0559664 0.0642791 0.0705104 0.0741471 0.075099 0.0735877 0.0700177 0.064881 0.058677 0.0518473 0.0447472 0.0376542 0.0307947 0.0243651 0.0185421 0.0134779 0.00928429 0.00601045 0.00362591
 0.00818429 0.0131807 0.0196377 0.0274611 0.0364264 0.046062 0.0555679 0.0639424 0.0702866 0.0740598 0.0751327 0.0736951 0.0701434 0.0649885 0.0587639 0.0519413 0.0448861 0.037863 0.0310715 0.0246825 0.0188602 0.0137599 0.00950736 0.00616869 0.00372686
 0.00807655 0.013015 0.0194057 0.0271612 0.0360631 0.0456459 0.0551182 0.0634906 0.0698767 0.0737429 0.0749539 0.0736777 0.0702781 0.0652363 0.0590728 0.0522679 0.0452095 0.0381828 0.0313941 0.0250072 0.0191733 0.01404 0.0097357 0.00633677 0.00383811
 0.0079801 0.0128682 0.0192035 0.0269058 0.0357633 0.0453156 0.054775 0.0631548 0.0695702 0.073487 0.074769 0.0735822 0.0702861 0.0653514 0.059283 0.0525469 0.0455249 0.0385074 0.0317113 0.0253084 0.0194513 0.0142852 0.00993773 0.00648934 0.00394239
 0.00786672 0.0126878 0.0189399 0.0265483 0.0353107 0.0447813 0.0541916 0.0625728 0.0690489 0.0730806 0.0745146 0.0734957 0.0703648 0.065579 0.0596342 0.0529894 0.0460215 0.0390199 0.032206 0.0257601 0.0198438 0.0146099 0.0101914 0.00667432 0.00406665
 0.0079445 0.0127873 0.0190395 0.0266106 0.0352914 0.0446449 0.0539252 0.0621916 0.0685924 0.0726025 0.0740719 0.0731385 0.0701285 0.0654808 0.059673 0.0531493 0.0462765 0.0393379 0.0325531 0.0261047 0.0201603 0.0148805 0.0104069 0.00683346 0.00417478
 0.00866563 0.0138199 0.0203332 0.0280261 0.0366349 0.0457267 0.0546095 0.0624174 0.0683675 0.0719888 0.073169 0.0720673 0.0690115 0.0644233 0.0587508 0.0524048 0.0457216 0.0389612 0.032328 0.0259965 0.0201329 0.0149012 0.0104494 0.00687944 0.00421371
 0.00916704 0.0146311 0.0215385 0.0296784 0.0387182 0.0481123 0.0570336 0.0645171 0.0697834 0.0724881 0.0727206 0.0708289 0.0672501 0.062423 0.0567488 0.0505662 0.0441412 0.0376769 0.0313369 0.0252702 0.0196288 0.0145716 0.0102481 0.00676571 0.00415504
 0.00895389 0.0144134 0.0214499 0.0299252 0.0395277 0.0496441 0.0592944 0.0673194 0.0727676 0.0752004 0.0747229 0.0718117 0.0671124 0.0612856 0.0548954 0.0483432 0.0418642 0.0355761 0.0295453 0.0238386 0.0185507 0.0138058 0.00973656 0.00644614 0.00396958
 0.00866088 0.0139454 0.0207711 0.0290341 0.038489 0.0486206 0.0585505 0.0671665 0.0734483 0.0767618 0.0769544 0.0742923 0.0693505 0.0628801 0.0556477 0.0482806 0.0411839 0.0345487 0.0284246 0.0228074 0.0177073 0.0131785 0.00930761 0.00617565 0.00381247
 0.00858899 0.0137973 0.02049 0.0285482 0.0377302 0.0475589 0.0572337 0.0657464 0.0721763 0.0759403 0.0768466 0.0750181 0.0708142 0.0647812 0.0575802 0.0498774 0.0422314 0.0350231 0.0284478 0.0225637 0.0173672 0.012857 0.00905907 0.00600923 0.0037137
 0.00864006 0.0138651 0.0205613 0.0285934 0.0377023 0.0473955 0.0568681 0.0651299 0.0713112 0.0749118 0.0758321 0.0742539 0.0705196 0.0650682 0.0583949 0.0510109 0.0434015 0.035984 0.0290701 0.0228489 0.0174058 0.0127652 0.00893089 0.00589801 0.00363729
 0.00861469 0.0138397 0.0205511 0.0286197 0.0377818 0.0475266 0.0570183 0.0652355 0.0712922 0.0747 0.0754047 0.0736592 0.0698811 0.0645538 0.0581566 0.0511185 0.0438082 0.0365478 0.0296211 0.0232611 0.0176347 0.0128383 0.00891001 0.00584214 0.00358328
 0.00857219 0.0137791 0.0204766 0.0285433 0.0377231 0.0475099 0.0570666 0.0653598 0.0714795 0.0749055 0.0755577 0.0736876 0.0697456 0.0642759 0.0578199 0.0508369 0.0436748 0.0365916 0.029798 0.0234848 0.017824 0.0129512 0.00894819 0.00583253 0.00355556
 0.00851091 0.0136862 0.0203499 0.0283862 0.0375457 0.0473287 0.0569047 0.0652453 0.0714392 0.0749556 0.0756928 0.0738751 0.0699324 0.0644077 0.0578663 0.0508091 0.0436201 0.0365669 0.0298378 0.0235845 0.0179486 0.013061 0.00901973 0.00586465 0.00356102
 0.00847857 0.0136271 0.0202494 0.0282281 0.0373175 0.0470301 0.0565546 0.0648824 0.0711148 0.0747207 0.0755851 0.0739092 0.0700955 0.0646611 0.0581569 0.051087 0.0438566 0.0367605 0.0300046 0.0237409 0.0180977 0.0131927 0.00912143 0.00593104 0.00359663
 0.00838954 0.0134938 0.0200695 0.0280051 0.0370577 0.0467386 0.0562345 0.0645393 0.0707648 0.0743948 0.0753275 0.0737659 0.0700988 0.0648173 0.0584422 0.0514549 0.0442527 0.0371396 0.0303403 0.0240245 0.0183305 0.0133774 0.00925982 0.00602604 0.00365488
 0.00844861 0.0135607 0.0201168 0.0279914 0.0369405 0.0464938 0.0558711 0.064099 0.0703059 0.0739722 0.0749806 0.0735196 0.0699698 0.0648167 0.0585718 0.0517003 0.0445819 0.0375093 0.0307073 0.0243563 0.0186086 0.013596 0.00942098 0.00613652 0.00372431
 0.00871296 0.0139546 0.020641 0.0286173 0.0376117 0.0471326 0.0563887 0.0644111 0.0703541 0.0737449 0.0745193 0.0729051 0.069296 0.0641676 0.0580088 0.05126 0.0442774 0.0373321 0.0306329 0.0243521 0.018643 0.0136444 0.00946787 0.00617416 0.00375055
 0.00888185 0.0142238 0.0210346 0.0291499 0.0382799 0.0479048 0.057197 0.0651544 0.0709183 0.0740335 0.0744822 0.0725526 0.0686932 0.0634142 0.0572126 0.0505135 0.0436433 0.0368405 0.0302851 0.0241289 0.018515 0.0135806 0.00944189 0.00616726 0.00375128
 0.00897915 0.0143928 0.0213087 0.0295664 0.0388706 0.0486808 0.0581328 0.0661797 0.0719235 0.0748886 0.075063 0.0727681 0.0685091 0.0628627 0.0563844 0.0495334 0.0426395 0.0359172 0.0295082 0.0235247 0.018078 0.0132854 0.00925549 0.00605717 0.00369057
 0.00894136 0.0143477 0.0212722 0.029567 0.0389462 0.0488718 0.0584716 0.0666806 0.0725719 0.0756338 0.0758187 0.0734254 0.0689605 0.0630305 0.056243 0.0491166 0.042029 0.0352185 0.0288222 0.0229256 0.0176044 0.0129433 0.00902823 0.00591803 0.00361199
 0.00880686 0.014138 0.0209748 0.0291802 0.0384846 0.0483713 0.0579936 0.0663067 0.0723876 0.0757036 0.0761625 0.074007 0.069692 0.0637918 0.0569119 0.0496002 0.0422864 0.0352649 0.0287149 0.0227385 0.0174034 0.0127714 0.008903 0.00583819 0.00356684
 0.0086746 0.0139229 0.0206518 0.0287274 0.0378903 0.0476443 0.0571735 0.0654684 0.0716339 0.0751462 0.0758983 0.0740937 0.0701306 0.064521 0.0578187 0.0505471 0.043146 0.0359505 0.0291948 0.0230309 0.0175559 0.0128378 0.00892658 0.00584528 0.00356961
 0.00862996 0.0138391 0.0205045 0.0284864 0.037525 0.0471349 0.0565226 0.0647085 0.0708276 0.0743802 0.0752711 0.0737 0.0700412 0.064763 0.0583638 0.0513132 0.0440158 0.0368014 0.0299298 0.0235981 0.0179501 0.0130868 0.0090714 0.0059244 0.00361112
 0.00889739 0.0142272 0.0210005 0.0290453 0.0380773 0.0476021 0.056832 0.0648032 0.0706746 0.0739789 0.0746608 0.072959 0.0692753 0.0640844 0.0578649 0.0510437 0.043971 0.0369286 0.0301492 0.0238315 0.0181438 0.013219 0.00914658 0.00595958 0.00362413
 0.00930083 0.0148511 0.0218773 0.030176 0.0394238 0.0490793 0.0583043 0.0660959 0.0716076 0.074413 0.0745354 0.0723038 0.0681971 0.0627402 0.0564298 0.049679 0.042797 0.0360068 0.0294823 0.0233792 0.0178473 0.013024 0.00901497 0.00586959 0.00356427
 0.00944352 0.0151165 0.022337 0.0309134 0.0405087 0.0505301 0.0600531 0.0679801 0.0733971 0.0758636 0.0754438 0.0725498 0.0677644 0.0617137 0.0549735 0.047998 0.0410945 0.034448 0.0281713 0.0223549 0.0170962 0.0125018 0.00866798 0.00564871 0.00343029
 0.00892473 0.0143722 0.0214042 0.0298991 0.0395726 0.0498488 0.0597813 0.0682188 0.0741673 0.0770873 0.076947 0.0740958 0.0691123 0.0626799 0.0554714 0.0480461 0.0407937 0.0339412 0.0276003 0.0218272 0.0166709 0.0121941 0.00846393 0.00552273 0.00335704
#obs surv len freq
 nan nan nan nan nan nan nan nan nan nan nan nan nan nan nan nan nan nan nan nan nan nan nan nan nan
 0.0044912 0.00735538 0.0111878 0.0160053 0.0217057 0.0279793 0.0342906 0.0400189 0.0446957 0.0481573 0.0505133 0.0520076 0.0528986 0.0534099 0.0537234 0.0539777 0.0542558 0.0545482 0.0546868 0.0542786 0.0527168 0.0493494 0.0437999 0.036281 0.0276659
 0.00460957 0.00755324 0.0114951 0.0164522 0.0223143 0.0287523 0.0351995 0.041002 0.0456679 0.0490281 0.0512049 0.0524658 0.053097 0.0533494 0.0534268 0.0534822 0.0536046 0.0537836 0.0538475 0.0534013 0.05184 0.0485159 0.0430542 0.0356607 0.0271918
 0.00477403 0.00781988 0.0118954 0.0170158 0.0230645 0.0296977 0.0363243 0.0422589 0.0469798 0.0502975 0.0523276 0.0533454 0.0536582 0.0535478 0.0532532 0.0529596 0.0527798 0.0527173 0.0526067 0.0520566 0.0504665 0.0471938 0.0418631 0.0346663 0.0264303
 0.00496071 0.00812589 0.0123606 0.0176784 0.0239536 0.0308214 0.0376577 0.0437411 0.048523 0.0518029 0.0536982 0.0544912 0.0544978 0.0540122 0.0532937 0.0525567 0.051948 0.051504 0.0510873 0.0503285 0.0486451 0.0454057 0.0402331 0.0332961 0.0253772
 0.00518022 0.00848406 0.0129021 0.018446 0.0249802 0.0321171 0.0391969 0.0454566 0.0503146 0.0535558 0.0553007 0.0558455 0.0555226 0.0546411 0.0534736 0.0522503 0.0511406 0.0502131 0.0493703 0.048287 0.0464219 0.0431724 0.0381657 0.0315413 0.0240203
 0.00541535 0.00886836 0.0134844 0.0192731 0.0260881 0.0335176 0.0408623 0.0473153 0.0522602 0.0554671 0.0570604 0.0573505 0.0566872 0.0553956 0.0537627 0.0520314 0.050386 0.0489191 0.0475714 0.0460717 0.0439389 0.040621 0.0357635 0.0294775 0.0224115
 0.00563955 0.00923988 0.0140566 0.0201002 0.0272148 0.0349616 0.0425978 0.0492666 0.0543133 0.0574918 0.0589317 0.0589602 0.0579471 0.0562362 0.054129 0.0518798 0.049684 0.0476518 0.0457574 0.0437836 0.0413193 0.0378789 0.033142 0.0271984 0.0206187
 0.00588395 0.00963713 0.0146547 0.0209452 0.0283429 0.0363879 0.0443017 0.051185 0.0563462 0.0595183 0.0608277 0.0606116 0.0592576 0.0571295 0.0545476 0.0517801 0.0490334 0.0464317 0.0439773 0.0415034 0.038671 0.0350693 0.0304232 0.0248098 0.0187238
 0.00612442 0.0100312 0.0152534 0.0217974 0.0294859 0.0378319 0.0460151 0.0530905 0.0583341 0.061469 0.0626301 0.0621715 0.0604963 0.0579809 0.0549562 0.0516995 0.0484268 0.0452754 0.0422734 0.0393013 0.0360903 0.032306 0.0277253 0.02242 0.0168141
 0.00636288 0.0104241 0.0158543 0.0226592 0.0306502 0.0393115 0.0477773 0.0550513 0.0603704 0.0634439 0.0644174 0.0636701 0.0616338 0.0587095 0.0552435 0.0515204 0.047758 0.0440989 0.0405894 0.037151 0.03358 0.029617 0.0250925 0.0200787 0.0149349
 0.00660872 0.0108263 0.0164644 0.0235269 0.0318135 0.040782 0.0495238 0.0569932 0.0623883 0.0654009 0.0661821 0.0651322 0.062712 0.0593527 0.0554267 0.0512353 0.047003 0.0428753 0.0389089 0.0350556 0.0311663 0.0270486 0.022584 0.0178476 0.0131416
 0.00683129 0.0111931 0.0170255 0.0243317 0.0329008 0.0421638 0.0511694 0.0588243 0.0642901 0.0672444 0.0678449 0.0665113 0.0637285 0.0599528 0.0555805 0.0509327 0.0462479 0.0416807 0.0372993 0.0330803 0.0289181 0.0246756 0.0202769 0.0158 0.0114963
 0.00705004 0.0115499 0.0175648 0.0250956 0.033921 0.0434489 0.0526915 0.0605132 0.0660418 0.0689401 0.0693703 0.067769 0.0646446 0.060478 0.055688 0.0506141 0.0455086 0.0405375 0.0357828 0.0312444 0.0268535 0.0225173 0.0181936 0.0139598 0.0100218
 0.00727862 0.0119234 0.0181301 0.0258961 0.0349868 0.0447817 0.0542498 0.0622098 0.0677577 0.0705493 0.070762 0.0688595 0.0653786 0.0608251 0.0556378 0.0501712 0.0446883 0.0393637 0.0342911 0.0294902 0.0249231 0.020533 0.0163027 0.0123053 0.00870507
 0.00745639 0.0122169 0.01858 0.0265431 0.0358628 0.0458969 0.0555786 0.0636857 0.0692814 0.0720075 0.0720467 0.0698821 0.0660765 0.0611632 0.0556055 0.0497762 0.0439502 0.0383108 0.0329618 0.0279395 0.0232311 0.0188078 0.0146709 0.0108865 0.00758172
 0.0075146 0.0123185 0.0187466 0.026801 0.0362407 0.0464187 0.0562565 0.0645131 0.0702308 0.0730305 0.0730776 0.0708437 0.0668894 0.0617567 0.055926 0.049792 0.0436518 0.0377085 0.0320845 0.0268364 0.0219748 0.0174945 0.0134102 0.00978105 0.00670206
 0.00757378 0.0124057 0.018862 0.0269414 0.0364035 0.0466081 0.0564868 0.0648067 0.0706109 0.0735109 0.0736536 0.0714878 0.0675518 0.0623715 0.0564212 0.0501017 0.0437265 0.0375222 0.0316383 0.0261604 0.0211276 0.0165592 0.0124829 0.00895165 0.00603399
 0.00765671 0.0125327 0.0190378 0.0271639 0.0366629 0.0468876 0.0567644 0.0650612 0.0708299 0.0736992 0.0738329 0.071687 0.0677912 0.0626488 0.0567068 0.0503442 0.0438655 0.0375043 0.031431 0.0257614 0.0205685 0.0159012 0.0118046 0.00833025 0.00552587
 0.0077092 0.012613 0.0191491 0.0273055 0.03683 0.0470716 0.0569531 0.0652394 0.0709829 0.0738173 0.0739169 0.0717501 0.0678558 0.062737 0.056829 0.0504891 0.0439992 0.0375786 0.0313988 0.0255937 0.0202663 0.0154976 0.0113559 0.00789896 0.00516196
 0.00779419 0.0127455 0.0193378 0.0275532 0.0371322 0.0474144 0.0573117 0.06558 0.0712689 0.0740183 0.0740172 0.0717515 0.0677763 0.0626061 0.0566794 0.0503468 0.0438738 0.0374594 0.0312593 0.025405 0.0200125 0.0151858 0.0110158 0.00757146 0.00488359
 0.00780987 0.0127731 0.0193831 0.0276231 0.0372328 0.0475487 0.0574772 0.0657674 0.0714629 0.0742006 0.0741694 0.0718587 0.0678306 0.0626082 0.0566391 0.0502797 0.0437949 0.0373755 0.031166 0.0252888 0.0198605 0.0149958 0.0108013 0.0073572 0.0046955
 0.00784637 0.0128245 0.0194459 0.0276899 0.0372953 0.0476025 0.0575244 0.065816 0.0715225 0.0742766 0.0742594 0.0719529 0.0679147 0.0626686 0.0566669 0.0502735 0.0437597 0.0373187 0.0310926 0.0251987 0.0197503 0.014865 0.0106563 0.00721215 0.00456659
 0.00788175 0.0128793 0.0195231 0.0277889 0.0374115 0.0477255 0.0576395 0.0659071 0.0715781 0.0742952 0.0742509 0.0719328 0.0678962 0.0626565 0.0566576 0.0502586 0.0437317 0.0372742 0.0310314 0.0251223 0.0196605 0.014764 0.0105496 0.00710828 0.00447534
 0.00787142 0.0128606 0.0194916 0.0277404 0.0373432 0.0476394 0.0575433 0.0658134 0.0715006 0.0742445 0.0742325 0.0719481 0.0679445 0.0627353 0.056761 0.0503762 0.0438496 0.0373783 0.0311109 0.0251713 0.0196779 0.0147534 0.0105178 0.00706483 0.00443018
 0.00789308 0.0128888 0.0195208 0.0277608 0.0373432 0.0476094 0.0574797 0.0657203 0.0713895 0.0741316 0.0741347 0.0718798 0.0679143 0.0627456 0.0568081 0.0504523 0.0439434 0.0374767 0.0312007 0.0252419 0.0197231 0.0147725 0.0105151 0.00704765 0.00440692
 0.00788691 0.0128793 0.0195074 0.0277423 0.0373175 0.0475725 0.0574262 0.0656456 0.0712927 0.0740189 0.0740197 0.0717805 0.0678483 0.0627247 0.0568359 0.0505238 0.0440472 0.0375979 0.0313234 0.0253519 0.0198103 0.0148322 0.0105484 0.00706022 0.00440633
 0.00790363 0.0129019 0.019533 0.0277654 0.0373317 0.0475727 0.0574102 0.0656138 0.0712465 0.0739591 0.0739476 0.0716998 0.0677667 0.0626543 0.0567894 0.0505105 0.0440696 0.0376507 0.0313956 0.0254298 0.0198814 0.0148879 0.0105853 0.00707995 0.00441355
 0.00788366 0.0128714 0.0194905 0.0277109 0.0372655 0.0474958 0.0573244 0.0655223 0.071155 0.0738755 0.07388 0.0716543 0.0677465 0.062659 0.0568179 0.0505618 0.0441428 0.037743 0.0315007 0.0255383 0.0199824 0.0149722 0.0106481 0.00712114 0.00443699
 0.00787239 0.0128503 0.019454 0.0276526 0.0371807 0.0473842 0.0571926 0.0653833 0.0710246 0.0737675 0.0738034 0.0716129 0.0677399 0.0626848 0.056872 0.0506395 0.044239 0.0378525 0.0316177 0.0256556 0.0200918 0.015066 0.0107212 0.0071724 0.00446902
 0.00784605 0.0128051 0.0193816 0.0275439 0.0370286 0.0471873 0.0569584 0.0651301 0.0707785 0.0735572 0.0736533 0.0715387 0.0677459 0.0627643 0.0570106 0.0508194 0.0444426 0.0380645 0.0318256 0.025849 0.0202624 0.0152075 0.0108304 0.00724987 0.00451905
 0.00785068 0.0128074 0.0193751 0.027519 0.036974 0.0470937 0.056822 0.0649544 0.0705751 0.0733444 0.0734543 0.0713773 0.0676424 0.062731 0.0570494 0.0509218 0.044593 0.0382441 0.0320159 0.0260342 0.0204299 0.0153488 0.010941 0.00732966 0.00457163
 0.00779534 0.0127246 0.0192639 0.0273826 0.0368183 0.0469244 0.0566437 0.064771 0.070392 0.0731702 0.0733013 0.0712604 0.0675762 0.0627272 0.0571133 0.051051 0.0447767 0.0384651 0.0322535 0.0262679 0.0206424 0.0155282 0.0110813 0.00743086 0.00463853
 0.00778546 0.0127011 0.0192153 0.027295 0.0366803 0.0467346 0.0564148 0.0645288 0.0701663 0.0729843 0.0731662 0.0711765 0.0675398 0.062736 0.0571682 0.0511534 0.044925 0.0386517 0.0324647 0.0264857 0.0208487 0.0157077 0.0112249 0.00753628 0.00470916
 0.00775638 0.0126563 0.019152 0.027211 0.0365731 0.0466003 0.0562498 0.0643332 0.0699485 0.0727633 0.0729685 0.0710284 0.0674587 0.0627269 0.0572256 0.0512669 0.0450835 0.0388442 0.0326788 0.0267067 0.0210602 0.0158949 0.0113772 0.00764963 0.00478604
 0.00933915 0.0148703 0.0218208 0.0299496 0.0389006 0.0481189 0.0567858 0.0639617 0.0689081 0.0713338 0.0713838 0.0694477 0.0659781 0.0613998 0.0560785 0.0503073 0.0443062 0.0382358 0.0322213 0.0263794 0.0208401 0.0157575 0.0112987 0.00760935 0.00476785
 0.00932739 0.0151435 0.022747 0.0319843 0.042388 0.0530233 0.0625224 0.0694919 0.0731093 0.0734423 0.0712463 0.0674614 0.0628164 0.057725 0.0523788 0.0468715 0.0412725 0.0356524 0.0300899 0.0246778 0.0195321 0.0147963 0.010629 0.00717083 0.00450034
 0.0089637 0.0145744 0.0219533 0.0310199 0.0414315 0.0524131 0.0627145 0.0708989 0.0758541 0.077177 0.0751953 0.0707162 0.0647138 0.0580759 0.0514381 0.0451248 0.0392061 0.0336213 0.028294 0.023199 0.0183814 0.0139474 0.0100375 0.00678394 0.00426479
 0.00879923 0.0142907 0.0214973 0.0303361 0.0404837 0.0512214 0.0614009 0.0697135 0.0751509 0.0773139 0.0763758 0.0728444 0.0673651 0.0606367 0.0533524 0.0461049 0.0392882 0.0330658 0.027425 0.0222814 0.0175747 0.0133171 0.00958776 0.00648806 0.00408505
 0.00872946 0.0141735 0.0213127 0.0300593 0.0400861 0.0506755 0.0606922 0.0688601 0.0742286 0.0764741 0.0758369 0.0728345 0.0680221 0.0619114 0.0549853 0.0477127 0.0405215 0.0337436 0.0275702 0.0220566 0.0171786 0.0129063 0.00924871 0.00624708 0.00393286
 0.00871587 0.0141469 0.0212636 0.0299751 0.0399518 0.050476 0.0604144 0.068495 0.0737754 0.0759496 0.0752909 0.0723622 0.0677565 0.0619818 0.0554512 0.0485106 0.0414686 0.0346096 0.0281762 0.0223405 0.0171923 0.0127613 0.00905385 0.00607302 0.00380769
 0.00868755 0.0141044 0.0212061 0.0299031 0.0398657 0.0503743 0.0602921 0.0683442 0.0735869 0.0757169 0.0750152 0.0720609 0.0674714 0.061781 0.0554137 0.0486922 0.0418639 0.0351377 0.0287086 0.0227577 0.0174336 0.012837 0.00902051 0.005995 0.00373039
 0.00869679 0.0141136 0.0212095 0.0298921 0.0398321 0.0503137 0.0602067 0.0682415 0.0734749 0.0755989 0.074888 0.0719187 0.0673139 0.061623 0.0552891 0.0486466 0.0419353 0.035332 0.028988 0.0230528 0.0176751 0.0129862 0.00907905 0.0059919 0.00370034
 0.00867565 0.0140868 0.0211827 0.029874 0.0398306 0.0503305 0.0602342 0.0682647 0.0734778 0.0755715 0.0748294 0.0718341 0.0672111 0.0615101 0.0551782 0.0485571 0.0418922 0.035356 0.0290823 0.0231959 0.0178286 0.0131124 0.00915763 0.00602437 0.0037022
 0.0086721 0.0140784 0.0211656 0.0298446 0.0397874 0.0502777 0.0601821 0.0682266 0.0734636 0.0755813 0.0748523 0.0718541 0.0672141 0.06149 0.0551381 0.0485081 0.0418507 0.0353396 0.0291031 0.0232542 0.0179106 0.0131964 0.00922442 0.00606529 0.00371977
 0.00865241 0.0140487 0.0211251 0.0297936 0.0397271 0.0502093 0.0601077 0.0681503 0.0733929 0.0755266 0.0748238 0.0718564 0.0672434 0.0615354 0.0551861 0.0485494 0.0418838 0.0353706 0.0291409 0.0233049 0.0179731 0.0132623 0.00928277 0.00610807 0.00374528
 0.0086545 0.0140494 0.0211211 0.0297805 0.0397008 0.0501681 0.0600534 0.0680884 0.0733305 0.0754702 0.0747788 0.0718269 0.0672324 0.0615434 0.0552102 0.0485836 0.0419215 0.0354078 0.0291779 0.0233441 0.018016 0.0133069 0.00932425 0.00614139 0.00376796
 0.00863666 0.0140254 0.0210942 0.029756 0.0396843 0.0501618 0.0600547 0.0680902 0.0733252 0.0754537 0.0747522 0.0717956 0.0672038 0.0615238 0.0552034 0.0485901 0.0419391 0.0354328 0.029207 0.0233755 0.0180485 0.0133393 0.00935423 0.00616634 0.00378614
 0.00865134 0.0140443 0.0211136 0.0297702 0.0396879 0.0501532 0.0600376 0.0680723 0.0733137 0.0754506 0.0747534 0.0717941 0.0671941 0.0615053 0.05518 0.0485679 0.0419231 0.0354256 0.0292085 0.0233842 0.0180622 0.0133559 0.00937128 0.00618165 0.00379814
 0.00864652 0.0140395 0.0211117 0.0297751 0.0397021 0.0501757 0.0600627 0.0680916 0.07332 0.0754425 0.074735 0.0717725 0.0671745 0.0614891 0.055166 0.0485549 0.0419115 0.0354173 0.0292053 0.0233867 0.0180698 0.0133667 0.0093833 0.0061929 0.00380725
 0.00864652 0.0140395 0.0211117 0.0297751 0.0397021 0.0501757 0.0600627 0.0680916 0.07332 0.0754425 0.074735 0.0717725 0.0671745 0.0614891 0.055166 0.0485549 0.0419115 0.0354173 0.0292053 0.0233867 0.0180698 0.0133667 0.0093833 0.0061929 0.00380725
 0.00853422 0.0138637 0.0208608 0.0294452 0.0393008 0.0497255 0.0596029 0.0676743 0.0729984 0.075256 0.0746998 0.0718805 0.0674002 0.0617984 0.0555228 0.0489261 0.0422701 0.0357442 0.0294896 0.0236238 0.0182598 0.0135126 0.00948975 0.0062661 0.00385419
 0.00845128 0.0137215 0.0206338 0.0291074 0.0388341 0.0491327 0.0589182 0.0669643 0.0723495 0.0747528 0.0744047 0.0718219 0.067571 0.0621621 0.0560245 0.0495045 0.0428682 0.0363156 0.0300019 0.0240582 0.0186093 0.0137792 0.00968176 0.00639587 0.00393584
 0.00844029 0.0136979 0.020587 0.0290218 0.0386906 0.0489119 0.0586065 0.0665613 0.0718744 0.0742478 0.0739312 0.0714479 0.0673541 0.0621341 0.0561842 0.0498204 0.0432894 0.0367849 0.0304673 0.0244806 0.0189646 0.0140578 0.00988567 0.00653473 0.00402343
 0.00849707 0.0137906 0.0207262 0.0292147 0.0389354 0.0491914 0.0588836 0.0667815 0.0719787 0.0741919 0.073702 0.071072 0.0668921 0.0616651 0.0557844 0.0495434 0.0431553 0.0367814 0.0305596 0.0246258 0.0191238 0.0142033 0.0100026 0.00661926 0.00407879
 0.00863294 0.0140116 0.021058 0.0296785 0.0395404 0.0499238 0.0596964 0.0675933 0.0726863 0.074692 0.073916 0.0709631 0.0664747 0.0610024 0.0549749 0.0486989 0.0423751 0.0361329 0.0300709 0.0242902 0.0189132 0.0140822 0.00993874 0.00658834 0.00406514
 0.00880333 0.0142974 0.0215033 0.0303263 0.0404194 0.0510286 0.06097 0.0689247 0.0739295 0.0756976 0.0745622 0.0711752 0.0662333 0.0603439 0.0539853 0.0474999 0.041103 0.034914 0.0290004 0.023421 0.0182567 0.0136189 0.00963244 0.00639852 0.00395512
 0.00861952 0.0140254 0.021146 0.0299102 0.0399953 0.0506676 0.0607555 0.0689366 0.0742193 0.0762643 0.0753397 0.0720439 0.0670507 0.0609821 0.0543617 0.0475917 0.0409462 0.0345861 0.0285946 0.0230208 0.0179183 0.0133663 0.00946334 0.00629616 0.00389876
#pred catch len freq
 0.00330379 0.00529325 0.00785591 0.0109961 0.0147418 0.0191152 0.0240695 0.0294537 0.0350311 0.0405241 0.0456559 0.0501902 0.0539671 0.0569204 0.0590665 0.0604814 0.0612789 0.0615746 0.0614108 0.0606402 0.0588397 0.0553825 0.0497395 0.0418935 0.0325744
 0.00359392 0.00570009 0.0083519 0.0115248 0.0152459 0.0195745 0.0245202 0.0299675 0.0356617 0.0412536 0.0463799 0.0507555 0.0542422 0.0568574 0.0587229 0.0599922 0.0607925 0.0611829 0.0611047 0.0603168 0.058362 0.0546625 0.048796 0.040848 0.0315903
 0.00372246 0.00593622 0.00875302 0.0121494 0.0161266 0.0206852 0.0257609 0.03119 0.0367316 0.042107 0.047031 0.0512464 0.0545803 0.056994 0.0585905 0.059565 0.0601179 0.0603574 0.0602155 0.0593928 0.0573746 0.0535739 0.0476176 0.039662 0.0305186
 0.00390552 0.00621608 0.00914636 0.0126735 0.016812 0.0215842 0.0269354 0.032672 0.0384725 0.0439531 0.0487553 0.0526282 0.0554804 0.0573769 0.0584902 0.0590371 0.0592195 0.059154 0.0587852 0.0578142 0.055711 0.0518787 0.0459568 0.0381282 0.0292135
 0.00415291 0.00660374 0.00970267 0.0134154 0.0177444 0.0227005 0.0282209 0.0341104 0.0400501 0.0456509 0.0505202 0.0543429 0.0569624 0.058423 0.0589432 0.0588321 0.058385 0.0577811 0.0569938 0.0557328 0.0534699 0.0496105 0.0437976 0.0362103 0.0276434
 0.00444879 0.00706867 0.0103738 0.0143204 0.0189011 0.024115 0.029879 0.0359679 0.0420309 0.0476554 0.0524429 0.0560841 0.0584264 0.0595054 0.059526 0.0588013 0.0576666 0.0563727 0.054973 0.0532437 0.050701 0.046774 0.0411083 0.0338572 0.0257565
 0.00478203 0.00758871 0.0111177 0.0153125 0.0201555 0.0256362 0.0316572 0.0379688 0.0441873 0.049866 0.0545796 0.0580078 0.0600063 0.0606325 0.0601139 0.0587784 0.056974 0.0549788 0.0529012 0.050596 0.0476636 0.0435977 0.0380673 0.0311955 0.0236357
 0.00513837 0.0081512 0.0119341 0.0164196 0.0215771 0.0273788 0.0337005 0.0402568 0.0466261 0.0523312 0.0569278 0.0600904 0.0616834 0.0617862 0.0606556 0.0586487 0.056137 0.0534218 0.0506482 0.0477339 0.0443656 0.0401216 0.0347174 0.0282543 0.0212944
 0.00548265 0.00869438 0.0127229 0.017492 0.0229627 0.0290967 0.0357485 0.0425971 0.0491743 0.0549557 0.0594618 0.0623534 0.0635072 0.0630353 0.0612367 0.0585078 0.0552511 0.0517939 0.0483148 0.0447856 0.0409719 0.0365373 0.0312517 0.0252027 0.0188618
 0.00577828 0.00916714 0.0134212 0.01846 0.0242373 0.030701 0.0376808 0.0448194 0.0516079 0.0574834 0.0619359 0.064608 0.0653748 0.0643667 0.0619174 0.0584657 0.0544548 0.0502488 0.0460645 0.0419265 0.0376725 0.0330457 0.0278681 0.0222168 0.0164776
 0.00602817 0.00956938 0.0140211 0.0193023 0.0253646 0.0321476 0.03946 0.0469083 0.0539371 0.0599358 0.0643565 0.0668227 0.0672142 0.0656865 0.0626096 0.0584615 0.0537229 0.0487932 0.0439295 0.0392087 0.0345369 0.0297297 0.0246564 0.0193829 0.0142145
 0.00623679 0.00990381 0.0145173 0.019995 0.0262869 0.0333271 0.0409104 0.0486194 0.0558653 0.0620012 0.0664437 0.0687906 0.0689112 0.0669699 0.0633624 0.058602 0.0532066 0.0476131 0.0421195 0.0368541 0.0317878 0.0268024 0.0218095 0.0168644 0.0121996
 0.00648929 0.0102992 0.0150857 0.0207583 0.0272601 0.0345188 0.042318 0.0502205 0.0576108 0.0638131 0.0682207 0.0704171 0.0702711 0.0679579 0.0638929 0.0586129 0.0526613 0.0465031 0.0404707 0.0347384 0.029335 0.0242015 0.0192868 0.0146369 0.0104198
 0.00683846 0.0108287 0.0158127 0.0216763 0.0283464 0.0357448 0.0436543 0.0516337 0.0590583 0.0652391 0.0695575 0.0715902 0.0712056 0.0685858 0.0641578 0.0584725 0.0520883 0.0454879 0.0390286 0.0329222 0.0272474 0.0219971 0.0171534 0.0127554 0.00891766
 0.00712329 0.011285 0.0164856 0.0226009 0.0295379 0.0371855 0.0452821 0.0533423 0.0607163 0.0667204 0.0707657 0.0724681 0.0717298 0.0687556 0.063983 0.0579654 0.0512596 0.0443481 0.0375963 0.0312383 0.0253888 0.020082 0.0153275 0.0111604 0.00765206
 0.00725312 0.0115018 0.0168245 0.0231036 0.0302497 0.0381472 0.0465131 0.0548213 0.0623649 0.0684024 0.0723078 0.0737001 0.0725284 0.0690696 0.0638305 0.0574076 0.0503697 0.0431914 0.0362263 0.0297071 0.0237631 0.0184523 0.0138028 0.00984492 0.00661695
 0.00728951 0.0115621 0.016919 0.0232466 0.0304629 0.0384609 0.0469652 0.0554497 0.0631933 0.0694216 0.0734604 0.074878 0.07359 0.0698735 0.0642728 0.0574451 0.0500193 0.0425104 0.0352889 0.0285907 0.022547 0.0172222 0.0126489 0.00884894 0.00583317
 0.00723463 0.0114981 0.0168693 0.023249 0.0305602 0.0386865 0.0473316 0.0559475 0.0637999 0.070112 0.0742104 0.075657 0.0743498 0.0705438 0.0647692 0.0576903 0.0499661 0.042155 0.0346693 0.0277741 0.021616 0.0162643 0.0117477 0.00807313 0.00522527
