SBPRF35
12.7214
Curr Bio
818160
B35
847412
F35
0.168177
FOFL
0.160429
OFL
106694
Bzero
3.63469e+006
#pred survey bio
 2.98568e+006 2.72691e+006 2.49051e+006 2.25205e+006 2.04157e+006 1.80138e+006 1.62134e+006 1.44734e+006 1.296e+006 1.13476e+006 1.02916e+006 929203 822873 758585 698617 660688 624877 602426 584828 572587 565383 555776 549462 551325 544091 554281 555951 560060 566355 577726 588665 595068 615954 632394 628699 650236 658895 670747 664715 671893 675721 672386 670055 678035 673470 661493 669804 720010 758802 806539 838273 822482 2.84971e+007 1.66849e+007 1.66377e+007 1.73369e+007 1.85739e+007 2.00602e+007 2.15673e+007 2.29537e+007 2.41515e+007 2.51433e+007 2.59406e+007 2.65685e+007 2.70559e+007 2.74308e+007 2.77175e+007 2.7936e+007 2.81025e+007 2.82295e+007 2.83266e+007 2.84011e+007 2.84584e+007 2.85027e+007 2.85372e+007 2.85641e+007 2.85852e+007 2.86018e+007 2.8615e+007 2.86253e+007 2.86336e+007 2.86402e+007 2.86455e+007 2.86498e+007 2.86532e+007 2.8656e+007 2.86582e+007 2.866e+007 2.86615e+007 2.86627e+007 2.86637e+007 2.86645e+007 2.86651e+007 2.86656e+007 2.86661e+007 2.86664e+007 2.86667e+007 2.8667e+007 2.86671e+007 2.86673e+007 2.86674e+007 2.86675e+007 2.86676e+007 2.86677e+007 2.86678e+007 2.86678e+007 2.86678e+007 2.86679e+007 2.86679e+007 2.86679e+007 2.86679e+007 2.86679e+007 2.8668e+007 2.8668e+007 2.8668e+007 2.8668e+007 2.8668e+007 2.8668e+007 2.8668e+007 2.8668e+007 2.8668e+007 2.8668e+007 2.8668e+007 2.8668e+007 2.8668e+007 2.8668e+007 2.8668e+007 2.8668e+007 2.8668e+007 2.8668e+007 2.8668e+007 2.8668e+007 2.8668e+007 2.8668e+007 2.8668e+007 2.8668e+007 2.8668e+007 2.8668e+007 2.8668e+007 2.8668e+007 2.8668e+007 2.8668e+007 2.8668e+007 2.8668e+007 2.8668e+007 2.8668e+007 2.8668e+007 2.8668e+007 2.8668e+007 2.8668e+007 2.8668e+007 2.8668e+007 0 0 0 0 0 0 0 0 0 0 0 0 0 0 0 0 0 0 0 0 0 0 0 0 0
#obs survey bio
 2.73138e+006 2.784e+006 2.13987e+006 1.46039e+006 1.27091e+006 1.76777e+006 1.60068e+006 1.57013e+006 955009 1.39344e+006 883068 684879 724084 965328 629276 946457 774042 578671 512887 592573 425982 628366 485705 471059 478179 592549 674321 627431 619017 333387 376844 520477 635322 644318 559594 665303 546906 587522 646026 621847 527071 560297 587099 598209 776671 583562 624979 598412 689308 903465 1.01288e+006 1.15683e+006
#pred catch bio
 283247 274834 288995 276638 315151 270301 272195 257439 269153 221680 218206 222276 182434 174600 151382 145530 130404 123371 116320 110180 110652 106486 99097.5 106336 91290 98597.5 96290 94853.1 92034.2 94693.8 100310 89701 95189.5 112193 90713 102304 99565.1 114173 102251 105475 111848 111116 102847 113616 118663 100876 67592.1 79804.3 72679 85576.1 121763 107150 106694 108650 107124 110103 117252 126361 135661 144137 151339 157172 161734 165211 167809 169721 171111 172111 172826 173334 173693 173946 174123 174247 174334 174395 174437 174466 174486 174500 174510 174517 174521 174525 174527 174528 174529 174530 174531 174531 174531 174531 174532 174532 174532 174532 174532 174532 174532 174532 174532 174532 174532 174532 174532 174532 174532 174532 174532 174532 174532 174532 174532 174532 174532 174532 174532 174532 174532 174532 174532 174532 174532 174532 174532 174532 174532 174532 174532 174532 174532 174532 174532 174532 174532 174532 174532 174532 174532 174532 174532 174532 174532 174532 174532 174532 174532 174532 174532 174532 174532 174532 0 0 0 0 0 0 0 0 0 0 0 0 0 0 0 0 0 0 0 0 0 0 0 0 0
#obs catch bio
 246534 274906 289727 277533 318756 272852 273478 257613 272082 222137 218780 225948 185132 176237 152712 146637 131002 124351 116989 110439 111145 106644 99297.9 107300 91855.7 98885.9 96342.6 94748.4 91963.3 95383.1 101829 90441.2 96039.4 113378 91137.9 102798 99904.5 114534 102332 105509 112090 111865 103527 114433 119518 101409 67489.5 80464.4 72928.1 85806.5 122668 107057
#pred cpue bio
 2.93723e+006 2.6803e+006 2.44606e+006 2.20899e+006 1.99912e+006 1.76043e+006 1.58158e+006 1.40906e+006 1.25888e+006 1.09932e+006 994627 895649 790945 728033 669813 633076 598481 576877 559982 548307 541477 532248 526174 527994 521003 531049 532869 536953 543034 553859 564171 570269 590680 606887 603495 624644 633305 645032 639286 646322 650014 646611 644198 651969 647645 636100 644217 693354 731900 779415 811307 796904 2.76619e+007 1.62166e+007 1.60402e+007 1.65498e+007 1.77023e+007 1.91634e+007 2.06643e+007 2.20492e+007 2.32467e+007 2.42384e+007 2.50357e+007 2.56636e+007 2.6151e+007 2.65259e+007 2.68126e+007 2.70312e+007 2.71977e+007 2.73247e+007 2.74217e+007 2.74962e+007 2.75535e+007 2.75979e+007 2.76323e+007 2.76592e+007 2.76803e+007 2.7697e+007 2.77101e+007 2.77205e+007 2.77287e+007 2.77353e+007 2.77406e+007 2.77449e+007 2.77483e+007 2.77511e+007 2.77533e+007 2.77552e+007 2.77566e+007 2.77578e+007 2.77588e+007 2.77596e+007 2.77602e+007 2.77608e+007 2.77612e+007 2.77616e+007 2.77618e+007 2.77621e+007 2.77623e+007 2.77624e+007 2.77626e+007 2.77627e+007 2.77628e+007 2.77628e+007 2.77629e+007 2.77629e+007 2.7763e+007 2.7763e+007 2.7763e+007 2.7763e+007 2.77631e+007 2.77631e+007 2.77631e+007 2.77631e+007 2.77631e+007 2.77631e+007 2.77631e+007 2.77631e+007 2.77631e+007 2.77631e+007 2.77631e+007 2.77631e+007 2.77631e+007 2.77631e+007 2.77631e+007 2.77631e+007 2.77631e+007 2.77631e+007 2.77631e+007 2.77631e+007 2.77631e+007 2.77631e+007 2.77631e+007 2.77631e+007 2.77631e+007 2.77631e+007 2.77631e+007 2.77631e+007 2.77631e+007 2.77631e+007 2.77631e+007 2.77631e+007 2.77631e+007 2.77631e+007 2.77631e+007 2.77631e+007 2.77631e+007 2.77631e+007 2.77631e+007 2.77631e+007 2.77631e+007 2.77631e+007 0 0 0 0 0 0 0 0 0 0 0 0 0 0 0 0 0 0 0 0 0 0 0 0 0
#obs cpue bio
 2.88056e+006 2.41823e+006 2.46887e+006 2.40908e+006 2.14113e+006 1.33823e+006 2.61174e+006 1.54089e+006 989428 1.13331e+006 1.14354e+006 573970 629047 738320 588429 454764 486254 448593 650320 598260 621791 545579 495610 433726 469942 733246 478903 547172 461110 475665 474017 691266 500729 681982 551897 799288 650625 957158 602299 763987 740469 506519 547190 775443 570344 745168 624164 516912 752991 831868 778944 809686
#pred surv len freq
 0.00550947 0.00889401 0.0132884 0.0186365 0.0247837 0.0314008 0.0379489 0.0437986 0.0484598 0.0517435 0.0537452 0.054711 0.054914 0.0545941 0.0539394 0.0530875 0.0521357 0.0511411 0.0500851 0.0487974 0.0468956 0.0438456 0.039198 0.0329116 0.025535
 0.00568999 0.00914282 0.0135854 0.0189486 0.025092 0.031733 0.0383921 0.0444712 0.0494471 0.0530344 0.0552109 0.0561441 0.0561055 0.0554041 0.0543281 0.0530991 0.0518495 0.0506178 0.0493345 0.0477844 0.0455862 0.0422652 0.037464 0.0312112 0.0240586
 0.00609821 0.00975875 0.0144209 0.0199767 0.0262481 0.0329252 0.0395189 0.0454492 0.050245 0.0536903 0.0558112 0.0567643 0.0567493 0.0559868 0.0547158 0.0531737 0.0515536 0.0499554 0.0483388 0.0464885 0.0440242 0.0405005 0.0356161 0.0294468 0.0225438
 0.00642963 0.0103067 0.0152598 0.0211743 0.0278418 0.0348893 0.0417374 0.0477185 0.0523193 0.0553553 0.0569487 0.0573764 0.0569303 0.0558577 0.0543587 0.0525998 0.0507199 0.0488078 0.0468501 0.0446754 0.041949 0.0382726 0.0333895 0.0273994 0.0208325
 0.00663011 0.0106417 0.015783 0.0219466 0.028925 0.0363309 0.0435473 0.0498449 0.0546346 0.0576614 0.0590094 0.0589719 0.0579172 0.0562028 0.0541264 0.0518995 0.0496463 0.04741 0.0451424 0.0426735 0.0397074 0.0359046 0.0310596 0.0252897 0.0190935
 0.00690682 0.0110838 0.0164347 0.0228465 0.0301031 0.037802 0.0453023 0.0518431 0.0568017 0.0598902 0.0611591 0.0608718 0.0593841 0.0570774 0.0543144 0.0513947 0.0485176 0.0457633 0.0430833 0.0402976 0.0371193 0.0332422 0.0284984 0.0230144 0.0172482
 0.00717676 0.0115019 0.0170261 0.0236236 0.031067 0.0389463 0.0466124 0.0532947 0.0583599 0.0615106 0.0627857 0.0624298 0.0607716 0.0581657 0.0549648 0.0514897 0.0479942 0.0446284 0.0414076 0.0381971 0.0347416 0.0307617 0.0261073 0.0208966 0.0155389
 0.00753085 0.0120568 0.0178218 0.0246812 0.0323836 0.0404884 0.0483113 0.0550504 0.0600608 0.0630609 0.0641248 0.0635315 0.0616259 0.0587538 0.0552419 0.0513845 0.0474276 0.0435451 0.0398055 0.0361441 0.0323743 0.0282697 0.0237041 0.0187787 0.0138425
 0.00775831 0.012438 0.018416 0.0255486 0.0335706 0.0420046 0.0501074 0.0570137 0.0620348 0.0648818 0.0656573 0.0646908 0.0623809 0.059114 0.0552322 0.0510195 0.0466969 0.0424208 0.0382692 0.0342211 0.0301586 0.0259239 0.021431 0.0167722 0.0122379
 0.0081524 0.0130475 0.0192767 0.0266765 0.0349648 0.0436495 0.0519678 0.0590236 0.06409 0.0668436 0.0673699 0.066009 0.0632 0.0593892 0.0549783 0.0502905 0.0455563 0.0409188 0.0364424 0.0321135 0.0278515 0.0235524 0.0191704 0.0147964 0.010669
 0.00847173 0.0135435 0.0199797 0.0275986 0.0360983 0.044966 0.0534175 0.0605389 0.0655957 0.0682693 0.0686535 0.0670897 0.06401 0.059857 0.055045 0.0499269 0.0447695 0.0397448 0.034934 0.0303375 0.0258977 0.0215432 0.0172548 0.0131205 0.00933653
 0.00856044 0.0137289 0.0203336 0.0282096 0.0370461 0.0462828 0.0550559 0.0623695 0.0674404 0.0699532 0.0700464 0.0681214 0.0646587 0.0601266 0.0549445 0.0494623 0.0439482 0.0385856 0.0334759 0.0286449 0.0240626 0.0196845 0.0155067 0.0116078 0.00814351
 0.00862261 0.013846 0.0205419 0.0285596 0.037599 0.0470991 0.0561765 0.0637927 0.0691022 0.0717214 0.0717393 0.0695488 0.0656711 0.060647 0.0549691 0.0490359 0.043134 0.0374468 0.0320741 0.0270494 0.0223612 0.0179858 0.0139294 0.0102582 0.00708918
 0.00864346 0.0138638 0.0205412 0.0285219 0.0375158 0.04699 0.0561008 0.0638448 0.0693858 0.0723103 0.0726419 0.0706911 0.0669089 0.0618023 0.055878 0.0495865 0.04328 0.0371988 0.0314806 0.026183 0.0213124 0.0168597 0.0128367 0.00929712 0.00632507
 0.00877214 0.0140583 0.0208052 0.0288456 0.0378748 0.0473472 0.0564131 0.0640762 0.0695269 0.0723933 0.0727367 0.0708781 0.0672381 0.0622616 0.0563893 0.0500316 0.0435413 0.0371957 0.031187 0.0256258 0.0205602 0.0160066 0.0119845 0.00853587 0.00571483
 0.00877077 0.0140627 0.0208238 0.0288898 0.0379552 0.0474675 0.0565651 0.0642392 0.0696736 0.0725014 0.0728032 0.0709269 0.0673157 0.0624169 0.0566449 0.0503628 0.0438769 0.0374417 0.0312617 0.0254889 0.0202241 0.0155291 0.0114483 0.00802322 0.00528662
 0.00886284 0.0141941 0.0209882 0.029071 0.0381334 0.0476279 0.0567041 0.0643619 0.0697859 0.0726017 0.0728804 0.0709681 0.0673177 0.0623947 0.0566279 0.0503781 0.0439294 0.0375036 0.0312811 0.0254144 0.0200296 0.0152275 0.0110856 0.00765902 0.00497187
 0.00888529 0.0142297 0.0210393 0.0291375 0.0382106 0.0477056 0.0567669 0.0643947 0.0697815 0.0725668 0.0728341 0.0709327 0.0673087 0.0624162 0.0566771 0.050451 0.0440214 0.0376032 0.031365 0.0254504 0.0199906 0.0151064 0.0109014 0.00744894 0.00477498
 0.00889577 0.0142438 0.0210552 0.0291522 0.0382211 0.0477102 0.0567663 0.0643903 0.0697735 0.0725535 0.0728139 0.070908 0.0672876 0.0624103 0.0566962 0.0504988 0.0440941 0.0376903 0.0314494 0.0255108 0.020007 0.0150684 0.0108144 0.00733296 0.00465608
 0.00894706 0.0143123 0.0211308 0.0292163 0.038252 0.0476918 0.0566947 0.0642761 0.0696374 0.0724191 0.0727007 0.0708281 0.0672452 0.0624048 0.0567246 0.0505577 0.0441785 0.0377916 0.0315544 0.0256027 0.0200692 0.0150901 0.0107955 0.00728435 0.00459483
 0.00895681 0.014329 0.0211569 0.0292526 0.038295 0.0477313 0.0567137 0.0642549 0.069563 0.0722933 0.072543 0.0706691 0.0671158 0.0623258 0.0567035 0.05059 0.0442529 0.0378937 0.0316684 0.025712 0.0201586 0.0151486 0.0108198 0.00727973 0.00457256
 0.00899936 0.0143928 0.021243 0.0293585 0.0384156 0.0478596 0.0568409 0.0643692 0.0696482 0.0723312 0.0725188 0.0705789 0.0669709 0.0621513 0.05653 0.0504441 0.0441502 0.0378369 0.0316503 0.0257193 0.020176 0.0151633 0.0108239 0.00727173 0.00455626
 0.00907927 0.0145075 0.0213873 0.029518 0.0385704 0.0479914 0.056938 0.0644281 0.0696715 0.0723234 0.0724829 0.070515 0.0668779 0.0620309 0.0563904 0.0503003 0.0440201 0.0377351 0.0315833 0.0256843 0.0201636 0.0151618 0.0108237 0.00726788 0.00454825
 0.00899771 0.0143952 0.0212553 0.0293879 0.0384665 0.0479295 0.0569177 0.0644344 0.0696852 0.0723322 0.072487 0.0705235 0.0669002 0.0620699 0.0564417 0.0503566 0.0440765 0.0377909 0.0316405 0.0257438 0.0202229 0.0152157 0.0108668 0.00729747 0.00456499
 0.00899384 0.0143876 0.0212421 0.0293689 0.0384456 0.0479167 0.0569289 0.064485 0.0697803 0.0724598 0.0726191 0.0706277 0.0669539 0.062068 0.0563947 0.0502821 0.0439914 0.0377084 0.0315691 0.0256886 0.0201853 0.0151935 0.0108555 0.00729202 0.00456185
 0.00890667 0.0142425 0.0210185 0.0290476 0.0380162 0.0473878 0.0563366 0.0638938 0.0692712 0.0721091 0.0724771 0.0707052 0.0672222 0.0624709 0.056867 0.050767 0.0444493 0.0381175 0.0319205 0.025981 0.0204208 0.0153758 0.0109898 0.00738478 0.00462102
 0.0089397 0.0142876 0.0210696 0.0290912 0.0380319 0.0473511 0.0562243 0.0636914 0.0689817 0.07176 0.0721191 0.0704006 0.0670255 0.0624114 0.0569413 0.0509445 0.0446863 0.0383722 0.0321623 0.0261923 0.0205945 0.0155114 0.01109 0.00745438 0.00466585
 0.00901022 0.0143881 0.0211941 0.0292246 0.0381524 0.047436 0.0562538 0.0636507 0.0688621 0.0715605 0.0718512 0.0700916 0.0667177 0.0621538 0.0567752 0.0508903 0.0447383 0.0385031 0.0323354 0.0263734 0.0207594 0.015647 0.0111927 0.00752624 0.00471229
 0.0091597 0.0146057 0.0214741 0.0295439 0.0384756 0.0477239 0.0564714 0.0637717 0.0688707 0.0714532 0.0716371 0.0697917 0.0663629 0.0617823 0.0564287 0.0506073 0.0445449 0.0384064 0.0323228 0.0264189 0.0208338 0.0157262 0.0112614 0.00757823 0.0047474
 0.0091964 0.0146736 0.0215905 0.0297266 0.0387352 0.0480525 0.0568356 0.064116 0.0691334 0.0715868 0.0716218 0.0696371 0.0660993 0.06145 0.0560701 0.0502627 0.0442488 0.0381827 0.0321805 0.0263515 0.0208224 0.0157477 0.0112954 0.007611 0.00477258
 0.00904675 0.0144677 0.0213503 0.0294978 0.038576 0.0480156 0.0569498 0.064377 0.0695036 0.0720037 0.0720127 0.0699363 0.066265 0.0614727 0.0559708 0.0500819 0.0440336 0.0379759 0.032013 0.026238 0.0207625 0.0157294 0.0113022 0.00762793 0.00478979
 0.00898721 0.0143654 0.0211881 0.029262 0.0382667 0.0476586 0.0566029 0.06412 0.0694122 0.0721175 0.0723159 0.0703626 0.0667219 0.0618731 0.0562569 0.0502351 0.0440705 0.0379346 0.0319368 0.0261626 0.0207089 0.0157033 0.0112983 0.0076367 0.00480235
 0.00884432 0.0141412 0.0208659 0.0288314 0.037726 0.0470181 0.0558923 0.063395 0.0687544 0.0716231 0.0720731 0.0704232 0.0670804 0.0624639 0.0569749 0.0509689 0.0447336 0.0384814 0.0323604 0.0264806 0.0209467 0.0158826 0.0114333 0.00773519 0.00487004
 0.00871042 0.0139373 0.0205844 0.0284739 0.0373009 0.0465384 0.055374 0.062859 0.0682291 0.0711469 0.0716949 0.0701984 0.0670586 0.0626712 0.0573973 0.0515502 0.0453898 0.0391266 0.0329309 0.0269454 0.021303 0.0161444 0.0116192 0.0078626 0.00495314
 0.00875056 0.0139946 0.0206556 0.0285505 0.0373706 0.0465876 0.0553898 0.0628289 0.0681413 0.0709918 0.0714706 0.0699186 0.0667574 0.0623999 0.0572105 0.051486 0.045454 0.0392914 0.0331479 0.0271658 0.0214934 0.0162909 0.011723 0.00793194 0.00499724
 0.00862238 0.0137922 0.0203629 0.0281579 0.036879 0.0460126 0.0547661 0.0622094 0.0675878 0.0705608 0.0711993 0.0698185 0.0668184 0.0626001 0.0575274 0.0519015 0.0459512 0.039846 0.0337235 0.0277179 0.0219805 0.0166859 0.0120178 0.00813474 0.005126
 0.0085914 0.0137427 0.0202894 0.0280547 0.0367396 0.0458302 0.0545353 0.06193 0.0672692 0.0702242 0.0708766 0.0695464 0.0666289 0.0625137 0.0575508 0.05203 0.0461733 0.0401446 0.0340749 0.0280908 0.0223396 0.0169998 0.0122668 0.00831401 0.00524324
 0.0085177 0.0136297 0.0201321 0.0278532 0.0364987 0.0455584 0.0542443 0.0616338 0.0669821 0.0699594 0.0706459 0.069362 0.0665056 0.0624674 0.0575945 0.0521694 0.0464036 0.0404512 0.0344346 0.0284739 0.0227135 0.0173341 0.0125395 0.00851622 0.00537909
 0.00859494 0.0137442 0.0202836 0.0280334 0.0366929 0.0457482 0.0544095 0.0617541 0.0670383 0.0699364 0.070536 0.0691681 0.0662428 0.062163 0.0572847 0.0518926 0.0461931 0.0403276 0.0344021 0.028521 0.0228165 0.0174637 0.0126685 0.0086253 0.00545942
 0.00862465 0.0137835 0.020326 0.0280674 0.0367048 0.0457272 0.0543522 0.0616655 0.0669296 0.0698205 0.0704233 0.0690642 0.0661482 0.062076 0.0572057 0.0518281 0.0461552 0.0403302 0.0344546 0.0286225 0.0229547 0.0176181 0.0128166 0.00874966 0.00555164
 0.00866516 0.0138483 0.0204211 0.0281957 0.0368634 0.0459046 0.0545267 0.0618082 0.067013 0.0698279 0.0703545 0.0689334 0.065977 0.0618857 0.0570131 0.0516459 0.0459948 0.0402034 0.0343721 0.0285903 0.0229702 0.0176693 0.0128861 0.00881987 0.00561024
 0.00866973 0.0138674 0.020471 0.0282981 0.0370393 0.0461637 0.054859 0.0621809 0.0673767 0.0701285 0.0705467 0.0689908 0.0658975 0.061689 0.0567336 0.0513227 0.0456643 0.0398955 0.0341091 0.0283865 0.0228306 0.0175893 0.0128528 0.00881652 0.00562104
 0.00865111 0.0138396 0.0204347 0.028258 0.0370059 0.0461545 0.0548967 0.0622875 0.0675628 0.0703836 0.0708365 0.0692648 0.0661042 0.061792 0.056721 0.0512074 0.0454765 0.0396727 0.0338867 0.0281919 0.0226802 0.0174881 0.0127956 0.00879201 0.00561609
 0.00853448 0.0136628 0.0201929 0.027956 0.0366581 0.045784 0.0545349 0.0619739 0.0673415 0.0702944 0.0709029 0.0694841 0.0664436 0.0621955 0.057125 0.0515583 0.0457438 0.039852 0.0339936 0.0282511 0.0227155 0.0175159 0.0128235 0.00882031 0.00564194
 0.0085075 0.0136201 0.0201307 0.0278721 0.0365519 0.0456578 0.054395 0.0618308 0.0672092 0.0701894 0.0708427 0.0694844 0.0665138 0.0623331 0.0573115 0.0517621 0.0459295 0.0399926 0.0340787 0.0282873 0.0227197 0.0175066 0.0128139 0.00881627 0.00564342
 0.00864389 0.0138157 0.0203766 0.0281429 0.0368124 0.045874 0.0545431 0.0619001 0.0672002 0.0701106 0.0707083 0.069314 0.0663309 0.0621612 0.0571688 0.0516559 0.0458542 0.0399334 0.0340199 0.0282199 0.0226451 0.0174332 0.0127512 0.00877021 0.0056143
 0.00857219 0.0137161 0.0202573 0.0280199 0.0367028 0.0457856 0.0544689 0.0618224 0.0671025 0.0699899 0.0705798 0.0692048 0.0662683 0.0621629 0.0572391 0.051787 0.0460291 0.0401293 0.0342124 0.0283884 0.0227775 0.0175271 0.0128125 0.00880774 0.00563649
 0.00812543 0.0130339 0.0193148 0.0268286 0.0353128 0.0442839 0.052976 0.0604805 0.0660499 0.069329 0.0703551 0.0694031 0.0668356 0.0630241 0.0583113 0.0529865 0.0472751 0.0413477 0.03534 0.0293768 0.0235964 0.0181663 0.0132804 0.00912739 0.00583932
 0.00790847 0.0126724 0.0187559 0.0260218 0.0342257 0.0429256 0.0514172 0.0588562 0.0645354 0.0680988 0.0695437 0.0690817 0.0670087 0.0636404 0.0592821 0.0542052 0.0486323 0.0427408 0.0366787 0.0305879 0.0246277 0.0189905 0.0138957 0.00955428 0.00611294
 0.0076546 0.0122765 0.01819 0.0252674 0.0332721 0.0417704 0.0500738 0.057367 0.0629842 0.0666125 0.0682789 0.0681951 0.0666202 0.0638043 0.0599765 0.0553418 0.0500803 0.0443532 0.038314 0.0321247 0.0259748 0.0200924 0.0147342 0.010145 0.00649619
 0.00719011 0.0115939 0.0172969 0.0242159 0.0321409 0.0406356 0.0489864 0.056348 0.0620346 0.0657316 0.0674834 0.0675334 0.0661744 0.0636727 0.0602416 0.0560371 0.0511722 0.0457443 0.0398659 0.033688 0.0274168 0.0213172 0.0156929 0.0108351 0.00695107
 0.00674942 0.010928 0.016391 0.0230961 0.0308734 0.0393194 0.0477415 0.0552948 0.0612624 0.0652672 0.0672832 0.0675105 0.0662489 0.0638152 0.0604863 0.056458 0.0518387 0.046679 0.041025 0.0349703 0.0286935 0.0224684 0.0166361 0.0115375 0.00742609
#obs surv len freq
 0.00497144 0.00814139 0.0123803 0.0177006 0.023976 0.0308416 0.0376738 0.0437513 0.0485251 0.0517946 0.053678 0.0544601 0.0544603 0.0539747 0.0532626 0.052536 0.0519383 0.0515034 0.0510927 0.0503373 0.0486552 0.0454159 0.0402423 0.0333039 0.0253831
 0.00518346 0.00849106 0.0129157 0.0184696 0.025016 0.0321651 0.0392528 0.0455129 0.0503626 0.0535881 0.0553133 0.0558379 0.055497 0.0546017 0.0534265 0.0522022 0.0510973 0.0501779 0.0493437 0.0482678 0.0464078 0.0431618 0.0381574 0.0315349 0.0240155
 0.00540856 0.00885926 0.0134744 0.0192652 0.0260864 0.0335265 0.0408853 0.0473537 0.0523118 0.0555258 0.0571171 0.0573956 0.0567133 0.0553997 0.0537463 0.0519995 0.0503458 0.0488774 0.0475335 0.04604 0.0439139 0.0406018 0.0357489 0.0294667 0.0224037
 0.00564725 0.00925052 0.0140692 0.0201132 0.0272265 0.0349719 0.0426087 0.0492821 0.0543378 0.0575277 0.0589775 0.0590104 0.0579932 0.056269 0.0541419 0.0518704 0.0496548 0.0476087 0.0457077 0.0437335 0.0412735 0.0378397 0.0331102 0.0271739 0.020601
 0.00590533 0.0096711 0.0147042 0.0210117 0.0284259 0.0364833 0.0444021 0.05128 0.0564262 0.0595773 0.060865 0.0606306 0.0592621 0.0571212 0.0545252 0.0517409 0.0489755 0.0463564 0.0438888 0.0414086 0.0385771 0.0349828 0.0303488 0.0247502 0.0186797
 0.00613541 0.0100521 0.0152904 0.0218579 0.0295764 0.0379545 0.046165 0.0532551 0.0584955 0.0616086 0.0627334 0.0622309 0.0605119 0.0579584 0.0549033 0.0516233 0.0483316 0.0451642 0.0421494 0.0391696 0.035958 0.0321812 0.0276156 0.0223308 0.0167473
 0.006383 0.010453 0.0158914 0.0227022 0.0306971 0.039363 0.0478376 0.0551262 0.0604636 0.0635527 0.0645316 0.0637743 0.0617126 0.058752 0.0552462 0.051486 0.0476927 0.0440097 0.0404828 0.0370335 0.0334588 0.0295001 0.0249878 0.0199923 0.0148698
 0.00661715 0.0108409 0.0164878 0.0235614 0.03186 0.0408385 0.0495852 0.0570531 0.062442 0.0654485 0.0662278 0.0651804 0.0627628 0.0594 0.0554604 0.0512457 0.0469848 0.0428285 0.0388378 0.0349672 0.0310688 0.0269509 0.0224942 0.0177723 0.0130841
 0.00684851 0.0112197 0.017063 0.0243809 0.0329613 0.0422347 0.0512484 0.0589072 0.0643706 0.0673151 0.0678997 0.0665475 0.0637475 0.0599582 0.0555749 0.0509155 0.0462157 0.0416299 0.0372288 0.032993 0.0288205 0.0245763 0.0201847 0.015722 0.0114364
 0.00705335 0.011558 0.0175818 0.0251268 0.0339711 0.0435196 0.0527796 0.0606108 0.0661387 0.0690266 0.069439 0.0678161 0.0646689 0.0604807 0.055672 0.0505827 0.0454642 0.0404808 0.0357136 0.0311636 0.0267645 0.0224264 0.0181085 0.0138871 0.00996553
 0.0072779 0.0119238 0.0181337 0.0259062 0.0350077 0.0448178 0.0543042 0.062283 0.0678462 0.0706454 0.070855 0.0689382 0.065434 0.0608527 0.0556377 0.0501469 0.0446445 0.039305 0.034221 0.0294117 0.0248398 0.0204496 0.0162251 0.0122391 0.00865376
 0.00744047 0.012193 0.0185477 0.0265037 0.0358197 0.045855 0.0555448 0.0636675 0.0692861 0.0720393 0.0721052 0.0699611 0.0661653 0.0612494 0.0556779 0.0498275 0.0439776 0.0383153 0.0329467 0.027909 0.0231899 0.0187612 0.0146241 0.0108446 0.00754803
 0.00751559 0.0123167 0.0187377 0.0267796 0.0362015 0.0463605 0.0561836 0.064436 0.0701632 0.0729855 0.0730641 0.0708649 0.0669422 0.0618326 0.0560129 0.0498773 0.0437247 0.0377622 0.0321164 0.0268477 0.0219695 0.0174779 0.0133878 0.00975792 0.00668194
 0.00759001 0.0124313 0.0188988 0.0269894 0.0364602 0.0466674 0.0565385 0.0648393 0.0706153 0.0734852 0.0736047 0.071429 0.0674978 0.0623332 0.0564029 0.0501007 0.0437357 0.0375328 0.0316433 0.0261557 0.021113 0.0165373 0.0124576 0.00892727 0.00601353
 0.00766464 0.0125469 0.0190615 0.0272008 0.0367157 0.0469566 0.0568456 0.0651455 0.0709048 0.0737512 0.0738524 0.0716708 0.0677444 0.0625832 0.0566366 0.0502812 0.0438159 0.0374679 0.0314035 0.0257375 0.0205444 0.0158759 0.0117792 0.00830708 0.00550693
 0.00773284 0.0126543 0.0192164 0.0274077 0.0369737 0.0472571 0.0571708 0.0654692 0.0711979 0.0739898 0.074025 0.0717811 0.0678083 0.0626209 0.0566629 0.0502967 0.0438033 0.0373967 0.0312405 0.0254616 0.0201588 0.0154116 0.0112886 0.00784837 0.00512606
 0.00777345 0.0127147 0.0192971 0.027506 0.0370854 0.0473785 0.0572997 0.0656046 0.0713377 0.0741293 0.0741567 0.0718968 0.0679025 0.062693 0.0567166 0.0503352 0.0438241 0.0373869 0.0311794 0.0253289 0.0199465 0.015132 0.0109737 0.00753998 0.00486128
 0.00781107 0.0127714 0.019374 0.0276006 0.0371919 0.0474886 0.0574042 0.0656949 0.0714088 0.0741815 0.0741954 0.0719295 0.0679345 0.0627254 0.0567472 0.0503604 0.0438387 0.0373833 0.0311462 0.0252532 0.01982 0.0149579 0.0107697 0.00733315 0.00467851
 0.00786074 0.0128461 0.0194749 0.0277244 0.0373312 0.047633 0.0575416 0.0658124 0.071495 0.0742297 0.0742053 0.071908 0.067893 0.0626762 0.0566995 0.050318 0.0438006 0.0373438 0.0310966 0.025184 0.0197238 0.0148345 0.0106281 0.00718943 0.00455028
 0.00787144 0.012864 0.0195027 0.0277644 0.0373843 0.0476976 0.0576121 0.0658807 0.0715522 0.0742693 0.0742252 0.0719103 0.0678828 0.0626598 0.0566826 0.0503047 0.0437916 0.0373361 0.0310841 0.0251587 0.0196794 0.0147691 0.0105463 0.00710167 0.00446877
 0.00790048 0.0129046 0.0195516 0.0278149 0.0374286 0.0477302 0.0576323 0.0658922 0.0715603 0.0742771 0.0742328 0.0719152 0.0678825 0.0626536 0.056672 0.0502925 0.0437801 0.0373259 0.0310728 0.0251419 0.0196523 0.0147292 0.0104955 0.00704591 0.00441581
 0.00789865 0.0129027 0.0195505 0.0278154 0.0374303 0.0477305 0.0576265 0.0658754 0.0715308 0.0742391 0.0741955 0.0718896 0.0678759 0.062667 0.0567013 0.050331 0.0438216 0.0373654 0.0311065 0.0251661 0.0196638 0.0147265 0.0104798 0.00702145 0.00438857
 0.00788187 0.0128714 0.0194965 0.0277297 0.0373066 0.0475701 0.0574417 0.065688 0.071366 0.0741178 0.0741297 0.0718818 0.0679221 0.0627597 0.0568299 0.0504827 0.0439823 0.0375218 0.0312477 0.0252843 0.0197547 0.0147891 0.0105163 0.00703729 0.00439077
 0.00790556 0.0129026 0.0195297 0.0277543 0.037309 0.0475373 0.0573654 0.065568 0.0712119 0.0739483 0.0739687 0.0717529 0.067843 0.0627377 0.0568625 0.05056 0.0440905 0.0376456 0.0313724 0.0253979 0.0198487 0.0148593 0.0105628 0.00706353 0.00440241
 0.00790388 0.0129016 0.0195309 0.0277592 0.0373173 0.0475447 0.0573626 0.0655428 0.0711535 0.0738534 0.0738448 0.0716179 0.0677199 0.0626482 0.0568212 0.0505711 0.044148 0.0377368 0.0314811 0.0255084 0.0199482 0.0149396 0.0106208 0.00710082 0.00442324
 0.00790505 0.0129002 0.0195229 0.0277395 0.0372818 0.0474927 0.0572988 0.0654753 0.0710901 0.0737971 0.0737935 0.0715672 0.0676687 0.0626019 0.0567903 0.050567 0.0441778 0.0377996 0.0315688 0.0256079 0.0200458 0.0150243 0.0106865 0.00714624 0.00445118
 0.00787337 0.0128522 0.019457 0.0276563 0.0371834 0.0473821 0.05718 0.0653542 0.0709757 0.0737006 0.0737254 0.0715341 0.0676708 0.0626338 0.056845 0.0506395 0.0442662 0.0379031 0.0316844 0.025729 0.0201627 0.0151273 0.0107688 0.00720556 0.00448962
 0.00781563 0.0127586 0.0193172 0.0274625 0.0369335 0.0470842 0.0568553 0.0650356 0.0707003 0.0734996 0.0736173 0.0715229 0.0677485 0.0627849 0.0570496 0.0508769 0.0445178 0.0381544 0.0319249 0.0259505 0.020358 0.0152902 0.0108956 0.00729666 0.00454936
 0.00779546 0.0127191 0.0192457 0.027343 0.0367514 0.0468324 0.0565409 0.064682 0.0703437 0.0731816 0.0733758 0.0713847 0.0677253 0.0628721 0.0572299 0.0511249 0.0448055 0.038456 0.0322191 0.0262212 0.0205941 0.0154848 0.011046 0.0074046 0.00462056
 0.00776171 0.012665 0.019165 0.0272299 0.0365999 0.0466376 0.0563009 0.064401 0.070035 0.0728688 0.0730911 0.0711633 0.0675977 0.0628569 0.0573291 0.0513242 0.045079 0.0387719 0.0325461 0.0265327 0.0208703 0.0157137 0.011223 0.00753153 0.00470435
 0.00773924 0.0126264 0.0191034 0.0271376 0.0364708 0.0464697 0.0560983 0.064174 0.0697973 0.0726344 0.0728733 0.0709762 0.0674584 0.062784 0.0573384 0.051423 0.0452615 0.0390195 0.0328312 0.0268252 0.0211432 0.0159477 0.0114077 0.00766571 0.00479369
 0.00770122 0.012565 0.0190117 0.0270096 0.0363027 0.0462617 0.0558571 0.0639136 0.0695372 0.0723956 0.0726741 0.0708301 0.067373 0.0627634 0.0573852 0.0515384 0.0454434 0.039259 0.033111 0.0271208 0.021428 0.0161987 0.0116103 0.00781511 0.0048942
 0.00768957 0.0125444 0.0189775 0.0269564 0.0362248 0.0461553 0.0557217 0.0637531 0.0693596 0.072212 0.0724977 0.0706745 0.0672512 0.0626862 0.0573602 0.0515703 0.0455333 0.0394036 0.0333006 0.0273389 0.0216532 0.0164088 0.0117878 0.00795098 0.0049882
 0.00768428 0.012538 0.0189718 0.0269535 0.0362261 0.046159 0.0557216 0.0637396 0.0693224 0.0721445 0.0723996 0.0705526 0.067118 0.0625578 0.0572531 0.0514991 0.0455084 0.0394298 0.0333761 0.0274543 0.0217929 0.0165536 0.01192 0.0080582 0.0050658
 0.00764133 0.0124739 0.0188863 0.0268507 0.0361138 0.0460474 0.0556217 0.0636608 0.0692702 0.0721181 0.0723921 0.0705536 0.0671185 0.0625539 0.0572479 0.0515007 0.0455273 0.039475 0.033452 0.0275586 0.0219165 0.0166828 0.01204 0.00815758 0.00513928
 0.00762284 0.0124401 0.0188288 0.0267606 0.0359851 0.0458819 0.0554327 0.0634718 0.0691088 0.0720068 0.0723412 0.0705599 0.0671685 0.0626298 0.0573341 0.0515881 0.0456141 0.039565 0.0335503 0.027668 0.0220344 0.0168015 0.0121494 0.0082488 0.00520756
 0.0076167 0.0124305 0.0188148 0.0267404 0.0359556 0.0458379 0.0553678 0.0633815 0.0689946 0.0718792 0.0722185 0.0704628 0.0671122 0.0626192 0.0573631 0.0516446 0.045686 0.0396444 0.0336342 0.0277564 0.0221264 0.0168934 0.012235 0.00832159 0.00526331
 0.0075951 0.0123969 0.0187671 0.026678 0.0358795 0.0457511 0.0552747 0.0632874 0.068904 0.0717949 0.0721429 0.0703998 0.0670688 0.0626038 0.057382 0.0516981 0.0457681 0.0397449 0.0337433 0.0278665 0.0222325 0.0169915 0.012321 0.00839199 0.00531616
 0.00757071 0.0123603 0.0187177 0.0266174 0.0358107 0.0456778 0.055201 0.0632171 0.0688406 0.0717413 0.0721001 0.0703675 0.0670469 0.0625937 0.0573872 0.0517228 0.0458149 0.0398127 0.0338268 0.0279583 0.0223249 0.017078 0.0123966 0.00845324 0.00536185
 0.0075589 0.0123401 0.0186855 0.0265697 0.0357454 0.0455965 0.0551094 0.0631252 0.0687592 0.0716787 0.07206 0.0703489 0.0670458 0.062606 0.0574102 0.0517563 0.0458599 0.0398705 0.0338968 0.028037 0.0224065 0.017156 0.0124653 0.00850892 0.00540311
 0.0075307 0.0122973 0.0186267 0.0264954 0.0356577 0.0454981 0.055004 0.063018 0.0686576 0.0715918 0.0719971 0.0703169 0.0670472 0.0626382 0.0574668 0.05183 0.0459445 0.0399619 0.0339922 0.0281334 0.0225001 0.0172421 0.0125392 0.00856752 0.00544573
 0.00752467 0.0122843 0.0186014 0.0264515 0.0355899 0.0454053 0.0548915 0.0628968 0.0685414 0.0714926 0.0719227 0.0702711 0.0670314 0.0626518 0.0575079 0.0518943 0.0460263 0.0400546 0.0340899 0.028231 0.0225931 0.017326 0.0126104 0.00862367 0.00548635
 0.00751897 0.0122756 0.0185892 0.0264349 0.0355673 0.0453734 0.0548462 0.0628345 0.0684622 0.0714016 0.0718302 0.0701897 0.0669719 0.0626211 0.057508 0.0519232 0.0460795 0.0401259 0.0341724 0.0283178 0.0226778 0.0174033 0.0126761 0.00867537 0.00552372
 0.00752865 0.0122904 0.0186096 0.0264607 0.0355972 0.0454053 0.0548763 0.0628576 0.0684714 0.0713903 0.0717944 0.0701303 0.0668958 0.0625398 0.0574343 0.0518677 0.0460481 0.0401196 0.034188 0.0283497 0.0227192 0.0174476 0.0127176 0.00871022 0.00555005
 0.00750994 0.0122639 0.0185772 0.0264265 0.0355665 0.0453827 0.0548644 0.0628561 0.0684778 0.0714007 0.0718042 0.0701346 0.0668912 0.0625255 0.0574133 0.0518464 0.046034 0.0401187 0.0342027 0.0283786 0.0227578 0.0174897 0.0127577 0.00874407 0.00557565
 0.00748409 0.0122232 0.0185186 0.026349 0.0354721 0.0452777 0.0547596 0.0627657 0.0684153 0.0713745 0.0718144 0.0701742 0.0669487 0.0625893 0.0574746 0.051901 0.0460821 0.0401637 0.0342485 0.0284272 0.0228087 0.0175399 0.0128031 0.00878139 0.00560339
 0.00748409 0.0122232 0.0185186 0.026349 0.0354721 0.0452777 0.0547596 0.0627657 0.0684153 0.0713745 0.0718144 0.0701742 0.0669487 0.0625893 0.0574746 0.051901 0.0460821 0.0401637 0.0342485 0.0284272 0.0228087 0.0175399 0.0128031 0.00878139 0.00560339
 0.00715718 0.0117011 0.0177526 0.0253067 0.034152 0.0437271 0.0530895 0.061146 0.0670419 0.0704202 0.071386 0.0702936 0.0675602 0.0635829 0.0587156 0.0532564 0.0474403 0.0414427 0.0353956 0.0294134 0.0236217 0.0181799 0.0132806 0.00911576 0.00582099
 0.00711143 0.0115893 0.0175155 0.0248664 0.0334314 0.0426823 0.0517398 0.0595855 0.0654267 0.0689368 0.0702147 0.069576 0.0673742 0.0639304 0.0595261 0.054407 0.0487849 0.0428407 0.0367323 0.0306086 0.0246288 0.0189811 0.0138804 0.00953574 0.00609386
 0.0070158 0.0114445 0.0173145 0.0246022 0.0330885 0.0422286 0.0511274 0.0587683 0.0643898 0.0677257 0.0689456 0.0684168 0.0665041 0.0634918 0.0595895 0.054957 0.0497303 0.0440416 0.0380345 0.0318739 0.0257549 0.0199081 0.0145884 0.0100369 0.0064211
 0.00700638 0.0114231 0.0172715 0.0245255 0.032967 0.0420553 0.0508993 0.0584793 0.0640222 0.0672492 0.0683327 0.0676726 0.0656901 0.0627276 0.0590221 0.0547128 0.0498713 0.0445468 0.0388111 0.0327896 0.0266763 0.0207305 0.015251 0.0105221 0.00674477
 0.00703745 0.0114822 0.0173752 0.0246914 0.0332056 0.042359 0.051235 0.0587907 0.0642428 0.0673182 0.0682063 0.067329 0.0651354 0.0620059 0.0582231 0.0539629 0.0493028 0.0442564 0.0388272 0.033067 0.0271184 0.0212266 0.0157093 0.0108885 0.0070036
#pred catch len freq
 0.00583355 0.00910396 0.0130279 0.0174026 0.0220874 0.0270065 0.0320642 0.0370819 0.0418231 0.0460629 0.0496333 0.052434 0.0544352 0.0556751 0.0562452 0.0562703 0.0558891 0.0552259 0.0543276 0.0530663 0.0510683 0.0477803 0.0427301 0.035883 0.0278424
 0.00606164 0.00942506 0.0134238 0.0178376 0.0225345 0.0274807 0.0326364 0.0378541 0.0428701 0.0473734 0.0510884 0.0538415 0.0555988 0.0564611 0.0566136 0.0562615 0.0555782 0.0546691 0.0535284 0.0519826 0.0496611 0.0460761 0.0408562 0.0340428 0.0262433
 0.00655688 0.0101597 0.0143964 0.0189966 0.0237883 0.0287212 0.0337665 0.0388137 0.043658 0.0480499 0.0517456 0.0545444 0.056332 0.0571203 0.0570507 0.0563512 0.0552626 0.0539547 0.052452 0.0505797 0.0479678 0.0441611 0.0388491 0.0321253 0.0245963
 0.00695358 0.0107872 0.015307 0.0202236 0.0253351 0.0305471 0.035772 0.0408411 0.0455189 0.0495763 0.0528405 0.0552055 0.0566324 0.0571535 0.0568713 0.0559473 0.0545734 0.0529154 0.0510314 0.0487949 0.0458848 0.0418955 0.0365638 0.0300096 0.022819
 0.00727702 0.0112952 0.0160408 0.0212165 0.0266148 0.0321338 0.037666 0.0430001 0.0478364 0.0518762 0.0549005 0.0568098 0.0576333 0.0575098 0.0566391 0.0552289 0.0534578 0.0514468 0.0492203 0.0466568 0.0434791 0.0393456 0.0340493 0.0277291 0.020937
 0.00759976 0.0117951 0.0167489 0.02215 0.027782 0.0335396 0.0393112 0.0448736 0.0499025 0.0540604 0.0570781 0.0588054 0.0592426 0.0585442 0.0569771 0.0548444 0.0524095 0.0498375 0.0471566 0.0442375 0.0408139 0.0365812 0.0313738 0.0253414 0.0189939
 0.00797475 0.0123611 0.0175209 0.0231172 0.0289174 0.034815 0.0407058 0.0463735 0.051493 0.0557175 0.0587589 0.0604372 0.0607155 0.0597139 0.0576853 0.0549563 0.0518499 0.04861 0.0453358 0.0419488 0.0382185 0.0338702 0.0287582 0.0230232 0.017122
 0.00842978 0.0130536 0.0184752 0.024325 0.030343 0.0364039 0.0423917 0.0480812 0.0531465 0.0572518 0.0601284 0.0616141 0.0616758 0.0604191 0.0580697 0.0549287 0.0513155 0.0475031 0.0436519 0.0397615 0.0356774 0.0311832 0.0261595 0.0207286 0.0152816
 0.00880394 0.0136409 0.0193201 0.0254551 0.0317647 0.0380963 0.0442971 0.0501008 0.0551494 0.0590972 0.0616929 0.0628123 0.0624682 0.0608044 0.0580629 0.0545361 0.0505197 0.0462706 0.0419617 0.0376422 0.0332335 0.0285948 0.0236507 0.0185139 0.0135104
 0.00925258 0.0143198 0.0202502 0.0266286 0.0331563 0.0396788 0.0460454 0.0519803 0.0570966 0.0610077 0.0634269 0.0642204 0.063426 0.0612406 0.0579669 0.0539416 0.049476 0.0448196 0.0401359 0.0354863 0.0308356 0.0261029 0.0212578 0.0164119 0.0118354
 0.00970399 0.0150015 0.0211793 0.0277877 0.034502 0.0411555 0.0475961 0.0535502 0.0586346 0.062465 0.0647526 0.0653514 0.0642835 0.0617384 0.0580331 0.0535388 0.0486084 0.0435242 0.0384698 0.0335226 0.0286734 0.0238782 0.0191359 0.0145551 0.0103588
 0.00992032 0.0153664 0.021752 0.0286289 0.0356574 0.0426319 0.0493395 0.0554437 0.0605217 0.0641894 0.0661919 0.0664319 0.0649729 0.0620286 0.0579226 0.0530267 0.0476991 0.0422377 0.0368497 0.0316411 0.0266336 0.0218123 0.0171931 0.0128742 0.00903334
 0.00995261 0.0154358 0.0218909 0.0288856 0.0360947 0.0433182 0.050331 0.0567603 0.0621221 0.0659591 0.0679554 0.0679925 0.0661634 0.0627478 0.0581418 0.0527695 0.0470137 0.0411789 0.0354774 0.0300287 0.0248776 0.0200339 0.0155257 0.0114377 0.00790564
 0.0100154 0.0155178 0.0219787 0.0289596 0.0361417 0.043349 0.0503938 0.0569377 0.0625088 0.0666256 0.0689127 0.069172 0.0674243 0.0639113 0.0590394 0.0532838 0.0470949 0.0408371 0.0347638 0.0290212 0.0236752 0.0187526 0.0142878 0.0103518 0.0070439
 0.0101241 0.0156792 0.0221921 0.0292119 0.036408 0.0435974 0.0505934 0.0570706 0.0625849 0.0666919 0.0690451 0.0694478 0.0678827 0.0645246 0.0597111 0.0538768 0.0474757 0.0409144 0.0345074 0.0284608 0.0228869 0.0178415 0.0133682 0.00952506 0.0063784
 0.0101364 0.0157029 0.0222345 0.0292816 0.036512 0.0437365 0.0507582 0.0572406 0.0627342 0.0668 0.0691112 0.0694988 0.0679691 0.0646984 0.0599956 0.0542436 0.0478455 0.0411832 0.0345849 0.0283027 0.0225074 0.0173051 0.0127671 0.00895112 0.00589929
 0.010209 0.0158045 0.0223575 0.0294099 0.0366279 0.0438295 0.0508305 0.0573051 0.0628042 0.0668794 0.0691912 0.0695651 0.0680151 0.0647352 0.0600487 0.0543362 0.0479769 0.0413183 0.0346637 0.0282668 0.0223279 0.0169973 0.0123833 0.00855918 0.00555745
 0.0102216 0.0158245 0.0223862 0.0294469 0.0366694 0.0438675 0.0508542 0.0573048 0.0627783 0.066838 0.069154 0.069552 0.0680373 0.0647929 0.060136 0.0544476 0.0481069 0.0414538 0.0347782 0.0283242 0.022298 0.0168724 0.012185 0.0083295 0.00534066
 0.0102137 0.0158115 0.0223664 0.0294193 0.0366343 0.0438273 0.050813 0.0572673 0.0627471 0.0668131 0.0691345 0.0695402 0.0680403 0.0648203 0.0601952 0.0545392 0.0482243 0.0415834 0.0349004 0.0284148 0.0223346 0.0168437 0.0120976 0.00820653 0.00521195
 0.0102519 0.0158604 0.0224162 0.0294526 0.0366316 0.0437751 0.05071 0.0571264 0.062591 0.0666669 0.0690185 0.0694663 0.0680121 0.0648357 0.06025 0.0546284 0.0483411 0.0417174 0.035036 0.0285328 0.0224164 0.0168773 0.0120831 0.00815661 0.00514622
 0.0102734 0.0158938 0.0224627 0.0295106 0.0366945 0.0438302 0.0507391 0.0571101 0.0625171 0.0665377 0.0688535 0.0692962 0.0678682 0.0647405 0.0602126 0.0546465 0.0484047 0.0418126 0.0351464 0.0286408 0.0225049 0.016934 0.0121041 0.00814721 0.00511862
 0.010311 0.0159493 0.022536 0.0295982 0.0367909 0.0439294 0.0508349 0.0571944 0.0625778 0.0665595 0.0688226 0.0692076 0.0677318 0.0645797 0.0600569 0.0545216 0.0483252 0.0417802 0.0351524 0.0286703 0.0225412 0.016963 0.0121176 0.00814426 0.00510413
 0.0103679 0.016029 0.022632 0.0296968 0.0368753 0.043986 0.0508591 0.0571909 0.0625568 0.0665307 0.06879 0.0691686 0.0676795 0.0645094 0.0599715 0.0544323 0.0482477 0.0417279 0.0351308 0.0286753 0.0225624 0.0169878 0.0121364 0.00815273 0.00510316
 0.010313 0.0159563 0.0225528 0.0296304 0.0368416 0.0439954 0.0509052 0.0572531 0.0626105 0.0665598 0.0687931 0.0691556 0.067663 0.064497 0.0599638 0.0544271 0.0482446 0.0417297 0.035142 0.0286979 0.0225938 0.0170217 0.0121657 0.00817308 0.00511389
 0.0102235 0.0158228 0.0223751 0.0294186 0.0366162 0.0437853 0.0507435 0.0571689 0.0626194 0.0666555 0.0689482 0.0693327 0.0678297 0.0646357 0.0600718 0.0545099 0.0483094 0.0417829 0.0351884 0.0287413 0.0226354 0.0170603 0.0121985 0.00819759 0.00512955
 0.0101497 0.0157015 0.0221907 0.0291567 0.0362688 0.0433574 0.0502602 0.0566778 0.0621837 0.0663397 0.0688003 0.0693699 0.0680345 0.0649631 0.0604658 0.0549199 0.0486996 0.0421334 0.0354911 0.0289945 0.0228407 0.0172206 0.0123175 0.00828041 0.00518264
 0.0101691 0.015726 0.0222136 0.0291653 0.0362445 0.0432784 0.0501066 0.0564385 0.0618649 0.0659709 0.0684329 0.0690663 0.067849 0.0649246 0.0605697 0.0551331 0.0489752 0.0424263 0.0357679 0.0292361 0.0230394 0.0173757 0.0124322 0.00836 0.0052339
 0.0102385 0.0158238 0.0223327 0.0292889 0.0363496 0.0433419 0.05011 0.0563696 0.0617175 0.0657461 0.0681432 0.0687398 0.0675292 0.0646624 0.0604084 0.0550939 0.0490512 0.0425872 0.0359731 0.0294479 0.0232309 0.0175327 0.0125509 0.00844301 0.0052875
 0.0103926 0.0160457 0.0226132 0.0296002 0.0366519 0.0435949 0.0502821 0.056442 0.0616833 0.0656079 0.0679119 0.0684341 0.0671763 0.0642977 0.0600727 0.0548265 0.0488792 0.0425178 0.0359918 0.0295257 0.0233355 0.0176374 0.0126393 0.00850894 0.00533164
 0.0104424 0.0161301 0.0227455 0.0297923 0.0369087 0.0439062 0.0506175 0.0567541 0.0619195 0.0657265 0.0678935 0.0682842 0.0669192 0.063969 0.0597135 0.0544783 0.0485796 0.0422936 0.0358539 0.0294672 0.0233359 0.0176714 0.0126845 0.00855043 0.00536286
 0.0102903 0.0159216 0.0225041 0.0295657 0.0367573 0.0438836 0.0507521 0.0570389 0.0623135 0.0661642 0.0682994 0.068591 0.0670843 0.0639829 0.0595977 0.0542756 0.0483402 0.0420638 0.0356676 0.0293411 0.0232694 0.0176513 0.0126923 0.00856961 0.00538228
