SBPRF35
12.7214
Curr Bio
983278
B35
905817
F35
0.17146
FOFL
0.17146
OFL
139787
Bzero
3.63469e+06
#pred survey bio
 3.74696e+06 3.61002e+06 3.49278e+06 3.3172e+06 3.08372e+06 2.8512e+06 2.61084e+06 2.37914e+06 2.12335e+06 1.88328e+06 1.67673e+06 1.48839e+06 1.3213e+06 1.17512e+06 1.03476e+06 902411 793924 719770 671384 630402 611492 586365 577239 569405 560009 553427 544478 549578 547547 557925 551655 552539 564332 571552 575411 579429 589971 603860 607270 613716 629904 639494 645108 646718 654430 658832 658983 665972 668561 680138 691910 754517 809698 867581 908926 929898 933273 929098 922826 923625 922273 906718 909876 932824 960171 991522 2.31363e+07 2.13644e+07 2.17562e+07 2.24165e+07 2.32403e+07 2.41099e+07 2.49385e+07 2.56763e+07 2.63031e+07 2.68184e+07 2.72324e+07 2.75598e+07 2.7816e+07 2.80153e+07 2.81698e+07 2.82894e+07 2.83821e+07 2.84541e+07 2.85101e+07 2.85539e+07 2.85883e+07 2.86153e+07 2.86367e+07 2.86537e+07 2.86672e+07 2.86779e+07 2.86865e+07 2.86934e+07 2.8699e+07 2.87035e+07 2.87071e+07 2.871e+07 2.87124e+07 2.87144e+07 2.87159e+07 2.87172e+07 2.87182e+07 2.87191e+07 2.87198e+07 2.87204e+07 2.87208e+07 2.87212e+07 2.87215e+07 2.87218e+07 2.8722e+07 2.87221e+07 2.87223e+07 2.87224e+07 2.87225e+07 2.87226e+07 2.87226e+07 2.87227e+07 2.87227e+07 2.87227e+07 2.87228e+07 2.87228e+07 2.87228e+07 2.87228e+07 2.87228e+07 2.87228e+07 2.87229e+07 2.87229e+07 2.87229e+07 2.87229e+07 2.87229e+07 2.87229e+07 2.87229e+07 2.87229e+07 2.87229e+07 2.87229e+07 2.87229e+07 2.87229e+07 2.87229e+07 2.87229e+07 2.87229e+07 2.87229e+07 2.87229e+07 2.87229e+07 2.87229e+07 2.87229e+07 2.87229e+07 2.87229e+07 2.87229e+07 2.87229e+07 2.87229e+07 2.87229e+07 2.87229e+07 2.87229e+07 2.87229e+07 2.87229e+07 2.87229e+07 2.87229e+07 2.87229e+07 2.87229e+07 2.87229e+07 2.87229e+07 2.87229e+07 2.87229e+07 2.87229e+07 2.87229e+07 0 0 0 0 0 0 0 0 0 0 0 0 0 0 0 0 0 0 0 0 0 0 0 0 0
#obs survey bio
 4.45919e+06 3.45773e+06 3.85034e+06 2.86984e+06 4.54635e+06 2.47377e+06 2.78784e+06 2.33993e+06 2.31649e+06 2.09468e+06 1.29664e+06 1.43444e+06 1.40027e+06 1.38196e+06 721377 1.12276e+06 769957 621021 490941 602677 497886 579458 550242 598959 567766 574188 436896 612642 553930 547331 552159 472888 487120 758534 579342 526287 700189 798416 683813 447917 709059 827178 660371 542368 805646 549255 950291 518172 955283 587468 899049 627156 772672 845556 1.14448e+06 1.18739e+06 798818 1.01961e+06 1.00277e+06 985372 938891 865911 821207 1.39961e+06 1.19262e+06 1.06445e+06
#pred catch bio
 102146 93685.9 159212 226038 240828 265028 274827 313771 314546 297205 291082 278613 263063 257923 248178 223104 189551 164674 155326 133589 135674 119122 115951 114863 109991 109959 97189.7 102845 92270.3 106116 99409.7 90929.4 95698.4 98481.5 98167.4 93070.1 91285.8 100852 98922.6 92562.8 100212 104463 107883 102640 105670 109409 104184 109053 102984 105220 66465.6 77705.3 78254.2 93886.7 111549 126531 133162 135205 129533 132209 145319 131448 118916 119633 119368 135232 139787 141078 142720 146072 150726 155720 160434 164547 167944 170641 172719 174284 175442 176288 176898 177335 177645 177864 178018 178126 178202 178255 178291 178317 178334 178346 178355 178361 178365 178368 178369 178371 178372 178372 178373 178373 178373 178373 178373 178374 178374 178374 178374 178374 178374 178374 178374 178374 178374 178374 178374 178374 178374 178374 178374 178374 178374 178374 178374 178374 178374 178374 178374 178374 178374 178374 178374 178374 178374 178374 178374 178374 178374 178374 178374 178374 178374 178374 178374 178374 178374 178374 178374 178374 178374 178374 178374 178374 178374 178374 178374 178374 178374 178374 178374 178374 178374 178374 178374 178374 0 0 0 0 0 0 0 0 0 0 0 0 0 0 0 0 0 0 0 0 0 0 0 0 0
#obs catch bio
 0 93254 159372 226553 240197 264290 273526 313292 314472 296412 292923 280270 263355 257793 248880 222886 189518 166046 157473 134721 136995 119511 116370 115198 109619 109288 97061.7 102691 91915.8 105760 99173.1 90610.3 96073.4 98138.3 98026.9 93015.4 91083.8 100749 98648.9 92598.1 100349 104740 108140 102868 105301 109493 103789 109361 102898 105808 66269.3 78087.2 78530.6 94141 111619 126425 133264 135160 129318 131617 144947 131353 119151 120103 119604 135339
#pred cpue bio
 3.70347e+06 3.56794e+06 3.45063e+06 3.27511e+06 3.04245e+06 2.81046e+06 2.57047e+06 2.33904e+06 2.08399e+06 1.84485e+06 1.63902e+06 1.45161e+06 1.28586e+06 1.14118e+06 1.00243e+06 871811 764985 692002 644526 604648 586564 562443 553852 546491 537692 531620 522986 528034 526160 536414 530349 531208 542660 549848 553831 557822 568126 581737 585081 591194 606755 616035 621645 623362 631043 635364 635422 642114 644434 655544 666743 728146 782811 840184 881107 901705 904681 900179 893849 894604 893100 877312 879616 901521 928317 959373 2.23979e+07 2.06891e+07 2.10095e+07 2.16052e+07 2.24114e+07 2.32777e+07 2.41058e+07 2.48436e+07 2.54703e+07 2.59856e+07 2.63996e+07 2.6727e+07 2.69832e+07 2.71825e+07 2.7337e+07 2.74566e+07 2.75493e+07 2.76213e+07 2.76773e+07 2.77212e+07 2.77555e+07 2.77826e+07 2.78039e+07 2.78209e+07 2.78344e+07 2.78451e+07 2.78538e+07 2.78607e+07 2.78662e+07 2.78707e+07 2.78743e+07 2.78773e+07 2.78796e+07 2.78816e+07 2.78831e+07 2.78844e+07 2.78855e+07 2.78863e+07 2.7887e+07 2.78876e+07 2.7888e+07 2.78884e+07 2.78887e+07 2.7889e+07 2.78892e+07 2.78894e+07 2.78895e+07 2.78896e+07 2.78897e+07 2.78898e+07 2.78898e+07 2.78899e+07 2.78899e+07 2.789e+07 2.789e+07 2.789e+07 2.789e+07 2.789e+07 2.78901e+07 2.78901e+07 2.78901e+07 2.78901e+07 2.78901e+07 2.78901e+07 2.78901e+07 2.78901e+07 2.78901e+07 2.78901e+07 2.78901e+07 2.78901e+07 2.78901e+07 2.78901e+07 2.78901e+07 2.78901e+07 2.78901e+07 2.78901e+07 2.78901e+07 2.78901e+07 2.78901e+07 2.78901e+07 2.78901e+07 2.78901e+07 2.78901e+07 2.78901e+07 2.78901e+07 2.78901e+07 2.78901e+07 2.78901e+07 2.78901e+07 2.78901e+07 2.78901e+07 2.78901e+07 2.78901e+07 2.78901e+07 2.78901e+07 2.78901e+07 2.78901e+07 2.78901e+07 2.78901e+07 2.78901e+07 0 0 0 0 0 0 0 0 0 0 0 0 0 0 0 0 0 0 0 0 0 0 0 0 0
#obs cpue bio
 3.08148e+06 3.14804e+06 3.55061e+06 3.33117e+06 3.27216e+06 3.56042e+06 2.64747e+06 1.91639e+06 1.61347e+06 1.94506e+06 1.05988e+06 1.4689e+06 1.57390e+06 1.09343e+06 1.20414e+06 843560 731547 451969 599112 609365 687881 658060 556308 536356 775516 709654 431149 590250 521256 690204 481342 649308 383953 743866 492437 557054 529053 468016 594165 554868 553158 413624 631435 653687 865614 576962 589969 538691 537299 608269 478125 634417 644139 1.17191e+06 925981 841388 885114 929754 870657 1.11744e+06 895771 719028 675182 511676 778404 1.20629e+06
#pred surv len freq
 0.00417975 0.00689209 0.0105707 0.0152614 0.0208833 0.0271359 0.0334837 0.0393031 0.0441224 0.0477705 0.0503423 0.0520549 0.0531264 0.0537266 0.0539808 0.0539923 0.0538682 0.0537159 0.0535773 0.0532966 0.0524031 0.0501576 0.0458565 0.0392852 0.0310135
 0.0044621 0.0072724 0.0110002 0.0156527 0.0211433 0.0272124 0.0333958 0.0391309 0.0439596 0.0476724 0.0503048 0.0520375 0.0530979 0.0537014 0.0540197 0.0541698 0.0542214 0.0542036 0.0540704 0.053614 0.0523832 0.0497336 0.0450921 0.0383483 0.0301004
 0.00450835 0.00740652 0.0113045 0.0162227 0.0220434 0.0284181 0.0347612 0.0404199 0.0449368 0.0482026 0.0503948 0.0517986 0.0526692 0.053193 0.0535041 0.0537004 0.0538408 0.0539254 0.053851 0.0533486 0.051945 0.0490411 0.0441635 0.0373016 0.0290989
 0.00461255 0.00756373 0.0115237 0.016518 0.022447 0.028989 0.0355736 0.041521 0.0462916 0.0496624 0.0517264 0.0527707 0.0531448 0.0531703 0.0530889 0.0530423 0.0530771 0.0531472 0.0530897 0.0525763 0.051098 0.0480673 0.0430704 0.0361715 0.0280566
 0.00481573 0.00788977 0.0120051 0.017179 0.0232966 0.030014 0.0367371 0.0427732 0.0475868 0.050966 0.0529962 0.0539254 0.0540531 0.0536848 0.0531091 0.0525617 0.0521816 0.0519699 0.0517535 0.0511577 0.0496278 0.0465614 0.0415691 0.0347561 0.0268292
 0.00505131 0.00826898 0.0125686 0.0179618 0.0243206 0.0312772 0.0382014 0.0443613 0.0491951 0.0524896 0.0543529 0.0550618 0.0549295 0.0542513 0.0532952 0.0522959 0.0514294 0.0507616 0.0501793 0.0493366 0.0476769 0.0445874 0.0396768 0.0330543 0.0254152
 0.00530485 0.0086831 0.0131953 0.0188498 0.0255053 0.0327649 0.0399529 0.0462873 0.0511689 0.0543725 0.0560192 0.056415 0.0559075 0.0548192 0.0534308 0.0519751 0.0506261 0.0494665 0.0484249 0.047211 0.0453177 0.0421631 0.0373642 0.0310133 0.0237615
 0.00551751 0.00903929 0.0137509 0.0196643 0.0266301 0.0342245 0.0417261 0.0482984 0.0532973 0.0564741 0.0579495 0.0580466 0.0571403 0.0555853 0.0536916 0.0517128 0.0498335 0.0481458 0.0466009 0.0449532 0.0427567 0.039487 0.0347907 0.0287448 0.0219388
 0.00576696 0.00945034 0.0143803 0.0205696 0.0278601 0.0358028 0.0436329 0.0504612 0.055597 0.0587642 0.0600773 0.0598703 0.0585412 0.0564753 0.0540155 0.0514438 0.0489665 0.0466929 0.0445972 0.0424741 0.039938 0.0365299 0.0319382 0.0262298 0.0199248
 0.00608649 0.00995894 0.015126 0.0215913 0.0291828 0.0374294 0.0455332 0.0525661 0.0578042 0.0609519 0.0621195 0.0616466 0.0599428 0.0574099 0.0544108 0.0512508 0.0481594 0.045271 0.042591 0.0399601 0.0370563 0.0334895 0.0289937 0.0236278 0.0178405
 0.00631969 0.010355 0.0157526 0.0225197 0.0304696 0.0390904 0.0475203 0.0547658 0.0600628 0.0631151 0.0640615 0.0632775 0.0611986 0.0582383 0.0547628 0.0510794 0.0474256 0.0439528 0.040699 0.0375564 0.0342723 0.0305299 0.0261122 0.0210727 0.0157902
 0.0064876 0.0106433 0.0162161 0.0232217 0.0314727 0.0404371 0.0492117 0.0567464 0.0622212 0.0652997 0.0661065 0.0650318 0.0625483 0.059115 0.0551348 0.0509335 0.0467517 0.0427429 0.0389607 0.0353379 0.0316872 0.0277655 0.0234075 0.0186656 0.0138537
 0.00667293 0.0109432 0.0166658 0.0238559 0.0323223 0.0415235 0.0505372 0.0582868 0.0639224 0.0670797 0.0678598 0.0666379 0.0638852 0.0600761 0.0556432 0.0509459 0.0462518 0.0417321 0.0374578 0.0333927 0.0294019 0.0253062 0.0209884 0.0165032 0.0121081
 0.00687697 0.0112742 0.0171622 0.024552 0.0332405 0.0426636 0.0518668 0.0597411 0.065418 0.0685343 0.0692052 0.0678197 0.0648533 0.0607767 0.0560183 0.0509406 0.0458239 0.0408601 0.0361472 0.031686 0.0273911 0.0231389 0.0188538 0.0145921 0.0105631
 0.00709307 0.011634 0.0177187 0.0253576 0.0343338 0.0440486 0.0534943 0.0615054 0.0671759 0.0701387 0.0705382 0.0688094 0.0654745 0.0610368 0.0559376 0.0505341 0.0450941 0.0398012 0.0347606 0.0299998 0.0254778 0.0211221 0.0168946 0.0128537 0.00916545
 0.00731542 0.0120028 0.0182871 0.0261795 0.0354521 0.0454766 0.055196 0.0633864 0.0690935 0.0719272 0.0720396 0.0699006 0.0660854 0.0611559 0.0556023 0.0498088 0.0440451 0.0384811 0.033208 0.028255 0.0236038 0.0192183 0.0150897 0.0112777 0.00791209
 0.00759471 0.012438 0.0189077 0.0270021 0.0364806 0.0467014 0.0565895 0.0648969 0.0706432 0.0734176 0.0733601 0.0709424 0.0667566 0.0613974 0.0553979 0.0491855 0.0430611 0.037208 0.0317174 0.0266156 0.0218901 0.0175204 0.0135119 0.00992017 0.00684368
 0.00773592 0.0126751 0.0192775 0.0275407 0.0372127 0.0476258 0.0576677 0.0660567 0.0717987 0.0744927 0.0743019 0.0717153 0.0673277 0.0617271 0.0554443 0.0489187 0.0424767 0.0363322 0.0306023 0.0253311 0.0205186 0.0161531 0.0122431 0.0088329 0.00599165
 0.00772696 0.0126716 0.0192936 0.0275998 0.0373453 0.0478639 0.0580374 0.0665694 0.0724436 0.0752345 0.075086 0.0724786 0.0680106 0.0622787 0.055821 0.0490818 0.0423961 0.0359948 0.0300211 0.0245484 0.0196025 0.0151891 0.0113204 0.00802884 0.00535592
 0.00774817 0.0127007 0.0193284 0.0276369 0.0373841 0.0479119 0.0581132 0.0667006 0.072659 0.0755526 0.0755056 0.0729752 0.0685399 0.062786 0.0562505 0.0493837 0.0425303 0.0359345 0.0297582 0.0240994 0.0190115 0.0145224 0.0106548 0.00743386 0.00487861
 0.0076824 0.0125913 0.0191596 0.0273938 0.037058 0.047508 0.0576583 0.0662458 0.0722735 0.0753107 0.0754687 0.0731756 0.0689707 0.0633993 0.0569671 0.0501098 0.0431755 0.0364264 0.0300516 0.0241816 0.0189028 0.0142721 0.0103291 0.00709998 0.00458827
 0.00776187 0.0127044 0.0192995 0.0275421 0.037188 0.0475902 0.0576674 0.0661662 0.0721051 0.0750733 0.0752031 0.0729382 0.0688197 0.0633774 0.0570869 0.0503472 0.0434761 0.0367204 0.0302732 0.024286 0.0188762 0.0141327 0.0101185 0.00686814 0.00437817
 0.00774551 0.0126764 0.0192544 0.0274731 0.0370868 0.047449 0.0574808 0.0659347 0.0718384 0.074792 0.074938 0.0727264 0.0686984 0.0633766 0.0572215 0.050611 0.0438379 0.0371276 0.0306625 0.0245995 0.0190775 0.0142149 0.0101028 0.00679242 0.0042819
 0.00765819 0.0125491 0.0190898 0.0272827 0.0368871 0.0472551 0.0573016 0.0657721 0.0716899 0.0746547 0.0748129 0.0726214 0.068629 0.0633638 0.0572863 0.0507667 0.0440824 0.0374388 0.0310004 0.0249158 0.0193294 0.0143788 0.0101791 0.00680169 0.00425326
 0.00764641 0.012517 0.0190185 0.0271496 0.0366751 0.0469647 0.0569594 0.0654265 0.0713942 0.0744468 0.0747035 0.0725974 0.0686673 0.0634457 0.0574054 0.0509267 0.0442892 0.037691 0.0312828 0.0251999 0.0195819 0.0145729 0.0103039 0.00686364 0.00427076
 0.00772256 0.0126191 0.0191315 0.0272438 0.0367119 0.0469075 0.0567856 0.0651369 0.0710166 0.0740328 0.0743167 0.0722955 0.0684851 0.0633885 0.0574554 0.0510574 0.0444768 0.0379179 0.0315334 0.0254554 0.0198195 0.0147708 0.0104485 0.00695393 0.00431677
 0.00779267 0.0127362 0.0193116 0.0274989 0.0370413 0.0472873 0.0571627 0.0654363 0.0711632 0.0739802 0.0740663 0.0718965 0.068016 0.0629308 0.0570709 0.0507778 0.0443066 0.037844 0.0315348 0.0255089 0.0199011 0.014858 0.0105235 0.00700717 0.00434746
 0.00772648 0.0126316 0.0191609 0.0273003 0.0368022 0.0470281 0.0569165 0.0652409 0.0710465 0.073946 0.074092 0.0719458 0.0680595 0.0629606 0.057101 0.0508326 0.0444058 0.0379932 0.0317245 0.0257198 0.0201106 0.0150454 0.0106749 0.00711682 0.00441804
 0.00776083 0.0126783 0.0192142 0.0273486 0.0368308 0.0470243 0.0568745 0.0651647 0.0709497 0.0738474 0.0740085 0.0718846 0.0680154 0.0629207 0.0570555 0.0507827 0.0443647 0.0379784 0.0317479 0.0257813 0.0201989 0.0151434 0.0107659 0.00718976 0.00446898
 0.00767528 0.0125457 0.0190267 0.0271032 0.0365298 0.0466761 0.0564949 0.0647791 0.0705919 0.073556 0.0738199 0.0718241 0.0680899 0.0631152 0.0573365 0.0511095 0.0447017 0.0383027 0.0320497 0.0260573 0.0204461 0.0153561 0.010938 0.00731827 0.0045563
 0.00774308 0.0126493 0.01917 0.0272841 0.03674 0.0468998 0.0567089 0.0649535 0.0706951 0.0735627 0.0737202 0.0716297 0.0678323 0.0628373 0.0570795 0.0509014 0.0445529 0.0382099 0.0320033 0.0260471 0.0204626 0.0153901 0.0109796 0.00735847 0.00458893
 0.00783001 0.0127725 0.0193217 0.0274461 0.0368884 0.0470139 0.0567778 0.064977 0.0706796 0.0735153 0.0736448 0.0715269 0.0677032 0.0626879 0.0569231 0.0507561 0.0444362 0.0381326 0.0319668 0.0260454 0.020486 0.015428 0.0110221 0.00739795 0.00462058
 0.00766689 0.0125439 0.0190447 0.0271573 0.036631 0.046819 0.056651 0.0649014 0.0706315 0.0734816 0.07363 0.071546 0.0677685 0.0627997 0.0570698 0.0509219 0.0446082 0.0383037 0.032134 0.0262057 0.0206346 0.015559 0.0111305 0.00748104 0.00467905
 0.00759228 0.0124121 0.0188293 0.0268341 0.036192 0.0462887 0.0560947 0.0644123 0.0702971 0.0733483 0.0736879 0.0717444 0.0680463 0.06311 0.0573869 0.0512342 0.044909 0.0385872 0.0323946 0.0264392 0.0208376 0.0157286 0.0112649 0.00758088 0.00474764
 0.00761827 0.0124423 0.0188514 0.0268264 0.0361262 0.0461363 0.055838 0.0640551 0.0698737 0.0729215 0.0733336 0.0715255 0.0679901 0.0632024 0.057586 0.0514918 0.0451867 0.0388605 0.03265 0.0266688 0.0210366 0.0158937 0.011395 0.00767687 0.00481333
 0.00764955 0.0124908 0.0189193 0.0269119 0.0362209 0.0462232 0.05589 0.0640396 0.0697622 0.0727037 0.073028 0.0711799 0.0676691 0.0629661 0.0574693 0.0514965 0.0452876 0.0390209 0.0328352 0.0268535 0.0212047 0.0160366 0.0115087 0.00776139 0.0048714
 0.00762287 0.0124482 0.018857 0.0268275 0.0361147 0.0460991 0.0557557 0.0639043 0.0696327 0.0725801 0.0729053 0.0710539 0.067545 0.0628627 0.0574143 0.0515148 0.0453889 0.0391947 0.0330554 0.0270886 0.0214273 0.0162282 0.0116604 0.00787224 0.00494605
 0.00755596 0.012344 0.0187088 0.0266328 0.0358758 0.0458249 0.0554627 0.0636165 0.0693777 0.0723832 0.0727819 0.0710065 0.0675645 0.0629349 0.057528 0.0516663 0.04558 0.0394255 0.0333176 0.0273637 0.0216919 0.0164608 0.0118475 0.00800997 0.00503871
 0.00766643 0.0125005 0.0189015 0.0268377 0.0360611 0.045961 0.0555309 0.0636111 0.0693034 0.0722508 0.0726058 0.0708033 0.067352 0.0627299 0.0573452 0.0515175 0.045475 0.0393716 0.0333169 0.0274105 0.0217721 0.0165557 0.0119393 0.00808624 0.00509446
 0.00774908 0.012634 0.0190991 0.027107 0.0363976 0.0463407 0.0559074 0.0639229 0.0694923 0.0722829 0.072483 0.0705581 0.0670318 0.062381 0.0570038 0.0512082 0.0452137 0.0391678 0.0331748 0.0273284 0.0217416 0.0165627 0.0119672 0.00812035 0.0051248
 0.00764432 0.0124871 0.018922 0.0269265 0.0362495 0.0462585 0.0559117 0.0640143 0.0696508 0.0724726 0.0726613 0.0706889 0.0670965 0.062382 0.0569596 0.0511438 0.0451514 0.0391235 0.0331571 0.0273393 0.0217773 0.0166149 0.0120252 0.0081741 0.00516769
 0.00752552 0.012308 0.0186798 0.0266312 0.0359249 0.0459419 0.05565 0.0638565 0.0696333 0.0726041 0.0729155 0.0710113 0.0674225 0.0626582 0.0571573 0.0512614 0.0452073 0.039144 0.0331665 0.0273541 0.0218045 0.0166535 0.0120694 0.00821653 0.00520274
 0.00747511 0.0122205 0.0185387 0.0264199 0.0356337 0.0455771 0.0552421 0.0634589 0.0693114 0.0724161 0.0728953 0.0711584 0.067703 0.0630151 0.0575278 0.0515942 0.0454738 0.03934 0.0333049 0.0274543 0.0218835 0.016721 0.0121283 0.00826593 0.00524084
 0.00746258 0.0122003 0.0185077 0.0263737 0.0355652 0.0454762 0.0550978 0.0632653 0.0690753 0.0721626 0.0726661 0.0710007 0.0676533 0.0630846 0.0576985 0.0518258 0.0457196 0.0395621 0.0334834 0.0275871 0.0219794 0.0167916 0.0121821 0.00830741 0.00527169
 0.00747792 0.0122111 0.0184984 0.0263218 0.0354485 0.0452827 0.0548332 0.0629531 0.0687485 0.0718542 0.0724036 0.0708071 0.0675493 0.0630871 0.0578135 0.0520415 0.0460056 0.0398767 0.0337866 0.0278505 0.0221904 0.0169508 0.0122969 0.00838684 0.00532423
 0.00749022 0.0122364 0.0185451 0.0263977 0.0355546 0.0454063 0.0549448 0.0630125 0.0687202 0.0717232 0.0721832 0.0705338 0.0672698 0.0628457 0.0576438 0.0519627 0.0460192 0.0399673 0.0339258 0.0280064 0.0223366 0.0170716 0.0123876 0.00844996 0.0053653
 0.007563 0.0123441 0.0186878 0.0265695 0.0357465 0.0456095 0.0551511 0.0632105 0.06889 0.0718354 0.0722055 0.0704445 0.0670702 0.0625636 0.0573259 0.0516599 0.0457725 0.0397985 0.0338358 0.0279798 0.0223502 0.017103 0.012421 0.00847743 0.00538468
 0.00758506 0.0123804 0.0187426 0.0266461 0.0358448 0.045724 0.0552707 0.0633209 0.0689788 0.0718958 0.0722356 0.070442 0.0670289 0.0624768 0.0571939 0.0514964 0.0456029 0.0396516 0.0337327 0.027927 0.0223402 0.0171205 0.0124498 0.00850575 0.00540672
 0.00764198 0.0124694 0.0188699 0.0268147 0.0360537 0.0459669 0.055534 0.0635833 0.0692134 0.0720755 0.0723392 0.0704593 0.066961 0.0623333 0.0569891 0.0512476 0.0453316 0.0393826 0.0334911 0.027732 0.0221999 0.0170312 0.0124001 0.00848185 0.00539711
 0.00770132 0.0125523 0.0189698 0.0269175 0.0361428 0.0460302 0.05557 0.0636007 0.0692266 0.0720968 0.0723735 0.0705015 0.0669987 0.0623514 0.0569752 0.0511958 0.045244 0.0392697 0.0333689 0.0276181 0.0221081 0.0169677 0.0123632 0.00846475 0.00539168
 0.00765368 0.0124978 0.0189291 0.0269213 0.0362199 0.0461915 0.0557968 0.063849 0.0694447 0.0722479 0.0724474 0.0705115 0.0669676 0.0622979 0.0569076 0.0511136 0.0451445 0.0391531 0.0332418 0.027492 0.0219957 0.0168785 0.0123005 0.00842601 0.00537081
 0.00729099 0.0119194 0.0180836 0.0257787 0.0347899 0.0445448 0.0540776 0.0622605 0.0682006 0.0715097 0.0722815 0.0708871 0.0677849 0.0634259 0.0582125 0.0524755 0.0464649 0.0403599 0.0342899 0.0283615 0.0226866 0.0174041 0.012682 0.00868823 0.00553976
 0.00710398 0.0116054 0.0175924 0.0250584 0.0337986 0.0432712 0.052564 0.0606142 0.0665858 0.070119 0.0712955 0.0704336 0.0679106 0.0640895 0.0593022 0.053841 0.0479514 0.0418323 0.0356458 0.029535 0.023646 0.0181458 0.013223 0.00905883 0.00577653
 0.0069801 0.0113979 0.0172681 0.0245802 0.0331307 0.0423887 0.051465 0.0593309 0.0651891 0.0687174 0.0700278 0.0694515 0.0673519 0.0640451 0.0597894 0.0547966 0.0492468 0.0433061 0.0371389 0.0309173 0.0248305 0.0190909 0.013926 0.00954512 0.00608809
 0.00695216 0.0113507 0.0171926 0.024464 0.0329565 0.0421339 0.0511028 0.0588348 0.064541 0.0679189 0.0691121 0.0684923 0.0664608 0.0633554 0.0594254 0.0548378 0.0497014 0.0441057 0.0381584 0.0320103 0.0258649 0.019974 0.014613 0.0100342 0.00640679
 0.00702277 0.0114593 0.0173441 0.0246572 0.0331822 0.0423728 0.0513232 0.0589916 0.0645801 0.0677866 0.0687694 0.06793 0.0657133 0.0625061 0.058598 0.0541704 0.0493096 0.0440478 0.0384177 0.032504 0.0264749 0.0205844 0.0151393 0.0104352 0.00668
 0.00707404 0.0115566 0.0175155 0.0249347 0.0335917 0.0429172 0.0519696 0.0596696 0.0651949 0.0682406 0.0689819 0.0678499 0.0653269 0.061843 0.0577346 0.0532243 0.0484202 0.0433428 0.037979 0.0323458 0.0265472 0.0207982 0.0154015 0.0106761 0.00686404
 0.00705418 0.0115404 0.0175217 0.0249936 0.0337398 0.0431885 0.0523833 0.0602199 0.065844 0.0689183 0.0695939 0.068295 0.0655202 0.0617365 0.0573308 0.0525798 0.0476375 0.0425498 0.0372975 0.0318595 0.0262811 0.0207212 0.0154484 0.0107774 0.00696784
 0.00705953 0.0115444 0.0175201 0.0249827 0.033722 0.0431785 0.0524113 0.0603265 0.0660662 0.0692711 0.0700561 0.0688068 0.0659932 0.0620754 0.0574594 0.0524636 0.0472964 0.0420553 0.0367532 0.0313692 0.025918 0.0205098 0.0153683 0.0107825 0.00701063
 0.00710968 0.0116118 0.0175953 0.0250476 0.0337547 0.0431617 0.0523407 0.0602165 0.0659503 0.0691961 0.0700695 0.0689387 0.0662401 0.0623929 0.0577716 0.0526871 0.0473699 0.0419628 0.036529 0.0310833 0.0256468 0.0203082 0.0152548 0.0107437 0.00701731
 0.00722032 0.0117809 0.0178287 0.0253409 0.0340911 0.0435113 0.0526617 0.0604619 0.066081 0.069197 0.0699586 0.0687637 0.0660603 0.0622559 0.0576931 0.0526456 0.0473188 0.0418549 0.0363421 0.0308316 0.0253733 0.0200625 0.0150712 0.0106309 0.00696261
 0.00744503 0.0121307 0.0183253 0.0259914 0.0348834 0.0444094 0.0536014 0.0613522 0.0668185 0.0696892 0.0701481 0.0686423 0.0656702 0.061676 0.0570155 0.0519488 0.0466494 0.0412261 0.0357482 0.0302693 0.0248545 0.0196123 0.014714 0.0103766 0.00680225
 0.00749756 0.0122301 0.0185001 0.0262755 0.0353065 0.0449819 0.0543018 0.0621244 0.0675823 0.0703584 0.0706468 0.0689168 0.0656957 0.0614605 0.0565994 0.0513952 0.0460273 0.0405931 0.0351414 0.0297083 0.0243521 0.0191816 0.0143682 0.0101219 0.00663304
 0.00733055 0.0119866 0.0181873 0.0259221 0.0349599 0.044701 0.0541468 0.0621462 0.0678085 0.0707809 0.0712169 0.0695536 0.0663054 0.0619598 0.056933 0.0515451 0.0460105 0.0404497 0.0349193 0.0294505 0.0240912 0.0189412 0.0141648 0.00996506 0.0065241
 0.00719359 0.0117605 0.0178427 0.0254354 0.0343258 0.043948 0.053349 0.0614174 0.067276 0.0705474 0.0713293 0.0699914 0.0669906 0.0627791 0.0577662 0.0522903 0.0466022 0.0408645 0.0351693 0.0295694 0.0241198 0.0189171 0.0141175 0.00991489 0.00648263
 0.00706223 0.0115514 0.0175359 0.0250144 0.0337797 0.0432764 0.0525704 0.0605782 0.066454 0.0698452 0.0708562 0.0698358 0.0671926 0.0633148 0.0585516 0.0532046 0.0475197 0.0416841 0.0358313 0.0300571 0.0244489 0.0191206 0.0142323 0.00997343 0.00650919
#obs surv len freq
 nan nan nan nan nan nan nan nan nan nan nan nan nan nan nan nan nan nan nan nan nan nan nan nan nan
 0.00448031 0.00733968 0.0111679 0.015983 0.0216835 0.0279596 0.0342749 0.0400076 0.0446888 0.0481543 0.0505138 0.0520111 0.0529048 0.0534184 0.0537336 0.0539892 0.0542683 0.0545614 0.0547004 0.0542924 0.0527303 0.0493621 0.0438112 0.0362904 0.027673
 0.00461308 0.00755673 0.0114964 0.0164483 0.0223025 0.0287319 0.0351731 0.0409746 0.0456454 0.0490144 0.0512009 0.0524696 0.0531056 0.05336 0.0534377 0.0534928 0.0536148 0.0537936 0.0538574 0.0534111 0.0518495 0.0485247 0.043062 0.0356672 0.0271967
 0.00478778 0.00784061 0.0119234 0.0170499 0.0231017 0.0297334 0.0363529 0.042275 0.0469804 0.0502835 0.0523037 0.0533182 0.0536333 0.053528 0.0532383 0.052948 0.0527698 0.0527077 0.052597 0.0520467 0.0504567 0.0471846 0.0418549 0.0346594 0.0264251
 0.00497365 0.00814854 0.0123975 0.0177344 0.0240319 0.0309215 0.037773 0.0438593 0.0486284 0.0518812 0.0537404 0.0544957 0.05447 0.0539613 0.0532295 0.0524867 0.0518765 0.0514326 0.0510161 0.0502581 0.0485765 0.0453414 0.0401759 0.0332487 0.0253411
 0.00518915 0.00849851 0.0129239 0.0184773 0.0250235 0.0321753 0.039272 0.0455486 0.0504194 0.0536643 0.0554 0.0559214 0.0555645 0.0546445 0.0534417 0.0521911 0.0510639 0.0501272 0.0492807 0.0481973 0.0463348 0.0430911 0.0380936 0.0314815 0.0239747
 0.00540821 0.00885942 0.0134758 0.0192688 0.0260926 0.0335346 0.0408942 0.0473624 0.0523218 0.0555415 0.057144 0.057437 0.0567667 0.055457 0.0537963 0.0520325 0.0503563 0.0488649 0.0475013 0.0459935 0.0438593 0.0405452 0.0356959 0.0294216 0.0223688
 0.00564917 0.00925204 0.0140687 0.0201083 0.0272152 0.0349536 0.0425854 0.0492575 0.0543163 0.0575133 0.0589734 0.0590191 0.0580165 0.0563069 0.0541904 0.0519219 0.0496998 0.0476392 0.0457194 0.0437271 0.0412529 0.0378109 0.0330792 0.0271455 0.0205781
 0.00588615 0.00964221 0.0146649 0.0209626 0.0283685 0.0364196 0.0443339 0.0512102 0.056359 0.0595188 0.0608222 0.0606097 0.0592672 0.0571533 0.0545818 0.0518161 0.0490607 0.0464416 0.0439651 0.04147 0.0386218 0.0350124 0.0303668 0.0247604 0.0186851
 0.00612795 0.0100369 0.0152622 0.0218104 0.0295045 0.0378575 0.0460485 0.0531308 0.0583776 0.0615095 0.0626611 0.0621891 0.0605014 0.057979 0.0549536 0.0516998 0.0484283 0.0452727 0.0422598 0.0392729 0.0360475 0.0322537 0.0276708 0.0223704 0.0167742
 0.00638902 0.0104653 0.015914 0.0227394 0.0307507 0.0394293 0.0479057 0.0551802 0.0604884 0.0635401 0.0644836 0.0637016 0.0616297 0.0586726 0.0551808 0.051441 0.0476703 0.0440079 0.040496 0.0370543 0.0334799 0.0295165 0.0249976 0.0199962 0.01487
 0.00662504 0.0108537 0.0165074 0.0235899 0.0319 0.0408923 0.0496536 0.0571336 0.0625266 0.0655241 0.066279 0.0651949 0.0627367 0.0593393 0.0553784 0.0511582 0.0469053 0.0427651 0.0387928 0.0349379 0.0310501 0.0269375 0.0224827 0.0177614 0.0130743
 0.00681742 0.0111708 0.0169927 0.0242875 0.0328466 0.0421048 0.051115 0.0587868 0.0642813 0.067271 0.0679061 0.0665984 0.0638278 0.0600497 0.0556625 0.0509917 0.046281 0.0416893 0.0372877 0.0330538 0.0288819 0.0246343 0.0202351 0.0157618 0.0114649
 0.00703751 0.0115282 0.0175297 0.0250427 0.033847 0.0433536 0.0525799 0.0603964 0.0659355 0.0688615 0.0693335 0.0677816 0.0647052 0.0605764 0.0558081 0.050738 0.0456211 0.040629 0.0358494 0.031287 0.0268761 0.022525 0.0181916 0.0139527 0.0100132
 0.00728631 0.0119329 0.0181387 0.0258991 0.0349782 0.0447558 0.0542031 0.062142 0.067673 0.0704564 0.0706737 0.0687904 0.0653412 0.0608267 0.0556779 0.0502412 0.0447743 0.039451 0.0343676 0.0295491 0.0249628 0.0205557 0.0163126 0.0123072 0.00870295
 0.00743895 0.0121937 0.0185544 0.0265206 0.0358492 0.0458944 0.0555839 0.0636901 0.0692749 0.071983 0.0720036 0.0698269 0.0660209 0.0611206 0.0555867 0.0497864 0.0439873 0.0383666 0.0330246 0.0279985 0.0232789 0.0188415 0.0146914 0.010897 0.00758584
 0.00749767 0.0122916 0.0187076 0.0267496 0.0361789 0.0463525 0.0561957 0.0644686 0.0702104 0.0730346 0.0730983 0.0708688 0.066909 0.0617673 0.0559316 0.0498011 0.0436719 0.0377427 0.0321302 0.0268868 0.0220224 0.0175336 0.0134384 0.00979888 0.00671194
 0.00758666 0.0124228 0.0188806 0.0269565 0.0364091 0.0465996 0.0564627 0.0647703 0.0705691 0.0734723 0.0736257 0.0714736 0.0675492 0.0623744 0.0564239 0.050102 0.0437264 0.0375261 0.0316497 0.0261791 0.0211506 0.0165818 0.0125014 0.00896461 0.00604169
 0.007671 0.0125563 0.0190737 0.0272143 0.0367274 0.0469616 0.0568382 0.0651214 0.0708641 0.0737003 0.0738026 0.0716344 0.0677286 0.0625864 0.0566507 0.0502959 0.0438247 0.0374709 0.0314058 0.0257452 0.0205607 0.0158996 0.0118062 0.00833248 0.00552745
 0.00769963 0.012601 0.0191379 0.0273004 0.0368373 0.0470962 0.0569964 0.065298 0.0710486 0.0738783 0.0739616 0.0717702 0.067849 0.0627079 0.0567862 0.0504418 0.0439544 0.0375402 0.0313684 0.0255716 0.020252 0.0154898 0.0113526 0.00789821 0.00516215
 0.00775437 0.0126826 0.0192469 0.0274324 0.0369842 0.0472488 0.0571459 0.0654373 0.0711726 0.0739839 0.0740472 0.071835 0.0678939 0.0627371 0.056807 0.0504613 0.0439721 0.037542 0.0313286 0.025463 0.0200605 0.0152247 0.0110461 0.0075937 0.00489876
 0.00779551 0.0127462 0.019336 0.027547 0.0371201 0.0473972 0.0572939 0.0655696 0.0712755 0.0740504 0.0740787 0.0718399 0.067883 0.0627193 0.0567882 0.0504442 0.0439559 0.037521 0.0312903 0.0253911 0.0199421 0.015059 0.0108482 0.00739034 0.00471742
 0.00784422 0.012817 0.0194272 0.0276516 0.0372283 0.0474993 0.057383 0.0656416 0.0713285 0.0740831 0.0740909 0.0718332 0.0678619 0.0626902 0.0567576 0.0504168 0.0439328 0.0374989 0.0312617 0.0253454 0.01987 0.0149573 0.0107239 0.00725884 0.0045968
 0.00788923 0.0128907 0.0195382 0.0278065 0.0374279 0.0477344 0.0576317 0.0658724 0.0715088 0.0741899 0.0741172 0.0717875 0.0677617 0.0625555 0.0566068 0.0502646 0.0437893 0.0373689 0.0311447 0.0252365 0.0197627 0.0148473 0.0106122 0.00715188 0.00450351
 0.0078811 0.0128796 0.0195258 0.0277966 0.0374266 0.0477496 0.0576714 0.0659414 0.0716051 0.074303 0.0742295 0.07188 0.0678204 0.0625761 0.0565937 0.0502276 0.043739 0.0373137 0.031089 0.0251807 0.0197047 0.0147854 0.010547 0.00708744 0.00444568
 0.00787463 0.0128622 0.0194877 0.0277254 0.0373126 0.0475925 0.0574853 0.0657547 0.0714529 0.074216 0.0742237 0.0719529 0.0679533 0.0627411 0.0567634 0.0503814 0.0438664 0.0374123 0.0311607 0.0252285 0.0197311 0.0147926 0.0105384 0.00706823 0.00442216
 0.00786886 0.0128493 0.0194614 0.027677 0.0372321 0.0474711 0.0573198 0.0655509 0.0712285 0.0739996 0.0740504 0.0718547 0.0679488 0.0628296 0.0569251 0.0505855 0.0440809 0.0376118 0.03133 0.0253614 0.0198274 0.0148557 0.0105737 0.00708286 0.00442362
 0.00789115 0.0128802 0.0194977 0.0277117 0.0372553 0.047472 0.0572885 0.0654806 0.0711169 0.0738515 0.0738795 0.0716836 0.0678057 0.0627406 0.056906 0.0506361 0.0441859 0.0377469 0.03147 0.025487 0.0199274 0.0149269 0.0106186 0.00710681 0.00443336
 0.00787317 0.0128535 0.0194621 0.0276684 0.0372055 0.0474163 0.0572257 0.0654085 0.0710338 0.0737577 0.073779 0.071584 0.0677186 0.06268 0.056886 0.0506664 0.0442673 0.0378696 0.0316156 0.0256343 0.0200585 0.0150309 0.0106923 0.00715349 0.00445939
 0.0078688 0.0128426 0.0194389 0.0276257 0.0371378 0.0473225 0.0571124 0.0652883 0.0709212 0.0736636 0.0737077 0.0715342 0.0676871 0.0626658 0.0568918 0.0506978 0.0443295 0.037963 0.0317337 0.025764 0.0201842 0.0151392 0.0107755 0.00721056 0.00449424
 0.00783968 0.0127965 0.0193716 0.0275342 0.03702 0.0471788 0.0569466 0.0651097 0.0707445 0.0735074 0.0735901 0.0714685 0.0676777 0.0627081 0.0569757 0.0508123 0.0444656 0.0381146 0.0318947 0.0259261 0.0203369 0.0152717 0.0108805 0.0072858 0.00454278
 0.00782221 0.0127648 0.019318 0.0274499 0.0368981 0.0470175 0.0567528 0.0648987 0.0705368 0.0733236 0.0734471 0.0713781 0.0676466 0.0627375 0.0570607 0.0509428 0.0446284 0.038296 0.0320823 0.0261092 0.0205055 0.0154171 0.0109966 0.0073707 0.00459912
 0.00778875 0.0127095 0.0192333 0.0273281 0.0367331 0.0468081 0.0565049 0.0646275 0.0702654 0.0730786 0.0732543 0.0712572 0.0676085 0.0627831 0.0571823 0.051126 0.0448551 0.0385466 0.0323382 0.0263538 0.0207254 0.0156027 0.0111427 0.00747698 0.00466994
 0.0077677 0.0126746 0.0191792 0.0272494 0.0366249 0.0466674 0.0563328 0.0644301 0.0700536 0.0728677 0.073062 0.0711024 0.0675083 0.0627503 0.0572221 0.0512351 0.0450223 0.0387549 0.0325675 0.0265841 0.0209392 0.0157869 0.0112897 0.00758509 0.00474274
 0.00772124 0.0126006 0.0190709 0.0271018 0.0364365 0.0464417 0.0560801 0.0641675 0.069802 0.0726477 0.07289 0.0709892 0.0674604 0.0627704 0.0573101 0.051387 0.045229 0.0390022 0.0328367 0.0268545 0.021191 0.0160044 0.0114634 0.00771287 0.0048288
 0.00771015 0.0125769 0.0190249 0.0270213 0.03631 0.0462637 0.0558555 0.0639124 0.0695403 0.072405 0.0726881 0.0708437 0.0673799 0.062758 0.0573644 0.0515032 0.0453995 0.0392157 0.033078 0.027105 0.0214312 0.016217 0.0116367 0.00784242 0.00491714
 0.007667 0.0125125 0.0189383 0.0269144 0.0361854 0.0461225 0.0556964 0.063734 0.0693451 0.072203 0.072497 0.0706851 0.0672737 0.0627171 0.0573933 0.0515989 0.0455534 0.0394152 0.0333078 0.0273473 0.0216671 0.0164291 0.0118122 0.00797526 0.00500875
 0.00764904 0.0124804 0.0188849 0.0268323 0.0360697 0.0459746 0.0555259 0.0635569 0.0691782 0.0720572 0.072376 0.0705884 0.0672022 0.0626768 0.0573931 0.0516467 0.0456518 0.0395602 0.0334888 0.0275489 0.0218714 0.0166185 0.0119728 0.00809954 0.00509601
 0.00764596 0.0124763 0.0188802 0.0268269 0.036062 0.0459601 0.0554975 0.0635071 0.0691031 0.0719591 0.0722637 0.0704737 0.0670962 0.0625878 0.057328 0.0516124 0.0456551 0.0396048 0.0335732 0.0276649 0.0220053 0.0167541 0.0120954 0.00819882 0.00516826
 0.00763461 0.0124607 0.0188621 0.0268098 0.03605 0.0459563 0.0555024 0.0635173 0.0691112 0.0719562 0.0722417 0.0704289 0.0670313 0.062511 0.057251 0.0515473 0.0456123 0.0395923 0.0335945 0.0277182 0.0220828 0.0168437 0.0121835 0.0082748 0.00522612
 0.00759272 0.0123959 0.0187711 0.0266925 0.0359106 0.0458041 0.0553518 0.063386 0.0690162 0.071908 0.0722408 0.070466 0.0670916 0.0625802 0.0573195 0.0516122 0.0456763 0.039661 0.0336729 0.0278082 0.0221817 0.0169444 0.0122772 0.00835347 0.00528543
 0.00756072 0.012344 0.0186934 0.0265842 0.0357697 0.0456336 0.0551621 0.0631948 0.0688457 0.0717796 0.0721697 0.0704578 0.0671415 0.062675 0.0574417 0.0517454 0.0458091 0.039788 0.033794 0.0279247 0.0222937 0.0170494 0.0123702 0.00842969 0.00534236
 0.00756326 0.0123428 0.0186817 0.0265524 0.0357075 0.0455342 0.0550254 0.0630295 0.0686673 0.071608 0.0720251 0.0703577 0.0670972 0.0626892 0.0575083 0.0518511 0.0459377 0.0399249 0.0339288 0.0280518 0.0224101 0.0171529 0.0124584 0.0085003 0.00539449
 0.00754706 0.012321 0.0186569 0.0265286 0.035688 0.0455175 0.0550041 0.0629918 0.0686027 0.0715133 0.0719079 0.0702348 0.0669895 0.0626157 0.0574808 0.0518721 0.0460009 0.040018 0.0340377 0.0281641 0.0225168 0.0172481 0.0125385 0.00856346 0.00544061
 0.00754992 0.0123261 0.0186655 0.0265427 0.0357098 0.0455493 0.0550466 0.0630421 0.0686528 0.0715496 0.0719153 0.0702025 0.0669169 0.0625146 0.0573714 0.0517762 0.0459344 0.0399876 0.0340409 0.0281924 0.0225598 0.0172961 0.0125844 0.00860247 0.00547056
 0.00751437 0.012273 0.0185943 0.0264562 0.0356142 0.0454528 0.0549589 0.0629736 0.0686125 0.0715427 0.07194 0.0702497 0.0669725 0.0625646 0.0574078 0.0518 0.045954 0.0400134 0.0340799 0.0282453 0.0226219 0.0173599 0.0126425 0.00865011 0.00550583
 0.0075199 0.0122761 0.0185884 0.0264322 0.0355638 0.045373 0.0548558 0.0628617 0.0685106 0.0714675 0.0719014 0.0702491 0.0670035 0.062616 0.0574668 0.051856 0.0460022 0.0400549 0.0341196 0.0282881 0.0226691 0.0174092 0.0126892 0.00868983 0.00553601
 0.00751715 0.0122729 0.0185854 0.02643 0.0355607 0.0453646 0.0548342 0.0628188 0.0684427 0.0713798 0.0718082 0.0701688 0.0669521 0.0626008 0.0574854 0.0518988 0.0460572 0.0401125 0.034175 0.0283403 0.0227187 0.0174559 0.0127315 0.00872532 0.00556308
 0.00749352 0.012238 0.0185397 0.0263763 0.035504 0.0453104 0.0547872 0.0627812 0.0684136 0.0713552 0.0717832 0.0701418 0.0669268 0.0625854 0.0574886 0.0519251 0.0461048 0.0401746 0.034243 0.0284073 0.0227805 0.0175104 0.0127774 0.00876178 0.00558997
 0.00750158 0.0122473 0.0185467 0.0263758 0.0354911 0.0452831 0.0547484 0.0627382 0.068375 0.0713267 0.0717655 0.0701307 0.0669166 0.0625727 0.0574751 0.0519161 0.0461062 0.0401897 0.0342709 0.0284437 0.02282 0.0175485 0.012811 0.00878906 0.00561034
 0.00750158 0.0122473 0.0185467 0.0263758 0.0354911 0.0452831 0.0547484 0.0627382 0.068375 0.0713267 0.0717655 0.0701307 0.0669166 0.0625727 0.0574751 0.0519161 0.0461062 0.0401897 0.0342709 0.0284437 0.02282 0.0175485 0.012811 0.00878906 0.00561034
 0.00713033 0.0116621 0.0177024 0.0252488 0.0340908 0.0436658 0.0530291 0.0610855 0.0669814 0.0703622 0.0713363 0.0702597 0.0675488 0.0635977 0.0587564 0.0533194 0.0475187 0.0415279 0.035479 0.0294881 0.0236837 0.0182285 0.0133168 0.00914176 0.00583879
 0.00708906 0.0115511 0.0174548 0.0247771 0.0333105 0.0425332 0.0515747 0.0594235 0.0652884 0.0688372 0.0701597 0.0695638 0.0673993 0.0639873 0.0596102 0.0545138 0.0489084 0.0429729 0.0368641 0.0307308 0.0247345 0.0190663 0.0139447 0.00958103 0.00612364
 0.00705295 0.0115001 0.0173888 0.0246911 0.0331838 0.042318 0.0511967 0.0588038 0.0643828 0.0676757 0.0688611 0.0683124 0.0663951 0.0633905 0.0595041 0.0548927 0.0496895 0.044024 0.0380369 0.0318905 0.0257788 0.0199332 0.0146106 0.0100541 0.00643312
 0.00700718 0.011432 0.0172983 0.0245833 0.033067 0.0422002 0.0510781 0.0586672 0.0641872 0.0673619 0.0683752 0.067642 0.0655976 0.0625931 0.0588683 0.0545597 0.0497337 0.0444337 0.0387259 0.0327313 0.0266404 0.0207111 0.0152421 0.010519 0.00674439
 0.00706934 0.0115329 0.0174495 0.024794 0.033341 0.042531 0.0514444 0.0590316 0.0644991 0.0675627 0.0684046 0.0674481 0.0651538 0.0619207 0.0580498 0.0537301 0.0490434 0.0439999 0.0385955 0.0328729 0.0269664 0.0211148 0.0156322 0.0108387 0.00697365
 0.00712623 0.0116373 0.0176281 0.0250775 0.0337551 0.0430824 0.0521091 0.0597523 0.0651958 0.0681496 0.0688057 0.0676055 0.0650317 0.0615103 0.0573792 0.0528725 0.0481143 0.0431345 0.0379116 0.0324353 0.026773 0.021109 0.0157337 0.0109744 0.00709585
 0.00714929 0.0116826 0.0177117 0.0252211 0.0339835 0.043418 0.0525634 0.0603181 0.0658417 0.0688193 0.0694236 0.0680886 0.0653052 0.0615225 0.0571116 0.0523472 0.0473962 0.0423247 0.0371277 0.031781 0.0263091 0.0208413 0.0156232 0.0109621 0.00712727
 0.00712183 0.0116416 0.0176574 0.0251584 0.0339237 0.0433801 0.0525742 0.060409 0.0660405 0.0691388 0.0698514 0.068582 0.0657957 0.0619283 0.0573572 0.0523825 0.0472122 0.0419593 0.0366575 0.0313002 0.0259004 0.0205526 0.0154595 0.0108961 0.00711945
 0.00712182 0.0116403 0.0176532 0.0251493 0.0339084 0.0433597 0.0525543 0.0604012 0.0660622 0.0692114 0.069994 0.0688036 0.066086 0.0622528 0.0576599 0.0525989 0.0472895 0.0418756 0.036432 0.0309882 0.0255736 0.0202731 0.0152613 0.0107813 0.00706815
 0.00713164 0.011657 0.0176795 0.0251877 0.0339597 0.0434217 0.052621 0.0604642 0.0661145 0.0692517 0.0700303 0.0688512 0.0661621 0.0623664 0.057803 0.0527435 0.0473932 0.0418977 0.0363518 0.0308159 0.0253473 0.020043 0.0150691 0.0106471 0.00699003
 0.00721103 0.0117796 0.0178519 0.0254109 0.0342287 0.0437247 0.0529384 0.0607688 0.0663753 0.0694402 0.0701282 0.0688559 0.0660871 0.0622376 0.0576494 0.0525851 0.047234 0.041726 0.0361505 0.0305773 0.0250824 0.0197789 0.0148373 0.0104693 0.00687142
 0.00722092 0.0118062 0.0179107 0.025522 0.0344102 0.0439835 0.0532628 0.061128 0.066727 0.0697428 0.0703495 0.0689776 0.0661058 0.0621629 0.0575012 0.0523891 0.0470133 0.0414947 0.0359128 0.0303325 0.0248338 0.0195389 0.014624 0.010299 0.0067509
 0.00718336 0.0117448 0.017819 0.0253969 0.0342568 0.0438196 0.0531205 0.0610475 0.0667426 0.0698673 0.0705671 0.0692497 0.0663846 0.0624066 0.0576836 0.0525015 0.0470606 0.0414887 0.0358657 0.0302538 0.0247319 0.0194242 0.01451 0.0101993 0.00667443
 0.00711319 0.0116264 0.0176334 0.0251253 0.0338866 0.0433541 0.0525876 0.0605021 0.0662585 0.0695205 0.0704157 0.0693178 0.0666559 0.0628301 0.0581894 0.0530201 0.0475384 0.041894 0.0361859 0.0304895 0.0248912 0.0195194 0.0145569 0.0102146 0.00667338
 0.00710494 0.0116056 0.017588 0.0250381 0.0337382 0.0431278 0.052276 0.060113 0.0658181 0.0690737 0.0700213 0.0690382 0.0665412 0.0629029 0.0584365 0.0533963 0.0479808 0.0423397 0.0365865 0.0308171 0.0251364 0.0196873 0.0146607 0.0102714 0.00670004
#pred catch len freq
 0.00313378 0.00509227 0.00769337 0.0109848 0.0150097 0.0197588 0.0251103 0.0308196 0.0365682 0.042028 0.0469089 0.0509949 0.0541749 0.0564493 0.0579116 0.0587207 0.0590796 0.0591981 0.0591993 0.058966 0.0580129 0.055542 0.0507849 0.0435093 0.0343488
