SBPRF35
7.78865
Curr Bio
618209
B35
716806
F35
0.212439
FOFL
0.16727
OFL
75769.4
Bzero
2.22533e+006
#pred survey bio
 4.66971e+006 4.43386e+006 4.19475e+006 3.90401e+006 3.57238e+006 3.26616e+006 2.9274e+006 2.60037e+006 2.30908e+006 2.03558e+006 1.79627e+006 1.5796e+006 1.39587e+006 1.25334e+006 1.11406e+006 973451 870328 809803 738348 701066 661482 638142 633060 621183 613899 606550 612646 611178 603859 605127 595198 587430 581436 568122 560087 545185 526147 520681 516007 526355 535615 549480 558159 562265 569718 586511 593354 605237 611712 616555 624266 2.02177e+007 1.1939e+007 1.20545e+007 1.26331e+007 1.34567e+007 1.43216e+007 1.51071e+007 1.57618e+007 1.62783e+007 1.66712e+007 1.69631e+007 1.71767e+007 1.73316e+007 1.74435e+007 1.75244e+007 1.75829e+007 1.76255e+007 1.76566e+007 1.76795e+007 1.76964e+007 1.7709e+007 1.77185e+007 1.77256e+007 1.77309e+007 1.7735e+007 1.77381e+007 1.77404e+007 1.77422e+007 1.77436e+007 1.77447e+007 1.77455e+007 1.77461e+007 1.77466e+007 1.77469e+007 1.77472e+007 1.77475e+007 1.77476e+007 1.77478e+007 1.77479e+007 1.77479e+007 1.7748e+007 1.7748e+007 1.77481e+007 1.77481e+007 1.77481e+007 1.77482e+007 1.77482e+007 1.77482e+007 1.77482e+007 1.77482e+007 1.77482e+007 1.77482e+007 1.77482e+007 1.77482e+007 1.77482e+007 1.77482e+007 1.77482e+007 1.77482e+007 1.77482e+007 1.77482e+007 1.77482e+007 1.77482e+007 1.77482e+007 1.77482e+007 1.77482e+007 1.77482e+007 1.77482e+007 1.77482e+007 1.77482e+007 1.77482e+007 1.77482e+007 1.77482e+007 1.77482e+007 1.77482e+007 1.77482e+007 1.77482e+007 1.77482e+007 1.77482e+007 1.77482e+007 1.77482e+007 1.77482e+007 1.77482e+007 1.77482e+007 1.77482e+007 1.77482e+007 1.77482e+007 1.77482e+007 1.77482e+007 1.77482e+007 1.77482e+007 1.77482e+007 1.77482e+007 1.77482e+007 1.77482e+007 1.77482e+007 1.77482e+007 1.77482e+007 1.77482e+007 1.77482e+007 1.77482e+007 0 0 0 0 0 0 0 0 0 0 0 0 0 0 0 0 0 0 0 0 0 0 0 0 0
#obs survey bio
 3.13199e+006 3.13629e+006 3.04369e+006 4.25754e+006 2.03539e+006 3.52014e+006 2.35318e+006 1.75403e+006 2.96142e+006 2.08562e+006 1.23182e+006 1.39941e+006 901321 1.0911e+006 1.1139e+006 804552 747936 848558 644054 737876 483148 392267 639077 614314 337349 495437 564558 653673 961595 582158 520477 654086 515251 898305 470616 424248 535263 516588 569516 442198 303566 426428 486857 475499 464194 600014 544777 624140 863199 498767 665367
#pred catch bio
 94580.3 96740.1 154440 213317 218819 280522 303076 301128 310499 300448 296481 279333 251068 251544 251176 214987 174751 179393 146181 145078 129148 112684 116859 111186 109686 97232.7 102094 104192 94052.1 100829 96236.7 92076.9 95041.9 86802.9 89386 92291.9 84333.2 88375.3 79166.7 82781.4 80959.2 86321.9 90168.4 87076.7 79158.5 87387.7 83277.9 87752.1 88311.7 84883.7 126920 75769.4 92280.1 91792.5 94976.4 100626 106769 112305 116815 120258 122770 124543 125764 126588 127136 127496 127731 127883 127981 128043 128083 128108 128124 128134 128141 128145 128147 128149 128150 128150 128151 128151 128151 128151 128151 128151 128151 128151 128151 128151 128151 128151 128151 128151 128151 128151 128151 128151 128151 128151 128151 128151 128151 128151 128151 128151 128151 128151 128151 128151 128151 128151 128151 128151 128151 128151 128151 128151 128151 128151 128151 128151 128151 128151 128151 128151 128151 128151 128151 128151 128151 128151 128151 128151 128151 128151 128151 128151 128151 128151 128151 128151 128151 128151 128151 128151 128151 128151 128151 128151 128151 0 0 0 0 0 0 0 0 0 0 0 0 0 0 0 0 0 0 0 0 0 0 0 0 0
#obs catch bio
 0 96561.1 155148 215064 220666 285051 309525 309246 319199 308877 305904 289053 260413 260705 261268 221888 179238 183488 149152 148175 132209 115605 119266 113386 112263 98848.6 103979 106127 94714.9 101895 97374 92970.2 96283.7 87328.1 89721.8 93308 84839 89436.8 79426.9 83222 81784.4 87117.2 90848.3 87793.4 79485.6 87513.1 83308.1 88180.3 88151.5 84409.6 127385
#pred cpue bio
 4.60017e+006 4.36937e+006 4.13358e+006 3.84401e+006 3.51338e+006 3.20785e+006 2.87033e+006 2.5447e+006 2.25496e+006 1.98346e+006 1.746e+006 1.5311e+006 1.3491e+006 1.20827e+006 1.0714e+006 933841 833255 774585 705355 669247 630802 608019 603275 592125 585287 578339 584593 583654 577177 579006 569712 562505 557132 544756 537657 523471 504058 497027 491442 501370 510331 523775 532380 536542 543985 560638 567478 579012 585519 590543 598401 1.93759e+007 1.14406e+007 1.14517e+007 1.19241e+007 1.27141e+007 1.35719e+007 1.43561e+007 1.50106e+007 1.55271e+007 1.592e+007 1.62119e+007 1.64254e+007 1.65803e+007 1.66923e+007 1.67731e+007 1.68317e+007 1.68743e+007 1.69054e+007 1.69283e+007 1.69452e+007 1.69578e+007 1.69672e+007 1.69743e+007 1.69797e+007 1.69837e+007 1.69868e+007 1.69892e+007 1.6991e+007 1.69924e+007 1.69934e+007 1.69942e+007 1.69948e+007 1.69953e+007 1.69957e+007 1.6996e+007 1.69962e+007 1.69964e+007 1.69965e+007 1.69966e+007 1.69967e+007 1.69968e+007 1.69968e+007 1.69968e+007 1.69969e+007 1.69969e+007 1.69969e+007 1.69969e+007 1.69969e+007 1.69969e+007 1.69969e+007 1.6997e+007 1.6997e+007 1.6997e+007 1.6997e+007 1.6997e+007 1.6997e+007 1.6997e+007 1.6997e+007 1.6997e+007 1.6997e+007 1.6997e+007 1.6997e+007 1.6997e+007 1.6997e+007 1.6997e+007 1.6997e+007 1.6997e+007 1.6997e+007 1.6997e+007 1.6997e+007 1.6997e+007 1.6997e+007 1.6997e+007 1.6997e+007 1.6997e+007 1.6997e+007 1.6997e+007 1.6997e+007 1.6997e+007 1.6997e+007 1.6997e+007 1.6997e+007 1.6997e+007 1.6997e+007 1.6997e+007 1.6997e+007 1.6997e+007 1.6997e+007 1.6997e+007 1.6997e+007 1.6997e+007 1.6997e+007 1.6997e+007 1.6997e+007 1.6997e+007 1.6997e+007 1.6997e+007 1.6997e+007 1.6997e+007 1.6997e+007 0 0 0 0 0 0 0 0 0 0 0 0 0 0 0 0 0 0 0 0 0 0 0 0 0
#obs cpue bio
 3.55954e+006 3.25304e+006 3.77972e+006 2.71046e+006 2.5169e+006 2.28882e+006 1.94794e+006 1.67148e+006 1.76326e+006 1.51438e+006 1.64415e+006 998057 977213 1.18352e+006 693649 929212 652981 859070 465215 524721 459232 433150 756219 413729 633765 622999 500325 454692 559626 489683 454031 471975 477564 432960 770112 379292 533911 339138 615433 533835 466713 707090 655802 517404 688279 861638 563356 401973 754590 766970 473147
#pred surv len freq
 0.00506921 0.00823215 0.0123922 0.0175286 0.0235137 0.0300318 0.0365514 0.0424547 0.0472714 0.0508378 0.0532732 0.0548382 0.0558014 0.0563652 0.0566341 0.0566063 0.0561901 0.0552369 0.053571 0.0509994 0.0473203 0.0423775 0.0361843 0.0290605 0.0216585
 0.00540293 0.00864647 0.0127844 0.0177387 0.0233859 0.0295019 0.0357038 0.0415006 0.0464501 0.0502986 0.0530106 0.0547162 0.055642 0.0560479 0.0561578 0.0560929 0.0558335 0.0552189 0.053978 0.0517792 0.0483019 0.0433444 0.0369625 0.0295735 0.0219273
 0.00569333 0.00913144 0.0135283 0.0187833 0.0247116 0.0309853 0.0371085 0.0425349 0.0468845 0.0500768 0.0522714 0.0537038 0.0545693 0.0550098 0.0551448 0.055075 0.0548389 0.0543504 0.053362 0.0514888 0.0483088 0.043532 0.0371876 0.0297326 0.0219867
 0.00597843 0.00958679 0.0142007 0.0197162 0.0259416 0.0325291 0.0389356 0.0445341 0.048847 0.0517215 0.0533231 0.0539929 0.0540961 0.0539263 0.053669 0.0534018 0.0531064 0.0526623 0.0518182 0.0501823 0.0472934 0.0427982 0.0366733 0.0293615 0.0217041
 0.00630462 0.0101053 0.0149593 0.0207525 0.0272779 0.0341651 0.0408386 0.0466327 0.0510301 0.0538389 0.0551858 0.0553849 0.0548134 0.0538403 0.052777 0.0518301 0.0510632 0.0503751 0.0494924 0.0479854 0.045349 0.0411786 0.0353967 0.028404 0.0210189
 0.00657548 0.0105434 0.0156147 0.0216707 0.0284926 0.0356858 0.0426375 0.04864 0.053143 0.0559379 0.0571448 0.057069 0.056073 0.0545176 0.0527376 0.0510107 0.0495073 0.0482348 0.0469931 0.0453746 0.0428511 0.0389643 0.0335695 0.0269986 0.020013
 0.00690481 0.0110677 0.0163836 0.0227242 0.0298555 0.0373588 0.0445857 0.0507868 0.0553769 0.0581302 0.0591675 0.0588045 0.0574132 0.0553573 0.0529718 0.0505466 0.0482959 0.046308 0.0444841 0.0425067 0.0398952 0.0361835 0.0311688 0.0250946 0.0186281
 0.00719339 0.0115389 0.0170964 0.0237344 0.0312044 0.0390559 0.0465915 0.0530083 0.0576818 0.060374 0.0612165 0.0605471 0.0587589 0.056229 0.0532976 0.0502563 0.0473307 0.0446471 0.0421804 0.0397104 0.0368471 0.0331714 0.0284617 0.0228816 0.0169852
 0.00745159 0.0119542 0.0177139 0.0245957 0.0323428 0.0404878 0.0483039 0.0549491 0.0597605 0.0624715 0.0632017 0.0622932 0.0601562 0.0571903 0.0537551 0.0501541 0.0466206 0.0432994 0.0402107 0.0372125 0.0340092 0.0302566 0.0257512 0.0206024 0.0152558
 0.00780032 0.012499 0.018493 0.0256307 0.0336372 0.0420248 0.0500419 0.0568194 0.0616739 0.064331 0.0649132 0.0637704 0.0613208 0.0579725 0.0540944 0.0499987 0.0459282 0.0420419 0.0383918 0.0348955 0.0313404 0.0274628 0.0230978 0.0183247 0.0134956
 0.00815165 0.0130576 0.0193093 0.0267412 0.0350552 0.0437283 0.0519623 0.0588428 0.063661 0.0661484 0.0664591 0.0649819 0.0621655 0.0584331 0.0541559 0.0496411 0.0451258 0.0407714 0.0366498 0.0327246 0.028854 0.0248494 0.020592 0.0161472 0.0117911
 0.00846986 0.0135715 0.0200761 0.0278103 0.0364578 0.0454604 0.0539671 0.061005 0.0658216 0.0681363 0.0681238 0.0662169 0.062917 0.0586948 0.0539525 0.0490075 0.0440898 0.0393488 0.0348559 0.0305989 0.0264869 0.0223947 0.0182473 0.0141054 0.010184
 0.00870993 0.0139633 0.0206689 0.0286516 0.0375849 0.0468863 0.0556648 0.0628986 0.0677923 0.0700397 0.0698119 0.0675586 0.0638143 0.0590945 0.0538477 0.0484278 0.0430841 0.037969 0.033152 0.0286292 0.0243389 0.0201977 0.0161635 0.0122943 0.00875603
 0.00881824 0.0141496 0.0209687 0.0291064 0.0382355 0.0477613 0.056768 0.0642012 0.0692336 0.0715344 0.0712587 0.0688489 0.0648429 0.0597722 0.0541134 0.0482561 0.0424844 0.0369785 0.0318267 0.0270416 0.0225826 0.0183927 0.0144484 0.0108008 0.00757518
 0.0089134 0.0143169 0.0212441 0.0295315 0.0388493 0.0485861 0.0577958 0.0653886 0.0705088 0.0728117 0.0724523 0.0698811 0.0656471 0.0602937 0.0543105 0.0481026 0.0419738 0.036127 0.0306748 0.0256544 0.02105 0.0168262 0.0129702 0.00952164 0.00656834
 0.00913482 0.0146642 0.0217433 0.0301995 0.0396916 0.0495945 0.0589422 0.0666209 0.0717526 0.0739798 0.0734585 0.0706535 0.0661374 0.0604792 0.0541897 0.047687 0.0412815 0.0351819 0.0295113 0.0243244 0.0196273 0.0154047 0.0116519 0.00839647 0.00569215
 0.00926391 0.0148709 0.0220486 0.0306203 0.0402378 0.050264 0.0597164 0.0674637 0.0726165 0.0748137 0.0742143 0.0712874 0.0666094 0.0607545 0.0542428 0.0475054 0.0408661 0.0345462 0.0286816 0.0233424 0.0185533 0.0143159 0.0106331 0.00752228 0.00500959
 0.00931034 0.0149315 0.0221135 0.0306739 0.0402672 0.0502703 0.0597219 0.0675097 0.0727489 0.0750661 0.0745948 0.0717747 0.0671574 0.0613016 0.0547216 0.0478534 0.041035 0.0345084 0.0284339 0.022907 0.0179766 0.0136638 0.00998048 0.00693785 0.00454025
 0.00955434 0.0153047 0.0226295 0.0313255 0.0410238 0.0510773 0.0605044 0.0681828 0.0732393 0.0753356 0.0746522 0.0716673 0.0669478 0.0610428 0.0544427 0.0475568 0.0407039 0.0341192 0.0279685 0.0223633 0.0173737 0.0130407 0.00938727 0.00642231 0.00413419
 0.00967376 0.0154811 0.0228625 0.0316039 0.0413293 0.0513911 0.0608102 0.0684661 0.0734845 0.0755253 0.0747716 0.0717114 0.0669257 0.0609753 0.0543528 0.047458 0.0405939 0.033981 0.0277803 0.0221101 0.0170571 0.0126818 0.00902175 0.00608891 0.00386244
 0.00988331 0.0158022 0.023308 0.0321697 0.0419927 0.0521105 0.0615259 0.069107 0.0739818 0.0758296 0.0748642 0.0716038 0.0666516 0.0605799 0.0538849 0.0469629 0.0401063 0.0335197 0.0273478 0.0216996 0.0166625 0.0123057 0.008677 0.00579337 0.00363015
 0.0098417 0.0157598 0.0232907 0.0322164 0.042144 0.0523911 0.0619301 0.069595 0.0744908 0.076292 0.0752238 0.0718263 0.0667262 0.060517 0.0537098 0.0467088 0.039807 0.0332034 0.0270336 0.0213967 0.0163745 0.0120362 0.00843325 0.00558541 0.00346641
 0.00973712 0.0155845 0.0230198 0.0318305 0.0416427 0.0518082 0.0613419 0.0691092 0.0742128 0.0762858 0.0754882 0.0722995 0.0673132 0.0611217 0.0542579 0.0471568 0.0401398 0.0334262 0.0271618 0.0214489 0.0163683 0.0119884 0.00836057 0.00550453 0.00339166
 0.00979636 0.0156644 0.0231085 0.0319042 0.0416685 0.0517525 0.0611815 0.0688431 0.0738713 0.0759303 0.0751977 0.0721439 0.0673267 0.0612904 0.054529 0.0474621 0.0404198 0.033644 0.0273042 0.0215202 0.0163824 0.0119623 0.00831135 0.00544731 0.00333817
 0.00978028 0.0156459 0.0230941 0.0319024 0.0416848 0.0517825 0.0612064 0.0688327 0.0737958 0.0757759 0.0749785 0.0719032 0.0671245 0.0611813 0.0545409 0.0475865 0.0406178 0.033864 0.0275013 0.0216677 0.0164726 0.0120021 0.00831495 0.00543031 0.00331374
 0.00973917 0.0155847 0.0230128 0.031806 0.0415832 0.0516891 0.0611356 0.0687948 0.0737912 0.0757917 0.074992 0.0718931 0.067084 0.0611253 0.0545002 0.0475921 0.0406846 0.0339834 0.027647 0.0218082 0.0165842 0.012075 0.00835175 0.00544098 0.00330987
 0.00956092 0.0153102 0.022629 0.0313133 0.0409978 0.0510449 0.060485 0.068206 0.0733361 0.075528 0.0749465 0.0720552 0.0674117 0.061561 0.0549892 0.0480947 0.0411778 0.0344537 0.0280811 0.0221897 0.0168976 0.0123116 0.00851393 0.00554078 0.00336433
 0.00935681 0.0150061 0.0222229 0.0308216 0.0404499 0.0504757 0.0599295 0.0676987 0.0729126 0.075224 0.0747933 0.0720723 0.0676002 0.0619006 0.055441 0.048611 0.0417129 0.0349718 0.0285571 0.0226064 0.0172433 0.0125801 0.0087066 0.00566692 0.00343889
 0.00934387 0.0149621 0.0221156 0.0306103 0.0401002 0.0499797 0.0593209 0.0670498 0.0723117 0.0747466 0.0744839 0.0719436 0.0676441 0.0620984 0.0557677 0.0490348 0.0421957 0.0354729 0.0290394 0.0230408 0.0176103 0.0128702 0.00891951 0.00581074 0.00352742
 0.00931588 0.0149105 0.0220254 0.0304609 0.0398664 0.049637 0.0588543 0.0664654 0.0716469 0.0740718 0.0738901 0.071519 0.0674481 0.0621474 0.0560381 0.0494764 0.0427478 0.036075 0.0296372 0.0235907 0.0180816 0.0132465 0.00919855 0.00600172 0.00364725
 0.00925931 0.0148394 0.0219561 0.0304184 0.0398743 0.0497011 0.0589516 0.0665451 0.0716469 0.0739435 0.0736206 0.0711401 0.0670289 0.0617726 0.0557809 0.0493784 0.042812 0.0362726 0.0299216 0.0239111 0.0183934 0.013518 0.00941249 0.00615492 0.00374681
 0.00917703 0.0147083 0.0217655 0.0301644 0.0395652 0.0493633 0.0586293 0.0662905 0.0714996 0.0739102 0.0736693 0.0712163 0.0670843 0.0617895 0.0557778 0.049397 0.0428932 0.0364375 0.0301635 0.0242011 0.018693 0.0137915 0.00963627 0.00631994 0.00385666
 0.00898589 0.0144244 0.021388 0.0297095 0.0390616 0.0488436 0.0581268 0.06584 0.0711398 0.0736805 0.073599 0.0713103 0.0673167 0.0621106 0.0561347 0.0497532 0.0432378 0.0367777 0.0305089 0.0245502 0.0190304 0.0140949 0.00988603 0.00650667 0.00398289
 0.0088307 0.0141845 0.021051 0.0292749 0.0385431 0.0482714 0.0575472 0.06531 0.0707152 0.0734019 0.0734841 0.0713565 0.0675067 0.0624176 0.0565239 0.0501857 0.0436788 0.0372037 0.0309093 0.0249213 0.0193678 0.0143894 0.0101276 0.0066892 0.00410845
 0.00897022 0.0143483 0.0211817 0.029283 0.0383336 0.047786 0.0567985 0.0643872 0.0697562 0.0725497 0.0728495 0.0709989 0.0674348 0.0626002 0.0569052 0.0507 0.0442615 0.0377997 0.0314776 0.0254355 0.019813 0.0147582 0.0104171 0.00690187 0.00425258
 0.00976 0.0154924 0.0226407 0.0309209 0.0399439 0.0491419 0.0577024 0.0647061 0.069446 0.071669 0.0715524 0.0694982 0.0659451 0.0612872 0.0558609 0.049946 0.0437703 0.037519 0.0313497 0.0254091 0.0198474 0.0148232 0.0104911 0.00697022 0.00430696
 0.0105562 0.0167386 0.0244189 0.0332547 0.042771 0.0522847 0.0608529 0.0674571 0.0713834 0.0724944 0.0711732 0.0680419 0.0637007 0.0586132 0.053097 0.0473547 0.0415133 0.0356642 0.0298962 0.0243168 0.0190597 0.0142807 0.0101373 0.00675422 0.00418493
 0.0103692 0.0165665 0.024403 0.0336063 0.0437133 0.0539596 0.063236 0.070328 0.0743666 0.0751493 0.073098 0.0689627 0.0635291 0.0574554 0.0512122 0.0450756 0.0391604 0.0334838 0.0280362 0.0228341 0.0179459 0.0134898 0.00960757 0.00642136 0.00399032
 0.0101569 0.0162357 0.0239403 0.033031 0.0431002 0.053457 0.063061 0.0707142 0.0754688 0.0769452 0.0753493 0.0712694 0.0654553 0.0586658 0.051561 0.0446208 0.0381126 0.0321207 0.0266191 0.0215534 0.0169042 0.0127138 0.00907352 0.00608102 0.00378979
 0.010133 0.0161594 0.0237573 0.0326713 0.042501 0.0526009 0.0620124 0.0696354 0.0745984 0.0765393 0.0755983 0.0722179 0.0669606 0.0604267 0.0532125 0.0458567 0.0387768 0.0322298 0.0263177 0.0210362 0.016345 0.0122266 0.00870719 0.0058365 0.00364298
 0.0100452 0.0160436 0.0236298 0.0325559 0.0424119 0.0525223 0.0618907 0.069399 0.074203 0.076016 0.0750712 0.0718715 0.0669652 0.0608559 0.053998 0.0468069 0.0396539 0.0328442 0.026591 0.0210062 0.0161216 0.011932 0.00843261 0.00562696 0.00350549
 0.00986129 0.0157649 0.0232498 0.0320863 0.0418842 0.0519851 0.0614023 0.069012 0.0739451 0.0758781 0.075019 0.071879 0.0670468 0.0610677 0.0544 0.0474095 0.0403881 0.0335803 0.0271948 0.0213963 0.0162936 0.0119417 0.00835737 0.0055312 0.00342556
 0.00979876 0.0156582 0.0230805 0.0318361 0.0415412 0.0515536 0.060911 0.0685141 0.0735063 0.075557 0.0748477 0.0718559 0.0671464 0.0612624 0.0546785 0.0477764 0.0408427 0.0340926 0.0277014 0.0218234 0.0165906 0.012101 0.00840912 0.00552127 0.00339374
 0.00972934 0.0155587 0.0229547 0.0316935 0.0413919 0.0514003 0.060746 0.068324 0.0732839 0.0753119 0.0746095 0.0716645 0.0670369 0.0612527 0.0547688 0.0479561 0.0410978 0.0344043 0.0280403 0.0221487 0.0168606 0.0122894 0.00851456 0.00556295 0.00339859
 0.00963561 0.01541 0.0227387 0.0314041 0.0410331 0.0509907 0.0603204 0.067928 0.0729604 0.0750876 0.0744895 0.0716395 0.0670949 0.0613871 0.0549764 0.0482323 0.0414313 0.0347764 0.0284255 0.0225167 0.0171811 0.0125398 0.00868668 0.00566491 0.00344914
 0.00959804 0.0153298 0.0225835 0.0311338 0.0406122 0.0504072 0.059602 0.0671447 0.0722104 0.0744709 0.0740824 0.0714786 0.0671753 0.0616719 0.055413 0.0487669 0.0420173 0.0353754 0.0290046 0.0230462 0.0176355 0.0129014 0.00894993 0.0058381 0.00355091
 0.00966814 0.0154366 0.022729 0.03131 0.0407972 0.0505624 0.0596746 0.0670799 0.0719724 0.0740642 0.0735594 0.0709265 0.0666881 0.0613217 0.0552342 0.0487566 0.0421469 0.0356042 0.0292905 0.0233503 0.0179246 0.0131501 0.00914356 0.00597362 0.00363555
 0.00944855 0.0151295 0.022359 0.030931 0.0404764 0.0503547 0.0596006 0.067119 0.0720727 0.0741624 0.0736029 0.0708916 0.0665881 0.0612012 0.0551505 0.0487572 0.0422536 0.0358101 0.0295669 0.0236589 0.0182275 0.0134174 0.00935692 0.00612763 0.00373564
 0.00938102 0.0150044 0.0221454 0.0305984 0.0400114 0.0497818 0.0589936 0.0665874 0.0717223 0.0740505 0.0737146 0.0711526 0.0669034 0.0614964 0.0553947 0.0489608 0.0424488 0.0360271 0.0298182 0.0239357 0.0185066 0.0136723 0.00956735 0.00628435 0.00384072
 0.00928409 0.0148621 0.0219581 0.0303723 0.0397521 0.0494876 0.0586555 0.0662018 0.0713086 0.0736608 0.0734227 0.0710235 0.0669617 0.0617149 0.0557111 0.0493098 0.0427881 0.0363433 0.0301157 0.0242205 0.0187761 0.013915 0.00976983 0.00643835 0.00394653
 0.00880973 0.0141752 0.0210809 0.0293808 0.0387556 0.0485946 0.0579441 0.0657084 0.0710329 0.0735794 0.0735059 0.0712495 0.0673216 0.0622042 0.0563144 0.0499909 0.0434956 0.0370265 0.0307386 0.0247651 0.0192365 0.0142903 0.010061 0.00665 0.0040884
#obs surv len freq
 nan nan nan nan nan nan nan nan nan nan nan nan nan nan nan nan nan nan nan nan nan nan nan nan nan
 0.00448026 0.00733962 0.0111678 0.015983 0.0216834 0.0279596 0.0342749 0.0400077 0.0446889 0.0481544 0.0505138 0.0520112 0.0529048 0.0534184 0.0537336 0.0539892 0.0542683 0.0545614 0.0547004 0.0542923 0.0527303 0.0493621 0.0438112 0.0362904 0.027673
 0.00460813 0.00754949 0.011487 0.0164374 0.0222909 0.0287207 0.0351631 0.0409664 0.0456392 0.0490105 0.0511993 0.0524702 0.0531083 0.0533644 0.0534434 0.0534996 0.0536223 0.0538016 0.0538656 0.0534194 0.0518577 0.0485325 0.0430689 0.0356729 0.0272011
 0.00477931 0.00782688 0.0119029 0.0170215 0.023065 0.0296896 0.036305 0.0422277 0.046939 0.0502524 0.0522851 0.0533123 0.0536387 0.0535427 0.0532602 0.0529752 0.0528006 0.0527411 0.0526319 0.0520822 0.0504916 0.0472175 0.0418842 0.0346838 0.0264437
 0.00496759 0.00813772 0.0123794 0.0177061 0.0239909 0.0308665 0.0377057 0.0437839 0.048552 0.0518115 0.0536846 0.054459 0.0544547 0.053967 0.0532535 0.0525254 0.051926 0.0514896 0.0510777 0.0503218 0.04864 0.0454015 0.0402296 0.0332933 0.0253751
 0.00518294 0.00848815 0.0129078 0.0184536 0.0249901 0.0321305 0.039215 0.0454801 0.0503422 0.0535835 0.0553225 0.0558552 0.0555167 0.0546205 0.0534433 0.0522173 0.0511112 0.0501907 0.0493555 0.0482785 0.0464176 0.0431706 0.0381651 0.0315411 0.0240203
 0.00540726 0.00885775 0.013473 0.0192642 0.0260853 0.0335234 0.0408773 0.0473378 0.0522879 0.0554974 0.0570906 0.0573775 0.056707 0.0554045 0.0537586 0.0520153 0.0503622 0.048893 0.0475478 0.0460532 0.0439258 0.0406123 0.0357579 0.029474 0.0224092
 0.00565475 0.00926017 0.0140791 0.0201202 0.0272272 0.0349642 0.0425929 0.0492602 0.0543123 0.0575005 0.05895 0.0589844 0.0579716 0.0562554 0.0541385 0.0518771 0.0496694 0.0476279 0.0457286 0.0437542 0.0412929 0.0378571 0.0331252 0.027186 0.02061
 0.00590391 0.00967072 0.014707 0.0210204 0.0284422 0.0365065 0.0444278 0.0513014 0.0564366 0.059573 0.0608466 0.0606022 0.0592293 0.0570894 0.0544987 0.0517227 0.0489668 0.0463563 0.0438952 0.0414187 0.0385887 0.0349939 0.0303585 0.0247581 0.0186855
 0.00614149 0.0100616 0.0153041 0.0218765 0.0296008 0.0379858 0.0462038 0.0533006 0.058544 0.0616535 0.0627665 0.0622453 0.0605045 0.0579313 0.0548626 0.0515767 0.0482861 0.0451243 0.0421169 0.0391443 0.0359384 0.0321659 0.0276034 0.0223212 0.0167402
 0.00638434 0.010458 0.0159039 0.0227274 0.0307397 0.0394249 0.0479164 0.0552147 0.0605525 0.0636327 0.0645951 0.0638159 0.0617283 0.0587401 0.0552082 0.0514271 0.0476206 0.0439328 0.0404081 0.0369655 0.0333995 0.0294501 0.0249471 0.0199605 0.0148465
 0.006633 0.0108633 0.0165156 0.023592 0.031891 0.0408696 0.0496191 0.0570944 0.0624941 0.0655106 0.066294 0.0652414 0.0628088 0.0594235 0.0554575 0.0512167 0.0469335 0.0427616 0.0387632 0.0348923 0.0309994 0.0268905 0.0224446 0.0177339 0.0130564
 0.00683379 0.0112014 0.0170459 0.0243719 0.0329678 0.0422599 0.0512896 0.0589567 0.0644201 0.0673598 0.0679399 0.0665857 0.0637848 0.0599921 0.0555995 0.0509247 0.0462057 0.041601 0.037185 0.0329406 0.0287662 0.0245257 0.0201418 0.0156884 0.0114122
 0.00706229 0.0115683 0.0175899 0.0251278 0.0339615 0.0435006 0.0527586 0.0605991 0.0661463 0.0690563 0.0694859 0.06787 0.0647203 0.0605237 0.0557038 0.0506018 0.0454691 0.0404703 0.0356883 0.0311267 0.0267212 0.0223825 0.0180689 0.013855 0.00994194
 0.00728917 0.0119422 0.0181612 0.0259439 0.0350542 0.0448683 0.0543507 0.0623164 0.0678608 0.0706423 0.0708417 0.0689245 0.0654265 0.0608523 0.0556408 0.050148 0.0446393 0.0392906 0.0341966 0.0293782 0.0248002 0.0204084 0.0161868 0.0122071 0.00862969
 0.00744091 0.0121967 0.018559 0.0265281 0.0358626 0.0459191 0.0556273 0.0637597 0.0693746 0.07211 0.0721477 0.0699718 0.0661484 0.061214 0.0556338 0.0497815 0.0439322 0.0382701 0.0329 0.0278602 0.02314 0.0187127 0.0145804 0.0108084 0.00752086
 0.00753276 0.0123431 0.0187747 0.0268278 0.0362613 0.0464322 0.0562672 0.0645298 0.0702624 0.0730814 0.0731447 0.0709175 0.0669582 0.0618099 0.0559572 0.0497991 0.0436355 0.0376711 0.0320287 0.0267658 0.0218947 0.0174114 0.0133314 0.0097131 0.00664903
 0.00761429 0.0124691 0.0189522 0.0270591 0.0365448 0.0467633 0.0566398 0.0649385 0.0707051 0.0735597 0.0736606 0.0714637 0.0675088 0.0623173 0.0563589 0.0500307 0.0436457 0.0374318 0.0315402 0.0260576 0.0210246 0.0164611 0.0123952 0.00887907 0.00597891
 0.0076478 0.0125224 0.0190302 0.0271655 0.0366807 0.0469269 0.0568257 0.0651391 0.0709144 0.0737778 0.0738949 0.0717264 0.0678081 0.0626478 0.056694 0.0503237 0.0438384 0.0374695 0.0313874 0.0257093 0.0205105 0.0158416 0.0117482 0.00828173 0.005488
 0.00774526 0.0126683 0.0192264 0.0274052 0.0369507 0.0472101 0.0571042 0.0653952 0.071132 0.0739457 0.0740099 0.0717957 0.0678478 0.0626777 0.0567281 0.050361 0.0438586 0.0374369 0.0312632 0.0254679 0.0201525 0.015398 0.0112725 0.00783321 0.00511389
 0.00778409 0.0127325 0.0193244 0.0275439 0.0371323 0.047428 0.0573407 0.065624 0.071326 0.0740862 0.0740925 0.0718284 0.0678465 0.0626594 0.0567072 0.0503452 0.0438448 0.0374095 0.0311968 0.0253374 0.0199455 0.0151238 0.010962 0.00752788 0.00485105
 0.00779401 0.0127456 0.0193389 0.0275575 0.037144 0.0474407 0.0573619 0.0656629 0.0713889 0.0741717 0.0741911 0.0719267 0.0679334 0.0627304 0.0567643 0.0503928 0.0438849 0.0374372 0.0311998 0.0252995 0.0198546 0.0149802 0.0107816 0.00733792 0.0046793
 0.00784432 0.0128167 0.0194259 0.0276488 0.0372244 0.0474963 0.0573851 0.0656549 0.071359 0.0741345 0.0741616 0.0719155 0.0679431 0.0627566 0.0567985 0.0504275 0.0439148 0.0374578 0.0312049 0.0252804 0.0198034 0.0148949 0.0106699 0.00721575 0.00456529
 0.00786241 0.0128474 0.0194741 0.0277181 0.0373144 0.0475995 0.0574855 0.0657312 0.0713923 0.0741171 0.0741015 0.0718332 0.0678628 0.0626969 0.0567675 0.0504227 0.0439272 0.0374763 0.0312187 0.0252801 0.0197821 0.01485 0.0106053 0.00714111 0.00449283
 0.00789235 0.0128912 0.0195311 0.0277851 0.0373872 0.0476747 0.057561 0.0658044 0.0714579 0.0741653 0.0741208 0.0718159 0.0678106 0.0626215 0.0566863 0.0503515 0.0438747 0.0374425 0.031197 0.0252613 0.0197577 0.0148152 0.0105602 0.00709057 0.00444399
 0.00788016 0.0128728 0.0195058 0.0277533 0.0373495 0.0476324 0.0575159 0.0657603 0.0714203 0.0741413 0.0741161 0.0718318 0.0678425 0.0626615 0.0567274 0.0503908 0.0439131 0.0374818 0.0312366 0.025297 0.0197839 0.0148275 0.0105577 0.00707651 0.00442411
 0.00787529 0.0128594 0.019476 0.0276969 0.0372582 0.0475041 0.0573593 0.0655937 0.0712674 0.0740236 0.0740481 0.0718189 0.0678819 0.0627439 0.0568394 0.0505178 0.0440426 0.0376046 0.0313471 0.0253915 0.0198592 0.0148816 0.0105908 0.00709178 0.00442692
 0.00790033 0.012896 0.019523 0.0277494 0.0373074 0.0475381 0.0573649 0.0655601 0.0711906 0.0739105 0.0739158 0.0716906 0.0677796 0.0626818 0.0568213 0.0505387 0.0440916 0.0376694 0.0314165 0.0254569 0.0199148 0.0149239 0.0106189 0.0071071 0.00443267
 0.00788946 0.0128799 0.0195016 0.0277236 0.0372781 0.0475059 0.057329 0.0655183 0.0711401 0.0738492 0.073845 0.0716164 0.0677129 0.0626357 0.056807 0.050561 0.044148 0.0377508 0.0315102 0.0255505 0.0199983 0.0149914 0.010668 0.00713898 0.00445074
 0.00785086 0.0128166 0.0194059 0.027589 0.0371025 0.0472949 0.0570984 0.0652931 0.0709477 0.0737119 0.0737733 0.071609 0.0677603 0.0627262 0.0569305 0.0507103 0.0443167 0.0379311 0.0316921 0.0257225 0.0201497 0.0151146 0.0107604 0.00720223 0.00449
 0.00784779 0.0128053 0.019377 0.0275301 0.0370009 0.0471428 0.056898 0.0650587 0.0707038 0.0734877 0.073597 0.0715008 0.0677292 0.0627689 0.0570347 0.0508595 0.0444945 0.0381233 0.0318864 0.0259073 0.0203147 0.0152519 0.0108658 0.00727653 0.00453765
 0.00782072 0.0127646 0.0193215 0.0274598 0.0369156 0.0470404 0.0567744 0.0649099 0.0705307 0.0732998 0.0734129 0.0713454 0.0676265 0.0627357 0.0570758 0.0509677 0.044654 0.0383144 0.0320895 0.0261054 0.0204942 0.0154031 0.0109838 0.00736115 0.00459305
 0.00778517 0.0127064 0.0192338 0.0273369 0.0367555 0.0468476 0.0565616 0.0646962 0.070336 0.0731384 0.0732914 0.0712651 0.0675889 0.0627447 0.0571367 0.0510828 0.0448189 0.0385168 0.0323116 0.0263277 0.0206992 0.0155778 0.0111214 0.00746073 0.00465896
 0.00774426 0.0126378 0.0191268 0.0271809 0.036543 0.0465787 0.0562484 0.0643642 0.0700192 0.0728721 0.0731031 0.0711696 0.0675868 0.0628262 0.0572873 0.0512876 0.0450642 0.0387892 0.0325957 0.0266059 0.0209541 0.0157951 0.0112928 0.00758526 0.00474173
 0.00774898 0.0126383 0.0191139 0.0271412 0.0364615 0.0464436 0.0560561 0.0641216 0.0697441 0.0725905 0.0728451 0.0709645 0.0674574 0.0627846 0.0573331 0.0514103 0.0452473 0.0390138 0.0328426 0.0268564 0.0211902 0.0160016 0.0114595 0.00770874 0.0048252
 0.00931772 0.0148372 0.021774 0.0298875 0.0388207 0.0480178 0.0566599 0.0638096 0.0687346 0.0711529 0.0712165 0.0693176 0.0659045 0.0613928 0.0561373 0.0504223 0.0444617 0.0384136 0.0324041 0.0265525 0.0209928 0.0158836 0.011396 0.00767903 0.00481389
 0.00930877 0.015111 0.0226944 0.031905 0.0422773 0.0528819 0.0623577 0.0693175 0.0729407 0.0732925 0.0711237 0.0673717 0.0627654 0.0577192 0.0524233 0.0469666 0.0414116 0.0358227 0.0302749 0.0248605 0.0196982 0.0149361 0.010738 0.00724918 0.00455215
 0.00895903 0.0145658 0.0219386 0.0309957 0.0413939 0.0523578 0.0626387 0.0708022 0.0757405 0.0770546 0.0750756 0.0706111 0.0646332 0.0580274 0.0514263 0.0451522 0.0392723 0.0337215 0.0284186 0.0233348 0.0185143 0.0140655 0.0101331 0.00685468 0.00431246
 0.00878963 0.0142776 0.0214821 0.0303213 0.0404718 0.051213 0.0613937 0.069702 0.0751287 0.0772756 0.0763199 0.0727745 0.0672894 0.0605658 0.0532973 0.0460744 0.0392878 0.0330966 0.0274835 0.0223597 0.017662 0.0134021 0.00966134 0.0065452 0.00412495
 0.0087169 0.0141539 0.0212848 0.030023 0.0400428 0.0506289 0.0606475 0.0688234 0.0742043 0.0764626 0.0758339 0.0728332 0.0680161 0.0618986 0.0549684 0.0476984 0.0405177 0.0337565 0.0276026 0.0221064 0.0172397 0.0129704 0.00930749 0.00629489 0.00396749
 0.00867966 0.014092 0.0211886 0.0298813 0.0398435 0.05036 0.0602994 0.0683915 0.0736945 0.0759007 0.0752788 0.0723857 0.0678083 0.0620511 0.055527 0.0485849 0.0415386 0.0346764 0.0282429 0.022409 0.0172618 0.012828 0.00911306 0.0061208 0.00384243
 0.00868731 0.0141008 0.0211949 0.0298786 0.039823 0.0503116 0.0602128 0.0682569 0.0735031 0.0756473 0.0749673 0.0720383 0.067474 0.0618055 0.0554546 0.0487429 0.0419183 0.0351918 0.0287612 0.0228091 0.0174839 0.012885 0.00906376 0.00603078 0.00375716
 0.0086911 0.014108 0.0212075 0.0298983 0.0398498 0.0503421 0.0602388 0.068266 0.0734806 0.0755801 0.0748473 0.0718649 0.0672588 0.0615765 0.0552571 0.0486307 0.0419337 0.0353412 0.0290047 0.0230744 0.0176998 0.0130123 0.00910431 0.00601411 0.00371787
 0.0086722 0.0140809 0.0211733 0.0298607 0.0398144 0.0503145 0.0602233 0.0682639 0.0734892 0.0755915 0.0748498 0.0718458 0.0672087 0.0614947 0.0551557 0.0485352 0.041877 0.0353503 0.0290858 0.0232068 0.0178443 0.0131304 0.00917571 0.00604058 0.00371519
 0.00865108 0.0140447 0.0211159 0.0297764 0.0397003 0.0501746 0.0600706 0.0681189 0.0733746 0.0755247 0.0748361 0.0718781 0.0672702 0.0615655 0.0552203 0.048588 0.0419244 0.0354066 0.0291641 0.0233095 0.0179596 0.0132382 0.00925838 0.00609117 0.00373811
 0.00863927 0.0140265 0.0210903 0.0297423 0.0396565 0.050119 0.060001 0.0680352 0.0732809 0.0754309 0.0747568 0.0718271 0.0672554 0.0615857 0.0552658 0.0486462 0.0419856 0.0354681 0.0292289 0.0233812 0.0180371 0.0133142 0.00932298 0.00613749 0.00376535
 0.00863573 0.0140214 0.0210838 0.029735 0.0396489 0.0501111 0.0599918 0.0680223 0.073261 0.0754008 0.0747155 0.0717779 0.0672061 0.0615459 0.0552432 0.0486435 0.0420004 0.0354956 0.0292651 0.0234238 0.018084 0.0133618 0.0093661 0.00617141 0.00378806
 0.00864851 0.0140401 0.021108 0.0297631 0.0396783 0.0501391 0.0600161 0.0680409 0.0732717 0.0754012 0.0747029 0.0717506 0.0671647 0.0614943 0.0551887 0.0485943 0.0419633 0.0354741 0.0292591 0.0234309 0.0181008 0.0133842 0.00938961 0.0061921 0.00380347
 0.00863802 0.0140261 0.0210924 0.0297495 0.0396705 0.0501395 0.0600244 0.0680541 0.0732858 0.0754129 0.0747103 0.0717529 0.0671613 0.0614851 0.0551741 0.0485765 0.0419461 0.0354617 0.0292547 0.0234356 0.0181132 0.0134015 0.00940829 0.00620901 0.00381659
 0.00861375 0.0139886 0.02104 0.0296825 0.0395921 0.050056 0.0599451 0.0679902 0.0732468 0.0754037 0.0747295 0.071794 0.0672154 0.0615436 0.0552304 0.0486269 0.0419891 0.0354982 0.0292868 0.0234653 0.0181416 0.0134283 0.00943224 0.00622868 0.00383118
 0.00861375 0.0139886 0.02104 0.0296825 0.0395921 0.050056 0.0599451 0.0679902 0.0732468 0.0754037 0.0747295 0.071794 0.0672154 0.0615436 0.0552304 0.0486269 0.0419891 0.0354982 0.0292868 0.0234653 0.0181416 0.0134283 0.00943224 0.00622868 0.00383118
#pred catch len freq
 0.00422892 0.00674459 0.00994197 0.0137827 0.0182418 0.0232747 0.0287489 0.034422 0.0399949 0.0451863 0.0497783 0.0536357 0.0567094 0.0590178 0.0606014 0.0614747 0.0616021 0.060902 0.059256 0.0565095 0.0524797 0.0470188 0.0401557 0.0322531 0.0240391
 0.00452164 0.00711814 0.0103193 0.0140401 0.0182564 0.0229921 0.0282265 0.0338123 0.0394681 0.0448387 0.0495837 0.0534673 0.0564149 0.0585061 0.0598993 0.0607306 0.0610353 0.0607145 0.0595444 0.0572182 0.0534226 0.0479601 0.0409069 0.0327324 0.0242705
 0.00480418 0.00757366 0.0109898 0.0149409 0.0193495 0.0241602 0.0292732 0.0345124 0.0396606 0.0445089 0.0488703 0.0525784 0.0555121 0.0576389 0.0590317 0.059827 0.0601349 0.0599398 0.0590402 0.0570659 0.053588 0.0483095 0.041277 0.0330051 0.0244077
 0.00510559 0.00804528 0.0116682 0.0158551 0.0205224 0.0256036 0.0309653 0.0363625 0.0414841 0.0460438 0.0498497 0.0528321 0.0550348 0.0565755 0.0575922 0.0581983 0.0584497 0.0583023 0.0575561 0.0558352 0.0526663 0.0476801 0.0408643 0.0327199 0.0241876
 0.00542805 0.00854882 0.0123888 0.0168161 0.0217363 0.0270735 0.032681 0.038291 0.0435557 0.0481355 0.051774 0.0543486 0.0559014 0.0566268 0.0568026 0.0566885 0.0564361 0.0560265 0.0552383 0.0536545 0.0507525 0.0461047 0.0396389 0.0318109 0.023541
 0.00574279 0.00904352 0.0131028 0.0177777 0.0229626 0.0285679 0.0344277 0.040248 0.0456537 0.0502799 0.0538451 0.0561975 0.0573479 0.0574756 0.0568847 0.0559181 0.0548515 0.0537916 0.0526012 0.0508886 0.0481047 0.0437612 0.0377099 0.0303313 0.0224843
 0.0061054 0.00960852 0.0139089 0.0188485 0.0243083 0.0301859 0.0362981 0.0423255 0.0478629 0.0525186 0.0559925 0.0581227 0.0589149 0.0585436 0.0573129 0.0555836 0.0536864 0.0518237 0.0499758 0.0478532 0.0449596 0.0407966 0.0351503 0.028303 0.0210106
 0.00642524 0.0101161 0.0146507 0.0198621 0.0256191 0.0318012 0.038197 0.0444517 0.0501262 0.0548046 0.0581753 0.0600754 0.0605157 0.0596785 0.057874 0.0554705 0.0528181 0.0501682 0.0475879 0.0448994 0.0417081 0.0375673 0.0322412 0.0259229 0.0192436
 0.00673618 0.0106029 0.0153501 0.0208007 0.0268148 0.0332638 0.0399219 0.0464089 0.0522513 0.0569981 0.0603108 0.0620148 0.0621269 0.060847 0.0585053 0.0554852 0.0521497 0.0487755 0.0454847 0.0421896 0.0386033 0.0343633 0.029254 0.0234075 0.0173339
 0.00712451 0.0111996 0.016185 0.0218817 0.0281326 0.0347984 0.0416435 0.0482743 0.0542002 0.0589536 0.062182 0.0637012 0.0635243 0.0618558 0.0590371 0.0554658 0.0515202 0.0474975 0.0435591 0.0396866 0.0356879 0.0312915 0.0263255 0.020888 0.0153843
 0.00753624 0.0118391 0.0170918 0.0230734 0.0296039 0.0365198 0.0435579 0.0502953 0.0562206 0.0608618 0.0638786 0.0651076 0.0645815 0.062518 0.0592643 0.0552189 0.0507601 0.0461926 0.0417036 0.0373287 0.0329564 0.028401 0.0235423 0.0184633 0.0134832
 0.00790906 0.012425 0.0179368 0.0242085 0.0310424 0.0382519 0.0455403 0.0524427 0.0584075 0.0629386 0.0656955 0.0665392 0.0655447 0.0629766 0.0592194 0.054689 0.0497631 0.0447391 0.0398078 0.035035 0.0303684 0.0256942 0.0209427 0.0161915 0.011691
 0.00818036 0.0128561 0.0185681 0.0250744 0.0321689 0.0396514 0.0472011 0.0543174 0.0604081 0.06494 0.0675492 0.0680939 0.066671 0.0635884 0.0592833 0.0542179 0.048798 0.0433306 0.0380087 0.032911 0.0280194 0.0232692 0.0186283 0.0141715 0.0100937
 0.00837313 0.0131639 0.0190219 0.0257021 0.0329939 0.0406886 0.0484498 0.0557537 0.0619801 0.0665689 0.0691332 0.0695163 0.0678125 0.0643439 0.0595779 0.0540174 0.0481092 0.0421934 0.036486 0.0310853 0.0259987 0.0211915 0.0166534 0.0124515 0.00873365
 0.00856814 0.0134755 0.0194813 0.0263358 0.0338203 0.0417123 0.0496537 0.0570943 0.0633904 0.0679672 0.0704336 0.0706362 0.0686777 0.0648911 0.0597578 0.0537987 0.0474838 0.0411793 0.0351298 0.029462 0.0242116 0.0193693 0.0149366 0.0109674 0.00756638
 0.00879443 0.0138257 0.0199762 0.0269858 0.0346272 0.0426713 0.0507507 0.0582987 0.0646496 0.0692069 0.071566 0.0715744 0.0693502 0.0652508 0.0597824 0.0534849 0.0468408 0.0402284 0.0339079 0.0280286 0.0226528 0.0177947 0.0134657 0.00970557 0.0065803
 0.00886911 0.0139482 0.0201633 0.027255 0.0349959 0.0431534 0.0513518 0.0590132 0.0654582 0.0700758 0.0724472 0.0724068 0.0700651 0.0657813 0.0600742 0.0535033 0.0465731 0.0396823 0.0331102 0.027027 0.0215183 0.016619 0.0123495 0.00873866 0.00582034
 0.00898941 0.0141201 0.020379 0.0274944 0.0352351 0.0433776 0.0515647 0.0592364 0.0657215 0.0704043 0.0728501 0.072872 0.0705589 0.0662527 0.0604623 0.053748 0.0466257 0.0395141 0.0327184 0.0264366 0.0207817 0.0158106 0.0115542 0.00803379 0.00525809
 0.00916363 0.0143852 0.0207433 0.0279511 0.0357621 0.0439386 0.0521128 0.0597209 0.0661008 0.0706592 0.0729897 0.0729271 0.0705657 0.066236 0.0604261 0.0536751 0.046485 0.0392726 0.0323537 0.0259477 0.0201934 0.0151717 0.0109269 0.00747758 0.00481414
 0.00932058 0.0146168 0.0210483 0.0283138 0.0361572 0.04434 0.0524979 0.0600706 0.0663958 0.0708794 0.0731193 0.072962 0.0705185 0.0661328 0.0602951 0.0535335 0.0463313 0.0390884 0.0321144 0.0256361 0.0198114 0.0147438 0.010494 0.00708446 0.00449456
 0.0095008 0.0148908 0.0214246 0.0287863 0.0367055 0.0449313 0.0530896 0.0606134 0.0668412 0.071189 0.0732717 0.0729547 0.0703654 0.0658612 0.0599415 0.0531367 0.0459237 0.0386883 0.031724 0.0252485 0.0194216 0.0143573 0.010129 0.00676467 0.00423936
 0.00940151 0.0147601 0.0212851 0.0286788 0.0366788 0.0450253 0.0533196 0.0609644 0.0672724 0.0716451 0.0736953 0.0732971 0.070595 0.0659663 0.0599293 0.0530285 0.0457472 0.0384698 0.031483 0.0249959 0.0191632 0.0141001 0.00988467 0.00654855 0.00406474
 0.00931719 0.0146196 0.0210694 0.0283739 0.0362857 0.0445721 0.052868 0.0606008 0.0670818 0.0716794 0.0739537 0.0737283 0.0711179 0.0664965 0.0603997 0.0533991 0.0460046 0.0386205 0.031544 0.0249868 0.0191024 0.0140048 0.00977212 0.00643571 0.003966
 0.00935244 0.0146641 0.0211117 0.0283925 0.036252 0.044457 0.0526528 0.0602883 0.0667064 0.0713072 0.0736673 0.0735995 0.071179 0.0667282 0.0607413 0.0537737 0.0463455 0.0388861 0.0317196 0.0250778 0.0191249 0.0139789 0.0097178 0.00637095 0.00390477
 0.00933471 0.0146422 0.0210906 0.0283794 0.036251 0.0444634 0.0526488 0.0602462 0.0665989 0.0711225 0.0734217 0.0733392 0.0709679 0.066625 0.0607755 0.0539343 0.0465875 0.0391505 0.0319551 0.0252536 0.0192329 0.0140272 0.00972322 0.00635185 0.00387668
 0.00923035 0.0144874 0.0208859 0.0281365 0.0359918 0.0442155 0.0524406 0.0601002 0.0665245 0.0711113 0.0734497 0.0733791 0.0710051 0.0666665 0.0608458 0.054059 0.0467758 0.0393874 0.032207 0.0254833 0.0194136 0.0141492 0.00979169 0.00638092 0.00388224
 0.0090646 0.0142345 0.0205367 0.0276946 0.0354737 0.0436502 0.0518692 0.0595753 0.0661035 0.0708444 0.0733664 0.073479 0.0712591 0.0670281 0.0612681 0.0545072 0.0472296 0.0398332 0.0326296 0.0258625 0.0197291 0.0143888 0.00995574 0.00648094 0.00393578
 0.00886585 0.01394 0.0201464 0.0272262 0.0349567 0.0431161 0.0513456 0.059087 0.0656779 0.070514 0.0731666 0.0734391 0.0713917 0.0673223 0.0616899 0.0550093 0.0477639 0.0403606 0.0331215 0.0262985 0.0200943 0.0146744 0.0101614 0.00661567 0.00401522
 0.00879516 0.0138143 0.0199385 0.0269072 0.0345065 0.0425376 0.0506756 0.0583933 0.0650417 0.0700065 0.0728335 0.0732992 0.071444 0.0675528 0.0620738 0.0555103 0.0483365 0.0409558 0.0336946 0.0268145 0.02053 0.0150185 0.0104139 0.00678615 0.00412016
 0.00879312 0.0138025 0.0199036 0.0268276 0.0343528 0.042277 0.0502812 0.0578576 0.0643903 0.0693042 0.0721748 0.0727831 0.0711451 0.0675028 0.0622609 0.0558915 0.0488529 0.0415444 0.034296 0.0273785 0.0210201 0.0154138 0.010709 0.00698914 0.00424791
 0.00872165 0.0137072 0.0197979 0.0267347 0.0342957 0.0422645 0.0502962 0.0578576 0.0643209 0.0691216 0.0718667 0.0723805 0.070717 0.0671357 0.0620306 0.0558406 0.0489822 0.0418199 0.0346639 0.0277806 0.0214055 0.0157461 0.0109694 0.00717493 0.00436835
 0.00862102 0.0135514 0.0195791 0.0264547 0.0339689 0.0419203 0.0499776 0.0576108 0.0641781 0.0690833 0.0718987 0.0724296 0.070739 0.0671183 0.0619992 0.0558431 0.0490643 0.0420037 0.0349399 0.0281143 0.0217514 0.0160626 0.0112287 0.00736624 0.00449576
 0.00844666 0.0132938 0.0192392 0.0260489 0.0335236 0.041463 0.0495329 0.0572036 0.0638385 0.0688475 0.0717983 0.072476 0.0709133 0.0673771 0.0622935 0.0561408 0.0493593 0.0423077 0.0352652 0.0284589 0.0220965 0.0163806 0.0114948 0.00756743 0.00463283
