SBPRF35
7.78865
Curr Bio
493870
B35
682578
F35
0.214136
FOFL
0.145645
OFL
54939
Bzero
2.22533e+006
#pred survey bio
 4.49006e+006 4.26059e+006 4.03427e+006 3.74707e+006 3.43229e+006 3.11139e+006 2.80561e+006 2.52525e+006 2.2345e+006 1.97101e+006 1.75217e+006 1.55946e+006 1.38102e+006 1.20233e+006 1.05724e+006 933294 849071 793823 763921 734892 692060 668479 655929 637943 633607 624331 620777 614292 614420 610748 613682 600679 588198 579724 574341 558040 548617 541696 545001 548482 557939 561924 571743 572912 577794 581138 585472 588818 585834 585076 586906 577732 546071 526665 512089 528356 499639 1.68184e+007 9.97779e+006 1.02268e+007 1.10485e+007 1.21703e+007 1.33312e+007 1.4375e+007 1.52378e+007 1.5913e+007 1.64227e+007 1.67984e+007 1.7071e+007 1.72672e+007 1.74077e+007 1.75084e+007 1.75807e+007 1.76329e+007 1.76708e+007 1.76984e+007 1.77187e+007 1.77337e+007 1.77449e+007 1.77533e+007 1.77596e+007 1.77644e+007 1.7768e+007 1.77708e+007 1.77729e+007 1.77745e+007 1.77757e+007 1.77766e+007 1.77774e+007 1.77779e+007 1.77784e+007 1.77787e+007 1.77789e+007 1.77791e+007 1.77793e+007 1.77794e+007 1.77795e+007 1.77796e+007 1.77796e+007 1.77797e+007 1.77797e+007 1.77797e+007 1.77798e+007 1.77798e+007 1.77798e+007 1.77798e+007 1.77798e+007 1.77798e+007 1.77798e+007 1.77798e+007 1.77798e+007 1.77798e+007 1.77798e+007 1.77798e+007 1.77798e+007 1.77798e+007 1.77798e+007 1.77798e+007 1.77798e+007 1.77798e+007 1.77798e+007 1.77798e+007 1.77798e+007 1.77798e+007 1.77798e+007 1.77798e+007 1.77798e+007 1.77798e+007 1.77798e+007 1.77798e+007 1.77798e+007 1.77798e+007 1.77798e+007 1.77798e+007 1.77798e+007 1.77798e+007 1.77798e+007 1.77798e+007 1.77798e+007 1.77798e+007 1.77798e+007 1.77798e+007 1.77798e+007 1.77798e+007 1.77798e+007 1.77798e+007 1.77798e+007 1.77798e+007 1.77798e+007 1.77798e+007 1.77798e+007 1.77798e+007 1.77798e+007 1.77798e+007 1.77798e+007 1.77798e+007 1.77798e+007 0 0 0 0 0 0 0 0 0 0 0 0 0 0 0 0 0 0 0 0 0 0 0 0 0
#obs survey bio
 3.79407e+006 3.81723e+006 2.42446e+006 2.82168e+006 2.79484e+006 2.52433e+006 2.79743e+006 2.08828e+006 2.02383e+006 1.6099e+006 1.36526e+006 1.64536e+006 1.12609e+006 814595 683079 604648 732507 517438 643842 756805 518892 537828 766355 408698 702407 527800 518807 559002 558324 690088 524140 474369 655263 541096 499394 764787 543144 621610 567575 380302 504095 469934 669783 677397 642684 441232 748200 626254 384845 674093 506752 629745 599310 367184 557734 453253 499500
#pred catch bio
 93815.7 91774.2 159054 206026 239633 256122 262517 299028 297991 276642 267028 263706 269509 243349 226886 193722 169367 147600 145275 153031 132331 119310 120354 106545 109173 103100 104649 97967.8 99517.7 92097.9 103215 99524 92755.5 86849.1 92615.9 85615.7 86493.6 82230.1 85068.6 81947.4 88143.6 84464 92043.9 88456.5 89607 89167.1 90323.6 95307.7 92631.9 89501.8 97683 114888 102915 97585.2 70631.7 105087 91134.3 54939 77104 77454 82252.4 90242.7 98833.8 106519 112742 117470 120906 123323 124982 126100 126841 127328 127644 127848 127979 128063 128116 128150 128171 128184 128193 128198 128202 128204 128205 128206 128206 128207 128207 128207 128207 128207 128207 128207 128207 128207 128207 128207 128207 128207 128207 128207 128207 128207 128207 128207 128207 128207 128207 128207 128207 128207 128207 128207 128207 128207 128207 128207 128207 128207 128207 128207 128207 128207 128207 128207 128207 128207 128207 128207 128207 128207 128207 128207 128207 128207 128207 128207 128207 128207 128207 128207 128207 128207 128207 128207 128207 128207 128207 128207 128207 128207 128207 128207 128207 128207 128207 0 0 0 0 0 0 0 0 0 0 0 0 0 0 0 0 0 0 0 0 0 0 0 0 0
#obs catch bio
 0 91495.4 160062 207727 242730 260659 266947 306955 306087 284626 274754 270176 277258 249919 233426 199724 174196 151723 148936 157035 135610 121557 122071 107772 110776 104376 106273 99388.3 101014 92800.6 104574 100990 93672.9 87441.2 93656 85971.7 87001.7 82466.8 85422.6 81930.2 88321.2 84988.2 92640.8 88783.9 89628.8 89446.3 90646.8 95767.4 93218.1 89642.2 97691.4 115114 102714 98412.3 70212.7 105489 91068.6
#pred cpue bio
 4.40817e+006 4.18439e+006 3.96213e+006 3.67653e+006 3.36299e+006 3.04357e+006 2.73944e+006 2.46071e+006 2.17219e+006 1.9111e+006 1.69457e+006 1.50435e+006 1.32858e+006 1.1529e+006 1.01025e+006 888401 805611 751593 722668 695015 654191 632028 620683 603885 599862 591054 587736 581557 581981 578964 582325 570187 558678 551186 546709 531539 521884 513439 515367 518588 527800 531492 540880 542202 547215 550508 554523 557753 555015 554505 556614 547858 517030 498001 484024 500436 473747 1.59731e+007 9.48607e+006 9.58534e+006 1.02354e+007 1.12946e+007 1.24401e+007 1.34807e+007 1.43429e+007 1.5018e+007 1.55277e+007 1.59034e+007 1.6176e+007 1.63721e+007 1.65127e+007 1.66134e+007 1.66857e+007 1.67379e+007 1.67757e+007 1.68033e+007 1.68237e+007 1.68387e+007 1.68499e+007 1.68583e+007 1.68646e+007 1.68694e+007 1.6873e+007 1.68757e+007 1.68778e+007 1.68794e+007 1.68807e+007 1.68816e+007 1.68823e+007 1.68829e+007 1.68833e+007 1.68837e+007 1.68839e+007 1.68841e+007 1.68843e+007 1.68844e+007 1.68845e+007 1.68845e+007 1.68846e+007 1.68846e+007 1.68847e+007 1.68847e+007 1.68847e+007 1.68847e+007 1.68847e+007 1.68848e+007 1.68848e+007 1.68848e+007 1.68848e+007 1.68848e+007 1.68848e+007 1.68848e+007 1.68848e+007 1.68848e+007 1.68848e+007 1.68848e+007 1.68848e+007 1.68848e+007 1.68848e+007 1.68848e+007 1.68848e+007 1.68848e+007 1.68848e+007 1.68848e+007 1.68848e+007 1.68848e+007 1.68848e+007 1.68848e+007 1.68848e+007 1.68848e+007 1.68848e+007 1.68848e+007 1.68848e+007 1.68848e+007 1.68848e+007 1.68848e+007 1.68848e+007 1.68848e+007 1.68848e+007 1.68848e+007 1.68848e+007 1.68848e+007 1.68848e+007 1.68848e+007 1.68848e+007 1.68848e+007 1.68848e+007 1.68848e+007 1.68848e+007 1.68848e+007 1.68848e+007 1.68848e+007 1.68848e+007 1.68848e+007 1.68848e+007 1.68848e+007 1.68848e+007 0 0 0 0 0 0 0 0 0 0 0 0 0 0 0 0 0 0 0 0 0 0 0 0 0
#obs cpue bio
 4.67018e+006 2.25364e+006 3.28978e+006 2.95989e+006 2.07639e+006 1.89677e+006 2.84874e+006 1.57634e+006 2.00355e+006 1.38929e+006 1.75418e+006 1.67497e+006 1.16522e+006 1.21808e+006 1.05918e+006 676791 639759 626838 733826 577375 500289 720759 665821 721030 408546 586959 498498 468012 558430 612767 503422 484945 570774 590760 479664 519909 471387 483194 467424 915269 545306 352928 506506 473331 661019 534047 393400 490792 653750 615400 734032 529350 525874 398806 714474 566065 475770
#pred surv len freq
 0.00474417 0.00779912 0.0119156 0.017124 0.023312 0.0301237 0.0369441 0.0430681 0.0479744 0.0514996 0.0538001 0.0551846 0.0559608 0.0563552 0.0564842 0.0563528 0.0558734 0.054901 0.0532602 0.0507524 0.0471629 0.0423162 0.0362051 0.0291342 0.0217521
 0.0050511 0.00817078 0.0122457 0.0172513 0.0230836 0.0294842 0.035994 0.04204 0.0471286 0.0509984 0.0536388 0.0552156 0.0559856 0.0562291 0.0561831 0.0559797 0.0556096 0.0549223 0.0536544 0.0514761 0.0480591 0.0431851 0.036888 0.0295663 0.0219596
 0.00533671 0.00865238 0.0129921 0.0183098 0.0244376 0.0310074 0.0374396 0.0431021 0.0475675 0.0507597 0.0528764 0.0541954 0.054938 0.0552539 0.0552614 0.0550616 0.0546997 0.0541036 0.0530418 0.0511415 0.0479831 0.0432672 0.0370033 0.0296268 0.0219414
 0.00558804 0.00906482 0.013622 0.0192165 0.0256751 0.032604 0.0393639 0.0452282 0.0496628 0.0525188 0.0540077 0.0545261 0.0544782 0.0541731 0.0537934 0.0534075 0.0529919 0.0524305 0.0514866 0.0497861 0.0468813 0.04242 0.0363661 0.0291414 0.0215658
 0.00584241 0.0094773 0.0142415 0.0200897 0.0268406 0.0340818 0.0411425 0.0472544 0.0518363 0.0546887 0.0559713 0.0560455 0.0553277 0.05421 0.0530122 0.0519394 0.0510501 0.0502417 0.0492475 0.0476522 0.0449673 0.0407973 0.035061 0.0281425 0.0208389
 0.00609377 0.00988594 0.0148567 0.0209581 0.027998 0.0355414 0.0428817 0.0492108 0.0539165 0.0567827 0.0579598 0.0577935 0.0566768 0.0549875 0.0530683 0.0512004 0.0495564 0.0481469 0.0467778 0.0450531 0.0424595 0.0385509 0.0331842 0.0266801 0.0197792
 0.00637281 0.0103307 0.01551 0.0218549 0.0291614 0.0369746 0.0445591 0.051073 0.0558767 0.0587408 0.0598154 0.0594498 0.0580351 0.0559374 0.0534865 0.0509684 0.0485998 0.0464774 0.0445153 0.0424115 0.0397016 0.0359327 0.0309068 0.0248611 0.018447
 0.00660795 0.0107182 0.0161024 0.0227034 0.0303044 0.0384207 0.0462713 0.052967 0.0578372 0.0606488 0.0615692 0.0609713 0.0592616 0.0568079 0.0539291 0.0508975 0.0479302 0.0451575 0.0425691 0.0399653 0.0369773 0.0332032 0.0284307 0.0228231 0.0169257
 0.00687012 0.011145 0.0167463 0.023614 0.0315201 0.039954 0.0480925 0.054996 0.059952 0.0627066 0.0634322 0.0625258 0.0604284 0.0575395 0.0541964 0.0506726 0.0471762 0.0438391 0.0406835 0.0375823 0.0342621 0.0304012 0.0258123 0.0206112 0.0152404
 0.00712546 0.0115589 0.0173671 0.0244864 0.0326771 0.0414048 0.0498089 0.0569066 0.0619501 0.0646683 0.0652334 0.0640551 0.0615941 0.0582745 0.0544591 0.0504403 0.0464355 0.0425815 0.0389178 0.0353623 0.0317158 0.0277344 0.0232732 0.0184245 0.013545
 0.00733483 0.0118998 0.0178811 0.0252131 0.0336471 0.0426288 0.0512655 0.0585379 0.0636692 0.0663741 0.0668257 0.0654423 0.0626959 0.0590235 0.054802 0.0503386 0.0458647 0.041532 0.037401 0.033428 0.0294725 0.0253567 0.0209783 0.0164194 0.0119681
 0.00756402 0.0122652 0.0184178 0.0259494 0.0346 0.0437969 0.0526214 0.060024 0.0652046 0.0678685 0.0681928 0.0666077 0.0635995 0.0596176 0.0550485 0.0502068 0.0453311 0.0405834 0.0360437 0.0317031 0.0274725 0.0232314 0.0189164 0.0146048 0.010529
 0.00781198 0.0126656 0.0190147 0.0267799 0.0356852 0.0451285 0.0541492 0.0616557 0.0668216 0.0693527 0.0694491 0.0675732 0.0642402 0.0599201 0.0550108 0.0498306 0.0446176 0.039534 0.0346692 0.0300391 0.0255963 0.0212687 0.017027 0.0129465 0.00921257
 0.00816886 0.0132301 0.0198344 0.0278872 0.0370899 0.046807 0.0560329 0.0636278 0.0687314 0.0710438 0.0707888 0.0684728 0.0646619 0.0598723 0.0545348 0.0489827 0.0434535 0.0381004 0.0330065 0.0281945 0.0236413 0.0193087 0.0151928 0.011365 0.00797061
 0.00852482 0.0137923 0.020649 0.0289844 0.0384763 0.0484561 0.0578746 0.0655476 0.0705854 0.0726858 0.0720948 0.0693549 0.0650721 0.0598016 0.0540094 0.0480565 0.0421958 0.0365836 0.0312994 0.0263653 0.0217669 0.0174831 0.0135223 0.00994801 0.00686997
 0.00881164 0.0142611 0.021358 0.0299857 0.0398015 0.0500951 0.0597569 0.0675406 0.0725181 0.0743868 0.0734262 0.0702279 0.0654469 0.0596794 0.0534235 0.0470642 0.0408703 0.0350069 0.0295559 0.0245395 0.0199455 0.015757 0.0119818 0.00866799 0.00589162
 0.0089406 0.0144737 0.0216845 0.0304585 0.0404516 0.0509448 0.0608083 0.0687655 0.0738535 0.0757381 0.0746789 0.0712655 0.0661709 0.0600248 0.0533651 0.0466143 0.0400715 0.0339227 0.0282639 0.0231259 0.0185015 0.0143746 0.0107457 0.00764363 0.00511205
 0.00898072 0.0145387 0.0217827 0.0305996 0.040648 0.0512118 0.0611636 0.0692264 0.074431 0.0764293 0.0754586 0.072081 0.0669445 0.0606655 0.0537875 0.0467564 0.0399065 0.0334622 0.0275529 0.0222345 0.0175153 0.0133844 0.00983565 0.00687812 0.00452513
 0.00889006 0.0144034 0.021602 0.030382 0.0404108 0.0509798 0.0609681 0.0691042 0.0744221 0.0765707 0.0757747 0.0725735 0.0675845 0.0613912 0.0545108 0.0473792 0.0403419 0.0336535 0.0274852 0.0219351 0.0170456 0.0128249 0.00926934 0.0063734 0.00412424
 0.00881013 0.0142812 0.0214331 0.0301686 0.0401626 0.050714 0.0607096 0.0688838 0.0742726 0.076521 0.0758457 0.0727762 0.0679179 0.061839 0.0550366 0.0479253 0.0408361 0.0340244 0.0276808 0.0219376 0.0168757 0.0125349 0.00892626 0.00604064 0.00384637
 0.00884231 0.0143328 0.0215089 0.0302717 0.0402926 0.050865 0.0608684 0.0690318 0.0743895 0.0765921 0.0758673 0.0727579 0.0678808 0.0618097 0.0550378 0.0479658 0.040904 0.0340881 0.0276994 0.0218778 0.016726 0.012311 0.00866483 0.00578454 0.00362979
 0.00877943 0.0142316 0.0213592 0.0300668 0.040033 0.0505627 0.0605506 0.0687374 0.0741607 0.0764615 0.0758494 0.0728483 0.0680619 0.0620591 0.0553341 0.0482897 0.0412352 0.0344016 0.0279655 0.0220678 0.0168225 0.012316 0.00859985 0.00568268 0.00352349
 0.00880191 0.0142415 0.0213256 0.029946 0.0397816 0.0501584 0.0600092 0.0681164 0.0735455 0.075942 0.0754978 0.072705 0.068132 0.0623166 0.0557325 0.0487746 0.0417538 0.0349076 0.0284201 0.0224406 0.0170947 0.012484 0.00867705 0.00569497 0.0035005
 0.00897276 0.0144943 0.0216577 0.0303336 0.0401797 0.0505056 0.0602359 0.0681593 0.0733677 0.0755523 0.074956 0.0721069 0.0675801 0.0618908 0.0554734 0.0486826 0.0417997 0.0350465 0.028604 0.0226265 0.0172503 0.0125914 0.00873336 0.00570979 0.00348989
 0.00891642 0.0144264 0.0215983 0.0303136 0.0402292 0.0506364 0.0604282 0.068362 0.0735135 0.0755821 0.0748406 0.0718584 0.0672486 0.061549 0.0551938 0.0485164 0.0417648 0.0351282 0.0287651 0.0228216 0.0174384 0.0127443 0.00883882 0.00576996 0.00351602
 0.00898783 0.0145198 0.0216985 0.0303963 0.0402727 0.0506368 0.060407 0.0683574 0.0735574 0.075676 0.0749489 0.0719243 0.0672235 0.061418 0.0549826 0.048279 0.0415596 0.0349963 0.0287188 0.0228469 0.017506 0.0128231 0.0089064 0.00581604 0.0035409
 0.00896734 0.0144978 0.0216849 0.0304039 0.0403097 0.0506982 0.0604715 0.0683962 0.0735511 0.0756292 0.0748878 0.0718785 0.0672052 0.0614147 0.0549699 0.0482404 0.0414996 0.0349365 0.0286838 0.02285 0.0175438 0.0128802 0.0089648 0.00586302 0.00357185
 0.0088843 0.0143798 0.0215395 0.0302504 0.0401756 0.0506113 0.060452 0.0684494 0.0736647 0.0757751 0.0750322 0.071995 0.0672835 0.0614591 0.0549899 0.0482421 0.0414856 0.0349114 0.0286575 0.0228344 0.0175463 0.0129 0.00899396 0.00589218 0.00359461
 0.00873822 0.0141516 0.0212149 0.0298258 0.0396633 0.0500448 0.059888 0.067962 0.0733279 0.0756398 0.0751094 0.0722544 0.0676677 0.0619043 0.0554421 0.0486652 0.0418597 0.0352286 0.0289179 0.0230438 0.017713 0.0130314 0.0090951 0.0059662 0.00364473
 0.00871181 0.0140955 0.0211063 0.0296366 0.039368 0.0496334 0.059378 0.0674017 0.0727884 0.0751983 0.0748306 0.0721758 0.0677914 0.0621982 0.055851 0.0491267 0.0423192 0.0356481 0.0292772 0.0233368 0.0179428 0.0132054 0.00922198 0.00605445 0.00370239
 0.00860366 0.0139317 0.0208814 0.0293514 0.0390263 0.0492385 0.0589326 0.0669136 0.0722789 0.0747084 0.0744186 0.0719053 0.0677131 0.062334 0.0561855 0.0496116 0.0428875 0.0362315 0.0298204 0.0238045 0.0183197 0.0134917 0.00942728 0.00619305 0.00378989
 0.00848082 0.0137591 0.0206717 0.0291331 0.0388353 0.0491036 0.0588632 0.0668958 0.0722803 0.0746903 0.0743514 0.0717821 0.0675566 0.0621898 0.0561059 0.0496341 0.0430209 0.0364549 0.030094 0.0240853 0.0185734 0.0136987 0.00958209 0.00629984 0.00385795
 0.00839366 0.0136121 0.0204428 0.0288037 0.0384012 0.0485877 0.0583226 0.0664123 0.0719342 0.0745283 0.0743699 0.0719341 0.0677783 0.06243 0.0563423 0.0498722 0.0432787 0.0367444 0.0304106 0.0244078 0.018874 0.0139538 0.00977922 0.00643882 0.00394742
 0.00829746 0.0134582 0.0202153 0.028489 0.0379898 0.0480789 0.0577315 0.0657772 0.0713177 0.0740095 0.0740253 0.0718144 0.0678905 0.0627364 0.0567778 0.0503702 0.0437904 0.0372435 0.0308842 0.0248456 0.0192626 0.0142789 0.0100317 0.00661907 0.00406489
 0.00821341 0.0133185 0.02 0.0281785 0.03757 0.047549 0.0571108 0.0651062 0.0706524 0.0734115 0.0735543 0.0715221 0.0678142 0.0628895 0.0571419 0.0508965 0.0444126 0.0378956 0.031514 0.0254182 0.0197567 0.0146828 0.0103417 0.00683991 0.00420949
 0.00890507 0.0142894 0.0211766 0.0293954 0.0386149 0.0482363 0.0573417 0.0648841 0.0700566 0.0725564 0.0725575 0.0704907 0.0668404 0.0620488 0.0564881 0.0504552 0.044178 0.037835 0.0315789 0.0255577 0.0199273 0.0148521 0.010489 0.00695474 0.00429006
 0.00957735 0.0153481 0.0226966 0.0313979 0.0410344 0.050887 0.0599078 0.0669684 0.0712948 0.0727464 0.0717279 0.0688688 0.0647499 0.0598029 0.0543273 0.0485326 0.042572 0.0365671 0.030631 0.0248863 0.0194775 0.0145683 0.0103216 0.00686346 0.00424467
 0.00950389 0.0153425 0.022897 0.0319991 0.0422317 0.0527863 0.0624446 0.069881 0.0741719 0.0751309 0.0732362 0.0692876 0.0640826 0.0582496 0.0522084 0.0461907 0.0402925 0.0345408 0.0289541 0.023581 0.0185176 0.0139009 0.00988412 0.0065944 0.00409044
 0.00918971 0.0148667 0.0222541 0.0312284 0.0414335 0.052131 0.0621588 0.0701945 0.0752253 0.076883 0.0754309 0.0715149 0.0659105 0.0593651 0.0525016 0.0457553 0.0393573 0.0333749 0.0277875 0.0225648 0.0177202 0.013328 0.00950427 0.00636146 0.00395849
 0.00919504 0.0148315 0.0221221 0.0309253 0.0408942 0.0513408 0.0611915 0.069222 0.0744868 0.0766186 0.0757983 0.0725198 0.0673818 0.060996 0.0539486 0.0467542 0.0398002 0.033317 0.0273911 0.0220198 0.0171806 0.0128837 0.00918478 0.00615645 0.00383987
 0.00921875 0.014867 0.0221668 0.0309671 0.0409047 0.0512717 0.0609813 0.06882 0.073891 0.0759084 0.0751363 0.0721073 0.0673801 0.0614506 0.0547584 0.0477056 0.040653 0.0338956 0.0276377 0.0219868 0.0169804 0.0126306 0.00895738 0.00598922 0.00373426
 0.00917423 0.0148165 0.0221308 0.0309764 0.0409898 0.0514456 0.061224 0.0690743 0.0740749 0.0759426 0.0749793 0.0717842 0.0669878 0.0611267 0.0546226 0.0478015 0.0409262 0.0342239 0.0278942 0.0220973 0.0169435 0.0124973 0.00879336 0.00584365 0.00362913
 0.00899518 0.0145482 0.0217706 0.0305414 0.0405164 0.0509869 0.0608429 0.0688311 0.074008 0.0760495 0.0752115 0.0720649 0.0672468 0.0613343 0.0548001 0.0480005 0.0411881 0.0345472 0.0282313 0.0223828 0.0171309 0.0125798 0.00879737 0.0058082 0.00358607
 0.0089454 0.0144609 0.0216286 0.030327 0.0402195 0.0506148 0.0604285 0.0684316 0.0736916 0.0758738 0.075204 0.0722132 0.0675036 0.0616367 0.0550945 0.048262 0.0414218 0.0347708 0.0284528 0.0225897 0.0172988 0.01269 0.00884929 0.00581735 0.00357361
 0.00901908 0.0145523 0.0217136 0.0303648 0.040163 0.0504275 0.0601009 0.0679883 0.0731877 0.0753834 0.0748039 0.0719648 0.0674378 0.0617452 0.0553359 0.0485785 0.0417606 0.0350969 0.0287489 0.0228472 0.0175098 0.0128476 0.00895218 0.00587335 0.00359693
 0.00909001 0.0146675 0.0218844 0.0305965 0.0404465 0.0507317 0.0603692 0.0681494 0.0731793 0.0751796 0.074431 0.071495 0.0669639 0.0613513 0.0550735 0.0484592 0.0417622 0.03518 0.0288734 0.0229814 0.0176327 0.0129467 0.00902231 0.00591565 0.00361754
 0.00898861 0.014533 0.0217383 0.030478 0.0404019 0.0507964 0.0605515 0.0684227 0.0734866 0.0754487 0.0745945 0.0715122 0.0668358 0.0611201 0.054807 0.0482246 0.0416047 0.0351131 0.0288833 0.0230404 0.0177118 0.0130235 0.00908386 0.00595763 0.00364185
 0.00892202 0.0144214 0.0215663 0.0302346 0.0400901 0.0504436 0.0602137 0.0681743 0.0733939 0.0755395 0.0748425 0.0718458 0.0671671 0.0613791 0.0549638 0.0482919 0.041622 0.0351237 0.028916 0.0231023 0.0177931 0.0131078 0.00915688 0.00601197 0.00367697
 0.00886476 0.0143402 0.0214654 0.0301236 0.0399787 0.050336 0.0601069 0.0680639 0.0732856 0.0754551 0.0748144 0.0718991 0.0673017 0.0615644 0.0551517 0.0484398 0.0417111 0.0351625 0.0289286 0.0231128 0.0178146 0.0131404 0.00919343 0.00604452 0.003701
 0.00879258 0.0142253 0.0212981 0.0298988 0.0397 0.0500192 0.0597816 0.0677685 0.0730568 0.075317 0.074775 0.0719553 0.0674454 0.0617832 0.0554245 0.0487353 0.0419942 0.0354056 0.0291206 0.0232582 0.017925 0.0132266 0.0092611 0.00609557 0.00373654
 0.00883974 0.0142763 0.0213276 0.0298684 0.039569 0.0497626 0.0594052 0.0673127 0.0725858 0.0749004 0.0744698 0.0717947 0.0674365 0.0619114 0.0556612 0.0490441 0.0423358 0.035743 0.0294244 0.0235114 0.0181234 0.0133749 0.00936784 0.00616922 0.00378457
 0.00890379 0.0143905 0.0215154 0.0301513 0.0399533 0.0502232 0.0598766 0.0677002 0.0727968 0.0748817 0.0742288 0.071393 0.0669628 0.0614501 0.0552717 0.0487547 0.0421479 0.03564 0.0293814 0.0235035 0.0181317 0.0133881 0.00938062 0.00617997 0.00379293
 0.00908886 0.0146896 0.0219619 0.0307733 0.0407661 0.0512165 0.0610003 0.0688571 0.0738512 0.0756847 0.0746542 0.0713722 0.0665054 0.0606418 0.0542471 0.0476586 0.0411007 0.0347199 0.0286238 0.0229114 0.0176893 0.0130715 0.00916469 0.00604087 0.00370926
 0.00899419 0.0145712 0.0218501 0.0307199 0.0408329 0.0514553 0.0614349 0.0694739 0.0746007 0.0764885 0.0754138 0.0719816 0.0668716 0.0607082 0.0540127 0.0471793 0.0404717 0.0340459 0.0279917 0.0223752 0.01727 0.0127656 0.00895552 0.00590678 0.00362908
 0.00882561 0.0143123 0.021491 0.0302682 0.0403193 0.050938 0.0609986 0.0692168 0.0746069 0.0767965 0.0759966 0.0727508 0.0677006 0.0614653 0.0545912 0.0475202 0.0405722 0.0339519 0.0277771 0.0221161 0.0170244 0.0125658 0.0088108 0.00581177 0.00357206
 0.00832469 0.0135378 0.0204018 0.0288587 0.0386266 0.0490494 0.0590588 0.0674242 0.0731855 0.0759481 0.0758503 0.0733293 0.0689141 0.0631323 0.0564807 0.0494028 0.042266 0.0353496 0.0288478 0.0228875 0.0175545 0.0129181 0.00903868 0.00595485 0.00365815
 0.00817816 0.0133148 0.020094 0.0284671 0.038159 0.0485167 0.0584746 0.0668079 0.0725685 0.0753786 0.0753938 0.0730615 0.0689029 0.0634128 0.057035 0.0501557 0.0431034 0.0361523 0.0295256 0.0233975 0.0178998 0.0131306 0.0091593 0.00601926 0.00369119
#obs surv len freq
 nan nan nan nan nan nan nan nan nan nan nan nan nan nan nan nan nan nan nan nan nan nan nan nan nan
 0.00448422 0.00734567 0.0111762 0.0159936 0.021696 0.0279735 0.0342893 0.0400216 0.0447011 0.0481639 0.05052 0.0520136 0.0529037 0.0534141 0.0537267 0.0539804 0.0542581 0.0545502 0.0546886 0.0542803 0.0527184 0.0493509 0.0438012 0.0362821 0.0276667
 0.00461448 0.00755907 0.0115001 0.0164536 0.0223096 0.0287407 0.0351832 0.0409853 0.0456556 0.0490233 0.0512078 0.0524742 0.0531077 0.0533597 0.053435 0.0534879 0.0536081 0.0537854 0.0538482 0.0534013 0.0518396 0.0485153 0.0430536 0.0356601 0.0271913
 0.00478298 0.00783382 0.0119151 0.0170411 0.0230938 0.0297279 0.0363506 0.0422762 0.0469849 0.0502906 0.0523125 0.0533275 0.0536423 0.0535358 0.0532445 0.0529523 0.0527721 0.0527082 0.0525959 0.0520445 0.0504539 0.0471815 0.041852 0.0346569 0.0264232
 0.00497379 0.00814724 0.0123928 0.0177237 0.0240132 0.0308944 0.0377399 0.0438248 0.0485984 0.0518603 0.0537308 0.0544971 0.0544802 0.0539774 0.0532488 0.052507 0.0518964 0.0514513 0.0510333 0.0502736 0.0485905 0.0453538 0.0401865 0.0332572 0.0253475
 0.00518086 0.00848663 0.0129089 0.0184602 0.0250052 0.0321559 0.0392502 0.0455226 0.0503886 0.0536307 0.0553681 0.055897 0.0555521 0.0546458 0.0534554 0.0522143 0.0510928 0.0501587 0.0493126 0.0482282 0.0463637 0.0431172 0.0381161 0.0314998 0.0239885
 0.00541486 0.00886781 0.0134841 0.0192739 0.0260916 0.0335262 0.0408791 0.0473435 0.052302 0.055522 0.0571247 0.0574173 0.0567474 0.0554408 0.0537865 0.0520313 0.050364 0.0488796 0.0475204 0.0460143 0.0438798 0.0405639 0.035712 0.0294345 0.0223784
 0.00565353 0.00926112 0.0140858 0.020137 0.0272577 0.0350089 0.0426472 0.0493161 0.0543614 0.057538 0.058976 0.0590025 0.0579856 0.0562669 0.0541465 0.0518786 0.0496609 0.0476068 0.0456938 0.0437071 0.0412368 0.0377974 0.0330677 0.0271359 0.0205707
 0.00589346 0.00965427 0.0146835 0.0209899 0.0284068 0.036471 0.0443992 0.0512875 0.0564425 0.0595989 0.0608872 0.0606495 0.0592764 0.0571326 0.054537 0.0517554 0.0489925 0.0463727 0.0439001 0.0414111 0.0385699 0.0349674 0.030329 0.02473 0.0186622
 0.00615143 0.0100745 0.0153176 0.0218863 0.0296021 0.0379752 0.0461812 0.05327 0.0585127 0.0616297 0.0627571 0.0622529 0.0605271 0.0579634 0.0548976 0.0516093 0.0483126 0.0451427 0.0421257 0.0391425 0.0359264 0.032146 0.0275793 0.0222971 0.0167195
 0.00637337 0.0104419 0.0158826 0.0227017 0.0307101 0.0393912 0.0478768 0.0551677 0.0604985 0.0635759 0.0645438 0.0637799 0.0617162 0.0587553 0.0552481 0.0514843 0.047686 0.0439981 0.0404668 0.0370139 0.0334358 0.0294746 0.0249614 0.0199674 0.0148488
 0.00662273 0.0108475 0.0164935 0.0235637 0.0318577 0.0408335 0.049583 0.057061 0.062465 0.0654854 0.0662713 0.0652208 0.0627924 0.0594162 0.0554645 0.0512407 0.046973 0.0428115 0.0388163 0.034942 0.031041 0.0269218 0.0224658 0.0177466 0.0130631
 0.0068429 0.0112117 0.017053 0.0243694 0.0329487 0.0422205 0.0512316 0.0588873 0.0643495 0.067298 0.0678932 0.0665561 0.0637708 0.0599912 0.0556103 0.0509471 0.0462401 0.0416462 0.0372376 0.0329952 0.0288173 0.0245689 0.0201749 0.0157116 0.011427
 0.00706879 0.0115809 0.0176124 0.0251638 0.0340123 0.0435623 0.0528209 0.0606474 0.0661668 0.0690426 0.0694412 0.0678054 0.0646494 0.0604576 0.0556492 0.0505615 0.0454436 0.040459 0.0356894 0.0311369 0.0267363 0.0223983 0.0180821 0.0138643 0.00994745
 0.00727432 0.01192 0.0181317 0.025909 0.0350179 0.0448364 0.0543297 0.0623113 0.0678725 0.0706659 0.0708677 0.068943 0.065432 0.0608457 0.0556279 0.0501363 0.0446344 0.0392953 0.0342107 0.0293998 0.024826 0.0204345 0.01621 0.0122253 0.00864247
 0.00744603 0.0122008 0.0185575 0.0265147 0.0358313 0.0458677 0.0555602 0.0636875 0.0693113 0.072068 0.0721329 0.0699825 0.0661764 0.0612488 0.0556669 0.049809 0.0439552 0.0382917 0.0329235 0.0278867 0.0231687 0.0187413 0.0146061 0.0108293 0.00753602
 0.00752857 0.0123389 0.0187729 0.0268313 0.0362717 0.0464473 0.0562804 0.0645317 0.0702458 0.0730456 0.0730973 0.070871 0.0669238 0.0617935 0.0559574 0.0498104 0.0436517 0.0376883 0.032046 0.0267838 0.0219136 0.0174306 0.0133495 0.00972836 0.00666057
 0.00757886 0.0124153 0.0188788 0.0269681 0.0364419 0.0466573 0.056542 0.0648601 0.070654 0.0735381 0.0736645 0.0714864 0.0675448 0.0623645 0.0564168 0.0500982 0.0437193 0.0375066 0.0316113 0.0261219 0.0210807 0.0165085 0.0124336 0.00890856 0.00599995
 0.00766795 0.0125487 0.019058 0.0271866 0.0366862 0.0469108 0.0567885 0.0650878 0.0708595 0.0737297 0.0738599 0.0717054 0.0677983 0.0626452 0.0566961 0.05033 0.0438498 0.0374866 0.031409 0.0257335 0.0205348 0.015864 0.0117675 0.00829704 0.00549925
 0.00774382 0.01267 0.0192359 0.027428 0.0369902 0.0472638 0.057162 0.0654411 0.0711514 0.0739316 0.0739669 0.0717364 0.0677869 0.0626257 0.0566896 0.0503358 0.0438445 0.0374318 0.0312653 0.0254755 0.0201637 0.0154105 0.0112845 0.00784339 0.00512164
 0.00776397 0.0127032 0.0192868 0.027502 0.0370925 0.0473986 0.0573297 0.0656364 0.0713608 0.074135 0.0741416 0.0718648 0.0678628 0.0626571 0.0566937 0.0503294 0.0438331 0.0374046 0.0311986 0.0253445 0.0199559 0.0151356 0.0109733 0.00753757 0.00485844
 0.00782172 0.0127844 0.019386 0.0276065 0.0371874 0.047473 0.0573824 0.0656756 0.0714001 0.0741861 0.074209 0.0719432 0.0679404 0.0627205 0.0567346 0.0503467 0.0438301 0.0373826 0.0311522 0.0252624 0.0198285 0.0149636 0.0107722 0.00733328 0.00467746
 0.00784558 0.0128244 0.0194475 0.0276934 0.0372987 0.0475997 0.057506 0.0657731 0.071453 0.0741902 0.0741769 0.0718983 0.0679045 0.062705 0.0567381 0.0503595 0.0438409 0.037382 0.0311328 0.0252175 0.0197531 0.014858 0.010645 0.0072003 0.00455651
 0.00787393 0.0128638 0.0194949 0.0277425 0.0373428 0.0476351 0.057534 0.0657978 0.071477 0.074211 0.0741883 0.0718952 0.0678887 0.062685 0.0567243 0.0503584 0.0438511 0.0373959 0.0311399 0.0252082 0.0197211 0.0148024 0.010571 0.00711856 0.00447925
 0.00786977 0.0128564 0.0194824 0.0277222 0.0373117 0.0475902 0.057474 0.0657253 0.0713995 0.0741408 0.0741388 0.0718762 0.0679027 0.0627278 0.0567886 0.0504365 0.0439366 0.0374817 0.0312176 0.0252686 0.0197571 0.0148111 0.0105556 0.00708704 0.00444184
 0.00789814 0.0128961 0.0195302 0.027771 0.0373521 0.0476137 0.0574752 0.0657024 0.0713545 0.0740783 0.0740662 0.0718035 0.0678408 0.0626862 0.056772 0.0504447 0.0439648 0.0375225 0.0312627 0.0253095 0.0197863 0.0148243 0.0105525 0.00707165 0.00442058
 0.00790569 0.0129103 0.0195547 0.0278093 0.0374055 0.0476784 0.0575412 0.0657552 0.0713797 0.0740678 0.074021 0.071733 0.0677589 0.0626071 0.0567076 0.050402 0.0439458 0.0375246 0.0312794 0.0253326 0.0198079 0.0148384 0.0105566 0.00706687 0.0044104
 0.00789654 0.0128942 0.0195286 0.0277705 0.0373534 0.0476165 0.0574777 0.0657011 0.0713444 0.0740545 0.0740255 0.0717468 0.0677744 0.062621 0.0567217 0.0504209 0.0439737 0.0375629 0.031326 0.0253823 0.0198542 0.0148758 0.010582 0.0070805 0.00441494
 0.00786877 0.012846 0.0194507 0.0276532 0.0371896 0.0474067 0.0572343 0.0654488 0.0711159 0.0738817 0.0739316 0.07174 0.0678476 0.0627556 0.0568945 0.0506106 0.0441649 0.037746 0.0314948 0.0255322 0.0199811 0.0149764 0.0106557 0.00712936 0.00444378
 0.00785686 0.0128245 0.0194141 0.0275946 0.0371015 0.0472831 0.0570731 0.0652551 0.0709027 0.0736704 0.0737488 0.0716121 0.0677938 0.0627828 0.0569953 0.0507667 0.0443531 0.0379443 0.0316861 0.025705 0.0201281 0.0150941 0.0107434 0.00718944 0.00448119
 0.0078401 0.0127945 0.0193639 0.0275161 0.0369876 0.0471307 0.0568857 0.0650434 0.0706829 0.0734607 0.0735672 0.0714757 0.0677176 0.0627781 0.0570657 0.0509063 0.0445461 0.0381684 0.0319175 0.0259231 0.0203183 0.0152482 0.0108594 0.00727011 0.00453258
 0.00782766 0.0127747 0.0193347 0.0274754 0.0369326 0.047058 0.056792 0.0649269 0.0705452 0.0733086 0.0734122 0.071333 0.0676038 0.0627078 0.0570502 0.0509508 0.0446479 0.0383164 0.0320941 0.0261074 0.0204913 0.0153959 0.0109747 0.00735242 0.00458617
 0.00780082 0.0127291 0.0192625 0.0273691 0.0367872 0.046875 0.0565819 0.0647081 0.0703396 0.0731349 0.0732823 0.0712513 0.0675705 0.0627222 0.0571115 0.0510579 0.0447979 0.038502 0.0323028 0.0263226 0.0206949 0.0155727 0.0111152 0.00745448 0.00465364
 0.00776775 0.0126766 0.0191858 0.0272643 0.0366518 0.0467088 0.0563885 0.0644968 0.0701254 0.0729371 0.0731206 0.0711421 0.0675228 0.0627368 0.0571834 0.0511789 0.0449587 0.0386932 0.0325131 0.0265383 0.0209009 0.0157546 0.0112627 0.00756379 0.00472728
 0.00772988 0.0126137 0.0190889 0.027125 0.0364649 0.0464758 0.0561209 0.0642156 0.0698568 0.0727061 0.0729467 0.0710371 0.0674922 0.0627804 0.0572954 0.0513489 0.045173 0.0389364 0.0327697 0.0267928 0.0211382 0.0159615 0.0114301 0.00768829 0.00481177
 0.0093244 0.014843 0.0217738 0.0298746 0.0387903 0.0479713 0.0566075 0.0637687 0.0687232 0.0711813 0.0712828 0.0694081 0.0659992 0.0614725 0.0561892 0.0504421 0.0444526 0.0383839 0.0323633 0.0265092 0.0209531 0.0158508 0.0113712 0.00766154 0.00480245
 0.00930885 0.0151141 0.0227041 0.0319255 0.0423107 0.0529256 0.0624033 0.0693535 0.0729585 0.0732913 0.0711122 0.0673625 0.0627675 0.0577331 0.0524418 0.0469791 0.0414098 0.035804 0.0302422 0.0248202 0.0196572 0.0148996 0.0107089 0.00722824 0.00453836
 0.00897229 0.0145843 0.0219608 0.031019 0.0414156 0.0523772 0.0626574 0.0708229 0.0757639 0.077078 0.0750933 0.0706185 0.0646303 0.0580181 0.0514156 0.0451426 0.039262 0.0337067 0.0283969 0.0233065 0.0184827 0.0140348 0.0101069 0.00683476 0.00429889
 0.00880865 0.0143081 0.0215269 0.0303819 0.0405474 0.0512993 0.0614819 0.069781 0.0751879 0.0773088 0.0763263 0.0727576 0.0672544 0.060518 0.0532419 0.0460163 0.0392307 0.0330425 0.0274326 0.0223116 0.0176173 0.0133623 0.00962846 0.00652029 0.00410785
 0.00874643 0.0141999 0.0213503 0.0301091 0.0401486 0.0507506 0.060778 0.0689516 0.0743164 0.076545 0.0758764 0.0728313 0.0679727 0.0618217 0.0548696 0.047589 0.0404075 0.0336523 0.0275083 0.0220238 0.0171695 0.0129127 0.00926237 0.00626185 0.00394518
 0.00868669 0.0141068 0.0212171 0.0299307 0.03992 0.0504657 0.0604295 0.0685343 0.0738336 0.0760196 0.0753644 0.0724295 0.0678073 0.0620074 0.0554475 0.0484803 0.041421 0.0345571 0.0281306 0.0223095 0.0171778 0.0127605 0.00906152 0.00608382 0.00381778
 0.0087059 0.0141277 0.0212293 0.0299186 0.0398666 0.050359 0.0602669 0.068322 0.0735811 0.075735 0.0750555 0.0721137 0.0675236 0.0618205 0.0554321 0.0486863 0.0418358 0.0350943 0.0286599 0.0227132 0.0173999 0.0128163 0.00901118 0.00599323 0.00373229
 0.00867732 0.0140895 0.0211866 0.0298794 0.0398377 0.0503397 0.0602464 0.0682817 0.0735031 0.0756103 0.0748877 0.071917 0.0673195 0.0616377 0.0553077 0.0486609 0.0419384 0.0353214 0.0289662 0.0230256 0.017649 0.012966 0.00906646 0.00598594 0.00369874
 0.00867675 0.0140845 0.021172 0.0298493 0.0397886 0.0502741 0.0601742 0.0682167 0.0734552 0.0755787 0.0748601 0.0718767 0.0672552 0.0615511 0.0552154 0.0485905 0.04192 0.0353754 0.0290915 0.0231958 0.0178223 0.0131042 0.00915079 0.00602024 0.00370057
 0.00865281 0.0140481 0.0211218 0.0297853 0.0397115 0.0501848 0.0600746 0.0681113 0.0733527 0.0754914 0.0747998 0.0718492 0.0672569 0.0615709 0.0552422 0.0486204 0.0419595 0.0354368 0.029184 0.0233167 0.0179553 0.0132263 0.00924348 0.0060771 0.00372703
 0.00865189 0.0140462 0.0211184 0.0297795 0.0397023 0.0501717 0.0600568 0.0680881 0.0733231 0.0754545 0.0747565 0.0718027 0.0672128 0.0615344 0.0552162 0.0486054 0.0419559 0.0354475 0.0292132 0.0233662 0.0180205 0.0132961 0.00930508 0.00612185 0.00375334
 0.00864157 0.0140304 0.0210963 0.0297512 0.0396686 0.050134 0.0600174 0.0680496 0.0732883 0.0754257 0.0747344 0.0717871 0.0672028 0.0615297 0.0552171 0.0486128 0.0419708 0.0354709 0.0292462 0.0234091 0.0180713 0.0133497 0.00935443 0.00616093 0.00377962
 0.00865628 0.014051 0.0211212 0.0297768 0.0396902 0.0501476 0.0600208 0.0680427 0.0732727 0.0754031 0.074707 0.0717567 0.067171 0.0614981 0.0551875 0.0485873 0.0419517 0.0354603 0.0292457 0.0234194 0.0180912 0.0133759 0.00938217 0.00618551 0.00379803
 0.00860678 0.0139806 0.0210339 0.0296823 0.0396011 0.0500742 0.0599678 0.0680094 0.0732552 0.0753984 0.0747139 0.0717755 0.0672018 0.0615394 0.0552361 0.0486394 0.0420042 0.0355115 0.029295 0.0234667 0.0181363 0.0134176 0.00941865 0.00621487 0.00381933
 0.00860786 0.0139758 0.0210151 0.0296395 0.0395268 0.0499695 0.0598458 0.0678925 0.0731669 0.0753531 0.0747123 0.0718074 0.0672532 0.0615988 0.0552968 0.0486986 0.0420606 0.0355646 0.0293444 0.0235122 0.0181776 0.0134542 0.00944969 0.00623951 0.00383727
 0.00860786 0.0139758 0.0210151 0.0296395 0.0395268 0.0499695 0.0598458 0.0678925 0.0731669 0.0753531 0.0747123 0.0718074 0.0672532 0.0615988 0.0552968 0.0486986 0.0420606 0.0355646 0.0293444 0.0235122 0.0181776 0.0134542 0.00944969 0.00623951 0.00383727
 0.00877512 0.0142383 0.021391 0.030135 0.0401301 0.0506444 0.0605289 0.0685005 0.0736167 0.0755867 0.0747124 0.0715961 0.0668779 0.0611157 0.0547596 0.0481528 0.0415417 0.0350978 0.0289449 0.0231867 0.0179257 0.01327 0.0093233 0.00615882 0.0037897
 0.00888333 0.01443 0.0217074 0.0306205 0.0408179 0.0515344 0.0615692 0.0695856 0.0746086 0.0763501 0.0751483 0.0716618 0.0665892 0.0605361 0.05398 0.0472705 0.0406438 0.0342514 0.0281953 0.022559 0.0174279 0.0128973 0.00906104 0.00598658 0.0036849
 0.0088731 0.0144207 0.0217085 0.0306499 0.0409025 0.0517087 0.061868 0.0700319 0.0751963 0.0770318 0.0758365 0.0722478 0.0669743 0.0606605 0.0538368 0.0469013 0.0401214 0.0336577 0.0276037 0.0220236 0.016981 0.0125508 0.00881139 0.00581989 0.00358222
 0.00888304 0.0144314 0.0217152 0.0306464 0.0408851 0.0516819 0.0618496 0.0700525 0.075293 0.0772352 0.0761549 0.0726563 0.0674136 0.0610499 0.0540988 0.0469863 0.040022 0.0334069 0.0272596 0.0216498 0.0166306 0.0122575 0.00858901 0.00566617 0.00348527
 0.00856614 0.0139288 0.0209845 0.0296632 0.0396555 0.050258 0.0603423 0.068627 0.0741393 0.0765223 0.075989 0.0730581 0.0683174 0.0623203 0.0555589 0.0484547 0.0413481 0.0344963 0.0280805 0.0222213 0.0170012 0.0124836 0.00872011 0.00573911 0.00352438
 0.00879752 0.0142546 0.0213801 0.0300699 0.0399913 0.0504391 0.0603044 0.0683407 0.0736193 0.0758308 0.0752302 0.0723584 0.0677959 0.0620557 0.0555691 0.0486939 0.0417259 0.0349089 0.0284426 0.0224857 0.0171604 0.0125582 0.00874108 0.00573422 0.00351195
#pred catch len freq
 0.00459171 0.00725721 0.0105698 0.0144428 0.0188233 0.0236741 0.0289001 0.0343093 0.0396483 0.0446675 0.0491648 0.0530044 0.0561217 0.0585107 0.060188 0.0611527 0.0613654 0.0607491 0.0591928 0.0565445 0.0526145 0.0472395 0.0404309 0.03254 0.0242969
 0.00492532 0.0076867 0.0110121 0.0147626 0.0188852 0.023416 0.0283818 0.0336958 0.0391273 0.0443512 0.0490358 0.0529339 0.0559462 0.0581214 0.0595917 0.0604794 0.0608209 0.0605295 0.0593966 0.0571259 0.0534032 0.0480188 0.0410302 0.0328914 0.0244311
 0.00524483 0.0081955 0.01175 0.0157382 0.0200505 0.0246436 0.0294681 0.0344129 0.039318 0.044011 0.0483174 0.0520597 0.0550863 0.0573243 0.0588098 0.0596583 0.0599786 0.0597708 0.0588567 0.0568871 0.0534426 0.0482213 0.0412532 0.0330345 0.0244669
 0.00555247 0.00867822 0.0124468 0.0166807 0.0212637 0.0261388 0.0312196 0.0363229 0.0411926 0.0455805 0.0493122 0.0523145 0.0546071 0.0562694 0.0573981 0.0580755 0.0583455 0.0581724 0.0573801 0.0556206 0.0524422 0.0474819 0.0407183 0.0326338 0.024152
 0.00586794 0.0091691 0.0131463 0.0176101 0.0224355 0.0275607 0.0328915 0.0382251 0.0432671 0.0477081 0.051299 0.0539063 0.0555472 0.0563837 0.0566611 0.0566138 0.0563799 0.0559423 0.0550954 0.0534479 0.0505032 0.0458496 0.0394152 0.0316422 0.023432
 0.00617994 0.00965537 0.0138404 0.0185329 0.0235973 0.0289628 0.0345238 0.0400606 0.0452576 0.0497813 0.0533514 0.0557933 0.0570797 0.0573475 0.0568661 0.0559583 0.0548951 0.0537906 0.0525242 0.0507271 0.0478747 0.0434978 0.0374547 0.0301181 0.0223296
 0.00652455 0.0101858 0.0145847 0.0195014 0.0247875 0.0303656 0.0361236 0.04183 0.0471516 0.0517345 0.0552799 0.0575952 0.0586336 0.0585091 0.0574744 0.0558607 0.0539932 0.0520884 0.0501512 0.0479206 0.0449269 0.0406924 0.0350132 0.0281688 0.0209029
 0.00685904 0.0107085 0.0153328 0.0204972 0.0260379 0.0318605 0.0378319 0.0436962 0.0490992 0.0536762 0.0571272 0.0592631 0.060038 0.0595612 0.0580733 0.0558938 0.0533534 0.0507112 0.0480603 0.0452572 0.0419405 0.0376898 0.0322848 0.0259216 0.019225
 0.00720813 0.011252 0.0161073 0.0215245 0.0273267 0.0334071 0.0396147 0.0456666 0.0511762 0.0557507 0.0590752 0.0609639 0.0613902 0.0604886 0.058518 0.0558023 0.0526681 0.049382 0.0460789 0.0427001 0.0389933 0.0346287 0.0294138 0.0234914 0.0173716
 0.00753286 0.0117572 0.0168265 0.0224774 0.0285207 0.0348395 0.0412684 0.0475035 0.0531317 0.0577341 0.0609754 0.0626595 0.0627635 0.0614405 0.0589762 0.0557191 0.0520118 0.0481324 0.0442399 0.0403298 0.0362353 0.0317154 0.0266256 0.021083 0.0155009
 0.00782161 0.0122063 0.0174656 0.0233235 0.0295801 0.0361086 0.0427315 0.0491268 0.0548601 0.0594926 0.0626737 0.0641984 0.0640426 0.062366 0.0594689 0.0557191 0.0514793 0.0470485 0.0426134 0.0382155 0.0337562 0.0290703 0.0240621 0.0188374 0.0137321
 0.00815021 0.0127103 0.0181688 0.0242307 0.030681 0.0373836 0.0441529 0.0506544 0.0564386 0.0610529 0.0641378 0.0654863 0.0650783 0.0630819 0.0598077 0.0556342 0.0509354 0.0460255 0.0411158 0.0362895 0.0315076 0.0266707 0.021728 0.0167797 0.0120983
 0.00853679 0.0133056 0.0190033 0.0253113 0.0319925 0.0388913 0.0458015 0.0523675 0.0581232 0.0626113 0.0654817 0.0665455 0.0658036 0.0634436 0.0597905 0.0552312 0.0501429 0.0448432 0.039556 0.0343933 0.0293644 0.0244255 0.0195648 0.01488 0.0105898
 0.00900136 0.0140161 0.0199899 0.0265746 0.0335075 0.0406148 0.0476722 0.054301 0.0600105 0.0643276 0.0669033 0.0675704 0.0663676 0.0635267 0.0594115 0.0544323 0.0489733 0.0433484 0.037779 0.0323879 0.0272133 0.0222507 0.0175177 0.013108 0.00919424
 0.0094883 0.0147591 0.0210181 0.0278842 0.035067 0.0423733 0.049562 0.0562348 0.0618822 0.0660192 0.0682983 0.0685671 0.0668921 0.0635432 0.0589266 0.0534901 0.0476424 0.0417062 0.0359027 0.0303558 0.025115 0.0201958 0.01563 0.0115021 0.0079444
 0.00982917 0.0152946 0.0217894 0.0289174 0.0363699 0.0439288 0.0513199 0.0581069 0.0637479 0.0677425 0.0697477 0.069632 0.067494 0.0636419 0.0585218 0.0526181 0.0463684 0.0401144 0.0340862 0.0284117 0.0231452 0.0183076 0.0139304 0.0100811 0.00685323
 0.00997339 0.0155244 0.022128 0.0293878 0.0369955 0.0447325 0.0523167 0.0592922 0.0650846 0.0691541 0.0711223 0.0708395 0.0684107 0.0641733 0.0586161 0.0522687 0.0456084 0.0390073 0.0327169 0.026879 0.0215556 0.0167697 0.0125451 0.00892688 0.00597138
 0.00998138 0.0155405 0.0221591 0.0294455 0.0370973 0.0449034 0.0525881 0.059698 0.0656524 0.0698931 0.0720102 0.0718155 0.0693788 0.0650178 0.0592252 0.0525582 0.0455369 0.038581 0.0319839 0.0259194 0.0204692 0.0156637 0.0115195 0.00805886 0.00530303
 0.00988921 0.0154053 0.0219833 0.0292415 0.036886 0.0447101 0.052441 0.0596279 0.0656935 0.0700799 0.0723695 0.0723543 0.0700723 0.0658035 0.0600083 0.0532293 0.0459969 0.0387642 0.0318721 0.0255434 0.0198996 0.014994 0.0108457 0.00746043 0.00482873
 0.00985793 0.0153579 0.0219184 0.0291605 0.0367926 0.0446104 0.0523435 0.0595439 0.0656378 0.0700711 0.0724292 0.0725044 0.0703288 0.0661668 0.0604537 0.0537033 0.0464246 0.0390672 0.0319917 0.0254583 0.0196326 0.0146036 0.0104077 0.00704625 0.00448773
