SBPRF35
12.7214
Curr Bio
662660
B35
883276
F35
0.171215
FOFL
0.127619
OFL
71164.8
Bzero
3.63469e+006
#pred survey bio
 3.54266e+006 3.43901e+006 3.34321e+006 3.19916e+006 2.99798e+006 2.80577e+006 2.55073e+006 2.29289e+006 2.05364e+006 1.84115e+006 1.63781e+006 1.45564e+006 1.29887e+006 1.14626e+006 1.00632e+006 876858 773123 712289 665636 634492 617139 595235 570675 545486 525708 519200 516808 519496 521341 520051 529266 551401 560913 571898 591523 601576 609214 615339 617753 631726 638698 648029 650898 656081 661105 669201 656936 658257 660188 668256 2.3633e+007 1.46249e+007 1.53904e+007 1.67075e+007 1.83494e+007 2.00721e+007 2.17008e+007 2.31372e+007 2.43443e+007 2.53248e+007 2.61021e+007 2.6708e+007 2.71747e+007 2.75317e+007 2.78036e+007 2.80103e+007 2.81675e+007 2.82873e+007 2.83789e+007 2.84491e+007 2.85033e+007 2.85452e+007 2.85778e+007 2.86033e+007 2.86234e+007 2.86392e+007 2.86517e+007 2.86616e+007 2.86695e+007 2.86759e+007 2.86809e+007 2.8685e+007 2.86883e+007 2.8691e+007 2.86932e+007 2.86949e+007 2.86963e+007 2.86975e+007 2.86984e+007 2.86992e+007 2.86998e+007 2.87004e+007 2.87008e+007 2.87011e+007 2.87014e+007 2.87016e+007 2.87018e+007 2.8702e+007 2.87021e+007 2.87022e+007 2.87023e+007 2.87023e+007 2.87024e+007 2.87024e+007 2.87025e+007 2.87025e+007 2.87025e+007 2.87026e+007 2.87026e+007 2.87026e+007 2.87026e+007 2.87026e+007 2.87026e+007 2.87026e+007 2.87026e+007 2.87026e+007 2.87026e+007 2.87026e+007 2.87026e+007 2.87026e+007 2.87026e+007 2.87026e+007 2.87026e+007 2.87026e+007 2.87026e+007 2.87026e+007 2.87026e+007 2.87026e+007 2.87026e+007 2.87026e+007 2.87026e+007 2.87026e+007 2.87026e+007 2.87026e+007 2.87026e+007 2.87026e+007 2.87026e+007 2.87026e+007 2.87026e+007 2.87026e+007 2.87026e+007 2.87026e+007 2.87026e+007 2.87026e+007 2.87026e+007 2.87026e+007 2.87026e+007 2.87026e+007 2.87026e+007 2.87026e+007 0 0 0 0 0 0 0 0 0 0 0 0 0 0 0 0 0 0 0 0 0 0 0 0 0
#obs survey bio
 3.25195e+006 3.78531e+006 3.34101e+006 3.07573e+006 1.71306e+006 2.44457e+006 2.53911e+006 3.42841e+006 2.13995e+006 1.27095e+006 1.5334e+006 1.60512e+006 1.41574e+006 966362 819535 692445 627532 761471 688254 791335 558348 612542 488003 574135 636946 613927 505888 539456 394034 538511 396811 589395 479628 542033 732190 815651 464032 880597 465838 517619 623135 573874 523763 890882 778401 675812 708220 643146 621594 448587
#pred catch bio
 95022.7 93806.8 148172 213414 220531 293592 310692 306604 293887 295408 283901 266890 266573 255905 244473 217779 176279 159902 142649 128155 129649 128988 126273 118428 105083 100735 96409.2 97846.7 101393 94048.2 85879.6 98422.7 97538.5 90758.1 99081 100829 101845 104590 95299.2 102281 100682 106297 104248 104345 101657 118057 105417 104939 100458 102580 71164.8 96338.4 100248 107890 118224 129188 139471 148405 155766 161599 166087 169464 171961 173783 175097 176038 176706 177178 177510 177742 177905 178019 178097 178152 178190 178217 178235 178247 178256 178262 178266 178269 178271 178272 178273 178274 178274 178275 178275 178275 178275 178275 178275 178275 178275 178275 178275 178275 178275 178275 178275 178275 178275 178275 178275 178275 178275 178275 178275 178275 178275 178275 178275 178275 178275 178275 178275 178275 178275 178275 178275 178275 178275 178275 178275 178275 178275 178275 178275 178275 178275 178275 178275 178275 178275 178275 178275 178275 178275 178275 178275 178275 178275 178275 178275 178275 178275 178275 178275 178275 0 0 0 0 0 0 0 0 0 0 0 0 0 0 0 0 0 0 0 0 0 0 0 0 0
#obs catch bio
 0 93455.1 148287 214035 221144 296164 313630 307532 293652 296477 284224 266089 267223 257043 245823 220051 178062 160549 142895 127473 129607 128540 126649 118681 104849 100693 96165.8 97670.4 101831 94571 86488.7 99317.4 98282.6 90927.9 99041.8 100521 102009 104364 95086.7 102561 100778 106179 104380 103960 101462 117809 105069 104679 99982 102583
#pred cpue bio
 3.50191e+006 3.39954e+006 3.30334e+006 3.15873e+006 2.9577e+006 2.76556e+006 2.51143e+006 2.2549e+006 2.01688e+006 1.80523e+006 1.60285e+006 1.42172e+006 1.26583e+006 1.11435e+006 975770 847956 745936 686543 641264 611093 594242 572900 548948 524467 505377 499179 496912 499481 501066 499531 508318 529909 539401 550433 569947 580041 587613 593716 596172 609771 616578 625869 628752 633899 638928 647042 635105 636400 638264 646025 2.28466e+007 1.41436e+007 1.47666e+007 1.59564e+007 1.75645e+007 1.92811e+007 2.09088e+007 2.2345e+007 2.35522e+007 2.45326e+007 2.53099e+007 2.59158e+007 2.63826e+007 2.67396e+007 2.70114e+007 2.72181e+007 2.73753e+007 2.74951e+007 2.75867e+007 2.7657e+007 2.77111e+007 2.7753e+007 2.77857e+007 2.78112e+007 2.78312e+007 2.7847e+007 2.78595e+007 2.78694e+007 2.78774e+007 2.78837e+007 2.78888e+007 2.78929e+007 2.78962e+007 2.78988e+007 2.7901e+007 2.79028e+007 2.79042e+007 2.79053e+007 2.79063e+007 2.79071e+007 2.79077e+007 2.79082e+007 2.79086e+007 2.7909e+007 2.79092e+007 2.79095e+007 2.79096e+007 2.79098e+007 2.79099e+007 2.791e+007 2.79101e+007 2.79102e+007 2.79102e+007 2.79103e+007 2.79103e+007 2.79103e+007 2.79104e+007 2.79104e+007 2.79104e+007 2.79104e+007 2.79104e+007 2.79104e+007 2.79105e+007 2.79105e+007 2.79105e+007 2.79105e+007 2.79105e+007 2.79105e+007 2.79105e+007 2.79105e+007 2.79105e+007 2.79105e+007 2.79105e+007 2.79105e+007 2.79105e+007 2.79105e+007 2.79105e+007 2.79105e+007 2.79105e+007 2.79105e+007 2.79105e+007 2.79105e+007 2.79105e+007 2.79105e+007 2.79105e+007 2.79105e+007 2.79105e+007 2.79105e+007 2.79105e+007 2.79105e+007 2.79105e+007 2.79105e+007 2.79105e+007 2.79105e+007 2.79105e+007 2.79105e+007 2.79105e+007 2.79105e+007 2.79105e+007 2.79105e+007 0 0 0 0 0 0 0 0 0 0 0 0 0 0 0 0 0 0 0 0 0 0 0 0 0
#obs cpue bio
 3.99758e+006 3.76016e+006 2.87058e+006 3.07407e+006 2.24755e+006 2.84796e+006 2.0877e+006 2.78729e+006 2.6047e+006 1.8683e+006 2.01678e+006 1.67264e+006 845224 1.11752e+006 1.10677e+006 761783 700755 848404 665554 737852 524045 692168 447546 510323 512455 394406 577426 474343 457119 382947 440985 504208 592745 717025 630763 522714 529900 612475 693977 571501 649993 916768 609605 744014 427140 856404 561436 693319 819508 684320
#pred surv len freq
 0.00427713 0.00703549 0.0107597 0.0154883 0.0211387 0.0274163 0.0337954 0.03966 0.0445382 0.048252 0.0508877 0.0526592 0.053789 0.0544543 0.05478 0.0548505 0.0547284 0.054456 0.0540103 0.0532071 0.0516228 0.048654 0.0437844 0.0369584 0.0287964
 0.00463139 0.00751088 0.0112925 0.015965 0.021438 0.0274688 0.0336237 0.0393674 0.0442489 0.0480438 0.0507603 0.0525565 0.0536532 0.0542745 0.0546066 0.0547707 0.054817 0.0547267 0.054391 0.0535565 0.0517867 0.0485357 0.0433899 0.036389 0.0281954
 0.00471842 0.00771899 0.0117207 0.0167248 0.0225996 0.0289927 0.0353226 0.0409453 0.0454148 0.0486335 0.0507874 0.0521644 0.0530153 0.0535207 0.0538116 0.0539843 0.0540895 0.0541007 0.0538707 0.0530886 0.0512788 0.047908 0.0426277 0.0355571 0.0274039
 0.0048663 0.00794212 0.0120305 0.0171368 0.0231489 0.0297445 0.0363584 0.0423129 0.0470625 0.0503748 0.0523388 0.0532498 0.0534766 0.0533625 0.053164 0.0530246 0.0529787 0.0529554 0.0527564 0.052021 0.0502352 0.0468574 0.0415683 0.0345353 0.026498
 0.00505294 0.00825291 0.0125102 0.0178273 0.0240772 0.0309079 0.0377176 0.043804 0.0486206 0.0519462 0.0538628 0.0546218 0.0545363 0.0539337 0.053128 0.0523753 0.0518204 0.0514524 0.0510718 0.0502767 0.048506 0.0451906 0.040011 0.0331488 0.0253477
 0.00515335 0.00843194 0.0128098 0.0182988 0.0247727 0.0318644 0.0389393 0.0452516 0.0502155 0.0535877 0.0554494 0.0560638 0.0557491 0.0548223 0.0535821 0.0522941 0.0511566 0.0502436 0.049435 0.0483714 0.0464928 0.0432089 0.0381774 0.0315589 0.0240694
 0.00530412 0.00868432 0.013204 0.0188793 0.025582 0.0329322 0.040269 0.046811 0.0519367 0.0553743 0.0571887 0.0576406 0.0570587 0.0557762 0.0541048 0.0523167 0.050622 0.0491293 0.047781 0.0462918 0.044162 0.0408298 0.0359455 0.029632 0.0225441
 0.00552898 0.00904152 0.0137267 0.0195946 0.0265089 0.0340772 0.0416196 0.0483314 0.0535689 0.0570448 0.0588146 0.0591343 0.0583309 0.0567395 0.0546777 0.0524256 0.0502046 0.0481455 0.0462333 0.0442502 0.0417748 0.038309 0.0335264 0.0275203 0.0208708
 0.00582461 0.00951057 0.0144106 0.0205231 0.0276939 0.0355039 0.0432392 0.0500613 0.0553081 0.0586962 0.0603024 0.0604057 0.0593466 0.0574609 0.055058 0.0524073 0.0497255 0.0471516 0.0447022 0.042219 0.0393626 0.0357153 0.0309966 0.0252858 0.0190889
 0.00606229 0.00990807 0.0150286 0.0214231 0.0289223 0.0370697 0.0450921 0.0520891 0.0573574 0.0606098 0.0619525 0.0617102 0.0602679 0.0579916 0.0552009 0.0521577 0.0490611 0.0460377 0.0431133 0.0401722 0.0369495 0.0331123 0.0284392 0.0230093 0.0172622
 0.00631037 0.0103122 0.0156392 0.0222897 0.0300868 0.0385534 0.0468787 0.0541118 0.0594994 0.0627186 0.0638633 0.0632748 0.0613784 0.0585941 0.0552909 0.0517598 0.0482041 0.0447394 0.0413848 0.0380434 0.0345034 0.0305055 0.0258875 0.0207363 0.015434
 0.00660698 0.0107842 0.0163308 0.0232357 0.0313078 0.0400473 0.0486116 0.0560139 0.0614722 0.0646484 0.0656341 0.0647742 0.0625044 0.0592639 0.0554526 0.0513979 0.0473342 0.0433951 0.0396095 0.0358969 0.0320825 0.0279612 0.0234175 0.0185445 0.0136726
 0.00683277 0.0111634 0.016923 0.0241019 0.0324948 0.0415647 0.0504119 0.0579906 0.0634813 0.0665444 0.0672973 0.0661201 0.063476 0.0598204 0.0555621 0.0510383 0.0464986 0.0420969 0.0378867 0.0338174 0.0297536 0.0255355 0.0210817 0.016484 0.0120226
 0.00705317 0.0115303 0.0174916 0.0249302 0.0336327 0.0430364 0.0521945 0.0600027 0.0655889 0.0685825 0.0690998 0.0675487 0.0644395 0.0602792 0.0555174 0.0505131 0.0455223 0.0407014 0.0361136 0.0317329 0.027462 0.0231836 0.0188445 0.0145297 0.0104693
 0.00724823 0.0118576 0.0180035 0.025682 0.0346725 0.0443869 0.0538351 0.0618609 0.0675489 0.0705038 0.070838 0.0689713 0.0654402 0.060789 0.0555103 0.0500022 0.0445479 0.0393176 0.0343832 0.0297334 0.0252972 0.0209902 0.0167799 0.0127418 0.0090582
 0.00740437 0.0121279 0.0184408 0.0263462 0.0356178 0.0456412 0.0553794 0.0636216 0.0694072 0.0723188 0.0724701 0.0702996 0.0663717 0.0612637 0.0555018 0.0495157 0.0436151 0.0379915 0.0327332 0.0278459 0.0232798 0.0189724 0.014903 0.0111326 0.00779866
 0.00749903 0.0122881 0.0186949 0.0267279 0.036163 0.0463812 0.0563304 0.064774 0.070719 0.0737148 0.0738484 0.0715453 0.0673749 0.061935 0.0557825 0.04938 0.0430679 0.0370642 0.0314819 0.0263502 0.0216425 0.0173156 0.0133548 0.00980432 0.00676011
 0.00751565 0.0123021 0.0186933 0.0266949 0.03609 0.0462802 0.0562442 0.0647735 0.0708853 0.0741126 0.0745011 0.0724208 0.0683876 0.062962 0.0566888 0.0500453 0.0434064 0.0370356 0.0310925 0.0256493 0.0207162 0.0162754 0.012321 0.00888326 0.00602283
 0.00760065 0.0124233 0.0188433 0.026854 0.0362289 0.0463678 0.0562566 0.0647052 0.0707587 0.0739817 0.0744427 0.0725119 0.0686747 0.0634385 0.0572895 0.0506622 0.0439179 0.0373375 0.031122 0.0253971 0.0202249 0.0156284 0.0116212 0.00822841 0.00548277
 0.00773658 0.0126197 0.0190928 0.027132 0.0364985 0.0465881 0.0563913 0.0647289 0.0706627 0.0737803 0.0741771 0.0722475 0.0684877 0.0633929 0.0574138 0.0509339 0.044266 0.0376627 0.0313277 0.0254191 0.0200495 0.0152925 0.0111964 0.00779543 0.00510681
 0.00774256 0.0126404 0.019143 0.0272287 0.0366523 0.0467919 0.0566136 0.0649184 0.0707663 0.0737644 0.0740422 0.0720281 0.0682418 0.0631863 0.0573028 0.0509492 0.0444005 0.03787 0.0315351 0.0255529 0.0200614 0.0151757 0.0109839 0.00754213 0.0048666
 0.00778898 0.012713 0.0192473 0.0273697 0.0368348 0.0470202 0.0568877 0.0652276 0.0710823 0.0740409 0.0742245 0.0720724 0.0681347 0.0629537 0.0570026 0.0506511 0.0441611 0.0377139 0.0314494 0.0254974 0.0199907 0.0150609 0.0108237 0.00735927 0.00469222
 0.00778743 0.0127257 0.0192942 0.0274774 0.0370283 0.0473108 0.057264 0.0656548 0.0715125 0.0744256 0.0745226 0.072252 0.0681736 0.0628445 0.0567604 0.0503155 0.0437882 0.0373586 0.0311472 0.0252558 0.0197946 0.0148878 0.0106594 0.00720372 0.00455526
 0.00779693 0.0127407 0.0193168 0.0275121 0.0370842 0.0474035 0.057413 0.065877 0.0718105 0.0747793 0.0748893 0.0725768 0.068405 0.0629475 0.0567225 0.0501483 0.0435238 0.0370421 0.0308249 0.0249619 0.0195448 0.0146818 0.0104896 0.00706399 0.00444379
 0.00790642 0.0128914 0.0194935 0.0276841 0.0372152 0.0474666 0.0574037 0.0658168 0.0717391 0.0747403 0.0749144 0.072674 0.0685547 0.0631092 0.0568488 0.0502014 0.0434872 0.0369233 0.0306496 0.024763 0.0193507 0.0145101 0.0103473 0.00695114 0.00435823
 0.00794859 0.0129538 0.0195748 0.0277758 0.0373 0.0475187 0.0573932 0.0657191 0.0715498 0.0744862 0.0746518 0.0724714 0.0684663 0.0631533 0.0570028 0.0504135 0.0436982 0.0370872 0.0307449 0.0247921 0.0193311 0.0144635 0.0102916 0.00689809 0.00431384
 0.00804028 0.0130837 0.0197345 0.0279453 0.0374526 0.047629 0.0574433 0.0656997 0.0714581 0.074325 0.0744333 0.0722221 0.0682273 0.0629705 0.0569104 0.0504198 0.0437822 0.0372089 0.0308624 0.0248767 0.0193733 0.0144693 0.0102743 0.00687113 0.00428692
 0.00813089 0.0132202 0.0199191 0.0281702 0.0376995 0.04787 0.0576434 0.065823 0.0714774 0.0742317 0.0742408 0.0719611 0.0679369 0.0626904 0.056676 0.0502565 0.0436998 0.0371982 0.0308987 0.0249296 0.0194182 0.0144941 0.0102789 0.00686241 0.00427292
 0.00818232 0.0133096 0.0200634 0.0283867 0.0379988 0.0482463 0.058067 0.0662411 0.0718253 0.074451 0.074296 0.0718475 0.0676797 0.0623354 0.0562783 0.0498686 0.0433627 0.0369347 0.0307124 0.0248083 0.0193418 0.0144431 0.0102407 0.00683135 0.0042481
 0.00825356 0.0134224 0.0202279 0.0286111 0.0382887 0.0486027 0.0584823 0.0666943 0.0722793 0.0748543 0.0745913 0.0719852 0.0676321 0.0621068 0.055904 0.0494056 0.0428743 0.0364763 0.030321 0.0244999 0.019114 0.0142827 0.0101312 0.00675827 0.00420066
 0.00821458 0.0133639 0.0201494 0.0285165 0.0381868 0.0485076 0.0584133 0.0666742 0.0723297 0.0749883 0.0748049 0.0722525 0.0679084 0.0623399 0.0560508 0.0494465 0.0428176 0.0363526 0.0301692 0.0243537 0.0189938 0.014195 0.0100723 0.00672088 0.00417764
 0.00797009 0.0129947 0.0196472 0.027894 0.037477 0.0477592 0.057688 0.066043 0.0718652 0.0747511 0.0748298 0.0725393 0.0684194 0.0630062 0.0567854 0.0501629 0.0434486 0.036862 0.0305526 0.0246285 0.019186 0.0143283 0.0101639 0.00678181 0.00421581
 0.00786314 0.0128204 0.0193852 0.0275285 0.0370034 0.0471933 0.057072 0.0654422 0.0713531 0.0743897 0.0746564 0.0725649 0.0686341 0.0633838 0.057285 0.0507304 0.0440237 0.0373895 0.0309947 0.0249704 0.0194332 0.0144976 0.0102751 0.00685215 0.00425821
 0.00779525 0.0127047 0.019201 0.0272536 0.0366187 0.046692 0.0564686 0.0647776 0.070691 0.073806 0.0742236 0.0723373 0.0686377 0.0636129 0.0577063 0.0512907 0.0446591 0.0380345 0.0315917 0.0254789 0.0198339 0.0147914 0.0104763 0.0069813 0.00433581
 0.00768252 0.0125217 0.0189263 0.0268677 0.0361084 0.0460569 0.0557286 0.0639764 0.0698927 0.0730854 0.0736554 0.0719848 0.0685433 0.0637904 0.0581376 0.051928 0.0454334 0.0388669 0.0324057 0.0262116 0.020444 0.0152622 0.0108131 0.00720444 0.0044725
 0.00769247 0.0125278 0.0189163 0.0268225 0.0360052 0.0458746 0.0554536 0.0636067 0.0694398 0.0725749 0.0731268 0.07149 0.0681411 0.063537 0.058074 0.0520696 0.0457639 0.039341 0.032959 0.0267746 0.0209571 0.0156861 0.0111322 0.00742374 0.00461009
 0.00764043 0.0124582 0.0188385 0.0267524 0.0359576 0.045853 0.0554433 0.0635766 0.0693537 0.0724067 0.072871 0.0711655 0.0677871 0.0632059 0.0578214 0.051943 0.0457912 0.0395219 0.0332641 0.0271531 0.0213505 0.0160434 0.0114211 0.00763324 0.00474694
 0.00761606 0.0124126 0.0187601 0.0266296 0.0357857 0.0456414 0.0552188 0.0633765 0.0692094 0.0723268 0.0728366 0.0711408 0.0677401 0.0631256 0.0577238 0.0518641 0.0457725 0.0395945 0.0334363 0.0274069 0.021648 0.0163399 0.0116791 0.0078318 0.00488295
 0.00773672 0.0125826 0.0189669 0.0268438 0.0359674 0.0457523 0.0552338 0.063291 0.0690401 0.0721063 0.0726028 0.0709234 0.0675509 0.0629592 0.0575691 0.0517185 0.0456489 0.0395167 0.0334265 0.0274729 0.0217773 0.0165043 0.0118456 0.00797436 0.00498863
 0.00764393 0.0124594 0.0188313 0.0267262 0.0358977 0.0457419 0.0552645 0.0633198 0.0690207 0.0720141 0.072448 0.0707445 0.067395 0.0628603 0.0575374 0.0517441 0.0457144 0.03961 0.0335449 0.0276177 0.0219456 0.0166836 0.0120171 0.00811996 0.00509796
 0.00756447 0.012336 0.0186582 0.0265064 0.035647 0.0454919 0.0550596 0.0632046 0.06902 0.0721164 0.0726066 0.0709 0.0675039 0.0629124 0.0575516 0.0517502 0.045736 0.039658 0.0336206 0.027718 0.0220649 0.016813 0.012144 0.00823138 0.00518485
 0.00754602 0.0122928 0.0185691 0.0263451 0.0353907 0.0451341 0.0546224 0.062741 0.0686029 0.0718176 0.0724735 0.0709401 0.0676843 0.0631758 0.0578405 0.0520261 0.0459852 0.0398838 0.0338312 0.027919 0.0222559 0.0169892 0.0122982 0.00835699 0.0052785
 0.00752117 0.0122642 0.0185466 0.0263414 0.0354133 0.0451755 0.0546551 0.0627252 0.0685057 0.0716334 0.0722327 0.0706987 0.0674997 0.0630835 0.057843 0.0521001 0.0460979 0.040009 0.0339556 0.0280394 0.0223724 0.0171002 0.0123993 0.00844255 0.00534458
 0.00749107 0.0122118 0.0184623 0.026217 0.0352472 0.0449784 0.0544513 0.0625458 0.0683742 0.0715535 0.0721886 0.0706686 0.0674743 0.0630725 0.0578677 0.0521769 0.0462273 0.040176 0.0341387 0.0282198 0.0225383 0.0172454 0.0125205 0.00853819 0.00541474
 0.00743001 0.012121 0.0183411 0.0260693 0.0350791 0.0447955 0.0542581 0.0623492 0.0681869 0.0713951 0.0720792 0.0706205 0.067486 0.0631322 0.0579623 0.0522995 0.0463769 0.0403508 0.0343313 0.0284168 0.0227248 0.0174096 0.0126554 0.00864146 0.00548811
 0.00737213 0.0120233 0.0181883 0.0258472 0.0347802 0.0444265 0.0538453 0.0619354 0.0678209 0.0711171 0.0719126 0.0705711 0.067547 0.063288 0.0581919 0.0525792 0.0466846 0.0406688 0.0346458 0.0287153 0.0229951 0.0176408 0.0128407 0.00877961 0.00558324
 0.00746505 0.0121688 0.0183956 0.0261178 0.0351042 0.0447786 0.0541836 0.0622073 0.0679772 0.0711284 0.0717791 0.0703203 0.0672227 0.0629374 0.0578556 0.0522863 0.0464514 0.0405002 0.0345384 0.0286605 0.0229809 0.0176536 0.0128675 0.00880971 0.00560971
 0.00748411 0.0121946 0.0184251 0.0261461 0.0351264 0.0447932 0.0541937 0.0622182 0.0679909 0.0711396 0.0717759 0.0702901 0.0671597 0.0628468 0.0577524 0.0521898 0.0463786 0.0404618 0.0345369 0.0286914 0.0230347 0.0177186 0.0129324 0.00886606 0.00565297
 0.0075705 0.0123189 0.0185821 0.0263198 0.0352942 0.0449321 0.0542869 0.0622579 0.0679793 0.0710865 0.0716945 0.0701919 0.0670508 0.0627288 0.0576261 0.0520601 0.0462556 0.040358 0.0344626 0.0286508 0.0230254 0.0177326 0.0129592 0.0088961 0.00567943
 0.0075383 0.0122826 0.0185562 0.0263253 0.03535 0.0450433 0.0544364 0.0624101 0.0680941 0.071137 0.0716769 0.0701229 0.0669561 0.0626305 0.0575366 0.0519825 0.0461891 0.040303 0.0344221 0.0286286 0.0230225 0.0177462 0.0129832 0.00892304 0.00570354
#obs surv len freq
 nan nan nan nan nan nan nan nan nan nan nan nan nan nan nan nan nan nan nan nan nan nan nan nan nan
 0.00448178 0.00734189 0.0111709 0.0159867 0.0216876 0.027964 0.0342793 0.0400117 0.0446923 0.0481569 0.0505153 0.0520116 0.0529042 0.0534169 0.0537314 0.0539865 0.0542651 0.054558 0.0546968 0.0542887 0.0527267 0.0493587 0.0438082 0.0362879 0.0276711
 0.00462081 0.00756811 0.0115114 0.0164659 0.0223213 0.0287503 0.0351898 0.0409887 0.0456561 0.0490214 0.051204 0.052469 0.0531017 0.0533533 0.0534286 0.0534819 0.0536026 0.0537804 0.0538435 0.053397 0.0518356 0.0485116 0.0430503 0.0356575 0.0271893
 0.00477688 0.00782606 0.0119073 0.017036 0.023094 0.0297347 0.0363628 0.0422905 0.0469973 0.0502981 0.0523142 0.0533246 0.0536367 0.0535295 0.0532388 0.0529478 0.0527689 0.0527062 0.052595 0.0520444 0.0504542 0.0471822 0.0418527 0.0346576 0.0264237
 0.00495685 0.00812003 0.0123526 0.0176691 0.0239444 0.0308151 0.0376574 0.0437493 0.0485394 0.0518239 0.0537177 0.0545037 0.0545011 0.0540079 0.0532858 0.052549 0.0519425 0.0515009 0.0510855 0.0503272 0.0486437 0.0454043 0.0402317 0.0332949 0.0253762
 0.00516646 0.00846269 0.0128719 0.0184066 0.0249322 0.0320629 0.0391403 0.0454035 0.0502718 0.0535291 0.0552931 0.055856 0.0555463 0.0546716 0.0535059 0.0522819 0.0511717 0.0502448 0.0494033 0.048321 0.0464557 0.0432043 0.038194 0.0315647 0.0240381
 0.00540117 0.00884477 0.013448 0.0192207 0.0260176 0.0334295 0.0407611 0.0472093 0.0521603 0.0553842 0.0570031 0.0573238 0.0566916 0.0554277 0.0538159 0.052098 0.0504596 0.0489955 0.0476487 0.0461486 0.0440138 0.0406912 0.0358259 0.0295292 0.0224508
 0.00563932 0.0092372 0.0140482 0.0200816 0.0271807 0.0349081 0.0425238 0.0491747 0.0542101 0.0573867 0.0588355 0.0588835 0.0578984 0.0562199 0.0541452 0.0519242 0.0497498 0.0477314 0.0458443 0.0438727 0.0414067 0.0379608 0.0332147 0.0272584 0.0206644
 0.00587962 0.00963118 0.0146476 0.0209375 0.0283344 0.0363766 0.0442836 0.0511543 0.0562984 0.0594522 0.0607471 0.0605253 0.0591771 0.0570665 0.054511 0.0517744 0.049058 0.0464819 0.0440459 0.0415825 0.0387535 0.0351488 0.0304945 0.024869 0.0187689
 0.00613465 0.0100471 0.0152761 0.0218275 0.0295232 0.0378754 0.0460622 0.0531365 0.0583719 0.0614898 0.062626 0.0621381 0.0604351 0.0579003 0.054869 0.05162 0.0483662 0.0452396 0.0422625 0.0393109 0.0361136 0.032336 0.0277559 0.0224471 0.0168354
 0.00636329 0.0104243 0.015854 0.022658 0.0306475 0.0393077 0.0477735 0.0550491 0.0603715 0.0634485 0.0644237 0.0636738 0.0616295 0.0586928 0.055214 0.051483 0.0477212 0.044072 0.0405789 0.0371589 0.0336034 0.0296501 0.0251284 0.0201116 0.0149614
 0.00658211 0.0107847 0.0164052 0.0234488 0.0317177 0.0406722 0.0494071 0.0568802 0.062291 0.0653305 0.066146 0.0651321 0.0627439 0.0594077 0.055494 0.0513056 0.0470713 0.0429416 0.0389764 0.0351277 0.0312434 0.0271275 0.0226588 0.0179124 0.0131923
 0.00681889 0.0111682 0.0169797 0.0242547 0.0327839 0.0420047 0.050976 0.058615 0.0640895 0.0670767 0.0677284 0.0664555 0.0637341 0.0600131 0.0556833 0.051063 0.0463915 0.0418266 0.0374416 0.0332166 0.0290473 0.0247954 0.0203834 0.0158886 0.0115642
 0.00706757 0.0115786 0.0176077 0.025154 0.0339922 0.0435239 0.0527539 0.060543 0.0660226 0.0688666 0.069252 0.0676274 0.0645052 0.0603625 0.0556093 0.0505753 0.045505 0.0405601 0.0358223 0.0312931 0.0269061 0.0225701 0.0182431 0.0140027 0.0100558
 0.00728378 0.0119344 0.0181514 0.0259334 0.0350455 0.0448642 0.0543526 0.0623216 0.0678607 0.0706224 0.070787 0.0688275 0.0652937 0.0607041 0.0555044 0.0500482 0.0445912 0.0392985 0.0342558 0.0294786 0.0249277 0.0205471 0.016321 0.0123239 0.00872122
 0.00742716 0.0121745 0.018526 0.0264827 0.0358048 0.0458513 0.0555556 0.0636928 0.0693217 0.0720768 0.0721326 0.0699663 0.0661402 0.0611937 0.0556005 0.0497443 0.0439067 0.0382711 0.0329362 0.0279314 0.0232384 0.0188252 0.0146926 0.0109079 0.00759968
 0.00752403 0.0123281 0.0187508 0.026792 0.0362113 0.0463673 0.05619 0.0644463 0.0701815 0.0730128 0.0730966 0.0708943 0.0669579 0.0618255 0.0559791 0.0498203 0.0436551 0.0376944 0.0320642 0.0268198 0.0219673 0.0174965 0.013419 0.00979267 0.00671323
 0.00756083 0.0123884 0.0188423 0.0269226 0.0363877 0.0465942 0.0564691 0.0647779 0.0705673 0.0734567 0.0736017 0.0714542 0.0675482 0.0623995 0.0564722 0.0501612 0.0437804 0.0375622 0.0316637 0.0261756 0.0211387 0.0165703 0.0124952 0.00896439 0.00604537
 0.00765436 0.0125262 0.0190234 0.0271373 0.0366212 0.0468319 0.056701 0.0649996 0.0707791 0.073663 0.0738104 0.0716755 0.0677905 0.0626617 0.0567366 0.0503902 0.0439218 0.037562 0.0314822 0.0258022 0.0205993 0.0159246 0.0118231 0.00834515 0.00553755
 0.00771323 0.0126213 0.0191648 0.0273314 0.0368673 0.0471175 0.0570001 0.0652769 0.0710013 0.0738122 0.0738906 0.0717092 0.067808 0.0626893 0.056787 0.0504573 0.04398 0.0375714 0.0314001 0.025599 0.0202721 0.0155025 0.0113599 0.0079025 0.00516516
 0.0077619 0.0126949 0.0192655 0.0274584 0.0370178 0.0472881 0.0571864 0.0654717 0.0711919 0.0739808 0.0740188 0.0717851 0.0678328 0.0626772 0.056759 0.0504308 0.0439592 0.0375433 0.0313388 0.0254768 0.0200738 0.0152351 0.0110529 0.00759781 0.00490118
 0.00781789 0.0127807 0.0193846 0.0276099 0.037196 0.047483 0.0573841 0.0656565 0.0713497 0.0741019 0.0740991 0.0718245 0.0678325 0.0626406 0.0566932 0.0503467 0.0438676 0.0374491 0.0312367 0.0253537 0.0199171 0.0150424 0.0108371 0.00738285 0.00471255
 0.00785295 0.0128374 0.0194691 0.0277269 0.0373471 0.0476642 0.0575838 0.0658561 0.0715278 0.0742402 0.074187 0.0718602 0.0678213 0.0625909 0.056614 0.0502468 0.0437552 0.0373304 0.0311142 0.025225 0.0197774 0.0148898 0.0106769 0.00722773 0.00457734
 0.00786783 0.0128581 0.019494 0.0277532 0.0373723 0.0476885 0.0576113 0.0658936 0.0715809 0.0743096 0.0742671 0.0719408 0.0678911 0.0626413 0.0566408 0.0502496 0.0437365 0.0372934 0.0310618 0.0251586 0.0196973 0.0147973 0.0105769 0.00712876 0.00448934
 0.00789002 0.012889 0.0195308 0.0277897 0.0374005 0.0477012 0.057605 0.0658697 0.0715467 0.0742766 0.0742477 0.0719439 0.0679187 0.0626877 0.056695 0.0502999 0.0437736 0.0373124 0.031061 0.0251387 0.0196601 0.0147461 0.0105168 0.0070666 0.00443263
 0.0078891 0.0128846 0.0195189 0.0277646 0.0373562 0.0476335 0.057514 0.0657609 0.0714309 0.0741684 0.0741634 0.0718983 0.0679214 0.0627402 0.0567898 0.0504218 0.0439042 0.0374344 0.0311618 0.0252113 0.019703 0.0147619 0.0105112 0.0070477 0.00440848
 0.00788372 0.012873 0.019496 0.0277239 0.0372914 0.0475406 0.057394 0.0656208 0.0712827 0.0740272 0.074045 0.0718171 0.0678887 0.0627621 0.0568651 0.050542 0.0440539 0.0375947 0.031314 0.0253406 0.0198009 0.0148267 0.0105467 0.00706103 0.00440822
 0.00788426 0.0128721 0.0194912 0.0277114 0.0372663 0.0474981 0.0573303 0.0655348 0.0711771 0.0739091 0.0739256 0.0717103 0.0678088 0.0627209 0.0568699 0.0505934 0.0441458 0.0377144 0.0314451 0.0254662 0.0199076 0.0149068 0.0105993 0.00709029 0.00442091
 0.0078851 0.0128712 0.0194857 0.0276971 0.0372388 0.047454 0.0572689 0.0654581 0.0710893 0.0738158 0.0738328 0.0716251 0.067739 0.0626748 0.0568551 0.0506149 0.0442038 0.0378035 0.0315544 0.0255816 0.020015 0.0149955 0.0106642 0.00713206 0.00444419
 0.0078632 0.0128338 0.0194263 0.027609 0.0371171 0.0472986 0.0570872 0.0652654 0.0709054 0.0736605 0.0737214 0.0715653 0.0677317 0.0627158 0.0569374 0.0507311 0.0443467 0.0379652 0.0317253 0.0257501 0.0201688 0.0151246 0.0107629 0.00720032 0.00448651
 0.00783707 0.0127924 0.0193657 0.0275262 0.0370099 0.0471666 0.0569327 0.0650948 0.07073 0.0734953 0.0735831 0.0714695 0.0676889 0.0627298 0.0570049 0.0508435 0.0444927 0.0381328 0.0319024 0.0259249 0.0203298 0.0152621 0.0108709 0.0072776 0.00453653
 0.00782436 0.0127676 0.0193209 0.027452 0.0368982 0.0470148 0.056747 0.0648903 0.0705265 0.0733125 0.0734363 0.0713692 0.0676415 0.0627381 0.057068 0.0509562 0.0446452 0.0383123 0.0320946 0.0261155 0.0205058 0.0154132 0.0109908 0.00736481 0.00459426
 0.00781395 0.0127493 0.0192907 0.0274046 0.0368277 0.046916 0.0566171 0.0647313 0.070347 0.0731273 0.0732646 0.0712305 0.0675511 0.0627048 0.0570937 0.0510366 0.0447718 0.0384731 0.0322753 0.0263007 0.020681 0.0155663 0.0111141 0.00745591 0.00465557
 0.00774755 0.0126473 0.0191485 0.0272223 0.0366099 0.0466719 0.0563601 0.0644783 0.0701165 0.0729362 0.0731259 0.0711528 0.0675392 0.0627596 0.0572119 0.0512106 0.0449898 0.0387202 0.0325347 0.0265552 0.0209147 0.0157666 0.0112735 0.00757274 0.00473399
 0.00774491 0.0126324 0.019107 0.0271352 0.0364601 0.0464526 0.0560823 0.0641702 0.0698155 0.0726772 0.0729327 0.0710359 0.0674993 0.0627917 0.0573087 0.0513635 0.0451883 0.0389516 0.0327835 0.0268044 0.0211476 0.0159692 0.0114366 0.00769367 0.00481596
 0.00770762 0.0125768 0.0190319 0.027041 0.0363462 0.0463149 0.0559131 0.0639634 0.0695734 0.0724164 0.0726836 0.070834 0.0673738 0.0627576 0.0573653 0.0514986 0.0453845 0.0391892 0.033043 0.0270665 0.0213941 0.0161849 0.0116114 0.00782397 0.00490479
 0.00767713 0.0125264 0.0189547 0.0269312 0.0362014 0.0461387 0.0557165 0.0637621 0.0693826 0.0722453 0.0725352 0.0707107 0.0672827 0.0627117 0.0573786 0.0515791 0.0455298 0.0393873 0.0332751 0.0273114 0.021631 0.0163962 0.0117851 0.00795506 0.00499506
 0.00765862 0.0124956 0.0189071 0.026862 0.0361061 0.0460148 0.0555656 0.0635913 0.069204 0.0720743 0.0723863 0.0705942 0.0672037 0.0626723 0.0573807 0.0516264 0.0456252 0.0395293 0.0334553 0.0275143 0.0218374 0.0165873 0.0119466 0.00807939 0.00508203
 0.00762995 0.0124529 0.0188498 0.0267918 0.0360259 0.0459272 0.0554717 0.0634913 0.0690985 0.0719657 0.0722801 0.0704983 0.0671271 0.062623 0.0573646 0.0516467 0.0456836 0.0396255 0.0335854 0.0276693 0.0220034 0.016748 0.0120874 0.00819104 0.00516192
 0.00759959 0.0124037 0.0187764 0.0266901 0.0358952 0.0457721 0.0553036 0.0633269 0.0689552 0.0718557 0.0722077 0.0704608 0.0671191 0.0626399 0.0574048 0.0517106 0.0457724 0.0397392 0.0337215 0.0278217 0.0221623 0.0169009 0.012222 0.00829878 0.00523989
 0.00760015 0.012403 0.0187724 0.0266795 0.0358736 0.0457351 0.0552482 0.0632528 0.0688658 0.0717589 0.0721134 0.0703789 0.0670565 0.0625994 0.0573864 0.0517138 0.0457974 0.0397868 0.0337915 0.0279113 0.0222648 0.0170068 0.0123205 0.00838125 0.00530181
 0.00757978 0.0123727 0.018732 0.0266305 0.0358184 0.0456761 0.0551868 0.0631895 0.0688011 0.0716938 0.0720509 0.0703236 0.0670142 0.0625753 0.0573837 0.0517333 0.0458377 0.0398458 0.0338668 0.0279996 0.022361 0.0171035 0.0124098 0.008456 0.00535827
 0.00756866 0.0123555 0.0187076 0.0265989 0.0357807 0.0456346 0.055145 0.0631511 0.0687687 0.0716677 0.0720287 0.0703021 0.0669915 0.0625526 0.0573652 0.0517243 0.0458429 0.0398677 0.0339055 0.028053 0.0224249 0.0171719 0.0124756 0.00851303 0.00540259
 0.0075331 0.0123024 0.0186365 0.0265126 0.0356846 0.0455354 0.0550501 0.0630679 0.0687041 0.0716269 0.0720138 0.0703116 0.0670202 0.062594 0.0574135 0.0517761 0.0458977 0.0399269 0.0339704 0.0281234 0.0224985 0.0172444 0.012542 0.00856882 0.00544513
 0.00750288 0.0122505 0.0185539 0.0263902 0.0355173 0.0453269 0.0548159 0.0628347 0.0685027 0.0714832 0.0719422 0.070313 0.0670854 0.062708 0.057559 0.0519373 0.0460623 0.0400866 0.0341207 0.0282619 0.0226233 0.0173534 0.0126328 0.00863969 0.00549632
 0.00752959 0.0122878 0.0185984 0.0264339 0.0355482 0.0453317 0.0547829 0.0627575 0.0683835 0.0713345 0.0717852 0.0701723 0.0669815 0.0626521 0.0575517 0.0519708 0.0461246 0.0401657 0.0342069 0.0283483 0.0227053 0.0174274 0.012696 0.00869031 0.00553368
 0.00752669 0.0122908 0.0186165 0.0264789 0.0356299 0.0454502 0.0549242 0.0628941 0.0684828 0.0713702 0.0717468 0.0700678 0.066834 0.0624912 0.0574048 0.0518566 0.0460504 0.0401293 0.0342005 0.0283625 0.0227315 0.0174589 0.0127276 0.00871825 0.00555584
 0.00751508 0.0122703 0.0185834 0.0264308 0.035568 0.0453831 0.0548679 0.0628674 0.0684984 0.0714262 0.0718249 0.0701408 0.0668782 0.0624966 0.0573776 0.0518138 0.0460112 0.0401072 0.0342007 0.0283824 0.0227644 0.0174971 0.0127646 0.00874985 0.00557997
 0.00748734 0.0122291 0.0185283 0.0263636 0.0354918 0.0453012 0.0547838 0.0627868 0.0684308 0.0713841 0.0718197 0.070176 0.0669456 0.0625785 0.0574545 0.0518732 0.0460517 0.0401363 0.0342281 0.0284149 0.022803 0.0175387 0.0128043 0.00878341 0.00560536
 0.00746932 0.0121977 0.0184775 0.0262872 0.0353863 0.0451685 0.0546336 0.0626357 0.0682978 0.0712855 0.0717658 0.0701711 0.0669883 0.0626619 0.057566 0.0519966 0.0461717 0.0402432 0.0343193 0.0284929 0.0228712 0.0175986 0.0128552 0.00882405 0.00563509
#pred catch len freq
 0.00314888 0.00512856 0.00777015 0.0111285 0.0152492 0.020117 0.0255962 0.0314236 0.0372653 0.0427853 0.0476954 0.0517914 0.0549796 0.0572763 0.058778 0.0596231 0.0599644 0.0599376 0.0595917 0.0587769 0.0570593 0.0537914 0.0484128 0.040867 0.0318424
 0.00341949 0.00549498 0.00818814 0.0115176 0.0155231 0.0202265 0.0255568 0.0313058 0.0371492 0.0427117 0.0476461 0.051712 0.0548264 0.0570571 0.0585611 0.0595102 0.0600393 0.0602147 0.0599907 0.0591415 0.0572195 0.0536407 0.0479587 0.0402224 0.0311662
 0.00351823 0.00569644 0.00856072 0.0121337 0.0164215 0.0213664 0.0267943 0.0324255 0.0379482 0.0430865 0.0476232 0.0514043 0.0543568 0.0565081 0.0579776 0.0589317 0.0595185 0.0598005 0.0596891 0.0588925 0.0569164 0.053188 0.0473307 0.0394817 0.0304292
 0.00367455 0.00593481 0.00889611 0.0125851 0.0170262 0.0221883 0.027908 0.0338681 0.039656 0.0448641 0.0491845 0.0524772 0.0547904 0.0563146 0.0572923 0.0579344 0.0583718 0.0586228 0.0585474 0.0578012 0.055848 0.0521055 0.0462289 0.038409 0.0294707
 0.00384115 0.00620671 0.00930658 0.0131642 0.0177947 0.023151 0.0290528 0.0351735 0.0411021 0.0464272 0.0508059 0.0540265 0.0560641 0.0570925 0.0574249 0.0574037 0.0572872 0.0571622 0.056888 0.0560743 0.0541314 0.0504444 0.0446674 0.0370082 0.0282994
 0.00397961 0.00643704 0.00966428 0.0136892 0.0185274 0.0241231 0.030274 0.0366203 0.042715 0.0481206 0.0524841 0.0555944 0.0574223 0.0581238 0.057994 0.0573878 0.0566265 0.0558949 0.055143 0.0540284 0.0519619 0.0483047 0.0426845 0.0352863 0.0269127
 0.00414074 0.00669927 0.010061 0.0142556 0.0192991 0.025131 0.0315348 0.0381254 0.0444224 0.049952 0.0543305 0.0573294 0.0589202 0.0592714 0.0586913 0.0575444 0.056169 0.0547921 0.0534361 0.0518424 0.0494892 0.045768 0.0402978 0.0332214 0.0252755
 0.00435655 0.00703837 0.0105508 0.0149176 0.0201499 0.0261831 0.0327926 0.0395783 0.0460389 0.0516763 0.0560825 0.0590087 0.0604139 0.0604645 0.0594755 0.0578237 0.0558641 0.0538523 0.051861 0.0497082 0.0469595 0.0430765 0.0377036 0.0309507 0.0234728
 0.00463174 0.00747027 0.0111725 0.0157509 0.0212043 0.0274529 0.0342528 0.0411816 0.0477203 0.0533621 0.0576994 0.060487 0.061685 0.061457 0.0601126 0.0580238 0.0555461 0.0529498 0.0503459 0.0476204 0.0444303 0.0403264 0.0350032 0.0285558 0.021558
 0.00488149 0.00787652 0.0117845 0.0166155 0.0223572 0.0289056 0.0359771 0.0431027 0.0497244 0.0553175 0.0594804 0.0619921 0.0628455 0.0622333 0.0604809 0.0579589 0.0550108 0.0518985 0.0487469 0.0454916 0.0418733 0.0375375 0.0322445 0.0260896 0.0195737
 0.00513641 0.00828427 0.0123876 0.0174537 0.0234664 0.0303118 0.0376833 0.0450734 0.0518743 0.0575126 0.0615542 0.0637752 0.0641989 0.0630714 0.0607737 0.0577138 0.0542465 0.0506264 0.0469753 0.043252 0.0392581 0.0347217 0.02947 0.0236075 0.0175715
 0.00543043 0.00874648 0.013055 0.0183534 0.0246154 0.0317155 0.0393296 0.0469252 0.0538656 0.0595491 0.0635172 0.0655291 0.0656052 0.0640095 0.0611604 0.0575134 0.0534644 0.0492939 0.045138 0.0409763 0.0366526 0.0319565 0.0267681 0.0211994 0.0156304
 0.00569725 0.00917907 0.0137039 0.0192651 0.0258237 0.0332282 0.0411142 0.0489038 0.055925 0.061562 0.0653621 0.0671006 0.0668151 0.0647845 0.0614419 0.0572607 0.0526605 0.0479501 0.043296 0.0387132 0.0340906 0.0292696 0.0241689 0.0188994 0.0137847
 0.00595702 0.00959844 0.0143309 0.0201459 0.026998 0.0347191 0.0429123 0.050952 0.0581137 0.063739 0.0673556 0.0687502 0.0679998 0.0654363 0.0615401 0.0568144 0.0516921 0.0464897 0.0413887 0.0364341 0.0315592 0.0266541 0.0216697 0.0167094 0.0120403
 0.00620288 0.00999598 0.0149261 0.0209826 0.0281128 0.0361314 0.0446109 0.0528845 0.0601852 0.0658195 0.0692938 0.0703917 0.0692084 0.0661142 0.0616404 0.0563393 0.0506795 0.0449973 0.0394868 0.0342111 0.0291349 0.0241856 0.0193385 0.014686 0.0104407
 0.00637859 0.0102891 0.0153822 0.0216513 0.0290411 0.0373502 0.0461192 0.0546376 0.0620936 0.0677585 0.0711195 0.0719593 0.0703905 0.0668155 0.0618064 0.0559571 0.0497738 0.0436224 0.03772 0.0321515 0.0269067 0.0219392 0.0172375 0.0128778 0.00902157
 0.00642232 0.0103693 0.0155219 0.0218834 0.0294081 0.0379005 0.0468973 0.0556701 0.0633727 0.0692295 0.0726794 0.0734706 0.0717061 0.0678047 0.0623731 0.0560477 0.0493766 0.0427636 0.0364596 0.0305803 0.0251443 0.0201283 0.015528 0.0114011 0.00786149
 0.00642779 0.010369 0.0155058 0.0218405 0.0293353 0.0378138 0.0468408 0.055714 0.0635981 0.0697032 0.0734282 0.0744638 0.0728535 0.0689713 0.0634064 0.0568086 0.0497642 0.0427286 0.0360074 0.029767 0.0240691 0.0189204 0.0143272 0.0103311 0.00700484
 0.00647607 0.0104353 0.0155821 0.0219102 0.0293751 0.0378006 0.0467604 0.0555714 0.0634262 0.0695654 0.0734079 0.0746398 0.0732688 0.069609 0.0641848 0.0575991 0.0504241 0.0431364 0.0360901 0.0295137 0.02353 0.018193 0.0135321 0.00958272 0.00638557
 0.00656499 0.0105615 0.0157376 0.0220744 0.0295191 0.037894 0.0467784 0.0554999 0.0632658 0.0693361 0.0731528 0.0744236 0.0731655 0.0696794 0.0644514 0.058029 0.0509307 0.0436025 0.0364028 0.029599 0.023373 0.0178379 0.0130638 0.00909687 0.00595977
 0.006595 0.0106158 0.0158285 0.0222135 0.0297102 0.0381249 0.0470155 0.0556934 0.0633648 0.0693086 0.0729992 0.0741787 0.0728899 0.0694447 0.0643216 0.0580409 0.0510782 0.0438337 0.0366345 0.029746 0.0233793 0.0176958 0.0128115 0.00879833 0.00567754
 0.00665879 0.0107143 0.0159676 0.0223969 0.0299406 0.0384042 0.0473413 0.0560519 0.0637236 0.0696159 0.0731948 0.0742151 0.0727536 0.0691663 0.0639676 0.0576911 0.0507974 0.0436499 0.0365326 0.0296795 0.0232952 0.0175604 0.0126237 0.00858427 0.00547363
 0.00667557 0.0107519 0.016043 0.0225314 0.030154 0.0387054 0.0477215 0.0564832 0.0641656 0.070024 0.0735256 0.0744288 0.0728179 0.0690657 0.0637143 0.0573278 0.050388 0.0432576 0.0361987 0.0294127 0.0230781 0.0173673 0.0124383 0.00840704 0.00531653
 0.00667534 0.0107524 0.0160466 0.0225439 0.0301871 0.0387782 0.0478579 0.0567042 0.064477 0.0704066 0.0739345 0.0748038 0.0731001 0.0692121 0.063706 0.0571731 0.0501197 0.0429255 0.0358548 0.0290964 0.0228077 0.0171428 0.0122515 0.00825163 0.00519125
 0.0067253 0.0108156 0.0161085 0.0225812 0.0301752 0.0387041 0.0477308 0.0565574 0.0643603 0.0703696 0.0740097 0.074993 0.0733719 0.0695099 0.0639664 0.0573452 0.050179 0.0428774 0.0357275 0.0289276 0.0226312 0.0169802 0.0121123 0.00813801 0.00510273
 0.00674584 0.0108449 0.0161439 0.0226146 0.0301916 0.0386818 0.0476455 0.0563922 0.0641184 0.0700846 0.0737424 0.0748134 0.0733323 0.0696236 0.0642023 0.0576414 0.0504667 0.0431034 0.0358673 0.0289846 0.0226262 0.0169391 0.0120567 0.00808235 0.0050548
 0.00680696 0.0109298 0.0162449 0.0227155 0.0302717 0.0387225 0.0476348 0.0563249 0.0639936 0.0699051 0.0735194 0.0745729 0.0731158 0.0694783 0.0641628 0.0577132 0.0506228 0.0432956 0.0360463 0.0291171 0.0227017 0.0169652 0.0120502 0.00806 0.00502901
 0.00689452 0.0110611 0.0164212 0.0229283 0.0305027 0.0389448 0.0478159 0.0564319 0.0640019 0.0698069 0.0733261 0.0743121 0.0728243 0.0691961 0.0639277 0.0575544 0.0505525 0.0433042 0.0361057 0.0291924 0.0227645 0.0170019 0.012061 0.0080533 0.00501478
 0.00696365 0.0111746 0.0165935 0.0231719 0.0308231 0.0393337 0.0482451 0.0568531 0.064355 0.0700343 0.0733891 0.0742004 0.0725584 0.0688208 0.0635013 0.0571351 0.050187 0.0430195 0.0359067 0.0290654 0.0226865 0.0169507 0.0120221 0.00802089 0.00498816
 0.00699548 0.011227 0.0166742 0.0232904 0.030991 0.0395631 0.0485445 0.0572198 0.0647672 0.0704475 0.0737413 0.0744278 0.0726148 0.0686939 0.0632158 0.0567441 0.0497554 0.0426066 0.0355535 0.0287901 0.0224871 0.0168133 0.0119297 0.00795919 0.00494745
 0.00690948 0.0110977 0.0165 0.0230782 0.0307571 0.0393325 0.0483498 0.0570988 0.0647559 0.0705689 0.0739937 0.0747787 0.0730053 0.0690539 0.0634851 0.056891 0.049783 0.0425461 0.0354481 0.0286784 0.0223933 0.0167458 0.0118859 0.00793223 0.00493096
 0.00672742 0.0108238 0.0161289 0.02262 0.0302349 0.038778 0.0478014 0.0566022 0.064363 0.0703322 0.0739556 0.0749584 0.0733885 0.0695902 0.0640974 0.0574952 0.0503104 0.0429594 0.0357433 0.0288755 0.0225209 0.016829 0.0119414 0.00796903 0.00495418
 0.00661217 0.01064 0.0158596 0.0222541 0.0297713 0.0382318 0.0472082 0.0560162 0.0638472 0.0699444 0.073738 0.0749338 0.0735609 0.0699438 0.0645953 0.0580804 0.0509147 0.0435186 0.0362129 0.0292373 0.0227803 0.0170049 0.0120558 0.00804084 0.00499727
 0.00650413 0.010466 0.0156009 0.0218939 0.0292979 0.0376442 0.0465232 0.0552745 0.0631127 0.069296 0.0732551 0.0746795 0.0735682 0.0702101 0.0650851 0.0587337 0.0516576 0.0442742 0.0369134 0.0298344 0.0232512 0.0173502 0.0122924 0.00819274 0.00508855
 0.00641732 0.0103249 0.0153881 0.0215918 0.0288908 0.0371221 0.0458885 0.054548 0.0623376 0.0685371 0.0725917 0.0741935 0.0733276 0.0702531 0.065411 0.0593027 0.0523999 0.0451039 0.0377438 0.0305925 0.0238875 0.0178432 0.0126455 0.00842649 0.00523151
