SBPRF35
12.7214
Curr Bio
795500
B35
890268
F35
0.170032
FOFL
0.151905
OFL
99979.7
Bzero
3.63469e+006
#pred survey bio
 3.49763e+006 3.37954e+006 3.2804e+006 3.13885e+006 2.93563e+006 2.71826e+006 2.49342e+006 2.26456e+006 2.02866e+006 1.81785e+006 1.62172e+006 1.42402e+006 1.27079e+006 1.12641e+006 990561 876442 792579 731542 690087 645521 614441 592080 582384 559755 551976 548709 548062 551187 552875 551021 558285 562023 563120 580912 592938 597792 614846 630963 640959 643634 645689 653470 657620 661529 669141 672057 674095 688088 693440 701950 704722 736081 763859 791676 801265 808002 803716 800279 2.81592e+007 1.68187e+007 1.70541e+007 1.79138e+007 1.92008e+007 2.06612e+007 2.21012e+007 2.34047e+007 2.45196e+007 2.54364e+007 2.61701e+007 2.67462e+007 2.71925e+007 2.75354e+007 2.77975e+007 2.79974e+007 2.81498e+007 2.82662e+007 2.83553e+007 2.84238e+007 2.84766e+007 2.85176e+007 2.85495e+007 2.85744e+007 2.8594e+007 2.86095e+007 2.86218e+007 2.86315e+007 2.86392e+007 2.86454e+007 2.86504e+007 2.86544e+007 2.86576e+007 2.86603e+007 2.86624e+007 2.86641e+007 2.86655e+007 2.86666e+007 2.86676e+007 2.86683e+007 2.86689e+007 2.86694e+007 2.86698e+007 2.86702e+007 2.86704e+007 2.86707e+007 2.86708e+007 2.8671e+007 2.86711e+007 2.86712e+007 2.86713e+007 2.86714e+007 2.86714e+007 2.86715e+007 2.86715e+007 2.86715e+007 2.86716e+007 2.86716e+007 2.86716e+007 2.86716e+007 2.86716e+007 2.86716e+007 2.86716e+007 2.86716e+007 2.86716e+007 2.86716e+007 2.86716e+007 2.86717e+007 2.86717e+007 2.86717e+007 2.86717e+007 2.86717e+007 2.86717e+007 2.86717e+007 2.86717e+007 2.86717e+007 2.86717e+007 2.86717e+007 2.86717e+007 2.86717e+007 2.86717e+007 2.86717e+007 2.86717e+007 2.86717e+007 2.86717e+007 2.86717e+007 2.86717e+007 2.86717e+007 2.86717e+007 2.86717e+007 2.86717e+007 2.86717e+007 2.86717e+007 2.86717e+007 2.86717e+007 2.86717e+007 2.86717e+007 2.86717e+007 2.86717e+007 2.86717e+007 0 0 0 0 0 0 0 0 0 0 0 0 0 0 0 0 0 0 0 0 0 0 0 0 0
#obs survey bio
 4.52994e+006 3.46792e+006 2.95457e+006 2.58129e+006 2.48608e+006 2.69595e+006 1.80906e+006 1.73372e+006 1.54347e+006 1.6878e+006 1.52962e+006 1.1368e+006 1.03058e+006 1.14587e+006 818291 805119 797679 726573 629898 650552 493016 707904 508578 468579 367962 694498 516904 647819 547575 465218 517986 578322 631982 583944 577247 735892 556553 788823 679778 523786 680622 694674 499233 577361 575618 475068 673970 668682 1.06026e+006 675870 576624 821872 957413 705799 830096 520240 644396 597125
#pred catch bio
 107034 95556.7 143063 211564 239549 263087 283936 306490 297828 295955 305268 271060 266358 258657 237017 206976 182814 161326 158967 143086 132819 120432 129523 114954 109926 106542 102532 102985 104815 96294.6 98957 100673 86866 92693.7 98766.6 88622.7 90433.1 96192.3 102570 103449 99415.4 103756 105498 104391 110459 112452 102936 109942 106159 110494 87126.1 91945.4 92570.7 107909 109574 118279 115877 106055 99979.7 110334 110698 114947 122611 131657 140582 148564 155266 160647 164828 167998 170356 172085 173337 174236 174877 175331 175651 175876 176033 176143 176220 176273 176310 176336 176354 176366 176375 176380 176384 176387 176389 176390 176391 176392 176392 176393 176393 176393 176393 176393 176393 176393 176393 176393 176393 176393 176393 176393 176393 176393 176393 176393 176393 176393 176393 176393 176393 176393 176393 176393 176393 176393 176393 176393 176393 176393 176393 176393 176393 176393 176393 176393 176393 176393 176393 176393 176393 176393 176393 176393 176393 176393 176393 176393 176393 176393 176393 176393 176393 176393 176393 176393 176393 176393 176393 176393 176393 176393 0 0 0 0 0 0 0 0 0 0 0 0 0 0 0 0 0 0 0 0 0 0 0 0 0
#obs catch bio
 0 95181.3 143096 212161 240205 264031 285677 309482 301102 299094 309636 274222 270782 263547 241730 211146 185838 162882 159601 143140 134040 120813 131000 116077 111492 106957 103129 103405 105430 96586 99011.1 100918 86865.2 92715.2 99095 88378.2 90473.1 96048.7 101921 103317 99341.6 103432 105698 104605 111110 113902 103928 110837 105849 110409 86986.4 92052.6 92476.2 107998 109320 118268 115939 105980
#pred cpue bio
 3.45043e+006 3.33385e+006 3.23558e+006 3.09404e+006 2.89105e+006 2.67392e+006 2.44942e+006 2.22104e+006 1.98598e+006 1.77606e+006 1.58102e+006 1.38482e+006 1.23268e+006 1.08968e+006 955577 843221 760992 701623 661644 618555 588310 566497 557073 535111 527638 524730 524400 527662 529536 527972 535266 539075 540246 557709 569593 574517 591302 607128 617015 619600 621414 628886 632756 636233 643298 645835 647746 661709 667487 676191 678920 709525 737010 764697 774377 781023 776796 773771 2.72661e+007 1.63017e+007 1.64107e+007 1.71098e+007 1.83349e+007 1.97794e+007 2.1216e+007 2.25188e+007 2.36335e+007 2.45504e+007 2.52841e+007 2.58601e+007 2.63064e+007 2.66493e+007 2.69114e+007 2.71113e+007 2.72637e+007 2.73801e+007 2.74692e+007 2.75377e+007 2.75906e+007 2.76315e+007 2.76634e+007 2.76884e+007 2.7708e+007 2.77235e+007 2.77357e+007 2.77454e+007 2.77532e+007 2.77594e+007 2.77643e+007 2.77683e+007 2.77716e+007 2.77742e+007 2.77763e+007 2.7778e+007 2.77794e+007 2.77806e+007 2.77815e+007 2.77822e+007 2.77828e+007 2.77833e+007 2.77838e+007 2.77841e+007 2.77844e+007 2.77846e+007 2.77848e+007 2.77849e+007 2.7785e+007 2.77851e+007 2.77852e+007 2.77853e+007 2.77853e+007 2.77854e+007 2.77854e+007 2.77855e+007 2.77855e+007 2.77855e+007 2.77855e+007 2.77855e+007 2.77855e+007 2.77856e+007 2.77856e+007 2.77856e+007 2.77856e+007 2.77856e+007 2.77856e+007 2.77856e+007 2.77856e+007 2.77856e+007 2.77856e+007 2.77856e+007 2.77856e+007 2.77856e+007 2.77856e+007 2.77856e+007 2.77856e+007 2.77856e+007 2.77856e+007 2.77856e+007 2.77856e+007 2.77856e+007 2.77856e+007 2.77856e+007 2.77856e+007 2.77856e+007 2.77856e+007 2.77856e+007 2.77856e+007 2.77856e+007 2.77856e+007 2.77856e+007 2.77856e+007 2.77856e+007 2.77856e+007 2.77856e+007 2.77856e+007 2.77856e+007 2.77856e+007 2.77856e+007 0 0 0 0 0 0 0 0 0 0 0 0 0 0 0 0 0 0 0 0 0 0 0 0 0
#obs cpue bio
 4.08939e+006 2.5323e+006 3.28442e+006 3.28944e+006 2.55443e+006 2.40154e+006 2.44988e+006 2.20108e+006 1.96865e+006 1.82741e+006 1.34855e+006 1.49838e+006 1.02701e+006 811584 854361 644984 683168 779210 989910 679091 408632 549663 425120 506934 497053 713199 431001 477282 470254 621861 720264 488522 450455 616187 500178 645660 521753 600287 948011 523915 528164 786711 548252 651295 553767 485762 562922 834528 952413 743649 623842 616352 634686 885047 894640 1.1111e+006 916312 1.06953e+006
#pred surv len freq
 0.00473906 0.0076883 0.0115615 0.0163409 0.0219189 0.0280238 0.0341892 0.0398606 0.0445997 0.0482249 0.0507953 0.0524951 0.0535292 0.0540741 0.0542666 0.0542118 0.0539966 0.0536889 0.0532862 0.0526129 0.0512328 0.0485053 0.0438613 0.0371951 0.0291022
 0.00498267 0.00799753 0.0118704 0.0165449 0.0219161 0.0277735 0.0337494 0.0393729 0.044223 0.0480589 0.0508424 0.0526808 0.0537608 0.0542974 0.0544885 0.0544816 0.0543612 0.0541444 0.0537546 0.0529582 0.0513168 0.048256 0.0433134 0.0364773 0.0283772
 0.00515743 0.00829688 0.0123424 0.0172262 0.022803 0.0287906 0.0347403 0.04014 0.0446094 0.0480266 0.0504888 0.0521791 0.053268 0.0538948 0.0541856 0.0542589 0.054205 0.0540459 0.0536829 0.0528424 0.0510629 0.0477953 0.0426503 0.0356975 0.0276098
 0.00534485 0.00859632 0.0127854 0.0178434 0.0236236 0.029834 0.0359976 0.0415479 0.0460337 0.0492758 0.0513675 0.0525616 0.0531489 0.0533823 0.0534412 0.053428 0.0533784 0.053258 0.0529256 0.052078 0.0502403 0.0468791 0.0416522 0.0346871 0.0266892
 0.00558416 0.00898083 0.0133556 0.0186342 0.0246583 0.0311161 0.0375013 0.0432141 0.0477728 0.050972 0.0528806 0.0537343 0.0538344 0.0534892 0.0529718 0.0524801 0.0521041 0.0518067 0.0514014 0.0505306 0.0486845 0.0453284 0.0401474 0.0333033 0.0255138
 0.00584283 0.00939427 0.0139652 0.019475 0.0257545 0.0324731 0.0390959 0.0449883 0.0496387 0.0528232 0.0546026 0.0552088 0.0549396 0.0541072 0.0530112 0.0519063 0.0509601 0.0502046 0.0494878 0.0484469 0.0465474 0.0432353 0.0381931 0.0315848 0.0241133
 0.00611572 0.00983177 0.0146124 0.0203706 0.0269246 0.033922 0.0407947 0.0468709 0.0516089 0.054771 0.0564187 0.0567907 0.0561906 0.054933 0.0533218 0.0516282 0.0500584 0.0487049 0.0474835 0.0460858 0.0440065 0.0406975 0.0358304 0.0295416 0.0224858
 0.006374 0.0102519 0.0152452 0.0212641 0.0281157 0.0354225 0.0425772 0.0488626 0.0537007 0.0568374 0.0583374 0.0584544 0.0575092 0.0558299 0.053728 0.0514801 0.0493052 0.0473277 0.0455192 0.0436431 0.0412636 0.037879 0.0331699 0.0272378 0.020664
 0.00665942 0.0107103 0.0159252 0.0222089 0.0293572 0.036971 0.0444087 0.0509108 0.0558616 0.058984 0.0603379 0.0601874 0.058873 0.0567461 0.0541379 0.0513372 0.0485713 0.0459801 0.0435713 0.0411713 0.0384247 0.0349025 0.0303189 0.0247496 0.0186936
 0.00693294 0.0111486 0.0165737 0.0231064 0.0305309 0.0384275 0.0461227 0.0528202 0.0578734 0.0609889 0.0622241 0.0618491 0.0602151 0.0576864 0.0546091 0.0512858 0.0479564 0.0447763 0.0417823 0.0388547 0.0357147 0.0320131 0.027512 0.0222744 0.016721
 0.00719469 0.0115721 0.0172073 0.0239939 0.0317035 0.0398915 0.0478461 0.054728 0.059858 0.0629302 0.0640093 0.0633829 0.0614212 0.0585048 0.0549907 0.0511889 0.0473448 0.0436238 0.0400869 0.0366609 0.0331382 0.029248 0.0248062 0.019872 0.0147962
 0.00755439 0.0121393 0.0180283 0.025101 0.0331103 0.0415857 0.04978 0.0568131 0.0619722 0.0649369 0.065779 0.0648098 0.0624322 0.0590588 0.0550711 0.0507919 0.0464689 0.0422674 0.0382591 0.0344044 0.0305553 0.0265128 0.0221459 0.0175147 0.0129075
 0.00779737 0.0125371 0.018632 0.0259588 0.0342575 0.0430287 0.051481 0.0586866 0.0638985 0.0667865 0.0674335 0.0661727 0.0634305 0.0596424 0.0552117 0.0504789 0.0457038 0.0410593 0.036628 0.0323962 0.0282626 0.0240874 0.0197852 0.0154191 0.0112244
 0.00801285 0.0128915 0.0191733 0.0267352 0.0353084 0.0443708 0.0530916 0.060495 0.0657919 0.0686284 0.0690867 0.067519 0.064384 0.0601541 0.055265 0.0500805 0.0448731 0.0398228 0.0350209 0.0304733 0.0261147 0.0218507 0.0176314 0.0135198 0.00970486
 0.00825125 0.0132751 0.0197433 0.0275282 0.0363506 0.0456682 0.0546184 0.0621873 0.0675516 0.0703371 0.0706222 0.0687695 0.0652602 0.0605977 0.0552524 0.0496188 0.0439916 0.0385636 0.0334356 0.0286283 0.0241019 0.0197948 0.0156807 0.0118182 0.0083536
 0.00838795 0.0135098 0.0201198 0.0280947 0.0371496 0.0467197 0.0559042 0.0636452 0.0690867 0.0718401 0.0719873 0.0699048 0.0660909 0.061069 0.0553315 0.0492967 0.0432818 0.0374998 0.0320689 0.0270279 0.0223594 0.0180252 0.0140134 0.0103732 0.00721228
 0.00840114 0.013541 0.0201863 0.0282229 0.0373737 0.0470779 0.05643 0.0643581 0.0699804 0.0728757 0.0730935 0.070988 0.0670522 0.0618195 0.0558026 0.0494439 0.0430857 0.0369658 0.0312277 0.0259362 0.0210998 0.016703 0.012744 0.00926163 0.00632931
 0.00842205 0.0135649 0.0202046 0.0282242 0.0373511 0.0470383 0.0564021 0.0643905 0.0701305 0.0731913 0.0735946 0.071656 0.0678289 0.0626173 0.0565211 0.049989 0.0433845 0.036976 0.0309421 0.0253837 0.0203434 0.0158326 0.0118627 0.00846473 0.00568375
 0.00848674 0.0136505 0.0202969 0.028297 0.0373724 0.0469818 0.0562588 0.0641762 0.0698874 0.0729825 0.0734922 0.0717221 0.0680952 0.0630703 0.057101 0.0506016 0.0439244 0.0373501 0.031089 0.0252848 0.020025 0.0153588 0.0113193 0.00793768 0.00523826
 0.00872239 0.0140037 0.0207713 0.0288726 0.0380067 0.0476145 0.0568179 0.0645882 0.070093 0.0729566 0.0732567 0.0713445 0.0676696 0.0626894 0.0568281 0.0504536 0.0438696 0.0373237 0.031018 0.025114 0.0197352 0.0149707 0.0108838 0.00751579 0.00488054
 0.00882816 0.0141795 0.0210417 0.0292594 0.0385195 0.0482385 0.0575042 0.0652557 0.0706458 0.0733103 0.0733628 0.0712018 0.0673232 0.0622178 0.056322 0.0499912 0.0434958 0.0370407 0.0307924 0.0248977 0.0194893 0.0146828 0.0105702 0.00721082 0.00461856
 0.00891642 0.0143106 0.0212173 0.0294753 0.038771 0.0485254 0.0578314 0.0656261 0.0710477 0.0737088 0.0737012 0.0714174 0.0673701 0.0620853 0.0560398 0.0496189 0.0431007 0.036675 0.030479 0.0246304 0.0192466 0.0144463 0.0103364 0.00699144 0.00443114
 0.00887723 0.0142564 0.021153 0.0294111 0.038719 0.0484954 0.0578292 0.0656555 0.0711155 0.0738251 0.0738735 0.0716392 0.0676137 0.0623065 0.0561946 0.0496822 0.0430756 0.036587 0.0303597 0.0245026 0.0191187 0.0143175 0.0102064 0.00686565 0.00431972
 0.00894487 0.0143637 0.0213092 0.0296229 0.0389882 0.0488166 0.0581865 0.0660214 0.071454 0.0740997 0.0740571 0.0717208 0.0675984 0.0622085 0.0560282 0.0494576 0.0428021 0.0362786 0.0300376 0.0241904 0.0188353 0.0140732 0.0100039 0.00670416 0.00419724
 0.00885214 0.0142255 0.0211253 0.0294026 0.0387501 0.0485859 0.0579927 0.0658945 0.0714189 0.074169 0.0742258 0.0719666 0.0678874 0.0625041 0.0562988 0.0496797 0.0429615 0.03637 0.0300648 0.0241655 0.0187754 0.0139956 0.00992288 0.00662978 0.00413554
 0.00882777 0.0141713 0.0210176 0.0292131 0.0384559 0.0481846 0.0575138 0.065399 0.070984 0.073866 0.0741003 0.0720304 0.0681207 0.0628637 0.0567294 0.0501257 0.0433758 0.03672 0.0303338 0.0243514 0.0188874 0.0140499 0.00993786 0.00662222 0.00411853
 0.00882234 0.0141584 0.0209897 0.0291579 0.0383561 0.04802 0.0572663 0.0650622 0.0705738 0.073426 0.0736976 0.0717378 0.0679938 0.0629237 0.0569589 0.0504772 0.0437879 0.0371333 0.0307022 0.0246477 0.019103 0.0141909 0.0100191 0.00666165 0.00413275
 0.00874533 0.0140434 0.0208355 0.0289694 0.0381423 0.0477896 0.0570251 0.064812 0.0703148 0.0731611 0.0734384 0.0715098 0.0678347 0.0628744 0.0570475 0.0507064 0.0441308 0.0375411 0.0311192 0.0250256 0.0194111 0.014418 0.0101705 0.00675251 0.00418125
 0.00868634 0.0139487 0.0206957 0.0287782 0.037899 0.047503 0.0567153 0.0645077 0.0700451 0.0729462 0.0732841 0.0714113 0.0677863 0.0628782 0.0571159 0.0508544 0.0443648 0.0378491 0.0314704 0.025379 0.0197282 0.0146732 0.0103553 0.00687287 0.00425166
 0.00868809 0.013946 0.0206813 0.0287413 0.0378275 0.0473872 0.0565523 0.064304 0.0698168 0.0727159 0.073076 0.0712448 0.0676722 0.0628193 0.0571115 0.0509056 0.0444746 0.0380177 0.0316884 0.0256249 0.0199729 0.0148893 0.010525 0.00699174 0.00432587
 0.00865844 0.0138915 0.0205877 0.028592 0.0376077 0.0470909 0.0561885 0.0638986 0.0694082 0.0723467 0.0727849 0.0710602 0.0676085 0.0628754 0.0572731 0.0511502 0.0447779 0.0383579 0.0320457 0.0259795 0.0203033 0.0151748 0.0107515 0.0071549 0.00443203
 0.0086345 0.0138576 0.020545 0.0285429 0.0375526 0.0470241 0.0560972 0.0637667 0.0692245 0.0721138 0.0725229 0.0708028 0.067394 0.0627358 0.0572271 0.0512008 0.0449144 0.0385607 0.0322916 0.0262442 0.0205633 0.0154092 0.0109447 0.00729968 0.00452994
 0.00865508 0.0138842 0.020573 0.028564 0.0375584 0.0470097 0.0560628 0.0637158 0.0691589 0.0720295 0.0724122 0.0706609 0.0672271 0.062564 0.0570791 0.0511043 0.0448876 0.0386074 0.0324017 0.0263984 0.0207379 0.0155811 0.0110954 0.00741809 0.00461336
 0.00855307 0.0137217 0.0203349 0.0282398 0.0371452 0.0465176 0.0555197 0.0631683 0.0686654 0.0716476 0.0721834 0.0706013 0.0673256 0.0627901 0.0573953 0.0514779 0.0452949 0.0390319 0.0328288 0.0268112 0.0211173 0.0159092 0.0113595 0.00761415 0.00474652
 0.00843047 0.0135406 0.0200957 0.0279534 0.0368282 0.046185 0.055181 0.0628293 0.0683348 0.0713425 0.0719308 0.0704329 0.0672683 0.0628562 0.0575788 0.0517571 0.0456403 0.0394143 0.0332229 0.0271955 0.0214727 0.0162188 0.0116112 0.00780314 0.00487638
 0.00847467 0.0135901 0.0201296 0.0279407 0.0367381 0.0460025 0.0549173 0.0625193 0.0680216 0.0710595 0.0716937 0.0702445 0.0671302 0.0627764 0.0575698 0.051828 0.0457901 0.0396298 0.0334825 0.0274745 0.0217469 0.0164677 0.0118197 0.0079636 0.00498899
 0.00841869 0.0135044 0.0200094 0.0277822 0.0365361 0.045748 0.0546006 0.0621378 0.0675908 0.0706186 0.0712991 0.0699527 0.0669786 0.0627748 0.0577048 0.0520743 0.04612 0.0400161 0.0338979 0.0278906 0.0221368 0.0168085 0.0120965 0.00817115 0.00513174
 0.00831322 0.0133469 0.0197984 0.0275257 0.0362491 0.0454482 0.0543033 0.0618538 0.067325 0.070372 0.0710743 0.0697609 0.0668424 0.0627225 0.0577588 0.0522417 0.0463896 0.0403635 0.0342915 0.0282974 0.0225255 0.0171532 0.0123792 0.00838464 0.00527925
 0.00837357 0.0134204 0.0198642 0.0275506 0.0361985 0.0453018 0.0540675 0.0615607 0.0670186 0.0700898 0.0708358 0.069568 0.0666898 0.0626093 0.0576944 0.0522421 0.0464687 0.0405238 0.0345209 0.0285716 0.022814 0.0174261 0.0126136 0.00856759 0.00540879
 0.00843453 0.013525 0.02003 0.0277917 0.0365161 0.0456725 0.054438 0.0618577 0.0671736 0.070067 0.0706442 0.0692523 0.0663076 0.0622115 0.0573179 0.0519134 0.0462086 0.0403478 0.0344353 0.0285697 0.0228768 0.0175269 0.0127252 0.00866884 0.00548793
 0.00843276 0.0135301 0.0200528 0.027849 0.0366279 0.0458563 0.0547002 0.0621852 0.0675288 0.0703909 0.0708711 0.0693311 0.0662209 0.0619804 0.0569912 0.051549 0.0458583 0.0400498 0.0342127 0.0284306 0.0228149 0.0175249 0.0127597 0.00871743 0.00553421
 0.00849664 0.0136121 0.0201369 0.0279091 0.0366381 0.0458061 0.0546053 0.0620855 0.0674729 0.0704139 0.0709771 0.0694902 0.0663807 0.0620874 0.057012 0.0514811 0.0457262 0.0398923 0.0340678 0.0283248 0.0227591 0.017515 0.0127821 0.00875508 0.00557277
 0.00858825 0.0137573 0.0203467 0.028187 0.0369745 0.0461728 0.0549552 0.0623626 0.0676324 0.0704423 0.0708979 0.0693495 0.0662213 0.0619294 0.0568497 0.0512966 0.0455082 0.0396469 0.0338174 0.0280979 0.0225785 0.0173906 0.0127101 0.00872267 0.00556441
 0.00864902 0.0138566 0.020497 0.0284001 0.0372584 0.0465272 0.0553651 0.0627942 0.0680354 0.0707598 0.0710824 0.0693783 0.0661044 0.0617027 0.0565578 0.0509757 0.0451787 0.0393186 0.0334995 0.027805 0.0223278 0.0171953 0.0125737 0.00863839 0.00551906
 0.0086484 0.013861 0.020514 0.0284409 0.0373366 0.0466551 0.0555501 0.0630356 0.0683216 0.071067 0.0713753 0.0696157 0.0662488 0.0617325 0.056474 0.0507997 0.044942 0.0390522 0.0332282 0.0275477 0.0221 0.0170091 0.012435 0.00854559 0.00546391
 0.00853764 0.0137111 0.0203442 0.0282882 0.0372459 0.0466637 0.0556743 0.0632674 0.0686346 0.0714259 0.071743 0.0699562 0.0665284 0.0619223 0.0565552 0.0507684 0.0448116 0.0388493 0.0329855 0.0272967 0.0218664 0.0168106 0.0122811 0.00843725 0.00539522
 0.00837039 0.0134586 0.0200022 0.0278699 0.0367837 0.0462084 0.0552908 0.0630236 0.0685838 0.0715872 0.072093 0.0704364 0.0670645 0.0624436 0.0570066 0.0511149 0.0450385 0.0389612 0.033002 0.0272466 0.0217806 0.0167157 0.0121958 0.00837139 0.00535066
 0.00815711 0.0131205 0.0195107 0.027208 0.0359539 0.0452428 0.0542603 0.0620371 0.0677703 0.0710656 0.0719408 0.0706708 0.0676405 0.0632675 0.0579611 0.0520853 0.045933 0.039721 0.0336022 0.0276899 0.0220879 0.0169166 0.0123203 0.00844479 0.00539211
 0.00816841 0.0131133 0.0194522 0.0270513 0.0356487 0.0447544 0.0535876 0.0612217 0.0668925 0.070231 0.071262 0.0702464 0.0675337 0.0634907 0.0584713 0.0527956 0.0467353 0.0405124 0.0343048 0.0282605 0.0225157 0.0172146 0.0125139 0.00856267 0.00545941
 0.00826786 0.013253 0.0196203 0.0272182 0.0357696 0.0447755 0.0534566 0.0608997 0.0663686 0.0695358 0.0704712 0.06947 0.0668922 0.0630853 0.0583588 0.0529756 0.0471534 0.0410777 0.0349165 0.0288324 0.0229925 0.0175746 0.0127624 0.00872032 0.00555164
 0.00831332 0.0133377 0.0197659 0.0274475 0.0360949 0.0451839 0.0538984 0.0612907 0.0666105 0.0695462 0.0702119 0.0689618 0.0662127 0.0623509 0.0576959 0.052488 0.0468967 0.0410494 0.0350653 0.0290812 0.0232653 0.0178165 0.0129465 0.00884371 0.00562544
 0.00805162 0.0129438 0.0192338 0.0267968 0.035371 0.044453 0.0532399 0.0607835 0.0663113 0.0694682 0.0703175 0.0691778 0.0664622 0.0625857 0.0579122 0.0527197 0.047192 0.0414414 0.0355525 0.0296257 0.0238077 0.0182989 0.0133311 0.00911926 0.0058034
 0.00791085 0.0127073 0.018865 0.0262614 0.0346497 0.0435597 0.0522367 0.0597793 0.0654392 0.0688481 0.0700217 0.0692135 0.0667761 0.0630876 0.0585082 0.0533418 0.0478107 0.0420579 0.0361759 0.0302516 0.0244103 0.0188394 0.0137746 0.00944911 0.00602462
 0.0078404 0.0125875 0.0186742 0.0259734 0.0342367 0.0429991 0.0515215 0.0589307 0.064515 0.0679424 0.0692509 0.0686892 0.0665729 0.0632201 0.0589302 0.0539676 0.0485473 0.0428315 0.0369402 0.0309796 0.0250801 0.0194267 0.0142563 0.00981253 0.00627387
 0.00787677 0.012643 0.0187498 0.0260647 0.0343308 0.0430717 0.051536 0.0588424 0.0642822 0.0675442 0.0687034 0.0680525 0.0659423 0.0627016 0.0586084 0.0538806 0.0486816 0.0431358 0.0373502 0.0314361 0.0255367 0.0198476 0.0146151 0.0100932 0.00647323
 0.00786782 0.0126363 0.0187539 0.026092 0.0343932 0.0431742 0.0516701 0.0589827 0.0643894 0.0675716 0.0686092 0.0678146 0.0655716 0.0622478 0.0581512 0.0535074 0.0484595 0.0430923 0.0374701 0.0316751 0.025839 0.0201615 0.0149005 0.0103255 0.0066433
 0.00765302 0.0123399 0.0184059 0.0257535 0.0341404 0.0430711 0.0517456 0.0592229 0.064745 0.0679732 0.0689813 0.0680883 0.0656973 0.062207 0.0579647 0.0532327 0.0481751 0.0428733 0.0373651 0.0316944 0.0259594 0.0203405 0.0150938 0.0104988 0.00677789
 0.00724978 0.011732 0.0175827 0.0247446 0.0330166 0.0419398 0.0507406 0.0584845 0.0643857 0.0680402 0.0694374 0.0688234 0.0665659 0.0630706 0.0587237 0.0538413 0.0486396 0.0432366 0.0376819 0.0320074 0.0262839 0.0206656 0.0153935 0.0107484 0.00696427
#obs surv len freq
 nan nan nan nan nan nan nan nan nan nan nan nan nan nan nan nan nan nan nan nan nan nan nan nan nan
 0.00448413 0.00734536 0.0111754 0.0159921 0.0216935 0.0279699 0.0342848 0.0400165 0.0446961 0.0481596 0.0505168 0.0520118 0.0529032 0.0534148 0.0537284 0.0539828 0.0542611 0.0545536 0.0546922 0.054284 0.0527221 0.0493543 0.0438043 0.0362846 0.0276686
 0.00461649 0.00756152 0.0115022 0.0164542 0.0223074 0.0287348 0.0351733 0.0409721 0.0456407 0.0490084 0.0511947 0.0524642 0.0531016 0.0533575 0.0534365 0.0534926 0.0536151 0.0537942 0.053858 0.0534117 0.0518501 0.0485253 0.0430625 0.0356676 0.027197
 0.00477721 0.0078263 0.0119072 0.0170349 0.0230916 0.0297307 0.0363573 0.042284 0.0469902 0.0502911 0.0523075 0.0533186 0.0536318 0.0535263 0.0532377 0.0529491 0.0527724 0.0527116 0.0526016 0.0520517 0.0504618 0.0471894 0.0418592 0.034663 0.0264278
 0.0049736 0.00814593 0.0123891 0.0177163 0.0240014 0.0308789 0.0377238 0.0438123 0.048593 0.0518627 0.0537389 0.0545066 0.0544874 0.0539807 0.0532487 0.0525056 0.0518956 0.0514526 0.0510371 0.0502796 0.048598 0.0453617 0.040194 0.0332638 0.0253526
 0.00517892 0.00848373 0.0129049 0.018455 0.0249984 0.0321467 0.0392377 0.0455063 0.0503698 0.053612 0.0553533 0.0558892 0.0555517 0.0546512 0.0534637 0.0522231 0.0511013 0.0501673 0.0493223 0.0482395 0.0463765 0.0431306 0.0381288 0.0315108 0.0239971
 0.00541272 0.00886394 0.0134776 0.0192637 0.026077 0.0335069 0.0408562 0.0473185 0.0522768 0.0554984 0.0571042 0.0574015 0.0567382 0.0554394 0.0537931 0.0520445 0.0503816 0.0488998 0.0475419 0.0460367 0.0439027 0.0405866 0.035733 0.0294525 0.0223925
 0.0056452 0.00924826 0.0140677 0.0201134 0.0272289 0.0349753 0.0426098 0.0492765 0.0543221 0.0575019 0.0589459 0.0589807 0.0579738 0.0562659 0.0541562 0.0518984 0.0496892 0.0476416 0.0457328 0.0437481 0.0412781 0.0378369 0.0331034 0.027166 0.020594
 0.00587354 0.00962273 0.0146377 0.0209283 0.0283294 0.0363801 0.0443001 0.0511882 0.056352 0.0595251 0.0608355 0.0606221 0.059273 0.0571514 0.0545752 0.0518099 0.0490602 0.0464501 0.0439839 0.0414979 0.0386559 0.0350485 0.0304012 0.0247899 0.018708
 0.00613802 0.010051 0.0152791 0.0218276 0.0295187 0.0378662 0.0460508 0.0531281 0.058373 0.0615064 0.0626617 0.0621926 0.0605044 0.0579768 0.054943 0.0516809 0.0484047 0.0452494 0.0422418 0.0392628 0.0360455 0.032258 0.0276787 0.0223791 0.0167819
 0.00638423 0.0104586 0.0159056 0.02273 0.0307408 0.0394185 0.0478926 0.0551631 0.0604666 0.0635152 0.0644599 0.0636843 0.0616225 0.0586762 0.0551923 0.0514558 0.0476845 0.0440203 0.0405079 0.0370678 0.0334967 0.0295363 0.0250185 0.0200158 0.0148861
 0.00660217 0.010816 0.0164499 0.0235084 0.0317926 0.0407619 0.0495096 0.0569903 0.0624007 0.065429 0.0662224 0.0651785 0.0627577 0.0593925 0.0554571 0.0512545 0.0470108 0.0428726 0.0388971 0.0350364 0.0311416 0.0270207 0.0225556 0.0178216 0.0131203
 0.00683571 0.0111979 0.0170283 0.024329 0.0328889 0.0421406 0.0511362 0.058786 0.0642542 0.067219 0.0678361 0.0665215 0.0637557 0.0599915 0.0556233 0.0509729 0.0462805 0.0417031 0.037311 0.0330822 0.028912 0.0246638 0.0202622 0.0157851 0.0114832
 0.00707346 0.0115874 0.0176199 0.0251703 0.0340144 0.0435555 0.0528002 0.060609 0.06611 0.0689716 0.0693644 0.0677332 0.0645906 0.0604172 0.055628 0.0505581 0.0454561 0.0404866 0.0357317 0.0311924 0.0268013 0.0224671 0.0181481 0.0139214 0.00999204
 0.00727817 0.0119265 0.0181418 0.0259233 0.0350366 0.0448581 0.054351 0.0623268 0.067876 0.070652 0.0708343 0.0688924 0.0653709 0.0607832 0.055573 0.0500954 0.0446107 0.0392892 0.0342213 0.0294249 0.0248624 0.0204776 0.0162542 0.0122655 0.00867483
 0.00745603 0.0122186 0.0185868 0.0265596 0.035895 0.04595 0.0556562 0.0637872 0.0694012 0.0721345 0.0721654 0.0699756 0.0661308 0.0611714 0.0555692 0.0497046 0.0438563 0.0382077 0.0328593 0.0278437 0.0231452 0.0187333 0.0146089 0.0108377 0.00754582
 0.00753809 0.0123539 0.0187946 0.0268609 0.0363104 0.0464964 0.0563406 0.0646024 0.0703234 0.0731232 0.0731646 0.0709171 0.0669396 0.0617745 0.0559057 0.0497334 0.043561 0.0375963 0.0319633 0.0267173 0.0218659 0.0174007 0.0133339 0.00972254 0.00666022
 0.00760139 0.0124517 0.018933 0.0270431 0.0365386 0.0467733 0.0566702 0.0649894 0.0707718 0.0736335 0.07373 0.0715182 0.0675413 0.0623258 0.0563446 0.0499973 0.0435983 0.0373765 0.0314842 0.0260082 0.0209873 0.016438 0.0123848 0.00887758 0.00598206
 0.0076813 0.0125746 0.0191046 0.0272636 0.0368021 0.0470681 0.0569801 0.0652964 0.0710615 0.0739008 0.0739812 0.0717665 0.0677975 0.0625878 0.0565915 0.0501898 0.0436862 0.0373121 0.0312363 0.025574 0.0203976 0.0157543 0.0116863 0.0082415 0.00546428
 0.00773691 0.0126588 0.0192194 0.0274067 0.0369674 0.0472469 0.0571623 0.0654716 0.0712206 0.0740391 0.0741004 0.0718753 0.0679086 0.062712 0.0567307 0.0503307 0.043799 0.0373559 0.0311712 0.0253756 0.020069 0.0153293 0.0112212 0.00779857 0.00509279
 0.00779721 0.0127514 0.0193485 0.0275717 0.0371625 0.0474609 0.057379 0.0656713 0.0713846 0.0741547 0.074165 0.0718964 0.0679007 0.0626926 0.0567146 0.0503248 0.0437979 0.0373403 0.0311128 0.0252479 0.0198601 0.01505 0.010904 0.00748665 0.00482453
 0.00782277 0.0127917 0.0194067 0.0276498 0.0372605 0.047576 0.0575049 0.0657985 0.0715017 0.0742513 0.0742343 0.0719365 0.067915 0.0626887 0.0567021 0.0503121 0.0437879 0.0373276 0.031083 0.0251827 0.0197458 0.0148863 0.010707 0.00728369 0.00464342
 0.0078635 0.0128522 0.0194871 0.0277465 0.0373674 0.0476864 0.0576129 0.0658987 0.0715895 0.0743222 0.0742842 0.0719626 0.0679167 0.0626682 0.0566646 0.0502647 0.0437369 0.0372757 0.0310268 0.0251138 0.0196549 0.0147701 0.0105719 0.00714461 0.00451791
 0.00787569 0.0128694 0.019508 0.0277682 0.0373857 0.0476973 0.0576139 0.0658903 0.0715753 0.0743086 0.0742789 0.0719715 0.0679414 0.0627055 0.0567081 0.0503074 0.0437737 0.0373028 0.031041 0.0251106 0.01963 0.0147218 0.0105042 0.00706735 0.00444334
 0.00790219 0.0129068 0.0195537 0.027816 0.0374272 0.0477249 0.0576222 0.0658779 0.0715446 0.0742652 0.0742309 0.0719283 0.0679114 0.0626942 0.0567162 0.050331 0.0438057 0.0373353 0.0310668 0.0251239 0.0196268 0.0147008 0.010468 0.00702222 0.00439756
 0.0079048 0.0129118 0.0195625 0.0278296 0.0374454 0.0477446 0.0576375 0.0658814 0.0715301 0.0742316 0.074183 0.0718758 0.0678658 0.0626649 0.0567086 0.0503453 0.0438375 0.0373772 0.0311098 0.0251597 0.0196493 0.0147073 0.0104595 0.0070031 0.00437404
 0.007884 0.012875 0.0195021 0.0277378 0.0373175 0.0475832 0.0574557 0.0657006 0.071375 0.0741213 0.0741268 0.0718733 0.0679104 0.0627479 0.0568215 0.0504799 0.0439849 0.0375273 0.0312524 0.0252849 0.0197498 0.0147794 0.010504 0.00702495 0.00438032
 0.00788416 0.0128694 0.0194826 0.0276931 0.0372353 0.0474554 0.0572823 0.0654928 0.0711541 0.0739148 0.0739625 0.0717725 0.0678835 0.062793 0.0569267 0.0506284 0.0441592 0.0377111 0.0314313 0.0254469 0.0198858 0.0148841 0.010577 0.00706999 0.00440421
 0.0078929 0.0128823 0.0194993 0.0277111 0.0372496 0.0474572 0.0572603 0.0654355 0.0710543 0.073775 0.0737969 0.071605 0.0677414 0.0626992 0.0568938 0.0506566 0.0442384 0.0378252 0.0315624 0.0255785 0.0200045 0.0149813 0.010649 0.00711781 0.00443228
 0.00787461 0.0128547 0.0194618 0.0276646 0.0371962 0.0473998 0.0572015 0.0653769 0.0709952 0.073713 0.0737292 0.0715316 0.0676684 0.0626383 0.0568599 0.0506618 0.0442874 0.0379136 0.0316779 0.0257051 0.0201266 0.0150868 0.0107311 0.0071754 0.0044685
 0.00786247 0.0128304 0.0194172 0.0275902 0.0370847 0.0472508 0.0570253 0.0651937 0.0708296 0.0735854 0.0736502 0.0715007 0.0676771 0.0626766 0.0569205 0.0507425 0.0443889 0.0380357 0.0318165 0.0258509 0.0202673 0.0152106 0.0108301 0.00724714 0.00451538
 0.0078492 0.0128088 0.0193843 0.0275426 0.0370182 0.0471611 0.0569093 0.0650522 0.0706704 0.0734238 0.073507 0.0713962 0.0676247 0.0626791 0.0569712 0.0508299 0.0445018 0.0381656 0.0319564 0.0259937 0.0204043 0.0153327 0.0109301 0.00732158 0.0045655
 0.00780587 0.0127386 0.0192795 0.0273969 0.0368293 0.0469331 0.0566551 0.0647928 0.0704302 0.0732249 0.0733653 0.0713212 0.0676205 0.062745 0.057101 0.0510113 0.0447183 0.0383993 0.0321913 0.0262165 0.0206046 0.0155026 0.0110648 0.00742036 0.00463182
 0.00777443 0.0126857 0.0191964 0.0272747 0.036661 0.0467171 0.0563989 0.0645137 0.0701534 0.0729782 0.0731734 0.0712017 0.067582 0.0627877 0.0572179 0.0511903 0.0449434 0.0386519 0.032452 0.0264676 0.0208312 0.0156943 0.0112161 0.007531 0.00470615
 0.00773952 0.012629 0.0191112 0.0271548 0.0365015 0.0465169 0.0561623 0.0642523 0.0698852 0.0727254 0.0729595 0.0710478 0.0675041 0.0627936 0.0573068 0.0513529 0.0451641 0.038911 0.032728 0.0267393 0.0210801 0.0159067 0.0113845 0.00765431 0.00478906
 0.00769252 0.012552 0.0189946 0.0269897 0.0362827 0.046246 0.0558511 0.0639229 0.0695657 0.0724445 0.0727401 0.070906 0.0674488 0.0628279 0.0574277 0.0515515 0.0454255 0.0392153 0.033052 0.0270592 0.0213742 0.0161583 0.0115841 0.00780052 0.00488726
 0.00770818 0.0125704 0.0190088 0.0269883 0.0362519 0.0461733 0.0557295 0.0637532 0.0693571 0.0722127 0.0725062 0.0706929 0.0672778 0.0627163 0.0573866 0.051585 0.04553 0.03938 0.0332596 0.027288 0.0216015 0.016364 0.0117542 0.00792897 0.00497555
 0.00766152 0.0125061 0.0189331 0.026913 0.0361893 0.0461293 0.0556987 0.0637202 0.0693035 0.0721264 0.0723871 0.0705527 0.0671369 0.0625969 0.0573086 0.0515621 0.0455686 0.0394778 0.0334064 0.0274667 0.0217915 0.0165447 0.0119093 0.00804941 0.00506013
 0.00764076 0.01247 0.0188753 0.026828 0.0360764 0.0459965 0.0555641 0.0636072 0.069231 0.0720986 0.0723908 0.0705655 0.0671388 0.0625811 0.0572824 0.0515424 0.0455735 0.0395202 0.0334898 0.0275848 0.0219302 0.0166864 0.0120376 0.00815325 0.00513538
 0.00762821 0.0124484 0.0188403 0.0267746 0.0359995 0.0458927 0.0554346 0.06346 0.0690819 0.0719686 0.0722996 0.0705238 0.0671442 0.0626194 0.0573363 0.0516004 0.0456339 0.0395892 0.0335749 0.0276889 0.0220488 0.0168087 0.0121509 0.00824715 0.00520496
 0.00759595 0.0124011 0.0187786 0.0267019 0.0359205 0.0458112 0.0553517 0.063375 0.0689937 0.0718792 0.0722161 0.0704574 0.0671068 0.0626182 0.0573707 0.0516624 0.045713 0.0396774 0.0336694 0.0277894 0.022154 0.0169137 0.0122479 0.00832852 0.00526637
 0.00757291 0.0123617 0.0187162 0.0266102 0.0357963 0.0456583 0.0551824 0.0632087 0.0688509 0.0717742 0.0721535 0.0704338 0.0671161 0.0626564 0.0574355 0.0517518 0.0458224 0.0398001 0.0337977 0.0279173 0.0222765 0.0170265 0.0123463 0.00840848 0.0053258
 0.00756631 0.0123499 0.0186959 0.0265776 0.0357466 0.0455869 0.0550871 0.0630914 0.0687195 0.0716421 0.0720369 0.0703475 0.067069 0.0626496 0.0574651 0.0518114 0.0459056 0.0399005 0.0339088 0.028032 0.0223882 0.0171292 0.0124349 0.00847965 0.00537837
 0.00757069 0.012358 0.01871 0.0265995 0.035777 0.0456231 0.0551223 0.0631149 0.0687196 0.0716106 0.0719725 0.0702576 0.0669674 0.0625529 0.0573876 0.0517618 0.0458866 0.0399098 0.0339415 0.0280816 0.0224474 0.0171907 0.0124925 0.00852837 0.00541572
 0.00754765 0.0123233 0.0186631 0.0265421 0.0357132 0.0455591 0.0550651 0.0630712 0.0686934 0.071601 0.0719739 0.0702616 0.0669674 0.0625473 0.0573804 0.0517606 0.0458987 0.0399396 0.0339887 0.0281422 0.0225152 0.0172585 0.012554 0.00857909 0.00545372
 0.00753945 0.0123094 0.018641 0.0265096 0.0356691 0.0455045 0.0550044 0.0630118 0.0686441 0.0715688 0.0719617 0.070267 0.0669841 0.0625676 0.0573986 0.0517751 0.0459126 0.0399581 0.0340163 0.0281804 0.0225616 0.0173084 0.0126016 0.00861984 0.00548497
 0.00753026 0.012296 0.0186236 0.0264892 0.0356467 0.0454804 0.0549781 0.0629824 0.0686117 0.0715359 0.0719325 0.0702468 0.0669761 0.0625717 0.0574118 0.051793 0.0459319 0.0399782 0.0340389 0.0282076 0.0225941 0.0173443 0.0126373 0.00865147 0.00550995
 0.00750318 0.0122531 0.0185614 0.0264058 0.0355429 0.045361 0.0548523 0.0628633 0.0685126 0.0714671 0.071899 0.0702482 0.0670088 0.0626303 0.0574899 0.0518834 0.0460273 0.0400723 0.0341275 0.0282887 0.0226669 0.0174081 0.0126912 0.00869429 0.00554139
 0.00748485 0.0122237 0.0185179 0.0263457 0.0354648 0.0452655 0.0547433 0.0627481 0.0684017 0.0713722 0.0718306 0.0702132 0.0670097 0.0626652 0.0575531 0.0519676 0.0461242 0.040174 0.0342272 0.0283813 0.0227492 0.0174782 0.0127481 0.00873798 0.00557262
 0.00750433 0.0122489 0.0185441 0.0263642 0.0354657 0.0452409 0.0546904 0.0626704 0.0683071 0.0712709 0.0717333 0.0701299 0.0669487 0.0626323 0.0575505 0.0519936 0.0461736 0.0402396 0.0343012 0.0284563 0.0228194 0.0175396 0.0127984 0.00877653 0.00560001
 0.00750433 0.0122489 0.0185441 0.0263642 0.0354657 0.0452409 0.0546904 0.0626704 0.0683071 0.0712709 0.0717333 0.0701299 0.0669487 0.0626323 0.0575505 0.0519936 0.0461736 0.0402396 0.0343012 0.0284563 0.0228194 0.0175396 0.0127984 0.00877653 0.00560001
 0.0073635 0.0120313 0.0182379 0.0259672 0.0349862 0.044699 0.0541199 0.0621177 0.0678264 0.0709131 0.0715354 0.070108 0.0670967 0.0629252 0.0579519 0.0524626 0.0466715 0.040733 0.0347634 0.0288681 0.0231681 0.0178194 0.01301 0.00892625 0.00569835
 0.00725855 0.0118475 0.0179383 0.0255127 0.0343488 0.0438807 0.0531675 0.0611227 0.0669039 0.070172 0.0710536 0.0699223 0.0672056 0.0632972 0.0585345 0.0531913 0.0474785 0.041555 0.0355472 0.0295732 0.0237679 0.018301 0.0133732 0.00918183 0.00586497
 0.00723699 0.0118065 0.0178643 0.025386 0.0341435 0.0435688 0.0527259 0.0605447 0.0662115 0.0694221 0.0703328 0.0693285 0.0668228 0.0631749 0.0586795 0.0535721 0.0480372 0.0422209 0.0362489 0.0302483 0.0243691 0.0187988 0.0137564 0.00945505 0.0060445
 0.00726801 0.0118575 0.0179413 0.0254921 0.0342755 0.0437109 0.0528465 0.0605978 0.0661463 0.0692001 0.0699455 0.0688084 0.0662415 0.062627 0.0582567 0.0533386 0.0480148 0.0423894 0.0365577 0.0306329 0.0247672 0.0191614 0.0140534 0.00967581 0.00619362
 0.00726146 0.0118557 0.0179548 0.0255363 0.0343659 0.0438565 0.0530424 0.0608214 0.0663586 0.0693513 0.0699855 0.0687008 0.0659778 0.0622365 0.0578042 0.0529084 0.0476859 0.0422119 0.0365413 0.0307502 0.0249679 0.0193911 0.014268 0.009849 0.00631708
 0.00728811 0.0119005 0.0180251 0.0256405 0.0345126 0.0440523 0.0532883 0.0611093 0.0666682 0.0696497 0.0702288 0.0688409 0.0659737 0.0620679 0.0574824 0.0524796 0.0472223 0.0417917 0.0362254 0.0305659 0.0249065 0.0194184 0.0143415 0.0099324 0.00638806
 0.00724512 0.0118358 0.0179379 0.0255347 0.0343971 0.0439412 0.0532004 0.0610662 0.0666901 0.0697479 0.0703994 0.0690609 0.0662028 0.0622568 0.0575878 0.0524793 0.0471251 0.0416356 0.0360638 0.0304463 0.0248543 0.0194318 0.0143987 0.0100056 0.00645531
#pred catch len freq
 0.00423937 0.00671409 0.00980646 0.013448 0.0176001 0.0222337 0.02726 0.0324944 0.0376884 0.0425884 0.0469758 0.0506886 0.0536371 0.0558102 0.0572643 0.0581061 0.0584761 0.0585174 0.0582968 0.0576786 0.0562249 0.053259 0.0481712 0.0408543 0.0319667
 0.00446874 0.00701344 0.0101241 0.0136987 0.0176984 0.0221416 0.0270178 0.0322085 0.0374785 0.0425267 0.0470578 0.0508512 0.0538085 0.055957 0.0574096 0.0583097 0.0587894 0.0589345 0.0587302 0.0579785 0.0562405 0.0529129 0.0475045 0.0400112 0.0311279
 0.0046562 0.00731877 0.0105793 0.0143195 0.018465 0.0229797 0.0277969 0.0327764 0.0377252 0.0424424 0.0467391 0.0504465 0.0534409 0.0556801 0.0572187 0.0581838 0.0587204 0.0589195 0.0587399 0.0579368 0.0560436 0.0524838 0.046845 0.0392126 0.03033
 0.00488482 0.00767391 0.0110854 0.014994 0.0193219 0.0240274 0.0290251 0.0341295 0.0390826 0.0436265 0.0475647 0.0507933 0.0533054 0.055169 0.0564896 0.0573773 0.0579227 0.0581619 0.0580116 0.057196 0.0552338 0.051564 0.0458253 0.0381665 0.0293677
 0.00515114 0.00808997 0.0116808 0.0157876 0.0203219 0.0252324 0.0304209 0.0356836 0.040737 0.0452883 0.0490991 0.0520309 0.0540764 0.0553593 0.0560871 0.056476 0.056679 0.0567317 0.0565035 0.0556605 0.0536828 0.0500071 0.0443016 0.0367532 0.0281581
 0.00544408 0.00854584 0.0123302 0.0166489 0.021403 0.0265323 0.0319262 0.037362 0.0425323 0.0471199 0.0508635 0.053603 0.0553136 0.0561162 0.0562456 0.0559832 0.0555713 0.0551254 0.0545558 0.0535236 0.0514811 0.0478428 0.0422735 0.034963 0.0266937
 0.00576106 0.00903973 0.0130347 0.017584 0.0225766 0.0279408 0.0335507 0.039163 0.0444471 0.0490654 0.0527414 0.0553041 0.0567213 0.0571094 0.0567068 0.0558156 0.0547251 0.0536219 0.052494 0.0510639 0.0488161 0.0451704 0.0397786 0.0328006 0.0249676
 0.00608044 0.00954112 0.0137572 0.018555 0.0238113 0.0294403 0.0352953 0.0411053 0.0465106 0.051151 0.0547377 0.0570973 0.058202 0.0581758 0.0572642 0.0557779 0.0540246 0.0522307 0.0504492 0.0484837 0.0458957 0.0421559 0.0369252 0.0303252 0.0230075
 0.00641139 0.0100578 0.0144966 0.0195413 0.0250579 0.0309499 0.0370549 0.0430772 0.0486259 0.0533109 0.0568215 0.0589762 0.0597532 0.0592932 0.0578612 0.0557839 0.0533829 0.0509068 0.0484525 0.0458964 0.0428895 0.0389825 0.033873 0.0276545 0.0208889
 0.00674593 0.0105783 0.0152376 0.0205231 0.0262877 0.0324239 0.0387552 0.0449651 0.0506387 0.0553633 0.0588107 0.0607889 0.0612744 0.0604156 0.0584924 0.0558491 0.0528252 0.0496904 0.0465777 0.0434249 0.0399695 0.0358509 0.03082 0.0249562 0.0187354
 0.00709989 0.0111302 0.0160253 0.0215684 0.0275969 0.0339869 0.040541 0.0469165 0.0526731 0.0573809 0.0607057 0.0624591 0.0626269 0.0613698 0.0589796 0.055811 0.0522132 0.0484705 0.0447451 0.0410286 0.0371385 0.0328019 0.0278298 0.0222977 0.0166034
 0.00750022 0.0117479 0.0168943 0.022702 0.0289908 0.0356235 0.0423872 0.0489162 0.0547427 0.0594123 0.0625783 0.0640554 0.0638479 0.0621435 0.059261 0.0555735 0.051439 0.0471479 0.0428791 0.0386648 0.0343901 0.0298629 0.0249534 0.0197385 0.0145474
 0.00783082 0.0122672 0.0176427 0.0237062 0.0302618 0.0371529 0.0441398 0.0508259 0.0567158 0.0613391 0.0643458 0.0655571 0.0649913 0.0628566 0.059496 0.0553061 0.0506623 0.0458672 0.0411145 0.0364669 0.0318632 0.0271779 0.0223325 0.0174075 0.012673
 0.00814142 0.0127554 0.0183473 0.0246549 0.0314701 0.0386206 0.0458429 0.0527071 0.058682 0.0632692 0.0661065 0.0670223 0.0660596 0.063461 0.0596046 0.0549146 0.0497843 0.0445275 0.0393505 0.0343399 0.0294756 0.0246837 0.0199258 0.0152823 0.010971
 0.00844779 0.0132328 0.0190282 0.0255587 0.032604 0.0399798 0.0474057 0.0544274 0.0604849 0.0650533 0.067753 0.068409 0.0670774 0.0640294 0.0596809 0.0544929 0.0488875 0.043197 0.0376415 0.0323261 0.0272609 0.0224093 0.0177599 0.0133882 0.00946434
 0.00860206 0.0134874 0.019419 0.026123 0.0333754 0.0409782 0.0486261 0.0558331 0.0620085 0.0666052 0.0692313 0.0697088 0.0680998 0.0646916 0.0599246 0.0542899 0.0482404 0.0421359 0.0362203 0.0306219 0.0253775 0.0204779 0.0159281 0.0117934 0.00820064
 0.00860892 0.013508 0.0194692 0.0262284 0.033571 0.0413056 0.0491267 0.0565366 0.0629204 0.0676952 0.0704307 0.0709189 0.0692095 0.0655946 0.0605333 0.0545428 0.0481056 0.0416124 0.0353388 0.0294449 0.0239986 0.0190169 0.0145172 0.0105531 0.00721281
 0.00860082 0.0134899 0.0194338 0.026169 0.0334873 0.0412119 0.0490578 0.0565468 0.0630723 0.0680416 0.0709953 0.071683 0.0701092 0.0665308 0.0613901 0.0552094 0.0484946 0.0416717 0.0350571 0.0288533 0.023168 0.01805 0.0135317 0.00965844 0.00648621
