SBPRF35
12.7214
Curr Bio
863327
B35
887178
F35
0.173721
FOFL
0.17028
OFL
120606
Bzero
3.63469e+006
#pred survey bio
 3.36976e+006 3.25783e+006 3.1588e+006 3.00973e+006 2.82058e+006 2.59714e+006 2.3856e+006 2.16921e+006 1.942e+006 1.73904e+006 1.52274e+006 1.37806e+006 1.23313e+006 1.09876e+006 974658 859848 774781 686844 642197 616189 589275 563200 548979 529856 521532 512644 515298 517411 518570 525378 524662 520238 527905 538824 546561 552056 572755 584508 598594 613382 640196 649267 650038 653737 657661 667022 668005 671982 675154 680418 677858 708783 742610 770763 796510 822033 851411 867539 3.06129e+007 1.85259e+007 1.89307e+007 1.97924e+007 2.09405e+007 2.21789e+007 2.33671e+007 2.44253e+007 2.53211e+007 2.6053e+007 2.66366e+007 2.7094e+007 2.74484e+007 2.7721e+007 2.79299e+007 2.80899e+007 2.82123e+007 2.83063e+007 2.83787e+007 2.84347e+007 2.84781e+007 2.8512e+007 2.85385e+007 2.85594e+007 2.85759e+007 2.8589e+007 2.85994e+007 2.86077e+007 2.86144e+007 2.86197e+007 2.8624e+007 2.86275e+007 2.86303e+007 2.86326e+007 2.86344e+007 2.86359e+007 2.86371e+007 2.86381e+007 2.8639e+007 2.86396e+007 2.86402e+007 2.86406e+007 2.8641e+007 2.86413e+007 2.86415e+007 2.86417e+007 2.86419e+007 2.8642e+007 2.86421e+007 2.86422e+007 2.86423e+007 2.86423e+007 2.86424e+007 2.86424e+007 2.86424e+007 2.86425e+007 2.86425e+007 2.86425e+007 2.86425e+007 2.86425e+007 2.86425e+007 2.86425e+007 2.86425e+007 2.86426e+007 2.86426e+007 2.86426e+007 2.86426e+007 2.86426e+007 2.86426e+007 2.86426e+007 2.86426e+007 2.86426e+007 2.86426e+007 2.86426e+007 2.86426e+007 2.86426e+007 2.86426e+007 2.86426e+007 2.86426e+007 2.86426e+007 2.86426e+007 2.86426e+007 2.86426e+007 2.86426e+007 2.86426e+007 2.86426e+007 2.86426e+007 2.86426e+007 2.86426e+007 2.86426e+007 2.86426e+007 2.86426e+007 2.86426e+007 2.86426e+007 2.86426e+007 2.86426e+007 2.86426e+007 2.86426e+007 2.86426e+007 2.86426e+007 0 0 0 0 0 0 0 0 0 0 0 0 0 0 0 0 0 0 0 0 0 0 0 0 0
#obs survey bio
 3.25548e+006 3.3958e+006 3.95582e+006 2.70461e+006 2.54958e+006 2.91653e+006 2.0938e+006 1.7923e+006 1.30958e+006 1.61791e+006 1.49362e+006 1.29491e+006 1.31467e+006 946584 829959 827062 620196 683209 673264 876814 531963 502519 321186 515440 555400 387165 466852 912636 659767 639129 439858 583323 442421 483394 362851 528460 739638 596316 687662 464471 610222 621141 569938 649021 846144 498075 645426 723305 732949 565691 788850 849012 773294 711000 565813 828191 798088 736792
#pred catch bio
 92636.4 89881.5 148285 199296 247209 253953 276030 302437 294761 317198 260927 266749 259646 250275 239449 209516 205847 162440 142330 139191 134934 122944 125670 114892 114016 103649 103737 103353 97566.7 103088 105099 94534.5 92617.9 96185.1 98458.5 86555.1 95361.3 94298.3 95188 87207.4 104005 111264 108754 108766 104960 113010 110681 111217 109238 115799 88283.8 87906.1 94236 97918 100226 99270.6 112539 121014 120606 123611 125226 129786 136718 144379 151692 158101 163405 167619 170865 173307 175112 176428 177376 178053 178533 178872 179109 179276 179392 179472 179528 179567 179594 179612 179625 179634 179640 179644 179647 179649 179650 179651 179652 179652 179653 179653 179653 179653 179653 179653 179653 179653 179653 179653 179653 179653 179653 179653 179653 179653 179653 179653 179653 179653 179653 179653 179653 179653 179653 179653 179653 179653 179653 179653 179653 179653 179653 179653 179653 179653 179653 179653 179653 179653 179653 179653 179653 179653 179653 179653 179653 179653 179653 179653 179653 179653 179653 179653 179653 179653 179653 179653 179653 179653 179653 179653 179653 179653 0 0 0 0 0 0 0 0 0 0 0 0 0 0 0 0 0 0 0 0 0 0 0 0 0
#obs catch bio
 0 89481.3 148422 199476 247736 254362 276649 304736 297580 322630 263063 269897 262132 252373 242811 211842 209318 163836 143218 139204 134836 123088 127402 115821 115000 104556 104987 103603 97501.4 102749 105402 94590.7 92664.5 96365 99104.2 86543.7 95690.9 94157.9 95183.3 87143.3 104018 111030 108790 108634 104476 113404 110832 111213 108771 115776 87997.8 87776.3 94125.2 97931.2 100440 99289.3 112582 121069
#pred cpue bio
 3.327e+006 3.21595e+006 3.11661e+006 2.96708e+006 2.77815e+006 2.55497e+006 2.34354e+006 2.12735e+006 1.90066e+006 1.69839e+006 1.48355e+006 1.33964e+006 1.19581e+006 1.06275e+006 940077 826939 743471 657768 614616 589762 563877 538433 524325 505615 497687 489209 491872 494234 495804 502775 502221 497952 505485 516154 523725 529176 549509 561114 574860 589181 615335 624250 624996 628623 632482 641503 642340 646322 649652 654919 652341 682712 716244 744041 769108 793876 822588 838347 2.95874e+007 1.79078e+007 1.82095e+007 1.89574e+007 2.00698e+007 2.13007e+007 2.24877e+007 2.35457e+007 2.44414e+007 2.51734e+007 2.57569e+007 2.62143e+007 2.65687e+007 2.68413e+007 2.70503e+007 2.72102e+007 2.73327e+007 2.74267e+007 2.74991e+007 2.7555e+007 2.75984e+007 2.76323e+007 2.76589e+007 2.76797e+007 2.76962e+007 2.77093e+007 2.77197e+007 2.7728e+007 2.77347e+007 2.774e+007 2.77443e+007 2.77478e+007 2.77506e+007 2.77529e+007 2.77547e+007 2.77562e+007 2.77575e+007 2.77585e+007 2.77593e+007 2.77599e+007 2.77605e+007 2.77609e+007 2.77613e+007 2.77616e+007 2.77618e+007 2.7762e+007 2.77622e+007 2.77623e+007 2.77624e+007 2.77625e+007 2.77626e+007 2.77626e+007 2.77627e+007 2.77627e+007 2.77628e+007 2.77628e+007 2.77628e+007 2.77628e+007 2.77628e+007 2.77629e+007 2.77629e+007 2.77629e+007 2.77629e+007 2.77629e+007 2.77629e+007 2.77629e+007 2.77629e+007 2.77629e+007 2.77629e+007 2.77629e+007 2.77629e+007 2.77629e+007 2.77629e+007 2.77629e+007 2.77629e+007 2.77629e+007 2.77629e+007 2.77629e+007 2.77629e+007 2.77629e+007 2.77629e+007 2.77629e+007 2.77629e+007 2.77629e+007 2.77629e+007 2.77629e+007 2.77629e+007 2.77629e+007 2.77629e+007 2.77629e+007 2.77629e+007 2.77629e+007 2.77629e+007 2.77629e+007 2.77629e+007 2.77629e+007 2.77629e+007 2.77629e+007 2.77629e+007 2.77629e+007 0 0 0 0 0 0 0 0 0 0 0 0 0 0 0 0 0 0 0 0 0 0 0 0 0
#obs cpue bio
 3.08308e+006 4.10691e+006 2.38172e+006 2.56902e+006 2.89868e+006 1.86783e+006 2.6048e+006 1.64874e+006 1.91034e+006 1.26858e+006 1.72092e+006 1.19189e+006 1.14894e+006 1.19743e+006 748934 758213 690852 675878 566871 588610 662473 490203 436800 544987 430635 491137 395765 485162 429239 540277 418080 451260 600679 530781 573419 683626 382863 749665 483844 645947 771143 784916 561921 747461 621864 506917 712821 688482 820798 742826 539125 559771 729776 696107 872823 828172 991345 983619
#pred surv len freq
 0.00430991 0.00704496 0.0106947 0.0152784 0.0207177 0.0267562 0.0329313 0.038687 0.0435777 0.0474068 0.0502114 0.0521531 0.0534191 0.0541752 0.054554 0.0546622 0.0545954 0.054435 0.0541929 0.0536972 0.0524939 0.0499015 0.0453 0.0385504 0.0302542
 0.00464597 0.00750469 0.0112296 0.015798 0.0211252 0.026999 0.0330326 0.0387314 0.0436565 0.0475592 0.0504025 0.0523027 0.0534593 0.0540974 0.0544182 0.0545647 0.0546132 0.0545752 0.0543723 0.0537671 0.0523063 0.0493839 0.0444977 0.0376082 0.0293491
 0.00471345 0.00767531 0.0115922 0.0164549 0.0221455 0.0283583 0.0345793 0.0402193 0.0448405 0.0482974 0.0506966 0.0522544 0.0531876 0.0536827 0.0539026 0.0539835 0.0540137 0.054 0.0538235 0.0531887 0.0516093 0.0485053 0.0434534 0.0365008 0.0283218
 0.00486195 0.00789805 0.0118986 0.0168568 0.0226733 0.0290726 0.0355596 0.0415193 0.0464254 0.0500087 0.0522822 0.0534599 0.0538546 0.0537909 0.0535401 0.0532829 0.0531008 0.05297 0.0527321 0.0520502 0.050408 0.0472283 0.0421293 0.0352132 0.0271829
 0.00507419 0.00824111 0.0124097 0.0175656 0.0235931 0.0301915 0.0368384 0.0429031 0.0478651 0.0514695 0.0537236 0.0547991 0.0549506 0.0544779 0.053693 0.0528697 0.052186 0.0516754 0.0511861 0.0503544 0.0486336 0.0454351 0.0403912 0.0336265 0.0258467
 0.00532673 0.00865035 0.0130234 0.0184278 0.0247362 0.0316229 0.0385248 0.0447634 0.0497808 0.0533111 0.0553792 0.0561893 0.0560195 0.0551694 0.0539356 0.052589 0.0513403 0.0502866 0.0493424 0.048188 0.0462927 0.0430697 0.0381493 0.0316465 0.0242353
 0.00558502 0.00906597 0.0136416 0.0192894 0.0258725 0.0330456 0.0402143 0.0466605 0.0517893 0.0553099 0.0572392 0.0577898 0.0572621 0.055983 0.0542703 0.0524042 0.0506012 0.048979 0.0474976 0.0459003 0.0437182 0.0404071 0.0356098 0.0294178 0.0224461
 0.00583552 0.00947794 0.0142704 0.0201898 0.0270879 0.0345919 0.0420627 0.0487321 0.0539661 0.0574575 0.0592264 0.0595003 0.0585979 0.0568659 0.0546421 0.0522242 0.0498429 0.0476321 0.0455822 0.0434898 0.040957 0.0375069 0.0328173 0.0269613 0.0204819
 0.00608246 0.00988664 0.0148995 0.0211002 0.0283324 0.0361976 0.0440114 0.0509494 0.0563277 0.0598089 0.0614081 0.0613679 0.0600363 0.057794 0.0550092 0.0520013 0.0490149 0.046197 0.0435628 0.0409559 0.0380478 0.0344362 0.0298461 0.0243403 0.0183862
 0.00626164 0.0101889 0.0153756 0.0218071 0.0293248 0.037513 0.0456527 0.052874 0.0584486 0.0620052 0.0635394 0.0632892 0.0616127 0.0589137 0.0555911 0.0519949 0.0483949 0.0449598 0.0417319 0.038599 0.0352982 0.0315006 0.0269811 0.0217972 0.016345
 0.00660731 0.0107307 0.0161545 0.0228502 0.0306449 0.0391057 0.0474899 0.0548968 0.0605673 0.0641076 0.0655035 0.0649955 0.0629537 0.0598016 0.0559602 0.0518017 0.0476157 0.0435911 0.0397975 0.036166 0.0324968 0.0285315 0.0240949 0.0192403 0.0142951
 0.00679381 0.0110418 0.0166367 0.0235503 0.0315988 0.0403224 0.0489378 0.0565044 0.0622407 0.0657549 0.0670493 0.0663792 0.0641179 0.0606821 0.0564862 0.0519028 0.0472324 0.0426853 0.0383646 0.0342507 0.0302085 0.0260486 0.0216432 0.0170453 0.0125222
 0.00700022 0.011381 0.0171547 0.0242932 0.032605 0.0416091 0.0504844 0.0582428 0.0640599 0.0675203 0.0686288 0.0676679 0.0650514 0.0612349 0.0566552 0.0516874 0.046622 0.0416624 0.0369214 0.0324142 0.0280634 0.0237452 0.0193802 0.0150238 0.0108912
 0.00723621 0.011761 0.01772 0.0250806 0.033641 0.0429001 0.0520047 0.0599284 0.0658123 0.0692201 0.0701526 0.0689038 0.0659138 0.0616748 0.0566625 0.0512805 0.0458311 0.0405146 0.0354407 0.0306366 0.026061 0.0216407 0.0173374 0.0132112 0.00943419
 0.00741644 0.0120689 0.0182103 0.0258125 0.0346636 0.0442304 0.0536075 0.0617109 0.0676409 0.0709489 0.0716502 0.0700679 0.0666756 0.0619983 0.0565427 0.0507388 0.0449073 0.0392574 0.0339017 0.0288742 0.0241527 0.0196948 0.0154884 0.0115937 0.00814583
 0.00757752 0.0123382 0.0186304 0.0264299 0.0355224 0.0453588 0.0550013 0.0633205 0.0693692 0.072662 0.0731978 0.0713098 0.0675062 0.0623611 0.0564305 0.0501828 0.0439622 0.0379887 0.0323793 0.0271733 0.0223597 0.0179127 0.0138315 0.010169 0.00702532
 0.0075544 0.0123257 0.018659 0.0265464 0.0357816 0.0458098 0.0556728 0.0642127 0.0704522 0.0738779 0.0744631 0.0725203 0.0685477 0.0631272 0.0568416 0.0501991 0.0435859 0.0372573 0.0313551 0.0259352 0.0209998 0.0165335 0.0125384 0.0090544 0.00614892
 0.00771405 0.0125657 0.0189852 0.0269552 0.0362666 0.0463696 0.0563138 0.0649424 0.0712665 0.0747497 0.0753407 0.0733348 0.0692262 0.0636035 0.0570634 0.0501317 0.0432169 0.0365995 0.030448 0.0248424 0.0198042 0.0153298 0.011421 0.00810165 0.00540772
 0.00774291 0.0126018 0.0190196 0.0269723 0.0362489 0.0463054 0.0562067 0.0648185 0.0711758 0.0747585 0.0755125 0.0737057 0.0697844 0.064285 0.0577666 0.0507438 0.0436403 0.0367707 0.0303464 0.0244903 0.0192607 0.0146779 0.0107519 0.00749541 0.00491799
 0.00778635 0.0126536 0.0190623 0.0269777 0.0361841 0.0461449 0.0559434 0.0644699 0.0707841 0.0743856 0.0752322 0.0735902 0.0698865 0.0646191 0.0582961 0.0513855 0.0442828 0.0373039 0.0306881 0.0246041 0.0191596 0.0144152 0.0104029 0.00713602 0.00460568
 0.00798018 0.0129408 0.0194413 0.0274251 0.0366568 0.046586 0.05629 0.0646627 0.0707815 0.0741792 0.0748553 0.0731147 0.0694062 0.0642255 0.0580544 0.0513162 0.0443572 0.0374535 0.0308292 0.0246658 0.0191056 0.014251 0.0101667 0.0068798 0.00437522
 0.00819946 0.0132854 0.0199361 0.0280803 0.0374602 0.0474941 0.0572221 0.0655062 0.0714146 0.0745034 0.0748237 0.0727438 0.0687691 0.0634329 0.0572285 0.0505632 0.0437442 0.036998 0.0305035 0.0244175 0.0188829 0.0140233 0.0099314 0.00665425 0.00418196
 0.00816263 0.013255 0.0199448 0.0281765 0.0376955 0.0479022 0.0577994 0.0662047 0.0721493 0.0751711 0.0753252 0.0730047 0.0687562 0.0631625 0.0567623 0.0499915 0.0431612 0.0364768 0.0300807 0.024092 0.0186298 0.0138135 0.00974636 0.00649063 0.0040456
 0.00815189 0.0132401 0.0199289 0.0281694 0.037717 0.0479851 0.0579852 0.0665313 0.07263 0.0757758 0.0759766 0.0735948 0.0691784 0.0633433 0.056681 0.0496823 0.042698 0.035949 0.0295674 0.0236443 0.0182666 0.01353 0.009528 0.00632384 0.00392167
 0.00816309 0.013241 0.0198988 0.0280804 0.0375438 0.0477203 0.0576531 0.0661908 0.072363 0.0756642 0.0760743 0.0739061 0.0696507 0.0638802 0.057173 0.0500415 0.0428832 0.0359701 0.0294701 0.0234863 0.018096 0.0133756 0.00940101 0.00622501 0.00384815
 0.00824255 0.0133597 0.0200568 0.028267 0.0377366 0.0478854 0.0577501 0.066183 0.0722345 0.0754343 0.0758004 0.0736669 0.0695164 0.0638833 0.0572953 0.0502243 0.043054 0.0360726 0.0294823 0.0234202 0.0179833 0.01325 0.00928644 0.0061332 0.00378127
 0.00806645 0.0131081 0.0197421 0.0279225 0.037406 0.0476066 0.0575421 0.0660431 0.0721453 0.0753761 0.0757634 0.0736587 0.0695613 0.0640116 0.0575255 0.0505478 0.043432 0.036448 0.0298018 0.023652 0.0181238 0.0133166 0.00930501 0.00612722 0.00376683
 0.00795614 0.0129208 0.0194481 0.0274958 0.0368384 0.0469249 0.0568177 0.0653812 0.0716516 0.0751182 0.0757494 0.073846 0.0698856 0.0644169 0.0579785 0.0510322 0.0439345 0.0369457 0.0302615 0.0240406 0.0184203 0.013519 0.00942771 0.00619253 0.00379668
 0.00795297 0.0129011 0.0193906 0.0273696 0.036608 0.0465613 0.0563122 0.0647576 0.0709714 0.0744737 0.0752422 0.073557 0.0698495 0.0646153 0.0583547 0.051518 0.0444695 0.0374843 0.0307686 0.0244872 0.0187849 0.0137919 0.00961319 0.00630619 0.00385911
 0.00794863 0.0128856 0.019351 0.0272865 0.0364578 0.0463209 0.055965 0.0643004 0.0704201 0.0738684 0.0746477 0.0730548 0.0695201 0.0645149 0.0584973 0.0518725 0.0449725 0.0380611 0.0313507 0.0250221 0.0192379 0.0141459 0.00986732 0.00647272 0.00395812
 0.00795172 0.0128993 0.0193864 0.0273568 0.0365708 0.0464696 0.056121 0.0644159 0.0704407 0.0737518 0.0743804 0.0726607 0.0690577 0.0640646 0.0581405 0.0516685 0.0449431 0.0381882 0.0315875 0.0253109 0.0195263 0.0143966 0.0100614 0.00660748 0.00404214
 0.00800965 0.0129834 0.0194953 0.0274841 0.0367095 0.0466163 0.0562768 0.0645807 0.0706037 0.0738845 0.0744402 0.0726058 0.0688671 0.0637526 0.0577575 0.0512863 0.0446315 0.0379933 0.0315204 0.0253504 0.0196324 0.0145268 0.0101829 0.00670245 0.00410648
 0.00802262 0.0129928 0.0194877 0.0274399 0.0366085 0.0464465 0.0560431 0.0643088 0.0703359 0.0736685 0.0743128 0.072579 0.0689231 0.0638524 0.0578602 0.0513692 0.0446982 0.0380658 0.0316224 0.0254914 0.0198027 0.0147038 0.0103424 0.00682827 0.00419395
 0.00795614 0.0128972 0.0193663 0.0273017 0.0364628 0.0462963 0.0558822 0.064126 0.070126 0.0734426 0.0741017 0.0724239 0.0688591 0.0638929 0.0579914 0.0515583 0.0449099 0.0382768 0.0318253 0.0256882 0.0199942 0.014884 0.0105002 0.00695369 0.00428327
 0.00788802 0.0127928 0.0192215 0.0271187 0.0362511 0.0460729 0.0556697 0.0639471 0.0699954 0.073361 0.0740573 0.0724027 0.0688565 0.0639171 0.0580567 0.0516726 0.0450683 0.0384635 0.032022 0.0258809 0.0201746 0.0150461 0.0106383 0.00706305 0.0043622
 0.00789856 0.0127984 0.0192091 0.0270697 0.0361474 0.0459059 0.0554474 0.0636954 0.0697511 0.0731593 0.0739211 0.0723375 0.0688528 0.0639592 0.0581313 0.0517739 0.045195 0.0386135 0.0321884 0.0260527 0.0203399 0.015195 0.0107637 0.00716111 0.00443268
 0.00778263 0.0126163 0.0189465 0.0267172 0.0357016 0.045372 0.054844 0.063059 0.0691367 0.0726345 0.0735531 0.0721768 0.0689186 0.064234 0.0585681 0.0523115 0.0457745 0.0391886 0.0327272 0.0265344 0.0207514 0.0155294 0.0110204 0.00734572 0.00455589
 0.00781934 0.0126598 0.018982 0.0267206 0.0356452 0.0452339 0.0546158 0.0627483 0.0687638 0.0722284 0.0731494 0.071817 0.0686474 0.0640902 0.0585728 0.0524606 0.0460402 0.0395286 0.0330969 0.0268962 0.021078 0.0158041 0.0112362 0.00750327 0.00466213
 0.00783299 0.0126823 0.0190153 0.0267639 0.0356917 0.0452673 0.0546105 0.062675 0.0686008 0.0719729 0.0728224 0.0714587 0.0683068 0.0638146 0.0583996 0.0524117 0.0461176 0.0397141 0.0333566 0.0271895 0.0213671 0.0160607 0.0114439 0.00765734 0.00476678
 0.00781023 0.0126498 0.018975 0.0267207 0.0356523 0.0452379 0.0545935 0.0626661 0.0685876 0.0719365 0.0727437 0.0713276 0.0681297 0.063616 0.0582166 0.0522826 0.0460711 0.0397612 0.0334889 0.0273818 0.021586 0.0162739 0.0116273 0.00779891 0.00486531
 0.00765221 0.0124074 0.0186378 0.0262906 0.0351446 0.0446818 0.0540323 0.0621542 0.0681811 0.071679 0.0726539 0.0713953 0.0683222 0.0638913 0.0585378 0.0526275 0.046432 0.0401382 0.0338795 0.027775 0.0219618 0.0166088 0.0119026 0.00800592 0.00500699
 0.00763129 0.0123723 0.0185829 0.0262103 0.0350347 0.0445415 0.0538665 0.0619736 0.0680004 0.0715141 0.0725191 0.0713011 0.0682738 0.0638878 0.0585734 0.0526945 0.0465257 0.0402578 0.0340263 0.0279468 0.0221494 0.016796 0.0120715 0.00814282 0.00510642
 0.00761906 0.012361 0.0185815 0.0262309 0.0350883 0.0446307 0.0539806 0.0620894 0.0680895 0.071553 0.0724964 0.0712201 0.0681492 0.0637406 0.0584249 0.0525624 0.0464223 0.0401908 0.0339997 0.0279607 0.0221984 0.0168691 0.0121537 0.00821968 0.00516818
 0.00761819 0.0123523 0.0185557 0.0261773 0.0349997 0.0445111 0.0538483 0.0619731 0.0680165 0.0715358 0.0725275 0.071277 0.0682065 0.0637812 0.0584442 0.0525666 0.0464228 0.0401992 0.0340245 0.0280057 0.0222622 0.0169453 0.0122326 0.00829133 0.00522545
 0.0077039 0.0124733 0.0187032 0.0263303 0.0351292 0.0445882 0.0538529 0.0619002 0.0678785 0.0713606 0.0723507 0.0711296 0.0681049 0.0637233 0.0584158 0.0525516 0.0464115 0.0401907 0.0340235 0.0280177 0.0222897 0.016986 0.0122804 0.00833852 0.00526552
 0.00764873 0.0124049 0.0186388 0.026296 0.0351496 0.0446709 0.0539789 0.0620268 0.0679573 0.0713596 0.0722682 0.0709931 0.0679562 0.0636007 0.0583408 0.0525261 0.0464236 0.040225 0.034068 0.0280667 0.0223413 0.017039 0.0123319 0.00838478 0.00530301
 0.00757529 0.0122991 0.0185059 0.0261528 0.0350236 0.0445959 0.0539872 0.0621383 0.0681668 0.0716306 0.0725399 0.0712021 0.0680616 0.0635986 0.0582595 0.0524075 0.0463048 0.0401273 0.0339982 0.0280228 0.0223186 0.0170327 0.0123373 0.00839677 0.00531687
 0.00749888 0.0121748 0.0183198 0.0258949 0.0346935 0.0442105 0.053586 0.061781 0.0679196 0.0715449 0.0726327 0.0714483 0.0684024 0.0639624 0.058587 0.0526677 0.0464962 0.0402666 0.0341059 0.0281134 0.0223986 0.0171029 0.0123965 0.00844379 0.00535158
 0.0075231 0.0121978 0.0183238 0.0258527 0.0345751 0.0439943 0.0532698 0.0613882 0.0674979 0.0711573 0.0723445 0.07131 0.0684347 0.0641483 0.0588779 0.0530015 0.0468184 0.0405444 0.0343296 0.0282884 0.0225351 0.0172097 0.0124788 0.00850475 0.00539407
 0.00755149 0.0122409 0.0183819 0.0259209 0.0346408 0.0440353 0.0532558 0.0612877 0.0672915 0.0708516 0.0719778 0.0709455 0.0681422 0.0639821 0.05886 0.0531173 0.0470257 0.0407913 0.0345718 0.0284991 0.0227046 0.0173393 0.0125741 0.00857207 0.00543919
 0.00755221 0.0122547 0.0184255 0.0260166 0.0348085 0.0442814 0.0535626 0.0616116 0.0675706 0.0710228 0.0719957 0.0707984 0.0678575 0.0636201 0.058495 0.0528134 0.0468186 0.0406832 0.0345405 0.028513 0.0227366 0.0173727 0.012602 0.00859294 0.00545386
 0.00735732 0.0119403 0.0179591 0.0253761 0.0339941 0.0433305 0.0525595 0.0606788 0.0668388 0.0705891 0.0718951 0.0709999 0.0682861 0.064189 0.0591324 0.053475 0.0474824 0.0413364 0.0351665 0.0290885 0.0232367 0.0177791 0.012909 0.00880777 0.00559258
 0.00731878 0.011852 0.0177787 0.0250479 0.0334629 0.042564 0.0515712 0.0595398 0.0656708 0.0695416 0.0711117 0.0705843 0.0682771 0.0645542 0.0597859 0.0543082 0.0483953 0.0422531 0.0360357 0.0298752 0.0239151 0.0183321 0.0133309 0.0091063 0.00578707
 0.00737189 0.0119286 0.0178738 0.0251444 0.0335283 0.0425494 0.0514163 0.0591874 0.065091 0.0687564 0.0702057 0.0696911 0.0675439 0.0640991 0.0596654 0.0545092 0.0488496 0.0428663 0.0367147 0.0305445 0.0245212 0.0188418 0.0137289 0.00939354 0.00597735
 0.00736301 0.0119257 0.01789 0.0251972 0.0336322 0.0427047 0.051599 0.0593465 0.0651574 0.0686616 0.0699066 0.069192 0.0669066 0.0634332 0.0590978 0.0541447 0.0487397 0.0430007 0.0370346 0.0309685 0.0249706 0.0192559 0.0140709 0.00964949 0.0061513
 0.00729586 0.0118265 0.0177603 0.0250472 0.0334807 0.0425771 0.0515225 0.0593419 0.0652276 0.068782 0.0700246 0.069242 0.0668359 0.0632286 0.058798 0.05383 0.048503 0.0429116 0.037116 0.0311946 0.0252833 0.0195896 0.0143726 0.00988866 0.0063201
 0.00723069 0.0117186 0.017595 0.0248118 0.0331703 0.0422016 0.0511133 0.0589503 0.0649137 0.0685963 0.0699896 0.0693426 0.067023 0.0634361 0.0589697 0.0539429 0.0485757 0.0429913 0.0372512 0.031409 0.0255654 0.0199012 0.0146682 0.0101335 0.00649903
 0.0071351 0.0115854 0.0174347 0.0246463 0.0330236 0.0420881 0.0510296 0.0588791 0.0648367 0.0685085 0.0699053 0.0692872 0.0670174 0.0634829 0.0590498 0.0540273 0.0486432 0.0430426 0.0373077 0.0314978 0.0257009 0.0200755 0.0148557 0.0103052 0.00663462
#obs surv len freq
 nan nan nan nan nan nan nan nan nan nan nan nan nan nan nan nan nan nan nan nan nan nan nan nan nan
 0.0044849 0.00734637 0.0111765 0.015993 0.0216937 0.0279693 0.0342833 0.0400144 0.0446937 0.0481572 0.0505148 0.0520104 0.0529024 0.0534146 0.0537286 0.0539834 0.0542619 0.0545546 0.0546933 0.0542851 0.0527232 0.0493554 0.0438053 0.0362855 0.0276693
 0.00461439 0.00755956 0.0115019 0.0164577 0.0223169 0.0287511 0.0351956 0.0409977 0.0456656 0.0490293 0.0512093 0.0524717 0.0531027 0.0533533 0.0534282 0.0534814 0.0536021 0.0537799 0.053843 0.0533964 0.051835 0.0485111 0.0430499 0.0356571 0.027189
 0.00478036 0.00782913 0.0119073 0.0170293 0.0230775 0.0297078 0.0363288 0.0422559 0.0469692 0.0502812 0.0523094 0.0533292 0.0536471 0.0535424 0.0532522 0.0529612 0.0527823 0.0527197 0.0526086 0.052058 0.0504675 0.0471946 0.0418637 0.0346668 0.0264307
 0.00496843 0.00813805 0.0123781 0.0177016 0.0239822 0.0308536 0.0376906 0.0437702 0.0485437 0.0518116 0.0536937 0.0544753 0.0544746 0.0539867 0.0532698 0.0525366 0.0519317 0.0514905 0.0510751 0.0503169 0.0486338 0.045395 0.0402234 0.033288 0.025371
 0.00517821 0.008482 0.0129013 0.0184483 0.0249877 0.0321313 0.0392177 0.0454823 0.0503419 0.0535805 0.0553188 0.055854 0.0555205 0.0546295 0.0534559 0.0522303 0.0511217 0.050197 0.0493573 0.0482764 0.0464128 0.0431645 0.0381587 0.0315355 0.0240159
 0.00539513 0.00883862 0.0134455 0.0192277 0.0260407 0.0334734 0.0408268 0.0472928 0.0522536 0.0554768 0.0570837 0.0573823 0.0567213 0.0554269 0.0537881 0.0520503 0.0504003 0.0489313 0.0475839 0.0460854 0.0439536 0.0406358 0.0357771 0.029489 0.0224203
 0.00565354 0.00925758 0.0140741 0.0201113 0.0272129 0.0349437 0.0425663 0.0492293 0.0542803 0.0574716 0.058928 0.0589717 0.0579688 0.0562614 0.0541519 0.0518963 0.0496927 0.0476536 0.0457546 0.0437787 0.0413143 0.0378748 0.033139 0.0271963 0.0206173
 0.00588164 0.00963542 0.0146556 0.0209508 0.0283539 0.0364015 0.0443112 0.0511817 0.0563241 0.0594785 0.0607788 0.0605664 0.0592273 0.0571193 0.0545557 0.0518003 0.0490584 0.0464558 0.0439977 0.0415198 0.0386844 0.0350806 0.030433 0.024818 0.0187301
 0.00613821 0.0100535 0.0152869 0.0218446 0.0295487 0.0379104 0.0461064 0.0531875 0.0584252 0.0615401 0.062669 0.0621719 0.0604612 0.057921 0.0548853 0.051629 0.0483624 0.0452179 0.0422206 0.0392513 0.0360425 0.0322617 0.0276864 0.0223882 0.0167901
 0.00637085 0.0104371 0.0158742 0.0226879 0.0306891 0.0393617 0.0478386 0.0551217 0.0604463 0.0635193 0.0644843 0.0637192 0.0616569 0.0587022 0.0552075 0.0514633 0.0476898 0.0440286 0.0405221 0.0370889 0.0335235 0.0295664 0.0250489 0.0200432 0.0149083
 0.00659824 0.0108112 0.0164453 0.0235058 0.0317935 0.0407668 0.0495169 0.056998 0.062407 0.0654344 0.0662289 0.065188 0.0627695 0.0594031 0.0554618 0.0512502 0.0469979 0.0428547 0.0388792 0.0350227 0.0311342 0.0270196 0.0225591 0.0178276 0.0131266
 0.00684373 0.0112103 0.017046 0.0243524 0.0329181 0.0421756 0.0511762 0.0588289 0.0642963 0.0672557 0.0678627 0.0665351 0.0637558 0.0599798 0.0556021 0.0509437 0.0462446 0.0416623 0.0372681 0.0330411 0.0288763 0.0246356 0.0202421 0.015772 0.0114755
 0.00704771 0.0115481 0.0175657 0.0251019 0.0339348 0.0434698 0.0527157 0.0605346 0.0660553 0.0689437 0.0693667 0.0677639 0.0646436 0.060484 0.0556999 0.050628 0.0455193 0.0405403 0.0357754 0.0312274 0.0268298 0.0224911 0.0181687 0.0139387 0.0100058
 0.00725367 0.0118836 0.018072 0.0258178 0.0348894 0.0446708 0.0541363 0.0621078 0.0676812 0.070507 0.0707557 0.0688853 0.0654298 0.0608952 0.0557211 0.050262 0.0447801 0.0394498 0.0343658 0.0295501 0.0249677 0.020564 0.0163231 0.0123181 0.00871278
 0.00745868 0.0122179 0.0185763 0.0265298 0.0358346 0.0458501 0.0555133 0.0636064 0.0691973 0.07193 0.0719869 0.0698478 0.0660707 0.0611841 0.0556479 0.0498335 0.0440158 0.0383785 0.0330257 0.027995 0.0232755 0.0188405 0.0146931 0.0109005 0.00758995
 0.00753413 0.012352 0.0187998 0.0268792 0.0363457 0.0465457 0.0563915 0.0646348 0.0703166 0.0730641 0.073055 0.0707734 0.0667883 0.0616438 0.0558175 0.0496982 0.0435771 0.0376525 0.0320438 0.0268065 0.0219518 0.0174755 0.013394 0.00976751 0.00669151
 0.00758213 0.0124193 0.0188827 0.0269714 0.0364454 0.0466649 0.0565601 0.0648951 0.0707074 0.0736026 0.0737241 0.0715221 0.0675424 0.0623211 0.0563416 0.0500089 0.0436352 0.0374423 0.0315741 0.0261115 0.0210913 0.0165322 0.0124625 0.00893645 0.00602301
 0.00763096 0.0124933 0.0189835 0.0270955 0.0365838 0.0468041 0.0566857 0.064999 0.0707963 0.0737027 0.0738754 0.0717613 0.0678826 0.0627396 0.0567825 0.0503976 0.0438975 0.0375212 0.0314402 0.0257683 0.0205756 0.0159084 0.0118109 0.00833498 0.00552885
 0.00770931 0.0126082 0.019133 0.0272695 0.0367665 0.0469779 0.0568351 0.0651117 0.0708652 0.0737287 0.0738713 0.0717533 0.0679048 0.0628211 0.0569323 0.0505947 0.0440938 0.0376553 0.0314568 0.0256364 0.0202979 0.0155214 0.0113737 0.00791168 0.00517041
 0.00775862 0.0126918 0.0192643 0.0274606 0.0370222 0.0472887 0.0571723 0.0654307 0.0711181 0.0738805 0.0739109 0.0716949 0.0677813 0.0626744 0.0568012 0.0505041 0.0440451 0.0376252 0.0314061 0.0255261 0.0201071 0.0152566 0.0110667 0.00760636 0.00490614
 0.007812 0.0127704 0.0193679 0.0275851 0.0371627 0.047443 0.0573416 0.0656159 0.071313 0.0740674 0.0740625 0.0717843 0.0677937 0.0626141 0.0566905 0.0503737 0.0439215 0.0375193 0.0313101 0.0254194 0.0199692 0.01508 0.0108623 0.00739867 0.00472189
 0.00785168 0.0128339 0.0194611 0.0277114 0.0373211 0.0476256 0.0575335 0.0657978 0.0714679 0.074186 0.0741439 0.0718305 0.0678043 0.0625851 0.0566198 0.0502665 0.0437912 0.0373819 0.0311758 0.0252886 0.0198349 0.0149361 0.0107106 0.00725 0.00459087
 0.0078576 0.0128422 0.0194712 0.0277228 0.037334 0.0476423 0.0575578 0.0658346 0.0715196 0.074251 0.0742172 0.0719054 0.0678742 0.0626439 0.0566614 0.0502854 0.0437845 0.0373511 0.031126 0.0252246 0.0197594 0.0148505 0.0106181 0.00715757 0.00450765
 0.0078757 0.0128652 0.0194941 0.0277371 0.0373304 0.0476147 0.0575073 0.0657697 0.0714548 0.0742021 0.0741967 0.0719189 0.0679198 0.0627132 0.0567421 0.0503643 0.0438505 0.0373967 0.0311476 0.0252226 0.0197367 0.0148113 0.010568 0.00710344 0.00445674
 0.00789329 0.0128901 0.0195244 0.0277679 0.0373542 0.0476226 0.0574909 0.0657241 0.0713809 0.0741091 0.074101 0.0718404 0.0678751 0.0627107 0.0567794 0.0504307 0.0439304 0.0374745 0.0312114 0.0252653 0.0197563 0.01481 0.010551 0.00707749 0.00442871
 0.00792226 0.0129347 0.0195868 0.0278475 0.0374473 0.0477217 0.0575843 0.0657969 0.0714184 0.0741011 0.0740462 0.071748 0.0677626 0.0625994 0.0566879 0.0503697 0.043901 0.0374693 0.0312189 0.0252743 0.0197588 0.014803 0.0105354 0.00705695 0.0044076
 0.00790908 0.0129155 0.0195621 0.0278196 0.0374195 0.0476977 0.0575673 0.0657887 0.0714186 0.0741068 0.0740525 0.0717495 0.0677565 0.0625869 0.056675 0.0503647 0.0439102 0.0374944 0.0312557 0.0253148 0.0197946 0.0148283 0.0105484 0.00705967 0.00440388
 0.0078795 0.0128648 0.0194815 0.0277004 0.0372571 0.0474962 0.0573428 0.0655685 0.0712344 0.0739849 0.0740063 0.0717774 0.0678451 0.0627168 0.0568271 0.050524 0.0440678 0.0376454 0.0313966 0.0254412 0.0199017 0.0149119 0.0106076 0.00709689 0.00442413
 0.00785262 0.0128192 0.0194092 0.0275929 0.0371068 0.0472997 0.057105 0.0653046 0.0709695 0.0737505 0.0738337 0.0716909 0.0678549 0.0628172 0.056999 0.0507412 0.0443042 0.0378799 0.0316144 0.0256332 0.0200622 0.0150383 0.0107001 0.00715892 0.00446178
 0.00784693 0.0128044 0.0193767 0.0275311 0.037004 0.0471483 0.0569056 0.0650677 0.0707138 0.0734998 0.0736138 0.0715264 0.0677666 0.0628175 0.0570881 0.0509065 0.0445229 0.0381249 0.0318602 0.0258597 0.0202564 0.0151936 0.0108155 0.00723817 0.00451155
 0.00784296 0.0127987 0.019369 0.0275206 0.0369878 0.0471202 0.0568562 0.0649866 0.0705943 0.0733434 0.0734326 0.0713417 0.0676041 0.0627017 0.0570373 0.0509285 0.0446137 0.0382694 0.0320362 0.0260433 0.0204273 0.015338 0.0109271 0.007317 0.00456233
 0.00780706 0.0127413 0.0192848 0.0274062 0.0368431 0.0469507 0.0566735 0.0648066 0.0704328 0.073211 0.0733328 0.0712728 0.0675648 0.0626945 0.0570682 0.0510046 0.0447377 0.0384366 0.0322336 0.0262519 0.0206266 0.0155112 0.0110643 0.00741604 0.00462733
 0.00777341 0.0126858 0.0192 0.0272849 0.036681 0.0467489 0.0564414 0.064563 0.0702022 0.0730181 0.0731961 0.0712015 0.0675575 0.0627429 0.0571623 0.0511358 0.0449005 0.0386262 0.0324423 0.0264676 0.0208339 0.0156947 0.0112131 0.00752591 0.00470097
 0.00774013 0.0126286 0.0191081 0.0271471 0.0364881 0.0464989 0.0561439 0.0642398 0.0698845 0.0727393 0.0729857 0.0710795 0.0675323 0.062811 0.0573097 0.0513433 0.0451477 0.0388952 0.0327181 0.0267365 0.0210824 0.0159104 0.0113869 0.00765479 0.0047881
 0.00768121 0.0125346 0.01897 0.0269577 0.0362433 0.0462001 0.0558004 0.0638709 0.0695182 0.0724085 0.0727229 0.0709118 0.0674771 0.0628727 0.0574798 0.0516019 0.0454684 0.0392495 0.0330793 0.0270822 0.0213944 0.0161755 0.0115975 0.0078096 0.00489256
 0.00769057 0.0125417 0.0189659 0.0269285 0.0361742 0.0460798 0.0556261 0.0636495 0.0692642 0.0721412 0.0724636 0.070683 0.0673014 0.0627703 0.0574646 0.0516774 0.0456263 0.0394712 0.0333399 0.0273551 0.0216555 0.0164058 0.0117851 0.00795017 0.00498891
 0.00768066 0.0125338 0.0189683 0.0269522 0.0362268 0.0461586 0.0557135 0.0637158 0.0692779 0.0720813 0.072328 0.0704882 0.0670763 0.0625488 0.0572784 0.0515515 0.0455752 0.0394965 0.0334309 0.0274919 0.021814 0.0165629 0.0119231 0.00805909 0.00506636
 0.00763336 0.0124604 0.0188651 0.0268201 0.0360732 0.0459988 0.0555696 0.0636109 0.0692272 0.0720834 0.0723637 0.0705297 0.0671005 0.0625473 0.0572594 0.0515345 0.0455818 0.0395426 0.0335217 0.0276205 0.0219645 0.0167158 0.0120605 0.00816943 0.00514586
 0.00761535 0.0124269 0.018807 0.026727 0.0359368 0.0458182 0.0553557 0.0633877 0.0690266 0.0719364 0.0722903 0.0705324 0.0671641 0.0626456 0.057367 0.0516363 0.0456765 0.0396386 0.0336294 0.0277448 0.0221015 0.0168542 0.0121868 0.00827302 0.00522194
 0.00758781 0.0123854 0.0187503 0.026655 0.0358496 0.0457141 0.0552319 0.0632428 0.0688647 0.0717705 0.0721421 0.0704265 0.067119 0.0626667 0.0574448 0.0517514 0.0458085 0.0397742 0.0337637 0.0278781 0.0222334 0.0169808 0.0123006 0.00836667 0.00529162
 0.00758904 0.0123867 0.018751 0.0266541 0.0358461 0.045707 0.05522 0.0632236 0.0688338 0.0717224 0.072073 0.0703386 0.0670231 0.0625801 0.0573847 0.0517279 0.0458219 0.039817 0.033826 0.0279517 0.0223128 0.0170608 0.0123757 0.00843125 0.00534171
 0.00754514 0.0123197 0.0186584 0.0265369 0.0357086 0.0455569 0.0550679 0.0630825 0.0687171 0.0716401 0.0720293 0.0703308 0.0670443 0.0626231 0.0574456 0.0518065 0.0459194 0.0399319 0.0339532 0.0280832 0.02244 0.0171765 0.0124744 0.00850971 0.0053992
 0.00754915 0.0123214 0.0186524 0.0265155 0.0356643 0.0454861 0.0549737 0.0629745 0.0686087 0.0715443 0.0719551 0.0702823 0.0670215 0.0626229 0.0574642 0.051841 0.0459684 0.0399951 0.0340295 0.0281691 0.0225296 0.0172627 0.0125509 0.00857195 0.00544547
 0.00753608 0.0123032 0.0186303 0.0264916 0.0356401 0.0454601 0.0549409 0.0629284 0.0685451 0.0714651 0.0718696 0.0702039 0.0669627 0.0625914 0.0574615 0.0518641 0.0460123 0.0400549 0.0341009 0.028248 0.0226112 0.0173412 0.0126207 0.00862892 0.0054878
 0.00754029 0.0123098 0.0186399 0.0265049 0.0356576 0.0454825 0.0549679 0.0629574 0.0685703 0.0714781 0.0718616 0.0701701 0.0669055 0.0625204 0.0573898 0.0518039 0.0459713 0.0400359 0.0341028 0.0282673 0.0226429 0.0173797 0.0126601 0.00866412 0.00551573
 0.00752644 0.0122909 0.0186179 0.026484 0.0356429 0.045478 0.0549752 0.0629756 0.0685962 0.0715074 0.0718889 0.0701893 0.0669108 0.0625086 0.0573623 0.0517671 0.0459344 0.0400077 0.0340889 0.0282691 0.0226582 0.017404 0.0126879 0.00869061 0.00553757
 0.00750989 0.0122641 0.018578 0.0264293 0.0355741 0.0453996 0.0548963 0.0629085 0.068553 0.0714953 0.071908 0.0702329 0.0669678 0.0625676 0.0574141 0.0518067 0.045962 0.0400274 0.0341064 0.0282894 0.0226833 0.0174327 0.0127173 0.00871729 0.00555899
 0.00748487 0.012223 0.0185156 0.0263408 0.0354567 0.0452549 0.0547323 0.0627402 0.0684005 0.0713791 0.0718444 0.0702296 0.0670223 0.0626683 0.0575436 0.0519468 0.0460977 0.0401498 0.0342124 0.0283797 0.0227602 0.0174978 0.0127709 0.00875918 0.00558943
 0.00748997 0.0122274 0.0185148 0.0263281 0.0354243 0.0451963 0.0546453 0.0626278 0.0682714 0.0712465 0.0717242 0.0701381 0.0669729 0.0626674 0.0575895 0.0520297 0.0462029 0.0402622 0.03432 0.0284755 0.0228414 0.0175643 0.0128235 0.00879892 0.00561763
 0.00748997 0.0122274 0.0185148 0.0263281 0.0354243 0.0451963 0.0546453 0.0626278 0.0682714 0.0712465 0.0717242 0.0701381 0.0669729 0.0626674 0.0575895 0.0520297 0.0462029 0.0402622 0.03432 0.0284755 0.0228414 0.0175643 0.0128235 0.00879892 0.00561763
 0.00724575 0.0118444 0.0179661 0.0256011 0.0345274 0.044166 0.0535516 0.061572 0.0673682 0.0705982 0.071397 0.070152 0.0673046 0.063262 0.0583739 0.0529256 0.0471365 0.0411704 0.0351544 0.029203 0.0234444 0.0180385 0.0131757 0.00904439 0.00577686
 0.00718475 0.0117173 0.0177239 0.0251834 0.0338798 0.043267 0.0524359 0.0603344 0.0661443 0.0695309 0.0706065 0.0697165 0.067255 0.0635829 0.0590113 0.0537983 0.0481505 0.0422323 0.0361825 0.030134 0.0242366 0.0186722 0.0136509 0.00937671 0.00599223
 0.00717175 0.0116976 0.0176945 0.0251359 0.0337939 0.0431051 0.052146 0.0598656 0.0654738 0.068689 0.069683 0.0688427 0.0665662 0.063183 0.0589501 0.0540672 0.0486929 0.0429614 0.0370003 0.0309494 0.0249772 0.0192914 0.014129 0.00971741 0.00621548
 0.00717325 0.0117028 0.0177074 0.0251614 0.0338355 0.0431605 0.052201 0.0598899 0.0654212 0.0685075 0.0693346 0.0683277 0.0659381 0.0625424 0.0584169 0.0537429 0.0486307 0.0431555 0.0373954 0.0314616 0.0255189 0.0197905 0.01454 0.010023 0.00642146
 0.00711678 0.0116193 0.0175973 0.0250313 0.0336973 0.0430288 0.0520907 0.059812 0.0653779 0.0684859 0.0693052 0.0682504 0.0657795 0.0622963 0.0581176 0.0534612 0.0484495 0.0431378 0.0375603 0.0317795 0.0259259 0.020213 0.0149172 0.0103198 0.0066296
 0.00702739 0.0114774 0.0173908 0.0247535 0.0333503 0.0426284 0.0516694 0.0594163 0.065058 0.0682807 0.0692289 0.0682879 0.0658916 0.0624337 0.0582404 0.0535567 0.0485382 0.0432628 0.0377629 0.0320755 0.0262958 0.02061 0.0152881 0.0106244 0.00685096
 0.00702332 0.0114648 0.0173608 0.0246934 0.0332467 0.0424717 0.0514583 0.0591619 0.0647828 0.0680158 0.0690078 0.0681375 0.0658238 0.0624409 0.0582993 0.0536392 0.0486269 0.0433601 0.0378879 0.0322492 0.0265236 0.0208747 0.0155558 0.0108605 0.00703311
#pred catch len freq
 0.00317805 0.0051411 0.00772414 0.0109622 0.0148952 0.0195259 0.0247584 0.0303787 0.0360934 0.0415873 0.0465705 0.0508173 0.0542001 0.056699 0.0583845 0.0593898 0.059887 0.060051 0.0599726 0.0595211 0.0582334 0.0553775 0.050279 0.0427903 0.0335826
 0.00343707 0.00549851 0.00814689 0.0113868 0.0152541 0.0197845 0.0249361 0.0305361 0.036289 0.0418331 0.0468192 0.0509911 0.054242 0.0566144 0.0582462 0.059304 0.0599359 0.060239 0.060205 0.0596318 0.0580573 0.0548332 0.0494155 0.0417674 0.0325958
 0.00352334 0.00567576 0.00847701 0.011937 0.016065 0.0208299 0.0261026 0.031649 0.037181 0.0424153 0.0471024 0.0510473 0.0541422 0.0563948 0.0579218 0.0589013 0.059506 0.0598311 0.0598231 0.0592131 0.0574996 0.0540604 0.0484375 0.0406901 0.0315733
 0.00367685 0.00590863 0.00880201 0.0123696 0.0166372 0.0216003 0.0271436 0.0330032 0.0388039 0.044144 0.048688 0.0522442 0.0548012 0.0565004 0.0575611 0.0582029 0.0585917 0.0587946 0.0587201 0.0580562 0.0562687 0.0527382 0.0470516 0.03933 0.0303618
 0.00388636 0.00624087 0.00928578 0.0130248 0.0174717 0.0226071 0.0283036 0.034294 0.04021 0.0456517 0.0502557 0.0537652 0.0560976 0.0573696 0.0578525 0.0578747 0.0577124 0.057497 0.0571444 0.0563127 0.0544329 0.0508718 0.0452316 0.0376589 0.0289469
 0.00411896 0.0066122 0.00983315 0.0137814 0.0184641 0.023849 0.0297846 0.0359698 0.0420018 0.0474595 0.0519779 0.0553123 0.057388 0.0583127 0.0583406 0.0578025 0.0570188 0.0561985 0.0553356 0.0541382 0.0520538 0.0484487 0.0429211 0.0356074 0.0272694
 0.00437441 0.00701687 0.0104238 0.0145894 0.0195145 0.0251581 0.031352 0.0377672 0.0439663 0.0494927 0.0539546 0.0570974 0.0588565 0.0593631 0.0588946 0.0577957 0.0563988 0.0549411 0.0534713 0.05177 0.0493537 0.0456346 0.0402239 0.0332321 0.0253573
 0.00464188 0.00744598 0.01106 0.0154739 0.0206804 0.0266227 0.0331053 0.0397638 0.0461246 0.0517029 0.0560895 0.0590232 0.0604444 0.0605001 0.0594914 0.0577878 0.0557435 0.0536195 0.0515024 0.0492342 0.0464112 0.0425203 0.037211 0.0305735 0.0232268
 0.00489252 0.00785155 0.0116685 0.0163331 0.0218343 0.0281027 0.0349163 0.0418699 0.0484429 0.0541076 0.0584261 0.0611293 0.0621708 0.0617266 0.0601311 0.0577832 0.0550598 0.052244 0.0494553 0.0465912 0.043327 0.0392328 0.0340105 0.0277389 0.0209542
 0.00512674 0.00823031 0.0122364 0.0171347 0.0229116 0.0294878 0.0366193 0.0438668 0.0506681 0.0564542 0.0607537 0.0632779 0.0639805 0.0630573 0.0608761 0.0578721 0.0544544 0.0509339 0.047464 0.0439943 0.0402752 0.0359601 0.0308078 0.024891 0.0186657
 0.00541948 0.00868661 0.0128886 0.0180054 0.0240171 0.0308411 0.0382257 0.0457132 0.0527103 0.0586102 0.0629056 0.0652838 0.0656924 0.0643393 0.0616175 0.0579929 0.0539058 0.0496985 0.0455617 0.0414981 0.037331 0.032794 0.0277015 0.0221227 0.0164373
 0.00564909 0.00905615 0.013438 0.0187696 0.0250208 0.0320902 0.039699 0.0473605 0.0544614 0.0603886 0.0646361 0.0668909 0.0670935 0.0654425 0.062326 0.0582154 0.0535677 0.0487526 0.0440015 0.0393745 0.0347695 0.0299989 0.0249322 0.0196379 0.0144276
 0.00589089 0.00944301 0.0140098 0.0195624 0.0260642 0.0334 0.0412652 0.0491349 0.0563543 0.0622773 0.066386 0.0683811 0.0682371 0.0661905 0.062655 0.0581084 0.0530015 0.0477009 0.0424527 0.037359 0.0323849 0.0274187 0.0223848 0.0173553 0.0125821
 0.00616435 0.00987439 0.0146355 0.0204104 0.0271527 0.0347342 0.0428293 0.0508831 0.0582066 0.0641235 0.0680966 0.0698248 0.0693018 0.066802 0.0627845 0.0577638 0.0522083 0.0464855 0.0408403 0.0353907 0.0301441 0.0250476 0.020073 0.0152979 0.010925
 0.00639642 0.0102532 0.0152087 0.021224 0.0282429 0.0361139 0.0444731 0.0527196 0.0601248 0.0659896 0.0697743 0.071191 0.0702591 0.0672868 0.0627712 0.057263 0.0512574 0.0451364 0.0391512 0.0334291 0.0280005 0.0228481 0.0179741 0.0134565 0.00945523
 0.00655769 0.0105178 0.0156132 0.0218084 0.0290485 0.0371756 0.0458056 0.0543015 0.0618864 0.0678121 0.0715033 0.072664 0.0713375 0.0678799 0.062844 0.0568288 0.0503629 0.0438478 0.0375451 0.0315917 0.0260325 0.0208703 0.016121 0.0118542 0.00819019
 0.00661113 0.010618 0.0157895 0.0220992 0.0294962 0.0378171 0.0466613 0.0553677 0.0631321 0.0691782 0.072903 0.0739866 0.0724593 0.068684 0.063242 0.0567761 0.0498625 0.0429428 0.0363072 0.0301119 0.0244175 0.019239 0.0145958 0.010542 0.00715973
 0.00668415 0.0107267 0.0159366 0.0222863 0.0297309 0.0381208 0.0470707 0.0559249 0.0638647 0.0700797 0.0739239 0.0750412 0.073443 0.069492 0.0637834 0.0569844 0.0497034 0.0424193 0.0354594 0.0290127 0.023165 0.017946 0.0133757 0.00949012 0.0063351
