SBPRF35
12.7214
Curr Bio
814877
B35
850760
F35
0.172598
FOFL
0.170434
OFL
116834
Bzero
3.63469e+006
#pred survey bio
 2.92523e+006 2.6712e+006 2.4313e+006 2.20655e+006 1.97668e+006 1.75553e+006 1.57138e+006 1.38082e+006 1.19558e+006 1.04086e+006 925235 838101 763520 704749 651405 615301 582533 563668 553685 538437 534132 522686 523466 532152 531145 532432 532575 538481 549775 560402 572947 579833 594691 596630 609879 616551 626184 625905 633394 632424 642581 661516 671143 670586 668432 667355 667887 711757 738524 777773 807024 819900 2.95967e+007 1.79629e+007 1.84201e+007 1.9346e+007 2.0563e+007 2.18701e+007 2.31225e+007 2.42369e+007 2.518e+007 2.59503e+007 2.65642e+007 2.70452e+007 2.74176e+007 2.7704e+007 2.79232e+007 2.80908e+007 2.82191e+007 2.83174e+007 2.8393e+007 2.84513e+007 2.84965e+007 2.85318e+007 2.85593e+007 2.8581e+007 2.85981e+007 2.86116e+007 2.86224e+007 2.8631e+007 2.86378e+007 2.86433e+007 2.86478e+007 2.86513e+007 2.86542e+007 2.86566e+007 2.86585e+007 2.866e+007 2.86613e+007 2.86623e+007 2.86631e+007 2.86638e+007 2.86644e+007 2.86648e+007 2.86652e+007 2.86655e+007 2.86657e+007 2.86659e+007 2.86661e+007 2.86662e+007 2.86663e+007 2.86664e+007 2.86665e+007 2.86666e+007 2.86666e+007 2.86667e+007 2.86667e+007 2.86667e+007 2.86667e+007 2.86668e+007 2.86668e+007 2.86668e+007 2.86668e+007 2.86668e+007 2.86668e+007 2.86668e+007 2.86668e+007 2.86668e+007 2.86668e+007 2.86668e+007 2.86668e+007 2.86668e+007 2.86668e+007 2.86668e+007 2.86668e+007 2.86668e+007 2.86668e+007 2.86668e+007 2.86668e+007 2.86668e+007 2.86668e+007 2.86668e+007 2.86668e+007 2.86668e+007 2.86668e+007 2.86668e+007 2.86668e+007 2.86668e+007 2.86668e+007 2.86668e+007 2.86668e+007 2.86668e+007 2.86668e+007 2.86668e+007 2.86668e+007 2.86668e+007 2.86668e+007 2.86668e+007 2.86668e+007 2.86668e+007 2.86668e+007 2.86668e+007 0 0 0 0 0 0 0 0 0 0 0 0 0 0 0 0 0 0 0 0 0 0 0 0 0
#obs survey bio
 2.53466e+006 2.67558e+006 3.24528e+006 2.60726e+006 2.21672e+006 1.64844e+006 1.2379e+006 1.19883e+006 1.12329e+006 726942 768428 951860 634274 753457 809627 475344 557904 493308 561221 367384 652596 566151 430867 497107 654533 385726 505583 380602 559032 632307 559102 803326 569156 738366 489159 601929 534756 822234 645004 669239 510026 612315 734594 703102 575297 670496 565546 811687 777306 784835 856717 820457
#pred catch bio
 269845 272949 275327 294568 300223 278909 293552 293231 267230 232602 206866 193493 176159 167075 148237 142036 127266 117729 120407 109766 114119 102188 95609.1 103951 101850 102845 98294.6 94998.9 97123.8 96683.8 101662 94600.6 105111 95763.3 102624 101039 109665 103017 110282 101603 96488.3 106170 114549 114679 112759 110882 75782.9 93010.7 84305.1 95374.6 111162 101611 116834 119303 121245 126250 133651 141761 149482 156246 161845 166295 169725 172308 174219 175613 176619 177338 177848 178208 178462 178639 178763 178849 178909 178950 178979 178999 179013 179022 179029 179033 179036 179039 179040 179041 179042 179042 179042 179043 179043 179043 179043 179043 179043 179043 179043 179043 179043 179043 179043 179043 179043 179043 179043 179043 179043 179043 179043 179043 179043 179043 179043 179043 179043 179043 179043 179043 179043 179043 179043 179043 179043 179043 179043 179043 179043 179043 179043 179043 179043 179043 179043 179043 179043 179043 179043 179043 179043 179043 179043 179043 179043 179043 179043 179043 179043 179043 179043 179043 179043 179043 0 0 0 0 0 0 0 0 0 0 0 0 0 0 0 0 0 0 0 0 0 0 0 0 0
#obs catch bio
 233514 273991 276206 294004 299827 279331 296136 296006 270136 234802 209598 195400 176832 167535 147817 142894 128061 118031 120800 110411 115030 102064 95536.6 104135 101632 103383 98365.1 95289.3 97526.2 97238.4 102525 94526.2 105002 95166.3 102786 101399 109970 102918 110276 101299 96727.1 106738 114854 114390 112592 110987 75341.7 93154.3 84168.7 95349.7 111362 101516
#pred cpue bio
 2.88458e+006 2.63143e+006 2.39195e+006 2.16775e+006 1.93878e+006 1.71826e+006 1.53459e+006 1.3452e+006 1.16166e+006 1.0086e+006 894198 808183 735004 677536 625530 590321 558365 540153 530629 515801 511668 500824 501821 510327 509351 510569 510716 516483 527404 537723 550104 557186 572116 574168 586964 593269 602720 602571 609992 609041 618731 637014 646538 646331 644446 643476 643988 687055 713562 752149 780691 793072 2.86415e+007 1.73882e+007 1.77357e+007 1.85494e+007 1.97335e+007 2.10342e+007 2.22855e+007 2.33997e+007 2.43427e+007 2.51131e+007 2.5727e+007 2.6208e+007 2.65804e+007 2.68667e+007 2.7086e+007 2.72536e+007 2.73818e+007 2.74801e+007 2.75557e+007 2.76141e+007 2.76593e+007 2.76945e+007 2.77221e+007 2.77438e+007 2.77609e+007 2.77744e+007 2.77852e+007 2.77937e+007 2.78006e+007 2.78061e+007 2.78105e+007 2.78141e+007 2.7817e+007 2.78193e+007 2.78212e+007 2.78228e+007 2.7824e+007 2.78251e+007 2.78259e+007 2.78266e+007 2.78271e+007 2.78276e+007 2.7828e+007 2.78283e+007 2.78285e+007 2.78287e+007 2.78289e+007 2.7829e+007 2.78291e+007 2.78292e+007 2.78293e+007 2.78293e+007 2.78294e+007 2.78294e+007 2.78295e+007 2.78295e+007 2.78295e+007 2.78295e+007 2.78295e+007 2.78296e+007 2.78296e+007 2.78296e+007 2.78296e+007 2.78296e+007 2.78296e+007 2.78296e+007 2.78296e+007 2.78296e+007 2.78296e+007 2.78296e+007 2.78296e+007 2.78296e+007 2.78296e+007 2.78296e+007 2.78296e+007 2.78296e+007 2.78296e+007 2.78296e+007 2.78296e+007 2.78296e+007 2.78296e+007 2.78296e+007 2.78296e+007 2.78296e+007 2.78296e+007 2.78296e+007 2.78296e+007 2.78296e+007 2.78296e+007 2.78296e+007 2.78296e+007 2.78296e+007 2.78296e+007 2.78296e+007 2.78296e+007 2.78296e+007 2.78296e+007 2.78296e+007 2.78296e+007 2.78296e+007 0 0 0 0 0 0 0 0 0 0 0 0 0 0 0 0 0 0 0 0 0 0 0 0 0
#obs cpue bio
 1.89897e+006 1.7736e+006 1.8395e+006 3.50705e+006 1.6765e+006 1.2389e+006 1.2253e+006 1.43928e+006 992860 1.29209e+006 721563 767012 1.07613e+006 670264 639640 478467 495294 681328 531846 523060 391951 706832 555536 519563 506117 434449 674090 572070 474428 372473 469721 639144 759244 611383 457205 449008 843852 514721 658980 673994 445862 585103 739281 893936 702748 669087 811584 548569 627044 750770 733718 794190
#pred surv len freq
 0.00485881 0.00793724 0.0120358 0.0171622 0.023203 0.0298333 0.036491 0.0425169 0.0473997 0.0509387 0.0532206 0.0544809 0.0549792 0.0549397 0.0545365 0.0538979 0.0531193 0.052264 0.0513227 0.0501295 0.0482941 0.0452599 0.0405514 0.0341146 0.026513
 0.00520638 0.00845804 0.0127409 0.0180425 0.0242448 0.0310361 0.0378693 0.0440763 0.0490982 0.0526592 0.0547805 0.0556828 0.0556788 0.0550942 0.0542087 0.0532164 0.0522159 0.0512175 0.0501342 0.0487419 0.0466514 0.0433755 0.0385429 0.0321784 0.0248493
 0.00536848 0.00876504 0.01328 0.018913 0.0255252 0.0327388 0.0399098 0.0462861 0.0512808 0.0546537 0.0564866 0.0570382 0.0566214 0.0555522 0.0541271 0.0525945 0.051118 0.0497448 0.0483789 0.0467609 0.0444804 0.0410742 0.0362319 0.0300313 0.0230386
 0.00561879 0.00914627 0.0138105 0.019605 0.0263981 0.0338307 0.0412724 0.0479548 0.0532318 0.0567762 0.0585951 0.0589218 0.0581006 0.0565079 0.0544978 0.052361 0.050297 0.04839 0.0465753 0.044611 0.0420963 0.0385848 0.0337937 0.0278186 0.0212043
 0.00594847 0.00967679 0.0145967 0.0206888 0.0277954 0.0355159 0.0431702 0.049953 0.055215 0.0586582 0.060323 0.0604492 0.0593559 0.057388 0.054891 0.0521795 0.0494984 0.0469834 0.0446198 0.0422115 0.0393997 0.0357745 0.0310769 0.0253974 0.0192332
 0.00625634 0.0101836 0.015371 0.0217978 0.0292905 0.0374094 0.0454107 0.0524152 0.0577171 0.061002 0.0623393 0.0620283 0.0604506 0.0579902 0.0549975 0.0517706 0.0485411 0.0454548 0.0425359 0.0396483 0.0365019 0.032748 0.0281613 0.0228204 0.0171581
 0.00644091 0.0104995 0.0158768 0.0225607 0.0303756 0.0388601 0.0472266 0.0545382 0.0600323 0.0633514 0.064544 0.0639154 0.06188 0.0588745 0.0553033 0.0515002 0.0477079 0.0440714 0.0406246 0.0372689 0.0337779 0.0298729 0.0253734 0.020351 0.0151726
 0.00664003 0.0108333 0.0163989 0.0233296 0.0314458 0.0402661 0.0489645 0.0565553 0.0622288 0.065594 0.0666813 0.0657932 0.0633571 0.0598383 0.0556823 0.0512671 0.0468716 0.0426645 0.0386975 0.0348997 0.0310924 0.0270554 0.0226511 0.0179465 0.0132456
 0.00690074 0.011256 0.0170331 0.0242219 0.0326322 0.0417599 0.050742 0.0585482 0.0643307 0.0676762 0.0686111 0.067447 0.0646284 0.0606421 0.0559581 0.0509807 0.0460164 0.0412608 0.0367944 0.0325817 0.0284895 0.0243479 0.020053 0.0156639 0.0114242
 0.00723338 0.0117773 0.0177817 0.0252215 0.0338892 0.0432594 0.0524416 0.0603748 0.0661862 0.0694524 0.0702042 0.0687673 0.0656032 0.0612159 0.0560906 0.0506453 0.0452007 0.0399709 0.0350626 0.0304777 0.0261305 0.0218995 0.0177102 0.013612 0.00979177
 0.00740799 0.0120786 0.0182664 0.0259503 0.0349098 0.0445821 0.0540188 0.0621009 0.0679226 0.0710644 0.071589 0.0698607 0.0663708 0.0616386 0.0561548 0.0503384 0.0445123 0.0388986 0.0336231 0.0287201 0.0241488 0.0198334 0.0157277 0.0118734 0.00840835
 0.00746776 0.0121855 0.0184471 0.0262402 0.0353513 0.0452168 0.0548756 0.0631805 0.0691851 0.0724259 0.0729328 0.0710621 0.0673252 0.0622794 0.0564529 0.0502894 0.0441216 0.038175 0.0325835 0.0274029 0.0226273 0.0182203 0.0141617 0.0104891 0.00730115
 0.00757606 0.0123527 0.0186829 0.02655 0.0357379 0.045684 0.0554289 0.063825 0.0699216 0.073243 0.0737999 0.0719246 0.0681085 0.0629018 0.056844 0.0504025 0.0439369 0.0376944 0.0318259 0.0264055 0.0214527 0.0169601 0.0129283 0.00939242 0.0064203
 0.00762016 0.0124329 0.0188185 0.0267627 0.0360452 0.0460896 0.0559163 0.0643605 0.0704667 0.07377 0.0742986 0.0723966 0.0685521 0.0632988 0.0571554 0.0505771 0.0439253 0.0374628 0.0313644 0.0257322 0.020615 0.0160325 0.0120026 0.00855889 0.00574504
 0.00780552 0.0127051 0.0191749 0.027184 0.0365038 0.0465613 0.0563871 0.0648234 0.0709123 0.0741795 0.0746461 0.0726591 0.0687199 0.0633767 0.0571537 0.0504982 0.0437571 0.0371825 0.0309512 0.0251817 0.019949 0.0153006 0.0112732 0.00790177 0.00521227
 0.00787323 0.0128234 0.0193665 0.0274704 0.0368952 0.0470438 0.0569159 0.0653318 0.0713351 0.074479 0.0748221 0.0727383 0.0687345 0.0633488 0.0570913 0.0503987 0.0436107 0.0369743 0.0306646 0.0248063 0.0194908 0.0147878 0.0107522 0.00742473 0.00482055
 0.00790933 0.0128858 0.0194678 0.0276265 0.0371232 0.0473577 0.0573192 0.0658091 0.0718475 0.0749674 0.0752215 0.0729984 0.0688362 0.0633065 0.0569409 0.050179 0.0433491 0.0366822 0.0303411 0.0244467 0.0190961 0.014372 0.0103428 0.00705517 0.00451879
 0.00795957 0.0129473 0.0195242 0.0276526 0.037095 0.0472675 0.0571866 0.0656797 0.0717781 0.0750034 0.075378 0.0732539 0.0691413 0.0636028 0.0571809 0.0503378 0.0434229 0.036679 0.0302704 0.0243159 0.0189134 0.014151 0.0101054 0.00682799 0.0043254
 0.00800856 0.0130174 0.0196107 0.0277421 0.0371658 0.0472922 0.0571386 0.0655439 0.0715624 0.0747461 0.0751418 0.0731052 0.0691234 0.0637187 0.0573948 0.0505924 0.0436625 0.0368641 0.0303821 0.0243514 0.0188802 0.0140642 0.00998569 0.00669859 0.0042072
 0.00806073 0.0131089 0.0197598 0.0279669 0.0374764 0.0476793 0.0575652 0.0659468 0.0718675 0.0748926 0.0751041 0.072903 0.0688148 0.0633793 0.0570901 0.0503585 0.0435007 0.0367517 0.0302889 0.0242536 0.0187669 0.0139363 0.00985274 0.00657359 0.00410173
 0.00788536 0.012854 0.0194331 0.0275979 0.0371109 0.0473696 0.0573588 0.0658765 0.0719428 0.0750939 0.075385 0.0732041 0.0690846 0.0635914 0.0572478 0.0504841 0.0436179 0.036871 0.0304045 0.02435 0.0188297 0.0139602 0.00984268 0.00654183 0.00406223
 0.00799089 0.0129813 0.0195447 0.0276362 0.0370197 0.0471253 0.0569923 0.0654699 0.0715983 0.0748924 0.0753579 0.0733291 0.0693036 0.0638374 0.0574684 0.0506539 0.0437373 0.0369546 0.0304673 0.024399 0.0188637 0.0139756 0.00983916 0.00652412 0.00403805
 0.00807093 0.0130989 0.0196959 0.0278024 0.0371645 0.0471957 0.056928 0.065224 0.0711664 0.0743318 0.0747804 0.0728623 0.0690412 0.0638059 0.0576289 0.0509308 0.0440537 0.0372558 0.0307256 0.0246061 0.0190206 0.0140861 0.00990918 0.00656175 0.00405322
 0.00800044 0.0130002 0.0195766 0.0276783 0.037054 0.0471091 0.0568595 0.0651499 0.0710517 0.0741466 0.0745183 0.0725544 0.0687529 0.0636151 0.0575933 0.0510637 0.0443219 0.0375984 0.0310798 0.0249257 0.019281 0.0142808 0.0100429 0.00664537 0.00409998
 0.0080546 0.0130762 0.0196694 0.0277774 0.0371486 0.0471945 0.0569397 0.0652324 0.071136 0.0742147 0.0745353 0.0724834 0.0685769 0.0633531 0.0572988 0.050804 0.0441504 0.0375348 0.0311088 0.0250114 0.0193855 0.0143765 0.0101161 0.00669374 0.00412773
 0.00801416 0.0130259 0.0196212 0.0277502 0.0371605 0.0472529 0.0570352 0.0653419 0.0712348 0.0742874 0.0745784 0.0724973 0.0685577 0.0632928 0.0571947 0.0506695 0.044015 0.0374326 0.0310619 0.0250211 0.019435 0.0144421 0.010178 0.00674113 0.00415849
 0.00805544 0.0130764 0.0196677 0.0277732 0.0371429 0.0471922 0.0569497 0.0652652 0.0711992 0.0743068 0.0746426 0.0725798 0.0686301 0.0633345 0.0571964 0.0506322 0.0439496 0.0373578 0.0309993 0.0249864 0.0194323 0.0144638 0.0102107 0.00677297 0.00418277
 0.00811436 0.0131595 0.0197684 0.027875 0.0372216 0.0472206 0.0569056 0.0651401 0.0710057 0.0740802 0.0744317 0.0724295 0.0685637 0.0633468 0.0572611 0.0507165 0.044028 0.0374187 0.0310439 0.0250232 0.0194693 0.0145041 0.0102518 0.00680955 0.00421091
 0.00805546 0.0130792 0.0196755 0.0277857 0.0371528 0.0471802 0.0568858 0.0651191 0.0709579 0.0739903 0.0743051 0.0722925 0.0684541 0.0632981 0.0572886 0.0508127 0.0441681 0.0375732 0.0311899 0.0251491 0.0195731 0.014588 0.0103183 0.00686026 0.00424689
 0.00794605 0.0129143 0.0194525 0.0275133 0.0368512 0.04688 0.0566236 0.0649301 0.0708647 0.073993 0.0743807 0.0724065 0.0685776 0.0634203 0.0574157 0.0509575 0.0443371 0.0377609 0.0313813 0.0253274 0.0197261 0.0147108 0.0104112 0.00692664 0.00429138
 0.00774537 0.0126101 0.0190364 0.0269937 0.0362534 0.0462435 0.0560005 0.0643821 0.0704542 0.0737695 0.0743665 0.07259 0.0689178 0.0638602 0.0579003 0.051446 0.0448062 0.0381987 0.0317799 0.0256781 0.0200207 0.0149446 0.0105852 0.00704752 0.00436935
 0.00767948 0.0124892 0.0188301 0.0266688 0.0357852 0.0456331 0.0552879 0.0636447 0.069788 0.0732624 0.0740767 0.0725386 0.0690912 0.064219 0.0583891 0.0520049 0.0453817 0.0387506 0.032282 0.0261154 0.0203852 0.0152332 0.0108005 0.0071973 0.0044658
 0.00765818 0.0124382 0.0187225 0.0264674 0.0354497 0.0451329 0.0546175 0.0628345 0.0689076 0.0724119 0.073369 0.0720732 0.0689299 0.064372 0.0588167 0.0526329 0.0461222 0.0395208 0.0330159 0.0267679 0.0209311 0.0156637 0.0111195 0.00741784 0.004607
 0.00782789 0.0126905 0.0190565 0.0268627 0.0358658 0.0455126 0.0548919 0.0629327 0.0687735 0.0720252 0.0727605 0.0713256 0.0681596 0.0636988 0.058333 0.0523827 0.0460978 0.0396746 0.0332815 0.0270795 0.0212363 0.0159287 0.0113281 0.00756801 0.00470588
 0.00781952 0.0126915 0.0190842 0.0269395 0.0360103 0.0457261 0.0551484 0.0631793 0.0689435 0.0720584 0.0726217 0.0710156 0.0677176 0.0631958 0.0578559 0.0520131 0.0458898 0.0396424 0.0333996 0.0272968 0.0214947 0.0161791 0.0115388 0.00772601 0.00481251
 0.00772 0.0125552 0.0189272 0.0267947 0.0359212 0.0457345 0.0552805 0.0634355 0.0692935 0.0724423 0.0729609 0.0712325 0.0677597 0.0630533 0.0575665 0.0516497 0.0455375 0.0393724 0.0332507 0.0272695 0.0215597 0.0162937 0.0116634 0.00783383 0.00489205
 0.00763886 0.0124174 0.0187107 0.0264813 0.0355069 0.0452439 0.0547748 0.0630053 0.0690316 0.0724094 0.0731607 0.0716096 0.0682194 0.0634944 0.0579125 0.0518691 0.0456457 0.0394169 0.0332858 0.0273339 0.021665 0.0164275 0.0118017 0.00795454 0.00498306
 0.00764627 0.0124285 0.0187248 0.0264939 0.0355083 0.0452174 0.0547007 0.06287 0.0688406 0.0721958 0.0729789 0.0715142 0.068239 0.0636164 0.0580888 0.0520394 0.0457649 0.0394717 0.0332938 0.0273276 0.0216726 0.0164607 0.0118552 0.00801447 0.00503611
 0.00763778 0.0124072 0.0186793 0.0264099 0.0353731 0.0450262 0.0544611 0.0626008 0.0685665 0.0719409 0.0727662 0.071368 0.0681845 0.0636719 0.0582535 0.0522868 0.0460493 0.0397456 0.0335259 0.0275098 0.0218142 0.0165755 0.0119521 0.00809517 0.0050988
 0.00780461 0.0126515 0.0189962 0.0267755 0.0357486 0.0453664 0.0547226 0.0627488 0.0685796 0.0718165 0.0725215 0.0710373 0.0678128 0.063307 0.0579376 0.052048 0.045895 0.0396631 0.0334908 0.0274986 0.0218127 0.0165793 0.0119614 0.00810938 0.00511515
 0.00782738 0.0126995 0.0190873 0.0269297 0.0359781 0.0456638 0.0550525 0.0630524 0.0687934 0.0718951 0.0724526 0.0708416 0.0675322 0.0629902 0.0576296 0.0517835 0.0456955 0.0395345 0.0334248 0.0274779 0.0218182 0.0165965 0.0119819 0.00812929 0.00513249
 0.00761689 0.0123944 0.0186978 0.0264921 0.0355477 0.0453016 0.0548109 0.062964 0.0688627 0.0720951 0.0727311 0.071137 0.0677942 0.0631938 0.0577763 0.0518928 0.0457917 0.0396365 0.0335407 0.0276045 0.0219452 0.016712 0.0120773 0.0082013 0.00518243
 0.00745242 0.0121356 0.0183265 0.0260024 0.0349542 0.0446467 0.0541687 0.0624303 0.06853 0.0720205 0.0729152 0.0715253 0.0682993 0.063725 0.0582652 0.0523046 0.0461231 0.0399034 0.033764 0.0277992 0.0221171 0.0168597 0.0121969 0.00829095 0.00524408
 0.00745894 0.012129 0.0182847 0.0258943 0.0347477 0.0443224 0.0537333 0.061923 0.0680178 0.0715845 0.0726301 0.0714388 0.0684171 0.06401 0.0586507 0.0527182 0.0465083 0.0402307 0.0340285 0.0280105 0.0222873 0.016997 0.0123052 0.00837196 0.00530023
 0.00748191 0.012166 0.0183386 0.0259635 0.0348222 0.0443794 0.0537375 0.0618349 0.067811 0.0712632 0.0722373 0.0710474 0.0681068 0.0638399 0.058641 0.0528475 0.0467272 0.0404836 0.0342714 0.0282195 0.0224558 0.0171279 0.0124039 0.00844357 0.00534925
 0.00752777 0.0122316 0.0184206 0.0260539 0.0349101 0.0444551 0.053793 0.0618619 0.0677967 0.0711896 0.072089 0.0708236 0.0678316 0.0635613 0.0584157 0.0527193 0.0467108 0.0405623 0.0344092 0.0283772 0.0226041 0.0172514 0.0124985 0.00851117 0.00539452
 0.00759849 0.012337 0.0185613 0.0262227 0.0350932 0.0446338 0.0539465 0.0619705 0.0678451 0.0711704 0.0720019 0.0706733 0.067627 0.0633177 0.0581588 0.0524838 0.0465314 0.0404608 0.0343862 0.0284143 0.022674 0.0173291 0.0125674 0.00856421 0.0054311
 0.00735287 0.0119535 0.0180144 0.0255021 0.0342082 0.0436193 0.0528683 0.0609242 0.0669425 0.0705154 0.0716668 0.0706841 0.0679601 0.0639099 0.0589254 0.0533405 0.0474104 0.0413158 0.0351871 0.0291384 0.0233008 0.0178425 0.0129607 0.00884344 0.00561354
 0.0073811 0.0119702 0.0179857 0.0253788 0.0339389 0.0431709 0.0522442 0.0601693 0.0661331 0.0697413 0.0710141 0.0702233 0.0677382 0.0639433 0.0591973 0.0538047 0.0480034 0.0419718 0.0358491 0.0297625 0.0238554 0.0183063 0.0133232 0.00910589 0.00578803
 0.00735721 0.0119311 0.0179245 0.0252841 0.0337913 0.0429412 0.0518975 0.0596776 0.065494 0.0689933 0.0702377 0.0695242 0.067219 0.0636774 0.0592149 0.0540916 0.0485096 0.042625 0.0365704 0.0304796 0.0245111 0.0188623 0.0137608 0.0094241 0.00600058
 0.00732205 0.0118858 0.0178781 0.0252511 0.0337863 0.0429694 0.051946 0.0597127 0.0654665 0.0688525 0.0699519 0.0690985 0.0667037 0.0631592 0.0587923 0.0538447 0.0484785 0.0428027 0.0369113 0.0309165 0.0249739 0.0192927 0.0141202 0.00969612 0.00618737
 0.00724297 0.0117812 0.0177652 0.0251621 0.03376 0.0430385 0.052124 0.0599859 0.0657935 0.0691701 0.0701855 0.0691803 0.0665939 0.0628639 0.0583673 0.0533819 0.0480767 0.0425374 0.0368147 0.0309752 0.0251421 0.0195124 0.0143399 0.00988143 0.0063239
#obs surv len freq
 0.0049606 0.00812706 0.0123649 0.0176887 0.023973 0.0308525 0.037701 0.0437941 0.0485794 0.051854 0.0537351 0.0545082 0.0544942 0.0539924 0.0532645 0.0525241 0.0519156 0.0514729 0.0510571 0.0502989 0.0486163 0.0453786 0.0402089 0.0332761 0.0253619
 0.00517706 0.00847875 0.0128939 0.0184346 0.024966 0.0321023 0.0391853 0.0454534 0.0503244 0.0535803 0.0553373 0.0558874 0.055561 0.0546684 0.0534864 0.0522497 0.0511306 0.0501982 0.0493538 0.0482707 0.0464063 0.0431581 0.038153 0.0315307 0.0240122
 0.00539667 0.00884033 0.0134465 0.0192265 0.026035 0.0334609 0.0408054 0.0472624 0.0522167 0.0554389 0.0570526 0.0573655 0.056723 0.0554459 0.0538186 0.0520846 0.0504314 0.0489556 0.0476008 0.0460964 0.0439608 0.0406408 0.0357808 0.0294918 0.0224223
 0.0056441 0.00924454 0.0140587 0.0200958 0.0272001 0.0349349 0.0425609 0.0492244 0.0542722 0.0574575 0.0589079 0.058949 0.0579494 0.0562518 0.0541558 0.0519134 0.0497188 0.0476828 0.045782 0.0438014 0.0413318 0.037888 0.0331488 0.0272035 0.0206224
 0.00588951 0.00964585 0.0146671 0.0209608 0.0283601 0.0364031 0.0443098 0.0511807 0.0563262 0.0594837 0.060784 0.0605672 0.0592206 0.0571057 0.0545393 0.0517862 0.0490502 0.0464543 0.0440005 0.0415237 0.0386869 0.0350807 0.0304312 0.0248153 0.0187274
 0.00612555 0.0100362 0.0152667 0.0218248 0.0295326 0.0378998 0.0461001 0.0531824 0.0584186 0.0615317 0.0626609 0.0621673 0.0604613 0.0579251 0.0548915 0.0516364 0.0483715 0.0452298 0.0422359 0.039269 0.0360606 0.032278 0.0276996 0.022398 0.0167969
 0.00636541 0.0104266 0.0158557 0.0226581 0.0306465 0.039308 0.0477801 0.0550678 0.0604059 0.0634972 0.06448 0.0637286 0.061675 0.0587254 0.0552338 0.0514913 0.0477189 0.0440583 0.0405525 0.0371196 0.0335535 0.0295943 0.0250729 0.0200623 0.0149222
 0.00663654 0.0108691 0.0165242 0.0236034 0.0319036 0.04088 0.0496214 0.0570813 0.0624598 0.0654525 0.0662149 0.0651487 0.062713 0.0593361 0.0553894 0.0511761 0.0469252 0.0427859 0.0388161 0.0349664 0.0310852 0.0269781 0.0225251 0.0178009 0.013107
 0.00685537 0.0112328 0.0170862 0.0244182 0.0330155 0.0423044 0.0513273 0.0589844 0.0644339 0.0673555 0.0679132 0.0665348 0.0637117 0.0599036 0.0555066 0.0508395 0.0461395 0.0415612 0.0371743 0.0329565 0.0288022 0.0245729 0.020191 0.0157325 0.011447
 0.00705403 0.0115586 0.0175819 0.0251264 0.0339711 0.0435226 0.0527898 0.0606323 0.0661731 0.0690707 0.0694854 0.067855 0.0646923 0.0604843 0.055656 0.0505507 0.0454218 0.0404349 0.0356712 0.0311303 0.0267436 0.0224178 0.0181094 0.0138933 0.00997336
 0.00727462 0.0119174 0.0181222 0.0258873 0.0349793 0.0447796 0.0542588 0.0622362 0.0678064 0.0706211 0.0708523 0.0689581 0.0654717 0.0608991 0.0556827 0.0501825 0.0446674 0.039316 0.0342242 0.0294123 0.0248422 0.0204561 0.0162356 0.0122515 0.00866551
 0.00743366 0.0121821 0.0185316 0.0264814 0.0357901 0.0458178 0.0555001 0.0636172 0.0692338 0.0719909 0.0720677 0.0699416 0.0661684 0.0612751 0.0557213 0.0498801 0.0440304 0.0383616 0.0329835 0.0279371 0.023212 0.0187801 0.0146413 0.0108601 0.00756107
 0.00753418 0.0123462 0.0187807 0.0268374 0.0362736 0.046443 0.056269 0.0645131 0.07022 0.0730124 0.0730568 0.070826 0.0668806 0.06176 0.055941 0.0498139 0.0436727 0.0377204 0.0320819 0.0268183 0.0219443 0.0174573 0.0133727 0.0097481 0.00667649
 0.00761616 0.0124737 0.0189619 0.0270772 0.0365743 0.0468052 0.0566921 0.0649945 0.0707543 0.0735901 0.0736618 0.0714314 0.0674471 0.0622383 0.0562785 0.0499635 0.0436002 0.0374093 0.0315365 0.0260667 0.0210408 0.0164805 0.0124149 0.00889711 0.00599382
 0.0076712 0.0125586 0.0190814 0.0272323 0.0367625 0.0470213 0.0569285 0.0652437 0.0710116 0.0738567 0.0739445 0.0717373 0.0677754 0.0625735 0.0565876 0.0502007 0.0437158 0.0373614 0.0313017 0.0256476 0.02047 0.0158175 0.0117357 0.00827653 0.00548695
 0.00773176 0.0126525 0.0192137 0.0274043 0.0369708 0.047257 0.0571773 0.0654871 0.0712312 0.0740402 0.0740898 0.0718533 0.0678774 0.0626754 0.0566933 0.0502978 0.0437762 0.0373477 0.0311792 0.025398 0.0201005 0.0153631 0.0112515 0.00782209 0.00510888
 0.00776437 0.0127003 0.0192762 0.0274779 0.0370502 0.0473377 0.0572567 0.0655649 0.0713083 0.0741174 0.0741677 0.0719327 0.0679603 0.0627647 0.0567908 0.0504 0.04387 0.0374096 0.0311804 0.0253141 0.0199232 0.0151071 0.0109519 0.0075233 0.00484993
 0.0078108 0.012769 0.0193668 0.0275851 0.0371648 0.0474483 0.0573522 0.0656365 0.0713514 0.0741336 0.0741643 0.0719208 0.0679508 0.0627655 0.0568058 0.0504285 0.0439058 0.0374396 0.0311857 0.0252747 0.0198264 0.0149546 0.010762 0.00732503 0.004672
 0.00783646 0.0128092 0.0194241 0.0276602 0.0372554 0.0475482 0.057451 0.0657209 0.071409 0.0741571 0.0741547 0.0718867 0.0679056 0.0627229 0.056776 0.0504162 0.0439092 0.037451 0.0311919 0.0252603 0.019779 0.0148703 0.0106489 0.00720032 0.00455539
 0.00787889 0.0128711 0.0195043 0.027753 0.0373527 0.0476418 0.0575348 0.0657904 0.0714606 0.0741869 0.0741594 0.0718653 0.0678612 0.0626632 0.0567117 0.0503576 0.0438632 0.0374183 0.0311671 0.0252336 0.01974 0.0148132 0.0105752 0.0071187 0.0044778
 0.00791181 0.0129243 0.0195834 0.0278616 0.0374902 0.0478012 0.0577007 0.0659418 0.0715762 0.0742526 0.0741717 0.07183 0.0677891 0.0625663 0.0566014 0.0502445 0.0437565 0.0373244 0.0310879 0.0251661 0.0196782 0.0147516 0.0105117 0.00705585 0.00442101
 0.00788832 0.0128868 0.0195284 0.0277877 0.0373994 0.0477007 0.0576036 0.0658645 0.0715335 0.0742516 0.0742097 0.0718966 0.0678711 0.0626521 0.0566829 0.0503173 0.043819 0.0373767 0.0311304 0.0251984 0.0196986 0.0147584 0.0105052 0.0070393 0.00439963
 0.00788807 0.0128793 0.0195042 0.0277342 0.0373047 0.0475598 0.0574233 0.0656649 0.0713436 0.0741014 0.0741222 0.0718823 0.0679265 0.0627622 0.056827 0.0504747 0.0439732 0.0375167 0.0312503 0.0252954 0.0197719 0.0148084 0.0105341 0.00705126 0.00440024
 0.00788587 0.0128742 0.0194934 0.0277131 0.0372667 0.0474968 0.0573277 0.065533 0.0711797 0.0739208 0.07395 0.0717476 0.0678536 0.0627631 0.0568981 0.0505997 0.0441293 0.0376815 0.0314056 0.0254296 0.0198791 0.0148873 0.0105868 0.00708212 0.00441529
 0.00790505 0.0129028 0.0195315 0.0277585 0.0373151 0.0475416 0.0573605 0.0655436 0.0711579 0.0738594 0.0738489 0.0716166 0.0677123 0.0626363 0.0568087 0.0505611 0.0441419 0.0377344 0.0314818 0.0255119 0.0199542 0.0149476 0.0106296 0.0071089 0.00442965
 0.00786399 0.0128387 0.0194403 0.0276387 0.0371689 0.0473756 0.0571866 0.0653777 0.0710168 0.0737563 0.0737893 0.0715986 0.0677296 0.0626829 0.0568816 0.0506606 0.0442682 0.0378833 0.0316437 0.0256727 0.0201 0.0150679 0.0107199 0.00717044 0.00446748
 0.00784796 0.012808 0.0193857 0.0275495 0.0370361 0.0471973 0.0569717 0.0651467 0.0707971 0.0735744 0.073665 0.071541 0.0677375 0.0627473 0.0569897 0.0508 0.0444287 0.038057 0.0318227 0.0258476 0.02026 0.0152034 0.0108252 0.00724497 0.00451524
 0.00783535 0.0127846 0.0193449 0.027483 0.0369351 0.047055 0.0567872 0.0649271 0.0705585 0.073341 0.0734643 0.0713988 0.0676711 0.062762 0.0570788 0.0509476 0.0446157 0.0382648 0.0320353 0.0260518 0.0204445 0.0153595 0.0109476 0.00733317 0.00457313
 0.00778759 0.0127113 0.0192425 0.0273508 0.0367748 0.0468705 0.0565839 0.0647129 0.0703441 0.0731394 0.073291 0.0712703 0.0676031 0.062766 0.0571586 0.0510974 0.0448206 0.0385043 0.0322874 0.0262964 0.0206656 0.0155459 0.0110938 0.00743884 0.00464311
 0.00776865 0.0126739 0.0191746 0.0272382 0.036606 0.0466434 0.056311 0.0644203 0.0700643 0.0729013 0.0731128 0.0711596 0.0675607 0.0627905 0.0572479 0.0512479 0.0450241 0.038747 0.0325504 0.0265587 0.0209077 0.0157529 0.0112575 0.00755808 0.00472263
 0.00775684 0.0126551 0.0191466 0.0271977 0.0365479 0.0465601 0.0561938 0.0642635 0.06987 0.0726831 0.0728951 0.0709704 0.067424 0.0627206 0.0572487 0.0513157 0.0451506 0.0389205 0.0327555 0.026777 0.0211198 0.0159419 0.0114117 0.00767308 0.00480074
 0.00770533 0.0125745 0.0190313 0.0270454 0.0363603 0.0463442 0.0559622 0.0640326 0.0696566 0.0725 0.0727503 0.0708692 0.067372 0.0627241 0.0573127 0.0514402 0.0453297 0.0391422 0.0330039 0.0270333 0.021365 0.016159 0.0115889 0.00780572 0.00489123
 0.00770218 0.0125639 0.0190053 0.0269933 0.0362721 0.0462145 0.0557944 0.0638396 0.0694573 0.0723141 0.0725931 0.07075 0.0672948 0.0626903 0.0573236 0.0514975 0.0454334 0.0392887 0.0331838 0.0272323 0.0215657 0.0163442 0.0117451 0.00792582 0.00497501
 0.0076618 0.0125046 0.0189273 0.0269002 0.0361681 0.0461018 0.0556717 0.0637043 0.0693095 0.0721603 0.072447 0.0706285 0.0672131 0.0626574 0.0573416 0.0515636 0.0455425 0.0394342 0.0333574 0.0274225 0.021758 0.0165232 0.0118979 0.00804469 0.00505892
 0.00764386 0.0124731 0.0188761 0.0268231 0.0360617 0.0459688 0.0555226 0.063555 0.0691756 0.0720512 0.0723634 0.070567 0.0671711 0.0626372 0.0573488 0.051604 0.0456187 0.0395444 0.0334955 0.027579 0.0219205 0.0166781 0.012033 0.00815194 0.00513601
 0.00761742 0.0124346 0.0188262 0.0267647 0.0359979 0.0459008 0.0554492 0.063474 0.0690872 0.0719601 0.0722784 0.0704971 0.0671223 0.0626113 0.0573458 0.0516243 0.0456639 0.0396158 0.0335919 0.027695 0.0220468 0.0168031 0.0121454 0.00824351 0.00520329
 0.00760563 0.0124131 0.0187899 0.0267082 0.035918 0.0457992 0.0553342 0.0633589 0.0689854 0.0718804 0.0722227 0.0704629 0.0671063 0.062612 0.0573632 0.051659 0.0457165 0.0396864 0.0336796 0.0277967 0.0221564 0.016912 0.0122443 0.00832501 0.00526393
 0.00760798 0.0124165 0.0187941 0.026712 0.0359186 0.0457924 0.0553144 0.0633216 0.0689295 0.0718099 0.0721465 0.070391 0.0670467 0.0625687 0.0573373 0.0516503 0.045725 0.0397124 0.0337229 0.0278555 0.0222264 0.0169866 0.0123157 0.00838644 0.00531123
 0.00758259 0.0123804 0.0187492 0.0266634 0.0358729 0.0457552 0.0552881 0.0633046 0.0689173 0.0717971 0.072129 0.0703679 0.067021 0.062546 0.0573231 0.0516487 0.0457377 0.0397396 0.0337636 0.0279078 0.0222869 0.0170503 0.0123766 0.00843902 0.00535203
 0.00755229 0.0123298 0.0186712 0.0265518 0.0357258 0.0455785 0.0550982 0.063126 0.0687759 0.0717112 0.0721036 0.0703958 0.0670876 0.062636 0.0574252 0.0517561 0.0458474 0.0398501 0.0338735 0.028015 0.0223886 0.0171428 0.0124562 0.00850274 0.00539895
 0.00755602 0.0123339 0.0186733 0.0265478 0.03571 0.0455444 0.0550404 0.0630431 0.0686724 0.0715991 0.072 0.0703172 0.0670448 0.0626308 0.0574515 0.0518044 0.0459088 0.0399185 0.0339452 0.0280878 0.0224599 0.0172096 0.0125151 0.00855095 0.00543511
 0.00754058 0.0123136 0.0186514 0.0265299 0.0357016 0.0455479 0.0550524 0.0630545 0.0686719 0.0715775 0.0719547 0.0702542 0.0669766 0.062572 0.0574139 0.0517931 0.0459224 0.0399512 0.0339905 0.0281396 0.0225137 0.0172614 0.0125615 0.00858943 0.00546425
 0.00753074 0.0122965 0.018624 0.0264896 0.0356482 0.0454853 0.0549894 0.063003 0.0686413 0.0715703 0.0719646 0.0702699 0.0669876 0.0625743 0.0574109 0.0517929 0.0459325 0.0399756 0.0340283 0.0281867 0.0225646 0.017311 0.0126058 0.0086256 0.0054913
 0.00752635 0.012288 0.0186089 0.0264645 0.0356096 0.045431 0.0549204 0.062924 0.0685617 0.0715018 0.0719182 0.0702513 0.0669957 0.0626016 0.057448 0.0518328 0.0459732 0.0400184 0.0340753 0.0282379 0.0226177 0.0173621 0.0126509 0.00866213 0.00551824
 0.00750513 0.0122552 0.0185626 0.0264039 0.0355352 0.0453445 0.0548248 0.0628241 0.0684642 0.0714149 0.0718508 0.0702119 0.0669901 0.062631 0.0575075 0.0519135 0.0460647 0.0401124 0.0341665 0.0283238 0.0226963 0.0174313 0.0127086 0.00870688 0.0055502
 0.00749899 0.0122431 0.0185404 0.0263671 0.0354796 0.0452689 0.0547324 0.0627227 0.0683636 0.0713246 0.071778 0.0701614 0.0669653 0.062634 0.0575391 0.0519713 0.046143 0.0402032 0.0342614 0.0284157 0.0227802 0.017504 0.0127679 0.00875222 0.00558222
 0.00749899 0.0122431 0.0185404 0.0263671 0.0354796 0.0452689 0.0547324 0.0627227 0.0683636 0.0713246 0.071778 0.0701614 0.0669653 0.062634 0.0575391 0.0519713 0.046143 0.0402032 0.0342614 0.0284157 0.0227802 0.017504 0.0127679 0.00875222 0.00558222
 0.00723403 0.0118266 0.0179417 0.025571 0.0344943 0.0441344 0.0535281 0.0615636 0.0673808 0.0706335 0.0714515 0.0702172 0.0673694 0.0633166 0.0584123 0.0529467 0.0471428 0.0411656 0.0351415 0.0291836 0.0234193 0.0180094 0.0131454 0.00901645 0.00575403
 0.00723114 0.0117868 0.0178176 0.025298 0.0340086 0.043401 0.0525649 0.0604485 0.0662347 0.0695921 0.0706361 0.0697159 0.0672268 0.0635303 0.0589373 0.0537066 0.048046 0.0421214 0.0360717 0.0300293 0.024142 0.0185904 0.0135835 0.00932449 0.0059546
 0.00720054 0.011748 0.0177763 0.0252593 0.0339653 0.043322 0.0523928 0.0601151 0.0656936 0.0688518 0.0697734 0.0688586 0.066516 0.0630802 0.0588091 0.0539012 0.0485131 0.0427776 0.0368215 0.0307835 0.0248306 0.0191684 0.0140316 0.00964503 0.00616549
 0.00717453 0.0117074 0.0177194 0.0251869 0.0338827 0.043238 0.0523153 0.060042 0.0656035 0.0687021 0.0695166 0.0684707 0.0660223 0.0625595 0.0583704 0.0536448 0.0484964 0.0430006 0.0372337 0.0313047 0.0253761 0.0196684 0.0144423 0.00995027 0.00637138
 0.00716138 0.0116901 0.0177005 0.0251713 0.0338754 0.0432421 0.0523303 0.0600638 0.0656242 0.0687088 0.0694882 0.0683787 0.0658403 0.0622803 0.0580226 0.0532939 0.0482256 0.0428786 0.0372888 0.0315168 0.0256888 0.020013 0.0147598 0.0102048 0.00655201
#pred catch len freq
 0.00371993 0.00600712 0.00900064 0.0127221 0.0171877 0.0223594 0.0280773 0.0340492 0.0399112 0.0453063 0.0499398 0.053615 0.0562588 0.0579199 0.0587349 0.0588843 0.0585581 0.0579206 0.0570427 0.0557995 0.0537948 0.0504312 0.0451909 0.03802 0.0295489
 0.00402524 0.00646545 0.00962353 0.0135055 0.0181269 0.0234653 0.0293765 0.0355588 0.0415981 0.0470571 0.0515687 0.054915 0.0570721 0.0581909 0.058518 0.0583048 0.0577476 0.0569564 0.0559196 0.05445 0.0521528 0.0485064 0.0431083 0.0359921 0.027795
 0.00419029 0.00675965 0.0101123 0.0142613 0.019208 0.0248867 0.0310904 0.0374618 0.043565 0.0489769 0.0533516 0.0564705 0.0582871 0.0589393 0.0587034 0.0579045 0.0568213 0.0556105 0.0542533 0.052523 0.0499998 0.0461868 0.0407478 0.0337764 0.0259124
 0.0044448 0.00714777 0.0106534 0.014969 0.0201037 0.0260114 0.0324994 0.0391946 0.0456016 0.0512089 0.0555931 0.058506 0.0599269 0.0600485 0.0592008 0.0577521 0.0560233 0.0542173 0.0523547 0.050231 0.0474377 0.0434965 0.0381014 0.0313668 0.0239094
 0.00476997 0.0076622 0.0114003 0.0159772 0.0213812 0.02754 0.0342317 0.0410627 0.0475367 0.053155 0.0574994 0.0603001 0.061494 0.0612393 0.0598647 0.0577752 0.0553494 0.0528525 0.0503632 0.0477288 0.0445875 0.0405008 0.0351885 0.0287596 0.02178
 0.00506568 0.00814011 0.0121155 0.0169819 0.0227184 0.02923 0.0362536 0.0433398 0.0499378 0.0555156 0.0596559 0.0621224 0.062898 0.0621746 0.0602889 0.0576353 0.0545884 0.0514335 0.0482993 0.0451036 0.041562 0.0373033 0.0320845 0.0260015 0.0195505
 0.00530391 0.00852933 0.0127066 0.0178282 0.0238713 0.0307282 0.0381071 0.0455135 0.052342 0.0580078 0.062055 0.0642359 0.0645572 0.063263 0.0607499 0.0574553 0.0537708 0.0499854 0.0462424 0.0425042 0.0385596 0.0341169 0.0289839 0.0232488 0.0173336
 0.00555581 0.00893616 0.0133155 0.0186855 0.0250193 0.0321974 0.039903 0.047604 0.0546504 0.0604144 0.0644058 0.0663575 0.0662786 0.0644401 0.0612844 0.057302 0.05293 0.0484881 0.0441431 0.0398909 0.0355749 0.0309708 0.0259346 0.0205499 0.0151676
 0.00583367 0.00937826 0.0139643 0.0195779 0.0261848 0.0336529 0.0416432 0.0495905 0.0568073 0.0626314 0.0665483 0.0682801 0.0678405 0.0655186 0.061786 0.0571685 0.0521404 0.0470583 0.0421257 0.0373812 0.0327213 0.027979 0.023049 0.018006 0.013133
 0.00614987 0.00986974 0.0146632 0.0205024 0.0273413 0.0350375 0.0432382 0.0513571 0.058681 0.0645233 0.0683516 0.0698813 0.0691301 0.0664015 0.0621869 0.0570347 0.0514431 0.0457962 0.0403323 0.0351357 0.0301587 0.0252896 0.0204572 0.0157251 0.0113124
 0.00632682 0.0101665 0.0151265 0.0211812 0.0282763 0.036245 0.0446946 0.052995 0.0604007 0.0662144 0.0699113 0.0712226 0.0701824 0.0671073 0.0624999 0.0569181 0.0508711 0.0447591 0.0388466 0.0332579 0.0279981 0.0230087 0.0182508 0.0137799 0.00975906
 0.00641373 0.010312 0.0153553 0.0215246 0.0287722 0.0369343 0.0456105 0.0541469 0.0617575 0.0676963 0.0713982 0.0725791 0.0712888 0.067881 0.0628975 0.0569239 0.0504826 0.0439805 0.0376947 0.031776 0.0262712 0.0211679 0.0164577 0.0121914 0.00848659
 0.00651939 0.0104744 0.0155833 0.0218231 0.0291454 0.0373902 0.0461627 0.0548116 0.0625461 0.0686042 0.0723938 0.0735982 0.0722399 0.0686626 0.0634203 0.0571271 0.0503379 0.0434864 0.0368709 0.0306649 0.0249456 0.0197347 0.0150482 0.0109342 0.0074747
 0.00658392 0.0105827 0.0157521 0.0220691 0.029481 0.037817 0.0466672 0.0553677 0.0631245 0.0691835 0.0729655 0.07416 0.0727823 0.0691567 0.0638155 0.0573608 0.0503515 0.0432402 0.0363534 0.0298974 0.0239835 0.018665 0.0139781 0.0099692 0.00669219
 0.00673161 0.0107988 0.0160338 0.0224012 0.0298437 0.0381972 0.0470636 0.0557858 0.0635646 0.0696311 0.0733919 0.0745337 0.0730818 0.0693745 0.0639501 0.0574039 0.0502806 0.0430243 0.0359661 0.0293335 0.0232693 0.0178597 0.0131633 0.00922823 0.00608774
 0.00680917 0.0109282 0.0162335 0.0226866 0.0302199 0.0386499 0.0475553 0.0562629 0.0639761 0.0699484 0.0736149 0.0746814 0.0731746 0.0694232 0.0639544 0.0573562 0.0501685 0.0428305 0.0356721 0.0289278 0.0227599 0.0172803 0.012569 0.00868083 0.00563655
 0.00681346 0.0109412 0.0162654 0.0227534 0.030343 0.0388524 0.0478545 0.05666 0.064447 0.0704418 0.0740645 0.0750273 0.0733846 0.0694985 0.06392 0.0572425 0.0499968 0.0426078 0.0353945 0.0285894 0.0223628 0.0168427 0.0121252 0.00827258 0.005299
 0.00683013 0.0109548 0.0162617 0.0227133 0.030251 0.0387087 0.0476839 0.056511 0.0643776 0.0704985 0.0742624 0.0753428 0.0737622 0.0698717 0.0642328 0.0574636 0.050119 0.0426377 0.0353414 0.028461 0.0221683 0.0165985 0.0118577 0.00801348 0.00507685
 0.00689687 0.0110517 0.0163848 0.0228483 0.0303732 0.0387862 0.0476845 0.0564134 0.0641852 0.070248 0.074019 0.0751782 0.0737258 0.0699705 0.0644319 0.0577041 0.0503422 0.0428022 0.0354274 0.0284658 0.0221007 0.0164753 0.0117019 0.00785134 0.00493167
 0.00691119 0.0110832 0.0164467 0.0229566 0.0305406 0.0390129 0.0479503 0.056677 0.064393 0.0703514 0.0739931 0.0750342 0.0735097 0.0697462 0.0642555 0.0576026 0.0503085 0.042805 0.0354302 0.0284415 0.0220378 0.0163773 0.0115829 0.00772938 0.00482336
 0.0067794 0.0108935 0.0162076 0.0226938 0.0302926 0.0388218 0.047852 0.0566926 0.0645222 0.0705689 0.0742522 0.0752802 0.0736995 0.0698638 0.0643149 0.0576359 0.0503458 0.0428596 0.0354949 0.0284975 0.0220672 0.0163724 0.0115477 0.0076765 0.00476727
 0.00681834 0.0109262 0.0162019 0.0226054 0.0300823 0.0384801 0.0474172 0.0562465 0.0641637 0.0703762 0.074256 0.0754578 0.0739897 0.0701929 0.0646222 0.0578888 0.0505403 0.0430088 0.0356136 0.0285924 0.0221366 0.0164125 0.0115592 0.00766614 0.00474534
 0.00685109 0.0109716 0.0162532 0.0226452 0.0300794 0.0383904 0.047193 0.0558569 0.0636203 0.0697499 0.073666 0.0750318 0.0738145 0.0702829 0.0649234 0.0583105 0.0509936 0.0434312 0.0359739 0.0288816 0.0223566 0.016569 0.0116603 0.00772279 0.00477085
 0.00682214 0.0109343 0.0162149 0.022617 0.0300711 0.038402 0.0472074 0.0558386 0.0635243 0.0695398 0.0733361 0.0746226 0.0734085 0.0699779 0.0647936 0.0583777 0.051224 0.0437571 0.036324 0.0292028 0.0226201 0.0167661 0.0117951 0.00780624 0.00481665
 0.0068618 0.0109896 0.0162817 0.0226876 0.0301386 0.0384657 0.0472737 0.0559158 0.0636105 0.0696133 0.0733572 0.0745497 0.0732222 0.0696993 0.0644823 0.0581092 0.0510575 0.0437136 0.0363845 0.0293249 0.0227594 0.0168908 0.0118896 0.00786873 0.00485274
 0.006831 0.0109516 0.0162464 0.0226699 0.0301527 0.0385169 0.0473542 0.0560075 0.0636948 0.0696795 0.0734023 0.0745709 0.0732098 0.0696393 0.0643695 0.0579587 0.0509046 0.0435986 0.0363336 0.0293396 0.0228202 0.0169698 0.0119637 0.00792533 0.00488945
 0.00684314 0.0109606 0.0162411 0.0226365 0.0300815 0.038412 0.0472375 0.0559132 0.0636536 0.0697036 0.0734804 0.0746756 0.0733113 0.0697146 0.0644055 0.0579528 0.0508655 0.0435456 0.0362903 0.029324 0.0228368 0.0170101 0.0120127 0.00796976 0.00492232
 0.00687153 0.0109981 0.0162807 0.0226642 0.030078 0.0383565 0.047115 0.0557225 0.0634144 0.0694566 0.0732768 0.0745586 0.0732987 0.0697936 0.0645414 0.0581057 0.0510052 0.0436583 0.0363776 0.0293957 0.0229027 0.0170743 0.0120729 0.0080207 0.00496032
 0.00681961 0.0109266 0.0161966 0.0225805 0.0300079 0.0383056 0.0470755 0.0556745 0.0633356 0.0693348 0.0731202 0.0743967 0.0731725 0.0697394 0.0645754 0.0582185 0.0511682 0.0438375 0.0365467 0.0295414 0.0230228 0.0171715 0.0121502 0.00807967 0.00500224
 0.00670863 0.0107601 0.0159725 0.0223084 0.0297088 0.0380092 0.0468161 0.0554843 0.063234 0.0693207 0.0731718 0.0744828 0.073269 0.0698399 0.0646901 0.0583621 0.0513468 0.0440428 0.0367598 0.0297417 0.0231957 0.0173107 0.0122558 0.00815533 0.00505306
 0.00653606 0.0104995 0.0156178 0.0218677 0.0292032 0.0374696 0.0462816 0.0550014 0.0628532 0.0690866 0.0731113 0.0745956 0.0735271 0.0701973 0.0650986 0.0587851 0.051763 0.0444412 0.0371314 0.0300758 0.0234812 0.0175401 0.0124282 0.00827605 0.00513148
