SBPRF35
7.78865
Curr Bio
538097
B35
682105
F35
0.223702
FOFL
0.176497
OFL
74082.1
Bzero
2.22533e+06
#pred survey bio
 4.54972e+06 4.28843e+06 4.03877e+06 3.75082e+06 3.4428e+06 3.14073e+06 2.80962e+06 2.49471e+06 2.22713e+06 1.97045e+06 1.74404e+06 1.52653e+06 1.35656e+06 1.18966e+06 1.04645e+06 916715 832855 765681 710162 688214 665576 634745 620946 604954 598376 586263 583628 584140 573499 573329 566654 563945 547044 546160 533055 523239 506320 492301 495144 500475 517203 524295 526175 537632 542500 548332 550131 556860 554384 568475 570901 576713 569458 573859 563339 536534 516554 507063 485988 515061 537901 1.90775e+07 1.19523e+07 1.25416e+07 1.33167e+07 1.41474e+07 1.49149e+07 1.55637e+07 1.60812e+07 1.64782e+07 1.67749e+07 1.69931e+07 1.7152e+07 1.72673e+07 1.73509e+07 1.74117e+07 1.74561e+07 1.74886e+07 1.75127e+07 1.75306e+07 1.7544e+07 1.7554e+07 1.75616e+07 1.75674e+07 1.75717e+07 1.75751e+07 1.75776e+07 1.75796e+07 1.75811e+07 1.75822e+07 1.75831e+07 1.75838e+07 1.75843e+07 1.75848e+07 1.75851e+07 1.75853e+07 1.75855e+07 1.75856e+07 1.75858e+07 1.75858e+07 1.75859e+07 1.7586e+07 1.7586e+07 1.7586e+07 1.75861e+07 1.75861e+07 1.75861e+07 1.75861e+07 1.75861e+07 1.75861e+07 1.75861e+07 1.75861e+07 1.75861e+07 1.75861e+07 1.75861e+07 1.75861e+07 1.75861e+07 1.75861e+07 1.75861e+07 1.75861e+07 1.75861e+07 1.75861e+07 1.75861e+07 1.75861e+07 1.75861e+07 1.75861e+07 1.75861e+07 1.75861e+07 1.75861e+07 1.75861e+07 1.75861e+07 1.75861e+07 1.75861e+07 1.75861e+07 1.75861e+07 1.75861e+07 1.75861e+07 1.75861e+07 1.75861e+07 1.75861e+07 1.75861e+07 1.75861e+07 1.75861e+07 1.75861e+07 1.75861e+07 1.75861e+07 1.75861e+07 1.75861e+07 1.75861e+07 1.75861e+07 1.75861e+07 1.75861e+07 1.75861e+07 1.75861e+07 1.75861e+07 1.75861e+07 1.75861e+07 1.75861e+07 1.75861e+07 1.75861e+07 1.75861e+07 0 0 0 0 0 0 0 0 0 0 0 0 0 0 0 0 0 0 0 0 0 0 0 0 0
#obs survey bio
 3.06423e+06 3.33838e+06 3.09893e+06 2.53442e+06 2.89108e+06 2.09139e+06 3.22781e+06 1.65614e+06 1.86643e+06 1.3685e+06 1.55562e+06 1.52843e+06 996618 1.56297e+06 1.0503e+06 759164 763969 497438 584508 671183 722209 796538 595172 541540 545657 384644 665052 556638 418320 389890 493958 607224 833897 679340 475000 493877 623029 416348 604759 478398 719268 623213 366511 339561 675677 541029 508687 552760 630599 637446 551780 352804 522266 707635 676498 558663 663652 405874 426482 519721 447855
#pred catch bio
 97933.5 99648.3 156268 201742 226730 285147 301647 286717 300408 291884 297563 265066 267655 247992 235170 194395 179574 168171 137320 134953 137451 118936 118291 109139 113221 104830 101375 108817 98073.2 101563 95496.7 104060 86801 93533.5 87115.6 91705.9 91715.9 82170.6 83482.7 75708.4 84985.9 89859.6 83031.3 90005.6 89548.6 93134.2 89429.8 97495.5 84145.7 94456 91436.7 102254 92241.9 104379 117018 111143 103740 114666 75432.7 85497.6 101476 74082.1 95547.8 99319.8 104476 110411 115943 120526 124058 126649 128482 129743 130591 131154 131521 131759 131912 132009 132071 132110 132134 132150 132159 132165 132169 132172 132173 132174 132174 132175 132175 132175 132175 132175 132175 132175 132175 132175 132175 132175 132175 132175 132175 132175 132175 132175 132175 132175 132175 132175 132175 132175 132175 132175 132175 132175 132175 132175 132175 132175 132175 132175 132175 132175 132175 132175 132175 132175 132175 132175 132175 132175 132175 132175 132175 132175 132175 132175 132175 132175 132175 132175 132175 132175 132175 132175 132175 132175 132175 132175 132175 132175 132175 132175 132175 132175 132175 132175 132175 132175 132175 0 0 0 0 0 0 0 0 0 0 0 0 0 0 0 0 0 0 0 0 0 0 0 0 0
#obs catch bio
 0 99457.2 156976 203202 228290 289243 306286 291450 306539 298148 304012 269932 274620 251975 239002 196785 181345 172209 139683 136931 139118 119572 118588 109717 114035 106088 102527 109819 98712.4 102710 95903.1 104922 86942.7 93595 87185.8 91736.7 91455.9 82088.9 83666.7 75415.4 84535.1 89630.6 82665.9 90388 89338.7 92846 89340.9 97380.6 83925.4 94431.2 91089.7 102215 91818.8 103506 115885 110077 102435 114611 74794.5 85069.2 101591
#pred cpue bio
 4.4789e+06 4.2206e+06 3.97274e+06 3.68554e+06 3.37896e+06 3.07821e+06 2.74887e+06 2.43588e+06 2.16993e+06 1.91524e+06 1.69101e+06 1.47606e+06 1.30817e+06 1.14404e+06 1.00372e+06 876625 794277 728306 674181 653356 632139 602918 590044 574621 568129 556247 553681 554608 544756 544896 538886 536877 521104 520974 508943 499890 482952 467670 469136 474208 490743 497754 499475 510281 514877 520691 522450 528917 526454 540112 542614 548372 541259 545521 535391 509052 488938 479029 458098 485820 507572 1.80013e+07 1.12933e+07 1.18243e+07 1.2528e+07 1.33344e+07 1.40968e+07 1.47447e+07 1.5262e+07 1.5659e+07 1.59557e+07 1.61739e+07 1.63328e+07 1.64481e+07 1.65317e+07 1.65925e+07 1.66369e+07 1.66695e+07 1.66935e+07 1.67114e+07 1.67248e+07 1.67348e+07 1.67424e+07 1.67482e+07 1.67526e+07 1.67559e+07 1.67585e+07 1.67604e+07 1.67619e+07 1.67631e+07 1.6764e+07 1.67646e+07 1.67652e+07 1.67656e+07 1.67659e+07 1.67661e+07 1.67663e+07 1.67665e+07 1.67666e+07 1.67667e+07 1.67667e+07 1.67668e+07 1.67668e+07 1.67669e+07 1.67669e+07 1.67669e+07 1.67669e+07 1.67669e+07 1.67669e+07 1.67669e+07 1.6767e+07 1.6767e+07 1.6767e+07 1.6767e+07 1.6767e+07 1.6767e+07 1.6767e+07 1.6767e+07 1.6767e+07 1.6767e+07 1.6767e+07 1.6767e+07 1.6767e+07 1.6767e+07 1.6767e+07 1.6767e+07 1.6767e+07 1.6767e+07 1.6767e+07 1.6767e+07 1.6767e+07 1.6767e+07 1.6767e+07 1.6767e+07 1.6767e+07 1.6767e+07 1.6767e+07 1.6767e+07 1.6767e+07 1.6767e+07 1.6767e+07 1.6767e+07 1.6767e+07 1.6767e+07 1.6767e+07 1.6767e+07 1.6767e+07 1.6767e+07 1.6767e+07 1.6767e+07 1.6767e+07 1.6767e+07 1.6767e+07 1.6767e+07 1.6767e+07 1.6767e+07 1.6767e+07 1.6767e+07 1.6767e+07 1.6767e+07 1.6767e+07 0 0 0 0 0 0 0 0 0 0 0 0 0 0 0 0 0 0 0 0 0 0 0 0 0
#obs cpue bio
 3.62737e+06 3.50844e+06 3.74272e+06 3.13704e+06 3.521e+06 2.83662e+06 2.18711e+06 2.38233e+06 2.0751e+06 2.02353e+06 1.95501e+06 1.22276e+06 1.04407e+06 1.2029e+06 884734 897347 866171 417983 657604 677682 648419 529250 769407 436065 567618 461927 404954 719004 640773 577727 787593 447548 370974 566412 475763 607468 528700 436174 343354 674287 484630 370987 744420 468534 645659 618748 439885 675875 406234 519089 652516 859788 679831 701076 551886 531520 506616 410069 641920 495891 436614
#pred surv len freq
 0.00462987 0.00749626 0.0112494 0.0158753 0.0212905 0.0272738 0.0334247 0.0392432 0.0443037 0.0483893 0.0514978 0.0537619 0.0553633 0.056472 0.0572005 0.0575768 0.0575453 0.0569884 0.0557426 0.0535939 0.0502787 0.045549 0.0393328 0.0319174 0.0240037
 0.00500249 0.0080094 0.011855 0.0164834 0.0218097 0.0276666 0.0337375 0.0395805 0.0447532 0.0489445 0.0520313 0.0540711 0.0552632 0.0558835 0.0561933 0.0563514 0.0563645 0.0560852 0.0552394 0.0534673 0.050387 0.04571 0.0394078 0.0318585 0.0238443
 0.00515043 0.00829474 0.0123605 0.0172958 0.0229783 0.0291513 0.0353835 0.0411541 0.0460346 0.0498184 0.052509 0.0542275 0.0551457 0.055469 0.0554255 0.0552209 0.054965 0.0546019 0.0538777 0.0523667 0.0495756 0.0451216 0.0389445 0.0314513 0.0234763
 0.00533525 0.00858118 0.0127707 0.0178545 0.0237237 0.0301401 0.0366749 0.0427673 0.0478981 0.0517484 0.054248 0.0555316 0.0558645 0.0555674 0.0549456 0.054234 0.0535586 0.0528985 0.0520426 0.0505791 0.0479765 0.0437793 0.0378611 0.0305973 0.0228217
 0.00558293 0.0089728 0.0133391 0.0186222 0.0246995 0.0313161 0.0380266 0.0442596 0.0494937 0.053406 0.0559015 0.0570638 0.0571054 0.0563324 0.0550942 0.0537117 0.0524036 0.0512238 0.0500144 0.0483939 0.0458306 0.0418337 0.0362179 0.0292972 0.0218577
 0.00578658 0.0093088 0.013854 0.0193628 0.0257035 0.0325976 0.0395609 0.0459781 0.0512958 0.0551832 0.0575593 0.0585271 0.0583049 0.0571837 0.0554907 0.0535444 0.0516014 0.049792 0.0480501 0.046075 0.0433815 0.0394811 0.0341464 0.0276206 0.0206106
 0.0060487 0.00972746 0.0144714 0.0202166 0.026824 0.0340012 0.0412383 0.0478825 0.0533382 0.0572396 0.0594881 0.0601924 0.0595973 0.0580269 0.0558316 0.0533362 0.0507998 0.0483743 0.0460512 0.0436142 0.0406628 0.0367575 0.0316636 0.0255601 0.0190561
 0.00634455 0.0101984 0.0151621 0.0211631 0.0280497 0.0355094 0.0430022 0.0498404 0.0553982 0.059291 0.0614129 0.0618736 0.0609254 0.0589089 0.0561969 0.0531373 0.0500073 0.0469782 0.044077 0.0411503 0.0378795 0.0338962 0.0289885 0.0232918 0.0173171
 0.00657076 0.0105687 0.0157244 0.0219647 0.0291292 0.0368837 0.0446522 0.051704 0.0573773 0.0612686 0.0632705 0.0635028 0.0622323 0.0598142 0.0566349 0.0530549 0.0493655 0.0457581 0.0422935 0.0388743 0.0352569 0.0311461 0.0263672 0.0210291 0.0155562
 0.00679532 0.0109341 0.016276 0.0227472 0.0301811 0.0382266 0.0462768 0.0535595 0.0593715 0.0632785 0.0651601 0.0651418 0.0635124 0.0606576 0.0569927 0.0528986 0.0486778 0.0445327 0.0405464 0.0366664 0.0327157 0.0284699 0.0237963 0.0187891 0.013796
 0.00702764 0.0113048 0.0168216 0.0234995 0.0311644 0.0394523 0.0477345 0.0552097 0.0611445 0.0650798 0.0668796 0.0666648 0.0647315 0.0614839 0.0573639 0.0527785 0.048052 0.0434035 0.038937 0.0346358 0.030378 0.0260007 0.0214124 0.0166984 0.0121412
 0.00732289 0.0117749 0.0175108 0.0244423 0.0323797 0.0409341 0.0494413 0.0570609 0.0630294 0.0668771 0.0684765 0.0679675 0.065669 0.0620072 0.0574429 0.0523997 0.0472151 0.0421215 0.0372408 0.0325864 0.0280817 0.0236156 0.019131 0.0147061 0.0105655
 0.0074163 0.0119516 0.0178229 0.0249546 0.0331557 0.0420129 0.0508157 0.0586684 0.0647619 0.0686035 0.0700656 0.0693063 0.0666721 0.0626198 0.0576376 0.0521692 0.0465653 0.0410686 0.0358161 0.0308466 0.0261221 0.0215741 0.0171738 0.0129927 0.00920669
 0.00761353 0.0122595 0.0182645 0.0255487 0.0339205 0.0429681 0.0519771 0.0600325 0.0662882 0.0702037 0.0716098 0.0706478 0.0676803 0.0632072 0.0577681 0.0518496 0.0458288 0.0399604 0.0343887 0.0291667 0.0242813 0.0196943 0.0153968 0.0114518 0.00799193
 0.00789833 0.0127003 0.0188863 0.0263589 0.0349083 0.0441047 0.0532158 0.061313 0.0675464 0.0713823 0.0726612 0.071526 0.0683325 0.0635742 0.0577974 0.0515114 0.0451242 0.0389196 0.0330645 0.0276302 0.0226234 0.0180257 0.0138385 0.0101131 0.00694382
 0.00827628 0.0132905 0.0197285 0.0274714 0.036282 0.0456967 0.0549418 0.0630491 0.0691469 0.0727114 0.0736227 0.0720774 0.0684801 0.0633541 0.0572542 0.050684 0.044044 0.0376177 0.0315817 0.0260241 0.0209714 0.0164218 0.0123821 0.00888891 0.00600111
 0.00854055 0.0137021 0.0203144 0.0282449 0.0372417 0.0468238 0.0561958 0.0643637 0.0704333 0.0738699 0.0745586 0.0727164 0.06878 0.0633089 0.0568891 0.0500421 0.0431723 0.03656 0.0303797 0.0247258 0.0196384 0.0151299 0.0112118 0.00790827 0.00524864
 0.00855064 0.0137565 0.020466 0.0285648 0.0377991 0.0476565 0.057284 0.0656259 0.071747 0.0751041 0.0756009 0.0734861 0.0692293 0.0634213 0.0566758 0.0495379 0.0424275 0.0356311 0.0293234 0.0235984 0.0184988 0.0140416 0.0102382 0.00710083 0.00463432
 0.00855288 0.0137571 0.0204644 0.0285669 0.0378265 0.0477544 0.0575194 0.0660677 0.0724321 0.0760063 0.076624 0.0744893 0.070071 0.0639973 0.0569358 0.0494812 0.0420885 0.0350639 0.0285908 0.0227653 0.0176302 0.0132009 0.00948244 0.00647383 0.00415796
 0.00844432 0.0135788 0.0201933 0.0281822 0.0373174 0.0471313 0.0568278 0.065395 0.0718998 0.0757441 0.0767316 0.0749974 0.0709217 0.0650548 0.0580271 0.0504456 0.0428146 0.035503 0.0287492 0.0226876 0.017382 0.0128553 0.00910904 0.00612904 0.00387792
 0.00836392 0.0134557 0.0200215 0.027959 0.0370411 0.0467994 0.0564383 0.0649537 0.0714311 0.0753001 0.0763908 0.0748492 0.0710373 0.0654558 0.0586676 0.0512201 0.0435899 0.0361582 0.0292069 0.0229247 0.0174228 0.0127536 0.00892937 0.00592965 0.00370033
 0.00849049 0.0136327 0.0202345 0.0281769 0.0372242 0.0469132 0.056463 0.0648851 0.071274 0.0750633 0.0760895 0.0745142 0.0707204 0.0652225 0.0585751 0.0512912 0.0437983 0.0364363 0.0294716 0.0231089 0.0174952 0.0127215 0.00882616 0.00579749 0.00357441
 0.00866382 0.0138786 0.0205369 0.0284953 0.0375008 0.0470882 0.0564898 0.064742 0.0709703 0.0746388 0.0756065 0.0740417 0.070318 0.0649323 0.0584218 0.0512834 0.0439255 0.0366648 0.029747 0.0233699 0.0176924 0.0128326 0.00885767 0.00577474 0.00352736
 0.00876724 0.0140554 0.0208168 0.0289044 0.0380483 0.0477472 0.0571864 0.0653625 0.0713932 0.0747758 0.0754327 0.0735998 0.0696988 0.0642446 0.0577646 0.0507294 0.0435148 0.0364046 0.0296163 0.023328 0.0176928 0.012837 0.00884593 0.00574491 0.00348849
 0.00883375 0.0141494 0.0209336 0.029035 0.0381868 0.0478997 0.0573717 0.065601 0.0716849 0.0750847 0.0756898 0.073729 0.0696512 0.0640207 0.0574135 0.050327 0.0431363 0.0361029 0.0294132 0.0232162 0.017646 0.0128237 0.00884109 0.00573573 0.00347327
 0.00882514 0.0141569 0.0209833 0.0291613 0.0384197 0.0482473 0.0578093 0.0660754 0.0721344 0.0754603 0.0759633 0.0738848 0.0696753 0.0639002 0.0571483 0.0499425 0.0426842 0.0356476 0.0290111 0.0229004 0.0174225 0.0126784 0.00875101 0.00567985 0.00343727
 0.00862631 0.0138618 0.0205934 0.0287012 0.0379361 0.0478034 0.0574756 0.0659153 0.0721862 0.0757218 0.0763892 0.074402 0.0702052 0.0643765 0.0575247 0.0501947 0.0428112 0.0356708 0.0289677 0.0228305 0.0173567 0.0126312 0.00872335 0.0056655 0.00342958
 0.00856119 0.0137357 0.020368 0.0283329 0.0373928 0.0470884 0.0566461 0.0650821 0.0714874 0.0752818 0.076282 0.0746328 0.0707156 0.065066 0.05828 0.0509164 0.0434301 0.0361538 0.0293142 0.0230623 0.0175049 0.0127249 0.0087833 0.00570402 0.00345339
 0.00860459 0.0138053 0.0204686 0.0284618 0.0375332 0.0472033 0.0566804 0.0649785 0.0712149 0.0748618 0.0757929 0.0741856 0.0704117 0.0649605 0.0583678 0.0511437 0.0437218 0.0364405 0.0295502 0.02323 0.0176094 0.0127827 0.00881247 0.00571806 0.0034602
 0.00841995 0.0135363 0.0201218 0.0280646 0.0371265 0.0468292 0.0563698 0.0647441 0.0710493 0.0747433 0.0756992 0.074111 0.0703773 0.0650074 0.0585352 0.0514439 0.0441291 0.0369001 0.029999 0.0236184 0.0179118 0.0129974 0.00895295 0.00580359 0.00350891
 0.00833452 0.0133933 0.0199008 0.0277484 0.0367106 0.0463332 0.055844 0.0642619 0.070685 0.0745436 0.0756668 0.0742098 0.0705555 0.0652241 0.0587752 0.0517143 0.0444416 0.0372532 0.0303708 0.0239741 0.0182187 0.0132361 0.00912105 0.00591135 0.00357209
 0.00815311 0.0131202 0.0195295 0.0272855 0.0361711 0.0457353 0.0552088 0.0636201 0.0700849 0.074051 0.075352 0.0741242 0.0707105 0.0655868 0.0592827 0.052299 0.0450502 0.0378509 0.0309345 0.0244831 0.0186532 0.0135817 0.00937436 0.00608133 0.00367613
 0.00811124 0.0130497 0.0194197 0.0271266 0.035958 0.0454724 0.0549117 0.0633125 0.0697897 0.0737838 0.0751222 0.0739434 0.0705985 0.0655675 0.059372 0.052494 0.045329 0.0381811 0.031283 0.0248216 0.0189587 0.0138374 0.0095715 0.00622003 0.00376463
 0.00795821 0.0128048 0.0190588 0.0266307 0.0353187 0.0446992 0.0540413 0.0624114 0.0689478 0.0730964 0.0746684 0.0737682 0.0707067 0.0659287 0.059934 0.0531958 0.0461093 0.038982 0.0320526 0.0255175 0.0195511 0.0143108 0.00992446 0.00646386 0.00391944
 0.00799553 0.012849 0.0190942 0.0266307 0.0352503 0.0445317 0.0537552 0.0620055 0.0684414 0.0725302 0.0741011 0.0732686 0.07034 0.065742 0.0599459 0.0533948 0.04646 0.0394352 0.0325545 0.0260175 0.0200073 0.0146945 0.0102219 0.00667562 0.00405728
 0.00861766 0.0137246 0.0201599 0.0277406 0.0362144 0.0451796 0.0539886 0.0618136 0.0678828 0.0717014 0.0731116 0.0722272 0.0693466 0.0648806 0.0592771 0.0529498 0.0462386 0.0394092 0.0326766 0.0262315 0.0202589 0.0149394 0.0104304 0.00683406 0.0041654
 0.00939673 0.0149348 0.0218679 0.0299488 0.0388359 0.0480163 0.0567274 0.0640696 0.069298 0.0720615 0.0724134 0.0706593 0.0672061 0.0624787 0.0568765 0.0507406 0.0443383 0.0378722 0.0315063 0.0253942 0.019698 0.0145894 0.0102285 0.00672723 0.00411414
 0.00940527 0.0150548 0.0222431 0.0307742 0.0403028 0.0502233 0.0595987 0.0673266 0.0725066 0.0747353 0.0741362 0.0711879 0.0665226 0.0607781 0.0544931 0.0480483 0.0416645 0.0354512 0.0294709 0.0237907 0.0185103 0.0137623 0.00968836 0.00639782 0.00392743
 0.00900857 0.0144634 0.0214613 0.0298639 0.0393957 0.0495217 0.0593541 0.0677798 0.0737919 0.0767876 0.0766609 0.0737292 0.0686065 0.0620606 0.0548499 0.0475754 0.0406078 0.0341074 0.0281023 0.0225782 0.0175443 0.0130595 0.00921833 0.00610829 0.00376336
 0.00892955 0.0142976 0.0211455 0.0293235 0.0385739 0.0484234 0.058085 0.0665549 0.0728966 0.0764984 0.0771501 0.0749886 0.0704242 0.0640735 0.0566577 0.0488699 0.0412582 0.0341671 0.0277484 0.0220242 0.016969 0.0125728 0.0088621 0.0058771 0.00362879
 0.00884115 0.0141549 0.0209297 0.0290104 0.0381301 0.0478073 0.05726 0.065518 0.0717141 0.0753287 0.0762289 0.0745648 0.0706665 0.0649897 0.0580732 0.0504826 0.0427461 0.035297 0.0284339 0.0223155 0.0169933 0.0124668 0.00872681 0.00576531 0.00355529
 0.00887665 0.0142068 0.0209963 0.0290846 0.0381981 0.0478474 0.0572401 0.065396 0.0714446 0.0748822 0.0756198 0.0738754 0.0700449 0.0646082 0.0580579 0.0508502 0.0433888 0.0360279 0.0290691 0.0227431 0.017197 0.0125012 0.00867109 0.00568513 0.00348728
 0.00905702 0.0144725 0.0213446 0.0294944 0.0386345 0.04827 0.0576091 0.065673 0.0715917 0.0748629 0.0754064 0.0734623 0.069466 0.0639463 0.0574336 0.0503848 0.0431557 0.0360203 0.0292075 0.0229194 0.0173261 0.0125493 0.00865107 0.00563116 0.00343036
 0.00886266 0.0142128 0.0210568 0.029245 0.0384976 0.048294 0.0577924 0.0659638 0.0719125 0.0751416 0.0755955 0.0735412 0.0694332 0.0638164 0.05724 0.0501811 0.0430039 0.0359669 0.0292608 0.0230462 0.0174715 0.0126661 0.00871815 0.00565371 0.00342645
 0.00877892 0.0140705 0.0208349 0.0289295 0.038096 0.0478509 0.0573933 0.0657145 0.0718961 0.0753755 0.0760183 0.0740386 0.0698872 0.0641464 0.0574192 0.0502302 0.0429728 0.0359138 0.0292317 0.0230606 0.0175217 0.0127282 0.00876969 0.00568401 0.00343738
 0.00882329 0.0141218 0.0208727 0.02892 0.0379986 0.0476325 0.0570443 0.0652626 0.0714099 0.0749528 0.0757568 0.0739986 0.0700652 0.0644764 0.057804 0.0505825 0.0432442 0.0360995 0.0293553 0.0231526 0.0176019 0.0128015 0.0088312 0.00572825 0.00346364
 0.00882152 0.0141334 0.0209153 0.0290142 0.0381572 0.047845 0.0572688 0.0654321 0.0714572 0.0748421 0.0755048 0.0736719 0.0697534 0.0642552 0.0577059 0.0505913 0.0433137 0.0361814 0.0294205 0.023195 0.0176291 0.0128224 0.00884985 0.00574397 0.00347471
 0.00880402 0.0140987 0.0208527 0.0289141 0.0380174 0.0476786 0.0571062 0.0653114 0.0714047 0.0748551 0.0755513 0.0737099 0.0697579 0.0642334 0.0576899 0.0506153 0.043392 0.0363029 0.0295588 0.0233243 0.0177346 0.0129013 0.00890557 0.0057815 0.00349846
 0.00883947 0.0141599 0.0209504 0.0290576 0.0382094 0.0479091 0.0573496 0.0655321 0.0715697 0.0749463 0.0755671 0.0736578 0.069645 0.0640652 0.057478 0.0503831 0.0431707 0.0361199 0.029427 0.0232404 0.0176863 0.012875 0.00889164 0.00577431 0.00349498
 0.00867325 0.0139072 0.0206039 0.0286247 0.037713 0.0473867 0.0568507 0.065112 0.0712787 0.0748164 0.0756052 0.073847 0.069952 0.0644484 0.0578939 0.050793 0.0435477 0.036451 0.0297101 0.0234783 0.017881 0.0130276 0.00900393 0.00585097 0.00354309
 0.00869383 0.0139266 0.0206074 0.0285906 0.0376196 0.0472222 0.0566219 0.0648457 0.0710142 0.074594 0.0754553 0.0737843 0.0699754 0.0645445 0.058042 0.0509701 0.0437323 0.0366268 0.0298673 0.0236128 0.0179924 0.0131165 0.00907137 0.00589875 0.00357424
 0.0087004 0.0139353 0.0206159 0.0285932 0.0376056 0.0471758 0.0565244 0.0646828 0.070785 0.0743188 0.0751745 0.0735475 0.0698251 0.0645025 0.0581056 0.0511173 0.0439315 0.0368458 0.0300804 0.0238027 0.0181504 0.0132403 0.00916268 0.00596184 0.00361467
 0.00870615 0.0139613 0.0206852 0.0287354 0.0378472 0.0475242 0.0569556 0.0651388 0.071187 0.0745895 0.0752614 0.0734382 0.0695496 0.0641221 0.0576927 0.050734 0.0436164 0.0366119 0.0299213 0.0237028 0.0180922 0.0132093 0.00914809 0.00595632 0.00361355
 0.00862544 0.0138303 0.0204903 0.0284694 0.0375166 0.0471581 0.0566081 0.0648791 0.0710755 0.0746512 0.0754729 0.0737371 0.0698611 0.064388 0.0578872 0.0508633 0.043705 0.0366862 0.0299976 0.0237847 0.0181746 0.013284 0.00920915 0.00600137 0.00364364
 0.0088253 0.0141208 0.0208629 0.0288921 0.0379408 0.0475314 0.0568871 0.0650388 0.0711139 0.0745887 0.0753445 0.0735767 0.0696875 0.0642001 0.0576734 0.0506164 0.0434329 0.0364108 0.0297458 0.0235773 0.0180201 0.0131794 0.00914441 0.00596462 0.00362449
 0.00917896 0.0146748 0.021655 0.0299364 0.0392165 0.0489715 0.0583702 0.0663988 0.0721737 0.0752089 0.0754615 0.0732134 0.0689349 0.0631827 0.0565159 0.0494225 0.0422788 0.0353501 0.0288161 0.0228024 0.0174096 0.0127276 0.00883182 0.00576342 0.00350457
 0.00938108 0.0150037 0.0221504 0.0306344 0.0401414 0.0501211 0.0597001 0.0678128 0.0735308 0.076346 0.076227 0.0735026 0.0687155 0.062502 0.0554844 0.048182 0.0409686 0.0340837 0.0276728 0.0218299 0.0166288 0.0121378 0.00841505 0.00548962 0.00333838
 0.00939232 0.015036 0.022226 0.0307855 0.040406 0.0505342 0.0602828 0.0685618 0.0744116 0.0772892 0.0771322 0.0742515 0.0691959 0.0626362 0.0552517 0.0476241 0.0401766 0.033172 0.0267516 0.0209857 0.0159163 0.0115804 0.00801073 0.00521846 0.00317103
 0.0097145 0.0155132 0.022858 0.0315438 0.0412442 0.0514049 0.0611484 0.0693943 0.0751839 0.0779672 0.0776723 0.0746042 0.0693133 0.0624822 0.0548125 0.0469176 0.0392561 0.0321213 0.0256698 0.0199674 0.015034 0.0108746 0.00748937 0.0048635 0.00294911
 0.00962971 0.0153675 0.0226247 0.0311939 0.0407548 0.0507729 0.060406 0.0686176 0.074488 0.0774854 0.0775211 0.0748458 0.0699289 0.0633706 0.0558169 0.0478714 0.0400275 0.0326411 0.0259358 0.020028 0.0149623 0.0107424 0.00735067 0.0047487 0.00286823
 0.00936014 0.0149919 0.0221738 0.0307313 0.0403541 0.0504829 0.060227 0.0685053 0.0743845 0.0773578 0.0773857 0.0747645 0.0699804 0.0636111 0.05625 0.0484401 0.0406341 0.0331825 0.0263385 0.0202665 0.0150554 0.0107357 0.00729408 0.00468114 0.00281151
#obs surv len freq
 nan nan nan nan nan nan nan nan nan nan nan nan nan nan nan nan nan nan nan nan nan nan nan nan nan
 0.00448621 0.00734814 0.0111785 0.0159948 0.0216948 0.0279693 0.0342822 0.0400123 0.0446912 0.0481547 0.0505126 0.0520087 0.0529012 0.0534139 0.0537285 0.0539836 0.0542623 0.0545552 0.054694 0.0542859 0.052724 0.0493562 0.043806 0.036286 0.0276697
 0.0046207 0.00756921 0.0115153 0.0164747 0.0223366 0.0287725 0.0352168 0.0410166 0.0456804 0.0490385 0.0512126 0.0524697 0.0530963 0.0533438 0.0534167 0.0534686 0.0535884 0.0537658 0.0538286 0.053382 0.051821 0.048498 0.0430382 0.0356474 0.0271816
 0.00477373 0.00782113 0.0119004 0.0170273 0.0230845 0.0297263 0.0363583 0.0422928 0.0470078 0.0503159 0.0523361 0.0533459 0.0536535 0.0535398 0.0532426 0.0529466 0.0527644 0.0526998 0.0525876 0.0520366 0.0504465 0.0471748 0.0418461 0.0346522 0.0264196
 0.00497101 0.00814112 0.0123808 0.0177031 0.0239821 0.0308539 0.037695 0.0437838 0.0485699 0.05185 0.0537394 0.0545205 0.0545114 0.0540098 0.0532774 0.05253 0.0519139 0.0514648 0.0510444 0.0502837 0.0486 0.0453627 0.0401945 0.033264 0.0253527
 0.00518152 0.00848781 0.0129107 0.0184624 0.0250067 0.0321545 0.0392429 0.0455068 0.0503643 0.0536013 0.0553403 0.0558781 0.0555464 0.0546535 0.0534724 0.0522349 0.0511124 0.0501745 0.0493243 0.0482367 0.0463702 0.0431224 0.0381205 0.0315034 0.0239913
 0.00539813 0.00884398 0.0134545 0.0192419 0.0260615 0.0335018 0.0408624 0.0473336 0.0522961 0.0555167 0.0571176 0.0574085 0.0567402 0.0554394 0.0537946 0.0520494 0.0503895 0.0489087 0.0475492 0.0460407 0.0439029 0.0405838 0.0357287 0.0294478 0.0223885
 0.00565614 0.00926024 0.0140753 0.0201089 0.0272051 0.0349302 0.0425494 0.0492136 0.054271 0.0574726 0.0589403 0.0589936 0.0579967 0.0562915 0.0541809 0.0519215 0.0497118 0.0476643 0.0457552 0.0437689 0.0412959 0.037851 0.0331138 0.0271733 0.0205988
 0.00589002 0.00965076 0.0146816 0.0209914 0.0284115 0.0364747 0.0443937 0.0512628 0.0563928 0.0595268 0.0608045 0.0605726 0.0592192 0.0571018 0.0545318 0.0517711 0.0490237 0.0464149 0.0439497 0.0414647 0.0386237 0.0350179 0.0303732 0.0247659 0.0186891
 0.00614128 0.0100567 0.0152886 0.021843 0.0295427 0.0379016 0.0460994 0.0531886 0.0584392 0.0615673 0.0627047 0.062209 0.0604929 0.0579442 0.0548996 0.0516359 0.0483631 0.0452125 0.0422086 0.0392323 0.036017 0.0322316 0.027655 0.0223591 0.0167662
 0.00637068 0.0104381 0.0158777 0.0226956 0.030702 0.039379 0.0478575 0.0551386 0.0604586 0.0635274 0.0644915 0.0637289 0.0616703 0.0587173 0.0552209 0.0514715 0.0476913 0.044023 0.0405097 0.0370702 0.0334993 0.0295386 0.02502 0.0200164 0.0148861
 0.00661168 0.0108296 0.016467 0.0235273 0.031811 0.040778 0.0495222 0.0569998 0.0624084 0.0654367 0.0662319 0.0651907 0.0627718 0.0594056 0.0554648 0.0512532 0.0469989 0.0428518 0.0388709 0.0350086 0.031115 0.0269969 0.0225353 0.0178052 0.0131079
 0.00685343 0.0112272 0.0170733 0.0243931 0.0329732 0.0422424 0.0512472 0.0588932 0.0643436 0.0672798 0.0678639 0.0665183 0.0637278 0.0599464 0.0555674 0.05091 0.0462124 0.041631 0.0372368 0.0330087 0.0288427 0.0246018 0.0202099 0.0157436 0.0114528
 0.00702435 0.0115132 0.017519 0.0250457 0.0338739 0.0434112 0.0526674 0.0605041 0.0660467 0.0689568 0.0693962 0.0678024 0.0646845 0.0605235 0.0557369 0.0506626 0.0455517 0.04057 0.0358014 0.0312482 0.0268447 0.0225 0.0181725 0.0139389 0.0100041
 0.00726841 0.0119054 0.0181006 0.0258518 0.0349264 0.0447084 0.0541728 0.0621423 0.0677128 0.0705349 0.0707783 0.0688999 0.0654337 0.0608864 0.0556998 0.0502306 0.0447425 0.0394101 0.0343269 0.0295135 0.024934 0.0205334 0.0162962 0.0122956 0.00869535
 0.00744853 0.0122065 0.0185684 0.0265324 0.0358547 0.0458909 0.0555719 0.063674 0.0692625 0.0719835 0.072024 0.0698683 0.0660766 0.0611778 0.0556308 0.0498071 0.0439818 0.0383393 0.0329846 0.0279548 0.0232381 0.0188074 0.014665 0.010878 0.00757305
 0.00754113 0.0123573 0.0187969 0.0268597 0.036303 0.0464803 0.0563137 0.0645629 0.0702694 0.073053 0.0730794 0.0708233 0.06685 0.0617055 0.0558716 0.0497412 0.0436079 0.0376717 0.032053 0.0268081 0.0219483 0.0174692 0.0133868 0.00976066 0.00668577
 0.00757877 0.0124183 0.0188889 0.0269905 0.0364809 0.0467139 0.0566118 0.0649339 0.0707206 0.0735875 0.0736899 0.071484 0.0675136 0.0623068 0.0563396 0.0500126 0.0436384 0.0374412 0.0315675 0.0261002 0.0210771 0.0165171 0.0124484 0.00892456 0.00601394
 0.00765703 0.0125314 0.019033 0.0271538 0.0366479 0.046872 0.0567572 0.0650731 0.0708682 0.0737624 0.0739102 0.071762 0.0678488 0.0626799 0.0567103 0.0503244 0.0438301 0.0374612 0.0313869 0.0257205 0.0205331 0.0158717 0.0117808 0.00831181 0.00551235
 0.0077247 0.0126405 0.0191946 0.0273748 0.0369263 0.0471923 0.0570878 0.0653719 0.0710964 0.0739005 0.0739664 0.0717679 0.0678447 0.0626989 0.056765 0.0504021 0.0438954 0.0374667 0.0312882 0.0254922 0.020179 0.0154269 0.0113017 0.00785969 0.00513527
 0.00777895 0.012721 0.0193017 0.0275048 0.0370736 0.0473523 0.0572573 0.0655468 0.0712677 0.0740524 0.074081 0.0718333 0.067863 0.0626865 0.0567455 0.0503934 0.0438984 0.0374626 0.0312453 0.0253799 0.0199829 0.0151572 0.0109914 0.00755266 0.00487035
 0.00782396 0.0127928 0.0194067 0.0276466 0.0372512 0.0475572 0.0574732 0.0657516 0.0714402 0.0741789 0.074157 0.0718615 0.0678489 0.0626374 0.0566712 0.0503065 0.0438103 0.0373767 0.0311533 0.0252655 0.0198314 0.0149661 0.0107749 0.00733639 0.00468074
 0.00787768 0.0128719 0.0195105 0.0277698 0.0373856 0.047695 0.0576086 0.0658805 0.0715575 0.0742775 0.0742289 0.0719004 0.0678526 0.0626082 0.0566151 0.0502313 0.043724 0.037285 0.0310574 0.0251611 0.0197118 0.0148285 0.0106247 0.0071874 0.00454906
 0.00787895 0.0128792 0.019531 0.027812 0.0374563 0.0477946 0.057728 0.0660032 0.0716658 0.0743599 0.0742831 0.0719303 0.0678638 0.0626041 0.0565966 0.0501985 0.0436782 0.0372283 0.0309916 0.0250863 0.0196269 0.0147332 0.0105229 0.00708703 0.00445998
 0.00786989 0.0128587 0.0194901 0.027741 0.0373493 0.0476559 0.0575757 0.0658659 0.0715729 0.0743295 0.0743168 0.072016 0.0679832 0.0627393 0.0567334 0.0503261 0.0437885 0.0373159 0.0310532 0.0251207 0.0196348 0.0147174 0.0104887 0.00704262 0.00441446
 0.00788946 0.0128836 0.0195143 0.0277539 0.037337 0.0476057 0.0574805 0.0657284 0.0714081 0.0741634 0.0741801 0.0719351 0.0679712 0.062793 0.0568365 0.0504568 0.0439257 0.0374431 0.0311593 0.0251997 0.0196847 0.01474 0.0104891 0.00702815 0.00439326
 0.007896 0.0128923 0.0195238 0.0277606 0.0373355 0.0475885 0.0574394 0.0656562 0.0713019 0.0740281 0.0740309 0.0717952 0.0678666 0.0627447 0.056853 0.0505322 0.0440426 0.037579 0.031293 0.0253152 0.0197731 0.0147988 0.0105212 0.00703984 0.0043923
 0.00790915 0.0129111 0.019547 0.0277853 0.0373576 0.0476031 0.0574419 0.0656422 0.0712673 0.07397 0.0739492 0.071695 0.0677597 0.0626481 0.0567853 0.0505071 0.0440638 0.0376393 0.0313769 0.0254048 0.0198531 0.0148602 0.0105612 0.00706122 0.0044004
 0.00791137 0.0129136 0.0195487 0.0277843 0.0373515 0.0475898 0.05742 0.0656116 0.0712289 0.0739255 0.0739004 0.0716436 0.0677077 0.0625993 0.0567461 0.0504859 0.0440684 0.0376729 0.0314357 0.0254785 0.0199286 0.0149259 0.0106107 0.00709322 0.00441792
 0.00788139 0.0128666 0.0194814 0.0276953 0.0372417 0.0474634 0.0572851 0.0654799 0.0711137 0.0738388 0.0738495 0.0716307 0.0677294 0.0626489 0.0568159 0.0505697 0.0441629 0.0377764 0.031546 0.0255908 0.0200354 0.0150188 0.0106837 0.00714459 0.00444999
 0.00784697 0.0128073 0.0193862 0.0275531 0.037045 0.0472138 0.0569978 0.0651834 0.0708437 0.0736288 0.0737226 0.0715958 0.0677826 0.0627761 0.0569973 0.0507841 0.0443912 0.0380039 0.0317624 0.0257886 0.0202084 0.0151621 0.0107944 0.00722334 0.00450092
 0.00782621 0.0127708 0.0193262 0.02746 0.0369095 0.0470297 0.0567658 0.0649141 0.0705582 0.0733562 0.0734957 0.071444 0.067725 0.0628175 0.0571278 0.0509833 0.0446334 0.0382638 0.0320187 0.0260252 0.0204145 0.0153315 0.0109248 0.00731631 0.00456179
 0.00781225 0.0127469 0.0192879 0.0274019 0.0368259 0.046916 0.0566199 0.0647377 0.0703578 0.0731436 0.073288 0.0712628 0.0675936 0.0627559 0.0571475 0.0510833 0.0448008 0.0384768 0.032252 0.0262556 0.0206235 0.0155071 0.0110616 0.0074148 0.00462687
 0.00777505 0.0126879 0.0192018 0.0272851 0.0366773 0.0467381 0.0564199 0.0645277 0.0701523 0.0729566 0.073131 0.0711444 0.0675213 0.0627369 0.0571884 0.0511876 0.0449652 0.0386897 0.0324942 0.0265039 0.0208561 0.015707 0.0112197 0.00752968 0.00470323
 0.0077447 0.0126361 0.0191195 0.0271631 0.0365089 0.0465231 0.0561683 0.0642594 0.0698935 0.0727325 0.0729606 0.0710378 0.0674808 0.0627598 0.05727 0.0513227 0.0451479 0.0389114 0.0327418 0.0267595 0.0210998 0.015921 0.0113923 0.00765696 0.00478882
 0.00934471 0.0148752 0.0218207 0.0299378 0.0388695 0.0480633 0.0567056 0.0638631 0.0688031 0.0712375 0.0713103 0.0694063 0.0659711 0.0614234 0.0561257 0.0503709 0.0443799 0.0383138 0.0322979 0.0264487 0.0208975 0.0158007 0.0113282 0.0076274 0.00477776
 0.00932434 0.01514 0.0227442 0.0319835 0.0423893 0.0530244 0.0625176 0.069474 0.0730724 0.0733857 0.0711763 0.0673898 0.0627568 0.057688 0.0523693 0.0468883 0.04131 0.0357034 0.030147 0.0247343 0.0195826 0.0148371 0.010659 0.00719062 0.00451206
 0.00897884 0.0145964 0.0219817 0.0310525 0.0414656 0.0524459 0.062744 0.0709227 0.0758691 0.0771784 0.0751784 0.0706788 0.0646588 0.0580117 0.0513758 0.0450747 0.0391745 0.0336092 0.0282983 0.0232141 0.0184013 0.0139672 0.0100539 0.0067958 0.00427227
 0.00880626 0.0143025 0.0215157 0.0303625 0.0405184 0.0512629 0.061445 0.069754 0.0751818 0.0773306 0.0763765 0.072829 0.067335 0.0605942 0.0533018 0.0460525 0.0392412 0.0330301 0.0274035 0.0222733 0.0175765 0.0133243 0.00959646 0.00649565 0.00409048
 0.00870397 0.0141357 0.0212627 0.0299999 0.0400225 0.0506146 0.060641 0.0688251 0.0742142 0.0764815 0.0758631 0.0728739 0.0680675 0.0619561 0.0550244 0.0477438 0.0405452 0.0337626 0.027588 0.0220756 0.0171991 0.012927 0.00926728 0.0062619 0.00394331
 0.00870878 0.0141332 0.0212392 0.0299355 0.0398937 0.0504003 0.0603277 0.0684093 0.0737047 0.0759056 0.0752791 0.0723815 0.0678004 0.062041 0.0555161 0.0485732 0.0415241 0.034656 0.0282142 0.0223721 0.0172194 0.0127847 0.00907337 0.00608825 0.0038185
 0.00870318 0.0141281 0.0212382 0.029942 0.0399078 0.0504133 0.0603201 0.0683533 0.0735723 0.0756797 0.0749629 0.0720048 0.0674223 0.0617457 0.0553938 0.048685 0.0418648 0.0351423 0.0287141 0.0227632 0.017439 0.0128427 0.00902636 0.00600043 0.00373485
 0.00869604 0.0141165 0.0212211 0.0299194 0.039881 0.050386 0.0602969 0.0683366 0.0735579 0.0756539 0.0749052 0.071897 0.0672607 0.0615509 0.0552118 0.0485751 0.0418756 0.0352855 0.0289533 0.0230277 0.0176575 0.0129746 0.00907216 0.00598838 0.00369895
 0.00867512 0.0140854 0.0211797 0.0298693 0.0398255 0.0503289 0.0602423 0.0682891 0.0735218 0.0756315 0.0748947 0.07189 0.0672445 0.0615148 0.0551562 0.0485167 0.0418442 0.0353095 0.0290429 0.0231656 0.0178069 0.0130979 0.00914863 0.00601929 0.00369966
 0.00865788 0.0140569 0.0211363 0.0298078 0.0397449 0.050232 0.0601369 0.0681873 0.073437 0.0755745 0.0748701 0.071896 0.0672731 0.0615546 0.0551957 0.0485502 0.0418748 0.0353489 0.0291034 0.0232509 0.0179071 0.0131942 0.00922371 0.00606551 0.0037204
 0.00864957 0.0140414 0.0211091 0.0297639 0.0396794 0.0501428 0.0600268 0.0680647 0.0733149 0.0754681 0.0747931 0.0718575 0.0672755 0.0615931 0.0552601 0.0486281 0.0419565 0.0354301 0.0291851 0.0233354 0.0179934 0.0132759 0.00929193 0.00611429 0.00374938
 0.00865536 0.0140509 0.0211236 0.0297836 0.039703 0.0501662 0.0600427 0.0680642 0.0732905 0.0754174 0.074721 0.0717752 0.0671973 0.0615316 0.0552228 0.0486161 0.041966 0.0354552 0.0292207 0.0233783 0.0180405 0.0133234 0.00933471 0.00614787 0.00377188
 0.00863966 0.0140288 0.0210966 0.0297555 0.0396787 0.0501502 0.0600373 0.0680686 0.0733006 0.0754266 0.0747224 0.0717642 0.067174 0.0615011 0.0551936 0.0485966 0.0419614 0.0354665 0.0292455 0.0234123 0.0180792 0.0133624 0.00936996 0.00617627 0.00379201
 0.00863741 0.0140218 0.02108 0.0297236 0.0396273 0.0500797 0.0599552 0.0679882 0.0732369 0.0753902 0.0747157 0.0717817 0.0672055 0.0615365 0.0552268 0.0486264 0.0419902 0.0354979 0.0292814 0.0234524 0.0181211 0.0134026 0.00940526 0.00620435 0.00381206
 0.00860724 0.0139792 0.0210278 0.0296676 0.039574 0.050033 0.0599143 0.0679492 0.0731966 0.0753504 0.0746834 0.0717656 0.0672115 0.0615643 0.0552705 0.0486779 0.0420431 0.0355487 0.0293297 0.0234984 0.0181645 0.0134421 0.00943903 0.00623094 0.00383108
 0.00860724 0.0139792 0.0210278 0.0296676 0.039574 0.050033 0.0599143 0.0679492 0.0731966 0.0753504 0.0746834 0.0717656 0.0672115 0.0615643 0.0552705 0.0486779 0.0420431 0.0355487 0.0293297 0.0234984 0.0181645 0.0134421 0.00943903 0.00623094 0.00383108
 0.00865189 0.014044 0.0211111 0.0297633 0.0396738 0.0501292 0.0600016 0.068024 0.0732541 0.0753831 0.0746835 0.0717288 0.0671405 0.0614695 0.0551656 0.0485756 0.0419518 0.0354723 0.0292693 0.0234539 0.0181348 0.013425 0.00943148 0.00622941 0.00383246
 0.00874435 0.0141965 0.0213431 0.0300909 0.040102 0.0506424 0.0605571 0.0685555 0.0736888 0.0756627 0.0747791 0.0716431 0.0669003 0.0611145 0.0547405 0.0481237 0.04151 0.0350686 0.0289211 0.0231691 0.017914 0.0132633 0.00932037 0.00615834 0.00379047
 0.00870296 0.0141425 0.0212873 0.0300533 0.0401085 0.0507183 0.0607192 0.0688049 0.0740068 0.0760114 0.0751075 0.0719002 0.0670483 0.0611384 0.054649 0.0479428 0.0412743 0.034813 0.0286745 0.022952 0.0177372 0.0131296 0.00922655 0.00609743 0.00375409
 0.00879137 0.0142723 0.0214572 0.0302541 0.0403276 0.0509454 0.0609503 0.0690412 0.0742488 0.0762524 0.07533 0.0720765 0.0671472 0.0611345 0.0545315 0.04772 0.0409719 0.0344671 0.0283234 0.0226279 0.0174623 0.0129141 0.00907026 0.00599282 0.0036897
 0.00904849 0.014688 0.0220754 0.0311063 0.0414168 0.0522271 0.0623193 0.0703416 0.0753124 0.0769476 0.0755969 0.0719293 0.0666522 0.0603797 0.0536043 0.0466978 0.0399211 0.0334453 0.0273801 0.0218021 0.0167795 0.0123835 0.00868486 0.00573276 0.00352769
 0.00915217 0.0148753 0.0223917 0.0316046 0.0421441 0.0532022 0.0635108 0.071659 0.0766161 0.0780778 0.0764081 0.0723233 0.0665966 0.0599104 0.0528083 0.0456864 0.038805 0.0323194 0.0263187 0.0208593 0.0159896 0.0117617 0.00822756 0.00542059 0.0033312
 0.00910604 0.0148086 0.0223089 0.0315205 0.0420877 0.0532173 0.0636523 0.0719793 0.0771438 0.0787948 0.0772397 0.0731499 0.0672848 0.0603505 0.0529426 0.0455188 0.0383904 0.0317419 0.025668 0.0202141 0.0154087 0.011281 0.00786096 0.00516338 0.00316586
 0.00922367 0.0149808 0.0225327 0.031781 0.0423623 0.0534842 0.063898 0.0722036 0.0773595 0.0790233 0.0775003 0.0734442 0.0675861 0.0606038 0.0530809 0.0454876 0.038169 0.0313512 0.0251622 0.0196633 0.0148794 0.0108226 0.00749991 0.00490409 0.00299622
 0.0088918 0.0144644 0.0218005 0.0308246 0.0412036 0.0521835 0.0625604 0.0709738 0.0763989 0.0784731 0.0774474 0.0739025 0.068495 0.0618407 0.0544837 0.0468855 0.0394153 0.0323491 0.0258762 0.0201127 0.0151194 0.010921 0.00751819 0.00488736 0.00297139
 0.00900765 0.0145997 0.0219063 0.0308236 0.0410111 0.0517418 0.0618686 0.0700953 0.0754456 0.0775767 0.0767321 0.0734662 0.0683957 0.0620869 0.0550307 0.0476408 0.0402578 0.0331569 0.0265548 0.0206131 0.0154395 0.0110932 0.0075897 0.00490288 0.0029634
#pred catch len freq
 0.00337994 0.00543853 0.00811538 0.0114281 0.0154082 0.020065 0.0253208 0.0309848 0.0367857 0.0424285 0.0476415 0.0522147 0.0560262 0.059039 0.0612638 0.0627119 0.0633664 0.0631729 0.0620288 0.0597618 0.056125 0.0508722 0.0439404 0.0356604 0.0268202
 0.00366659 0.00583702 0.00859421 0.0119264 0.0158662 0.0204639 0.0257026 0.0314277 0.0373422 0.0430634 0.0482136 0.0525211 0.0558882 0.0583863 0.0601776 0.0614089 0.0621295 0.0622532 0.0615569 0.0597077 0.0563278 0.0511257 0.0440874 0.0356456 0.0266801
 0.00381331 0.00610163 0.00903562 0.0126023 0.0168049 0.0216298 0.0269822 0.032658 0.038378 0.0438372 0.0487397 0.052837 0.0559833 0.0581828 0.0595833 0.0604034 0.0608174 0.0608436 0.0602792 0.058715 0.0556457 0.0506727 0.0437461 0.0353329 0.026375
 0.00399345 0.00638111 0.00943643 0.0131493 0.0175359 0.022601 0.0282516 0.034245 0.0402136 0.0457442 0.0504702 0.0541555 0.0567422 0.05834 0.0591648 0.0594616 0.0594273 0.0591274 0.0584146 0.0568983 0.0540306 0.0493299 0.0426717 0.0344888 0.0257255
 0.00421893 0.00673474 0.0099449 0.0138301 0.0183977 0.0236452 0.029475 0.0356431 0.0417802 0.0474571 0.0522621 0.0558868 0.0582069 0.0593154 0.0594805 0.0590465 0.0583157 0.0574392 0.0563306 0.0546341 0.0518013 0.0473101 0.0409696 0.0331446 0.0247294
 0.00443896 0.00708902 0.0104725 0.0145673 0.0193736 0.0248742 0.0309457 0.0373116 0.0435737 0.0492878 0.0540418 0.0575308 0.0596231 0.0603883 0.0600696 0.059013 0.0575692 0.0559802 0.0542662 0.0521631 0.0491746 0.0447797 0.0387395 0.0313396 0.023387
 0.00469827 0.00749865 0.0110687 0.0153811 0.0204319 0.0261979 0.0325415 0.039158 0.0456087 0.0514061 0.0561056 0.0593923 0.0611497 0.061475 0.0606337 0.0589807 0.0568742 0.0545865 0.0522073 0.049571 0.0462768 0.0418585 0.0360681 0.0291192 0.0217108
 0.00497307 0.00793234 0.0116985 0.0162365 0.021535 0.0275612 0.0341619 0.0410081 0.0476324 0.0535171 0.05819 0.061316 0.0627708 0.0626621 0.0612804 0.0590098 0.0562353 0.053257 0.0502097 0.0470016 0.0433257 0.0387957 0.033189 0.0266705 0.0198304
 0.00522066 0.00832903 0.0122857 0.0170522 0.0226103 0.0289142 0.0357872 0.0428683 0.0496559 0.0556047 0.0602251 0.0631754 0.0643342 0.063819 0.0619348 0.0590837 0.0556714 0.0520259 0.0483245 0.0445411 0.0404553 0.0357639 0.0302865 0.0241586 0.0178725
 0.00545784 0.0087084 0.0128468 0.0178319 0.0236419 0.0302223 0.0373773 0.0447142 0.0516914 0.0577241 0.0622936 0.0650477 0.0658753 0.0649197 0.0625167 0.0590935 0.055074 0.0508039 0.046491 0.0421634 0.0376781 0.0328133 0.0274366 0.021667 0.0159102
 0.00572557 0.0091291 0.0134542 0.0186518 0.0246927 0.0315145 0.0389075 0.0464564 0.0535898 0.0596917 0.0642165 0.0667958 0.0673182 0.0659437 0.0630367 0.0590564 0.0544543 0.0495989 0.0447244 0.0399019 0.0350526 0.030026 0.0247369 0.0192944 0.0140299
 0.00600758 0.00957414 0.0140999 0.0195267 0.0258146 0.0328867 0.0405114 0.0482439 0.0554831 0.0615896 0.0660054 0.0683613 0.0685553 0.0667652 0.0633784 0.0588785 0.0537397 0.0483525 0.0429767 0.0377215 0.0325617 0.0274068 0.0222116 0.0170774 0.0122703
