SBPRF35
8.73525
Curr Bio
594931
B35
673743
F35
0.200274
FOFL
0.172741
OFL
80412.9
Bzero
2.49579e+006
#pred survey bio
 3.49672e+006 3.1902e+006 2.86143e+006 2.56844e+006 2.28175e+006 2.00261e+006 1.76193e+006 1.55558e+006 1.37469e+006 1.23177e+006 1.0669e+006 943372 851391 771734 711320 678063 641571 617605 599038 595513 588966 579414 580471 585075 578800 584972 577459 580324 573963 568237 564561 546029 541059 541048 544784 554139 550185 558337 572559 585697 588610 601465 598477 594713 596210 594680 585644 587755 586148 576410 603021 596648 604369 628649 595919 563035 581762 566671 585507 594657 593077 598121 603518 603946 600792 2.06901e+007 1.23366e+007 1.25493e+007 1.32678e+007 1.42714e+007 1.53373e+007 1.6322e+007 1.71581e+007 1.78302e+007 1.83507e+007 1.87439e+007 1.90362e+007 1.92512e+007 1.94086e+007 1.95235e+007 1.96076e+007 1.96693e+007 1.97147e+007 1.97483e+007 1.97734e+007 1.97921e+007 1.98063e+007 1.9817e+007 1.98251e+007 1.98314e+007 1.98361e+007 1.98398e+007 1.98426e+007 1.98448e+007 1.98465e+007 1.98479e+007 1.98489e+007 1.98497e+007 1.98503e+007 1.98508e+007 1.98512e+007 1.98515e+007 1.98517e+007 1.98519e+007 1.9852e+007 1.98522e+007 1.98522e+007 1.98523e+007 1.98524e+007 1.98524e+007 1.98524e+007 1.98525e+007 1.98525e+007 1.98525e+007 1.98525e+007 1.98525e+007 1.98525e+007 1.98525e+007 1.98526e+007 1.98526e+007 1.98526e+007 1.98526e+007 1.98526e+007 1.98526e+007 1.98526e+007 1.98526e+007 1.98526e+007 1.98526e+007 1.98526e+007 1.98526e+007 1.98526e+007 1.98526e+007 1.98526e+007 1.98526e+007 1.98526e+007 1.98526e+007 1.98526e+007 1.98526e+007 1.98526e+007 1.98526e+007 1.98526e+007 1.98526e+007 1.98526e+007 1.98526e+007 1.98526e+007 1.98526e+007 1.98526e+007 1.98526e+007 1.98526e+007 1.98526e+007 1.98526e+007 1.98526e+007 1.98526e+007 1.98526e+007 1.98526e+007 1.98526e+007 1.98526e+007 1.98526e+007 1.98526e+007 1.98526e+007 1.98526e+007 1.98526e+007 1.98526e+007 1.98526e+007 1.98526e+007 0 0 0 0 0 0 0 0 0 0 0 0 0 0 0 0 0 0 0 0 0 0 0 0 0
#obs survey bio
 2.41814e+006 2.72841e+006 2.47632e+006 2.44179e+006 1.73028e+006 1.85468e+006 901594 1.28885e+006 1.26584e+006 1.18251e+006 812806 626683 576322 706538 507353 523402 598957 483001 649398 421403 501167 435821 674189 677224 364023 498004 630916 559720 466779 511020 478125 586612 500407 537147 630813 728486 437302 489642 560233 460963 643720 845883 452151 625114 779408 675833 664704 617200 520347 566881 616867 421909 675993 625566 681708 623838 495949 735826 650366 468448 629326 676452 766751 593751 795662
#pred catch bio
 249504 287793 277038 294015 309392 295029 280810 269672 243359 265146 228673 200182 187164 167471 141922 141870 127977 120983 107168 109368 111257 101965 98855.3 106935 95233.8 104778 93440.1 98722.9 95479.2 91065.3 100439 87902.9 86769.7 87582.6 84975 95919.2 85094.3 80346 81929.7 91034.9 83112.6 96609 96662.7 91623.8 93687.3 99333.7 89601.9 93141 100366 71379.4 100592 88854.2 75914.8 123106 120663 77446.1 106657 78215.5 86996.3 95511.5 89964.8 90453.5 94877.1 96668.5 98506.1 80412.9 91199.6 91479.8 95426.4 102111 109479 116257 121906 126322 129624 132013 133700 134868 135665 136203 136562 136801 136958 137061 137129 137173 137202 137220 137232 137240 137245 137248 137250 137252 137252 137253 137253 137254 137254 137254 137254 137254 137254 137254 137254 137254 137254 137254 137254 137254 137254 137254 137254 137254 137254 137254 137254 137254 137254 137254 137254 137254 137254 137254 137254 137254 137254 137254 137254 137254 137254 137254 137254 137254 137254 137254 137254 137254 137254 137254 137254 137254 137254 137254 137254 137254 137254 137254 137254 137254 137254 137254 137254 137254 137254 137254 137254 137254 137254 137254 137254 137254 137254 137254 137254 0 0 0 0 0 0 0 0 0 0 0 0 0 0 0 0 0 0 0 0 0 0 0 0 0
#obs catch bio
 254671 289306 278636 296551 313091 299242 288345 276684 248499 272239 234027 204823 191221 171072 144619 145732 130419 123294 108806 111223 113588 103890 100618 108826 96890.4 106865 94503.9 99816.7 96538 91888.5 101815 88852.3 87431.3 88112.5 85182.1 95890.9 84948 80359 81657.7 90989.5 82964.1 96089.1 96844.4 91403.4 93157 99104.3 89242.1 92748.2 100682 70919.3 101074 89300.1 75572.7 123373 121200 76787.3 107064 77954.6 87021.9 95634.6 89920.2 90486.2 95019.2 96746.5 98540.9
#pred cpue bio
 3.43737e+006 3.13411e+006 2.80848e+006 2.51682e+006 2.23141e+006 1.95378e+006 1.7144e+006 1.50951e+006 1.33055e+006 1.18945e+006 1.02736e+006 905987 815767 737971 679150 646815 611630 588684 570808 567403 560997 551686 552744 557443 551655 557960 551204 554577 548877 543692 540617 523058 517773 516407 519143 528444 525178 533335 547274 560103 562855 575374 572531 568895 570506 569130 560325 562333 560639 550879 576569 570405 577902 601750 570022 537669 555629 541049 559454 568686 567307 572035 577114 577587 574957 1.9833e+007 1.18419e+007 1.19423e+007 1.2527e+007 1.34822e+007 1.45363e+007 1.55185e+007 1.63542e+007 1.70262e+007 1.75467e+007 1.79399e+007 1.82322e+007 1.84472e+007 1.86046e+007 1.87195e+007 1.88036e+007 1.88653e+007 1.89107e+007 1.89443e+007 1.89694e+007 1.89881e+007 1.90023e+007 1.9013e+007 1.90211e+007 1.90274e+007 1.90321e+007 1.90358e+007 1.90386e+007 1.90408e+007 1.90425e+007 1.90439e+007 1.90449e+007 1.90457e+007 1.90463e+007 1.90468e+007 1.90472e+007 1.90475e+007 1.90477e+007 1.90479e+007 1.9048e+007 1.90482e+007 1.90482e+007 1.90483e+007 1.90484e+007 1.90484e+007 1.90484e+007 1.90485e+007 1.90485e+007 1.90485e+007 1.90485e+007 1.90485e+007 1.90485e+007 1.90485e+007 1.90486e+007 1.90486e+007 1.90486e+007 1.90486e+007 1.90486e+007 1.90486e+007 1.90486e+007 1.90486e+007 1.90486e+007 1.90486e+007 1.90486e+007 1.90486e+007 1.90486e+007 1.90486e+007 1.90486e+007 1.90486e+007 1.90486e+007 1.90486e+007 1.90486e+007 1.90486e+007 1.90486e+007 1.90486e+007 1.90486e+007 1.90486e+007 1.90486e+007 1.90486e+007 1.90486e+007 1.90486e+007 1.90486e+007 1.90486e+007 1.90486e+007 1.90486e+007 1.90486e+007 1.90486e+007 1.90486e+007 1.90486e+007 1.90486e+007 1.90486e+007 1.90486e+007 1.90486e+007 1.90486e+007 1.90486e+007 1.90486e+007 1.90486e+007 1.90486e+007 1.90486e+007 1.90486e+007 0 0 0 0 0 0 0 0 0 0 0 0 0 0 0 0 0 0 0 0 0 0 0 0 0
#obs cpue bio
 2.85012e+006 2.68473e+006 2.12265e+006 2.11848e+006 2.26897e+006 1.43124e+006 981358 1.63807e+006 1.28337e+006 1.02494e+006 992247 919812 1.01821e+006 574455 641189 434234 656852 570521 413540 609726 412741 515489 356738 486407 468405 597508 537686 600346 535172 532738 517041 378288 669133 558586 495199 627481 636606 513827 779183 676531 445626 733419 410709 722855 617166 447533 508267 602021 463806 662678 437525 563151 739805 698897 412727 711238 531913 408821 482287 719737 539910 475235 431150 609540 470372
#pred surv len freq
 0.00507842 0.00833709 0.012715 0.0182344 0.0247651 0.0319176 0.0390257 0.045325 0.0502441 0.0535917 0.0555205 0.0563541 0.0564294 0.0560179 0.0553013 0.0543718 0.0532483 0.0518947 0.0502197 0.0480486 0.0451042 0.0410649 0.0357349 0.0292565 0.0221991
 0.00538963 0.00875677 0.013193 0.018686 0.0251146 0.0321558 0.0392411 0.0456744 0.0508682 0.0545246 0.056651 0.0574645 0.0572857 0.0564607 0.0552933 0.0539901 0.0526337 0.0511836 0.0494889 0.0472977 0.0442843 0.0401361 0.0347156 0.0282308 0.0212801
 0.00578295 0.00939816 0.0141545 0.0200165 0.0268078 0.0341166 0.0412752 0.0475322 0.0523381 0.0555219 0.0572348 0.0577644 0.0573951 0.0563762 0.0549372 0.0532853 0.0515679 0.0498217 0.0479364 0.0456513 0.0426083 0.0384755 0.0331266 0.0267939 0.0200814
 0.00608613 0.00989764 0.0149194 0.0211174 0.0283038 0.0360302 0.0435604 0.0500501 0.0548608 0.0577747 0.0589689 0.0588308 0.0577787 0.0561661 0.0542542 0.0522178 0.0501581 0.0480975 0.0459486 0.0434862 0.0403753 0.0362914 0.0311062 0.0250425 0.018677
 0.00641567 0.0104262 0.0157023 0.0222038 0.0297308 0.0378123 0.0456753 0.0524269 0.0573774 0.0602628 0.0612257 0.0606418 0.0589574 0.0565997 0.0539303 0.051211 0.048587 0.0460831 0.0436008 0.0409165 0.0377137 0.0336891 0.0287206 0.0230091 0.017081
 0.00678804 0.0110244 0.0165889 0.023431 0.0313298 0.039778 0.0479508 0.054902 0.0599063 0.0626922 0.0634136 0.0624588 0.0602789 0.057308 0.053933 0.0504693 0.0471314 0.0440082 0.041045 0.0380435 0.0347056 0.0307415 0.0260273 0.0207313 0.0153134
 0.00705228 0.0114681 0.0172826 0.0244481 0.0327306 0.0415839 0.0501201 0.0573226 0.0624154 0.065112 0.0655838 0.064253 0.0616033 0.05809 0.0541117 0.0499959 0.0459841 0.0422119 0.0386853 0.0352681 0.0317129 0.0277597 0.0232823 0.0184073 0.0135153
 0.0072445 0.0117884 0.0177801 0.0251768 0.0337421 0.0429138 0.0517707 0.0592501 0.0645278 0.0672785 0.0676525 0.0660719 0.0630406 0.0590462 0.0545202 0.0498153 0.0451932 0.0408152 0.0367297 0.0328606 0.0290259 0.0250153 0.0207149 0.0162138 0.0118121
 0.00747249 0.0121504 0.0183097 0.0259009 0.034679 0.0440686 0.0531292 0.0607748 0.0661601 0.0689442 0.0692672 0.0675432 0.064271 0.0599402 0.0549937 0.0498039 0.0446564 0.0397409 0.0351433 0.0308393 0.0267092 0.0225984 0.0184169 0.014228 0.0102591
 0.0076027 0.0123737 0.0186666 0.0264352 0.0354264 0.0450408 0.0543004 0.0620815 0.0675169 0.0702682 0.0704939 0.0686274 0.065176 0.0606252 0.0554074 0.0498872 0.0443524 0.0390094 0.0339769 0.0292802 0.0248604 0.0206195 0.016498 0.012545 0.00892867
 0.0079076 0.0128575 0.0193721 0.0273939 0.0366514 0.0465177 0.0559747 0.063854 0.0692543 0.0718271 0.0717505 0.0695007 0.0656371 0.0606903 0.055118 0.0492851 0.043463 0.0378403 0.0325332 0.0275886 0.0229913 0.018693 0.0146665 0.0109546 0.0076775
 0.00812997 0.0132168 0.0199086 0.0281419 0.0376319 0.0477261 0.0573697 0.0653553 0.0707541 0.0732112 0.0729163 0.0703678 0.0661529 0.0608331 0.0548969 0.0487336 0.0426248 0.0367564 0.0312381 0.02612 0.0214072 0.0170836 0.0131465 0.00963712 0.00664016
 0.00824533 0.0134096 0.0202085 0.0285804 0.0382364 0.04851 0.0583219 0.0664351 0.0718954 0.0743332 0.0739359 0.0712091 0.0667541 0.0611511 0.0549104 0.0484439 0.042053 0.0359374 0.0302147 0.0249419 0.0201357 0.015797 0.0119358 0.00858936 0.00581491
 0.00839132 0.0136381 0.0205364 0.0290183 0.0387886 0.0491732 0.0590826 0.0672667 0.0727583 0.0751778 0.0747082 0.0718559 0.0672275 0.0614134 0.0549371 0.0482257 0.0415966 0.0352643 0.02936 0.023953 0.0190724 0.0147301 0.0109415 0.007736 0.00514685
 0.00856027 0.013895 0.0208897 0.0294641 0.0393117 0.0497507 0.0596867 0.0678672 0.0733263 0.0756906 0.0751506 0.072217 0.067495 0.0615697 0.0549606 0.0480954 0.0412987 0.0347978 0.0287398 0.0232111 0.0182572 0.0139024 0.0101664 0.00707012 0.00462598
 0.00847495 0.0137847 0.0207758 0.0293831 0.0393041 0.0498446 0.0598849 0.0681475 0.0736544 0.0760364 0.0754973 0.0725595 0.0678307 0.0618884 0.0552395 0.048302 0.0413975 0.0347604 0.0285538 0.0228855 0.0178231 0.0134087 0.00967051 0.00662491 0.00426771
 0.00854879 0.0138807 0.0208776 0.0294648 0.0393435 0.0498393 0.059862 0.0681551 0.0737377 0.0762132 0.075749 0.0728435 0.0681023 0.0621176 0.0554134 0.0484153 0.0414431 0.0347263 0.028428 0.0226649 0.0175209 0.0130552 0.00930713 0.00629309 0.0039976
 0.00865607 0.0140365 0.0210764 0.0296865 0.0395551 0.0500019 0.0599398 0.0681278 0.0736123 0.0760283 0.0755654 0.0727204 0.0680733 0.0621803 0.0555373 0.048559 0.0415688 0.0348049 0.0284399 0.0226006 0.0173836 0.0128624 0.00908768 0.00607943 0.00381609
 0.00877185 0.0142138 0.0213219 0.0299967 0.0399142 0.0503802 0.0602939 0.0684052 0.0737636 0.076024 0.0754097 0.0724537 0.0677598 0.061886 0.0553078 0.0484085 0.0414829 0.0347531 0.0283894 0.0225267 0.0172749 0.012722 0.00893029 0.00592557 0.00368413
 0.00881348 0.0142731 0.0213958 0.0300775 0.039992 0.050447 0.0603461 0.0684422 0.0737844 0.0760241 0.075382 0.0723931 0.0676703 0.0617839 0.055218 0.0483544 0.0414751 0.0347846 0.0284387 0.0225678 0.0172878 0.0126991 0.00887734 0.00585677 0.00361542
 0.00880798 0.0142774 0.0214261 0.0301546 0.0401339 0.0506573 0.0606061 0.068713 0.0740199 0.0761868 0.0754531 0.0723726 0.0675713 0.0616265 0.0550269 0.0481563 0.0412952 0.0346397 0.0283328 0.0224927 0.0172287 0.0126432 0.00881881 0.00579755 0.00356148
 0.00883906 0.014323 0.0214861 0.0302283 0.0402221 0.050766 0.0607455 0.0688918 0.0742355 0.0764184 0.0756634 0.0725204 0.0676262 0.0615794 0.0548906 0.0479591 0.0410707 0.0344189 0.0281379 0.0223336 0.0171047 0.012547 0.00874266 0.00573637 0.00351346
 0.00872649 0.0141574 0.0212694 0.0299736 0.0399508 0.0505022 0.0605129 0.0687136 0.0741349 0.0764159 0.0757697 0.0727276 0.0679052 0.0618859 0.0551786 0.0481949 0.0412406 0.0345275 0.0282003 0.0223666 0.0171206 0.0125526 0.00874073 0.00572889 0.00350291
 0.00863358 0.0140028 0.0210315 0.029634 0.0395029 0.0499622 0.0599272 0.0681547 0.0736831 0.0761359 0.0756945 0.0728558 0.0682079 0.0623163 0.0556799 0.0487092 0.0417183 0.0349353 0.0285245 0.0226096 0.0172939 0.0126705 0.00881643 0.00577364 0.00352637
 0.00860619 0.0139646 0.0209849 0.0295823 0.0394465 0.0498934 0.05983 0.0680113 0.0734862 0.0759 0.0754563 0.0726632 0.0681027 0.0623202 0.0557896 0.0489002 0.0419539 0.0351776 0.0287429 0.0227863 0.0174242 0.0127587 0.00887146 0.00580499 0.00354229
 0.00837285 0.0136142 0.0205121 0.0290037 0.0387979 0.0492241 0.0591963 0.0674691 0.0730818 0.0756603 0.075386 0.0727513 0.0683323 0.062674 0.0562485 0.0494377 0.0425336 0.0357563 0.0292786 0.0232468 0.017792 0.0130318 0.00905987 0.00592547 0.00361337
 0.00832412 0.0135218 0.0203501 0.028743 0.038418 0.0487281 0.058622 0.0668862 0.0725716 0.0752894 0.0751877 0.0727234 0.0684491 0.062903 0.0565612 0.0498125 0.0429514 0.0361947 0.0297101 0.0236423 0.0181276 0.0132945 0.00924898 0.0060504 0.0036889
 0.00825144 0.0133987 0.0201552 0.0284525 0.0380099 0.0481904 0.0579631 0.066143 0.071811 0.0745995 0.0746601 0.0724307 0.0684251 0.0631361 0.057003 0.0503962 0.0436101 0.0368712 0.0303589 0.0242278 0.0186241 0.0136877 0.00953788 0.00624606 0.00381037
 0.00822019 0.0133534 0.0200964 0.0283819 0.0379261 0.0480848 0.0578176 0.0659339 0.0715195 0.0742248 0.0742289 0.0719973 0.0680598 0.0629046 0.056947 0.0505219 0.0438901 0.0372568 0.0307949 0.0246637 0.0190202 0.014018 0.00979087 0.0064235 0.00392382
 0.00809322 0.0131659 0.0198496 0.0280902 0.0376138 0.0477796 0.0575442 0.0657088 0.071347 0.0740956 0.0741246 0.0719008 0.0679682 0.0628362 0.0569355 0.0506023 0.0440814 0.0375529 0.0311653 0.0250643 0.0194061 0.0143539 0.0100567 0.00661491 0.00404905
 0.00801886 0.0130337 0.0196314 0.027757 0.0371477 0.04719 0.0568791 0.0650504 0.0707886 0.0737108 0.0739445 0.0719113 0.0681255 0.0630885 0.0572436 0.0509473 0.0444613 0.0379693 0.0316116 0.0255195 0.0198392 0.0147338 0.0103617 0.00683807 0.00419728
 0.00865803 0.0139398 0.0207476 0.0289435 0.0382172 0.0479676 0.0572544 0.0649976 0.0703571 0.0730004 0.0730781 0.0710083 0.0672786 0.0623524 0.056637 0.0504676 0.0441 0.0377206 0.0314703 0.0254749 0.0198704 0.0148117 0.0104561 0.00692559 0.00426505
 0.00921413 0.0148188 0.0220157 0.0306238 0.04026 0.0502197 0.0594484 0.066792 0.0714341 0.0731796 0.0723798 0.0696301 0.065507 0.0604648 0.0548393 0.0488782 0.0427664 0.0366469 0.0306404 0.0248644 0.0194493 0.0145442 0.0103028 0.00684817 0.00423184
 0.00905985 0.0146804 0.0220144 0.0309391 0.0410792 0.0516556 0.0614648 0.069179 0.0738472 0.0752277 0.0737275 0.0700828 0.0650551 0.0592701 0.0531703 0.0470226 0.0409603 0.0350423 0.0293098 0.0238231 0.0186784 0.0140067 0.00995253 0.00663671 0.00411453
 0.00864706 0.0140617 0.021188 0.0299578 0.0400607 0.0507835 0.0609703 0.0692888 0.0746993 0.0767872 0.0757575 0.0722017 0.0668594 0.0604641 0.0536431 0.0468475 0.0403322 0.0341921 0.0284341 0.0230502 0.018068 0.013567 0.00966178 0.00646039 0.00401695
 0.00843868 0.0136981 0.0205985 0.0290713 0.0388357 0.0492511 0.0592707 0.0676731 0.0734805 0.0762527 0.0760747 0.0733533 0.0686348 0.0625163 0.0555947 0.0484049 0.0413579 0.034709 0.0285718 0.022971 0.0179084 0.013412 0.00954772 0.0063912 0.0039818
 0.00855788 0.0138578 0.020773 0.0292076 0.0388583 0.0490765 0.0588297 0.0669391 0.0724996 0.0751613 0.0750865 0.0727043 0.0685014 0.0629417 0.0564647 0.0494889 0.0423976 0.03551 0.0290557 0.0231686 0.0179131 0.0133255 0.00944421 0.00630829 0.00392874
 0.00853319 0.0138283 0.0207466 0.0291937 0.038859 0.0490748 0.0587828 0.0667842 0.0721752 0.0746389 0.0743991 0.0719583 0.0678578 0.0625685 0.0564729 0.0498834 0.0430705 0.0362851 0.0297601 0.0236933 0.0182331 0.013479 0.00949428 0.00631044 0.0039173
 0.00852543 0.0138017 0.0206819 0.0290677 0.0386539 0.048791 0.0584451 0.0664342 0.0718508 0.0743534 0.0741374 0.0716954 0.0675911 0.0623384 0.0563572 0.0499612 0.0433767 0.0367834 0.030353 0.0242646 0.0186949 0.0137968 0.00968142 0.00640501 0.00395844
 0.0085176 0.0137915 0.0206702 0.029054 0.038633 0.0487503 0.058365 0.0662964 0.0716487 0.0740998 0.0738608 0.0714266 0.0673506 0.0621376 0.0562099 0.0498945 0.043425 0.0369667 0.0306557 0.0246332 0.0190589 0.0140984 0.00989455 0.00653448 0.00402646
 0.00846982 0.0137345 0.0206223 0.0290441 0.0386916 0.0488944 0.0585867 0.0665589 0.0718961 0.0742735 0.0739178 0.0713513 0.0671571 0.0618618 0.0558984 0.0495952 0.0431823 0.0368155 0.0306127 0.0246892 0.0191804 0.0142408 0.0100204 0.00662477 0.0040804
 0.00840735 0.0136228 0.0204375 0.0287635 0.0383057 0.048423 0.0580871 0.0661169 0.0715972 0.0741688 0.074004 0.0715773 0.0674494 0.0621543 0.0561512 0.0497991 0.043351 0.0369733 0.0307821 0.0248803 0.0193863 0.0144421 0.0101946 0.00675697 0.00416814
 0.00839442 0.0136164 0.020453 0.0288197 0.0384146 0.0485767 0.0582521 0.0662446 0.0716466 0.0741297 0.0739018 0.0714558 0.0673444 0.0620768 0.0560896 0.0497349 0.0432752 0.0368926 0.0307141 0.0248425 0.0193865 0.0144748 0.0102449 0.00680845 0.00420956
 0.00834627 0.0135449 0.0203592 0.0287117 0.0383081 0.0484942 0.0582181 0.0662764 0.0717442 0.0742701 0.0740463 0.0715677 0.0674059 0.0620927 0.0560773 0.0497102 0.0432454 0.0368602 0.0306829 0.02482 0.0193803 0.0144872 0.0102715 0.00684056 0.00423873
 0.00836167 0.0135514 0.0203354 0.0286284 0.0381386 0.0482295 0.0578794 0.0659153 0.071428 0.0740592 0.0739737 0.0716304 0.0675709 0.0623132 0.0563107 0.0499284 0.0434361 0.0370209 0.0308158 0.0249293 0.0194711 0.014564 0.0103365 0.00689347 0.00427872
 0.00837387 0.0135772 0.0203837 0.0287069 0.038247 0.0483514 0.0579802 0.065951 0.0713654 0.0738961 0.0737448 0.071394 0.0673831 0.0622062 0.0562856 0.0499637 0.0435027 0.0370952 0.0308842 0.0249873 0.0195194 0.0146049 0.0103715 0.00692287 0.00430192
 0.00844591 0.0136884 0.0205401 0.0289106 0.0384962 0.0486396 0.0582931 0.0662627 0.0716368 0.07408 0.0738001 0.0713023 0.0671599 0.0618974 0.0559498 0.0496511 0.0432416 0.0368916 0.0307307 0.0248731 0.0194359 0.0145464 0.0103337 0.00690136 0.00429173
 0.00850508 0.0137692 0.0206335 0.0289994 0.0385609 0.0486673 0.0582848 0.0662335 0.0716088 0.0740717 0.0738161 0.071331 0.0671788 0.0618855 0.0558994 0.0495717 0.0431533 0.0368142 0.0306752 0.0248403 0.0194206 0.0145421 0.0103353 0.00690564 0.0042967
 0.00858419 0.0138966 0.0208218 0.029256 0.0388823 0.0490333 0.0586554 0.0665555 0.0718321 0.0741675 0.0737865 0.0712024 0.066986 0.0616568 0.0556514 0.0493137 0.0428949 0.0365686 0.0304571 0.0246606 0.0192833 0.0144444 0.0102704 0.00686554 0.00427386
 0.00867502 0.0140476 0.0210548 0.0295918 0.0393345 0.0495985 0.0593038 0.067228 0.0724489 0.0746459 0.0740613 0.0712421 0.0667992 0.0612856 0.0551564 0.0487568 0.0423278 0.0360295 0.0299726 0.0242483 0.0189518 0.014194 0.0100936 0.00674924 0.0042031
 0.00845817 0.0137102 0.0205772 0.0289717 0.0385939 0.0487902 0.0585144 0.0665678 0.072026 0.0745315 0.0742657 0.0717131 0.0674424 0.0619959 0.0558449 0.0493656 0.0428312 0.0364258 0.0302734 0.0244704 0.0191123 0.0143076 0.0101721 0.00680176 0.00423652
 0.0085196 0.0138042 0.0207071 0.0291341 0.0387773 0.0489739 0.0586707 0.0666689 0.072055 0.0744922 0.0741836 0.071624 0.0673749 0.061959 0.0558266 0.0493431 0.0427844 0.0363465 0.0301667 0.0243502 0.0189945 0.0142052 0.0100922 0.00674542 0.00420065
 0.00839653 0.0136239 0.0204727 0.0288619 0.0384926 0.0487042 0.0584391 0.0664911 0.0719387 0.0744388 0.0741911 0.0716908 0.0675017 0.062145 0.0560639 0.0496123 0.0430567 0.0365922 0.0303646 0.0244927 0.0190863 0.0142583 0.0101198 0.00675856 0.00420654
 0.00827204 0.0134067 0.0201204 0.0283324 0.0377606 0.0477854 0.0574066 0.0654699 0.0710732 0.073849 0.0739397 0.0717772 0.0678777 0.0627389 0.0567993 0.0504182 0.0438704 0.0373601 0.0310447 0.0250578 0.0195269 0.0145804 0.0103406 0.00690034 0.00429158
 0.0085541 0.0138555 0.0207736 0.0292072 0.0388378 0.048991 0.0586046 0.0664819 0.0717287 0.0740444 0.0736723 0.0711354 0.0669989 0.0617625 0.0558369 0.0495438 0.043123 0.036751 0.030566 0.024691 0.0192503 0.0143752 0.0101923 0.00679772 0.00422498
 0.00873707 0.0141604 0.0212457 0.0298912 0.0397658 0.0501622 0.0599646 0.0679129 0.0730616 0.0750923 0.0742758 0.0712054 0.0665405 0.060871 0.0546656 0.0482592 0.0418664 0.035619 0.0296088 0.0239218 0.0186591 0.0139394 0.00988532 0.00659258 0.00409626
 0.00851006 0.013802 0.0207297 0.0292099 0.0389428 0.0492667 0.0591165 0.0672674 0.0727654 0.0752292 0.0748292 0.0720584 0.0675169 0.0617935 0.0554085 0.0487726 0.0421691 0.0357692 0.0296712 0.0239459 0.0186723 0.0139517 0.00989717 0.00660217 0.00410256
 0.0086044 0.0139454 0.0209254 0.0294509 0.0392094 0.049527 0.0593314 0.0674022 0.0728077 0.0752011 0.0747822 0.0720487 0.0675723 0.0618955 0.0555003 0.0487894 0.042071 0.0355581 0.029385 0.0236377 0.0183886 0.0137205 0.00972695 0.00648743 0.00403132
 0.00838099 0.0136031 0.0204502 0.0288463 0.0384979 0.0487497 0.0585476 0.0666843 0.07223 0.0748258 0.0746499 0.0721768 0.0679549 0.0625006 0.0562653 0.0496251 0.0428789 0.0362557 0.0299269 0.0240201 0.0186374 0.0138732 0.00981745 0.00654019 0.00406151
 0.00840587 0.0136129 0.0204094 0.0287048 0.0382073 0.0482863 0.0579315 0.0659809 0.0715318 0.0742247 0.0742161 0.0719503 0.0679488 0.0627072 0.0566587 0.0501603 0.0434926 0.036875 0.0304847 0.0244716 0.018968 0.014094 0.00995371 0.00661891 0.00410458
 0.00855499 0.013843 0.02073 0.0291097 0.0386675 0.0487455 0.0583076 0.0661823 0.0714877 0.0739168 0.0736912 0.071306 0.0672996 0.0621514 0.0562594 0.0499408 0.0434411 0.0369527 0.0306376 0.0246454 0.0191216 0.0142067 0.0100239 0.00665618 0.00412143
 0.00854116 0.013838 0.0207543 0.0291924 0.0388368 0.0490147 0.0586612 0.0665712 0.0718369 0.0741446 0.0737344 0.0711415 0.0669555 0.0616994 0.0557918 0.0495416 0.0431641 0.0368129 0.0306159 0.0247019 0.0192122 0.0142965 0.0100936 0.00670118 0.00414611
 0.00842267 0.013666 0.0205351 0.0289479 0.038603 0.0488352 0.058579 0.0666184 0.0720227 0.0744448 0.0740904 0.0714739 0.0671896 0.061792 0.0557458 0.0494016 0.0429954 0.036675 0.0305436 0.0246989 0.0192594 0.0143658 0.0101609 0.00675316 0.00417979
 0.00818758 0.0133213 0.0200867 0.0284278 0.038063 0.0483352 0.0581772 0.0663646 0.0719531 0.0745741 0.074404 0.071925 0.0677061 0.0622927 0.0561623 0.0496974 0.0431732 0.0367687 0.0305979 0.0247499 0.0193232 0.0144398 0.0102335 0.00681321 0.0042223
 0.00773078 0.0126421 0.0191841 0.0273468 0.0368874 0.0471719 0.0571409 0.0655651 0.0714791 0.0744754 0.0746791 0.0725232 0.0685406 0.063259 0.0571553 0.0506271 0.0439777 0.0374217 0.0311056 0.0251384 0.0196218 0.0146707 0.0104089 0.00694003 0.00430715
#obs surv len freq
 0.00496748 0.00813755 0.0123794 0.0177072 0.023995 0.0308772 0.0377273 0.0438201 0.0486024 0.0518708 0.053743 0.0545059 0.0544827 0.0539745 0.0532436 0.0525031 0.0518962 0.0514554 0.0510411 0.050284 0.0486022 0.0453656 0.0401974 0.0332665 0.0253546
 0.00518442 0.00849153 0.0129146 0.0184657 0.0250093 0.0321577 0.0392499 0.0455214 0.0503887 0.053634 0.0553754 0.0559071 0.0555616 0.0546512 0.0534544 0.0522071 0.0510819 0.050147 0.0493025 0.0482207 0.0463587 0.0431141 0.0381142 0.0314987 0.0239878
 0.00542403 0.0088823 0.013505 0.0193018 0.026126 0.0335652 0.0409194 0.0473805 0.0523314 0.0555411 0.0571334 0.0574173 0.0567412 0.0554299 0.0537711 0.0520108 0.0503382 0.0488497 0.0474883 0.0459826 0.0438502 0.0405378 0.03569 0.029417 0.0223654
 0.00566127 0.00927406 0.0141059 0.0201662 0.0272976 0.0350592 0.042706 0.0493786 0.0544212 0.0575886 0.059012 0.0590209 0.0579866 0.0562528 0.0541207 0.0518443 0.0496202 0.0475612 0.045645 0.043657 0.041188 0.0377524 0.0330287 0.0271044 0.0205472
 0.00590077 0.00966514 0.0146981 0.0210079 0.0284278 0.0364951 0.0444271 0.0513199 0.0564796 0.0596391 0.060927 0.0606843 0.0593013 0.0571442 0.0545341 0.0517391 0.0489652 0.0463371 0.0438588 0.0413669 0.0385253 0.0349252 0.0302918 0.0246997 0.0186395
 0.006138 0.0100554 0.015294 0.0218609 0.0295783 0.037956 0.0461683 0.053264 0.0585139 0.061639 0.0627753 0.0622803 0.0605618 0.0580013 0.0549334 0.051638 0.0483313 0.0451506 0.042124 0.0391335 0.0359129 0.0321307 0.0275646 0.0222845 0.0167099
 0.00639494 0.0104727 0.0159212 0.0227444 0.0307523 0.0394295 0.0479103 0.0551976 0.0605262 0.0636013 0.064565 0.0637946 0.0617226 0.0587535 0.0552386 0.0514675 0.0476618 0.043966 0.0404273 0.0369684 0.0333873 0.0294267 0.0249179 0.0199311 0.0148212
 0.00662489 0.0108543 0.0165095 0.0235945 0.0319072 0.0409012 0.0496618 0.0571388 0.0625291 0.0655279 0.066291 0.0652219 0.062781 0.059397 0.05544 0.0512117 0.0469395 0.0427731 0.038773 0.0348945 0.0309912 0.0268728 0.0224209 0.0177089 0.0130342
 0.00683698 0.0112024 0.0170398 0.024353 0.0329315 0.0422073 0.0512291 0.0589018 0.064384 0.067349 0.0679515 0.0666104 0.0638126 0.0600169 0.0556211 0.0509464 0.0462309 0.0416303 0.0372159 0.0329685 0.028787 0.0245373 0.0201447 0.0156854 0.0114064
 0.00705766 0.0115626 0.0175844 0.0251239 0.0339593 0.0434976 0.0527493 0.0605778 0.0661107 0.069011 0.0694412 0.0678373 0.0647064 0.0605283 0.0557218 0.0506272 0.0454977 0.0405003 0.0357188 0.0311557 0.0267462 0.0224012 0.0180804 0.0138602 0.0099429
 0.00727109 0.0119125 0.0181162 0.0258807 0.0349723 0.044771 0.0542463 0.0622164 0.0677764 0.070581 0.070806 0.0689138 0.0654397 0.0608885 0.0556979 0.0502217 0.044723 0.0393776 0.034281 0.029456 0.0248683 0.0204646 0.0162301 0.0122379 0.0086497
 0.0074455 0.0122001 0.0185566 0.0265132 0.0358278 0.0458593 0.0555426 0.0636563 0.0692639 0.0720061 0.0720634 0.0699162 0.0661251 0.0612221 0.0556693 0.0498389 0.0440055 0.0383526 0.0329853 0.0279422 0.0232139 0.0187751 0.0146296 0.0108444 0.00754501
 0.00750408 0.0123028 0.0187257 0.0267759 0.0362128 0.0463901 0.0562292 0.0644892 0.0702125 0.0730201 0.0730772 0.0708547 0.0669125 0.0617908 0.0559686 0.0498394 0.0436991 0.0377503 0.0321155 0.0268528 0.0219755 0.0174812 0.0133876 0.00975483 0.00667757
 0.00762351 0.0124803 0.0189625 0.0270644 0.0365416 0.0467517 0.0566243 0.0649261 0.0707004 0.073561 0.0736598 0.0714514 0.0674801 0.0622756 0.0563138 0.0499939 0.0436257 0.0374318 0.031558 0.026088 0.021061 0.0164975 0.0124271 0.00890407 0.00599653
 0.00766206 0.0125473 0.0190705 0.0272253 0.0367618 0.0470253 0.0569306 0.0652348 0.0709855 0.0738149 0.0738965 0.0716966 0.0677525 0.0625718 0.0566039 0.0502277 0.0437466 0.0373914 0.0313291 0.0256721 0.0204914 0.0158353 0.0117493 0.00828567 0.00549215
 0.00771214 0.0126186 0.0191596 0.0273244 0.0368626 0.0471249 0.057034 0.0653513 0.0711218 0.0739691 0.0740599 0.0718604 0.0679154 0.0627393 0.0567785 0.0503985 0.0438847 0.0374553 0.0312788 0.0254848 0.0201724 0.0154198 0.0112939 0.00785176 0.00512802
 0.00778656 0.012732 0.0193155 0.0275194 0.0370857 0.0473576 0.0572524 0.0655313 0.0712462 0.0740347 0.0740776 0.0718497 0.0678955 0.0627237 0.0567742 0.0504057 0.0438939 0.0374465 0.0312242 0.0253589 0.0199644 0.0151416 0.0109785 0.00754226 0.00486229
 0.00781213 0.0127742 0.0193798 0.0276108 0.0372064 0.0475048 0.0574157 0.0656931 0.0713857 0.074134 0.0741279 0.0718542 0.0678678 0.0626821 0.0567354 0.050379 0.0438793 0.037434 0.031196 0.0252949 0.0198506 0.0149781 0.0107819 0.00733999 0.00468211
 0.00785916 0.0128439 0.0194724 0.0277224 0.0373308 0.0476358 0.0575484 0.065823 0.0715067 0.0742371 0.0742021 0.0718896 0.06786 0.0626351 0.0566609 0.0502926 0.043794 0.0373554 0.0311204 0.0252121 0.0197497 0.0148546 0.0106416 0.00719754 0.00455465
 0.00787679 0.0128726 0.0195155 0.0277821 0.0374072 0.0477251 0.0576428 0.0659121 0.0715811 0.0742924 0.0742391 0.0719115 0.0678688 0.0626302 0.0566406 0.0502574 0.0437476 0.0373027 0.0310643 0.0251513 0.01968 0.0147732 0.0105506 0.00710467 0.00447036
 0.00788475 0.0128809 0.0195195 0.0277755 0.0373846 0.0476852 0.0575911 0.0658598 0.0715413 0.0742744 0.0742464 0.0719423 0.0679178 0.0626907 0.0567051 0.0503183 0.0437986 0.0373398 0.0310857 0.0251563 0.0196683 0.0147452 0.0105094 0.0070564 0.00442275
 0.00790252 0.0129059 0.0195498 0.0278061 0.037408 0.0476933 0.0575771 0.0658206 0.0714798 0.0742005 0.0741748 0.0718882 0.0678917 0.0626956 0.0567367 0.0503674 0.0438546 0.037393 0.0311289 0.0251848 0.0196803 0.0147412 0.0104923 0.00703125 0.00439541
 0.00790158 0.0129026 0.0195414 0.0277891 0.0373784 0.0476481 0.0575156 0.0657451 0.0713951 0.0741138 0.0740952 0.0718263 0.0678578 0.0626967 0.0567746 0.0504371 0.0439457 0.0374924 0.0312238 0.0252652 0.0197404 0.0147793 0.0105105 0.00703443 0.00438966
 0.0079072 0.0129103 0.0195502 0.0277967 0.0373818 0.0476436 0.0574996 0.065715 0.07135 0.0740554 0.0740283 0.0717579 0.0677971 0.0626529 0.0567554 0.0504464 0.0439823 0.0375498 0.0312917 0.0253327 0.0197981 0.0148218 0.0105368 0.00704675 0.00439243
 0.00787649 0.0128595 0.0194724 0.0276858 0.0372346 0.0474633 0.0572979 0.0655115 0.0711683 0.0739163 0.0739449 0.0717343 0.0678295 0.062733 0.056873 0.0505917 0.0441456 0.0377214 0.0314613 0.0254894 0.0199325 0.014928 0.010613 0.00709596 0.00442055
 0.00787632 0.0128518 0.0194472 0.0276295 0.0371333 0.0473088 0.0570931 0.0652722 0.0709202 0.0736892 0.0737664 0.0716241 0.0677968 0.0627759 0.0569806 0.0507479 0.0443328 0.0379228 0.031662 0.0256766 0.0200958 0.0150602 0.0107116 0.00716313 0.00446189
 0.00786691 0.0128386 0.0194309 0.0276103 0.0371096 0.0472748 0.0570383 0.0651848 0.070793 0.073526 0.0735841 0.0714495 0.0676582 0.0626955 0.0569689 0.0508028 0.0444425 0.0380698 0.0318272 0.0258424 0.0202477 0.0151882 0.0108106 0.00723292 0.00450653
 0.00783195 0.0127823 0.0193474 0.0274957 0.0369637 0.0471033 0.0568538 0.0650046 0.0706336 0.0733974 0.0734886 0.0713849 0.067624 0.062696 0.0570115 0.0508931 0.0445794 0.0382441 0.0320232 0.0260417 0.0204329 0.0153463 0.0109345 0.00732181 0.0045646
 0.00781758 0.0127551 0.0192993 0.0274173 0.0368464 0.0469436 0.0566573 0.0647868 0.0704175 0.0732076 0.0733447 0.0712978 0.0675948 0.062719 0.0570791 0.050999 0.0447192 0.0384124 0.0322111 0.0262359 0.0206183 0.0155088 0.0110651 0.00741765 0.00462851
 0.00777203 0.0126841 0.0191983 0.0272834 0.0366792 0.0467449 0.0564324 0.0645458 0.0701763 0.0729868 0.0731667 0.0711825 0.0675552 0.0627576 0.0571885 0.0511649 0.044925 0.0386424 0.0324512 0.0264725 0.0208378 0.0156993 0.0112182 0.00753059 0.00470451
 0.00774017 0.0126291 0.0191099 0.0271512 0.0364954 0.0465099 0.0561579 0.0642547 0.0698966 0.0727448 0.0729817 0.071066 0.0675132 0.0627919 0.0572961 0.0513373 0.0451479 0.0388979 0.0327201 0.0267366 0.0210812 0.0159093 0.0113866 0.00765524 0.00478892
 0.0093383 0.0148657 0.021808 0.0299224 0.0388525 0.048046 0.0566894 0.0638497 0.0687943 0.0712352 0.0713158 0.0694201 0.0659925 0.0614502 0.0561543 0.0503971 0.0443993 0.0383238 0.0322983 0.0264422 0.0208883 0.0157924 0.0113226 0.00762461 0.00477689
 0.00933409 0.0151529 0.0227582 0.0319951 0.0423944 0.0530203 0.0625043 0.0694542 0.0730503 0.0733656 0.0711613 0.0673815 0.0627558 0.0576939 0.0523807 0.0469028 0.0413247 0.0357152 0.0301538 0.0247357 0.0195799 0.0148326 0.0106546 0.0071875 0.00451035
 0.0089562 0.0145635 0.0219394 0.0310039 0.0414148 0.0523963 0.0626976 0.0708802 0.0758313 0.0771478 0.0751589 0.0706744 0.0646719 0.058042 0.0514204 0.0451286 0.0392322 0.0336651 0.0283481 0.0232549 0.0184323 0.013989 0.0100684 0.00680495 0.00427784
 0.00878552 0.01427 0.0214693 0.0303017 0.0404449 0.0511816 0.0613637 0.0696827 0.0751293 0.0773018 0.0763714 0.0728439 0.0673652 0.060636 0.0533529 0.0461107 0.0393037 0.0330932 0.0274629 0.0223254 0.0176189 0.0133564 0.009619 0.00651038 0.00409946
 0.00870965 0.0141427 0.0212691 0.0300024 0.0400173 0.0505986 0.0606133 0.0687876 0.0741713 0.0764389 0.0758269 0.0728482 0.0680542 0.0619547 0.0550334 0.0477613 0.0405696 0.0337918 0.0276195 0.0221065 0.0172267 0.0129493 0.00928377 0.00627299 0.00395014
 0.00868616 0.0140981 0.0211897 0.0298707 0.0398146 0.0503095 0.06023 0.0683117 0.0736158 0.0758346 0.0752338 0.0723672 0.0678183 0.0620883 0.0555865 0.0486584 0.0416157 0.0347469 0.0282992 0.0224475 0.0172828 0.012835 0.00911075 0.00611399 0.00383482
 0.00868277 0.0140949 0.0211886 0.0298729 0.039818 0.0503048 0.0601992 0.0682306 0.0734604 0.0755902 0.0749042 0.0719812 0.0674346 0.0617914 0.0554681 0.0487807 0.041973 0.0352538 0.0288209 0.022859 0.0175199 0.012907 0.00907419 0.00603356 0.00375603
 0.00866553 0.0140659 0.0211435 0.0298081 0.0397322 0.0502015 0.0600868 0.0681196 0.0733578 0.075494 0.0748031 0.0718613 0.0672914 0.0616405 0.0553481 0.0487432 0.0420602 0.0354724 0.0291301 0.0231849 0.0177892 0.0130783 0.00914869 0.00604101 0.00373245
 0.00866548 0.0140662 0.0211444 0.0298095 0.039733 0.0501988 0.0600763 0.0680968 0.0733199 0.0754412 0.0747374 0.071784 0.0672017 0.0615387 0.0552416 0.0486518 0.0420128 0.0354941 0.0292269 0.0233356 0.0179533 0.0132154 0.00923645 0.00608016 0.00373858
 0.00863949 0.0140306 0.0211031 0.0297702 0.0397049 0.0501888 0.0600859 0.0681214 0.0733505 0.0754671 0.0747496 0.0717773 0.0671745 0.0614929 0.0551821 0.0485876 0.0419578 0.0354657 0.0292384 0.0233883 0.0180338 0.013301 0.00930628 0.00612414 0.00375853
 0.00864383 0.0140313 0.021093 0.02974 0.0396472 0.0501039 0.059985 0.0680245 0.0732789 0.0754345 0.0747565 0.0718126 0.0672218 0.0615371 0.0552138 0.0486048 0.0419652 0.0354726 0.0292556 0.0234229 0.0180848 0.0133599 0.00936107 0.0061656 0.00378381
 0.00863581 0.014022 0.0210853 0.0297377 0.0396523 0.0501136 0.0599908 0.0680155 0.0732479 0.0753839 0.0746986 0.0717636 0.0671934 0.0615314 0.0552246 0.0486221 0.0419817 0.0354863 0.0292697 0.0234423 0.0181123 0.0133936 0.00939573 0.00619513 0.00380466
 0.0086164 0.0139912 0.0210407 0.0296784 0.0395803 0.0500344 0.0599137 0.0679508 0.0732035 0.0753614 0.0746941 0.0717712 0.0672103 0.0615581 0.0552626 0.0486706 0.0420364 0.0355418 0.0293219 0.0234901 0.0181563 0.0134342 0.00943161 0.00622433 0.00382579
 0.00862126 0.013997 0.0210455 0.029679 0.0395727 0.0500157 0.0598829 0.0679102 0.0731582 0.0753181 0.0746589 0.0717477 0.0671986 0.0615564 0.055269 0.0486841 0.0420565 0.0355674 0.029351 0.0235204 0.0181859 0.0134619 0.00945619 0.00624462 0.00384098
 0.00862241 0.0140002 0.0210524 0.0296917 0.0395923 0.0500408 0.0599091 0.0679306 0.0731656 0.0753086 0.0746334 0.0717114 0.0671589 0.06152 0.0552402 0.0486646 0.0420464 0.0355658 0.0293565 0.0235312 0.0182001 0.0134774 0.00947128 0.00625777 0.00385124
 0.00862241 0.0140002 0.0210524 0.0296917 0.0395923 0.0500408 0.0599091 0.0679306 0.0731656 0.0753086 0.0746334 0.0717114 0.0671589 0.06152 0.0552402 0.0486646 0.0420464 0.0355658 0.0293565 0.0235312 0.0182001 0.0134774 0.00947128 0.00625777 0.00385124
 0.00858798 0.0139473 0.0209788 0.0295981 0.0394828 0.0499234 0.0597953 0.0678336 0.0730975 0.0752762 0.0746365 0.0717442 0.0672129 0.0615877 0.0553157 0.0487439 0.0421262 0.0356433 0.0294291 0.0235966 0.0182567 0.0135242 0.00950785 0.00628466 0.00386962
 0.00863109 0.01401 0.0210595 0.0296901 0.0395762 0.0500074 0.0598606 0.067874 0.0731103 0.0752618 0.0745986 0.0716885 0.0671457 0.0615149 0.0552427 0.0486756 0.0420666 0.035595 0.0293931 0.0235726 0.0182428 0.0135179 0.00950667 0.00628621 0.00387213
 0.00870752 0.0141382 0.0212585 0.0299768 0.0399578 0.0504715 0.0603681 0.0683622 0.0735085 0.075513 0.0746747 0.0715938 0.0669098 0.0611802 0.0548538 0.0482719 0.041679 0.035245 0.0290935 0.0233287 0.0180543 0.0133801 0.00941184 0.00622527 0.00383584
 0.00842203 0.0136949 0.020633 0.0291671 0.0389926 0.049417 0.0593302 0.0674738 0.0728975 0.0752632 0.0748009 0.0720438 0.0675895 0.0619848 0.0556917 0.0490758 0.0424071 0.0358762 0.0296215 0.0237558 0.0183875 0.0136296 0.00958953 0.00634452 0.00391049
 0.00863961 0.0140063 0.0210222 0.0295902 0.0393865 0.0497173 0.0594879 0.0674661 0.0727322 0.0749772 0.0744515 0.0716938 0.067288 0.0617567 0.0555365 0.0489768 0.0423432 0.0358308 0.0295847 0.0237243 0.0183614 0.0136095 0.00957562 0.00633596 0.00390588
 0.00854656 0.0138881 0.0209035 0.0295098 0.0393809 0.0497977 0.0596253 0.0675982 0.0727905 0.0749206 0.0742854 0.0714653 0.0670638 0.0615951 0.0554697 0.0490062 0.0424465 0.0359749 0.0297385 0.0238655 0.0184782 0.0136988 0.00963949 0.00637876 0.00393268
 0.00839938 0.0136427 0.0205263 0.0289747 0.0386856 0.0489825 0.0587821 0.0668535 0.0722632 0.0746757 0.0743142 0.0717038 0.0674331 0.062036 0.0559525 0.0495189 0.0429781 0.0365056 0.0302407 0.0243116 0.0188488 0.0139861 0.00984713 0.0065183 0.00401954
 0.00878015 0.0142301 0.0213479 0.0300253 0.0399185 0.0503032 0.0600502 0.0679038 0.0729488 0.0749145 0.0741106 0.0711324 0.0666011 0.0610496 0.0549038 0.0484863 0.0420267 0.0356827 0.0295709 0.0237958 0.0184707 0.0137211 0.00966948 0.00640499 0.00395144
 0.00886346 0.0144091 0.0216957 0.0306308 0.0408571 0.0515929 0.0616147 0.0695689 0.0744815 0.0760877 0.0747633 0.0712037 0.0661303 0.0601507 0.0537264 0.0471808 0.0407211 0.0344731 0.0285203 0.0229362 0.0178068 0.0132371 0.00933666 0.00618996 0.00382161
 0.00851946 0.0138638 0.0209073 0.0295872 0.0395982 0.0502338 0.0603522 0.0686477 0.0741169 0.0763787 0.0756461 0.0724766 0.0675323 0.0614491 0.0547738 0.0479267 0.0411904 0.0347314 0.0286418 0.0229836 0.0178231 0.0132451 0.00934508 0.00619943 0.00383031
 0.00879121 0.0142513 0.021388 0.0301011 0.040059 0.0505529 0.0604649 0.0685365 0.0738247 0.0760049 0.0753184 0.0723005 0.0675446 0.0616026 0.0549646 0.0480465 0.0411722 0.034567 0.0283705 0.0226663 0.0175163 0.012987 0.00915133 0.00606815 0.00374953
 0.00848902 0.0138097 0.0208145 0.0294318 0.0393447 0.0498382 0.0597753 0.0678827 0.0732213 0.0754898 0.0749598 0.0721837 0.0677407 0.0621319 0.0557752 0.0490216 0.0421666 0.0354535 0.0290736 0.0231693 0.0178461 0.0131888 0.00926941 0.00613554 0.0037874
 0.0085092 0.0138044 0.0207387 0.0292268 0.0389614 0.0492679 0.0590701 0.0671445 0.0725612 0.074984 0.074631 0.0720193 0.0677268 0.0622742 0.0560897 0.0495069 0.0427818 0.0361212 0.0297051 0.0236961 0.0182375 0.0134509 0.00942945 0.00622609 0.00383562
 0.00858116 0.0139239 0.0209198 0.0294755 0.0392636 0.0495784 0.0593117 0.0672278 0.0724229 0.0746207 0.074106 0.0714346 0.0671822 0.0618405 0.0558053 0.0493866 0.0428214 0.036294 0.0299622 0.023977 0.0184896 0.0136435 0.00955719 0.00630047 0.00387407
 0.00859591 0.0139586 0.020992 0.0296081 0.039479 0.0498874 0.0597013 0.0676532 0.0728104 0.0748834 0.0741709 0.0712707 0.0668159 0.0613469 0.0552818 0.0489219 0.0424746 0.0360882 0.0298872 0.023999 0.0185639 0.0137298 0.00962942 0.00634905 0.00390125
 0.00860969 0.0139798 0.0210226 0.0296511 0.0395405 0.0499784 0.0598363 0.0678451 0.0730602 0.0751702 0.0744482 0.0714754 0.0668887 0.0612572 0.0550421 0.0485854 0.042115 0.0357734 0.0296596 0.0238685 0.0185142 0.0137312 0.00965278 0.00637449 0.00391978
 0.00857564 0.0139274 0.0209492 0.0295568 0.0394291 0.0498579 0.0597207 0.0677547 0.0730192 0.0752007 0.0745611 0.0716611 0.0671138 0.0614711 0.0551948 0.0486469 0.0420878 0.0356887 0.0295613 0.0237928 0.0184778 0.0137311 0.00967451 0.00640233 0.00394346
 0.0085548 0.013895 0.0209035 0.0294972 0.0393564 0.0497749 0.0596323 0.0676686 0.0729458 0.0751528 0.0745517 0.0717008 0.0672052 0.0616039 0.0553447 0.0487817 0.0421796 0.0357263 0.0295535 0.0237623 0.0184479 0.0137156 0.00967521 0.00641322 0.00395696
#pred catch len freq
 0.00541179 0.00851556 0.0123242 0.0166977 0.0215329 0.0267491 0.0322065 0.0376652 0.0428311 0.0474369 0.0512901 0.0542859 0.0564066 0.0577083 0.0582881 0.0582462 0.0576614 0.0565753 0.0549661 0.0527052 0.0495324 0.0451225 0.0392767 0.0321603 0.0244039
 0.0058255 0.00909147 0.0130172 0.017419 0.0221926 0.0273142 0.0327339 0.0382773 0.0436406 0.0484647 0.0524295 0.0553361 0.0571534 0.0580078 0.0581135 0.0576831 0.0568587 0.0556767 0.0540523 0.0517747 0.0485326 0.0440118 0.0380783 0.0309694 0.0233458
