SBPRF35
7.78865
Curr Bio
472560
B35
690282
F35
0.209521
FOFL
0.130452
OFL
46459.2
Bzero
2.22533e+06
#pred survey bio
 4.49868e+06 4.28288e+06 4.06046e+06 3.78771e+06 3.4777e+06 3.1622e+06 2.83936e+06 2.54605e+06 2.26116e+06 1.99086e+06 1.75948e+06 1.55476e+06 1.37887e+06 1.19962e+06 1.06823e+06 945996 869497 815191 751332 708771 685304 670718 666162 655165 651754 645894 648531 634503 632251 633667 630569 641754 642056 632652 618418 598955 589200 575436 575706 583272 596463 597429 598853 612729 615501 628006 628121 636296 644896 645321 649192 576110 523280 471621 452270 465116 498739 513547 507973 513422 477350 1.56489e+07 9.3312e+06 9.63954e+06 1.05381e+07 1.17431e+07 1.29827e+07 1.40959e+07 1.50165e+07 1.5738e+07 1.62834e+07 1.66858e+07 1.69782e+07 1.71887e+07 1.73395e+07 1.74475e+07 1.7525e+07 1.75809e+07 1.76213e+07 1.76508e+07 1.76724e+07 1.76884e+07 1.77002e+07 1.77091e+07 1.77157e+07 1.77208e+07 1.77246e+07 1.77274e+07 1.77296e+07 1.77313e+07 1.77326e+07 1.77336e+07 1.77343e+07 1.77349e+07 1.77354e+07 1.77357e+07 1.7736e+07 1.77362e+07 1.77364e+07 1.77365e+07 1.77366e+07 1.77367e+07 1.77367e+07 1.77368e+07 1.77368e+07 1.77368e+07 1.77368e+07 1.77369e+07 1.77369e+07 1.77369e+07 1.77369e+07 1.77369e+07 1.77369e+07 1.77369e+07 1.77369e+07 1.77369e+07 1.77369e+07 1.77369e+07 1.77369e+07 1.77369e+07 1.77369e+07 1.77369e+07 1.77369e+07 1.77369e+07 1.77369e+07 1.77369e+07 1.77369e+07 1.77369e+07 1.77369e+07 1.77369e+07 1.77369e+07 1.77369e+07 1.77369e+07 1.77369e+07 1.77369e+07 1.77369e+07 1.77369e+07 1.77369e+07 1.77369e+07 1.77369e+07 1.77369e+07 1.77369e+07 1.77369e+07 1.77369e+07 1.77369e+07 1.77369e+07 1.77369e+07 1.77369e+07 1.77369e+07 1.77369e+07 1.77369e+07 1.77369e+07 1.77369e+07 1.77369e+07 1.77369e+07 1.77369e+07 1.77369e+07 1.77369e+07 1.77369e+07 1.77369e+07 1.77369e+07 0 0 0 0 0 0 0 0 0 0 0 0 0 0 0 0 0 0 0 0 0 0 0 0 0
#obs survey bio
 3.16068e+06 2.53478e+06 2.83182e+06 2.66437e+06 3.85922e+06 2.52388e+06 1.93258e+06 2.33821e+06 1.34686e+06 2.01747e+06 1.27858e+06 1.20876e+06 1.25118e+06 1.01906e+06 831419 893287 923392 797454 573364 589356 494691 443013 825212 541761 559097 742141 792576 519729 642457 550951 474478 722748 504576 606636 537052 528942 772201 695853 584309 786396 511438 479405 476588 474209 584468 514764 450046 651149 489609 1.06143e+06 872921 628313 639551 464212 368612 485608 366409 399837 561577 536622 442001
#pred catch bio
 92564 94195.8 146548 198296 228607 264971 268819 289886 302007 287698 279698 265658 275510 237774 231281 190885 169643 174048 152189 133552 124372 114338 117332 108399 108263 99788.2 113006 102296 98710.2 101445 88175 95497.7 100364 99808.1 99158.3 88612.2 93496.8 84558.4 81206.3 78687.3 90637.6 91911.8 84168.8 95996 89281.1 100317 93710 93463.5 99043.8 93691.5 154012 132364 129546 101791 75557.7 58867.2 73540.5 87922.8 76400.4 107696 96641.3 46459.2 71259.5 72272.3 77802.7 86394.4 95481.2 103583 110149 115150 118796 121370 123144 124343 125142 125669 126013 126236 126380 126472 126531 126568 126592 126607 126617 126623 126626 126629 126630 126631 126632 126632 126633 126633 126633 126633 126633 126633 126633 126633 126633 126633 126633 126633 126633 126633 126633 126633 126633 126633 126633 126633 126633 126633 126633 126633 126633 126633 126633 126633 126633 126633 126633 126633 126633 126633 126633 126633 126633 126633 126633 126633 126633 126633 126633 126633 126633 126633 126633 126633 126633 126633 126633 126633 126633 126633 126633 126633 126633 126633 126633 126633 126633 126633 126633 126633 126633 126633 126633 126633 126633 0 0 0 0 0 0 0 0 0 0 0 0 0 0 0 0 0 0 0 0 0 0 0 0 0
#obs catch bio
 0 94031.4 147302 200151 230939 269286 274154 296766 311663 296678 289533 274663 286590 246297 241439 198771 174148 178856 156023 137156 127433 117406 119596 110285 110186 100444 114775 104068 100294 103397 89464.1 96673.8 101839 101079 100363 89175.3 94221 84528.4 81098.2 78497.9 90698.6 92139 84558.5 97102.3 90052.5 101336 94484.7 94159.3 100306 93368.2 154288 131474 128920 101920 75912.4 58787.3 73779.3 88467.3 75876.8 107884 96616.4
#pred cpue bio
 4.42936e+06 4.21854e+06 4.00029e+06 3.72924e+06 3.42033e+06 3.10602e+06 2.78447e+06 2.49235e+06 2.20895e+06 1.94045e+06 1.71089e+06 1.50804e+06 1.33394e+06 1.15712e+06 1.02747e+06 907314 832598 780019 718090 676734 654044 640028 635968 625841 622960 617622 620298 606541 604317 605908 603211 614541 615434 606937 593943 575759 565975 551407 550798 557946 570797 571580 572507 585472 587880 600057 600295 608305 616868 617808 622265 551285 499181 448167 428926 441726 475401 490752 485754 491250 456612 1.49818e+07 8.94154e+06 9.11831e+06 9.868e+06 1.10192e+07 1.22457e+07 1.33562e+07 1.42763e+07 1.49977e+07 1.55431e+07 1.59455e+07 1.62379e+07 1.64484e+07 1.65992e+07 1.67072e+07 1.67847e+07 1.68405e+07 1.6881e+07 1.69105e+07 1.69321e+07 1.6948e+07 1.69599e+07 1.69687e+07 1.69754e+07 1.69804e+07 1.69842e+07 1.69871e+07 1.69893e+07 1.6991e+07 1.69923e+07 1.69933e+07 1.6994e+07 1.69946e+07 1.6995e+07 1.69954e+07 1.69957e+07 1.69959e+07 1.6996e+07 1.69961e+07 1.69962e+07 1.69963e+07 1.69964e+07 1.69964e+07 1.69965e+07 1.69965e+07 1.69965e+07 1.69965e+07 1.69965e+07 1.69965e+07 1.69965e+07 1.69966e+07 1.69966e+07 1.69966e+07 1.69966e+07 1.69966e+07 1.69966e+07 1.69966e+07 1.69966e+07 1.69966e+07 1.69966e+07 1.69966e+07 1.69966e+07 1.69966e+07 1.69966e+07 1.69966e+07 1.69966e+07 1.69966e+07 1.69966e+07 1.69966e+07 1.69966e+07 1.69966e+07 1.69966e+07 1.69966e+07 1.69966e+07 1.69966e+07 1.69966e+07 1.69966e+07 1.69966e+07 1.69966e+07 1.69966e+07 1.69966e+07 1.69966e+07 1.69966e+07 1.69966e+07 1.69966e+07 1.69966e+07 1.69966e+07 1.69966e+07 1.69966e+07 1.69966e+07 1.69966e+07 1.69966e+07 1.69966e+07 1.69966e+07 1.69966e+07 1.69966e+07 1.69966e+07 1.69966e+07 1.69966e+07 1.69966e+07 0 0 0 0 0 0 0 0 0 0 0 0 0 0 0 0 0 0 0 0 0 0 0 0 0
#obs cpue bio
 4.21135e+06 3.65148e+06 2.79538e+06 2.73185e+06 2.67545e+06 2.2714e+06 2.04654e+06 2.21498e+06 1.74431e+06 1.49276e+06 1.38664e+06 1.43591e+06 962847 835062 639329 438044 1.03037e+06 662003 608323 409320 686716 459895 757196 537129 595335 832354 298942 388995 485248 495991 579359 704416 567432 598948 650133 721718 449417 733934 610335 412711 608656 584838 431842 526718 495788 772287 693996 562193 525912 883941 588514 619513 447569 325931 362724 477296 599574 590385 779186 412295 471046
#pred surv len freq
 0.0054115 0.00872774 0.0130257 0.018248 0.0242472 0.0307141 0.0371435 0.0429466 0.0476713 0.0511579 0.0535204 0.0550133 0.0559019 0.0563883 0.056577 0.056464 0.0559522 0.0548861 0.0530869 0.0503686 0.0465511 0.0415107 0.0352922 0.0282298 0.0209641
 0.00565395 0.00900472 0.0132321 0.0182299 0.0238626 0.0299185 0.0360451 0.0417824 0.0467044 0.0505529 0.053275 0.054981 0.0558839 0.0562391 0.0562732 0.0561133 0.0557439 0.0550051 0.053626 0.0512805 0.0476646 0.0426043 0.036184 0.0288366 0.0213029
 0.00603858 0.00960228 0.0140713 0.0192967 0.0250792 0.0311283 0.0370244 0.042299 0.0466142 0.0498817 0.0522176 0.0538038 0.054793 0.0553031 0.0554476 0.0553327 0.0550078 0.0543978 0.0532655 0.0512369 0.0479072 0.0430108 0.0366026 0.0291551 0.021483
 0.00630847 0.0100519 0.0147673 0.0203057 0.0264487 0.0328556 0.0390212 0.0443728 0.0484868 0.0512529 0.0528572 0.0536332 0.0539101 0.0539298 0.0538284 0.0536509 0.0533682 0.0528665 0.0519109 0.0501308 0.0470904 0.0424644 0.0362559 0.028924 0.0213079
 0.00661686 0.0105353 0.0154636 0.0212439 0.0276518 0.0343401 0.0407869 0.0463824 0.0506423 0.0533799 0.0547127 0.0549486 0.0544656 0.0536293 0.052733 0.0519496 0.0513045 0.0506689 0.0497613 0.0481639 0.0453983 0.0410936 0.0352051 0.0281552 0.0207673
 0.00696309 0.0110794 0.0162477 0.0222948 0.0289777 0.0359266 0.0425929 0.048341 0.05267 0.0553847 0.05659 0.0565651 0.0556506 0.0541969 0.052537 0.0509441 0.0495741 0.0484084 0.0472205 0.0455899 0.0429961 0.0390071 0.033512 0.0268713 0.0198589
 0.00730347 0.0116236 0.0170492 0.0233969 0.0304048 0.037672 0.0446057 0.0505231 0.0548916 0.0575113 0.0585053 0.0581759 0.056873 0.0549369 0.0526844 0.0503949 0.0482761 0.0464062 0.0446705 0.0427339 0.0401085 0.0363374 0.031242 0.0250939 0.0185796
 0.0076313 0.0121416 0.0178018 0.0244174 0.0317128 0.0392674 0.0464589 0.0525682 0.0570279 0.0596159 0.0604506 0.0598449 0.0581682 0.0557785 0.0530008 0.0501147 0.0473366 0.0447845 0.0424233 0.0400204 0.0371757 0.0334695 0.028693 0.0230324 0.017064
 0.00794592 0.0126462 0.0185484 0.0254492 0.0330563 0.0409199 0.0483761 0.0546614 0.0591771 0.0616929 0.0623379 0.0614438 0.0593974 0.0565707 0.0532982 0.0498649 0.0464931 0.0433192 0.0403551 0.0374482 0.0342934 0.0305427 0.025999 0.0207878 0.0153751
 0.00826959 0.0131608 0.0193014 0.0264784 0.034384 0.0425444 0.0502602 0.0567257 0.0613063 0.0637538 0.0642003 0.0629967 0.060557 0.0572796 0.0535186 0.0495686 0.0456549 0.0419221 0.0384098 0.0350239 0.031542 0.0276944 0.0233186 0.0185054 0.0136238
 0.0086062 0.0136874 0.0200559 0.0274835 0.0356455 0.0440485 0.0519679 0.0585691 0.0631932 0.0655798 0.065861 0.0643972 0.0616168 0.0579364 0.0537286 0.0493032 0.0448963 0.0406621 0.036661 0.0328419 0.0290492 0.0250847 0.0208278 0.0163512 0.0119456
 0.00892614 0.014196 0.0207993 0.0284955 0.0369399 0.0456085 0.0537362 0.0604471 0.0650574 0.0673072 0.0673508 0.065578 0.0624426 0.0583777 0.0537654 0.0489215 0.0440863 0.0394214 0.0350036 0.0308165 0.0267584 0.0226923 0.018537 0.0143568 0.0103783
 0.00918214 0.0146082 0.0214122 0.0293478 0.0380571 0.0469916 0.055348 0.0622068 0.0668488 0.0689993 0.0688213 0.0667306 0.0632159 0.0587442 0.0537234 0.0484822 0.0432643 0.0382313 0.0334674 0.0289796 0.0247081 0.020565 0.0165036 0.012583 0.00897821
 0.00960012 0.0152549 0.0223245 0.0305383 0.0395136 0.0486768 0.0571958 0.0641204 0.0687069 0.0706729 0.0701926 0.0677083 0.0637438 0.058804 0.053331 0.0476776 0.042098 0.0367542 0.031729 0.0270383 0.0226464 0.0184989 0.0145733 0.0109226 0.00767772
 0.0098063 0.0155978 0.022854 0.0313031 0.0405486 0.0499839 0.0587278 0.0657794 0.0703642 0.0721981 0.0714778 0.0686762 0.0643448 0.0590116 0.0531397 0.0471026 0.0411729 0.035526 0.0302545 0.0253846 0.0208969 0.0167576 0.0129568 0.00953857 0.00659645
 0.00987751 0.015739 0.0231139 0.031744 0.0412333 0.0509532 0.0599777 0.0672499 0.0719455 0.0737515 0.072861 0.0697682 0.0650627 0.0593169 0.0530331 0.0466129 0.0403451 0.0344146 0.0289214 0.0239008 0.0193457 0.0152341 0.0115608 0.00835647 0.00568077
 0.00993979 0.0158156 0.0231867 0.0317886 0.0412357 0.0509318 0.059995 0.0674009 0.0723217 0.0743979 0.07375 0.0708017 0.0661015 0.0602187 0.0536842 0.0469442 0.040334 0.0340767 0.0283007 0.0230622 0.0183704 0.0142146 0.0105908 0.00751613 0.00502046
 0.0100312 0.0159486 0.0233567 0.0319782 0.0414162 0.051069 0.0600596 0.0673829 0.0722451 0.0743259 0.0737694 0.0709889 0.0664839 0.0607553 0.0542765 0.0474703 0.0406857 0.034186 0.0281485 0.0226744 0.0178071 0.0135568 0.00992523 0.0069183 0.00454042
 0.0102466 0.0162824 0.023827 0.0325872 0.0421453 0.0518745 0.0608698 0.0681036 0.0727793 0.0746032 0.0737731 0.0707646 0.0661239 0.0603639 0.0539299 0.0471912 0.0404443 0.0339235 0.0278093 0.0222311 0.0172702 0.0129694 0.00934697 0.00640636 0.00413323
 0.0103369 0.016425 0.0240339 0.032867 0.0425023 0.0523058 0.061361 0.0686251 0.0732849 0.0750357 0.074075 0.0708948 0.0660732 0.0601612 0.0536333 0.0468646 0.0401311 0.0336325 0.0275199 0.0219141 0.0169099 0.0125752 0.00895029 0.00604637 0.00384089
 0.0104084 0.016522 0.024145 0.0329717 0.042579 0.0523442 0.0613708 0.0686345 0.0733288 0.0751391 0.0742401 0.0710981 0.0662736 0.060316 0.053715 0.0468693 0.0400745 0.0335353 0.0273945 0.0217605 0.0167235 0.0123586 0.0087191 0.00582517 0.00365324
 0.010283 0.0163504 0.0239454 0.0327786 0.0424309 0.0522654 0.0613599 0.0686684 0.0733807 0.0751969 0.0743139 0.0712091 0.066436 0.0605236 0.053941 0.0470788 0.0402387 0.0336403 0.0274393 0.0217506 0.0166661 0.0122633 0.0085997 0.00569992 0.00354012
 0.0101386 0.0161181 0.0236029 0.0323131 0.0418492 0.0516046 0.060692 0.0680885 0.0729791 0.0750278 0.0743808 0.0714751 0.0668473 0.0610282 0.0544942 0.0476395 0.0407676 0.0341028 0.0278117 0.022023 0.0168417 0.0123549 0.00862707 0.0056858 0.00350643
 0.010169 0.0161497 0.0236168 0.0322793 0.0417323 0.051376 0.0603427 0.0676385 0.072479 0.0745509 0.0740054 0.0712624 0.0668238 0.0611823 0.0547858 0.0480164 0.0411782 0.0345026 0.0281658 0.0223082 0.0170479 0.0124848 0.0086934 0.00570704 0.00350175
 0.0101111 0.0160645 0.0235042 0.0321427 0.0415746 0.0511943 0.0601267 0.0673748 0.0721616 0.0741923 0.0736425 0.0709514 0.0666252 0.0611406 0.0549152 0.0482966 0.0415631 0.0349349 0.0285911 0.0226842 0.0173489 0.0127024 0.00883356 0.00578553 0.00353802
 0.0102729 0.0162841 0.0237552 0.0323748 0.0417289 0.051227 0.0600262 0.0671617 0.0718729 0.0738627 0.0732954 0.0706044 0.0663005 0.0608708 0.0547371 0.0482378 0.041629 0.0351051 0.0288261 0.0229382 0.0175824 0.0128901 0.00896649 0.00586807 0.00358221
 0.0103049 0.0163428 0.0238537 0.0325239 0.0419278 0.0514526 0.0602294 0.0672791 0.0718519 0.0736865 0.0729915 0.0702307 0.0659207 0.0605355 0.0544791 0.048076 0.0415715 0.0351479 0.0289504 0.0231127 0.0177708 0.0130611 0.00910093 0.00596055 0.00363792
 0.0103173 0.0163815 0.0239461 0.0327061 0.0422342 0.0518994 0.0607981 0.0679098 0.0724516 0.0741509 0.0732336 0.0702059 0.0656398 0.0600591 0.0538959 0.047477 0.0410302 0.0347108 0.0286361 0.0229156 0.0176681 0.0130219 0.00909604 0.00596842 0.00364671
 0.0102162 0.0162258 0.0237294 0.0324331 0.0419256 0.0515952 0.0605565 0.0677962 0.072516 0.0744032 0.073631 0.0706627 0.0660567 0.060357 0.0540401 0.0474807 0.0409405 0.0345857 0.0285242 0.0228445 0.0176435 0.0130334 0.00912644 0.00600215 0.00367424
 0.0101123 0.0160626 0.0234949 0.0321211 0.0415381 0.0511464 0.0600779 0.0673386 0.0721453 0.0741868 0.0736186 0.070867 0.0664435 0.060852 0.0545517 0.0479299 0.0412837 0.0348195 0.0286742 0.0229453 0.0177227 0.0131047 0.00919135 0.00605677 0.00371507
 0.00999701 0.015892 0.0232691 0.0318502 0.0412381 0.0508332 0.0597634 0.0670328 0.0718615 0.0739474 0.0734554 0.0708159 0.0665317 0.0610838 0.0549001 0.0483411 0.0416943 0.0351781 0.0289551 0.0231494 0.0178666 0.0132078 0.0092676 0.0061133 0.00375514
 0.00977753 0.0155495 0.0227816 0.0312108 0.0404599 0.0499548 0.0588519 0.0661781 0.0711575 0.0734685 0.0732408 0.0708689 0.0668305 0.0615925 0.0555728 0.0491213 0.0425156 0.035972 0.0296638 0.0237374 0.0183238 0.0135438 0.00950276 0.00627002 0.00385392
 0.00957646 0.0152481 0.0223751 0.0307099 0.0398864 0.0493337 0.0582088 0.0655418 0.0705656 0.0729684 0.0728839 0.0706989 0.066872 0.0618454 0.0560137 0.0497093 0.0431976 0.0366881 0.0303547 0.0243529 0.0188316 0.013933 0.00978061 0.00645517 0.00396898
 0.00928149 0.0148135 0.0218047 0.0300376 0.039167 0.0486277 0.0575691 0.0650068 0.0701576 0.0726948 0.0727416 0.0706823 0.0669802 0.0620826 0.056383 0.0502033 0.0437926 0.0373443 0.0310217 0.0249793 0.0193753 0.0143688 0.0101028 0.0066748 0.0041068
 0.00922636 0.0146954 0.0215766 0.0296441 0.0385657 0.047818 0.0566133 0.0640242 0.0692886 0.0720536 0.0723837 0.0706026 0.0671344 0.0624157 0.0568485 0.0507683 0.0444317 0.0380301 0.0317187 0.0256454 0.0199692 0.0148594 0.0104765 0.00693605 0.00427389
 0.00998908 0.0157672 0.0228767 0.0309866 0.0397054 0.0485291 0.0567586 0.063586 0.0683589 0.0708004 0.0710091 0.069297 0.0660379 0.0615984 0.0563169 0.050489 0.044357 0.0381125 0.0319139 0.0259094 0.020258 0.0151337 0.0107075 0.00711009 0.00439153
 0.0105428 0.0166471 0.0241546 0.0326921 0.0417927 0.0508408 0.059011 0.0654101 0.0694057 0.0708664 0.0701111 0.0676547 0.0639818 0.0594593 0.0543469 0.0488327 0.0430631 0.0371657 0.0312662 0.0255015 0.0200293 0.0150276 0.0106752 0.0071141 0.00440757
 0.0105729 0.0167638 0.0244555 0.0333103 0.0428627 0.0524411 0.061106 0.0678195 0.0718203 0.0729103 0.0714334 0.0680272 0.0633672 0.0580185 0.0523783 0.0466727 0.0409959 0.0353747 0.0298317 0.0244266 0.0192722 0.0145265 0.0103649 0.00693537 0.00431236
 0.0103966 0.0164984 0.0241007 0.0328942 0.0424521 0.0521479 0.0610794 0.0682125 0.0727285 0.0743063 0.0731362 0.0697329 0.0647387 0.0587952 0.0524578 0.046129 0.040032 0.0342381 0.0287354 0.0235052 0.018578 0.014051 0.0100669 0.00676434 0.00422273
 0.0103285 0.0163749 0.0238926 0.0325694 0.0419887 0.0515533 0.06041 0.0675807 0.0722884 0.0742162 0.0735047 0.0705671 0.065917 0.0600877 0.053596 0.0468978 0.0403396 0.0341303 0.0283535 0.0230163 0.0181155 0.013688 0.00982071 0.00661764 0.00414543
 0.0103703 0.0164224 0.0239253 0.0325531 0.0418814 0.0513174 0.0600262 0.0670606 0.0716837 0.0736203 0.0730425 0.0703672 0.0660681 0.0605956 0.0543643 0.0477515 0.0410865 0.034632 0.0285681 0.022994 0.017956 0.01349 0.00964948 0.00649848 0.00407568
 0.0105651 0.0167193 0.0243333 0.0330628 0.0424618 0.0519143 0.0605634 0.0674488 0.0718412 0.0735011 0.0726595 0.0697981 0.0654387 0.0600427 0.0539899 0.0475863 0.0410819 0.0346882 0.0285851 0.0229164 0.0177875 0.0132754 0.00944164 0.00633328 0.00396413
 0.0107042 0.0169405 0.0246564 0.033501 0.0430167 0.0525688 0.0612746 0.0681463 0.072435 0.0739001 0.0727939 0.0696398 0.0650139 0.0594307 0.0533043 0.046941 0.0405539 0.0342973 0.0283004 0.0226858 0.0175712 0.0130622 0.00924423 0.00617066 0.00384694
 0.0105563 0.0167363 0.0244171 0.0332707 0.0428526 0.0525242 0.0613822 0.0684102 0.0728301 0.0743757 0.0732805 0.0700606 0.0653016 0.0595465 0.0532513 0.0467627 0.0403172 0.0340648 0.0281082 0.0225381 0.0174524 0.0129559 0.00914468 0.0060825 0.0037774
 0.010438 0.016564 0.024196 0.0330217 0.0426106 0.0523329 0.0612872 0.0684501 0.0730257 0.0747196 0.0737329 0.0705552 0.0657609 0.0599007 0.053455 0.0468051 0.0402227 0.0338822 0.0278919 0.0223299 0.0172735 0.0128103 0.00902908 0.00599305 0.00371183
 0.0103382 0.0163972 0.023938 0.0326512 0.0421193 0.0517385 0.0606438 0.0678452 0.0725614 0.0744834 0.0737716 0.0708629 0.0662821 0.0605459 0.054123 0.0474072 0.040701 0.0342171 0.028097 0.0224378 0.0173193 0.0128214 0.00902256 0.00597887 0.00369602
 0.0103521 0.0164202 0.0239719 0.0326945 0.0421629 0.0517625 0.0606191 0.067743 0.0723694 0.0742206 0.0734904 0.0706333 0.0661653 0.0605708 0.0542763 0.0476413 0.0409537 0.0344339 0.0282467 0.0225156 0.0173397 0.0128067 0.00899279 0.00594745 0.00366976
 0.0102214 0.0162283 0.0237218 0.0324031 0.0418572 0.051472 0.0603681 0.067546 0.0722288 0.0741287 0.0734363 0.0706135 0.0661907 0.0606631 0.0544549 0.0479069 0.0412818 0.0347809 0.028566 0.0227734 0.0175232 0.0129216 0.00905561 0.00597659 0.00368031
 0.00991864 0.0157837 0.0231415 0.0317253 0.0411433 0.0507911 0.0597834 0.0671072 0.0719683 0.074057 0.0735403 0.0708601 0.066538 0.0610739 0.0549046 0.0483829 0.0417736 0.0352714 0.0290285 0.0231785 0.0178487 0.0131601 0.00921445 0.00607265 0.003733
 0.00976276 0.0155295 0.0227598 0.0311939 0.0404589 0.0499827 0.0589216 0.0662971 0.0713228 0.0736621 0.073431 0.0710186 0.0669096 0.0615896 0.0554994 0.0490064 0.0423917 0.0358613 0.0295717 0.0236566 0.0182454 0.0134662 0.00943174 0.0062136 0.00381614
 0.00978239 0.0155316 0.0227074 0.0310337 0.0401336 0.0494534 0.0581892 0.0654133 0.0703847 0.0727932 0.0727538 0.0706256 0.0668421 0.0618309 0.0559869 0.0496539 0.0431138 0.0365881 0.0302529 0.024259 0.0187485 0.0138606 0.0097194 0.00640699 0.00393505
 0.0105718 0.0167372 0.0243719 0.0331319 0.0425641 0.0520371 0.0606734 0.0674973 0.0717796 0.0733012 0.0723277 0.0693774 0.0650007 0.059673 0.0537707 0.0475754 0.0412916 0.0350723 0.0290458 0.0233351 0.0180692 0.0133824 0.00939841 0.00620257 0.00381226
 0.0109888 0.0174151 0.0253897 0.0345558 0.044426 0.0543019 0.0632093 0.0700704 0.0740884 0.0750411 0.0732609 0.0693854 0.0641065 0.0580311 0.0516269 0.0452078 0.0389518 0.0329461 0.0272402 0.0218879 0.016969 0.0125883 0.00885589 0.00585349 0.00360213
 0.0112272 0.0178128 0.0260077 0.0354586 0.0456689 0.0559102 0.0651526 0.0722455 0.0763203 0.0771028 0.0749072 0.0703958 0.0643315 0.0574295 0.05028 0.0433033 0.0367395 0.0306812 0.0251347 0.0200822 0.0155271 0.0115116 0.00810334 0.00536235 0.00330417
 0.0108739 0.0173078 0.0253789 0.0347835 0.0450635 0.0555051 0.0650687 0.0725737 0.0771022 0.0783113 0.0764334 0.0720546 0.0658912 0.0586611 0.0510123 0.0434637 0.0363685 0.0299129 0.0241515 0.0190633 0.0146091 0.0107708 0.00756039 0.00499836 0.00308049
 0.0103483 0.0164745 0.0241697 0.0331649 0.0430615 0.0532353 0.0627554 0.0705323 0.0756708 0.0777556 0.076869 0.073419 0.0679668 0.0611307 0.0535282 0.0457181 0.0381504 0.0311378 0.024855 0.0193628 0.0146519 0.0106889 0.00744502 0.00489778 0.00301038
 0.0100787 0.0159983 0.0233845 0.0319559 0.0413337 0.0509642 0.060037 0.0676025 0.0728778 0.075491 0.0754824 0.0731386 0.0688442 0.063025 0.0561382 0.0486547 0.0410277 0.0336538 0.0268394 0.0207815 0.0155744 0.0112368 0.00774472 0.00505072 0.00308449
 0.0100586 0.0159647 0.0233273 0.0318525 0.0411382 0.0505996 0.0594015 0.0666007 0.071473 0.0737577 0.0736265 0.0714639 0.0676719 0.062597 0.0565416 0.0497969 0.0426694 0.0354858 0.0285729 0.0222176 0.016631 0.0119323 0.00815645 0.00527108 0.00319189
 0.0101364 0.0160939 0.0235261 0.0321359 0.0415103 0.0510401 0.0598527 0.066962 0.0716124 0.0735445 0.0729798 0.0704015 0.0663358 0.0612324 0.0554281 0.0491558 0.042589 0.0359008 0.0293037 0.0230477 0.0173818 0.0125056 0.00853442 0.00548832 0.00330115
 0.00969923 0.015469 0.0227452 0.0312855 0.0407101 0.0504063 0.0594654 0.0668488 0.0717469 0.0738518 0.0733479 0.0707061 0.0664789 0.0611852 0.0552527 0.0489878 0.0425806 0.0361511 0.0298146 0.0237288 0.0180983 0.0131368 0.00901288 0.00580482 0.00348543
 0.00934139 0.0149604 0.0221171 0.0306183 0.0401169 0.0500029 0.0593398 0.0670413 0.0722401 0.0745689 0.0741624 0.0714661 0.0670424 0.0614572 0.0552128 0.0486984 0.0421695 0.0357687 0.0295798 0.0236889 0.018224 0.013352 0.00923753 0.00598638 0.00360669
#obs surv len freq
 nan nan nan nan nan nan nan nan nan nan nan nan nan nan nan nan nan nan nan nan nan nan nan nan nan
 0.00448338 0.00734429 0.0111741 0.0159907 0.0216922 0.0279688 0.034284 0.0400161 0.044696 0.0481597 0.0505171 0.0520122 0.0529036 0.0534153 0.053729 0.0539835 0.0542617 0.0545542 0.0546928 0.0542847 0.0527227 0.0493549 0.0438048 0.0362851 0.027669
 0.0046107 0.00755416 0.0114949 0.0164497 0.0223087 0.0287439 0.0351904 0.0409951 0.0456662 0.0490328 0.0512148 0.0524783 0.0531093 0.0533591 0.0534329 0.0534849 0.0536047 0.0537818 0.0538444 0.0533976 0.051836 0.048512 0.0430506 0.0356576 0.0271894
 0.00478205 0.00783139 0.0119099 0.0170315 0.023079 0.0297084 0.0363289 0.0422564 0.0469711 0.0502852 0.0523153 0.0533364 0.0536541 0.0535481 0.0532557 0.0529621 0.0527805 0.0527158 0.052603 0.0520514 0.0504605 0.0471877 0.0418574 0.0346614 0.0264266
 0.00497565 0.00815004 0.0123965 0.0177279 0.024017 0.0308962 0.0377379 0.0438178 0.0485862 0.0518448 0.0537155 0.0544857 0.0544747 0.053978 0.0532537 0.052514 0.0519035 0.0514576 0.0510386 0.0502782 0.0485945 0.0453573 0.0401895 0.0332597 0.0253494
 0.00518202 0.00848841 0.0129113 0.0184633 0.0250088 0.0321596 0.0392533 0.0455241 0.0503872 0.0536253 0.0553585 0.0558843 0.0555387 0.0546348 0.053449 0.0522129 0.0510957 0.050164 0.0493188 0.0482343 0.0463692 0.043122 0.0381202 0.0315031 0.023991
 0.00540868 0.00885861 0.0134718 0.0192591 0.0260752 0.0335092 0.0408629 0.0473289 0.0522898 0.0555125 0.0571178 0.0574123 0.0567441 0.0554393 0.0537877 0.0520366 0.0503738 0.048894 0.0475381 0.0460338 0.0438993 0.0405823 0.0357281 0.0294477 0.0223884
 0.00564105 0.00924134 0.0140571 0.0200984 0.0272096 0.0349529 0.0425874 0.049258 0.0543113 0.0575008 0.0589544 0.0589963 0.0579929 0.0562848 0.0541722 0.0519102 0.0496973 0.0476475 0.045738 0.0437534 0.0412833 0.0378415 0.0331069 0.0271683 0.0205953
 0.00589169 0.00964884 0.0146707 0.0209648 0.0283647 0.0364096 0.0443205 0.0511981 0.0563523 0.0595182 0.0608247 0.0606106 0.0592628 0.0571425 0.0545664 0.0517995 0.0490469 0.046434 0.0439657 0.0414788 0.0386371 0.035031 0.0303856 0.0247769 0.0186979
 0.00612743 0.0100378 0.0152665 0.0218205 0.0295219 0.0378812 0.0460747 0.0531534 0.0583915 0.0615128 0.0626555 0.0621783 0.0604882 0.057964 0.0549363 0.05168 0.0484074 0.0452533 0.042245 0.0392646 0.0360459 0.0322575 0.0276777 0.022378 0.0167808
 0.00638991 0.0104638 0.0159066 0.0227216 0.0307189 0.0393835 0.0478509 0.0551253 0.0604428 0.0635098 0.0644698 0.0637016 0.0616398 0.0586896 0.0552023 0.0514648 0.0476948 0.0440324 0.0405209 0.0370805 0.0335079 0.0295456 0.0250258 0.0200212 0.0148898
 0.00661565 0.0108403 0.0164903 0.02357 0.0318777 0.0408667 0.0496221 0.0570934 0.0624778 0.0654709 0.0662295 0.0651583 0.0627189 0.0593414 0.0553975 0.0511894 0.0469435 0.0428066 0.038835 0.0349798 0.031091 0.0269765 0.0225182 0.0177917 0.013098
 0.00684838 0.0112202 0.0170653 0.0243867 0.032973 0.0422545 0.0512783 0.0589473 0.0644186 0.0673656 0.0679446 0.0665775 0.0637551 0.0599404 0.0555343 0.0508601 0.046156 0.0415762 0.0371882 0.032968 0.0288095 0.0245751 0.0201887 0.0157274 0.0114411
 0.00707148 0.0115849 0.0176177 0.0251701 0.0340193 0.0435701 0.0528301 0.0606598 0.066185 0.0690685 0.0694744 0.0678414 0.0646795 0.0604722 0.0556417 0.0505317 0.0453979 0.0404078 0.0356433 0.0311032 0.0267179 0.0223937 0.0180871 0.0138738 0.00995758
 0.00727725 0.011924 0.0181363 0.0259131 0.0350206 0.0448367 0.0543275 0.0623072 0.0678683 0.0706639 0.0708708 0.068953 0.0654488 0.0608658 0.0556453 0.0501447 0.0446298 0.0392787 0.0341874 0.0293768 0.024809 0.0204262 0.0162096 0.0122301 0.00864906
 0.00742749 0.012174 0.0185232 0.0264757 0.0357915 0.0458309 0.0555287 0.0636625 0.0692935 0.0720579 0.0721319 0.069992 0.0661971 0.0612799 0.0557054 0.0498498 0.0439924 0.0383208 0.032943 0.0278986 0.0231766 0.0187486 0.0146147 0.0108388 0.00754512
 0.0075347 0.0123457 0.0187775 0.0268295 0.0362597 0.0464241 0.056249 0.0644988 0.0702186 0.0730288 0.0730915 0.0708739 0.0669325 0.0618058 0.0559727 0.0498279 0.0436702 0.0377054 0.0320595 0.0267927 0.0219188 0.0174338 0.0133524 0.00973186 0.0066644
 0.00762479 0.0124878 0.0189833 0.027107 0.0366122 0.0468489 0.0567363 0.0650327 0.0707809 0.0736031 0.0736637 0.0714274 0.0674418 0.0622338 0.0562731 0.0499534 0.0435823 0.0373827 0.031503 0.0260297 0.0210042 0.0164472 0.012387 0.0088754 0.00597819
 0.00767247 0.012561 0.0190855 0.0272391 0.0367731 0.0470368 0.0569493 0.0652689 0.0710391 0.0738827 0.073965 0.0717499 0.0677798 0.0625719 0.0565826 0.0501937 0.0437064 0.0373481 0.0312836 0.0256252 0.0204453 0.0157931 0.0117141 0.00825916 0.00547426
 0.00772232 0.0126367 0.0191894 0.0273696 0.0369248 0.0472016 0.0571176 0.0654311 0.0711882 0.0740175 0.0740908 0.0718765 0.0679175 0.0627253 0.0567465 0.0503495 0.0438229 0.037387 0.0312096 0.0254186 0.0201121 0.0153676 0.0112514 0.00781973 0.005106
 0.00777671 0.0127177 0.0192975 0.0274999 0.0370685 0.0473478 0.0572551 0.0655501 0.0712816 0.0740828 0.0741316 0.071902 0.0679403 0.0627576 0.0567954 0.0504128 0.0438867 0.0374264 0.0311945 0.0253238 0.0199281 0.0151077 0.0109496 0.00751965 0.00484625
 0.00784041 0.0128167 0.0194374 0.0276817 0.0372871 0.0475903 0.0575008 0.0657724 0.071454 0.074187 0.0741625 0.0718681 0.06786 0.062653 0.0566873 0.0503158 0.0438057 0.0373546 0.0311154 0.0252173 0.0197799 0.0149176 0.0107335 0.00730397 0.00465744
 0.0078522 0.0128356 0.0194655 0.0277209 0.037339 0.0476558 0.0575793 0.0658605 0.0715456 0.0742734 0.074234 0.0719171 0.0678829 0.0626524 0.0566702 0.0502914 0.0437812 0.0373316 0.0310879 0.0251743 0.0197106 0.0148179 0.0106102 0.00717302 0.00453727
 0.00786497 0.0128507 0.0194779 0.0277231 0.0373236 0.0476198 0.0575269 0.0658037 0.0714996 0.0742516 0.0742433 0.0719561 0.0679434 0.0627228 0.0567399 0.0503535 0.0438329 0.0373719 0.0311152 0.0251842 0.0196978 0.0147797 0.0105502 0.00710112 0.00446616
 0.00788597 0.0128822 0.0195199 0.027773 0.0373756 0.0476653 0.0575555 0.065806 0.0714715 0.0741977 0.0741767 0.0718942 0.0679012 0.0627074 0.0567495 0.0503802 0.0438668 0.0374045 0.0311402 0.0251971 0.0196951 0.0147601 0.0105156 0.00705743 0.00442144
 0.00790535 0.0129101 0.0195552 0.0278123 0.0374141 0.0476977 0.0575773 0.0658137 0.0714624 0.0741701 0.074132 0.071838 0.0678432 0.0626593 0.0567208 0.0503747 0.0438816 0.037432 0.031171 0.0252227 0.0197096 0.0147608 0.0105033 0.00703612 0.00439674
 0.00790514 0.012909 0.019552 0.0278053 0.0374013 0.0476773 0.0575485 0.0657771 0.0714204 0.0741266 0.0740917 0.0718048 0.0678204 0.0626493 0.0567257 0.050396 0.0439187 0.0374815 0.0312262 0.0252755 0.0197527 0.0147897 0.0105172 0.00703757 0.00439042
 0.00789462 0.0128912 0.0195241 0.0277643 0.0373452 0.0476064 0.0574665 0.0656908 0.0713387 0.0740581 0.074043 0.0717797 0.0678198 0.0626719 0.0567685 0.0504552 0.0439903 0.0375609 0.0313079 0.0253532 0.01982 0.0148418 0.0105523 0.00705722 0.00439851
 0.00786888 0.0128473 0.0194545 0.0276614 0.0372037 0.047427 0.0572591 0.0654746 0.0711384 0.073898 0.0739409 0.0717446 0.0678508 0.0627607 0.0569019 0.0506179 0.0441677 0.0377403 0.0314789 0.0255072 0.0199506 0.0149449 0.0106272 0.00710647 0.00442734
 0.00787295 0.0128486 0.0194464 0.0276342 0.0371464 0.0473311 0.0571221 0.0653025 0.0709452 0.0737041 0.0737694 0.0716169 0.0677826 0.0627586 0.0569628 0.0507306 0.0443164 0.0379076 0.0316488 0.0256666 0.0200896 0.0150576 0.0107116 0.00716424 0.00446315
 0.00786523 0.0128362 0.0194279 0.0276074 0.0371084 0.0472775 0.0570476 0.0652027 0.0708194 0.0735578 0.0736152 0.0714735 0.0676703 0.0626946 0.0569571 0.050784 0.0444205 0.0380476 0.0318069 0.0258253 0.0202347 0.0151793 0.0108052 0.00723024 0.00450544
 0.00783367 0.0127837 0.019347 0.0274915 0.0369537 0.0470869 0.0568326 0.0649827 0.0706164 0.0733899 0.0734935 0.0714014 0.0676481 0.0627217 0.0570332 0.0509076 0.044586 0.0382445 0.0320199 0.0260369 0.0204284 0.0153429 0.0109325 0.007321 0.00456452
 0.00780636 0.0127385 0.0192773 0.0273908 0.0368166 0.0469118 0.0566242 0.0647533 0.0703854 0.0731803 0.0733269 0.071294 0.0676074 0.062747 0.0571179 0.0510422 0.0447605 0.0384476 0.0322385 0.026256 0.0206325 0.0155187 0.011072 0.00742242 0.00463171
 0.00776377 0.0126669 0.0191658 0.0272281 0.0365951 0.0466319 0.0562983 0.0644067 0.0700512 0.0728924 0.0731131 0.0711723 0.0675853 0.0628219 0.0572785 0.0512709 0.0450366 0.03875 0.0325473 0.0265529 0.0209013 0.0157467 0.0112516 0.00755295 0.00471852
 0.00772606 0.0126076 0.01908 0.0271121 0.0364459 0.0464477 0.0560801 0.0641599 0.0697881 0.0726321 0.0728797 0.0709913 0.0674781 0.0628016 0.0573477 0.051422 0.0452537 0.0390123 0.0328316 0.0268366 0.0211643 0.0159736 0.011433 0.00768651 0.00480846
 0.00933927 0.0148648 0.021802 0.0299072 0.0388242 0.0480025 0.056632 0.0637824 0.0687218 0.0711614 0.0712437 0.069354 0.0659389 0.0614177 0.0561505 0.0504253 0.0444568 0.0384026 0.0323876 0.0265312 0.0209681 0.0158577 0.0113716 0.00765847 0.00479836
 0.00931116 0.0151187 0.0227122 0.0319386 0.0423298 0.0529502 0.0624308 0.0693796 0.072978 0.0733 0.0711073 0.0673437 0.0627367 0.0576948 0.0524024 0.0469461 0.0413888 0.0357968 0.0302465 0.0248309 0.0196687 0.0149082 0.0107134 0.00722923 0.00453738
 0.00896307 0.0145686 0.0219362 0.0309832 0.0413679 0.0523198 0.0625963 0.0707669 0.075722 0.077056 0.0750922 0.0706346 0.0646572 0.0580496 0.0514477 0.0451737 0.0392931 0.0337393 0.0284314 0.0233417 0.0185154 0.0140622 0.0101272 0.00684803 0.00430645
 0.00878235 0.0142685 0.0214734 0.0303158 0.0404715 0.0512175 0.0613986 0.0697017 0.0751192 0.0772583 0.0763009 0.0727608 0.0672854 0.0605715 0.0533096 0.04609 0.0393041 0.0331119 0.0274964 0.0223691 0.0176671 0.0134033 0.00965967 0.00654199 0.00412147
 0.00869664 0.0141206 0.0212344 0.0299524 0.0399518 0.0505221 0.0605357 0.0687213 0.0741264 0.0764183 0.0758253 0.0728565 0.068065 0.0619663 0.0550484 0.0477841 0.0406027 0.0338356 0.0276719 0.0221639 0.0172847 0.0130031 0.00932954 0.00630842 0.00397494
 0.00867777 0.0140866 0.0211762 0.0298572 0.0398026 0.0502988 0.0602183 0.0682961 0.0735949 0.0758101 0.0752103 0.072349 0.0678069 0.0620824 0.055584 0.0486587 0.0416204 0.0347584 0.0283189 0.0224749 0.0173152 0.0128684 0.00914148 0.0061392 0.00385331
 0.00869604 0.0141113 0.0212039 0.0298806 0.0398113 0.0502805 0.0601597 0.0681831 0.0734139 0.0755515 0.0748759 0.0719631 0.0674254 0.0617899 0.0554731 0.0487907 0.0419869 0.0352711 0.0288416 0.0228831 0.0175467 0.0129343 0.00909957 0.00605477 0.0037719
 0.00868351 0.014097 0.0211932 0.0298813 0.0398302 0.0503189 0.0602093 0.0682268 0.0734295 0.075518 0.0747789 0.0717988 0.0672047 0.0615435 0.0552512 0.0486535 0.0419819 0.0354079 0.0290805 0.02315 0.0177678 0.0130681 0.00914627 0.00604303 0.0037361
 0.00865697 0.0140559 0.0211355 0.0298078 0.0397455 0.0502322 0.060134 0.0681768 0.0734136 0.075534 0.0748122 0.0718268 0.0672058 0.061507 0.0551838 0.0485805 0.0419393 0.0354268 0.0291706 0.0232924 0.0179232 0.013197 0.00922704 0.00607678 0.00373847
 0.00862917 0.0140118 0.0210715 0.0297216 0.0396373 0.0501059 0.0599986 0.0680469 0.0733066 0.0754663 0.0747931 0.0718545 0.0672676 0.0615825 0.0552539 0.0486355 0.0419835 0.0354752 0.0292391 0.0233862 0.0180323 0.0133016 0.00930897 0.00612794 0.00376237
 0.00863357 0.0140144 0.0210669 0.0297021 0.0395949 0.0500356 0.0599016 0.0679308 0.0731849 0.0753543 0.0747056 0.071803 0.0672568 0.0616095 0.0553086 0.048704 0.0420544 0.0355438 0.0293078 0.0234593 0.01811 0.0133778 0.00937423 0.00617534 0.00379079
 0.00863236 0.0140176 0.0210808 0.0297343 0.0396507 0.0501131 0.0599885 0.0680066 0.0732277 0.0753502 0.0746541 0.0717161 0.067154 0.0615107 0.0552279 0.0486477 0.0420215 0.03553 0.0293088 0.0234724 0.0181332 0.0134073 0.00940459 0.00620105 0.0038087
 0.00861328 0.013987 0.0210362 0.0296748 0.0395793 0.0500376 0.0599216 0.0679627 0.0732167 0.0753713 0.0746956 0.071761 0.0671885 0.0615297 0.0552353 0.0486523 0.0420313 0.035549 0.029337 0.0235072 0.0181713 0.0134452 0.00943884 0.00622881 0.00382853
 0.00862859 0.0140075 0.0210588 0.0296939 0.0395878 0.0500298 0.0598957 0.0679221 0.0731695 0.0753284 0.0746665 0.0717498 0.0671922 0.0615401 0.0552441 0.0486551 0.0420293 0.0355469 0.0293392 0.0235163 0.0181867 0.0134645 0.00945879 0.0062465 0.00384214
 0.00861756 0.0139933 0.021044 0.0296827 0.0395838 0.0500336 0.0599033 0.0679258 0.073162 0.0753068 0.0746345 0.0717162 0.067167 0.0615294 0.0552481 0.0486691 0.0420474 0.035565 0.0293564 0.0235333 0.0182046 0.0134831 0.00947672 0.0062621 0.00385419
 0.00861756 0.0139933 0.021044 0.0296827 0.0395838 0.0500336 0.0599033 0.0679258 0.073162 0.0753068 0.0746345 0.0717162 0.067167 0.0615294 0.0552481 0.0486691 0.0420474 0.035565 0.0293564 0.0235333 0.0182046 0.0134831 0.00947672 0.0062621 0.00385419
 0.00912659 0.0147953 0.0221997 0.0312213 0.0414857 0.05221 0.0621813 0.0700596 0.0748807 0.0763849 0.0749499 0.0712718 0.0660737 0.0599665 0.0534181 0.0467595 0.0402068 0.0338951 0.0279159 0.0223474 0.0172735 0.012789 0.0089887 0.0059409 0.00365786
 0.00933891 0.0151864 0.0228705 0.0322873 0.0430411 0.0542736 0.0646505 0.0727031 0.0773837 0.0784259 0.0762738 0.0717361 0.0656626 0.0587808 0.051645 0.0446306 0.0379536 0.0317139 0.0259489 0.0206788 0.0159369 0.0117787 0.00827077 0.00546418 0.00336417
 0.00944922 0.0153734 0.0231693 0.0327426 0.043707 0.0552061 0.0658897 0.0742474 0.0791625 0.0802852 0.0779907 0.073064 0.0663948 0.0588055 0.0509706 0.0433745 0.0363059 0.0298898 0.0241461 0.0190487 0.0145725 0.0107161 0.00750057 0.00494594 0.003042
 0.00932993 0.0151907 0.0229172 0.0324285 0.043357 0.0548706 0.0656464 0.0741956 0.0794019 0.0808828 0.0789447 0.0742831 0.067705 0.0599893 0.051826 0.0437729 0.036223 0.029401 0.0233913 0.0181865 0.0137396 0.0100046 0.0069526 0.00456236 0.00279737
 0.00895247 0.0145683 0.0219688 0.0310864 0.041597 0.0527533 0.0633485 0.0720024 0.077649 0.0798671 0.0788464 0.0751261 0.0693581 0.0621981 0.0542669 0.0461209 0.0382192 0.0308991 0.0243685 0.0187178 0.0139515 0.0100281 0.00689173 0.00448306 0.00273125
 0.00877704 0.0142348 0.0213787 0.0301208 0.0401488 0.0507782 0.060915 0.0693106 0.0750058 0.0776257 0.0773338 0.074575 0.0698574 0.063671 0.0564853 0.0487557 0.0409138 0.0333462 0.0263664 0.0201912 0.0149339 0.01062 0.00721357 0.00464065 0.00280061
 0.00899541 0.0145543 0.0217887 0.0305753 0.0405619 0.0510267 0.0608523 0.0687998 0.0739709 0.0761048 0.0755034 0.072723 0.0683115 0.0627064 0.0562497 0.0492339 0.0419427 0.0346724 0.0277247 0.0213749 0.0158334 0.0112213 0.00756737 0.0048231 0.00288214
 0.00903248 0.0146472 0.0219862 0.0309358 0.0411286 0.0517927 0.0617314 0.0696259 0.0745345 0.0762152 0.0750521 0.0717287 0.0669276 0.0611893 0.0548901 0.0482721 0.0415006 0.0347284 0.0281409 0.0219611 0.0164165 0.0116913 0.00788731 0.00500926 0.00297463
 0.00896316 0.0145438 0.0218504 0.0307822 0.0409895 0.0517186 0.0617837 0.0698545 0.0749448 0.0767411 0.0755574 0.0720465 0.0669266 0.0608339 0.0542629 0.047547 0.0408762 0.0343534 0.0280656 0.0221357 0.0167308 0.0120295 0.00816945 0.00520431 0.0030891
 0.00926298 0.0150132 0.0225211 0.0316659 0.04207 0.0529435 0.0630608 0.0710618 0.0759571 0.07746 0.0759253 0.0720384 0.0665348 0.060066 0.0531597 0.0462039 0.0394439 0.0330069 0.0269529 0.021334 0.0162342 0.0117709 0.00806064 0.00517004 0.00308226
#pred catch len freq
 0.00496292 0.00782507 0.0113576 0.0154472 0.0200155 0.0250028 0.0302931 0.0356767 0.0408925 0.0457013 0.0499286 0.053474 0.0563062 0.0584424 0.0599075 0.0606936 0.060742 0.0599519 0.0581964 0.0553282 0.0511902 0.0456729 0.0388416 0.0310731 0.023077
 0.00520007 0.00811169 0.0116108 0.0155414 0.0198314 0.0244966 0.0295418 0.0348589 0.0402061 0.0452642 0.0497234 0.0533678 0.0561286 0.0580782 0.0593603 0.0600956 0.0603056 0.0598809 0.0585938 0.0561445 0.0522412 0.0467202 0.0396903 0.0316349 0.0233716
 0.00559321 0.00870974 0.0124274 0.0165436 0.0209278 0.025534 0.0303238 0.0351981 0.0400034 0.0445691 0.0487241 0.0522996 0.0551582 0.0572422 0.0585983 0.059343 0.0595754 0.0592777 0.058254 0.0561479 0.0525543 0.047208 0.0401849 0.0320124 0.0235898
 0.0059005 0.00920172 0.013154 0.0175461 0.0222295 0.0271221 0.0321223 0.0370479 0.041667 0.0457788 0.049264 0.0520888 0.0542833 0.0559113 0.0570427 0.0577349 0.0580128 0.0578256 0.0569855 0.0551405 0.0518498 0.0467804 0.039951 0.0318757 0.0234837
 0.00624867 0.00973662 0.0139038 0.0185242 0.0234422 0.0285775 0.0338264 0.0389832 0.0437609 0.0478759 0.0511263 0.0534375 0.0548791 0.0556389 0.055953 0.0560167 0.0559171 0.0555913 0.0548043 0.0531546 0.0501556 0.0454235 0.0389242 0.0311333 0.0229652
 0.00664949 0.0103525 0.014765 0.0196375 0.0247958 0.0301476 0.0355813 0.0408831 0.045756 0.0499006 0.0530838 0.0551816 0.0562104 0.0563368 0.0558409 0.0550322 0.0541444 0.0532392 0.0521438 0.0504545 0.0476376 0.0432418 0.0371599 0.0297999 0.0220245
 0.00703599 0.0109542 0.0156217 0.0207709 0.0262094 0.0318267 0.0374884 0.0429534 0.0479003 0.0520168 0.0550686 0.0569333 0.0576201 0.0572767 0.0561652 0.0546066 0.0528982 0.051214 0.0495085 0.0474736 0.0446111 0.0404407 0.0347796 0.027939 0.0206874
 0.00743747 0.0115727 0.0164904 0.0219025 0.0276004 0.0334638 0.0393467 0.0449883 0.0500403 0.0541629 0.057103 0.0587332 0.0590706 0.0582743 0.0566133 0.0544101 0.051976 0.0495332 0.0471281 0.0445685 0.041454 0.037345 0.0320251 0.0257107 0.0190495
 0.00783475 0.0121901 0.0173674 0.023059 0.0290375 0.0351641 0.0412715 0.0470732 0.0521976 0.0562899 0.0590914 0.0604759 0.0604656 0.0592289 0.057045 0.054246 0.0511537 0.0480151 0.0449317 0.0418024 0.0383332 0.034164 0.029091 0.0232636 0.0172074
 0.00822393 0.0127927 0.0182196 0.024178 0.0304242 0.036806 0.0431387 0.0491115 0.0543236 0.0583953 0.0610549 0.0621779 0.0618016 0.0601158 0.0574198 0.0540592 0.0503644 0.0465961 0.0428909 0.0392149 0.0353675 0.031076 0.0261753 0.0207758 0.0152964
 0.00864096 0.0134306 0.0191062 0.0253157 0.0317963 0.0383846 0.0448876 0.0509817 0.0562483 0.0602901 0.0628224 0.0637153 0.0630106 0.0609122 0.0577394 0.0538571 0.0496108 0.0452762 0.0410154 0.0368448 0.0326394 0.0282071 0.0234293 0.018397 0.0134412
 0.00903835 0.014045 0.0199722 0.0264456 0.0331805 0.0399933 0.0466689 0.0528599 0.0581292 0.0620733 0.0644134 0.0650332 0.0639889 0.0614979 0.0578916 0.0535454 0.048815 0.043988 0.0392482 0.0346524 0.0301372 0.0255789 0.0209038 0.0161931 0.0117068
