SBPRF35
7.78865
Curr Bio
592698
B35
663426
F35
0.22577
FOFL
0.210391
OFL
98356.3
Bzero
2.22533e+006
#pred survey bio
 3.6232e+006 3.22015e+006 2.83674e+006 2.50479e+006 2.21548e+006 1.92455e+006 1.72027e+006 1.52833e+006 1.34224e+006 1.17384e+006 1.03598e+006 921942 841272 754054 708745 679062 658120 646461 626348 610858 600181 596386 578195 578513 579670 576770 574679 574542 566177 565293 545772 525579 517434 508159 512018 521171 522996 533367 545058 554772 558408 565143 567932 577210 580019 584676 586961 543022 537897 528292 547323 541435 541154 550188 575053 592308 592779 2.17086e+007 1.36397e+007 1.42476e+007 1.48632e+007 1.54361e+007 1.59286e+007 1.63294e+007 1.66437e+007 1.68839e+007 1.70645e+007 1.71991e+007 1.72989e+007 1.73729e+007 1.74278e+007 1.74686e+007 1.74991e+007 1.75221e+007 1.75393e+007 1.75524e+007 1.75624e+007 1.75699e+007 1.75757e+007 1.75802e+007 1.75836e+007 1.75862e+007 1.75882e+007 1.75897e+007 1.75909e+007 1.75918e+007 1.75926e+007 1.75931e+007 1.75935e+007 1.75939e+007 1.75941e+007 1.75943e+007 1.75945e+007 1.75946e+007 1.75947e+007 1.75947e+007 1.75948e+007 1.75948e+007 1.75949e+007 1.75949e+007 1.75949e+007 1.75949e+007 1.75949e+007 1.75949e+007 1.7595e+007 1.7595e+007 1.7595e+007 1.7595e+007 1.7595e+007 1.7595e+007 1.7595e+007 1.7595e+007 1.7595e+007 1.7595e+007 1.7595e+007 1.7595e+007 1.7595e+007 1.7595e+007 1.7595e+007 1.7595e+007 1.7595e+007 1.7595e+007 1.7595e+007 1.7595e+007 1.7595e+007 1.7595e+007 1.7595e+007 1.7595e+007 1.7595e+007 1.7595e+007 1.7595e+007 1.7595e+007 1.7595e+007 1.7595e+007 1.7595e+007 1.7595e+007 1.7595e+007 1.7595e+007 1.7595e+007 1.7595e+007 1.7595e+007 1.7595e+007 1.7595e+007 1.7595e+007 1.7595e+007 1.7595e+007 1.7595e+007 1.7595e+007 1.7595e+007 1.7595e+007 1.7595e+007 1.7595e+007 1.7595e+007 1.7595e+007 1.7595e+007 1.7595e+007 1.7595e+007 0 0 0 0 0 0 0 0 0 0 0 0 0 0 0 0 0 0 0 0 0 0 0 0 0
#obs survey bio
 2.79135e+006 2.13993e+006 2.41444e+006 2.6663e+006 1.79463e+006 1.41233e+006 1.60791e+006 837415 1.01434e+006 1.06583e+006 1.07144e+006 961620 762947 746601 637934 606628 887159 776067 586630 616772 483212 894270 387369 550075 496996 795942 669323 565824 477775 548023 532020 597304 383335 384059 539715 632087 417253 544918 626198 816428 692635 616540 471950 577470 640670 493936 482929 663984 363259 638571 520381 362760 533537 573145 636821 466660 608595
#pred catch bio
 288537 305787 294580 287791 317964 264860 273354 282022 274482 250763 229583 198986 201282 161331 144419 133234 122407 126814 119710 113125 105386 115184 98210.2 97408.7 99829.8 97253.5 93490.9 98121.4 89281.5 101799 98525.6 87739.8 93075.8 87911.6 87699.7 95607.5 89058.7 88331.3 89539 93329.2 89782.8 93067.9 87872.6 93246.5 91400.8 93895.7 132590 99765.7 105051 82261.3 104280 100531 95045.6 85197.8 96236 115687 98794.3 98356.3 109263 113373 117409 121191 124371 126848 128681 129985 130888 131498 131904 132170 132342 132453 132523 132568 132596 132614 132625 132632 132636 132639 132641 132642 132642 132643 132643 132643 132643 132643 132643 132643 132643 132643 132643 132643 132643 132643 132643 132643 132643 132643 132643 132643 132643 132643 132643 132643 132643 132643 132643 132643 132643 132643 132643 132643 132643 132643 132643 132643 132643 132643 132643 132643 132643 132643 132643 132643 132643 132643 132643 132643 132643 132643 132643 132643 132643 132643 132643 132643 132643 132643 132643 132643 132643 132643 132643 132643 132643 132643 132643 132643 132643 132643 132643 132643 132643 132643 132643 0 0 0 0 0 0 0 0 0 0 0 0 0 0 0 0 0 0 0 0 0 0 0 0 0
#obs catch bio
 241868 307865 296222 289882 322416 268330 279006 289762 282677 258116 235393 201940 206245 164365 147273 135238 122814 128292 120765 113711 106166 115752 98506.1 98342.8 100706 97828.1 93741.8 98623.1 89453.5 102081 98641.3 87589.6 93510.8 88349.6 87906.1 95874.6 89397.2 88471.9 89684.1 93025.7 89054.7 92648.4 87588 92975.1 90600.4 92890.7 132508 99002.4 105248 81550.6 104048 100235 94948.6 84796.8 95842.3 115687 98643.8
#pred cpue bio
 3.55492e+006 3.15437e+006 2.77321e+006 2.4427e+006 2.15504e+006 1.86598e+006 1.66246e+006 1.47186e+006 1.28788e+006 1.12215e+006 987160 875951 797366 712745 669189 641154 621628 610775 591649 577123 567109 563812 546556 546818 547970 545552 544098 544523 536874 536546 518303 499195 490502 479382 481500 490098 492125 502389 513998 523881 527904 534579 537157 546127 549071 553678 555652 512526 506836 497205 515716 510028 509188 517336 540945 556750 555583 2.03385e+007 1.28032e+007 1.33874e+007 1.39743e+007 1.45368e+007 1.5027e+007 1.54274e+007 1.57415e+007 1.59817e+007 1.61624e+007 1.6297e+007 1.63968e+007 1.64707e+007 1.65256e+007 1.65665e+007 1.6597e+007 1.66199e+007 1.66372e+007 1.66503e+007 1.66602e+007 1.66678e+007 1.66736e+007 1.6678e+007 1.66814e+007 1.6684e+007 1.6686e+007 1.66876e+007 1.66888e+007 1.66897e+007 1.66904e+007 1.6691e+007 1.66914e+007 1.66917e+007 1.6692e+007 1.66922e+007 1.66923e+007 1.66924e+007 1.66925e+007 1.66926e+007 1.66927e+007 1.66927e+007 1.66927e+007 1.66928e+007 1.66928e+007 1.66928e+007 1.66928e+007 1.66928e+007 1.66928e+007 1.66928e+007 1.66928e+007 1.66928e+007 1.66928e+007 1.66928e+007 1.66928e+007 1.66928e+007 1.66928e+007 1.66928e+007 1.66928e+007 1.66928e+007 1.66928e+007 1.66928e+007 1.66928e+007 1.66928e+007 1.66928e+007 1.66928e+007 1.66928e+007 1.66928e+007 1.66928e+007 1.66928e+007 1.66928e+007 1.66928e+007 1.66928e+007 1.66928e+007 1.66928e+007 1.66928e+007 1.66928e+007 1.66928e+007 1.66928e+007 1.66928e+007 1.66928e+007 1.66928e+007 1.66928e+007 1.66928e+007 1.66928e+007 1.66928e+007 1.66928e+007 1.66928e+007 1.66928e+007 1.66928e+007 1.66928e+007 1.66928e+007 1.66928e+007 1.66928e+007 1.66928e+007 1.66928e+007 1.66928e+007 1.66928e+007 1.66928e+007 1.66928e+007 1.66928e+007 0 0 0 0 0 0 0 0 0 0 0 0 0 0 0 0 0 0 0 0 0 0 0 0 0
#obs cpue bio
 4.47529e+006 2.45375e+006 3.37673e+006 1.64754e+006 1.96839e+006 1.48352e+006 1.02313e+006 1.55838e+006 1.17475e+006 864688 866411 967335 502580 534402 505658 722393 779679 296397 615682 648060 477716 531485 671909 334218 638544 431061 520927 502910 607139 647640 557845 467676 477393 519867 512230 437484 476426 572893 438903 571142 632630 438198 556676 628887 826538 717157 510010 491639 554121 649998 499020 742766 480738 592498 519867 647549 473318
#pred surv len freq
 0.00514995 0.00832139 0.0124526 0.0175091 0.0233759 0.0297835 0.0362655 0.0422504 0.0472601 0.0510603 0.0536657 0.0552456 0.0560265 0.0562284 0.0560241 0.0555166 0.0547391 0.0536676 0.0522164 0.050206 0.0473418 0.0432753 0.0377894 0.0310287 0.0235999
 0.0055818 0.00896145 0.0133065 0.0185575 0.0246002 0.0311962 0.0379147 0.0441824 0.0494515 0.053363 0.0558085 0.0569045 0.0569328 0.0562592 0.0552334 0.0540991 0.0529517 0.0517407 0.0502913 0.0483214 0.0454729 0.041403 0.0359545 0.0293367 0.022175
 0.00588516 0.00948044 0.0141313 0.0197778 0.0262739 0.0333102 0.0403609 0.0467772 0.0519983 0.0557134 0.0578739 0.058611 0.0581674 0.0568643 0.0550644 0.0531034 0.0512097 0.0494425 0.0476659 0.0455675 0.0427304 0.0387712 0.0335287 0.0272229 0.0204681
 0.00620615 0.00998126 0.0148502 0.0207472 0.0275287 0.0348899 0.0422969 0.0490615 0.0545491 0.0583643 0.0604013 0.0607903 0.0598212 0.057874 0.0553509 0.0526132 0.049931 0.0474365 0.0450798 0.0426109 0.0396325 0.035747 0.0307635 0.024864 0.0186087
 0.00656347 0.0105459 0.0156692 0.021853 0.0289332 0.0365792 0.0442264 0.0511608 0.0567359 0.0605567 0.0625145 0.0627208 0.0614367 0.0590252 0.0558987 0.0524535 0.0490094 0.0457599 0.0427288 0.0397463 0.0364826 0.0325745 0.027822 0.0223548 0.0166484
 0.0069794 0.0112115 0.016651 0.0232052 0.0306871 0.0387264 0.0467007 0.0538314 0.0594252 0.0630769 0.0647058 0.0644725 0.0626851 0.0597333 0.0560322 0.0519695 0.0478646 0.0439346 0.0402576 0.0367426 0.0331463 0.0291718 0.0246374 0.0196286 0.0145234
 0.00722242 0.0116092 0.0172555 0.0240695 0.0318582 0.0402324 0.0485337 0.0559352 0.061694 0.0653666 0.0668539 0.0663226 0.0641096 0.0606473 0.0563907 0.0517517 0.0470571 0.0425297 0.0382722 0.0342493 0.030297 0.0261945 0.021797 0.0171638 0.0125866
 0.00742851 0.0119514 0.0177845 0.024839 0.0329166 0.0416083 0.0502194 0.0578767 0.0637937 0.0674962 0.0688704 0.068083 0.0654862 0.0615409 0.0567395 0.0515303 0.0462667 0.0411888 0.0364177 0.0319531 0.0276882 0.0234665 0.0191833 0.0148839 0.0107872
 0.00761275 0.0122612 0.0182706 0.0255571 0.0339185 0.0429257 0.0518457 0.0597557 0.0658227 0.0695402 0.0707816 0.0697203 0.0667311 0.0623081 0.0569801 0.0512285 0.0454332 0.039854 0.0346317 0.0297942 0.0252772 0.0209726 0.0168072 0.0128153 0.00915464
 0.00777944 0.0125377 0.018698 0.0261798 0.0347789 0.0440529 0.0532415 0.0613836 0.0676045 0.0713632 0.0725119 0.0712209 0.0678812 0.0630185 0.0572007 0.0509458 0.0446628 0.0386329 0.0330156 0.0278631 0.0231437 0.0187855 0.0147368 0.0110202 0.00774071
 0.0079686 0.0128338 0.0191232 0.0267501 0.0355047 0.0449398 0.0542865 0.0625693 0.0688942 0.0726982 0.073814 0.0723982 0.0688385 0.0636701 0.0574815 0.0508189 0.0441207 0.0376956 0.0317284 0.0262975 0.0214006 0.0169939 0.0130404 0.00954996 0.00658323
 0.00822932 0.0132357 0.0196869 0.0274797 0.0363875 0.0459473 0.055375 0.0636819 0.0699685 0.0736784 0.0746575 0.0730755 0.0693255 0.0639416 0.0575097 0.0505773 0.0435919 0.0368786 0.030645 0.0249969 0.0199619 0.015522 0.0116525 0.00835142 0.00564246
 0.00827105 0.0133266 0.0198657 0.0277945 0.0368822 0.0466404 0.0562421 0.0646548 0.0709536 0.074584 0.0754167 0.0736532 0.0697131 0.0641439 0.0575322 0.0504187 0.0432434 0.036331 0.0299001 0.0240781 0.0189211 0.0144375 0.0106166 0.00744918 0.00493035
 0.00842559 0.0135685 0.020214 0.0282646 0.0374876 0.0473928 0.0571441 0.0656865 0.0720591 0.0756679 0.0763589 0.0743395 0.0700685 0.064152 0.0572296 0.0498709 0.042518 0.0354805 0.0289598 0.0230772 0.0178953 0.0134367 0.00970032 0.00667305 0.00432915
 0.00839724 0.0135238 0.0201499 0.0281809 0.0373895 0.0472945 0.0570727 0.0656827 0.0721714 0.0759387 0.0768045 0.0749338 0.0707401 0.0648009 0.0577574 0.0502088 0.0426386 0.0353918 0.028691 0.022667 0.0173884 0.0128842 0.00915757 0.00619106 0.00394338
 0.00840886 0.0135262 0.0201232 0.0280974 0.0372221 0.0470297 0.0567229 0.0652896 0.0718 0.0756636 0.0766942 0.0750342 0.0710605 0.0653053 0.0583684 0.0508264 0.0431666 0.0357619 0.0288735 0.0226684 0.0172418 0.0126386 0.00886752 0.00590699 0.00370236
 0.00853873 0.0137061 0.0203352 0.0283025 0.0373675 0.0470628 0.0566062 0.0650122 0.0713839 0.0751644 0.0761942 0.0746259 0.070824 0.0652855 0.0585627 0.0511845 0.0436057 0.0361897 0.0292133 0.0228757 0.0173095 0.0125904 0.00874509 0.00575556 0.00355877
 0.00845477 0.0136005 0.0202317 0.0282373 0.0373735 0.0471473 0.0567359 0.0651199 0.0713954 0.0750336 0.0759255 0.0742748 0.0704767 0.0650309 0.0584646 0.0512648 0.04384 0.0365173 0.0295576 0.0231681 0.0175077 0.0126847 0.00875347 0.00571055 0.00349347
 0.00845093 0.0135885 0.0202048 0.0281912 0.0373131 0.0470937 0.0567258 0.0651903 0.0715588 0.0752586 0.0761408 0.0743996 0.0704617 0.0648828 0.0582416 0.0510467 0.0436928 0.0364695 0.0295962 0.0232529 0.0175929 0.0127382 0.00876515 0.00568857 0.00345479
 0.00854853 0.0137213 0.0203566 0.0283298 0.0373989 0.0470938 0.0566285 0.0650125 0.0713439 0.0750628 0.0760121 0.0743573 0.0704871 0.0649316 0.0582709 0.0510393 0.0436624 0.0364462 0.0296039 0.0232949 0.0176534 0.0127947 0.00880115 0.00570018 0.00344823
 0.00846164 0.0136107 0.0202452 0.0282536 0.0373916 0.0471659 0.0567538 0.0651345 0.0714024 0.0750254 0.0758908 0.0742006 0.0703536 0.064861 0.0582695 0.0510867 0.0437304 0.0365161 0.0296711 0.0233619 0.0177203 0.0128556 0.00884819 0.00572906 0.00346051
 0.00845687 0.0135777 0.0201514 0.0280599 0.0370707 0.0467255 0.0562499 0.0646592 0.0710467 0.0748401 0.0758706 0.0743013 0.0705254 0.0650731 0.0585119 0.0513561 0.0440171 0.0368019 0.0299365 0.023593 0.0179107 0.0130041 0.00895638 0.00580105 0.00350307
 0.0087068 0.0139507 0.0206484 0.0286538 0.0377064 0.0473264 0.056729 0.0649383 0.0710816 0.0746392 0.0754931 0.073831 0.0700368 0.0646119 0.0580977 0.0509966 0.0437182 0.0365677 0.0297656 0.0234776 0.0178387 0.0129626 0.00893444 0.00579004 0.00349729
 0.00861086 0.0138302 0.0205318 0.0285867 0.0377356 0.0474756 0.0569802 0.0652315 0.071335 0.0747811 0.0754892 0.0736945 0.0698188 0.0643776 0.057901 0.050865 0.0436536 0.0365569 0.0297912 0.0235238 0.0178928 0.0130152 0.00897899 0.00582346 0.00351951
 0.00844648 0.013579 0.020186 0.0281563 0.0372527 0.046997 0.0565825 0.0649941 0.0713115 0.074972 0.0758355 0.0741011 0.0701951 0.0646708 0.0581056 0.0510078 0.0437696 0.0366705 0.0299105 0.0236448 0.0180064 0.0131131 0.00905627 0.00587918 0.00355603
 0.00833116 0.0133973 0.0199235 0.0278048 0.0368136 0.0464862 0.0560365 0.0644723 0.0708893 0.0747236 0.0758104 0.0743037 0.0705794 0.0651553 0.0586032 0.0514548 0.0441387 0.0369651 0.0301476 0.0238402 0.0181687 0.0132444 0.00915682 0.00595075 0.00360277
 0.00828672 0.0133159 0.0197843 0.0275831 0.0364873 0.0460457 0.0554946 0.0638687 0.0702864 0.0741961 0.0754322 0.0741333 0.0706454 0.0654458 0.0590655 0.0520106 0.0447078 0.0374869 0.0305907 0.0241977 0.0184471 0.0134545 0.00930908 0.00605514 0.00366943
 0.00820692 0.0131944 0.0196158 0.0273658 0.0362197 0.0457242 0.0551137 0.0634271 0.0697968 0.0736924 0.0749698 0.0737795 0.0704626 0.0654738 0.0593087 0.0524349 0.0452493 0.0380701 0.0311478 0.0246825 0.0188383 0.0137506 0.00952034 0.00619684 0.00375816
 0.00813934 0.0130954 0.0194872 0.0272162 0.0360622 0.0455713 0.0549727 0.0632966 0.0696663 0.073546 0.0747946 0.0735766 0.0702551 0.0653043 0.0592261 0.0524751 0.0454201 0.0383476 0.0314859 0.0250292 0.0191513 0.0140052 0.00970957 0.00632626 0.00383975
 0.00790327 0.0127403 0.0190068 0.0266254 0.0353948 0.0448743 0.0543018 0.0627112 0.0692208 0.0732781 0.0747151 0.0736688 0.0704837 0.0656308 0.0596217 0.0529247 0.0459168 0.0388805 0.0320324 0.0255556 0.0196217 0.0143924 0.0100021 0.00652891 0.00396822
 0.00799466 0.012854 0.0191143 0.0266808 0.0353503 0.0447023 0.0540122 0.0623504 0.0688531 0.0729606 0.0744807 0.0735237 0.0704161 0.0656222 0.0596565 0.0529959 0.0460254 0.039031 0.0322247 0.0257789 0.0198546 0.0146098 0.0101837 0.00666469 0.00405933
 0.00887729 0.0141144 0.0206862 0.0283871 0.0369466 0.0459522 0.0547526 0.06252 0.0684866 0.0721649 0.0734055 0.0723279 0.0692346 0.0645457 0.0587287 0.0522271 0.0454095 0.0385582 0.0318844 0.0255577 0.0197326 0.0145606 0.0101792 0.00668073 0.00407963
 0.00958127 0.0152333 0.0223124 0.0305624 0.039622 0.0489449 0.0577265 0.0650327 0.0701117 0.0726394 0.0727175 0.0706975 0.0670111 0.0620867 0.0563174 0.0500417 0.0435356 0.0370174 0.0306637 0.0246278 0.0190567 0.0140963 0.00988057 0.00650236 0.00398125
 0.00950346 0.015223 0.0225121 0.0311775 0.0408685 0.0509606 0.0604843 0.0682983 0.0734698 0.0755815 0.0747666 0.0715345 0.0665606 0.0605247 0.0539956 0.0473667 0.0408607 0.0345854 0.0286031 0.0229793 0.0178055 0.0131967 0.00927114 0.00611623 0.00375416
 0.00915159 0.0146902 0.0217921 0.0303139 0.0399726 0.0502217 0.0601567 0.0686447 0.0746601 0.0775882 0.0773195 0.074177 0.0687909 0.0619562 0.0544649 0.0469508 0.0398081 0.0332081 0.0271794 0.0217006 0.0167682 0.0124229 0.0087364 0.00577367 0.00355141
 0.00896 0.0143713 0.0213002 0.0296069 0.0390293 0.0490682 0.0588936 0.0674588 0.0738029 0.0773164 0.0778104 0.0754465 0.0706539 0.0640618 0.0564039 0.0483904 0.0405905 0.0333685 0.0268891 0.0211769 0.0161979 0.0119245 0.00835993 0.00552046 0.00339779
 0.00892129 0.014308 0.0212025 0.0294607 0.0388136 0.0487547 0.058454 0.0668815 0.073118 0.076616 0.077247 0.0751976 0.0708567 0.0647441 0.0574508 0.0495722 0.0416454 0.0341002 0.0272272 0.021175 0.0159819 0.0116282 0.00808082 0.00530617 0.0032563
 0.00880936 0.0141336 0.020954 0.029133 0.0384083 0.0482814 0.0579298 0.0663301 0.0725663 0.0760943 0.0767954 0.0748755 0.0707434 0.0649189 0.0579528 0.0503625 0.0425996 0.0350438 0.0280004 0.021689 0.0162371 0.0116904 0.00803695 0.00522826 0.0031859
 0.00860645 0.0138292 0.0205433 0.0286283 0.0378352 0.047672 0.0573185 0.0657521 0.0720567 0.0756843 0.0765092 0.0747297 0.0707522 0.0650994 0.0583232 0.0509277 0.04333 0.035864 0.0288026 0.0223685 0.0167299 0.0119899 0.00818241 0.00527697 0.00318837
 0.00851821 0.0136743 0.0202904 0.0282449 0.0372995 0.0469894 0.056534 0.0649468 0.071327 0.0751133 0.0761461 0.0745867 0.0708153 0.0653434 0.0587236 0.0514637 0.043978 0.0365866 0.0295419 0.0230535 0.017297 0.0124042 0.0084462 0.00542129 0.00325472
 0.00863228 0.0138299 0.0204679 0.0284037 0.0373845 0.0469446 0.056318 0.0645466 0.0707666 0.0744547 0.0754783 0.0740038 0.0703911 0.0651163 0.0586967 0.0516161 0.0442773 0.0369947 0.0300136 0.0235366 0.0177383 0.0127623 0.00870251 0.00558169 0.00334164
 0.00867242 0.0138989 0.0205772 0.0285612 0.037587 0.0471679 0.0565124 0.0646441 0.0707025 0.0741944 0.0750361 0.0734433 0.0698065 0.0646047 0.058332 0.0514352 0.0442801 0.0371528 0.0302823 0.0238636 0.0180718 0.0130588 0.00893455 0.00574163 0.00343838
 0.00862764 0.0138438 0.0205273 0.0285429 0.0376313 0.0472993 0.0567364 0.0649392 0.0710185 0.0744609 0.0751797 0.0734115 0.0695896 0.0642427 0.0579029 0.0510287 0.0439694 0.0369773 0.0302442 0.0239358 0.0182116 0.0132213 0.00908413 0.00585771 0.00351596
 0.00848343 0.0136227 0.0202207 0.0281556 0.0371842 0.0468319 0.0563058 0.0646125 0.0708553 0.0744908 0.0753877 0.0737395 0.0699557 0.0645703 0.0581466 0.0511851 0.0440699 0.0370671 0.0303596 0.0240907 0.0183963 0.013412 0.00925529 0.00599235 0.00360912
 0.00856214 0.0137195 0.0203092 0.0281926 0.037123 0.0466421 0.055991 0.0642147 0.0704442 0.0741432 0.0751657 0.0736737 0.0700377 0.0647569 0.0583765 0.0514021 0.0442421 0.0371929 0.0304586 0.0241867 0.0185027 0.0135272 0.00936742 0.00608794 0.00368027
 0.0086645 0.0138754 0.0205222 0.0284537 0.0374066 0.0469036 0.0561709 0.0642518 0.0702994 0.0738224 0.0747264 0.0732081 0.0696388 0.064487 0.0582509 0.0513949 0.0443063 0.037284 0.0305497 0.0242701 0.0185814 0.0136046 0.00944177 0.00615351 0.00373167
 0.00866796 0.0138976 0.0205859 0.0285887 0.03764 0.0472451 0.0565982 0.0647073 0.0707005 0.0740839 0.0747872 0.0730527 0.0693046 0.0640514 0.0578041 0.0510091 0.0440174 0.0370923 0.0304345 0.0242071 0.0185525 0.0135986 0.00945111 0.00617111 0.00375092
 0.00910654 0.0145763 0.021543 0.0298363 0.0391614 0.0489916 0.0584807 0.0665895 0.0724041 0.0754125 0.0755632 0.0731581 0.0687139 0.0628441 0.0561489 0.0491222 0.0421113 0.0353337 0.0289252 0.0229878 0.0176197 0.0129231 0.00899042 0.00587788 0.00357841
 0.0089833 0.0144193 0.021387 0.0297416 0.0391992 0.0492201 0.0589255 0.067237 0.073209 0.0763074 0.0764634 0.0739622 0.0693127 0.063142 0.0560938 0.0487281 0.0414572 0.034539 0.028113 0.0222539 0.0170191 0.0124718 0.00867723 0.00567709 0.00345997
 0.00898136 0.0144048 0.0213472 0.0296645 0.0390861 0.0490996 0.0588585 0.0673028 0.0734739 0.0767911 0.0771236 0.0747062 0.0700241 0.0637099 0.0564333 0.0487934 0.0412512 0.0341129 0.0275535 0.0216589 0.0164717 0.0120239 0.0083468 0.00545573 0.00332502
 0.00893399 0.0143018 0.0211443 0.0293058 0.0385196 0.048303 0.0578656 0.0662153 0.0724505 0.0760137 0.0767501 0.0748235 0.0706193 0.0646714 0.0575838 0.0499419 0.0422408 0.034852 0.0280224 0.0218958 0.0165459 0.012008 0.0082972 0.00540586 0.00328836
 0.00920837 0.0147208 0.0217214 0.0300272 0.0393381 0.0491344 0.058592 0.0667036 0.0725901 0.0757612 0.0761563 0.0740241 0.0697901 0.0639688 0.0570968 0.0496748 0.0421305 0.0348074 0.0279656 0.0217872 0.016387 0.0118265 0.00812626 0.0052686 0.00319261
 0.00925485 0.0148188 0.0219094 0.0303523 0.0398407 0.0498249 0.0594293 0.0675897 0.0733867 0.0763245 0.0763778 0.0738641 0.0692926 0.0632496 0.0563065 0.0489486 0.0415491 0.0343849 0.027667 0.0215614 0.0161948 0.0116521 0.0079725 0.00514454 0.00310326
 0.00932805 0.0149124 0.0220058 0.0304256 0.0398722 0.0498222 0.0594357 0.0676712 0.0735975 0.0766707 0.0768011 0.0742595 0.0695512 0.0633035 0.0561538 0.0486478 0.0411883 0.0340436 0.02739 0.0213552 0.0160427 0.0115339 0.00787613 0.00506694 0.00304517
 0.00952473 0.0151818 0.022317 0.030716 0.0400618 0.0498404 0.0592481 0.067296 0.0731072 0.0761761 0.0764194 0.0740735 0.0695772 0.0634881 0.0564029 0.0488722 0.041338 0.0341148 0.0274078 0.0213488 0.01603 0.0115201 0.00786063 0.00504961 0.00302806
 0.0097999 0.0156123 0.0229301 0.0315166 0.041021 0.0508837 0.0602516 0.0681033 0.0735714 0.076213 0.0760419 0.0733867 0.0687366 0.0626431 0.0556525 0.048251 0.0408327 0.0336948 0.02705 0.0210458 0.0157833 0.0113305 0.00772369 0.00495634 0.0029681
 0.0096073 0.0154043 0.0228102 0.0316423 0.0415576 0.0519307 0.0617794 0.0699367 0.0754315 0.0777942 0.0770928 0.073769 0.06845 0.0618115 0.0544758 0.0469405 0.0395575 0.0325576 0.0260939 0.0202758 0.0151869 0.0108886 0.00741309 0.00475117 0.00284166
#obs surv len freq
 0.00497053 0.00814243 0.0123864 0.0177161 0.0240048 0.0308857 0.0377313 0.0438168 0.0485913 0.0518547 0.053727 0.054495 0.0544793 0.0539771 0.0532488 0.0525078 0.0518986 0.0514558 0.0510405 0.0502832 0.0486018 0.0453656 0.0401976 0.0332669 0.0253549
 0.00517938 0.00848349 0.0129028 0.0184498 0.0249893 0.0321342 0.0392241 0.0454949 0.0503628 0.0536097 0.0553537 0.0558896 0.0555511 0.0546501 0.0534636 0.0522252 0.051106 0.0501739 0.04933 0.0482478 0.0463848 0.0431386 0.0381361 0.031517 0.0240019
 0.00541381 0.0088666 0.0134831 0.0192736 0.0260921 0.0335268 0.0408783 0.0473391 0.0522926 0.0555076 0.0571072 0.0573995 0.0567324 0.0554304 0.0537814 0.0520311 0.0503678 0.0488867 0.0475301 0.0460264 0.0438935 0.0405785 0.0357262 0.0294469 0.0223883
 0.00564645 0.00924889 0.0140662 0.0201078 0.0272176 0.0349584 0.0425898 0.0492573 0.0543077 0.0574945 0.0589452 0.0589848 0.0579804 0.0562734 0.0541637 0.0519055 0.049696 0.0476482 0.0457397 0.0437556 0.041286 0.0378449 0.0331109 0.0271724 0.020599
 0.00587228 0.00962109 0.0146359 0.0209264 0.0283271 0.0363764 0.0442933 0.0511765 0.0563351 0.0595048 0.0608156 0.0606066 0.0592647 0.0571506 0.0545805 0.0518191 0.0490713 0.046462 0.0439961 0.0415102 0.0386681 0.0350603 0.0304119 0.024799 0.0187151
 0.00612702 0.0100339 0.0152551 0.0217965 0.0294813 0.0378244 0.0460076 0.053087 0.0583371 0.061478 0.0626417 0.0621814 0.0605026 0.0579849 0.0549611 0.0517078 0.048438 0.0452866 0.0422805 0.0393012 0.0360822 0.0322918 0.0277083 0.0224035 0.0168004
 0.00636341 0.0104234 0.0158504 0.0226493 0.0306311 0.0392811 0.0477357 0.0550017 0.060319 0.0633985 0.0643852 0.0636554 0.0616369 0.0587272 0.0552714 0.0515549 0.0477964 0.0441387 0.0406276 0.0371846 0.0336065 0.0296355 0.0251038 0.0200847 0.0149377
 0.00659079 0.0107983 0.0164244 0.0234737 0.0317471 0.0407032 0.0494352 0.0568993 0.0622955 0.0653174 0.0661165 0.0650921 0.0627025 0.0593749 0.0554772 0.0513073 0.0470887 0.0429671 0.0390004 0.0351418 0.0312432 0.0271136 0.0226356 0.017886 0.0131683
 0.00683629 0.0111979 0.0170267 0.0243242 0.0328791 0.0421244 0.0511126 0.0587542 0.0642132 0.0671676 0.0677743 0.0664522 0.0636859 0.0599313 0.0555831 0.0509597 0.0462963 0.0417447 0.0373719 0.0331544 0.0289878 0.0247364 0.0203264 0.0158373 0.0115223
 0.00705615 0.01156 0.0175801 0.0251166 0.0339466 0.0434752 0.0527114 0.0605183 0.0660253 0.0688997 0.0693098 0.0676971 0.0645718 0.0604141 0.0556404 0.0505874 0.0455044 0.0405543 0.0358163 0.0312881 0.0269007 0.0225622 0.0182319 0.0139895 0.0100427
 0.00725863 0.0118948 0.0180943 0.0258571 0.0349502 0.0447527 0.054232 0.0622036 0.06776 0.0705547 0.0707641 0.0688535 0.0653634 0.0608039 0.055617 0.0501577 0.0446877 0.0393787 0.034321 0.0295315 0.0249703 0.02058 0.0163446 0.0123389 0.00872949
 0.00740579 0.0121365 0.018463 0.0263856 0.0356666 0.0456718 0.0553446 0.0634702 0.0691136 0.0719088 0.0720245 0.0699292 0.0661758 0.0612946 0.0557514 0.0499249 0.0440961 0.0384522 0.0330982 0.0280696 0.0233519 0.0189153 0.0147609 0.0109568 0.00763221
 0.00750121 0.0122905 0.018693 0.0267083 0.0360964 0.0462179 0.056007 0.0642371 0.0699609 0.0728021 0.0729203 0.0707751 0.066912 0.0618585 0.0560856 0.049985 0.0438567 0.0379103 0.0322743 0.0270096 0.0221287 0.0176265 0.0135181 0.00986393 0.00676107
 0.00757446 0.0124063 0.0188614 0.0269368 0.0363892 0.0465752 0.0564235 0.0647024 0.0704618 0.0733255 0.0734538 0.0713042 0.0674151 0.0623029 0.0564274 0.0501746 0.0438482 0.0376715 0.0317964 0.0263131 0.0212662 0.0166783 0.0125798 0.00902563 0.00608641
 0.00763976 0.0125058 0.0189986 0.027111 0.0365962 0.0468085 0.0566761 0.0649674 0.0707332 0.0735999 0.0737312 0.0715859 0.0677002 0.0625829 0.0566823 0.0503716 0.0439451 0.037626 0.031578 0.0259158 0.0207151 0.0160296 0.0119091 0.00840935 0.00558128
 0.0077151 0.0126205 0.0191567 0.0273103 0.0368284 0.0470603 0.0569302 0.0652047 0.0709376 0.0737629 0.0738546 0.0716809 0.0677816 0.0626628 0.0567638 0.050445 0.0439873 0.0376042 0.0314589 0.0256782 0.0203613 0.01559 0.011436 0.00796178 0.00520676
 0.00774365 0.0126705 0.0192382 0.0274336 0.0370006 0.0472799 0.057183 0.065465 0.0711748 0.0739513 0.0739811 0.0717469 0.0677999 0.0626519 0.056741 0.0504198 0.0439574 0.0375547 0.0313667 0.0255213 0.0201305 0.0152963 0.0111104 0.00764536 0.00493605
 0.00780214 0.0127546 0.0193448 0.0275541 0.0371247 0.0474013 0.0573026 0.0655882 0.0713055 0.0740855 0.0741059 0.0718452 0.0678585 0.0626671 0.0567192 0.0503731 0.043896 0.0374813 0.0312747 0.0253985 0.0199675 0.0150949 0.0108865 0.00742452 0.00474388
 0.00783404 0.0128052 0.019418 0.0276512 0.0372426 0.0475307 0.0574282 0.065693 0.0713774 0.0741237 0.0741205 0.0718505 0.0678642 0.0626738 0.0567211 0.0503635 0.0438714 0.0374405 0.0312161 0.0253183 0.0198618 0.0149642 0.0107396 0.0072771 0.00461308
 0.00785087 0.012828 0.0194442 0.0276759 0.037261 0.0475404 0.0574308 0.065693 0.0713793 0.0741295 0.0741301 0.0718638 0.0678833 0.0627017 0.0567583 0.0504064 0.0439123 0.0374708 0.0312281 0.0253066 0.0198239 0.0149015 0.0106589 0.00718973 0.00453161
 0.00784414 0.0128177 0.0194296 0.0276565 0.0372358 0.0475081 0.0573903 0.0656447 0.071327 0.0740806 0.0740943 0.0718498 0.0678957 0.0627402 0.0568188 0.0504819 0.0439942 0.0375494 0.0312936 0.0253508 0.0198417 0.014893 0.0106288 0.00714697 0.0044864
 0.00787322 0.0128559 0.0194705 0.0276888 0.0372469 0.0474892 0.0573404 0.0655711 0.0712416 0.0739959 0.0740201 0.0717936 0.0678628 0.0627339 0.0568395 0.0505265 0.0440561 0.0376194 0.0313615 0.025407 0.0198793 0.014909 0.0106253 0.0071297 0.00446305
 0.00788239 0.0128693 0.0194876 0.0277069 0.0372606 0.0474904 0.0573195 0.06552 0.0711581 0.0738871 0.0739024 0.0716872 0.0677856 0.0626966 0.0568442 0.0505684 0.0441263 0.0377065 0.0314533 0.025492 0.0199483 0.0149569 0.0106516 0.00713842 0.00446039
 0.00787549 0.0128583 0.0194712 0.0276844 0.0372316 0.047455 0.0572783 0.0654734 0.071106 0.0738289 0.0738388 0.0716223 0.0677276 0.0626564 0.056832 0.0505894 0.0441791 0.0377837 0.0315438 0.0255835 0.0200299 0.0150209 0.0106953 0.00716342 0.00447132
 0.00786504 0.012841 0.0194448 0.0276467 0.0371813 0.0473929 0.0572076 0.0654 0.071037 0.0737704 0.0737939 0.0715913 0.0677096 0.062651 0.0568408 0.0506157 0.0442256 0.0378499 0.0316246 0.0256702 0.0201125 0.015091 0.010748 0.00719816 0.00449103
 0.00785163 0.0128148 0.0193973 0.0275682 0.0370635 0.0472341 0.0570164 0.0651957 0.0708448 0.0736148 0.0736926 0.0715517 0.0677293 0.0627205 0.0569469 0.0507459 0.0443696 0.038 0.0317746 0.0258133 0.0202413 0.0151989 0.010831 0.00725602 0.00452729
 0.00782385 0.012769 0.0193274 0.0274674 0.0369265 0.047058 0.0568041 0.0649578 0.0706003 0.0733888 0.0735123 0.0714405 0.0677008 0.0627757 0.057075 0.0509275 0.044583 0.0382251 0.0319953 0.0260174 0.0204199 0.015346 0.0109438 0.00733588 0.00457881
 0.00782749 0.0127715 0.0193247 0.0274532 0.0368933 0.0469992 0.0567157 0.0648394 0.0704558 0.0732264 0.0733447 0.0712851 0.0675775 0.0627027 0.0570637 0.0509796 0.0446896 0.0383703 0.03216 0.0261837 0.0205735 0.015477 0.0110471 0.00741062 0.00462821
 0.00779647 0.0127255 0.0192634 0.0273791 0.0368098 0.0469092 0.0566206 0.0647394 0.0703512 0.0731195 0.0732402 0.0711901 0.0675014 0.0626559 0.0570562 0.0510183 0.0447757 0.0384973 0.0323147 0.0263493 0.0207331 0.0156171 0.0111596 0.00749325 0.00468352
 0.00775668 0.012659 0.0191606 0.0272312 0.036613 0.046669 0.0563549 0.064477 0.0701237 0.0729514 0.0731428 0.0711613 0.0675311 0.0627324 0.0571703 0.0511642 0.0449492 0.0386933 0.0325249 0.0265614 0.0209327 0.0157912 0.0112995 0.00759638 0.00475283
 0.00771258 0.0125864 0.0190495 0.0270721 0.0363987 0.0463987 0.056038 0.0641353 0.0697898 0.0726626 0.0729331 0.0710536 0.0675322 0.0628333 0.0573508 0.0514001 0.0452182 0.0389777 0.0328101 0.0268345 0.0211812 0.016004 0.0114692 0.00772127 0.00483694
 0.00930864 0.0148191 0.0217411 0.0298334 0.038742 0.0479177 0.0565507 0.0637116 0.0686694 0.0711353 0.0712497 0.069393 0.066005 0.0614987 0.0562313 0.0504931 0.0445058 0.0384345 0.0324099 0.0265521 0.0209932 0.015888 0.0114043 0.00768911 0.00482345
 0.00927031 0.015058 0.0226315 0.0318419 0.0422242 0.0528443 0.0623335 0.0692989 0.0729204 0.0732698 0.0711062 0.067371 0.06279 0.0577694 0.0524909 0.0470387 0.0414757 0.0358712 0.0303063 0.0248784 0.019708 0.0149427 0.0107443 0.0072558 0.0045584
 0.008947 0.0145418 0.021895 0.0309242 0.0412902 0.0522262 0.0624951 0.0706706 0.0756439 0.0770059 0.0750737 0.0706455 0.0646924 0.0581033 0.0515146 0.0452486 0.0393703 0.0338129 0.0284967 0.0233962 0.0185595 0.0140975 0.0101555 0.00687035 0.00432326
 0.00879891 0.0142906 0.0214974 0.0303353 0.0404785 0.0512046 0.0613622 0.0696432 0.0750451 0.0771787 0.0762276 0.0727042 0.0672519 0.0605626 0.0533229 0.0461205 0.0393459 0.0331591 0.0275438 0.0224125 0.0177042 0.0134333 0.00968312 0.0065597 0.00413428
 0.00871955 0.0141607 0.0212996 0.03005 0.0400854 0.0506861 0.0607124 0.0688831 0.0742433 0.0764682 0.0758015 0.0727682 0.067933 0.0618149 0.0548994 0.0476523 0.0404957 0.0337542 0.0276132 0.0221232 0.0172572 0.0129853 0.00931866 0.00630245 0.00397227
 0.00870288 0.0141257 0.0212322 0.029932 0.0398977 0.0504152 0.0603547 0.0684469 0.0737475 0.075945 0.0753048 0.0723835 0.0677731 0.0619858 0.0554427 0.0484967 0.0414602 0.034616 0.0282025 0.0223857 0.0172504 0.0128235 0.00911183 0.00612076 0.00384267
 0.00867526 0.0140857 0.0211804 0.0298705 0.0398269 0.0503304 0.0602447 0.0682961 0.0735427 0.0756828 0.0749967 0.0720608 0.0674875 0.0618064 0.0554404 0.0487145 0.0418811 0.0351538 0.0287295 0.0227873 0.0174719 0.0128804 0.00906335 0.00603205 0.00375865
 0.0086667 0.0140679 0.0211467 0.0298133 0.0397408 0.0502157 0.0601094 0.0681534 0.0734045 0.0755525 0.0748693 0.0719281 0.0673495 0.0616801 0.0553608 0.0487246 0.0420119 0.0354024 0.0290511 0.0231101 0.0177282 0.0130353 0.00912266 0.00602785 0.00372729
 0.00865455 0.0140505 0.0211246 0.0297876 0.0397117 0.0501812 0.0600648 0.0680937 0.0733272 0.0754608 0.0747703 0.0718293 0.0672559 0.0615951 0.0552916 0.0486867 0.0420263 0.0354849 0.0291992 0.0232974 0.0179139 0.0131822 0.00921289 0.0060661 0.00373167
 0.00864548 0.0140361 0.0211038 0.0297599 0.0396778 0.0501431 0.0600257 0.0680566 0.0732936 0.075429 0.0747365 0.0717903 0.0672106 0.0615463 0.055245 0.0486508 0.0420126 0.0355051 0.0292595 0.0233928 0.0180268 0.0132889 0.00929452 0.00611552 0.00375354
 0.00865985 0.0140584 0.0211352 0.0298005 0.0397262 0.0501958 0.0600774 0.0681006 0.0733231 0.0754389 0.0747242 0.0717552 0.0671545 0.0614727 0.0551599 0.0485633 0.0419337 0.0354465 0.0292304 0.0233961 0.0180566 0.0133327 0.00933777 0.00614806 0.00377227
 0.00863602 0.0140232 0.0210887 0.0297455 0.0396674 0.050139 0.0600286 0.0680649 0.0733042 0.0754378 0.074739 0.0717814 0.067186 0.0615032 0.0551847 0.0485802 0.0419445 0.0354561 0.0292452 0.023421 0.0180923 0.0133749 0.0093791 0.00618184 0.00379527
 0.00862267 0.0140009 0.0210544 0.0296964 0.0396026 0.050061 0.0599443 0.0679853 0.0732411 0.0754004 0.0747311 0.0718011 0.0672268 0.0615565 0.055242 0.0486347 0.0419922 0.0354964 0.0292804 0.0234546 0.0181269 0.0134102 0.00941252 0.00620994 0.00381578
 0.00862507 0.0140024 0.0210523 0.0296865 0.0395802 0.0500225 0.0598892 0.0679167 0.0731662 0.0753291 0.0746739 0.0717664 0.0672189 0.0615745 0.0552802 0.0486849 0.0420462 0.0355482 0.029327 0.0234956 0.0181633 0.0134429 0.00944116 0.0062334 0.00383317
 0.00861226 0.0139857 0.0210346 0.0296725 0.0395743 0.0500263 0.059899 0.067925 0.0731643 0.0753116 0.0746412 0.0717249 0.0671784 0.0615445 0.0552667 0.0486893 0.0420653 0.0355765 0.029359 0.0235272 0.0181924 0.0134686 0.00946302 0.00625104 0.00384631
 0.00861226 0.0139857 0.0210346 0.0296725 0.0395743 0.0500263 0.059899 0.067925 0.0731643 0.0753116 0.0746412 0.0717249 0.0671784 0.0615445 0.0552667 0.0486893 0.0420653 0.0355765 0.029359 0.0235272 0.0181924 0.0134686 0.00946302 0.00625104 0.00384631
 0.00899623 0.0145892 0.0219013 0.0308222 0.0409906 0.0516426 0.0615883 0.0695074 0.0744412 0.0761161 0.0748807 0.0713979 0.0663637 0.0603738 0.0538921 0.0472538 0.0406839 0.034328 0.0282877 0.0226502 0.0175072 0.0129597 0.00910615 0.00601669 0.00370342
 0.00886826 0.0144293 0.0217505 0.0307499 0.0410788 0.0519575 0.0621542 0.070294 0.0753683 0.077069 0.075732 0.0720309 0.0666964 0.0603754 0.0535879 0.0467148 0.0400053 0.0336053 0.0275992 0.0220481 0.0170176 0.0125875 0.00884173 0.00584171 0.00359624
 0.00889103 0.0144413 0.0217254 0.0306565 0.0408995 0.051713 0.0619165 0.070172 0.0754658 0.0774361 0.0763366 0.0727671 0.0674209 0.0609538 0.0539291 0.0467876 0.039836 0.0332607 0.0271626 0.0215976 0.0166108 0.0122567 0.00859634 0.00567485 0.00349221
 0.00869489 0.0141339 0.0212841 0.0300678 0.0401623 0.050844 0.0609607 0.0692126 0.0746244 0.0768548 0.0761425 0.0730285 0.0681151 0.0619654 0.055083 0.0479029 0.040775 0.0339551 0.0276115 0.0218455 0.0167207 0.0122875 0.00859106 0.00565913 0.00347778
 0.00896324 0.01453 0.0218041 0.0306786 0.0408056 0.0514464 0.0614437 0.0695019 0.074664 0.0766265 0.0756822 0.0724277 0.0674986 0.0614505 0.0547387 0.0477294 0.0407154 0.0339308 0.0275595 0.0217397 0.0165704 0.0121213 0.00843856 0.00553873 0.00339449
 0.00893366 0.0145185 0.0218524 0.0308426 0.0411339 0.0519502 0.0620742 0.0701541 0.0752094 0.0769563 0.0757413 0.0722245 0.0670959 0.0609443 0.0542318 0.0473031 0.0404088 0.0337359 0.027437 0.0216448 0.0164742 0.0120174 0.00833617 0.00545081 0.00332893
 0.00889154 0.0144392 0.0217164 0.0306335 0.0408529 0.0516318 0.0617911 0.0699986 0.0752525 0.0772078 0.0761375 0.0726546 0.0674511 0.0611607 0.0543057 0.0472776 0.0403438 0.0336794 0.0274092 0.02164 0.0164748 0.0120093 0.00831571 0.00542326 0.00330204
 0.00885092 0.0143723 0.0216136 0.030484 0.0406458 0.0513601 0.0614592 0.069632 0.0749025 0.0769455 0.0760312 0.0727401 0.0677107 0.0615273 0.0546922 0.0476138 0.0405985 0.0338579 0.0275346 0.0217335 0.0165465 0.0120605 0.00834651 0.00543663 0.00330397
 0.00903331 0.0146517 0.0220009 0.0309744 0.0412162 0.0519674 0.0620399 0.0701085 0.0751997 0.0770147 0.0758698 0.0723948 0.0672607 0.0610543 0.054253 0.0472295 0.0402637 0.0335602 0.0272687 0.0215031 0.0163577 0.0119155 0.00824144 0.00536424 0.00325651
 0.00918286 0.0149087 0.0224111 0.0315833 0.0420515 0.0530146 0.0632236 0.0712938 0.0762225 0.0777259 0.0761742 0.0722702 0.0667548 0.0602668 0.0533077 0.0462444 0.0393285 0.0327276 0.0265606 0.0209231 0.0159008 0.0115718 0.0079967 0.00520062 0.00315442
#pred catch len freq
 0.00394355 0.006301 0.00931402 0.0129642 0.0172528 0.0221669 0.0276089 0.0333631 0.0391317 0.0445977 0.0494765 0.053555 0.0567196 0.0589591 0.0603344 0.060935 0.0608473 0.0601296 0.058775 0.0566564 0.053495 0.048932 0.0427423 0.0351004 0.0266985
 0.00433491 0.00688389 0.0100978 0.0139382 0.0184094 0.023528 0.0292281 0.0352885 0.0413404 0.0469425 0.0516858 0.0552995 0.0577192 0.0590761 0.0596105 0.0595622 0.0590884 0.0582246 0.0568709 0.0547886 0.0516291 0.0470393 0.0408618 0.0333455 0.0252068
 0.00462107 0.00735913 0.0108294 0.0149896 0.0198218 0.0252978 0.0312935 0.037543 0.0436699 0.0492548 0.0539011 0.0573057 0.0593347 0.0600691 0.0597775 0.0588181 0.0575094 0.0560163 0.0542856 0.0520441 0.0488751 0.044378 0.03839 0.0311745 0.0234408
 0.00493238 0.00784203 0.0115177 0.0159116 0.0210105 0.0267974 0.0331485 0.0397665 0.046205 0.0519563 0.0565576 0.0596901 0.0612512 0.0613654 0.0603314 0.0585335 0.0563442 0.0540222 0.0516207 0.0489423 0.045593 0.0411546 0.0354298 0.02864 0.0214362
 0.00531525 0.0084386 0.0123679 0.0170374 0.0224164 0.0284725 0.0350671 0.0418893 0.0484821 0.0543258 0.0589321 0.0619405 0.0632049 0.0628291 0.0611271 0.0585281 0.0554656 0.0522715 0.0490863 0.0458062 0.0421154 0.0376349 0.0321566 0.0258421 0.019247
 0.00568725 0.00902764 0.0132264 0.018207 0.023925 0.0303269 0.0372406 0.0443104 0.0510352 0.0568665 0.0613115 0.0640256 0.0648854 0.0640101 0.0617163 0.0584326 0.0546049 0.0506054 0.0466458 0.0427181 0.038607 0.0340087 0.0287348 0.0228974 0.0169435
 0.00597498 0.00948628 0.0139015 0.0191401 0.0251524 0.0318746 0.0391125 0.0464738 0.0534102 0.0593255 0.0636915 0.0661518 0.0666005 0.0651954 0.0622959 0.0583599 0.0538475 0.0491433 0.0444931 0.0399572 0.0354141 0.0306485 0.0255152 0.020096 0.0147384
 0.00624705 0.00992183 0.0145459 0.020035 0.026333 0.0333637 0.0409086 0.0485399 0.055668 0.0616583 0.0659527 0.0681799 0.0682387 0.0663132 0.062804 0.0582131 0.0530357 0.0476809 0.0424195 0.0373553 0.0324345 0.0275178 0.0225066 0.0174665 0.0126604
 0.00649129 0.0103161 0.0151356 0.0208642 0.0274413 0.0347776 0.0426287 0.0505275 0.05784 0.0638912 0.0680954 0.0700731 0.0697357 0.0672975 0.0631993 0.057984 0.0521817 0.04623 0.0404266 0.0349112 0.029681 0.0246539 0.0197683 0.0150771 0.0107717
 0.0066913 0.0106383 0.0156166 0.0215406 0.0283484 0.0359444 0.0440673 0.0522201 0.0597288 0.0658757 0.0700394 0.0718222 0.0711409 0.0682379 0.0635958 0.0578018 0.0514244 0.0449314 0.0386477 0.0327441 0.0272586 0.0221519 0.0173882 0.0130067 0.00913733
 0.00690453 0.0109686 0.0160846 0.0221587 0.0291241 0.036884 0.0451746 0.0534894 0.0611348 0.0673661 0.0715329 0.0732132 0.0723126 0.0690794 0.0640186 0.0577507 0.0508816 0.0439144 0.0372067 0.0309624 0.0252555 0.0200804 0.015419 0.0112955 0.00778775
 0.00714229 0.011333 0.0165923 0.0228118 0.0299125 0.0377897 0.0461733 0.0545498 0.0622197 0.0684344 0.0725413 0.0741154 0.0730569 0.0696092 0.0642761 0.0576856 0.0504603 0.0431285 0.0360791 0.0295514 0.0236561 0.0184192 0.0138373 0.00992081 0.00670395
 0.00726786 0.0115455 0.016927 0.0233051 0.0305925 0.0386613 0.0472053 0.0556737 0.0633432 0.0694648 0.073406 0.0747716 0.0734888 0.0698175 0.0642655 0.0574556 0.0500032 0.0424367 0.0351568 0.0284279 0.0223935 0.0171105 0.0125913 0.00883809 0.00585072
 0.00735027 0.0116768 0.0171218 0.0235809 0.0309733 0.0391783 0.04789 0.0565406 0.0643684 0.0705726 0.0744767 0.075672 0.0741125 0.0701125 0.0642366 0.0571446 0.0494626 0.0417113 0.034281 0.027435 0.0213288 0.0160377 0.0115871 0.00797428 0.00517439
 0.00729473 0.0115917 0.0170041 0.0234331 0.0308056 0.0390116 0.0477594 0.0564963 0.0644694 0.0708708 0.0749938 0.0763791 0.0749262 0.0709139 0.0649063 0.0575965 0.049659 0.0416567 0.0340063 0.0269841 0.0207543 0.0154011 0.0109555 0.00740976 0.00472067
 0.00727664 0.0115519 0.016925 0.0232928 0.0305837 0.0386999 0.0473718 0.0560734 0.0640755 0.0705832 0.0748878 0.0765094 0.0753078 0.0715091 0.0656277 0.0583273 0.0502856 0.0420974 0.0342247 0.026987 0.0205806 0.0151088 0.0106095 0.0070706 0.00443272
 0.00735853 0.0116612 0.0170445 0.0233888 0.0306123 0.0386179 0.0471501 0.0557075 0.0635921 0.070042 0.0743747 0.0761205 0.0751257 0.0715789 0.0659419 0.0588256 0.0508696 0.0426579 0.0346709 0.0272665 0.0206856 0.0150687 0.0104753 0.00689747 0.00426586
 0.00731377 0.0116106 0.0170078 0.0233934 0.03068 0.0387469 0.0473031 0.0558176 0.0635877 0.0698783 0.0740569 0.0757061 0.0747073 0.0712561 0.065791 0.058877 0.0511007 0.0430019 0.0350401 0.027581 0.0208951 0.015161 0.0104709 0.00683405 0.00418178
 0.00729726 0.0115813 0.0169611 0.0233285 0.030606 0.0386877 0.0472948 0.0558939 0.063756 0.0701024 0.0742623 0.0758118 0.0746666 0.071081 0.0655469 0.058651 0.0509633 0.0429812 0.0351175 0.0277073 0.0210159 0.0152388 0.0104943 0.00681378 0.00413914
