SBPRF35
7.52682
Curr Bio
559067
B35
546590
F35
0.216114
FOFL
0.211863
OFL
88384.9
Bzero
2.15052e+006
#pred survey bio
 3.36778e+006 3.49155e+006 3.60175e+006 3.48797e+006 3.18991e+006 2.81379e+006 2.49573e+006 2.28601e+006 2.0579e+006 1.81741e+006 1.61955e+006 1.4033e+006 1.21455e+006 1.08127e+006 970759 833510 726991 693753 690525 679926 614738 566519 542689 545968 562914 574684 586968 587990 573086 557803 562632 581056 594843 586166 574921 560581 576700 587046 637656 648683 585315 524925 535112 570932 594265 579654 521946 514480 520930 524004 549411 604579 638445 622130 583915 615560 664603 648307 565917 544162 637613 713945 740379 660613 599147 566550 1.90244e+007 1.14563e+007 1.1778e+007 1.24607e+007 1.33e+007 1.41301e+007 1.48593e+007 1.54543e+007 1.59167e+007 1.62645e+007 1.65206e+007 1.67069e+007 1.68413e+007 1.69381e+007 1.70078e+007 1.70582e+007 1.70949e+007 1.71216e+007 1.71413e+007 1.71558e+007 1.71666e+007 1.71747e+007 1.71807e+007 1.71853e+007 1.71887e+007 1.71914e+007 1.71934e+007 1.71949e+007 1.71961e+007 1.71969e+007 1.71976e+007 1.71981e+007 1.71985e+007 1.71989e+007 1.71991e+007 1.71993e+007 1.71994e+007 1.71995e+007 1.71996e+007 1.71997e+007 1.71997e+007 1.71998e+007 1.71998e+007 1.71998e+007 1.71998e+007 1.71998e+007 1.71999e+007 1.71999e+007 1.71999e+007 1.71999e+007 1.71999e+007 1.71999e+007 1.71999e+007 1.71999e+007 1.71999e+007 1.71999e+007 1.71999e+007 1.71999e+007 1.71999e+007 1.71999e+007 1.71999e+007 1.71999e+007 1.71999e+007 1.71999e+007 1.71999e+007 1.71999e+007 1.71999e+007 1.71999e+007 1.71999e+007 1.71999e+007 1.71999e+007 1.71999e+007 1.71999e+007 1.71999e+007 1.71999e+007 1.71999e+007 1.71999e+007 1.71999e+007 1.71999e+007 1.71999e+007 1.71999e+007 1.71999e+007 1.71999e+007 1.71999e+007 1.71999e+007 1.71999e+007 1.71999e+007 1.71999e+007 1.71999e+007 1.71999e+007 1.71999e+007 1.71999e+007 1.71999e+007 1.71999e+007 1.71999e+007 1.71999e+007 1.71999e+007 1.71999e+007 1.71999e+007 1.71999e+007 0 0 0 0 0 0 0 0 0 0 0 0 0 0 0 0 0 0 0 0 0 0 0 0 0
#obs survey bio
 3.2139e+006 2.58002e+006 4.64749e+006 3.6853e+006 4.21165e+006 2.30133e+006 2.08901e+006 2.31045e+006 1.94903e+006 1.72556e+006 1.60843e+006 1.05433e+006 966640 1.05076e+006 1.06824e+006 868116 608729 557789 952145 542936 623164 508908 548207 588204 471371 551951 552061 657253 540307 477551 560306 641679 574111 704973 435686 500281 800878 628715 609757 841112 507431 399967 499801 411200 685141 705240 532418 460104 638158 304580 511868 639598 738582 623896 630775 595997 755538 646166 509676 624424 529044 893815 770049 730800 593766 499726
#pred catch bio
 98594.1 102681 146703 198585 231118 265997 276619 275135 310677 315795 316283 278069 254871 242321 242487 204875 174802 162500 148713 142902 125170 124682 109883 108143 116648 107593 98023.3 104309 95282.5 96646.2 99373.4 93186.9 104853 98233.7 96744.5 90797 98569.3 79238.1 97236 88595.9 88707.4 89642.3 84701.5 93857.4 89562.1 91948.4 82435.9 95465.9 92062.2 90932.3 76894.7 89163.7 102793 123118 81350.2 67494.7 98681.4 112343 109224 32980.6 78707.2 83856 142802 128057 103634 92901.5 88384.9 89716.9 90931.6 95256.3 101224 107186 112341 116432 119496 121697 123230 124273 124969 125427 125726 125919 126042 126121 126171 126202 126222 126235 126242 126247 126250 126252 126253 126254 126255 126255 126255 126255 126255 126255 126255 126255 126255 126255 126255 126255 126255 126255 126255 126255 126255 126255 126255 126255 126255 126255 126255 126255 126255 126255 126255 126255 126255 126255 126255 126255 126255 126255 126255 126255 126255 126255 126255 126255 126255 126255 126255 126255 126255 126255 126255 126255 126255 126255 126255 126255 126255 126255 126255 126255 126255 126255 126255 126255 126255 126255 126255 126255 126255 126255 126255 126255 126255 126255 126255 126255 0 0 0 0 0 0 0 0 0 0 0 0 0 0 0 0 0 0 0 0 0 0 0 0 0
#obs catch bio
 0 102461 146662 198690 230993 266145 277124 274687 310744 316376 316592 277587 255050 242727 242568 204123 175279 163599 148903 142467 124863 125009 109840 108176 116984 107660 97779.1 104415 95068.2 96682.8 99681.1 92998.7 104968 98172.6 96688 90873.3 98760.2 79092.9 97500.2 88337.9 88571 89973.3 84736.1 94085.9 89417 91850.8 82328 95867.9 91919.8 91162.7 76803.5 89186.2 102557 123600 81326.4 67226.9 98812.5 112135 110476 32490.7 79396.9 83432 143212 128171 103592 92858.2
#pred cpue bio
 3.33225e+006 3.45504e+006 3.56235e+006 3.44795e+006 3.15149e+006 2.77755e+006 2.46086e+006 2.25124e+006 2.02404e+006 1.78464e+006 1.58751e+006 1.37296e+006 1.18591e+006 1.0534e+006 943684 808398 703583 670264 666594 656343 593180 546360 523045 526184 542560 553851 565825 567012 552631 537979 542623 560539 574266 566027 555474 541560 555858 563760 611577 622255 562068 504102 513690 548376 570900 557067 501618 494369 500473 503580 527885 581334 614256 598279 560378 590847 639254 624032 543968 521783 613142 688148 714375 635822 574893 543130 1.82423e+007 1.09785e+007 1.12003e+007 1.18118e+007 1.26354e+007 1.34631e+007 1.4192e+007 1.47869e+007 1.52493e+007 1.55971e+007 1.58532e+007 1.60395e+007 1.61739e+007 1.62707e+007 1.63404e+007 1.63909e+007 1.64275e+007 1.64542e+007 1.64739e+007 1.64884e+007 1.64992e+007 1.65073e+007 1.65133e+007 1.65179e+007 1.65214e+007 1.6524e+007 1.6526e+007 1.65275e+007 1.65287e+007 1.65296e+007 1.65302e+007 1.65308e+007 1.65312e+007 1.65315e+007 1.65317e+007 1.65319e+007 1.6532e+007 1.65321e+007 1.65322e+007 1.65323e+007 1.65323e+007 1.65324e+007 1.65324e+007 1.65324e+007 1.65324e+007 1.65325e+007 1.65325e+007 1.65325e+007 1.65325e+007 1.65325e+007 1.65325e+007 1.65325e+007 1.65325e+007 1.65325e+007 1.65325e+007 1.65325e+007 1.65325e+007 1.65325e+007 1.65325e+007 1.65325e+007 1.65325e+007 1.65325e+007 1.65325e+007 1.65325e+007 1.65325e+007 1.65325e+007 1.65325e+007 1.65325e+007 1.65325e+007 1.65325e+007 1.65325e+007 1.65325e+007 1.65325e+007 1.65325e+007 1.65325e+007 1.65325e+007 1.65325e+007 1.65325e+007 1.65325e+007 1.65325e+007 1.65325e+007 1.65325e+007 1.65325e+007 1.65325e+007 1.65325e+007 1.65325e+007 1.65325e+007 1.65325e+007 1.65325e+007 1.65325e+007 1.65325e+007 1.65325e+007 1.65325e+007 1.65325e+007 1.65325e+007 1.65325e+007 1.65325e+007 1.65325e+007 1.65325e+007 1.65325e+007 0 0 0 0 0 0 0 0 0 0 0 0 0 0 0 0 0 0 0 0 0 0 0 0 0
#obs cpue bio
 2.87555e+006 3.91184e+006 3.8735e+006 3.18957e+006 2.48055e+006 3.25328e+006 2.31401e+006 2.81343e+006 2.13385e+006 1.54975e+006 1.78469e+006 2.03508e+006 1.28859e+006 991933 1.00168e+006 932907 586166 626659 583508 1.15163e+006 551988 504591 543335 462139 601965 600557 693910 471296 668666 551455 455450 625397 580986 475369 785094 478798 474354 440520 657952 624435 671731 460904 566539 737908 590421 527003 421467 452802 541098 701642 543682 580409 647779 548239 444462 641911 596884 788926 411825 538096 526617 817618 701758 519040 575959 622386
#pred surv len freq
 0.00418059 0.00690205 0.0106016 0.0153295 0.0210053 0.0273231 0.0337362 0.0396099 0.0444656 0.0481328 0.0507133 0.0524336 0.0535205 0.0541491 0.0544421 0.0544893 0.0543696 0.0541508 0.0538345 0.0532459 0.0519404 0.0492591 0.0446118 0.0378817 0.0296715
 0.00457035 0.00742295 0.0111802 0.0158352 0.0212967 0.0273144 0.0334439 0.0391441 0.0439696 0.0477119 0.0503981 0.0521975 0.053328 0.0539997 0.0543821 0.054587 0.0546701 0.0546327 0.0543936 0.0537191 0.0521666 0.0491493 0.0441897 0.0372691 0.0290282
 0.00458586 0.0075414 0.0115214 0.0165435 0.0224741 0.0289338 0.0352987 0.0408905 0.0452595 0.0483397 0.0503683 0.0516764 0.0525325 0.0531069 0.0535033 0.05379 0.0540012 0.0541119 0.0539917 0.0533493 0.0517131 0.0485256 0.0433902 0.0363772 0.0281738
 0.00472034 0.00772353 0.0117362 0.016776 0.0227392 0.029306 0.0359079 0.0418612 0.0466135 0.0499273 0.0518925 0.0528136 0.0530749 0.0530334 0.0529484 0.0529538 0.0530669 0.0532025 0.0531586 0.0525783 0.0509473 0.0477068 0.0425036 0.0354709 0.0273372
 0.00490781 0.00803421 0.0122113 0.0174487 0.0236196 0.0303652 0.0370773 0.043058 0.0477825 0.0510625 0.053007 0.0538746 0.0539609 0.053565 0.0529771 0.0524417 0.0521011 0.0519429 0.0517641 0.0511556 0.0495437 0.0463376 0.0411907 0.0342647 0.0263063
 0.00512142 0.00838183 0.0127357 0.018191 0.0246123 0.0316191 0.0385647 0.0447023 0.0494658 0.0526526 0.0543945 0.0549951 0.054787 0.0540709 0.0531086 0.0521255 0.0512903 0.0506619 0.0501138 0.0492793 0.0475835 0.044413 0.0394013 0.0326976 0.025031
 0.00534381 0.00875246 0.0133101 0.0190263 0.0257547 0.0330853 0.0403235 0.0466685 0.0515123 0.0546341 0.0561704 0.0564473 0.0558313 0.0546597 0.053221 0.0517489 0.0504116 0.0492807 0.0482708 0.0470751 0.0451732 0.0419798 0.0371256 0.0307288 0.0234646
 0.00553425 0.00907207 0.0138104 0.0197634 0.0267803 0.0344305 0.0419808 0.0485821 0.0535815 0.0567284 0.0581475 0.0581697 0.0571792 0.055541 0.0535759 0.0515464 0.0496423 0.0479539 0.0464238 0.0447926 0.0426009 0.0393181 0.0345964 0.0285286 0.0217203
 0.00573618 0.00939831 0.0142985 0.0204493 0.027695 0.0355932 0.0433894 0.0502063 0.0553625 0.0585839 0.0599781 0.0598647 0.0586235 0.0566236 0.0542 0.0516373 0.0491527 0.0468678 0.0447643 0.0426354 0.0400876 0.0366535 0.0320202 0.0262631 0.0199156
 0.00593439 0.00974199 0.0148545 0.0212908 0.0288826 0.0371469 0.0452647 0.0522926 0.0575093 0.0606409 0.061826 0.0614221 0.0598359 0.0574469 0.054588 0.0515392 0.0485188 0.0456636 0.0429896 0.0403468 0.0374169 0.0338084 0.0292546 0.0238201 0.0179645
 0.0061006 0.010027 0.0153123 0.0219843 0.0298746 0.0384819 0.0469475 0.0542719 0.059676 0.062842 0.0638906 0.0631929 0.0611956 0.0583282 0.054964 0.0514016 0.0478591 0.0444697 0.0412618 0.0381275 0.0348186 0.0310231 0.0265291 0.0213983 0.0160217
 0.00641184 0.0105143 0.0160115 0.0229191 0.0310558 0.0399068 0.0485943 0.0560947 0.0616029 0.0647786 0.065726 0.0648074 0.0624729 0.0591709 0.0553067 0.0512139 0.0471363 0.0432213 0.0395106 0.0359252 0.0322719 0.0283082 0.0238757 0.0190383 0.0141251
 0.00671503 0.0110036 0.01674 0.0239296 0.0323688 0.0415036 0.0504047 0.0580017 0.0634704 0.0664883 0.0671995 0.0660034 0.0633652 0.059729 0.0554891 0.0509753 0.0464405 0.0420516 0.0378775 0.0338777 0.0299119 0.0257988 0.0214256 0.0168584 0.012371
 0.00689084 0.0113133 0.0172498 0.0247144 0.0334938 0.0429948 0.0522216 0.0600293 0.0655403 0.0684184 0.068835 0.0672429 0.0641664 0.0600956 0.0554458 0.0505441 0.0456285 0.0408555 0.0363011 0.0319552 0.0277278 0.0234957 0.0191886 0.0148742 0.0107769
 0.00699768 0.0115023 0.017564 0.0252076 0.0342231 0.0440066 0.0535328 0.0616118 0.0673135 0.0702537 0.0705732 0.0687218 0.0652541 0.0607146 0.0555784 0.0502171 0.0448874 0.0397439 0.0348572 0.0302251 0.0257886 0.0214682 0.0172291 0.0131412 0.00938678
 0.00727974 0.0119452 0.0182015 0.0260615 0.0353008 0.0452975 0.055003 0.0632009 0.0689388 0.0718203 0.0719826 0.0698783 0.0660706 0.0611221 0.0555383 0.0497279 0.0439818 0.0384768 0.0332934 0.0284372 0.0238645 0.019521 0.015392 0.0115437 0.00812037
 0.00753142 0.012345 0.0187849 0.0268526 0.0363058 0.0464957 0.0563398 0.0645909 0.0702839 0.0730334 0.0730033 0.0706717 0.0666139 0.0613917 0.0555065 0.0493702 0.0432886 0.0374625 0.0319986 0.0269275 0.0222286 0.0178676 0.0138403 0.0102026 0.00706283
 0.00754977 0.0123996 0.0189129 0.0271036 0.0367295 0.0471222 0.0571623 0.0655614 0.0713246 0.074058 0.0739363 0.071458 0.0672189 0.0617946 0.0556908 0.049318 0.0429818 0.0368912 0.0311728 0.0258855 0.0210397 0.0166267 0.0126537 0.00916655 0.00624164
 0.00755578 0.0123965 0.0188867 0.0270401 0.0366261 0.0470026 0.0570835 0.0656022 0.0715565 0.0745127 0.0745885 0.0722336 0.0680212 0.0625312 0.0562895 0.0497284 0.0431707 0.036839 0.030876 0.0253636 0.0203411 0.0158272 0.0118445 0.00843453 0.00564832
 0.0076445 0.0125087 0.0189961 0.0271015 0.0365872 0.0468244 0.0567604 0.0651738 0.0711054 0.0741475 0.0744153 0.0723232 0.0683838 0.0631119 0.0569867 0.0504248 0.0437616 0.0372481 0.0310611 0.0253171 0.0200899 0.0154283 0.0113744 0.00797133 0.00525276
 0.00779132 0.0127391 0.0193249 0.0275299 0.0370949 0.0473615 0.0572458 0.0655099 0.0712099 0.0739904 0.0740401 0.0718366 0.0679181 0.0627779 0.0568381 0.0504479 0.0438899 0.0373921 0.0311384 0.0252749 0.0199137 0.0151412 0.0110259 0.00762003 0.00494775
 0.00778797 0.0127505 0.0193731 0.0276452 0.0373069 0.0476851 0.0576673 0.0659811 0.0716548 0.0743239 0.074193 0.0717802 0.0676785 0.0624301 0.0564799 0.0501626 0.0437166 0.0373173 0.0311113 0.0252343 0.0198158 0.0149737 0.0108074 0.00738676 0.00473665
 0.00787832 0.0128864 0.0195581 0.0278778 0.0375846 0.048008 0.0580388 0.0664004 0.0721062 0.0747674 0.0745655 0.0720106 0.0677119 0.0622517 0.0561248 0.0497053 0.0432433 0.0368945 0.0307664 0.0249577 0.0195785 0.0147502 0.0105892 0.00718245 0.00456194
 0.00790162 0.0129136 0.0195792 0.0278776 0.0375471 0.0479251 0.0579177 0.0662674 0.0720025 0.0747376 0.0746408 0.072193 0.0679672 0.0625187 0.056339 0.0498253 0.0432647 0.0368442 0.0306816 0.0248654 0.0194879 0.0146581 0.0104918 0.00708305 0.00446986
 0.00785703 0.0128504 0.0195006 0.0277909 0.0374596 0.0478388 0.0578271 0.0661638 0.071883 0.0746145 0.0745435 0.0721588 0.0680248 0.0626719 0.0565614 0.0500691 0.0434812 0.0370017 0.0307733 0.0249026 0.0194872 0.014633 0.0104512 0.00703423 0.00442049
 0.00792575 0.0129479 0.0196214 0.0279219 0.0375845 0.047945 0.0579093 0.0662219 0.0719157 0.0746154 0.074504 0.0720769 0.0679128 0.0625556 0.0564683 0.0500148 0.0434615 0.0369982 0.0307649 0.0248768 0.0194428 0.0145762 0.0103905 0.00697673 0.00437132
 0.00800735 0.0130564 0.01974 0.0280192 0.0376233 0.0478952 0.0577611 0.0659905 0.0716382 0.0743395 0.0742749 0.0719248 0.0678478 0.06257 0.0565454 0.0501367 0.0436117 0.0371593 0.0309185 0.025006 0.0195371 0.0146338 0.010417 0.00698172 0.00436455
 0.00796214 0.0129918 0.0196582 0.027925 0.0375189 0.0477748 0.0576088 0.0657879 0.0713776 0.0740367 0.0739714 0.0716768 0.0677056 0.0625607 0.0566663 0.0503612 0.043901 0.0374742 0.0312253 0.025279 0.0197599 0.0147997 0.0105287 0.00704874 0.00439956
 0.00800175 0.013051 0.0197378 0.028023 0.0376311 0.0478957 0.0577308 0.0658975 0.071453 0.0740503 0.0738989 0.0715114 0.0674673 0.0622936 0.0564239 0.0501864 0.0438135 0.0374687 0.0312795 0.0253646 0.0198511 0.0148786 0.0105867 0.00708507 0.0044186
 0.00800936 0.0130577 0.0197375 0.0280069 0.0375904 0.047826 0.057636 0.0657902 0.0713509 0.0739693 0.0738463 0.0714823 0.0674482 0.0622721 0.0563977 0.0501665 0.043818 0.0375118 0.0313629 0.0254765 0.0199722 0.0149901 0.0106759 0.00714776 0.00445739
 0.00789984 0.0129103 0.0195716 0.0278576 0.0374969 0.0478135 0.0577022 0.0659066 0.071477 0.0740712 0.073908 0.0715057 0.0674444 0.0622519 0.0563684 0.0501337 0.0437897 0.0374984 0.0313734 0.0255134 0.0200293 0.0150551 0.0107364 0.00719552 0.00448986
 0.00784519 0.0128122 0.0194093 0.0276122 0.037163 0.0474135 0.0572928 0.065567 0.0712799 0.0740507 0.0740471 0.0717487 0.0677263 0.0625229 0.056603 0.0503269 0.0439473 0.0376304 0.03149 0.0256218 0.0201319 0.0151494 0.010817 0.00725812 0.00453338
 0.00774691 0.0126529 0.0191702 0.027276 0.0367172 0.0468573 0.0566463 0.0648793 0.0706281 0.0735285 0.0737401 0.0717079 0.0679492 0.062956 0.0571628 0.050929 0.0445276 0.0381521 0.0319388 0.0259968 0.0204375 0.015391 0.011 0.00738862 0.00461964
 0.00766122 0.0125355 0.019033 0.0271414 0.0366084 0.0467845 0.0565971 0.0648208 0.0705223 0.0733527 0.0735035 0.071453 0.0677386 0.0628472 0.0571858 0.0510764 0.0447628 0.0384275 0.0322132 0.026244 0.0206457 0.0155576 0.0111269 0.00747992 0.00468085
 0.00779331 0.0126951 0.0191736 0.0271908 0.0364955 0.0464759 0.0561235 0.0642701 0.0700017 0.0729423 0.0732312 0.0713032 0.0676805 0.0628616 0.0572724 0.0512427 0.0450077 0.0387322 0.0325448 0.0265668 0.0209316 0.0157911 0.0113042 0.00760519 0.00476296
 0.00860934 0.0138734 0.0206684 0.0288566 0.0381166 0.0478239 0.0570119 0.0645902 0.0697394 0.0721795 0.0721243 0.0700385 0.0664218 0.0617174 0.0562939 0.0504441 0.044386 0.0382764 0.0322353 0.0263755 0.020826 0.0157405 0.0112848 0.0076011 0.00476498
 0.0092276 0.0148779 0.0221691 0.0309282 0.0407514 0.0508744 0.0601584 0.0673795 0.071708 0.0730088 0.0717433 0.068621 0.0642962 0.0592473 0.0537869 0.0481099 0.0423391 0.0365609 0.0308522 0.0253018 0.0200252 0.0151691 0.0108967 0.00735193 0.00461507
 0.00934884 0.0151429 0.0226936 0.0318625 0.0422426 0.0530043 0.0628783 0.0704767 0.0748235 0.0757056 0.073607 0.0693661 0.0638434 0.0577382 0.0515274 0.0454699 0.0396545 0.0340758 0.0287075 0.0235531 0.0186705 0.0141719 0.010202 0.00689686 0.00433689
 0.00891995 0.0145066 0.0218559 0.0308853 0.0412497 0.0521753 0.0624309 0.070625 0.0757089 0.0773212 0.0757577 0.0716977 0.0659389 0.0592433 0.0522514 0.0454214 0.0390045 0.0330748 0.0275988 0.0225171 0.0178079 0.0135158 0.00974074 0.00659604 0.00415509
 0.00869374 0.0141423 0.0213169 0.0301481 0.0403188 0.0511039 0.0613375 0.0696907 0.0751456 0.0773148 0.0764059 0.0729645 0.0676437 0.0610951 0.0539253 0.0466527 0.0396631 0.033185 0.0273023 0.0220026 0.0172451 0.0130175 0.00935817 0.00633389 0.00399264
 0.00871515 0.0141324 0.0212195 0.0298848 0.0398102 0.0503049 0.06027 0.0684563 0.0739125 0.0762847 0.0757737 0.0728757 0.0681539 0.0621417 0.0553284 0.0481557 0.0410055 0.0341798 0.0278817 0.0222138 0.0172051 0.0128553 0.0091728 0.00617983 0.00388663
 0.00872 0.0141667 0.0213161 0.0300791 0.0401176 0.0506916 0.0606385 0.0686653 0.0738322 0.0758619 0.0750691 0.0720518 0.0674202 0.0616833 0.0552438 0.0484274 0.0415121 0.0347465 0.0283483 0.0224884 0.0172805 0.0127868 0.00903697 0.0060396 0.0037762
 0.00863038 0.0140465 0.0211837 0.0299715 0.0400844 0.0507815 0.0608802 0.0690488 0.0742952 0.0762944 0.0753435 0.0720741 0.0671782 0.0612607 0.0547872 0.0480821 0.0413605 0.0347815 0.0284922 0.0226416 0.0173703 0.0127909 0.00897584 0.0059514 0.00369341
 0.00861946 0.013998 0.0210566 0.0297156 0.0396622 0.0501982 0.0602051 0.0684074 0.0738293 0.0761063 0.0754537 0.0724152 0.0676274 0.0616949 0.0551338 0.0483384 0.041574 0.0350055 0.0287476 0.0229078 0.0176044 0.0129582 0.00906744 0.00598287 0.00369053
 0.0085928 0.0139727 0.0210492 0.0297453 0.039737 0.050299 0.0602802 0.0683909 0.0736771 0.0758299 0.0751248 0.072133 0.067468 0.0616768 0.05522 0.0484692 0.0417046 0.0351228 0.0288602 0.023024 0.017719 0.0130554 0.00913366 0.00601583 0.00369856
 0.00853659 0.0138774 0.0209003 0.0295317 0.0394586 0.0499749 0.0599508 0.0681057 0.0734736 0.0757157 0.0750798 0.0721311 0.0675008 0.0617579 0.0553677 0.0486852 0.0419676 0.0354001 0.0291236 0.0232576 0.0179158 0.0132116 0.00924748 0.00608926 0.00373899
 0.00865547 0.0140509 0.0211238 0.0297859 0.0397127 0.0501927 0.0600987 0.0681608 0.0734292 0.0755837 0.0748852 0.0719017 0.0672591 0.061521 0.055153 0.0485117 0.0418505 0.0353431 0.0291176 0.0232856 0.01796 0.0132581 0.00928694 0.00611731 0.00375537
 0.00845129 0.0137777 0.0208199 0.0295207 0.0395629 0.0502083 0.0602763 0.0684433 0.0737325 0.075832 0.0750368 0.0719538 0.0672354 0.0614547 0.0550734 0.0484402 0.0418011 0.0353239 0.0291301 0.0233242 0.018014 0.0133151 0.00933714 0.00615526 0.00378016
 0.00841464 0.0137111 0.02071 0.029359 0.039358 0.049998 0.0601289 0.0684374 0.0739185 0.0761972 0.0755 0.0723978 0.0675575 0.0616044 0.0550591 0.0483095 0.0416131 0.0351292 0.0289618 0.0231977 0.0179307 0.0132676 0.00931435 0.00614652 0.0037778
 0.00859565 0.0139531 0.0209776 0.0295864 0.0394675 0.0499305 0.059872 0.0680365 0.0734663 0.0758057 0.0752633 0.0723588 0.0676937 0.0618413 0.0553058 0.0484968 0.0417136 0.0351534 0.0289396 0.0231599 0.017898 0.0132481 0.00930737 0.00614739 0.00378168
 0.0086022 0.0139919 0.0210844 0.0298023 0.0398168 0.050392 0.0603636 0.0684323 0.0736466 0.075714 0.0749355 0.0719054 0.0672475 0.0615006 0.0551045 0.0484094 0.0416857 0.0351353 0.028906 0.0231096 0.0178427 0.0132003 0.00927325 0.00612694 0.00377133
 0.00848617 0.0137886 0.020755 0.0293121 0.0391549 0.0495958 0.0595295 0.0676957 0.0731316 0.0754821 0.0749675 0.0721295 0.0675884 0.0619146 0.0555785 0.048937 0.0422452 0.0356865 0.0294046 0.0235242 0.0181624 0.0134316 0.00943209 0.00623072 0.00383552
 0.00855925 0.0138872 0.0208645 0.0294017 0.0391814 0.0495124 0.0593007 0.0673133 0.0726286 0.0749332 0.0744698 0.0717683 0.0674073 0.0619087 0.0557122 0.0491686 0.0425403 0.0360161 0.0297393 0.0238342 0.0184243 0.013634 0.00957587 0.00632531 0.0038934
 0.00874437 0.01418 0.0212877 0.0299652 0.0398728 0.0502866 0.0600728 0.0679666 0.0730416 0.0750189 0.0742081 0.0712145 0.0666722 0.0611209 0.0549803 0.0485595 0.0420783 0.0356953 0.029537 0.0237212 0.0183705 0.0136138 0.00957114 0.00632579 0.00389474
 0.00893874 0.0145217 0.0218471 0.0308171 0.0410707 0.0518253 0.0618567 0.0698069 0.074693 0.0762412 0.0748257 0.0711538 0.0659721 0.0599158 0.0534638 0.0469368 0.0405225 0.0343228 0.0284046 0.0228379 0.0177151 0.0131502 0.0092589 0.00612651 0.00377511
 0.00859848 0.0139987 0.0211212 0.0299026 0.0400283 0.0507701 0.0609553 0.0692481 0.0746305 0.0767287 0.0757833 0.0723882 0.0672413 0.0610068 0.0542483 0.0473882 0.0406971 0.0343182 0.028318 0.0227394 0.0176403 0.0131072 0.00924101 0.0061231 0.00377755
 0.0083524 0.0135706 0.0204284 0.0288598 0.0385792 0.0489329 0.0588616 0.0671458 0.0728362 0.0755447 0.0754129 0.0728801 0.0684796 0.0627477 0.0561919 0.0492613 0.0423142 0.0356019 0.0292793 0.0234367 0.018141 0.0134655 0.00949381 0.00629491 0.00388741
 0.00859026 0.013918 0.0208742 0.0293576 0.039046 0.0492571 0.0589195 0.0668336 0.0721132 0.0744736 0.0741673 0.0717047 0.0676115 0.0623368 0.0562559 0.0496949 0.0429436 0.0362548 0.0298373 0.0238518 0.0184204 0.0136425 0.0096034 0.00636285 0.00392929
 0.00897664 0.0145355 0.0217794 0.0305847 0.0405863 0.051032 0.0607611 0.068493 0.0733114 0.0749797 0.0738736 0.0706646 0.0660279 0.0605034 0.0544717 0.0481821 0.0418013 0.0354658 0.0293146 0.0234966 0.0181602 0.0134409 0.00944879 0.00625184 0.00385692
 0.00890407 0.0145026 0.0218861 0.0309737 0.041402 0.0523566 0.0625574 0.0705876 0.0754277 0.076804 0.0751253 0.0711549 0.0657 0.0594461 0.0528982 0.0463717 0.0400228 0.0339113 0.0280724 0.0225651 0.0174885 0.0129671 0.00912151 0.00603369 0.00371966
 0.00817313 0.0133118 0.0201022 0.0285061 0.0382633 0.0487358 0.0588603 0.0673864 0.0733028 0.0761429 0.0759877 0.0732711 0.0685889 0.0625819 0.0558534 0.0488957 0.0420449 0.0354871 0.0293056 0.0235466 0.0182711 0.0135736 0.00956546 0.00633505 0.00390744
 0.00821528 0.0133271 0.0200232 0.0282272 0.0376569 0.0476876 0.0573185 0.0654096 0.0710907 0.0740254 0.0743553 0.0724558 0.0687442 0.0636249 0.0575047 0.0507933 0.043871 0.0370465 0.0305359 0.0244756 0.0189601 0.0140791 0.00992723 0.00658148 0.00406362
 0.0084444 0.0136624 0.0204551 0.0287132 0.0381196 0.0480187 0.0573884 0.0650889 0.070289 0.0727419 0.0727183 0.0707223 0.0672417 0.0626494 0.0572172 0.0511673 0.0447201 0.038114 0.0315931 0.0253806 0.0196625 0.0145891 0.0102798 0.00681413 0.00420862
 0.00893145 0.0144727 0.0217024 0.0304966 0.0404802 0.0508793 0.0605078 0.068071 0.0726652 0.0740989 0.0728134 0.0695456 0.065015 0.0597683 0.0541504 0.0483369 0.042402 0.0363987 0.0304187 0.0246098 0.0191572 0.0142503 0.0100503 0.00666278 0.00411486
 0.00891641 0.0145167 0.021897 0.0309743 0.0413863 0.0523225 0.0625055 0.0705141 0.0753139 0.0766122 0.0748097 0.0706871 0.0650973 0.058784 0.0522976 0.0459627 0.0399005 0.0341032 0.0285306 0.0231873 0.0181547 0.0135762 0.0096124 0.00638782 0.00395001
 0.00882713 0.0143519 0.0216187 0.0305525 0.0408276 0.0517054 0.0619971 0.0703414 0.0756857 0.0776225 0.0763735 0.072544 0.0668834 0.0601431 0.0529884 0.0459248 0.0392553 0.033092 0.0274199 0.0221849 0.0173694 0.0130256 0.00925896 0.00617629 0.00383065
#obs surv len freq
 nan nan nan nan nan nan nan nan nan nan nan nan nan nan nan nan nan nan nan nan nan nan nan nan nan
 0.00449287 0.00735783 0.0111909 0.016009 0.0217095 0.027983 0.0342938 0.0400215 0.0446977 0.0481585 0.0505138 0.0520074 0.0528977 0.0534085 0.0537215 0.0539755 0.0542533 0.0545456 0.054684 0.0542759 0.0527141 0.0493469 0.0437977 0.0362792 0.0276644
 0.00461957 0.00756805 0.0115147 0.0164756 0.0223398 0.0287778 0.0352231 0.0410221 0.0456831 0.0490377 0.0512087 0.0524642 0.0530908 0.0533394 0.0534138 0.053467 0.0535879 0.0537659 0.0538291 0.0533827 0.0518217 0.0484987 0.0430388 0.0356479 0.027182
 0.00477232 0.00781968 0.0118998 0.0170289 0.02309 0.029737 0.0363749 0.0423144 0.0470321 0.0503397 0.0523556 0.0533585 0.0536579 0.0535368 0.053234 0.0529345 0.0527506 0.0526853 0.052573 0.0520221 0.0504324 0.0471616 0.0418344 0.0346425 0.0264122
 0.00496941 0.00813844 0.0123767 0.0176974 0.0239751 0.0308466 0.0376894 0.0437824 0.0485749 0.0518624 0.0537581 0.0545423 0.0545323 0.0540261 0.053287 0.0525326 0.0519107 0.0514576 0.051035 0.0502733 0.0485897 0.0453529 0.0401858 0.0332568 0.0253472
 0.00518694 0.00849509 0.0129188 0.0184694 0.0250104 0.0321531 0.039236 0.0454958 0.0503517 0.0535906 0.0553348 0.0558796 0.0555549 0.0546667 0.0534868 0.0522469 0.0511196 0.0501764 0.0493216 0.0482308 0.0463626 0.0431145 0.0381132 0.0314973 0.0239865
 0.00541438 0.00886911 0.0134898 0.0192873 0.0261155 0.0335606 0.0409202 0.0473835 0.0523318 0.0555343 0.0571173 0.0573941 0.0567174 0.0554135 0.0537685 0.0520239 0.0503632 0.0488798 0.0475167 0.0460049 0.0438654 0.040547 0.0356952 0.0294197 0.0223669
 0.00564251 0.00924213 0.0140555 0.0200925 0.0271981 0.0349368 0.0425704 0.0492457 0.0543082 0.0575079 0.058968 0.0590105 0.0580029 0.0562895 0.0541743 0.0519137 0.0497045 0.0476573 0.0457473 0.0437591 0.0412839 0.0378377 0.0331006 0.0271615 0.0205894
 0.00588896 0.00964533 0.014667 0.0209617 0.0283627 0.036408 0.0443174 0.0511916 0.0563417 0.0595057 0.060814 0.0606054 0.0592641 0.0571488 0.0545748 0.0518082 0.0490556 0.0464432 0.0439752 0.0414875 0.0386433 0.035034 0.0303856 0.024775 0.0186954
 0.00614641 0.010068 0.0153105 0.0218803 0.0295979 0.0379716 0.0461743 0.0532536 0.0584812 0.0615812 0.0626948 0.0621857 0.0604666 0.05792 0.0548774 0.0516128 0.0483366 0.045182 0.0421751 0.0391974 0.0359822 0.0321985 0.0276251 0.0223339 0.0167467
 0.00637746 0.0104479 0.0158905 0.0227111 0.030721 0.0394037 0.0478912 0.0551837 0.0605134 0.0635847 0.0645403 0.0637593 0.0616782 0.0587055 0.0551961 0.0514403 0.0476575 0.0439876 0.0404728 0.0370321 0.0334613 0.0295024 0.0249876 0.0199893 0.0148652
 0.00659905 0.0108114 0.0164437 0.0235008 0.031784 0.040753 0.0495015 0.0569856 0.0624035 0.0654443 0.0662537 0.0652252 0.0628132 0.059446 0.0554978 0.0512757 0.0470116 0.0428568 0.0388705 0.0350042 0.0311077 0.0269878 0.0225257 0.0177964 0.0131007
 0.0068378 0.0112021 0.0170361 0.0243421 0.0329088 0.0421676 0.0511687 0.0588207 0.064287 0.0672468 0.067858 0.066539 0.0637711 0.0600059 0.0556352 0.050978 0.0462743 0.0416833 0.0372786 0.0330409 0.0288668 0.0246194 0.0202222 0.0157518 0.0114579
 0.00709143 0.0116156 0.0176605 0.0252244 0.034082 0.0436349 0.0528875 0.0606979 0.0661925 0.069039 0.0694099 0.0677533 0.0645856 0.060391 0.0555864 0.0505063 0.0453975 0.0404223 0.0356623 0.0311195 0.0267282 0.022398 0.0180872 0.0138718 0.00995491
 0.00728865 0.0119438 0.0181683 0.0259613 0.0350875 0.0449218 0.054425 0.062406 0.0679538 0.0707215 0.0708894 0.0689286 0.0653854 0.0607756 0.055545 0.0500509 0.0445542 0.039225 0.0341526 0.0293545 0.024793 0.0204125 0.016197 0.0122187 0.00863985
 0.00745536 0.0122187 0.0185892 0.0265667 0.0359093 0.045974 0.0556911 0.0638323 0.0694543 0.0721916 0.0722215 0.0700252 0.0661689 0.0611941 0.0555743 0.0496919 0.0438278 0.0381666 0.0328095 0.0277892 0.0230897 0.0186806 0.0145621 0.0107992 0.00751691
 0.00753109 0.0123429 0.0187791 0.0268409 0.036287 0.0464721 0.0563196 0.06459 0.0703246 0.0731408 0.0731987 0.0709638 0.066993 0.0618274 0.0559512 0.0497664 0.0435787 0.0375983 0.0319515 0.0266949 0.021837 0.0173695 0.0133041 0.00969698 0.00664045
 0.00759668 0.0124442 0.018922 0.0270281 0.0365195 0.0467505 0.0566451 0.0649648 0.0707515 0.0736216 0.0737304 0.0715329 0.0675699 0.0623649 0.0563888 0.0500402 0.0436338 0.0374005 0.0314951 0.0260069 0.0209764 0.0164214 0.0123663 0.00886038 0.0059681
 0.00766914 0.0125525 0.0190673 0.0272052 0.0367183 0.0469592 0.0568532 0.0651654 0.0709437 0.0738124 0.0739334 0.0717638 0.0678379 0.0626644 0.0566938 0.0503056 0.0438032 0.0374198 0.0313273 0.0256448 0.020448 0.015787 0.0117052 0.00825108 0.00546827
 0.00775727 0.0126895 0.0192611 0.0274574 0.0370222 0.0472977 0.0571986 0.0654827 0.0711993 0.0739852 0.0740224 0.0717878 0.0678277 0.0626505 0.0566953 0.0503216 0.0438112 0.0373812 0.0312009 0.0254027 0.0200893 0.0153415 0.0112265 0.00779912 0.00509103
 0.00777593 0.0127231 0.0193176 0.0275459 0.0371503 0.0474682 0.0574052 0.0657092 0.0714226 0.0741805 0.0741703 0.0718791 0.0678661 0.0626508 0.0566774 0.0503017 0.043793 0.0373525 0.0311366 0.0252762 0.0198866 0.0150708 0.0109179 0.00749444 0.00482803
 0.00782454 0.0127913 0.0194005 0.0276333 0.0372311 0.0475363 0.0574636 0.0657685 0.0714944 0.0742701 0.0742725 0.07198 0.0679493 0.062705 0.0567002 0.0502989 0.0437728 0.0373184 0.0310832 0.0251913 0.0197589 0.0148997 0.0107179 0.00729085 0.00464731
 0.00785173 0.0128325 0.0194563 0.0277011 0.0373043 0.0476043 0.0575136 0.0657897 0.0714838 0.0742364 0.0742342 0.0719578 0.0679557 0.0627398 0.0567523 0.0503535 0.0438178 0.0373461 0.0310882 0.0251679 0.0197023 0.0148097 0.0106027 0.00716643 0.00453188
 0.00788175 0.0128783 0.0195195 0.027781 0.0373974 0.0477043 0.0576116 0.0658738 0.0715415 0.0742579 0.0742169 0.0719087 0.0678903 0.0626761 0.0567041 0.0503255 0.0438056 0.03734 0.0310776 0.0251438 0.0196591 0.0147464 0.0105239 0.00708192 0.00445312
 0.00789883 0.0129042 0.019555 0.0278254 0.0374487 0.0477598 0.0576674 0.0659256 0.0715842 0.0742869 0.0742283 0.0719006 0.0678641 0.0626372 0.0566613 0.0502878 0.0437791 0.0373247 0.031068 0.025132 0.0196377 0.014712 0.0104779 0.00703013 0.00440322
 0.00789877 0.0128992 0.0195387 0.0277895 0.0373859 0.0476679 0.0575531 0.0658039 0.0714748 0.0742076 0.0741903 0.071906 0.067907 0.0627071 0.0567465 0.0503792 0.0438705 0.037412 0.0311472 0.0251981 0.0196857 0.0147388 0.0104846 0.00702145 0.00438632
 0.00789662 0.0128942 0.0195282 0.0277694 0.0373511 0.0476128 0.0574736 0.0656999 0.0713527 0.0740809 0.0740778 0.0718269 0.0678751 0.062726 0.0568102 0.0504746 0.0439827 0.0375277 0.0312561 0.0252927 0.0197608 0.0147918 0.0105159 0.00703476 0.00438746
 0.00791886 0.0129257 0.0195669 0.0278102 0.0373865 0.0476353 0.0574767 0.0656789 0.0713051 0.0740075 0.0739837 0.0717229 0.0677761 0.0626482 0.0567658 0.0504685 0.0440113 0.0375813 0.0313223 0.0253598 0.01982 0.0148375 0.0105462 0.00705119 0.00439357
 0.0079106 0.0129137 0.0195513 0.0277917 0.0373658 0.0476117 0.0574484 0.0656434 0.0712606 0.0739545 0.0739252 0.0716642 0.0677236 0.062609 0.0567468 0.0504751 0.0440453 0.0376396 0.031397 0.0254403 0.0198958 0.0149008 0.0105931 0.00708173 0.00441072
 0.00787402 0.012856 0.0194679 0.0276805 0.0372281 0.047454 0.0572831 0.0654874 0.0711314 0.0738652 0.0738814 0.0716637 0.0677598 0.062674 0.0568338 0.0505792 0.0441628 0.0377666 0.0315282 0.0255683 0.0200121 0.0149983 0.0106678 0.00713354 0.00444298
 0.00787263 0.0128474 0.0194435 0.0276286 0.0371376 0.0473197 0.0571098 0.0652915 0.0709367 0.0736968 0.0737594 0.0715995 0.0677551 0.0627223 0.0569237 0.050698 0.0442991 0.0379112 0.0316735 0.0257071 0.0201376 0.0151044 0.0107507 0.00719281 0.00448137
 0.00782495 0.0127715 0.0193324 0.0274766 0.0369413 0.0470798 0.0568333 0.0649939 0.070642 0.0734347 0.0735605 0.0714886 0.0677456 0.0628132 0.0571004 0.0509367 0.044573 0.0381956 0.0319482 0.0259575 0.0203538 0.0152805 0.010885 0.00728783 0.00454311
 0.00779784 0.012724 0.0192546 0.0273578 0.0367728 0.0468592 0.0565683 0.0647028 0.0703497 0.0731674 0.0733415 0.071337 0.067676 0.062834 0.0572116 0.051128 0.0448245 0.0384814 0.0322418 0.0262355 0.0205989 0.0154823 0.0110399 0.00739794 0.00461511
 0.00776049 0.0126635 0.0191638 0.0272298 0.0366024 0.0466444 0.0563131 0.0644188 0.0700564 0.0728892 0.0731044 0.071164 0.067584 0.062832 0.0573005 0.0513007 0.0450662 0.0387707 0.0325527 0.0265413 0.0208765 0.0157156 0.0112212 0.00752789 0.00470058
 0.00773629 0.0126221 0.0190978 0.0271313 0.0364647 0.0464648 0.056096 0.0641757 0.069804 0.0726463 0.0728889 0.0709925 0.067471 0.0627892 0.0573349 0.0514129 0.0452493 0.03901 0.0328268 0.0268254 0.0211457 0.0159498 0.0114082 0.00766464 0.00479187
 0.00935864 0.0148943 0.0218428 0.0299584 0.0388832 0.0480647 0.0566912 0.0638319 0.0687561 0.0711778 0.0712427 0.069338 0.0659112 0.0613816 0.0561093 0.0503825 0.0444162 0.0383662 0.0323555 0.0265019 0.02094 0.0158304 0.0113464 0.00763711 0.00478215
 0.0093272 0.0151469 0.0227583 0.0320087 0.0424278 0.053075 0.0625736 0.0695243 0.0731049 0.0733917 0.0711533 0.0673416 0.0626921 0.0576175 0.052304 0.0468375 0.0412793 0.0356934 0.0301537 0.0247508 0.0196017 0.0148537 0.0106706 0.00719727 0.00451513
 0.00898802 0.014609 0.0219966 0.0310677 0.0414793 0.0524581 0.0627568 0.0709394 0.075891 0.0772029 0.075199 0.0706876 0.0646501 0.057985 0.051336 0.04503 0.0391339 0.0335793 0.0282818 0.02321 0.0184055 0.0139749 0.0100615 0.00680133 0.00427548
 0.00882228 0.0143299 0.0215589 0.0304258 0.0406036 0.051367 0.0615585 0.0698626 0.0752702 0.0773879 0.0763983 0.0728172 0.067294 0.0605296 0.0532193 0.045959 0.0391449 0.0329395 0.0273257 0.0222122 0.0175324 0.0132949 0.00957795 0.00648447 0.00408388
 0.0087419 0.0141944 0.0213455 0.030108 0.0401545 0.0507665 0.0608052 0.0689897 0.0743634 0.0765981 0.0759322 0.0728864 0.0680232 0.0618625 0.0548946 0.0475928 0.040387 0.0336094 0.0274493 0.021958 0.0171057 0.0128576 0.00921913 0.00623063 0.00392433
 0.00868819 0.0141062 0.0212106 0.0299137 0.0398888 0.0504202 0.0603752 0.0684818 0.0737952 0.076005 0.0753776 0.0724687 0.0678659 0.0620764 0.0555172 0.0485416 0.0414662 0.0345816 0.0281342 0.0222959 0.0171537 0.012733 0.00903611 0.00606359 0.00380349
 0.00867642 0.0140827 0.0211672 0.0298394 0.0397722 0.0502524 0.0601527 0.0682074 0.0734767 0.0756537 0.0750106 0.0721147 0.0675732 0.0619128 0.0555545 0.0488222 0.0419688 0.0352109 0.0287518 0.0227778 0.0174396 0.0128369 0.00901936 0.00599475 0.00373113
 0.00867645 0.0140824 0.0211656 0.0298345 0.03976 0.0502261 0.0601031 0.0681243 0.0733517 0.0754837 0.0747993 0.0718743 0.0673253 0.0616906 0.0554019 0.0487858 0.0420793 0.0354624 0.0290932 0.0231293 0.0177258 0.0130175 0.0090976 0.00600287 0.00370696
 0.00867801 0.0140861 0.0211732 0.0298482 0.0397811 0.050254 0.0601337 0.0681492 0.0733593 0.0754616 0.0747371 0.0717672 0.0671772 0.061516 0.0552266 0.0486441 0.0420062 0.0354807 0.029201 0.0232966 0.0179055 0.013166 0.00919212 0.00604519 0.00371414
 0.00866626 0.0140707 0.0211571 0.0298363 0.0397794 0.0502673 0.0601633 0.0681922 0.0734087 0.075507 0.0747665 0.071769 0.0671428 0.0614435 0.0551234 0.0485279 0.0419023 0.0354151 0.0291905 0.0233405 0.0179855 0.0132543 0.00926485 0.00609096 0.00373474
 0.00864159 0.0140329 0.0211048 0.0297705 0.0397041 0.0501897 0.0600937 0.0681425 0.0733887 0.0755208 0.0748103 0.0718312 0.0672077 0.0614954 0.0551518 0.0485305 0.0418868 0.0353965 0.0291855 0.0233599 0.0180289 0.0133111 0.00932031 0.00613376 0.00376105
 0.00862727 0.0140077 0.0210634 0.0297075 0.0396158 0.0500769 0.0599644 0.0680118 0.0732758 0.0754436 0.0747806 0.0718517 0.0672712 0.0615873 0.0552539 0.0486263 0.0419662 0.0354581 0.029235 0.0234059 0.0180773 0.0133619 0.00936852 0.00617334 0.00378863
 0.00865288 0.0140453 0.0211121 0.0297632 0.039671 0.0501223 0.0599899 0.0680088 0.0732403 0.0753789 0.0746974 0.0717658 0.0671983 0.0615378 0.05523 0.048623 0.0419745 0.0354699 0.0292463 0.0234171 0.0180909 0.0133794 0.0093885 0.00619261 0.0038041
 0.00862708 0.0140111 0.0210749 0.0297322 0.0396564 0.05013 0.0600181 0.0680478 0.0732761 0.0753988 0.0746947 0.0717416 0.0671606 0.0614984 0.0551999 0.0486089 0.0419772 0.0354852 0.0292683 0.023441 0.0181142 0.0134013 0.00940862 0.00620995 0.00381764
 0.00861287 0.0139856 0.0210326 0.0296681 0.0395691 0.0500252 0.0599106 0.0679581 0.0732232 0.0753913 0.0747273 0.0717986 0.0672242 0.0615561 0.0552477 0.0486495 0.0420156 0.035525 0.02931 0.0234825 0.0181527 0.0134347 0.00943594 0.00623098 0.00383272
 0.00861287 0.0139856 0.0210326 0.0296681 0.0395691 0.0500252 0.0599106 0.0679581 0.0732232 0.0753913 0.0747273 0.0717986 0.0672242 0.0615561 0.0552477 0.0486495 0.0420156 0.035525 0.02931 0.0234825 0.0181527 0.0134347 0.00943594 0.00623098 0.00383272
 0.00847064 0.0137586 0.0206998 0.0292154 0.0389954 0.0493504 0.0591823 0.067251 0.0726257 0.0749842 0.0745625 0.0718878 0.067539 0.0620388 0.0558286 0.0492627 0.04261 0.0360675 0.0297823 0.023877 0.0184685 0.0136757 0.00960993 0.00634898 0.00390726
 0.0085558 0.0138799 0.0208499 0.0293742 0.0391329 0.0494325 0.0591781 0.0671397 0.0724037 0.0746707 0.0742002 0.0715342 0.0672514 0.0618581 0.0557691 0.0493121 0.0427382 0.0362386 0.0299649 0.0240487 0.0186164 0.0137942 0.00969861 0.00641082 0.00394722
 0.00870164 0.0141238 0.0212272 0.0299156 0.0398496 0.050297 0.0601104 0.0680135 0.0730772 0.0750296 0.0741917 0.0711779 0.0666265 0.0610769 0.0549468 0.0485426 0.0420803 0.0357147 0.0295702 0.0237636 0.0184174 0.0136601 0.0096118 0.00635747 0.00391649
 0.00886763 0.0144013 0.0216582 0.0305424 0.0407029 0.0513782 0.0613726 0.0693539 0.0743479 0.0760654 0.074846 0.071356 0.0663083 0.0603212 0.0538756 0.0473085 0.0408307 0.034564 0.0285875 0.0229756 0.0178193 0.013229 0.00931736 0.00616792 0.0038024
 0.00856397 0.0139383 0.0210217 0.0297481 0.0398024 0.0504621 0.0605678 0.0688055 0.0741826 0.0763456 0.0755387 0.0723362 0.0673951 0.0613325 0.0546773 0.0478419 0.041111 0.0346554 0.0285694 0.0229149 0.0177581 0.0131848 0.00929202 0.00615626 0.00379844
 0.00832191 0.0135162 0.0203372 0.0287169 0.0383703 0.0486503 0.0585098 0.0667458 0.0724247 0.0751699 0.0751276 0.0727316 0.0684982 0.062936 0.0565213 0.0496775 0.0427525 0.0360051 0.0296107 0.023684 0.0183111 0.0135751 0.00956111 0.00633485 0.00391042
 0.00862139 0.0139644 0.0209353 0.029428 0.039114 0.0493049 0.0589254 0.0667783 0.0719889 0.0742909 0.0739563 0.0715054 0.0674619 0.0622614 0.0562619 0.049772 0.043068 0.0363961 0.0299666 0.0239501 0.0184815 0.0136715 0.00961132 0.00636045 0.003924
 0.00880811 0.0142991 0.0214929 0.0302872 0.0403255 0.0508458 0.0606636 0.0684741 0.0733487 0.0750528 0.0739721 0.0707859 0.066171 0.0606636 0.0546408 0.0483502 0.0419596 0.0356064 0.0294306 0.0235827 0.0182151 0.0134684 0.0094566 0.00624885 0.00385028
 0.00887969 0.0144308 0.0217213 0.0306611 0.0409006 0.0516709 0.061759 0.0698069 0.0748135 0.0764698 0.0751135 0.0714337 0.0661871 0.0600419 0.0535132 0.0469413 0.0405106 0.0343047 0.0283741 0.0227855 0.0176406 0.0130649 0.0091788 0.00606362 0.0037332
 0.00809339 0.0131914 0.0199361 0.0282904 0.0379897 0.0483875 0.0584172 0.0668425 0.0726893 0.0755407 0.0755125 0.0730328 0.0686461 0.0629185 0.0563901 0.0495251 0.0426691 0.0360393 0.029754 0.0238864 0.0185131 0.0137357 0.00966694 0.00639381 0.00393857
 0.00826353 0.0133714 0.0200276 0.0281399 0.0374266 0.0472879 0.0567657 0.0647623 0.0704295 0.0734287 0.0738854 0.0721594 0.0686548 0.0637583 0.0578472 0.0512959 0.044458 0.0376368 0.0310645 0.0249054 0.0192814 0.0143017 0.0100705 0.00666697 0.00411068
 0.00834633 0.0135407 0.0203387 0.0286449 0.0381353 0.0481199 0.0575276 0.0651836 0.0702619 0.072562 0.0724171 0.0703748 0.0669311 0.0624385 0.0571377 0.0512218 0.0448874 0.0383551 0.0318604 0.0256308 0.0198668 0.0147367 0.010375 0.00686897 0.00423679
 0.00884886 0.0143445 0.0215225 0.030269 0.040223 0.0506288 0.0603147 0.0679862 0.0727168 0.0742734 0.073057 0.0697876 0.0651997 0.0598752 0.0541931 0.0483476 0.0424128 0.0364295 0.030473 0.024678 0.0192244 0.0143043 0.010086 0.00668173 0.00412234
 0.00897101 0.014591 0.0219815 0.0310502 0.0414296 0.052313 0.0624364 0.0703999 0.0751917 0.0765327 0.0748171 0.0707961 0.0652805 0.0589825 0.0524479 0.0460256 0.0398734 0.0340121 0.0284117 0.0230705 0.0180563 0.0135006 0.00955702 0.00634858 0.00392325
 0.00868914 0.0141513 0.0213604 0.0302544 0.0405139 0.0513969 0.0617057 0.0700749 0.0754589 0.0774657 0.0763287 0.0726491 0.0671495 0.0605406 0.0534516 0.0463737 0.0396243 0.0333491 0.027569 0.0222527 0.0173881 0.0130211 0.00924683 0.00616389 0.0038206
#pred catch len freq
