SBPRF35
7.78865
Curr Bio
529703
B35
696049
F35
0.212716
FOFL
0.167201
OFL
73200.2
Bzero
2.22533e+006
#pred survey bio
 4.7474e+006 4.49622e+006 4.2477e+006 3.95195e+006 3.62257e+006 3.28862e+006 2.95701e+006 2.62623e+006 2.33104e+006 2.06141e+006 1.81797e+006 1.6319e+006 1.42902e+006 1.27242e+006 1.12352e+006 999919 919638 823777 780554 721325 697860 660698 629787 621211 610822 598034 600570 603570 601712 611351 609445 605821 601556 600697 592527 576178 555036 540857 541671 541320 552659 558651 571762 583007 597190 594931 602345 601500 594891 603351 601030 577804 556221 552211 533181 535726 1.96041e+007 1.1563e+007 1.1645e+007 1.2234e+007 1.3106e+007 1.4037e+007 1.48892e+007 1.56026e+007 1.61664e+007 1.65956e+007 1.69141e+007 1.71469e+007 1.73154e+007 1.74369e+007 1.75244e+007 1.75876e+007 1.76335e+007 1.76669e+007 1.76914e+007 1.77094e+007 1.77229e+007 1.77329e+007 1.77404e+007 1.77461e+007 1.77504e+007 1.77536e+007 1.77561e+007 1.7758e+007 1.77595e+007 1.77606e+007 1.77614e+007 1.77621e+007 1.77626e+007 1.7763e+007 1.77633e+007 1.77635e+007 1.77637e+007 1.77639e+007 1.7764e+007 1.7764e+007 1.77641e+007 1.77642e+007 1.77642e+007 1.77642e+007 1.77642e+007 1.77643e+007 1.77643e+007 1.77643e+007 1.77643e+007 1.77643e+007 1.77643e+007 1.77643e+007 1.77643e+007 1.77643e+007 1.77643e+007 1.77643e+007 1.77643e+007 1.77643e+007 1.77643e+007 1.77643e+007 1.77643e+007 1.77643e+007 1.77643e+007 1.77643e+007 1.77643e+007 1.77643e+007 1.77643e+007 1.77643e+007 1.77643e+007 1.77643e+007 1.77643e+007 1.77643e+007 1.77643e+007 1.77643e+007 1.77643e+007 1.77643e+007 1.77643e+007 1.77643e+007 1.77643e+007 1.77643e+007 1.77643e+007 1.77643e+007 1.77643e+007 1.77643e+007 1.77643e+007 1.77643e+007 1.77643e+007 1.77643e+007 1.77643e+007 1.77643e+007 1.77643e+007 1.77643e+007 1.77643e+007 1.77643e+007 1.77643e+007 1.77643e+007 1.77643e+007 1.77643e+007 1.77643e+007 1.77643e+007 0 0 0 0 0 0 0 0 0 0 0 0 0 0 0 0 0 0 0 0 0 0 0 0 0
#obs survey bio
 3.63732e+006 2.40481e+006 2.84256e+006 3.7154e+006 3.66129e+006 2.664e+006 2.22298e+006 2.18983e+006 1.47993e+006 2.14885e+006 1.41466e+006 1.64279e+006 1.2463e+006 1.23136e+006 1.07034e+006 739371 734597 627967 499804 667698 638951 629409 386483 545982 478842 538330 508130 525593 658782 587833 807838 420938 734865 868210 623982 316053 571653 565619 635683 454299 309012 499990 482959 551320 570219 587094 342903 658187 436267 541512 732021 509546 575756 470061 387993 551776
#pred catch bio
 91910.8 91186.9 145796 197624 230404 261689 295961 296459 300619 297652 261203 285722 251470 248516 227933 191089 202616 154925 165343 131744 140211 131640 111528 112714 113888 100537 99614.8 101775 89861.5 96935.7 94897 91937.8 85752.6 88274.2 91556.9 94573.9 91284.8 82796.4 87039.2 79893 86899.1 82686.7 85366.9 83348.4 96601.7 88023.6 95034 98972.9 85642 94431.6 110599 107438 92059.4 104192 84590 63839.6 73200.2 89352.7 88503.8 91581.8 97561.1 104241 110330 115322 119148 121946 123925 125288 126210 126824 127227 127490 127660 127770 127840 127884 127912 127930 127942 127949 127953 127956 127958 127959 127960 127960 127961 127961 127961 127961 127961 127961 127961 127961 127961 127961 127961 127961 127961 127961 127961 127961 127961 127961 127961 127961 127961 127961 127961 127961 127961 127961 127961 127961 127961 127961 127961 127961 127961 127961 127961 127961 127961 127961 127961 127961 127961 127961 127961 127961 127961 127961 127961 127961 127961 127961 127961 127961 127961 127961 127961 127961 127961 127961 127961 127961 127961 127961 127961 127961 127961 127961 127961 127961 127961 127961 0 0 0 0 0 0 0 0 0 0 0 0 0 0 0 0 0 0 0 0 0 0 0 0 0
#obs catch bio
 0 90983.3 146513 198772 231905 264261 300992 303181 309694 307070 267814 293263 257637 255213 233850 194995 208233 157591 169579 133804 143206 133971 113616 115024 116556 102586 101897 104224 90906.6 98307.9 95801.7 92899 86160.2 88642.4 91682.4 95321.4 91911.3 82897.6 87199.5 79834.8 87667.8 83276.2 86071.6 83715 97072.5 87933.6 95517.6 99674.6 85710.5 94541 110996 107736 91725.8 104661 85258.1 63682.8
#pred cpue bio
 4.67138e+006 4.42569e+006 4.18115e+006 3.88722e+006 3.55937e+006 3.22666e+006 2.89596e+006 2.56632e+006 2.27254e+006 2.00499e+006 1.76422e+006 1.58038e+006 1.38035e+006 1.22585e+006 1.0793e+006 957852 879035 785652 743769 686532 664044 628332 598418 589945 579818 567450 570021 573321 572216 582291 581154 578361 574878 574697 567512 552055 530707 515301 514989 514386 525178 530715 543381 554457 568492 566567 573760 572875 566659 575072 572916 550360 529270 525260 506733 509690 1.87226e+007 1.10642e+007 1.10276e+007 1.14808e+007 1.23061e+007 1.32263e+007 1.40765e+007 1.47895e+007 1.53532e+007 1.57824e+007 1.61009e+007 1.63337e+007 1.65022e+007 1.66237e+007 1.67113e+007 1.67745e+007 1.68203e+007 1.68537e+007 1.68782e+007 1.68963e+007 1.69097e+007 1.69197e+007 1.69272e+007 1.69329e+007 1.69372e+007 1.69405e+007 1.69429e+007 1.69448e+007 1.69463e+007 1.69474e+007 1.69483e+007 1.69489e+007 1.69494e+007 1.69498e+007 1.69501e+007 1.69503e+007 1.69505e+007 1.69507e+007 1.69508e+007 1.69509e+007 1.69509e+007 1.6951e+007 1.6951e+007 1.6951e+007 1.69511e+007 1.69511e+007 1.69511e+007 1.69511e+007 1.69511e+007 1.69511e+007 1.69511e+007 1.69511e+007 1.69511e+007 1.69511e+007 1.69511e+007 1.69511e+007 1.69511e+007 1.69511e+007 1.69511e+007 1.69511e+007 1.69511e+007 1.69511e+007 1.69511e+007 1.69511e+007 1.69511e+007 1.69511e+007 1.69511e+007 1.69511e+007 1.69511e+007 1.69511e+007 1.69511e+007 1.69511e+007 1.69511e+007 1.69511e+007 1.69511e+007 1.69511e+007 1.69511e+007 1.69511e+007 1.69511e+007 1.69511e+007 1.69511e+007 1.69511e+007 1.69511e+007 1.69511e+007 1.69511e+007 1.69511e+007 1.69511e+007 1.69511e+007 1.69511e+007 1.69511e+007 1.69511e+007 1.69511e+007 1.69511e+007 1.69511e+007 1.69511e+007 1.69511e+007 1.69511e+007 1.69511e+007 1.69511e+007 1.69511e+007 0 0 0 0 0 0 0 0 0 0 0 0 0 0 0 0 0 0 0 0 0 0 0 0 0
#obs cpue bio
 3.13589e+006 3.9438e+006 3.4307e+006 4.67267e+006 2.96501e+006 2.54383e+006 1.94202e+006 1.35455e+006 1.65832e+006 1.61288e+006 1.9903e+006 1.96654e+006 1.02189e+006 971027 868411 978284 800099 795248 788234 617674 518686 599629 497002 494754 485542 409285 409148 493991 727276 520137 503527 658337 605042 421461 665905 585582 511024 622894 482094 605006 479032 514045 574837 628009 734879 694469 661138 465240 893991 686434 449851 621671 651910 471264 418622 889956
#pred surv len freq
 0.00494203 0.00805433 0.0121775 0.0173061 0.0233176 0.0298852 0.036455 0.0423862 0.0471968 0.0507255 0.0531027 0.0546018 0.0555005 0.0560076 0.0562357 0.0561965 0.0558178 0.0549712 0.0534922 0.0511777 0.0477877 0.0431049 0.0370783 0.0299881 0.0224908
 0.00522468 0.00839735 0.0124839 0.0174282 0.0231142 0.0293032 0.0355821 0.0414301 0.0463909 0.0502162 0.0528877 0.0545523 0.0554451 0.0558261 0.0559177 0.0558452 0.0556021 0.0550486 0.0539326 0.0519262 0.048685 0.0439563 0.0377346 0.0303931 0.0226766
 0.00548067 0.0088258 0.0131424 0.0183535 0.0242868 0.0306084 0.0368025 0.0422998 0.0467055 0.0499345 0.0521506 0.0535965 0.0544735 0.0549261 0.0550744 0.0550202 0.0548084 0.054367 0.0534662 0.0517307 0.0487273 0.044129 0.037913 0.0304943 0.022683
 0.00572272 0.00921577 0.0137246 0.0191712 0.0253773 0.0319893 0.0384447 0.0440975 0.0484623 0.0513911 0.0530579 0.0538079 0.0540016 0.0539228 0.0537471 0.053548 0.0533105 0.0529256 0.0521569 0.0506233 0.0478591 0.0434853 0.0374391 0.0301294 0.0223891
 0.00604954 0.0097276 0.0144591 0.0201523 0.0266139 0.0334736 0.0401472 0.0459606 0.0503956 0.0532661 0.0547054 0.0550304 0.0546127 0.0538079 0.0529107 0.0521132 0.0514721 0.0508892 0.0501006 0.0486857 0.0461384 0.0420374 0.036278 0.0292381 0.0217348
 0.00641716 0.0103109 0.0153098 0.0213076 0.0280884 0.0352492 0.0421626 0.0481122 0.0525545 0.0553032 0.0565056 0.0564865 0.0556111 0.0542269 0.0526461 0.0511224 0.0498081 0.0487004 0.0475974 0.0460933 0.0436583 0.039824 0.0344289 0.0277931 0.0206824
 0.00674884 0.0108499 0.0161203 0.0224482 0.0296003 0.0371366 0.044374 0.0505341 0.0550283 0.0576567 0.058584 0.0581678 0.056804 0.0548572 0.0526457 0.0504335 0.0484079 0.0466349 0.0450002 0.0431763 0.0406743 0.0370185 0.0319963 0.0258485 0.0192537
 0.00704811 0.0113384 0.0168597 0.0234984 0.0310098 0.0389259 0.046516 0.0529441 0.0575705 0.0601649 0.0608863 0.0601077 0.0582536 0.0557228 0.0528633 0.0499606 0.0472227 0.0447516 0.0424957 0.0402111 0.0374876 0.0338902 0.0291882 0.0235468 0.0175358
 0.00726296 0.0116959 0.0174136 0.0243059 0.0321224 0.0403739 0.0482917 0.0549929 0.0597955 0.0624417 0.0630773 0.0620727 0.0598587 0.0568488 0.0534128 0.0498622 0.0464333 0.0432638 0.0403553 0.0375386 0.0344885 0.0308347 0.0263586 0.0211693 0.0157288
 0.00744707 0.0119992 0.0178781 0.0249756 0.0330371 0.041559 0.0497458 0.0566801 0.0616476 0.0643673 0.0649724 0.0638282 0.0613653 0.0580006 0.0541111 0.0500197 0.0459815 0.0421649 0.0386208 0.0352515 0.0318176 0.0280244 0.0236844 0.018871 0.0139498
 0.00770315 0.0123994 0.0184512 0.0257391 0.0339976 0.0427111 0.0510688 0.0581354 0.06318 0.0659116 0.0664597 0.0651897 0.0625326 0.058904 0.0546784 0.0501769 0.0456573 0.0413033 0.037202 0.0333186 0.0294964 0.0255214 0.0212505 0.0167391 0.0122728
 0.00791234 0.0127324 0.0189388 0.0264041 0.0348497 0.0437403 0.0522394 0.0593874 0.0644422 0.0671189 0.0675652 0.0661637 0.0633526 0.0595431 0.0550969 0.0503205 0.0454608 0.0407022 0.0361538 0.0318297 0.0276467 0.0234692 0.0192066 0.0149123 0.010811
 0.00825411 0.0132734 0.0197248 0.0274656 0.0361935 0.0453386 0.0540183 0.0612267 0.0661933 0.0686373 0.0687418 0.0669426 0.0637306 0.0595553 0.0547935 0.0497431 0.0446267 0.0396028 0.0347704 0.0301624 0.0257453 0.0214493 0.017235 0.0131632 0.00941235
 0.00848564 0.0136494 0.0202898 0.0282598 0.0372445 0.0466473 0.0555452 0.0628862 0.0678638 0.0701831 0.0700368 0.067889 0.064271 0.0596769 0.0545236 0.0491334 0.0437329 0.0384674 0.0334191 0.0286182 0.024053 0.019695 0.0155436 0.0116689 0.00821647
 0.00876376 0.0140909 0.0209342 0.0291368 0.0383682 0.0480085 0.0571006 0.0645543 0.069532 0.0717249 0.0713312 0.0688359 0.064802 0.0597616 0.0541714 0.0483884 0.0426616 0.0371427 0.0319081 0.0269809 0.0223527 0.0180117 0.0139752 0.0103148 0.00714779
 0.00902281 0.0145013 0.0215317 0.0299467 0.0394002 0.0492492 0.0585056 0.0660464 0.0710108 0.0730841 0.0724749 0.0696872 0.0653049 0.0598826 0.0539019 0.0477463 0.0416901 0.0359047 0.0304771 0.0254347 0.0207718 0.0164806 0.0125809 0.00913404 0.00622954
 0.00900335 0.0144977 0.0215783 0.0300937 0.0397024 0.049747 0.0592084 0.0669265 0.0720108 0.074131 0.0734917 0.0706001 0.0660464 0.0603941 0.0541379 0.0476796 0.0413172 0.0352479 0.029584 0.0243728 0.0196226 0.0153323 0.0115191 0.00822969 0.00552529
 0.00921983 0.0148245 0.0220244 0.030654 0.0403635 0.0504952 0.0600319 0.067809 0.0729216 0.0750191 0.0742901 0.0712387 0.0664683 0.0605654 0.054048 0.0473353 0.0407363 0.034458 0.0286245 0.0232979 0.0185008 0.0142405 0.0105319 0.0074058 0.00489533
 0.00918743 0.014778 0.0219658 0.0305894 0.0403017 0.050447 0.0600108 0.0678348 0.0730225 0.0752281 0.0746332 0.0717178 0.0670496 0.061181 0.0546119 0.0477659 0.0409736 0.0344725 0.028418 0.022901 0.0179676 0.0136409 0.00993918 0.00688218 0.00448013
 0.00934798 0.0150228 0.0223036 0.0310161 0.0408009 0.0509907 0.0605601 0.0683426 0.0734412 0.0755221 0.0747906 0.0717543 0.0670006 0.0610846 0.0544914 0.0476198 0.0407797 0.0342015 0.0280498 0.0224363 0.0174313 0.0130774 0.00940131 0.00641684 0.00411645
 0.00930238 0.0149519 0.0222035 0.0308866 0.0406469 0.0508238 0.0603998 0.0682146 0.0733723 0.075533 0.0748898 0.0719369 0.0672508 0.0613813 0.054811 0.0479356 0.0410604 0.0344124 0.0281598 0.0224279 0.0173091 0.012869 0.00914968 0.00616735 0.00390402
 0.00950081 0.0152428 0.022582 0.0313266 0.0411072 0.0512588 0.060769 0.0684871 0.0735292 0.0755694 0.0748158 0.0717755 0.067033 0.0611391 0.0545708 0.0477145 0.0408634 0.034232 0.0279799 0.0222312 0.0170863 0.0126248 0.00890213 0.00594058 0.00371823
 0.0097363 0.0156018 0.0230766 0.0319483 0.0418251 0.0520201 0.0615014 0.0691072 0.0739601 0.0757619 0.074762 0.0715071 0.0666072 0.0606208 0.0540197 0.047177 0.0403696 0.0337955 0.0275999 0.021898 0.0167882 0.0123553 0.00866272 0.00573829 0.00356003
 0.00971529 0.0155827 0.0230753 0.0319887 0.041932 0.0522086 0.0617674 0.0694248 0.0742874 0.0760523 0.0749756 0.0716196 0.0666135 0.0605338 0.0538646 0.0469835 0.0401642 0.0335969 0.0274172 0.0217317 0.0166349 0.012212 0.00853045 0.00562195 0.00346549
 0.00972178 0.0155911 0.0230848 0.0319995 0.0419483 0.0522412 0.0618339 0.069544 0.0744689 0.0762871 0.0752336 0.071857 0.0667873 0.0606158 0.0538482 0.0468824 0.0400048 0.0334087 0.0272247 0.0215507 0.0164726 0.0120706 0.0084101 0.00552339 0.00338944
 0.00974803 0.0156342 0.0231502 0.0320916 0.0420682 0.052385 0.0619916 0.0697022 0.0746164 0.0764187 0.0753498 0.071958 0.0668666 0.0606587 0.053838 0.0468091 0.0398714 0.0332308 0.027025 0.0213514 0.0162905 0.0119147 0.00828394 0.0054265 0.00331931
 0.009576 0.0153775 0.0228074 0.0316779 0.0416138 0.0519295 0.061579 0.0693766 0.0744156 0.0763669 0.0754527 0.0722023 0.0672233 0.0610876 0.0542924 0.0472428 0.0402462 0.0335236 0.0272304 0.0214787 0.0163572 0.01194 0.00828436 0.00541463 0.0033037
 0.00932935 0.0150043 0.0222983 0.0310453 0.0408908 0.0511668 0.0608415 0.0687375 0.0739456 0.0761194 0.0754512 0.0724375 0.067659 0.0616706 0.0549618 0.047937 0.0409092 0.034111 0.0277139 0.0218486 0.0166195 0.012112 0.0083879 0.00547101 0.00333071
 0.00927003 0.0148883 0.0220888 0.0306996 0.0403753 0.0504779 0.0600228 0.067879 0.0731616 0.0755161 0.0751008 0.0723679 0.0678579 0.062096 0.0555534 0.0486263 0.0416281 0.0347986 0.028323 0.0223498 0.0170025 0.0123833 0.00856548 0.00557788 0.00338945
 0.00907111 0.0145862 0.0216726 0.0301703 0.039741 0.049749 0.059213 0.0670147 0.072294 0.0747255 0.0744864 0.0720235 0.0678438 0.0624208 0.0561733 0.0494594 0.0425754 0.0357632 0.0292236 0.0231285 0.0176285 0.0128508 0.00888912 0.00578481 0.0035111
 0.00893867 0.0143802 0.0213805 0.0297881 0.0392747 0.0492162 0.0586417 0.0664395 0.0717476 0.074233 0.0740669 0.0717007 0.0676537 0.0624071 0.0563699 0.0498708 0.043168 0.0364712 0.0299664 0.0238302 0.0182324 0.013327 0.00923347 0.006013 0.00364929
 0.0088692 0.0142612 0.0211907 0.0295052 0.0388824 0.0487132 0.0580507 0.0658076 0.0711359 0.0737 0.0736546 0.0714295 0.0675279 0.0624258 0.0565348 0.0501851 0.0436261 0.0370477 0.0306131 0.024484 0.0188314 0.0138259 0.00961165 0.00627377 0.00381264
 0.00876428 0.0141021 0.0209719 0.0292273 0.0385494 0.0483293 0.0576198 0.0653377 0.0706457 0.0732221 0.0732328 0.0711089 0.0673435 0.0623949 0.0566573 0.05045 0.0440162 0.0375399 0.0311744 0.0250697 0.0193907 0.0143129 0.0099971 0.00655029 0.00399201
 0.00855829 0.0137883 0.0205395 0.028682 0.0379131 0.0476374 0.0569192 0.0646812 0.0700835 0.0727914 0.0729527 0.0709839 0.067371 0.0625699 0.0569722 0.0508912 0.0445625 0.0381628 0.0318387 0.025735 0.0200137 0.0148544 0.0104301 0.00686647 0.00420149
 0.00862935 0.0138614 0.0205722 0.0286111 0.0376741 0.0471948 0.0562894 0.0639347 0.0693217 0.0721129 0.0724273 0.0706441 0.0672182 0.0625883 0.0571403 0.0511878 0.0449668 0.0386515 0.0323825 0.0262982 0.0205567 0.0153391 0.0108281 0.00716486 0.00440444
 0.00937763 0.0149364 0.0219252 0.0301002 0.0390956 0.0483397 0.0569955 0.064115 0.0689718 0.0713066 0.0712999 0.0693613 0.065938 0.06143 0.0561733 0.050439 0.0444353 0.038321 0.0322273 0.0262841 0.0206426 0.0154809 0.0109848 0.00730582 0.00451297
 0.0100118 0.0159552 0.0234273 0.0321455 0.0416649 0.0512875 0.0600226 0.0668031 0.0708913 0.0721544 0.0709923 0.0680371 0.0638842 0.0589823 0.0536349 0.0480373 0.042313 0.0365484 0.0308219 0.0252288 0.0198973 0.014991 0.0106891 0.00714418 0.00443444
 0.0100188 0.0160441 0.0237052 0.0327616 0.0427754 0.0529935 0.0623074 0.0694976 0.0736863 0.0746575 0.0728166 0.068898 0.0636752 0.0577974 0.0517268 0.0457327 0.039925 0.0343179 0.0288987 0.0236796 0.0187264 0.0141618 0.0101414 0.00680913 0.00424596
 0.00977872 0.0156842 0.0232257 0.0321985 0.0422105 0.0525593 0.062178 0.0698522 0.074644 0.0762063 0.0747762 0.0709479 0.0654425 0.0589699 0.0521434 0.0454146 0.0390435 0.0331195 0.0276255 0.0225143 0.0177728 0.0134522 0.00965821 0.00650782 0.0040744
 0.00989555 0.0158218 0.0233373 0.0322119 0.0420527 0.0521959 0.0616471 0.069274 0.0741972 0.0760772 0.0750966 0.0717401 0.0665929 0.0602486 0.0532718 0.0461574 0.0392836 0.0328829 0.0270489 0.0217801 0.0170453 0.0128388 0.00920289 0.00620573 0.00389408
 0.00985393 0.0157736 0.0232977 0.0321991 0.0420734 0.052228 0.061635 0.0691489 0.0739196 0.0756785 0.0746908 0.0714887 0.0666367 0.0606392 0.0539391 0.0469316 0.0399619 0.0333086 0.0271635 0.0216271 0.0167312 0.0124799 0.00888469 0.00596859 0.00374079
 0.00974975 0.0156286 0.0231257 0.0320301 0.0419476 0.0521829 0.061691 0.069297 0.0741175 0.0758606 0.0747937 0.0714865 0.0665632 0.0605774 0.0539774 0.04711 0.0402447 0.0336014 0.0273642 0.0216762 0.0166331 0.0122885 0.00866847 0.00578013 0.0036042
 0.00961475 0.0154136 0.0228122 0.031609 0.0414267 0.0515964 0.0611037 0.0687964 0.0737897 0.0757587 0.074917 0.0717827 0.0669552 0.0609992 0.0543977 0.0475304 0.0406742 0.034029 0.0277505 0.0219725 0.0168092 0.012349 0.00864762 0.00572172 0.00354285
 0.00949566 0.0152306 0.0225563 0.0312782 0.0410255 0.0511353 0.0606018 0.0682864 0.0733202 0.07539 0.074708 0.0717716 0.0671446 0.0613534 0.0548577 0.0480363 0.0411814 0.0345091 0.0281816 0.0223318 0.0170767 0.012518 0.00873033 0.00574456 0.00353488
 0.0093673 0.0150279 0.0222629 0.0308848 0.0405331 0.0505595 0.0599766 0.0676621 0.0727549 0.0749383 0.0744128 0.0716617 0.0672335 0.0616364 0.0553081 0.0486061 0.0418108 0.0351392 0.0287642 0.0228321 0.0174739 0.0128054 0.00891584 0.00584866 0.00358376
 0.00951759 0.0152401 0.0225221 0.0311555 0.0407667 0.0507088 0.0600077 0.0675608 0.0725266 0.0746056 0.0740119 0.0712384 0.0668378 0.0613157 0.0550986 0.0485258 0.0418551 0.0352822 0.0289667 0.0230523 0.0176765 0.0129673 0.00902831 0.00591549 0.00361645
 0.00947271 0.0151877 0.0224799 0.0311487 0.0408168 0.0508173 0.0601467 0.067678 0.0725662 0.0745324 0.0738261 0.0709728 0.066543 0.0610439 0.0548924 0.048413 0.0418461 0.0353696 0.0291271 0.0232519 0.0178797 0.0131453 0.00916485 0.00600733 0.00367037
 0.00930851 0.0149578 0.0222034 0.0308689 0.0405916 0.0507021 0.060176 0.0678541 0.0728557 0.0748721 0.0741384 0.0711893 0.0666266 0.0609993 0.0547596 0.0482485 0.0417031 0.0352839 0.0291114 0.0232978 0.0179648 0.0132433 0.00925388 0.00607519 0.00371464
 0.00940115 0.0150676 0.0222953 0.0308905 0.0404948 0.0504723 0.059853 0.0675253 0.0726215 0.0748017 0.074241 0.0714148 0.0668916 0.0612227 0.0548912 0.0482804 0.0416625 0.0352142 0.0290525 0.0232731 0.0179777 0.0132828 0.00930334 0.0061206 0.00374853
 0.00933955 0.0149797 0.0221837 0.0307602 0.040345 0.050289 0.0596098 0.0671991 0.0722181 0.0743731 0.0738777 0.0712105 0.0669004 0.0614345 0.0552406 0.0486804 0.0420406 0.0355324 0.0293063 0.0234758 0.0181449 0.0134231 0.00941798 0.00620814 0.00380931
 0.00931454 0.0149469 0.0221492 0.0307349 0.0403422 0.0503182 0.0596703 0.0672747 0.0722768 0.0743761 0.0737972 0.0710488 0.0666961 0.0612485 0.0551269 0.048661 0.0421004 0.0356355 0.0294176 0.0235752 0.0182274 0.0134911 0.00947424 0.00625324 0.00384283
 0.00946459 0.0151804 0.0224806 0.0311694 0.0408731 0.0509247 0.0603142 0.0679003 0.0728168 0.0747626 0.0739745 0.070985 0.0663933 0.0607477 0.0545021 0.0480007 0.0414825 0.0351083 0.0289968 0.0232543 0.0179913 0.0133242 0.00936305 0.00618482 0.00380465
 0.00959881 0.0153913 0.0227838 0.0315736 0.0413775 0.0515154 0.0609606 0.0685547 0.0734201 0.0752543 0.0743024 0.0711115 0.0662997 0.060438 0.0540066 0.0473749 0.0407987 0.0344394 0.0284002 0.0227623 0.017612 0.0130492 0.00917555 0.00606529 0.00373409
 0.00957283 0.0153521 0.0227313 0.0315115 0.0413147 0.0514672 0.0609483 0.068602 0.0735459 0.0754645 0.0745831 0.0714292 0.0666064 0.0606824 0.0541466 0.0473893 0.040693 0.0342442 0.02816 0.0225214 0.0174025 0.0128868 0.00906145 0.00599217 0.00369126
 0.00931658 0.0150125 0.0223616 0.0312063 0.0411807 0.0515784 0.0613107 0.0691516 0.0741783 0.0760765 0.0751026 0.0718218 0.0668655 0.0608134 0.0541576 0.0472884 0.0404927 0.033966 0.0278362 0.0221903 0.0171 0.0126375 0.00887535 0.00586591 0.00361335
 0.0086753 0.0140371 0.0210242 0.0295401 0.0392877 0.049629 0.0595332 0.067797 0.0734569 0.0760883 0.0758038 0.0730487 0.0683999 0.0624483 0.0557344 0.0487036 0.0416892 0.0349221 0.0285576 0.0227038 0.0174454 0.0128584 0.00901072 0.00594602 0.0036592
#obs surv len freq
 nan nan nan nan nan nan nan nan nan nan nan nan nan nan nan nan nan nan nan nan nan nan nan nan nan
 0.00448502 0.00734641 0.0111763 0.0159922 0.0216922 0.0279668 0.03428 0.0400107 0.04469 0.048154 0.0505124 0.0520089 0.0529019 0.0534149 0.0537298 0.0539851 0.054264 0.0545569 0.0546958 0.0542878 0.0527258 0.0493579 0.0438075 0.0362873 0.0276706
 0.00461939 0.00756621 0.0115092 0.0164638 0.0223195 0.0287487 0.0351876 0.040985 0.0456502 0.0490134 0.0511948 0.0524603 0.053095 0.0533495 0.0534281 0.0534843 0.0536071 0.0537865 0.0538506 0.0534046 0.0518433 0.0485191 0.043057 0.035663 0.0271936
 0.00477866 0.00782906 0.011912 0.017043 0.0231037 0.0297473 0.036378 0.0423072 0.0470136 0.0503116 0.0523228 0.0533269 0.0536327 0.0535206 0.0532269 0.052935 0.0527566 0.052695 0.0525849 0.0520353 0.050446 0.0471748 0.0418462 0.0346523 0.0264197
 0.00497434 0.00814584 0.0123866 0.0177094 0.0239883 0.0308595 0.0377 0.0437881 0.0485731 0.0518509 0.0537364 0.0545125 0.0544988 0.0539944 0.0532621 0.0525174 0.0519057 0.0514613 0.0510452 0.0502875 0.0486058 0.0453693 0.0402009 0.0332695 0.025357
 0.00518846 0.00849895 0.0129271 0.0184848 0.025035 0.0321876 0.0392783 0.0455408 0.050393 0.0536217 0.0553508 0.0558782 0.0555366 0.054635 0.0534471 0.0522056 0.0510821 0.050146 0.0492992 0.0482154 0.0463525 0.043108 0.0381088 0.0314944 0.0239846
 0.00541856 0.00887582 0.0134998 0.0193016 0.0261352 0.0335872 0.0409551 0.0474269 0.0523819 0.0555868 0.0571655 0.0574306 0.0567359 0.0554109 0.0537457 0.0519853 0.0503155 0.0488296 0.0474693 0.0459634 0.0438307 0.0405188 0.0356728 0.0294026 0.0223545
 0.0056448 0.00924699 0.0140649 0.0201088 0.0272235 0.0349724 0.0426156 0.0492979 0.0543638 0.0575633 0.0590199 0.0590554 0.0580363 0.0563067 0.0541718 0.0518904 0.0496627 0.0476024 0.045686 0.0436975 0.0412267 0.0377878 0.0330593 0.0271293 0.020566
 0.00590228 0.00966522 0.0146937 0.0209946 0.0284006 0.0364501 0.0443636 0.0512418 0.056395 0.0595599 0.0608658 0.0606505 0.0592985 0.057169 0.0545778 0.0517919 0.0490197 0.0463894 0.0439082 0.0414135 0.038569 0.0349651 0.0303264 0.0247278 0.0186606
 0.00613068 0.0100455 0.0152823 0.0218491 0.0295675 0.0379453 0.0461539 0.0532404 0.0584763 0.0615863 0.0627123 0.0622168 0.0605099 0.0579712 0.0549298 0.0516592 0.0483708 0.0452004 0.0421773 0.039186 0.0359622 0.0321752 0.0276029 0.0223155 0.0167332
 0.00637572 0.0104435 0.0158812 0.0226944 0.0306952 0.0393697 0.0478535 0.0551493 0.0604894 0.0635756 0.0645467 0.0637792 0.0617086 0.0587433 0.0552382 0.0514829 0.0476956 0.0440164 0.0404891 0.0370352 0.0334534 0.0294875 0.0249704 0.0199734 0.0148527
 0.00659548 0.0108052 0.0164335 0.0234849 0.0317604 0.04072 0.0494585 0.0569343 0.0623483 0.0653925 0.0662138 0.0652041 0.0628146 0.0594692 0.0555384 0.0513275 0.047068 0.0429112 0.0389174 0.0350402 0.0311318 0.0270014 0.0225316 0.0177978 0.0131002
 0.00681421 0.0111639 0.0169792 0.0242632 0.0328064 0.0420436 0.0510299 0.0586781 0.0641543 0.0671369 0.0677814 0.066502 0.0637764 0.0600522 0.0557173 0.0510874 0.0464004 0.041815 0.0374061 0.0331567 0.028966 0.0246998 0.020284 0.0157968 0.0114888
 0.00706448 0.0115707 0.0175908 0.0251236 0.0339454 0.0434628 0.0526873 0.0604849 0.0659872 0.0688626 0.0692798 0.0676807 0.0645748 0.0604399 0.0556878 0.0506496 0.0455696 0.0406094 0.035851 0.0312982 0.026888 0.022533 0.0181948 0.0139524 0.0100112
 0.00727912 0.011928 0.0181436 0.0259247 0.0350355 0.0448507 0.054332 0.0622909 0.0678201 0.070578 0.0707494 0.0688078 0.0652989 0.0607344 0.0555541 0.0501085 0.0446532 0.0393541 0.0342986 0.0295039 0.0249338 0.0205358 0.0162973 0.0122946 0.00869292
 0.00744149 0.0121944 0.0185497 0.0265067 0.0358248 0.0458641 0.0555599 0.063689 0.0693104 0.072058 0.0721065 0.0699351 0.0661091 0.0611699 0.0555901 0.0497495 0.0439249 0.0382962 0.0329608 0.0279491 0.023245 0.0188199 0.0146778 0.010888 0.00757953
 0.00754084 0.0123579 0.0187997 0.0268662 0.0363142 0.0464957 0.0563317 0.0645819 0.0702896 0.073077 0.0731102 0.0708602 0.0668862 0.0617296 0.0558734 0.0497175 0.0435642 0.0376195 0.0320043 0.0267709 0.0219247 0.0174572 0.0133821 0.00975951 0.0066857
 0.00760057 0.0124513 0.0189339 0.0270467 0.0365461 0.0467848 0.0566843 0.0650027 0.0707798 0.0736315 0.0737151 0.07149 0.0675026 0.0622817 0.0563015 0.0499614 0.0435746 0.0373682 0.0314923 0.0260307 0.0210195 0.016474 0.0124189 0.00890565 0.00600246
 0.00765977 0.0125409 0.0190565 0.0272003 0.0367251 0.0469821 0.0568929 0.0652184 0.0710029 0.0738684 0.0739763 0.071785 0.0678319 0.0626304 0.0566367 0.0502349 0.0437312 0.0373585 0.0312854 0.025626 0.0204508 0.0158054 0.0117315 0.00827789 0.00549074
 0.00771841 0.0126281 0.0191725 0.0273397 0.0368781 0.0471366 0.0570374 0.0653439 0.0711053 0.0739507 0.07405 0.0718673 0.0679404 0.0627757 0.0568151 0.0504247 0.0438941 0.0374469 0.0312559 0.0254535 0.0201396 0.0153915 0.0112733 0.00783923 0.00512198
 0.00776152 0.0126951 0.0192673 0.0274627 0.0370255 0.047299 0.0572001 0.0654882 0.0712143 0.074015 0.0740715 0.0718595 0.0679239 0.0627717 0.0568386 0.0504785 0.0439646 0.0375058 0.0312668 0.0253845 0.0199765 0.0151454 0.0109789 0.00754213 0.00486285
 0.00782108 0.0127838 0.0193854 0.0276054 0.0371836 0.047462 0.057357 0.0656284 0.071327 0.0740906 0.0741037 0.0718481 0.0678766 0.0627031 0.056767 0.0504196 0.0439256 0.0374805 0.0312367 0.0253257 0.0198703 0.0149885 0.0107863 0.00734143 0.00468262
 0.00786558 0.0128539 0.0194863 0.0277394 0.0373482 0.0476482 0.0575487 0.0658044 0.0714663 0.0741786 0.0741361 0.0718293 0.0678164 0.0626138 0.0566615 0.0503112 0.0438252 0.0373934 0.0311595 0.0252472 0.0197774 0.0148738 0.0106534 0.00720401 0.00455796
 0.00786001 0.0128478 0.0194826 0.027743 0.0373649 0.0476832 0.0576043 0.0658788 0.0715532 0.0742681 0.0742169 0.0718916 0.0678543 0.0626263 0.056652 0.0502858 0.043791 0.037356 0.0311211 0.0252053 0.0197264 0.0148094 0.0105763 0.0071213 0.00448023
 0.00789639 0.0128959 0.0195352 0.027787 0.0373868 0.0476752 0.0575698 0.0658318 0.0715124 0.0742489 0.0742257 0.0719247 0.0679011 0.062674 0.0566905 0.0503096 0.0437994 0.0373516 0.031107 0.025183 0.0196958 0.0147695 0.0105283 0.00706946 0.00443083
 0.00787533 0.0128657 0.0194964 0.0277418 0.0373362 0.0476171 0.057499 0.0657432 0.0714074 0.0741398 0.0741341 0.071874 0.0679064 0.062736 0.0567958 0.0504375 0.0439295 0.0374688 0.0312028 0.0252541 0.019742 0.0147927 0.010532 0.0070592 0.00441338
 0.00788225 0.01287 0.0194904 0.0277151 0.0372792 0.0475268 0.0573817 0.0656137 0.0712823 0.0740319 0.0740501 0.0718177 0.0678826 0.0627506 0.0568521 0.0505318 0.0440498 0.0375984 0.0313255 0.0253579 0.0198207 0.0148451 0.010561 0.00707027 0.00441301
 0.00791506 0.0129181 0.0195529 0.0277862 0.0373488 0.0475814 0.0574065 0.0655964 0.0712182 0.0739267 0.0739195 0.0716825 0.0677623 0.0626593 0.0567981 0.0505174 0.0440724 0.0376496 0.0313929 0.0254281 0.0198823 0.0148916 0.0105906 0.00708525 0.00441774
 0.00788503 0.0128752 0.0194992 0.0277271 0.0372913 0.0475303 0.0573631 0.0655575 0.071178 0.0738803 0.0738658 0.071626 0.0677123 0.0626271 0.056793 0.0505445 0.0441309 0.0377338 0.0314927 0.0255314 0.0199773 0.0149697 0.0106478 0.00712225 0.00443855
 0.00787107 0.0128485 0.0194519 0.027651 0.0371811 0.0473887 0.0572036 0.0654023 0.0710507 0.0737968 0.0738293 0.0716288 0.067742 0.0626738 0.0568525 0.0506171 0.0442185 0.0378358 0.031605 0.025646 0.0200848 0.0150614 0.0107187 0.0071715 0.00446908
 0.00785921 0.0128249 0.0194084 0.0275771 0.0370664 0.0472272 0.056998 0.0651669 0.0708104 0.0735825 0.0736707 0.0715465 0.0677419 0.0627471 0.0569806 0.0507792 0.0443973 0.0380194 0.0317849 0.0258151 0.0202358 0.015188 0.010817 0.00724138 0.00451415
 0.00782228 0.012767 0.0193253 0.0274657 0.036925 0.0470557 0.0567987 0.0649465 0.0705809 0.0733618 0.0734814 0.0714123 0.0676828 0.0627731 0.0570888 0.0509543 0.0446164 0.0382584 0.0320232 0.026037 0.0204307 0.0153491 0.0109413 0.00733016 0.00457222
 0.00778525 0.0127043 0.0192264 0.0273203 0.0367263 0.0468052 0.0565096 0.064643 0.0702926 0.0731156 0.0732964 0.0712994 0.0676474 0.0628175 0.0572114 0.0511475 0.044865 0.0385407 0.0323146 0.0263149 0.0206772 0.0155531 0.0110985 0.00744233 0.00464578
 0.00776348 0.0126681 0.0191702 0.0272379 0.0366115 0.0466531 0.0563193 0.0644199 0.0700499 0.0728735 0.0730789 0.0711298 0.0675432 0.0627883 0.057259 0.0512672 0.0450464 0.0387681 0.0325676 0.026571 0.0209152 0.0157569 0.0112594 0.007559 0.00472324
 0.00772902 0.0126107 0.0190816 0.02711 0.0364386 0.0464353 0.0560652 0.0641466 0.0697794 0.072628 0.0728771 0.0709861 0.0674679 0.0627878 0.0573346 0.0514145 0.0452551 0.0390227 0.0328486 0.0268561 0.0211827 0.0159889 0.0114446 0.00769481 0.00481415
 0.00932628 0.0148468 0.0217808 0.0298859 0.0388063 0.0479901 0.0566246 0.0637776 0.0687173 0.0711565 0.0712398 0.0693525 0.0659404 0.0614213 0.0561551 0.0504306 0.0444641 0.0384134 0.0324024 0.0265489 0.0209864 0.0158744 0.0113852 0.0076684 0.00480505
 0.00932567 0.0151394 0.0227383 0.0319677 0.042359 0.0529773 0.0624552 0.0694014 0.072997 0.0733144 0.0711141 0.06734 0.0627216 0.0576699 0.052371 0.0469118 0.0413551 0.0357669 0.0302224 0.0248137 0.019658 0.0149026 0.0107112 0.00722878 0.00453767
 0.00896539 0.0145761 0.021954 0.0310177 0.0414241 0.0523979 0.0626894 0.0708618 0.075804 0.0771133 0.0751197 0.070633 0.0646308 0.0580039 0.0513883 0.0451064 0.0392235 0.0336725 0.0283717 0.0232918 0.0184766 0.0140341 0.0101083 0.00683619 0.0042996
 0.00881332 0.0143143 0.0215339 0.0303886 0.040553 0.0513047 0.0614899 0.0697952 0.0752105 0.077339 0.0763597 0.0727877 0.0672748 0.0605246 0.0532335 0.0459946 0.0391997 0.0330075 0.0273992 0.0222842 0.0175976 0.01335 0.00962161 0.00651676 0.00410603
 0.00872928 0.0141749 0.021318 0.0300719 0.0401098 0.0507135 0.0607452 0.0689255 0.0742996 0.076541 0.0758878 0.0728588 0.0680132 0.0618691 0.0549159 0.0476277 0.0404347 0.0336679 0.027515 0.0220254 0.0171693 0.0129129 0.00926352 0.00626352 0.00394676
 0.00872148 0.0141569 0.0212804 0.0300014 0.03999 0.0505276 0.0604785 0.0685684 0.0738523 0.0760229 0.0753526 0.0724041 0.0677715 0.0619655 0.0554035 0.0484366 0.0413785 0.0345158 0.0280912 0.0222732 0.0171465 0.0127356 0.00904338 0.00607179 0.00381051
 0.00868674 0.0141035 0.0212057 0.0299042 0.0398699 0.0503837 0.060309 0.0683704 0.0736233 0.0757623 0.0750663 0.0721119 0.067515 0.0618099 0.055422 0.0486772 0.0418273 0.0350855 0.02865 0.0227024 0.0173888 0.0128061 0.00900285 0.00598724 0.0037285
 0.0086736 0.0140814 0.0211712 0.0298538 0.0398014 0.0502971 0.0602071 0.0682584 0.0735054 0.0756393 0.0749352 0.0719695 0.0673647 0.0616692 0.0553255 0.0486684 0.0419395 0.0353189 0.0289616 0.0230196 0.0176423 0.0129593 0.0090605 0.00598129 0.00369555
 0.00866786 0.0140702 0.0211508 0.0298196 0.0397491 0.0502242 0.060115 0.0681525 0.0733944 0.0755322 0.0748385 0.0718857 0.0672929 0.0616083 0.05528 0.0486522 0.0419728 0.0354174 0.0291231 0.0232187 0.017838 0.0131143 0.00915671 0.00602341 0.00370212
 0.0086678 0.0140692 0.0211475 0.0298118 0.0397339 0.0501983 0.0600758 0.0680984 0.0733261 0.0754536 0.0747558 0.0718062 0.067223 0.0615521 0.0552401 0.0486318 0.0419782 0.0354568 0.029201 0.023329 0.0179632 0.0132306 0.0092454 0.00607764 0.00372695
 0.00865446 0.0140504 0.0211244 0.0297873 0.0397111 0.0501795 0.0600605 0.0680842 0.0733088 0.0754296 0.0747234 0.0717664 0.0671792 0.0615096 0.0552043 0.0486078 0.0419709 0.0354707 0.0292391 0.0233903 0.01804 0.0133102 0.00931427 0.00612731 0.0037563
 0.00863741 0.0140248 0.0210899 0.0297453 0.039665 0.0501338 0.0600209 0.0680557 0.0732946 0.0754289 0.0747319 0.0717776 0.067187 0.0615108 0.0551996 0.0486012 0.0419679 0.0354771 0.0292592 0.0234255 0.0180875 0.0133633 0.0093643 0.00616732 0.00378332
 0.00862272 0.0140017 0.0210567 0.0297013 0.0396108 0.0500723 0.0599572 0.067997 0.073249 0.0754027 0.0747276 0.0717931 0.0672166 0.0615468 0.0552352 0.0486324 0.0419944 0.0355016 0.0292857 0.0234571 0.0181248 0.0134036 0.00940304 0.00619983 0.00380694
 0.00862056 0.0139966 0.0210461 0.029682 0.0395797 0.0500281 0.0599015 0.0679347 0.0731875 0.0753501 0.0746908 0.0717764 0.0672209 0.0615693 0.0552704 0.0486736 0.042036 0.0355405 0.0293216 0.0234914 0.0181588 0.013437 0.00943406 0.00622602 0.00382662
 0.00863 0.0140114 0.0210673 0.0297095 0.0396121 0.0500616 0.0599303 0.0679519 0.0731868 0.0753292 0.0746523 0.0717274 0.0671702 0.0615251 0.0552376 0.0486537 0.0420274 0.0355401 0.0293267 0.0235003 0.0181706 0.0134511 0.00944909 0.00624017 0.00383825
 0.00863 0.0140114 0.0210673 0.0297095 0.0396121 0.0500616 0.0599303 0.0679519 0.0731868 0.0753292 0.0746523 0.0717274 0.0671702 0.0615251 0.0552376 0.0486537 0.0420274 0.0355401 0.0293267 0.0235003 0.0181706 0.0134511 0.00944909 0.00624017 0.00383825
 0.00882193 0.0143178 0.0215163 0.030319 0.0403805 0.0509572 0.0608824 0.0688552 0.0739234 0.0757993 0.0748005 0.0715526 0.0667185 0.0608725 0.0544711 0.0478543 0.0412594 0.0348473 0.0287334 0.0230158 0.0177937 0.0131731 0.00925611 0.00611518 0.00376335
 0.00881925 0.0143341 0.0215791 0.030467 0.0406545 0.0513838 0.0614594 0.0695441 0.0746535 0.0764811 0.0753437 0.0718833 0.0667955 0.0606954 0.0540781 0.0473107 0.0406408 0.0342234 0.0281579 0.0225223 0.0173974 0.0128744 0.00904537 0.00597675 0.00367924
 0.00879479 0.0142872 0.0214975 0.0303402 0.040483 0.0511904 0.0612943 0.0694757 0.0747439 0.076758 0.0757824 0.0724115 0.0673154 0.0611136 0.054331 0.0473767 0.0405389 0.034001 0.027873 0.0222282 0.0171326 0.0126601 0.00888728 0.00586999 0.00361325
 0.00893212 0.0145007 0.0217988 0.0307297 0.0409452 0.0516911 0.0617814 0.0698899 0.0750387 0.0769179 0.0758274 0.0723813 0.0672435 0.0610095 0.0541794 0.0471532 0.0402297 0.0336145 0.0274403 0.0217923 0.0167351 0.0123301 0.00863732 0.00569692 0.00350385
 0.00877158 0.0142608 0.021478 0.0303427 0.0405219 0.0512721 0.0614125 0.0696158 0.0748937 0.0769183 0.0759694 0.0726462 0.067605 0.0614366 0.0546347 0.0475919 0.0406054 0.0338913 0.027604 0.0218532 0.0167215 0.0122766 0.00857314 0.00564068 0.00346306
#pred catch len freq
 0.00442862 0.00702215 0.0102718 0.0141095 0.0184931 0.023383 0.0286705 0.0341463 0.0395413 0.0445949 0.0490996 0.0529194 0.0559954 0.0583329 0.0599641 0.0609065 0.06114 0.0606043 0.0591953 0.0567507 0.0530488 0.0478763 0.0411934 0.0333204 0.0249914
 0.00470248 0.00737004 0.0106196 0.0143387 0.0184866 0.0230895 0.028147 0.0335417 0.0390229 0.0442614 0.0489329 0.0528038 0.055788 0.0579441 0.0594109 0.0603165 0.0607048 0.0604987 0.0594978 0.0574024 0.0538766 0.0486693 0.0417911 0.0336644 0.0251188
 0.00496662 0.00779289 0.0112364 0.0151586 0.0194692 0.024123 0.0290509 0.0341136 0.039124 0.04389 0.0482285 0.0519677 0.0549738 0.057197 0.0586924 0.0595845 0.0599835 0.0598877 0.0591167 0.0573147 0.054044 0.0489693 0.0420819 0.0338514 0.0251815
 0.00524046 0.00822092 0.0118512 0.0159851 0.0205261 0.0254183 0.0305611 0.0357533 0.0407238 0.0452137 0.0490403 0.0521246 0.0544854 0.056208 0.0574011 0.0581601 0.0585382 0.0585022 0.057871 0.0562837 0.0532657 0.0484225 0.0416999 0.0335621 0.0249412
 0.00559843 0.00876953 0.0126162 0.0169724 0.0217281 0.0268222 0.032151 0.0375018 0.0425757 0.0470651 0.0507259 0.0534289 0.0551922 0.0561742 0.056614 0.0567403 0.0566886 0.0564411 0.0557888 0.0543288 0.0515416 0.0469847 0.0405573 0.0326907 0.0243026
 0.00600963 0.00940497 0.0135116 0.0181409 0.0231622 0.0284965 0.0340219 0.0395055 0.044631 0.0490791 0.052595 0.055031 0.0563793 0.0567827 0.0565023 0.0558418 0.0550498 0.0542202 0.0532159 0.051651 0.0489782 0.0447011 0.0386551 0.0312083 0.0232251
 0.00640682 0.0100276 0.0144067 0.0193398 0.0246785 0.0303233 0.0361229 0.041807 0.0470226 0.0514264 0.0547563 0.0568719 0.0577782 0.0576276 0.0566878 0.0552798 0.0536994 0.0521238 0.0505187 0.0485871 0.0458273 0.0417327 0.0360807 0.0291517 0.0217153
 0.00676233 0.0105875 0.0152172 0.0204365 0.0260866 0.0320541 0.0381651 0.0441139 0.0495045 0.0539526 0.0571673 0.0589983 0.0594619 0.058737 0.0571221 0.0549663 0.052595 0.050233 0.0479217 0.0454609 0.0424372 0.0383891 0.0330726 0.026684 0.0198733
 0.00704352 0.011034 0.015871 0.0213339 0.0272574 0.0335185 0.0399247 0.0461421 0.0517401 0.056299 0.0594966 0.0611601 0.0612963 0.0600915 0.0578662 0.0550004 0.0518562 0.0487035 0.0456477 0.0425758 0.0391712 0.0350454 0.0299676 0.0240713 0.0178862
 0.00729304 0.0114272 0.016441 0.0221076 0.028256 0.0347572 0.0414073 0.0478526 0.0536367 0.0583119 0.0615302 0.0630982 0.0630103 0.0614491 0.0587403 0.055278 0.0514484 0.0475599 0.0437769 0.0400699 0.0362204 0.0319261 0.0269914 0.0215093 0.0159013
 0.00757358 0.011857 0.0170404 0.0228816 0.0292002 0.0358643 0.0426693 0.0492564 0.0551572 0.059907 0.0631394 0.0646447 0.0644046 0.0625938 0.0595339 0.0556193 0.0512435 0.0467366 0.0423081 0.038002 0.0336956 0.0291781 0.0243046 0.0191483 0.0140403
 0.00789837 0.0123554 0.0177355 0.0237757 0.0302767 0.0370918 0.0440037 0.0506427 0.0565356 0.0612225 0.0643488 0.0657152 0.0653067 0.0632919 0.05998 0.0557503 0.0509854 0.0460169 0.0410789 0.0362713 0.0315551 0.0268093 0.021949 0.0170449 0.0123582
 0.00828378 0.0129505 0.0185726 0.0248648 0.0316056 0.0386272 0.0456878 0.0523898 0.0582366 0.0627605 0.0656204 0.0666493 0.0658735 0.0634985 0.0598533 0.055315 0.0502463 0.0449561 0.0396717 0.0345171 0.0295113 0.0246083 0.0197819 0.0151117 0.0108066
 0.00861381 0.0134645 0.0193048 0.0258335 0.0328129 0.0400569 0.0473001 0.0541146 0.0599738 0.0643894 0.0670163 0.0677029 0.0665091 0.0636862 0.0596092 0.0546864 0.0492893 0.0437151 0.0381747 0.0327903 0.0276065 0.0226251 0.0178643 0.0134141 0.00944631
 0.00896109 0.0140003 0.0200585 0.0268157 0.0340174 0.0414639 0.0488731 0.0557945 0.061675 0.066004 0.0684249 0.0687906 0.0671828 0.0638903 0.0593337 0.0539656 0.0481881 0.0423108 0.0365414 0.0309962 0.0257249 0.0207486 0.0161067 0.0118908 0.00824087
 0.00922184 0.0144056 0.0206344 0.0275759 0.0349642 0.0425882 0.0501515 0.0571841 0.0631119 0.067406 0.0696987 0.0698397 0.0679184 0.0642426 0.059263 0.0534688 0.0472989 0.041092 0.0350734 0.0293674 0.0240286 0.0190839 0.0145758 0.0105852 0.00722017
 0.00931664 0.0145684 0.0208959 0.0279707 0.035524 0.0433315 0.051072 0.0582467 0.0642571 0.0685611 0.0707871 0.0707875 0.0686572 0.0647123 0.0594169 0.0532798 0.0467654 0.0402416 0.0339616 0.0280725 0.0226443 0.0177118 0.0133141 0.00951475 0.00638892
 0.00945314 0.0147729 0.0211731 0.0283185 0.0359408 0.0438245 0.0516595 0.0589476 0.0650737 0.0694627 0.071708 0.07164 0.0693531 0.0651817 0.0596154 0.0531871 0.0463815 0.0395857 0.0330732 0.0270129 0.0214941 0.016563 0.0122569 0.00862137 0.0056997
 0.00950332 0.0148494 0.0212784 0.028451 0.0360952 0.043994 0.0518393 0.0591409 0.0652962 0.0697423 0.072073 0.0721003 0.0698845 0.0657243 0.060088 0.0535098 0.0464949 0.0394607 0.0327136 0.0264538 0.0207969 0.0158067 0.0115243 0.00798226 0.00519709
 0.00958176 0.0149688 0.0214432 0.0286602 0.0363438 0.0442738 0.0521392 0.0594461 0.0655888 0.0700051 0.0722966 0.0722878 0.070049 0.065878 0.0602282 0.0536122 0.0465187 0.0393635 0.0324691 0.0260629 0.0202909 0.0152406 0.0109634 0.00748554 0.00480286
 0.00959586 0.0149879 0.021465 0.0286806 0.0363584 0.0442806 0.0521412 0.0594513 0.0656091 0.0700527 0.0723806 0.0724117 0.0702107 0.0660707 0.0604407 0.0538259 0.0467052 0.0394869 0.0324947 0.0259701 0.0200838 0.0149493 0.0106355 0.00717127 0.00454031
 0.00981001 0.0152996 0.0218663 0.0291402 0.0368294 0.0447148 0.0524997 0.0597095 0.0657553 0.070087 0.0723138 0.0722643 0.0700099 0.0658452 0.0602155 0.0536173 0.0465176 0.0393115 0.0323133 0.0257633 0.0198414 0.0146775 0.0103562 0.00691329 0.00432783
