SBPRF35
7.78865
Curr Bio
563555
B35
709441
F35
0.230346
FOFL
0.188201
OFL
83154.1
Bzero
2.22533e+006
#pred survey bio
 4.52876e+006 4.23792e+006 3.9767e+006 3.68967e+006 3.37574e+006 3.05728e+006 2.7451e+006 2.4592e+006 2.18193e+006 1.9459e+006 1.68326e+006 1.48036e+006 1.3176e+006 1.17161e+006 1.02178e+006 903877 811354 750410 711107 669495 641923 616637 615439 594224 596593 578706 575485 570343 571476 580756 573141 559708 546017 538893 523914 491872 480499 477132 481855 482074 488696 497036 498162 520791 524282 536323 542699 549652 560903 571683 578826 573251 559060 2.03413e+007 1.26485e+007 1.31504e+007 1.38085e+007 1.45218e+007 1.51827e+007 1.5741e+007 1.6186e+007 1.65273e+007 1.67827e+007 1.69709e+007 1.71084e+007 1.72085e+007 1.72815e+007 1.73348e+007 1.7374e+007 1.74029e+007 1.74244e+007 1.74405e+007 1.74526e+007 1.74617e+007 1.74686e+007 1.74739e+007 1.74779e+007 1.7481e+007 1.74833e+007 1.74851e+007 1.74865e+007 1.74876e+007 1.74884e+007 1.74891e+007 1.74896e+007 1.74899e+007 1.74902e+007 1.74905e+007 1.74906e+007 1.74908e+007 1.74909e+007 1.7491e+007 1.7491e+007 1.74911e+007 1.74911e+007 1.74911e+007 1.74912e+007 1.74912e+007 1.74912e+007 1.74912e+007 1.74912e+007 1.74912e+007 1.74912e+007 1.74912e+007 1.74912e+007 1.74912e+007 1.74912e+007 1.74912e+007 1.74912e+007 1.74912e+007 1.74912e+007 1.74912e+007 1.74912e+007 1.74912e+007 1.74912e+007 1.74912e+007 1.74912e+007 1.74912e+007 1.74912e+007 1.74912e+007 1.74912e+007 1.74912e+007 1.74912e+007 1.74912e+007 1.74912e+007 1.74912e+007 1.74912e+007 1.74912e+007 1.74912e+007 1.74912e+007 1.74912e+007 1.74912e+007 1.74912e+007 1.74912e+007 1.74912e+007 1.74912e+007 1.74912e+007 1.74912e+007 1.74912e+007 1.74912e+007 1.74912e+007 1.74912e+007 1.74912e+007 1.74912e+007 1.74912e+007 1.74912e+007 1.74912e+007 1.74912e+007 1.74912e+007 1.74912e+007 1.74912e+007 1.74912e+007 1.74912e+007 0 0 0 0 0 0 0 0 0 0 0 0 0 0 0 0 0 0 0 0 0 0 0 0 0
#obs survey bio
 3.88769e+006 3.44048e+006 3.6781e+006 3.32479e+006 3.03084e+006 2.28888e+006 1.37272e+006 1.9631e+006 2.90959e+006 1.2617e+006 1.43254e+006 1.36023e+006 1.16952e+006 1.09712e+006 1.01829e+006 510298 907222 503301 635617 514665 575044 483696 797776 596958 696255 517065 704880 591852 456918 508897 519298 557014 591570 429461 689167 415921 560141 484022 490074 525893 502420 503653 498842 493098 644717 566466 401072 597014 528664 567116 594344 472668 516486
#pred catch bio
 97240.5 93366.8 146705 205328 245580 275126 283095 302280 287420 329727 290584 265307 258119 265977 239514 216974 188111 166849 163966 146577 139580 115119 127906 104048 118220 103690 104352 97696.6 89601.8 102447 104787 101596 92710.2 96041.7 106331 87045.1 83899.4 82753.5 90252.4 86141.1 85425.2 91911.4 74843.3 92166.3 85554.6 91518.9 92404.6 90025.4 91513.2 95825.3 108575 119142 92737.3 83154.1 103030 106180 110401 115385 120090 123991 126986 129171 130708 131758 132461 132924 133225 133418 133541 133619 133668 133699 133718 133730 133738 133743 133745 133747 133748 133749 133749 133750 133750 133750 133750 133750 133750 133750 133750 133750 133750 133750 133750 133750 133750 133750 133750 133750 133750 133750 133750 133750 133750 133750 133750 133750 133750 133750 133750 133750 133750 133750 133750 133750 133750 133750 133750 133750 133750 133750 133750 133750 133750 133750 133750 133750 133750 133750 133750 133750 133750 133750 133750 133750 133750 133750 133750 133750 133750 133750 133750 133750 133750 133750 133750 133750 133750 133750 133750 133750 133750 133750 133750 0 0 0 0 0 0 0 0 0 0 0 0 0 0 0 0 0 0 0 0 0 0 0 0 0
#obs catch bio
 0 93077.5 146994 206325 247809 278773 287832 308102 290538 337418 296404 270424 262252 271934 245702 223121 192254 171578 167755 149268 142300 116317 129371 104177 118522 103654 104922 98426.9 89621.3 102481 105129 102109 92347.4 96063 106183 86949.3 83812 82621.3 90400.2 86044.1 85202.2 91962.7 74618.1 92154.7 85238.4 91069.2 92417.2 89945.4 91274.2 95269 107830 118970 92541.1
#pred cpue bio
 4.44812e+006 4.15979e+006 3.9003e+006 3.61386e+006 3.30118e+006 2.98422e+006 2.67387e+006 2.39004e+006 2.11545e+006 1.88172e+006 1.62213e+006 1.42168e+006 1.26107e+006 1.11703e+006 969695 854115 763813 704643 667144 627959 602258 578693 578400 558822 561850 545030 541950 537078 538583 548065 541072 528515 515963 509728 495905 465459 453901 448819 451782 451641 458303 466566 467661 489457 492836 504409 510363 516770 527573 538004 544689 538462 523241 1.90302e+007 1.18543e+007 1.2312e+007 1.28998e+007 1.35835e+007 1.42369e+007 1.47938e+007 1.52384e+007 1.55797e+007 1.58351e+007 1.60233e+007 1.61608e+007 1.62609e+007 1.63339e+007 1.63872e+007 1.64264e+007 1.64553e+007 1.64768e+007 1.64929e+007 1.6505e+007 1.65141e+007 1.6521e+007 1.65263e+007 1.65303e+007 1.65334e+007 1.65357e+007 1.65375e+007 1.65389e+007 1.654e+007 1.65408e+007 1.65415e+007 1.6542e+007 1.65423e+007 1.65426e+007 1.65429e+007 1.6543e+007 1.65432e+007 1.65433e+007 1.65434e+007 1.65434e+007 1.65435e+007 1.65435e+007 1.65435e+007 1.65436e+007 1.65436e+007 1.65436e+007 1.65436e+007 1.65436e+007 1.65436e+007 1.65436e+007 1.65436e+007 1.65436e+007 1.65436e+007 1.65436e+007 1.65436e+007 1.65436e+007 1.65436e+007 1.65436e+007 1.65436e+007 1.65436e+007 1.65436e+007 1.65436e+007 1.65436e+007 1.65436e+007 1.65436e+007 1.65436e+007 1.65436e+007 1.65436e+007 1.65436e+007 1.65436e+007 1.65436e+007 1.65436e+007 1.65436e+007 1.65436e+007 1.65436e+007 1.65436e+007 1.65436e+007 1.65436e+007 1.65436e+007 1.65436e+007 1.65436e+007 1.65436e+007 1.65436e+007 1.65436e+007 1.65436e+007 1.65436e+007 1.65436e+007 1.65436e+007 1.65436e+007 1.65436e+007 1.65436e+007 1.65436e+007 1.65436e+007 1.65436e+007 1.65436e+007 1.65436e+007 1.65436e+007 1.65436e+007 1.65436e+007 1.65436e+007 0 0 0 0 0 0 0 0 0 0 0 0 0 0 0 0 0 0 0 0 0 0 0 0 0
#obs cpue bio
 2.53234e+006 4.07376e+006 4.00508e+006 2.35208e+006 1.66986e+006 2.56696e+006 3.12375e+006 2.88602e+006 2.60776e+006 1.50557e+006 1.53147e+006 1.24512e+006 1.49482e+006 789858 553469 921808 594549 454797 783297 676130 516972 711013 525200 665148 587240 586892 313332 389966 941536 749437 463701 450409 822096 490102 514783 441001 427371 446596 399266 460920 495142 451643 422961 627769 438325 614043 479585 502744 664960 708922 619410 540279 456764
#pred surv len freq
 0.00469761 0.00754605 0.0112141 0.0156587 0.020796 0.0264478 0.0322905 0.0379009 0.0428941 0.0470411 0.0502887 0.0527084 0.0544357 0.0556225 0.0563952 0.0568257 0.0569253 0.0566501 0.0558888 0.0544215 0.0518937 0.047889 0.042144 0.0348172 0.0266074
 0.00507351 0.00807238 0.0118545 0.0163398 0.0214455 0.0270443 0.0328881 0.0386004 0.0437679 0.048059 0.0512958 0.0534757 0.054756 0.055398 0.0556759 0.055786 0.0557942 0.0556253 0.0550691 0.0537869 0.0513421 0.0473097 0.0414863 0.0341128 0.0259407
 0.00524656 0.00838653 0.0123823 0.017154 0.0225854 0.0284742 0.0344783 0.0401598 0.0451218 0.0491225 0.0520837 0.0540394 0.0551016 0.0554558 0.0553458 0.0550193 0.0546471 0.0542465 0.0536325 0.0524185 0.0500872 0.0461557 0.0404143 0.0331364 0.0251048
 0.00545917 0.00871601 0.0128527 0.0177892 0.0234182 0.0295517 0.0358473 0.04183 0.0470231 0.0510887 0.0538887 0.0554721 0.0560306 0.0558411 0.0552004 0.0543685 0.0535254 0.0527232 0.051828 0.0504838 0.0481641 0.0443493 0.0387948 0.031755 0.0239991
 0.00568427 0.00907963 0.0133953 0.0185465 0.0244148 0.0307932 0.0373151 0.0434839 0.0488103 0.0529467 0.0557327 0.057177 0.0574332 0.0567727 0.0555336 0.0540468 0.0525633 0.0511919 0.0498441 0.0482025 0.0457652 0.042013 0.0366772 0.0299699 0.0226072
 0.00591909 0.0094553 0.0139506 0.0193168 0.0254296 0.0320701 0.0388492 0.0452375 0.0507114 0.0548973 0.0576233 0.0588988 0.0588793 0.0578338 0.056097 0.0540106 0.0518627 0.0498242 0.0478813 0.045789 0.0431019 0.0393299 0.0341958 0.0278636 0.0209719
 0.00613015 0.0097995 0.0144714 0.0200574 0.0264276 0.0333472 0.0403994 0.0470193 0.0526493 0.056891 0.0595594 0.0606608 0.0603571 0.0589283 0.0567201 0.0540826 0.0513166 0.0486226 0.0460435 0.0434137 0.0403725 0.0364925 0.0315126 0.0255553 0.0191702
 0.00632562 0.010114 0.0149399 0.0207139 0.0273035 0.0344665 0.0417691 0.0486199 0.054429 0.0587668 0.0614243 0.0623963 0.061846 0.060066 0.0574184 0.054268 0.0509283 0.0476192 0.0444219 0.0412372 0.0377901 0.0337337 0.0288461 0.0232244 0.0173319
 0.00664484 0.0106068 0.0156339 0.0216202 0.0284201 0.0357817 0.0432613 0.0502531 0.0561496 0.0605047 0.0630965 0.063912 0.0631133 0.0609981 0.0579392 0.0543139 0.0504479 0.0465767 0.0428108 0.0391042 0.0352597 0.031012 0.0261904 0.0208806 0.0154686
 0.00688008 0.0109931 0.0162218 0.0224576 0.0295406 0.0371883 0.0449112 0.0520568 0.0579888 0.0622606 0.0646721 0.0652379 0.0641408 0.0616887 0.058256 0.0542182 0.0499006 0.0455449 0.0412829 0.0371129 0.0329063 0.0284745 0.0237002 0.0186677 0.0136973
 0.00720726 0.0115161 0.0169937 0.0235252 0.0309398 0.0389337 0.046979 0.0543683 0.060406 0.0645997 0.0667339 0.0668475 0.0651822 0.0621191 0.0580949 0.0535183 0.0487178 0.0439228 0.039258 0.034738 0.0302795 0.0257555 0.0210959 0.0163849 0.0118832
 0.0075409 0.0120326 0.0177242 0.0244854 0.0321331 0.0403549 0.0486121 0.0561787 0.062332 0.0665477 0.0685794 0.0684452 0.0663866 0.062812 0.0582099 0.0530486 0.0477046 0.0424334 0.0373688 0.0325349 0.0278728 0.0232935 0.0187575 0.0143453 0.010266
 0.00788703 0.0125727 0.0184948 0.0255046 0.0333982 0.0418389 0.0502602 0.0579097 0.06405 0.0681597 0.0700072 0.0696237 0.0672548 0.063308 0.0582749 0.0526416 0.0468164 0.0410926 0.0356386 0.030508 0.0256698 0.0210617 0.0166595 0.012531 0.00883628
 0.00811562 0.0129565 0.0190945 0.0263829 0.0346046 0.0433862 0.0521018 0.0599321 0.0660906 0.0700416 0.0715762 0.070773 0.0679326 0.063508 0.0580186 0.0519593 0.0457392 0.0396561 0.0338937 0.0285317 0.02357 0.0189731 0.0147273 0.0108829 0.00755199
 0.0084147 0.0134318 0.019791 0.0273399 0.0358534 0.0449441 0.0539564 0.0620236 0.0682991 0.0721913 0.0734593 0.0721916 0.0687439 0.0636541 0.0575277 0.0509206 0.044267 0.0378621 0.0318781 0.0263897 0.0214042 0.0168992 0.0128641 0.00932964 0.00636347
 0.00864565 0.0138009 0.0203353 0.0280906 0.0368325 0.0461571 0.0553845 0.0636178 0.0699823 0.0738639 0.0750052 0.0734834 0.0696544 0.0640784 0.0574078 0.0502612 0.0431328 0.0363577 0.0301244 0.0245076 0.0195102 0.0151052 0.0112723 0.00801832 0.00537047
 0.00882385 0.0140848 0.0207522 0.0286636 0.0375778 0.0470797 0.056471 0.0648308 0.0712609 0.0751306 0.0761748 0.074472 0.070385 0.0644849 0.0574403 0.0498947 0.0423762 0.0352593 0.0287669 0.022997 0.0179615 0.0136299 0.00996624 0.00694902 0.00456684
 0.0087401 0.0139802 0.0206538 0.0286177 0.0376403 0.0472992 0.0568735 0.0654139 0.0719971 0.0759747 0.0770708 0.0753561 0.0711889 0.06514 0.057883 0.0500732 0.042259 0.0348435 0.0280843 0.0221131 0.0169671 0.0126255 0.00904464 0.00617875 0.00398155
 0.00865772 0.0138391 0.0204307 0.0282936 0.0372132 0.0468004 0.0563768 0.0650259 0.0718266 0.0760953 0.077496 0.0760392 0.0720412 0.0660546 0.0587536 0.0508057 0.0427796 0.0351065 0.0280785 0.021865 0.0165368 0.0120953 0.00850059 0.00569218 0.00359596
 0.00870277 0.0139029 0.0205077 0.0283693 0.0372642 0.0467977 0.0562938 0.0648512 0.0715788 0.0758293 0.0772927 0.0759777 0.0721673 0.066362 0.059187 0.0512809 0.0432076 0.035413 0.0282173 0.0218242 0.0163393 0.0117915 0.00815426 0.00536287 0.00332482
 0.00868797 0.0138779 0.0204683 0.0283102 0.0371794 0.0466809 0.0561393 0.0646559 0.0713451 0.0755702 0.0770376 0.0757734 0.0720697 0.0664177 0.0594121 0.0516491 0.0436547 0.0358563 0.0285797 0.0220546 0.0164233 0.0117491 0.00802877 0.00520429 0.00317446
 0.00869424 0.0138839 0.0204693 0.028299 0.0371477 0.0466214 0.0560484 0.0645342 0.0711967 0.0754021 0.0768598 0.0756014 0.0719265 0.0663331 0.059416 0.0517593 0.0438647 0.0361313 0.0288656 0.0222958 0.0165813 0.0118132 0.00801451 0.00514273 0.00309791
 0.00853103 0.0136267 0.0200979 0.0278012 0.0365226 0.0458849 0.0552388 0.0637144 0.0704477 0.0748083 0.076491 0.0754979 0.0720927 0.0667401 0.0600122 0.0524834 0.0446546 0.0369271 0.0296102 0.0229389 0.017087 0.0121686 0.00823171 0.00525261 0.0031384
 0.0086101 0.0137377 0.0202318 0.0279367 0.0366297 0.0459318 0.0551986 0.0635705 0.0701976 0.0744669 0.0760918 0.07509 0.0717319 0.0664764 0.059879 0.052491 0.0447908 0.0371619 0.0299021 0.0232424 0.0173609 0.012384 0.00837748 0.00533486 0.00317417
 0.008613 0.0137237 0.0201759 0.0278036 0.0363816 0.0455423 0.0546664 0.0629256 0.0694981 0.0737879 0.0755113 0.0746747 0.0715264 0.0664971 0.0601146 0.0529075 0.0453387 0.0377836 0.0305386 0.02384 0.0178769 0.0127923 0.00867132 0.0055252 0.00328381
 0.00882266 0.0140442 0.0206183 0.0283595 0.0370196 0.0462054 0.0552733 0.0633803 0.0697117 0.073706 0.0751339 0.0740581 0.0707666 0.0657047 0.0593901 0.0523241 0.0449339 0.0375597 0.0304701 0.0238837 0.0179837 0.0129182 0.00878463 0.00560994 0.00333764
 0.00873403 0.0139294 0.0204995 0.0282753 0.0370137 0.0463088 0.0554882 0.0636745 0.0700255 0.0739684 0.0752815 0.0740528 0.0706063 0.065425 0.0590532 0.0520003 0.0446823 0.0374147 0.0304371 0.023943 0.0181011 0.0130561 0.00891281 0.00571059 0.00340596
 0.00862515 0.0137625 0.0202691 0.0279878 0.0366916 0.0459936 0.0552375 0.0635502 0.0700715 0.074188 0.0756285 0.0744441 0.0709521 0.0656592 0.0591528 0.0519856 0.0446025 0.037326 0.0303829 0.0239434 0.0181521 0.0131384 0.00900253 0.0057891 0.00346398
 0.00860668 0.0137129 0.0201589 0.027779 0.0363492 0.0455041 0.054626 0.0628857 0.0694554 0.0737284 0.0754095 0.0744996 0.0712547 0.06613 0.0596897 0.0524976 0.0450349 0.0376658 0.0306466 0.0241571 0.0183357 0.0132993 0.00913852 0.00589543 0.00353914
 0.00850146 0.0135536 0.0199395 0.0274972 0.0360019 0.0450819 0.0541155 0.0622814 0.0687785 0.0730406 0.0748098 0.0741 0.0711424 0.0663346 0.0601716 0.0531636 0.0457718 0.0383756 0.0312677 0.0246663 0.0187362 0.013605 0.00936446 0.00605485 0.00364447
 0.00834536 0.0133377 0.0196844 0.0272457 0.0358057 0.0449811 0.0541196 0.0623624 0.0688789 0.0730931 0.074763 0.0739423 0.0709116 0.0661064 0.060028 0.0531584 0.0459106 0.0386207 0.0315614 0.0249559 0.0189881 0.0138063 0.00951546 0.00616193 0.00371583
 0.00822 0.0131417 0.0194061 0.0268853 0.035382 0.0445369 0.0537214 0.062087 0.0687853 0.0731938 0.0750126 0.074254 0.0711955 0.0663068 0.0601421 0.053226 0.0459854 0.0387405 0.0317328 0.025159 0.0191926 0.0139865 0.00965802 0.00626472 0.00378394
 0.00826291 0.0131846 0.019421 0.0268296 0.0352101 0.0442195 0.0532641 0.0615383 0.0682295 0.07273 0.0747251 0.0741851 0.0713307 0.0665837 0.0604789 0.053556 0.0462774 0.0389961 0.0319677 0.0253837 0.0194045 0.0141743 0.00981055 0.00637727 0.00385931
 0.00803394 0.0128621 0.019026 0.0264075 0.0348112 0.0438716 0.052956 0.0612292 0.067881 0.072341 0.0743468 0.0739045 0.0712332 0.0667145 0.0608246 0.0540541 0.0468448 0.0395599 0.0324819 0.0258284 0.0197752 0.0144716 0.0100371 0.0065386 0.00396524
 0.00804412 0.0128473 0.0189487 0.0262213 0.0344822 0.0434052 0.0524116 0.0607042 0.0674675 0.072082 0.0742243 0.0738675 0.071242 0.0667666 0.0609471 0.0542734 0.0471616 0.0399446 0.0328888 0.0262148 0.0201122 0.0147458 0.0102462 0.00668754 0.00406345
 0.00898849 0.0142064 0.0206649 0.0281228 0.036323 0.0449379 0.0534518 0.0611632 0.0673544 0.0714858 0.0732821 0.072724 0.0700152 0.0655364 0.0597676 0.0531917 0.0462226 0.0391813 0.0323113 0.0258079 0.0198447 0.0145818 0.0101532 0.00663975 0.00404195
 0.00975165 0.0153972 0.0223558 0.0303247 0.0389578 0.0478115 0.0562464 0.06348 0.0688181 0.0718704 0.0725876 0.071159 0.0679036 0.0632061 0.0574737 0.0510932 0.0443988 0.0376611 0.0310949 0.0248777 0.0191683 0.0141163 0.00985143 0.00645653 0.00393846
 0.0096756 0.0153789 0.0225231 0.0308621 0.0400584 0.0495972 0.0586895 0.066367 0.0717753 0.0744452 0.0743602 0.0718543 0.0674647 0.0617983 0.0554136 0.0487401 0.0420593 0.0355424 0.0293051 0.02345 0.018089 0.0133443 0.00933143 0.00612869 0.00374632
 0.00925355 0.0147561 0.0217113 0.029934 0.0391545 0.0489193 0.0584764 0.0668397 0.0730525 0.0764604 0.0768331 0.0743498 0.0695235 0.0630807 0.0557917 0.0483042 0.0410504 0.0342513 0.0279852 0.0222724 0.0171381 0.0126374 0.0088444 0.00581752 0.0035625
 0.0091231 0.0145281 0.0213413 0.0293781 0.0383897 0.0479737 0.0574558 0.0659314 0.072493 0.0764691 0.0775332 0.0757048 0.0713202 0.0649772 0.057422 0.0493955 0.0415 0.03413 0.0274774 0.0215913 0.0164584 0.012065 0.00841895 0.0055329 0.00338967
 0.00911167 0.0144932 0.0212568 0.0292048 0.0380795 0.0474811 0.0567562 0.0650439 0.071501 0.0755271 0.0768456 0.0754711 0.0716608 0.0658724 0.0586993 0.0507815 0.0427148 0.0349813 0.0279084 0.0216675 0.0163106 0.0118265 0.00818521 0.00535096 0.00326898
 0.00909058 0.0144623 0.021215 0.0291497 0.0380028 0.0473634 0.0565655 0.0647421 0.0710598 0.0749508 0.0761901 0.0748487 0.0712193 0.065749 0.0589638 0.0513963 0.0435398 0.0358242 0.0285993 0.0221154 0.0165168 0.0118561 0.0081222 0.00526306 0.00319385
 0.0091722 0.0145836 0.0213765 0.0293445 0.0382181 0.0475832 0.0567702 0.0649057 0.0711468 0.0749195 0.0760052 0.0745017 0.0707475 0.0652393 0.0585318 0.0511442 0.0435119 0.0359877 0.0288615 0.0223699 0.0166895 0.0119261 0.00811224 0.00521309 0.00313793
 0.00900892 0.0143333 0.0210282 0.0288986 0.0376867 0.0469894 0.0561498 0.0643076 0.0706291 0.0745378 0.0757977 0.0744779 0.0708878 0.0655079 0.058896 0.0515869 0.0440273 0.036563 0.0294609 0.0229361 0.0171641 0.0122739 0.00833169 0.0053302 0.00318902
 0.00904121 0.0143824 0.0210955 0.0289823 0.0377814 0.0470858 0.0562339 0.0643618 0.070635 0.0744812 0.0756749 0.0742985 0.0706732 0.0652855 0.0586936 0.0514297 0.0439364 0.0365519 0.029529 0.023064 0.0173174 0.0124157 0.00843751 0.00539373 0.00321842
 0.00911742 0.014481 0.0211975 0.0290551 0.0377885 0.0470018 0.0560573 0.0641162 0.0703596 0.0742169 0.0754523 0.0741336 0.0705692 0.065238 0.0586958 0.0514757 0.0440227 0.036676 0.0296861 0.0232433 0.0175012 0.012583 0.00857121 0.00548653 0.00327382
 0.00909204 0.0144654 0.0212194 0.0291511 0.0379879 0.0473052 0.0564226 0.0644658 0.0706092 0.0743098 0.0753791 0.0739278 0.0702858 0.0649312 0.0584059 0.0512274 0.043829 0.0365423 0.0296122 0.0232232 0.0175222 0.0126279 0.00862226 0.00553055 0.00330466
 0.00901085 0.0143432 0.0210557 0.0289571 0.0377893 0.0471429 0.056346 0.0645175 0.0708029 0.0746137 0.0757211 0.0742224 0.0704702 0.0649866 0.058355 0.0511148 0.0436996 0.036429 0.0295329 0.0231829 0.0175166 0.0126466 0.00865258 0.00556142 0.00332921
 0.00898859 0.0142951 0.0209618 0.028793 0.0375345 0.0467934 0.0559264 0.0640841 0.0704329 0.0743836 0.0756803 0.0743742 0.0707694 0.0653571 0.0587198 0.0514218 0.0439314 0.0365953 0.0296552 0.0232808 0.0176018 0.0127226 0.00871781 0.00561311 0.00336616
 0.00905306 0.014385 0.0210686 0.0288963 0.0376044 0.0467959 0.0558316 0.0638756 0.0701187 0.0740025 0.0752987 0.0740686 0.0706006 0.0653477 0.0588479 0.0516344 0.0441687 0.0368125 0.0298315 0.0234157 0.017704 0.0128014 0.00877896 0.00565914 0.00339857
 0.0093724 0.014848 0.0216605 0.0295658 0.0382755 0.0473887 0.0562792 0.0641309 0.0701548 0.0738142 0.0749069 0.0735243 0.0699795 0.0647352 0.0583165 0.0512253 0.0438857 0.0366321 0.0297203 0.0233453 0.0176575 0.0127712 0.00876161 0.00565146 0.00339698
 0.00973291 0.0154186 0.022487 0.0306715 0.0396463 0.0489551 0.0579058 0.0656273 0.0713167 0.0744794 0.0749973 0.0730569 0.0690499 0.0634872 0.056912 0.0498154 0.0425887 0.0355201 0.0288201 0.02265 0.0171424 0.0124055 0.00851464 0.00549473 0.00330463
 0.00952799 0.0151914 0.0223411 0.0307686 0.0401633 0.0500142 0.0595095 0.0676352 0.0734723 0.0764718 0.076534 0.0739267 0.0691645 0.0628911 0.0557576 0.0483151 0.0409615 0.0339498 0.0274324 0.0215096 0.0162632 0.0117672 0.0080784 0.00521531 0.00313807
#obs surv len freq
 nan nan nan nan nan nan nan nan nan nan nan nan nan nan nan nan nan nan nan nan nan nan nan nan nan
 0.00448589 0.00734784 0.0111784 0.0159952 0.0216962 0.0279717 0.0342856 0.0400163 0.0446953 0.0481583 0.0505154 0.0520104 0.0529019 0.0534137 0.0537274 0.0539819 0.0542602 0.0545527 0.0546913 0.0542832 0.0527213 0.0493536 0.0438037 0.0362841 0.0276682
 0.0046166 0.00756292 0.0115065 0.0164635 0.0223236 0.0287584 0.0352028 0.0410042 0.0456709 0.0490329 0.0512111 0.0524718 0.0531013 0.0533506 0.0534247 0.0534771 0.0535973 0.0537747 0.0538376 0.0533909 0.0518296 0.048506 0.0430453 0.0356533 0.0271861
 0.0047752 0.00782314 0.0119027 0.0170294 0.0230859 0.0297265 0.0363574 0.0422909 0.0470055 0.0503139 0.0523347 0.0533453 0.0536538 0.0535407 0.0532438 0.0529476 0.052765 0.0527 0.0525874 0.052036 0.0504457 0.0471739 0.0418452 0.0346514 0.026419
 0.00497818 0.00815078 0.0123916 0.0177127 0.0239876 0.0308528 0.0376865 0.0437689 0.0485508 0.0518298 0.0537208 0.0545057 0.0545017 0.0540054 0.0532778 0.0525341 0.0519205 0.0514727 0.051053 0.0502922 0.0486083 0.0453704 0.0402012 0.0332695 0.0253569
 0.00517697 0.00848154 0.0129032 0.0184546 0.0249992 0.0321468 0.0392331 0.0454924 0.0503431 0.0535737 0.0553092 0.0558482 0.0555228 0.0546396 0.0534696 0.0522427 0.0511287 0.0501971 0.0493507 0.048265 0.0463985 0.0431493 0.0381444 0.0315232 0.0240063
 0.00540666 0.00885567 0.0134681 0.0192551 0.0260719 0.0335077 0.0408638 0.0473317 0.0522918 0.0555097 0.0571063 0.0573916 0.0567179 0.0554146 0.0537713 0.0520317 0.0503799 0.0489073 0.0475549 0.0460513 0.0439162 0.0405977 0.0357416 0.0294588 0.0223969
 0.00564096 0.00924083 0.0140556 0.0200955 0.0272046 0.034946 0.0425793 0.0492503 0.0543054 0.0574976 0.0589528 0.0589941 0.0579873 0.0562747 0.0541595 0.051899 0.0496916 0.0476493 0.045747 0.0437672 0.0412991 0.0378572 0.033121 0.02718 0.0206041
 0.00588018 0.00963102 0.0146455 0.020932 0.0283248 0.0363639 0.0442714 0.0511491 0.0563077 0.0594826 0.0608016 0.0606017 0.0592671 0.0571573 0.0545879 0.0518249 0.0490754 0.0464662 0.0440024 0.0415196 0.0386801 0.0350731 0.0304238 0.0248087 0.0187221
 0.0061314 0.0100425 0.0152703 0.0218209 0.0295161 0.0378674 0.0460526 0.0531249 0.0583594 0.0614804 0.0626259 0.0621539 0.060471 0.0579552 0.0549357 0.0516866 0.0484196 0.0452701 0.0422658 0.039289 0.036073 0.0322854 0.027704 0.0224006 0.0167983
 0.0063677 0.0104322 0.0158672 0.0226784 0.0306769 0.0393462 0.047819 0.0550971 0.0604157 0.063483 0.0644448 0.0636817 0.0616285 0.0586893 0.0552137 0.0514872 0.0477263 0.0440707 0.0405639 0.0371263 0.0335545 0.0295907 0.0250668 0.0200557 0.0149164
 0.00661992 0.0108427 0.016486 0.0235525 0.0318417 0.0408114 0.0495538 0.057024 0.0624198 0.065432 0.0662104 0.0651541 0.0627236 0.0593512 0.0554116 0.0512087 0.0469691 0.0428386 0.0388727 0.0350213 0.031134 0.0270183 0.0225563 0.0178238 0.0131227
 0.00685387 0.0112293 0.017079 0.0244048 0.0329936 0.0422726 0.051286 0.0589368 0.0643857 0.0673133 0.0678828 0.0665189 0.0637093 0.0599114 0.0555211 0.0508592 0.0461646 0.0415924 0.0372108 0.0329957 0.0288403 0.0246066 0.0202182 0.0157527 0.0114608
 0.00706743 0.011581 0.0176166 0.025176 0.0340364 0.0436007 0.0528729 0.0607084 0.0662294 0.0690978 0.0694803 0.0678218 0.0646392 0.060421 0.0555903 0.0504883 0.0453661 0.040388 0.0356342 0.0311029 0.0267242 0.0224042 0.0180994 0.0138858 0.00996762
 0.00728744 0.0119395 0.0181577 0.0259407 0.0350545 0.0448775 0.054376 0.0623634 0.0679296 0.0707245 0.0709212 0.068983 0.0654506 0.0608376 0.0555921 0.0500764 0.044558 0.0392124 0.034132 0.0293342 0.0247787 0.0204061 0.0161975 0.0122234 0.00864587
 0.00745458 0.0122157 0.0185814 0.0265503 0.0358802 0.0459289 0.0556293 0.0637573 0.0693745 0.0721193 0.0721704 0.0700061 0.066186 0.061243 0.0556432 0.0497662 0.0438948 0.0382189 0.0328462 0.0278137 0.0231073 0.0186955 0.0145762 0.0108125 0.00752833
 0.00754005 0.0123565 0.0187976 0.0268634 0.0363113 0.0464942 0.0563341 0.0645906 0.0703064 0.0731028 0.0731449 0.0709039 0.0669393 0.0617909 0.0559378 0.049775 0.0436022 0.0376272 0.0319779 0.0267148 0.0218505 0.0173786 0.0133111 0.00970312 0.00664586
 0.00759081 0.0124348 0.0189082 0.0270094 0.0364958 0.0467226 0.0566147 0.064934 0.0707222 0.0735948 0.0737059 0.0715107 0.0675514 0.0623536 0.0563892 0.0500556 0.0436641 0.0374419 0.031541 0.0260507 0.0210138 0.0164508 0.0123883 0.00887632 0.0059793
 0.00764903 0.0125212 0.0190227 0.0271466 0.0366467 0.0468775 0.0567669 0.0650822 0.0708724 0.0737605 0.0739053 0.0717602 0.067856 0.0626997 0.056742 0.0503635 0.0438685 0.0374901 0.0313991 0.0257134 0.0205091 0.0158374 0.011744 0.00827896 0.00548707
 0.0077382 0.0126579 0.0192126 0.0273881 0.0369298 0.0471837 0.0570699 0.0653511 0.0710796 0.0738913 0.0739643 0.0717698 0.0678485 0.0627047 0.0567748 0.0504174 0.0439151 0.0374868 0.0313031 0.0254971 0.0201721 0.0154101 0.0112796 0.00783753 0.00511675
 0.00776389 0.0127006 0.0192782 0.0274821 0.0370556 0.0473399 0.0572476 0.0655346 0.071249 0.0740282 0.0740568 0.0718168 0.0678598 0.0626981 0.0567698 0.0504266 0.0439366 0.0375019 0.0312813 0.0254084 0.020001 0.0151644 0.01099 0.00754623 0.00486252
 0.00782884 0.0127955 0.0194014 0.0276257 0.0372082 0.0474913 0.0573915 0.0656681 0.0713696 0.0741309 0.0741339 0.0718599 0.0678642 0.0626661 0.0567114 0.0503561 0.0438661 0.0374345 0.0312083 0.0253133 0.0198688 0.0149918 0.0107897 0.00734286 0.00468206
 0.00785431 0.0128419 0.0194799 0.0277478 0.0373806 0.0477094 0.0576354 0.0659056 0.0715671 0.0742652 0.0741988 0.0718633 0.0678199 0.0625874 0.0566084 0.0502379 0.0437414 0.0373102 0.0310867 0.0251903 0.0197374 0.014848 0.0106374 0.00719403 0.00455146
 0.00786252 0.0128482 0.0194769 0.0277265 0.0373354 0.0476439 0.057566 0.065857 0.0715614 0.0743111 0.0742877 0.0719746 0.0679317 0.0626842 0.0566831 0.0502891 0.0437709 0.0373202 0.0310787 0.0251647 0.0196932 0.0147855 0.0105608 0.00711203 0.00447485
 0.00788313 0.0128766 0.0195099 0.0277569 0.0373527 0.047637 0.0575264 0.0657835 0.0714634 0.0742091 0.0742072 0.0719372 0.0679459 0.0627426 0.0567681 0.0503808 0.0438536 0.037385 0.0311217 0.0251849 0.0196913 0.0147636 0.0105236 0.00706662 0.00442939
 0.00789281 0.0128899 0.0195254 0.0277711 0.0373606 0.0476326 0.0575041 0.0657385 0.0713942 0.0741193 0.0741078 0.0718455 0.0678816 0.0627212 0.0567944 0.0504474 0.0439442 0.0374807 0.031207 0.0252498 0.0197318 0.0147804 0.0105208 0.00705084 0.00440795
 0.0079052 0.0129069 0.019545 0.0277895 0.0373726 0.0476334 0.0574901 0.0657083 0.071348 0.074059 0.0740368 0.0717701 0.0678112 0.0626674 0.0567683 0.0504557 0.0439857 0.0375463 0.0312824 0.0253208 0.0197878 0.0148167 0.0105379 0.00705321 0.00440163
 0.00790075 0.0128996 0.0195337 0.027773 0.0373494 0.0476022 0.0574501 0.0656598 0.071293 0.0740008 0.0739803 0.0717203 0.0677726 0.062644 0.0567638 0.0504734 0.0440269 0.0376085 0.0313584 0.0253999 0.0198592 0.0148724 0.0105751 0.00707341 0.00440948
 0.00788389 0.0128717 0.019491 0.027712 0.0372685 0.0475027 0.057338 0.0655452 0.0711879 0.0739161 0.073923 0.0716931 0.0677747 0.0626724 0.0568149 0.0505434 0.0441125 0.0377057 0.0314621 0.0255029 0.0199532 0.0149502 0.0106328 0.00711121 0.00443095
 0.00786453 0.0128371 0.0194334 0.0276226 0.0371403 0.0473346 0.0571379 0.0653309 0.0709835 0.073746 0.0738066 0.0716408 0.0677877 0.0627436 0.0569321 0.0506922 0.0442792 0.0378788 0.0316318 0.0256609 0.0200922 0.0150645 0.0107194 0.00717113 0.00446827
 0.00784193 0.0127995 0.0193751 0.0275376 0.0370232 0.0471823 0.0569522 0.0651204 0.0707637 0.0735381 0.0736339 0.0715246 0.0677423 0.0627736 0.0570313 0.0508466 0.0444702 0.0380872 0.0318404 0.025856 0.0202634 0.0152053 0.0108271 0.00724696 0.00451698
 0.00785111 0.0128085 0.0193776 0.027524 0.0369826 0.0471065 0.0568388 0.0649737 0.0705937 0.0733585 0.07346 0.0713731 0.0676296 0.0627138 0.0570329 0.0509097 0.0445864 0.0382413 0.0320141 0.026031 0.0204247 0.0153423 0.0109344 0.00732409 0.00456761
 0.00781868 0.0127619 0.0193185 0.0274569 0.0369125 0.0470354 0.056764 0.0648891 0.0704943 0.0732443 0.0733383 0.0712569 0.0675343 0.0626534 0.0570179 0.0509455 0.044672 0.0383689 0.03217 0.0261981 0.020586 0.015484 0.0110482 0.00740753 0.0046233
 0.00776946 0.0126804 0.0191939 0.0272802 0.0366808 0.0467572 0.0564622 0.0645983 0.0702505 0.073073 0.0732483 0.0712416 0.0675802 0.0627475 0.0571514 0.0511129 0.0448688 0.0385885 0.0324024 0.0264297 0.0208017 0.0156707 0.0111972 0.00751677 0.00469638
 0.00775097 0.0126452 0.0191313 0.0271768 0.0365238 0.0465394 0.0561877 0.0642852 0.0699299 0.0727828 0.0730246 0.0711099 0.0675498 0.0628114 0.0572914 0.0513076 0.0450989 0.0388386 0.0326592 0.0266804 0.0210332 0.015871 0.0113582 0.00763584 0.00477683
 0.00934407 0.0148758 0.0218245 0.0299473 0.0388871 0.0480896 0.0567386 0.063899 0.0688378 0.071269 0.0713392 0.0694352 0.0660015 0.0614535 0.0561495 0.0503802 0.0443683 0.0382798 0.0322462 0.0263885 0.0208387 0.0157509 0.0112908 0.00760238 0.00476269
 0.0093449 0.0151696 0.0227817 0.0320258 0.0424322 0.0530646 0.0625538 0.0695064 0.0731013 0.0734104 0.0711949 0.0674007 0.0627595 0.0576836 0.0523591 0.0468722 0.0412864 0.03567 0.0301034 0.0246834 0.01953 0.0147892 0.0106202 0.00716265 0.00449408
 0.00898494 0.0146076 0.0220009 0.0310824 0.0415078 0.0524987 0.0628019 0.0709772 0.075912 0.0772047 0.0751883 0.0706757 0.0646473 0.0579951 0.051356 0.0450522 0.0391489 0.0335796 0.0282641 0.0231759 0.0183614 0.0139292 0.0100214 0.006771 0.0042554
 0.00880569 0.0143048 0.0215251 0.0303849 0.0405598 0.0513266 0.0615292 0.0698513 0.0752797 0.0774152 0.0764358 0.0728563 0.0673299 0.0605622 0.0532512 0.0459917 0.0391766 0.0329656 0.0273411 0.0222143 0.0175223 0.0132768 0.00955742 0.00646616 0.00407024
 0.00873007 0.0141735 0.0213111 0.0300556 0.0400813 0.0506737 0.0607005 0.0688869 0.0742791 0.076547 0.0759221 0.0729165 0.0680846 0.0619431 0.0549826 0.0476795 0.0404673 0.0336799 0.0275071 0.0220008 0.0171332 0.0128714 0.00922311 0.00622913 0.00392095
 0.00869798 0.01412 0.0212275 0.0299306 0.0399013 0.0504226 0.0603623 0.06845 0.0737449 0.075942 0.0753125 0.0724142 0.0678324 0.0620686 0.0555333 0.0485749 0.0415084 0.0346254 0.0281739 0.0223278 0.0171762 0.0127461 0.00904154 0.00606403 0.00380161
 0.0086974 0.0141175 0.0212203 0.0299148 0.0398709 0.0503703 0.0602786 0.0683235 0.0735631 0.0756943 0.0749982 0.0720535 0.0674765 0.0617991 0.0554418 0.0487237 0.0418908 0.0351536 0.0287114 0.0227494 0.0174188 0.0128205 0.00900579 0.00598367 0.00372263
 0.0086782 0.0140869 0.0211755 0.0298537 0.0397928 0.0502761 0.0601715 0.0682081 0.0734433 0.0755708 0.0748674 0.0719104 0.0673221 0.0616491 0.0553315 0.0487007 0.0419939 0.0353873 0.0290335 0.0230851 0.0176944 0.0129953 0.00908177 0.00599151 0.00369899
 0.00868191 0.0140914 0.0211796 0.0298549 0.039788 0.0502623 0.0601462 0.06817 0.0733922 0.0755072 0.074792 0.0718232 0.0672232 0.0615415 0.0552255 0.0486168 0.0419596 0.035425 0.0291464 0.0232498 0.0178693 0.0131399 0.00917427 0.00603333 0.00370647
 0.00866119 0.0140631 0.0211466 0.0298232 0.0397641 0.0502504 0.0601461 0.0681766 0.0733981 0.0755054 0.074778 0.0717956 0.0671824 0.0614897 0.0551669 0.0485597 0.0419172 0.035413 0.0291759 0.0233201 0.017965 0.0132373 0.00925238 0.00608258 0.00372946
 0.00866177 0.0140603 0.0211359 0.0297991 0.0397226 0.0501926 0.06008 0.0681154 0.0733547 0.0754869 0.0747823 0.0718134 0.0672025 0.061503 0.0551693 0.0485527 0.0419069 0.0354092 0.0291884 0.0233542 0.018018 0.0132991 0.00930977 0.00612592 0.00375589
 0.00864857 0.0140435 0.021119 0.0297872 0.0397203 0.0502004 0.0600928 0.0681248 0.0733531 0.0754726 0.0747602 0.0717917 0.067187 0.0614946 0.0551646 0.0485472 0.0418991 0.0354014 0.029186 0.0233625 0.0180391 0.0133297 0.00934316 0.00615508 0.00377669
 0.00862035 0.0139985 0.0210533 0.0296989 0.0396114 0.0500785 0.0599715 0.0680211 0.0732823 0.0754422 0.0747685 0.0718304 0.0672462 0.0615662 0.0552425 0.0486262 0.0419743 0.0354695 0.0292463 0.0234164 0.0180885 0.0133753 0.00938351 0.00618781 0.00380027
 0.00862475 0.0140021 0.021052 0.0296868 0.0395819 0.0500269 0.0598979 0.0679315 0.0731879 0.0753572 0.0747059 0.0717985 0.0672465 0.0615941 0.05529 0.0486846 0.0420365 0.0355302 0.0293024 0.0234666 0.0181328 0.0134138 0.00941608 0.00621378 0.00381923
 0.00862163 0.0139986 0.0210496 0.0296871 0.0395853 0.0500314 0.0598981 0.0679198 0.0731582 0.0753081 0.0746431 0.0717332 0.0671919 0.0615603 0.0552813 0.0486992 0.0420685 0.0355721 0.0293475 0.0235103 0.0181723 0.0134478 0.00944407 0.00623555 0.00383495
 0.00862163 0.0139986 0.0210496 0.0296871 0.0395853 0.0500314 0.0598981 0.0679198 0.0731582 0.0753081 0.0746431 0.0717332 0.0671919 0.0615603 0.0552813 0.0486992 0.0420685 0.0355721 0.0293475 0.0235103 0.0181723 0.0134478 0.00944407 0.00623555 0.00383495
 0.00881118 0.0142968 0.0214783 0.0302564 0.0402876 0.050834 0.0607375 0.0687058 0.0737904 0.0757011 0.0747489 0.0715507 0.0667627 0.0609545 0.0545797 0.0479771 0.0413842 0.0349634 0.0288332 0.0230954 0.0178526 0.0132135 0.00928204 0.00613075 0.00377213
 0.0088993 0.0144577 0.0217521 0.0306884 0.0409144 0.0516619 0.0617248 0.0697598 0.0747857 0.0765101 0.0752703 0.0717274 0.0665877 0.0604674 0.053856 0.0471113 0.0404722 0.0340867 0.0280498 0.0224379 0.017332 0.0128247 0.00900876 0.00595122 0.00366269
#pred catch len freq
 0.00340255 0.00543301 0.00802756 0.0111777 0.0149044 0.019233 0.0241298 0.029462 0.0350134 0.0405259 0.0457394 0.0504288 0.0544357 0.0576807 0.0601471 0.0618522 0.0628233 0.0630736 0.0625561 0.0610964 0.0583518 0.0538924 0.0474459 0.0392046 0.0299628
 0.00369188 0.00584176 0.00853314 0.0117322 0.0154632 0.0197917 0.0247393 0.0302023 0.0359307 0.041572 0.0467557 0.0511923 0.0547469 0.0574465 0.0594208 0.060814 0.0617119 0.0620956 0.0618125 0.0605577 0.0578979 0.0533936 0.0468394 0.0385216 0.0292957
 0.00385696 0.00612752 0.00899135 0.0124114 0.0163863 0.0209302 0.0260036 0.031467 0.0370896 0.0425828 0.0476337 0.0519518 0.0553374 0.0577444 0.0592892 0.0601908 0.0606607 0.0607845 0.0604361 0.0592542 0.0567124 0.0523036 0.0458153 0.0375717 0.0284674
 0.00406619 0.00645144 0.00945315 0.0130336 0.0172003 0.0219811 0.0273373 0.0330953 0.0389489 0.0445193 0.0494368 0.0534232 0.0563489 0.0582448 0.0592677 0.0596448 0.0596034 0.059279 0.0586106 0.0572755 0.0547365 0.0504435 0.0441435 0.0361398 0.0273153
 0.00428598 0.00680115 0.00996578 0.0137366 0.0181138 0.0231163 0.0286949 0.0346659 0.0407122 0.0464344 0.0514205 0.055331 0.0579845 0.0594035 0.0597921 0.0594585 0.058711 0.0577506 0.0565707 0.0548939 0.0522113 0.047973 0.0418979 0.0342424 0.0258324
 0.00452004 0.00717107 0.0105046 0.0144729 0.0190728 0.0243184 0.0301485 0.0363564 0.0425943 0.048432 0.0534345 0.0572472 0.0596758 0.0607283 0.0606001 0.0596126 0.0581214 0.0564038 0.0545425 0.0523447 0.0493659 0.0450881 0.0392198 0.0319638 0.0240603
 0.00473283 0.0075122 0.0110105 0.0151782 0.0200094 0.0255111 0.0316074 0.038067 0.0445117 0.0504796 0.0555073 0.0592201 0.0614156 0.0621043 0.0614897 0.0599032 0.0577184 0.0552524 0.052657 0.0498334 0.0464347 0.0420142 0.0362983 0.0294429 0.0220887
 0.00494872 0.00785391 0.0115093 0.0158622 0.0209047 0.0266417 0.0329887 0.0396956 0.0463544 0.0524678 0.0575387 0.0611684 0.0631453 0.0634852 0.0624051 0.0602525 0.0574183 0.0542451 0.0509332 0.0474621 0.0435853 0.0389483 0.0333223 0.0268347 0.0200284
 0.00524766 0.00831387 0.0121547 0.0167028 0.0219411 0.0278718 0.0344082 0.041292 0.0480981 0.054305 0.0593893 0.0629295 0.0647005 0.0647164 0.0632037 0.0605252 0.0570896 0.0532628 0.0492827 0.0451936 0.0408394 0.0359603 0.0303862 0.0242322 0.0179536
 0.00555005 0.00879532 0.0128605 0.0176686 0.0231874 0.0293951 0.0361712 0.0432204 0.0500903 0.0562505 0.0611854 0.0644891 0.0659506 0.0655942 0.0636522 0.0604909 0.0565231 0.052125 0.0475608 0.0429267 0.0381459 0.0330472 0.0275223 0.0216844 0.0159129
 0.0058647 0.0092935 0.0135876 0.0186639 0.0244841 0.031016 0.0381154 0.0454438 0.052491 0.058669 0.0634262 0.0663591 0.0673002 0.0663416 0.0637801 0.0600228 0.0554949 0.0505686 0.0455087 0.0404359 0.0353288 0.030088 0.0246601 0.019159 0.0138972
 0.00619167 0.00979763 0.0142972 0.0195929 0.0256375 0.0323972 0.0397257 0.0472721 0.0544985 0.0607757 0.0655047 0.0682432 0.0688104 0.0673208 0.0641274 0.0597074 0.0545459 0.0490511 0.0435041 0.0380408 0.0326705 0.0273395 0.0220306 0.0168541 0.0120633
 0.00655999 0.0103676 0.0151018 0.0206449 0.0269308 0.0339084 0.0414131 0.0490748 0.0563402 0.0625731 0.0671733 0.0696966 0.0699561 0.0680624 0.0643759 0.0593999 0.0536623 0.0476201 0.0415981 0.0357683 0.0301738 0.0247922 0.0196247 0.0147667 0.0104147
 0.00688041 0.010883 0.0158674 0.0217089 0.0283254 0.0356357 0.0434276 0.0512744 0.0585744 0.0646684 0.0689653 0.0710573 0.0708085 0.0683786 0.0641623 0.0586793 0.0524648 0.0459858 0.0395881 0.0334754 0.0277272 0.0223524 0.0173639 0.0128362 0.00890917
 0.00720395 0.0113913 0.0166021 0.0227034 0.0296072 0.0372252 0.0453257 0.0534414 0.0609095 0.0670038 0.0710843 0.0727365 0.0718707 0.0687316 0.0638085 0.057694 0.0509597 0.0440787 0.0373906 0.0310987 0.025294 0.0200015 0.0152384 0.0110563 0.0075428
 0.00745738 0.011791 0.0171817 0.023489 0.0306174 0.0384688 0.0467961 0.0551093 0.062717 0.068861 0.072868 0.0742952 0.0730414 0.0693713 0.0638282 0.0570814 0.0497775 0.0424419 0.0354378 0.0289721 0.0231324 0.0179397 0.0133997 0.0095361 0.00638856
 0.00761503 0.0120414 0.0175487 0.0239941 0.0312796 0.0393029 0.0478076 0.0562856 0.064022 0.0702326 0.0742214 0.0755298 0.0740499 0.0700506 0.0640919 0.0568754 0.0490946 0.0413283 0.033987 0.0273093 0.0213962 0.0162656 0.0119053 0.0083054 0.00545971
 0.00752264 0.0119207 0.0174225 0.0239047 0.0312812 0.0394482 0.0481342 0.05681 0.0647379 0.071112 0.075215 0.0765684 0.0750484 0.0709153 0.0647312 0.0572114 0.0490761 0.0409426 0.0332669 0.0263313 0.0202691 0.0151113 0.010837 0.00740743 0.00477474
 0.00746983 0.0118282 0.017273 0.0236836 0.0309869 0.039105 0.0478005 0.056571 0.0646824 0.0713027 0.0756679 0.0772491 0.0758833 0.071808 0.0655778 0.0579131 0.0495504 0.0411353 0.0331626 0.0259585 0.0196966 0.0144343 0.0101556 0.00680455 0.00430007
 0.00747084 0.0118254 0.0172595 0.0236474 0.0309105 0.0389686 0.0475892 0.056287 0.0643581 0.0710049 0.0754847 0.0772604 0.076129 0.0722701 0.0661849 0.0585623 0.0501346 0.0415651 0.0333819 0.0259528 0.0194937 0.0140955 0.00975864 0.0064221 0.00398287
 0.00744927 0.0117905 0.0172071 0.0235727 0.0308084 0.0388328 0.0474133 0.0560663 0.0640939 0.0707108 0.0751937 0.0770267 0.0760182 0.072337 0.0664493 0.0589941 0.0506589 0.0420847 0.0338058 0.0262207 0.0195882 0.0140404 0.00960535 0.00623021 0.00380157
 0.00735991 0.0116522 0.0170122 0.0233192 0.0305007 0.0384824 0.0470393 0.0556948 0.0637536 0.0704282 0.074989 0.0769144 0.0760113 0.0724498 0.0666934 0.0593683 0.0511375 0.0426142 0.0343153 0.0266423 0.0198778 0.0141893 0.00963754 0.0061882 0.00372903
 0.00726383 0.0114988 0.0167863 0.023008 0.0300953 0.0379814 0.0464548 0.0550573 0.0631139 0.0698517 0.0745441 0.0766579 0.0759751 0.0726359 0.0670777 0.0599095 0.0517844 0.0433086 0.0349945 0.0272455 0.0203583 0.0145254 0.00983684 0.00628075 0.00375402
 0.00723412 0.0114462 0.0166988 0.0228711 0.0298944 0.037706 0.046103 0.0546396 0.0626531 0.0693823 0.0741095 0.0763063 0.0757521 0.072575 0.0671924 0.0601896 0.0521983 0.0438094 0.0355273 0.0277548 0.0207968 0.014863 0.0100656 0.00641386 0.0038175
 0.00729203 0.0115185 0.0167666 0.0229007 0.0298438 0.037536 0.0457894 0.0541819 0.0620782 0.0687425 0.0734756 0.0757554 0.0753524 0.0723736 0.0672078 0.0604114 0.0525911 0.0443202 0.0360936 0.0283143 0.0212965 0.015267 0.0103597 0.00660499 0.00392688
 0.00742635 0.0117233 0.017048 0.023252 0.0302425 0.0379423 0.0461469 0.0544235 0.062141 0.0685872 0.0731026 0.0752085 0.0747098 0.0717289 0.066649 0.0600033 0.0523651 0.0442727 0.0361922 0.0285089 0.0215318 0.0154949 0.0105479 0.00674001 0.00401131
 0.00736021 0.0116392 0.0169647 0.0232016 0.0302614 0.0380567 0.0463589 0.0547049 0.0624373 0.0688302 0.0732282 0.0751752 0.074513 0.0714049 0.066265 0.0596372 0.0520837 0.0441155 0.0361654 0.0285897 0.0216795 0.0156653 0.010705 0.00686287 0.00409454
 0.00723463 0.0114483 0.0167038 0.0228797 0.0299043 0.037708 0.046077 0.0545517 0.0624578 0.0690304 0.0735655 0.0755687 0.0748714 0.0716576 0.0663837 0.0596394 0.0520195 0.0440442 0.0361338 0.0286187 0.0217634 0.0157808 0.0108244 0.00696472 0.00416876
