SBPRF35
12.7214
Curr Bio
882808
B35
864170
F35
0.170007
FOFL
0.170007
OFL
120965
Bzero
3.63469e+006
#pred survey bio
 2.98481e+006 2.77564e+006 2.54848e+006 2.35472e+006 2.12102e+006 1.87831e+006 1.65676e+006 1.4537e+006 1.29599e+006 1.15706e+006 1.02514e+006 887778 781568 726790 675445 655469 629276 596604 585290 569982 563511 554931 552915 548099 547126 544895 551683 556999 560477 569002 587390 594085 606892 632822 642454 644815 660886 663683 679504 683432 685489 683066 684155 694143 691911 690763 687144 736579 780463 807110 848443 869791 888202 2.0147e+007 1.81016e+007 1.81338e+007 1.87983e+007 1.99083e+007 2.12168e+007 2.25316e+007 2.37349e+007 2.47716e+007 2.56287e+007 2.63173e+007 2.68596e+007 2.72809e+007 2.76054e+007 2.78539e+007 2.80439e+007 2.81889e+007 2.82999e+007 2.8385e+007 2.84505e+007 2.85011e+007 2.85404e+007 2.85711e+007 2.85951e+007 2.86139e+007 2.86289e+007 2.86407e+007 2.86501e+007 2.86575e+007 2.86635e+007 2.86683e+007 2.86722e+007 2.86754e+007 2.86779e+007 2.86799e+007 2.86816e+007 2.8683e+007 2.86841e+007 2.8685e+007 2.86857e+007 2.86863e+007 2.86868e+007 2.86872e+007 2.86875e+007 2.86877e+007 2.8688e+007 2.86881e+007 2.86883e+007 2.86884e+007 2.86885e+007 2.86886e+007 2.86886e+007 2.86887e+007 2.86887e+007 2.86888e+007 2.86888e+007 2.86888e+007 2.86889e+007 2.86889e+007 2.86889e+007 2.86889e+007 2.86889e+007 2.86889e+007 2.86889e+007 2.86889e+007 2.86889e+007 2.86889e+007 2.86889e+007 2.86889e+007 2.86889e+007 2.86889e+007 2.86889e+007 2.86889e+007 2.86889e+007 2.86889e+007 2.86889e+007 2.86889e+007 2.86889e+007 2.86889e+007 2.86889e+007 2.86889e+007 2.86889e+007 2.86889e+007 2.86889e+007 2.86889e+007 2.86889e+007 2.86889e+007 2.86889e+007 2.86889e+007 2.86889e+007 2.86889e+007 2.86889e+007 2.86889e+007 2.86889e+007 2.86889e+007 2.86889e+007 2.86889e+007 2.86889e+007 2.86889e+007 2.86889e+007 0 0 0 0 0 0 0 0 0 0 0 0 0 0 0 0 0 0 0 0 0 0 0 0 0
#obs survey bio
 2.31506e+006 2.08192e+006 2.12837e+006 1.65976e+006 2.12314e+006 2.8455e+006 1.29967e+006 1.11707e+006 986504 968479 1.06195e+006 596600 773265 865744 718680 691362 472060 967680 567786 659892 498237 386442 465522 649510 502278 444723 563771 478764 480564 345644 481989 834167 508638 617485 672844 431346 929546 1.13308e+006 675165 590989 899261 721572 561425 983870 631074 762482 671387 797751 564414 752568 1.06091e+006 855870 835618
#pred catch bio
 247822 275760 258937 308582 327784 317149 307105 272101 259573 254696 256636 224244 175542 168422 138004 140486 141808 119914 120658 111182 111676 104946 105906 101047 100815 92431.7 93572.1 95414 92261.6 86212.4 98085.8 94247.7 85995 102730 110094 99367.1 110659 99103 109076 109532 111585 107302 100095 111509 111244 113932 71153.8 79709.5 96062.4 84274.3 101322 101678 123256 120965 118830 117784 120694 127139 135137 143202 150502 156677 161659 165544 168498 170699 172315 173487 174329 174930 175355 175656 175867 176014 176118 176190 176240 176275 176299 176316 176327 176335 176341 176344 176347 176349 176350 176351 176352 176352 176352 176352 176353 176353 176353 176353 176353 176353 176353 176353 176353 176353 176353 176353 176353 176353 176353 176353 176353 176353 176353 176353 176353 176353 176353 176353 176353 176353 176353 176353 176353 176353 176353 176353 176353 176353 176353 176353 176353 176353 176353 176353 176353 176353 176353 176353 176353 176353 176353 176353 176353 176353 176353 176353 176353 176353 176353 176353 176353 176353 176353 176353 176353 0 0 0 0 0 0 0 0 0 0 0 0 0 0 0 0 0 0 0 0 0 0 0 0 0
#obs catch bio
 233018 276526 259344 312017 331389 318486 308921 274148 262211 258621 260831 228409 178030 170767 138727 141222 143524 120199 121032 111095 112041 105758 106510 101031 100838 92527.1 93253.6 95006.9 92250.3 86293.7 98926.1 94296.8 86084.2 103409 111096 100305 111756 98788.3 109472 109957 111590 106620 99653.5 111116 111347 114701 70941.2 79853 96903.4 84466.8 101905 101730 123445
#pred cpue bio
 2.93623e+006 2.72844e+006 2.50267e+006 2.30901e+006 2.07621e+006 1.83521e+006 1.61545e+006 1.41396e+006 1.25724e+006 1.11936e+006 988958 853892 749757 696318 646640 627501 602220 570710 560097 545477 539263 530957 529161 524818 524198 522230 529024 534323 537595 545635 563296 569781 582220 607219 616350 618554 634366 637537 653308 657300 659590 657628 658788 668320 665849 664481 660820 709200 752513 778965 819799 841254 860083 1.95337e+007 1.75617e+007 1.74669e+007 1.79731e+007 1.90222e+007 2.03149e+007 2.16263e+007 2.2829e+007 2.38656e+007 2.47226e+007 2.54112e+007 2.59535e+007 2.63748e+007 2.66993e+007 2.69478e+007 2.71378e+007 2.72828e+007 2.73938e+007 2.74789e+007 2.75444e+007 2.7595e+007 2.76343e+007 2.7665e+007 2.7689e+007 2.77078e+007 2.77228e+007 2.77346e+007 2.7744e+007 2.77514e+007 2.77574e+007 2.77622e+007 2.77661e+007 2.77692e+007 2.77718e+007 2.77738e+007 2.77755e+007 2.77768e+007 2.77779e+007 2.77788e+007 2.77796e+007 2.77802e+007 2.77807e+007 2.77811e+007 2.77814e+007 2.77816e+007 2.77819e+007 2.7782e+007 2.77822e+007 2.77823e+007 2.77824e+007 2.77825e+007 2.77825e+007 2.77826e+007 2.77826e+007 2.77827e+007 2.77827e+007 2.77827e+007 2.77827e+007 2.77828e+007 2.77828e+007 2.77828e+007 2.77828e+007 2.77828e+007 2.77828e+007 2.77828e+007 2.77828e+007 2.77828e+007 2.77828e+007 2.77828e+007 2.77828e+007 2.77828e+007 2.77828e+007 2.77828e+007 2.77828e+007 2.77828e+007 2.77828e+007 2.77828e+007 2.77828e+007 2.77828e+007 2.77828e+007 2.77828e+007 2.77828e+007 2.77828e+007 2.77828e+007 2.77828e+007 2.77828e+007 2.77828e+007 2.77828e+007 2.77828e+007 2.77828e+007 2.77828e+007 2.77828e+007 2.77828e+007 2.77828e+007 2.77828e+007 2.77828e+007 2.77828e+007 2.77828e+007 2.77828e+007 2.77828e+007 0 0 0 0 0 0 0 0 0 0 0 0 0 0 0 0 0 0 0 0 0 0 0 0 0
#obs cpue bio
 3.55452e+006 3.56104e+006 2.21238e+006 1.62621e+006 2.10319e+006 1.86923e+006 1.81067e+006 1.35359e+006 1.2757e+006 865448 869122 874623 581982 571944 677973 611137 527145 461481 594598 541827 489807 477787 708155 603717 592442 536307 780465 719057 463030 688243 446294 674884 504796 484775 469054 569481 535058 787953 437932 667653 709538 1.09983e+006 645442 536761 472432 498889 707480 559002 652898 852312 691627 1.08561e+006 1.16069e+006
#pred surv len freq
 0.00548354 0.00887279 0.0132946 0.0187028 0.0249428 0.0316703 0.0383199 0.0442366 0.0489177 0.0521808 0.0541411 0.0550671 0.0552481 0.0549287 0.05429 0.0534511 0.0524806 0.0514021 0.0501699 0.0486081 0.0463665 0.0429811 0.0380905 0.0317204 0.0244329
 0.00581326 0.00932574 0.0138281 0.01924 0.0254125 0.0320609 0.0387077 0.0447584 0.0496945 0.0532362 0.0553686 0.0562673 0.0562113 0.0555137 0.0544615 0.0532657 0.0520375 0.0507858 0.0494103 0.0476801 0.0452293 0.0416362 0.0366188 0.0302707 0.0231658
 0.00617503 0.00991397 0.0147073 0.0204537 0.0269565 0.0338539 0.0405835 0.0465035 0.0511286 0.0542874 0.0560864 0.0567575 0.0565436 0.0556719 0.0543651 0.0528345 0.0512446 0.0496637 0.0480203 0.0460785 0.0434616 0.0397615 0.0347374 0.0285219 0.0216882
 0.00635115 0.010219 0.0152024 0.0212109 0.0280461 0.0353198 0.0424113 0.0485964 0.0533065 0.0563202 0.0577551 0.0579206 0.05717 0.0558186 0.0541156 0.0522435 0.0503249 0.0484128 0.0464526 0.0442408 0.0414325 0.0376488 0.0326756 0.0266577 0.020147
 0.00652472 0.0105102 0.0156589 0.021887 0.0289968 0.0365889 0.0440152 0.0505092 0.0554501 0.058561 0.0599096 0.0597783 0.0585363 0.0565637 0.0542028 0.0517178 0.0492718 0.046918 0.0445887 0.0420811 0.0390743 0.0352264 0.0303526 0.0245987 0.018478
 0.00681794 0.0109673 0.0163114 0.0227542 0.0300877 0.0379031 0.0455408 0.0522179 0.0572947 0.0604734 0.0617989 0.0615265 0.0600004 0.0575914 0.0546626 0.0515317 0.0484325 0.0454815 0.0426528 0.0397685 0.0365296 0.0326201 0.0278734 0.022425 0.0167369
 0.00718601 0.011545 0.0171419 0.0238621 0.0314734 0.0395369 0.0473571 0.054119 0.0591694 0.0622236 0.0633558 0.0628469 0.061047 0.0583116 0.0549809 0.0513615 0.0477033 0.0441676 0.0407911 0.0374608 0.0339347 0.0299384 0.0253216 0.0201981 0.0149664
 0.00757681 0.0121671 0.0180526 0.025104 0.0330642 0.0414551 0.0495271 0.0564088 0.0614102 0.0642458 0.0650242 0.0640812 0.0618204 0.0586333 0.0548686 0.0508187 0.0467122 0.0427046 0.0388574 0.0351129 0.0313012 0.0272118 0.0227259 0.0179381 0.0131777
 0.00788448 0.0126592 0.0187787 0.0261053 0.0343676 0.0430619 0.0513993 0.0584612 0.0635162 0.0662557 0.0667887 0.0654734 0.0627525 0.0590646 0.0548006 0.0502779 0.0457283 0.0412993 0.0370527 0.0329561 0.0288924 0.0247125 0.0203367 0.0158511 0.0115239
 0.00807001 0.0129764 0.0192846 0.0268625 0.0354301 0.0444534 0.0530927 0.0603722 0.0655171 0.0682012 0.0685392 0.0669082 0.063777 0.0596148 0.0548476 0.0498261 0.0448077 0.0399537 0.0353337 0.0309313 0.0266615 0.0224186 0.0181542 0.0139485 0.0100176
 0.00821369 0.0132201 0.0196711 0.0274407 0.0362483 0.0455459 0.0544633 0.0619821 0.0672826 0.0700024 0.0702369 0.0683642 0.0648742 0.060271 0.0550196 0.0495068 0.0440191 0.0387394 0.0337551 0.0290691 0.0246226 0.0203397 0.0161909 0.0122463 0.00867494
 0.00845427 0.0136064 0.0202436 0.0282341 0.0372856 0.0468287 0.0559614 0.0636288 0.0689815 0.0716424 0.0717069 0.0695634 0.0657186 0.0606994 0.0549986 0.0490324 0.0431139 0.0374485 0.032143 0.0272204 0.022645 0.018363 0.0143552 0.010676 0.00744907
 0.00860783 0.0138575 0.0206245 0.0287762 0.0380138 0.047753 0.0570667 0.0648704 0.0702901 0.0729358 0.0729012 0.0705811 0.0664921 0.0611735 0.0551326 0.048803 0.0425182 0.0365068 0.0309002 0.0257476 0.0210391 0.016742 0.0128439 0.00938249 0.00644037
 0.00856688 0.0137913 0.0205272 0.0286474 0.0378646 0.0476126 0.0569856 0.0649143 0.0705225 0.0733958 0.0735874 0.0714467 0.0674538 0.0621264 0.0559678 0.049423 0.0428493 0.0365081 0.0305691 0.0251216 0.0201933 0.0157796 0.0118795 0.00851907 0.00574742
 0.00872134 0.0140103 0.0207969 0.0289342 0.0381237 0.0478036 0.0570872 0.0649317 0.0704879 0.0733615 0.0736131 0.0715822 0.0677212 0.0625089 0.0564104 0.0498446 0.0431615 0.0366351 0.0304646 0.0247795 0.0196505 0.0151096 0.011175 0.00786936 0.00521617
 0.00873829 0.0140327 0.0208203 0.0289487 0.0381134 0.0477485 0.0569668 0.0647341 0.0702201 0.0730579 0.0733351 0.0714051 0.0677114 0.0627014 0.0567943 0.0503624 0.0437224 0.0371365 0.0308176 0.0249297 0.0195902 0.0148764 0.010838 0.00750669 0.00489214
 0.00866203 0.0139386 0.0207333 0.0289081 0.0381599 0.0479033 0.0572157 0.0650259 0.070483 0.0732256 0.0733705 0.0713137 0.0675395 0.0625204 0.0566752 0.0503497 0.0438175 0.0372981 0.0309784 0.0250225 0.0195727 0.0147444 0.0106228 0.00725877 0.00466057
 0.00871583 0.01401 0.0208125 0.0289806 0.0382161 0.0479498 0.0572799 0.0651448 0.0706797 0.0734872 0.0736439 0.0715259 0.0676312 0.0624735 0.0565196 0.0501461 0.0436281 0.0371597 0.0308906 0.0249563 0.0194906 0.0146226 0.010462 0.00708044 0.00449322
 0.00875906 0.0140565 0.0208385 0.0289491 0.0380866 0.0476953 0.0569033 0.0646873 0.0702159 0.0731069 0.073425 0.0715075 0.0677994 0.0627694 0.0568669 0.0504829 0.0439243 0.0374123 0.0311061 0.0251344 0.0196212 0.0146947 0.0104746 0.00704685 0.00443589
 0.00886767 0.0142239 0.0210715 0.0292432 0.0384213 0.0480306 0.0571808 0.0648411 0.0701945 0.0728977 0.0730669 0.071081 0.0673975 0.0624639 0.0566863 0.0504137 0.0439288 0.0374518 0.0311538 0.0251757 0.0196478 0.0147006 0.0104577 0.00701113 0.00439096
 0.00888656 0.014255 0.0211191 0.0293117 0.0385141 0.0481481 0.0573167 0.064979 0.0703068 0.0729501 0.0730298 0.0709445 0.0671814 0.0622153 0.0564627 0.0502602 0.0438625 0.0374611 0.0312104 0.0252492 0.019715 0.0147481 0.010481 0.00701301 0.00437863
 0.00883006 0.014181 0.0210407 0.029252 0.0384998 0.0481991 0.0574379 0.0651575 0.0705162 0.0731571 0.0731998 0.0710469 0.067196 0.0621398 0.0563173 0.0500828 0.0436959 0.0373369 0.0311398 0.0252242 0.0197174 0.0147594 0.0104888 0.00701258 0.00437108
 0.00869948 0.0139785 0.0207556 0.0288846 0.0380659 0.0477331 0.0569934 0.0648 0.0703057 0.0731279 0.0733483 0.0713337 0.0675608 0.0625202 0.0566647 0.0503717 0.0439243 0.0375194 0.0312949 0.025364 0.0198437 0.0148668 0.0105715 0.00706846 0.00440348
 0.00868675 0.0139446 0.0206804 0.0287419 0.0378312 0.0473954 0.0565667 0.0643268 0.0698503 0.0727612 0.0731294 0.0712948 0.0676987 0.0627985 0.0570263 0.0507565 0.0442854 0.0378313 0.031552 0.0255723 0.0200116 0.0149998 0.0106719 0.00713862 0.00444763
 0.00869699 0.0139528 0.0206764 0.028709 0.0377474 0.0472384 0.0563197 0.0639862 0.0694328 0.072307 0.0726995 0.070958 0.0675133 0.0627944 0.0571962 0.0510599 0.0446636 0.0382256 0.0319183 0.0258859 0.0202646 0.0151942 0.010814 0.00723624 0.00450971
 0.00868588 0.0139398 0.0206657 0.0287059 0.0377546 0.0472508 0.0563213 0.0639517 0.0693352 0.0721295 0.0724452 0.0706552 0.0672112 0.0625509 0.0570602 0.051056 0.0447849 0.0384386 0.0321767 0.0261463 0.020496 0.0153812 0.0109534 0.00733261 0.00457124
 0.00869586 0.0139377 0.0206297 0.0286067 0.0375662 0.0469654 0.0559593 0.0635593 0.0689672 0.0718284 0.0722291 0.0705198 0.0671438 0.0625443 0.0571187 0.0511907 0.0450021 0.0387301 0.0325167 0.0264979 0.0208227 0.0156561 0.0111645 0.00748094 0.00466666
 0.00880468 0.0140951 0.0208288 0.0288255 0.0377693 0.0471098 0.0560035 0.0634739 0.0687461 0.0714955 0.0718347 0.0701247 0.0667994 0.0622805 0.0569455 0.051107 0.0450044 0.0388124 0.0326666 0.0266936 0.021035 0.0158564 0.0113317 0.00760573 0.00475035
 0.00890845 0.0142596 0.0210674 0.0291447 0.0381633 0.0475548 0.0564531 0.063862 0.0690018 0.0715639 0.0716955 0.0697997 0.0663451 0.0617703 0.0564491 0.0506764 0.044669 0.0385825 0.0325382 0.0266517 0.0210569 0.0159152 0.0114024 0.00767011 0.0047993
 0.00895803 0.0143367 0.0211774 0.029291 0.0383481 0.0477783 0.0567115 0.0641432 0.0692811 0.0718035 0.0718505 0.0698306 0.0662327 0.0615251 0.0561101 0.0502994 0.04431 0.038284 0.0323228 0.0265224 0.0210015 0.0159128 0.0114295 0.00770701 0.00483288
 0.00875785 0.0140502 0.0208186 0.0288981 0.0379734 0.0474722 0.0565092 0.0640611 0.0693205 0.0719546 0.0720929 0.0701313 0.0665479 0.061809 0.0563279 0.0504384 0.0443819 0.0383168 0.0323474 0.0265609 0.0210615 0.0159891 0.0115102 0.00777953 0.00488943
 0.00881528 0.0141133 0.0208593 0.0288766 0.0378543 0.0472477 0.0562137 0.0637649 0.0691018 0.0718668 0.072146 0.0702959 0.0667738 0.0620439 0.0565297 0.0505806 0.044456 0.0383321 0.0323262 0.0265294 0.0210402 0.0159872 0.0115257 0.00780447 0.00491503
 0.0089646 0.0143279 0.0211283 0.0291675 0.0381168 0.0474235 0.0562507 0.0636333 0.0688093 0.0714654 0.0717214 0.0699387 0.0665464 0.0619617 0.0565646 0.0506811 0.044571 0.0384268 0.0323872 0.026561 0.0210556 0.0159992 0.0115409 0.00782321 0.004934
 0.00882994 0.0141466 0.0209241 0.0289827 0.0379969 0.0473935 0.0562977 0.0637079 0.0688467 0.0714157 0.0715735 0.0697269 0.0663363 0.061823 0.0565432 0.0507835 0.0447672 0.038668 0.032627 0.026769 0.0212204 0.0161228 0.0116311 0.00788767 0.0049786
 0.0087467 0.0140253 0.0207691 0.0288113 0.0378394 0.0472898 0.0562893 0.063823 0.0690834 0.0717305 0.0718886 0.0699577 0.0664278 0.0617725 0.0563967 0.0506095 0.0446243 0.0385847 0.032601 0.0267805 0.0212474 0.0161507 0.0116542 0.00790525 0.00499163
 0.00865502 0.013892 0.0205979 0.0286169 0.0376446 0.047121 0.0561726 0.0637829 0.0691394 0.0718913 0.0721421 0.0702657 0.0667307 0.0620078 0.0565235 0.0506244 0.044559 0.0384867 0.032511 0.026719 0.0212159 0.0161402 0.0116545 0.00790947 0.00499639
 0.00839553 0.013497 0.0200549 0.0279349 0.0368554 0.0462777 0.0553475 0.0630622 0.0686098 0.0716212 0.0721652 0.0705734 0.067274 0.062707 0.0572846 0.05136 0.045208 0.0390236 0.0329402 0.0270595 0.0214863 0.0163524 0.0118149 0.00802348 0.00507139
 0.00845552 0.0135553 0.0200709 0.0278489 0.0366067 0.0458327 0.0547229 0.0623278 0.0678695 0.0709826 0.0717138 0.0703593 0.0673095 0.0629692 0.0577213 0.0519001 0.0457763 0.0395572 0.0333996 0.0274308 0.0217738 0.0165684 0.0119721 0.00813285 0.00514288
 0.00839336 0.0134661 0.019956 0.0277111 0.036441 0.0456174 0.0544196 0.0618966 0.0672966 0.0703046 0.0710208 0.0697711 0.0669357 0.0628756 0.0579146 0.0523341 0.0463705 0.0402201 0.0340494 0.0280091 0.0222499 0.0169352 0.0122381 0.00831442 0.00525878
 0.0082532 0.013269 0.0197167 0.0274629 0.036227 0.0454738 0.0543598 0.0619029 0.0673223 0.0702878 0.0709087 0.0695463 0.066632 0.0625706 0.0577005 0.0522807 0.046501 0.0405079 0.0344348 0.0284229 0.0226344 0.017255 0.0124802 0.00848287 0.00536679
 0.00815678 0.0131095 0.0194735 0.0271205 0.0357848 0.0449579 0.0538287 0.0614379 0.0670008 0.0701506 0.0709417 0.0696888 0.0668079 0.0627251 0.0578232 0.0524028 0.0466706 0.0407595 0.0347698 0.0288101 0.0230258 0.0176054 0.0127614 0.00868652 0.00550059
 0.00831152 0.0133171 0.0197041 0.0273175 0.0358786 0.0448902 0.0535748 0.0610184 0.0664777 0.0696116 0.0704761 0.0693607 0.066638 0.0626901 0.0578752 0.0524986 0.0467914 0.040911 0.034965 0.0290504 0.0232932 0.0178692 0.0129914 0.00886464 0.00562354
 0.00845954 0.0135479 0.0200307 0.0277384 0.03637 0.0453988 0.0540176 0.0612969 0.066509 0.0693642 0.0699883 0.0687302 0.0659857 0.0621185 0.0574414 0.0522114 0.0466287 0.0408435 0.0349708 0.0291155 0.0234035 0.0180047 0.0131287 0.00898339 0.00571271
 0.00846574 0.0135677 0.0200786 0.0278341 0.0365335 0.0456412 0.0543312 0.0616477 0.066838 0.069598 0.0700601 0.068605 0.0656778 0.0616905 0.0569818 0.0518028 0.0463231 0.0406561 0.03489 0.0291179 0.0234634 0.0180976 0.0132319 0.00907844 0.00578795
 0.00849879 0.0136263 0.0201761 0.0279866 0.0367571 0.045947 0.0547188 0.0621007 0.0673215 0.0700595 0.0704348 0.068826 0.0656938 0.0614847 0.0565829 0.0512795 0.0457634 0.0401399 0.0344699 0.0288135 0.0232687 0.0179917 0.0131884 0.00907199 0.00579837
 0.00847257 0.0135931 0.0201438 0.0279698 0.0367749 0.0460187 0.0548595 0.0623179 0.0676122 0.0704079 0.07081 0.0691826 0.065977 0.0616413 0.0565771 0.0511075 0.0454578 0.0397611 0.0340861 0.0284803 0.0230166 0.0178253 0.0130941 0.00902836 0.00578434
 0.00850636 0.0136394 0.0201981 0.0280239 0.0368211 0.0460558 0.0548966 0.0623729 0.0677054 0.0705531 0.0710077 0.0694173 0.0662184 0.0618489 0.0567079 0.0511275 0.045354 0.0395485 0.0338049 0.0281829 0.0227499 0.017618 0.0129536 0.00894545 0.00574232
 0.00821442 0.0131808 0.0195391 0.0271473 0.0357337 0.0447974 0.0535496 0.0610623 0.0665815 0.0697607 0.0706526 0.0695434 0.0667995 0.0627962 0.0578902 0.0523985 0.0465815 0.0406365 0.0347038 0.0288862 0.0232799 0.0180084 0.013236 0.00914434 0.00587612
 0.00805014 0.0129132 0.0191355 0.0265771 0.034975 0.0438476 0.0524371 0.0598531 0.0653758 0.0686791 0.0698187 0.0690639 0.0667442 0.0631811 0.0586695 0.0534711 0.0478116 0.0418841 0.0358534 0.0298642 0.024058 0.0185934 0.0136543 0.0094291 0.00605969
 0.00793978 0.0127489 0.0189151 0.026305 0.0346559 0.0434786 0.0520044 0.0593377 0.0647669 0.0679899 0.0690965 0.0683889 0.0662165 0.0628978 0.0586979 0.0538272 0.0484522 0.0427161 0.0367594 0.0307336 0.0248109 0.0191904 0.0140923 0.00972817 0.00625006
 0.00770016 0.0123788 0.0183953 0.0256335 0.0338505 0.042578 0.0510677 0.0584366 0.0639695 0.0673424 0.068616 0.0680735 0.0660655 0.0629266 0.0589375 0.0543071 0.0491766 0.0436468 0.0378152 0.0318083 0.0258015 0.0200223 0.0147313 0.0101783 0.0065411
 0.00745252 0.0120072 0.0178936 0.0250159 0.0331465 0.0418244 0.0503031 0.0577014 0.0633058 0.0667901 0.0682053 0.0678191 0.0659668 0.0629761 0.0591329 0.0546574 0.0496955 0.0443352 0.0386439 0.0327132 0.0266963 0.0208232 0.0153805 0.0106552 0.00685872
 0.00703542 0.0113786 0.0170405 0.0239617 0.0319466 0.0405565 0.0490587 0.0565767 0.0623885 0.0661432 0.0678562 0.067761 0.0661694 0.063399 0.059736 0.0554076 0.0505691 0.0453131 0.0396998 0.0338021 0.0277528 0.021774 0.0161658 0.011246 0.00726165
#obs surv len freq
 0.00496104 0.00812614 0.0123606 0.0176784 0.0239546 0.030826 0.0376698 0.0437642 0.0485585 0.0518479 0.053746 0.0545333 0.0545274 0.0540261 0.0532926 0.0525435 0.0519263 0.0514769 0.0510569 0.0502965 0.048613 0.0453752 0.0402058 0.0332734 0.0253599
 0.00518185 0.00848732 0.0129081 0.018456 0.0249952 0.0321374 0.0392217 0.0454846 0.050345 0.0535884 0.0553357 0.0558818 0.0555566 0.0546676 0.0534875 0.0522488 0.0511239 0.0501837 0.0493319 0.0482434 0.0463764 0.0431284 0.038126 0.031508 0.0239948
 0.005406 0.00885396 0.0134643 0.0192474 0.0260581 0.0334856 0.040832 0.0472907 0.0522455 0.0554651 0.0570722 0.0573754 0.056723 0.0554386 0.0538076 0.0520723 0.0504177 0.0489388 0.047579 0.0460693 0.0439299 0.0406087 0.0357506 0.029466 0.0224023
 0.00564631 0.0092487 0.0140659 0.0201073 0.0272165 0.0349558 0.0425843 0.0492477 0.0542928 0.0574742 0.0589206 0.0589581 0.0579549 0.0562531 0.0541526 0.0519063 0.0497087 0.0476703 0.0457665 0.0437825 0.0413097 0.0378639 0.0331251 0.0271825 0.0206058
 0.0058927 0.00965257 0.01468 0.0209833 0.0283954 0.0364528 0.0443725 0.0512513 0.0563973 0.059547 0.0608325 0.0605969 0.0592306 0.0570978 0.0545167 0.0517524 0.0490085 0.046407 0.0439496 0.0414705 0.0386328 0.035028 0.0303827 0.0247739 0.0186952
 0.00612515 0.010033 0.0152574 0.0218055 0.0295005 0.0378557 0.0460501 0.053137 0.058389 0.0615255 0.0626794 0.0622053 0.06051 0.0579753 0.0549361 0.0516715 0.048396 0.0452446 0.0422425 0.039269 0.0360557 0.0322698 0.0276897 0.0223881 0.0167883
 0.00638181 0.010452 0.0158912 0.0227033 0.0306986 0.0393615 0.0478271 0.0551 0.0604179 0.0634895 0.064459 0.0637039 0.0616546 0.0587125 0.0552267 0.0514855 0.0477096 0.0440428 0.0405301 0.0370915 0.0335217 0.0295614 0.0250418 0.0200352 0.0149008
 0.00660599 0.0108237 0.016464 0.0235313 0.0318251 0.0408013 0.0495486 0.0570197 0.0624125 0.065421 0.0661994 0.0651493 0.0627307 0.0593718 0.0554423 0.0512428 0.0469994 0.0428603 0.0388845 0.0350252 0.031133 0.0270152 0.0225526 0.0178204 0.0131199
 0.00683781 0.0112014 0.0170341 0.0243382 0.032903 0.0421614 0.0511649 0.058822 0.0642939 0.0672556 0.0678619 0.0665308 0.0637477 0.0599703 0.0555956 0.0509442 0.0462538 0.0416789 0.0372891 0.0330624 0.0288949 0.0246499 0.0202518 0.0157778 0.0114786
 0.00707553 0.0115911 0.0176262 0.0251802 0.0340289 0.0435751 0.0528248 0.0606379 0.0661418 0.0690043 0.0693951 0.067758 0.0646051 0.060418 0.0556148 0.0505336 0.0454251 0.0404536 0.0356998 0.0311635 0.0267763 0.0224463 0.0181317 0.0139093 0.0099838
 0.0073019 0.0119639 0.0181957 0.0259955 0.0351266 0.0449629 0.054464 0.0624382 0.0679746 0.0707277 0.0708803 0.0689063 0.0653538 0.0607389 0.0555064 0.0500123 0.0445174 0.0391923 0.0341269 0.0293378 0.0247858 0.0204133 0.0162029 0.0122269 0.00864772
 0.00744643 0.0122063 0.0185747 0.0265524 0.0358982 0.0459684 0.0556916 0.063838 0.0694631 0.0722011 0.0722297 0.0700306 0.0661711 0.0611932 0.0555711 0.0496873 0.0438229 0.0381623 0.0328072 0.0277901 0.0230946 0.0186892 0.014573 0.0108106 0.00752689
 0.00753878 0.0123558 0.0187993 0.0268704 0.0363275 0.0465241 0.0563812 0.0646567 0.0703894 0.0731958 0.0732362 0.0709789 0.0669839 0.0617964 0.0559035 0.0497084 0.043517 0.0375383 0.0318972 0.0266489 0.0218008 0.0173431 0.0132866 0.00968666 0.00663509
 0.00760587 0.0124581 0.0189408 0.0270518 0.0365475 0.0467825 0.056681 0.0650044 0.0707938 0.0736643 0.0737695 0.0715634 0.0675866 0.0623641 0.0563696 0.0500047 0.0435867 0.0373477 0.0314424 0.0259589 0.0209362 0.0163902 0.0123441 0.008846 0.00595965
 0.00766745 0.0125503 0.0190649 0.0272032 0.0367174 0.0469599 0.0568559 0.0651704 0.0709517 0.0738245 0.0739508 0.0717864 0.0678639 0.0626897 0.0567134 0.0503152 0.0438007 0.0374062 0.0313059 0.0256198 0.0204237 0.0157663 0.0116896 0.00824062 0.00546203
 0.00773291 0.0126541 0.0192156 0.0274056 0.0369695 0.0472501 0.0571608 0.0654579 0.0711892 0.07399 0.0740413 0.0718193 0.0678693 0.0626989 0.0567462 0.0503699 0.0438519 0.0374111 0.0312191 0.0254107 0.0200901 0.0153387 0.0112227 0.007796 0.00508907
 0.0077858 0.0127331 0.0193217 0.0275356 0.0371177 0.0474106 0.0573284 0.0656267 0.0713505 0.074132 0.0741511 0.0718876 0.0678963 0.0626954 0.0567298 0.0503562 0.0438448 0.0373974 0.031172 0.0253011 0.0199019 0.0150789 0.0109214 0.00749562 0.00482834
 0.00780087 0.0127556 0.0193518 0.0275718 0.0371572 0.0474496 0.0573634 0.065656 0.0713758 0.0741584 0.0741851 0.0719334 0.0679531 0.0627582 0.0567929 0.0504159 0.0438988 0.0374404 0.0311921 0.0252818 0.0198292 0.014951 0.0107529 0.00731345 0.00466103
 0.00785907 0.0128427 0.0194686 0.0277137 0.0373149 0.0476106 0.057514 0.0657819 0.0714649 0.0742032 0.0741853 0.0718966 0.0678917 0.0626856 0.0567196 0.050348 0.043838 0.0373845 0.031135 0.0252143 0.0197424 0.0148406 0.0106243 0.00718029 0.00454004
 0.00788645 0.0128849 0.0195276 0.0277892 0.0374039 0.0477071 0.0576088 0.0658644 0.0715251 0.074235 0.0741885 0.0718757 0.0678543 0.0626401 0.0566734 0.0503063 0.0438029 0.0373548 0.0311064 0.0251801 0.0196959 0.0147784 0.0105484 0.00709874 0.00446354
 0.00787825 0.0128715 0.0195073 0.0277611 0.0373678 0.047665 0.0575652 0.0658255 0.0714973 0.0742229 0.0741933 0.0718959 0.0678869 0.0626815 0.0567205 0.0503564 0.0438534 0.0374026 0.0311473 0.0252092 0.0197083 0.0147716 0.0105242 0.00706288 0.00442431
 0.00789457 0.012891 0.0195239 0.0277649 0.0373483 0.0476157 0.0574871 0.0657283 0.0713963 0.0741345 0.0741306 0.0718663 0.0678911 0.0627154 0.0567765 0.050426 0.0439287 0.0374768 0.0312145 0.0252641 0.0197469 0.0147919 0.0105271 0.00705254 0.00440698
 0.00790209 0.0129016 0.0195364 0.0277763 0.0373533 0.0476069 0.0574563 0.0656693 0.0713086 0.0740259 0.0740172 0.071768 0.0678255 0.0626924 0.0567963 0.050481 0.0440071 0.0375657 0.0313025 0.0253425 0.0198095 0.0148356 0.010552 0.00706199 0.0044061
 0.00789535 0.0128908 0.0195204 0.0277542 0.0373245 0.0475711 0.0574137 0.0656201 0.0712528 0.0739637 0.0739504 0.0717017 0.0677688 0.0626562 0.0567901 0.050509 0.0440661 0.0376469 0.0313938 0.0254317 0.0198871 0.0148957 0.0105931 0.0070859 0.0044171
 0.00787397 0.0128548 0.0194642 0.0276724 0.037214 0.0474337 0.0572583 0.0654621 0.0711105 0.073853 0.0738806 0.0716746 0.0677805 0.0627009 0.0568629 0.050606 0.0441836 0.0377789 0.0315317 0.0255649 0.0200054 0.0149918 0.0106639 0.00713281 0.00444467
 0.00786392 0.0128355 0.0194299 0.0276157 0.0371279 0.0473144 0.0571079 0.0652904 0.0709336 0.0736907 0.0737519 0.0715939 0.0677549 0.0627294 0.0569377 0.0507163 0.0443182 0.0379276 0.0316847 0.0257125 0.0201383 0.0151026 0.0107486 0.00719174 0.00448162
 0.0078463 0.0128045 0.0193789 0.0275371 0.037015 0.047164 0.0569233 0.0650824 0.0707195 0.0734911 0.0735875 0.0714822 0.0677078 0.0627511 0.0570241 0.0508562 0.0444958 0.0381256 0.031887 0.0259051 0.0203099 0.0152454 0.0108587 0.00726972 0.00453194
 0.00783953 0.0127936 0.0193624 0.0275132 0.0369807 0.0471153 0.0568556 0.0649915 0.0706046 0.0733565 0.0734437 0.0713451 0.0675952 0.0626792 0.0570038 0.0508907 0.0445803 0.0382486 0.0320331 0.026058 0.020455 0.0153715 0.0109592 0.00734302 0.00458056
 0.00779807 0.012728 0.0192672 0.0273853 0.0368206 0.0469288 0.0566543 0.0647926 0.0704261 0.0732128 0.0733427 0.0712886 0.0675822 0.0627084 0.0570748 0.0510027 0.0447298 0.0384279 0.03223 0.0262574 0.0206416 0.0155327 0.0110877 0.00743686 0.00464312
 0.00776589 0.0126721 0.0191768 0.0272488 0.0366296 0.0466828 0.0563659 0.0644873 0.0701374 0.0729738 0.0731778 0.0712095 0.067588 0.0627892 0.0572161 0.0511896 0.044949 0.0386675 0.0324775 0.0264994 0.0208644 0.0157243 0.0112403 0.00754882 0.00471818
 0.00773314 0.0126176 0.0190922 0.0271253 0.0364594 0.0464619 0.0560976 0.0641846 0.0698234 0.0726785 0.0729337 0.0710449 0.0675213 0.0628248 0.057345 0.051393 0.0452039 0.0389508 0.0327688 0.0267809 0.0211206 0.0159432 0.0114145 0.00767674 0.00480428
 0.00770808 0.0125749 0.0190243 0.027024 0.0363174 0.0462759 0.0558704 0.0639266 0.0695511 0.0724122 0.0726953 0.0708562 0.0674022 0.0627906 0.057402 0.0515369 0.0454195 0.0392157 0.0330577 0.0270693 0.0213878 0.0161736 0.0115989 0.00781297 0.00489651
 0.00768036 0.0125299 0.0189568 0.0269288 0.0361905 0.0461155 0.0556788 0.063711 0.0693233 0.0721872 0.0724893 0.0706854 0.0672816 0.0627329 0.0574167 0.0516273 0.0455815 0.0394363 0.0333165 0.0273418 0.0216498 0.0164052 0.0117873 0.00795373 0.00499259
 0.00768124 0.0125325 0.0189624 0.0269387 0.0362045 0.0461302 0.0556866 0.0637009 0.069284 0.0721105 0.0723742 0.0705393 0.0671195 0.0625751 0.0572851 0.0515414 0.0455547 0.0394728 0.0334099 0.0274769 0.0218055 0.0165599 0.0119236 0.00806139 0.00506909
 0.00763184 0.0124599 0.0188677 0.0268284 0.0360888 0.0460208 0.0555939 0.063632 0.069241 0.07209 0.0723674 0.0705356 0.0671104 0.0625582 0.0572655 0.0515308 0.0455666 0.0395185 0.0334937 0.027594 0.0219432 0.0167009 0.0120516 0.00816501 0.00514421
 0.00762704 0.0124462 0.0188366 0.0267696 0.0359944 0.045891 0.0554409 0.0634784 0.0691127 0.0720062 0.0723343 0.0705457 0.0671482 0.0626065 0.0573123 0.051572 0.0456065 0.0395661 0.0335578 0.0276784 0.0220445 0.0168093 0.0121544 0.00825174 0.00520926
 0.0076024 0.0124104 0.0187903 0.0267148 0.0359327 0.0458212 0.0553585 0.0633792 0.0689974 0.0718853 0.0722264 0.070471 0.0671196 0.0626249 0.0573672 0.0516482 0.0456912 0.0396528 0.0336463 0.0277709 0.0221413 0.0169066 0.0122452 0.00832862 0.00526771
 0.00758378 0.0123787 0.0187403 0.0266417 0.0358344 0.0457005 0.0552247 0.0632459 0.0688782 0.0717886 0.072155 0.0704252 0.0671011 0.0626376 0.0574135 0.0517259 0.0457922 0.0397665 0.0337636 0.0278861 0.0222509 0.0170077 0.0123341 0.00840152 0.00532242
 0.00756653 0.0123519 0.0187022 0.0265911 0.0357704 0.0456223 0.0551325 0.0631423 0.0687691 0.0716836 0.0720648 0.0703593 0.0670649 0.0626326 0.0574391 0.0517798 0.0458709 0.0398643 0.0338725 0.0279979 0.0223584 0.0171054 0.0124178 0.00846855 0.00537198
 0.00756153 0.0123433 0.0186884 0.0265704 0.0357414 0.0455843 0.0550862 0.063089 0.0687106 0.0716217 0.0720018 0.0702987 0.0670124 0.0625945 0.0574212 0.0517857 0.0459011 0.0399165 0.0339421 0.0280779 0.0224415 0.0171844 0.0124871 0.00852461 0.00541354
 0.00754952 0.0123241 0.0186601 0.0265316 0.0356913 0.0455237 0.0550174 0.0630164 0.0686399 0.0715583 0.07195 0.0702607 0.0669888 0.0625857 0.0574276 0.0518085 0.0459413 0.0399736 0.0340134 0.0281585 0.0225249 0.0172637 0.0125564 0.00858021 0.00545429
 0.00751603 0.0122741 0.018593 0.0264497 0.0355992 0.0454269 0.0549216 0.0629272 0.0685627 0.0714978 0.0719097 0.0702426 0.0669928 0.0626101 0.0574697 0.0518654 0.0460106 0.0400532 0.0341008 0.0282502 0.0226158 0.0173481 0.0126291 0.0086378 0.00549602
 0.00753234 0.0122954 0.0186156 0.0264674 0.0356051 0.0454167 0.0548958 0.0628906 0.0685215 0.071457 0.0718712 0.0702063 0.0669584 0.0625788 0.0574442 0.0518489 0.0460058 0.0400617 0.0341226 0.0282836 0.0226573 0.0173929 0.012672 0.00867456 0.00552421
 0.00751865 0.0122788 0.0186008 0.0264611 0.0356133 0.0454407 0.0549293 0.0629216 0.0685379 0.0714519 0.071846 0.0701681 0.0669162 0.0625391 0.0574109 0.0518239 0.0459905 0.0400573 0.0341297 0.0283016 0.022684 0.0174245 0.0127041 0.0087032 0.00554686
 0.00749155 0.0122353 0.0185369 0.0263749 0.035507 0.0453223 0.0548136 0.0628267 0.0684789 0.0714348 0.0718655 0.0702117 0.0669708 0.0625963 0.0574673 0.0518796 0.0460463 0.0401137 0.0341868 0.0283588 0.0227398 0.0174766 0.01275 0.00874049 0.00557458
 0.00749519 0.0122363 0.0185291 0.0263498 0.0354558 0.0452396 0.0547014 0.0626958 0.0683471 0.0713226 0.0717901 0.0701822 0.0669859 0.0626461 0.0575385 0.0519599 0.0461277 0.0401923 0.0342612 0.0284283 0.0228036 0.0175332 0.0127978 0.00877826 0.00560211
 0.00749519 0.0122363 0.0185291 0.0263498 0.0354558 0.0452396 0.0547014 0.0626958 0.0683471 0.0713226 0.0717901 0.0701822 0.0669859 0.0626461 0.0575385 0.0519599 0.0461277 0.0401923 0.0342612 0.0284283 0.0228036 0.0175332 0.0127978 0.00877826 0.00560211
 0.00718539 0.0117453 0.0178158 0.0253893 0.0342504 0.0438327 0.0531882 0.0612204 0.0670773 0.0704104 0.0713363 0.070219 0.0674791 0.0635102 0.0586587 0.0532148 0.0474082 0.0414134 0.0353647 0.02938 0.023588 0.0181493 0.0132558 0.00909791 0.00580957
 0.00715254 0.0116596 0.0176273 0.0250322 0.0336595 0.0429705 0.0520702 0.0599237 0.0657287 0.0691595 0.070328 0.0695691 0.0672573 0.0637299 0.059276 0.0541399 0.0485249 0.0426019 0.0365208 0.0304261 0.024476 0.0188583 0.0137872 0.00946988 0.00605101
 0.00713604 0.0116394 0.0176063 0.0250098 0.0336221 0.0428815 0.0518686 0.0595397 0.0651144 0.0683219 0.0693437 0.0685722 0.0664037 0.0631561 0.059067 0.0543133 0.0490342 0.0433533 0.0373986 0.0313182 0.0252932 0.0195437 0.014317 0.00984748 0.00629862
 0.00703823 0.0114845 0.0173819 0.0247095 0.0332496 0.0424528 0.051411 0.0590826 0.0646743 0.0678924 0.0689022 0.0681043 0.0659307 0.0627443 0.058811 0.0543011 0.0493121 0.0439073 0.0381586 0.03218 0.0261478 0.020303 0.0149281 0.0102952 0.00659743
 0.0070145 0.011446 0.0173239 0.0246271 0.0331375 0.0423067 0.0512294 0.0588685 0.0644352 0.0676368 0.068634 0.067819 0.0656208 0.0624139 0.0584909 0.0540522 0.0492079 0.0440041 0.0384684 0.0326621 0.026723 0.020881 0.0154351 0.0106898 0.00687208
 0.00702593 0.011467 0.0173596 0.0246827 0.0332155 0.0424036 0.0513323 0.0589561 0.0644822 0.0676207 0.0685411 0.0676463 0.0653738 0.0621051 0.0581418 0.0536982 0.0489006 0.0438026 0.0384195 0.0327795 0.0269783 0.0212138 0.0157762 0.0109846 0.00709291
#pred catch len freq
 0.00501212 0.00791262 0.0115038 0.0156772 0.0203548 0.025469 0.0308853 0.0363647 0.0416092 0.0463384 0.0503376 0.0534762 0.0557157 0.0571039 0.0577494 0.0577875 0.0573531 0.0565534 0.0554153 0.0538067 0.051383 0.0476576 0.0422458 0.035185 0.0271029
 0.00537253 0.00841819 0.0121209 0.016337 0.0209897 0.0260611 0.0314922 0.0370957 0.042558 0.0475117 0.0516271 0.0546918 0.05666 0.0576455 0.0578585 0.0575245 0.0568208 0.055838 0.0545454 0.0527519 0.0500976 0.0461434 0.0405935 0.0335604 0.0256848
 0.00573555 0.00899133 0.0129473 0.0174338 0.0223331 0.0275733 0.0330433 0.0385357 0.0437752 0.0484812 0.0524068 0.05536 0.0572393 0.058071 0.0580128 0.0573068 0.0561979 0.0548454 0.0532498 0.0512133 0.048362 0.0442705 0.0386871 0.0317688 0.0241585
 0.00598916 0.00940182 0.0135637 0.0183053 0.0235046 0.0290722 0.0348567 0.0405855 0.0459081 0.0504902 0.0540856 0.0565683 0.0579384 0.0583051 0.0578494 0.0567834 0.0553129 0.0535876 0.0516325 0.0492876 0.0462143 0.0420188 0.0364786 0.029764 0.022496
 0.00623312 0.00979035 0.0141354 0.0190968 0.0245506 0.0304043 0.0364938 0.0425187 0.0480827 0.052791 0.0563341 0.058544 0.059427 0.0591552 0.0580075 0.0562856 0.0542414 0.0520282 0.0496598 0.0469798 0.0436776 0.0394007 0.0339593 0.0275253 0.0206776
 0.00657999 0.0103204 0.0148719 0.0200437 0.0257006 0.0317485 0.0380259 0.04423 0.0499512 0.0547695 0.0583397 0.060451 0.0610711 0.0603557 0.0586047 0.05618 0.053415 0.0505364 0.0476073 0.0445004 0.0409305 0.0365742 0.0312619 0.0251548 0.0187755
 0.00701546 0.0109884 0.015803 0.0212408 0.0271419 0.0333932 0.0398177 0.0460986 0.0518201 0.056567 0.0600058 0.0619328 0.0623087 0.0612681 0.0590879 0.0561232 0.0527304 0.0491908 0.0456395 0.0420234 0.0381212 0.0336556 0.0284752 0.0227172 0.0168341
 0.00744471 0.0116553 0.0167495 0.0224869 0.0286849 0.0352069 0.0418459 0.0482504 0.0539738 0.0585875 0.0617679 0.0633418 0.0633084 0.0618337 0.059206 0.0557712 0.0518708 0.047787 0.0436881 0.039586 0.0353408 0.0307469 0.0256876 0.0202792 0.0148988
 0.00782484 0.0122457 0.0175882 0.0235943 0.0300656 0.0368506 0.043722 0.0502986 0.0560983 0.0606614 0.0636472 0.0648871 0.0644086 0.0624223 0.059263 0.0553077 0.050907 0.0463392 0.0417768 0.0372632 0.0327189 0.0280077 0.0230574 0.0179751 0.0130691
 0.00810178 0.0126901 0.0182465 0.0245074 0.0312628 0.0383405 0.04548 0.0522595 0.0581602 0.0626981 0.0655228 0.0664694 0.0655808 0.0630965 0.05939 0.0548794 0.0499479 0.0448931 0.0398998 0.0350307 0.0302438 0.0254523 0.0206195 0.0158458 0.0113813
 0.00837194 0.0131162 0.0188647 0.0253465 0.0323441 0.0396748 0.0470593 0.0540453 0.0600761 0.0646309 0.0673352 0.0680185 0.0667408 0.0637746 0.059534 0.0544768 0.0490195 0.0434858 0.0380819 0.0328934 0.0279085 0.0230744 0.018376 0.013902 0.00984883
 0.00865842 0.0135634 0.0195042 0.0261977 0.033415 0.0409613 0.0485409 0.0556789 0.0617931 0.0663399 0.0689285 0.0693821 0.0677661 0.0643725 0.0596466 0.0540826 0.0481323 0.0421495 0.0363661 0.0308928 0.0257454 0.0208969 0.016344 0.012158 0.00848407
 0.00874587 0.0137108 0.019737 0.0265458 0.0339102 0.0416317 0.0494022 0.0567265 0.062997 0.0676443 0.0702543 0.0706338 0.0688421 0.0651765 0.0600988 0.0541279 0.0477468 0.0413432 0.0351837 0.0294133 0.0240798 0.0191814 0.0147232 0.0107582 0.00738565
 0.00872914 0.0136827 0.0196946 0.0264897 0.0338502 0.0415927 0.0494272 0.0568717 0.0633182 0.0681776 0.0710005 0.0715516 0.069852 0.0661733 0.0609674 0.0547615 0.0480619 0.0412921 0.0347617 0.0286616 0.0230832 0.0180571 0.0136017 0.00975697 0.00658351
 0.00880424 0.013783 0.0198052 0.0265835 0.0338957 0.0415674 0.0493304 0.0567303 0.0631841 0.0681172 0.0710791 0.0718144 0.0703079 0.0667857 0.061658 0.0554251 0.0485886 0.0415891 0.0347727 0.0283787 0.0225493 0.0173577 0.0128454 0.00904844 0.00599866
 0.00885212 0.0138513 0.0198892 0.02667 0.0339631 0.0415881 0.0492763 0.0565822 0.0629435 0.0678164 0.0707819 0.0716034 0.0702599 0.0669461 0.0620226 0.0559373 0.0491518 0.0420912 0.0351144 0.0284985 0.0224379 0.0170575 0.0124345 0.00861518 0.00561547
 0.00881 0.0138059 0.0198628 0.0266956 0.0340728 0.0417962 0.0495646 0.056899 0.0632177 0.0679816 0.0708005 0.0714813 0.070047 0.0667208 0.0618646 0.0558978 0.049234 0.0422499 0.0352742 0.0285837 0.0224005 0.0168926 0.0121777 0.0083239 0.00534533
 0.0087904 0.0137692 0.0198005 0.026602 0.0339528 0.0416728 0.0494807 0.0569048 0.0633459 0.0682245 0.071104 0.0717656 0.0702418 0.0667961 0.0618402 0.0558276 0.0491756 0.0422357 0.0352985 0.0286107 0.0223876 0.0168143 0.0120373 0.00814914 0.00517228
 0.00884761 0.0138386 0.019861 0.0266183 0.0338841 0.0414883 0.0491756 0.0565099 0.0629263 0.0678648 0.0708829 0.071727 0.0703774 0.0670511 0.0621411 0.0561154 0.0494239 0.0424455 0.0354788 0.028761 0.0224953 0.0168654 0.012029 0.00809518 0.00509666
 0.00892644 0.0139587 0.0200252 0.0268202 0.0341046 0.0416942 0.0493208 0.0565449 0.0628157 0.0676067 0.0705192 0.0713347 0.0700421 0.0668356 0.0620647 0.056155 0.0495335 0.0425799 0.0356077 0.0288685 0.0225729 0.0169075 0.0120347 0.00807104 0.00505562
 0.00895846 0.0140086 0.0200965 0.026915 0.0342234 0.0418342 0.0494739 0.0566933 0.0629305 0.0676522 0.0704647 0.0711704 0.0697909 0.0665503 0.0618095 0.0559799 0.0494571 0.0425892 0.0356705 0.0289505 0.0226478 0.0169601 0.0120601 0.00807218 0.00504078
 0.00887114 0.013888 0.0199545 0.0267764 0.0341196 0.0417926 0.0495086 0.056802 0.0630959 0.0678462 0.0706519 0.0713137 0.0698607 0.0665353 0.0617239 0.0558597 0.0493455 0.0425184 0.0356513 0.0289728 0.0226908 0.0170033 0.0120906 0.00808606 0.00504105
 0.00873758 0.0136845 0.0196748 0.0264266 0.0337197 0.0413769 0.0491241 0.0565023 0.0629286 0.067838 0.0707985 0.0715812 0.0701959 0.0668814 0.0620353 0.0561125 0.0495397 0.0426707 0.0357823 0.0290957 0.0228066 0.0171051 0.0121702 0.00813998 0.00507186
 0.0086954 0.0136093 0.0195494 0.0262314 0.0334378 0.0410028 0.0486728 0.0560131 0.0624619 0.0674626 0.0705754 0.0715462 0.0703492 0.067187 0.0624332 0.0565378 0.0499405 0.0430183 0.0360699 0.0293296 0.0229958 0.0172553 0.0122839 0.00821949 0.00512191
 0.00870058 0.0136106 0.0195374 0.0261904 0.0333472 0.0408402 0.0484199 0.0556635 0.0620292 0.0669859 0.0701171 0.07118 0.0701397 0.0671701 0.0626046 0.0568563 0.0503433 0.0434416 0.0364648 0.0296685 0.0232697 0.017466 0.0124382 0.00832571 0.00518955
 0.00864139 0.0135254 0.0194291 0.0260677 0.0332198 0.0407132 0.0482888 0.0555146 0.0618455 0.0667562 0.0698458 0.0708928 0.0698816 0.0669952 0.0625583 0.0569585 0.0505808 0.0437729 0.0368354 0.0300281 0.0235833 0.0177168 0.012624 0.00845366 0.00527099
 0.0086474 0.0135202 0.0193946 0.0259792 0.0330552 0.0404643 0.0479701 0.0551615 0.0615012 0.0664553 0.0696047 0.0707121 0.0697573 0.0669298 0.0625653 0.0570558 0.0507786 0.0440629 0.0371884 0.0304016 0.0239347 0.0180149 0.0128539 0.00861563 0.00537537
 0.00876423 0.0136883 0.0196058 0.0262089 0.0332648 0.0406092 0.0480086 0.0550657 0.0612669 0.0661078 0.0691943 0.0702986 0.0693917 0.066643 0.0623695 0.0569538 0.0507704 0.0441452 0.0373491 0.0306165 0.0241708 0.0182391 0.0130419 0.00875624 0.00546982
