SBPRF35
12.7214
Curr Bio
900923
B35
879966
F35
0.171483
FOFL
0.171483
OFL
127112
Bzero
3.63469e+006
#pred survey bio
 3.48031e+006 3.36569e+006 3.25273e+006 3.09782e+006 2.91137e+006 2.70631e+006 2.47232e+006 2.25375e+006 2.01835e+006 1.78066e+006 1.59641e+006 1.42235e+006 1.2513e+006 1.08361e+006 970040 851201 754754 687975 647089 616339 604553 587251 579328 570572 565528 567881 551138 549933 561144 557593 560014 558112 558882 569843 586599 599207 615128 621198 622071 635115 634851 643848 638714 645023 653369 667639 659796 674256 682197 680854 682206 715715 751362 764338 814965 844679 861209 877135 900276 899077 902409 922712 917694 926921 920767 911524 902157 906564 2.09489e+007 1.89526e+007 1.90936e+007 1.97839e+007 2.0836e+007 2.2035e+007 2.32201e+007 2.42948e+007 2.52154e+007 2.5974e+007 2.65824e+007 2.70611e+007 2.74332e+007 2.77199e+007 2.79399e+007 2.81084e+007 2.82374e+007 2.83364e+007 2.84125e+007 2.84713e+007 2.85168e+007 2.85523e+007 2.85801e+007 2.86019e+007 2.86191e+007 2.86327e+007 2.86435e+007 2.86522e+007 2.86591e+007 2.86646e+007 2.8669e+007 2.86726e+007 2.86755e+007 2.86779e+007 2.86798e+007 2.86813e+007 2.86826e+007 2.86836e+007 2.86844e+007 2.86851e+007 2.86857e+007 2.86861e+007 2.86865e+007 2.86868e+007 2.86871e+007 2.86873e+007 2.86874e+007 2.86876e+007 2.86877e+007 2.86878e+007 2.86878e+007 2.86879e+007 2.86879e+007 2.8688e+007 2.8688e+007 2.8688e+007 2.86881e+007 2.86881e+007 2.86881e+007 2.86881e+007 2.86881e+007 2.86881e+007 2.86881e+007 2.86881e+007 2.86881e+007 2.86882e+007 2.86882e+007 2.86882e+007 2.86882e+007 2.86882e+007 2.86882e+007 2.86882e+007 2.86882e+007 2.86882e+007 2.86882e+007 2.86882e+007 2.86882e+007 2.86882e+007 2.86882e+007 2.86882e+007 2.86882e+007 2.86882e+007 2.86882e+007 2.86882e+007 2.86882e+007 2.86882e+007 2.86882e+007 2.86882e+007 2.86882e+007 2.86882e+007 2.86882e+007 2.86882e+007 2.86882e+007 2.86882e+007 2.86882e+007 2.86882e+007 2.86882e+007 2.86882e+007 2.86882e+007 2.86882e+007 0 0 0 0 0 0 0 0 0 0 0 0 0 0 0 0 0 0 0 0 0 0 0 0 0
#obs survey bio
 2.7063e+006 3.82232e+006 3.89526e+006 4.11062e+006 3.16998e+006 2.45616e+006 2.7742e+006 1.92432e+006 2.3192e+006 1.64219e+006 1.74816e+006 1.31115e+006 1.32806e+006 801126 722950 777885 709528 800151 586878 523646 746318 689133 486072 679422 517066 637511 551298 438822 598893 663102 532784 713492 535850 459278 521743 653492 576214 599030 539394 531938 581345 637188 548290 578010 425985 673618 749911 587905 895678 646529 640904 633622 515136 934463 970150 613315 718274 940593 824545 798992 986883 1.04404e+006 1.17621e+006 898593 898718 1.03022e+006 860704 752773
#pred catch bio
 106308 109868 157018 196950 227575 269152 271010 301883 317515 280571 279977 282455 281683 235048 238058 213810 183203 157242 145751 127593 129846 119217 117901 113031 105692 120135 105341 94832.3 106620 100138 102791 99650.8 91061.3 87324.6 92089.3 89997.1 98496.4 102728 93193.8 105839 99591.4 113307 104796 104783 101512 120559 101345 107427 114608 111317 84995.4 85691.7 106369 76128.3 96739.4 109259 110524 105093 125920 121065 106330 127444 114059 127207 129617 129073 116287 115479 127112 125633 125337 128700 134945 142278 149503 155964 161387 165738 169117 171676 173577 174969 175976 176698 177212 177576 177832 178011 178137 178224 178285 178328 178357 178377 178392 178401 178408 178413 178416 178418 178419 178420 178421 178422 178422 178422 178422 178423 178423 178423 178423 178423 178423 178423 178423 178423 178423 178423 178423 178423 178423 178423 178423 178423 178423 178423 178423 178423 178423 178423 178423 178423 178423 178423 178423 178423 178423 178423 178423 178423 178423 178423 178423 178423 178423 178423 178423 178423 178423 178423 178423 178423 178423 178423 178423 178423 178423 178423 178423 178423 178423 178423 178423 178423 178423 178423 178423 178423 0 0 0 0 0 0 0 0 0 0 0 0 0 0 0 0 0 0 0 0 0 0 0 0 0
#obs catch bio
 0 109657 157272 197106 227816 269963 270435 302428 319642 281710 281164 283163 282457 238560 242842 217158 184944 158223 146984 128764 130938 119402 118150 113025 105591 119777 105429 94896.1 106666 99499.7 102357 99160.8 90813.7 86962.4 92005.8 89737.6 97946.8 101877 92651.9 105415 99070.2 113700 105190 105221 101911 121495 101422 107651 114897 111084 84704.2 85358.2 107118 75847.6 96926.6 109619 110987 105051 126516 121558 106257 128079 113695 127097 129952 129601 116535 115468
#pred cpue bio
 3.44024e+006 3.32688e+006 3.21395e+006 3.05894e+006 2.87281e+006 2.66801e+006 2.4345e+006 2.21621e+006 1.98135e+006 1.74464e+006 1.56115e+006 1.38809e+006 1.21826e+006 1.05181e+006 939122 822016 727378 662012 622072 592058 580760 564288 556877 548496 543730 546252 529995 528875 540057 536931 539543 537796 538639 549449 565858 578251 594072 600198 600943 613539 613026 621463 616135 622180 630268 644234 636700 651035 658965 657898 659307 692258 727430 740222 789985 819245 835400 851048 873968 872947 876319 896490 891831 900986 894708 885418 876341 881048 2.0369e+007 1.84257e+007 1.84485e+007 1.90273e+007 2.0049e+007 2.12424e+007 2.24266e+007 2.35011e+007 2.44218e+007 2.51804e+007 2.57887e+007 2.62675e+007 2.66395e+007 2.69263e+007 2.71463e+007 2.73148e+007 2.74438e+007 2.75427e+007 2.76188e+007 2.76776e+007 2.77232e+007 2.77587e+007 2.77864e+007 2.78082e+007 2.78254e+007 2.78391e+007 2.78499e+007 2.78585e+007 2.78654e+007 2.78709e+007 2.78754e+007 2.7879e+007 2.78819e+007 2.78842e+007 2.78861e+007 2.78877e+007 2.78889e+007 2.78899e+007 2.78908e+007 2.78915e+007 2.7892e+007 2.78925e+007 2.78928e+007 2.78931e+007 2.78934e+007 2.78936e+007 2.78938e+007 2.78939e+007 2.7894e+007 2.78941e+007 2.78942e+007 2.78942e+007 2.78943e+007 2.78943e+007 2.78944e+007 2.78944e+007 2.78944e+007 2.78944e+007 2.78944e+007 2.78945e+007 2.78945e+007 2.78945e+007 2.78945e+007 2.78945e+007 2.78945e+007 2.78945e+007 2.78945e+007 2.78945e+007 2.78945e+007 2.78945e+007 2.78945e+007 2.78945e+007 2.78945e+007 2.78945e+007 2.78945e+007 2.78945e+007 2.78945e+007 2.78945e+007 2.78945e+007 2.78945e+007 2.78945e+007 2.78945e+007 2.78945e+007 2.78945e+007 2.78945e+007 2.78945e+007 2.78945e+007 2.78945e+007 2.78945e+007 2.78945e+007 2.78945e+007 2.78945e+007 2.78945e+007 2.78945e+007 2.78945e+007 2.78945e+007 2.78945e+007 2.78945e+007 2.78945e+007 2.78945e+007 0 0 0 0 0 0 0 0 0 0 0 0 0 0 0 0 0 0 0 0 0 0 0 0 0
#obs cpue bio
 2.55253e+006 2.99487e+006 2.77109e+006 2.64911e+006 2.17879e+006 2.79196e+006 3.26039e+006 1.90074e+006 1.19711e+006 1.80894e+006 1.45546e+006 1.6739e+006 1.18793e+006 509546 955823 863278 832416 559796 563449 503254 499361 617120 650920 522476 564035 704788 375475 583467 645402 679254 560684 483781 485730 792581 556884 582458 923650 895294 522091 833157 639662 398529 556991 671994 778267 651808 621357 746892 509742 1.10374e+006 616910 894184 610641 722215 627367 955234 839681 973629 797825 896657 897476 706503 1.06815e+006 923248 622601 693112 891449 1.38999e+006
#pred surv len freq
 0.00427165 0.0070159 0.0107109 0.0153907 0.0209745 0.0271786 0.0334952 0.0393264 0.0442101 0.0479669 0.0506736 0.0525335 0.0537612 0.0545296 0.0549593 0.055128 0.0550868 0.0548633 0.0544197 0.0535637 0.051877 0.048777 0.0437791 0.0368577 0.0286497
 0.00456425 0.00740971 0.0111553 0.0157955 0.0212448 0.0272639 0.0334203 0.0391781 0.0440841 0.047909 0.0506571 0.0524853 0.0536176 0.0542843 0.0546761 0.0549138 0.0550394 0.0550185 0.0547224 0.0538815 0.0520545 0.0487069 0.0434515 0.0363578 0.0281085
 0.00464336 0.00759249 0.0115237 0.0164417 0.022227 0.0285501 0.0348584 0.0405277 0.0451088 0.0484751 0.0507713 0.0522525 0.0531602 0.0536875 0.053989 0.0541818 0.0543256 0.0543882 0.0542049 0.0534431 0.0516115 0.048176 0.0428041 0.0356404 0.0274156
 0.0047907 0.00781483 0.0118316 0.0168469 0.0227563 0.0292547 0.0358025 0.0417479 0.0465597 0.0500002 0.0521344 0.053223 0.0536019 0.0535946 0.0534561 0.053345 0.053317 0.0533159 0.0531445 0.0524287 0.0506365 0.0472154 0.0418503 0.0347263 0.026605
 0.00498041 0.00812429 0.0122977 0.0175011 0.0236149 0.0303088 0.0370139 0.0430594 0.0479155 0.0513562 0.0534425 0.0543994 0.054515 0.0540959 0.0534405 0.0527973 0.052314 0.0519906 0.0516381 0.0508566 0.0490768 0.0457189 0.040461 0.0334953 0.0255859
 0.00517239 0.00844003 0.01278 0.0181927 0.0245508 0.0315028 0.0384435 0.044659 0.0495844 0.0529815 0.054923 0.0556584 0.0554921 0.0547284 0.053653 0.0525175 0.0515084 0.0506928 0.0499495 0.0489204 0.0470444 0.0437285 0.0386302 0.031919 0.0243274
 0.00545231 0.00888535 0.0134325 0.0190862 0.0257069 0.0329237 0.040102 0.0464919 0.051496 0.0548556 0.0566393 0.0571072 0.0565857 0.0554036 0.0538646 0.0522282 0.0506885 0.0493376 0.0481036 0.0466922 0.0445989 0.0412612 0.0363331 0.0299479 0.022776
 0.0056928 0.0092842 0.0140469 0.019973 0.0269099 0.0344541 0.0419205 0.0485061 0.0535778 0.0568697 0.0584658 0.058649 0.0577656 0.056159 0.0541448 0.0519932 0.0499092 0.0480028 0.0462374 0.0443754 0.0419824 0.0385547 0.0337689 0.0277285 0.0210284
 0.00591752 0.00966203 0.0146393 0.0208464 0.0281236 0.0360398 0.0438597 0.0507182 0.055928 0.0591922 0.0605927 0.0604352 0.0591037 0.0569822 0.0544182 0.0516999 0.0490405 0.0465585 0.0442409 0.0418987 0.0391673 0.0356144 0.0309557 0.0252755 0.0190898
 0.006212 0.0101342 0.0153386 0.0218173 0.0294008 0.037639 0.0457648 0.0528711 0.0582279 0.0615056 0.0627682 0.0623208 0.0605648 0.0579163 0.0547625 0.051427 0.0481481 0.0450614 0.0421753 0.039341 0.0362579 0.0325649 0.0280234 0.0227059 0.0170511
 0.00642257 0.0104821 0.0158727 0.0225862 0.030444 0.0389718 0.0473649 0.0546758 0.0601461 0.0634369 0.0646156 0.0639915 0.0619646 0.058949 0.0553366 0.0514673 0.0476054 0.0439183 0.0404522 0.0371079 0.0336488 0.0297818 0.0253136 0.0203088 0.0151355
 0.00666534 0.0108748 0.0164602 0.0234101 0.0315352 0.0403397 0.0489839 0.0564789 0.0620317 0.0652871 0.0663168 0.0654497 0.0631103 0.0597318 0.0557145 0.0513984 0.0470472 0.0428388 0.0388478 0.0350254 0.0312032 0.0271598 0.022749 0.018031 0.0133091
 0.00699445 0.0114014 0.0172366 0.0244781 0.032917 0.0420248 0.0509154 0.0585505 0.0641028 0.0672104 0.0679647 0.0667293 0.0639668 0.060144 0.0556838 0.0509346 0.0461563 0.0415204 0.0371073 0.032899 0.0287839 0.0246078 0.0202734 0.0158412 0.0115562
 0.00730663 0.0119232 0.0180471 0.025656 0.0345201 0.0440583 0.0533035 0.0611316 0.0666587 0.0695157 0.0698333 0.0680398 0.0646666 0.0602392 0.0552217 0.049982 0.0447799 0.039775 0.0350385 0.0305605 0.0262636 0.0220432 0.0178418 0.0137206 0.00987353
 0.00735337 0.0120258 0.0182525 0.0260299 0.0351376 0.044986 0.0545767 0.0627354 0.0685182 0.0714986 0.0717659 0.0697363 0.0659644 0.0610281 0.0554558 0.0496731 0.0439782 0.0385481 0.0334592 0.0287081 0.0242357 0.0199669 0.0158678 0.0119958 0.00850257
 0.00748289 0.012241 0.0185861 0.0265178 0.0358154 0.0458809 0.0556976 0.064064 0.0700059 0.0730675 0.0733126 0.0711394 0.0670982 0.0617808 0.0557487 0.0494731 0.0432991 0.0374414 0.0320022 0.0269949 0.0223765 0.0180886 0.0141063 0.0104747 0.0073043
 0.00766643 0.0125246 0.0189859 0.0270403 0.0364588 0.0466375 0.0565534 0.0649983 0.0709907 0.0740692 0.0742925 0.0720508 0.0678834 0.0623721 0.0560748 0.0494719 0.0429327 0.0367072 0.030936 0.0256686 0.0208909 0.0165643 0.0126688 0.00923301 0.00632802
 0.00782497 0.012769 0.0193284 0.0274825 0.0369906 0.0472376 0.0571908 0.0656363 0.0715965 0.0746234 0.0747925 0.0725042 0.0682937 0.0627251 0.0563336 0.0495818 0.0428347 0.0363564 0.0303179 0.0248094 0.0198575 0.0154544 0.0115924 0.00828791 0.00557834
 0.00792558 0.012921 0.0195356 0.0277406 0.0372886 0.0475605 0.0575215 0.0659581 0.0718956 0.0748929 0.0750351 0.0727308 0.0685172 0.0629513 0.0565521 0.0497613 0.0429264 0.0363058 0.0300827 0.0243767 0.0192542 0.0147448 0.0108624 0.00762206 0.00503703
 0.00794689 0.0129647 0.0196172 0.0278785 0.0374972 0.047841 0.0578556 0.0663095 0.0722217 0.0751602 0.0752292 0.0728576 0.0685964 0.0630061 0.056599 0.0498024 0.0429453 0.0362698 0.0299537 0.0241271 0.0188823 0.0142811 0.010363 0.0071505 0.00464399
 0.00780772 0.0127505 0.0193188 0.0274991 0.0370559 0.0473751 0.0574201 0.0659691 0.0720347 0.0751594 0.0754125 0.0731922 0.0690338 0.0634982 0.0571062 0.0502936 0.0433926 0.0366439 0.030224 0.0242683 0.0188854 0.0141614 0.0101596 0.00691477 0.00442339
 0.00786342 0.0128143 0.0193658 0.0274907 0.0369519 0.047152 0.0570866 0.0655692 0.0716362 0.0748337 0.0752153 0.0731512 0.0691463 0.0637364 0.0574287 0.0506562 0.0437553 0.0369725 0.030489 0.0244461 0.018963 0.0141425 0.0100662 0.00678145 0.00428596
 0.00788857 0.0128507 0.0194108 0.0275348 0.0369763 0.0471276 0.0569785 0.0653486 0.0712972 0.0744078 0.0747706 0.0727742 0.0689127 0.0636869 0.0575604 0.0509305 0.0441149 0.0373571 0.0308463 0.0247373 0.0191651 0.0142504 0.0100925 0.00675142 0.00422909
 0.00789554 0.0128656 0.0194393 0.0275836 0.0370496 0.0472225 0.0570805 0.0654302 0.0713226 0.0743438 0.0746013 0.0725131 0.0686049 0.063398 0.0573542 0.0508472 0.044159 0.0375011 0.0310438 0.0249392 0.0193326 0.0143621 0.0101454 0.00675744 0.00420739
 0.00788246 0.0128416 0.0193989 0.0275213 0.0369633 0.047117 0.0569691 0.065332 0.071254 0.0743092 0.0745892 0.072501 0.0685726 0.0633407 0.0572885 0.0508045 0.0441703 0.0375813 0.031184 0.0251115 0.0195021 0.0145001 0.0102377 0.00680535 0.00422238
 0.00782944 0.0127539 0.0192644 0.0273285 0.0367047 0.0467946 0.0565998 0.0649489 0.0709024 0.0740366 0.0744318 0.072474 0.0686655 0.0635229 0.0575224 0.0510602 0.0444333 0.0378489 0.0314559 0.0253797 0.0197501 0.014709 0.0103946 0.00690839 0.00428033
 0.00793672 0.0129236 0.0195095 0.0276548 0.0371055 0.047245 0.0570531 0.0653416 0.0711691 0.0741304 0.0743403 0.0722214 0.0683024 0.0631083 0.0571076 0.0506807 0.0441091 0.0375901 0.0312661 0.0252563 0.0196833 0.0146823 0.0103897 0.00691087 0.00428203
 0.00789141 0.0128546 0.0194151 0.027538 0.0369753 0.0471168 0.056947 0.0652779 0.0711609 0.0741761 0.0744224 0.0723133 0.0683794 0.0631576 0.0571309 0.0506895 0.0441176 0.0376091 0.031301 0.0253073 0.0197457 0.0147483 0.0104504 0.00695925 0.0043153
 0.00769149 0.0125467 0.0189846 0.0269848 0.0363163 0.0463875 0.0562034 0.0645941 0.070618 0.0738442 0.0743418 0.0724839 0.0687625 0.063688 0.0577354 0.0513046 0.0446992 0.0381335 0.031759 0.0256973 0.0200688 0.015006 0.0106457 0.0070976 0.00440558
 0.00772446 0.0125784 0.018992 0.026934 0.0361723 0.0461293 0.055837 0.064154 0.0701583 0.0734234 0.0740106 0.072279 0.0687029 0.0637731 0.0579447 0.0516019 0.0450416 0.0384821 0.0320856 0.0259856 0.0203115 0.0152014 0.0107951 0.0072048 0.00447672
 0.00771899 0.0125692 0.0189764 0.0269058 0.036119 0.0460303 0.0556665 0.0638902 0.0697974 0.072991 0.0735621 0.071885 0.0684285 0.0636591 0.0580001 0.0518064 0.0453549 0.0388549 0.0324708 0.026346 0.0206234 0.0154535 0.0109859 0.0073396 0.00456497
 0.007727 0.0125837 0.0190008 0.0269436 0.036172 0.0460957 0.0557331 0.0639374 0.0697966 0.0729136 0.073391 0.0716264 0.0681167 0.0633497 0.0577529 0.0516657 0.0453374 0.0389486 0.0326432 0.0265572 0.0208368 0.0156431 0.0111379 0.00745064 0.00463914
 0.00775972 0.0126253 0.0190424 0.0269707 0.0361696 0.0460557 0.0556596 0.0638454 0.0697041 0.0728313 0.0733165 0.0715466 0.0680172 0.063227 0.0576211 0.051554 0.0452781 0.0389627 0.0327318 0.0267019 0.0210083 0.015812 0.0112828 0.00756123 0.00471498
 0.00778441 0.0126512 0.0190547 0.0269463 0.0360823 0.0458858 0.0554033 0.0635198 0.0693464 0.0724909 0.0730424 0.0713738 0.0679566 0.063265 0.0577293 0.0517045 0.0454542 0.0391599 0.03295 0.0269362 0.0212452 0.0160323 0.011469 0.00770355 0.0048131
 0.00768797 0.0125124 0.0188781 0.0267455 0.0358729 0.045676 0.0551891 0.0632887 0.0690891 0.0722141 0.0727738 0.071156 0.0678321 0.0632601 0.0578459 0.0519214 0.045738 0.0394777 0.0332766 0.0272542 0.021541 0.0162931 0.0116839 0.00786665 0.0049259
 0.00756517 0.0123257 0.0186225 0.0264271 0.0355103 0.0452991 0.0548353 0.0629954 0.0688821 0.0720974 0.0727307 0.0711613 0.0678693 0.0633303 0.0579631 0.0520995 0.0459791 0.0397687 0.0335948 0.0275746 0.0218415 0.016557 0.0119 0.00803039 0.00503959
 0.00748966 0.0121921 0.0184024 0.0260905 0.0350363 0.0446912 0.0541343 0.0622783 0.0682442 0.0716246 0.0724747 0.0711296 0.0680313 0.0636351 0.0583596 0.0525493 0.0464581 0.0402609 0.0340837 0.0280405 0.0222633 0.0169167 0.0121868 0.00824259 0.00518408
 0.00757888 0.0123183 0.018556 0.0262473 0.0351592 0.0447373 0.0540636 0.062065 0.0678885 0.0711606 0.0719676 0.0706591 0.0676675 0.0634185 0.0582953 0.0526157 0.0466224 0.0404907 0.0343523 0.0283246 0.0225414 0.017169 0.0123982 0.00840505 0.00529801
 0.00766633 0.0124635 0.0187786 0.0265629 0.0355709 0.0452237 0.0545708 0.0625107 0.0681816 0.0712303 0.0717878 0.0702578 0.0671178 0.0628162 0.0577315 0.0521552 0.0462949 0.0402953 0.0342689 0.0283254 0.0225976 0.017254 0.0124896 0.00848702 0.00536176
 0.00767374 0.0124706 0.018781 0.0265565 0.0355557 0.0452091 0.0545758 0.0625566 0.0682778 0.0713616 0.0719136 0.0703268 0.0670911 0.0626863 0.0575267 0.0519272 0.0460981 0.040168 0.0342249 0.0283561 0.0226806 0.0173629 0.0126006 0.00858338 0.00543519
 0.00781416 0.0126869 0.0190836 0.0269445 0.0360155 0.0457131 0.0550831 0.0630183 0.0686477 0.0716071 0.0720202 0.0702924 0.0669186 0.0623822 0.0571067 0.0514245 0.0455631 0.0396582 0.0337891 0.0280227 0.0224539 0.0172283 0.0125339 0.00855917 0.00543279
 0.00775948 0.0126231 0.0190336 0.0269442 0.0361034 0.0459134 0.0553921 0.0634024 0.0690537 0.0719797 0.0723156 0.0704851 0.0669994 0.0623518 0.0569718 0.0511976 0.0452659 0.039324 0.0334585 0.0277334 0.0222307 0.0170777 0.0124468 0.0085178 0.00541867
 0.00778195 0.0126612 0.0190948 0.0270397 0.0362489 0.0461286 0.0556958 0.0638028 0.0695363 0.0725005 0.072806 0.0708698 0.0672192 0.0623799 0.0568154 0.0508885 0.0448486 0.0388471 0.0329704 0.0272785 0.0218437 0.0167781 0.0122365 0.00838469 0.00534301
 0.00777518 0.0126426 0.0190534 0.0269624 0.0361264 0.0459637 0.055511 0.0636401 0.0694487 0.0725346 0.0729844 0.0711781 0.0676068 0.0627737 0.0571426 0.0510977 0.044921 0.0387946 0.0328264 0.0270858 0.0216435 0.016602 0.0121017 0.00829406 0.00528956
 0.00773785 0.012589 0.0189855 0.0268848 0.0360432 0.0458748 0.055411 0.0635236 0.0693189 0.0724113 0.0729033 0.0711792 0.067716 0.0629874 0.0574246 0.0513905 0.0451661 0.0389523 0.0328854 0.0270612 0.0215662 0.0165054 0.0120121 0.00822551 0.00524486
 0.00755049 0.0123117 0.0186193 0.0264498 0.0355742 0.045413 0.0549967 0.0631902 0.0690896 0.0722966 0.0729026 0.0712873 0.067928 0.0632985 0.0578223 0.0518466 0.0456362 0.0393856 0.03324 0.0273165 0.0217255 0.0165895 0.0120477 0.00823614 0.00524589
 0.00761586 0.0123959 0.0187061 0.0265127 0.035587 0.0453636 0.0548966 0.0630709 0.0689867 0.0722314 0.0728741 0.0712781 0.06792 0.0632858 0.0578142 0.0518592 0.0456789 0.039453 0.0333133 0.0273736 0.0217525 0.0165857 0.0120231 0.00820431 0.00521733
 0.00753841 0.012274 0.0185295 0.0262727 0.0352762 0.0449776 0.0544388 0.0625612 0.068468 0.0717684 0.0725389 0.0711273 0.0679747 0.0635258 0.0581906 0.0523146 0.046164 0.0399305 0.0337549 0.0277566 0.0220608 0.0168134 0.0121763 0.00829771 0.005269
 0.00740601 0.0120812 0.0182808 0.0259861 0.0349769 0.0446883 0.0541717 0.0623161 0.0682377 0.0715471 0.0723323 0.070958 0.0678782 0.0635379 0.0583306 0.0525762 0.0465169 0.0403319 0.0341615 0.0281325 0.0223805 0.0170636 0.0123554 0.00841449 0.00533801
 0.00748379 0.0121748 0.0183621 0.0260123 0.0349057 0.0445007 0.0538866 0.0619863 0.0679252 0.0712953 0.0721511 0.0708316 0.0677861 0.0634741 0.058308 0.0526163 0.0466341 0.0405226 0.0344036 0.0283934 0.0226278 0.0172731 0.0125152 0.00852428 0.00540592
 0.0075333 0.0122583 0.0184909 0.0261923 0.0351287 0.0447349 0.0540763 0.062066 0.0678483 0.0710598 0.0718042 0.0704473 0.0674325 0.063191 0.0581076 0.0524967 0.0465916 0.0405534 0.0344987 0.0285344 0.0227891 0.0174287 0.0126457 0.00862085 0.00546933
 0.00741307 0.0120579 0.018182 0.0257504 0.034544 0.0440261 0.0532983 0.0613025 0.0671872 0.0705664 0.0715081 0.0703495 0.0675208 0.0634491 0.0585135 0.0530188 0.0471897 0.0411854 0.0351265 0.0291258 0.023317 0.0178718 0.0129921 0.00887038 0.00563364
 0.00731007 0.0118915 0.0179333 0.025401 0.0340789 0.0434385 0.0525979 0.0605235 0.0663913 0.0698354 0.0709277 0.0699881 0.0674133 0.0635936 0.0588791 0.0535584 0.0478498 0.0419117 0.0358666 0.0298325 0.0239513 0.0184057 0.0134109 0.00917419 0.00583575
 0.00736688 0.0119765 0.0180465 0.0255356 0.0342195 0.0435611 0.0526699 0.0605071 0.0662516 0.0695536 0.0705133 0.0694844 0.0668909 0.0631323 0.0585464 0.0533937 0.0478595 0.0420738 0.0361412 0.0301714 0.0243066 0.0187371 0.0136901 0.00938761 0.00598349
 0.00721012 0.0117265 0.0176802 0.0250373 0.0335867 0.0428121 0.0518497 0.0596856 0.0655091 0.0689599 0.0701113 0.0692861 0.0668858 0.0633011 0.0588717 0.0538613 0.048453 0.0427667 0.0368934 0.0309321 0.0250226 0.0193625 0.014195 0.00976239 0.00623789
 0.0071858 0.0116854 0.0176147 0.024938 0.0334422 0.0426102 0.051581 0.0593477 0.0651116 0.068527 0.0696798 0.0688986 0.0665812 0.0631078 0.0588057 0.0539286 0.048652 0.0430873 0.0373135 0.031416 0.0255242 0.0198338 0.0145974 0.0100741 0.00645647
 0.00712541 0.0116069 0.0175327 0.0248765 0.0334262 0.0426524 0.0516714 0.0594525 0.0651835 0.0685214 0.06957 0.0686844 0.0662892 0.062784 0.0585032 0.0536956 0.0485234 0.0430804 0.037427 0.0316302 0.0258044 0.0201369 0.0148819 0.0103101 0.00663058
 0.00705861 0.0114989 0.0173726 0.0246587 0.0331563 0.0423535 0.0513851 0.0592303 0.0650667 0.068521 0.0696587 0.0688086 0.0663932 0.0628337 0.0584967 0.0536596 0.0484984 0.0431054 0.0375262 0.0318071 0.0260414 0.0204023 0.0151395 0.0105302 0.00679724
 0.00695549 0.0113355 0.0171349 0.0243369 0.0327474 0.0418654 0.0508425 0.0586782 0.0645673 0.0681416 0.0694533 0.0687996 0.0665626 0.0631292 0.0588529 0.0540226 0.0488416 0.0434292 0.0378458 0.0321358 0.0263794 0.0207345 0.0154422 0.0107813 0.006985
 0.00696824 0.0113554 0.0171629 0.0243717 0.0327843 0.0418944 0.050848 0.058641 0.0644715 0.0679828 0.0692454 0.0685744 0.0663605 0.0629844 0.05878 0.0540143 0.048878 0.0434923 0.0379286 0.0322406 0.0265093 0.0208849 0.0155988 0.0109258 0.00710253
 0.00694224 0.011316 0.0171089 0.0243044 0.0327068 0.0418112 0.0507639 0.0585597 0.0643934 0.0679043 0.0691607 0.0684805 0.0662625 0.0628969 0.0587233 0.0540045 0.0489203 0.0435802 0.0380494 0.0323824 0.0266633 0.021043 0.015751 0.0110606 0.00721049
 0.00680455 0.011102 0.0168057 0.0239081 0.0322251 0.0412654 0.0501914 0.0580119 0.0639276 0.0675697 0.0689865 0.0684701 0.0663972 0.0631454 0.0590522 0.0543866 0.0493354 0.0440122 0.0384823 0.0327994 0.0270483 0.0213823 0.0160347 0.0112833 0.00737263
 0.00689156 0.0112198 0.0169393 0.0240285 0.0322968 0.0412593 0.0500945 0.0578306 0.0636834 0.0672917 0.0687052 0.0682141 0.0661896 0.0630016 0.0589784 0.0543808 0.0493902 0.0441177 0.0386274 0.0329711 0.027232 0.0215628 0.0161981 0.0114194 0.0074762
 0.00695679 0.011317 0.0170679 0.0241789 0.0324488 0.0413825 0.0501516 0.0577866 0.063518 0.0670118 0.0683473 0.0678337 0.0658439 0.0627338 0.0588107 0.054316 0.0494176 0.0442195 0.038783 0.0331599 0.027434 0.0217594 0.0163738 0.0115634 0.00758399
 0.006972 0.0113624 0.0171733 0.0243819 0.0327817 0.0418523 0.0507241 0.0583849 0.0640406 0.0673621 0.0684616 0.0676979 0.0654938 0.0622411 0.0582606 0.0537851 0.0489597 0.0438615 0.0385297 0.0330013 0.0273521 0.0217333 0.0163829 0.0115898 0.00761421
 0.00688913 0.0112474 0.0170381 0.0242545 0.0327031 0.0418696 0.0508794 0.0587008 0.0645057 0.0679216 0.0690229 0.0681538 0.0657568 0.0622712 0.0580751 0.0534463 0.0485499 0.0434567 0.0381831 0.0327386 0.0271759 0.021631 0.0163351 0.0115762 0.00761815
 0.00682619 0.0111428 0.016878 0.0240285 0.032412 0.0415344 0.0505479 0.0584432 0.0643967 0.0680139 0.0693241 0.0686175 0.0662923 0.0627708 0.0584476 0.0536444 0.0485788 0.0433632 0.0380312 0.0325854 0.027057 0.0215587 0.016304 0.0115729 0.00762848
 0.00676469 0.011035 0.0167014 0.0237578 0.0320255 0.041025 0.0499347 0.0577783 0.0637614 0.0675056 0.0690342 0.0686067 0.0665692 0.0632843 0.0590988 0.0543168 0.0491744 0.0438281 0.0383601 0.0328069 0.0272104 0.0216754 0.0164005 0.0116533 0.00769151
#obs surv len freq
 nan nan nan nan nan nan nan nan nan nan nan nan nan nan nan nan nan nan nan nan nan nan nan nan nan
 0.00448496 0.00734643 0.0111765 0.0159929 0.0216935 0.0279689 0.0342827 0.0400137 0.0446931 0.0481567 0.0505144 0.0520101 0.0529023 0.0534146 0.0537288 0.0539837 0.0542622 0.0545549 0.0546937 0.0542856 0.0527236 0.0493558 0.0438056 0.0362858 0.0276695
 0.00461559 0.00756136 0.0115044 0.0164608 0.0223203 0.0287548 0.0351992 0.0410009 0.0456681 0.0490309 0.0512099 0.0524715 0.0531017 0.0533517 0.0534262 0.0534791 0.0535997 0.0537774 0.0538404 0.0533939 0.0518325 0.0485088 0.0430478 0.0356554 0.0271877
 0.00478525 0.0078374 0.0119203 0.0170483 0.0231035 0.0297404 0.0363663 0.042295 0.0470055 0.050311 0.0523299 0.0533393 0.0536469 0.0535333 0.053236 0.0529396 0.052757 0.0526919 0.0525794 0.0520282 0.0504382 0.0471669 0.0418391 0.0346463 0.0264151
 0.00496883 0.00813994 0.0123832 0.0177125 0.0240014 0.0308831 0.0377305 0.0438185 0.0485964 0.0518635 0.0537395 0.0545101 0.0544954 0.0539922 0.0532609 0.0525152 0.0519007 0.0514526 0.0510328 0.0502723 0.0485891 0.0453524 0.0401853 0.0332564 0.0253469
 0.00518941 0.00849906 0.0129248 0.0184785 0.0250243 0.0321743 0.0392671 0.0455379 0.0504024 0.053643 0.0553786 0.0559054 0.0555578 0.0546484 0.053454 0.0522081 0.0510814 0.0501422 0.049292 0.0482049 0.0463396 0.0430939 0.0380952 0.0314825 0.0239753
 0.00541854 0.008875 0.013497 0.0192951 0.0261228 0.0335671 0.0409265 0.0473915 0.0523443 0.0555538 0.0571441 0.0574252 0.0567462 0.0554326 0.053773 0.0520132 0.0503411 0.048852 0.0474883 0.0459788 0.0438427 0.0405277 0.0356791 0.0294069 0.0223573
 0.00565317 0.00926104 0.0140867 0.0201402 0.0272652 0.0350228 0.0426696 0.0493479 0.0544015 0.0575826 0.0590192 0.0590382 0.0580096 0.0562777 0.0541451 0.0518674 0.0496419 0.0475817 0.0456636 0.0436729 0.0412004 0.0377611 0.0330342 0.0271075 0.0205488
 0.00590408 0.00966958 0.014703 0.0210119 0.0284292 0.0364922 0.044419 0.051307 0.0564636 0.0596231 0.0609147 0.0606782 0.0593025 0.0571515 0.054545 0.0517509 0.048976 0.0463461 0.0438658 0.0413714 0.0385274 0.034925 0.0302897 0.0246966 0.0186363
 0.00615844 0.010087 0.0153381 0.0219177 0.0296457 0.03803 0.0462425 0.0533303 0.0585642 0.0616675 0.06278 0.0622636 0.0605293 0.0579596 0.0548881 0.0515925 0.0482869 0.0451074 0.0420816 0.0390919 0.0358725 0.0320924 0.02753 0.0222553 0.0166872
 0.00636707 0.0104328 0.0158714 0.0226898 0.0307003 0.0393869 0.0478816 0.0551842 0.0605268 0.0636131 0.0645845 0.0638183 0.0617479 0.0587787 0.0552633 0.0514921 0.0476865 0.0439906 0.0404509 0.03699 0.033406 0.0294419 0.0249294 0.0199393 0.0148265
 0.00660687 0.010822 0.0164558 0.0235122 0.0317923 0.0407571 0.0495023 0.056986 0.0624072 0.0654543 0.0662716 0.0652509 0.0628459 0.0594837 0.0555368 0.0513106 0.0470359 0.0428645 0.0388583 0.0349726 0.0310609 0.0269329 0.0224704 0.0177473 0.0130619
 0.00682678 0.0111836 0.0170075 0.0243005 0.0328519 0.0420952 0.0510837 0.0587298 0.0642003 0.0671758 0.0678134 0.0665277 0.0637953 0.0600624 0.0557163 0.0510734 0.0463729 0.0417745 0.037354 0.0330958 0.0289005 0.024635 0.020225 0.0157476 0.0114513
 0.00703669 0.0115283 0.0175326 0.0250503 0.0338606 0.0433722 0.0525989 0.060408 0.065931 0.0688342 0.0692828 0.0677145 0.0646353 0.0605202 0.0557791 0.0507421 0.0456548 0.0406807 0.035905 0.0313343 0.0269082 0.0225409 0.0181948 0.0139483 0.0100061
 0.0072717 0.0119124 0.0181137 0.0258733 0.0349567 0.0447436 0.0542034 0.0621554 0.0676962 0.0704828 0.0706943 0.0687971 0.0653304 0.0608014 0.0556473 0.0502171 0.0447661 0.0394616 0.0343929 0.0295805 0.0249915 0.0205759 0.0163232 0.01231 0.00870135
 0.0074387 0.0121914 0.0185475 0.0265062 0.0358254 0.0458621 0.0555482 0.0636592 0.0692573 0.0719837 0.0720216 0.0698553 0.0660499 0.0611414 0.0555953 0.0497845 0.0439814 0.0383639 0.0330298 0.0280114 0.0232956 0.0188572 0.0147026 0.0109029 0.00758762
 0.00753234 0.0123451 0.0187825 0.0268455 0.0362916 0.046474 0.0563134 0.0645681 0.070279 0.0730653 0.0730921 0.0708326 0.0668515 0.0616956 0.0558503 0.0497133 0.0435818 0.037656 0.0320527 0.0268226 0.0219725 0.0174962 0.0134107 0.00977835 0.00669691
 0.00762244 0.0124837 0.0189769 0.0270983 0.0366025 0.0468416 0.056737 0.0650473 0.0708125 0.0736491 0.0737144 0.0714689 0.0674606 0.0622215 0.0562299 0.0498885 0.0435107 0.0373209 0.0314638 0.0260184 0.021018 0.0164775 0.0124231 0.00890859 0.00600371
 0.00767307 0.0125635 0.0190921 0.0272523 0.0367951 0.0470679 0.0569873 0.0653098 0.0710785 0.0739182 0.0739955 0.0717741 0.0677946 0.0625716 0.0565622 0.0501514 0.0436466 0.037281 0.0312216 0.0255788 0.0204194 0.0157864 0.0117206 0.00827158 0.00548684
 0.00771443 0.0126246 0.0191728 0.0273489 0.0369019 0.0471797 0.057101 0.0654245 0.0711948 0.0740379 0.0741223 0.0719145 0.0679566 0.0627604 0.0567725 0.050362 0.0438199 0.03737 0.0311842 0.0253929 0.020093 0.0153587 0.0112519 0.00782618 0.00511432
 0.00776902 0.0127047 0.0192769 0.0274697 0.0370276 0.0472969 0.0571982 0.0654942 0.0712353 0.0740543 0.0741262 0.0719205 0.0679793 0.0628103 0.0568534 0.0504678 0.0439322 0.0374588 0.0312136 0.0253328 0.019932 0.0151111 0.0109548 0.00752672 0.00485374
 0.00781979 0.0127828 0.0193859 0.0276086 0.0371902 0.0474711 0.0573657 0.0656335 0.0713272 0.0740883 0.0741047 0.0718584 0.0678986 0.0627337 0.0567984 0.0504429 0.0439344 0.037473 0.0312159 0.0252972 0.0198404 0.0149621 0.0107658 0.0073274 0.00467398
 0.00784848 0.0128279 0.0194508 0.0276953 0.0372983 0.0475967 0.0575011 0.0657662 0.0714418 0.07417 0.0741429 0.0718502 0.06785 0.0626586 0.0567149 0.0503679 0.0438783 0.0374362 0.0311882 0.0252618 0.0197811 0.0148711 0.0106484 0.00719927 0.00455457
 0.00787242 0.0128634 0.019498 0.0277521 0.0373616 0.0476634 0.0575689 0.0658335 0.0715064 0.0742284 0.0741897 0.0718791 0.0678559 0.0626397 0.0566748 0.0503152 0.0438234 0.0373873 0.0311469 0.0252229 0.0197355 0.0148116 0.0105744 0.00711803 0.00447722
 0.00788763 0.0128836 0.0195197 0.0277696 0.0373681 0.047654 0.0575431 0.0657959 0.071466 0.0741956 0.0741736 0.0718843 0.067881 0.0626781 0.0567171 0.0503533 0.0438532 0.0374083 0.0311603 0.0252283 0.0197305 0.0147935 0.010543 0.00707756 0.00443481
 0.00789236 0.0128902 0.0195277 0.0277772 0.0373721 0.0476504 0.057527 0.0657639 0.071418 0.0741368 0.0741143 0.0718373 0.067857 0.0626822 0.0567473 0.0504017 0.0439092 0.0374627 0.0312066 0.0252629 0.0197515 0.0148001 0.0105364 0.00706113 0.00441373
 0.00790153 0.0129016 0.0195383 0.0277822 0.0373661 0.0476296 0.0574911 0.0657157 0.0713623 0.0740787 0.0740585 0.071789 0.0678223 0.0626672 0.056756 0.0504339 0.0439601 0.0375236 0.0312682 0.0253171 0.0197929 0.0148265 0.0105484 0.00706175 0.0044073
 0.00789203 0.0128859 0.019514 0.0277469 0.0373174 0.0475662 0.0574134 0.0656273 0.0712698 0.0739913 0.0739863 0.0717405 0.0678027 0.0626779 0.0567955 0.0504982 0.0440435 0.0376185 0.0313654 0.0254075 0.019869 0.014884 0.0105868 0.00708335 0.00441667
 0.00788471 0.0128719 0.0194893 0.0277063 0.0372569 0.047484 0.0573126 0.0655153 0.0711573 0.0738893 0.0739043 0.0716853 0.067779 0.0626876 0.0568375 0.0505686 0.044136 0.0377249 0.0314765 0.025514 0.0199627 0.0149593 0.0106414 0.0071187 0.00443671
 0.00786609 0.012839 0.0194349 0.0276227 0.0371374 0.0473269 0.0571241 0.0653105 0.0709572 0.0737162 0.0737772 0.0716164 0.0677722 0.0627398 0.05694 0.0507098 0.0443026 0.0379037 0.031655 0.0256806 0.0201081 0.0150772 0.0107296 0.00717903 0.00447404
 0.00786003 0.0128274 0.019414 0.0275874 0.0370819 0.0472459 0.0570147 0.065174 0.0708004 0.0735519 0.0736225 0.0714901 0.0676908 0.0627133 0.0569707 0.0507921 0.0444256 0.0380531 0.0318156 0.0258384 0.0202511 0.015197 0.010822 0.00724419 0.00451581
 0.00782288 0.0127687 0.019329 0.0274729 0.0369374 0.0470747 0.0568244 0.0649769 0.0706114 0.0733855 0.0734911 0.0714031 0.0676548 0.0627326 0.0570458 0.0509189 0.0445946 0.0382506 0.0320252 0.0260433 0.0204369 0.0153532 0.0109432 0.0073307 0.00457218
 0.00780714 0.0127379 0.0192734 0.0273808 0.0367987 0.0468863 0.0565945 0.0647251 0.0703645 0.0731699 0.0733267 0.0713013 0.067619 0.0627608 0.0571327 0.0510571 0.0447744 0.0384597 0.0322487 0.0262649 0.020641 0.0155273 0.0110804 0.00742999 0.00463781
 0.00777548 0.0126867 0.0191967 0.0272727 0.0366541 0.0467022 0.0563724 0.0644735 0.0701001 0.0729164 0.0731113 0.0711488 0.0675466 0.062774 0.0572264 0.0512183 0.0449864 0.0387044 0.0325077 0.0265201 0.0208758 0.0157284 0.0112399 0.00754633 0.00471539
 0.0077442 0.0126353 0.0191183 0.0271611 0.0365049 0.0465153 0.056154 0.0642363 0.0698606 0.0726921 0.0729186 0.0710025 0.0674599 0.0627575 0.0572848 0.0513488 0.0451779 0.0389397 0.0327663 0.0267811 0.0211198 0.0159401 0.0114096 0.00767149 0.00479973
 0.00770275 0.01257 0.0190241 0.0270344 0.0363447 0.0463237 0.0559375 0.0640063 0.0696326 0.0724832 0.0727444 0.0708757 0.0673893 0.0627485 0.0573399 0.0514668 0.0453531 0.0391607 0.0330164 0.0270401 0.0213672 0.0161582 0.0115869 0.00780368 0.00488969
 0.0076791 0.0125287 0.0189566 0.0269317 0.0361997 0.046135 0.0557129 0.0637627 0.069392 0.0722672 0.0725698 0.0707532 0.0673242 0.0627428 0.057393 0.0515761 0.0455135 0.0393635 0.0332489 0.0272854 0.0216061 0.0163731 0.0117645 0.00793799 0.00498219
 0.00766815 0.0125096 0.0189254 0.0268832 0.036128 0.0460347 0.055581 0.0636005 0.0692068 0.0720726 0.0723839 0.070595 0.0672099 0.0626826 0.0573909 0.0516311 0.0456207 0.0395153 0.0334342 0.0274896 0.0218124 0.0165642 0.0119267 0.00806341 0.00507022
 0.00762602 0.0124478 0.0188446 0.0267882 0.0360254 0.0459306 0.0554782 0.0634986 0.0691041 0.0719679 0.072279 0.0704961 0.0671269 0.0626275 0.0573743 0.0516599 0.0456965 0.0396342 0.0335876 0.0276649 0.0219942 0.0167366 0.0120758 0.00818086 0.00515398
 0.00760891 0.012417 0.018793 0.0267086 0.0359136 0.0457892 0.0553192 0.0633415 0.068969 0.0718676 0.0722156 0.0704626 0.0671138 0.0626287 0.0573904 0.0516961 0.0457593 0.0397274 0.0337096 0.0278087 0.0221479 0.0168861 0.0122081 0.00828708 0.00523104
 0.00758906 0.0123872 0.0187526 0.0266577 0.0358522 0.045716 0.0552322 0.0632396 0.0688558 0.0717529 0.0721133 0.0703859 0.0670704 0.0626184 0.0574078 0.0517354 0.0458178 0.039805 0.0338069 0.0279229 0.0222721 0.0170099 0.0123204 0.00837928 0.00529926
 0.00756873 0.0123564 0.0187105 0.0266052 0.0357918 0.0456516 0.0551677 0.0631785 0.0687995 0.0717009 0.0720641 0.0703399 0.0670312 0.0625921 0.0574 0.051749 0.0458525 0.0398591 0.0338781 0.0280083 0.0223667 0.0171064 0.0124103 0.00845492 0.00535653
 0.00756693 0.012351 0.018698 0.0265812 0.0357525 0.0455958 0.055099 0.0631045 0.0687295 0.0716425 0.0720209 0.0703108 0.067013 0.062582 0.0573979 0.051757 0.0458736 0.0398954 0.0339296 0.0280729 0.0224402 0.0171827 0.0124824 0.00851671 0.00540415
 0.00755274 0.0123318 0.018676 0.0265602 0.0357362 0.0455851 0.0550909 0.0630931 0.0687091 0.0716113 0.071982 0.0702708 0.0669782 0.0625564 0.0573825 0.0517518 0.0458787 0.0399118 0.0339582 0.0281133 0.0224901 0.0172375 0.0125363 0.00856424 0.00544167
 0.00754278 0.0123138 0.018646 0.0265142 0.0356724 0.0455063 0.0550054 0.0630133 0.068647 0.0715733 0.0719673 0.0702736 0.066992 0.0625772 0.057409 0.0517839 0.0459167 0.0399555 0.0340073 0.0281671 0.0225468 0.0172942 0.0125891 0.00860936 0.00547662
 0.00753263 0.012299 0.0186265 0.0264908 0.0356453 0.0454749 0.0549678 0.0629681 0.0685955 0.0715204 0.0719211 0.0702415 0.0669781 0.0625807 0.0574261 0.0518103 0.0459494 0.039993 0.0340488 0.028212 0.0225937 0.0173407 0.0126322 0.00864624 0.00550532
 0.00749641 0.0122435 0.0185496 0.026393 0.0355307 0.0453502 0.0548429 0.0628542 0.0685029 0.0714564 0.0718884 0.0702399 0.0670053 0.0626337 0.0575006 0.0519004 0.0460483 0.0400941 0.0341472 0.0283042 0.0226772 0.0174137 0.0126931 0.00869395 0.00554003
 0.00750256 0.0122476 0.0185451 0.0263707 0.0354813 0.0452694 0.0547344 0.06273 0.0683799 0.0713507 0.0718115 0.0701965 0.0669951 0.0626529 0.0575443 0.0519635 0.0461252 0.0401793 0.0342349 0.0283892 0.0227554 0.0174819 0.0127495 0.00873765 0.00557146
 0.00750032 0.0122484 0.0185538 0.0263932 0.0355211 0.0453233 0.0547902 0.0627695 0.0683859 0.0713154 0.0717398 0.070104 0.0669008 0.0625726 0.0574871 0.0519323 0.0461183 0.0401924 0.0342628 0.0284262 0.0227962 0.0175218 0.012785 0.00876658 0.00559301
 0.00748015 0.0122149 0.0185026 0.0263212 0.0354287 0.045217 0.0546831 0.0626783 0.0683241 0.0712872 0.0717389 0.0701184 0.0669205 0.0625944 0.0575143 0.05197 0.04617 0.0402576 0.0343375 0.0285045 0.022872 0.0175898 0.0128414 0.00880991 0.00562358
 0.00748015 0.0122149 0.0185026 0.0263212 0.0354287 0.045217 0.0546831 0.0626783 0.0683241 0.0712872 0.0717389 0.0701184 0.0669205 0.0625944 0.0575143 0.05197 0.04617 0.0402576 0.0343375 0.0285045 0.022872 0.0175898 0.0128414 0.00880991 0.00562358
 0.00728182 0.0118975 0.0180357 0.0256837 0.0346175 0.0442587 0.0536438 0.0616616 0.0674522 0.0706705 0.0714478 0.0701697 0.0672798 0.0631922 0.0582663 0.0527962 0.0470052 0.0410546 0.0350642 0.0291399 0.0234037 0.0180133 0.0131599 0.00903405 0.00576997
 0.00719433 0.0117376 0.0177627 0.0252499 0.0339809 0.0434024 0.0525951 0.060498 0.0662904 0.0696427 0.0706755 0.0697422 0.0672396 0.0635287 0.0589208 0.0536771 0.0480095 0.0420866 0.0360475 0.030021 0.0241501 0.0186108 0.0136099 0.00935055 0.00597621
 0.00722118 0.0117746 0.0178044 0.0252817 0.0339764 0.0433224 0.0523918 0.0601269 0.0657301 0.0689139 0.0698493 0.0689292 0.0665635 0.0630943 0.0587887 0.0538518 0.0484441 0.0427001 0.0367469 0.0307213 0.0247865 0.0191433 0.014022 0.00964545 0.0061705
 0.00705574 0.0115221 0.0174553 0.0248388 0.0334541 0.042744 0.0517861 0.0595238 0.0651541 0.0683798 0.069365 0.0685075 0.0662345 0.0629078 0.0588018 0.0541066 0.048947 0.0434131 0.0375945 0.03161 0.025627 0.0198683 0.0145953 0.0100612 0.00644655
 0.00706698 0.0115255 0.0174334 0.0247672 0.033309 0.042513 0.0514767 0.0591624 0.0647748 0.0680099 0.0690167 0.0681795 0.0659241 0.0626259 0.0585809 0.0539966 0.0489974 0.0436506 0.0380074 0.0321474 0.026214 0.0204287 0.0150713 0.0104243 0.00669618
 0.00704577 0.0115033 0.0174214 0.0247797 0.0333555 0.0425874 0.0515516 0.0591957 0.0647265 0.0678605 0.0687744 0.0678731 0.0655884 0.062291 0.0582728 0.0537443 0.0488367 0.0436169 0.0381212 0.0323996 0.0265641 0.0208162 0.0154362 0.0107241 0.00691367
 0.00698386 0.0114057 0.0172813 0.0245958 0.0331353 0.0423501 0.0513271 0.0590167 0.0646142 0.0678132 0.068767 0.0678705 0.0655632 0.0622352 0.0581976 0.0536731 0.0487989 0.0436427 0.0382343 0.0326079 0.026852 0.0211463 0.0157611 0.011003 0.00712418
 0.00690582 0.0112813 0.0170988 0.0243469 0.0328177 0.0419716 0.0509101 0.0585991 0.0642445 0.0675383 0.0686179 0.0678523 0.0656539 0.0623958 0.0583883 0.0538682 0.0489926 0.043846 0.0384652 0.0328794 0.0271623 0.0214759 0.0160783 0.0112762 0.0073336
 0.0069503 0.0113447 0.0171774 0.0244304 0.0328906 0.0420161 0.0509097 0.0585416 0.064126 0.0673663 0.0684128 0.0676429 0.0654695 0.0622556 0.0582966 0.0538171 0.048971 0.0438495 0.0384987 0.0329527 0.0272805 0.0216318 0.0162524 0.0114433 0.00747259
 0.006887 0.0112564 0.0170712 0.024321 0.0327947 0.0419446 0.0508614 0.0585036 0.0640806 0.0672996 0.0683209 0.0675344 0.0653619 0.06217 0.0582502 0.053818 0.0490176 0.0439336 0.0386119 0.03309 0.0274383 0.0218035 0.0164256 0.0116018 0.00760227
 0.00682991 0.0111601 0.016921 0.0241046 0.0325085 0.0416019 0.0504968 0.0581671 0.0638209 0.0671457 0.0682729 0.0675691 0.0654487 0.0622855 0.0583843 0.053971 0.0491931 0.0441322 0.0388296 0.0333191 0.0276694 0.0220266 0.0166292 0.011775 0.00773748
 0.00685799 0.0112008 0.0169722 0.0241592 0.0325543 0.0416224 0.0504746 0.0580902 0.0636894 0.0669761 0.068094 0.067411 0.0653307 0.0622111 0.0583459 0.0539595 0.0492039 0.0441665 0.0388898 0.0334051 0.0277768 0.0221463 0.0167498 0.0118849 0.00782754
 0.00683389 0.0111677 0.0169335 0.0241214 0.0325241 0.041603 0.0504624 0.0580745 0.0636561 0.0669136 0.068 0.0672954 0.0652135 0.0621148 0.0582871 0.0539438 0.0492279 0.0442226 0.0389711 0.0335061 0.0278917 0.0222675 0.0168675 0.0119892 0.00791142
