SBPRF35
7.80264
Curr Bio
425574
B35
539409
F35
0.212677
FOFL
0.127699
OFL
34535.7
Bzero
2.22933e+006
#pred survey bio
 3.47554e+006 3.33894e+006 3.2613e+006 3.20856e+006 2.93309e+006 2.73632e+006 2.495e+006 2.21068e+006 1.96793e+006 1.73427e+006 1.49933e+006 1.34214e+006 1.20763e+006 1.10562e+006 1.00697e+006 855148 740100 667398 636765 603914 578893 562769 569494 553530 540166 502864 457097 450597 440054 448210 472349 506069 536756 566527 593646 591835 579197 556523 533860 584871 619439 607132 577551 544103 561272 602570 633523 638676 653064 594226 590016 591978 553846 550926 574922 634210 687345 705128 653296 544036 431535 1.19e+007 7.42661e+006 8.20119e+006 9.52996e+006 1.10708e+007 1.2555e+007 1.38391e+007 1.48758e+007 1.56744e+007 1.62705e+007 1.6706e+007 1.70199e+007 1.72444e+007 1.74046e+007 1.75188e+007 1.76005e+007 1.76592e+007 1.77017e+007 1.77326e+007 1.77553e+007 1.7772e+007 1.77844e+007 1.77937e+007 1.78007e+007 1.78059e+007 1.78099e+007 1.7813e+007 1.78153e+007 1.7817e+007 1.78184e+007 1.78194e+007 1.78202e+007 1.78208e+007 1.78213e+007 1.78217e+007 1.7822e+007 1.78222e+007 1.78223e+007 1.78225e+007 1.78226e+007 1.78227e+007 1.78227e+007 1.78228e+007 1.78228e+007 1.78228e+007 1.78229e+007 1.78229e+007 1.78229e+007 1.78229e+007 1.78229e+007 1.78229e+007 1.78229e+007 1.78229e+007 1.78229e+007 1.78229e+007 1.78229e+007 1.78229e+007 1.78229e+007 1.78229e+007 1.78229e+007 1.78229e+007 1.78229e+007 1.78229e+007 1.78229e+007 1.78229e+007 1.78229e+007 1.78229e+007 1.78229e+007 1.78229e+007 1.78229e+007 1.78229e+007 1.78229e+007 1.78229e+007 1.78229e+007 1.78229e+007 1.78229e+007 1.78229e+007 1.78229e+007 1.78229e+007 1.78229e+007 1.78229e+007 1.78229e+007 1.78229e+007 1.78229e+007 1.78229e+007 1.78229e+007 1.78229e+007 1.78229e+007 1.78229e+007 1.78229e+007 1.78229e+007 1.78229e+007 1.78229e+007 1.78229e+007 1.78229e+007 1.78229e+007 1.78229e+007 1.78229e+007 1.78229e+007 1.78229e+007 0 0 0 0 0 0 0 0 0 0 0 0 0 0 0 0 0 0 0 0 0 0 0 0 0
#obs survey bio
 3.6244e+006 3.59681e+006 3.52109e+006 3.9128e+006 2.61229e+006 2.76939e+006 3.56453e+006 2.09129e+006 1.63831e+006 2.03621e+006 1.47854e+006 1.26257e+006 1.13595e+006 1.12055e+006 998671 702910 701105 612185 702091 549831 630277 482858 530394 794436 440859 456396 369614 459979 405074 427369 384938 706208 553298 760874 540789 557863 650745 716004 303305 602461 621566 716954 617476 539464 533378 646178 828586 635094 724714 434257 630532 515908 590778 475547 462268 557519 673858 842336 586381 651005 365521
#pred catch bio
 112097 106474 157724 213480 237024 290602 280910 298649 296304 311018 285086 283070 265653 238306 227635 203564 188767 164699 154434 145704 126379 114236 120721 102841 108816 100656 96882.1 107995 100177 95074.7 89287.6 96051 96154.6 93493.7 93052 82234.2 95961.8 92690.8 80841.4 89041.4 97039 92988.3 85924.6 84420.4 89854.6 86619.1 97539.2 86665.3 106059 85556.9 55977.5 115414 85977.1 89590.9 78748.2 93088.7 103922 115023 135889 97804.5 86456.7 34535.7 57004.4 61554.2 70950.2 82610.1 93865.6 103457 111022 116679 120748 123589 125530 126832 127695 128260 128627 128864 129016 129113 129175 129214 129239 129254 129264 129271 129274 129277 129278 129279 129280 129280 129281 129281 129281 129281 129281 129281 129281 129281 129281 129281 129281 129281 129281 129281 129281 129281 129281 129281 129281 129281 129281 129281 129281 129281 129281 129281 129281 129281 129281 129281 129281 129281 129281 129281 129281 129281 129281 129281 129281 129281 129281 129281 129281 129281 129281 129281 129281 129281 129281 129281 129281 129281 129281 129281 129281 129281 129281 129281 129281 129281 129281 129281 129281 129281 129281 129281 129281 129281 129281 0 0 0 0 0 0 0 0 0 0 0 0 0 0 0 0 0 0 0 0 0 0 0 0 0
#obs catch bio
 0 106119 157953 213506 236973 291267 280383 299011 296095 311017 285214 283316 266605 238570 226906 203259 189077 165396 154198 146084 126097 114390 120882 102623 108889 100301 97061.8 108186 100292 95374.1 89159 96165 96187.3 93571.4 93059.4 81973.2 96130.3 92557.6 81072.3 89071.3 97001.4 92965.6 85760.9 84473.1 90189.9 86457.6 97650.5 86510.1 106149 85859.7 55431.4 116457 85700 89815.9 78655.1 93236.4 103912 114754 136338 97538.4 86550.7
#pred cpue bio
 3.43806e+006 3.30306e+006 3.22488e+006 3.17083e+006 2.89688e+006 2.70015e+006 2.45927e+006 2.1765e+006 1.93466e+006 1.70221e+006 1.46885e+006 1.31223e+006 1.17813e+006 1.07625e+006 978366 829201 716106 644535 614385 582384 557924 542215 548612 533055 520396 484465 440340 434033 423802 431716 455104 487815 517556 546450 573011 571393 558109 534238 511409 560292 594003 582497 554189 522125 538486 578173 608219 613150 627207 570643 566594 569631 532608 529643 552536 609885 661278 678224 627604 521191 413132 1.13634e+007 7.0551e+006 7.65583e+006 8.86961e+006 1.03848e+007 1.18651e+007 1.31487e+007 1.41853e+007 1.49839e+007 1.558e+007 1.60154e+007 1.63294e+007 1.65539e+007 1.6714e+007 1.68283e+007 1.691e+007 1.69687e+007 1.70112e+007 1.70421e+007 1.70647e+007 1.70815e+007 1.70939e+007 1.71032e+007 1.71101e+007 1.71154e+007 1.71194e+007 1.71224e+007 1.71247e+007 1.71265e+007 1.71279e+007 1.71289e+007 1.71297e+007 1.71303e+007 1.71308e+007 1.71312e+007 1.71314e+007 1.71317e+007 1.71318e+007 1.7132e+007 1.71321e+007 1.71321e+007 1.71322e+007 1.71322e+007 1.71323e+007 1.71323e+007 1.71323e+007 1.71323e+007 1.71324e+007 1.71324e+007 1.71324e+007 1.71324e+007 1.71324e+007 1.71324e+007 1.71324e+007 1.71324e+007 1.71324e+007 1.71324e+007 1.71324e+007 1.71324e+007 1.71324e+007 1.71324e+007 1.71324e+007 1.71324e+007 1.71324e+007 1.71324e+007 1.71324e+007 1.71324e+007 1.71324e+007 1.71324e+007 1.71324e+007 1.71324e+007 1.71324e+007 1.71324e+007 1.71324e+007 1.71324e+007 1.71324e+007 1.71324e+007 1.71324e+007 1.71324e+007 1.71324e+007 1.71324e+007 1.71324e+007 1.71324e+007 1.71324e+007 1.71324e+007 1.71324e+007 1.71324e+007 1.71324e+007 1.71324e+007 1.71324e+007 1.71324e+007 1.71324e+007 1.71324e+007 1.71324e+007 1.71324e+007 1.71324e+007 1.71324e+007 1.71324e+007 1.71324e+007 1.71324e+007 0 0 0 0 0 0 0 0 0 0 0 0 0 0 0 0 0 0 0 0 0 0 0 0 0
#obs cpue bio
 3.29859e+006 3.13149e+006 2.16553e+006 4.38229e+006 2.3504e+006 2.6375e+006 2.13401e+006 1.90185e+006 2.52724e+006 1.5553e+006 1.29092e+006 1.43318e+006 1.02192e+006 1.10998e+006 1.36189e+006 932432 672885 550368 749296 527098 636868 474548 685511 381368 634197 675145 379167 482037 427294 385338 675808 322655 513323 371377 717524 645815 452414 523570 493789 732301 676914 475577 591288 430382 456954 704717 467969 542975 738722 556733 742448 519473 576334 519580 664887 659252 731428 653819 639870 477393 449574
#pred surv len freq
 0.00421873 0.00696027 0.0106818 0.0154299 0.0211201 0.027442 0.0338451 0.0396931 0.0445097 0.0481313 0.0506674 0.0523508 0.0534089 0.0540142 0.0542856 0.0543122 0.0541773 0.0539577 0.0536657 0.0531333 0.0519128 0.0493297 0.0447694 0.0380922 0.0298909
 0.00453808 0.00738832 0.0111602 0.0158548 0.0213791 0.0274684 0.0336543 0.0393738 0.0441727 0.0478515 0.0504576 0.0521803 0.0532498 0.0538784 0.0542311 0.0544141 0.0544807 0.0544359 0.0542067 0.0535675 0.0520777 0.0491411 0.044261 0.0373977 0.0291793
 0.00460861 0.0075666 0.0115385 0.0165383 0.0224356 0.0288635 0.0352155 0.0408252 0.0452402 0.0483765 0.0504475 0.051768 0.0526057 0.0531415 0.0534936 0.0537405 0.0539215 0.0540142 0.053892 0.0532682 0.0516733 0.0485438 0.0434684 0.0365 0.0283134
 0.00468671 0.0076882 0.0117172 0.0167976 0.0228208 0.0294469 0.0360797 0.0420172 0.0467115 0.0499529 0.0518639 0.052766 0.0530364 0.05301 0.0529271 0.0529155 0.052999 0.0531048 0.0530425 0.0524634 0.0508564 0.0476591 0.0425072 0.035519 0.0274111
 0.00492646 0.00805765 0.0122349 0.0174664 0.0236289 0.0303719 0.0370962 0.0431059 0.0478658 0.0511688 0.0531097 0.0539472 0.0539922 0.053561 0.0529512 0.0524022 0.0520467 0.0518687 0.0516697 0.0510506 0.0494458 0.0462659 0.0411575 0.0342699 0.026339
 0.00508333 0.00833834 0.0127031 0.0181926 0.0246687 0.0317348 0.0387209 0.0448639 0.0495985 0.0527406 0.0544435 0.0550211 0.0548015 0.0540745 0.0530958 0.0520916 0.0512343 0.0505848 0.0500182 0.0491713 0.0474749 0.044319 0.039335 0.0326641 0.0250258
 0.00529605 0.00868277 0.0132208 0.0189264 0.0256604 0.033017 0.0403016 0.0467073 0.0516124 0.0547794 0.0563332 0.0565994 0.0559546 0.0547488 0.053278 0.0517768 0.0504117 0.0492538 0.0482195 0.0470056 0.0450954 0.0419064 0.0370681 0.0306936 0.0234509
 0.00553841 0.00907111 0.0137947 0.0197193 0.0266942 0.0342949 0.0418011 0.0483791 0.0533888 0.0565833 0.0580793 0.0581892 0.0572755 0.0556874 0.053741 0.0517047 0.049778 0.0480603 0.0465002 0.0448428 0.0426319 0.0393385 0.0346143 0.0285487 0.021743
 0.00575007 0.00943378 0.0143741 0.0205858 0.027905 0.0358673 0.0436888 0.0504699 0.0555302 0.0586233 0.0598986 0.05971 0.0584491 0.0564726 0.0540901 0.0515629 0.0490949 0.0468071 0.0446879 0.0425398 0.0399773 0.0365391 0.0319143 0.0261759 0.0198523
 0.00594393 0.00975563 0.0148722 0.0213129 0.028912 0.0371898 0.0453297 0.0523848 0.057623 0.0607559 0.0619129 0.0614559 0.0598099 0.0573765 0.0545016 0.0514632 0.0484655 0.0456295 0.0429623 0.0403143 0.0373734 0.0337559 0.0292002 0.0237717 0.0179275
 0.00622569 0.0102134 0.0155604 0.0222815 0.0301965 0.0387968 0.0472216 0.0544768 0.0597958 0.0628781 0.0638583 0.0631113 0.0610775 0.0581786 0.0547863 0.0512047 0.047657 0.0442756 0.0410822 0.0379615 0.0346629 0.0308772 0.0263972 0.021287 0.0159361
 0.0064497 0.0105869 0.0161396 0.0231243 0.0313501 0.0402785 0.0490001 0.0564664 0.061871 0.0649 0.0656996 0.0646687 0.0622725 0.0589523 0.055094 0.0510134 0.0469459 0.0430393 0.0393377 0.0357636 0.0321232 0.0281739 0.0237581 0.0189409 0.0140503
 0.0066974 0.0109924 0.0167552 0.0240008 0.0325276 0.0417708 0.0507779 0.0584497 0.0639373 0.066906 0.0675054 0.0661568 0.0633584 0.0595858 0.0552526 0.0506907 0.0461422 0.0417598 0.0376016 0.0336221 0.0296798 0.0255937 0.0212514 0.0167184 0.0122662
 0.00691072 0.0113427 0.0172891 0.024764 0.0335558 0.0430762 0.0523348 0.0601888 0.0657555 0.068685 0.0691291 0.067523 0.0643843 0.0602113 0.0554416 0.0504285 0.0454299 0.0406095 0.036039 0.0316991 0.0274914 0.0232873 0.0190135 0.0147354 0.0106744
 0.0070617 0.0115881 0.0176588 0.0252871 0.034257 0.0439686 0.0534119 0.0614194 0.0670849 0.0700424 0.0704361 0.0686997 0.0653545 0.0609072 0.0558076 0.0504241 0.0450317 0.0398121 0.0348587 0.0301813 0.0257215 0.0213952 0.0171614 0.0130849 0.00934419
 0.00728386 0.0119443 0.0181851 0.026012 0.0351942 0.0451072 0.0547072 0.0627932 0.0684399 0.0712842 0.0714916 0.0695227 0.0659205 0.0612034 0.055825 0.0501532 0.0444624 0.038939 0.0336898 0.0287499 0.0240974 0.0196882 0.0155092 0.0116237 0.00817281
 0.00736753 0.0121112 0.0184924 0.0265295 0.0359853 0.0461988 0.0560641 0.0643139 0.06998 0.0726945 0.0726517 0.0703585 0.0664047 0.0613451 0.0556535 0.0497026 0.0437607 0.0380054 0.0325419 0.0274169 0.0226344 0.0181825 0.0140716 0.010364 0.00716937
 0.00743014 0.0122201 0.0186716 0.0268109 0.0364079 0.0468033 0.0568814 0.0653485 0.0711934 0.0739978 0.0739154 0.0714405 0.0671865 0.0617589 0.0556887 0.0493917 0.0431569 0.0371631 0.0315091 0.0262396 0.0213683 0.0169011 0.0128631 0.00931409 0.00633806
 0.00745566 0.0122516 0.0187016 0.0268295 0.0364101 0.0467994 0.0569045 0.0654533 0.0714431 0.0744412 0.0745634 0.0722508 0.0680653 0.0625826 0.0563369 0.049778 0.0432432 0.0369561 0.0310456 0.0255737 0.020565 0.0160359 0.012017 0.00856241 0.00573409
 0.00755353 0.012393 0.0188809 0.0270288 0.0366023 0.0469554 0.057002 0.0654853 0.0714249 0.0744137 0.0745856 0.072381 0.0683357 0.0629787 0.0567953 0.0502038 0.0435406 0.0370562 0.0309214 0.0252401 0.0200699 0.0154476 0.0114118 0.00800964 0.00528287
 0.00772799 0.0126557 0.0192363 0.0274644 0.0370889 0.0474497 0.0574504 0.0658312 0.0716216 0.0744408 0.0744603 0.0721573 0.0680887 0.0627796 0.0566858 0.050181 0.0435596 0.0370491 0.0308251 0.0250195 0.019728 0.0150215 0.010958 0.00758636 0.00493314
 0.00787427 0.0128692 0.019512 0.0277812 0.037414 0.0477475 0.0576897 0.0659891 0.0716848 0.0744073 0.0743406 0.071975 0.0678783 0.0625818 0.056538 0.0501058 0.0435535 0.0370808 0.0308453 0.0249806 0.0196037 0.0148162 0.010703 0.00732479 0.00470355
 0.00783689 0.0128257 0.0194773 0.0277772 0.03746 0.0478478 0.0578255 0.0661229 0.0717767 0.0744329 0.074301 0.071892 0.0677825 0.0625014 0.0564939 0.0501099 0.0436069 0.0371709 0.0309451 0.0250553 0.0196237 0.0147696 0.0106002 0.00719258 0.00457212
 0.00787831 0.0128872 0.0195601 0.0278807 0.0375851 0.0479992 0.0580104 0.0663436 0.0720211 0.0746688 0.0744826 0.0719773 0.0677518 0.0623657 0.0562892 0.049882 0.0433956 0.0369993 0.0308167 0.0249571 0.0195352 0.0146739 0.0104922 0.00707939 0.00446743
 0.00778491 0.0127376 0.0193396 0.0275791 0.0372011 0.0475468 0.0575247 0.0658816 0.0716518 0.0744557 0.0744632 0.0721497 0.0680748 0.0627742 0.0567169 0.0502813 0.0437447 0.0372962 0.0310665 0.0251623 0.0196927 0.0147797 0.0105472 0.00709291 0.00445473
 0.0077954 0.0127573 0.0193734 0.0276311 0.0372712 0.0476261 0.0575941 0.0659156 0.0716287 0.0743696 0.0743302 0.0720037 0.0679542 0.0627056 0.0567058 0.0503139 0.0437989 0.0373527 0.031115 0.0251992 0.0197169 0.01479 0.010543 0.00707663 0.00443162
 0.00778711 0.0127476 0.019366 0.0276322 0.0372883 0.0476657 0.0576581 0.0659986 0.0717166 0.0744417 0.0743653 0.071989 0.0678926 0.0626159 0.0566148 0.0502442 0.0437603 0.037342 0.0311214 0.0252114 0.0197268 0.0147933 0.0105386 0.00706559 0.00441694
 0.00758789 0.01247 0.0190338 0.0272965 0.0370131 0.0475048 0.0576367 0.0661083 0.0719247 0.0747045 0.0746395 0.0722377 0.0680895 0.0627488 0.0566872 0.0502727 0.0437669 0.0373451 0.0311303 0.0252266 0.0197439 0.0148069 0.0105458 0.00706614 0.00441273
 0.00766644 0.0125676 0.0191275 0.0273527 0.0370048 0.0474338 0.0575451 0.066066 0.0719943 0.0749053 0.0749338 0.0725484 0.0683359 0.0628773 0.0566839 0.0501573 0.0435782 0.0371259 0.0309161 0.0250401 0.0195945 0.0146945 0.010465 0.00701026 0.00437553
 0.00773081 0.0126609 0.0192452 0.0274791 0.0371125 0.0474867 0.0575078 0.0659195 0.071753 0.0746245 0.0746944 0.0724229 0.0683534 0.0630122 0.0568734 0.0503347 0.0436997 0.03718 0.0309157 0.0250079 0.0195515 0.0146542 0.010433 0.00698711 0.00435977
 0.0078347 0.0128007 0.019402 0.0276171 0.0371884 0.0474651 0.0573733 0.0656791 0.0714315 0.074258 0.0743286 0.0721116 0.0681501 0.062954 0.0569635 0.0505387 0.0439591 0.0374358 0.0311281 0.0251626 0.0196534 0.0147166 0.0104695 0.00700771 0.00437079
 0.00779121 0.0127381 0.0193215 0.0275215 0.0370771 0.0473287 0.0571924 0.065433 0.0711127 0.0738846 0.0739458 0.07178 0.0679281 0.0628822 0.0570568 0.0507833 0.0443154 0.0378473 0.0315364 0.0255222 0.01994 0.0149265 0.0106122 0.00709837 0.00442462
 0.00782387 0.0127769 0.0193541 0.027529 0.0370408 0.0472387 0.0570536 0.0652608 0.0709231 0.0736847 0.0737345 0.0715583 0.0677111 0.0627013 0.0569508 0.0507826 0.0444288 0.0380576 0.0318059 0.0258053 0.0201975 0.0151342 0.0107632 0.0071982 0.00448498
 0.00775305 0.0126755 0.0192261 0.0273849 0.0368919 0.0470904 0.0569018 0.0650966 0.0707421 0.0734948 0.0735547 0.0714103 0.0676101 0.0626544 0.0569615 0.0508559 0.0445704 0.0382664 0.0320674 0.0260921 0.0204759 0.0153754 0.0109507 0.0073295 0.00456809
 0.00783928 0.01277 0.0192857 0.0273452 0.0366902 0.0466973 0.0563451 0.0644577 0.0701259 0.0729908 0.0732123 0.0712384 0.0675915 0.0627614 0.0571658 0.0511326 0.044899 0.0386301 0.0324497 0.026473 0.0208318 0.0156834 0.0111948 0.00750562 0.00468322
 0.00866314 0.0139447 0.0207458 0.0289194 0.0381408 0.0477911 0.0569172 0.0644442 0.069565 0.072005 0.0719774 0.0699411 0.0663868 0.0617453 0.0563735 0.050556 0.044509 0.0383927 0.0323331 0.0264472 0.0208676 0.0157524 0.0112725 0.00757439 0.00473462
 0.00920691 0.0148416 0.0221087 0.0308319 0.0406042 0.0506604 0.059866 0.0670101 0.0712843 0.0725778 0.071369 0.0683669 0.0642055 0.0593305 0.0540218 0.0484525 0.0427374 0.0369664 0.0312273 0.0256214 0.0202767 0.0153504 0.0110146 0.00741954 0.00464795
 0.00916889 0.0148894 0.0223835 0.0315332 0.0419383 0.0527545 0.0626838 0.0703114 0.0746533 0.0755102 0.0733949 0.0691734 0.0637199 0.0577281 0.0516538 0.0457273 0.0400124 0.0344887 0.0291272 0.0239389 0.018995 0.0144223 0.0103787 0.00701024 0.00440235
 0.00909552 0.0147633 0.022189 0.0312732 0.0416603 0.0525769 0.0627979 0.0709349 0.0759348 0.0774287 0.0757123 0.0714812 0.0655655 0.0587633 0.0517385 0.0449497 0.0386274 0.0328134 0.027445 0.0224445 0.0177852 0.0135163 0.00974717 0.00660032 0.0041555
 0.00874976 0.0142464 0.0214953 0.030427 0.0407105 0.0515898 0.0618595 0.0701627 0.0754841 0.0774714 0.0763799 0.0727888 0.0673601 0.0607382 0.0535237 0.0462379 0.0392719 0.0328526 0.0270508 0.0218348 0.0171472 0.0129681 0.00933632 0.00632481 0.0039882
 0.0086874 0.0141059 0.0212144 0.0299313 0.0399415 0.0505438 0.0606158 0.068879 0.0743562 0.0766812 0.0760604 0.0730125 0.0681316 0.0619797 0.0550624 0.0478267 0.0406534 0.0338407 0.0275855 0.0219797 0.017038 0.0127478 0.00911 0.0061459 0.00386916
 0.00871261 0.0141498 0.0212823 0.0300208 0.0400314 0.0505848 0.0605331 0.0685955 0.0738332 0.0759558 0.0752523 0.0722935 0.067671 0.0618917 0.055373 0.0484641 0.0414661 0.0346432 0.0282191 0.022362 0.0171765 0.0127134 0.0089924 0.00601641 0.00376592
 0.00875182 0.0142061 0.0213536 0.0301012 0.0401136 0.0506617 0.0605956 0.0686262 0.0738008 0.0758184 0.0749776 0.0718862 0.0671918 0.061449 0.0550857 0.0484135 0.0416602 0.0350131 0.0286482 0.0227351 0.0174223 0.0128206 0.0089956 0.00596668 0.00370547
 0.0088333 0.0143234 0.0215018 0.0302654 0.0402726 0.0507939 0.0606847 0.0686637 0.0737842 0.0757476 0.0748497 0.0716952 0.0669358 0.061144 0.0547753 0.0481623 0.0415293 0.0350291 0.0287878 0.0229359 0.0176134 0.0129536 0.00905796 0.00597457 0.00368554
 0.00873197 0.0141955 0.0213763 0.0301893 0.040294 0.0509386 0.0609382 0.0689728 0.0740781 0.0759656 0.0749592 0.0716925 0.0668356 0.0609682 0.0545508 0.0479233 0.0413172 0.034883 0.0287288 0.0229561 0.0176805 0.013028 0.0091114 0.00599845 0.00368659
 0.0087246 0.0141659 0.0213019 0.030045 0.0400674 0.0506476 0.0606397 0.0687488 0.0740008 0.0760613 0.0751946 0.0719922 0.0671183 0.0611772 0.0546653 0.0479537 0.0412931 0.0348411 0.0287013 0.0229611 0.0177171 0.0130811 0.00916206 0.00603411 0.00370476
 0.00870967 0.0141329 0.0212353 0.0299233 0.0398667 0.0503496 0.060243 0.0682792 0.0735166 0.0756451 0.074931 0.071937 0.0672748 0.0614954 0.0550647 0.0483558 0.0416462 0.0351269 0.0289264 0.0231424 0.0178686 0.013208 0.00926317 0.00610715 0.00375113
 0.00874618 0.0141964 0.0213373 0.0300736 0.0400665 0.0505833 0.0604726 0.0684494 0.0735718 0.0755527 0.0746992 0.0716167 0.0669418 0.0612215 0.0548915 0.0482847 0.0416484 0.0351645 0.0289711 0.0231817 0.0179019 0.0132381 0.00929071 0.00613042 0.00376814
 0.00853111 0.0138798 0.0209232 0.0295895 0.0395586 0.050106 0.0600778 0.0681777 0.0734435 0.0755622 0.0748166 0.0718003 0.0671569 0.0614528 0.0551426 0.0485651 0.0419585 0.0354894 0.0292859 0.0234625 0.0181341 0.0134178 0.00942183 0.00622046 0.00382574
 0.00876045 0.0141999 0.0213082 0.0299845 0.0398979 0.0503406 0.0601954 0.0682015 0.0734124 0.0755058 0.0747414 0.0716927 0.0669976 0.0612337 0.0548755 0.0482798 0.0416917 0.0352705 0.029128 0.023362 0.0180775 0.0133898 0.00941013 0.00621704 0.00382592
 0.00851462 0.0138726 0.0209464 0.0296698 0.0397148 0.0503324 0.0603361 0.0684066 0.0735863 0.0755937 0.0747505 0.0716728 0.0670005 0.0612831 0.0549626 0.0483808 0.0417873 0.0353548 0.0292049 0.0234367 0.0181507 0.0134576 0.00946756 0.00626083 0.00385594
 0.00820111 0.0133351 0.0200936 0.0284197 0.0380371 0.0483023 0.0581638 0.0664065 0.0720797 0.0747952 0.0747064 0.0722814 0.0680854 0.0626621 0.0564824 0.0499206 0.0432533 0.0366792 0.0303469 0.0243805 0.0188992 0.0140253 0.0098762 0.00653727 0.00402983
 0.00852552 0.0138549 0.0208547 0.0294405 0.0392838 0.0496623 0.0594408 0.0673603 0.0725095 0.0746244 0.0740136 0.0712555 0.0669391 0.0615615 0.0555218 0.0491348 0.0426412 0.0362213 0.0300161 0.0241487 0.0187417 0.0139227 0.00981302 0.00650121 0.00401105
 0.00855746 0.0139028 0.0209211 0.0295302 0.0394078 0.0498393 0.059691 0.0676865 0.0728763 0.0749529 0.0742043 0.0712349 0.0666997 0.0611666 0.0550736 0.0487282 0.0423332 0.0360265 0.0299193 0.0241217 0.0187559 0.0139553 0.00984899 0.00653229 0.00403412
 0.00855829 0.0139132 0.0209532 0.0295996 0.0395285 0.0500176 0.0599204 0.0679507 0.0731551 0.0752251 0.0744444 0.0714067 0.0667601 0.0610837 0.0548481 0.0484014 0.0419718 0.0356956 0.0296605 0.0239467 0.0186541 0.0139059 0.00983114 0.00653019 0.00403789
 0.00843955 0.0137167 0.020653 0.0291748 0.0389744 0.0493593 0.0592224 0.0673099 0.0726765 0.0749897 0.0744851 0.0717028 0.0672469 0.061671 0.0554429 0.0489305 0.0423981 0.0360197 0.0299068 0.024144 0.0188212 0.0140488 0.00994813 0.00661875 0.00409885
 0.00851801 0.0138208 0.0207654 0.0292627 0.0389957 0.0492748 0.0590091 0.0669713 0.0722469 0.0745313 0.074076 0.0714167 0.0671312 0.0617324 0.0556474 0.0492176 0.0427033 0.0362943 0.0301281 0.0243124 0.0189489 0.0141483 0.0100267 0.00667883 0.00414164
 0.00867839 0.0140693 0.0211147 0.0297114 0.039523 0.0498355 0.0595325 0.0673698 0.0724386 0.0744682 0.0737643 0.0709179 0.0665427 0.0611568 0.0551639 0.0488645 0.0424773 0.0361646 0.0300567 0.0242698 0.0189197 0.014128 0.010015 0.00667475 0.00414259
 0.00880123 0.0142862 0.0214713 0.0302563 0.0402904 0.0508205 0.06067 0.0685333 0.0734652 0.0752005 0.0740916 0.070801 0.0660194 0.0603291 0.0541692 0.047841 0.0415333 0.0353622 0.029414 0.0237757 0.0185513 0.0138618 0.00983067 0.00655466 0.00407013
 0.00874692 0.0142826 0.021621 0.030703 0.0411775 0.0522255 0.0625481 0.0707042 0.0756527 0.0771033 0.0754526 0.0714553 0.0659164 0.0595317 0.0528323 0.0461727 0.0397492 0.0336455 0.0278909 0.0225116 0.0175609 0.0131267 0.00931459 0.00621405 0.00386067
 0.00920275 0.0148714 0.0222336 0.0311644 0.0413213 0.0519979 0.0620738 0.0702568 0.0755306 0.0774826 0.0763037 0.0725651 0.0669888 0.0603016 0.0531436 0.0460014 0.039181 0.032829 0.0269862 0.0216501 0.0168263 0.0125542 0.00890276 0.00593962 0.00369151
#obs surv len freq
 nan nan nan nan nan nan nan nan nan nan nan nan nan nan nan nan nan nan nan nan nan nan nan nan nan
 0.00448279 0.0073436 0.0111735 0.0159906 0.021693 0.0279708 0.0342871 0.0400199 0.0447 0.0481633 0.0505199 0.052014 0.0529045 0.0534152 0.0537281 0.053982 0.0542598 0.0545521 0.0546905 0.0542823 0.0527203 0.0493527 0.0438028 0.0362834 0.0276677
 0.0046184 0.00756441 0.0115062 0.0164594 0.0223137 0.0287422 0.035182 0.0409822 0.0456517 0.0490197 0.051205 0.0524722 0.0531064 0.0533586 0.0534341 0.053487 0.0536072 0.0537846 0.0538474 0.0534005 0.0518389 0.0485147 0.043053 0.0356596 0.027191
 0.00477896 0.00782891 0.0119106 0.0170392 0.0230963 0.0297356 0.0363621 0.0422887 0.0469949 0.0502959 0.0523128 0.0533243 0.0536374 0.0535309 0.0532404 0.0529491 0.0527695 0.052706 0.052594 0.0520428 0.0504523 0.0471801 0.0418507 0.0346559 0.0264224
 0.00496603 0.00813475 0.0123743 0.0176987 0.0239822 0.0308596 0.0377055 0.0437961 0.0485797 0.0518535 0.0537345 0.0545077 0.054494 0.0539922 0.0532638 0.0525226 0.0519128 0.0514687 0.0510515 0.0502923 0.0486089 0.0453712 0.040202 0.0332701 0.0253573
 0.00517838 0.00848138 0.0128987 0.0184424 0.0249772 0.0321164 0.0392004 0.0454667 0.0503332 0.0535831 0.0553346 0.0558811 0.0555534 0.0546614 0.0534807 0.0522452 0.0511267 0.0501941 0.0493491 0.048265 0.0463999 0.0431514 0.0381466 0.0315251 0.0240078
 0.00540785 0.00885742 0.0134702 0.0192568 0.0260714 0.0335023 0.0408501 0.0473078 0.052259 0.0554738 0.0570761 0.057375 0.0567181 0.0554287 0.0537926 0.0520532 0.0503976 0.0489207 0.0475655 0.046061 0.043926 0.0406077 0.035751 0.0294669 0.0224031
 0.00564406 0.00924617 0.0140642 0.0201082 0.0272221 0.0349678 0.0426034 0.0492725 0.0543209 0.0575018 0.058944 0.0589743 0.0579625 0.0562519 0.0541434 0.0518903 0.049688 0.0476471 0.0457438 0.0437626 0.0412937 0.037852 0.0331166 0.0271766 0.0206018
 0.00589831 0.00966002 0.0146882 0.0209905 0.0283999 0.0364541 0.0443721 0.0512523 0.0564031 0.0595593 0.0608507 0.0606178 0.05925 0.0571117 0.0545225 0.0517495 0.0489976 0.0463903 0.0439297 0.04145 0.0386142 0.0350125 0.0303708 0.0247653 0.0186894
 0.00614768 0.0100688 0.0153095 0.0218756 0.0295879 0.0379561 0.0461554 0.0532358 0.0584701 0.0615812 0.0627073 0.0622079 0.0604919 0.057941 0.0548887 0.0516131 0.0483285 0.0451701 0.0421641 0.0391903 0.0359804 0.0322015 0.0276315 0.0223416 0.016754
 0.00638676 0.0104622 0.0159104 0.0227364 0.0307501 0.0394338 0.0479184 0.0552035 0.060523 0.063584 0.0645321 0.0637485 0.0616687 0.0586986 0.0551898 0.0514313 0.047643 0.0439675 0.0404495 0.037009 0.0334415 0.0294875 0.0249779 0.0199839 0.0148628
 0.0066308 0.0108621 0.016518 0.0236018 0.0319121 0.0409039 0.0496648 0.0571454 0.062541 0.0655429 0.0663031 0.0652235 0.0627666 0.0593658 0.0553964 0.0511633 0.0468952 0.0427404 0.0387568 0.0348964 0.0310091 0.0269019 0.022455 0.0177419 0.0130617
 0.00685153 0.0112269 0.017078 0.0244081 0.033005 0.0422965 0.0513263 0.0589957 0.0644624 0.0674033 0.067978 0.0666095 0.0637861 0.0599671 0.0555511 0.0508612 0.0461383 0.0415396 0.0371357 0.032905 0.0287425 0.0245106 0.0201321 0.0156819 0.0114076
 0.00705824 0.0115653 0.017592 0.0251403 0.0339889 0.0435438 0.0528132 0.0606567 0.0661977 0.069096 0.069513 0.0678864 0.0647271 0.0605196 0.0556861 0.0505695 0.0454245 0.0404193 0.0356384 0.0310836 0.0266879 0.0223589 0.0180532 0.0138448 0.00993546
 0.00725988 0.0118949 0.0180911 0.0258481 0.0349339 0.044731 0.0542116 0.0621958 0.067778 0.070609 0.0708587 0.0689832 0.0655139 0.060955 0.055747 0.0502484 0.0447271 0.0393629 0.034254 0.0294243 0.0248386 0.0204414 0.0162151 0.0122301 0.00864707
 0.00743518 0.0121817 0.0185259 0.0264656 0.0357599 0.0457713 0.0554402 0.0635511 0.0691713 0.0719413 0.0720378 0.0699343 0.0661834 0.0613098 0.0557714 0.0499399 0.0440932 0.0384205 0.0330323 0.0279719 0.0232318 0.0187867 0.0146386 0.0108525 0.00755233
 0.00754341 0.0123592 0.0187964 0.0268529 0.0362846 0.0464444 0.0562557 0.064482 0.0701713 0.0729511 0.0729921 0.0707691 0.0668409 0.0617434 0.055948 0.0498412 0.043714 0.0377683 0.032129 0.0268585 0.021974 0.0174755 0.0133809 0.00974955 0.00667437
 0.00759857 0.0124496 0.0189341 0.0270507 0.0365545 0.0467957 0.0566918 0.0649984 0.0707551 0.0735816 0.0736417 0.0714023 0.0674155 0.0622129 0.0562667 0.0499693 0.0436233 0.0374455 0.0315793 0.0261092 0.0210776 0.0165082 0.0124331 0.00890713 0.00599822
 0.00767117 0.0125569 0.0190759 0.0272209 0.0367443 0.0469982 0.0569059 0.0652289 0.07101 0.0738687 0.0739639 0.0717548 0.067783 0.0625687 0.0565739 0.0501852 0.0437058 0.0373612 0.0313115 0.0256644 0.020489 0.0158345 0.0117483 0.00828428 0.00549072
 0.00771168 0.0126196 0.0191639 0.0273338 0.0368774 0.0471419 0.0570471 0.0653542 0.0711125 0.0739529 0.0740469 0.0718596 0.0679279 0.0627574 0.0567915 0.0503994 0.0438735 0.037438 0.031262 0.0254728 0.020166 0.0154173 0.0112933 0.00785155 0.00512779
 0.00777338 0.0127111 0.0192851 0.027479 0.0370364 0.047303 0.0571986 0.0654852 0.0712136 0.0740178 0.0740759 0.071862 0.0679209 0.0627613 0.0568211 0.0504557 0.0439401 0.0374843 0.0312527 0.0253801 0.0199808 0.0151549 0.0109892 0.00755022 0.00486769
 0.00782329 0.0127906 0.0194014 0.027636 0.0372326 0.0475286 0.0574337 0.0657026 0.0713855 0.0741245 0.0741115 0.0718337 0.067846 0.0626617 0.0567184 0.0503668 0.0438716 0.0374291 0.031192 0.0252906 0.0198462 0.0149744 0.0107793 0.00733846 0.00468136
 0.0078627 0.0128512 0.019486 0.0277453 0.0373652 0.0476813 0.0576009 0.065875 0.0715494 0.0742632 0.0742082 0.0718766 0.067832 0.062598 0.0566205 0.0502535 0.0437592 0.0373263 0.031097 0.0251935 0.0197351 0.0148433 0.0106334 0.00719194 0.00455118
 0.00787386 0.0128683 0.0195098 0.0277759 0.0374021 0.0477237 0.0576483 0.0659272 0.0716066 0.0743254 0.0742738 0.0719407 0.0678867 0.0626342 0.0566321 0.05024 0.0437261 0.037281 0.0310451 0.0251355 0.0196678 0.014764 0.010544 0.00710025 0.00446758
 0.00788505 0.0128814 0.0195205 0.0277772 0.0373871 0.0476888 0.0575961 0.0658669 0.0715512 0.0742881 0.0742641 0.0719625 0.0679373 0.0627052 0.0567111 0.0503143 0.0437858 0.0373213 0.0310653 0.0251369 0.0196519 0.0147325 0.0105002 0.0070502 0.00441886
 0.00788862 0.0128861 0.0195251 0.0277794 0.037383 0.0476734 0.0575645 0.0658161 0.071483 0.0742105 0.0741909 0.0719097 0.0679173 0.0627231 0.0567631 0.0503893 0.0438695 0.0374 0.0311292 0.0251807 0.0196742 0.0147352 0.0104874 0.00702766 0.00439309
 0.00790695 0.0129101 0.0195507 0.0277991 0.0373883 0.047658 0.0575263 0.0657582 0.0714114 0.0741322 0.0741134 0.0718407 0.0678659 0.0626978 0.0567694 0.050427 0.0439317 0.0374752 0.0312044 0.0252449 0.0197209 0.0147623 0.0104971 0.00702476 0.00438335
 0.00791204 0.012916 0.0195549 0.0277974 0.0373751 0.0476274 0.0574742 0.0656836 0.0713182 0.0740296 0.0740138 0.0717573 0.0678095 0.0626748 0.0567816 0.0504725 0.0440048 0.0375669 0.031303 0.0253385 0.0197996 0.0148206 0.0105343 0.00704415 0.00439035
 0.00788992 0.0128802 0.0195014 0.0277228 0.0372776 0.0475082 0.0573383 0.0655403 0.0711795 0.0739075 0.0739187 0.0716975 0.0677901 0.0626979 0.0568458 0.0505726 0.0441327 0.0377118 0.0314527 0.0254807 0.0199236 0.0149192 0.0106052 0.00708971 0.00441609
 0.00786961 0.0128448 0.019444 0.0276358 0.0371552 0.0473494 0.0571504 0.0653385 0.0709843 0.0737395 0.0737946 0.071627 0.0677766 0.0627393 0.0569363 0.0507035 0.0442934 0.0378903 0.0316359 0.0256556 0.0200786 0.0150461 0.0107004 0.00715473 0.00445607
 0.00786593 0.0128354 0.0194232 0.027596 0.0370881 0.0472489 0.0570149 0.0651733 0.0708014 0.0735562 0.0736305 0.0715008 0.0677022 0.0627236 0.0569787 0.0507974 0.0444276 0.0380515 0.0318096 0.0258274 0.0202357 0.0151787 0.0108031 0.00722734 0.00450259
 0.0078121 0.0127534 0.01931 0.0274522 0.0369174 0.047057 0.0568095 0.064964 0.0706003 0.0733772 0.0734877 0.0714072 0.0676677 0.0627536 0.0570722 0.0509474 0.0446218 0.0382738 0.0320427 0.0260541 0.0204409 0.0153514 0.0109376 0.0073235 0.00456534
 0.0078078 0.0127367 0.0192676 0.0273669 0.0367739 0.0468503 0.056551 0.0646811 0.0703275 0.0731452 0.0733162 0.0713037 0.0676322 0.0627824 0.0571609 0.0510897 0.0448088 0.0384927 0.0322775 0.0262875 0.0206563 0.0155358 0.0110834 0.00742937 0.00463552
 0.00777373 0.0126843 0.0191937 0.0272692 0.0366493 0.0466943 0.0563587 0.0644517 0.0700696 0.0728803 0.0730758 0.0711208 0.0675312 0.0627732 0.057239 0.0512413 0.0450158 0.0387364 0.0325387 0.0265473 0.0208971 0.0157432 0.0112486 0.00755035 0.00471649
 0.00773956 0.0126289 0.0191108 0.0271536 0.0364992 0.0465126 0.0561545 0.0642388 0.0698624 0.0726901 0.0729104 0.0709881 0.0674419 0.0627405 0.0572736 0.0513463 0.0451845 0.0389536 0.0327844 0.0268 0.0211366 0.0159531 0.0114184 0.00767638 0.00480186
 0.00933489 0.0148595 0.0217974 0.029906 0.0388295 0.0480169 0.0566567 0.0638169 0.0687642 0.0712082 0.0712899 0.0693928 0.0659635 0.0614229 0.0561355 0.0503939 0.0444161 0.0383601 0.032349 0.0264994 0.0209438 0.01584 0.0113594 0.00765029 0.00479317
 0.00932659 0.0151418 0.0227434 0.031977 0.0423738 0.0529977 0.06248 0.0694286 0.0730243 0.073341 0.0711401 0.0673651 0.0627441 0.057686 0.0523766 0.0469041 0.0413342 0.0357354 0.030185 0.024775 0.0196221 0.0148722 0.0106875 0.00721184 0.00452649
 0.00898128 0.0146011 0.0219902 0.031066 0.0414844 0.0524683 0.0627657 0.0709375 0.0758711 0.0771647 0.0751504 0.0706417 0.0646193 0.0579757 0.0513474 0.0450556 0.0391653 0.0336093 0.0283066 0.0232288 0.0184198 0.0139864 0.0100713 0.00680976 0.00428226
 0.00879648 0.0142919 0.0215094 0.0303683 0.0405446 0.0513139 0.0615188 0.0698413 0.075268 0.0774004 0.0764179 0.0728363 0.0673097 0.0605438 0.053237 0.045984 0.0391775 0.0329766 0.0273625 0.022245 0.0175593 0.0133158 0.00959364 0.00649594 0.00409195
 0.00872257 0.0141621 0.0212953 0.0300358 0.0400588 0.0506509 0.0606804 0.0688725 0.0742725 0.0765475 0.0759271 0.0729221 0.0680878 0.0619424 0.0549787 0.0476748 0.0404647 0.0336821 0.027516 0.022017 0.0171553 0.0128968 0.00924826 0.00625099 0.00393767
 0.00870542 0.0141311 0.0212422 0.0299484 0.0399207 0.050442 0.0603798 0.068464 0.0737542 0.075946 0.0753112 0.0724073 0.0678199 0.0620504 0.0555101 0.0485483 0.0414815 0.0346015 0.0281561 0.0223181 0.0171746 0.0127511 0.00905064 0.00607426 0.0038107
 0.00869899 0.014121 0.0212272 0.0299268 0.0398895 0.0503954 0.0603082 0.0683538 0.0735893 0.0757128 0.0750068 0.072052 0.0674661 0.0617818 0.0554193 0.0486976 0.0418631 0.0351266 0.0286878 0.0227315 0.0174077 0.012816 0.00900648 0.00598728 0.0037271
 0.00869096 0.0141067 0.0212036 0.0298906 0.039838 0.0503285 0.0602285 0.0682657 0.073496 0.0756126 0.074893 0.0719162 0.0673074 0.0616162 0.0552849 0.0486457 0.041936 0.035331 0.0289826 0.0230425 0.0176617 0.0129728 0.00906811 0.00598457 0.00369634
 0.00865484 0.0140529 0.0211318 0.0298035 0.0397405 0.0502259 0.0601259 0.0681679 0.0734077 0.0755382 0.0748347 0.0718725 0.0672731 0.061586 0.0552601 0.0486393 0.0419703 0.0354262 0.0291414 0.023242 0.0178615 0.013134 0.00917086 0.00603219 0.00370681
 0.00866713 0.014068 0.0211455 0.0298093 0.0397319 0.0501992 0.0600826 0.0681141 0.0733512 0.0754846 0.0747858 0.0718272 0.067229 0.0615417 0.0552164 0.0486011 0.0419476 0.035432 0.0291852 0.0233224 0.0179634 0.0132345 0.00924995 0.00608124 0.00372912
 0.00863458 0.0140225 0.0210907 0.0297523 0.0396808 0.0501587 0.0600518 0.0680875 0.0733227 0.0754524 0.0747533 0.0718005 0.0672131 0.0615379 0.0552226 0.0486147 0.0419682 0.0354628 0.0292307 0.0233847 0.0180384 0.0133119 0.00931757 0.00613065 0.00375881
 0.00864919 0.0140385 0.021101 0.0297468 0.0396504 0.0501011 0.059975 0.0680073 0.0732563 0.0754094 0.0747334 0.0717965 0.0672166 0.061544 0.0552304 0.0486253 0.0419832 0.035484 0.0292602 0.0234237 0.0180858 0.0133628 0.00936524 0.00616895 0.00378492
 0.0086431 0.014034 0.0211034 0.029763 0.0396847 0.0501511 0.0600289 0.0680479 0.0732683 0.075388 0.0746858 0.0717371 0.0671594 0.0614966 0.0551944 0.0485993 0.0419657 0.0354749 0.0292602 0.0234335 0.0181046 0.0133879 0.00939212 0.00619305 0.00380319
 0.00862539 0.0140076 0.0210686 0.0297225 0.039644 0.0501181 0.0600125 0.0680543 0.0732979 0.0754328 0.074732 0.0717713 0.0671744 0.061494 0.0551813 0.0485835 0.0419529 0.0354677 0.0292596 0.0234396 0.0181168 0.0134047 0.00941076 0.00621052 0.00381719
 0.00863006 0.0140095 0.0210613 0.029697 0.0395923 0.0500378 0.0599103 0.0679465 0.0732052 0.0753736 0.0747158 0.0717956 0.0672274 0.0615599 0.0552466 0.0486407 0.0420004 0.0355074 0.0292944 0.0234715 0.0181467 0.0134322 0.00943514 0.0062306 0.00383225
 0.00863006 0.0140095 0.0210613 0.029697 0.0395923 0.0500378 0.0599103 0.0679465 0.0732052 0.0753736 0.0747158 0.0717956 0.0672274 0.0615599 0.0552466 0.0486407 0.0420004 0.0355074 0.0292944 0.0234715 0.0181467 0.0134322 0.00943514 0.0062306 0.00383225
 0.00823894 0.0133974 0.0201863 0.0285424 0.0381763 0.0484252 0.0582216 0.0663521 0.0718956 0.0745142 0.0744061 0.0720507 0.0679827 0.062694 0.0566113 0.0500904 0.0434141 0.0367996 0.0304149 0.0243989 0.01888 0.0139848 0.00982956 0.00649519 0.00399761
 0.00866068 0.0140188 0.0210001 0.0294941 0.0391717 0.0493477 0.0589506 0.0667802 0.0719499 0.0741782 0.0737327 0.0711529 0.0670047 0.0617719 0.0558418 0.0495167 0.0430309 0.0365707 0.0302937 0.0243438 0.0188612 0.0139836 0.00983557 0.00650303 0.00400468
 0.0084934 0.0138129 0.02081 0.0294048 0.0392679 0.0496682 0.0594552 0.0673535 0.0724433 0.0744672 0.0737575 0.070928 0.0666014 0.0612904 0.055382 0.0491557 0.0428087 0.0364883 0.0303222 0.0244405 0.0189844 0.0141029 0.00993404 0.00657522 0.00405247
 0.00854219 0.0138632 0.0208359 0.0293751 0.039167 0.0495213 0.0593372 0.0673642 0.0726538 0.0748688 0.0742512 0.0713655 0.0668536 0.0612999 0.0551756 0.0488184 0.0424415 0.0361721 0.0300996 0.0243163 0.0189381 0.0141048 0.00995747 0.00660243 0.00407476
 0.00836817 0.0136016 0.0204807 0.0289321 0.0386492 0.0489448 0.0587244 0.0667559 0.072121 0.0745074 0.074152 0.0715706 0.0673258 0.0619309 0.0558316 0.0493941 0.0428925 0.0365096 0.0303622 0.0245398 0.0191403 0.0142855 0.0101086 0.00671752 0.00415376
 0.00841681 0.0136594 0.020529 0.0289417 0.0385898 0.048798 0.058493 0.0664627 0.0717984 0.074189 0.0738722 0.0713678 0.0672392 0.061984 0.0560136 0.0496583 0.043175 0.0367589 0.0305567 0.0246854 0.019254 0.0143808 0.0101901 0.00678377 0.00420268
 0.00854938 0.0138766 0.0208566 0.0293979 0.039173 0.0494731 0.0591836 0.0670617 0.0721986 0.0743194 0.0737207 0.0709799 0.0666973 0.0613827 0.0554371 0.049163 0.0427823 0.03646 0.0303288 0.0245079 0.0191164 0.0142801 0.0101237 0.0067458 0.00418454
 0.0087811 0.014258 0.0214378 0.0302238 0.0402689 0.050822 0.0607059 0.0686113 0.0735856 0.0753532 0.0742563 0.0709519 0.0661322 0.0603867 0.0541663 0.0477841 0.0414378 0.0352476 0.0292984 0.0236723 0.0184666 0.0137971 0.00978391 0.00652233 0.00404876
 0.00899721 0.0146229 0.0220111 0.0310668 0.0414276 0.0523018 0.0624472 0.0704823 0.0754 0.0769066 0.0753643 0.0714812 0.0660215 0.0596587 0.0529236 0.0461896 0.0396801 0.0335039 0.0277055 0.0223143 0.0173781 0.0129746 0.0091991 0.00613341 0.00380875
 0.0087795 0.0142926 0.0215614 0.0305166 0.040828 0.05174 0.0620423 0.070365 0.0756741 0.0776043 0.0764196 0.0727379 0.0672737 0.0607054 0.0536189 0.0464727 0.0395788 0.0331134 0.0271526 0.02172 0.0168325 0.0125281 0.00886726 0.00590759 0.00366786
#pred catch len freq
 0.00310706 0.00507246 0.00770747 0.0110731 0.0152164 0.0201162 0.0256245 0.0314654 0.0372955 0.0427755 0.047619 0.0516261 0.0547077 0.0568865 0.0582691 0.0590125 0.059299 0.059303 0.0591105 0.0585866 0.057269 0.054431 0.0494034 0.0420365 0.0329864
 0.00335004 0.00540089 0.00808064 0.011417 0.0154504 0.0201921 0.0255517 0.0313028 0.0371139 0.0426163 0.0474788 0.0514764 0.0545345 0.0567205 0.0581857 0.0591 0.059609 0.0598061 0.0596828 0.0590413 0.057427 0.0542001 0.0488218 0.0412528 0.0321876
 0.00343322 0.00557538 0.00841006 0.0119695 0.0162637 0.0212295 0.02668 0.0323206 0.0378291 0.0429274 0.0474062 0.051127 0.0540337 0.0561657 0.0576436 0.0586265 0.0592561 0.0596004 0.0595919 0.0589631 0.0572247 0.0537701 0.0481524 0.0404345 0.0313659
 0.00352764 0.00572299 0.00862669 0.01228 0.016713 0.0218869 0.0276215 0.0335838 0.0393556 0.0445353 0.0488281 0.0521072 0.0544299 0.0559907 0.0570311 0.0577577 0.0582958 0.0586617 0.0587214 0.0581415 0.0563874 0.0528531 0.0471437 0.0393946 0.0304024
 0.00374232 0.00605197 0.00908456 0.0128678 0.017421 0.022702 0.0285358 0.0346019 0.0404939 0.0458034 0.0501907 0.0534487 0.0555574 0.0566927 0.057164 0.0573052 0.0573641 0.0574203 0.0573311 0.0567068 0.0549515 0.0514284 0.045754 0.0380986 0.0292819
 0.00391733 0.00634807 0.00955088 0.0135552 0.018369 0.0239186 0.029981 0.0361872 0.0421058 0.0473385 0.0515811 0.0546589 0.0565542 0.0574105 0.0574973 0.0571427 0.0566463 0.0561781 0.0556788 0.0547983 0.052935 0.0494271 0.0438726 0.0364336 0.0279141
 0.00411347 0.00666183 0.0100163 0.0142078 0.0192474 0.0250623 0.0314176 0.0379105 0.0440538 0.0493857 0.0535562 0.0563862 0.0578969 0.0582894 0.0578753 0.0569944 0.0559449 0.0549139 0.0538924 0.0525985 0.0504886 0.0469292 0.0415149 0.034377 0.0262656
 0.00436076 0.00705182 0.0105817 0.0149734 0.0202299 0.0262688 0.0328424 0.0395321 0.0458334 0.0512649 0.0554503 0.0581788 0.0594459 0.0594495 0.0585261 0.0570577 0.0553838 0.0537262 0.0521137 0.050319 0.0478656 0.0441789 0.0388773 0.032066 0.0244222
 0.00458041 0.00741563 0.0111419 0.0157836 0.0213351 0.0276892 0.0345569 0.0414717 0.0478923 0.0533226 0.0573934 0.0599106 0.0608834 0.0605132 0.0591337 0.0571274 0.0548469 0.0525441 0.050296 0.0479407 0.0450802 0.041214 0.0360014 0.0295294 0.0223961
 0.00481446 0.007792 0.0117027 0.0165708 0.0223891 0.0290431 0.036223 0.0434251 0.0500578 0.0555748 0.0595721 0.0618505 0.0624452 0.0616018 0.0596937 0.0571242 0.0542501 0.0513271 0.0484563 0.0455311 0.0422365 0.0381589 0.0330129 0.0268769 0.0202697
 0.00509121 0.00823417 0.0123547 0.0174714 0.023568 0.0305144 0.0379754 0.0454142 0.0522057 0.0577758 0.0617002 0.0637678 0.0640147 0.0627042 0.0602426 0.05707 0.0535721 0.0500232 0.0465445 0.0430701 0.0393542 0.0350668 0.0299827 0.0241797 0.018102
