SBPRF35
12.7214
Curr Bio
676883
B35
873874
F35
0.170985
FOFL
0.137436
OFL
81172.4
Bzero
3.63469e+06
#pred survey bio
 3.75512e+06 3.61913e+06 3.50217e+06 3.32638e+06 3.09239e+06 2.85919e+06 2.61807e+06 2.38561e+06 2.1291e+06 1.88839e+06 1.68125e+06 1.4924e+06 1.32486e+06 1.1783e+06 1.03764e+06 905048 796362 722039 673502 632400 613391 588196 579013 571138 561712 555112 546153 551235 549193 559556 553280 554147 565910 573083 576883 580812 591214 604900 608023 614052 629625 638329 642690 642554 647858 648949 644584 645439 639788 640439 638063 683112 2.51009e+07 1.52796e+07 1.58234e+07 1.69662e+07 1.84887e+07 2.01388e+07 2.17281e+07 2.31462e+07 2.43474e+07 2.53283e+07 2.6109e+07 2.67192e+07 2.71902e+07 2.75509e+07 2.78259e+07 2.80351e+07 2.81942e+07 2.83155e+07 2.84082e+07 2.84794e+07 2.85342e+07 2.85766e+07 2.86096e+07 2.86354e+07 2.86556e+07 2.86716e+07 2.86842e+07 2.86943e+07 2.87022e+07 2.87086e+07 2.87138e+07 2.87179e+07 2.87212e+07 2.87239e+07 2.87261e+07 2.87278e+07 2.87293e+07 2.87305e+07 2.87314e+07 2.87322e+07 2.87328e+07 2.87333e+07 2.87337e+07 2.87341e+07 2.87344e+07 2.87346e+07 2.87348e+07 2.87349e+07 2.87351e+07 2.87352e+07 2.87353e+07 2.87353e+07 2.87354e+07 2.87354e+07 2.87355e+07 2.87355e+07 2.87355e+07 2.87355e+07 2.87356e+07 2.87356e+07 2.87356e+07 2.87356e+07 2.87356e+07 2.87356e+07 2.87356e+07 2.87356e+07 2.87356e+07 2.87356e+07 2.87356e+07 2.87356e+07 2.87356e+07 2.87356e+07 2.87356e+07 2.87356e+07 2.87356e+07 2.87356e+07 2.87356e+07 2.87356e+07 2.87356e+07 2.87356e+07 2.87356e+07 2.87356e+07 2.87356e+07 2.87356e+07 2.87356e+07 2.87356e+07 2.87356e+07 2.87356e+07 2.87356e+07 2.87356e+07 2.87356e+07 2.87356e+07 2.87356e+07 2.87356e+07 2.87356e+07 2.87356e+07 2.87356e+07 2.87356e+07 2.87356e+07 2.87356e+07 0 0 0 0 0 0 0 0 0 0 0 0 0 0 0 0 0 0 0 0 0 0 0 0 0
#obs survey bio
 4.45919e+06 3.45773e+06 3.85034e+06 2.86984e+06 4.54635e+06 2.47377e+06 2.78784e+06 2.33993e+06 2.31649e+06 2.09468e+06 1.29664e+06 1.43444e+06 1.40027e+06 1.38196e+06 721377 1.12276e+06 769957 621021 490941 602677 497886 579458 550242 598959 567766 574188 436896 612642 553930 547331 552159 472888 487120 758534 579342 526287 700189 798416 683813 447917 709059 827178 660371 542368 805646 549255 950291 518172 955283 587468 899049 627156
#pred catch bio
 102026 93684.3 159207 226023 240802 264986 274772 313687 314449 297103 290978 278505 262952 257804 248060 222996 189464 164606 155262 133537 135617 119074 115903 114816 109945 109910 97152.6 102802 92235.5 106070 99369.1 90895.1 95662.5 98441.9 98129.1 93036.7 91254.5 100816 98890.1 92537.4 100187 104442 107872 102642 105698 109462 104277 109194 103190 105519 66639.5 78029.7 81172.4 100717 102976 109326 118812 129269 139280 148089 155408 161244 165754 169160 171685 173531 174865 175820 176500 176981 177319 177557 177723 177839 177919 177975 178014 178041 178060 178073 178081 178088 178092 178095 178097 178098 178099 178100 178100 178100 178101 178101 178101 178101 178101 178101 178101 178101 178101 178101 178101 178101 178101 178101 178101 178101 178101 178101 178101 178101 178101 178101 178101 178101 178101 178101 178101 178101 178101 178101 178101 178101 178101 178101 178101 178101 178101 178101 178101 178101 178101 178101 178101 178101 178101 178101 178101 178101 178101 178101 178101 178101 178101 178101 178101 178101 178101 178101 178101 178101 178101 178101 0 0 0 0 0 0 0 0 0 0 0 0 0 0 0 0 0 0 0 0 0 0 0 0 0
#obs catch bio
 0 93254 159372 226553 240197 264290 273526 313292 314472 296412 292923 280270 263355 257793 248880 222886 189518 166046 157473 134721 136995 119511 116370 115198 109619 109288 97061.7 102691 91915.8 105760 99173.1 90610.3 96073.4 98138.3 98026.9 93015.4 91083.8 100749 98648.9 92598.1 100349 104740 108140 102868 105301 109493 103789 109361 102898 105808 66269.3 78087.2
#pred cpue bio
 3.7123e+06 3.57781e+06 3.46078e+06 3.28505e+06 3.05185e+06 2.81916e+06 2.57839e+06 2.34619e+06 2.0904e+06 1.8506e+06 1.64417e+06 1.45622e+06 1.29e+06 1.14491e+06 1.00582e+06 874919 767865 694690 647050 607035 588842 564635 555979 548567 539730 533632 524980 530011 528123 538366 532291 533135 544564 551713 555640 559547 569725 583152 586228 591956 606953 615412 619849 619921 625332 626528 622321 623215 617724 618441 616090 660549 2.43114e+07 1.48083e+07 1.51908e+07 1.61926e+07 1.76778e+07 1.93212e+07 2.09094e+07 2.23274e+07 2.35285e+07 2.45095e+07 2.52901e+07 2.59003e+07 2.63713e+07 2.67321e+07 2.7007e+07 2.72162e+07 2.73754e+07 2.74967e+07 2.75894e+07 2.76605e+07 2.77153e+07 2.77577e+07 2.77907e+07 2.78165e+07 2.78368e+07 2.78528e+07 2.78654e+07 2.78754e+07 2.78834e+07 2.78898e+07 2.78949e+07 2.7899e+07 2.79023e+07 2.7905e+07 2.79072e+07 2.7909e+07 2.79104e+07 2.79116e+07 2.79125e+07 2.79133e+07 2.79139e+07 2.79145e+07 2.79149e+07 2.79152e+07 2.79155e+07 2.79157e+07 2.79159e+07 2.79161e+07 2.79162e+07 2.79163e+07 2.79164e+07 2.79165e+07 2.79165e+07 2.79166e+07 2.79166e+07 2.79166e+07 2.79167e+07 2.79167e+07 2.79167e+07 2.79167e+07 2.79167e+07 2.79167e+07 2.79167e+07 2.79167e+07 2.79168e+07 2.79168e+07 2.79168e+07 2.79168e+07 2.79168e+07 2.79168e+07 2.79168e+07 2.79168e+07 2.79168e+07 2.79168e+07 2.79168e+07 2.79168e+07 2.79168e+07 2.79168e+07 2.79168e+07 2.79168e+07 2.79168e+07 2.79168e+07 2.79168e+07 2.79168e+07 2.79168e+07 2.79168e+07 2.79168e+07 2.79168e+07 2.79168e+07 2.79168e+07 2.79168e+07 2.79168e+07 2.79168e+07 2.79168e+07 2.79168e+07 2.79168e+07 2.79168e+07 2.79168e+07 2.79168e+07 2.79168e+07 0 0 0 0 0 0 0 0 0 0 0 0 0 0 0 0 0 0 0 0 0 0 0 0 0
#obs cpue bio
 3.08148e+06 3.14804e+06 3.55061e+06 3.33117e+06 3.27216e+06 3.56042e+06 2.64747e+06 1.91639e+06 1.61347e+06 1.94506e+06 1.05988e+06 1.4689e+06 1.57390e+06 1.09343e+06 1.20414e+06 843560 731547 451969 599112 609365 687881 658060 556308 536356 775516 709654 431149 590250 521256 690204 481342 649308 383953 743866 492437 557054 529053 468016 594165 554868 553158 413624 631435 653687 865614 576962 589969 538691 537299 608269 478125 634417
#pred surv len freq
 0.00420021 0.00692892 0.0106323 0.0153566 0.0210179 0.0273083 0.0336814 0.0395043 0.0443026 0.0479109 0.050435 0.0521026 0.0531376 0.0537113 0.0539467 0.0539437 0.0538055 0.0536363 0.0534753 0.0531661 0.0522413 0.049969 0.0456542 0.039089 0.030843
 0.00448709 0.00731319 0.0110615 0.0157379 0.0212525 0.0273403 0.0335304 0.0392557 0.0440587 0.0477367 0.0503349 0.0520417 0.0530873 0.0536848 0.0540017 0.0541502 0.0541971 0.0541689 0.0540184 0.0535381 0.0522796 0.0496042 0.0449467 0.0382023 0.0299702
 0.00453723 0.00745444 0.0113777 0.0163258 0.022176 0.0285715 0.0349164 0.0405511 0.0450203 0.0482266 0.050364 0.0517312 0.0525884 0.0531184 0.0534465 0.0536615 0.0538155 0.0539045 0.0538241 0.0533058 0.05188 0.0489531 0.0440588 0.0371923 0.0289987
 0.00464378 0.00761563 0.0116032 0.0166305 0.0225927 0.0291594 0.0357485 0.0416719 0.0463898 0.0496897 0.0516819 0.0526701 0.0530138 0.0530359 0.0529723 0.0529553 0.0530209 0.0531149 0.0530694 0.0525546 0.0510642 0.048016 0.0430035 0.036097 0.0279852
 0.00484832 0.00794409 0.0120887 0.0172978 0.0234516 0.0301968 0.0369275 0.0429415 0.0477027 0.0510086 0.052961 0.0538237 0.0539068 0.0535198 0.0529494 0.0524259 0.05208 0.0519038 0.0517159 0.0511362 0.049609 0.0465353 0.0415319 0.0347108 0.0267828
 0.00508578 0.00832623 0.0126564 0.0180861 0.0244824 0.0314678 0.0384001 0.0445382 0.0493194 0.0525404 0.054325 0.0549654 0.0547844 0.0540802 0.0531195 0.0521339 0.0512948 0.0506622 0.0501154 0.0493013 0.0476586 0.0445741 0.0396604 0.0330323 0.0253901
 0.00534138 0.00874375 0.0132881 0.0189812 0.0256761 0.0329657 0.0401617 0.0464725 0.0512985 0.054425 0.0559902 0.0563163 0.0557597 0.0546449 0.0532495 0.0518027 0.0504752 0.0493461 0.0483394 0.0471588 0.0452916 0.0421525 0.0373591 0.0310072 0.0237526
 0.00555622 0.00910348 0.0138491 0.0198031 0.0268101 0.034436 0.0419457 0.0484928 0.0534327 0.0565279 0.0579176 0.0579419 0.0569853 0.055404 0.0535043 0.0515343 0.0496748 0.0480147 0.0465025 0.0448884 0.0427219 0.0394741 0.03479 0.028748 0.021941
 0.00580682 0.00951672 0.0144823 0.0207143 0.0280486 0.0360247 0.0438634 0.0506647 0.0557375 0.058818 0.0600402 0.0597567 0.0583757 0.0562841 0.05382 0.0512594 0.0488034 0.0465576 0.0444939 0.042404 0.0398988 0.0365156 0.03194 0.0262389 0.0199347
 0.00612794 0.0100278 0.0152316 0.0217408 0.029377 0.0376574 0.0457694 0.052774 0.0579466 0.0610044 0.0620778 0.0615256 0.0597686 0.0572099 0.054208 0.0510613 0.0479936 0.0451346 0.0424872 0.0398896 0.0370169 0.0334758 0.0289978 0.023641 0.0178556
 0.00636341 0.0104275 0.0158634 0.0226759 0.0306718 0.0393269 0.0477642 0.0549787 0.0602064 0.0631644 0.064013 0.0631474 0.0610146 0.0580292 0.0545525 0.0508846 0.0472566 0.0438151 0.0405951 0.0374862 0.0342332 0.0305168 0.0261174 0.0210879 0.0158078
 0.00653213 0.0107175 0.01633 0.0233833 0.0316827 0.0406833 0.0494655 0.0569671 0.0623682 0.0653467 0.0660503 0.0648906 0.0623521 0.0588949 0.0549161 0.0507334 0.0465804 0.0426052 0.0388582 0.0352696 0.03165 0.0277539 0.0234141 0.0186821 0.0138727
 0.00671903 0.0110198 0.0167829 0.0240215 0.0325369 0.0417744 0.0507954 0.0585108 0.0640707 0.0671253 0.0677993 0.0664897 0.0636803 0.0598471 0.0554171 0.0507409 0.0460784 0.041595 0.0373576 0.0333275 0.0293677 0.025297 0.0209968 0.0165209 0.012128
 0.00692345 0.0113517 0.0172813 0.024721 0.0334602 0.0429209 0.0521316 0.0599703 0.0655686 0.0685785 0.0691401 0.0676646 0.0646407 0.0605404 0.055786 0.0507312 0.0456483 0.0407227 0.0360484 0.0316231 0.0273593 0.0231316 0.0188631 0.0146103 0.010583
 0.00714209 0.0117152 0.0178425 0.0255319 0.0345585 0.04431 0.0537614 0.0617345 0.0673235 0.0701774 0.0704654 0.0686458 0.0652538 0.060794 0.0557011 0.050323 0.044919 0.0396662 0.0346652 0.0299405 0.0254492 0.0211171 0.0169053 0.0128722 0.00918524
 0.00736371 0.0120836 0.0184118 0.0263569 0.0356829 0.0457465 0.0554722 0.0636221 0.0692426 0.071961 0.0719565 0.069724 0.065852 0.0609032 0.0553599 0.0495959 0.0438716 0.0383499 0.0331175 0.0282006 0.0235794 0.0192162 0.0151019 0.0112966 0.00793155
 0.00764375 0.0125196 0.0190327 0.0271789 0.0367095 0.046968 0.0568613 0.0651279 0.0707881 0.0734476 0.0732735 0.070762 0.0665194 0.0611415 0.055154 0.0489736 0.0428912 0.0370825 0.0316336 0.0265679 0.0218713 0.0175224 0.0135265 0.00994002 0.00686317
 0.00778557 0.0127577 0.0194041 0.0277197 0.0374442 0.0478947 0.0579408 0.0662873 0.0719407 0.0745179 0.0742097 0.0715297 0.0670865 0.0614687 0.0551994 0.0487069 0.042308 0.036209 0.0305216 0.0252867 0.0205026 0.016157 0.0122585 0.00885266 0.00601049
 0.00777729 0.0127552 0.0194217 0.0277808 0.037579 0.0481353 0.0583128 0.0668017 0.0725862 0.0752591 0.0749917 0.0722901 0.0677663 0.0620176 0.055574 0.0488689 0.0422271 0.0358718 0.029941 0.0245048 0.0195872 0.0151932 0.0113355 0.00804784 0.00537377
 0.00779816 0.012784 0.0194564 0.0278183 0.0376191 0.0481854 0.0583914 0.0669358 0.072804 0.0755786 0.0754114 0.0727856 0.0682937 0.0625226 0.0560015 0.0491694 0.0423605 0.0358114 0.0296782 0.024056 0.0189961 0.0145261 0.0106691 0.00745186 0.00489539
 0.00773208 0.012674 0.0192865 0.0275735 0.0372908 0.0477794 0.0579353 0.0664816 0.0724219 0.0753425 0.0753817 0.072993 0.0687296 0.0631384 0.0567181 0.0498935 0.0430028 0.0363 0.0299686 0.0241355 0.0188852 0.0142739 0.0103417 0.00711642 0.00460373
 0.00781125 0.0127867 0.0194258 0.0277211 0.03742 0.0478606 0.057943 0.0664005 0.072252 0.0751041 0.0751164 0.0727574 0.0685818 0.0631205 0.0568415 0.0501337 0.0433048 0.0365943 0.0301897 0.0242389 0.0188574 0.0141331 0.0101296 0.00688324 0.00439248
 0.00779616 0.0127603 0.0193824 0.0276533 0.0373192 0.0477188 0.0577553 0.0661682 0.0719854 0.0748242 0.0748537 0.0725485 0.0684632 0.0631218 0.0569775 0.0503978 0.043666 0.037 0.0305768 0.02455 0.019056 0.0142129 0.0101119 0.00680577 0.00429485
 0.00770867 0.0126331 0.0192185 0.0274647 0.0371227 0.0475295 0.0575815 0.0660107 0.0718407 0.074689 0.0747292 0.072443 0.0683928 0.0631078 0.0570408 0.0505518 0.0439084 0.0373087 0.030912 0.0248633 0.0193051 0.0143741 0.0101859 0.00681322 0.00426484
 0.00769574 0.0125992 0.019145 0.0273291 0.0369082 0.0472373 0.0572388 0.0656663 0.0715481 0.0744855 0.0746245 0.0724232 0.0684341 0.0631914 0.0571606 0.0507116 0.0441146 0.03756 0.0311932 0.0251461 0.0195561 0.0145667 0.0103092 0.00687394 0.00428137
 0.0077714 0.0127004 0.0192563 0.0274205 0.036941 0.0471752 0.05706 0.0653728 0.0711689 0.0740729 0.074242 0.0721274 0.0682585 0.0631399 0.0572147 0.0508448 0.0443033 0.037787 0.0314432 0.0254007 0.0197927 0.0147636 0.0104528 0.00696333 0.00432666
 0.0078429 0.0128194 0.0194385 0.0276775 0.0372714 0.0475545 0.0574349 0.0656683 0.0713107 0.0740155 0.073988 0.0717267 0.0677901 0.0626849 0.0568339 0.0505688 0.0441359 0.0377148 0.0314454 0.0254542 0.0198739 0.0148501 0.0105271 0.00701587 0.00435678
 0.00777618 0.0127143 0.0192877 0.0274797 0.0370345 0.047299 0.0571934 0.0654779 0.0711981 0.0739838 0.0740142 0.0717751 0.0678318 0.0627126 0.0568621 0.050622 0.0442336 0.0378623 0.0316333 0.0256631 0.0200813 0.0150358 0.0106771 0.00712443 0.00442658
 0.00781049 0.0127608 0.0193405 0.027527 0.0370618 0.0472936 0.0571502 0.0654013 0.0711023 0.0738874 0.0739335 0.0717164 0.0677893 0.0626734 0.0568165 0.0505717 0.0441922 0.0378474 0.0316565 0.0257243 0.0201692 0.0151331 0.0107674 0.0071968 0.00447708
 0.00772499 0.0126282 0.0191529 0.0272814 0.0367604 0.046945 0.0567704 0.0650163 0.0707462 0.0735991 0.073749 0.0716605 0.0678679 0.0628705 0.0570982 0.0508974 0.0445265 0.0381685 0.031955 0.0259974 0.020414 0.015344 0.0109382 0.00732434 0.00456376
 0.0077911 0.0127296 0.0192936 0.02746 0.0369689 0.0471679 0.0569842 0.0651905 0.0708486 0.0736043 0.0736478 0.0714652 0.0676107 0.0625945 0.0568443 0.0506927 0.0443809 0.0380781 0.0319101 0.025988 0.0204308 0.015378 0.0109797 0.00736439 0.00459624
 0.00787881 0.0128534 0.0194454 0.0276205 0.0371137 0.0472764 0.0570463 0.0652075 0.0708285 0.073555 0.073573 0.0713648 0.0674849 0.0624486 0.0566914 0.0505509 0.0442675 0.0380036 0.0318759 0.0259879 0.0204552 0.0154164 0.0110224 0.00740396 0.0046279
 0.00771568 0.0126251 0.019169 0.027333 0.0368585 0.0470843 0.0569224 0.0651342 0.0707815 0.0735212 0.0735573 0.0713828 0.0675494 0.0625598 0.0568375 0.0507159 0.0444384 0.0381735 0.0320418 0.0261469 0.0206028 0.0155465 0.0111301 0.0074865 0.00468601
 0.00763894 0.0124902 0.01895 0.0270063 0.0364167 0.0465524 0.0563662 0.0646465 0.0704494 0.0733903 0.0736173 0.0715826 0.0678279 0.0628707 0.0571553 0.051029 0.0447401 0.0384578 0.0323031 0.026381 0.0208061 0.0157163 0.0112647 0.00758645 0.00475466
 0.00766346 0.0125179 0.0189681 0.0269929 0.0363434 0.0463916 0.0561011 0.064283 0.0700231 0.0729646 0.0732675 0.0713701 0.0677784 0.0629689 0.057359 0.0512902 0.0450208 0.0387338 0.0325608 0.0266126 0.0210067 0.0158827 0.0113956 0.00768304 0.00482073
 0.00769338 0.0125643 0.0190331 0.0270744 0.0364332 0.0464724 0.0561463 0.0642604 0.0699051 0.072742 0.0729597 0.0710255 0.0674615 0.0627388 0.0572492 0.0513014 0.0451273 0.0388987 0.0327498 0.0268003 0.0211772 0.0160275 0.0115107 0.00776849 0.0048794
 0.00766523 0.0125195 0.0189675 0.0269857 0.0363217 0.0463424 0.0560059 0.0641193 0.0697707 0.072615 0.0728352 0.0708996 0.0673393 0.062639 0.0571993 0.0513256 0.0452345 0.0390779 0.0329745 0.0270391 0.0214027 0.0162212 0.011664 0.00788047 0.00495479
 0.00759468 0.0124099 0.0188123 0.0267828 0.0360743 0.0460601 0.055706 0.0638263 0.0695126 0.0724169 0.0727126 0.0708546 0.0673625 0.0627157 0.0573182 0.0514828 0.0454317 0.0393147 0.0332422 0.0273191 0.0216713 0.016457 0.0118535 0.00801983 0.00504851
 0.00769937 0.0125577 0.0189933 0.0269733 0.0362433 0.0461793 0.0557581 0.0638074 0.0694286 0.0722796 0.0725365 0.0706557 0.0671577 0.062521 0.0571471 0.0513466 0.0453394 0.0392731 0.0332529 0.0273758 0.0217598 0.0165584 0.01195 0.00809943 0.00510638
 0.00777641 0.0126823 0.0191781 0.0272257 0.0365589 0.0465352 0.0561099 0.0640962 0.0695992 0.0723004 0.0724102 0.0704147 0.0668479 0.062187 0.0568233 0.0510561 0.0450968 0.0390871 0.0331271 0.027308 0.0217413 0.0165749 0.011985 0.00813843 0.00513987
 0.00766375 0.0125236 0.0189848 0.0270251 0.0363877 0.0464282 0.056089 0.0641637 0.0697371 0.0724747 0.0725802 0.0705452 0.0669202 0.0622024 0.0567985 0.0510139 0.0450578 0.0390655 0.0331304 0.0273374 0.0217927 0.0166397 0.0120525 0.0081988 0.00518704
 0.00753339 0.012327 0.018719 0.0267005 0.0360298 0.0460764 0.0557929 0.063975 0.0696947 0.0725892 0.0728262 0.0708682 0.0672554 0.0624954 0.0570194 0.0511595 0.0451442 0.039117 0.0331694 0.0273788 0.0218424 0.0166964 0.0121103 0.00825085 0.00522835
 0.00746781 0.0122164 0.0185458 0.0264487 0.0356913 0.0456606 0.0553342 0.0635318 0.0693369 0.0723785 0.0727977 0.0710207 0.0675528 0.0628785 0.0574229 0.0515299 0.045451 0.0393538 0.0333471 0.0275149 0.0219523 0.016789 0.0121883 0.00831369 0.00527521
 0.00743712 0.0121682 0.0184761 0.0263531 0.0355644 0.0454954 0.0551247 0.0632777 0.0690512 0.0720911 0.0725532 0.0708666 0.0675234 0.0629819 0.0576373 0.0518115 0.0457498 0.039629 0.0335763 0.027694 0.0220882 0.0168922 0.012267 0.00837286 0.00531766
 0.00742492 0.0121376 0.0184104 0.0262315 0.0353682 0.0452177 0.0547773 0.0628909 0.0686645 0.0717427 0.0722732 0.0706782 0.0674456 0.063028 0.0578092 0.0520929 0.0461057 0.040014 0.0339466 0.0280184 0.022352 0.0170944 0.0124147 0.00847579 0.00538564
 0.00740492 0.0121132 0.0183879 0.0262188 0.0353694 0.0452263 0.0547727 0.062844 0.0685507 0.0715553 0.0720294 0.0704136 0.0672029 0.0628458 0.0577155 0.0521011 0.0462121 0.0401979 0.0341752 0.0282556 0.0225684 0.0172725 0.0125493 0.00857008 0.00544719
 0.00743482 0.012156 0.018442 0.0262802 0.0354342 0.0452931 0.0548426 0.0629164 0.0686168 0.0715948 0.072016 0.070327 0.0670418 0.0626327 0.0574897 0.0519059 0.0460812 0.0401464 0.0341981 0.0283323 0.0226715 0.0173772 0.0126389 0.00863755 0.00549286
 0.00740951 0.0121193 0.0183946 0.0262253 0.0353757 0.0452341 0.054785 0.0628623 0.0685704 0.0715624 0.0720019 0.0703288 0.0670485 0.0626299 0.0574696 0.0518735 0.0460538 0.0401446 0.0342354 0.0284088 0.0227745 0.0174875 0.0127391 0.00871701 0.00554862
 0.00741895 0.0121353 0.0184199 0.0262629 0.0354281 0.0453022 0.0548664 0.0629502 0.0686539 0.0716287 0.0720397 0.0703315 0.0670153 0.0625642 0.0573769 0.0517618 0.0459345 0.0400335 0.034149 0.0283585 0.0227618 0.0175043 0.0127717 0.00875242 0.00557833
 0.00745321 0.0121767 0.0184562 0.0262748 0.0353962 0.0452162 0.0547331 0.062793 0.068505 0.0715171 0.0719817 0.0703279 0.0670543 0.0626279 0.0574472 0.0518251 0.0459841 0.0400702 0.0341791 0.0283904 0.0228014 0.0175519 0.0128225 0.0087992 0.0056157
 0.00743304 0.0121602 0.0184601 0.0263216 0.0355035 0.0453837 0.0549343 0.0629811 0.0686313 0.0715533 0.0719307 0.0702177 0.0669218 0.0625021 0.0573422 0.0517414 0.0459158 0.0400115 0.0341282 0.0283496 0.0227743 0.0175403 0.0128242 0.00880939 0.00562864
 0.00709429 0.0116184 0.0176648 0.0252412 0.0341429 0.0438047 0.0532685 0.0614175 0.0673714 0.0707532 0.0716612 0.0704612 0.0675972 0.063498 0.0585409 0.0530334 0.0472067 0.0412271 0.0352167 0.029281 0.0235374 0.0181379 0.0132692 0.00912186 0.00583338
#obs surv len freq
 nan nan nan nan nan nan nan nan nan nan nan nan nan nan nan nan nan nan nan nan nan nan nan nan nan
 0.00448031 0.00733968 0.0111679 0.015983 0.0216835 0.0279596 0.0342749 0.0400076 0.0446888 0.0481543 0.0505138 0.0520111 0.0529048 0.0534184 0.0537336 0.0539892 0.0542683 0.0545614 0.0547004 0.0542924 0.0527303 0.0493621 0.0438112 0.0362904 0.027673
 0.00461308 0.00755673 0.0114964 0.0164483 0.0223025 0.0287319 0.0351731 0.0409746 0.0456454 0.0490144 0.0512009 0.0524696 0.0531056 0.05336 0.0534377 0.0534928 0.0536148 0.0537936 0.0538574 0.0534111 0.0518495 0.0485247 0.043062 0.0356672 0.0271967
 0.00478778 0.00784061 0.0119234 0.0170499 0.0231017 0.0297334 0.0363529 0.042275 0.0469804 0.0502835 0.0523037 0.0533182 0.0536333 0.053528 0.0532383 0.052948 0.0527698 0.0527077 0.052597 0.0520467 0.0504567 0.0471846 0.0418549 0.0346594 0.0264251
 0.00497365 0.00814854 0.0123975 0.0177344 0.0240319 0.0309215 0.037773 0.0438593 0.0486284 0.0518812 0.0537404 0.0544957 0.05447 0.0539613 0.0532295 0.0524867 0.0518765 0.0514326 0.0510161 0.0502581 0.0485765 0.0453414 0.0401759 0.0332487 0.0253411
 0.00518915 0.00849851 0.0129239 0.0184773 0.0250235 0.0321753 0.039272 0.0455486 0.0504194 0.0536643 0.0554 0.0559214 0.0555645 0.0546445 0.0534417 0.0521911 0.0510639 0.0501272 0.0492807 0.0481973 0.0463348 0.0430911 0.0380936 0.0314815 0.0239747
 0.00540821 0.00885942 0.0134758 0.0192688 0.0260926 0.0335346 0.0408942 0.0473624 0.0523218 0.0555415 0.057144 0.057437 0.0567667 0.055457 0.0537963 0.0520325 0.0503563 0.0488649 0.0475013 0.0459935 0.0438593 0.0405452 0.0356959 0.0294216 0.0223688
 0.00564917 0.00925204 0.0140687 0.0201083 0.0272152 0.0349536 0.0425854 0.0492575 0.0543163 0.0575133 0.0589734 0.0590191 0.0580165 0.0563069 0.0541904 0.0519219 0.0496998 0.0476392 0.0457194 0.0437271 0.0412529 0.0378109 0.0330792 0.0271455 0.0205781
 0.00588615 0.00964221 0.0146649 0.0209626 0.0283685 0.0364196 0.0443339 0.0512102 0.056359 0.0595188 0.0608222 0.0606097 0.0592672 0.0571533 0.0545818 0.0518161 0.0490607 0.0464416 0.0439651 0.04147 0.0386218 0.0350124 0.0303668 0.0247604 0.0186851
 0.00612795 0.0100369 0.0152622 0.0218104 0.0295045 0.0378575 0.0460485 0.0531308 0.0583776 0.0615095 0.0626611 0.0621891 0.0605014 0.057979 0.0549536 0.0516998 0.0484283 0.0452727 0.0422598 0.0392729 0.0360475 0.0322537 0.0276708 0.0223704 0.0167742
 0.00638902 0.0104653 0.015914 0.0227394 0.0307507 0.0394293 0.0479057 0.0551802 0.0604884 0.0635401 0.0644836 0.0637016 0.0616297 0.0586726 0.0551808 0.051441 0.0476703 0.0440079 0.040496 0.0370543 0.0334799 0.0295165 0.0249976 0.0199962 0.01487
 0.00662504 0.0108537 0.0165074 0.0235899 0.0319 0.0408923 0.0496536 0.0571336 0.0625266 0.0655241 0.066279 0.0651949 0.0627367 0.0593393 0.0553784 0.0511582 0.0469053 0.0427651 0.0387928 0.0349379 0.0310501 0.0269375 0.0224827 0.0177614 0.0130743
 0.00681742 0.0111708 0.0169927 0.0242875 0.0328466 0.0421048 0.051115 0.0587868 0.0642813 0.067271 0.0679061 0.0665984 0.0638278 0.0600497 0.0556625 0.0509917 0.046281 0.0416893 0.0372877 0.0330538 0.0288819 0.0246343 0.0202351 0.0157618 0.0114649
 0.00703751 0.0115282 0.0175297 0.0250427 0.033847 0.0433536 0.0525799 0.0603964 0.0659355 0.0688615 0.0693335 0.0677816 0.0647052 0.0605764 0.0558081 0.050738 0.0456211 0.040629 0.0358494 0.031287 0.0268761 0.022525 0.0181916 0.0139527 0.0100132
 0.00728631 0.0119329 0.0181387 0.0258991 0.0349782 0.0447558 0.0542031 0.062142 0.067673 0.0704564 0.0706737 0.0687904 0.0653412 0.0608267 0.0556779 0.0502412 0.0447743 0.039451 0.0343676 0.0295491 0.0249628 0.0205557 0.0163126 0.0123072 0.00870295
 0.00743895 0.0121937 0.0185544 0.0265206 0.0358492 0.0458944 0.0555839 0.0636901 0.0692749 0.071983 0.0720036 0.0698269 0.0660209 0.0611206 0.0555867 0.0497864 0.0439873 0.0383666 0.0330246 0.0279985 0.0232789 0.0188415 0.0146914 0.010897 0.00758584
 0.00749767 0.0122916 0.0187076 0.0267496 0.0361789 0.0463525 0.0561957 0.0644686 0.0702104 0.0730346 0.0730983 0.0708688 0.066909 0.0617673 0.0559316 0.0498011 0.0436719 0.0377427 0.0321302 0.0268868 0.0220224 0.0175336 0.0134384 0.00979888 0.00671194
 0.00758666 0.0124228 0.0188806 0.0269565 0.0364091 0.0465996 0.0564627 0.0647703 0.0705691 0.0734723 0.0736257 0.0714736 0.0675492 0.0623744 0.0564239 0.050102 0.0437264 0.0375261 0.0316497 0.0261791 0.0211506 0.0165818 0.0125014 0.00896461 0.00604169
 0.007671 0.0125563 0.0190737 0.0272143 0.0367274 0.0469616 0.0568382 0.0651214 0.0708641 0.0737003 0.0738026 0.0716344 0.0677286 0.0625864 0.0566507 0.0502959 0.0438247 0.0374709 0.0314058 0.0257452 0.0205607 0.0158996 0.0118062 0.00833248 0.00552745
 0.00769963 0.012601 0.0191379 0.0273004 0.0368373 0.0470962 0.0569964 0.065298 0.0710486 0.0738783 0.0739616 0.0717702 0.067849 0.0627079 0.0567862 0.0504418 0.0439544 0.0375402 0.0313684 0.0255716 0.020252 0.0154898 0.0113526 0.00789821 0.00516215
 0.00775437 0.0126826 0.0192469 0.0274324 0.0369842 0.0472488 0.0571459 0.0654373 0.0711726 0.0739839 0.0740472 0.071835 0.0678939 0.0627371 0.056807 0.0504613 0.0439721 0.037542 0.0313286 0.025463 0.0200605 0.0152247 0.0110461 0.0075937 0.00489876
 0.00779551 0.0127462 0.019336 0.027547 0.0371201 0.0473972 0.0572939 0.0655696 0.0712755 0.0740504 0.0740787 0.0718399 0.067883 0.0627193 0.0567882 0.0504442 0.0439559 0.037521 0.0312903 0.0253911 0.0199421 0.015059 0.0108482 0.00739034 0.00471742
 0.00784422 0.012817 0.0194272 0.0276516 0.0372283 0.0474993 0.057383 0.0656416 0.0713285 0.0740831 0.0740909 0.0718332 0.0678619 0.0626902 0.0567576 0.0504168 0.0439328 0.0374989 0.0312617 0.0253454 0.01987 0.0149573 0.0107239 0.00725884 0.0045968
 0.00788923 0.0128907 0.0195382 0.0278065 0.0374279 0.0477344 0.0576317 0.0658724 0.0715088 0.0741899 0.0741172 0.0717875 0.0677617 0.0625555 0.0566068 0.0502646 0.0437893 0.0373689 0.0311447 0.0252365 0.0197627 0.0148473 0.0106122 0.00715188 0.00450351
 0.0078811 0.0128796 0.0195258 0.0277966 0.0374266 0.0477496 0.0576714 0.0659414 0.0716051 0.074303 0.0742295 0.07188 0.0678204 0.0625761 0.0565937 0.0502276 0.043739 0.0373137 0.031089 0.0251807 0.0197047 0.0147854 0.010547 0.00708744 0.00444568
 0.00787463 0.0128622 0.0194877 0.0277254 0.0373126 0.0475925 0.0574853 0.0657547 0.0714529 0.074216 0.0742237 0.0719529 0.0679533 0.0627411 0.0567634 0.0503814 0.0438664 0.0374123 0.0311607 0.0252285 0.0197311 0.0147926 0.0105384 0.00706823 0.00442216
 0.00786886 0.0128493 0.0194614 0.027677 0.0372321 0.0474711 0.0573198 0.0655509 0.0712285 0.0739996 0.0740504 0.0718547 0.0679488 0.0628296 0.0569251 0.0505855 0.0440809 0.0376118 0.03133 0.0253614 0.0198274 0.0148557 0.0105737 0.00708286 0.00442362
 0.00789115 0.0128802 0.0194977 0.0277117 0.0372553 0.047472 0.0572885 0.0654806 0.0711169 0.0738515 0.0738795 0.0716836 0.0678057 0.0627406 0.056906 0.0506361 0.0441859 0.0377469 0.03147 0.025487 0.0199274 0.0149269 0.0106186 0.00710681 0.00443336
 0.00787317 0.0128535 0.0194621 0.0276684 0.0372055 0.0474163 0.0572257 0.0654085 0.0710338 0.0737577 0.073779 0.071584 0.0677186 0.06268 0.056886 0.0506664 0.0442673 0.0378696 0.0316156 0.0256343 0.0200585 0.0150309 0.0106923 0.00715349 0.00445939
 0.0078688 0.0128426 0.0194389 0.0276257 0.0371378 0.0473225 0.0571124 0.0652883 0.0709212 0.0736636 0.0737077 0.0715342 0.0676871 0.0626658 0.0568918 0.0506978 0.0443295 0.037963 0.0317337 0.025764 0.0201842 0.0151392 0.0107755 0.00721056 0.00449424
 0.00783968 0.0127965 0.0193716 0.0275342 0.03702 0.0471788 0.0569466 0.0651097 0.0707445 0.0735074 0.0735901 0.0714685 0.0676777 0.0627081 0.0569757 0.0508123 0.0444656 0.0381146 0.0318947 0.0259261 0.0203369 0.0152717 0.0108805 0.0072858 0.00454278
 0.00782221 0.0127648 0.019318 0.0274499 0.0368981 0.0470175 0.0567528 0.0648987 0.0705368 0.0733236 0.0734471 0.0713781 0.0676466 0.0627375 0.0570607 0.0509428 0.0446284 0.038296 0.0320823 0.0261092 0.0205055 0.0154171 0.0109966 0.0073707 0.00459912
 0.00778875 0.0127095 0.0192333 0.0273281 0.0367331 0.0468081 0.0565049 0.0646275 0.0702654 0.0730786 0.0732543 0.0712572 0.0676085 0.0627831 0.0571823 0.051126 0.0448551 0.0385466 0.0323382 0.0263538 0.0207254 0.0156027 0.0111427 0.00747698 0.00466994
 0.0077677 0.0126746 0.0191792 0.0272494 0.0366249 0.0466674 0.0563328 0.0644301 0.0700536 0.0728677 0.073062 0.0711024 0.0675083 0.0627503 0.0572221 0.0512351 0.0450223 0.0387549 0.0325675 0.0265841 0.0209392 0.0157869 0.0112897 0.00758509 0.00474274
 0.00772124 0.0126006 0.0190709 0.0271018 0.0364365 0.0464417 0.0560801 0.0641675 0.069802 0.0726477 0.07289 0.0709892 0.0674604 0.0627704 0.0573101 0.051387 0.045229 0.0390022 0.0328367 0.0268545 0.021191 0.0160044 0.0114634 0.00771287 0.0048288
 0.00771015 0.0125769 0.0190249 0.0270213 0.03631 0.0462637 0.0558555 0.0639124 0.0695403 0.072405 0.0726881 0.0708437 0.0673799 0.062758 0.0573644 0.0515032 0.0453995 0.0392157 0.033078 0.027105 0.0214312 0.016217 0.0116367 0.00784242 0.00491714
 0.007667 0.0125125 0.0189383 0.0269144 0.0361854 0.0461225 0.0556964 0.063734 0.0693451 0.072203 0.072497 0.0706851 0.0672737 0.0627171 0.0573933 0.0515989 0.0455534 0.0394152 0.0333078 0.0273473 0.0216671 0.0164291 0.0118122 0.00797526 0.00500875
 0.00764904 0.0124804 0.0188849 0.0268323 0.0360697 0.0459746 0.0555259 0.0635569 0.0691782 0.0720572 0.072376 0.0705884 0.0672022 0.0626768 0.0573931 0.0516467 0.0456518 0.0395602 0.0334888 0.0275489 0.0218714 0.0166185 0.0119728 0.00809954 0.00509601
 0.00764596 0.0124763 0.0188802 0.0268269 0.036062 0.0459601 0.0554975 0.0635071 0.0691031 0.0719591 0.0722637 0.0704737 0.0670962 0.0625878 0.057328 0.0516124 0.0456551 0.0396048 0.0335732 0.0276649 0.0220053 0.0167541 0.0120954 0.00819882 0.00516826
 0.00763461 0.0124607 0.0188621 0.0268098 0.03605 0.0459563 0.0555024 0.0635173 0.0691112 0.0719562 0.0722417 0.0704289 0.0670313 0.062511 0.057251 0.0515473 0.0456123 0.0395923 0.0335945 0.0277182 0.0220828 0.0168437 0.0121835 0.0082748 0.00522612
 0.00759272 0.0123959 0.0187711 0.0266925 0.0359106 0.0458041 0.0553518 0.063386 0.0690162 0.071908 0.0722408 0.070466 0.0670916 0.0625802 0.0573195 0.0516122 0.0456763 0.039661 0.0336729 0.0278082 0.0221817 0.0169444 0.0122772 0.00835347 0.00528543
 0.00756072 0.012344 0.0186934 0.0265842 0.0357697 0.0456336 0.0551621 0.0631948 0.0688457 0.0717796 0.0721697 0.0704578 0.0671415 0.062675 0.0574417 0.0517454 0.0458091 0.039788 0.033794 0.0279247 0.0222937 0.0170494 0.0123702 0.00842969 0.00534236
 0.00756326 0.0123428 0.0186817 0.0265524 0.0357075 0.0455342 0.0550254 0.0630295 0.0686673 0.071608 0.0720251 0.0703577 0.0670972 0.0626892 0.0575083 0.0518511 0.0459377 0.0399249 0.0339288 0.0280518 0.0224101 0.0171529 0.0124584 0.0085003 0.00539449
 0.00754706 0.012321 0.0186569 0.0265286 0.035688 0.0455175 0.0550041 0.0629918 0.0686027 0.0715133 0.0719079 0.0702348 0.0669895 0.0626157 0.0574808 0.0518721 0.0460009 0.040018 0.0340377 0.0281641 0.0225168 0.0172481 0.0125385 0.00856346 0.00544061
 0.00754992 0.0123261 0.0186655 0.0265427 0.0357098 0.0455493 0.0550466 0.0630421 0.0686528 0.0715496 0.0719153 0.0702025 0.0669169 0.0625146 0.0573714 0.0517762 0.0459344 0.0399876 0.0340409 0.0281924 0.0225598 0.0172961 0.0125844 0.00860247 0.00547056
 0.00751437 0.012273 0.0185943 0.0264562 0.0356142 0.0454528 0.0549589 0.0629736 0.0686125 0.0715427 0.07194 0.0702497 0.0669725 0.0625646 0.0574078 0.0518 0.045954 0.0400134 0.0340799 0.0282453 0.0226219 0.0173599 0.0126425 0.00865011 0.00550583
 0.0075199 0.0122761 0.0185884 0.0264322 0.0355638 0.045373 0.0548558 0.0628617 0.0685106 0.0714675 0.0719014 0.0702491 0.0670035 0.062616 0.0574668 0.051856 0.0460022 0.0400549 0.0341196 0.0282881 0.0226691 0.0174092 0.0126892 0.00868983 0.00553601
 0.00751715 0.0122729 0.0185854 0.02643 0.0355607 0.0453646 0.0548342 0.0628188 0.0684427 0.0713798 0.0718082 0.0701688 0.0669521 0.0626008 0.0574854 0.0518988 0.0460572 0.0401125 0.034175 0.0283403 0.0227187 0.0174559 0.0127315 0.00872532 0.00556308
 0.00749352 0.012238 0.0185397 0.0263763 0.035504 0.0453104 0.0547872 0.0627812 0.0684136 0.0713552 0.0717832 0.0701418 0.0669268 0.0625854 0.0574886 0.0519251 0.0461048 0.0401746 0.034243 0.0284073 0.0227805 0.0175104 0.0127774 0.00876178 0.00558997
 0.00750158 0.0122473 0.0185467 0.0263758 0.0354911 0.0452831 0.0547484 0.0627382 0.068375 0.0713267 0.0717655 0.0701307 0.0669166 0.0625727 0.0574751 0.0519161 0.0461062 0.0401897 0.0342709 0.0284437 0.02282 0.0175485 0.012811 0.00878906 0.00561034
 0.00750158 0.0122473 0.0185467 0.0263758 0.0354911 0.0452831 0.0547484 0.0627382 0.068375 0.0713267 0.0717655 0.0701307 0.0669166 0.0625727 0.0574751 0.0519161 0.0461062 0.0401897 0.0342709 0.0284437 0.02282 0.0175485 0.012811 0.00878906 0.00561034
 0.00713033 0.0116621 0.0177024 0.0252488 0.0340908 0.0436658 0.0530291 0.0610855 0.0669814 0.0703622 0.0713363 0.0702597 0.0675488 0.0635977 0.0587564 0.0533194 0.0475187 0.0415279 0.035479 0.0294881 0.0236837 0.0182285 0.0133168 0.00914176 0.00583879
#pred catch len freq
 0.00312948 0.00509154 0.00770391 0.0110177 0.0150769 0.0198684 0.025263 0.0310066 0.0367733 0.0422318 0.0470925 0.0511438 0.0542803 0.0565093 0.0579289 0.0587008 0.0590274 0.0591154 0.0590842 0.0588152 0.0578253 0.0553239 0.0505521 0.0432843 0.0341539
 0.00335143 0.00539187 0.00804609 0.0113355 0.0152992 0.019955 0.0252266 0.0309049 0.0366721 0.0421658 0.0470529 0.0510994 0.054217 0.0564585 0.0579651 0.0589057 0.0594386 0.0596835 0.0596643 0.059206 0.057847 0.0549003 0.0497507 0.0422872 0.0331755
 0.00342166 0.00554209 0.00833363 0.0118223 0.0160203 0.0208791 0.0262362 0.0318224 0.0373293 0.0424765 0.0470389 0.0508567 0.0538551 0.05606 0.0575862 0.0585948 0.0592392 0.0596087 0.0596637 0.0591599 0.0576094 0.0543725 0.0489414 0.0413157 0.0322143
 0.00354452 0.00572987 0.00859903 0.0121824 0.016508 0.0215504 0.0271564 0.0330246 0.0387617 0.043976 0.0483649 0.0517798 0.0542488 0.0559383 0.0570714 0.0578507 0.0584119 0.0587932 0.0588883 0.0583876 0.0567632 0.0533878 0.0478193 0.040141 0.0311209
 0.00372983 0.00602263 0.00902334 0.0127542 0.0172331 0.022423 0.0281621 0.0341473 0.0399906 0.0452972 0.0497335 0.0530878 0.0553248 0.0565971 0.0571905 0.0574217 0.0575353 0.0576223 0.0575623 0.0569891 0.0553191 0.0519047 0.0463289 0.0387216 0.029878
 0.00395494 0.00637885 0.00954205 0.0134601 0.0181419 0.0235376 0.0294644 0.0355923 0.0415092 0.0468094 0.0511631 0.0543689 0.0563911 0.057365 0.0575562 0.0572892 0.0568601 0.0564405 0.0559801 0.055143 0.0533379 0.0498989 0.0444031 0.036984 0.028428
 0.00419745 0.00676719 0.0101163 0.0142557 0.0191863 0.0248423 0.0310148 0.0373395 0.0433693 0.0486731 0.0529112 0.0558886 0.05759 0.0581739 0.057921 0.0571597 0.0561929 0.0552193 0.054242 0.0529897 0.0509239 0.0474075 0.0420213 0.0348784 0.0267186
 0.00443692 0.00715474 0.0106974 0.0150747 0.0202815 0.0262372 0.0327048 0.0392804 0.0454753 0.0508236 0.054965 0.057702 0.0590349 0.0591516 0.0583665 0.0570346 0.0554758 0.053905 0.0523559 0.0506107 0.0482 0.0445487 0.0392672 0.0324492 0.0247664
 0.00469542 0.00757059 0.0113166 0.0159413 0.0214347 0.0277038 0.0344868 0.0413423 0.0477378 0.0531668 0.0572397 0.0597472 0.0606982 0.0603082 0.0589282 0.0569505 0.0547248 0.0524911 0.0503134 0.0480221 0.0452169 0.0413956 0.0362134 0.0297511 0.0226035
 0.0050067 0.00805923 0.0120212 0.0168906 0.0226487 0.0291933 0.0362469 0.0433431 0.0499169 0.0554283 0.0594592 0.0617825 0.0624039 0.0615512 0.0596004 0.0569753 0.0540587 0.0511239 0.0482743 0.0453948 0.0421575 0.0381375 0.0330407 0.0269386 0.0203467
 0.00526325 0.00847933 0.0126593 0.0177999 0.0238718 0.0307472 0.0381076 0.0454396 0.0521421 0.0576588 0.0615735 0.0636686 0.06396 0.0626834 0.060223 0.0570137 0.0534549 0.0498458 0.0463302 0.042853 0.0391657 0.0349264 0.0298961 0.0241404 0.0180965
 0.00545988 0.00880356 0.0131577 0.0185238 0.0248735 0.0320696 0.039767 0.0474089 0.0543396 0.0599519 0.0637963 0.0656524 0.0655626 0.0638056 0.060806 0.0570223 0.0528634 0.0486355 0.0445047 0.0404647 0.0363428 0.0318815 0.0269008 0.0214657 0.0159402
 0.00566815 0.0091334 0.0136396 0.0191849 0.025739 0.0331624 0.0411018 0.0489822 0.0561192 0.0618686 0.0657426 0.0674905 0.0671433 0.0649933 0.0614984 0.0571577 0.0524136 0.0475958 0.0428923 0.0383344 0.0338101 0.0291358 0.0241875 0.019033 0.0139726
 0.00591593 0.00952495 0.0142081 0.0199545 0.0267221 0.034355 0.0424786 0.0504949 0.0577025 0.0634514 0.0672558 0.0688662 0.0683104 0.0658745 0.0620144 0.0572373 0.0520035 0.0466689 0.0414538 0.0364322 0.0315494 0.0266861 0.0217661 0.0168602 0.0122132
 0.00618598 0.00995807 0.014849 0.020841 0.0278781 0.0357794 0.044132 0.0522935 0.0595264 0.0651669 0.0687409 0.0700317 0.0691074 0.0662889 0.06205 0.0568981 0.0512843 0.0455592 0.0399535 0.0345731 0.0294152 0.0244194 0.0195531 0.0148897 0.0106253
 0.00643089 0.0103538 0.015441 0.0216722 0.0289831 0.0371737 0.0457968 0.0541629 0.061486 0.0670654 0.0704143 0.0713326 0.0699334 0.0665989 0.0618611 0.0562638 0.0502674 0.0442121 0.0383169 0.032692 0.0273624 0.0223102 0.0175374 0.0131197 0.00921204
 0.00668411 0.0107453 0.0159942 0.0223999 0.0298917 0.038267 0.0470734 0.0556055 0.063049 0.068666 0.0719347 0.0726352 0.0708864 0.067104 0.0618722 0.0557909 0.0493634 0.0429513 0.0367774 0.0309518 0.0255076 0.0204465 0.0157877 0.011603 0.00801177
 0.00680176 0.0109413 0.0162978 0.0228408 0.0304939 0.0390395 0.0480021 0.0566538 0.0641661 0.0697986 0.0730309 0.0736387 0.0717292 0.0677069 0.0621587 0.0557066 0.0488916 0.0421165 0.0356381 0.0295892 0.0240182 0.0189382 0.0143725 0.0103806 0.00704827
 0.00680813 0.0109597 0.0163417 0.0229314 0.0306594 0.0393115 0.0484091 0.0572117 0.064869 0.0706143 0.073904 0.074502 0.0725159 0.0683563 0.0626158 0.055921 0.048823 0.0417465 0.0349798 0.0286912 0.0229602 0.0178201 0.0132992 0.00944321 0.00630588
 0.00677475 0.0109073 0.0162672 0.0228363 0.0305529 0.0392148 0.0483571 0.0572494 0.0650412 0.0709502 0.0744048 0.0751359 0.0732231 0.0690619 0.0632428 0.0564004 0.0490996 0.0417832 0.034764 0.0282412 0.0223277 0.0170843 0.0125518 0.00876806 0.00576043
 0.00673586 0.0108408 0.0161611 0.0226775 0.0303308 0.0389274 0.0480179 0.0568926 0.0647215 0.0707351 0.0743599 0.0753061 0.0736163 0.0696412 0.0639332 0.0571055 0.0497224 0.0422432 0.0350098 0.0282573 0.0221365 0.0167416 0.0121333 0.00835049 0.00540244
 0.00675594 0.0108647 0.0161806 0.0226783 0.0302953 0.0388388 0.0478655 0.0566764 0.0644554 0.070449 0.074099 0.0751253 0.073568 0.0697593 0.0642184 0.0575201 0.0501965 0.0426924 0.0353563 0.0284492 0.0221591 0.0166179 0.0119142 0.00809712 0.00516747
 0.00673297 0.010827 0.0161228 0.0225942 0.0301775 0.0386795 0.0476591 0.0564225 0.0641629 0.0701388 0.073804 0.0748868 0.0734289 0.0697553 0.064369 0.0578196 0.05061 0.0431591 0.0358026 0.0288076 0.022387 0.0167074 0.0118902 0.00800391 0.00505131
 0.00665336 0.0107112 0.0159734 0.0224218 0.0299965 0.038502 0.0474904 0.0562606 0.0640024 0.0699761 0.073642 0.074738 0.0733152 0.0697049 0.064409 0.0579676 0.0508648 0.0434957 0.0361745 0.029158 0.0226658 0.0168865 0.0119698 0.00800763 0.00501286
 0.0066228 0.0106539 0.0158741 0.0222638 0.0297691 0.0382092 0.0471567 0.0559279 0.0637156 0.0697671 0.0735202 0.0746932 0.0733297 0.0697658 0.0645147 0.0581253 0.0510823 0.0437708 0.0364887 0.0294775 0.0229509 0.0171055 0.0121096 0.00807557 0.00503016
 0.0066941 0.0107502 0.0159819 0.022356 0.0298089 0.0381601 0.0469935 0.0556464 0.0633389 0.0693443 0.073116 0.0743688 0.0731241 0.0696876 0.0645485 0.0582462 0.0512679 0.0440042 0.0367538 0.0297532 0.0232105 0.017323 0.0122686 0.00817409 0.00507933
 0.00670873 0.01078 0.0160369 0.0224459 0.029937 0.0383149 0.0471435 0.0557443 0.0633367 0.0692129 0.0728601 0.0740286 0.0727628 0.0693706 0.0643233 0.058133 0.0512617 0.044085 0.0368956 0.0299292 0.0233944 0.0174909 0.0124028 0.00826715 0.00513416
 0.00666877 0.010717 0.0159465 0.0223277 0.0297968 0.0381666 0.0470081 0.0556437 0.0632824 0.0691976 0.0728584 0.0740104 0.0727106 0.0692911 0.0642449 0.058091 0.0512827 0.0441768 0.0370477 0.0301188 0.0235944 0.0176763 0.0125558 0.00837922 0.00520657
 0.00664939 0.0106832 0.0158915 0.022244 0.0296784 0.0380128 0.046827 0.0554538 0.0631101 0.0690697 0.0727924 0.0740068 0.0727525 0.0693523 0.0643042 0.0581429 0.0513375 0.0442516 0.0371542 0.0302561 0.0237493 0.0178298 0.0126898 0.00848291 0.00527753
 0.00662451 0.0106433 0.015832 0.0221597 0.0295633 0.0378599 0.0466312 0.0552161 0.0628428 0.0687996 0.0725573 0.0738453 0.0726908 0.0693944 0.0644314 0.0583242 0.0515432 0.0444627 0.0373633 0.0304607 0.0239453 0.0180086 0.0128413 0.00859991 0.00535892
 0.00666007 0.0106977 0.0159072 0.0222549 0.0296742 0.0379783 0.046744 0.055305 0.062886 0.0687773 0.0724595 0.0736787 0.0724806 0.0691776 0.0642444 0.0581907 0.0514694 0.0444418 0.0373827 0.0305085 0.0240115 0.0180835 0.012915 0.0086637 0.00540752
 0.006698 0.0107476 0.015961 0.0222983 0.0296919 0.037961 0.0466937 0.0552341 0.0628112 0.0687108 0.0724037 0.0736273 0.0724244 0.0691128 0.0641769 0.058134 0.0514385 0.0444453 0.0374204 0.0305728 0.0240912 0.0181672 0.0129929 0.00872878 0.00545635
