SBPRF35
9.52215
Curr Bio
612470
B35
753648
F35
0.191268
FOFL
0.148597
OFL
71296.7
Bzero
2.72061e+006
#pred survey bio
 4.44022e+006 4.23232e+006 4.02471e+006 3.7772e+006 3.48649e+006 3.14872e+006 2.84e+006 2.53864e+006 2.24514e+006 1.97356e+006 1.7218e+006 1.53938e+006 1.34172e+006 1.19821e+006 1.05961e+006 943202 839882 770322 728158 680176 651745 631558 611338 601137 588911 586539 584142 569017 566413 564793 561753 571516 568160 567020 561616 549854 546638 540224 541904 549123 550630 558839 570985 576266 579765 587769 586436 600987 612361 619221 626382 614703 626716 631216 619130 2.1001e+007 1.27142e+007 1.3103e+007 1.39737e+007 1.51216e+007 1.63274e+007 1.74445e+007 1.8401e+007 1.91781e+007 1.9787e+007 2.02527e+007 2.06029e+007 2.08636e+007 2.10564e+007 2.11987e+007 2.13037e+007 2.13814e+007 2.14391e+007 2.14821e+007 2.15143e+007 2.15386e+007 2.15571e+007 2.15711e+007 2.15819e+007 2.15901e+007 2.15965e+007 2.16014e+007 2.16053e+007 2.16083e+007 2.16106e+007 2.16124e+007 2.16139e+007 2.1615e+007 2.16159e+007 2.16166e+007 2.16171e+007 2.16176e+007 2.16179e+007 2.16182e+007 2.16184e+007 2.16186e+007 2.16187e+007 2.16188e+007 2.16189e+007 2.1619e+007 2.1619e+007 2.16191e+007 2.16191e+007 2.16191e+007 2.16192e+007 2.16192e+007 2.16192e+007 2.16192e+007 2.16192e+007 2.16192e+007 2.16192e+007 2.16192e+007 2.16192e+007 2.16192e+007 2.16192e+007 2.16192e+007 2.16192e+007 2.16192e+007 2.16192e+007 2.16192e+007 2.16192e+007 2.16192e+007 2.16192e+007 2.16192e+007 2.16192e+007 2.16192e+007 2.16192e+007 2.16192e+007 2.16192e+007 2.16192e+007 2.16192e+007 2.16192e+007 2.16192e+007 2.16192e+007 2.16192e+007 2.16192e+007 2.16192e+007 2.16192e+007 2.16192e+007 2.16192e+007 2.16192e+007 2.16192e+007 2.16192e+007 2.16192e+007 2.16192e+007 2.16192e+007 2.16192e+007 2.16192e+007 2.16192e+007 2.16192e+007 2.16192e+007 2.16192e+007 2.16192e+007 2.16192e+007 2.16192e+007 0 0 0 0 0 0 0 0 0 0 0 0 0 0 0 0 0 0 0 0 0 0 0 0 0
#obs survey bio
 3.03823e+006 4.56761e+006 2.76839e+006 3.58242e+006 3.59798e+006 3.04937e+006 2.69219e+006 2.58018e+006 1.75914e+006 1.86638e+006 1.88677e+006 1.37448e+006 911850 759278 727481 736028 658532 866015 566445 698317 466866 638944 588428 648924 621677 439812 401880 629591 412634 709662 617672 484989 513845 708598 763764 470920 740889 563972 639795 399460 551209 810060 427297 745759 425282 549119 505243 824471 521442 595041 487984 594978 664681 801180 562893
#pred catch bio
 102145 105416 151699 208087 273641 272500 291031 307530 308562 307858 259401 282792 241947 241763 223121 209968 177845 151457 152897 133145 124515 123040 113215 113701 104532 104044 112902 100170 97946.8 97604.2 86142.8 96662.4 92864.7 93352.8 94889.2 86066.3 90671.4 86913.2 84664.3 90288.3 84472.2 81294 87343.8 88864 85690.9 94679.5 82810 87445.9 92833.8 94227.4 111160 92210.7 99439 111542 112525 71296.7 90605 92188.5 97122.6 104609 112721 120203 126499 131485 135270 138052 140050 141457 142435 143107 143564 143873 144081 144220 144312 144374 144414 144441 144459 144471 144478 144483 144487 144489 144490 144491 144492 144492 144493 144493 144493 144493 144493 144493 144493 144493 144493 144493 144493 144493 144493 144493 144493 144493 144493 144493 144493 144493 144493 144493 144493 144493 144493 144493 144493 144493 144493 144493 144493 144493 144493 144493 144493 144493 144493 144493 144493 144493 144493 144493 144493 144493 144493 144493 144493 144493 144493 144493 144493 144493 144493 144493 144493 144493 144493 144493 144493 144493 144493 144493 144493 144493 144493 144493 144493 0 0 0 0 0 0 0 0 0 0 0 0 0 0 0 0 0 0 0 0 0 0 0 0 0
#obs catch bio
 0 105138 151850 208819 275709 274398 294159 311562 312635 313379 262489 288219 246219 248225 228788 214828 181741 153604 155463 134454 126308 125083 114905 115545 105890 105911 115455 101267 99277.7 98875.8 86575.5 98195.5 94430 94329.4 95824.9 86659.1 90897.8 86775.1 84471.6 90422.1 84383.7 80722.3 87081.8 88409.4 85114.4 94315.5 82763.4 87221.8 92601.8 93907.5 111522 92218 99591.2 111725 112564
#pred cpue bio
 4.37543e+006 4.17158e+006 3.96729e+006 3.72109e+006 3.43139e+006 3.09525e+006 2.78791e+006 2.4881e+006 2.1964e+006 1.92666e+006 1.67691e+006 1.49585e+006 1.30022e+006 1.15798e+006 1.02118e+006 906726 805527 737679 696873 650456 622823 603087 583427 573598 561845 559598 557381 543032 540845 539545 536898 546530 543412 542796 538372 527633 524220 516794 517518 524458 526245 534589 546606 551761 555160 562800 561189 575096 586082 592586 599260 587567 599047 603653 592521 2.01276e+007 1.22036e+007 1.24763e+007 1.32117e+007 1.4308e+007 1.55006e+007 1.66148e+007 1.75707e+007 1.83476e+007 1.89566e+007 1.94222e+007 1.97724e+007 2.00331e+007 2.02259e+007 2.03682e+007 2.04732e+007 2.05509e+007 2.06086e+007 2.06516e+007 2.06839e+007 2.07082e+007 2.07266e+007 2.07406e+007 2.07514e+007 2.07597e+007 2.0766e+007 2.0771e+007 2.07748e+007 2.07778e+007 2.07801e+007 2.0782e+007 2.07834e+007 2.07845e+007 2.07854e+007 2.07861e+007 2.07867e+007 2.07871e+007 2.07875e+007 2.07877e+007 2.07879e+007 2.07881e+007 2.07882e+007 2.07884e+007 2.07884e+007 2.07885e+007 2.07886e+007 2.07886e+007 2.07886e+007 2.07887e+007 2.07887e+007 2.07887e+007 2.07887e+007 2.07887e+007 2.07887e+007 2.07887e+007 2.07887e+007 2.07888e+007 2.07888e+007 2.07888e+007 2.07888e+007 2.07888e+007 2.07888e+007 2.07888e+007 2.07888e+007 2.07888e+007 2.07888e+007 2.07888e+007 2.07888e+007 2.07888e+007 2.07888e+007 2.07888e+007 2.07888e+007 2.07888e+007 2.07888e+007 2.07888e+007 2.07888e+007 2.07888e+007 2.07888e+007 2.07888e+007 2.07888e+007 2.07888e+007 2.07888e+007 2.07888e+007 2.07888e+007 2.07888e+007 2.07888e+007 2.07888e+007 2.07888e+007 2.07888e+007 2.07888e+007 2.07888e+007 2.07888e+007 2.07888e+007 2.07888e+007 2.07888e+007 2.07888e+007 2.07888e+007 2.07888e+007 2.07888e+007 2.07888e+007 0 0 0 0 0 0 0 0 0 0 0 0 0 0 0 0 0 0 0 0 0 0 0 0 0
#obs cpue bio
 4.20261e+006 5.78141e+006 4.07403e+006 2.14873e+006 2.67888e+006 2.29014e+006 2.03752e+006 2.04243e+006 2.59921e+006 1.4134e+006 1.44394e+006 1.29112e+006 1.25516e+006 961641 1.11936e+006 1.05233e+006 695102 667101 740458 669591 514649 442761 460825 428522 451321 405201 581072 652030 510522 397694 577341 317182 377507 608998 394150 556103 619830 638345 454259 610288 594489 638692 594576 548458 850638 615498 396452 583276 724134 607374 608721 527154 569551 519736 714297
#pred surv len freq
 0.00478505 0.00780426 0.0118106 0.0168033 0.022667 0.0290867 0.0355243 0.0413556 0.0461081 0.0496171 0.0519964 0.0534956 0.0543713 0.0548245 0.0549859 0.0549199 0.05464 0.054119 0.053268 0.0518817 0.0495985 0.045966 0.0406607 0.0337717 0.0259389
 0.00498837 0.0080343 0.0119761 0.0167707 0.0223125 0.0283693 0.0345347 0.0402981 0.0452158 0.0490489 0.0517794 0.0535411 0.0545445 0.0550212 0.055177 0.0551495 0.0549861 0.0546364 0.0539423 0.0526186 0.050257 0.0464209 0.0408577 0.0337434 0.0257761
 0.00527953 0.00849796 0.012648 0.0176566 0.0233639 0.0294611 0.0354684 0.0408527 0.04524 0.0485437 0.0509074 0.0525472 0.0536388 0.054304 0.0546439 0.0547541 0.0546992 0.0544616 0.0538882 0.0526601 0.0503239 0.0464257 0.0407426 0.0335107 0.0254807
 0.00548281 0.00884199 0.0131909 0.0184604 0.0244789 0.0308986 0.0371677 0.042661 0.0469222 0.0498327 0.0515853 0.0525243 0.0529875 0.0532218 0.053365 0.053464 0.0535009 0.0533922 0.0529505 0.0518397 0.0495916 0.0457445 0.0400875 0.0328867 0.0249216
 0.00569831 0.00918861 0.0137072 0.0191844 0.0254459 0.0321357 0.0386812 0.0444193 0.0488388 0.0517558 0.0533032 0.0537992 0.0536179 0.0531117 0.0525607 0.0521337 0.051866 0.0516533 0.051245 0.0502391 0.0481227 0.0444149 0.0389059 0.0318723 0.0240991
 0.00599219 0.00965519 0.0143887 0.020113 0.0266395 0.0335913 0.040368 0.0462773 0.0507869 0.0537003 0.0551377 0.0553933 0.0548123 0.0537368 0.0524848 0.0513168 0.0503856 0.0496833 0.0489997 0.0479165 0.0458746 0.0423477 0.0370947 0.0303701 0.0229338
 0.00625611 0.010082 0.0150268 0.0210055 0.0278164 0.0350566 0.0420872 0.0481745 0.0527576 0.0556343 0.0569362 0.0569707 0.0560833 0.0546011 0.0528256 0.0510242 0.0494003 0.0480357 0.0468195 0.0454054 0.0432599 0.0398396 0.0348604 0.0285211 0.0215198
 0.00652959 0.0105213 0.0156785 0.0219106 0.0290038 0.0365331 0.0438253 0.0501061 0.0547809 0.0576306 0.0587891 0.0585792 0.057365 0.0554857 0.0532431 0.0508982 0.0486587 0.0466415 0.0448091 0.0429096 0.0404927 0.0370565 0.0323043 0.0263741 0.0198735
 0.00684351 0.0110216 0.0164127 0.0229165 0.0303036 0.0381235 0.0456668 0.0521197 0.056857 0.0596487 0.0606356 0.0601569 0.0585951 0.0563056 0.0535998 0.0507415 0.0479381 0.0453182 0.0428842 0.0404594 0.0376869 0.0341425 0.0295549 0.0240197 0.0180481
 0.0071365 0.0114971 0.0171264 0.023919 0.0316293 0.0397752 0.0475996 0.054237 0.0590262 0.0617282 0.0624995 0.0617073 0.0597617 0.0570397 0.053866 0.0505092 0.0471766 0.0440011 0.0410086 0.0380773 0.0349335 0.0312381 0.026767 0.0215948 0.016145
 0.00749467 0.012061 0.0179414 0.0250164 0.0330233 0.0414569 0.0495279 0.0563321 0.0611739 0.0637957 0.0643546 0.0632356 0.0608773 0.0576882 0.0540199 0.0501566 0.0463111 0.0426183 0.0391174 0.0357258 0.0322376 0.0283925 0.0240192 0.019185 0.0142377
 0.00775597 0.0124794 0.018559 0.0258676 0.0341283 0.0428125 0.0510977 0.0580454 0.0629372 0.0655106 0.0659311 0.0645948 0.0619489 0.0584088 0.0543358 0.0500277 0.0457114 0.041536 0.0375611 0.0337396 0.0299229 0.0259178 0.0216023 0.0170427 0.0125256
 0.0081507 0.0131029 0.019463 0.0270861 0.0356702 0.0446505 0.0531572 0.060203 0.0650388 0.0674023 0.0674893 0.0657411 0.0626483 0.0586576 0.0541455 0.0494124 0.0446815 0.0401007 0.0357385 0.0315756 0.0275114 0.0234106 0.0191939 0.0149271 0.0108416
 0.00833672 0.0134196 0.0199655 0.027834 0.0367135 0.0460081 0.0547967 0.0620347 0.0669304 0.0692068 0.0690718 0.0669954 0.063504 0.05908 0.0541303 0.0489747 0.0438447 0.0388897 0.0341832 0.029724 0.0254478 0.0212656 0.0171326 0.0131142 0.00939576
 0.00852083 0.0137218 0.0204264 0.0284951 0.0376113 0.047163 0.0561991 0.063635 0.0686385 0.0709026 0.0706222 0.0682742 0.0644107 0.0595522 0.0541469 0.048549 0.0430122 0.0376965 0.0326812 0.0279765 0.0235412 0.0193177 0.0152846 0.0115032 0.00811799
 0.00868932 0.0139916 0.0208252 0.0290469 0.0383335 0.0480616 0.0572619 0.0648284 0.0699093 0.0721837 0.0718378 0.0693434 0.0652517 0.0600912 0.0543289 0.0483469 0.0424289 0.0367614 0.0314446 0.026507 0.0219277 0.0176707 0.0137278 0.0101513 0.00704924
 0.00881348 0.0142014 0.0211554 0.0295333 0.0390042 0.0489233 0.0582882 0.0659586 0.0710616 0.0732761 0.0728034 0.0701347 0.0658353 0.0604396 0.0544163 0.0481513 0.0419387 0.0359825 0.0304059 0.0252626 0.020557 0.0162735 0.0124126 0.00901534 0.00615573
 0.00887829 0.0142966 0.0212812 0.0296874 0.0391877 0.0491481 0.0585788 0.0663449 0.071564 0.0738902 0.073495 0.0708462 0.0665005 0.0609968 0.0548143 0.0483494 0.0419067 0.0357037 0.0298832 0.0245258 0.0196647 0.0153091 0.0114713 0.00818375 0.00549254
 0.00891776 0.0143476 0.0213336 0.0297239 0.039189 0.0491018 0.0584887 0.0662363 0.0714816 0.0738893 0.0736251 0.0711339 0.0669359 0.0615326 0.0553764 0.048855 0.0422805 0.0358895 0.0298511 0.0242767 0.0192326 0.0147571 0.0108793 0.00763007 0.00503475
 0.00914751 0.0146909 0.0217929 0.0302788 0.0397981 0.0497094 0.0590316 0.0666526 0.0717242 0.0739409 0.0735083 0.0709061 0.0666709 0.061295 0.0552011 0.0487387 0.0421878 0.0357689 0.0296546 0.023976 0.0188289 0.0142817 0.0103845 0.00717251 0.00465819
 0.00928881 0.0149101 0.0221024 0.0306805 0.0402808 0.0502451 0.0595746 0.0671425 0.0720979 0.0741499 0.0735328 0.0707608 0.0664004 0.060961 0.0548652 0.048445 0.041951 0.0355738 0.0294661 0.0237575 0.0185593 0.013965 0.0100474 0.00685277 0.00438921
 0.00928782 0.0149239 0.0221515 0.0307927 0.0404835 0.050553 0.0599783 0.0676058 0.0725647 0.074558 0.073828 0.0709082 0.0663909 0.0608128 0.0546188 0.0481509 0.0416549 0.0353028 0.0292242 0.0235309 0.0183303 0.013725 0.00980347 0.0066238 0.00419566
 0.00933653 0.0149932 0.0222383 0.030891 0.0405891 0.0506704 0.0601231 0.0677986 0.0728179 0.0748626 0.0741495 0.0711943 0.0665888 0.0608867 0.0545601 0.0479791 0.0414079 0.0350228 0.0289443 0.0232683 0.0180881 0.0135008 0.00959784 0.00644281 0.00404773
 0.00932404 0.0149742 0.022212 0.0308569 0.0405468 0.0506197 0.060066 0.0677427 0.0727798 0.0748663 0.0742184 0.071339 0.0667964 0.061121 0.0547739 0.0481315 0.0414784 0.0350142 0.0288756 0.0231629 0.0179654 0.0133737 0.00947483 0.00633145 0.00395478
 0.00940664 0.0150922 0.0223593 0.0310174 0.0406988 0.0507433 0.0601481 0.067779 0.0727733 0.0748253 0.0741568 0.071275 0.0667491 0.0611028 0.0547834 0.0481528 0.0414879 0.0349922 0.0288144 0.0230679 0.0178501 0.013253 0.00936117 0.00623326 0.00387679
 0.00935244 0.0150181 0.0222731 0.0309338 0.0406334 0.0507043 0.0601314 0.0677706 0.0727577 0.074796 0.0741201 0.0712469 0.0667479 0.0611416 0.0548653 0.0482693 0.0416208 0.0351182 0.0289123 0.0231258 0.0178672 0.0132378 0.0093265 0.00619165 0.00383771
 0.00915639 0.0147337 0.0219094 0.0305229 0.0402235 0.0503466 0.059868 0.0676266 0.0727383 0.0748863 0.0742904 0.0714632 0.0669824 0.0613794 0.0551027 0.048507 0.0418559 0.0353416 0.0291103 0.0232848 0.0179799 0.0133052 0.00935707 0.00619762 0.00383092
 0.00920647 0.0147885 0.0219442 0.0305019 0.0401144 0.0501405 0.0595928 0.0673426 0.0725148 0.0747728 0.0742984 0.0715675 0.0671387 0.061545 0.0552504 0.0486281 0.0419548 0.0354259 0.0291841 0.0233468 0.0180259 0.0133325 0.00936678 0.00619462 0.00382151
 0.00918319 0.0147502 0.0218847 0.0304121 0.039981 0.0499465 0.059323 0.0669942 0.0721102 0.0743647 0.07396 0.0713683 0.0671173 0.0616951 0.0555286 0.0489746 0.0423154 0.0357637 0.0294792 0.0235912 0.0182175 0.0134731 0.00946158 0.0062522 0.00385229
 0.00909515 0.0146208 0.0217151 0.0302122 0.0397655 0.0497293 0.0591121 0.0667903 0.0719085 0.0741617 0.0737616 0.0711963 0.0670074 0.061685 0.0556396 0.0492007 0.0426241 0.0361091 0.029818 0.0238921 0.0184638 0.01366 0.00959293 0.00633695 0.00390195
 0.0092275 0.0147928 0.0218952 0.0303464 0.0397951 0.0496173 0.0588626 0.0664477 0.0715371 0.0738177 0.0734764 0.0709768 0.0668496 0.0615881 0.0556117 0.0492524 0.0427575 0.0363104 0.0300588 0.0241386 0.0186869 0.0138417 0.00972727 0.00642727 0.00395706
 0.00908038 0.0145922 0.0216625 0.0301197 0.0396116 0.0494891 0.0587639 0.0663265 0.0713471 0.073551 0.0731727 0.0707045 0.0666721 0.0615394 0.0556928 0.0494434 0.0430313 0.0366391 0.0304137 0.0244898 0.0190061 0.0141076 0.00992972 0.00656788 0.00404589
 0.00882932 0.0142292 0.0212014 0.0296063 0.0391154 0.0490858 0.0585159 0.0662651 0.0714611 0.0737853 0.0734457 0.07094 0.0668304 0.061628 0.0557513 0.0495171 0.0431501 0.0368111 0.0306288 0.024727 0.0192407 0.0143171 0.010099 0.00669146 0.00412724
 0.00854148 0.0137794 0.020561 0.0287682 0.0381035 0.0479658 0.0573995 0.0652989 0.0707909 0.0735102 0.0735834 0.071424 0.0675396 0.0624315 0.0565481 0.0502538 0.0438146 0.0374121 0.0311762 0.0252212 0.019673 0.0146763 0.0103778 0.00689123 0.00425823
 0.00848484 0.0136597 0.0203306 0.0283673 0.0374777 0.0470922 0.0563126 0.0640978 0.0696241 0.0725419 0.0729541 0.071217 0.0677616 0.0630144 0.0573735 0.0511903 0.0447534 0.0382843 0.0319499 0.0258871 0.0202299 0.0151243 0.0107194 0.00713449 0.0044179
 0.00914088 0.0145825 0.0214514 0.0295268 0.0384636 0.0477048 0.0564222 0.0636714 0.0687211 0.0712945 0.0715432 0.0698416 0.0666007 0.06219 0.0569284 0.0510897 0.0449101 0.0385941 0.032322 0.0262588 0.0205656 0.0154069 0.0109424 0.00729838 0.00452888
 0.00968471 0.0154439 0.0226971 0.0311816 0.0404796 0.0499284 0.0585814 0.0654141 0.069713 0.0713366 0.0706434 0.0682015 0.0645365 0.0600333 0.0549491 0.0494568 0.0436863 0.0377568 0.0317978 0.0259592 0.0204118 0.0153402 0.0109236 0.00730253 0.00454101
 0.00966388 0.0154947 0.0229294 0.031748 0.0415335 0.0515553 0.0607339 0.0678855 0.0721668 0.0733827 0.0719352 0.068527 0.0638742 0.0585524 0.0529507 0.0472808 0.0416229 0.0359941 0.0304138 0.0249455 0.0197116 0.0148807 0.0106369 0.00713326 0.00444735
 0.00936611 0.0150556 0.0223582 0.0310983 0.040909 0.0511066 0.0606401 0.0683124 0.0732015 0.074969 0.0738498 0.0704248 0.0653905 0.0594191 0.053074 0.0467514 0.040661 0.0348608 0.02933 0.0240471 0.019046 0.0144324 0.0103592 0.00697418 0.00436296
 0.00916051 0.0147184 0.0218481 0.0303828 0.0399815 0.0500102 0.0594885 0.0672894 0.0725291 0.0748459 0.0743832 0.0715787 0.0669759 0.0611367 0.0546029 0.0478491 0.0412314 0.0349598 0.0291132 0.0236931 0.0186947 0.0141585 0.0101801 0.00687371 0.00431437
 0.00907049 0.0145743 0.0216341 0.0300828 0.0395789 0.0494906 0.0588484 0.0665511 0.0717557 0.0741489 0.0739092 0.0714719 0.0673231 0.0619195 0.0556842 0.0490101 0.0422467 0.0356753 0.0294877 0.0237872 0.0186202 0.0140233 0.0100547 0.00678644 0.00426515
 0.00910964 0.0146071 0.021627 0.0299864 0.0393419 0.0490808 0.0582692 0.0658436 0.0709865 0.0733943 0.0732483 0.0709885 0.0671027 0.062031 0.0561463 0.0497644 0.0431594 0.0365776 0.0302349 0.024305 0.018914 0.0141517 0.0100898 0.00678409 0.00425576
 0.00910227 0.0145996 0.0216221 0.0299844 0.0393339 0.0490422 0.0581592 0.0656166 0.0706127 0.0728806 0.0726456 0.0703812 0.0665892 0.0617021 0.0560686 0.0499626 0.0436032 0.037181 0.0308793 0.0248782 0.0193465 0.0144297 0.0102416 0.00685426 0.00428333
 0.00907488 0.0145663 0.0215927 0.0299748 0.0393617 0.0491179 0.058278 0.0657527 0.0707214 0.0729077 0.0725451 0.0701354 0.0662221 0.0612795 0.0556806 0.0496969 0.0435168 0.0372818 0.0311242 0.0251913 0.0196491 0.0146681 0.0103982 0.00694026 0.00432255
 0.00920612 0.0147463 0.0218026 0.0301785 0.0395184 0.0492014 0.0582892 0.065718 0.0706749 0.0728694 0.0725082 0.0700697 0.066092 0.0610666 0.0553997 0.0493962 0.0432613 0.0371268 0.0310928 0.025267 0.0197869 0.0148168 0.0105207 0.00702233 0.00436799
 0.00926257 0.0148419 0.0219517 0.0303917 0.0397942 0.049517 0.0585977 0.0659585 0.0707965 0.0728542 0.0723773 0.0698675 0.0658598 0.0608251 0.0551515 0.0491414 0.0430134 0.036914 0.0309455 0.0252007 0.0197935 0.0148693 0.0105876 0.00708026 0.00440734
 0.00930169 0.0149156 0.0220811 0.0306025 0.0401095 0.0499459 0.0591237 0.066534 0.0713475 0.0732969 0.0726407 0.0699139 0.0656945 0.0604901 0.0547064 0.0486446 0.0425125 0.0364466 0.0305424 0.0248841 0.0195715 0.0147334 0.0105164 0.007049 0.00439585
 0.00921868 0.0147839 0.0218908 0.0303507 0.0398067 0.0496216 0.0588288 0.0663324 0.0712965 0.0734233 0.0729256 0.070297 0.0660953 0.0608357 0.0549521 0.04878 0.0425541 0.0364252 0.0304909 0.0248306 0.0195346 0.01472 0.0105232 0.00706687 0.00441537
 0.00926063 0.0148358 0.0219384 0.0303706 0.0397718 0.0495123 0.0586428 0.0660907 0.0710415 0.0732092 0.072804 0.0702995 0.0662206 0.0610483 0.0551956 0.0489982 0.0427097 0.0365079 0.0305132 0.0248165 0.0195086 0.0146991 0.0105141 0.0070684 0.00442253
 0.00931708 0.0149286 0.0220788 0.0305659 0.0400194 0.049793 0.0589171 0.0663055 0.071147 0.0731804 0.0726528 0.0700714 0.0659764 0.0608406 0.0550505 0.0489115 0.0426563 0.0364588 0.0304505 0.0247384 0.0194253 0.0146241 0.0104569 0.00703133 0.00440227
 0.00932319 0.0149446 0.0221143 0.030634 0.0401343 0.049964 0.0591429 0.066569 0.0714149 0.0734078 0.0727955 0.0701004 0.0658903 0.060667 0.0548348 0.0486978 0.0424721 0.0363102 0.0303291 0.0246332 0.0193308 0.0145417 0.010391 0.00698421 0.00437267
 0.00936544 0.0150276 0.022265 0.0308846 0.0405125 0.0504783 0.0597701 0.0672528 0.0720771 0.0739673 0.0731844 0.0702741 0.0658323 0.0603914 0.0543852 0.0481388 0.0418746 0.0357346 0.029815 0.024199 0.0189798 0.0142696 0.0101904 0.0068457 0.00428432
 0.00911513 0.0146534 0.0217645 0.0302823 0.0398591 0.0498457 0.0592437 0.0669181 0.0719998 0.0741705 0.073637 0.0708975 0.0665237 0.0610507 0.0549374 0.0485458 0.0421347 0.0358733 0.0298699 0.0242053 0.0189634 0.0142458 0.010167 0.00682629 0.00427026
 0.00879962 0.0141814 0.0211312 0.0295124 0.0390029 0.0489709 0.0584282 0.0662456 0.0715507 0.0740078 0.0737892 0.0713483 0.0672118 0.061882 0.0558055 0.0493552 0.0428191 0.0364035 0.0302498 0.0244602 0.0191256 0.014345 0.0102257 0.0068597 0.00428836
 0.00836279 0.0135369 0.0202843 0.0285128 0.0379338 0.0479278 0.0575021 0.0655134 0.0710706 0.0738147 0.0738916 0.0717289 0.0678318 0.0626848 0.0567192 0.0502985 0.0437126 0.0371839 0.0308808 0.0249349 0.0194601 0.0145675 0.0103661 0.00694393 0.00433626
#obs surv len freq
 nan nan nan nan nan nan nan nan nan nan nan nan nan nan nan nan nan nan nan nan nan nan nan nan nan
 0.00448368 0.0073449 0.0111752 0.0159926 0.0216951 0.0279729 0.034289 0.0400215 0.0447012 0.0481641 0.0505203 0.052014 0.0529041 0.0534145 0.0537271 0.0539807 0.0542584 0.0545505 0.0546889 0.0542807 0.0527187 0.0493512 0.0438015 0.0362823 0.0276669
 0.00461539 0.00756001 0.0115005 0.0164527 0.0223067 0.0287354 0.0351757 0.0409766 0.0456471 0.0490162 0.0512028 0.0524715 0.0531072 0.0533609 0.0534376 0.0534915 0.0536123 0.0537901 0.0538531 0.0534064 0.0518446 0.0485201 0.0430578 0.0356637 0.027194
 0.00477616 0.00782432 0.0119037 0.0170294 0.0230836 0.0297203 0.0363455 0.0422725 0.0469812 0.050286 0.0523073 0.0533228 0.0536394 0.0535358 0.0532474 0.0529578 0.0527797 0.0527172 0.0526058 0.0520549 0.0504643 0.0471914 0.0418608 0.0346643 0.0264288
 0.00496453 0.00813237 0.0123709 0.0176939 0.0239758 0.0308514 0.0376954 0.0437844 0.048567 0.0518409 0.0537235 0.0544996 0.0544897 0.0539917 0.0532669 0.0525285 0.051921 0.0514786 0.0510625 0.0503039 0.0486207 0.0453824 0.0402121 0.0332785 0.0253637
 0.00518106 0.00848592 0.0129059 0.0184529 0.0249915 0.0321341 0.0392203 0.0454865 0.0503501 0.0535946 0.0553391 0.0558784 0.0555448 0.0546488 0.0534663 0.0522308 0.0511133 0.0501821 0.0493384 0.0482556 0.0463915 0.043144 0.0381402 0.03152 0.0240039
 0.00541816 0.00887336 0.0134927 0.0192861 0.0261071 0.0335434 0.040895 0.0473536 0.0523023 0.0555106 0.0571025 0.0573883 0.0567172 0.0554142 0.053767 0.0520199 0.0503599 0.0488813 0.0475264 0.0460233 0.0438905 0.0405752 0.0357228 0.0294438 0.0223857
 0.00566416 0.00927667 0.014106 0.0201606 0.027283 0.0350341 0.0426712 0.0493376 0.0543787 0.0575487 0.0589772 0.0589922 0.0579641 0.0562372 0.0541133 0.051847 0.0496344 0.0475871 0.0456808 0.0436995 0.0412332 0.0377964 0.0330681 0.027137 0.0205719
 0.00590479 0.00967339 0.0147134 0.0210334 0.0284653 0.036543 0.0444793 0.051367 0.0565116 0.0596495 0.060915 0.0606537 0.0592587 0.057096 0.0544857 0.0516949 0.0489286 0.0463105 0.0438431 0.0413611 0.0385271 0.0349317 0.0302999 0.0247074 0.0186457
 0.00615622 0.0100827 0.0153306 0.0219061 0.0296307 0.0380145 0.0462322 0.0533314 0.0585808 0.0616979 0.062817 0.0622967 0.0605492 0.0579617 0.0548736 0.0515669 0.0482576 0.0450812 0.0420632 0.0390835 0.0358738 0.0321012 0.027543 0.0222691 0.0166993
 0.00637274 0.0104426 0.0158868 0.0227124 0.0307306 0.0394237 0.0479218 0.0552234 0.0605614 0.0636418 0.0646076 0.0638363 0.061759 0.0587793 0.0552496 0.0514628 0.0476443 0.0439412 0.0404014 0.0369463 0.0333714 0.0294174 0.0249138 0.0199303 0.014822
 0.00661004 0.010828 0.0164665 0.0235298 0.031819 0.0407942 0.0495492 0.0570399 0.0624629 0.0655057 0.0663132 0.0652792 0.0628598 0.0594835 0.0555232 0.0512839 0.046997 0.0428157 0.0388038 0.0349181 0.0310116 0.0268922 0.0224396 0.0177259 0.0130481
 0.00683883 0.0112024 0.0170343 0.0243361 0.0328965 0.0421483 0.051144 0.0587947 0.0642661 0.0672376 0.0678656 0.0665653 0.0638144 0.0600612 0.0556955 0.0510353 0.0463206 0.0417116 0.0372847 0.0330248 0.0288329 0.0245754 0.0201765 0.0157112 0.0114262
 0.00706733 0.0115794 0.0176116 0.0251641 0.034013 0.0435606 0.0528116 0.0606247 0.0661273 0.0689885 0.069381 0.0677517 0.0646145 0.0604491 0.0556679 0.050602 0.0454961 0.040513 0.0357365 0.0311722 0.0267589 0.0224102 0.0180869 0.0138651 0.00994682
 0.00727169 0.011912 0.0181129 0.0258726 0.0349585 0.044753 0.0542281 0.062203 0.0677712 0.0705821 0.0708071 0.068907 0.065421 0.0608606 0.0556693 0.0502026 0.0447201 0.0393916 0.0343075 0.0294882 0.0249 0.0204921 0.0162521 0.0122543 0.00866133
 0.00745316 0.0122129 0.0185761 0.0265406 0.035863 0.0459 0.0555839 0.0636919 0.0692885 0.0720169 0.0720609 0.0699021 0.0661006 0.0611879 0.055627 0.0497928 0.0439623 0.0383186 0.0329639 0.0279329 0.0232133 0.018779 0.0146347 0.0108489 0.00754841
 0.00754274 0.0123623 0.0188086 0.0268823 0.0363398 0.0465316 0.0563757 0.0646278 0.0703284 0.0730997 0.073111 0.0708401 0.0668533 0.0616963 0.0558502 0.0497087 0.043567 0.0376263 0.0320067 0.0267634 0.0219061 0.0174299 0.0133511 0.0097298 0.00666114
 0.00758458 0.0124249 0.0188939 0.0269906 0.0364736 0.0466998 0.0565956 0.0649233 0.0707227 0.0736054 0.0737208 0.0715214 0.0675502 0.0623371 0.0563602 0.0500224 0.0436375 0.037431 0.0315504 0.0260786 0.0210535 0.0164934 0.0124261 0.00890497 0.00599808
 0.00766729 0.0125493 0.0190618 0.0271965 0.0367054 0.0469413 0.0568304 0.065139 0.0709165 0.0737878 0.0739143 0.0717508 0.0678285 0.0626545 0.0566809 0.0502909 0.0437922 0.0374196 0.0313431 0.0256766 0.0204913 0.015834 0.0117487 0.00828603 0.0054931
 0.00774069 0.0126666 0.0192341 0.0274306 0.0370007 0.0472853 0.0571959 0.0654868 0.0712059 0.0739902 0.0740238 0.0717859 0.0678237 0.0626457 0.05669 0.0503157 0.0438056 0.0373786 0.031205 0.0254161 0.0201118 0.0153699 0.0112558 0.00782491 0.00511063
 0.00777967 0.0127265 0.0193178 0.0275394 0.0371345 0.0474434 0.0573763 0.0656841 0.0714088 0.0741813 0.0741829 0.0718972 0.0678825 0.062661 0.0566803 0.0502987 0.0437866 0.0373456 0.0311324 0.0252772 0.0198941 0.0150839 0.010934 0.00751042 0.00484132
 0.0078407 0.0128163 0.0194355 0.0276781 0.037283 0.04759 0.0575117 0.0658029 0.0715093 0.074265 0.0742516 0.0719504 0.0679169 0.0626725 0.0566675 0.0502652 0.0437385 0.037285 0.0310535 0.0251678 0.0197434 0.0148922 0.0107169 0.00729392 0.00465185
 0.00784378 0.0128237 0.0194509 0.0277053 0.0373243 0.0476437 0.0575706 0.0658565 0.071549 0.0742881 0.0742643 0.0719635 0.06794 0.0627091 0.0567136 0.0503122 0.0437771 0.0373077 0.0310536 0.0251387 0.0196799 0.0147947 0.0105945 0.00716337 0.00453186
 0.00787332 0.012863 0.0194942 0.0277428 0.0373456 0.0476431 0.0575508 0.0658274 0.071522 0.0742711 0.0742588 0.0719678 0.0679526 0.0627303 0.0567446 0.0503519 0.0438206 0.0373472 0.0310799 0.0251437 0.0196583 0.0147463 0.010525 0.00708408 0.00445574
 0.00787249 0.0128628 0.0194955 0.0277458 0.037349 0.047642 0.0575376 0.0657944 0.0714669 0.0742006 0.0741879 0.0719135 0.0679278 0.0627394 0.0567842 0.050414 0.0438955 0.0374244 0.0311492 0.0251956 0.0196862 0.0147479 0.0105039 0.00704822 0.00441529
 0.00790337 0.0129051 0.0195445 0.0277927 0.0373834 0.0476564 0.0575299 0.0657678 0.0714262 0.0741496 0.0741291 0.071851 0.0678686 0.0626932 0.0567596 0.050415 0.04392 0.0374653 0.0311963 0.0252387 0.0197168 0.0147614 0.0105004 0.00703216 0.00439332
 0.00792762 0.012943 0.0195985 0.0278628 0.0374657 0.0477421 0.0576054 0.0658172 0.0714373 0.0741187 0.0740626 0.0717622 0.0677725 0.0626029 0.0566846 0.0503615 0.0438907 0.0374586 0.0312068 0.0252579 0.019736 0.0147739 0.0105031 0.00702617 0.00438217
 0.00792564 0.0129409 0.0195974 0.0278646 0.0374726 0.0477561 0.0576267 0.0658437 0.0714636 0.0741374 0.0740662 0.0717469 0.0677399 0.0625595 0.0566399 0.0503246 0.0438679 0.0374525 0.0312156 0.025277 0.0197586 0.0147937 0.0105161 0.00703145 0.0043814
 0.007886 0.0128774 0.0195041 0.0277375 0.0373123 0.0475697 0.0574303 0.0656606 0.0713192 0.0740515 0.0740473 0.0717904 0.0678315 0.0626811 0.0567752 0.0504622 0.0440017 0.0375797 0.0313345 0.0253848 0.0198518 0.014869 0.0105717 0.00706814 0.00440262
 0.00786938 0.0128424 0.0194368 0.027621 0.0371317 0.04732 0.0571233 0.0653261 0.0709991 0.0737891 0.073877 0.0717305 0.0678825 0.0628272 0.0569896 0.0507147 0.0442651 0.0378336 0.0315659 0.0255862 0.0200194 0.0150012 0.0106694 0.00713485 0.00444411
 0.00786514 0.0128352 0.0194247 0.0276003 0.0370957 0.0472583 0.0570232 0.0651771 0.0707999 0.0735533 0.0736341 0.0715188 0.0677382 0.0627733 0.0570306 0.0508373 0.0444447 0.0380417 0.0317773 0.025782 0.0201878 0.0151365 0.0107708 0.00720523 0.00448889
 0.00783134 0.0127828 0.0193507 0.0275041 0.036979 0.0471254 0.0568804 0.0650315 0.0706568 0.0734156 0.0735034 0.0714005 0.0676442 0.0627214 0.0570384 0.0509142 0.0445868 0.0382326 0.0319927 0.0259971 0.0203823 0.0152979 0.0108941 0.00729196 0.00454481
 0.00780901 0.0127413 0.0192791 0.02739 0.0368128 0.0469065 0.0566215 0.0647586 0.0704023 0.073208 0.07336 0.0713251 0.0676308 0.0627614 0.0571255 0.0510461 0.0447617 0.0384443 0.0322278 0.0262365 0.0206056 0.0154887 0.0110435 0.00739902 0.00461482
 0.00777943 0.0126921 0.0192027 0.0272783 0.0366581 0.0467042 0.0563734 0.0644756 0.0701059 0.0729279 0.0731288 0.0711704 0.0675687 0.0627927 0.0572389 0.0512238 0.0449855 0.0386981 0.0324965 0.0265039 0.0208546 0.0157039 0.0112149 0.00752393 0.00469781
 0.00774728 0.0126409 0.0191279 0.0271759 0.0365256 0.0465412 0.0561824 0.0642631 0.0698818 0.0727055 0.0729245 0.0710033 0.0674582 0.0627547 0.0572809 0.0513426 0.0451683 0.0389264 0.0327495 0.0267612 0.0210978 0.0159171 0.0113875 0.00765213 0.00478452
 0.00935188 0.0148861 0.0218355 0.0299563 0.0388913 0.0480878 0.0567317 0.0638889 0.068825 0.0712508 0.0713106 0.0693918 0.0659447 0.0613916 0.0560963 0.0503493 0.044367 0.038307 0.0322934 0.0264436 0.020891 0.0157934 0.011321 0.00762111 0.00477282
 0.00933408 0.0151547 0.0227642 0.0320083 0.0424176 0.0530544 0.0625473 0.0695011 0.0730947 0.0734015 0.0711838 0.0673878 0.0627445 0.0576659 0.05234 0.0468563 0.0412799 0.0356783 0.0301275 0.0247193 0.0195706 0.0148271 0.0106505 0.00718379 0.00450698
 0.00898856 0.0146122 0.0220054 0.0310855 0.0415082 0.0524966 0.062799 0.0709761 0.0759143 0.0772101 0.0751937 0.0706776 0.0646427 0.057983 0.0513376 0.0450303 0.0391278 0.0335641 0.028258 0.0231804 0.0183744 0.0139465 0.0100385 0.00678479 0.00426482
 0.00878865 0.0142781 0.0214869 0.0303343 0.0404972 0.0512544 0.0614524 0.0697772 0.0752176 0.0773738 0.0764208 0.0728688 0.0673656 0.0606133 0.053309 0.0460489 0.0392293 0.0330129 0.0273841 0.0222545 0.0175601 0.0133112 0.00958658 0.00648861 0.00408574
 0.00872759 0.0141697 0.0213059 0.0300486 0.0400722 0.0506619 0.060685 0.0688668 0.0742544 0.0765189 0.0758939 0.0728925 0.0680694 0.0619394 0.0549904 0.0476963 0.0404893 0.0337035 0.0275303 0.0220231 0.0171544 0.0128912 0.00924059 0.00624333 0.00393133
 0.00870393 0.0141275 0.0212345 0.0299344 0.0398985 0.0504114 0.0603427 0.0684244 0.0737167 0.0759142 0.0752872 0.0723928 0.0678161 0.062059 0.0555318 0.0485819 0.0415231 0.0346453 0.0281963 0.0223505 0.0171975 0.0127651 0.00905762 0.00607675 0.00381085
 0.00869147 0.0141091 0.0212101 0.0299037 0.0398599 0.0503592 0.0602661 0.0683078 0.0735429 0.0756704 0.0749735 0.072032 0.0674616 0.061793 0.0554448 0.0487351 0.0419092 0.0351771 0.0287377 0.0227761 0.0174438 0.0128423 0.00902361 0.00599723 0.00373217
 0.00869017 0.0141055 0.0212019 0.0298884 0.0398351 0.0503243 0.0602223 0.0682563 0.0734822 0.075594 0.0748701 0.0718913 0.0672838 0.061598 0.0552753 0.0486467 0.0419475 0.0353512 0.0290083 0.0230698 0.0176868 0.0129931 0.00908268 0.00599376 0.00370141
 0.00867051 0.0140783 0.0211698 0.0298561 0.0398083 0.0503063 0.0602124 0.0682504 0.0734745 0.075579 0.0748434 0.0718483 0.0672205 0.0615132 0.0551775 0.048557 0.0418965 0.0353662 0.0290968 0.0232117 0.0178426 0.013123 0.00916463 0.00602854 0.0037045
 0.0086729 0.0140783 0.0211628 0.0298365 0.0397716 0.0502528 0.060149 0.068189 0.0734273 0.0755527 0.0748365 0.0718528 0.0672252 0.061509 0.0551599 0.0485292 0.0418704 0.0353586 0.0291221 0.023273 0.0179279 0.0132108 0.00923513 0.00607243 0.00372408
 0.0086487 0.0140445 0.0211219 0.0297936 0.0397321 0.0502193 0.0601199 0.0681597 0.0733948 0.0755185 0.074807 0.0718355 0.0672241 0.0615218 0.0551798 0.0485494 0.041888 0.035377 0.0291486 0.0233133 0.0179816 0.0132703 0.00928935 0.0061129 0.00374842
 0.00864121 0.0140282 0.0210904 0.0297394 0.0396503 0.0501117 0.0599974 0.0680406 0.0732977 0.075456 0.0747819 0.0718431 0.067257 0.061573 0.0552434 0.0486194 0.0419588 0.0354449 0.0292127 0.0233752 0.0180422 0.0133279 0.00934005 0.00615244 0.00377505
 0.00864208 0.0140312 0.0210974 0.0297521 0.0396682 0.0501304 0.0600085 0.0680339 0.0732668 0.0754023 0.0747152 0.0717775 0.0672046 0.0615403 0.0552308 0.0486237 0.0419755 0.0354696 0.0292422 0.0234074 0.0180759 0.0133615 0.00937104 0.00617814 0.00379378
 0.00862389 0.0140015 0.0210528 0.0296902 0.0395891 0.0500383 0.0599118 0.0679443 0.0731948 0.0753535 0.0746898 0.0717723 0.0672167 0.061569 0.0552759 0.0486838 0.0420467 0.0355463 0.0293189 0.0234795 0.0181403 0.0134164 0.00941542 0.00621171 0.00381711
 0.00863031 0.0140131 0.0210721 0.0297195 0.0396291 0.0500862 0.0599606 0.0679842 0.0732163 0.0753516 0.0746647 0.071729 0.0671623 0.0615105 0.0552202 0.0486368 0.0420127 0.0355273 0.0293139 0.0234856 0.0181536 0.013433 0.00943227 0.0062265 0.00382856
 0.00863031 0.0140131 0.0210721 0.0297195 0.0396291 0.0500862 0.0599606 0.0679842 0.0732163 0.0753516 0.0746647 0.071729 0.0671623 0.0615105 0.0552202 0.0486368 0.0420127 0.0355273 0.0293139 0.0234856 0.0181536 0.013433 0.00943227 0.0062265 0.00382856
 0.00874592 0.0141956 0.0213358 0.030072 0.0400674 0.0505916 0.0604953 0.0684925 0.0736347 0.0756244 0.0747584 0.0716386 0.0669099 0.0611371 0.0547751 0.0481681 0.0415603 0.0351196 0.0289676 0.0232071 0.0179415 0.0132805 0.00932912 0.00616142 0.00379053
 0.00860866 0.0139926 0.0210686 0.0297574 0.0397355 0.0502813 0.0602482 0.0683469 0.0736169 0.0757399 0.0749875 0.0719401 0.0672329 0.0614353 0.0550178 0.0483437 0.0416739 0.0351858 0.0290036 0.0232273 0.0179552 0.0132922 0.00933993 0.00617095 0.00379811
 0.00862993 0.014009 0.0210605 0.0296979 0.0396004 0.0500638 0.0599698 0.0680557 0.073373 0.0755941 0.0749655 0.0720378 0.0674218 0.061673 0.0552604 0.0485562 0.0418361 0.0352938 0.0290656 0.0232573 0.0179671 0.0132962 0.00934189 0.00617292 0.00380029
 0.00881102 0.0142971 0.0214796 0.0302592 0.0402918 0.0508389 0.0607433 0.068716 0.0738146 0.0757546 0.0748463 0.0716962 0.0669418 0.0611346 0.0547203 0.0480447 0.041365 0.0348662 0.0286842 0.0229271 0.0176938 0.013083 0.00918668 0.00606841 0.00373562
#pred catch len freq
 0.00477829 0.00752132 0.010893 0.0147786 0.0191041 0.0238239 0.0288479 0.0339974 0.0390361 0.0437335 0.0479051 0.0514265 0.0542396 0.0563483 0.0577985 0.0586529 0.0589725 0.0587965 0.0580974 0.0567082 0.0542745 0.0503284 0.0445319 0.0369918 0.0284139
 0.00500803 0.00780486 0.0111573 0.0149101 0.0189916 0.0234205 0.0282117 0.0332788 0.0384111 0.0433221 0.0477249 0.0514061 0.0542746 0.0563654 0.0577931 0.0586873 0.0591366 0.0591512 0.0586276 0.0573122 0.0548018 0.0506474 0.0445897 0.0368302 0.0281358
 0.00533176 0.00830224 0.0118457 0.01577 0.0199531 0.024356 0.0289484 0.0336437 0.0383028 0.0427707 0.0468905 0.0505051 0.0534806 0.0557497 0.0573381 0.058347 0.0588908 0.0590147 0.0586163 0.0574018 0.0549162 0.0506904 0.0444971 0.0366034 0.0278339
 0.00558769 0.00871155 0.0124499 0.0166046 0.0210413 0.0256943 0.0304837 0.0352516 0.0397864 0.0438956 0.0474564 0.050425 0.05282 0.0546952 0.0561129 0.0571272 0.0577726 0.0580315 0.0577695 0.0566752 0.0542763 0.0500928 0.0439095 0.0360267 0.0273026
 0.00587873 0.00916154 0.0130862 0.0174434 0.0220932 0.0269695 0.031988 0.0369693 0.0416551 0.0457842 0.049162 0.0517046 0.0534581 0.0545814 0.055286 0.0557565 0.0560869 0.05624 0.056016 0.055034 0.0527734 0.0487336 0.0426999 0.0349847 0.0264538
 0.00622758 0.00969807 0.0138377 0.0184182 0.0232847 0.0283631 0.033563 0.0386974 0.0434959 0.0476777 0.0510164 0.0533821 0.0547745 0.0553348 0.0553149 0.0550022 0.0546233 0.0542497 0.0537278 0.05266 0.0504748 0.0466208 0.0408486 0.0334476 0.0252592
 0.00656556 0.010223 0.0145829 0.0194007 0.0245068 0.0298132 0.0352137 0.0405015 0.0453879 0.0495805 0.0528474 0.0550526 0.0561806 0.0563485 0.0557892 0.0548013 0.0536711 0.052573 0.0514655 0.0500311 0.0477261 0.0439793 0.0384936 0.0314978 0.0237672
 0.00692802 0.010783 0.0153726 0.0204342 0.0257833 0.0313213 0.0369291 0.042381 0.0473645 0.0515659 0.0547408 0.0567512 0.0575869 0.0573701 0.0563317 0.054765 0.052965 0.0511493 0.0493603 0.0473865 0.0447759 0.0410026 0.0357553 0.0291956 0.022001
 0.00733746 0.0114127 0.0162544 0.0215769 0.0271772 0.0329436 0.038745 0.0443386 0.0493928 0.0535768 0.0566359 0.0584293 0.0589517 0.058335 0.0568197 0.0547047 0.052289 0.0498071 0.0473492 0.0447884 0.0417768 0.0378737 0.0327954 0.0266573 0.0200313
 0.00773665 0.0120328 0.0171345 0.0227365 0.0286164 0.034644 0.0406656 0.0464113 0.0515241 0.0556582 0.0585563 0.0600855 0.0602545 0.0592111 0.05721 0.0545587 0.0515612 0.0484613 0.0453784 0.0422485 0.0388164 0.0347356 0.0297743 0.0240249 0.0179632
 0.00815012 0.0126661 0.0180168 0.0238738 0.0299976 0.0362495 0.042468 0.0483676 0.0535662 0.0576906 0.0604631 0.0617452 0.0615571 0.060071 0.0575687 0.054379 0.0508177 0.0471374 0.0434776 0.0398206 0.035988 0.0317205 0.026845 0.0214459 0.0159169
 0.0085673 0.0133053 0.0189069 0.0250175 0.0313755 0.0378271 0.0441981 0.05019 0.0554094 0.0594766 0.0621119 0.0631765 0.0626904 0.0608297 0.0578871 0.0542074 0.050124 0.0459068 0.0417186 0.0375826 0.0333841 0.0289397 0.0241308 0.0190412 0.0139957
 0.00903671 0.0140252 0.0199105 0.0263086 0.0329325 0.0396088 0.0461436 0.0522157 0.0574106 0.0613384 0.0637255 0.064453 0.0635682 0.0612729 0.0578775 0.0537363 0.0491864 0.0445031 0.0398644 0.0353273 0.0308319 0.0262593 0.0215391 0.0167545 0.0121701
 0.00934462 0.0145124 0.0206191 0.02727 0.0341635 0.0411045 0.0478683 0.0540963 0.0593407 0.0631927 0.0653774 0.0657905 0.0645062 0.0617596 0.0578943 0.0532887 0.0482928 0.0431869 0.038157 0.033282 0.0285435 0.0238746 0.0192437 0.0147336 0.0105571
 0.00961173 0.0149298 0.0212173 0.0280702 0.0351785 0.0423391 0.0493133 0.055718 0.0610724 0.0649334 0.0670014 0.067166 0.0655172 0.062325 0.0579758 0.0528874 0.0474377 0.0419228 0.0365384 0.0313785 0.0264519 0.0217275 0.0172 0.012948 0.00913869
 0.00987016 0.0153266 0.021772 0.0287879 0.0360535 0.0433599 0.0504634 0.0569725 0.062394 0.0662694 0.0682824 0.068308 0.0664284 0.0629178 0.0581823 0.052671 0.0467969 0.0408872 0.0351625 0.0297383 0.0246474 0.0198829 0.0154547 0.0114314 0.00793923
 0.00999207 0.015527 0.0220777 0.0292257 0.0366456 0.044116 0.0513727 0.0580013 0.0634896 0.0673704 0.0693275 0.0692394 0.0671909 0.0634581 0.0584498 0.0526236 0.0464094 0.0401589 0.0341226 0.0284468 0.0231938 0.0183809 0.0140283 0.0101918 0.00696007
 0.0100233 0.0155719 0.0221361 0.0292982 0.0367394 0.0442513 0.0515845 0.058331 0.0639687 0.068003 0.0700825 0.0700556 0.0679925 0.0641687 0.0590011 0.0529583 0.0464832 0.0399458 0.0336219 0.02769 0.0222471 0.0173395 0.0130007 0.00927784 0.00622786
 0.0101185 0.0157055 0.0222981 0.0294654 0.0368824 0.0443455 0.0516215 0.0583252 0.0639576 0.0680394 0.0702193 0.0703264 0.0683958 0.0646636 0.059517 0.0534123 0.0467975 0.0400608 0.0335047 0.0273415 0.0217048 0.0166733 0.0122998 0.00862921 0.00569502
 0.0103442 0.0160373 0.0227314 0.0299716 0.0374142 0.0448484 0.0520439 0.0586256 0.0641111 0.0680455 0.0701062 0.0701474 0.0682144 0.0645327 0.0594596 0.0534141 0.0468125 0.0400281 0.0333695 0.0270724 0.0213043 0.0161783 0.0117711 0.0081331 0.00528301
 0.0104997 0.016273 0.0230538 0.030374 0.0378772 0.0453417 0.0525278 0.0590535 0.0644356 0.0682288 0.0701309 0.0700237 0.0679792 0.0642411 0.0591694 0.0531669 0.0466207 0.0398723 0.0332099 0.0268681 0.0210324 0.0158444 0.011407 0.00778288 0.00498589
 0.0105176 0.0163127 0.0231328 0.0305149 0.0381018 0.0456613 0.0529344 0.0595159 0.0649039 0.0686445 0.0704393 0.0701858 0.0679807 0.0640967 0.0589188 0.0528628 0.0463119 0.0395882 0.0329545 0.026626 0.0207838 0.0155804 0.011136 0.0075268 0.00476854
 0.0105448 0.01635 0.0231775 0.030563 0.0381533 0.0457262 0.0530341 0.0596767 0.0651434 0.0689568 0.0707898 0.0705184 0.0682358 0.06423 0.0589145 0.0527357 0.0460985 0.0393319 0.0326901 0.0263718 0.0205434 0.0153517 0.0109209 0.0073336 0.00460826
 0.0105438 0.0163482 0.0231742 0.030557 0.0381424 0.0457079 0.0530077 0.0596478 0.065127 0.0689768 0.0708704 0.070671 0.0684476 0.0644637 0.059121 0.0528727 0.0461455 0.0392936 0.0325884 0.0262332 0.0203893 0.0151963 0.0107733 0.00720177 0.00449929
