SBPRF35
12.7214
Curr Bio
905964
B35
894858
F35
0.1711
FOFL
0.1711
OFL
124875
Bzero
3.63469e+06
#pred survey bio
 3.58872e+06 3.46156e+06 3.35601e+06 3.19579e+06 3.00548e+06 2.80257e+06 2.56595e+06 2.30435e+06 2.06512e+06 1.82071e+06 1.62536e+06 1.41329e+06 1.25915e+06 1.13157e+06 1.02637e+06 901557 799362 724558 691824 641607 612623 600926 583056 549740 542326 553634 540226 549439 553490 560071 566487 579191 594141 596212 611199 614556 624450 632873 643221 654049 653147 658955 656046 654126 657920 664714 671119 682296 685201 693021 693283 739403 791298 816354 830521 854265 848194 856696 870702 905432 923571 921579 911245 2.0701e+07 1.87611e+07 1.89069e+07 1.95975e+07 2.06617e+07 2.18804e+07 2.30879e+07 2.41844e+07 2.51246e+07 2.58997e+07 2.65216e+07 2.70111e+07 2.73916e+07 2.76848e+07 2.79097e+07 2.80818e+07 2.82136e+07 2.83146e+07 2.83923e+07 2.84523e+07 2.84987e+07 2.85349e+07 2.85631e+07 2.85853e+07 2.86028e+07 2.86167e+07 2.86277e+07 2.86364e+07 2.86434e+07 2.8649e+07 2.86535e+07 2.86572e+07 2.86601e+07 2.86625e+07 2.86644e+07 2.8666e+07 2.86673e+07 2.86683e+07 2.86692e+07 2.86699e+07 2.86704e+07 2.86709e+07 2.86713e+07 2.86716e+07 2.86718e+07 2.8672e+07 2.86722e+07 2.86723e+07 2.86724e+07 2.86725e+07 2.86726e+07 2.86727e+07 2.86727e+07 2.86728e+07 2.86728e+07 2.86728e+07 2.86728e+07 2.86729e+07 2.86729e+07 2.86729e+07 2.86729e+07 2.86729e+07 2.86729e+07 2.86729e+07 2.86729e+07 2.86729e+07 2.86729e+07 2.86729e+07 2.86729e+07 2.86729e+07 2.86729e+07 2.86729e+07 2.86729e+07 2.86729e+07 2.86729e+07 2.86729e+07 2.86729e+07 2.86729e+07 2.86729e+07 2.86729e+07 2.86729e+07 2.86729e+07 2.86729e+07 2.86729e+07 2.86729e+07 2.86729e+07 2.86729e+07 2.86729e+07 2.86729e+07 2.86729e+07 2.86729e+07 2.86729e+07 2.86729e+07 2.86729e+07 2.86729e+07 2.86729e+07 2.86729e+07 2.86729e+07 2.86729e+07 2.86729e+07 0 0 0 0 0 0 0 0 0 0 0 0 0 0 0 0 0 0 0 0 0 0 0 0 0
#obs survey bio
 4.80076e+06 3.35908e+06 2.93023e+06 5.09789e+06 2.75243e+06 2.87697e+06 2.06447e+06 2.61439e+06 2.52146e+06 2.09299e+06 1.39689e+06 1.01496e+06 817389 1.22606e+06 732386 834125 813180 735086 717270 641173 671305 572882 497616 371182 595357 536735 787849 451442 618244 546524 593819 588928 901020 467321 464731 558420 556943 618085 957838 1.00432e+06 550965 696525 523067 592894 829248 742665 649306 669696 686700 748389 539063 696002 947756 791782 973130 644816 713791 838563 831086 1.12372e+06 699578 778007 1.04142e+06
#pred catch bio
 107879 95385.3 155037 194114 219339 265577 304535 299822 318436 286268 311231 267439 249998 233815 250241 226094 196886 156427 166753 143952 126787 129901 139139 113870 97689.9 117758 97525.8 101898 99622.4 99980.7 95367.9 94367.8 105189 94190.8 104317 98727 100235 98387.4 97363.9 106387 100150 107729 107063 102929 101542 103183 100666 108979 105554 112658 75604.2 73951.8 97948.3 106773 99190.7 126407 115689 113028 96571.4 111221 127705 133139 130424 124875 123724 123516 126734 132937 140357 147716 154314 159859 164313 167775 170398 172349 173778 174813 175555 176083 176457 176721 176905 177035 177125 177188 177232 177262 177283 177297 177307 177314 177319 177322 177325 177326 177327 177328 177329 177329 177329 177329 177329 177330 177330 177330 177330 177330 177330 177330 177330 177330 177330 177330 177330 177330 177330 177330 177330 177330 177330 177330 177330 177330 177330 177330 177330 177330 177330 177330 177330 177330 177330 177330 177330 177330 177330 177330 177330 177330 177330 177330 177330 177330 177330 177330 177330 177330 177330 177330 177330 177330 177330 177330 177330 177330 177330 177330 177330 177330 177330 177330 177330 0 0 0 0 0 0 0 0 0 0 0 0 0 0 0 0 0 0 0 0 0 0 0 0 0
#obs catch bio
 0 94946.8 155593 194282 219214 265653 304848 299490 319080 285642 312077 270120 254039 236586 255711 230108 200876 157995 168190 144816 127741 130669 141226 115173 97897.2 118995 97660.8 102544 99824.2 100203 95673.3 94655.9 105184 93980.6 104536 98642.4 100440 98847.6 97040.8 105710 99404.1 107213 106825 102906 101410 103185 100546 109346 105654 113036 75604.7 73878.6 98190.7 107049 98587.3 126551 115957 113781 96677.4 111258 127757 133390 130414
#pred cpue bio
 3.54102e+06 3.41531e+06 3.31045e+06 3.15052e+06 2.96074e+06 2.75824e+06 2.52226e+06 2.26161e+06 2.02326e+06 1.7801e+06 1.58552e+06 1.37459e+06 1.22102e+06 1.09421e+06 989936 867016 766790 693905 662384 613805 585696 574442 557225 525034 518079 529282 516402 525553 529695 536232 542526 554944 569723 572006 586752 590126 599872 608232 618671 629680 628989 634577 631562 629484 633035 639571 645701 656462 659218 666850 667047 712263 763633 788725 802732 825719 819135 826860 840612 875243 893597 891673 881633 2.00442e+07 1.81766e+07 1.82109e+07 1.87663e+07 1.9781e+07 2.09878e+07 2.21928e+07 2.32888e+07 2.42289e+07 2.50041e+07 2.5626e+07 2.61155e+07 2.64959e+07 2.67891e+07 2.7014e+07 2.71862e+07 2.7318e+07 2.7419e+07 2.74967e+07 2.75566e+07 2.76031e+07 2.76392e+07 2.76675e+07 2.76897e+07 2.77072e+07 2.7721e+07 2.7732e+07 2.77408e+07 2.77478e+07 2.77534e+07 2.77579e+07 2.77615e+07 2.77645e+07 2.77669e+07 2.77688e+07 2.77704e+07 2.77716e+07 2.77727e+07 2.77735e+07 2.77742e+07 2.77748e+07 2.77752e+07 2.77756e+07 2.77759e+07 2.77762e+07 2.77764e+07 2.77765e+07 2.77767e+07 2.77768e+07 2.77769e+07 2.7777e+07 2.7777e+07 2.77771e+07 2.77771e+07 2.77771e+07 2.77772e+07 2.77772e+07 2.77772e+07 2.77772e+07 2.77772e+07 2.77773e+07 2.77773e+07 2.77773e+07 2.77773e+07 2.77773e+07 2.77773e+07 2.77773e+07 2.77773e+07 2.77773e+07 2.77773e+07 2.77773e+07 2.77773e+07 2.77773e+07 2.77773e+07 2.77773e+07 2.77773e+07 2.77773e+07 2.77773e+07 2.77773e+07 2.77773e+07 2.77773e+07 2.77773e+07 2.77773e+07 2.77773e+07 2.77773e+07 2.77773e+07 2.77773e+07 2.77773e+07 2.77773e+07 2.77773e+07 2.77773e+07 2.77773e+07 2.77773e+07 2.77773e+07 2.77773e+07 2.77773e+07 2.77773e+07 2.77773e+07 2.77773e+07 2.77773e+07 0 0 0 0 0 0 0 0 0 0 0 0 0 0 0 0 0 0 0 0 0 0 0 0 0
#obs cpue bio
 3.81546e+06 2.65585e+06 2.24596e+06 3.12267e+06 3.31578e+06 2.70604e+06 3.11381e+06 2.07956e+06 1.45695e+06 1.74429e+06 1.59161e+06 888785 1.11177e+06 1.03672e+06 829866 846106 502780 705027 783750 558062 393117 634240 411220 614004 616145 438502 414988 493758 574480 544115 433516 495732 581528 685720 679087 714700 558189 465202 779804 647925 779760 576713 661160 579726 555550 538308 677015 513956 683022 706696 592604 873389 670249 772280 1.22156e+06 826340 647909 595482 983454 997097 1.25065e+06 899709 894985
#pred surv len freq
 0.00475608 0.00770343 0.011561 0.0163039 0.0218224 0.0278507 0.0339354 0.0395374 0.04423 0.0478365 0.0504145 0.0521423 0.0532169 0.0538071 0.0540456 0.0540383 0.0538803 0.0536529 0.0533672 0.0528515 0.0516551 0.0491018 0.0445763 0.0379376 0.0297757
 0.00501028 0.00803391 0.011909 0.0165732 0.0219175 0.0277308 0.0336486 0.0392063 0.0439904 0.0477686 0.0505104 0.052329 0.0534131 0.0539751 0.0542078 0.0542541 0.0541978 0.0540621 0.0537795 0.0531217 0.051642 0.0487383 0.0439093 0.0371099 0.0289612
 0.00510171 0.00821582 0.0122381 0.0171063 0.0226787 0.0286714 0.0346309 0.040038 0.0445059 0.0479087 0.0503438 0.0519996 0.0530558 0.0536624 0.0539536 0.0540515 0.0540466 0.0539614 0.0536988 0.052985 0.05135 0.0482221 0.043179 0.0362615 0.0281335
 0.00525488 0.00845295 0.0125761 0.0175618 0.0232737 0.0294358 0.0355892 0.0411788 0.0457498 0.0491015 0.051296 0.0525604 0.0531759 0.0534033 0.0534411 0.0534131 0.0533712 0.0532908 0.0530336 0.052292 0.0505783 0.0473352 0.04219 0.0352452 0.0271994
 0.00547498 0.00879998 0.0130779 0.0182359 0.0241246 0.0304517 0.0367403 0.0424213 0.0470325 0.0503669 0.0524705 0.0535423 0.0538446 0.0536562 0.0532394 0.0528006 0.0524525 0.0521837 0.051827 0.0510304 0.0492736 0.0459971 0.0408557 0.0339888 0.0261117
 0.00568657 0.00914355 0.013594 0.0189616 0.0250855 0.0316505 0.0381446 0.0439604 0.0486093 0.0518793 0.053829 0.0546748 0.0546868 0.0541415 0.0533033 0.0524021 0.0515997 0.0509406 0.0502948 0.0493169 0.0474736 0.0441949 0.0391384 0.0324506 0.0248377
 0.00593663 0.00954525 0.0141901 0.0197902 0.0261747 0.0330092 0.0397503 0.0457516 0.0504881 0.0537249 0.0555162 0.0560903 0.0557408 0.0547695 0.0534603 0.0520581 0.0507433 0.0495927 0.0485198 0.0472225 0.0451992 0.0418954 0.0369699 0.0305522 0.0233088
 0.00623485 0.0100236 0.0148984 0.0207709 0.0274565 0.0345958 0.0416081 0.0478039 0.0526231 0.0558133 0.0574287 0.0577087 0.0569643 0.0555188 0.0536798 0.0517147 0.0498253 0.048113 0.0465273 0.0448151 0.0425289 0.0391584 0.0343787 0.0282961 0.0215136
 0.00650804 0.0104645 0.0155561 0.0216904 0.0286715 0.0361176 0.043412 0.0498228 0.0547532 0.0579304 0.0594054 0.0594262 0.0583186 0.0564232 0.054066 0.0515329 0.049046 0.0467324 0.044579 0.0423854 0.0397692 0.0362802 0.0316241 0.0258867 0.0195981
 0.00690465 0.0110851 0.0164456 0.0228761 0.0301611 0.037896 0.0454347 0.0520102 0.056996 0.0601034 0.0613838 0.0610981 0.0595906 0.0572223 0.0543374 0.0512365 0.0481548 0.0452374 0.0425031 0.0398043 0.0368296 0.0332002 0.0286638 0.023291 0.0175342
 0.00726172 0.0116531 0.0172768 0.0240097 0.0316153 0.0396568 0.0474445 0.0541675 0.0591714 0.0621659 0.063222 0.0626262 0.0607433 0.0579468 0.0545879 0.0509729 0.047344 0.0438604 0.0405687 0.0373717 0.0340291 0.0302377 0.0257938 0.0207594 0.0155135
 0.00768517 0.0123336 0.0182858 0.0254063 0.0334335 0.0418853 0.0500061 0.0569136 0.0619021 0.0646708 0.0653204 0.0641929 0.0617148 0.0583114 0.0543661 0.0501954 0.0460366 0.0420416 0.0382644 0.0346413 0.0309934 0.0270904 0.0227791 0.0181172 0.0134125
 0.00794355 0.0127554 0.0189245 0.0263155 0.034659 0.0434517 0.0518997 0.0590697 0.0642055 0.066968 0.0674405 0.0659711 0.063016 0.0590478 0.0545021 0.0497388 0.0450203 0.0405085 0.0362645 0.0322461 0.0283189 0.02431 0.0201091 0.0157711 0.0115425
 0.00816928 0.0131166 0.0194583 0.0270546 0.0356288 0.0446645 0.0533459 0.0607117 0.0659775 0.0687814 0.0691902 0.0675413 0.0642886 0.0599152 0.0548817 0.0495842 0.0443235 0.0392949 0.0345871 0.0301865 0.0259965 0.0218876 0.0177806 0.0137239 0.00990962
 0.00825971 0.013283 0.0197445 0.0275132 0.0363096 0.0455953 0.054516 0.0620683 0.0674385 0.0702563 0.0705956 0.0688051 0.0653449 0.0606986 0.0553272 0.049633 0.0439343 0.0384538 0.0333159 0.0285482 0.0240987 0.0198794 0.0158359 0.0120075 0.00853772
 0.00841861 0.0135527 0.0201716 0.0281493 0.0372006 0.0467646 0.0559457 0.0636893 0.0691363 0.0718917 0.0720316 0.0699321 0.0660966 0.0610532 0.0552942 0.0492335 0.0431873 0.0373746 0.0319274 0.0268971 0.022269 0.0179947 0.0140429 0.010445 0.00730032
 0.00849275 0.0136831 0.0203873 0.0284863 0.0376976 0.0474542 0.0568431 0.0647819 0.0703793 0.073208 0.0733188 0.0710763 0.0669918 0.061621 0.055495 0.0490654 0.0426733 0.0365494 0.0308311 0.0255806 0.020805 0.0164832 0.0126026 0.00918837 0.00630458
 0.00860102 0.0138384 0.0205841 0.0287096 0.0379329 0.0476998 0.0571185 0.0651249 0.0708311 0.0737936 0.074031 0.0718698 0.0677888 0.0623262 0.056016 0.0493309 0.042644 0.0362197 0.0302235 0.0247415 0.0198024 0.0154058 0.0115509 0.00825666 0.0055588
 0.00859368 0.0138149 0.0205273 0.0285964 0.0377401 0.0474148 0.0567515 0.0647167 0.0704531 0.0735374 0.0739874 0.0721015 0.0683058 0.0630749 0.0568888 0.0501927 0.0433656 0.0367044 0.0304222 0.0246541 0.0194726 0.0149095 0.0109809 0.00770326 0.00509028
 0.00880215 0.014135 0.0209722 0.0291612 0.0383979 0.0481144 0.0574173 0.0652584 0.0707874 0.0736169 0.0738221 0.0717597 0.0678925 0.0626959 0.0566146 0.0500379 0.04329 0.0366349 0.030284 0.0243985 0.0190912 0.0144342 0.0104703 0.00722216 0.00468944
 0.00889029 0.0142716 0.0211654 0.029414 0.0387074 0.0484711 0.0578022 0.0656408 0.0711254 0.073864 0.0739386 0.0717273 0.0677252 0.0624405 0.056337 0.0497985 0.0431197 0.0365243 0.0301916 0.0242736 0.0188992 0.0141715 0.0101638 0.00691498 0.00442195
 0.00886762 0.0142345 0.0211094 0.0293362 0.0386088 0.0483591 0.0576929 0.0655573 0.0710918 0.0738962 0.0740365 0.0718728 0.0678884 0.062592 0.0564607 0.0498965 0.0432056 0.0366084 0.0302691 0.0243239 0.0188982 0.0141071 0.0100445 0.00676662 0.00427559
 0.00878085 0.0141192 0.020983 0.0292296 0.0385561 0.0483824 0.0577913 0.0657071 0.0712591 0.0740518 0.0741657 0.0719742 0.0679663 0.0626489 0.0564957 0.0499084 0.0431974 0.0365872 0.0302409 0.0242883 0.0188481 0.0140349 0.00995017 0.00666024 0.00417296
 0.00891679 0.0143175 0.0212405 0.0295313 0.0388829 0.0487212 0.0581386 0.0660631 0.0716137 0.0743752 0.0744111 0.0720946 0.0679345 0.0624685 0.0561973 0.0495365 0.0427965 0.0361934 0.029879 0.0239714 0.018579 0.0138099 0.00976374 0.00650875 0.00405519
 0.00901828 0.0144491 0.0213768 0.0296279 0.0388891 0.0486002 0.0578866 0.0657166 0.0712419 0.07406 0.0742221 0.0720666 0.0680571 0.0626936 0.0564603 0.0497809 0.0429885 0.0363235 0.0299535 0.0240031 0.0185802 0.01379 0.00973024 0.00646855 0.00401511
 0.00884541 0.0141984 0.0210541 0.0292545 0.0384903 0.0481914 0.0574662 0.0652743 0.0707792 0.0736094 0.0738495 0.0718534 0.0680681 0.062949 0.0569261 0.0503813 0.0436328 0.0369329 0.0304769 0.0244184 0.0188874 0.0140015 0.00986394 0.00654413 0.00405144
 0.00892482 0.0143151 0.0212074 0.0294373 0.0386927 0.0484047 0.0576824 0.0654793 0.0709446 0.0736917 0.0738048 0.0716613 0.0677517 0.0625735 0.0565738 0.0501182 0.0434852 0.036887 0.0304954 0.0244619 0.0189279 0.0140264 0.00987193 0.00653991 0.00404115
 0.00885312 0.0141948 0.0210199 0.0291647 0.0383241 0.0479448 0.0571605 0.0649506 0.0704796 0.073357 0.0736419 0.0716739 0.0679093 0.0628284 0.0568842 0.0504606 0.0438519 0.0372717 0.0308823 0.0248254 0.0192415 0.0142727 0.0100474 0.00665294 0.00410661
 0.00884581 0.0141809 0.0209949 0.0291208 0.0382503 0.0478273 0.0569855 0.0647102 0.0701799 0.0730235 0.0733186 0.0714124 0.0677518 0.0627941 0.0569654 0.0506319 0.0440832 0.0375376 0.0311626 0.0251012 0.0194933 0.0144836 0.0102078 0.00676291 0.0041742
 0.0088604 0.0141955 0.021 0.0291021 0.0381922 0.0477188 0.0568244 0.0645034 0.06994 0.0727655 0.073059 0.0711724 0.0675579 0.0626745 0.0569415 0.0507092 0.0442499 0.0377687 0.0314282 0.0253728 0.0197469 0.014701 0.0103784 0.00688458 0.00425254
 0.00884277 0.0141727 0.0209759 0.0290825 0.0381807 0.0477124 0.0568113 0.0644658 0.0698616 0.0726394 0.0728917 0.0709818 0.0673682 0.0625112 0.0568284 0.0506647 0.0442828 0.0378751 0.0315918 0.0255688 0.0199487 0.0148856 0.0105304 0.00699748 0.00432808
 0.00869979 0.0139589 0.0206892 0.0287347 0.0377958 0.0473221 0.0564503 0.064167 0.0696495 0.0725243 0.0728679 0.0710322 0.0674733 0.0626564 0.0570062 0.0508739 0.0445239 0.038146 0.0318841 0.0258669 0.0202327 0.0151359 0.010733 0.00714726 0.00442866
 0.00856739 0.0137465 0.020376 0.0283063 0.0372508 0.0466803 0.0557593 0.063499 0.0690865 0.0721354 0.0726916 0.0710696 0.0676946 0.0630142 0.0574503 0.0513615 0.0450244 0.0386395 0.0323568 0.0263061 0.0206247 0.0154675 0.0109954 0.00733917 0.0045572
 0.00863988 0.0138443 0.0204855 0.0284004 0.0372939 0.0466381 0.0556087 0.0632359 0.0687292 0.0717242 0.0722816 0.0707188 0.0674487 0.062896 0.0574571 0.0514722 0.0452097 0.0388709 0.0326109 0.0265643 0.0208709 0.0156876 0.0111781 0.00747867 0.00465419
 0.008537 0.0136945 0.0202915 0.028174 0.0370495 0.0463845 0.0553439 0.0629507 0.0684169 0.0713918 0.0719551 0.0704399 0.0672637 0.0628415 0.0575494 0.0517029 0.0455493 0.0392785 0.0330438 0.0269859 0.0212536 0.0160129 0.0114365 0.00766916 0.00478339
 0.00854516 0.0137017 0.0202917 0.0281591 0.0370135 0.0463273 0.0552731 0.0628769 0.0683447 0.0713132 0.071852 0.0702963 0.0670802 0.062642 0.0573746 0.0515945 0.0455341 0.0393603 0.0332051 0.0271964 0.0214801 0.0162271 0.0116188 0.00780999 0.00488223
 0.00847007 0.0135888 0.0201388 0.0279696 0.0367947 0.0460884 0.0550245 0.062632 0.0681219 0.0711333 0.0717326 0.0702439 0.0670874 0.0626927 0.0574549 0.051701 0.045674 0.0395427 0.0334311 0.0274539 0.0217463 0.0164765 0.0118308 0.00797347 0.00499655
 0.00830076 0.0133395 0.0198118 0.0275845 0.0363833 0.0456857 0.0546618 0.0623328 0.0679016 0.0709997 0.0716865 0.070281 0.0671992 0.0628673 0.0576767 0.0519539 0.0459456 0.0398263 0.0337232 0.0277491 0.0220334 0.0167393 0.0120533 0.00814591 0.00511791
 0.00819598 0.013161 0.01953 0.0271713 0.0358238 0.0449943 0.0538925 0.0615753 0.0672571 0.07055 0.0714722 0.0702986 0.0674143 0.0632312 0.0581401 0.0524735 0.0464858 0.0403602 0.0342317 0.0282183 0.0224522 0.0170972 0.0123423 0.0083631 0.00526799
 0.00820973 0.0131644 0.019499 0.0270696 0.0356092 0.0446315 0.0533678 0.0609081 0.0665041 0.0697993 0.0708259 0.0698479 0.0672151 0.0632921 0.0584269 0.0529259 0.0470373 0.0409513 0.0348161 0.028763 0.0229346 0.0175031 0.0126645 0.00860202 0.00543164
 0.00833659 0.0133582 0.0197658 0.0274022 0.0359837 0.045004 0.0536752 0.0610763 0.0664674 0.0695246 0.0703313 0.0692044 0.0665284 0.0626727 0.05796 0.0526531 0.0469553 0.0410246 0.0349946 0.0289971 0.0231835 0.0177369 0.012864 0.0087577 0.00554258
 0.00835124 0.0133888 0.0198242 0.027503 0.0361396 0.0452183 0.0539346 0.061347 0.0666983 0.0696576 0.0703164 0.0690167 0.0661813 0.0622198 0.0574827 0.0522367 0.0466635 0.0408842 0.0349951 0.0291025 0.0233482 0.0179191 0.0130328 0.00889531 0.00564295
 0.00841793 0.0134926 0.0199723 0.0276997 0.0363868 0.0455152 0.0542756 0.0617178 0.067072 0.0699934 0.070563 0.0691219 0.0661068 0.0619564 0.0570597 0.0517186 0.0461333 0.0404194 0.0346469 0.0288863 0.0232485 0.0179026 0.013063 0.00894231 0.00568784
 0.00844373 0.013538 0.0200469 0.0278144 0.0365507 0.0457319 0.0545398 0.0620149 0.0673814 0.070292 0.0708265 0.069323 0.0662145 0.0619412 0.0569044 0.05143 0.0457479 0.0399964 0.0342506 0.0285667 0.0230283 0.0177771 0.0130093 0.00893244 0.00569789
 0.00844902 0.0135428 0.0200475 0.0278066 0.0365328 0.0457089 0.0545249 0.0620276 0.0674403 0.0704071 0.070994 0.069525 0.0664225 0.0621205 0.05702 0.0514554 0.0456742 0.0398382 0.034044 0.0283568 0.0228535 0.0176574 0.0129446 0.00890873 0.00569745
 0.00846469 0.0135634 0.0200694 0.0278228 0.0365347 0.0456887 0.0544795 0.0619612 0.0673661 0.0703457 0.0709685 0.0695532 0.066509 0.0622529 0.0571707 0.0515894 0.0457597 0.0398575 0.0339995 0.0282693 0.0227529 0.0175702 0.0128853 0.00887814 0.00568773
 0.00849439 0.0136088 0.0201321 0.0279015 0.0366245 0.0457809 0.0545615 0.0620185 0.0673865 0.0703244 0.0709122 0.0694795 0.0664408 0.0622101 0.0571621 0.0516083 0.0457872 0.0398707 0.0339821 0.0282189 0.0226806 0.0174943 0.0128217 0.00883472 0.00566381
 0.00841452 0.013496 0.0199939 0.0277557 0.036494 0.0456855 0.0545113 0.062012 0.0674132 0.0703703 0.0709644 0.0695301 0.0664892 0.0622621 0.057226 0.0516892 0.0458821 0.0399679 0.0340657 0.0282763 0.0227085 0.0174985 0.0128133 0.00882391 0.00565622
 0.00840377 0.0134767 0.019962 0.0277084 0.0364326 0.0456187 0.054456 0.0619888 0.0674377 0.0704435 0.0710705 0.0696423 0.0665813 0.0623189 0.0572471 0.0516855 0.0458678 0.0399532 0.0340533 0.0282631 0.0226903 0.0174745 0.0127867 0.00879961 0.00563788
 0.00840461 0.0134716 0.0199424 0.0276624 0.0363482 0.0454892 0.0542855 0.0617948 0.0672491 0.070294 0.0709886 0.0696422 0.0666577 0.0624496 0.0574025 0.0518395 0.0460049 0.0400685 0.0341475 0.0283378 0.0227462 0.0175123 0.0128088 0.00881033 0.00564188
 0.00838928 0.0134591 0.0199459 0.0276995 0.0364338 0.045625 0.054453 0.0619584 0.0673686 0.0703414 0.0709596 0.0695555 0.0665447 0.0623403 0.057315 0.0517775 0.0459621 0.0400356 0.0341179 0.0283091 0.0227183 0.0174863 0.0127857 0.0087911 0.00562723
 0.0080557 0.0129381 0.0192039 0.0267258 0.0352498 0.0442935 0.0530832 0.0606956 0.0663637 0.0697105 0.070755 0.0697633 0.0671031 0.0631641 0.058314 0.0528659 0.0470632 0.0410847 0.0350655 0.0291227 0.0233823 0.018 0.0131603 0.00904676 0.00578921
 0.00785758 0.0126049 0.0186826 0.0259626 0.0342041 0.0429613 0.0515192 0.0590216 0.0647523 0.0683508 0.0698117 0.0693429 0.0672362 0.0638053 0.0593605 0.0541846 0.0485171 0.0425514 0.0364464 0.0303465 0.024406 0.0188068 0.013757 0.00945843 0.00605229
 0.00788741 0.0126427 0.0187173 0.0259708 0.0341483 0.0427902 0.0511756 0.0584572 0.0639512 0.0673515 0.0687151 0.0682978 0.0664028 0.0633133 0.0592759 0.054499 0.049158 0.0434078 0.0373971 0.0312829 0.025246 0.0195007 0.0142865 0.00983123 0.00629362
 0.00805452 0.0128896 0.0190422 0.026354 0.0345546 0.0431739 0.0514837 0.0586301 0.0639271 0.067078 0.0681695 0.0675071 0.065454 0.0623428 0.0584372 0.0539203 0.0489075 0.0434801 0.037725 0.031765 0.0257776 0.0199976 0.0146966 0.010135 0.00649687
 0.00815684 0.0130498 0.0192711 0.026655 0.0349204 0.0435828 0.0518967 0.0589936 0.0641812 0.0671685 0.0680576 0.0671761 0.0649155 0.0616438 0.0576632 0.0531849 0.0483253 0.0431327 0.0376367 0.0318998 0.0260584 0.0203355 0.0150179 0.0103952 0.0066815
 0.00823419 0.0131984 0.0195359 0.0270891 0.0355685 0.0444565 0.052953 0.0601312 0.06526 0.068043 0.0686088 0.0673311 0.0646547 0.0609997 0.0567156 0.0520516 0.0471468 0.0420479 0.0367535 0.0312726 0.0256819 0.0201593 0.0149718 0.0104143 0.00672049
 0.0080176 0.0128896 0.0191535 0.026684 0.0352176 0.0442475 0.0529659 0.0604194 0.0658311 0.0688451 0.0695314 0.0682269 0.0653762 0.0614364 0.0568179 0.0518376 0.0466926 0.0414672 0.0361681 0.030782 0.0253408 0.0199719 0.0149049 0.0104197 0.00675499
 0.00780469 0.0125504 0.0186586 0.0260182 0.0343918 0.0433136 0.0520261 0.059618 0.0653224 0.068746 0.0698817 0.0689734 0.0663859 0.0625325 0.0578257 0.0526262 0.0472022 0.0417127 0.0362207 0.0307365 0.0252811 0.0199482 0.0149286 0.0104755 0.00681941
 0.00768373 0.0123327 0.0182925 0.0254438 0.0335572 0.0422002 0.0506751 0.0581419 0.0638935 0.0675648 0.0691334 0.068784 0.0667879 0.0634518 0.0590985 0.0540434 0.0485655 0.042882 0.0371361 0.0314094 0.0257647 0.0203027 0.0151984 0.0106832 0.00697349
 0.00776614 0.012446 0.0184225 0.0255576 0.0336035 0.0421148 0.0503915 0.057609 0.0630999 0.0665614 0.0680411 0.0677761 0.0660471 0.0631167 0.0592201 0.0545696 0.0493617 0.0437786 0.0379831 0.032114 0.0262989 0.0206848 0.0154654 0.0108691 0.00710148
 0.00764424 0.0123025 0.0183055 0.0255408 0.0337591 0.0424737 0.0509115 0.0581729 0.0635483 0.066746 0.067875 0.0672646 0.0652902 0.0622823 0.0584937 0.0540962 0.0492022 0.0439 0.0382862 0.0324818 0.0266398 0.020953 0.0156545 0.0109942 0.00718177
 0.00731669 0.0118209 0.0176786 0.0248185 0.0330296 0.0418503 0.0505121 0.0580907 0.0638152 0.0673038 0.0685779 0.0679237 0.0657444 0.0624597 0.0584324 0.0539172 0.0490493 0.0438787 0.0384289 0.0327515 0.0269636 0.0212609 0.0159039 0.0111731 0.00729833
#obs surv len freq
 nan nan nan nan nan nan nan nan nan nan nan nan nan nan nan nan nan nan nan nan nan nan nan nan nan
 0.0044861 0.00734798 0.0111783 0.0159945 0.0216945 0.0279689 0.0342818 0.040012 0.0446909 0.0481544 0.0505124 0.0520086 0.0529013 0.0534141 0.0537287 0.0539839 0.0542626 0.0545555 0.0546943 0.0542862 0.0527243 0.0493565 0.0438062 0.0362863 0.0276699
 0.00461872 0.00756579 0.0115098 0.0164665 0.0223253 0.028758 0.0351999 0.0409988 0.0456635 0.0490245 0.0512027 0.0524644 0.0530957 0.0533473 0.0534237 0.0534781 0.0535999 0.0537785 0.0538421 0.0533958 0.0518346 0.0485109 0.0430497 0.0356569 0.0271889
 0.00477594 0.00782379 0.0119026 0.0170277 0.0230814 0.0297183 0.036345 0.0422746 0.0469864 0.0502935 0.0523151 0.0533286 0.0536416 0.0535342 0.0532433 0.0529527 0.0527749 0.0527135 0.0526035 0.0520537 0.0504638 0.0471914 0.041861 0.0346645 0.026429
 0.00496607 0.00813432 0.0123727 0.017695 0.0239751 0.0308482 0.0376897 0.0437769 0.0485593 0.0518348 0.0537203 0.0545 0.0544926 0.0539957 0.0532702 0.0525304 0.0519216 0.0514787 0.0510631 0.0503053 0.048623 0.0453852 0.040215 0.0332812 0.0253659
 0.00517977 0.00848408 0.0129035 0.0184502 0.0249884 0.0321305 0.0392156 0.0454799 0.0503413 0.0535841 0.0553283 0.0558693 0.0555392 0.0546477 0.0534692 0.0522364 0.0511202 0.0501893 0.0493457 0.048263 0.0463993 0.0431518 0.0381477 0.0315265 0.0240091
 0.00540526 0.00885421 0.0134673 0.0192556 0.0260737 0.0335097 0.0408634 0.0473261 0.0522804 0.0554949 0.0570931 0.0573847 0.0567193 0.0554222 0.0537807 0.0520391 0.0503834 0.0489079 0.0475546 0.0460519 0.0439187 0.0406019 0.0357468 0.0294639 0.0224012
 0.00565333 0.00925825 0.0140769 0.020118 0.0272253 0.0349624 0.0425907 0.049257 0.0543079 0.0574957 0.0589461 0.0589828 0.0579734 0.0562612 0.0541483 0.0518902 0.0496838 0.047641 0.0457375 0.0437573 0.0412899 0.0378496 0.0331154 0.0271762 0.0206018
 0.00588562 0.0096421 0.0146661 0.0209664 0.0283759 0.0364308 0.044348 0.0512246 0.0563705 0.0595241 0.0608187 0.0605961 0.0592437 0.0571217 0.0545454 0.05178 0.0490307 0.0464229 0.0439607 0.0414796 0.0386423 0.035039 0.0303945 0.0247854 0.0187049
 0.0061308 0.0100406 0.0152659 0.021813 0.029505 0.0378557 0.0460457 0.053129 0.0583787 0.0615137 0.0626669 0.0621933 0.0605006 0.0579709 0.0549378 0.0516782 0.0484048 0.0452523 0.0422472 0.0392709 0.0360561 0.0322702 0.0276912 0.0223905 0.016791
 0.00638541 0.0104598 0.0159062 0.022729 0.0307376 0.0394132 0.0478868 0.0551591 0.0604668 0.0635208 0.0644699 0.0636955 0.0616314 0.0586799 0.0551901 0.0514491 0.0476759 0.0440121 0.0405017 0.0370643 0.033496 0.029538 0.0250219 0.0200197 0.0148898
 0.00661544 0.0108389 0.0164866 0.023563 0.0318676 0.0408558 0.0496154 0.0570963 0.0624933 0.0654973 0.0662606 0.0651863 0.0627383 0.0593508 0.0553982 0.0511835 0.0469329 0.0427928 0.0388198 0.034965 0.0310783 0.026967 0.022512 0.0177883 0.0130965
 0.00684924 0.0112191 0.0170591 0.0243708 0.032943 0.0422081 0.0512171 0.0588779 0.0643516 0.0673127 0.067915 0.066575 0.0637772 0.0599795 0.0555815 0.0509078 0.0461997 0.0416139 0.03722 0.0329947 0.0288323 0.0245949 0.0202058 0.0157417 0.0114523
 0.00703947 0.0115367 0.017552 0.0250882 0.0339239 0.0434645 0.052718 0.0605457 0.0660755 0.0689731 0.0694039 0.0678062 0.064686 0.0605204 0.0557247 0.0506378 0.0455143 0.0405234 0.035751 0.0311992 0.026801 0.0224635 0.0181439 0.013918 0.00998977
 0.00726737 0.0119048 0.0181018 0.0258567 0.034937 0.0447258 0.0541965 0.0621698 0.0677403 0.0705584 0.070795 0.0689097 0.0654385 0.0608887 0.0557004 0.0502282 0.0447347 0.0393951 0.0343051 0.0294875 0.0249072 0.0205091 0.0162763 0.0122808 0.00868527
 0.0074369 0.0121884 0.0185429 0.0264995 0.0358158 0.0458493 0.0555326 0.063643 0.0692455 0.0719834 0.0720402 0.0698969 0.0661125 0.0612161 0.0556684 0.0498415 0.0440113 0.0383623 0.0329998 0.0279623 0.0232397 0.0188052 0.0146615 0.0108746 0.00757059
 0.00753648 0.0123519 0.0187929 0.0268601 0.0363107 0.0464965 0.0563372 0.06459 0.0702952 0.073074 0.0730942 0.070832 0.0668538 0.0617053 0.0558679 0.0497344 0.0435983 0.0376596 0.0320387 0.0267918 0.0219309 0.017452 0.0133713 0.00974805 0.00667656
 0.00758767 0.0124293 0.0188991 0.0269957 0.0364772 0.0467002 0.0565913 0.0649133 0.0707071 0.0735853 0.0736987 0.0715 0.0675318 0.0623235 0.0563526 0.0500214 0.043643 0.037442 0.0315649 0.0260945 0.0210692 0.0165081 0.0124394 0.00891666 0.00600784
 0.00768509 0.0125778 0.0191038 0.0272537 0.0367776 0.0470254 0.0569191 0.0652217 0.0709814 0.0738252 0.0739191 0.0717239 0.0677758 0.0625846 0.0566032 0.0502138 0.043722 0.0373601 0.0312956 0.0256408 0.0204656 0.0158166 0.0117377 0.00827997 0.00549037
 0.00772588 0.0126436 0.0192017 0.0273891 0.036952 0.0472338 0.0571481 0.0654507 0.0711883 0.0739941 0.074047 0.0718219 0.0678646 0.0626844 0.0567223 0.0503408 0.0438246 0.0373939 0.0312186 0.0254293 0.0201248 0.0153822 0.0112667 0.00783397 0.0051176
 0.00776996 0.0127082 0.0192858 0.0274879 0.0370591 0.0473439 0.0572592 0.0655628 0.0713006 0.0741028 0.0741455 0.071904 0.0679289 0.0627364 0.0567715 0.0503933 0.0438759 0.0374246 0.0311995 0.025333 0.0199395 0.01512 0.0109618 0.00753075 0.00485532
 0.00780708 0.0127651 0.0193649 0.0275882 0.0371757 0.0474679 0.0573785 0.0656644 0.0713751 0.0741478 0.0741665 0.0719107 0.0679301 0.0627379 0.0567759 0.0504014 0.0438857 0.0374286 0.0311831 0.0252781 0.0198327 0.0149614 0.010768 0.0073297 0.00467539
 0.00786669 0.0128547 0.0194859 0.0277368 0.0373435 0.0476436 0.0575486 0.0658144 0.0714906 0.0742178 0.0741862 0.0718835 0.067867 0.0626534 0.0566845 0.0503137 0.0438069 0.0373577 0.0311133 0.0251985 0.0197333 0.0148383 0.0106275 0.00718671 0.00454726
 0.00786468 0.0128524 0.0194843 0.0277372 0.037347 0.0476504 0.057558 0.0658249 0.0715014 0.0742296 0.0742007 0.0719023 0.0678903 0.0626802 0.0567134 0.0503436 0.0438365 0.0373844 0.0311323 0.0252028 0.019716 0.0147964 0.0105644 0.00711241 0.00447442
 0.00788538 0.0128804 0.0195161 0.0277663 0.0373661 0.0476548 0.0575475 0.0658042 0.0714775 0.0742086 0.0741863 0.0718958 0.0678917 0.0626889 0.0567282 0.0503631 0.0438584 0.0374061 0.0311499 0.0252116 0.0197113 0.0147756 0.010529 0.00706802 0.0044291
 0.00791744 0.0129305 0.0195872 0.0278587 0.0374761 0.0477732 0.0576599 0.0658934 0.0715285 0.0742145 0.0741508 0.0718306 0.0678115 0.0626065 0.0566523 0.0502979 0.0438052 0.0373637 0.0311156 0.0251818 0.0196818 0.0147435 0.0104935 0.00703119 0.00439465
 0.00787838 0.0128692 0.0194994 0.027743 0.0373351 0.0476152 0.0574992 0.0657486 0.0714178 0.0741503 0.0741368 0.0718628 0.0678816 0.0627054 0.0567711 0.050428 0.0439383 0.0374918 0.0312316 0.0252798 0.0197578 0.014796 0.0105239 0.00704364 0.00439522
 0.00789011 0.0128764 0.0194887 0.0276953 0.0372317 0.0474466 0.0572729 0.0654898 0.0711631 0.0739369 0.0739927 0.0718019 0.067903 0.062797 0.0569146 0.0506035 0.0441276 0.0376796 0.0314058 0.0254313 0.0198809 0.0148882 0.0105866 0.00708136 0.00441443
 0.00788484 0.0128716 0.0194873 0.0277002 0.037242 0.0474534 0.0572585 0.0654329 0.0710493 0.0737693 0.0737947 0.0716104 0.0677552 0.0627179 0.0569115 0.0506678 0.0442409 0.0378204 0.0315542 0.0255714 0.0200016 0.0149835 0.0106552 0.00712581 0.00443996
 0.00787022 0.0128465 0.0194476 0.0276423 0.0371648 0.0473609 0.0571596 0.0653387 0.0709673 0.0736988 0.0737287 0.0715429 0.0676886 0.0626654 0.0568913 0.0506942 0.0443168 0.0379369 0.0316945 0.0257165 0.0201352 0.0150946 0.0107391 0.00718327 0.00447539
 0.00784886 0.0128086 0.0193849 0.0275457 0.0370269 0.0471803 0.0569452 0.0651101 0.0707515 0.0735228 0.073612 0.0714921 0.0676983 0.0627232 0.0569851 0.0508168 0.0444651 0.0381075 0.0318792 0.0259025 0.0203078 0.0152414 0.0108531 0.00726388 0.00452708
 0.00784745 0.0128035 0.0193717 0.0275178 0.0369766 0.0471002 0.0568309 0.0649623 0.0705782 0.0733395 0.0734399 0.0713537 0.0676116 0.0626966 0.0570166 0.0508968 0.0445816 0.0382492 0.032036 0.0260638 0.0204619 0.0153772 0.0109626 0.00734418 0.00458034
 0.00780579 0.0127404 0.0192856 0.0274098 0.0368503 0.0469602 0.0566817 0.0648091 0.0704267 0.0731969 0.0733148 0.0712566 0.0675538 0.0626879 0.0570622 0.050995 0.0447239 0.0384223 0.0322248 0.0262537 0.0206397 0.0155322 0.0110876 0.00743655 0.00464251
 0.00775512 0.0126559 0.0191549 0.0272221 0.0365999 0.0466531 0.0563393 0.0644665 0.070124 0.0729672 0.0731761 0.071211 0.0675924 0.0627977 0.0572305 0.0512102 0.0449741 0.0386941 0.0325028 0.0265216 0.0208828 0.0157388 0.0112511 0.0075561 0.00472263
 0.00775448 0.0126483 0.0191311 0.0271687 0.0365023 0.0464995 0.0561267 0.0642039 0.0698328 0.0726787 0.0729248 0.0710273 0.0674954 0.0627922 0.0573087 0.051357 0.0451718 0.0389248 0.0327493 0.026767 0.0211111 0.0159369 0.0114104 0.00767419 0.00480271
 0.00770187 0.0125697 0.0190254 0.0270385 0.0363516 0.0463314 0.0559416 0.0640012 0.0696149 0.0724544 0.0727117 0.070849 0.0673772 0.0627537 0.0573585 0.0514908 0.0453744 0.0391747 0.0330229 0.0270417 0.0213672 0.0161591 0.0115891 0.00780676 0.00489276
 0.00766824 0.0125114 0.0189315 0.026898 0.0361581 0.0460881 0.0556652 0.0637196 0.0693581 0.0722444 0.0725577 0.0707503 0.0673307 0.0627602 0.0574225 0.0516166 0.0455604 0.0394107 0.0332907 0.027319 0.0216315 0.0163918 0.0117782 0.00794792 0.00498915
 0.00762743 0.0124492 0.018845 0.0267866 0.0360217 0.0459264 0.0554783 0.0635107 0.0691369 0.0720285 0.0723693 0.07061 0.0672514 0.0627452 0.0574689 0.051719 0.0457135 0.0396076 0.0335204 0.0275651 0.0218741 0.0166116 0.011961 0.00808686 0.00508529
 0.00763958 0.0124604 0.0188466 0.0267656 0.0359651 0.0458271 0.0553391 0.0633437 0.0689583 0.0718528 0.0722068 0.070469 0.0671403 0.0626735 0.0574447 0.0517466 0.0457922 0.0397324 0.0336821 0.0277506 0.0220671 0.0167945 0.0121187 0.00821041 0.00517287
 0.00761966 0.0124364 0.0188251 0.0267563 0.0359755 0.0458563 0.0553742 0.0633629 0.0689403 0.0717868 0.0720973 0.0703321 0.0669973 0.0625437 0.0573434 0.0516845 0.0457757 0.0397629 0.0337558 0.0278582 0.0221948 0.0169262 0.0122395 0.00830953 0.00524572
 0.0075935 0.0123947 0.0187646 0.0266761 0.0358793 0.0457541 0.0552817 0.063297 0.0689114 0.0717922 0.0721211 0.0703537 0.0670014 0.0625274 0.0573153 0.0516593 0.045768 0.039783 0.0338077 0.027939 0.0222957 0.0170347 0.0123422 0.00839611 0.00531082
 0.00758065 0.0123743 0.0187347 0.0266352 0.0358264 0.0456894 0.0552079 0.0632203 0.0688417 0.0717407 0.0720962 0.0703564 0.0670237 0.0625562 0.0573386 0.0516728 0.045776 0.0397954 0.0338343 0.027985 0.0223598 0.0171097 0.012418 0.00846322 0.00536326
 0.00757864 0.0123721 0.0187333 0.0266359 0.0358302 0.0456959 0.0552145 0.0632229 0.0688361 0.0717246 0.072071 0.0703268 0.0669957 0.0625336 0.0573214 0.0516582 0.0457617 0.0397825 0.0338277 0.0279905 0.0223804 0.0171437 0.0124596 0.00850468 0.00539847
 0.00754249 0.0123164 0.0186555 0.0265361 0.0357121 0.0455668 0.0550856 0.0631077 0.0687474 0.0716712 0.0720555 0.0703459 0.0670428 0.0626014 0.0574031 0.0517471 0.0458517 0.0398687 0.0339077 0.0280644 0.0224497 0.0172087 0.0125188 0.00855523 0.00543792
 0.00755017 0.0123259 0.0186642 0.0265397 0.0357057 0.0455469 0.0550514 0.063062 0.0686957 0.0716201 0.072011 0.0703124 0.0670225 0.0625944 0.0574081 0.0517619 0.045874 0.039896 0.033938 0.0280964 0.0224828 0.0172423 0.0125514 0.00858484 0.00546233
 0.00753586 0.0123059 0.01864 0.0265144 0.0356824 0.0455268 0.0550326 0.0630405 0.0686677 0.0715849 0.071972 0.070276 0.0669958 0.0625823 0.0574122 0.0517809 0.0459047 0.0399344 0.0339803 0.0281396 0.0225246 0.0172812 0.012586 0.00861391 0.005485
 0.00752155 0.0122803 0.0185975 0.0264493 0.0355913 0.0454122 0.0549047 0.0629155 0.068563 0.0715127 0.0719361 0.0702733 0.0670198 0.0626273 0.057474 0.0518561 0.0459895 0.0400243 0.0340702 0.0282248 0.0226013 0.0173468 0.0126393 0.00865477 0.00551426
 0.0074972 0.0122428 0.0185447 0.0263803 0.0355059 0.0453104 0.054788 0.0627883 0.0684341 0.0713953 0.0718453 0.0702219 0.0670138 0.0626647 0.057547 0.0519544 0.0461029 0.0401442 0.0341893 0.028337 0.0227014 0.0174313 0.0127065 0.00870474 0.00554883
 0.00750721 0.012256 0.0185591 0.0263919 0.03551 0.0453032 0.0547671 0.0627531 0.0683851 0.0713337 0.071774 0.0701465 0.0669437 0.0626104 0.0575169 0.0519523 0.0461272 0.0401893 0.0342478 0.0284012 0.0227648 0.0174887 0.0127543 0.00874153 0.00557484
 0.00748889 0.0122307 0.018529 0.0263613 0.0354839 0.0452839 0.0547535 0.0627406 0.068368 0.0713086 0.0717406 0.0701077 0.066904 0.0625758 0.0574937 0.051946 0.0461411 0.0402233 0.034298 0.0284613 0.0228273 0.017547 0.0128039 0.00877989 0.00560195
 0.00748889 0.0122307 0.018529 0.0263613 0.0354839 0.0452839 0.0547535 0.0627406 0.068368 0.0713086 0.0717406 0.0701077 0.066904 0.0625758 0.0574937 0.051946 0.0461411 0.0402233 0.034298 0.0284613 0.0228273 0.017547 0.0128039 0.00877989 0.00560195
 0.00722925 0.0118154 0.0179191 0.0255312 0.0344335 0.0440545 0.0534383 0.0614788 0.0673153 0.0705956 0.0714397 0.0702233 0.0673841 0.0633337 0.0584311 0.0529704 0.0471756 0.0412103 0.0351972 0.0292462 0.0234827 0.0180675 0.013194 0.00905348 0.00577986
 0.00711917 0.0116098 0.0175607 0.0249523 0.0335738 0.0428902 0.0520091 0.0598969 0.0657482 0.0692297 0.0704413 0.0697062 0.0673918 0.0638365 0.0593393 0.0541582 0.048509 0.0425683 0.0364844 0.0303956 0.0244538 0.0188429 0.0137762 0.00946172 0.00604502
 0.0071578 0.0116688 0.0176397 0.0250404 0.0336422 0.0428862 0.0518587 0.059522 0.0650996 0.068321 0.0693642 0.0686154 0.0664632 0.0632186 0.0591159 0.0543349 0.0490225 0.0433124 0.0373398 0.0312548 0.0252356 0.0194972 0.0142825 0.0098236 0.00628306
 0.00717119 0.0117016 0.0177087 0.0251664 0.0338423 0.043161 0.0521798 0.0598269 0.0652989 0.0683194 0.0690917 0.0680587 0.0656839 0.0623463 0.0583126 0.0537462 0.0487354 0.0433373 0.0376202 0.0316956 0.0257352 0.0199723 0.0146803 0.0101224 0.00648595
 0.00713945 0.0116569 0.0176552 0.0251146 0.0338092 0.043168 0.0522481 0.0599694 0.0655082 0.0685589 0.0692947 0.0681434 0.0655831 0.0620391 0.0578437 0.0532177 0.0482734 0.0430461 0.0375484 0.0318272 0.0260061 0.0203011 0.014996 0.0103808 0.00667132
 0.00723956 0.011819 0.0178973 0.0254514 0.0342469 0.0436983 0.052843 0.0605817 0.0660814 0.0690378 0.0696324 0.068301 0.0655279 0.0617494 0.0573229 0.0525102 0.0474672 0.0422561 0.0368825 0.0313528 0.0257353 0.0201978 0.0150003 0.0104345 0.00673334
 0.00719276 0.0117569 0.0178304 0.0253995 0.0342361 0.0437543 0.0529837 0.0608131 0.0663943 0.0694082 0.0700236 0.0686676 0.0658208 0.0619218 0.0573384 0.0523529 0.0471542 0.0418407 0.0364437 0.0309708 0.025464 0.0200508 0.0149553 0.0104516 0.0067745
 0.00705826 0.0115382 0.0175029 0.0249455 0.0336548 0.043074 0.0522706 0.0601653 0.0659188 0.0691888 0.0700957 0.0690115 0.066371 0.062586 0.0580176 0.0529605 0.0476311 0.0421664 0.036637 0.031078 0.0255374 0.0201275 0.0150475 0.0105508 0.00686475
 0.00695481 0.0113595 0.0172149 0.024511 0.0330433 0.0422773 0.0513192 0.059135 0.0649231 0.0683574 0.0695472 0.0688262 0.0665725 0.0631347 0.0588213 0.0538973 0.0485789 0.0430285 0.0373582 0.0316461 0.0259716 0.0204594 0.0153042 0.0107482 0.00701041
 0.00699823 0.0114211 0.0172892 0.0245833 0.0330874 0.0422568 0.0511912 0.0588609 0.0644842 0.0677721 0.0688791 0.0681763 0.0660544 0.0628425 0.058801 0.0541347 0.0490068 0.043552 0.037885 0.0321108 0.026345 0.0207419 0.0155116 0.0108982 0.00711636
 0.0070763 0.0115567 0.0175082 0.0249109 0.033538 0.042818 0.0518114 0.0594497 0.0649309 0.0679762 0.0687811 0.0677779 0.0654216 0.0620906 0.0580637 0.0535264 0.0485925 0.0433364 0.0378251 0.0321429 0.0264119 0.0208083 0.0155641 0.0109367 0.00714449
 0.00710473 0.0116097 0.0176011 0.0250641 0.0337742 0.043156 0.0522574 0.0599873 0.0655145 0.0685307 0.0692125 0.0679956 0.0653672 0.0617616 0.0575196 0.0528725 0.0479465 0.042792 0.0374287 0.0318923 0.0262736 0.0207405 0.0155337 0.0109239 0.0071401
#pred catch len freq
 0.00391073 0.00622586 0.00915758 0.0126683 0.0167424 0.0213599 0.0264295 0.0317585 0.0370868 0.042145 0.0466955 0.050558 0.0536303 0.0558973 0.057419 0.0583132 0.0587377 0.0588564 0.058754 0.0582993 0.0570355 0.0542415 0.0492526 0.0419214 0.0329037
 0.0041267 0.00651135 0.00946885 0.0129316 0.0168839 0.0213472 0.026298 0.0315991 0.0369978 0.0421788 0.0468355 0.0507398 0.0537907 0.0560171 0.0575359 0.0584964 0.0590394 0.0592631 0.0591659 0.0585552 0.0569795 0.0538006 0.0484802 0.0409769 0.0319804
 0.00423556 0.00670554 0.00978794 0.0134099 0.0175273 0.0221065 0.027061 0.0322201 0.0373605 0.042255 0.0466951 0.0505029 0.0535583 0.0558331 0.0573987 0.058397 0.0589827 0.0592541 0.0591747 0.0584992 0.0567484 0.0533161 0.0477502 0.0401041 0.0311161
 0.00440129 0.00695971 0.0101454 0.0138829 0.0181326 0.0228694 0.0280035 0.0333315 0.0385649 0.043404 0.0476066 0.0510335 0.0536644 0.0555782 0.0569068 0.0577907 0.058346 0.058625 0.0585501 0.0578409 0.0559986 0.0524317 0.0467423 0.0390518 0.0301382
 0.00462354 0.00730413 0.0106325 0.0145212 0.0189201 0.0237958 0.0290529 0.0344838 0.0397945 0.0446703 0.0488367 0.0521106 0.0544438 0.0559342 0.0567862 0.0572341 0.0574626 0.0575398 0.0573574 0.0565863 0.0546915 0.0510783 0.0453785 0.037755 0.0290062
 0.00486137 0.00767938 0.0111765 0.0152573 0.0198609 0.0249402 0.0303788 0.0359441 0.04132 0.0461803 0.0502493 0.0533458 0.0554181 0.0565566 0.0569684 0.056918 0.0566491 0.0562954 0.0557921 0.0548176 0.0528219 0.0491972 0.0435778 0.0361349 0.0276589
 0.00514617 0.00812549 0.0118177 0.0161172 0.0209537 0.0262696 0.0319319 0.037682 0.0431719 0.0480461 0.0520102 0.0548804 0.056618 0.0573342 0.0572566 0.0566686 0.0558387 0.0549406 0.053961 0.0526278 0.0504256 0.0467629 0.0412744 0.0341129 0.0260265
 0.00545808 0.00861519 0.0125235 0.0170664 0.0221627 0.0277417 0.0336515 0.0396064 0.0452283 0.050134 0.0540089 0.0566594 0.0580495 0.0583066 0.0576841 0.0564941 0.0550347 0.0535125 0.051958 0.0501553 0.0476493 0.043896 0.0385473 0.0317306 0.0241259
