SBPRF35
7.78865
Curr Bio
511720
B35
691461
F35
0.22434
FOFL
0.168039
OFL
68375.3
Bzero
2.22533e+006
#pred survey bio
 4.54e+006 4.26979e+006 4.01887e+006 3.73321e+006 3.42089e+006 3.10714e+006 2.79634e+006 2.48536e+006 2.20823e+006 1.95438e+006 1.72418e+006 1.54921e+006 1.35487e+006 1.20559e+006 1.06251e+006 943729 867676 775006 734769 677768 656355 620649 590797 583265 573659 561444 564579 568141 566719 576711 575072 571731 567841 567448 559824 543970 522986 508779 509611 509083 520121 525762 538575 549514 563378 560619 567651 566542 559812 568425 566449 543797 523609 522921 510508 1.83803e+007 1.13831e+007 1.18838e+007 1.26768e+007 1.35919e+007 1.44647e+007 1.52138e+007 1.58158e+007 1.62788e+007 1.66249e+007 1.68788e+007 1.70631e+007 1.7196e+007 1.72919e+007 1.73613e+007 1.74116e+007 1.74483e+007 1.74752e+007 1.74952e+007 1.751e+007 1.75211e+007 1.75295e+007 1.75358e+007 1.75406e+007 1.75443e+007 1.7547e+007 1.75492e+007 1.75508e+007 1.75521e+007 1.7553e+007 1.75538e+007 1.75544e+007 1.75548e+007 1.75551e+007 1.75554e+007 1.75556e+007 1.75558e+007 1.75559e+007 1.7556e+007 1.75561e+007 1.75561e+007 1.75562e+007 1.75562e+007 1.75562e+007 1.75562e+007 1.75563e+007 1.75563e+007 1.75563e+007 1.75563e+007 1.75563e+007 1.75563e+007 1.75563e+007 1.75563e+007 1.75563e+007 1.75563e+007 1.75563e+007 1.75563e+007 1.75563e+007 1.75563e+007 1.75563e+007 1.75563e+007 1.75563e+007 1.75563e+007 1.75563e+007 1.75563e+007 1.75563e+007 1.75563e+007 1.75563e+007 1.75563e+007 1.75563e+007 1.75563e+007 1.75563e+007 1.75563e+007 1.75563e+007 1.75563e+007 1.75563e+007 1.75563e+007 1.75563e+007 1.75563e+007 1.75563e+007 1.75563e+007 1.75563e+007 1.75563e+007 1.75563e+007 1.75563e+007 1.75563e+007 1.75563e+007 1.75563e+007 1.75563e+007 1.75563e+007 1.75563e+007 1.75563e+007 1.75563e+007 1.75563e+007 1.75563e+007 1.75563e+007 1.75563e+007 1.75563e+007 1.75563e+007 1.75563e+007 0 0 0 0 0 0 0 0 0 0 0 0 0 0 0 0 0 0 0 0 0 0 0 0 0
#obs survey bio
 3.63732e+006 2.40481e+006 2.84256e+006 3.7154e+006 3.66129e+006 2.664e+006 2.22298e+006 2.18983e+006 1.47993e+006 2.14885e+006 1.41466e+006 1.64279e+006 1.2463e+006 1.23136e+006 1.07034e+006 739371 734597 627967 499804 667698 638951 629409 386483 545982 478842 538330 508130 525593 658782 587833 807838 420938 734865 868210 623982 316053 571653 565619 635683 454299 309012 499990 482959 551320 570219 587094 342903 658187 436267 541512 732021 509546 575756 470061 387993
#pred catch bio
 93295.9 91202.9 145832 197777 230734 262266 296885 297577 301987 299314 262757 287941 253378 250580 229856 192585 204417 156090 166738 132715 141354 132727 112318 113556 114768 101243 100312 102516 90486.7 97663.6 95615.6 92610.5 86363.8 88932.9 92289.3 95329.1 92002.8 83420.4 87744.7 80493 87561.8 83281.1 85992.8 83946.5 97407.1 88701.5 95788.4 99781.5 86266.5 95195.3 111639 108435 92831.7 105172 85407 68375.3 91421.2 94398.8 99611.6 106264 112720 118179 122437 125584 127822 129366 130409 131101 131554 131847 132036 132156 132232 132280 132310 132329 132341 132349 132353 132356 132358 132359 132360 132360 132360 132360 132361 132361 132361 132361 132361 132361 132361 132361 132361 132361 132361 132361 132361 132361 132361 132361 132361 132361 132361 132361 132361 132361 132361 132361 132361 132361 132361 132361 132361 132361 132361 132361 132361 132361 132361 132361 132361 132361 132361 132361 132361 132361 132361 132361 132361 132361 132361 132361 132361 132361 132361 132361 132361 132361 132361 132361 132361 132361 132361 132361 132361 132361 132361 132361 132361 132361 132361 132361 132361 0 0 0 0 0 0 0 0 0 0 0 0 0 0 0 0 0 0 0 0 0 0 0 0 0
#obs catch bio
 0 90983.3 146513 198772 231905 264261 300992 303181 309694 307070 267814 293263 257637 255213 233850 194995 208233 157591 169579 133804 143206 133971 113616 115024 116556 102586 101897 104224 90906.6 98307.9 95801.7 92899 86160.2 88642.4 91682.4 95321.4 91911.3 82897.6 87199.5 79834.8 87667.8 83276.2 86071.6 83715 97072.5 87933.6 95517.6 99674.6 85710.5 94541 110996 107736 91725.8 104661 85258.1
#pred cpue bio
 4.47151e+006 4.20394e+006 3.95469e+006 3.67006e+006 3.3594e+006 3.04686e+006 2.73686e+006 2.4269e+006 2.15108e+006 1.89925e+006 1.67165e+006 1.49891e+006 1.30736e+006 1.16013e+006 1.0194e+006 902735 828163 737925 699030 643995 623570 589327 560465 553057 543740 531941 535107 538971 538291 548725 547829 545280 542139 542405 535706 520691 499602 484271 484031 483256 493761 498950 511332 522102 535838 533402 540200 539042 532657 541187 539300 517184 497249 496028 483114 1.73878e+007 1.07793e+007 1.12098e+007 1.19105e+007 1.27934e+007 1.36591e+007 1.4407e+007 1.50088e+007 1.54718e+007 1.58179e+007 1.60718e+007 1.6256e+007 1.6389e+007 1.64849e+007 1.65542e+007 1.66045e+007 1.66413e+007 1.66682e+007 1.66882e+007 1.6703e+007 1.67141e+007 1.67225e+007 1.67288e+007 1.67336e+007 1.67372e+007 1.674e+007 1.67422e+007 1.67438e+007 1.67451e+007 1.6746e+007 1.67468e+007 1.67473e+007 1.67478e+007 1.67481e+007 1.67484e+007 1.67486e+007 1.67488e+007 1.67489e+007 1.6749e+007 1.6749e+007 1.67491e+007 1.67491e+007 1.67492e+007 1.67492e+007 1.67492e+007 1.67492e+007 1.67493e+007 1.67493e+007 1.67493e+007 1.67493e+007 1.67493e+007 1.67493e+007 1.67493e+007 1.67493e+007 1.67493e+007 1.67493e+007 1.67493e+007 1.67493e+007 1.67493e+007 1.67493e+007 1.67493e+007 1.67493e+007 1.67493e+007 1.67493e+007 1.67493e+007 1.67493e+007 1.67493e+007 1.67493e+007 1.67493e+007 1.67493e+007 1.67493e+007 1.67493e+007 1.67493e+007 1.67493e+007 1.67493e+007 1.67493e+007 1.67493e+007 1.67493e+007 1.67493e+007 1.67493e+007 1.67493e+007 1.67493e+007 1.67493e+007 1.67493e+007 1.67493e+007 1.67493e+007 1.67493e+007 1.67493e+007 1.67493e+007 1.67493e+007 1.67493e+007 1.67493e+007 1.67493e+007 1.67493e+007 1.67493e+007 1.67493e+007 1.67493e+007 1.67493e+007 1.67493e+007 1.67493e+007 0 0 0 0 0 0 0 0 0 0 0 0 0 0 0 0 0 0 0 0 0 0 0 0 0
#obs cpue bio
 3.13589e+006 3.9438e+006 3.4307e+006 4.67267e+006 2.96501e+006 2.54383e+006 1.94202e+006 1.35455e+006 1.65832e+006 1.61288e+006 1.9903e+006 1.96654e+006 1.02189e+006 971027 868411 978284 800099 795248 788234 617674 518686 599629 497002 494754 485542 409285 409148 493991 727276 520137 503527 658337 605042 421461 665905 585582 511024 622894 482094 605006 479032 514045 574837 628009 734879 694469 661138 465240 893991 686434 449851 621671 651910 471264 418622
#pred surv len freq
 0.00465621 0.00751371 0.0112292 0.0157763 0.0210711 0.0269101 0.0329251 0.0386493 0.0436766 0.0477876 0.0509616 0.0533066 0.0549837 0.0561519 0.0569251 0.0573452 0.0573802 0.0569402 0.0558815 0.053988 0.0509622 0.0464934 0.0404396 0.033042 0.0250035
 0.00499894 0.00799199 0.0118073 0.0163832 0.0216344 0.0274022 0.0333864 0.0391627 0.0443012 0.0484931 0.0516095 0.0536971 0.0549434 0.0556144 0.0559671 0.0561638 0.0562252 0.056026 0.055314 0.0537374 0.0508948 0.0464478 0.0403049 0.0327963 0.0246967
 0.00510359 0.00820682 0.0122077 0.0170524 0.0226265 0.0286953 0.0348582 0.0406196 0.0455557 0.04944 0.0522429 0.0540565 0.0550394 0.0553998 0.055377 0.0551893 0.0549601 0.0546495 0.0540194 0.0526526 0.050044 0.0457738 0.0397291 0.0322728 0.0242279
 0.00529626 0.00849707 0.0126069 0.0175695 0.0232825 0.0295354 0.0359429 0.0419871 0.0471701 0.0511626 0.0538581 0.0553448 0.0558496 0.0556724 0.0551179 0.0544362 0.0537765 0.0531427 0.0523437 0.0509775 0.0485041 0.0444387 0.0386121 0.0313626 0.0235129
 0.00559746 0.00896735 0.0132776 0.0184544 0.0243749 0.0308066 0.0373452 0.0434645 0.0486739 0.0526576 0.0553048 0.0566687 0.0569261 0.0563499 0.0552657 0.0539857 0.0527372 0.0515953 0.0504269 0.0488685 0.046389 0.0424784 0.0369177 0.0299911 0.0224753
 0.0059257 0.00948957 0.0140422 0.0194987 0.0257181 0.0324385 0.0392136 0.0454707 0.050686 0.0545391 0.0569447 0.0579951 0.0578955 0.0569218 0.0553825 0.053577 0.0517482 0.0500243 0.0483493 0.0464367 0.04381 0.0399736 0.0346805 0.0281519 0.0210865
 0.00622069 0.0099687 0.0147631 0.0205161 0.0270753 0.0341523 0.0412559 0.0477574 0.0530813 0.0568748 0.059047 0.0597121 0.0591181 0.0575902 0.0554746 0.0530861 0.0506686 0.0483591 0.0461396 0.0437926 0.0409193 0.0370784 0.0320262 0.0259296 0.0193929
 0.00648825 0.0104057 0.0154257 0.0214611 0.0283532 0.0357939 0.0432547 0.0500558 0.0555691 0.0593986 0.0614282 0.0617681 0.0606873 0.0585527 0.0557632 0.0526818 0.0495857 0.0466335 0.0438332 0.0410143 0.0378461 0.0339514 0.029111 0.0234528 0.0174848
 0.00666274 0.0107001 0.0158902 0.0221525 0.029328 0.0370947 0.0448932 0.0520015 0.057747 0.0616958 0.0637033 0.0638628 0.0624404 0.0598171 0.0564224 0.0526612 0.0488565 0.0452109 0.0417773 0.0384378 0.0349257 0.030925 0.0262455 0.0209853 0.0155629
 0.00683156 0.0109747 0.016305 0.0227441 0.030133 0.0381446 0.0462053 0.0535681 0.0595282 0.0636178 0.0656621 0.0657328 0.0640865 0.0611068 0.0572362 0.0529017 0.0484572 0.0441464 0.0400743 0.0361874 0.0322912 0.0281353 0.023562 0.0186456 0.0137222
 0.00705963 0.0113336 0.0168238 0.0234437 0.0310254 0.0392313 0.0474728 0.0549848 0.0610458 0.065176 0.0671934 0.0671646 0.0653402 0.0620989 0.0578802 0.0531132 0.0481619 0.0432935 0.0386549 0.0342546 0.0299745 0.0256368 0.0211243 0.0164963 0.0120158
 0.00725997 0.0116484 0.0172776 0.0240527 0.0317961 0.0401578 0.0485336 0.0561413 0.0622471 0.0663682 0.0683274 0.0681986 0.0662365 0.0628172 0.0583717 0.0533175 0.0480112 0.0427246 0.0376297 0.0327861 0.0281471 0.0236085 0.0191014 0.0146825 0.0105571
 0.00757447 0.0121512 0.0180177 0.0250681 0.0331042 0.0417419 0.0503288 0.0580317 0.0640822 0.0679942 0.0696196 0.0690816 0.0666896 0.0628645 0.0580617 0.0526987 0.0471127 0.0415513 0.0361755 0.0310607 0.026206 0.0215674 0.0171226 0.0129336 0.00915995
 0.00778228 0.0124878 0.0185226 0.0257792 0.0340525 0.0429417 0.0517645 0.0596466 0.0657772 0.0696379 0.0710676 0.0702025 0.0673893 0.063103 0.0578538 0.052098 0.0461869 0.0403598 0.0347612 0.0294612 0.0244754 0.0197948 0.0154298 0.0114481 0.00797604
 0.00806179 0.0129284 0.0191605 0.0266399 0.0351484 0.0442667 0.0532862 0.0612999 0.067466 0.0712449 0.0724682 0.0712795 0.0680484 0.0632872 0.0575533 0.0513499 0.0450638 0.0389502 0.0331524 0.0277321 0.0227031 0.0180653 0.0138399 0.0100904 0.00691353
 0.00829618 0.0133048 0.019718 0.0274113 0.0361535 0.0455023 0.0547149 0.062847 0.069028 0.0727073 0.0737232 0.0722367 0.0686392 0.0634679 0.057308 0.0506936 0.044042 0.0376341 0.0316291 0.0260953 0.0210467 0.0164822 0.0124179 0.0089017 0.0059991
 0.00827922 0.0132985 0.019749 0.0275201 0.0363883 0.0459062 0.055313 0.063637 0.0699781 0.0737589 0.0747973 0.0732433 0.0694886 0.0640816 0.0576269 0.0506835 0.0436974 0.03698 0.0307195 0.0250072 0.0198717 0.0153164 0.0113505 0.00800213 0.00530563
 0.00850112 0.0136362 0.0202154 0.0281148 0.0371018 0.0467264 0.0562251 0.0646178 0.0709875 0.0747365 0.0756676 0.0739291 0.0699275 0.0642363 0.0574874 0.0502618 0.0430204 0.0360859 0.0296581 0.0238415 0.0186769 0.0141729 0.0103328 0.00716514 0.00467422
 0.00846416 0.0135812 0.0201419 0.028026 0.0370042 0.04663 0.056146 0.0645815 0.0710309 0.0749025 0.0759908 0.0744166 0.0705448 0.0649088 0.058118 0.0507564 0.0433093 0.036135 0.0294702 0.023452 0.0181463 0.0135763 0.00974626 0.00665106 0.00427014
 0.00862563 0.0138287 0.0204863 0.0284663 0.0375273 0.0472105 0.0567457 0.0651505 0.0715148 0.0752554 0.0761899 0.0744694 0.0704844 0.0647776 0.0579476 0.0505542 0.0430598 0.035813 0.0290577 0.0229514 0.0175838 0.0129973 0.00920264 0.00618747 0.00391243
 0.00856079 0.0137285 0.0203455 0.0282846 0.0373106 0.0469725 0.056509 0.0649463 0.0713776 0.0752154 0.0762644 0.074658 0.0707703 0.0651327 0.058338 0.0509435 0.0434092 0.0360835 0.0292168 0.0229822 0.0174929 0.0128144 0.00897245 0.00595608 0.00371475
 0.00878821 0.0140591 0.0207701 0.0287692 0.0378047 0.0474244 0.0568776 0.0652054 0.0715146 0.0752296 0.0761665 0.0744702 0.0705233 0.0648601 0.0580696 0.0506988 0.0431945 0.0358915 0.029031 0.0227848 0.017274 0.0125778 0.00873518 0.00574056 0.00353949
 0.00900306 0.0143945 0.021247 0.029392 0.0385549 0.0482532 0.0577037 0.0659253 0.0720278 0.0754698 0.0761205 0.074175 0.0700472 0.0642799 0.0574544 0.050102 0.0426506 0.0354165 0.0286246 0.0224365 0.0169705 0.0123104 0.00850266 0.00554743 0.00339045
 0.00898079 0.0143669 0.0212221 0.0293843 0.0385834 0.0483369 0.0578552 0.0661438 0.0722945 0.0757478 0.0763633 0.0743407 0.0701129 0.064248 0.0573474 0.0499517 0.042486 0.035257 0.028479 0.0223045 0.0168479 0.0121939 0.00839299 0.00544929 0.00330968
 0.00899049 0.0143808 0.02124 0.029406 0.0386107 0.0483755 0.0579153 0.066238 0.072432 0.0759276 0.0765689 0.0745419 0.0702729 0.0643355 0.0573478 0.0498707 0.0423459 0.0350867 0.0283038 0.0221409 0.0167032 0.0120694 0.00828812 0.00536387 0.00324393
 0.00903074 0.0144443 0.0213315 0.0295281 0.0387622 0.0485502 0.0581017 0.0664208 0.0725963 0.0760632 0.0766723 0.0746129 0.0703098 0.0643322 0.0572958 0.0497646 0.0421894 0.0348941 0.028096 0.0219391 0.0165229 0.0119187 0.00816888 0.00527427 0.00318029
 0.00884081 0.0141628 0.0209592 0.0290844 0.0382813 0.0480734 0.057671 0.0660757 0.0723711 0.0759829 0.0767476 0.0748373 0.0706593 0.0647685 0.0577709 0.0502291 0.0426014 0.0352262 0.0283392 0.0221 0.0166176 0.0119661 0.00818618 0.00527472 0.00317322
 0.00859886 0.0137928 0.020447 0.0284357 0.0375229 0.0472537 0.0568589 0.0653545 0.0718241 0.0756741 0.0767067 0.075057 0.0711025 0.0653788 0.0584831 0.0509766 0.0433225 0.0358714 0.0288761 0.0225157 0.016917 0.0121663 0.00830995 0.0053448 0.003209
 0.0085623 0.0137109 0.0202831 0.0281438 0.0370622 0.0466096 0.0560614 0.0644815 0.070985 0.0749817 0.0762507 0.0748874 0.071225 0.0657603 0.0590622 0.0516777 0.0440683 0.036593 0.0295203 0.0230491 0.017327 0.0124586 0.00850266 0.00546185 0.00327414
 0.00834691 0.0133884 0.0198472 0.0276022 0.0364281 0.0458913 0.0552614 0.0636084 0.0700743 0.0741092 0.0755268 0.0744294 0.0711201 0.066037 0.0596841 0.0525569 0.0450916 0.0376466 0.0305084 0.0239045 0.0180141 0.0129711 0.00885694 0.00568815 0.00340712
 0.00824127 0.0132177 0.0195933 0.027252 0.0359784 0.0453559 0.0546723 0.0630098 0.069507 0.0735988 0.0750854 0.0740716 0.070879 0.0659637 0.0598264 0.0529334 0.0456756 0.0383707 0.0312837 0.0246449 0.0186548 0.0134772 0.00922296 0.00593044 0.00355364
 0.00816591 0.0130956 0.0194103 0.0269941 0.0356344 0.0449207 0.0541535 0.0624321 0.0689132 0.0730424 0.0746186 0.0737332 0.070689 0.0659284 0.0599485 0.0532153 0.0461126 0.038939 0.0319348 0.0253126 0.0192722 0.013994 0.00961548 0.0062011 0.00372297
 0.00806963 0.0129468 0.0192004 0.0267195 0.0352957 0.0445222 0.0537035 0.0619455 0.068413 0.0725602 0.0741926 0.073403 0.0704889 0.0658801 0.0600579 0.053475 0.0465058 0.0394408 0.0325103 0.0259151 0.0198488 0.0144969 0.0100137 0.0064867 0.00390798
 0.00787375 0.0126486 0.0187896 0.0262004 0.0346862 0.0438507 0.0530074 0.0612694 0.0678047 0.0720634 0.0738405 0.0732159 0.0704751 0.0660375 0.0603758 0.0539339 0.0470786 0.040094 0.0332048 0.0266076 0.0204945 0.0150558 0.0104591 0.00681086 0.00412208
 0.00796064 0.0127467 0.018858 0.0261765 0.0345041 0.0434702 0.0524372 0.0605691 0.0670648 0.0713756 0.0732745 0.0728121 0.0702483 0.0659861 0.0604883 0.0541932 0.0474624 0.0405745 0.0337479 0.0271734 0.0210405 0.0155429 0.0108584 0.00710961 0.00432481
 0.00864316 0.0137339 0.0201139 0.0275821 0.0358813 0.0446271 0.0532112 0.0608558 0.0668326 0.0706723 0.0722184 0.0715632 0.0689681 0.0648032 0.0594843 0.0534064 0.0469005 0.040225 0.0335846 0.0271594 0.0211311 0.0156907 0.0110207 0.00725477 0.00443609
 0.0092534 0.0147085 0.021541 0.0295122 0.0382944 0.0473929 0.056065 0.0634238 0.0687216 0.0715883 0.0720541 0.0704124 0.0670733 0.0624727 0.0570159 0.0510381 0.0447918 0.0384609 0.0321917 0.0261232 0.0204098 0.015226 0.0107476 0.0071112 0.00437035
 0.00924302 0.0147681 0.0217734 0.0300642 0.0393233 0.0490082 0.0582667 0.0660652 0.0715135 0.0741472 0.073985 0.0714075 0.0669961 0.0613904 0.0551663 0.0487475 0.0423842 0.036194 0.0302303 0.0245443 0.0192215 0.0143906 0.0102013 0.00678098 0.00418721
 0.00904398 0.0144604 0.0213465 0.0295361 0.0387574 0.0485281 0.0580534 0.0663201 0.0723848 0.0756468 0.0759437 0.0735009 0.0688359 0.0626443 0.0556535 0.0484755 0.0415191 0.0349857 0.0289304 0.0233465 0.0182384 0.013659 0.00970435 0.00647249 0.00401264
 0.00918464 0.0146402 0.0215266 0.0296506 0.0387329 0.0483164 0.0576647 0.0658395 0.0719634 0.0754661 0.0761566 0.0741661 0.0698738 0.0638429 0.056734 0.0491907 0.0417376 0.0347237 0.0283214 0.0225754 0.0174744 0.0130144 0.00922566 0.00615493 0.00382325
 0.00911189 0.0145501 0.0214402 0.029597 0.0387315 0.0483549 0.0576891 0.0657723 0.071748 0.0751138 0.075766 0.073895 0.0698729 0.0641831 0.0573643 0.049952 0.0424265 0.0351743 0.0284647 0.0224467 0.0171771 0.0126653 0.00891232 0.00591999 0.00367098
 0.00902338 0.014422 0.0212784 0.029421 0.0385741 0.0482559 0.0576848 0.0658787 0.0719449 0.075342 0.0759482 0.073977 0.0698603 0.0641434 0.0573875 0.050093 0.0426677 0.0354349 0.0286471 0.0224896 0.0170799 0.0124773 0.00869936 0.0057338 0.00353573
 0.00888948 0.0142111 0.0209747 0.0290176 0.0380776 0.0476935 0.0571085 0.0653632 0.0715718 0.0751746 0.0760079 0.0742346 0.0702495 0.0645918 0.0578463 0.0505461 0.0431156 0.0358677 0.0290325 0.0227849 0.0172578 0.0125421 0.00868365 0.00567981 0.00347745
 0.0087609 0.0140149 0.020703 0.0286708 0.0376631 0.0472239 0.056603 0.0648513 0.0710971 0.0747922 0.0757751 0.0741948 0.0704154 0.0649386 0.0583197 0.051082 0.0436593 0.0363807 0.0294876 0.0231596 0.0175352 0.0127184 0.00877246 0.00570771 0.00347327
 0.00863977 0.0138207 0.0204164 0.0282775 0.0371585 0.0466198 0.0559326 0.0641685 0.0704672 0.0742787 0.0754289 0.0740502 0.070489 0.0652263 0.0587939 0.0516922 0.0443403 0.0370661 0.0301212 0.0237016 0.0179631 0.0130268 0.00897192 0.00582092 0.00352795
 0.00882108 0.0140799 0.0207399 0.028628 0.0374828 0.0468622 0.0560488 0.0641326 0.0702744 0.0739461 0.0749938 0.0735655 0.0700147 0.0648203 0.0585017 0.0515388 0.0443254 0.0371653 0.0302941 0.023903 0.0181541 0.0131817 0.00908025 0.00588555 0.00355974
 0.00873504 0.0139731 0.0206388 0.0285729 0.0375116 0.046987 0.0562398 0.0643238 0.0703901 0.0739334 0.074843 0.0733083 0.0697079 0.064525 0.0582691 0.0514027 0.0442994 0.0372429 0.0304511 0.0241037 0.0183609 0.013364 0.00922057 0.00598031 0.00361572
 0.0086063 0.0137857 0.0203992 0.0283065 0.0372611 0.0468067 0.0561838 0.0644285 0.0706545 0.0743075 0.0752365 0.0736223 0.0698735 0.0645274 0.0581452 0.0512181 0.0441209 0.037118 0.0304001 0.0241216 0.0184259 0.0134486 0.00930131 0.00604341 0.00365749
 0.00872372 0.0139383 0.020559 0.0284263 0.0372917 0.0467215 0.0559983 0.0642009 0.0704646 0.0742237 0.0752873 0.0737845 0.0700825 0.0647049 0.0582317 0.051195 0.0440115 0.0369703 0.0302627 0.0240262 0.0183809 0.0134446 0.00932058 0.00606942 0.00367988
 0.00866236 0.0138524 0.0204533 0.0283086 0.0371636 0.0465691 0.0557918 0.0639096 0.0700837 0.0737959 0.0749001 0.0735385 0.0700462 0.064884 0.0585696 0.0516026 0.0444062 0.0373028 0.0305214 0.024224 0.0185369 0.0135716 0.00942329 0.00614788 0.0037346
 0.00866065 0.0138528 0.0204604 0.0283298 0.0372084 0.046646 0.0559022 0.0640408 0.0702044 0.0738611 0.0748694 0.0733994 0.0698287 0.0646505 0.0583858 0.0515063 0.0443951 0.0373464 0.0305842 0.0242829 0.0185848 0.0136105 0.00945641 0.00617613 0.00375701
 0.00888767 0.0142001 0.0209419 0.0289432 0.0379349 0.0474517 0.0567379 0.0648421 0.0708956 0.074365 0.0751194 0.0733529 0.0694798 0.064039 0.0575942 0.050641 0.0435573 0.0366073 0.0299763 0.0238078 0.0182284 0.0133546 0.0092826 0.00606621 0.00369319
 0.0092365 0.0147234 0.0216479 0.0298096 0.038915 0.0484846 0.0577561 0.0657747 0.0716718 0.0749214 0.075408 0.073346 0.0691726 0.0634521 0.0567757 0.0496654 0.0425174 0.0355967 0.0290709 0.0230536 0.01764 0.0129229 0.00898499 0.00587432 0.00357844
 0.00948661 0.0151012 0.0221617 0.030446 0.0396399 0.0492482 0.0584984 0.0664325 0.0721902 0.0752659 0.0755689 0.0733331 0.0690018 0.0631361 0.0563243 0.0490941 0.0418561 0.0348928 0.0283814 0.0224318 0.0171232 0.0125262 0.00870331 0.00568948 0.00346663
 0.00943043 0.01508 0.0222576 0.0307726 0.0403063 0.050304 0.059889 0.0679961 0.0737022 0.0765075 0.0763855 0.0736601 0.0688592 0.0626023 0.055505 0.0480958 0.0407722 0.0338012 0.0273474 0.0215091 0.0163503 0.0119218 0.00826451 0.00539511 0.00328501
#obs surv len freq
 nan nan nan nan nan nan nan nan nan nan nan nan nan nan nan nan nan nan nan nan nan nan nan nan nan
 0.00448502 0.00734641 0.0111763 0.0159922 0.0216922 0.0279668 0.03428 0.0400107 0.04469 0.048154 0.0505124 0.0520089 0.0529019 0.0534149 0.0537298 0.0539851 0.054264 0.0545569 0.0546958 0.0542878 0.0527258 0.0493579 0.0438075 0.0362873 0.0276706
 0.00461939 0.00756621 0.0115092 0.0164638 0.0223195 0.0287487 0.0351876 0.040985 0.0456502 0.0490134 0.0511948 0.0524603 0.053095 0.0533495 0.0534281 0.0534843 0.0536071 0.0537865 0.0538506 0.0534046 0.0518433 0.0485191 0.043057 0.035663 0.0271936
 0.00477866 0.00782906 0.011912 0.017043 0.0231037 0.0297473 0.036378 0.0423072 0.0470136 0.0503116 0.0523228 0.0533269 0.0536327 0.0535206 0.0532269 0.052935 0.0527566 0.052695 0.0525849 0.0520353 0.050446 0.0471748 0.0418462 0.0346523 0.0264197
 0.00497434 0.00814584 0.0123866 0.0177094 0.0239883 0.0308595 0.0377 0.0437881 0.0485731 0.0518509 0.0537364 0.0545125 0.0544988 0.0539944 0.0532621 0.0525174 0.0519057 0.0514613 0.0510452 0.0502875 0.0486058 0.0453693 0.0402009 0.0332695 0.025357
 0.00518846 0.00849895 0.0129271 0.0184848 0.025035 0.0321876 0.0392783 0.0455408 0.050393 0.0536217 0.0553508 0.0558782 0.0555366 0.054635 0.0534471 0.0522056 0.0510821 0.050146 0.0492992 0.0482154 0.0463525 0.043108 0.0381088 0.0314944 0.0239846
 0.00541856 0.00887582 0.0134998 0.0193016 0.0261352 0.0335872 0.0409551 0.0474269 0.0523819 0.0555868 0.0571655 0.0574306 0.0567359 0.0554109 0.0537457 0.0519853 0.0503155 0.0488296 0.0474693 0.0459634 0.0438307 0.0405188 0.0356728 0.0294026 0.0223545
 0.0056448 0.00924699 0.0140649 0.0201088 0.0272235 0.0349724 0.0426156 0.0492979 0.0543638 0.0575633 0.0590199 0.0590554 0.0580363 0.0563067 0.0541718 0.0518904 0.0496627 0.0476024 0.045686 0.0436975 0.0412267 0.0377878 0.0330593 0.0271293 0.020566
 0.00590228 0.00966522 0.0146937 0.0209946 0.0284006 0.0364501 0.0443636 0.0512418 0.056395 0.0595599 0.0608658 0.0606505 0.0592985 0.057169 0.0545778 0.0517919 0.0490197 0.0463894 0.0439082 0.0414135 0.038569 0.0349651 0.0303264 0.0247278 0.0186606
 0.00613068 0.0100455 0.0152823 0.0218491 0.0295675 0.0379453 0.0461539 0.0532404 0.0584763 0.0615863 0.0627123 0.0622168 0.0605099 0.0579712 0.0549298 0.0516592 0.0483708 0.0452004 0.0421773 0.039186 0.0359622 0.0321752 0.0276029 0.0223155 0.0167332
 0.00637572 0.0104435 0.0158812 0.0226944 0.0306952 0.0393697 0.0478535 0.0551493 0.0604894 0.0635756 0.0645467 0.0637792 0.0617086 0.0587433 0.0552382 0.0514829 0.0476956 0.0440164 0.0404891 0.0370352 0.0334534 0.0294875 0.0249704 0.0199734 0.0148527
 0.00659548 0.0108052 0.0164335 0.0234849 0.0317604 0.04072 0.0494585 0.0569343 0.0623483 0.0653925 0.0662138 0.0652041 0.0628146 0.0594692 0.0555384 0.0513275 0.047068 0.0429112 0.0389174 0.0350402 0.0311318 0.0270014 0.0225316 0.0177978 0.0131002
 0.00681421 0.0111639 0.0169792 0.0242632 0.0328064 0.0420436 0.0510299 0.0586781 0.0641543 0.0671369 0.0677814 0.066502 0.0637764 0.0600522 0.0557173 0.0510874 0.0464004 0.041815 0.0374061 0.0331567 0.028966 0.0246998 0.020284 0.0157968 0.0114888
 0.00706448 0.0115707 0.0175908 0.0251236 0.0339454 0.0434628 0.0526873 0.0604849 0.0659872 0.0688626 0.0692798 0.0676807 0.0645748 0.0604399 0.0556878 0.0506496 0.0455696 0.0406094 0.035851 0.0312982 0.026888 0.022533 0.0181948 0.0139524 0.0100112
 0.00727912 0.011928 0.0181436 0.0259247 0.0350355 0.0448507 0.054332 0.0622909 0.0678201 0.070578 0.0707494 0.0688078 0.0652989 0.0607344 0.0555541 0.0501085 0.0446532 0.0393541 0.0342986 0.0295039 0.0249338 0.0205358 0.0162973 0.0122946 0.00869292
 0.00744149 0.0121944 0.0185497 0.0265067 0.0358248 0.0458641 0.0555599 0.063689 0.0693104 0.072058 0.0721065 0.0699351 0.0661091 0.0611699 0.0555901 0.0497495 0.0439249 0.0382962 0.0329608 0.0279491 0.023245 0.0188199 0.0146778 0.010888 0.00757953
 0.00754084 0.0123579 0.0187997 0.0268662 0.0363142 0.0464957 0.0563317 0.0645819 0.0702896 0.073077 0.0731102 0.0708602 0.0668862 0.0617296 0.0558734 0.0497175 0.0435642 0.0376195 0.0320043 0.0267709 0.0219247 0.0174572 0.0133821 0.00975951 0.0066857
 0.00760057 0.0124513 0.0189339 0.0270467 0.0365461 0.0467848 0.0566843 0.0650027 0.0707798 0.0736315 0.0737151 0.07149 0.0675026 0.0622817 0.0563015 0.0499614 0.0435746 0.0373682 0.0314923 0.0260307 0.0210195 0.016474 0.0124189 0.00890565 0.00600246
 0.00765977 0.0125409 0.0190565 0.0272003 0.0367251 0.0469821 0.0568929 0.0652184 0.0710029 0.0738684 0.0739763 0.071785 0.0678319 0.0626304 0.0566367 0.0502349 0.0437312 0.0373585 0.0312854 0.025626 0.0204508 0.0158054 0.0117315 0.00827789 0.00549074
 0.00771841 0.0126281 0.0191725 0.0273397 0.0368781 0.0471366 0.0570374 0.0653439 0.0711053 0.0739507 0.07405 0.0718673 0.0679404 0.0627757 0.0568151 0.0504247 0.0438941 0.0374469 0.0312559 0.0254535 0.0201396 0.0153915 0.0112733 0.00783923 0.00512198
 0.00776152 0.0126951 0.0192673 0.0274627 0.0370255 0.047299 0.0572001 0.0654882 0.0712143 0.074015 0.0740715 0.0718595 0.0679239 0.0627717 0.0568386 0.0504785 0.0439646 0.0375058 0.0312668 0.0253845 0.0199765 0.0151454 0.0109789 0.00754213 0.00486285
 0.00782108 0.0127838 0.0193854 0.0276054 0.0371836 0.047462 0.057357 0.0656284 0.071327 0.0740906 0.0741037 0.0718481 0.0678766 0.0627031 0.056767 0.0504196 0.0439256 0.0374805 0.0312367 0.0253257 0.0198703 0.0149885 0.0107863 0.00734143 0.00468262
 0.00786558 0.0128539 0.0194863 0.0277394 0.0373482 0.0476482 0.0575487 0.0658044 0.0714663 0.0741786 0.0741361 0.0718293 0.0678164 0.0626138 0.0566615 0.0503112 0.0438252 0.0373934 0.0311595 0.0252472 0.0197774 0.0148738 0.0106534 0.00720401 0.00455796
 0.00786001 0.0128478 0.0194826 0.027743 0.0373649 0.0476832 0.0576043 0.0658788 0.0715532 0.0742681 0.0742169 0.0718916 0.0678543 0.0626263 0.056652 0.0502858 0.043791 0.037356 0.0311211 0.0252053 0.0197264 0.0148094 0.0105763 0.0071213 0.00448023
 0.00789639 0.0128959 0.0195352 0.027787 0.0373868 0.0476752 0.0575698 0.0658318 0.0715124 0.0742489 0.0742257 0.0719247 0.0679011 0.062674 0.0566905 0.0503096 0.0437994 0.0373516 0.031107 0.025183 0.0196958 0.0147695 0.0105283 0.00706946 0.00443083
 0.00787533 0.0128657 0.0194964 0.0277418 0.0373362 0.0476171 0.057499 0.0657432 0.0714074 0.0741398 0.0741341 0.071874 0.0679064 0.062736 0.0567958 0.0504375 0.0439295 0.0374688 0.0312028 0.0252541 0.019742 0.0147927 0.010532 0.0070592 0.00441338
 0.00788225 0.01287 0.0194904 0.0277151 0.0372792 0.0475268 0.0573817 0.0656137 0.0712823 0.0740319 0.0740501 0.0718177 0.0678826 0.0627506 0.0568521 0.0505318 0.0440498 0.0375984 0.0313255 0.0253579 0.0198207 0.0148451 0.010561 0.00707027 0.00441301
 0.00791506 0.0129181 0.0195529 0.0277862 0.0373488 0.0475814 0.0574065 0.0655964 0.0712182 0.0739267 0.0739195 0.0716825 0.0677623 0.0626593 0.0567981 0.0505174 0.0440724 0.0376496 0.0313929 0.0254281 0.0198823 0.0148916 0.0105906 0.00708525 0.00441774
 0.00788503 0.0128752 0.0194992 0.0277271 0.0372913 0.0475303 0.0573631 0.0655575 0.071178 0.0738803 0.0738658 0.071626 0.0677123 0.0626271 0.056793 0.0505445 0.0441309 0.0377338 0.0314927 0.0255314 0.0199773 0.0149697 0.0106478 0.00712225 0.00443855
 0.00787107 0.0128485 0.0194519 0.027651 0.0371811 0.0473887 0.0572036 0.0654023 0.0710507 0.0737968 0.0738293 0.0716288 0.067742 0.0626738 0.0568525 0.0506171 0.0442185 0.0378358 0.031605 0.025646 0.0200848 0.0150614 0.0107187 0.0071715 0.00446908
 0.00785921 0.0128249 0.0194084 0.0275771 0.0370664 0.0472272 0.056998 0.0651669 0.0708104 0.0735825 0.0736707 0.0715465 0.0677419 0.0627471 0.0569806 0.0507792 0.0443973 0.0380194 0.0317849 0.0258151 0.0202358 0.015188 0.010817 0.00724138 0.00451415
 0.00782228 0.012767 0.0193253 0.0274657 0.036925 0.0470557 0.0567987 0.0649465 0.0705809 0.0733618 0.0734814 0.0714123 0.0676828 0.0627731 0.0570888 0.0509543 0.0446164 0.0382584 0.0320232 0.026037 0.0204307 0.0153491 0.0109413 0.00733016 0.00457222
 0.00778525 0.0127043 0.0192264 0.0273203 0.0367263 0.0468052 0.0565096 0.064643 0.0702926 0.0731156 0.0732964 0.0712994 0.0676474 0.0628175 0.0572114 0.0511475 0.044865 0.0385407 0.0323146 0.0263149 0.0206772 0.0155531 0.0110985 0.00744233 0.00464578
 0.00776348 0.0126681 0.0191702 0.0272379 0.0366115 0.0466531 0.0563193 0.0644199 0.0700499 0.0728735 0.0730789 0.0711298 0.0675432 0.0627883 0.057259 0.0512672 0.0450464 0.0387681 0.0325676 0.026571 0.0209152 0.0157569 0.0112594 0.007559 0.00472324
 0.00772902 0.0126107 0.0190816 0.02711 0.0364386 0.0464353 0.0560652 0.0641466 0.0697794 0.072628 0.0728771 0.0709861 0.0674679 0.0627878 0.0573346 0.0514145 0.0452551 0.0390227 0.0328486 0.0268561 0.0211827 0.0159889 0.0114446 0.00769481 0.00481415
 0.00932628 0.0148468 0.0217808 0.0298859 0.0388063 0.0479901 0.0566246 0.0637776 0.0687173 0.0711565 0.0712398 0.0693525 0.0659404 0.0614213 0.0561551 0.0504306 0.0444641 0.0384134 0.0324024 0.0265489 0.0209864 0.0158744 0.0113852 0.0076684 0.00480505
 0.00932567 0.0151394 0.0227383 0.0319677 0.042359 0.0529773 0.0624552 0.0694014 0.072997 0.0733144 0.0711141 0.06734 0.0627216 0.0576699 0.052371 0.0469118 0.0413551 0.0357669 0.0302224 0.0248137 0.019658 0.0149026 0.0107112 0.00722878 0.00453767
 0.00896539 0.0145761 0.021954 0.0310177 0.0414241 0.0523979 0.0626894 0.0708618 0.075804 0.0771133 0.0751197 0.070633 0.0646308 0.0580039 0.0513883 0.0451064 0.0392235 0.0336725 0.0283717 0.0232918 0.0184766 0.0140341 0.0101083 0.00683619 0.0042996
 0.00881332 0.0143143 0.0215339 0.0303886 0.040553 0.0513047 0.0614899 0.0697952 0.0752105 0.077339 0.0763597 0.0727877 0.0672748 0.0605246 0.0532335 0.0459946 0.0391997 0.0330075 0.0273992 0.0222842 0.0175976 0.01335 0.00962161 0.00651676 0.00410603
 0.00872928 0.0141749 0.021318 0.0300719 0.0401098 0.0507135 0.0607452 0.0689255 0.0742996 0.076541 0.0758878 0.0728588 0.0680132 0.0618691 0.0549159 0.0476277 0.0404347 0.0336679 0.027515 0.0220254 0.0171693 0.0129129 0.00926352 0.00626352 0.00394676
 0.00872148 0.0141569 0.0212804 0.0300014 0.03999 0.0505276 0.0604785 0.0685684 0.0738523 0.0760229 0.0753526 0.0724041 0.0677715 0.0619655 0.0554035 0.0484366 0.0413785 0.0345158 0.0280912 0.0222732 0.0171465 0.0127356 0.00904338 0.00607179 0.00381051
 0.00868674 0.0141035 0.0212057 0.0299042 0.0398699 0.0503837 0.060309 0.0683704 0.0736233 0.0757623 0.0750663 0.0721119 0.067515 0.0618099 0.055422 0.0486772 0.0418273 0.0350855 0.02865 0.0227024 0.0173888 0.0128061 0.00900285 0.00598724 0.0037285
 0.0086736 0.0140814 0.0211712 0.0298538 0.0398014 0.0502971 0.0602071 0.0682584 0.0735054 0.0756393 0.0749352 0.0719695 0.0673647 0.0616692 0.0553255 0.0486684 0.0419395 0.0353189 0.0289616 0.0230196 0.0176423 0.0129593 0.0090605 0.00598129 0.00369555
 0.00866786 0.0140702 0.0211508 0.0298196 0.0397491 0.0502242 0.060115 0.0681525 0.0733944 0.0755322 0.0748385 0.0718857 0.0672929 0.0616083 0.05528 0.0486522 0.0419728 0.0354174 0.0291231 0.0232187 0.017838 0.0131143 0.00915671 0.00602341 0.00370212
 0.0086678 0.0140692 0.0211475 0.0298118 0.0397339 0.0501983 0.0600758 0.0680984 0.0733261 0.0754536 0.0747558 0.0718062 0.067223 0.0615521 0.0552401 0.0486318 0.0419782 0.0354568 0.029201 0.023329 0.0179632 0.0132306 0.0092454 0.00607764 0.00372695
 0.00865446 0.0140504 0.0211244 0.0297873 0.0397111 0.0501795 0.0600605 0.0680842 0.0733088 0.0754296 0.0747234 0.0717664 0.0671792 0.0615096 0.0552043 0.0486078 0.0419709 0.0354707 0.0292391 0.0233903 0.01804 0.0133102 0.00931427 0.00612731 0.0037563
 0.00863741 0.0140248 0.0210899 0.0297453 0.039665 0.0501338 0.0600209 0.0680557 0.0732946 0.0754289 0.0747319 0.0717776 0.067187 0.0615108 0.0551996 0.0486012 0.0419679 0.0354771 0.0292592 0.0234255 0.0180875 0.0133633 0.0093643 0.00616732 0.00378332
 0.00862272 0.0140017 0.0210567 0.0297013 0.0396108 0.0500723 0.0599572 0.067997 0.073249 0.0754027 0.0747276 0.0717931 0.0672166 0.0615468 0.0552352 0.0486324 0.0419944 0.0355016 0.0292857 0.0234571 0.0181248 0.0134036 0.00940304 0.00619983 0.00380694
 0.00862056 0.0139966 0.0210461 0.029682 0.0395797 0.0500281 0.0599015 0.0679347 0.0731875 0.0753501 0.0746908 0.0717764 0.0672209 0.0615693 0.0552704 0.0486736 0.042036 0.0355405 0.0293216 0.0234914 0.0181588 0.013437 0.00943406 0.00622602 0.00382662
 0.00863 0.0140114 0.0210673 0.0297095 0.0396121 0.0500616 0.0599303 0.0679519 0.0731868 0.0753292 0.0746523 0.0717274 0.0671702 0.0615251 0.0552376 0.0486537 0.0420274 0.0355401 0.0293267 0.0235003 0.0181706 0.0134511 0.00944909 0.00624017 0.00383825
 0.00863 0.0140114 0.0210673 0.0297095 0.0396121 0.0500616 0.0599303 0.0679519 0.0731868 0.0753292 0.0746523 0.0717274 0.0671702 0.0615251 0.0552376 0.0486537 0.0420274 0.0355401 0.0293267 0.0235003 0.0181706 0.0134511 0.00944909 0.00624017 0.00383825
 0.00882193 0.0143178 0.0215163 0.030319 0.0403805 0.0509572 0.0608824 0.0688552 0.0739234 0.0757993 0.0748005 0.0715526 0.0667185 0.0608725 0.0544711 0.0478543 0.0412594 0.0348473 0.0287334 0.0230158 0.0177937 0.0131731 0.00925611 0.00611518 0.00376335
 0.00881925 0.0143341 0.0215791 0.030467 0.0406545 0.0513838 0.0614594 0.0695441 0.0746535 0.0764811 0.0753437 0.0718833 0.0667955 0.0606954 0.0540781 0.0473107 0.0406408 0.0342234 0.0281579 0.0225223 0.0173974 0.0128744 0.00904537 0.00597675 0.00367924
 0.00879479 0.0142872 0.0214975 0.0303402 0.040483 0.0511904 0.0612943 0.0694757 0.0747439 0.076758 0.0757824 0.0724115 0.0673154 0.0611136 0.054331 0.0473767 0.0405389 0.034001 0.027873 0.0222282 0.0171326 0.0126601 0.00888728 0.00586999 0.00361325
 0.00893212 0.0145007 0.0217988 0.0307297 0.0409452 0.0516911 0.0617814 0.0698899 0.0750387 0.0769179 0.0758274 0.0723813 0.0672435 0.0610095 0.0541794 0.0471532 0.0402297 0.0336145 0.0274403 0.0217923 0.0167351 0.0123301 0.00863732 0.00569692 0.00350385
#pred catch len freq
 0.00335842 0.00539889 0.00804689 0.0113172 0.015241 0.0198307 0.0250164 0.0306167 0.0363687 0.0419817 0.0471838 0.05176 0.0555818 0.0586069 0.0608471 0.0623249 0.0630453 0.0629805 0.0620476 0.0600708 0.0567653 0.0518152 0.0450796 0.0368375 0.027877
 0.00361806 0.00576417 0.00849529 0.0118022 0.0157179 0.0202897 0.025497 0.0311834 0.0370549 0.0427358 0.047857 0.0521518 0.0555222 0.0580346 0.0598463 0.0611054 0.061873 0.0620843 0.061539 0.059912 0.0568038 0.0518675 0.0450188 0.0366361 0.0275896
 0.00372944 0.00597252 0.00885522 0.0123709 0.0165295 0.0213248 0.0266674 0.0323557 0.038106 0.0436025 0.0485368 0.0526525 0.0558043 0.0580026 0.0594032 0.0602325 0.060674 0.0607598 0.0603039 0.0589061 0.0560491 0.0512934 0.0445306 0.0361772 0.0271602
 0.00391271 0.00625106 0.00924321 0.0128815 0.0171876 0.0221765 0.0277703 0.0337423 0.0397361 0.0453381 0.0501689 0.05397 0.05666 0.0583317 0.0591977 0.0595123 0.0594913 0.059222 0.0585771 0.0571763 0.0544634 0.0499254 0.0433902 0.0352474 0.0264267
 0.00417957 0.00666581 0.00983159 0.0136545 0.0181415 0.023295 0.0290293 0.0351175 0.0412092 0.0468914 0.0517596 0.0555001 0.057969 0.0592312 0.0595279 0.0591881 0.0585166 0.0576823 0.0566234 0.0550029 0.0522742 0.0478944 0.0416355 0.0338276 0.0253517
 0.00448279 0.00714431 0.0105256 0.014594 0.0193437 0.0247586 0.0307252 0.0369811 0.043144 0.0487856 0.0535083 0.057018 0.0591853 0.0600705 0.0598965 0.0589839 0.0576638 0.0561713 0.0545351 0.0525064 0.0495979 0.0452817 0.0392964 0.0319027 0.0238972
 0.00477945 0.00761899 0.0112274 0.0155674 0.0206255 0.0263702 0.0326583 0.0391841 0.0455152 0.0511796 0.0557541 0.0589464 0.0606575 0.0609931 0.0602168 0.0586704 0.0566921 0.0545343 0.0522736 0.0497413 0.0465384 0.0421967 0.0364575 0.0295212 0.0220804
 0.00504571 0.00804757 0.0118665 0.0164649 0.0218265 0.0279112 0.0345533 0.0414087 0.0479945 0.0537847 0.0583102 0.0612531 0.0625191 0.0622499 0.0607645 0.0584616 0.0557232 0.0528327 0.049902 0.0468191 0.0432627 0.0388369 0.0333104 0.0268397 0.0200111
 0.00524543 0.00837459 0.0123649 0.0171824 0.0228121 0.0292077 0.0361852 0.0433688 0.0502346 0.0562107 0.0607842 0.0636026 0.0645545 0.0637881 0.0616534 0.0585975 0.0550581 0.0513738 0.0477117 0.0440228 0.04006 0.0354972 0.0301361 0.0240998 0.0178739
 0.00543883 0.00868337 0.0128212 0.0178177 0.0236589 0.0302979 0.0375438 0.0450022 0.0521186 0.0582829 0.0629421 0.0657107 0.0664568 0.0653246 0.0626746 0.0589785 0.0547117 0.0502628 0.0458621 0.0415365 0.0371229 0.0323707 0.0271191 0.0214642 0.0157976
 0.00564321 0.00900394 0.0132831 0.0184402 0.0244568 0.0312827 0.0387209 0.0463656 0.0536459 0.0599315 0.0646481 0.0673888 0.0680035 0.066624 0.0636063 0.0594267 0.0545765 0.0494763 0.0444085 0.0394743 0.0345998 0.0296179 0.0244147 0.0190695 0.0138913
 0.00590594 0.00941158 0.0138608 0.0191997 0.0253972 0.0323911 0.0399711 0.0477161 0.0550427 0.0613152 0.0659621 0.0685822 0.0690301 0.0674358 0.0641475 0.05963 0.0543665 0.0487825 0.0431891 0.0377453 0.0324595 0.0272495 0.0220568 0.0169577 0.0121941
 0.00619997 0.00987799 0.0145414 0.0201264 0.0265869 0.033838 0.0416351 0.0495159 0.0568611 0.0630175 0.0674202 0.0696984 0.0697505 0.0677512 0.0640795 0.0592075 0.0536054 0.0476786 0.0417309 0.0359435 0.0303788 0.0250248 0.0198766 0.0150172 0.0106367
 0.00645589 0.0102839 0.0151345 0.020938 0.0276406 0.0351447 0.0431824 0.0512555 0.0587015 0.064828 0.0690472 0.0709922 0.0705959 0.0680904 0.0639164 0.058593 0.0526098 0.0463663 0.0401502 0.0341378 0.0284116 0.0230003 0.0179371 0.0133115 0.00927534
 0.00674548 0.0107368 0.015784 0.021806 0.0287382 0.036471 0.0447184 0.0529551 0.0604859 0.0665868 0.0706473 0.0722935 0.0714731 0.0684562 0.0637384 0.0578973 0.0514685 0.0448754 0.0384079 0.0322354 0.0264393 0.0210595 0.0161421 0.0117719 0.0080666
 0.0069378 0.0110457 0.0162426 0.0224445 0.0295809 0.0375301 0.0459846 0.0543903 0.0620217 0.0681295 0.0720872 0.0735156 0.0723698 0.0689405 0.0637566 0.057438 0.0505647 0.0435983 0.036854 0.0305124 0.0246585 0.0193316 0.0145729 0.0104493 0.00704304
 0.00702863 0.0111999 0.0164877 0.0228123 0.0301034 0.0382313 0.0468709 0.055443 0.0631947 0.0693533 0.073276 0.0745771 0.073215 0.0694932 0.063961 0.0572638 0.0500121 0.0427001 0.0356749 0.0291428 0.0232049 0.0179054 0.0132769 0.00936296 0.00620879
 0.0071379 0.0113671 0.0167215 0.0231188 0.0304913 0.038717 0.0474778 0.0561908 0.0640827 0.0703455 0.0742989 0.0755321 0.0740009 0.0700272 0.0641896 0.0571644 0.049589 0.0419814 0.0347113 0.0280069 0.0219873 0.016705 0.0121866 0.00845336 0.00551548
 0.00718143 0.0114338 0.0168142 0.0232365 0.0306296 0.0388698 0.0476407 0.0563676 0.0642909 0.0706166 0.0746659 0.0760089 0.0745643 0.070613 0.0647084 0.0575262 0.0497264 0.0418623 0.0343417 0.0274282 0.0212684 0.0159314 0.0114444 0.00781253 0.00501669
 0.00723947 0.0115241 0.0169428 0.0234072 0.0308439 0.0391267 0.0479351 0.0566873 0.0646165 0.0709248 0.0749382 0.0762397 0.0747609 0.0707864 0.0648581 0.0576306 0.0497462 0.0417561 0.034084 0.0270221 0.0207484 0.0153556 0.0108799 0.00731783 0.00462803
 0.00723786 0.0115201 0.0169342 0.0233911 0.0308179 0.0390905 0.0478923 0.0566475 0.0645946 0.0709385 0.0750031 0.076364 0.0749432 0.0710162 0.0651172 0.0578935 0.0499791 0.0419196 0.0341422 0.0269549 0.0205613 0.0150807 0.0105665 0.00701678 0.00437711
 0.00743725 0.0118103 0.0173076 0.0238189 0.0312573 0.0394977 0.0482331 0.0568996 0.0647462 0.0709863 0.0749524 0.0762305 0.0747516 0.0707961 0.0648961 0.0576901 0.0497989 0.0417537 0.0339718 0.0267601 0.0203319 0.0148228 0.0103013 0.00677225 0.00417641
 0.007565 0.0120115 0.0175973 0.0242031 0.0317283 0.0400286 0.0487751 0.0573877 0.0651151 0.0711902 0.0749775 0.0760941 0.0744917 0.0704584 0.0645247 0.0573213 0.0494572 0.0414499 0.0337035 0.0265163 0.0201009 0.0145996 0.0100909 0.00658609 0.00402605
 0.00756347 0.0120146 0.0176127 0.0242433 0.0318087 0.0401645 0.0489757 0.0576496 0.0654166 0.0714917 0.0752301 0.0762547 0.0745379 0.0703951 0.0643784 0.0571278 0.0492495 0.0412503 0.0335218 0.0263524 0.0199497 0.0144571 0.0099577 0.00646762 0.00392895
