SBPRF35
7.78865
Curr Bio
605210
B35
647324
F35
0.22383
FOFL
0.219656
OFL
105776
Bzero
2.22533e+006
#pred survey bio
 3.61105e+006 3.23093e+006 2.88272e+006 2.58147e+006 2.29775e+006 2.03407e+006 1.7889e+006 1.55799e+006 1.35227e+006 1.18199e+006 1.05055e+006 947820 848522 774609 714112 687863 649884 621337 616018 597755 581624 568845 570932 556481 563289 552667 552399 558330 551377 544748 543911 530106 519974 516715 524008 530037 545387 536579 541641 545677 553706 549335 558449 555838 556971 545556 543749 579948 592186 595467 571449 548645 544458 534120 537371 535829 543948 540418 554331 554163 567398 605467 2.22573e+007 1.36571e+007 1.40135e+007 1.45188e+007 1.50829e+007 1.56176e+007 1.60783e+007 1.64519e+007 1.67429e+007 1.69637e+007 1.71284e+007 1.72502e+007 1.73398e+007 1.74057e+007 1.74542e+007 1.74901e+007 1.75168e+007 1.75368e+007 1.75517e+007 1.7563e+007 1.75715e+007 1.7578e+007 1.7583e+007 1.75868e+007 1.75896e+007 1.75919e+007 1.75936e+007 1.75949e+007 1.75959e+007 1.75967e+007 1.75973e+007 1.75977e+007 1.75981e+007 1.75984e+007 1.75986e+007 1.75987e+007 1.75989e+007 1.7599e+007 1.7599e+007 1.75991e+007 1.75992e+007 1.75992e+007 1.75992e+007 1.75992e+007 1.75993e+007 1.75993e+007 1.75993e+007 1.75993e+007 1.75993e+007 1.75993e+007 1.75993e+007 1.75993e+007 1.75993e+007 1.75993e+007 1.75993e+007 1.75993e+007 1.75993e+007 1.75993e+007 1.75993e+007 1.75993e+007 1.75993e+007 1.75993e+007 1.75993e+007 1.75993e+007 1.75993e+007 1.75993e+007 1.75993e+007 1.75993e+007 1.75993e+007 1.75993e+007 1.75993e+007 1.75993e+007 1.75993e+007 1.75993e+007 1.75993e+007 1.75993e+007 1.75993e+007 1.75993e+007 1.75993e+007 1.75993e+007 1.75993e+007 1.75993e+007 1.75993e+007 1.75993e+007 1.75993e+007 1.75993e+007 1.75993e+007 1.75993e+007 1.75993e+007 1.75993e+007 1.75993e+007 1.75993e+007 1.75993e+007 1.75993e+007 1.75993e+007 1.75993e+007 1.75993e+007 1.75993e+007 1.75993e+007 1.75993e+007 0 0 0 0 0 0 0 0 0 0 0 0 0 0 0 0 0 0 0 0 0 0 0 0 0
#obs survey bio
 2.94819e+006 2.78793e+006 2.0493e+006 1.62945e+006 1.86467e+006 1.47226e+006 1.8108e+006 1.70822e+006 1.02795e+006 1.04601e+006 1.34388e+006 646479 851395 531724 693624 524158 530950 437879 502002 558852 467894 503922 735170 481817 541285 405086 617125 569076 524362 289029 603489 456590 656683 754112 507770 573588 741368 430182 462125 532442 526820 481466 641242 521471 460364 387531 654970 570558 647887 649441 599972 561914 508627 863420 599789 535317 531161 450817 718508 484078 658807 682902
#pred catch bio
 274581 278801 271901 287880 296849 301758 304663 292852 268618 238799 215700 212366 188494 173891 141418 147583 135300 113521 123310 119459 114389 100071 111690 91609.1 104239 93258.7 86549.3 95310.4 92417.1 85115.7 93224.9 88779.8 85479.4 80872.2 85111.9 78893.3 99435.5 87706.5 89331 86537.9 97262.8 86263.7 96568.1 93690.4 104670 96878.1 66579.3 87763.1 94393.3 115890 113110 96992.4 102488 91329.2 95728 88326.3 99499.8 87016.5 101488 93407.6 78120.6 89384.6 105776 109449 111290 114209 117872 121412 124403 126737 128463 129690 130539 131112 131492 131741 131903 132007 132073 132115 132141 132158 132169 132175 132179 132182 132183 132184 132185 132185 132186 132186 132186 132186 132186 132186 132186 132186 132186 132186 132186 132186 132186 132186 132186 132186 132186 132186 132186 132186 132186 132186 132186 132186 132186 132186 132186 132186 132186 132186 132186 132186 132186 132186 132186 132186 132186 132186 132186 132186 132186 132186 132186 132186 132186 132186 132186 132186 132186 132186 132186 132186 132186 132186 132186 132186 132186 132186 132186 132186 132186 132186 132186 132186 132186 132186 132186 132186 132186 132186 132186 132186 0 0 0 0 0 0 0 0 0 0 0 0 0 0 0 0 0 0 0 0 0 0 0 0 0
#obs catch bio
 239648 279509 274058 292214 301948 307664 310905 298072 273979 243759 219184 216737 191489 178174 143309 150038 137115 114217 124987 121332 116122 101207 112974 92224.3 105310 93846 86908.2 95930.9 92672.4 85636 93512.4 89357.2 85482.3 80456.1 84855.1 78329.9 98847.1 87184.6 89308.4 86165.8 97079.6 85920.6 96243 93132.8 104679 97442.9 66345.1 88016.6 94078.9 115616 112818 96346.3 102198 90870.2 95493.3 87748.9 99355.2 86647.1 101262 93589.4 77937.2 89436.6
#pred cpue bio
 3.54697e+006 3.16918e+006 2.82215e+006 2.5211e+006 2.23888e+006 1.97718e+006 1.73433e+006 1.5062e+006 1.30325e+006 1.13528e+006 1.00586e+006 904984 807804 735699 677133 652194 615962 588700 583629 565897 550470 538427 540922 527407 534456 524615 524696 530877 524657 518628 518335 505458 495192 490638 496656 502328 517498 509117 513874 517696 525519 521220 529999 527450 528386 517022 515061 550389 562805 566288 542858 520450 516171 505985 509103 507644 515366 511510 524473 523803 535863 571967 2.10517e+007 1.29352e+007 1.32517e+007 1.37029e+007 1.42483e+007 1.4779e+007 1.5239e+007 1.56125e+007 1.59035e+007 1.61243e+007 1.6289e+007 1.64107e+007 1.65003e+007 1.65662e+007 1.66148e+007 1.66507e+007 1.66774e+007 1.66973e+007 1.67123e+007 1.67236e+007 1.67321e+007 1.67386e+007 1.67435e+007 1.67473e+007 1.67502e+007 1.67524e+007 1.67541e+007 1.67554e+007 1.67564e+007 1.67572e+007 1.67578e+007 1.67583e+007 1.67586e+007 1.67589e+007 1.67591e+007 1.67593e+007 1.67594e+007 1.67595e+007 1.67596e+007 1.67597e+007 1.67597e+007 1.67597e+007 1.67598e+007 1.67598e+007 1.67598e+007 1.67598e+007 1.67598e+007 1.67598e+007 1.67598e+007 1.67598e+007 1.67599e+007 1.67599e+007 1.67599e+007 1.67599e+007 1.67599e+007 1.67599e+007 1.67599e+007 1.67599e+007 1.67599e+007 1.67599e+007 1.67599e+007 1.67599e+007 1.67599e+007 1.67599e+007 1.67599e+007 1.67599e+007 1.67599e+007 1.67599e+007 1.67599e+007 1.67599e+007 1.67599e+007 1.67599e+007 1.67599e+007 1.67599e+007 1.67599e+007 1.67599e+007 1.67599e+007 1.67599e+007 1.67599e+007 1.67599e+007 1.67599e+007 1.67599e+007 1.67599e+007 1.67599e+007 1.67599e+007 1.67599e+007 1.67599e+007 1.67599e+007 1.67599e+007 1.67599e+007 1.67599e+007 1.67599e+007 1.67599e+007 1.67599e+007 1.67599e+007 1.67599e+007 1.67599e+007 1.67599e+007 1.67599e+007 1.67599e+007 0 0 0 0 0 0 0 0 0 0 0 0 0 0 0 0 0 0 0 0 0 0 0 0 0
#obs cpue bio
 3.0912e+006 3.02504e+006 1.53528e+006 1.93564e+006 2.23805e+006 2.11825e+006 1.5355e+006 1.42416e+006 1.18118e+006 889548 770291 926027 734027 526122 728450 715300 696592 858342 475677 408490 574627 479800 514763 464624 561032 688434 452710 497554 657101 587580 701242 389107 645971 498127 515574 553173 505266 557986 448170 682063 584942 572495 563775 625608 498674 500675 472559 565045 710202 591786 529080 628394 534088 338839 460694 627607 473030 597190 472146 411713 502913 509178
#pred surv len freq
 0.00519515 0.00839678 0.0125696 0.0176796 0.0236098 0.0300852 0.03663 0.0426624 0.0476966 0.051496 0.0540771 0.0556131 0.0563347 0.0564648 0.0561778 0.0555766 0.0546926 0.0534999 0.0519137 0.049762 0.0467673 0.0426066 0.0370873 0.0303658 0.0230396
 0.00578528 0.00925389 0.0136757 0.0189685 0.0250058 0.0315546 0.0382035 0.0444013 0.0496162 0.0534952 0.0559273 0.0570216 0.0570505 0.0563701 0.0553221 0.0541446 0.0529297 0.0516265 0.0500631 0.0479668 0.0449969 0.0408352 0.0353481 0.028757 0.0216805
 0.00606294 0.00976387 0.0145447 0.0203325 0.0269579 0.0340763 0.0411235 0.0474272 0.0524377 0.0558941 0.0578158 0.0583882 0.0578721 0.0565714 0.0548123 0.0528933 0.0510163 0.0492276 0.0473914 0.045206 0.0422747 0.0382408 0.0329677 0.0266887 0.0200129
 0.00627262 0.0100962 0.0150358 0.0210286 0.0279272 0.0354129 0.0429259 0.0497449 0.0552057 0.0589002 0.0607359 0.0608837 0.059689 0.0575804 0.0549814 0.0522414 0.0495949 0.0471346 0.0447837 0.0422851 0.0392537 0.0353164 0.0303084 0.0244276 0.0182339
 0.00650687 0.0104732 0.0155958 0.0218065 0.0289476 0.036685 0.0444413 0.0514841 0.0571477 0.0610187 0.0629723 0.0631111 0.0617022 0.0591335 0.0558544 0.0522957 0.0487921 0.0455273 0.0424995 0.0395138 0.0362302 0.0322932 0.0275209 0.0220591 0.0163881
 0.00672616 0.0108319 0.0161404 0.0225824 0.0299917 0.0380126 0.0460321 0.0532763 0.0590487 0.0629283 0.0648048 0.0648017 0.0631913 0.0603391 0.0566565 0.0525492 0.0483678 0.0443589 0.0406151 0.0370434 0.0333899 0.0293514 0.0247493 0.0196799 0.0145311
 0.00692698 0.0111627 0.0166469 0.0233118 0.0309858 0.0392949 0.0475925 0.0550614 0.0609638 0.0648511 0.0666068 0.06637 0.0644441 0.061227 0.0571454 0.0525967 0.047912 0.0433347 0.0389938 0.0348751 0.0308241 0.0266214 0.0221232 0.017394 0.0127339
 0.00722418 0.0116289 0.0173178 0.0242121 0.0321284 0.0406787 0.0491957 0.0568336 0.0628231 0.0666899 0.068304 0.0678071 0.0655232 0.0618836 0.0573512 0.0523474 0.0472083 0.042171 0.0373683 0.0328203 0.0284413 0.0240903 0.0196733 0.0152449 0.0110334
 0.00756239 0.0121666 0.0181041 0.0252828 0.0334983 0.0423305 0.0510685 0.0588222 0.0647939 0.0685074 0.0698529 0.0690019 0.0663066 0.0622235 0.0572379 0.0517906 0.04623 0.0407977 0.0356305 0.0307664 0.0261597 0.0217247 0.0174091 0.0132654 0.00946646
 0.00781925 0.012587 0.0187417 0.0261894 0.0347129 0.0438624 0.0528787 0.060815 0.0668268 0.0704164 0.0714827 0.0702303 0.0670591 0.0624744 0.057001 0.0511043 0.0451431 0.0393605 0.0338949 0.0287945 0.0240393 0.0195787 0.0153873 0.011514 0.0080862
 0.0080627 0.0129662 0.019283 0.0269099 0.0356229 0.0449662 0.05417 0.0622668 0.0683817 0.071983 0.0729424 0.0714546 0.0679334 0.0629194 0.0569841 0.0506368 0.0442678 0.0381372 0.0323911 0.0270857 0.0222161 0.0177523 0.013683 0.0100479 0.00693601
 0.00821041 0.0132123 0.0196639 0.0274615 0.0363712 0.0459145 0.0552881 0.0634919 0.0696334 0.0731831 0.0740258 0.072367 0.0686222 0.0633313 0.0570719 0.0503719 0.0436501 0.0371962 0.031181 0.0256804 0.0207058 0.0162409 0.0122793 0.00884723 0.00599859
 0.00840317 0.0135203 0.0201179 0.0280877 0.0371882 0.0469258 0.0564725 0.0647947 0.0709666 0.0744373 0.0750908 0.0731543 0.0690805 0.0634477 0.056861 0.049861 0.0428695 0.0361803 0.0299739 0.0243411 0.0193102 0.0148777 0.0110385 0.00780384 0.00519537
 0.00842753 0.0135781 0.0202388 0.0283114 0.0375559 0.0474667 0.0571904 0.0656628 0.0719322 0.0754304 0.0760337 0.0739683 0.0696945 0.0638086 0.0569413 0.0496605 0.0424096 0.0354956 0.0291082 0.0233475 0.0182535 0.0138327 0.010081 0.00699666 0.00457404
 0.00851618 0.0137044 0.0203974 0.0284905 0.0377462 0.0476732 0.0574378 0.0659881 0.0723659 0.0759766 0.07666 0.0746125 0.0702808 0.0642652 0.0572135 0.0497162 0.0422409 0.0351163 0.0285499 0.0226566 0.0174877 0.0130571 0.00936073 0.00638484 0.00410134
 0.00843774 0.0135819 0.0202219 0.0282564 0.0374513 0.0473211 0.0570436 0.0655867 0.0720161 0.0757564 0.0766475 0.0748574 0.0707801 0.0649568 0.0579917 0.0504618 0.0428512 0.0355245 0.0287309 0.0226238 0.0172842 0.0127442 0.0090054 0.00604648 0.00382085
 0.00855054 0.0137466 0.0204349 0.0285014 0.0377029 0.0475504 0.0572231 0.0656928 0.0720324 0.0756789 0.0764929 0.0746663 0.0706095 0.0648608 0.0579984 0.0505597 0.0429926 0.0356453 0.028775 0.0225607 0.0171156 0.0124993 0.00872827 0.0057814 0.00360019
 0.00882292 0.0141406 0.0209368 0.0290656 0.0382626 0.0480369 0.0575818 0.0658908 0.0720587 0.075543 0.0762216 0.0743004 0.0701995 0.0644601 0.0576549 0.0503047 0.0428313 0.0355546 0.0287133 0.0224857 0.0170007 0.0123417 0.0085456 0.0056007 0.0034454
 0.00877697 0.0140933 0.0209142 0.0291033 0.0383892 0.048252 0.0578435 0.0661244 0.0721882 0.075526 0.0760672 0.0740601 0.0699401 0.0642391 0.0575075 0.0502432 0.0428498 0.0356326 0.0288195 0.0225845 0.0170632 0.012354 0.00851221 0.00553915 0.00337682
 0.00872633 0.0140288 0.0208515 0.0290717 0.0384289 0.0484041 0.0581361 0.0665567 0.0727175 0.0760672 0.0765124 0.0743149 0.06996 0.0640437 0.0571664 0.0498446 0.0424693 0.0353162 0.0285812 0.0224145 0.0169395 0.012255 0.00842466 0.00545985 0.00330895
 0.00873078 0.0140249 0.0208262 0.0290098 0.0383208 0.0482585 0.0579869 0.0664592 0.0727299 0.0762247 0.0768068 0.0746903 0.0703299 0.0643224 0.0573009 0.0498304 0.042344 0.0351367 0.0283986 0.0222592 0.0168198 0.0121654 0.00835546 0.00540418 0.00326431
 0.00867923 0.0139521 0.0207363 0.0289111 0.0382213 0.0481595 0.0578819 0.0663409 0.0726029 0.0761148 0.0767564 0.0747396 0.0704926 0.064573 0.0575821 0.0500779 0.0425129 0.0352158 0.0284057 0.022225 0.0167716 0.012119 0.00831643 0.00537266 0.00323933
 0.0085661 0.0137639 0.0204467 0.0284969 0.0376723 0.0474909 0.0571434 0.0656127 0.0719766 0.0756689 0.0765401 0.0747706 0.0707621 0.0650491 0.0582099 0.0507828 0.0432132 0.0358414 0.0289144 0.0226062 0.0170384 0.0122955 0.00842687 0.00543731 0.00327383
 0.00860444 0.0138245 0.0205331 0.0286075 0.0377957 0.0476029 0.0572073 0.0655886 0.0718377 0.0754172 0.0762115 0.0744244 0.070462 0.0648455 0.0581295 0.0508249 0.0433526 0.0360363 0.0291194 0.0227856 0.0171739 0.0123853 0.00847958 0.0054646 0.00328592
 0.0084593 0.0135949 0.0202005 0.0281613 0.0372386 0.046956 0.0565144 0.0649118 0.071245 0.0749657 0.0759365 0.0743398 0.0705665 0.0651275 0.0585675 0.0513858 0.0439913 0.0366992 0.0297523 0.0233425 0.0176256 0.0127229 0.0087119 0.00561171 0.00337146
 0.0085206 0.0136819 0.0203073 0.0282728 0.037332 0.0470057 0.0564969 0.0648114 0.0710579 0.0747033 0.0756251 0.0740151 0.0702672 0.064889 0.0584175 0.0513413 0.0440545 0.0368558 0.0299726 0.0235886 0.0178609 0.0129206 0.00885992 0.00571098 0.0034313
 0.00842831 0.0135463 0.0201295 0.0280621 0.0371018 0.0467671 0.0562557 0.0645687 0.0708158 0.0744701 0.0754167 0.0738532 0.0701731 0.0648782 0.058497 0.0515089 0.0443 0.0371613 0.0303134 0.0239345 0.0181815 0.0131914 0.00906777 0.00585555 0.00352219
 0.00824871 0.0132679 0.019737 0.0275529 0.0364896 0.0460842 0.055554 0.0639154 0.0702791 0.074102 0.0752416 0.0738675 0.0703548 0.0651974 0.0589225 0.0520106 0.0448489 0.0377291 0.0308715 0.0244552 0.0186395 0.0135683 0.00935502 0.00605668 0.00365063
 0.00827513 0.0132933 0.0197428 0.027511 0.0363695 0.0458651 0.0552356 0.0635212 0.0698517 0.0736921 0.0748962 0.0736212 0.0702251 0.0651853 0.0590175 0.0521958 0.0451051 0.0380359 0.0312066 0.0247946 0.0189587 0.013846 0.00957717 0.00621897 0.00375825
 0.00812431 0.0130852 0.0194967 0.0272644 0.0361628 0.0457205 0.0551422 0.0634407 0.0697401 0.073526 0.0746864 0.073407 0.0700561 0.065102 0.0590396 0.0523219 0.0453187 0.0383123 0.0315189 0.0251157 0.0192638 0.0141141 0.00979419 0.00637982 0.00386667
 0.00803215 0.0129182 0.0192167 0.0268331 0.0355601 0.0449678 0.0543158 0.0626584 0.0691213 0.0731463 0.0745561 0.0734846 0.0702828 0.0654303 0.0594427 0.0527855 0.0458287 0.0388481 0.0320539 0.0256215 0.0197148 0.0144917 0.010089 0.0065928 0.00400789
 0.00864978 0.0137928 0.0202912 0.0279681 0.0365669 0.0456663 0.0545884 0.0624758 0.0685411 0.0722908 0.0735783 0.0725283 0.069448 0.0647618 0.0589417 0.0524337 0.0456061 0.0387381 0.032039 0.0256796 0.0198192 0.0146149 0.0102078 0.00669177 0.00408061
 0.00922586 0.014701 0.0215976 0.0296942 0.0386615 0.0479759 0.0568455 0.0643361 0.0696775 0.0725075 0.0728797 0.0711047 0.067593 0.0627719 0.057045 0.0507651 0.0442205 0.0376388 0.0312039 0.0250755 0.0194077 0.0143546 0.0100574 0.00661395 0.0040456
 0.00919751 0.0147318 0.0217863 0.0301805 0.0395903 0.0494366 0.0588118 0.0666366 0.0720138 0.0745166 0.0742238 0.0715633 0.0671261 0.0615242 0.055288 0.0488046 0.0423139 0.0359541 0.0298195 0.0240044 0.0186241 0.0138136 0.00970716 0.006403 0.00392834
 0.00891924 0.0143149 0.0212309 0.0295261 0.0389253 0.0489011 0.0585854 0.0668985 0.0728749 0.0759487 0.0760302 0.0734181 0.0686734 0.0624925 0.0555684 0.0484626 0.0415386 0.0349762 0.0288391 0.0231521 0.0179579 0.0133374 0.0093935 0.00621265 0.00382229
 0.00875617 0.0140519 0.0208404 0.0289881 0.0382377 0.0480947 0.0577396 0.0661459 0.0723847 0.0758857 0.0764979 0.0744063 0.0700359 0.0639756 0.056887 0.0493939 0.0419886 0.0349887 0.028551 0.0227263 0.0175276 0.0129809 0.00913744 0.0060493 0.00372879
 0.0086533 0.0138745 0.0205546 0.0285562 0.0376267 0.0472918 0.0567682 0.0650772 0.0713366 0.07501 0.0759554 0.0743306 0.0704903 0.0649175 0.0581619 0.0507719 0.043235 0.0359376 0.0291454 0.0230095 0.017599 0.0129449 0.00907027 0.00599079 0.00369081
 0.00884504 0.0141661 0.0209538 0.0290513 0.0381828 0.0478486 0.0572424 0.0653731 0.071371 0.0747436 0.0754173 0.0736221 0.0697615 0.0643231 0.05781 0.0506865 0.0433513 0.0361363 0.029308 0.023066 0.0175431 0.012816 0.00892124 0.00586144 0.00359841
 0.00877879 0.0140815 0.0208692 0.0289972 0.0381928 0.0479441 0.0574193 0.0655978 0.0715869 0.0748869 0.075436 0.0734947 0.0695094 0.0640107 0.0575268 0.0505142 0.0433309 0.0362507 0.0294944 0.0232482 0.0176668 0.0128656 0.00891324 0.00582518 0.00355866
 0.00876044 0.0140446 0.0208022 0.0288893 0.0380418 0.047766 0.0572516 0.0654909 0.0715823 0.0749944 0.0756234 0.073699 0.0696642 0.0640749 0.057501 0.050438 0.0432606 0.0362311 0.0295379 0.0233343 0.0177589 0.0129333 0.00894533 0.00582808 0.00354646
 0.00873917 0.0140078 0.020742 0.0287962 0.0379051 0.0475772 0.0570105 0.0652119 0.0712992 0.0747564 0.0754818 0.0736862 0.0697774 0.0642758 0.057734 0.0506558 0.0434424 0.0363822 0.0296745 0.0234665 0.0178832 0.0130376 0.00901976 0.0058715 0.00356591
 0.00878589 0.014088 0.0208698 0.0289849 0.0381613 0.0478924 0.0573548 0.0655352 0.0715436 0.0748754 0.0754566 0.0735326 0.0695379 0.0640017 0.0574662 0.0504152 0.0432331 0.0362026 0.0295255 0.0233515 0.017803 0.0129874 0.0089899 0.00585285 0.00355272
 0.00871885 0.0139804 0.0207117 0.0287709 0.0378956 0.0475939 0.0570587 0.0652877 0.071387 0.0748315 0.0755193 0.0736727 0.0697191 0.064195 0.0576567 0.0505983 0.0434073 0.0363643 0.0296696 0.0234743 0.0179033 0.0130659 0.00904809 0.00589263 0.00357707
 0.00882815 0.0141411 0.0209212 0.0290148 0.0381492 0.0478283 0.0572462 0.0654073 0.0714291 0.0748003 0.0754307 0.0735471 0.069573 0.0640377 0.0574926 0.0504324 0.0432478 0.0362209 0.02955 0.0233815 0.0178363 0.0130208 0.00901981 0.00587601 0.00356773
 0.00885102 0.0141855 0.0210006 0.0291437 0.0383374 0.0480716 0.0575209 0.0656723 0.0716377 0.0749171 0.0754424 0.0734647 0.0694235 0.0638525 0.0572974 0.0502436 0.0430738 0.0360662 0.0294178 0.0232743 0.0177546 0.0129628 0.00898155 0.00585259 0.00355439
 0.00890857 0.0142869 0.0211678 0.0294018 0.0387089 0.0485659 0.0581233 0.0663376 0.0722936 0.0754764 0.0758229 0.0736094 0.0693164 0.0635216 0.0568044 0.0496639 0.0424772 0.0355054 0.0289256 0.0228668 0.0174354 0.0127266 0.0088174 0.00574604 0.00349019
 0.00886744 0.014224 0.0210818 0.0292974 0.0385994 0.0484756 0.0580869 0.0663934 0.0724698 0.0757756 0.0762133 0.0740288 0.0696889 0.0637811 0.0569136 0.0496223 0.0423157 0.0352715 0.0286675 0.0226219 0.0172269 0.0125643 0.00870085 0.00566884 0.00344311
 0.00850919 0.0136625 0.0202773 0.0282314 0.0372835 0.046963 0.0564835 0.0648581 0.0711932 0.0749391 0.0759441 0.0743661 0.070573 0.0650682 0.0584133 0.0511452 0.0437134 0.0364566 0.029611 0.0233361 0.0177453 0.012926 0.00894281 0.00582273 0.00353523
 0.00849527 0.0136224 0.020184 0.0280473 0.0369676 0.0464835 0.0558322 0.0640602 0.0703097 0.0740628 0.0751883 0.0738456 0.070378 0.0652377 0.0589197 0.0518989 0.0445892 0.0373294 0.030386 0.0239631 0.0182144 0.0132543 0.0091592 0.00595731 0.00361396
 0.00851729 0.0136628 0.0202515 0.028148 0.0370975 0.0466192 0.0559268 0.0640508 0.070138 0.073701 0.0746572 0.0732169 0.0697586 0.0647418 0.0586375 0.0518716 0.0447981 0.0377062 0.030839 0.0244069 0.0185913 0.0135398 0.00935541 0.00608103 0.00368596
 0.00866715 0.01391 0.0206294 0.0286879 0.0378188 0.0475149 0.0569475 0.0650981 0.071074 0.0743753 0.0749433 0.073048 0.0691511 0.0637966 0.0575149 0.0507471 0.0438162 0.0369492 0.0303208 0.0240902 0.0184163 0.0134493 0.00930864 0.00605507 0.00367033
 0.00884947 0.014187 0.0210113 0.0291741 0.0384023 0.0481876 0.0576996 0.0659097 0.0719033 0.0751502 0.075564 0.073406 0.069159 0.0634203 0.0567921 0.0497835 0.0427572 0.0359386 0.0294638 0.0234352 0.0179593 0.0131542 0.0091293 0.00595092 0.00361204
 0.00884748 0.0141889 0.0210233 0.029205 0.0384608 0.0482797 0.0578279 0.0660766 0.0721153 0.0754172 0.0758908 0.0737755 0.0695224 0.0637023 0.0569167 0.0497061 0.0424867 0.0355352 0.0290147 0.0230213 0.017631 0.0129255 0.00898738 0.00587122 0.00357086
 0.00887566 0.0142387 0.0211057 0.0293325 0.0386448 0.0485252 0.0581289 0.0664136 0.0724586 0.0757346 0.0761563 0.0739753 0.0696523 0.0637596 0.0568914 0.0495812 0.04225 0.0351949 0.0286064 0.0225998 0.0172509 0.012623 0.00877305 0.00573505 0.00349268
 0.0088417 0.0141764 0.021 0.0291678 0.0384123 0.0482331 0.0578088 0.0661183 0.0722478 0.0756557 0.0762297 0.0741905 0.0699749 0.064142 0.0572827 0.0499332 0.0425223 0.0353617 0.0286634 0.0225659 0.0171614 0.0125164 0.00867834 0.00566592 0.0034497
 0.00898176 0.0143776 0.0212527 0.0294441 0.0386711 0.0484302 0.0579082 0.0661008 0.0721172 0.0754408 0.0759789 0.0739587 0.0698059 0.0640563 0.0572741 0.0499756 0.0425804 0.035402 0.0286631 0.0225186 0.0170771 0.0124156 0.00858239 0.00558936 0.00339726
 0.0090751 0.0145175 0.0214403 0.02967 0.0389145 0.04866 0.0580857 0.0661864 0.0720819 0.0752786 0.0757139 0.0736411 0.0694975 0.0638117 0.0571259 0.0499274 0.0426104 0.0354739 0.0287393 0.0225718 0.0170961 0.0124039 0.00855272 0.00555554 0.0033688
 0.00922503 0.0147594 0.0217996 0.0301659 0.0395517 0.0494178 0.0589088 0.066985 0.0727472 0.0757095 0.0758438 0.0734551 0.0690355 0.0631567 0.0563816 0.0491918 0.0419545 0.0349322 0.0283143 0.0222461 0.0168471 0.0122131 0.00840863 0.00545123 0.00329842
 0.00921636 0.0147433 0.021773 0.0301279 0.0395083 0.0493859 0.0589166 0.0670646 0.0729192 0.0759675 0.0761489 0.073745 0.0692463 0.0632457 0.0563411 0.049048 0.0417541 0.0347229 0.0281296 0.0221003 0.0167385 0.0121334 0.00834936 0.00540727 0.0032671
 0.00947543 0.0151283 0.0222846 0.0307415 0.0401793 0.0500601 0.0595399 0.0675889 0.0733083 0.076202 0.0762258 0.0736722 0.0690344 0.0629046 0.0558838 0.0484986 0.0411516 0.0341169 0.0275687 0.0216205 0.0163569 0.0118489 0.00814964 0.00527483 0.00318443
 0.00958493 0.0153043 0.0225445 0.0310965 0.0406282 0.0505815 0.0600878 0.0680987 0.0737137 0.0764564 0.076316 0.0736157 0.0688647 0.0626543 0.055575 0.0481436 0.0407603 0.0337052 0.0271611 0.021245 0.0160372 0.0115978 0.00796724 0.00515217 0.00310798
 0.00909403 0.014598 0.0216525 0.0301071 0.0396663 0.0497714 0.0595209 0.0678202 0.0737262 0.0767291 0.0767954 0.074237 0.0695624 0.0633708 0.0562624 0.0487632 0.0412826 0.0341127 0.0274514 0.0214312 0.0161427 0.0116494 0.00798781 0.00515767 0.00310759
#obs surv len freq
 0.00496642 0.00813568 0.0123763 0.0177024 0.0239882 0.0308687 0.0377184 0.0438134 0.0486024 0.051882 0.0537682 0.0545438 0.0545275 0.0540172 0.0532757 0.0525198 0.051897 0.0514433 0.0510204 0.0502586 0.0485752 0.0453393 0.0401737 0.0332467 0.0253395
 0.00517855 0.0084809 0.0128966 0.0184376 0.0249686 0.032104 0.0391855 0.0454521 0.0503225 0.0535796 0.0553408 0.0558976 0.0555791 0.0546926 0.0535123 0.0522714 0.0511434 0.0501996 0.0493445 0.0482532 0.0463842 0.0431346 0.038131 0.0315119 0.0239977
 0.00540059 0.00884669 0.013456 0.0192397 0.0260521 0.0334813 0.0408276 0.047284 0.052235 0.0554518 0.0570596 0.0573678 0.0567233 0.0554468 0.0538217 0.0520888 0.0504339 0.0489525 0.0475894 0.0460764 0.0439342 0.0406109 0.0357515 0.0294662 0.0224023
 0.00563009 0.00922187 0.0140248 0.020049 0.0271398 0.034863 0.0424825 0.0491474 0.0542055 0.0574085 0.0588809 0.0589446 0.0579658 0.0562855 0.0542034 0.0519711 0.0497826 0.0477481 0.0458441 0.0438568 0.0413785 0.0379255 0.0331779 0.0272251 0.0206377
 0.00586671 0.00961043 0.0146168 0.0208947 0.0282786 0.036308 0.044205 0.0510722 0.0562225 0.0593943 0.0607177 0.0605305 0.0592165 0.0571331 0.054594 0.0518623 0.049141 0.0465532 0.0441015 0.0416211 0.0387762 0.0351586 0.0304956 0.0248654 0.0187639
 0.00611733 0.0100186 0.0152326 0.0217655 0.0294405 0.0377721 0.0459425 0.0530086 0.058247 0.0613801 0.0625429 0.062091 0.0604302 0.0579388 0.0549465 0.0517267 0.048489 0.0453656 0.0423809 0.0394147 0.0361992 0.0324029 0.0278056 0.0224822 0.0168588
 0.0063635 0.0104256 0.0158575 0.0226646 0.0306574 0.0393187 0.0477807 0.0550456 0.0603509 0.063408 0.0643656 0.0636057 0.0615628 0.0586396 0.0551841 0.051481 0.0477458 0.0441163 0.0406329 0.0372127 0.0336497 0.0296851 0.0251519 0.0201256 0.0149687
 0.00662583 0.0108506 0.0164945 0.0235594 0.0318442 0.0408074 0.049542 0.0570038 0.062391 0.0653942 0.0661633 0.065099 0.062664 0.0592929 0.0553614 0.0511732 0.0469535 0.042846 0.0389032 0.0350719 0.0311986 0.0270885 0.0226235 0.0178812 0.0131668
 0.00681986 0.0111786 0.0170111 0.0243224 0.0329012 0.0421757 0.0511899 0.0588466 0.0643066 0.0672503 0.0678396 0.0664968 0.0637072 0.0599264 0.0555501 0.0509007 0.0462185 0.0416597 0.037292 0.0330892 0.0289416 0.0247086 0.0203127 0.0158326 0.011522
 0.00706478 0.0115702 0.0175888 0.0251199 0.0339425 0.0434669 0.0527087 0.0605339 0.066069 0.0689719 0.0693997 0.0677874 0.0646455 0.0604595 0.0556527 0.0505673 0.0454568 0.0404873 0.0357404 0.0312143 0.0268376 0.0225142 0.0181994 0.0139696 0.0100318
 0.00724858 0.0118791 0.0180715 0.0258259 0.0349092 0.044701 0.0541698 0.0621348 0.0676938 0.0705046 0.0707447 0.0688738 0.065422 0.0608886 0.0557097 0.0502412 0.0447502 0.0394162 0.0343362 0.0295315 0.0249633 0.0205728 0.0163407 0.0123389 0.00873191
 0.00742676 0.0121684 0.0185069 0.0264408 0.0357303 0.0457393 0.0554088 0.0635226 0.0691456 0.0719147 0.0720044 0.06989 0.0661292 0.0612524 0.0557203 0.0499046 0.0440803 0.0384334 0.0330716 0.0280352 0.0233137 0.0188786 0.0147303 0.0109342 0.00761751
 0.00750547 0.0122999 0.0187116 0.026741 0.0361472 0.0462876 0.0560909 0.0643254 0.0700408 0.0728614 0.0729507 0.0707739 0.0668825 0.061809 0.0560268 0.0499265 0.0438043 0.0378646 0.0322329 0.0269696 0.0220894 0.0175896 0.0134862 0.00983909 0.00674376
 0.00762737 0.0124897 0.0189818 0.0270981 0.0365915 0.0468128 0.0566832 0.0649631 0.0706969 0.0735075 0.073561 0.0713246 0.0673487 0.0621616 0.0562318 0.0499494 0.0436166 0.0374512 0.031598 0.0261411 0.0211213 0.0165599 0.0124869 0.00895683 0.00603901
 0.00764288 0.0125179 0.0190297 0.0271742 0.0367043 0.0469682 0.056883 0.0652051 0.0709772 0.0738232 0.0739097 0.0717016 0.0677418 0.0625475 0.056576 0.0502089 0.0437465 0.0374136 0.0313712 0.0257283 0.0205547 0.0158992 0.0118084 0.00833593 0.00553131
 0.00773771 0.0126579 0.0192145 0.0273947 0.0369459 0.0472161 0.0571258 0.0654353 0.0711895 0.0740141 0.0740777 0.0718483 0.0678718 0.0626647 0.0566786 0.0502845 0.0437711 0.0373564 0.031204 0.0254373 0.0201496 0.0154159 0.0113018 0.00786496 0.00514178
 0.00776564 0.0127053 0.0192886 0.0275019 0.0370881 0.0473871 0.057309 0.0656076 0.07133 0.0741133 0.0741411 0.0718922 0.0679142 0.0627179 0.0567449 0.0503559 0.0438302 0.0373784 0.031162 0.0253105 0.0199336 0.0151274 0.0109769 0.00754783 0.00487043
 0.00780134 0.0127545 0.0193469 0.0275608 0.0371387 0.0474252 0.0573382 0.0656366 0.0713674 0.0741614 0.0741954 0.0719458 0.067964 0.0627664 0.0567974 0.0504151 0.0438911 0.0374269 0.0311778 0.0252741 0.0198338 0.0149689 0.0107803 0.0073437 0.0046881
 0.0078504 0.0128297 0.0194509 0.0276916 0.0372886 0.0475803 0.0574796 0.0657446 0.071428 0.0741719 0.0741656 0.0718926 0.0679035 0.0627096 0.0567502 0.0503796 0.0438662 0.037407 0.0311523 0.025229 0.019758 0.0148598 0.0106467 0.00720346 0.00456074
 0.0078642 0.012852 0.0194843 0.0277381 0.0373491 0.0476533 0.0575603 0.0658245 0.0714958 0.0742171 0.0741817 0.0718802 0.0678703 0.0626676 0.0567108 0.0503502 0.0438487 0.0373982 0.0311446 0.0252125 0.0197235 0.0148029 0.0105709 0.00711888 0.00448036
 0.00789088 0.0128891 0.0195285 0.0277829 0.0373868 0.0476789 0.0575735 0.0658297 0.071499 0.0742226 0.0741896 0.0718869 0.0678714 0.0626607 0.0566973 0.0503346 0.0438358 0.0373901 0.0311394 0.0252049 0.019707 0.0147731 0.0105282 0.00706862 0.00443057
 0.00789125 0.0128903 0.0195313 0.0277874 0.0373922 0.047682 0.0575693 0.0658134 0.071469 0.0741832 0.0741504 0.0718587 0.0678616 0.0626703 0.0567217 0.0503673 0.0438711 0.0374245 0.0311703 0.0252292 0.0197212 0.0147745 0.0105167 0.00704758 0.0044056
 0.00790047 0.0128998 0.0195357 0.027779 0.0373633 0.0476293 0.0574963 0.0657296 0.0713868 0.074113 0.0740987 0.0718287 0.0678549 0.0626874 0.0567615 0.0504252 0.0439402 0.0374967 0.0312384 0.0252875 0.0197658 0.0148035 0.0105303 0.00704878 0.00439898
 0.00789276 0.0128871 0.019516 0.0277498 0.0373214 0.047571 0.057419 0.0656337 0.0712778 0.0740021 0.0740012 0.0717596 0.0678244 0.0626987 0.0568108 0.0505047 0.0440395 0.0376049 0.031345 0.0253838 0.0198453 0.0148629 0.0105696 0.0070707 0.00440827
 0.00789429 0.0128849 0.019504 0.0277199 0.0372657 0.0474858 0.0573069 0.0655042 0.0711441 0.0738775 0.0738967 0.0716837 0.0677839 0.0626982 0.0568514 0.0505825 0.0441461 0.0377287 0.0314732 0.0255047 0.0199499 0.0149457 0.0106291 0.00710898 0.0044299
 0.00788977 0.0128761 0.019488 0.0276925 0.0372218 0.0474204 0.0572171 0.0653905 0.0710125 0.0737395 0.0737677 0.0715798 0.0677175 0.0626763 0.0568753 0.0506485 0.0442466 0.0378529 0.0316086 0.0256383 0.0200703 0.015045 0.0107038 0.00716003 0.00446123
 0.00783129 0.0127858 0.019361 0.027528 0.0370234 0.0471962 0.0569804 0.0651588 0.0708051 0.0735736 0.073656 0.0715293 0.0677303 0.0627503 0.0570044 0.0508229 0.0444536 0.0380779 0.0318362 0.0258535 0.0202606 0.0152015 0.0108228 0.00724312 0.00451413
 0.00783575 0.0127833 0.0193395 0.0274709 0.0369149 0.0470288 0.0567609 0.064909 0.070555 0.0733528 0.0734861 0.071422 0.0676889 0.0627724 0.0570842 0.0509523 0.044622 0.0382726 0.0320424 0.0260561 0.0204455 0.0153579 0.010945 0.00733054 0.00457118
 0.00780701 0.0127418 0.0192864 0.0274086 0.0368448 0.0469475 0.0566595 0.064777 0.0703883 0.0731598 0.0732891 0.0712504 0.0675699 0.0627225 0.0571071 0.0510412 0.0447638 0.0384511 0.0322407 0.026257 0.0206334 0.0155203 0.0110742 0.00742484 0.00463387
 0.0077851 0.0127006 0.0192146 0.027294 0.036679 0.0467323 0.0564107 0.064522 0.070156 0.0729708 0.0731513 0.0711635 0.0675323 0.0627361 0.0571759 0.051166 0.0449393 0.0386648 0.0324752 0.0264935 0.0208541 0.0157111 0.0112266 0.00753659 0.00470873
 0.0077332 0.0126212 0.0191041 0.0271515 0.0365049 0.0465279 0.056179 0.0642703 0.0698995 0.0727326 0.0729582 0.0710379 0.0674859 0.0627688 0.0572788 0.0513276 0.0451472 0.0389062 0.0327351 0.0267545 0.0210984 0.0159235 0.0113972 0.00766261 0.00479374
 0.00933176 0.0148541 0.0217892 0.0298945 0.0388154 0.0480026 0.0566462 0.063815 0.0687747 0.0712319 0.0713249 0.0694349 0.0660077 0.0614638 0.0561672 0.050411 0.0444161 0.0383441 0.0323218 0.0264673 0.0209124 0.0158134 0.0113391 0.00763639 0.00478458
 0.00932247 0.0151361 0.0227367 0.0319703 0.0423682 0.0529938 0.0624776 0.0694274 0.0730246 0.0733441 0.071148 0.0673796 0.0627651 0.0577116 0.0524027 0.0469262 0.0413481 0.0357385 0.0301773 0.024759 0.0196021 0.0148523 0.0106706 0.00719934 0.0045183
 0.00897841 0.014596 0.0219817 0.0310531 0.0414666 0.0524463 0.0627419 0.0709154 0.0758544 0.077156 0.0751506 0.0706504 0.0646355 0.0579983 0.0513743 0.0450843 0.039192 0.0336305 0.0283199 0.0232336 0.0184176 0.01398 0.0100635 0.00680274 0.00427706
 0.00880239 0.0142997 0.0215179 0.0303752 0.040547 0.0513094 0.0615064 0.0698217 0.0752439 0.0773757 0.0763965 0.0728218 0.067304 0.0605471 0.0532482 0.0460009 0.0391973 0.0329961 0.0273788 0.0222561 0.0175647 0.0133164 0.00959127 0.00649249 0.00408875
 0.00872461 0.0141648 0.0212984 0.0300383 0.0400594 0.0506479 0.0606722 0.0688581 0.0742519 0.0765223 0.0759008 0.0728988 0.0680715 0.0619359 0.0549827 0.047688 0.0404845 0.033705 0.0275386 0.0220364 0.0171699 0.0129061 0.00925314 0.00625281 0.00393785
 0.00870847 0.0141338 0.0212421 0.029942 0.0399046 0.0504143 0.0603417 0.0684196 0.0737092 0.0759061 0.0752802 0.0723877 0.0678127 0.0620556 0.0555269 0.0485751 0.0415154 0.0346391 0.0281936 0.0223522 0.0172029 0.0127725 0.00906522 0.00608323 0.00381564
 0.00869796 0.0141181 0.0212206 0.0299138 0.0398672 0.0503614 0.0602621 0.0682975 0.0735277 0.0756526 0.0749558 0.072017 0.0674515 0.0617882 0.0554446 0.0487376 0.0419128 0.0351809 0.0287418 0.0227811 0.0174499 0.0128493 0.00903057 0.00600328 0.00373678
 0.00867013 0.0140782 0.0211705 0.0298586 0.0398137 0.0503158 0.0602266 0.0682692 0.0734976 0.0756063 0.0748771 0.0718935 0.0672839 0.0615987 0.0552786 0.0486531 0.0419564 0.0353613 0.0290186 0.0230795 0.0176959 0.0130014 0.00908996 0.00599972 0.00370586
 0.00868946 0.0141022 0.0211931 0.0298706 0.0398057 0.0502836 0.0601745 0.0682087 0.0734419 0.0755632 0.0748441 0.0718593 0.0672338 0.0615237 0.0551833 0.0485596 0.0418979 0.035368 0.0290996 0.0232154 0.0178469 0.0131274 0.0091688 0.00603214 0.00370733
 0.00867329 0.0140811 0.0211706 0.0298519 0.0397952 0.050281 0.0601734 0.068199 0.0734156 0.07552 0.0747922 0.0718098 0.0671941 0.0614934 0.0551574 0.0485346 0.041879 0.0353679 0.0291311 0.0232814 0.0179355 0.0132175 0.00924081 0.00607687 0.00372729
 0.00865343 0.0140523 0.021134 0.0298114 0.0397571 0.0502527 0.0601614 0.0682065 0.0734403 0.0755536 0.0748228 0.0718274 0.0671943 0.0614784 0.055133 0.048507 0.0418537 0.035351 0.0291295 0.0232996 0.0179721 0.0132641 0.00928578 0.00611111 0.00374771
 0.00864654 0.0140387 0.0211093 0.0297708 0.0396974 0.0501753 0.0600743 0.0681238 0.0733777 0.0755231 0.0748278 0.0718619 0.0672459 0.0615335 0.0551813 0.0485442 0.041881 0.0353727 0.0291512 0.023326 0.018005 0.0133012 0.00932195 0.00614097 0.00376832
 0.00864164 0.0140299 0.0210943 0.0297467 0.039661 0.0501237 0.0600067 0.0680427 0.0732902 0.0754408 0.0747644 0.0718292 0.067249 0.0615694 0.0552399 0.0486128 0.0419485 0.0354332 0.0292036 0.0233721 0.018047 0.01334 0.0093562 0.0061687 0.00378823
 0.00864019 0.0140308 0.0211016 0.0297653 0.0396949 0.0501728 0.0600645 0.0680969 0.0733267 0.0754485 0.0747399 0.0717779 0.0671836 0.0615043 0.0551868 0.0485771 0.0419294 0.0354263 0.029204 0.0233769 0.018055 0.0133504 0.00936806 0.00618023 0.0037978
 0.0086444 0.0140346 0.0211019 0.0297584 0.039678 0.0501471 0.060036 0.0680748 0.0733188 0.0754566 0.0747585 0.0717969 0.067194 0.0615026 0.055176 0.048564 0.0419205 0.0354249 0.0292101 0.0233882 0.0180688 0.0133648 0.00938154 0.00619183 0.00380684
 0.0086444 0.0140346 0.0211019 0.0297584 0.039678 0.0501471 0.060036 0.0680748 0.0733188 0.0754566 0.0747585 0.0717969 0.067194 0.0615026 0.055176 0.048564 0.0419205 0.0354249 0.0292101 0.0233882 0.0180688 0.0133648 0.00938154 0.00619183 0.00380684
 0.00841455 0.0136752 0.020589 0.0290829 0.0388517 0.049209 0.0590581 0.0671581 0.0725757 0.0749834 0.0746105 0.0719772 0.0676576 0.0621725 0.0559634 0.049387 0.0427153 0.0361489 0.0298391 0.0239114 0.0184852 0.0136802 0.00960765 0.00634399 0.0039022
 0.00848972 0.0137688 0.0206769 0.0291239 0.038798 0.0490226 0.0587262 0.0666997 0.0720378 0.0744312 0.0741156 0.0716052 0.0674558 0.06216 0.0561278 0.049689 0.0431013 0.0365647 0.0302401 0.0242676 0.0187805 0.01391 0.00977523 0.0064581 0.00397428
 0.00855884 0.0138907 0.0208754 0.0294205 0.0391978 0.0494982 0.0592083 0.0670873 0.0722305 0.0743675 0.0737977 0.0710967 0.0668573 0.0615768 0.0556432 0.0493501 0.0429162 0.0365111 0.0302789 0.0243571 0.0188862 0.0140089 0.00985554 0.00651653 0.00401282
 0.00871935 0.014154 0.0212753 0.029988 0.039952 0.0504321 0.0602729 0.0681856 0.0732267 0.075114 0.0741703 0.0710294 0.066362 0.0607418 0.0546078 0.048265 0.0419076 0.0356588 0.0296134 0.0238708 0.0185502 0.0137878 0.00971646 0.00643313 0.00396548
 0.0087567 0.0142299 0.0214177 0.0302331 0.0403365 0.0509799 0.0609819 0.0690205 0.0741201 0.0759741 0.0748925 0.0715104 0.0665216 0.0605447 0.054079 0.0474881 0.041003 0.0347505 0.0287993 0.0232069 0.018051 0.0134384 0.00948748 0.0062923 0.00388434
 0.00871179 0.0141573 0.021311 0.0300914 0.0401706 0.0508186 0.0608746 0.0690285 0.0742975 0.0763438 0.07543 0.0721437 0.0671464 0.0610508 0.0543789 0.0475403 0.0408225 0.0344005 0.0283681 0.0227788 0.017685 0.0131609 0.00929786 0.00617424 0.00381695
 0.0087741 0.0142508 0.0214369 0.0302441 0.0403381 0.0509846 0.061022 0.0691454 0.0743848 0.0764192 0.0755229 0.0722803 0.0673316 0.0612577 0.0545539 0.0476225 0.0407682 0.0342021 0.028057 0.0224127 0.0173259 0.0128553 0.00906778 0.0060192 0.00372276
 0.00872614 0.0141792 0.0213409 0.0301277 0.040209 0.0508524 0.0608973 0.0690391 0.0743078 0.0763829 0.0755397 0.0723629 0.0674891 0.0614883 0.0548364 0.0479154 0.0410188 0.0343647 0.0281099 0.0223651 0.0172118 0.0127169 0.00893997 0.00592093 0.00365764
 0.00875435 0.0142145 0.021375 0.0301467 0.0401986 0.0508043 0.0608141 0.0689347 0.0742014 0.0762924 0.0754772 0.0723357 0.0675022 0.0615455 0.0549382 0.0480532 0.0411717 0.0345019 0.0282018 0.0223951 0.0171829 0.012649 0.0088588 0.00584764 0.00360306
 0.00876655 0.0142327 0.0213988 0.0301735 0.0402222 0.0508151 0.0608003 0.0688859 0.0741145 0.0761758 0.0753506 0.072224 0.0674273 0.0615208 0.0549669 0.0481295 0.0412818 0.0346257 0.0283154 0.0224779 0.0172242 0.0126512 0.00883472 0.00581334 0.00357112
 0.00885586 0.014378 0.0216168 0.0304768 0.0406138 0.0512802 0.0613 0.0693595 0.0744919 0.0763972 0.0753841 0.0720731 0.0671277 0.061128 0.054541 0.0477215 0.0409253 0.0343347 0.0280876 0.0223007 0.0170826 0.0125344 0.00873796 0.00573646 0.00351473
 0.00880078 0.0142963 0.0215091 0.0303513 0.0404865 0.051174 0.061242 0.069374 0.0745912 0.0765729 0.0756052 0.0722945 0.0673055 0.0612348 0.0545728 0.0476944 0.040866 0.0342684 0.0280302 0.0222571 0.0170497 0.0125066 0.00871175 0.0057117 0.00349333
 0.00879343 0.0142769 0.0214666 0.0302724 0.0403607 0.0510014 0.0610393 0.0691744 0.0744363 0.0764993 0.0756322 0.0724171 0.067496 0.0614516 0.0547741 0.0478515 0.0409689 0.034324 0.0280539 0.022264 0.0170493 0.0125028 0.00870554 0.00570364 0.00348471
 0.00886894 0.0143936 0.0216301 0.0304811 0.0406035 0.0512556 0.0612712 0.0693456 0.0745158 0.0764768 0.0755233 0.072257 0.0673245 0.061297 0.0546464 0.0477445 0.0408698 0.0342234 0.0279504 0.0221632 0.0169591 0.0124287 0.00864914 0.00566341 0.0034577
 0.00870731 0.0141481 0.0212937 0.030061 0.0401215 0.0507472 0.0607826 0.0689283 0.0742165 0.0763254 0.0755267 0.0724018 0.0675855 0.0616455 0.0550523 0.0481763 0.041295 0.0346122 0.0282811 0.0224256 0.0171542 0.0125651 0.00873894 0.0057188 0.00348936
#pred catch len freq
 0.00394136 0.00631471 0.0093671 0.0130907 0.0174905 0.0225463 0.0281409 0.0340326 0.0398986 0.0454039 0.0502559 0.0542443 0.0572683 0.0593351 0.0605239 0.0609373 0.0606665 0.0597691 0.0582373 0.0559494 0.0526433 0.047987 0.0417817 0.0342135 0.0259604
 0.0044422 0.00704677 0.0103221 0.0142235 0.0187519 0.0239243 0.0296758 0.0357833 0.0418708 0.0474863 0.0522108 0.0557695 0.0581007 0.059344 0.0597498 0.0595644 0.0589477 0.057935 0.0564266 0.0541909 0.0508962 0.0462153 0.0400159 0.0325584 0.0245477
 0.00470754 0.00751278 0.011083 0.0153769 0.0203641 0.0259853 0.0320736 0.0383264 0.0443575 0.0497724 0.0542211 0.0574455 0.0593378 0.0599814 0.0596312 0.0586246 0.0572612 0.0556936 0.0538648 0.0515098 0.048231 0.0436553 0.0376462 0.0304799 0.0228571
 0.0049375 0.00787464 0.0116124 0.0161174 0.0213804 0.0273694 0.0339242 0.0406969 0.0471905 0.0528649 0.0572581 0.0600919 0.061333 0.0611763 0.0599634 0.0580799 0.0558667 0.0535399 0.0511193 0.0483963 0.044988 0.0405019 0.034769 0.0280265 0.0209215
 0.00518611 0.00826809 0.0121852 0.0168969 0.0223865 0.0286157 0.0354206 0.0424533 0.0492175 0.0551569 0.0597557 0.0626436 0.0636909 0.063046 0.0610824 0.0582807 0.0550969 0.0518518 0.048653 0.0453646 0.0416564 0.0371563 0.0316757 0.0253931 0.0188662
 0.00543187 0.00866104 0.0127654 0.0177002 0.0234418 0.0299383 0.0370027 0.0442564 0.0511752 0.0571884 0.0617815 0.0645895 0.0654747 0.0645526 0.0621523 0.05873 0.0547656 0.0506574 0.0466252 0.0426515 0.0385054 0.0338744 0.0285735 0.0227245 0.0167804
 0.00567436 0.0090494 0.0133404 0.0184995 0.0244978 0.031272 0.0386123 0.0461062 0.0531895 0.059257 0.0637748 0.0663815 0.0669629 0.0656645 0.062831 0.0589108 0.0543656 0.0495945 0.044863 0.0402467 0.0356301 0.0307975 0.0256037 0.0201341 0.014741
 0.00599555 0.00954834 0.0140496 0.0194383 0.0256751 0.0326888 0.0402575 0.0479467 0.0551606 0.0612598 0.0656832 0.0680591 0.0682857 0.0665411 0.0632107 0.0587727 0.0536991 0.0483858 0.0431063 0.0379787 0.0329676 0.0279486 0.0228339 0.0176975 0.0128096
