SBPRF35
8.0283
Curr Bio
495463
B35
568507
F35
0.210193
FOFL
0.177293
OFL
68017
Bzero
2.2938e+006
#pred survey bio
 3.61605e+006 3.45112e+006 3.38258e+006 3.15341e+006 2.89176e+006 2.63028e+006 2.34329e+006 2.17108e+006 2.07462e+006 1.94227e+006 1.739e+006 1.51298e+006 1.29708e+006 1.12173e+006 984126 875366 766253 723889 697401 700110 674843 594662 552126 539024 538682 543962 542147 520785 495227 498444 506291 520566 537429 557726 579595 568097 579892 602826 552470 530868 530052 552166 579308 604309 622064 551966 545612 567658 556024 582412 596491 578960 559775 605187 610344 606167 610519 548868 502206 1.71616e+007 1.04019e+007 1.0861e+007 1.17887e+007 1.29265e+007 1.40572e+007 1.5057e+007 1.5878e+007 1.65198e+007 1.70051e+007 1.73641e+007 1.76259e+007 1.78153e+007 1.79518e+007 1.80502e+007 1.81213e+007 1.81729e+007 1.82105e+007 1.82381e+007 1.82586e+007 1.82737e+007 1.82851e+007 1.82936e+007 1.83001e+007 1.8305e+007 1.83087e+007 1.83116e+007 1.83137e+007 1.83154e+007 1.83167e+007 1.83177e+007 1.83185e+007 1.83191e+007 1.83195e+007 1.83199e+007 1.83201e+007 1.83204e+007 1.83205e+007 1.83206e+007 1.83207e+007 1.83208e+007 1.83209e+007 1.83209e+007 1.8321e+007 1.8321e+007 1.8321e+007 1.8321e+007 1.8321e+007 1.83211e+007 1.83211e+007 1.83211e+007 1.83211e+007 1.83211e+007 1.83211e+007 1.83211e+007 1.83211e+007 1.83211e+007 1.83211e+007 1.83211e+007 1.83211e+007 1.83211e+007 1.83211e+007 1.83211e+007 1.83211e+007 1.83211e+007 1.83211e+007 1.83211e+007 1.83211e+007 1.83211e+007 1.83211e+007 1.83211e+007 1.83211e+007 1.83211e+007 1.83211e+007 1.83211e+007 1.83211e+007 1.83211e+007 1.83211e+007 1.83211e+007 1.83211e+007 1.83211e+007 1.83211e+007 1.83211e+007 1.83211e+007 1.83211e+007 1.83211e+007 1.83211e+007 1.83211e+007 1.83211e+007 1.83211e+007 1.83211e+007 1.83211e+007 1.83211e+007 1.83211e+007 1.83211e+007 1.83211e+007 1.83211e+007 1.83211e+007 1.83211e+007 1.83211e+007 0 0 0 0 0 0 0 0 0 0 0 0 0 0 0 0 0 0 0 0 0 0 0 0 0
#obs survey bio
 3.86588e+006 2.76493e+006 3.74556e+006 2.98391e+006 2.37551e+006 3.1064e+006 1.93087e+006 2.07433e+006 1.77519e+006 2.1759e+006 1.48269e+006 1.33481e+006 1.14544e+006 1.14411e+006 850089 913660 654533 959279 756878 802318 829692 600964 419946 684781 502862 616548 660701 404544 466620 540128 471244 406768 476845 522900 737043 568368 620192 633390 525109 438182 424827 694015 602413 605471 697963 431325 420798 778596 559532 442600 551418 579727 577576 654060 501187 729294 557341 534037 621757
#pred catch bio
 103020 97220.7 148939 209954 226061 277374 280114 290566 320505 282581 279011 280476 262385 240919 228725 221656 179083 166171 149054 143370 133456 115594 120517 112995 116382 110805 111677 103783 98015 99952.6 106214 98258.3 90888.6 92689.5 94217.9 93469 89473.5 85725.2 81752 85772.6 81462 80109.5 96817.8 86726.3 86423.4 88384.9 88013.4 91206.9 82939.9 89902.9 95897 116439 61687.9 93616.2 113460 84646.7 122174 101153 57568.9 68017 79726.8 81834.8 87917.8 96163.6 104427 111631 117408 121786 124969 127214 128761 129808 130506 130967 131269 131465 131591 131672 131724 131758 131779 131792 131801 131806 131810 131812 131813 131814 131815 131815 131815 131815 131816 131816 131816 131816 131816 131816 131816 131816 131816 131816 131816 131816 131816 131816 131816 131816 131816 131816 131816 131816 131816 131816 131816 131816 131816 131816 131816 131816 131816 131816 131816 131816 131816 131816 131816 131816 131816 131816 131816 131816 131816 131816 131816 131816 131816 131816 131816 131816 131816 131816 131816 131816 131816 131816 131816 131816 131816 131816 131816 131816 131816 131816 131816 131816 131816 131816 131816 0 0 0 0 0 0 0 0 0 0 0 0 0 0 0 0 0 0 0 0 0 0 0 0 0
#obs catch bio
 0 96893.9 148944 210372 225798 277548 280148 291149 321952 281786 278717 280521 262459 240820 229004 221556 179321 166136 149646 143449 133044 115314 121025 112880 116825 110741 111669 103522 98157.5 99856.1 106725 98237.3 90743.9 92878.7 93979.9 93650.2 89738.8 85474.7 81700 85891.1 81517.7 79930.5 97215 86730.2 86122.4 88547.6 88248.1 91082.8 82974.2 89943.4 95603.6 117387 61217.7 93673.2 114101 84170.9 122576 101504 57336.3
#pred cpue bio
 3.57669e+006 3.41371e+006 3.34449e+006 3.11614e+006 2.85562e+006 2.59512e+006 2.30936e+006 2.13672e+006 2.03881e+006 1.90566e+006 1.70355e+006 1.47933e+006 1.26544e+006 1.09187e+006 955780 848258 740801 698749 672495 674866 650421 572978 531740 518832 518589 523664 522059 501578 476943 480047 487725 501563 518028 537830 559229 548231 558261 578490 529519 508714 507986 529358 555618 579501 596849 529890 523462 544634 533658 559050 572604 555643 536331 580728 586185 581589 585990 526297 481120 1.646e+007 9.96304e+006 1.02853e+007 1.11149e+007 1.22304e+007 1.33575e+007 1.43568e+007 1.51777e+007 1.58195e+007 1.63049e+007 1.66638e+007 1.69256e+007 1.7115e+007 1.72515e+007 1.73499e+007 1.7421e+007 1.74726e+007 1.75102e+007 1.75379e+007 1.75583e+007 1.75735e+007 1.75848e+007 1.75934e+007 1.75998e+007 1.76047e+007 1.76084e+007 1.76113e+007 1.76135e+007 1.76151e+007 1.76164e+007 1.76174e+007 1.76182e+007 1.76188e+007 1.76192e+007 1.76196e+007 1.76199e+007 1.76201e+007 1.76202e+007 1.76204e+007 1.76205e+007 1.76205e+007 1.76206e+007 1.76207e+007 1.76207e+007 1.76207e+007 1.76207e+007 1.76208e+007 1.76208e+007 1.76208e+007 1.76208e+007 1.76208e+007 1.76208e+007 1.76208e+007 1.76208e+007 1.76208e+007 1.76208e+007 1.76208e+007 1.76208e+007 1.76208e+007 1.76208e+007 1.76208e+007 1.76208e+007 1.76208e+007 1.76208e+007 1.76208e+007 1.76208e+007 1.76208e+007 1.76208e+007 1.76208e+007 1.76208e+007 1.76208e+007 1.76208e+007 1.76208e+007 1.76208e+007 1.76208e+007 1.76208e+007 1.76208e+007 1.76208e+007 1.76208e+007 1.76208e+007 1.76208e+007 1.76208e+007 1.76208e+007 1.76208e+007 1.76208e+007 1.76208e+007 1.76208e+007 1.76208e+007 1.76208e+007 1.76208e+007 1.76208e+007 1.76208e+007 1.76208e+007 1.76208e+007 1.76208e+007 1.76208e+007 1.76208e+007 1.76208e+007 1.76208e+007 1.76208e+007 0 0 0 0 0 0 0 0 0 0 0 0 0 0 0 0 0 0 0 0 0 0 0 0 0
#obs cpue bio
 3.46254e+006 3.42178e+006 4.11681e+006 2.88281e+006 3.55292e+006 2.44313e+006 2.46535e+006 1.72541e+006 2.22108e+006 2.56146e+006 1.87688e+006 1.63662e+006 1.39249e+006 1.0934e+006 1.00474e+006 964718 692273 604382 438001 715455 704981 523009 522734 493393 433985 548875 446455 748656 384974 520722 383982 792717 618182 447163 649079 394958 429999 924144 463770 583572 596011 483454 425450 575154 817448 482765 559208 603294 384657 796688 770532 418112 572747 601835 553272 581723 652014 487070 409939
#pred surv len freq
 0.00421424 0.006953 0.010671 0.0154152 0.0211017 0.0274211 0.0338241 0.0396748 0.0444964 0.0481232 0.0506628 0.0523462 0.0534012 0.0540014 0.0542678 0.0542915 0.0541574 0.0539431 0.0536614 0.0531436 0.05194 0.0493727 0.0448233 0.0381495 0.0299433
 0.00453779 0.00738551 0.0111519 0.0158372 0.0213493 0.0274266 0.0336052 0.0393253 0.0441339 0.0478281 0.0504502 0.0521851 0.0532604 0.0538887 0.0542371 0.0544148 0.0544779 0.0544335 0.0542096 0.0535809 0.0521049 0.0491822 0.0443122 0.0374522 0.0292294
 0.00457624 0.00751958 0.0114781 0.0164691 0.0223641 0.0287959 0.0351559 0.0407757 0.045202 0.048351 0.050436 0.0517712 0.0526223 0.0531683 0.0535258 0.0537739 0.0539535 0.054045 0.0539244 0.0533063 0.0517204 0.0486005 0.0435316 0.0365633 0.02837
 0.00471783 0.00772363 0.0117432 0.0167936 0.0227673 0.0293359 0.0359224 0.0418415 0.0465513 0.0498335 0.051795 0.052743 0.0530475 0.0530438 0.052975 0.0529719 0.0530602 0.0531685 0.0531082 0.0525323 0.0509301 0.0477373 0.0425868 0.0355943 0.0274759
 0.00490716 0.00804022 0.0122333 0.0174991 0.0237104 0.0305014 0.0372511 0.0432473 0.0479553 0.0511867 0.0530621 0.0538593 0.053893 0.0534711 0.0528787 0.0523463 0.0520029 0.0518326 0.0516388 0.0510247 0.0494262 0.0462545 0.0411549 0.0342748 0.0263483
 0.00507755 0.00832323 0.0126712 0.0181372 0.0245897 0.0316455 0.0386489 0.0448417 0.0496463 0.0528515 0.0545837 0.0551468 0.0548808 0.0540995 0.0530797 0.0520553 0.0511949 0.0505513 0.0499929 0.0491539 0.0474647 0.0443159 0.0393384 0.0326726 0.0250367
 0.00535397 0.00876594 0.0133252 0.0190408 0.0257683 0.0331023 0.040354 0.0467269 0.0516108 0.0547765 0.0563475 0.0566371 0.0560043 0.0547868 0.053282 0.0517375 0.0503348 0.0491539 0.0481116 0.0469004 0.0449993 0.041823 0.037 0.030642 0.0234152
 0.00557569 0.00914103 0.0139163 0.0199138 0.026977 0.0346647 0.0422312 0.0488194 0.0537793 0.0568746 0.0582476 0.0582389 0.0572299 0.0555733 0.0535771 0.0514989 0.0495329 0.0477808 0.046197 0.0445307 0.0423273 0.0390572 0.0343697 0.0283506 0.0215951
 0.0057675 0.00945919 0.0144081 0.0206305 0.0279673 0.0359624 0.0438383 0.0506938 0.0558325 0.0589813 0.060264 0.060024 0.0586643 0.0565678 0.0540707 0.0514496 0.0489111 0.0465717 0.0444162 0.0422468 0.0396804 0.0362571 0.0316648 0.0259717 0.019699
 0.00604706 0.00990528 0.0150641 0.021532 0.0291371 0.0374025 0.045521 0.052558 0.0577912 0.0609345 0.0621098 0.0616629 0.0600005 0.0575132 0.0545505 0.0514064 0.048305 0.0453824 0.0426524 0.0399668 0.0370135 0.0334086 0.0288888 0.023514 0.0177323
 0.00631487 0.0103296 0.0156822 0.0223707 0.030209 0.0386989 0.0470056 0.0541666 0.0594421 0.062546 0.0636123 0.0630001 0.0611207 0.0583603 0.0550596 0.0515069 0.0479298 0.0444803 0.0412051 0.0380093 0.0346542 0.0308342 0.0263402 0.0212312 0.0158903
 0.0065242 0.0106892 0.0162576 0.0232317 0.0314097 0.0402496 0.0488487 0.0561752 0.0614491 0.0643892 0.0651712 0.0642092 0.0619607 0.058837 0.0551813 0.0512672 0.0473023 0.0434271 0.0396984 0.0360626 0.0323498 0.0283345 0.0238667 0.019012 0.0140956
 0.00674741 0.0110603 0.0168323 0.0240692 0.0325629 0.0417477 0.0506752 0.0582534 0.0636433 0.0665233 0.0670602 0.0656948 0.0629413 0.0592791 0.0551087 0.0507319 0.0463536 0.0420941 0.0379953 0.0340149 0.0300286 0.025877 0.0214657 0.016871 0.0123686
 0.00695628 0.011407 0.0173674 0.0248446 0.0336224 0.0431107 0.0523211 0.0601147 0.0656133 0.0684729 0.068853 0.0671985 0.064039 0.0598849 0.0551813 0.0502787 0.0454184 0.0407366 0.0362763 0.0319986 0.0278019 0.023568 0.0192413 0.014904 0.0107892
 0.00711784 0.0116799 0.0177973 0.0254809 0.0345084 0.0442683 0.0537342 0.0617233 0.0673222 0.0701694 0.0704244 0.0685427 0.0650678 0.060526 0.0553819 0.0500114 0.0446861 0.0395722 0.034738 0.0301664 0.0257795 0.0214873 0.0172553 0.0131616 0.00939783
 0.007245 0.0119007 0.0181559 0.0260277 0.0352895 0.0453083 0.0550196 0.0631956 0.0688862 0.0717123 0.0718355 0.0697266 0.0659514 0.061059 0.0555334 0.049766 0.0440428 0.0385478 0.0333723 0.0285277 0.0239671 0.0196287 0.0154929 0.011627 0.00818083
 0.00751794 0.0123264 0.0187633 0.0268329 0.0362953 0.0465025 0.0563697 0.064644 0.0703511 0.0730962 0.0730395 0.0706646 0.0665615 0.0613084 0.0554158 0.0492934 0.0432373 0.0374378 0.0319968 0.0269445 0.0222609 0.0179105 0.0138871 0.0102457 0.00709695
 0.00758844 0.0124474 0.0189569 0.027123 0.0367016 0.0470325 0.057013 0.0653735 0.0711325 0.0738982 0.0738349 0.0714232 0.0672403 0.0618504 0.0557594 0.0493863 0.0430468 0.0369557 0.0312403 0.0259569 0.0211133 0.0166989 0.0127199 0.00922244 0.00628435
 0.00767716 0.012577 0.0191257 0.0273224 0.0369218 0.0472702 0.0572754 0.0656753 0.0714873 0.0743097 0.0742938 0.0719093 0.0677261 0.0623018 0.0561338 0.0496339 0.0431179 0.0368116 0.0308651 0.0253655 0.0203538 0.0158479 0.0118694 0.00845914 0.00566921
 0.00768731 0.0125898 0.0191377 0.0273274 0.0369114 0.0472368 0.0572163 0.0655985 0.0714155 0.0742798 0.0743485 0.0720824 0.0680281 0.0627124 0.0566055 0.0501012 0.0435095 0.0370629 0.0309298 0.0252267 0.0200302 0.0153919 0.0113553 0.00796366 0.00525157
 0.00773641 0.0126567 0.0192144 0.0273982 0.036957 0.0472407 0.0571706 0.0655061 0.0712892 0.0741408 0.0742254 0.0720088 0.0680369 0.0628259 0.0568245 0.0503995 0.0438365 0.0373547 0.0311249 0.0252825 0.0199352 0.0151689 0.0110541 0.00764485 0.00496732
 0.00790031 0.0128986 0.0195323 0.0277718 0.0373513 0.0476123 0.0574749 0.0657036 0.0713533 0.0740652 0.0740281 0.0717292 0.067727 0.0625388 0.0566031 0.0502668 0.0437896 0.0373646 0.0311458 0.0252669 0.0198508 0.01501 0.0108415 0.00741557 0.00475852
 0.00781665 0.0128033 0.0194626 0.0277835 0.0374987 0.0479191 0.0579127 0.0661945 0.0717968 0.0743758 0.0741615 0.0716883 0.0675502 0.0622828 0.0563266 0.0500188 0.0436001 0.0372405 0.031071 0.0252107 0.0197815 0.0149085 0.0107084 0.00726791 0.00461935
 0.00777433 0.0127419 0.0193862 0.0277068 0.0374503 0.047942 0.0580567 0.0664977 0.0722607 0.0749469 0.0747378 0.0721519 0.0678116 0.0623112 0.0561526 0.0497124 0.0432409 0.0368926 0.0307704 0.0249651 0.0195798 0.0147341 0.0105507 0.00712605 0.00449937
 0.00777444 0.0127237 0.0193257 0.0275732 0.0372179 0.0476075 0.0576545 0.0661008 0.0719638 0.0748359 0.0748574 0.0724857 0.0682845 0.0628153 0.0565863 0.0500138 0.0433999 0.0369386 0.0307482 0.024913 0.019519 0.0146715 0.0104867 0.00706225 0.00444038
 0.00776097 0.012714 0.0193321 0.02761 0.0372921 0.0477076 0.0577458 0.0661362 0.071908 0.0746902 0.0746676 0.0723244 0.0682164 0.0628662 0.0567322 0.0501968 0.0435579 0.0370321 0.03077 0.0248798 0.0194558 0.0145986 0.0104162 0.00699991 0.00438897
 0.00771264 0.0126307 0.0191992 0.0274151 0.0370319 0.0473965 0.0574192 0.0658421 0.0716885 0.0745643 0.0746286 0.0723544 0.068305 0.063017 0.0569524 0.0504792 0.0438733 0.0373378 0.031027 0.0250674 0.0195739 0.0146609 0.0104405 0.007002 0.0043804
 0.00780273 0.0127564 0.0193494 0.0275647 0.0371473 0.047445 0.0573793 0.0657106 0.0714826 0.0743178 0.0743822 0.0721434 0.0681509 0.0629271 0.0569264 0.0505137 0.0439606 0.0374615 0.0311627 0.0251896 0.019665 0.0147159 0.0104648 0.00700605 0.00437432
 0.00783594 0.0128154 0.019446 0.0277096 0.0373426 0.0476757 0.0576088 0.0658868 0.0715549 0.0742586 0.0741992 0.0718766 0.0678561 0.0626565 0.0567152 0.0503772 0.0438975 0.0374596 0.031203 0.0252501 0.0197256 0.0147628 0.010493 0.00701783 0.00437551
 0.00775179 0.0126947 0.0192949 0.0275455 0.0371914 0.0475653 0.0575614 0.0659117 0.0716438 0.0743844 0.0743234 0.0719631 0.0678863 0.0626361 0.0566693 0.050337 0.043887 0.0374887 0.0312674 0.0253358 0.0198152 0.0148414 0.0105522 0.007056 0.00439639
 0.00768341 0.0125841 0.0191307 0.0273205 0.036908 0.0472417 0.0572347 0.0656336 0.0714658 0.0743392 0.0744115 0.0721532 0.0681278 0.0628788 0.0568795 0.0505043 0.0440207 0.037606 0.0313818 0.0254515 0.0199273 0.014941 0.0106315 0.00711209 0.00443145
 0.00774758 0.0126712 0.0192297 0.0274098 0.03696 0.0472324 0.0571523 0.0654837 0.0712712 0.0741354 0.0742376 0.0720404 0.0680893 0.0629056 0.0569467 0.0505833 0.0440912 0.0376616 0.0314273 0.0254945 0.0199721 0.0149862 0.0106725 0.00714466 0.00445388
 0.00784185 0.0127965 0.0193661 0.0275203 0.0369993 0.0471619 0.0569539 0.0651667 0.0708705 0.0737044 0.0738383 0.0717309 0.0679116 0.0628756 0.0570511 0.050786 0.0443461 0.0379264 0.0316728 0.0257065 0.0201468 0.015125 0.010778 0.00722003 0.00450361
 0.00774972 0.0126678 0.0192101 0.0273551 0.0368421 0.0470156 0.056801 0.0649753 0.0706146 0.0733837 0.0734867 0.0714086 0.0676836 0.0627908 0.0571284 0.0510121 0.0446818 0.03832 0.0320733 0.0260745 0.0204589 0.015372 0.0109613 0.00734731 0.00458566
 0.00778294 0.012693 0.0191966 0.027261 0.0366311 0.0466788 0.0563707 0.0645178 0.070201 0.0730595 0.0732596 0.0712613 0.0675994 0.0627706 0.0571891 0.0511713 0.0449418 0.0386609 0.032458 0.0264597 0.0208075 0.0156605 0.0111809 0.00750147 0.00468527
 0.00862175 0.0138825 0.0206628 0.0288214 0.0380409 0.0477099 0.0568802 0.0644747 0.0696731 0.0721788 0.0721828 0.0701335 0.0665284 0.0618193 0.0563858 0.0505267 0.0444594 0.0383365 0.0322752 0.0263889 0.0208112 0.0157027 0.011234 0.007549 0.00472056
 0.00921813 0.0148739 0.0221827 0.0309741 0.0408386 0.0509962 0.0602881 0.0674784 0.0717443 0.0729756 0.0716618 0.0685277 0.0642222 0.0592056 0.0537732 0.0481122 0.0423464 0.0365657 0.03085 0.025289 0.0200001 0.0151329 0.0108542 0.0073098 0.00457913
 0.00907616 0.0147414 0.0221679 0.0312461 0.041591 0.0523817 0.0623448 0.0700799 0.0745926 0.0756476 0.0737084 0.0696009 0.064182 0.058153 0.0519914 0.0459547 0.0401309 0.0345171 0.0290934 0.0238716 0.0189173 0.0143497 0.0103195 0.00696702 0.00437404
 0.00896495 0.0145457 0.0218531 0.0307903 0.0410157 0.0517854 0.0619175 0.0700666 0.0752041 0.0769524 0.0755667 0.0716822 0.066067 0.0594728 0.0525441 0.0457475 0.0393415 0.0334032 0.0279011 0.0227786 0.0180192 0.013674 0.00984947 0.00666392 0.0041931
 0.00877566 0.0142715 0.0215011 0.0303841 0.0405846 0.0513521 0.0614978 0.069689 0.0749372 0.0769139 0.0758897 0.0724447 0.0672217 0.0608283 0.0538202 0.0466804 0.0397809 0.0333524 0.027487 0.0221807 0.0174004 0.0131409 0.00944724 0.00639203 0.00402666
 0.00879703 0.01428 0.0214673 0.0302692 0.0403561 0.0510048 0.0610665 0.0692414 0.0745501 0.0766502 0.0757934 0.0725511 0.0675602 0.0614017 0.0545716 0.0474823 0.0404683 0.0337875 0.0276148 0.0220419 0.0170982 0.0127899 0.00913228 0.00615407 0.00386995
 0.00878896 0.014266 0.021443 0.0302263 0.0402795 0.0508721 0.0608531 0.0689326 0.0741566 0.0762176 0.0753964 0.0722732 0.0674699 0.0615357 0.0549258 0.0480072 0.0410722 0.0343547 0.0280416 0.0222733 0.0171428 0.012705 0.00899073 0.00601405 0.00376201
 0.00871492 0.0141521 0.0212839 0.0300219 0.0400352 0.050598 0.0605626 0.0686401 0.0738741 0.0759543 0.0751632 0.0720902 0.0673697 0.0615575 0.0550999 0.0483387 0.0415295 0.0348721 0.0285355 0.022669 0.0173998 0.0128262 0.00901217 0.00598282 0.00371655
 0.0087166 0.0141649 0.0213209 0.0301 0.0401683 0.0507879 0.0607915 0.068871 0.0740598 0.0760508 0.0751419 0.0719455 0.0671224 0.0612522 0.054797 0.0480986 0.0413941 0.0348498 0.0285995 0.0227701 0.0174885 0.0128721 0.00901147 0.00595086 0.00367429
 0.00859481 0.01397 0.0210352 0.0297138 0.0396873 0.0502418 0.0602381 0.068388 0.0737234 0.0759087 0.0751971 0.0721593 0.067433 0.0615992 0.0551398 0.0484228 0.0417055 0.03516 0.0289108 0.0230688 0.0177503 0.0130748 0.00914625 0.00602527 0.00370611
 0.00877155 0.0142052 0.0212927 0.0299274 0.039779 0.0501514 0.0599489 0.0679352 0.0731828 0.0753735 0.074753 0.0718642 0.0673062 0.0616228 0.0552716 0.0486156 0.041923 0.0353825 0.0291302 0.0232791 0.0179412 0.0132335 0.00926336 0.00609997 0.00374609
 0.00863193 0.0140583 0.0212152 0.0300281 0.040155 0.0508267 0.0608326 0.0688365 0.0738822 0.075713 0.0746923 0.0714767 0.0667292 0.0609973 0.0547006 0.0481508 0.0415744 0.0351372 0.0289684 0.0231817 0.0178911 0.0132141 0.00925975 0.00610099 0.00374606
 0.00854252 0.0138951 0.0209427 0.0296185 0.0396141 0.0502221 0.0603001 0.0685421 0.0739463 0.0761388 0.075352 0.0721713 0.0672833 0.061327 0.0548222 0.0481401 0.0415146 0.0350856 0.0289493 0.0231958 0.0179277 0.0132599 0.00930358 0.00613587 0.00376956
 0.00870678 0.0141203 0.0212028 0.0298592 0.0397638 0.0502139 0.0600982 0.0681632 0.0734671 0.0756816 0.0750431 0.0720861 0.0674106 0.0615782 0.0550816 0.0483231 0.0415961 0.0350897 0.0289189 0.0231656 0.017914 0.0132634 0.00931738 0.00615211 0.00378309
 0.00861961 0.0140129 0.0211022 0.0298057 0.0397921 0.050327 0.0602521 0.0682759 0.0734554 0.0755063 0.0747356 0.0717401 0.0671398 0.0614637 0.0551383 0.0485027 0.0418217 0.0352964 0.029076 0.0232739 0.0179886 0.0133189 0.00936115 0.00618614 0.00380755
 0.00863187 0.0140178 0.021084 0.0297462 0.0396825 0.0501813 0.0601106 0.0681905 0.0734594 0.0755885 0.0748417 0.071804 0.0671253 0.0613861 0.0550505 0.0484586 0.0418453 0.0353752 0.0291779 0.0233697 0.0180639 0.0133727 0.00939864 0.00621233 0.00382553
 0.00872366 0.0141616 0.0212887 0.0300125 0.0399984 0.0505188 0.0604271 0.0684389 0.0736055 0.0756241 0.0747829 0.0716752 0.0669424 0.0611549 0.0547793 0.0481699 0.041573 0.0351498 0.0290127 0.0232595 0.0179936 0.0133279 0.00936984 0.00619441 0.00381533
 0.00883643 0.0143755 0.021665 0.0306207 0.0408916 0.051698 0.0618119 0.0698682 0.0748746 0.076544 0.0752325 0.0716252 0.0664473 0.0603235 0.0537396 0.0470425 0.0404582 0.0341236 0.0281258 0.0225366 0.0174363 0.0129207 0.00908807 0.00601069 0.00370342
 0.008444 0.0137372 0.0207108 0.0293042 0.0392222 0.0497789 0.0598608 0.0681877 0.0737666 0.0762037 0.0756807 0.072716 0.0679363 0.061954 0.0553068 0.0484211 0.041597 0.0350247 0.0288196 0.0230622 0.0178292 0.0132085 0.0092916 0.00614729 0.00378904
 0.00859999 0.0139479 0.020946 0.0295026 0.0392999 0.0496504 0.059466 0.0675197 0.0728917 0.0752626 0.0748588 0.0721842 0.0677895 0.0621794 0.0558007 0.0490388 0.0422079 0.0355449 0.0292176 0.0233442 0.0180195 0.0133337 0.0093731 0.00619947 0.0038213
 0.00869237 0.0141403 0.0213088 0.0301148 0.0402137 0.0508422 0.0608024 0.0687698 0.0737941 0.0756191 0.0746072 0.071416 0.0667083 0.0610232 0.0547635 0.0482234 0.0416233 0.0351404 0.0289271 0.0231177 0.0178326 0.0131808 0.00925517 0.00611608 0.00376783
 0.00847099 0.0137873 0.0207958 0.0294345 0.0393976 0.0499779 0.0600341 0.0682644 0.0736757 0.0759044 0.0751878 0.0721067 0.0673336 0.0614892 0.0550755 0.0484504 0.0418407 0.0353881 0.0292004 0.0233856 0.0180632 0.0133566 0.00937588 0.00619179 0.00381173
 0.00871546 0.0141684 0.0213363 0.0301374 0.0402384 0.0508984 0.0609434 0.0690565 0.0742613 0.0762403 0.0752804 0.0719865 0.0670246 0.0609994 0.0544165 0.047663 0.0410008 0.0345854 0.028507 0.0228363 0.0176564 0.0130698 0.009181 0.0060644 0.00373262
 0.00889091 0.0144347 0.0217017 0.0305974 0.0407775 0.0514924 0.06156 0.0696529 0.0747854 0.0766385 0.0755113 0.0720327 0.066894 0.060716 0.0540068 0.0471519 0.0404179 0.0339726 0.0279161 0.0223157 0.0172366 0.0127579 0.00896566 0.00592519 0.00364822
#obs surv len freq
 nan nan nan nan nan nan nan nan nan nan nan nan nan nan nan nan nan nan nan nan nan nan nan nan nan
 0.00448282 0.00734349 0.0111731 0.0159896 0.0216911 0.0279679 0.0342834 0.0400157 0.0446958 0.0481597 0.0505172 0.0520124 0.052904 0.0534157 0.0537295 0.053984 0.0542622 0.0545548 0.0546934 0.0542853 0.0527233 0.0493555 0.0438053 0.0362855 0.0276693
 0.00461877 0.00756469 0.011506 0.0164581 0.0223108 0.0287372 0.0351747 0.040973 0.0456415 0.0490095 0.051196 0.0524653 0.0531021 0.0533573 0.0534355 0.0534908 0.0536128 0.0537915 0.0538551 0.0534087 0.0518471 0.0485225 0.04306 0.0356655 0.0271954
 0.00477827 0.00782803 0.0119097 0.0170384 0.0230959 0.0297352 0.0363614 0.0422866 0.0469907 0.0502894 0.0523045 0.0533151 0.0536288 0.0535242 0.0532364 0.0529482 0.0527716 0.0527106 0.0526005 0.0520505 0.0504605 0.0471882 0.041858 0.0346621 0.0264271
 0.00496948 0.00813988 0.0123812 0.0177071 0.0239916 0.0308695 0.0377156 0.0438057 0.0485881 0.0518594 0.0537368 0.0545056 0.0544875 0.0539822 0.0532519 0.0525106 0.0519022 0.0514602 0.0510453 0.0502879 0.0486061 0.0453693 0.0402008 0.0332693 0.0253568
 0.00518066 0.00848673 0.0129097 0.0184623 0.0250087 0.0321602 0.0392542 0.0455249 0.0503888 0.0536294 0.0553671 0.0558976 0.0555539 0.0546475 0.053455 0.052211 0.0510874 0.0501527 0.0493077 0.0482252 0.0463627 0.0431177 0.0381174 0.0315014 0.0239899
 0.00542239 0.0088795 0.0135007 0.0192957 0.0261185 0.0335574 0.0409133 0.0473782 0.052334 0.0555479 0.0571417 0.0574241 0.0567447 0.0554301 0.0537696 0.0520096 0.0503383 0.0488512 0.0474906 0.045985 0.0438523 0.0405395 0.0356914 0.0294181 0.0223663
 0.00566515 0.00927924 0.0141116 0.020171 0.0272996 0.0350573 0.0426995 0.0493687 0.0544101 0.0575788 0.0590058 0.0590192 0.0579884 0.0562562 0.0541238 0.0518463 0.0496214 0.0475624 0.0456466 0.0436591 0.0411904 0.0377547 0.0330307 0.027106 0.0205483
 0.0058991 0.00966322 0.0146966 0.0210077 0.0284296 0.0364986 0.0444309 0.0513216 0.0564769 0.0596314 0.0609156 0.060672 0.0592913 0.0571386 0.054533 0.0517415 0.0489695 0.0463422 0.0438642 0.0413724 0.0385308 0.0349306 0.0302966 0.0247036 0.0186425
 0.00613421 0.0100493 0.0152849 0.0218485 0.0295628 0.0379385 0.0461509 0.0532491 0.0585033 0.0616332 0.0627731 0.0622801 0.0605624 0.0580029 0.0549371 0.0516447 0.0483411 0.0451628 0.0421376 0.0391475 0.0359265 0.0321433 0.0275757 0.0222936 0.0167168
 0.00637155 0.0104361 0.0158688 0.022675 0.0306666 0.0393306 0.0478045 0.0550942 0.0604358 0.0635339 0.0645273 0.0637883 0.0617452 0.0587991 0.0553004 0.0515393 0.0477388 0.0440449 0.0405056 0.0370439 0.033458 0.0294904 0.0249725 0.0199751 0.0148541
 0.00662231 0.0108476 0.016495 0.0235673 0.0318626 0.0408368 0.0495794 0.0570447 0.0624329 0.0654399 0.0662204 0.0651755 0.0627623 0.0594061 0.0554739 0.051265 0.0470061 0.0428471 0.0388497 0.03497 0.0310625 0.026937 0.0224759 0.017753 0.0130669
 0.00685716 0.0112341 0.0170851 0.0244122 0.0330021 0.0422829 0.051299 0.058953 0.0644045 0.0673324 0.0678997 0.0665329 0.0637229 0.059929 0.0555458 0.0508898 0.0461947 0.0416125 0.0372126 0.0329751 0.0287992 0.0245517 0.0201588 0.0156974 0.0114157
 0.00706853 0.0115812 0.0176141 0.0251683 0.034021 0.0435765 0.0528412 0.0606734 0.0661969 0.0690738 0.069469 0.0678247 0.0646555 0.0604483 0.0556266 0.0505311 0.0454121 0.0404319 0.0356692 0.0311231 0.0267267 0.0223907 0.0180755 0.0138583 0.00994242
 0.0072662 0.0119071 0.0181127 0.0258832 0.0349858 0.0448 0.054293 0.06228 0.0678523 0.070661 0.0708793 0.0689686 0.0654662 0.0608817 0.0556596 0.0501599 0.0446496 0.0393044 0.0342172 0.0294062 0.024833 0.0204415 0.0162161 0.0122299 0.00864537
 0.00746015 0.012223 0.0185893 0.0265566 0.0358823 0.0459248 0.055618 0.0637392 0.0693503 0.0720899 0.0721371 0.0699718 0.0661549 0.0612204 0.055634 0.0497726 0.0439159 0.0382508 0.032883 0.0278493 0.0231363 0.0187149 0.0145858 0.0108143 0.0075256
 0.00753603 0.0123526 0.0187964 0.0268686 0.0363259 0.046519 0.0563656 0.064622 0.0703299 0.0731123 0.0731383 0.0708827 0.0669078 0.0617548 0.0559032 0.0497473 0.0435854 0.0376225 0.0319835 0.0267267 0.0218638 0.0173894 0.0133173 0.00970469 0.00664431
 0.00759569 0.0124418 0.0189171 0.0270198 0.0365077 0.0467372 0.0566341 0.0649601 0.0707547 0.0736296 0.0737361 0.0715286 0.0675518 0.0623358 0.0563571 0.0500162 0.0436249 0.0374087 0.0315171 0.0260362 0.0210065 0.0164474 0.012386 0.00887372 0.0059762
 0.00764044 0.0125073 0.019002 0.0271179 0.0366094 0.0468327 0.0567179 0.0650347 0.0708339 0.0737382 0.0739041 0.0717801 0.0678921 0.0627435 0.0567849 0.0503995 0.0438959 0.0375106 0.0314157 0.0257287 0.020524 0.0158512 0.0117556 0.0082874 0.0054923
 0.00770984 0.0126123 0.0191451 0.0272952 0.0368105 0.0470414 0.0569138 0.0651961 0.0709438 0.0737917 0.0739132 0.0717725 0.0679028 0.0628015 0.0568999 0.050555 0.0440509 0.0376107 0.0314101 0.0255861 0.0202442 0.0154667 0.0113223 0.00786784 0.00513671
 0.00780501 0.0127614 0.0193582 0.0275764 0.0371549 0.0474324 0.0573206 0.0655761 0.0712508 0.0739882 0.0739809 0.0717178 0.067754 0.0626011 0.0566923 0.050373 0.0439052 0.0374871 0.0312768 0.0254091 0.0200038 0.0151678 0.0109933 0.00754905 0.00486461
 0.00781007 0.0127743 0.0193864 0.0276298 0.0372439 0.0475639 0.0574942 0.065782 0.0714706 0.0741978 0.074155 0.0718354 0.0678036 0.0625846 0.0566252 0.0502787 0.0438058 0.0373937 0.0311848 0.0253023 0.0198654 0.0149922 0.0107916 0.00734488 0.00468372
 0.00784623 0.0128233 0.0194426 0.027683 0.037284 0.0475872 0.0575075 0.065801 0.0715126 0.0742729 0.0742607 0.0719561 0.0679169 0.062669 0.0566672 0.0502767 0.0437684 0.0373334 0.0311108 0.0252166 0.019764 0.0148723 0.0106574 0.00720892 0.00456152
 0.00784873 0.0128276 0.0194491 0.0276911 0.0372909 0.0475872 0.0574928 0.065766 0.071459 0.0742135 0.0742166 0.0719483 0.0679562 0.0627503 0.0567718 0.050381 0.0438533 0.0373888 0.0311352 0.025212 0.0197335 0.0148192 0.0105876 0.00713182 0.00448822
 0.00787831 0.0128667 0.0194915 0.0277258 0.0373057 0.0475736 0.0574502 0.0657008 0.0713814 0.0741333 0.0741427 0.0718902 0.0679241 0.0627532 0.0568126 0.0504527 0.0439406 0.0374738 0.0312027 0.0252536 0.019747 0.0148074 0.0105567 0.0070903 0.00444519
 0.00790185 0.0129054 0.0195496 0.0278061 0.0374062 0.0476852 0.0575553 0.0657772 0.0714097 0.0741055 0.0740651 0.0717806 0.0678051 0.0626453 0.0567307 0.0504044 0.0439247 0.0374818 0.0312219 0.025271 0.0197535 0.0147995 0.0105361 0.00706227 0.00441587
 0.00789831 0.012899 0.0195393 0.027791 0.037387 0.0476649 0.0575391 0.0657702 0.0714135 0.0741159 0.0740734 0.0717782 0.0677888 0.0626197 0.0567056 0.0503905 0.0439292 0.0375054 0.0312588 0.0253117 0.0197884 0.0148221 0.0105446 0.00705922 0.0044062
 0.00791024 0.0129119 0.0195468 0.0277835 0.0373547 0.0476022 0.0574488 0.0656641 0.0713095 0.0740317 0.0740214 0.0717616 0.0678025 0.0626535 0.0567499 0.0504398 0.0439822 0.0375629 0.0313201 0.025373 0.0198438 0.0148658 0.0105739 0.00707472 0.0044114
 0.00788105 0.0128683 0.0194879 0.0277102 0.0372686 0.0475037 0.0573375 0.0655406 0.0711786 0.0739053 0.0739167 0.071697 0.0677904 0.0626959 0.0568383 0.0505588 0.044116 0.0376986 0.0314491 0.0254897 0.0199437 0.0149456 0.0106322 0.00711285 0.00443322
 0.00787046 0.0128455 0.0194436 0.0276337 0.0371509 0.047344 0.0571461 0.0653382 0.0709895 0.0737496 0.0738065 0.0716369 0.0677818 0.0627386 0.0569296 0.0506914 0.0442774 0.0378731 0.0316217 0.0256481 0.0200796 0.0150547 0.0107133 0.00716822 0.00446743
 0.00787276 0.0128467 0.0194404 0.0276202 0.0371195 0.047286 0.0570542 0.0652099 0.0708304 0.0735748 0.0736378 0.0714977 0.0676899 0.0627033 0.0569514 0.0507645 0.0443914 0.0380146 0.0317755 0.0257995 0.0202161 0.0151681 0.0108 0.00722901 0.00450623
 0.00784095 0.0127985 0.0193745 0.0275375 0.0370225 0.0471779 0.0569382 0.065089 0.0707077 0.0734542 0.0735253 0.0714023 0.0676234 0.0626774 0.056974 0.050837 0.0445081 0.0381642 0.0319429 0.0259687 0.0203727 0.0153012 0.010904 0.00730335 0.00455466
 0.00778892 0.0127117 0.0192405 0.027345 0.0367659 0.0468635 0.0565881 0.0647398 0.0704012 0.0732252 0.0733929 0.071368 0.0676767 0.0628027 0.0571562 0.0510628 0.0447653 0.0384396 0.0322215 0.0262345 0.0206108 0.0155003 0.0110584 0.0074137 0.00462689
 0.00776763 0.0126724 0.0191724 0.027235 0.0366011 0.0466359 0.0563003 0.0644079 0.0700546 0.0729017 0.0731313 0.0711996 0.0676181 0.0628535 0.0573017 0.0512807 0.0450315 0.0387317 0.0325196 0.0265206 0.020869 0.0157182 0.0112293 0.0075373 0.00470873
 0.00774241 0.0126305 0.0191074 0.0271399 0.036469 0.0464615 0.0560823 0.0641511 0.0697712 0.0726115 0.0728607 0.0709785 0.0674749 0.0628082 0.0573613 0.0514371 0.0452645 0.0390146 0.0328244 0.0268216 0.021145 0.0159537 0.0114157 0.00767331 0.00479962
 0.00932557 0.0148474 0.0217849 0.0298962 0.0388251 0.0480177 0.0566581 0.063811 0.0687434 0.0711697 0.0712384 0.0693398 0.0659232 0.0614071 0.0561487 0.0504319 0.0444686 0.0384148 0.0323959 0.0265332 0.0209642 0.0158499 0.0113626 0.00765033 0.00479224
 0.00930376 0.015106 0.0226925 0.0319104 0.0422938 0.0529102 0.0623941 0.0693551 0.0729722 0.0733138 0.071135 0.0673758 0.0627654 0.0577167 0.0524188 0.0469601 0.0414031 0.0358118 0.0302607 0.024842 0.0196752 0.0149103 0.0107122 0.00722654 0.00453457
 0.00897385 0.0145866 0.0219639 0.0310225 0.0414192 0.0523802 0.0626595 0.0708242 0.0757655 0.0770814 0.0750997 0.0706269 0.0646373 0.0580195 0.0514089 0.0451287 0.0392458 0.0336937 0.0283906 0.0233069 0.0184866 0.0140388 0.0101088 0.00683417 0.00429679
 0.00879562 0.0142868 0.0214948 0.0303371 0.0404893 0.0512298 0.0614066 0.0697084 0.0751279 0.0772698 0.0763134 0.0727713 0.0672909 0.0605705 0.053302 0.0460764 0.0392856 0.0330904 0.0274741 0.0223479 0.0176485 0.0133878 0.0096474 0.00653278 0.00411499
 0.00871384 0.0141501 0.0212812 0.0300212 0.0400445 0.0506351 0.060658 0.0688363 0.0742167 0.0764718 0.0758383 0.0728332 0.0680141 0.0618969 0.0549687 0.0477003 0.0405198 0.0337572 0.0276006 0.0221017 0.0172327 0.0129618 0.00929857 0.00628662 0.00396065
 0.00868653 0.0141017 0.0212006 0.0298944 0.0398562 0.0503713 0.0603096 0.0684015 0.0737049 0.075911 0.0752874 0.0723903 0.0678074 0.0620444 0.0555162 0.0485723 0.0415262 0.034665 0.0282323 0.0223988 0.0172516 0.012818 0.00910378 0.0061128 0.00383614
 0.00868746 0.0141018 0.0211977 0.0298844 0.0398326 0.0503247 0.0602278 0.0682713 0.0735143 0.0756542 0.0749703 0.0720386 0.0674726 0.0618026 0.05545 0.0487362 0.0419101 0.0351829 0.0287523 0.0228006 0.0174758 0.0128774 0.00905686 0.00602486 0.0037525
 0.00869314 0.01411 0.021208 0.0298955 0.0398422 0.0503295 0.0602232 0.0682507 0.0734694 0.0755752 0.0748489 0.0718716 0.0672687 0.0615878 0.0552686 0.0486413 0.0419424 0.0353476 0.0290087 0.0230763 0.0177 0.0130112 0.00910242 0.0060119 0.00371578
 0.00866693 0.0140727 0.0211619 0.0298458 0.0397959 0.0502923 0.0601977 0.068236 0.0734612 0.0755672 0.0748332 0.0718403 0.0672154 0.0615123 0.0551811 0.0485645 0.0419066 0.0353775 0.0291089 0.023225 0.0178576 0.0131393 0.00918113 0.00604344 0.00371642
 0.00866176 0.0140615 0.0211399 0.0298081 0.039739 0.0502182 0.0601149 0.0681584 0.0734029 0.0755368 0.0748301 0.0718555 0.0672358 0.0615257 0.055181 0.0485533 0.041896 0.0353844 0.0291471 0.0232964 0.0179494 0.0132303 0.00925228 0.00608664 0.00373494
 0.00863551 0.0140229 0.0210893 0.0297477 0.0396723 0.0501474 0.0600412 0.068083 0.0733296 0.0754732 0.0747862 0.0718396 0.0672501 0.0615646 0.0552337 0.0486089 0.0419484 0.0354349 0.0292014 0.0233597 0.0180209 0.0133023 0.0093144 0.00613156 0.00376146
 0.00862495 0.0140035 0.0210564 0.0296964 0.0395992 0.050054 0.059935 0.0679764 0.073236 0.0754024 0.0747428 0.0718239 0.0672605 0.0615989 0.0552881 0.0486772 0.0420235 0.0355105 0.0292748 0.0234304 0.0180889 0.0133655 0.00936867 0.00617303 0.00378893
 0.00862194 0.0139991 0.0210503 0.0296881 0.0395874 0.0500359 0.0599067 0.0679345 0.0731803 0.0753372 0.0746766 0.0717667 0.0672206 0.0615808 0.0552922 0.0487011 0.0420626 0.0355596 0.0293287 0.0234854 0.018142 0.0134142 0.00941047 0.0062058 0.00381182
 0.00862839 0.0140066 0.0210562 0.0296884 0.0395777 0.0500138 0.0598728 0.0678921 0.0731335 0.0752894 0.0746301 0.0717236 0.0671842 0.0615554 0.0552819 0.0487081 0.0420862 0.0355966 0.0293745 0.0235349 0.0181908 0.0134588 0.00944832 0.00623529 0.00383267
 0.00863281 0.0140172 0.0210782 0.0297276 0.0396383 0.0500942 0.0599637 0.0679779 0.0731969 0.0753179 0.0746195 0.071678 0.067113 0.0614702 0.0551942 0.0486278 0.0420207 0.0355499 0.0293469 0.0235239 0.0181923 0.0134679 0.00946073 0.0062476 0.00384278
 0.00863281 0.0140172 0.0210782 0.0297276 0.0396383 0.0500942 0.0599637 0.0679779 0.0731969 0.0753179 0.0746195 0.071678 0.067113 0.0614702 0.0551942 0.0486278 0.0420207 0.0355499 0.0293469 0.0235239 0.0181923 0.0134679 0.00946073 0.0062476 0.00384278
 0.00869686 0.014118 0.0212235 0.0299219 0.0398811 0.0503779 0.0602715 0.0682825 0.0734642 0.0755132 0.0747158 0.0716626 0.0669902 0.0612596 0.0549255 0.0483338 0.0417309 0.0352866 0.0291239 0.023347 0.0180606 0.0133763 0.00940128 0.00621194 0.00382315
 0.00886761 0.0143958 0.0216403 0.0305032 0.0406355 0.0512836 0.061265 0.0692622 0.0743107 0.0761204 0.0750157 0.0716352 0.0666595 0.0606817 0.0541754 0.0474925 0.0408745 0.0344778 0.0284074 0.0227484 0.0175883 0.013025 0.00915593 0.00605196 0.00372639
 0.00839738 0.0136701 0.0206243 0.0292011 0.0391009 0.049628 0.0596592 0.0679164 0.0734265 0.0758301 0.075341 0.072487 0.0678738 0.062071 0.0555724 0.048776 0.041977 0.0353779 0.0291152 0.0232892 0.0179913 0.0133168 0.00935954 0.00618715 0.0038107
 0.00858463 0.0139105 0.0208678 0.0293613 0.039079 0.0493509 0.0591138 0.0671613 0.072578 0.0750306 0.074724 0.0721461 0.0678429 0.0623197 0.0560204 0.0493204 0.0425221 0.0358565 0.0294949 0.0235675 0.0181834 0.0134438 0.00944103 0.00623799 0.00384132
 0.00879554 0.0142733 0.0214447 0.0302059 0.0402044 0.0506895 0.0604952 0.0683384 0.0733047 0.0751568 0.0742519 0.07122 0.0666833 0.0611438 0.0549836 0.0484951 0.0419084 0.0354119 0.0291664 0.0233131 0.0179793 0.0132812 0.00931749 0.00615091 0.00378524
 0.00858065 0.0139526 0.021019 0.0297042 0.0396872 0.0502448 0.0602243 0.0683247 0.0735734 0.0756459 0.0748238 0.0717161 0.0669946 0.0612524 0.0549528 0.0484221 0.0418726 0.0354471 0.0292627 0.0234379 0.0180999 0.0133775 0.00938399 0.00619173 0.00380796
 0.00880685 0.0142835 0.0214483 0.0302023 0.0402093 0.0507464 0.0606739 0.0687102 0.0738982 0.0759183 0.0750396 0.0718462 0.0669873 0.061057 0.0545531 0.0478561 0.0412232 0.0348092 0.0287094 0.0230029 0.0177821 0.0131567 0.00923588 0.00609569 0.00374847
 0.00875409 0.014231 0.0214291 0.030263 0.0403923 0.0510647 0.0610949 0.0691619 0.0742996 0.0762145 0.0752207 0.0719366 0.0670173 0.061037 0.0544685 0.0476841 0.0409578 0.0344744 0.0283519 0.0226722 0.0175113 0.0129567 0.00909997 0.00600947 0.00369698
#pred catch len freq
 0.00310515 0.0050679 0.00769794 0.0110557 0.0151882 0.0200759 0.0255733 0.031407 0.0372352 0.0427187 0.0475698 0.0515864 0.0546778 0.0568655 0.0582561 0.059007 0.0593019 0.0593166 0.0591381 0.0586316 0.0573326 0.0545107 0.0494923 0.0421248 0.033064
 0.00335148 0.00540008 0.0080737 0.0113986 0.0154156 0.0201386 0.025482 0.0312244 0.037037 0.0425504 0.04743 0.0514465 0.0545216 0.0567202 0.0581935 0.0591126 0.0596252 0.0598276 0.0597131 0.0590844 0.0574853 0.0542725 0.0489028 0.0413336 0.0322592
 0.00340983 0.00554003 0.00836171 0.0119087 0.0161921 0.0211493 0.0265935 0.0322313 0.0377424 0.0428508 0.0473478 0.051093 0.0540265 0.0561829 0.0576791 0.0586731 0.0593084 0.0596562 0.0596522 0.0590309 0.0573025 0.0538573 0.0482444 0.0405231 0.0314429
 0.00355821 0.00575954 0.00865778 0.012288 0.0166798 0.0218029 0.0274924 0.0334291 0.0392014 0.0444039 0.0487321 0.0520492 0.0544067 0.0559967 0.0570604 0.0578042 0.0583537 0.0587265 0.0587911 0.0582161 0.0564679 0.0529391 0.0472315 0.0394778 0.0304741
 0.00373242 0.00604375 0.00908577 0.0128879 0.0174658 0.0227664 0.0286011 0.0346408 0.0404837 0.0457384 0.0500858 0.0533314 0.0554544 0.0566195 0.0571238 0.0572925 0.0573709 0.0574396 0.0573584 0.0567402 0.0549906 0.051473 0.0458022 0.0381466 0.0293251
 0.00392065 0.00634742 0.00953991 0.0135274 0.0183227 0.0238632 0.0299376 0.0361809 0.0421509 0.0474268 0.0516829 0.0547386 0.0565888 0.057399 0.0574559 0.0570922 0.0566015 0.0561454 0.0556583 0.054788 0.0529331 0.0494327 0.0438846 0.0364498 0.0279316
 0.00417795 0.00675425 0.010132 0.0143337 0.0193648 0.0251525 0.0314683 0.0379213 0.0440377 0.0493657 0.0535545 0.056412 0.0579396 0.0583243 0.0578783 0.0569547 0.0558679 0.0548147 0.0537863 0.0524964 0.0503965 0.0468506 0.0414518 0.0343302 0.026234
 0.00439701 0.00711475 0.0106832 0.0151258 0.020441 0.0265357 0.0331464 0.0398398 0.0461052 0.0514682 0.0555704 0.0582206 0.0594271 0.0593879 0.0584307 0.0569277 0.0552155 0.0535211 0.0518813 0.0500742 0.0476248 0.0439566 0.0386853 0.0319117 0.0243081
 0.00460861 0.00745632 0.0111948 0.0158481 0.0214146 0.0277953 0.0347086 0.0416881 0.0481788 0.0536598 0.0577374 0.060207 0.0610876 0.0606046 0.0591165 0.0570197 0.0546693 0.0523133 0.0500259 0.0476465 0.0447801 0.0409281 0.0357481 0.0293223 0.0222408
 0.00484645 0.00783284 0.0117439 0.0165985 0.0223896 0.0290112 0.036169 0.0433765 0.0500525 0.0556483 0.0597422 0.0621066 0.0627475 0.0618931 0.0599197 0.0572499 0.0542662 0.0512449 0.0482976 0.0453211 0.0420004 0.0379211 0.0327949 0.0266947 0.0201314
 0.00511955 0.00825998 0.0123561 0.0174154 0.0234194 0.0302499 0.0375971 0.0449556 0.0517278 0.0573547 0.0614103 0.0636642 0.064117 0.0629894 0.0606505 0.0575221 0.0539954 0.050369 0.0467937 0.043228 0.03944 0.0351036 0.0299914 0.0241755 0.0180944
 0.00537201 0.0086744 0.0129869 0.0183147 0.0246258 0.0317706 0.0393909 0.0469281 0.0537471 0.0592802 0.0631214 0.0650755 0.0651802 0.0636814 0.0609563 0.0574184 0.0534431 0.0493208 0.0452168 0.0411373 0.036929 0.0323562 0.0272582 0.0217149 0.0160999
 0.00562384 0.00908145 0.0135969 0.0191752 0.0257804 0.0332497 0.0411946 0.0490079 0.0559953 0.0615354 0.0651927 0.0667813 0.0663872 0.0643272 0.061044 0.0569879 0.0525377 0.0479659 0.0434252 0.0389368 0.0344 0.0296545 0.0246031 0.0193381 0.0141777
 0.00585505 0.00945504 0.0141559 0.0199612 0.0268292 0.0345836 0.0428105 0.0508678 0.0580225 0.0636176 0.067189 0.0685342 0.0677434 0.065164 0.0612923 0.0566395 0.0516317 0.0465647 0.0415953 0.0367506 0.0319566 0.0271002 0.0221287 0.0171418 0.0124095
 0.00605748 0.00978374 0.0146507 0.0206611 0.027768 0.0357808 0.04426 0.0525291 0.0598209 0.0654521 0.0689434 0.0700884 0.0689826 0.0659879 0.0616246 0.0564371 0.0508903 0.0453182 0.0399089 0.0347158 0.0296926 0.0247589 0.0198861 0.0151695 0.0108319
