SBPRF35
10.2124
Curr Bio
602996
B35
769995
F35
0.187831
FOFL
0.141527
OFL
67741.2
Bzero
2.91784e+006
#pred survey bio
 4.04162e+006 3.87261e+006 3.71693e+006 3.49102e+006 3.25804e+006 2.95527e+006 2.67898e+006 2.40377e+006 2.1373e+006 1.90262e+006 1.67747e+006 1.46607e+006 1.3056e+006 1.16826e+006 1.02505e+006 909009 813914 747001 713132 671619 650340 629852 610967 601735 587828 579240 575196 565634 575807 578715 584158 579047 578636 573070 560199 543360 532857 516795 517231 521879 525895 538362 546729 554829 553930 560167 553519 552050 557228 554377 561066 573798 546337 517475 517661 588035 615105 608926 609092 2.08383e+007 1.27813e+007 1.33441e+007 1.43946e+007 1.57164e+007 1.70832e+007 1.8344e+007 1.94246e+007 2.03058e+007 2.1e+007 2.15341e+007 2.19383e+007 2.22412e+007 2.24667e+007 2.26341e+007 2.27585e+007 2.2851e+007 2.29201e+007 2.2972e+007 2.3011e+007 2.30406e+007 2.30632e+007 2.30805e+007 2.30938e+007 2.31041e+007 2.31121e+007 2.31183e+007 2.31232e+007 2.3127e+007 2.313e+007 2.31323e+007 2.31342e+007 2.31357e+007 2.31369e+007 2.31378e+007 2.31385e+007 2.31391e+007 2.31396e+007 2.314e+007 2.31403e+007 2.31405e+007 2.31407e+007 2.31408e+007 2.3141e+007 2.31411e+007 2.31411e+007 2.31412e+007 2.31412e+007 2.31413e+007 2.31413e+007 2.31413e+007 2.31414e+007 2.31414e+007 2.31414e+007 2.31414e+007 2.31414e+007 2.31414e+007 2.31414e+007 2.31414e+007 2.31414e+007 2.31414e+007 2.31414e+007 2.31414e+007 2.31414e+007 2.31414e+007 2.31414e+007 2.31414e+007 2.31414e+007 2.31414e+007 2.31414e+007 2.31414e+007 2.31414e+007 2.31414e+007 2.31414e+007 2.31414e+007 2.31414e+007 2.31414e+007 2.31414e+007 2.31414e+007 2.31414e+007 2.31414e+007 2.31414e+007 2.31414e+007 2.31414e+007 2.31414e+007 2.31414e+007 2.31414e+007 2.31414e+007 2.31414e+007 2.31414e+007 2.31414e+007 2.31414e+007 2.31414e+007 2.31414e+007 2.31414e+007 2.31414e+007 2.31414e+007 2.31414e+007 2.31414e+007 2.31414e+007 0 0 0 0 0 0 0 0 0 0 0 0 0 0 0 0 0 0 0 0 0 0 0 0 0
#obs survey bio
 4.61323e+006 2.86118e+006 3.68299e+006 2.38422e+006 2.80839e+006 2.66095e+006 2.39502e+006 1.62008e+006 1.95016e+006 1.55047e+006 1.51617e+006 1.38205e+006 1.4283e+006 771340 795530 628587 817302 636541 597423 799098 728562 396074 381900 525586 389686 532254 646986 542398 562494 542913 606849 639060 519182 724796 705417 726925 407381 735667 532014 643370 490234 568102 395315 682650 760825 635846 612506 581441 610395 530358 539924 571200 636699 454570 394463 713640 590263 570645 487909
#pred catch bio
 102688 94919.5 169333 191275 275090 273795 295916 309827 300020 306042 303431 264583 248851 256099 232039 211469 183290 151715 154519 133526 130242 126793 117325 120235 114692 109641 111889 93340.6 98399.6 95066.7 102320 96253.6 98085.6 100175 98608.5 90755 96720.7 85586.4 84830.6 87238.6 81941.6 87111.9 88086.4 95170.6 88376.8 98787.4 94312.2 89875.5 97759.4 90293.4 86036.3 119114 118237 93859.2 39187.1 79032 106409 100294 110369 67741.2 89786.1 92585.5 98739 107405 116584 125002 132093 137736 142048 145245 147560 149207 150363 151165 151716 152093 152349 152522 152638 152717 152769 152804 152827 152843 152853 152860 152865 152868 152870 152871 152872 152873 152873 152873 152874 152874 152874 152874 152874 152874 152874 152874 152874 152874 152874 152874 152874 152874 152874 152874 152874 152874 152874 152874 152874 152874 152874 152874 152874 152874 152874 152874 152874 152874 152874 152874 152874 152874 152874 152874 152874 152874 152874 152874 152874 152874 152874 152874 152874 152874 152874 152874 152874 152874 152874 152874 152874 152874 152874 152874 152874 152874 152874 152874 152874 152874 152874 152874 152874 0 0 0 0 0 0 0 0 0 0 0 0 0 0 0 0 0 0 0 0 0 0 0 0 0
#obs catch bio
 0 94507.5 170234 191544 277645 275755 299204 315291 305472 313920 311324 269638 251942 262419 237532 218495 187589 154334 157382 134982 131107 128744 118578 121930 116458 111656 113833 93962.9 99063.8 95540.7 103151 96549.2 98965.6 100634 98862.8 90108 96504 84921.4 84307.3 86558.5 81449.8 86886.6 88189.8 94790 87421.8 97657 93437.4 89232.8 97818.5 90347 85554.8 118584 117468 94183.8 38731.8 79185.9 106734 99974.5 110476
#pred cpue bio
 3.98201e+006 3.81596e+006 3.66206e+006 3.43688e+006 3.2044e+006 2.90277e+006 2.62735e+006 2.35311e+006 2.08782e+006 1.85442e+006 1.63113e+006 1.42206e+006 1.26335e+006 1.12738e+006 985945 871603 778521 713544 680913 640941 620614 600830 582424 573417 559900 551551 547950 539301 549716 552893 558451 553825 553816 548984 537353 521792 511269 494284 493713 498035 501953 513969 522023 530041 529507 535801 529290 527582 532266 529308 535861 548431 521713 493167 492884 561585 588819 582907 582717 1.99408e+007 1.22458e+007 1.2684e+007 1.35927e+007 1.48633e+007 1.62176e+007 1.74759e+007 1.8556e+007 1.94371e+007 2.01313e+007 2.06654e+007 2.10696e+007 2.13725e+007 2.1598e+007 2.17654e+007 2.18898e+007 2.19823e+007 2.20514e+007 2.21033e+007 2.21423e+007 2.21719e+007 2.21945e+007 2.22118e+007 2.22251e+007 2.22354e+007 2.22434e+007 2.22496e+007 2.22545e+007 2.22583e+007 2.22613e+007 2.22636e+007 2.22655e+007 2.2267e+007 2.22681e+007 2.22691e+007 2.22698e+007 2.22704e+007 2.22709e+007 2.22713e+007 2.22716e+007 2.22718e+007 2.2272e+007 2.22721e+007 2.22723e+007 2.22723e+007 2.22724e+007 2.22725e+007 2.22725e+007 2.22726e+007 2.22726e+007 2.22726e+007 2.22727e+007 2.22727e+007 2.22727e+007 2.22727e+007 2.22727e+007 2.22727e+007 2.22727e+007 2.22727e+007 2.22727e+007 2.22727e+007 2.22727e+007 2.22727e+007 2.22727e+007 2.22727e+007 2.22727e+007 2.22727e+007 2.22727e+007 2.22727e+007 2.22727e+007 2.22727e+007 2.22727e+007 2.22727e+007 2.22727e+007 2.22727e+007 2.22727e+007 2.22727e+007 2.22727e+007 2.22727e+007 2.22727e+007 2.22727e+007 2.22727e+007 2.22727e+007 2.22727e+007 2.22727e+007 2.22727e+007 2.22727e+007 2.22727e+007 2.22727e+007 2.22727e+007 2.22727e+007 2.22727e+007 2.22727e+007 2.22727e+007 2.22727e+007 2.22727e+007 2.22727e+007 2.22727e+007 2.22727e+007 2.22727e+007 0 0 0 0 0 0 0 0 0 0 0 0 0 0 0 0 0 0 0 0 0 0 0 0 0
#obs cpue bio
 2.32884e+006 3.08738e+006 2.84824e+006 3.74156e+006 2.72802e+006 2.61133e+006 2.10357e+006 1.82166e+006 1.75233e+006 1.18412e+006 1.62637e+006 1.54039e+006 1.48287e+006 787142 920014 528223 813522 673095 730676 550716 663520 471908 911251 487263 582873 357314 480032 681611 612635 538270 458837 588917 378736 580052 484981 756124 584181 506192 485893 543897 468082 430362 507672 764753 636420 646561 448369 450538 326843 499716 773959 714118 525538 403345 610840 516374 534983 772834 639904
#pred surv len freq
 0.00454081 0.00744792 0.0113501 0.0162728 0.0221181 0.0285727 0.0350879 0.0410241 0.045894 0.0495207 0.0520082 0.0535991 0.0545462 0.0550505 0.0552445 0.0551956 0.0549222 0.0544032 0.0535563 0.0521806 0.0499132 0.046294 0.0409878 0.0340748 0.0261946
 0.00480921 0.00778506 0.0116785 0.0164705 0.0220657 0.0282206 0.0345 0.0403615 0.0453406 0.0491941 0.0519131 0.0536462 0.0546181 0.0550704 0.0552122 0.0551802 0.0550179 0.0546725 0.0539861 0.0526753 0.0503328 0.0465189 0.0409738 0.0338662 0.0258906
 0.004989 0.00810447 0.0122013 0.0172514 0.0231127 0.0294513 0.0357262 0.0413348 0.0458536 0.0491794 0.0514693 0.0529703 0.053895 0.0543984 0.0546053 0.0546216 0.0545106 0.0542471 0.0536695 0.0524531 0.0501419 0.0462794 0.040638 0.0334468 0.0254497
 0.0052041 0.00844799 0.0127096 0.0179609 0.0240597 0.0306637 0.0372009 0.043005 0.0475648 0.0507014 0.0525574 0.0534546 0.0537467 0.0537277 0.0535939 0.0534426 0.0532851 0.0530466 0.0525341 0.0514003 0.0491665 0.0453628 0.0397695 0.032643 0.0247512
 0.0054065 0.00877872 0.0132103 0.0186714 0.0250105 0.0318656 0.0386354 0.0446214 0.049284 0.0524181 0.0541352 0.0547266 0.05454 0.0539158 0.0531483 0.0524453 0.0518935 0.0514343 0.0508455 0.049734 0.0475821 0.043897 0.0384535 0.031511 0.0238359
 0.00569728 0.00924497 0.0139001 0.0196258 0.0262567 0.0334062 0.0404358 0.0466047 0.0513401 0.0544221 0.0559634 0.0562604 0.0556619 0.0545089 0.0531143 0.0517379 0.0505475 0.0495677 0.0486307 0.0473558 0.0452065 0.0416603 0.0364633 0.0298465 0.0225409
 0.00598292 0.00970459 0.0145831 0.0205753 0.0275022 0.034952 0.0422482 0.0486078 0.0534253 0.0564675 0.0578512 0.0578846 0.0569262 0.0553217 0.0533866 0.051393 0.0495437 0.0479266 0.0464522 0.0448104 0.0425059 0.0390214 0.0340761 0.0278489 0.0210026
 0.00625994 0.0101576 0.0152699 0.0215507 0.0288077 0.0365981 0.0441976 0.0507699 0.05567 0.0586515 0.059842 0.0595728 0.0582258 0.0561633 0.0537086 0.0511371 0.0486617 0.0464003 0.0443224 0.0421974 0.0396091 0.0360901 0.0313608 0.0255489 0.0192268
 0.00653368 0.0106034 0.0159426 0.0225031 0.0300813 0.0382093 0.0461206 0.0529282 0.0579441 0.0608979 0.0619157 0.0613448 0.0595928 0.0570499 0.0540622 0.0509183 0.0478386 0.0449552 0.0422737 0.0396296 0.0366909 0.0330644 0.0285 0.0230891 0.0173107
 0.00673143 0.0109357 0.016463 0.0232692 0.031144 0.0395951 0.0478143 0.0548658 0.0600213 0.06299 0.0638951 0.0630922 0.061003 0.0580352 0.0545542 0.0508669 0.0472088 0.043729 0.0404628 0.0372993 0.0339835 0.0302 0.0257425 0.0206826 0.0154151
 0.0069362 0.0112715 0.0169745 0.0240014 0.0321363 0.0408694 0.049361 0.0566356 0.0619284 0.0649236 0.0657359 0.0647252 0.0623273 0.058969 0.0550346 0.0508469 0.0466546 0.0426217 0.0388097 0.0351545 0.0314698 0.0275148 0.023131 0.0183809 0.0135861
 0.0072538 0.0117686 0.017687 0.0249509 0.0333279 0.0422891 0.0509706 0.05837 0.063701 0.066639 0.0673016 0.066059 0.063359 0.0596409 0.0553011 0.0506729 0.0460137 0.0414986 0.0372095 0.033122 0.0291097 0.0250002 0.0206821 0.0162148 0.0118572
 0.00759538 0.0123014 0.0184463 0.0259531 0.0345666 0.0437316 0.0525538 0.0600037 0.0652826 0.0680754 0.0685252 0.0670291 0.0640521 0.0600388 0.055383 0.0504136 0.0453865 0.0404818 0.0357983 0.0313462 0.0270524 0.0228053 0.0185377 0.0143101 0.0103298
 0.00783788 0.0127078 0.0190788 0.0268729 0.0358157 0.0453063 0.0543829 0.0619484 0.067166 0.0697286 0.0698259 0.0679164 0.0645199 0.0601154 0.0551088 0.0498234 0.0444998 0.0393042 0.0343345 0.0296197 0.0251275 0.020797 0.0165999 0.0126 0.00896235
 0.00809932 0.0131371 0.0197334 0.0278091 0.0370784 0.0469104 0.0562913 0.0640597 0.0693204 0.0717329 0.0714889 0.0690858 0.0651103 0.0601182 0.0545808 0.0488577 0.0431942 0.0377391 0.0325689 0.0277049 0.0231287 0.0188091 0.0147442 0.0109978 0.0076992
 0.00817894 0.0132934 0.0200187 0.02829 0.0378217 0.0479601 0.0576467 0.0656653 0.0710734 0.0735003 0.0731246 0.0704458 0.0660685 0.0605858 0.0545231 0.0482987 0.0422048 0.0364145 0.031007 0.0259966 0.0213626 0.0170804 0.0131553 0.00964306 0.00664065
 0.00824385 0.0133973 0.0201738 0.0285122 0.038134 0.0483949 0.0582422 0.0664539 0.0720636 0.0746601 0.0743763 0.0716749 0.0671442 0.0613854 0.054952 0.0483055 0.0417876 0.0356176 0.0299089 0.0246954 0.0199637 0.0156904 0.0118745 0.00855425 0.00579364
 0.0083634 0.0135671 0.0203845 0.0287405 0.0383517 0.0485825 0.0584012 0.0666111 0.0722661 0.0749618 0.0748178 0.0722639 0.0678423 0.062109 0.0555894 0.0487441 0.0419416 0.0354469 0.0294252 0.0239559 0.0190578 0.0147222 0.010946 0.00774794 0.00515973
 0.00831527 0.0134987 0.0202989 0.0286446 0.0382517 0.0484786 0.0582868 0.0664801 0.0721263 0.0748461 0.0747839 0.0723774 0.0681495 0.0626116 0.0562334 0.0494289 0.0425461 0.0358628 0.029585 0.0238475 0.0187223 0.0142384 0.0104073 0.00723935 0.00473959
 0.00840765 0.0136337 0.0204741 0.0288486 0.0384678 0.0486903 0.0584806 0.0666435 0.0722447 0.0749034 0.0747709 0.0723035 0.0680491 0.062536 0.0562287 0.049511 0.0426874 0.0360001 0.0296446 0.0237753 0.0185046 0.0139048 0.0100167 0.00685699 0.00441615
 0.00853273 0.013807 0.0206791 0.0290508 0.0386236 0.0487627 0.0584523 0.0665226 0.0720598 0.0746937 0.0745742 0.0721481 0.0679508 0.0625018 0.0562624 0.0496128 0.0428472 0.0361892 0.029817 0.0238811 0.0185097 0.0138061 0.0098419 0.00665108 0.00422255
 0.0086258 0.0139622 0.0209178 0.0293894 0.0390626 0.0492741 0.0589729 0.0669638 0.0723353 0.0747524 0.0744192 0.0718307 0.0675471 0.0620857 0.0558889 0.0493138 0.0426336 0.0360534 0.0297354 0.0238196 0.0184353 0.013699 0.00970305 0.00649857 0.00408035
 0.00870364 0.0140845 0.0210942 0.0296274 0.0393676 0.0496471 0.0594061 0.0674329 0.0727944 0.075137 0.0746609 0.0718799 0.067393 0.061762 0.0554611 0.0488564 0.0422081 0.0356962 0.029456 0.0236065 0.0182659 0.0135517 0.00956584 0.00637132 0.00397031
 0.00871751 0.014106 0.0211249 0.0296687 0.0394213 0.049717 0.0594981 0.0675544 0.0729517 0.0753296 0.0748751 0.0720859 0.0675499 0.0618315 0.0554245 0.048723 0.0420114 0.0354791 0.0292539 0.0234376 0.0181314 0.0134428 0.00947308 0.00629013 0.00390145
 0.00876754 0.0141862 0.0212431 0.0298304 0.0396274 0.049961 0.0597641 0.0678189 0.0731893 0.0755206 0.0750097 0.0721629 0.0675703 0.0617931 0.0553215 0.0485526 0.0417811 0.0352101 0.0289762 0.0231796 0.0179116 0.0132671 0.00933813 0.00618924 0.00382826
 0.00860165 0.0139556 0.0209687 0.0295562 0.0394089 0.0498455 0.0597748 0.06795 0.0734131 0.0757993 0.0753064 0.0724473 0.0678212 0.0619971 0.05547 0.0486397 0.0418044 0.0351739 0.0288931 0.0230693 0.0177948 0.01316 0.00924931 0.0061209 0.00377879
 0.00841056 0.0136515 0.0205261 0.0289637 0.0386803 0.0490323 0.0589712 0.0672794 0.0729929 0.0757002 0.0755286 0.0729277 0.068463 0.0627023 0.0561606 0.0492629 0.04233 0.035589 0.0291987 0.023277 0.0179237 0.0132316 0.00928355 0.00613325 0.00377992
 0.00846483 0.0137054 0.0205437 0.0288902 0.0384569 0.0486199 0.0583737 0.0665534 0.0722395 0.0750412 0.0750758 0.0727531 0.0685802 0.0630671 0.0566892 0.0498606 0.0429151 0.0361055 0.0296174 0.0235912 0.018142 0.0133715 0.0093656 0.00617669 0.00380012
 0.00840983 0.0136133 0.0203986 0.0286721 0.0381417 0.0481824 0.0577954 0.0658352 0.0714158 0.0741882 0.0743054 0.0721904 0.068328 0.063174 0.0571343 0.0505622 0.0437575 0.0369715 0.0304137 0.0242604 0.0186617 0.0137466 0.00961747 0.0063337 0.00389059
 0.00837788 0.0135669 0.0203385 0.028601 0.0380607 0.0480863 0.0576693 0.065655 0.0711546 0.073828 0.0738522 0.0716849 0.0678461 0.0628094 0.0569701 0.0506403 0.0440641 0.037443 0.0309611 0.0247974 0.0191262 0.0141079 0.00987285 0.00649854 0.00398784
 0.0082408 0.0133625 0.0200655 0.0282715 0.0376975 0.0477185 0.0573264 0.0653623 0.0709267 0.0736639 0.0737352 0.0715916 0.0677615 0.0627414 0.0569519 0.0507182 0.0442739 0.0377894 0.031411 0.0252905 0.0195971 0.0145066 0.0101752 0.00670525 0.00411562
 0.00819705 0.0132889 0.019951 0.0281062 0.0374776 0.0474516 0.0570359 0.0650836 0.0706972 0.0735087 0.0736579 0.0715747 0.0677762 0.0627621 0.0569692 0.050745 0.0443394 0.0379234 0.0316258 0.0255718 0.0199079 0.014803 0.0104227 0.0068878 0.00423535
 0.00798595 0.0129781 0.0195432 0.027624 0.0369566 0.0469289 0.0565426 0.0646456 0.0703397 0.0732589 0.0735407 0.0716034 0.0679441 0.0630412 0.0573188 0.0511259 0.0447268 0.0383096 0.0320128 0.0259587 0.0202827 0.0151435 0.0107064 0.00710166 0.00438011
 0.00768735 0.0125255 0.0189247 0.0268544 0.0360778 0.046006 0.0556587 0.0638908 0.0697923 0.0729658 0.0735073 0.0718012 0.0683272 0.0635608 0.0579287 0.0517827 0.0453915 0.0389515 0.032612 0.0265037 0.0207651 0.0155541 0.0110363 0.00734735 0.00454726
 0.00760562 0.0123659 0.018637 0.0263808 0.0353726 0.0450662 0.054546 0.0627308 0.0687428 0.0721699 0.0730557 0.0717174 0.0685771 0.0640746 0.0586239 0.0525812 0.046227 0.0397722 0.0333799 0.0271926 0.0213585 0.016043 0.0114179 0.00762607 0.00473524
 0.00829346 0.0133271 0.0197912 0.0275497 0.0363236 0.0455863 0.0545091 0.0621264 0.0676681 0.0707986 0.071598 0.0703768 0.067509 0.0633602 0.0582681 0.0525319 0.0464041 0.0400922 0.0337708 0.0275992 0.0217418 0.0163775 0.0116896 0.00783054 0.00487676
 0.00889328 0.0142887 0.0212028 0.029456 0.0386839 0.0482271 0.0571033 0.0642419 0.068893 0.070891 0.0705747 0.0684921 0.0651474 0.0609084 0.0560228 0.0506637 0.0449676 0.0390604 0.0330744 0.0271582 0.0214828 0.0162411 0.0116301 0.00781441 0.00488091
 0.00893356 0.014443 0.0215988 0.0302661 0.0400789 0.0503001 0.0597953 0.0673073 0.0719291 0.0734242 0.0721786 0.0689026 0.0643376 0.0590886 0.053564 0.047978 0.0424006 0.0368333 0.0312816 0.0257998 0.0205061 0.0155733 0.0111974 0.00755075 0.00473138
 0.00872677 0.014126 0.0211646 0.0297405 0.0395383 0.0498849 0.0597029 0.0677465 0.0730345 0.0751663 0.074323 0.0710566 0.0660705 0.0600739 0.0536792 0.0473212 0.0412262 0.0354466 0.0299421 0.0246696 0.0196472 0.0149751 0.0108122 0.00732081 0.0046044
 0.00866978 0.0140136 0.02096 0.0294007 0.0390295 0.0492085 0.058921 0.0669932 0.0725006 0.0750525 0.0747716 0.0720816 0.067521 0.0616606 0.0550647 0.048238 0.0415645 0.0352688 0.0294277 0.0240271 0.0190413 0.0144956 0.0104805 0.00711643 0.00449109
 0.00872956 0.0140966 0.021057 0.0294895 0.0390755 0.0491687 0.0587536 0.0666737 0.0720433 0.074529 0.0743104 0.0718382 0.06762 0.0621336 0.0558179 0.0490768 0.0422678 0.0356781 0.0295008 0.0238324 0.0187055 0.014141 0.0101859 0.00690988 0.00436526
 0.00865106 0.0139861 0.020922 0.0293459 0.0389412 0.0490533 0.0586502 0.0665592 0.0718882 0.0743134 0.0740428 0.0715665 0.0674282 0.0621154 0.0560346 0.0495179 0.0428415 0.036244 0.0299297 0.0240588 0.0187422 0.014054 0.0100523 0.00678585 0.0042758
 0.00849857 0.0137641 0.0206364 0.029021 0.0386145 0.0487662 0.0584383 0.0664441 0.0718704 0.0743707 0.074135 0.0716526 0.0674871 0.0621613 0.0561125 0.0496784 0.0431069 0.0365874 0.0302832 0.0243467 0.0189179 0.0141164 0.0100353 0.00673347 0.00422176
 0.00832678 0.0134966 0.0202575 0.0285279 0.0380227 0.0481145 0.0577908 0.0658827 0.0714758 0.0741965 0.0741898 0.0718991 0.0678597 0.0625916 0.0565527 0.0501111 0.0435366 0.0370197 0.0307063 0.0247292 0.0192236 0.0143247 0.0101512 0.00678141 0.0042315
 0.00837924 0.0135544 0.0202937 0.028501 0.0378882 0.0478437 0.0573872 0.0653871 0.0709573 0.0737339 0.0738521 0.071729 0.0678651 0.0627474 0.056813 0.0504268 0.0438709 0.0373518 0.0310245 0.0250208 0.0194717 0.014514 0.0102761 0.00685018 0.00426101
 0.00842813 0.0136239 0.0203785 0.0285856 0.0379465 0.04784 0.0572827 0.065151 0.0705822 0.0732493 0.0733246 0.0712472 0.0675122 0.062576 0.0568327 0.0506087 0.0441635 0.0377004 0.0313833 0.0253566 0.019762 0.0147447 0.0104425 0.00695703 0.00432107
 0.00859126 0.0138778 0.0207382 0.0290546 0.0385118 0.0484675 0.0579127 0.065701 0.0709609 0.07338 0.07317 0.0708242 0.0668908 0.0618609 0.0561341 0.0500133 0.0437174 0.0374083 0.031221 0.0252875 0.0197495 0.0147593 0.0104638 0.00697397 0.00433028
 0.00870572 0.014057 0.0209951 0.0293959 0.0389365 0.0489643 0.0584559 0.0662486 0.0714565 0.0737603 0.0733758 0.0708131 0.0666503 0.0614167 0.0555492 0.049374 0.0431103 0.0368979 0.030838 0.0250299 0.0195943 0.0146754 0.0104228 0.00695527 0.00432138
 0.00861498 0.0139391 0.0208722 0.0293071 0.0389271 0.0490689 0.058685 0.0665844 0.0718603 0.0741836 0.0737684 0.0711271 0.0668435 0.0614599 0.0554354 0.0491252 0.0427752 0.0365387 0.0305119 0.0247735 0.0194182 0.0145699 0.010368 0.00693068 0.00431184
 0.00856255 0.01386 0.0207661 0.0291818 0.0388013 0.0489736 0.0586606 0.066671 0.0720816 0.0745314 0.0741992 0.0715726 0.0672308 0.0617301 0.0555544 0.0490872 0.0426016 0.0362729 0.0302083 0.0244837 0.0191783 0.0143949 0.0102544 0.00686454 0.00427693
 0.00849178 0.0137402 0.020578 0.028907 0.0384297 0.0485143 0.0581512 0.0661779 0.0716885 0.0743169 0.0742133 0.0718207 0.0676705 0.0622825 0.0561263 0.0495954 0.0429916 0.0365261 0.0303389 0.0245263 0.0191729 0.0143738 0.0102362 0.00685516 0.00427485
 0.00843087 0.0136368 0.0204142 0.0286631 0.0380884 0.048068 0.0576102 0.0655767 0.0710851 0.0737867 0.0738359 0.071663 0.067768 0.0626263 0.0566617 0.0502354 0.0436405 0.0371048 0.0308006 0.0248603 0.0193952 0.0145132 0.0103212 0.00690709 0.00430681
 0.00876854 0.0141568 0.0211407 0.0295929 0.0391857 0.0492592 0.0587822 0.0665865 0.0717877 0.0740749 0.0736735 0.0710956 0.0669082 0.0616201 0.0556487 0.0493169 0.0428649 0.0364735 0.0302886 0.0244387 0.0190458 0.0142297 0.0101031 0.00675172 0.00420594
 0.00897485 0.0145072 0.0216935 0.0304063 0.0402971 0.0506569 0.0603808 0.0682256 0.0732622 0.0751846 0.0742709 0.0711146 0.0663716 0.0606292 0.0543581 0.0478987 0.0414719 0.035213 0.029215 0.0235636 0.0183564 0.0137045 0.0097197 0.00648744 0.0040365
 0.00879373 0.0142419 0.0213512 0.0300202 0.0399271 0.0503841 0.0602963 0.0684092 0.0737528 0.075953 0.0752119 0.0720695 0.0671743 0.0611545 0.0545529 0.0477866 0.0411334 0.0347526 0.0287285 0.0231177 0.0179846 0.0134153 0.00950729 0.00634027 0.0039412
 0.00820278 0.0132859 0.0199271 0.0280517 0.0374002 0.047394 0.0570841 0.0653517 0.0712871 0.0744593 0.0749079 0.0729591 0.0690608 0.0637045 0.0573867 0.0505661 0.043622 0.0368325 0.0303805 0.0243818 0.0189229 0.0140896 0.00997216 0.00664371 0.00412628
 0.00833498 0.0134419 0.02005 0.028044 0.0371395 0.0467656 0.0560188 0.0638603 0.0694811 0.0725517 0.0731833 0.0717102 0.0685064 0.0639227 0.0582933 0.0519495 0.0452158 0.0383945 0.031745 0.0254732 0.0197373 0.0146638 0.0103568 0.00688795 0.00427217
 0.0084742 0.0137031 0.0205019 0.0287559 0.0381444 0.0480108 0.0573338 0.0649741 0.0701001 0.072466 0.0723507 0.070278 0.0667664 0.0622196 0.0569225 0.0510783 0.0448573 0.0384374 0.0320205 0.0258231 0.0200558 0.0149043 0.0105157 0.00698248 0.00432364
 0.00807752 0.0131505 0.019844 0.0281058 0.0376558 0.0478347 0.0575708 0.0656362 0.0710899 0.0735819 0.0733301 0.0708781 0.0668534 0.0618222 0.0562173 0.0503135 0.0442537 0.0381154 0.031982 0.0259852 0.0203077 0.015155 0.0107154 0.00711855 0.0044054
#obs surv len freq
 nan nan nan nan nan nan nan nan nan nan nan nan nan nan nan nan nan nan nan nan nan nan nan nan nan
 0.00448583 0.00734785 0.0111786 0.0159958 0.0216974 0.0279736 0.034288 0.0400191 0.044698 0.0481607 0.0505172 0.0520115 0.0529023 0.0534133 0.0537265 0.0539806 0.0542586 0.054551 0.0546895 0.0542813 0.0527194 0.0493518 0.043802 0.0362828 0.0276672
 0.00461312 0.0075579 0.0115002 0.0164565 0.0223166 0.0287525 0.0351986 0.0410021 0.0456709 0.0490347 0.0512142 0.0524758 0.0531055 0.0533547 0.0534284 0.0534804 0.0536001 0.0537772 0.0538398 0.053393 0.0518315 0.0485078 0.0430469 0.0356546 0.0271871
 0.00477635 0.00782318 0.0118995 0.01702 0.0230676 0.0296984 0.0363212 0.0422512 0.0469681 0.0502839 0.0523152 0.0533372 0.0536558 0.0535507 0.0532595 0.052967 0.0527866 0.0527228 0.0526107 0.0520593 0.0504684 0.0471952 0.0418641 0.0346671 0.0264309
 0.00497132 0.00814185 0.0123821 0.0177049 0.0239835 0.0308524 0.0376871 0.0437658 0.04854 0.05181 0.053695 0.0544792 0.0544803 0.0539928 0.0532752 0.0525403 0.0519333 0.0514899 0.0510727 0.050313 0.048629 0.0453899 0.0402186 0.0332839 0.0253679
 0.00517035 0.00847093 0.0128877 0.0184338 0.024974 0.0321197 0.039208 0.0454734 0.0503329 0.0535714 0.055311 0.0558495 0.0555211 0.0546357 0.0534667 0.0522442 0.0511367 0.0502117 0.0493706 0.0482881 0.0464229 0.043173 0.0381657 0.031541 0.0240199
 0.00540076 0.00884433 0.0134479 0.0192219 0.0260221 0.0334403 0.0407819 0.0472431 0.0522072 0.0554401 0.0570595 0.0573704 0.0567199 0.0554343 0.053803 0.0520716 0.0504263 0.0489601 0.0476136 0.0461144 0.0439808 0.0406601 0.0357979 0.0295058 0.0224328
 0.00563926 0.00923776 0.0140503 0.0200863 0.0271894 0.0349217 0.0425428 0.0491992 0.0542404 0.057423 0.0588773 0.058928 0.05794 0.0562515 0.0541606 0.0519206 0.0497289 0.0476978 0.0458035 0.0438291 0.0413635 0.0379203 0.0331786 0.0272285 0.0206415
 0.00587606 0.00962463 0.0146365 0.0209201 0.0283098 0.0363456 0.0442492 0.051122 0.0562743 0.0594415 0.060753 0.0605481 0.0592143 0.0571129 0.0545595 0.0518174 0.0490896 0.0464994 0.0440503 0.0415773 0.0387427 0.0351358 0.0304818 0.024858 0.0187603
 0.00613357 0.0100466 0.0152774 0.0218323 0.0295327 0.037889 0.0460775 0.0531496 0.0583793 0.0614904 0.0626218 0.0621332 0.0604342 0.0579061 0.0548815 0.051636 0.0483807 0.0452477 0.0422612 0.0392999 0.0360951 0.0323136 0.0277335 0.0224273 0.0168199
 0.0063831 0.0104553 0.0158983 0.0227167 0.0307205 0.0393932 0.0478673 0.0551443 0.0604588 0.063518 0.064467 0.0636868 0.0616133 0.0586536 0.0551603 0.0514225 0.0476586 0.0440088 0.0405142 0.037092 0.0335351 0.0295832 0.0250672 0.02006 0.0149217
 0.00661409 0.0108371 0.0164845 0.0235608 0.0318653 0.0408529 0.0496107 0.0570892 0.062484 0.065487 0.0662513 0.0651785 0.0627308 0.059341 0.0553842 0.0511659 0.0469152 0.04278 0.0388166 0.0349738 0.0310986 0.0269954 0.0225437 0.0178182 0.0131212
 0.00684473 0.0112124 0.0170503 0.0243604 0.0329319 0.0421975 0.0512079 0.0588709 0.0643468 0.0673096 0.0679128 0.0665734 0.0637757 0.0599779 0.0555792 0.0509039 0.0461943 0.0416089 0.0372182 0.0329991 0.0288445 0.0246139 0.0202288 0.0157647 0.011472
 0.00705646 0.0115623 0.017587 0.0251317 0.0339739 0.0435179 0.0527711 0.0605942 0.066115 0.0689994 0.0694145 0.0678001 0.0646643 0.0604856 0.0556805 0.0505882 0.0454628 0.0404733 0.0357052 0.0311608 0.026772 0.0224446 0.0181341 0.0139147 0.00999029
 0.0072548 0.0118875 0.0180814 0.0258366 0.0349214 0.044718 0.0541973 0.0621782 0.0677538 0.0705747 0.0708125 0.068927 0.0654541 0.0609011 0.0557082 0.0502306 0.044732 0.0393885 0.0342967 0.0294798 0.0249022 0.0205079 0.0162788 0.0122858 0.00869114
 0.00744827 0.0122018 0.0185539 0.0265015 0.0358027 0.0458188 0.055489 0.0635963 0.0692072 0.0719616 0.0720372 0.0699095 0.0661346 0.0612418 0.0556932 0.0498625 0.044027 0.0383725 0.0330055 0.0279653 0.0232417 0.0188078 0.0146653 0.0108794 0.00757553
 0.00751502 0.012319 0.0187469 0.0268002 0.0362368 0.0464086 0.0562361 0.0644793 0.0701834 0.0729742 0.073022 0.0708005 0.0668686 0.0617626 0.0559564 0.0498397 0.0437071 0.0377621 0.0321294 0.0268686 0.021994 0.0175027 0.013411 0.00977806 0.00669814
 0.00759069 0.0124316 0.0188977 0.0269865 0.036456 0.0466645 0.0565417 0.0648529 0.0706405 0.0735169 0.073633 0.0714428 0.0674908 0.062306 0.0563632 0.0500591 0.0437012 0.0375111 0.0316353 0.0261594 0.0211247 0.0165528 0.0124739 0.00894206 0.00602555
 0.00766285 0.0125449 0.0190601 0.0272011 0.0367186 0.0469622 0.056853 0.0651536 0.0709133 0.073761 0.0738644 0.0716842 0.0677556 0.062587 0.0566292 0.0502627 0.0437908 0.0374428 0.0313842 0.025727 0.0205427 0.0158806 0.0117874 0.00831604 0.00551485
 0.0077207 0.0126327 0.0191806 0.027353 0.0368972 0.0471604 0.0570618 0.0653618 0.0711079 0.0739304 0.0740033 0.0717974 0.067857 0.0626924 0.0567459 0.0503802 0.0438793 0.0374615 0.0312944 0.025507 0.020198 0.0154457 0.0113174 0.00787129 0.00514294
 0.0077708 0.0127099 0.0192889 0.0274924 0.0370637 0.0473453 0.0572523 0.0655422 0.0712634 0.074051 0.074086 0.0718461 0.0678806 0.0627027 0.0567542 0.0503923 0.0438903 0.0374531 0.0312396 0.0253804 0.0199891 0.0151666 0.0110013 0.00756106 0.00487642
 0.00782959 0.0127999 0.0194138 0.0276514 0.0372516 0.0475526 0.0574653 0.0657437 0.0714353 0.0741781 0.0741598 0.0718663 0.0678545 0.0626429 0.0566752 0.0503071 0.0438064 0.0373689 0.0311442 0.025258 0.0198276 0.0149661 0.0107775 0.00733999 0.004684
 0.00785551 0.012841 0.0194736 0.0277321 0.0373532 0.0476722 0.057596 0.0658755 0.0715566 0.0742789 0.0742332 0.0719095 0.0678678 0.0626291 0.0566396 0.0502565 0.0437471 0.0373042 0.031072 0.0251719 0.0197203 0.0148359 0.0106315 0.00719327 0.00455368
 0.00787876 0.0128735 0.0195129 0.0277731 0.0373901 0.0477012 0.0576178 0.0658944 0.0715786 0.0743081 0.0742703 0.0719514 0.0679093 0.0626646 0.0566646 0.0502686 0.0437457 0.0372899 0.0310447 0.0251298 0.0196611 0.0147593 0.0105422 0.00710073 0.00446922
 0.00790704 0.0129164 0.0195712 0.0278449 0.0374701 0.0477814 0.0576878 0.0659443 0.0716019 0.074305 0.0742481 0.0719211 0.0678811 0.0626438 0.056651 0.0502584 0.0437342 0.037273 0.0310198 0.0250949 0.0196153 0.0147031 0.0104789 0.00703638 0.0044109
 0.00789441 0.0128973 0.0195453 0.0278128 0.0374335 0.0477427 0.0576498 0.0659098 0.0715733 0.0742843 0.074237 0.0719216 0.0678957 0.0626744 0.0566974 0.0503168 0.0437978 0.0373336 0.0310698 0.0251289 0.0196306 0.0147002 0.0104613 0.00700981 0.00438203
 0.00790838 0.0129108 0.0195488 0.0277927 0.0373765 0.0476424 0.0575125 0.0657538 0.0714237 0.0741642 0.074161 0.0718948 0.0679148 0.0627318 0.0567836 0.0504223 0.0439128 0.0374484 0.0311748 0.0252163 0.0196954 0.014741 0.0104805 0.00701297 0.00437575
 0.00790372 0.0129042 0.0195402 0.0277812 0.0373587 0.0476116 0.0574586 0.0656679 0.0713037 0.07402 0.0740145 0.0717728 0.0678398 0.062715 0.0568233 0.0505072 0.0440272 0.0375761 0.0313013 0.02533 0.0197882 0.014809 0.0105243 0.00703651 0.00438514
 0.00787579 0.0128568 0.0194655 0.0276717 0.0372104 0.0474274 0.0572509 0.0654567 0.0711109 0.0738627 0.0739022 0.0717097 0.0678286 0.0627583 0.0569216 0.0506553 0.044213 0.0377819 0.0315081 0.0255206 0.0199499 0.0149352 0.0106142 0.00709446 0.00441839
 0.00786406 0.0128354 0.0194289 0.0276129 0.0371224 0.0473051 0.0570945 0.0652734 0.0709152 0.0736744 0.0737421 0.0715951 0.06777 0.0627589 0.0569791 0.0507636 0.0443628 0.0379606 0.0316998 0.0257081 0.0201178 0.0150729 0.0107173 0.00716449 0.00446132
 0.00787053 0.0128417 0.0194305 0.0276027 0.0370918 0.0472471 0.0570052 0.0651539 0.0707714 0.0735166 0.0735841 0.0714531 0.0676602 0.0626945 0.0569675 0.0508057 0.0444532 0.0380888 0.0318519 0.0258681 0.02027 0.0152045 0.0108205 0.00723791 0.0045084
 0.00783039 0.0127827 0.0193532 0.027511 0.0369916 0.047143 0.0568993 0.0650462 0.0706619 0.0734077 0.0734818 0.0713659 0.0675979 0.0626662 0.05698 0.050862 0.0445516 0.0382226 0.0320098 0.0260355 0.0204317 0.0153471 0.0109353 0.0073218 0.00456389
 0.00778997 0.0127134 0.0192429 0.0273482 0.03677 0.0468683 0.056593 0.0647435 0.0704015 0.0732193 0.0733784 0.0713441 0.067645 0.0627676 0.0571234 0.0510385 0.0447541 0.0384436 0.0322395 0.0262619 0.0206416 0.0155286 0.0110804 0.0074282 0.00463496
 0.0077807 0.012692 0.0191987 0.0272671 0.036637 0.046673 0.0563357 0.0644385 0.0700774 0.072914 0.0731308 0.0711852 0.0675898 0.0628133 0.0572536 0.0512305 0.0449857 0.038696 0.0324973 0.0265116 0.0208704 0.0157255 0.0112381 0.00754463 0.0047135
 0.00773739 0.0126265 0.019109 0.0271534 0.0365003 0.0465132 0.056151 0.0642276 0.0698435 0.0726685 0.0728954 0.0709885 0.0674613 0.0627744 0.057312 0.051378 0.0452022 0.0389558 0.0327747 0.0267844 0.0211209 0.0159406 0.0114101 0.00767171 0.00479958
 0.00931838 0.014836 0.0217683 0.0298747 0.0388008 0.0479955 0.0566454 0.0638158 0.0687708 0.0712186 0.0713006 0.0694028 0.0659749 0.0614393 0.0561587 0.0504219 0.0444438 0.0383817 0.0323613 0.0265027 0.0209409 0.0158348 0.0113544 0.00764681 0.0047912
 0.00930531 0.0151067 0.0226901 0.0319021 0.0422765 0.0528824 0.0623576 0.0693152 0.0729372 0.0732926 0.0711343 0.0673975 0.0628051 0.0577653 0.0524656 0.0469966 0.041425 0.0358195 0.0302577 0.0248334 0.0196656 0.0149026 0.0107075 0.00722448 0.00453415
 0.00897746 0.0145915 0.0219694 0.0310271 0.0414205 0.0523758 0.0626468 0.070802 0.0757348 0.0770457 0.0750655 0.070602 0.064628 0.058028 0.0514327 0.0451612 0.0392787 0.0337207 0.0284085 0.0233161 0.0184898 0.0140389 0.0101081 0.00683379 0.00429692
 0.00881083 0.0143111 0.0215305 0.0303856 0.04055 0.0512995 0.0614785 0.0697726 0.0751736 0.0772887 0.0763024 0.0727335 0.067235 0.0605077 0.0532425 0.0460266 0.0392473 0.0330613 0.0274505 0.022327 0.0176293 0.0133709 0.00963374 0.00652289 0.00410864
 0.00874413 0.0141981 0.0213509 0.0301151 0.0401625 0.0507733 0.0608074 0.0689829 0.0743432 0.0765616 0.0758793 0.0728202 0.0679503 0.0617932 0.0548406 0.0475646 0.0403903 0.0336426 0.0275043 0.0220233 0.0171702 0.0129135 0.00926265 0.00626153 0.00394446
 0.00870433 0.0141315 0.0212471 0.0299621 0.0399485 0.0504885 0.0604466 0.0685481 0.0738467 0.0760325 0.0753743 0.0724323 0.0677994 0.0619875 0.0554179 0.0484456 0.0413866 0.0345272 0.0281074 0.022293 0.0171668 0.0127533 0.00905676 0.00608055 0.0038155
 0.0087016 0.0141241 0.0212301 0.0299284 0.0398895 0.0503953 0.0603119 0.068367 0.0736171 0.0757565 0.0750624 0.0721096 0.0675124 0.0618044 0.0554117 0.0486617 0.0418084 0.0350667 0.0286348 0.0226928 0.0173847 0.0128059 0.00900439 0.00598895 0.00372965
 0.00870232 0.0141256 0.0212326 0.0299318 0.0398922 0.0503933 0.0602984 0.0683324 0.0735516 0.0756523 0.0749163 0.0719257 0.0673053 0.0616023 0.0552566 0.0486007 0.0418751 0.0352598 0.02891 0.0229776 0.0176107 0.0129374 0.00904646 0.00597288 0.00369076
 0.00869591 0.014117 0.0212231 0.0299238 0.0398882 0.0503953 0.0603061 0.0683426 0.0735581 0.0756466 0.0748888 0.0718686 0.0672159 0.0614866 0.0551317 0.0484941 0.0418181 0.0352752 0.0289991 0.0231157 0.0177572 0.0130545 0.00911525 0.00599662 0.00368601
 0.0086664 0.0140718 0.0211604 0.0298443 0.0397957 0.0502966 0.0602109 0.0682626 0.0735037 0.0756233 0.0748951 0.0718957 0.0672507 0.0615165 0.0551497 0.0485024 0.0418286 0.0353042 0.0290587 0.0232058 0.0178633 0.0131548 0.00919159 0.00604216 0.0037053
 0.00865814 0.0140569 0.0211354 0.0298053 0.0397398 0.0502237 0.0601254 0.0681733 0.0734222 0.0755609 0.0748595 0.0718894 0.06727 0.0615529 0.0551929 0.0485443 0.0418663 0.0353415 0.0291029 0.0232619 0.0179297 0.013223 0.00925057 0.00608438 0.00372967
 0.00864228 0.0140329 0.0211025 0.0297637 0.0396903 0.0501668 0.0600617 0.0681043 0.0733512 0.0754938 0.0748044 0.0718545 0.0672609 0.0615707 0.0552333 0.0485994 0.0419279 0.0354037 0.0291639 0.0233225 0.01799 0.0132805 0.00930074 0.00612291 0.00375507
 0.00864488 0.0140341 0.0210988 0.0297503 0.0396625 0.0501227 0.0600034 0.0680377 0.0732838 0.0754323 0.0747531 0.071816 0.0672376 0.0615648 0.0552463 0.0486303 0.0419729 0.0354575 0.0292212 0.0233795 0.0180442 0.0133298 0.00934285 0.00615574 0.00377787
 0.00863707 0.0140242 0.021089 0.0297436 0.0396614 0.0501267 0.0600084 0.0680367 0.0732703 0.0754039 0.0747126 0.0717701 0.0671942 0.0615305 0.0552254 0.0486249 0.041983 0.0354809 0.0292543 0.023418 0.018084 0.0133674 0.00937547 0.00618163 0.00379639
 0.00862404 0.0140031 0.0210577 0.0297008 0.0396078 0.0500661 0.0599477 0.0679847 0.0732344 0.0753865 0.0747109 0.0717781 0.0672066 0.0615448 0.0552424 0.0486468 0.0420117 0.0355169 0.0292962 0.0234629 0.0181284 0.0134081 0.0094099 0.00620833 0.00381526
 0.00862404 0.0140031 0.0210577 0.0297008 0.0396078 0.0500661 0.0599477 0.0679847 0.0732344 0.0753865 0.0747109 0.0717781 0.0672066 0.0615448 0.0552424 0.0486468 0.0420117 0.0355169 0.0292962 0.0234629 0.0181284 0.0134081 0.0094099 0.00620833 0.00381526
 0.00854845 0.0138841 0.0208864 0.0294727 0.0393252 0.049741 0.0596041 0.0676576 0.0729636 0.0752069 0.0746434 0.0718249 0.0673527 0.0617638 0.055504 0.0489239 0.0422835 0.0357698 0.0295222 0.0236575 0.0182896 0.0135355 0.0095052 0.00627516 0.00385874
 0.00882536 0.0143105 0.0214819 0.030235 0.0402254 0.0507206 0.0605741 0.0685065 0.0735802 0.0755097 0.0746033 0.07147 0.0667536 0.0610115 0.0546878 0.0481169 0.0415374 0.0351153 0.0289737 0.0232177 0.017953 0.0132909 0.00933752 0.00616755 0.0037946
 0.00891802 0.0144901 0.0218037 0.0307634 0.041012 0.051772 0.0618262 0.0698243 0.0747876 0.0764384 0.0751344 0.0715544 0.0664122 0.0603203 0.0537562 0.0470637 0.0404701 0.034117 0.0280983 0.0224924 0.0173837 0.0128682 0.00904193 0.00597421 0.00367716
 0.00868964 0.0141381 0.0213139 0.0301459 0.0403108 0.0510724 0.061252 0.0695134 0.0748471 0.0768959 0.0759166 0.0725091 0.0673607 0.0611132 0.0543079 0.0473585 0.0405458 0.0340399 0.0279383 0.0223073 0.0172116 0.0127287 0.00894026 0.00590675 0.00363629
 0.00816637 0.0132778 0.0200069 0.0282995 0.0378883 0.0481456 0.0580444 0.0663948 0.07226 0.075238 0.0754319 0.0732292 0.0691117 0.0635757 0.0571065 0.050151 0.0430843 0.0361901 0.0296635 0.0236337 0.0181952 0.0134322 0.00942299 0.00622143 0.00382896
 0.00833561 0.0134929 0.0202158 0.0284066 0.0377673 0.0476691 0.0571203 0.0650038 0.0704846 0.0732745 0.0735677 0.0717803 0.0683336 0.0635849 0.0578494 0.0514318 0.0446376 0.0377622 0.0310707 0.0247812 0.0190642 0.0140509 0.00983974 0.00648701 0.00398826
 0.00864372 0.0140128 0.0210267 0.0295753 0.0393094 0.0494997 0.0590211 0.066643 0.0715036 0.0734084 0.0727428 0.0701439 0.0662086 0.0613717 0.0559101 0.0499987 0.0437743 0.0373874 0.0310243 0.0248981 0.0192223 0.0141856 0.00993143 0.00654065 0.00401624
 0.00858472 0.0139536 0.0210082 0.0296649 0.0395917 0.0500537 0.0598887 0.0677967 0.0728222 0.0746782 0.0736985 0.0705475 0.0659398 0.0604825 0.0546127 0.0485878 0.0425229 0.0364647 0.0304684 0.0246445 0.0191614 0.0142151 0.00998375 0.00658427 0.00404367
#pred catch len freq
 0.00432684 0.00685377 0.0100125 0.0137333 0.0179758 0.0227079 0.0278352 0.0331655 0.038443 0.043411 0.047854 0.0516192 0.0546289 0.0568794 0.0584194 0.0593203 0.059656 0.0594797 0.0587763 0.0573855 0.0549509 0.0509932 0.0451596 0.0375472 0.0288655
 0.00460741 0.00722121 0.0104048 0.0140466 0.0181037 0.0225976 0.0275248 0.0327722 0.0381032 0.0432097 0.0477879 0.0516127 0.0545892 0.0567549 0.0582307 0.0591524 0.0596146 0.059633 0.0591092 0.0577935 0.0552821 0.0511196 0.0450372 0.0372288 0.0284628
 0.00481864 0.00756956 0.0109318 0.0147768 0.0190198 0.0236147 0.0284861 0.0334878 0.0384279 0.0431146 0.0473722 0.0510422 0.0540053 0.0562199 0.057739 0.0586848 0.0591822 0.0592781 0.0588668 0.0576498 0.0551673 0.0509437 0.0447445 0.0368307 0.0280259
 0.00506621 0.0079532 0.0114773 0.0155035 0.019946 0.0247574 0.0298447 0.0350115 0.0399862 0.0445007 0.048358 0.0514659 0.0538388 0.0555675 0.0567733 0.0575685 0.0580283 0.0581535 0.0578105 0.0566783 0.0542716 0.0500982 0.0439315 0.0360632 0.0273459
 0.0053411 0.00838224 0.0120904 0.0163188 0.0209705 0.0259883 0.0312679 0.0365981 0.0416856 0.0462287 0.0499823 0.052806 0.0546985 0.0557981 0.0563336 0.0565401 0.0565768 0.0564643 0.0560384 0.0549291 0.0526082 0.0485586 0.0425472 0.0348694 0.0263776
 0.00567467 0.00889982 0.0128246 0.0172869 0.0221769 0.0274264 0.0329173 0.0384179 0.0436103 0.0481701 0.051833 0.0544404 0.0559733 0.0565618 0.056454 0.0559461 0.0552928 0.0546119 0.0538025 0.0525092 0.0501826 0.046271 0.040509 0.0331617 0.0250459
 0.00602909 0.00944969 0.0136043 0.0183141 0.0234546 0.0289456 0.0346539 0.0403272 0.0456243 0.0502 0.0537754 0.0561827 0.0573973 0.0575461 0.0568791 0.0557095 0.0543359 0.0529508 0.0515437 0.0498388 0.0473322 0.043477 0.037977 0.0310407 0.023411
 0.00638352 0.0100048 0.0144015 0.0193808 0.0248033 0.0305721 0.0365311 0.0423981 0.0478022 0.0523769 0.0558332 0.0580046 0.0588737 0.0585773 0.0573731 0.0555823 0.05352 0.0514178 0.0493344 0.0470847 0.0442525 0.0403457 0.0350688 0.0285733 0.021504
 0.00672529 0.0105396 0.015169 0.020408 0.026106 0.032154 0.0383773 0.0444655 0.0500138 0.0546234 0.0579842 0.0599231 0.0604329 0.0596708 0.0579178 0.0555126 0.0527844 0.0499864 0.0472223 0.0443828 0.0411468 0.0371044 0.0319921 0.0259218 0.0194357
 0.00701068 0.0109919 0.0158292 0.0213097 0.0272733 0.0335976 0.0400865 0.0464001 0.0521021 0.0567672 0.0600665 0.0618177 0.0620142 0.0608254 0.0585521 0.0555551 0.0521845 0.0487166 0.0452917 0.0418626 0.0381951 0.0339667 0.0289628 0.0232734 0.0173473
 0.00730852 0.0114573 0.0164959 0.0222006 0.028402 0.0349688 0.0416911 0.0482065 0.05405 0.0587679 0.06201 0.0635839 0.0634866 0.0619008 0.059146 0.055602 0.0516365 0.0475459 0.0435028 0.0395148 0.0354257 0.0309967 0.0260675 0.0207178 0.0153146
 0.00767971 0.0120236 0.0172804 0.0232036 0.0296075 0.036354 0.0432293 0.0498634 0.0557773 0.0605001 0.0636659 0.0650724 0.0647142 0.0627806 0.0596037 0.0555786 0.0510883 0.0464467 0.0418535 0.0373632 0.0328888 0.0282685 0.0233951 0.0183452 0.0134162
 0.00811088 0.0126786 0.0181807 0.0243401 0.0309459 0.037845 0.0448149 0.0514784 0.0573525 0.0619687 0.0649699 0.066163 0.0655488 0.0633178 0.0598017 0.0553957 0.0504859 0.0453955 0.0403461 0.0354328 0.0306292 0.0258425 0.0210154 0.016226 0.0117139
 0.00849564 0.0132839 0.0190534 0.0255084 0.0324132 0.0395806 0.0467441 0.053482 0.0592827 0.0636791 0.0663441 0.0671314 0.0660883 0.0634406 0.0595372 0.0547726 0.049521 0.044094 0.0387136 0.0334972 0.0284642 0.0235793 0.0188291 0.0142951 0.0101691
 0.00884403 0.0138311 0.0198426 0.0265706 0.0337658 0.0412234 0.0486475 0.0555722 0.0614347 0.0657248 0.0680978 0.0684265 0.0668141 0.0635626 0.0590924 0.0538436 0.0482023 0.0424671 0.0368413 0.0314364 0.0262895 0.0213994 0.0167826 0.0125212 0.00876661
 0.00897629 0.0140588 0.0202096 0.0271283 0.0345654 0.0423019 0.0500117 0.0571875 0.0632235 0.0675717 0.0698585 0.0699424 0.0679334 0.0641688 0.0591284 0.0533208 0.0471894 0.0410646 0.0351562 0.0295709 0.0243443 0.0194837 0.0150139 0.0110082 0.00758168
