SBPRF35
12.7214
Curr Bio
604823
B35
874618
F35
0.169886
FOFL
0.118849
OFL
61952.4
Bzero
3.63469e+006
#pred survey bio
 3.60745e+006 3.4762e+006 3.36366e+006 3.20315e+006 3.01676e+006 2.78752e+006 2.53747e+006 2.30607e+006 2.09037e+006 1.85842e+006 1.64862e+006 1.49006e+006 1.30378e+006 1.14823e+006 998640 870591 785761 717990 673346 632454 599270 595485 593566 586704 573152 562756 567338 562732 560231 556221 557877 563552 570638 568823 583945 589815 605043 623480 632540 631679 630303 638301 640999 646752 657495 647627 643930 638647 635465 623552 608537 2.1993e+007 1.322e+007 1.36175e+007 1.47901e+007 1.64975e+007 1.84131e+007 2.0289e+007 2.19785e+007 2.34171e+007 2.45955e+007 2.55346e+007 2.62687e+007 2.6835e+007 2.7268e+007 2.75973e+007 2.78472e+007 2.80367e+007 2.81806e+007 2.82901e+007 2.83738e+007 2.84381e+007 2.84876e+007 2.85259e+007 2.85558e+007 2.85792e+007 2.85976e+007 2.8612e+007 2.86235e+007 2.86326e+007 2.86398e+007 2.86456e+007 2.86503e+007 2.8654e+007 2.86571e+007 2.86595e+007 2.86615e+007 2.86631e+007 2.86644e+007 2.86655e+007 2.86664e+007 2.86671e+007 2.86677e+007 2.86681e+007 2.86685e+007 2.86688e+007 2.86691e+007 2.86693e+007 2.86695e+007 2.86696e+007 2.86697e+007 2.86698e+007 2.86699e+007 2.867e+007 2.867e+007 2.86701e+007 2.86701e+007 2.86701e+007 2.86701e+007 2.86702e+007 2.86702e+007 2.86702e+007 2.86702e+007 2.86702e+007 2.86702e+007 2.86702e+007 2.86702e+007 2.86702e+007 2.86702e+007 2.86702e+007 2.86702e+007 2.86702e+007 2.86702e+007 2.86702e+007 2.86702e+007 2.86702e+007 2.86702e+007 2.86702e+007 2.86702e+007 2.86702e+007 2.86702e+007 2.86702e+007 2.86702e+007 2.86702e+007 2.86702e+007 2.86702e+007 2.86702e+007 2.86702e+007 2.86702e+007 2.86702e+007 2.86702e+007 2.86702e+007 2.86702e+007 2.86702e+007 2.86702e+007 2.86702e+007 2.86702e+007 2.86702e+007 2.86702e+007 2.86702e+007 2.86702e+007 0 0 0 0 0 0 0 0 0 0 0 0 0 0 0 0 0 0 0 0 0 0 0 0 0
#obs survey bio
 4.39155e+006 3.7125e+006 3.50363e+006 3.17695e+006 2.81703e+006 4.12417e+006 2.68776e+006 2.67806e+006 1.79955e+006 1.5156e+006 1.36309e+006 1.11783e+006 1.24276e+006 1.16794e+006 779024 922800 814965 503600 640140 492555 626036 438651 387582 747777 586676 692923 616015 500143 481013 547319 635770 744740 449026 529823 543735 579405 639280 580121 536335 523160 550992 825192 640712 496054 579310 658959 649844 466718 837830 822430 653899
#pred catch bio
 106600 96823.9 150212 186477 240931 276975 277446 280034 309753 301938 265624 296150 270537 263967 241415 200228 182940 161102 155650 146048 119517 117545 119890 122043 115818 101366 108275 105423 105654 99901.5 96192.8 95212.3 102655 88706.8 97804.7 91216.6 90421.9 99762.2 108228 107691 98919.3 103014 100099 95925 112669 105723 105743 102482 107816 106754 72661.3 61952.4 86602.1 87913.6 94089.6 104570 116746 128676 139302 148199 155331 160866 165058 168176 170460 172114 173301 174147 174747 175169 175466 175674 175819 175920 175991 176040 176074 176097 176113 176125 176132 176138 176141 176144 176146 176147 176148 176148 176149 176149 176149 176149 176149 176149 176149 176149 176150 176150 176150 176150 176150 176150 176150 176150 176150 176150 176150 176150 176150 176150 176150 176150 176150 176150 176150 176150 176150 176150 176150 176150 176150 176150 176150 176150 176150 176150 176150 176150 176150 176150 176150 176150 176150 176150 176150 176150 176150 176150 176150 176150 176150 176150 176150 176150 176150 176150 176150 176150 176150 176150 176150 0 0 0 0 0 0 0 0 0 0 0 0 0 0 0 0 0 0 0 0 0 0 0 0 0
#obs catch bio
 0 96372.3 150256 186451 241478 277543 278450 280955 311588 305016 267374 300152 273139 266578 244526 201736 183860 163529 158184 149254 120956 119590 122164 123002 116282 101369 108539 105855 106287 100445 96232 95310.2 103239 88733.5 98086.7 91769.4 90783.4 100313 108996 108754 99188.9 103061 100309 96167.8 112887 105708 105899 102678 107659 106983 72432.6
#pred cpue bio
 3.55866e+006 3.42906e+006 3.31783e+006 3.1577e+006 2.97138e+006 2.74259e+006 2.49322e+006 2.26236e+006 2.04719e+006 1.81627e+006 1.60762e+006 1.44992e+006 1.26552e+006 1.11182e+006 964435 838477 755039 688347 644403 604474 572255 568688 567070 560945 548421 538710 543348 538942 536572 532826 534650 540320 547277 545552 560302 565938 580671 598645 607521 606779 605679 613770 616568 622240 632868 623438 619996 615016 612155 600885 586928 2.12688e+007 1.28043e+007 1.30372e+007 1.40012e+007 1.56244e+007 1.75174e+007 1.93883e+007 2.10768e+007 2.25152e+007 2.36935e+007 2.46326e+007 2.53667e+007 2.5933e+007 2.6366e+007 2.66953e+007 2.69452e+007 2.71347e+007 2.72786e+007 2.73881e+007 2.74718e+007 2.75361e+007 2.75856e+007 2.76239e+007 2.76538e+007 2.76772e+007 2.76956e+007 2.771e+007 2.77215e+007 2.77306e+007 2.77378e+007 2.77436e+007 2.77483e+007 2.77521e+007 2.77551e+007 2.77575e+007 2.77595e+007 2.77611e+007 2.77625e+007 2.77635e+007 2.77644e+007 2.77651e+007 2.77657e+007 2.77661e+007 2.77665e+007 2.77668e+007 2.77671e+007 2.77673e+007 2.77675e+007 2.77676e+007 2.77677e+007 2.77678e+007 2.77679e+007 2.7768e+007 2.7768e+007 2.77681e+007 2.77681e+007 2.77681e+007 2.77682e+007 2.77682e+007 2.77682e+007 2.77682e+007 2.77682e+007 2.77682e+007 2.77682e+007 2.77682e+007 2.77682e+007 2.77682e+007 2.77682e+007 2.77682e+007 2.77682e+007 2.77683e+007 2.77683e+007 2.77683e+007 2.77683e+007 2.77683e+007 2.77683e+007 2.77683e+007 2.77683e+007 2.77683e+007 2.77683e+007 2.77683e+007 2.77683e+007 2.77683e+007 2.77683e+007 2.77683e+007 2.77683e+007 2.77683e+007 2.77683e+007 2.77683e+007 2.77683e+007 2.77683e+007 2.77683e+007 2.77683e+007 2.77683e+007 2.77683e+007 2.77683e+007 2.77683e+007 2.77683e+007 2.77683e+007 2.77683e+007 0 0 0 0 0 0 0 0 0 0 0 0 0 0 0 0 0 0 0 0 0 0 0 0 0
#obs cpue bio
 6.14487e+006 3.59041e+006 3.50437e+006 1.98059e+006 2.56606e+006 2.00137e+006 1.64371e+006 1.85576e+006 2.19516e+006 1.44465e+006 1.82791e+006 1.50438e+006 1.30197e+006 1.04168e+006 926731 800064 785922 437268 538169 447497 556199 457193 636326 777252 619269 465344 480830 481118 533990 487988 639634 367941 563058 623088 609259 350557 577537 584987 625498 525925 945899 631051 506971 640168 988955 604710 565071 737857 668066 426498 549310
#pred surv len freq
 0.00529255 0.00846904 0.0125161 0.0173448 0.0228112 0.0286642 0.0345026 0.0398482 0.0443159 0.047743 0.0501806 0.0517917 0.0527586 0.0532414 0.0533721 0.0532659 0.0530368 0.0527914 0.0525659 0.0522023 0.0512396 0.048962 0.0446942 0.0382376 0.0301522
 0.0054909 0.0087096 0.012731 0.0174316 0.0226743 0.0282728 0.0339282 0.039248 0.0438647 0.0475539 0.0502642 0.0520765 0.0531502 0.0536782 0.0538468 0.0538055 0.0536576 0.0534557 0.053165 0.0525817 0.0512617 0.0485751 0.0439677 0.0373379 0.0292713
 0.00573309 0.0090903 0.0132739 0.0181352 0.0234954 0.0291141 0.0346436 0.0396821 0.04392 0.0472475 0.0497304 0.0515031 0.0526921 0.0534054 0.053752 0.053848 0.0537963 0.0536475 0.0533423 0.0526419 0.0510935 0.0481131 0.0432381 0.0364587 0.0284024
 0.00595494 0.00944949 0.0138119 0.0188894 0.0244908 0.0303473 0.036062 0.0411685 0.0452988 0.0483208 0.0503385 0.0515849 0.0523103 0.0527172 0.05294 0.053053 0.053086 0.0530217 0.052752 0.0520094 0.0503379 0.0471881 0.0421664 0.0353369 0.0273637
 0.00616974 0.00979259 0.014318 0.0195895 0.0254103 0.0315005 0.0374422 0.0427359 0.0469706 0.0499676 0.0517919 0.0526642 0.052869 0.0526933 0.052382 0.0520994 0.0519078 0.0517586 0.0514751 0.0507231 0.0490125 0.0458056 0.0407569 0.033985 0.0261789
 0.00644622 0.010228 0.0149475 0.0204381 0.0264911 0.0328114 0.0389606 0.0444151 0.048741 0.0517416 0.0534646 0.0541112 0.05395 0.0532723 0.0523644 0.0514689 0.0507383 0.0501882 0.0496561 0.0487779 0.0470227 0.0438335 0.0388759 0.0322899 0.0247656
 0.00677732 0.0107487 0.0156989 0.0214475 0.0277688 0.0343462 0.040713 0.0463144 0.0506932 0.0536443 0.05522 0.0556288 0.0551402 0.05404 0.052613 0.0511201 0.0497622 0.0486254 0.0476161 0.0464141 0.044502 0.0413181 0.0365187 0.0302281 0.0231007
 0.00710107 0.0112598 0.01644 0.0224492 0.0290463 0.0358932 0.0424935 0.0482583 0.0527026 0.0556086 0.057032 0.0571942 0.0563787 0.05488 0.0529846 0.050954 0.0490008 0.0472471 0.0456602 0.0439931 0.0417927 0.0385365 0.0338863 0.027935 0.0212722
 0.0073913 0.0117231 0.0171219 0.0233873 0.0302649 0.0373947 0.0442472 0.0501958 0.0547244 0.0576002 0.0588804 0.0587989 0.0576553 0.0557598 0.0534091 0.0508694 0.0483571 0.0460091 0.0438315 0.0416438 0.0390743 0.0356714 0.031129 0.0255158 0.0193444
 0.00770453 0.0122249 0.0178634 0.024412 0.0316015 0.0390463 0.0461778 0.0523242 0.056932 0.0597509 0.0608413 0.0604555 0.0589188 0.0565672 0.0537186 0.0506509 0.0475852 0.0446643 0.0419169 0.0392129 0.036258 0.0326823 0.02823 0.0229584 0.0173024
 0.00804037 0.0127511 0.0186194 0.0254238 0.0328813 0.0405895 0.0479573 0.0542828 0.0589822 0.0617825 0.0627339 0.0620914 0.0601951 0.057404 0.0540612 0.050466 0.0468535 0.0433774 0.040085 0.036887 0.033556 0.0297996 0.0254167 0.0204621 0.0153009
 0.00820693 0.0130296 0.019053 0.0260577 0.0337541 0.0417197 0.04933 0.0558463 0.060658 0.0634815 0.0643683 0.0635778 0.0614516 0.0583505 0.0546229 0.0505798 0.0464721 0.0424737 0.038659 0.0349812 0.0312744 0.0273167 0.0229587 0.0182576 0.0135189
 0.00847096 0.0134539 0.0196828 0.0269328 0.0349024 0.0431467 0.0510055 0.0576972 0.0625737 0.0653321 0.0660275 0.0649418 0.0624494 0.0589424 0.0547909 0.0503143 0.0457641 0.0413155 0.0370564 0.0329733 0.0289549 0.0248443 0.0205402 0.0161031 0.0117837
 0.00872098 0.0138469 0.0202499 0.0276961 0.0358742 0.0443273 0.0523773 0.0592184 0.0641771 0.0669294 0.0675183 0.0662244 0.0634338 0.0595612 0.0550049 0.0501088 0.0451402 0.040282 0.0356317 0.0311986 0.0269138 0.0226736 0.0184186 0.0142125 0.0102597
 0.00901181 0.0143096 0.0209269 0.0286187 0.0370552 0.0457512 0.0539905 0.0609293 0.0658703 0.0684899 0.0688506 0.0672597 0.064126 0.0598819 0.0549398 0.049657 0.0443122 0.0390984 0.0341237 0.0294163 0.0249389 0.0206278 0.0164546 0.0124832 0.00887656
 0.00937273 0.0148648 0.0217043 0.0296248 0.0382772 0.04716 0.0555391 0.0625478 0.0674667 0.0699584 0.0700876 0.0681798 0.0646742 0.0600363 0.0547059 0.0490573 0.0433769 0.037861 0.0326238 0.0277071 0.0230982 0.0187632 0.0146951 0.0109536 0.0076643
 0.0097061 0.0153687 0.0223918 0.0304834 0.0392743 0.0482521 0.0566786 0.0636859 0.0685551 0.0709524 0.0709466 0.068865 0.0651464 0.0602579 0.0546476 0.0487046 0.0427324 0.0369429 0.0314647 0.0263565 0.0216269 0.0172654 0.0132799 0.00972393 0.0066909
 0.00989737 0.0156842 0.0228733 0.0311683 0.0401827 0.0493694 0.0579423 0.0649897 0.0697745 0.07198 0.0717179 0.0693613 0.0653795 0.0602497 0.0544156 0.0482577 0.0420752 0.0360839 0.0304237 0.0251707 0.0203551 0.0159868 0.0120845 0.00869459 0.00588214
 0.0099267 0.0157375 0.0229657 0.0313215 0.0404248 0.0497321 0.0584524 0.0656567 0.0705773 0.0728604 0.072588 0.0701256 0.0659608 0.0606054 0.0545367 0.0481558 0.0417678 0.0355876 0.0297573 0.0243632 0.0194528 0.0150543 0.011197 0.00792173 0.00527079
 0.00997503 0.0158145 0.023079 0.0314778 0.0406304 0.0499925 0.0587723 0.0660394 0.0710236 0.0733651 0.0731335 0.070676 0.0664631 0.0609995 0.0547713 0.0482011 0.0416182 0.0352561 0.029268 0.0237486 0.0187555 0.0143284 0.0105033 0.00731634 0.00479153
 0.0101288 0.0160359 0.0233593 0.0317915 0.0409435 0.0502755 0.0590108 0.0662362 0.0711933 0.0735269 0.073304 0.0708642 0.0666651 0.0611957 0.0549284 0.0482789 0.0415819 0.0350856 0.0289629 0.0233273 0.0182525 0.0137899 0.0099806 0.00685612 0.00442527
 0.0100281 0.0158852 0.0231564 0.0315421 0.040658 0.0499661 0.0586908 0.0659238 0.0709174 0.0733283 0.0732291 0.0709513 0.0669297 0.0616209 0.0554652 0.0488568 0.0421234 0.0355233 0.0292515 0.0234509 0.0182245 0.0136468 0.00977211 0.00663243 0.00422584
 0.00973385 0.0154572 0.0226057 0.0309119 0.040012 0.0493686 0.0581906 0.065549 0.0706785 0.0732253 0.0732588 0.0711121 0.0672227 0.0620448 0.0560064 0.0494815 0.0427776 0.0361414 0.0297718 0.0238307 0.0184493 0.0137315 0.00975311 0.00655493 0.00413078
 0.00959395 0.0152246 0.0222487 0.030404 0.0393456 0.0485714 0.0573359 0.0647465 0.0700436 0.0728408 0.0731517 0.0712578 0.0675685 0.0625354 0.0565977 0.0501388 0.0434663 0.0368192 0.0303902 0.0243442 0.0188283 0.0139709 0.00987195 0.00658802 0.00411612
 0.00968818 0.0153479 0.0223776 0.0304951 0.0393429 0.0484223 0.0570092 0.0642462 0.0694157 0.072169 0.0725395 0.0708006 0.067326 0.0625199 0.0567811 0.0504719 0.0438956 0.0372942 0.0308636 0.0247725 0.0191768 0.0142207 0.0100244 0.00666153 0.00413764
 0.00982121 0.0155444 0.0226352 0.0307947 0.0396492 0.0486866 0.0571744 0.0642563 0.0692301 0.0717805 0.0719862 0.0701631 0.0667085 0.0620205 0.0564657 0.050361 0.0439683 0.0375027 0.0311497 0.0250799 0.0194589 0.0144466 0.0101813 0.00675388 0.00418124
 0.00980755 0.0155224 0.0226025 0.030749 0.0395883 0.0486085 0.0570763 0.0641337 0.0690758 0.0715858 0.0717458 0.0698831 0.0664138 0.0617549 0.0562823 0.0503047 0.0440595 0.0377298 0.0314734 0.0254462 0.0198144 0.0147502 0.0104115 0.00690839 0.00427229
 0.00980512 0.0155274 0.0226261 0.0308059 0.0396914 0.0487608 0.0572653 0.0643305 0.0692426 0.0716851 0.0717498 0.0697785 0.0662045 0.0614642 0.055952 0.0499891 0.0438121 0.0375883 0.0314482 0.0255193 0.0199484 0.014903 0.0105493 0.00701292 0.00434014
 0.00973241 0.0154203 0.0224862 0.0306439 0.039526 0.0486166 0.0571681 0.0643019 0.0692922 0.0718045 0.0719112 0.0699419 0.0663299 0.0615242 0.0559398 0.0499205 0.0437202 0.0375125 0.0314201 0.0255521 0.0200338 0.0150174 0.0106653 0.00710989 0.00440915
 0.00970425 0.0153721 0.0224097 0.0305311 0.039373 0.048428 0.0569611 0.0641058 0.069142 0.0717302 0.0719274 0.0700422 0.066488 0.0617019 0.0560993 0.0500362 0.0437868 0.0375438 0.0314408 0.0255852 0.0200907 0.015095 0.0107501 0.0071869 0.00446844
 0.00974004 0.0154113 0.0224337 0.0305108 0.039277 0.0482348 0.0566711 0.0637452 0.0687575 0.0713783 0.0716616 0.0699011 0.0664867 0.0618283 0.0563181 0.0503006 0.0440523 0.037781 0.0316395 0.0257502 0.0202322 0.0152197 0.0108587 0.00727572 0.00453448
 0.00974434 0.0154176 0.0224409 0.0305149 0.0392682 0.0481964 0.0565806 0.063581 0.0685105 0.0710625 0.0713168 0.0695846 0.066256 0.0617237 0.0563512 0.0504532 0.0442854 0.0380489 0.0319034 0.0259861 0.0204309 0.0153813 0.0109862 0.00737219 0.00460292
 0.00967418 0.0153165 0.0223126 0.0303711 0.0391251 0.0480686 0.0564751 0.0634949 0.0684317 0.0709743 0.0712063 0.0694514 0.0661179 0.0616133 0.0563046 0.0504951 0.0444189 0.0382544 0.0321475 0.026234 0.0206561 0.0155692 0.0111325 0.00747902 0.00467586
 0.00976268 0.015441 0.0224647 0.0305315 0.0392704 0.0481807 0.0565481 0.0635338 0.0684444 0.0709626 0.071162 0.0693606 0.0659711 0.0614156 0.0560793 0.0502784 0.0442472 0.0381513 0.0321167 0.0262612 0.0207181 0.0156432 0.0112022 0.00753589 0.00471734
 0.00977093 0.0154437 0.0224485 0.0304772 0.0391569 0.0479932 0.0562862 0.0632164 0.0681084 0.0706554 0.0709291 0.0692327 0.0659544 0.0614926 0.0562192 0.050452 0.044437 0.0383516 0.0323266 0.0264765 0.0209276 0.0158325 0.0113589 0.00765412 0.00479847
 0.00977523 0.0154626 0.0224979 0.0305758 0.0393176 0.048211 0.0565302 0.063434 0.0682426 0.0706674 0.0708136 0.0690185 0.065691 0.0612309 0.0559961 0.0502842 0.0443253 0.0382896 0.0323071 0.0264926 0.020971 0.015892 0.011422 0.00771018 0.00484162
 0.00970374 0.0153493 0.0223341 0.0303591 0.0390562 0.047928 0.0562637 0.0632285 0.0681323 0.07066 0.0708867 0.0691316 0.0658072 0.0613323 0.056086 0.0503771 0.0444345 0.0384197 0.0324541 0.0266474 0.0211233 0.0160319 0.0115412 0.00780364 0.00490838
 0.00959973 0.0151902 0.0221131 0.0300764 0.0387183 0.0475474 0.0558606 0.062833 0.0677851 0.0704057 0.0707621 0.0691522 0.0659603 0.0615821 0.0563883 0.0506954 0.0447473 0.0387186 0.0327363 0.0269094 0.021359 0.0162342 0.0117048 0.00792668 0.00499359
 0.00947926 0.0150172 0.0218949 0.0298335 0.038478 0.0473326 0.0556821 0.0626886 0.0676658 0.0703048 0.0706818 0.0691051 0.0659638 0.0616489 0.0565189 0.0508766 0.0449583 0.0389394 0.0329525 0.0271125 0.0215432 0.0163943 0.0118363 0.00802728 0.00506439
 0.00935705 0.0148384 0.0216634 0.0295673 0.0382062 0.0470888 0.0554967 0.0625829 0.0676458 0.0703587 0.0707824 0.0692204 0.06607 0.0617391 0.0566011 0.0509651 0.0450634 0.0390627 0.0330881 0.0272511 0.0216757 0.0165133 0.0119364 0.00810544 0.00512045
 0.00934458 0.0148034 0.0215846 0.0294184 0.0379661 0.0467554 0.0550982 0.0621753 0.0672972 0.070126 0.0706937 0.0692692 0.0662234 0.0619535 0.056838 0.0512001 0.0452876 0.0392757 0.033291 0.0274421 0.0218497 0.016664 0.012059 0.00819834 0.00518536
 0.00934066 0.0147867 0.0215394 0.029322 0.0377918 0.0464804 0.0547125 0.0616917 0.066756 0.0695928 0.0702471 0.0689804 0.0661345 0.0620649 0.0571126 0.0515803 0.0457148 0.0397045 0.0336928 0.0278012 0.0221577 0.0169167 0.0122553 0.00834125 0.00528176
 0.00935977 0.0148186 0.021588 0.0293888 0.0378721 0.0465587 0.0547608 0.0616733 0.0666368 0.0693569 0.0699089 0.0685869 0.0657544 0.061768 0.0569482 0.0515633 0.0458265 0.039905 0.0339373 0.0280521 0.0223895 0.0171146 0.0124127 0.00845762 0.00536124
 0.00928022 0.0147041 0.0214436 0.0292291 0.037718 0.0464309 0.0546731 0.0616278 0.0666222 0.0693501 0.0698818 0.0685179 0.0656405 0.0616313 0.0568294 0.0515063 0.0458601 0.0400325 0.0341377 0.0282909 0.0226311 0.0173316 0.0125895 0.00858928 0.00545099
 0.00914093 0.0144901 0.0211456 0.0288489 0.0372705 0.045945 0.0541918 0.0612037 0.0663064 0.0691768 0.0698573 0.0686197 0.0658277 0.0618613 0.0570732 0.0517559 0.0461239 0.0403226 0.0344567 0.0286262 0.0229586 0.0176252 0.0128299 0.00876888 0.0055732
 0.00916255 0.014523 0.0211905 0.0289037 0.0373296 0.0459988 0.0542275 0.0612084 0.0662724 0.0691061 0.0697615 0.068515 0.0657273 0.0617701 0.0569899 0.0516788 0.0460579 0.0402798 0.0344507 0.0286637 0.0230341 0.0177229 0.0129303 0.00885611 0.00563901
 0.00912929 0.0144718 0.021119 0.0288121 0.0372207 0.0458783 0.0541036 0.0610905 0.066169 0.0690227 0.0697008 0.0684783 0.0657161 0.0617855 0.0570307 0.0517405 0.0461343 0.0403668 0.0345479 0.0287724 0.0231532 0.0178455 0.0130456 0.00895336 0.00571216
 0.0090577 0.0143678 0.0209851 0.0286586 0.0370623 0.0457291 0.0539733 0.0609842 0.0660887 0.0689693 0.0696747 0.068479 0.0657418 0.0618339 0.057099 0.0518257 0.0462332 0.0404757 0.0346634 0.0288917 0.0232732 0.0179615 0.013151 0.00904147 0.00577885
 0.00891346 0.0141514 0.0206939 0.0283032 0.0366652 0.0453213 0.05359 0.0606611 0.0658561 0.0688458 0.0696632 0.068568 0.0659111 0.0620608 0.0573625 0.0521082 0.0465206 0.0407571 0.0349305 0.029138 0.0234935 0.0181514 0.013307 0.00916191 0.00586493
 0.00855875 0.0136411 0.0200487 0.0275849 0.035959 0.0447075 0.0531221 0.06036 0.0657189 0.0688574 0.0698038 0.0688156 0.0662414 0.0624482 0.057782 0.0525379 0.0469428 0.0411584 0.035301 0.0294703 0.0237818 0.0183919 0.0134979 0.00930464 0.0059641
 0.00805888 0.0128866 0.0190243 0.0263219 0.0345351 0.0432389 0.0517529 0.0592429 0.0649834 0.0685745 0.0699675 0.0693533 0.0670466 0.0634132 0.0588178 0.0535789 0.0479428 0.0420855 0.0361335 0.0301938 0.0243881 0.0188786 0.013869 0.00957056 0.0061415
#obs surv len freq
 nan nan nan nan nan nan nan nan nan nan nan nan nan nan nan nan nan nan nan nan nan nan nan nan nan
 0.00448679 0.00734895 0.0111795 0.0159958 0.0216957 0.0279699 0.0342824 0.0400122 0.0446909 0.0481542 0.0505121 0.0520082 0.0529008 0.0534136 0.0537282 0.0539833 0.0542621 0.0545549 0.0546938 0.0542857 0.0527238 0.049356 0.0438058 0.0362859 0.0276696
 0.00461485 0.00756045 0.0115035 0.0164603 0.0223204 0.0287554 0.0351997 0.0410005 0.0456663 0.0490274 0.0512052 0.0524665 0.0530974 0.0533488 0.053425 0.0534795 0.0536013 0.0537799 0.0538435 0.0533973 0.0518361 0.0485122 0.0430509 0.0356579 0.0271897
 0.00477184 0.00781731 0.0118933 0.0170153 0.0230665 0.029702 0.0363293 0.0422621 0.0469791 0.0502924 0.0523195 0.0533368 0.0536514 0.053544 0.0532523 0.0529608 0.0527822 0.0527203 0.05261 0.05206 0.0504698 0.047197 0.0418659 0.0346687 0.0264322
 0.00496404 0.00813027 0.0123653 0.0176824 0.023956 0.0308219 0.0376574 0.0437415 0.0485251 0.0518064 0.0537014 0.0544922 0.0544958 0.0540076 0.0532881 0.0525515 0.0519441 0.0515015 0.0510856 0.0503274 0.0486442 0.045405 0.0402325 0.0332957 0.0253769
 0.00517413 0.00847623 0.0128941 0.0184403 0.0249791 0.032122 0.0392068 0.0454687 0.0503259 0.0535642 0.055306 0.0558484 0.0555237 0.0546404 0.0534711 0.0522465 0.0511362 0.0502089 0.0493668 0.0482844 0.04642 0.0431711 0.0381647 0.0315405 0.0240197
 0.00541195 0.00886212 0.0134738 0.0192569 0.0260659 0.033491 0.0408353 0.0472933 0.0522481 0.0554668 0.0570702 0.0573665 0.056705 0.0554124 0.053777 0.0520429 0.0503953 0.0489268 0.0475785 0.0460786 0.0439458 0.0406278 0.0357697 0.0294829 0.0224156
 0.00567155 0.00928792 0.0141213 0.0201794 0.0273033 0.0350525 0.0426832 0.049339 0.0543668 0.0575239 0.058943 0.0589536 0.057926 0.056203 0.0540855 0.0518276 0.049625 0.0475883 0.0456917 0.0437178 0.0412558 0.0378202 0.0330906 0.0271562 0.0205868
 0.00589954 0.00966528 0.014702 0.0210186 0.0284475 0.0365226 0.0444572 0.0513438 0.0564877 0.0596249 0.0608896 0.0606282 0.0592349 0.0570767 0.0544736 0.0516921 0.0489363 0.046329 0.0438717 0.041398 0.0385694 0.0349753 0.0303409 0.0247424 0.0186729
 0.00614602 0.0100667 0.0153077 0.0218757 0.0295931 0.0379711 0.0461854 0.0532851 0.0585389 0.0616638 0.0627922 0.0622811 0.0605415 0.0579608 0.054879 0.0515791 0.0482777 0.04511 0.0421011 0.0391293 0.0359248 0.0321537 0.0275924 0.0223115 0.0167324
 0.00638193 0.0104552 0.0159014 0.0227262 0.0307402 0.0394261 0.0479154 0.0552085 0.0605398 0.0636157 0.0645798 0.0638088 0.0617337 0.058757 0.0552313 0.0514492 0.0476365 0.0439407 0.0404092 0.0369623 0.0333946 0.0294449 0.0249422 0.0199562 0.014843
 0.00661937 0.0108427 0.0164876 0.0235575 0.0318522 0.0408298 0.0495822 0.057064 0.0624726 0.0654983 0.0662898 0.0652444 0.0628191 0.0594423 0.0554854 0.0512516 0.0469714 0.0427978 0.0387942 0.0349168 0.031018 0.0269045 0.0224551 0.0177415 0.0130617
 0.00682566 0.0111867 0.0170209 0.0243329 0.032912 0.0421877 0.0512061 0.0588714 0.0643444 0.0673039 0.0679092 0.066581 0.0638026 0.0600274 0.0556475 0.0509814 0.0462675 0.041664 0.0372453 0.032995 0.0288128 0.0245639 0.0201718 0.0157109 0.011428
 0.00705539 0.011556 0.0175696 0.0250961 0.0339149 0.0434368 0.0526775 0.0605046 0.0660459 0.0689609 0.0694073 0.0678188 0.0647025 0.0605396 0.0557487 0.0506684 0.0455489 0.0405559 0.0357737 0.0312068 0.0267926 0.0224429 0.0181172 0.0138914 0.00996765
 0.00725766 0.0118927 0.0180899 0.0258485 0.0349348 0.0447278 0.0541957 0.0621574 0.0677106 0.0705139 0.0707463 0.0688702 0.0654182 0.0608904 0.0557213 0.0502631 0.044778 0.0394411 0.0343479 0.0295215 0.0249289 0.020518 0.0162752 0.0122741 0.00867696
 0.00741887 0.0121545 0.0184841 0.0264061 0.0356816 0.045677 0.0553371 0.0634495 0.0690809 0.0718673 0.0719803 0.0698909 0.0661536 0.0612967 0.0557807 0.0499768 0.0441592 0.0385122 0.0331419 0.0280888 0.0233451 0.0188872 0.0147206 0.0109142 0.00759506
 0.00752417 0.0123303 0.0187571 0.026804 0.0362273 0.04638 0.0561854 0.0644077 0.0700967 0.0728816 0.0729342 0.0707274 0.0668173 0.0617372 0.0559585 0.0498685 0.0437596 0.0378326 0.03221 0.0269503 0.0220682 0.0175635 0.0134557 0.00980748 0.00671525
 0.00758581 0.0124258 0.0188929 0.026985 0.0364593 0.0466713 0.0565468 0.0648484 0.0706187 0.0734743 0.0735721 0.0713721 0.0674217 0.0622498 0.0563279 0.0500487 0.0437159 0.0375476 0.0316879 0.0262203 0.0211858 0.0166073 0.0125171 0.0089727 0.0060449
 0.00765874 0.012537 0.0190464 0.0271793 0.0366877 0.0469239 0.0568119 0.0651162 0.0708848 0.0737424 0.0738522 0.0716727 0.0677411 0.0625698 0.0566142 0.0502564 0.0437985 0.0374668 0.0314232 0.0257762 0.0205957 0.0159309 0.0118297 0.0083479 0.00553627
 0.00773368 0.0126556 0.0192181 0.0274096 0.0369751 0.047257 0.0571678 0.0654623 0.0711871 0.0739766 0.0740118 0.0717697 0.0677987 0.0626109 0.0566499 0.0502797 0.0437847 0.0373818 0.0312354 0.0254698 0.0201797 0.0154408 0.01132 0.00787647 0.00514776
 0.00777561 0.0127179 0.0193013 0.0275109 0.0370905 0.0473833 0.0573037 0.0656069 0.0713376 0.0741259 0.0741497 0.0718869 0.0678908 0.0626807 0.0567041 0.0503226 0.0438112 0.0373751 0.0311713 0.0253276 0.0199534 0.0151461 0.0109919 0.00755833 0.00487669
 0.00780383 0.0127591 0.0193546 0.0275721 0.0371533 0.0474405 0.05735 0.0656406 0.0713615 0.0741475 0.0741784 0.07193 0.0679504 0.0627528 0.0567818 0.0503978 0.0438756 0.0374176 0.0311772 0.0252817 0.0198469 0.0149838 0.0107938 0.00735412 0.00469501
 0.00784038 0.0128123 0.0194231 0.0276502 0.0372321 0.0475103 0.057402 0.0656689 0.0713641 0.0741275 0.0741444 0.0718943 0.0679258 0.0627483 0.0567999 0.0504343 0.0439209 0.0374589 0.0312005 0.0252736 0.0197985 0.0148949 0.0106752 0.00722462 0.00457498
 0.00785109 0.012828 0.0194433 0.027673 0.037254 0.0475267 0.0574079 0.0656599 0.0713384 0.0740873 0.0740964 0.0718486 0.0678931 0.0627377 0.0568161 0.0504766 0.0439827 0.0375288 0.0312642 0.0253169 0.0198108 0.0148727 0.0106239 0.00715662 0.00450524
 0.00785726 0.0128374 0.019456 0.0276886 0.0372714 0.0475439 0.0574221 0.0656678 0.0713366 0.0740736 0.0740705 0.0718137 0.0678552 0.062705 0.0567968 0.0504763 0.0440028 0.0375651 0.0313075 0.0253554 0.0198338 0.0148738 0.0106035 0.00712135 0.00446486
 0.0078763 0.0128597 0.0194739 0.0276902 0.0372443 0.0474813 0.0573274 0.0655544 0.0712233 0.073978 0.0740041 0.0717801 0.0678522 0.0627276 0.0568397 0.0505356 0.044075 0.037646 0.0313908 0.0254327 0.0198962 0.0149151 0.0106221 0.00712112 0.00445308
 0.00789369 0.0128889 0.019519 0.0277536 0.0373243 0.0475691 0.0574059 0.0656023 0.0712233 0.073925 0.0739086 0.0716635 0.0677381 0.0626335 0.0567744 0.0504999 0.0440654 0.0376571 0.0314161 0.0254649 0.0199277 0.0149393 0.0106353 0.00712345 0.00444774
 0.00786109 0.0128385 0.0194484 0.0276634 0.0372187 0.0474566 0.0572987 0.0655135 0.0711621 0.0738932 0.0739005 0.0716707 0.0677553 0.0626611 0.0568163 0.0505597 0.044143 0.0377479 0.0315128 0.0255591 0.0200116 0.0150069 0.0106839 0.00715367 0.00446322
 0.00786278 0.012834 0.0194284 0.0276155 0.0371313 0.0473253 0.0571308 0.0653289 0.070988 0.0737554 0.0738162 0.0716443 0.0677802 0.0627244 0.0569047 0.0506636 0.0442563 0.0378666 0.0316322 0.0256731 0.0201135 0.0150912 0.0107474 0.00719671 0.00448902
 0.00784811 0.01281 0.0193916 0.0275616 0.0370553 0.0472215 0.0569952 0.0651622 0.0707989 0.0735628 0.0736459 0.0715233 0.0677274 0.0627453 0.0569909 0.0507974 0.044418 0.0380387 0.0318017 0.0258304 0.0202513 0.0152044 0.0108338 0.00725708 0.00452726
 0.00782478 0.0127713 0.0193322 0.0274764 0.036941 0.0470785 0.0568292 0.0649835 0.0706204 0.0733969 0.0735041 0.0714166 0.0676674 0.0627424 0.0570503 0.0509157 0.0445824 0.0382307 0.0320016 0.026021 0.0204202 0.0153438 0.0109406 0.00733269 0.00457618
 0.00783711 0.0127866 0.0193461 0.0274818 0.0369289 0.0470412 0.0567622 0.0648876 0.070501 0.0732632 0.0733673 0.0712886 0.0675599 0.0626662 0.0570149 0.0509272 0.0446415 0.0383308 0.0321297 0.0261607 0.0205555 0.0154625 0.0110355 0.00740186 0.00462208
 0.00778966 0.0127144 0.0192468 0.0273561 0.0367804 0.0468751 0.0565854 0.0647085 0.0703307 0.0731138 0.0732508 0.0712147 0.0675343 0.0626901 0.0570858 0.0510403 0.0447905 0.0385075 0.032323 0.0263569 0.02074 0.0156226 0.0111633 0.00749525 0.00468432
 0.00773711 0.0126281 0.0191157 0.027171 0.0365374 0.0465805 0.056259 0.0643825 0.0700415 0.072892 0.0731143 0.0711675 0.0675704 0.0627982 0.0572527 0.0512523 0.0450339 0.038769 0.0325891 0.026614 0.0209744 0.015823 0.0113224 0.00761165 0.0047622
 0.00772645 0.0126044 0.0190682 0.0270854 0.0363994 0.0463811 0.0560002 0.0640798 0.0697228 0.0725922 0.0728681 0.0710022 0.067501 0.0628257 0.0573665 0.0514347 0.0452648 0.0390284 0.0328587 0.0268769 0.0212157 0.0160304 0.0114882 0.00773403 0.00484487
 0.00769582 0.0125567 0.019 0.026994 0.0362819 0.046234 0.0558203 0.0638664 0.0694811 0.0723366 0.0726218 0.0707942 0.0673595 0.0627712 0.0574067 0.0515637 0.0454657 0.0392783 0.0331326 0.0271514 0.021471 0.0162514 0.0116659 0.00786567 0.00493424
 0.00766743 0.0125128 0.0189381 0.0269133 0.0361838 0.0461212 0.0556968 0.0637365 0.0693479 0.0722012 0.0724851 0.0706604 0.067239 0.0626809 0.0573656 0.0515866 0.0455572 0.0394312 0.0333298 0.0273705 0.0216889 0.0164485 0.0118289 0.0079891 0.00501937
 0.00764952 0.0124814 0.018887 0.0268359 0.0360752 0.0459816 0.0555338 0.0635645 0.0691845 0.0720613 0.0723766 0.0705838 0.0671906 0.0626576 0.0573688 0.0516224 0.0456334 0.0395513 0.0334897 0.0275572 0.0218835 0.0166316 0.011985 0.00810977 0.00510391
 0.00763838 0.0124645 0.0188634 0.0268048 0.0360353 0.0459304 0.0554676 0.0634807 0.0690834 0.0719488 0.0722633 0.0704819 0.0671103 0.0626043 0.0573439 0.0516261 0.045667 0.039617 0.0335875 0.027682 0.0220242 0.0167729 0.012112 0.00821221 0.00517804
 0.00760482 0.0124157 0.0188009 0.0267337 0.0359628 0.0458634 0.0554106 0.0634344 0.0690453 0.0719142 0.0722277 0.0704437 0.0670715 0.0625709 0.057323 0.0516239 0.0456874 0.0396622 0.0336575 0.0277739 0.0221311 0.0168841 0.0122158 0.00829877 0.00524259
 0.00759343 0.0123927 0.0187582 0.0266625 0.0358568 0.0457243 0.0552508 0.063276 0.0689125 0.0718247 0.0721867 0.0704446 0.0671015 0.0626172 0.0573775 0.051684 0.0457547 0.0397393 0.0337463 0.0278736 0.0222375 0.0169901 0.0123127 0.00837947 0.00530309
 0.00757532 0.0123663 0.0187237 0.026621 0.0358087 0.0456673 0.0551804 0.0631879 0.0688076 0.0717121 0.072083 0.0703676 0.0670633 0.0626197 0.0574137 0.0517431 0.0458274 0.0398201 0.0338331 0.0279651 0.0223313 0.0170817 0.0123961 0.00844901 0.00535569
 0.00756624 0.0123503 0.0186977 0.0265818 0.0357546 0.0455996 0.0551038 0.0631093 0.0687332 0.0716449 0.0720233 0.0703162 0.067024 0.0625991 0.0574181 0.0517745 0.0458822 0.0398919 0.0339149 0.0280515 0.0224178 0.0171639 0.0124696 0.00850982 0.00540164
 0.00754287 0.0123166 0.0186546 0.0265326 0.0357035 0.0455494 0.0550554 0.0630618 0.0686859 0.0715991 0.0719816 0.0702818 0.0669993 0.062586 0.0574188 0.0517914 0.0459172 0.0399441 0.0339809 0.0281258 0.0224944 0.0172372 0.0125347 0.00856328 0.00544182
 0.0075387 0.0123065 0.0186337 0.0264952 0.0356451 0.0454707 0.0549635 0.0629692 0.0686062 0.0715412 0.0719478 0.0702687 0.0670016 0.0625994 0.0574411 0.0518227 0.0459583 0.0399958 0.0340424 0.0281944 0.0225655 0.0173055 0.0125953 0.0086127 0.00547867
 0.00752001 0.0122787 0.0185964 0.0264489 0.0355909 0.0454083 0.054892 0.0628886 0.0685197 0.0714566 0.0718766 0.0702216 0.0669847 0.0626124 0.0574788 0.0518779 0.0460248 0.0400696 0.0341206 0.0282743 0.0226438 0.0173781 0.0126581 0.00866301 0.00551556
 0.00752686 0.0122876 0.0186057 0.026456 0.0355927 0.0454031 0.0548793 0.0628691 0.0684937 0.0714236 0.0718358 0.0701742 0.0669355 0.0625689 0.0574479 0.0518641 0.0460288 0.040089 0.0341521 0.0283142 0.0226883 0.0174232 0.0126998 0.00869806 0.00554225
 0.00751349 0.0122707 0.0185892 0.026446 0.0355951 0.0454206 0.0549091 0.0629033 0.0685225 0.0714391 0.0718344 0.0701563 0.0669042 0.062529 0.0574059 0.0518267 0.0460018 0.0400759 0.0341535 0.0283282 0.0227112 0.0174507 0.0127279 0.0087231 0.00556211
 0.00748331 0.0122218 0.0185164 0.026346 0.035469 0.0452761 0.0547621 0.0627749 0.0684329 0.0714001 0.0718454 0.0702065 0.0669785 0.0626134 0.057491 0.0519081 0.0460788 0.0401497 0.0342253 0.028398 0.0227776 0.0175109 0.0127791 0.00876354 0.00559144
 0.00749142 0.0122304 0.0185207 0.0263384 0.0354408 0.0452207 0.0546781 0.0626681 0.0683162 0.0712908 0.0717609 0.0701594 0.0669724 0.0626433 0.0575456 0.0519752 0.0461491 0.0402181 0.03429 0.0284586 0.0228337 0.0175614 0.0128222 0.00879783 0.0056165
 0.00749142 0.0122304 0.0185207 0.0263384 0.0354408 0.0452207 0.0546781 0.0626681 0.0683162 0.0712908 0.0717609 0.0701594 0.0669724 0.0626433 0.0575456 0.0519752 0.0461491 0.0402181 0.03429 0.0284586 0.0228337 0.0175614 0.0128222 0.00879783 0.0056165
#pred catch len freq
 0.00432652 0.00683716 0.00995671 0.0136043 0.0177328 0.0223123 0.0272599 0.0324006 0.0374955 0.0422994 0.0465992 0.0502334 0.0531093 0.0552115 0.0565974 0.0573863 0.0577471 0.0578636 0.0578434 0.0575684 0.0565704 0.0540855 0.0493836 0.0422544 0.0333212
 0.00449009 0.00703966 0.0101476 0.0137061 0.0176733 0.0220684 0.0268863 0.0320162 0.0372308 0.0422353 0.0467371 0.0505136 0.0534594 0.0555927 0.0570193 0.0578857 0.0583425 0.0585115 0.0584218 0.057906 0.0565155 0.0535829 0.048513 0.0412025 0.0323027
 0.00472443 0.00740131 0.0106512 0.0143401 0.0183893 0.0227753 0.0274594 0.0323319 0.0372217 0.0419336 0.0462707 0.0500478 0.0531223 0.0554337 0.0570226 0.0580118 0.058556 0.0587736 0.0586633 0.0580159 0.0563714 0.0531119 0.0477426 0.0402616 0.0313666
 0.00494979 0.00775823 0.0111715 0.0150487 0.0193004 0.0238834 0.0287227 0.0336557 0.0384564 0.0429016 0.0468215 0.0501194 0.0527706 0.0548078 0.0562974 0.0573209 0.0579609 0.0582682 0.058192 0.0574924 0.0557049 0.052247 0.0466987 0.0391396 0.03031
 0.00518947 0.00813292 0.0117091 0.0157695 0.0202192 0.0250104 0.0300577 0.0351751 0.0400967 0.044547 0.0483055 0.051251 0.0533867 0.0548314 0.0557695 0.0563816 0.0567878 0.0570074 0.0569169 0.0562045 0.0543681 0.0508377 0.0452456 0.0377322 0.0290669
 0.00548554 0.00859152 0.0123582 0.0166232 0.0212809 0.026276 0.031515 0.0367985 0.0418416 0.0463444 0.0500554 0.0528185 0.0546089 0.0555449 0.0558557 0.0558106 0.0556324 0.0554144 0.0550507 0.0541971 0.0523062 0.0487854 0.0432788 0.0359512 0.0275751
 0.00581816 0.00910734 0.013089 0.0175852 0.0224762 0.0276953 0.0331354 0.0385792 0.0437219 0.048247 0.051891 0.0544867 0.0559962 0.0565253 0.0563009 0.0556162 0.0547529 0.0538874 0.0529933 0.0517764 0.0497029 0.0461737 0.0408214 0.0337938 0.0258271
 0.00615484 0.00963045 0.0138324 0.0185673 0.0237023 0.0291593 0.0348161 0.0404344 0.0456857 0.0502328 0.0537992 0.0562135 0.0574394 0.0575849 0.0568781 0.0556158 0.0540978 0.0525453 0.0510036 0.0492615 0.0468569 0.0432329 0.038027 0.0313527 0.0238761
 0.00650223 0.0101719 0.0146049 0.0195928 0.0249887 0.0307003 0.0365874 0.0423872 0.0477449 0.0523024 0.0557716 0.057979 0.058895 0.0586387 0.0574492 0.0556307 0.0534909 0.0512714 0.0490637 0.0467324 0.043907 0.0401095 0.0350127 0.0287033 0.0217623
 0.00685038 0.0107177 0.0153898 0.0206453 0.0263237 0.0323173 0.0384635 0.0444688 0.0499457 0.0545097 0.0578588 0.0598199 0.0603762 0.0596684 0.0579579 0.0555655 0.0528094 0.049943 0.047087 0.0441651 0.040894 0.0368869 0.0318724 0.0259245 0.0195392
 0.00718244 0.0112321 0.0161183 0.0216052 0.0275219 0.0337543 0.0401307 0.0463394 0.0519649 0.0565908 0.0598871 0.0616648 0.061908 0.0607744 0.0585516 0.0555872 0.0522203 0.0487223 0.0452399 0.0417456 0.0380322 0.0338002 0.0288393 0.0232215 0.0173656
 0.00746265 0.0116741 0.0167589 0.0224712 0.0286277 0.0350987 0.0416906 0.0480671 0.0537919 0.0584366 0.0616659 0.0632874 0.0632817 0.0618055 0.0591526 0.0556842 0.0517584 0.0476699 0.0435966 0.0395595 0.0354216 0.0309635 0.0260337 0.0207067 0.0153336
 0.00776338 0.0121466 0.0174407 0.0233894 0.0297982 0.0365235 0.0433498 0.0499098 0.0557331 0.0603643 0.0634572 0.064827 0.0644771 0.0625923 0.0594892 0.0555419 0.0511138 0.0465064 0.0419167 0.0374058 0.0328999 0.0282528 0.0233679 0.0183235 0.0134098
 0.00809305 0.0126538 0.0181518 0.0243131 0.0309303 0.0378515 0.0448531 0.0515527 0.0574584 0.0620908 0.065084 0.0662444 0.0655815 0.063302 0.0597525 0.0553356 0.0504338 0.0453594 0.0403218 0.0354092 0.0305967 0.0257989 0.0209667 0.0161821 0.0116827
 0.00843733 0.0131897 0.0189139 0.0253186 0.0321773 0.0393178 0.0464922 0.0532919 0.0592048 0.0637441 0.0665494 0.0674394 0.0664385 0.0637694 0.0597966 0.054942 0.0496063 0.0441168 0.0386978 0.0334605 0.0284162 0.0235256 0.018775 0.0142469 0.0101318
 0.00877481 0.0137053 0.0196298 0.0262369 0.033286 0.0405979 0.0479179 0.0548232 0.0607785 0.0652723 0.0679281 0.0685655 0.0672281 0.0641686 0.059783 0.0545172 0.0487874 0.0429316 0.0371863 0.0316819 0.0264597 0.021515 0.0168589 0.0125696 0.00879616
 0.00912856 0.0142363 0.0203476 0.0271231 0.0343026 0.0417012 0.0490679 0.0559848 0.0619183 0.0663543 0.0689102 0.0693973 0.0678518 0.0645269 0.0598296 0.0542257 0.0481542 0.0419739 0.0359397 0.0302025 0.0248293 0.0198425 0.0152704 0.0111845 0.00769695
 0.00930789 0.0145281 0.0207863 0.0277388 0.0351121 0.0426967 0.0502066 0.0571899 0.0630951 0.0674142 0.0697895 0.070061 0.0682859 0.0647253 0.0597854 0.0539297 0.0475997 0.0411641 0.0348952 0.0289663 0.0234702 0.0184533 0.0139571 0.0100448 0.00679663
 0.00937289 0.0146337 0.0209465 0.0279709 0.0354383 0.0431431 0.0507971 0.0579337 0.0639717 0.0683659 0.0707273 0.0708865 0.0689175 0.0651155 0.0599209 0.0538182 0.0472559 0.0406034 0.0341371 0.0280433 0.0224355 0.017382 0.012936 0.00915493 0.00609228
 0.00942693 0.0147184 0.0210686 0.0281357 0.035651 0.0434099 0.0511259 0.0583334 0.0644495 0.0689209 0.0713421 0.0715204 0.069508 0.0655909 0.0602191 0.0539016 0.0471152 0.0402509 0.033599 0.0273561 0.0216484 0.0165574 0.0121448 0.00846258 0.00554315
 0.00947211 0.0147788 0.0211359 0.028196 0.0356908 0.0434253 0.051129 0.0583519 0.0645188 0.0690725 0.0715941 0.0718714 0.0699344 0.0660479 0.060646 0.054234 0.0472991 0.0402547 0.0334177 0.0270101 0.0211784 0.0160195 0.011602 0.00797273 0.00514693
 0.00936188 0.0146145 0.020916 0.0279276 0.0353862 0.0430978 0.0507918 0.0580228 0.0642267 0.0688604 0.0715128 0.0719646 0.0702219 0.0665138 0.0612382 0.0548744 0.0479005 0.0407399 0.0337343 0.0271391 0.0211347 0.015845 0.0113538 0.00770871 0.00491253
 0.00908494 0.0142125 0.0204004 0.0273399 0.0347864 0.0425444 0.0503263 0.0576657 0.063983 0.0687292 0.0714954 0.0720693 0.070462 0.0668986 0.0617607 0.0555012 0.0485723 0.0413822 0.0342758 0.0275297 0.0213567 0.0159143 0.011311 0.00760467 0.00479323
 0.00895678 0.0140024 0.020083 0.026895 0.0342094 0.0418579 0.0495886 0.0569636 0.0634091 0.0683526 0.071344 0.072132 0.0707056 0.0672873 0.0622648 0.0560938 0.0492203 0.0420394 0.0348863 0.0280397 0.0217301 0.0161428 0.0114141 0.00761987 0.00476171
 0.00901989 0.0140809 0.0201551 0.0269223 0.0341425 0.0416501 0.0492114 0.0564211 0.0627463 0.0676532 0.070713 0.0716671 0.0704694 0.0672934 0.0624851 0.0564777 0.0497112 0.0425824 0.0354283 0.0285309 0.0221302 0.0164296 0.011589 0.00770395 0.00478603
 0.00907536 0.014161 0.0202558 0.0270304 0.0342347 0.0416943 0.0491695 0.0562559 0.0624328 0.067193 0.0701453 0.0710679 0.0699352 0.0669144 0.062319 0.056536 0.0499626 0.0429685 0.0358807 0.0289849 0.0225332 0.0167481 0.0118108 0.00783762 0.00485309
 0.00909498 0.0141887 0.0202896 0.0270649 0.034262 0.0417041 0.0491498 0.0561921 0.0623084 0.0669927 0.0698617 0.0707109 0.0695391 0.0665369 0.0620282 0.0563902 0.0499906 0.0431607 0.0361941 0.0293582 0.0229047 0.0170696 0.012056 0.00800236 0.00494973
 0.00908403 0.0141796 0.0202917 0.0270916 0.034326 0.0418108 0.0492914 0.0563468 0.0624446 0.0670762 0.0698633 0.0706121 0.0693378 0.0662522 0.0617017 0.0560794 0.0497544 0.0430409 0.036202 0.0294729 0.0230834 0.0172641 0.0122282 0.00813166 0.00503341
 0.00901775 0.0140826 0.0201662 0.0269484 0.0341833 0.0416915 0.0492188 0.0563393 0.0625088 0.0672017 0.0700219 0.0707641 0.0694438 0.0662854 0.0616566 0.0559746 0.0496274 0.0429364 0.036156 0.0295002 0.023174 0.0173904 0.0123581 0.00824113 0.00511159
 0.00895848 0.0139894 0.0200323 0.0267707 0.0339646 0.0414429 0.0489621 0.0561061 0.0623357 0.0671198 0.0700468 0.0708891 0.06964 0.0665094 0.0618642 0.056135 0.0497323 0.0429996 0.0362045 0.0295597 0.0232571 0.0174935 0.0124659 0.00833673 0.00518426
 0.00896375 0.0139851 0.0200022 0.0266916 0.0338122 0.0412019 0.0486349 0.0557179 0.0619309 0.066754 0.0697748 0.0707525 0.0696564 0.066667 0.062125 0.0564466 0.0500448 0.0432794 0.0364398 0.0297555 0.0234251 0.0176413 0.0125942 0.00844134 0.00526187
 0.00895346 0.0139694 0.0199792 0.0266578 0.0337597 0.0411163 0.0484966 0.0555085 0.0616442 0.066406 0.069407 0.0704237 0.0694261 0.066577 0.0621871 0.0566407 0.0503274 0.0435991 0.0367527 0.0300346 0.0236598 0.0178319 0.0127444 0.00855485 0.00534227
 0.00891968 0.0139221 0.0199222 0.0265989 0.0337082 0.0410779 0.0484693 0.0554802 0.0615948 0.0663142 0.0692592 0.0702243 0.0692019 0.0663727 0.0620508 0.0566063 0.0504027 0.0437649 0.0369725 0.0302692 0.0238788 0.0180178 0.012891 0.00866329 0.0054172
