SBPRF35
12.7214
Curr Bio
590548
B35
840276
F35
0.170777
FOFL
0.124755
OFL
64601.5
Bzero
3.63469e+006
#pred survey bio
 3.15416e+006 2.88313e+006 2.64592e+006 2.40134e+006 2.1436e+006 1.88576e+006 1.65524e+006 1.4509e+006 1.28677e+006 1.16186e+006 1.02744e+006 899801 810426 748734 687412 644028 604533 577173 557025 544145 539693 538348 528853 533081 530785 545047 551776 557743 570640 577613 590882 607703 623526 624431 632345 638863 646047 652603 657882 652820 654733 648860 639237 628689 619815 606057 594995 2.20243e+007 1.33051e+007 1.37578e+007 1.49592e+007 1.66697e+007 1.85761e+007 2.04366e+007 2.2108e+007 2.35288e+007 2.4691e+007 2.56162e+007 2.63388e+007 2.68959e+007 2.73216e+007 2.76453e+007 2.78908e+007 2.8077e+007 2.82184e+007 2.83261e+007 2.84083e+007 2.84715e+007 2.85202e+007 2.85579e+007 2.85873e+007 2.86103e+007 2.86285e+007 2.86427e+007 2.8654e+007 2.8663e+007 2.86701e+007 2.86759e+007 2.86805e+007 2.86842e+007 2.86872e+007 2.86896e+007 2.86916e+007 2.86932e+007 2.86945e+007 2.86955e+007 2.86964e+007 2.86971e+007 2.86977e+007 2.86981e+007 2.86985e+007 2.86988e+007 2.86991e+007 2.86993e+007 2.86995e+007 2.86996e+007 2.86997e+007 2.86998e+007 2.86999e+007 2.87e+007 2.87e+007 2.87e+007 2.87001e+007 2.87001e+007 2.87001e+007 2.87002e+007 2.87002e+007 2.87002e+007 2.87002e+007 2.87002e+007 2.87002e+007 2.87002e+007 2.87002e+007 2.87002e+007 2.87002e+007 2.87002e+007 2.87002e+007 2.87002e+007 2.87002e+007 2.87002e+007 2.87002e+007 2.87002e+007 2.87002e+007 2.87002e+007 2.87002e+007 2.87002e+007 2.87002e+007 2.87002e+007 2.87002e+007 2.87002e+007 2.87002e+007 2.87002e+007 2.87002e+007 2.87002e+007 2.87002e+007 2.87002e+007 2.87002e+007 2.87002e+007 2.87002e+007 2.87002e+007 2.87002e+007 2.87002e+007 2.87002e+007 2.87002e+007 2.87002e+007 2.87002e+007 2.87002e+007 0 0 0 0 0 0 0 0 0 0 0 0 0 0 0 0 0 0 0 0 0 0 0 0 0
#obs survey bio
 2.936e+006 4.27248e+006 3.26884e+006 2.59208e+006 2.47069e+006 1.67299e+006 1.2569e+006 1.65192e+006 1.32231e+006 1.34418e+006 1.28305e+006 801851 977537 822139 635524 393695 955094 695915 443068 526950 388824 413127 463735 386626 404924 683744 679309 496400 606374 767965 495539 751063 670627 518287 733123 589362 854322 789173 584808 720608 541927 496375 617684 644218 672405 682155 643003
#pred catch bio
 279125 265853 289999 318410 332833 320000 305156 274551 242650 250748 241267 203918 176719 172545 152971 145522 131197 122359 114735 107101 104434 110738 98905.2 104753 91426.1 98278.7 98386.1 92495.2 97597.6 92279.3 89970.8 91628.3 104386 98496.5 100470 100576 101441 102683 111333 105131 111508 113625 112776 109275 110619 104500 62473.9 64601.5 87184 88832.3 95057.4 105495 117619 129482 140029 148844 155899 161366 165502 168574 170822 172448 173614 174445 175032 175446 175736 175939 176081 176180 176249 176296 176329 176352 176368 176379 176386 176391 176395 176397 176399 176400 176401 176402 176402 176402 176403 176403 176403 176403 176403 176403 176403 176403 176403 176403 176403 176403 176403 176403 176403 176403 176403 176403 176403 176403 176403 176403 176403 176403 176403 176403 176403 176403 176403 176403 176403 176403 176403 176403 176403 176403 176403 176403 176403 176403 176403 176403 176403 176403 176403 176403 176403 176403 176403 176403 176403 176403 176403 176403 176403 176403 176403 176403 176403 176403 176403 0 0 0 0 0 0 0 0 0 0 0 0 0 0 0 0 0 0 0 0 0 0 0 0 0
#obs catch bio
 227208 265102 289522 318978 333400 321189 309086 277426 244934 252062 241869 204070 176746 172524 153576 147229 131024 122325 115358 107656 105313 111532 99492.4 105902 92411.4 99194.1 98886.2 92577.4 98117.8 92325.2 90104.5 91501.4 104361 98307.6 100533 100930 101670 102441 111394 105104 111926 114255 113175 109852 111139 105029 62210.3
#pred cpue bio
 3.09898e+006 2.82965e+006 2.59403e+006 2.35045e+006 2.09392e+006 1.83772e+006 1.60878e+006 1.40625e+006 1.24397e+006 1.1207e+006 988600 863407 775758 715465 655849 613752 575648 549390 529886 517246 512832 511547 502404 506476 504201 518083 524975 531146 543859 550829 563929 580431 595983 596967 604578 610803 617789 624323 629563 624604 626420 620736 611488 601448 593190 580340 570359 2.11809e+007 1.28253e+007 1.31081e+007 1.40752e+007 1.56849e+007 1.75622e+007 1.94156e+007 2.10856e+007 2.2506e+007 2.36681e+007 2.45933e+007 2.53159e+007 2.5873e+007 2.62987e+007 2.66224e+007 2.6868e+007 2.70541e+007 2.71955e+007 2.73032e+007 2.73855e+007 2.74486e+007 2.74973e+007 2.75351e+007 2.75645e+007 2.75875e+007 2.76056e+007 2.76198e+007 2.76311e+007 2.76401e+007 2.76473e+007 2.7653e+007 2.76576e+007 2.76613e+007 2.76643e+007 2.76668e+007 2.76687e+007 2.76703e+007 2.76716e+007 2.76727e+007 2.76735e+007 2.76742e+007 2.76748e+007 2.76753e+007 2.76756e+007 2.7676e+007 2.76762e+007 2.76764e+007 2.76766e+007 2.76767e+007 2.76768e+007 2.76769e+007 2.7677e+007 2.76771e+007 2.76771e+007 2.76772e+007 2.76772e+007 2.76772e+007 2.76773e+007 2.76773e+007 2.76773e+007 2.76773e+007 2.76773e+007 2.76773e+007 2.76773e+007 2.76773e+007 2.76773e+007 2.76773e+007 2.76773e+007 2.76773e+007 2.76773e+007 2.76773e+007 2.76774e+007 2.76774e+007 2.76774e+007 2.76774e+007 2.76774e+007 2.76774e+007 2.76774e+007 2.76774e+007 2.76774e+007 2.76774e+007 2.76774e+007 2.76774e+007 2.76774e+007 2.76774e+007 2.76774e+007 2.76774e+007 2.76774e+007 2.76774e+007 2.76774e+007 2.76774e+007 2.76774e+007 2.76774e+007 2.76774e+007 2.76774e+007 2.76774e+007 2.76774e+007 2.76774e+007 2.76774e+007 2.76774e+007 0 0 0 0 0 0 0 0 0 0 0 0 0 0 0 0 0 0 0 0 0 0 0 0 0
#obs cpue bio
 3.03282e+006 2.65049e+006 1.96892e+006 1.53968e+006 1.86483e+006 1.63558e+006 1.0346e+006 1.23311e+006 1.0142e+006 1.35553e+006 916026 972254 626029 719436 506084 609495 682928 430344 444002 478467 498015 752323 450085 539297 411815 484532 520595 688883 397108 533104 595638 574571 610341 716704 449198 495335 502739 728592 634338 516308 589891 666408 691412 463438 575613 596219 613708
#pred surv len freq
 0.00514767 0.00838095 0.0126542 0.0179533 0.024141 0.0308676 0.0375457 0.0434956 0.0481992 0.0514692 0.0534209 0.0543219 0.0544587 0.0540766 0.0533699 0.0524934 0.0515778 0.0507267 0.0499645 0.0491323 0.0478 0.0453188 0.0410909 0.0349566 0.0274364
 0.00542304 0.00876834 0.0131307 0.018473 0.0246657 0.0314051 0.0381675 0.0443105 0.0492897 0.0528276 0.0549283 0.055787 0.0556913 0.0549526 0.0538551 0.0526209 0.0513981 0.050259 0.0491755 0.0479575 0.0462016 0.04335 0.0389216 0.0328356 0.0256047
 0.00572416 0.00925349 0.0138482 0.0194533 0.0259028 0.0328382 0.0396774 0.0457494 0.0505404 0.0538553 0.0557822 0.056544 0.0563837 0.0555341 0.0542265 0.0526848 0.051098 0.0495786 0.0481134 0.0465113 0.0443859 0.0412376 0.0366706 0.0306682 0.0237385
 0.00596651 0.00965806 0.0144769 0.0203708 0.0271628 0.0344594 0.0416164 0.0478861 0.0526895 0.0558075 0.0573617 0.0576569 0.0570312 0.0557811 0.0541435 0.0523029 0.0504011 0.0485278 0.0466769 0.0446857 0.0422137 0.0388244 0.0341914 0.0283414 0.0217662
 0.00624656 0.0101079 0.0151451 0.0213022 0.0283946 0.0360125 0.0434816 0.05001 0.0549684 0.0580905 0.0594652 0.0593924 0.0582449 0.0563902 0.0541479 0.051762 0.0493899 0.0471007 0.0448609 0.0425045 0.0397247 0.0361479 0.0315138 0.0258814 0.0197143
 0.00657831 0.0106396 0.0159308 0.0223873 0.0298073 0.037752 0.045506 0.0522337 0.0572742 0.0603494 0.0615497 0.0611778 0.0596081 0.0572179 0.0543578 0.0513231 0.0483268 0.0454769 0.0427561 0.040006 0.0369403 0.0332291 0.0286599 0.0233094 0.0176024
 0.00682628 0.0110545 0.016577 0.0233316 0.0311048 0.0394238 0.0475171 0.054487 0.0596266 0.0626429 0.0636396 0.0629464 0.0609634 0.0580853 0.0546741 0.0510397 0.0474209 0.043963 0.0406912 0.0374891 0.0341135 0.0302779 0.0258029 0.0207648 0.0155365
 0.00705393 0.0114237 0.0171323 0.0241171 0.0321603 0.0407753 0.0491636 0.0563879 0.061698 0.0647641 0.0656679 0.0647377 0.0623914 0.0590543 0.0551194 0.0509212 0.0467169 0.0426733 0.0388488 0.0351744 0.0314646 0.0274882 0.0230993 0.0183657 0.0136005
 0.00726792 0.011764 0.0176307 0.0247995 0.0330442 0.0418657 0.0504473 0.0578312 0.0632497 0.0663613 0.067239 0.0662012 0.0636557 0.0600227 0.0557013 0.0510423 0.0463262 0.0417479 0.0374006 0.0332631 0.0292087 0.0250656 0.0207252 0.0162484 0.0118907
 0.0073878 0.0119655 0.0179462 0.0252629 0.033684 0.0426937 0.0514491 0.0589645 0.0644545 0.067576 0.0684118 0.0672907 0.0646224 0.0608192 0.0562663 0.0513041 0.0462132 0.0412036 0.0364015 0.0318351 0.0274402 0.0231067 0.0187671 0.0144805 0.0104532
 0.00760749 0.0123162 0.0184621 0.0259715 0.0346012 0.0438161 0.0527439 0.0603656 0.0658689 0.0689008 0.0695544 0.0681846 0.0652344 0.0611448 0.0563154 0.051083 0.0457133 0.0404031 0.0352814 0.0304039 0.0257561 0.0212863 0.0169691 0.0128683 0.00914819
 0.00788581 0.0127593 0.019111 0.0268567 0.0357352 0.0451832 0.0542902 0.0619967 0.0674634 0.0703334 0.0707182 0.0690048 0.0656728 0.0611992 0.056013 0.050468 0.0448304 0.0392854 0.0339498 0.0288816 0.0240911 0.0195662 0.0153158 0.0114095 0.00797929
 0.00801769 0.0129784 0.0194496 0.0273483 0.0364079 0.0460496 0.055336 0.0631756 0.0687017 0.0715421 0.0718062 0.06989 0.0662905 0.0615078 0.0559975 0.0501385 0.0442156 0.0384229 0.032879 0.0276445 0.0227417 0.0181805 0.0139902 0.0102429 0.00704526
 0.0080791 0.0130742 0.0195871 0.0275346 0.0366523 0.046366 0.0557417 0.0636868 0.0693241 0.0722621 0.0725864 0.0706712 0.0670001 0.0620725 0.0563555 0.0502483 0.0440605 0.03801 0.0322351 0.0268123 0.0217793 0.0171615 0.0129996 0.00936304 0.00633661
 0.00821574 0.0132878 0.0198922 0.0279376 0.037149 0.0469396 0.056362 0.0643135 0.0699172 0.0727929 0.0730424 0.0710506 0.0673005 0.0622812 0.0564477 0.0501937 0.043833 0.0375969 0.0316432 0.0260697 0.0209345 0.0162795 0.0121536 0.00862089 0.00574508
 0.00820079 0.0132798 0.0199101 0.0280088 0.0373025 0.0471938 0.0567154 0.0647421 0.0703818 0.0732513 0.0734609 0.0714094 0.0675928 0.0625061 0.0566017 0.0502638 0.0437978 0.0374334 0.0313375 0.0256271 0.0203835 0.01567 0.0115472 0.00807683 0.00530556
 0.00828787 0.0134003 0.0200537 0.028156 0.037434 0.0473038 0.0568189 0.0648699 0.0705636 0.0734978 0.0737555 0.0717155 0.0678696 0.0627228 0.0567426 0.0503239 0.043774 0.0373197 0.0311266 0.025318 0.0199902 0.0152247 0.0110955 0.00766559 0.00497011
 0.00848787 0.0136886 0.0204186 0.0285605 0.0378239 0.0476224 0.0570222 0.0649381 0.070507 0.0733559 0.0735864 0.0715754 0.0677925 0.062711 0.0567726 0.0503608 0.0437848 0.0372794 0.0310193 0.0251374 0.019742 0.0149288 0.0107838 0.00737382 0.00472717
 0.00862029 0.0139039 0.0207403 0.0290044 0.0383877 0.0482726 0.0576874 0.0655183 0.0709019 0.073501 0.0734772 0.0712665 0.067373 0.0622714 0.056377 0.050036 0.0435242 0.0370578 0.0308074 0.0249132 0.0194965 0.0146675 0.0105239 0.00713745 0.00453318
 0.00866933 0.0139846 0.0208641 0.0291841 0.0386359 0.0485987 0.0580904 0.0659786 0.0713761 0.0739242 0.0737773 0.0713877 0.0672978 0.0620286 0.0560293 0.0496548 0.0431644 0.0367448 0.0305402 0.0246764 0.0192744 0.0144531 0.0103211 0.0069573 0.00438663
 0.00865028 0.0139554 0.0208241 0.0291352 0.0385843 0.0485561 0.0580749 0.0660125 0.0714792 0.0741049 0.0740231 0.0716625 0.0675501 0.0622082 0.0561071 0.0496321 0.0430684 0.0366119 0.0303994 0.0245412 0.0191461 0.014329 0.0102016 0.00684788 0.00429467
 0.0086184 0.0139047 0.02075 0.0290348 0.0384576 0.0484081 0.0579175 0.0658653 0.071368 0.0740561 0.0740575 0.0717872 0.0677527 0.0624568 0.0563576 0.0498425 0.0432124 0.0366852 0.0304146 0.0245176 0.0190999 0.0142708 0.0101385 0.00678604 0.00424012
 0.0087223 0.0140578 0.0209508 0.0292708 0.0387078 0.0486478 0.0581227 0.0660154 0.0714488 0.0740635 0.0739994 0.071683 0.0676276 0.0623332 0.0562472 0.0497437 0.0431141 0.0365755 0.0302889 0.0243803 0.0189614 0.014142 0.0100272 0.00669619 0.00417253
 0.00870845 0.0140373 0.0209232 0.0292365 0.0386667 0.0485984 0.0580621 0.0659415 0.071363 0.0739734 0.0739184 0.0716272 0.0676111 0.0623637 0.056324 0.0498566 0.0432456 0.0367042 0.0303956 0.0244533 0.0189987 0.0141498 0.0100156 0.00667536 0.00415033
 0.00867278 0.013994 0.020885 0.0292236 0.0387004 0.0486912 0.0582097 0.0661212 0.0715406 0.074114 0.0739973 0.0716358 0.0675575 0.0622691 0.0562145 0.0497552 0.0431658 0.0366484 0.0303573 0.0244226 0.0189677 0.0141152 0.00997899 0.00664072 0.00412135
 0.00844079 0.0136381 0.0203906 0.0285958 0.0379672 0.0479054 0.057448 0.0654749 0.0710956 0.0739253 0.0740733 0.0719398 0.0680258 0.0628319 0.0568125 0.0503459 0.0437222 0.0371535 0.0307991 0.0247922 0.0192598 0.0143309 0.0101261 0.00673235 0.00417294
 0.00838444 0.0135315 0.0202034 0.0282926 0.037519 0.0473065 0.0567307 0.0647119 0.0703854 0.0733675 0.0737432 0.0718727 0.0682126 0.0632264 0.0573471 0.0509493 0.0443337 0.0377293 0.0313117 0.0252262 0.0196086 0.0145949 0.0103123 0.00685362 0.00424511
 0.00842254 0.0135784 0.0202447 0.0283024 0.0374624 0.0471467 0.0564386 0.0642776 0.0698281 0.0727407 0.0731299 0.0713674 0.0678959 0.0631425 0.0574939 0.0512843 0.0447907 0.0382382 0.0318128 0.0256772 0.0199853 0.014888 0.0105244 0.00699542 0.00433208
 0.00830149 0.0134047 0.0200256 0.0280569 0.0372134 0.0469083 0.0562078 0.0640351 0.0695499 0.0724138 0.0727647 0.0710028 0.0675922 0.0629655 0.0574935 0.0514776 0.0451563 0.0387232 0.0323497 0.0262018 0.020449 0.0152634 0.010804 0.00718692 0.00445228
 0.00828336 0.0133633 0.0199425 0.0279114 0.0369914 0.0466146 0.0558722 0.0637056 0.0692718 0.0722084 0.0726218 0.0708931 0.0674916 0.0628744 0.0574399 0.0515026 0.0452921 0.0389757 0.0326943 0.0265923 0.0208339 0.0156009 0.0110703 0.00737706 0.00457534
 0.00825579 0.0133141 0.0198598 0.0277798 0.0367941 0.0463379 0.0555128 0.0632776 0.0688114 0.0717694 0.0722624 0.0706569 0.0673936 0.062901 0.0575633 0.0516997 0.0455526 0.0392972 0.0330694 0.0269992 0.0212384 0.015966 0.0113685 0.00759708 0.00472185
 0.00816436 0.0131759 0.019671 0.0275429 0.0365157 0.0460254 0.0551729 0.0629172 0.0684408 0.0714063 0.0719343 0.0703991 0.0672418 0.0628799 0.0576776 0.0519337 0.0458785 0.0396858 0.0334945 0.0274363 0.0216608 0.0163458 0.0116826 0.00783363 0.00488307
 0.00811923 0.0130968 0.0195419 0.0273471 0.0362416 0.0456745 0.0547651 0.062489 0.0680345 0.0710564 0.0716602 0.070208 0.0671366 0.062866 0.0577628 0.0521213 0.0461617 0.0400456 0.0339035 0.0278634 0.0220749 0.0167189 0.0119931 0.00807042 0.00504715
 0.00820752 0.0132306 0.0197241 0.0275711 0.0364902 0.0459195 0.0549693 0.0626127 0.0680458 0.0709428 0.0714326 0.0698961 0.0667793 0.0625025 0.0574289 0.0518482 0.0459734 0.0399549 0.033909 0.0279494 0.0222155 0.016884 0.0121546 0.00820784 0.00515033
 0.00819893 0.0132236 0.0197263 0.0275935 0.0365431 0.046007 0.0550846 0.0627363 0.0681496 0.0709976 0.0714171 0.069803 0.066618 0.062296 0.057208 0.0516445 0.0458145 0.0398603 0.0338874 0.027997 0.0223167 0.0170151 0.0122905 0.0083281 0.00524327
 0.00813751 0.0131359 0.0196171 0.0274761 0.0364371 0.0459334 0.0550607 0.0627714 0.0682415 0.0711306 0.0715633 0.0699292 0.0666949 0.062308 0.0571575 0.0515504 0.0457053 0.0397659 0.033831 0.0279902 0.0223577 0.0170909 0.0123819 0.00841651 0.00531583
 0.00804431 0.012993 0.0194189 0.0272249 0.0361448 0.0456226 0.0547641 0.0625289 0.068091 0.071097 0.0716493 0.0701138 0.0669393 0.0625672 0.0573923 0.0517373 0.04584 0.0398604 0.0339057 0.0280645 0.0224424 0.0171862 0.0124796 0.00850537 0.00538719
 0.00806259 0.0130039 0.0194011 0.0271482 0.0359795 0.045354 0.0544049 0.0621205 0.0676939 0.0707733 0.0714473 0.0700572 0.0670246 0.0627667 0.0576625 0.0520308 0.0461178 0.0401001 0.0341024 0.0282257 0.0225795 0.017307 0.0125859 0.00859455 0.00545607
 0.00805914 0.0130053 0.0194146 0.027181 0.036032 0.0454119 0.0544366 0.0620857 0.0675623 0.0705433 0.0711536 0.06976 0.0667874 0.0626336 0.0576467 0.0521157 0.0462683 0.0402772 0.0342757 0.0283787 0.0227081 0.0174138 0.012674 0.00866543 0.00550996
 0.00808277 0.0130474 0.0194848 0.0272909 0.0361925 0.0456281 0.0547013 0.0623743 0.0678319 0.0707406 0.0712295 0.0696891 0.0665803 0.0623361 0.0573225 0.051823 0.046042 0.0401247 0.0341847 0.02833 0.0226851 0.0174063 0.0126765 0.00867419 0.00552144
 0.00803882 0.0129808 0.0193944 0.0271802 0.0360709 0.0455112 0.0546102 0.0623321 0.0678564 0.0708352 0.0713771 0.0698538 0.0667195 0.0624167 0.057335 0.0517838 0.0459829 0.0400767 0.0341655 0.0283409 0.022717 0.0174471 0.0127169 0.00870883 0.00554824
 0.0079874 0.0129099 0.0193111 0.0270988 0.0360088 0.0454826 0.0546212 0.0623808 0.0679363 0.0709394 0.0714992 0.0699852 0.0668452 0.0625162 0.057388 0.0517796 0.045927 0.0399893 0.0340726 0.0282636 0.0226653 0.0174202 0.0127081 0.0087104 0.00555399
 0.00793962 0.0128376 0.0192129 0.0269788 0.0358772 0.0453561 0.0545214 0.0623296 0.0679494 0.0710196 0.0716345 0.0701533 0.0670213 0.062678 0.0575178 0.0518648 0.0459622 0.0399787 0.0340297 0.0282071 0.0226123 0.017381 0.012685 0.00870018 0.00555166
 0.00784107 0.0126926 0.0190231 0.0267558 0.03564 0.045126 0.0543187 0.0621728 0.0678551 0.0710009 0.0716977 0.070294 0.067223 0.062915 0.057761 0.0520878 0.0461455 0.0401126 0.0341148 0.0282527 0.022632 0.0173881 0.0126886 0.0087043 0.00555667
 0.00771036 0.0124898 0.0187368 0.0263845 0.0351945 0.0446323 0.0538191 0.0617215 0.0675073 0.0707984 0.0716592 0.0704145 0.0674794 0.0632733 0.0581816 0.0525299 0.0465718 0.0404935 0.0344323 0.028501 0.0228157 0.0175181 0.0127775 0.0087633 0.00559447
 0.00749083 0.012165 0.0183075 0.0258721 0.0346349 0.0440654 0.0532815 0.0612462 0.0671256 0.0705404 0.0715498 0.070467 0.0676913 0.0636247 0.0586387 0.0530505 0.0471115 0.0410116 0.0348965 0.0288907 0.0231232 0.0177467 0.0129379 0.0088696 0.00566084
 0.00710445 0.0115784 0.0175039 0.0248675 0.0334788 0.042836 0.0520806 0.0601881 0.0663171 0.0700558 0.0714161 0.0706664 0.0681766 0.0643364 0.0595135 0.0540244 0.0481208 0.0419959 0.0358031 0.0296799 0.0237717 0.0182484 0.0133023 0.00911695 0.00581695
#obs surv len freq
 0.0049669 0.00813558 0.0123743 0.017696 0.0239737 0.0308411 0.0376724 0.043745 0.0485112 0.0517734 0.0536534 0.0544377 0.0544446 0.0539678 0.0532639 0.0525434 0.0519497 0.0515174 0.0511084 0.050354 0.0486722 0.0454322 0.0402571 0.0333162 0.0253926
 0.00517445 0.00847697 0.0128957 0.0184434 0.0249848 0.0321312 0.0392199 0.0454849 0.0503419 0.0535748 0.0553053 0.0558325 0.0554933 0.0546009 0.0534309 0.0522135 0.0511157 0.0502022 0.0493722 0.0482986 0.0464393 0.043192 0.0381847 0.0315577 0.024033
 0.00539361 0.00883465 0.0134369 0.0192118 0.0260155 0.0334389 0.0407859 0.0472511 0.0522172 0.0554498 0.0570669 0.0573734 0.0567168 0.055424 0.0537862 0.0520514 0.0504074 0.048947 0.0476095 0.0461199 0.0439943 0.0406785 0.0358178 0.0295241 0.0224476
 0.00563621 0.00923151 0.0140386 0.0200669 0.0271608 0.034885 0.0425021 0.0491613 0.0542121 0.0574089 0.0588775 0.0589392 0.057957 0.0562693 0.0541753 0.0519309 0.0497356 0.0477039 0.0458125 0.0438438 0.0413845 0.0379459 0.0332057 0.0272535 0.0206619
 0.0058883 0.00964459 0.0146664 0.0209614 0.0283624 0.0364063 0.0443117 0.0511778 0.0563154 0.0594638 0.0607569 0.0605377 0.0591942 0.0570864 0.0545278 0.0517806 0.049048 0.0464548 0.0440055 0.0415358 0.0387074 0.0351082 0.0304619 0.0248446 0.018752
 0.00615601 0.010081 0.0153254 0.0218939 0.0296069 0.0379735 0.0461685 0.0532412 0.0584636 0.0615586 0.0626659 0.0621488 0.0604212 0.0578688 0.0548262 0.051569 0.0483067 0.0451703 0.0421832 0.0392246 0.0360258 0.0322534 0.0276843 0.0223899 0.0167934
 0.0063928 0.0104736 0.0159303 0.0227684 0.0307967 0.0394946 0.0479886 0.0552746 0.060584 0.0636249 0.0645462 0.0637328 0.0616244 0.0586309 0.0551077 0.0513461 0.0475658 0.0439066 0.0404088 0.0369885 0.0334381 0.0294969 0.0249948 0.0200033 0.0148807
 0.0066153 0.0108392 0.016488 0.023567 0.0318767 0.0408737 0.0496461 0.0571436 0.0625586 0.0655777 0.0663481 0.0652686 0.0628018 0.0593838 0.0553951 0.0511457 0.0468682 0.042713 0.038737 0.0348891 0.0310153 0.0269191 0.0224786 0.0177669 0.0130839
 0.00684431 0.0112115 0.0170485 0.0243573 0.0329273 0.0421919 0.0512032 0.0588705 0.0643555 0.0673325 0.0679532 0.0666302 0.0638429 0.0600452 0.055635 0.0509389 0.0462037 0.0415928 0.0371811 0.0329479 0.0287868 0.0245569 0.0201779 0.0157235 0.0114417
 0.00706886 0.0115818 0.017615 0.0251688 0.0340194 0.0435697 0.052825 0.0606447 0.0661568 0.0690295 0.0694331 0.0678106 0.064671 0.0604914 0.0556849 0.0505872 0.0454507 0.0404459 0.0356616 0.0311037 0.0267072 0.0223792 0.0180746 0.0138657 0.0099537
 0.00728101 0.0119286 0.0181403 0.0259146 0.0350178 0.0448291 0.0543162 0.0622942 0.067855 0.0706499 0.0708545 0.0689341 0.0654302 0.0608536 0.0556459 0.0501605 0.0446579 0.0393111 0.0342152 0.0293944 0.0248156 0.0204248 0.0162047 0.0122252 0.00864586
 0.00745233 0.0122126 0.0185778 0.0265466 0.0358764 0.0459241 0.0556214 0.0637435 0.0693519 0.0720866 0.0721285 0.0699593 0.0661412 0.061209 0.0556286 0.0497761 0.0439284 0.0382692 0.0329021 0.0278643 0.0231455 0.0187195 0.0145885 0.0108172 0.00752932
 0.00751301 0.0123153 0.0187407 0.0267916 0.0362278 0.0464045 0.0562454 0.0645113 0.0702442 0.0730622 0.0731268 0.0709057 0.0669568 0.0618209 0.0559792 0.0498284 0.043668 0.0377038 0.03206 0.026795 0.0219212 0.0174348 0.0133516 0.00972972 0.00666198
 0.00757818 0.012412 0.0188698 0.0269496 0.0364105 0.0466122 0.0564866 0.0648022 0.0706038 0.073505 0.073654 0.0714988 0.067575 0.0624049 0.0564595 0.050138 0.0437538 0.0375355 0.0316353 0.0261415 0.0210959 0.0165196 0.0124413 0.00891368 0.0060034
 0.00767563 0.0125611 0.0190764 0.0272113 0.0367161 0.0469424 0.0568155 0.0651028 0.070857 0.0737087 0.0738252 0.0716659 0.0677631 0.0626203 0.0566828 0.0503259 0.043851 0.0374896 0.0314119 0.0257354 0.0205357 0.0158641 0.0117671 0.00829644 0.00549872
 0.00772732 0.0126451 0.0192023 0.0273869 0.0369443 0.0472172 0.0571192 0.0654066 0.0711276 0.0739191 0.0739637 0.0717403 0.0677968 0.0626422 0.0567139 0.0503682 0.0438831 0.0374729 0.0313048 0.0255104 0.0201923 0.0154325 0.0113004 0.00785428 0.00512862
 0.00778864 0.0127377 0.0193285 0.0275449 0.0371293 0.0474234 0.05734 0.0656335 0.0713485 0.074117 0.0741206 0.0718414 0.067837 0.0626293 0.0566658 0.0503042 0.0438134 0.0373919 0.0311926 0.0253433 0.0199574 0.0151379 0.0109754 0.00753904 0.00485933
 0.00782219 0.0127902 0.0194036 0.0276438 0.0372504 0.047561 0.057485 0.0657746 0.0714759 0.0742252 0.0742086 0.0719099 0.0678854 0.0626546 0.0566659 0.0502805 0.0437702 0.0373314 0.0311112 0.0252316 0.0198066 0.0149488 0.0107625 0.00732713 0.00467368
 0.00786483 0.0128551 0.0194929 0.0277567 0.0373828 0.0477066 0.0576352 0.065919 0.0716029 0.074325 0.074275 0.0719422 0.067887 0.0626314 0.0566233 0.0502224 0.0436987 0.0372478 0.0310148 0.0251198 0.0196765 0.0148011 0.010605 0.00717383 0.00454002
 0.0078977 0.0129048 0.0195607 0.0278409 0.0374793 0.0478095 0.0577375 0.0660133 0.0716827 0.0743861 0.0743158 0.0719632 0.0678902 0.0626189 0.0565973 0.0501847 0.0436507 0.0371898 0.0309463 0.0250393 0.0195835 0.0146971 0.0104954 0.00706779 0.00444749
 0.00789106 0.0128937 0.0195435 0.0278162 0.0374464 0.0477693 0.0576933 0.0659709 0.0716496 0.0743696 0.0743212 0.0719927 0.0679418 0.0626871 0.0566738 0.0502607 0.043718 0.0372419 0.0309787 0.0250495 0.0195709 0.014664 0.0104476 0.0070134 0.00439542
 0.0078959 0.0128944 0.0195313 0.0277792 0.0373732 0.0476549 0.0575434 0.0658029 0.0714877 0.074238 0.0742385 0.0719684 0.0679762 0.0627727 0.0567975 0.0504061 0.0438684 0.0373826 0.031098 0.0251402 0.01963 0.014693 0.0104517 0.00700084 0.00437506
 0.00789726 0.0128956 0.0195308 0.0277738 0.0373574 0.0476207 0.0574823 0.0657083 0.0713603 0.0740889 0.0740888 0.071844 0.0678996 0.0627567 0.0568422 0.0505009 0.043996 0.0375234 0.0312339 0.0252571 0.0197196 0.0147526 0.0104841 0.00701238 0.00437373
 0.00788473 0.0128741 0.0194966 0.0277229 0.0372871 0.047531 0.0573764 0.0655928 0.0712427 0.0739758 0.073986 0.0717583 0.0678406 0.0627355 0.0568678 0.0505756 0.0441133 0.0376687 0.0313888 0.0254036 0.0198435 0.0148466 0.0105472 0.00704903 0.00439121
 0.00790725 0.0129024 0.0195237 0.0277372 0.0372753 0.0474831 0.0572903 0.0654752 0.0711068 0.0738374 0.0738591 0.0716533 0.067764 0.0626915 0.0568597 0.0506058 0.0441811 0.0377686 0.0315097 0.0255304 0.0199614 0.0149441 0.010619 0.00709582 0.00441782
 0.00787717 0.0128596 0.0194703 0.027678 0.0372148 0.0474222 0.0572246 0.0653969 0.0710106 0.0737256 0.0737432 0.0715504 0.0676909 0.062659 0.0568712 0.0506588 0.0442699 0.0378854 0.0316444 0.0256709 0.0200946 0.0150587 0.0107081 0.00715804 0.00445661
 0.00786421 0.0128337 0.0194231 0.0276 0.0370998 0.0472722 0.0570527 0.0652254 0.0708621 0.0736145 0.0736725 0.0715149 0.0676841 0.0626784 0.0569181 0.0507349 0.0443743 0.0380134 0.0317876 0.0258186 0.0202352 0.0151817 0.0108064 0.00722924 0.00450308
 0.00781892 0.0127632 0.0193224 0.0274663 0.0369322 0.0470723 0.0568262 0.0649844 0.0706266 0.0734101 0.0735245 0.0714412 0.0676901 0.0627565 0.0570526 0.0509086 0.0445726 0.0382244 0.032001 0.0260241 0.0204223 0.0153414 0.0109328 0.00732123 0.00456403
 0.00781112 0.0127431 0.0192788 0.0273848 0.0367999 0.0468839 0.0565894 0.0647196 0.0703614 0.0731717 0.0733351 0.0713163 0.0676392 0.0627826 0.0571511 0.0510673 0.044774 0.0384497 0.0322328 0.0262473 0.0206249 0.0155139 0.0110697 0.00742145 0.00463116
 0.00777314 0.0126868 0.0192036 0.0272925 0.0366921 0.0467595 0.0564441 0.0645491 0.0701668 0.0729641 0.0731354 0.0711507 0.0675311 0.0627471 0.0571928 0.0511806 0.0449457 0.0386612 0.0324636 0.0264777 0.0208377 0.0156969 0.0112156 0.00752879 0.00470352
 0.00774639 0.0126387 0.0191232 0.0271684 0.0365165 0.0465345 0.0561851 0.0642824 0.0699212 0.0727613 0.0729855 0.071055 0.0674889 0.0627601 0.0572642 0.0513113 0.0451304 0.0388877 0.0327139 0.0267313 0.0210752 0.0159026 0.0113804 0.00765034 0.00478559
 0.00771604 0.0125878 0.0190438 0.0270515 0.036354 0.0463219 0.0559251 0.0639883 0.069617 0.0724781 0.0727553 0.0709023 0.0674258 0.0627854 0.0573678 0.0514799 0.0453503 0.0391448 0.0329919 0.0270115 0.0213383 0.0161321 0.0115653 0.00778738 0.00487846
 0.00770006 0.0125621 0.0190053 0.0269969 0.0362798 0.0462244 0.0558012 0.0638365 0.0694394 0.0722823 0.0725552 0.0707182 0.0672806 0.062699 0.0573522 0.0515368 0.0454724 0.0393185 0.0332003 0.0272359 0.0215594 0.0163323 0.0117317 0.00791377 0.00496583
 0.0076617 0.0125031 0.018923 0.0268911 0.0361531 0.0460814 0.0556489 0.0636829 0.0692924 0.0721478 0.0724369 0.0706189 0.067205 0.062655 0.0573498 0.0515846 0.0455737 0.0394692 0.0333888 0.0274452 0.0217704 0.0165269 0.0118958 0.00804013 0.0050542
 0.00764122 0.0124702 0.0188742 0.0268239 0.0360664 0.0459772 0.0555325 0.0635629 0.0691783 0.0720474 0.0723542 0.0705542 0.0671569 0.0626234 0.0573377 0.0515982 0.0456201 0.0395529 0.0335084 0.027592 0.02193 0.0166827 0.0120331 0.00814937 0.00513262
 0.00761681 0.012431 0.0188162 0.026744 0.0359632 0.045852 0.0553908 0.0634149 0.0690369 0.0719258 0.0722626 0.0704982 0.0671366 0.062635 0.0573757 0.0516583 0.0457006 0.0396542 0.0336303 0.0277309 0.0220775 0.0168267 0.0121613 0.00825274 0.00520782
 0.00760882 0.0124171 0.0187935 0.0267091 0.0359129 0.0457843 0.0553062 0.0633166 0.068931 0.0718203 0.0721665 0.07042 0.067083 0.0626099 0.0573796 0.051689 0.0457548 0.0397287 0.0337224 0.0278371 0.022192 0.0169408 0.0122655 0.00833896 0.00527208
 0.00758683 0.0123844 0.0187499 0.0266563 0.0358533 0.0457203 0.0552392 0.0632472 0.0688601 0.0717498 0.0720998 0.0703619 0.0670393 0.0625857 0.0573786 0.0517126 0.0458019 0.0397965 0.0338068 0.0279334 0.022294 0.0170414 0.0123569 0.00841489 0.00532915
 0.00757912 0.012371 0.0187284 0.0266241 0.0358091 0.0456653 0.0551775 0.0631852 0.0688042 0.0717037 0.0720634 0.0703329 0.0670157 0.0625677 0.0573691 0.0517156 0.0458212 0.0398337 0.033861 0.0280012 0.0223701 0.0171191 0.0124294 0.00847623 0.00537605
 0.00753091 0.0122968 0.0186245 0.0264903 0.0356486 0.0454849 0.0549883 0.0630025 0.0686454 0.0715856 0.0719979 0.070324 0.0670591 0.0626531 0.0574835 0.0518472 0.0459615 0.0399772 0.0340041 0.0281403 0.022501 0.0172367 0.012529 0.00855473 0.00543297
 0.00755036 0.0123226 0.0186525 0.026513 0.0356572 0.0454722 0.0549514 0.0629433 0.0685697 0.0715004 0.071911 0.0702438 0.0669935 0.0626083 0.0574629 0.0518506 0.0459857 0.0400181 0.0340575 0.0282022 0.022567 0.0173021 0.0125887 0.00860472 0.00547096
 0.00752942 0.0122963 0.0186268 0.0264972 0.0356599 0.045496 0.0549895 0.0629806 0.0685894 0.0714915 0.0718724 0.0701833 0.0669238 0.0625424 0.057411 0.0518189 0.0459764 0.0400299 0.0340868 0.0282442 0.0226163 0.0173533 0.0126367 0.00864555 0.00550238
 0.00753012 0.0122922 0.0186118 0.0264638 0.0356035 0.0454194 0.0549053 0.0629079 0.0685452 0.0714817 0.0718897 0.0702118 0.0669484 0.0625559 0.0574148 0.0518203 0.0459833 0.0400478 0.0341173 0.0282853 0.022664 0.0174024 0.0126824 0.00868404 0.00553171
 0.00748875 0.0122345 0.0185421 0.0263912 0.0355376 0.0453657 0.0548621 0.0628689 0.0685057 0.0714442 0.0718631 0.0702059 0.0669668 0.0625937 0.0574625 0.0518692 0.0460298 0.0400927 0.0341635 0.0283344 0.0227151 0.0174526 0.0127279 0.00872181 0.00556015
 0.00747579 0.0122042 0.0184802 0.0262812 0.0353676 0.0451377 0.0545979 0.0626065 0.0682865 0.071298 0.0718004 0.0702202 0.0670437 0.062717 0.0576168 0.05204 0.0462035 0.040259 0.0343158 0.02847 0.022833 0.0175519 0.0128079 0.00878239 0.0056027
 0.00748681 0.0122237 0.0185116 0.026326 0.0354223 0.0451903 0.0546279 0.0625912 0.0682118 0.0711683 0.0716392 0.0700616 0.0669174 0.0626398 0.0575908 0.0520571 0.0462515 0.0403251 0.0343896 0.0285437 0.0229015 0.0176122 0.0128581 0.00882159 0.00563104
 0.00748681 0.0122237 0.0185116 0.026326 0.0354223 0.0451903 0.0546279 0.0625912 0.0682118 0.0711683 0.0716392 0.0700616 0.0669174 0.0626398 0.0575908 0.0520571 0.0462515 0.0403251 0.0343896 0.0285437 0.0229015 0.0176122 0.0128581 0.00882159 0.00563104
#pred catch len freq
 0.00524898 0.00822869 0.0118506 0.0159629 0.0204643 0.0252986 0.0303736 0.0355066 0.0404497 0.044955 0.048819 0.0519022 0.0541416 0.0555575 0.0562444 0.0563542 0.0560768 0.0556023 0.0550367 0.0542706 0.0528765 0.0501685 0.0455038 0.0387169 0.0303899
 0.00557195 0.00868795 0.0124246 0.0166023 0.0211223 0.0259702 0.0311152 0.0364128 0.0415951 0.0463339 0.0503247 0.0533593 0.0553725 0.0564428 0.0567474 0.0565011 0.0559096 0.0551303 0.0542151 0.0530232 0.0511589 0.0480375 0.0431457 0.0364053 0.0283904
 0.00593928 0.00925608 0.0132225 0.0176303 0.0223457 0.0273176 0.0324865 0.0377056 0.0427449 0.0473431 0.0512505 0.0542594 0.0562449 0.057207 0.0572784 0.0566874 0.0556898 0.0544877 0.0531479 0.0515278 0.0492495 0.0457919 0.0407357 0.0340738 0.0263767
 0.0062705 0.00977886 0.0139813 0.0186588 0.0236641 0.0289243 0.0343432 0.0397217 0.0447764 0.0492175 0.0528125 0.0554173 0.0569889 0.0575826 0.0573336 0.0564311 0.0550874 0.0534877 0.051712 0.0496516 0.0469789 0.0432415 0.0380962 0.0315838 0.0242583
 0.00665533 0.0103726 0.0148177 0.0197541 0.0250226 0.0305452 0.0362176 0.0418191 0.0470271 0.0514998 0.0549566 0.0572309 0.0583017 0.0582911 0.0574198 0.0559422 0.0540905 0.0520316 0.0498201 0.0473465 0.0443221 0.0403648 0.0352042 0.0289177 0.0220291
 0.00708565 0.0110364 0.0157513 0.0209705 0.0265156 0.0322945 0.0381892 0.0439617 0.0492696 0.0537522 0.0571083 0.0591494 0.0598377 0.0592972 0.0577818 0.0556062 0.0530693 0.0503862 0.0476333 0.0447114 0.0413563 0.0372342 0.0321281 0.0261354 0.0197384
 0.00742723 0.0115768 0.0165374 0.0220388 0.0278886 0.0339749 0.0401503 0.0461399 0.0515668 0.0560475 0.0592738 0.0610612 0.0613799 0.0603631 0.0582753 0.055451 0.0522239 0.048857 0.0454785 0.0420393 0.0383238 0.0340468 0.0290283 0.0233656 0.0174842
 0.0077236 0.0120382 0.0171961 0.0229167 0.0290017 0.0353362 0.0417648 0.0479923 0.0536076 0.0581856 0.0613816 0.0629911 0.0629876 0.0615259 0.0588994 0.0554698 0.0515955 0.0475689 0.0435606 0.0395782 0.0354726 0.0310211 0.0260814 0.0207416 0.0153618
 0.00798592 0.012442 0.0177626 0.0236544 0.0299101 0.0364116 0.0430025 0.0493831 0.0551318 0.0598069 0.0630407 0.064602 0.0644399 0.0626965 0.0596693 0.0557396 0.0512948 0.0466624 0.042056 0.0375393 0.0330313 0.0283769 0.0234761 0.01841 0.0134743
 0.00822014 0.0128071 0.0182835 0.0243444 0.0307711 0.0374336 0.044161 0.050639 0.056436 0.0611089 0.0642949 0.0657672 0.0654723 0.0635409 0.0602553 0.0559854 0.0511193 0.0460021 0.0408844 0.0358861 0.0309966 0.0261312 0.0212359 0.0163902 0.0118334
 0.00855544 0.0133209 0.0189988 0.0252642 0.031881 0.0387069 0.0455588 0.0521057 0.0578976 0.0624795 0.0654896 0.0667178 0.0661378 0.0639071 0.0603231 0.0557535 0.0505724 0.0451129 0.0396305 0.034277 0.029099 0.0240772 0.0192058 0.0145689 0.0103588
 0.0088765 0.0138162 0.0196951 0.0261701 0.0329884 0.0399929 0.0469841 0.0536106 0.0594022 0.0638901 0.0667099 0.0676618 0.066742 0.0641403 0.0601872 0.0552747 0.0497843 0.0440421 0.0382954 0.032702 0.0273382 0.0222307 0.0174129 0.0129761 0.00907641
 0.00901906 0.0140447 0.0200338 0.0266414 0.0336114 0.04078 0.047934 0.0547017 0.0605891 0.0651051 0.0678688 0.0686736 0.0675216 0.064621 0.0603307 0.0550731 0.0492555 0.0432192 0.0372177 0.0314151 0.0259031 0.0207346 0.0159667 0.0116942 0.00804495
 0.00914334 0.0142322 0.0202902 0.0269652 0.0339996 0.0412338 0.0484622 0.055316 0.061295 0.0658911 0.0687004 0.0694933 0.0682565 0.0651947 0.0606763 0.0551447 0.0490334 0.0427104 0.0364514 0.0304393 0.0247834 0.0195546 0.014823 0.0106804 0.00722958
 0.00928701 0.0144513 0.020593 0.0273498 0.0344549 0.0417429 0.0490043 0.0558695 0.0618411 0.0664174 0.0692001 0.0699594 0.0686733 0.0655324 0.0608933 0.0551957 0.0488815 0.0423366 0.0358611 0.0296636 0.0238776 0.0185937 0.0138918 0.00985779 0.00657074
 0.00928553 0.0144616 0.0206318 0.0274408 0.034623 0.0420048 0.0493604 0.056301 0.0623151 0.0668965 0.069652 0.0703626 0.069017 0.0658105 0.0610963 0.0553045 0.0488686 0.042174 0.0355325 0.0291746 0.0232613 0.0179072 0.013206 0.00924095 0.00607159
 0.00936425 0.0145694 0.0207582 0.0275665 0.0347299 0.0420888 0.049439 0.0564084 0.062485 0.0671437 0.0699633 0.0707022 0.0693419 0.0660855 0.0612994 0.0554239 0.0488944 0.0420945 0.0353361 0.0288588 0.0228418 0.0174211 0.0127063 0.00878224 0.00569541
 0.00958661 0.0148873 0.0211551 0.0279976 0.0351323 0.0424009 0.0496186 0.0564439 0.0623982 0.0669837 0.0697929 0.070577 0.0692918 0.0661071 0.0613634 0.0554908 0.0489278 0.0420666 0.0352289 0.028665 0.0225679 0.0170902 0.012355 0.00845192 0.0054196
 0.00972651 0.0151071 0.0214699 0.0284122 0.0356351 0.0429576 0.0501695 0.0569108 0.0627048 0.0670822 0.0696827 0.0703059 0.0689369 0.065747 0.0610531 0.0552498 0.0487438 0.0419095 0.035066 0.0284724 0.0223367 0.0168284 0.0120841 0.00819926 0.00520882
 0.00975978 0.0151624 0.0215561 0.0285406 0.035819 0.0432101 0.0504976 0.0573059 0.063134 0.0674874 0.0699926 0.07046 0.0689103 0.0655611 0.0607658 0.0549292 0.0484423 0.0416499 0.0348439 0.0282695 0.0221356 0.0166226 0.01188 0.00801175 0.00505271
 0.0097275 0.0151144 0.0214928 0.0284665 0.0357439 0.0431493 0.0504715 0.0573379 0.0632449 0.0676857 0.070265 0.0707677 0.0691969 0.0657712 0.0608658 0.0549194 0.0483514 0.0415172 0.0347006 0.0281301 0.0220009 0.0164895 0.0117495 0.00789048 0.00494976
 0.00973071 0.015117 0.0214919 0.0284577 0.0357226 0.0431126 0.0504209 0.0572818 0.0631985 0.0676694 0.0702992 0.0708644 0.0693511 0.0659577 0.0610453 0.0550532 0.0484162 0.0415122 0.0346424 0.028041 0.0218992 0.0163862 0.0116509 0.00780188 0.00487605
 0.0097911 0.0152033 0.0215997 0.0285754 0.035834 0.0432027 0.0504796 0.0573054 0.0631893 0.0676346 0.0702503 0.0708164 0.0693193 0.0659521 0.061065 0.0550844 0.048438 0.0415059 0.0346 0.0279668 0.0218058 0.0162874 0.0115581 0.00772211 0.00481303
 0.00980609 0.0152257 0.0216295 0.0286101 0.0358686 0.0432292 0.0504882 0.0572871 0.0631396 0.0675573 0.0701583 0.0707285 0.0692552 0.0659265 0.0610837 0.0551425 0.0485205 0.0415917 0.0346691 0.0280067 0.021814 0.0162704 0.0115262 0.00768568 0.00477969
 0.0096819 0.0150504 0.0214147 0.028384 0.0356676 0.0430857 0.0504196 0.0572924 0.0632025 0.0676538 0.0702644 0.0708273 0.0693401 0.0660018 0.0611593 0.0552279 0.0486185 0.041697 0.03477 0.0280902 0.0218715 0.0163003 0.0115335 0.00767881 0.00476683
 0.00942912 0.0146711 0.0209041 0.0277608 0.0349725 0.0423753 0.0497602 0.0567527 0.0628425 0.0675104 0.0703417 0.0710971 0.069753 0.0665022 0.0616981 0.0557681 0.0491353 0.0421729 0.0351912 0.0284455 0.0221536 0.0165084 0.0116744 0.00776534 0.00481445
 0.00934849 0.0145336 0.0206854 0.0274357 0.0345219 0.0417973 0.0490814 0.0560315 0.0621618 0.0669594 0.0699955 0.0709989 0.0699053 0.0668687 0.0622165 0.056368 0.0497536 0.0427625 0.0357212 0.0288974 0.0225185 0.0167852 0.0118698 0.00789239 0.00488977
 0.00934496 0.0145187 0.0206452 0.0273483 0.0343594 0.0415308 0.0486892 0.0555097 0.061534 0.0662824 0.0693544 0.0704899 0.0696104 0.0668323 0.0624347 0.0567931 0.0503121 0.0433755 0.0363208 0.0294356 0.0229673 0.0171343 0.0121224 0.00806127 0.0049934
 0.00921392 0.0143316 0.0204107 0.0270886 0.0341006 0.0412887 0.0484593 0.0552683 0.0612507 0.0659384 0.0689576 0.0700813 0.0692575 0.0666109 0.0624049 0.0569787 0.0506929 0.0438946 0.0369037 0.0300097 0.0234774 0.0175486 0.0124316 0.00827332 0.00512657
 0.00915472 0.0142324 0.020257 0.0268684 0.0338103 0.0409409 0.0480854 0.0549119 0.0609505 0.0657105 0.0687906 0.0699484 0.0691393 0.0665131 0.06236 0.0570314 0.0508761 0.0442119 0.0373244 0.0304796 0.0239368 0.0179495 0.0127469 0.0084981 0.00527191
 0.00909259 0.0141335 0.0201115 0.0266669 0.033544 0.0406028 0.0476762 0.0544464 0.0604635 0.0652544 0.0684227 0.0697117 0.069048 0.0665529 0.0625032 0.0572556 0.0511729 0.04458 0.0377554 0.0309483 0.0244032 0.0183706 0.0130909 0.00875192 0.00544093
 0.00897589 0.01396 0.0198801 0.026386 0.0332269 0.0402618 0.047318 0.0540739 0.0600808 0.0648744 0.0680717 0.0694282 0.0688735 0.066518 0.0626164 0.0575022 0.0515241 0.0450045 0.0382248 0.031435 0.0248765 0.0187982 0.0134457 0.00901975 0.00562376
 0.0089715 0.0139446 0.0198417 0.0263089 0.0330959 0.0400686 0.0470663 0.0537788 0.0597634 0.0645545 0.067765 0.0691492 0.0686407 0.0663559 0.0625508 0.0575512 0.0516902 0.045273 0.0385684 0.0318201 0.025268 0.0191628 0.0137565 0.00926093 0.005793
 0.00904348 0.0140513 0.0199825 0.0264743 0.0332681 0.0402229 0.0471741 0.053813 0.0597048 0.0643988 0.0675244 0.0688487 0.0683114 0.06603 0.0622601 0.0573255 0.0515539 0.0452393 0.038635 0.0319687 0.0254691 0.0193825 0.0139637 0.0094334 0.00592068
 0.00903762 0.0140475 0.0199874 0.0264971 0.0333176 0.0403028 0.0472785 0.0539244 0.0597973 0.0644442 0.0675006 0.0687469 0.0681395 0.0658107 0.0620253 0.0571092 0.0513864 0.0451428 0.0386197 0.0320308 0.025591 0.0195375 0.0141229 0.00957365 0.00602879
 0.00896213 0.0139398 0.0198535 0.0263533 0.0331871 0.0402098 0.047242 0.0539536 0.0598889 0.0645812 0.0676538 0.0688816 0.0682247 0.0658291 0.0619785 0.0570165 0.0512781 0.0450511 0.0385701 0.032036 0.0256487 0.0196327 0.0142339 0.00967925 0.00611471
 0.00885063 0.0137728 0.0196292 0.0260806 0.032885 0.0399045 0.0469646 0.0537374 0.0597638 0.064566 0.06775 0.0690697 0.068469 0.0660861 0.0622092 0.057197 0.0514043 0.0451366 0.0386375 0.0321066 0.0257346 0.0197336 0.01434 0.00977726 0.00619414
 0.00886993 0.0137877 0.0196214 0.0260234 0.0327513 0.0396788 0.0466536 0.0533731 0.0593968 0.0642528 0.0675385 0.0689893 0.0685236 0.0662544 0.0624509 0.0574653 0.0516594 0.0453552 0.0388152 0.0322522 0.0258606 0.0198484 0.0144447 0.00986786 0.00626578
 0.00889973 0.0138369 0.0196954 0.0261239 0.032871 0.0397963 0.0467331 0.0533724 0.0592846 0.0640267 0.0672323 0.0686635 0.0682442 0.0660707 0.0623822 0.0574998 0.0517646 0.0454928 0.0389546 0.0323768 0.0259667 0.0199388 0.0145224 0.0099332 0.00631744
 0.00890456 0.0138494 0.0197231 0.0261777 0.0329628 0.0399352 0.0469189 0.0535892 0.0594985 0.0641898 0.0672968 0.0686014 0.0680621 0.0658108 0.0621053 0.0572619 0.051598 0.0454014 0.0389221 0.0323806 0.0259881 0.0199668 0.0145519 0.00996148 0.00634221
 0.00888289 0.0138174 0.0196814 0.02613 0.0329165 0.0399014 0.0469114 0.0536221 0.0595807 0.0643181 0.0674514 0.068747 0.068159 0.0658307 0.062045 0.0571452 0.0514643 0.0452877 0.0388492 0.0323505 0.0259902 0.019987 0.0145788 0.00998784 0.00636442
