SBPRF35
9.93362
Curr Bio
556807
B35
735911
F35
0.186284
FOFL
0.142586
OFL
66351.4
Bzero
2.83818e+006
#pred survey bio
 4.25822e+006 4.05655e+006 3.8722e+006 3.63709e+006 3.37767e+006 3.07551e+006 2.78095e+006 2.46991e+006 2.19154e+006 1.94569e+006 1.71101e+006 1.50496e+006 1.325e+006 1.17249e+006 1.02487e+006 907750 816087 753140 705210 669344 636827 605634 587678 575165 562908 548121 551438 554191 552845 555303 549476 556631 557901 566109 564410 548577 545645 532484 540367 547177 555623 563485 570200 564476 564322 568037 574146 572785 576878 573134 571796 599693 602947 597590 593622 576124 573441 566883 540273 528960 544616 600190 592250 561571 2.01682e+007 1.20961e+007 1.24193e+007 1.33533e+007 1.46549e+007 1.60586e+007 1.73811e+007 1.85277e+007 1.94687e+007 2.02123e+007 2.07848e+007 2.1218e+007 2.15419e+007 2.17824e+007 2.19603e+007 2.2092e+007 2.21895e+007 2.22619e+007 2.2316e+007 2.23565e+007 2.2387e+007 2.24102e+007 2.24278e+007 2.24413e+007 2.24517e+007 2.24597e+007 2.2466e+007 2.24708e+007 2.24746e+007 2.24775e+007 2.24798e+007 2.24817e+007 2.24831e+007 2.24842e+007 2.24851e+007 2.24859e+007 2.24864e+007 2.24869e+007 2.24872e+007 2.24875e+007 2.24877e+007 2.24879e+007 2.24881e+007 2.24882e+007 2.24883e+007 2.24883e+007 2.24884e+007 2.24884e+007 2.24885e+007 2.24885e+007 2.24885e+007 2.24886e+007 2.24886e+007 2.24886e+007 2.24886e+007 2.24886e+007 2.24886e+007 2.24886e+007 2.24886e+007 2.24886e+007 2.24886e+007 2.24886e+007 2.24886e+007 2.24886e+007 2.24886e+007 2.24886e+007 2.24886e+007 2.24886e+007 2.24886e+007 2.24886e+007 2.24886e+007 2.24886e+007 2.24886e+007 2.24886e+007 2.24886e+007 2.24886e+007 2.24886e+007 2.24886e+007 2.24886e+007 2.24886e+007 2.24886e+007 2.24886e+007 2.24886e+007 2.24886e+007 2.24886e+007 2.24886e+007 2.24886e+007 2.24886e+007 2.24886e+007 2.24886e+007 2.24886e+007 2.24886e+007 2.24886e+007 2.24886e+007 2.24886e+007 2.24886e+007 2.24886e+007 2.24886e+007 2.24886e+007 2.24886e+007 0 0 0 0 0 0 0 0 0 0 0 0 0 0 0 0 0 0 0 0 0 0 0 0 0
#obs survey bio
 5.07864e+006 3.1266e+006 4.97128e+006 3.68898e+006 2.28234e+006 1.85574e+006 2.94599e+006 2.08166e+006 2.51304e+006 1.4044e+006 1.61039e+006 1.01608e+006 1.14918e+006 1.26244e+006 970070 682069 665675 726334 410323 620303 525348 476966 421102 413518 625558 426328 427984 525821 434642 529835 504812 501286 553049 587088 573806 535769 529269 603536 582337 550926 400456 702204 796129 701784 608469 810090 621954 702413 932314 496374 501572 656247 613332 633560 535469 518258 713847 588017 422960 477671 724514 738729 485886 556395
#pred catch bio
 105495 96065.2 153673 193012 253571 270490 309719 302726 292979 299172 286373 272543 253702 250656 222794 198619 171445 156221 143811 138620 134579 120970 114974 113402 113620 97366.2 97739.4 100492 96376.8 101804 89233.5 93003.4 85873.6 92090.2 100311 87660.2 98136.7 83515.1 87152.2 86893.1 87620.3 87948.9 96661.9 89874.3 85512.8 83206.3 89390.4 84634.7 91279.6 89512.1 66575.5 89192.2 96750.9 95957.2 107563 95235.7 98637.7 114061 99941.7 78081.3 46930.4 100290 115334 73098.7 66351.4 84802.3 85937.3 91128.2 99533.1 108914 117737 125274 131322 135967 139421 141928 143714 144967 145837 146435 146844 147121 147308 147434 147518 147575 147613 147638 147654 147666 147673 147678 147681 147683 147685 147686 147686 147687 147687 147687 147687 147687 147687 147687 147687 147687 147687 147687 147687 147687 147687 147687 147687 147687 147687 147687 147687 147687 147687 147687 147687 147687 147687 147687 147687 147687 147687 147687 147687 147687 147687 147687 147687 147687 147687 147687 147687 147687 147687 147687 147687 147687 147687 147687 147687 147687 147687 147687 147687 147687 147687 147687 147687 147687 147687 147687 147687 147687 147687 147687 147687 147687 147687 147687 0 0 0 0 0 0 0 0 0 0 0 0 0 0 0 0 0 0 0 0 0 0 0 0 0
#obs catch bio
 0 95665.9 153979 193463 255598 272559 312903 307309 296082 304435 290693 278654 260550 256023 227399 202393 174624 158469 146300 141050 137095 123110 117002 115957 115782 98922.2 99436.3 102231 97842.4 103750 90372.6 94076.4 86862.4 93092.2 101427 87913.9 98777.9 83466.2 87222.4 86654 87678 87582.4 96275.6 89254.3 84665.2 82457 88631.6 83980.1 90144.3 88955.5 65975.7 88841 96653.9 95494.1 107540 95099.9 98229.4 113765 99720.9 78413.7 46490.4 100353 115742 72846.9
#pred cpue bio
 4.20016e+006 4.00161e+006 3.8199e+006 3.58602e+006 3.32727e+006 3.02627e+006 2.73293e+006 2.42344e+006 2.14657e+006 1.90216e+006 1.66913e+006 1.46462e+006 1.28621e+006 1.1355e+006 990230 875067 785046 723409 676605 641564 609926 579685 562286 550121 538279 524085 527411 530226 529115 531717 526391 533738 535296 543608 542551 527769 524693 510763 517541 524116 532619 540578 547494 542333 542483 546248 552236 550893 554891 551217 549706 576757 579983 574624 570495 553178 550309 543987 518173 506891 522042 576763 569831 540146 1.9428e+007 1.16735e+007 1.18804e+007 1.26561e+007 1.38929e+007 1.52786e+007 1.6597e+007 1.77428e+007 1.86835e+007 1.94271e+007 1.99996e+007 2.04328e+007 2.07566e+007 2.09971e+007 2.11751e+007 2.13068e+007 2.14043e+007 2.14767e+007 2.15307e+007 2.15713e+007 2.16018e+007 2.16249e+007 2.16426e+007 2.16561e+007 2.16665e+007 2.16745e+007 2.16807e+007 2.16856e+007 2.16894e+007 2.16923e+007 2.16946e+007 2.16965e+007 2.16979e+007 2.1699e+007 2.16999e+007 2.17006e+007 2.17012e+007 2.17017e+007 2.1702e+007 2.17023e+007 2.17025e+007 2.17027e+007 2.17029e+007 2.1703e+007 2.17031e+007 2.17031e+007 2.17032e+007 2.17032e+007 2.17033e+007 2.17033e+007 2.17033e+007 2.17033e+007 2.17034e+007 2.17034e+007 2.17034e+007 2.17034e+007 2.17034e+007 2.17034e+007 2.17034e+007 2.17034e+007 2.17034e+007 2.17034e+007 2.17034e+007 2.17034e+007 2.17034e+007 2.17034e+007 2.17034e+007 2.17034e+007 2.17034e+007 2.17034e+007 2.17034e+007 2.17034e+007 2.17034e+007 2.17034e+007 2.17034e+007 2.17034e+007 2.17034e+007 2.17034e+007 2.17034e+007 2.17034e+007 2.17034e+007 2.17034e+007 2.17034e+007 2.17034e+007 2.17034e+007 2.17034e+007 2.17034e+007 2.17034e+007 2.17034e+007 2.17034e+007 2.17034e+007 2.17034e+007 2.17034e+007 2.17034e+007 2.17034e+007 2.17034e+007 2.17034e+007 2.17034e+007 2.17034e+007 2.17034e+007 0 0 0 0 0 0 0 0 0 0 0 0 0 0 0 0 0 0 0 0 0 0 0 0 0
#obs cpue bio
 4.66464e+006 4.01758e+006 2.83264e+006 1.81128e+006 2.86491e+006 4.05256e+006 2.65593e+006 1.38645e+006 2.61343e+006 1.4602e+006 1.82282e+006 1.06903e+006 794422 1.34062e+006 768206 960083 672641 743935 723980 539307 554474 515709 581386 417727 498993 451781 504588 469090 528030 408085 504861 661942 354099 539850 558000 655666 544519 555083 495480 687046 572621 636270 472231 560035 765707 396942 614590 421351 654116 495655 591741 540356 421750 684884 549288 559446 577191 579015 640718 372113 475807 677296 556137 541540
#pred surv len freq
 0.00452342 0.00740448 0.0112577 0.0161036 0.0218493 0.0282012 0.0346399 0.040552 0.0454582 0.0491658 0.0517471 0.0534113 0.0543892 0.054876 0.0550151 0.0549002 0.0545878 0.0541009 0.0533944 0.0522793 0.0503617 0.047105 0.0420759 0.035276 0.0273245
 0.00469452 0.00760268 0.0114123 0.0161102 0.0216113 0.0276871 0.0339219 0.0397901 0.044833 0.0487974 0.0516512 0.0535153 0.0545899 0.0551007 0.0552528 0.0551927 0.0549905 0.0546334 0.0540074 0.0528567 0.0507648 0.0472363 0.0419257 0.0349245 0.0268975
 0.00495217 0.0080107 0.0119998 0.01688 0.0225205 0.0286306 0.0347351 0.0402915 0.0448992 0.0484298 0.0509833 0.0527475 0.0538946 0.0545623 0.0548726 0.0549382 0.0548385 0.0545767 0.0540287 0.0529029 0.05075 0.04708 0.0415993 0.0344702 0.0264061
 0.0051694 0.00837298 0.0125616 0.0176965 0.0236331 0.0300419 0.0363811 0.0420254 0.0465041 0.0496664 0.0516612 0.0527913 0.0533701 0.0536422 0.0537619 0.0538016 0.0537699 0.0536083 0.053154 0.0520916 0.0499583 0.0462695 0.0407626 0.0336448 0.0256603
 0.00536669 0.00869535 0.0130511 0.0183968 0.0245849 0.0312741 0.0378951 0.0437793 0.0484008 0.0515501 0.0533283 0.0540239 0.0539909 0.0535726 0.0530504 0.0526026 0.052282 0.0520086 0.0515593 0.0505558 0.0484947 0.0448817 0.0394696 0.0324894 0.0246958
 0.00562219 0.00910368 0.013653 0.0192268 0.0256674 0.0326162 0.0394787 0.0455569 0.0502987 0.0534742 0.055164 0.0556315 0.0552071 0.0542341 0.0530375 0.051885 0.0509367 0.0501963 0.0494717 0.0483655 0.0463326 0.0428428 0.0376311 0.0309199 0.0234463
 0.00588601 0.0095287 0.0142854 0.020107 0.0268227 0.0340499 0.0411585 0.0474126 0.0522336 0.0553851 0.0569557 0.0572164 0.0564944 0.055118 0.0534004 0.0516221 0.0499962 0.0486113 0.0473652 0.0459236 0.0437632 0.0403416 0.0353627 0.0290057 0.0219539
 0.00616694 0.00998599 0.0149746 0.0210799 0.0281174 0.0356745 0.0430752 0.049532 0.0544278 0.0575134 0.0588899 0.0588546 0.057761 0.0559523 0.0537423 0.0514049 0.0491571 0.0471215 0.0452648 0.0433405 0.0409031 0.0374526 0.0326866 0.0267323 0.0201887
 0.00646466 0.0104594 0.0156682 0.0220299 0.0293484 0.0371923 0.0448564 0.0515163 0.0565201 0.0595952 0.060835 0.0605442 0.0590946 0.0568528 0.0541521 0.0512765 0.048447 0.0457985 0.0433357 0.0408829 0.0380839 0.0345139 0.0298981 0.0243267 0.0183073
 0.00675599 0.0109278 0.016363 0.022993 0.0306055 0.0387413 0.0466551 0.0534811 0.05854 0.0615545 0.0626306 0.06209 0.0603174 0.0576877 0.054541 0.0511683 0.047798 0.0445776 0.0415408 0.038568 0.0353844 0.0316479 0.0271309 0.0219052 0.0163946
 0.00709162 0.0114631 0.0171494 0.0240711 0.031998 0.040441 0.0486125 0.0555995 0.0606875 0.0635886 0.0644241 0.0635461 0.061373 0.0583068 0.0547028 0.0508554 0.0469904 0.0432564 0.0397044 0.0362591 0.0327174 0.0288174 0.0243854 0.019487 0.0144721
 0.00738192 0.0119363 0.0178634 0.0250796 0.0333382 0.0421165 0.0505753 0.0577456 0.0628727 0.0656575 0.0662371 0.0649953 0.0623863 0.0588458 0.0547556 0.0504255 0.0460855 0.0418834 0.0378778 0.0340228 0.0301717 0.0261327 0.0217837 0.0171903 0.0126396
 0.00755442 0.012234 0.0183439 0.0258078 0.0343737 0.0434917 0.0522733 0.0596906 0.0649393 0.0676941 0.0680915 0.0665347 0.0635104 0.0594926 0.0548996 0.0500696 0.045249 0.0405937 0.0361702 0.0319538 0.0278392 0.0236888 0.0194226 0.0151068 0.0109748
 0.00772901 0.0125109 0.0187492 0.0263654 0.0351065 0.0444202 0.0534097 0.0610283 0.0664423 0.0692909 0.0696779 0.0679867 0.0647037 0.0603226 0.0552949 0.0499956 0.0447033 0.039598 0.0347659 0.0302061 0.0258476 0.0215939 0.0173953 0.0133153 0.00954076
 0.00800996 0.0129534 0.0193879 0.0272209 0.0361798 0.0456866 0.0548138 0.0624883 0.067867 0.070601 0.0708178 0.0689196 0.0653975 0.0607396 0.0553926 0.0497364 0.0440653 0.0385822 0.0334007 0.02855 0.0239944 0.0196726 0.0155574 0.0117053 0.0082599
 0.00823461 0.0133155 0.0199262 0.0279677 0.0371525 0.0468759 0.0561719 0.0639275 0.0692741 0.0718635 0.0718484 0.0696686 0.0658511 0.0609057 0.0552843 0.0493593 0.0434159 0.0376564 0.0322074 0.0271254 0.0224105 0.0180367 0.0139978 0.0103436 0.00717971
 0.00837227 0.0135423 0.0202733 0.0284664 0.0378284 0.0477388 0.0572053 0.0650828 0.0704743 0.0730158 0.0728594 0.0704597 0.0663693 0.0611294 0.0552193 0.0490272 0.0428413 0.0368591 0.0312062 0.0259499 0.0211143 0.0167024 0.0127272 0.00923497 0.00630089
 0.00851832 0.0137574 0.0205568 0.0288063 0.038209 0.0481519 0.0576561 0.0655864 0.0710438 0.0736481 0.0735267 0.0711105 0.0669386 0.0615527 0.0554468 0.0490314 0.042616 0.0364145 0.0305632 0.0251405 0.0201867 0.0157244 0.0117807 0.00839973 0.00563342
 0.00865338 0.0139688 0.0208585 0.0292026 0.0386906 0.0486924 0.0582123 0.0661066 0.071485 0.0739931 0.0737884 0.0713184 0.0671158 0.0616996 0.0555381 0.0490275 0.0424795 0.036122 0.0301112 0.0245466 0.0194887 0.0149781 0.0110528 0.00775416 0.00511579
 0.00867089 0.0140098 0.0209432 0.0293568 0.038939 0.0490468 0.0586613 0.0666127 0.0719927 0.0744442 0.0741392 0.0715511 0.0672398 0.0617406 0.0555209 0.0489619 0.0423557 0.0359186 0.0298087 0.0241405 0.0189962 0.0144374 0.0105153 0.00727133 0.00472536
 0.00871606 0.0140763 0.0210312 0.0294647 0.039067 0.0492012 0.0588554 0.0668613 0.0723006 0.0747969 0.0745006 0.0718734 0.06748 0.0618748 0.0555493 0.0489007 0.0422237 0.0357262 0.0295566 0.023827 0.0186278 0.0140356 0.0101143 0.00690882 0.00443043
 0.00883032 0.0142482 0.0212637 0.0297502 0.0393885 0.0495354 0.0591766 0.067146 0.0725335 0.0749745 0.0746296 0.0719622 0.0675297 0.061877 0.0554919 0.0487765 0.0420355 0.0354842 0.0292727 0.0235111 0.0182904 0.0136916 0.00978519 0.00661831 0.00419713
 0.00892123 0.0143824 0.0214403 0.0299591 0.0396126 0.0497552 0.0593736 0.0673052 0.0726454 0.0750371 0.07465 0.0719549 0.0675107 0.0618568 0.05547 0.0487428 0.0419753 0.0353858 0.0291315 0.0233304 0.0180797 0.0134657 0.00956246 0.0064178 0.00403372
 0.00888052 0.0143359 0.0214059 0.0299639 0.0396833 0.0499042 0.0595892 0.0675526 0.0728796 0.0752205 0.0747641 0.0720018 0.0675068 0.0618234 0.0554248 0.0486948 0.0419235 0.0353223 0.0290468 0.0232191 0.0179433 0.0133131 0.00940769 0.006276 0.00391686
 0.00885151 0.0142876 0.0213325 0.029863 0.0395607 0.0497786 0.0594929 0.0675229 0.0729426 0.0753763 0.0749828 0.0722361 0.0677124 0.0619741 0.0555166 0.0487383 0.0419331 0.035308 0.029012 0.0231632 0.0178669 0.0132208 0.00930864 0.0061816 0.00383693
 0.00896277 0.0144447 0.0215245 0.0300642 0.0397369 0.0498991 0.0595406 0.0675004 0.0728709 0.0752876 0.0749096 0.0721985 0.0677107 0.061991 0.0555281 0.0487261 0.0418912 0.0352406 0.0289276 0.0230693 0.0177686 0.0131224 0.00921528 0.00609912 0.00377026
 0.00888708 0.0143346 0.0213823 0.0298986 0.0395583 0.0497136 0.0593472 0.0672952 0.0726565 0.0750813 0.0747446 0.0721144 0.0677376 0.0621362 0.0557712 0.0490264 0.0422024 0.0355242 0.0291604 0.0232428 0.0178848 0.0131896 0.00924496 0.0061039 0.00376189
 0.00881092 0.0142151 0.0212112 0.029673 0.0392837 0.0494059 0.0590334 0.0670083 0.0724261 0.0749244 0.0746633 0.0721031 0.0677929 0.0622601 0.0559662 0.049286 0.0425056 0.0358395 0.0294547 0.023491 0.0180744 0.0133203 0.00932507 0.00614618 0.00377967
 0.00877174 0.0141531 0.021121 0.0295508 0.0391275 0.0492172 0.0588189 0.0667816 0.0722073 0.0747362 0.074526 0.0720292 0.0677854 0.0623151 0.0560773 0.0494467 0.0427077 0.0360691 0.0296914 0.0237119 0.0182604 0.0134612 0.00942047 0.00620337 0.00380945
 0.00860102 0.0139014 0.0207905 0.0291602 0.0387074 0.0488006 0.0584347 0.0664526 0.071951 0.074566 0.0744508 0.0720528 0.0679052 0.0625217 0.0563549 0.0497757 0.0430669 0.0364378 0.0300491 0.0240388 0.0185395 0.0136815 0.00957989 0.00630825 0.00387172
 0.00857562 0.0138465 0.020684 0.0289765 0.0384278 0.0484274 0.0580006 0.066016 0.071577 0.0743033 0.0743178 0.0720405 0.0679904 0.0626805 0.0565692 0.0500319 0.0433529 0.0367398 0.0303511 0.0243237 0.018791 0.0138877 0.00973535 0.00641514 0.00393822
 0.00851916 0.0137473 0.0205205 0.0287236 0.0380617 0.0479349 0.0573906 0.0653265 0.0708754 0.0736754 0.0738496 0.0717957 0.0679939 0.0629144 0.0569837 0.0505637 0.0439414 0.0373356 0.0309169 0.0248323 0.0192238 0.0142341 0.00999419 0.00659396 0.00405149
 0.0084252 0.0136133 0.0203527 0.0285368 0.0378716 0.0477472 0.0571941 0.0650975 0.0705911 0.0733317 0.0734718 0.0714368 0.0677199 0.0627828 0.0570247 0.0507725 0.0442833 0.0377597 0.0313706 0.0252709 0.0196145 0.014557 0.0102414 0.00676846 0.00416429
 0.00811391 0.0131481 0.0197297 0.0277826 0.0370391 0.0469062 0.0564205 0.0644619 0.0701448 0.0730933 0.0734252 0.0715445 0.0679447 0.0631043 0.0574397 0.0512828 0.0448805 0.0384168 0.0320451 0.0259145 0.0201854 0.0150272 0.0106003 0.00702123 0.00432771
 0.00798991 0.0129313 0.0193776 0.027252 0.0363037 0.0459798 0.0553744 0.0634198 0.0692503 0.0724655 0.0731239 0.0715629 0.0682265 0.063573 0.0580256 0.0519373 0.0455749 0.0391314 0.0327569 0.0265926 0.0207949 0.0155386 0.0109977 0.00730554 0.00451384
 0.00865743 0.0138684 0.0205122 0.0284199 0.0372892 0.0465853 0.0554815 0.0630157 0.068418 0.0713539 0.0719109 0.0704168 0.0672718 0.0628712 0.0575792 0.0517108 0.0455206 0.0392059 0.0329245 0.0268211 0.021051 0.0157896 0.0112163 0.00747589 0.00463282
 0.00916549 0.0146834 0.0217092 0.0300371 0.0392911 0.0488225 0.0576736 0.0647935 0.0694328 0.071406 0.0710241 0.0688159 0.0652865 0.0608245 0.0557103 0.0501504 0.0443065 0.0383162 0.0323104 0.0264271 0.0208238 0.0156799 0.0111807 0.00747898 0.0046501
 0.00918098 0.0147914 0.0220244 0.0307161 0.04049 0.0506278 0.060034 0.0674903 0.0721077 0.0736394 0.0724407 0.0691865 0.0645915 0.0592512 0.053583 0.0478248 0.0420774 0.0363717 0.030733 0.0252225 0.0199535 0.0150859 0.0108 0.00725159 0.00452457
 0.00882924 0.0142636 0.0213188 0.0298779 0.0396223 0.0498938 0.0596432 0.0676535 0.0729595 0.0751579 0.0744115 0.0712463 0.0663394 0.0603784 0.0539627 0.0475269 0.0413112 0.0353928 0.0297604 0.0243948 0.0193266 0.0146558 0.0105307 0.00709782 0.00444496
 0.00869384 0.0140242 0.0209253 0.0292783 0.0387843 0.0488362 0.0584645 0.0665367 0.0721409 0.074864 0.0747841 0.0722812 0.0678663 0.0620986 0.05554 0.0486957 0.0419535 0.0355495 0.02958 0.0240555 0.0189726 0.0143688 0.0103354 0.00698341 0.00438694
 0.00857051 0.0138345 0.0206581 0.0289254 0.0383358 0.0482777 0.0577826 0.0657369 0.0712725 0.0740369 0.0741612 0.0720366 0.0681202 0.062857 0.0566727 0.0499724 0.0431242 0.0364317 0.0301087 0.0242763 0.0189921 0.0142972 0.0102495 0.00691907 0.00435035
 0.00841957 0.0136031 0.0203362 0.0285139 0.0378464 0.0477307 0.0572041 0.0651546 0.0707105 0.0735159 0.0737082 0.0717011 0.0679791 0.0629947 0.0571382 0.0507371 0.0440724 0.037396 0.0309337 0.0248726 0.019353 0.0144753 0.010317 0.00693553 0.00435084
 0.00828261 0.0133864 0.0200219 0.0280912 0.0373156 0.0471086 0.0565278 0.064479 0.070097 0.0730158 0.0733515 0.0714973 0.0679303 0.0631108 0.0574398 0.0512399 0.0447601 0.0382034 0.0317562 0.0256023 0.0199175 0.0148572 0.0105439 0.00705528 0.00440829
 0.00830764 0.0134138 0.0200382 0.0280747 0.0372408 0.0469538 0.0562829 0.0641501 0.0697059 0.0725961 0.0729424 0.0711363 0.0676484 0.0629317 0.0573828 0.0513218 0.0449897 0.0385686 0.0322147 0.0260868 0.020357 0.0152019 0.0107787 0.00719456 0.0044807
 0.00836855 0.013496 0.0201301 0.0281537 0.0372771 0.0469184 0.0561554 0.0639236 0.0693891 0.0722126 0.0725282 0.0707346 0.0673019 0.0626756 0.0572408 0.0513067 0.0451038 0.0388029 0.0325444 0.0264699 0.0207409 0.0155378 0.0110362 0.00736802 0.00458357
 0.00839583 0.0135388 0.0201909 0.0282313 0.0373642 0.0469993 0.0562052 0.0639125 0.0692914 0.0720174 0.0722458 0.0703957 0.0669497 0.0623557 0.0569931 0.0511595 0.0450719 0.0388864 0.0327287 0.0267257 0.021028 0.0158137 0.0112675 0.00753815 0.00469364
 0.00838816 0.0135275 0.0201762 0.0282144 0.0373475 0.0469851 0.056195 0.0639041 0.069277 0.0719833 0.0721761 0.0702794 0.0667882 0.0621659 0.0568045 0.0510064 0.0449846 0.0388836 0.0328133 0.0268838 0.0212319 0.016029 0.0114625 0.00769212 0.00480034
 0.00837727 0.0135191 0.0201804 0.0282457 0.0374199 0.0471053 0.0563566 0.0640873 0.0694536 0.0721246 0.0722581 0.0702858 0.0667119 0.0620112 0.0565887 0.0507597 0.0447447 0.0386872 0.0326868 0.0268367 0.0212555 0.0161007 0.0115543 0.0077798 0.0048693
 0.00840474 0.0135475 0.0201941 0.0282228 0.0373414 0.0469679 0.0561805 0.063913 0.0693259 0.0720732 0.0722866 0.0703731 0.0668233 0.0621119 0.0566545 0.0507817 0.0447305 0.0386569 0.0326648 0.0268425 0.0212967 0.0161713 0.0116388 0.00786116 0.0049352
 0.00854086 0.0137547 0.0204782 0.0285763 0.0377412 0.0473752 0.0565445 0.0641804 0.0694575 0.0720593 0.0721506 0.0701589 0.0665748 0.0618569 0.0564018 0.0505293 0.044477 0.0384085 0.0324365 0.0266524 0.021158 0.0160871 0.011601 0.00785463 0.00494423
 0.00856638 0.0138095 0.0205847 0.0287617 0.0380282 0.0477685 0.057019 0.06468 0.0699077 0.0723883 0.0723107 0.0701384 0.0663973 0.061569 0.0560551 0.0501654 0.0441219 0.0380764 0.032137 0.0263953 0.0209526 0.0159381 0.0115055 0.00780223 0.00492096
 0.00838187 0.0135168 0.0201603 0.028195 0.0373318 0.0469887 0.0562407 0.064015 0.0694641 0.0722336 0.0724484 0.0705135 0.0669226 0.0621572 0.0566403 0.0507088 0.0446054 0.0384935 0.0324868 0.0266801 0.0211783 0.0161127 0.0116374 0.00789881 0.00498827
 0.00847975 0.0136561 0.0203323 0.0283763 0.037488 0.047082 0.05624 0.0639066 0.0692598 0.0719727 0.0721889 0.0703116 0.0668117 0.0621374 0.0566849 0.0507813 0.0446763 0.0385473 0.0325205 0.0266979 0.0211867 0.0161175 0.0116425 0.00790558 0.00499618
 0.00855717 0.0137921 0.0205538 0.02871 0.0379478 0.0476526 0.0568657 0.0644955 0.0697084 0.0722009 0.0721668 0.0700664 0.066413 0.0616694 0.0562194 0.0503616 0.0443164 0.0382433 0.0322631 0.0264808 0.021008 0.0159773 0.0115399 0.00783656 0.00495418
 0.008607 0.0138707 0.0206685 0.0288689 0.0381608 0.0479318 0.0572205 0.0649227 0.0701809 0.0726624 0.0725406 0.0702787 0.0664202 0.0614756 0.0558721 0.0499311 0.0438702 0.0378284 0.0319029 0.0261817 0.020768 0.0157922 0.0114043 0.0077439 0.00489589
 0.00870949 0.0140406 0.0209295 0.0292424 0.0386591 0.048548 0.0579212 0.0656505 0.0708673 0.0732436 0.072967 0.0705144 0.0664402 0.0612691 0.0554516 0.0493391 0.0431739 0.037104 0.0312171 0.0255799 0.020273 0.0154083 0.0111239 0.00755223 0.00477436
 0.00853088 0.0137883 0.0206211 0.0289211 0.0383847 0.0483812 0.057908 0.0658127 0.0711989 0.0737121 0.0735182 0.0710819 0.0669567 0.0616761 0.0557071 0.0494236 0.0430949 0.0368952 0.0309293 0.0252674 0.0199802 0.0151628 0.0109365 0.00742103 0.00469007
 0.0085515 0.0137925 0.0205757 0.0287831 0.0381205 0.0479924 0.057449 0.0653832 0.0709111 0.0736474 0.0736994 0.0714705 0.0674734 0.0622277 0.0562089 0.0498131 0.043338 0.0369877 0.0308937 0.0251441 0.0198151 0.0149958 0.0107938 0.00731391 0.00461825
 0.00887159 0.0142775 0.0212367 0.0295993 0.039036 0.0489182 0.0582717 0.0659871 0.0712121 0.0736273 0.0734137 0.0710236 0.0669721 0.0617435 0.0557654 0.0493978 0.0429247 0.0365561 0.030441 0.0246863 0.0193805 0.0146144 0.0104869 0.00708864 0.00446801
 0.00879429 0.0142026 0.0212166 0.0297105 0.0393541 0.04948 0.0590443 0.066864 0.0720428 0.0742656 0.0737635 0.0710625 0.0667486 0.06135 0.0553004 0.0489334 0.0424937 0.0361596 0.0300671 0.0243274 0.0190417 0.0143105 0.0102342 0.00689671 0.0043359
 0.00842788 0.0136347 0.0204184 0.0286867 0.0381562 0.0482169 0.0578815 0.0659953 0.0716322 0.0743835 0.0743562 0.0719771 0.0677973 0.062376 0.0562129 0.0497043 0.0431311 0.0366794 0.0304783 0.0246333 0.0192479 0.0144313 0.0102916 0.00691489 0.00433504
 0.0080354 0.0129782 0.0193998 0.0272129 0.0361719 0.0457524 0.0550945 0.0631759 0.0691522 0.0726045 0.0735349 0.0722016 0.0689745 0.06427 0.0585191 0.0521304 0.0454526 0.0387569 0.0322437 0.026066 0.0203561 0.0152432 0.0108506 0.00727385 0.00454871
 0.00813245 0.0131326 0.0196206 0.027492 0.0364691 0.0459812 0.0551247 0.0628658 0.0684109 0.0714552 0.0721389 0.0708211 0.0678855 0.0636693 0.0584685 0.0525573 0.0461984 0.0396422 0.0331194 0.0268356 0.0209743 0.0157019 0.0111656 0.00747322 0.00466432
 0.00780499 0.012712 0.0191928 0.0272031 0.0364798 0.0463958 0.0559293 0.0639113 0.0694514 0.0722234 0.072431 0.0705631 0.0671595 0.0626849 0.0574864 0.0517969 0.0457723 0.0395444 0.0332613 0.0271008 0.021263 0.0159518 0.011351 0.00759458 0.004735
#obs surv len freq
 nan nan nan nan nan nan nan nan nan nan nan nan nan nan nan nan nan nan nan nan nan nan nan nan nan
 0.00448449 0.0073458 0.0111758 0.0159922 0.0216931 0.0279689 0.0342831 0.0400145 0.0446939 0.0481576 0.0505152 0.0520107 0.0529027 0.0534148 0.0537289 0.0539836 0.054262 0.0545547 0.0546934 0.0542853 0.0527234 0.0493555 0.0438054 0.0362855 0.0276693
 0.0046144 0.00755905 0.0115002 0.016454 0.0223102 0.0287413 0.0351832 0.0409839 0.0456524 0.0490183 0.0512015 0.0524677 0.0531021 0.0533557 0.053433 0.053488 0.0536098 0.0537885 0.0538521 0.0534057 0.0518442 0.0485198 0.0430576 0.0356635 0.0271939
 0.00478527 0.00783677 0.0119182 0.0170433 0.0230942 0.0297257 0.036346 0.0422699 0.0469778 0.0502833 0.0523053 0.0533207 0.053636 0.0535306 0.053241 0.0529511 0.0527733 0.0527116 0.0526012 0.052051 0.050461 0.0471886 0.0418585 0.0346624 0.0264274
 0.00496136 0.0081293 0.0123699 0.0176978 0.0239868 0.0308693 0.0377171 0.0438043 0.0485798 0.0518439 0.0537176 0.0544884 0.054477 0.0539801 0.0532572 0.0525205 0.0519144 0.0514732 0.0510584 0.0503009 0.0486187 0.0453811 0.0402113 0.0332781 0.0253634
 0.00518164 0.00848462 0.0129 0.0184391 0.0249673 0.0321 0.0391808 0.0454487 0.0503211 0.0535779 0.0553338 0.0558807 0.0555508 0.0546567 0.0534761 0.052243 0.0511285 0.0502001 0.0493586 0.0482773 0.0464139 0.0431657 0.0381601 0.0315367 0.0240169
 0.00541707 0.00887271 0.0134936 0.0192897 0.0261136 0.0335512 0.0409002 0.0473515 0.0522901 0.0554892 0.0570768 0.0573643 0.0566994 0.055404 0.0537631 0.0520207 0.0503641 0.0488885 0.0475362 0.0460354 0.043904 0.0405891 0.0357359 0.029455 0.0223945
 0.00565861 0.00926924 0.0140978 0.020154 0.0272809 0.035039 0.0426842 0.0493578 0.0544024 0.0575703 0.0589912 0.0589952 0.0579566 0.0562226 0.0540965 0.0518315 0.0496224 0.0475788 0.0456759 0.0436975 0.0412336 0.0377984 0.033071 0.0271401 0.0205745
 0.00589429 0.00965612 0.0146872 0.0209967 0.0284178 0.036487 0.0444206 0.0513139 0.0564728 0.0596308 0.0609172 0.0606724 0.0592868 0.0571267 0.0545148 0.0517212 0.0489534 0.0463356 0.0438697 0.0413894 0.0385563 0.0349603 0.0303262 0.0247297 0.0186631
 0.00613903 0.010055 0.0152894 0.0218489 0.0295561 0.0379231 0.0461277 0.0532217 0.0584767 0.0616115 0.0627591 0.0622738 0.0605618 0.0580047 0.0549379 0.0516429 0.0483377 0.045161 0.0421412 0.0391591 0.0359461 0.0321683 0.0276023 0.0223182 0.0167367
 0.00639584 0.0104761 0.0159296 0.0227606 0.030778 0.0394634 0.0479471 0.0552291 0.0605445 0.0636025 0.0645507 0.0637698 0.0616934 0.058724 0.0552108 0.0514418 0.0476384 0.0439459 0.0404123 0.0369604 0.0333871 0.0294334 0.0249289 0.0199436 0.0148325
 0.00661502 0.0108385 0.0164864 0.0235635 0.0318695 0.0408601 0.0496233 0.0571094 0.0625137 0.0655271 0.066301 0.0652367 0.0627958 0.0594096 0.055451 0.0512224 0.0469511 0.0427862 0.0387883 0.0349125 0.0310123 0.0268964 0.0224453 0.0177316 0.0130531
 0.006854 0.0112283 0.0170755 0.0243978 0.0329831 0.0422619 0.0512815 0.058947 0.0644175 0.0673688 0.0679575 0.0666039 0.0637946 0.0599883 0.0555833 0.0509019 0.0461832 0.0415833 0.0371729 0.0329317 0.0287577 0.0245159 0.0201307 0.0156772 0.0114024
 0.00707736 0.0115962 0.0176377 0.0252025 0.0340668 0.0436322 0.0529018 0.060732 0.0662468 0.0691117 0.0694959 0.0678438 0.0646695 0.0604572 0.0556265 0.0505173 0.0453815 0.0403846 0.0356092 0.0310565 0.0266606 0.0223308 0.0180257 0.0138202 0.00991572
 0.00728906 0.0119415 0.0181596 0.0259418 0.0350538 0.0448748 0.0543713 0.0623575 0.0679235 0.0707196 0.0709193 0.0689867 0.0654629 0.0608606 0.055625 0.0501151 0.0445958 0.0392418 0.0341468 0.029331 0.0247578 0.020372 0.0161569 0.0121836 0.00861228
 0.00743581 0.0121874 0.018543 0.0265029 0.035826 0.0458712 0.0555719 0.0637048 0.0693315 0.0720901 0.0721581 0.0700124 0.0662108 0.0612845 0.0556989 0.0498319 0.043965 0.0382867 0.0329045 0.027857 0.0231328 0.0187041 0.0145721 0.0108013 0.00751532
 0.00751489 0.0123167 0.0187398 0.0267859 0.0362148 0.0463829 0.0562165 0.0644789 0.0702137 0.0730395 0.0731166 0.070911 0.066978 0.0618556 0.056022 0.049872 0.0437052 0.0377294 0.0320723 0.0267955 0.0219132 0.0174221 0.0133372 0.00971594 0.00665025
 0.00761127 0.0124634 0.0189424 0.0270438 0.0365231 0.0467357 0.056609 0.0649083 0.0706788 0.0735389 0.0736451 0.0714533 0.0675044 0.0623218 0.0563749 0.0500585 0.0436819 0.0374704 0.0315751 0.0260847 0.0210428 0.0164717 0.0124003 0.00888098 0.00597923
 0.00768423 0.012581 0.0191167 0.0272836 0.0368304 0.0471013 0.0570101 0.0653116 0.0710516 0.0738609 0.0739149 0.0716849 0.0677153 0.0625191 0.0565469 0.0501745 0.0436997 0.0373486 0.0312862 0.0256263 0.020443 0.0157873 0.0117058 0.00825014 0.00546601
 0.00774284 0.0126684 0.0192342 0.027428 0.0369966 0.0472849 0.0572085 0.0655225 0.0712694 0.0740757 0.0741144 0.0718597 0.0678632 0.0626446 0.0566545 0.0502604 0.0437459 0.0373255 0.0311623 0.0253823 0.0200833 0.0153438 0.0112316 0.00780371 0.00509379
 0.00778148 0.0127304 0.0193253 0.027552 0.037153 0.0474671 0.0574026 0.0657104 0.0714342 0.0742081 0.0742147 0.0719346 0.0679203 0.0626894 0.0566894 0.050284 0.0437516 0.037299 0.0310836 0.0252329 0.0198567 0.0150532 0.0109091 0.00749055 0.00482634
 0.00782489 0.0127926 0.0194038 0.0276397 0.0372411 0.047549 0.0574767 0.0657787 0.0714999 0.0742718 0.0742742 0.0719872 0.0679651 0.0627275 0.0567228 0.0503128 0.0437718 0.0373016 0.0310554 0.0251601 0.0197312 0.0148793 0.010705 0.00728388 0.00464396
 0.00785391 0.0128358 0.019461 0.0277075 0.0373125 0.0476146 0.0575265 0.0658047 0.0714997 0.0742509 0.074245 0.0719638 0.0679581 0.0627409 0.0567539 0.0503551 0.0438166 0.0373387 0.0310734 0.0251473 0.01968 0.0147898 0.0105876 0.00715657 0.00452624
 0.0078986 0.0129039 0.0195547 0.0278253 0.0374487 0.0477596 0.0576666 0.0659238 0.0715817 0.0742845 0.0742278 0.0719036 0.0678708 0.0626451 0.0566657 0.0502837 0.0437637 0.0372992 0.0310382 0.0251061 0.0196243 0.0147164 0.0105003 0.00706513 0.00444243
 0.00792323 0.0129431 0.019612 0.0279027 0.0375463 0.0478739 0.0577896 0.0660433 0.0716835 0.0743557 0.0742597 0.0718938 0.0678231 0.0625693 0.056575 0.0501919 0.0436813 0.037231 0.0309825 0.0250569 0.0195744 0.0146609 0.010439 0.00700264 0.00438539
 0.00789977 0.0129069 0.0195616 0.0278386 0.0374719 0.0477956 0.0577172 0.0659884 0.0716565 0.0743624 0.074299 0.0719574 0.0678993 0.062646 0.0566438 0.0502492 0.0437277 0.037269 0.0310136 0.0250803 0.0195873 0.0146609 0.0104264 0.0069809 0.00436013
 0.00790782 0.0129087 0.0195436 0.0277826 0.0373605 0.0476221 0.0574922 0.0657407 0.0714251 0.0741848 0.0742005 0.0719471 0.06797 0.0627788 0.0568142 0.0504332 0.0439064 0.0374303 0.0311512 0.0251917 0.0196717 0.0147188 0.0104604 0.00699559 0.00436197
 0.00790805 0.0129116 0.0195517 0.0277977 0.0373801 0.0476362 0.0574829 0.0656877 0.071316 0.0740249 0.0740153 0.0717744 0.0678456 0.0627247 0.0568331 0.0505116 0.0440221 0.0375605 0.0312776 0.0253021 0.0197599 0.0147831 0.0105021 0.00701879 0.00437193
 0.00789849 0.0128924 0.0195166 0.0277397 0.0372947 0.0475249 0.0573551 0.0655576 0.0711967 0.0739224 0.0739286 0.0717013 0.0677904 0.0626989 0.0568505 0.0505799 0.0441374 0.037708 0.0314371 0.0254544 0.0198908 0.0148854 0.0105748 0.00706539 0.00439846
 0.00787067 0.0128469 0.0194475 0.0276413 0.0371626 0.0473582 0.057159 0.0653453 0.0709882 0.073741 0.0737949 0.0716277 0.0677787 0.0627432 0.0569421 0.0507113 0.0443019 0.0378968 0.0316372 0.0256495 0.0200653 0.0150282 0.0106815 0.00713789 0.00444303
 0.00784549 0.0128029 0.0193759 0.0275324 0.0370086 0.0471572 0.0569187 0.0650832 0.0707289 0.0735106 0.0736163 0.0715179 0.0677465 0.0627889 0.0570576 0.0508825 0.0445123 0.03813 0.0318773 0.0258809 0.0202737 0.0152022 0.0108152 0.0072318 0.00450297
 0.00784382 0.0127981 0.0193645 0.0275091 0.0369666 0.0470891 0.0568184 0.0649483 0.0705628 0.0733243 0.0734277 0.0713487 0.0676181 0.0627176 0.0570517 0.0509413 0.0446271 0.0382864 0.032058 0.0260683 0.0204513 0.0153568 0.0109385 0.00732146 0.00456212
 0.0078156 0.012755 0.019305 0.0274332 0.036876 0.0469862 0.056706 0.0648292 0.0704403 0.0732018 0.0733101 0.0712428 0.0675338 0.0626664 0.0570442 0.0509842 0.0447207 0.0384235 0.0322254 0.026249 0.0206278 0.0155142 0.0110667 0.00741662 0.00462622
 0.00780261 0.0127291 0.0192574 0.0273537 0.0367565 0.0468256 0.0565139 0.0646256 0.0702492 0.0730436 0.0731962 0.0711755 0.067509 0.0626791 0.0570913 0.0510651 0.0448352 0.0385692 0.0323952 0.0264309 0.0208069 0.015676 0.0112005 0.00751749 0.0046952
 0.0077492 0.0126487 0.019148 0.0272172 0.0365965 0.046646 0.0563185 0.06442 0.070044 0.0728557 0.073046 0.0710812 0.0674815 0.0627184 0.0571888 0.0512077 0.0450103 0.0387661 0.0326042 0.0266417 0.0210076 0.0158547 0.0113477 0.00762866 0.00477169
 0.00933454 0.0148601 0.0218008 0.0299154 0.0388497 0.0480543 0.0567176 0.0639057 0.0688801 0.0713439 0.0714317 0.0695235 0.0660661 0.0614839 0.0561462 0.050352 0.0443271 0.0382365 0.0322085 0.0263598 0.0208195 0.0157393 0.0112844 0.00759881 0.00476052
 0.00931654 0.0151264 0.022722 0.0319501 0.0423431 0.0529668 0.0624545 0.0694159 0.0730327 0.0733771 0.0712061 0.0674569 0.0628509 0.0577924 0.0524658 0.0469624 0.0413538 0.0357162 0.0301341 0.0247049 0.0195465 0.0148028 0.0106312 0.00717102 0.00449975
 0.00897583 0.0145903 0.0219702 0.0310327 0.0414346 0.0524018 0.0626872 0.0708571 0.0758017 0.0771192 0.0751383 0.0706675 0.0646815 0.0580668 0.0514542 0.0451622 0.0392561 0.0336732 0.0283392 0.0232328 0.0184033 0.0139597 0.0100433 0.00678609 0.0042652
 0.00882747 0.0143348 0.0215599 0.0304175 0.0405808 0.0513265 0.0615015 0.069794 0.0751967 0.0773161 0.0763345 0.0727681 0.067268 0.0605345 0.053259 0.0460297 0.0392348 0.0330319 0.0274049 0.0222687 0.0175647 0.0133076 0.0095788 0.00648031 0.00407915
 0.00875282 0.0142101 0.021365 0.0301285 0.0401718 0.0507749 0.0607992 0.0689651 0.0743191 0.0765372 0.0758621 0.0728167 0.0679637 0.0618216 0.0548783 0.0476036 0.0404229 0.0336627 0.027509 0.0220125 0.0171473 0.0128838 0.00923224 0.00623513 0.0039246
 0.00870312 0.0141299 0.0212452 0.0299601 0.0399463 0.0504851 0.0604405 0.0685375 0.0738303 0.0760109 0.0753509 0.0724125 0.067789 0.0619912 0.0554367 0.0484765 0.0414233 0.0345621 0.028134 0.0223075 0.0171689 0.0127456 0.00904353 0.00606621 0.00380318
 0.00867658 0.0140846 0.0211731 0.0298525 0.0397957 0.0502881 0.0602 0.0682621 0.0735319 0.0757008 0.0750408 0.0721217 0.0675543 0.0618706 0.0554964 0.0487587 0.0419105 0.0351658 0.0287232 0.0227646 0.0174371 0.0128396 0.00902282 0.00599689 0.00373166
 0.00867363 0.0140798 0.0211656 0.0298407 0.0397762 0.0502554 0.0601466 0.0681798 0.0734146 0.0755469 0.0748546 0.0719136 0.0673421 0.0616813 0.0553677 0.0487323 0.0420156 0.0353986 0.029038 0.0230874 0.0176978 0.0130009 0.0090886 0.00599807 0.00370418
 0.00866793 0.0140709 0.0211527 0.0298234 0.0397546 0.0502297 0.0601167 0.0681451 0.0733725 0.0754933 0.0747844 0.0718234 0.0672329 0.0615621 0.0552559 0.0486532 0.0419965 0.0354575 0.0291717 0.0232681 0.0178825 0.0131502 0.00918275 0.00604026 0.00371171
 0.00865237 0.014048 0.0211227 0.0297879 0.0397164 0.0501918 0.0600816 0.0681144 0.073347 0.075472 0.074765 0.0718015 0.0672039 0.0615231 0.055209 0.0486077 0.0419676 0.0354621 0.0292201 0.0233568 0.0179935 0.0132584 0.00926751 0.00609314 0.00373652
 0.00865377 0.0140479 0.0211182 0.0297755 0.0396927 0.050156 0.0600368 0.0680671 0.0733045 0.0754401 0.0747453 0.0717919 0.0671996 0.0615185 0.0552003 0.0485946 0.041955 0.035459 0.029236 0.0233964 0.0180528 0.0133258 0.00932905 0.006139 0.00376424
 0.00864462 0.014036 0.0211059 0.0297659 0.0396888 0.0501584 0.0600423 0.06807 0.0732996 0.0754253 0.0747231 0.0717675 0.0671777 0.0615015 0.0551876 0.0485842 0.0419463 0.0354539 0.0292389 0.0234115 0.018081 0.013363 0.00936775 0.00617191 0.00378734
 0.00863793 0.0140238 0.0210853 0.0297342 0.0396448 0.0501044 0.0599848 0.0680182 0.0732622 0.0754066 0.0747217 0.0717783 0.0671955 0.0615225 0.0552102 0.0486076 0.0419699 0.0354774 0.0292631 0.023438 0.018111 0.0133955 0.00939968 0.00619951 0.00380796
 0.00862844 0.0140107 0.0210696 0.029718 0.0396301 0.0500914 0.059972 0.0680031 0.073243 0.0753849 0.0747014 0.0717642 0.0671902 0.0615259 0.05522 0.0486212 0.0419851 0.0354935 0.0292801 0.0234564 0.0181311 0.013417 0.00942101 0.00621855 0.00382291
 0.00860796 0.01398 0.0210285 0.0296683 0.0395756 0.0500375 0.0599244 0.0679671 0.073222 0.075379 0.0747081 0.0717796 0.0672115 0.0615516 0.0552493 0.0486532 0.0420185 0.0355265 0.0293114 0.0234856 0.0181579 0.0134413 0.00944243 0.00623627 0.00383637
 0.00860796 0.01398 0.0210285 0.0296683 0.0395756 0.0500375 0.0599244 0.0679671 0.073222 0.075379 0.0747081 0.0717796 0.0672115 0.0615516 0.0552493 0.0486532 0.0420185 0.0355265 0.0293114 0.0234856 0.0181579 0.0134413 0.00944243 0.00623627 0.00383637
 0.00838224 0.0136187 0.0204972 0.0289445 0.0386597 0.0489667 0.0587831 0.0668815 0.0723334 0.0748057 0.0745145 0.0719656 0.0677224 0.0622996 0.0561361 0.0495876 0.0429273 0.0363584 0.0300352 0.0240869 0.0186351 0.013802 0.00970069 0.00641019 0.00394558
 0.00846783 0.0137322 0.0206195 0.0290391 0.0386787 0.0488637 0.0585271 0.0664677 0.07179 0.0741938 0.0739187 0.0714764 0.0674121 0.0622043 0.0562495 0.0498687 0.0433161 0.0367926 0.0304626 0.0244709 0.0189554 0.0140517 0.00988288 0.0065343 0.00402409
 0.00861222 0.0139775 0.0210051 0.0295996 0.0394259 0.0497628 0.0594808 0.0673259 0.0723895 0.0744123 0.073716 0.070903 0.0665876 0.0612778 0.0553592 0.0491128 0.042741 0.0363984 0.0302193 0.0243365 0.0188905 0.014026 0.00987659 0.00653593 0.00402787
 0.0084941 0.0138042 0.0207811 0.0293467 0.0391837 0.0495846 0.0594238 0.0674336 0.072669 0.0748175 0.0741532 0.0712613 0.0667824 0.0612826 0.0552102 0.0488862 0.0425185 0.0362383 0.0301442 0.0243377 0.0189416 0.014098 0.00994712 0.00659286 0.00406773
 0.00874504 0.0141866 0.0213082 0.030012 0.0399611 0.0504312 0.0602832 0.0682406 0.0733589 0.0753364 0.0744619 0.0713326 0.0665985 0.0608407 0.0545349 0.0480381 0.0415887 0.0353273 0.0293364 0.0236832 0.0184532 0.0137597 0.00972842 0.00646039 0.00399258
 0.00863351 0.0140409 0.0211547 0.0298963 0.0399354 0.0505334 0.0605206 0.0685884 0.0737724 0.0757688 0.074875 0.0716972 0.0668876 0.0610246 0.0545846 0.0479374 0.0413466 0.0349825 0.028948 0.023312 0.0181432 0.01353 0.00957578 0.00636873 0.00394253
 0.00856198 0.0139109 0.0209365 0.0295618 0.0394744 0.049974 0.0599403 0.0681009 0.0734905 0.0757602 0.0751386 0.0721714 0.0674797 0.0616407 0.0551473 0.048391 0.0416594 0.0351493 0.0289895 0.023268 0.0180592 0.0134433 0.00950762 0.00632473 0.00391864
 0.00878392 0.014251 0.0214074 0.0301546 0.0401536 0.0506754 0.0605758 0.0685764 0.0737363 0.0757603 0.0749375 0.0718506 0.0671196 0.0612917 0.0548226 0.0480787 0.04134 0.0348096 0.0286305 0.0229059 0.0177198 0.0131523 0.00928151 0.00616622 0.00381864
 0.00875099 0.0142253 0.0214195 0.0302484 0.0403725 0.0510408 0.0610687 0.0691336 0.0742661 0.0761706 0.0751647 0.0718778 0.0669772 0.0610403 0.0545267 0.0477835 0.0410635 0.034549 0.0283766 0.0226554 0.0174797 0.012937 0.00910487 0.00603537 0.00373168
 0.00855545 0.013904 0.0209334 0.0295699 0.0395033 0.0500347 0.0600427 0.0682513 0.073689 0.0759985 0.0754012 0.0724376 0.0677295 0.0618579 0.0553181 0.0484998 0.0416853 0.03507 0.0287938 0.0229684 0.0176951 0.0130701 0.00917713 0.00606902 0.00374465
 0.00818205 0.0132956 0.0200175 0.0282845 0.0378176 0.0479794 0.0577393 0.0659186 0.0716111 0.0744629 0.0746267 0.072521 0.0686243 0.0633941 0.0572547 0.0505882 0.0437206 0.0369133 0.0303683 0.024245 0.0186773 0.0137841 0.00966483 0.00638016 0.00392906
 0.00851018 0.0137746 0.0206339 0.0289813 0.0384982 0.0485204 0.0580094 0.0658036 0.071049 0.0734784 0.0733475 0.0711572 0.0674123 0.0625271 0.0568292 0.05059 0.0440492 0.0374301 0.0309427 0.0247814 0.019122 0.0141188 0.00989522 0.00652539 0.00401274
 0.0088067 0.0142915 0.0214703 0.0302348 0.0402222 0.0506658 0.0603811 0.0680728 0.072832 0.0744523 0.0733466 0.0702112 0.0657242 0.0604085 0.0546168 0.0485665 0.0423903 0.0361919 0.0300878 0.0242237 0.0187688 0.0138955 0.00975203 0.00643283 0.00395394
#pred catch len freq
 0.00515552 0.00806797 0.0115915 0.0155681 0.0198955 0.0245254 0.0293868 0.0343286 0.0391411 0.0436152 0.0475813 0.0509221 0.0535779 0.0555465 0.056871 0.0576236 0.0578922 0.0577568 0.0572302 0.0561617 0.0541669 0.0506952 0.0452962 0.0379811 0.0294217
 0.00537945 0.00835173 0.0118733 0.0157496 0.0198784 0.0242655 0.0289293 0.0337976 0.0386826 0.0433285 0.0474817 0.0509534 0.0536612 0.0556316 0.0569639 0.0577774 0.0581686 0.0581765 0.0577393 0.0566361 0.0544597 0.0507049 0.0450176 0.0375052 0.0288869
 0.005711 0.00885607 0.0125628 0.0165993 0.0208181 0.0251779 0.0296635 0.0342071 0.0386831 0.042945 0.0468464 0.0502456 0.0530265 0.0551348 0.0565995 0.0575165 0.057997 0.0580959 0.0577374 0.0566591 0.0544171 0.0505119 0.0446446 0.0369987 0.0283449
 0.00600133 0.0093134 0.0132242 0.0174903 0.021948 0.0265298 0.0311769 0.0357616 0.0401004 0.0440209 0.0474115 0.0502299 0.0524893 0.0542373 0.055534 0.0564376 0.0569917 0.057193 0.0569287 0.0559121 0.0536842 0.0497492 0.0438407 0.0361904 0.0276034
