SBPRF35
9.55883
Curr Bio
527182
B35
714444
F35
0.191576
FOFL
0.141939
OFL
61994.2
Bzero
2.73109e+06
#pred survey bio
 4.24491e+06 4.03303e+06 3.84032e+06 3.60023e+06 3.32058e+06 3.02631e+06 2.72846e+06 2.42581e+06 2.16221e+06 1.92519e+06 1.70022e+06 1.51927e+06 1.35021e+06 1.19314e+06 1.05617e+06 965128 857676 785978 723615 684658 662164 627302 630376 612525 606039 602129 604692 596979 591167 585301 577623 570786 565352 552032 543411 525751 514145 507993 518334 530075 533206 537394 544216 545580 553272 560235 575301 584970 591284 593149 589555 597933 589965 558346 555895 591608 575338 612230 605444 613893 567395 573665 578777 585895 570592 561892 548563 532784 1.90321e+07 1.15049e+07 1.19148e+07 1.29008e+07 1.4219e+07 1.56096e+07 1.68996e+07 1.80041e+07 1.89007e+07 1.96025e+07 2.0138e+07 2.054e+07 2.08383e+07 2.10584e+07 2.12203e+07 2.13394e+07 2.14272e+07 2.14922e+07 2.15405e+07 2.15766e+07 2.16037e+07 2.16242e+07 2.16398e+07 2.16517e+07 2.16609e+07 2.16679e+07 2.16734e+07 2.16776e+07 2.16809e+07 2.16835e+07 2.16855e+07 2.16871e+07 2.16883e+07 2.16893e+07 2.16901e+07 2.16907e+07 2.16911e+07 2.16915e+07 2.16918e+07 2.16921e+07 2.16922e+07 2.16924e+07 2.16925e+07 2.16926e+07 2.16927e+07 2.16927e+07 2.16928e+07 2.16928e+07 2.16929e+07 2.16929e+07 2.16929e+07 2.16929e+07 2.16929e+07 2.16929e+07 2.16929e+07 2.16929e+07 2.1693e+07 2.1693e+07 2.1693e+07 2.1693e+07 2.1693e+07 2.1693e+07 2.1693e+07 2.1693e+07 2.1693e+07 2.1693e+07 2.1693e+07 2.1693e+07 2.1693e+07 2.1693e+07 2.1693e+07 2.1693e+07 2.1693e+07 2.1693e+07 2.1693e+07 2.1693e+07 2.1693e+07 2.1693e+07 2.1693e+07 2.1693e+07 2.1693e+07 2.1693e+07 2.1693e+07 2.1693e+07 2.1693e+07 2.1693e+07 2.1693e+07 2.1693e+07 2.1693e+07 2.1693e+07 2.1693e+07 2.1693e+07 2.1693e+07 2.1693e+07 2.1693e+07 2.1693e+07 2.1693e+07 2.1693e+07 2.1693e+07 2.1693e+07 0 0 0 0 0 0 0 0 0 0 0 0 0 0 0 0 0 0 0 0 0 0 0 0 0
#obs survey bio
 5.38149e+06 3.14571e+06 3.92344e+06 2.623e+06 3.75663e+06 2.8859e+06 2.50793e+06 1.73644e+06 1.75885e+06 1.43323e+06 1.10136e+06 996126 1.50941e+06 1.16025e+06 840347 1.13101e+06 976544 682072 547116 510375 550098 674522 549758 569929 475438 699369 569427 539766 570529 584488 497669 510784 523424 404256 501928 544924 531192 395977 522228 572306 638482 458558 578407 399790 421929 709392 390613 774876 606995 620155 517680 869025 514724 569637 551105 464424 708164 444106 766055 562535 572996 455970 583625 492001 798508 640591 551933 384021
#pred catch bio
 105585 94478.6 149530 203647 239128 266719 296516 285698 283342 290257 264594 262948 256661 240606 201462 214287 180614 170452 148702 133415 141457 107714 123820 111677 107512 100353 106842 102577 100293 99798.4 97306 94375.7 98882.2 92212.9 96705.4 89982.5 87515.4 78024.1 80754.5 89603.9 89135.4 87459.7 92505.6 87847.9 89178.7 82986.9 88099.7 90829.2 93973.7 97413.8 86188 98714.8 116583 90847.4 60298.4 104621 60038 98058.3 85101 131294 86688.9 89466.6 88073.7 105893 98579 101219 101324 76156.4 61994.2 82242.1 83893.3 89613.7 98400.7 107936 116741 124154 130030 134492 137774 140131 141793 142948 143741 144281 144646 144892 145056 145165 145238 145286 145318 145339 145352 145362 145367 145371 145374 145376 145377 145377 145378 145378 145378 145379 145379 145379 145379 145379 145379 145379 145379 145379 145379 145379 145379 145379 145379 145379 145379 145379 145379 145379 145379 145379 145379 145379 145379 145379 145379 145379 145379 145379 145379 145379 145379 145379 145379 145379 145379 145379 145379 145379 145379 145379 145379 145379 145379 145379 145379 145379 145379 145379 145379 145379 145379 145379 145379 145379 145379 145379 145379 145379 145379 145379 145379 145379 145379 145379 0 0 0 0 0 0 0 0 0 0 0 0 0 0 0 0 0 0 0 0 0 0 0 0 0
#obs catch bio
 0 94105.3 149850 204673 240812 268375 299096 289312 288046 296603 270518 270147 261897 245038 204782 218293 182193 172367 152023 136089 145026 109192 126449 113256 109014 101229 108191 103236 100989 100208 98020.1 95039.6 99586.5 93181.5 97769.4 90831.5 87798.1 78108.5 80990.9 89765.6 88963.3 87575.9 92553.6 88105.8 89791.1 82933.6 88367.6 90596.5 93723.4 97262.1 85745.4 97892.7 115784 90464.4 59509.4 105001 59373.3 98431 84145.6 131484 86190.7 89415.4 87875.8 105993 98169.8 100740 101047 75984.4
#pred cpue bio
 4.18559e+06 3.97729e+06 3.78714e+06 3.54803e+06 3.26925e+06 2.97616e+06 2.67958e+06 2.37813e+06 2.11542e+06 1.87948e+06 1.65597e+06 1.47633e+06 1.30918e+06 1.15436e+06 1.01933e+06 929452 824109 753868 692683 654480 632642 598956 602164 585169 579229 575804 578690 571635 566383 560997 553718 547229 542208 529531 521571 504867 493237 485967 494927 506160 509479 513690 520321 521596 528966 535806 550645 560216 566538 568543 565260 573737 566249 535252 532566 567531 551972 587916 581361 589443 543595 549096 554159 561494 546822 538386 525389 510232 1.82653e+07 1.10603e+07 1.13339e+07 1.21647e+07 1.34267e+07 1.48035e+07 1.60906e+07 1.71946e+07 1.80911e+07 1.87928e+07 1.93284e+07 1.97303e+07 2.00287e+07 2.02487e+07 2.04106e+07 2.05297e+07 2.06176e+07 2.06825e+07 2.07308e+07 2.07669e+07 2.07941e+07 2.08146e+07 2.08302e+07 2.08421e+07 2.08512e+07 2.08583e+07 2.08637e+07 2.0868e+07 2.08713e+07 2.08738e+07 2.08758e+07 2.08774e+07 2.08787e+07 2.08796e+07 2.08804e+07 2.0881e+07 2.08815e+07 2.08819e+07 2.08822e+07 2.08824e+07 2.08826e+07 2.08828e+07 2.08829e+07 2.0883e+07 2.0883e+07 2.08831e+07 2.08831e+07 2.08832e+07 2.08832e+07 2.08832e+07 2.08833e+07 2.08833e+07 2.08833e+07 2.08833e+07 2.08833e+07 2.08833e+07 2.08833e+07 2.08833e+07 2.08833e+07 2.08833e+07 2.08833e+07 2.08833e+07 2.08833e+07 2.08833e+07 2.08833e+07 2.08833e+07 2.08833e+07 2.08833e+07 2.08833e+07 2.08833e+07 2.08833e+07 2.08833e+07 2.08833e+07 2.08833e+07 2.08833e+07 2.08833e+07 2.08833e+07 2.08833e+07 2.08833e+07 2.08833e+07 2.08833e+07 2.08833e+07 2.08833e+07 2.08833e+07 2.08833e+07 2.08833e+07 2.08833e+07 2.08833e+07 2.08833e+07 2.08833e+07 2.08833e+07 2.08833e+07 2.08833e+07 2.08833e+07 2.08833e+07 2.08833e+07 2.08833e+07 2.08833e+07 2.08833e+07 2.08833e+07 0 0 0 0 0 0 0 0 0 0 0 0 0 0 0 0 0 0 0 0 0 0 0 0 0
#obs cpue bio
 3.78399e+06 3.16236e+06 3.04805e+06 2.56481e+06 1.95894e+06 3.81495e+06 2.61052e+06 1.67825e+06 1.61637e+06 1.67372e+06 1.63059e+06 1.39707e+06 1.59408e+06 1.11897e+06 856877 792202 851084 692677 326294 627751 573620 443608 530893 608196 613223 528326 470056 795285 502456 653185 450914 527045 602868 415564 562903 418902 753170 600003 425073 563885 539330 438355 575334 511711 519786 653158 640883 674750 577598 570106 730098 614190 740860 480970 799650 514985 529056 586143 868492 483085 535331 619276 551406 682726 491865 555421 560852 541350
#pred surv len freq
 0.00486046 0.00790455 0.0119206 0.0168957 0.0227111 0.029061 0.0354264 0.041203 0.0459287 0.0494364 0.0518282 0.0533391 0.0542134 0.0546467 0.0547711 0.0546615 0.0543508 0.0538371 0.0530554 0.0518112 0.0497284 0.0463129 0.0411837 0.0343816 0.0265308
 0.00510631 0.00820301 0.0121873 0.0170019 0.0225333 0.0285514 0.0346599 0.0403605 0.0452187 0.049 0.0516867 0.0534109 0.0543794 0.0548198 0.0549342 0.0548612 0.0546566 0.0542878 0.0536197 0.0523847 0.0501735 0.046522 0.0411299 0.0341261 0.0261851
 0.00536822 0.00862915 0.0128214 0.0178642 0.0235926 0.0296974 0.0357009 0.0410713 0.0454328 0.0486955 0.0510011 0.052568 0.0535782 0.0541613 0.0544242 0.0544653 0.0543528 0.0540775 0.0535014 0.0523217 0.0500912 0.046341 0.040813 0.0337012 0.0257285
 0.00558163 0.00898206 0.0133645 0.0186499 0.0246648 0.0310711 0.0373333 0.0428378 0.0471271 0.0500664 0.051826 0.0527333 0.053123 0.0532521 0.0532756 0.0532577 0.0531932 0.0530093 0.0525297 0.0514298 0.0492479 0.0455141 0.0399918 0.0329122 0.0250258
 0.0057934 0.00932608 0.0138827 0.019384 0.0256517 0.0323342 0.0388695 0.0446052 0.0490356 0.0519731 0.0535396 0.054038 0.0538282 0.053255 0.0526011 0.0520474 0.0516476 0.0513177 0.050826 0.0497863 0.0476942 0.0440649 0.0386693 0.031754 0.0240751
 0.00607909 0.0097737 0.0145258 0.0202446 0.0267399 0.0336473 0.0403878 0.046289 0.0508252 0.053791 0.0552882 0.0555923 0.0550347 0.05395 0.0526527 0.0514041 0.0503652 0.0495441 0.0487528 0.0475959 0.0455313 0.0420361 0.0368568 0.0302233 0.0228691
 0.00642587 0.0103221 0.0153221 0.0213202 0.0281053 0.0352831 0.0422368 0.0482577 0.0528006 0.0556662 0.0569786 0.0570333 0.0561634 0.054686 0.0528943 0.0510504 0.0493561 0.0478987 0.0465818 0.0450814 0.0428865 0.0394673 0.0345378 0.0282793 0.0213651
 0.00678866 0.0109052 0.0161865 0.0225172 0.0296651 0.0371984 0.0444462 0.0506412 0.0551976 0.0579087 0.0589241 0.0585827 0.0572599 0.0552989 0.0529967 0.0506032 0.048313 0.0462343 0.0443303 0.0423627 0.0399025 0.0364683 0.0317713 0.0259397 0.0195576
 0.00708336 0.0113832 0.0169045 0.0235284 0.0310106 0.0388932 0.0464618 0.0528966 0.0575652 0.0602338 0.0610482 0.0603641 0.0585888 0.0561039 0.0532399 0.0502659 0.0473817 0.0447014 0.042216 0.0397479 0.0369522 0.0334223 0.0288985 0.0234726 0.017636
 0.00736543 0.011835 0.0175725 0.0244529 0.0322212 0.0403992 0.0482419 0.0548916 0.0596821 0.0623574 0.0630541 0.0621283 0.0599959 0.0570556 0.0536624 0.0501119 0.0466272 0.0433431 0.0402783 0.0373043 0.0341477 0.0304772 0.026076 0.0210157 0.0157032
 0.00765639 0.0123036 0.0182694 0.0254218 0.03349 0.041968 0.0500694 0.0568926 0.061741 0.0643516 0.0648733 0.0636815 0.0612082 0.0578624 0.0540061 0.0499433 0.0459098 0.0420596 0.0384429 0.0349805 0.0314673 0.0276443 0.0233402 0.0186154 0.0138012
 0.0077915 0.0125401 0.0186568 0.0260175 0.0343482 0.0431204 0.0515068 0.0585569 0.0635344 0.0661564 0.0665725 0.0651729 0.0624104 0.0587135 0.0544583 0.0499564 0.0454479 0.0410969 0.0369774 0.0330554 0.0291907 0.025194 0.0209406 0.0164861 0.0120982
 0.00798165 0.0128396 0.0190907 0.0266065 0.0351091 0.0440656 0.0526389 0.0598606 0.0649683 0.067651 0.0680355 0.0665022 0.0635097 0.0595053 0.0548888 0.0499905 0.0450625 0.0402766 0.0357223 0.0313986 0.0272192 0.0230572 0.0188331 0.0146034 0.0105832
 0.00831026 0.0133459 0.0198003 0.0275236 0.036216 0.0453246 0.0539929 0.0612374 0.0662925 0.0688581 0.06908 0.0673533 0.0641411 0.059888 0.0549906 0.0497817 0.0445192 0.0393849 0.0344833 0.0298407 0.0254141 0.0211285 0.016944 0.0129202 0.00922872
 0.00861338 0.013833 0.0205212 0.0285162 0.0374941 0.0468606 0.0557047 0.0629911 0.0679294 0.070236 0.0701059 0.0679942 0.0644119 0.0598287 0.0546433 0.049176 0.0436684 0.0382912 0.0331505 0.0282905 0.0237026 0.0193544 0.0152384 0.0114173 0.00802697
 0.00863944 0.0139003 0.0206693 0.0287996 0.0379718 0.0475771 0.0566703 0.06417 0.0692405 0.0715655 0.0713281 0.0689952 0.0651117 0.0601921 0.0546761 0.0489087 0.0431368 0.0375242 0.03217 0.0271235 0.0223968 0.0179881 0.0139155 0.0102447 0.00708469
 0.00892781 0.0143357 0.0212635 0.0295446 0.0388471 0.04856 0.0577398 0.0653018 0.0703968 0.0726873 0.0723359 0.0697995 0.0656306 0.0603701 0.0544966 0.0483938 0.0423361 0.0364979 0.0309766 0.0258171 0.0210349 0.0166404 0.0126633 0.00916693 0.00623597
 0.0091883 0.0147334 0.0218133 0.0302408 0.0396634 0.0494523 0.0586508 0.0661696 0.0711695 0.0733366 0.0728585 0.0702027 0.0659121 0.0605066 0.05445 0.0481292 0.0418391 0.0357819 0.0300791 0.0247916 0.0199451 0.015557 0.0116595 0.00830718 0.00556221
 0.00933376 0.0149819 0.0222079 0.0308246 0.0404648 0.0504638 0.0598123 0.0673705 0.0722746 0.0742258 0.073459 0.0705001 0.0659381 0.060314 0.0540869 0.0476243 0.0412028 0.0350186 0.0292019 0.0238309 0.0189491 0.0145861 0.0107761 0.00756358 0.00498838
 0.00936219 0.0150264 0.0222734 0.0309197 0.0406056 0.0506773 0.0601327 0.0678266 0.0728702 0.0749238 0.0741824 0.0711525 0.066435 0.0606069 0.0541681 0.047514 0.04093 0.0346085 0.0286756 0.0232128 0.0182747 0.0139033 0.0101382 0.00701744 0.00456272
 0.00929813 0.0149298 0.0221425 0.0307586 0.040425 0.0504943 0.059973 0.0677252 0.0728697 0.0750644 0.0744868 0.0716096 0.0669945 0.0611891 0.0546873 0.0479027 0.0411518 0.0346569 0.0285642 0.0229681 0.0179326 0.0135081 0.00973837 0.00665708 0.00427219
 0.00944207 0.0151415 0.0224194 0.0310833 0.0407692 0.0508267 0.0602649 0.0679548 0.0730241 0.0751433 0.0745044 0.0715928 0.0669724 0.0611803 0.0546895 0.0478927 0.0410967 0.0345284 0.0283498 0.022674 0.0175812 0.0131324 0.00937537 0.00633948 0.00402128
 0.00925852 0.0148641 0.0220412 0.0306127 0.0402278 0.0502466 0.059687 0.0674277 0.0726013 0.0748757 0.0744302 0.0717291 0.0673116 0.0616906 0.0553196 0.0485778 0.041767 0.0351192 0.0288126 0.0229845 0.0177423 0.0131696 0.00932815 0.00625017 0.003925
 0.00926365 0.0148691 0.0220426 0.0306051 0.0402053 0.0502042 0.0596222 0.0673408 0.0724945 0.0747534 0.0743014 0.0716099 0.0672252 0.0616624 0.0553677 0.0487047 0.0419549 0.0353337 0.0290121 0.0231329 0.0178193 0.0131754 0.00928007 0.00617407 0.0038455
 0.0092233 0.0147998 0.0219318 0.0304397 0.0399764 0.0499129 0.0592847 0.0669886 0.0721678 0.0744906 0.0741296 0.0715413 0.0672593 0.0617903 0.0555775 0.0489823 0.0422817 0.0356839 0.0293528 0.0234304 0.0180475 0.0133236 0.00935481 0.00619448 0.00383495
 0.00916818 0.0147132 0.0218068 0.0302715 0.039762 0.0496522 0.0589826 0.0666578 0.0718308 0.0741784 0.0738774 0.0713811 0.0672119 0.0618614 0.0557575 0.0492508 0.0426125 0.0360477 0.0297185 0.023767 0.0183288 0.0135337 0.00949186 0.00626964 0.00386673
 0.00902259 0.014491 0.0214998 0.0298822 0.0393039 0.049148 0.0584631 0.0661604 0.0713946 0.073838 0.073658 0.0712971 0.0672682 0.062054 0.0560729 0.0496659 0.0430959 0.036563 0.0302282 0.0242363 0.0187295 0.0138485 0.00971671 0.00641381 0.00394843
 0.00899791 0.014445 0.02142 0.0297542 0.0391154 0.0488953 0.0581563 0.0658232 0.0710586 0.073534 0.0734099 0.0711205 0.0671729 0.0620464 0.0561565 0.0498392 0.0433493 0.0368772 0.0305758 0.0245853 0.0190493 0.0141154 0.0099188 0.00655151 0.00403211
 0.0089845 0.0144193 0.0213739 0.0296769 0.0389949 0.0487219 0.0579264 0.0655429 0.0707453 0.073215 0.073118 0.0708874 0.0670224 0.061991 0.0561981 0.0499717 0.0435608 0.0371507 0.0308888 0.0249103 0.0193578 0.0143827 0.0101294 0.00670162 0.00412827
 0.00901514 0.0144592 0.0214152 0.0297057 0.0389938 0.048675 0.057824 0.0653835 0.0705355 0.0729683 0.0728541 0.0706309 0.0668006 0.0618291 0.0561146 0.0499749 0.0436488 0.037312 0.0311045 0.0251562 0.0196071 0.0146106 0.0103176 0.00684176 0.00422199
 0.00900224 0.0144475 0.021414 0.0297273 0.0390482 0.0487616 0.0579265 0.0654722 0.070577 0.0729384 0.072746 0.0704568 0.0665859 0.0616063 0.0559159 0.0498274 0.0435701 0.0373082 0.0311694 0.0252738 0.0197546 0.0147638 0.0104557 0.00695161 0.00429956
 0.00892645 0.0143358 0.0212681 0.0295579 0.038874 0.0486061 0.0578137 0.0654204 0.0705917 0.073008 0.0728433 0.0705483 0.0666454 0.0616236 0.0558993 0.0497977 0.0435518 0.0373214 0.0312241 0.0253681 0.0198764 0.014895 0.0105783 0.0070524 0.004373
 0.00886261 0.0142315 0.021111 0.0293385 0.0385901 0.0482691 0.0574532 0.0650818 0.0703265 0.0728573 0.072825 0.0706518 0.0668369 0.0618591 0.0561387 0.050016 0.0437422 0.0374907 0.0313843 0.0255274 0.0200354 0.0150467 0.0107124 0.00716039 0.00445132
 0.00872377 0.0140376 0.0208772 0.0290969 0.0383783 0.0481136 0.0573574 0.0650285 0.070292 0.0728283 0.0728055 0.0706588 0.0668869 0.061957 0.0562741 0.0501689 0.0438932 0.0376284 0.0315073 0.0256406 0.0201431 0.0151492 0.0108054 0.00723809 0.00450998
 0.00860789 0.0138438 0.020578 0.0286697 0.0378183 0.0474484 0.0566555 0.0643884 0.0698115 0.0725695 0.0727776 0.0708268 0.0671973 0.062359 0.0567287 0.0506455 0.0443647 0.038071 0.0319035 0.0259811 0.0204262 0.0153773 0.0109824 0.00736849 0.00459975
 0.00925139 0.0147439 0.0216617 0.0297757 0.0387398 0.0480046 0.0567524 0.06404 0.06912 0.071684 0.0718517 0.0699845 0.0665132 0.0618563 0.0563926 0.0504431 0.0442608 0.0380351 0.0319112 0.0260139 0.020471 0.0154255 0.0110283 0.00740839 0.00463122
 0.00997938 0.0158661 0.0232284 0.0317717 0.0410646 0.050458 0.059038 0.0658109 0.0700733 0.0716687 0.0709247 0.0683809 0.0645503 0.0598299 0.0545121 0.0488175 0.0429202 0.0369638 0.0310748 0.0253755 0.0199973 0.0150871 0.0107987 0.0072624 0.00454538
 0.0100647 0.0160829 0.0236966 0.0326446 0.0424817 0.0524721 0.0615499 0.0685522 0.072657 0.073687 0.0720578 0.068478 0.063661 0.0581757 0.0524089 0.0465825 0.0407997 0.0351055 0.0295379 0.0241607 0.0190749 0.0144157 0.0103336 0.00695872 0.00436061
 0.00966191 0.0154992 0.0229564 0.0318324 0.0417401 0.0519846 0.0615097 0.0691149 0.0738776 0.0754653 0.0741289 0.0704724 0.065216 0.0590486 0.0525401 0.0460858 0.0398958 0.0340346 0.0284935 0.0232598 0.0183644 0.0138942 0.00997473 0.00672734 0.00422156
 0.00941222 0.0150913 0.0223428 0.0309788 0.0406466 0.050714 0.0602088 0.0680076 0.0732174 0.0754589 0.07486 0.0718582 0.0670162 0.0609287 0.05417 0.0472369 0.040494 0.0341516 0.0282873 0.0229027 0.0179897 0.013578 0.00974285 0.00657492 0.00413045
 0.00944025 0.0151131 0.0223302 0.0308872 0.0404223 0.0503094 0.0596029 0.0672262 0.0723464 0.0746437 0.0742819 0.0716839 0.0673356 0.0617075 0.0552475 0.0483759 0.0414639 0.0348049 0.0285931 0.022928 0.0178483 0.0133779 0.00955639 0.00643435 0.00403927
 0.0094628 0.0151504 0.0223859 0.0309606 0.0405029 0.0503708 0.0596009 0.0671064 0.0720645 0.0741915 0.0737078 0.0710955 0.0668756 0.0615072 0.0553739 0.0487985 0.042062 0.0354155 0.0290768 0.0232157 0.0179485 0.0133493 0.0094692 0.00634119 0.00396658
 0.00945274 0.0151347 0.0223636 0.0309323 0.0404706 0.0503379 0.0595698 0.0670742 0.0720174 0.0741046 0.0735539 0.0708633 0.0665882 0.0612281 0.0551895 0.0487814 0.0422338 0.0357323 0.0294473 0.0235441 0.0181738 0.0134607 0.00949384 0.00631965 0.00393215
 0.00951865 0.0152328 0.0224942 0.0310893 0.0406427 0.0505109 0.0597287 0.0672042 0.0721048 0.0741365 0.073518 0.0707489 0.0663914 0.0609609 0.0548874 0.0485005 0.0420325 0.0356453 0.0294689 0.0236322 0.0182737 0.0135315 0.00952185 0.00631388 0.00391047
 0.00937272 0.015029 0.0222493 0.030839 0.0404315 0.0503748 0.0596824 0.067239 0.0721973 0.0742604 0.0736514 0.0708753 0.0664971 0.0610346 0.054924 0.0485071 0.0420301 0.0356612 0.0295227 0.023724 0.0183841 0.0136339 0.00959655 0.00635589 0.00392677
 0.00932841 0.0149433 0.0220974 0.0305949 0.0400812 0.0499334 0.0592035 0.0668058 0.0718943 0.0741401 0.073717 0.0710865 0.0667931 0.061357 0.0552302 0.0487737 0.0422515 0.0358455 0.029684 0.0238736 0.0185243 0.0137576 0.00969448 0.00642317 0.003966
 0.0092437 0.014809 0.0219006 0.0303246 0.0397279 0.0494922 0.0586805 0.0662275 0.0713137 0.073634 0.0733682 0.0709585 0.0669063 0.0616817 0.0557001 0.0493103 0.0427875 0.0363367 0.0301103 0.0242311 0.0188162 0.0139881 0.009867 0.00654288 0.00404141
 0.00914725 0.0146671 0.0217145 0.030104 0.0394868 0.049242 0.0584255 0.0659645 0.0710381 0.073348 0.0730897 0.0707237 0.066763 0.0616725 0.0558433 0.049591 0.0431621 0.0367501 0.030513 0.0245901 0.0191153 0.0142234 0.0100418 0.00666418 0.004119
 0.00908538 0.0145676 0.0215676 0.0299032 0.0392326 0.0489457 0.0581108 0.0656636 0.0707809 0.0731513 0.072953 0.0706364 0.0667175 0.0616745 0.0559105 0.0497412 0.0433991 0.0370566 0.030855 0.0249286 0.0194182 0.0144718 0.0102298 0.00679566 0.00420362
 0.00900106 0.0144447 0.0214084 0.0297181 0.0390358 0.0487491 0.0579206 0.0654821 0.0706115 0.0730018 0.0728348 0.0705592 0.0666851 0.0616852 0.0559625 0.049837 0.0435442 0.0372528 0.0310931 0.0251877 0.0196712 0.0146945 0.0104072 0.00692412 0.00428815
 0.00894444 0.0143571 0.0212854 0.0295599 0.0388486 0.0485462 0.0577214 0.0653085 0.0704808 0.0729208 0.0727982 0.0705552 0.0667026 0.0617186 0.0560121 0.049907 0.0436405 0.0373798 0.0312508 0.0253684 0.0198597 0.0148719 0.0105574 0.0070384 0.00436631
 0.00886323 0.0142182 0.0210646 0.0292328 0.0383996 0.0479802 0.0570746 0.0646478 0.0698899 0.0724774 0.072554 0.0705252 0.0668673 0.0620352 0.0564288 0.0503755 0.0441238 0.0378533 0.0316991 0.0257802 0.0202246 0.0151799 0.0108013 0.00721717 0.00448631
 0.00906733 0.0145132 0.0214392 0.0296496 0.0388012 0.0483024 0.0572593 0.0646547 0.0697058 0.072123 0.0720829 0.0700118 0.0663867 0.0616436 0.0561537 0.050217 0.0440645 0.0378692 0.0317672 0.0258813 0.0203421 0.0152991 0.0109094 0.00730523 0.00455056
 0.00928458 0.0148823 0.0220205 0.0304992 0.0399462 0.0497074 0.0588028 0.0661374 0.0708997 0.0728397 0.0722281 0.0696014 0.0655271 0.0604918 0.0548753 0.0489533 0.0429144 0.0368873 0.0309722 0.0252684 0.0198932 0.0149887 0.0107088 0.00718527 0.00448478
 0.00917607 0.0147204 0.0218068 0.0302532 0.0397102 0.0495477 0.0588005 0.0663645 0.0713832 0.0735318 0.0730052 0.0703021 0.0660099 0.0606831 0.0547838 0.0486512 0.0425014 0.0364559 0.0305877 0.0249638 0.0196753 0.0148477 0.0106271 0.00714392 0.00446747
 0.00888227 0.0142425 0.02109 0.0292545 0.0384175 0.0480057 0.0571333 0.0647736 0.0701093 0.0727905 0.0729216 0.0708719 0.0671021 0.0620833 0.0562615 0.0500234 0.0436664 0.0373905 0.0313184 0.0255337 0.0201215 0.0151944 0.0108886 0.00733116 0.00459245
 0.00919321 0.0147048 0.0217025 0.0299797 0.0391815 0.0487061 0.0576526 0.0650024 0.0699819 0.0723185 0.0722054 0.0700734 0.0663876 0.0615645 0.0559641 0.049897 0.0436244 0.0373569 0.0312546 0.0254395 0.020018 0.0151038 0.0108232 0.00729164 0.00457269
 0.00889146 0.0142607 0.0211204 0.0292937 0.0384459 0.0479775 0.0569759 0.0644058 0.0694783 0.0719129 0.0719055 0.0699009 0.0663819 0.0617708 0.0564089 0.0505631 0.0444443 0.0382302 0.0320814 0.0261489 0.0205796 0.0155205 0.0111164 0.00748795 0.00469713
 0.00910732 0.0145688 0.0215055 0.0297163 0.0388551 0.0483309 0.0572519 0.0646002 0.0695889 0.0719247 0.0717902 0.0696328 0.0659621 0.0612427 0.0558532 0.0500727 0.0440901 0.0380374 0.0320276 0.0261837 0.0206504 0.0155914 0.0111712 0.00752486 0.00472015
 0.00918471 0.0146938 0.0216901 0.0299663 0.0391635 0.048671 0.0575763 0.0648513 0.0697195 0.0719178 0.0716615 0.0694161 0.0656882 0.0609308 0.0555187 0.0497405 0.0437978 0.0378229 0.0319114 0.026159 0.0206889 0.0156579 0.0112382 0.00757788 0.00475603
 0.00956717 0.015312 0.022611 0.0312418 0.0408098 0.0506411 0.0597363 0.0669822 0.071557 0.0732178 0.0722624 0.0692717 0.0648648 0.0595759 0.0538178 0.0478792 0.0419385 0.0360942 0.030404 0.0249229 0.0197344 0.0149627 0.0107601 0.00726785 0.00456733
 0.00922205 0.0148153 0.0219861 0.0305596 0.04018 0.0501908 0.0595841 0.0672127 0.0721938 0.0742026 0.0734544 0.0704771 0.0658892 0.0602778 0.0541394 0.0478459 0.0416347 0.0356304 0.0298872 0.024437 0.0193309 0.014661 0.0105548 0.0071397 0.00449351
 0.00907547 0.0145592 0.0215714 0.0299399 0.039335 0.049158 0.0584806 0.0662254 0.0715313 0.0740269 0.073825 0.0713317 0.0670649 0.0615598 0.0553199 0.0487742 0.0422442 0.0359358 0.0299591 0.0243672 0.0192025 0.0145316 0.0104533 0.00707261 0.00445499
 0.00901248 0.0144519 0.0213991 0.0296761 0.0389487 0.0486199 0.0577768 0.0653772 0.070613 0.0731695 0.0731937 0.0710776 0.0672686 0.0621954 0.05626 0.049833 0.0432387 0.0367373 0.0305163 0.0246976 0.0193641 0.0145912 0.0104645 0.00706804 0.00444931
 0.00911522 0.0146161 0.0216395 0.0299997 0.0393476 0.0490619 0.0581996 0.0656927 0.070729 0.073023 0.0727829 0.0704762 0.0666109 0.061633 0.0559065 0.0497235 0.0433249 0.0369196 0.0306925 0.0248026 0.0193824 0.0145447 0.0103892 0.00699409 0.00439266
 0.00916474 0.0146914 0.0217435 0.030133 0.03951 0.0492532 0.0584175 0.0659269 0.0709537 0.0731941 0.0728464 0.0703887 0.0663641 0.061269 0.0555094 0.0493881 0.0431168 0.03685 0.0307222 0.0248699 0.0194358 0.0145611 0.0103721 0.00696032 0.00435835
 0.00901428 0.0144945 0.0215348 0.0299726 0.0394652 0.0493701 0.0586995 0.0663324 0.071414 0.0736371 0.0732122 0.0706331 0.0664585 0.0612046 0.0553056 0.049095 0.0428035 0.0365801 0.0305308 0.024756 0.0193741 0.0145221 0.0103375 0.00692555 0.00432673
 0.00858257 0.0138655 0.0207257 0.0290526 0.0385442 0.0485747 0.0581473 0.0661098 0.0715571 0.0741182 0.0739419 0.0714836 0.0672992 0.061933 0.0558636 0.0494708 0.0430229 0.0366921 0.0305879 0.0247971 0.0194157 0.0145633 0.0103706 0.00694574 0.00433508
#obs surv len freq
 nan nan nan nan nan nan nan nan nan nan nan nan nan nan nan nan nan nan nan nan nan nan nan nan nan
 0.00447863 0.00733727 0.0111648 0.0159797 0.0216802 0.0279568 0.0342728 0.0400063 0.0446881 0.0481542 0.0505141 0.0520118 0.0529058 0.0534196 0.0537351 0.0539908 0.05427 0.0545632 0.0547022 0.0542942 0.0527321 0.0493638 0.0438127 0.0362916 0.027674
 0.0046181 0.00756312 0.0115028 0.0164523 0.0223017 0.0287247 0.0351599 0.0409576 0.0456276 0.0489988 0.0511892 0.0524624 0.0531027 0.0533606 0.053441 0.053498 0.0536214 0.053801 0.0538653 0.0534192 0.0518576 0.0485324 0.0430689 0.0356728 0.027201
 0.00478432 0.00783714 0.0119221 0.0170535 0.0231125 0.0297517 0.0363756 0.0422965 0.0469949 0.0502875 0.0522975 0.0533049 0.0536174 0.0535131 0.0532263 0.0529393 0.0527639 0.052704 0.0525946 0.0520452 0.0504557 0.0471839 0.0418544 0.0346591 0.0264249
 0.0049731 0.00814628 0.0123917 0.0177232 0.0240142 0.0308985 0.0377489 0.0438397 0.0486181 0.0518813 0.0537479 0.0545055 0.0544778 0.0539655 0.0532314 0.0524886 0.0518803 0.0514392 0.0510253 0.0502691 0.0485885 0.0453533 0.0401868 0.0332579 0.0253481
 0.00518045 0.00848643 0.0129094 0.0184623 0.0250097 0.0321634 0.039261 0.0455366 0.0504056 0.0536502 0.0553888 0.0559164 0.0555665 0.0546519 0.0534515 0.0522014 0.0510741 0.0501379 0.0492929 0.0482113 0.04635 0.0431065 0.0381079 0.0314937 0.0239842
 0.00541908 0.00887445 0.0134937 0.0192869 0.0261081 0.0335461 0.0409023 0.0473691 0.0523287 0.0555483 0.0571489 0.0574378 0.0567626 0.0554488 0.0537856 0.0520205 0.0503435 0.0488516 0.0474881 0.0459811 0.0438484 0.0405362 0.0356888 0.0294162 0.022365
 0.00565495 0.00926261 0.0140865 0.0201359 0.0272537 0.0350015 0.0426374 0.0493058 0.0543535 0.0575352 0.0589798 0.0590131 0.0580018 0.0562861 0.0541655 0.0518942 0.0496703 0.047609 0.0456894 0.043698 0.0412257 0.0377866 0.0330585 0.027129 0.0205659
 0.00588434 0.00964028 0.014664 0.0209648 0.0283764 0.036436 0.0443609 0.0512477 0.0564042 0.0595661 0.0608641 0.0606398 0.059282 0.0571529 0.054569 0.0517945 0.0490337 0.0464115 0.0439338 0.0414389 0.0385923 0.0349855 0.0303438 0.024742 0.0186715
 0.00614238 0.0100581 0.0152899 0.021843 0.0295399 0.0378938 0.0460852 0.0531682 0.0584164 0.0615495 0.0627001 0.0622229 0.0605248 0.0579874 0.0549447 0.0516744 0.0483896 0.045225 0.0422074 0.0392193 0.0359957 0.0322062 0.0276296 0.0223371 0.0167493
 0.00639609 0.0104765 0.0159302 0.0227609 0.0307768 0.0394582 0.0479345 0.0552054 0.0605075 0.0635531 0.064493 0.0637105 0.06164 0.0586835 0.0551886 0.0514415 0.0476604 0.0439872 0.0404665 0.0370191 0.0334427 0.0294808 0.024966 0.0199704 0.0148507
 0.00659913 0.0108144 0.0164535 0.0235225 0.0318222 0.0408094 0.0495723 0.0570612 0.0624706 0.0654897 0.0662689 0.0652094 0.0627739 0.0593954 0.055448 0.0512345 0.0469808 0.0428334 0.03885 0.0349831 0.0310844 0.026963 0.0225014 0.017775 0.0130838
 0.0068342 0.0111944 0.0170214 0.0243176 0.0328732 0.0421238 0.0511245 0.0587874 0.0642747 0.0672594 0.0678912 0.0665815 0.0638107 0.0600345 0.0556514 0.0509858 0.0462796 0.04169 0.0372875 0.0330502 0.0288742 0.0246235 0.0202231 0.0157505 0.0114558
 0.00705987 0.0115667 0.0175913 0.0251339 0.0339711 0.0435066 0.0527483 0.0605583 0.0660671 0.0689444 0.0693604 0.067756 0.064638 0.0604814 0.0556984 0.0506246 0.0455118 0.0405281 0.0357583 0.0312053 0.0268031 0.0224607 0.018137 0.0139088 0.00998053
 0.00725794 0.0118932 0.0180912 0.0258517 0.0349425 0.0447438 0.0542242 0.0622002 0.0677643 0.0705685 0.0707881 0.0688877 0.0654073 0.060856 0.0556734 0.0502116 0.04473 0.0394007 0.0343175 0.0295024 0.0249208 0.0205189 0.0162815 0.0122822 0.00868422
 0.00744983 0.0122055 0.0185616 0.0265157 0.0358258 0.0458521 0.0555317 0.0636449 0.0692555 0.0720019 0.0720619 0.0699132 0.0661159 0.0612042 0.0556442 0.0498116 0.0439828 0.0383401 0.0329856 0.0279552 0.0232368 0.018804 0.01466 0.0108723 0.00756772
 0.00753288 0.0123457 0.0187827 0.0268441 0.0362867 0.0464624 0.0562921 0.0645353 0.0702369 0.0730213 0.0730576 0.070819 0.0668654 0.061736 0.0559085 0.0497765 0.0436373 0.0376945 0.0320706 0.0268217 0.0219584 0.0174761 0.0133906 0.0097621 0.00668572
 0.00757012 0.0124021 0.0188606 0.0269455 0.036416 0.0466301 0.0565158 0.0648372 0.0706361 0.0735251 0.0736548 0.0714776 0.0675348 0.0623531 0.0564057 0.0500909 0.04372 0.0375184 0.0316354 0.0261567 0.0211222 0.0165516 0.0124735 0.00894168 0.00602477
 0.0076576 0.0125322 0.0190337 0.0271535 0.0366443 0.0468618 0.056736 0.0650373 0.0708173 0.0737006 0.0738464 0.0717067 0.067811 0.0626648 0.0567186 0.0503533 0.0438738 0.0375128 0.0314394 0.0257686 0.0205735 0.0159033 0.0118039 0.00832758 0.00552232
 0.0077158 0.0126276 0.019178 0.0273559 0.036907 0.0471742 0.0570716 0.0653567 0.0710803 0.0738809 0.0739416 0.0717387 0.0678154 0.0626757 0.0567541 0.0504075 0.0439173 0.0375018 0.0313309 0.0255364 0.0202197 0.0154607 0.0113275 0.00787779 0.00514693
 0.00775185 0.0126803 0.0192467 0.0274375 0.0369983 0.047275 0.0571852 0.0654872 0.0712265 0.0740326 0.0740816 0.0718498 0.0678896 0.0627188 0.0567815 0.0504336 0.0439441 0.0375143 0.0313011 0.0254362 0.0200352 0.0152019 0.0110264 0.00757788 0.00488696
 0.007827 0.0127933 0.0193994 0.0276246 0.037208 0.0474906 0.057388 0.0656594 0.0713557 0.0741148 0.0741208 0.0718537 0.0678652 0.0626706 0.0567143 0.0503542 0.0438599 0.0374273 0.0312044 0.0253158 0.0198786 0.0150075 0.0108083 0.00736116 0.00469742
 0.00786623 0.0128565 0.019493 0.0277529 0.0373712 0.047682 0.0575919 0.0658529 0.0715141 0.07422 0.0741662 0.0718453 0.0678168 0.0625976 0.0566288 0.0502638 0.0437681 0.0373346 0.0311083 0.0252103 0.0197572 0.014868 0.010657 0.0072116 0.00456564
 0.00787281 0.0128657 0.0195045 0.0277663 0.0373868 0.0477022 0.0576214 0.0658965 0.0715742 0.0742929 0.074243 0.0719145 0.0678688 0.0626285 0.0566401 0.0502599 0.0437533 0.0373111 0.0310752 0.0251648 0.0196962 0.014791 0.0105681 0.00711998 0.00448216
 0.00787603 0.0128677 0.0195013 0.0277526 0.0373573 0.0476547 0.0575587 0.0658279 0.0715132 0.0742541 0.0742369 0.0719444 0.0679298 0.0627089 0.0567261 0.0503399 0.04382 0.0373611 0.0311069 0.0251773 0.0196888 0.0147647 0.0105269 0.00707097 0.00443379
 0.00787791 0.0128655 0.0194886 0.0277199 0.0372952 0.0475572 0.0574276 0.0656738 0.071354 0.0741117 0.0741328 0.0718949 0.0679426 0.0627813 0.0568453 0.0504868 0.0439742 0.0375052 0.0312292 0.025271 0.0197518 0.0147983 0.0105359 0.00706274 0.00441668
 0.00790398 0.0129042 0.0195396 0.0277795 0.0373558 0.0476077 0.0574548 0.0656648 0.0713007 0.0740152 0.0740052 0.0717578 0.0678205 0.0626949 0.0568063 0.0504956 0.0440212 0.0375749 0.0313049 0.025339 0.0198033 0.0148302 0.0105494 0.00706237 0.00440841
 0.00787515 0.0128583 0.0194723 0.0276881 0.03724 0.0474711 0.0573054 0.0655146 0.071163 0.0739007 0.0739209 0.0717073 0.0678063 0.0627199 0.0568725 0.0506021 0.0441616 0.037737 0.0314723 0.0254953 0.0199355 0.0149308 0.0106179 0.00710316 0.00442887
 0.00787092 0.0128466 0.0194459 0.0276374 0.0371562 0.0473499 0.0571509 0.0653398 0.070987 0.0737435 0.0737986 0.0716295 0.0677763 0.0627361 0.0569309 0.0506976 0.0442881 0.037886 0.0316323 0.0256525 0.0200763 0.0150456 0.0107022 0.00715866 0.00446118
 0.00787824 0.0128584 0.0194633 0.02766 0.0371809 0.0473699 0.0571551 0.065316 0.0709264 0.0736459 0.0736744 0.0714971 0.067656 0.0626446 0.0568781 0.0506864 0.0443162 0.0379472 0.0317175 0.0257503 0.0201743 0.0151328 0.0107715 0.00720759 0.0044918
 0.00783794 0.0127956 0.0193739 0.027543 0.0370391 0.0472107 0.056991 0.0651622 0.0707971 0.0735502 0.0736144 0.07147 0.0676587 0.062676 0.056939 0.0507771 0.0444344 0.0380872 0.0318703 0.0259049 0.0203194 0.0152584 0.0108711 0.0072795 0.00453867
 0.00781941 0.0127616 0.019316 0.0274515 0.0369062 0.0470353 0.0567823 0.0649402 0.0705882 0.0733796 0.0735 0.071419 0.067668 0.062736 0.0570382 0.0509055 0.044584 0.0382511 0.0320412 0.0260738 0.0204765 0.0153947 0.0109803 0.00735958 0.00459206
 0.00779285 0.0127166 0.0192449 0.0273459 0.0367587 0.0468423 0.0565476 0.0646771 0.0703188 0.0731322 0.0733033 0.0712966 0.0676331 0.0627887 0.0571667 0.0510903 0.0448041 0.0384874 0.032278 0.0262984 0.0206785 0.0155657 0.0111155 0.00745837 0.00465814
 0.0077627 0.0126674 0.0191703 0.02724 0.036617 0.0466632 0.0563347 0.0644401 0.070073 0.0728966 0.0730988 0.0711437 0.0675495 0.0627858 0.0572466 0.0512448 0.0450158 0.0387339 0.0325366 0.0265489 0.020905 0.0157575 0.0112668 0.00756892 0.00473227
 0.00772516 0.0126053 0.0190751 0.0271035 0.0364335 0.0464333 0.0560677 0.0641544 0.0697926 0.0726459 0.072898 0.0710072 0.0674863 0.0628004 0.0573394 0.0514105 0.0452426 0.0390038 0.0328269 0.0268362 0.0211685 0.015982 0.0114442 0.00769836 0.004819
 0.00932593 0.0148462 0.0217799 0.0298848 0.0388051 0.0479894 0.0566253 0.0637807 0.0687238 0.0711667 0.0712531 0.0693676 0.0659554 0.061434 0.0561632 0.0504325 0.0444591 0.038402 0.0323867 0.0265318 0.0209712 0.0158635 0.0113793 0.00766671 0.00480586
 0.00930937 0.0151141 0.0227024 0.0319208 0.0423023 0.0529139 0.0623902 0.069342 0.0729506 0.0732875 0.07111 0.0673585 0.0627595 0.0577216 0.0524298 0.0469712 0.0414098 0.0358131 0.0302587 0.0248404 0.019677 0.0149161 0.0107211 0.00723644 0.00454349
 0.00895325 0.0145558 0.0219225 0.0309721 0.0413628 0.0523217 0.0626029 0.0707733 0.075724 0.0770518 0.0750838 0.0706262 0.0646527 0.0580507 0.0514537 0.0451827 0.0393026 0.0337477 0.0284379 0.0233463 0.0185189 0.0140654 0.0101305 0.00685133 0.00430952
 0.0087874 0.0142731 0.0214739 0.0303073 0.0404499 0.0511822 0.0613545 0.0696577 0.0750847 0.0772389 0.0762966 0.0727679 0.0672992 0.060589 0.0533294 0.0461115 0.0393263 0.0331335 0.027516 0.0223856 0.0176804 0.0134136 0.00966753 0.00654789 0.00412576
 0.00872257 0.0141623 0.021296 0.0300361 0.0400563 0.0506403 0.0606538 0.0688216 0.0741922 0.0764402 0.0758041 0.0728009 0.0679875 0.0618785 0.0549594 0.0477 0.0405276 0.0337714 0.0276192 0.0221218 0.017252 0.0129788 0.00931233 0.00629706 0.00396809
 0.00869166 0.0141089 0.0212094 0.0299034 0.0398634 0.0503745 0.0603066 0.0683911 0.0736865 0.0758857 0.0752577 0.0723599 0.0677804 0.0620244 0.0555052 0.0485709 0.0415335 0.0346792 0.0282512 0.0224198 0.0172723 0.0128367 0.00911907 0.00612435 0.00384417
 0.00867401 0.0140809 0.021168 0.0298455 0.0397851 0.0502706 0.0601705 0.0682155 0.0734654 0.0756168 0.0749476 0.0720318 0.0674811 0.0618248 0.0554835 0.0487784 0.0419579 0.0352331 0.028802 0.022847 0.0175167 0.0129114 0.00908326 0.00604395 0.00376526
 0.00865884 0.0140592 0.0211408 0.0298154 0.039755 0.0502418 0.0601413 0.0681802 0.0734149 0.0755403 0.0748355 0.0718801 0.0672974 0.0616339 0.055328 0.0487096 0.0420152 0.0354208 0.0290785 0.0231396 0.0177545 0.0130555 0.00913626 0.006036 0.00373166
 0.00867328 0.0140756 0.0211527 0.029813 0.0397288 0.0501877 0.0600636 0.0680911 0.0733287 0.0754667 0.0747752 0.0718255 0.0672382 0.0615641 0.0552534 0.0486496 0.0419977 0.0354689 0.0291957 0.0233033 0.0179245 0.0131933 0.00922201 0.0060723 0.00373527
 0.00864624 0.0140402 0.0211147 0.0297819 0.0397135 0.0501906 0.0600777 0.068102 0.0733226 0.0754373 0.0747268 0.0717688 0.067183 0.0615149 0.0552103 0.0486142 0.0419771 0.0354748 0.0292378 0.0233807 0.0180227 0.0132899 0.00929764 0.0061187 0.00375584
 0.0086241 0.0140024 0.0210552 0.0296956 0.0395999 0.0500572 0.0599416 0.067986 0.0732463 0.0754089 0.0747402 0.0718089 0.0672342 0.0615673 0.0552602 0.0486618 0.042025 0.0355275 0.0293003 0.0234554 0.018106 0.0133725 0.00936809 0.00616953 0.00378618
 0.00863519 0.0140171 0.021071 0.0297075 0.0396008 0.0500399 0.059901 0.0679217 0.0731648 0.0753231 0.0746655 0.0717578 0.0672111 0.0615684 0.0552769 0.0486859 0.0420521 0.0355573 0.029335 0.023497 0.0181542 0.0134232 0.00941498 0.00620689 0.00381147
 0.00863374 0.0140196 0.0210834 0.0297373 0.039654 0.0501165 0.0599917 0.0680088 0.0732276 0.0753457 0.074643 0.0716973 0.0671283 0.0614806 0.0551976 0.0486217 0.0420041 0.0355241 0.0293153 0.0234901 0.018159 0.0134369 0.00943317 0.00622481 0.00382569
 0.00862789 0.0140106 0.0210711 0.0297229 0.0396406 0.0501098 0.059999 0.0680366 0.073277 0.0754098 0.0747072 0.0717446 0.0671466 0.0614674 0.05516 0.048572 0.0419543 0.0354822 0.0292852 0.0234724 0.0181525 0.0134393 0.00944117 0.00623486 0.00383486
 0.00861068 0.0139825 0.0210286 0.0296633 0.0395631 0.0500171 0.0598991 0.0679427 0.0732051 0.0753741 0.0747153 0.0717939 0.067225 0.0615574 0.055245 0.0486416 0.042006 0.0355197 0.0293139 0.0234972 0.0181758 0.0134615 0.00946146 0.00625197 0.00384791
 0.00861068 0.0139825 0.0210286 0.0296633 0.0395631 0.0500171 0.0598991 0.0679427 0.0732051 0.0753741 0.0747153 0.0717939 0.067225 0.0615574 0.055245 0.0486416 0.042006 0.0355197 0.0293139 0.0234972 0.0181758 0.0134615 0.00946146 0.00625197 0.00384791
 0.00853927 0.0138685 0.0208615 0.0294359 0.0392747 0.0496773 0.0595312 0.0675829 0.0728966 0.0751569 0.0746167 0.0718237 0.0673742 0.0618014 0.0555488 0.0489681 0.0423231 0.0358054 0.0295572 0.0236958 0.0183324 0.0135808 0.00954858 0.00631233 0.00388708
 0.00863201 0.0140065 0.021045 0.0296549 0.0395098 0.0499019 0.0597147 0.0676955 0.0729159 0.0750758 0.0744478 0.0715969 0.0671284 0.0615733 0.055364 0.0488368 0.0422415 0.0357615 0.0295371 0.0236884 0.018331 0.0135824 0.00955178 0.00631623 0.00389088
 0.00887626 0.0144085 0.021656 0.0305175 0.0406387 0.051259 0.0611905 0.069116 0.0740821 0.0758198 0.0746782 0.0713145 0.0664121 0.0605508 0.0541784 0.0476187 0.0410913 0.0347422 0.0286787 0.0229965 0.0177964 0.0131877 0.00927554 0.00613462 0.00377983
 0.00869825 0.0141476 0.0213188 0.0301353 0.0402676 0.0509735 0.061072 0.0692326 0.0744618 0.0764283 0.0754169 0.0720465 0.0670068 0.0609231 0.0543071 0.0475389 0.0408706 0.0344547 0.0283848 0.0227351 0.0175853 0.0130298 0.00916532 0.0060628 0.00373637
 0.00832575 0.0135347 0.0203878 0.0288227 0.0385539 0.0489234 0.0588636 0.0671472 0.0728214 0.0755023 0.075342 0.0727948 0.068406 0.062716 0.0562238 0.0493587 0.0424561 0.0357519 0.0294008 0.0235072 0.018158 0.0134432 0.00945257 0.00625237 0.0038536
 0.00867147 0.0140433 0.0210497 0.0295839 0.039317 0.0495599 0.0592343 0.0671353 0.0723752 0.0746723 0.0742853 0.071731 0.0675429 0.06218 0.0560302 0.0494296 0.0426693 0.035994 0.0295994 0.0236368 0.0182262 0.0134707 0.00945937 0.00625144 0.00385122
 0.00833896 0.0135633 0.0204391 0.0288951 0.0386207 0.0489169 0.0586736 0.0666498 0.0719363 0.0742537 0.0738872 0.0713946 0.0673469 0.0622145 0.0563575 0.0500498 0.0435122 0.0369416 0.0305265 0.0244475 0.0188714 0.0139446 0.00978359 0.00645907 0.00397562
 0.00857 0.0138876 0.0208338 0.0293109 0.0390008 0.0492232 0.0589016 0.0668193 0.0720609 0.0743141 0.0738286 0.0711563 0.0669054 0.0616126 0.055699 0.0494617 0.0430952 0.0367351 0.0305051 0.0245452 0.0190159 0.0140827 0.00988956 0.00652893 0.00401652
 0.00846274 0.0137539 0.0207052 0.0292355 0.0390224 0.0493536 0.0591054 0.0670261 0.0722025 0.074359 0.0737902 0.0710688 0.0667916 0.0614728 0.0555272 0.0492704 0.0429233 0.036631 0.0304991 0.0246332 0.019164 0.0142465 0.0100336 0.00663615 0.00408603
 0.00898093 0.0145534 0.0218277 0.0306884 0.0407756 0.0513347 0.0611914 0.0690389 0.0739244 0.0755724 0.0743307 0.0708701 0.065902 0.0600356 0.0537356 0.0473217 0.0409895 0.0348481 0.0289631 0.0233962 0.0182332 0.013591 0.00960054 0.00636677 0.00392825
 0.00857989 0.0139811 0.0211152 0.0299187 0.0400654 0.050803 0.0609315 0.0691057 0.0743305 0.0762851 0.0752676 0.0719021 0.0668752 0.060809 0.0542202 0.0475004 0.0409105 0.0345991 0.0286402 0.0230799 0.0179741 0.0134085 0.00948887 0.00630736 0.00390079
 0.00852136 0.0138371 0.0208133 0.0293754 0.039224 0.0496847 0.0596692 0.0679263 0.0734837 0.0759532 0.0755062 0.072637 0.0679433 0.0620122 0.0553724 0.0484614 0.0416063 0.0350242 0.028843 0.0231352 0.0179555 0.0133695 0.00945752 0.0062913 0.0038966
 0.00854723 0.0138745 0.0208572 0.0294081 0.0392079 0.0495599 0.0593643 0.0673902 0.0727287 0.0750835 0.0747032 0.0720976 0.0678008 0.0622857 0.0559686 0.0492209 0.0423639 0.0356577 0.0292951 0.023409 0.0180927 0.0134229 0.00947128 0.00629236 0.00389659
 0.00866186 0.0140554 0.0211184 0.0297561 0.0396368 0.0500434 0.0598484 0.067792 0.0729495 0.0750387 0.0743602 0.071504 0.0670823 0.0616063 0.0554683 0.048964 0.0423262 0.0357542 0.0294284 0.0235094 0.0181335 0.0134127 0.00943429 0.00625133 0.00386431
