SBPRF35
7.78865
Curr Bio
623639
B35
700583
F35
0.229697
FOFL
0.217443
OFL
108074
Bzero
2.22533e+06
#pred survey bio
 4.23894e+06 4.03956e+06 3.8395e+06 3.58394e+06 3.30258e+06 3.01185e+06 2.72374e+06 2.46981e+06 2.19835e+06 1.9425e+06 1.72771e+06 1.54968e+06 1.34703e+06 1.21438e+06 1.05942e+06 934160 861101 782261 719855 663642 627405 605804 591721 569197 561036 560207 548364 547444 549197 537752 540661 542263 541938 544633 538953 517724 507234 499090 502603 511488 521381 530491 538833 556737 566274 569038 574069 577371 584147 582064 586175 558996 516988 490461 478821 523165 569286 621673 2.32009e+07 1.42776e+07 1.46309e+07 1.5066e+07 1.55295e+07 1.59604e+07 1.63284e+07 1.6626e+07 1.68582e+07 1.70351e+07 1.7168e+07 1.72671e+07 1.73407e+07 1.73955e+07 1.74363e+07 1.74668e+07 1.74897e+07 1.75069e+07 1.752e+07 1.75299e+07 1.75375e+07 1.75432e+07 1.75477e+07 1.75511e+07 1.75537e+07 1.75557e+07 1.75572e+07 1.75584e+07 1.75593e+07 1.756e+07 1.75606e+07 1.7561e+07 1.75613e+07 1.75616e+07 1.75618e+07 1.75619e+07 1.75621e+07 1.75622e+07 1.75622e+07 1.75623e+07 1.75623e+07 1.75624e+07 1.75624e+07 1.75624e+07 1.75624e+07 1.75624e+07 1.75624e+07 1.75624e+07 1.75625e+07 1.75625e+07 1.75625e+07 1.75625e+07 1.75625e+07 1.75625e+07 1.75625e+07 1.75625e+07 1.75625e+07 1.75625e+07 1.75625e+07 1.75625e+07 1.75625e+07 1.75625e+07 1.75625e+07 1.75625e+07 1.75625e+07 1.75625e+07 1.75625e+07 1.75625e+07 1.75625e+07 1.75625e+07 1.75625e+07 1.75625e+07 1.75625e+07 1.75625e+07 1.75625e+07 1.75625e+07 1.75625e+07 1.75625e+07 1.75625e+07 1.75625e+07 1.75625e+07 1.75625e+07 1.75625e+07 1.75625e+07 1.75625e+07 1.75625e+07 1.75625e+07 1.75625e+07 1.75625e+07 1.75625e+07 1.75625e+07 1.75625e+07 1.75625e+07 1.75625e+07 1.75625e+07 1.75625e+07 1.75625e+07 1.75625e+07 1.75625e+07 1.75625e+07 0 0 0 0 0 0 0 0 0 0 0 0 0 0 0 0 0 0 0 0 0 0 0 0 0
#obs survey bio
 2.15493e+06 2.95964e+06 2.9601e+06 2.48729e+06 3.29792e+06 2.68857e+06 1.72041e+06 2.03137e+06 2.88105e+06 2.36229e+06 1.32384e+06 1.64554e+06 1.71712e+06 777378 907683 1.05257e+06 795349 927033 777089 734680 605107 362752 532045 438267 572556 416167 572853 462697 520246 591488 527915 505593 547681 681530 479985 646101 523879 504398 601035 455487 462438 686397 508814 871373 509819 518932 712952 621404 459804 748064 593842 739070 459309 412005 479694 401630 697956 640039
#pred catch bio
 88129.9 95589.3 163927 211520 247403 273314 268845 307658 312541 290890 269973 299294 242166 264384 238305 191623 193217 173420 161808 139861 125404 118785 125225 112399 106042 114031 103336 100519 110036 95537.4 94682.2 94105.8 88914.9 92404.3 100828 89302.7 90224.6 85504.2 84775.6 85567.5 86202.4 86309.7 78532.5 86348.5 92700.1 91400.4 93259.8 90837.8 98696.1 93361.4 119306 130794 118184 108373 67423.5 73554.6 74774.5 88679 108074 115864 117742 120110 122928 125612 127851 129580 130845 131738 132350 132761 133032 133208 133321 133394 133440 133469 133487 133498 133505 133510 133512 133514 133515 133516 133516 133516 133517 133517 133517 133517 133517 133517 133517 133517 133517 133517 133517 133517 133517 133517 133517 133517 133517 133517 133517 133517 133517 133517 133517 133517 133517 133517 133517 133517 133517 133517 133517 133517 133517 133517 133517 133517 133517 133517 133517 133517 133517 133517 133517 133517 133517 133517 133517 133517 133517 133517 133517 133517 133517 133517 133517 133517 133517 133517 133517 133517 133517 133517 133517 133517 133517 133517 133517 133517 133517 133517 133517 133517 0 0 0 0 0 0 0 0 0 0 0 0 0 0 0 0 0 0 0 0 0 0 0 0 0
#obs catch bio
 0 95435.2 165096 213738 250553 278047 273664 315055 319174 296549 274431 307102 244428 269884 243163 194584 196069 175439 162740 139869 125474 120191 127088 113816 107679 116174 104340 101706 112089 96620.5 95450.5 95081.9 89459.7 92770.4 101440 88862.7 89973 85506.9 84691.3 85701.6 86149.9 85704.8 77993.4 85548.4 92075.1 90907.7 92644.6 90050.5 98425.5 92508.6 118242 129201 116521 108090 67085.2 73773.9 74753.3 88737.4
#pred cpue bio
 4.151e+06 3.95422e+06 3.75602e+06 3.5011e+06 3.22128e+06 2.93251e+06 2.64644e+06 2.39444e+06 2.126e+06 1.87357e+06 1.66165e+06 1.48602e+06 1.28716e+06 1.15696e+06 1.00519e+06 882869 812020 736262 676833 623472 588886 567759 553771 531952 523997 523336 512358 511744 513583 503000 506499 508703 509003 512408 507999 488482 478028 468203 469858 478054 487982 497386 505823 523160 532312 534752 539455 542670 549155 547101 551147 524725 483398 456581 444061 485624 529561 579723 2.16859e+07 1.33697e+07 1.3695e+07 1.40834e+07 1.45275e+07 1.49536e+07 1.53206e+07 1.5618e+07 1.58501e+07 1.6027e+07 1.616e+07 1.62591e+07 1.63327e+07 1.63875e+07 1.64282e+07 1.64587e+07 1.64816e+07 1.64989e+07 1.6512e+07 1.65219e+07 1.65294e+07 1.65352e+07 1.65397e+07 1.65431e+07 1.65457e+07 1.65477e+07 1.65492e+07 1.65504e+07 1.65513e+07 1.6552e+07 1.65526e+07 1.6553e+07 1.65533e+07 1.65536e+07 1.65538e+07 1.65539e+07 1.65541e+07 1.65541e+07 1.65542e+07 1.65543e+07 1.65543e+07 1.65543e+07 1.65544e+07 1.65544e+07 1.65544e+07 1.65544e+07 1.65544e+07 1.65544e+07 1.65544e+07 1.65544e+07 1.65544e+07 1.65544e+07 1.65544e+07 1.65545e+07 1.65545e+07 1.65545e+07 1.65545e+07 1.65545e+07 1.65545e+07 1.65545e+07 1.65545e+07 1.65545e+07 1.65545e+07 1.65545e+07 1.65545e+07 1.65545e+07 1.65545e+07 1.65545e+07 1.65545e+07 1.65545e+07 1.65545e+07 1.65545e+07 1.65545e+07 1.65545e+07 1.65545e+07 1.65545e+07 1.65545e+07 1.65545e+07 1.65545e+07 1.65545e+07 1.65545e+07 1.65545e+07 1.65545e+07 1.65545e+07 1.65545e+07 1.65545e+07 1.65545e+07 1.65545e+07 1.65545e+07 1.65545e+07 1.65545e+07 1.65545e+07 1.65545e+07 1.65545e+07 1.65545e+07 1.65545e+07 1.65545e+07 1.65545e+07 1.65545e+07 1.65545e+07 0 0 0 0 0 0 0 0 0 0 0 0 0 0 0 0 0 0 0 0 0 0 0 0 0
#obs cpue bio
 3.53501e+06 3.4086e+06 2.73779e+06 2.37347e+06 2.81363e+06 2.14872e+06 2.75261e+06 2.44526e+06 2.02243e+06 1.37378e+06 1.97743e+06 955203 1.57333e+06 1.05675e+06 897090 611872 923486 567568 805702 690093 557978 391211 510625 544208 313461 560180 584620 414755 364804 442490 594322 413757 548899 472140 550814 716351 459579 362366 435272 445226 660963 728406 517637 512861 540424 547384 554046 619392 529990 614668 661402 529464 685400 385411 368747 446904 486018 620952
#pred surv len freq
 0.0047953 0.00774688 0.0115931 0.0163091 0.0218044 0.0278561 0.034065 0.0399305 0.0450248 0.0491285 0.0522418 0.0545061 0.0561157 0.057248 0.0580067 0.0583858 0.0582709 0.0574766 0.055793 0.0530166 0.0489746 0.0435788 0.0369309 0.0294296 0.0217714
 0.00517428 0.00826483 0.012197 0.0169041 0.0222998 0.0282269 0.0343829 0.040331 0.0456157 0.0498958 0.0530164 0.0550182 0.0561094 0.0565951 0.0567683 0.0568002 0.0566765 0.056198 0.055032 0.0527933 0.0491446 0.0439177 0.0372385 0.0296001 0.0217996
 0.00532081 0.00854864 0.0127012 0.0177153 0.0234657 0.0297039 0.0360131 0.0418823 0.0468793 0.0507768 0.0535468 0.055279 0.0561261 0.0562966 0.0560413 0.0555965 0.0550909 0.0544612 0.0534225 0.0515229 0.0482843 0.0434016 0.0369326 0.0293828 0.0216079
 0.00548414 0.00880597 0.0130785 0.018245 0.0241957 0.0306996 0.0373378 0.0435535 0.0488177 0.0527886 0.0553671 0.0566619 0.0569232 0.0564693 0.0556155 0.0546156 0.0536166 0.0526118 0.0513919 0.0495437 0.0465527 0.0420182 0.0358966 0.0286339 0.0210756
 0.0056914 0.00913594 0.0135621 0.0189069 0.0250516 0.031754 0.0385834 0.0449741 0.0503915 0.0544806 0.0571049 0.0583124 0.0582968 0.0573646 0.0558784 0.0541788 0.0525046 0.050928 0.0493066 0.0472771 0.0443383 0.0400504 0.0342908 0.0274191 0.0202174
 0.00592303 0.00950625 0.0141082 0.0196605 0.0260346 0.0329714 0.0400144 0.0465677 0.0520731 0.0561673 0.0587198 0.0597852 0.0595507 0.0582986 0.0563661 0.0540928 0.0517596 0.0495201 0.0473321 0.0449242 0.0418528 0.0376828 0.0322411 0.0257998 0.0190476
 0.00614052 0.00985995 0.0146413 0.0204146 0.0270436 0.0342507 0.041548 0.0483005 0.0539154 0.0580083 0.0604457 0.0612944 0.0607618 0.0591472 0.0567921 0.0540285 0.0511341 0.0482871 0.0455107 0.0426285 0.03929 0.0351134 0.0299148 0.0238941 0.0176347
 0.00627647 0.0100891 0.0150023 0.0209514 0.0278 0.0352597 0.0428182 0.0498066 0.0555957 0.0597706 0.0621777 0.0628776 0.0620862 0.0601222 0.0573492 0.0541146 0.0507036 0.0473058 0.0439777 0.0406098 0.0369393 0.0326593 0.0276094 0.0219447 0.0161528
 0.00648149 0.0104165 0.0154854 0.0216203 0.0286805 0.0363691 0.044157 0.0513499 0.0572881 0.0615277 0.0638932 0.0644347 0.0633718 0.0610402 0.0578279 0.0541066 0.0501804 0.0462547 0.0424113 0.0385874 0.0345903 0.0301851 0.0252486 0.0199121 0.0145795
 0.00678982 0.0108959 0.0161665 0.0225187 0.029797 0.0376898 0.0456508 0.0529653 0.0589555 0.0631663 0.0654187 0.0657641 0.0644261 0.0617479 0.0581293 0.0539567 0.049551 0.0451363 0.0408201 0.0365812 0.032286 0.0277628 0.022927 0.0178956 0.0130017
 0.00703366 0.0112931 0.0167651 0.0233624 0.0309146 0.0390803 0.0472691 0.0547206 0.0607273 0.0648317 0.0668752 0.0669392 0.0652735 0.0622383 0.0582412 0.0536716 0.0488527 0.0440163 0.0392899 0.0346885 0.0301319 0.0255053 0.0207604 0.0160052 0.0115129
 0.00712867 0.0114655 0.017059 0.023833 0.0316195 0.0400628 0.0485391 0.0562403 0.0624096 0.0665509 0.0684875 0.068309 0.0662971 0.0628564 0.0584353 0.0534487 0.0482289 0.0430092 0.0379235 0.0330093 0.0282271 0.0235099 0.0188417 0.014325 0.010183
 0.00752175 0.0120613 0.0178772 0.0248684 0.0328519 0.0414697 0.0500993 0.0579243 0.0641631 0.0682833 0.0700741 0.0696094 0.0671841 0.0632436 0.0582925 0.0527987 0.0471297 0.0415334 0.036146 0.0310102 0.0261046 0.0213895 0.0168682 0.0126335 0.00886211
 0.00771147 0.0123768 0.0183632 0.0255662 0.0337857 0.0426283 0.0514249 0.0593204 0.0655238 0.0695267 0.0711557 0.0705072 0.0678718 0.0636747 0.0584071 0.0525462 0.0464894 0.0405228 0.0348169 0.0294412 0.024397 0.019664 0.0152544 0.011247 0.00777738
 0.00792164 0.0127317 0.0189225 0.0263949 0.0349413 0.0441384 0.0532604 0.0613797 0.0676377 0.0714871 0.0727611 0.0716083 0.0684008 0.0636447 0.0578841 0.0516123 0.0452195 0.038981 0.0330668 0.0275587 0.022476 0.0178142 0.0135877 0.00985608 0.00671318
 0.00810515 0.0130207 0.0193421 0.0269678 0.0356903 0.0450876 0.0544286 0.062765 0.0691994 0.0731319 0.074344 0.0729556 0.0693488 0.0640818 0.0577752 0.0509959 0.0441826 0.0376282 0.0315007 0.0258761 0.0207736 0.0161917 0.0121408 0.00866026 0.0058062
 0.00805276 0.0129526 0.0192715 0.026919 0.0356947 0.045177 0.0546307 0.0631043 0.0696986 0.0738089 0.0751982 0.0739481 0.070391 0.0650435 0.058515 0.0514007 0.0441968 0.0372606 0.0308111 0.0249551 0.0197253 0.0151221 0.0111472 0.00781813 0.00515729
 0.00804597 0.0129519 0.0192904 0.0269783 0.0358199 0.0453918 0.0549506 0.0635302 0.0702154 0.0743883 0.0758058 0.0745514 0.0709611 0.0655488 0.0589125 0.0516346 0.044211 0.0370198 0.0303179 0.0242539 0.0188935 0.0142527 0.01033 0.00712274 0.00462171
 0.00812393 0.0130559 0.0194058 0.0270799 0.0358823 0.0454049 0.0549295 0.0635143 0.0702533 0.0745184 0.0760425 0.074882 0.0713534 0.0659609 0.0592996 0.0519507 0.0444094 0.0370588 0.0301725 0.0239279 0.0184244 0.0137051 0.00977846 0.0066325 0.00423364
 0.00842938 0.0135031 0.0199858 0.0277491 0.0365701 0.0460301 0.0554178 0.063812 0.0703395 0.0744126 0.0758011 0.0745808 0.0710618 0.0657219 0.0591229 0.0518185 0.0442873 0.036907 0.0299564 0.0236289 0.018048 0.0132812 0.00935297 0.00625175 0.00392982
 0.00880043 0.0140586 0.0207311 0.0286527 0.0375661 0.0470271 0.0563084 0.0644866 0.0707074 0.0744283 0.0754816 0.0740034 0.0703405 0.0649741 0.05844 0.0512486 0.043835 0.0365447 0.0296424 0.0233252 0.0177332 0.0129559 0.00903603 0.00596939 0.00370328
 0.00886552 0.0141933 0.020985 0.0290842 0.038221 0.0479077 0.0573496 0.065557 0.0716423 0.0750779 0.0757534 0.0738808 0.0698787 0.064278 0.0576343 0.050447 0.0431165 0.0359441 0.0291563 0.0229278 0.0173948 0.0126572 0.00877238 0.00574652 0.00352875
 0.00886125 0.0141852 0.0209735 0.0290766 0.0382391 0.0479932 0.0575601 0.0659448 0.0722214 0.0757966 0.0764947 0.0744975 0.0702464 0.0643389 0.057409 0.0500161 0.0425844 0.0354041 0.0286692 0.0225181 0.0170609 0.0123863 0.00855286 0.00557226 0.00339728
 0.00899759 0.0143916 0.0212555 0.0294282 0.0386438 0.048428 0.0580004 0.0663708 0.0726233 0.0761747 0.0768482 0.0748076 0.0704665 0.0644057 0.0572708 0.0496618 0.0420538 0.0347746 0.0280266 0.0219308 0.0165673 0.0119969 0.00826021 0.00536182 0.00325326
 0.00891637 0.0142825 0.0211335 0.0293207 0.0385827 0.0484363 0.0580829 0.066514 0.0728052 0.0763779 0.0770675 0.0750469 0.0707266 0.0646703 0.057502 0.0498104 0.0420814 0.0346723 0.0278197 0.0216667 0.0162955 0.0117539 0.00806453 0.00521681 0.00315342
 0.00877128 0.0140565 0.0208134 0.0289054 0.0380881 0.0479006 0.0575669 0.0660927 0.0725479 0.0763258 0.0772221 0.0753759 0.0711804 0.0651962 0.0580498 0.0503311 0.0425282 0.0350082 0.0280284 0.0217572 0.0162974 0.0117046 0.00799678 0.00515239 0.00310263
 0.00890244 0.014236 0.0210209 0.0291003 0.0382205 0.0479287 0.0574737 0.0658924 0.0722816 0.0760491 0.07699 0.0752282 0.0711331 0.0652411 0.0581619 0.0504782 0.0426778 0.0351317 0.028105 0.0217785 0.016269 0.0116433 0.00792337 0.00508412 0.00304917
 0.0088866 0.0142213 0.0210174 0.0291194 0.0382657 0.0479853 0.0575046 0.0658484 0.0721255 0.0757799 0.0766521 0.0748975 0.0708879 0.0651338 0.0582045 0.0506456 0.042922 0.0353993 0.0283505 0.0219717 0.0163983 0.0117131 0.0079488 0.00508332 0.00303752
 0.00864015 0.0138664 0.0205688 0.028622 0.0377842 0.0475848 0.0572324 0.0657229 0.0721331 0.0758807 0.0767945 0.0750398 0.0710157 0.0652631 0.0583673 0.0508674 0.0432054 0.035722 0.0286754 0.0222621 0.0166289 0.0118755 0.00804931 0.00513698 0.0030613
 0.00860385 0.0137932 0.0204347 0.0284021 0.0374662 0.0471867 0.056812 0.0653672 0.0719268 0.0758692 0.0769631 0.0753221 0.0713257 0.0655319 0.0585652 0.0510041 0.0433125 0.0358293 0.0287961 0.0223905 0.0167494 0.0119732 0.00811718 0.005177 0.0030808
 0.00854518 0.0136876 0.0202563 0.0281185 0.0370446 0.0466052 0.0560756 0.0645215 0.0710628 0.0751121 0.0764427 0.0751323 0.0714912 0.0659997 0.0592292 0.0517465 0.0440399 0.0364876 0.0293635 0.0228625 0.0171271 0.01226 0.00832033 0.00530925 0.00315901
 0.00841545 0.013498 0.0200093 0.0278268 0.036723 0.0462596 0.055697 0.064092 0.0705717 0.0745751 0.0759132 0.0746957 0.0712406 0.0660029 0.059501 0.0522425 0.0446743 0.0371645 0.0300046 0.0234192 0.017578 0.012603 0.00856459 0.00547075 0.00325714
 0.00825084 0.0132453 0.0196577 0.0273792 0.0361975 0.0456898 0.0551294 0.0635776 0.0701517 0.0742674 0.0757112 0.0745835 0.0712132 0.0660773 0.0597068 0.0525999 0.0451734 0.0377606 0.0306314 0.0240105 0.0180855 0.0130028 0.00885512 0.00566547 0.00337706
 0.00795594 0.0127988 0.0190475 0.0266165 0.0353145 0.0447346 0.0541632 0.0626744 0.0693922 0.0737258 0.0754382 0.0745925 0.07148 0.0665524 0.0603347 0.0533337 0.0459763 0.0385974 0.0314598 0.0247819 0.0187548 0.0135403 0.00925299 0.00593609 0.00354563
 0.00784617 0.0126064 0.0187335 0.0261398 0.0346457 0.0438759 0.0531641 0.06163 0.0684218 0.0729411 0.0749185 0.0743753 0.0715644 0.0669063 0.0609052 0.0540573 0.0467904 0.0394461 0.0322947 0.0255595 0.019437 0.0140992 0.00967682 0.00623132 0.00373347
 0.00869204 0.0138016 0.0201972 0.0276796 0.0360056 0.0448185 0.0535413 0.0614104 0.0676766 0.0718105 0.0735755 0.0729941 0.0702917 0.0658434 0.0601029 0.0535229 0.0465002 0.0393589 0.0323608 0.0257271 0.019656 0.0143256 0.00987757 0.00638795 0.00384195
 0.00947038 0.0150205 0.0219348 0.0299499 0.0387243 0.0477699 0.0563696 0.0636723 0.0689647 0.0718968 0.0724926 0.0710067 0.067786 0.0632021 0.0576208 0.0513799 0.0447732 0.0380504 0.0314291 0.0251083 0.0192788 0.0141204 0.00978327 0.00635611 0.00383907
 0.00941358 0.0150433 0.0221819 0.0306258 0.0400394 0.0498492 0.0591651 0.066924 0.0722341 0.0746647 0.0742903 0.0715435 0.0670281 0.0613696 0.0551024 0.0486049 0.0421015 0.0357169 0.0295421 0.02368 0.0182626 0.0134415 0.00935902 0.00610973 0.00370698
 0.009091 0.0145545 0.0215216 0.0298366 0.0392302 0.0492064 0.058939 0.0673695 0.0735075 0.0767178 0.0768306 0.0740982 0.0690943 0.062579 0.0553264 0.0479614 0.0408749 0.0342411 0.0280997 0.0224507 0.0173206 0.0127825 0.00893562 0.00585952 0.00357132
 0.00882303 0.0141321 0.0209116 0.029021 0.038215 0.0480372 0.0577195 0.0662735 0.0727647 0.076564 0.0774269 0.0754477 0.0710005 0.0646821 0.0572158 0.0493154 0.0415582 0.0343156 0.0277587 0.021921 0.0167847 0.0123451 0.00862897 0.0056703 0.00346742
 0.00862735 0.0138225 0.0204615 0.0284107 0.0374353 0.047095 0.0566477 0.0651407 0.0716808 0.0756765 0.0769039 0.0754426 0.0715985 0.0658475 0.0587715 0.050981 0.0430399 0.0354059 0.0283922 0.0221642 0.0167753 0.0122225 0.00849122 0.00556401 0.00340174
 0.0086717 0.0138586 0.0204489 0.0282895 0.0371406 0.0465811 0.0559096 0.0642215 0.0706633 0.0746676 0.0760223 0.0748099 0.0713272 0.0660158 0.0593897 0.0519656 0.0442205 0.0365715 0.0293616 0.0228418 0.0171636 0.0123925 0.00853361 0.00555257 0.00337923
 0.0087162 0.0139311 0.0205557 0.0284289 0.0372946 0.0467066 0.0559384 0.0640755 0.0702849 0.074052 0.0752316 0.0739622 0.0705662 0.0654764 0.0591684 0.0520983 0.0446689 0.0372284 0.0300811 0.0234867 0.017648 0.0126973 0.00869114 0.00561585 0.00339558
 0.008684 0.0138755 0.0204668 0.0282973 0.0371153 0.0464837 0.0556848 0.0638071 0.0700092 0.0737611 0.074909 0.0736019 0.0701924 0.0651492 0.0589688 0.0520988 0.0449036 0.0376752 0.0306648 0.0241027 0.0181984 0.0131206 0.0089732 0.00577902 0.00347756
 0.00871184 0.01392 0.0205315 0.0283834 0.0372191 0.0465942 0.0557836 0.0638711 0.0700172 0.073699 0.0747705 0.0733869 0.0699071 0.0648122 0.0586186 0.0517936 0.0447066 0.0376306 0.030777 0.024333 0.018481 0.0133894 0.0091847 0.00591993 0.00355777
 0.00865965 0.0138579 0.0204803 0.0283757 0.0372904 0.0467677 0.0560569 0.0642123 0.0703721 0.0740058 0.0749749 0.0734534 0.0698238 0.0645911 0.0582932 0.0514144 0.0443343 0.0373247 0.0305799 0.0242567 0.0185048 0.0134718 0.00928221 0.00600243 0.00361357
 0.00861608 0.0137832 0.0203622 0.0282054 0.0370701 0.0465196 0.0558268 0.0640603 0.0703503 0.0741339 0.0752281 0.0737701 0.0701295 0.0648233 0.0584177 0.0514299 0.0442677 0.0372198 0.0304828 0.0242016 0.0185041 0.0135159 0.0093486 0.00606834 0.00366483
 0.00867817 0.0138677 0.0204586 0.028292 0.0371187 0.0465038 0.0557323 0.0638928 0.0701391 0.0739274 0.0750804 0.0737201 0.0701836 0.0649522 0.0585697 0.0515541 0.0443338 0.0372257 0.0304496 0.0241595 0.0184777 0.0135157 0.00937063 0.00610068 0.00369584
 0.00857003 0.0137216 0.0202925 0.0281386 0.0370126 0.0464637 0.0557483 0.0639292 0.0701526 0.0738907 0.0749968 0.0736227 0.0701188 0.0649567 0.0586536 0.0516977 0.0444995 0.0373768 0.030565 0.0242378 0.0185305 0.0135566 0.00940771 0.00613506 0.00372491
 0.00857967 0.0137273 0.0202843 0.0281056 0.0369513 0.0463872 0.0556886 0.0639262 0.0702315 0.0740421 0.0751757 0.0737699 0.0701914 0.0649474 0.058588 0.051614 0.0444265 0.0373246 0.0305292 0.02421 0.0185067 0.0135377 0.00939636 0.0061317 0.00372728
 0.00861743 0.0137755 0.020332 0.0281329 0.0369332 0.0463014 0.0555252 0.0636961 0.0699692 0.0737998 0.0750073 0.0737091 0.0702376 0.0650691 0.0587411 0.0517636 0.0445567 0.0374344 0.0306222 0.0242882 0.0185698 0.0135859 0.00943136 0.00615648 0.0037445
 0.00895631 0.0143 0.0210703 0.0290889 0.0380805 0.047578 0.0568292 0.0648909 0.0709073 0.0743591 0.075124 0.0733929 0.0695616 0.0641431 0.0576811 0.0506695 0.043504 0.0364759 0.0297919 0.0236039 0.0180343 0.0131895 0.00915511 0.0059766 0.00363603
 0.00947518 0.0151045 0.0222073 0.0305729 0.0398886 0.0496435 0.0590322 0.0670561 0.0728199 0.0758013 0.0759197 0.0734451 0.0688737 0.0628175 0.0558948 0.0486327 0.0414182 0.0345033 0.0280434 0.0221403 0.0168751 0.0123222 0.00854508 0.00557566 0.0033916
 0.00981294 0.0156394 0.0229852 0.0316253 0.041225 0.0512405 0.060821 0.0689179 0.0745973 0.0773226 0.0770259 0.0740126 0.0688322 0.0621638 0.0546983 0.0470277 0.0395796 0.0326138 0.0262618 0.0205808 0.0156002 0.0113473 0.00784874 0.00511302 0.00310726
 0.0100369 0.0159852 0.0234726 0.0322626 0.0420114 0.0521677 0.0618707 0.0700555 0.0757656 0.0784415 0.0779976 0.074734 0.069211 0.0621364 0.0542447 0.0461802 0.0384224 0.0312701 0.0248711 0.0192719 0.0144692 0.010446 0.00718565 0.00466319 0.00282675
 0.00970558 0.0154705 0.0227442 0.0313135 0.0408649 0.0508861 0.0605637 0.0688786 0.0748988 0.0780486 0.0781811 0.0755006 0.0704614 0.0636836 0.0558583 0.047642 0.039575 0.0320436 0.0252813 0.0193961 0.0144106 0.0103018 0.00702723 0.00453025 0.0027327
 0.00955145 0.0152141 0.0223478 0.0307399 0.0400865 0.0499007 0.0594109 0.0676472 0.0737203 0.0770769 0.077565 0.0753536 0.0708334 0.0645408 0.0570812 0.0490487 0.0409652 0.0332479 0.0261981 0.0200025 0.0147484 0.010447 0.0070593 0.00451155 0.00270152
 0.00907529 0.0145214 0.0214549 0.02971 0.0390067 0.0488468 0.0584243 0.0667392 0.0728978 0.0763705 0.0770409 0.0751024 0.0709421 0.0650597 0.0579979 0.0502791 0.0423662 0.0346501 0.0274484 0.0210002 0.0154604 0.0109 0.00731426 0.00463702 0.00275433
#obs surv len freq
 nan nan nan nan nan nan nan nan nan nan nan nan nan nan nan nan nan nan nan nan nan nan nan nan nan
 0.0044861 0.00734819 0.011179 0.0159961 0.0216974 0.0279733 0.0342873 0.0400182 0.0446971 0.0481598 0.0505165 0.052011 0.052902 0.0534133 0.0537267 0.0539809 0.054259 0.0545514 0.0546899 0.0542817 0.0527199 0.0493522 0.0438024 0.0362831 0.0276675
 0.00462222 0.00757076 0.0115159 0.0164731 0.0223317 0.0287636 0.0352047 0.0410032 0.045668 0.0490292 0.0512073 0.0524684 0.0530982 0.0533479 0.053422 0.0534745 0.0535946 0.053772 0.0538348 0.0533881 0.0518269 0.0485035 0.0430431 0.0356514 0.0271847
 0.00478264 0.0078342 0.0119174 0.0170468 0.0231043 0.0297436 0.0363705 0.0422978 0.0470047 0.0503057 0.0523209 0.0533291 0.053638 0.0535273 0.0532335 0.0529403 0.0527599 0.0526964 0.0525847 0.0520339 0.0504438 0.0471723 0.0418439 0.0346503 0.0264181
 0.00496599 0.00813441 0.0123733 0.0176964 0.0239779 0.0308527 0.0376959 0.0437844 0.0485672 0.0518421 0.0537263 0.0545039 0.0544946 0.0539962 0.0532695 0.0525288 0.0519191 0.051475 0.051058 0.050299 0.048616 0.0453781 0.0402083 0.0332755 0.0253614
 0.00517419 0.00847571 0.0128923 0.0184364 0.0249731 0.0321149 0.0392012 0.0454684 0.050334 0.0535817 0.0553308 0.0558759 0.0555486 0.0546584 0.0534803 0.0522472 0.0511304 0.0501988 0.0493541 0.0482702 0.0464052 0.0431566 0.0381514 0.0315293 0.024011
 0.00540316 0.00885043 0.013461 0.0192459 0.02606 0.0334921 0.0408432 0.0473058 0.0522628 0.0554824 0.0570871 0.0573854 0.0567257 0.0554329 0.053794 0.0520534 0.0503977 0.0489215 0.047567 0.0460631 0.0439284 0.0406101 0.0357533 0.0294689 0.0224048
 0.00563681 0.00923321 0.0140426 0.0200749 0.0271748 0.0349068 0.0425326 0.0491998 0.0542558 0.057453 0.058917 0.05897 0.0579778 0.0562816 0.0541818 0.051933 0.0497322 0.0476918 0.0457885 0.0438066 0.0413363 0.0378916 0.0331517 0.0272057 0.0206239
 0.00588072 0.0096334 0.0146517 0.0209444 0.0283449 0.0363909 0.0443015 0.051176 0.0563245 0.0594848 0.0607884 0.0605761 0.0592345 0.0571238 0.0545591 0.0518045 0.0490642 0.0464628 0.0440039 0.0415234 0.0386845 0.0350774 0.0304277 0.0248121 0.0187249
 0.00611998 0.0100248 0.0152456 0.0217894 0.0294796 0.0378294 0.0460182 0.0530994 0.0583466 0.0614803 0.0626349 0.0621663 0.0604819 0.0579626 0.0549408 0.0516925 0.0484296 0.045286 0.0422873 0.0393144 0.0360998 0.0323113 0.0277271 0.0224197 0.0168129
 0.0063653 0.0104266 0.0158555 0.0226572 0.0306431 0.0392988 0.0477608 0.0550345 0.0603578 0.0634384 0.0644194 0.0636768 0.0616409 0.0587131 0.0552428 0.0515176 0.0477568 0.044102 0.0405972 0.0371617 0.0335909 0.0296259 0.0250985 0.0200819 0.0149364
 0.00660176 0.0108133 0.0164417 0.0234903 0.0317592 0.0407085 0.0494337 0.0568941 0.0622913 0.0653183 0.0661247 0.0651065 0.0627186 0.059387 0.0554804 0.0512997 0.0470718 0.0429449 0.0389776 0.035122 0.0312285 0.0271041 0.0226305 0.0178839 0.0131677
 0.00682213 0.0111773 0.017 0.0242929 0.0328452 0.0420891 0.0510759 0.0587158 0.0641741 0.0671315 0.0677474 0.066441 0.0636941 0.059958 0.0556229 0.0510049 0.0463397 0.0417823 0.0374029 0.0331803 0.0290107 0.0247575 0.0203456 0.0158538 0.0115354
 0.00704756 0.0115463 0.0175601 0.0250897 0.0339132 0.0434375 0.0526731 0.0604838 0.0659981 0.0688812 0.069299 0.0676928 0.0645738 0.0604237 0.0556589 0.0506146 0.0455375 0.0405891 0.035849 0.0313168 0.026925 0.0225827 0.0182492 0.0140037 0.0100537
 0.00726473 0.0119006 0.0180953 0.0258468 0.034922 0.0447032 0.0541629 0.0621226 0.0676789 0.070485 0.0707145 0.0688279 0.065361 0.0608211 0.0556491 0.0502007 0.044738 0.0394325 0.0343747 0.0295818 0.0250148 0.0206177 0.0163751 0.0123625 0.0087466
 0.00741231 0.0121501 0.0184886 0.0264284 0.0357294 0.0457511 0.0554289 0.0635421 0.0691555 0.0719104 0.0719871 0.0698638 0.0660977 0.061218 0.0556857 0.0498744 0.0440611 0.0384309 0.0330875 0.0280663 0.023353 0.0189183 0.0147645 0.0109601 0.00763487
 0.007523 0.0123258 0.0187461 0.0267832 0.0361961 0.0463431 0.0561537 0.0643951 0.0701131 0.0729269 0.072997 0.0707898 0.0668629 0.0617566 0.0559502 0.0498374 0.0437144 0.0377842 0.0321692 0.0269256 0.0220636 0.0175775 0.0134823 0.00983875 0.00674428
 0.00762338 0.0124841 0.0189751 0.0270912 0.0365853 0.0468079 0.0566802 0.0649628 0.0707012 0.0735193 0.0735821 0.0713536 0.06738 0.062187 0.056244 0.0499453 0.0435984 0.0374253 0.0315718 0.0261207 0.0211096 0.0165566 0.0124893 0.00896178 0.00604394
 0.00768229 0.0125797 0.0191183 0.0272918 0.0368492 0.0471342 0.057058 0.0653716 0.0711157 0.073917 0.0739495 0.0716869 0.0676799 0.0624499 0.056454 0.0500725 0.0436041 0.0372729 0.0312399 0.0256133 0.0204607 0.0158276 0.0117577 0.00830254 0.00551073
 0.00771644 0.0126289 0.0191813 0.0273642 0.0369271 0.0472171 0.0571513 0.0654854 0.0712598 0.0740966 0.0741621 0.0719237 0.0679289 0.062698 0.0566864 0.050269 0.0437368 0.0373091 0.0311501 0.025383 0.0201007 0.0153761 0.0112725 0.00784551 0.00513006
 0.00775814 0.0126901 0.0192607 0.027456 0.0370215 0.0473029 0.057219 0.06553 0.0712839 0.0741112 0.0741845 0.0719715 0.0680132 0.0628192 0.056834 0.0504238 0.0438735 0.0373984 0.0311632 0.0252991 0.019916 0.015109 0.0109613 0.0075365 0.00486328
 0.00781621 0.012778 0.0193805 0.0276044 0.0371897 0.0474772 0.0573817 0.0656616 0.0713678 0.0741389 0.0741601 0.0719115 0.0679415 0.0627592 0.0568017 0.0504224 0.043893 0.0374184 0.0311581 0.0252458 0.0198017 0.0149379 0.010754 0.00732388 0.00467478
 0.00784749 0.0128251 0.0194444 0.0276832 0.0372788 0.0475704 0.0574711 0.0657386 0.0714239 0.0741678 0.0741595 0.0718844 0.0678965 0.0627092 0.0567605 0.0504007 0.0438936 0.0374339 0.0311724 0.0252392 0.0197587 0.0148539 0.010638 0.00719493 0.00455406
 0.00786537 0.0128528 0.0194835 0.0277339 0.0373398 0.0476382 0.0575402 0.0658019 0.0714743 0.0741999 0.0741709 0.0718756 0.0678709 0.0626724 0.0567199 0.0503645 0.0438683 0.0374213 0.0311673 0.025231 0.0197354 0.014808 0.010571 0.00711634 0.00447724
 0.00788444 0.0128776 0.0195095 0.0277534 0.0373446 0.0476233 0.0575071 0.0657581 0.0714305 0.0741659 0.074152 0.0718728 0.0678813 0.0626916 0.056744 0.0503912 0.0438969 0.0374512 0.0311967 0.0252549 0.0197472 0.0148024 0.0105473 0.00707969 0.00443623
 0.00788964 0.0128855 0.0195199 0.027765 0.0373542 0.0476258 0.0574958 0.0657274 0.071379 0.0740992 0.0740825 0.071815 0.067847 0.0626858 0.0567642 0.0504303 0.0439468 0.0375048 0.0312482 0.0252993 0.0197797 0.0148198 0.0105489 0.00706843 0.00441788
 0.00789962 0.0128979 0.0195317 0.0277713 0.0373495 0.0476066 0.0574619 0.0656817 0.0713261 0.074043 0.0740267 0.071764 0.0678069 0.0626633 0.0567646 0.0504545 0.0439909 0.0375614 0.0313088 0.025356 0.0198264 0.0148526 0.0105669 0.00707355 0.00441427
 0.00788303 0.0128736 0.0194999 0.0277334 0.0373074 0.047561 0.0574124 0.0656276 0.0712678 0.0739843 0.0739736 0.0717235 0.0677843 0.0626619 0.0567851 0.0504961 0.0440506 0.0376342 0.0313875 0.0254326 0.0198936 0.0149053 0.0106031 0.00709453 0.00442358
 0.00788739 0.0128737 0.0194873 0.0276969 0.037237 0.0474534 0.0572751 0.0654781 0.0711277 0.0738718 0.0738986 0.0716881 0.0677855 0.0626948 0.0568446 0.050577 0.0441474 0.0377407 0.0314966 0.0255369 0.019986 0.0149805 0.0106586 0.00713128 0.00444491
 0.00787948 0.0128611 0.0194684 0.0276695 0.0371971 0.0473955 0.0571929 0.0653682 0.0709935 0.0737257 0.0737611 0.071581 0.0677252 0.0626874 0.0568864 0.0506579 0.0442552 0.0378635 0.0316238 0.0256591 0.0200953 0.0150711 0.0107277 0.00717918 0.00447482
 0.00784402 0.012804 0.0193838 0.027553 0.0370476 0.0472171 0.0569965 0.0651698 0.0708108 0.0735738 0.0736499 0.0715167 0.0677121 0.062728 0.0569799 0.0507978 0.0444295 0.0380566 0.0318199 0.025844 0.0202583 0.0152051 0.0108299 0.007251 0.0045209
 0.0078481 0.0128045 0.0193733 0.0275207 0.0369824 0.0471117 0.0568515 0.0649954 0.0706242 0.0733951 0.0734975 0.0714042 0.0676475 0.0627144 0.0570164 0.0508807 0.0445519 0.0382079 0.0319864 0.0260111 0.0204124 0.0153361 0.0109326 0.00732478 0.00456928
 0.00778568 0.0127106 0.019246 0.0273626 0.036799 0.0469093 0.0566362 0.0647746 0.0704087 0.0732002 0.0733418 0.0713055 0.0676182 0.0627583 0.0571287 0.05105 0.0447629 0.0384442 0.0322312 0.0262478 0.0206264 0.0155165 0.0110734 0.00742607 0.00463597
 0.00777077 0.0126785 0.0191837 0.0272546 0.0366329 0.0466835 0.0563654 0.0644876 0.0701399 0.0729779 0.0731818 0.0712123 0.0675906 0.062794 0.0572249 0.0512014 0.0449601 0.0386732 0.032475 0.0264888 0.0208483 0.0157063 0.0112237 0.00753566 0.00470903
 0.00775333 0.0126488 0.0191359 0.0271815 0.0365258 0.046534 0.0561685 0.0642461 0.0698679 0.0727013 0.0729341 0.0710255 0.0674866 0.0627801 0.0572956 0.0513436 0.0451575 0.0389083 0.0327295 0.0267437 0.0210857 0.0159117 0.0113881 0.00765655 0.00479034
 0.00933034 0.0148558 0.0217986 0.0299174 0.038856 0.04806 0.056712 0.0638752 0.0688145 0.0712429 0.0713076 0.069398 0.0659633 0.0614225 0.0561349 0.0503885 0.0444005 0.0383313 0.0323087 0.0264526 0.0208969 0.0157988 0.011327 0.00762763 0.00477899
 0.00929906 0.0150979 0.0226795 0.0318915 0.0422687 0.0528808 0.0623653 0.0693336 0.0729654 0.0733267 0.0711687 0.067427 0.062827 0.0577793 0.0524725 0.046997 0.0414185 0.0358059 0.0302379 0.0248098 0.0196414 0.0148805 0.0106895 0.00721125 0.00452539
 0.00896206 0.0145675 0.0219352 0.0309824 0.0413667 0.0523164 0.0625881 0.0707521 0.075702 0.0770362 0.0750807 0.0706387 0.0646794 0.058086 0.05149 0.0452129 0.0393219 0.0337539 0.0284315 0.0233296 0.0184956 0.0140396 0.0101061 0.00683101 0.00429446
 0.00880036 0.0142942 0.0215054 0.0303508 0.0405049 0.0512451 0.0614177 0.0697111 0.0751185 0.0772477 0.0762816 0.0727364 0.067261 0.0605527 0.0532998 0.0460885 0.0393069 0.0331136 0.0274929 0.0223587 0.0176509 0.0133841 0.00964092 0.00652622 0.00410989
 0.00872938 0.014175 0.021318 0.0300716 0.0401086 0.0507106 0.0607389 0.0689134 0.0742789 0.0765089 0.0758441 0.0728069 0.0679611 0.0618273 0.0548944 0.0476318 0.0404633 0.0337141 0.0275684 0.0220763 0.0172109 0.0129424 0.00928168 0.00627307 0.0039509
 0.00870143 0.0141254 0.0212352 0.0299415 0.0399165 0.0504438 0.060391 0.068486 0.0737843 0.0759762 0.0753296 0.0724032 0.0677883 0.0619958 0.0554451 0.0484893 0.0414422 0.0345886 0.0281682 0.0223478 0.017212 0.0127876 0.00908062 0.00609582 0.00382446
 0.00868847 0.0141021 0.0211958 0.0298784 0.0398212 0.0503087 0.0602107 0.0682589 0.0735131 0.0756681 0.0749994 0.0720783 0.0675148 0.0618385 0.0554726 0.0487427 0.041902 0.0351651 0.0287306 0.0227795 0.0174579 0.0128632 0.00904605 0.00601687 0.00374686
 0.00867169 0.0140784 0.0211665 0.0298464 0.039789 0.0502757 0.0601719 0.0682049 0.073433 0.0755531 0.074846 0.0718915 0.0673107 0.0616469 0.0553357 0.0487065 0.0419977 0.0353891 0.0290363 0.0230927 0.0177088 0.0130155 0.00910419 0.00601234 0.00371556
 0.00867148 0.0140753 0.021157 0.0298261 0.0397545 0.0502272 0.060114 0.0681454 0.0733782 0.0755041 0.0747969 0.0718326 0.0672344 0.0615542 0.0552403 0.0486339 0.0419778 0.0354428 0.029163 0.0232658 0.0178859 0.0131576 0.00919217 0.0060497 0.00371971
 0.00867214 0.0140783 0.0211648 0.0298415 0.0397789 0.0502586 0.0601461 0.0681692 0.0733854 0.0754905 0.0747637 0.0717829 0.0671715 0.0614797 0.0551574 0.0485508 0.0419098 0.0354078 0.0291733 0.0233202 0.0179678 0.0132427 0.00925964 0.00609048 0.00373667
 0.00864924 0.0140458 0.0211249 0.0297995 0.0397421 0.0502345 0.0601397 0.0681817 0.0734135 0.0755268 0.0747984 0.0718074 0.06718 0.0614708 0.055133 0.0485161 0.0418726 0.0353789 0.0291633 0.023335 0.0180049 0.0132915 0.00930671 0.00612599 0.00375758
 0.00865254 0.0140448 0.0211121 0.0297649 0.0396776 0.0501389 0.0600232 0.0680642 0.0733182 0.0754718 0.07479 0.0718398 0.067239 0.0615401 0.0551991 0.0485709 0.0419145 0.0354114 0.0291928 0.0233678 0.0180438 0.0133344 0.0093479 0.0061596 0.00378059
 0.00860866 0.0139814 0.0210309 0.0296717 0.0395792 0.0500397 0.0599232 0.0679616 0.0732149 0.0753767 0.0747191 0.0718098 0.0672598 0.0616094 0.0553041 0.0486933 0.0420374 0.0355235 0.02929 0.0234508 0.018115 0.0133954 0.00939838 0.00619848 0.00380758
 0.00861207 0.0139812 0.0210203 0.029642 0.0395233 0.0499567 0.0598211 0.0678554 0.0731199 0.0753026 0.0746676 0.0717788 0.0672485 0.0616203 0.05534 0.0487534 0.0421153 0.0356093 0.0293741 0.0235267 0.01818 0.0134492 0.00944129 0.00623089 0.00383021
 0.00862168 0.0139987 0.0210497 0.0296867 0.0395835 0.0500263 0.0598872 0.0679009 0.0731302 0.0752724 0.0746031 0.0716938 0.0671582 0.061537 0.0552722 0.0487063 0.042091 0.0356062 0.0293872 0.0235495 0.0182066 0.0134751 0.00946403 0.00624916 0.00384362
 0.00862168 0.0139987 0.0210497 0.0296867 0.0395835 0.0500263 0.0598872 0.0679009 0.0731302 0.0752724 0.0746031 0.0716938 0.0671582 0.061537 0.0552722 0.0487063 0.042091 0.0356062 0.0293872 0.0235495 0.0182066 0.0134751 0.00946403 0.00624916 0.00384362
 0.0089842 0.0145701 0.0218734 0.0307842 0.040942 0.0515841 0.0615225 0.0694386 0.0743755 0.0760598 0.0748398 0.0713771 0.0663654 0.0603981 0.0539363 0.0473132 0.0407526 0.0343995 0.0283558 0.0227098 0.0175548 0.0129942 0.00912875 0.00602995 0.00371035
 0.00909814 0.0147931 0.0222773 0.031455 0.0419538 0.0529597 0.0631993 0.0712623 0.0761304 0.077521 0.0758235 0.0717733 0.0661507 0.0596316 0.052742 0.0458519 0.0391898 0.0328789 0.0269828 0.0215474 0.0166278 0.0122974 0.00863661 0.00570503 0.0035112
 0.00914967 0.0148761 0.0224036 0.0316426 0.0422324 0.0533732 0.0637992 0.0720874 0.0771759 0.0787146 0.0770236 0.0727991 0.0668324 0.059858 0.0524869 0.045173 0.0382059 0.0317366 0.0258236 0.0204835 0.0157307 0.0115972 0.00812951 0.00536481 0.0033005
 0.00913671 0.0148573 0.0223799 0.0316173 0.0422124 0.053371 0.0638358 0.0721949 0.0773957 0.0790861 0.077564 0.0734805 0.0675712 0.0605285 0.0529578 0.0453505 0.0380635 0.0313181 0.0252233 0.0198132 0.0150893 0.0110523 0.0077117 0.00507358 0.00311558
 0.00880465 0.0143206 0.0215816 0.0305166 0.0408047 0.0517141 0.0620692 0.0705315 0.0760782 0.0783238 0.0774795 0.0740866 0.0687757 0.0621562 0.0547838 0.0471421 0.0396263 0.0325321 0.0260562 0.0203073 0.0153303 0.0111342 0.00771288 0.00504588 0.00308604
 0.00874512 0.0141823 0.021297 0.0299982 0.039968 0.0505148 0.0605389 0.0687919 0.0743256 0.0767899 0.0763842 0.0735938 0.0689599 0.0629864 0.0561291 0.0487999 0.0413664 0.0341459 0.0273971 0.0213104 0.0160063 0.0115444 0.00793633 0.00515493 0.00313359
 0.00870728 0.0141184 0.0211938 0.0298345 0.0397105 0.0501164 0.0599454 0.0679616 0.0732577 0.0755506 0.0751136 0.0724828 0.0682038 0.0627301 0.0564267 0.0496 0.0425265 0.0354722 0.0286949 0.02243 0.0168688 0.0121411 0.00830842 0.00536452 0.00324051
#pred catch len freq
 0.00358403 0.0057202 0.00844596 0.0117481 0.015642 0.0201464 0.0252174 0.0307103 0.0364007 0.0420312 0.0473538 0.0521623 0.0563155 0.0597332 0.0623619 0.0641321 0.0649372 0.06464 0.0630902 0.0601371 0.0556461 0.0495589 0.0420173 0.0334902 0.024778
 0.00389073 0.0061454 0.00895504 0.012276 0.016128 0.0205791 0.0256557 0.0312535 0.0371136 0.042869 0.0481368 0.0526267 0.0562165 0.0589534 0.060975 0.0623965 0.0632194 0.0632933 0.0623338 0.0599876 0.0559355 0.0500291 0.0424385 0.0337404 0.0248513
 0.00404561 0.00642119 0.00940926 0.0129635 0.0170732 0.0217439 0.0269277 0.0324781 0.0381624 0.043696 0.0487722 0.0531033 0.0564901 0.0588871 0.0604131 0.0612792 0.061659 0.0615564 0.0607377 0.0587698 0.0551706 0.0496344 0.0422542 0.0336233 0.0247287
 0.00422104 0.00669531 0.00980628 0.0135117 0.0178146 0.0227371 0.0282308 0.0341074 0.0400444 0.0456509 0.0505546 0.0544853 0.0573301 0.0591366 0.0600723 0.0603604 0.0602019 0.059677 0.0586481 0.0567304 0.0534003 0.0482416 0.041231 0.0328957 0.0242148
 0.0044305 0.00702362 0.0102784 0.0141451 0.0186208 0.0237249 0.0294091 0.0354864 0.0416303 0.0474264 0.0524467 0.0563403 0.0589246 0.0602326 0.0604857 0.0600053 0.0590957 0.0579276 0.0564417 0.0543124 0.051032 0.0461399 0.0395222 0.0316088 0.023309
 0.00466587 0.00739372 0.0108131 0.0148672 0.0195458 0.0248602 0.0307488 0.0370057 0.043285 0.0491581 0.0541886 0.0580154 0.0604326 0.0614369 0.0612186 0.0601013 0.0584429 0.0565131 0.0543711 0.0517983 0.0483529 0.0435786 0.0373034 0.0298574 0.0220455
 0.00488065 0.00773633 0.0113179 0.0155652 0.0204639 0.026017 0.0321468 0.0386218 0.045065 0.051019 0.0560276 0.0597227 0.0619035 0.0625745 0.0619265 0.0602755 0.0579815 0.0553493 0.0525188 0.0493842 0.045612 0.0408067 0.034783 0.0277891 0.0205117
 0.00506508 0.00803337 0.0117612 0.0161884 0.0212995 0.0270921 0.0334746 0.0401906 0.046831 0.0529036 0.057922 0.0615003 0.0634363 0.0637489 0.0626496 0.0604718 0.0575863 0.0543143 0.0508382 0.0471321 0.0429652 0.0380294 0.0321665 0.0255734 0.018826
 0.00529629 0.00839609 0.0122843 0.0168947 0.0222081 0.0282196 0.0348301 0.0417664 0.0485915 0.0547791 0.0598096 0.0632731 0.0649602 0.0649004 0.0633289 0.0606068 0.0571296 0.0532412 0.049157 0.0449085 0.0403479 0.0352508 0.029503 0.0232737 0.017043
 0.00559913 0.00886275 0.0129401 0.0177496 0.023261 0.029463 0.0362506 0.0433397 0.0502763 0.0565141 0.0615136 0.0648487 0.0663008 0.0659001 0.0638938 0.0606631 0.0566278 0.052159 0.0475068 0.0427541 0.0378237 0.0325652 0.0269097 0.0210105 0.015267
 0.00584935 0.00926185 0.0135268 0.018556 0.024308 0.0307537 0.0377607 0.045013 0.0520296 0.0582501 0.0631346 0.0662653 0.0674353 0.0666864 0.0642754 0.0605924 0.0560675 0.0510882 0.0459329 0.0407305 0.0354677 0.0300613 0.0244852 0.018883 0.0135851
 0.00604668 0.00958349 0.0140138 0.0192507 0.0252503 0.0319717 0.0392569 0.0467498 0.0539228 0.0601738 0.064939 0.0678031 0.0685884 0.0673819 0.0644847 0.0603166 0.0553204 0.0498879 0.0443073 0.0387354 0.0332068 0.0276948 0.022211 0.0168925 0.0120101
 0.00638765 0.0100984 0.0147179 0.0201393 0.0263105 0.0331975 0.0406537 0.048322 0.0556494 0.0619864 0.0667155 0.0693839 0.0698098 0.0681137 0.0646553 0.0599171 0.0543899 0.0484914 0.0425214 0.036649 0.0309338 0.0253833 0.0200329 0.0150094 0.0105307
 0.00668316 0.0105667 0.0153991 0.0210596 0.0274748 0.0345806 0.0421949 0.0499312 0.057229 0.0634556 0.0680194 0.0704805 0.0706493 0.0686288 0.0647725 0.0595809 0.0535832 0.0472417 0.0408948 0.0347415 0.0288673 0.023302 0.0180908 0.0133436 0.009229
 0.00692937 0.0109681 0.0160068 0.0219252 0.0286443 0.0360804 0.0440108 0.0519894 0.0593894 0.0655278 0.0697997 0.0717994 0.0714085 0.0688093 0.0644132 0.0587448 0.0523346 0.045643 0.0390164 0.032673 0.0267223 0.0212131 0.0161938 0.0117515 0.00800591
 0.00706528 0.0111827 0.0163205 0.0223602 0.0292297 0.0368556 0.0450201 0.0532648 0.0609242 0.0672513 0.0715697 0.0734214 0.0726801 0.0695728 0.0645915 0.0583467 0.051432 0.0443385 0.0374198 0.0308948 0.0248776 0.0194235 0.0145775 0.0104033 0.00697648
 0.0070817 0.0112174 0.0163878 0.0224796 0.0294229 0.0371432 0.0454194 0.0537914 0.0615951 0.0680815 0.0725575 0.0745261 0.0738076 0.0705825 0.0653296 0.0586901 0.0513219 0.0437886 0.0365019 0.0297161 0.0235612 0.0180949 0.0133515 0.00936882 0.00618181
 0.00707606 0.0112171 0.0164047 0.0225326 0.0295363 0.0373422 0.045724 0.0542108 0.0621235 0.0686991 0.073235 0.0752314 0.074506 0.0712305 0.0658662 0.0590386 0.051407 0.0435627 0.0359652 0.0289209 0.0226002 0.0170802 0.0123919 0.00854911 0.0055488
