SBPRF35
9.00439
Curr Bio
595270
B35
721139
F35
0.196633
FOFL
0.155016
OFL
71633.3
Bzero
2.57268e+006
#pred survey bio
 4.29991e+006 4.11713e+006 3.92908e+006 3.67763e+006 3.39407e+006 3.11319e+006 2.79712e+006 2.51173e+006 2.22765e+006 1.97102e+006 1.74976e+006 1.54461e+006 1.37551e+006 1.2235e+006 1.09835e+006 987161 900303 836966 779394 753541 718389 686410 666704 651979 625326 620906 615684 602969 599397 598328 599413 595275 585618 583189 574522 560524 552330 551014 551402 563043 574157 579045 577428 585714 597053 604082 606566 615728 601791 601772 602606 616675 609388 552972 549788 578805 555235 553605 567386 580317 624021 600524 2.03308e+007 1.19975e+007 1.2139e+007 1.28795e+007 1.39816e+007 1.51828e+007 1.63092e+007 1.72754e+007 1.80579e+007 1.86677e+007 1.91306e+007 1.94759e+007 1.97307e+007 1.99176e+007 2.00543e+007 2.01543e+007 2.02277e+007 2.02818e+007 2.03219e+007 2.03516e+007 2.0374e+007 2.03908e+007 2.04035e+007 2.04132e+007 2.04206e+007 2.04263e+007 2.04306e+007 2.0434e+007 2.04366e+007 2.04387e+007 2.04402e+007 2.04415e+007 2.04424e+007 2.04432e+007 2.04438e+007 2.04443e+007 2.04446e+007 2.04449e+007 2.04451e+007 2.04453e+007 2.04454e+007 2.04456e+007 2.04456e+007 2.04457e+007 2.04458e+007 2.04458e+007 2.04458e+007 2.04459e+007 2.04459e+007 2.04459e+007 2.04459e+007 2.04459e+007 2.04459e+007 2.04459e+007 2.04459e+007 2.0446e+007 2.0446e+007 2.0446e+007 2.0446e+007 2.0446e+007 2.0446e+007 2.0446e+007 2.0446e+007 2.0446e+007 2.0446e+007 2.0446e+007 2.0446e+007 2.0446e+007 2.0446e+007 2.0446e+007 2.0446e+007 2.0446e+007 2.0446e+007 2.0446e+007 2.0446e+007 2.0446e+007 2.0446e+007 2.0446e+007 2.0446e+007 2.0446e+007 2.0446e+007 2.0446e+007 2.0446e+007 2.0446e+007 2.0446e+007 2.0446e+007 2.0446e+007 2.0446e+007 2.0446e+007 2.0446e+007 2.0446e+007 2.0446e+007 2.0446e+007 2.0446e+007 2.0446e+007 2.0446e+007 2.0446e+007 2.0446e+007 2.0446e+007 2.0446e+007 0 0 0 0 0 0 0 0 0 0 0 0 0 0 0 0 0 0 0 0 0 0 0 0 0
#obs survey bio
 3.08634e+006 2.53109e+006 3.85684e+006 2.53558e+006 2.36706e+006 3.29821e+006 2.51293e+006 2.65862e+006 2.32041e+006 1.55468e+006 1.33549e+006 1.04376e+006 1.21451e+006 1.37888e+006 1.07785e+006 685641 906437 544057 604775 695492 608828 587908 617959 652166 561553 413406 545049 378635 596171 501450 620938 519994 549604 601702 684901 663365 895336 475520 508381 430729 421696 802970 668676 775951 468484 851146 730076 589184 424106 486746 642719 729340 534052 591573 741480 658657 478831 635476 492216 681832 509969 611028
#pred catch bio
 96687.8 99054.7 162247 206633 224867 280717 277540 299826 296648 283929 284914 263909 254966 233504 221064 198524 176325 168799 139406 144748 138389 124487 117368 124513 103758 103745 108921 100029 97144.5 94531.3 97561.1 100021 91657.8 94253.7 95339.8 89020.8 85703.1 88400.3 82424.5 85293.9 91332.2 96242.4 87395.2 84963.9 88475.6 91658.3 85812.9 105039 92899.4 92625.9 81973.8 99879.8 139125 92875.8 68072.1 112494 92558.8 80048 81115.3 55944.5 110564 100570 71633.3 87427.9 87122.2 91030.3 98271.7 106538 114289 120832 126002 129903 132750 134777 136191 137164 137826 138271 138569 138767 138897 138983 139040 139077 139101 139117 139127 139134 139139 139141 139143 139144 139145 139146 139146 139146 139146 139146 139146 139146 139146 139146 139146 139146 139146 139146 139146 139146 139146 139146 139146 139146 139146 139146 139146 139146 139146 139146 139146 139146 139146 139146 139146 139146 139146 139146 139146 139146 139146 139146 139146 139146 139146 139146 139146 139146 139146 139146 139146 139146 139146 139146 139146 139146 139146 139146 139146 139146 139146 139146 139146 139146 139146 139146 139146 139146 139146 139146 139146 139146 139146 139146 0 0 0 0 0 0 0 0 0 0 0 0 0 0 0 0 0 0 0 0 0 0 0 0 0
#obs catch bio
 0 98806.8 162830 208086 226739 284902 281299 304924 301433 289455 293189 272351 263952 240023 225545 202669 178652 172053 141496 147082 140641 126291 118384 125684 104595 104976 110225 101510 98182.4 95510.4 98781.7 101155 92621.8 95379 96393.9 89796.3 85944.8 88694.7 82412.7 85657.4 91733.7 96409.6 87420.7 84983 88619 91396.6 85124.4 104886 92764 92829.7 81939.2 99433.6 139539 92770.1 67503.7 112989 92688.5 80142.3 81822.6 55531.3 111535 100522
#pred cpue bio
 4.22916e+006 4.05052e+006 3.86663e+006 3.61729e+006 3.3347e+006 3.05491e+006 2.74071e+006 2.45697e+006 2.17474e+006 1.91971e+006 1.69971e+006 1.49614e+006 1.32875e+006 1.17906e+006 1.05626e+006 947285 862207 800362 744363 719366 685534 654827 636119 622223 596563 592293 587287 575040 571687 570834 572114 568456 559473 557499 549666 536658 528403 525820 525036 535955 546845 551860 550570 558776 569935 576977 579614 588561 574921 574717 575448 589259 582374 527286 523576 551725 529239 527621 541040 553955 596928 574977 1.94999e+007 1.15213e+007 1.15384e+007 1.21175e+007 1.31522e+007 1.43346e+007 1.54565e+007 1.64218e+007 1.72041e+007 1.78138e+007 1.82767e+007 1.8622e+007 1.88768e+007 1.90637e+007 1.92004e+007 1.93005e+007 1.93739e+007 1.9428e+007 1.9468e+007 1.94978e+007 1.95201e+007 1.95369e+007 1.95496e+007 1.95593e+007 1.95667e+007 1.95724e+007 1.95768e+007 1.95801e+007 1.95828e+007 1.95848e+007 1.95864e+007 1.95876e+007 1.95886e+007 1.95893e+007 1.95899e+007 1.95904e+007 1.95908e+007 1.9591e+007 1.95913e+007 1.95914e+007 1.95916e+007 1.95917e+007 1.95918e+007 1.95918e+007 1.95919e+007 1.95919e+007 1.9592e+007 1.9592e+007 1.9592e+007 1.9592e+007 1.95921e+007 1.95921e+007 1.95921e+007 1.95921e+007 1.95921e+007 1.95921e+007 1.95921e+007 1.95921e+007 1.95921e+007 1.95921e+007 1.95921e+007 1.95921e+007 1.95921e+007 1.95921e+007 1.95921e+007 1.95921e+007 1.95921e+007 1.95921e+007 1.95921e+007 1.95921e+007 1.95921e+007 1.95921e+007 1.95921e+007 1.95921e+007 1.95921e+007 1.95921e+007 1.95921e+007 1.95921e+007 1.95921e+007 1.95921e+007 1.95921e+007 1.95921e+007 1.95921e+007 1.95921e+007 1.95921e+007 1.95921e+007 1.95921e+007 1.95921e+007 1.95921e+007 1.95921e+007 1.95921e+007 1.95921e+007 1.95921e+007 1.95921e+007 1.95921e+007 1.95921e+007 1.95921e+007 1.95921e+007 1.95921e+007 1.95921e+007 0 0 0 0 0 0 0 0 0 0 0 0 0 0 0 0 0 0 0 0 0 0 0 0 0
#obs cpue bio
 3.57568e+006 4.6038e+006 3.825e+006 2.06806e+006 2.56683e+006 2.3486e+006 2.55208e+006 2.02089e+006 2.03904e+006 1.44441e+006 972659 1.17215e+006 944483 1.08388e+006 1.3758e+006 931172 986813 743528 692117 724301 625534 603948 806873 651860 458036 607036 643667 505867 659035 556279 418958 656706 439237 456294 447008 426603 471882 619911 643109 480228 731035 522066 459960 420138 666792 659491 660226 503328 655617 602888 491813 807288 595881 458314 490629 406386 499068 414637 424979 729992 634596 721316
#pred surv len freq
 0.00545536 0.00877176 0.0130411 0.0181903 0.024066 0.0303696 0.0366207 0.0422593 0.0468539 0.0502506 0.0525569 0.0540135 0.0548732 0.0553344 0.0555145 0.0554437 0.055077 0.0543149 0.0530117 0.0509607 0.0478869 0.0435107 0.0377116 0.0307212 0.0231903
 0.00557942 0.0088854 0.0130553 0.0179832 0.0235342 0.0294977 0.0355257 0.0411665 0.0460045 0.0497924 0.0524832 0.0541859 0.055105 0.0554841 0.0555451 0.0554276 0.0551519 0.0546112 0.0535835 0.0517521 0.0487534 0.0442838 0.0382708 0.0310344 0.0233038
 0.0059762 0.00947778 0.0138426 0.018914 0.0245009 0.030344 0.0360713 0.0412585 0.0455853 0.0489471 0.0514216 0.0531526 0.0542689 0.0548814 0.0551077 0.0550676 0.0548363 0.0543796 0.0535047 0.0518599 0.0490085 0.044588 0.038519 0.0311662 0.0233204
 0.00626336 0.00995779 0.0145867 0.0199892 0.0259449 0.0321287 0.0380691 0.0432377 0.0472523 0.0500275 0.0517507 0.0527312 0.0532567 0.0535243 0.053638 0.0536344 0.0535005 0.0531585 0.0524162 0.0509306 0.0482521 0.0439868 0.0380326 0.030757 0.0229732
 0.00650741 0.0103505 0.0151727 0.0208135 0.0270519 0.0335543 0.0398223 0.0452739 0.049448 0.0521722 0.0535703 0.0539506 0.0536831 0.0531137 0.0525056 0.0520011 0.0516079 0.0512025 0.0505271 0.0491875 0.0467032 0.0426587 0.0369335 0.0298813 0.0223072
 0.00675093 0.0107356 0.015733 0.0215756 0.0280348 0.0347676 0.0412628 0.0469212 0.0512612 0.0540822 0.0554654 0.0556635 0.0549998 0.053818 0.0524482 0.0511577 0.0500907 0.0492187 0.0483112 0.0469468 0.0445936 0.0407856 0.0353599 0.0286343 0.0213817
 0.00708293 0.0112559 0.0164799 0.0225723 0.0292867 0.036259 0.0429521 0.0487413 0.0531295 0.0559165 0.0571923 0.0572111 0.056278 0.0547029 0.0527908 0.0508234 0.0490163 0.0474526 0.0460139 0.0443508 0.0419481 0.0383096 0.0332149 0.0269128 0.0201062
 0.00740657 0.0117667 0.0172201 0.0235712 0.0305563 0.0377873 0.0446952 0.0506208 0.0550428 0.0577564 0.0588658 0.0586473 0.0574223 0.0555007 0.0531697 0.0506892 0.0482743 0.0460519 0.0439929 0.0418563 0.0392135 0.0356027 0.0307765 0.0249086 0.0186047
 0.00782374 0.0124153 0.0181415 0.0247849 0.0320588 0.0395509 0.0466629 0.0527036 0.0571264 0.0597183 0.060594 0.0600536 0.0584462 0.0561049 0.0533268 0.0503657 0.0474241 0.0446309 0.0419958 0.0393589 0.036392 0.0327114 0.0280883 0.0226432 0.0168779
 0.0082475 0.0130819 0.0191026 0.0260728 0.0336797 0.0414766 0.0488216 0.0549792 0.0593746 0.0617933 0.0623731 0.0614476 0.0593983 0.0565844 0.05332 0.0498657 0.046421 0.0431123 0.0399651 0.0368693 0.0335783 0.0297925 0.0253262 0.0202733 0.0150431
 0.00856235 0.0135912 0.0198643 0.0271385 0.035085 0.0432247 0.0508661 0.0572178 0.0616616 0.0639667 0.0642819 0.0629714 0.0604554 0.0571306 0.0533416 0.0493676 0.045415 0.0416119 0.0379938 0.0344839 0.0308964 0.0270035 0.0226662 0.0179662 0.0132364
 0.00883177 0.0140258 0.0205126 0.0280453 0.0362848 0.044731 0.0526571 0.0592274 0.0637814 0.0660597 0.0662012 0.0645785 0.0616364 0.0578075 0.0534758 0.0489549 0.0444741 0.0401748 0.0361058 0.0322157 0.0283647 0.0243808 0.0201641 0.0157881 0.0115207
 0.00896126 0.0142484 0.0208707 0.0285873 0.0370572 0.0457641 0.0539508 0.0607436 0.0654484 0.0677833 0.0678753 0.0660925 0.0628818 0.0586865 0.0539121 0.0489007 0.0439134 0.039121 0.0346004 0.0303326 0.0262189 0.0221325 0.0180028 0.0138946 0.0100199
 0.00914615 0.0145351 0.0212775 0.0291254 0.0377331 0.0465826 0.054913 0.061841 0.0666562 0.069056 0.0691479 0.0672861 0.063912 0.0594714 0.0543781 0.048988 0.0435816 0.0383557 0.0334195 0.0287935 0.024424 0.0202267 0.0161563 0.0122682 0.0087251
 0.00941712 0.0149453 0.0218384 0.0298275 0.0385497 0.0474769 0.0558442 0.0627687 0.0675454 0.0698826 0.0698989 0.0679523 0.0644773 0.0599052 0.054635 0.0490143 0.0433253 0.0377786 0.0325099 0.0275785 0.0229775 0.0186673 0.0146294 0.0109135 0.00764096
 0.00963046 0.0152916 0.0223569 0.0305498 0.0394888 0.0486114 0.0571073 0.064052 0.068724 0.0708505 0.0705959 0.0683704 0.0646462 0.0598692 0.0544302 0.0486554 0.0428038 0.037072 0.0315989 0.0264668 0.0217072 0.0173226 0.013323 0.00975819 0.0067175
 0.00978221 0.0155295 0.0226993 0.0310108 0.0400782 0.0493342 0.0579578 0.0650046 0.0697256 0.0718211 0.0714415 0.0690054 0.0650167 0.0599644 0.054277 0.0482981 0.0422819 0.0364077 0.0307994 0.0255394 0.0206781 0.0162474 0.0122825 0.00883748 0.00597981
 0.00987536 0.0156742 0.0229049 0.0312821 0.0404162 0.0497373 0.0584215 0.0655219 0.0702863 0.0724094 0.0720318 0.0695576 0.0654781 0.0602806 0.0544073 0.0482271 0.0420192 0.0359772 0.0302281 0.0248535 0.0199093 0.0154414 0.0114996 0.00814122 0.00541878
 0.00997367 0.0158294 0.0231297 0.0315844 0.040797 0.0501877 0.0589211 0.0660395 0.0707867 0.0728628 0.0724195 0.0698713 0.0657128 0.0604265 0.0544475 0.0481421 0.0417958 0.0356153 0.0297418 0.0242687 0.019261 0.0147733 0.0108612 0.00758052 0.00497064
 0.00992121 0.0157464 0.0230099 0.0314261 0.0406062 0.0499822 0.0587315 0.065906 0.0707491 0.0729479 0.0726334 0.0701985 0.0661219 0.0608766 0.0548929 0.0485358 0.0420941 0.0357846 0.029765 0.0241491 0.019022 0.0144542 0.0105104 0.00724585 0.00468877
 0.00992505 0.0157579 0.0230362 0.0314755 0.0406845 0.0500873 0.0588513 0.0660218 0.070844 0.0730167 0.0726852 0.0702518 0.0661943 0.0609762 0.0550142 0.0486607 0.0421961 0.0358347 0.0297395 0.0240364 0.0188278 0.0142013 0.0102335 0.00698166 0.00446643
 0.00992135 0.0157528 0.0230308 0.0314724 0.0406882 0.0501044 0.058889 0.0660845 0.0709301 0.0731165 0.0727842 0.0703377 0.0662629 0.0610329 0.0550687 0.0487184 0.0422528 0.0358759 0.0297455 0.0239907 0.0187244 0.0140492 0.0100541 0.00680207 0.00431036
 0.00995298 0.0157862 0.0230483 0.0314478 0.0405957 0.0499315 0.0586472 0.0658101 0.0706734 0.0729253 0.0726895 0.0703474 0.0663647 0.0612023 0.0552785 0.0489452 0.0424774 0.0360809 0.0299136 0.0241061 0.018778 0.0140427 0.0100013 0.00672434 0.0042295
 0.010002 0.0158566 0.0231358 0.0315401 0.0406725 0.049967 0.0586155 0.0656926 0.0704689 0.0726568 0.0724025 0.0700972 0.0661981 0.0611432 0.0553243 0.049073 0.0426547 0.0362751 0.0300963 0.0242555 0.0188802 0.0140937 0.0100074 0.00669981 0.00419125
 0.0101909 0.0161425 0.0235259 0.032025 0.0412263 0.0505491 0.0591722 0.0661605 0.0707839 0.0727693 0.0722928 0.069784 0.0657355 0.0606064 0.0547886 0.0485961 0.0422669 0.0359804 0.029881 0.024098 0.0187593 0.0139936 0.00991998 0.00662363 0.00412838
 0.0101682 0.0161118 0.0234915 0.0319951 0.0412116 0.0505599 0.0592147 0.0662349 0.0708827 0.072877 0.0723877 0.0698431 0.0657423 0.0605581 0.0546994 0.0484924 0.0421769 0.0359232 0.0298611 0.0241065 0.0187806 0.0140132 0.00992918 0.00662108 0.00411781
 0.0101417 0.0160723 0.0234387 0.031932 0.0411442 0.0504972 0.0591679 0.0662154 0.0708995 0.0729326 0.0724757 0.069948 0.065843 0.060634 0.0547373 0.0484912 0.0421479 0.0358848 0.0298298 0.0240911 0.0187801 0.0140204 0.00993635 0.00662358 0.00411522
 0.0101619 0.0161061 0.0234913 0.032008 0.0412462 0.0506231 0.0593094 0.0663588 0.071029 0.0730353 0.0725442 0.0699802 0.0658394 0.0605952 0.0546638 0.0483853 0.0420166 0.0357406 0.0296888 0.0239677 0.0186829 0.0139504 0.00988891 0.0065923 0.00409457
 0.0101243 0.0160453 0.0234011 0.0318846 0.0410906 0.0504445 0.0591269 0.0661991 0.070919 0.0729938 0.0725761 0.0700767 0.0659824 0.0607631 0.0548352 0.0485417 0.042145 0.035835 0.0297509 0.0240047 0.018704 0.013963 0.00989732 0.00659795 0.0040978
 0.0100702 0.0159617 0.0232833 0.0317309 0.0409027 0.0502277 0.0588909 0.0659603 0.0707005 0.0728225 0.0724773 0.0700676 0.0660661 0.0609274 0.055056 0.0487893 0.0423906 0.0360565 0.029935 0.0241474 0.0188083 0.0140358 0.00994612 0.00662924 0.00411669
 0.00990312 0.0157168 0.0229644 0.0313588 0.040509 0.0498452 0.0585461 0.0656709 0.0704785 0.0726769 0.072416 0.0700968 0.0661891 0.0611408 0.0553468 0.0491344 0.0427598 0.0364182 0.0302625 0.0244233 0.0190256 0.0141964 0.0100577 0.00670195 0.00416093
 0.00983231 0.0155989 0.0227828 0.0310994 0.0401669 0.0494328 0.0580984 0.0652414 0.0701233 0.0724371 0.0723068 0.07011 0.0663046 0.0613378 0.0556082 0.0494451 0.0431024 0.0367709 0.0306011 0.0247257 0.0192766 0.0143899 0.0101962 0.00679394 0.00421743
 0.00978917 0.0155355 0.022699 0.0309975 0.0400482 0.0492941 0.057932 0.0650404 0.0698907 0.0721918 0.0720817 0.0699413 0.0662187 0.0613438 0.0556994 0.0496058 0.0433137 0.0370131 0.0308538 0.0249685 0.0194916 0.0145651 0.0103273 0.0068838 0.00427381
 0.00953032 0.0151557 0.0222041 0.0304202 0.0394401 0.0487108 0.0574208 0.0646338 0.069606 0.0720325 0.0720418 0.0700113 0.0663904 0.0616105 0.056052 0.0500281 0.0437817 0.0374979 0.0313262 0.0254022 0.019866 0.0148675 0.0105544 0.00704137 0.00437415
 0.00945637 0.0150204 0.0219744 0.030061 0.0389287 0.0480566 0.056678 0.0638962 0.0689795 0.0715996 0.071838 0.0700251 0.066581 0.0619301 0.0564602 0.0504953 0.044285 0.0380151 0.031833 0.0258733 0.0202788 0.0152062 0.0108128 0.00722345 0.00449184
 0.0101771 0.0160305 0.0231945 0.0313132 0.0399825 0.0487067 0.056811 0.0635147 0.0681838 0.0705477 0.0707031 0.0689589 0.0656877 0.061257 0.0560061 0.0502302 0.0441698 0.0380128 0.0319106 0.0260008 0.0204281 0.0153532 0.0109397 0.00732113 0.00455917
 0.0109005 0.017145 0.0247496 0.0332932 0.0422879 0.05114 0.0590797 0.065275 0.069132 0.070526 0.0697577 0.0673153 0.0636617 0.059153 0.0540497 0.048548 0.0428045 0.0369533 0.03112 0.025434 0.02004 0.0151013 0.0107862 0.00723372 0.00451299
 0.0108773 0.0171957 0.024988 0.0338761 0.0433697 0.0528003 0.0612572 0.0677449 0.0715456 0.0724962 0.0709597 0.0675711 0.0629822 0.0577237 0.0521626 0.046511 0.040866 0.0352673 0.0297508 0.0243822 0.0192712 0.0145666 0.0104337 0.00701499 0.00438616
 0.0106362 0.0168469 0.0245488 0.0334056 0.0429723 0.0526189 0.061452 0.0684513 0.0728129 0.0742317 0.0729167 0.0694021 0.0643438 0.0583854 0.0520716 0.0457871 0.0397386 0.0339898 0.0285295 0.0233438 0.0184651 0.0139871 0.0100454 0.00677231 0.00424508
 0.0104343 0.0165219 0.0240681 0.0327481 0.0421421 0.0516639 0.0604801 0.06763 0.0723402 0.0742813 0.0735737 0.0706152 0.0659175 0.0600257 0.0534744 0.0467342 0.0401571 0.0339498 0.0281899 0.0228794 0.0180115 0.0136192 0.0097848 0.00660721 0.00415047
 0.0102395 0.0162281 0.0236676 0.032246 0.0415513 0.0509998 0.0597613 0.0668893 0.0716403 0.0737227 0.0732837 0.0707127 0.0664625 0.0609767 0.0546798 0.0479718 0.0412085 0.0346733 0.0285562 0.0229563 0.0179139 0.0134566 0.00963026 0.00649275 0.00407911
 0.0101541 0.0160903 0.0234626 0.0319624 0.0411846 0.0505567 0.0592628 0.0663682 0.0711339 0.0732679 0.0729192 0.0704876 0.0664377 0.0612073 0.0551825 0.0486962 0.0420366 0.0354561 0.0291694 0.0233424 0.0180893 0.0134857 0.00958649 0.00643141 0.00402863
 0.0102047 0.0161581 0.0235376 0.0320247 0.0412082 0.0505164 0.059141 0.0661594 0.0708467 0.0729233 0.0725487 0.0701301 0.0661383 0.0610152 0.0551435 0.0488359 0.0423419 0.0358677 0.0295976 0.0237014 0.0183293 0.0136041 0.00961535 0.00641343 0.00399754
 0.0101492 0.0160747 0.0234242 0.0318828 0.0410412 0.0503264 0.0589282 0.0659239 0.0705914 0.072658 0.0722906 0.0699026 0.0659673 0.0609267 0.0551602 0.0489741 0.0426034 0.0362314 0.0300167 0.0241134 0.0186768 0.0138543 0.00976727 0.00648908 0.00402643
 0.0100264 0.0158896 0.023173 0.0315723 0.0406875 0.0499521 0.0585593 0.065587 0.0703096 0.072446 0.0721533 0.0698373 0.0659697 0.0609951 0.0552978 0.0491862 0.0428924 0.0365898 0.0304214 0.0245264 0.0190542 0.0141605 0.00998611 0.00662596 0.0041009
 0.00995738 0.0157796 0.0230119 0.0313535 0.0404101 0.0496244 0.0582016 0.0652302 0.0699893 0.0721933 0.0719871 0.069762 0.0659784 0.0610755 0.0554384 0.0493799 0.043136 0.0368795 0.0307469 0.0248669 0.0193806 0.0144433 0.0102053 0.00677667 0.00419236
 0.0100692 0.0159316 0.0231856 0.0315124 0.0405095 0.0496266 0.0580893 0.0650112 0.0696923 0.071858 0.0716553 0.0694698 0.0657508 0.060925 0.0553662 0.0493802 0.0432009 0.0370008 0.0309148 0.0250669 0.0195922 0.014643 0.0103729 0.00690129 0.00427406
 0.0100351 0.0158916 0.0231525 0.031504 0.040539 0.0496906 0.0581607 0.0650456 0.0696465 0.0717122 0.0714232 0.0691935 0.0654835 0.0607124 0.0552356 0.0493395 0.0432431 0.0371109 0.0310746 0.0252572 0.0197927 0.0148334 0.0105359 0.00702656 0.00435995
 0.0101762 0.0161095 0.0234592 0.0319033 0.041026 0.0502502 0.0587641 0.0656454 0.0701764 0.0720958 0.0715919 0.0691084 0.0651508 0.0601843 0.054595 0.0486753 0.0426287 0.0365936 0.0306751 0.024975 0.0196133 0.0147343 0.0104918 0.00701431 0.00436201
 0.0101438 0.0160668 0.0234137 0.0318691 0.0410214 0.0502934 0.0588684 0.0658166 0.0704101 0.0723749 0.0718841 0.0693678 0.0653271 0.0602384 0.0545143 0.0484798 0.0423642 0.0363145 0.0304275 0.0247864 0.019491 0.0146699 0.010469 0.00701532 0.00437254
 0.010033 0.0159058 0.0232073 0.0316353 0.0407881 0.0500917 0.0587272 0.0657585 0.0704496 0.072515 0.0721143 0.0696625 0.0656472 0.0605374 0.0547478 0.048618 0.0424013 0.0362696 0.0303361 0.0246861 0.0194092 0.0146188 0.010447 0.00701318 0.00437998
 0.00993888 0.0157429 0.0229453 0.0312445 0.0402512 0.0494214 0.057978 0.0650237 0.0698387 0.0721223 0.0719933 0.0698175 0.0660397 0.061099 0.0553962 0.0492718 0.042994 0.0367606 0.0307137 0.024962 0.0196069 0.0147618 0.0105522 0.00709025 0.00443412
 0.0101364 0.016034 0.0233259 0.0316866 0.0407048 0.0498215 0.0582558 0.0651205 0.0697249 0.0718126 0.0715488 0.0693284 0.0655953 0.0607616 0.0551876 0.049177 0.0429751 0.0367744 0.0307267 0.024958 0.019586 0.0147334 0.0105265 0.00707284 0.00442541
 0.0106365 0.0168254 0.0244728 0.0332237 0.0426188 0.0520274 0.0605789 0.0673062 0.0714869 0.0729076 0.0718418 0.0688211 0.0644133 0.05911 0.0532963 0.047251 0.0411635 0.0351635 0.0293516 0.0238225 0.0186795 0.0140391 0.0100223 0.00673025 0.00421018
 0.0103943 0.0164857 0.0240647 0.0328157 0.0423093 0.0519233 0.0607693 0.0678369 0.0723383 0.0739823 0.0729755 0.0698214 0.0651153 0.0594244 0.0532276 0.0468808 0.0406118 0.0345475 0.0287589 0.0233036 0.0182544 0.0137096 0.00978074 0.00656426 0.00410453
 0.0100505 0.0159302 0.0232394 0.0316817 0.0408698 0.0502534 0.0590366 0.066288 0.0712422 0.0735487 0.073286 0.0708047 0.0665734 0.0610948 0.0548571 0.0482861 0.0417068 0.0353337 0.0292913 0.0236527 0.0184812 0.0138565 0.00987453 0.00662209 0.00413835
 0.0103723 0.0164065 0.023866 0.0324149 0.0416282 0.0509276 0.0595067 0.0664527 0.0710566 0.0730555 0.0726156 0.0701332 0.0660544 0.060802 0.0547676 0.0483076 0.0417306 0.0352828 0.0291423 0.0234288 0.0182282 0.0136182 0.00967895 0.00647894 0.00404387
 0.0102806 0.0162949 0.0237661 0.0323767 0.041702 0.0511375 0.0598289 0.0668132 0.0713525 0.0731928 0.0725469 0.06988 0.0657023 0.0604682 0.0545518 0.0482521 0.0418097 0.0354258 0.0292741 0.0235023 0.0182345 0.0135759 0.00961612 0.00641818 0.00399693
 0.0100497 0.0159354 0.0232577 0.0317189 0.0409232 0.0503027 0.0590394 0.0661888 0.0709941 0.0731418 0.0727679 0.0702798 0.0661768 0.0609466 0.0550145 0.0487158 0.0422939 0.0359263 0.0297579 0.0239251 0.0185632 0.0138021 0.00975374 0.00649229 0.00403231
 0.00994205 0.0157549 0.0229763 0.0313078 0.0403611 0.049588 0.0582043 0.0653065 0.0701718 0.0724987 0.0724029 0.0702416 0.0664482 0.0614541 0.05566 0.0494121 0.0429851 0.0365834 0.030363 0.0244585 0.0190041 0.0141375 0.00998583 0.00663755 0.00411447
 0.00925081 0.0147334 0.0216284 0.0297029 0.0386124 0.0478181 0.0565216 0.0638019 0.0689297 0.0716044 0.0719389 0.0702713 0.0669938 0.0624789 0.057065 0.0510542 0.044709 0.0382539 0.031882 0.0257657 0.0200698 0.0149565 0.0105741 0.0070291 0.0043542
 0.00879691 0.01407 0.0207696 0.0287132 0.0375923 0.0468767 0.0557499 0.0632551 0.068618 0.0714943 0.0719694 0.0703853 0.0671682 0.0627336 0.0574437 0.0515892 0.045395 0.0390439 0.032704 0.0265464 0.0207522 0.0155075 0.0109847 0.00731042 0.00453033
#obs surv len freq
 nan nan nan nan nan nan nan nan nan nan nan nan nan nan nan nan nan nan nan nan nan nan nan nan nan
 0.00448842 0.00735125 0.0111823 0.0159987 0.0216983 0.0279718 0.0342834 0.0400125 0.0446904 0.0481534 0.0505111 0.0520071 0.0528997 0.0534125 0.0537271 0.0539823 0.0542611 0.0545539 0.0546927 0.0542847 0.0527228 0.0493551 0.043805 0.0362852 0.0276691
 0.00461657 0.00756323 0.0115076 0.0164659 0.0223275 0.0287636 0.0352082 0.0410081 0.0456719 0.0490303 0.0512054 0.0524645 0.0530939 0.0533446 0.0534205 0.0534749 0.0535966 0.0537753 0.053839 0.0533928 0.0518318 0.0485082 0.0430473 0.035655 0.0271874
 0.00477932 0.00782894 0.0119098 0.017037 0.0230931 0.0297327 0.0363625 0.0422954 0.0470096 0.0503171 0.0523361 0.0533439 0.0536493 0.0535337 0.0532355 0.0529395 0.052758 0.0526945 0.0525832 0.0520329 0.0504434 0.0471721 0.0418438 0.0346503 0.0264182
 0.00496948 0.00813982 0.0123809 0.0177063 0.0239897 0.0308659 0.0377097 0.043798 0.0485805 0.0518552 0.0537394 0.0545166 0.0545054 0.0540027 0.0532701 0.0525226 0.0519069 0.0514585 0.0510392 0.0502795 0.0485968 0.0453602 0.0401926 0.0332625 0.0253516
 0.00518142 0.00848682 0.0129078 0.0184563 0.0249969 0.0321415 0.0392292 0.0454957 0.0503585 0.0536017 0.0553454 0.0558852 0.055553 0.0546584 0.0534757 0.0522372 0.0511144 0.0501769 0.0493274 0.0482406 0.0463748 0.0431274 0.0381254 0.0315077 0.0239946
 0.00540281 0.00885077 0.0134631 0.0192513 0.0260703 0.0335079 0.040864 0.0473297 0.0522872 0.0555048 0.0571057 0.0573993 0.0567349 0.0554376 0.0537946 0.0520498 0.0503895 0.0489083 0.0475488 0.0460408 0.0439037 0.0405852 0.0357304 0.0294496 0.02239
 0.00565082 0.00925459 0.0140722 0.0201127 0.02722 0.0349582 0.0425885 0.0492577 0.0543121 0.0575035 0.058957 0.058996 0.0579879 0.0562758 0.054162 0.0519017 0.049692 0.0476447 0.0457358 0.0437501 0.0412782 0.0378351 0.0331003 0.0271624 0.0205907
 0.00588737 0.00964396 0.0146671 0.0209651 0.0283711 0.0364219 0.0443356 0.051211 0.0563584 0.0595162 0.0608164 0.0605999 0.0592528 0.0571347 0.0545607 0.0517956 0.049045 0.0464343 0.0439678 0.0414818 0.0386398 0.0350327 0.0303863 0.0247768 0.0186975
 0.00612768 0.0100376 0.0152653 0.0218179 0.029518 0.0378777 0.0460741 0.0531587 0.0584038 0.0615301 0.0626735 0.0621919 0.0604945 0.0579631 0.0549302 0.0516715 0.0483986 0.0452454 0.0422385 0.0392594 0.0360417 0.0322538 0.0276741 0.0223748 0.0167781
 0.0063612 0.0104207 0.0158481 0.0226493 0.0306364 0.0392956 0.0477636 0.0550456 0.0603783 0.0634678 0.0644551 0.0637148 0.0616768 0.0587433 0.0552648 0.05153 0.0477591 0.0440941 0.0405796 0.0371357 0.033559 0.0295913 0.0250647 0.0200523 0.0149128
 0.00661685 0.0108369 0.0164754 0.0235347 0.031814 0.0407718 0.0495021 0.0569626 0.0623544 0.0653713 0.0661642 0.0651308 0.0627277 0.0593811 0.0554606 0.0512674 0.0470286 0.0428925 0.0389178 0.0350571 0.0311614 0.0270385 0.0225705 0.0178332 0.0131286
 0.00683582 0.0112023 0.0170426 0.0243601 0.0329423 0.0422168 0.0512272 0.0588763 0.0643252 0.0672559 0.067833 0.0664827 0.0636932 0.05992 0.0555554 0.0509158 0.0462361 0.0416698 0.0372861 0.0330633 0.0288975 0.0246525 0.0202535 0.0157784 0.0114783
 0.00708082 0.0115977 0.0176325 0.0251845 0.0340306 0.0435766 0.0528314 0.0606555 0.066173 0.0690443 0.0694331 0.0677818 0.0646074 0.0603997 0.0555829 0.0504976 0.0453926 0.0404284 0.0356828 0.0311531 0.0267705 0.0224431 0.0181297 0.0139077 0.0099824
 0.00728834 0.011944 0.0181697 0.0259646 0.0350926 0.0449274 0.0544284 0.0624045 0.0679466 0.070711 0.0708801 0.068924 0.0653854 0.0607761 0.0555408 0.0500392 0.0445368 0.0392074 0.0341409 0.0293527 0.0248014 0.0204286 0.0162165 0.0122377 0.00865549
 0.00743826 0.0121905 0.0185466 0.0265067 0.0358312 0.0458806 0.0555898 0.0637346 0.0693724 0.0721351 0.0721955 0.0700299 0.0662012 0.0612481 0.0556423 0.0497653 0.0438993 0.0382318 0.0328679 0.0278426 0.0231398 0.0187275 0.0146043 0.0108347 0.00754408
 0.00753216 0.0123434 0.0187775 0.0268346 0.0362728 0.0464471 0.0562817 0.0645395 0.0702648 0.0730781 0.0731413 0.0709201 0.0669689 0.0618251 0.0559692 0.0498002 0.0436222 0.0376455 0.0319978 0.026738 0.0218764 0.017405 0.0133353 0.00972293 0.00666042
 0.0075738 0.0124049 0.018859 0.0269342 0.0363898 0.0465858 0.056455 0.0647673 0.0705691 0.0734755 0.0736357 0.0714969 0.0675923 0.0624394 0.0565049 0.0501848 0.0437931 0.0375618 0.0316481 0.0261444 0.0210947 0.0165189 0.0124434 0.00891831 0.00600896
 0.00765368 0.0125285 0.0190327 0.0271585 0.0366576 0.046882 0.0567571 0.06505 0.0708133 0.0736769 0.0738079 0.0716654 0.0677807 0.0626563 0.0567349 0.0503892 0.0439179 0.0375522 0.0314643 0.0257752 0.0205641 0.0158841 0.0117818 0.00830793 0.00550767
 0.00772285 0.0126357 0.0191841 0.0273557 0.0368969 0.0471538 0.0570448 0.0653305 0.0710608 0.0738698 0.0739361 0.071734 0.0678092 0.0626704 0.0567553 0.0504202 0.0439421 0.0375339 0.0313624 0.0255599 0.0202316 0.0154616 0.0113212 0.00786871 0.00513849
 0.00778743 0.0127349 0.0193226 0.0275337 0.0371098 0.0473924 0.0572954 0.0655754 0.0712805 0.0740465 0.0740573 0.0717951 0.0678141 0.0626315 0.0566906 0.0503466 0.0438677 0.0374522 0.0312532 0.0253993 0.0200052 0.0151756 0.0110031 0.00755816 0.0048718
 0.00781435 0.0127774 0.019384 0.0276159 0.0372129 0.0475139 0.0574294 0.0657133 0.0714125 0.0741642 0.0741545 0.0718679 0.0678603 0.0626509 0.0566853 0.0503216 0.0438282 0.0374 0.0311831 0.0253004 0.0198674 0.0149984 0.0108 0.00735342 0.00469076
 0.00785127 0.0128307 0.0194518 0.0276925 0.0372908 0.0475864 0.0574936 0.0657695 0.0714631 0.0742114 0.0741988 0.0719083 0.0678946 0.062676 0.0566985 0.0503209 0.0438131 0.03737 0.0311365 0.0252332 0.0197756 0.014882 0.0106664 0.00721703 0.0045681
 0.00787236 0.0128646 0.019502 0.0277609 0.0373761 0.0476831 0.0575906 0.0658531 0.0715213 0.0742391 0.0741999 0.0718928 0.0678734 0.0626564 0.0566825 0.0503065 0.0437962 0.0373462 0.031102 0.0251847 0.0197108 0.0148015 0.0105752 0.00712426 0.00448433
 0.00787416 0.0128638 0.0194941 0.0277402 0.0373383 0.0476282 0.0575252 0.065789 0.071471 0.0742112 0.0741968 0.071912 0.0679109 0.0627087 0.0567463 0.0503774 0.0438678 0.0374111 0.0311527 0.0252153 0.0197182 0.0147861 0.0105416 0.00708046 0.00443941
 0.00788735 0.0128819 0.0195151 0.0277594 0.037349 0.0476234 0.0574995 0.0657406 0.0714039 0.0741351 0.0741254 0.0718588 0.0678849 0.0627122 0.056776 0.0504265 0.0439282 0.0374743 0.0312104 0.0252603 0.0197454 0.0147941 0.0105328 0.00706038 0.00441494
 0.00788385 0.0128736 0.0194976 0.0277273 0.0372971 0.0475487 0.0574034 0.0656296 0.071288 0.074026 0.0740349 0.0717975 0.067861 0.0627297 0.0568335 0.0505169 0.0440404 0.0375951 0.0313273 0.0253625 0.0198257 0.0148492 0.0105639 0.0070724 0.00441464
 0.00789433 0.012889 0.0195174 0.0277495 0.0373176 0.0475618 0.0574024 0.0656079 0.0712417 0.0739563 0.0739484 0.0717056 0.0677772 0.0626666 0.0568001 0.0505172 0.0440722 0.0376512 0.0313969 0.0254341 0.0198892 0.014898 0.0105958 0.00708911 0.00442037
 0.00792041 0.012926 0.0195632 0.0277984 0.0373622 0.0475951 0.0574194 0.0656063 0.0712207 0.0739161 0.0738906 0.0716337 0.0676976 0.0625886 0.0567341 0.0504721 0.0440536 0.0376592 0.0314266 0.0254768 0.0199351 0.0149388 0.0106266 0.00710852 0.00443026
 0.00784667 0.0128163 0.0194171 0.027622 0.0371667 0.0473933 0.0572242 0.0654303 0.0710769 0.0738163 0.0738438 0.0716433 0.0677601 0.0626946 0.0568714 0.0506291 0.0442208 0.0378295 0.0315933 0.0256327 0.0200727 0.0150521 0.0107123 0.0071676 0.00446691
 0.00784787 0.0128039 0.0193726 0.0275216 0.0369895 0.0471343 0.0569025 0.0650876 0.0707643 0.0735773 0.0737024 0.071603 0.0678102 0.0628176 0.0570477 0.0508397 0.0444485 0.0380594 0.0318134 0.0258337 0.0202472 0.0151948 0.0108211 0.00724406 0.00451591
 0.00781731 0.0127582 0.0193105 0.0274419 0.0368887 0.0470036 0.0567294 0.0648624 0.0704907 0.0732793 0.0734225 0.071389 0.0676984 0.0628221 0.0571593 0.0510338 0.0446944 0.0383281 0.0320809 0.0260817 0.0204632 0.0153714 0.010956 0.0073394 0.00457778
 0.00780551 0.0127343 0.0192659 0.0273671 0.0367758 0.0468513 0.0565454 0.0646611 0.0702868 0.0730833 0.0732403 0.0712286 0.0675754 0.0627575 0.0571721 0.0511306 0.0448661 0.0385526 0.0323303 0.0263293 0.0206881 0.01556 0.0111023 0.00744408 0.00464648
 0.00776646 0.0126734 0.0191791 0.0272515 0.0366301 0.0466759 0.0563433 0.0644405 0.0700616 0.0728718 0.0730616 0.0710977 0.0675008 0.0627427 0.0572185 0.0512392 0.0450346 0.0387715 0.0325817 0.0265897 0.0209336 0.0157719 0.01127 0.00756575 0.00472712
 0.0077329 0.012618 0.0190943 0.0271305 0.036469 0.0464764 0.0561154 0.0642012 0.0698316 0.0726698 0.0729016 0.0709882 0.0674466 0.062746 0.0572791 0.0513544 0.0451994 0.0389781 0.0328178 0.026838 0.021174 0.0159855 0.0114437 0.0076946 0.00481402
 0.00932501 0.0148456 0.0217805 0.0298882 0.0388131 0.0480036 0.0566464 0.0638082 0.0687555 0.071199 0.0712811 0.069386 0.0659599 0.0614226 0.0561374 0.0503974 0.0444217 0.0383695 0.0323637 0.0265191 0.0209664 0.0158624 0.0113788 0.00766521 0.00480349
 0.00932545 0.0151392 0.0227384 0.0319684 0.0423609 0.0529813 0.0624623 0.0694129 0.0730136 0.0733362 0.0711402 0.0673678 0.0627472 0.0576886 0.0523786 0.0469061 0.0413371 0.03574 0.0301921 0.0247851 0.0196348 0.014886 0.0107006 0.00722273 0.00453448
 0.00897988 0.014598 0.0219837 0.0310544 0.0414659 0.0524419 0.0627322 0.0709 0.0758344 0.077134 0.0751302 0.0706343 0.0646243 0.0579906 0.0513685 0.0450797 0.0391898 0.0336331 0.0283294 0.0232504 0.01844 0.0140048 0.0100871 0.00682222 0.00429123
 0.00879041 0.014281 0.0214913 0.0303402 0.0405042 0.0512607 0.0614551 0.0697724 0.0752015 0.0773443 0.0763788 0.0728187 0.0673148 0.0605696 0.0532791 0.0460366 0.0392345 0.0330331 0.0274151 0.0222918 0.0175993 0.0133486 0.00961931 0.00651481 0.00410481
 0.00872233 0.0141628 0.0212984 0.0300426 0.0400701 0.0506653 0.060694 0.0688795 0.0742672 0.0765272 0.0758937 0.0728812 0.0680471 0.0619092 0.0549581 0.0476684 0.0404712 0.033698 0.0275373 0.02204 0.0171772 0.0129161 0.00926398 0.0062629 0.00394601
 0.0087045 0.0141291 0.0212384 0.029942 0.0399115 0.050431 0.060369 0.0684559 0.0737502 0.0759452 0.0753104 0.0724032 0.0678106 0.0620372 0.0554966 0.0485391 0.0414797 0.0346081 0.0281697 0.022336 0.0171937 0.0127689 0.00906559 0.0060857 0.0038187
 0.00868788 0.0141023 0.0211981 0.0298846 0.0398325 0.0503246 0.0602284 0.0682735 0.0735194 0.0756631 0.0749837 0.0720566 0.0674945 0.0618266 0.0554729 0.048754 0.0419189 0.0351804 0.0287386 0.0227783 0.0174492 0.0128508 0.00903371 0.0060071 0.00374038
 0.00868397 0.0140977 0.0211942 0.0298833 0.0398351 0.0503299 0.0602313 0.0682646 0.073486 0.0755918 0.074864 0.0718852 0.0672816 0.0616007 0.0552814 0.048653 0.041951 0.0353507 0.0290048 0.0230654 0.0176839 0.0129928 0.00908493 0.00599749 0.00370537
 0.00867441 0.0140818 0.02117 0.0298492 0.039791 0.0502783 0.0601774 0.0682154 0.0734469 0.0755634 0.0748398 0.0718542 0.0672324 0.0615291 0.055196 0.048577 0.0419164 0.0353839 0.0291109 0.0232221 0.0178501 0.0131289 0.00916979 0.00603319 0.00370847
 0.00865339 0.0140488 0.0211226 0.0297861 0.0397123 0.0501864 0.0600777 0.0681163 0.0733591 0.075497 0.0748019 0.0718453 0.0672464 0.061555 0.0552233 0.0486018 0.0419444 0.0354283 0.0291836 0.023324 0.0179679 0.0132407 0.00925663 0.00608723 0.00373379
 0.00864639 0.014037 0.0211038 0.0297582 0.0396736 0.0501361 0.0600171 0.068049 0.0732903 0.075433 0.074749 0.0718088 0.0672294 0.061557 0.0552405 0.0486287 0.0419774 0.0354678 0.0292333 0.0233869 0.0180414 0.0133159 0.00932214 0.00613501 0.00376238
 0.00862685 0.0140079 0.021065 0.0297112 0.0396209 0.0500804 0.0599606 0.0679935 0.0732379 0.0753862 0.0747108 0.0717826 0.067218 0.0615622 0.055262 0.0486641 0.042023 0.0355202 0.0292906 0.0234482 0.018105 0.0133778 0.00937677 0.00617748 0.00379087
 0.0086182 0.0139934 0.0210427 0.0296792 0.0395785 0.0500289 0.0599042 0.0679381 0.0731897 0.0753493 0.0746863 0.0717693 0.0672142 0.0615671 0.0552757 0.0486871 0.0420551 0.0355601 0.0293364 0.0234976 0.0181555 0.0134264 0.00941983 0.00621192 0.00381526
 0.00862491 0.0140026 0.0210531 0.0296884 0.0395834 0.0500263 0.0598916 0.0679151 0.0731576 0.0753117 0.0746477 0.0717342 0.0671858 0.0615468 0.0552639 0.0486839 0.0420604 0.0355738 0.0293578 0.0235251 0.0181869 0.0134587 0.00944976 0.00623688 0.00383377
 0.00859979 0.0139664 0.0210074 0.0296373 0.0395324 0.0499802 0.059853 0.0678839 0.0731327 0.0752921 0.0746338 0.0717274 0.0671879 0.061559 0.055286 0.0487143 0.0420971 0.0356146 0.0294008 0.0235686 0.018229 0.0134973 0.00948297 0.00626325 0.00385285
 0.00859979 0.0139664 0.0210074 0.0296373 0.0395324 0.0499802 0.059853 0.0678839 0.0731327 0.0752921 0.0746338 0.0717274 0.0671879 0.061559 0.055286 0.0487143 0.0420971 0.0356146 0.0294008 0.0235686 0.018229 0.0134973 0.00948297 0.00626325 0.00385285
 0.00855959 0.0138986 0.0209014 0.0294837 0.0393269 0.0497296 0.0595787 0.0676198 0.0729164 0.0751527 0.0745845 0.0717642 0.0672951 0.0617161 0.0554728 0.0489135 0.0422951 0.0358013 0.0295693 0.0237148 0.0183509 0.0135946 0.00955675 0.00631588 0.00388776
 0.00861457 0.0139832 0.0210191 0.0296323 0.0394972 0.0499037 0.0597309 0.0677216 0.0729452 0.0751014 0.0744646 0.0716017 0.0671199 0.0615529 0.0553363 0.0488091 0.0422217 0.0357546 0.0295438 0.0237049 0.0183516 0.0136015 0.00956643 0.00632565 0.00389598
 0.00906113 0.0146923 0.0220513 0.0310227 0.0412366 0.0519164 0.061857 0.0697274 0.0745694 0.0761247 0.074767 0.0711841 0.0660888 0.0600811 0.0536191 0.047026 0.0405138 0.0342165 0.0282277 0.02263 0.0175137 0.0129804 0.00913139 0.00603994 0.0037215
 0.00878597 0.0143088 0.0215943 0.0305702 0.0408957 0.0517947 0.0620341 0.0702329 0.0753714 0.0771277 0.075825 0.0721319 0.0667836 0.0604393 0.0536321 0.0467512 0.0400471 0.0336614 0.0276712 0.0221316 0.0171043 0.0126686 0.00891024 0.00589419 0.00363264
 0.00851129 0.0138337 0.020833 0.0294431 0.039369 0.0499335 0.0600371 0.0684115 0.0740649 0.0765891 0.0761384 0.0731969 0.0683644 0.0622451 0.0553952 0.0482813 0.0412513 0.034534 0.0282626 0.0225138 0.0173452 0.0128195 0.00900487 0.00595304 0.0036682
 0.00879238 0.0142471 0.0213694 0.0300536 0.0399638 0.0503906 0.0602242 0.0682249 0.0734796 0.0756957 0.075134 0.0723205 0.0678054 0.0620752 0.0555582 0.048637 0.041644 0.0348476 0.0284458 0.0225725 0.0173179 0.0127514 0.00893089 0.00589217 0.00362614
 0.00867611 0.0141004 0.0212255 0.0299653 0.0399836 0.0505401 0.0604698 0.0684772 0.0736211 0.0756277 0.0748224 0.0718199 0.0672473 0.0616207 0.0553334 0.0486842 0.0419137 0.0352328 0.0288336 0.0228855 0.0175279 0.012869 0.00898428 0.00591002 0.00362863
 0.00854495 0.0138741 0.0208647 0.0294361 0.0392776 0.0496994 0.0595985 0.067721 0.0731142 0.0754341 0.0749099 0.0720864 0.0675814 0.0619579 0.0556748 0.0490721 0.0423853 0.0357845 0.0294171 0.0234323 0.0179814 0.0132034 0.00920546 0.00604235 0.00370091
 0.00859589 0.0139446 0.0209463 0.0295083 0.0393079 0.0496476 0.0594274 0.0674132 0.0726899 0.0749571 0.0744708 0.0717662 0.0674169 0.0619341 0.0557478 0.0492042 0.0425631 0.0360111 0.0296904 0.0237308 0.0182689 0.0134459 0.0093846 0.00615886 0.00376802
 0.00833981 0.0135508 0.0203963 0.0288021 0.0384656 0.0487094 0.058453 0.0664774 0.071872 0.0743275 0.0740825 0.0716531 0.0675924 0.0623842 0.0564263 0.0500374 0.0434677 0.0369147 0.0305408 0.0244932 0.0189189 0.0139671 0.00977236 0.00642342 0.00393226
 0.00876928 0.014203 0.02129 0.0299186 0.0397467 0.0500604 0.0597461 0.0675628 0.0726024 0.0745939 0.0738445 0.0709507 0.0665356 0.0611262 0.0551282 0.0488344 0.0424473 0.0361127 0.0299526 0.0240908 0.0186642 0.0138198 0.00969563 0.00638746 0.00391671
#pred catch len freq
 0.0051855 0.00812354 0.0116883 0.0157265 0.0201379 0.0248718 0.0298497 0.0349115 0.039841 0.0444289 0.0485131 0.0519897 0.0548126 0.0569822 0.0585199 0.0594375 0.0597211 0.059325 0.058157 0.0560484 0.0527406 0.0479556 0.0415792 0.033878 0.0255755
 0.00531612 0.00826264 0.0117667 0.0156467 0.0198143 0.0242868 0.0290889 0.034145 0.0392504 0.0441204 0.0484697 0.0520892 0.0548977 0.0569411 0.0583397 0.0592104 0.0596014 0.0594556 0.0585969 0.0567374 0.0535229 0.0486504 0.0420595 0.0341127 0.0256174
 0.00573972 0.00888716 0.0125821 0.0165881 0.0207634 0.0250876 0.0295774 0.0341956 0.0388311 0.0433261 0.0474987 0.0511592 0.0541483 0.0563876 0.0579072 0.0588169 0.0592288 0.059161 0.0584646 0.0568092 0.0537583 0.0489434 0.0422964 0.0342283 0.0256138
 0.00606724 0.00941095 0.0133528 0.0176426 0.022111 0.0266895 0.0313237 0.0358982 0.0402485 0.0442245 0.0477297 0.0507182 0.0531768 0.0551113 0.0565406 0.0574957 0.0580057 0.0580512 0.0574882 0.0559959 0.0531212 0.0484586 0.0419133 0.033901 0.0253236
 0.00635412 0.00985854 0.0139944 0.0185046 0.023218 0.0280659 0.032983 0.0378157 0.0423285 0.0462805 0.0494996 0.0519241 0.0536134 0.05472 0.0554268 0.0558776 0.0561273 0.0561125 0.0556229 0.0542848 0.051612 0.0471746 0.0408571 0.0330611 0.024683
 0.00667305 0.0103481 0.0146789 0.0193916 0.0243046 0.0293472 0.034456 0.0394756 0.0441573 0.0482291 0.0514636 0.0537284 0.0550232 0.0554931 0.055392 0.055 0.0545227 0.0540023 0.0532603 0.0518945 0.0493626 0.0451793 0.0391825 0.0317351 0.023699
 0.00705511 0.0109329 0.0154924 0.0204365 0.0255657 0.030799 0.0360663 0.0412048 0.0459585 0.05005 0.0532453 0.0553948 0.056464 0.0565539 0.0558901 0.0547717 0.0534873 0.0522064 0.0508771 0.0491776 0.0465836 0.0425753 0.0369269 0.0299257 0.022359
 0.00746262 0.0115581 0.0163647 0.0215612 0.026928 0.0323706 0.0378064 0.0430574 0.0478525 0.0519048 0.0549809 0.0569374 0.0577444 0.057496 0.0563967 0.0547244 0.052771 0.0507587 0.0487375 0.0465072 0.0436399 0.0396535 0.0342917 0.0277588 0.0207354
 0.00796249 0.0123183 0.0174123 0.02289 0.0285067 0.0341553 0.039746 0.0450894 0.0498987 0.0538724 0.0567709 0.0584566 0.0589145 0.058256 0.0566955 0.0545071 0.0519733 0.0493236 0.0466548 0.043859 0.0406206 0.0365438 0.0313922 0.0253118 0.0188688
