SBPRF35
7.76087
Curr Bio
708592
B35
517988
F35
0.213198
FOFL
0.213198
OFL
118858
Bzero
2.21739e+006
#pred survey bio
 3.79701e+006 3.5093e+006 3.2773e+006 2.9212e+006 2.67005e+006 2.4881e+006 2.27942e+006 2.06218e+006 1.83733e+006 1.56899e+006 1.34413e+006 1.16396e+006 996655 903145 844414 804140 744854 721785 701057 652568 592801 546561 514426 506937 517653 527265 525418 523544 535314 530473 510184 520154 534258 534241 524905 514050 513723 515630 541488 542246 539167 506525 512815 541052 562374 562322 575768 577093 592675 644798 686065 652614 552822 488902 532060 621130 680869 717763 1.66671e+007 1.50116e+007 1.49849e+007 1.52078e+007 1.55693e+007 1.59687e+007 1.63434e+007 1.66643e+007 1.69238e+007 1.71262e+007 1.72803e+007 1.7396e+007 1.74821e+007 1.75461e+007 1.75935e+007 1.76288e+007 1.7655e+007 1.76747e+007 1.76894e+007 1.77005e+007 1.7709e+007 1.77153e+007 1.77202e+007 1.77239e+007 1.77268e+007 1.77289e+007 1.77306e+007 1.77319e+007 1.77329e+007 1.77336e+007 1.77342e+007 1.77347e+007 1.7735e+007 1.77353e+007 1.77355e+007 1.77357e+007 1.77358e+007 1.77359e+007 1.7736e+007 1.7736e+007 1.77361e+007 1.77361e+007 1.77361e+007 1.77361e+007 1.77362e+007 1.77362e+007 1.77362e+007 1.77362e+007 1.77362e+007 1.77362e+007 1.77362e+007 1.77362e+007 1.77362e+007 1.77362e+007 1.77362e+007 1.77362e+007 1.77362e+007 1.77362e+007 1.77362e+007 1.77362e+007 1.77362e+007 1.77362e+007 1.77362e+007 1.77362e+007 1.77362e+007 1.77362e+007 1.77362e+007 1.77362e+007 1.77362e+007 1.77362e+007 1.77362e+007 1.77362e+007 1.77362e+007 1.77362e+007 1.77362e+007 1.77362e+007 1.77362e+007 1.77362e+007 1.77362e+007 1.77362e+007 1.77362e+007 1.77362e+007 1.77362e+007 1.77362e+007 1.77362e+007 1.77362e+007 1.77362e+007 1.77362e+007 1.77362e+007 1.77362e+007 1.77362e+007 1.77362e+007 1.77362e+007 1.77362e+007 1.77362e+007 1.77362e+007 1.77362e+007 1.77362e+007 1.77362e+007 1.77362e+007 0 0 0 0 0 0 0 0 0 0 0 0 0 0 0 0 0 0 0 0 0 0 0 0 0
#obs survey bio
 3.85962e+006 3.37871e+006 4.11734e+006 3.54171e+006 2.32392e+006 2.62142e+006 2.02771e+006 2.1445e+006 2.00224e+006 1.53501e+006 1.23087e+006 1.00803e+006 833870 739264 816659 845611 743939 793294 1.0205e+006 700665 701211 619719 511112 425745 494505 737038 360364 681707 524370 533162 483546 379144 615389 457171 526021 549343 584685 408033 545284 569851 473194 475826 415481 565357 681316 518117 550896 479281 398272 708964 768238 606198 527812 469852 509908 769230 830042 704039
#pred catch bio
 99595.1 91617.1 178730 214917 229814 278815 275570 308578 309029 268457 280924 291211 253828 239449 225260 234232 192974 166505 152559 143958 135931 122525 112430 114346 110979 111407 114364 94817.8 109425 98809 89060.7 94036 95455.3 98618.4 95403.9 91784.4 87582 88523 87211.3 81995.5 92997.1 88447.9 85978 94166.5 86433 88094 88271.4 90643.2 87148.3 83462.5 115395 119546 103381 48507.2 38939.1 84243.8 99759.6 133709 118858 116578 115155 115751 117697 120033 122229 124063 125484 126531 127274 127788 128137 128369 128522 128621 128686 128727 128754 128770 128781 128788 128792 128795 128797 128798 128798 128799 128799 128799 128799 128799 128799 128800 128800 128800 128800 128800 128800 128800 128800 128800 128800 128800 128800 128800 128800 128800 128800 128800 128800 128800 128800 128800 128800 128800 128800 128800 128800 128800 128800 128800 128800 128800 128800 128800 128800 128800 128800 128800 128800 128800 128800 128800 128800 128800 128800 128800 128800 128800 128800 128800 128800 128800 128800 128800 128800 128800 128800 128800 128800 128800 128800 128800 128800 128800 128800 128800 128800 128800 0 0 0 0 0 0 0 0 0 0 0 0 0 0 0 0 0 0 0 0 0 0 0 0 0
#obs catch bio
 0 91096.7 179275 215172 229697 279361 275125 309238 309082 267641 281189 291156 254161 240819 225844 234966 193707 166450 152155 143698 136074 122396 112270 115022 110992 111164 114772 94479.2 109871 98507.5 89048 94242.2 95349.5 98654.4 95372.3 91909.3 87422.1 88861.5 87113.6 81862.2 92931.7 88555.7 86018.9 94444 86184.2 88206.8 88151.1 90657.2 87384.6 83194 115555 119418 103830 48377.1 38663.7 84705.4 99539.6 133993
#pred cpue bio
 3.75548e+006 3.47106e+006 3.24049e+006 2.88663e+006 2.63653e+006 2.45477e+006 2.2465e+006 2.02997e+006 1.806e+006 1.53972e+006 1.31682e+006 1.13797e+006 972047 878751 819693 778981 719854 696596 676187 629179 571229 526400 495319 487966 498200 507624 505966 504019 515651 511046 491638 501363 515085 515332 506512 496035 494665 494820 518692 519608 517064 485754 491688 518852 539389 539535 552406 553778 568617 618569 658544 625964 529311 467206 509502 597113 655409 690422 1.60051e+007 1.44178e+007 1.43409e+007 1.45206e+007 1.48721e+007 1.52698e+007 1.56444e+007 1.59652e+007 1.62248e+007 1.64271e+007 1.65812e+007 1.66969e+007 1.67831e+007 1.6847e+007 1.68945e+007 1.69297e+007 1.6956e+007 1.69756e+007 1.69904e+007 1.70015e+007 1.70099e+007 1.70163e+007 1.70212e+007 1.70249e+007 1.70277e+007 1.70299e+007 1.70315e+007 1.70328e+007 1.70338e+007 1.70346e+007 1.70352e+007 1.70356e+007 1.7036e+007 1.70362e+007 1.70364e+007 1.70366e+007 1.70367e+007 1.70368e+007 1.70369e+007 1.70369e+007 1.7037e+007 1.7037e+007 1.70371e+007 1.70371e+007 1.70371e+007 1.70371e+007 1.70371e+007 1.70371e+007 1.70371e+007 1.70371e+007 1.70371e+007 1.70371e+007 1.70371e+007 1.70371e+007 1.70371e+007 1.70371e+007 1.70371e+007 1.70371e+007 1.70371e+007 1.70371e+007 1.70371e+007 1.70371e+007 1.70371e+007 1.70371e+007 1.70371e+007 1.70371e+007 1.70371e+007 1.70371e+007 1.70371e+007 1.70371e+007 1.70371e+007 1.70371e+007 1.70371e+007 1.70371e+007 1.70371e+007 1.70371e+007 1.70371e+007 1.70371e+007 1.70371e+007 1.70371e+007 1.70371e+007 1.70371e+007 1.70371e+007 1.70371e+007 1.70371e+007 1.70371e+007 1.70371e+007 1.70371e+007 1.70371e+007 1.70371e+007 1.70371e+007 1.70371e+007 1.70371e+007 1.70371e+007 1.70371e+007 1.70371e+007 1.70371e+007 1.70371e+007 1.70371e+007 1.70371e+007 0 0 0 0 0 0 0 0 0 0 0 0 0 0 0 0 0 0 0 0 0 0 0 0 0
#obs cpue bio
 3.85183e+006 3.56124e+006 3.09311e+006 1.99822e+006 2.88826e+006 2.31125e+006 2.86868e+006 1.60051e+006 1.98056e+006 1.73015e+006 1.22435e+006 1.5037e+006 970152 835204 883520 789648 590734 738068 548468 591168 428368 510440 499848 386406 664996 427973 575573 468901 415813 731915 401108 622730 546115 572947 517953 407734 540140 411377 738087 456075 698763 413257 578608 466273 603765 454094 701948 637916 618666 712197 596454 782241 509266 434208 556119 445315 653150 647304
#pred surv len freq
 0.00427257 0.0070423 0.0107947 0.0155717 0.0212838 0.0276156 0.0340127 0.0398363 0.0446117 0.0481813 0.0506632 0.0522979 0.0533172 0.0538942 0.0541464 0.0541615 0.0540224 0.053807 0.053529 0.053021 0.0518338 0.0492881 0.0447625 0.0381108 0.0299223
 0.00452981 0.00738285 0.0111662 0.015884 0.0214418 0.0275668 0.0337784 0.0395023 0.0442813 0.0479213 0.0504814 0.0521618 0.0531989 0.0538056 0.0541445 0.0543194 0.0543823 0.0543391 0.0541188 0.0534974 0.0520338 0.049128 0.0442767 0.0374338 0.0292238
 0.00458067 0.0075187 0.0114625 0.0164268 0.0222857 0.0286813 0.035019 0.0406409 0.0450948 0.0482866 0.0504148 0.0517818 0.0526502 0.0532029 0.0535629 0.0538134 0.0539969 0.0540934 0.0539782 0.0533663 0.0517874 0.0486738 0.0436082 0.0366375 0.0284352
 0.00473549 0.00775679 0.0118 0.0168812 0.0228859 0.0294726 0.0360495 0.0419242 0.0465629 0.0497706 0.0516796 0.0526106 0.0529294 0.0529549 0.0529143 0.0529304 0.0530289 0.0531427 0.0530871 0.0525171 0.0509226 0.047739 0.0425973 0.0356113 0.0274955
 0.00490501 0.0080421 0.012246 0.0175323 0.0237734 0.0305988 0.0373781 0.0433873 0.0480823 0.0512723 0.0530858 0.0538169 0.0537989 0.0533517 0.052761 0.0522473 0.0519274 0.0517769 0.051597 0.0509928 0.0494032 0.0462405 0.0411499 0.0342774 0.0263557
 0.00505954 0.00829892 0.0126437 0.0181127 0.0245753 0.0316471 0.0386691 0.0448796 0.0496979 0.0529105 0.0546408 0.0551903 0.054899 0.0540866 0.0530392 0.0519996 0.0511393 0.0505073 0.0499654 0.0491422 0.0474658 0.0443263 0.0393551 0.0326924 0.0250564
 0.00528381 0.00866392 0.0131939 0.0188899 0.0256114 0.0329522 0.0402193 0.0466127 0.0515216 0.0547186 0.0563279 0.0566598 0.0560655 0.0548744 0.0533798 0.0518323 0.0504215 0.049236 0.048196 0.0469926 0.0450997 0.0419273 0.0371007 0.0307316 0.0234878
 0.00546007 0.00896205 0.0136641 0.0195862 0.0265809 0.0342171 0.0417604 0.0483634 0.0533804 0.0565705 0.0580639 0.058186 0.0573032 0.0557553 0.0538416 0.0518159 0.0498755 0.0481305 0.0465444 0.0448727 0.0426605 0.0393733 0.0346559 0.0285927 0.0217836
 0.00565313 0.0092891 0.0141811 0.0203545 0.0276555 0.0356272 0.0434891 0.0503388 0.0554843 0.0586608 0.0599992 0.0598445 0.0585923 0.0566127 0.0542264 0.0516976 0.0492256 0.0469264 0.0447888 0.042621 0.0400437 0.0365975 0.0319687 0.0262263 0.0198958
 0.00593204 0.00973401 0.0148357 0.021256 0.0288309 0.0370864 0.0452136 0.0522742 0.0575404 0.0607213 0.0619359 0.0615316 0.0599201 0.0574968 0.0546115 0.0515515 0.0485304 0.045674 0.0429892 0.0403261 0.0373734 0.0337492 0.0291925 0.0237668 0.0179264
 0.00608218 0.0100011 0.0152795 0.0219449 0.0298245 0.0384102 0.0468377 0.0541114 0.0594691 0.0626182 0.0636975 0.0630766 0.0611789 0.0584029 0.0551006 0.051567 0.0480293 0.0446315 0.0414081 0.0382526 0.0349184 0.031097 0.0265807 0.0214337 0.0160463
 0.0062249 0.0102583 0.0157142 0.0226332 0.0308415 0.039804 0.0486021 0.0561718 0.0616886 0.0648231 0.0657112 0.0647513 0.0624159 0.0591546 0.0553552 0.0513267 0.0472946 0.0434001 0.0396881 0.036087 0.0324097 0.0284189 0.0239596 0.0190987 0.0141664
 0.00654469 0.0107692 0.0164671 0.0236718 0.0321972 0.0414862 0.0505846 0.0583818 0.0640073 0.0670969 0.0677722 0.0664397 0.0636039 0.0597647 0.0553653 0.0507589 0.0461934 0.0418135 0.0376643 0.0336898 0.0297447 0.0256494 0.0212951 0.0167503 0.0122881
 0.00677367 0.01115 0.0170551 0.024522 0.0333508 0.0429509 0.0523183 0.0602919 0.0659709 0.0689898 0.0694871 0.0678873 0.0647043 0.0604441 0.0555634 0.0504408 0.0453568 0.0404862 0.035899 0.0315648 0.0273734 0.023188 0.0189324 0.0146717 0.0106273
 0.00698355 0.011491 0.0175686 0.0252474 0.0343193 0.0441749 0.053778 0.0619272 0.0676857 0.0706676 0.0710114 0.0691591 0.0656514 0.0610192 0.0557362 0.0501909 0.044673 0.0393734 0.0343874 0.0297191 0.0252993 0.0210318 0.0168655 0.0128577 0.00918129
 0.0071083 0.0117036 0.0179065 0.0257515 0.0350249 0.0450981 0.054903 0.063203 0.0690359 0.0720062 0.0722558 0.0702358 0.0664973 0.0615831 0.0559801 0.0500894 0.044212 0.038551 0.0332203 0.0282535 0.0236204 0.0192647 0.0151594 0.0113548 0.00798129
 0.00737792 0.0121305 0.0185275 0.0265924 0.0360954 0.0463838 0.056356 0.0647388 0.0705426 0.0733657 0.0733663 0.0710276 0.066938 0.0616724 0.0557381 0.0495436 0.0433879 0.0374703 0.0319072 0.0267472 0.021988 0.0176052 0.013593 0.00999616 0.00690847
 0.00753479 0.0123628 0.0188355 0.0269642 0.0365133 0.0468348 0.0568388 0.0652631 0.0711209 0.0740018 0.0740453 0.0717116 0.0675686 0.0621824 0.0560654 0.0496424 0.0432331 0.037056 0.0312455 0.0258699 0.0209516 0.0164926 0.0125045 0.00902907 0.00613222
 0.00760495 0.0124649 0.0189666 0.0271122 0.0366592 0.0469576 0.0569222 0.0653039 0.0711368 0.0740334 0.0741473 0.071932 0.0679256 0.0626498 0.0565762 0.0501073 0.0435649 0.0371888 0.0311456 0.0255393 0.0204274 0.015842 0.0118131 0.00838276 0.00559612
 0.00766193 0.0125507 0.0190824 0.0272535 0.036815 0.0471112 0.0570527 0.0653898 0.0711632 0.0740008 0.074078 0.0718682 0.0679182 0.0627387 0.0567716 0.0503804 0.0438533 0.0374156 0.0312426 0.025467 0.0201855 0.0154679 0.0113709 0.00794335 0.00521765
 0.00765225 0.0125534 0.0191199 0.0273557 0.0370093 0.0474067 0.0574285 0.0657948 0.0715306 0.0742697 0.0742118 0.0718646 0.067807 0.0625722 0.0566071 0.0502605 0.0437901 0.0373868 0.0312029 0.025369 0.0200008 0.0151998 0.0110516 0.00762024 0.00493454
 0.00771107 0.0126382 0.0192287 0.0274829 0.0371516 0.0475694 0.0576266 0.0660449 0.071835 0.074604 0.074525 0.0720956 0.0679092 0.0625327 0.0564503 0.0500355 0.0435486 0.0371631 0.0310034 0.0251779 0.0197958 0.0149691 0.0108028 0.00737634 0.004722
 0.00783792 0.012821 0.0194598 0.0277395 0.0374007 0.0477784 0.0577733 0.0661243 0.0718608 0.0746039 0.074529 0.0721206 0.067949 0.0625608 0.0564356 0.0499604 0.0434178 0.0369971 0.0308249 0.0249994 0.019618 0.0147888 0.0106217 0.00720434 0.00457304
 0.00779745 0.0127787 0.0194384 0.0277707 0.0375127 0.0479774 0.0580319 0.0663867 0.0720658 0.0747123 0.0745403 0.0720677 0.0678771 0.062504 0.0564034 0.0499402 0.0433885 0.0369435 0.0307437 0.0248962 0.0195011 0.014665 0.0104975 0.00708754 0.00447227
 0.00776402 0.012724 0.019357 0.027662 0.0373861 0.0478572 0.0579559 0.0663945 0.072179 0.0749179 0.0747911 0.0723036 0.0680531 0.0626062 0.0564458 0.0499466 0.0433764 0.0369181 0.0307029 0.0248377 0.0194265 0.0145798 0.0104092 0.00700434 0.00440101
 0.00775843 0.0127007 0.0192961 0.0275373 0.0371737 0.0475483 0.057569 0.065979 0.0718057 0.0746594 0.0746988 0.0723902 0.0682892 0.0629337 0.056801 0.0502811 0.0436643 0.0371516 0.0308823 0.0249657 0.019507 0.0146192 0.0104171 0.00699199 0.0043795
 0.00782574 0.0127963 0.0194134 0.0276587 0.0372719 0.0475909 0.0575254 0.0658289 0.0715494 0.0743257 0.0743438 0.0720833 0.0680908 0.0628744 0.0568731 0.0504467 0.0438738 0.0373615 0.0310642 0.0251066 0.0196045 0.0146774 0.0104439 0.00699711 0.00437265
 0.00790234 0.0129232 0.0196074 0.0279334 0.0376299 0.0480142 0.0579687 0.066223 0.0718178 0.0744092 0.0742213 0.0717797 0.0676696 0.0624177 0.0564569 0.0501205 0.0436521 0.0372297 0.0309933 0.0250676 0.019577 0.0146511 0.0104162 0.00696974 0.00434837
 0.00777042 0.0127113 0.0192952 0.0275086 0.0370968 0.0474034 0.0573418 0.065664 0.0714098 0.0742049 0.074226 0.0719563 0.0679602 0.062769 0.0568354 0.0505127 0.044054 0.0376346 0.0313854 0.0254247 0.0198787 0.0148856 0.0105828 0.00707735 0.00441115
 0.00781817 0.0127828 0.0193905 0.0276213 0.0372129 0.0475016 0.0573962 0.0656518 0.0713207 0.074049 0.0740327 0.0717624 0.0677955 0.0626468 0.0567552 0.0504691 0.0440441 0.0376581 0.0314405 0.0255034 0.019967 0.0149685 0.0106494 0.00712362 0.00443893
 0.00793633 0.012942 0.0195694 0.0277804 0.0373061 0.0474941 0.0572791 0.065443 0.0710549 0.0737642 0.0737612 0.0715296 0.0676204 0.0625419 0.0567233 0.0505025 0.044128 0.0377758 0.0315772 0.0256465 0.020105 0.0150908 0.010748 0.00719511 0.00448528
 0.00783866 0.0128131 0.0194288 0.02766 0.0372352 0.0474795 0.0572939 0.0654356 0.0709763 0.0735963 0.073528 0.0712851 0.0674228 0.0624316 0.056715 0.050589 0.0442882 0.0379833 0.0318059 0.025874 0.0203138 0.0152687 0.0108882 0.00729672 0.00455227
 0.007733 0.012649 0.0191982 0.0273656 0.0368952 0.0471311 0.0569895 0.0652293 0.0709004 0.0736428 0.0736509 0.0714241 0.0675355 0.0625107 0.0567823 0.0506752 0.0444145 0.0381531 0.0320072 0.0260871 0.0205183 0.015448 0.0110325 0.00740292 0.00462348
 0.00764897 0.0125133 0.0189962 0.0270857 0.0365333 0.0466967 0.0565124 0.0647607 0.0705049 0.0733815 0.0735609 0.0715055 0.0677513 0.0628038 0.0570995 0.0509847 0.0447081 0.0384359 0.0322842 0.0263552 0.0207667 0.0156638 0.011206 0.007531 0.00470976
 0.00771994 0.0126068 0.019096 0.0271626 0.0365518 0.0466271 0.0563414 0.0644964 0.0701752 0.0730285 0.073234 0.0712513 0.0676031 0.0627717 0.0571687 0.051124 0.0448845 0.0386254 0.0324746 0.0265409 0.0209424 0.0158218 0.0113384 0.00763263 0.00478062
 0.00844704 0.0136407 0.0203767 0.0285383 0.0378189 0.0475958 0.0568911 0.0645938 0.0698597 0.0723853 0.0723704 0.0702802 0.066629 0.0618784 0.0564099 0.0505211 0.0444315 0.0383004 0.032251 0.0263952 0.020856 0.0157792 0.011325 0.00763556 0.00478982
 0.00914736 0.0147552 0.0219994 0.0307133 0.0405002 0.0506035 0.0598926 0.0671512 0.0715529 0.0729562 0.0718058 0.0687878 0.0645347 0.0595138 0.0540408 0.0483243 0.0425039 0.0366791 0.0309347 0.0253617 0.0200734 0.0152116 0.0109346 0.0073835 0.00463854
 0.00912273 0.0148147 0.0222722 0.0313792 0.0417404 0.0525208 0.0624356 0.0700852 0.0744949 0.0754645 0.0734901 0.0694083 0.0640586 0.0581077 0.0520032 0.0459896 0.0401607 0.0345285 0.0290875 0.023858 0.0189075 0.0143511 0.0103331 0.0069886 0.00439713
 0.00881267 0.014357 0.0216764 0.0307028 0.041097 0.0520782 0.0623968 0.0706402 0.0757448 0.0773464 0.0757514 0.0716591 0.0658882 0.0592125 0.0522687 0.0454976 0.03913 0.0332255 0.027749 0.0226483 0.0179124 0.0135938 0.0097965 0.0066345 0.00418046
 0.00874385 0.0142031 0.0213705 0.0301663 0.0402722 0.0509757 0.0611343 0.0694435 0.0748986 0.0771091 0.0762662 0.072895 0.067633 0.0611273 0.0539891 0.0467439 0.0397803 0.0333234 0.0274505 0.0221458 0.0173702 0.0131174 0.00943171 0.0063843 0.0040249
 0.00861248 0.0140081 0.0211085 0.0298383 0.0398729 0.0504839 0.0605167 0.0686799 0.074022 0.0762358 0.0755882 0.0726234 0.067913 0.0619652 0.055233 0.0481323 0.0410352 0.0342449 0.0279679 0.0223088 0.0172972 0.0129355 0.0092359 0.00622488 0.00391599
 0.00870563 0.0141423 0.0212788 0.0300294 0.0400634 0.0506514 0.0606383 0.0687276 0.0739587 0.0760232 0.0752124 0.072126 0.0674024 0.0615883 0.0551119 0.0483014 0.0414202 0.0346979 0.0283383 0.0225064 0.0173142 0.0128254 0.00907263 0.00606787 0.00379593
 0.0087025 0.0141506 0.0213151 0.0301144 0.0402136 0.0508666 0.0608944 0.0689787 0.0741509 0.0761111 0.075169 0.071947 0.0671096 0.0612343 0.0547765 0.0480688 0.0413428 0.0347684 0.0284928 0.0226591 0.0174009 0.0128273 0.00901091 0.0059803 0.00371427
 0.00862402 0.0140274 0.0211391 0.0298851 0.0399417 0.0505787 0.0606321 0.0687903 0.0740745 0.0761566 0.0753122 0.0721386 0.0672961 0.0613783 0.0548698 0.0481331 0.041416 0.0348821 0.0286521 0.0228386 0.0175604 0.0129355 0.00905979 0.00598352 0.00369427
 0.00869339 0.0141201 0.0212416 0.0299721 0.0399833 0.0505518 0.0605309 0.0686305 0.073889 0.0759857 0.0751903 0.0720828 0.0673008 0.0614196 0.0549183 0.048169 0.0414376 0.0349027 0.0286876 0.022894 0.0176257 0.012993 0.00909574 0.00599533 0.00368895
 0.00876044 0.0142105 0.0213425 0.0300584 0.0400224 0.0505128 0.0603946 0.0683963 0.0735779 0.0756392 0.0748633 0.0718306 0.0671628 0.0614076 0.0550146 0.0483364 0.0416355 0.0351006 0.0288699 0.0230556 0.0177644 0.0131049 0.00917722 0.00604646 0.00371512
 0.00869353 0.0141307 0.0212745 0.0300394 0.0400871 0.0506721 0.060621 0.0686276 0.0737404 0.0756781 0.074764 0.0716217 0.0669018 0.0611586 0.0548275 0.0482347 0.0416159 0.0351419 0.0289455 0.0231432 0.0178489 0.0131774 0.009233 0.00608426 0.00373695
 0.00878973 0.0142488 0.0213838 0.0300935 0.0400439 0.0505206 0.0603969 0.0684026 0.0735865 0.0756295 0.0748021 0.0716919 0.0669494 0.0611573 0.0547864 0.0481847 0.0415884 0.0351538 0.0289958 0.0232184 0.0179321 0.0132545 0.00929529 0.00612882 0.00376507
 0.00888836 0.0144099 0.0216248 0.0304232 0.0404523 0.0509677 0.0608118 0.0687006 0.0737032 0.0755518 0.0745734 0.0713853 0.0666293 0.0608564 0.0545098 0.0479288 0.0413566 0.0349578 0.0288471 0.0231204 0.0178781 0.0132318 0.00929055 0.00613164 0.00376931
 0.00883406 0.0143334 0.0215323 0.0303299 0.0403803 0.0509408 0.0608473 0.0688013 0.0738513 0.0757104 0.0746993 0.0714483 0.0666254 0.0608059 0.0544415 0.0478645 0.0413054 0.0349209 0.0288247 0.0231133 0.0178857 0.0132503 0.00931378 0.00615365 0.00378642
 0.00876394 0.0142098 0.0213299 0.0300237 0.0399562 0.0504113 0.0602622 0.0682436 0.0734151 0.0754696 0.0746824 0.0716333 0.0669541 0.0612087 0.05486 0.048262 0.041665 0.0352373 0.0290971 0.0233426 0.0180735 0.013399 0.00942637 0.00623389 0.00383942
 0.008916 0.0144614 0.0217139 0.0305651 0.0406577 0.0512345 0.0611178 0.069004 0.0739518 0.0756991 0.0745935 0.0712806 0.0664271 0.0605971 0.0542322 0.0476615 0.0411169 0.0347564 0.0286919 0.0230165 0.0178246 0.0132199 0.00930582 0.00615861 0.00379608
 0.00919111 0.0148935 0.0223354 0.0313948 0.0416952 0.0524523 0.0624505 0.0703423 0.0751511 0.0766044 0.0750758 0.0712721 0.0659402 0.05972 0.0531006 0.0464202 0.0398888 0.0336274 0.0277123 0.0222085 0.0171907 0.0127487 0.00897601 0.00594289 0.00366523
 0.00920226 0.0149511 0.022494 0.0317268 0.0422699 0.0533036 0.0635501 0.071596 0.0764211 0.0777439 0.0759569 0.0717994 0.066059 0.0594227 0.0524327 0.0454751 0.0387884 0.032496 0.0266521 0.021288 0.0164437 0.0121805 0.00857153 0.00567466 0.00350056
 0.00859575 0.0139919 0.0211077 0.0298824 0.040009 0.0507735 0.0610205 0.0694282 0.0749788 0.0772779 0.0765249 0.0732598 0.068129 0.0617664 0.0547408 0.0475202 0.0404488 0.033748 0.0275414 0.0218925 0.0168432 0.0124401 0.00873775 0.00577855 0.00356297
 0.0082969 0.0134569 0.0202142 0.0284932 0.0380134 0.0481514 0.057902 0.0661107 0.0718813 0.0748476 0.0751298 0.0731024 0.0692012 0.0638573 0.0574976 0.0505409 0.0433748 0.0363274 0.0296481 0.0235078 0.0180182 0.0132563 0.00928013 0.00612203 0.00376854
 0.00860559 0.0139161 0.0208197 0.0291964 0.0387131 0.0486932 0.0580934 0.0657624 0.070877 0.0732167 0.0730806 0.0709854 0.06741 0.0627086 0.05714 0.0509275 0.0443039 0.0375271 0.0308652 0.0245676 0.0188404 0.0138372 0.00965941 0.00635311 0.00390053
 0.008619 0.013999 0.0210541 0.0296868 0.0395471 0.0498832 0.0595287 0.0672053 0.0720162 0.0737591 0.0728452 0.0699668 0.0657907 0.0608131 0.0553403 0.049531 0.0434694 0.037242 0.0309888 0.0249092 0.0192326 0.0141753 0.00990326 0.00650675 0.00398705
#obs surv len freq
 nan nan nan nan nan nan nan nan nan nan nan nan nan nan nan nan nan nan nan nan nan nan nan nan nan
 0.00448226 0.00734269 0.0111721 0.0159884 0.02169 0.0279669 0.0342825 0.0400151 0.0446954 0.0481595 0.0505172 0.0520126 0.0529043 0.0534162 0.05373 0.0539846 0.0542629 0.0545555 0.0546942 0.054286 0.052724 0.0493562 0.0438059 0.036286 0.0276697
 0.00461404 0.00755799 0.0114978 0.0164493 0.0223028 0.0287311 0.0351713 0.0409722 0.0456428 0.0490123 0.0511995 0.0524691 0.053106 0.0533609 0.0534388 0.0534939 0.0536158 0.0537943 0.0538578 0.0534114 0.0518497 0.0485249 0.0430621 0.0356672 0.0271968
 0.00478127 0.00783152 0.0119125 0.0170387 0.0230919 0.0297265 0.0363491 0.0422736 0.0469802 0.0502836 0.0523039 0.0533187 0.0536347 0.0535306 0.0532423 0.0529531 0.0527755 0.0527137 0.052603 0.0520526 0.0504624 0.0471898 0.0418595 0.0346632 0.026428
 0.00496334 0.00813184 0.0123725 0.0176999 0.0239879 0.0308699 0.0377184 0.043808 0.048587 0.051854 0.0537287 0.0544978 0.0544828 0.0539818 0.0532554 0.0525165 0.0519091 0.0514671 0.0510517 0.0502938 0.0486114 0.0453741 0.0402049 0.0332727 0.0253593
 0.005175 0.00847573 0.0128901 0.0184303 0.0249621 0.0320997 0.0391852 0.0454562 0.0503298 0.0535868 0.0553427 0.0558898 0.05556 0.0546648 0.053482 0.052246 0.0511285 0.0501978 0.0493548 0.0482725 0.0464086 0.0431604 0.0381551 0.0315325 0.0240136
 0.00540792 0.00885794 0.0134717 0.0192599 0.0260763 0.0335089 0.0408576 0.0473149 0.0522652 0.0554791 0.0570811 0.0573801 0.0567226 0.0554311 0.0537914 0.0520482 0.0503895 0.0489113 0.0475563 0.046053 0.0439196 0.0406028 0.0357475 0.0294645 0.0224015
 0.00564761 0.00924952 0.0140648 0.0201026 0.0272068 0.0349413 0.0425675 0.0492321 0.0542823 0.0574705 0.0589235 0.0589659 0.0579652 0.0562637 0.0541615 0.0519116 0.0497098 0.0476681 0.0457638 0.0437818 0.0413126 0.0378701 0.0331333 0.0271909 0.0206129
 0.00588697 0.00964271 0.0146641 0.0209593 0.0283612 0.0364074 0.0443166 0.0511886 0.0563338 0.0594905 0.0607905 0.0605747 0.0592299 0.0571164 0.0545496 0.0517939 0.0490532 0.0464516 0.0439926 0.041512 0.0386733 0.0350671 0.0304189 0.0248051 0.0187198
 0.00613221 0.0100437 0.015272 0.0218234 0.0295202 0.0378744 0.046064 0.0531416 0.0583808 0.061503 0.0626447 0.0621636 0.0604687 0.0579413 0.0549139 0.0516622 0.0483976 0.0452536 0.0422554 0.0392836 0.0360708 0.0322849 0.0277043 0.0224012 0.0167991
 0.00638101 0.0104523 0.0158946 0.0227124 0.0307158 0.0393877 0.0478605 0.0551358 0.0604496 0.0635103 0.0644643 0.0636919 0.0616274 0.0586756 0.0551871 0.05145 0.0476828 0.0440259 0.040522 0.0370897 0.033524 0.0295659 0.0250472 0.0200407 0.0149056
 0.00663136 0.0108623 0.0165171 0.0235985 0.0319045 0.0408902 0.0496432 0.0571148 0.0625011 0.0654946 0.0662491 0.065168 0.0627148 0.0593232 0.0553675 0.0511518 0.0469029 0.0427674 0.0388009 0.0349533 0.031073 0.0269662 0.0225139 0.0177911 0.0130991
 0.00683872 0.0112069 0.0170495 0.0243704 0.0329583 0.042242 0.0512665 0.0589342 0.0644034 0.0673504 0.0679339 0.0665756 0.0637632 0.0599558 0.0555523 0.0508762 0.0461681 0.0415846 0.0371948 0.0329751 0.0288188 0.0245869 0.0202019 0.0157404 0.0114522
 0.00706353 0.0115725 0.0176 0.0251472 0.0339923 0.0435416 0.0528041 0.0606404 0.0661746 0.0690673 0.06948 0.067851 0.0646913 0.0604858 0.0556572 0.0505485 0.0454142 0.0404221 0.0356551 0.0311133 0.0267275 0.0224035 0.0180973 0.0138837 0.00996612
 0.0072709 0.0119126 0.0181171 0.0258833 0.0349779 0.0447811 0.0542624 0.0622398 0.0678077 0.0706189 0.0708471 0.068952 0.0654677 0.0608996 0.0556882 0.0501916 0.0446773 0.039324 0.0342287 0.0294133 0.0248407 0.0204534 0.0162325 0.0122487 0.00866325
 0.00747143 0.0122418 0.0186183 0.0265978 0.035936 0.0459877 0.0556827 0.0637947 0.0693856 0.0720979 0.0721175 0.0699305 0.0661021 0.0611664 0.0555865 0.0497347 0.0438866 0.0382269 0.0328616 0.0278296 0.0231195 0.0187029 0.0145796 0.0108135 0.0075282
 0.00754743 0.0123704 0.0188219 0.0269026 0.0363689 0.0465706 0.0564245 0.0646847 0.0703903 0.0731622 0.073169 0.070888 0.0668862 0.0617109 0.0558455 0.0496855 0.043527 0.0375716 0.0319408 0.0266915 0.0218354 0.0173676 0.0133021 0.00969557 0.00663996
 0.00757922 0.0124186 0.0188887 0.0269902 0.036482 0.0467201 0.0566289 0.064968 0.0707753 0.0736615 0.0737757 0.0715708 0.0675901 0.062364 0.0563716 0.050017 0.0436156 0.0373943 0.0315018 0.0260227 0.0209957 0.0164397 0.0123813 0.00887148 0.00597581
 0.00767505 0.0125616 0.01908 0.0272216 0.0367385 0.0469831 0.056881 0.065197 0.070979 0.0738499 0.0739698 0.0717939 0.067855 0.0626623 0.0566702 0.0502632 0.04375 0.0373658 0.031281 0.0256105 0.0204257 0.015774 0.0116982 0.00824739 0.00546639
 0.00772876 0.0126474 0.0192055 0.0273915 0.0369512 0.0472281 0.0571367 0.0654346 0.0711705 0.0739798 0.0740423 0.0718314 0.0678895 0.0627217 0.0567656 0.0503818 0.0438562 0.037411 0.0312194 0.0254151 0.0200997 0.0153515 0.011236 0.0078073 0.00509724
 0.00777725 0.0127188 0.0192996 0.0275036 0.0370748 0.0473573 0.0572679 0.0655646 0.0712945 0.0740892 0.0741271 0.0718854 0.0679156 0.0627326 0.0567787 0.0504094 0.0438957 0.037442 0.0312092 0.0253323 0.0199289 0.0151025 0.0109416 0.0075116 0.00483982
 0.0078039 0.0127581 0.019351 0.0275638 0.0371375 0.0474151 0.0573141 0.0655951 0.0713098 0.074095 0.0741322 0.0718979 0.0679391 0.0627669 0.0568219 0.0504601 0.0439513 0.0374943 0.0312423 0.0253253 0.0198655 0.0149802 0.0107759 0.00733065 0.00467307
 0.00785932 0.0128431 0.019469 0.0277137 0.0373131 0.0476048 0.0575007 0.0657578 0.0714282 0.0741553 0.0741313 0.0718444 0.0678497 0.0626606 0.0567151 0.0503636 0.0438699 0.0374267 0.0311811 0.0252588 0.0197815 0.0148727 0.0106491 0.00719827 0.00455226
 0.0078636 0.0128533 0.0194904 0.0277527 0.0373756 0.0476927 0.0576098 0.0658772 0.0715427 0.0742496 0.0741939 0.0718694 0.0678381 0.0626197 0.056656 0.0502981 0.0438074 0.037372 0.0311329 0.0252113 0.019727 0.014806 0.0105707 0.00711515 0.0044747
 0.00788222 0.0128736 0.0195031 0.0277444 0.0373343 0.0476152 0.057507 0.0657723 0.0714627 0.0742139 0.0742078 0.0719243 0.0679171 0.062705 0.0567344 0.0503633 0.0438586 0.0374111 0.0311616 0.0252287 0.0197306 0.0147936 0.0105432 0.00707755 0.00443453
 0.00789955 0.0128988 0.0195349 0.0277783 0.0373617 0.0476244 0.0574849 0.0657099 0.0713607 0.0740872 0.0740826 0.0718292 0.067872 0.0627138 0.0567864 0.0504404 0.0439429 0.0374899 0.0312277 0.0252789 0.0197634 0.0148088 0.0105425 0.00706512 0.00441609
 0.00788431 0.0128763 0.019505 0.0277424 0.0373218 0.047582 0.0574401 0.0656608 0.0713043 0.0740214 0.0740094 0.0717573 0.0678159 0.0626895 0.0568041 0.0504998 0.0440336 0.0375954 0.031332 0.02537 0.0198343 0.0148574 0.0105703 0.00707626 0.00441627
 0.00787858 0.0128618 0.019474 0.0276852 0.0372307 0.0474559 0.0572879 0.0655009 0.0711586 0.0739077 0.0739363 0.0717245 0.0678182 0.0627222 0.0568654 0.0505891 0.044148 0.0377274 0.0314693 0.0254991 0.0199442 0.0149417 0.0106282 0.00711111 0.00443395
 0.00788421 0.0128695 0.0194826 0.0276917 0.0372297 0.0474397 0.0572481 0.065431 0.0710585 0.0737862 0.0738103 0.0716136 0.0677385 0.0626816 0.0568642 0.0506231 0.0442113 0.0378128 0.0315684 0.0256015 0.0200391 0.0150208 0.010687 0.00714996 0.0044564
 0.00785042 0.0128143 0.0193994 0.027575 0.0370771 0.0472547 0.0570418 0.0652215 0.0708661 0.0736287 0.0736995 0.0715558 0.0677361 0.062734 0.0569672 0.0507683 0.0443866 0.0380047 0.031763 0.0257861 0.0202028 0.0151557 0.0107894 0.00722092 0.00450089
 0.0078547 0.0128153 0.0193898 0.0275443 0.0370139 0.0471512 0.0568976 0.0650452 0.0706743 0.0734419 0.0735379 0.0714356 0.0676676 0.0627212 0.0570084 0.0508577 0.0445151 0.0381604 0.0319322 0.0259546 0.0203579 0.0152875 0.0108925 0.00729458 0.00454868
 0.00782313 0.0127678 0.019325 0.0274626 0.0369165 0.0470382 0.0567679 0.0648986 0.0705138 0.0732765 0.0733831 0.07131 0.0675882 0.0626992 0.0570471 0.0509526 0.044656 0.0383334 0.0321218 0.0261449 0.0205345 0.0154391 0.0110124 0.00738156 0.00460615
 0.00778911 0.0127137 0.0192461 0.0273561 0.0367827 0.0468821 0.0566001 0.0647332 0.0703647 0.0731532 0.0732891 0.0712454 0.0675538 0.0626985 0.0570854 0.0510333 0.0447777 0.038489 0.032299 0.0263287 0.0207096 0.0155928 0.0111364 0.00747304 0.00466764
 0.00776067 0.0126646 0.0191671 0.0272376 0.0366176 0.0466702 0.0563521 0.0644709 0.070117 0.0729482 0.0731473 0.0711757 0.0675542 0.0627596 0.0571955 0.0511821 0.0449568 0.0386904 0.0325131 0.0265432 0.0209112 0.0157689 0.0112786 0.00757849 0.00473897
 0.00773612 0.0126205 0.0190933 0.0271218 0.0364487 0.0464431 0.056072 0.0641557 0.0697953 0.0726541 0.0729136 0.0710282 0.0675063 0.0628111 0.0573337 0.0513867 0.0452054 0.0389625 0.032791 0.0268117 0.0211564 0.0159794 0.0114471 0.00770299 0.00482322
 0.00930002 0.0148096 0.021735 0.0298368 0.0387606 0.0479533 0.0565992 0.0637632 0.0687127 0.0711616 0.0712563 0.0693825 0.0659838 0.0614737 0.0562082 0.0504747 0.0444922 0.0384239 0.0323997 0.0265404 0.0209795 0.0158731 0.0113897 0.00767637 0.00481349
 0.00930052 0.0150983 0.0226764 0.0318815 0.0422485 0.0528483 0.0623206 0.0692795 0.0729061 0.073267 0.0711133 0.0673807 0.0627945 0.0577647 0.0524776 0.0470204 0.0414567 0.0358539 0.0302913 0.024865 0.0196954 0.0149305 0.0107329 0.00724588 0.00455061
 0.00895194 0.014553 0.021917 0.030962 0.0413458 0.0522954 0.0625661 0.0707268 0.0756717 0.0770008 0.0750428 0.0706024 0.0646494 0.0580667 0.0514845 0.0452225 0.0393461 0.0337903 0.0284761 0.0233781 0.018544 0.0140843 0.0101444 0.00686141 0.00431652
 0.00878079 0.0142626 0.0214584 0.0302861 0.0404226 0.0511489 0.0613162 0.0696159 0.0750419 0.0771977 0.0762606 0.0727411 0.0672857 0.0605919 0.0533494 0.0461463 0.0393713 0.033183 0.0275647 0.0224295 0.017717 0.0134422 0.00968852 0.00656245 0.00413527
 0.00871457 0.0141503 0.0212796 0.0300157 0.0400326 0.0506142 0.0606265 0.068794 0.0741653 0.0764151 0.0757817 0.0727827 0.0679751 0.0618739 0.0549647 0.0477163 0.0405544 0.0338063 0.0276581 0.0221605 0.0172868 0.0130074 0.00933403 0.00631229 0.00397799
 0.00869287 0.0141114 0.0212141 0.0299113 0.0398753 0.0503904 0.060325 0.0684091 0.0737005 0.0758922 0.0752541 0.0723456 0.0677569 0.061995 0.0554746 0.0485441 0.0415144 0.0346698 0.0282513 0.0224271 0.0172837 0.0128489 0.00912987 0.00613267 0.00384989
 0.00869076 0.0141075 0.0212069 0.0298982 0.0398517 0.0503488 0.0602552 0.0682985 0.0735368 0.0756673 0.0749704 0.0720239 0.0674438 0.0617632 0.0554056 0.0486935 0.0418752 0.0351601 0.0287431 0.0228037 0.0174876 0.0128935 0.00907317 0.00603871 0.00376274
 0.00867872 0.0140898 0.0211836 0.0298706 0.0398216 0.0503175 0.0602224 0.0682614 0.0734897 0.0756016 0.0748764 0.0718955 0.0672847 0.0615935 0.0552638 0.0486286 0.0419262 0.0353329 0.0289994 0.0230745 0.0177052 0.0130211 0.0091141 0.00602278 0.00372435
 0.00866927 0.0140741 0.0211596 0.0298365 0.0397768 0.0502637 0.060164 0.0682047 0.0734408 0.0755631 0.0748457 0.0718649 0.0672452 0.0615403 0.055202 0.0485762 0.0419097 0.0353748 0.0291043 0.023222 0.0178581 0.0131435 0.0091876 0.00605043 0.00372248
 0.00867451 0.0140808 0.0211662 0.0298403 0.0397745 0.0502521 0.0601415 0.068172 0.0734006 0.0755198 0.074804 0.0718278 0.0672125 0.0615091 0.0551697 0.0485439 0.0418855 0.0353718 0.0291332 0.0232833 0.0179392 0.0132241 0.00924992 0.00608696 0.00373652
 0.00867065 0.0140782 0.0211689 0.0298536 0.039803 0.0502968 0.0601971 0.0682278 0.073444 0.0755408 0.0747985 0.071798 0.0671648 0.0614511 0.0551076 0.0484829 0.0418306 0.0353293 0.02911 0.0232834 0.0179603 0.0132571 0.0092833 0.00611198 0.00375031
 0.00863545 0.0140239 0.021093 0.0297569 0.0396903 0.0501779 0.0600865 0.0681421 0.0733967 0.0755375 0.0748346 0.0718611 0.0672402 0.0615266 0.0551761 0.0485418 0.0418807 0.0353733 0.0291518 0.0233264 0.0180055 0.0133024 0.00932403 0.00614378 0.00377135
 0.00864579 0.0140348 0.0210987 0.0297485 0.0396587 0.050118 0.0600005 0.0680406 0.0732963 0.0754555 0.0747842 0.0718478 0.0672612 0.0615723 0.0552344 0.0486019 0.0419358 0.0354211 0.0291932 0.0233638 0.0180408 0.0133357 0.00935388 0.00616796 0.00378855
 0.00863461 0.0140194 0.0210802 0.0297289 0.0396391 0.0500964 0.0599716 0.0679976 0.0732351 0.0753794 0.0747043 0.0717804 0.0672209 0.0615671 0.0552632 0.0486559 0.0420032 0.035491 0.0292584 0.023421 0.0180896 0.0133765 0.00938684 0.00619313 0.0038062
 0.00860013 0.013969 0.0210151 0.0296541 0.0395625 0.0500268 0.0599163 0.0679604 0.0732155 0.0753725 0.0747034 0.0717803 0.0672213 0.061573 0.0552816 0.0486917 0.0420558 0.0355549 0.0293259 0.0234851 0.0181457 0.0134226 0.00942271 0.00621942 0.00382413
 0.00860013 0.013969 0.0210151 0.0296541 0.0395625 0.0500268 0.0599163 0.0679604 0.0732155 0.0753725 0.0747034 0.0717803 0.0672213 0.061573 0.0552816 0.0486917 0.0420558 0.0355549 0.0293259 0.0234851 0.0181457 0.0134226 0.00942271 0.00621942 0.00382413
 0.00884883 0.0143558 0.021563 0.030369 0.0404277 0.0509977 0.0609164 0.0688864 0.0739556 0.0758333 0.0748328 0.0715764 0.0667275 0.0608639 0.0544463 0.0478174 0.0412152 0.0347992 0.0286833 0.022965 0.0177442 0.0131278 0.00921796 0.00608608 0.00374342
 0.00898457 0.0145953 0.0219566 0.0309707 0.0412771 0.0520935 0.0621952 0.0702219 0.0751848 0.0767986 0.0754182 0.0717268 0.0664493 0.0602151 0.053521 0.0467279 0.0400733 0.0337009 0.027699 0.0221364 0.0170863 0.0126351 0.00887105 0.0058576 0.00360365
 0.00901834 0.0146596 0.0220724 0.031167 0.0415889 0.0525552 0.0628291 0.0710239 0.0761125 0.0777661 0.0763065 0.0724084 0.0668209 0.0602243 0.0531761 0.0460909 0.0392408 0.0327811 0.0267916 0.0213178 0.0164036 0.0121061 0.0084899 0.00560282 0.00344628
 0.00841367 0.0137023 0.0206855 0.0293123 0.0392934 0.0499431 0.060143 0.0686072 0.0743361 0.0769236 0.0765262 0.0736216 0.0687929 0.0626264 0.0556713 0.0484049 0.041202 0.0343243 0.0279338 0.022123 0.0169502 0.0124662 0.00872059 0.00574566 0.00353077
 0.008165 0.0132389 0.0198811 0.0280194 0.0373871 0.047388 0.0570551 0.0652699 0.0711548 0.0743356 0.0749024 0.0731887 0.0695882 0.0644939 0.0583012 0.0514112 0.0442119 0.0370511 0.0302112 0.0238994 0.0182569 0.0133784 0.00932619 0.00612709 0.00375722
 0.00848247 0.0137261 0.0205528 0.0288501 0.0382927 0.0482123 0.0575753 0.0652427 0.0704017 0.072837 0.072844 0.0709266 0.067544 0.0630269 0.0576108 0.0514992 0.0449123 0.0381057 0.0313586 0.0249427 0.0190906 0.0139791 0.0097225 0.00636907 0.00389472
 0.00868339 0.0140865 0.0211546 0.0297815 0.0396156 0.0499133 0.0595222 0.067176 0.0719797 0.0737227 0.0728055 0.0699159 0.0657259 0.0607429 0.0552815 0.0495004 0.0434743 0.0372759 0.0310336 0.0249437 0.0192419 0.0141562 0.00986356 0.00645939 0.00394372
#pred catch len freq
 0.00314369 0.00512511 0.00777382 0.0111463 0.0152867 0.0201737 0.0256617 0.031478 0.0372829 0.04274 0.0475651 0.0515591 0.0546325 0.0568065 0.0581867 0.0589297 0.0592191 0.059232 0.059057 0.0585606 0.0572782 0.054477 0.0494793 0.0421282 0.033077
 0.00333935 0.00538677 0.0080652 0.0114037 0.0154424 0.0201901 0.0255525 0.0313003 0.037102 0.0425919 0.0474431 0.0514341 0.054491 0.0566795 0.0581486 0.0590666 0.0595794 0.0597828 0.0596716 0.0590502 0.0574632 0.0542658 0.0489115 0.0413538 0.0322845
 0.00342239 0.00555252 0.00836643 0.0118951 0.0161514 0.0210804 0.0265071 0.0321469 0.0376793 0.0428194 0.0473454 0.0511078 0.0540456 0.0561983 0.0576895 0.0586812 0.0593176 0.0596688 0.0596699 0.0590555 0.0573358 0.0539 0.0482947 0.0405763 0.0314926
 0.00357703 0.00579073 0.00870489 0.0123522 0.0167569 0.0218805 0.02755 0.0334449 0.0391625 0.0443157 0.0486172 0.0519373 0.0543198 0.055942 0.0570322 0.0577918 0.0583487 0.0587252 0.0587936 0.0582243 0.0564838 0.0529635 0.0472632 0.0395133 0.0305087
 0.00373673 0.00605252 0.00910238 0.012917 0.0175125 0.0228342 0.028689 0.03474 0.0405766 0.0458023 0.0501008 0.0532904 0.0553677 0.0565108 0.0570184 0.0572071 0.0573099 0.057399 0.0573322 0.0567243 0.0549837 0.0514749 0.0458121 0.0381623 0.0293432
 0.00390931 0.00633087 0.00951861 0.0135033 0.0182995 0.0238458 0.0299317 0.0361921 0.0421825 0.0474771 0.0517426 0.054792 0.0566192 0.0573961 0.0574216 0.0570396 0.0565477 0.0561036 0.0556344 0.0547813 0.0529403 0.0494499 0.0439081 0.036476 0.0279567
 0.00411749 0.0066643 0.0100121 0.0141889 0.019204 0.0249863 0.0313073 0.0377765 0.0439211 0.0492892 0.0535275 0.0564369 0.0580092 0.0584227 0.0579861 0.0570572 0.0559601 0.0549009 0.0538748 0.0525936 0.0505031 0.0469619 0.0415599 0.0344265 0.0263123
 0.00432329 0.00699918 0.0105175 0.0149056 0.0201673 0.0262165 0.0327984 0.0394884 0.0457815 0.0512028 0.0553881 0.0581368 0.0594455 0.0595002 0.058618 0.0571648 0.0554781 0.0537916 0.0521512 0.0503415 0.0478874 0.0442087 0.0389159 0.0321088 0.0244628
 0.00453549 0.00734656 0.011046 0.0156628 0.0211972 0.0275493 0.0344354 0.0413901 0.0478647 0.0533488 0.0574581 0.0599919 0.0609646 0.0605894 0.0592095 0.0572069 0.0549274 0.0526164 0.0503513 0.0479772 0.0451036 0.041233 0.0360219 0.0295527 0.0224198
 0.00479229 0.00775184 0.0116351 0.0164654 0.0222388 0.0288498 0.0360024 0.0432067 0.0498784 0.0554674 0.0595547 0.0619199 0.0625793 0.061769 0.059865 0.0572816 0.0543866 0.0514425 0.0485512 0.0456066 0.0422949 0.0382045 0.0330503 0.0269089 0.0202968
 0.00500921 0.0081107 0.0121867 0.017261 0.0233203 0.0302344 0.0376679 0.0450882 0.0518805 0.0574838 0.0614826 0.0636624 0.064042 0.0628586 0.0604946 0.0573778 0.0538959 0.0503348 0.0468288 0.0433216 0.0395724 0.0352524 0.0301366 0.0243023 0.0181943
 0.00523847 0.00849039 0.0127724 0.0181124 0.0244933 0.0317652 0.0395525 0.0472659 0.0542313 0.0598432 0.06367 0.0655149 0.0654408 0.0637372 0.0608269 0.0571562 0.0531145 0.0489874 0.0449234 0.0409066 0.0367641 0.0322474 0.0271912 0.0216759 0.0160784
 0.00554582 0.00897552 0.0134775 0.0190726 0.0257372 0.0333131 0.0414061 0.0493929 0.0565522 0.0622268 0.0659437 0.0674895 0.0669454 0.0646512 0.0610943 0.0567778 0.0521245 0.0474309 0.0428506 0.0383881 0.0339185 0.0292587 0.0242953 0.0191114 0.0140206
 0.00578992 0.00937103 0.0140705 0.0199059 0.0268434 0.034704 0.0430611 0.0512551 0.0585356 0.0642298 0.0678577 0.0692008 0.0683357 0.0656059 0.0615189 0.0566148 0.0513603 0.0460918 0.0409943 0.0361034 0.0313346 0.0265535 0.0216838 0.0168051 0.012173
 0.00599962 0.00970643 0.0145664 0.0205945 0.0277531 0.0358538 0.044451 0.0528544 0.060277 0.066013 0.0695631 0.0707087 0.0695429 0.0664325 0.0619066 0.0565213 0.0507608 0.0449851 0.0394123 0.0341195 0.0290701 0.0241763 0.0193907 0.014784 0.0105571
 0.00619316 0.0100181 0.0150303 0.021241 0.0286044 0.0369164 0.0457074 0.0542589 0.0617603 0.0674922 0.0709517 0.0719225 0.0705049 0.0670784 0.062188 0.0564066 0.0502326 0.0440409 0.0380713 0.0324348 0.0271398 0.0221445 0.0174289 0.0130558 0.00917729
 0.00637332 0.0103046 0.0154505 0.021819 0.0293601 0.0378621 0.0468393 0.0555478 0.0631456 0.068885 0.0722466 0.073017 0.0713178 0.0675589 0.0623145 0.0561773 0.0496551 0.0431288 0.036848 0.0309453 0.025463 0.020397 0.0157519 0.0115849 0.00800679
 0.00645401 0.010422 0.0156031 0.0220003 0.0295659 0.0380998 0.0471339 0.055938 0.0636699 0.0695628 0.0730631 0.0739175 0.0722155 0.0683535 0.0629129 0.0565091 0.0496792 0.0428312 0.036239 0.0300611 0.02437 0.019193 0.0145553 0.0105109 0.00713899
