SBPRF35
8.97652
Curr Bio
676884
B35
731380
F35
0.1978
FOFL
0.171043
OFL
87182.7
Bzero
2.56472e+006
#pred survey bio
 4.30775e+006 4.09906e+006 3.89759e+006 3.61424e+006 3.31334e+006 3.02316e+006 2.70979e+006 2.4301e+006 2.14309e+006 1.88079e+006 1.68396e+006 1.49213e+006 1.30386e+006 1.16653e+006 1.052e+006 955947 847313 777523 730689 693041 659387 630204 613584 608044 600013 594716 586877 572747 579097 565971 562020 567853 566414 560527 546925 532763 521453 518320 518709 523260 535462 535240 540863 550492 550623 559752 567353 574973 579933 589270 603108 576911 542440 527158 582915 657355 680455 684234 2.25533e+007 1.35445e+007 1.38325e+007 1.45268e+007 1.54386e+007 1.63863e+007 1.72549e+007 1.79914e+007 1.85844e+007 1.90456e+007 1.93959e+007 1.96579e+007 1.9852e+007 1.99951e+007 2.01005e+007 2.01782e+007 2.02356e+007 2.02782e+007 2.031e+007 2.03338e+007 2.03518e+007 2.03654e+007 2.03758e+007 2.03837e+007 2.03898e+007 2.03945e+007 2.03982e+007 2.0401e+007 2.04032e+007 2.04049e+007 2.04062e+007 2.04072e+007 2.0408e+007 2.04087e+007 2.04092e+007 2.04096e+007 2.04099e+007 2.04101e+007 2.04103e+007 2.04104e+007 2.04106e+007 2.04107e+007 2.04107e+007 2.04108e+007 2.04108e+007 2.04109e+007 2.04109e+007 2.04109e+007 2.04109e+007 2.04109e+007 2.0411e+007 2.0411e+007 2.0411e+007 2.0411e+007 2.0411e+007 2.0411e+007 2.0411e+007 2.0411e+007 2.0411e+007 2.0411e+007 2.0411e+007 2.0411e+007 2.0411e+007 2.0411e+007 2.0411e+007 2.0411e+007 2.0411e+007 2.0411e+007 2.0411e+007 2.0411e+007 2.0411e+007 2.0411e+007 2.0411e+007 2.0411e+007 2.0411e+007 2.0411e+007 2.0411e+007 2.0411e+007 2.0411e+007 2.0411e+007 2.0411e+007 2.0411e+007 2.0411e+007 2.0411e+007 2.0411e+007 2.0411e+007 2.0411e+007 2.0411e+007 2.0411e+007 2.0411e+007 2.0411e+007 2.0411e+007 2.0411e+007 2.0411e+007 2.0411e+007 2.0411e+007 2.0411e+007 2.0411e+007 2.0411e+007 2.0411e+007 0 0 0 0 0 0 0 0 0 0 0 0 0 0 0 0 0 0 0 0 0 0 0 0 0
#obs survey bio
 3.85962e+006 3.37871e+006 4.11734e+006 3.54171e+006 2.32392e+006 2.62142e+006 2.02771e+006 2.1445e+006 2.00224e+006 1.53501e+006 1.23087e+006 1.00803e+006 833870 739264 816659 845611 743939 793294 1.0205e+006 700665 701211 619719 511112 425745 494505 737038 360364 681707 524370 533162 483546 379144 615389 457171 526021 549343 584685 408033 545284 569851 473194 475826 415481 565357 681316 518117 550896 479281 398272 708964 768238 606198 527812 469852 509908 769230 830042 704039
#pred catch bio
 94307.9 91521.5 178323 214015 228267 275803 271924 303315 302881 263091 274220 282636 246361 232059 218022 226173 187589 162706 149738 141714 133969 120770 110767 112519 109072 109490 112447 93521.6 107832 97568.2 88097.9 92955.6 94378.7 97564.4 94494.7 91009.6 86964.4 87976.9 86846.6 81805.6 92850.5 88267.7 85717 93832.6 86242.5 87954 88181.6 90590.8 87114.1 83557.6 115931 120522 104109 48612.6 38955.9 84175.1 99655.1 133629 87182.7 99247.9 100153 104100 110094 116478 122277 127090 130852 133668 135712 137159 138165 138855 139323 139637 139846 139985 140076 140136 140176 140202 140219 140230 140237 140241 140244 140246 140247 140248 140249 140249 140249 140250 140250 140250 140250 140250 140250 140250 140250 140250 140250 140250 140250 140250 140250 140250 140250 140250 140250 140250 140250 140250 140250 140250 140250 140250 140250 140250 140250 140250 140250 140250 140250 140250 140250 140250 140250 140250 140250 140250 140250 140250 140250 140250 140250 140250 140250 140250 140250 140250 140250 140250 140250 140250 140250 140250 140250 140250 140250 140250 140250 140250 140250 140250 140250 140250 140250 140250 0 0 0 0 0 0 0 0 0 0 0 0 0 0 0 0 0 0 0 0 0 0 0 0 0
#obs catch bio
 0 91096.7 179275 215172 229697 279361 275125 309238 309082 267641 281189 291156 254161 240819 225844 234966 193707 166450 152155 143698 136074 122396 112270 115022 110992 111164 114772 94479.2 109871 98507.5 89048 94242.2 95349.5 98654.4 95372.3 91909.3 87422.1 88861.5 87113.6 81862.2 92931.7 88555.7 86018.9 94444 86184.2 88206.8 88151.1 90657.2 87384.6 83194 115555 119418 103830 48377.1 38663.7 84705.4 99539.6 133993
#pred cpue bio
 4.25014e+006 4.0453e+006 3.846e+006 3.56361e+006 3.26363e+006 2.97431e+006 2.66215e+006 2.38344e+006 2.09786e+006 1.83702e+006 1.64086e+006 1.44997e+006 1.26303e+006 1.12658e+006 1.01321e+006 918669 812535 744894 699961 663874 631385 603141 586979 581406 573597 568743 561468 547984 554509 542175 538637 544545 543476 538221 525535 512147 500532 496023 495576 500110 512278 512124 517518 526880 527152 536144 543610 551127 556000 565193 578937 553476 519421 503794 557898 631260 654476 658104 2.16734e+007 1.30146e+007 1.32042e+007 1.38044e+007 1.46872e+007 1.56288e+007 1.64963e+007 1.72326e+007 1.78256e+007 1.82868e+007 1.86371e+007 1.88991e+007 1.90932e+007 1.92363e+007 1.93417e+007 1.94194e+007 1.94768e+007 1.95194e+007 1.95512e+007 1.9575e+007 1.9593e+007 1.96066e+007 1.9617e+007 1.96249e+007 1.9631e+007 1.96357e+007 1.96393e+007 1.96422e+007 1.96443e+007 1.9646e+007 1.96474e+007 1.96484e+007 1.96492e+007 1.96498e+007 1.96503e+007 1.96507e+007 1.9651e+007 1.96513e+007 1.96515e+007 1.96516e+007 1.96517e+007 1.96518e+007 1.96519e+007 1.9652e+007 1.9652e+007 1.9652e+007 1.96521e+007 1.96521e+007 1.96521e+007 1.96521e+007 1.96521e+007 1.96521e+007 1.96522e+007 1.96522e+007 1.96522e+007 1.96522e+007 1.96522e+007 1.96522e+007 1.96522e+007 1.96522e+007 1.96522e+007 1.96522e+007 1.96522e+007 1.96522e+007 1.96522e+007 1.96522e+007 1.96522e+007 1.96522e+007 1.96522e+007 1.96522e+007 1.96522e+007 1.96522e+007 1.96522e+007 1.96522e+007 1.96522e+007 1.96522e+007 1.96522e+007 1.96522e+007 1.96522e+007 1.96522e+007 1.96522e+007 1.96522e+007 1.96522e+007 1.96522e+007 1.96522e+007 1.96522e+007 1.96522e+007 1.96522e+007 1.96522e+007 1.96522e+007 1.96522e+007 1.96522e+007 1.96522e+007 1.96522e+007 1.96522e+007 1.96522e+007 1.96522e+007 1.96522e+007 1.96522e+007 1.96522e+007 0 0 0 0 0 0 0 0 0 0 0 0 0 0 0 0 0 0 0 0 0 0 0 0 0
#obs cpue bio
 3.85183e+006 3.56124e+006 3.09311e+006 1.99822e+006 2.88826e+006 2.31125e+006 2.86868e+006 1.60051e+006 1.98056e+006 1.73015e+006 1.22435e+006 1.5037e+006 970152 835204 883520 789648 590734 738068 548468 591168 428368 510440 499848 386406 664996 427973 575573 468901 415813 731915 401108 622730 546115 572947 517953 407734 540140 411377 738087 456075 698763 413257 578608 466273 603765 454094 701948 637916 618666 712197 596454 782241 509266 434208 556119 445315 653150 647304
#pred surv len freq
 0.00477906 0.00780233 0.0118221 0.0168417 0.0227467 0.0292176 0.035708 0.041585 0.0463722 0.0499068 0.0523095 0.0538373 0.0547514 0.0552517 0.0554589 0.0554185 0.0551165 0.0544953 0.0534441 0.0517596 0.0491191 0.0451441 0.0395972 0.0326289 0.0248864
 0.00509347 0.00819499 0.0121988 0.0170543 0.0226484 0.0287427 0.0349252 0.0406815 0.0455678 0.0493512 0.0520249 0.053736 0.0547063 0.0551737 0.0553417 0.0553354 0.0551778 0.054786 0.0539711 0.0524358 0.049794 0.0456698 0.0398905 0.0326965 0.024802
 0.00531517 0.00858177 0.0128204 0.0179672 0.0238542 0.0301401 0.0362943 0.041736 0.0460702 0.0492255 0.0513874 0.0528187 0.0537307 0.0542636 0.0545219 0.054592 0.0545176 0.0542507 0.0536047 0.0522387 0.0497063 0.0455972 0.0397558 0.0324776 0.0245323
 0.00555991 0.0089751 0.0134066 0.0187911 0.0249585 0.031554 0.0380056 0.0436556 0.0480089 0.0509124 0.0525423 0.0532537 0.053423 0.0533504 0.0532226 0.053115 0.0530111 0.0528061 0.052279 0.0510645 0.0486874 0.044711 0.0389733 0.031787 0.023946
 0.00582854 0.00940522 0.0140419 0.0196685 0.0261035 0.0329726 0.039676 0.0455233 0.0499861 0.0528762 0.0543285 0.0546612 0.0542482 0.0534504 0.0525734 0.0518241 0.0512737 0.0508365 0.0502581 0.0491199 0.0468979 0.0431206 0.0376058 0.0306573 0.0230624
 0.00608261 0.00981557 0.0146546 0.020525 0.0272337 0.0343836 0.0413407 0.0473765 0.0519345 0.0548145 0.0561494 0.0562513 0.0554771 0.0541724 0.0526548 0.0511907 0.0499509 0.0489541 0.048015 0.046731 0.0445526 0.0409636 0.0357368 0.0291345 0.0219045
 0.00640823 0.0103334 0.0154125 0.0215606 0.0285682 0.0360131 0.0432252 0.0494357 0.0540569 0.056877 0.0580359 0.0578618 0.056724 0.0549697 0.052911 0.0508174 0.0488922 0.0472237 0.0457193 0.0440607 0.0417453 0.038257 0.0333283 0.0271552 0.0204075
 0.00666717 0.010759 0.0160615 0.0224879 0.0298157 0.0375917 0.0450978 0.0515131 0.056213 0.0589755 0.059954 0.0594994 0.0580024 0.055823 0.0532758 0.050628 0.0480874 0.0457716 0.0436514 0.0414982 0.0388969 0.0353838 0.0306869 0.0249409 0.018718
 0.00700667 0.0112974 0.0168472 0.0235587 0.0311943 0.039278 0.0470574 0.0536694 0.0584511 0.0611582 0.0619422 0.0611708 0.0592628 0.0566082 0.0535441 0.0503469 0.0472259 0.0443067 0.0415938 0.0389262 0.035979 0.0323673 0.0278482 0.0225158 0.0168436
 0.00744745 0.0119868 0.017834 0.0248694 0.0328291 0.0412057 0.0492089 0.0559377 0.060705 0.0632657 0.063789 0.0626672 0.0603406 0.0572164 0.0536462 0.0499175 0.0462466 0.0427677 0.0395079 0.0363564 0.0330654 0.0293312 0.0249563 0.0200137 0.014888
 0.00775906 0.0124939 0.018597 0.0259425 0.0342464 0.0429622 0.0512424 0.0581281 0.062897 0.0653046 0.0655507 0.0640685 0.0613328 0.0577712 0.053744 0.0495403 0.0453768 0.0413935 0.0376375 0.0340406 0.030422 0.026552 0.0222816 0.0176744 0.013041
 0.0080854 0.0130195 0.0193788 0.0270304 0.0356739 0.0447315 0.0533072 0.060385 0.0651954 0.067472 0.0674241 0.0655196 0.0622822 0.0581895 0.0536393 0.0489386 0.0443052 0.0398737 0.0356948 0.0317271 0.0278417 0.0238725 0.0197159 0.0154311 0.0112655
 0.00847773 0.0136444 0.020295 0.0282823 0.037283 0.046682 0.055532 0.0627613 0.0675608 0.0696536 0.0692659 0.0669001 0.0631215 0.0584514 0.0533289 0.0480933 0.0429798 0.0381273 0.0335873 0.0293304 0.0252603 0.0212565 0.0172496 0.0132941 0.0095813
 0.0086809 0.0139858 0.020829 0.0290665 0.0383653 0.0480814 0.0572193 0.0646531 0.0695316 0.0715604 0.0709717 0.0682879 0.0641005 0.0589602 0.0533366 0.0475999 0.0420127 0.0367349 0.0318349 0.0273012 0.0230632 0.0190309 0.0151557 0.0114823 0.00815412
 0.00878984 0.0141746 0.021136 0.0295365 0.0390432 0.0489992 0.0583814 0.0660265 0.0710462 0.0731176 0.0724576 0.0695881 0.0651141 0.0596096 0.0535725 0.0474014 0.0413848 0.0357068 0.0304594 0.0256557 0.0212522 0.0171842 0.0134154 0.00997752 0.00696978
 0.00876625 0.014163 0.0211684 0.0296615 0.0393161 0.0494657 0.0590624 0.066911 0.0720939 0.0742669 0.0736332 0.0707066 0.0660897 0.0603617 0.0540341 0.0475252 0.0411478 0.0351121 0.0295374 0.0244667 0.019886 0.0157558 0.0120503 0.0087881 0.00602997
 0.00882096 0.0142638 0.0213426 0.0299432 0.0397402 0.0500574 0.0598247 0.0678185 0.0730935 0.0752867 0.0745947 0.0715374 0.0667327 0.0607786 0.0542024 0.0474331 0.0407912 0.0344958 0.0286812 0.0234121 0.0187011 0.0145322 0.0108907 0.00778417 0.00524098
 0.00882076 0.0142521 0.0213058 0.0298665 0.0396176 0.049905 0.0596886 0.0677686 0.0732024 0.0756021 0.0751194 0.0722261 0.0675052 0.0615402 0.0548632 0.047921 0.0410567 0.0345132 0.0284486 0.0229536 0.018068 0.0137998 0.010147 0.00711161 0.00469719
 0.00887326 0.0143151 0.0213589 0.0298763 0.0395459 0.0497234 0.059394 0.067392 0.0728083 0.0752777 0.0749542 0.0722865 0.0678114 0.062057 0.0555086 0.0485887 0.0416423 0.0349345 0.0286573 0.0229388 0.0178551 0.0134447 0.00972326 0.0066929 0.00433998
 0.00899935 0.0144986 0.021594 0.0301405 0.039802 0.0499257 0.0594957 0.0673553 0.0726174 0.0749505 0.0745477 0.0718871 0.0675124 0.0619289 0.0555766 0.0488244 0.0419742 0.0352714 0.028915 0.0230615 0.0178263 0.0132858 0.00948241 0.00642779 0.00409965
 0.00907972 0.0146314 0.0217965 0.0304264 0.040174 0.0503652 0.0599566 0.067767 0.0729013 0.0750451 0.0744293 0.0715794 0.0670812 0.0614651 0.0551704 0.0485397 0.0418308 0.0352432 0.0289444 0.0230844 0.0177957 0.0131856 0.00932679 0.006249 0.00393176
 0.00926637 0.0149019 0.0221433 0.0308229 0.0405847 0.0507594 0.0603168 0.0680857 0.0731688 0.0752386 0.0745134 0.0715197 0.0668628 0.0611068 0.0547254 0.0480801 0.0414241 0.0349298 0.028728 0.0229383 0.017681 0.0130712 0.00920093 0.00611829 0.00381168
 0.00945278 0.0151812 0.0225183 0.0312775 0.0410847 0.0512576 0.0607595 0.0684231 0.0733677 0.0752927 0.0744422 0.071354 0.066628 0.0608157 0.0543851 0.0477055 0.0410436 0.034579 0.0284349 0.0227121 0.0175116 0.0129388 0.00908866 0.00601896 0.00372666
 0.00936176 0.0150698 0.0224172 0.0312359 0.0411536 0.0514659 0.061095 0.0688315 0.0737721 0.0756219 0.0746528 0.0714379 0.0666039 0.0607135 0.0542318 0.0475197 0.0408388 0.0343694 0.0282373 0.0225408 0.0173732 0.0128308 0.0090037 0.00595037 0.00367142
 0.00924789 0.0148968 0.0221817 0.0309481 0.0408421 0.0511783 0.060894 0.0687797 0.0739076 0.0759359 0.0750862 0.0719008 0.0670106 0.0610097 0.0544032 0.0475815 0.0408197 0.0342991 0.0281408 0.022438 0.0172777 0.0127498 0.00893859 0.00589958 0.00363275
 0.00918292 0.0147857 0.0220051 0.030687 0.0404849 0.0507323 0.0603948 0.0682929 0.0735168 0.0757206 0.0750956 0.0721368 0.0674247 0.0615191 0.0549181 0.0480319 0.0411691 0.0345426 0.0282941 0.0225244 0.0173197 0.0127652 0.00893929 0.00589306 0.00362355
 0.00915319 0.014739 0.0219373 0.0305933 0.040359 0.0505654 0.0601782 0.0680241 0.0732084 0.075406 0.0748278 0.0719743 0.0674118 0.061667 0.0551982 0.0483865 0.0415321 0.034861 0.0285399 0.0226937 0.0174246 0.0128232 0.00896719 0.00590359 0.0036252
 0.00916422 0.0147582 0.0219679 0.0306387 0.0404199 0.0506375 0.0602497 0.0680752 0.0732153 0.0753486 0.0746992 0.071789 0.0672057 0.0614879 0.0550886 0.0483665 0.0415927 0.0349709 0.0286609 0.0227964 0.0174951 0.0128621 0.00898278 0.00590569 0.0036215
 0.00895689 0.0144394 0.0215234 0.0300703 0.0397483 0.0499039 0.0595158 0.0674175 0.0727103 0.0750524 0.0746325 0.0719355 0.067524 0.0619289 0.0556093 0.0489339 0.0421794 0.0355487 0.0291984 0.0232637 0.0178718 0.0131423 0.00917488 0.00602685 0.0036917
 0.00902983 0.0145349 0.0216245 0.0301464 0.0397635 0.0498295 0.0593418 0.067157 0.0723948 0.074723 0.0743307 0.0716958 0.0673682 0.0618648 0.0556324 0.0490325 0.0423386 0.0357511 0.0294239 0.0234894 0.0180758 0.0133085 0.00929665 0.00610712 0.00373927
 0.00906322 0.0145812 0.0216784 0.0301956 0.0397887 0.0498071 0.0592481 0.0669756 0.0721249 0.074386 0.073969 0.0713631 0.0671145 0.0617226 0.0556117 0.0491227 0.042516 0.0359866 0.0296879 0.0237544 0.0183184 0.0135116 0.00945166 0.00621448 0.00380649
 0.00889893 0.0143405 0.0213652 0.0298304 0.0394022 0.04943 0.0589032 0.066675 0.0718728 0.0741836 0.073819 0.0712732 0.0670978 0.061794 0.055781 0.0493879 0.0428611 0.0363837 0.0301033 0.0241549 0.0186761 0.0138076 0.00967779 0.00637302 0.00390788
 0.00873517 0.0140915 0.0210235 0.0294032 0.0389125 0.0489153 0.0584126 0.0662617 0.071581 0.0740342 0.0738041 0.0713633 0.0672581 0.0619997 0.0560225 0.0496671 0.0431809 0.0367397 0.0304802 0.0245288 0.0190208 0.0141014 0.00990817 0.00653842 0.00401606
 0.00856181 0.0138263 0.020656 0.0289362 0.0383625 0.0483125 0.0578005 0.0656956 0.0711204 0.0737297 0.0736846 0.0714287 0.0674817 0.0623381 0.0564301 0.0501076 0.043632 0.0371895 0.0309194 0.024945 0.0193976 0.014422 0.0101615 0.00672247 0.00413808
 0.00857581 0.0138272 0.0206174 0.0288217 0.0381367 0.0479579 0.0573313 0.0651589 0.0705833 0.0732601 0.0733357 0.0712315 0.0674447 0.0624498 0.0566634 0.0504268 0.0440011 0.0375785 0.0313061 0.0253127 0.0197315 0.0147091 0.0103919 0.00689315 0.00425355
 0.009271 0.0148079 0.0218157 0.0300775 0.0392396 0.048716 0.0576302 0.0649825 0.0699983 0.0723847 0.0723081 0.0701853 0.066489 0.0616567 0.0560653 0.0500222 0.0437654 0.0374763 0.0313007 0.0253712 0.0198263 0.0148172 0.0104954 0.00697981 0.00431781
 0.00997272 0.0159071 0.0233836 0.032129 0.0417038 0.051407 0.0602392 0.0671219 0.0713078 0.0726548 0.0715509 0.0686119 0.0644162 0.059403 0.0538809 0.0480663 0.0421148 0.0361481 0.0302753 0.0246108 0.0192868 0.0144538 0.0102654 0.00684447 0.00424463
 0.00978971 0.0157398 0.0233713 0.0324786 0.0426303 0.0530399 0.0625366 0.0698438 0.074063 0.075002 0.0731129 0.0691685 0.0639508 0.0580882 0.0520105 0.0459618 0.0400478 0.0343 0.0287369 0.0234035 0.0183883 0.0138199 0.00984319 0.00658096 0.00409175
 0.00945922 0.015235 0.0226808 0.0316357 0.0417326 0.0522609 0.0621154 0.0700289 0.0750147 0.0766934 0.0752934 0.0714257 0.0658461 0.0592997 0.0524177 0.0456467 0.0392276 0.0332345 0.0276501 0.0224437 0.0176253 0.0132633 0.00946759 0.00634607 0.00395598
 0.009368 0.0150584 0.0223642 0.031116 0.0409609 0.0512383 0.0609271 0.0688557 0.0741063 0.0763039 0.0755972 0.0724415 0.0674064 0.061089 0.0540745 0.0468838 0.0399145 0.033407 0.0274564 0.0220653 0.0172133 0.0129098 0.00920783 0.00617723 0.00385748
 0.00933937 0.0150005 0.0222544 0.0309214 0.0406404 0.0507507 0.0602452 0.0679867 0.073113 0.0753173 0.0748049 0.0720438 0.0675468 0.0617874 0.0552012 0.0481955 0.041141 0.0343458 0.0280279 0.0223077 0.0172326 0.0128207 0.00909497 0.00608427 0.00379637
 0.00940739 0.0151115 0.0224203 0.0311491 0.0409238 0.0510614 0.0605263 0.0681579 0.0730909 0.0750471 0.0742924 0.0713716 0.0668628 0.0612621 0.0549652 0.048285 0.0414823 0.0347912 0.0284242 0.0225578 0.0173187 0.0127852 0.0090015 0.00598516 0.00371915
 0.00938089 0.0150741 0.0223753 0.0311044 0.0408917 0.0510561 0.060559 0.0682295 0.073185 0.0751268 0.0743078 0.0712801 0.0666552 0.0609797 0.0546925 0.048117 0.0414793 0.0349483 0.0286759 0.0228143 0.0175094 0.0128844 0.00902383 0.00596409 0.00368532
 0.00921729 0.0148338 0.0220616 0.0307382 0.040507 0.0506916 0.0602519 0.0680116 0.073079 0.0751411 0.0744305 0.0714772 0.0668782 0.0611834 0.0548551 0.0482498 0.041618 0.0351279 0.0289051 0.0230684 0.0177456 0.0130661 0.00913775 0.00601978 0.00370369
 0.00927336 0.0148993 0.0221137 0.0307425 0.0404299 0.0505186 0.0600004 0.0677286 0.0728237 0.0749618 0.0743496 0.0714892 0.0669576 0.0612958 0.0549685 0.0483448 0.0416936 0.0351985 0.0289888 0.0231725 0.0178607 0.0131729 0.009219 0.00606957 0.00372708
 0.00922656 0.0148313 0.0220253 0.0306361 0.0403053 0.0503679 0.0598083 0.0674816 0.0725249 0.0746419 0.0740631 0.0712959 0.0668982 0.0613766 0.0551624 0.0486061 0.0419769 0.0354724 0.0292388 0.0233949 0.0180545 0.0133341 0.00934296 0.00615503 0.00377873
 0.0091735 0.0147499 0.0219122 0.0304927 0.0401376 0.0501866 0.0596265 0.0673114 0.0723722 0.0745047 0.0739369 0.0711834 0.0668156 0.0613497 0.0552131 0.0487394 0.042177 0.0357102 0.0294838 0.0236242 0.0182544 0.0134979 0.00946851 0.00624355 0.00383516
 0.00916577 0.0147297 0.0218681 0.03041 0.0400036 0.049997 0.0593917 0.0670559 0.0721283 0.0743016 0.0737921 0.0710999 0.066787 0.0613683 0.0552766 0.0488501 0.0423357 0.0359096 0.0297069 0.0238491 0.0184608 0.0136718 0.00960334 0.0063396 0.00389755
 0.00911307 0.0146582 0.0217859 0.0303316 0.0399434 0.0499602 0.0593693 0.0670277 0.0720737 0.0742121 0.0736761 0.0709785 0.0666837 0.0613003 0.0552516 0.0488696 0.042398 0.0360108 0.0298392 0.0239994 0.0186129 0.0138101 0.00971681 0.00642383 0.00395406
 0.00899916 0.0144818 0.0215378 0.0300123 0.0395655 0.0495514 0.0589711 0.0666888 0.0718362 0.0740968 0.0736773 0.0710717 0.0668397 0.0614965 0.055475 0.049113 0.0426559 0.0362764 0.0301039 0.0242532 0.0188441 0.014008 0.00987431 0.00653907 0.00403101
 0.00888795 0.0143012 0.0212673 0.0296347 0.0390736 0.0489561 0.0583093 0.0660241 0.0712481 0.0736615 0.073448 0.0710661 0.0670394 0.0618563 0.0559388 0.0496281 0.0431811 0.0367835 0.0305743 0.0246736 0.0192048 0.0143026 0.0101007 0.00670099 0.00413769
 0.00923781 0.0148285 0.0219817 0.0305127 0.040059 0.049965 0.0592369 0.0667567 0.0716846 0.0737415 0.0731708 0.0704906 0.0662642 0.0609907 0.0550779 0.0488388 0.0425012 0.0362275 0.0301416 0.0243545 0.018984 0.0141609 0.0100177 0.00665746 0.00411773
 0.00967258 0.0155089 0.0229538 0.0317945 0.0416286 0.0517478 0.0610954 0.068498 0.073095 0.0746378 0.073446 0.0701339 0.0653538 0.0596683 0.0535149 0.0472031 0.0409314 0.0348198 0.0289494 0.023396 0.0182519 0.0136315 0.00965727 0.00642803 0.00398219
 0.00974642 0.0156536 0.0232169 0.0322351 0.0423027 0.052684 0.062272 0.0698329 0.0744557 0.075866 0.0743876 0.0706672 0.0654119 0.0592528 0.0526945 0.0460972 0.0396826 0.0335648 0.0277964 0.022414 0.017471 0.0130503 0.00925295 0.0061662 0.00382523
 0.00911286 0.0146717 0.0218345 0.0304515 0.0401857 0.0503864 0.0600371 0.0679689 0.0732659 0.0755572 0.0750021 0.0720726 0.0673479 0.0614084 0.0547853 0.0479201 0.041138 0.0346461 0.0285583 0.0229349 0.0178249 0.0132927 0.00941964 0.00627888 0.00389816
 0.00874267 0.0140423 0.0208392 0.028982 0.038167 0.0478285 0.0570829 0.0649041 0.0704742 0.073434 0.0738611 0.0720736 0.0684637 0.0634354 0.0573968 0.0507488 0.0438594 0.0370357 0.0305084 0.0244361 0.0189279 0.014072 0.00994968 0.00662387 0.00411068
 0.00884686 0.0142007 0.0210518 0.0292273 0.0383893 0.047929 0.0569253 0.0643492 0.0694408 0.0719615 0.0721353 0.0703922 0.0671497 0.0627358 0.0574093 0.0514035 0.0449577 0.0383266 0.0317663 0.0255114 0.0197583 0.0146628 0.0103425 0.00687012 0.0042566
 0.00859856 0.0138852 0.0207385 0.0290312 0.038434 0.0482874 0.0575694 0.065137 0.0701506 0.0723599 0.0720544 0.069792 0.0661432 0.0615613 0.0563529 0.050701 0.0447197 0.0385191 0.0322504 0.0261134 0.0203336 0.015128 0.010674 0.00708318 0.00438195
#obs surv len freq
 nan nan nan nan nan nan nan nan nan nan nan nan nan nan nan nan nan nan nan nan nan nan nan nan nan
 0.00448226 0.00734269 0.0111721 0.0159884 0.02169 0.0279669 0.0342825 0.0400151 0.0446954 0.0481595 0.0505172 0.0520126 0.0529043 0.0534162 0.05373 0.0539846 0.0542629 0.0545555 0.0546942 0.054286 0.052724 0.0493562 0.0438059 0.036286 0.0276697
 0.00461404 0.00755799 0.0114978 0.0164493 0.0223028 0.0287311 0.0351713 0.0409722 0.0456428 0.0490123 0.0511995 0.0524691 0.053106 0.0533609 0.0534388 0.0534939 0.0536158 0.0537943 0.0538578 0.0534114 0.0518497 0.0485249 0.0430621 0.0356672 0.0271968
 0.00478127 0.00783152 0.0119125 0.0170387 0.0230919 0.0297265 0.0363491 0.0422736 0.0469802 0.0502836 0.0523039 0.0533187 0.0536347 0.0535306 0.0532423 0.0529531 0.0527755 0.0527137 0.052603 0.0520526 0.0504624 0.0471898 0.0418595 0.0346632 0.026428
 0.00496334 0.00813184 0.0123725 0.0176999 0.0239879 0.0308699 0.0377184 0.043808 0.048587 0.051854 0.0537287 0.0544978 0.0544828 0.0539818 0.0532554 0.0525165 0.0519091 0.0514671 0.0510517 0.0502938 0.0486114 0.0453741 0.0402049 0.0332727 0.0253593
 0.005175 0.00847573 0.0128901 0.0184303 0.0249621 0.0320997 0.0391852 0.0454562 0.0503298 0.0535868 0.0553427 0.0558898 0.05556 0.0546648 0.053482 0.052246 0.0511285 0.0501978 0.0493548 0.0482725 0.0464086 0.0431604 0.0381551 0.0315325 0.0240136
 0.00540792 0.00885794 0.0134717 0.0192599 0.0260763 0.0335089 0.0408576 0.0473149 0.0522652 0.0554791 0.0570811 0.0573801 0.0567226 0.0554311 0.0537914 0.0520482 0.0503895 0.0489113 0.0475563 0.046053 0.0439196 0.0406028 0.0357475 0.0294645 0.0224015
 0.00564761 0.00924952 0.0140648 0.0201026 0.0272068 0.0349413 0.0425675 0.0492321 0.0542823 0.0574705 0.0589235 0.0589659 0.0579652 0.0562637 0.0541615 0.0519116 0.0497098 0.0476681 0.0457638 0.0437818 0.0413126 0.0378701 0.0331333 0.0271909 0.0206129
 0.00588697 0.00964271 0.0146641 0.0209593 0.0283612 0.0364074 0.0443166 0.0511886 0.0563338 0.0594905 0.0607905 0.0605747 0.0592299 0.0571164 0.0545496 0.0517939 0.0490532 0.0464516 0.0439926 0.041512 0.0386733 0.0350671 0.0304189 0.0248051 0.0187198
 0.00613221 0.0100437 0.015272 0.0218234 0.0295202 0.0378744 0.046064 0.0531416 0.0583808 0.061503 0.0626447 0.0621636 0.0604687 0.0579413 0.0549139 0.0516622 0.0483976 0.0452536 0.0422554 0.0392836 0.0360708 0.0322849 0.0277043 0.0224012 0.0167991
 0.00638101 0.0104523 0.0158946 0.0227124 0.0307158 0.0393877 0.0478605 0.0551358 0.0604496 0.0635103 0.0644643 0.0636919 0.0616274 0.0586756 0.0551871 0.05145 0.0476828 0.0440259 0.040522 0.0370897 0.033524 0.0295659 0.0250472 0.0200407 0.0149056
 0.00663136 0.0108623 0.0165171 0.0235985 0.0319045 0.0408902 0.0496432 0.0571148 0.0625011 0.0654946 0.0662491 0.065168 0.0627148 0.0593232 0.0553675 0.0511518 0.0469029 0.0427674 0.0388009 0.0349533 0.031073 0.0269662 0.0225139 0.0177911 0.0130991
 0.00683872 0.0112069 0.0170495 0.0243704 0.0329583 0.042242 0.0512665 0.0589342 0.0644034 0.0673504 0.0679339 0.0665756 0.0637632 0.0599558 0.0555523 0.0508762 0.0461681 0.0415846 0.0371948 0.0329751 0.0288188 0.0245869 0.0202019 0.0157404 0.0114522
 0.00706353 0.0115725 0.0176 0.0251472 0.0339923 0.0435416 0.0528041 0.0606404 0.0661746 0.0690673 0.06948 0.067851 0.0646913 0.0604858 0.0556572 0.0505485 0.0454142 0.0404221 0.0356551 0.0311133 0.0267275 0.0224035 0.0180973 0.0138837 0.00996612
 0.0072709 0.0119126 0.0181171 0.0258833 0.0349779 0.0447811 0.0542624 0.0622398 0.0678077 0.0706189 0.0708471 0.068952 0.0654677 0.0608996 0.0556882 0.0501916 0.0446773 0.039324 0.0342287 0.0294133 0.0248407 0.0204534 0.0162325 0.0122487 0.00866325
 0.00747143 0.0122418 0.0186183 0.0265978 0.035936 0.0459877 0.0556827 0.0637947 0.0693856 0.0720979 0.0721175 0.0699305 0.0661021 0.0611664 0.0555865 0.0497347 0.0438866 0.0382269 0.0328616 0.0278296 0.0231195 0.0187029 0.0145796 0.0108135 0.0075282
 0.00754743 0.0123704 0.0188219 0.0269026 0.0363689 0.0465706 0.0564245 0.0646847 0.0703903 0.0731622 0.073169 0.070888 0.0668862 0.0617109 0.0558455 0.0496855 0.043527 0.0375716 0.0319408 0.0266915 0.0218354 0.0173676 0.0133021 0.00969557 0.00663996
 0.00757922 0.0124186 0.0188887 0.0269902 0.036482 0.0467201 0.0566289 0.064968 0.0707753 0.0736615 0.0737757 0.0715708 0.0675901 0.062364 0.0563716 0.050017 0.0436156 0.0373943 0.0315018 0.0260227 0.0209957 0.0164397 0.0123813 0.00887148 0.00597581
 0.00767505 0.0125616 0.01908 0.0272216 0.0367385 0.0469831 0.056881 0.065197 0.070979 0.0738499 0.0739698 0.0717939 0.067855 0.0626623 0.0566702 0.0502632 0.04375 0.0373658 0.031281 0.0256105 0.0204257 0.015774 0.0116982 0.00824739 0.00546639
 0.00772876 0.0126474 0.0192055 0.0273915 0.0369512 0.0472281 0.0571367 0.0654346 0.0711705 0.0739798 0.0740423 0.0718314 0.0678895 0.0627217 0.0567656 0.0503818 0.0438562 0.037411 0.0312194 0.0254151 0.0200997 0.0153515 0.011236 0.0078073 0.00509724
 0.00777725 0.0127188 0.0192996 0.0275036 0.0370748 0.0473573 0.0572679 0.0655646 0.0712945 0.0740892 0.0741271 0.0718854 0.0679156 0.0627326 0.0567787 0.0504094 0.0438957 0.037442 0.0312092 0.0253323 0.0199289 0.0151025 0.0109416 0.0075116 0.00483982
 0.0078039 0.0127581 0.019351 0.0275638 0.0371375 0.0474151 0.0573141 0.0655951 0.0713098 0.074095 0.0741322 0.0718979 0.0679391 0.0627669 0.0568219 0.0504601 0.0439513 0.0374943 0.0312423 0.0253253 0.0198655 0.0149802 0.0107759 0.00733065 0.00467307
 0.00785932 0.0128431 0.019469 0.0277137 0.0373131 0.0476048 0.0575007 0.0657578 0.0714282 0.0741553 0.0741313 0.0718444 0.0678497 0.0626606 0.0567151 0.0503636 0.0438699 0.0374267 0.0311811 0.0252588 0.0197815 0.0148727 0.0106491 0.00719827 0.00455226
 0.0078636 0.0128533 0.0194904 0.0277527 0.0373756 0.0476927 0.0576098 0.0658772 0.0715427 0.0742496 0.0741939 0.0718694 0.0678381 0.0626197 0.056656 0.0502981 0.0438074 0.037372 0.0311329 0.0252113 0.019727 0.014806 0.0105707 0.00711515 0.0044747
 0.00788222 0.0128736 0.0195031 0.0277444 0.0373343 0.0476152 0.057507 0.0657723 0.0714627 0.0742139 0.0742078 0.0719243 0.0679171 0.062705 0.0567344 0.0503633 0.0438586 0.0374111 0.0311616 0.0252287 0.0197306 0.0147936 0.0105432 0.00707755 0.00443453
 0.00789955 0.0128988 0.0195349 0.0277783 0.0373617 0.0476244 0.0574849 0.0657099 0.0713607 0.0740872 0.0740826 0.0718292 0.067872 0.0627138 0.0567864 0.0504404 0.0439429 0.0374899 0.0312277 0.0252789 0.0197634 0.0148088 0.0105425 0.00706512 0.00441609
 0.00788431 0.0128763 0.019505 0.0277424 0.0373218 0.047582 0.0574401 0.0656608 0.0713043 0.0740214 0.0740094 0.0717573 0.0678159 0.0626895 0.0568041 0.0504998 0.0440336 0.0375954 0.031332 0.02537 0.0198343 0.0148574 0.0105703 0.00707626 0.00441627
 0.00787858 0.0128618 0.019474 0.0276852 0.0372307 0.0474559 0.0572879 0.0655009 0.0711586 0.0739077 0.0739363 0.0717245 0.0678182 0.0627222 0.0568654 0.0505891 0.044148 0.0377274 0.0314693 0.0254991 0.0199442 0.0149417 0.0106282 0.00711111 0.00443395
 0.00788421 0.0128695 0.0194826 0.0276917 0.0372297 0.0474397 0.0572481 0.065431 0.0710585 0.0737862 0.0738103 0.0716136 0.0677385 0.0626816 0.0568642 0.0506231 0.0442113 0.0378128 0.0315684 0.0256015 0.0200391 0.0150208 0.010687 0.00714996 0.0044564
 0.00785042 0.0128143 0.0193994 0.027575 0.0370771 0.0472547 0.0570418 0.0652215 0.0708661 0.0736287 0.0736995 0.0715558 0.0677361 0.062734 0.0569672 0.0507683 0.0443866 0.0380047 0.031763 0.0257861 0.0202028 0.0151557 0.0107894 0.00722092 0.00450089
 0.0078547 0.0128153 0.0193898 0.0275443 0.0370139 0.0471512 0.0568976 0.0650452 0.0706743 0.0734419 0.0735379 0.0714356 0.0676676 0.0627212 0.0570084 0.0508577 0.0445151 0.0381604 0.0319322 0.0259546 0.0203579 0.0152875 0.0108925 0.00729458 0.00454868
 0.00782313 0.0127678 0.019325 0.0274626 0.0369165 0.0470382 0.0567679 0.0648986 0.0705138 0.0732765 0.0733831 0.07131 0.0675882 0.0626992 0.0570471 0.0509526 0.044656 0.0383334 0.0321218 0.0261449 0.0205345 0.0154391 0.0110124 0.00738156 0.00460615
 0.00778911 0.0127137 0.0192461 0.0273561 0.0367827 0.0468821 0.0566001 0.0647332 0.0703647 0.0731532 0.0732891 0.0712454 0.0675538 0.0626985 0.0570854 0.0510333 0.0447777 0.038489 0.032299 0.0263287 0.0207096 0.0155928 0.0111364 0.00747304 0.00466764
 0.00776067 0.0126646 0.0191671 0.0272376 0.0366176 0.0466702 0.0563521 0.0644709 0.070117 0.0729482 0.0731473 0.0711757 0.0675542 0.0627596 0.0571955 0.0511821 0.0449568 0.0386904 0.0325131 0.0265432 0.0209112 0.0157689 0.0112786 0.00757849 0.00473897
 0.00773612 0.0126205 0.0190933 0.0271218 0.0364487 0.0464431 0.056072 0.0641557 0.0697953 0.0726541 0.0729136 0.0710282 0.0675063 0.0628111 0.0573337 0.0513867 0.0452054 0.0389625 0.032791 0.0268117 0.0211564 0.0159794 0.0114471 0.00770299 0.00482322
 0.00930002 0.0148096 0.021735 0.0298368 0.0387606 0.0479533 0.0565992 0.0637632 0.0687127 0.0711616 0.0712563 0.0693825 0.0659838 0.0614737 0.0562082 0.0504747 0.0444922 0.0384239 0.0323997 0.0265404 0.0209795 0.0158731 0.0113897 0.00767637 0.00481349
 0.00930052 0.0150983 0.0226764 0.0318815 0.0422485 0.0528483 0.0623206 0.0692795 0.0729061 0.073267 0.0711133 0.0673807 0.0627945 0.0577647 0.0524776 0.0470204 0.0414567 0.0358539 0.0302913 0.024865 0.0196954 0.0149305 0.0107329 0.00724588 0.00455061
 0.00895194 0.014553 0.021917 0.030962 0.0413458 0.0522954 0.0625661 0.0707268 0.0756717 0.0770008 0.0750428 0.0706024 0.0646494 0.0580667 0.0514845 0.0452225 0.0393461 0.0337903 0.0284761 0.0233781 0.018544 0.0140843 0.0101444 0.00686141 0.00431652
 0.00878079 0.0142626 0.0214584 0.0302861 0.0404226 0.0511489 0.0613162 0.0696159 0.0750419 0.0771977 0.0762606 0.0727411 0.0672857 0.0605919 0.0533494 0.0461463 0.0393713 0.033183 0.0275647 0.0224295 0.017717 0.0134422 0.00968852 0.00656245 0.00413527
 0.00871457 0.0141503 0.0212796 0.0300157 0.0400326 0.0506142 0.0606265 0.068794 0.0741653 0.0764151 0.0757817 0.0727827 0.0679751 0.0618739 0.0549647 0.0477163 0.0405544 0.0338063 0.0276581 0.0221605 0.0172868 0.0130074 0.00933403 0.00631229 0.00397799
 0.00869287 0.0141114 0.0212141 0.0299113 0.0398753 0.0503904 0.060325 0.0684091 0.0737005 0.0758922 0.0752541 0.0723456 0.0677569 0.061995 0.0554746 0.0485441 0.0415144 0.0346698 0.0282513 0.0224271 0.0172837 0.0128489 0.00912987 0.00613267 0.00384989
 0.00869076 0.0141075 0.0212069 0.0298982 0.0398517 0.0503488 0.0602552 0.0682985 0.0735368 0.0756673 0.0749704 0.0720239 0.0674438 0.0617632 0.0554056 0.0486935 0.0418752 0.0351601 0.0287431 0.0228037 0.0174876 0.0128935 0.00907317 0.00603871 0.00376274
 0.00867872 0.0140898 0.0211836 0.0298706 0.0398216 0.0503175 0.0602224 0.0682614 0.0734897 0.0756016 0.0748764 0.0718955 0.0672847 0.0615935 0.0552638 0.0486286 0.0419262 0.0353329 0.0289994 0.0230745 0.0177052 0.0130211 0.0091141 0.00602278 0.00372435
 0.00866927 0.0140741 0.0211596 0.0298365 0.0397768 0.0502637 0.060164 0.0682047 0.0734408 0.0755631 0.0748457 0.0718649 0.0672452 0.0615403 0.055202 0.0485762 0.0419097 0.0353748 0.0291043 0.023222 0.0178581 0.0131435 0.0091876 0.00605043 0.00372248
 0.00867451 0.0140808 0.0211662 0.0298403 0.0397745 0.0502521 0.0601415 0.068172 0.0734006 0.0755198 0.074804 0.0718278 0.0672125 0.0615091 0.0551697 0.0485439 0.0418855 0.0353718 0.0291332 0.0232833 0.0179392 0.0132241 0.00924992 0.00608696 0.00373652
 0.00867065 0.0140782 0.0211689 0.0298536 0.039803 0.0502968 0.0601971 0.0682278 0.073444 0.0755408 0.0747985 0.071798 0.0671648 0.0614511 0.0551076 0.0484829 0.0418306 0.0353293 0.02911 0.0232834 0.0179603 0.0132571 0.0092833 0.00611198 0.00375031
 0.00863545 0.0140239 0.021093 0.0297569 0.0396903 0.0501779 0.0600865 0.0681421 0.0733967 0.0755375 0.0748346 0.0718611 0.0672402 0.0615266 0.0551761 0.0485418 0.0418807 0.0353733 0.0291518 0.0233264 0.0180055 0.0133024 0.00932403 0.00614378 0.00377135
 0.00864579 0.0140348 0.0210987 0.0297485 0.0396587 0.050118 0.0600005 0.0680406 0.0732963 0.0754555 0.0747842 0.0718478 0.0672612 0.0615723 0.0552344 0.0486019 0.0419358 0.0354211 0.0291932 0.0233638 0.0180408 0.0133357 0.00935388 0.00616796 0.00378855
 0.00863461 0.0140194 0.0210802 0.0297289 0.0396391 0.0500964 0.0599716 0.0679976 0.0732351 0.0753794 0.0747043 0.0717804 0.0672209 0.0615671 0.0552632 0.0486559 0.0420032 0.035491 0.0292584 0.023421 0.0180896 0.0133765 0.00938684 0.00619313 0.0038062
 0.00860013 0.013969 0.0210151 0.0296541 0.0395625 0.0500268 0.0599163 0.0679604 0.0732155 0.0753725 0.0747034 0.0717803 0.0672213 0.061573 0.0552816 0.0486917 0.0420558 0.0355549 0.0293259 0.0234851 0.0181457 0.0134226 0.00942271 0.00621942 0.00382413
 0.00860013 0.013969 0.0210151 0.0296541 0.0395625 0.0500268 0.0599163 0.0679604 0.0732155 0.0753725 0.0747034 0.0717803 0.0672213 0.061573 0.0552816 0.0486917 0.0420558 0.0355549 0.0293259 0.0234851 0.0181457 0.0134226 0.00942271 0.00621942 0.00382413
 0.00884883 0.0143558 0.021563 0.030369 0.0404277 0.0509977 0.0609164 0.0688864 0.0739556 0.0758333 0.0748328 0.0715764 0.0667275 0.0608639 0.0544463 0.0478174 0.0412152 0.0347992 0.0286833 0.022965 0.0177442 0.0131278 0.00921796 0.00608608 0.00374342
 0.00898457 0.0145953 0.0219566 0.0309707 0.0412771 0.0520935 0.0621952 0.0702219 0.0751848 0.0767986 0.0754182 0.0717268 0.0664493 0.0602151 0.053521 0.0467279 0.0400733 0.0337009 0.027699 0.0221364 0.0170863 0.0126351 0.00887105 0.0058576 0.00360365
 0.00901834 0.0146596 0.0220724 0.031167 0.0415889 0.0525552 0.0628291 0.0710239 0.0761125 0.0777661 0.0763065 0.0724084 0.0668209 0.0602243 0.0531761 0.0460909 0.0392408 0.0327811 0.0267916 0.0213178 0.0164036 0.0121061 0.0084899 0.00560282 0.00344628
 0.00841367 0.0137023 0.0206855 0.0293123 0.0392934 0.0499431 0.060143 0.0686072 0.0743361 0.0769236 0.0765262 0.0736216 0.0687929 0.0626264 0.0556713 0.0484049 0.041202 0.0343243 0.0279338 0.022123 0.0169502 0.0124662 0.00872059 0.00574566 0.00353077
 0.008165 0.0132389 0.0198811 0.0280194 0.0373871 0.047388 0.0570551 0.0652699 0.0711548 0.0743356 0.0749024 0.0731887 0.0695882 0.0644939 0.0583012 0.0514112 0.0442119 0.0370511 0.0302112 0.0238994 0.0182569 0.0133784 0.00932619 0.00612709 0.00375722
 0.00848247 0.0137261 0.0205528 0.0288501 0.0382927 0.0482123 0.0575753 0.0652427 0.0704017 0.072837 0.072844 0.0709266 0.067544 0.0630269 0.0576108 0.0514992 0.0449123 0.0381057 0.0313586 0.0249427 0.0190906 0.0139791 0.0097225 0.00636907 0.00389472
 0.00868339 0.0140865 0.0211546 0.0297815 0.0396156 0.0499133 0.0595222 0.067176 0.0719797 0.0737227 0.0728055 0.0699159 0.0657259 0.0607429 0.0552815 0.0495004 0.0434743 0.0372759 0.0310336 0.0249437 0.0192419 0.0141562 0.00986356 0.00645939 0.00394372
#pred catch len freq
 0.00410652 0.00655517 0.00967413 0.0134304 0.0178029 0.0227487 0.0281356 0.0337227 0.0392111 0.044317 0.048816 0.0525638 0.0555046 0.0576619 0.0591035 0.0599032 0.0601148 0.0597566 0.0587803 0.0570185 0.0541529 0.0497895 0.0436795 0.0359956 0.0274552
 0.00439307 0.00692399 0.0100534 0.0137028 0.0178489 0.0225094 0.0276552 0.0331354 0.0386757 0.0439373 0.0485977 0.0524295 0.055353 0.0574322 0.0588142 0.059648 0.0600199 0.0599168 0.0592042 0.0576113 0.054752 0.0502359 0.0438863 0.0359744 0.0272894
 0.00463292 0.00731928 0.0106506 0.0145282 0.01888 0.0236446 0.0287092 0.0338847 0.0389494 0.0437013 0.0479706 0.0516121 0.0545215 0.0566713 0.0581268 0.0590156 0.0594574 0.0594786 0.0589438 0.0575309 0.0547842 0.0502737 0.0438405 0.0358172 0.0270558
 0.00489457 0.00772988 0.0112444 0.0153354 0.0199295 0.0249598 0.0302856 0.0356526 0.0407438 0.0452709 0.049045 0.0520044 0.054205 0.0557775 0.0568687 0.0575953 0.0580181 0.0581094 0.0577023 0.0564496 0.0538629 0.0494816 0.0431387 0.0351869 0.0265082
 0.00517435 0.00816751 0.0118721 0.016175 0.0209942 0.0262555 0.0318083 0.0373815 0.0426286 0.0472141 0.0508852 0.05352 0.0551587 0.0559935 0.0563028 0.056351 0.0562988 0.056143 0.0556819 0.0545105 0.0520862 0.0479087 0.0417886 0.0340697 0.0256303
 0.00547047 0.00863158 0.0125392 0.0170692 0.0221283 0.0276301 0.0334075 0.0391675 0.0445413 0.0491739 0.052793 0.055251 0.0565559 0.0568773 0.0565074 0.0557804 0.0549722 0.054199 0.0533377 0.0520019 0.0496198 0.0456405 0.0398238 0.0324689 0.0244123
 0.00581481 0.0091673 0.0133019 0.0180792 0.0233926 0.0291436 0.0351488 0.0410924 0.0465794 0.0512329 0.0547667 0.0570273 0.0580196 0.0579075 0.0569776 0.0555725 0.0540103 0.0524907 0.0509971 0.0492379 0.0466927 0.0428091 0.0373009 0.0303945 0.0228427
 0.00613574 0.00967492 0.0140403 0.019082 0.0246801 0.0307172 0.0369822 0.0431259 0.0487228 0.0533768 0.0567958 0.05883 0.0594927 0.058956 0.0575103 0.0555001 0.0532541 0.0510088 0.048822 0.0465032 0.0436299 0.0397072 0.0344434 0.0279964 0.0210119
 0.0065258 0.0102792 0.0148958 0.0202079 0.0260808 0.0323858 0.0388967 0.045239 0.0509544 0.0556148 0.0589078 0.0606811 0.0609632 0.0599521 0.0579627 0.0553538 0.0524611 0.0495355 0.0466763 0.0437709 0.0404981 0.0364503 0.0313679 0.025364 0.0189751
 0.00697727 0.0109735 0.0158679 0.0214668 0.0276136 0.0341639 0.0408763 0.0473575 0.0531294 0.0577483 0.0608926 0.0624073 0.0623258 0.0608587 0.0583398 0.0551479 0.051635 0.0480685 0.0445779 0.0411095 0.0374291 0.0332194 0.0282713 0.0226746 0.0168682
 0.00737197 0.0115932 0.0167598 0.0226608 0.0291185 0.0359619 0.0429148 0.0495459 0.0553479 0.0598676 0.0627936 0.0639918 0.0635179 0.0616008 0.0585869 0.0548633 0.0507889 0.0466425 0.0425792 0.038595 0.0345317 0.0301557 0.0253123 0.0200807 0.0148172
 0.00780416 0.0122664 0.017719 0.0239315 0.0307066 0.0378525 0.0450643 0.0518721 0.0577276 0.0621474 0.0648121 0.0656062 0.0646254 0.0621484 0.0585643 0.0542847 0.0496748 0.0450121 0.0404591 0.0360439 0.0316676 0.0271691 0.0224447 0.0175691 0.012827
 0.00823112 0.0129317 0.0186676 0.0251883 0.0322766 0.0397191 0.0471831 0.0541626 0.0600732 0.0644048 0.0668269 0.0672315 0.0657404 0.0626743 0.0584724 0.0535911 0.0484244 0.0432625 0.038274 0.0335039 0.0288916 0.0243279 0.0197481 0.0152217 0.0109713
 0.0084962 0.0133569 0.0192977 0.026063 0.033426 0.0411547 0.0488856 0.056074 0.0620971 0.0664179 0.0686931 0.0688162 0.0669243 0.0633649 0.0586132 0.053165 0.0474514 0.0417916 0.0363771 0.0312754 0.0264564 0.021846 0.0174033 0.0131873 0.00936555
 0.00865529 0.0136157 0.0196885 0.0266197 0.0341813 0.0421345 0.050099 0.0575023 0.0636876 0.0680834 0.07032 0.0702787 0.0681017 0.0641576 0.0589518 0.0530137 0.0468073 0.0406827 0.034861 0.0294402 0.0244221 0.0197619 0.0154335 0.0114804 0.00802025
 0.00874273 0.0137665 0.0199322 0.0269906 0.0347135 0.0428525 0.0510076 0.0585812 0.0648929 0.0693531 0.0715799 0.0714463 0.0690914 0.0648876 0.0593529 0.0530367 0.0464281 0.0399057 0.0337212 0.0280061 0.0227961 0.0180754 0.0138298 0.0100877 0.00692229
 0.0087607 0.0138095 0.0200234 0.0271635 0.0350074 0.0433044 0.0516409 0.0593961 0.0658608 0.0704169 0.0726611 0.0724579 0.0699519 0.0655312 0.0597315 0.0531185 0.046195 0.0393555 0.0328731 0.0269074 0.0215261 0.0167412 0.0125513 0.00897297 0.00604198
 0.00872061 0.0137407 0.0199153 0.0270088 0.0348105 0.0430912 0.0514647 0.059331 0.0659822 0.0707749 0.07326 0.0732509 0.0708523 0.0664325 0.0605289 0.0537245 0.0465477 0.0394206 0.0326456 0.0264133 0.020824 0.0159184 0.01171 0.00820888 0.00542252
