SBPRF35
7.78865
Curr Bio
576695
B35
708332
F35
0.226753
FOFL
0.193646
OFL
89599.2
Bzero
2.22533e+06
#pred survey bio
 4.62885e+06 4.3346e+06 4.06569e+06 3.77558e+06 3.46274e+06 3.13884e+06 2.79557e+06 2.5014e+06 2.25085e+06 2.0144e+06 1.78422e+06 1.53387e+06 1.34688e+06 1.18105e+06 1.04985e+06 931628 831500 758703 701782 662823 632585 615750 600839 604051 581095 577979 578654 590168 596793 591962 587681 588168 591397 571896 565530 549480 534840 536848 545548 550378 560100 564499 559291 560217 565039 556600 557416 557710 562995 570487 577675 585598 564728 575278 566391 562529 575406 2.1296e+07 1.32537e+07 1.37568e+07 1.43617e+07 1.4988e+07 1.55584e+07 1.60377e+07 1.64199e+07 1.67142e+07 1.69356e+07 1.70998e+07 1.72207e+07 1.73095e+07 1.73747e+07 1.74226e+07 1.74581e+07 1.74845e+07 1.75042e+07 1.7519e+07 1.75302e+07 1.75386e+07 1.75451e+07 1.755e+07 1.75537e+07 1.75566e+07 1.75588e+07 1.75605e+07 1.75618e+07 1.75628e+07 1.75636e+07 1.75642e+07 1.75646e+07 1.7565e+07 1.75653e+07 1.75655e+07 1.75657e+07 1.75658e+07 1.75659e+07 1.7566e+07 1.7566e+07 1.75661e+07 1.75661e+07 1.75661e+07 1.75661e+07 1.75662e+07 1.75662e+07 1.75662e+07 1.75662e+07 1.75662e+07 1.75662e+07 1.75662e+07 1.75662e+07 1.75662e+07 1.75662e+07 1.75662e+07 1.75662e+07 1.75662e+07 1.75662e+07 1.75662e+07 1.75662e+07 1.75662e+07 1.75662e+07 1.75662e+07 1.75662e+07 1.75662e+07 1.75662e+07 1.75662e+07 1.75662e+07 1.75662e+07 1.75662e+07 1.75662e+07 1.75662e+07 1.75662e+07 1.75662e+07 1.75662e+07 1.75662e+07 1.75662e+07 1.75662e+07 1.75662e+07 1.75662e+07 1.75662e+07 1.75662e+07 1.75662e+07 1.75662e+07 1.75662e+07 1.75662e+07 1.75662e+07 1.75662e+07 1.75662e+07 1.75662e+07 1.75662e+07 1.75662e+07 1.75662e+07 1.75662e+07 1.75662e+07 1.75662e+07 1.75662e+07 1.75662e+07 1.75662e+07 1.75662e+07 0 0 0 0 0 0 0 0 0 0 0 0 0 0 0 0 0 0 0 0 0 0 0 0 0
#obs survey bio
 3.75355e+06 3.71390e+06 4.041e+06 2.48571e+06 2.5269e+06 3.18746e+06 2.56977e+06 2.01649e+06 1.92299e+06 2.13580e+06 1.50518e+06 1.32488e+06 895671 966983 1.45438e+06 586884 615693 538663 600085 733652 613721 488256 523341 693591 483676 573660 518692 500721 762728 628708 518087 597660 742405 735218 619936 499402 662351 506235 730666 696210 399514 517331 516027 573685 647617 567624 469541 325373 513569 608510 709257 559219 668426 584371 600268 416401 595320
#pred catch bio
 99679.9 96953.4 143714 195627 239361 291670 280203 270177 282906 298130 331546 285820 273392 245611 234288 217231 191922 175896 156859 145127 130341 126064 108799 128166 108870 104693 95331 99321.2 107379 104490 98303.6 93690.4 109122 92994.1 96515.3 93049 81933.9 81913.3 88503.8 85286.7 89774.5 96805.9 90427.6 86713.5 97571.9 90052.2 92569 91326.8 91764.1 92785.2 92205 115884 90058.8 109137 108035 99323.4 88308.9 89599.2 106760 109914 113727 117945 121816 124987 127411 129177 130418 131267 131837 132213 132457 132615 132716 132780 132820 132846 132862 132872 132878 132882 132884 132886 132887 132887 132888 132888 132888 132888 132888 132888 132888 132888 132888 132888 132888 132888 132888 132888 132888 132888 132888 132888 132888 132888 132888 132888 132888 132888 132888 132888 132888 132888 132888 132888 132888 132888 132888 132888 132888 132888 132888 132888 132888 132888 132888 132888 132888 132888 132888 132888 132888 132888 132888 132888 132888 132888 132888 132888 132888 132888 132888 132888 132888 132888 132888 132888 132888 132888 132888 132888 132888 132888 132888 132888 132888 132888 132888 0 0 0 0 0 0 0 0 0 0 0 0 0 0 0 0 0 0 0 0 0 0 0 0 0
#obs catch bio
 0 96694.7 144094 196688 241266 295019 283506 273770 287221 303605 340137 292234 281021 251169 238160 221747 195586 180416 161153 147690 132437 128403 110079 130224 109820 105938 96027.3 100316 108487 105131 98975.8 94036.3 109871 93113.1 96286.4 92945.6 81285.1 81738.8 88227.2 84570.6 89105.6 96042.9 89533.8 85832.8 96497 88904.1 91700.8 91300 92160.1 92837.2 91592.1 115740 89212.6 108543 107457 98977.9 88191.6
#pred cpue bio
 4.551e+06 4.25976e+06 3.99274e+06 3.70337e+06 3.3921e+06 3.06999e+06 2.72882e+06 2.43619e+06 2.18684e+06 1.95185e+06 1.72371e+06 1.47659e+06 1.29221e+06 1.12921e+06 1.00065e+06 885057 787148 716047 660889 623808 595327 579505 565435 569020 547338 544551 545398 556711 563403 559249 555624 556590 560415 542412 537334 522665 508053 508169 515117 519741 529624 534251 529507 530582 535339 527108 527525 527040 531376 538465 545744 553704 533368 542956 533509 528575 539585 1.9985e+07 1.24631e+07 1.293e+07 1.34822e+07 1.40886e+07 1.46544e+07 1.51328e+07 1.55149e+07 1.58091e+07 1.60305e+07 1.61948e+07 1.63157e+07 1.64044e+07 1.64696e+07 1.65176e+07 1.6553e+07 1.65794e+07 1.65991e+07 1.66139e+07 1.66251e+07 1.66335e+07 1.664e+07 1.66449e+07 1.66486e+07 1.66515e+07 1.66537e+07 1.66554e+07 1.66567e+07 1.66577e+07 1.66585e+07 1.66591e+07 1.66596e+07 1.66599e+07 1.66602e+07 1.66604e+07 1.66606e+07 1.66607e+07 1.66608e+07 1.66609e+07 1.66609e+07 1.6661e+07 1.6661e+07 1.6661e+07 1.66611e+07 1.66611e+07 1.66611e+07 1.66611e+07 1.66611e+07 1.66611e+07 1.66611e+07 1.66611e+07 1.66611e+07 1.66611e+07 1.66611e+07 1.66611e+07 1.66611e+07 1.66611e+07 1.66611e+07 1.66611e+07 1.66611e+07 1.66611e+07 1.66611e+07 1.66611e+07 1.66611e+07 1.66611e+07 1.66611e+07 1.66611e+07 1.66611e+07 1.66611e+07 1.66611e+07 1.66611e+07 1.66611e+07 1.66611e+07 1.66611e+07 1.66611e+07 1.66611e+07 1.66611e+07 1.66611e+07 1.66611e+07 1.66611e+07 1.66611e+07 1.66611e+07 1.66611e+07 1.66611e+07 1.66611e+07 1.66611e+07 1.66611e+07 1.66611e+07 1.66611e+07 1.66611e+07 1.66611e+07 1.66611e+07 1.66611e+07 1.66611e+07 1.66611e+07 1.66611e+07 1.66611e+07 1.66611e+07 1.66611e+07 1.66611e+07 0 0 0 0 0 0 0 0 0 0 0 0 0 0 0 0 0 0 0 0 0 0 0 0 0
#obs cpue bio
 3.3908e+06 4.45191e+06 2.45654e+06 3.44315e+06 3.02432e+06 3.09006e+06 2.09250e+06 2.14564e+06 2.27052e+06 1.35174e+06 1.48586e+06 1.24824e+06 1.17321e+06 1.26814e+06 857808 870964 805147 514070 436468 689074 456674 520237 559626 490826 629357 398331 610883 497330 431657 603593 512895 564663 471781 445515 765919 548898 705224 360674 493251 631697 779845 725820 735882 584447 659911 629762 585931 453756 403208 682314 714995 566073 591004 566419 509458 661400 411421
#pred surv len freq
 0.00460655 0.00744322 0.0111419 0.0156817 0.0209809 0.0268325 0.0328602 0.0385885 0.0436043 0.0476852 0.0508101 0.0530886 0.0546851 0.055765 0.0564546 0.0568156 0.0568443 0.0564816 0.0556065 0.0540011 0.0513291 0.0472058 0.0414024 0.0340981 0.025987
 0.00498297 0.00796769 0.011774 0.0163415 0.0215866 0.0273516 0.0333369 0.0391172 0.0442594 0.0484491 0.0515511 0.0536068 0.0548012 0.0554019 0.0556728 0.0557909 0.0558004 0.0556072 0.0549892 0.0536073 0.0510398 0.0468906 0.0409899 0.0336024 0.0254817
 0.00512608 0.00824432 0.0122654 0.017134 0.0227323 0.0288187 0.0349844 0.0407281 0.045627 0.0494618 0.0522125 0.0539771 0.0549131 0.0552223 0.0551385 0.0548818 0.0545892 0.0542459 0.0536452 0.0523925 0.0499804 0.0459508 0.0401272 0.03281 0.0247913
 0.00530527 0.00852018 0.012657 0.0176627 0.0234334 0.0297483 0.0362061 0.0422716 0.0474368 0.0513732 0.0539849 0.0553758 0.0557863 0.0555238 0.0548934 0.0541417 0.0534187 0.052739 0.0519338 0.0506245 0.0482806 0.0443982 0.0387617 0.0316555 0.0238673
 0.00551536 0.0088583 0.0131589 0.018358 0.0243396 0.0308649 0.0375112 0.043729 0.0490072 0.0530167 0.055642 0.0569404 0.0571001 0.0564093 0.0552086 0.0538212 0.0524807 0.0512691 0.0500656 0.0485223 0.0461182 0.042335 0.0369231 0.030124 0.0226812
 0.00576278 0.0092522 0.013737 0.0191521 0.0253723 0.0321434 0.0390173 0.0454118 0.0507859 0.0547943 0.0573236 0.0584427 0.0583461 0.0573133 0.055669 0.0537344 0.0517745 0.0499365 0.0481809 0.046235 0.0436294 0.0398633 0.0346675 0.0282309 0.021224
 0.00608305 0.00976037 0.014479 0.0201636 0.0266743 0.0337347 0.0408642 0.047442 0.0528932 0.0568539 0.0592095 0.0600432 0.0595728 0.0581019 0.0559695 0.0534998 0.0509585 0.0485115 0.0461693 0.0437374 0.0408302 0.0370055 0.0320036 0.0259661 0.0194731
 0.00638944 0.0102474 0.0151921 0.0211393 0.0279363 0.0352862 0.0426778 0.0494524 0.0550006 0.0589368 0.061141 0.0617041 0.060862 0.0589416 0.0563053 0.0532941 0.0501839 0.047152 0.0442381 0.0413061 0.0380512 0.0341072 0.0292492 0.0235889 0.017617
 0.00664627 0.0106616 0.0158097 0.0220024 0.0290771 0.0367168 0.0443774 0.0513608 0.0570227 0.0609559 0.0630348 0.0633567 0.0621718 0.0598264 0.0567041 0.0531648 0.0494996 0.0459012 0.0424354 0.0390136 0.0354017 0.0313088 0.0265546 0.0212349 0.0157607
 0.00685653 0.0110092 0.0163441 0.022775 0.0301333 0.0380816 0.0460393 0.0532623 0.0590635 0.0630083 0.064962 0.0650298 0.0634825 0.0606939 0.0570752 0.0530087 0.0488014 0.0446602 0.0406725 0.03679 0.0328403 0.0286009 0.0239371 0.0189356 0.013937
 0.00705082 0.0113299 0.0168371 0.0234888 0.0311133 0.0393581 0.0476123 0.0550894 0.0610584 0.0650487 0.0669048 0.0667305 0.0648143 0.0615625 0.0574244 0.0528155 0.0480667 0.0434013 0.0389252 0.0346224 0.030371 0.0260073 0.0214366 0.0167391 0.0121916
 0.00738148 0.0118554 0.017606 0.0245403 0.0324724 0.0410274 0.04956 0.0572403 0.0632956 0.0672273 0.068871 0.0683408 0.0659522 0.0621508 0.0574287 0.0522401 0.0469438 0.0417804 0.0368707 0.0322214 0.0277479 0.0233314 0.0189073 0.0145453 0.0104621
 0.00760313 0.0122147 0.0181452 0.0252992 0.0334822 0.042301 0.0510796 0.0589513 0.0651108 0.0690385 0.0705625 0.0697988 0.067073 0.0628487 0.057644 0.051944 0.0461388 0.0404981 0.0351693 0.0301878 0.0255039 0.0210341 0.0167342 0.0126609 0.00897648
 0.00781858 0.0125631 0.0186666 0.026031 0.0344535 0.0435228 0.0525328 0.060579 0.066821 0.0707172 0.0720904 0.0710673 0.0679958 0.0633665 0.0577243 0.0515768 0.0453335 0.0392828 0.0335943 0.0283313 0.0234766 0.0189775 0.0148047 0.0109991 0.00767343
 0.00807686 0.0129595 0.0192204 0.0267471 0.0353262 0.0445404 0.0536776 0.061822 0.0681163 0.0720003 0.0732818 0.072082 0.0687545 0.0638072 0.057808 0.0512881 0.0446772 0.0382814 0.032289 0.0267871 0.0217871 0.017263 0.0131976 0.00961741 0.00659234
 0.00835918 0.0134094 0.0198794 0.0276442 0.0364689 0.0459023 0.0551893 0.0633739 0.0695805 0.0732614 0.0742596 0.0727357 0.0690731 0.0637962 0.0574809 0.0506634 0.0437782 0.0371379 0.0309408 0.0252894 0.0202157 0.0157137 0.0117748 0.00841231 0.00565991
 0.00862189 0.0138259 0.0204866 0.0284701 0.0375279 0.0471875 0.0566608 0.0649506 0.0711432 0.0746693 0.0753776 0.0734622 0.0693592 0.0636492 0.0569511 0.0498217 0.0426964 0.0358786 0.0295586 0.0238386 0.018759 0.0143246 0.0105306 0.00737804 0.00487083
 0.00867931 0.0139382 0.0206909 0.0288133 0.0380566 0.0479312 0.057616 0.0660742 0.0723578 0.0758766 0.0764718 0.0743421 0.0699408 0.0638794 0.056817 0.0493508 0.0419457 0.0349191 0.0284618 0.0226722 0.0175883 0.013215 0.00954424 0.00656401 0.00425369
 0.00861327 0.0138493 0.0205933 0.0287362 0.0380431 0.048032 0.0578798 0.0665355 0.073023 0.0767134 0.0774074 0.0752754 0.070763 0.0644956 0.0571622 0.0493972 0.041703 0.0344275 0.0277823 0.0218752 0.0167459 0.0123956 0.00880729 0.0059532 0.00379028
 0.0086751 0.0139159 0.0206322 0.0287008 0.0378899 0.047748 0.0575025 0.0661526 0.0727481 0.0766482 0.0776088 0.0757381 0.0714222 0.0652452 0.0578814 0.0499782 0.0420716 0.0345532 0.0276766 0.0215822 0.016329 0.0119246 0.00834655 0.00555209 0.00347688
 0.00879758 0.0140981 0.0208725 0.0289805 0.038171 0.0479747 0.0576104 0.0660879 0.0724947 0.0762494 0.0771655 0.0753768 0.0712471 0.0652988 0.058133 0.0503418 0.0424401 0.0348329 0.0278101 0.0215558 0.0161673 0.011676 0.00806669 0.0052892 0.00326227
 0.00881703 0.0141305 0.0209224 0.0290512 0.0382621 0.0480782 0.0577069 0.0661467 0.0724797 0.0761326 0.0769438 0.0750846 0.0709539 0.065088 0.0580695 0.0504435 0.0426706 0.0351176 0.0280669 0.0217243 0.0162237 0.0116324 0.00795817 0.00515672 0.00313891
 0.00879232 0.0140966 0.0208832 0.0290147 0.0382388 0.0480779 0.0577352 0.0662015 0.0725497 0.076197 0.0769767 0.0750638 0.0708735 0.0649668 0.0579485 0.0503706 0.0426773 0.0352035 0.0281995 0.0218557 0.016313 0.0116612 0.00793254 0.00509831 0.00307204
 0.0086668 0.0138928 0.0205781 0.0285903 0.0376899 0.0474221 0.0570212 0.0655074 0.0719673 0.0758073 0.0768273 0.0751584 0.0711759 0.0654162 0.0584802 0.0509326 0.0432365 0.0357393 0.0286934 0.0222853 0.0166562 0.0119055 0.00808189 0.00517195 0.00309635
 0.00885007 0.0141661 0.0209424 0.0290272 0.0381623 0.0478792 0.0574044 0.0657596 0.0720459 0.0756983 0.0765525 0.0747694 0.0707367 0.0649849 0.0580974 0.0506195 0.0429998 0.0355773 0.0285983 0.0222429 0.016647 0.0119091 0.00808317 0.00516454 0.0030818
 0.00883541 0.0141475 0.0209236 0.0290135 0.0381578 0.0478823 0.0574052 0.0657418 0.0719926 0.0756005 0.0764145 0.0746096 0.0705828 0.0648662 0.0580355 0.050623 0.0430639 0.0356871 0.0287347 0.0223867 0.0167815 0.0120213 0.00816589 0.00521725 0.00310976
 0.00888387 0.0142067 0.0209772 0.0290358 0.0381223 0.0477748 0.0572331 0.0655323 0.0717814 0.0754166 0.076272 0.0745092 0.0705198 0.064838 0.0580442 0.0506726 0.0431554 0.035815 0.0288864 0.0225458 0.0169313 0.0121487 0.00826342 0.00528396 0.00314998
 0.00871631 0.0139651 0.0206696 0.0286862 0.0377607 0.0474224 0.0568948 0.0652029 0.0714617 0.0751273 0.0760535 0.0744057 0.0705593 0.0650198 0.058342 0.0510468 0.0435662 0.0362295 0.0292798 0.0228994 0.0172317 0.0123882 0.00844093 0.00540501 0.00322518
 0.00851606 0.0136613 0.0202543 0.0281703 0.0371748 0.0468149 0.0563267 0.0647368 0.0711448 0.0749765 0.0760541 0.0745258 0.0707694 0.0653036 0.0586918 0.0514528 0.0440097 0.0366839 0.0297167 0.0232947 0.0175682 0.0126569 0.00864102 0.00554279 0.00331214
 0.00849849 0.0136194 0.0201672 0.0280121 0.036923 0.0464632 0.0558961 0.0642764 0.0707201 0.0746495 0.0758644 0.0744817 0.0708512 0.0654769 0.0589233 0.0517199 0.0442997 0.0369876 0.0300221 0.0235859 0.0178288 0.012874 0.00880834 0.0056614 0.00338896
 0.008437 0.0135303 0.020052 0.027876 0.0367692 0.046287 0.0556832 0.0640109 0.0703992 0.0742964 0.0755283 0.0742232 0.0707197 0.0654926 0.0590739 0.0519712 0.0446112 0.0373239 0.0303568 0.0238995 0.0181063 0.0131046 0.00898669 0.00578866 0.0034721
 0.00827334 0.0132819 0.0197116 0.0274505 0.0362792 0.0457642 0.0551672 0.0635432 0.070015 0.0740164 0.0753589 0.0741641 0.0707724 0.0656623 0.0593618 0.0523648 0.0450809 0.0378291 0.0308558 0.024358 0.0185009 0.0134232 0.00922718 0.0059572 0.00358091
 0.00798571 0.0128465 0.0191169 0.0267085 0.0354235 0.0448451 0.0542484 0.0626994 0.0693234 0.0735436 0.0751454 0.0742166 0.0710667 0.0661538 0.059999 0.0530978 0.0458638 0.038618 0.0316083 0.0250364 0.019077 0.0138823 0.00956886 0.00619337 0.00373153
 0.00783102 0.0126103 0.0187907 0.0262959 0.0349407 0.0443202 0.0537192 0.0622097 0.0689154 0.0732483 0.074978 0.0741776 0.0711479 0.0663431 0.0602827 0.05346 0.0462859 0.039078 0.0320803 0.0254917 0.0194878 0.0142272 0.00983669 0.00638481 0.00385682
 0.00781395 0.0125432 0.018618 0.0259451 0.0343445 0.0434505 0.0526158 0.0609841 0.0677245 0.0722512 0.0742963 0.0738739 0.0712233 0.0667494 0.0609418 0.0542841 0.0471923 0.0399972 0.0329572 0.0262844 0.0201667 0.0147749 0.0102501 0.00667427 0.00404342
 0.00854206 0.0135808 0.0199059 0.0273274 0.035602 0.0443606 0.0530103 0.060783 0.0669477 0.0710145 0.0727905 0.0723234 0.0698336 0.0656628 0.0602186 0.053912 0.047112 0.0401289 0.0332213 0.0266115 0.020502 0.0150793 0.0104998 0.00686045 0.00416945
 0.00938388 0.0148814 0.0217286 0.0296646 0.0383528 0.0473134 0.055839 0.063087 0.0683471 0.071269 0.07188 0.0704469 0.0673342 0.0629238 0.0575736 0.0515919 0.0452328 0.0387097 0.0322166 0.0259449 0.02009 0.0148455 0.0103812 0.00680927 0.00415293
 0.00922059 0.0147465 0.0217657 0.0300848 0.0393754 0.0490693 0.0582843 0.0659729 0.0712655 0.073753 0.0735204 0.0709927 0.0667497 0.0613864 0.0554101 0.0491786 0.0428993 0.0366802 0.0305971 0.024745 0.0192592 0.0143067 0.0100545 0.00662506 0.00405703
 0.0087557 0.0140491 0.0208341 0.0289805 0.0382374 0.0481169 0.0577951 0.0662184 0.0724064 0.0757358 0.0760444 0.0735821 0.0689069 0.0627498 0.0558485 0.0487929 0.041948 0.0354719 0.0293976 0.0237252 0.0184896 0.0137823 0.00972908 0.00644072 0.00396185
 0.00864316 0.0138346 0.0204554 0.0283671 0.0373374 0.0469388 0.0564462 0.064915 0.0714383 0.0753888 0.0765016 0.0748418 0.0707539 0.0648084 0.0577029 0.0501251 0.0426277 0.0355623 0.0290877 0.0232354 0.0179962 0.0133845 0.00945584 0.00627679 0.00387511
 0.00852839 0.0136595 0.0202102 0.0280419 0.0369145 0.0463863 0.0557253 0.0640069 0.0703846 0.0743222 0.0756391 0.0744259 0.0709595 0.065657 0.0590343 0.0516477 0.0440266 0.0366105 0.0297064 0.0234819 0.018001 0.0132816 0.00933827 0.006188 0.00382259
 0.0084346 0.0135168 0.0200139 0.0277946 0.0366246 0.0460647 0.0553801 0.0636376 0.0699799 0.0738681 0.0751419 0.0739399 0.0705954 0.0655519 0.0592882 0.0522613 0.0448835 0.037521 0.0304876 0.0240268 0.0182997 0.0133938 0.009346 0.00615753 0.00379076
 0.00850956 0.0136195 0.0201332 0.0279083 0.0367063 0.0460931 0.0553468 0.0635466 0.0698393 0.0736811 0.0749028 0.0736421 0.0702493 0.0652022 0.0590131 0.052145 0.0449726 0.0377933 0.0308577 0.0243873 0.0185703 0.0135478 0.00940335 0.00615832 0.0037708
 0.00852503 0.0136448 0.0201706 0.0279572 0.0367603 0.0461376 0.0553589 0.0635017 0.0697224 0.0734953 0.07467 0.0733928 0.0700107 0.0649931 0.0588507 0.0520527 0.0449781 0.0379119 0.0310749 0.0246562 0.0188304 0.0137517 0.00953343 0.00622425 0.00379527
 0.00853493 0.0136541 0.0201723 0.0279414 0.0367176 0.0460634 0.0552564 0.0633803 0.0695918 0.0733613 0.0745343 0.0732576 0.0698831 0.0648856 0.0587774 0.0520269 0.0450107 0.0380097 0.0312349 0.0248606 0.0190475 0.013947 0.00968254 0.00632086 0.00384805
 0.00877896 0.0140165 0.0206532 0.0285168 0.0373437 0.0466863 0.0558196 0.0638306 0.0698847 0.0734674 0.0744448 0.0729848 0.0694575 0.0643511 0.0581863 0.0514338 0.0444657 0.037552 0.0308872 0.0246262 0.0189116 0.0138821 0.00965874 0.00631448 0.00384579
 0.00903896 0.0144072 0.0211805 0.0291626 0.0380675 0.047431 0.056518 0.0644118 0.0702858 0.0736475 0.0743939 0.0727232 0.0690257 0.0637986 0.0575637 0.0507895 0.0438444 0.0369928 0.0304198 0.0242663 0.0186584 0.0137207 0.00956564 0.00626531 0.0038212
 0.00908537 0.0145129 0.0213939 0.0295429 0.0386648 0.0482568 0.0575213 0.065479 0.0712689 0.0744062 0.0748321 0.0728048 0.0687713 0.0632694 0.0568429 0.0499645 0.0429955 0.036186 0.0297047 0.0236741 0.0182015 0.0133936 0.00934894 0.00613263 0.00374597
 0.00885796 0.0141906 0.0209992 0.0291336 0.0383269 0.0480864 0.0576026 0.0658613 0.0719445 0.0752989 0.0758058 0.0736979 0.0694434 0.0636396 0.0569008 0.0497582 0.0426053 0.0357 0.0292007 0.0232111 0.0178161 0.0131005 0.00914509 0.00600297 0.00367059
 0.00869118 0.0139198 0.0205953 0.0285779 0.0376246 0.047284 0.0567989 0.0651978 0.0715709 0.0753229 0.0762523 0.0744958 0.0704462 0.064669 0.0577973 0.0504192 0.0429991 0.0358558 0.0291836 0.0230951 0.0176648 0.0129573 0.0090321 0.0059255 0.00362363
 0.00866311 0.0138604 0.0204797 0.0283725 0.0372935 0.0468017 0.0561656 0.0644539 0.0708022 0.0746523 0.0758142 0.0743967 0.0707254 0.0652784 0.0586143 0.0512867 0.0437758 0.0364525 0.0295747 0.0233062 0.017748 0.0129674 0.0090116 0.00589974 0.00360359
 0.00870046 0.0139095 0.020531 0.0284067 0.0372825 0.0467123 0.0559655 0.0641203 0.0703331 0.0740787 0.0752059 0.0738557 0.0703618 0.0651762 0.0587993 0.0517139 0.0443445 0.0370427 0.0300869 0.0236867 0.0179908 0.0130992 0.00907036 0.00591936 0.00360667
 0.00911896 0.0145414 0.0213903 0.029471 0.0384948 0.0479874 0.0571943 0.065175 0.0710811 0.0744085 0.0750568 0.0732401 0.0693705 0.0639615 0.0575384 0.0505632 0.0434009 0.0363308 0.0295743 0.0233158 0.0177097 0.0128766 0.00889462 0.00578773 0.00351626
 0.00918482 0.0146547 0.0215714 0.0297401 0.0388645 0.048452 0.0577225 0.0657107 0.0715563 0.07476 0.0752381 0.0732258 0.069158 0.063574 0.0570275 0.0500035 0.0428725 0.0358952 0.0292574 0.0231076 0.0175793 0.0127915 0.00883286 0.0057399 0.00348023
 0.00954459 0.0151955 0.0223038 0.0306459 0.0399038 0.0495736 0.0588685 0.0668126 0.0725303 0.0755109 0.0756748 0.0732829 0.0688148 0.062863 0.0560286 0.0488284 0.0416449 0.0347291 0.0282385 0.0222821 0.0169536 0.0123436 0.00852763 0.00554125 0.00335738
 0.00984315 0.0156646 0.0229775 0.0315403 0.0410085 0.0508429 0.0602155 0.0681164 0.0736598 0.0763561 0.0761668 0.0733951 0.0685522 0.0622534 0.0551224 0.0477009 0.0403931 0.033461 0.0270549 0.0212594 0.0161332 0.0117309 0.00810061 0.00526321 0.00318839
 0.00944872 0.0151328 0.0223798 0.0310123 0.0407139 0.0509145 0.0607044 0.0689761 0.0747674 0.0775524 0.0772956 0.0743302 0.069211 0.0625986 0.0551556 0.0474541 0.0399223 0.0328403 0.0263686 0.020589 0.015543 0.0112583 0.00775472 0.00503106 0.00304528
#obs surv len freq
 nan nan nan nan nan nan nan nan nan nan nan nan nan nan nan nan nan nan nan nan nan nan nan nan nan
 0.00448985 0.00735346 0.0111854 0.0160027 0.0217032 0.0279773 0.0342893 0.0400181 0.0446955 0.0481575 0.0505138 0.0520083 0.0528994 0.0534109 0.0537244 0.0539788 0.054257 0.0545494 0.054688 0.0542799 0.052718 0.0493505 0.043801 0.0362819 0.0276665
 0.00460985 0.00755354 0.0114953 0.0164522 0.0223139 0.0287515 0.0351987 0.0410015 0.0456682 0.0490293 0.0512068 0.0524679 0.053099 0.0533508 0.0534274 0.0534822 0.0536042 0.0537828 0.0538465 0.0534002 0.0518389 0.0485148 0.0430532 0.0356599 0.0271912
 0.00477741 0.00782518 0.011903 0.0170259 0.0230769 0.029712 0.0363393 0.0422733 0.0469923 0.050307 0.0523337 0.0533481 0.0536578 0.0535446 0.0532475 0.0529517 0.0527701 0.0527062 0.0525947 0.052044 0.050454 0.0471819 0.0418524 0.0346574 0.0264236
 0.00497522 0.00814776 0.0123903 0.0177152 0.0239958 0.0308667 0.0377035 0.0437844 0.0485607 0.0518322 0.0537171 0.0544988 0.0544945 0.0539991 0.0532723 0.0525289 0.0519153 0.0514678 0.0510486 0.0502887 0.0486055 0.0453682 0.0401995 0.0332682 0.0253559
 0.00518029 0.00848553 0.0129068 0.0184562 0.0249978 0.0321428 0.039229 0.0454914 0.0503477 0.0535835 0.0553212 0.0558585 0.0555286 0.0546406 0.0534669 0.0522379 0.0511231 0.0501913 0.0493451 0.0482598 0.0463939 0.0431454 0.0381413 0.0315208 0.0240046
 0.00541055 0.00886253 0.0134793 0.0192719 0.0260947 0.0335354 0.0408932 0.0473586 0.0523127 0.0555231 0.0571131 0.0573936 0.0567163 0.0554093 0.0537617 0.0520177 0.0503622 0.0488872 0.0475337 0.0460301 0.0438959 0.0405791 0.0357254 0.0294456 0.022387
 0.0056355 0.00923139 0.0140405 0.0200731 0.0271743 0.034909 0.0425392 0.0492124 0.0542751 0.0574784 0.0589457 0.0589978 0.0579999 0.0562941 0.0541834 0.0519249 0.0497175 0.0476739 0.0457696 0.043788 0.0413183 0.0378747 0.0331365 0.0271928 0.020614
 0.00587339 0.00962078 0.0146315 0.0209142 0.0283033 0.0363386 0.0442422 0.0511164 0.0562733 0.0594498 0.0607748 0.0605848 0.0592625 0.0571648 0.0546057 0.0518502 0.049105 0.0464974 0.0440332 0.0415488 0.038707 0.0350972 0.0304445 0.0248256 0.0187349
 0.00612419 0.01003 0.0152502 0.0217909 0.0294745 0.0378146 0.0459915 0.0530609 0.058299 0.061429 0.0625873 0.06213 0.0604629 0.057963 0.0549588 0.0517229 0.0484661 0.0453228 0.042321 0.0393436 0.0361246 0.0323321 0.0277442 0.0224331 0.0168227
 0.00637051 0.0104351 0.0158683 0.0226748 0.0306651 0.0393231 0.0477829 0.0550488 0.0603585 0.0634223 0.0643871 0.0636333 0.0615941 0.0586718 0.0552137 0.0515038 0.0477573 0.0441129 0.0406133 0.0371789 0.0336064 0.0296387 0.0251085 0.0200894 0.0149416
 0.00660477 0.0108212 0.0164593 0.0235234 0.0318131 0.0407853 0.0495295 0.0569985 0.0623899 0.0653961 0.0661698 0.0651131 0.062688 0.059327 0.0554028 0.0512173 0.0469945 0.0428785 0.0389233 0.0350781 0.0311923 0.0270737 0.022605 0.0178634 0.0131523
 0.0068385 0.0112031 0.0170376 0.0243443 0.0329122 0.0421732 0.0511774 0.0588323 0.064299 0.0672533 0.0678512 0.0665115 0.0637199 0.059935 0.0555557 0.0509049 0.0462218 0.0416606 0.0372879 0.0330779 0.0289228 0.0246841 0.0202861 0.0158078 0.0115018
 0.00706802 0.0115779 0.0176047 0.0251476 0.0339837 0.0435185 0.0527615 0.0605756 0.0660892 0.0689677 0.069377 0.0677569 0.0646167 0.0604373 0.0556372 0.0505566 0.0454486 0.0404798 0.0357318 0.0312028 0.0268221 0.0224951 0.0181786 0.0139498 0.0100152
 0.00726217 0.0119012 0.018105 0.0258737 0.0349737 0.0447831 0.0542677 0.0622417 0.0677983 0.0705917 0.0708001 0.0688889 0.0653972 0.0608326 0.0556352 0.0501602 0.0446708 0.0393425 0.0342692 0.0294706 0.0249079 0.0205229 0.016297 0.0123026 0.00870411
 0.00743037 0.0121765 0.018523 0.0264695 0.0357761 0.0458046 0.0554927 0.0636201 0.0692486 0.0720134 0.0720885 0.0699494 0.0661559 0.0612424 0.055676 0.0498339 0.0439943 0.0383427 0.0329841 0.0279552 0.023243 0.0188179 0.0146798 0.0108943 0.00758792
 0.00752741 0.0123349 0.0187629 0.0268114 0.0362381 0.0463985 0.0562183 0.064462 0.0701763 0.0729837 0.0730482 0.0708368 0.0669047 0.0617882 0.0559649 0.0498298 0.0436826 0.0377299 0.0320968 0.0268417 0.021976 0.017494 0.0134096 0.00978091 0.0067024
 0.00759114 0.0124351 0.018908 0.0270076 0.0364905 0.0467107 0.0565921 0.0648965 0.0706674 0.0735237 0.0736238 0.0714266 0.0674756 0.0622952 0.0563543 0.0500471 0.0436822 0.0374845 0.0316042 0.0261285 0.0210984 0.0165339 0.0124625 0.00893661 0.00602385
 0.0076681 0.0125517 0.0190674 0.0272073 0.0367232 0.0469663 0.0568602 0.0651679 0.0709363 0.0737897 0.073892 0.0717036 0.0677634 0.0625843 0.0566199 0.0502502 0.043776 0.0374253 0.0313638 0.0257049 0.0205215 0.015863 0.0117747 0.00830835 0.005511
 0.00771946 0.0126329 0.019185 0.0273648 0.0369192 0.0471928 0.0571014 0.0654027 0.071144 0.0739582 0.074022 0.0718076 0.0678591 0.0626861 0.056731 0.0503579 0.0438521 0.0374319 0.0312644 0.025478 0.0201715 0.0154232 0.0113 0.00785924 0.00513553
 0.00777241 0.0127118 0.0192906 0.0274933 0.037064 0.0473467 0.0572578 0.0655551 0.0712854 0.0740805 0.0741184 0.0718755 0.0679024 0.0627143 0.0567553 0.0503841 0.0438745 0.0374319 0.0312154 0.0253556 0.0199657 0.0151462 0.010985 0.00754928 0.00486875
 0.00781469 0.0127754 0.0193764 0.0275984 0.0371815 0.0474672 0.0573705 0.0656502 0.0713564 0.0741267 0.0741442 0.0718884 0.0679093 0.0627199 0.0567624 0.0503936 0.0438842 0.0374338 0.0311947 0.0252951 0.0198531 0.0149828 0.0107878 0.00734602 0.00468747
 0.00782572 0.0127914 0.019397 0.0276218 0.037205 0.0474878 0.0573858 0.0656586 0.0713581 0.0741236 0.0741407 0.0718903 0.0679221 0.0627474 0.0568047 0.0504474 0.0439431 0.0374883 0.0312332 0.0253045 0.0198235 0.0149119 0.0106845 0.00722815 0.00457523
 0.00788705 0.0128835 0.019521 0.0277733 0.0373745 0.047662 0.0575492 0.065795 0.0714527 0.0741668 0.0741304 0.0718324 0.0678293 0.0626355 0.0566895 0.0503411 0.0438522 0.0374133 0.0311687 0.0252419 0.0197538 0.0148302 0.0105926 0.00713409 0.00448973
 0.00789604 0.0129006 0.0195512 0.0278219 0.0374453 0.047754 0.0576549 0.0659008 0.0715432 0.0742295 0.0741592 0.071828 0.0677972 0.0625838 0.0566271 0.0502766 0.0437926 0.0373623 0.0311258 0.0252028 0.0197128 0.0147828 0.0105383 0.00707699 0.00443636
 0.00787949 0.0128727 0.0195078 0.0277598 0.0373644 0.04766 0.0575605 0.0658233 0.0714991 0.0742275 0.0741972 0.0718952 0.0678789 0.0626671 0.0567036 0.0503426 0.0438479 0.037408 0.0311627 0.0252302 0.0197286 0.0147853 0.010528 0.0070573 0.0044127
 0.00787518 0.01286 0.0194784 0.0277028 0.0372693 0.0475222 0.0573855 0.0656289 0.0713115 0.074076 0.0741058 0.0718766 0.0679318 0.0627776 0.0568503 0.0505036 0.0440054 0.0375507 0.0312845 0.0253285 0.0198025 0.0148354 0.0105565 0.00706854 0.00441259
 0.00787246 0.0128509 0.0194559 0.027657 0.0371893 0.0473995 0.0572179 0.0654231 0.0710842 0.0738518 0.0739142 0.0717457 0.0678819 0.0628155 0.0569675 0.0506792 0.0442126 0.0377632 0.0314819 0.0254978 0.0199375 0.014935 0.0106236 0.00710888 0.00443336
 0.00789396 0.0128819 0.0194946 0.0276984 0.0372251 0.0474189 0.0572089 0.0653748 0.0709901 0.0737134 0.0737433 0.071564 0.067717 0.062694 0.0569085 0.0506889 0.0442832 0.0378767 0.0316156 0.0256305 0.020054 0.015027 0.0106892 0.00715088 0.00445712
 0.00788526 0.0128727 0.0194897 0.0277046 0.0372484 0.0474608 0.0572631 0.0654274 0.0710233 0.0737113 0.073697 0.071475 0.067597 0.0625634 0.0567912 0.0506064 0.0442489 0.037892 0.0316708 0.025709 0.020138 0.0151025 0.0107484 0.00719178 0.0044821
 0.00784433 0.0128046 0.0193853 0.0275564 0.0370549 0.0472311 0.0570204 0.0652051 0.0708551 0.0736187 0.0736826 0.0715238 0.0676858 0.0626708 0.0569045 0.0507232 0.0443729 0.0380276 0.0318179 0.0258609 0.0202832 0.0152294 0.010849 0.00726384 0.0045286
 0.0078229 0.0127662 0.0193209 0.0274552 0.036907 0.0470318 0.0567746 0.0649307 0.0705814 0.0733814 0.0735152 0.0714484 0.0677067 0.0627746 0.0570666 0.050917 0.044578 0.038232 0.0320156 0.0260474 0.0204528 0.0153751 0.0109652 0.00734871 0.00458486
 0.00781108 0.0127456 0.0192869 0.0274021 0.0368284 0.0469218 0.0566296 0.0647516 0.0703757 0.0731644 0.0733095 0.0712812 0.0676033 0.0627513 0.0571254 0.0510455 0.0447545 0.0384327 0.0322206 0.0262424 0.0206282 0.0155242 0.0110839 0.00743618 0.00464377
 0.00776428 0.0126712 0.0191784 0.0272549 0.0366415 0.0466991 0.0563816 0.064495 0.0701302 0.0729489 0.0731392 0.071167 0.067554 0.0627735 0.057222 0.0512123 0.0449786 0.0386938 0.0324944 0.0265065 0.020865 0.0157225 0.0112389 0.00754851 0.00471874
 0.00772972 0.0126124 0.0190852 0.0271171 0.0364513 0.0464561 0.0560964 0.0641895 0.0698337 0.0726906 0.0729418 0.0710444 0.067511 0.0628089 0.0573307 0.0513866 0.0452077 0.0389623 0.0327826 0.0267922 0.0211274 0.015946 0.0114151 0.00767675 0.00480438
 0.00932936 0.014852 0.0217888 0.0298975 0.0388222 0.0480109 0.0566503 0.0638078 0.0687516 0.0711941 0.0712795 0.069392 0.0659759 0.0614477 0.0561671 0.0504245 0.0444392 0.0383723 0.0323506 0.0264932 0.0209338 0.0158301 0.0113518 0.00764602 0.00479164
 0.00928505 0.0150776 0.0226535 0.0318614 0.0422366 0.0528475 0.0623298 0.0692945 0.0729221 0.0732817 0.0711277 0.0673974 0.0628148 0.0577869 0.0524981 0.0470357 0.0414648 0.0358552 0.0302869 0.0248561 0.0196829 0.0149156 0.0107172 0.00723159 0.00453917
 0.0089561 0.0145567 0.0219173 0.0309549 0.0413283 0.0522682 0.0625343 0.0706993 0.0756566 0.077002 0.0750581 0.0706263 0.0646761 0.0580924 0.0515074 0.0452417 0.0393607 0.0337994 0.0284795 0.0233763 0.0185379 0.0140755 0.0101345 0.00685187 0.00430856
 0.00881197 0.0143117 0.021529 0.0303794 0.0405359 0.0512742 0.0614399 0.0697212 0.0751134 0.0772269 0.0762485 0.0726959 0.0672188 0.0605132 0.0532665 0.0460639 0.0392927 0.03311 0.0274985 0.0223708 0.0176664 0.0134001 0.00965524 0.00653764 0.00411808
 0.00875255 0.0142115 0.0213705 0.0301414 0.0401947 0.0508087 0.0608408 0.0690072 0.0743513 0.0765487 0.0758453 0.0727703 0.0678935 0.0617394 0.0547981 0.0475377 0.0403792 0.0336447 0.0275154 0.0220389 0.0171869 0.0129285 0.00927462 0.00627016 0.00395014
 0.00871265 0.0141437 0.0212629 0.0299806 0.0399684 0.0505085 0.060466 0.068566 0.0738614 0.0760413 0.0753738 0.0724196 0.067774 0.0619524 0.0553789 0.0484095 0.041359 0.0345109 0.0281022 0.0222962 0.0171749 0.0127631 0.00906583 0.00608771 0.00382048
 0.00867158 0.0140813 0.0211768 0.0298705 0.0398347 0.0503505 0.0602812 0.0683512 0.0736152 0.0757668 0.0750828 0.0721375 0.0675443 0.0618361 0.05544 0.0486855 0.0418288 0.0350858 0.0286545 0.0227136 0.0174057 0.0128254 0.00902083 0.00600144 0.0037382
 0.00867502 0.0140807 0.0211647 0.0298369 0.0397699 0.05025 0.0601488 0.0681975 0.0734525 0.0756036 0.0749211 0.071977 0.0673899 0.0617057 0.0553662 0.0487071 0.0419723 0.0353449 0.0289826 0.0230385 0.0176607 0.0129774 0.00907698 0.00599471 0.0037052
 0.00867192 0.014078 0.0211644 0.029841 0.0397785 0.0502587 0.0601478 0.0681745 0.0733978 0.0755148 0.0748047 0.0718445 0.067254 0.0615783 0.0552613 0.0486431 0.0419697 0.035417 0.0291237 0.0232199 0.0178405 0.0131184 0.00916198 0.00602886 0.00370676
 0.00868122 0.0140904 0.0211784 0.0298538 0.0397874 0.0502626 0.0601476 0.0681716 0.0733916 0.0755008 0.0747757 0.0717946 0.0671821 0.0614904 0.0551687 0.0485611 0.0419151 0.0354042 0.029159 0.0232968 0.0179395 0.0132145 0.00923554 0.00607243 0.00372472
 0.00865748 0.0140578 0.0211402 0.0298164 0.039758 0.050246 0.060144 0.068177 0.0734004 0.0755087 0.0747804 0.0717943 0.0671746 0.0614733 0.0551417 0.0485285 0.0418855 0.0353888 0.0291673 0.0233317 0.0179951 0.0132779 0.00929257 0.00611388 0.00374873
 0.00864755 0.0140397 0.0211098 0.0297697 0.0396936 0.0501675 0.0600616 0.0681056 0.0733538 0.0754941 0.0747958 0.0718305 0.0672198 0.0615172 0.0551777 0.0485541 0.0419026 0.0354028 0.0291853 0.0233592 0.0180332 0.0133222 0.00933563 0.00614886 0.00377243
 0.00862767 0.0140106 0.0210716 0.0297244 0.0396433 0.0501139 0.060005 0.0680467 0.0732958 0.0754442 0.074763 0.0718224 0.0672384 0.0615578 0.0552312 0.0486103 0.0419544 0.0354475 0.0292243 0.0233959 0.0180701 0.0133594 0.00937053 0.00617802 0.00379362
 0.00863424 0.0140181 0.0210772 0.0297238 0.0396325 0.0500909 0.0599717 0.0680076 0.0732563 0.0754079 0.0747318 0.0717974 0.0672218 0.0615524 0.0552383 0.0486287 0.0419802 0.035476 0.0292522 0.0234222 0.0180953 0.0133838 0.00939332 0.00619764 0.00380866
 0.00861763 0.013994 0.0210463 0.029688 0.0395943 0.0500518 0.0599315 0.0679656 0.0732131 0.0753663 0.074697 0.071775 0.0672153 0.0615628 0.0552642 0.0486671 0.0420272 0.0355272 0.0293032 0.0234696 0.0181371 0.0134191 0.00942215 0.00621995 0.0038247
 0.00861763 0.013994 0.0210463 0.029688 0.0395943 0.0500518 0.0599315 0.0679656 0.0732131 0.0753663 0.074697 0.071775 0.0672153 0.0615628 0.0552642 0.0486671 0.0420272 0.0355272 0.0293032 0.0234696 0.0181371 0.0134191 0.00942215 0.00621995 0.0038247
 0.00857375 0.0139226 0.0209392 0.0295392 0.0394025 0.0498244 0.0596872 0.0677321 0.0730204 0.0752382 0.0746447 0.071797 0.0673012 0.0616976 0.055432 0.0488526 0.0422168 0.0357095 0.0294695 0.0236139 0.0182563 0.0135127 0.00949167 0.00626859 0.00385648
 0.00880847 0.0142889 0.0214599 0.0302203 0.0402263 0.0507426 0.060617 0.0685645 0.0736436 0.0755687 0.0746501 0.0714996 0.0667641 0.0610038 0.0546653 0.0480847 0.0415006 0.0350784 0.0289397 0.0231885 0.0179298 0.0132742 0.00932685 0.00616181 0.00379221
 0.00879006 0.0142846 0.0215006 0.03035 0.0404898 0.0511664 0.0611916 0.069239 0.0743352 0.0761827 0.0751014 0.0717301 0.066753 0.0607688 0.0542553 0.0475658 0.0409406 0.0345347 0.0284527 0.0227809 0.0176089 0.0130362 0.00916099 0.00605376 0.00372688
 0.00892332 0.0144914 0.0217944 0.0307385 0.0409764 0.0517501 0.0618639 0.0699764 0.0750927 0.0768923 0.0756802 0.0720968 0.0668488 0.0605736 0.0537936 0.0468994 0.0401534 0.0337139 0.0276737 0.0220973 0.01705 0.0126092 0.0088565 0.00585168 0.00360271
 0.00896522 0.0145686 0.0219267 0.0309484 0.0412827 0.052158 0.062358 0.0705223 0.075647 0.077414 0.0761358 0.0724555 0.0670769 0.0606361 0.053665 0.0465774 0.0396666 0.0331179 0.0270378 0.0214883 0.0165185 0.0121834 0.00854233 0.00563824 0.00346948
 0.00894832 0.0145419 0.021889 0.030902 0.0412363 0.0521293 0.0623732 0.0706103 0.0758286 0.0776914 0.0764883 0.0728446 0.0674557 0.0609572 0.0538859 0.0466661 0.0396085 0.0329225 0.0267387 0.0211353 0.0161645 0.0118706 0.00829483 0.00546159 0.00335538
#pred catch len freq
 0.0033819 0.00541788 0.00803951 0.0112498 0.015075 0.0195343 0.0245762 0.0300437 0.0356963 0.0412576 0.0464587 0.0510766 0.0549658 0.0580656 0.0603772 0.0619284 0.0627473 0.0628402 0.0621531 0.0605132 0.0575958 0.0530043 0.0465027 0.0383042 0.0291945
 0.00367528 0.00583034 0.00854491 0.011794 0.0156045 0.020034 0.0250868 0.0306378 0.0364197 0.0420711 0.0472226 0.051594 0.0550642 0.0576744 0.0595639 0.0608787 0.061698 0.0619911 0.0615948 0.0602028 0.0573959 0.0527646 0.046139 0.0378289 0.0286886
 0.00381538 0.00608328 0.00896769 0.0124437 0.0165121 0.0211727 0.026358 0.0318971 0.0375368 0.0429838 0.0479385 0.0521363 0.0554075 0.0577301 0.0592314 0.0601249 0.060603 0.0607266 0.0603478 0.0590957 0.0564518 0.051935 0.045367 0.0370996 0.0280344
 0.00399507 0.00636029 0.00936146 0.0129754 0.0172158 0.0221019 0.0275724 0.0334236 0.0393214 0.0448698 0.0496988 0.0535493 0.0563275 0.0581043 0.0590668 0.0594505 0.0594669 0.0592189 0.0586092 0.0572885 0.0547126 0.0503471 0.0439694 0.0359135 0.0270795
 0.00420175 0.0066876 0.00983803 0.013623 0.0180478 0.0231229 0.0287795 0.0348101 0.0408792 0.0465787 0.051499 0.0553137 0.0578635 0.059198 0.0595477 0.0592361 0.0585699 0.0577288 0.0566709 0.0550824 0.0524306 0.0481639 0.0420207 0.0342881 0.0258181
 0.00445701 0.00708848 0.0104165 0.0144033 0.0190471 0.0243502 0.0302288 0.0364523 0.0426579 0.0484159 0.0533068 0.0570018 0.0593346 0.0603369 0.0602185 0.0593039 0.0579408 0.0563878 0.0546988 0.0526468 0.0497567 0.045496 0.0395798 0.0322362 0.0242369
 0.00475028 0.00754933 0.0110818 0.0153006 0.0201948 0.0257564 0.0318849 0.0383238 0.0446788 0.0504901 0.0553163 0.058821 0.0608455 0.0614381 0.0608227 0.0593306 0.0573169 0.0550685 0.0527021 0.0500824 0.0468299 0.0424773 0.0367496 0.0298219 0.0223664
 0.00503826 0.00800242 0.0117372 0.0161868 0.0213326 0.0271575 0.033545 0.0402131 0.0467353 0.0526194 0.0573982 0.0607216 0.0624327 0.0625959 0.0614591 0.059376 0.0567195 0.0537967 0.0507633 0.0475539 0.0438824 0.0393678 0.0337743 0.0272433 0.0203479
 0.00531041 0.00843368 0.0123667 0.0170474 0.0224495 0.0285449 0.0351984 0.0420994 0.0487889 0.0547441 0.0594749 0.062619 0.0640209 0.0637587 0.0621025 0.0594305 0.0561383 0.0525566 0.0488753 0.0450865 0.0409868 0.0362812 0.0307854 0.024623 0.0182771
 0.00556035 0.00883482 0.0129621 0.0178774 0.0235491 0.029937 0.0368821 0.0440391 0.0509092 0.0569338 0.0615984 0.0645324 0.0655892 0.0648701 0.0626745 0.0594087 0.0554914 0.0512745 0.0469774 0.0426417 0.038136 0.0332452 0.027837 0.0220255 0.0162128
 0.00584046 0.00928028 0.0136157 0.0187766 0.0247249 0.0314092 0.0386486 0.0460636 0.053113 0.0591975 0.0637728 0.0664577 0.0671179 0.0658864 0.0631041 0.0592161 0.054671 0.0498424 0.0449736 0.0401449 0.0352844 0.0302454 0.0249422 0.019481 0.0141902
 0.00615789 0.00977977 0.0143383 0.0197541 0.0259805 0.0329554 0.0404789 0.0481401 0.055357 0.0614887 0.0659584 0.068371 0.0686025 0.066819 0.0634088 0.0588661 0.0536795 0.048252 0.0428512 0.0375885 0.0324376 0.0273046 0.0221391 0.017036 0.012255
 0.00642108 0.0101969 0.0149474 0.0205863 0.0270589 0.0342913 0.0420637 0.0499369 0.0572974 0.0634753 0.067872 0.0700797 0.0699742 0.0677369 0.0637852 0.0586519 0.0528667 0.0468706 0.0409658 0.0352997 0.0298881 0.0246786 0.0196453 0.0148677 0.0105424
 0.00665033 0.0105616 0.0154824 0.0213224 0.0280207 0.0354934 0.0435018 0.0515776 0.059073 0.0652864 0.0695978 0.0715935 0.0711606 0.0685034 0.0640689 0.0584193 0.0521129 0.0456189 0.0392705 0.0332513 0.027617 0.0223523 0.0174486 0.0129674 0.00904796
 0.00694476 0.0110111 0.0161061 0.0221222 0.0289876 0.0366145 0.0447621 0.0529538 0.060524 0.0667473 0.0709817 0.0728007 0.0720932 0.0690803 0.0642353 0.058149 0.0514057 0.0444977 0.0377825 0.031473 0.0256592 0.0203576 0.0155741 0.0113531 0.00778338
 0.00725452 0.011497 0.0168039 0.0230522 0.0301503 0.0379849 0.0462839 0.0545393 0.0620669 0.0681426 0.0721421 0.0736638 0.0726186 0.0692456 0.0640328 0.0575851 0.0504994 0.043281 0.0363021 0.0297954 0.0238761 0.0185843 0.0139359 0.00995997 0.00670241
 0.00751308 0.0119031 0.0173894 0.0238403 0.0311544 0.0392057 0.0477 0.0560955 0.0636679 0.0696593 0.0734329 0.0746041 0.0731285 0.069302 0.0636625 0.0568447 0.0494552 0.0419968 0.034839 0.0282185 0.0222623 0.0170243 0.0125249 0.00877879 0.00579673
 0.00758936 0.0120397 0.0176191 0.0242033 0.031692 0.0399486 0.0486552 0.0572379 0.0649386 0.0709704 0.0746751 0.0756586 0.0738852 0.0696807 0.0636296 0.0564167 0.0486878 0.0409669 0.0336284 0.0269071 0.0209289 0.0157487 0.0113834 0.00783226 0.00507666
 0.0075129 0.0119343 0.0174976 0.0240947 0.031641 0.0400103 0.0488864 0.0576844 0.0656192 0.0718623 0.0757089 0.0767276 0.0748655 0.0704561 0.0641119 0.0565592 0.0484891 0.0404658 0.0328921 0.0260173 0.0199717 0.0148068 0.0105296 0.00712066 0.00453466
 0.0075498 0.0119681 0.0175012 0.0240304 0.0314749 0.0397347 0.0485372 0.057342 0.0653895 0.0718446 0.0759635 0.0772551 0.0756041 0.071295 0.0649186 0.0572107 0.0488982 0.0405944 0.0327513 0.0256574 0.0194668 0.0142392 0.00997567 0.00663902 0.00415861
 0.00761866 0.0120683 0.0176282 0.024167 0.0315896 0.0397833 0.0484715 0.0571277 0.06503 0.0713979 0.0755375 0.0769754 0.0755665 0.071528 0.065373 0.0577791 0.0494521 0.0410229 0.0329872 0.025686 0.0193192 0.0139753 0.00966422 0.00633989 0.00391138
