SBPRF35
7.78865
Curr Bio
507989
B35
708794
F35
0.212266
FOFL
0.145946
OFL
57618.9
Bzero
2.22533e+06
#pred survey bio
 4.85366e+06 4.58055e+06 4.31475e+06 4.01397e+06 3.68266e+06 3.33672e+06 2.9709e+06 2.65528e+06 2.38524e+06 2.13178e+06 1.8872e+06 1.62525e+06 1.4282e+06 1.25406e+06 1.11602e+06 992550 888173 811764 751663 710043 677946 659617 643482 645620 622213 618671 618979 630105 636359 631278 626749 626811 629506 609589 602535 586049 571409 573494 581991 586685 596389 600870 595785 596646 601250 592636 592985 592392 595910 600635 604011 606732 578934 579307 556102 531465 513650 1.76216e+07 1.04904e+07 1.0717e+07 1.14706e+07 1.2505e+07 1.35808e+07 1.4552e+07 1.53575e+07 1.599e+07 1.64689e+07 1.68228e+07 1.70804e+07 1.72662e+07 1.73997e+07 1.74955e+07 1.75645e+07 1.76144e+07 1.76506e+07 1.76771e+07 1.76966e+07 1.77111e+07 1.77218e+07 1.77299e+07 1.7736e+07 1.77406e+07 1.77441e+07 1.77467e+07 1.77487e+07 1.77503e+07 1.77515e+07 1.77524e+07 1.77531e+07 1.77536e+07 1.7754e+07 1.77544e+07 1.77546e+07 1.77548e+07 1.77549e+07 1.77551e+07 1.77551e+07 1.77552e+07 1.77553e+07 1.77553e+07 1.77553e+07 1.77554e+07 1.77554e+07 1.77554e+07 1.77554e+07 1.77554e+07 1.77554e+07 1.77554e+07 1.77554e+07 1.77554e+07 1.77554e+07 1.77554e+07 1.77554e+07 1.77554e+07 1.77554e+07 1.77554e+07 1.77554e+07 1.77554e+07 1.77554e+07 1.77554e+07 1.77554e+07 1.77554e+07 1.77554e+07 1.77554e+07 1.77554e+07 1.77554e+07 1.77554e+07 1.77554e+07 1.77554e+07 1.77554e+07 1.77554e+07 1.77554e+07 1.77554e+07 1.77554e+07 1.77554e+07 1.77554e+07 1.77554e+07 1.77554e+07 1.77554e+07 1.77554e+07 1.77554e+07 1.77554e+07 1.77554e+07 1.77554e+07 1.77554e+07 1.77554e+07 1.77554e+07 1.77554e+07 1.77554e+07 1.77554e+07 1.77554e+07 1.77554e+07 1.77554e+07 1.77554e+07 1.77554e+07 1.77554e+07 1.77554e+07 0 0 0 0 0 0 0 0 0 0 0 0 0 0 0 0 0 0 0 0 0 0 0 0 0
#obs survey bio
 3.75355e+06 3.71390e+06 4.041e+06 2.48571e+06 2.5269e+06 3.18746e+06 2.56977e+06 2.01649e+06 1.92299e+06 2.13580e+06 1.50518e+06 1.32488e+06 895671 966983 1.45438e+06 586884 615693 538663 600085 733652 613721 488256 523341 693591 483676 573660 518692 500721 762728 628708 518087 597660 742405 735218 619936 499402 662351 506235 730666 696210 399514 517331 516027 573685 647617 567624 469541 325373 513569 608510 709257 559219 668426 584371 600268 416401 595320
#pred catch bio
 98030.9 96929.3 143666 195476 239025 290936 279317 269142 281502 296305 328973 283615 271157 243526 232094 215216 190189 174379 155580 143859 129259 125016 107971 126984 107970 103859 94610.1 98547.2 106471 103603 97521.3 92966.6 108138 92258.1 95678.3 92265.8 81285.3 81288.3 87763.4 84580.8 89010.6 95928.9 89659.2 86013.1 96682.9 89291.6 91783.4 90616.3 91079.4 92081.4 91513.3 114873 89483.4 108408 107473 99028.9 88243.8 57618.9 80473.9 80834.8 85087.5 92261.2 100065 107092 112807 117162 120335 122573 124112 125151 125842 126296 126592 126784 126907 126985 127035 127067 127088 127100 127108 127113 127117 127119 127120 127121 127121 127121 127122 127122 127122 127122 127122 127122 127122 127122 127122 127122 127122 127122 127122 127122 127122 127122 127122 127122 127122 127122 127122 127122 127122 127122 127122 127122 127122 127122 127122 127122 127122 127122 127122 127122 127122 127122 127122 127122 127122 127122 127122 127122 127122 127122 127122 127122 127122 127122 127122 127122 127122 127122 127122 127122 127122 127122 127122 127122 127122 127122 127122 127122 127122 127122 127122 127122 127122 127122 127122 0 0 0 0 0 0 0 0 0 0 0 0 0 0 0 0 0 0 0 0 0 0 0 0 0
#obs catch bio
 0 96694.7 144094 196688 241266 295019 283506 273770 287221 303605 340137 292234 281021 251169 238160 221747 195586 180416 161153 147690 132437 128403 110079 130224 109820 105938 96027.3 100316 108487 105131 98975.8 94036.3 109871 93113.1 96286.4 92945.6 81285.1 81738.8 88227.2 84570.6 89105.6 96042.9 89533.8 85832.8 96497 88904.1 91700.8 91300 92160.1 92837.2 91592.1 115740 89212.6 108543 107457 98977.9 88191.6
#pred cpue bio
 4.76669e+06 4.49959e+06 4.23873e+06 3.94023e+06 3.61052e+06 3.26646e+06 2.90297e+06 2.58911e+06 2.32043e+06 2.06857e+06 1.82614e+06 1.56758e+06 1.37323e+06 1.20195e+06 1.06652e+06 945697 843568 768858 710497 670643 640231 622901 607605 610017 587877 584646 585112 596021 602324 597908 594047 594602 597858 579462 573695 558616 544026 544266 550979 555367 565207 569933 565351 566397 570945 562599 562637 561435 564200 568709 572440 575608 549013 549278 526786 502978 486136 1.67164e+07 9.97599e+06 1.00808e+07 1.06721e+07 1.16405e+07 1.26983e+07 1.36653e+07 1.447e+07 1.51023e+07 1.55811e+07 1.5935e+07 1.61926e+07 1.63784e+07 1.65119e+07 1.66078e+07 1.66768e+07 1.67266e+07 1.67629e+07 1.67894e+07 1.68089e+07 1.68233e+07 1.68341e+07 1.68421e+07 1.68482e+07 1.68528e+07 1.68563e+07 1.68589e+07 1.6861e+07 1.68625e+07 1.68637e+07 1.68646e+07 1.68653e+07 1.68658e+07 1.68663e+07 1.68666e+07 1.68668e+07 1.6867e+07 1.68672e+07 1.68673e+07 1.68674e+07 1.68674e+07 1.68675e+07 1.68675e+07 1.68676e+07 1.68676e+07 1.68676e+07 1.68676e+07 1.68676e+07 1.68677e+07 1.68677e+07 1.68677e+07 1.68677e+07 1.68677e+07 1.68677e+07 1.68677e+07 1.68677e+07 1.68677e+07 1.68677e+07 1.68677e+07 1.68677e+07 1.68677e+07 1.68677e+07 1.68677e+07 1.68677e+07 1.68677e+07 1.68677e+07 1.68677e+07 1.68677e+07 1.68677e+07 1.68677e+07 1.68677e+07 1.68677e+07 1.68677e+07 1.68677e+07 1.68677e+07 1.68677e+07 1.68677e+07 1.68677e+07 1.68677e+07 1.68677e+07 1.68677e+07 1.68677e+07 1.68677e+07 1.68677e+07 1.68677e+07 1.68677e+07 1.68677e+07 1.68677e+07 1.68677e+07 1.68677e+07 1.68677e+07 1.68677e+07 1.68677e+07 1.68677e+07 1.68677e+07 1.68677e+07 1.68677e+07 1.68677e+07 1.68677e+07 1.68677e+07 0 0 0 0 0 0 0 0 0 0 0 0 0 0 0 0 0 0 0 0 0 0 0 0 0
#obs cpue bio
 3.3908e+06 4.45191e+06 2.45654e+06 3.44315e+06 3.02432e+06 3.09006e+06 2.09250e+06 2.14564e+06 2.27052e+06 1.35174e+06 1.48586e+06 1.24824e+06 1.17321e+06 1.26814e+06 857808 870964 805147 514070 436468 689074 456674 520237 559626 490826 629357 398331 610883 497330 431657 603593 512895 564663 471781 445515 765919 548898 705224 360674 493251 631697 779845 725820 735882 584447 659911 629762 585931 453756 403208 682314 714995 566073 591004 566419 509458 661400 411421
#pred surv len freq
 0.00441445 0.00730129 0.011238 0.0162825 0.0223462 0.0290893 0.0359057 0.0420929 0.0471217 0.0508074 0.0532756 0.0548053 0.0556851 0.0561389 0.0562987 0.0562011 0.0558025 0.0550029 0.0536561 0.0515548 0.0484237 0.0439821 0.0381091 0.0310384 0.0234263
 0.00463396 0.00755883 0.0114473 0.0163155 0.0220846 0.0284957 0.03507 0.0412116 0.0464116 0.050402 0.0531693 0.0548739 0.0557639 0.0561097 0.0561439 0.0560062 0.0557119 0.0551488 0.0540908 0.0522198 0.0491723 0.0446458 0.0385701 0.0312683 0.0234745
 0.00491408 0.00801673 0.0121325 0.0172532 0.0232444 0.0297606 0.0362327 0.0420264 0.046695 0.0501259 0.0524751 0.0539905 0.0548852 0.055318 0.0554212 0.0553083 0.0550386 0.0545603 0.0536674 0.0520014 0.0491244 0.0446762 0.0385811 0.0312064 0.0233444
 0.00513817 0.00839143 0.0127164 0.0181083 0.0244231 0.0312801 0.0380426 0.0439835 0.0485672 0.0516363 0.0533825 0.0541736 0.0543842 0.0543027 0.0541048 0.0538661 0.0535794 0.0531503 0.0523626 0.0508533 0.0481611 0.0438887 0.037935 0.0306682 0.0229005
 0.00536159 0.00875606 0.0132688 0.0188957 0.0254878 0.0326492 0.0397127 0.045907 0.0506425 0.0537044 0.0552334 0.0555736 0.0551285 0.0542798 0.0533361 0.0524932 0.0518065 0.0511805 0.0503613 0.0489419 0.0464242 0.0423787 0.0366758 0.0296629 0.0221378
 0.00561664 0.00916733 0.0138818 0.0197512 0.0266161 0.0340598 0.0413841 0.0477831 0.0526393 0.0557206 0.0571531 0.0572595 0.0564186 0.0550028 0.0533537 0.0517495 0.0503578 0.0491836 0.0480297 0.0464951 0.0440527 0.0402284 0.0348446 0.0282009 0.0210499
 0.00593653 0.00968087 0.0146423 0.0208035 0.0279876 0.0357476 0.0433422 0.0499194 0.0548307 0.0578386 0.0590845 0.0589097 0.0577004 0.0558209 0.0536008 0.0513253 0.0492072 0.0473356 0.0456135 0.0437223 0.0411747 0.0374886 0.0324387 0.0262514 0.0195973
 0.00624291 0.0101749 0.015378 0.0218283 0.029333 0.0374156 0.0452903 0.0520564 0.05703 0.0599628 0.0610092 0.0605357 0.0589521 0.0566363 0.0539176 0.0510742 0.0483223 0.0457846 0.043436 0.0410545 0.0382416 0.0345626 0.0297788 0.0240472 0.017935
 0.00650849 0.0106077 0.0160313 0.0227522 0.0305648 0.0389649 0.0471231 0.0540904 0.0591456 0.0620269 0.0628965 0.0621416 0.0601956 0.0574566 0.0542661 0.0509053 0.0475897 0.044453 0.0415095 0.0386121 0.0354562 0.0316843 0.0270814 0.0217576 0.0161791
 0.00674295 0.0109955 0.0166273 0.0236116 0.0317323 0.0404568 0.0489103 0.0560916 0.0612393 0.0640752 0.0647682 0.0637262 0.0614086 0.0582379 0.0545753 0.050713 0.0468707 0.043188 0.0397023 0.0363188 0.0328125 0.0289067 0.024429 0.0194655 0.0143943
 0.00694863 0.01134 0.0171647 0.0243991 0.0328192 0.0418665 0.0506215 0.0580304 0.0632889 0.0660973 0.0666257 0.0652991 0.0626031 0.0589893 0.0548455 0.0504832 0.0461332 0.0419425 0.0379647 0.0341429 0.0303147 0.0262746 0.0218963 0.0172547 0.0126544
 0.00726707 0.0118508 0.0179208 0.0254453 0.0341841 0.0435499 0.0525797 0.0601703 0.0654779 0.0681848 0.0684677 0.066775 0.063625 0.059505 0.0548356 0.049953 0.045103 0.0404409 0.0360314 0.0318437 0.0277622 0.0236383 0.0193851 0.01507 0.0109335
 0.00749939 0.0122297 0.0184931 0.0262547 0.0352623 0.0449028 0.0541738 0.0619292 0.0672941 0.0699409 0.0700534 0.0680964 0.0646049 0.060084 0.054973 0.0496294 0.0443189 0.0392155 0.0344036 0.0298799 0.0255686 0.0213658 0.017215 0.0131761 0.00943554
 0.00772178 0.0125927 0.019042 0.0270318 0.0362981 0.0462019 0.0557009 0.0636047 0.0690054 0.0715648 0.0714784 0.0692349 0.0653973 0.0604947 0.0549852 0.0492391 0.0435325 0.038051 0.0328959 0.0280898 0.0235922 0.0193366 0.0152899 0.0115031 0.00811512
 0.00795986 0.0129651 0.0195756 0.027743 0.0371917 0.0472695 0.0569162 0.0649197 0.0703516 0.0728611 0.072641 0.0701872 0.0660774 0.0608599 0.0550128 0.048923 0.0428793 0.0370777 0.0316329 0.026589 0.0219352 0.0176366 0.0136788 0.0101041 0.00701148
 0.00824154 0.0134131 0.02023 0.0286308 0.0383179 0.0486056 0.0583916 0.0664256 0.0717634 0.0740686 0.0735709 0.0708059 0.0663791 0.0608531 0.0547111 0.0483429 0.0420395 0.0360015 0.0303517 0.0251489 0.0204042 0.0161065 0.0122551 0.00888387 0.00605761
 0.00846794 0.0137834 0.0207903 0.029423 0.039368 0.0499065 0.0598874 0.0680085 0.0732912 0.0753965 0.0745822 0.0714314 0.0666007 0.0606944 0.0542215 0.0475797 0.0410566 0.0348444 0.0290618 0.0237712 0.0189962 0.0147407 0.0110123 0.00783606 0.00524833
 0.00854129 0.0139158 0.0210146 0.0297789 0.0398949 0.0506306 0.060807 0.0690862 0.0744554 0.0765512 0.0756214 0.0722557 0.0671335 0.0608945 0.0540868 0.0471415 0.0403661 0.0339596 0.0280393 0.0226661 0.0178662 0.0136493 0.0100247 0.00700796 0.00461174
 0.00849733 0.0138628 0.0209698 0.0297728 0.0399668 0.0508198 0.0611438 0.0695842 0.0751065 0.0773226 0.0764556 0.0730751 0.0678515 0.0614307 0.0543821 0.0471679 0.0401292 0.0334925 0.0273931 0.0219007 0.0170453 0.0128371 0.00928147 0.00638176 0.00412961
 0.00852219 0.0138799 0.0209543 0.0296917 0.0397941 0.0505568 0.0608336 0.0693079 0.0749586 0.0773784 0.0767459 0.0735778 0.0685003 0.0621321 0.0550353 0.0476843 0.0404469 0.0335851 0.0272695 0.0215989 0.0166217 0.0123566 0.00880656 0.00596313 0.00379834
 0.008631 0.0140367 0.0211514 0.0299054 0.0399862 0.050682 0.0608497 0.0691904 0.0747162 0.0770617 0.0764396 0.0733753 0.0684685 0.0622869 0.0553373 0.0480549 0.0407953 0.0338339 0.0273722 0.0215461 0.0164377 0.0120875 0.00850673 0.0056809 0.00356639
 0.00864192 0.0140596 0.0211945 0.0299771 0.0400896 0.0508078 0.060972 0.0692694 0.0747115 0.0769498 0.0762298 0.0731129 0.0682243 0.0621331 0.0553208 0.0481789 0.0410185 0.0340872 0.0275845 0.0216672 0.0164503 0.0120062 0.00836681 0.005523 0.00342332
 0.00864313 0.0140607 0.0211949 0.029977 0.0400913 0.0508165 0.0609947 0.0693109 0.0747676 0.0770039 0.0762561 0.0730889 0.0681451 0.0620196 0.055214 0.048122 0.0410358 0.0341721 0.0277028 0.0217739 0.0165096 0.0120047 0.00831381 0.00544189 0.003339
 0.00851787 0.0138643 0.0209137 0.0296051 0.0396341 0.0502951 0.0604491 0.0687988 0.0743541 0.076745 0.0761826 0.0731978 0.0684035 0.0623782 0.0556247 0.0485509 0.0414646 0.0345895 0.028094 0.022117 0.0167817 0.0121924 0.00841997 0.00548414 0.00334179
 0.00867649 0.0140958 0.0212124 0.0299473 0.0399825 0.0506077 0.0606875 0.0689334 0.0743685 0.0766396 0.0759763 0.0729243 0.0681026 0.0620853 0.0553644 0.0483361 0.0413004 0.0344766 0.0280286 0.0220893 0.0167759 0.0121916 0.00841252 0.0054667 0.0033181
 0.00865357 0.0140686 0.0211892 0.0299397 0.0399995 0.0506475 0.0607334 0.068958 0.0743453 0.0765572 0.0758441 0.0727692 0.0679575 0.0619779 0.0553102 0.0483378 0.0413503 0.0345616 0.0281338 0.0222001 0.0168793 0.0122768 0.00847319 0.00550244 0.00333382
 0.00867347 0.0140858 0.0211883 0.0298996 0.0399021 0.0504897 0.060534 0.0687531 0.0741727 0.0764392 0.075781 0.0727462 0.0679588 0.0619968 0.0553499 0.0484048 0.0414478 0.0346854 0.0282736 0.0223423 0.0170105 0.0123865 0.00855563 0.00555733 0.00336548
 0.00854955 0.0139036 0.020949 0.0296148 0.0395884 0.0501612 0.0601993 0.0684201 0.0738581 0.076173 0.0756017 0.0726859 0.0680295 0.0621855 0.055626 0.0487329 0.0417972 0.0350333 0.0286029 0.0226392 0.017264 0.0125895 0.00870641 0.00566006 0.00342895
 0.00836737 0.0136301 0.0205806 0.0291653 0.0390877 0.0496505 0.0597253 0.0680274 0.0735799 0.076023 0.0755742 0.0727648 0.0681985 0.0624331 0.0559416 0.0491007 0.0421951 0.0354357 0.0289858 0.0229838 0.0175571 0.0128241 0.00888173 0.00578112 0.00350543
 0.00833088 0.0135588 0.0204522 0.0289547 0.0387768 0.0492417 0.0592516 0.0675494 0.0731685 0.0757359 0.0754381 0.0727735 0.0683234 0.0626394 0.0562004 0.0493929 0.0425077 0.0357568 0.0293012 0.0232776 0.0178149 0.0130359 0.00904342 0.00589507 0.00357896
 0.00827133 0.0134694 0.0203304 0.0288005 0.0385895 0.0490165 0.0589808 0.0672296 0.0728111 0.0753742 0.0751232 0.0725587 0.068245 0.0627047 0.0563893 0.0496699 0.0428352 0.0361032 0.0296424 0.0235949 0.0180935 0.0132656 0.00921995 0.00602042 0.00366058
 0.00812796 0.01325 0.0200266 0.0284151 0.0381373 0.0485236 0.0584824 0.0667656 0.0724178 0.0750765 0.0749331 0.072481 0.0682841 0.0628646 0.0566677 0.0500508 0.0432882 0.0365891 0.0301223 0.024037 0.0184756 0.0135756 0.00945481 0.00618556 0.00376749
 0.00786653 0.0128528 0.0194811 0.0277303 0.0373428 0.0476669 0.0576264 0.0659842 0.0717857 0.074653 0.0747494 0.0725354 0.0685497 0.0633014 0.0572334 0.050706 0.0439952 0.0373096 0.0308173 0.0246701 0.0190187 0.0140125 0.00978298 0.00641433 0.00391451
 0.00771438 0.0126166 0.0191474 0.0272961 0.0368184 0.0470784 0.0570165 0.0654085 0.0713015 0.0743053 0.074561 0.0725071 0.0686666 0.0635415 0.0575733 0.0511228 0.0444669 0.0378128 0.0313261 0.0251561 0.0194547 0.0143775 0.0100662 0.00661696 0.00404738
 0.00769975 0.012552 0.0189762 0.0269447 0.0362196 0.0462068 0.0559173 0.0641991 0.0701414 0.07335 0.0739225 0.0722362 0.0687558 0.0639405 0.0582076 0.0519117 0.0453353 0.0386976 0.0321762 0.0259313 0.0201248 0.0149232 0.0104819 0.0069105 0.00423814
 0.00836298 0.0134965 0.020147 0.0281985 0.0373549 0.0470195 0.0562536 0.0639872 0.069402 0.0721924 0.0725245 0.0708052 0.0674799 0.0629483 0.0575526 0.0515816 0.0452756 0.0388358 0.0324395 0.0262557 0.0204584 0.015228 0.0107337 0.00709966 0.00436709
 0.00910407 0.0146583 0.0218068 0.0303757 0.0399805 0.0499047 0.0590767 0.0663346 0.0708739 0.0725334 0.0717089 0.0690323 0.0650917 0.0603208 0.0550072 0.0493379 0.0434435 0.0374353 0.0314315 0.0255722 0.020024 0.0149721 0.0105968 0.00703514 0.00434184
 0.00903875 0.0146621 0.022014 0.030975 0.0411603 0.0517662 0.0615561 0.0691786 0.0736862 0.0748724 0.0731984 0.0694519 0.0644249 0.0587474 0.0528421 0.0469378 0.0411201 0.0354014 0.0297905 0.0243378 0.0191527 0.0143939 0.0102367 0.00682576 0.00422897
 0.00859202 0.0140058 0.0211639 0.0300107 0.0402293 0.0510729 0.0613336 0.0696334 0.0749185 0.0768011 0.0755408 0.0717868 0.06632 0.0598926 0.0531306 0.0464688 0.0401338 0.034184 0.0285892 0.0233133 0.0183728 0.0138554 0.00989678 0.00662908 0.0041248
 0.0084516 0.0137424 0.020707 0.0292852 0.0391898 0.0497517 0.059879 0.0683053 0.0740291 0.076618 0.0761918 0.0732044 0.0682475 0.0619533 0.0549404 0.0477499 0.0407837 0.0342736 0.0283004 0.0228536 0.0179081 0.0134797 0.00963812 0.00647367 0.00404257
 0.00836919 0.0136079 0.0205007 0.0289817 0.0387552 0.0491468 0.0590728 0.0673039 0.072908 0.0755398 0.0753849 0.072897 0.0685781 0.062902 0.056319 0.0492637 0.0421355 0.0352621 0.0288665 0.0230633 0.0178912 0.0133653 0.00951485 0.00638199 0.00398853
 0.008274 0.0134672 0.0203147 0.0287583 0.038505 0.0488754 0.0587742 0.0669588 0.0724914 0.0750391 0.0748247 0.0723588 0.0681944 0.0628144 0.0566135 0.049918 0.0430147 0.0361703 0.0296269 0.0235798 0.0181633 0.0134575 0.00950942 0.00634377 0.00395249
 0.00832568 0.0135329 0.0203805 0.0288013 0.0385015 0.0488119 0.0586546 0.0668002 0.072311 0.0748395 0.0745926 0.072079 0.067875 0.0625049 0.0563982 0.0498806 0.0431923 0.0365263 0.030064 0.0239862 0.018461 0.0136256 0.00957352 0.00634775 0.00393416
 0.00835024 0.0135699 0.0204297 0.0288579 0.0385546 0.0488436 0.0586422 0.0667233 0.0721611 0.0746269 0.0743429 0.0718221 0.0676338 0.0622943 0.0562349 0.0497916 0.0432094 0.0366655 0.0303067 0.0242793 0.0187392 0.0138401 0.00970809 0.0064146 0.00395813
 0.0083518 0.0135703 0.0204263 0.0288472 0.0385328 0.0488079 0.0585913 0.0666561 0.0720753 0.0745195 0.074213 0.0716749 0.0674818 0.062155 0.0561262 0.04973 0.0432096 0.0367381 0.0304508 0.0244762 0.0189543 0.0140353 0.00985689 0.00651007 0.00400934
 0.00855053 0.0138653 0.0208175 0.0293151 0.0390421 0.0493153 0.0590518 0.0670272 0.0723204 0.0746126 0.0741436 0.0714497 0.0671241 0.0617012 0.0556218 0.0492238 0.0427466 0.0363542 0.0301671 0.0242957 0.0188617 0.0140033 0.00985605 0.00651812 0.00401511
 0.00874757 0.0141658 0.0212318 0.0298364 0.0396451 0.0499565 0.0596717 0.0675569 0.0726961 0.0747923 0.0741171 0.0712361 0.0667604 0.0612306 0.0550871 0.048666 0.0422054 0.0358658 0.02976 0.0239854 0.0186481 0.013872 0.00978431 0.00648289 0.00399871
 0.00879375 0.0142657 0.0214265 0.0301754 0.0401697 0.0506744 0.0605373 0.0684718 0.0735332 0.0754326 0.0744808 0.0712955 0.0665357 0.0607751 0.0544706 0.0479606 0.0414771 0.0351701 0.0291404 0.0234707 0.0182511 0.0135888 0.00959805 0.00636988 0.00393515
 0.00857283 0.0139557 0.0210529 0.0297977 0.039871 0.0505407 0.0606352 0.06883 0.0741314 0.0761983 0.0753001 0.0720397 0.0670954 0.0610872 0.054527 0.0477988 0.0411608 0.0347702 0.0287213 0.0230828 0.0179268 0.0133421 0.00942712 0.00626199 0.00387308
 0.00837281 0.0136348 0.0205811 0.0291595 0.0390792 0.0496537 0.059765 0.0681292 0.0737516 0.0762377 0.0757658 0.0728446 0.0680882 0.062099 0.0554151 0.048475 0.0415986 0.0349937 0.0287844 0.0230476 0.0178478 0.0132576 0.00935805 0.00621478 0.0038453
 0.00828944 0.0134891 0.0203433 0.0287957 0.0385604 0.04897 0.0589422 0.067238 0.0729044 0.0755696 0.0754028 0.0728678 0.068505 0.0628359 0.0563381 0.0494295 0.042453 0.035668 0.0292563 0.0233402 0.018007 0.0133326 0.00938809 0.00622501 0.00384868
 0.0082581 0.0134335 0.02025 0.0286474 0.0383365 0.0486508 0.0585143 0.0667024 0.0722845 0.0749172 0.0747987 0.0724109 0.0682888 0.0629186 0.0567181 0.0500407 0.0431835 0.0363963 0.0298867 0.0238227 0.0183373 0.0135366 0.00950304 0.00628504 0.00387839
 0.00851385 0.0138247 0.0207917 0.0293327 0.0391344 0.0495038 0.0593381 0.0673915 0.0727301 0.0750343 0.0745532 0.0718341 0.0674747 0.0620026 0.0558424 0.0493165 0.0426639 0.0360719 0.0297052 0.0237196 0.0182629 0.0134668 0.00943456 0.00622449 0.00383193
 0.00843181 0.0137177 0.020679 0.0292483 0.0391167 0.04958 0.0595112 0.0676369 0.0730023 0.0752798 0.0747219 0.0718889 0.0674006 0.0618136 0.0555827 0.0490499 0.042453 0.0359558 0.0296869 0.0237713 0.018344 0.0135428 0.0094879 0.00625351 0.00384359
 0.00847061 0.0137864 0.0207934 0.0294282 0.0393828 0.0499483 0.0599843 0.068196 0.0736029 0.0758537 0.0751877 0.0721704 0.067446 0.0616106 0.0551626 0.0484807 0.041823 0.0353513 0.0291722 0.0233765 0.0180664 0.0133595 0.00937067 0.00617909 0.00379669
 0.008318 0.0135828 0.0205694 0.0292402 0.0392986 0.0500229 0.0602402 0.068618 0.0741465 0.0764592 0.0757897 0.0727019 0.0678437 0.0618235 0.0551644 0.0482798 0.0414631 0.0349015 0.0287077 0.0229592 0.0177322 0.0131166 0.00920795 0.00607699 0.00373597
 0.00777662 0.0127854 0.0195259 0.0280207 0.0380232 0.0488384 0.0592958 0.0680426 0.0740245 0.0768075 0.0765488 0.0737506 0.0690311 0.0630031 0.0562179 0.0491297 0.0420771 0.0352901 0.0289141 0.0230425 0.0177487 0.0131077 0.00919592 0.00606934 0.00373262
#obs surv len freq
 nan nan nan nan nan nan nan nan nan nan nan nan nan nan nan nan nan nan nan nan nan nan nan nan nan
 0.00448985 0.00735346 0.0111854 0.0160027 0.0217032 0.0279773 0.0342893 0.0400181 0.0446955 0.0481575 0.0505138 0.0520083 0.0528994 0.0534109 0.0537244 0.0539788 0.054257 0.0545494 0.054688 0.0542799 0.052718 0.0493505 0.043801 0.0362819 0.0276665
 0.00460985 0.00755354 0.0114953 0.0164522 0.0223139 0.0287515 0.0351987 0.0410015 0.0456682 0.0490293 0.0512068 0.0524679 0.053099 0.0533508 0.0534274 0.0534822 0.0536042 0.0537828 0.0538465 0.0534002 0.0518389 0.0485148 0.0430532 0.0356599 0.0271912
 0.00477741 0.00782518 0.011903 0.0170259 0.0230769 0.029712 0.0363393 0.0422733 0.0469923 0.050307 0.0523337 0.0533481 0.0536578 0.0535446 0.0532475 0.0529517 0.0527701 0.0527062 0.0525947 0.052044 0.050454 0.0471819 0.0418524 0.0346574 0.0264236
 0.00497522 0.00814776 0.0123903 0.0177152 0.0239958 0.0308667 0.0377035 0.0437844 0.0485607 0.0518322 0.0537171 0.0544988 0.0544945 0.0539991 0.0532723 0.0525289 0.0519153 0.0514678 0.0510486 0.0502887 0.0486055 0.0453682 0.0401995 0.0332682 0.0253559
 0.00518029 0.00848553 0.0129068 0.0184562 0.0249978 0.0321428 0.039229 0.0454914 0.0503477 0.0535835 0.0553212 0.0558585 0.0555286 0.0546406 0.0534669 0.0522379 0.0511231 0.0501913 0.0493451 0.0482598 0.0463939 0.0431454 0.0381413 0.0315208 0.0240046
 0.00541055 0.00886253 0.0134793 0.0192719 0.0260947 0.0335354 0.0408932 0.0473586 0.0523127 0.0555231 0.0571131 0.0573936 0.0567163 0.0554093 0.0537617 0.0520177 0.0503622 0.0488872 0.0475337 0.0460301 0.0438959 0.0405791 0.0357254 0.0294456 0.022387
 0.0056355 0.00923139 0.0140405 0.0200731 0.0271743 0.034909 0.0425392 0.0492124 0.0542751 0.0574784 0.0589457 0.0589978 0.0579999 0.0562941 0.0541834 0.0519249 0.0497175 0.0476739 0.0457696 0.043788 0.0413183 0.0378747 0.0331365 0.0271928 0.020614
 0.00587339 0.00962078 0.0146315 0.0209142 0.0283033 0.0363386 0.0442422 0.0511164 0.0562733 0.0594498 0.0607748 0.0605848 0.0592625 0.0571648 0.0546057 0.0518502 0.049105 0.0464974 0.0440332 0.0415488 0.038707 0.0350972 0.0304445 0.0248256 0.0187349
 0.00612419 0.01003 0.0152502 0.0217909 0.0294745 0.0378146 0.0459915 0.0530609 0.058299 0.061429 0.0625873 0.06213 0.0604629 0.057963 0.0549588 0.0517229 0.0484661 0.0453228 0.042321 0.0393436 0.0361246 0.0323321 0.0277442 0.0224331 0.0168227
 0.00637051 0.0104351 0.0158683 0.0226748 0.0306651 0.0393231 0.0477829 0.0550488 0.0603585 0.0634223 0.0643871 0.0636333 0.0615941 0.0586718 0.0552137 0.0515038 0.0477573 0.0441129 0.0406133 0.0371789 0.0336064 0.0296387 0.0251085 0.0200894 0.0149416
 0.00660477 0.0108212 0.0164593 0.0235234 0.0318131 0.0407853 0.0495295 0.0569985 0.0623899 0.0653961 0.0661698 0.0651131 0.062688 0.059327 0.0554028 0.0512173 0.0469945 0.0428785 0.0389233 0.0350781 0.0311923 0.0270737 0.022605 0.0178634 0.0131523
 0.0068385 0.0112031 0.0170376 0.0243443 0.0329122 0.0421732 0.0511774 0.0588323 0.064299 0.0672533 0.0678512 0.0665115 0.0637199 0.059935 0.0555557 0.0509049 0.0462218 0.0416606 0.0372879 0.0330779 0.0289228 0.0246841 0.0202861 0.0158078 0.0115018
 0.00706802 0.0115779 0.0176047 0.0251476 0.0339837 0.0435185 0.0527615 0.0605756 0.0660892 0.0689677 0.069377 0.0677569 0.0646167 0.0604373 0.0556372 0.0505566 0.0454486 0.0404798 0.0357318 0.0312028 0.0268221 0.0224951 0.0181786 0.0139498 0.0100152
 0.00726217 0.0119012 0.018105 0.0258737 0.0349737 0.0447831 0.0542677 0.0622417 0.0677983 0.0705917 0.0708001 0.0688889 0.0653972 0.0608326 0.0556352 0.0501602 0.0446708 0.0393425 0.0342692 0.0294706 0.0249079 0.0205229 0.016297 0.0123026 0.00870411
 0.00743037 0.0121765 0.018523 0.0264695 0.0357761 0.0458046 0.0554927 0.0636201 0.0692486 0.0720134 0.0720885 0.0699494 0.0661559 0.0612424 0.055676 0.0498339 0.0439943 0.0383427 0.0329841 0.0279552 0.023243 0.0188179 0.0146798 0.0108943 0.00758792
 0.00752741 0.0123349 0.0187629 0.0268114 0.0362381 0.0463985 0.0562183 0.064462 0.0701763 0.0729837 0.0730482 0.0708368 0.0669047 0.0617882 0.0559649 0.0498298 0.0436826 0.0377299 0.0320968 0.0268417 0.021976 0.017494 0.0134096 0.00978091 0.0067024
 0.00759114 0.0124351 0.018908 0.0270076 0.0364905 0.0467107 0.0565921 0.0648965 0.0706674 0.0735237 0.0736238 0.0714266 0.0674756 0.0622952 0.0563543 0.0500471 0.0436822 0.0374845 0.0316042 0.0261285 0.0210984 0.0165339 0.0124625 0.00893661 0.00602385
 0.0076681 0.0125517 0.0190674 0.0272073 0.0367232 0.0469663 0.0568602 0.0651679 0.0709363 0.0737897 0.073892 0.0717036 0.0677634 0.0625843 0.0566199 0.0502502 0.043776 0.0374253 0.0313638 0.0257049 0.0205215 0.015863 0.0117747 0.00830835 0.005511
 0.00771946 0.0126329 0.019185 0.0273648 0.0369192 0.0471928 0.0571014 0.0654027 0.071144 0.0739582 0.074022 0.0718076 0.0678591 0.0626861 0.056731 0.0503579 0.0438521 0.0374319 0.0312644 0.025478 0.0201715 0.0154232 0.0113 0.00785924 0.00513553
 0.00777241 0.0127118 0.0192906 0.0274933 0.037064 0.0473467 0.0572578 0.0655551 0.0712854 0.0740805 0.0741184 0.0718755 0.0679024 0.0627143 0.0567553 0.0503841 0.0438745 0.0374319 0.0312154 0.0253556 0.0199657 0.0151462 0.010985 0.00754928 0.00486875
 0.00781469 0.0127754 0.0193764 0.0275984 0.0371815 0.0474672 0.0573705 0.0656502 0.0713564 0.0741267 0.0741442 0.0718884 0.0679093 0.0627199 0.0567624 0.0503936 0.0438842 0.0374338 0.0311947 0.0252951 0.0198531 0.0149828 0.0107878 0.00734602 0.00468747
 0.00782572 0.0127914 0.019397 0.0276218 0.037205 0.0474878 0.0573858 0.0656586 0.0713581 0.0741236 0.0741407 0.0718903 0.0679221 0.0627474 0.0568047 0.0504474 0.0439431 0.0374883 0.0312332 0.0253045 0.0198235 0.0149119 0.0106845 0.00722815 0.00457523
 0.00788705 0.0128835 0.019521 0.0277733 0.0373745 0.047662 0.0575492 0.065795 0.0714527 0.0741668 0.0741304 0.0718324 0.0678293 0.0626355 0.0566895 0.0503411 0.0438522 0.0374133 0.0311687 0.0252419 0.0197538 0.0148302 0.0105926 0.00713409 0.00448973
 0.00789604 0.0129006 0.0195512 0.0278219 0.0374453 0.047754 0.0576549 0.0659008 0.0715432 0.0742295 0.0741592 0.071828 0.0677972 0.0625838 0.0566271 0.0502766 0.0437926 0.0373623 0.0311258 0.0252028 0.0197128 0.0147828 0.0105383 0.00707699 0.00443636
 0.00787949 0.0128727 0.0195078 0.0277598 0.0373644 0.04766 0.0575605 0.0658233 0.0714991 0.0742275 0.0741972 0.0718952 0.0678789 0.0626671 0.0567036 0.0503426 0.0438479 0.037408 0.0311627 0.0252302 0.0197286 0.0147853 0.010528 0.0070573 0.0044127
 0.00787518 0.01286 0.0194784 0.0277028 0.0372693 0.0475222 0.0573855 0.0656289 0.0713115 0.074076 0.0741058 0.0718766 0.0679318 0.0627776 0.0568503 0.0505036 0.0440054 0.0375507 0.0312845 0.0253285 0.0198025 0.0148354 0.0105565 0.00706854 0.00441259
 0.00787246 0.0128509 0.0194559 0.027657 0.0371893 0.0473995 0.0572179 0.0654231 0.0710842 0.0738518 0.0739142 0.0717457 0.0678819 0.0628155 0.0569675 0.0506792 0.0442126 0.0377632 0.0314819 0.0254978 0.0199375 0.014935 0.0106236 0.00710888 0.00443336
 0.00789396 0.0128819 0.0194946 0.0276984 0.0372251 0.0474189 0.0572089 0.0653748 0.0709901 0.0737134 0.0737433 0.071564 0.067717 0.062694 0.0569085 0.0506889 0.0442832 0.0378767 0.0316156 0.0256305 0.020054 0.015027 0.0106892 0.00715088 0.00445712
 0.00788526 0.0128727 0.0194897 0.0277046 0.0372484 0.0474608 0.0572631 0.0654274 0.0710233 0.0737113 0.073697 0.071475 0.067597 0.0625634 0.0567912 0.0506064 0.0442489 0.037892 0.0316708 0.025709 0.020138 0.0151025 0.0107484 0.00719178 0.0044821
 0.00784433 0.0128046 0.0193853 0.0275564 0.0370549 0.0472311 0.0570204 0.0652051 0.0708551 0.0736187 0.0736826 0.0715238 0.0676858 0.0626708 0.0569045 0.0507232 0.0443729 0.0380276 0.0318179 0.0258609 0.0202832 0.0152294 0.010849 0.00726384 0.0045286
 0.0078229 0.0127662 0.0193209 0.0274552 0.036907 0.0470318 0.0567746 0.0649307 0.0705814 0.0733814 0.0735152 0.0714484 0.0677067 0.0627746 0.0570666 0.050917 0.044578 0.038232 0.0320156 0.0260474 0.0204528 0.0153751 0.0109652 0.00734871 0.00458486
 0.00781108 0.0127456 0.0192869 0.0274021 0.0368284 0.0469218 0.0566296 0.0647516 0.0703757 0.0731644 0.0733095 0.0712812 0.0676033 0.0627513 0.0571254 0.0510455 0.0447545 0.0384327 0.0322206 0.0262424 0.0206282 0.0155242 0.0110839 0.00743618 0.00464377
 0.00776428 0.0126712 0.0191784 0.0272549 0.0366415 0.0466991 0.0563816 0.064495 0.0701302 0.0729489 0.0731392 0.071167 0.067554 0.0627735 0.057222 0.0512123 0.0449786 0.0386938 0.0324944 0.0265065 0.020865 0.0157225 0.0112389 0.00754851 0.00471874
 0.00772972 0.0126124 0.0190852 0.0271171 0.0364513 0.0464561 0.0560964 0.0641895 0.0698337 0.0726906 0.0729418 0.0710444 0.067511 0.0628089 0.0573307 0.0513866 0.0452077 0.0389623 0.0327826 0.0267922 0.0211274 0.015946 0.0114151 0.00767675 0.00480438
 0.00932936 0.014852 0.0217888 0.0298975 0.0388222 0.0480109 0.0566503 0.0638078 0.0687516 0.0711941 0.0712795 0.069392 0.0659759 0.0614477 0.0561671 0.0504245 0.0444392 0.0383723 0.0323506 0.0264932 0.0209338 0.0158301 0.0113518 0.00764602 0.00479164
 0.00928505 0.0150776 0.0226535 0.0318614 0.0422366 0.0528475 0.0623298 0.0692945 0.0729221 0.0732817 0.0711277 0.0673974 0.0628148 0.0577869 0.0524981 0.0470357 0.0414648 0.0358552 0.0302869 0.0248561 0.0196829 0.0149156 0.0107172 0.00723159 0.00453917
 0.0089561 0.0145567 0.0219173 0.0309549 0.0413283 0.0522682 0.0625343 0.0706993 0.0756566 0.077002 0.0750581 0.0706263 0.0646761 0.0580924 0.0515074 0.0452417 0.0393607 0.0337994 0.0284795 0.0233763 0.0185379 0.0140755 0.0101345 0.00685187 0.00430856
 0.00881197 0.0143117 0.021529 0.0303794 0.0405359 0.0512742 0.0614399 0.0697212 0.0751134 0.0772269 0.0762485 0.0726959 0.0672188 0.0605132 0.0532665 0.0460639 0.0392927 0.03311 0.0274985 0.0223708 0.0176664 0.0134001 0.00965524 0.00653764 0.00411808
 0.00875255 0.0142115 0.0213705 0.0301414 0.0401947 0.0508087 0.0608408 0.0690072 0.0743513 0.0765487 0.0758453 0.0727703 0.0678935 0.0617394 0.0547981 0.0475377 0.0403792 0.0336447 0.0275154 0.0220389 0.0171869 0.0129285 0.00927462 0.00627016 0.00395014
 0.00871265 0.0141437 0.0212629 0.0299806 0.0399684 0.0505085 0.060466 0.068566 0.0738614 0.0760413 0.0753738 0.0724196 0.067774 0.0619524 0.0553789 0.0484095 0.041359 0.0345109 0.0281022 0.0222962 0.0171749 0.0127631 0.00906583 0.00608771 0.00382048
 0.00867158 0.0140813 0.0211768 0.0298705 0.0398347 0.0503505 0.0602812 0.0683512 0.0736152 0.0757668 0.0750828 0.0721375 0.0675443 0.0618361 0.05544 0.0486855 0.0418288 0.0350858 0.0286545 0.0227136 0.0174057 0.0128254 0.00902083 0.00600144 0.0037382
 0.00867502 0.0140807 0.0211647 0.0298369 0.0397699 0.05025 0.0601488 0.0681975 0.0734525 0.0756036 0.0749211 0.071977 0.0673899 0.0617057 0.0553662 0.0487071 0.0419723 0.0353449 0.0289826 0.0230385 0.0176607 0.0129774 0.00907698 0.00599471 0.0037052
 0.00867192 0.014078 0.0211644 0.029841 0.0397785 0.0502587 0.0601478 0.0681745 0.0733978 0.0755148 0.0748047 0.0718445 0.067254 0.0615783 0.0552613 0.0486431 0.0419697 0.035417 0.0291237 0.0232199 0.0178405 0.0131184 0.00916198 0.00602886 0.00370676
 0.00868122 0.0140904 0.0211784 0.0298538 0.0397874 0.0502626 0.0601476 0.0681716 0.0733916 0.0755008 0.0747757 0.0717946 0.0671821 0.0614904 0.0551687 0.0485611 0.0419151 0.0354042 0.029159 0.0232968 0.0179395 0.0132145 0.00923554 0.00607243 0.00372472
 0.00865748 0.0140578 0.0211402 0.0298164 0.039758 0.050246 0.060144 0.068177 0.0734004 0.0755087 0.0747804 0.0717943 0.0671746 0.0614733 0.0551417 0.0485285 0.0418855 0.0353888 0.0291673 0.0233317 0.0179951 0.0132779 0.00929257 0.00611388 0.00374873
 0.00864755 0.0140397 0.0211098 0.0297697 0.0396936 0.0501675 0.0600616 0.0681056 0.0733538 0.0754941 0.0747958 0.0718305 0.0672198 0.0615172 0.0551777 0.0485541 0.0419026 0.0354028 0.0291853 0.0233592 0.0180332 0.0133222 0.00933563 0.00614886 0.00377243
 0.00862767 0.0140106 0.0210716 0.0297244 0.0396433 0.0501139 0.060005 0.0680467 0.0732958 0.0754442 0.074763 0.0718224 0.0672384 0.0615578 0.0552312 0.0486103 0.0419544 0.0354475 0.0292243 0.0233959 0.0180701 0.0133594 0.00937053 0.00617802 0.00379362
 0.00863424 0.0140181 0.0210772 0.0297238 0.0396325 0.0500909 0.0599717 0.0680076 0.0732563 0.0754079 0.0747318 0.0717974 0.0672218 0.0615524 0.0552383 0.0486287 0.0419802 0.035476 0.0292522 0.0234222 0.0180953 0.0133838 0.00939332 0.00619764 0.00380866
 0.00861763 0.013994 0.0210463 0.029688 0.0395943 0.0500518 0.0599315 0.0679656 0.0732131 0.0753663 0.074697 0.071775 0.0672153 0.0615628 0.0552642 0.0486671 0.0420272 0.0355272 0.0293032 0.0234696 0.0181371 0.0134191 0.00942215 0.00621995 0.0038247
 0.00861763 0.013994 0.0210463 0.029688 0.0395943 0.0500518 0.0599315 0.0679656 0.0732131 0.0753663 0.074697 0.071775 0.0672153 0.0615628 0.0552642 0.0486671 0.0420272 0.0355272 0.0293032 0.0234696 0.0181371 0.0134191 0.00942215 0.00621995 0.0038247
 0.00857375 0.0139226 0.0209392 0.0295392 0.0394025 0.0498244 0.0596872 0.0677321 0.0730204 0.0752382 0.0746447 0.071797 0.0673012 0.0616976 0.055432 0.0488526 0.0422168 0.0357095 0.0294695 0.0236139 0.0182563 0.0135127 0.00949167 0.00626859 0.00385648
 0.00880847 0.0142889 0.0214599 0.0302203 0.0402263 0.0507426 0.060617 0.0685645 0.0736436 0.0755687 0.0746501 0.0714996 0.0667641 0.0610038 0.0546653 0.0480847 0.0415006 0.0350784 0.0289397 0.0231885 0.0179298 0.0132742 0.00932685 0.00616181 0.00379221
 0.00879006 0.0142846 0.0215006 0.03035 0.0404898 0.0511664 0.0611916 0.069239 0.0743352 0.0761827 0.0751014 0.0717301 0.066753 0.0607688 0.0542553 0.0475658 0.0409406 0.0345347 0.0284527 0.0227809 0.0176089 0.0130362 0.00916099 0.00605376 0.00372688
 0.00892332 0.0144914 0.0217944 0.0307385 0.0409764 0.0517501 0.0618639 0.0699764 0.0750927 0.0768923 0.0756802 0.0720968 0.0668488 0.0605736 0.0537936 0.0468994 0.0401534 0.0337139 0.0276737 0.0220973 0.01705 0.0126092 0.0088565 0.00585168 0.00360271
 0.00896522 0.0145686 0.0219267 0.0309484 0.0412827 0.052158 0.062358 0.0705223 0.075647 0.077414 0.0761358 0.0724555 0.0670769 0.0606361 0.053665 0.0465774 0.0396666 0.0331179 0.0270378 0.0214883 0.0165185 0.0121834 0.00854233 0.00563824 0.00346948
 0.00894832 0.0145419 0.021889 0.030902 0.0412363 0.0521293 0.0623732 0.0706103 0.0758286 0.0776914 0.0764883 0.0728446 0.0674557 0.0609572 0.0538859 0.0466661 0.0396085 0.0329225 0.0267387 0.0211353 0.0161645 0.0118706 0.00829483 0.00546159 0.00335538
#pred catch len freq
 0.00506016 0.00792757 0.0114083 0.0153563 0.0196809 0.0243435 0.0292806 0.0343465 0.0393334 0.0440295 0.0482597 0.0519014 0.0548883 0.0572041 0.0588582 0.0598566 0.0601854 0.0598031 0.0586243 0.0564869 0.053138 0.048303 0.0418701 0.0341084 0.0257459
 0.0053608 0.00831575 0.0118105 0.0156523 0.0197491 0.0241266 0.028829 0.0338037 0.0388654 0.0437391 0.0481394 0.0518486 0.0547707 0.0569343 0.0584429 0.0594012 0.0598507 0.0597337 0.0588775 0.0570007 0.0537558 0.048846 0.0422154 0.0342303 0.0257005
 0.00571341 0.00886071 0.0125715 0.016616 0.0208497 0.0252369 0.0297704 0.0343915 0.0389824 0.0433976 0.04748 0.0510659 0.0540123 0.0562449 0.0577865 0.0587337 0.0591845 0.0591459 0.0584633 0.0568067 0.053745 0.0489164 0.0422593 0.0341881 0.0255773
 0.0060265 0.00935156 0.013278 0.0175646 0.0220539 0.0266892 0.0314226 0.0361308 0.0406219 0.0447031 0.0482382 0.0511652 0.0534876 0.0552518 0.0565207 0.0573543 0.0577894 0.0577979 0.0572209 0.0557257 0.0528543 0.0482026 0.0416795 0.0337019 0.025168
 0.00635129 0.00985324 0.0139859 0.0184938 0.0232108 0.0280765 0.0330374 0.0379502 0.042582 0.0466788 0.050037 0.0525511 0.0542402 0.0552405 0.0557526 0.0559655 0.0559863 0.0557896 0.0551796 0.0537789 0.0510902 0.0466742 0.0404088 0.0326881 0.0243977
 0.00673585 0.0104423 0.0148065 0.0195509 0.0244928 0.0295645 0.034708 0.039773 0.0445133 0.0486541 0.0519607 0.054285 0.0556036 0.0560342 0.0558106 0.0552134 0.0544753 0.0536841 0.0527089 0.0511804 0.04857 0.0443896 0.0384641 0.0311361 0.0232429
 0.0071733 0.0111123 0.0157393 0.0207502 0.0259417 0.0312332 0.0365566 0.0417485 0.0465482 0.0506696 0.0538708 0.0559963 0.0570088 0.0570059 0.0562058 0.0549002 0.0533771 0.0518229 0.0502209 0.0482944 0.045559 0.0415167 0.0359394 0.0290903 0.0217187
 0.00760006 0.0117675 0.0166545 0.0219327 0.0273789 0.0328999 0.0384154 0.0437457 0.0486103 0.0527069 0.055785 0.0576893 0.0583871 0.0579787 0.0566793 0.0547754 0.0525644 0.0502758 0.0479769 0.0455006 0.042461 0.0384121 0.0331108 0.0267436 0.0199482
 0.00800406 0.01239 0.0175285 0.0230694 0.028771 0.0345269 0.0402429 0.0457204 0.0506573 0.0547332 0.0576876 0.0593645 0.0597385 0.0589219 0.0571403 0.0546855 0.0518585 0.0489055 0.0459419 0.0428859 0.039457 0.0352947 0.0301822 0.0242546 0.018038
 0.00838613 0.0129821 0.0183666 0.0241704 0.0301351 0.0361389 0.0420702 0.0477063 0.05272 0.0567707 0.0595885 0.0610189 0.0610475 0.0598042 0.0575332 0.0545402 0.0511348 0.0475741 0.0440026 0.0403991 0.0365728 0.0322536 0.027272 0.0217364 0.0160755
 0.00878239 0.0135959 0.0192348 0.0253101 0.0315452 0.0378028 0.043952 0.0497447 0.054826 0.0588338 0.0614878 0.0626367 0.0622817 0.0605765 0.0577919 0.0542552 0.0502904 0.0461658 0.0420461 0.0379538 0.0337689 0.0293011 0.0244322 0.0192583 0.0141257
 0.00922951 0.0142804 0.0201875 0.0265352 0.0330265 0.0395122 0.0458502 0.0517752 0.0569079 0.0608624 0.0633423 0.0641943 0.0634334 0.0612403 0.0579187 0.0538265 0.0493103 0.044654 0.0400402 0.035524 0.0310395 0.0264604 0.0217128 0.0168847 0.0122518
 0.00961111 0.0148672 0.0210089 0.0275985 0.0343201 0.0410106 0.0475143 0.0535494 0.0587194 0.0626249 0.0649625 0.0655772 0.0644883 0.0618881 0.0580996 0.053506 0.0484796 0.0433285 0.0382601 0.0333624 0.0286146 0.0239414 0.019303 0.0147791 0.0105852
 0.0099446 0.0153822 0.021734 0.0285444 0.0354816 0.0423689 0.0490356 0.0551795 0.0603833 0.064232 0.0664173 0.0667898 0.0653827 0.0624064 0.0582029 0.0531723 0.0477033 0.0421219 0.0366581 0.0314317 0.0264629 0.0217187 0.0171857 0.012934 0.00912628
 0.0103368 0.0159718 0.0225331 0.0295355 0.0366278 0.0436284 0.0503701 0.0565518 0.0617488 0.0655336 0.067586 0.0677523 0.0660714 0.0627688 0.0582059 0.0528019 0.046961 0.0410229 0.0352347 0.0297412 0.0245969 0.0198045 0.0153718 0.0113592 0.00788395
 0.0107718 0.016632 0.023439 0.0306745 0.0379586 0.0450898 0.051887 0.0580392 0.0631198 0.066711 0.0685124 0.0683916 0.0664041 0.0627863 0.0579078 0.0521952 0.0460604 0.0398515 0.0338266 0.0281484 0.0228965 0.0181003 0.0137832 0.00999583 0.00681729
 0.0110894 0.0171243 0.0241353 0.0315866 0.0390799 0.0463944 0.053325 0.0595328 0.0645669 0.0679991 0.0695382 0.0690792 0.0667159 0.062723 0.0574988 0.0514843 0.0450942 0.0386736 0.0324807 0.026685 0.0213814 0.016617 0.0124246 0.00884501 0.00592549
 0.0112071 0.017317 0.0244286 0.0320072 0.039653 0.047138 0.0542406 0.060597 0.0657266 0.0691732 0.070626 0.0699758 0.0673314 0.0630002 0.0574216 0.0510747 0.0443993 0.0377521 0.031393 0.0254922 0.020149 0.0154179 0.0113338 0.00792693 0.00521783
 0.0111238 0.0172064 0.0243091 0.0319148 0.0396359 0.0472461 0.0545149 0.0610607 0.0663795 0.0699875 0.0715438 0.070913 0.0681888 0.0636807 0.0578485 0.0512059 0.0442317 0.0373161 0.0307422 0.0246928 0.019273 0.0145391 0.010522 0.00723844 0.00468526
 0.011147 0.0172234 0.0242983 0.0318472 0.0394884 0.0470198 0.0542481 0.0608267 0.0662659 0.0700675 0.0718519 0.0714342 0.0688626 0.0644141 0.058536 0.0517501 0.0445622 0.0374006 0.0305884 0.0243412 0.0187864 0.0139898 0.00998035 0.00676161 0.00430822
 0.0112479 0.0173649 0.024468 0.0320165 0.0396161 0.047062 0.0541709 0.0606198 0.0659538 0.069713 0.0715458 0.0712688 0.0688991 0.0646599 0.0589413 0.0522249 0.0450042 0.037723 0.0307388 0.0243092 0.0185996 0.0137011 0.00965202 0.00644939 0.00405009
