SBPRF35
8.44774
Curr Bio
653812
B35
588229
F35
0.205474
FOFL
0.205474
OFL
122916
Bzero
2.41364e+006
#pred survey bio
 2.77171e+006 2.58721e+006 2.35095e+006 2.18009e+006 2.03277e+006 1.83976e+006 1.60789e+006 1.3857e+006 1.25636e+006 1.1649e+006 1.08118e+006 941449 815514 746230 693007 682387 681612 689816 676584 616467 560037 536594 550217 586774 601113 613387 565852 547700 539586 544313 509714 500705 513124 520288 528617 537622 553360 545918 552344 578232 592291 585263 577144 625935 681504 654300 578661 497421 490367 516203 608901 651291 670409 645928 606881 598793 617570 634094 617777 597031 583593 588645 661432 1.76553e+007 1.57085e+007 1.54847e+007 1.56612e+007 1.60944e+007 1.66288e+007 1.71586e+007 1.76272e+007 1.80143e+007 1.83201e+007 1.8555e+007 1.87321e+007 1.88641e+007 1.8962e+007 1.90344e+007 1.9088e+007 1.91279e+007 1.91575e+007 1.91797e+007 1.91964e+007 1.9209e+007 1.92186e+007 1.92259e+007 1.92315e+007 1.92358e+007 1.92391e+007 1.92417e+007 1.92436e+007 1.92451e+007 1.92463e+007 1.92472e+007 1.9248e+007 1.92485e+007 1.92489e+007 1.92493e+007 1.92495e+007 1.92497e+007 1.92499e+007 1.925e+007 1.92501e+007 1.92502e+007 1.92503e+007 1.92503e+007 1.92504e+007 1.92504e+007 1.92504e+007 1.92504e+007 1.92504e+007 1.92504e+007 1.92505e+007 1.92505e+007 1.92505e+007 1.92505e+007 1.92505e+007 1.92505e+007 1.92505e+007 1.92505e+007 1.92505e+007 1.92505e+007 1.92505e+007 1.92505e+007 1.92505e+007 1.92505e+007 1.92505e+007 1.92505e+007 1.92505e+007 1.92505e+007 1.92505e+007 1.92505e+007 1.92505e+007 1.92505e+007 1.92505e+007 1.92505e+007 1.92505e+007 1.92505e+007 1.92505e+007 1.92505e+007 1.92505e+007 1.92505e+007 1.92505e+007 1.92505e+007 1.92505e+007 1.92505e+007 1.92505e+007 1.92505e+007 1.92505e+007 1.92505e+007 1.92505e+007 1.92505e+007 1.92505e+007 1.92505e+007 1.92505e+007 1.92505e+007 1.92505e+007 1.92505e+007 1.92505e+007 1.92505e+007 1.92505e+007 1.92505e+007 1.92505e+007 0 0 0 0 0 0 0 0 0 0 0 0 0 0 0 0 0 0 0 0 0 0 0 0 0
#obs survey bio
 2.48387e+006 2.77443e+006 2.3367e+006 1.91137e+006 2.44798e+006 2.24098e+006 1.9908e+006 1.66258e+006 898514 1.2077e+006 913363 767961 650524 580917 736649 703349 556079 1.03296e+006 842150 796497 540971 461459 519725 446196 551389 896415 536973 581050 586516 669654 434364 411481 483930 490312 485580 494844 670566 566358 463130 647698 545028 656234 516590 799358 601136 738779 400016 674424 375974 631778 624608 904180 672658 743852 505766 503829 602815 689512 527963 616504 749869 354950 982019
#pred catch bio
 300740 302876 291055 308231 311095 286189 306802 268773 272692 250707 244534 206297 183143 177160 138394 144367 137602 117858 114303 108941 109862 99972 97680 110687 99420.5 100610 95234.7 93654.4 85432 94914.2 94191.4 92184.8 90984 86151.5 85789.6 84077.3 90942.1 89545.8 92787.8 87026.5 98006.1 95625.5 92841 92131.4 101272 88195.6 121703 47926.1 74234.8 38166.8 94975.6 102461 120870 122179 100524 92857.5 95616.5 110316 104700 78692.8 82590.3 67527.7 46307.8 122916 119309 116134 116124 118543 121874 125214 128123 130454 132221 133508 134419 135050 135480 135768 135960 136087 136170 136224 136259 136281 136296 136305 136311 136315 136318 136319 136320 136321 136321 136322 136322 136322 136322 136322 136322 136322 136322 136322 136322 136322 136322 136322 136322 136322 136322 136322 136322 136322 136322 136322 136322 136322 136322 136322 136322 136322 136322 136322 136322 136322 136322 136322 136322 136322 136322 136322 136322 136322 136322 136322 136322 136322 136322 136322 136322 136322 136322 136322 136322 136322 136322 136322 136322 136322 136322 136322 136322 136322 136322 136322 136322 136322 136322 136322 136322 136322 136322 136322 136322 0 0 0 0 0 0 0 0 0 0 0 0 0 0 0 0 0 0 0 0 0 0 0 0 0
#obs catch bio
 241982 302554 290902 308989 311389 285277 307050 268515 274173 251196 244288 205693 183267 177732 137940 144718 138160 117628 114086 108745 110025 100029 97858.2 110877 99434.8 100336 95282.8 93749.5 85415.7 94733.7 94306.3 92500.2 90999.6 86086.2 85776.6 84066.9 90890.6 89490.7 93096.7 86830.2 98073.9 95433.5 93180.5 92278.5 101268 87708.9 123086 47410.3 75080.8 37735.3 95703.7 102352 120888 122286 100428 92870.7 95568.5 110424 104926 78418.7 82717.6 67792.8 46121.8
#pred cpue bio
 2.73744e+006 2.55315e+006 2.31695e+006 2.14554e+006 1.99769e+006 1.80509e+006 1.5749e+006 1.35431e+006 1.22524e+006 1.13342e+006 1.04989e+006 912276 788691 720495 668145 657613 656435 664097 651553 593656 539177 516345 529436 564853 578693 590772 545245 527738 519948 524850 491762 482967 493896 499162 506274 514887 530292 523358 529531 554331 568150 561399 553438 600065 653812 628026 555631 476567 470757 496190 586940 628143 646210 621609 583051 574872 592972 609201 593494 573249 560713 565907 636482 1.70404e+007 1.5184e+007 1.4873e+007 1.49706e+007 1.53848e+007 1.59162e+007 1.64455e+007 1.69141e+007 1.73011e+007 1.7607e+007 1.78419e+007 1.8019e+007 1.8151e+007 1.82489e+007 1.83213e+007 1.83749e+007 1.84147e+007 1.84444e+007 1.84666e+007 1.84833e+007 1.84959e+007 1.85055e+007 1.85128e+007 1.85184e+007 1.85227e+007 1.8526e+007 1.85285e+007 1.85305e+007 1.8532e+007 1.85332e+007 1.85341e+007 1.85348e+007 1.85354e+007 1.85358e+007 1.85361e+007 1.85364e+007 1.85366e+007 1.85368e+007 1.85369e+007 1.8537e+007 1.85371e+007 1.85371e+007 1.85372e+007 1.85372e+007 1.85372e+007 1.85373e+007 1.85373e+007 1.85373e+007 1.85373e+007 1.85373e+007 1.85373e+007 1.85373e+007 1.85373e+007 1.85373e+007 1.85373e+007 1.85373e+007 1.85373e+007 1.85373e+007 1.85373e+007 1.85373e+007 1.85373e+007 1.85373e+007 1.85373e+007 1.85373e+007 1.85373e+007 1.85373e+007 1.85373e+007 1.85373e+007 1.85373e+007 1.85373e+007 1.85373e+007 1.85373e+007 1.85373e+007 1.85373e+007 1.85373e+007 1.85373e+007 1.85373e+007 1.85373e+007 1.85373e+007 1.85373e+007 1.85373e+007 1.85373e+007 1.85373e+007 1.85373e+007 1.85373e+007 1.85373e+007 1.85373e+007 1.85373e+007 1.85373e+007 1.85373e+007 1.85373e+007 1.85373e+007 1.85373e+007 1.85373e+007 1.85373e+007 1.85373e+007 1.85373e+007 1.85373e+007 1.85373e+007 1.85373e+007 0 0 0 0 0 0 0 0 0 0 0 0 0 0 0 0 0 0 0 0 0 0 0 0 0
#obs cpue bio
 3.04713e+006 3.14804e+006 1.99489e+006 1.97591e+006 1.91321e+006 1.84162e+006 1.17545e+006 1.0769e+006 1.23759e+006 1.16763e+006 1.60163e+006 1.21431e+006 811332 883806 734584 526874 681648 569413 584608 468069 493073 567347 462650 892340 561737 584215 445784 501827 431934 595666 451383 470054 657721 541056 549272 513980 514447 479869 488942 635514 599315 595932 378383 469596 1.02937e+006 624456 606447 466165 406307 466544 530586 507638 679138 540288 687539 620652 623457 596345 644474 649354 426824 643700 570752
#pred surv len freq
 0.00465552 0.00766539 0.0117334 0.0168967 0.0230472 0.0298298 0.0366266 0.0427255 0.0475917 0.0510378 0.0531847 0.054299 0.0546538 0.0544728 0.0539294 0.0531663 0.0523149 0.051491 0.0507366 0.0499068 0.0485747 0.0460821 0.0418146 0.0356006 0.027963
 0.00506968 0.00827797 0.0125453 0.0178766 0.0241505 0.0310231 0.0378985 0.0440711 0.0489815 0.0523938 0.0543867 0.0552218 0.0552163 0.0546681 0.0538183 0.0528375 0.0518326 0.0508547 0.0498743 0.0487118 0.0469753 0.0441106 0.0396335 0.0334604 0.0261101
 0.0052894 0.00868759 0.0132536 0.0190035 0.0257832 0.0331563 0.0403946 0.0466794 0.0514183 0.0544382 0.0559292 0.056246 0.0557459 0.0547292 0.0534385 0.0520609 0.0507203 0.0494614 0.0482202 0.0467812 0.044755 0.0416498 0.0370796 0.0310372 0.0240414
 0.0054919 0.0090073 0.0137221 0.0196572 0.0266718 0.0343457 0.0419509 0.04863 0.0537048 0.0568914 0.0582943 0.0582541 0.0571933 0.0555193 0.053572 0.0515967 0.0497386 0.0480409 0.0464263 0.0446653 0.0423723 0.0390927 0.0345021 0.0286407 0.0220184
 0.00572694 0.00939265 0.014307 0.0204868 0.0277762 0.0357265 0.043573 0.0504294 0.0556102 0.0588401 0.0602232 0.0600711 0.0587591 0.0566657 0.0541492 0.051519 0.048999 0.0466943 0.0445606 0.0423824 0.0397898 0.0363585 0.0318025 0.0261811 0.0199758
 0.00599263 0.00982096 0.0149451 0.0213767 0.0289477 0.0371849 0.0452856 0.0523198 0.0575688 0.060749 0.0619815 0.0616074 0.060022 0.0576007 0.0546804 0.0515539 0.0484557 0.0455344 0.0428079 0.0401239 0.0371682 0.033564 0.0290572 0.0237066 0.0179453
 0.0062036 0.0101714 0.0154862 0.0221602 0.0300147 0.0385489 0.046916 0.0541381 0.059462 0.0625943 0.0636684 0.0630498 0.0611605 0.058396 0.0551003 0.0515584 0.047992 0.0445498 0.0412787 0.0380861 0.0347352 0.0309229 0.0264414 0.0213477 0.0160174
 0.00651044 0.0106727 0.0162447 0.0232347 0.0314474 0.040345 0.0490235 0.056441 0.0617964 0.0647808 0.0655469 0.0645027 0.0621217 0.0588475 0.0550571 0.0510468 0.0470298 0.0431393 0.0394199 0.0358072 0.0321264 0.0281506 0.0237292 0.0189243 0.0140541
 0.00671543 0.0110137 0.0167729 0.0240036 0.0325035 0.041712 0.050685 0.0583316 0.0638077 0.0667782 0.0673885 0.0660563 0.0632792 0.0595355 0.0552419 0.0507292 0.0462313 0.0418878 0.037746 0.0337579 0.0297894 0.0256722 0.0213049 0.0167574 0.0122991
 0.00691074 0.0113424 0.0172882 0.024762 0.0335528 0.0430724 0.0523306 0.0601845 0.0657497 0.0686742 0.0691089 0.0674893 0.0643364 0.0601537 0.0553843 0.050385 0.0454126 0.0406246 0.0360831 0.0317598 0.0275534 0.0233389 0.0190505 0.0147602 0.0106917
 0.00708715 0.0116206 0.0176921 0.0253114 0.034264 0.0439578 0.0533935 0.0614112 0.0671028 0.0700904 0.0705024 0.0687624 0.0653915 0.0609057 0.055768 0.0503583 0.0449574 0.0397465 0.0348129 0.0301575 0.0257146 0.0213968 0.0171645 0.0130863 0.00934414
 0.00734851 0.0120376 0.0183035 0.0261448 0.0353268 0.0452265 0.0548056 0.0628698 0.0684986 0.0713303 0.0715276 0.0695457 0.0659225 0.0611745 0.0557583 0.0500495 0.0443317 0.0387973 0.0335541 0.0286328 0.0240043 0.0196182 0.015458 0.0115868 0.00814684
 0.00749359 0.0122806 0.0186823 0.026698 0.0360848 0.0461965 0.0559578 0.0641335 0.0697736 0.0725096 0.0725207 0.0702936 0.0664004 0.0613837 0.0557118 0.0497583 0.0437983 0.0380194 0.0325359 0.0273999 0.0226155 0.0181673 0.0140615 0.0103579 0.00716566
 0.00754295 0.012373 0.0188442 0.0269632 0.0364885 0.046765 0.0566967 0.0650206 0.0707589 0.0735209 0.0734746 0.0711085 0.0670098 0.0617469 0.0558159 0.0496114 0.0434176 0.0374225 0.0317402 0.0264312 0.02152 0.017018 0.0129508 0.00937746 0.00638129
 0.00777686 0.0127193 0.019303 0.027515 0.0371028 0.0474137 0.057363 0.0656968 0.0714372 0.0741839 0.0740906 0.0716336 0.0673965 0.0619538 0.0558163 0.0493973 0.042998 0.0368174 0.0309763 0.0255414 0.0205487 0.0160252 0.0120085 0.00855567 0.00572915
 0.00780717 0.0127638 0.0193605 0.0275791 0.0371622 0.0474535 0.0573703 0.06567 0.0713964 0.074174 0.0741698 0.0718496 0.0677597 0.0624264 0.0563218 0.0498453 0.0433102 0.0369441 0.0309004 0.0252755 0.0201299 0.0155097 0.011464 0.00804816 0.00530854
 0.00788029 0.0128828 0.019539 0.0278278 0.0374833 0.0478346 0.0577792 0.0660566 0.0717046 0.0743613 0.0742247 0.0717979 0.0676553 0.0623281 0.0562675 0.0498356 0.043311 0.0369036 0.0307724 0.0250364 0.019786 0.0150941 0.0110263 0.00764054 0.00497092
 0.00795904 0.0129943 0.0196769 0.0279772 0.0376272 0.0479625 0.057892 0.0661642 0.0718163 0.074476 0.0743285 0.0718713 0.0676862 0.0623207 0.0562413 0.0498127 0.0433002 0.0368926 0.0307324 0.0249374 0.0196131 0.0148561 0.0107529 0.00737053 0.00473832
 0.00798229 0.013015 0.0196763 0.0279273 0.037498 0.0477345 0.0575685 0.065777 0.0714215 0.0741415 0.0741157 0.0718173 0.0677938 0.0625607 0.0565667 0.0501761 0.0436633 0.037226 0.0310107 0.025138 0.0197211 0.0148722 0.0106958 0.00727126 0.00462964
 0.00797947 0.0130218 0.019706 0.0279952 0.0376124 0.0478852 0.0577205 0.0658774 0.0714207 0.0740171 0.0738865 0.0715385 0.0675348 0.0623799 0.0564937 0.0502079 0.0437733 0.0373771 0.0311658 0.0252663 0.0198016 0.0148966 0.01067 0.00721261 0.00455956
 0.0079691 0.0130126 0.0197069 0.0280206 0.03768 0.0480106 0.05791 0.0661204 0.071685 0.0742519 0.0740359 0.0715617 0.0674252 0.0621702 0.056242 0.0499745 0.0435988 0.0372734 0.0311204 0.0252536 0.0197955 0.0148788 0.010634 0.00716275 0.00450598
 0.00802531 0.0131035 0.0198429 0.0282108 0.0379304 0.048321 0.0582707 0.0665105 0.0720733 0.0745999 0.0743014 0.0717042 0.0674149 0.0619988 0.0559311 0.049573 0.0431695 0.0368732 0.030785 0.0249934 0.0196013 0.0147333 0.0105216 0.00707394 0.00443692
 0.00798771 0.0130439 0.0197567 0.0280966 0.0377923 0.0481719 0.0581335 0.0664157 0.072052 0.0746729 0.07447 0.0719469 0.0676904 0.062256 0.056124 0.0496748 0.0431803 0.0368167 0.0306957 0.0249017 0.0195241 0.0146742 0.0104766 0.00703799 0.00440754
 0.00792867 0.0129436 0.0195983 0.0278635 0.0374739 0.047772 0.057678 0.0659538 0.0716473 0.0743888 0.0743542 0.0720196 0.0679394 0.0626392 0.0565787 0.0501334 0.0435871 0.03714 0.0309302 0.0250607 0.0196283 0.0147415 0.0105188 0.00706215 0.00441883
 0.00797965 0.013021 0.0197035 0.0279918 0.0376125 0.0478995 0.0577653 0.0659706 0.0715725 0.0742223 0.0741219 0.0717684 0.0677226 0.0624989 0.0565326 0.0501713 0.0436778 0.0372456 0.0310201 0.02512 0.019657 0.0147484 0.010514 0.00705316 0.00440965
 0.00785365 0.0128307 0.0194446 0.0276707 0.0372457 0.0475107 0.057383 0.0656247 0.0712902 0.0740225 0.0740133 0.0717523 0.0677975 0.0626634 0.0567832 0.0504968 0.044055 0.0376407 0.0313957 0.0254453 0.0199149 0.0149365 0.0106409 0.00713255 0.00445554
 0.00795736 0.0129604 0.0195689 0.0277383 0.0372022 0.0473231 0.057059 0.0652126 0.0708601 0.0736398 0.0737201 0.0715637 0.0677101 0.0626663 0.0568658 0.05065 0.0442681 0.0378964 0.0316696 0.0257095 0.0201452 0.0151183 0.0107712 0.00721758 0.0045061
 0.00789493 0.0128966 0.0195395 0.0277919 0.0373773 0.0476176 0.0574129 0.0655217 0.0710193 0.0735926 0.0734818 0.0712065 0.0673247 0.0623265 0.056613 0.0504969 0.0442091 0.0379167 0.0317487 0.0258233 0.0202689 0.0152315 0.0108614 0.0072809 0.00454564
 0.00783695 0.0127993 0.0193902 0.0275848 0.037123 0.0473533 0.0572008 0.0654294 0.0710849 0.0737964 0.0737482 0.0714404 0.067459 0.0623491 0.0565598 0.050423 0.0441611 0.0379186 0.0318025 0.025916 0.0203806 0.0153421 0.0109558 0.00735181 0.00459281
 0.00759221 0.0124336 0.0188995 0.026986 0.0364494 0.0466471 0.0565104 0.0648127 0.0706102 0.0735326 0.0737422 0.0716933 0.0679177 0.0629233 0.0571571 0.0509802 0.0446546 0.0383532 0.0321916 0.0262667 0.0206905 0.0156032 0.0111613 0.00750061 0.0046911
 0.0077131 0.0125802 0.0190294 0.0270329 0.0363456 0.0463563 0.0560517 0.0642578 0.0700552 0.0730626 0.0734114 0.0715241 0.0679096 0.0630577 0.0573987 0.0512821 0.0449707 0.0386515 0.0324585 0.0265015 0.0208956 0.0157783 0.0113033 0.00760761 0.00476462
 0.00836857 0.0135358 0.0202601 0.0284363 0.0377598 0.0475973 0.0569515 0.0646949 0.0699788 0.0725084 0.0724955 0.0704107 0.066763 0.0620036 0.0565077 0.0505747 0.0444327 0.0382522 0.0321656 0.02629 0.0207484 0.0156829 0.0112479 0.00757997 0.00475354
 0.00901418 0.0145565 0.0217354 0.0304013 0.0401759 0.0503188 0.0597082 0.0671208 0.0717019 0.0732654 0.0722135 0.0692131 0.0649087 0.0597989 0.0542299 0.0484283 0.042538 0.0366577 0.030872 0.0252728 0.0199745 0.0151172 0.0108551 0.00732372 0.00459822
 0.0090642 0.0147174 0.0221233 0.0311701 0.0414736 0.0522194 0.0621475 0.0698759 0.0744279 0.0755751 0.0737688 0.069802 0.0644897 0.0585004 0.0523051 0.0461802 0.0402465 0.0345311 0.0290325 0.0237695 0.0188055 0.0142518 0.0102478 0.00692296 0.00435184
 0.00885388 0.0144036 0.0217095 0.0306945 0.04102 0.0519212 0.0621759 0.070398 0.0755379 0.077226 0.0757477 0.0717745 0.0660987 0.0594753 0.0525336 0.0457199 0.0392811 0.0332974 0.0277512 0.0226006 0.0178372 0.013511 0.00972056 0.00657365 0.00413716
 0.00873464 0.0141998 0.0213864 0.0302192 0.0403772 0.0511354 0.0613323 0.0696459 0.0750664 0.0772133 0.0762989 0.0728695 0.0675759 0.0610651 0.053937 0.0467019 0.0397365 0.0332628 0.0273645 0.0220363 0.0172481 0.0129973 0.00932666 0.00630202 0.00396703
 0.00860902 0.0140025 0.0211017 0.0298353 0.0398862 0.050536 0.0606363 0.0688902 0.0743228 0.0765919 0.075934 0.0728867 0.0680445 0.0619562 0.0551118 0.0479442 0.0408216 0.0340311 0.027764 0.0221172 0.0171206 0.012779 0.00910574 0.00612518 0.00384643
 0.00868435 0.0141001 0.0212025 0.0299057 0.0398869 0.0504348 0.0604191 0.0685627 0.0739067 0.0761207 0.0754559 0.0724703 0.0677755 0.0619166 0.0553442 0.0484206 0.0414397 0.0346474 0.0282485 0.0223999 0.0172056 0.012724 0.0089848 0.005998 0.00374539
 0.0086718 0.0140956 0.0212235 0.0299737 0.0400159 0.0506165 0.0606145 0.0687092 0.0739405 0.0760038 0.0751917 0.0721023 0.0673745 0.0615646 0.0551169 0.0483679 0.041566 0.0349049 0.0285522 0.0226621 0.01737 0.012781 0.00896227 0.00593745 0.0036812
 0.00862953 0.0140327 0.0211406 0.0298781 0.0399227 0.0505481 0.0605956 0.0687574 0.0740535 0.0761517 0.0753231 0.0721643 0.0673381 0.0614394 0.0549486 0.0482194 0.0414922 0.0349301 0.0286618 0.0228114 0.0175073 0.0128711 0.008997 0.00593083 0.00365515
 0.00859055 0.0139553 0.0209996 0.0296441 0.039574 0.050086 0.0600576 0.0682163 0.0735993 0.0758629 0.0752406 0.0722797 0.0676002 0.061777 0.055298 0.0485451 0.0417899 0.0352132 0.0289414 0.0230832 0.0177519 0.0130663 0.00913095 0.00600738 0.00368957
 0.00868443 0.0141015 0.0212058 0.0299085 0.0398799 0.050398 0.0603219 0.0683721 0.0736005 0.0757002 0.0749498 0.0719287 0.0672608 0.0614984 0.0550963 0.0484105 0.0417042 0.0351637 0.0289238 0.0230951 0.017786 0.0131092 0.00916874 0.00603176 0.00369998
 0.00880459 0.0142825 0.0214514 0.0302126 0.0402276 0.050768 0.0606868 0.068697 0.0738436 0.0758197 0.0749163 0.0717385 0.0669423 0.0611058 0.0546916 0.0480441 0.0414036 0.0349351 0.0287611 0.022988 0.0177228 0.0130774 0.0091557 0.00602699 0.00369709
 0.00864343 0.0140666 0.0212111 0.030003 0.0401119 0.0507909 0.0608544 0.0689751 0.0741743 0.0761432 0.075186 0.0719245 0.0670304 0.061097 0.0546032 0.0479065 0.041252 0.0347993 0.0286581 0.0229218 0.0176885 0.0130658 0.00915698 0.00603304 0.00370284
 0.00855809 0.0139021 0.0209199 0.0295357 0.0394421 0.0499472 0.0599396 0.0681495 0.0736023 0.0759301 0.0753419 0.072374 0.067654 0.0617761 0.0552487 0.0484679 0.0417132 0.035167 0.02895 0.0231554 0.0178761 0.0132138 0.00926884 0.0061122 0.00375433
 0.00858316 0.01394 0.0209689 0.0295859 0.03947 0.0499137 0.0597968 0.0678607 0.0731705 0.075416 0.0748535 0.0720261 0.0675201 0.0618616 0.0554992 0.0488019 0.0420564 0.035472 0.0291979 0.0233476 0.0180222 0.0133238 0.00935012 0.00616971 0.00379234
 0.00859331 0.0139492 0.0209697 0.0295673 0.0394206 0.0498257 0.0596674 0.0676896 0.0729561 0.0751563 0.0745563 0.0717211 0.0672609 0.0617096 0.0554961 0.0489494 0.0423161 0.0357849 0.0295084 0.023619 0.0182394 0.0134868 0.00946622 0.00624824 0.00384232
 0.0087025 0.0141884 0.0214392 0.0303865 0.0406835 0.0515376 0.0616967 0.069774 0.0747709 0.0764131 0.0750809 0.0714829 0.0663577 0.0603276 0.0538607 0.0472758 0.0407692 0.0344602 0.0284367 0.0227876 0.0176161 0.0130358 0.00915407 0.00604424 0.00371803
 0.00828556 0.0134796 0.0203258 0.0287735 0.03855 0.0490064 0.0590721 0.0674958 0.0732769 0.0759741 0.0757046 0.0729367 0.0682828 0.0623719 0.0557695 0.0489197 0.0421233 0.0355584 0.0293281 0.0235104 0.0181918 0.0134768 0.00947331 0.00625997 0.00385298
 0.00822392 0.0133891 0.0202024 0.0286061 0.0383069 0.0486263 0.0584763 0.0666315 0.0721775 0.0747957 0.0746968 0.0723483 0.0682521 0.0628708 0.0566319 0.0499275 0.0430931 0.0363862 0.029986 0.0240151 0.0185734 0.0137613 0.00967874 0.00640054 0.00394247
 0.00787617 0.0128123 0.0193174 0.0273429 0.0366322 0.0465786 0.0561891 0.0643201 0.0700857 0.0731341 0.073611 0.0719254 0.0685367 0.063857 0.0582352 0.0519719 0.0453387 0.0385907 0.0319634 0.0256634 0.0198666 0.0147227 0.0103563 0.00685069 0.00422179
 0.00809713 0.0131526 0.0197898 0.027935 0.0372952 0.0472192 0.0566725 0.064495 0.0698326 0.0724149 0.0724935 0.0705687 0.0671497 0.0626513 0.0573835 0.0515722 0.0453922 0.0390057 0.0325911 0.0263498 0.0204952 0.0152313 0.0107297 0.00710288 0.00437916
 0.00827025 0.0134355 0.020217 0.0285354 0.0380813 0.0481696 0.0577156 0.0655042 0.0706429 0.0728598 0.0724515 0.070003 0.0661269 0.0613315 0.0559816 0.0503042 0.0444218 0.0384089 0.03235 0.0263765 0.0206736 0.015458 0.0109369 0.0072603 0.00448375
 0.00840677 0.0136799 0.0206253 0.0291711 0.0389969 0.0493795 0.0591697 0.0670805 0.0721648 0.0741304 0.0732902 0.0702772 0.0657784 0.0603947 0.0545862 0.0486534 0.0427471 0.0369146 0.031168 0.0255478 0.0201616 0.0151823 0.0108101 0.00721265 0.00447093
 0.00859162 0.0139663 0.0210315 0.029709 0.0396755 0.0502067 0.0601485 0.0681962 0.0733689 0.0753308 0.074355 0.0710555 0.0661332 0.0602387 0.0539095 0.0475334 0.0413371 0.0354097 0.0297569 0.0243684 0.0192767 0.0145836 0.0104433 0.00700796 0.00436618
 0.00855213 0.0139133 0.0209728 0.0296597 0.0396556 0.0502378 0.0602518 0.0683941 0.0736859 0.0757882 0.0749553 0.0717631 0.0668633 0.0608673 0.0543063 0.0476059 0.0410652 0.034855 0.0290414 0.0236322 0.0186341 0.0140964 0.0101189 0.00681735 0.00426702
 0.00839036 0.0136653 0.0206287 0.0292235 0.0391475 0.0496962 0.0597331 0.0679683 0.0734249 0.0757499 0.0751709 0.0722297 0.0675413 0.0616793 0.0551425 0.0483425 0.0415956 0.0351228 0.0290574 0.0234656 0.0183811 0.0138436 0.00991921 0.00668628 0.00419437
 0.00831059 0.0135275 0.0204072 0.0288921 0.0386889 0.049115 0.0590676 0.0672902 0.0728255 0.0753183 0.0749737 0.0723007 0.0678785 0.0622462 0.0558708 0.0491379 0.0423521 0.0357448 0.0294858 0.0236925 0.0184456 0.0138099 0.00984892 0.00662033 0.0041494
 0.00849605 0.0138005 0.0207638 0.0293062 0.0391148 0.0494946 0.0593389 0.0673991 0.0727399 0.0750419 0.0745519 0.0718118 0.0674132 0.0618833 0.0556573 0.0490793 0.0424135 0.0358641 0.0295956 0.0237439 0.0184229 0.0137291 0.00974315 0.00652088 0.00407425
 0.0085203 0.013863 0.0208986 0.0295544 0.0395076 0.05003 0.0599651 0.0680175 0.073233 0.0753119 0.0745519 0.0715563 0.0669678 0.0613429 0.05512 0.0486225 0.0420778 0.0356492 0.0294694 0.0236615 0.0183472 0.0136433 0.00965011 0.00643376 0.0040049
 0.00840233 0.013658 0.0205691 0.029067 0.0388522 0.0492435 0.0591438 0.0673008 0.0727567 0.0751544 0.0747053 0.0719393 0.0674695 0.0618678 0.0556138 0.0490723 0.0424942 0.0360447 0.0298433 0.0239983 0.0186255 0.0138487 0.00978286 0.00650742 0.00403911
 0.0084874 0.0137706 0.0206896 0.0291573 0.0388618 0.0491225 0.0588601 0.0668566 0.0721989 0.0745719 0.0742075 0.0716195 0.0673708 0.0619718 0.0558587 0.0493857 0.0428217 0.036358 0.0301322 0.0242571 0.0188463 0.0140227 0.00990619 0.00658434 0.00408055
 0.00799769 0.0130682 0.0198052 0.0281762 0.037896 0.0482676 0.0581632 0.0663147 0.0717845 0.0742662 0.0740217 0.071594 0.0675546 0.0623935 0.0565046 0.0501976 0.0437143 0.0372455 0.0309483 0.024962 0.0194221 0.0144667 0.0102265 0.00679819 0.00421118
#obs surv len freq
 0.00496921 0.0081385 0.0123773 0.0176987 0.0239764 0.0308456 0.0376823 0.0437647 0.0485433 0.0518166 0.0537022 0.0544839 0.0544802 0.0539878 0.0532669 0.0525316 0.0519267 0.0514872 0.0510742 0.0503182 0.0486367 0.0453988 0.0402274 0.0332917 0.0253739
 0.00518319 0.00848998 0.012913 0.0184641 0.0250072 0.0321531 0.0392395 0.0455012 0.0503558 0.0535889 0.0553226 0.0558547 0.0555188 0.054625 0.0534475 0.0522176 0.0511054 0.0501788 0.0493389 0.0482593 0.0463978 0.0431518 0.0381484 0.0315275 0.02401
 0.00540907 0.00886094 0.0134784 0.0192728 0.0260987 0.0335431 0.0409045 0.0473721 0.0523266 0.0555355 0.0571225 0.0573988 0.0567166 0.0554042 0.0537514 0.0520032 0.0503456 0.0488713 0.0475211 0.0460222 0.0438928 0.0405799 0.0357285 0.0294495 0.0223905
 0.00563765 0.00923468 0.0140451 0.0200793 0.0271822 0.0349192 0.0425523 0.0492287 0.0542943 0.0574991 0.0589655 0.0590139 0.0580099 0.0562964 0.0541776 0.0519117 0.0496985 0.0476515 0.0457466 0.043767 0.0413011 0.0378619 0.0331277 0.0271872 0.0206107
 0.00589434 0.00965292 0.0146762 0.0209714 0.0283713 0.036414 0.0443203 0.0511912 0.0563387 0.0595009 0.0608084 0.0605997 0.059259 0.0571441 0.0545695 0.0518008 0.0490453 0.0464307 0.0439632 0.0414792 0.0386413 0.0350387 0.0303953 0.0247868 0.0187066
 0.00612989 0.0100426 0.0152753 0.0218351 0.0295438 0.0379106 0.0461094 0.0531891 0.0584223 0.0615332 0.0626625 0.0621722 0.0604723 0.0579431 0.054914 0.0516583 0.0483862 0.0452322 0.0422243 0.0392455 0.03603 0.0322457 0.0276699 0.0223737 0.0167788
 0.00637591 0.0104444 0.0158834 0.0226985 0.030701 0.0393757 0.0478563 0.0551444 0.0604734 0.0635473 0.064508 0.0637343 0.0616623 0.0587002 0.0552021 0.0514571 0.0476829 0.0440188 0.0405071 0.0370674 0.0334965 0.0295367 0.0250198 0.0200178 0.0148884
 0.00661882 0.01084 0.0164801 0.0235416 0.0318239 0.0407862 0.0495229 0.0569919 0.0623933 0.0654189 0.0662163 0.0651806 0.0627667 0.0594025 0.055461 0.0512482 0.0469945 0.0428496 0.0388715 0.0350112 0.0311187 0.0270009 0.0225395 0.0178094 0.0131118
 0.00685259 0.0112274 0.0170763 0.0244011 0.0329884 0.0422649 0.0512743 0.05892 0.0643638 0.0672887 0.0678603 0.0665046 0.0637088 0.0599267 0.0555498 0.0508951 0.0461998 0.0416205 0.0372285 0.0330028 0.028839 0.0245999 0.0202093 0.0157439 0.0114536
 0.00705958 0.0115667 0.0175924 0.0251381 0.0339822 0.0435303 0.0527906 0.0606227 0.0661503 0.0690343 0.0694382 0.0678037 0.0646456 0.0604509 0.0556413 0.0505556 0.0454429 0.0404662 0.0357063 0.0311641 0.0267724 0.0224399 0.0181246 0.0139028 0.00997862
 0.00727301 0.0119169 0.018125 0.0258967 0.0349982 0.0448087 0.0542955 0.0622744 0.0678381 0.0706388 0.070851 0.0689371 0.0654345 0.0608529 0.0556363 0.0501443 0.0446423 0.0393053 0.0342253 0.0294206 0.0248531 0.020466 0.0162428 0.0122557 0.0086674
 0.00742119 0.0121625 0.0185035 0.0264447 0.0357464 0.0457711 0.0554571 0.0635856 0.0692201 0.0719968 0.0720898 0.0699718 0.0661981 0.0612983 0.0557361 0.049889 0.0440379 0.0383722 0.0329994 0.0279577 0.0232349 0.018802 0.0146597 0.0108738 0.00757022
 0.00751886 0.0123195 0.0187374 0.0267719 0.0361822 0.0463264 0.0561348 0.0643761 0.0700988 0.0729247 0.073015 0.0708331 0.0669307 0.0618408 0.0560378 0.0499139 0.0437678 0.0378072 0.0321602 0.0268887 0.0220068 0.0175109 0.0134161 0.0097809 0.00669925
 0.00760535 0.0124569 0.018938 0.0270452 0.0365327 0.0467522 0.0566256 0.064914 0.0706628 0.0734955 0.0735767 0.0713697 0.0674198 0.0622499 0.0563255 0.0500362 0.0436865 0.0374982 0.0316207 0.0261423 0.0211062 0.0165351 0.0124585 0.00892983 0.00601656
 0.00766313 0.0125459 0.019063 0.0272077 0.0367317 0.0469849 0.0568877 0.0651997 0.0709654 0.0738086 0.0738952 0.0716897 0.0677353 0.0625487 0.0565853 0.0502237 0.0437616 0.0374231 0.0313704 0.0257155 0.0205315 0.0158695 0.011777 0.00830732 0.00550824
 0.0077172 0.0126277 0.0191746 0.0273468 0.0368923 0.0471587 0.0570653 0.0653724 0.0711274 0.0739588 0.0740377 0.0718316 0.0678833 0.0627044 0.0567416 0.0503631 0.0438561 0.0374386 0.0312755 0.0254925 0.0201866 0.0154362 0.0113093 0.00786455 0.00513777
 0.00775529 0.0126857 0.0192543 0.0274469 0.0370083 0.0472833 0.0571893 0.0654859 0.0712222 0.0740318 0.0740923 0.071877 0.0679309 0.0627637 0.0568162 0.0504474 0.0439342 0.0374856 0.031263 0.0253977 0.020002 0.015176 0.0110077 0.00756487 0.00487838
 0.00780124 0.0127531 0.0193422 0.0275495 0.0371166 0.0473876 0.0572813 0.0655597 0.0712744 0.0740618 0.0741026 0.0718735 0.067922 0.0627589 0.0568231 0.0504688 0.0439656 0.0375136 0.0312676 0.0253582 0.0199056 0.0150244 0.010819 0.00736789 0.00470151
 0.00784901 0.0128262 0.0194433 0.0276772 0.0372646 0.0475446 0.0574316 0.0656854 0.0713598 0.0740983 0.0740917 0.0718252 0.067851 0.0626801 0.0567491 0.0504081 0.0439208 0.0374806 0.0312357 0.0253129 0.0198341 0.0149224 0.0106935 0.00723498 0.00457987
 0.00786974 0.0128594 0.0194924 0.0277445 0.0373507 0.0476469 0.0575435 0.065796 0.0714557 0.0741672 0.0741255 0.071822 0.0678155 0.0626222 0.0566809 0.0503408 0.0438621 0.037433 0.0311957 0.0252724 0.0197839 0.0148568 0.0106138 0.00714959 0.00450005
 0.00789281 0.0128921 0.0195326 0.0277878 0.0373918 0.0476824 0.0575733 0.065823 0.0714836 0.0741974 0.0741556 0.0718465 0.0678286 0.0626201 0.0566638 0.0503127 0.0438291 0.0374003 0.0311655 0.0252429 0.0197507 0.0148161 0.0105651 0.00709667 0.00444955
 0.00788443 0.0128788 0.0195132 0.0277612 0.0373568 0.0476383 0.0575204 0.0657642 0.0714252 0.0741488 0.0741275 0.0718468 0.0678589 0.0626747 0.0567323 0.0503839 0.0438946 0.0374558 0.0312093 0.0252743 0.0197689 0.0148202 0.0105561 0.0070782 0.00442688
 0.00790412 0.0129038 0.0195381 0.0277767 0.0373529 0.047608 0.0574633 0.065687 0.0713388 0.0740653 0.074057 0.0717976 0.0678367 0.0626821 0.0567673 0.0504397 0.0439616 0.0375239 0.0312707 0.0253238 0.0198041 0.0148408 0.0105634 0.00707524 0.00441798
 0.00790551 0.0129073 0.0195451 0.0277882 0.0373678 0.0476216 0.0574671 0.0656706 0.0712953 0.0739954 0.0739707 0.0717109 0.0677659 0.0626391 0.0567572 0.0504611 0.0440077 0.037585 0.0313361 0.0253844 0.0198535 0.014876 0.0105845 0.00708467 0.00441945
 0.00787845 0.0128627 0.0194772 0.0276925 0.037243 0.0474724 0.0573056 0.0655146 0.0711631 0.0738996 0.073916 0.0716953 0.0677856 0.0626911 0.0568393 0.0505701 0.0441374 0.0377261 0.0314773 0.0255149 0.0199645 0.0149624 0.0106458 0.00712363 0.0044413
 0.00784695 0.0128099 0.019395 0.0275726 0.0370796 0.0472656 0.0570647 0.0652596 0.0709213 0.0737002 0.0737824 0.0716408 0.0678106 0.062786 0.0569884 0.0507564 0.0443452 0.0379413 0.0316872 0.0257074 0.0201299 0.0150947 0.0107433 0.00718949 0.00448161
 0.0078405 0.012796 0.0193676 0.0275238 0.0370007 0.0471501 0.0569111 0.0650734 0.0707152 0.0734931 0.0735968 0.071499 0.067731 0.0627779 0.0570509 0.0508789 0.0445112 0.0381321 0.0318848 0.0258963 0.0202976 0.0152328 0.0108484 0.00726273 0.00452807
 0.00784497 0.0128001 0.0193678 0.0275141 0.036974 0.0470993 0.0568313 0.064963 0.0705772 0.0733351 0.0734317 0.0713437 0.067604 0.0626964 0.0570268 0.0509161 0.0446043 0.038268 0.0320457 0.0260635 0.0204547 0.0153676 0.0109543 0.00733878 0.00457771
 0.00780785 0.012745 0.0192944 0.0274254 0.0368747 0.0469939 0.0567231 0.0648537 0.0704684 0.0732293 0.073333 0.0712582 0.0675394 0.0626614 0.0570296 0.0509627 0.0446957 0.038399 0.0322046 0.0262343 0.0206203 0.0155138 0.011072 0.00742502 0.00463513
 0.00775996 0.0126639 0.0191672 0.0272398 0.0366244 0.0466851 0.0563789 0.0645123 0.0701728 0.0730141 0.0732149 0.0712359 0.0675993 0.0627855 0.0572015 0.0511696 0.0449284 0.0386488 0.0324615 0.0264857 0.0208522 0.0157134 0.0112309 0.00754126 0.00471274
 0.00774361 0.0126329 0.019112 0.0271483 0.0364838 0.0464865 0.0561219 0.0642092 0.0698491 0.0727053 0.0729599 0.071067 0.0675344 0.0628247 0.0573301 0.051365 0.0451673 0.0389112 0.0327307 0.0267471 0.0210924 0.0159206 0.0113971 0.00766413 0.00479576
 0.00931826 0.0148363 0.0217697 0.0298775 0.0388041 0.0479967 0.0566406 0.0638017 0.0687478 0.0711927 0.0712824 0.0694024 0.0659965 0.0614778 0.0562022 0.0504573 0.0444626 0.0383828 0.0323494 0.0264847 0.020923 0.0158203 0.0113444 0.00764077 0.00478808
 0.00931983 0.0151288 0.0227206 0.0319406 0.0423215 0.0529315 0.0624068 0.0693592 0.0729699 0.0733084 0.0711307 0.0673767 0.0627738 0.0577321 0.0524366 0.0469732 0.041404 0.0357967 0.0302307 0.0248032 0.0196357 0.0148763 0.0106872 0.00721047 0.00452552
 0.00897427 0.014588 0.0219672 0.0310288 0.0414287 0.0523919 0.0626705 0.0708307 0.0757645 0.0770724 0.0750853 0.0706125 0.0646285 0.0580198 0.051419 0.0451456 0.0392639 0.033707 0.0283947 0.0233011 0.0184738 0.0140233 0.0100946 0.0068236 0.00429015
 0.00879475 0.0142876 0.0215001 0.0303508 0.0405149 0.0512692 0.0614577 0.0697653 0.0751818 0.0773115 0.076336 0.0727722 0.0672727 0.0605395 0.053266 0.0460417 0.0392556 0.033065 0.027451 0.0223251 0.0176254 0.0133655 0.009628 0.00651777 0.00410479
 0.00870948 0.0141432 0.0212715 0.0300089 0.040031 0.0506233 0.0606524 0.0688417 0.0742361 0.0765044 0.0758792 0.072874 0.0680465 0.0619156 0.0549728 0.047693 0.0405058 0.0337407 0.0275843 0.022086 0.0172176 0.0129475 0.00928573 0.00627613 0.00395304
 0.00869733 0.014116 0.0212162 0.0299071 0.0398615 0.0503661 0.0602937 0.0683786 0.0736813 0.0758936 0.0752813 0.0723974 0.0678253 0.0620675 0.0555377 0.0485873 0.0415326 0.0346637 0.0282259 0.0223896 0.0172415 0.0128082 0.00909482 0.00610535 0.00383054
 0.00870001 0.0141224 0.0212289 0.029928 0.0398882 0.0503885 0.0602918 0.0683246 0.0735469 0.0756607 0.0749524 0.0720038 0.0674305 0.0617614 0.0554138 0.0487053 0.0418825 0.0351567 0.0287266 0.022776 0.0174534 0.0128582 0.00904143 0.0060133 0.00374448
 0.00867433 0.0140835 0.0211757 0.0298621 0.0398141 0.0503129 0.0602223 0.0682665 0.073499 0.0756123 0.0748856 0.0719013 0.0672879 0.0615973 0.0552718 0.048642 0.041943 0.0353482 0.0290083 0.0230741 0.0176959 0.0130059 0.00909692 0.00600701 0.00371198
 0.00868462 0.0140961 0.0211873 0.0298672 0.0398068 0.0502897 0.0601842 0.068219 0.0734497 0.0755674 0.0748456 0.0718598 0.0672345 0.0615243 0.0551827 0.0485565 0.0418922 0.0353605 0.0290919 0.0232095 0.0178439 0.0131277 0.00917155 0.00603606 0.00371116
 0.00864438 0.0140385 0.0211149 0.0297867 0.0397269 0.0502171 0.0601212 0.0681645 0.0734021 0.0755276 0.0748175 0.0718476 0.067239 0.0615411 0.0552044 0.0485785 0.0419177 0.0354002 0.029157 0.0233017 0.0179515 0.0132304 0.00925119 0.00608508 0.00373339
 0.00862729 0.0140074 0.0210624 0.0297055 0.0396129 0.0500743 0.059964 0.0680153 0.0732839 0.0754553 0.074794 0.0718658 0.0672873 0.0616084 0.055282 0.0486597 0.0419988 0.035481 0.0292403 0.02339 0.0180428 0.013317 0.00932364 0.00613687 0.00376422
 0.00865731 0.0140525 0.0211229 0.0297782 0.0396903 0.0501448 0.0600136 0.068031 0.0732585 0.0753914 0.0747041 0.0717673 0.0671958 0.0615331 0.0552255 0.0486206 0.0419745 0.03547 0.0292421 0.0234045 0.0180684 0.0133495 0.00935659 0.00616439 0.00378317
 0.00863596 0.0140234 0.0210895 0.0297469 0.0396686 0.0501379 0.0600217 0.0680484 0.0732758 0.075399 0.0746957 0.071743 0.0671618 0.061499 0.0552002 0.0486093 0.0419781 0.0354861 0.0292676 0.0234365 0.0181042 0.013386 0.00939029 0.00619205 0.00380304
 0.00861478 0.0139884 0.0210363 0.0296723 0.0395728 0.0500271 0.0599089 0.0679516 0.0732119 0.0753769 0.074713 0.0717882 0.0672201 0.0615587 0.055256 0.0486614 0.042029 0.0355381 0.029321 0.0234898 0.0181551 0.0134321 0.00942932 0.00622252 0.00382461
 0.00862816 0.0140086 0.0210636 0.0297052 0.0396078 0.0500585 0.0599299 0.0679558 0.0731968 0.0753453 0.0746729 0.0717486 0.0671874 0.0615341 0.0552372 0.0486454 0.0420151 0.0355276 0.0293161 0.0234918 0.0181635 0.0134449 0.00944385 0.00623613 0.00383555
 0.00862816 0.0140086 0.0210636 0.0297052 0.0396078 0.0500585 0.0599299 0.0679558 0.0731968 0.0753453 0.0746729 0.0717486 0.0671874 0.0615341 0.0552372 0.0486454 0.0420151 0.0355276 0.0293161 0.0234918 0.0181635 0.0134449 0.00944385 0.00623613 0.00383555
 0.00891048 0.0144544 0.0217077 0.0305652 0.0406738 0.0512804 0.0612091 0.0691517 0.0741546 0.0759377 0.0748334 0.0714827 0.0665618 0.0606523 0.0542125 0.0475807 0.0409908 0.034599 0.028516 0.022835 0.0176505 0.0130653 0.00917939 0.00606392 0.0037315
 0.00823896 0.0134258 0.0202819 0.0287591 0.03857 0.0490319 0.0590359 0.0673169 0.0729088 0.0754481 0.0751338 0.0724724 0.0680482 0.0624115 0.0560419 0.0493286 0.0425632 0.0359512 0.0296371 0.0237335 0.0183456 0.0135815 0.00954425 0.00630712 0.00388282
 0.00834813 0.0135188 0.0202674 0.0285047 0.037943 0.0479615 0.0575655 0.0656131 0.071219 0.0740298 0.0741897 0.072111 0.0682724 0.0631327 0.0571101 0.0505728 0.0438289 0.0371243 0.0306506 0.0245612 0.0189889 0.0140578 0.00987921 0.00652917 0.00402038
 0.00799396 0.0129883 0.0195493 0.0276076 0.0368789 0.0467275 0.0561434 0.0639973 0.0694622 0.0722766 0.0726678 0.0710745 0.0679209 0.0635448 0.0582234 0.0522109 0.0457573 0.0391101 0.032506 0.0261642 0.0202827 0.0150378 0.0105758 0.0069923 0.00430667
 0.00822898 0.0133263 0.0199764 0.0280831 0.0373457 0.047127 0.0564223 0.0641012 0.069326 0.0718308 0.0718721 0.0699647 0.0666356 0.0623037 0.0572576 0.0516819 0.0457072 0.0394642 0.0331182 0.0268744 0.0209616 0.0156067 0.011005 0.00728723 0.00449219
 0.00836352 0.0135777 0.0204112 0.0287724 0.0383349 0.0483949 0.0578529 0.0654945 0.070451 0.0724939 0.071963 0.069467 0.0656163 0.060902 0.0556717 0.0501383 0.0444096 0.0385397 0.0325907 0.0266783 0.0209845 0.0157358 0.0111568 0.00741619 0.00458319
 0.00850493 0.0138178 0.0207927 0.0293448 0.0391472 0.0494796 0.0592038 0.0670446 0.0720626 0.0739692 0.0730803 0.0700335 0.0655212 0.0601467 0.0543701 0.0484892 0.0426517 0.036899 0.0312322 0.0256774 0.0203293 0.0153563 0.0109637 0.00733095 0.00455128
 0.00858919 0.0139607 0.0210192 0.0296836 0.0396267 0.0501216 0.0600152 0.0680113 0.0731462 0.0751032 0.0741657 0.0709405 0.0661055 0.0602843 0.0539984 0.0476371 0.0414408 0.0355139 0.0298701 0.0244971 0.0194185 0.0147268 0.0105727 0.00711179 0.00443992
 0.00853426 0.0138787 0.0209108 0.0295573 0.0395014 0.0500278 0.0599945 0.0681121 0.0734125 0.0755604 0.0748066 0.0717158 0.0669227 0.0610189 0.0545187 0.04784 0.0412873 0.0350462 0.0291995 0.0237656 0.0187524 0.0142039 0.0102137 0.00689481 0.00432408
 0.00847357 0.0137717 0.0207355 0.0292912 0.0391306 0.0495604 0.0594713 0.0676066 0.0730172 0.0753637 0.0748701 0.0720591 0.0675167 0.0617861 0.0553437 0.048591 0.0418476 0.0353471 0.0292393 0.0236053 0.0184874 0.0139267 0.00998577 0.00673888 0.00423349
 0.00843756 0.0137069 0.020626 0.0291175 0.0388732 0.0492061 0.0590223 0.0670872 0.0724767 0.0748726 0.0745098 0.0719048 0.0676171 0.0621467 0.0559191 0.049291 0.0425567 0.0359543 0.0296692 0.0238364 0.0185506 0.0138838 0.00990108 0.00665757 0.0041757
 0.00854704 0.0138734 0.0208541 0.0294007 0.0391919 0.0495265 0.0592969 0.0672613 0.0725009 0.0747216 0.0741959 0.0714814 0.0671674 0.0617615 0.0556692 0.0492056 0.0426151 0.0360961 0.0298188 0.0239331 0.0185681 0.0138323 0.00981257 0.0065659 0.00410265
 0.00860628 0.0139795 0.0210308 0.0296735 0.0395781 0.0500222 0.0598653 0.0678326 0.072987 0.075039 0.0742884 0.0713339 0.0668099 0.0612621 0.0551187 0.0486931 0.0422039 0.0358081 0.0296358 0.0238137 0.0184713 0.0137347 0.00971174 0.00647241 0.00402781
 0.00838434 0.0136324 0.0205366 0.0290279 0.0388034 0.0491757 0.0590419 0.0671517 0.0725601 0.0749307 0.0744931 0.0717813 0.0673952 0.0618838 0.0557066 0.0492182 0.0426698 0.0362305 0.0300239 0.024161 0.0187612 0.0139527 0.00985604 0.00655467 0.00406723
 0.0083638 0.0135749 0.0204058 0.0287768 0.0383877 0.0485759 0.0582834 0.0663104 0.0717499 0.0742754 0.0740943 0.0716925 0.067609 0.0623379 0.0563068 0.0498691 0.0432996 0.0368004 0.0305204 0.0245822 0.0191058 0.014219 0.0100456 0.00667653 0.00413695
 0.00821011 0.0133334 0.0200571 0.0283065 0.0377867 0.0478422 0.0574284 0.0653684 0.0707843 0.0733793 0.0733789 0.0712643 0.0675419 0.0626495 0.0569507 0.0507482 0.0442942 0.0377989 0.0314399 0.0253742 0.0197499 0.0147136 0.0104019 0.00691462 0.00428289
#pred catch len freq
 0.00358892 0.00583122 0.00880458 0.0125521 0.0170993 0.0223964 0.0282539 0.0343432 0.0402695 0.0456569 0.050204 0.0537184 0.0561396 0.0575375 0.0580788 0.0579848 0.057498 0.0568424 0.0561411 0.0552871 0.0538403 0.0510894 0.0463626 0.0394742 0.031006
 0.003947 0.00636187 0.00951052 0.0134104 0.0180785 0.0234783 0.0294414 0.0356428 0.0416581 0.0470571 0.0514895 0.0547531 0.0568301 0.0578665 0.0581008 0.0577853 0.0571377 0.0563138 0.0553609 0.0541347 0.0522334 0.0490597 0.0440846 0.0372197 0.029044
 0.00415283 0.00672806 0.0101169 0.0143426 0.0193991 0.025188 0.0314523 0.0377901 0.0437514 0.0489398 0.0530663 0.0559741 0.0576592 0.0582693 0.05806 0.0573207 0.0563023 0.0551617 0.0539113 0.0523668 0.0501272 0.0466607 0.041545 0.0347763 0.0269382
 0.00436358 0.00705831 0.0105963 0.015005 0.0202928 0.0263815 0.033019 0.0397686 0.046094 0.0514831 0.0555533 0.0581265 0.0592587 0.0592028 0.0583119 0.0569372 0.0553563 0.0537299 0.0520602 0.0501504 0.0476043 0.0439312 0.0387767 0.0321904 0.0247479
 0.00459655 0.00743224 0.0111501 0.0157717 0.0212955 0.0276276 0.0344984 0.0414576 0.0479644 0.0535014 0.0576595 0.0602043 0.0611264 0.0606449 0.0591398 0.0570408 0.0547195 0.0524093 0.0501515 0.0477657 0.0448726 0.0410144 0.0358792 0.0295387 0.0225379
 0.00484477 0.00782702 0.0117292 0.0165678 0.0223345 0.0289237 0.036044 0.0432143 0.0498622 0.0554486 0.0595607 0.0619722 0.0626794 0.0618914 0.0599663 0.0573215 0.0543483 0.0513354 0.0483982 0.0454291 0.0421115 0.0380394 0.0329359 0.0268725 0.0203422
