SBPRF35
7.78865
Curr Bio
514523
B35
687070
F35
0.209331
FOFL
0.150567
OFL
60578.1
Bzero
2.22533e+006
#pred survey bio
 5.07776e+006 4.79537e+006 4.51705e+006 4.18951e+006 3.82155e+006 3.45231e+006 3.07567e+006 2.74453e+006 2.42061e+006 2.13687e+006 1.8713e+006 1.63347e+006 1.42469e+006 1.25764e+006 1.11349e+006 996831 912418 839029 794304 753927 726819 694058 689601 680393 652798 646297 635768 639426 638369 630833 622050 619591 613068 609397 600489 582537 559412 550105 543970 553614 565523 571253 580851 590254 589901 586707 578856 579987 573435 571296 564896 546305 556249 564822 556926 542584 519016 1.77749e+007 1.02707e+007 1.02836e+007 1.09635e+007 1.20156e+007 1.31539e+007 1.4202e+007 1.50815e+007 1.57772e+007 1.63065e+007 1.66988e+007 1.69848e+007 1.71912e+007 1.73394e+007 1.74457e+007 1.7522e+007 1.75771e+007 1.7617e+007 1.76461e+007 1.76674e+007 1.76832e+007 1.76949e+007 1.77037e+007 1.77102e+007 1.77152e+007 1.7719e+007 1.77218e+007 1.7724e+007 1.77256e+007 1.77269e+007 1.77279e+007 1.77286e+007 1.77292e+007 1.77297e+007 1.773e+007 1.77303e+007 1.77305e+007 1.77306e+007 1.77308e+007 1.77309e+007 1.77309e+007 1.7731e+007 1.7731e+007 1.77311e+007 1.77311e+007 1.77311e+007 1.77311e+007 1.77311e+007 1.77311e+007 1.77311e+007 1.77312e+007 1.77312e+007 1.77312e+007 1.77312e+007 1.77312e+007 1.77312e+007 1.77312e+007 1.77312e+007 1.77312e+007 1.77312e+007 1.77312e+007 1.77312e+007 1.77312e+007 1.77312e+007 1.77312e+007 1.77312e+007 1.77312e+007 1.77312e+007 1.77312e+007 1.77312e+007 1.77312e+007 1.77312e+007 1.77312e+007 1.77312e+007 1.77312e+007 1.77312e+007 1.77312e+007 1.77312e+007 1.77312e+007 1.77312e+007 1.77312e+007 1.77312e+007 1.77312e+007 1.77312e+007 1.77312e+007 1.77312e+007 1.77312e+007 1.77312e+007 1.77312e+007 1.77312e+007 1.77312e+007 1.77312e+007 1.77312e+007 1.77312e+007 1.77312e+007 1.77312e+007 1.77312e+007 1.77312e+007 1.77312e+007 1.77312e+007 0 0 0 0 0 0 0 0 0 0 0 0 0 0 0 0 0 0 0 0 0 0 0 0 0
#obs survey bio
 3.6124e+006 3.3305e+006 4.12744e+006 3.66506e+006 3.69496e+006 1.795e+006 2.78819e+006 1.67563e+006 2.71114e+006 1.95175e+006 1.13022e+006 1.04592e+006 1.24464e+006 1.16464e+006 747336 723535 930170 749724 669870 505150 689029 751105 688349 537420 471409 747741 525429 507661 857212 478452 406388 550800 733170 643802 493945 605932 814333 664262 617947 431241 584180 443526 628364 612546 565137 627067 493416 499994 669604 533095 543292 522281 460655 505182 454501 467493 608578
#pred catch bio
 91580.8 91486.1 148614 207926 239029 280182 273496 299015 291194 299502 295116 284250 257811 244954 225347 198987 188087 161008 154339 139760 140418 113224 115236 128068 107929 109316 95806.8 98761.6 102461 101411 94029 94787.5 89115.1 90015.3 93947.8 96713 87306.7 88603.6 78834.2 79609.9 85786.3 82644 82866.3 90644.4 92042 94761.1 86397.2 92122.9 87562.3 90808.2 100318 75630.3 75994.8 87420.4 89715.8 93575 77723.6 60578.1 78674.5 77329.4 80992.4 88295.5 96553.8 104136 110381 115186 118713 121215 122946 124119 124903 125420 125758 125978 126119 126210 126268 126305 126329 126344 126353 126359 126363 126365 126367 126368 126368 126369 126369 126369 126369 126369 126369 126369 126369 126369 126369 126369 126369 126369 126369 126369 126369 126369 126369 126369 126369 126369 126369 126369 126369 126369 126369 126369 126369 126369 126369 126369 126369 126369 126369 126369 126369 126369 126369 126369 126369 126369 126369 126369 126369 126369 126369 126369 126369 126369 126369 126369 126369 126369 126369 126369 126369 126369 126369 126369 126369 126369 126369 126369 126369 126369 126369 126369 126369 126369 126369 0 0 0 0 0 0 0 0 0 0 0 0 0 0 0 0 0 0 0 0 0 0 0 0 0
#obs catch bio
 0 91267.3 149109 208987 239816 283422 276191 304275 295337 304227 302538 293218 264178 252421 233014 205746 193391 164720 158041 143136 144018 114559 116810 130201 109720 111167 96743.8 99929.9 103537 102758 95296.5 96118.6 89757.3 90612.9 94768.8 97337.9 87773.8 88947.9 78876.5 80199.6 86344 83046.7 83007.6 90856.2 92240.3 94863.9 86636.1 92495.2 87517.3 90748.8 101195 75900.8 76153.9 87721.8 89718.5 94002.4 77637.1
#pred cpue bio
 5.00179e+006 4.72479e+006 4.45136e+006 4.12666e+006 3.76081e+006 3.39337e+006 3.01857e+006 2.68907e+006 2.36721e+006 2.08538e+006 1.8216e+006 1.58555e+006 1.37893e+006 1.21378e+006 1.0713e+006 956180 873347 801982 758727 719780 693812 662568 658707 650062 623382 617219 607396 611235 610433 603415 595157 593124 587399 584506 576489 559513 536536 526090 519035 527993 539602 545428 554986 564290 564075 561110 553603 554765 548526 546534 540231 522049 531870 540835 533821 520225 497797 1.70825e+007 9.88429e+006 9.77002e+006 1.02877e+007 1.1278e+007 1.24006e+007 1.34453e+007 1.43242e+007 1.50198e+007 1.5549e+007 1.59414e+007 1.62274e+007 1.64338e+007 1.6582e+007 1.66883e+007 1.67646e+007 1.68197e+007 1.68595e+007 1.68886e+007 1.691e+007 1.69257e+007 1.69375e+007 1.69462e+007 1.69528e+007 1.69578e+007 1.69615e+007 1.69644e+007 1.69665e+007 1.69682e+007 1.69695e+007 1.69704e+007 1.69712e+007 1.69718e+007 1.69722e+007 1.69726e+007 1.69728e+007 1.6973e+007 1.69732e+007 1.69733e+007 1.69734e+007 1.69735e+007 1.69735e+007 1.69736e+007 1.69736e+007 1.69736e+007 1.69737e+007 1.69737e+007 1.69737e+007 1.69737e+007 1.69737e+007 1.69737e+007 1.69737e+007 1.69737e+007 1.69737e+007 1.69737e+007 1.69737e+007 1.69737e+007 1.69737e+007 1.69737e+007 1.69737e+007 1.69737e+007 1.69737e+007 1.69737e+007 1.69737e+007 1.69737e+007 1.69737e+007 1.69737e+007 1.69737e+007 1.69737e+007 1.69737e+007 1.69737e+007 1.69737e+007 1.69737e+007 1.69737e+007 1.69737e+007 1.69737e+007 1.69737e+007 1.69737e+007 1.69737e+007 1.69737e+007 1.69737e+007 1.69737e+007 1.69737e+007 1.69737e+007 1.69737e+007 1.69737e+007 1.69737e+007 1.69737e+007 1.69737e+007 1.69737e+007 1.69737e+007 1.69737e+007 1.69737e+007 1.69737e+007 1.69737e+007 1.69737e+007 1.69737e+007 1.69737e+007 1.69737e+007 1.69737e+007 0 0 0 0 0 0 0 0 0 0 0 0 0 0 0 0 0 0 0 0 0 0 0 0 0
#obs cpue bio
 3.24208e+006 3.56544e+006 4.63316e+006 4.16031e+006 4.64676e+006 2.2895e+006 3.02809e+006 2.34938e+006 2.51163e+006 2.09463e+006 1.20049e+006 1.27216e+006 1.68887e+006 696085 853718 725748 879132 658177 649582 621018 584205 750831 511123 736558 443032 505608 766874 612142 460026 537938 620620 584434 658123 539295 558483 644026 309997 536881 481023 350156 601195 659521 624309 562432 549963 610787 451451 665865 585868 594181 345203 453894 770358 629204 788843 489814 528840
#pred surv len freq
 0.00462577 0.0075792 0.0115356 0.0165174 0.0224251 0.0289463 0.0355329 0.0415431 0.046485 0.050176 0.0527185 0.0543602 0.0553643 0.0559394 0.0562115 0.056216 0.055911 0.0551983 0.0539316 0.0519001 0.0488212 0.044405 0.0385229 0.031408 0.0237254
 0.00476266 0.00772098 0.0116047 0.0164048 0.0220355 0.0282596 0.0346432 0.0406383 0.0457659 0.0497618 0.0525963 0.0544069 0.0554222 0.0558994 0.0560637 0.0560513 0.0558755 0.0554226 0.0544639 0.0526758 0.0496865 0.0451831 0.0390882 0.0317258 0.0238413
 0.00501826 0.00812165 0.0121735 0.0171359 0.0228765 0.0290979 0.0353134 0.0409674 0.045649 0.0492245 0.0517927 0.0535423 0.0546506 0.0552667 0.05553 0.055564 0.0554339 0.055088 0.0543148 0.0527454 0.0499281 0.0454891 0.0393448 0.0318667 0.0238651
 0.00523988 0.0084895 0.0127404 0.0179535 0.0239803 0.0304826 0.0369055 0.0426113 0.0471239 0.0502959 0.0522849 0.0534013 0.0539608 0.0542066 0.0542917 0.0542889 0.0542004 0.0539422 0.0533011 0.0519056 0.0492779 0.0450027 0.0389691 0.0315529 0.0235913
 0.00553171 0.00894892 0.0134052 0.0188524 0.0251324 0.031894 0.0385592 0.0444522 0.0490455 0.0521364 0.0538398 0.0544593 0.0543596 0.0538873 0.0533202 0.0528281 0.0524504 0.0520849 0.0514756 0.0502099 0.047776 0.0437274 0.0379261 0.0307296 0.022968
 0.00581359 0.00940738 0.0140949 0.0198226 0.0264159 0.0334917 0.0404255 0.0464951 0.0511433 0.0541598 0.0556617 0.0559488 0.0553755 0.0542924 0.0530195 0.051811 0.0508086 0.0499916 0.0491402 0.047833 0.0455226 0.0417181 0.0362363 0.0293925 0.0219784
 0.00611034 0.00988583 0.0148081 0.0208186 0.0277307 0.0351365 0.0423716 0.0486652 0.0534176 0.0563947 0.0577119 0.0576811 0.0566719 0.0550462 0.0531346 0.0512177 0.0494918 0.0480185 0.0466649 0.0450733 0.0427189 0.0390913 0.0339566 0.0275608 0.0206213
 0.00636807 0.0103038 0.0154357 0.021702 0.0289059 0.036617 0.044136 0.0506508 0.0555274 0.0585134 0.0597192 0.0594596 0.0581095 0.0560365 0.0535788 0.0510294 0.0486123 0.0464415 0.0444634 0.0424106 0.0398317 0.0362469 0.0313978 0.0254576 0.0190449
 0.00669109 0.0108159 0.0161824 0.022718 0.0302103 0.0382063 0.045974 0.0526651 0.0576165 0.0605633 0.0616199 0.0611134 0.0594311 0.0569486 0.054007 0.0509005 0.0478612 0.0450311 0.0424138 0.0398275 0.0369149 0.0332645 0.0286294 0.0231262 0.0172679
 0.00707599 0.0114201 0.0170515 0.0238796 0.0316695 0.0399398 0.0479229 0.0547342 0.0596874 0.0625165 0.0633541 0.0625522 0.0605192 0.0576424 0.0542646 0.0506755 0.0471028 0.0436969 0.0404961 0.0373876 0.0341065 0.0303265 0.0258393 0.0207287 0.0154102
 0.00740593 0.0119641 0.0178828 0.0250672 0.0332598 0.0419293 0.0502349 0.057217 0.0621447 0.0647549 0.0652229 0.0639604 0.0614289 0.0580511 0.0541852 0.0501181 0.0460652 0.0421673 0.0384738 0.034916 0.0313051 0.0273988 0.0230403 0.018299 0.0135072
 0.00766054 0.0123854 0.0185314 0.0260065 0.0345451 0.04359 0.0522517 0.0595075 0.0645657 0.0671222 0.0673423 0.0656608 0.0625899 0.0586163 0.0541555 0.0495301 0.0449652 0.0405951 0.0364659 0.0325288 0.0286454 0.0246399 0.0204034 0.0160003 0.0116951
 0.00801849 0.0129395 0.0193143 0.0270332 0.035815 0.0450899 0.0539538 0.0613638 0.0665036 0.0690456 0.0691356 0.0671968 0.0637442 0.0592859 0.0542771 0.0490874 0.0439829 0.0391235 0.0345702 0.0302913 0.0261809 0.0221075 0.0179957 0.0139041 0.0100398
 0.00836754 0.013493 0.02012 0.0281221 0.0371921 0.046722 0.0557611 0.0632261 0.0682873 0.0706377 0.0704644 0.0682269 0.0644543 0.0596494 0.0542571 0.0486476 0.0431034 0.0378133 0.032871 0.0282796 0.0239702 0.0198476 0.0158583 0.01205 0.00857788
 0.00863392 0.0139316 0.0207896 0.0290782 0.0384726 0.0483254 0.0576257 0.0652255 0.070251 0.0723903 0.0718646 0.0691912 0.0649596 0.0597175 0.053929 0.0479609 0.0420825 0.0364755 0.0312428 0.0264141 0.0219584 0.0178172 0.0139566 0.0104126 0.00729379
 0.00872217 0.0140983 0.0210838 0.0295619 0.039208 0.0493541 0.0589464 0.0667823 0.071937 0.0740645 0.0733747 0.0703992 0.0657646 0.0600705 0.0538338 0.047459 0.0412311 0.0353304 0.0298553 0.024841 0.0202764 0.016129 0.0123813 0.00906 0.00623536
 0.00873163 0.0141164 0.0211182 0.029627 0.0393293 0.0495704 0.0593075 0.0673372 0.0727148 0.0750527 0.0745091 0.0715692 0.0668364 0.0609164 0.0543585 0.0476143 0.0410154 0.0347771 0.0290189 0.0237892 0.0190896 0.0149017 0.0112153 0.0080472 0.00543665
 0.00883603 0.0142704 0.0213208 0.0298673 0.0395906 0.0498374 0.0595731 0.0676074 0.0730094 0.0754011 0.0749383 0.0720873 0.0674175 0.0614972 0.0548509 0.0479284 0.0410837 0.0345696 0.028546 0.0230956 0.0182457 0.0139941 0.010335 0.00727405 0.00482308
 0.00886643 0.014316 0.0213821 0.0299413 0.0396708 0.0499147 0.0596377 0.067653 0.0730389 0.0754321 0.0750029 0.072224 0.0676557 0.0618405 0.055266 0.0483486 0.0414248 0.0347542 0.0285257 0.0228634 0.0178355 0.0134709 0.00977811 0.0067575 0.00439923
 0.00887579 0.0143363 0.0214218 0.0300104 0.0397774 0.0500593 0.0598096 0.0678303 0.0731948 0.0755448 0.0750649 0.0722465 0.0676662 0.0618727 0.0553453 0.0484769 0.0415746 0.034875 0.0285621 0.0227766 0.0176191 0.0131531 0.00941119 0.00639945 0.00409577
 0.00876663 0.0141747 0.0212087 0.0297587 0.0395104 0.0498067 0.0596029 0.0676977 0.0731552 0.0756017 0.0752049 0.0724452 0.0678982 0.0621211 0.0556039 0.0487445 0.0418444 0.0351269 0.0287634 0.022893 0.0176303 0.0130638 0.00925045 0.00620968 0.00391695
 0.00889491 0.0143449 0.0213947 0.0299143 0.0395844 0.0497659 0.0594498 0.0674712 0.0729139 0.0754005 0.0750776 0.0723994 0.0679214 0.0621917 0.0557014 0.0488551 0.0419601 0.0352398 0.0288603 0.0229553 0.0176411 0.0130169 0.00915597 0.00609046 0.00379901
 0.00889696 0.0143431 0.0213809 0.0298743 0.0394968 0.0496043 0.0591894 0.0671016 0.0724534 0.0749037 0.0746274 0.0720823 0.0677976 0.0622754 0.0559623 0.0492354 0.0423962 0.0356767 0.0292568 0.0232833 0.0178837 0.0131698 0.00922833 0.00610299 0.00377735
 0.0089072 0.0143624 0.0214143 0.0299265 0.0395689 0.0496889 0.0592671 0.0671413 0.0724193 0.0747688 0.0743883 0.0717677 0.0674655 0.0619957 0.0557929 0.0492028 0.0424901 0.03586 0.0294814 0.0235046 0.0180691 0.0133019 0.00930473 0.0061332 0.00377738
 0.00895178 0.0144461 0.0215606 0.030162 0.0399149 0.0501479 0.0598114 0.0677109 0.0729329 0.0751431 0.0745577 0.0717002 0.0671708 0.0615256 0.0552293 0.0486367 0.0419969 0.035482 0.0292249 0.0233485 0.0179806 0.0132498 0.00926755 0.00610055 0.00374728
 0.00882494 0.0142498 0.0212854 0.0298106 0.0395068 0.0497239 0.0594325 0.0674483 0.0728464 0.0752561 0.0748443 0.0720923 0.067582 0.0618805 0.0554853 0.048791 0.042078 0.0355311 0.0292756 0.023416 0.0180611 0.0133296 0.00933282 0.00614462 0.00377115
 0.0089212 0.0143701 0.0213997 0.0298696 0.0394567 0.0495292 0.0590969 0.0670198 0.0724048 0.0748892 0.0746223 0.0720484 0.0677043 0.0621184 0.0557693 0.0490577 0.0422894 0.0356801 0.0293775 0.0234925 0.0181275 0.0133903 0.00938496 0.00618386 0.00379622
 0.00884503 0.0142652 0.0212749 0.0297402 0.0393334 0.049406 0.0589455 0.0668014 0.0720951 0.0745035 0.0742219 0.0717219 0.0675333 0.062145 0.0559826 0.0494027 0.0426925 0.0360751 0.0297226 0.0237724 0.0183448 0.0135543 0.00950469 0.00626674 0.00384922
 0.00874861 0.0141198 0.0210783 0.0295002 0.0390687 0.0491435 0.0587156 0.0666283 0.0719856 0.0744413 0.0741761 0.071668 0.067473 0.0621098 0.0560159 0.0495338 0.0429189 0.0363647 0.0300299 0.0240572 0.018583 0.0137383 0.00963776 0.00635707 0.00390638
 0.00874283 0.0141025 0.0210381 0.0294228 0.0389417 0.0489645 0.0584979 0.0664004 0.0717836 0.0742949 0.0740973 0.0716473 0.0674872 0.062137 0.0560498 0.0495859 0.0430083 0.036502 0.0302079 0.0242536 0.0187714 0.0138985 0.00976052 0.00644278 0.00396117
 0.00865575 0.0139812 0.0208923 0.0292723 0.0388087 0.0488621 0.058423 0.0663371 0.0717146 0.0742146 0.074016 0.0715852 0.0674614 0.0621532 0.0561016 0.0496631 0.0431051 0.0366183 0.0303444 0.0244051 0.0189253 0.0140392 0.00987576 0.00652753 0.00401729
 0.00844319 0.0136585 0.0204506 0.0287222 0.0381816 0.0482084 0.0578079 0.0658309 0.0713756 0.074072 0.0740628 0.0717873 0.0677753 0.0625395 0.0565297 0.0501087 0.0435476 0.0370411 0.0307354 0.024756 0.0192292 0.0142901 0.0100702 0.00666706 0.00410897
 0.00834847 0.0134943 0.0201858 0.028325 0.0376309 0.0475102 0.0570091 0.0650183 0.0706571 0.0735464 0.0737936 0.07179 0.0680211 0.0629709 0.0570794 0.050715 0.0441618 0.0376286 0.0312729 0.0252284 0.0196276 0.0146104 0.0103135 0.00683954 0.00422187
 0.0082138 0.0132871 0.019895 0.0279457 0.037162 0.0469527 0.0563689 0.0643145 0.0699313 0.0728663 0.0732444 0.071454 0.0679536 0.0631827 0.0575347 0.0513453 0.0448865 0.0383732 0.0319796 0.0258582 0.0201583 0.0150334 0.0106308 0.00706189 0.00436613
 0.00819852 0.013247 0.0198069 0.0277802 0.0368918 0.0465656 0.0558768 0.0637525 0.0693461 0.072303 0.0727417 0.0710487 0.067686 0.0630927 0.0576489 0.0516618 0.0453705 0.0389645 0.0326089 0.0264629 0.0206926 0.0154712 0.0109643 0.00729739 0.00451953
 0.00885111 0.0141724 0.0209479 0.0289954 0.0379921 0.0473751 0.0562842 0.0637288 0.0689319 0.071582 0.0718165 0.070024 0.0666577 0.0621434 0.0568453 0.0510519 0.0449769 0.0387799 0.0325975 0.0265708 0.0208621 0.0156537 0.011127 0.00742435 0.00460791
 0.00951694 0.0152284 0.0224789 0.0310387 0.0405028 0.0501876 0.0590955 0.0661394 0.0705531 0.0721653 0.0713307 0.0686396 0.0646611 0.0598394 0.0544928 0.048841 0.0430311 0.0371662 0.0313349 0.0256396 0.0202155 0.0152312 0.0108676 0.007275 0.00452771
 0.00951062 0.0152993 0.0227358 0.0316328 0.0415887 0.051858 0.0613172 0.0687237 0.073178 0.0744443 0.0729059 0.0692732 0.0642954 0.058601 0.0526397 0.0466788 0.0408375 0.0351475 0.0296151 0.0242701 0.0191922 0.0145134 0.0103956 0.00698483 0.0043616
 0.00941457 0.0151542 0.0225435 0.0314179 0.0414109 0.0518224 0.061567 0.0694037 0.0743699 0.0760996 0.0748197 0.0711221 0.065733 0.0593667 0.0526343 0.0459776 0.0396438 0.0337154 0.0281771 0.0229923 0.0181621 0.0137511 0.00987488 0.00665623 0.00417024
 0.00921666 0.0148477 0.0221118 0.0308585 0.0407405 0.0510831 0.0608361 0.0687986 0.0740383 0.0761877 0.0754203 0.0722226 0.0671879 0.0609208 0.0539962 0.0469143 0.0400518 0.0336355 0.0277541 0.0224069 0.0175704 0.0132518 0.00950683 0.00641437 0.0040272
 0.0090334 0.0145618 0.0217045 0.0303216 0.0400799 0.0503221 0.0600204 0.0679989 0.0733463 0.0757065 0.0752505 0.0724426 0.0678262 0.0619279 0.0552331 0.048177 0.0411307 0.0343836 0.0281294 0.0224676 0.0174318 0.0130336 0.00929556 0.00625258 0.00392238
 0.00900331 0.0145012 0.0215916 0.0301298 0.0397837 0.0499089 0.0594999 0.0674063 0.0727367 0.0751459 0.0748077 0.0721848 0.067813 0.0621965 0.0557782 0.0489336 0.0419776 0.0351749 0.0287425 0.0228439 0.0175863 0.0130319 0.00921682 0.00615867 0.0038464
 0.00895755 0.0144286 0.0214853 0.0299824 0.0395869 0.0496533 0.0591773 0.0670149 0.0722884 0.0746703 0.0743524 0.0718088 0.067577 0.0621518 0.0559549 0.0493283 0.0425445 0.0358281 0.0293765 0.0233661 0.0179464 0.0132314 0.00929489 0.00616683 0.00382714
 0.00889557 0.0143335 0.0213525 0.0298116 0.0393815 0.0494195 0.0589231 0.0667489 0.0720178 0.0744008 0.0740907 0.071568 0.0673812 0.0620359 0.0559569 0.0494767 0.0428435 0.036249 0.0298594 0.0238364 0.0183391 0.0135114 0.00946265 0.0062483 0.00385615
 0.00884486 0.0142632 0.0212692 0.0297284 0.0393137 0.0493776 0.0589078 0.0667495 0.0720165 0.0743779 0.0740304 0.0714627 0.0672352 0.0618678 0.0557991 0.049369 0.0428217 0.0363305 0.0300343 0.0240684 0.0185788 0.0137155 0.00960771 0.00633373 0.00389655
 0.00884468 0.0142564 0.0212474 0.0296819 0.0392361 0.0492719 0.0587897 0.0666439 0.0719467 0.0743538 0.0740433 0.0714894 0.0672494 0.0618523 0.0557528 0.0493083 0.0427745 0.0363251 0.0300871 0.0241762 0.0187198 0.0138589 0.00972758 0.00641748 0.00394546
 0.00889506 0.0143334 0.0213537 0.0298147 0.0393863 0.0494238 0.0589221 0.066735 0.0719815 0.0743308 0.0739741 0.0713918 0.0671373 0.0617305 0.0556204 0.0491663 0.0426322 0.0362001 0.0299986 0.0241359 0.0187256 0.0138963 0.00977656 0.00646157 0.00397646
 0.00881322 0.0142146 0.0212013 0.0296416 0.0392112 0.0492658 0.0587958 0.0666481 0.0719351 0.074321 0.073995 0.0714381 0.0672053 0.0618171 0.0557198 0.0492697 0.0427308 0.0362895 0.030081 0.0242167 0.0188087 0.0139798 0.00985385 0.00652503 0.00402198
 0.00886778 0.0142867 0.0212798 0.0297071 0.0392435 0.0492537 0.0587443 0.0665769 0.0718683 0.0742753 0.0739732 0.0714312 0.0672008 0.0618061 0.0557004 0.0492451 0.0427058 0.036268 0.0300663 0.0242118 0.0188155 0.0139977 0.00987886 0.00655133 0.00404441
 0.00895448 0.0144129 0.0214415 0.0298892 0.0394212 0.0493977 0.0588267 0.0665783 0.0717851 0.0741237 0.0737857 0.0712454 0.0670458 0.0616942 0.0556286 0.0492023 0.0426808 0.0362537 0.0300594 0.0242118 0.0188226 0.0140112 0.00989661 0.00657009 0.00406095
 0.00893624 0.0144072 0.0214759 0.0300008 0.039643 0.0497387 0.0592565 0.0670293 0.0721723 0.0743743 0.0738624 0.0711538 0.0668249 0.0613992 0.055312 0.0489022 0.0424173 0.0360334 0.0298816 0.0240733 0.0187198 0.01394 0.00985174 0.00654507 0.00404911
 0.0088921 0.0143562 0.0214386 0.0300117 0.0397447 0.0499694 0.0596364 0.0675476 0.0727816 0.0749939 0.0743935 0.0715055 0.0669422 0.0612783 0.0549971 0.0484654 0.0419341 0.0355642 0.0294647 0.0237273 0.018449 0.0137401 0.00971347 0.00645624 0.00399662
 0.00856514 0.0138511 0.0207304 0.0291022 0.0386698 0.0488063 0.0585058 0.066602 0.0721724 0.0748263 0.0746907 0.0722006 0.0679009 0.0623405 0.0560205 0.0493553 0.0426516 0.0361142 0.0298754 0.0240313 0.0186731 0.0139034 0.0098293 0.00653485 0.00404691
 0.00840361 0.0135745 0.0202895 0.0284463 0.0377633 0.0476526 0.0571695 0.0652136 0.0709066 0.0738627 0.0741714 0.072198 0.0684023 0.0632524 0.0571932 0.0506213 0.0438653 0.0371785 0.030747 0.0247089 0.019179 0.0142678 0.0100815 0.00670117 0.00415017
 0.00844419 0.0136286 0.020347 0.0284846 0.0377459 0.0475316 0.0568935 0.0647435 0.0702382 0.0730451 0.0733106 0.0714363 0.067879 0.0630614 0.0573555 0.0510828 0.0445189 0.0379007 0.0314329 0.0252921 0.019634 0.0145986 0.010308 0.00684765 0.00423931
 0.00817884 0.0132695 0.0199388 0.0281107 0.0375003 0.0474764 0.0570247 0.0649863 0.0704754 0.0731618 0.0732362 0.0711692 0.0674866 0.0626584 0.0570637 0.0509896 0.0446497 0.0382176 0.0318571 0.0257371 0.0200325 0.0149152 0.0105358 0.00699787 0.00433075
 0.00771267 0.0125749 0.0190153 0.0270092 0.0363224 0.0463612 0.056129 0.0644527 0.0703879 0.0735069 0.0738959 0.0719614 0.0682365 0.0632606 0.057506 0.0513319 0.0449764 0.0385908 0.0322914 0.0262033 0.0204804 0.0152992 0.0108312 0.00720305 0.00446003
#obs surv len freq
 nan nan nan nan nan nan nan nan nan nan nan nan nan nan nan nan nan nan nan nan nan nan nan nan nan
 0.00448279 0.00734316 0.0111721 0.0159874 0.0216873 0.0279622 0.0342761 0.0400075 0.0446877 0.0481526 0.0505119 0.0520093 0.052903 0.0534168 0.0537321 0.0539879 0.054267 0.0545602 0.0546992 0.0542912 0.0527292 0.049361 0.0438103 0.0362896 0.0276724
 0.00461704 0.00756309 0.0115058 0.0164611 0.0223186 0.0287506 0.0351926 0.0409928 0.0456598 0.0490235 0.0512042 0.0524677 0.0530998 0.0533515 0.0534276 0.0534817 0.0536032 0.0537817 0.0538453 0.053399 0.0518377 0.0485137 0.0430522 0.0356591 0.0271905
 0.00477591 0.00782419 0.011904 0.0170308 0.0230869 0.0297264 0.0363551 0.0422857 0.046997 0.0503026 0.0523221 0.0533334 0.0536442 0.0535345 0.0532413 0.0529485 0.0527688 0.052706 0.052595 0.0520446 0.0504547 0.0471827 0.0418532 0.0346581 0.0264241
 0.00497182 0.00814222 0.012382 0.0177041 0.0239825 0.0308529 0.037692 0.043778 0.0485608 0.0518378 0.0537247 0.0545048 0.0544968 0.0539982 0.0532706 0.0525285 0.0519175 0.0514725 0.0510552 0.0502963 0.0486135 0.045376 0.0402066 0.0332741 0.0253604
 0.00518497 0.00849289 0.0129173 0.0184701 0.0250148 0.0321621 0.0392491 0.0455107 0.0503649 0.0535981 0.0553328 0.0558666 0.0555319 0.0546376 0.0534573 0.0522226 0.0511044 0.0501714 0.0493257 0.0482416 0.0463773 0.0431305 0.0381284 0.0315103 0.0239966
 0.0053995 0.00884605 0.0134573 0.0192453 0.0260652 0.0335054 0.0408651 0.0473347 0.052295 0.0555132 0.0571116 0.0574004 0.0567303 0.0554285 0.0537835 0.0520394 0.0503821 0.048905 0.0475499 0.0460457 0.0439112 0.0405939 0.035739 0.0294571 0.0223958
 0.00564593 0.00924674 0.0140607 0.020097 0.0272002 0.0349354 0.0425649 0.0492365 0.0542967 0.0574961 0.0589581 0.0590038 0.057999 0.0562869 0.0541711 0.0519085 0.0496978 0.0476512 0.0457448 0.0437621 0.0412927 0.0378509 0.0331156 0.0271759 0.0206013
 0.0058827 0.00963491 0.0146508 0.0209383 0.0283307 0.0363671 0.0442689 0.0511385 0.0562887 0.0594579 0.0607765 0.060582 0.0592567 0.0571568 0.0545956 0.0518378 0.0490901 0.0464801 0.0440139 0.041528 0.0386858 0.035077 0.0304266 0.0248108 0.0187238
 0.00614158 0.0100593 0.0152959 0.0218574 0.0295644 0.0379263 0.046118 0.0531895 0.0584142 0.0615171 0.0626394 0.0621441 0.0604424 0.0579152 0.0548917 0.0516439 0.0483805 0.0452345 0.0422324 0.0392567 0.0360416 0.0322559 0.0276776 0.0223787 0.0167818
 0.0063725 0.0104408 0.0158817 0.0227013 0.0307106 0.0393922 0.0478768 0.0551635 0.0604853 0.0635481 0.0644972 0.0637142 0.0616368 0.0586736 0.0551781 0.0514386 0.0476719 0.0440159 0.0405116 0.0370774 0.0335094 0.0295499 0.0250313 0.0200267 0.0148945
 0.00661113 0.0108295 0.0164682 0.023531 0.0318185 0.0407899 0.0495385 0.0570197 0.0624306 0.0654595 0.0662524 0.0652048 0.0627747 0.0593944 0.0554405 0.051221 0.0469664 0.0428252 0.0388531 0.0349995 0.0311125 0.0269985 0.022539 0.0178096 0.013112
 0.00684276 0.0112104 0.0170489 0.0243606 0.0329333 0.0421974 0.0512016 0.0588531 0.0643152 0.0672674 0.0678688 0.0665385 0.0637585 0.0599811 0.0555999 0.0509361 0.0462315 0.0416455 0.0372502 0.0330238 0.0288603 0.0246209 0.0202286 0.0157601 0.0114658
 0.00707881 0.0115965 0.0176345 0.0251924 0.034046 0.0435982 0.0528543 0.0606724 0.0661785 0.0690382 0.0694215 0.0677742 0.0646115 0.0604172 0.0556089 0.0505229 0.0454082 0.0404291 0.0356686 0.0311283 0.0267412 0.0224146 0.0181054 0.0138891 0.00996941
 0.00730805 0.0119743 0.0182119 0.0260192 0.0351589 0.0450036 0.0545114 0.0624889 0.068024 0.0707713 0.0709144 0.0689278 0.0653612 0.0607321 0.0554871 0.0499835 0.0444818 0.0391521 0.0340835 0.0292929 0.0247418 0.020373 0.0161687 0.0122001 0.0086285
 0.00745296 0.0122159 0.0185873 0.0265675 0.0359152 0.045987 0.0557122 0.0638613 0.0694894 0.0722296 0.0722582 0.0700562 0.0661904 0.0612035 0.055571 0.0496767 0.0438029 0.038135 0.0327749 0.0277552 0.0230594 0.0186562 0.0145444 0.0107877 0.00751022
 0.00754611 0.0123658 0.0188108 0.0268811 0.0363346 0.0465255 0.0563762 0.0646467 0.0703777 0.0731863 0.0732328 0.0709837 0.0669967 0.0618145 0.0559227 0.0497246 0.0435269 0.0375404 0.0318916 0.0266371 0.021785 0.0173259 0.0132702 0.00967272 0.00662451
 0.00759426 0.0124407 0.0189174 0.0270229 0.0365142 0.0467459 0.0566423 0.064965 0.0707561 0.0736322 0.0737477 0.0715565 0.0675975 0.0623926 0.0564121 0.0500553 0.0436384 0.0373945 0.0314803 0.0259864 0.0209538 0.0163999 0.0123482 0.00884682 0.00595901
 0.00764641 0.0125176 0.0190184 0.0271426 0.0366441 0.0468778 0.0567713 0.0650914 0.0708869 0.0737801 0.0739297 0.071789 0.0678884 0.0627338 0.0567738 0.0503873 0.0438787 0.0374833 0.0313761 0.0256788 0.0204696 0.0157993 0.0117117 0.00825426 0.00546987
 0.00772636 0.012637 0.0191782 0.0273358 0.0368566 0.0470912 0.0569653 0.0652477 0.0709929 0.0738349 0.073946 0.0717907 0.0679039 0.062786 0.0568714 0.0505184 0.04401 0.0375672 0.0313635 0.0255365 0.0201934 0.0154183 0.0112802 0.00783486 0.00511352
 0.00777273 0.0127149 0.0192994 0.0275106 0.0370899 0.0473754 0.0572768 0.0655484 0.0712406 0.0739965 0.0740083 0.0717627 0.0678123 0.0626662 0.056757 0.0504311 0.0439529 0.0375227 0.0313 0.0254204 0.0200047 0.0151611 0.0109825 0.0075377 0.00485511
 0.00781277 0.0127705 0.0193662 0.0275803 0.0371543 0.0474326 0.0573334 0.0656168 0.07133 0.074105 0.0741207 0.0718573 0.0678709 0.0626834 0.0567412 0.0503993 0.0439205 0.0374949 0.031268 0.0253659 0.0199101 0.0150205 0.0108072 0.00735205 0.00468611
 0.00784168 0.0128162 0.0194318 0.0276663 0.0372571 0.0475426 0.0574364 0.0656971 0.0713782 0.0741226 0.0741195 0.0718515 0.0678688 0.0626836 0.0567367 0.0503844 0.043895 0.0374618 0.0312283 0.0253151 0.0198405 0.0149271 0.0106935 0.0072307 0.00457344
 0.007867 0.0128545 0.0194842 0.0277321 0.0373339 0.0476271 0.0575239 0.065781 0.0714498 0.0741728 0.0741421 0.0718467 0.0678435 0.062648 0.0566993 0.050349 0.0438608 0.0374262 0.0311884 0.0252682 0.0197833 0.014858 0.0106145 0.00714842 0.00449735
 0.00788372 0.0128777 0.0195117 0.0277596 0.037356 0.0476398 0.0575261 0.0657754 0.0714412 0.0741664 0.0741414 0.0718522 0.0678533 0.0626595 0.0567112 0.0503608 0.043872 0.037435 0.0311919 0.0252628 0.0197662 0.0148281 0.0105738 0.00710212 0.00445216
 0.0078964 0.0128978 0.019541 0.0277985 0.0374031 0.0476908 0.0575739 0.0658111 0.0714577 0.0741614 0.0741187 0.0718198 0.0678202 0.062632 0.0566916 0.0503485 0.0438649 0.0374306 0.0311873 0.0252549 0.0197525 0.0148072 0.0105465 0.00707141 0.00442225
 0.00790679 0.0129107 0.0195531 0.0278048 0.0373985 0.0476728 0.0575444 0.0657759 0.0714237 0.0741337 0.0740992 0.0718084 0.0678163 0.0626361 0.0567043 0.0503696 0.0438924 0.0374609 0.0312163 0.0252786 0.0197678 0.0148127 0.0105429 0.00706109 0.00440885
 0.00788079 0.0128709 0.0194977 0.0277335 0.0373124 0.047574 0.0574363 0.0656647 0.0713186 0.0740464 0.0740418 0.0717894 0.0678383 0.062695 0.0567915 0.0504745 0.0440049 0.0375722 0.0313191 0.0253673 0.0198385 0.0148638 0.0105753 0.00707809 0.00441508
 0.00787282 0.0128501 0.0194522 0.0276485 0.0371753 0.0473816 0.0572003 0.065411 0.0710805 0.0738546 0.0739168 0.07174 0.0678635 0.0627865 0.056936 0.0506553 0.0442042 0.0377731 0.0315076 0.0255328 0.0199744 0.0149677 0.0106484 0.00712488 0.00444179
 0.00786353 0.0128353 0.01943 0.027616 0.0371273 0.0473101 0.0570961 0.0652676 0.0709002 0.0736521 0.0737186 0.0715773 0.0677623 0.0627609 0.0569857 0.0507687 0.0443627 0.0379558 0.0316944 0.0257072 0.0201245 0.0150871 0.0107359 0.00718347 0.00447738
 0.00784304 0.0128011 0.0193772 0.0275399 0.0370251 0.0471829 0.0569497 0.0651117 0.0707451 0.073506 0.0735875 0.0714682 0.0676857 0.0627296 0.0570107 0.0508537 0.0445014 0.038133 0.0318899 0.0259005 0.0202986 0.0152308 0.0108447 0.00725889 0.00452495
 0.00781509 0.0127529 0.0192996 0.0274233 0.0368621 0.0469728 0.056702 0.0648469 0.0704906 0.0732892 0.0734289 0.0713781 0.0676649 0.0627728 0.0571111 0.0510042 0.0446943 0.0383573 0.0321302 0.0261384 0.020516 0.0154139 0.0109864 0.00735928 0.00458979
 0.00777889 0.0126933 0.0192087 0.0272931 0.0366865 0.0467499 0.0564375 0.0645557 0.0701959 0.0730193 0.0732122 0.0712374 0.0676136 0.0628127 0.0572332 0.0511932 0.0449319 0.0386253 0.0324105 0.0264128 0.0207671 0.0156275 0.0111542 0.00748021 0.00466929
 0.00775522 0.0126529 0.0191441 0.0271963 0.0365504 0.0465712 0.0562194 0.0643089 0.0699373 0.0727692 0.0729919 0.071067 0.0675104 0.0627884 0.0572917 0.051329 0.0451317 0.0388699 0.0326784 0.0266823 0.0210187 0.0158452 0.0113282 0.00760786 0.0047547
 0.00772781 0.0126093 0.0190802 0.0271088 0.0364366 0.0464299 0.0560519 0.0641201 0.069736 0.0725676 0.0728043 0.0709093 0.0673973 0.0627327 0.0573022 0.0514087 0.0452762 0.0390675 0.0329111 0.0269286 0.0212569 0.0160569 0.011501 0.00773688 0.00484243
 0.00931572 0.0148318 0.0217621 0.0298656 0.0387874 0.0479753 0.0566151 0.0637728 0.0687142 0.0711505 0.071226 0.0693283 0.0659066 0.0613827 0.0561193 0.0504058 0.0444564 0.0384256 0.0324334 0.0265939 0.0210387 0.0159266 0.0114312 0.00770459 0.00483042
 0.00930217 0.015103 0.0226871 0.0319017 0.0422804 0.0528913 0.0623699 0.069327 0.0729429 0.0732866 0.071113 0.0673603 0.0627553 0.0577089 0.0524102 0.0469501 0.0413946 0.0358106 0.0302724 0.0248691 0.0197157 0.0149578 0.0107591 0.00726647 0.00456433
 0.0089601 0.0145657 0.0219352 0.0309864 0.0413769 0.052334 0.062612 0.0707787 0.0757255 0.0770501 0.0750794 0.0706193 0.0646423 0.0580353 0.0514324 0.0451564 0.0392748 0.0337234 0.0284222 0.0233423 0.0185263 0.0140808 0.010149 0.00686862 0.00432298
 0.00877493 0.0142548 0.0214497 0.0302787 0.0404191 0.0511516 0.0613262 0.0696335 0.0750664 0.077228 0.0762943 0.0727746 0.0673138 0.060609 0.0533515 0.0461322 0.0393437 0.0331477 0.0275289 0.0223998 0.0176972 0.0134327 0.00968701 0.00656526 0.00413929
 0.00870489 0.0141341 0.0212546 0.0299801 0.039986 0.0505589 0.0605684 0.068742 0.074129 0.0764014 0.075793 0.0728166 0.0680254 0.0619322 0.055022 0.0477651 0.04059 0.0338277 0.027668 0.0221636 0.0172879 0.0130096 0.00933825 0.00631773 0.00398328
 0.00869128 0.0141083 0.0212083 0.0299013 0.0398593 0.0503668 0.0602934 0.0683706 0.0736589 0.0758532 0.0752247 0.0723321 0.0677622 0.0620185 0.0555114 0.048587 0.041556 0.0347044 0.0282763 0.0224431 0.0172931 0.0128548 0.00913449 0.00613689 0.00385366
 0.00867413 0.0140814 0.0211694 0.0298484 0.0397899 0.0502771 0.0601778 0.0682216 0.0734676 0.0756126 0.0749357 0.0720128 0.067458 0.0618018 0.0554652 0.0487677 0.0419557 0.0352384 0.0288122 0.0228598 0.01753 0.0129238 0.00909411 0.00605283 0.00377199
 0.00868114 0.014089 0.0211739 0.029844 0.0397705 0.0502384 0.0601188 0.0681442 0.073374 0.0755023 0.0748051 0.0718581 0.0672824 0.0616239 0.055322 0.0487078 0.0420182 0.0354288 0.0290907 0.0231544 0.0177699 0.0130699 0.00914848 0.00604558 0.00373858
 0.00867376 0.014082 0.0211722 0.0298544 0.0397984 0.0502839 0.0601742 0.0681948 0.0734033 0.0754979 0.0747614 0.0717764 0.0671681 0.0614865 0.0551775 0.0485809 0.0419388 0.0354212 0.0291595 0.0232779 0.0179084 0.0131844 0.00921788 0.00607104 0.00373542
 0.00863447 0.0140223 0.0210907 0.0297535 0.0396854 0.0501706 0.0600756 0.0681262 0.0733751 0.0755105 0.0748046 0.0718326 0.0672197 0.0615215 0.0551924 0.0485817 0.0419397 0.0354396 0.0292086 0.0233589 0.0180081 0.0132814 0.00929354 0.00611733 0.00375587
 0.00860936 0.0139793 0.0210222 0.0296521 0.0395467 0.0499973 0.0598808 0.0679333 0.0732123 0.075403 0.0747667 0.0718643 0.0673071 0.0616422 0.0553236 0.0487062 0.0420502 0.0355382 0.0293027 0.0234547 0.0181053 0.0133729 0.00936967 0.00617163 0.00378821
 0.00863277 0.0140133 0.0210654 0.0296997 0.0395903 0.0500263 0.0598839 0.0679015 0.073143 0.0753027 0.0746515 0.0717552 0.0672231 0.0615941 0.0553108 0.04872 0.042079 0.0355734 0.0293408 0.0234959 0.01815 0.0134189 0.00941196 0.00620535 0.003811
 0.00863152 0.0140132 0.0210688 0.0297095 0.0396087 0.0500526 0.0599131 0.0679247 0.0731495 0.0752843 0.0746054 0.0716866 0.0671444 0.0615208 0.0552567 0.0486926 0.042078 0.0355928 0.0293728 0.0235341 0.0181902 0.0134579 0.00944693 0.00623364 0.0038312
 0.00861444 0.0139896 0.021041 0.0296825 0.0395891 0.0500464 0.059924 0.0679523 0.0731889 0.0753265 0.0746396 0.0717028 0.0671373 0.0614923 0.0552153 0.0486502 0.0420455 0.0355763 0.0293729 0.0235474 0.0182117 0.0134827 0.0094709 0.00625399 0.00384643
 0.00862186 0.0139985 0.0210488 0.0296854 0.0395838 0.0500328 0.0599062 0.067938 0.0731861 0.0753394 0.0746661 0.071735 0.0671645 0.0615052 0.0552097 0.0486282 0.0420145 0.0355455 0.0293499 0.0235358 0.0182111 0.0134899 0.00948204 0.00626553 0.00385611
 0.00862186 0.0139985 0.0210488 0.0296854 0.0395838 0.0500328 0.0599062 0.067938 0.0731861 0.0753394 0.0746661 0.071735 0.0671645 0.0615052 0.0552097 0.0486282 0.0420145 0.0355455 0.0293499 0.0235358 0.0182111 0.0134899 0.00948204 0.00626553 0.00385611
 0.00874574 0.0141946 0.0213329 0.0300656 0.0400553 0.050572 0.0604671 0.0684564 0.0735945 0.0755858 0.0747278 0.0716202 0.0669036 0.0611391 0.0547803 0.0481734 0.0415665 0.0351301 0.0289862 0.0232354 0.0179774 0.0133194 0.00936583 0.0061919 0.00381298
 0.00850331 0.0138281 0.0208343 0.0294496 0.0393602 0.0498568 0.0598073 0.0679343 0.0732813 0.075522 0.0749099 0.0720044 0.0674219 0.061719 0.0553598 0.0487083 0.0420312 0.0355153 0.0292939 0.0234742 0.0181584 0.0134532 0.00946145 0.00625715 0.00385484
 0.00842609 0.013675 0.020555 0.028986 0.0386674 0.0489337 0.0587201 0.0668145 0.0722936 0.0748151 0.0745773 0.0720674 0.0678367 0.0623975 0.0561949 0.0495965 0.0428886 0.036285 0.0299459 0.0239999 0.0185635 0.0137517 0.00967099 0.00639628 0.00394141
 0.00851412 0.0138121 0.0207471 0.0292265 0.0389293 0.0491631 0.0588393 0.066742 0.0719788 0.0742723 0.0738939 0.071378 0.0672756 0.0620547 0.0560961 0.0497095 0.0431468 0.0366137 0.0302819 0.0243009 0.0188087 0.0139368 0.0098016 0.00648267 0.00399484
 0.00853074 0.0138513 0.0208282 0.0293736 0.0391631 0.049488 0.0592305 0.0671404 0.0723001 0.074428 0.0738219 0.0710692 0.0667845 0.061485 0.0555651 0.0493087 0.0429168 0.0365434 0.0303269 0.0244072 0.0189311 0.0140466 0.00988648 0.00654134 0.00403175
 0.00855554 0.013894 0.0208973 0.0294801 0.0393197 0.0497066 0.0595174 0.0674899 0.0726867 0.0748035 0.074119 0.0712174 0.0667338 0.0612293 0.0551504 0.04882 0.0424485 0.0361672 0.0300736 0.0242688 0.0188766 0.0140403 0.00990028 0.00655867 0.00404556
#pred catch len freq
 0.00502973 0.00789666 0.0113959 0.015391 0.0197926 0.0245508 0.0295793 0.0347068 0.0397067 0.0443611 0.0485019 0.0520218 0.0548747 0.0570646 0.0586174 0.0595501 0.0598528 0.0594822 0.0583463 0.0562733 0.0529981 0.0482335 0.0418569 0.0341313 0.0257843
 0.00520674 0.00810881 0.0115792 0.0154496 0.0196365 0.0241498 0.028997 0.0340848 0.039199 0.0440564 0.0483821 0.0519803 0.0547804 0.0568344 0.0582632 0.05918 0.0596276 0.0595433 0.0587461 0.0569435 0.0537751 0.0489303 0.0423424 0.0343719 0.0258316
 0.00551919 0.00858169 0.0122203 0.0162292 0.0204796 0.0249361 0.0295768 0.03432 0.0390219 0.0435137 0.0476233 0.0511866 0.054076 0.0562427 0.0577353 0.0586676 0.0591427 0.0591628 0.0585617 0.0569945 0.0540131 0.0492397 0.0426011 0.0345089 0.0258455
 0.00581102 0.00904049 0.0128819 0.0171163 0.021597 0.0262601 0.0310386 0.0357913 0.0403195 0.044436 0.0480131 0.0509925 0.0533746 0.0552002 0.0565314 0.0574332 0.0579502 0.0580577 0.0575916 0.0562053 0.0534209 0.0488143 0.0422816 0.0342395 0.0256017
 0.00619025 0.00961787 0.01368 0.0181358 0.0228253 0.0276822 0.0326374 0.0375329 0.0421299 0.0461825 0.0495067 0.0520211 0.0537643 0.0548777 0.0555521 0.0559565 0.0561779 0.0561762 0.0557453 0.054496 0.0519144 0.0475426 0.0412466 0.0334245 0.0249839
 0.00657294 0.0102115 0.0145206 0.0192394 0.0241885 0.0292834 0.0344359 0.0394678 0.044123 0.0481414 0.0513215 0.0535554 0.0548549 0.0553589 0.055304 0.0549538 0.0545101 0.0540245 0.0533323 0.052036 0.049583 0.0454664 0.0395033 0.0320468 0.0239647
 0.00695708 0.0108055 0.0153594 0.0203396 0.0255518 0.0309007 0.0362841 0.041501 0.0462659 0.0502906 0.0533539 0.0553388 0.0562544 0.0562405 0.0555413 0.0544509 0.0532355 0.0520416 0.0508031 0.0491935 0.0466847 0.0427478 0.0371441 0.0301523 0.0225617
 0.00732924 0.0113809 0.0161714 0.0214032 0.0268668 0.0324561 0.038057 0.0434513 0.0483319 0.052389 0.0553824 0.057181 0.0577851 0.0573323 0.056072 0.0543127 0.0523536 0.0504018 0.0484806 0.0463641 0.0436052 0.0397081 0.0344073 0.0279019 0.0208749
 0.00776557 0.0120474 0.0170962 0.0225876 0.0282925 0.0340945 0.0398732 0.0453993 0.0503503 0.0544 0.0572962 0.0589009 0.0592119 0.0583663 0.0566141 0.054267 0.0516368 0.0489652 0.0463417 0.0436359 0.0405044 0.0365261 0.0314476 0.025407 0.0189723
 0.0083088 0.012871 0.0182258 0.0240101 0.0299652 0.0359603 0.041868 0.0474526 0.0523835 0.0563302 0.0590421 0.0603874 0.0603711 0.0591356 0.0569322 0.0540699 0.0508597 0.047556 0.0442893 0.0410062 0.0374653 0.0333394 0.0284172 0.0228008 0.0169521
 0.00878496 0.0136143 0.0192867 0.0254151 0.0317128 0.0380161 0.0441575 0.0498591 0.0547605 0.0585264 0.0609268 0.061865 0.0613835 0.059655 0.056948 0.0535741 0.0498373 0.0459872 0.04217 0.038383 0.0344692 0.0301935 0.0254009 0.0201777 0.0148954
 0.0091744 0.0142226 0.0201577 0.0265778 0.0331824 0.0397933 0.0462192 0.0521442 0.0571605 0.0608887 0.0630739 0.0636252 0.0626229 0.0602975 0.0569756 0.0530087 0.0487153 0.044343 0.0400391 0.0358256 0.0316023 0.0272076 0.0225396 0.0176793 0.0129236
 0.00966894 0.0149664 0.021167 0.0278333 0.0346431 0.0414167 0.0479729 0.0540005 0.0590809 0.0628087 0.0648953 0.0652208 0.0638542 0.0610413 0.057148 0.052578 0.0476974 0.0427856 0.0380092 0.0334116 0.02893 0.0244523 0.0199141 0.0153899 0.0111139
 0.0101757 0.0157385 0.0222325 0.0291831 0.0362353 0.0431849 0.049833 0.055857 0.060839 0.0643896 0.0662441 0.0663 0.0646275 0.0614617 0.0571599 0.0521312 0.0467641 0.0413726 0.0361615 0.0312135 0.0265071 0.0219707 0.0175639 0.0133494 0.0095041
 0.010561 0.01634 0.0230914 0.0303215 0.0376533 0.0448564 0.0516971 0.0578135 0.062755 0.0661213 0.0676643 0.067321 0.0652101 0.061608 0.0568931 0.0514751 0.0457341 0.0399817 0.0344367 0.0292136 0.0243336 0.0197658 0.0154918 0.0115612 0.00809952
 0.01068 0.0165456 0.0234246 0.030831 0.0383885 0.0458544 0.0529658 0.059318 0.0644141 0.0678133 0.0692431 0.0686397 0.0661493 0.0620967 0.0569154 0.0510583 0.0449273 0.0388377 0.0330078 0.0275614 0.0225434 0.017953 0.0137899 0.0100939 0.006948
 0.0107282 0.0166211 0.0235347 0.0309863 0.0386076 0.0461687 0.0534184 0.0599542 0.0652617 0.0688619 0.0704317 0.0698603 0.0672665 0.0629772 0.0574561 0.0512036 0.0446712 0.0382131 0.032072 0.0263876 0.0212202 0.0165849 0.0124902 0.00896502 0.00605776
 0.0108138 0.0167448 0.0236926 0.0311656 0.0387926 0.0463488 0.053597 0.0601518 0.0655142 0.0692111 0.0709101 0.0704725 0.0679756 0.0637037 0.0580932 0.051644 0.0448344 0.0380616 0.0316148 0.0256734 0.0203273 0.0156104 0.0115367 0.00812286 0.00538691
 0.0108625 0.0168165 0.0237862 0.0312746 0.0389058 0.0464532 0.0536808 0.0602093 0.0655506 0.0692469 0.0709807 0.0706198 0.0682316 0.0640723 0.0585389 0.0520943 0.045197 0.0382516 0.0315787 0.0254033 0.0198608 0.01502 0.0109103 0.00754286 0.0049115
 0.0108419 0.0167914 0.023764 0.0312671 0.0389255 0.0465079 0.0537689 0.0603188 0.0656636 0.0693473 0.0710616 0.070689 0.068311 0.0641896 0.0587132 0.0523206 0.04544 0.0384523 0.0316744 0.0253509 0.019654 0.0146912 0.0105193 0.00715581 0.00458082
