SBPRF35
12.7214
Curr Bio
882293
B35
887825
F35
0.170156
FOFL
0.165173
OFL
116515
Bzero
3.63469e+006
#pred survey bio
 3.47957e+006 3.37417e+006 3.2793e+006 3.11705e+006 2.92246e+006 2.72181e+006 2.49128e+006 2.26105e+006 2.03991e+006 1.84634e+006 1.66013e+006 1.49385e+006 1.33427e+006 1.16634e+006 1.00096e+006 878236 779860 719547 681990 642263 614135 587169 572232 556037 550000 540604 540308 533239 532645 537289 544783 547418 554778 564653 565660 577097 587413 603549 611740 623047 632299 640173 646461 655252 664486 675926 680245 686471 695034 697344 705310 756994 802924 806101 798061 815052 816747 851892 889499 921970 941192 963389 965826 957586 935088 906811 888169 3.04006e+007 1.81456e+007 1.8351e+007 1.91128e+007 2.02525e+007 2.15463e+007 2.2823e+007 2.39795e+007 2.49698e+007 2.57853e+007 2.6439e+007 2.69532e+007 2.73524e+007 2.76599e+007 2.78955e+007 2.80757e+007 2.82134e+007 2.8319e+007 2.84e+007 2.84625e+007 2.85108e+007 2.85484e+007 2.85777e+007 2.86007e+007 2.86188e+007 2.86332e+007 2.86445e+007 2.86536e+007 2.86608e+007 2.86666e+007 2.86712e+007 2.8675e+007 2.8678e+007 2.86804e+007 2.86824e+007 2.8684e+007 2.86853e+007 2.86864e+007 2.86873e+007 2.8688e+007 2.86886e+007 2.8689e+007 2.86894e+007 2.86897e+007 2.869e+007 2.86902e+007 2.86904e+007 2.86905e+007 2.86906e+007 2.86907e+007 2.86908e+007 2.86909e+007 2.86909e+007 2.8691e+007 2.8691e+007 2.8691e+007 2.8691e+007 2.86911e+007 2.86911e+007 2.86911e+007 2.86911e+007 2.86911e+007 2.86911e+007 2.86911e+007 2.86911e+007 2.86911e+007 2.86911e+007 2.86911e+007 2.86911e+007 2.86911e+007 2.86911e+007 2.86911e+007 2.86911e+007 2.86911e+007 2.86911e+007 2.86911e+007 2.86911e+007 2.86911e+007 2.86911e+007 2.86911e+007 2.86911e+007 2.86911e+007 2.86911e+007 2.86911e+007 2.86911e+007 2.86911e+007 2.86911e+007 2.86911e+007 2.86911e+007 2.86911e+007 2.86911e+007 2.86911e+007 2.86911e+007 2.86911e+007 2.86911e+007 2.86911e+007 2.86911e+007 2.86911e+007 2.86911e+007 2.86911e+007 0 0 0 0 0 0 0 0 0 0 0 0 0 0 0 0 0 0 0 0 0 0 0 0 0
#obs survey bio
 3.71378e+006 4.00437e+006 1.83568e+006 2.94354e+006 2.44799e+006 3.34447e+006 2.49247e+006 2.97432e+006 1.97351e+006 1.67877e+006 2.0122e+006 1.07069e+006 1.10726e+006 1.56262e+006 657039 841906 974500 638340 788741 636813 607984 411091 587902 568752 677187 445839 486450 304753 507012 533554 753741 463002 444137 473087 678569 574717 490473 633502 633286 555474 673949 764176 538775 637263 631398 728771 831835 790707 806787 577337 719453 1.07955e+006 894092 573789 881968 677935 715395 672870 1.00862e+006 950491 833375 1.21634e+006 1.02137e+006 844187 973333 860599 857666
#pred catch bio
 103302 97911 167568 208403 227394 269087 283215 288878 277028 281904 273329 273851 283192 278105 236221 210308 173237 150930 149756 136390 132204 119396 118262 107741 109099 100322 105390 99727.5 96132.5 94665.9 99101.5 95372.8 93905.6 101330 92399.8 94205.2 90617 98655.7 97232.4 100519 102813 104979 103744 104075 102794 109349 108096 106815 112585 107823 71866 78255.1 114351 123492 104012 120027 94299 95659.8 101846 113356 110583 127269 135337 145828 148440 137582 134588 116515 118949 119144 122787 129450 137342 145139 152114 157971 162673 166327 169096 171157 172667 173761 174546 175105 175502 175781 175977 176115 176210 176277 176324 176356 176379 176394 176405 176412 176417 176421 176423 176425 176426 176427 176428 176428 176428 176428 176428 176429 176429 176429 176429 176429 176429 176429 176429 176429 176429 176429 176429 176429 176429 176429 176429 176429 176429 176429 176429 176429 176429 176429 176429 176429 176429 176429 176429 176429 176429 176429 176429 176429 176429 176429 176429 176429 176429 176429 176429 176429 176429 176429 176429 176429 176429 176429 176429 176429 176429 176429 176429 176429 176429 176429 176429 176429 176429 176429 176429 0 0 0 0 0 0 0 0 0 0 0 0 0 0 0 0 0 0 0 0 0 0 0 0 0
#obs catch bio
 0 97419.9 168210 209059 228708 270939 285049 289690 278122 283440 274724 276059 287114 279397 238493 211857 173427 151525 149933 137069 132427 120025 118656 108010 109028 100412 105196 99942.7 96468.4 95397.8 99338.4 95769.6 94360.6 102254 92355.8 94457.9 90904.2 99077.1 97344.4 101022 103515 105284 104441 104922 102948 109635 108399 107126 113220 108766 71869.5 77957.6 114009 123714 103577 120689 94599.7 96079.4 102415 114051 110706 127457 135422 145812 147908 137292 134593
#pred cpue bio
 3.4302e+006 3.32646e+006 3.23244e+006 3.07031e+006 2.87599e+006 2.67577e+006 2.44617e+006 2.21697e+006 1.99674e+006 1.80378e+006 1.61838e+006 1.45296e+006 1.29461e+006 1.12888e+006 966257 845646 749237 690266 653657 615072 587868 561781 547361 531790 526128 517142 516955 510086 509326 513666 521012 523744 530962 540645 541841 553131 563160 578811 586761 597650 606504 614168 620296 628826 637950 649237 653457 659482 667804 670087 678004 729100 774998 778333 769707 785489 786737 821012 858072 890363 909625 931536 933945 925857 903867 876209 858217 2.93993e+007 1.75619e+007 1.7652e+007 1.82688e+007 1.93526e+007 2.06319e+007 2.19054e+007 2.30613e+007 2.40515e+007 2.4867e+007 2.55207e+007 2.60348e+007 2.64341e+007 2.67415e+007 2.69772e+007 2.71573e+007 2.72951e+007 2.74007e+007 2.74817e+007 2.75442e+007 2.75925e+007 2.76301e+007 2.76594e+007 2.76824e+007 2.77005e+007 2.77149e+007 2.77262e+007 2.77353e+007 2.77425e+007 2.77483e+007 2.77529e+007 2.77566e+007 2.77597e+007 2.77621e+007 2.77641e+007 2.77657e+007 2.7767e+007 2.77681e+007 2.7769e+007 2.77697e+007 2.77702e+007 2.77707e+007 2.77711e+007 2.77714e+007 2.77717e+007 2.77719e+007 2.77721e+007 2.77722e+007 2.77723e+007 2.77724e+007 2.77725e+007 2.77725e+007 2.77726e+007 2.77726e+007 2.77727e+007 2.77727e+007 2.77727e+007 2.77727e+007 2.77728e+007 2.77728e+007 2.77728e+007 2.77728e+007 2.77728e+007 2.77728e+007 2.77728e+007 2.77728e+007 2.77728e+007 2.77728e+007 2.77728e+007 2.77728e+007 2.77728e+007 2.77728e+007 2.77728e+007 2.77728e+007 2.77728e+007 2.77728e+007 2.77728e+007 2.77728e+007 2.77728e+007 2.77728e+007 2.77728e+007 2.77728e+007 2.77728e+007 2.77728e+007 2.77728e+007 2.77728e+007 2.77728e+007 2.77728e+007 2.77728e+007 2.77728e+007 2.77728e+007 2.77728e+007 2.77728e+007 2.77728e+007 2.77728e+007 2.77728e+007 2.77728e+007 2.77728e+007 2.77728e+007 2.77728e+007 0 0 0 0 0 0 0 0 0 0 0 0 0 0 0 0 0 0 0 0 0 0 0 0 0
#obs cpue bio
 3.33061e+006 3.4098e+006 2.88614e+006 2.96518e+006 1.62974e+006 2.69627e+006 2.41828e+006 2.57057e+006 1.61374e+006 1.81896e+006 1.24486e+006 1.54875e+006 1.06759e+006 1.38135e+006 931622 927269 734261 593696 709363 439006 732343 555222 617965 472247 574363 496793 782150 629035 459415 337012 569216 479479 554472 508774 731190 461498 539334 558205 635423 480139 450376 671209 485564 525057 1.0177e+006 583197 481305 515757 484390 664350 646409 1.01348e+006 956870 686931 851632 603838 595221 991520 619159 919003 1.30015e+006 865874 893674 1.18508e+006 1.23052e+006 787975 794421
#pred surv len freq
 0.00455812 0.00744527 0.0112898 0.0161023 0.0217851 0.0280479 0.0343831 0.0401929 0.0450128 0.0486606 0.0512135 0.0528801 0.0538857 0.0544182 0.0546154 0.054572 0.0543538 0.0539997 0.0534789 0.0526027 0.050952 0.0479392 0.0430689 0.0362983 0.0282439
 0.00482186 0.00777818 0.0116178 0.0163082 0.0217537 0.0277307 0.0338407 0.0395795 0.0445056 0.0483759 0.051163 0.0529895 0.0540554 0.0545843 0.054778 0.0547811 0.0546664 0.0544297 0.0539678 0.0530282 0.0511769 0.047877 0.0427283 0.0357784 0.0276839
 0.00497684 0.00805899 0.0120861 0.017019 0.0227186 0.0288752 0.0349883 0.0404954 0.0449935 0.0483729 0.0507652 0.0523882 0.0534327 0.0540416 0.0543351 0.054422 0.0543806 0.054217 0.0538121 0.0528744 0.0509407 0.047487 0.0421725 0.035119 0.0270272
 0.00515112 0.00833997 0.0125075 0.0176178 0.0235348 0.0299441 0.0363179 0.042033 0.0466002 0.0498321 0.0518404 0.0529111 0.0533705 0.0534982 0.0534875 0.0534397 0.0533781 0.0532492 0.0528896 0.0519776 0.050033 0.0465387 0.0411894 0.0341545 0.0261639
 0.00532946 0.00863241 0.0129524 0.0182527 0.0243908 0.031036 0.0376355 0.0435379 0.0482268 0.0514867 0.0533936 0.0541979 0.0542164 0.0537734 0.0531595 0.052587 0.0521532 0.0518159 0.0513738 0.0504505 0.0485258 0.0450714 0.039797 0.0328963 0.0251077
 0.00549749 0.00890657 0.0133675 0.0188435 0.0251875 0.0320562 0.0388744 0.0449629 0.0497796 0.0530915 0.0549627 0.0556305 0.055394 0.0545637 0.0534402 0.0522851 0.0512779 0.0504606 0.049684 0.048579 0.0466026 0.0432006 0.0380684 0.0313918 0.0238916
 0.00572788 0.00927468 0.0139098 0.0195907 0.02616 0.0332577 0.0402838 0.0465302 0.0514322 0.0547457 0.0565352 0.0570419 0.0565655 0.0554105 0.0538693 0.052206 0.0506276 0.0492348 0.0479532 0.0464809 0.0443141 0.0409068 0.0359385 0.0295605 0.0224425
 0.00601096 0.00972428 0.0145668 0.020486 0.0273098 0.0346558 0.0418925 0.0482785 0.0532249 0.0564812 0.0581224 0.0584069 0.0576495 0.0561615 0.0542326 0.0521193 0.0500279 0.04808 0.0462528 0.0443186 0.0418505 0.0383553 0.0335238 0.0274719 0.0207963
 0.00632357 0.0102239 0.0153026 0.0214973 0.0286186 0.0362549 0.0437339 0.0502697 0.0552423 0.0583946 0.0598173 0.0597971 0.0586778 0.0567925 0.0544412 0.0518792 0.0493057 0.046843 0.0444927 0.0420846 0.0392721 0.0356385 0.0309134 0.0251915 0.0189922
 0.00658247 0.0106465 0.0159418 0.0224034 0.0298295 0.0377809 0.0455411 0.0522744 0.0573212 0.0604079 0.0616323 0.0613038 0.0597961 0.0574725 0.0546571 0.0516183 0.0485579 0.0455978 0.0427518 0.0398889 0.0367308 0.0329384 0.0282924 0.0228807 0.0171518
 0.00685675 0.0110872 0.0165956 0.0233119 0.0310229 0.0392682 0.0472973 0.0542324 0.0593765 0.0624327 0.0634933 0.0628784 0.0609837 0.0582021 0.0548886 0.0513367 0.0477637 0.0443001 0.0409719 0.0376783 0.0341962 0.0302549 0.0256857 0.0205756 0.0153094
 0.00707583 0.0114491 0.017151 0.0241113 0.0321068 0.0406508 0.0489512 0.0560841 0.0613176 0.0643417 0.0652536 0.064387 0.0621532 0.0589614 0.0551852 0.0511381 0.0470575 0.0430923 0.0392894 0.0355806 0.0317919 0.0277116 0.0232147 0.0183874 0.0135566
 0.00714662 0.0115976 0.0174367 0.0246114 0.0328997 0.0417882 0.0504319 0.0578435 0.0632393 0.0662826 0.0670706 0.0659552 0.0633758 0.0597712 0.0555404 0.051016 0.0464495 0.042004 0.0377473 0.0336436 0.0295665 0.0253572 0.0209283 0.0163628 0.011934
 0.00732958 0.0118863 0.0178571 0.0251877 0.0336568 0.0427526 0.0516249 0.0592663 0.0648563 0.0680108 0.0687839 0.0675062 0.0646251 0.0606136 0.055915 0.0509015 0.0458515 0.0409449 0.0362655 0.0318036 0.0274721 0.0231576 0.0188041 0.0144897 0.0104371
 0.00763962 0.0123775 0.0185711 0.026152 0.0348767 0.0442022 0.05324 0.0609502 0.0664998 0.0695186 0.0700877 0.0685583 0.0653835 0.0610331 0.0559516 0.0505249 0.0450533 0.0397412 0.0346965 0.0299364 0.0254085 0.0210362 0.0167871 0.0127311 0.00904307
 0.00780806 0.01266 0.0190121 0.0267972 0.0357627 0.0453392 0.0545956 0.0624447 0.0680196 0.0709418 0.071311 0.0695122 0.0660333 0.0613681 0.0559696 0.0502213 0.0444212 0.0387797 0.0334233 0.0283994 0.0236926 0.0192621 0.0150961 0.0112556 0.00787359
 0.00802799 0.0129952 0.0194763 0.0273918 0.0364819 0.0461764 0.0555438 0.0634892 0.0691277 0.0720562 0.0723525 0.070394 0.0666798 0.0617298 0.0560273 0.049978 0.0438897 0.0379756 0.0323678 0.0271303 0.0222761 0.0177958 0.0136968 0.0100342 0.00690578
 0.00814068 0.0131718 0.0197291 0.0277265 0.0368955 0.0466559 0.0560673 0.0640311 0.0696687 0.0725907 0.0728853 0.0709254 0.0671902 0.0621745 0.0563463 0.0501138 0.0438012 0.0376437 0.0317958 0.026345 0.0213304 0.0167693 0.0126864 0.00913355 0.00618191
 0.00815178 0.0131922 0.0197643 0.0277838 0.0369828 0.0467801 0.056232 0.0642356 0.0699087 0.0728614 0.0731843 0.0712541 0.067549 0.0625541 0.0567191 0.0504324 0.0440076 0.0376847 0.0316379 0.0259845 0.0207975 0.0161244 0.0120094 0.00850521 0.00566325
 0.00820255 0.0132745 0.0198876 0.027956 0.0372086 0.0470574 0.0565492 0.0645715 0.0702364 0.0731545 0.0734241 0.0714333 0.0676723 0.0626345 0.0567697 0.0504569 0.0439933 0.0376038 0.0314585 0.0256859 0.0203835 0.015628 0.0114858 0.00801563 0.00525642
 0.00826822 0.0133666 0.0199997 0.0280741 0.0373166 0.0471455 0.0566191 0.0646357 0.0703111 0.0732511 0.0735437 0.0715673 0.0678076 0.0627589 0.0568757 0.0505394 0.0440455 0.0376126 0.0314045 0.0255507 0.0201608 0.0153322 0.0111515 0.00768762 0.00497432
 0.00834867 0.0134945 0.0201855 0.0283228 0.0376232 0.0474905 0.0569676 0.0649426 0.0705356 0.0733714 0.0735641 0.0715124 0.0677083 0.0626403 0.0567521 0.0504158 0.0439204 0.0374797 0.0312535 0.0253699 0.019943 0.0150815 0.0108858 0.00743346 0.00475749
 0.00832094 0.0134552 0.0201378 0.0282741 0.0375849 0.0474757 0.0569873 0.0650024 0.0706316 0.0734904 0.0736868 0.0716212 0.0677945 0.0627056 0.056804 0.0504607 0.0439589 0.0375057 0.0312566 0.0253393 0.0198719 0.0149714 0.0107486 0.00728872 0.00462569
 0.00835358 0.0134995 0.0201884 0.0283214 0.0376186 0.0474903 0.0569862 0.0649972 0.0706375 0.0735183 0.0737386 0.0716886 0.0678629 0.0627609 0.0568382 0.0504737 0.0439551 0.0374894 0.031228 0.0252947 0.0198072 0.0148861 0.0106485 0.00718528 0.00453185
 0.00836268 0.0135058 0.020182 0.0282878 0.037542 0.0473596 0.0568013 0.064773 0.0704021 0.0733086 0.0735912 0.0716303 0.0679028 0.0628878 0.0570255 0.0506888 0.044169 0.0376815 0.0313859 0.0254119 0.0198811 0.0149184 0.010646 0.00715939 0.00449577
 0.00840742 0.013576 0.020282 0.0284179 0.0376957 0.0475211 0.056945 0.0648674 0.0704197 0.073237 0.0734406 0.0714317 0.0676979 0.0627153 0.0569098 0.0506352 0.0441666 0.0377106 0.031426 0.0254469 0.0199011 0.0149198 0.0106306 0.00713299 0.00446571
 0.00844207 0.0136187 0.0203218 0.0284371 0.0376763 0.0474535 0.0568339 0.0647305 0.0702788 0.0731086 0.0733315 0.071342 0.0676285 0.0626727 0.0569042 0.050675 0.0442518 0.0378304 0.031562 0.0255786 0.020012 0.0150008 0.0106805 0.00715682 0.00447185
 0.0085942 0.0138488 0.0206348 0.0288233 0.0381104 0.0478964 0.0572359 0.0650387 0.07045 0.0731219 0.0731944 0.0710851 0.0672928 0.0622993 0.056529 0.0503276 0.0439546 0.037596 0.0313916 0.0254632 0.0199369 0.0149511 0.0106449 0.00712912 0.00444974
 0.00862185 0.0139034 0.020734 0.0289877 0.0383564 0.048225 0.0576244 0.0654403 0.0708045 0.073373 0.0733051 0.0710459 0.0671206 0.0620291 0.0562038 0.0499884 0.0436348 0.037319 0.0311695 0.0252979 0.0198218 0.0148746 0.010595 0.00709628 0.00442771
 0.00850002 0.0137279 0.0205126 0.0287447 0.0381285 0.048054 0.0575479 0.0654831 0.0709709 0.0736414 0.0736302 0.0713693 0.0673883 0.0622067 0.0562828 0.0499837 0.0435743 0.0372331 0.0310836 0.0252276 0.0197728 0.0148452 0.0105795 0.00708852 0.00442343
 0.00841881 0.0135893 0.0202938 0.0284245 0.0376985 0.0475316 0.0569858 0.0649648 0.0705892 0.0734685 0.0736937 0.0716462 0.0678159 0.0627036 0.0567723 0.0504107 0.0439127 0.0374831 0.031261 0.0253533 0.0198645 0.0149141 0.0106311 0.00712541 0.00444771
 0.00846408 0.0136487 0.0203559 0.0284675 0.0376929 0.0474474 0.0568021 0.0646792 0.070226 0.0730797 0.0733504 0.0714178 0.0677465 0.0627967 0.0569919 0.0506973 0.0442061 0.0377394 0.0314603 0.0254956 0.0199611 0.0149786 0.0106744 0.00715429 0.0044663
 0.00840363 0.0135652 0.0202567 0.0283667 0.0376046 0.0473763 0.0567367 0.064595 0.070096 0.0728907 0.0731141 0.0711728 0.0675479 0.0626973 0.057022 0.0508536 0.0444541 0.0380282 0.0317413 0.0257361 0.0201476 0.0151128 0.0107654 0.00721301 0.00450223
 0.00825256 0.0133374 0.019948 0.0279876 0.0371798 0.0469424 0.0563374 0.0642731 0.0698819 0.0727915 0.0731121 0.0712373 0.067653 0.0628354 0.0572034 0.0510939 0.0447576 0.0383795 0.0321081 0.0260814 0.0204423 0.0153425 0.0109301 0.00732231 0.00456948
 0.00831103 0.0134053 0.0200008 0.0279874 0.0370878 0.0467374 0.056031 0.0639098 0.0695245 0.0724983 0.0729185 0.0711488 0.0676513 0.0628923 0.0572961 0.0512131 0.0449058 0.0385607 0.0323179 0.0263036 0.0206542 0.0155238 0.0110698 0.00741959 0.00463098
 0.00834344 0.0134487 0.0200476 0.0280209 0.0370826 0.0466619 0.0558548 0.0636151 0.0691196 0.0720258 0.0724502 0.0707646 0.0674126 0.0628226 0.0573804 0.0514125 0.045177 0.0388684 0.0326368 0.0266142 0.0209386 0.0157662 0.0112599 0.0075558 0.00471965
 0.00834373 0.013455 0.0200672 0.0280625 0.0371514 0.0467532 0.0559485 0.0636765 0.0691083 0.0719101 0.0722224 0.0704497 0.0670644 0.0625079 0.0571569 0.0513109 0.0451965 0.0389847 0.0328158 0.0268224 0.0211482 0.015956 0.0114162 0.0076726 0.00479858
 0.00827488 0.013349 0.0199192 0.0278738 0.0369312 0.0465191 0.0557256 0.0634925 0.0689833 0.0718474 0.0722053 0.0704504 0.067059 0.062491 0.0571447 0.0513325 0.0452779 0.0391357 0.0330262 0.0270672 0.0213976 0.0161836 0.0116044 0.00781385 0.00489477
 0.00833795 0.0134357 0.0200204 0.0279711 0.0370019 0.0465448 0.0556992 0.0634205 0.0688825 0.0717376 0.072102 0.0703592 0.0669749 0.062404 0.0570489 0.0512338 0.0451944 0.0390897 0.0330328 0.0271269 0.0214963 0.0162996 0.0117163 0.00790689 0.00496274
 0.0083212 0.0134194 0.0200151 0.027991 0.0370578 0.0466353 0.0558056 0.0635105 0.0689239 0.0717136 0.0720184 0.0702395 0.0668477 0.0622896 0.0569551 0.0511596 0.0451378 0.0390538 0.0330246 0.0271519 0.0215525 0.0163765 0.0117987 0.00798091 0.00502007
 0.00822855 0.0132871 0.0198508 0.0278148 0.0368991 0.046525 0.0557673 0.0635539 0.0690397 0.0718741 0.0721847 0.0703745 0.0669295 0.0623175 0.0569438 0.0511291 0.0451049 0.0390296 0.0330162 0.0271636 0.021585 0.0164254 0.0118554 0.0080355 0.00506489
 0.00823595 0.0132827 0.0198151 0.0277226 0.0367302 0.0462786 0.0554724 0.0632658 0.0688217 0.0717733 0.072214 0.0705112 0.0671275 0.0625266 0.0571269 0.0512697 0.0452048 0.0391008 0.0330729 0.0272166 0.0216402 0.0164836 0.011913 0.00808732 0.00510648
 0.00822572 0.0132737 0.0198141 0.0277373 0.0367624 0.0463175 0.0554927 0.0632365 0.0687242 0.0716163 0.0720356 0.0703622 0.0670475 0.062527 0.0571903 0.0513636 0.0452992 0.0391785 0.0331308 0.0272607 0.0216782 0.0165204 0.0119495 0.0081212 0.00513481
 0.00811575 0.0131131 0.0196067 0.0274998 0.0365212 0.0461019 0.0553277 0.0631362 0.068687 0.0716262 0.0720695 0.0704032 0.0670945 0.0625932 0.0572915 0.0515047 0.0454693 0.039357 0.0332977 0.027404 0.021795 0.016613 0.0120217 0.00817586 0.00517418
 0.00811048 0.0130858 0.0195322 0.0273465 0.036263 0.0457358 0.0548858 0.062683 0.0682994 0.0713657 0.0719625 0.0704384 0.0672361 0.0628007 0.0575342 0.0517655 0.0457394 0.0396275 0.0335564 0.0276373 0.0219925 0.0167704 0.0121402 0.0082603 0.00523079
 0.00809573 0.013064 0.0195021 0.0273046 0.0362001 0.045634 0.0547211 0.0624358 0.0679704 0.0709871 0.0715953 0.070152 0.0670823 0.0627959 0.0576605 0.0519853 0.0460122 0.0399205 0.0338454 0.0279045 0.0222249 0.01696 0.0122848 0.00836306 0.00529863
 0.00810935 0.0130871 0.0195387 0.0273584 0.0362734 0.0457244 0.0548181 0.0625186 0.0680097 0.0709526 0.0714688 0.0699398 0.0668191 0.0625351 0.0574544 0.0518666 0.0459866 0.039972 0.0339476 0.0280308 0.0223536 0.017076 0.0123793 0.00843336 0.00534643
 0.00810217 0.0130761 0.0195234 0.0273396 0.0362532 0.0457068 0.0548086 0.0625222 0.0680272 0.0709774 0.0714856 0.0699289 0.0667653 0.062438 0.0573324 0.0517514 0.0459097 0.0399522 0.0339854 0.0281115 0.0224557 0.0171793 0.0124695 0.00850325 0.0053951
 0.00803967 0.0129841 0.0194029 0.0271979 0.036102 0.0455593 0.0546769 0.062417 0.0679575 0.0709498 0.0715013 0.0699816 0.0668407 0.0625176 0.0574006 0.0518032 0.0459527 0.0400015 0.0340541 0.0282035 0.0225639 0.0172899 0.0125688 0.00858228 0.00545122
 0.00798426 0.0129017 0.0192934 0.0270669 0.0359603 0.0454207 0.0545564 0.0623282 0.06791 0.0709463 0.0715375 0.0700477 0.0669244 0.0626065 0.0574839 0.0518732 0.0460075 0.0400455 0.0340969 0.0282538 0.0226251 0.0173583 0.0126362 0.00864033 0.00549515
 0.00777215 0.0125877 0.0188786 0.0265734 0.0354261 0.044891 0.0540758 0.061937 0.0676416 0.0708229 0.0715656 0.0702163 0.0672079 0.0629698 0.0578894 0.0522864 0.0464015 0.0404033 0.0344109 0.0285239 0.0228539 0.0175481 0.0127877 0.00875439 0.00557455
 0.00745907 0.0120665 0.0180753 0.0254215 0.0338934 0.0430146 0.05199 0.0598658 0.0658485 0.0695386 0.0709306 0.0702612 0.0678684 0.0641185 0.0593692 0.0539379 0.0480835 0.042005 0.0358555 0.0297666 0.023876 0.0183502 0.0133847 0.00917235 0.00584694
 0.00756272 0.0121715 0.0181139 0.0252866 0.0334597 0.0421789 0.0507124 0.0581972 0.0639345 0.0675996 0.0692216 0.0690173 0.0672501 0.0641775 0.0600468 0.0550939 0.0495381 0.0435787 0.0373966 0.0311645 0.0250634 0.0192981 0.0140953 0.00967015 0.00617058
 0.00787916 0.0126761 0.0188489 0.0262688 0.0346573 0.0434862 0.0519378 0.0590882 0.0642466 0.0671861 0.0680966 0.0673607 0.0653539 0.0623598 0.0585682 0.0541035 0.0490608 0.043539 0.0376637 0.0315969 0.0255415 0.0197395 0.0144557 0.00993594 0.00634909
 0.00803566 0.012952 0.0193036 0.0269698 0.0356627 0.0448148 0.0535366 0.0608133 0.0658719 0.0684421 0.0687338 0.0672223 0.0644324 0.0608114 0.0566723 0.0521794 0.0473779 0.0422567 0.0368183 0.0311301 0.0253474 0.0197082 0.0145002 0.0100007 0.00640626
 0.00792195 0.0127894 0.0191031 0.0267632 0.0355043 0.0447776 0.053702 0.0612515 0.0666108 0.0694351 0.0698441 0.0682414 0.0651353 0.061032 0.0563656 0.0514408 0.046407 0.041282 0.0360202 0.0305958 0.0250716 0.019626 0.0145292 0.0100722 0.00647787
 0.00790508 0.0127611 0.0190597 0.0267033 0.0354326 0.0447101 0.0536707 0.0613042 0.0668029 0.0698116 0.0704165 0.0689647 0.0659002 0.0616821 0.0567434 0.0514471 0.0460441 0.0406558 0.0352961 0.0299332 0.0245713 0.0193141 0.0143745 0.0100196 0.00647598
 0.00769957 0.0124421 0.0186086 0.0261146 0.0347172 0.043899 0.0528198 0.0604952 0.0661366 0.0693919 0.0703287 0.0692541 0.0665522 0.062612 0.0578047 0.0524647 0.0468664 0.0412032 0.0355798 0.030034 0.0245909 0.0193297 0.0144187 0.0100878 0.00654846
 0.00749308 0.0121176 0.0181415 0.0254911 0.0339383 0.0429856 0.0518188 0.0594809 0.0652025 0.0686365 0.0698411 0.0691026 0.0667746 0.0632031 0.0587054 0.0535616 0.0480111 0.0422508 0.0364307 0.0306571 0.0250162 0.0196164 0.0146213 0.0102396 0.00666255
 0.00740048 0.0119579 0.0178844 0.0251035 0.0333923 0.0422716 0.0509572 0.0585258 0.0642338 0.0677448 0.0691138 0.0686152 0.0665854 0.0633471 0.0591842 0.0543334 0.0489878 0.0433103 0.0374462 0.0315307 0.025701 0.0201154 0.0149677 0.0104733 0.00681668
 0.00742128 0.0119826 0.0179035 0.0250992 0.0333385 0.0421366 0.0507093 0.0581415 0.0637083 0.0671011 0.0684057 0.0679211 0.0659948 0.0629443 0.0590327 0.0544629 0.0493839 0.0439124 0.038159 0.0322488 0.0263377 0.0206222 0.0153361 0.010722 0.00697458
 0.00738328 0.011929 0.0178376 0.0250275 0.0332668 0.0420643 0.0506244 0.0580208 0.0635233 0.0668278 0.068036 0.0674717 0.0655102 0.062492 0.0586906 0.0543005 0.0494433 0.0441941 0.0386183 0.0328072 0.0269062 0.0211267 0.0157345 0.0110057 0.00715866
 0.00737277 0.0119197 0.0178381 0.0250508 0.0333273 0.0421717 0.0507777 0.0582039 0.0637043 0.0669625 0.0680763 0.0673785 0.065268 0.0621198 0.0582434 0.0538585 0.0490915 0.0439975 0.0386023 0.0329516 0.0271556 0.0214126 0.0159986 0.0112141 0.00730289
 0.00734041 0.0118782 0.0177964 0.0250251 0.0333379 0.042237 0.0509086 0.0583995 0.0639497 0.067229 0.0683229 0.0675568 0.0653323 0.0620402 0.0580189 0.0535234 0.0487105 0.0436482 0.0383512 0.0328331 0.0271637 0.0215095 0.0161344 0.0113462 0.00740685
 0.00737869 0.011936 0.0178756 0.0251259 0.0334607 0.0423843 0.0510855 0.0586108 0.0641949 0.067497 0.0685894 0.0677865 0.0654843 0.0620769 0.057916 0.0532802 0.0483556 0.0432371 0.0379524 0.0325076 0.0269459 0.0214004 0.0161083 0.011367 0.00744313
 0.00730786 0.0118485 0.0177946 0.0250888 0.0335074 0.0425404 0.0513487 0.058951 0.0645673 0.0678594 0.068912 0.0680513 0.0656774 0.0621823 0.0579159 0.0531616 0.0481204 0.0429096 0.0375785 0.0321435 0.0266413 0.0211828 0.0159786 0.0113061 0.00742456
 0.00698988 0.0113793 0.0171789 0.0243669 0.03275 0.0418352 0.0507864 0.05861 0.064497 0.0680652 0.0693525 0.0686513 0.0663514 0.0628541 0.0585268 0.0536706 0.0485028 0.0431589 0.0377092 0.0321884 0.0266414 0.0211743 0.0159821 0.0113252 0.00745234
#obs surv len freq
 nan nan nan nan nan nan nan nan nan nan nan nan nan nan nan nan nan nan nan nan nan nan nan nan nan
 0.00448271 0.00734309 0.0111721 0.0159876 0.0216877 0.0279629 0.034277 0.0400087 0.0446889 0.0481537 0.0505127 0.0520098 0.0529032 0.0534167 0.0537318 0.0539874 0.0542664 0.0545595 0.0546984 0.0542904 0.0527284 0.0493603 0.0438096 0.0362891 0.027672
 0.00461142 0.00755448 0.0114938 0.0164458 0.0223005 0.0287305 0.0351719 0.0409731 0.0456429 0.0490108 0.0511966 0.0524654 0.0531025 0.0533584 0.0534378 0.0534944 0.0536176 0.0537972 0.0538615 0.0534154 0.0518538 0.0485289 0.0430658 0.0356703 0.0271991
 0.00477739 0.00782513 0.0119028 0.0170251 0.0230744 0.0297059 0.0363274 0.0422535 0.0469644 0.0502736 0.0522996 0.0533189 0.053638 0.0535361 0.0532496 0.0529623 0.0527867 0.0527267 0.0526175 0.052068 0.050478 0.0472048 0.0418729 0.0346745 0.0264366
 0.00496995 0.00814 0.0123801 0.0177032 0.0239828 0.0308535 0.0376904 0.0437711 0.048546 0.0518148 0.0536963 0.0544755 0.0544714 0.0539805 0.0532622 0.0525293 0.0519262 0.0514875 0.0510746 0.0503184 0.0486365 0.0453983 0.0402268 0.0332911 0.0253734
 0.00517827 0.00848273 0.0129035 0.018453 0.0249956 0.0321425 0.0392311 0.0454959 0.0503539 0.0535895 0.0553245 0.0558565 0.0555197 0.0546253 0.0534482 0.0522199 0.05111 0.0501855 0.0493471 0.0482682 0.0464065 0.0431598 0.0381554 0.0315331 0.0240142
 0.00541409 0.0088662 0.013481 0.0192686 0.0260834 0.0335148 0.0408647 0.0473264 0.0522823 0.0554993 0.0570985 0.0573878 0.0567168 0.0554126 0.0537653 0.0520207 0.0503657 0.0488939 0.0475455 0.0460479 0.0439186 0.0406043 0.0357502 0.0294674 0.0224041
 0.0056468 0.00924988 0.0140683 0.0201117 0.0272234 0.0349655 0.0425964 0.0492614 0.0543077 0.05749 0.0589371 0.0589742 0.0579677 0.0562585 0.0541472 0.051889 0.0496821 0.04764 0.0457388 0.043762 0.0412981 0.0378603 0.0331268 0.0271868 0.0206104
 0.00588649 0.00964263 0.0146654 0.0209635 0.0283706 0.0364242 0.0443427 0.051224 0.0563765 0.0595356 0.0608321 0.0606071 0.0592495 0.057122 0.0545418 0.051774 0.0490237 0.0464156 0.0439541 0.0414748 0.0386402 0.0350395 0.030397 0.0247888 0.0187083
 0.00612942 0.0100398 0.0152673 0.0218186 0.0295167 0.0378737 0.0460681 0.0531525 0.0583998 0.0615305 0.0626792 0.0622015 0.0605047 0.05797 0.0549311 0.051666 0.0483883 0.0452333 0.0422276 0.0392524 0.0360399 0.0322572 0.0276815 0.0223839 0.0167869
 0.00636386 0.0104262 0.0158585 0.022667 0.0306631 0.0393311 0.0478049 0.0550872 0.0604141 0.0634932 0.0644685 0.0637173 0.0616708 0.0587309 0.0552468 0.0515067 0.0477307 0.0440621 0.0405465 0.0371046 0.0335324 0.0295708 0.0250506 0.0200436 0.0149083
 0.00662111 0.010845 0.0164899 0.0235587 0.0318505 0.0408228 0.0495668 0.0570371 0.0624316 0.0654422 0.0662198 0.0651646 0.0627366 0.0593667 0.0554271 0.0512202 0.0469725 0.0428316 0.0388555 0.0349967 0.0311061 0.0269909 0.0225323 0.0178048 0.0131091
 0.00684265 0.0112115 0.017053 0.0243699 0.0329499 0.0422224 0.0512335 0.0588879 0.0643468 0.0672893 0.0678761 0.0665293 0.0637351 0.0599495 0.0555679 0.0509101 0.0462145 0.0416363 0.0372454 0.0330199 0.0288552 0.0246147 0.0202223 0.0157547 0.011462
 0.00705932 0.0115659 0.0175904 0.0251341 0.033975 0.043519 0.0527749 0.0606035 0.0661301 0.0690168 0.0694273 0.0678019 0.0646527 0.0604638 0.0556559 0.0505684 0.0454529 0.040474 0.0357133 0.0311711 0.0267797 0.0224471 0.0181313 0.0139085 0.00998316
 0.00728987 0.0119403 0.0181531 0.0259249 0.035021 0.0448213 0.0542955 0.062262 0.0678157 0.0706101 0.0708203 0.0689085 0.0654118 0.0608381 0.0556298 0.0501441 0.0446457 0.0393099 0.0342298 0.0294248 0.0248571 0.0204701 0.0162467 0.0122592 0.00867027
 0.00744724 0.0122063 0.0185717 0.0265428 0.0358767 0.0459282 0.0556261 0.0637436 0.0693424 0.0720654 0.0720979 0.0699251 0.0661101 0.0611854 0.0556138 0.0497687 0.0439269 0.0382737 0.0329141 0.0278854 0.0231748 0.0187535 0.0146223 0.0108464 0.00755139
 0.0075244 0.0123313 0.0187605 0.026813 0.0362483 0.0464227 0.0562614 0.0645259 0.0702573 0.0730716 0.0731282 0.0708952 0.0669335 0.0617877 0.0559414 0.0497917 0.0436366 0.03768 0.0320451 0.0267895 0.0219246 0.0174453 0.0133659 0.00974444 0.00667445
 0.00759126 0.0124348 0.0189067 0.0270047 0.036486 0.0467058 0.0565899 0.0649019 0.0706856 0.0735579 0.0736734 0.0714855 0.0675336 0.0623413 0.0563807 0.0500515 0.0436675 0.0374562 0.0315678 0.0260884 0.0210577 0.016495 0.0124276 0.00890756 0.00600161
 0.00765516 0.0125309 0.0190369 0.0271655 0.0366698 0.046903 0.0567912 0.0651006 0.0708801 0.0737543 0.0738851 0.0717288 0.0678183 0.0626607 0.0567056 0.0503321 0.0438442 0.0374747 0.0313943 0.0257195 0.0205244 0.0158582 0.011766 0.00829852 0.00550209
 0.00770464 0.0126088 0.0191489 0.0273143 0.036853 0.0471118 0.0570097 0.0653076 0.0710555 0.0738867 0.0739766 0.0717948 0.0678818 0.0627424 0.0568143 0.0504573 0.0439549 0.0375263 0.0313425 0.0255365 0.0202111 0.0154471 0.0113126 0.00786446 0.00513671
 0.00778211 0.0127255 0.0193071 0.02751 0.0370771 0.0473519 0.0572513 0.0655343 0.0712498 0.0740323 0.0740628 0.0718201 0.0678559 0.0626846 0.0567474 0.0503983 0.0439067 0.0374744 0.0312595 0.025394 0.0199944 0.0151644 0.0109944 0.00755271 0.00486892
 0.00782089 0.012788 0.0193999 0.0276377 0.0372401 0.0475441 0.0574582 0.0657351 0.0714227 0.0741613 0.0741408 0.0718487 0.0678418 0.0626375 0.0566787 0.0503202 0.0438283 0.0373972 0.0311746 0.0252859 0.0198492 0.0149799 0.0107842 0.00734174 0.00468319
 0.0078527 0.0128353 0.0194629 0.0277144 0.0373274 0.0476393 0.0575601 0.0658422 0.0715315 0.0742645 0.0742287 0.0719117 0.0678738 0.0626376 0.056651 0.050272 0.0437674 0.0373291 0.0310997 0.0251994 0.0197445 0.0148544 0.0106437 0.00720002 0.00455662
 0.00788567 0.0128821 0.0195209 0.0277766 0.0373843 0.0476826 0.0575851 0.06585 0.071528 0.074259 0.0742303 0.0719258 0.0679 0.0626698 0.0566807 0.0502918 0.0437734 0.0373202 0.0310762 0.0251605 0.0196888 0.0147821 0.010559 0.00711169 0.00447549
 0.0079107 0.0129215 0.0195774 0.0278508 0.0374735 0.0477793 0.0576768 0.0659216 0.0715666 0.0742595 0.0741979 0.0718742 0.0678453 0.0626246 0.0566498 0.0502731 0.0437604 0.037306 0.0310553 0.0251298 0.0196469 0.0147295 0.0104992 0.00705047 0.00441969
 0.00790229 0.0129089 0.0195606 0.0278308 0.0374525 0.0477605 0.0576637 0.0659169 0.0715708 0.07427 0.0742103 0.0718848 0.0678533 0.0626331 0.0566638 0.0502957 0.0437907 0.0373391 0.0310844 0.0251486 0.0196515 0.0147195 0.010477 0.0070214 0.00438965
 0.00790092 0.0129015 0.0195401 0.0277883 0.0373801 0.0476563 0.0575354 0.0657814 0.0714498 0.0741829 0.0741685 0.0718894 0.0678975 0.0627056 0.0567534 0.0503935 0.0438905 0.0374356 0.031172 0.0252217 0.0197058 0.0147533 0.010492 0.00702216 0.00438219
 0.00789311 0.0128876 0.0195167 0.0277508 0.0373233 0.047575 0.057427 0.065648 0.0713007 0.0740347 0.0740428 0.071807 0.0678718 0.0627389 0.056837 0.0505121 0.0440272 0.0375753 0.0313033 0.0253361 0.0197978 0.0148205 0.0105354 0.00704585 0.00439194
 0.00789169 0.0128824 0.0195036 0.0277241 0.0372772 0.0475057 0.0573344 0.0655362 0.0711767 0.0739079 0.0739235 0.0717074 0.0678049 0.0627159 0.0568638 0.0505863 0.0441383 0.037708 0.0314411 0.025465 0.0199077 0.014906 0.0105957 0.00708381 0.00441281
 0.00788087 0.0128644 0.0194754 0.0276827 0.0372195 0.0474297 0.05724 0.0654265 0.0710581 0.073789 0.0738146 0.0716186 0.0677449 0.0626918 0.0568799 0.0506437 0.0442333 0.0378314 0.0315794 0.0256032 0.0200326 0.0150086 0.0106723 0.00713544 0.00444406
 0.00784284 0.0128026 0.0193828 0.0275533 0.0370509 0.0472252 0.0570115 0.0651934 0.0708439 0.0736154 0.0736968 0.0715634 0.0677523 0.0627566 0.0569943 0.0507983 0.0444181 0.0380351 0.0317891 0.0258051 0.0202136 0.0151587 0.0107868 0.00721536 0.00449471
 0.00784246 0.0127945 0.0193568 0.0274956 0.0369474 0.0470677 0.0568029 0.0649492 0.0705892 0.0733789 0.0735046 0.0714346 0.0676967 0.0627747 0.057079 0.0509377 0.0445975 0.0382393 0.0320031 0.026014 0.0204038 0.0153196 0.0109125 0.00730524 0.00455324
 0.0077957 0.0127236 0.0192594 0.0273719 0.0367987 0.0468948 0.0566059 0.0647303 0.0703559 0.0731472 0.0732975 0.0712783 0.0676129 0.0627756 0.0571644 0.0510968 0.0448121 0.0384882 0.0322647 0.0262687 0.0206349 0.015515 0.0110656 0.00741571 0.00462608
 0.00778114 0.0126934 0.0192021 0.0272742 0.0366496 0.0466925 0.0563617 0.0644676 0.0701025 0.0729257 0.0731217 0.0711542 0.0675447 0.0627683 0.0572228 0.0512213 0.0449959 0.0387166 0.0325176 0.0265242 0.020873 0.0157201 0.0112287 0.00753492 0.00470569
 0.00775749 0.0126576 0.0191528 0.0272103 0.0365693 0.0465915 0.0562341 0.064309 0.0699153 0.0727227 0.0729242 0.0709861 0.067426 0.0627102 0.0572291 0.0512902 0.0451222 0.0388908 0.0327252 0.0267464 0.0210898 0.0159137 0.011387 0.00765311 0.00478602
 0.00771529 0.0125908 0.019056 0.0270804 0.0364072 0.0464032 0.0560314 0.0641078 0.0697312 0.0725663 0.0728006 0.0708976 0.0673754 0.0627029 0.0572705 0.0513831 0.0452643 0.0390745 0.0329384 0.0269732 0.021312 0.0161142 0.0115529 0.00777853 0.00487223
 0.0076862 0.0125403 0.0189742 0.0269568 0.0362338 0.0461793 0.0557678 0.0638269 0.0694628 0.0723396 0.0726368 0.0708062 0.0673554 0.0627466 0.0573682 0.0515263 0.0454459 0.0392871 0.0331722 0.0272148 0.0215457 0.0163243 0.0117273 0.00791128 0.00496418
 0.00769549 0.0125546 0.0189939 0.0269803 0.0362562 0.0461917 0.0557571 0.0637796 0.0693698 0.072202 0.0724682 0.0706294 0.067195 0.0626228 0.0572926 0.0515024 0.0454717 0.0393572 0.0332785 0.0273466 0.0216895 0.0164654 0.0118523 0.00801129 0.0050363
 0.00764619 0.0124812 0.0188959 0.0268622 0.0361262 0.0460595 0.0556324 0.0636697 0.0692782 0.072128 0.0724081 0.07058 0.0671572 0.0626025 0.0572988 0.0515428 0.0455494 0.0394699 0.0334192 0.0275047 0.0218523 0.0166195 0.0119862 0.00811736 0.00511254
 0.00763377 0.0124572 0.0188534 0.0267931 0.036025 0.0459273 0.0554799 0.0635158 0.0691442 0.0720299 0.0723511 0.070559 0.0671617 0.0626225 0.0573297 0.0515859 0.0456096 0.0395518 0.0335234 0.0276266 0.0219828 0.0167471 0.0120999 0.00820944 0.00517994
 0.0076095 0.012421 0.0188045 0.0267323 0.035953 0.0458436 0.0553827 0.0634046 0.0690229 0.0719088 0.0722458 0.0704849 0.0671281 0.0626296 0.0573702 0.0516502 0.0456904 0.0396455 0.0336286 0.0277412 0.0221017 0.0168625 0.0122031 0.00829354 0.00524202
 0.0075919 0.0123923 0.0187614 0.0266723 0.0358753 0.0457506 0.0552806 0.0633018 0.0689276 0.0718261 0.0721779 0.0704331 0.0670956 0.0626211 0.0573893 0.051697 0.045761 0.0397338 0.0337286 0.0278477 0.0222094 0.0169653 0.0122945 0.00836826 0.00529754
 0.00757316 0.0123625 0.0187178 0.0266127 0.0357988 0.0456579 0.055175 0.0631899 0.0688185 0.07173 0.0721031 0.0703847 0.0670748 0.0626269 0.0574198 0.0517504 0.0458351 0.039825 0.0338318 0.0279568 0.0223177 0.0170663 0.0123825 0.00843912 0.00534977
 0.00757233 0.012361 0.0187152 0.0266083 0.0357914 0.0456458 0.055156 0.0631616 0.0687794 0.0716801 0.072045 0.0703236 0.0670174 0.0625798 0.0573883 0.0517381 0.0458433 0.0398533 0.033878 0.0280164 0.0223849 0.0171345 0.0124452 0.00849165 0.00538959
 0.0075429 0.0123167 0.018655 0.0265339 0.0357066 0.045556 0.0550674 0.0630809 0.0687124 0.0716307 0.0720145 0.070311 0.0670206 0.0625969 0.0574186 0.0517811 0.0458989 0.0399208 0.0339552 0.0280997 0.0224695 0.0172147 0.0125157 0.00854864 0.00543166
 0.00752097 0.0122789 0.0185947 0.0264444 0.0355838 0.045402 0.0548933 0.0629056 0.0685581 0.0715162 0.0719505 0.0702985 0.0670533 0.0626648 0.0575109 0.0518888 0.0460155 0.0400415 0.0340763 0.0282178 0.0225802 0.0173135 0.0125988 0.00861349 0.00547823
 0.00750444 0.0122531 0.0185574 0.0263937 0.0355177 0.0453185 0.0547908 0.0627853 0.0684261 0.0713846 0.0718351 0.0702157 0.0670144 0.0626732 0.0575622 0.0519734 0.0461218 0.0401594 0.0341976 0.028336 0.0226901 0.0174107 0.0126797 0.00867616 0.00552298
 0.00751049 0.0122608 0.0185653 0.0263987 0.0355165 0.0453077 0.054768 0.0627491 0.0683754 0.0713191 0.0717568 0.0701302 0.066932 0.0626063 0.0575219 0.0519657 0.0461464 0.0402102 0.0342662 0.0284134 0.0227686 0.0174837 0.0127424 0.00872588 0.00555908
 0.00751547 0.0122702 0.0185815 0.0264244 0.0355528 0.0453531 0.0548167 0.0627918 0.068402 0.0713214 0.0717311 0.0700776 0.0668582 0.062521 0.0574369 0.0518934 0.0460964 0.0401875 0.0342697 0.0284378 0.0228059 0.0175261 0.0127832 0.00876049 0.00558536
 0.00749067 0.0122324 0.0185294 0.0263591 0.0354781 0.0452755 0.0547449 0.0627353 0.0683681 0.0713125 0.0717433 0.0701029 0.0668873 0.062547 0.0574575 0.0519107 0.0461158 0.0402146 0.034308 0.028487 0.0228621 0.0175831 0.012835 0.00880294 0.00561668
 0.00749067 0.0122324 0.0185294 0.0263591 0.0354781 0.0452755 0.0547449 0.0627353 0.0683681 0.0713125 0.0717433 0.0701029 0.0668873 0.062547 0.0574575 0.0519107 0.0461158 0.0402146 0.034308 0.028487 0.0228621 0.0175831 0.012835 0.00880294 0.00561668
 0.00713587 0.0116667 0.0177016 0.0252363 0.0340609 0.0436173 0.0529669 0.0610201 0.0669245 0.0703218 0.0713142 0.0702526 0.0675512 0.0636055 0.0587682 0.0533362 0.0475426 0.0415604 0.0355197 0.0295339 0.0237298 0.0182695 0.0133489 0.00916363 0.00585169
 0.00709499 0.0115626 0.0174753 0.0248096 0.033356 0.042588 0.0516293 0.0594649 0.0653054 0.0688253 0.0701233 0.0695128 0.0673443 0.0639356 0.059565 0.0544763 0.0488795 0.042954 0.0368561 0.0307333 0.024745 0.0190808 0.013959 0.00959246 0.00613116
 0.00730378 0.0119 0.0179745 0.0254869 0.0341913 0.0435032 0.0524786 0.0600567 0.065459 0.0684412 0.0692283 0.0682565 0.0659513 0.0626383 0.0585452 0.0538301 0.0486129 0.0430027 0.0371192 0.0311057 0.02514 0.0194398 0.0142507 0.00980778 0.00627619
 0.0073894 0.0120658 0.0182726 0.0259809 0.0349385 0.0445254 0.0537324 0.0614189 0.0667386 0.0694172 0.0697048 0.0681203 0.0652114 0.0614304 0.0570927 0.0523772 0.0473581 0.0420575 0.0365031 0.0307702 0.0250043 0.0194223 0.0142878 0.00985897 0.00632104
 0.00721917 0.0118072 0.0179205 0.0255511 0.0344739 0.0440998 0.0534462 0.0613788 0.0670193 0.0700191 0.0705314 0.0689945 0.0659305 0.0618364 0.0571278 0.0520985 0.0469053 0.041593 0.0361518 0.0305878 0.0249798 0.0195041 0.0144158 0.00998617 0.00642214
 0.00723731 0.0118152 0.0178934 0.0254546 0.0342761 0.0437901 0.0530518 0.0609695 0.0666945 0.06988 0.0706466 0.0693687 0.0664915 0.0624492 0.057639 0.0523936 0.0469514 0.0414435 0.0359127 0.0303652 0.0248395 0.0194599 0.0144431 0.0100475 0.00648618
 0.00710172 0.0116066 0.0176007 0.025073 0.0338054 0.0432328 0.0524168 0.0602812 0.0660034 0.0692671 0.0702133 0.0692125 0.0666697 0.0629498 0.0583735 0.0532213 0.0477285 0.0420721 0.0363659 0.0306761 0.0250657 0.0196481 0.014613 0.0101967 0.0066052
 0.00699251 0.0114187 0.0173 0.0246247 0.0331855 0.0424442 0.0515012 0.0593162 0.0650835 0.0684799 0.0696271 0.0688776 0.0666249 0.0632185 0.0589466 0.0540415 0.0486913 0.0430526 0.0372569 0.031417 0.0256461 0.0200895 0.0149446 0.0104413 0.00677799
 0.00699824 0.0114193 0.0172836 0.0245712 0.0330674 0.0422306 0.0511647 0.0588432 0.0644851 0.0677978 0.0689301 0.068249 0.0661456 0.0629537 0.0589366 0.054294 0.0491739 0.0436938 0.0379617 0.0320935 0.0262302 0.0205539 0.0152914 0.0106875 0.00694416
 0.00698192 0.0114002 0.0172677 0.0245667 0.0330794 0.0422536 0.0511775 0.0588101 0.0643645 0.0675573 0.0685618 0.0677782 0.0656303 0.0624732 0.0585734 0.0541136 0.0492087 0.0439338 0.0383567 0.0325683 0.0267074 0.0209745 0.015625 0.0109296 0.00710652
 0.00699789 0.0114289 0.0173162 0.0246435 0.033193 0.0424087 0.0513705 0.0590242 0.0645678 0.0677047 0.0686034 0.0676741 0.0653672 0.0620755 0.0581029 0.0536548 0.0488455 0.0437247 0.0383193 0.032678 0.0269105 0.0212101 0.015844 0.0111045 0.00723006
 0.00705214 0.011519 0.0174551 0.0248438 0.0334633 0.0427488 0.0517664 0.059447 0.0649775 0.0680563 0.0688524 0.0677808 0.0653018 0.0618269 0.0576881 0.0531239 0.0482747 0.0431983 0.0379056 0.0324107 0.0267841 0.0211896 0.0158837 0.0111646 0.00728561
 0.0070943 0.0115938 0.017579 0.0250359 0.0337403 0.0431181 0.0522186 0.0599537 0.0654951 0.0685343 0.069242 0.0680397 0.0653981 0.0617412 0.0574184 0.0526904 0.0477233 0.0425968 0.0373299 0.0319256 0.0264259 0.0209609 0.0157608 0.0111124 0.00727169
 0.00711758 0.0116339 0.017644 0.0251359 0.0338871 0.0433227 0.0524885 0.0602887 0.0658836 0.0689519 0.0696519 0.0683978 0.0656594 0.061868 0.0573859 0.0524924 0.0473763 0.0421411 0.036825 0.031437 0.026009 0.0206469 0.0155526 0.0109917 0.00721126
