SBPRF35
7.78865
Curr Bio
449367
B35
648097
F35
0.211687
FOFL
0.135577
OFL
46329.5
Bzero
2.22533e+006
#pred survey bio
 3.79108e+006 3.46212e+006 3.131e+006 2.76864e+006 2.44168e+006 2.146e+006 1.86159e+006 1.61257e+006 1.42496e+006 1.25096e+006 1.10718e+006 979474 864140 782474 737155 698871 671301 647020 634111 615336 606977 601209 595391 597258 599364 594300 581478 578331 570344 569553 550438 544810 521698 521659 522253 533010 542869 560823 574706 586654 589260 592027 597801 608282 597301 591773 582642 528318 518744 501279 454121 1.50875e+007 8.98915e+006 9.31431e+006 1.02602e+007 1.15242e+007 1.2821e+007 1.39825e+007 1.49406e+007 1.56897e+007 1.62547e+007 1.66706e+007 1.69721e+007 1.71887e+007 1.73437e+007 1.74545e+007 1.75339e+007 1.7591e+007 1.76324e+007 1.76625e+007 1.76845e+007 1.77008e+007 1.77129e+007 1.7722e+007 1.77288e+007 1.77339e+007 1.77378e+007 1.77407e+007 1.7743e+007 1.77447e+007 1.7746e+007 1.7747e+007 1.77478e+007 1.77484e+007 1.77488e+007 1.77492e+007 1.77495e+007 1.77497e+007 1.77498e+007 1.775e+007 1.77501e+007 1.77501e+007 1.77502e+007 1.77502e+007 1.77503e+007 1.77503e+007 1.77503e+007 1.77503e+007 1.77503e+007 1.77504e+007 1.77504e+007 1.77504e+007 1.77504e+007 1.77504e+007 1.77504e+007 1.77504e+007 1.77504e+007 1.77504e+007 1.77504e+007 1.77504e+007 1.77504e+007 1.77504e+007 1.77504e+007 1.77504e+007 1.77504e+007 1.77504e+007 1.77504e+007 1.77504e+007 1.77504e+007 1.77504e+007 1.77504e+007 1.77504e+007 1.77504e+007 1.77504e+007 1.77504e+007 1.77504e+007 1.77504e+007 1.77504e+007 1.77504e+007 1.77504e+007 1.77504e+007 1.77504e+007 1.77504e+007 1.77504e+007 1.77504e+007 1.77504e+007 1.77504e+007 1.77504e+007 1.77504e+007 1.77504e+007 1.77504e+007 1.77504e+007 1.77504e+007 1.77504e+007 1.77504e+007 1.77504e+007 1.77504e+007 1.77504e+007 1.77504e+007 1.77504e+007 1.77504e+007 0 0 0 0 0 0 0 0 0 0 0 0 0 0 0 0 0 0 0 0 0 0 0 0 0
#obs survey bio
 2.60336e+006 2.83123e+006 3.83684e+006 2.41528e+006 1.83678e+006 1.489e+006 1.27987e+006 1.63064e+006 1.06609e+006 1.16805e+006 897915 869979 789057 539110 555850 650687 735322 409018 535182 523868 604600 509089 395986 482017 519863 416644 614479 419536 561346 393074 447853 706485 377819 511790 442925 469080 452160 747354 492176 671028 494777 605078 486279 624186 681289 566920 559764 485152 818313 674682 486677
#pred catch bio
 221602 246504 302504 300209 300046 314454 302103 261397 258556 237808 227116 216911 186271 153170 144558 132295 126735 115209 118215 107690 104417 103523 96484.2 95450.2 99792.6 104068 93525.5 94768.2 85783.9 97871.3 83204.6 97275 81349.5 86743.4 82935.6 86769.9 81752.6 85870.2 87338.5 94275.1 93037.1 89766.4 85352.4 102075 95316 96305.4 130700 89516.1 93945.2 114073 87739.7 46329.5 69110.8 70145.2 75998.9 85129.2 94764.9 103333 110259 115521 119349 122045 123899 125149 125981 126528 126884 127115 127263 127358 127418 127457 127481 127496 127506 127512 127516 127519 127520 127521 127522 127522 127522 127522 127522 127522 127523 127523 127523 127523 127523 127523 127523 127523 127523 127523 127523 127523 127523 127523 127523 127523 127523 127523 127523 127523 127523 127523 127523 127523 127523 127523 127523 127523 127523 127523 127523 127523 127523 127523 127523 127523 127523 127523 127523 127523 127523 127523 127523 127523 127523 127523 127523 127523 127523 127523 127523 127523 127523 127523 127523 127523 127523 127523 127523 127523 127523 127523 127523 127523 127523 0 0 0 0 0 0 0 0 0 0 0 0 0 0 0 0 0 0 0 0 0 0 0 0 0
#obs catch bio
 249453 246937 304157 302573 303695 320572 310122 267206 264976 242937 232087 223531 191755 157208 148162 134746 128685 117439 120643 109445 106242 105322 98238.3 97219.1 101310 105796 95107.4 96455.6 86390.9 99489.2 83834.6 98471.8 82071.3 87613.6 83834.9 87941.6 82851.2 86641.7 88055.9 94864.1 93430.9 90341.4 85480.1 102493 95441.8 96114.6 131884 89389.5 93460.8 114160 87611.1
#pred cpue bio
 3.72611e+006 3.40081e+006 3.07308e+006 2.71278e+006 2.38727e+006 2.09322e+006 1.81097e+006 1.56441e+006 1.37891e+006 1.20722e+006 1.06541e+006 939557 826372 746685 702799 666018 639673 616299 603848 585824 577870 572412 566857 568774 571190 566702 554522 551899 544810 544630 526593 521549 498418 496556 495667 505610 515212 532897 546751 558682 561521 564392 570187 580610 570226 565166 556612 503985 494776 478266 433152 1.44076e+007 8.59215e+006 8.76838e+006 9.54875e+006 1.07548e+007 1.20379e+007 1.31967e+007 1.41544e+007 1.49034e+007 1.54683e+007 1.58843e+007 1.61858e+007 1.64024e+007 1.65574e+007 1.66682e+007 1.67476e+007 1.68047e+007 1.6846e+007 1.68761e+007 1.68982e+007 1.69145e+007 1.69266e+007 1.69356e+007 1.69424e+007 1.69476e+007 1.69514e+007 1.69544e+007 1.69566e+007 1.69583e+007 1.69597e+007 1.69607e+007 1.69614e+007 1.6962e+007 1.69625e+007 1.69628e+007 1.69631e+007 1.69633e+007 1.69635e+007 1.69636e+007 1.69637e+007 1.69638e+007 1.69639e+007 1.69639e+007 1.69639e+007 1.6964e+007 1.6964e+007 1.6964e+007 1.6964e+007 1.6964e+007 1.6964e+007 1.6964e+007 1.6964e+007 1.6964e+007 1.6964e+007 1.6964e+007 1.6964e+007 1.6964e+007 1.69641e+007 1.69641e+007 1.69641e+007 1.69641e+007 1.69641e+007 1.69641e+007 1.69641e+007 1.69641e+007 1.69641e+007 1.69641e+007 1.69641e+007 1.69641e+007 1.69641e+007 1.69641e+007 1.69641e+007 1.69641e+007 1.69641e+007 1.69641e+007 1.69641e+007 1.69641e+007 1.69641e+007 1.69641e+007 1.69641e+007 1.69641e+007 1.69641e+007 1.69641e+007 1.69641e+007 1.69641e+007 1.69641e+007 1.69641e+007 1.69641e+007 1.69641e+007 1.69641e+007 1.69641e+007 1.69641e+007 1.69641e+007 1.69641e+007 1.69641e+007 1.69641e+007 1.69641e+007 1.69641e+007 1.69641e+007 1.69641e+007 0 0 0 0 0 0 0 0 0 0 0 0 0 0 0 0 0 0 0 0 0 0 0 0 0
#obs cpue bio
 3.30814e+006 3.42388e+006 2.18092e+006 1.80197e+006 1.85192e+006 1.70714e+006 1.29171e+006 1.28576e+006 1.46142e+006 1.14455e+006 1.03339e+006 512432 566320 646409 747697 704362 572677 472366 592773 576646 406281 544873 517922 509022 725215 659806 304845 648404 800248 485970 660694 401762 483916 512641 394708 445723 407383 553904 559642 590033 692149 416968 836255 616792 494332 663793 461045 580597 489218 326176 364782
#pred surv len freq
 0.00565636 0.00916431 0.0137517 0.0193725 0.025858 0.0328303 0.0396746 0.0456874 0.0503425 0.0534696 0.0552248 0.0559264 0.0559043 0.0554236 0.0546621 0.0537103 0.052588 0.0512611 0.0496397 0.0475476 0.0447015 0.0407688 0.0355403 0.0291459 0.0221482
 0.00599517 0.00961254 0.0142433 0.0198002 0.0261254 0.0329219 0.0396955 0.0458318 0.0507958 0.0543004 0.0563351 0.0570904 0.0568669 0.0560006 0.0547945 0.0534596 0.0520848 0.0506367 0.0489698 0.046834 0.0438999 0.0398454 0.0345192 0.0281161 0.0212253
 0.00640885 0.0102757 0.0152163 0.0211126 0.0277486 0.0347418 0.0415102 0.0474014 0.0519373 0.0549729 0.056647 0.0572133 0.0569168 0.0559723 0.0545879 0.0529644 0.0512558 0.0495125 0.0476383 0.0453822 0.0423883 0.0383187 0.0330354 0.0267583 0.0200829
 0.00679962 0.0109104 0.0161706 0.0224567 0.0295322 0.0369676 0.0441006 0.0501769 0.0546283 0.0572747 0.0583038 0.0580963 0.0570524 0.0554991 0.0536681 0.0517089 0.0497079 0.0476861 0.0455654 0.0431335 0.0400658 0.0360399 0.0309216 0.0249229 0.0186107
 0.00715412 0.0114777 0.0170088 0.0236172 0.0310544 0.0388687 0.0463596 0.0527195 0.0573203 0.0599251 0.0606799 0.059956 0.0581951 0.0558194 0.0531802 0.0505236 0.0479752 0.0455436 0.0431231 0.0404925 0.0373433 0.0333791 0.0284782 0.0228359 0.0169696
 0.00746243 0.0119771 0.0177572 0.0246676 0.0324457 0.0406116 0.048422 0.0550221 0.0597472 0.062342 0.0629451 0.0619193 0.0596968 0.0567036 0.0533275 0.0498863 0.0465934 0.0435305 0.0406328 0.0376947 0.034416 0.0305087 0.0258499 0.0206065 0.015234
 0.00774156 0.012435 0.0184543 0.0256627 0.0337856 0.0423126 0.0504516 0.0572916 0.0621244 0.0646768 0.0650939 0.0637578 0.0611189 0.0576137 0.0536371 0.0495228 0.0455215 0.0417755 0.038291 0.034927 0.03143 0.027535 0.0231131 0.0182882 0.0134384
 0.00805447 0.012928 0.0191679 0.0266269 0.0350179 0.0438145 0.0522003 0.0592322 0.0641693 0.0667139 0.067 0.0654133 0.0624184 0.0584719 0.0539863 0.0493087 0.0447052 0.0403466 0.03629 0.032463 0.0286822 0.024733 0.020496 0.0160548 0.0117052
 0.00832349 0.0133519 0.0197806 0.0274511 0.0360613 0.0450656 0.0536232 0.0607673 0.0657426 0.0682504 0.0684327 0.0666814 0.0634617 0.0592259 0.0543841 0.049286 0.0442074 0.0393402 0.0347796 0.0305113 0.0264224 0.0223597 0.0182302 0.0140921 0.0101678
 0.00865646 0.013877 0.0205401 0.0284713 0.0373466 0.0465891 0.0553184 0.0625286 0.0674421 0.0697665 0.0696746 0.0675999 0.0640429 0.0594756 0.0543101 0.0488853 0.0434635 0.038232 0.0333007 0.0286945 0.0243598 0.0202034 0.0161674 0.0122976 0.00875662
 0.00898977 0.0144005 0.0212934 0.0294783 0.0386102 0.048085 0.0569865 0.0642709 0.0691332 0.071276 0.0708913 0.068448 0.064489 0.0595252 0.0539953 0.0482473 0.0425362 0.0370352 0.0318479 0.0270138 0.0225158 0.0183084 0.0143663 0.0107325 0.00752394
 0.00916587 0.0147093 0.0217984 0.0302495 0.0397044 0.0495166 0.0587023 0.0661468 0.0709997 0.0729592 0.0722486 0.0693856 0.0649634 0.0595377 0.0535822 0.0474675 0.0414563 0.0357162 0.030341 0.0253675 0.0207926 0.0165959 0.0127735 0.00936548 0.00645439
 0.00931758 0.0149575 0.0221764 0.030793 0.0404492 0.0504911 0.0599145 0.0675687 0.0725573 0.0745329 0.0736887 0.0705415 0.0657161 0.0598232 0.0533966 0.0468561 0.0404936 0.0344867 0.0289259 0.0238426 0.0192333 0.0150843 0.011397 0.00820241 0.00555388
 0.0094354 0.0151355 0.0224201 0.0311013 0.0408192 0.0509246 0.0604215 0.068166 0.0732596 0.0753405 0.0745741 0.0714414 0.0665357 0.0604543 0.0537447 0.0468643 0.0401536 0.0338342 0.0280266 0.0227772 0.0180883 0.0139475 0.0103513 0.00731604 0.00486705
 0.00940865 0.0150948 0.0223641 0.0310312 0.040739 0.0508424 0.060352 0.0681329 0.0732973 0.0754902 0.0748739 0.0719099 0.0671559 0.0611651 0.0544483 0.047449 0.0405231 0.033932 0.0278462 0.0223576 0.0175004 0.0132776 0.00968559 0.00672565 0.00439702
 0.00945193 0.0151522 0.0224268 0.0310832 0.0407621 0.0508239 0.0602908 0.0680414 0.0731986 0.0754138 0.074852 0.0719742 0.0673304 0.0614563 0.054834 0.0478741 0.0409092 0.0341986 0.0279351 0.0222505 0.0172222 0.012886 0.00925278 0.00631836 0.00406143
 0.0095834 0.0153375 0.0226524 0.0313176 0.040963 0.0509511 0.0603182 0.0679631 0.073029 0.0751845 0.074606 0.0717588 0.0671889 0.0614191 0.0549116 0.0480519 0.0411464 0.0344348 0.0281063 0.0223089 0.0171519 0.0127065 0.009009 0.00606294 0.00383719
 0.00967638 0.0154884 0.0228775 0.0316269 0.041353 0.0513955 0.0607633 0.0683355 0.0732567 0.0752228 0.0744546 0.0714598 0.066811 0.0610362 0.0545847 0.0478178 0.0410124 0.0343797 0.028089 0.022283 0.0170827 0.0125831 0.00884501 0.0058869 0.00367813
 0.00961646 0.0154049 0.022778 0.0315293 0.0412823 0.0513775 0.0608173 0.0684662 0.0734487 0.0754404 0.0746498 0.0715886 0.0668507 0.0609938 0.0544931 0.0477197 0.0409434 0.0343553 0.0281016 0.0223082 0.0170925 0.012559 0.00878533 0.00580478 0.00359289
 0.009712 0.0155376 0.0229368 0.0316909 0.0414202 0.0514747 0.060875 0.0685032 0.0734904 0.0755038 0.0747332 0.0716708 0.0668995 0.0609813 0.0544087 0.047576 0.0407701 0.0341859 0.0279594 0.0221995 0.0170088 0.0124864 0.00871417 0.00573392 0.00352765
 0.00971253 0.0155424 0.0229502 0.0317172 0.0414593 0.0515184 0.0609063 0.0685026 0.0734479 0.0754287 0.0746533 0.0716193 0.0668976 0.0610269 0.0544793 0.0476428 0.0408127 0.0341999 0.0279528 0.0221833 0.0169898 0.0124653 0.00868914 0.0057048 0.0034974
 0.00974427 0.0155834 0.0229926 0.0317483 0.0414665 0.0514951 0.0608564 0.068438 0.0733813 0.0753673 0.0745984 0.0715723 0.0668647 0.0610181 0.0545013 0.0476923 0.0408763 0.0342612 0.028 0.0222128 0.0170036 0.0124674 0.0086828 0.00569287 0.00348285
 0.00974576 0.0155913 0.0230139 0.0317909 0.0415349 0.0515854 0.0609531 0.068518 0.0734232 0.0753608 0.0745481 0.0714933 0.0667751 0.0609337 0.0544335 0.0476475 0.0408555 0.0342593 0.0280082 0.0222223 0.0170086 0.0124661 0.00867624 0.00568312 0.00347219
 0.00955866 0.0153181 0.0226608 0.0313852 0.0411192 0.0512064 0.0606517 0.0683225 0.0733458 0.0753966 0.0746774 0.0716885 0.0670095 0.0611868 0.0546921 0.0479029 0.041101 0.0344881 0.0282129 0.0223959 0.0171468 0.012568 0.00874504 0.00572513 0.00349491
 0.00947504 0.0151707 0.02242 0.0310212 0.0406155 0.0505774 0.0599546 0.0676517 0.0728068 0.0750714 0.0746002 0.0718428 0.0673432 0.0616345 0.0551927 0.0484097 0.0415823 0.0349247 0.0285935 0.0227143 0.0174006 0.0127589 0.0088792 0.00581228 0.00354673
 0.0094646 0.0151543 0.0223949 0.0309817 0.0405494 0.0504647 0.0597704 0.0673779 0.0724473 0.0746635 0.0742106 0.0715465 0.067196 0.0616544 0.0553593 0.0486785 0.0419029 0.0352544 0.0289021 0.0229837 0.0176216 0.0129292 0.0090017 0.00589378 0.00359642
 0.00934547 0.0149942 0.0222156 0.0308231 0.0404569 0.0504687 0.0598697 0.067536 0.0726044 0.0747588 0.0742047 0.0714368 0.0670174 0.061465 0.0552171 0.0486196 0.0419337 0.0353561 0.0290447 0.0231374 0.0177642 0.0130478 0.00909142 0.00595574 0.00363538
 0.00915166 0.0146878 0.0217733 0.0302363 0.0397413 0.0496748 0.0590866 0.0668767 0.0721735 0.0746128 0.0743324 0.0717696 0.0674641 0.0619485 0.0556944 0.04908 0.0423821 0.0357957 0.0294673 0.0235258 0.0180997 0.0133176 0.00929226 0.00609358 0.0037222
 0.00914058 0.0146496 0.0216785 0.0300448 0.0394131 0.049187 0.0584505 0.0661468 0.0714408 0.0739858 0.0739087 0.0716084 0.0675694 0.0622722 0.0561586 0.0496068 0.0429146 0.0363023 0.0299335 0.0239423 0.0184572 0.0136079 0.00951221 0.00624743 0.0038208
 0.00894975 0.0143708 0.0213159 0.0296192 0.038951 0.0487064 0.0579529 0.0656241 0.0708931 0.0734398 0.0734239 0.0712648 0.0674414 0.0624004 0.0565336 0.0501731 0.0435914 0.0370086 0.0306061 0.0245411 0.0189611 0.0140088 0.00981199 0.00645609 0.00395468
 0.00903306 0.0144788 0.0214288 0.0297041 0.0389739 0.0486483 0.0578197 0.0654403 0.070683 0.0732106 0.0731654 0.070968 0.0671207 0.0621011 0.0563173 0.0500903 0.0436592 0.0372063 0.0308879 0.0248547 0.0192627 0.0142696 0.0100178 0.00660511 0.00405333
 0.00973654 0.0154621 0.0226112 0.0309088 0.0399758 0.049253 0.0579299 0.0650757 0.0699548 0.0722724 0.0721662 0.070021 0.0662919 0.0614165 0.0557828 0.0497077 0.0434305 0.0371264 0.0309352 0.0249917 0.0194446 0.0144558 0.0101802 0.00673001 0.00413929
 0.0106919 0.0169418 0.0246917 0.033586 0.0431378 0.052657 0.0612002 0.0677565 0.0716278 0.072695 0.0713506 0.068207 0.0638398 0.0586877 0.0530626 0.0471855 0.0412146 0.0352689 0.0294494 0.0238612 0.0186293 0.0139003 0.00982367 0.00651521 0.00401845
 0.0106563 0.0169907 0.0249612 0.0342651 0.0444143 0.0546318 0.0638081 0.0707397 0.0745809 0.0751638 0.072948 0.0687099 0.0632374 0.0571671 0.0509357 0.0447924 0.0388438 0.0331191 0.0276298 0.0224104 0.017537 0.0131251 0.00930702 0.00619333 0.00383197
 0.0104011 0.0166221 0.0244991 0.0337755 0.0440143 0.0544835 0.0640949 0.0716173 0.0761062 0.0772304 0.0752721 0.0708911 0.0648788 0.0579979 0.0508839 0.0439802 0.0375205 0.0315696 0.0260988 0.021063 0.0164547 0.0123225 0.00875533 0.00584197 0.00362523
 0.0101862 0.0162774 0.0239917 0.0330857 0.0431505 0.053501 0.0631134 0.0708188 0.075703 0.0774055 0.0761093 0.0723247 0.066686 0.0598504 0.0524442 0.0450057 0.0379287 0.0314366 0.0256027 0.0204065 0.0158033 0.0117766 0.0083522 0.00557472 0.00346488
 0.0100011 0.0159964 0.0236052 0.0325958 0.0425677 0.0528405 0.0623977 0.0700881 0.0750288 0.0768951 0.0758927 0.072518 0.0673413 0.0609133 0.0537476 0.0463112 0.0390045 0.0321342 0.025895 0.0203725 0.0155758 0.0114847 0.00808512 0.00537363 0.00333423
 0.0098261 0.0157142 0.0231863 0.0320181 0.0418253 0.0519547 0.0614247 0.0691154 0.074157 0.0762162 0.0754783 0.0724209 0.0675987 0.0615371 0.0547016 0.0474926 0.0402518 0.0332686 0.0267773 0.0209446 0.0158645 0.0115713 0.00806251 0.00531398 0.00327799
 0.00972771 0.0155576 0.0229561 0.031701 0.0414108 0.051438 0.0608121 0.0684305 0.0734447 0.0755399 0.0749116 0.0720352 0.067452 0.061666 0.0551144 0.0481609 0.0411032 0.0341915 0.0276449 0.0216517 0.016359 0.0118611 0.00819724 0.00535554 0.00327721
 0.00960568 0.0153729 0.0227035 0.0313841 0.0410397 0.0510256 0.0603715 0.0679753 0.0729895 0.0751028 0.0745167 0.0717148 0.0672462 0.0616168 0.0552556 0.0485058 0.0416337 0.0348536 0.0283551 0.0223177 0.016906 0.0122528 0.00843942 0.00548278 0.00333226
 0.00963139 0.0154004 0.0227186 0.0313657 0.0409658 0.0508829 0.0601625 0.067717 0.0727056 0.0748132 0.0742328 0.0714434 0.066998 0.0614139 0.0551309 0.0484949 0.0417608 0.0351176 0.0287238 0.0227334 0.0173033 0.0125799 0.00867213 0.00562535 0.00340675
 0.00957353 0.0153219 0.0226286 0.0312797 0.0408988 0.0508391 0.0601296 0.0676704 0.072621 0.0746798 0.0740588 0.0712503 0.0668103 0.0612523 0.0550133 0.0484392 0.0417848 0.0352331 0.0289269 0.0229992 0.0175912 0.0128459 0.0088846 0.00577246 0.00349501
 0.00953022 0.0152455 0.0225036 0.0310914 0.0406407 0.050522 0.059786 0.0673487 0.0723675 0.0745209 0.0739927 0.0712552 0.0668598 0.0613283 0.0551092 0.0485579 0.0419339 0.0354199 0.0291532 0.0232567 0.0178593 0.0130976 0.00909505 0.00592823 0.0035966
 0.00935547 0.0149875 0.0221636 0.030686 0.0401958 0.0500636 0.0593357 0.0669263 0.0719985 0.0742387 0.0738323 0.0712398 0.0669898 0.0615798 0.0554437 0.0489362 0.0423266 0.0358102 0.0295326 0.0236185 0.0181935 0.0133906 0.00933372 0.0061058 0.00371569
 0.0093346 0.0149565 0.0221225 0.0306379 0.0401465 0.0500207 0.0593063 0.0669126 0.0719939 0.0742279 0.0737974 0.0711713 0.0668937 0.0614762 0.0553573 0.0488854 0.0423192 0.0358451 0.0296044 0.0237194 0.0183134 0.0135164 0.00945119 0.00620318 0.00378711
 0.00928959 0.0148822 0.0220093 0.0304774 0.0399353 0.0497653 0.0590262 0.06664 0.071766 0.0740752 0.0737341 0.0711917 0.0669775 0.0615987 0.0554991 0.0490371 0.042479 0.0360136 0.0297802 0.0238977 0.0184867 0.0136756 0.00958761 0.00631074 0.00386418
 0.0091991 0.0147529 0.0218471 0.030298 0.039758 0.0496044 0.0588859 0.0665155 0.0716517 0.0739727 0.0736546 0.0711512 0.0669882 0.0616624 0.0556067 0.0491737 0.0426307 0.0361712 0.0299386 0.0240536 0.0186356 0.0138113 0.00970376 0.00640264 0.00393057
 0.00949863 0.0152213 0.0225161 0.0311811 0.0408437 0.0508479 0.0602011 0.0677761 0.0727091 0.0746884 0.0739344 0.0709674 0.0663835 0.0607354 0.0544847 0.0479838 0.0414777 0.0351285 0.0290494 0.0233361 0.018089 0.0134204 0.0094434 0.00624246 0.00384032
 0.00924586 0.0148509 0.0220356 0.0306277 0.0402795 0.0503483 0.0598423 0.0676235 0.0728026 0.0750279 0.0744715 0.0716129 0.0670298 0.0612866 0.0548815 0.0482121 0.0415622 0.0351147 0.0289853 0.0232599 0.0180241 0.0133767 0.00942084 0.00623563 0.0038423
 0.00893221 0.014384 0.0214142 0.0298822 0.039468 0.049547 0.0591363 0.0670979 0.0725304 0.0750537 0.0747973 0.0721939 0.0677825 0.0621063 0.0556649 0.0488788 0.0420692 0.0354589 0.0291936 0.023373 0.0180814 0.013407 0.00944048 0.00625141 0.00385559
 0.00881252 0.0142161 0.0212111 0.0296737 0.0392929 0.0494412 0.0591214 0.0671772 0.0726913 0.0752737 0.0750508 0.0724576 0.0680375 0.0623364 0.0558532 0.049007 0.0421215 0.0354298 0.0290935 0.0232267 0.0179201 0.0132588 0.00932262 0.006169 0.00380457
#obs surv len freq
 0.00497345 0.00814538 0.0123876 0.017713 0.0239948 0.0308677 0.0377063 0.0437881 0.0485629 0.0518301 0.0537081 0.0544826 0.0544734 0.0539776 0.0532553 0.0525194 0.0519142 0.0514739 0.0510599 0.050303 0.0486211 0.0453836 0.0402136 0.0332801 0.025365
 0.00518401 0.00849144 0.0129154 0.018468 0.025013 0.0321614 0.0392505 0.0455148 0.0503712 0.0536045 0.0553365 0.0558648 0.0555238 0.0546247 0.0534426 0.0522097 0.0510958 0.0501683 0.0493278 0.0482477 0.0463858 0.0431399 0.0381375 0.0315181 0.0240027
 0.0054032 0.00885138 0.013464 0.0192529 0.0260728 0.0335122 0.0408708 0.0473396 0.0522996 0.0555178 0.0571161 0.0574037 0.0567306 0.0554241 0.0537739 0.0520259 0.0503672 0.0488916 0.0475401 0.0460401 0.0439093 0.0405946 0.0357411 0.0294596 0.022398
 0.00565184 0.00925622 0.0140746 0.020116 0.0272243 0.0349634 0.0425946 0.0492646 0.0543199 0.0575122 0.0589663 0.0590046 0.0579938 0.0562765 0.0541558 0.0518886 0.0496742 0.0476258 0.0457198 0.0437395 0.0412738 0.0378359 0.0331043 0.0271677 0.0205957
 0.00589082 0.00965064 0.0146791 0.0209848 0.0284004 0.0364613 0.044383 0.0512619 0.0564069 0.0595568 0.0608454 0.0606157 0.0592557 0.0571255 0.0545405 0.0517659 0.0490074 0.0463915 0.0439234 0.0414395 0.0386026 0.0350023 0.0303629 0.02476 0.0186861
 0.00612719 0.010037 0.0152648 0.021818 0.02952 0.0378834 0.0460859 0.0531788 0.0584327 0.0615662 0.0627125 0.0622284 0.0605234 0.0579807 0.0549352 0.0516642 0.0483804 0.0452187 0.0422064 0.0392253 0.0360091 0.0322254 0.0276515 0.0223581 0.0167668
 0.00638122 0.010451 0.0158895 0.0227011 0.0306962 0.0393602 0.0478289 0.0551075 0.060433 0.0635126 0.0644884 0.0637358 0.0616847 0.0587372 0.0552439 0.0514946 0.0477104 0.044035 0.0405135 0.0370669 0.0334918 0.0295299 0.0250125 0.0200111 0.014883
 0.00661507 0.0108369 0.0164809 0.0235505 0.0318445 0.0408189 0.049563 0.0570304 0.0624202 0.0654274 0.0662063 0.0651582 0.0627415 0.059383 0.0554516 0.0512474 0.0469975 0.0428508 0.0388675 0.0350013 0.0311041 0.0269842 0.0225231 0.0177951 0.0131006
 0.00683699 0.011202 0.0170384 0.0243492 0.0329232 0.0421913 0.0512016 0.0588599 0.0643265 0.0672782 0.0678731 0.0665325 0.0637435 0.0599638 0.0555887 0.0509371 0.0462451 0.0416669 0.0372722 0.0330404 0.0288688 0.0246219 0.0202246 0.0157541 0.01146
 0.00708445 0.0116038 0.0176421 0.0251979 0.0340471 0.0435938 0.0528454 0.0606622 0.0661708 0.0690359 0.0694245 0.0677797 0.0646153 0.0604161 0.055603 0.0505155 0.0454035 0.04043 0.0356745 0.0311361 0.0267472 0.0224168 0.0181039 0.0138853 0.00996505
 0.00724075 0.0118707 0.0180671 0.0258329 0.0349362 0.0447552 0.0542542 0.0622454 0.0678195 0.0706291 0.07085 0.0689458 0.0654544 0.0608839 0.0556766 0.05019 0.0446895 0.0393507 0.034267 0.0294576 0.0248846 0.0204915 0.0162621 0.0122692 0.00867623
 0.00746053 0.0122191 0.0185753 0.0265255 0.0358286 0.0458484 0.0555272 0.0636484 0.0692751 0.0720403 0.0721146 0.069971 0.0661685 0.061243 0.0556634 0.0498087 0.0439586 0.0382991 0.032935 0.0279027 0.0231887 0.0187641 0.0146296 0.0108508 0.00755367
 0.00754111 0.0123617 0.0188112 0.0268901 0.0363529 0.0465464 0.0563845 0.0646222 0.070305 0.0730637 0.0730756 0.0708193 0.0668551 0.0617184 0.055883 0.0497408 0.0435897 0.0376356 0.0320037 0.0267523 0.0218926 0.0174188 0.0133448 0.0097284 0.00666291
 0.00762974 0.0124942 0.0189904 0.0271142 0.036621 0.0468641 0.0567659 0.0650839 0.0708546 0.0736897 0.0737452 0.0714843 0.0674622 0.0622166 0.0562268 0.0498901 0.0435133 0.0373163 0.0314448 0.025983 0.0209699 0.0164244 0.0123733 0.00886785 0.00597439
 0.00769178 0.0125937 0.0191367 0.0273136 0.0368731 0.0471593 0.0570851 0.065404 0.0711587 0.0739765 0.0740278 0.0717794 0.0677743 0.0625295 0.0565045 0.0500861 0.0435806 0.0372175 0.03116 0.0255172 0.0203573 0.015726 0.0116661 0.00822707 0.00545417
 0.00774662 0.0126767 0.0192505 0.027457 0.0370424 0.0473496 0.0572905 0.0656167 0.0713684 0.0741721 0.0742021 0.0719331 0.0679161 0.0626697 0.0566451 0.0502128 0.0436629 0.0372169 0.0310425 0.0252661 0.0199825 0.0152648 0.0111753 0.00776729 0.00507242
 0.00777481 0.0127187 0.0193066 0.0275247 0.0371172 0.0474262 0.0573644 0.0656853 0.0714323 0.0742352 0.0742703 0.0720118 0.0680087 0.0627768 0.0567641 0.050336 0.0437742 0.037291 0.0310499 0.025183 0.019802 0.0150034 0.0108699 0.00746349 0.00480982
 0.00783812 0.0128116 0.0194277 0.0276658 0.0372653 0.0475668 0.0574844 0.0657751 0.0714867 0.0742545 0.0742607 0.0719846 0.0679773 0.0627532 0.0567559 0.0503444 0.0437929 0.0373058 0.0310406 0.0251292 0.0196909 0.0148376 0.0106686 0.00725636 0.00462569
 0.00786081 0.0128475 0.0194795 0.0277343 0.0373481 0.0476571 0.0575708 0.0658434 0.0715249 0.0742579 0.0742338 0.0719399 0.06793 0.0627169 0.0567392 0.0503499 0.0438167 0.0373377 0.0310654 0.0251299 0.0196544 0.0147602 0.0105591 0.00713315 0.00450949
 0.00787128 0.0128607 0.0194923 0.0277421 0.0373463 0.0476439 0.0575485 0.0658178 0.0715022 0.0742413 0.0742236 0.0719344 0.0679289 0.0627228 0.0567563 0.0503815 0.0438628 0.037393 0.0311199 0.0251705 0.0196693 0.0147435 0.0105138 0.00707008 0.00444316
 0.00788516 0.012882 0.0195218 0.0277789 0.0373876 0.0476843 0.0575807 0.0658345 0.0714987 0.0742183 0.0741867 0.0718922 0.0678893 0.062691 0.0567353 0.050373 0.0438674 0.0374093 0.0311429 0.0251924 0.019681 0.0147386 0.0104911 0.00703457 0.00440328
 0.00789605 0.0128953 0.0195339 0.027784 0.0373796 0.0476597 0.0575408 0.0657846 0.0714464 0.0741702 0.0741473 0.0718639 0.067874 0.0626899 0.0567488 0.0504003 0.0439061 0.0374559 0.0311926 0.0252392 0.0197183 0.0147612 0.0104974 0.00702702 0.00438759
 0.00789938 0.0128973 0.0195305 0.0277691 0.0373464 0.0476029 0.057459 0.0656823 0.0713338 0.0740612 0.074057 0.0718045 0.067852 0.0627055 0.0567967 0.0504724 0.0439937 0.0375505 0.0312866 0.0253254 0.0197907 0.0148154 0.0105319 0.00704401 0.00439182
 0.00789971 0.0128953 0.0195224 0.0277498 0.03731 0.0475447 0.0573773 0.0655795 0.0712166 0.0739403 0.0739454 0.0717161 0.0677986 0.0626943 0.0568285 0.0505418 0.0440905 0.0376629 0.0314028 0.025435 0.0198856 0.0148905 0.0105854 0.0070774 0.00440937
 0.00787213 0.0128514 0.0194584 0.0276627 0.0371986 0.0474105 0.0572255 0.0654194 0.0710604 0.0738016 0.0738363 0.0716465 0.0677749 0.0627192 0.0569008 0.0506556 0.044236 0.0378271 0.0315715 0.0255948 0.0200257 0.0150038 0.0106695 0.0071341 0.00444364
 0.00787278 0.0128497 0.0194505 0.0276435 0.0371624 0.0473535 0.057147 0.065323 0.0709526 0.0736906 0.073731 0.0715555 0.0677066 0.062681 0.056898 0.0506902 0.0443059 0.0379255 0.0316878 0.0257165 0.0201407 0.0151025 0.0107465 0.00718843 0.00447815
 0.00786344 0.0128331 0.019423 0.0276005 0.0370999 0.0472689 0.0570416 0.0652019 0.070825 0.0735675 0.0736239 0.071474 0.0676573 0.0626672 0.0569202 0.0507468 0.0443931 0.0380373 0.0318157 0.0258498 0.0202678 0.0152137 0.0108352 0.00725282 0.00452042
 0.00782892 0.0127779 0.0193419 0.0274896 0.0369576 0.0470979 0.05685 0.0650035 0.0706373 0.0734083 0.0735074 0.0714092 0.0676478 0.062711 0.0570113 0.0508765 0.0445514 0.0382138 0.0319996 0.02603 0.0204338 0.0153561 0.0109483 0.00733533 0.00457524
 0.0077901 0.0127138 0.0192437 0.0273492 0.03677 0.0468647 0.0565828 0.0647239 0.0703729 0.0731865 0.0733497 0.0713281 0.0676464 0.0627849 0.0571498 0.0510653 0.0447745 0.0384549 0.0322434 0.0262625 0.020643 0.0155329 0.0110876 0.00743667 0.0046428
 0.00777988 0.0126929 0.0192043 0.0272812 0.0366632 0.0467124 0.0563856 0.0644916 0.0701239 0.0729444 0.0731395 0.0711724 0.0675611 0.0627773 0.0572182 0.0511999 0.0449601 0.0386733 0.0324758 0.0264913 0.020853 0.0157128 0.0112307 0.00754171 0.00471346
 0.0077295 0.0126123 0.0190854 0.0271175 0.0364512 0.0464536 0.0560888 0.0641743 0.0698102 0.0726615 0.0729133 0.0710237 0.0675038 0.0628163 0.0573493 0.0514105 0.0452311 0.0389816 0.0327971 0.0268027 0.0211348 0.0159511 0.0114181 0.00767805 0.00480456
 0.00932519 0.0148452 0.0217786 0.0298833 0.038804 0.0479892 0.0566267 0.0637842 0.0687297 0.0711748 0.0712631 0.0693794 0.0659692 0.0614494 0.0561791 0.0504464 0.0444678 0.0384031 0.0323795 0.0265176 0.0209528 0.0158438 0.0113612 0.0076518 0.00479486
 0.0093114 0.0151166 0.0227047 0.0319218 0.0423008 0.0529094 0.0623831 0.0693336 0.072943 0.0732825 0.071109 0.0673618 0.0627669 0.0577323 0.0524427 0.0469849 0.0414223 0.0358223 0.0302628 0.0248388 0.0196703 0.0149063 0.0107104 0.00722667 0.0045358
 0.00897809 0.0145932 0.0219731 0.0310343 0.0414325 0.0523933 0.0626693 0.0708274 0.0757593 0.0770649 0.0750749 0.0705988 0.0646123 0.0580032 0.051404 0.0451343 0.0392577 0.0337069 0.028401 0.0233129 0.0184889 0.0140391 0.0101086 0.00683437 0.00429746
 0.00878919 0.0142804 0.0214926 0.0303451 0.0405133 0.0512727 0.0614655 0.0697749 0.0751901 0.0773163 0.0763364 0.0727685 0.0672657 0.0605302 0.0532556 0.0460318 0.0392477 0.0330605 0.027451 0.0223295 0.0176333 0.0133753 0.0096377 0.00652598 0.00411079
 0.00872209 0.0141613 0.0212942 0.0300341 0.0400563 0.0506467 0.0606733 0.0688605 0.0742528 0.0765177 0.0758866 0.0728727 0.0680351 0.0618949 0.0549452 0.0476619 0.0404748 0.0337129 0.0275616 0.0220696 0.0172074 0.0129426 0.00928441 0.0062768 0.00395438
 0.00869498 0.0141153 0.0212206 0.0299215 0.0398898 0.0504092 0.0603475 0.0684349 0.0737305 0.0759286 0.0752991 0.0723987 0.0678126 0.0620437 0.0555055 0.0485495 0.0414925 0.0346247 0.028191 0.022361 0.0172201 0.0127936 0.00908598 0.00610064 0.00382841
 0.00870247 0.0141244 0.0212283 0.0299223 0.0398761 0.0503715 0.0602751 0.0683158 0.0735521 0.0756814 0.0749844 0.0720392 0.0674613 0.0617823 0.0554231 0.0487038 0.0418727 0.0351415 0.0287092 0.0227592 0.0174392 0.0128477 0.00903463 0.00600951 0.00374272
 0.0086822 0.0140952 0.0211914 0.0298807 0.0398334 0.0503297 0.0602331 0.0682687 0.0734924 0.0756002 0.0748735 0.0718942 0.067288 0.0616027 0.0552782 0.0486451 0.0419403 0.0353396 0.0289956 0.0230597 0.0176822 0.0129945 0.00908862 0.00600169 0.00370898
 0.0086652 0.0140695 0.0211564 0.0298377 0.0397853 0.0502811 0.0601895 0.0682349 0.0734703 0.0755867 0.0748602 0.0718696 0.067242 0.0615326 0.0551935 0.0485692 0.0419044 0.0353697 0.0290966 0.0232099 0.0178413 0.0131238 0.00916783 0.00603325 0.00370941
 0.0086546 0.0140497 0.021122 0.0297826 0.0397053 0.0501767 0.0600684 0.0681119 0.0733633 0.0755109 0.0748232 0.0718693 0.0672679 0.0615701 0.0552304 0.0486011 0.0419373 0.0354169 0.0291701 0.0233107 0.0179566 0.0132324 0.00925142 0.00608457 0.0037328
 0.00867047 0.0140729 0.0211519 0.0298162 0.0397371 0.0501992 0.0600733 0.0680921 0.0733163 0.0754409 0.0747409 0.0717888 0.0672013 0.0615235 0.0552028 0.0485876 0.041934 0.035424 0.0291915 0.0233494 0.01801 0.0132916 0.00930482 0.00612379 0.00375582
 0.00863053 0.0140181 0.0210881 0.0297548 0.0396913 0.0501785 0.0600789 0.0681164 0.0733462 0.0754632 0.0747475 0.0717786 0.0671798 0.0614997 0.0551854 0.0485816 0.0419405 0.0354417 0.029219 0.0233856 0.0180531 0.0133374 0.0093474 0.00615779 0.00377877
 0.00863922 0.0140251 0.021086 0.0297339 0.0396444 0.0501065 0.0599942 0.0680402 0.0732991 0.0754555 0.0747741 0.0718235 0.0672246 0.0615322 0.0552026 0.0485881 0.0419437 0.0354478 0.0292316 0.0234057 0.0180794 0.013367 0.00937637 0.00618244 0.00379684
 0.00862913 0.0140119 0.0210717 0.0297211 0.0396341 0.050096 0.0599766 0.0680076 0.0732488 0.0753944 0.0747172 0.0717868 0.0672167 0.0615507 0.0552371 0.048627 0.0419795 0.0354789 0.0292596 0.0234331 0.0181074 0.0133949 0.0094023 0.0062042 0.00381308
 0.00863413 0.0140173 0.0210748 0.0297184 0.0396227 0.0500754 0.0599498 0.0679793 0.0732227 0.0753708 0.074694 0.0717629 0.0671949 0.0615368 0.055236 0.0486394 0.0420019 0.0355057 0.0292867 0.0234587 0.0181313 0.0134171 0.0094223 0.00622096 0.00382581
 0.00863413 0.0140173 0.0210748 0.0297184 0.0396227 0.0500754 0.0599498 0.0679793 0.0732227 0.0753708 0.074694 0.0717629 0.0671949 0.0615368 0.055236 0.0486394 0.0420019 0.0355057 0.0292867 0.0234587 0.0181313 0.0134171 0.0094223 0.00622096 0.00382581
 0.00893213 0.0144893 0.0217594 0.0306362 0.0407641 0.0513864 0.0613222 0.0692594 0.0742436 0.0759977 0.074859 0.0714745 0.0665242 0.0605921 0.0541375 0.0474983 0.0409068 0.0345173 0.028439 0.0227646 0.0175891 0.013015 0.00914099 0.00603694 0.00371414
 0.00877428 0.0142738 0.0215123 0.0304104 0.0406289 0.0514075 0.0615418 0.0696828 0.0748347 0.0766826 0.0755391 0.0720471 0.0669079 0.0607458 0.0540667 0.0472464 0.0405384 0.0340996 0.0280281 0.0223991 0.0172892 0.0127862 0.00897851 0.00592986 0.00364901
 0.0087505 0.014211 0.0213761 0.0301619 0.0402443 0.0509046 0.060996 0.0692169 0.0745783 0.0767218 0.0758817 0.0726222 0.067594 0.0614118 0.0546074 0.0476042 0.040706 0.034109 0.0279319 0.0222515 0.0171338 0.01265 0.00887376 0.0058575 0.00360376
 0.00897611 0.0145633 0.0218761 0.0308105 0.0410125 0.0517253 0.0617651 0.0698144 0.0749097 0.0767586 0.0756741 0.072271 0.0672003 0.0610354 0.0542564 0.0472524 0.0403231 0.0336833 0.0274776 0.0218011 0.016724 0.012309 0.00861429 0.00567707 0.00348926
#pred catch len freq
 0.00530263 0.00835971 0.0121298 0.0164863 0.0213339 0.02659 0.0321047 0.0376247 0.0428442 0.0474873 0.0513572 0.0543489 0.0564485 0.0577191 0.0582667 0.0582005 0.0576072 0.0565342 0.0549627 0.0527612 0.0496595 0.0453162 0.0395152 0.0324097 0.0246298
 0.0056755 0.00886907 0.0127231 0.0170695 0.0218176 0.0269512 0.0324222 0.0380519 0.0435252 0.0484644 0.0525285 0.0555018 0.0573471 0.0581951 0.0582721 0.0578053 0.0569504 0.0557547 0.0541395 0.0518941 0.0486994 0.0442268 0.0383254 0.0312201 0.02357
 0.00614899 0.0096033 0.0137561 0.0183982 0.0233835 0.0286325 0.0340443 0.0394314 0.0445417 0.0491184 0.0529324 0.0557976 0.0576043 0.0583635 0.0582204 0.0574095 0.0561668 0.0546325 0.05278 0.0503946 0.0471256 0.0426262 0.0367592 0.0297783 0.0223509
 0.0065945 0.0103033 0.0147662 0.0197576 0.025112 0.0307207 0.0364313 0.0419807 0.0470367 0.0512961 0.0545555 0.0567327 0.0578584 0.0580503 0.0574756 0.0563193 0.054755 0.052902 0.0507611 0.0481634 0.0447921 0.0403154 0.0345999 0.0278913 0.0208286
 0.00701837 0.0109618 0.0157025 0.0209979 0.0266702 0.0326019 0.038626 0.0444482 0.049684 0.0539628 0.0570164 0.0587288 0.0591579 0.058515 0.0570967 0.0551963 0.0530359 0.0507268 0.0482442 0.0454122 0.0419338 0.0375059 0.0320087 0.0256704 0.0190772
 0.00742479 0.0115956 0.0166075 0.0222003 0.0281796 0.0344121 0.0407109 0.0467563 0.0521367 0.0564554 0.0594165 0.0608731 0.0608561 0.059574 0.0573634 0.0546016 0.0516129 0.0485948 0.0455716 0.0423868 0.0387529 0.0343764 0.0291363 0.0232298 0.0171745
 0.00778696 0.0121658 0.0174321 0.0233134 0.0296014 0.0361449 0.0427309 0.0490046 0.0545191 0.0588519 0.0616943 0.0628972 0.0624942 0.0606963 0.0578469 0.0543446 0.0505619 0.0467697 0.0430764 0.0394005 0.0355077 0.0311304 0.0261402 0.0206867 0.015202
 0.00814132 0.0127116 0.018199 0.0243141 0.030837 0.0376119 0.0444194 0.0508897 0.0565488 0.0609413 0.0637294 0.0647474 0.0640286 0.061797 0.0584132 0.0542935 0.0498329 0.0453407 0.0409874 0.0367719 0.0325407 0.0280829 0.0232811 0.0182398 0.0132993
 0.00850761 0.0132724 0.0189788 0.0253147 0.0320415 0.0389914 0.0459368 0.0524991 0.0581971 0.0625709 0.0652793 0.0661509 0.0652103 0.0626736 0.0588989 0.0543079 0.049309 0.0442374 0.0393082 0.0345873 0.0300017 0.0254105 0.0207263 0.0160248 0.0115634
 0.00891655 0.0139005 0.0198559 0.026445 0.0334055 0.0405496 0.0476296 0.0542461 0.0599021 0.0641354 0.066619 0.0672061 0.0659465 0.0630735 0.0589498 0.0539903 0.0485941 0.043096 0.0377311 0.0326119 0.027733 0.0230221 0.0184314 0.0140228 0.00998611
 0.00935372 0.0145688 0.0207835 0.0276313 0.0348255 0.0421603 0.0493708 0.0560371 0.0616419 0.0657118 0.0679243 0.0681546 0.0664877 0.0631959 0.058673 0.0533483 0.0476175 0.0418034 0.0361367 0.0307475 0.0256734 0.0208958 0.0164046 0.0122581 0.00859446
 0.00963029 0.0150169 0.0214544 0.0285704 0.0360619 0.0436909 0.0511449 0.0579513 0.0635535 0.0674659 0.0693804 0.0692048 0.0670666 0.0632834 0.0582912 0.0525503 0.0464708 0.0403734 0.0344806 0.0289212 0.0237488 0.0189743 0.0146117 0.0107159 0.00738602
 0.00979893 0.0152855 0.0218505 0.0291214 0.0367968 0.0446387 0.0523249 0.0593561 0.0651311 0.0691107 0.0709427 0.0705198 0.0679912 0.0637276 0.0582292 0.0520134 0.0455282 0.0391116 0.0329875 0.027282 0.0220504 0.0173121 0.0130874 0.00942169 0.00638034
 0.00986797 0.0153896 0.0219932 0.0293046 0.0370258 0.044929 0.0527057 0.0598664 0.0658072 0.0699672 0.071954 0.0716099 0.0690407 0.0645972 0.0587942 0.0521936 0.045302 0.0385116 0.0320845 0.0261669 0.0208229 0.0160744 0.011937 0.00843939 0.00561524
 0.00984039 0.0153483 0.0219377 0.0292372 0.0369517 0.0448571 0.0526506 0.0598521 0.065869 0.0701492 0.0722985 0.0721391 0.0697375 0.0653948 0.0595834 0.0528482 0.0457123 0.0386126 0.031868 0.025677 0.0201406 0.0152987 0.011167 0.00775692 0.00507208
 0.00986283 0.0153752 0.0219608 0.0292431 0.0369266 0.0447926 0.0525496 0.05973 0.0657517 0.070069 0.0722905 0.0722376 0.0699683 0.0657631 0.0600613 0.0533704 0.0461871 0.0389462 0.0319929 0.0255719 0.0198343 0.0148581 0.0106758 0.00729261 0.00468852
 0.010004 0.0155742 0.0222033 0.0294954 0.0371435 0.0449314 0.0525828 0.0596513 0.0655762 0.0698296 0.0720322 0.0720106 0.0698194 0.0657267 0.0601509 0.0535712 0.0464542 0.0392118 0.032184 0.0256339 0.0197489 0.0146477 0.0103921 0.00699622 0.00442868
 0.0100709 0.0156827 0.0223649 0.0297173 0.0374225 0.045248 0.0528971 0.0599089 0.0657236 0.0698333 0.0718924 0.0717614 0.0695177 0.0654356 0.059924 0.0534404 0.0464224 0.0392525 0.0322497 0.0256721 0.0197213 0.0145438 0.0102299 0.00681107 0.00425635
 0.0100381 0.0156397 0.0223198 0.0296856 0.0374249 0.0453045 0.0530204 0.0600968 0.0659544 0.0700666 0.0720786 0.0718579 0.0695063 0.0653307 0.0597661 0.0532803 0.0463013 0.0391885 0.0322341 0.0256767 0.0197135 0.0145016 0.0101508 0.00670933 0.00415355
 0.0101029 0.0157271 0.022419 0.0297769 0.0374881 0.0453297 0.0530163 0.0600891 0.0659737 0.0701331 0.0721898 0.0719876 0.0696145 0.0653805 0.05974 0.0531869 0.0461702 0.0390549 0.0321229 0.0255943 0.0196502 0.0144425 0.0100859 0.00663884 0.00408516
 0.010092 0.0157139 0.0224068 0.0297699 0.037487 0.0453291 0.0530037 0.0600509 0.0659061 0.0700495 0.0721195 0.0719622 0.0696506 0.06547 0.0598542 0.0532919 0.0462431 0.039091 0.0321317 0.025589 0.0196387 0.0144258 0.0100623 0.00660871 0.00405232
 0.0101267 0.0157599 0.022457 0.0298121 0.0375086 0.0453227 0.0529706 0.0599996 0.0658459 0.0699856 0.0720536 0.0718986 0.0695999 0.0654464 0.0598669 0.0533375 0.0463062 0.0391527 0.0321785 0.0256167 0.0196497 0.0144245 0.0100524 0.00659321 0.00403443
 0.0100925 0.0157138 0.0224048 0.0297638 0.0374742 0.0453063 0.0529676 0.0599985 0.0658352 0.0699611 0.0720197 0.0718649 0.069576 0.0654392 0.0598806 0.0533734 0.0463616 0.0392195 0.0322458 0.025674 0.0196913 0.0144495 0.0100632 0.00659399 0.00402947
 0.00987836 0.0154027 0.0220058 0.0293103 0.0370162 0.0448961 0.0526474 0.0597941 0.0657547 0.0699962 0.0721502 0.0720649 0.0698208 0.0657097 0.0601632 0.053658 0.0466389 0.0394803 0.0324803 0.0258737 0.0198504 0.0145669 0.0101426 0.00664242 0.00405564
 0.00980244 0.015272 0.0217969 0.0290005 0.036593 0.0443705 0.052063 0.0592239 0.0652826 0.0696913 0.0720466 0.0721573 0.0700734 0.0660719 0.0605843 0.0540965 0.0470651 0.0398744 0.0328296 0.0261698 0.0200888 0.0147473 0.0102696 0.00672484 0.00410436
 0.00981574 0.0152905 0.0218173 0.0290139 0.0365821 0.044309 0.0519199 0.0589757 0.0649296 0.0692698 0.0716253 0.0718162 0.0698751 0.0660411 0.0607061 0.0543292 0.0473591 0.0401862 0.0331273 0.0264334 0.0203074 0.014917 0.0103923 0.00680665 0.00415424
 0.00963777 0.0150421 0.0215193 0.0287106 0.0363285 0.0441487 0.0518669 0.0590084 0.0650004 0.069324 0.0716232 0.0717494 0.0697709 0.06595 0.0606789 0.0543953 0.0475173 0.0404105 0.0333811 0.0266826 0.0205274 0.0150948 0.0105244 0.00689689 0.00421065
 0.00943071 0.0147225 0.0210719 0.0281379 0.0356559 0.0434281 0.0511762 0.0584398 0.0646352 0.0692035 0.0717337 0.0720313 0.0701472 0.0663579 0.0610864 0.054799 0.0479259 0.0408273 0.0337955 0.027073 0.0208704 0.0153738 0.0107337 0.00704126 0.00430187
 0.00936351 0.0146043 0.0208774 0.0278377 0.0352231 0.0428506 0.05047 0.0576579 0.0638655 0.0685533 0.0713029 0.0718828 0.070287 0.0667359 0.0616196 0.0554029 0.048538 0.041412 0.0343354 0.0275565 0.021286 0.0157114 0.0109895 0.0072202 0.00441653
 0.00921953 0.0143965 0.0206118 0.0275322 0.0348969 0.0425094 0.050099 0.0572306 0.0633653 0.0679972 0.0707515 0.0714286 0.0700243 0.0667265 0.0618706 0.0558681 0.0491385 0.0420647 0.0349729 0.0281344 0.0217794 0.0161088 0.0112897 0.00743089 0.00455261
 0.00923936 0.0144119 0.0206046 0.0274783 0.034775 0.0423137 0.0498454 0.0569496 0.0630838 0.0677228 0.0704734 0.0711369 0.0697331 0.0664814 0.0617332 0.0558865 0.0493241 0.0423883 0.0353789 0.0285619 0.0221785 0.0164476 0.0115539 0.00762042 0.00467723
 0.0100906 0.0156135 0.0220745 0.0290231 0.0361411 0.0432728 0.0502664 0.0568225 0.062497 0.0668171 0.0693981 0.0700179 0.0686583 0.0655045 0.0608886 0.0552028 0.0488248 0.0420814 0.0352479 0.0285668 0.0222677 0.0165722 0.0116775 0.00772225 0.00475038
