SBPRF35
7.78865
Curr Bio
630331
B35
709990
F35
0.224973
FOFL
0.199651
OFL
96279.7
Bzero
2.22533e+006
#pred survey bio
 4.7783e+006 4.46498e+006 4.18013e+006 3.85939e+006 3.53069e+006 3.16688e+006 2.8164e+006 2.5036e+006 2.22395e+006 1.9663e+006 1.74649e+006 1.53192e+006 1.3535e+006 1.20076e+006 1.07119e+006 961489 880375 829352 765017 728606 706840 680083 657514 643703 637045 618550 607037 610027 604862 608173 600310 595466 591532 581553 568188 547519 535060 522519 517372 524107 529462 535836 543985 547771 542173 550950 559336 569074 579713 594030 606641 615437 657598 651493 631130 2.22119e+007 1.37573e+007 1.42468e+007 1.48073e+007 1.53652e+007 1.5863e+007 1.62773e+007 1.66064e+007 1.68599e+007 1.70513e+007 1.7194e+007 1.72998e+007 1.7378e+007 1.7436e+007 1.74789e+007 1.7511e+007 1.75349e+007 1.7553e+007 1.75666e+007 1.75769e+007 1.75848e+007 1.75907e+007 1.75953e+007 1.75988e+007 1.76015e+007 1.76036e+007 1.76052e+007 1.76064e+007 1.76074e+007 1.76081e+007 1.76086e+007 1.76091e+007 1.76094e+007 1.76097e+007 1.76099e+007 1.761e+007 1.76102e+007 1.76103e+007 1.76103e+007 1.76104e+007 1.76104e+007 1.76105e+007 1.76105e+007 1.76105e+007 1.76105e+007 1.76105e+007 1.76105e+007 1.76106e+007 1.76106e+007 1.76106e+007 1.76106e+007 1.76106e+007 1.76106e+007 1.76106e+007 1.76106e+007 1.76106e+007 1.76106e+007 1.76106e+007 1.76106e+007 1.76106e+007 1.76106e+007 1.76106e+007 1.76106e+007 1.76106e+007 1.76106e+007 1.76106e+007 1.76106e+007 1.76106e+007 1.76106e+007 1.76106e+007 1.76106e+007 1.76106e+007 1.76106e+007 1.76106e+007 1.76106e+007 1.76106e+007 1.76106e+007 1.76106e+007 1.76106e+007 1.76106e+007 1.76106e+007 1.76106e+007 1.76106e+007 1.76106e+007 1.76106e+007 1.76106e+007 1.76106e+007 1.76106e+007 1.76106e+007 1.76106e+007 1.76106e+007 1.76106e+007 1.76106e+007 1.76106e+007 1.76106e+007 1.76106e+007 1.76106e+007 1.76106e+007 1.76106e+007 1.76106e+007 0 0 0 0 0 0 0 0 0 0 0 0 0 0 0 0 0 0 0 0 0 0 0 0 0
#obs survey bio
 4.14754e+006 3.73661e+006 4.02538e+006 3.25368e+006 2.37853e+006 2.61597e+006 3.03944e+006 3.05249e+006 1.64449e+006 1.60301e+006 1.4596e+006 1.41391e+006 786767 1.3502e+006 681490 1.03962e+006 931873 749589 863398 708551 703701 559465 679577 655440 462694 710234 557649 635390 477530 584225 609722 517592 564977 615047 640263 747540 722852 456821 581726 431844 530115 606538 681814 396222 747947 544303 598508 391444 487061 601730 409491 720690 946667 649712 645825
#pred catch bio
 99805 95467.8 156686 195645 262191 285034 283346 282904 289459 277797 290743 272221 258876 243030 226985 201580 174005 181798 153331 137202 137699 130205 119799 112007 119987 111453 97676 103613 95420.9 103213 98222 95178.2 97695 96865.1 98611.8 89465.9 92172.4 90918.5 85112.3 88652.5 88485.8 86671.9 89741.9 97155.5 85062.9 86337.8 87029.5 88954.3 88755.9 93133.5 98922.7 73853.8 116919 130940 114517 96279.7 110113 113156 116675 120318 123545 126138 128095 129509 130498 131173 131624 131921 132114 132238 132318 132369 132401 132421 132433 132441 132446 132449 132451 132452 132453 132454 132454 132454 132454 132454 132454 132454 132454 132454 132454 132454 132454 132454 132454 132454 132454 132454 132454 132454 132454 132454 132454 132454 132454 132454 132454 132454 132454 132454 132454 132454 132454 132454 132454 132454 132454 132454 132454 132454 132454 132454 132454 132454 132454 132454 132454 132454 132454 132454 132454 132454 132454 132454 132454 132454 132454 132454 132454 132454 132454 132454 132454 132454 132454 132454 132454 132454 132454 132454 132454 132454 132454 132454 132454 0 0 0 0 0 0 0 0 0 0 0 0 0 0 0 0 0 0 0 0 0 0 0 0 0
#obs catch bio
 0 95123.7 157322 196236 264404 288030 285762 285451 293484 281768 296218 276970 266406 249040 232202 205673 176005 185003 155132 138289 138880 131059 120075 112210 121134 111782 97892 103917 95855.5 103760 98509 95238.6 97906.9 97119.8 98783.9 89056.4 91404.1 90497.5 84974 88831.8 88517.7 86536 89057 96867.6 84655.1 85886 86417.2 88945.9 88719.9 93018.8 99728.5 73386.6 116735 130535 114402
#pred cpue bio
 4.70118e+006 4.39127e+006 4.10853e+006 3.78904e+006 3.46232e+006 3.10089e+006 2.7528e+006 2.44208e+006 2.16406e+006 1.90792e+006 1.68955e+006 1.47697e+006 1.3002e+006 1.14942e+006 1.02226e+006 914863 835737 786348 724394 689718 669251 643905 622558 609494 603189 585570 574825 578022 573179 576628 569482 565317 561967 552811 540677 521436 508998 495020 488323 494301 499641 506160 514515 518418 512892 521328 529338 538296 547988 561399 573175 581317 622144 615942 594758 2.0891e+007 1.29481e+007 1.34072e+007 1.39325e+007 1.4478e+007 1.49731e+007 1.53869e+007 1.57159e+007 1.59694e+007 1.61608e+007 1.63035e+007 1.64093e+007 1.64875e+007 1.65455e+007 1.65884e+007 1.66205e+007 1.66444e+007 1.66625e+007 1.66761e+007 1.66864e+007 1.66943e+007 1.67002e+007 1.67048e+007 1.67083e+007 1.6711e+007 1.67131e+007 1.67147e+007 1.67159e+007 1.67169e+007 1.67176e+007 1.67182e+007 1.67186e+007 1.67189e+007 1.67192e+007 1.67194e+007 1.67195e+007 1.67197e+007 1.67198e+007 1.67198e+007 1.67199e+007 1.67199e+007 1.672e+007 1.672e+007 1.672e+007 1.672e+007 1.672e+007 1.672e+007 1.67201e+007 1.67201e+007 1.67201e+007 1.67201e+007 1.67201e+007 1.67201e+007 1.67201e+007 1.67201e+007 1.67201e+007 1.67201e+007 1.67201e+007 1.67201e+007 1.67201e+007 1.67201e+007 1.67201e+007 1.67201e+007 1.67201e+007 1.67201e+007 1.67201e+007 1.67201e+007 1.67201e+007 1.67201e+007 1.67201e+007 1.67201e+007 1.67201e+007 1.67201e+007 1.67201e+007 1.67201e+007 1.67201e+007 1.67201e+007 1.67201e+007 1.67201e+007 1.67201e+007 1.67201e+007 1.67201e+007 1.67201e+007 1.67201e+007 1.67201e+007 1.67201e+007 1.67201e+007 1.67201e+007 1.67201e+007 1.67201e+007 1.67201e+007 1.67201e+007 1.67201e+007 1.67201e+007 1.67201e+007 1.67201e+007 1.67201e+007 1.67201e+007 1.67201e+007 1.67201e+007 0 0 0 0 0 0 0 0 0 0 0 0 0 0 0 0 0 0 0 0 0 0 0 0 0
#obs cpue bio
 5.03843e+006 4.48064e+006 2.70788e+006 3.42647e+006 3.56382e+006 2.66531e+006 3.05558e+006 1.82911e+006 1.85059e+006 1.81946e+006 1.54604e+006 1.36032e+006 816692 1.00425e+006 1.35426e+006 700113 887512 639294 599228 717262 631910 779467 720458 548514 529838 700684 527889 617524 490858 650498 582410 736270 542386 476764 550664 561426 598706 465388 331894 491024 557964 509054 712029 605545 389997 641037 617763 465595 643728 612474 481367 817735 556330 650274 441154
#pred surv len freq
 0.00450347 0.00730814 0.0109978 0.0155681 0.0209397 0.0268881 0.0330044 0.0387808 0.0437881 0.0478092 0.0508425 0.0530188 0.0545168 0.0555084 0.056123 0.0564293 0.0564369 0.0561056 0.0553306 0.0538973 0.0514483 0.0475534 0.0419271 0.0347047 0.0265696
 0.00485558 0.00779696 0.0115831 0.0161712 0.0214802 0.0273323 0.033392 0.0392015 0.0443158 0.048435 0.0514532 0.0534397 0.0545927 0.0551777 0.055448 0.0555717 0.055594 0.0554334 0.0548867 0.0536277 0.051228 0.0472593 0.0415036 0.0341832 0.0260373
 0.00497131 0.00803328 0.0120216 0.0169014 0.0225587 0.0287316 0.0349736 0.0407475 0.0456157 0.0493721 0.0520288 0.0537184 0.0546211 0.0549437 0.0549098 0.0547223 0.0545036 0.054236 0.0537205 0.0525744 0.0502914 0.0463954 0.0406747 0.0333956 0.0253374
 0.00514427 0.00829807 0.0123949 0.0174019 0.0232195 0.0296086 0.0361325 0.0422229 0.0473578 0.0512205 0.0537441 0.055064 0.0554436 0.0551997 0.0546336 0.0539798 0.0533724 0.0528134 0.0521282 0.0509385 0.0487119 0.0449325 0.0393619 0.0322618 0.0244134
 0.00533555 0.00860825 0.0128594 0.018051 0.0240716 0.0306622 0.0373638 0.0435933 0.0488285 0.0527567 0.0552959 0.0565366 0.0566876 0.0560422 0.0549348 0.0536762 0.052486 0.0514329 0.050385 0.0489854 0.0467035 0.043007 0.0376295 0.0308006 0.0232664
 0.00556334 0.00897731 0.0134131 0.0188304 0.0251094 0.0319718 0.0389251 0.0453453 0.0506742 0.0545825 0.0569948 0.0580213 0.0578856 0.0568788 0.0553215 0.0535219 0.0517286 0.0500728 0.0484995 0.0467212 0.0442525 0.0405747 0.0354034 0.0289216 0.0218094
 0.00585781 0.00944083 0.0140834 0.0197351 0.026265 0.0333809 0.0405688 0.0471756 0.0526122 0.0565235 0.0588206 0.0596153 0.0591466 0.0577285 0.0556999 0.0533771 0.0510144 0.0487634 0.0466187 0.0443676 0.0416029 0.0378605 0.0328641 0.0267531 0.0201241
 0.00618912 0.0099649 0.014845 0.0207664 0.0275806 0.0349702 0.0423882 0.0491459 0.0546291 0.0584759 0.060605 0.0611412 0.0603359 0.0585128 0.0560212 0.0531872 0.0502744 0.04745 0.0447417 0.0419963 0.0388868 0.0350227 0.0301619 0.024415 0.0182927
 0.00650727 0.0104763 0.015604 0.0218198 0.0289591 0.0366753 0.0443767 0.0513239 0.0568628 0.0606159 0.0625125 0.0627054 0.0614796 0.0591891 0.0562028 0.052855 0.0494114 0.0460442 0.0428026 0.0395814 0.0361264 0.0321245 0.0273795 0.0219868 0.0163775
 0.00680325 0.010956 0.0163236 0.0228322 0.0303056 0.0383711 0.0463941 0.0535816 0.0592303 0.0629322 0.0646106 0.0644355 0.0627279 0.0598868 0.0563239 0.0524036 0.0484049 0.0445042 0.0407612 0.0371028 0.0333335 0.0292099 0.0245831 0.0195408 0.0144413
 0.00706389 0.0113758 0.0169492 0.0237067 0.0314642 0.0398316 0.048144 0.0555684 0.0613609 0.0650814 0.0666349 0.0661891 0.0640788 0.0607328 0.0566026 0.0520928 0.0475148 0.0430674 0.0388291 0.034755 0.0306958 0.0264639 0.0219502 0.0172349 0.0126118
 0.00743599 0.0119604 0.0177913 0.024836 0.0328915 0.0415444 0.0500976 0.0576812 0.0635194 0.0671558 0.0684957 0.0677194 0.0651819 0.0613364 0.0566613 0.0515893 0.0464584 0.0414913 0.0367915 0.0323452 0.0280448 0.0237487 0.0193771 0.0149991 0.0108463
 0.00760183 0.01226 0.018297 0.025632 0.0340525 0.043103 0.0520151 0.0598418 0.0657547 0.0692852 0.0703621 0.0692061 0.0662129 0.0618692 0.0566786 0.0510918 0.0454615 0.0400265 0.0349112 0.0301327 0.0256232 0.0212815 0.017051 0.0129865 0.00926196
 0.00777237 0.0125292 0.0186903 0.0261757 0.0347789 0.0440517 0.0532248 0.0613284 0.067484 0.0711555 0.0722114 0.0708464 0.067477 0.0626455 0.0569204 0.050804 0.0446794 0.0388004 0.033304 0.0282275 0.0235334 0.0191531 0.0150474 0.0112563 0.00790269
 0.00799291 0.012875 0.0191867 0.0268371 0.0356066 0.0450322 0.0543288 0.0625145 0.0687079 0.0723773 0.0733915 0.0719319 0.068391 0.0632934 0.0572123 0.0506798 0.044122 0.0378334 0.0319832 0.0266345 0.0217755 0.0173612 0.0133626 0.00980444 0.00676449
 0.00812581 0.0131033 0.0195525 0.0273853 0.0363732 0.0460256 0.055514 0.0638104 0.0700049 0.0735662 0.0743899 0.0726954 0.0689064 0.0635609 0.0572274 0.0504271 0.0435826 0.0370006 0.0308761 0.0253054 0.0203094 0.0158684 0.0119626 0.00860177 0.00582469
 0.00824137 0.0132782 0.0197932 0.0276941 0.0367542 0.0464908 0.056083 0.0644997 0.0708096 0.0744465 0.0752712 0.0734868 0.0695271 0.0639597 0.0573855 0.0503461 0.0432695 0.036462 0.0301239 0.0243693 0.0192465 0.0147617 0.0109082 0.00768658 0.00510498
 0.00815779 0.0131663 0.0196688 0.027586 0.0366956 0.0465073 0.056185 0.0646858 0.0710778 0.0748021 0.0757227 0.0740296 0.0701293 0.0645607 0.0579111 0.0507286 0.0434619 0.036441 0.029888 0.0239381 0.0186626 0.0140899 0.0102268 0.00707039 0.00460689
 0.00825341 0.013307 0.0198542 0.0278095 0.0369497 0.0467909 0.0565045 0.065048 0.0714778 0.075215 0.0761089 0.0743505 0.0703619 0.0647009 0.0579637 0.0506949 0.043334 0.0362067 0.0295396 0.0234814 0.0181214 0.0135066 0.00965524 0.00656314 0.00420117
 0.00830669 0.0133782 0.0199325 0.0278746 0.0369766 0.0467593 0.0564086 0.064903 0.0713203 0.0750955 0.0760766 0.0744354 0.0705633 0.0649881 0.0582885 0.0510063 0.0435877 0.0363683 0.0295866 0.0234061 0.0179348 0.0132386 0.00934941 0.00626585 0.00394908
 0.00825975 0.0133102 0.0198448 0.0277716 0.036862 0.0466314 0.0562587 0.0647207 0.0711041 0.0748635 0.0758688 0.074305 0.070558 0.0651313 0.0585687 0.0513801 0.0439934 0.0367428 0.0298792 0.0235863 0.0179958 0.0131963 0.00923646 0.00612193 0.00380945
 0.00829006 0.0133516 0.019893 0.0278185 0.036899 0.0466532 0.0562653 0.0647145 0.0710839 0.0748217 0.0757954 0.0741977 0.070432 0.0650188 0.058507 0.0513938 0.0440823 0.0368812 0.0300262 0.0237018 0.0180532 0.0131893 0.0091775 0.00603463 0.00371863
 0.00840726 0.0135184 0.0200998 0.0280405 0.0371019 0.046804 0.0563413 0.0647084 0.0710034 0.0746849 0.0756249 0.0740143 0.070251 0.0648519 0.0583666 0.0512943 0.0440353 0.0368877 0.0300722 0.0237619 0.0181006 0.0132063 0.00916091 0.00599385 0.00366865
 0.00848534 0.0136386 0.020267 0.0282515 0.0373432 0.0470489 0.0565519 0.0648416 0.0710252 0.0745848 0.0754218 0.0737499 0.069974 0.0646022 0.0581677 0.0511547 0.0439543 0.0368591 0.030085 0.0237997 0.0181443 0.0132389 0.00917353 0.00598701 0.00364968
 0.00833786 0.0134344 0.0200255 0.0280128 0.0371564 0.0469538 0.0565626 0.0649424 0.0711778 0.0747431 0.0755468 0.0738205 0.0699912 0.0645854 0.0581443 0.0511489 0.0439795 0.0369169 0.0301679 0.0238947 0.0182367 0.0133159 0.00922728 0.00601679 0.00366055
 0.00836989 0.0134678 0.020043 0.0279922 0.0370829 0.0468354 0.0564382 0.0648708 0.0712101 0.0748931 0.0757797 0.074068 0.0701825 0.0646763 0.0581293 0.0510548 0.0438476 0.0367859 0.0300629 0.0238248 0.0181981 0.0132985 0.00922034 0.00601249 0.00365548
 0.00844831 0.0135778 0.0201751 0.0281235 0.03718 0.0468621 0.0563664 0.0646935 0.070951 0.0746073 0.0755388 0.0739312 0.0701707 0.0647652 0.0582659 0.0511859 0.0439422 0.0368393 0.030088 0.0238383 0.018211 0.0133139 0.00923599 0.0060251 0.00366334
 0.0084289 0.0135451 0.0201234 0.0280453 0.0370657 0.046701 0.0561486 0.0644145 0.0706176 0.0742444 0.0751912 0.0736583 0.0700301 0.0647913 0.058455 0.0514961 0.0443102 0.0372047 0.0304099 0.0240997 0.0184121 0.0134625 0.00934138 0.00609577 0.00370725
 0.00838344 0.0134877 0.0200669 0.0280108 0.0370749 0.0467648 0.0562582 0.0645399 0.0707166 0.0742762 0.0751311 0.0735076 0.0698184 0.0645692 0.0582771 0.0514018 0.0443104 0.0372817 0.0305299 0.0242289 0.0185274 0.0135537 0.0094075 0.00614032 0.00373511
 0.00820514 0.0132164 0.0196946 0.0275458 0.0365437 0.0462115 0.0557417 0.064125 0.0704574 0.0741982 0.0752218 0.0737234 0.0701045 0.0648803 0.0585903 0.0517146 0.0446299 0.0376105 0.030859 0.024539 0.0187979 0.0137707 0.00956735 0.00624862 0.00380253
 0.00816303 0.0131424 0.0195733 0.0273611 0.0362838 0.0458778 0.0553557 0.0637289 0.0701062 0.0739446 0.075101 0.0737436 0.0702458 0.0651039 0.0588527 0.0519827 0.0448872 0.0378545 0.0310917 0.024759 0.0189975 0.0139398 0.00969904 0.00634206 0.00386274
 0.00813816 0.0130973 0.0194965 0.0272377 0.036098 0.0456169 0.0550164 0.0633235 0.0696659 0.073518 0.074747 0.0735169 0.0701817 0.065207 0.0590967 0.0523206 0.045268 0.0382364 0.0314481 0.0250756 0.0192674 0.014159 0.00986655 0.00646077 0.00393989
 0.00800029 0.0128976 0.0192408 0.0269455 0.035795 0.0453239 0.054741 0.0630611 0.0694083 0.0732645 0.0745117 0.0733292 0.070079 0.0652222 0.0592455 0.0525941 0.0456344 0.038651 0.0318659 0.0254614 0.0195989 0.0144262 0.0100682 0.00660247 0.00403176
 0.00775962 0.0125415 0.0187713 0.02639 0.0352021 0.0447526 0.0542504 0.0626998 0.0692037 0.0732149 0.0745875 0.0734868 0.0702807 0.0654503 0.0595034 0.0528947 0.0459845 0.0390421 0.0322743 0.0258561 0.0199514 0.0147174 0.0102909 0.00675983 0.00413403
 0.00769201 0.012409 0.0185321 0.025997 0.0346209 0.0439879 0.0533643 0.0618079 0.0684431 0.0726996 0.0743741 0.0735658 0.0705922 0.0659134 0.0600434 0.0534597 0.0465472 0.03959 0.0327975 0.0263401 0.0203778 0.0150703 0.0105624 0.00695258 0.0042596
 0.00839929 0.0134062 0.0197483 0.027265 0.0357178 0.0447046 0.0535687 0.0614741 0.0676467 0.0715915 0.0731439 0.0723978 0.0696234 0.0652092 0.0596001 0.05323 0.046471 0.039616 0.0328892 0.0264717 0.0205279 0.0152187 0.0106927 0.00705479 0.00433138
 0.00917834 0.0146129 0.021444 0.0294433 0.0382793 0.0474362 0.0561419 0.063493 0.0687537 0.0715923 0.0720792 0.0705207 0.0673002 0.0628005 0.0573771 0.0513433 0.0449654 0.0384675 0.0320437 0.0258702 0.0201175 0.0149537 0.010533 0.00696626 0.00428675
 0.00928185 0.0148728 0.0220025 0.0304834 0.0399714 0.0498529 0.0591797 0.0668459 0.0719639 0.0741587 0.0735865 0.0707468 0.0662698 0.0607658 0.0547302 0.0484978 0.0422563 0.0361039 0.0301135 0.0243756 0.0190135 0.0141764 0.0100141 0.00664054 0.00409622
 0.00905035 0.0145432 0.0216007 0.0300833 0.0397006 0.0498857 0.0597094 0.0680285 0.0738379 0.0765761 0.076203 0.0730995 0.067918 0.0614312 0.0543732 0.0473024 0.0405428 0.0342151 0.0283253 0.0228557 0.0178268 0.0133146 0.00942921 0.00626974 0.00387766
 0.00883069 0.0141889 0.0210758 0.0293651 0.0387961 0.048854 0.0586814 0.0672057 0.0734564 0.0768385 0.0771981 0.074743 0.0699459 0.0634624 0.0560261 0.0483171 0.0408512 0.0339317 0.0276718 0.0220673 0.0170829 0.0127132 0.00899698 0.00598872 0.00371104
 0.00867594 0.0139493 0.0207366 0.028918 0.038238 0.0481876 0.0579223 0.0663965 0.0726821 0.0762305 0.0769157 0.0749275 0.070659 0.0646372 0.0574628 0.0497371 0.0419919 0.0346349 0.0279226 0.0219689 0.0167916 0.012372 0.00869866 0.00577088 0.00357264
 0.00853739 0.0137315 0.0204232 0.0284997 0.0377151 0.0475728 0.057243 0.0656945 0.0720087 0.0756424 0.0764762 0.0747094 0.0707379 0.0650668 0.0582374 0.0507656 0.0431075 0.0356462 0.0286814 0.0224179 0.0169659 0.0123631 0.00860476 0.00566378 0.00348806
 0.00858879 0.01378 0.0204316 0.0284125 0.0374739 0.0471402 0.0566235 0.064939 0.0712011 0.0748762 0.075835 0.0742578 0.0705228 0.06512 0.0585713 0.0513604 0.0438968 0.0365176 0.0295026 0.0230787 0.0174133 0.0126082 0.00870187 0.00567763 0.00346943
 0.00862028 0.0138407 0.0205377 0.0285775 0.0376954 0.0473858 0.0568251 0.0650073 0.0710599 0.0744999 0.0752656 0.0735918 0.0698782 0.0646029 0.058256 0.0512818 0.0440484 0.0368518 0.0299383 0.0235214 0.0177838 0.0128651 0.0088458 0.00573762 0.00348192
 0.00867228 0.0139279 0.0206742 0.0287794 0.0379783 0.0477584 0.0572794 0.0655074 0.0715372 0.0748599 0.0754132 0.0734663 0.069482 0.0640071 0.0575783 0.0506477 0.0435551 0.0365465 0.0298146 0.023532 0.0178631 0.0129544 0.0089101 0.00576808 0.00348695
 0.00873117 0.0139965 0.0207284 0.028783 0.0378964 0.0475778 0.0570233 0.0652345 0.0713202 0.0747563 0.0754389 0.0735889 0.0696354 0.0641225 0.0576153 0.0506113 0.0434874 0.0365016 0.0298308 0.0236162 0.0179932 0.0130947 0.00902968 0.0058516 0.00353504
 0.00890044 0.0142466 0.0210566 0.0291656 0.0382901 0.0479251 0.0572622 0.0653136 0.0712178 0.0744945 0.075082 0.0732193 0.0693195 0.0638863 0.0574451 0.0504747 0.0433604 0.036383 0.0297371 0.0235652 0.0179895 0.0131266 0.00907675 0.00589556 0.00356633
 0.00895153 0.0143427 0.0212239 0.0294327 0.0386766 0.0484246 0.0578297 0.0658667 0.0716569 0.0747344 0.0750804 0.0729898 0.0689241 0.0634109 0.0569688 0.0500484 0.0430028 0.0360925 0.0295073 0.0233932 0.0178737 0.0130608 0.00904855 0.00588962 0.00356953
 0.00893867 0.0143289 0.0212174 0.0294491 0.0387383 0.0485584 0.0580594 0.0662017 0.0720794 0.0751918 0.0754927 0.0732725 0.0690187 0.0633064 0.056703 0.0496884 0.0426183 0.0357356 0.0292064 0.0231579 0.0177025 0.0129466 0.00898028 0.00585396 0.00355375
 0.00896971 0.0143664 0.0212507 0.0294619 0.0387157 0.0484968 0.0579746 0.0661285 0.0720613 0.0752643 0.0756656 0.0735216 0.0692895 0.0635325 0.0568303 0.0496953 0.0425194 0.03557 0.0290192 0.0229846 0.0175632 0.0128471 0.00891692 0.00581836 0.00353644
 0.00889948 0.0142776 0.0211628 0.0294059 0.0387222 0.0485793 0.0581185 0.0662961 0.0722109 0.0753721 0.075736 0.0735785 0.0693566 0.063615 0.0569105 0.0497428 0.0425092 0.0354961 0.0288967 0.0228411 0.0174262 0.012735 0.00883646 0.00576727 0.00350766
 0.00886258 0.0142185 0.021077 0.0292941 0.0385948 0.0484604 0.0580443 0.0663038 0.0723207 0.0755726 0.075985 0.0738221 0.0695534 0.0637492 0.0569874 0.0497737 0.0425008 0.0354498 0.0288157 0.0227356 0.0173128 0.012631 0.00875361 0.00570932 0.00347187
 0.00879768 0.0140822 0.0208163 0.0288443 0.0379003 0.0475061 0.0568838 0.0650645 0.0711791 0.0747076 0.0755296 0.0738299 0.0699915 0.0645163 0.0579494 0.0507996 0.0434862 0.0363247 0.0295419 0.0233015 0.0177275 0.0129171 0.0089399 0.00582411 0.00353879
 0.00928355 0.014818 0.021819 0.0300834 0.0392939 0.0489231 0.058153 0.0659994 0.0716233 0.0745877 0.0748862 0.0728048 0.0687779 0.0632982 0.0568576 0.0498968 0.0427782 0.0357839 0.0291304 0.0229855 0.0174829 0.0127295 0.00880086 0.0057269 0.00347597
 0.00931144 0.0149495 0.0221727 0.0308136 0.0405392 0.0507305 0.0604139 0.0684433 0.0738812 0.0762972 0.0757889 0.0728039 0.0679448 0.061836 0.0550358 0.04798 0.0409715 0.03421 0.0278367 0.0219683 0.0167125 0.0121676 0.0084086 0.00546757 0.00331557
#obs surv len freq
 nan nan nan nan nan nan nan nan nan nan nan nan nan nan nan nan nan nan nan nan nan nan nan nan nan
 0.00448381 0.00734483 0.0111746 0.0159909 0.0216919 0.0279678 0.0342823 0.040014 0.0446937 0.0481576 0.0505154 0.052011 0.0529031 0.0534153 0.0537294 0.0539842 0.0542627 0.0545554 0.0546941 0.054286 0.052724 0.0493562 0.043806 0.036286 0.0276697
 0.00461993 0.00756686 0.0115098 0.0164641 0.0223194 0.0287484 0.0351876 0.0409859 0.0456526 0.0490173 0.0511999 0.0524656 0.0530995 0.0533526 0.0534294 0.0534839 0.0536054 0.0537838 0.0538473 0.0534008 0.0518395 0.0485153 0.0430536 0.0356602 0.0271914
 0.00477489 0.00782295 0.0119029 0.0170302 0.0230869 0.0297266 0.0363544 0.0422825 0.0469903 0.0502925 0.0523102 0.053322 0.0536354 0.0535298 0.0532407 0.0529514 0.0527742 0.0527129 0.0526027 0.0520526 0.0504626 0.0471901 0.0418598 0.0346635 0.0264283
 0.00496633 0.00813499 0.0123743 0.0176981 0.0239807 0.0308575 0.0377033 0.0437947 0.0485798 0.0518553 0.0537374 0.0545106 0.0544957 0.053992 0.0532618 0.0525194 0.0519096 0.0514664 0.0510505 0.0502926 0.0486104 0.0453732 0.0402042 0.0332722 0.0253589
 0.00517676 0.00847908 0.0128959 0.0184393 0.0249742 0.0321136 0.0391977 0.0454639 0.0503303 0.0535806 0.0553331 0.055881 0.0555548 0.0546636 0.053483 0.0522469 0.0511277 0.0501949 0.0493501 0.0482669 0.0464027 0.0431549 0.0381503 0.0315285 0.0240106
 0.00541004 0.00886007 0.0134726 0.0192576 0.0260694 0.0334969 0.0408418 0.0472978 0.0522491 0.0554655 0.05707 0.0573714 0.0567169 0.0554296 0.0537952 0.0520569 0.0504017 0.0489248 0.0475696 0.0460654 0.0439307 0.0406127 0.035756 0.0294714 0.0224068
 0.00563956 0.00923884 0.0140531 0.0200924 0.0272007 0.0349405 0.0425704 0.0492356 0.0542828 0.0574663 0.0589152 0.0589556 0.0579555 0.0562565 0.054158 0.0519125 0.0497152 0.0476773 0.0457753 0.0437941 0.0413245 0.0378809 0.0331426 0.0271983 0.0206185
 0.00589831 0.00965791 0.0146812 0.0209748 0.0283717 0.0364113 0.0443159 0.0511871 0.0563352 0.0594958 0.0607975 0.0605792 0.0592287 0.0571087 0.0545371 0.0517794 0.0490395 0.0464403 0.0439842 0.0415061 0.0386691 0.0350639 0.0304162 0.0248029 0.0187181
 0.00613616 0.0100528 0.0152903 0.0218554 0.0295691 0.0379389 0.0461373 0.0532124 0.0584374 0.0615384 0.0626578 0.0621583 0.0604499 0.0579128 0.0548781 0.051621 0.0483535 0.045209 0.0422129 0.0392446 0.036036 0.0322546 0.0276788 0.0223808 0.0167838
 0.00635571 0.0104144 0.0158438 0.0226513 0.0306501 0.0393256 0.0478116 0.0551091 0.0604498 0.0635363 0.0645085 0.0637441 0.0616784 0.0587198 0.0552229 0.0514778 0.0477038 0.0440417 0.0405342 0.0370999 0.0335332 0.0295745 0.025055 0.0200473 0.0149108
 0.00659748 0.0108062 0.016431 0.0234757 0.031742 0.0406924 0.0494251 0.0569011 0.062321 0.0653735 0.0662013 0.0651935 0.0628015 0.0594518 0.0555181 0.0513078 0.0470535 0.042907 0.0389276 0.0350668 0.0311736 0.0270535 0.0225871 0.0178492 0.0131421
 0.00683503 0.0111966 0.0170261 0.0243248 0.0328807 0.0421253 0.0511098 0.0587451 0.0641986 0.0671534 0.0677706 0.0664687 0.0637264 0.0599904 0.0556476 0.0510135 0.0463272 0.0417482 0.0373513 0.033118 0.0289449 0.0246947 0.0202907 0.0158096 0.0115027
 0.0070468 0.0115463 0.0175624 0.0250962 0.0339257 0.0434564 0.0526969 0.0605092 0.0660211 0.0688992 0.0693119 0.067703 0.0645851 0.0604387 0.0556774 0.0506327 0.0455489 0.0405881 0.0358329 0.0312869 0.0268859 0.0225404 0.0182094 0.0139702 0.0100284
 0.00726384 0.0118995 0.0180943 0.0258468 0.0349242 0.0447091 0.0541742 0.0621402 0.0677022 0.0705118 0.0707409 0.0688503 0.0653774 0.0608316 0.0556557 0.0502051 0.0447399 0.0394299 0.0343647 0.0295627 0.0249877 0.0205859 0.0163431 0.0123343 0.00872457
 0.00743048 0.0121767 0.018523 0.0264682 0.0357709 0.0457908 0.0554642 0.0635714 0.0691785 0.0719273 0.071998 0.0698683 0.0660953 0.0612083 0.0556692 0.0498526 0.0440359 0.0384034 0.033058 0.0280343 0.0233186 0.018883 0.0147308 0.0109309 0.00761211
 0.00749439 0.0122852 0.0186958 0.0267289 0.0361449 0.0463009 0.056123 0.0643754 0.0701027 0.0729253 0.0730051 0.0708094 0.0668945 0.0617981 0.0559975 0.0498854 0.0437587 0.0378217 0.0321983 0.0269457 0.022075 0.0175812 0.0134804 0.0098338 0.00673858
 0.00757448 0.0124038 0.0188535 0.0269205 0.0363638 0.0465453 0.0564001 0.0647004 0.0704938 0.0733948 0.0735511 0.0714101 0.0675067 0.0623627 0.0564478 0.0501589 0.043807 0.0376175 0.0317402 0.0262615 0.0212218 0.0166416 0.0125503 0.00900278 0.00606967
 0.00765379 0.0125281 0.019031 0.027154 0.0366481 0.0468649 0.0567299 0.065011 0.0707624 0.0736167 0.0737425 0.0715995 0.0677185 0.0626011 0.0566904 0.0503604 0.0439112 0.0375728 0.0315138 0.0258496 0.0206543 0.0159782 0.0118685 0.00837916 0.00556022
 0.00771425 0.0126228 0.0191667 0.0273342 0.0368723 0.047127 0.0570165 0.0653011 0.0710302 0.0738377 0.0739027 0.0717001 0.0677764 0.062641 0.056732 0.0504059 0.04394 0.0375476 0.0313944 0.0256101 0.0202958 0.0155322 0.0113893 0.00792697 0.00518279
 0.00777507 0.0127149 0.0192927 0.0274922 0.0370564 0.047329 0.0572268 0.0655087 0.0712233 0.0740046 0.0740331 0.0717872 0.067819 0.0626453 0.0567102 0.0503708 0.0438966 0.0374871 0.031296 0.0254506 0.0200634 0.0152367 0.0110615 0.00760838 0.00491047
 0.00780153 0.0127578 0.019357 0.0275816 0.0371721 0.0474675 0.0573789 0.065661 0.0713618 0.0741194 0.0741204 0.071848 0.0678562 0.0626614 0.0567073 0.0503514 0.043863 0.0374383 0.0312248 0.0253456 0.0199156 0.0150474 0.0108464 0.00739349 0.00472197
 0.00783897 0.0128112 0.0194237 0.0276548 0.0372438 0.0475319 0.0574352 0.0657123 0.0714123 0.074171 0.0741715 0.0718946 0.0678945 0.062689 0.0567233 0.0503554 0.0438545 0.0374154 0.0311838 0.0252809 0.0198226 0.0149267 0.0107069 0.00725118 0.00459442
 0.00787119 0.0128616 0.0194954 0.0277483 0.0373553 0.0476528 0.0575514 0.0658079 0.0714744 0.0741954 0.0741637 0.071867 0.0678596 0.0626547 0.0566923 0.0503263 0.0438243 0.0373804 0.03114 0.0252243 0.01975 0.0148385 0.0106082 0.00715175 0.00450538
 0.00787501 0.0128668 0.0195015 0.0277546 0.0373614 0.0476592 0.0575597 0.0658195 0.0714896 0.0742123 0.0741792 0.0718792 0.0678691 0.0626648 0.0567062 0.0503452 0.0438458 0.0373997 0.0311511 0.0252218 0.0197304 0.0148017 0.0105582 0.00709577 0.00445199
 0.00787506 0.0128631 0.019489 0.0277267 0.037312 0.0475861 0.0574674 0.0657194 0.0713973 0.0741429 0.0741432 0.0718799 0.0679034 0.062725 0.0567836 0.0504316 0.0439341 0.0374833 0.0312237 0.0252774 0.0197651 0.0148145 0.0105519 0.0070767 0.0044276
 0.00787896 0.0128641 0.0194807 0.0276997 0.0372562 0.0474943 0.0573395 0.0655639 0.0712305 0.0739863 0.0740187 0.0718053 0.0678884 0.0627691 0.0568771 0.0505591 0.0440785 0.0376292 0.0313584 0.0253917 0.0198531 0.0148742 0.0105856 0.00708985 0.00442759
 0.00786877 0.0128482 0.0194575 0.0276674 0.0372123 0.0474353 0.0572608 0.0654624 0.0711071 0.0738486 0.0738814 0.0716878 0.0678101 0.0627441 0.0569102 0.0506449 0.0442035 0.0377755 0.0315078 0.0255289 0.0199674 0.0149602 0.0106432 0.00712326 0.00444338
 0.00786458 0.0128372 0.0194334 0.0276225 0.0371395 0.0473322 0.0571322 0.0653196 0.0709644 0.0737182 0.0737715 0.0716038 0.0677568 0.0627275 0.056936 0.0507155 0.0443151 0.0379173 0.0316641 0.0256826 0.020104 0.0150702 0.0107232 0.00717531 0.00447334
 0.00784965 0.0128128 0.0193962 0.0275689 0.037066 0.0472357 0.0570122 0.0651794 0.0708127 0.0735683 0.0736397 0.0715044 0.0676997 0.0627166 0.0569704 0.0507917 0.0444277 0.0380583 0.031822 0.0258432 0.0202528 0.0151958 0.0108194 0.00724186 0.00451466
 0.00785525 0.0128167 0.0193927 0.0275494 0.0370216 0.0471609 0.0569074 0.0650515 0.0706727 0.0734284 0.0735111 0.0713974 0.0676232 0.0626779 0.0569736 0.0508369 0.044511 0.0381723 0.0319566 0.0259861 0.0203909 0.0153173 0.0109165 0.00731209 0.00456037
 0.00782419 0.0127709 0.0193322 0.0274767 0.0369398 0.0470717 0.0568101 0.0649448 0.0705574 0.07331 0.0733999 0.0713059 0.0675627 0.0626558 0.0569929 0.0508965 0.0446065 0.0382966 0.0321 0.026137 0.0205368 0.015447 0.011022 0.00739012 0.0046126
 0.00778328 0.0127042 0.019232 0.027337 0.0367593 0.046857 0.0565778 0.0647192 0.0703639 0.0731673 0.0733153 0.0712774 0.0675836 0.0627193 0.0570937 0.0510299 0.0447668 0.0384765 0.03229 0.0263263 0.0207139 0.0156015 0.0111468 0.00748267 0.00467509
 0.00775132 0.0126468 0.0191357 0.0271866 0.0365423 0.0465702 0.0562337 0.0643475 0.0700063 0.0728674 0.0731083 0.0711826 0.0676022 0.0628376 0.0572891 0.0512777 0.045045 0.0387666 0.0325771 0.026597 0.0209566 0.0158068 0.0113091 0.00760153 0.00475493
 0.00773018 0.012612 0.0190821 0.0271082 0.0364318 0.0464202 0.0560388 0.0641078 0.0697312 0.0725783 0.0728368 0.0709645 0.0674689 0.0628069 0.0573619 0.0514395 0.0452717 0.0390314 0.032855 0.026867 0.0212022 0.0160162 0.0114756 0.00772409 0.00483776
 0.00932022 0.0148394 0.0217739 0.0298827 0.0388097 0.0480013 0.0566418 0.0637955 0.068729 0.0711565 0.071226 0.069328 0.0659123 0.0613973 0.0561401 0.0504249 0.0444642 0.0384153 0.0324043 0.026552 0.0209932 0.0158862 0.011401 0.00768533 0.00482011
 0.00928883 0.0150826 0.0226589 0.0318661 0.0422394 0.0528483 0.0623296 0.0692947 0.0729229 0.073281 0.0711213 0.0673803 0.0627849 0.0577467 0.0524549 0.0469988 0.041442 0.03585 0.0302984 0.0248802 0.0197143 0.0149493 0.010749 0.00725833 0.00455932
 0.00895112 0.0145499 0.0219094 0.0309473 0.0413223 0.0522646 0.0625327 0.0706985 0.0756555 0.0770003 0.0750561 0.0706236 0.0646715 0.058084 0.0514945 0.0452257 0.0393457 0.0337903 0.0284799 0.0233869 0.0185567 0.0140986 0.0101579 0.00687241 0.00432448
 0.00878184 0.0142671 0.02147 0.0303091 0.0404603 0.0512005 0.0613755 0.0696727 0.0750854 0.0772215 0.0762641 0.0727284 0.0672623 0.0605618 0.0533149 0.0461084 0.0393318 0.0331445 0.0275305 0.0224022 0.0176979 0.0134307 0.00968288 0.00656048 0.00413514
 0.00873298 0.0141777 0.0213163 0.0300607 0.0400844 0.0506717 0.0606887 0.0688594 0.0742296 0.0764712 0.0758205 0.0727965 0.0679613 0.0618353 0.054908 0.0476497 0.0404848 0.033739 0.027597 0.0221084 0.0172454 0.0129771 0.00931363 0.00629981 0.00397106
 0.00869374 0.014116 0.0212267 0.0299374 0.0399196 0.050454 0.0604037 0.0684939 0.0737805 0.0759584 0.075301 0.0723707 0.0677592 0.0619746 0.0554333 0.048486 0.0414459 0.034598 0.0281824 0.0223659 0.0172331 0.0128099 0.00910223 0.00611463 0.00383913
 0.00868072 0.0140913 0.0211831 0.0298664 0.0398136 0.0503094 0.0602227 0.0682828 0.0735454 0.0757022 0.0750264 0.072091 0.0675105 0.0618199 0.0554459 0.0487149 0.0418781 0.0351479 0.0287208 0.0227769 0.0174612 0.0128708 0.0090558 0.00602682 0.00375544
 0.00867222 0.0140778 0.021163 0.0298378 0.0397736 0.050254 0.0601472 0.0681832 0.0734208 0.0755547 0.0748617 0.0719166 0.0673378 0.0616684 0.0553474 0.0487081 0.0419924 0.0353813 0.0290298 0.0230898 0.01771 0.0130201 0.0091108 0.00601943 0.00372187
 0.0086788 0.0140884 0.0211785 0.0298588 0.0397996 0.0502827 0.0601737 0.0682002 0.0734189 0.0755252 0.0747985 0.0718186 0.0672105 0.0615242 0.0552059 0.0485956 0.0419365 0.0354009 0.0291238 0.0232327 0.0178608 0.0131408 0.00918257 0.00604533 0.0037185
 0.00866493 0.0140681 0.0211525 0.0298291 0.0397696 0.0502561 0.0601538 0.0681888 0.0734158 0.0755275 0.0748005 0.0718131 0.0671907 0.061487 0.0551545 0.0485403 0.0418938 0.0353883 0.0291523 0.0233 0.0179506 0.0132299 0.00925143 0.00608616 0.00373499
 0.00863915 0.0140292 0.0210994 0.0297634 0.0396951 0.0501787 0.0600812 0.0681292 0.0733768 0.0755134 0.0748109 0.0718426 0.0672304 0.061527 0.0551868 0.0485619 0.0419082 0.0354042 0.0291797 0.0233445 0.0180099 0.013294 0.00930822 0.00612729 0.00375886
 0.00864046 0.0140275 0.0210902 0.0297403 0.0396525 0.0501147 0.0599999 0.068041 0.0732952 0.0754509 0.0747756 0.0718366 0.0672502 0.0615651 0.0552339 0.0486095 0.0419511 0.0354418 0.0292154 0.0233828 0.0180528 0.0133393 0.0093505 0.00616105 0.00378156
 0.00864096 0.0140273 0.0210877 0.029733 0.0396368 0.0500865 0.0599554 0.067979 0.0732185 0.0753675 0.0746977 0.0717772 0.0672191 0.0615657 0.0552627 0.0486581 0.0420094 0.0355016 0.0292721 0.0234352 0.0181012 0.0133835 0.00938898 0.0061917 0.00380321
 0.00861843 0.0139949 0.0210469 0.0296876 0.0395917 0.0500456 0.0599202 0.067948 0.0731885 0.0753358 0.0746637 0.0717442 0.0671933 0.0615545 0.0552716 0.0486884 0.0420575 0.0355607 0.0293347 0.0234954 0.0181556 0.0134303 0.00942731 0.0062211 0.00382388
 0.00860675 0.0139754 0.0210167 0.0296446 0.0395355 0.0499792 0.0598508 0.0678853 0.0731418 0.0753097 0.0746567 0.0717503 0.0672059 0.0615701 0.0552907 0.048714 0.0420923 0.035605 0.0293856 0.0235484 0.018206 0.0134746 0.00946341 0.00624844 0.00384293
 0.00860675 0.0139754 0.0210167 0.0296446 0.0395355 0.0499792 0.0598508 0.0678853 0.0731418 0.0753097 0.0746567 0.0717503 0.0672059 0.0615701 0.0552907 0.048714 0.0420923 0.035605 0.0293856 0.0235484 0.018206 0.0134746 0.00946341 0.00624844 0.00384293
 0.0086415 0.0140295 0.0210934 0.0297441 0.0396545 0.0501094 0.0599789 0.0679948 0.073217 0.0753407 0.0746419 0.0716951 0.06712 0.0614639 0.0551745 0.0485977 0.0419853 0.0355146 0.0293162 0.0235005 0.0181767 0.0134595 0.00945769 0.00624798 0.00384472
 0.00843666 0.0137106 0.0206409 0.0291534 0.0389401 0.0493106 0.0591625 0.0672497 0.0726366 0.0749981 0.0745715 0.0718874 0.0675305 0.0620281 0.0558231 0.0492681 0.0426289 0.0360989 0.0298232 0.023923 0.0185148 0.0137179 0.00964487 0.00637528 0.00392524
 0.00873264 0.014155 0.0212398 0.0298838 0.0397518 0.0501315 0.0599059 0.0678253 0.0729675 0.0750426 0.0743356 0.0714231 0.0669176 0.0613519 0.0551554 0.0486578 0.0421014 0.0356616 0.0294728 0.0236513 0.0183119 0.0135733 0.00954745 0.00631383 0.00388928
 0.00895223 0.0145386 0.0218627 0.0308219 0.0410514 0.0517674 0.0617502 0.0696546 0.0745178 0.0760864 0.0747441 0.0711858 0.0661244 0.060155 0.0537288 0.0471635 0.0406676 0.0343741 0.0283775 0.0227628 0.0176237 0.0130659 0.00919347 0.00608203 0.00374802
#pred catch len freq
 0.00333202 0.00534914 0.00795908 0.0111725 0.0150197 0.0195177 0.0246069 0.0301189 0.0358015 0.0413685 0.0465445 0.0511042 0.0549054 0.0578967 0.0600937 0.0615446 0.0623026 0.0624006 0.061805 0.0603457 0.0576734 0.0533387 0.0470409 0.0389425 0.0298157
 0.00360861 0.00573673 0.00843118 0.0116753 0.0154992 0.0199562 0.0250402 0.0306148 0.0364054 0.0420496 0.0471811 0.0515243 0.0549615 0.0575351 0.0593851 0.0606614 0.0614541 0.061752 0.0614143 0.0601485 0.0575263 0.0531007 0.0466461 0.0384235 0.0292687
 0.003731 0.00596334 0.00881891 0.0122827 0.0163595 0.0210446 0.0262584 0.0318163 0.0374556 0.0428811 0.0477999 0.0519595 0.0552038 0.0575198 0.0590359 0.0599597 0.060478 0.0606531 0.0603478 0.0592036 0.0567021 0.0523402 0.0458989 0.0376896 0.0285968
 0.00390052 0.00622355 0.00918699 0.0127777 0.0170142 0.0219128 0.0274027 0.0332684 0.0391667 0.044698 0.0494957 0.0533104 0.0560627 0.057838 0.0588323 0.0592804 0.0593861 0.0592424 0.0587469 0.0575496 0.0551032 0.0508584 0.0445654 0.0365312 0.0276457
 0.00410161 0.00654254 0.00965218 0.0134103 0.0178263 0.022906 0.0285694 0.0345974 0.0406481 0.0463147 0.051196 0.0549778 0.0575139 0.0588656 0.05927 0.0590514 0.05851 0.0578147 0.0569115 0.0554752 0.0529605 0.0487993 0.0427098 0.0349633 0.0264123
 0.00432773 0.00690236 0.0101806 0.0141381 0.0187791 0.0240998 0.0300011 0.0362348 0.0424273 0.0481483 0.0529876 0.0566333 0.0589388 0.0599524 0.0598935 0.0590869 0.0578724 0.0564955 0.0549936 0.0531215 0.0503842 0.0462274 0.0403479 0.0329653 0.0248602
 0.00460472 0.00733422 0.0107979 0.0149618 0.0198235 0.0253746 0.0315074 0.0379553 0.0443156 0.0501231 0.0549372 0.0584289 0.0604538 0.0610765 0.0605339 0.0591622 0.0573122 0.055259 0.0531011 0.0506806 0.0475919 0.0433411 0.0376337 0.0306403 0.0230496
 0.00492216 0.00783053 0.011509 0.0159109 0.021021 0.0268179 0.0331768 0.0398086 0.0462871 0.0521283 0.0568775 0.0601967 0.061938 0.0621704 0.0611432 0.0592086 0.0567351 0.0540213 0.0512082 0.0482083 0.0447074 0.0402952 0.0347146 0.0281046 0.0210586
 0.00524788 0.00834528 0.0122573 0.0169273 0.022328 0.0284211 0.0350548 0.0419038 0.0485044 0.0543444 0.0589574 0.062011 0.0633765 0.063148 0.0615971 0.0590913 0.0560089 0.0526619 0.0492208 0.0456563 0.0417383 0.0371443 0.0316696 0.0254363 0.0189483
 0.00555042 0.00882678 0.0129643 0.0179008 0.0236013 0.0300144 0.0369628 0.0440827 0.0508636 0.0567497 0.0612451 0.0640111 0.0649386 0.0641616 0.0619989 0.0588563 0.0551355 0.0511612 0.0471226 0.0430309 0.0387253 0.0339636 0.0285955 0.0227343 0.0168028
 0.00585951 0.00931399 0.0136709 0.0188594 0.0248371 0.0315423 0.03878 0.0461563 0.053122 0.0590806 0.0635024 0.0660297 0.0665565 0.0652436 0.0624532 0.0586399 0.0542473 0.0496308 0.0450052 0.0404172 0.0357607 0.0308585 0.0256063 0.0201097 0.0147168
 0.00624115 0.00990698 0.0145136 0.0199732 0.0262283 0.0332044 0.0406891 0.0482627 0.0553448 0.0613092 0.0656048 0.0678651 0.0679899 0.0661603 0.0627702 0.0583121 0.0532678 0.048028 0.0428418 0.0377955 0.0328328 0.0278303 0.0227182 0.0175892 0.0127206
 0.00645418 0.0102674 0.0150825 0.0208171 0.0274062 0.0347465 0.0425751 0.0504125 0.0576285 0.0635712 0.0676881 0.0696289 0.0693197 0.0669722 0.0630111 0.0579574 0.0523188 0.0465119 0.040816 0.0353567 0.0301256 0.0250472 0.0200785 0.015296 0.0109104
 0.00666074 0.0105896 0.0155453 0.0214437 0.0282252 0.0357967 0.0438983 0.0520313 0.0595159 0.0656281 0.0697478 0.0714902 0.070795 0.0679266 0.0633761 0.0577214 0.0515073 0.0451731 0.039018 0.0331947 0.027733 0.0225963 0.0177625 0.0132909 0.0093323
 0.00690518 0.0109682 0.0160803 0.0221444 0.0290889 0.0368112 0.0450442 0.0532838 0.0608479 0.0670096 0.0711357 0.0728138 0.0719497 0.0687864 0.0638236 0.0576776 0.0509465 0.0441198 0.0375359 0.0313796 0.0257116 0.0205237 0.0158064 0.011601 0.00800513
 0.00703977 0.0111933 0.0164309 0.0226573 0.0297951 0.0377241 0.0461464 0.0545224 0.0621422 0.0682689 0.0722791 0.0737819 0.0727034 0.0692956 0.0640548 0.0575905 0.0505047 0.0433077 0.0363736 0.0299292 0.0240755 0.0188346 0.014208 0.0102197 0.00692137
 0.00712195 0.0113178 0.0166035 0.0228829 0.0300844 0.0380997 0.046642 0.0551706 0.0629531 0.0692119 0.07328 0.0747399 0.0735199 0.069898 0.0644026 0.0576661 0.0503003 0.0428201 0.0356114 0.028926 0.0228996 0.0175867 0.0130048 0.00916726 0.00608943
 0.00711305 0.0113167 0.016626 0.0229506 0.0302182 0.0383107 0.0469272 0.0555174 0.0633514 0.0696628 0.073791 0.0753085 0.0741167 0.0704647 0.0648667 0.0579616 0.0503816 0.0426656 0.0352214 0.0283236 0.0221339 0.016733 0.0121539 0.00840582 0.00547804
 0.0071513 0.0113712 0.0166952 0.0230323 0.0303144 0.038434 0.0471007 0.0557659 0.0636862 0.0700703 0.0742351 0.0757453 0.0745111 0.0707953 0.0651185 0.0581159 0.0504134 0.0425504 0.0349454 0.0278927 0.0215781 0.0161051 0.0115214 0.0078347 0.00501612
 0.00716195 0.0113792 0.01669 0.0229976 0.0302331 0.0382948 0.0469075 0.0555435 0.0634805 0.0699395 0.0742327 0.0759003 0.0748161 0.0712086 0.0655787 0.058559 0.0507837 0.0428043 0.0350542 0.0278461 0.0213892 0.0158105 0.0111743 0.00749189 0.0047228
 0.00713521 0.0113411 0.0166417 0.0229415 0.0301686 0.0382148 0.0467975 0.0553876 0.063273 0.0696971 0.0739981 0.0757338 0.0747747 0.0713243 0.065845 0.0589322 0.0511973 0.0431878 0.0353494 0.0280176 0.0214283 0.015735 0.0110218 0.0073082 0.00454859
 0.00715284 0.0113641 0.0166663 0.0229614 0.0301778 0.0382108 0.0467817 0.0553624 0.0632367 0.069641 0.0739117 0.075616 0.0746436 0.0712166 0.0658016 0.0589791 0.0513315 0.0433771 0.0355448 0.0281711 0.0215087 0.0157353 0.0109573 0.00720789 0.00444256
 0.00723133 0.0114736 0.0167974 0.0230932 0.0302834 0.0382656 0.0467721 0.0552893 0.0631139 0.06949 0.0737545 0.0754687 0.0745151 0.0711118 0.0657285 0.0589498 0.0513564 0.0434553 0.0356586 0.0282901 0.0216016 0.0157821 0.010956 0.00717127 0.00439025
 0.00727942 0.0115473 0.0168987 0.0232191 0.0304229 0.0383992 0.0468724 0.0553267 0.0630671 0.0693564 0.0735544 0.0752391 0.0742964 0.0709354 0.0656103 0.0588929 0.0513563 0.0435034 0.0357417 0.0283894 0.0216952 0.0158515 0.0109921 0.00717679 0.00437592
