SBPRF35
9.42845
Curr Bio
557737
B35
711326
F35
0.19493
FOFL
0.153775
OFL
69927
Bzero
2.69384e+06
#pred survey bio
 4.33734e+06 4.11643e+06 3.91246e+06 3.66401e+06 3.36018e+06 3.03843e+06 2.75561e+06 2.48208e+06 2.2086e+06 1.93692e+06 1.71219e+06 1.48692e+06 1.34151e+06 1.19151e+06 1.06036e+06 946464 871740 789551 745302 702832 666345 644148 614523 598486 586135 576986 570745 563231 563932 560644 564387 566539 562311 564404 550235 545314 528772 518592 523666 526809 528175 542792 546243 553774 565425 572627 586715 598310 599957 611452 619572 612342 598193 589241 549440 494655 486761 543766 577449 562482 550336 585400 550887 563161 561883 543101 541588 563091 2.00692e+07 1.21711e+07 1.25391e+07 1.3421e+07 1.46152e+07 1.58796e+07 1.70527e+07 1.80559e+07 1.8869e+07 1.95041e+07 1.99881e+07 2.03507e+07 2.06196e+07 2.08177e+07 2.09634e+07 2.10706e+07 2.11496e+07 2.12081e+07 2.12516e+07 2.12841e+07 2.13086e+07 2.13272e+07 2.13412e+07 2.1352e+07 2.13603e+07 2.13667e+07 2.13716e+07 2.13755e+07 2.13785e+07 2.13808e+07 2.13826e+07 2.1384e+07 2.13852e+07 2.1386e+07 2.13867e+07 2.13873e+07 2.13877e+07 2.13881e+07 2.13883e+07 2.13885e+07 2.13887e+07 2.13888e+07 2.1389e+07 2.1389e+07 2.13891e+07 2.13892e+07 2.13892e+07 2.13892e+07 2.13893e+07 2.13893e+07 2.13893e+07 2.13893e+07 2.13893e+07 2.13893e+07 2.13893e+07 2.13893e+07 2.13893e+07 2.13893e+07 2.13894e+07 2.13894e+07 2.13894e+07 2.13894e+07 2.13894e+07 2.13894e+07 2.13894e+07 2.13894e+07 2.13894e+07 2.13894e+07 2.13894e+07 2.13894e+07 2.13894e+07 2.13894e+07 2.13894e+07 2.13894e+07 2.13894e+07 2.13894e+07 2.13894e+07 2.13894e+07 2.13894e+07 2.13894e+07 2.13894e+07 2.13894e+07 2.13894e+07 2.13894e+07 2.13894e+07 2.13894e+07 2.13894e+07 2.13894e+07 2.13894e+07 2.13894e+07 2.13894e+07 2.13894e+07 2.13894e+07 2.13894e+07 2.13894e+07 2.13894e+07 2.13894e+07 2.13894e+07 2.13894e+07 2.13894e+07 0 0 0 0 0 0 0 0 0 0 0 0 0 0 0 0 0 0 0 0 0 0 0 0 0
#obs survey bio
 4.83077e+06 3.76893e+06 3.07702e+06 2.8542e+06 1.91998e+06 2.0681e+06 2.97382e+06 1.88993e+06 2.34466e+06 2.14548e+06 1.22247e+06 1.11569e+06 1.22756e+06 921840 1.12688e+06 742829 533013 716819 679437 565589 633284 657764 596163 489371 493938 627823 478344 567734 690051 404144 432109 559249 524430 440873 638476 759747 592288 360108 397672 591416 442890 629619 508417 714762 574235 489296 665022 803543 569850 541547 799189 723637 908262 857427 504811 533368 506610 599298 521773 406665 624775 511141 680672 479991 541886 484856 451078 555359
#pred catch bio
 105223 97016.8 149140 218887 259864 250589 267476 290580 308880 283458 297848 238268 250496 238050 224132 190130 194345 158100 152880 143597 127809 130662 116467 112062 108180 104296 103909 95919.2 98513 92162 92897.6 96090.4 87705.2 97419 85064.2 92865.7 89430.8 81376.2 86995.3 89867.8 79243.9 88825.7 85376.5 82735.1 87561.5 82909.4 86095.8 94742.3 86586.4 89828.8 102329 106959 101261 125013 134177 93204.5 41465.4 63554.5 104010 101362 64369 124402 84883.7 98199.1 113012 98564.9 79710.8 86213.7 69927 87828.6 89223.9 94142.6 102004 110671 118705 125464 130808 134852 137816 139935 141423 142453 143157 143634 143955 144169 144312 144407 144470 144511 144538 144556 144568 144575 144580 144584 144586 144587 144588 144589 144589 144589 144590 144590 144590 144590 144590 144590 144590 144590 144590 144590 144590 144590 144590 144590 144590 144590 144590 144590 144590 144590 144590 144590 144590 144590 144590 144590 144590 144590 144590 144590 144590 144590 144590 144590 144590 144590 144590 144590 144590 144590 144590 144590 144590 144590 144590 144590 144590 144590 144590 144590 144590 144590 144590 144590 144590 144590 144590 144590 144590 144590 144590 144590 144590 144590 144590 144590 0 0 0 0 0 0 0 0 0 0 0 0 0 0 0 0 0 0 0 0 0 0 0 0 0
#obs catch bio
 0 96636.1 149260 219718 261893 252821 270444 295538 313715 286561 303623 242500 256913 244311 229665 193933 200321 160949 155267 146123 129363 132609 117552 113685 110322 105830 105390 97056.5 99785.7 93245.4 94516.1 97746.8 88523.7 98715.3 85283.7 92596.6 89117.2 81381 87596.2 90309.9 79312.3 88790.7 85177.3 82484.4 87641.5 82939.4 86052.8 94551.7 86444.9 89562.1 101953 106589 100385 123209 132266 92686.8 40960.9 63175.2 103625 101609 63583 125224 84394.2 97991.9 112903 98648.6 79583.6 86238.1
#pred cpue bio
 4.26673e+06 4.04963e+06 3.84948e+06 3.60303e+06 3.30039e+06 2.97996e+06 2.69827e+06 2.42617e+06 2.15465e+06 1.88538e+06 1.66244e+06 1.43914e+06 1.29455e+06 1.14625e+06 1.01705e+06 905202 831847 751890 709271 668521 633517 612370 583968 568481 556435 547687 541951 534908 535760 532719 536391 538794 535428 538307 525488 521545 505188 493627 496966 499605 501259 515825 519441 526751 537935 544792 558383 569710 571415 582635 590642 583722 569956 561333 522802 469252 461069 516695 550444 535972 523232 556613 523130 534677 533217 514799 513029 534406 1.91237e+07 1.16318e+07 1.1875e+07 1.2593e+07 1.37181e+07 1.49633e+07 1.61319e+07 1.71342e+07 1.7947e+07 1.85821e+07 1.90661e+07 1.94287e+07 1.96975e+07 1.98957e+07 2.00414e+07 2.01485e+07 2.02276e+07 2.0286e+07 2.03296e+07 2.03621e+07 2.03866e+07 2.04051e+07 2.04192e+07 2.043e+07 2.04383e+07 2.04447e+07 2.04496e+07 2.04535e+07 2.04564e+07 2.04588e+07 2.04606e+07 2.0462e+07 2.04631e+07 2.0464e+07 2.04647e+07 2.04653e+07 2.04657e+07 2.0466e+07 2.04663e+07 2.04665e+07 2.04667e+07 2.04668e+07 2.04669e+07 2.0467e+07 2.04671e+07 2.04671e+07 2.04672e+07 2.04672e+07 2.04672e+07 2.04673e+07 2.04673e+07 2.04673e+07 2.04673e+07 2.04673e+07 2.04673e+07 2.04673e+07 2.04673e+07 2.04673e+07 2.04673e+07 2.04673e+07 2.04673e+07 2.04673e+07 2.04673e+07 2.04673e+07 2.04673e+07 2.04673e+07 2.04673e+07 2.04673e+07 2.04673e+07 2.04673e+07 2.04673e+07 2.04673e+07 2.04673e+07 2.04673e+07 2.04673e+07 2.04673e+07 2.04673e+07 2.04673e+07 2.04673e+07 2.04673e+07 2.04673e+07 2.04673e+07 2.04673e+07 2.04673e+07 2.04673e+07 2.04673e+07 2.04673e+07 2.04673e+07 2.04673e+07 2.04673e+07 2.04673e+07 2.04673e+07 2.04673e+07 2.04673e+07 2.04673e+07 2.04673e+07 2.04673e+07 2.04673e+07 2.04673e+07 2.04673e+07 0 0 0 0 0 0 0 0 0 0 0 0 0 0 0 0 0 0 0 0 0 0 0 0 0
#obs cpue bio
 2.28673e+06 3.92083e+06 3.77926e+06 3.17576e+06 2.96298e+06 2.35881e+06 2.19844e+06 1.79196e+06 2.74505e+06 1.82423e+06 1.47377e+06 1.03104e+06 915079 1.03414e+06 824636 867657 707508 857926 778473 572916 633812 490131 602751 410232 348822 530420 568256 432456 382831 565270 372276 499338 662513 617053 668483 712064 476726 473462 409745 529423 601288 631978 609454 428979 433512 581176 546992 577283 499846 779822 557107 516209 509253 697878 694996 397166 446256 555013 612469 479313 725780 450141 477304 643626 594262 478083 616155 609571
#pred surv len freq
 0.00577052 0.0091933 0.0135075 0.0185873 0.0242571 0.0302447 0.0361358 0.0414448 0.0457899 0.0490285 0.0512472 0.0526507 0.0534575 0.0538468 0.0539443 0.0538253 0.053527 0.0530531 0.0523426 0.0512007 0.0492448 0.0459669 0.0409679 0.0342721 0.0264938
 0.00589556 0.00931819 0.0135559 0.0184541 0.0238534 0.02956 0.035276 0.0406104 0.0451936 0.048799 0.0513782 0.0530238 0.0539155 0.0542719 0.0543002 0.0541508 0.053893 0.0535057 0.0528613 0.0516942 0.0495897 0.0460695 0.0408141 0.033932 0.0260837
 0.00628281 0.00989191 0.0143104 0.0193339 0.0247529 0.0303347 0.0357697 0.0406996 0.044844 0.0481011 0.0505276 0.0522404 0.0533493 0.0539541 0.0541682 0.0541167 0.0539007 0.0535417 0.0529233 0.051754 0.0495851 0.045935 0.0405238 0.0335225 0.0256366
 0.00657208 0.0103674 0.015033 0.0203567 0.0261 0.0319718 0.0375772 0.0424702 0.0463215 0.0490527 0.0508217 0.0518943 0.0525183 0.0528651 0.0530294 0.0530542 0.0529507 0.052685 0.0521247 0.0509796 0.0488047 0.0451281 0.0396955 0.0327138 0.0249123
 0.00687949 0.0108525 0.0157381 0.0213166 0.0273426 0.0335137 0.0394086 0.0445325 0.0484862 0.0511173 0.0525352 0.0530149 0.0528877 0.0524645 0.051983 0.0515749 0.0512575 0.050939 0.0504095 0.0493218 0.0472081 0.0436039 0.0382778 0.031458 0.0238767
 0.00721243 0.011376 0.0164934 0.0223321 0.0286318 0.0350728 0.0412112 0.0465262 0.0505933 0.0532357 0.0545326 0.0547228 0.0541116 0.0530232 0.0517675 0.0505934 0.0496373 0.0488791 0.0481155 0.0469591 0.0448938 0.0414255 0.0363151 0.0297865 0.022552
 0.00750143 0.0118318 0.017154 0.0232251 0.0297727 0.0364609 0.0428235 0.0483139 0.0524862 0.0551514 0.0563834 0.056412 0.0555239 0.0540191 0.0521978 0.0503374 0.0486493 0.0472168 0.0459306 0.0444567 0.0422863 0.0389037 0.0340363 0.0278675 0.0210583
 0.00775369 0.0122361 0.0177519 0.0240524 0.0308541 0.0378013 0.0443989 0.0500672 0.0543342 0.0570007 0.0581438 0.0580024 0.0568671 0.055032 0.0527822 0.0503839 0.0480612 0.0459493 0.0440262 0.0420549 0.039603 0.0361874 0.0315212 0.0257329 0.0194022
 0.00805672 0.0127103 0.0184321 0.0249608 0.0319999 0.0391794 0.0459839 0.0518084 0.0561565 0.0588124 0.0598491 0.0595116 0.0581033 0.0559302 0.0532812 0.0504168 0.0475548 0.0448425 0.0423051 0.0397888 0.0369591 0.0334098 0.0288777 0.0234511 0.0176185
 0.00852343 0.0134254 0.0194271 0.0262373 0.0335323 0.0409216 0.0478716 0.0537595 0.0580767 0.0606067 0.0614327 0.0608159 0.0590748 0.0565275 0.0534699 0.0501624 0.0468179 0.0435833 0.0405048 0.0374852 0.0342769 0.0305628 0.0261304 0.0210496 0.0157243
 0.00895669 0.0141024 0.0203944 0.0275181 0.0351218 0.0427805 0.0499202 0.0558793 0.0601281 0.0624578 0.0629825 0.0620021 0.0598671 0.0569145 0.0534466 0.0497214 0.045944 0.0422562 0.0387142 0.0352594 0.0317134 0.0278411 0.0234873 0.0187196 0.0138714
 0.00943817 0.0148578 0.02148 0.0289674 0.0369397 0.0449344 0.0523285 0.058407 0.0626001 0.0646885 0.0648092 0.0633097 0.0605982 0.0570657 0.0530528 0.0488336 0.0446096 0.0405091 0.0365822 0.0327874 0.0289943 0.0250336 0.0208014 0.0163675 0.0120043
 0.00965736 0.0152121 0.0220103 0.0297128 0.0379328 0.0461933 0.0538447 0.0601362 0.0644606 0.0665678 0.066576 0.0648284 0.0617472 0.0577546 0.053234 0.0485016 0.0437899 0.0392437 0.034921 0.030795 0.0267671 0.0227134 0.0185674 0.0143995 0.010433
 0.00990626 0.0156102 0.0225976 0.0305224 0.0389861 0.0474913 0.0553585 0.061803 0.0661905 0.0682578 0.0681231 0.0661367 0.0627307 0.0583411 0.0533714 0.0481648 0.0429835 0.0379998 0.0332955 0.0288667 0.0246434 0.0205343 0.0164958 0.0125914 0.00899789
 0.0101678 0.0160179 0.0231792 0.0312937 0.0399506 0.0486393 0.0566633 0.0632167 0.0676445 0.0696703 0.069409 0.0672166 0.0635372 0.0588209 0.0534857 0.0478893 0.0423103 0.0369416 0.0318904 0.0271827 0.0227815 0.0186258 0.0146883 0.011021 0.00775642
 0.0104717 0.0164866 0.0238369 0.0321461 0.0409845 0.0498243 0.0579511 0.0645416 0.0689309 0.0708436 0.0704062 0.0679902 0.0640531 0.0590554 0.0534226 0.047519 0.0416302 0.0359599 0.0306322 0.025699 0.0211546 0.0169679 0.0131265 0.0096711 0.00669452
 0.010403 0.016416 0.0238069 0.0322211 0.041235 0.0502995 0.0586569 0.0654356 0.0699365 0.0718742 0.0713837 0.0688531 0.0647557 0.0595634 0.0537091 0.0475623 0.041415 0.0354799 0.0298969 0.0247414 0.0200375 0.0157826 0.0119797 0.00866262 0.00589231
 0.0104854 0.0165397 0.0239759 0.0324378 0.0415066 0.0506448 0.0591054 0.0660156 0.0706546 0.0726978 0.0722403 0.0696482 0.065401 0.0599984 0.0539067 0.0475211 0.0411458 0.0349977 0.0292213 0.0239027 0.0190849 0.0147867 0.0110245 0.00782699 0.00523
 0.0105325 0.0165944 0.0240182 0.0324373 0.0414324 0.050483 0.0588734 0.0657672 0.0704698 0.0726608 0.0724124 0.0700446 0.0659812 0.0606763 0.0545759 0.0480831 0.0415298 0.0351659 0.0291655 0.0236401 0.0186557 0.0142516 0.0104569 0.00729838 0.00479353
 0.0105808 0.016675 0.024142 0.0326112 0.0416532 0.0507294 0.0591044 0.0659313 0.0705267 0.072605 0.072283 0.0699132 0.0659225 0.0607355 0.0547503 0.0483248 0.0417653 0.0353224 0.0291913 0.0235152 0.0183929 0.0138906 0.010054 0.00691176 0.00446812
 0.0106545 0.0167826 0.0242814 0.0327742 0.041829 0.0509095 0.0592842 0.0661054 0.0706821 0.0727184 0.0723286 0.0698789 0.0658229 0.0606113 0.0546507 0.0482826 0.04178 0.0353609 0.0292045 0.0234604 0.018251 0.0136716 0.00979083 0.00664668 0.00423768
 0.0106785 0.0168138 0.0243142 0.0327985 0.0418327 0.0508838 0.0592279 0.0660277 0.0706004 0.0726532 0.0722956 0.0698827 0.0658569 0.0606646 0.0547174 0.0483648 0.0418816 0.0354765 0.0293138 0.0235342 0.0182646 0.0136174 0.00968228 0.00651149 0.00410558
 0.0109239 0.0171724 0.0247783 0.0333333 0.0423847 0.0513947 0.0596467 0.0663167 0.0707381 0.0726359 0.0721384 0.0696164 0.0655205 0.0602964 0.0543489 0.0480195 0.0415758 0.035219 0.0291039 0.0233607 0.0181108 0.0134696 0.00953613 0.00637316 0.00398605
 0.0110433 0.0173583 0.0250416 0.0336758 0.0427954 0.051846 0.0600939 0.0667031 0.0710087 0.0727543 0.0720976 0.0694375 0.0652426 0.0599638 0.054001 0.0476863 0.0412766 0.0349635 0.0288936 0.0231903 0.0179702 0.0133483 0.00942749 0.0062764 0.00390457
 0.0109386 0.0172225 0.0249009 0.0335758 0.0427889 0.0519727 0.0603624 0.0670851 0.0714464 0.073177 0.0724396 0.0696529 0.0653138 0.0599018 0.0538383 0.0474643 0.0410346 0.0347313 0.0286886 0.0230189 0.0178309 0.0132352 0.00933472 0.00620044 0.00384438
 0.0108763 0.0171171 0.0247366 0.0333414 0.0424868 0.0516302 0.0600366 0.0668524 0.0713764 0.0733024 0.0727397 0.0700614 0.0657446 0.0602787 0.0541147 0.0476284 0.0411017 0.0347304 0.02865 0.0229657 0.0177766 0.0131854 0.00929084 0.00616254 0.00381293
 0.0109096 0.0171546 0.0247618 0.0333276 0.0424027 0.0514516 0.0597581 0.0664964 0.0709946 0.0729668 0.0725237 0.0700157 0.0658769 0.0605504 0.0544569 0.0479683 0.0413862 0.0349362 0.0287799 0.0230366 0.0178085 0.0131944 0.00928752 0.00615331 0.00380181
 0.010918 0.0171733 0.0247984 0.033389 0.04249 0.051553 0.0598454 0.0665305 0.0709402 0.0728112 0.0722884 0.0697531 0.0656532 0.0604199 0.0544417 0.048053 0.0415289 0.035089 0.028907 0.0231227 0.0178551 0.0132121 0.0092882 0.00614617 0.00379259
 0.0109119 0.0171541 0.0247531 0.0333022 0.0423504 0.0513618 0.0596215 0.0663055 0.0707454 0.0726633 0.0721859 0.0696853 0.0656148 0.0604197 0.0544978 0.0481789 0.0417207 0.0353227 0.0291473 0.0233369 0.0180236 0.0133305 0.00936308 0.00618885 0.00381436
 0.0109866 0.0172636 0.024895 0.0334647 0.0425128 0.051498 0.0597049 0.0663153 0.0706736 0.0725192 0.0719937 0.0694747 0.0654111 0.06024 0.054354 0.0480816 0.0416782 0.0353359 0.0292054 0.0234196 0.0181087 0.0134015 0.00941308 0.00621899 0.00382987
 0.0107061 0.0168697 0.0244169 0.0329674 0.0420781 0.0511931 0.0595579 0.0663106 0.0707673 0.0726617 0.0721477 0.0696226 0.0655524 0.0603833 0.0545087 0.0482531 0.0418672 0.0355391 0.0294153 0.0236246 0.0182947 0.0135561 0.00952963 0.00629823 0.00387831
 0.0103538 0.0163379 0.0236955 0.0320809 0.0410868 0.0501891 0.0586559 0.0656298 0.0704011 0.0726466 0.0724503 0.0701556 0.0662104 0.0610766 0.0551804 0.0488768 0.0424357 0.0360522 0.029873 0.024024 0.0186307 0.0138245 0.0097302 0.00643669 0.00396575
 0.0102089 0.0160965 0.0233222 0.0315426 0.0403636 0.0492912 0.0576391 0.064598 0.0694892 0.0719873 0.0721385 0.0702235 0.0666215 0.0617416 0.0559872 0.0497223 0.0432458 0.0367852 0.0305115 0.0245635 0.0190719 0.0141702 0.0099863 0.00661376 0.00407866
 0.00984824 0.0155631 0.0226168 0.0306967 0.0394265 0.04831 0.0566482 0.063626 0.0685763 0.0712001 0.0715677 0.0699631 0.0667368 0.0622417 0.0568165 0.0507752 0.0443968 0.0379205 0.0315481 0.0254535 0.0197962 0.0147297 0.0103944 0.00689261 0.00425536
 0.00980436 0.0154699 0.0224378 0.0303887 0.0389553 0.0476713 0.0558812 0.062807 0.0677916 0.0705167 0.0710226 0.0695755 0.0665291 0.0622464 0.0570617 0.0512615 0.0450828 0.0387285 0.0323862 0.0262395 0.0204734 0.0152705 0.0107963 0.00716993 0.00443224
 0.0106454 0.0166345 0.0238148 0.031746 0.040002 0.04816 0.0556947 0.0619853 0.066498 0.0689741 0.0694517 0.0681536 0.065371 0.0614077 0.0565554 0.0510738 0.04518 0.0390553 0.0328667 0.0267876 0.0210095 0.0157366 0.0111622 0.00743137 0.00460258
 0.0117238 0.0182793 0.0260786 0.0345804 0.0432408 0.0515148 0.0587688 0.0643317 0.0677318 0.0689003 0.0681351 0.0658856 0.0625577 0.0584458 0.053751 0.0486193 0.0431681 0.037506 0.0317493 0.026038 0.0205455 0.0154738 0.0110274 0.00736951 0.00457783
 0.0118353 0.0185562 0.0266695 0.0356758 0.0450165 0.0540429 0.0619359 0.0678142 0.0710515 0.0715401 0.0696723 0.0660987 0.0614762 0.0563258 0.0509878 0.0456319 0.0403044 0.0349962 0.029705 0.0244772 0.0194247 0.0147163 0.0105459 0.00708222 0.0044174
 0.0112949 0.0177846 0.025714 0.0346673 0.0441585 0.0535774 0.0620959 0.0687652 0.0728243 0.0739761 0.0724197 0.0686861 0.0634455 0.0573701 0.0510316 0.044825 0.0389429 0.0334126 0.0281773 0.0231818 0.0184337 0.0140235 0.0101005 0.00681828 0.00427313
 0.0109789 0.0172821 0.0249831 0.0336889 0.042956 0.0522406 0.0607989 0.0677555 0.0723716 0.0742895 0.0735649 0.0705378 0.0656992 0.0596169 0.0528762 0.046002 0.039383 0.033232 0.0276034 0.0224586 0.0177489 0.0134793 0.00972295 0.00658537 0.00414427
 0.0109246 0.0171769 0.0247923 0.0333678 0.0424579 0.0515342 0.0598901 0.0667072 0.0713135 0.0734085 0.073071 0.0706042 0.0663937 0.0608547 0.0544254 0.0475508 0.0406426 0.03403 0.0279219 0.0224059 0.0174902 0.0131657 0.00945099 0.0063926 0.0040275
 0.0108385 0.0170345 0.0245729 0.0330486 0.0420165 0.0509531 0.0591642 0.0658524 0.0703739 0.0724633 0.0722365 0.0700245 0.0662125 0.0611682 0.0552336 0.0487338 0.0419851 0.0352896 0.0289114 0.0230467 0.0178128 0.0132665 0.00943662 0.00634219 0.00398202
 0.0109501 0.0171949 0.0247744 0.0332681 0.042218 0.0510938 0.0592007 0.0657456 0.0700957 0.0720058 0.0716234 0.0693197 0.0655199 0.0606167 0.0549431 0.0487724 0.0423355 0.0358473 0.0295232 0.0235709 0.0181689 0.0134482 0.00948966 0.00632726 0.00394664
 0.0109943 0.0172646 0.0248745 0.0333998 0.0423763 0.0512648 0.0593592 0.065857 0.0701215 0.0719134 0.0713954 0.0689612 0.0650641 0.0601259 0.0545029 0.0484722 0.0422389 0.0359643 0.0298017 0.0239176 0.0184889 0.0136812 0.00962251 0.00638164 0.00395618
 0.0109707 0.01723 0.0248298 0.0333491 0.0423265 0.0512245 0.0593365 0.0658564 0.0701402 0.0719383 0.071404 0.0689277 0.0649693 0.059968 0.0543047 0.0482797 0.0421087 0.0359419 0.0299006 0.0241109 0.0187216 0.0138959 0.00978251 0.00647885 0.00400345
 0.0109402 0.0171892 0.0247844 0.0333097 0.0423056 0.0512315 0.0593741 0.0659199 0.0702198 0.0720217 0.0714777 0.0689769 0.0649783 0.0599241 0.0542048 0.048137 0.0419539 0.0358152 0.0298361 0.0241219 0.0187945 0.0139989 0.00988214 0.00655382 0.00404876
 0.0108008 0.0169802 0.0245034 0.0329679 0.0419262 0.0508469 0.059022 0.0656389 0.0700428 0.0719681 0.0715478 0.0691523 0.0652267 0.0602072 0.0544859 0.0483887 0.0421638 0.035988 0.0299882 0.0242701 0.0189461 0.0141479 0.0100145 0.00665707 0.00411865
 0.0107188 0.0168502 0.0243145 0.0327132 0.0416062 0.0504727 0.0586188 0.0652456 0.0697056 0.07173 0.0714382 0.069181 0.0653829 0.0604632 0.0548034 0.0487274 0.0424899 0.0362802 0.0302396 0.0244847 0.019131 0.0143071 0.0101467 0.00675917 0.00418986
 0.0107377 0.0168782 0.0243509 0.0327543 0.041644 0.0504948 0.0586099 0.065191 0.0695977 0.0715739 0.071254 0.0689994 0.0652361 0.0603746 0.0547818 0.0487661 0.0425709 0.0363825 0.0303456 0.0245844 0.0192212 0.0143873 0.0102161 0.00681572 0.00423192
 0.0106348 0.0167236 0.0241421 0.0324977 0.041354 0.0501907 0.0583131 0.0649227 0.0693759 0.0714111 0.0711558 0.0689673 0.0652706 0.0604767 0.0549506 0.0489946 0.0428438 0.0366773 0.0306377 0.0248527 0.0194518 0.0145743 0.0103596 0.00691953 0.00430197
 0.0105728 0.0166264 0.024003 0.0323136 0.0411267 0.0499285 0.058032 0.0646459 0.0691295 0.0712178 0.0710303 0.0689139 0.0652864 0.0605551 0.0550844 0.049177 0.0430667 0.0369283 0.0309 0.0251069 0.0196805 0.0147655 0.0105082 0.00702689 0.00437374
 0.0106358 0.0167242 0.0241409 0.0324918 0.0413384 0.0501578 0.0582538 0.0648283 0.0692414 0.0712381 0.0709544 0.0687542 0.0650671 0.0603057 0.0548341 0.0489512 0.0428842 0.0367999 0.030827 0.0250821 0.0196905 0.0147951 0.0105441 0.00706008 0.0043997
 0.0105908 0.0166768 0.0241169 0.0325298 0.0414786 0.0504236 0.0586366 0.0652842 0.0697024 0.0716314 0.0712209 0.0688602 0.0650083 0.0601043 0.0545311 0.0485956 0.042523 0.0364709 0.0305545 0.0248764 0.0195495 0.014708 0.0104966 0.00703793 0.00439159
 0.0105589 0.0166189 0.0240202 0.0323839 0.0412838 0.0502017 0.0584343 0.0651637 0.0697175 0.0718012 0.0715174 0.0692177 0.0653489 0.0603643 0.0546777 0.0486291 0.0424686 0.0363654 0.0304346 0.0247692 0.0194698 0.0146586 0.0104723 0.00703011 0.00439223
 0.0110528 0.0173499 0.0249852 0.0335295 0.0425166 0.0514098 0.0595074 0.0660083 0.0702698 0.0720379 0.0714563 0.0689044 0.0648351 0.059694 0.0538854 0.0477489 0.0415429 0.0354454 0.029574 0.024014 0.0188498 0.0141839 0.0101344 0.00680735 0.00425684
 0.0114585 0.0180122 0.0259827 0.034925 0.0443302 0.053583 0.0618766 0.0683146 0.0722168 0.0733746 0.0720425 0.0687314 0.0640021 0.0583614 0.0522294 0.0459296 0.0396911 0.0336637 0.0279416 0.0225906 0.0176737 0.0132686 0.00946804 0.00635659 0.00397537
 0.0110303 0.0173966 0.0252096 0.0340841 0.0435599 0.0530424 0.061712 0.0686243 0.0730173 0.074578 0.0734651 0.07014 0.0651829 0.0591763 0.0526362 0.045966 0.0394408 0.0332244 0.0274056 0.0220354 0.0171592 0.0128347 0.00913351 0.00612108 0.00382435
 0.0104414 0.0164267 0.0237344 0.0320012 0.040836 0.0497768 0.0581844 0.0652802 0.0703697 0.0730609 0.0733066 0.0713083 0.0674164 0.0620732 0.0557663 0.0489672 0.0420734 0.0353773 0.0290685 0.0232595 0.0180222 0.0134186 0.00951237 0.00635593 0.0039626
 0.0107648 0.0168483 0.0241713 0.0322988 0.0407942 0.0492029 0.0569553 0.0633953 0.0679839 0.0704834 0.0709508 0.0695908 0.066634 0.0623127 0.0568903 0.0506778 0.0440198 0.037256 0.0306809 0.0245209 0.0189356 0.014037 0.00990617 0.00659251 0.00409658
 0.0113065 0.0177122 0.0254323 0.0339935 0.0428866 0.0515447 0.0592615 0.0652732 0.0690294 0.0704169 0.0697269 0.067429 0.0639567 0.0596165 0.0545996 0.0490369 0.0430604 0.0368438 0.0306079 0.0245936 0.0190258 0.0140888 0.00991408 0.00657354 0.00406965
 0.0113198 0.0177875 0.0256463 0.0344545 0.0437108 0.052813 0.060971 0.0673021 0.0711319 0.0722559 0.0709467 0.0677572 0.0633009 0.0581115 0.0525709 0.0468911 0.0411513 0.0353772 0.0296204 0.0239993 0.0186922 0.0138988 0.00979372 0.00648828 0.00400797
 0.0108595 0.017079 0.0246601 0.0332049 0.0422709 0.0513264 0.0596519 0.0664054 0.0708835 0.072764 0.0721391 0.0693832 0.065006 0.0595555 0.0535415 0.0473607 0.0412532 0.035318 0.0295784 0.0240624 0.0188562 0.0141084 0.00999019 0.00663767 0.00410401
 0.0113666 0.0178255 0.0256367 0.0343466 0.0434686 0.0524521 0.0605866 0.0670642 0.0712387 0.0728567 0.0720635 0.0692391 0.0648414 0.0593355 0.0531698 0.0467442 0.0403704 0.0342458 0.0284633 0.0230558 0.018057 0.0135422 0.00962623 0.00642106 0.0039823
 0.0111971 0.017595 0.025372 0.0340984 0.0432937 0.0523875 0.0606304 0.0671768 0.0713653 0.0729585 0.0721404 0.0693306 0.065003 0.0596014 0.0535215 0.0471069 0.0406446 0.0343582 0.0284028 0.0228737 0.0178329 0.0133436 0.00948567 0.00633859 0.00394127
 0.0112483 0.0176624 0.0254457 0.0341636 0.0433402 0.0524211 0.0606764 0.0672694 0.0715253 0.0731737 0.0723654 0.0695097 0.065101 0.0596213 0.0534945 0.0470645 0.0405938 0.0342793 0.0282705 0.0226823 0.0176055 0.0131196 0.00929982 0.00620667 0.00386012
 0.0114437 0.017969 0.0258847 0.0347426 0.0440464 0.0532149 0.0614894 0.068014 0.0721169 0.0735554 0.0725186 0.0694458 0.0648462 0.0592076 0.0529607 0.0464585 0.0399661 0.0336703 0.0277035 0.0221671 0.0171492 0.0127331 0.00899427 0.00598585 0.00371615
 0.0108508 0.0171396 0.024886 0.0337225 0.0431943 0.0526956 0.0613882 0.0683192 0.0727409 0.0743722 0.0734002 0.0702866 0.0655743 0.059785 0.0533768 0.0467215 0.0400965 0.0336959 0.0276537 0.0220684 0.0170244 0.0126016 0.00887309 0.00588724 0.00364542
 0.00968445 0.0153928 0.0225412 0.0308785 0.0400587 0.0495579 0.0585871 0.0661974 0.0715765 0.0743015 0.0743747 0.0720939 0.0679123 0.0623465 0.0559095 0.0490512 0.0421234 0.0353791 0.0289933 0.0230903 0.017769 0.0131169 0.00920919 0.00609246 0.0037621
#obs surv len freq
 nan nan nan nan nan nan nan nan nan nan nan nan nan nan nan nan nan nan nan nan nan nan nan nan nan
 0.00447945 0.00733852 0.0111666 0.0159819 0.0216829 0.0279597 0.0342758 0.0400092 0.0446908 0.0481562 0.0505154 0.0520124 0.0529056 0.0534187 0.0537336 0.053989 0.0542679 0.0545608 0.0546997 0.0542917 0.0527296 0.0493614 0.0438106 0.0362899 0.0276726
 0.00461464 0.00755789 0.0114957 0.0164435 0.0222916 0.028714 0.0351491 0.0409476 0.0456191 0.0489925 0.0511855 0.0524615 0.0531045 0.0533646 0.0534467 0.0535049 0.0536291 0.0538093 0.0538739 0.0534279 0.051866 0.0485404 0.0430759 0.0356787 0.0272055
 0.00477587 0.0078236 0.0119021 0.0170261 0.0230775 0.02971 0.0363297 0.0422503 0.046953 0.050254 0.0522751 0.0532947 0.0536189 0.0535249 0.0532465 0.052966 0.0527952 0.0527384 0.052631 0.0520823 0.0504923 0.0472184 0.0418851 0.0346846 0.0264444
 0.00496637 0.00813527 0.012375 0.0176994 0.0239824 0.0308584 0.0377014 0.0437874 0.0485649 0.0518319 0.0537068 0.0544764 0.0544629 0.0539656 0.0532454 0.0525146 0.0519159 0.0514818 0.0510727 0.0503189 0.0486384 0.0454007 0.0402292 0.0332932 0.0253751
 0.00518443 0.0084912 0.0129134 0.0184629 0.0250039 0.0321486 0.039236 0.045502 0.0503635 0.0536036 0.0553414 0.0558725 0.0555302 0.0546268 0.0534402 0.0522045 0.0510909 0.0501664 0.0493303 0.0482544 0.0463956 0.0431511 0.0381484 0.0315277 0.0240102
 0.00541515 0.00886837 0.013485 0.0192751 0.0260925 0.0335256 0.0408753 0.0473342 0.0522856 0.0554986 0.0570961 0.0573867 0.0567185 0.0554162 0.0537681 0.0520199 0.0503603 0.0488847 0.0475348 0.0460378 0.0439103 0.0405982 0.035746 0.0294646 0.0224023
 0.00563819 0.00923745 0.0140526 0.0200942 0.0272065 0.0349516 0.0425874 0.0492582 0.0543097 0.0574957 0.0589446 0.058982 0.0579757 0.0562672 0.0541569 0.0518992 0.0496915 0.0476471 0.0457434 0.0437648 0.0413004 0.0378628 0.0331298 0.0271899 0.0206132
 0.0058859 0.00964021 0.0146592 0.020951 0.0283498 0.0363953 0.0443086 0.0511902 0.0563492 0.0595196 0.0608286 0.0606144 0.0592642 0.0571404 0.0545614 0.0517935 0.0490423 0.0464328 0.0439693 0.0414879 0.0386514 0.0350492 0.0304056 0.0247961 0.0187141
 0.006141 0.0100585 0.0152951 0.0218567 0.0295646 0.0379283 0.0461233 0.0532002 0.0584327 0.0615448 0.0626758 0.062185 0.0604807 0.0579428 0.054903 0.0516376 0.0483597 0.0452046 0.0421989 0.039224 0.0360124 0.0322318 0.0276593 0.0223659 0.0167734
 0.00637963 0.0104497 0.0158902 0.0227058 0.0307074 0.039379 0.0478544 0.055136 0.0604585 0.0635286 0.0644899 0.0637216 0.0616581 0.0587042 0.0552112 0.0514667 0.0476897 0.0440219 0.0405077 0.0370675 0.0334974 0.0295389 0.025023 0.0200213 0.0148916
 0.00661813 0.0108424 0.0164901 0.0235651 0.0318662 0.040849 0.0496018 0.0570764 0.0624701 0.0654755 0.0662456 0.0651817 0.0627446 0.0593649 0.0554159 0.0512009 0.0469477 0.0428039 0.0388271 0.034969 0.03108 0.0269672 0.0225119 0.0177882 0.0130967
 0.00685603 0.0112307 0.0170774 0.0243977 0.0329793 0.0422524 0.0512649 0.0589225 0.0643852 0.0673297 0.0679136 0.0665583 0.0637508 0.05995 0.0555534 0.0508829 0.0461776 0.0415933 0.0371997 0.0329744 0.0288124 0.0245764 0.0201897 0.0157288 0.0114428
 0.00704966 0.0115527 0.0175752 0.0251194 0.0339636 0.0435125 0.0527729 0.0606045 0.0661329 0.0690223 0.069438 0.0678199 0.0646777 0.0604924 0.055683 0.0505894 0.0454647 0.0404762 0.0357074 0.0311595 0.0267652 0.022432 0.0181175 0.0138971 0.00997451
 0.00727122 0.0119128 0.0181171 0.025883 0.0349775 0.0447818 0.0542655 0.062246 0.0678158 0.0706252 0.0708467 0.0689418 0.0654481 0.0608752 0.0556657 0.050177 0.0446732 0.0393298 0.0342412 0.0294285 0.0248549 0.0204644 0.0162398 0.0122526 0.00866496
 0.00743743 0.0121884 0.0185416 0.0264961 0.0358105 0.045844 0.0555315 0.0636515 0.0692679 0.0720205 0.0720882 0.0699486 0.0661595 0.0612512 0.0556869 0.0498419 0.0439951 0.0383335 0.0329636 0.0279237 0.0232026 0.0187724 0.0146343 0.0108536 0.00755554
 0.00754362 0.012361 0.0188019 0.0268656 0.0363087 0.0464842 0.0563145 0.0645599 0.0702643 0.07305 0.0730842 0.0708401 0.0668791 0.0617424 0.0559085 0.0497701 0.0436231 0.037671 0.0320376 0.0267815 0.0219154 0.0174351 0.0133557 0.00973533 0.0066672
 0.00760727 0.0124613 0.0189472 0.0270626 0.0365628 0.0467998 0.0566945 0.0650052 0.0707726 0.0736145 0.0736903 0.0714612 0.0674747 0.0622603 0.0562918 0.0499663 0.043593 0.0373944 0.0315177 0.0260476 0.0210241 0.0164672 0.012405 0.00888994 0.00598881
 0.00767278 0.0125605 0.0190829 0.0272327 0.0367616 0.0470197 0.0569281 0.0652472 0.0710213 0.0738732 0.0739663 0.0717612 0.0677977 0.062591 0.0565982 0.050203 0.0437096 0.0373477 0.0312826 0.0256263 0.0204493 0.0157995 0.0117215 0.0082662 0.00547995
 0.0077161 0.0126284 0.01918 0.027361 0.0369188 0.0471989 0.0571171 0.0654303 0.0711849 0.0740111 0.0740829 0.0718704 0.0679163 0.06273 0.0567558 0.0503604 0.0438324 0.0373936 0.0312135 0.0254212 0.0201149 0.0153714 0.011256 0.00782441 0.00511005
 0.00777155 0.0127082 0.0192812 0.0274744 0.0370326 0.0473027 0.0572055 0.0655033 0.0712451 0.0740613 0.0741261 0.0719101 0.0679588 0.0627835 0.0568265 0.050447 0.0439214 0.0374589 0.0312228 0.0253471 0.0199468 0.0151225 0.0109612 0.00752861 0.00485277
 0.00781718 0.0127796 0.0193829 0.0276072 0.0371916 0.0474759 0.0573735 0.0656431 0.0713369 0.074097 0.0741112 0.0718616 0.0678969 0.0627261 0.0567854 0.0504271 0.0439195 0.0374629 0.0312124 0.0252997 0.0198466 0.0149691 0.0107713 0.00733036 0.00467478
 0.00783839 0.0128135 0.0194329 0.0276759 0.0372805 0.0475837 0.0574952 0.0657686 0.0714522 0.0741864 0.0741626 0.0718698 0.0678666 0.0626702 0.0567205 0.0503678 0.043874 0.0374304 0.0311836 0.0252601 0.0197825 0.0148744 0.010652 0.007202 0.00455604
 0.00787025 0.0128573 0.0194841 0.027726 0.0373197 0.0476059 0.0575012 0.0657659 0.0714511 0.0741949 0.0741825 0.0718964 0.0678916 0.062686 0.0567243 0.0503621 0.0438643 0.0374211 0.0311743 0.0252451 0.0197538 0.0148266 0.0105862 0.00712659 0.00448277
 0.00789706 0.0128984 0.019541 0.0277972 0.0373999 0.0476855 0.0575673 0.0658054 0.0714557 0.074166 0.0741314 0.0718397 0.0678435 0.0626532 0.0567054 0.0503517 0.0438571 0.0374141 0.0311657 0.0252326 0.0197339 0.0147964 0.0105457 0.00707978 0.00443645
 0.00789721 0.0129006 0.0195477 0.0278118 0.0374255 0.0477233 0.0576148 0.0658557 0.0714991 0.0741928 0.0741354 0.071821 0.0678092 0.0626143 0.0566721 0.0503298 0.0438468 0.0374115 0.0311659 0.0252311 0.019727 0.014782 0.0105238 0.00705291 0.00440876
 0.00790491 0.0129067 0.0195454 0.0277918 0.0373797 0.0476496 0.057521 0.0657585 0.071418 0.0741423 0.0741204 0.0718368 0.0678456 0.0626613 0.0567236 0.0503832 0.0439015 0.0374664 0.0312179 0.0252762 0.0197614 0.0148034 0.0105324 0.00705119 0.00440084
 0.00787924 0.0128672 0.01949 0.0277193 0.0372891 0.0475402 0.0573929 0.0656153 0.0712699 0.0740065 0.0740181 0.0717865 0.0678563 0.0627294 0.0568352 0.0505204 0.0440476 0.0376087 0.0313482 0.0253886 0.0198522 0.014871 0.0105776 0.00707736 0.00441307
 0.00791453 0.0129132 0.0195383 0.0277555 0.0372969 0.047508 0.0573187 0.0655071 0.0711412 0.0738717 0.0738897 0.0716762 0.0677757 0.0626885 0.0568392 0.0505667 0.0441266 0.0377066 0.0314511 0.0254852 0.0199349 0.0149357 0.0106235 0.00710642 0.00442902
 0.00788485 0.0128759 0.0195017 0.027732 0.0372975 0.0475343 0.0573583 0.0655369 0.071138 0.0738236 0.073802 0.0715674 0.067669 0.0626043 0.0567906 0.0505593 0.0441584 0.0377696 0.0315332 0.0255732 0.0200174 0.0150048 0.0106756 0.00714174 0.00445036
 0.00785808 0.0128258 0.0194153 0.0275961 0.0371055 0.0472943 0.0570977 0.0652968 0.0709579 0.0737256 0.0737834 0.0716082 0.0677458 0.0627011 0.0569022 0.0506861 0.0443014 0.037926 0.0316955 0.0257311 0.02016 0.0151236 0.0107666 0.00720534 0.00449074
 0.0078168 0.0127584 0.0193128 0.0274497 0.0369073 0.0470406 0.0567934 0.0649598 0.0706211 0.073432 0.0735763 0.0715173 0.067778 0.0628399 0.0571169 0.0509445 0.0445776 0.0382025 0.0319602 0.025974 0.020372 0.0152979 0.0108999 0.00729947 0.00455155
 0.00780918 0.0127401 0.0192745 0.0273788 0.0367914 0.0468718 0.0565723 0.0646973 0.0703361 0.0731489 0.0733225 0.071322 0.067667 0.0628301 0.0572093 0.0511238 0.044817 0.038472 0.0322335 0.0262309 0.0205987 0.0154855 0.0110448 0.00740302 0.00461941
 0.0077989 0.0127251 0.0192545 0.0273536 0.0367589 0.0468264 0.0565051 0.064598 0.070198 0.0729735 0.0731226 0.0711193 0.0674888 0.0627032 0.0571546 0.0511508 0.0449218 0.0386378 0.0324357 0.0264435 0.0207994 0.0156588 0.0111823 0.00750321 0.00468618
 0.00772777 0.0126129 0.0190927 0.0271379 0.0364918 0.0465196 0.0561809 0.0642865 0.0699299 0.0727713 0.072995 0.071064 0.0674984 0.0627714 0.0572787 0.05133 0.0451527 0.038911 0.0327338 0.026744 0.0210791 0.015899 0.0113724 0.00764132 0.004778
 0.00934296 0.0148695 0.0218069 0.0299113 0.0388274 0.0480069 0.0566427 0.0638065 0.0687663 0.0712289 0.0713301 0.0694473 0.0660228 0.0614761 0.0561733 0.0504111 0.0444125 0.0383387 0.0323147 0.0264572 0.0208984 0.0157961 0.0113208 0.00761983 0.0047716
 0.00932865 0.0151476 0.0227563 0.032001 0.0424115 0.0530479 0.0625364 0.0694813 0.0730639 0.0733631 0.0711468 0.0673631 0.0627403 0.0576837 0.0523745 0.0468979 0.0413195 0.0357099 0.0301495 0.0247326 0.0195772 0.0148293 0.0106502 0.00718243 0.00450554
 0.00898253 0.0146011 0.0219865 0.0310559 0.0414664 0.0524438 0.06274 0.0709183 0.075865 0.0771738 0.0751715 0.0706689 0.0646475 0.0580025 0.0513724 0.0450784 0.039184 0.0336213 0.0283096 0.0232224 0.0184058 0.0139681 0.0100523 0.0067929 0.00426927
 0.0088339 0.0143476 0.0215836 0.0304572 0.0406407 0.0514077 0.0615995 0.0698992 0.0752972 0.0774 0.0763925 0.0727939 0.0672578 0.0604883 0.0531815 0.0459306 0.0391273 0.0329298 0.0273186 0.0222034 0.0175202 0.0132802 0.00956308 0.00647173 0.00407447
 0.0087458 0.0142026 0.0213612 0.0301348 0.0401957 0.0508224 0.0608723 0.0690604 0.074428 0.0766471 0.0759591 0.0728884 0.0680011 0.0618209 0.0548406 0.0475349 0.0403327 0.0335633 0.0274123 0.0219283 0.017081 0.0128363 0.00920101 0.00621613 0.00391378
 0.00869681 0.0141198 0.0212306 0.0299412 0.0399249 0.0504658 0.0604304 0.0685449 0.0738622 0.0760692 0.0754303 0.0725017 0.0678734 0.062057 0.0554743 0.048482 0.0413988 0.0345147 0.0280739 0.0222452 0.0171129 0.0127011 0.00901186 0.00604583 0.00379125
 0.00870543 0.0141285 0.0212333 0.0299279 0.0398825 0.0503802 0.0602895 0.0683409 0.0735933 0.0757417 0.0750624 0.0721273 0.0675471 0.0618513 0.0554633 0.0487093 0.0418442 0.0350855 0.0286348 0.0226762 0.0173567 0.012773 0.00897272 0.00596255 0.00371026
 0.00869739 0.0141183 0.021223 0.0299203 0.0398788 0.0503778 0.0602799 0.0683103 0.0735261 0.0756262 0.0748943 0.0719137 0.0673084 0.0616229 0.0552927 0.0486468 0.0419231 0.0353016 0.0289395 0.022992 0.0176111 0.0129277 0.00903185 0.00595789 0.00367832
 0.00867347 0.0140808 0.0211693 0.0298497 0.0397936 0.0502838 0.0601864 0.0682277 0.0734621 0.0755808 0.0748593 0.0718761 0.0672571 0.0615562 0.0552233 0.0486001 0.0419296 0.0353826 0.0290936 0.0231911 0.0178109 0.013088 0.00913293 0.00600377 0.00368746
 0.00866835 0.0140737 0.021161 0.0298411 0.0397856 0.0502763 0.0601779 0.0682162 0.0734462 0.0755602 0.0748345 0.0718464 0.06722 0.0615082 0.0551644 0.0485376 0.0418791 0.0353634 0.029119 0.0232601 0.0179065 0.013185 0.00920967 0.00605103 0.00370845
 0.00866395 0.0140649 0.0211449 0.0298145 0.0397462 0.0502245 0.0601183 0.0681565 0.0733948 0.0755235 0.0748145 0.0718413 0.0672252 0.0615182 0.0551739 0.0485437 0.0418838 0.0353735 0.0291435 0.0233045 0.0179682 0.0132534 0.00927157 0.00609691 0.00373599
 0.00864247 0.0140322 0.0210997 0.0297569 0.0396775 0.0501469 0.0600349 0.068072 0.0733159 0.0754584 0.0747716 0.0718261 0.0672387 0.0615564 0.0552289 0.0486068 0.0419478 0.0354353 0.0292039 0.023366 0.0180317 0.013316 0.00932758 0.00614091 0.00376572
 0.00864942 0.0140414 0.0211096 0.029765 0.0396805 0.0501423 0.0600213 0.0680497 0.073286 0.0754223 0.0747314 0.0717852 0.0672019 0.0615287 0.0552139 0.0486053 0.0419579 0.0354538 0.0292283 0.023395 0.0180644 0.0133505 0.00936069 0.00616901 0.00378646
 0.00863567 0.0140222 0.0210863 0.0297405 0.0396584 0.0501246 0.0600078 0.0680381 0.0732734 0.0754071 0.0747138 0.0717671 0.0671861 0.0615178 0.0552102 0.0486103 0.041972 0.035476 0.0292566 0.0234269 0.0180977 0.013383 0.00939021 0.0061935 0.00380468
 0.00861383 0.0139867 0.0210334 0.0296675 0.0395653 0.0500162 0.0598945 0.0679343 0.0731938 0.0753612 0.0747038 0.0717884 0.0672304 0.0615768 0.0552774 0.0486814 0.0420441 0.0355472 0.029325 0.0234907 0.018155 0.0134323 0.00943034 0.0062241 0.00382621
 0.00861383 0.0139867 0.0210334 0.0296675 0.0395653 0.0500162 0.0598945 0.0679343 0.0731938 0.0753612 0.0747038 0.0717884 0.0672304 0.0615768 0.0552774 0.0486814 0.0420441 0.0355472 0.029325 0.0234907 0.018155 0.0134323 0.00943034 0.0062241 0.00382621
 0.00872095 0.0141546 0.0212735 0.0299838 0.0399508 0.0504491 0.0603361 0.0683328 0.0734959 0.075527 0.0747174 0.0716592 0.0669864 0.0612552 0.0549161 0.0483137 0.0416963 0.0352374 0.0290637 0.0232816 0.0179966 0.0133194 0.00935505 0.00617757 0.0037998
 0.00886641 0.0143966 0.0216466 0.0305196 0.0406664 0.0513304 0.0613247 0.0693269 0.0743702 0.0761656 0.0750415 0.0716421 0.0666523 0.0606668 0.0541575 0.047473 0.0408516 0.0344488 0.028371 0.022706 0.0175436 0.0129824 0.00911945 0.00602372 0.00370665
 0.00882867 0.0143492 0.0216021 0.0305018 0.0407078 0.0514666 0.0615854 0.0697248 0.074891 0.0767613 0.0756347 0.0721423 0.0669799 0.060775 0.0540425 0.0471701 0.0404211 0.033959 0.0278831 0.0222655 0.0171772 0.0126999 0.00891713 0.00588952 0.00362455
 0.00902235 0.0146473 0.0220191 0.0310388 0.041352 0.0521911 0.0623493 0.0704759 0.0755724 0.0773214 0.0760335 0.0723517 0.0669815 0.0605603 0.053618 0.0465635 0.0396825 0.0331546 0.0270837 0.0215331 0.0165557 0.0122104 0.00855963 0.00564803 0.00347431
 0.00941342 0.0152812 0.0229657 0.0323511 0.0430424 0.0542016 0.064529 0.0725916 0.0773605 0.0785611 0.0766033 0.0722439 0.0662789 0.0593959 0.0521383 0.0449047 0.0379623 0.031472 0.0255213 0.0201567 0.0154097 0.0113134 0.00790374 0.00520273 0.00319538
 0.00896411 0.0146152 0.0220872 0.031317 0.0419603 0.0532171 0.0638061 0.0722821 0.0775622 0.0792767 0.0777262 0.0735864 0.0676292 0.0605762 0.0530375 0.0454831 0.0382363 0.0314939 0.0253616 0.01989 0.0151045 0.0110234 0.00766274 0.00502428 0.00307676
 0.00842553 0.0136952 0.0206296 0.0291735 0.0390546 0.049632 0.0598483 0.0684643 0.0744811 0.0774368 0.0773946 0.0747382 0.0699886 0.0637152 0.0564917 0.0488489 0.0412296 0.0339644 0.0272731 0.0212849 0.0160675 0.0116533 0.00805293 0.00525288 0.00320308
 0.00855423 0.0138399 0.0207225 0.0290969 0.0386542 0.0487503 0.0583739 0.0663875 0.0719416 0.074739 0.0749639 0.0730131 0.0692857 0.0641291 0.0578776 0.0508882 0.0435408 0.0362079 0.0292164 0.0228182 0.0171825 0.0124057 0.00852588 0.00553021 0.00335473
 0.00900303 0.0145728 0.0218235 0.0306233 0.0405968 0.0509823 0.0606184 0.0682423 0.0729803 0.0746547 0.0736899 0.0707644 0.0664999 0.0613339 0.0555327 0.049264 0.0426773 0.0359601 0.0293508 0.0231097 0.0174743 0.0126226 0.00865518 0.00559173 0.00337603
 0.00903802 0.0146851 0.0220954 0.0311674 0.0415283 0.0523725 0.0624441 0.0703551 0.0751103 0.0764527 0.0748041 0.0709375 0.0656598 0.0596362 0.0533235 0.0469703 0.0406711 0.0344577 0.0283873 0.0225857 0.0172363 0.0125317 0.00862085 0.0055713 0.0033574
 0.00857215 0.0139473 0.0210295 0.029755 0.039818 0.0505106 0.0606868 0.069032 0.0745285 0.0767771 0.0759764 0.0726817 0.0675754 0.0613356 0.0545578 0.0476896 0.0409993 0.0346007 0.0285263 0.0228107 0.0175419 0.0128592 0.0089086 0.00578521 0.00349462
 0.00911275 0.014746 0.0220789 0.0309871 0.0411119 0.0517154 0.0616508 0.0696367 0.074727 0.0766186 0.0755931 0.0722292 0.0671551 0.0609476 0.0541161 0.0470921 0.0402038 0.0336609 0.0275677 0.0219677 0.0168997 0.012433 0.00865997 0.0056558 0.00343288
 0.00882131 0.0143614 0.0216627 0.0306458 0.0409595 0.0518182 0.0619863 0.0700968 0.075166 0.076921 0.0757213 0.0722304 0.0671263 0.0609785 0.0542403 0.0472713 0.0403562 0.0337135 0.0274987 0.0218125 0.0167221 0.012287 0.00856859 0.00561344 0.0034209
 0.00897611 0.0145578 0.0218608 0.0307865 0.0409958 0.0517547 0.0618974 0.0700998 0.0753548 0.0773014 0.076197 0.0726526 0.0673726 0.0610091 0.0540976 0.0470346 0.04009 0.0334443 0.0272261 0.0215357 0.0164555 0.0120555 0.00839238 0.00549717 0.00335464
