SBPRF35
7.63822
Curr Bio
563662
B35
522610
F35
0.214974
FOFL
0.209385
OFL
83220.4
Bzero
2.18235e+06
#pred survey bio
 3.27171e+06 3.52478e+06 3.70644e+06 3.63156e+06 3.26829e+06 3.0494e+06 2.84009e+06 2.43582e+06 1.96926e+06 1.57353e+06 1.29426e+06 1.14945e+06 1.04174e+06 955558 856321 768628 686417 632156 580702 542784 536379 553505 557751 538140 531219 521549 508295 508626 509793 519839 530910 521699 514584 508061 520766 527578 502864 501192 528128 557612 542030 568805 615674 654348 702328 693551 671845 579217 505173 513437 538847 591069 636074 600173 537332 552451 643519 630786 526905 495795 571089 631929 618611 570919 1.80871e+07 1.07811e+07 1.10964e+07 1.18694e+07 1.28478e+07 1.38263e+07 1.46902e+07 1.53968e+07 1.59462e+07 1.63594e+07 1.66634e+07 1.6884e+07 1.70429e+07 1.7157e+07 1.72389e+07 1.7298e+07 1.73407e+07 1.73718e+07 1.73946e+07 1.74114e+07 1.74239e+07 1.74332e+07 1.74402e+07 1.74454e+07 1.74494e+07 1.74524e+07 1.74547e+07 1.74565e+07 1.74578e+07 1.74588e+07 1.74596e+07 1.74602e+07 1.74607e+07 1.7461e+07 1.74613e+07 1.74615e+07 1.74617e+07 1.74618e+07 1.74619e+07 1.7462e+07 1.7462e+07 1.74621e+07 1.74621e+07 1.74621e+07 1.74622e+07 1.74622e+07 1.74622e+07 1.74622e+07 1.74622e+07 1.74622e+07 1.74622e+07 1.74622e+07 1.74622e+07 1.74622e+07 1.74622e+07 1.74622e+07 1.74622e+07 1.74622e+07 1.74622e+07 1.74622e+07 1.74622e+07 1.74622e+07 1.74622e+07 1.74622e+07 1.74622e+07 1.74622e+07 1.74622e+07 1.74622e+07 1.74622e+07 1.74622e+07 1.74622e+07 1.74622e+07 1.74622e+07 1.74622e+07 1.74622e+07 1.74622e+07 1.74622e+07 1.74622e+07 1.74622e+07 1.74622e+07 1.74622e+07 1.74622e+07 1.74622e+07 1.74622e+07 1.74622e+07 1.74622e+07 1.74622e+07 1.74622e+07 1.74622e+07 1.74622e+07 1.74622e+07 1.74622e+07 1.74622e+07 1.74622e+07 1.74622e+07 1.74622e+07 1.74622e+07 1.74622e+07 1.74622e+07 1.74622e+07 0 0 0 0 0 0 0 0 0 0 0 0 0 0 0 0 0 0 0 0 0 0 0 0 0
#obs survey bio
 2.46896e+06 3.46201e+06 4.13694e+06 4.83849e+06 2.50661e+06 3.02068e+06 2.99097e+06 2.29676e+06 1.98240e+06 1.71823e+06 912883 1.30931e+06 977223 879596 1.10846e+06 734614 751320 618339 651926 626608 531417 465100 797401 512144 602624 535640 396075 577921 469656 566807 553327 532467 514510 454544 506574 516923 408433 536099 471970 619369 399410 420945 697019 768888 837560 524337 765038 621881 431177 665080 463419 391692 982739 762454 415396 707122 737069 753070 446519 385186 758256 577096 602971 439669
#pred catch bio
 89912.9 102140 148404 200896 235575 278064 263021 291479 301319 293385 272866 271313 258868 255859 234301 217961 179558 173177 153503 135047 122679 132308 123406 111815 112333 108976 106375 100009 97230.8 96923.3 105612 96534.4 104170 93080.1 87063 93083.7 93183 88053.3 89879 89340.3 88936.8 86885.5 93909.8 85920.7 87838.2 87588.4 92796.4 84618.2 92385.4 91368 84078 85665.6 114808 135671 106379 40644.3 100581 141963 104256 39889 35764.7 103150 98884.2 104911 83220.4 83983.5 85005.5 89976.3 97067.6 104236 110474 115447 119186 121881 123763 125048 125908 126476 126847 127088 127242 127341 127403 127443 127468 127484 127494 127500 127504 127507 127508 127509 127510 127510 127511 127511 127511 127511 127511 127511 127511 127511 127511 127511 127511 127511 127511 127511 127511 127511 127511 127511 127511 127511 127511 127511 127511 127511 127511 127511 127511 127511 127511 127511 127511 127511 127511 127511 127511 127511 127511 127511 127511 127511 127511 127511 127511 127511 127511 127511 127511 127511 127511 127511 127511 127511 127511 127511 127511 127511 127511 127511 127511 127511 127511 127511 127511 127511 127511 127511 127511 127511 127511 127511 0 0 0 0 0 0 0 0 0 0 0 0 0 0 0 0 0 0 0 0 0 0 0 0 0
#obs catch bio
 0 101952 148372 200849 235696 278953 262342 291338 301260 293156 273578 272275 259888 255820 234340 218458 179087 173523 153111 135267 122883 133108 122907 111754 112418 108790 106655 99872.2 97275.2 96925.4 105706 96277.2 104387 93257.9 87011.5 92892.7 93293.1 88173.9 90102.8 89004.5 89122.7 86913.8 94002.9 85928.2 87715 87553.4 92749.1 84359.8 92914.4 91474.8 84187 85533 114582 135749 107515 40087.9 100851 142224 104881 39708.9 35415.2 104080 98662.9 105043
#pred cpue bio
 3.2351e+06 3.48589e+06 3.66381e+06 3.58782e+06 3.22705e+06 3.00796e+06 2.79837e+06 2.39756e+06 1.93562e+06 1.54398e+06 1.26744e+06 1.12321e+06 1.01577e+06 929806 831293 744483 663424 610165 559816 522798 516321 532771 536801 517951 511242 501920 489184 489479 490753 500573 511493 502728 496037 489733 502277 509098 484181 480596 505501 533963 519456 545038 590050 627201 673518 665467 644704 555866 484690 492220 516736 567193 610772 576053 514284 527735 617027 605839 504687 473491 546924 608107 595513 548885 1.7348e+07 1.03162e+07 1.05067e+07 1.11911e+07 1.21493e+07 1.31246e+07 1.39881e+07 1.46946e+07 1.5244e+07 1.56572e+07 1.59612e+07 1.61818e+07 1.63407e+07 1.64548e+07 1.65367e+07 1.65958e+07 1.66385e+07 1.66696e+07 1.66924e+07 1.67092e+07 1.67217e+07 1.6731e+07 1.6738e+07 1.67432e+07 1.67472e+07 1.67502e+07 1.67525e+07 1.67543e+07 1.67556e+07 1.67566e+07 1.67574e+07 1.6758e+07 1.67585e+07 1.67588e+07 1.67591e+07 1.67593e+07 1.67595e+07 1.67596e+07 1.67597e+07 1.67598e+07 1.67598e+07 1.67599e+07 1.67599e+07 1.67599e+07 1.676e+07 1.676e+07 1.676e+07 1.676e+07 1.676e+07 1.676e+07 1.676e+07 1.676e+07 1.676e+07 1.676e+07 1.676e+07 1.676e+07 1.676e+07 1.676e+07 1.676e+07 1.676e+07 1.676e+07 1.676e+07 1.676e+07 1.676e+07 1.676e+07 1.676e+07 1.676e+07 1.676e+07 1.676e+07 1.676e+07 1.676e+07 1.676e+07 1.676e+07 1.676e+07 1.676e+07 1.676e+07 1.676e+07 1.676e+07 1.676e+07 1.676e+07 1.676e+07 1.676e+07 1.676e+07 1.676e+07 1.676e+07 1.676e+07 1.676e+07 1.676e+07 1.676e+07 1.676e+07 1.676e+07 1.676e+07 1.676e+07 1.676e+07 1.676e+07 1.676e+07 1.676e+07 1.676e+07 1.676e+07 1.676e+07 0 0 0 0 0 0 0 0 0 0 0 0 0 0 0 0 0 0 0 0 0 0 0 0 0
#obs cpue bio
 3.66405e+06 3.95342e+06 4.2355e+06 3.33605e+06 2.95897e+06 2.43921e+06 3.95135e+06 2.50705e+06 1.91572e+06 1.49785e+06 1.34305e+06 938244 971110 1.26494e+06 615273 732387 692526 546391 608222 363368 463217 532683 628118 434798 441614 565670 485974 531001 474521 450721 528012 542165 435387 469296 563766 667868 490744 396530 511178 793140 466525 745081 573548 460599 729088 750081 677488 582417 340178 474045 505121 918201 525488 455871 395746 533386 630006 558077 485043 496327 620369 532766 720082 649391
#pred surv len freq
 0.00422618 0.00697989 0.010725 0.0155113 0.0212531 0.0276324 0.034086 0.0399641 0.0447833 0.0483818 0.0508792 0.0525219 0.0535513 0.0541494 0.0544375 0.0544966 0.0543896 0.0541635 0.0537994 0.0531116 0.0516642 0.0488298 0.0440632 0.037286 0.0291138
 0.00462236 0.00750145 0.0112871 0.0159685 0.0214511 0.0274831 0.0336196 0.0393188 0.0441352 0.0478603 0.0505229 0.0522944 0.0533969 0.0540452 0.0544134 0.054615 0.0547011 0.0546607 0.0543949 0.0536554 0.0519987 0.0488579 0.0437913 0.0368159 0.028589
 0.00463267 0.00761622 0.0116308 0.0166904 0.022655 0.0291353 0.0354974 0.0410581 0.0453736 0.0483943 0.0503757 0.0516602 0.0525156 0.0531022 0.0535133 0.0538113 0.0540285 0.0541366 0.0539974 0.0533097 0.0515981 0.0483164 0.0430936 0.0360295 0.0278282
 0.00476221 0.00778942 0.0118308 0.0169008 0.0228909 0.0294741 0.0360741 0.0420018 0.0467056 0.0499578 0.0518638 0.0527437 0.0529907 0.0529613 0.0529061 0.0529467 0.0530892 0.0532403 0.053192 0.0525823 0.050896 0.0475824 0.0423071 0.0352264 0.0270844
 0.00503245 0.0082159 0.0124455 0.0177166 0.0238921 0.0306105 0.0372675 0.0431736 0.0478148 0.0510147 0.0528938 0.0537186 0.053788 0.0533995 0.0528386 0.0523424 0.0520438 0.0519202 0.0517586 0.0511432 0.0494988 0.0462419 0.0410413 0.0340775 0.0261106
 0.00519094 0.0085037 0.0129333 0.0184862 0.0250131 0.0321054 0.03908 0.0451631 0.0497888 0.052787 0.0543388 0.0547907 0.054495 0.053749 0.0527989 0.0518524 0.0510641 0.0504814 0.0499681 0.0491496 0.0474483 0.0442558 0.0392179 0.0324993 0.0248393
 0.00536191 0.00878278 0.0133579 0.0190982 0.0258588 0.0332295 0.0405114 0.046894 0.0517541 0.054856 0.05633 0.056511 0.0557885 0.0545267 0.0530334 0.0515472 0.0502283 0.0491342 0.0481638 0.0469976 0.0451075 0.041908 0.0370372 0.0306251 0.0233569
 0.00555915 0.00909645 0.0138173 0.019727 0.026673 0.0342344 0.041699 0.0482437 0.0532367 0.0564352 0.0579531 0.0580946 0.0572116 0.0556458 0.0537137 0.0516911 0.0497879 0.0481083 0.0465967 0.0449849 0.0428015 0.039507 0.0347533 0.028641 0.0217875
 0.00572089 0.00938731 0.0143055 0.02049 0.0277762 0.0356992 0.0434766 0.0502147 0.0552431 0.058328 0.0596285 0.0594997 0.0583236 0.0564401 0.0541417 0.0516799 0.0492599 0.0470103 0.0449262 0.0428098 0.0402673 0.0368264 0.0321712 0.0263799 0.0199942
 0.00590581 0.00970193 0.0148065 0.0212428 0.0288461 0.0371327 0.0452781 0.0523275 0.0575452 0.060646 0.0617686 0.0612883 0.0596416 0.0572355 0.0544121 0.0514384 0.0485064 0.0457287 0.0431096 0.0404989 0.0375821 0.0339707 0.0294 0.0239375 0.0180488
 0.00615523 0.0101129 0.0154355 0.0221469 0.0300726 0.0387037 0.0471731 0.0544766 0.0598362 0.062941 0.0639191 0.0631459 0.0610708 0.0581307 0.0547132 0.0511315 0.0476091 0.0442705 0.0411262 0.0380508 0.0347861 0.0310179 0.0265366 0.0214086 0.0160293
 0.00629165 0.0103655 0.0158724 0.0228508 0.0311217 0.0401419 0.0489828 0.056571 0.0620776 0.0651736 0.0659962 0.0649431 0.0624857 0.0590794 0.0551298 0.0509727 0.0468582 0.0429389 0.039254 0.0357142 0.0321121 0.0281945 0.0237975 0.0189853 0.0140893
 0.00648126 0.0106722 0.0163332 0.023504 0.0320063 0.0412917 0.0504145 0.0582689 0.0639814 0.0671757 0.0679542 0.0667032 0.0639105 0.0600662 0.0556134 0.0509173 0.0462485 0.0417784 0.0375723 0.0335806 0.0296499 0.025585 0.0212619 0.0167399 0.0122897
 0.0066733 0.0109883 0.0168155 0.0241927 0.0329303 0.0424554 0.0517871 0.0597856 0.0655597 0.0687351 0.0694257 0.0680238 0.0650128 0.0608752 0.0560544 0.050928 0.0457877 0.0408301 0.036151 0.0317412 0.0275003 0.0232886 0.0190197 0.0147482 0.0106902
 0.00688175 0.0113367 0.0173569 0.0249809 0.0340064 0.0438276 0.0534115 0.0615615 0.0673472 0.0703883 0.0708251 0.069095 0.0657258 0.0612298 0.0560594 0.0505855 0.0450889 0.0397637 0.0347194 0.0299802 0.0254946 0.0211761 0.0169739 0.0129405 0.00924332
 0.00704098 0.0116017 0.0177676 0.0255795 0.0348304 0.0448971 0.0547144 0.0630448 0.0689188 0.0719301 0.0722118 0.0702145 0.066498 0.0616162 0.0560606 0.0502258 0.0443981 0.0387654 0.0334345 0.0284424 0.0237705 0.0193748 0.0152364 0.0114079 0.00801767
 0.00724835 0.0119313 0.0182497 0.0262376 0.0356773 0.0459295 0.0559059 0.0643427 0.070249 0.0732076 0.0733513 0.0711378 0.0671395 0.0619294 0.0560241 0.049845 0.0436991 0.0377854 0.032215 0.0270316 0.0222339 0.0178036 0.0137428 0.0101026 0.00697998
 0.0072749 0.0119812 0.0183375 0.0263823 0.0358991 0.0462453 0.0563249 0.0648644 0.070865 0.0739026 0.0741012 0.0719058 0.067872 0.0625593 0.0564803 0.0500663 0.0436466 0.0374483 0.0316096 0.0261989 0.0212374 0.0167282 0.012687 0.00916098 0.00622097
 0.00741263 0.0121916 0.0186292 0.0267547 0.036344 0.0467489 0.0568687 0.0654252 0.0714158 0.0744169 0.0745582 0.0722925 0.0681817 0.0627849 0.0566075 0.0500705 0.0434974 0.0371199 0.0310925 0.0255084 0.0204167 0.0158448 0.0118221 0.00839226 0.00560341
 0.00760596 0.0124781 0.0190084 0.0272072 0.0368361 0.0472416 0.0573257 0.065818 0.0717278 0.0746457 0.0747145 0.0723944 0.0682461 0.0628205 0.0566113 0.0500274 0.0433831 0.0369063 0.0307573 0.0250459 0.019846 0.0152107 0.0111865 0.00781811 0.00513727
 0.00771102 0.0126416 0.0192397 0.027507 0.0371929 0.0476288 0.0577019 0.0661344 0.0719436 0.0747448 0.0747124 0.0723306 0.068166 0.0627577 0.0565777 0.050013 0.0433615 0.0368435 0.0306213 0.0248167 0.0195241 0.0148205 0.0107713 0.00742718 0.00481064
 0.00762806 0.0125195 0.01908 0.0273203 0.0369973 0.0474455 0.0575514 0.0660332 0.0719014 0.074763 0.0747862 0.0724531 0.0683328 0.062967 0.0568257 0.050288 0.04364 0.0370924 0.0308047 0.0249062 0.019508 0.0147094 0.0105953 0.00722713 0.0046244
 0.00770216 0.0126205 0.0191965 0.0274307 0.0370776 0.0474805 0.0575423 0.0659969 0.0718605 0.0747344 0.0747746 0.0724529 0.068336 0.0629705 0.0568336 0.0503077 0.0436752 0.0371366 0.0308409 0.0249125 0.0194672 0.0146175 0.0104645 0.00708072 0.00448744
 0.00786554 0.0128529 0.019484 0.0277372 0.0373523 0.047672 0.0576131 0.0659326 0.0716742 0.0744646 0.0744757 0.0721798 0.0681275 0.0628411 0.0567768 0.0503062 0.04371 0.0371906 0.0308975 0.0249545 0.01948 0.0145936 0.0104073 0.00700354 0.00440757
 0.00780501 0.0127845 0.0194346 0.0277454 0.0374514 0.0478674 0.0578673 0.0661721 0.0718191 0.0744644 0.0743308 0.0719377 0.0678593 0.0626126 0.0566289 0.0502491 0.0437298 0.0372612 0.0309903 0.0250446 0.0195485 0.01463 0.0104109 0.00698196 0.00437327
 0.00782094 0.0127954 0.0194254 0.0276986 0.0373587 0.047743 0.0577521 0.0661199 0.0718669 0.074606 0.0745143 0.0720917 0.0679306 0.062591 0.0565446 0.0501502 0.0436571 0.0372332 0.0310038 0.0250828 0.0195914 0.014662 0.0104245 0.00697795 0.00435801
 0.00785445 0.0128464 0.0194946 0.0277815 0.0374438 0.0478116 0.0577823 0.0660963 0.0717917 0.0745044 0.0744242 0.0720425 0.0679257 0.0626077 0.0565524 0.050132 0.0436175 0.0371909 0.0309763 0.0250765 0.0196013 0.0146772 0.0104355 0.00698044 0.00435298
 0.00785066 0.0128446 0.0195 0.0278012 0.0374842 0.0478745 0.0578612 0.0661754 0.0718505 0.0745248 0.0743999 0.0719832 0.0678532 0.0625442 0.056509 0.0501057 0.0435981 0.0371713 0.030957 0.0250625 0.0195957 0.0146786 0.0104395 0.0069828 0.00435206
 0.00788251 0.0128754 0.0195083 0.0277566 0.0373582 0.0476567 0.0575705 0.0658586 0.0715655 0.074319 0.0742957 0.071977 0.0679251 0.0626708 0.0566706 0.0502865 0.0437842 0.0373495 0.0311166 0.0251977 0.0197052 0.0147637 0.0105021 0.00702551 0.00437822
 0.00779825 0.0127589 0.0193696 0.0276141 0.0372291 0.0475443 0.0574586 0.0657197 0.0713805 0.0740957 0.0740718 0.0718049 0.067848 0.0627055 0.056806 0.0504941 0.0440303 0.0376043 0.0313578 0.0254101 0.019881 0.0149006 0.0106022 0.00709363 0.00442092
 0.00770246 0.0126029 0.019136 0.0272912 0.0368188 0.0470702 0.0569694 0.065279 0.0710456 0.0738958 0.0740025 0.0718414 0.0679663 0.0628943 0.0570624 0.0508123 0.0443938 0.0379866 0.0317294 0.025746 0.0201644 0.0151241 0.0107668 0.00720625 0.00449205
 0.00774801 0.0126674 0.0192147 0.0273718 0.0368826 0.0470957 0.0569374 0.0651797 0.0708832 0.0736907 0.0737853 0.0716421 0.0678052 0.0627802 0.0569983 0.0508005 0.0444357 0.0380783 0.0318587 0.0258939 0.0203106 0.0152526 0.0108685 0.00727931 0.00453972
 0.00767556 0.0125606 0.0190741 0.0272045 0.036699 0.0469053 0.0567459 0.0649892 0.0706961 0.0735134 0.0736307 0.0715283 0.0677501 0.0627955 0.0570849 0.0509497 0.0446331 0.038308 0.0321045 0.026139 0.0205381 0.0154479 0.0110227 0.00739068 0.004613
 0.00765906 0.0125406 0.0190568 0.0271999 0.0367189 0.0469583 0.0568329 0.0650999 0.0708095 0.0736015 0.0736661 0.0714937 0.0676464 0.0626424 0.056915 0.0507966 0.0445217 0.03825 0.0320987 0.0261753 0.0206011 0.0155213 0.0110925 0.00744782 0.00465408
 0.00772553 0.0126083 0.0190855 0.0271313 0.036497 0.0465593 0.056288 0.0644938 0.0702523 0.0731894 0.073451 0.0714758 0.0677861 0.0628828 0.0572031 0.0510963 0.0448158 0.0385337 0.0323709 0.0264324 0.0208357 0.0157241 0.011256 0.00756936 0.0047366
 0.00840339 0.0135643 0.0202519 0.0283483 0.0375506 0.0472483 0.0564845 0.0641719 0.0694847 0.0721233 0.0722726 0.0703659 0.0668781 0.0622382 0.0568138 0.05091 0.0447675 0.0385682 0.032451 0.0265355 0.0209472 0.0158324 0.0113515 0.0076456 0.00479143
 0.00917818 0.0147939 0.0220359 0.0307306 0.0404771 0.0505213 0.059741 0.0669326 0.0712838 0.072667 0.0715377 0.0685858 0.0644367 0.0595379 0.0541779 0.048541 0.0427548 0.036922 0.0311411 0.0255193 0.0201828 0.0152804 0.0109732 0.00740218 0.00464577
 0.00912107 0.0148331 0.0223376 0.031526 0.0419968 0.0528898 0.0628813 0.0705346 0.0748602 0.0756725 0.073506 0.0692433 0.0637613 0.0577464 0.0516447 0.0456825 0.039926 0.0343626 0.0289722 0.023773 0.0188385 0.0142917 0.0102827 0.00694837 0.0043678
 0.00880424 0.0143435 0.021658 0.0306841 0.0410909 0.0521087 0.0624961 0.0708357 0.076041 0.0777102 0.0761143 0.0719397 0.0660242 0.059184 0.0521014 0.0452464 0.0388551 0.0329727 0.0275411 0.0224885 0.0177927 0.0135044 0.00972989 0.00658606 0.00414708
 0.00867649 0.0141114 0.0212655 0.0300692 0.0402086 0.050967 0.0611917 0.0695676 0.0750842 0.0773482 0.0765444 0.073185 0.0678933 0.0613108 0.0540607 0.0466958 0.0396351 0.0331226 0.027238 0.0219535 0.0172136 0.0129987 0.00934639 0.00632565 0.00398661
 0.00885352 0.014343 0.0215083 0.0302436 0.0402141 0.0507122 0.0606253 0.0687024 0.0740087 0.0762264 0.0755963 0.0726396 0.0679161 0.0619328 0.0551464 0.0479801 0.0408178 0.0339774 0.0276776 0.022027 0.0170499 0.0127371 0.00908895 0.00612392 0.00385155
 0.00885701 0.0143813 0.0216224 0.0304809 0.0406028 0.0512272 0.0611677 0.0691149 0.0741304 0.0759623 0.0749669 0.0717841 0.0670505 0.0612788 0.0548559 0.0480814 0.0412102 0.0344795 0.028108 0.0222743 0.0170978 0.0126409 0.00892902 0.00596587 0.00372971
 0.00886051 0.0143671 0.0215674 0.0303595 0.0404032 0.05097 0.060912 0.068937 0.0740813 0.0760296 0.0750729 0.071829 0.0669751 0.0611047 0.0546769 0.0480118 0.0413209 0.0347601 0.028476 0.0226219 0.0173445 0.0127619 0.00894858 0.00592958 0.00367825
 0.00891855 0.0144538 0.0216822 0.0304931 0.0405359 0.0510729 0.0609528 0.0688932 0.0739546 0.0758511 0.0748895 0.071676 0.0668559 0.0609967 0.0545599 0.0478951 0.041243 0.0347613 0.0285663 0.0227705 0.0174983 0.0128758 0.00900492 0.00593795 0.00366067
 0.00883965 0.0143312 0.0215086 0.0302664 0.0402608 0.0507613 0.0606244 0.0685733 0.0736698 0.0756251 0.0747422 0.0716231 0.0669058 0.0611439 0.0547823 0.0481604 0.0415238 0.0350444 0.0288485 0.0230461 0.0177509 0.0130837 0.00915333 0.0060271 0.0037039
 0.00889517 0.0143957 0.0215585 0.030265 0.0401692 0.0505558 0.06031 0.0681855 0.0732627 0.0752539 0.0744488 0.0714314 0.0668241 0.0611694 0.0549034 0.0483581 0.0417735 0.0353204 0.029129 0.0233139 0.0179919 0.013285 0.00930597 0.00612979 0.00376387
 0.00868151 0.0141106 0.0212424 0.0299887 0.0400074 0.0505484 0.0604367 0.0683709 0.0734139 0.0753052 0.0743873 0.0712923 0.066665 0.0610437 0.0548451 0.0483792 0.0418681 0.0354717 0.0293149 0.0235118 0.0181816 0.0134505 0.00943718 0.00622323 0.0038229
 0.00873834 0.0141683 0.0212689 0.029942 0.0398582 0.0503087 0.0601717 0.0681789 0.0733762 0.0754377 0.0746287 0.0715385 0.066826 0.061083 0.0547833 0.0482687 0.0417626 0.035406 0.0293008 0.0235432 0.0182426 0.0135229 0.00950568 0.00627819 0.003861
 0.00869377 0.0141282 0.0212652 0.0300167 0.0400432 0.0505998 0.0605165 0.0684938 0.0735873 0.0755192 0.0746089 0.0714694 0.0667427 0.0609864 0.0546539 0.0480945 0.041555 0.0351952 0.0291191 0.0234107 0.0181628 0.0134864 0.00949733 0.0062837 0.00387024
 0.00852978 0.0139118 0.0210335 0.0298382 0.0400024 0.0507689 0.0609267 0.0691171 0.0743369 0.0762689 0.0752281 0.0718632 0.0668778 0.0608895 0.0543865 0.0477224 0.041133 0.0347667 0.02872 0.0230694 0.0178959 0.0132963 0.00937432 0.00621131 0.00383145
 0.00863384 0.0140174 0.021079 0.0297381 0.0396835 0.0502212 0.0602372 0.0684564 0.0738955 0.0761763 0.0755008 0.0724072 0.0675375 0.0615119 0.054868 0.0480248 0.04127 0.0347798 0.0286574 0.0229737 0.0177989 0.013217 0.00931957 0.00617919 0.00381557
 0.00859927 0.0139717 0.0210259 0.0296779 0.0396013 0.0500772 0.0599712 0.068017 0.0732852 0.0754828 0.0748834 0.0720351 0.0675131 0.0618269 0.0554168 0.0486602 0.0418639 0.0352572 0.0289984 0.0231954 0.0179335 0.0132962 0.00936685 0.00620879 0.0038348
 0.00844155 0.0137338 0.0207033 0.0292809 0.0391543 0.049614 0.0595275 0.0676203 0.0729455 0.0751924 0.0746336 0.0718407 0.067424 0.0619091 0.0557123 0.0491536 0.0424815 0.0358983 0.0295752 0.0236578 0.0182715 0.0135259 0.00951456 0.00629979 0.00388868
 0.0087443 0.0141773 0.0212798 0.0299513 0.0398574 0.0502837 0.060106 0.0680616 0.0732125 0.0752548 0.0744709 0.0714513 0.0668376 0.0611941 0.0549678 0.0484827 0.0419574 0.0355427 0.029362 0.0235378 0.0181985 0.0134722 0.00946996 0.00626381 0.00386267
 0.00919058 0.0149092 0.0223873 0.0315056 0.041877 0.0526903 0.0626951 0.0705205 0.0751968 0.0764901 0.0748247 0.0709444 0.0656062 0.0594371 0.0529048 0.0463264 0.0398922 0.0337054 0.0278293 0.0223276 0.0172859 0.012811 0.00901017 0.00595935 0.00367317
 0.00892282 0.0145524 0.0219983 0.0311934 0.0417822 0.0529454 0.0633815 0.0716373 0.0766473 0.0780899 0.0763358 0.0721316 0.0662982 0.059567 0.0525138 0.0455368 0.0388661 0.0326056 0.0267894 0.0214352 0.0165796 0.0122896 0.00864871 0.0057234 0.00352861
 0.00829875 0.0134997 0.020355 0.0288166 0.038619 0.0491256 0.0592809 0.0678448 0.0738135 0.0767193 0.0766266 0.073936 0.0692019 0.0630337 0.0560331 0.048729 0.0415252 0.0346825 0.0283404 0.0225623 0.0173863 0.012859 0.0090406 0.00598163 0.00368841
 0.0085731 0.0138905 0.0208335 0.0293021 0.0389769 0.0491822 0.0588594 0.0668269 0.0722159 0.0747458 0.0746458 0.0723719 0.0683801 0.0630663 0.0567983 0.0499468 0.0428771 0.0359159 0.0293184 0.0232577 0.0178411 0.0131399 0.00920861 0.0060804 0.00374525
 0.0092981 0.0150441 0.0225156 0.031568 0.0418013 0.0524133 0.0621846 0.069791 0.0743151 0.0755754 0.0740379 0.0704606 0.0655647 0.0598839 0.0537573 0.0473885 0.0409224 0.0345051 0.0283056 0.0225003 0.0172471 0.0126689 0.00884867 0.00582415 0.00357842
 0.00917989 0.014943 0.0225325 0.0318547 0.0425229 0.0536848 0.0640095 0.0720304 0.0767007 0.0777571 0.0756554 0.0712267 0.0653473 0.0587551 0.0519778 0.045323 0.0389196 0.0327999 0.0269853 0.0215372 0.0165613 0.0121813 0.00850339 0.0055867 0.00342447
 0.00830975 0.0135617 0.0205278 0.0291776 0.0392363 0.050018 0.0603857 0.0690146 0.0748511 0.0774339 0.0768875 0.0737055 0.0685424 0.0620899 0.0549931 0.0477718 0.0407705 0.0341645 0.0280163 0.0223514 0.0172156 0.0126914 0.00887493 0.00583435 0.00357443
 0.00813208 0.0131698 0.0197497 0.0277956 0.0370493 0.0469411 0.0565435 0.0647762 0.0707769 0.0741512 0.0749366 0.0733998 0.0698823 0.064764 0.0584764 0.0514874 0.044248 0.0371292 0.0303874 0.0241746 0.0185839 0.0136935 0.00958146 0.00630483 0.00386528
 0.00849515 0.0137739 0.0206716 0.0290815 0.0386625 0.0487032 0.0581113 0.0657033 0.0706679 0.0728434 0.072606 0.0705254 0.0670815 0.0625809 0.057215 0.0511554 0.0446178 0.037873 0.031212 0.0248983 0.0191394 0.014087 0.00984688 0.00647671 0.0039709
 0.0087814 0.0142254 0.0213274 0.0299727 0.0398098 0.050106 0.0597215 0.0673903 0.0721973 0.0738997 0.0728769 0.0698286 0.0654719 0.0603676 0.0548622 0.0491108 0.0431606 0.0370549 0.0309049 0.0248998 0.0192689 0.0142322 0.00996079 0.00655222 0.00401612
#obs surv len freq
 nan nan nan nan nan nan nan nan nan nan nan nan nan nan nan nan nan nan nan nan nan nan nan nan nan
 0.00448352 0.00734432 0.0111738 0.0159897 0.0216901 0.0279655 0.0342796 0.0400111 0.044691 0.0481553 0.0505137 0.0520102 0.052903 0.0534158 0.0537305 0.0539857 0.0542645 0.0545574 0.0546963 0.0542882 0.0527262 0.0493583 0.0438078 0.0362876 0.0276709
 0.00461628 0.00756178 0.0115037 0.016458 0.0223143 0.0287451 0.0351863 0.0409864 0.045654 0.0490191 0.0512015 0.0524668 0.0531006 0.0533537 0.0534307 0.0534855 0.0536073 0.053786 0.0538496 0.0534033 0.0518419 0.0485177 0.0430557 0.0356619 0.0271927
 0.00477933 0.00782926 0.0119108 0.0170388 0.0230956 0.0297349 0.0363626 0.0422913 0.0470002 0.0503033 0.0523205 0.0533301 0.0536399 0.0535299 0.0532366 0.052944 0.0527645 0.0527017 0.0525907 0.0520403 0.0504505 0.0471787 0.0418496 0.0346551 0.0264218
 0.00497072 0.00814149 0.0123828 0.0177081 0.0239912 0.0308669 0.0377104 0.0437984 0.0485801 0.051853 0.0537343 0.0545082 0.0544949 0.0539923 0.0532621 0.0525185 0.0519068 0.0514616 0.0510443 0.0502855 0.048603 0.0453661 0.0401978 0.0332668 0.0253549
 0.00518693 0.00849578 0.0129212 0.0184751 0.0250213 0.0321708 0.0392612 0.0455273 0.0503862 0.0536225 0.0553571 0.055887 0.0555452 0.0546423 0.0534536 0.0522122 0.0510891 0.0501532 0.0493061 0.0482215 0.0463576 0.043112 0.0381119 0.0314966 0.0239862
 0.00539462 0.00883771 0.013444 0.0192256 0.0260382 0.0334711 0.0408257 0.0472944 0.0522596 0.0554881 0.0571009 0.0574052 0.0567485 0.0554556 0.0538142 0.0520695 0.0504091 0.0489282 0.0475699 0.0460633 0.043927 0.040608 0.0357512 0.0294671 0.0224034
 0.00564255 0.00924081 0.0140509 0.0200819 0.0271783 0.0349055 0.042527 0.0491922 0.0542493 0.0574504 0.0589196 0.0589779 0.0579895 0.0562948 0.0541941 0.0519422 0.0497369 0.0476913 0.0457831 0.0437973 0.0413245 0.037879 0.0331397 0.0271954 0.020616
 0.00588836 0.00964383 0.0146637 0.0209552 0.028351 0.036389 0.0442893 0.0511531 0.0562931 0.0594495 0.0607553 0.0605509 0.0592214 0.0571238 0.0545703 0.051823 0.0490858 0.0464837 0.0440217 0.0415371 0.0386941 0.0350838 0.0304318 0.0248147 0.0187265
 0.00612843 0.0100397 0.01527 0.0218262 0.0295303 0.0378922 0.0460867 0.0531633 0.0583945 0.0615038 0.0626313 0.0621392 0.0604394 0.0579141 0.0548944 0.0516529 0.0483978 0.0452603 0.042265 0.0392931 0.0360784 0.03229 0.0277072 0.0224025 0.0167994
 0.00638177 0.0104526 0.0158933 0.0227086 0.0307091 0.0393795 0.047854 0.0551351 0.0604571 0.0635251 0.0644814 0.0637048 0.0616314 0.0586696 0.0551744 0.0514357 0.0476718 0.0440207 0.0405223 0.0370936 0.033529 0.0295703 0.0250502 0.0200423 0.0149062
 0.00663304 0.0108659 0.0165239 0.0236099 0.0319214 0.0409119 0.0496675 0.057138 0.0625203 0.0655086 0.0662583 0.0651732 0.0627159 0.0593184 0.0553557 0.0511332 0.0468802 0.0427442 0.0387805 0.034937 0.0310607 0.0269568 0.0225064 0.0177849 0.0130943
 0.00684302 0.0112117 0.017053 0.0243697 0.032951 0.0422275 0.051247 0.0589141 0.0643876 0.0673422 0.0679339 0.0665824 0.0637745 0.0599692 0.0555653 0.0508867 0.0461748 0.0415876 0.0371955 0.0329753 0.0288196 0.0245885 0.020204 0.0157423 0.0114536
 0.00707538 0.0115913 0.0176275 0.0251839 0.0340371 0.0435911 0.0528519 0.0606789 0.0661976 0.0690719 0.0694683 0.0678282 0.0646635 0.0604573 0.0556301 0.050523 0.0453899 0.0403983 0.0356319 0.0310913 0.0267077 0.0223869 0.0180841 0.0138738 0.00995913
 0.00727354 0.0119192 0.0181312 0.0259094 0.0350202 0.0448413 0.0543376 0.0623223 0.0678862 0.0706817 0.0708851 0.0689613 0.06545 0.0608611 0.0556369 0.0501352 0.0446209 0.0392706 0.0341797 0.0293692 0.024802 0.0204207 0.0162063 0.0122288 0.00864925
 0.00744231 0.0121971 0.0185561 0.0265191 0.0358451 0.0458929 0.0555959 0.06373 0.0693549 0.072107 0.0721631 0.070002 0.066185 0.0612476 0.0556572 0.0497917 0.0439305 0.0382601 0.0328868 0.0278488 0.0231341 0.0187138 0.0145877 0.0108193 0.00753215
 0.00753642 0.0123507 0.018789 0.0268517 0.0362966 0.0464771 0.056316 0.0645736 0.0702928 0.073094 0.0731412 0.0709039 0.0669408 0.0617926 0.05594 0.0497797 0.0436115 0.0376421 0.0319969 0.026735 0.0218685 0.0173925 0.0133203 0.00970847 0.00664862
 0.00763094 0.0124972 0.0189964 0.0271242 0.0366344 0.0468774 0.0567732 0.0650794 0.0708369 0.0736645 0.0737236 0.0714774 0.0674748 0.0622452 0.0562619 0.0499219 0.0435349 0.037325 0.0314412 0.0259693 0.0209495 0.0164011 0.0123507 0.0088488 0.00596017
 0.00764984 0.0125283 0.0190437 0.027192 0.036726 0.046995 0.0569175 0.0652507 0.0710372 0.0738995 0.0740013 0.0718033 0.0678447 0.0626395 0.0566437 0.0502406 0.0437352 0.0373588 0.0312791 0.0256105 0.0204255 0.0157727 0.011696 0.00824506 0.00546437
 0.00772366 0.0126341 0.0191768 0.0273394 0.0368707 0.0471228 0.0570216 0.0653334 0.0711066 0.0739664 0.0740771 0.0718993 0.0679704 0.062799 0.0568304 0.0504331 0.0438971 0.0374457 0.0312503 0.0254425 0.0201228 0.0153696 0.0112489 0.00781584 0.00510243
 0.00778081 0.012726 0.0193125 0.0275239 0.0371014 0.0473847 0.0572862 0.0655631 0.0712673 0.0740409 0.0740716 0.0718397 0.0678909 0.0627304 0.0567917 0.0504278 0.0439121 0.0374538 0.0312171 0.0253381 0.0199338 0.0151066 0.0109447 0.00751372 0.00484102
 0.00781353 0.0127751 0.019379 0.0276068 0.037199 0.0474958 0.0574096 0.0656953 0.0713992 0.0741573 0.074155 0.0718777 0.0678833 0.0626902 0.05674 0.0503841 0.0438856 0.0374389 0.0311956 0.0252864 0.019834 0.0149561 0.0107584 0.00731869 0.00466539
 0.00785871 0.0128414 0.0194654 0.0277076 0.0373049 0.047597 0.0574981 0.0657666 0.0714529 0.0741958 0.0741812 0.0718926 0.0678845 0.0626747 0.0567079 0.050341 0.0438399 0.0373965 0.0311544 0.0252368 0.019764 0.0148593 0.0106393 0.00719151 0.00454792
 0.0078773 0.0128715 0.0195101 0.0277686 0.0373817 0.0476845 0.0575867 0.0658434 0.0715062 0.07422 0.0741791 0.0718733 0.0678586 0.0626492 0.0566849 0.0503189 0.043817 0.0373717 0.0311266 0.0252028 0.0197189 0.0147993 0.0105656 0.00711163 0.00447241
 0.00788919 0.0128863 0.0195241 0.0277764 0.0373779 0.0476673 0.0575595 0.0658138 0.0714828 0.0742079 0.0741789 0.0718825 0.0678744 0.0626705 0.0567114 0.0503496 0.0438492 0.0374014 0.0311495 0.0252148 0.0197167 0.0147813 0.0105336 0.00707076 0.00443013
 0.00789855 0.0129023 0.0195494 0.027813 0.0374254 0.0477216 0.0576118 0.0658531 0.0715 0.0742003 0.0741514 0.0718446 0.0678359 0.062638 0.0566877 0.0503349 0.0438421 0.0373994 0.0311493 0.0252125 0.0197086 0.0147655 0.0105103 0.00704273 0.00440176
 0.00790122 0.0129023 0.0195416 0.0277908 0.0373834 0.047659 0.0575352 0.0657748 0.0714331 0.0741542 0.0741288 0.0718434 0.0678522 0.0626688 0.0567307 0.0503876 0.0439008 0.0374595 0.0312057 0.0252605 0.0197447 0.0147877 0.0105191 0.00704102 0.00439377
 0.00789311 0.0128873 0.0195158 0.0277488 0.03732 0.0475705 0.0574216 0.0656424 0.0712947 0.0740274 0.0740322 0.0717912 0.0678506 0.0627145 0.0568139 0.0504953 0.0440207 0.0375809 0.0313198 0.0253605 0.0198258 0.0148478 0.0105587 0.00706323 0.00440343
 0.00787669 0.0128572 0.0194642 0.0276669 0.0372001 0.0474103 0.0572273 0.065429 0.0710835 0.0738408 0.0738902 0.0717088 0.0678361 0.0627688 0.0569296 0.0506581 0.0442119 0.0377813 0.0315126 0.0255328 0.0199694 0.0149589 0.0106379 0.00711457 0.00443322
 0.00784631 0.0128075 0.0193889 0.0275598 0.0370563 0.0472282 0.057011 0.0651899 0.0708398 0.0736156 0.0737071 0.071588 0.0677915 0.0628052 0.0570426 0.0508351 0.0444342 0.0380267 0.031759 0.025761 0.0201653 0.015115 0.0107527 0.00719224 0.00448105
 0.00783427 0.0127828 0.0193424 0.02748 0.0369326 0.0470555 0.0567936 0.0649425 0.0705844 0.0733759 0.0735047 0.0714407 0.0677121 0.0628015 0.0571158 0.0509791 0.0446353 0.0382655 0.0320128 0.0260073 0.0203854 0.0152962 0.0108902 0.00728781 0.00454171
 0.00783237 0.0127823 0.0193457 0.0274895 0.0369482 0.0470713 0.0567969 0.0649166 0.0705149 0.0732579 0.0733467 0.0712626 0.0675397 0.0626596 0.0570239 0.0509485 0.0446681 0.0383546 0.0321433 0.0261594 0.0205387 0.0154338 0.0110013 0.00736894 0.00459518
 0.00778486 0.012706 0.0192332 0.0273362 0.0367547 0.0468467 0.0565604 0.0646937 0.0703304 0.0731272 0.0732718 0.0712356 0.0675504 0.062702 0.0570977 0.0510566 0.0448125 0.0385325 0.0323456 0.0263717 0.0207435 0.015615 0.0111478 0.00747683 0.00466726
 0.00773992 0.0126293 0.0191114 0.0271555 0.0365051 0.0465283 0.0561891 0.0643027 0.069964 0.0728303 0.0730785 0.0711616 0.0675915 0.062839 0.0573047 0.051309 0.0450916 0.0388251 0.0326406 0.0266572 0.0210061 0.0158418 0.0113297 0.00761082 0.00475734
 0.00774719 0.0126337 0.0191039 0.0271223 0.0364297 0.0463965 0.0559935 0.0640471 0.0696647 0.0725153 0.0727841 0.0709254 0.0674441 0.0627961 0.0573645 0.0514553 0.0453002 0.0390711 0.0329023 0.0269165 0.0212478 0.016053 0.0115013 0.00773934 0.0048452
 0.00931704 0.0148392 0.0217824 0.0299068 0.0388546 0.0480657 0.0567151 0.0638602 0.0687675 0.0711581 0.0711916 0.0692679 0.0658408 0.0613272 0.05608 0.0503792 0.0444345 0.0384012 0.032404 0.0265619 0.0210087 0.0159025 0.0114145 0.00769447 0.00482506
 0.00930447 0.0151058 0.0226898 0.0319042 0.0422843 0.0529007 0.062391 0.0693652 0.0729982 0.0733506 0.0711706 0.0673965 0.0627622 0.0576893 0.0523746 0.0469101 0.0413577 0.0357784 0.0302435 0.024842 0.0196905 0.014936 0.0107422 0.00725495 0.0045574
 0.00895978 0.0145678 0.021943 0.0310041 0.0414081 0.0523795 0.0626687 0.0708402 0.0757852 0.0771032 0.0751231 0.0706509 0.0646579 0.0580307 0.0514062 0.0451117 0.039219 0.0336646 0.0283665 0.023293 0.0184846 0.014047 0.0101233 0.00685055 0.00431141
 0.0087937 0.014284 0.0214914 0.030334 0.0404881 0.0512332 0.0614177 0.0697295 0.0751588 0.0773071 0.076351 0.0728028 0.0673117 0.0605783 0.0532964 0.0460579 0.0392564 0.0330546 0.0274373 0.022316 0.0176256 0.0133753 0.00964394 0.00653519 0.00411993
 0.00872069 0.0141585 0.0212887 0.0300242 0.0400391 0.0506194 0.0606335 0.0688083 0.0741925 0.0764583 0.0758397 0.0728491 0.0680402 0.0619268 0.0549955 0.0477192 0.0405282 0.0337555 0.0275916 0.0220893 0.0172211 0.0129541 0.00929554 0.00628741 0.00396353
 0.00869132 0.0141095 0.0212123 0.0299101 0.0398752 0.0503909 0.0603252 0.0684081 0.073699 0.075893 0.0752621 0.0723651 0.0677892 0.0620369 0.0555184 0.0485802 0.0415345 0.0346697 0.0282319 0.0223939 0.0172447 0.0128116 0.00909955 0.00611115 0.00383643
 0.00871198 0.0141383 0.0212464 0.0299432 0.0398977 0.0503913 0.0602908 0.068325 0.0735528 0.0756721 0.0749644 0.0720095 0.067425 0.0617445 0.0553902 0.0486814 0.0418633 0.035144 0.0287197 0.0227727 0.0174521 0.0128583 0.00904266 0.00601551 0.00374718
 0.00867859 0.0140909 0.0211875 0.0298792 0.0398362 0.0503376 0.060245 0.0682819 0.0735035 0.0756064 0.0748731 0.0718871 0.0672749 0.0615853 0.0552592 0.0486278 0.0419281 0.0353348 0.0289981 0.0230677 0.0176927 0.013005 0.00909741 0.00600832 0.00371362
 0.00866065 0.0140613 0.0211427 0.0298165 0.0397559 0.0502449 0.0601507 0.0681999 0.0734455 0.075576 0.0748635 0.0718837 0.067262 0.0615541 0.0552136 0.048587 0.0419204 0.0353851 0.0291127 0.0232268 0.0178582 0.0131393 0.00918069 0.00604289 0.00371599
 0.00865179 0.0140446 0.0211132 0.0297686 0.0396843 0.0501477 0.0600316 0.0680695 0.0733197 0.0754723 0.0747958 0.0718575 0.0672729 0.0615896 0.0552596 0.0486346 0.041971 0.0354483 0.0291985 0.023336 0.0179788 0.0132513 0.00926654 0.00609579 0.00374043
 0.00863576 0.0140223 0.0210866 0.0297409 0.0396587 0.0501246 0.0600074 0.0680377 0.0732749 0.0754135 0.0747289 0.0717938 0.0672244 0.0615643 0.0552586 0.0486535 0.042004 0.0354923 0.0292537 0.0234031 0.0180542 0.0133264 0.00933081 0.00614207 0.00376775
 0.00862969 0.0140097 0.0210628 0.0297009 0.0395992 0.0500469 0.0599192 0.0679514 0.0732025 0.0753621 0.0746983 0.0717795 0.0672219 0.0615722 0.0552783 0.0486866 0.0420502 0.0355492 0.0293184 0.0234724 0.0181247 0.0133931 0.00938824 0.00618583 0.00379666
 0.008642 0.014031 0.0210967 0.0297504 0.0396645 0.0501234 0.0599959 0.0680133 0.073236 0.0753601 0.0746628 0.0717188 0.0671465 0.0614916 0.0552 0.0486169 0.0419942 0.0355105 0.0292981 0.0234694 0.0181354 0.0134127 0.00941091 0.0062066 0.00381243
 0.0086114 0.0139849 0.0210346 0.0296748 0.0395816 0.0500418 0.059926 0.0679651 0.0732155 0.0753671 0.0746908 0.071758 0.0671883 0.0615307 0.0552352 0.0486491 0.0420254 0.0355428 0.0293328 0.0235067 0.0181744 0.0134508 0.00944517 0.00623446 0.00383267
 0.00861992 0.0139937 0.0210386 0.0296667 0.0395541 0.0499917 0.0598571 0.0678878 0.0731444 0.0753152 0.0746656 0.0717598 0.0672108 0.061565 0.0552727 0.0486844 0.0420566 0.0355707 0.0293593 0.0235334 0.0182016 0.0134776 0.00946986 0.00625516 0.00384824
 0.00861992 0.0139937 0.0210386 0.0296667 0.0395541 0.0499917 0.0598571 0.0678878 0.0731444 0.0753152 0.0746656 0.0717598 0.0672108 0.061565 0.0552727 0.0486844 0.0420566 0.0355707 0.0293593 0.0235334 0.0182016 0.0134776 0.00946986 0.00625516 0.00384824
 0.00854449 0.0138799 0.0208838 0.0294742 0.0393321 0.0497516 0.0596125 0.0676557 0.0729444 0.0751687 0.0745911 0.0717684 0.0673022 0.0617264 0.0554823 0.0489168 0.042289 0.0357864 0.0295488 0.0236929 0.0183312 0.013579 0.00954572 0.00630885 0.00388369
 0.0085126 0.0138194 0.0207775 0.0293029 0.0390814 0.0494219 0.0592265 0.0672563 0.0725835 0.0748915 0.0744258 0.0717237 0.0673725 0.0618965 0.0557305 0.0492165 0.0426114 0.0361044 0.0298407 0.0239448 0.0185366 0.0137378 0.00966181 0.00638864 0.00393486
 0.00869301 0.0141053 0.0211916 0.0298551 0.0397599 0.050183 0.0599898 0.0679149 0.0730318 0.0750593 0.0742999 0.0713465 0.0668214 0.0612587 0.0550835 0.0486177 0.0420951 0.0356837 0.0295134 0.0236997 0.0183594 0.0136145 0.00958003 0.00633754 0.00390517
 0.00903752 0.0146664 0.0220351 0.031035 0.0412972 0.0520373 0.0620351 0.0699411 0.0747832 0.0762981 0.0748654 0.0711888 0.0660014 0.0599236 0.0534261 0.0468341 0.0403512 0.0340977 0.0281538 0.0225928 0.0175013 0.012982 0.00913879 0.00604835 0.00372861
 0.00887996 0.0144545 0.0218002 0.0308397 0.0412266 0.0521785 0.0624543 0.0706626 0.0757735 0.0774581 0.0760406 0.0721989 0.0666869 0.0601883 0.0532599 0.0463072 0.0395856 0.0332295 0.0273009 0.0218371 0.0168852 0.0125153 0.00880909 0.0058314 0.00359619
 0.00818955 0.0133381 0.0201402 0.0285549 0.0383177 0.0487857 0.0588962 0.06741 0.0733403 0.0762484 0.0762264 0.0736843 0.0691581 0.0632158 0.0564114 0.049238 0.0420858 0.0352244 0.0288156 0.0229484 0.0176813 0.0130732 0.00918881 0.00607905 0.00374854
 0.00868567 0.0140426 0.0210064 0.0294618 0.0390869 0.0492209 0.0588309 0.0667556 0.072128 0.0746508 0.0745346 0.0722307 0.0682102 0.0628914 0.0566551 0.0498655 0.0428666 0.035962 0.0293942 0.0233369 0.0179069 0.0131865 0.00923795 0.00609736 0.0037545
 0.00910924 0.0147757 0.0221822 0.0312051 0.0414528 0.052113 0.0619458 0.0696114 0.0741933 0.0755226 0.0740752 0.0706011 0.0657973 0.0601731 0.0540593 0.0476701 0.0411694 0.0347173 0.0284864 0.0226507 0.0173659 0.0127561 0.00890744 0.00586054 0.00359918
 0.00904626 0.0147206 0.0221914 0.0313725 0.0418995 0.0529602 0.0632719 0.0714012 0.0762959 0.0776439 0.0758312 0.0716309 0.0658926 0.0593559 0.0525657 0.0458502 0.0393594 0.0331452 0.0272441 0.0217248 0.0166938 0.012272 0.00856268 0.00562304 0.0034451
 0.00829465 0.0135155 0.0204187 0.0289644 0.0388808 0.0495052 0.0597418 0.0683132 0.0741996 0.076946 0.0766505 0.0737551 0.0688537 0.0625897 0.0555854 0.0483667 0.0413031 0.0346004 0.0283477 0.0225883 0.0173764 0.0127957 0.00893954 0.00587242 0.00359552
 0.00804801 0.0130432 0.0195771 0.027579 0.0367932 0.0466489 0.0562178 0.0644228 0.0704124 0.073809 0.0746654 0.0732536 0.0699022 0.064961 0.0588239 0.0519284 0.0447135 0.0375586 0.030742 0.0244409 0.0187676 0.0138109 0.00965134 0.00634374 0.00388552
 0.00866056 0.0139955 0.0209188 0.0292991 0.0387897 0.0487007 0.0579813 0.0654872 0.0704238 0.0726182 0.0724215 0.0703826 0.066976 0.0625139 0.0571935 0.0511832 0.0446872 0.0379641 0.0313004 0.0249649 0.0191766 0.0140981 0.00984107 0.00646392 0.00395802
 0.00860961 0.0139975 0.0210772 0.0297582 0.0396905 0.050111 0.0598302 0.0675417 0.0723245 0.0739671 0.0728934 0.0698302 0.0654927 0.0604205 0.0549393 0.0491973 0.0432447 0.0371303 0.0309673 0.0249451 0.0192946 0.0142394 0.00995478 0.00653979 0.00400313
#pred catch len freq
 0.00311632 0.00508783 0.00773124 0.0111078 0.0152642 0.0201788 0.0257022 0.0315565 0.0373972 0.0428853 0.0477366 0.0517558 0.05486 0.057077 0.0585136 0.0593179 0.0596515 0.0596579 0.0593907 0.0586967 0.0571265 0.0540046 0.0487374 0.0412428 0.0322038
 0.00342051 0.00549293 0.00817815 0.0114928 0.0154759 0.0201517 0.0254532 0.031177 0.0370023 0.0425546 0.0474858 0.0515531 0.0546707 0.0569048 0.0584122 0.0593675 0.0599125 0.0601239 0.0599656 0.0592153 0.057416 0.0539599 0.0483687 0.0406658 0.031579
 0.00345258 0.00560857 0.00846178 0.0120415 0.0163503 0.0213132 0.0267317 0.0323099 0.0377404 0.0427742 0.0472312 0.0509859 0.053972 0.0562039 0.0577772 0.0588368 0.0595198 0.0598897 0.059867 0.0591681 0.0572968 0.0536642 0.0478677 0.0400226 0.0309128
 0.00358287 0.0057924 0.00869453 0.0123218 0.0167053 0.0218204 0.0275085 0.033452 0.0392317 0.0444305 0.0487372 0.0520227 0.0543579 0.0559542 0.0570591 0.0578691 0.0584898 0.0589165 0.0589973 0.0583851 0.0565408 0.052871 0.0470136 0.0391467 0.030099
 0.00382583 0.0061708 0.00923086 0.0130206 0.0175484 0.0227679 0.0285092 0.0344678 0.0402623 0.0455112 0.0498911 0.0531918 0.0553735 0.0565902 0.0571399 0.0573567 0.0574906 0.0576153 0.0575724 0.0569532 0.0551507 0.0515334 0.0457419 0.0379819 0.0291026
 0.00399457 0.00646067 0.00969597 0.013721 0.0185365 0.0240658 0.0300852 0.0362268 0.0420628 0.0472039 0.0513625 0.0543841 0.0562669 0.0571573 0.0573141 0.057048 0.0566426 0.0562567 0.0558204 0.0549712 0.0530971 0.0495359 0.0439013 0.0363817 0.027807
