SBPRF35
7.03675
Curr Bio
421140
B35
472158
F35
0.224402
FOFL
0.165081
OFL
46048.6
Bzero
2.0105e+006
#pred survey bio
 4.33317e+006 4.05746e+006 3.74833e+006 3.07723e+006 2.62735e+006 2.38937e+006 2.24456e+006 2.03887e+006 1.71869e+006 1.48836e+006 1.31813e+006 1.22733e+006 1.15909e+006 1.0915e+006 1.0141e+006 923209 822096 704363 654935 608887 542420 504542 489440 485557 483887 494222 514827 522881 536483 543189 550426 554803 545831 529678 543905 571866 590528 553836 523084 551185 580410 592283 579227 584730 599216 625449 580384 580979 600125 603742 580696 551279 562392 566200 512274 426943 1.25625e+007 7.5076e+006 7.97868e+006 9.05583e+006 1.03842e+007 1.16827e+007 1.28041e+007 1.37012e+007 1.43836e+007 1.48856e+007 1.5247e+007 1.55036e+007 1.56846e+007 1.5812e+007 1.59017e+007 1.59651e+007 1.60102e+007 1.60425e+007 1.60659e+007 1.60828e+007 1.60952e+007 1.61044e+007 1.61111e+007 1.61162e+007 1.612e+007 1.61228e+007 1.6125e+007 1.61266e+007 1.61278e+007 1.61287e+007 1.61294e+007 1.61299e+007 1.61303e+007 1.61307e+007 1.61309e+007 1.61311e+007 1.61312e+007 1.61313e+007 1.61314e+007 1.61315e+007 1.61315e+007 1.61315e+007 1.61316e+007 1.61316e+007 1.61316e+007 1.61316e+007 1.61316e+007 1.61316e+007 1.61316e+007 1.61316e+007 1.61316e+007 1.61316e+007 1.61316e+007 1.61317e+007 1.61317e+007 1.61317e+007 1.61317e+007 1.61317e+007 1.61317e+007 1.61317e+007 1.61317e+007 1.61317e+007 1.61317e+007 1.61317e+007 1.61317e+007 1.61317e+007 1.61317e+007 1.61317e+007 1.61317e+007 1.61317e+007 1.61317e+007 1.61317e+007 1.61317e+007 1.61317e+007 1.61317e+007 1.61317e+007 1.61317e+007 1.61317e+007 1.61317e+007 1.61317e+007 1.61317e+007 1.61317e+007 1.61317e+007 1.61317e+007 1.61317e+007 1.61317e+007 1.61317e+007 1.61317e+007 1.61317e+007 1.61317e+007 1.61317e+007 1.61317e+007 1.61317e+007 1.61317e+007 1.61317e+007 1.61317e+007 1.61317e+007 1.61317e+007 1.61317e+007 1.61317e+007 0 0 0 0 0 0 0 0 0 0 0 0 0 0 0 0 0 0 0 0 0 0 0 0 0
#obs survey bio
 4.19834e+006 3.44868e+006 3.02505e+006 2.70188e+006 1.89573e+006 2.95277e+006 1.78471e+006 1.99102e+006 1.39957e+006 1.50274e+006 1.06613e+006 1.82732e+006 1.44523e+006 992560 1.12918e+006 1.10082e+006 964446 624971 655711 711527 540096 527542 505095 486770 345052 531711 491338 509478 574236 683491 739617 515327 428333 560312 609215 575280 712939 486268 470507 631573 544591 705136 550911 672137 434719 740964 576011 584856 620086 644648 567286 697490 413975 548178 559374 556958
#pred catch bio
 100831 94004.3 145444 199678 269654 250779 299673 282790 287335 328546 284550 256592 254126 253353 243724 212902 196152 155552 148166 141127 129270 127133 121629 119341 113811 100173 106186 102592 105689 98894.3 87427.6 97414.4 94938.2 89620.3 96082.5 92607.9 85624.4 96392 81814 85995.9 87363.8 89984.9 83686.1 83222.2 88369.3 89652.4 91483 93354.9 88260.4 84950 111240 82925.8 86310 99847.5 100163 83128.8 46048.6 60094.9 62142.9 69661.5 80000.1 90192.9 98863.3 105629 110610 114128 116536 118147 119205 119889 120328 120606 120781 120891 120960 121002 121029 121045 121055 121061 121065 121067 121069 121070 121070 121071 121071 121071 121071 121071 121071 121071 121071 121071 121071 121071 121071 121071 121071 121071 121071 121071 121071 121071 121071 121071 121071 121071 121071 121071 121071 121071 121071 121071 121071 121071 121071 121071 121071 121071 121071 121071 121071 121071 121071 121071 121071 121071 121071 121071 121071 121071 121071 121071 121071 121071 121071 121071 121071 121071 121071 121071 121071 121071 121071 121071 121071 121071 121071 121071 121071 121071 121071 121071 121071 121071 0 0 0 0 0 0 0 0 0 0 0 0 0 0 0 0 0 0 0 0 0 0 0 0 0
#obs catch bio
 0 93621.2 145442 199688 270870 250590 300743 281753 286664 330642 286114 256278 254307 253664 244196 212578 195774 155665 148403 140722 129110 127623 121864 119287 114322 99991.6 106133 102588 105786 98979.2 87175 97534.8 94779.7 89582.8 96556.2 92792.2 85247.6 96523 81878.7 86084 87315.6 89943.8 83659.8 83159.9 88619.7 89365.6 91595 93596.1 88222 84598.5 111809 82779.2 86307.6 99832.7 100201 83131
#pred cpue bio
 4.28196e+006 4.00972e+006 3.7029e+006 3.0383e+006 2.59207e+006 2.35458e+006 2.20962e+006 2.00459e+006 1.6874e+006 1.45853e+006 1.28863e+006 1.19731e+006 1.12845e+006 1.06025e+006 982649 892389 793093 678251 630011 585442 521318 484583 469837 466133 464498 474342 494327 502072 515195 521674 528800 533431 524925 509408 523229 550178 567134 530288 499419 526197 554645 566370 553955 559221 573193 598380 555477 555782 574054 577806 555893 526948 537860 542121 490567 408457 1.19907e+007 7.13648e+006 7.4216e+006 8.36384e+006 9.66068e+006 1.0954e+007 1.20747e+007 1.29717e+007 1.36541e+007 1.41561e+007 1.45175e+007 1.47742e+007 1.49551e+007 1.50825e+007 1.51722e+007 1.52356e+007 1.52807e+007 1.5313e+007 1.53364e+007 1.53533e+007 1.53657e+007 1.53749e+007 1.53816e+007 1.53867e+007 1.53905e+007 1.53933e+007 1.53955e+007 1.53971e+007 1.53983e+007 1.53992e+007 1.53999e+007 1.54004e+007 1.54009e+007 1.54012e+007 1.54014e+007 1.54016e+007 1.54017e+007 1.54018e+007 1.54019e+007 1.5402e+007 1.5402e+007 1.5402e+007 1.54021e+007 1.54021e+007 1.54021e+007 1.54021e+007 1.54021e+007 1.54021e+007 1.54021e+007 1.54021e+007 1.54022e+007 1.54022e+007 1.54022e+007 1.54022e+007 1.54022e+007 1.54022e+007 1.54022e+007 1.54022e+007 1.54022e+007 1.54022e+007 1.54022e+007 1.54022e+007 1.54022e+007 1.54022e+007 1.54022e+007 1.54022e+007 1.54022e+007 1.54022e+007 1.54022e+007 1.54022e+007 1.54022e+007 1.54022e+007 1.54022e+007 1.54022e+007 1.54022e+007 1.54022e+007 1.54022e+007 1.54022e+007 1.54022e+007 1.54022e+007 1.54022e+007 1.54022e+007 1.54022e+007 1.54022e+007 1.54022e+007 1.54022e+007 1.54022e+007 1.54022e+007 1.54022e+007 1.54022e+007 1.54022e+007 1.54022e+007 1.54022e+007 1.54022e+007 1.54022e+007 1.54022e+007 1.54022e+007 1.54022e+007 1.54022e+007 1.54022e+007 0 0 0 0 0 0 0 0 0 0 0 0 0 0 0 0 0 0 0 0 0 0 0 0 0
#obs cpue bio
 3.37297e+006 4.47074e+006 6.48726e+006 3.14118e+006 2.64987e+006 1.90731e+006 2.5204e+006 3.37824e+006 1.88227e+006 974332 1.30397e+006 1.13041e+006 829907 1.13408e+006 853207 846715 781161 588675 623542 663615 480968 362198 466559 529226 487726 544471 549348 466477 485009 402342 450167 519932 801624 411211 336453 596608 718097 536049 423402 495677 641640 521755 529093 508506 582864 848308 410558 489192 643306 645203 467557 412678 696220 645792 454429 294485
#pred surv len freq
 0.00427366 0.00705112 0.0108207 0.0156271 0.0213794 0.0277551 0.0341874 0.040026 0.0447903 0.0483253 0.0507585 0.0523412 0.053315 0.0538586 0.0540917 0.0541004 0.0539628 0.0537496 0.0534671 0.0529425 0.0517272 0.0491489 0.0445979 0.0379386 0.0297639
 0.00454345 0.00740587 0.0112025 0.0159377 0.0215165 0.0276645 0.0338974 0.039637 0.0444219 0.0480559 0.0505972 0.0522481 0.0532484 0.0538166 0.0541208 0.0542694 0.054316 0.0542638 0.0540361 0.0534033 0.0519213 0.0489934 0.0441246 0.0372775 0.0290807
 0.00457373 0.00751678 0.0114764 0.016471 0.0223729 0.0288152 0.0351891 0.0408249 0.0452671 0.0484288 0.0505204 0.0518536 0.0526934 0.0532199 0.0535529 0.0537752 0.0539319 0.0540056 0.0538722 0.0532445 0.0516499 0.048522 0.0434477 0.03648 0.0282949
 0.00474763 0.00776796 0.0118014 0.0168605 0.0228319 0.0293816 0.03593 0.0417956 0.0464489 0.0496906 0.0516436 0.0526196 0.0529783 0.0530353 0.0530152 0.0530393 0.0531339 0.0532346 0.0531604 0.0525692 0.0509521 0.0477452 0.0425819 0.0355795 0.0274559
 0.00489372 0.00803308 0.0122484 0.0175569 0.0238257 0.0306707 0.0374441 0.0434124 0.0480387 0.0511564 0.0529224 0.0536487 0.0536669 0.0532809 0.0527555 0.0522955 0.0520098 0.0518733 0.0516907 0.0510721 0.0494612 0.0462745 0.041161 0.0342702 0.0263373
 0.00505465 0.00830893 0.0126917 0.0182304 0.0247938 0.031982 0.0391073 0.0453748 0.0501801 0.0533043 0.0548875 0.0552645 0.0548138 0.0538853 0.0527764 0.0517221 0.0508742 0.0502612 0.049732 0.0489118 0.0472328 0.0440932 0.0391319 0.0324927 0.0248924
 0.00520395 0.00854809 0.0130465 0.0187266 0.0254583 0.0328418 0.0401859 0.0466843 0.051711 0.0550131 0.0566867 0.0570212 0.0563659 0.055069 0.0534559 0.051808 0.0503323 0.049117 0.0480703 0.0468688 0.0449778 0.0418061 0.0369826 0.0306228 0.0233958
 0.00541843 0.00890365 0.0135934 0.0195136 0.02652 0.0341816 0.0417613 0.0484103 0.0534826 0.0567367 0.0582966 0.0584732 0.057613 0.0560403 0.0540524 0.0519192 0.0498648 0.0480241 0.046374 0.0446691 0.0424468 0.0391648 0.0344636 0.0284262 0.0216502
 0.00568417 0.00932552 0.0142102 0.0203565 0.0276098 0.0355218 0.0433288 0.0501471 0.0552979 0.0585204 0.0599399 0.0598881 0.0587412 0.056846 0.0545024 0.0519633 0.0494333 0.0470476 0.0448202 0.0425794 0.0399553 0.0364873 0.0318562 0.0261247 0.0198129
 0.00581867 0.00958971 0.0146905 0.0211576 0.0288254 0.037191 0.0454 0.0524758 0.0576843 0.0607648 0.0618855 0.0614348 0.0598382 0.0574769 0.0546697 0.0516718 0.0486746 0.0457982 0.0430602 0.0403307 0.0373189 0.0336558 0.0290839 0.0236629 0.0178401
 0.00611897 0.0100733 0.0154122 0.0221723 0.0301852 0.0389363 0.0475388 0.0549592 0.0603882 0.0634924 0.0643962 0.0634946 0.0612727 0.0582016 0.0546856 0.0510337 0.0474518 0.0440478 0.040826 0.0376688 0.034336 0.030534 0.0260666 0.0209985 0.0157093
 0.0064184 0.0105433 0.0160888 0.0230784 0.0313293 0.0403105 0.0491175 0.0566999 0.0622384 0.065393 0.0662744 0.0652492 0.0627686 0.0592875 0.0552299 0.0509572 0.0467379 0.0427295 0.0389671 0.0353586 0.031702 0.0277563 0.0233692 0.0186064 0.0137884
 0.00667316 0.0109526 0.0166946 0.0239139 0.0324099 0.0416216 0.0506053 0.0582757 0.0638007 0.0668579 0.0675941 0.0664066 0.0637511 0.0600584 0.055716 0.0510608 0.0463673 0.0418295 0.037538 0.0334619 0.0294604 0.0253481 0.0210084 0.0165018 0.0120923
 0.00690809 0.011339 0.0172836 0.0247539 0.0335342 0.0430302 0.0522472 0.0600453 0.0655563 0.068455 0.0689188 0.0673959 0.0643936 0.0603768 0.0557381 0.0507924 0.0457821 0.0408826 0.0361966 0.0317388 0.0274362 0.0231713 0.0188714 0.0145959 0.0105566
 0.00711883 0.011689 0.0178239 0.0255363 0.0345998 0.0443915 0.0538696 0.06184 0.0673903 0.070176 0.0703832 0.0684918 0.0650567 0.0605956 0.0555448 0.0502409 0.0449207 0.0397375 0.0347763 0.0300589 0.0255504 0.021189 0.0169464 0.012888 0.00918454
 0.0073161 0.0120116 0.018313 0.026232 0.0355336 0.0455746 0.0552794 0.0634135 0.0690292 0.0717612 0.0717918 0.0696123 0.0658021 0.0609143 0.0554269 0.0497147 0.0440395 0.0385606 0.0333572 0.0284476 0.0238098 0.019411 0.0152512 0.0114003 0.00799656
 0.00741717 0.0121802 0.0185752 0.0266156 0.0360645 0.046269 0.0561361 0.0644094 0.0701213 0.0728916 0.0728929 0.0706092 0.0666166 0.0614725 0.05567 0.0496102 0.0435865 0.0377875 0.032313 0.0271956 0.0224262 0.0179882 0.0138942 0.0102106 0.00704708
 0.00760691 0.012476 0.0189968 0.0271729 0.0367564 0.047082 0.0570417 0.0653639 0.0710705 0.0737806 0.0736741 0.0712459 0.0670805 0.061739 0.0557154 0.049413 0.0431336 0.037082 0.0313799 0.0260829 0.021204 0.0167434 0.012721 0.00919397 0.00624389
 0.00751685 0.0123575 0.0188702 0.0270747 0.0367298 0.0471623 0.0572447 0.0656845 0.0714909 0.0742801 0.0742333 0.0718433 0.067686 0.0623105 0.0562011 0.0497576 0.0432879 0.0370122 0.0310762 0.0255651 0.0205221 0.0159719 0.0119463 0.00849602 0.00567903
 0.00748785 0.0123027 0.0187757 0.026928 0.0365296 0.0469298 0.0570289 0.0655524 0.0715046 0.0744712 0.0745919 0.0723261 0.0682359 0.0628727 0.0567277 0.0502052 0.0436138 0.037178 0.0310558 0.0253551 0.0201482 0.0154875 0.0114217 0.00800175 0.00526784
 0.00759407 0.0124597 0.0189818 0.027169 0.0367802 0.0471578 0.0572021 0.0656483 0.0715203 0.0744294 0.0745351 0.0723 0.0682704 0.0629714 0.0568703 0.0503568 0.043735 0.0372303 0.0310079 0.0251898 0.0198701 0.0151256 0.0110242 0.00762189 0.00494832
 0.00753893 0.0124051 0.0189628 0.0272365 0.0369821 0.0475132 0.057681 0.0661735 0.071993 0.0747656 0.0746946 0.072294 0.0681487 0.062798 0.0566988 0.0502154 0.0436233 0.0371271 0.0308832 0.025018 0.01964 0.0148464 0.0107228 0.00733372 0.0047045
 0.0075074 0.0123536 0.0188873 0.0271397 0.0368803 0.0474422 0.0576939 0.0663232 0.0723042 0.0752109 0.0751935 0.0727419 0.0684599 0.0629368 0.0566838 0.0500979 0.0434578 0.0369495 0.0307045 0.024832 0.0194372 0.0146254 0.010495 0.0071191 0.00452305
 0.00756343 0.0124218 0.0189481 0.0271611 0.0368283 0.0472963 0.0574626 0.0660491 0.0720563 0.0750638 0.0752012 0.0729148 0.0687574 0.0632832 0.0569991 0.0503283 0.0435878 0.0369933 0.0306867 0.0247724 0.0193468 0.0145112 0.0103667 0.00699073 0.0044094
 0.00769015 0.0126107 0.019199 0.0274587 0.0371414 0.04758 0.0576643 0.0661205 0.071971 0.0748343 0.0748828 0.07259 0.0685047 0.0631465 0.056975 0.0503755 0.0436525 0.0370335 0.0306836 0.0247267 0.0192689 0.014414 0.0102623 0.00689063 0.00432323
 0.00781064 0.0127907 0.0194397 0.0277493 0.0374598 0.0478959 0.0579411 0.0663188 0.0720544 0.0747795 0.0746904 0.0722901 0.0681532 0.0628102 0.05671 0.0502089 0.043577 0.0370167 0.0306867 0.0247207 0.0192407 0.0143644 0.0101998 0.00682586 0.00426543
 0.00782871 0.0128051 0.0194338 0.027699 0.0373406 0.0476938 0.0576619 0.0659903 0.0717189 0.0744813 0.0744637 0.0721532 0.0681096 0.0628548 0.0568352 0.0504062 0.0438329 0.0373082 0.0309824 0.0249876 0.0194545 0.0145149 0.010291 0.00687119 0.00428108
 0.00787527 0.0128819 0.0195501 0.0278602 0.0375425 0.0479162 0.0578662 0.0661265 0.0717428 0.0743736 0.0742393 0.0718557 0.0677939 0.0625701 0.0566147 0.0502661 0.043775 0.037323 0.0310508 0.0250844 0.0195539 0.0145973 0.010347 0.00690123 0.00429208
 0.00786134 0.0128585 0.0195142 0.0278098 0.0374793 0.0478469 0.0578026 0.0660806 0.0717194 0.0743648 0.0742273 0.0718222 0.0677325 0.062491 0.0565406 0.0502217 0.0437774 0.0373767 0.0311478 0.0252077 0.0196825 0.0147121 0.0104358 0.00696083 0.00432636
 0.0078977 0.0129094 0.0195755 0.0278724 0.037531 0.0478767 0.0578045 0.0660555 0.0716746 0.0743106 0.0741721 0.0717688 0.067677 0.0624275 0.0564678 0.0501471 0.0437155 0.0373427 0.0311501 0.025244 0.0197417 0.0147787 0.0104962 0.00700674 0.00435606
 0.00790014 0.0129055 0.0195551 0.0278212 0.0374343 0.0477255 0.0576011 0.0658159 0.071426 0.0740862 0.0740032 0.0716776 0.0676711 0.0624982 0.0565939 0.0503035 0.0438816 0.0375073 0.0313094 0.0253971 0.0198851 0.0149063 0.0106011 0.00708508 0.00440848
 0.00781474 0.0127655 0.0193425 0.0275194 0.0370328 0.0472267 0.0570272 0.0652111 0.0708509 0.0736058 0.0736743 0.0715379 0.0677331 0.0627476 0.0569932 0.0508006 0.0444212 0.0380413 0.0318034 0.0258306 0.0202488 0.0151975 0.0108218 0.00724133 0.00451057
 0.0078421 0.0128088 0.0194046 0.0275998 0.0371245 0.0473136 0.0570832 0.0652043 0.0707536 0.0734072 0.0733884 0.0712037 0.0674051 0.0624806 0.056828 0.0507538 0.0444846 0.0381876 0.0319973 0.0260388 0.020446 0.0153678 0.0109575 0.00734115 0.00457793
 0.00784151 0.0128117 0.0194159 0.0276265 0.0371732 0.0473873 0.0571773 0.0653046 0.0708369 0.0734457 0.0733577 0.0710916 0.0672193 0.0622498 0.0565955 0.0505642 0.04437 0.0381593 0.0320453 0.0261393 0.0205706 0.015492 0.011065 0.0074241 0.00463562
 0.00780665 0.0127529 0.0193242 0.027494 0.0369973 0.0471758 0.0569515 0.0650967 0.0706809 0.0733641 0.073353 0.071146 0.067303 0.0623347 0.0566659 0.0506224 0.0444315 0.0382425 0.0321608 0.026284 0.0207301 0.0156471 0.0111991 0.00752801 0.00470801
 0.00849251 0.0137162 0.0204933 0.0287075 0.0380497 0.0478913 0.0572439 0.0649837 0.0702543 0.0727443 0.0726511 0.0704446 0.0666511 0.0617518 0.0561523 0.0501713 0.0440396 0.0379137 0.0319028 0.0261012 0.020618 0.0155921 0.0111826 0.00753197 0.00471917
 0.00912321 0.0147191 0.0219508 0.0306542 0.0404345 0.0505372 0.0598345 0.067114 0.071553 0.0730107 0.0719252 0.0689673 0.0647504 0.0597263 0.0542075 0.0484153 0.0425115 0.0366179 0.030832 0.0252452 0.0199632 0.015118 0.0108605 0.00732828 0.00459993
 0.00916158 0.014855 0.0222907 0.0313408 0.0416081 0.0522719 0.0620759 0.0696531 0.0740536 0.0750861 0.0732387 0.0693253 0.0641535 0.0583557 0.0523517 0.0463736 0.0405204 0.0348241 0.0293042 0.0240018 0.0189949 0.0144002 0.0103584 0.0069999 0.00440081
 0.00899016 0.0146369 0.0220784 0.0312313 0.0417308 0.0527604 0.0630329 0.0711142 0.0759563 0.0772509 0.0753809 0.0711086 0.065278 0.0586471 0.051811 0.0451635 0.0388997 0.0330631 0.0276201 0.0225319 0.0178022 0.0134934 0.00971217 0.0065701 0.00413589
 0.00873492 0.0142193 0.0214504 0.0303619 0.040631 0.051515 0.061819 0.0701838 0.0755711 0.0775932 0.0764792 0.0728136 0.0672959 0.0606194 0.0534129 0.0461896 0.0393049 0.0329457 0.0271613 0.021924 0.017196 0.0129789 0.00932379 0.00630465 0.00397053
 0.00872162 0.0141655 0.0213098 0.0300703 0.0401224 0.0507486 0.0608094 0.0690197 0.0744152 0.0766574 0.0759777 0.0729006 0.0680074 0.0618447 0.0549163 0.0476809 0.0405295 0.0337569 0.0275439 0.0219661 0.0170329 0.0127376 0.00909187 0.00612417 0.00384958
 0.00872648 0.0141732 0.0213186 0.0300724 0.0400978 0.0506599 0.0606037 0.0686434 0.0738414 0.0759164 0.0751727 0.0721942 0.0675772 0.0618213 0.0553298 0.0484412 0.0414549 0.0346404 0.0282254 0.0223773 0.0171962 0.0127308 0.00900262 0.00601902 0.00376364
 0.00883494 0.0143301 0.0215188 0.0302984 0.040324 0.0508588 0.060749 0.0687075 0.0737923 0.0757213 0.0748125 0.0716864 0.0669918 0.0612747 0.05495 0.0483175 0.0415975 0.0349746 0.0286263 0.0227247 0.0174195 0.0128217 0.00899713 0.0059667 0.00370377
 0.00879434 0.0142824 0.0214797 0.0302915 0.0403712 0.0509674 0.0609026 0.0688687 0.0739159 0.0757694 0.0747635 0.0715354 0.0667501 0.0609738 0.0546449 0.0480787 0.0414874 0.0350179 0.0287959 0.0229536 0.0176339 0.0129726 0.00907302 0.00598482 0.00369141
 0.00876437 0.014228 0.0213889 0.0301537 0.0401843 0.0507463 0.0606823 0.0686964 0.0738317 0.0757866 0.0748611 0.071668 0.0668685 0.0610441 0.05466 0.0480588 0.0414712 0.0350451 0.0288873 0.0231004 0.0178029 0.0131246 0.0091823 0.00604648 0.00371643
 0.00862796 0.0140373 0.0211588 0.0299154 0.0399746 0.0505913 0.0605876 0.0686497 0.0738173 0.0757984 0.0749051 0.0717518 0.0669889 0.0611823 0.05479 0.0481615 0.0415446 0.0351042 0.0289533 0.0231869 0.0179074 0.0132313 0.00927264 0.00610955 0.00375215
 0.00878028 0.0142294 0.0213474 0.0300315 0.0399489 0.050391 0.0602407 0.0682389 0.0734423 0.0755329 0.0747737 0.0717369 0.0670541 0.0612928 0.0549192 0.0482903 0.0416602 0.035202 0.0290374 0.0232654 0.0179858 0.0133082 0.00934111 0.00616256 0.00378702
 0.00866903 0.0141147 0.0212923 0.0301235 0.0402623 0.050935 0.0609292 0.0689092 0.0739241 0.0757243 0.0746774 0.0714382 0.0666644 0.0609004 0.054571 0.0479989 0.0414214 0.0350077 0.0288818 0.0231463 0.017902 0.0132564 0.00931435 0.00615179 0.00378407
 0.00865337 0.014065 0.0211777 0.0299133 0.0399489 0.0505607 0.0605928 0.0687357 0.0740024 0.0760513 0.0751515 0.0719115 0.0670164 0.061085 0.0546121 0.0479542 0.0413446 0.0349318 0.0288203 0.0231021 0.0178739 0.0132421 0.0093105 0.00615423 0.00378881
 0.0086847 0.0141 0.0211997 0.0298935 0.0398506 0.05035 0.0602544 0.0682905 0.073517 0.0756292 0.0748991 0.0718915 0.0672173 0.0614284 0.0549949 0.0482954 0.0416088 0.0351217 0.0289558 0.0232026 0.0179518 0.0133033 0.00935778 0.00618912 0.00381286
 0.00867878 0.0140956 0.0212015 0.0299065 0.0398748 0.050374 0.0602526 0.0682278 0.0733633 0.0753789 0.0745848 0.071581 0.0669905 0.0613432 0.055062 0.0484773 0.0418431 0.0353514 0.0291481 0.0233491 0.0180585 0.01338 0.00941235 0.00622703 0.00383795
 0.00868109 0.0141499 0.0213748 0.0302864 0.0405404 0.0513515 0.0614792 0.0695489 0.0745698 0.076268 0.0750165 0.0715104 0.0664713 0.0605045 0.0540665 0.0474739 0.0409333 0.034581 0.0285215 0.0228516 0.017673 0.0130918 0.009208 0.00609155 0.00375493
 0.00844979 0.0137693 0.0207995 0.0294875 0.0395311 0.0502157 0.0603836 0.0687125 0.074191 0.0764406 0.0756864 0.0725 0.0675545 0.0614885 0.0548426 0.0480233 0.0412983 0.0348243 0.0286951 0.0229853 0.017778 0.0131714 0.00926455 0.006129 0.00377808
 0.00830452 0.0135372 0.0204567 0.0290129 0.0389082 0.0494407 0.0594785 0.0677423 0.0732709 0.0757233 0.0753222 0.0725818 0.0680742 0.0623338 0.0558391 0.0489999 0.042139 0.0354847 0.0291857 0.023341 0.0180344 0.0133545 0.00939168 0.00621299 0.00382999
 0.00834423 0.0136018 0.0205528 0.0291434 0.0390673 0.0496077 0.0596143 0.0677933 0.0731849 0.0754738 0.0749307 0.0721238 0.0676592 0.0620637 0.0557657 0.0491059 0.0423544 0.0357261 0.0293915 0.0234864 0.0181233 0.0134037 0.00941771 0.00622676 0.00383743
 0.00884255 0.0143341 0.0215102 0.0302659 0.0402596 0.0507649 0.0606407 0.0686071 0.0737154 0.0756626 0.0747434 0.0715673 0.0667946 0.0610041 0.0546518 0.0480679 0.0414767 0.0350342 0.0288654 0.0230875 0.0178178 0.0131708 0.0092461 0.006108 0.00376162
#obs surv len freq
 nan nan nan nan nan nan nan nan nan nan nan nan nan nan nan nan nan nan nan nan nan nan nan nan nan
 0.00448021 0.00733945 0.0111674 0.0159822 0.0216821 0.0279576 0.0342724 0.040005 0.0446862 0.048152 0.0505121 0.0520102 0.0529045 0.0534188 0.0537345 0.0539906 0.0542699 0.0545632 0.0547023 0.0542944 0.0527323 0.049364 0.0438129 0.0362918 0.0276741
 0.00461588 0.00756033 0.0115001 0.0164508 0.0223023 0.028728 0.0351654 0.0409639 0.0456331 0.0490024 0.0511905 0.0524617 0.0531008 0.0533583 0.0534387 0.0534961 0.0536198 0.0537997 0.0538643 0.0534183 0.0518567 0.0485317 0.0430682 0.0356723 0.0272007
 0.00477519 0.00782246 0.0119003 0.0170237 0.0230748 0.0297076 0.0363287 0.042252 0.046958 0.050262 0.0522846 0.0533037 0.0536258 0.0535287 0.0532473 0.0529645 0.0527922 0.0527346 0.0526268 0.0520782 0.0504883 0.0472147 0.0418818 0.0346819 0.0264423
 0.00496811 0.00813792 0.0123787 0.0177039 0.0239876 0.0308639 0.0377069 0.0437926 0.0485699 0.0518369 0.0537123 0.0544825 0.0544689 0.0539703 0.0532476 0.0525136 0.0519117 0.0514751 0.0510642 0.0503095 0.0486288 0.0453916 0.0402211 0.0332865 0.0253699
 0.00517943 0.00848332 0.0129021 0.0184477 0.0249849 0.0321264 0.0392119 0.045478 0.0503419 0.0535868 0.0553312 0.0558699 0.0555353 0.0546388 0.053457 0.052224 0.0511109 0.0501854 0.0493477 0.0482702 0.0464098 0.0431639 0.0381595 0.0315368 0.0240171
 0.00539526 0.00883859 0.013445 0.0192262 0.0260374 0.0334676 0.0408178 0.0472808 0.0522396 0.0554631 0.0570735 0.0573783 0.0567247 0.0554362 0.0537998 0.0520609 0.0504073 0.0489347 0.0475854 0.046087 0.0439569 0.0406407 0.035783 0.0294949 0.0224253
 0.0056294 0.00921968 0.0140196 0.0200389 0.0271229 0.0348391 0.0424531 0.0491164 0.0541781 0.0573897 0.0588733 0.0589481 0.0579766 0.0562983 0.0542125 0.0519737 0.0497796 0.0477439 0.0458445 0.0438662 0.041398 0.0379529 0.0332087 0.0272545 0.0206621
 0.00588564 0.00963981 0.0146583 0.0209485 0.0283427 0.0363783 0.0442748 0.0511331 0.0562668 0.0594171 0.0607189 0.060514 0.0591878 0.0570969 0.0545527 0.0518165 0.0490908 0.0465 0.0440486 0.0415731 0.0387368 0.0351297 0.0304766 0.0248544 0.0187582
 0.00613885 0.0100562 0.0152938 0.0218582 0.0295705 0.0379391 0.0461371 0.053212 0.058435 0.0615297 0.0626376 0.0621241 0.0604048 0.0578649 0.0548376 0.0515956 0.048346 0.0452181 0.0422344 0.0392744 0.0360704 0.0322904 0.027713 0.0224108 0.0168076
 0.00638283 0.0104555 0.0158998 0.0227209 0.0307296 0.0394094 0.0478927 0.0551799 0.0605035 0.0635677 0.0645146 0.0637239 0.061633 0.0586529 0.0551413 0.0513912 0.0476221 0.0439724 0.0404807 0.0370617 0.0335078 0.0295588 0.0250461 0.0200429 0.0149089
 0.00661157 0.0108315 0.0164734 0.0235414 0.0318354 0.0408128 0.0495645 0.0570443 0.0624496 0.0654712 0.0662579 0.065206 0.0627727 0.0593879 0.0554271 0.0511989 0.0469367 0.0427922 0.0388229 0.0349773 0.031101 0.0269973 0.0225452 0.0178193 0.013122
 0.00682929 0.0111896 0.0170201 0.0243241 0.0328912 0.0421534 0.051161 0.0588217 0.0642975 0.0672651 0.0678803 0.0665601 0.0637861 0.0600112 0.0556294 0.0509623 0.0462521 0.0416599 0.0372603 0.0330328 0.0288714 0.0246355 0.020246 0.0157779 0.0114816
 0.00706777 0.0115761 0.0175994 0.0251368 0.0339653 0.0434925 0.0527304 0.0605443 0.0660634 0.0689525 0.0693757 0.0677712 0.0646469 0.0604818 0.0556919 0.0506138 0.0454984 0.0405132 0.0357439 0.0311945 0.0267993 0.0224659 0.0181501 0.0139264 0.00999846
 0.00727473 0.0119206 0.018132 0.025908 0.0350133 0.0448244 0.054305 0.0622691 0.067811 0.0705882 0.0707831 0.0688644 0.0653721 0.0608127 0.055624 0.0501576 0.0446735 0.0393446 0.0342648 0.0294561 0.0248836 0.0204924 0.0162658 0.0122755 0.00868345
 0.00745306 0.0122132 0.0185779 0.0265458 0.0358747 0.0459226 0.0556215 0.0637461 0.0693554 0.0720863 0.0721185 0.0699353 0.0661038 0.0611639 0.0555842 0.0497405 0.043907 0.0382644 0.0329139 0.0278906 0.0231821 0.018761 0.0146291 0.0108525 0.0075566
 0.00755954 0.0123897 0.01885 0.0269405 0.036416 0.0466244 0.0564801 0.0647356 0.0704301 0.0731862 0.0731751 0.0708757 0.0668557 0.0616634 0.0557845 0.0496176 0.0434611 0.0375165 0.0319022 0.0266706 0.0218295 0.0173716 0.0133108 0.00970522 0.00664825
 0.00760471 0.012457 0.018941 0.027055 0.0365565 0.0468001 0.0567094 0.0650431 0.0708386 0.0737064 0.0737974 0.0715667 0.0675606 0.062312 0.0563017 0.0499354 0.0435293 0.0373112 0.0314292 0.0259656 0.0209558 0.0164151 0.0123682 0.0088658 0.00597408
 0.00765189 0.0125284 0.0190382 0.0271754 0.0366935 0.0469448 0.0568529 0.0651812 0.0709761 0.0738604 0.0739935 0.0718288 0.0678971 0.0627059 0.056709 0.0502925 0.0437679 0.0373735 0.0312821 0.0256095 0.0204263 0.0157778 0.0117047 0.00825514 0.00547357
 0.00772144 0.0126329 0.0191794 0.0273488 0.0368888 0.0471478 0.0570472 0.0653499 0.0711057 0.0739456 0.0740418 0.0718609 0.067941 0.0627862 0.0568345 0.0504479 0.0439139 0.0374573 0.031254 0.02544 0.0201179 0.0153659 0.0112481 0.00781762 0.0051055
 0.00778661 0.0127309 0.0193119 0.0275114 0.0370717 0.047337 0.0572263 0.0655019 0.0712162 0.0740065 0.0740541 0.0718353 0.0678962 0.0627446 0.056816 0.0504623 0.0439542 0.0374979 0.0312574 0.0253707 0.019958 0.015124 0.0109574 0.00752323 0.00484818
 0.00780709 0.0127666 0.0193697 0.0275982 0.0371915 0.0474873 0.0573953 0.0656696 0.0713596 0.0741071 0.0741031 0.0718351 0.0678579 0.0626846 0.0567526 0.050411 0.0439227 0.0374817 0.0312393 0.0253267 0.0198678 0.0149822 0.0107773 0.00733185 0.00467421
 0.00784284 0.0128167 0.0194304 0.0276621 0.0372506 0.0475377 0.0574396 0.0657153 0.0714134 0.0741693 0.0741661 0.0718864 0.0678865 0.0626866 0.056732 0.0503777 0.0438875 0.0374509 0.0312108 0.0252903 0.0198108 0.0148971 0.0106676 0.00721121 0.00456071
 0.00785014 0.0128278 0.0194453 0.0276794 0.0372671 0.0475482 0.0574379 0.0656972 0.0713803 0.0741303 0.0741351 0.0718765 0.0679031 0.0627252 0.056782 0.0504282 0.0439317 0.0374862 0.0312358 0.0253018 0.0198037 0.0148675 0.0106168 0.00714732 0.00449543
 0.00786849 0.0128516 0.0194703 0.0276982 0.0372713 0.0475321 0.0574009 0.0656439 0.0713183 0.0740673 0.0740788 0.0718341 0.067882 0.0627304 0.0568138 0.0504809 0.0439955 0.0375506 0.0312921 0.0253436 0.0198269 0.0148701 0.0106006 0.0071177 0.0044605
 0.00789484 0.0128944 0.019534 0.0277853 0.0373806 0.0476554 0.0575228 0.0657435 0.071376 0.0740721 0.0740321 0.0717481 0.0677748 0.0626207 0.0567163 0.050405 0.0439437 0.0375198 0.0312754 0.0253332 0.0198157 0.0148539 0.0105781 0.00709095 0.00443327
 0.00789813 0.0128976 0.0195352 0.0277821 0.0373715 0.0476419 0.0575094 0.0657363 0.071379 0.0740841 0.0740463 0.0717562 0.0677716 0.0626066 0.0566973 0.050389 0.0439372 0.0375252 0.0312907 0.0253531 0.019834 0.0148658 0.0105813 0.00708641 0.00442398
 0.00788543 0.0128748 0.0194968 0.0277222 0.0372852 0.0475284 0.0573748 0.0655945 0.071249 0.0739854 0.0739936 0.0717547 0.0678163 0.0626849 0.0567944 0.0504927 0.04404 0.0376235 0.0313824 0.0254356 0.019904 0.01492 0.0106188 0.00710843 0.00443417
 0.00788446 0.0128694 0.0194817 0.0276898 0.0372275 0.0474398 0.0572549 0.0654498 0.0710926 0.0738352 0.0738689 0.0716732 0.0677889 0.0627139 0.0568723 0.0506051 0.0441704 0.0377574 0.0315093 0.0255488 0.0199992 0.0149951 0.0106733 0.00714421 0.00445493
 0.0078632 0.0128369 0.0194363 0.027631 0.0371551 0.0473534 0.057154 0.0653347 0.0709667 0.0737059 0.0737482 0.0715759 0.0677299 0.062704 0.0569153 0.0506963 0.0442979 0.037905 0.0316606 0.0256901 0.0201213 0.015093 0.010746 0.00719377 0.00448558
 0.00782854 0.0127771 0.0193407 0.0274886 0.0369591 0.0471064 0.0568723 0.0650468 0.0707059 0.0735008 0.0736158 0.0715209 0.0677489 0.0627898 0.057059 0.0508876 0.0445237 0.0381493 0.0319055 0.0259185 0.0203198 0.0152535 0.0108663 0.00727698 0.00453833
 0.00783254 0.0127784 0.0193325 0.0274607 0.0368993 0.0470037 0.0567211 0.0648504 0.0704779 0.0732643 0.0733993 0.0713516 0.0676466 0.0627627 0.0571048 0.0509964 0.0446817 0.0383402 0.0321118 0.0261228 0.0205061 0.0154102 0.0109877 0.00736318 0.00459424
 0.00780315 0.0127348 0.0192745 0.0273899 0.0368179 0.0469122 0.056617 0.0647297 0.0703381 0.073108 0.0732367 0.0712004 0.0675277 0.0626958 0.0571023 0.0510607 0.0448055 0.0385089 0.0323069 0.0263245 0.0206964 0.015575 0.0111185 0.00745823 0.00465711
 0.00774603 0.012642 0.0191354 0.0271966 0.0365684 0.046615 0.0562943 0.0644143 0.0700652 0.0729039 0.0731129 0.0711545 0.0675505 0.062778 0.0572379 0.0512454 0.045033 0.0387687 0.0325833 0.0265988 0.0209497 0.0157922 0.0112905 0.00758336 0.0047403
 0.00773718 0.0126204 0.0190896 0.0271115 0.0364286 0.0464116 0.0560302 0.0641074 0.0697459 0.0726088 0.0728761 0.0710004 0.0674896 0.0628068 0.0573437 0.0514124 0.045246 0.0390137 0.0328458 0.0268625 0.0211976 0.0160087 0.0114652 0.00771264 0.00482757
 0.00932612 0.0148491 0.0217887 0.0299031 0.038835 0.0480289 0.0566668 0.0638131 0.0687366 0.0711553 0.0712212 0.0693247 0.0659122 0.0613976 0.0561357 0.0504126 0.0444449 0.0383931 0.0323839 0.0265356 0.0209806 0.0158756 0.0113912 0.00767619 0.00481226
 0.00928618 0.0150795 0.0226565 0.0318662 0.0422443 0.0528596 0.0623476 0.0693176 0.0729474 0.0733027 0.0711364 0.0673876 0.0627854 0.057743 0.0524489 0.0469909 0.0414315 0.0358367 0.0302834 0.0248652 0.019701 0.0149382 0.0107399 0.00725087 0.00455343
 0.00897368 0.0145837 0.0219548 0.0310027 0.0413847 0.05233 0.0625971 0.0707577 0.0757052 0.0770363 0.0750749 0.070623 0.0646514 0.0580468 0.0514445 0.0451684 0.0392861 0.0337321 0.0284258 0.0233388 0.0185159 0.0140659 0.0101331 0.0068547 0.00431257
 0.00878182 0.0142689 0.0214761 0.0303227 0.040484 0.0512351 0.0614185 0.0697189 0.0751288 0.0772571 0.0762892 0.0727426 0.0672657 0.0605548 0.0532979 0.0460825 0.0392992 0.0331083 0.0274935 0.0223673 0.0176671 0.0134052 0.0096631 0.00654617 0.00412551
 0.00869015 0.0141112 0.0212226 0.0299396 0.0399402 0.0505144 0.0605341 0.0687273 0.0741395 0.0764357 0.0758427 0.0728695 0.0680712 0.0619658 0.0550438 0.0477782 0.0405978 0.0338323 0.0276702 0.0221633 0.0172851 0.0130046 0.00933185 0.00631117 0.00397765
 0.00867792 0.0140853 0.0211714 0.0298462 0.0397833 0.0502711 0.0601851 0.0682629 0.0735685 0.075796 0.0752107 0.0723621 0.0678284 0.0621068 0.0556069 0.0486778 0.0416353 0.03477 0.0283284 0.0224829 0.0173221 0.0128745 0.00914662 0.00614345 0.00385663
 0.00868601 0.0140976 0.021188 0.029865 0.0397986 0.0502719 0.0601538 0.068177 0.0734049 0.0755393 0.0748633 0.0719547 0.0674247 0.0617982 0.0554885 0.0488097 0.042006 0.0352879 0.0288554 0.0228941 0.0175553 0.0129412 0.00910498 0.00605891 0.00377493
 0.00866344 0.0140662 0.0211505 0.0298273 0.0397678 0.0502531 0.0601474 0.0681765 0.0733973 0.0755065 0.0747865 0.071821 0.0672372 0.0615828 0.0552953 0.0487004 0.0420292 0.0354525 0.0291199 0.0231828 0.0177936 0.0130875 0.00916022 0.00605261 0.00374232
 0.00865469 0.0140501 0.0211232 0.0297849 0.0397088 0.0501806 0.0600705 0.0681087 0.0733506 0.0754856 0.0747849 0.0718224 0.0672223 0.0615392 0.0552263 0.0486282 0.0419883 0.0354742 0.0292141 0.0233301 0.0179538 0.0132204 0.00924396 0.00608823 0.00374573
 0.00863531 0.0140199 0.0210801 0.0297277 0.039637 0.0500951 0.0599741 0.0680076 0.0732546 0.075407 0.0747351 0.0718071 0.067238 0.0615743 0.0552662 0.0486637 0.0420218 0.0355178 0.0292813 0.0234247 0.0180649 0.0133274 0.00932791 0.00614088 0.00377056
 0.00863741 0.0140231 0.0210844 0.0297329 0.0396422 0.0500984 0.059973 0.0679985 0.0732345 0.0753744 0.0746918 0.0717584 0.0671916 0.0615365 0.05524 0.0486482 0.0420149 0.0355203 0.0292969 0.0234569 0.0181124 0.0133822 0.00937872 0.00617904 0.00379341
 0.00862428 0.0140044 0.021061 0.0297074 0.039618 0.0500787 0.0599593 0.0679908 0.073231 0.0753723 0.0746881 0.0717512 0.0671803 0.0615231 0.0552278 0.0486406 0.0420142 0.0355275 0.0293128 0.0234819 0.0181456 0.0134201 0.00941568 0.0062095 0.00381444
 0.00863679 0.0140217 0.0210816 0.0297281 0.0396354 0.0500905 0.0599658 0.067994 0.0732333 0.0753746 0.0746888 0.071747 0.0671683 0.0615022 0.0551993 0.0486083 0.0419829 0.0355018 0.0292961 0.0234759 0.0181499 0.0134324 0.00943208 0.00622574 0.00382739
 0.00861756 0.0139938 0.0210456 0.0296865 0.0395917 0.0500476 0.0599254 0.0679574 0.0732021 0.075352 0.0746788 0.0717524 0.0671888 0.061534 0.0552366 0.0486455 0.0420165 0.0355311 0.0293223 0.0235008 0.0181747 0.0134569 0.00945492 0.00624515 0.00384208
 0.00861029 0.0139809 0.0210244 0.0296544 0.0395473 0.0499924 0.0598648 0.0678992 0.0731549 0.0753213 0.0746661 0.0717564 0.0672067 0.061563 0.0552737 0.0486871 0.042059 0.0355713 0.0293583 0.0235324 0.0182024 0.0134812 0.00947579 0.00626211 0.00385475
 0.00861029 0.0139809 0.0210244 0.0296544 0.0395473 0.0499924 0.0598648 0.0678992 0.0731549 0.0753213 0.0746661 0.0717564 0.0672067 0.061563 0.0552737 0.0486871 0.042059 0.0355713 0.0293583 0.0235324 0.0182024 0.0134812 0.00947579 0.00626211 0.00385475
 0.00881829 0.0143118 0.0215071 0.0303058 0.0403626 0.0509344 0.0608553 0.068826 0.0738954 0.0757767 0.0747871 0.0715503 0.0667263 0.0608876 0.0544893 0.0478724 0.041276 0.0348624 0.0287482 0.0230314 0.0178102 0.0131899 0.00927212 0.00612908 0.00377425
 0.00851161 0.0138476 0.0208749 0.0295246 0.0394835 0.0500379 0.0600458 0.0682166 0.073581 0.0758034 0.0751352 0.0721416 0.0674529 0.061644 0.0551961 0.0484841 0.0417775 0.0352591 0.0290548 0.0232644 0.0179843 0.0133168 0.00936131 0.00618888 0.00381199
 0.00854445 0.0138607 0.0208214 0.0293403 0.0391081 0.0494476 0.0592795 0.0673773 0.0728082 0.0752304 0.0748512 0.0721731 0.0677651 0.0621579 0.0558137 0.0491138 0.0423519 0.0357416 0.0294358 0.0235518 0.0181934 0.0134643 0.00946177 0.00625436 0.00385237
 0.00858382 0.0139337 0.0209446 0.0295256 0.0393494 0.0497055 0.0594778 0.0674219 0.0726288 0.0748219 0.074288 0.0715839 0.0672821 0.0618691 0.0557412 0.049221 0.0425704 0.0360002 0.0296806 0.0237535 0.018344 0.0135686 0.00953004 0.00629687 0.00387755
 0.00869975 0.014119 0.0212175 0.0299005 0.0398327 0.0502891 0.0601283 0.0680741 0.0731876 0.0751806 0.0743598 0.071337 0.0667591 0.0611775 0.0550154 0.0485757 0.0420692 0.0356513 0.0294556 0.0236117 0.0182514 0.013504 0.00948338 0.00626393 0.00385587
#pred catch len freq
 0.00317312 0.00515992 0.00780212 0.0111491 0.0152428 0.0200683 0.0254932 0.0312604 0.0370417 0.0425056 0.0473656 0.0514157 0.0545574 0.0568033 0.0582516 0.0590539 0.05939 0.0594333 0.0592688 0.0587606 0.057445 0.0545957 0.0495456 0.0421493 0.033068
 0.00338234 0.00543879 0.00811072 0.0114179 0.0153987 0.0200716 0.0253619 0.0310609 0.0368504 0.0423658 0.0472715 0.0513318 0.0544594 0.0567103 0.0582296 0.0591858 0.0597268 0.0599494 0.0598463 0.0592182 0.0576079 0.054373 0.0489748 0.0413769 0.0322792
 0.00343313 0.00555898 0.00835583 0.0118487 0.0160493 0.0209099 0.0262699 0.0318625 0.0373824 0.0425514 0.0471447 0.0509999 0.0540374 0.0562785 0.057835 0.0588663 0.0595217 0.0598785 0.0598764 0.0592501 0.0575079 0.0540385 0.0483924 0.0406334 0.031517
 0.00361377 0.00582543 0.00871135 0.012292 0.0165911 0.0215876 0.0271403 0.0329623 0.0386717 0.0438825 0.048293 0.0517514 0.0542795 0.0560352 0.057233 0.0580671 0.0586656 0.0590568 0.0591212 0.0585348 0.0567658 0.0532059 0.0474569 0.0396546 0.030601
 0.0037927 0.00612654 0.00918143 0.0129759 0.0175173 0.0227509 0.0284931 0.0344265 0.0401669 0.0453441 0.0496601 0.0529337 0.0551434 0.0564376 0.0570859 0.0573857 0.0575627 0.057691 0.0576349 0.0570163 0.0552494 0.0517026 0.045994 0.0382958 0.0294316
 0.00393888 0.00637112 0.00956512 0.0135481 0.018334 0.0238653 0.0299365 0.0361846 0.042161 0.047433 0.0516649 0.0546774 0.0564802 0.05726 0.0573195 0.0569929 0.0565609 0.0561654 0.0557242 0.0548777 0.0530261 0.0495144 0.0439479 0.0364933 0.0279577
 0.00411755 0.00665149 0.00997016 0.0140978 0.0190492 0.0247712 0.0310617 0.0375525 0.0437754 0.0492594 0.0536156 0.0566088 0.0582105 0.0586023 0.0581158 0.057137 0.0560091 0.0549418 0.0539212 0.0526463 0.0505545 0.0470026 0.0415844 0.0344348 0.0263087
 0.00432267 0.0069834 0.0104669 0.0147942 0.0199715 0.0259281 0.0324368 0.039103 0.0454424 0.0509818 0.0553366 0.0582682 0.059729 0.0598697 0.0589951 0.0574857 0.0557113 0.0539393 0.0522359 0.0503885 0.0479142 0.0442226 0.0389191 0.0321028 0.0244509
 0.00460983 0.00743175 0.0111088 0.0156514 0.0210568 0.0272459 0.0339763 0.0408288 0.0472873 0.0528506 0.0571209 0.0598672 0.0610639 0.0608823 0.0596303 0.0576735 0.0553639 0.0529735 0.0506132 0.0481544 0.0452185 0.0413067 0.0360687 0.0295809 0.0224346
 0.00484209 0.00782883 0.0117419 0.0165976 0.0223808 0.0289723 0.0360644 0.0431669 0.0497145 0.0551929 0.0592227 0.0616074 0.0623602 0.0616885 0.0599277 0.0574538 0.0546113 0.0516589 0.0487137 0.0456948 0.042313 0.0381721 0.0329913 0.0268436 0.0202386
 0.00511369 0.00826109 0.012379 0.0174848 0.0235683 0.0305133 0.0379996 0.0454944 0.052357 0.0579821 0.0619176 0.0639466 0.0641259 0.0627506 0.0602495 0.0570642 0.0535643 0.050004 0.0464927 0.0429671 0.0391962 0.0348684 0.0297714 0.0239846 0.0179437
 0.00538067 0.00867616 0.0129697 0.0182677 0.0245526 0.0317049 0.0394032 0.0471109 0.0541777 0.0599767 0.0640153 0.06602 0.065994 0.06421 0.0611226 0.0572396 0.0530089 0.048747 0.044602 0.0405422 0.0363805 0.031865 0.026833 0.0213659 0.0158338
 0.00564676 0.00909535 0.0135756 0.0190827 0.0255844 0.0329425 0.0408117 0.0486331 0.0557453 0.0615278 0.0655051 0.0674158 0.0672548 0.0652653 0.0618652 0.0575421 0.0527574 0.0478742 0.0431069 0.038495 0.033922 0.0291992 0.0242046 0.0190139 0.0139336
 0.00590938 0.00951529 0.0141948 0.0199364 0.0266951 0.0343106 0.0424032 0.0503724 0.0575214 0.0632139 0.0669851 0.0686072 0.0681194 0.0657999 0.0620766 0.0574191 0.052259 0.0469434 0.0417041 0.0366351 0.031698 0.0267824 0.0218168 0.0168754 0.0122058
 0.00614564 0.00989613 0.0147628 0.0207309 0.0277478 0.0356356 0.0439838 0.0521495 0.0593923 0.0650425 0.0686221 0.0699165 0.069004 0.0662183 0.0620406 0.0569719 0.0514442 0.0457846 0.0402085 0.0348199 0.0296259 0.0245803 0.0196628 0.0149553 0.0106582
 0.00632691 0.0101885 0.0151995 0.0213449 0.028569 0.0366859 0.0452662 0.0536382 0.0610247 0.0667197 0.0702172 0.071291 0.0700311 0.0668063 0.0621485 0.0566094 0.0506574 0.0446338 0.0387514 0.0331136 0.0277434 0.0226291 0.0177838 0.0132947 0.00932584
 0.00646055 0.0104028 0.0155175 0.0217882 0.0291571 0.0374328 0.0461759 0.0546986 0.0622049 0.0679687 0.0714646 0.0724496 0.0710039 0.0674985 0.062483 0.0565417 0.0501819 0.0437805 0.0375764 0.0316898 0.02616 0.0209941 0.01622 0.0119211 0.00822804
 0.00659047 0.0106052 0.0158064 0.0221731 0.0296443 0.0380269 0.0468778 0.0555011 0.0630882 0.0688981 0.0723921 0.0733179 0.0717512 0.0680634 0.0628083 0.0565797 0.0499027 0.0431796 0.0366793 0.0305525 0.0248653 0.0196454 0.0149299 0.0107917 0.00732935
 0.00652646 0.0105234 0.0157247 0.0221224 0.0296615 0.0381429 0.0471088 0.0558469 0.0635384 0.0694389 0.0730074 0.0739854 0.0724357 0.0687146 0.0633638 0.0569736 0.0500761 0.043092 0.0363187 0.0299416 0.0240625 0.0187381 0.0140191 0.00997149 0.00666569
 0.00652026 0.0105062 0.0156873 0.022056 0.0295656 0.0380341 0.0470245 0.0558379 0.0636505 0.0696936 0.0733942 0.0744685 0.0729692 0.069253 0.0638643 0.0573919 0.050365 0.0432068 0.0362282 0.0296409 0.0235806 0.0181363 0.013379 0.00937423 0.00617177
 0.00662991 0.0106679 0.0158988 0.0223025 0.0298208 0.0382656 0.0472011 0.0559393 0.0636766 0.0696694 0.0733635 0.0744766 0.0730439 0.0693946 0.0640485 0.0575802 0.0505133 0.0432721 0.0361748 0.0294492 0.0232562 0.0177136 0.0129141 0.00892975 0.00579779
 0.00661305 0.0106656 0.0159408 0.0224289 0.0300679 0.0386452 0.0476842 0.0564567 0.0641392 0.07 0.0735225 0.074472 0.0729224 0.0692196 0.063875 0.0574372 0.0503998 0.043164 0.0360382 0.0292549 0.0229918 0.0173901 0.0125636 0.00859393 0.00551328
