SBPRF35
7.78865
Curr Bio
561985
B35
698538
F35
0.226435
FOFL
0.182305
OFL
79348.4
Bzero
2.22533e+006
#pred survey bio
 4.33315e+006 4.1196e+006 3.90922e+006 3.65336e+006 3.36496e+006 3.07812e+006 2.75217e+006 2.47074e+006 2.17752e+006 1.92739e+006 1.68605e+006 1.49697e+006 1.33623e+006 1.16487e+006 1.02093e+006 919093 828944 768926 709835 667998 645940 622796 603058 603858 603406 598543 596588 592612 572021 574105 570399 575819 571753 568220 564833 547469 521141 516680 528539 535137 554454 568846 574963 578496 583947 588074 585222 585596 581861 587440 586408 533114 502366 513266 540847 561693 1.9908e+007 1.22737e+007 1.27231e+007 1.34097e+007 1.41927e+007 1.49369e+007 1.55751e+007 1.60881e+007 1.64835e+007 1.67797e+007 1.69978e+007 1.71567e+007 1.7272e+007 1.73556e+007 1.74164e+007 1.74607e+007 1.74933e+007 1.75173e+007 1.75352e+007 1.75486e+007 1.75586e+007 1.75662e+007 1.7572e+007 1.75764e+007 1.75797e+007 1.75823e+007 1.75842e+007 1.75857e+007 1.75869e+007 1.75878e+007 1.75885e+007 1.7589e+007 1.75894e+007 1.75897e+007 1.759e+007 1.75902e+007 1.75903e+007 1.75904e+007 1.75905e+007 1.75906e+007 1.75906e+007 1.75907e+007 1.75907e+007 1.75907e+007 1.75908e+007 1.75908e+007 1.75908e+007 1.75908e+007 1.75908e+007 1.75908e+007 1.75908e+007 1.75908e+007 1.75908e+007 1.75908e+007 1.75908e+007 1.75908e+007 1.75908e+007 1.75908e+007 1.75908e+007 1.75908e+007 1.75908e+007 1.75908e+007 1.75908e+007 1.75908e+007 1.75908e+007 1.75908e+007 1.75908e+007 1.75908e+007 1.75908e+007 1.75908e+007 1.75908e+007 1.75908e+007 1.75908e+007 1.75908e+007 1.75908e+007 1.75908e+007 1.75908e+007 1.75908e+007 1.75908e+007 1.75908e+007 1.75908e+007 1.75908e+007 1.75908e+007 1.75908e+007 1.75908e+007 1.75908e+007 1.75908e+007 1.75908e+007 1.75908e+007 1.75908e+007 1.75908e+007 1.75908e+007 1.75908e+007 1.75908e+007 1.75908e+007 1.75908e+007 1.75908e+007 1.75908e+007 1.75908e+007 1.75908e+007 0 0 0 0 0 0 0 0 0 0 0 0 0 0 0 0 0 0 0 0 0 0 0 0 0
#obs survey bio
 2.76011e+006 3.01656e+006 2.79926e+006 1.75752e+006 2.45134e+006 2.32661e+006 3.04446e+006 2.34197e+006 2.24727e+006 1.28939e+006 1.84734e+006 1.18431e+006 1.45218e+006 801039 1.15288e+006 906304 762597 1.20494e+006 498648 788606 625130 527896 430482 601637 547928 389412 566014 552608 513804 540725 604679 405664 522671 725090 672789 600173 466630 608490 622166 527174 655253 624026 408691 702815 691379 741612 786717 520664 541618 610079 700559 480494 516910 553089 716899 388860
#pred catch bio
 93959.9 97589.1 155963 209028 234187 297147 282892 317627 300872 311056 277872 262006 276207 253770 217382 205862 176511 171243 152451 132358 130038 124311 105758 105987 107989 103922 104439 116476 95276.7 98821.8 89897.8 96806.5 94412.5 91522.6 99974.1 105961 90637.2 82276.6 89964.8 80889.9 85794.6 92081.8 92928.2 89943 90084.1 95307.4 92371.3 95897.8 88163.1 94188.3 137798 118673 86729.6 76593.1 85398.9 99270.7 79348.4 98737.8 101278 105600 111129 116508 121051 124587 127195 129045 130319 131177 131745 132116 132356 132510 132608 132669 132708 132733 132748 132758 132764 132767 132770 132771 132772 132772 132773 132773 132773 132773 132773 132773 132773 132773 132773 132773 132773 132773 132773 132773 132773 132773 132773 132773 132773 132773 132773 132773 132773 132773 132773 132773 132773 132773 132773 132773 132773 132773 132773 132773 132773 132773 132773 132773 132773 132773 132773 132773 132773 132773 132773 132773 132773 132773 132773 132773 132773 132773 132773 132773 132773 132773 132773 132773 132773 132773 132773 132773 132773 132773 132773 132773 132773 132773 132773 132773 132773 132773 0 0 0 0 0 0 0 0 0 0 0 0 0 0 0 0 0 0 0 0 0 0 0 0 0
#obs catch bio
 0 97486.1 156863 211336 236811 303273 286866 323433 305656 320042 283717 267937 282658 260393 221285 210620 179898 172639 154993 133688 131532 125292 106762 107000 108830 104442 104682 117858 95774.2 99364.7 90086.8 97316.9 95219.5 91558.2 100203 106150 90997.9 82568.8 89986 80616.4 85632.9 91622.4 92651.1 89082 89053.8 94163.8 91231.8 95481.1 87270.6 93014.4 136078 118043 86368.7 76294.7 84726.2 99362.8
#pred cpue bio
 4.25229e+006 4.04156e+006 3.83309e+006 3.57789e+006 3.29101e+006 3.00604e+006 2.68291e+006 2.40395e+006 2.11331e+006 1.86513e+006 1.62633e+006 1.43961e+006 1.28123e+006 1.11304e+006 971967 872250 784516 726812 670105 629830 608946 587131 568256 569085 569029 564816 563205 559511 539831 542219 539030 544576 540904 537969 535487 519308 493101 486784 497008 503433 522444 536827 543219 547036 552685 556900 554140 554358 550656 556054 554987 502734 471636 481236 507964 528107 1.87119e+007 1.15431e+007 1.19276e+007 1.25272e+007 1.32777e+007 1.40145e+007 1.46512e+007 1.5164e+007 1.55593e+007 1.58556e+007 1.60736e+007 1.62326e+007 1.63479e+007 1.64315e+007 1.64922e+007 1.65366e+007 1.65691e+007 1.65932e+007 1.66111e+007 1.66245e+007 1.66345e+007 1.66421e+007 1.66479e+007 1.66522e+007 1.66556e+007 1.66581e+007 1.66601e+007 1.66616e+007 1.66628e+007 1.66637e+007 1.66643e+007 1.66649e+007 1.66653e+007 1.66656e+007 1.66658e+007 1.6666e+007 1.66662e+007 1.66663e+007 1.66664e+007 1.66664e+007 1.66665e+007 1.66665e+007 1.66666e+007 1.66666e+007 1.66666e+007 1.66666e+007 1.66666e+007 1.66667e+007 1.66667e+007 1.66667e+007 1.66667e+007 1.66667e+007 1.66667e+007 1.66667e+007 1.66667e+007 1.66667e+007 1.66667e+007 1.66667e+007 1.66667e+007 1.66667e+007 1.66667e+007 1.66667e+007 1.66667e+007 1.66667e+007 1.66667e+007 1.66667e+007 1.66667e+007 1.66667e+007 1.66667e+007 1.66667e+007 1.66667e+007 1.66667e+007 1.66667e+007 1.66667e+007 1.66667e+007 1.66667e+007 1.66667e+007 1.66667e+007 1.66667e+007 1.66667e+007 1.66667e+007 1.66667e+007 1.66667e+007 1.66667e+007 1.66667e+007 1.66667e+007 1.66667e+007 1.66667e+007 1.66667e+007 1.66667e+007 1.66667e+007 1.66667e+007 1.66667e+007 1.66667e+007 1.66667e+007 1.66667e+007 1.66667e+007 1.66667e+007 1.66667e+007 1.66667e+007 0 0 0 0 0 0 0 0 0 0 0 0 0 0 0 0 0 0 0 0 0 0 0 0 0
#obs cpue bio
 3.43958e+006 2.27409e+006 3.9617e+006 3.09699e+006 3.62544e+006 2.66174e+006 3.26755e+006 2.5085e+006 1.84085e+006 1.0453e+006 1.73909e+006 1.2296e+006 1.18775e+006 997186 876189 560165 657073 801161 452707 564653 525485 774112 489401 534675 664090 892666 653918 370327 573453 647010 506976 673666 395453 696486 418044 534035 390111 363602 680548 571021 445314 698758 692879 848420 634422 572943 475997 405067 956406 642183 596782 393362 425061 453520 623682 426162
#pred surv len freq
 0.0047576 0.00770248 0.0115569 0.0163039 0.0218528 0.0279692 0.0342332 0.0401253 0.0452088 0.0492699 0.0523228 0.0545231 0.0560733 0.0571528 0.0578648 0.0582043 0.0580626 0.057263 0.0556036 0.0528832 0.0489211 0.0436118 0.0370357 0.0295753 0.0219226
 0.00511801 0.00819437 0.0121288 0.0168639 0.0223124 0.0283012 0.0345029 0.0404586 0.0457073 0.0499216 0.0529716 0.0549207 0.0559873 0.0564728 0.056659 0.0567057 0.0565934 0.056126 0.054979 0.0527753 0.0491782 0.04401 0.0373805 0.0297679 0.0219637
 0.0052751 0.00849067 0.0126433 0.0176771 0.0234658 0.0297483 0.0360871 0.0419525 0.0469058 0.05073 0.0534193 0.055088 0.0559066 0.0560883 0.0558768 0.0554933 0.0550507 0.0544759 0.0534827 0.0516235 0.0484243 0.043578 0.0371339 0.0295887 0.0217944
 0.00543569 0.00874524 0.0130191 0.0182074 0.0241971 0.0307405 0.037394 0.0435806 0.0487694 0.0526375 0.0551169 0.056345 0.0565877 0.056165 0.0553833 0.0544816 0.0535906 0.0526887 0.0515563 0.0497755 0.0468311 0.0423216 0.0362016 0.0289158 0.0213127
 0.00561331 0.00903412 0.0134541 0.0188213 0.0250156 0.0317762 0.0386417 0.0450187 0.050364 0.0543382 0.0568381 0.0579479 0.0578872 0.0569724 0.0555612 0.053979 0.052445 0.0510116 0.0495196 0.0475929 0.0447223 0.0404638 0.0346945 0.0277787 0.0205087
 0.00575574 0.00927108 0.0138215 0.0193581 0.0257584 0.0327494 0.0398459 0.0464238 0.0519121 0.0559548 0.0584429 0.059457 0.0592055 0.057983 0.0561296 0.053979 0.051799 0.0497252 0.0476955 0.0454185 0.0424336 0.0382948 0.0328265 0.0263092 0.0194498
 0.00601607 0.00967931 0.0144091 0.0201472 0.0267624 0.0339716 0.041274 0.0480228 0.0536204 0.0576875 0.0601014 0.0609416 0.0604253 0.0588584 0.0565851 0.053937 0.051187 0.048503 0.0458918 0.0431554 0.0399208 0.0357883 0.0305667 0.0244637 0.0180842
 0.00629906 0.0101251 0.0150535 0.0210143 0.0278609 0.0352905 0.0427769 0.049647 0.0552856 0.0593096 0.0616033 0.0622553 0.0614886 0.059611 0.0569672 0.0538875 0.0506461 0.0474249 0.0442711 0.0410598 0.0375081 0.0332894 0.0282327 0.0224983 0.0165941
 0.00664595 0.0106795 0.0158698 0.0221362 0.0293126 0.0370635 0.0448149 0.0518411 0.0574873 0.0613593 0.06336 0.0636167 0.0623967 0.0600455 0.0569295 0.0533829 0.0496721 0.0459736 0.0423489 0.0387195 0.0348774 0.0305724 0.0256725 0.0203116 0.0149105
 0.00684921 0.0110257 0.0164206 0.0229602 0.0304728 0.0385947 0.0467009 0.0540018 0.0597854 0.0636225 0.0654089 0.0652913 0.0635781 0.0606678 0.0569778 0.0528787 0.0486521 0.0444753 0.0404132 0.0364116 0.0323136 0.0279315 0.0231732 0.0181584 0.0132348
 0.00714184 0.0114838 0.0170794 0.0238465 0.0316076 0.0399946 0.0483703 0.055918 0.0618832 0.0657865 0.0674807 0.0670923 0.0649416 0.0614697 0.0571538 0.0524239 0.0476062 0.042904 0.0383966 0.0340479 0.0297338 0.0253089 0.0207087 0.0160387 0.0115813
 0.00735242 0.0118274 0.0175985 0.0245803 0.032584 0.041218 0.0498117 0.0575159 0.0635573 0.0674555 0.069069 0.0685233 0.0661267 0.062308 0.0575476 0.0523006 0.0469362 0.0417052 0.0367307 0.0320153 0.0274722 0.0229899 0.0185204 0.0141506 0.0101033
 0.00752288 0.0121051 0.0180183 0.0251769 0.033388 0.0422469 0.0510583 0.0589392 0.0650823 0.0689832 0.0704947 0.0697535 0.0670904 0.0629546 0.0578372 0.0521963 0.0464069 0.0407387 0.0353497 0.0302886 0.0255176 0.0209648 0.0165989 0.0124879 0.00879902
 0.00780685 0.0125579 0.0186831 0.0260882 0.0345652 0.0436847 0.0527152 0.0607318 0.066892 0.0706751 0.0719387 0.0708435 0.0677569 0.0631709 0.0576136 0.0515661 0.0454092 0.0394105 0.0337314 0.0284397 0.0235317 0.018971 0.0147443 0.0109043 0.00756817
 0.00811119 0.0130363 0.019373 0.0270143 0.0357363 0.0450888 0.0543112 0.0624437 0.0686127 0.0722799 0.0733033 0.0718611 0.0683518 0.0633064 0.0572939 0.0508287 0.0443123 0.0380194 0.0321127 0.0266649 0.0216871 0.0171632 0.0130902 0.00950725 0.00649041
 0.00818606 0.0131792 0.0196271 0.0274327 0.0363696 0.0459652 0.0554188 0.0637253 0.0699775 0.0736232 0.074524 0.0728704 0.0690768 0.0636937 0.0573137 0.0504786 0.0436169 0.0370257 0.0308833 0.0252748 0.0202226 0.0157212 0.0117699 0.00839267 0.00563098
 0.00818935 0.0132001 0.0196891 0.027572 0.0366321 0.0463983 0.0560582 0.0645812 0.0710219 0.0747849 0.0756964 0.0739325 0.0699196 0.0642394 0.0575228 0.0503456 0.0431621 0.036289 0.0299208 0.0241562 0.0190298 0.014543 0.010693 0.00748697 0.00493545
 0.00833629 0.0133927 0.0198949 0.0277367 0.0367007 0.0463464 0.0559157 0.0644311 0.0709731 0.0749308 0.0760802 0.0745316 0.0706527 0.0649903 0.0581712 0.0507938 0.0433505 0.0362 0.0295737 0.0236002 0.0183353 0.0137926 0.00996927 0.00685798 0.00444239
 0.0084859 0.0136413 0.0202753 0.0282727 0.0373899 0.0471411 0.0567158 0.0651048 0.0714054 0.0750764 0.0759841 0.0743033 0.0704104 0.0648091 0.058061 0.0507107 0.0432269 0.0359754 0.0292159 0.0231124 0.0177529 0.0131722 0.00937428 0.00634278 0.00404001
 0.00851079 0.0136856 0.0203504 0.0283952 0.0375814 0.0474246 0.057106 0.0655931 0.0719476 0.0755925 0.0763812 0.0745138 0.0704233 0.0646729 0.0578536 0.0504965 0.0430296 0.035778 0.0289828 0.022816 0.0173907 0.0127688 0.00897114 0.00598241 0.00375208
 0.00849773 0.0136528 0.0202807 0.0282678 0.0373813 0.0471548 0.0567976 0.0653054 0.0717526 0.0755502 0.0765151 0.0747996 0.0707985 0.065063 0.0582017 0.0507773 0.0432426 0.0359288 0.0290689 0.022828 0.0173237 0.0126332 0.00879335 0.00579679 0.0035885
 0.00867434 0.013905 0.0205945 0.0286055 0.0376888 0.0473757 0.0568885 0.0652464 0.0715549 0.0752569 0.0761934 0.0745216 0.0706168 0.0649936 0.0582233 0.0508482 0.0433213 0.0359866 0.0290912 0.0228085 0.0172612 0.0125331 0.00866917 0.00566786 0.00347363
 0.00877504 0.0140735 0.0208547 0.028977 0.0381745 0.0479484 0.0574815 0.0657622 0.0718924 0.0753484 0.0760296 0.0741534 0.0701343 0.0644941 0.0577825 0.0505038 0.0430737 0.0358127 0.0289606 0.0226958 0.0171508 0.0124196 0.00855545 0.00556188 0.00338415
 0.00861236 0.0138321 0.0205359 0.0286005 0.0377777 0.0475805 0.0571955 0.0656026 0.0718805 0.0754709 0.0762406 0.0743936 0.0703567 0.0646813 0.0579459 0.0506675 0.043255 0.0360113 0.02916 0.0228727 0.0172862 0.0125055 0.00859554 0.00556816 0.0033715
 0.00854746 0.0137168 0.0203455 0.0283094 0.0373699 0.0470642 0.056614 0.0650333 0.0714158 0.0751898 0.0761832 0.0745505 0.0706763 0.065092 0.0583809 0.0510827 0.0436325 0.036349 0.0294587 0.0231289 0.0174928 0.012657 0.00869353 0.00562173 0.00339412
 0.00860258 0.0137917 0.0204299 0.0283812 0.0373977 0.047013 0.056455 0.0647541 0.071032 0.0747494 0.0757603 0.074224 0.0705037 0.06509 0.0585248 0.0513221 0.0439132 0.0366297 0.0297154 0.02335 0.017673 0.012794 0.00878847 0.00567996 0.00342461
 0.00859865 0.0137907 0.0204374 0.0284037 0.0374375 0.0470622 0.0564918 0.0647455 0.0709447 0.0745649 0.0754873 0.073902 0.0701939 0.0648565 0.0584125 0.0513432 0.0440469 0.0368348 0.0299473 0.0235733 0.0178653 0.0129454 0.00889743 0.00575112 0.00346613
 0.00846814 0.0136071 0.0202144 0.0281727 0.0372397 0.0469353 0.0564565 0.0647996 0.0710634 0.0747072 0.0756071 0.0739626 0.0701816 0.0647868 0.0583245 0.0512826 0.0440471 0.0369053 0.030074 0.0237287 0.018021 0.0130804 0.0090013 0.00582273 0.00351035
 0.00854025 0.0137077 0.0203361 0.0283017 0.0373637 0.0470536 0.056585 0.0649632 0.0712782 0.0749627 0.0758608 0.0741522 0.0702491 0.0647023 0.0580978 0.0509592 0.0436911 0.0365775 0.0298145 0.0235509 0.017916 0.0130281 0.00898061 0.00581731 0.00351045
 0.00846476 0.0135847 0.0201503 0.0280382 0.0370111 0.0466098 0.0560656 0.0644093 0.0707572 0.0745585 0.0756514 0.0741822 0.0705102 0.0651334 0.0586085 0.0514627 0.0441311 0.0369351 0.0300984 0.0237795 0.0181039 0.0131816 0.0091005 0.00590426 0.00356788
 0.00849943 0.0136296 0.0201962 0.0280681 0.0370027 0.0465413 0.0559209 0.0641823 0.0704559 0.074208 0.0752953 0.0738778 0.0703149 0.0650851 0.0587102 0.0516808 0.0444101 0.03722 0.0303524 0.0239881 0.0182683 0.0133086 0.00919636 0.00597339 0.0036143
 0.00841206 0.0134995 0.0200222 0.0278554 0.0367598 0.0462747 0.0556336 0.063876 0.0701362 0.0738899 0.075005 0.0736497 0.0701854 0.0650844 0.0588529 0.051959 0.0447909 0.0376533 0.0307844 0.0243759 0.018588 0.0135541 0.00937353 0.00609364 0.0036906
 0.00823958 0.0132539 0.0197173 0.0275264 0.036454 0.0460355 0.0554858 0.0638205 0.0701525 0.0739442 0.0750615 0.0736828 0.0701889 0.0650741 0.0588598 0.0520157 0.0449175 0.0378486 0.0310266 0.0246324 0.0188268 0.0137535 0.00952491 0.00619899 0.00375805
 0.00806171 0.0129726 0.0193108 0.0269857 0.0357914 0.0452937 0.0547425 0.0631771 0.0697067 0.0737563 0.0751341 0.0739653 0.0706025 0.0655424 0.05933 0.0524646 0.0453441 0.0382594 0.0314232 0.0250055 0.01916 0.0140306 0.00973732 0.00634827 0.00385396
 0.0079984 0.0128559 0.0191094 0.0266624 0.035312 0.0446429 0.05394 0.0622868 0.068831 0.0730163 0.0746403 0.0737878 0.0707515 0.0659678 0.0599422 0.0531661 0.0460556 0.0389312 0.0320306 0.0255373 0.0196096 0.0143931 0.0100119 0.00654128 0.00397855
 0.00877308 0.0139551 0.0204657 0.0281087 0.0366233 0.0456079 0.0544209 0.0622414 0.0683009 0.0721026 0.0734822 0.0725422 0.069569 0.0649657 0.0591844 0.052659 0.0457627 0.0387966 0.0320004 0.02557 0.0196759 0.0144722 0.0100887 0.00660551 0.00402578
 0.00955819 0.0152018 0.0222767 0.0305317 0.03961 0.0489672 0.0577974 0.0651603 0.0702929 0.0728572 0.0729435 0.0709001 0.0671664 0.0621847 0.0563604 0.0500367 0.0434866 0.0369242 0.0305268 0.0244551 0.0188653 0.0139089 0.00971772 0.00637624 0.00389398
 0.00931959 0.0149433 0.0221284 0.030699 0.0403239 0.0503988 0.0599716 0.06791 0.0732723 0.0756115 0.0750174 0.0719583 0.0670854 0.0610759 0.054513 0.0478125 0.0412172 0.0348489 0.0287776 0.0230744 0.017836 0.0131823 0.00923316 0.00607273 0.00371681
 0.00896699 0.0143814 0.0213136 0.0296249 0.0390543 0.0491009 0.0589234 0.0674476 0.0736734 0.076962 0.0771391 0.074446 0.0694408 0.0628715 0.0555142 0.0480138 0.0407936 0.0340595 0.027871 0.0222299 0.0171482 0.0126766 0.00889214 0.00586052 0.00359486
 0.00888358 0.0142315 0.0210608 0.0292241 0.0384615 0.0482929 0.0579263 0.0663641 0.0726917 0.076329 0.0770883 0.0750994 0.0707321 0.0645429 0.0572013 0.0493794 0.0416404 0.0343693 0.0277656 0.0218905 0.0167404 0.0123097 0.00861439 0.00567583 0.00348491
 0.00864534 0.0138719 0.0205698 0.0286073 0.037733 0.047467 0.0570152 0.0653876 0.0716965 0.0754068 0.0763812 0.0747778 0.0709406 0.0653315 0.0584781 0.0509202 0.0431621 0.0356306 0.0286415 0.0223856 0.0169474 0.0123471 0.00857991 0.00562801 0.00344806
 0.00853033 0.0136798 0.0202725 0.0281788 0.0371585 0.0467547 0.0562043 0.0645429 0.0708902 0.0746994 0.0758165 0.0743968 0.0707982 0.065494 0.0589919 0.0517687 0.044242 0.0367728 0.0296697 0.0231788 0.0174708 0.0126394 0.00871443 0.00567588 0.00345851
 0.00843942 0.0135458 0.0200953 0.0279636 0.0369104 0.0464715 0.0558746 0.0641537 0.0704401 0.074209 0.0753285 0.0739656 0.0704788 0.0653357 0.0590368 0.0520432 0.0447389 0.0374361 0.0303993 0.0238611 0.0180188 0.0130182 0.00893921 0.00578956 0.0035068
 0.00841318 0.0134949 0.020004 0.0278145 0.0366905 0.0461811 0.0555319 0.0637905 0.0700887 0.0738897 0.0750466 0.0737207 0.0702774 0.0651989 0.0589968 0.0521332 0.0449789 0.0378195 0.0308855 0.0243824 0.0185006 0.0134048 0.00920905 0.00595342 0.00359333
 0.00842392 0.0135026 0.0199969 0.0277741 0.0365941 0.0460077 0.0552702 0.0634454 0.069685 0.073469 0.074658 0.0734068 0.0700636 0.0650924 0.0589947 0.0522319 0.0451779 0.0381151 0.0312611 0.0248026 0.0189166 0.0137688 0.00948992 0.00614425 0.00370735
 0.00845379 0.0135467 0.0200543 0.027839 0.0366552 0.0460477 0.0552668 0.0633755 0.0695311 0.0732283 0.074348 0.0730639 0.0697345 0.0648211 0.0588122 0.0521529 0.0452037 0.0382381 0.0314661 0.0250652 0.0192032 0.0140422 0.00971939 0.00631375 0.0038175
 0.00853796 0.0136768 0.0202374 0.028076 0.0369399 0.0463651 0.055591 0.0636697 0.0697518 0.0733335 0.0743081 0.0728714 0.0694086 0.0644055 0.0583652 0.0517335 0.0448591 0.0379966 0.0313357 0.0250357 0.0192506 0.0141342 0.00982395 0.00640655 0.00388622
 0.0084893 0.013616 0.0201795 0.0280463 0.0369665 0.0464679 0.0557724 0.0639114 0.0700197 0.0735866 0.074506 0.0729813 0.0694102 0.0642963 0.058163 0.0514742 0.0445883 0.0377581 0.0311611 0.0249382 0.0192247 0.0141611 0.00987867 0.00646653 0.00393665
 0.00854419 0.0136892 0.0202611 0.0281203 0.0370192 0.0464987 0.0557996 0.0639665 0.0701306 0.0737593 0.0747174 0.0731859 0.0695576 0.064348 0.0581037 0.0513137 0.0443574 0.0374995 0.0309179 0.0247431 0.0190935 0.0140917 0.00985654 0.00647226 0.00395316
 0.00852707 0.0136634 0.0202255 0.0280729 0.0369556 0.046411 0.0556793 0.0638116 0.0699552 0.0735974 0.0746144 0.0731793 0.0696575 0.0645301 0.0583192 0.0515107 0.0445 0.0375775 0.0309436 0.0247407 0.0190866 0.0140947 0.00987254 0.00649636 0.00397808
 0.00869386 0.0139037 0.0205297 0.0284128 0.0372916 0.0467051 0.0559039 0.0639509 0.0700012 0.0735477 0.0744754 0.0729711 0.0694138 0.0642889 0.0581086 0.0513389 0.0443574 0.0374476 0.030816 0.0246167 0.0189757 0.0140074 0.00981384 0.00646375 0.0039642
 0.00935803 0.0149381 0.0219985 0.0303351 0.0396279 0.0493416 0.0586412 0.0665154 0.0720926 0.0749094 0.0749555 0.0725487 0.0681895 0.0624518 0.0558926 0.0489781 0.0420493 0.0353328 0.0289772 0.0230902 0.017766 0.0130974 0.00916944 0.00603853 0.00370517
 0.00947733 0.0151794 0.0224484 0.0311019 0.0408124 0.0509919 0.0607094 0.0688419 0.0744293 0.0769714 0.0764804 0.0733475 0.0681796 0.0616679 0.0544724 0.0471263 0.0399925 0.0332779 0.0270833 0.0214588 0.0164445 0.0120897 0.00844867 0.00555798 0.00340886
 0.00918486 0.0147222 0.0218002 0.0302661 0.0398403 0.0499992 0.0598786 0.0683917 0.0745466 0.077733 0.0778072 0.0750197 0.0699038 0.0631628 0.0555386 0.0476809 0.0400653 0.0329793 0.0265597 0.020851 0.0158608 0.0115961 0.00807218 0.00529655 0.00324333
 0.00924916 0.0147533 0.0217126 0.0299376 0.0391485 0.0488793 0.0583773 0.0666864 0.0729165 0.076491 0.0772154 0.0752119 0.0708421 0.0646465 0.0572669 0.0493455 0.0414344 0.0339409 0.0271178 0.0210876 0.0158881 0.011518 0.00796312 0.00519833 0.00317179
 0.0091146 0.0145943 0.0215775 0.0298925 0.0392386 0.0490809 0.0585729 0.0666964 0.0725847 0.0757797 0.0762497 0.0742431 0.0701475 0.0644193 0.0575478 0.0500226 0.0423018 0.0347839 0.0277831 0.021514 0.0160953 0.0115702 0.00793232 0.00514003 0.00311755
#obs surv len freq
 nan nan nan nan nan nan nan nan nan nan nan nan nan nan nan nan nan nan nan nan nan nan nan nan nan
 0.00449014 0.007354 0.0111863 0.0160043 0.0217055 0.0279804 0.0342929 0.0400221 0.0446993 0.0481606 0.0505161 0.0520096 0.0528997 0.0534102 0.053723 0.0539768 0.0542545 0.0545467 0.0546851 0.0542769 0.0527151 0.0493478 0.0437985 0.0362798 0.027665
 0.00461668 0.00756389 0.0115095 0.0164699 0.0223346 0.0287741 0.0352221 0.0410243 0.0456887 0.0490461 0.0512185 0.0524738 0.0530989 0.0533451 0.0534169 0.0534678 0.0535869 0.0537636 0.0538259 0.0533791 0.051818 0.048495 0.0430355 0.0356452 0.0271799
 0.00478402 0.00783559 0.011918 0.0170459 0.0231018 0.0297408 0.0363703 0.0423039 0.0470198 0.0503293 0.0523494 0.0533568 0.0536598 0.0535402 0.053237 0.0529359 0.0527497 0.0526823 0.0525682 0.0520161 0.0504259 0.0471552 0.0418285 0.0346375 0.0264083
 0.00497019 0.00814139 0.012384 0.0177115 0.0239975 0.0308758 0.0377205 0.0438079 0.0485879 0.05186 0.0537425 0.0545196 0.0545095 0.0540078 0.0532748 0.0525253 0.0519062 0.0514538 0.0510307 0.050268 0.0485836 0.0453466 0.0401799 0.0332517 0.0253432
 0.00517692 0.00848064 0.0129006 0.0184497 0.0249926 0.0321413 0.0392341 0.0455056 0.0503721 0.0536169 0.0553599 0.0558973 0.0555622 0.0546651 0.0534806 0.0522407 0.051116 0.0501756 0.0493227 0.0482326 0.0463641 0.0431154 0.0381135 0.0314973 0.0239864
 0.00541047 0.00886117 0.0134751 0.0192627 0.0260787 0.0335123 0.0408652 0.0473303 0.0522901 0.0555119 0.0571169 0.0574126 0.0567473 0.0554467 0.0537991 0.0520498 0.0503854 0.0489006 0.0475378 0.0460266 0.043887 0.0405673 0.0357129 0.0294342 0.0223777
 0.00565411 0.00926028 0.0140813 0.0201259 0.0272372 0.0349778 0.0426073 0.0492716 0.0543182 0.0575015 0.0589496 0.0589876 0.057982 0.0562736 0.0541625 0.0519029 0.0496917 0.0476415 0.0457294 0.0437405 0.0412659 0.0378212 0.0330862 0.0271497 0.0205804
 0.00588758 0.00964514 0.0146705 0.0209723 0.0283839 0.0364415 0.0443619 0.0512418 0.0563899 0.0595434 0.0608352 0.060608 0.0592508 0.0571255 0.054548 0.0517821 0.0490316 0.0464204 0.0439525 0.0414645 0.0386206 0.0350127 0.0303668 0.0247596 0.0186837
 0.00614746 0.0100677 0.0153068 0.0218703 0.0295799 0.0379467 0.0461472 0.0532321 0.0584728 0.0615892 0.0627173 0.0622157 0.0604958 0.0579422 0.0548904 0.0516181 0.0483374 0.0451809 0.0421735 0.0391953 0.0359797 0.0321956 0.0276221 0.0223312 0.0167445
 0.0063758 0.0104461 0.0158892 0.0227112 0.0307226 0.0394055 0.0478905 0.0551775 0.0605009 0.0635685 0.0645257 0.0637523 0.0616816 0.0587176 0.0552122 0.0514553 0.0476682 0.0439935 0.0404752 0.0370323 0.0334603 0.0295009 0.0249858 0.0199876 0.0148638
 0.00661447 0.0108352 0.0164773 0.0235446 0.0318374 0.0408141 0.0495666 0.0570492 0.0624585 0.0654834 0.0662717 0.0652208 0.0627899 0.0594102 0.0554561 0.0512323 0.0469683 0.0428137 0.0388275 0.034962 0.0310677 0.0269514 0.0224944 0.0177712 0.0130819
 0.0068297 0.0111905 0.0170216 0.0243263 0.032894 0.0421563 0.0511629 0.0588218 0.0642957 0.0672625 0.067879 0.066562 0.0637924 0.0600225 0.0556458 0.0509833 0.0462757 0.041682 0.0372752 0.0330356 0.0288601 0.0246119 0.0202149 0.0157455 0.011453
 0.00706736 0.0115774 0.0176049 0.0251497 0.0339889 0.0435279 0.0527756 0.060594 0.0661104 0.0689897 0.0693985 0.0677783 0.0646404 0.060466 0.0556715 0.0505928 0.0454794 0.0404963 0.035727 0.0311748 0.0267743 0.0224353 0.0181163 0.0138933 0.00996999
 0.00729592 0.0119524 0.0181751 0.0259613 0.0350751 0.0448924 0.0543774 0.0623433 0.0678827 0.0706514 0.0708302 0.0688888 0.0653699 0.0607848 0.0555751 0.0500953 0.0446055 0.039277 0.0342008 0.0293964 0.0248277 0.02044 0.0162178 0.0122338 0.00865008
 0.0074311 0.0121804 0.0185339 0.0264921 0.0358148 0.0458606 0.0555625 0.0636961 0.0693211 0.0720739 0.072132 0.0699743 0.0661627 0.061233 0.0556532 0.0498012 0.0439553 0.0383 0.0329385 0.0279064 0.0231907 0.0187633 0.0146266 0.0108468 0.00754968
 0.00750736 0.0123031 0.0187169 0.0267504 0.0361643 0.0463181 0.0561423 0.064404 0.0701485 0.0729921 0.0730906 0.0709041 0.0669846 0.0618694 0.0560392 0.0498924 0.0437315 0.0377651 0.0321191 0.0268522 0.0219758 0.0174849 0.0133946 0.00976355 0.0066861
 0.00760449 0.0124507 0.0189202 0.0270077 0.0364689 0.0466614 0.056516 0.064803 0.0705717 0.0734431 0.0735728 0.071413 0.0674991 0.062348 0.0564245 0.0501223 0.0437525 0.0375437 0.0316496 0.0261598 0.0211167 0.0165413 0.0124618 0.00893104 0.00601652
 0.00769083 0.012591 0.0191302 0.0272997 0.0368467 0.0471138 0.0570129 0.0652987 0.0710183 0.073807 0.0738455 0.0716099 0.0676467 0.0624674 0.0565181 0.0501692 0.0437144 0.0373778 0.0313247 0.0256702 0.0204892 0.0158328 0.0117474 0.00828504 0.00549266
 0.00773359 0.0126565 0.019222 0.0274195 0.0369961 0.047295 0.0572283 0.0655472 0.0712913 0.0740869 0.0741088 0.0718353 0.0678233 0.0625967 0.0566085 0.050225 0.0437267 0.0373235 0.0311752 0.0254059 0.0201131 0.0153757 0.011262 0.00782985 0.00511409
 0.00776613 0.012705 0.0192867 0.0274979 0.0370834 0.0473862 0.0573199 0.0656388 0.0713863 0.0741907 0.0742265 0.0719671 0.067962 0.0627307 0.0567254 0.050315 0.043781 0.0373308 0.03112 0.0252735 0.019899 0.015094 0.0109454 0.00752016 0.00484842
 0.00782675 0.0127935 0.0194011 0.0276297 0.0372193 0.0475121 0.057424 0.0657138 0.0714302 0.0742077 0.0742267 0.0719634 0.0679668 0.0627503 0.0567585 0.0503531 0.0438114 0.0373389 0.0310913 0.0251956 0.0197665 0.014913 0.0107352 0.0073087 0.00466256
 0.00785167 0.0128344 0.0194628 0.0277154 0.0373287 0.0476382 0.0575523 0.0658243 0.0715043 0.0742353 0.0742104 0.0719174 0.0679105 0.0627018 0.0567291 0.0503451 0.0438184 0.0373481 0.0310869 0.0251634 0.0196977 0.0148081 0.0106053 0.00717208 0.00453847
 0.00786946 0.0128582 0.0194896 0.02774 0.0373458 0.0476462 0.0575542 0.0658267 0.0715126 0.0742504 0.0742275 0.0719302 0.0679156 0.0627016 0.0567303 0.0503549 0.0438394 0.0373763 0.0311125 0.0251741 0.0196834 0.0147654 0.010539 0.00709406 0.00446261
 0.00788541 0.0128804 0.0195157 0.027765 0.037363 0.0476484 0.0575367 0.0657888 0.0714593 0.0741919 0.0741764 0.0718969 0.0679047 0.0627115 0.056756 0.0503913 0.0438828 0.0374232 0.0311576 0.0252097 0.0197018 0.0147619 0.0105149 0.00705623 0.00442068
 0.0078826 0.0128753 0.019507 0.027751 0.0373415 0.0476172 0.0574942 0.0657348 0.0713957 0.0741236 0.0741116 0.0718457 0.0678769 0.0627132 0.0567877 0.0504477 0.0439555 0.0375028 0.0312352 0.0252773 0.0197527 0.0147922 0.0105245 0.00704946 0.00440468
 0.00787566 0.0128605 0.0194785 0.0277015 0.037265 0.0475121 0.0573659 0.0655957 0.0712622 0.0740109 0.0740306 0.0718021 0.0678723 0.0627466 0.0568559 0.0505451 0.0440735 0.0376309 0.031362 0.0253922 0.0198474 0.0148618 0.0105686 0.00707168 0.00441141
 0.00790427 0.0129011 0.0195282 0.0277533 0.0373083 0.0475354 0.0573592 0.065553 0.0711836 0.0739039 0.0739091 0.0716834 0.0677723 0.0626768 0.0568219 0.0505469 0.0441071 0.0376887 0.0314342 0.0254682 0.0199172 0.0149183 0.0106083 0.00709517 0.00442222
 0.0079029 0.0129003 0.0195295 0.0277581 0.0373172 0.047546 0.0573655 0.0655464 0.0711559 0.073851 0.0738336 0.0715946 0.0676842 0.0626037 0.0567751 0.0505327 0.0441257 0.0377352 0.0315001 0.025543 0.0199907 0.014982 0.0106571 0.00712805 0.00444136
 0.00788472 0.0128708 0.0194854 0.0276973 0.0372397 0.0474556 0.0572704 0.0654577 0.0710839 0.0738013 0.0738056 0.0715832 0.0676842 0.0626129 0.0567952 0.0505675 0.0441784 0.0378059 0.0315848 0.0256343 0.0200796 0.0150603 0.0107193 0.00717242 0.00446955
 0.0078428 0.0128025 0.0193827 0.0275534 0.0370516 0.0472272 0.0570158 0.0652011 0.0708554 0.0736296 0.0737103 0.0715712 0.0677485 0.0627372 0.0569596 0.0507539 0.0443732 0.0380001 0.031772 0.0258083 0.020234 0.0151894 0.0108198 0.00724419 0.00451625
 0.00782364 0.0127667 0.0193203 0.0274525 0.0369012 0.0470227 0.0567628 0.0649179 0.0705698 0.0733736 0.0735141 0.0714571 0.0677281 0.0628087 0.057109 0.0509593 0.0446101 0.0382466 0.0320108 0.0260274 0.0204249 0.0153468 0.0109413 0.00733125 0.00457345
 0.00780512 0.0127374 0.0192772 0.0273926 0.0368207 0.0469167 0.0566268 0.0647497 0.070373 0.0731605 0.0733054 0.071279 0.0676062 0.0627617 0.0571443 0.0510712 0.0447823 0.0384564 0.0322345 0.0262443 0.0206198 0.0155098 0.0110683 0.00742287 0.00463416
 0.00777509 0.0126862 0.0191961 0.0272728 0.0366565 0.0467091 0.0563868 0.0644969 0.0701307 0.0729487 0.0731375 0.0711627 0.0675466 0.0627642 0.0572133 0.0512067 0.044977 0.0386947 0.032495 0.0265037 0.0208573 0.0157109 0.0112257 0.00753645 0.00470941
 0.00773357 0.0126191 0.019096 0.0271329 0.0364722 0.0464803 0.0561201 0.064208 0.069843 0.0726892 0.0729317 0.0710291 0.0674945 0.0627934 0.0573173 0.051376 0.0452001 0.0389576 0.0327798 0.0267895 0.0211232 0.0159396 0.0114072 0.0076688 0.00479766
 0.00933116 0.0148538 0.0217897 0.0298961 0.0388174 0.0480027 0.0566403 0.0637985 0.0687452 0.0711913 0.0712794 0.0693929 0.0659769 0.0614488 0.0561691 0.0504282 0.0444447 0.0383793 0.0323581 0.0265001 0.0209389 0.0158325 0.0113518 0.00764424 0.00478919
 0.00931269 0.0151204 0.0227134 0.0319385 0.042328 0.0529472 0.0624286 0.0693809 0.0729853 0.0733143 0.0711278 0.0673681 0.0627622 0.0577183 0.0524208 0.0469563 0.0413888 0.0357864 0.0302277 0.0248071 0.0196438 0.0148853 0.0106946 0.00721529 0.00452808
 0.00896459 0.0145741 0.0219497 0.0310099 0.0414119 0.0523816 0.0626708 0.070844 0.07579 0.0771057 0.0751195 0.0706403 0.0646452 0.0580245 0.0514135 0.0451333 0.0392483 0.0336914 0.028382 0.023293 0.0184704 0.0140233 0.0100962 0.0068254 0.0042914
 0.00880774 0.0143049 0.0215192 0.0303671 0.0405236 0.0512674 0.0614464 0.0697494 0.0751678 0.0773052 0.0763398 0.0727843 0.067288 0.0605524 0.0532721 0.0460394 0.0392461 0.0330511 0.0274361 0.0223119 0.0176155 0.0133593 0.00962476 0.0065164 0.00410431
 0.00872737 0.0141707 0.0213096 0.0300569 0.0400858 0.0506794 0.0607017 0.0688757 0.0742487 0.0764944 0.0758513 0.0728369 0.0680087 0.0618824 0.0549451 0.0476689 0.0404828 0.0337177 0.0275614 0.0220648 0.0171997 0.0129338 0.00927628 0.00627024 0.00394969
 0.00870488 0.0141318 0.0212464 0.0299589 0.0399408 0.0504735 0.0604217 0.0685115 0.0737987 0.0759766 0.0753179 0.0723853 0.0677713 0.0619848 0.055441 0.0484888 0.0414403 0.0345815 0.0281549 0.0223301 0.0171934 0.0127711 0.00906802 0.00608733 0.00381937
 0.00868734 0.0141 0.0211923 0.0298732 0.0398146 0.0503019 0.060206 0.0682585 0.0735181 0.0756775 0.0750103 0.0720872 0.0675202 0.0618411 0.0554749 0.0487465 0.0419073 0.03517 0.0287327 0.0227776 0.0174525 0.0128562 0.00903924 0.0060115 0.00374328
 0.00870321 0.0141272 0.0212353 0.0299355 0.0398956 0.0503937 0.0602913 0.0683131 0.073517 0.0756033 0.0748581 0.0718666 0.0672542 0.0615666 0.0552409 0.0486065 0.0419009 0.0353012 0.0289602 0.0230292 0.0176573 0.0129752 0.00907413 0.00599133 0.00370202
 0.00869274 0.0141129 0.0212188 0.0299206 0.0398878 0.0503985 0.0603128 0.0683508 0.0735641 0.0756457 0.0748773 0.0718451 0.0671826 0.0614492 0.0550976 0.0484703 0.041809 0.0352818 0.029019 0.0231441 0.0177881 0.013083 0.00913829 0.0060131 0.00369657
 0.00866226 0.0140648 0.0211495 0.0298286 0.039775 0.0502721 0.0601856 0.0682405 0.0734886 0.0756174 0.0748972 0.0719023 0.0672572 0.0615195 0.0551485 0.0484995 0.041828 0.0353098 0.0290723 0.0232264 0.0178878 0.0131794 0.00921295 0.00605844 0.0037163
 0.00864044 0.014029 0.0210953 0.0297518 0.0396733 0.0501466 0.0600428 0.068093 0.0733537 0.075513 0.0748386 0.0718969 0.0673029 0.0616042 0.055254 0.0486075 0.0419269 0.0353977 0.0291547 0.0233099 0.0179733 0.0132608 0.00928126 0.0061072 0.00374508
 0.00864244 0.0140304 0.0210937 0.0297437 0.0396541 0.0501121 0.0599901 0.0680221 0.0732679 0.0754198 0.0747485 0.0718229 0.0672565 0.0615925 0.0552767 0.0486574 0.0419927 0.0354688 0.0292249 0.0233771 0.0180372 0.0133199 0.00933188 0.00614588 0.00377065
 0.00865171 0.0140461 0.0211182 0.029779 0.0397006 0.0501665 0.060045 0.0680663 0.0732894 0.0754097 0.074705 0.0717513 0.0671688 0.0615035 0.0552007 0.0486038 0.0419646 0.0354635 0.0292364 0.0233993 0.0180651 0.0133495 0.00935969 0.00616899 0.00378736
 0.00862541 0.0140077 0.0210686 0.0297222 0.039643 0.0501158 0.0600081 0.0680478 0.0732905 0.0754271 0.0747309 0.0717768 0.0671866 0.0615113 0.0552014 0.048604 0.041971 0.0354803 0.0292639 0.0234345 0.0181036 0.0133868 0.00939233 0.00619485 0.0038058
 0.00862136 0.013997 0.0210453 0.029679 0.0395744 0.0500219 0.0598978 0.0679377 0.0732001 0.0753717 0.0747171 0.0718007 0.0672371 0.0615748 0.0552663 0.0486636 0.042024 0.0355287 0.0293105 0.0234806 0.0181483 0.0134278 0.00942722 0.00622202 0.00382499
 0.00862136 0.013997 0.0210453 0.029679 0.0395744 0.0500219 0.0598978 0.0679377 0.0732001 0.0753717 0.0747171 0.0718007 0.0672371 0.0615748 0.0552663 0.0486636 0.042024 0.0355287 0.0293105 0.0234806 0.0181483 0.0134278 0.00942722 0.00622202 0.00382499
 0.00905199 0.0146783 0.0220318 0.0309986 0.0412111 0.0518954 0.0618504 0.0697475 0.0746285 0.0762299 0.0749157 0.071362 0.0662707 0.0602375 0.0537241 0.0470651 0.0404861 0.0341334 0.0281072 0.0224919 0.0173752 0.0128548 0.00902685 0.00596013 0.00366581
 0.00918593 0.0149364 0.0224936 0.031759 0.0423524 0.0534449 0.0637413 0.0718099 0.0766196 0.0778909 0.0760311 0.0718016 0.0660093 0.0593501 0.0523606 0.0454123 0.0387296 0.0324291 0.0265679 0.0211851 0.0163288 0.012065 0.0084672 0.00558986 0.00343861
 0.00879933 0.0143322 0.0216359 0.0306482 0.0410452 0.0520729 0.062515 0.070984 0.0764169 0.0784141 0.0772115 0.0734169 0.0677591 0.0609484 0.0536071 0.0462217 0.0391219 0.0324938 0.0264216 0.0209372 0.0160617 0.011829 0.0082846 0.00546305 0.00335886
 0.00867852 0.0140898 0.0211884 0.0298955 0.0399037 0.0505257 0.060657 0.0690327 0.0746744 0.0771913 0.0767434 0.0737957 0.0689065 0.0626378 0.0555311 0.0480806 0.0406967 0.0336806 0.0272219 0.02142 0.0163211 0.0119516 0.0083342 0.00547929 0.00336243
 0.0087539 0.0141942 0.021308 0.0299957 0.0399251 0.0503865 0.0602662 0.0683202 0.0736339 0.0759172 0.0754341 0.0727094 0.0682793 0.0626019 0.0560691 0.0490382 0.0418445 0.0347941 0.0281446 0.0220872 0.0167457 0.0121898 0.00845148 0.00552936 0.00338051
#pred catch len freq
 0.0035397 0.00566943 0.00840942 0.0117594 0.0157408 0.0203656 0.0255703 0.0311842 0.0369572 0.0426123 0.0478915 0.0525901 0.0565795 0.0598013 0.0622277 0.0638145 0.064477 0.0640946 0.0625267 0.0596213 0.05523 0.0492704 0.0418555 0.0334297 0.0247816
 0.00382687 0.00606656 0.00888274 0.0122462 0.0161823 0.0207496 0.0259515 0.0316556 0.0375791 0.0433418 0.0485599 0.052952 0.0564118 0.0590044 0.0608833 0.0621761 0.0628941 0.0628967 0.0619091 0.0595839 0.0555985 0.0497894 0.0423033 0.0336934 0.0248619
 0.00398409 0.00634379 0.00933483 0.0129242 0.0171068 0.02188 0.0271747 0.0328177 0.0385516 0.0440775 0.049088 0.0533094 0.0565663 0.058839 0.0602644 0.0610603 0.0613971 0.0612737 0.0604555 0.058512 0.0549624 0.0494957 0.0421904 0.0336228 0.0247676
 0.00415533 0.0066127 0.00972658 0.0134681 0.017844 0.0228654 0.0284596 0.0344096 0.0403712 0.0459447 0.050763 0.0545734 0.0572875 0.0589796 0.0598374 0.0600927 0.0599419 0.0594526 0.0584736 0.0566116 0.0533392 0.0482368 0.0412751 0.0329733 0.024305
 0.00433199 0.00689446 0.0101412 0.0140401 0.0185941 0.0238103 0.0296111 0.0357747 0.0419463 0.0476997 0.0526137 0.0563615 0.0587945 0.0599801 0.0601645 0.0596773 0.0588156 0.0577321 0.0563463 0.0543143 0.0511157 0.0462825 0.0396973 0.0317893 0.0234714
 0.00450945 0.00717926 0.0105642 0.0146308 0.0193796 0.024811 0.0308335 0.0372036 0.0435428 0.0494047 0.0543533 0.0580463 0.0603114 0.0611848 0.0608904 0.0597685 0.058175 0.0563611 0.0543593 0.0519232 0.0485881 0.0438831 0.0376306 0.0301645 0.0223016
 0.00475147 0.00755564 0.0111005 0.0153442 0.0202824 0.0259134 0.032141 0.0387077 0.0452109 0.0511734 0.0561314 0.0597255 0.0617792 0.0623317 0.0616073 0.0599451 0.0577111 0.0551989 0.0525244 0.0495509 0.0459141 0.0411954 0.0351986 0.0281758 0.02083
 0.00505568 0.00802857 0.0117727 0.0162319 0.0213881 0.0272275 0.0336394 0.0403491 0.0469372 0.0529147 0.05781 0.0612584 0.0630799 0.0633126 0.0621828 0.0600322 0.0572324 0.0540965 0.0507896 0.04726 0.0432473 0.0384165 0.0325945 0.0259791 0.0191631
 0.00539382 0.00856132 0.0125439 0.0172732 0.0227175 0.0288434 0.0355117 0.04241 0.0490813 0.0550114 0.0597231 0.062866 0.064289 0.064063 0.0624391 0.0597703 0.0564282 0.0527282 0.0488579 0.0448224 0.0404485 0.0354886 0.029814 0.0235932 0.017321
 0.00564755 0.00897498 0.0131699 0.0181649 0.0239227 0.0303929 0.0374017 0.0445877 0.0514405 0.0574 0.0619624 0.0647771 0.0657215 0.0649167 0.0626702 0.0593798 0.0554411 0.0511771 0.0467846 0.0423001 0.0376109 0.0325422 0.0270111 0.0211705 0.0154317
 0.00593527 0.00942191 0.0138066 0.0190136 0.0250036 0.0317298 0.0390169 0.0464853 0.0535829 0.0596907 0.0642445 0.066854 0.0673934 0.0660194 0.0631015 0.0591061 0.0544855 0.0496001 0.0446701 0.0397576 0.0347907 0.0296444 0.0242686 0.0188005 0.0135771
 0.00616704 0.0097915 0.0143498 0.0197603 0.0259746 0.0329315 0.0404364 0.0480882 0.0553186 0.0614973 0.0660477 0.0685587 0.0688777 0.0671431 0.0637295 0.0591371 0.0538732 0.0483578 0.0428657 0.0375066 0.0322535 0.0270215 0.0217804 0.0166459 0.0118864
 0.00642257 0.0101938 0.0149322 0.020548 0.0269847 0.0341702 0.0418909 0.0497175 0.0570486 0.0632278 0.0676675 0.0699643 0.0699858 0.06789 0.064063 0.0590093 0.0532447 0.0472136 0.0412328 0.0354668 0.0299459 0.024632 0.019514 0.0146853 0.0103487
 0.00673557 0.0106847 0.0156384 0.0214948 0.0281842 0.0356184 0.0435601 0.0515475 0.0589446 0.0650668 0.069314 0.0712896 0.0708895 0.0683146 0.063995 0.0584668 0.0522593 0.0458205 0.0394763 0.0334165 0.0277128 0.0223695 0.0173968 0.0128699 0.00893381
 0.00702406 0.0111344 0.0162803 0.0223482 0.0292579 0.0369109 0.0450538 0.0531999 0.0606811 0.0667816 0.0708797 0.0725748 0.0717802 0.0687335 0.0639118 0.057896 0.0512484 0.0444341 0.0377871 0.0315077 0.0256877 0.0203561 0.0155362 0.0112876 0.00770711
 0.0071467 0.0113439 0.0166148 0.0228507 0.0299682 0.0378526 0.0462212 0.0545507 0.0621412 0.068256 0.0722642 0.0737648 0.0726792 0.0692629 0.0640214 0.0575709 0.0505092 0.0433315 0.0363935 0.0299117 0.0239925 0.0186777 0.0139936 0.00998205 0.00669859
 0.00713266 0.0113366 0.0166346 0.022932 0.0301585 0.0382063 0.046788 0.0553604 0.0631859 0.0694791 0.0735622 0.0750069 0.0737347 0.0700265 0.0644252 0.0575856 0.0501401 0.0426133 0.0353857 0.028695 0.0226645 0.0173462 0.0127641 0.00894079 0.00589501
 0.00729592 0.011559 0.0168913 0.0231765 0.0303409 0.0383006 0.0468132 0.0553812 0.0632921 0.0697513 0.0740405 0.0756724 0.0745111 0.0707988 0.06507 0.0579997 0.0502594 0.0424187 0.0348997 0.0279743 0.0217914 0.0164173 0.0118761 0.00817323 0.00529553
 0.00741844 0.0117606 0.017196 0.0236003 0.0308792 0.0389143 0.0474247 0.055892 0.0636215 0.0698766 0.074011 0.0755851 0.0744614 0.0708359 0.065179 0.058115 0.050296 0.0423047 0.0345987 0.0274927 0.021174 0.015735 0.0112076 0.00758672 0.00483347
 0.00739993 0.0117385 0.0171794 0.0236071 0.0309367 0.0390558 0.047679 0.0562672 0.064088 0.0703642 0.0744289 0.0758617 0.0745784 0.0708331 0.0651241 0.0580602 0.05025 0.0422357 0.0344591 0.0272494 0.0208261 0.0153152 0.0107696 0.0071851 0.0045075
 0.00739346 0.0117185 0.0171322 0.0235162 0.0307894 0.0388534 0.0474463 0.0560529 0.0639541 0.0703642 0.0745851 0.0761519 0.0749428 0.0712 0.0654398 0.0583041 0.0504263 0.0423517 0.0345108 0.0272237 0.0207155 0.0151303 0.0105407 0.006952 0.00430472
 0.00754768 0.0119381 0.0174044 0.0238067 0.0310492 0.0390317 0.0475039 0.0559729 0.0637491 0.0700778 0.0742845 0.0759083 0.0748069 0.0711838 0.0655169 0.0584268 0.0505484 0.0424421 0.0345539 0.027213 0.0206502 0.0150174 0.0103967 0.00680058 0.0041689
