SBPRF35
7.78865
Curr Bio
492217
B35
697045
F35
0.211975
FOFL
0.135707
OFL
49801.5
Bzero
2.22533e+006
#pred survey bio
 4.56368e+006 4.37412e+006 4.16857e+006 3.90219e+006 3.59432e+006 3.28377e+006 2.93339e+006 2.62914e+006 2.31592e+006 2.04842e+006 1.79228e+006 1.59071e+006 1.41952e+006 1.2401e+006 1.08952e+006 982080 887283 823363 761609 717392 693334 668760 648013 647702 646328 640816 638326 633896 612970 614568 610546 615554 611073 606933 602896 585087 558875 554419 566088 572778 592194 606694 612907 616324 621428 624881 620924 619414 612808 614236 607602 547477 506436 501857 507564 497991 1.62424e+007 9.57118e+006 9.79836e+006 1.06435e+007 1.18192e+007 1.3046e+007 1.41541e+007 1.50728e+007 1.57934e+007 1.63381e+007 1.67398e+007 1.70314e+007 1.72412e+007 1.73914e+007 1.7499e+007 1.75761e+007 1.76316e+007 1.76719e+007 1.77012e+007 1.77227e+007 1.77386e+007 1.77504e+007 1.77592e+007 1.77659e+007 1.77709e+007 1.77747e+007 1.77776e+007 1.77798e+007 1.77815e+007 1.77827e+007 1.77837e+007 1.77845e+007 1.77851e+007 1.77855e+007 1.77859e+007 1.77861e+007 1.77863e+007 1.77865e+007 1.77866e+007 1.77867e+007 1.77868e+007 1.77868e+007 1.77869e+007 1.77869e+007 1.7787e+007 1.7787e+007 1.7787e+007 1.7787e+007 1.7787e+007 1.7787e+007 1.7787e+007 1.7787e+007 1.7787e+007 1.7787e+007 1.7787e+007 1.7787e+007 1.7787e+007 1.7787e+007 1.7787e+007 1.7787e+007 1.7787e+007 1.7787e+007 1.7787e+007 1.7787e+007 1.7787e+007 1.7787e+007 1.7787e+007 1.7787e+007 1.7787e+007 1.7787e+007 1.7787e+007 1.7787e+007 1.7787e+007 1.7787e+007 1.7787e+007 1.7787e+007 1.7787e+007 1.7787e+007 1.7787e+007 1.7787e+007 1.7787e+007 1.7787e+007 1.7787e+007 1.7787e+007 1.7787e+007 1.7787e+007 1.7787e+007 1.7787e+007 1.7787e+007 1.7787e+007 1.7787e+007 1.7787e+007 1.7787e+007 1.7787e+007 1.7787e+007 1.7787e+007 1.7787e+007 1.7787e+007 1.7787e+007 1.7787e+007 0 0 0 0 0 0 0 0 0 0 0 0 0 0 0 0 0 0 0 0 0 0 0 0 0
#obs survey bio
 2.76011e+006 3.01656e+006 2.79926e+006 1.75752e+006 2.45134e+006 2.32661e+006 3.04446e+006 2.34197e+006 2.24727e+006 1.28939e+006 1.84734e+006 1.18431e+006 1.45218e+006 801039 1.15288e+006 906304 762597 1.20494e+006 498648 788606 625130 527896 430482 601637 547928 389412 566014 552608 513804 540725 604679 405664 522671 725090 672789 600173 466630 608490 622166 527174 655253 624026 408691 702815 691379 741612 786717 520664 541618 610079 700559 480494 516910 553089 716899 388860
#pred catch bio
 92572.2 97573.7 155918 208892 233883 296444 281938 316062 299125 309005 275840 259956 273598 251366 215347 203912 174933 169501 151072 131210 128876 123165 104922 105116 107051 103026 103510 115366 94504.5 97963.5 89170.9 95965.4 93630.1 90736.4 99038.3 104889 89860.4 81628.5 89149.7 80226.5 85070.1 91248.6 92110.2 89154.5 89296.8 94437.4 91568.4 95088.7 87470.7 93425.8 136273 117642 86240.2 76294.7 85214.3 99198.3 49801.5 73484.5 73625.6 78555.6 86909.5 95964 104107 110727 115773 119451 122045 123830 125036 125837 126365 126708 126930 127073 127165 127223 127260 127283 127298 127308 127314 127317 127320 127321 127322 127323 127323 127323 127323 127323 127323 127324 127324 127324 127324 127324 127324 127324 127324 127324 127324 127324 127324 127324 127324 127324 127324 127324 127324 127324 127324 127324 127324 127324 127324 127324 127324 127324 127324 127324 127324 127324 127324 127324 127324 127324 127324 127324 127324 127324 127324 127324 127324 127324 127324 127324 127324 127324 127324 127324 127324 127324 127324 127324 127324 127324 127324 127324 127324 127324 127324 127324 127324 127324 127324 127324 0 0 0 0 0 0 0 0 0 0 0 0 0 0 0 0 0 0 0 0 0 0 0 0 0
#obs catch bio
 0 97486.1 156863 211336 236811 303273 286866 323433 305656 320042 283717 267937 282658 260393 221285 210620 179898 172639 154993 133688 131532 125292 106762 107000 108830 104442 104682 117858 95774.2 99364.7 90086.8 97316.9 95219.5 91558.2 100203 106150 90997.9 82568.8 89986 80616.4 85632.9 91622.4 92651.1 89082 89053.8 94163.8 91231.8 95481.1 87270.6 93014.4 136078 118043 86368.7 76294.7 84726.2 99362.8
#pred cpue bio
 4.47776e+006 4.29428e+006 4.09377e+006 3.82941e+006 3.52291e+006 3.21415e+006 2.86657e+006 2.56468e+006 2.25401e+006 1.98844e+006 1.73481e+006 1.5355e+006 1.36657e+006 1.19018e+006 1.04233e+006 936887 844390 782602 723078 680353 657358 634002 614074 613785 612764 607863 605704 601545 581514 583368 579835 584986 580913 577375 574225 557570 531392 525086 535154 541671 560810 575333 581849 585580 590923 594545 590816 589347 583031 584610 578361 519829 479360 474867 481465 473657 1.54732e+007 9.12459e+006 9.1934e+006 9.86038e+006 1.09696e+007 1.21795e+007 1.32841e+007 1.4202e+007 1.49225e+007 1.54671e+007 1.58688e+007 1.61605e+007 1.63702e+007 1.65205e+007 1.6628e+007 1.67051e+007 1.67607e+007 1.68009e+007 1.68303e+007 1.68518e+007 1.68677e+007 1.68795e+007 1.68883e+007 1.68949e+007 1.68999e+007 1.69037e+007 1.69066e+007 1.69088e+007 1.69105e+007 1.69118e+007 1.69128e+007 1.69135e+007 1.69141e+007 1.69146e+007 1.69149e+007 1.69152e+007 1.69154e+007 1.69155e+007 1.69157e+007 1.69158e+007 1.69158e+007 1.69159e+007 1.69159e+007 1.6916e+007 1.6916e+007 1.6916e+007 1.6916e+007 1.69161e+007 1.69161e+007 1.69161e+007 1.69161e+007 1.69161e+007 1.69161e+007 1.69161e+007 1.69161e+007 1.69161e+007 1.69161e+007 1.69161e+007 1.69161e+007 1.69161e+007 1.69161e+007 1.69161e+007 1.69161e+007 1.69161e+007 1.69161e+007 1.69161e+007 1.69161e+007 1.69161e+007 1.69161e+007 1.69161e+007 1.69161e+007 1.69161e+007 1.69161e+007 1.69161e+007 1.69161e+007 1.69161e+007 1.69161e+007 1.69161e+007 1.69161e+007 1.69161e+007 1.69161e+007 1.69161e+007 1.69161e+007 1.69161e+007 1.69161e+007 1.69161e+007 1.69161e+007 1.69161e+007 1.69161e+007 1.69161e+007 1.69161e+007 1.69161e+007 1.69161e+007 1.69161e+007 1.69161e+007 1.69161e+007 1.69161e+007 1.69161e+007 1.69161e+007 1.69161e+007 0 0 0 0 0 0 0 0 0 0 0 0 0 0 0 0 0 0 0 0 0 0 0 0 0
#obs cpue bio
 3.43958e+006 2.27409e+006 3.9617e+006 3.09699e+006 3.62544e+006 2.66174e+006 3.26755e+006 2.5085e+006 1.84085e+006 1.0453e+006 1.73909e+006 1.2296e+006 1.18775e+006 997186 876189 560165 657073 801161 452707 564653 525485 774112 489401 534675 664090 892666 653918 370327 573453 647010 506976 673666 395453 696486 418044 534035 390111 363602 680548 571021 445314 698758 692879 848420 634422 572943 475997 405067 956406 642183 596782 393362 425061 453520 623682 426162
#pred surv len freq
 0.00517091 0.00843453 0.0127635 0.0181502 0.0244552 0.0313144 0.038119 0.0441762 0.0489792 0.0523816 0.0545603 0.0558433 0.0565497 0.0569032 0.0569992 0.0568012 0.056166 0.0548936 0.05278 0.0496531 0.045395 0.039981 0.0335556 0.026509 0.0194653
 0.00540834 0.0086935 0.0129255 0.0180453 0.02393 0.0303267 0.0367993 0.0427995 0.047847 0.0516811 0.0542854 0.0558206 0.0565442 0.0567404 0.0566466 0.0563809 0.0559005 0.0550064 0.0533928 0.0507259 0.0467396 0.0413405 0.0347081 0.0273389 0.0199729
 0.00576266 0.00925514 0.0137342 0.0191024 0.0251697 0.0315908 0.037844 0.0433602 0.0477521 0.0509486 0.0531262 0.0545294 0.0553492 0.0557151 0.0557365 0.0555098 0.0550691 0.0543175 0.0529928 0.050709 0.0470813 0.0419034 0.0353097 0.0278335 0.0202978
 0.00600017 0.00965875 0.0143738 0.0200526 0.0264898 0.033291 0.0398452 0.0454713 0.0496849 0.0523828 0.0538077 0.0543627 0.0544295 0.0542743 0.0540336 0.0537388 0.0533414 0.0527071 0.0515831 0.049591 0.0463098 0.0414585 0.0351027 0.0277526 0.020257
 0.00621663 0.0100102 0.0149037 0.0208063 0.0275124 0.0346193 0.0414924 0.0474057 0.051809 0.0545195 0.0557075 0.0557453 0.0550588 0.0540382 0.0529838 0.0520636 0.0512911 0.0505219 0.0494588 0.0476771 0.0447096 0.04022 0.0342126 0.0271507 0.019866
 0.00641294 0.0103294 0.0153847 0.0214868 0.0284234 0.0357775 0.0428921 0.0490159 0.0535769 0.0563727 0.057546 0.0574255 0.0563894 0.0548076 0.0530196 0.0512989 0.0497982 0.0484931 0.0471501 0.0453449 0.0425655 0.0384059 0.0327929 0.02612 0.01917
 0.00671656 0.010807 0.016074 0.0224131 0.0295968 0.0371889 0.0445069 0.0507721 0.0553928 0.0581618 0.0592277 0.058924 0.0576194 0.0556584 0.053355 0.0509863 0.0487605 0.0467587 0.0448687 0.0427597 0.0399537 0.0360153 0.0307949 0.0245906 0.0180972
 0.00703686 0.0113119 0.0168041 0.0233949 0.0308382 0.0386723 0.0461825 0.0525578 0.0571873 0.0598654 0.0607596 0.0602264 0.0586482 0.0563664 0.0536758 0.0508305 0.0480348 0.0454074 0.0429223 0.0403604 0.0373383 0.0334586 0.0285389 0.0227883 0.0167928
 0.00742401 0.0119275 0.0177042 0.0246204 0.0324053 0.0405588 0.0483148 0.0548094 0.0593987 0.0618778 0.0624463 0.0615073 0.0594878 0.0567583 0.053622 0.0503209 0.0470392 0.0438909 0.0408825 0.0378719 0.0345744 0.0306691 0.0259878 0.0206795 0.0152211
 0.00767731 0.0123506 0.0183616 0.0255783 0.0337171 0.0422419 0.0503277 0.0570445 0.0616982 0.0640657 0.0643598 0.0630194 0.0605161 0.0572658 0.0536068 0.0497989 0.0460266 0.0423971 0.0389256 0.0355106 0.0319402 0.0279688 0.0234641 0.018544 0.0135934
 0.00797941 0.0128292 0.0190597 0.0265307 0.0349477 0.0437586 0.0521118 0.05904 0.0638086 0.0661607 0.0662904 0.0646378 0.0616968 0.0579223 0.053699 0.0493273 0.0450184 0.0408925 0.0369756 0.0331921 0.0293783 0.0253463 0.0209986 0.0164345 0.0119638
 0.00823924 0.0132421 0.0196633 0.0273534 0.0360037 0.0450415 0.0535875 0.0606468 0.0654674 0.0677889 0.0678102 0.0659732 0.0627679 0.0586458 0.0539987 0.0491485 0.0443376 0.0397201 0.0353549 0.0312026 0.0271432 0.0230343 0.0188051 0.0145396 0.0104844
 0.00843376 0.013562 0.0201509 0.0280494 0.0369375 0.0462169 0.0549697 0.0621602 0.0670093 0.0692543 0.0691124 0.0670519 0.0635841 0.0591698 0.054199 0.0489896 0.043786 0.0387582 0.0339954 0.029501 0.0252048 0.0210103 0.0168715 0.0128587 0.00916344
 0.00875166 0.0140627 0.0208746 0.0290221 0.0381671 0.0476856 0.0566251 0.063911 0.0687341 0.070822 0.0704061 0.0679871 0.0641182 0.0592992 0.053947 0.0483877 0.0428606 0.0375275 0.0324806 0.0277451 0.0232897 0.0190601 0.0150352 0.0112755 0.00792437
 0.00905946 0.0145504 0.021584 0.0299821 0.0393862 0.0491425 0.0582591 0.0656218 0.0703963 0.0723093 0.0716124 0.0688375 0.0645699 0.0593404 0.0535934 0.0476759 0.0418375 0.0362407 0.0309759 0.0260748 0.0215261 0.0173033 0.0134037 0.00988015 0.00683707
 0.00916024 0.0147294 0.0218815 0.0304448 0.0400567 0.0500422 0.0593722 0.0668898 0.0717279 0.0735994 0.0727606 0.0697597 0.0652042 0.0596484 0.0535602 0.0473089 0.0411626 0.0352973 0.0298133 0.024752 0.0201159 0.0158945 0.0120947 0.00876024 0.00596355
 0.00918208 0.0147807 0.0219887 0.0306448 0.040391 0.0505461 0.0600623 0.067755 0.0727265 0.0746626 0.0738013 0.0706856 0.0659319 0.0601158 0.0537319 0.0471759 0.0407381 0.0346123 0.028913 0.0236948 0.018973 0.0147482 0.0110303 0.00785166 0.00525645
 0.00929012 0.0149219 0.0221393 0.030766 0.040446 0.0505244 0.0599963 0.0677164 0.0728011 0.0749156 0.0742518 0.0712989 0.0666307 0.0608012 0.054306 0.0475599 0.0408831 0.0345021 0.0285624 0.0231447 0.0182855 0.0139995 0.0103003 0.00720955 0.0047472
 0.00947488 0.01521 0.0225475 0.0312949 0.0410727 0.0511967 0.0606341 0.0682286 0.0731178 0.0750208 0.0741921 0.0711611 0.0664998 0.0607233 0.0542759 0.0475324 0.0407974 0.0343059 0.028228 0.0226758 0.0177152 0.0133825 0.00969998 0.00668256 0.00433028
 0.00949223 0.0152522 0.0226369 0.0314603 0.0413417 0.0515824 0.061122 0.0687717 0.0736436 0.07545 0.0744637 0.0712535 0.0664381 0.0605666 0.0540888 0.0473563 0.0406362 0.0341331 0.0280067 0.0223809 0.0173468 0.012967 0.00928051 0.00630393 0.00402482
 0.00948371 0.0152246 0.0225717 0.0313367 0.0411477 0.0513298 0.060855 0.0685592 0.0735544 0.0755228 0.0746896 0.0715807 0.0667964 0.0608966 0.0543598 0.0475654 0.0407929 0.0342418 0.0280593 0.0223629 0.0172512 0.0128037 0.00907674 0.00609518 0.0038421
 0.00963343 0.0154389 0.0228394 0.0316262 0.041413 0.0515219 0.0609358 0.0685125 0.073394 0.0752927 0.0744528 0.0713976 0.0667013 0.0608876 0.0544072 0.047631 0.0408471 0.0342686 0.0280516 0.0223167 0.0171642 0.0126801 0.00893018 0.005946 0.00371038
 0.0097505 0.015625 0.0231099 0.0319882 0.0418586 0.0520205 0.0614302 0.068926 0.0736505 0.0753441 0.0742982 0.0710838 0.0663052 0.0604883 0.054061 0.0473608 0.0406467 0.0341161 0.0279235 0.022195 0.017039 0.0125494 0.00879883 0.00582355 0.00360694
 0.00959111 0.0153948 0.0228177 0.0316627 0.0415427 0.0517602 0.0612633 0.0688736 0.0737115 0.0754943 0.0744961 0.0712851 0.0664792 0.0606282 0.0541807 0.0474815 0.0407817 0.0342636 0.0280683 0.0223178 0.0171252 0.0125936 0.00880575 0.0058049 0.00357657
 0.00951285 0.0152609 0.0226056 0.0313521 0.0411254 0.0512544 0.0607214 0.0683767 0.0733468 0.0753244 0.0745383 0.0715092 0.0668238 0.061025 0.0545757 0.0478449 0.0411052 0.0345494 0.0283185 0.0225292 0.0172914 0.0127107 0.0088761 0.00583767 0.00358458
 0.00956561 0.0153295 0.0226764 0.0313995 0.0411165 0.0511576 0.0605179 0.0680693 0.0729656 0.0749251 0.0741905 0.0712764 0.0667423 0.0610928 0.0547581 0.0480918 0.0413703 0.0348015 0.0285418 0.0227172 0.0174412 0.0128213 0.00894935 0.00587921 0.00360314
 0.00957081 0.0153415 0.0227001 0.0314391 0.0411712 0.0512164 0.0605567 0.0680554 0.072869 0.0747338 0.0739208 0.0709727 0.066465 0.0608982 0.0546798 0.0481316 0.0415028 0.0349872 0.0287424 0.0229044 0.0175988 0.0129426 0.00903442 0.00593268 0.00363248
 0.00945171 0.0151758 0.0225025 0.031241 0.0410123 0.0511303 0.060558 0.0681344 0.072995 0.0748643 0.0740137 0.0710003 0.0664234 0.0608102 0.0545858 0.0480732 0.0415061 0.0350554 0.0288585 0.0230421 0.0177331 0.0130563 0.00911988 0.00599006 0.00366672
 0.00950955 0.0152567 0.0226009 0.031346 0.0411141 0.0512281 0.0606634 0.0682659 0.0731641 0.0750613 0.0742045 0.0711355 0.0664585 0.0607241 0.0543901 0.0478078 0.0412241 0.0348046 0.0286677 0.0229178 0.0176645 0.0130255 0.00910967 0.00598843 0.00366725
 0.00942826 0.0151252 0.0224045 0.0310726 0.040758 0.050796 0.0601815 0.0677825 0.0727444 0.0747737 0.074101 0.071234 0.0667347 0.061118 0.054827 0.0482232 0.041581 0.0350954 0.0289037 0.0231142 0.0178311 0.0131643 0.00921899 0.00606768 0.00371932
 0.00943685 0.0151319 0.0224009 0.0310454 0.0406909 0.0506744 0.0599969 0.0675368 0.0724527 0.0744653 0.0738178 0.0710229 0.0666354 0.061149 0.0549776 0.0484567 0.0418491 0.0353557 0.0291312 0.0233015 0.0179811 0.0132826 0.00930982 0.00613373 0.00376367
 0.00936374 0.0150189 0.0222417 0.0308378 0.0404371 0.0503801 0.0596727 0.0671982 0.0721201 0.0741624 0.0735696 0.070855 0.0665709 0.0612049 0.0551579 0.0487473 0.0422172 0.0357568 0.0295213 0.0236475 0.018266 0.0135029 0.00947071 0.00624442 0.00383479
 0.00918824 0.0147718 0.0219402 0.030521 0.0401539 0.0501699 0.0595503 0.0671513 0.0721192 0.0741754 0.0735739 0.0708431 0.0665514 0.0611982 0.0551894 0.0488378 0.0423746 0.035972 0.0297703 0.0239004 0.0184959 0.0136927 0.0096145 0.00634491 0.00389961
 0.00899064 0.0144632 0.0215016 0.0299495 0.0394696 0.0494233 0.0588229 0.0665431 0.0717199 0.0740326 0.0736769 0.0711336 0.0669524 0.061643 0.0556374 0.0492744 0.0428004 0.0363897 0.0301758 0.0242803 0.0188324 0.0139707 0.00982676 0.00649411 0.00399579
 0.00894427 0.0143671 0.0213192 0.0296357 0.0389843 0.048752 0.057996 0.0656412 0.07086 0.0733389 0.0732485 0.0710193 0.0671413 0.0620742 0.0562239 0.0499308 0.0434624 0.0370187 0.0307518 0.0247917 0.0192697 0.0143261 0.0100976 0.00668535 0.00411986
 0.00974231 0.0154988 0.0227142 0.03112 0.0403238 0.0497264 0.0584619 0.065557 0.0702751 0.0723685 0.0720475 0.069756 0.0659677 0.0610989 0.0554967 0.0494464 0.0431792 0.0368826 0.0307138 0.0248151 0.0193279 0.0143991 0.0101698 0.00674642 0.00416498
 0.0105922 0.0168331 0.0246241 0.0336321 0.0433643 0.0530849 0.0617771 0.0683643 0.0721267 0.0729796 0.0713862 0.0680303 0.0635304 0.0583315 0.0527241 0.0468957 0.040976 0.0350699 0.0292801 0.0237204 0.0185223 0.0138314 0.00979022 0.00650786 0.00402533
 0.0103735 0.0166162 0.0245533 0.0339261 0.0442567 0.0547269 0.0641478 0.071237 0.0751089 0.0756084 0.0732433 0.0688446 0.0632392 0.0570809 0.0508074 0.0446579 0.0387247 0.0330229 0.0275548 0.0223525 0.0174942 0.0130974 0.0092942 0.0061926 0.00383844
 0.00994753 0.0159586 0.023638 0.0327772 0.0429722 0.0534976 0.0632515 0.0709817 0.0757237 0.0771258 0.0754455 0.0713139 0.0654957 0.0587371 0.0516723 0.0447565 0.0382426 0.032213 0.0266517 0.0215213 0.01682 0.0126011 0.00895791 0.00598167 0.00371599
 0.00985195 0.0157782 0.0233213 0.0322637 0.0422124 0.0524849 0.0620556 0.0697647 0.0747233 0.0766017 0.0755973 0.0721992 0.0669836 0.0605319 0.0534074 0.0461187 0.0390665 0.0325046 0.0265431 0.0211927 0.0164302 0.0122528 0.00869514 0.00580718 0.00361206
 0.00961214 0.0154179 0.0228325 0.0316537 0.0414953 0.0516717 0.0611529 0.0687888 0.0737248 0.0756855 0.0749221 0.071943 0.0672809 0.0614065 0.0547377 0.0476636 0.0405454 0.0336943 0.0273411 0.0216205 0.016588 0.0122588 0.00864259 0.00574986 0.00357053
 0.00947697 0.0151974 0.0225004 0.031189 0.0408903 0.0509415 0.0603413 0.0679611 0.0729488 0.0750143 0.0743933 0.071596 0.0671738 0.0616092 0.0552952 0.0485503 0.0416467 0.0348346 0.0283463 0.022379 0.0170756 0.0125217 0.00875693 0.00578576 0.00357478
 0.00939808 0.0150763 0.0223309 0.0309679 0.0406151 0.050609 0.0599484 0.0675105 0.0724558 0.0745093 0.0739176 0.0711949 0.0668911 0.0614876 0.0553756 0.04886 0.0421775 0.0355262 0.0290937 0.0230665 0.0176185 0.01289 0.00897081 0.00589093 0.00361768
 0.00933741 0.0149799 0.0221903 0.0307774 0.0403737 0.0503221 0.0596288 0.0671762 0.0721249 0.0741952 0.0736291 0.0709408 0.0666867 0.0613573 0.0553501 0.0489696 0.0424398 0.0359325 0.029601 0.0236041 0.0181101 0.01328 0.00923966 0.00605197 0.0037014
 0.00933821 0.0149677 0.0221472 0.030679 0.0401964 0.0500532 0.0592763 0.0667698 0.071708 0.0738122 0.0733136 0.0707105 0.0665456 0.0613025 0.0553801 0.0490881 0.0426535 0.0362425 0.0299921 0.02404 0.01854 0.0136544 0.0095269 0.00624583 0.00381639
 0.0093421 0.0149746 0.0221575 0.030691 0.0402031 0.0500403 0.059222 0.0666513 0.0715119 0.0735441 0.0730012 0.0703956 0.0662706 0.0610988 0.0552639 0.0490639 0.0427201 0.0363953 0.0302205 0.0243229 0.0188447 0.0139431 0.00976789 0.00642297 0.00393091
 0.00939867 0.0150613 0.022278 0.0308449 0.0403851 0.0502398 0.0594217 0.0668262 0.0716309 0.0735759 0.0729235 0.070205 0.065987 0.0607618 0.0549222 0.0487629 0.0424928 0.0362595 0.0301792 0.0243654 0.0189484 0.0140778 0.00990325 0.00653641 0.00401229
 0.00932351 0.0149603 0.0221652 0.030746 0.0403304 0.050252 0.0595064 0.0669696 0.0718055 0.073749 0.0730637 0.0702868 0.0659943 0.0606922 0.0547898 0.0485961 0.0423272 0.0361283 0.0301048 0.0243548 0.0189934 0.0141593 0.00999776 0.00662354 0.00407985
 0.00931299 0.0149383 0.022124 0.0306785 0.0402356 0.0501412 0.0594061 0.066915 0.0718261 0.0738533 0.0732327 0.0704801 0.0661656 0.0608045 0.0548248 0.0485568 0.0422348 0.036014 0.0300008 0.0242849 0.0189674 0.0141727 0.0100365 0.00667089 0.00412269
 0.00927112 0.0148689 0.0220173 0.0305246 0.0400272 0.0498781 0.0591003 0.0665942 0.0715325 0.0736355 0.0731326 0.0705187 0.0663339 0.0610651 0.0551245 0.0488446 0.0424764 0.0361981 0.0301351 0.024387 0.0190543 0.0142538 0.0101127 0.00673789 0.00417563
 0.00936646 0.0150064 0.0221913 0.0307175 0.0402126 0.050027 0.0591873 0.0666017 0.0714538 0.0734784 0.0729212 0.0702903 0.0661293 0.0609161 0.0550434 0.0488217 0.042488 0.0362189 0.0301493 0.0243916 0.0190551 0.0142583 0.0101245 0.00675541 0.00419456
 0.00988815 0.0158255 0.023366 0.0322726 0.0421228 0.0521988 0.0614456 0.0687025 0.0731316 0.0745149 0.0732014 0.0698216 0.0650248 0.0593555 0.0532288 0.0469395 0.0406829 0.0345855 0.0287379 0.0232214 0.0181262 0.0135575 0.0096271 0.00642696 0.00399472
 0.00978303 0.0157379 0.0233878 0.032539 0.0427758 0.0533275 0.0630341 0.0706132 0.0751341 0.0763424 0.0746103 0.0706377 0.0651706 0.0588576 0.0522031 0.0455581 0.039133 0.0330335 0.0273078 0.0219894 0.0171264 0.0127928 0.00907798 0.00605948 0.00376751
 0.00921612 0.0148709 0.0221918 0.0310424 0.0410792 0.0516124 0.0615559 0.0696594 0.0749424 0.0770087 0.0760386 0.0725652 0.0672535 0.0607732 0.0537254 0.0465882 0.039688 0.0332089 0.0272313 0.0217822 0.0168811 0.0125668 0.00889873 0.00593284 0.00368696
 0.00877945 0.0141605 0.0211253 0.0295525 0.0391402 0.0492777 0.0589925 0.0671524 0.072851 0.0756812 0.075718 0.0733187 0.0689497 0.0631157 0.0563351 0.049104 0.0418483 0.0348874 0.0284244 0.0225662 0.0173629 0.0128477 0.00905646 0.00601929 0.00373348
 0.00844499 0.0136491 0.0204134 0.028634 0.0380186 0.0479593 0.0574905 0.0655066 0.0711537 0.0740938 0.0744603 0.0726238 0.0689939 0.0639509 0.0578555 0.0510688 0.0439528 0.0368512 0.030059 0.0237976 0.0182127 0.0133909 0.00938181 0.00620365 0.00383294
#obs surv len freq
 nan nan nan nan nan nan nan nan nan nan nan nan nan nan nan nan nan nan nan nan nan nan nan nan nan
 0.00449014 0.007354 0.0111863 0.0160043 0.0217055 0.0279804 0.0342929 0.0400221 0.0446993 0.0481606 0.0505161 0.0520096 0.0528997 0.0534102 0.053723 0.0539768 0.0542545 0.0545467 0.0546851 0.0542769 0.0527151 0.0493478 0.0437985 0.0362798 0.027665
 0.00461668 0.00756389 0.0115095 0.0164699 0.0223346 0.0287741 0.0352221 0.0410243 0.0456887 0.0490461 0.0512185 0.0524738 0.0530989 0.0533451 0.0534169 0.0534678 0.0535869 0.0537636 0.0538259 0.0533791 0.051818 0.048495 0.0430355 0.0356452 0.0271799
 0.00478402 0.00783559 0.011918 0.0170459 0.0231018 0.0297408 0.0363703 0.0423039 0.0470198 0.0503293 0.0523494 0.0533568 0.0536598 0.0535402 0.053237 0.0529359 0.0527497 0.0526823 0.0525682 0.0520161 0.0504259 0.0471552 0.0418285 0.0346375 0.0264083
 0.00497019 0.00814139 0.012384 0.0177115 0.0239975 0.0308758 0.0377205 0.0438079 0.0485879 0.05186 0.0537425 0.0545196 0.0545095 0.0540078 0.0532748 0.0525253 0.0519062 0.0514538 0.0510307 0.050268 0.0485836 0.0453466 0.0401799 0.0332517 0.0253432
 0.00517692 0.00848064 0.0129006 0.0184497 0.0249926 0.0321413 0.0392341 0.0455056 0.0503721 0.0536169 0.0553599 0.0558973 0.0555622 0.0546651 0.0534806 0.0522407 0.051116 0.0501756 0.0493227 0.0482326 0.0463641 0.0431154 0.0381135 0.0314973 0.0239864
 0.00541047 0.00886117 0.0134751 0.0192627 0.0260787 0.0335123 0.0408652 0.0473303 0.0522901 0.0555119 0.0571169 0.0574126 0.0567473 0.0554467 0.0537991 0.0520498 0.0503854 0.0489006 0.0475378 0.0460266 0.043887 0.0405673 0.0357129 0.0294342 0.0223777
 0.00565411 0.00926028 0.0140813 0.0201259 0.0272372 0.0349778 0.0426073 0.0492716 0.0543182 0.0575015 0.0589496 0.0589876 0.057982 0.0562736 0.0541625 0.0519029 0.0496917 0.0476415 0.0457294 0.0437405 0.0412659 0.0378212 0.0330862 0.0271497 0.0205804
 0.00588758 0.00964514 0.0146705 0.0209723 0.0283839 0.0364415 0.0443619 0.0512418 0.0563899 0.0595434 0.0608352 0.060608 0.0592508 0.0571255 0.054548 0.0517821 0.0490316 0.0464204 0.0439525 0.0414645 0.0386206 0.0350127 0.0303668 0.0247596 0.0186837
 0.00614746 0.0100677 0.0153068 0.0218703 0.0295799 0.0379467 0.0461472 0.0532321 0.0584728 0.0615892 0.0627173 0.0622157 0.0604958 0.0579422 0.0548904 0.0516181 0.0483374 0.0451809 0.0421735 0.0391953 0.0359797 0.0321956 0.0276221 0.0223312 0.0167445
 0.0063758 0.0104461 0.0158892 0.0227112 0.0307226 0.0394055 0.0478905 0.0551775 0.0605009 0.0635685 0.0645257 0.0637523 0.0616816 0.0587176 0.0552122 0.0514553 0.0476682 0.0439935 0.0404752 0.0370323 0.0334603 0.0295009 0.0249858 0.0199876 0.0148638
 0.00661447 0.0108352 0.0164773 0.0235446 0.0318374 0.0408141 0.0495666 0.0570492 0.0624585 0.0654834 0.0662717 0.0652208 0.0627899 0.0594102 0.0554561 0.0512323 0.0469683 0.0428137 0.0388275 0.034962 0.0310677 0.0269514 0.0224944 0.0177712 0.0130819
 0.0068297 0.0111905 0.0170216 0.0243263 0.032894 0.0421563 0.0511629 0.0588218 0.0642957 0.0672625 0.067879 0.066562 0.0637924 0.0600225 0.0556458 0.0509833 0.0462757 0.041682 0.0372752 0.0330356 0.0288601 0.0246119 0.0202149 0.0157455 0.011453
 0.00706736 0.0115774 0.0176049 0.0251497 0.0339889 0.0435279 0.0527756 0.060594 0.0661104 0.0689897 0.0693985 0.0677783 0.0646404 0.060466 0.0556715 0.0505928 0.0454794 0.0404963 0.035727 0.0311748 0.0267743 0.0224353 0.0181163 0.0138933 0.00996999
 0.00729592 0.0119524 0.0181751 0.0259613 0.0350751 0.0448924 0.0543774 0.0623433 0.0678827 0.0706514 0.0708302 0.0688888 0.0653699 0.0607848 0.0555751 0.0500953 0.0446055 0.039277 0.0342008 0.0293964 0.0248277 0.02044 0.0162178 0.0122338 0.00865008
 0.0074311 0.0121804 0.0185339 0.0264921 0.0358148 0.0458606 0.0555625 0.0636961 0.0693211 0.0720739 0.072132 0.0699743 0.0661627 0.061233 0.0556532 0.0498012 0.0439553 0.0383 0.0329385 0.0279064 0.0231907 0.0187633 0.0146266 0.0108468 0.00754968
 0.00750736 0.0123031 0.0187169 0.0267504 0.0361643 0.0463181 0.0561423 0.064404 0.0701485 0.0729921 0.0730906 0.0709041 0.0669846 0.0618694 0.0560392 0.0498924 0.0437315 0.0377651 0.0321191 0.0268522 0.0219758 0.0174849 0.0133946 0.00976355 0.0066861
 0.00760449 0.0124507 0.0189202 0.0270077 0.0364689 0.0466614 0.056516 0.064803 0.0705717 0.0734431 0.0735728 0.071413 0.0674991 0.062348 0.0564245 0.0501223 0.0437525 0.0375437 0.0316496 0.0261598 0.0211167 0.0165413 0.0124618 0.00893104 0.00601652
 0.00769083 0.012591 0.0191302 0.0272997 0.0368467 0.0471138 0.0570129 0.0652987 0.0710183 0.073807 0.0738455 0.0716099 0.0676467 0.0624674 0.0565181 0.0501692 0.0437144 0.0373778 0.0313247 0.0256702 0.0204892 0.0158328 0.0117474 0.00828504 0.00549266
 0.00773359 0.0126565 0.019222 0.0274195 0.0369961 0.047295 0.0572283 0.0655472 0.0712913 0.0740869 0.0741088 0.0718353 0.0678233 0.0625967 0.0566085 0.050225 0.0437267 0.0373235 0.0311752 0.0254059 0.0201131 0.0153757 0.011262 0.00782985 0.00511409
 0.00776613 0.012705 0.0192867 0.0274979 0.0370834 0.0473862 0.0573199 0.0656388 0.0713863 0.0741907 0.0742265 0.0719671 0.067962 0.0627307 0.0567254 0.050315 0.043781 0.0373308 0.03112 0.0252735 0.019899 0.015094 0.0109454 0.00752016 0.00484842
 0.00782675 0.0127935 0.0194011 0.0276297 0.0372193 0.0475121 0.057424 0.0657138 0.0714302 0.0742077 0.0742267 0.0719634 0.0679668 0.0627503 0.0567585 0.0503531 0.0438114 0.0373389 0.0310913 0.0251956 0.0197665 0.014913 0.0107352 0.0073087 0.00466256
 0.00785167 0.0128344 0.0194628 0.0277154 0.0373287 0.0476382 0.0575523 0.0658243 0.0715043 0.0742353 0.0742104 0.0719174 0.0679105 0.0627018 0.0567291 0.0503451 0.0438184 0.0373481 0.0310869 0.0251634 0.0196977 0.0148081 0.0106053 0.00717208 0.00453847
 0.00786946 0.0128582 0.0194896 0.02774 0.0373458 0.0476462 0.0575542 0.0658267 0.0715126 0.0742504 0.0742275 0.0719302 0.0679156 0.0627016 0.0567303 0.0503549 0.0438394 0.0373763 0.0311125 0.0251741 0.0196834 0.0147654 0.010539 0.00709406 0.00446261
 0.00788541 0.0128804 0.0195157 0.027765 0.037363 0.0476484 0.0575367 0.0657888 0.0714593 0.0741919 0.0741764 0.0718969 0.0679047 0.0627115 0.056756 0.0503913 0.0438828 0.0374232 0.0311576 0.0252097 0.0197018 0.0147619 0.0105149 0.00705623 0.00442068
 0.0078826 0.0128753 0.019507 0.027751 0.0373415 0.0476172 0.0574942 0.0657348 0.0713957 0.0741236 0.0741116 0.0718457 0.0678769 0.0627132 0.0567877 0.0504477 0.0439555 0.0375028 0.0312352 0.0252773 0.0197527 0.0147922 0.0105245 0.00704946 0.00440468
 0.00787566 0.0128605 0.0194785 0.0277015 0.037265 0.0475121 0.0573659 0.0655957 0.0712622 0.0740109 0.0740306 0.0718021 0.0678723 0.0627466 0.0568559 0.0505451 0.0440735 0.0376309 0.031362 0.0253922 0.0198474 0.0148618 0.0105686 0.00707168 0.00441141
 0.00790427 0.0129011 0.0195282 0.0277533 0.0373083 0.0475354 0.0573592 0.065553 0.0711836 0.0739039 0.0739091 0.0716834 0.0677723 0.0626768 0.0568219 0.0505469 0.0441071 0.0376887 0.0314342 0.0254682 0.0199172 0.0149183 0.0106083 0.00709517 0.00442222
 0.0079029 0.0129003 0.0195295 0.0277581 0.0373172 0.047546 0.0573655 0.0655464 0.0711559 0.073851 0.0738336 0.0715946 0.0676842 0.0626037 0.0567751 0.0505327 0.0441257 0.0377352 0.0315001 0.025543 0.0199907 0.014982 0.0106571 0.00712805 0.00444136
 0.00788472 0.0128708 0.0194854 0.0276973 0.0372397 0.0474556 0.0572704 0.0654577 0.0710839 0.0738013 0.0738056 0.0715832 0.0676842 0.0626129 0.0567952 0.0505675 0.0441784 0.0378059 0.0315848 0.0256343 0.0200796 0.0150603 0.0107193 0.00717242 0.00446955
 0.0078428 0.0128025 0.0193827 0.0275534 0.0370516 0.0472272 0.0570158 0.0652011 0.0708554 0.0736296 0.0737103 0.0715712 0.0677485 0.0627372 0.0569596 0.0507539 0.0443732 0.0380001 0.031772 0.0258083 0.020234 0.0151894 0.0108198 0.00724419 0.00451625
 0.00782364 0.0127667 0.0193203 0.0274525 0.0369012 0.0470227 0.0567628 0.0649179 0.0705698 0.0733736 0.0735141 0.0714571 0.0677281 0.0628087 0.057109 0.0509593 0.0446101 0.0382466 0.0320108 0.0260274 0.0204249 0.0153468 0.0109413 0.00733125 0.00457345
 0.00780512 0.0127374 0.0192772 0.0273926 0.0368207 0.0469167 0.0566268 0.0647497 0.070373 0.0731605 0.0733054 0.071279 0.0676062 0.0627617 0.0571443 0.0510712 0.0447823 0.0384564 0.0322345 0.0262443 0.0206198 0.0155098 0.0110683 0.00742287 0.00463416
 0.00777509 0.0126862 0.0191961 0.0272728 0.0366565 0.0467091 0.0563868 0.0644969 0.0701307 0.0729487 0.0731375 0.0711627 0.0675466 0.0627642 0.0572133 0.0512067 0.044977 0.0386947 0.032495 0.0265037 0.0208573 0.0157109 0.0112257 0.00753645 0.00470941
 0.00773357 0.0126191 0.019096 0.0271329 0.0364722 0.0464803 0.0561201 0.064208 0.069843 0.0726892 0.0729317 0.0710291 0.0674945 0.0627934 0.0573173 0.051376 0.0452001 0.0389576 0.0327798 0.0267895 0.0211232 0.0159396 0.0114072 0.0076688 0.00479766
 0.00933116 0.0148538 0.0217897 0.0298961 0.0388174 0.0480027 0.0566403 0.0637985 0.0687452 0.0711913 0.0712794 0.0693929 0.0659769 0.0614488 0.0561691 0.0504282 0.0444447 0.0383793 0.0323581 0.0265001 0.0209389 0.0158325 0.0113518 0.00764424 0.00478919
 0.00931269 0.0151204 0.0227134 0.0319385 0.042328 0.0529472 0.0624286 0.0693809 0.0729853 0.0733143 0.0711278 0.0673681 0.0627622 0.0577183 0.0524208 0.0469563 0.0413888 0.0357864 0.0302277 0.0248071 0.0196438 0.0148853 0.0106946 0.00721529 0.00452808
 0.00896459 0.0145741 0.0219497 0.0310099 0.0414119 0.0523816 0.0626708 0.070844 0.07579 0.0771057 0.0751195 0.0706403 0.0646452 0.0580245 0.0514135 0.0451333 0.0392483 0.0336914 0.028382 0.023293 0.0184704 0.0140233 0.0100962 0.0068254 0.0042914
 0.00880774 0.0143049 0.0215192 0.0303671 0.0405236 0.0512674 0.0614464 0.0697494 0.0751678 0.0773052 0.0763398 0.0727843 0.067288 0.0605524 0.0532721 0.0460394 0.0392461 0.0330511 0.0274361 0.0223119 0.0176155 0.0133593 0.00962476 0.0065164 0.00410431
 0.00872737 0.0141707 0.0213096 0.0300569 0.0400858 0.0506794 0.0607017 0.0688757 0.0742487 0.0764944 0.0758513 0.0728369 0.0680087 0.0618824 0.0549451 0.0476689 0.0404828 0.0337177 0.0275614 0.0220648 0.0171997 0.0129338 0.00927628 0.00627024 0.00394969
 0.00870488 0.0141318 0.0212464 0.0299589 0.0399408 0.0504735 0.0604217 0.0685115 0.0737987 0.0759766 0.0753179 0.0723853 0.0677713 0.0619848 0.055441 0.0484888 0.0414403 0.0345815 0.0281549 0.0223301 0.0171934 0.0127711 0.00906802 0.00608733 0.00381937
 0.00868734 0.0141 0.0211923 0.0298732 0.0398146 0.0503019 0.060206 0.0682585 0.0735181 0.0756775 0.0750103 0.0720872 0.0675202 0.0618411 0.0554749 0.0487465 0.0419073 0.03517 0.0287327 0.0227776 0.0174525 0.0128562 0.00903924 0.0060115 0.00374328
 0.00870321 0.0141272 0.0212353 0.0299355 0.0398956 0.0503937 0.0602913 0.0683131 0.073517 0.0756033 0.0748581 0.0718666 0.0672542 0.0615666 0.0552409 0.0486065 0.0419009 0.0353012 0.0289602 0.0230292 0.0176573 0.0129752 0.00907413 0.00599133 0.00370202
 0.00869274 0.0141129 0.0212188 0.0299206 0.0398878 0.0503985 0.0603128 0.0683508 0.0735641 0.0756457 0.0748773 0.0718451 0.0671826 0.0614492 0.0550976 0.0484703 0.041809 0.0352818 0.029019 0.0231441 0.0177881 0.013083 0.00913829 0.0060131 0.00369657
 0.00866226 0.0140648 0.0211495 0.0298286 0.039775 0.0502721 0.0601856 0.0682405 0.0734886 0.0756174 0.0748972 0.0719023 0.0672572 0.0615195 0.0551485 0.0484995 0.041828 0.0353098 0.0290723 0.0232264 0.0178878 0.0131794 0.00921295 0.00605844 0.0037163
 0.00864044 0.014029 0.0210953 0.0297518 0.0396733 0.0501466 0.0600428 0.068093 0.0733537 0.075513 0.0748386 0.0718969 0.0673029 0.0616042 0.055254 0.0486075 0.0419269 0.0353977 0.0291547 0.0233099 0.0179733 0.0132608 0.00928126 0.0061072 0.00374508
 0.00864244 0.0140304 0.0210937 0.0297437 0.0396541 0.0501121 0.0599901 0.0680221 0.0732679 0.0754198 0.0747485 0.0718229 0.0672565 0.0615925 0.0552767 0.0486574 0.0419927 0.0354688 0.0292249 0.0233771 0.0180372 0.0133199 0.00933188 0.00614588 0.00377065
 0.00865171 0.0140461 0.0211182 0.029779 0.0397006 0.0501665 0.060045 0.0680663 0.0732894 0.0754097 0.074705 0.0717513 0.0671688 0.0615035 0.0552007 0.0486038 0.0419646 0.0354635 0.0292364 0.0233993 0.0180651 0.0133495 0.00935969 0.00616899 0.00378736
 0.00862541 0.0140077 0.0210686 0.0297222 0.039643 0.0501158 0.0600081 0.0680478 0.0732905 0.0754271 0.0747309 0.0717768 0.0671866 0.0615113 0.0552014 0.048604 0.041971 0.0354803 0.0292639 0.0234345 0.0181036 0.0133868 0.00939233 0.00619485 0.0038058
 0.00862136 0.013997 0.0210453 0.029679 0.0395744 0.0500219 0.0598978 0.0679377 0.0732001 0.0753717 0.0747171 0.0718007 0.0672371 0.0615748 0.0552663 0.0486636 0.042024 0.0355287 0.0293105 0.0234806 0.0181483 0.0134278 0.00942722 0.00622202 0.00382499
 0.00862136 0.013997 0.0210453 0.029679 0.0395744 0.0500219 0.0598978 0.0679377 0.0732001 0.0753717 0.0747171 0.0718007 0.0672371 0.0615748 0.0552663 0.0486636 0.042024 0.0355287 0.0293105 0.0234806 0.0181483 0.0134278 0.00942722 0.00622202 0.00382499
 0.00905199 0.0146783 0.0220318 0.0309986 0.0412111 0.0518954 0.0618504 0.0697475 0.0746285 0.0762299 0.0749157 0.071362 0.0662707 0.0602375 0.0537241 0.0470651 0.0404861 0.0341334 0.0281072 0.0224919 0.0173752 0.0128548 0.00902685 0.00596013 0.00366581
 0.00918593 0.0149364 0.0224936 0.031759 0.0423524 0.0534449 0.0637413 0.0718099 0.0766196 0.0778909 0.0760311 0.0718016 0.0660093 0.0593501 0.0523606 0.0454123 0.0387296 0.0324291 0.0265679 0.0211851 0.0163288 0.012065 0.0084672 0.00558986 0.00343861
 0.00879933 0.0143322 0.0216359 0.0306482 0.0410452 0.0520729 0.062515 0.070984 0.0764169 0.0784141 0.0772115 0.0734169 0.0677591 0.0609484 0.0536071 0.0462217 0.0391219 0.0324938 0.0264216 0.0209372 0.0160617 0.011829 0.0082846 0.00546305 0.00335886
 0.00867852 0.0140898 0.0211884 0.0298955 0.0399037 0.0505257 0.060657 0.0690327 0.0746744 0.0771913 0.0767434 0.0737957 0.0689065 0.0626378 0.0555311 0.0480806 0.0406967 0.0336806 0.0272219 0.02142 0.0163211 0.0119516 0.0083342 0.00547929 0.00336243
 0.0087539 0.0141942 0.021308 0.0299957 0.0399251 0.0503865 0.0602662 0.0683202 0.0736339 0.0759172 0.0754341 0.0727094 0.0682793 0.0626019 0.0560691 0.0490382 0.0418445 0.0347941 0.0281446 0.0220872 0.0167457 0.0121898 0.00845148 0.00552936 0.00338051
#pred catch len freq
 0.00496527 0.0078238 0.0113467 0.0154192 0.0199652 0.0249323 0.0302167 0.0356212 0.040894 0.0457988 0.0501577 0.0538627 0.056871 0.0591822 0.0607955 0.0616668 0.0616944 0.060738 0.0586522 0.0553127 0.0506368 0.0446289 0.0374699 0.0296066 0.0217418
 0.00522091 0.00813137 0.0116151 0.0155109 0.0197497 0.0243627 0.0293784 0.0347114 0.0401302 0.0453087 0.049918 0.0537201 0.0566291 0.0587073 0.060091 0.060888 0.0610952 0.0605691 0.0590514 0.0562398 0.0518881 0.0459254 0.0385706 0.0303864 0.0222011
 0.0056036 0.00871747 0.0124223 0.0165112 0.0208539 0.0254129 0.0301653 0.0350317 0.0398743 0.0445298 0.0488206 0.0525589 0.0555805 0.0578023 0.0592537 0.0600425 0.0602601 0.0598741 0.0586682 0.0562767 0.0523186 0.0465957 0.0392766 0.0309655 0.0225837
 0.00589255 0.00918146 0.0131106 0.0174671 0.0221058 0.0269562 0.031934 0.0368728 0.0415486 0.0457568 0.0493663 0.0523281 0.0546573 0.0564029 0.0576205 0.0583548 0.0586197 0.0583534 0.0573571 0.0552748 0.0516833 0.0462992 0.0392139 0.0310079 0.0226348
 0.00615949 0.00959828 0.0137087 0.0182714 0.0231402 0.0282463 0.0334998 0.0387068 0.0435847 0.0478427 0.0512601 0.0537386 0.0553258 0.056195 0.056575 0.0566594 0.0565329 0.0561273 0.0551995 0.053345 0.0500902 0.0450897 0.0383672 0.0304524 0.0222835
 0.00643698 0.0100293 0.0143211 0.0190813 0.0241545 0.0294666 0.0349229 0.0403218 0.0453671 0.049744 0.053189 0.0555418 0.0567863 0.0570677 0.0566575 0.0558676 0.0549397 0.0539417 0.0527032 0.0508212 0.0477724 0.0431335 0.0368418 0.0293496 0.0215417
 0.00679014 0.0105697 0.0150726 0.0200474 0.0253236 0.0308201 0.0364379 0.0419679 0.0471031 0.0515166 0.0549335 0.0571772 0.0582049 0.0581248 0.057179 0.0556865 0.0539565 0.0521799 0.0503256 0.0480966 0.0450075 0.040601 0.0347283 0.0277361 0.0204136
 0.00721231 0.0112143 0.0159658 0.0211879 0.0266881 0.0323716 0.0381297 0.0437428 0.048894 0.0532523 0.0565454 0.0586022 0.059381 0.0589812 0.0576238 0.0556059 0.0532366 0.0507532 0.048224 0.045479 0.0421395 0.0377906 0.0322462 0.0257531 0.0189792
 0.00767939 0.0119333 0.0169733 0.022493 0.0282748 0.034203 0.0401467 0.045861 0.051006 0.0552402 0.0582975 0.0600275 0.0604159 0.059586 0.057769 0.0552554 0.0523398 0.0492607 0.0461285 0.0428622 0.0391946 0.0347966 0.0294973 0.0234767 0.0172815
 0.00804345 0.0125073 0.017805 0.0236169 0.0297096 0.0359455 0.0421613 0.0480709 0.0532948 0.057464 0.0603051 0.0616809 0.0616081 0.0602509 0.0578795 0.0548089 0.0513398 0.0477094 0.0440417 0.0403049 0.0363148 0.0318276 0.0267131 0.021116 0.0154803
 0.00841352 0.0130763 0.0186025 0.0246545 0.0309876 0.0374602 0.0439038 0.0500154 0.0553829 0.0595959 0.0623429 0.0634665 0.06299 0.0611103 0.0581458 0.0544591 0.0503864 0.0461858 0.0419991 0.0378269 0.0335419 0.028966 0.0240087 0.0187947 0.0136834
 0.00875441 0.0135999 0.0193344 0.0256006 0.0321375 0.0387934 0.045392 0.0516213 0.0570595 0.0612867 0.0639792 0.0649631 0.0642442 0.0620101 0.0585873 0.0543658 0.0497216 0.0449547 0.0402471 0.0356429 0.0310657 0.0263899 0.0215557 0.0166705 0.0120224
 0.00908942 0.0141192 0.0200691 0.0265636 0.0333236 0.0401796 0.0469344 0.0532535 0.0586976 0.0628419 0.0653719 0.0661298 0.0651357 0.0625838 0.0587995 0.0541702 0.0490768 0.0438395 0.0386763 0.0336804 0.0288326 0.02406 0.0193309 0.0147371 0.0105034
 0.00951099 0.0147628 0.0209609 0.0277027 0.0346874 0.0417311 0.0486238 0.0550126 0.0604366 0.0644541 0.0667478 0.0671755 0.065789 0.0628198 0.0586232 0.0536008 0.0481328 0.0425353 0.0370333 0.0317476 0.0267043 0.021879 0.0172689 0.0129544 0.00910558
 0.009871 0.0153169 0.021737 0.0287076 0.0359084 0.0431393 0.0501735 0.0566383 0.0620535 0.0659653 0.0680539 0.0681854 0.0664301 0.0630475 0.0584263 0.0529981 0.0471626 0.0412431 0.0354675 0.0299671 0.0247928 0.0199528 0.0154657 0.0114038 0.00789264
 0.0100429 0.015595 0.0221533 0.0292921 0.0366844 0.0441163 0.0513371 0.0579444 0.0634301 0.0673218 0.069293 0.0692146 0.067171 0.0634434 0.0584469 0.0526405 0.0464487 0.0402136 0.0341771 0.0284834 0.0232 0.0183542 0.0139756 0.0101261 0.00689451
 0.0100451 0.0156144 0.0222133 0.0294277 0.036939 0.0445324 0.0519455 0.0587532 0.064417 0.0684309 0.0704391 0.0702947 0.0680819 0.0640988 0.0587879 0.0526396 0.0461075 0.0395588 0.0332561 0.0273617 0.0219603 0.0170926 0.0127928 0.0091096 0.00609976
 0.0102063 0.0158359 0.0224732 0.0296842 0.0371476 0.0446711 0.0520329 0.0588472 0.064593 0.0687503 0.0709242 0.0709189 0.0687756 0.0647664 0.0593304 0.0529738 0.04618 0.0393512 0.032784 0.0266711 0.0211214 0.0161925 0.0119226 0.00834834 0.00549816
 0.0103975 0.0161269 0.0228722 0.030181 0.0377107 0.0452482 0.0525569 0.059251 0.0648337 0.0688311 0.0708977 0.0708647 0.0687633 0.0648246 0.0594369 0.0530687 0.0461905 0.0392168 0.0324738 0.0261904 0.0205099 0.0155151 0.0112544 0.0077566 0.00502734
 0.0103685 0.0160978 0.022862 0.0302194 0.037831 0.0454752 0.0528932 0.05967 0.0652811 0.0692385 0.0712048 0.0710418 0.0688231 0.0648133 0.0594067 0.0530491 0.0461735 0.0391645 0.032341 0.0259482 0.0201603 0.0150912 0.0108093 0.00734552 0.0046909
 0.0103695 0.0160874 0.0228258 0.0301403 0.0376992 0.0453 0.0527108 0.0595366 0.0652532 0.069347 0.0714395 0.0713554 0.0691522 0.065105 0.0596363 0.0532181 0.046294 0.0392407 0.0323618 0.0258955 0.0200244 0.0148827 0.0105589 0.00709353 0.00447245
 0.0105345 0.0163224 0.0231167 0.0304507 0.0379774 0.0454937 0.0527821 0.0594737 0.0650761 0.0691058 0.0712007 0.0711795 0.0690714 0.0651138 0.0597006 0.0532968 0.0463561 0.0392699 0.0323511 0.0258402 0.0199221 0.0147382 0.0103879 0.00691959 0.00431893
