SBPRF35
12.7214
Curr Bio
854868
B35
874639
F35
0.172058
FOFL
0.170235
OFL
120452
Bzero
3.63469e+006
#pred survey bio
 3.44753e+006 3.33453e+006 3.23534e+006 3.07195e+006 2.87824e+006 2.67993e+006 2.45245e+006 2.22552e+006 2.00758e+006 1.81713e+006 1.6338e+006 1.47022e+006 1.31311e+006 1.14722e+006 983262 861779 764337 704853 668062 628895 601275 574655 560051 544073 538245 528968 528808 521708 521074 525731 533268 535845 543166 553013 553883 565172 575341 591386 599415 610560 619669 627379 633446 642061 651078 662181 666008 671620 679403 680605 687158 737305 781213 781549 769864 782326 778205 806564 836465 860900 3.05149e+007 1.83824e+007 1.87297e+007 1.95674e+007 2.07183e+007 2.19796e+007 2.32016e+007 2.42968e+007 2.52279e+007 2.5991e+007 2.66008e+007 2.70793e+007 2.74505e+007 2.77361e+007 2.7955e+007 2.81226e+007 2.82508e+007 2.83491e+007 2.84247e+007 2.84831e+007 2.85284e+007 2.85636e+007 2.85912e+007 2.86129e+007 2.863e+007 2.86435e+007 2.86543e+007 2.86629e+007 2.86697e+007 2.86752e+007 2.86796e+007 2.86832e+007 2.86861e+007 2.86885e+007 2.86904e+007 2.86919e+007 2.86931e+007 2.86942e+007 2.8695e+007 2.86957e+007 2.86962e+007 2.86967e+007 2.86971e+007 2.86974e+007 2.86976e+007 2.86978e+007 2.8698e+007 2.86981e+007 2.86982e+007 2.86983e+007 2.86984e+007 2.86984e+007 2.86985e+007 2.86985e+007 2.86986e+007 2.86986e+007 2.86986e+007 2.86986e+007 2.86987e+007 2.86987e+007 2.86987e+007 2.86987e+007 2.86987e+007 2.86987e+007 2.86987e+007 2.86987e+007 2.86987e+007 2.86987e+007 2.86987e+007 2.86987e+007 2.86987e+007 2.86987e+007 2.86987e+007 2.86987e+007 2.86987e+007 2.86987e+007 2.86987e+007 2.86987e+007 2.86987e+007 2.86987e+007 2.86987e+007 2.86987e+007 2.86987e+007 2.86987e+007 2.86987e+007 2.86987e+007 2.86987e+007 2.86987e+007 2.86987e+007 2.86987e+007 2.86987e+007 2.86987e+007 2.86987e+007 2.86987e+007 2.86987e+007 2.86987e+007 2.86987e+007 2.86987e+007 2.86987e+007 2.86987e+007 0 0 0 0 0 0 0 0 0 0 0 0 0 0 0 0 0 0 0 0 0 0 0 0 0
#obs survey bio
 3.71378e+006 4.00437e+006 1.83568e+006 2.94354e+006 2.44799e+006 3.34447e+006 2.49247e+006 2.97432e+006 1.97351e+006 1.67877e+006 2.0122e+006 1.07069e+006 1.10726e+006 1.56262e+006 657039 841906 974500 638340 788741 636813 607984 411091 587902 568752 677187 445839 486450 304753 507012 533554 753741 463002 444137 473087 678569 574717 490473 633502 633286 555474 673949 764176 538775 637263 631398 728771 831835 790707 806787 577337 719453 1.07955e+006 894092 573789 881968 677935 715395 672870 1.00862e+006 950491
#pred catch bio
 103938 97917.6 167575 208436 227452 269226 283431 289189 277367 282317 273777 274350 283766 278784 236738 210786 173626 151246 150112 136692 132523 119659 118545 107986 109372 100552 105661 99961.1 96350.8 94871.1 99346.9 95595 94118.7 101573 92618.6 94425.6 90815.3 98889.3 97461.7 100752 103050 105235 103982 104310 103037 109620 108357 107069 112864 108082 71987.8 78416 114706 123892 104323 120448 94577.2 95985.6 102257 113973 120452 121841 122966 127339 134268 142043 149537 156153 161658 166049 169444 172006 173905 175292 176294 177011 177521 177881 178135 178312 178436 178523 178583 178624 178653 178673 178687 178697 178703 178708 178711 178713 178715 178716 178716 178717 178717 178717 178717 178718 178718 178718 178718 178718 178718 178718 178718 178718 178718 178718 178718 178718 178718 178718 178718 178718 178718 178718 178718 178718 178718 178718 178718 178718 178718 178718 178718 178718 178718 178718 178718 178718 178718 178718 178718 178718 178718 178718 178718 178718 178718 178718 178718 178718 178718 178718 178718 178718 178718 178718 178718 178718 178718 178718 178718 178718 178718 178718 178718 178718 0 0 0 0 0 0 0 0 0 0 0 0 0 0 0 0 0 0 0 0 0 0 0 0 0
#obs catch bio
 0 97419.9 168210 209059 228708 270939 285049 289690 278122 283440 274724 276059 287114 279397 238493 211857 173427 151525 149933 137069 132427 120025 118656 108010 109028 100412 105196 99942.7 96468.4 95397.8 99338.4 95769.6 94360.6 102254 92355.8 94457.9 90904.2 99077.1 97344.4 101022 103515 105284 104441 104922 102948 109635 108399 107126 113220 108766 71869.5 77957.6 114009 123714 103577 120689 94599.7 96079.4 102415 114051
#pred cpue bio
 3.40514e+006 3.29346e+006 3.19392e+006 3.03011e+006 2.83665e+006 2.63865e+006 2.41191e+006 2.18578e+006 1.96851e+006 1.77847e+006 1.59574e+006 1.43283e+006 1.27674e+006 1.11286e+006 951377 831791 736160 677914 642019 603886 577138 551315 537202 521809 516351 507434 507396 500473 499660 504030 511490 514176 521357 531055 532137 543301 553178 568790 576610 587358 596094 603657 609574 617948 626929 637926 641659 647113 654727 655986 662593 712456 756495 756893 744688 756312 752037 779892 809451 833699 2.95646e+007 1.78114e+007 1.8041e+007 1.87651e+007 1.98838e+007 2.11389e+007 2.236e+007 2.3455e+007 2.43861e+007 2.51492e+007 2.5759e+007 2.62375e+007 2.66087e+007 2.68943e+007 2.71132e+007 2.72808e+007 2.7409e+007 2.75073e+007 2.75829e+007 2.76413e+007 2.76866e+007 2.77218e+007 2.77494e+007 2.77711e+007 2.77882e+007 2.78017e+007 2.78125e+007 2.78211e+007 2.78279e+007 2.78334e+007 2.78378e+007 2.78414e+007 2.78443e+007 2.78467e+007 2.78486e+007 2.78501e+007 2.78513e+007 2.78524e+007 2.78532e+007 2.78539e+007 2.78544e+007 2.78549e+007 2.78553e+007 2.78556e+007 2.78558e+007 2.7856e+007 2.78562e+007 2.78563e+007 2.78564e+007 2.78565e+007 2.78566e+007 2.78566e+007 2.78567e+007 2.78567e+007 2.78568e+007 2.78568e+007 2.78568e+007 2.78568e+007 2.78568e+007 2.78569e+007 2.78569e+007 2.78569e+007 2.78569e+007 2.78569e+007 2.78569e+007 2.78569e+007 2.78569e+007 2.78569e+007 2.78569e+007 2.78569e+007 2.78569e+007 2.78569e+007 2.78569e+007 2.78569e+007 2.78569e+007 2.78569e+007 2.78569e+007 2.78569e+007 2.78569e+007 2.78569e+007 2.78569e+007 2.78569e+007 2.78569e+007 2.78569e+007 2.78569e+007 2.78569e+007 2.78569e+007 2.78569e+007 2.78569e+007 2.78569e+007 2.78569e+007 2.78569e+007 2.78569e+007 2.78569e+007 2.78569e+007 2.78569e+007 2.78569e+007 2.78569e+007 2.78569e+007 2.78569e+007 0 0 0 0 0 0 0 0 0 0 0 0 0 0 0 0 0 0 0 0 0 0 0 0 0
#obs cpue bio
 3.33061e+006 3.4098e+006 2.88614e+006 2.96518e+006 1.62974e+006 2.69627e+006 2.41828e+006 2.57057e+006 1.61374e+006 1.81896e+006 1.24486e+006 1.54875e+006 1.06759e+006 1.38135e+006 931622 927269 734261 593696 709363 439006 732343 555222 617965 472247 574363 496793 782150 629035 459415 337012 569216 479479 554472 508774 731190 461498 539334 558205 635423 480139 450376 671209 485564 525057 1.0177e+006 583197 481305 515757 484390 664350 646409 1.01348e+006 956870 686931 851632 603838 595221 991520 619159 919003
#pred surv len freq
 0.0042696 0.00702332 0.0107417 0.015464 0.0211088 0.0273837 0.0337653 0.0396388 0.0445314 0.0482613 0.0509101 0.052688 0.0538158 0.0544715 0.0547826 0.0548366 0.0546997 0.0544185 0.0539735 0.0531827 0.0516213 0.0486808 0.0438371 0.0370268 0.028867
 0.00463449 0.00751574 0.0112997 0.0159758 0.0214545 0.0274948 0.033664 0.0394263 0.0443275 0.0481377 0.0508594 0.0526471 0.0537217 0.0543109 0.054606 0.054733 0.0547465 0.0546314 0.0542821 0.0534476 0.051692 0.0484659 0.0433496 0.0363757 0.0282007
 0.00471227 0.00771207 0.0117162 0.0167283 0.0226186 0.0290348 0.0353944 0.04105 0.0455506 0.0487926 0.0509561 0.0523248 0.0531488 0.0536114 0.0538489 0.0539645 0.0540152 0.0539803 0.0537172 0.0529187 0.0511108 0.0477587 0.042509 0.0354733 0.0273522
 0.00485894 0.0079349 0.0120289 0.01715 0.0231892 0.0298253 0.0364904 0.0425014 0.0473034 0.0506531 0.0526296 0.0535228 0.0537025 0.0535183 0.0532356 0.053007 0.052875 0.0527753 0.0525159 0.0517415 0.0499422 0.0465771 0.0413235 0.0343405 0.0263576
 0.00502625 0.00821326 0.0124581 0.0177678 0.0240206 0.0308706 0.0377211 0.0438709 0.0487675 0.0521764 0.0541614 0.0549579 0.0548697 0.0542239 0.053342 0.0524915 0.0518299 0.0513583 0.0508876 0.0500252 0.0482167 0.0448959 0.0397409 0.0329254 0.0251811
 0.00517521 0.00846085 0.0128416 0.0183271 0.0247924 0.0318772 0.038957 0.0452947 0.0503062 0.0537418 0.0556693 0.0563362 0.0560475 0.0551116 0.0538251 0.0524574 0.0512158 0.0501873 0.0492667 0.0481094 0.0461683 0.0428608 0.0378453 0.0312747 0.0238508
 0.00538385 0.00879792 0.0133453 0.0190327 0.0257271 0.0330515 0.0403546 0.0468671 0.0519772 0.0554187 0.0572561 0.0577446 0.0572019 0.0559478 0.0542808 0.0524639 0.0507056 0.0491207 0.0476653 0.0460725 0.0438619 0.0404866 0.0356029 0.0293287 0.0223047
 0.00564924 0.00922241 0.0139712 0.0198949 0.0268468 0.0344273 0.0419521 0.0486163 0.0537816 0.0571735 0.0588648 0.0591262 0.058292 0.0566941 0.0546377 0.0523862 0.0501458 0.0480389 0.0460533 0.0439846 0.0414325 0.03792 0.0331338 0.0271672 0.0205876
 0.00594115 0.00969442 0.0146765 0.02088 0.0281419 0.036031 0.0438167 0.0506442 0.0558407 0.0591248 0.0605875 0.0605309 0.0593204 0.057312 0.0548246 0.0521238 0.049412 0.04681 0.0443218 0.0417886 0.0388836 0.0352093 0.0305021 0.0248459 0.0187363
 0.0061843 0.0100952 0.01529 0.0217612 0.0293351 0.0375522 0.045636 0.052678 0.057962 0.0611867 0.0624481 0.0620715 0.0604551 0.0579896 0.0550219 0.0518351 0.048636 0.0455454 0.042576 0.0396014 0.0363563 0.0325178 0.0278768 0.0225174 0.0168706
 0.00643896 0.0105099 0.0159156 0.0226467 0.0305193 0.0390506 0.0474248 0.0546861 0.0600769 0.0632713 0.0643607 0.0636826 0.06166 0.0587159 0.0552314 0.0515178 0.0477999 0.0442083 0.0407664 0.0373744 0.0338167 0.0298345 0.0252688 0.0202056 0.0150166
 0.00664139 0.0108489 0.0164443 0.0234209 0.0315862 0.0404311 0.0490958 0.0565744 0.0620706 0.0652413 0.0661805 0.0652395 0.0628594 0.0594835 0.0555154 0.0512901 0.0470546 0.042959 0.0390477 0.0352509 0.0313987 0.0272872 0.0227984 0.0180181 0.0132622
 0.00668524 0.0109607 0.0166879 0.023882 0.0323535 0.041565 0.0505987 0.0583795 0.0640542 0.0672507 0.0680626 0.0668608 0.0641168 0.0603067 0.0558632 0.0511432 0.0464103 0.0418301 0.0374676 0.0332846 0.0291555 0.0249261 0.0205131 0.0159981 0.0116441
 0.00684835 0.011219 0.0170664 0.0244063 0.0330535 0.0424759 0.0517535 0.0597913 0.0656943 0.0690339 0.069851 0.0684895 0.0654305 0.0611906 0.0562547 0.051025 0.0457949 0.0407474 0.0359631 0.0314282 0.0270544 0.0227297 0.0183995 0.0141387 0.0101603
 0.00713723 0.0116828 0.0177522 0.0253502 0.0342699 0.0439438 0.0534067 0.0615244 0.0673876 0.0705838 0.0711856 0.0695609 0.0661971 0.0616068 0.0562762 0.0506223 0.0449631 0.0395077 0.0343613 0.0295365 0.0249773 0.0206061 0.0163894 0.0123921 0.00877905
 0.00729542 0.0119505 0.0181746 0.0259753 0.035138 0.04507 0.0547633 0.0630347 0.0689372 0.0720461 0.0724491 0.0705478 0.0668671 0.0619476 0.056287 0.0503018 0.0443076 0.0385203 0.033064 0.0279811 0.0232517 0.0188319 0.0147061 0.010929 0.00762289
 0.00751554 0.0122869 0.0186419 0.0265763 0.0358682 0.0459226 0.0557301 0.0640988 0.0700635 0.0731756 0.0735017 0.0714358 0.0675136 0.062302 0.0563295 0.0500364 0.0437497 0.0376888 0.0319837 0.0266932 0.0218247 0.0173639 0.0133127 0.00971804 0.00666683
 0.0076194 0.0124525 0.0188843 0.0269054 0.0362849 0.0464154 0.0562743 0.0646627 0.0706216 0.0737184 0.0740344 0.0719623 0.0680182 0.0627417 0.056644 0.0501662 0.0436523 0.0373453 0.0313994 0.0258976 0.0208734 0.0163378 0.0123082 0.00882688 0.00595336
 0.00763536 0.0124778 0.0189216 0.0269578 0.0363569 0.0465132 0.056405 0.0648328 0.0708344 0.073974 0.0743311 0.0722987 0.0683908 0.0631378 0.0570335 0.0505001 0.0438714 0.0373957 0.031248 0.0255422 0.020346 0.0157003 0.0116409 0.00820947 0.0054453
 0.00767459 0.0125466 0.0190341 0.027129 0.0365974 0.0468225 0.0567663 0.0652137 0.0711955 0.0742813 0.0745651 0.0724572 0.068486 0.0631891 0.0570582 0.0505034 0.0438408 0.0373031 0.0310608 0.0252394 0.0199315 0.015207 0.0111232 0.0077276 0.00504644
 0.00773934 0.0126344 0.0191347 0.0272242 0.0366689 0.046863 0.0567861 0.0652376 0.0712508 0.074383 0.0747094 0.0726253 0.0686544 0.0633398 0.0571823 0.0505981 0.043902 0.0373195 0.0310143 0.0251122 0.0197176 0.0149208 0.0107992 0.00740964 0.00477323
 0.00781531 0.0127581 0.0193195 0.0274787 0.0369905 0.0472306 0.0571579 0.0655596 0.0714749 0.074487 0.0747043 0.0725449 0.0685366 0.0632115 0.0570552 0.0504734 0.0437758 0.0371854 0.0308628 0.0249326 0.0195033 0.0146757 0.0105404 0.00716287 0.00456325
 0.00779235 0.0127238 0.0192743 0.0274266 0.0369398 0.047194 0.0571502 0.0655923 0.0715501 0.074594 0.0748225 0.0726542 0.0686265 0.0632835 0.0571172 0.0505312 0.0438283 0.0372245 0.030877 0.0249111 0.0194401 0.0145732 0.0104106 0.00702513 0.00443751
 0.0078225 0.0127659 0.0193248 0.0274782 0.0369838 0.0472242 0.0571661 0.0655999 0.0715597 0.074615 0.0748591 0.0727026 0.0686765 0.0633237 0.0571409 0.0505383 0.0438228 0.0372096 0.0308518 0.024871 0.0193803 0.0144929 0.0103157 0.00692664 0.00434808
 0.00783643 0.0127772 0.0193211 0.0274409 0.0368936 0.0470691 0.056949 0.0653416 0.0712951 0.0743857 0.0747032 0.0726455 0.0687247 0.0634636 0.0573439 0.0507705 0.0440538 0.0374179 0.0310243 0.0250008 0.0194647 0.0145339 0.0103203 0.00690649 0.00431643
 0.00787044 0.0128345 0.0194098 0.0275668 0.0370552 0.0472519 0.0571226 0.0654654 0.0713318 0.0743176 0.0745414 0.0724266 0.0684972 0.0632715 0.057214 0.0507085 0.044048 0.0374473 0.0310672 0.02504 0.0194895 0.0145402 0.0103094 0.00688392 0.00428947
 0.00789621 0.0128613 0.019423 0.0275456 0.0369806 0.0471175 0.0569423 0.0652693 0.0711536 0.0741795 0.0744479 0.0723702 0.0684698 0.0632726 0.0572504 0.0507871 0.0441683 0.0375984 0.0312303 0.0251946 0.019619 0.0146357 0.0103702 0.00691563 0.00430097
 0.00805026 0.0130949 0.0197419 0.0279403 0.0374248 0.0475691 0.0573465 0.0655682 0.0713016 0.0741584 0.0742727 0.0720801 0.0681126 0.062891 0.0568784 0.0504505 0.0438862 0.0373808 0.0310769 0.0250953 0.0195584 0.0145982 0.0103443 0.00689515 0.00428388
 0.00809168 0.0131701 0.019869 0.0281389 0.0377086 0.0479354 0.0577677 0.0659921 0.0716629 0.0743978 0.0743539 0.0719985 0.0678926 0.0625761 0.0565174 0.050087 0.0435527 0.0370982 0.0308546 0.0249326 0.0194472 0.0145261 0.0102986 0.00686577 0.00426449
 0.00796316 0.0129869 0.0196419 0.0278963 0.037492 0.0477888 0.0577268 0.0660761 0.0718681 0.0746953 0.0746933 0.0723198 0.0681435 0.0627264 0.0565645 0.0500513 0.0434664 0.0369936 0.0307566 0.0248556 0.0193952 0.0144957 0.0102832 0.00685869 0.00426098
 0.00788424 0.0128476 0.0194138 0.0275521 0.0370184 0.0472044 0.0570942 0.0654948 0.0714472 0.074516 0.0747819 0.0726429 0.0686245 0.0632724 0.0570925 0.0505053 0.0438227 0.0372559 0.0309438 0.0249901 0.019495 0.0145717 0.0103405 0.00689978 0.00428809
 0.0079321 0.0129117 0.0194837 0.0276063 0.037026 0.0471317 0.056914 0.0651985 0.0710567 0.074088 0.0743976 0.0723835 0.0685415 0.0633694 0.0573277 0.0508115 0.044134 0.0375259 0.0311529 0.0251397 0.0195975 0.0146413 0.010388 0.00693195 0.00430899
 0.00787573 0.012834 0.0193919 0.0275137 0.0369459 0.0470676 0.0568536 0.0651159 0.0709234 0.0738888 0.0741438 0.0721158 0.06832 0.0632526 0.0573499 0.0509698 0.0443906 0.0378258 0.031444 0.0253879 0.0197895 0.0147793 0.0104818 0.00699261 0.00434628
 0.0077193 0.0125978 0.0190712 0.0271188 0.0365019 0.0466124 0.056433 0.0647757 0.0706967 0.0737843 0.0741437 0.0721874 0.0684349 0.0634015 0.0575428 0.0512227 0.0447085 0.0381926 0.0318261 0.0257465 0.0200944 0.0150162 0.0106512 0.00710488 0.00441529
 0.0077874 0.0126774 0.0191343 0.0271222 0.0364018 0.0463856 0.0560937 0.0643753 0.0703063 0.0734683 0.0739396 0.0720989 0.0684402 0.063469 0.0576474 0.0513544 0.0448698 0.0383876 0.03205 0.0259821 0.020318 0.0152069 0.0107977 0.00720661 0.00447951
 0.00782064 0.0127237 0.0191877 0.0271679 0.0364142 0.0463296 0.0559317 0.0640809 0.0698824 0.0729594 0.0734264 0.0716739 0.0681742 0.0633891 0.057736 0.051567 0.0451576 0.0387116 0.0323833 0.0263048 0.0206121 0.0154565 0.010993 0.00734615 0.00457012
 0.00782292 0.0127331 0.0192118 0.0272156 0.0364914 0.0464322 0.0560398 0.0641591 0.0698869 0.0728536 0.0731976 0.071345 0.0678018 0.0630467 0.0574884 0.0514495 0.0451701 0.0388278 0.0325659 0.0265179 0.0208263 0.0156501 0.0111519 0.00746465 0.00465006
 0.00774839 0.0126181 0.0190512 0.0270107 0.0362516 0.0461764 0.0557954 0.0639565 0.0697499 0.0727879 0.0731872 0.0713597 0.0678139 0.0630463 0.0574894 0.0514812 0.0452601 0.0389877 0.0327858 0.0267722 0.0210842 0.0158844 0.0113448 0.00760893 0.00474798
 0.00781426 0.0127079 0.0191544 0.0271068 0.0363161 0.0461901 0.0557524 0.0638662 0.0696324 0.0726657 0.0730772 0.0712673 0.0677333 0.0629659 0.0574018 0.0513911 0.0451849 0.0389496 0.0328002 0.0268396 0.0211903 0.0160069 0.0114618 0.00770552 0.00481818
 0.00780199 0.0126992 0.0191608 0.0271431 0.0363927 0.0463031 0.0558784 0.0639677 0.0696731 0.0726283 0.0729709 0.0711218 0.0675825 0.0628339 0.057297 0.0513112 0.0451262 0.0389135 0.0327928 0.0268658 0.021248 0.0160854 0.0115456 0.00778072 0.00487628
 0.00770261 0.0125579 0.0189865 0.0269586 0.0362306 0.0461971 0.0558537 0.0640327 0.069815 0.0728137 0.0731551 0.0712639 0.0676603 0.0628494 0.0572698 0.0512656 0.0450814 0.0388811 0.0327794 0.0268747 0.021279 0.0161336 0.0116021 0.00783523 0.0049211
 0.00771577 0.0125589 0.0189518 0.0268576 0.0360386 0.0459128 0.0555118 0.0636993 0.0695653 0.0727025 0.0731958 0.0714274 0.0678912 0.0630893 0.0574769 0.0514226 0.0451921 0.0389601 0.0328426 0.0269339 0.0213399 0.0161965 0.0116634 0.00788963 0.00496432
 0.00771157 0.0125606 0.0189684 0.0268982 0.0361046 0.0459893 0.0555653 0.0636893 0.069466 0.0725227 0.072981 0.07124 0.0677804 0.0630704 0.0575307 0.0515123 0.0452836 0.0390344 0.0328966 0.0269742 0.0213749 0.0162314 0.0116987 0.00792288 0.00499231
 0.00759209 0.0123867 0.0187449 0.0266446 0.035851 0.0457693 0.0554068 0.0636065 0.0694544 0.0725599 0.0730368 0.0712923 0.0678275 0.0631293 0.0576226 0.0516461 0.0454496 0.0392109 0.0330623 0.0271163 0.0214902 0.0163225 0.0117696 0.00797664 0.00503109
 0.00758795 0.0123572 0.0186603 0.026467 0.0355497 0.0453414 0.0548919 0.0630832 0.0690151 0.0722771 0.072939 0.0713618 0.0680172 0.0633874 0.0579109 0.051945 0.0457507 0.0395071 0.0333423 0.0273668 0.0217011 0.0164897 0.0118949 0.00806535 0.00509025
 0.0075713 0.0123337 0.0186294 0.0264263 0.0354893 0.0452399 0.0547193 0.0628134 0.0686461 0.0718461 0.0725188 0.0710358 0.0678468 0.0633907 0.0580641 0.0522009 0.0460606 0.039833 0.0336582 0.027655 0.0219493 0.0166907 0.0120472 0.0081731 0.00516104
 0.00758255 0.0123535 0.0186621 0.0264765 0.0355607 0.0453317 0.0548221 0.0629057 0.0686954 0.0718165 0.0723866 0.0708055 0.0675568 0.0631026 0.0578386 0.0520755 0.0460405 0.039898 0.0337769 0.0277971 0.022091 0.0168164 0.0121486 0.00824782 0.00521149
 0.00757106 0.0123358 0.0186377 0.0264461 0.035527 0.0452999 0.0547992 0.0628987 0.0687072 0.0718416 0.0724088 0.0708021 0.0675091 0.0630076 0.0577151 0.0519581 0.0459645 0.0398843 0.0338254 0.0278908 0.022206 0.0169305 0.0122468 0.00832311 0.00526346
 0.00749413 0.0122225 0.018489 0.0262708 0.0353394 0.0451162 0.0546344 0.0627663 0.0686188 0.0718055 0.0724274 0.0708686 0.0676068 0.0631142 0.0578112 0.0520358 0.0460304 0.0399542 0.0339136 0.0280014 0.0223313 0.0170559 0.0123576 0.00841018 0.00532469
 0.00745033 0.0121537 0.0183904 0.0261412 0.0351825 0.0449429 0.054463 0.0626198 0.0685181 0.0717626 0.0724418 0.0709298 0.0676992 0.0632214 0.0579187 0.0521328 0.0461125 0.0400243 0.0339803 0.0280733 0.0224115 0.0171402 0.0124375 0.00847736 0.00537462
 0.00725942 0.0118709 0.0180162 0.0256942 0.0346947 0.0444509 0.0540027 0.0622244 0.0682187 0.071586 0.0724054 0.0710361 0.0679331 0.0635531 0.0583097 0.0525445 0.0465129 0.0403921 0.0343054 0.0283539 0.0226496 0.0173378 0.0125952 0.00859593 0.00545704
 0.00695171 0.0113524 0.017206 0.0245162 0.0331074 0.042488 0.0518036 0.0600272 0.066306 0.0702063 0.0717115 0.0710635 0.0686163 0.0647582 0.0598698 0.0542888 0.0482894 0.0420812 0.0358251 0.0296574 0.0237181 0.0181735 0.0132154 0.00902881 0.00573839
 0.0070222 0.0114092 0.0171826 0.0243093 0.032597 0.0415738 0.0504459 0.0582756 0.0643061 0.0681837 0.0699317 0.0697741 0.0679879 0.0648468 0.0606139 0.0555393 0.0498546 0.0437693 0.0374736 0.0311483 0.0249805 0.019178 0.0139658 0.00955281 0.006078
 0.00729335 0.0118507 0.0178422 0.0252155 0.0337327 0.0428454 0.0516662 0.0591866 0.0646506 0.0677986 0.0688171 0.0681039 0.0660584 0.062989 0.0591049 0.0545414 0.0493978 0.0437752 0.0378023 0.0316475 0.0255214 0.0196721 0.0143663 0.0098465 0.00627429
 0.00743503 0.0121028 0.018262 0.0258699 0.0346817 0.0441139 0.0532115 0.0608771 0.0662692 0.0690768 0.0694963 0.0680111 0.06517 0.0614526 0.0572013 0.0526003 0.0477019 0.0424941 0.036976 0.0312144 0.0253684 0.0196816 0.0144456 0.00993757 0.0063492
 0.00732766 0.0119465 0.0180634 0.0256542 0.0344958 0.0440256 0.0533024 0.0612243 0.0669143 0.0699902 0.0705566 0.0690179 0.0658961 0.0617199 0.0569492 0.0519116 0.0467715 0.0415531 0.0362105 0.0307158 0.0251312 0.0196379 0.0145088 0.010036 0.00643968
 0.00733258 0.0119516 0.0180662 0.0256526 0.0344911 0.0440274 0.0533334 0.0613209 0.0671213 0.0703471 0.071077 0.0696675 0.0665807 0.0622974 0.0572706 0.0518786 0.0463826 0.0409094 0.0354748 0.0300476 0.0246319 0.0193327 0.0143642 0.00999401 0.00644674
 0.00719799 0.0117326 0.0177373 0.0251924 0.0338903 0.0432996 0.0525257 0.0605164 0.0664284 0.0698788 0.0709264 0.0698849 0.0671557 0.0631498 0.0582589 0.0528325 0.047153 0.0414165 0.0357285 0.0301266 0.0246372 0.0193405 0.0144057 0.0100628 0.00652127
 0.0070725 0.0115332 0.0174457 0.024794 0.0333761 0.0426704 0.0517976 0.0597271 0.0656387 0.0691693 0.0703882 0.0696052 0.0671986 0.0635355 0.0589479 0.0537252 0.0481101 0.0422988 0.0364391 0.0306352 0.0249725 0.0195595 0.0145605 0.010183 0.00661608
 0.00696778 0.0113686 0.0172084 0.0244757 0.032974 0.0421886 0.051249 0.0591343 0.0650324 0.0685859 0.0698704 0.0692032 0.0669692 0.0635328 0.0592055 0.054236 0.0488163 0.0431007 0.0372242 0.0313132 0.0254992 0.0199371 0.0148187 0.0103568 0.0067323
#obs surv len freq
 nan nan nan nan nan nan nan nan nan nan nan nan nan nan nan nan nan nan nan nan nan nan nan nan nan
 0.00448271 0.00734309 0.0111721 0.0159876 0.0216877 0.0279629 0.034277 0.0400087 0.0446889 0.0481537 0.0505127 0.0520098 0.0529032 0.0534167 0.0537318 0.0539874 0.0542664 0.0545595 0.0546984 0.0542904 0.0527284 0.0493603 0.0438096 0.0362891 0.027672
 0.00461142 0.00755448 0.0114938 0.0164458 0.0223005 0.0287305 0.0351719 0.0409731 0.0456429 0.0490108 0.0511966 0.0524654 0.0531025 0.0533584 0.0534378 0.0534944 0.0536176 0.0537972 0.0538615 0.0534154 0.0518538 0.0485289 0.0430658 0.0356703 0.0271991
 0.00477739 0.00782513 0.0119028 0.0170251 0.0230744 0.0297059 0.0363274 0.0422535 0.0469644 0.0502736 0.0522996 0.0533189 0.053638 0.0535361 0.0532496 0.0529623 0.0527867 0.0527267 0.0526175 0.052068 0.050478 0.0472048 0.0418729 0.0346745 0.0264366
 0.00496995 0.00814 0.0123801 0.0177032 0.0239828 0.0308535 0.0376904 0.0437711 0.048546 0.0518148 0.0536963 0.0544755 0.0544714 0.0539805 0.0532622 0.0525293 0.0519262 0.0514875 0.0510746 0.0503184 0.0486365 0.0453983 0.0402268 0.0332911 0.0253734
 0.00517827 0.00848273 0.0129035 0.018453 0.0249956 0.0321425 0.0392311 0.0454959 0.0503539 0.0535895 0.0553245 0.0558565 0.0555197 0.0546253 0.0534482 0.0522199 0.05111 0.0501855 0.0493471 0.0482682 0.0464065 0.0431598 0.0381554 0.0315331 0.0240142
 0.00541409 0.0088662 0.013481 0.0192686 0.0260834 0.0335148 0.0408647 0.0473264 0.0522823 0.0554993 0.0570985 0.0573878 0.0567168 0.0554126 0.0537653 0.0520207 0.0503657 0.0488939 0.0475455 0.0460479 0.0439186 0.0406043 0.0357502 0.0294674 0.0224041
 0.0056468 0.00924988 0.0140683 0.0201117 0.0272234 0.0349655 0.0425964 0.0492614 0.0543077 0.05749 0.0589371 0.0589742 0.0579677 0.0562585 0.0541472 0.051889 0.0496821 0.04764 0.0457388 0.043762 0.0412981 0.0378603 0.0331268 0.0271868 0.0206104
 0.00588649 0.00964263 0.0146654 0.0209635 0.0283706 0.0364242 0.0443427 0.051224 0.0563765 0.0595356 0.0608321 0.0606071 0.0592495 0.057122 0.0545418 0.051774 0.0490237 0.0464156 0.0439541 0.0414748 0.0386402 0.0350395 0.030397 0.0247888 0.0187083
 0.00612942 0.0100398 0.0152673 0.0218186 0.0295167 0.0378737 0.0460681 0.0531525 0.0583998 0.0615305 0.0626792 0.0622015 0.0605047 0.05797 0.0549311 0.051666 0.0483883 0.0452333 0.0422276 0.0392524 0.0360399 0.0322572 0.0276815 0.0223839 0.0167869
 0.00636386 0.0104262 0.0158585 0.022667 0.0306631 0.0393311 0.0478049 0.0550872 0.0604141 0.0634932 0.0644685 0.0637173 0.0616708 0.0587309 0.0552468 0.0515067 0.0477307 0.0440621 0.0405465 0.0371046 0.0335324 0.0295708 0.0250506 0.0200436 0.0149083
 0.00662111 0.010845 0.0164899 0.0235587 0.0318505 0.0408228 0.0495668 0.0570371 0.0624316 0.0654422 0.0662198 0.0651646 0.0627366 0.0593667 0.0554271 0.0512202 0.0469725 0.0428316 0.0388555 0.0349967 0.0311061 0.0269909 0.0225323 0.0178048 0.0131091
 0.00684265 0.0112115 0.017053 0.0243699 0.0329499 0.0422224 0.0512335 0.0588879 0.0643468 0.0672893 0.0678761 0.0665293 0.0637351 0.0599495 0.0555679 0.0509101 0.0462145 0.0416363 0.0372454 0.0330199 0.0288552 0.0246147 0.0202223 0.0157547 0.011462
 0.00705932 0.0115659 0.0175904 0.0251341 0.033975 0.043519 0.0527749 0.0606035 0.0661301 0.0690168 0.0694273 0.0678019 0.0646527 0.0604638 0.0556559 0.0505684 0.0454529 0.040474 0.0357133 0.0311711 0.0267797 0.0224471 0.0181313 0.0139085 0.00998316
 0.00728987 0.0119403 0.0181531 0.0259249 0.035021 0.0448213 0.0542955 0.062262 0.0678157 0.0706101 0.0708203 0.0689085 0.0654118 0.0608381 0.0556298 0.0501441 0.0446457 0.0393099 0.0342298 0.0294248 0.0248571 0.0204701 0.0162467 0.0122592 0.00867027
 0.00744724 0.0122063 0.0185717 0.0265428 0.0358767 0.0459282 0.0556261 0.0637436 0.0693424 0.0720654 0.0720979 0.0699251 0.0661101 0.0611854 0.0556138 0.0497687 0.0439269 0.0382737 0.0329141 0.0278854 0.0231748 0.0187535 0.0146223 0.0108464 0.00755139
 0.0075244 0.0123313 0.0187605 0.026813 0.0362483 0.0464227 0.0562614 0.0645259 0.0702573 0.0730716 0.0731282 0.0708952 0.0669335 0.0617877 0.0559414 0.0497917 0.0436366 0.03768 0.0320451 0.0267895 0.0219246 0.0174453 0.0133659 0.00974444 0.00667445
 0.00759126 0.0124348 0.0189067 0.0270047 0.036486 0.0467058 0.0565899 0.0649019 0.0706856 0.0735579 0.0736734 0.0714855 0.0675336 0.0623413 0.0563807 0.0500515 0.0436675 0.0374562 0.0315678 0.0260884 0.0210577 0.016495 0.0124276 0.00890756 0.00600161
 0.00765516 0.0125309 0.0190369 0.0271655 0.0366698 0.046903 0.0567912 0.0651006 0.0708801 0.0737543 0.0738851 0.0717288 0.0678183 0.0626607 0.0567056 0.0503321 0.0438442 0.0374747 0.0313943 0.0257195 0.0205244 0.0158582 0.011766 0.00829852 0.00550209
 0.00770464 0.0126088 0.0191489 0.0273143 0.036853 0.0471118 0.0570097 0.0653076 0.0710555 0.0738867 0.0739766 0.0717948 0.0678818 0.0627424 0.0568143 0.0504573 0.0439549 0.0375263 0.0313425 0.0255365 0.0202111 0.0154471 0.0113126 0.00786446 0.00513671
 0.00778211 0.0127255 0.0193071 0.02751 0.0370771 0.0473519 0.0572513 0.0655343 0.0712498 0.0740323 0.0740628 0.0718201 0.0678559 0.0626846 0.0567474 0.0503983 0.0439067 0.0374744 0.0312595 0.025394 0.0199944 0.0151644 0.0109944 0.00755271 0.00486892
 0.00782089 0.012788 0.0193999 0.0276377 0.0372401 0.0475441 0.0574582 0.0657351 0.0714227 0.0741613 0.0741408 0.0718487 0.0678418 0.0626375 0.0566787 0.0503202 0.0438283 0.0373972 0.0311746 0.0252859 0.0198492 0.0149799 0.0107842 0.00734174 0.00468319
 0.0078527 0.0128353 0.0194629 0.0277144 0.0373274 0.0476393 0.0575601 0.0658422 0.0715315 0.0742645 0.0742287 0.0719117 0.0678738 0.0626376 0.056651 0.050272 0.0437674 0.0373291 0.0310997 0.0251994 0.0197445 0.0148544 0.0106437 0.00720002 0.00455662
 0.00788567 0.0128821 0.0195209 0.0277766 0.0373843 0.0476826 0.0575851 0.06585 0.071528 0.074259 0.0742303 0.0719258 0.0679 0.0626698 0.0566807 0.0502918 0.0437734 0.0373202 0.0310762 0.0251605 0.0196888 0.0147821 0.010559 0.00711169 0.00447549
 0.0079107 0.0129215 0.0195774 0.0278508 0.0374735 0.0477793 0.0576768 0.0659216 0.0715666 0.0742595 0.0741979 0.0718742 0.0678453 0.0626246 0.0566498 0.0502731 0.0437604 0.037306 0.0310553 0.0251298 0.0196469 0.0147295 0.0104992 0.00705047 0.00441969
 0.00790229 0.0129089 0.0195606 0.0278308 0.0374525 0.0477605 0.0576637 0.0659169 0.0715708 0.07427 0.0742103 0.0718848 0.0678533 0.0626331 0.0566638 0.0502957 0.0437907 0.0373391 0.0310844 0.0251486 0.0196515 0.0147195 0.010477 0.0070214 0.00438965
 0.00790092 0.0129015 0.0195401 0.0277883 0.0373801 0.0476563 0.0575354 0.0657814 0.0714498 0.0741829 0.0741685 0.0718894 0.0678975 0.0627056 0.0567534 0.0503935 0.0438905 0.0374356 0.031172 0.0252217 0.0197058 0.0147533 0.010492 0.00702216 0.00438219
 0.00789311 0.0128876 0.0195167 0.0277508 0.0373233 0.047575 0.057427 0.065648 0.0713007 0.0740347 0.0740428 0.071807 0.0678718 0.0627389 0.056837 0.0505121 0.0440272 0.0375753 0.0313033 0.0253361 0.0197978 0.0148205 0.0105354 0.00704585 0.00439194
 0.00789169 0.0128824 0.0195036 0.0277241 0.0372772 0.0475057 0.0573344 0.0655362 0.0711767 0.0739079 0.0739235 0.0717074 0.0678049 0.0627159 0.0568638 0.0505863 0.0441383 0.037708 0.0314411 0.025465 0.0199077 0.014906 0.0105957 0.00708381 0.00441281
 0.00788087 0.0128644 0.0194754 0.0276827 0.0372195 0.0474297 0.05724 0.0654265 0.0710581 0.073789 0.0738146 0.0716186 0.0677449 0.0626918 0.0568799 0.0506437 0.0442333 0.0378314 0.0315794 0.0256032 0.0200326 0.0150086 0.0106723 0.00713544 0.00444406
 0.00784284 0.0128026 0.0193828 0.0275533 0.0370509 0.0472252 0.0570115 0.0651934 0.0708439 0.0736154 0.0736968 0.0715634 0.0677523 0.0627566 0.0569943 0.0507983 0.0444181 0.0380351 0.0317891 0.0258051 0.0202136 0.0151587 0.0107868 0.00721536 0.00449471
 0.00784246 0.0127945 0.0193568 0.0274956 0.0369474 0.0470677 0.0568029 0.0649492 0.0705892 0.0733789 0.0735046 0.0714346 0.0676967 0.0627747 0.057079 0.0509377 0.0445975 0.0382393 0.0320031 0.026014 0.0204038 0.0153196 0.0109125 0.00730524 0.00455324
 0.0077957 0.0127236 0.0192594 0.0273719 0.0367987 0.0468948 0.0566059 0.0647303 0.0703559 0.0731472 0.0732975 0.0712783 0.0676129 0.0627756 0.0571644 0.0510968 0.0448121 0.0384882 0.0322647 0.0262687 0.0206349 0.015515 0.0110656 0.00741571 0.00462608
 0.00778114 0.0126934 0.0192021 0.0272742 0.0366496 0.0466925 0.0563617 0.0644676 0.0701025 0.0729257 0.0731217 0.0711542 0.0675447 0.0627683 0.0572228 0.0512213 0.0449959 0.0387166 0.0325176 0.0265242 0.020873 0.0157201 0.0112287 0.00753492 0.00470569
 0.00775749 0.0126576 0.0191528 0.0272103 0.0365693 0.0465915 0.0562341 0.064309 0.0699153 0.0727227 0.0729242 0.0709861 0.067426 0.0627102 0.0572291 0.0512902 0.0451222 0.0388908 0.0327252 0.0267464 0.0210898 0.0159137 0.011387 0.00765311 0.00478602
 0.00771529 0.0125908 0.019056 0.0270804 0.0364072 0.0464032 0.0560314 0.0641078 0.0697312 0.0725663 0.0728006 0.0708976 0.0673754 0.0627029 0.0572705 0.0513831 0.0452643 0.0390745 0.0329384 0.0269732 0.021312 0.0161142 0.0115529 0.00777853 0.00487223
 0.0076862 0.0125403 0.0189742 0.0269568 0.0362338 0.0461793 0.0557678 0.0638269 0.0694628 0.0723396 0.0726368 0.0708062 0.0673554 0.0627466 0.0573682 0.0515263 0.0454459 0.0392871 0.0331722 0.0272148 0.0215457 0.0163243 0.0117273 0.00791128 0.00496418
 0.00769549 0.0125546 0.0189939 0.0269803 0.0362562 0.0461917 0.0557571 0.0637796 0.0693698 0.072202 0.0724682 0.0706294 0.067195 0.0626228 0.0572926 0.0515024 0.0454717 0.0393572 0.0332785 0.0273466 0.0216895 0.0164654 0.0118523 0.00801129 0.0050363
 0.00764619 0.0124812 0.0188959 0.0268622 0.0361262 0.0460595 0.0556324 0.0636697 0.0692782 0.072128 0.0724081 0.07058 0.0671572 0.0626025 0.0572988 0.0515428 0.0455494 0.0394699 0.0334192 0.0275047 0.0218523 0.0166195 0.0119862 0.00811736 0.00511254
 0.00763377 0.0124572 0.0188534 0.0267931 0.036025 0.0459273 0.0554799 0.0635158 0.0691442 0.0720299 0.0723511 0.070559 0.0671617 0.0626225 0.0573297 0.0515859 0.0456096 0.0395518 0.0335234 0.0276266 0.0219828 0.0167471 0.0120999 0.00820944 0.00517994
 0.0076095 0.012421 0.0188045 0.0267323 0.035953 0.0458436 0.0553827 0.0634046 0.0690229 0.0719088 0.0722458 0.0704849 0.0671281 0.0626296 0.0573702 0.0516502 0.0456904 0.0396455 0.0336286 0.0277412 0.0221017 0.0168625 0.0122031 0.00829354 0.00524202
 0.0075919 0.0123923 0.0187614 0.0266723 0.0358753 0.0457506 0.0552806 0.0633018 0.0689276 0.0718261 0.0721779 0.0704331 0.0670956 0.0626211 0.0573893 0.051697 0.045761 0.0397338 0.0337286 0.0278477 0.0222094 0.0169653 0.0122945 0.00836826 0.00529754
 0.00757316 0.0123625 0.0187178 0.0266127 0.0357988 0.0456579 0.055175 0.0631899 0.0688185 0.07173 0.0721031 0.0703847 0.0670748 0.0626269 0.0574198 0.0517504 0.0458351 0.039825 0.0338318 0.0279568 0.0223177 0.0170663 0.0123825 0.00843912 0.00534977
 0.00757233 0.012361 0.0187152 0.0266083 0.0357914 0.0456458 0.055156 0.0631616 0.0687794 0.0716801 0.072045 0.0703236 0.0670174 0.0625798 0.0573883 0.0517381 0.0458433 0.0398533 0.033878 0.0280164 0.0223849 0.0171345 0.0124452 0.00849165 0.00538959
 0.0075429 0.0123167 0.018655 0.0265339 0.0357066 0.045556 0.0550674 0.0630809 0.0687124 0.0716307 0.0720145 0.070311 0.0670206 0.0625969 0.0574186 0.0517811 0.0458989 0.0399208 0.0339552 0.0280997 0.0224695 0.0172147 0.0125157 0.00854864 0.00543166
 0.00752097 0.0122789 0.0185947 0.0264444 0.0355838 0.045402 0.0548933 0.0629056 0.0685581 0.0715162 0.0719505 0.0702985 0.0670533 0.0626648 0.0575109 0.0518888 0.0460155 0.0400415 0.0340763 0.0282178 0.0225802 0.0173135 0.0125988 0.00861349 0.00547823
 0.00750444 0.0122531 0.0185574 0.0263937 0.0355177 0.0453185 0.0547908 0.0627853 0.0684261 0.0713846 0.0718351 0.0702157 0.0670144 0.0626732 0.0575622 0.0519734 0.0461218 0.0401594 0.0341976 0.028336 0.0226901 0.0174107 0.0126797 0.00867616 0.00552298
 0.00751049 0.0122608 0.0185653 0.0263987 0.0355165 0.0453077 0.054768 0.0627491 0.0683754 0.0713191 0.0717568 0.0701302 0.066932 0.0626063 0.0575219 0.0519657 0.0461464 0.0402102 0.0342662 0.0284134 0.0227686 0.0174837 0.0127424 0.00872588 0.00555908
 0.00751547 0.0122702 0.0185815 0.0264244 0.0355528 0.0453531 0.0548167 0.0627918 0.068402 0.0713214 0.0717311 0.0700776 0.0668582 0.062521 0.0574369 0.0518934 0.0460964 0.0401875 0.0342697 0.0284378 0.0228059 0.0175261 0.0127832 0.00876049 0.00558536
 0.00749067 0.0122324 0.0185294 0.0263591 0.0354781 0.0452755 0.0547449 0.0627353 0.0683681 0.0713125 0.0717433 0.0701029 0.0668873 0.062547 0.0574575 0.0519107 0.0461158 0.0402146 0.034308 0.028487 0.0228621 0.0175831 0.012835 0.00880294 0.00561668
 0.00749067 0.0122324 0.0185294 0.0263591 0.0354781 0.0452755 0.0547449 0.0627353 0.0683681 0.0713125 0.0717433 0.0701029 0.0668873 0.062547 0.0574575 0.0519107 0.0461158 0.0402146 0.034308 0.028487 0.0228621 0.0175831 0.012835 0.00880294 0.00561668
 0.00713587 0.0116667 0.0177016 0.0252363 0.0340609 0.0436173 0.0529669 0.0610201 0.0669245 0.0703218 0.0713142 0.0702526 0.0675512 0.0636055 0.0587682 0.0533362 0.0475426 0.0415604 0.0355197 0.0295339 0.0237298 0.0182695 0.0133489 0.00916363 0.00585169
 0.00709499 0.0115626 0.0174753 0.0248096 0.033356 0.042588 0.0516293 0.0594649 0.0653054 0.0688253 0.0701233 0.0695128 0.0673443 0.0639356 0.059565 0.0544763 0.0488795 0.042954 0.0368561 0.0307333 0.024745 0.0190808 0.013959 0.00959246 0.00613116
 0.00730378 0.0119 0.0179745 0.0254869 0.0341913 0.0435032 0.0524786 0.0600567 0.065459 0.0684412 0.0692283 0.0682565 0.0659513 0.0626383 0.0585452 0.0538301 0.0486129 0.0430027 0.0371192 0.0311057 0.02514 0.0194398 0.0142507 0.00980778 0.00627619
 0.0073894 0.0120658 0.0182726 0.0259809 0.0349385 0.0445254 0.0537324 0.0614189 0.0667386 0.0694172 0.0697048 0.0681203 0.0652114 0.0614304 0.0570927 0.0523772 0.0473581 0.0420575 0.0365031 0.0307702 0.0250043 0.0194223 0.0142878 0.00985897 0.00632104
 0.00721917 0.0118072 0.0179205 0.0255511 0.0344739 0.0440998 0.0534462 0.0613788 0.0670193 0.0700191 0.0705314 0.0689945 0.0659305 0.0618364 0.0571278 0.0520985 0.0469053 0.041593 0.0361518 0.0305878 0.0249798 0.0195041 0.0144158 0.00998617 0.00642214
 0.00723731 0.0118152 0.0178934 0.0254546 0.0342761 0.0437901 0.0530518 0.0609695 0.0666945 0.06988 0.0706466 0.0693687 0.0664915 0.0624492 0.057639 0.0523936 0.0469514 0.0414435 0.0359127 0.0303652 0.0248395 0.0194599 0.0144431 0.0100475 0.00648618
 0.00710172 0.0116066 0.0176007 0.025073 0.0338054 0.0432328 0.0524168 0.0602812 0.0660034 0.0692671 0.0702133 0.0692125 0.0666697 0.0629498 0.0583735 0.0532213 0.0477285 0.0420721 0.0363659 0.0306761 0.0250657 0.0196481 0.014613 0.0101967 0.0066052
 0.00699251 0.0114187 0.0173 0.0246247 0.0331855 0.0424442 0.0515012 0.0593162 0.0650835 0.0684799 0.0696271 0.0688776 0.0666249 0.0632185 0.0589466 0.0540415 0.0486913 0.0430526 0.0372569 0.031417 0.0256461 0.0200895 0.0149446 0.0104413 0.00677799
 0.00699824 0.0114193 0.0172836 0.0245712 0.0330674 0.0422306 0.0511647 0.0588432 0.0644851 0.0677978 0.0689301 0.068249 0.0661456 0.0629537 0.0589366 0.054294 0.0491739 0.0436938 0.0379617 0.0320935 0.0262302 0.0205539 0.0152914 0.0106875 0.00694416
#pred catch len freq
 0.00318527 0.00517249 0.0078081 0.0111384 0.0152061 0.0200029 0.0254077 0.0311756 0.0369864 0.0425105 0.0474574 0.0516143 0.0548747 0.0572421 0.0588028 0.0596908 0.0600602 0.0600525 0.059724 0.0589304 0.057238 0.0539934 0.0486272 0.0410749 0.0320238
 0.00346873 0.00555866 0.00825377 0.0115636 0.0155246 0.0201654 0.02543 0.0311271 0.0369451 0.0425128 0.0474794 0.0515951 0.0547653 0.0570469 0.0585893 0.0595616 0.0601009 0.0602791 0.0600573 0.0592155 0.0573077 0.0537468 0.0480791 0.0403464 0.0312798
 0.00356804 0.00576214 0.00863148 0.0121903 0.0164421 0.0213354 0.0267103 0.0323029 0.0378124 0.0429655 0.0475396 0.0513695 0.0543692 0.0565554 0.0580414 0.0589933 0.0595643 0.0598245 0.0596934 0.0588858 0.0569105 0.0531933 0.047352 0.0395168 0.0304707
 0.00371826 0.00599206 0.00895713 0.0126332 0.0170436 0.0221648 0.0278483 0.0337914 0.0395897 0.0448337 0.0492053 0.0525502 0.0549035 0.0564461 0.0574164 0.0580277 0.0584181 0.0586155 0.0584908 0.0577083 0.0557376 0.051997 0.0461377 0.0383432 0.0294304
 0.00387768 0.00625061 0.00934451 0.0131756 0.0177591 0.0230593 0.0289159 0.035023 0.0409811 0.0463759 0.0508491 0.0541659 0.0562789 0.0573457 0.0576731 0.0576077 0.0574189 0.0572088 0.0568518 0.0559704 0.0539839 0.050281 0.0445135 0.0368814 0.0282073
 0.00404229 0.00651604 0.00974126 0.013734 0.0185077 0.0240196 0.0300927 0.0363953 0.0424996 0.0479709 0.0524434 0.055682 0.057629 0.0584146 0.0583172 0.057688 0.0568567 0.0560252 0.0551641 0.0539505 0.0518108 0.0481143 0.0424898 0.0351148 0.02678
 0.00425028 0.00684607 0.010224 0.0143958 0.0193698 0.0250962 0.0313843 0.037881 0.0441325 0.0496787 0.0541344 0.0572557 0.0589872 0.0594666 0.0589747 0.0578592 0.0564555 0.0550009 0.0535373 0.0518303 0.0493805 0.0455958 0.0401015 0.0330365 0.0251252
 0.00450983 0.0072549 0.0108157 0.0151955 0.0203934 0.0263475 0.0328497 0.0395231 0.0458892 0.0514683 0.0558639 0.0588285 0.0603113 0.0604588 0.0595612 0.0579718 0.0560295 0.053985 0.051919 0.0496683 0.0468233 0.042869 0.0374638 0.0307194 0.0232801
 0.00478742 0.00769635 0.0114626 0.0160821 0.0215432 0.027767 0.0345185 0.0413866 0.0478601 0.0534374 0.0577146 0.0604513 0.0616131 0.0613676 0.0600231 0.0579435 0.0554706 0.0528602 0.0502156 0.0474266 0.0441662 0.0400078 0.0346647 0.0282386 0.0212953
 0.00504679 0.00811304 0.0120816 0.0169449 0.0226838 0.0292039 0.0362417 0.0433472 0.0499679 0.0555692 0.05973 0.0622119 0.0630009 0.0622969 0.060442 0.0578249 0.0547997 0.0516277 0.0484258 0.0451227 0.0414612 0.0370985 0.0318093 0.0256958 0.0192525
 0.00531106 0.00853458 0.0127024 0.0178025 0.0238096 0.0306174 0.0379402 0.0452939 0.0520859 0.0577439 0.06182 0.0640664 0.0644807 0.0632927 0.0608839 0.0576806 0.0540639 0.050312 0.0465584 0.0427641 0.0387289 0.0341829 0.0289571 0.0231568 0.0172104
 0.00554912 0.00891957 0.0132789 0.0186132 0.0248903 0.031988 0.0395924 0.0471827 0.0541296 0.0598325 0.0638265 0.0658586 0.0659325 0.0642961 0.0613585 0.0575778 0.0533661 0.0490287 0.044726 0.0404554 0.0360693 0.0313604 0.026207 0.0207138 0.0152469
 0.0056758 0.00914757 0.0136639 0.0192234 0.0257948 0.0332356 0.0411893 0.0490792 0.0562233 0.0619844 0.0658824 0.0676699 0.0673731 0.0652717 0.0618077 0.0574672 0.0526851 0.0477876 0.0429613 0.038241 0.0335309 0.0286806 0.023608 0.0184135 0.0134027
