SBPRF35
12.7214
Curr Bio
908971
B35
856551
F35
0.171818
FOFL
0.171818
OFL
127601
Bzero
3.63469e+006
#pred survey bio
 3.13928e+006 2.72741e+006 2.47101e+006 2.21555e+006 1.98324e+006 1.74692e+006 1.55933e+006 1.39615e+006 1.21697e+006 1.11059e+006 976645 871119 791260 713268 646184 624412 605463 573217 546352 539538 536485 537449 528861 547269 544744 541318 549327 548070 572532 582356 601616 607324 605884 611388 616453 620500 630375 636382 638908 643873 656743 664578 659754 664733 675981 680250 679596 687873 699113 730620 759953 805942 853119 898752 912721 914950 2.10407e+007 1.926e+007 1.95777e+007 2.03453e+007 2.13959e+007 2.25446e+007 2.36564e+007 2.46526e+007 2.54999e+007 2.61952e+007 2.67515e+007 2.71888e+007 2.75287e+007 2.77909e+007 2.79923e+007 2.81468e+007 2.82654e+007 2.83566e+007 2.8427e+007 2.84814e+007 2.85237e+007 2.85568e+007 2.85827e+007 2.86031e+007 2.86192e+007 2.8632e+007 2.86422e+007 2.86503e+007 2.86568e+007 2.8662e+007 2.86663e+007 2.86697e+007 2.86724e+007 2.86746e+007 2.86765e+007 2.86779e+007 2.86791e+007 2.86801e+007 2.86809e+007 2.86815e+007 2.86821e+007 2.86825e+007 2.86829e+007 2.86831e+007 2.86834e+007 2.86836e+007 2.86837e+007 2.86839e+007 2.8684e+007 2.86841e+007 2.86841e+007 2.86842e+007 2.86842e+007 2.86843e+007 2.86843e+007 2.86843e+007 2.86843e+007 2.86844e+007 2.86844e+007 2.86844e+007 2.86844e+007 2.86844e+007 2.86844e+007 2.86844e+007 2.86844e+007 2.86844e+007 2.86844e+007 2.86844e+007 2.86844e+007 2.86844e+007 2.86844e+007 2.86844e+007 2.86844e+007 2.86844e+007 2.86844e+007 2.86844e+007 2.86844e+007 2.86844e+007 2.86844e+007 2.86844e+007 2.86844e+007 2.86844e+007 2.86844e+007 2.86844e+007 2.86844e+007 2.86844e+007 2.86844e+007 2.86844e+007 2.86844e+007 2.86844e+007 2.86844e+007 2.86844e+007 2.86844e+007 2.86844e+007 2.86844e+007 2.86844e+007 2.86844e+007 2.86844e+007 2.86844e+007 2.86844e+007 0 0 0 0 0 0 0 0 0 0 0 0 0 0 0 0 0 0 0 0 0 0 0 0 0
#obs survey bio
 3.66861e+006 2.5937e+006 1.73267e+006 2.01193e+006 2.44428e+006 1.24794e+006 1.60112e+006 1.59032e+006 983498 1.09674e+006 796860 718023 766740 842606 556865 375576 608834 930888 489269 782606 534533 610166 581934 526155 600955 470589 572023 442935 595345 702386 566607 492087 731195 767710 631102 523248 577248 437637 644961 538239 513804 651672 699805 946847 495337 977531 525132 495296 620518 727519 700818 710130 1.14745e+006 969272 827192 1.02597e+006
#pred catch bio
 409734 286108 304283 299651 317177 285017 272277 291268 229773 254516 227180 201636 194559 178355 136274 133075 141020 131682 111997 107923 104121 111304 88869.8 107246 107139 97400.1 105319 84541.5 98129.5 90473.8 102067 107166 100294 100357 101471 97390.4 101999 106188 105018 99273.7 104253 114312 104737 99087.2 105129 109207 102205 101416 86919.3 92110.2 81240.1 83410.9 86902.8 115102 125416 127552 127601 127613 128626 132597 138835 145811 152523 158442 163364 167288 170321 172611 174307 175546 176441 177082 177537 177859 178085 178244 178355 178432 178486 178523 178549 178567 178579 178588 178594 178598 178601 178603 178604 178605 178605 178606 178606 178606 178607 178607 178607 178607 178607 178607 178607 178607 178607 178607 178607 178607 178607 178607 178607 178607 178607 178607 178607 178607 178607 178607 178607 178607 178607 178607 178607 178607 178607 178607 178607 178607 178607 178607 178607 178607 178607 178607 178607 178607 178607 178607 178607 178607 178607 178607 178607 178607 178607 178607 178607 178607 178607 178607 178607 178607 178607 178607 178607 178607 178607 178607 0 0 0 0 0 0 0 0 0 0 0 0 0 0 0 0 0 0 0 0 0 0 0 0 0
#obs catch bio
 246933 284790 306159 301174 318513 287225 274705 295128 231283 257633 229166 203956 196461 178245 135584 134550 142878 131459 112455 107989 104581 111801 88554.4 107599 107345 97393.2 105891 84508.5 98621.8 90109 101867 107146 100063 99631.9 101042 97259.9 101615 106321 105400 99422 104467 114509 104785 98452.4 104684 108416 101551 101182 86757.5 92355.7 81487.2 83860.4 86895.6 115381 125750 127568
#pred cpue bio
 3.09804e+006 2.68856e+006 2.43219e+006 2.17706e+006 1.9457e+006 1.71039e+006 1.52338e+006 1.36104e+006 1.18342e+006 1.07776e+006 945357 841178 762737 686733 621341 599755 581138 550170 524343 517799 514849 515874 507587 525601 523208 519944 527821 526659 550677 560546 579678 585435 584157 589763 594790 598616 608171 613861 616109 620962 633675 641522 637016 642180 653369 657534 656809 664718 675494 706281 735038 780252 826885 872043 885669 887498 2.0407e+007 1.86794e+007 1.88968e+007 1.95682e+007 2.0592e+007 2.17356e+007 2.28466e+007 2.38427e+007 2.469e+007 2.53853e+007 2.59416e+007 2.63789e+007 2.67188e+007 2.6981e+007 2.71824e+007 2.73369e+007 2.74555e+007 2.75467e+007 2.76171e+007 2.76715e+007 2.77138e+007 2.77469e+007 2.77728e+007 2.77932e+007 2.78093e+007 2.78221e+007 2.78323e+007 2.78404e+007 2.78469e+007 2.78521e+007 2.78564e+007 2.78598e+007 2.78625e+007 2.78647e+007 2.78666e+007 2.7868e+007 2.78692e+007 2.78702e+007 2.7871e+007 2.78716e+007 2.78722e+007 2.78726e+007 2.7873e+007 2.78732e+007 2.78735e+007 2.78737e+007 2.78738e+007 2.7874e+007 2.78741e+007 2.78742e+007 2.78742e+007 2.78743e+007 2.78743e+007 2.78744e+007 2.78744e+007 2.78744e+007 2.78744e+007 2.78745e+007 2.78745e+007 2.78745e+007 2.78745e+007 2.78745e+007 2.78745e+007 2.78745e+007 2.78745e+007 2.78745e+007 2.78745e+007 2.78745e+007 2.78745e+007 2.78745e+007 2.78745e+007 2.78745e+007 2.78745e+007 2.78745e+007 2.78745e+007 2.78745e+007 2.78745e+007 2.78745e+007 2.78745e+007 2.78745e+007 2.78745e+007 2.78745e+007 2.78745e+007 2.78745e+007 2.78745e+007 2.78745e+007 2.78745e+007 2.78745e+007 2.78745e+007 2.78745e+007 2.78745e+007 2.78745e+007 2.78745e+007 2.78745e+007 2.78745e+007 2.78745e+007 2.78745e+007 2.78745e+007 2.78745e+007 2.78745e+007 0 0 0 0 0 0 0 0 0 0 0 0 0 0 0 0 0 0 0 0 0 0 0 0 0
#obs cpue bio
 2.42074e+006 3.05222e+006 1.5143e+006 2.32479e+006 2.00513e+006 1.43904e+006 1.20693e+006 1.08254e+006 1.30601e+006 979237 1.1162e+006 721725 810658 975828 808571 375864 513819 698675 360397 451133 362822 529577 542208 459334 485348 579695 431706 634033 487689 743307 623630 662793 532701 772443 511130 539414 884788 619107 489356 766052 784428 765560 581957 818575 844693 672256 817612 785496 590683 591605 516070 685240 958528 897671 854569 961749
#pred surv len freq
 0.00468058 0.00767448 0.0116908 0.016755 0.0227671 0.0294065 0.0361083 0.0422074 0.0471847 0.0508288 0.0532119 0.0545523 0.0550942 0.0550523 0.054602 0.0538866 0.0530306 0.0521354 0.0512292 0.0501658 0.0485423 0.0457524 0.0412479 0.0349114 0.027282
 0.00528672 0.00857832 0.0129021 0.0182372 0.0244573 0.0312445 0.038048 0.0442013 0.0491531 0.0526418 0.0547037 0.0555675 0.0555426 0.0549415 0.0540281 0.0529875 0.0519243 0.0508715 0.0497756 0.0484422 0.0464899 0.0434062 0.0387673 0.0325409 0.0252607
 0.00546513 0.0089362 0.0135607 0.0193367 0.026107 0.0334529 0.0406773 0.046987 0.0517921 0.0548957 0.0564496 0.0567753 0.0562166 0.0550839 0.0536452 0.0521154 0.0506357 0.0492506 0.0478818 0.0462973 0.044107 0.0408442 0.0361679 0.0301118 0.023207
 0.00567875 0.00926972 0.0140434 0.0200035 0.0270116 0.0346754 0.0423082 0.0490798 0.0543024 0.0576437 0.0591445 0.0590988 0.057919 0.056037 0.0538337 0.0515945 0.0494927 0.0475835 0.0457874 0.0438667 0.041434 0.0380495 0.0334175 0.0276038 0.0211207
 0.00595813 0.00971451 0.0146943 0.0208899 0.0281451 0.0360441 0.0438763 0.0507993 0.0561322 0.0595574 0.0611084 0.0610308 0.0596641 0.0573893 0.0545971 0.0516431 0.0487951 0.0461898 0.0437998 0.0414159 0.0386733 0.0351586 0.0306027 0.0250748 0.0190459
 0.0062999 0.0102682 0.015523 0.0220487 0.029667 0.0379205 0.0460374 0.0531129 0.0584298 0.061679 0.0629432 0.0625289 0.0608142 0.0581756 0.0549663 0.0515038 0.0480519 0.0447889 0.0417596 0.0388341 0.0357179 0.0320518 0.0275942 0.0224016 0.0168814
 0.00650763 0.0106214 0.0160836 0.0228849 0.0308402 0.0394623 0.0479267 0.0552645 0.060703 0.0639042 0.0649533 0.0641887 0.0620389 0.0589318 0.0552517 0.0513155 0.0473656 0.0435653 0.039978 0.0365331 0.0330209 0.0291638 0.0247682 0.019882 0.0148447
 0.00666713 0.0108879 0.0164994 0.0234973 0.0316966 0.0405992 0.0493551 0.0569577 0.0625916 0.0658795 0.0668781 0.0659149 0.0634304 0.0598867 0.0557128 0.0512646 0.0468048 0.0424997 0.0384167 0.0345127 0.0306372 0.0265873 0.0222249 0.0176012 0.0129964
 0.00701676 0.0114387 0.0172957 0.0245684 0.0330522 0.042223 0.0511965 0.0589297 0.0645814 0.0677672 0.0685535 0.0672854 0.0644212 0.0604407 0.0557928 0.0508553 0.0459111 0.0411415 0.0366271 0.0323473 0.0281937 0.0240199 0.0197337 0.0153902 0.011217
 0.00710326 0.0115995 0.0175747 0.0250187 0.0337231 0.0431409 0.0523481 0.0602592 0.0660054 0.0691964 0.0699089 0.0685009 0.0654379 0.0612006 0.0562378 0.0509324 0.0455805 0.0403842 0.0354518 0.030798 0.026359 0.0220371 0.0177762 0.0136332 0.00979213
 0.00735596 0.0120068 0.0181815 0.0258649 0.0348371 0.0445273 0.0539728 0.0620401 0.0678173 0.0708915 0.0713452 0.0695703 0.0660832 0.0614153 0.0560497 0.0503799 0.0446949 0.0391863 0.0339618 0.029054 0.0244346 0.0200485 0.0158708 0.0119576 0.00845263
 0.00745156 0.0121852 0.0184922 0.0263679 0.0355888 0.045558 0.0552666 0.0635294 0.0693952 0.0724344 0.0727329 0.0706978 0.066869 0.0618091 0.0560374 0.0499803 0.0439474 0.0381368 0.0326561 0.0275432 0.0227885 0.0183651 0.0142702 0.0105582 0.00733867
 0.00737734 0.0120894 0.0183961 0.0263125 0.0356309 0.0457607 0.0556861 0.0641999 0.0703151 0.0735566 0.0739661 0.0719218 0.0679581 0.0626554 0.0565653 0.0501519 0.04376 0.0376154 0.0318453 0.0265027 0.0215937 0.0171092 0.013058 0.00948908 0.00648322
 0.00754073 0.0123184 0.0186745 0.026606 0.0359025 0.0459927 0.0558951 0.0644349 0.0706366 0.074009 0.0745566 0.0726131 0.0686766 0.0633084 0.0570613 0.0504176 0.043751 0.0373202 0.0312831 0.0257198 0.0206591 0.0161091 0.0120861 0.00863081 0.00579704
 0.00802221 0.0130329 0.0196205 0.0277315 0.0371125 0.0471674 0.0569105 0.0651849 0.0710585 0.0741051 0.0743958 0.0723042 0.0683249 0.0629773 0.0567587 0.0501069 0.0433763 0.0368314 0.0306544 0.0249575 0.0198015 0.0152193 0.0112384 0.00789318 0.00521436
 0.00798448 0.013022 0.0196941 0.0279662 0.0375732 0.0478649 0.0577725 0.0660649 0.0717866 0.0745549 0.0745291 0.0721741 0.0680408 0.0626561 0.0564825 0.0499027 0.0432186 0.0366642 0.0304196 0.0246194 0.0193596 0.0147072 0.0107118 0.00741066 0.00481989
 0.00769455 0.0126012 0.0191582 0.0273716 0.0370132 0.0474541 0.0576235 0.0662564 0.072329 0.0753685 0.0754578 0.0730379 0.0687034 0.063068 0.0566779 0.0499582 0.0432045 0.0366147 0.0303314 0.0244717 0.0191383 0.0144208 0.0103917 0.00709918 0.00455421
 0.00779525 0.012711 0.0192267 0.0273264 0.036789 0.0470358 0.0570758 0.0657188 0.071969 0.0753152 0.0757496 0.0736087 0.0694108 0.0637497 0.0572089 0.0502846 0.0433402 0.0366099 0.0302373 0.0243203 0.0189445 0.0141951 0.0101514 0.00686882 0.00435749
 0.0079869 0.0130035 0.0196274 0.0278191 0.0373263 0.0475357 0.0574311 0.0658271 0.0717795 0.0748684 0.0751772 0.0730824 0.0690671 0.0636347 0.0572739 0.0504278 0.0434626 0.0366534 0.0301897 0.0241989 0.0187754 0.0140022 0.00995533 0.00668787 0.00420649
 0.00804234 0.013086 0.0197376 0.0279524 0.0374736 0.0476834 0.0575599 0.0659085 0.0717773 0.074749 0.0749301 0.0727399 0.0687067 0.0633537 0.057147 0.050472 0.0436343 0.0368751 0.0303879 0.0243293 0.018827 0.0139877 0.00989757 0.00661104 0.00413041
 0.00802804 0.0130702 0.0197271 0.0279574 0.0375038 0.0477429 0.0576428 0.0659994 0.0718547 0.0747906 0.0749164 0.0726596 0.0685634 0.0631729 0.0569743 0.0503579 0.0436108 0.0369394 0.0305058 0.0244536 0.0189201 0.0140331 0.00989917 0.00658408 0.00409224
 0.00796787 0.0129757 0.019592 0.0277802 0.0372904 0.0475092 0.0574157 0.065812 0.0717369 0.0747578 0.0749634 0.0727628 0.0686908 0.0632967 0.0570812 0.0504529 0.0437109 0.0370612 0.0306521 0.0246102 0.0190632 0.014142 0.00996561 0.006613 0.00409613
 0.00812677 0.0132035 0.0198778 0.0280939 0.0375904 0.0477556 0.0575811 0.0658865 0.0717258 0.0746767 0.0748325 0.0726014 0.0685127 0.0631093 0.0568881 0.0502595 0.043528 0.0369037 0.0305331 0.0245339 0.0190223 0.0141224 0.00995347 0.00660028 0.00408135
 0.00794588 0.0129373 0.0195284 0.027679 0.0371362 0.0472856 0.0571115 0.0654308 0.071306 0.0743307 0.0746097 0.0725466 0.0686471 0.0634191 0.0573287 0.05077 0.04405 0.0373943 0.030968 0.0249035 0.0193244 0.0143576 0.0101248 0.0067147 0.00415005
 0.00793852 0.0129245 0.0195081 0.027651 0.0371038 0.0472572 0.0570984 0.0654404 0.071333 0.0743533 0.0745977 0.0724797 0.0685301 0.0632831 0.0572153 0.0507113 0.0440558 0.0374536 0.0310597 0.0250064 0.0194232 0.0144428 0.0101916 0.00676188 0.00417962
 0.00800131 0.0130125 0.0196147 0.0277608 0.0371972 0.0473173 0.0571175 0.0654219 0.0712889 0.0742979 0.0745403 0.0724195 0.0684585 0.0631924 0.0571081 0.050603 0.0439683 0.0374035 0.031051 0.0250312 0.0194672 0.0144921 0.0102359 0.00679615 0.00420271
 0.0079156 0.0128865 0.0194491 0.0275641 0.036981 0.0470919 0.056889 0.0651954 0.0710744 0.0741147 0.0744149 0.0723764 0.068509 0.0633277 0.0573033 0.0508278 0.0441983 0.0376257 0.0312605 0.0252251 0.0196408 0.0146392 0.0103518 0.00687996 0.00425786
 0.00799179 0.0129907 0.0195702 0.0276804 0.0370683 0.0471335 0.0568827 0.0651517 0.0710067 0.0740303 0.0743139 0.0722581 0.0683802 0.0632043 0.0572037 0.0507643 0.044173 0.0376326 0.031291 0.0252711 0.0196952 0.014695 0.0104027 0.00692118 0.0042875
 0.00775123 0.0126292 0.019081 0.0270758 0.0363753 0.0463868 0.0561223 0.0644259 0.0703755 0.0735608 0.0740658 0.0722659 0.0686402 0.0636758 0.0578224 0.051461 0.0448871 0.0383175 0.0319138 0.025811 0.0201414 0.0150456 0.0106628 0.00710188 0.00440391
 0.00771103 0.0125492 0.0189346 0.0268329 0.036013 0.0459052 0.0555543 0.0638327 0.0698273 0.0731139 0.0737525 0.0720989 0.0686237 0.0638097 0.0580984 0.0518563 0.0453641 0.0388309 0.0324201 0.0262751 0.0205398 0.0153664 0.0109046 0.00727152 0.00451398
 0.00762483 0.012409 0.0187229 0.0265316 0.0356056 0.0453813 0.0549178 0.063111 0.0690755 0.0724106 0.0731843 0.0717387 0.0685122 0.063949 0.058459 0.0523895 0.0460129 0.0395361 0.033125 0.0269303 0.0211082 0.0158269 0.0112521 0.00751478 0.00467106
 0.00756951 0.0123328 0.0186329 0.026441 0.0355269 0.0453166 0.0548525 0.0630146 0.0689124 0.0721568 0.0728421 0.0713436 0.068126 0.0636426 0.0582907 0.0523891 0.0461771 0.0398341 0.0335092 0.0273477 0.0215105 0.0161777 0.011531 0.00771738 0.00480532
 0.00753591 0.0122814 0.0185623 0.0263539 0.0354314 0.0452267 0.0547854 0.062984 0.0689189 0.0721806 0.0728462 0.0712889 0.0679922 0.0634423 0.0580681 0.0522039 0.0460816 0.0398553 0.0336426 0.0275636 0.0217661 0.0164308 0.0117501 0.00788608 0.00492182
 0.00758215 0.0123297 0.0185859 0.0263131 0.0352864 0.0449568 0.0544051 0.0625448 0.0684941 0.0718404 0.0726351 0.0712135 0.068025 0.0635381 0.0581863 0.0523253 0.046212 0.0400146 0.0338468 0.0278123 0.0220402 0.0167006 0.011987 0.00807217 0.00505271
 0.00764976 0.0124356 0.0187359 0.0265045 0.0355024 0.045162 0.0545467 0.0625656 0.0683558 0.0715468 0.0722371 0.070792 0.0676583 0.0632739 0.0580328 0.0522631 0.0462142 0.0400629 0.0339351 0.0279385 0.0221972 0.0168718 0.0121512 0.0082108 0.00515608
 0.00766715 0.0124712 0.0188028 0.0266187 0.0356778 0.0454022 0.0548365 0.0628669 0.0686125 0.071698 0.0722372 0.0706289 0.0673611 0.0629042 0.0576615 0.0519459 0.0459793 0.0399135 0.0338612 0.0279267 0.0222337 0.0169411 0.0122355 0.00829287 0.00522371
 0.00770951 0.0125241 0.018854 0.0266493 0.035671 0.0453542 0.054764 0.0628028 0.0685904 0.0717331 0.072316 0.0707136 0.0674076 0.0628835 0.057573 0.0518157 0.045846 0.039811 0.0338079 0.0279247 0.0222737 0.0170083 0.0123137 0.00836774 0.00528532
 0.00771881 0.0125515 0.0189164 0.0267663 0.0358553 0.0455998 0.0550393 0.0630584 0.0687784 0.0718288 0.0723245 0.0706591 0.0673136 0.0627596 0.0574172 0.0516264 0.0456331 0.0395969 0.0336195 0.0277823 0.022185 0.0169683 0.0123095 0.00838381 0.00530822
 0.00764559 0.0124526 0.0188054 0.0266707 0.0358109 0.0456408 0.0551868 0.0633107 0.0691074 0.0721833 0.0726435 0.0708906 0.0674305 0.0627633 0.0573284 0.0514718 0.0454372 0.0393824 0.0334089 0.027597 0.0220407 0.0168711 0.012255 0.00836103 0.00530429
 0.00761831 0.0123969 0.0187025 0.0265001 0.0355617 0.045325 0.0548484 0.0630199 0.0689383 0.072185 0.0728199 0.0711993 0.0678007 0.0631217 0.0576208 0.051673 0.045548 0.0394198 0.0333968 0.0275599 0.0219993 0.0168391 0.0122381 0.00835789 0.00530963
 0.00750925 0.0122318 0.0184758 0.026213 0.0352186 0.0449314 0.0544125 0.0625603 0.0684934 0.0718145 0.0725934 0.0711727 0.0679916 0.0634991 0.0581149 0.0522003 0.0460378 0.0398293 0.0337126 0.0277899 0.0221614 0.0169527 0.0123186 0.00841534 0.00534997
 0.00740035 0.0120646 0.0182428 0.0259151 0.0348655 0.0445413 0.0540105 0.0621752 0.0681516 0.0715364 0.0723948 0.0710711 0.0680087 0.0636532 0.058407 0.0526038 0.0465017 0.040294 0.0341286 0.0281293 0.0224186 0.0171369 0.0124453 0.00849963 0.00540413
 0.00736884 0.0120152 0.0181721 0.0258211 0.0347486 0.0444045 0.0538597 0.062019 0.0679989 0.0713939 0.0722659 0.0709581 0.0679182 0.0635996 0.0584108 0.0526823 0.0466574 0.0405092 0.0343703 0.0283615 0.0226151 0.0172865 0.0125497 0.00856766 0.00544605
 0.00740643 0.0120497 0.0181754 0.0257523 0.0345666 0.0440875 0.0534209 0.0615076 0.0674861 0.0709501 0.0719422 0.0707778 0.0678792 0.0636834 0.0585933 0.0529416 0.0469754 0.0408674 0.0347451 0.0287243 0.0229379 0.0175497 0.0127463 0.00870252 0.00553118
 0.00741003 0.0120562 0.0181848 0.0257601 0.0345594 0.0440391 0.0532943 0.0612675 0.0671187 0.0704801 0.0714339 0.0703169 0.0675426 0.0635164 0.0586021 0.0531023 0.0472495 0.041214 0.0351263 0.0291057 0.0232892 0.0178475 0.0129779 0.00886721 0.005638
 0.0074207 0.0120779 0.018225 0.0258283 0.0346631 0.0441784 0.053456 0.0614216 0.0672209 0.0704829 0.0713039 0.070052 0.0671802 0.063124 0.0582551 0.0528591 0.0471367 0.0412264 0.0352369 0.0292779 0.0234858 0.0180373 0.0131392 0.00898948 0.00572113
 0.00753832 0.0122489 0.0184454 0.0260822 0.0349286 0.0444359 0.0536937 0.0616335 0.0673995 0.0706116 0.0713553 0.069995 0.0669943 0.0628143 0.0578585 0.0524362 0.0467531 0.0409319 0.0350532 0.0291986 0.0234857 0.018084 0.0132034 0.00905051 0.00576853
 0.00756919 0.0123039 0.0185359 0.0262189 0.0351158 0.0446646 0.0539381 0.0618565 0.0675668 0.0707053 0.0713773 0.0699577 0.0669071 0.0626772 0.057668 0.0521983 0.0464912 0.0406825 0.0348527 0.0290689 0.0234281 0.0180827 0.0132346 0.00909236 0.00580642
 0.00757379 0.012311 0.0185465 0.0262353 0.0351427 0.0447096 0.0540102 0.0619616 0.0677013 0.0708532 0.0715137 0.0700581 0.0669558 0.0626695 0.057607 0.0520906 0.0463472 0.0405196 0.0346946 0.0289398 0.0233434 0.0180442 0.0132319 0.00910973 0.00582949
 0.0074735 0.0121485 0.0183039 0.0258984 0.0347071 0.0441885 0.0534413 0.0614067 0.0672357 0.0705459 0.0714082 0.0701612 0.0672377 0.0630756 0.0580737 0.0525609 0.0467797 0.0408921 0.0350024 0.0291903 0.023549 0.018215 0.0133727 0.00922086 0.00591093
 0.00740097 0.0120333 0.0181351 0.0256671 0.034407 0.0438182 0.053008 0.0609307 0.0667527 0.0701054 0.0710665 0.0699696 0.067229 0.0632527 0.058408 0.0530002 0.0472636 0.0413666 0.0354303 0.0295535 0.0238447 0.0184485 0.0135519 0.0093531 0.00600305
 0.00719404 0.011713 0.0176837 0.0250801 0.0336947 0.0430073 0.0521431 0.0600734 0.0659737 0.0694725 0.0706347 0.0697756 0.0672906 0.0635673 0.0589505 0.0537218 0.0480964 0.0422348 0.0362635 0.0302985 0.0244702 0.0189445 0.0139237 0.00961561 0.00617649
 0.00706444 0.0114934 0.0173378 0.0245714 0.0329977 0.0421239 0.0511165 0.058988 0.0649377 0.0685917 0.0699899 0.0694145 0.0672299 0.0638005 0.0594519 0.054449 0.0489902 0.0432219 0.0372642 0.0312384 0.0252918 0.0196141 0.0144326 0.0099757 0.00641262
 0.00705418 0.0114595 0.017254 0.0244 0.0326959 0.0416553 0.0504651 0.0581693 0.0640026 0.0676226 0.0690886 0.0686834 0.0667517 0.0636238 0.0595873 0.0548732 0.0496535 0.0440553 0.0381862 0.0321642 0.0261452 0.0203392 0.0150006 0.0103854 0.00668397
 0.00710965 0.0115633 0.0174331 0.0246815 0.0330923 0.0421453 0.0509798 0.0585986 0.0642251 0.0675469 0.0686868 0.0680018 0.0658975 0.0627347 0.0587976 0.054285 0.0493213 0.0439831 0.0383357 0.0324688 0.0265273 0.0207267 0.0153405 0.0106496 0.00686798
 0.00705376 0.0114992 0.0173869 0.0246966 0.0332205 0.0424297 0.0514364 0.059201 0.0648991 0.0681779 0.0691433 0.0681719 0.0657265 0.0622473 0.0580919 0.0535017 0.048601 0.0434304 0.0379998 0.0323436 0.0265657 0.0208631 0.0155115 0.0108091 0.0069918
#obs surv len freq
 0.00497228 0.00814311 0.0123835 0.0177062 0.0239848 0.0308542 0.0376904 0.0437717 0.0485489 0.051821 0.0537055 0.0544863 0.0544816 0.0539876 0.0532648 0.0525273 0.0519206 0.0514797 0.0510659 0.0503096 0.0486283 0.0453909 0.0402204 0.0332858 0.0253695
 0.00517939 0.00848519 0.0129083 0.0184614 0.0250083 0.0321593 0.0392505 0.0455154 0.0503705 0.0536019 0.0553325 0.0558613 0.0555225 0.0546263 0.0534469 0.0522152 0.0511011 0.0501727 0.0493313 0.0482508 0.046389 0.0431432 0.0381408 0.0315211 0.0240051
 0.00541606 0.00886967 0.0134868 0.0192777 0.0260969 0.0335336 0.0408891 0.0473555 0.0523139 0.0555302 0.0571249 0.0574068 0.056727 0.0554143 0.0537596 0.0520091 0.0503491 0.0488728 0.0475206 0.0460203 0.0438898 0.0405765 0.0357251 0.0294465 0.0223882
 0.00564646 0.00924978 0.014069 0.0201141 0.0272286 0.0349744 0.0426098 0.0492795 0.0543302 0.057516 0.0589646 0.0590006 0.0579899 0.0562739 0.0541541 0.0518871 0.0496723 0.0476234 0.0457169 0.0437363 0.0412703 0.0378325 0.0331013 0.0271652 0.0205938
 0.00589929 0.0096618 0.0146912 0.0209951 0.0284065 0.0364625 0.0443818 0.0512622 0.0564122 0.0595675 0.0608586 0.0606271 0.0592619 0.0571257 0.054536 0.0517583 0.0489982 0.0463814 0.0439129 0.0414287 0.0385919 0.0349922 0.0303539 0.0247525 0.0186804
 0.00614378 0.0100641 0.0153055 0.0218746 0.0295925 0.0379681 0.0461748 0.0532608 0.0584973 0.0616071 0.0627289 0.0622238 0.0605022 0.0579468 0.0548913 0.0516128 0.0483241 0.0451602 0.0421478 0.0391684 0.0359554 0.0321764 0.027609 0.0223235 0.0167408
 0.00638883 0.0104649 0.0159134 0.0227393 0.0307528 0.0394372 0.0479245 0.055215 0.0605414 0.0636089 0.0645607 0.0637763 0.0616914 0.0587134 0.0551961 0.0514299 0.0476352 0.0439542 0.0404311 0.0369862 0.0334155 0.0294608 0.024953 0.019963 0.014847
 0.00661001 0.0108306 0.0164751 0.0235485 0.0318506 0.0408377 0.0495985 0.0570847 0.0624923 0.0655126 0.0662959 0.0652408 0.0628057 0.0594205 0.0554589 0.0512264 0.0469536 0.0427912 0.0387988 0.0349295 0.031034 0.0269197 0.0224673 0.0177501 0.0130671
 0.00682671 0.0111822 0.0170033 0.0242923 0.0328402 0.0420836 0.0510794 0.0587413 0.064233 0.067228 0.0678757 0.0665862 0.0638369 0.0600794 0.0557079 0.0510443 0.0463306 0.0417277 0.0373105 0.033061 0.0288772 0.024623 0.0202222 0.0157505 0.0114567
 0.00706609 0.0115776 0.0176091 0.0251606 0.0340076 0.0435519 0.0527976 0.0606045 0.0661021 0.0689623 0.0693594 0.0677391 0.0646116 0.0604529 0.0556735 0.0506058 0.0454975 0.0405142 0.0357413 0.0311835 0.0267776 0.0224344 0.0181131 0.0138896 0.0099668
 0.00726872 0.0119102 0.0181157 0.025885 0.0349849 0.0447953 0.0542834 0.0622635 0.0678262 0.0706216 0.0708248 0.0689023 0.065398 0.0608259 0.0556291 0.050161 0.0446794 0.0393534 0.0342739 0.0294614 0.0248819 0.0204827 0.0162498 0.0122565 0.00866539
 0.00741454 0.0121525 0.0184902 0.0264283 0.0357281 0.0457521 0.0554388 0.0635696 0.0692076 0.0719883 0.0720842 0.0699667 0.0661912 0.0612893 0.0557285 0.0498881 0.0440485 0.0383951 0.0330309 0.0279916 0.0232648 0.0188242 0.0146735 0.0108807 0.00757268
 0.00752891 0.0123345 0.0187575 0.0267963 0.0362093 0.0463544 0.0561615 0.0643992 0.0701161 0.0729343 0.0730154 0.0708237 0.0669118 0.0618135 0.0560047 0.0498789 0.0437359 0.0377828 0.0321456 0.0268829 0.0220066 0.0175124 0.0134168 0.00977988 0.00669705
 0.00761277 0.0124699 0.018959 0.0270767 0.0365763 0.0468069 0.0566872 0.0649753 0.0707153 0.0735322 0.0735936 0.0713665 0.0673985 0.0622141 0.0562793 0.0499841 0.0436333 0.0374487 0.0315787 0.0261097 0.0210829 0.0165191 0.0124475 0.00892185 0.00601064
 0.00767415 0.0125642 0.019091 0.027248 0.0367863 0.0470541 0.0569692 0.0652878 0.0710515 0.0738827 0.0739477 0.0717138 0.0677284 0.062513 0.0565263 0.0501494 0.0436802 0.037342 0.0312958 0.0256515 0.0204801 0.0158306 0.011749 0.00828796 0.00549541
 0.00773501 0.0126558 0.0192153 0.0274015 0.0369614 0.0472409 0.0571574 0.0654689 0.0712207 0.0740408 0.0741005 0.0718686 0.0678899 0.0626791 0.0566868 0.0502844 0.043762 0.0373384 0.0311779 0.0254045 0.0201127 0.015378 0.0112663 0.00783475 0.00511839
 0.00778734 0.0127374 0.0193311 0.027553 0.0371451 0.0474472 0.0573702 0.0656677 0.0713857 0.0741596 0.0741727 0.0719049 0.0679072 0.0626937 0.0567077 0.0503101 0.0437792 0.0373243 0.0311065 0.0252554 0.0198807 0.0150789 0.0109349 0.00751405 0.00484536
 0.00779778 0.012752 0.019349 0.0275724 0.0371642 0.047466 0.0573911 0.0656945 0.071422 0.0742065 0.0742283 0.0719664 0.0679728 0.062764 0.0567841 0.050392 0.04386 0.0373901 0.0311377 0.0252326 0.0197932 0.0149312 0.0107473 0.00731693 0.00466813
 0.00784199 0.0128126 0.0194195 0.0276396 0.0372123 0.0474824 0.0573715 0.0656449 0.0713559 0.0741406 0.0741778 0.0719418 0.0679779 0.0627968 0.0568393 0.0504623 0.0439371 0.0374631 0.0311929 0.0252551 0.0197718 0.0148641 0.010645 0.00719862 0.0045552
 0.00785919 0.0128436 0.0194709 0.0277173 0.0373178 0.0476078 0.0574977 0.0657447 0.0714045 0.0741265 0.0741084 0.0718391 0.0678698 0.0627065 0.0567796 0.0504356 0.0439375 0.0374801 0.0312132 0.0252651 0.0197602 0.0148259 0.0105833 0.00712416 0.00448158
 0.00790971 0.0129165 0.0195637 0.0278228 0.0374268 0.0477134 0.0575969 0.0658366 0.0714851 0.0741856 0.0741315 0.0718153 0.0677986 0.0626002 0.0566595 0.0503228 0.0438464 0.037415 0.0311693 0.0252326 0.0197283 0.0147868 0.0105352 0.00707098 0.00443034
 0.00791765 0.0129316 0.0195901 0.0278646 0.0374855 0.0477857 0.0576733 0.0659043 0.071533 0.0742096 0.0741347 0.0718035 0.0677753 0.0625658 0.056614 0.0502699 0.0437935 0.0373699 0.0311361 0.0252098 0.0197103 0.0147674 0.010511 0.00704247 0.00440123
 0.00789936 0.0129027 0.0195486 0.0278101 0.0374205 0.0477162 0.0576092 0.0658567 0.0715107 0.0742152 0.0741643 0.0718492 0.0678289 0.0626209 0.0566659 0.0503154 0.043831 0.0374 0.0311607 0.0252302 0.0197261 0.0147769 0.0105127 0.00703703 0.00439121
 0.00787041 0.0128508 0.0194619 0.0276757 0.0372292 0.0474691 0.0573229 0.0655635 0.0712516 0.0740285 0.0740751 0.0718642 0.0679373 0.0627996 0.0568868 0.0505518 0.0440616 0.0376103 0.0313428 0.0253807 0.0198446 0.0148648 0.0105728 0.00707374 0.00441039
 0.00790046 0.0128924 0.0195105 0.0277212 0.037257 0.0474625 0.0572673 0.0654511 0.0710856 0.073826 0.0738656 0.0716826 0.0678137 0.0627507 0.0569125 0.0506375 0.0441853 0.0377496 0.0314791 0.0255018 0.0199441 0.0149405 0.0106259 0.00710754 0.0044294
 0.00787803 0.0128612 0.0194729 0.0276821 0.0372207 0.0474301 0.0572339 0.0654063 0.0710183 0.0737298 0.0737437 0.0715495 0.0676922 0.0626657 0.0568831 0.050671 0.0442754 0.0378791 0.0316265 0.0256467 0.0200718 0.0150429 0.0107011 0.00715789 0.00445999
 0.00785193 0.0128163 0.0194015 0.0275769 0.0370787 0.0472563 0.0570441 0.0652245 0.0708682 0.0736258 0.0736869 0.0715303 0.0676996 0.0626939 0.0569341 0.0507514 0.0443897 0.0380247 0.0317922 0.0258163 0.0202285 0.0151745 0.0108016 0.00722786 0.00450422
 0.00783588 0.0127856 0.0193469 0.0274868 0.0369423 0.0470683 0.0568095 0.064961 0.0706043 0.0733947 0.0735182 0.0714425 0.0676954 0.0627626 0.0570577 0.0509123 0.0445749 0.0382251 0.0319996 0.0260199 0.0204159 0.0153343 0.0109267 0.00731731 0.00456234
 0.00779266 0.0127189 0.0192527 0.0273634 0.0367892 0.0468861 0.0566004 0.0647306 0.0703638 0.0731623 0.0733175 0.0712987 0.0676294 0.0627843 0.0571635 0.0510866 0.0447959 0.0384708 0.0322508 0.0262611 0.0206342 0.0155194 0.0110726 0.00742298 0.00463221
 0.00775688 0.0126567 0.0191522 0.0272121 0.0365786 0.0466172 0.0562882 0.0644031 0.0700544 0.0729005 0.0731227 0.0711811 0.0675927 0.0628299 0.0572892 0.0512848 0.0450514 0.0387623 0.0325546 0.0265547 0.0208992 0.0157429 0.0112479 0.0075501 0.0047167
 0.00773587 0.0126182 0.019086 0.0271057 0.0364195 0.0463975 0.0560095 0.0640794 0.069712 0.0725735 0.0728466 0.0709852 0.0674952 0.0628354 0.0573917 0.051471 0.0453038 0.0390598 0.0328734 0.0268705 0.0211895 0.0159909 0.0114441 0.00769323 0.00481236
 0.0077166 0.0125897 0.019048 0.0270585 0.0363624 0.0463266 0.0559169 0.0639555 0.06955 0.0723752 0.0726255 0.0707654 0.0673065 0.0627057 0.0573403 0.0515048 0.0454176 0.0392391 0.0330972 0.0271144 0.0214293 0.016206 0.0116206 0.00782546 0.00490259
 0.00769849 0.0125612 0.019007 0.0270041 0.0362954 0.04625 0.0558355 0.0638741 0.0694706 0.072295 0.0725384 0.0706667 0.0671985 0.0626006 0.0572579 0.0514661 0.0454372 0.0393207 0.0332326 0.0272862 0.0216153 0.0163841 0.0117739 0.00794449 0.004986
 0.00765409 0.0124923 0.0189097 0.0268774 0.0361418 0.0460761 0.0556527 0.063698 0.0693185 0.072181 0.0724697 0.070641 0.0672068 0.0626318 0.0573048 0.0515288 0.045522 0.0394347 0.0333782 0.0274571 0.0217977 0.0165603 0.0119277 0.00806572 0.00507214
 0.00762483 0.0124431 0.0188328 0.0267652 0.0359895 0.045885 0.0554332 0.0634696 0.0691057 0.0720073 0.072352 0.070587 0.0672146 0.062692 0.0574039 0.0516534 0.0456631 0.0395883 0.0335432 0.0276312 0.021974 0.0167279 0.0120743 0.00818258 0.00515632
 0.00761901 0.0124327 0.0188153 0.0267369 0.0359457 0.0458205 0.0553437 0.0633535 0.0689668 0.0718557 0.0722036 0.0704604 0.067126 0.0626511 0.0574121 0.051705 0.0457484 0.0396975 0.0336684 0.0277661 0.0221119 0.0168604 0.0121926 0.00827904 0.0052275
 0.00760364 0.0124124 0.0187932 0.0267185 0.0359364 0.0458226 0.0553536 0.0633621 0.0689619 0.0718266 0.0721454 0.0703766 0.0670282 0.062556 0.0573366 0.0516613 0.0457416 0.0397259 0.0337258 0.0278441 0.0222016 0.0169527 0.0122787 0.00835178 0.00528288
 0.00758603 0.0123831 0.0187481 0.0266545 0.0358534 0.0457257 0.0552542 0.0632753 0.0689011 0.0717977 0.0721437 0.0703897 0.0670431 0.0625652 0.0573407 0.0516678 0.0457601 0.0397634 0.0337842 0.0279201 0.022288 0.0170408 0.0123599 0.00841978 0.00533434
 0.00756117 0.0123443 0.0186927 0.0265809 0.0357615 0.045617 0.055133 0.06315 0.0687839 0.071703 0.0720843 0.0703726 0.0670661 0.0626182 0.0574106 0.0517438 0.0458373 0.0398425 0.0338676 0.0280089 0.0223798 0.0171302 0.0124405 0.00848619 0.00538406
 0.00754747 0.0123219 0.018659 0.0265336 0.0356989 0.0455396 0.0550436 0.0630539 0.0686883 0.0716155 0.0720127 0.0703238 0.0670458 0.0626289 0.05745 0.0518053 0.0459124 0.0399239 0.0339512 0.0280926 0.0224622 0.0172082 0.0125102 0.0085437 0.00542733
 0.00753164 0.0122978 0.0186258 0.0264913 0.0356484 0.045482 0.0549803 0.0629866 0.0686197 0.0715492 0.0719531 0.0702758 0.0670143 0.0626183 0.0574628 0.0518415 0.0459686 0.0399945 0.0340296 0.0281733 0.0225406 0.0172807 0.0125734 0.0085951 0.00546574
 0.00752656 0.0122873 0.0186057 0.0264571 0.0355962 0.0454109 0.0548944 0.0628944 0.0685313 0.0714737 0.0718954 0.0702378 0.0669956 0.0626184 0.0574816 0.0518788 0.0460234 0.0400639 0.0341089 0.0282566 0.0226219 0.017355 0.0126369 0.00864561 0.00550273
 0.00752406 0.0122839 0.0186016 0.0264522 0.0355897 0.0454003 0.0548756 0.0628632 0.0684855 0.0714152 0.0718307 0.0701756 0.0669442 0.0625831 0.057465 0.0518813 0.046044 0.0401007 0.0341589 0.0283153 0.0226838 0.0174146 0.0126894 0.00868804 0.00553407
 0.00750516 0.0122551 0.018562 0.0264024 0.035532 0.0453385 0.0548142 0.0628069 0.0684378 0.0713774 0.0718022 0.0701551 0.0669318 0.0625807 0.057475 0.0519056 0.0460829 0.0401528 0.0342211 0.0283834 0.022753 0.0174795 0.0127457 0.00873287 0.00556668
 0.00750869 0.0122602 0.0185685 0.0264097 0.0355391 0.0453443 0.054818 0.0628077 0.068435 0.0713701 0.0717892 0.0701355 0.0669053 0.0625488 0.0574412 0.0518749 0.0460606 0.0401428 0.0342251 0.0284003 0.0227793 0.0175107 0.0127769 0.00876024 0.00558797
 0.00750237 0.0122495 0.0185517 0.0263851 0.0355056 0.0453024 0.0547701 0.0627586 0.0683904 0.0713354 0.0717678 0.0701281 0.0669102 0.0625623 0.0574596 0.0518958 0.0460835 0.0401686 0.0342552 0.0284352 0.0228177 0.0175498 0.0128132 0.00879071 0.00561103
 0.00750237 0.0122495 0.0185517 0.0263851 0.0355056 0.0453024 0.0547701 0.0627586 0.0683904 0.0713354 0.0717678 0.0701281 0.0669102 0.0625623 0.0574596 0.0518958 0.0460835 0.0401686 0.0342552 0.0284352 0.0228177 0.0175498 0.0128132 0.00879071 0.00561103
 0.00742666 0.0121314 0.0183837 0.0261645 0.035236 0.0449955 0.054447 0.0624491 0.0681282 0.0711504 0.0716796 0.0701421 0.0670182 0.0627458 0.0576944 0.0521569 0.0463492 0.040423 0.0344879 0.0286405 0.0229927 0.0176931 0.0129249 0.00887246 0.00566661
 0.00734755 0.011997 0.0181713 0.0258517 0.0348081 0.0444563 0.0538279 0.061809 0.0675413 0.0706876 0.0713921 0.0700537 0.0671256 0.0630239 0.0581032 0.0526492 0.046878 0.0409474 0.0349765 0.0290721 0.0233556 0.0179832 0.0131442 0.00902803 0.00576918
 0.00723908 0.0118187 0.0178994 0.0254631 0.0342855 0.0437967 0.0530519 0.0609657 0.0667046 0.0699445 0.0708268 0.0697317 0.0670816 0.0632561 0.0585759 0.0533024 0.0476399 0.0417464 0.0357505 0.0297739 0.0239544 0.0184643 0.0135071 0.00928366 0.0059361
 0.00714199 0.0116553 0.0176435 0.0250871 0.0337672 0.0431287 0.0522517 0.0600788 0.0657991 0.069099 0.0701194 0.0692317 0.0668421 0.0633068 0.0589159 0.0538978 0.0484282 0.0426472 0.0366797 0.0306558 0.0247319 0.0191029 0.0139954 0.00963 0.00616279
 0.00706722 0.0115311 0.0174514 0.0248073 0.0333812 0.0426251 0.0516324 0.0593635 0.0650259 0.0683212 0.0693997 0.0686354 0.0664308 0.0631298 0.0590031 0.0542522 0.0490219 0.0434227 0.0375577 0.0315496 0.0255625 0.0198123 0.0145531 0.0100331 0.00642987
 0.0069761 0.0113833 0.0172293 0.024495 0.0329673 0.0421072 0.0510219 0.0586872 0.0643221 0.0676331 0.0687703 0.0681068 0.0660436 0.0629232 0.0590104 0.0544933 0.0494953 0.0440987 0.0383781 0.0324349 0.0264268 0.0205811 0.0151774 0.0104957 0.0067419
 0.0069247 0.0112975 0.017096 0.0243001 0.0326982 0.0417567 0.0505925 0.0581929 0.0637869 0.0670864 0.0682435 0.0676313 0.065651 0.062646 0.0588812 0.0545415 0.0497396 0.044538 0.038984 0.0331508 0.0271771 0.0212875 0.0157778 0.010957 0.00706198
 0.00700407 0.0114286 0.0172958 0.0245819 0.0330641 0.0421878 0.0510422 0.0585903 0.0640525 0.0671556 0.0680845 0.0672521 0.0650953 0.0619824 0.0581909 0.0539071 0.0492338 0.0442131 0.0388624 0.0332199 0.0273918 0.0215827 0.0160865 0.0112275 0.00726736
 0.00700851 0.0114512 0.0173583 0.0247142 0.0332971 0.0425405 0.0515095 0.0591359 0.0646119 0.0676466 0.0684238 0.0673738 0.0649672 0.061615 0.0576364 0.0532476 0.0485645 0.0436234 0.0384192 0.0329556 0.0273001 0.0216249 0.016207 0.0113716 0.00739621
#pred catch len freq
 0.00363707 0.00588948 0.00885554 0.012568 0.0170502 0.0222642 0.0280432 0.0340847 0.0400129 0.0454588 0.0501157 0.053777 0.0563639 0.0579256 0.0586087 0.0586139 0.0581627 0.0574582 0.0566084 0.0555075 0.0537453 0.0506706 0.0456874 0.0386708 0.0302203
 0.00409988 0.00657771 0.00977547 0.0136928 0.01834 0.0236911 0.0296005 0.0357656 0.0417732 0.0471889 0.0516498 0.054941 0.0570385 0.0580888 0.058333 0.0580219 0.0573621 0.056489 0.0554263 0.0540175 0.0518749 0.0484483 0.0432759 0.0363273 0.0282006
 0.00429561 0.00693737 0.01039 0.0146635 0.0197449 0.0255392 0.0318001 0.0381375 0.0441081 0.0493136 0.053455 0.0563611 0.0580155 0.0585616 0.0582619 0.0574193 0.0562956 0.0550465 0.0536711 0.0519708 0.0495462 0.0458952 0.040646 0.0338418 0.0260823
 0.00451052 0.00727218 0.0108734 0.0153301 0.0206494 0.0267651 0.0334445 0.0402631 0.0466792 0.052156 0.0562779 0.0588395 0.0598864 0.0596786 0.0585893 0.0569946 0.0551949 0.0533647 0.0515083 0.0494245 0.0467179 0.0429158 0.0376967 0.0311403 0.0238272
 0.00480514 0.00773389 0.011536 0.0162137 0.0217593 0.0280932 0.034973 0.0419743 0.0485643 0.0542097 0.058466 0.0610561 0.0619362 0.061311 0.059571 0.0571763 0.0545371 0.051921 0.0493918 0.0467806 0.0437171 0.0397582 0.0346114 0.0283612 0.0215427
 0.00512162 0.00823945 0.0122807 0.0172393 0.0230933 0.0297378 0.036892 0.044086 0.0507527 0.05635 0.0604545 0.0628228 0.0634318 0.0624743 0.0603028 0.0573452 0.0540179 0.0506444 0.047375 0.0441324 0.0406253 0.0364695 0.0314028 0.0254952 0.0192133
 0.00534447 0.00860663 0.0128437 0.0180528 0.0242087 0.0311899 0.0386814 0.046164 0.0530171 0.0586553 0.0626344 0.0647213 0.0649313 0.0635077 0.0608387 0.0573571 0.0534624 0.0494675 0.0455489 0.0416992 0.0377239 0.0333312 0.0283126 0.0227289 0.0169708
 0.00557753 0.00897955 0.0133956 0.0188209 0.0252275 0.0324869 0.0402667 0.0480175 0.0550779 0.0608185 0.0647575 0.0666423 0.0664956 0.0645943 0.0613762 0.0573183 0.0528445 0.048273 0.0437865 0.0394098 0.0350169 0.0304013 0.0254181 0.0201317 0.0148654
 0.00585703 0.00941817 0.0140276 0.0196711 0.0263115 0.0338106 0.0418206 0.0497688 0.0569661 0.0627562 0.0666354 0.0683379 0.0678847 0.0655661 0.0618462 0.0572369 0.0521957 0.0470671 0.0420553 0.0372147 0.0324687 0.0276753 0.0227417 0.0177378 0.0129286
 0.0060492 0.0097329 0.0145055 0.0203513 0.027224 0.0349646 0.043193 0.0513021 0.0585784 0.0643586 0.0681454 0.0696823 0.0689959 0.0663771 0.0622915 0.0572579 0.051749 0.0461331 0.0406452 0.0353799 0.0303115 0.0253542 0.0204566 0.0156905 0.0112703
 0.00630524 0.0101396 0.015101 0.0211679 0.0282863 0.0362834 0.0447539 0.053052 0.0604199 0.0661581 0.0697554 0.070972 0.0698771 0.0668138 0.0622885 0.056838 0.0509344 0.0449397 0.0390934 0.0335131 0.028215 0.0231625 0.0183404 0.0138199 0.00976949
 0.006406 0.0103192 0.0154012 0.0216393 0.0289795 0.0372337 0.0459653 0.0544881 0.0620054 0.0677883 0.0713076 0.0723185 0.0709025 0.0674332 0.0624608 0.0565658 0.0502503 0.0438898 0.037727 0.0318886 0.0264136 0.0212985 0.0165539 0.0122493 0.00851459
 0.00638611 0.010304 0.0154121 0.0217123 0.0291636 0.0375836 0.0465304 0.0552983 0.0630568 0.0690324 0.0726515 0.0736388 0.0720679 0.0683279 0.0630007 0.0567063 0.0499859 0.0432469 0.0367554 0.0306561 0.0250069 0.0198251 0.0151351 0.011 0.00751593
 0.00654978 0.0105364 0.0157009 0.0220287 0.0294755 0.0378759 0.0468183 0.0556259 0.0634786 0.0695882 0.0733462 0.0744331 0.0728841 0.0690659 0.063559 0.0570018 0.049967 0.0428992 0.0361002 0.0297463 0.0239219 0.0186647 0.0140077 0.0100044 0.00672009
 0.00688561 0.0110299 0.0163448 0.0227787 0.0302588 0.0386087 0.0474243 0.0560522 0.0637099 0.0696551 0.0733182 0.0743942 0.0728981 0.0691499 0.063678 0.0570839 0.0499307 0.0426787 0.0356635 0.0291024 0.0231189 0.0177805 0.0131339 0.00922586 0.00609519
 0.00687025 0.0110435 0.0164342 0.0230048 0.0306729 0.0392185 0.0481707 0.0568155 0.0643497 0.0700646 0.0734631 0.0743184 0.0726972 0.0689283 0.0635086 0.0569853 0.0498679 0.0425854 0.035473 0.0287746 0.0226551 0.0172219 0.0125474 0.00868194 0.00564715
 0.00666501 0.0107505 0.0160719 0.0226249 0.0303565 0.0390625 0.0482655 0.0572157 0.065043 0.0709552 0.0743892 0.075106 0.0732253 0.0691685 0.063517 0.0568572 0.0496857 0.0423873 0.0352535 0.0285074 0.022322 0.0168305 0.012132 0.00828942 0.00531816
 0.00674072 0.0108307 0.0161154 0.0225735 0.0301587 0.0387087 0.0478136 0.0567877 0.0647869 0.0709873 0.074745 0.0757219 0.0739606 0.0698591 0.0640352 0.0571492 0.0497703 0.0423224 0.0350966 0.0282939 0.0220675 0.016546 0.0118366 0.00801036 0.00508206
 0.00684624 0.0109901 0.0163294 0.0228261 0.0304113 0.0388984 0.0478628 0.0566312 0.0644112 0.07046 0.0742074 0.0753369 0.0738413 0.0700194 0.064392 0.0575705 0.0501356 0.0425627 0.0351987 0.0282797 0.0219696 0.0163954 0.0116608 0.00783491 0.00492835
 0.00688363 0.0110453 0.0164025 0.0229134 0.0305063 0.0389914 0.0479385 0.0566645 0.0643674 0.0703053 0.073931 0.0749738 0.0734755 0.0697566 0.0643114 0.0576862 0.050393 0.0428697 0.0354695 0.028463 0.0220536 0.0163957 0.0116054 0.0077531 0.00484434
 0.00685551 0.0110075 0.01636 0.0228754 0.0304833 0.0389908 0.0479606 0.056702 0.0644063 0.0703272 0.0739153 0.074904 0.0733493 0.0695965 0.0641646 0.0576071 0.0504157 0.0429894 0.0356448 0.0286387 0.022186 0.0164663 0.0116195 0.00772958 0.0048046
 0.00683494 0.0109741 0.0163101 0.022807 0.0303977 0.0388944 0.0478661 0.0566257 0.0643623 0.0703211 0.0739407 0.0749438 0.0733828 0.0696083 0.0641531 0.0575878 0.0504148 0.0430292 0.03573 0.0287525 0.0222994 0.0165535 0.0116688 0.00774452 0.00479738
