SBPRF35
12.7214
Curr Bio
765493
B35
887043
F35
0.168441
FOFL
0.144352
OFL
91548.1
Bzero
3.63469e+006
#pred survey bio
 3.60345e+006 3.48016e+006 3.36457e+006 3.1863e+006 2.97533e+006 2.75753e+006 2.51561e+006 2.28715e+006 2.05104e+006 1.83308e+006 1.60776e+006 1.42014e+006 1.24383e+006 1.08737e+006 996153 877588 795442 724885 685012 655311 626559 588873 578052 557739 541437 533239 536487 543670 550209 549418 555547 562059 565663 576676 591729 616014 633139 637238 648259 664181 670068 677718 686983 694794 696723 703933 703356 708025 713423 705359 705702 725636 747098 769910 2.69698e+007 1.6024e+007 1.61918e+007 1.70524e+007 1.84013e+007 1.99599e+007 2.15119e+007 2.2925e+007 2.41383e+007 2.51388e+007 2.59407e+007 2.65708e+007 2.70592e+007 2.74344e+007 2.7721e+007 2.79394e+007 2.81057e+007 2.82325e+007 2.83294e+007 2.84037e+007 2.84609e+007 2.85052e+007 2.85395e+007 2.85664e+007 2.85874e+007 2.8604e+007 2.86171e+007 2.86275e+007 2.86357e+007 2.86423e+007 2.86476e+007 2.86519e+007 2.86553e+007 2.86581e+007 2.86603e+007 2.86621e+007 2.86636e+007 2.86648e+007 2.86658e+007 2.86666e+007 2.86672e+007 2.86677e+007 2.86682e+007 2.86685e+007 2.86688e+007 2.8669e+007 2.86692e+007 2.86694e+007 2.86695e+007 2.86696e+007 2.86697e+007 2.86698e+007 2.86698e+007 2.86699e+007 2.86699e+007 2.867e+007 2.867e+007 2.867e+007 2.867e+007 2.867e+007 2.867e+007 2.86701e+007 2.86701e+007 2.86701e+007 2.86701e+007 2.86701e+007 2.86701e+007 2.86701e+007 2.86701e+007 2.86701e+007 2.86701e+007 2.86701e+007 2.86701e+007 2.86701e+007 2.86701e+007 2.86701e+007 2.86701e+007 2.86701e+007 2.86701e+007 2.86701e+007 2.86701e+007 2.86701e+007 2.86701e+007 2.86701e+007 2.86701e+007 2.86701e+007 2.86701e+007 2.86701e+007 2.86701e+007 2.86701e+007 2.86701e+007 2.86701e+007 2.86701e+007 2.86701e+007 2.86701e+007 2.86701e+007 2.86701e+007 2.86701e+007 2.86701e+007 2.86701e+007 0 0 0 0 0 0 0 0 0 0 0 0 0 0 0 0 0 0 0 0 0 0 0 0 0
#obs survey bio
 3.37977e+006 2.49818e+006 3.08481e+006 4.5905e+006 1.90577e+006 2.34165e+006 2.33631e+006 1.80092e+006 1.84323e+006 2.04186e+006 1.02302e+006 1.23461e+006 977937 950926 669337 790477 769040 652194 730845 585972 454597 592610 470840 425333 456871 525875 402704 613241 586559 517047 736695 514922 452215 629214 610394 614973 764740 596241 754924 612266 684351 418580 877538 692688 814587 599212 607871 737957 785572 869850 538500 684598 772733 786577
#pred catch bio
 104222 101965 166354 206789 226570 264507 269359 293311 292302 311770 287931 284587 270104 214689 237637 201831 187133 156680 145141 141756 146163 121063 127566 121734 112758 102150 98731.5 98869.5 103795 96661.3 95880.7 98352.2 92839.4 91148.9 85748.1 93865.6 105528 100055 97081.5 106407 105073 104003 105167 109240 104036 110831 106739 106478 117312 109215 92965.8 92230.1 89505 103369 91548.1 104515 104410 108594 116604 126252 135875 144543 151856 157751 162347 165841 168447 170362 171752 172752 173466 173973 174331 174583 174759 174883 174969 175029 175071 175100 175121 175134 175144 175151 175155 175159 175161 175162 175163 175164 175165 175165 175165 175165 175165 175166 175166 175166 175166 175166 175166 175166 175166 175166 175166 175166 175166 175166 175166 175166 175166 175166 175166 175166 175166 175166 175166 175166 175166 175166 175166 175166 175166 175166 175166 175166 175166 175166 175166 175166 175166 175166 175166 175166 175166 175166 175166 175166 175166 175166 175166 175166 175166 175166 175166 175166 175166 175166 175166 175166 175166 175166 175166 175166 0 0 0 0 0 0 0 0 0 0 0 0 0 0 0 0 0 0 0 0 0 0 0 0 0
#obs catch bio
 0 101581 166613 206542 226413 264814 268876 294511 293073 313185 291258 289096 275605 218371 243809 205606 189714 158152 146347 142533 148352 122244 129608 124115 114582 103273 100224 99807 104672 97123.5 95758.9 98586 93158.4 91557 86208.6 94456.8 105836 100595 97307.1 107173 105468 104554 105473 109696 103256 110750 107003 106831 117439 109091 92931.5 92514.7 89576.8 103476
#pred cpue bio
 3.55748e+006 3.43588e+006 3.32179e+006 3.14438e+006 2.93394e+006 2.71652e+006 2.47514e+006 2.24705e+006 2.01156e+006 1.79431e+006 1.57014e+006 1.38348e+006 1.20851e+006 1.05359e+006 963134 846491 765956 697071 658215 629323 601235 564403 553814 534087 518370 510640 513986 521186 527896 527493 533755 540251 543727 554356 568926 592579 609428 613536 624287 639839 645669 653233 662386 670263 672499 679662 678913 683329 688715 681028 681429 701015 722480 745896 2.61857e+007 1.55775e+007 1.56117e+007 1.63001e+007 1.75803e+007 1.91206e+007 2.06685e+007 2.20808e+007 2.32939e+007 2.42944e+007 2.50962e+007 2.57264e+007 2.62148e+007 2.659e+007 2.68766e+007 2.7095e+007 2.72613e+007 2.73881e+007 2.7485e+007 2.75593e+007 2.76165e+007 2.76607e+007 2.76951e+007 2.77219e+007 2.7743e+007 2.77596e+007 2.77727e+007 2.77831e+007 2.77913e+007 2.77979e+007 2.78032e+007 2.78074e+007 2.78109e+007 2.78136e+007 2.78159e+007 2.78177e+007 2.78192e+007 2.78204e+007 2.78213e+007 2.78221e+007 2.78228e+007 2.78233e+007 2.78237e+007 2.78241e+007 2.78244e+007 2.78246e+007 2.78248e+007 2.7825e+007 2.78251e+007 2.78252e+007 2.78253e+007 2.78253e+007 2.78254e+007 2.78255e+007 2.78255e+007 2.78255e+007 2.78255e+007 2.78256e+007 2.78256e+007 2.78256e+007 2.78256e+007 2.78256e+007 2.78256e+007 2.78256e+007 2.78256e+007 2.78256e+007 2.78256e+007 2.78257e+007 2.78257e+007 2.78257e+007 2.78257e+007 2.78257e+007 2.78257e+007 2.78257e+007 2.78257e+007 2.78257e+007 2.78257e+007 2.78257e+007 2.78257e+007 2.78257e+007 2.78257e+007 2.78257e+007 2.78257e+007 2.78257e+007 2.78257e+007 2.78257e+007 2.78257e+007 2.78257e+007 2.78257e+007 2.78257e+007 2.78257e+007 2.78257e+007 2.78257e+007 2.78257e+007 2.78257e+007 2.78257e+007 2.78257e+007 2.78257e+007 2.78257e+007 2.78257e+007 0 0 0 0 0 0 0 0 0 0 0 0 0 0 0 0 0 0 0 0 0 0 0 0 0
#obs cpue bio
 2.59789e+006 4.78154e+006 4.27645e+006 3.0342e+006 3.03614e+006 3.00557e+006 3.19672e+006 1.65174e+006 2.2529e+006 1.55459e+006 1.1732e+006 1.13818e+006 1.04012e+006 756491 1.05435e+006 824506 888699 709440 570530 742632 485572 461359 470076 420193 542459 515141 409391 566026 523716 578034 620831 468482 546239 453935 396619 560135 734651 438270 602247 506841 725599 844980 601244 626032 1.43365e+006 520480 540438 558142 888163 641961 711342 580095 740129 947861
#pred surv len freq
 0.00494094 0.00796708 0.0118896 0.016662 0.0221631 0.0281335 0.0341389 0.0396619 0.0442902 0.0478505 0.0503964 0.0520997 0.0531521 0.0537202 0.0539368 0.0539092 0.0537335 0.0534903 0.0531891 0.0526568 0.051444 0.0488796 0.044355 0.037734 0.0296055
 0.00508041 0.00812494 0.0120038 0.0166425 0.0219286 0.0276623 0.0335013 0.039005 0.0437755 0.0475817 0.0503828 0.052275 0.05343 0.0540473 0.0543135 0.054372 0.0543117 0.0541621 0.0538606 0.0531812 0.0516783 0.0487518 0.0439028 0.0370898 0.0289352
 0.00526373 0.00841623 0.0124244 0.0171937 0.0225765 0.0283236 0.0340478 0.0392988 0.0437304 0.0472156 0.0498189 0.0516845 0.052953 0.0537468 0.0541846 0.0543833 0.0544362 0.0543737 0.0541087 0.0533755 0.0517085 0.0485381 0.0434436 0.0364693 0.0282846
 0.00548319 0.00876717 0.0129419 0.0179066 0.0235009 0.0294512 0.0353279 0.0406252 0.0449453 0.0481412 0.0503116 0.0516898 0.0525293 0.0530389 0.0533617 0.0535787 0.0537201 0.0537578 0.0535611 0.0528345 0.0511009 0.0478111 0.0425985 0.035573 0.0274426
 0.00574279 0.0091778 0.0135391 0.0187175 0.0245411 0.0307197 0.0367986 0.042238 0.0466024 0.04971 0.0516353 0.05261 0.0529245 0.0528657 0.052676 0.0525174 0.0524498 0.052418 0.0522307 0.0515306 0.0498048 0.0465066 0.041305 0.0343541 0.0263844
 0.00601126 0.00960489 0.0141647 0.0195732 0.0256458 0.0320727 0.0383708 0.0439684 0.0484029 0.0514759 0.0532524 0.0539563 0.0538731 0.0533018 0.0525262 0.0517806 0.0512064 0.0508069 0.0504039 0.049613 0.0478817 0.0446396 0.0395579 0.0328038 0.025106
 0.00635037 0.0101383 0.0149346 0.0206079 0.0269572 0.0336511 0.0401775 0.0459313 0.0504227 0.0534399 0.0550485 0.0554796 0.0550249 0.0539874 0.0526597 0.0513018 0.0501046 0.0491383 0.0482882 0.0472096 0.0453602 0.0421612 0.0372688 0.0308279 0.0235285
 0.00665138 0.010623 0.0156554 0.0216103 0.0282712 0.0352785 0.0420783 0.0480199 0.0525801 0.0555366 0.0569647 0.0571135 0.0562913 0.0548107 0.052969 0.0510324 0.0492113 0.0476164 0.0461953 0.0446738 0.042569 0.0393352 0.0346273 0.0285527 0.0217325
 0.00697181 0.0111346 0.0164084 0.0226473 0.0296212 0.0369477 0.0440373 0.0501953 0.0548589 0.0577822 0.0590368 0.0588854 0.0576604 0.0557 0.0533218 0.0508035 0.0483636 0.0461324 0.0440993 0.0420577 0.0396052 0.0362626 0.0317096 0.0260216 0.0197354
 0.00730283 0.0116588 0.0171721 0.0236856 0.0309542 0.0385739 0.0459242 0.0522744 0.0570308 0.0599305 0.0610416 0.0606332 0.0590488 0.0566424 0.0537493 0.0506637 0.0476186 0.0447616 0.0421148 0.0395299 0.0366845 0.0331792 0.0287382 0.0234175 0.0176694
 0.00767897 0.0122595 0.0180557 0.0248982 0.0325208 0.0404845 0.0481198 0.0546441 0.059428 0.0622015 0.0630522 0.0622802 0.0602595 0.0573664 0.05395 0.0503121 0.046691 0.0432439 0.0400175 0.0369132 0.033684 0.0300127 0.0256771 0.0207239 0.0155254
 0.00796338 0.0127202 0.0187463 0.0258687 0.0338096 0.0421045 0.0500428 0.0567918 0.0616781 0.0644071 0.0650649 0.0639702 0.0615273 0.0581472 0.0542087 0.0500322 0.045864 0.0418673 0.0381052 0.0345186 0.0309261 0.0270866 0.0228318 0.018206 0.0135113
 0.00826446 0.0132009 0.0194539 0.0268426 0.0350757 0.0436662 0.0518693 0.0588112 0.0637828 0.0664684 0.0669507 0.0655584 0.0627168 0.0588649 0.0544121 0.0497053 0.0450094 0.0404991 0.036252 0.032239 0.0283311 0.0243516 0.0201801 0.0158604 0.0116336
 0.00860243 0.0137325 0.0202209 0.0278724 0.0363777 0.0452263 0.0536421 0.0607169 0.0657149 0.0683101 0.0685912 0.0669032 0.0636907 0.0594128 0.0544986 0.0493141 0.0441408 0.0391683 0.0344923 0.0301118 0.0259417 0.0218574 0.017777 0.0137427 0.00994112
 0.00862079 0.0137857 0.0203446 0.0281158 0.0367942 0.0458571 0.0545009 0.0617836 0.0669405 0.0696275 0.0699243 0.0681714 0.064812 0.0603069 0.0550921 0.049546 0.0439678 0.0385699 0.0334763 0.0287225 0.0242681 0.0200354 0.0159749 0.012127 0.00863457
 0.00877538 0.014041 0.0207364 0.0286809 0.0375632 0.0468438 0.0556894 0.0631214 0.0683429 0.0709921 0.0711494 0.0691727 0.0655324 0.0607172 0.0551833 0.0493186 0.0434233 0.0377109 0.0323144 0.0272925 0.0226409 0.0183225 0.0143161 0.0106602 0.00745939
 0.00888104 0.0141997 0.0209524 0.0289532 0.0378917 0.0472361 0.0561633 0.0636991 0.069038 0.0717952 0.0720206 0.0700449 0.0663242 0.0613505 0.0555966 0.0494718 0.0432961 0.0372978 0.0316238 0.0263523 0.0215077 0.0170862 0.0130905 0.0095594 0.00656788
 0.00906295 0.014476 0.0213314 0.0294284 0.0384422 0.0478302 0.056763 0.0642668 0.0695465 0.0722362 0.0724047 0.0703894 0.0666359 0.0616143 0.0557765 0.0495219 0.043174 0.0369746 0.03109 0.0256218 0.0206222 0.0161155 0.0121247 0.00868929 0.00586154
 0.00915533 0.0146127 0.0215122 0.0296445 0.0386794 0.0480732 0.0569992 0.0644876 0.0697475 0.0724181 0.0725749 0.070561 0.0668236 0.0618245 0.0559982 0.0497229 0.0433063 0.0369867 0.0309423 0.0252993 0.0201417 0.0155257 0.0114965 0.00809856 0.00536821
 0.00930856 0.0148373 0.0218046 0.0299846 0.0390355 0.0484107 0.0572882 0.064707 0.0698872 0.0724804 0.0725736 0.0705191 0.0667676 0.0617783 0.0559759 0.0497236 0.0433105 0.0369597 0.0308443 0.0250996 0.0198328 0.0151292 0.0110585 0.00767532 0.00500779
 0.00936571 0.0149445 0.0219906 0.030281 0.0394639 0.0489655 0.057924 0.0653431 0.0704296 0.0728532 0.0727408 0.0704889 0.0665809 0.0614915 0.0556449 0.0493917 0.0430014 0.0366752 0.0305683 0.0248091 0.0195111 0.0147772 0.0106971 0.00733704 0.00472352
 0.00953566 0.0152042 0.0223517 0.0307453 0.0400266 0.0496176 0.0586498 0.0661116 0.0711864 0.0735199 0.0732286 0.0707233 0.0665269 0.0611656 0.055109 0.0487308 0.0422988 0.0359932 0.0299408 0.0242448 0.0190052 0.0143241 0.0102984 0.00700156 0.00446038
 0.00950253 0.0151534 0.0222812 0.0306569 0.0399269 0.0495203 0.0585775 0.066095 0.0712592 0.073707 0.0735325 0.071114 0.0669436 0.0615337 0.0553649 0.0488433 0.042274 0.0358641 0.0297482 0.0240227 0.0187749 0.0140979 0.010086 0.00681357 0.0043067
 0.00946702 0.0151139 0.022255 0.0306698 0.0400048 0.0496764 0.0588029 0.0663604 0.0715268 0.0739471 0.0737331 0.071279 0.0670812 0.0616434 0.0554322 0.0488454 0.0421934 0.0356999 0.0295182 0.0237559 0.0185011 0.0138404 0.00986012 0.00662786 0.00416456
 0.00946271 0.0150982 0.0222167 0.0305968 0.0398917 0.0495339 0.058662 0.0662653 0.0715171 0.0740393 0.0739135 0.0715127 0.0673294 0.0618765 0.0556316 0.0489981 0.0422875 0.0357259 0.0294748 0.0236533 0.0183595 0.0136835 0.00970918 0.00649782 0.00406304
 0.00953917 0.0151969 0.0223175 0.0306645 0.039885 0.0494209 0.0584348 0.0659477 0.0711611 0.0737128 0.073682 0.07142 0.0673855 0.0620574 0.0558915 0.0492855 0.0425579 0.0359473 0.0296288 0.0237354 0.0183775 0.0136545 0.00965403 0.0064355 0.00400701
 0.00945124 0.0150707 0.0221576 0.030483 0.0396941 0.0492237 0.0582212 0.0657001 0.0708701 0.0733925 0.0733753 0.0711887 0.0672885 0.0621287 0.0561273 0.0496471 0.0429852 0.0363778 0.0300116 0.0240394 0.0185921 0.0137865 0.00972102 0.00645922 0.00400726
 0.00928532 0.0148175 0.0218085 0.0300434 0.0391849 0.0486802 0.0576899 0.0652314 0.0705053 0.0731523 0.073258 0.0711812 0.0673818 0.0623249 0.0564331 0.0500596 0.0434812 0.0369134 0.0305339 0.0245007 0.0189617 0.0140546 0.00989624 0.00656135 0.00405945
 0.0091691 0.0146299 0.0215293 0.0296567 0.0386846 0.0480777 0.0570214 0.0645576 0.0699011 0.0726878 0.0729809 0.0711071 0.0674967 0.0625971 0.0568271 0.0505445 0.0440298 0.0374959 0.0311135 0.0250367 0.0194184 0.0144107 0.010149 0.0067238 0.00415348
 0.00916216 0.0146124 0.0214907 0.0295818 0.0385551 0.0478762 0.056737 0.0641921 0.0694732 0.0722347 0.0725542 0.0707621 0.067279 0.062531 0.0569127 0.0507625 0.0443505 0.0378854 0.0315362 0.025456 0.0197998 0.0147275 0.010388 0.00688662 0.00425322
 0.0092047 0.0146605 0.0215244 0.0295693 0.0384614 0.0476755 0.0564243 0.0637854 0.0690078 0.0717535 0.0721007 0.070378 0.0670017 0.0623903 0.0569248 0.0509251 0.0446425 0.0382718 0.0319746 0.0259026 0.0202153 0.0150817 0.0106638 0.00708199 0.00437831
 0.00926529 0.0147511 0.0216446 0.0297104 0.0386043 0.0477907 0.0564744 0.0637329 0.0688279 0.0714461 0.0716954 0.0699267 0.0665654 0.0620246 0.0566714 0.0508078 0.0446657 0.038421 0.0322192 0.0262024 0.0205275 0.0153693 0.0109013 0.00725839 0.00449615
 0.00932303 0.0148428 0.0217784 0.029891 0.0388307 0.0480528 0.0567487 0.0639824 0.0690064 0.0715091 0.0716128 0.0696942 0.0662086 0.0615947 0.0562326 0.0504221 0.0443796 0.038258 0.0321785 0.0262623 0.0206533 0.0155229 0.0110499 0.00738092 0.00458431
 0.00933993 0.0148638 0.0217984 0.0299028 0.0388281 0.0480359 0.0567262 0.0639691 0.0690151 0.0715412 0.0716541 0.0697183 0.0661878 0.0615133 0.0560958 0.050256 0.0442228 0.0381479 0.0321391 0.0262975 0.0207483 0.0156507 0.0111821 0.00749549 0.00467023
 0.00928174 0.0147796 0.0216907 0.0297799 0.0387009 0.0479132 0.0566131 0.0638682 0.068931 0.0714837 0.0716347 0.0697437 0.0662524 0.0615987 0.0561779 0.0503172 0.0442605 0.0381752 0.0321764 0.0263612 0.0208422 0.0157656 0.0113006 0.00760049 0.00475123
 0.009081 0.0144774 0.0212814 0.029276 0.0381317 0.0473204 0.0560463 0.0633799 0.0685688 0.0712803 0.0716026 0.0698749 0.0665238 0.0619765 0.0566218 0.0507845 0.044714 0.0385899 0.0325426 0.0266807 0.0211207 0.0160055 0.0115001 0.00775629 0.00486307
 0.00902181 0.014373 0.0211101 0.0290147 0.0377638 0.0468475 0.055497 0.0628097 0.0680473 0.0708726 0.071353 0.0698013 0.0666195 0.0622172 0.0569726 0.0512054 0.0451647 0.0390345 0.0329544 0.0270443 0.0214304 0.0162611 0.0117033 0.00790973 0.00497109
 0.0090619 0.0144363 0.0212005 0.0291308 0.0378952 0.0469707 0.0555762 0.0628046 0.0679289 0.0706389 0.0710348 0.0694533 0.0663022 0.0619784 0.0568373 0.0511756 0.0452244 0.039158 0.0331134 0.0272141 0.0215928 0.0164052 0.0118234 0.00800368 0.00503938
 0.00903877 0.0144002 0.0211494 0.0290646 0.0378168 0.046886 0.0554925 0.0627273 0.0678565 0.0705612 0.070938 0.06933 0.0661607 0.0618438 0.0567427 0.0511487 0.0452768 0.0392828 0.0332894 0.0274143 0.0217918 0.0165838 0.0119705 0.00811552 0.00511783
 0.00891861 0.0142219 0.0209127 0.0287808 0.0375054 0.0465702 0.0551955 0.0624707 0.0676595 0.0704377 0.0708921 0.0693541 0.066238 0.0619563 0.0568795 0.0513091 0.0454669 0.0395066 0.0335422 0.0276809 0.022051 0.0168154 0.0121603 0.00825833 0.00521623
 0.00889865 0.0141858 0.0208522 0.0286871 0.037373 0.0464011 0.0550028 0.0622767 0.0674889 0.0703093 0.0708139 0.0693239 0.0662472 0.0619941 0.0569369 0.0513814 0.0455548 0.0396145 0.0336735 0.027833 0.0222138 0.0169737 0.0122996 0.00836882 0.0052953
 0.00885719 0.0141227 0.0207648 0.028575 0.037237 0.0462423 0.0548228 0.0620806 0.067288 0.0701222 0.0706633 0.0692298 0.0662206 0.0620338 0.0570313 0.0515143 0.0457114 0.0397845 0.0338511 0.0280138 0.0223916 0.0171393 0.0124429 0.00848243 0.00537703
 0.00870509 0.0139002 0.0204759 0.0282397 0.0368853 0.0459052 0.0545246 0.061836 0.0671039 0.0700003 0.0706032 0.0692317 0.0662855 0.0621619 0.0572188 0.0517509 0.0459811 0.0400695 0.0341351 0.0282841 0.0226382 0.0173541 0.0126196 0.00861779 0.0054724
 0.0085825 0.0137048 0.0201906 0.0278544 0.0364034 0.0453498 0.0539429 0.0612937 0.0666685 0.0697204 0.0704959 0.0692835 0.0664656 0.0624363 0.0575588 0.0521345 0.0463902 0.0404862 0.0345414 0.0286628 0.0229748 0.0176384 0.012846 0.00878628 0.00558837
 0.00871282 0.0138759 0.0203723 0.0279928 0.0364342 0.0452219 0.0536388 0.060838 0.0661212 0.0691607 0.0700025 0.0689172 0.0662582 0.0623884 0.0576476 0.0523263 0.0466508 0.0407864 0.0348568 0.0289724 0.0232607 0.0178863 0.0130469 0.00893751 0.00569323
 0.00880843 0.014026 0.0205861 0.028269 0.0367541 0.0455428 0.0538937 0.0609486 0.0660252 0.0688406 0.0694997 0.0683214 0.0656759 0.0619104 0.0573268 0.0521741 0.0466468 0.0408937 0.035035 0.0291854 0.0234788 0.0180874 0.0132164 0.00906825 0.00578539
 0.00879466 0.0140264 0.0206283 0.0283919 0.0369962 0.0459237 0.0543965 0.0615131 0.0665567 0.0692332 0.069666 0.0682198 0.065326 0.0613873 0.0567362 0.0516183 0.0461976 0.0405819 0.034856 0.029113 0.0234794 0.018129 0.0132738 0.00912428 0.00583077
 0.00867066 0.0138417 0.0203834 0.028103 0.0366965 0.0456616 0.0542298 0.0614967 0.0667222 0.069569 0.0701098 0.0686729 0.065686 0.0615841 0.056755 0.0514986 0.0460111 0.0404017 0.0347322 0.0290634 0.023495 0.0181865 0.0133475 0.00919475 0.005887
 0.00857982 0.0136948 0.0201648 0.0278008 0.0363086 0.0452029 0.0537396 0.0610383 0.066373 0.0693996 0.0701614 0.0689401 0.0661133 0.0620807 0.057224 0.0518695 0.0462596 0.0405476 0.0348198 0.0291359 0.0235774 0.0182823 0.0134465 0.00928341 0.00595621
 0.00866864 0.0138207 0.0203191 0.0279622 0.036446 0.0452835 0.0537368 0.0609392 0.0661844 0.0691513 0.0699032 0.0687298 0.0659972 0.0620753 0.0573083 0.0519949 0.0463723 0.0406126 0.034832 0.0291145 0.0235497 0.0182677 0.0134508 0.00930133 0.00597868
 0.0086641 0.0138198 0.0203291 0.0279917 0.0365001 0.0453572 0.0538112 0.0609841 0.0661686 0.0690569 0.0697355 0.0685192 0.0657911 0.0619227 0.0572422 0.0520203 0.0464658 0.0407351 0.0349469 0.0292022 0.023609 0.0183086 0.0134835 0.00933064 0.00600446
 0.00835849 0.0133685 0.0197352 0.0272897 0.0357487 0.0446252 0.0531644 0.0604768 0.0658366 0.0689117 0.069764 0.0686913 0.0660738 0.062291 0.0576823 0.0525221 0.0470128 0.0412986 0.0354897 0.0296884 0.0240149 0.0186266 0.013719 0.00949607 0.00611428
 0.00785808 0.0126153 0.0187157 0.0260353 0.0343321 0.0431493 0.0517523 0.0592605 0.0649374 0.0684144 0.0696967 0.0690233 0.0667309 0.0631802 0.0587138 0.0536224 0.0481264 0.0423816 0.0365028 0.0305949 0.0247849 0.0192432 0.014182 0.00982077 0.00632591
 0.0072484 0.0116773 0.0174051 0.0243522 0.0323255 0.0409201 0.0494555 0.0570976 0.0631272 0.0671473 0.0690935 0.0691156 0.0674661 0.0644425 0.0603526 0.05548 0.0500603 0.0442758 0.038269 0.032168 0.0261201 0.0203165 0.014993 0.0103922 0.00669855
#obs surv len freq
 nan nan nan nan nan nan nan nan nan nan nan nan nan nan nan nan nan nan nan nan nan nan nan nan nan
 0.00448543 0.00734711 0.0111774 0.0159939 0.0216946 0.0279699 0.0342837 0.0400145 0.0446936 0.048157 0.0505145 0.0520101 0.052902 0.0534142 0.0537283 0.053983 0.0542615 0.0545542 0.0546929 0.0542848 0.0527229 0.0493551 0.043805 0.0362852 0.0276691
 0.00461869 0.00756566 0.0115094 0.0164658 0.0223243 0.0287569 0.0351991 0.0409987 0.0456646 0.0490268 0.0512059 0.052468 0.0530989 0.0533497 0.053425 0.0534784 0.0535993 0.0537773 0.0538405 0.053394 0.0518327 0.048509 0.043048 0.0356555 0.0271878
 0.00477904 0.00782842 0.0119088 0.0170352 0.0230897 0.0297268 0.036353 0.0422816 0.0469919 0.0502975 0.0523177 0.0533301 0.0536421 0.0535335 0.0532412 0.0529491 0.0527698 0.0527071 0.0525961 0.0520456 0.0504555 0.0471834 0.0418538 0.0346585 0.0264244
 0.00495854 0.00812352 0.0123592 0.0176799 0.0239603 0.0308352 0.0376794 0.0437692 0.048554 0.0518316 0.0537194 0.0545014 0.0544967 0.0540024 0.0532789 0.0525405 0.0519322 0.0514891 0.0510729 0.0503144 0.0486312 0.0453926 0.0402213 0.0332863 0.0253697
 0.00518804 0.00849534 0.0129165 0.0184625 0.0249977 0.0321352 0.0392163 0.045479 0.0503412 0.0535861 0.055332 0.0558732 0.0555416 0.0546475 0.0534667 0.052232 0.0511146 0.0501829 0.0493385 0.0482551 0.0463909 0.0431434 0.0381399 0.0315198 0.0240039
 0.0054138 0.00886936 0.0134922 0.0192935 0.0261263 0.0335753 0.0409361 0.0473965 0.0523386 0.0555341 0.0571116 0.0573849 0.0567054 0.055398 0.0537491 0.0520019 0.0503423 0.0488641 0.0475092 0.0460062 0.0438737 0.0405595 0.0357089 0.0294323 0.022377
 0.00565201 0.0092572 0.0140775 0.0201226 0.0272369 0.0349845 0.0426257 0.0493053 0.0543666 0.0575582 0.0590036 0.0590269 0.0579989 0.056267 0.0541371 0.0518659 0.0496506 0.0476018 0.0456948 0.0437129 0.0412457 0.0378077 0.0330779 0.027145 0.0205779
 0.00589888 0.00966236 0.0146942 0.0210024 0.0284193 0.0364809 0.0444037 0.0512852 0.0564343 0.0595886 0.06088 0.0606487 0.0592811 0.0571383 0.0545385 0.05175 0.0489815 0.0463596 0.0438886 0.0414033 0.0385662 0.034967 0.0303305 0.0247323 0.0186645
 0.00613207 0.0100451 0.0152773 0.0218359 0.0295436 0.0379116 0.0461164 0.053208 0.0584579 0.0615861 0.0627282 0.0622419 0.0605357 0.0579909 0.0549403 0.0516609 0.048367 0.0451957 0.0421761 0.0391907 0.0359729 0.0321901 0.0276192 0.0223308 0.0167455
 0.00637005 0.0104335 0.0158647 0.0226685 0.0306569 0.0393166 0.0477853 0.055069 0.0604048 0.0634982 0.064489 0.0637506 0.0617117 0.0587737 0.0552864 0.0515386 0.0477514 0.044069 0.0405386 0.0370833 0.033501 0.029534 0.0250134 0.0200102 0.0148815
 0.00662194 0.0108474 0.0164952 0.0235683 0.0318647 0.0408397 0.0495822 0.0570457 0.0624299 0.0654308 0.0662042 0.0651523 0.062734 0.0593759 0.0554461 0.0512437 0.0469945 0.0428468 0.0388603 0.0349899 0.0310888 0.0269665 0.022505 0.0177788 0.0130875
 0.00684027 0.0112071 0.0170455 0.0243583 0.0329341 0.0422033 0.0512138 0.0588709 0.0643349 0.0672829 0.0678736 0.0665292 0.0637376 0.059957 0.0555825 0.0509325 0.0462423 0.041665 0.0372699 0.0330362 0.0288618 0.0246125 0.0202139 0.0157437 0.0114512
 0.00704373 0.0115417 0.0175562 0.0250894 0.0339204 0.0434563 0.0527076 0.060537 0.0660711 0.0689722 0.0694024 0.0677986 0.0646697 0.0604977 0.0557023 0.0506237 0.0455135 0.0405364 0.0357732 0.0312241 0.0268226 0.0224786 0.0181519 0.0139205 0.00998917
 0.00726151 0.0118967 0.0180922 0.0258469 0.0349281 0.0447179 0.0541883 0.0621596 0.0677273 0.0705439 0.0707819 0.0689004 0.0654334 0.0608864 0.0556994 0.0502287 0.0447388 0.0394053 0.0343222 0.0295095 0.0249303 0.0205293 0.0162913 0.0122903 0.00869028
 0.00741168 0.0121468 0.0184797 0.0264101 0.0356989 0.0457089 0.0553798 0.0634953 0.0691218 0.0718988 0.0720022 0.069905 0.0661603 0.0612942 0.0557661 0.0499489 0.0441206 0.0384683 0.0330998 0.0280545 0.0233218 0.0188751 0.0147172 0.0109159 0.00759863
 0.00751969 0.0123216 0.0187417 0.0267796 0.0361936 0.0463402 0.0561473 0.0643814 0.0700904 0.072898 0.0729689 0.0707718 0.0668626 0.061777 0.0559888 0.0498874 0.0437664 0.0378289 0.0321992 0.0269372 0.0220573 0.0175573 0.0134545 0.00980976 0.00671899
 0.00757609 0.0124086 0.0188644 0.0269408 0.0363958 0.0465875 0.0564462 0.0647404 0.0705175 0.0733958 0.0735299 0.0713729 0.0674635 0.0623229 0.0564184 0.0501429 0.0438031 0.0376217 0.0317468 0.0262653 0.0212199 0.0166338 0.0125383 0.00898959 0.00605779
 0.0076424 0.0125094 0.0190029 0.027115 0.036599 0.0468096 0.0566758 0.0649676 0.0707374 0.0736124 0.0737554 0.0716222 0.067744 0.062626 0.0567151 0.0503873 0.0439421 0.0376074 0.0315493 0.0258822 0.0206804 0.0159959 0.0118782 0.0083827 0.00556014
 0.00772228 0.0126332 0.0191775 0.0273417 0.036872 0.0471152 0.0569918 0.0652653 0.0709887 0.073798 0.0738719 0.0716828 0.0677732 0.0626486 0.056746 0.0504228 0.0439585 0.0375676 0.0314156 0.0256312 0.0203145 0.0155468 0.0113988 0.00793178 0.00518433
 0.00777158 0.0127116 0.0192921 0.0274975 0.03707 0.0473506 0.057252 0.0655299 0.0712324 0.0739972 0.0740101 0.0717546 0.0677853 0.0626177 0.0566925 0.0503632 0.0438971 0.0374931 0.0313054 0.0254616 0.0200745 0.0152463 0.0110686 0.00761268 0.00491243
 0.00780622 0.012764 0.0193637 0.0275874 0.0371761 0.0474704 0.0573832 0.0656696 0.0713759 0.0741367 0.0741352 0.0718542 0.0678502 0.0626443 0.0566841 0.0503281 0.0438443 0.0374261 0.031219 0.0253447 0.0199176 0.0150506 0.0108495 0.00739568 0.00472312
 0.00782397 0.0127899 0.0193974 0.0276264 0.0372168 0.0475093 0.0574179 0.0657003 0.0714056 0.0741705 0.0741784 0.0719091 0.0679146 0.0627106 0.0567425 0.0503703 0.0438657 0.0374248 0.0311933 0.0252913 0.0198333 0.0149368 0.0107153 0.00725742 0.00459849
 0.00786175 0.0128452 0.0194691 0.0277093 0.0373026 0.0475886 0.0574826 0.0657445 0.0714267 0.0741701 0.0741625 0.0718869 0.0678951 0.0626999 0.0567414 0.0503748 0.0438686 0.0374189 0.0311726 0.0252516 0.0197728 0.0148571 0.0106227 0.00716222 0.00451231
 0.00787841 0.0128699 0.0195014 0.0277471 0.0373416 0.0476233 0.0575069 0.0657532 0.0714172 0.0741439 0.0741256 0.0718486 0.067865 0.0626854 0.0567457 0.050396 0.0439005 0.0374525 0.0311984 0.0252619 0.0197631 0.0148272 0.0105772 0.00710923 0.00446081
 0.00788066 0.0128704 0.0194966 0.0277318 0.0373109 0.0475746 0.0574422 0.0656789 0.0713422 0.0740776 0.0740753 0.0718192 0.0678596 0.062705 0.0567895 0.0504605 0.0439793 0.0375368 0.0312779 0.0253271 0.0198071 0.0148476 0.0105765 0.00709382 0.00443867
 0.00788587 0.0128773 0.0195038 0.0277366 0.0373093 0.0475622 0.0574148 0.0656341 0.0712813 0.0740059 0.074002 0.0717553 0.0678145 0.062685 0.0567967 0.0504931 0.0440326 0.0376035 0.031349 0.0253931 0.01986 0.0148827 0.0105934 0.00709596 0.00443185
 0.00790007 0.0128967 0.0195263 0.0277577 0.0373234 0.0475643 0.0574017 0.0656051 0.0712378 0.0739506 0.0739393 0.0716909 0.0677561 0.0626404 0.0567722 0.0504921 0.0440547 0.0376445 0.0314019 0.0254491 0.0199109 0.0149223 0.0106189 0.00710836 0.00443476
 0.00786473 0.0128433 0.0194532 0.0276662 0.0372169 0.0474474 0.0572805 0.0654868 0.0711309 0.0738644 0.0738815 0.0716668 0.0677668 0.0626836 0.0568434 0.0505858 0.0441647 0.0377641 0.0315236 0.0255649 0.0200128 0.0150045 0.0106789 0.00714741 0.00445688
 0.00786769 0.0128402 0.0194345 0.0276189 0.0371292 0.047315 0.0571113 0.0653005 0.070953 0.0737174 0.0737801 0.071616 0.067765 0.0627254 0.0569214 0.0506917 0.0442899 0.0378998 0.031661 0.0256956 0.0201291 0.0151005 0.0107517 0.00719745 0.00448776
 0.00786533 0.0128355 0.0194252 0.0276012 0.037097 0.0472604 0.0570258 0.0651792 0.0707987 0.0735441 0.0736111 0.0714775 0.0676778 0.0626994 0.0569547 0.0507743 0.0444078 0.0380385 0.0318072 0.0258375 0.0202573 0.015208 0.0108348 0.00725632 0.00452558
 0.00782451 0.012773 0.0193386 0.0274909 0.0369665 0.0471154 0.0568738 0.0650286 0.0706572 0.0734179 0.0735053 0.0713985 0.0676341 0.0627004 0.0570067 0.0508769 0.0445528 0.0382119 0.0319923 0.0260185 0.020421 0.0153455 0.0109416 0.00733269 0.00457544
 0.00778577 0.0127063 0.0192316 0.0273315 0.0367469 0.0468385 0.0565578 0.0647061 0.0703671 0.0731937 0.0733668 0.0713494 0.0676666 0.0628013 0.057163 0.0510772 0.044786 0.0384655 0.0322514 0.0262668 0.0206437 0.0155317 0.0110861 0.00743609 0.00464327
 0.00777188 0.0126795 0.0191832 0.0272503 0.0366208 0.0466587 0.0563231 0.0644264 0.0700644 0.0728997 0.0731169 0.0711749 0.0675868 0.0628201 0.0572705 0.0512548 0.0450128 0.0387211 0.0325171 0.026525 0.0208788 0.0157312 0.0112432 0.00754994 0.00471882
 0.00775231 0.01265 0.0191429 0.0271988 0.0365572 0.0465798 0.0562234 0.0642992 0.0699058 0.0727129 0.0729148 0.0709801 0.0674269 0.0627208 0.057248 0.0513126 0.0451416 0.0389029 0.0327298 0.0267468 0.02109 0.0159164 0.0113927 0.00766063 0.0047936
 0.00769556 0.0125583 0.0190064 0.0270102 0.036315 0.0462918 0.0559094 0.0639888 0.0696306 0.0724971 0.0727697 0.0709053 0.0674172 0.0627717 0.0573584 0.0514818 0.0453652 0.0391696 0.0330216 0.0270415 0.0213657 0.0161554 0.0115841 0.00780162 0.0048886
 0.0076812 0.0125295 0.018953 0.0269193 0.036174 0.0460937 0.0556578 0.0637 0.0693316 0.0722198 0.0725437 0.0707518 0.0673455 0.0627802 0.0574385 0.0516229 0.0455571 0.0394016 0.0332804 0.0273098 0.0216239 0.0163851 0.0117721 0.00794267 0.00498501
 0.00766063 0.0125018 0.0189213 0.0268887 0.0361479 0.0460696 0.0556248 0.0636417 0.0692332 0.0720764 0.0723655 0.0705619 0.0671728 0.0626508 0.0573694 0.0516201 0.0456176 0.0395163 0.0334363 0.0274911 0.0218127 0.0165634 0.0119252 0.00806186 0.00506897
 0.00762679 0.0124466 0.0188385 0.0267739 0.0360013 0.0458989 0.055446 0.0634756 0.069098 0.0719798 0.0723023 0.0705206 0.0671445 0.0626355 0.0573759 0.05166 0.0456993 0.0396408 0.0335968 0.0276747 0.0220027 0.0167429 0.0120799 0.00818321 0.00515518
 0.0076188 0.0124333 0.0188179 0.0267434 0.0359577 0.0458391 0.0553683 0.0633815 0.0689935 0.0718753 0.0722096 0.0704479 0.0670939 0.0626043 0.0573609 0.0516619 0.0457232 0.0396931 0.0336803 0.0277855 0.0221305 0.0168734 0.0121991 0.00828079 0.0052269
 0.00761192 0.0124241 0.0188077 0.0267343 0.0359517 0.0458365 0.0553665 0.0633754 0.0689766 0.0718427 0.0721603 0.0703859 0.067027 0.0625411 0.0573083 0.0516245 0.0457043 0.0396961 0.033708 0.0278381 0.0222033 0.0169571 0.0122823 0.00835337 0.00528282
 0.00758568 0.0123842 0.0187528 0.0266654 0.0358726 0.0457533 0.0552875 0.0633092 0.0689302 0.0718184 0.0721553 0.0703934 0.0670401 0.0625553 0.0573231 0.0516424 0.0457288 0.0397308 0.0337553 0.0278986 0.0222748 0.0170341 0.012357 0.00841842 0.00533333
 0.00756693 0.0123531 0.0187049 0.026597 0.0357816 0.0456419 0.0551633 0.0631855 0.0688228 0.0717412 0.0721163 0.0703933 0.0670724 0.0626101 0.0573898 0.0517131 0.0457997 0.0398015 0.0338273 0.027973 0.0223512 0.0171097 0.012427 0.00847797 0.00537921
 0.00754218 0.0123139 0.018648 0.0265199 0.0356832 0.0455232 0.0550283 0.0630424 0.0686835 0.0716202 0.0720278 0.0703482 0.0670756 0.0626589 0.0574751 0.0518221 0.0459197 0.0399225 0.0339436 0.0280819 0.0224513 0.0171993 0.0125039 0.00853997 0.00542534
 0.0075276 0.0122894 0.0186099 0.0264641 0.035607 0.045426 0.0549135 0.0629169 0.068557 0.0715033 0.0719303 0.0702788 0.0670415 0.0626647 0.057521 0.0519033 0.0460267 0.0400438 0.0340681 0.0282012 0.0225598 0.0172936 0.012582 0.00860094 0.00546957
 0.00752316 0.0122822 0.0185989 0.0264482 0.0355844 0.0453946 0.0548708 0.0628613 0.0684886 0.0714246 0.071847 0.0701989 0.0669741 0.0626185 0.0575027 0.0519165 0.0460704 0.0401127 0.0341534 0.0282932 0.0226496 0.0173745 0.0126499 0.00865392 0.00550783
 0.00753484 0.0122986 0.0186186 0.0264683 0.035601 0.0454039 0.0548703 0.0628493 0.0684643 0.0713873 0.071797 0.070138 0.0669068 0.0625517 0.0574455 0.0518771 0.046055 0.0401231 0.034187 0.0283434 0.0227081 0.0174332 0.0127024 0.00869636 0.00553904
 0.0075012 0.0122511 0.0185605 0.0264066 0.0355446 0.0453594 0.0548398 0.0628303 0.0684519 0.0713775 0.0717876 0.0701289 0.0668986 0.0625457 0.0574434 0.051882 0.0460705 0.0401523 0.0342307 0.0283993 0.0227707 0.0174956 0.0127582 0.0087415 0.00557203
 0.00750004 0.0122454 0.0185451 0.0263757 0.0354943 0.0452915 0.0547639 0.0627615 0.0684047 0.0713592 0.0717955 0.0701527 0.0669267 0.0625699 0.0574607 0.051894 0.0460816 0.0401675 0.0342538 0.0284317 0.0228106 0.0175388 0.0127997 0.00877676 0.0055988
 0.00749435 0.0122378 0.0185365 0.0263672 0.0354858 0.0452807 0.054746 0.0627316 0.0683619 0.0713087 0.0717479 0.070119 0.0669131 0.0625749 0.0574779 0.051916 0.0461039 0.0401893 0.034277 0.0284583 0.0228413 0.0175721 0.0128323 0.00880534 0.00562109
 0.00749435 0.0122378 0.0185365 0.0263672 0.0354858 0.0452807 0.054746 0.0627316 0.0683619 0.0713087 0.0717479 0.070119 0.0669131 0.0625749 0.0574779 0.051916 0.0461039 0.0401893 0.034277 0.0284583 0.0228413 0.0175721 0.0128323 0.00880534 0.00562109
 0.00736702 0.0120353 0.0182413 0.0259686 0.0349855 0.0446993 0.0541271 0.0621388 0.0678651 0.0709664 0.0715932 0.0701565 0.0671235 0.0629236 0.0579218 0.0524102 0.0466072 0.0406692 0.0347114 0.028835 0.0231551 0.0178227 0.0130227 0.00894158 0.00571181
 0.00727318 0.0118707 0.017972 0.0255577 0.0344042 0.0439433 0.0532318 0.061182 0.066953 0.0702088 0.0710791 0.0699378 0.06721 0.0632865 0.058504 0.0531393 0.0474083 0.0414748 0.035468 0.0295052 0.0237177 0.0182701 0.0133584 0.00917776 0.00586624
 0.00718213 0.0117217 0.0177452 0.0252323 0.03396 0.043366 0.0525206 0.0603584 0.0660664 0.0693359 0.0703147 0.0693782 0.0669313 0.0633271 0.0588561 0.0537531 0.0482054 0.0423655 0.0363667 0.0303418 0.0244434 0.0188588 0.0138047 0.00949266 0.00607185
#pred catch len freq
 0.00449633 0.00709149 0.0102988 0.0140224 0.0182031 0.0228042 0.0277411 0.0328394 0.0378648 0.0425814 0.0467904 0.0503463 0.0531696 0.0552523 0.0566498 0.0574684 0.0578516 0.057949 0.0578343 0.0573717 0.0561093 0.0533396 0.0484137 0.0411913 0.0323196
 0.00463217 0.00725466 0.0104409 0.0140707 0.0180902 0.0225091 0.0273149 0.0323937 0.0375222 0.0424186 0.0468101 0.0504943 0.0533811 0.0554954 0.0569419 0.0578565 0.0583692 0.0585716 0.0584583 0.057837 0.056261 0.0531019 0.0478317 0.0404134 0.0315296
 0.00483787 0.00757203 0.0108824 0.0146252 0.0187129 0.0231161 0.0277916 0.0326266 0.0374492 0.0420696 0.0463027 0.049981 0.0529803 0.0552553 0.0568529 0.0578912 0.0585085 0.0587956 0.0587175 0.0580356 0.0562803 0.0528561 0.0473195 0.0397273 0.0308129
 0.0050829 0.00795359 0.0114261 0.0153453 0.0196111 0.0241768 0.0289697 0.0338333 0.0385494 0.0429041 0.0467376 0.0499627 0.0525626 0.0545767 0.0560764 0.057145 0.0578588 0.0582509 0.0582425 0.0575632 0.05573 0.0521677 0.046491 0.0388277 0.0299548
 0.00536559 0.0083909 0.012044 0.0161562 0.020617 0.0253716 0.0303363 0.0353337 0.0401126 0.0444178 0.0480515 0.0509104 0.0530063 0.0544566 0.0554385 0.0561242 0.056625 0.0569483 0.0569516 0.0562991 0.0544685 0.0508865 0.0452054 0.0376022 0.0288803
 0.00567914 0.00887682 0.0127318 0.0170604 0.0217387 0.0267012 0.0318517 0.0369956 0.0418609 0.0461703 0.0497027 0.0523312 0.0540511 0.0549869 0.0553605 0.055425 0.0553838 0.0553109 0.0550804 0.0543277 0.0524867 0.0489575 0.0433945 0.0359893 0.0275453
 0.00605232 0.00945162 0.0135387 0.0181099 0.0230254 0.0282088 0.0335528 0.038846 0.0437957 0.0481049 0.0515368 0.0539539 0.0553441 0.0558287 0.0556382 0.0550563 0.0543453 0.0536567 0.0529374 0.0518669 0.0498902 0.0463966 0.041023 0.033937 0.0259028
 0.00641685 0.0100206 0.0143519 0.0191908 0.0243812 0.0298295 0.0354059 0.040872 0.0459096 0.0502048 0.0535143 0.0557011 0.0567565 0.056806 0.0560842 0.0548851 0.0534965 0.0521188 0.0507701 0.0492088 0.046945 0.0434034 0.0382187 0.0315178 0.0239907
 0.00679355 0.0106061 0.0151845 0.0202925 0.0257599 0.031481 0.0373093 0.0429806 0.0481442 0.0524565 0.0556547 0.0575977 0.0582878 0.0578697 0.0565978 0.0547806 0.0527198 0.0506418 0.0486149 0.0464741 0.0438181 0.0401442 0.0351138 0.0288189 0.0218582
 0.00722248 0.0112669 0.0161121 0.0214989 0.0272382 0.0332116 0.0392594 0.0450989 0.0503573 0.0546693 0.0577565 0.0594696 0.0598117 0.0589385 0.0571225 0.0546919 0.0519672 0.0491971 0.0464885 0.0437422 0.0406462 0.0367861 0.031872 0.0259747 0.0196001
 0.00765877 0.0119455 0.0170771 0.022773 0.028823 0.0350869 0.0413789 0.047385 0.052704 0.056955 0.0598581 0.0612737 0.0612203 0.0598705 0.0575122 0.0544868 0.0511266 0.0476969 0.0443358 0.0410016 0.0374663 0.033406 0.0285897 0.0230782 0.0172904
 0.00804068 0.0125419 0.0179304 0.0239099 0.0302548 0.0368089 0.0433633 0.0495715 0.0549967 0.0592284 0.061972 0.0630917 0.0626263 0.0607791 0.0578684 0.054258 0.0502931 0.0462492 0.042286 0.0384078 0.0344603 0.0302044 0.0254691 0.0203123 0.0150757
 0.00843322 0.01315 0.0187907 0.0250399 0.0316556 0.0384676 0.0452498 0.0516318 0.0571482 0.0613626 0.0639637 0.0648114 0.0639553 0.0616227 0.0581645 0.0539757 0.0494253 0.0448054 0.0402949 0.0359333 0.0316257 0.0272049 0.0225534 0.017729 0.0130053
 0.00875178 0.0136444 0.019492 0.0259648 0.0328081 0.0398412 0.0468246 0.0533682 0.0589825 0.0632087 0.0657191 0.0663657 0.0652011 0.0624662 0.0585338 0.0538253 0.0487358 0.0435816 0.0385673 0.0337679 0.0291391 0.0245726 0.0199941 0.0154598 0.0111843
 0.00891981 0.0139162 0.019899 0.0265365 0.033568 0.0408005 0.0479742 0.0546748 0.0603916 0.064653 0.0671251 0.0676577 0.0663016 0.0632987 0.0590266 0.053918 0.0483851 0.0427673 0.0372993 0.0320962 0.0271636 0.0224459 0.017905 0.0135952 0.00968102
 0.00907402 0.0141657 0.0202732 0.0270641 0.0342749 0.0417032 0.049071 0.0559366 0.0617592 0.066042 0.0684382 0.0688006 0.0671976 0.063895 0.0592922 0.0538348 0.0479411 0.041957 0.0361318 0.0306088 0.0254361 0.0206041 0.0161067 0.0119965 0.00839546
 0.00921557 0.0143766 0.0205563 0.0274135 0.0346834 0.0421722 0.049615 0.0565781 0.0625145 0.0669053 0.0693718 0.0697369 0.0680518 0.0645824 0.0597434 0.0540027 0.0477997 0.0414971 0.0353606 0.0295565 0.0241659 0.0192168 0.0147306 0.0107599 0.00739366
 0.0093535 0.0145843 0.0208381 0.0277623 0.035083 0.0426023 0.0500563 0.0570169 0.0629473 0.06734 0.0698229 0.0702127 0.0685407 0.065047 0.0601253 0.0542364 0.0478283 0.0412824 0.034889 0.0288428 0.0232574 0.0181936 0.0136957 0.009818 0.00662389
 0.0094417 0.0147137 0.0210072 0.0279612 0.0352971 0.0428177 0.0502644 0.0572148 0.0631369 0.067527 0.0700169 0.0704269 0.068787 0.0653273 0.0604221 0.0545097 0.0480208 0.0413345 0.0347552 0.028506 0.0227368 0.0175444 0.0129987 0.00915949 0.00607239
 0.00962503 0.0149813 0.0213532 0.0283598 0.0357093 0.0432028 0.0505894 0.0574591 0.0632927 0.0675985 0.0700195 0.070384 0.0687262 0.0652739 0.060392 0.0545026 0.0480162 0.0412944 0.0346354 0.0282724 0.022381 0.0170908 0.0124995 0.00867814 0.00566297
 0.00975373 0.0151904 0.0216659 0.0287941 0.0362692 0.0438678 0.0513074 0.0581503 0.0638679 0.0679856 0.0701829 0.0703305 0.0684959 0.0649256 0.0599872 0.0540915 0.0476286 0.0409353 0.0342892 0.0279145 0.0219932 0.0166743 0.0120773 0.00828623 0.00533545
 0.00985013 0.0153384 0.0218741 0.0290681 0.0366151 0.044295 0.0518242 0.0587527 0.0645255 0.0686336 0.0707316 0.0706907 0.0686102 0.064787 0.0596379 0.0536038 0.0470786 0.0403823 0.0337659 0.0274293 0.0215419 0.0162533 0.0116923 0.00795171 0.00506652
 0.00986873 0.015365 0.0219076 0.0291061 0.0366559 0.0443412 0.051886 0.0588491 0.0646807 0.0688676 0.071047 0.0710609 0.068979 0.0650839 0.059804 0.0536128 0.0469433 0.0401429 0.0334695 0.027114 0.0212308 0.0159591 0.0114243 0.00772008 0.0048805
 0.00982465 0.0153115 0.0218601 0.0290893 0.036696 0.0444539 0.0520681 0.059079 0.0649286 0.0691092 0.0712715 0.0712692 0.0691731 0.0652556 0.0599303 0.0536635 0.0468961 0.0399954 0.0332414 0.0268382 0.0209414 0.015683 0.0111795 0.0075172 0.00472418
 0.00978504 0.0152452 0.0217584 0.0289463 0.0365151 0.0442535 0.051884 0.0589569 0.0649078 0.0692055 0.0714712 0.0715374 0.0694699 0.0655482 0.060195 0.053881 0.0470479 0.0400671 0.0332291 0.0267526 0.0208051 0.0155234 0.0110214 0.00737847 0.00461452
 0.00980503 0.0152612 0.0217516 0.028889 0.0363773 0.0440154 0.0515485 0.0585559 0.0644994 0.0688618 0.0712589 0.0714984 0.0696083 0.0658316 0.0605677 0.054282 0.0474244 0.0403809 0.0334579 0.0268904 0.0208608 0.015517 0.0109776 0.00732031 0.00455875
