SBPRF35
7.78865
Curr Bio
516415
B35
681035
F35
0.227827
FOFL
0.181032
OFL
75808.8
Bzero
2.22533e+006
#pred survey bio
 4.4479e+006 4.19338e+006 3.95336e+006 3.67459e+006 3.36229e+006 3.07868e+006 2.76289e+006 2.45743e+006 2.18542e+006 1.92815e+006 1.70232e+006 1.49676e+006 1.3224e+006 1.18801e+006 1.05518e+006 919516 820489 763503 694496 659438 621469 599576 595823 584758 578059 571193 577817 576791 569836 571433 561809 554528 549128 536434 529079 514733 495926 490436 485609 495567 504052 516906 524149 526340 531413 545210 548169 555411 556384 554959 556815 506157 454888 442174 452242 482276 515208 1.91365e+007 1.16846e+007 1.20366e+007 1.27345e+007 1.36039e+007 1.446e+007 1.52063e+007 1.58108e+007 1.62779e+007 1.66276e+007 1.68843e+007 1.70705e+007 1.72048e+007 1.73016e+007 1.73715e+007 1.74222e+007 1.74592e+007 1.74863e+007 1.75064e+007 1.75213e+007 1.75325e+007 1.75409e+007 1.75473e+007 1.75521e+007 1.75558e+007 1.75586e+007 1.75608e+007 1.75624e+007 1.75637e+007 1.75647e+007 1.75654e+007 1.7566e+007 1.75664e+007 1.75668e+007 1.75671e+007 1.75673e+007 1.75674e+007 1.75675e+007 1.75676e+007 1.75677e+007 1.75678e+007 1.75678e+007 1.75679e+007 1.75679e+007 1.75679e+007 1.75679e+007 1.75679e+007 1.75679e+007 1.75679e+007 1.7568e+007 1.7568e+007 1.7568e+007 1.7568e+007 1.7568e+007 1.7568e+007 1.7568e+007 1.7568e+007 1.7568e+007 1.7568e+007 1.7568e+007 1.7568e+007 1.7568e+007 1.7568e+007 1.7568e+007 1.7568e+007 1.7568e+007 1.7568e+007 1.7568e+007 1.7568e+007 1.7568e+007 1.7568e+007 1.7568e+007 1.7568e+007 1.7568e+007 1.7568e+007 1.7568e+007 1.7568e+007 1.7568e+007 1.7568e+007 1.7568e+007 1.7568e+007 1.7568e+007 1.7568e+007 1.7568e+007 1.7568e+007 1.7568e+007 1.7568e+007 1.7568e+007 1.7568e+007 1.7568e+007 1.7568e+007 1.7568e+007 1.7568e+007 1.7568e+007 1.7568e+007 1.7568e+007 1.7568e+007 1.7568e+007 1.7568e+007 1.7568e+007 0 0 0 0 0 0 0 0 0 0 0 0 0 0 0 0 0 0 0 0 0 0 0 0 0
#obs survey bio
 3.13199e+006 3.13629e+006 3.04369e+006 4.25754e+006 2.03539e+006 3.52014e+006 2.35318e+006 1.75403e+006 2.96142e+006 2.08562e+006 1.23182e+006 1.39941e+006 901321 1.0911e+006 1.1139e+006 804552 747936 848558 644054 737876 483148 392267 639077 614314 337349 495437 564558 653673 961595 582158 520477 654086 515251 898305 470616 424248 535263 516588 569516 442198 303566 426428 486857 475499 464194 600014 544777 624140 863199 498767 665367 575238 466027 409832 479041 507739 397762
#pred catch bio
 95968.5 96759.8 154499 213524 219122 281231 304139 302403 312239 302421 298706 281558 253040 253797 253617 217012 176222 181150 147409 146382 130213 113503 117838 112093 110573 97963.7 102910 105051 94804.7 101692 97017.8 92809 95823.6 87490.7 90149.1 93081.9 85018.9 89118 79802 83475.5 81587.1 87039.6 90959.7 87808.9 79780.4 88195.1 84027.5 88586.9 89269.9 85850.2 129300 128128 96169.1 79426.5 65715.4 66910.7 71112.4 75808.8 94578 96211.8 100446 106684 113061 118570 122913 126140 128440 130029 131101 131812 132277 132577 132770 132892 132969 133018 133049 133068 133080 133087 133092 133094 133096 133097 133098 133098 133099 133099 133099 133099 133099 133099 133099 133099 133099 133099 133099 133099 133099 133099 133099 133099 133099 133099 133099 133099 133099 133099 133099 133099 133099 133099 133099 133099 133099 133099 133099 133099 133099 133099 133099 133099 133099 133099 133099 133099 133099 133099 133099 133099 133099 133099 133099 133099 133099 133099 133099 133099 133099 133099 133099 133099 133099 133099 133099 133099 133099 133099 133099 133099 133099 133099 133099 133099 133099 133099 133099 0 0 0 0 0 0 0 0 0 0 0 0 0 0 0 0 0 0 0 0 0 0 0 0 0
#obs catch bio
 0 96561.1 155148 215064 220666 285051 309525 309246 319199 308877 305904 289053 260413 260705 261268 221888 179238 183488 149152 148175 132209 115605 119266 113386 112263 98848.6 103979 106127 94714.9 101895 97374 92970.2 96283.7 87328.1 89721.8 93308 84839 89436.8 79426.9 83222 81784.4 87117.2 90848.3 87793.4 79485.6 87513.1 83308.1 88180.3 88151.5 84409.6 127385 126213 95130.6 79121 65352.8 66747.5 71104.1
#pred cpue bio
 4.36614e+006 4.11451e+006 3.87656e+006 3.5988e+006 3.28803e+006 3.00541e+006 2.69123e+006 2.3876e+006 2.11762e+006 1.863e+006 1.63962e+006 1.43638e+006 1.26423e+006 1.13197e+006 1.00223e+006 870463 774669 720021 653856 620318 583847 562687 559338 549205 543086 536712 543480 543077 537133 539416 530573 523948 519278 507710 501460 488055 469081 461926 455935 465304 473457 485842 493066 495444 500644 514435 517611 524691 525918 524867 526669 477169 426568 413323 422777 451865 483582 1.79927e+007 1.09977e+007 1.12698e+007 1.18473e+007 1.26694e+007 1.35142e+007 1.42582e+007 1.48624e+007 1.53294e+007 1.56791e+007 1.59357e+007 1.6122e+007 1.62563e+007 1.63531e+007 1.6423e+007 1.64737e+007 1.65107e+007 1.65378e+007 1.65579e+007 1.65728e+007 1.6584e+007 1.65924e+007 1.65988e+007 1.66036e+007 1.66073e+007 1.66101e+007 1.66123e+007 1.66139e+007 1.66152e+007 1.66161e+007 1.66169e+007 1.66175e+007 1.66179e+007 1.66183e+007 1.66185e+007 1.66187e+007 1.66189e+007 1.6619e+007 1.66191e+007 1.66192e+007 1.66193e+007 1.66193e+007 1.66193e+007 1.66194e+007 1.66194e+007 1.66194e+007 1.66194e+007 1.66194e+007 1.66194e+007 1.66194e+007 1.66194e+007 1.66194e+007 1.66194e+007 1.66194e+007 1.66194e+007 1.66194e+007 1.66194e+007 1.66194e+007 1.66195e+007 1.66195e+007 1.66195e+007 1.66195e+007 1.66195e+007 1.66195e+007 1.66195e+007 1.66195e+007 1.66195e+007 1.66195e+007 1.66195e+007 1.66195e+007 1.66195e+007 1.66195e+007 1.66195e+007 1.66195e+007 1.66195e+007 1.66195e+007 1.66195e+007 1.66195e+007 1.66195e+007 1.66195e+007 1.66195e+007 1.66195e+007 1.66195e+007 1.66195e+007 1.66195e+007 1.66195e+007 1.66195e+007 1.66195e+007 1.66195e+007 1.66195e+007 1.66195e+007 1.66195e+007 1.66195e+007 1.66195e+007 1.66195e+007 1.66195e+007 1.66195e+007 1.66195e+007 1.66195e+007 1.66195e+007 0 0 0 0 0 0 0 0 0 0 0 0 0 0 0 0 0 0 0 0 0 0 0 0 0
#obs cpue bio
 3.55954e+006 3.25304e+006 3.77972e+006 2.71046e+006 2.5169e+006 2.28882e+006 1.94794e+006 1.67148e+006 1.76326e+006 1.51438e+006 1.64415e+006 998057 977213 1.18352e+006 693649 929212 652981 859070 465215 524721 459232 433150 756219 413729 633765 622999 500325 454692 559626 489683 454031 471975 477564 432960 770112 379292 533911 339138 615433 533835 466713 707090 655802 517404 688279 861638 563356 401973 754590 766970 473147 478375 406717 351647 454520 372360 524294
#pred surv len freq
 0.00470188 0.00759493 0.0113641 0.0159852 0.0213713 0.0273073 0.0334062 0.0391815 0.0442145 0.0482861 0.051387 0.0536433 0.0552346 0.0563335 0.057058 0.0574415 0.0574322 0.0569132 0.0557189 0.0536293 0.0503722 0.0456891 0.0394989 0.0320847 0.0241506
 0.0050489 0.00807358 0.0119314 0.0165617 0.0218802 0.0277267 0.0337959 0.0396533 0.044854 0.0490734 0.0521708 0.0541908 0.0553311 0.0558771 0.0561065 0.0561949 0.056162 0.0558675 0.0550377 0.0533071 0.0502838 0.0456662 0.0394139 0.0318966 0.023895
 0.00519395 0.00834791 0.0124093 0.0173199 0.0229608 0.0290926 0.0353094 0.0411111 0.0460712 0.0499623 0.0527528 0.0545303 0.0554468 0.0557079 0.0555579 0.0552278 0.054854 0.0544023 0.0536307 0.0521155 0.0493557 0.0449546 0.0388362 0.0313941 0.0234551
 0.00542513 0.00870037 0.0129011 0.0179648 0.0237809 0.030127 0.0366031 0.0426777 0.0478462 0.0517838 0.0543961 0.0557847 0.0561837 0.0558929 0.0552122 0.0543878 0.0535703 0.0527693 0.0518014 0.0502727 0.0476564 0.043489 0.037628 0.0304304 0.0227151
 0.00569839 0.00913853 0.0135481 0.0188551 0.0249312 0.0315265 0.0382088 0.0444208 0.04965 0.0535744 0.0560939 0.0572824 0.0573402 0.0565595 0.0552767 0.0538061 0.0523704 0.0510412 0.0496875 0.0479565 0.0453371 0.041345 0.0357859 0.0289539 0.0216119
 0.00592497 0.00950506 0.0140973 0.0196281 0.0259624 0.0328344 0.0397818 0.0462074 0.0515595 0.0554915 0.0578989 0.0588669 0.0586091 0.0574221 0.0556404 0.053586 0.0515156 0.0495625 0.0476734 0.0455701 0.0427934 0.0388728 0.0335833 0.0271523 0.0202608
 0.00620519 0.00995351 0.0147599 0.020545 0.027164 0.034333 0.0415601 0.0482096 0.053692 0.0576323 0.0599121 0.0606183 0.0599804 0.0583199 0.0559953 0.0533459 0.0506442 0.0480519 0.0455701 0.0429973 0.0399534 0.0360189 0.0309674 0.0249677 0.0186026
 0.00643668 0.0103364 0.0153489 0.0213966 0.028327 0.0358329 0.0433813 0.0502871 0.0559175 0.0598714 0.062023 0.0624655 0.0614441 0.0593017 0.0564218 0.0531668 0.0498299 0.0465978 0.0435113 0.0404326 0.037061 0.0330455 0.0281829 0.0225997 0.0167808
 0.00666133 0.0106952 0.0158787 0.022132 0.0293 0.0370686 0.044889 0.0520475 0.0578732 0.0619256 0.0640471 0.0643157 0.0629812 0.0604082 0.0570088 0.0531739 0.0492214 0.0453636 0.0416778 0.0380827 0.0343517 0.0302052 0.025475 0.02026 0.0149567
 0.00698277 0.0111976 0.0165974 0.0230881 0.0304991 0.0384995 0.0465197 0.053823 0.0597193 0.0637577 0.0657767 0.065853 0.0642355 0.0612908 0.0574405 0.0530913 0.0485819 0.0441498 0.0399076 0.0358258 0.0317471 0.027461 0.0228395 0.0179638 0.0131516
 0.0072956 0.0116985 0.0173368 0.0241065 0.0318187 0.0401113 0.0483708 0.0558135 0.0617181 0.0656291 0.0674066 0.0671602 0.0651701 0.0618237 0.0575511 0.0527591 0.0477858 0.0428755 0.0381634 0.033664 0.0292827 0.0248754 0.0203549 0.0157921 0.0114366
 0.00758944 0.0121725 0.0180438 0.0250943 0.0331226 0.0417406 0.0502916 0.0579381 0.063909 0.0677192 0.0692272 0.0685704 0.0660783 0.0621952 0.0573986 0.0521215 0.0467055 0.0413881 0.0363039 0.0314871 0.0268868 0.0224126 0.0180146 0.0137571 0.00983196
 0.00780127 0.0125216 0.0185787 0.0258651 0.034173 0.0430945 0.0519367 0.0598152 0.0659129 0.0697108 0.0710511 0.0700748 0.0671363 0.0627241 0.0573695 0.0515559 0.0456589 0.0399307 0.0345089 0.0294349 0.0246789 0.0201831 0.0159212 0.0119499 0.00841206
 0.00786911 0.0126464 0.0187944 0.0262158 0.0347073 0.0438544 0.0529437 0.0610599 0.0673503 0.0712613 0.0726065 0.0715091 0.068321 0.0635464 0.0577488 0.0514541 0.0450823 0.038923 0.0331413 0.0277985 0.0228839 0.0183585 0.0142059 0.0104692 0.0072488
 0.00795477 0.0127941 0.0190334 0.026581 0.0352349 0.0445731 0.0538641 0.0621658 0.0685963 0.0725759 0.0738998 0.0726822 0.0692781 0.0642047 0.0580468 0.0513561 0.0445823 0.0380454 0.0319403 0.0263555 0.0213035 0.0167621 0.0127178 0.00919593 0.00625589
 0.00816737 0.0131291 0.0195183 0.0272353 0.0360689 0.0455839 0.0550293 0.0634383 0.0699045 0.0738315 0.0750096 0.073562 0.0698632 0.0644559 0.0579504 0.0509196 0.0438282 0.0370097 0.0306734 0.0249256 0.0197983 0.0152833 0.0113688 0.00806158 0.00538388
 0.00829253 0.0133297 0.0198147 0.0276452 0.0366038 0.0462454 0.0558043 0.0642964 0.0708014 0.0747155 0.075827 0.0742602 0.0703923 0.0647731 0.0580242 0.0507338 0.0433839 0.0363249 0.029783 0.0238825 0.0186731 0.0141605 0.0103346 0.00718749 0.00471057
 0.00835188 0.0134078 0.0198994 0.0277162 0.0366419 0.0462454 0.0557842 0.0642969 0.0708731 0.074901 0.0761465 0.0747042 0.0709224 0.0653283 0.0585317 0.0511215 0.043593 0.0363197 0.0295572 0.0234599 0.018105 0.0135179 0.00969547 0.0066201 0.0042593
 0.00857256 0.0137521 0.0203888 0.0283559 0.037415 0.0471064 0.0566574 0.0650858 0.0714846 0.0752752 0.0762743 0.0746228 0.0706944 0.0650153 0.0581761 0.05074 0.0431803 0.0358592 0.0290342 0.0228735 0.0174747 0.0128818 0.00910162 0.00611253 0.00386533
 0.00870702 0.0139455 0.0206336 0.0286311 0.0376936 0.0473676 0.0568933 0.0652985 0.0716763 0.0754391 0.0763952 0.0746864 0.0706979 0.0649708 0.0581031 0.0506532 0.0430802 0.0357319 0.0288595 0.0226371 0.017178 0.0125454 0.00875974 0.00580206 0.00361372
 0.00889897 0.0142463 0.0210638 0.0291973 0.0383828 0.0481405 0.0576817 0.0660139 0.0722316 0.075774 0.0764907 0.0745614 0.0703943 0.064539 0.057594 0.0501136 0.0425477 0.0352299 0.0283954 0.0222071 0.0167767 0.0121735 0.00842688 0.00552201 0.00339686
 0.0088476 0.0141865 0.0210177 0.0292012 0.0384779 0.0483584 0.0580296 0.0664677 0.0727386 0.0762652 0.0768971 0.0748315 0.0705049 0.0644972 0.0574291 0.0498646 0.0422529 0.0349194 0.028089 0.021915 0.0165029 0.0119214 0.00820231 0.00533292 0.00324956
 0.00875498 0.0140256 0.0207588 0.028817 0.0379577 0.0477269 0.057359 0.0658691 0.0723307 0.0761327 0.0770617 0.0752485 0.0710852 0.0651385 0.0580436 0.0503939 0.0426701 0.0352219 0.028288 0.0220271 0.0165459 0.0119132 0.008161 0.00527627 0.00319273
 0.00881856 0.0141144 0.0208642 0.0289175 0.0380207 0.0477133 0.057234 0.0656162 0.0719669 0.075716 0.0766801 0.0749914 0.0710085 0.0652449 0.0582867 0.0507026 0.0429758 0.0354773 0.0284717 0.0221383 0.0165955 0.0119172 0.00813636 0.00523829 0.00315352
 0.00880241 0.0140963 0.0208511 0.0289191 0.0380436 0.0477541 0.0572736 0.0656218 0.071903 0.0755607 0.0764402 0.0747077 0.0707464 0.0650715 0.058245 0.0507953 0.043168 0.0357141 0.0287003 0.0223232 0.0167226 0.0119894 0.0081662 0.00524115 0.00314317
 0.00877928 0.0140598 0.0207991 0.0288518 0.0379655 0.0476753 0.0572082 0.0655835 0.0718964 0.0755749 0.076451 0.0746888 0.0706861 0.0649827 0.0581616 0.0507562 0.0431973 0.0358101 0.0288385 0.0224697 0.0168487 0.01208 0.0082199 0.00526586 0.00314973
 0.008589 0.0137705 0.0204011 0.0283505 0.0373802 0.0470373 0.0565611 0.0649825 0.0714043 0.0752504 0.0763335 0.0747866 0.070973 0.0654076 0.0586664 0.0512921 0.0437322 0.0363241 0.0293152 0.0228912 0.017198 0.0123472 0.00840639 0.00538349 0.00321624
 0.00838987 0.0134703 0.0199937 0.0278463 0.0368044 0.046425 0.0559537 0.0644251 0.0709421 0.0749231 0.0761696 0.0748002 0.0711618 0.0657519 0.0591304 0.0518299 0.0442968 0.0368758 0.0298248 0.0233388 0.0175704 0.0126377 0.00861636 0.00552238 0.00329951
 0.00840865 0.0134718 0.0199433 0.0276967 0.0365108 0.0459682 0.0553579 0.0637578 0.070294 0.0743796 0.0757895 0.0746096 0.0711602 0.0659214 0.0594423 0.052248 0.0447798 0.0373815 0.0303147 0.0237822 0.0179465 0.012936 0.0088361 0.00567152 0.0033919
 0.00837372 0.013416 0.019859 0.0275722 0.0363268 0.0456957 0.0549643 0.0632227 0.06963 0.0736471 0.0750907 0.0740596 0.07085 0.065891 0.059677 0.0526932 0.0453623 0.0380269 0.030958 0.0243728 0.0184506 0.0133368 0.00913202 0.00587338 0.00351827
 0.00831716 0.013343 0.0197839 0.0275188 0.0363203 0.0457491 0.0550661 0.0633333 0.0696901 0.0735964 0.0748926 0.0737214 0.0704277 0.065474 0.0593566 0.0525319 0.0453781 0.0381959 0.0312307 0.0246922 0.0187667 0.0136136 0.00935061 0.00602995 0.00362002
 0.00824893 0.0132313 0.019616 0.0272865 0.0360264 0.045415 0.0547341 0.0630585 0.0695196 0.0735472 0.0749409 0.0738137 0.070508 0.0655116 0.0593599 0.05254 0.0454375 0.0383367 0.0314532 0.0249703 0.0190605 0.0138852 0.00957405 0.006195 0.00372985
 0.00803896 0.0129229 0.0192122 0.0268103 0.0355122 0.0448967 0.0542393 0.0626112 0.069149 0.0732906 0.0748355 0.0738788 0.0707307 0.0658476 0.059751 0.0529385 0.0458211 0.0387061 0.0318171 0.02533 0.019404 0.014192 0.00982566 0.00638251 0.00385619
 0.00792978 0.0127434 0.0189401 0.0264282 0.0350166 0.0443089 0.053611 0.0620172 0.0686656 0.0729714 0.0746995 0.0739166 0.0709178 0.0661543 0.0601435 0.0533792 0.0462736 0.0391431 0.0322243 0.0257021 0.0197373 0.01448 0.0100602 0.00655903 0.00397727
 0.00806001 0.0129028 0.0190829 0.0264785 0.0348875 0.0439348 0.0529777 0.0611747 0.0677192 0.0720558 0.073946 0.0734231 0.0707292 0.0662597 0.0604896 0.0538912 0.0468744 0.0397661 0.0328196 0.0262377 0.0201961 0.0148548 0.0103504 0.0067696 0.00411855
 0.00878442 0.0139552 0.0204311 0.0280036 0.0364062 0.0452427 0.0538911 0.0615607 0.0675174 0.0712953 0.0727484 0.0719778 0.0692468 0.0649204 0.059409 0.0531112 0.0463772 0.0394986 0.0327173 0.0262411 0.0202581 0.0149417 0.0104396 0.00684718 0.00417791
 0.0094984 0.0150804 0.0220515 0.0301548 0.0390465 0.0482211 0.0569273 0.0642706 0.0694987 0.0722433 0.0725441 0.0707092 0.0671642 0.0623574 0.0567018 0.0505367 0.0441192 0.0376444 0.0312765 0.0251744 0.0195038 0.0144335 0.0101159 0.00665437 0.00407172
 0.00930126 0.0148821 0.0219798 0.0304058 0.0398354 0.0496989 0.0591015 0.0669686 0.0723903 0.0749104 0.074575 0.0717948 0.0671719 0.0613574 0.0549332 0.0483295 0.0418037 0.0354824 0.0294302 0.0237097 0.0184145 0.0136711 0.00961381 0.00634461 0.00389399
 0.00914902 0.0146319 0.0216069 0.0299094 0.0392674 0.0491929 0.0588756 0.0672749 0.0734119 0.0766522 0.0768149 0.0741325 0.0691562 0.0626297 0.0553254 0.047886 0.0407337 0.0340724 0.0279554 0.0223739 0.0173292 0.0128659 0.0090637 0.00599729 0.00369154
 0.00912519 0.0145651 0.0214542 0.0296124 0.0387678 0.0484602 0.0579405 0.066255 0.0725117 0.0761251 0.0768852 0.0748996 0.0705274 0.0643278 0.0569802 0.0491667 0.0414556 0.0342311 0.0276864 0.0218727 0.0167752 0.0123792 0.00869696 0.00575307 0.00354571
 0.00900562 0.0144041 0.0212708 0.0294383 0.0386293 0.0483546 0.0578245 0.0660585 0.0721795 0.0756656 0.0763962 0.074549 0.0704886 0.0646962 0.0577156 0.0500972 0.0423471 0.0348839 0.0280071 0.0218867 0.0165863 0.0121088 0.00843827 0.00555362 0.0034145
 0.00882829 0.0141286 0.0208824 0.0289379 0.0380391 0.0477223 0.0572199 0.0655575 0.0718357 0.0754883 0.0763536 0.0746017 0.0706289 0.0649607 0.0581561 0.0507281 0.0431097 0.0356567 0.0286572 0.0223275 0.0168061 0.0121579 0.00839202 0.00547718 0.00334637
 0.00875397 0.0140072 0.0206987 0.0286776 0.0376924 0.0472901 0.0567211 0.0650332 0.0713459 0.0750981 0.0761137 0.0745322 0.0707172 0.0651776 0.0584765 0.0511404 0.0436031 0.0361998 0.0291905 0.0227813 0.0171305 0.0123434 0.00846598 0.00548387 0.00332557
 0.00866873 0.0138837 0.0205403 0.0284951 0.0374992 0.0470941 0.0565206 0.0648195 0.0711126 0.0748512 0.0758767 0.0743412 0.0706089 0.0651757 0.058586 0.0513507 0.0438947 0.0365473 0.0295605 0.0231323 0.0174224 0.0125512 0.00858828 0.00553911 0.0033402
 0.00857357 0.0137306 0.0203138 0.0281851 0.0371055 0.0466334 0.0560295 0.0643497 0.0707166 0.0745661 0.0757159 0.0742991 0.070673 0.0653353 0.058834 0.051678 0.0442857 0.0369781 0.0300002 0.023547 0.0177804 0.0128303 0.0087817 0.00565637 0.00340115
 0.00855092 0.0136717 0.0201845 0.0279404 0.0367017 0.0460472 0.0552762 0.0634903 0.0698488 0.0738018 0.0751547 0.0740063 0.0706672 0.0655914 0.0592969 0.0522813 0.0449659 0.0376804 0.0306785 0.0241631 0.0183043 0.0132438 0.00908134 0.00585353 0.00351778
 0.00858073 0.013726 0.0202747 0.0280745 0.0368747 0.0462299 0.0554116 0.0635052 0.0696815 0.0734334 0.0746256 0.073406 0.0701051 0.0651614 0.0590539 0.0522356 0.0450916 0.0379314 0.0310027 0.0245111 0.018635 0.0135271 0.00930089 0.00600688 0.00361375
 0.00836996 0.0134242 0.019897 0.0276626 0.0364873 0.0459242 0.0552259 0.0634471 0.0697252 0.0735262 0.074705 0.0734249 0.0700531 0.0650706 0.0589833 0.0522434 0.0452116 0.0381634 0.0313179 0.0248654 0.0189835 0.0138339 0.00954481 0.00618215 0.00372729
 0.00839222 0.0134279 0.0198446 0.0275057 0.0361863 0.0454769 0.0546859 0.0629159 0.0693153 0.0733145 0.0747027 0.0735802 0.0702816 0.0652951 0.0591631 0.0523815 0.0453401 0.0383183 0.0315186 0.0251072 0.0192423 0.0140796 0.00975239 0.00633893 0.00383326
 0.00850866 0.0136015 0.0200744 0.0277734 0.036454 0.0456876 0.0547727 0.0628224 0.0690242 0.0728677 0.0741952 0.0731235 0.0699565 0.0651238 0.0591152 0.0524054 0.0453953 0.0383897 0.0316099 0.0252248 0.0193832 0.0142294 0.00989218 0.00645343 0.00391589
 0.00855251 0.0136749 0.0201882 0.0279374 0.0366719 0.0459506 0.0550522 0.0630693 0.0691767 0.0728706 0.074023 0.0727969 0.069541 0.0647069 0.0587725 0.0521752 0.0452758 0.0383554 0.0316326 0.0252841 0.0194661 0.0143245 0.00998678 0.00653591 0.00397897
 0.00911118 0.0145408 0.0214112 0.0295319 0.0386111 0.0481592 0.0573969 0.0653554 0.0711673 0.0743262 0.0747514 0.0726965 0.0686272 0.0631119 0.0567162 0.0499129 0.0430407 0.0363201 0.0298967 0.0238856 0.0183995 0.013557 0.0094695 0.00621191 0.00379179
 0.00950802 0.0151943 0.0224082 0.0309529 0.0405068 0.0505161 0.0601046 0.0682006 0.0738645 0.0765755 0.0762956 0.0733613 0.0683433 0.0619236 0.054775 0.0474531 0.0403369 0.0336369 0.0274458 0.0218029 0.016744 0.0123242 0.00861119 0.00565591 0.00345874
 0.00942188 0.0150723 0.0222616 0.030814 0.0404335 0.0505913 0.0604266 0.0688575 0.0748961 0.0779371 0.0778452 0.0748842 0.0696039 0.0627251 0.0550044 0.0471017 0.0394955 0.0324672 0.0261381 0.0205318 0.0156364 0.0114466 0.00797475 0.00523257 0.0032008
 0.00937502 0.014962 0.0220348 0.0304061 0.0397926 0.0497147 0.0593913 0.0678251 0.0740806 0.0775459 0.0780153 0.075635 0.0708235 0.0641954 0.0564611 0.0483067 0.0402969 0.0328256 0.0261152 0.0202516 0.0152373 0.0110428 0.00763653 0.00498662 0.00304237
 0.0093686 0.0149223 0.0219189 0.0301511 0.0393253 0.0489726 0.05835 0.066524 0.0726391 0.0761603 0.0769272 0.0750719 0.0709268 0.0649672 0.0577555 0.0498735 0.041858 0.034154 0.0270857 0.0208489 0.015528 0.0111297 0.00761792 0.00493264 0.0029908
 0.00904319 0.0144641 0.0213581 0.0295538 0.038766 0.0484941 0.0579363 0.0661073 0.0721396 0.0755388 0.0762236 0.0744084 0.0704755 0.0648899 0.0581409 0.0506962 0.042982 0.0353783 0.0282129 0.0217442 0.0161437 0.0114935 0.00779825 0.00500308 0.00300812
#obs surv len freq
 nan nan nan nan nan nan nan nan nan nan nan nan nan nan nan nan nan nan nan nan nan nan nan nan nan
 0.00448026 0.00733962 0.0111678 0.015983 0.0216834 0.0279596 0.0342749 0.0400077 0.0446889 0.0481544 0.0505138 0.0520112 0.0529048 0.0534184 0.0537336 0.0539892 0.0542683 0.0545614 0.0547004 0.0542923 0.0527303 0.0493621 0.0438112 0.0362904 0.027673
 0.00460813 0.00754949 0.011487 0.0164374 0.0222909 0.0287207 0.0351631 0.0409664 0.0456392 0.0490105 0.0511993 0.0524702 0.0531083 0.0533644 0.0534434 0.0534996 0.0536223 0.0538016 0.0538656 0.0534194 0.0518577 0.0485325 0.0430689 0.0356729 0.0272011
 0.00477931 0.00782688 0.0119029 0.0170215 0.023065 0.0296896 0.036305 0.0422277 0.046939 0.0502524 0.0522851 0.0533123 0.0536387 0.0535427 0.0532602 0.0529752 0.0528006 0.0527411 0.0526319 0.0520822 0.0504916 0.0472175 0.0418842 0.0346838 0.0264437
 0.00496759 0.00813772 0.0123794 0.0177061 0.0239909 0.0308665 0.0377057 0.0437839 0.048552 0.0518115 0.0536846 0.054459 0.0544547 0.053967 0.0532535 0.0525254 0.051926 0.0514896 0.0510777 0.0503218 0.04864 0.0454015 0.0402296 0.0332933 0.0253751
 0.00518294 0.00848815 0.0129078 0.0184536 0.0249901 0.0321305 0.039215 0.0454801 0.0503422 0.0535835 0.0553225 0.0558552 0.0555167 0.0546205 0.0534433 0.0522173 0.0511112 0.0501907 0.0493555 0.0482785 0.0464176 0.0431706 0.0381651 0.0315411 0.0240203
 0.00540726 0.00885775 0.013473 0.0192642 0.0260853 0.0335234 0.0408773 0.0473378 0.0522879 0.0554974 0.0570906 0.0573775 0.056707 0.0554045 0.0537586 0.0520153 0.0503622 0.048893 0.0475478 0.0460532 0.0439258 0.0406123 0.0357579 0.029474 0.0224092
 0.00565475 0.00926017 0.0140791 0.0201202 0.0272272 0.0349642 0.0425929 0.0492602 0.0543123 0.0575005 0.05895 0.0589844 0.0579716 0.0562554 0.0541385 0.0518771 0.0496694 0.0476279 0.0457286 0.0437542 0.0412929 0.0378571 0.0331252 0.027186 0.02061
 0.00590391 0.00967072 0.014707 0.0210204 0.0284422 0.0365065 0.0444278 0.0513014 0.0564366 0.059573 0.0608466 0.0606022 0.0592293 0.0570894 0.0544987 0.0517227 0.0489668 0.0463563 0.0438952 0.0414187 0.0385887 0.0349939 0.0303585 0.0247581 0.0186855
 0.00614149 0.0100616 0.0153041 0.0218765 0.0296008 0.0379858 0.0462038 0.0533006 0.058544 0.0616535 0.0627665 0.0622453 0.0605045 0.0579313 0.0548626 0.0515767 0.0482861 0.0451243 0.0421169 0.0391443 0.0359384 0.0321659 0.0276034 0.0223212 0.0167402
 0.00638434 0.010458 0.0159039 0.0227274 0.0307397 0.0394249 0.0479164 0.0552147 0.0605525 0.0636327 0.0645951 0.0638159 0.0617283 0.0587401 0.0552082 0.0514271 0.0476206 0.0439328 0.0404081 0.0369655 0.0333995 0.0294501 0.0249471 0.0199605 0.0148465
 0.006633 0.0108633 0.0165156 0.023592 0.031891 0.0408696 0.0496191 0.0570944 0.0624941 0.0655106 0.066294 0.0652414 0.0628088 0.0594235 0.0554575 0.0512167 0.0469335 0.0427616 0.0387632 0.0348923 0.0309994 0.0268905 0.0224446 0.0177339 0.0130564
 0.00683379 0.0112014 0.0170459 0.0243719 0.0329678 0.0422599 0.0512896 0.0589567 0.0644201 0.0673598 0.0679399 0.0665857 0.0637848 0.0599921 0.0555995 0.0509247 0.0462057 0.041601 0.037185 0.0329406 0.0287662 0.0245257 0.0201418 0.0156884 0.0114122
 0.00706229 0.0115683 0.0175899 0.0251278 0.0339615 0.0435006 0.0527586 0.0605991 0.0661463 0.0690563 0.0694859 0.06787 0.0647203 0.0605237 0.0557038 0.0506018 0.0454691 0.0404703 0.0356883 0.0311267 0.0267212 0.0223825 0.0180689 0.013855 0.00994194
 0.00728917 0.0119422 0.0181612 0.0259439 0.0350542 0.0448683 0.0543507 0.0623164 0.0678608 0.0706423 0.0708417 0.0689245 0.0654265 0.0608523 0.0556408 0.050148 0.0446393 0.0392906 0.0341966 0.0293782 0.0248002 0.0204084 0.0161868 0.0122071 0.00862969
 0.00744091 0.0121967 0.018559 0.0265281 0.0358626 0.0459191 0.0556273 0.0637597 0.0693746 0.07211 0.0721477 0.0699718 0.0661484 0.061214 0.0556338 0.0497815 0.0439322 0.0382701 0.0329 0.0278602 0.02314 0.0187127 0.0145804 0.0108084 0.00752086
 0.00753276 0.0123431 0.0187747 0.0268278 0.0362613 0.0464322 0.0562672 0.0645298 0.0702624 0.0730814 0.0731447 0.0709175 0.0669582 0.0618099 0.0559572 0.0497991 0.0436355 0.0376711 0.0320287 0.0267658 0.0218947 0.0174114 0.0133314 0.0097131 0.00664903
 0.00761429 0.0124691 0.0189522 0.0270591 0.0365448 0.0467633 0.0566398 0.0649385 0.0707051 0.0735597 0.0736606 0.0714637 0.0675088 0.0623173 0.0563589 0.0500307 0.0436457 0.0374318 0.0315402 0.0260576 0.0210246 0.0164611 0.0123952 0.00887907 0.00597891
 0.0076478 0.0125224 0.0190302 0.0271655 0.0366807 0.0469269 0.0568257 0.0651391 0.0709144 0.0737778 0.0738949 0.0717264 0.0678081 0.0626478 0.056694 0.0503237 0.0438384 0.0374695 0.0313874 0.0257093 0.0205105 0.0158416 0.0117482 0.00828173 0.005488
 0.00774526 0.0126683 0.0192264 0.0274052 0.0369507 0.0472101 0.0571042 0.0653952 0.071132 0.0739457 0.0740099 0.0717957 0.0678478 0.0626777 0.0567281 0.050361 0.0438586 0.0374369 0.0312632 0.0254679 0.0201525 0.015398 0.0112725 0.00783321 0.00511389
 0.00778409 0.0127325 0.0193244 0.0275439 0.0371323 0.047428 0.0573407 0.065624 0.071326 0.0740862 0.0740925 0.0718284 0.0678465 0.0626594 0.0567072 0.0503452 0.0438448 0.0374095 0.0311968 0.0253374 0.0199455 0.0151238 0.010962 0.00752788 0.00485105
 0.00779401 0.0127456 0.0193389 0.0275575 0.037144 0.0474407 0.0573619 0.0656629 0.0713889 0.0741717 0.0741911 0.0719267 0.0679334 0.0627304 0.0567643 0.0503928 0.0438849 0.0374372 0.0311998 0.0252995 0.0198546 0.0149802 0.0107816 0.00733792 0.0046793
 0.00784432 0.0128167 0.0194259 0.0276488 0.0372244 0.0474963 0.0573851 0.0656549 0.071359 0.0741345 0.0741616 0.0719155 0.0679431 0.0627566 0.0567985 0.0504275 0.0439148 0.0374578 0.0312049 0.0252804 0.0198034 0.0148949 0.0106699 0.00721575 0.00456529
 0.00786241 0.0128474 0.0194741 0.0277181 0.0373144 0.0475995 0.0574855 0.0657312 0.0713923 0.0741171 0.0741015 0.0718332 0.0678628 0.0626969 0.0567675 0.0504227 0.0439272 0.0374763 0.0312187 0.0252801 0.0197821 0.01485 0.0106053 0.00714111 0.00449283
 0.00789235 0.0128912 0.0195311 0.0277851 0.0373872 0.0476747 0.057561 0.0658044 0.0714579 0.0741653 0.0741208 0.0718159 0.0678106 0.0626215 0.0566863 0.0503515 0.0438747 0.0374425 0.031197 0.0252613 0.0197577 0.0148152 0.0105602 0.00709057 0.00444399
 0.00788016 0.0128728 0.0195058 0.0277533 0.0373495 0.0476324 0.0575159 0.0657603 0.0714203 0.0741413 0.0741161 0.0718318 0.0678425 0.0626615 0.0567274 0.0503908 0.0439131 0.0374818 0.0312366 0.025297 0.0197839 0.0148275 0.0105577 0.00707651 0.00442411
 0.00787529 0.0128594 0.019476 0.0276969 0.0372582 0.0475041 0.0573593 0.0655937 0.0712674 0.0740236 0.0740481 0.0718189 0.0678819 0.0627439 0.0568394 0.0505178 0.0440426 0.0376046 0.0313471 0.0253915 0.0198592 0.0148816 0.0105908 0.00709178 0.00442692
 0.00790033 0.012896 0.019523 0.0277494 0.0373074 0.0475381 0.0573649 0.0655601 0.0711906 0.0739105 0.0739158 0.0716906 0.0677796 0.0626818 0.0568213 0.0505387 0.0440916 0.0376694 0.0314165 0.0254569 0.0199148 0.0149239 0.0106189 0.0071071 0.00443267
 0.00788946 0.0128799 0.0195016 0.0277236 0.0372781 0.0475059 0.057329 0.0655183 0.0711401 0.0738492 0.073845 0.0716164 0.0677129 0.0626357 0.056807 0.050561 0.044148 0.0377508 0.0315102 0.0255505 0.0199983 0.0149914 0.010668 0.00713898 0.00445074
 0.00785086 0.0128166 0.0194059 0.027589 0.0371025 0.0472949 0.0570984 0.0652931 0.0709477 0.0737119 0.0737733 0.071609 0.0677603 0.0627262 0.0569305 0.0507103 0.0443167 0.0379311 0.0316921 0.0257225 0.0201497 0.0151146 0.0107604 0.00720223 0.00449
 0.00784779 0.0128053 0.019377 0.0275301 0.0370009 0.0471428 0.056898 0.0650587 0.0707038 0.0734877 0.073597 0.0715008 0.0677292 0.0627689 0.0570347 0.0508595 0.0444945 0.0381233 0.0318864 0.0259073 0.0203147 0.0152519 0.0108658 0.00727653 0.00453765
 0.00782072 0.0127646 0.0193215 0.0274598 0.0369156 0.0470404 0.0567744 0.0649099 0.0705307 0.0732998 0.0734129 0.0713454 0.0676265 0.0627357 0.0570758 0.0509677 0.044654 0.0383144 0.0320895 0.0261054 0.0204942 0.0154031 0.0109838 0.00736115 0.00459305
 0.00778517 0.0127064 0.0192338 0.0273369 0.0367555 0.0468476 0.0565616 0.0646962 0.070336 0.0731384 0.0732914 0.0712651 0.0675889 0.0627447 0.0571367 0.0510828 0.0448189 0.0385168 0.0323116 0.0263277 0.0206992 0.0155778 0.0111214 0.00746073 0.00465896
 0.00774426 0.0126378 0.0191268 0.0271809 0.036543 0.0465787 0.0562484 0.0643642 0.0700192 0.0728721 0.0731031 0.0711696 0.0675868 0.0628262 0.0572873 0.0512876 0.0450642 0.0387892 0.0325957 0.0266059 0.0209541 0.0157951 0.0112928 0.00758526 0.00474173
 0.00774898 0.0126383 0.0191139 0.0271412 0.0364615 0.0464436 0.0560561 0.0641216 0.0697441 0.0725905 0.0728451 0.0709645 0.0674574 0.0627846 0.0573331 0.0514103 0.0452473 0.0390138 0.0328426 0.0268564 0.0211902 0.0160016 0.0114595 0.00770874 0.0048252
 0.00931772 0.0148372 0.021774 0.0298875 0.0388207 0.0480178 0.0566599 0.0638096 0.0687346 0.0711529 0.0712165 0.0693176 0.0659045 0.0613928 0.0561373 0.0504223 0.0444617 0.0384136 0.0324041 0.0265525 0.0209928 0.0158836 0.011396 0.00767903 0.00481389
 0.00930877 0.015111 0.0226944 0.031905 0.0422773 0.0528819 0.0623577 0.0693175 0.0729407 0.0732925 0.0711237 0.0673717 0.0627654 0.0577192 0.0524233 0.0469666 0.0414116 0.0358227 0.0302749 0.0248605 0.0196982 0.0149361 0.010738 0.00724918 0.00455215
 0.00895903 0.0145658 0.0219386 0.0309957 0.0413939 0.0523578 0.0626387 0.0708022 0.0757405 0.0770546 0.0750756 0.0706111 0.0646332 0.0580274 0.0514263 0.0451522 0.0392723 0.0337215 0.0284186 0.0233348 0.0185143 0.0140655 0.0101331 0.00685468 0.00431246
 0.00878963 0.0142776 0.0214821 0.0303213 0.0404718 0.051213 0.0613937 0.069702 0.0751287 0.0772756 0.0763199 0.0727745 0.0672894 0.0605658 0.0532973 0.0460744 0.0392878 0.0330966 0.0274835 0.0223597 0.017662 0.0134021 0.00966134 0.0065452 0.00412495
 0.0087169 0.0141539 0.0212848 0.030023 0.0400428 0.0506289 0.0606475 0.0688234 0.0742043 0.0764626 0.0758339 0.0728332 0.0680161 0.0618986 0.0549684 0.0476984 0.0405177 0.0337565 0.0276026 0.0221064 0.0172397 0.0129704 0.00930749 0.00629489 0.00396749
 0.00867966 0.014092 0.0211886 0.0298813 0.0398435 0.05036 0.0602994 0.0683915 0.0736945 0.0759007 0.0752788 0.0723857 0.0678083 0.0620511 0.055527 0.0485849 0.0415386 0.0346764 0.0282429 0.022409 0.0172618 0.012828 0.00911306 0.0061208 0.00384243
 0.00868731 0.0141008 0.0211949 0.0298786 0.039823 0.0503116 0.0602128 0.0682569 0.0735031 0.0756473 0.0749673 0.0720383 0.067474 0.0618055 0.0554546 0.0487429 0.0419183 0.0351918 0.0287612 0.0228091 0.0174839 0.012885 0.00906376 0.00603078 0.00375716
 0.0086911 0.014108 0.0212075 0.0298983 0.0398498 0.0503421 0.0602388 0.068266 0.0734806 0.0755801 0.0748473 0.0718649 0.0672588 0.0615765 0.0552571 0.0486307 0.0419337 0.0353412 0.0290047 0.0230744 0.0176998 0.0130123 0.00910431 0.00601411 0.00371787
 0.0086722 0.0140809 0.0211733 0.0298607 0.0398144 0.0503145 0.0602233 0.0682639 0.0734892 0.0755915 0.0748498 0.0718458 0.0672087 0.0614947 0.0551557 0.0485352 0.041877 0.0353503 0.0290858 0.0232068 0.0178443 0.0131304 0.00917571 0.00604058 0.00371519
 0.00865108 0.0140447 0.0211159 0.0297764 0.0397003 0.0501746 0.0600706 0.0681189 0.0733746 0.0755247 0.0748361 0.0718781 0.0672702 0.0615655 0.0552203 0.048588 0.0419244 0.0354066 0.0291641 0.0233095 0.0179596 0.0132382 0.00925838 0.00609117 0.00373811
 0.00863927 0.0140265 0.0210903 0.0297423 0.0396565 0.050119 0.060001 0.0680352 0.0732809 0.0754309 0.0747568 0.0718271 0.0672554 0.0615857 0.0552658 0.0486462 0.0419856 0.0354681 0.0292289 0.0233812 0.0180371 0.0133142 0.00932298 0.00613749 0.00376535
 0.00863573 0.0140214 0.0210838 0.029735 0.0396489 0.0501111 0.0599918 0.0680223 0.073261 0.0754008 0.0747155 0.0717779 0.0672061 0.0615459 0.0552432 0.0486435 0.0420004 0.0354956 0.0292651 0.0234238 0.018084 0.0133618 0.0093661 0.00617141 0.00378806
 0.00864851 0.0140401 0.021108 0.0297631 0.0396783 0.0501391 0.0600161 0.0680409 0.0732717 0.0754012 0.0747029 0.0717506 0.0671647 0.0614943 0.0551887 0.0485943 0.0419633 0.0354741 0.0292591 0.0234309 0.0181008 0.0133842 0.00938961 0.0061921 0.00380347
 0.00863802 0.0140261 0.0210924 0.0297495 0.0396705 0.0501395 0.0600244 0.0680541 0.0732858 0.0754129 0.0747103 0.0717529 0.0671613 0.0614851 0.0551741 0.0485765 0.0419461 0.0354617 0.0292547 0.0234356 0.0181132 0.0134015 0.00940829 0.00620901 0.00381659
 0.00861375 0.0139886 0.02104 0.0296825 0.0395921 0.050056 0.0599451 0.0679902 0.0732468 0.0754037 0.0747295 0.071794 0.0672154 0.0615436 0.0552304 0.0486269 0.0419891 0.0354982 0.0292868 0.0234653 0.0181416 0.0134283 0.00943224 0.00622868 0.00383118
 0.00861375 0.0139886 0.02104 0.0296825 0.0395921 0.050056 0.0599451 0.0679902 0.0732468 0.0754037 0.0747295 0.071794 0.0672154 0.0615436 0.0552304 0.0486269 0.0419891 0.0354982 0.0292868 0.0234653 0.0181416 0.0134283 0.00943224 0.00622868 0.00383118
 0.0091424 0.0148167 0.0222241 0.0312438 0.0415013 0.0522157 0.0621788 0.070055 0.0748826 0.0764004 0.074982 0.0713173 0.0661238 0.0600099 0.0534449 0.0467644 0.04019 0.0338612 0.0278712 0.0222983 0.0172253 0.0127457 0.00895275 0.00591347 0.00363873
 0.00922802 0.0150137 0.0226253 0.0319664 0.0426513 0.0538342 0.0641955 0.0722797 0.0770444 0.0782159 0.0762202 0.0718419 0.0659076 0.0591276 0.0520477 0.0450443 0.038342 0.0320533 0.026228 0.0208964 0.016098 0.0118918 0.00834559 0.00551046 0.00339071
 0.00904705 0.014725 0.0222073 0.0314191 0.042016 0.0532125 0.0637507 0.0722023 0.0774809 0.0791938 0.0776144 0.0734067 0.0673575 0.0602249 0.0526594 0.0451552 0.0380325 0.0314586 0.0254953 0.0201526 0.0154325 0.0113525 0.00794551 0.00523781 0.00322019
 0.00882466 0.0143475 0.0216122 0.0305448 0.0408246 0.051724 0.0620747 0.070545 0.0761134 0.0783858 0.0775553 0.0741418 0.0687656 0.0620478 0.0545785 0.0468827 0.0393814 0.0323661 0.0260027 0.0203606 0.0154555 0.0112868 0.00785605 0.00515887 0.00316367
 0.00862951 0.0140088 0.0210632 0.0297116 0.0396445 0.050176 0.0602099 0.0685013 0.0741047 0.0766682 0.076382 0.0737134 0.0691793 0.0632613 0.0564061 0.0490368 0.0415483 0.0342875 0.027528 0.0214552 0.0161706 0.0117153 0.00809342 0.00528161 0.00322351
 0.00869362 0.0140857 0.0211261 0.0297122 0.0395178 0.049851 0.0596261 0.0676263 0.0729532 0.0753178 0.0749784 0.0724545 0.0682777 0.06289 0.0566458 0.0498443 0.0427635 0.0356812 0.0288722 0.0225846 0.0170115 0.0122757 0.00843019 0.00546538 0.00331522
#pred catch len freq
 0.00347701 0.00556013 0.0082307 0.0114839 0.0153404 0.0198187 0.0248696 0.0303411 0.0359994 0.0415767 0.0468144 0.0514985 0.0554878 0.0587164 0.0611649 0.0628217 0.0636574 0.0636137 0.0625883 0.0604086 0.0568234 0.0515791 0.0446071 0.0362404 0.0272808
 0.00375202 0.00594395 0.00869567 0.0119763 0.0158104 0.0202586 0.0253313 0.0309091 0.0367258 0.0424176 0.0476104 0.0520218 0.0555324 0.0581885 0.0601311 0.0614957 0.0623299 0.0625508 0.0619391 0.0601611 0.0568326 0.0516515 0.0445954 0.036096 0.027043
 0.00389828 0.00620222 0.0091178 0.0126117 0.0166818 0.0213339 0.0265134 0.032063 0.037738 0.0432447 0.0482743 0.0525472 0.0558788 0.0582382 0.0597526 0.0606383 0.0610828 0.0611242 0.0605761 0.0590359 0.0559938 0.0510386 0.0441078 0.0356614 0.0266453
 0.00412601 0.00654986 0.00960361 0.0132498 0.017494 0.0223579 0.0277919 0.0336085 0.0394887 0.0450469 0.0499157 0.0538288 0.0566758 0.0585073 0.0594941 0.0598637 0.059825 0.0594752 0.0587021 0.0571402 0.0542502 0.0495438 0.0428822 0.0346854 0.0258933
 0.00437147 0.0069382 0.0101681 0.0140147 0.018472 0.0235483 0.02918 0.0351685 0.0411887 0.046843 0.0517317 0.0555338 0.058088 0.0594342 0.0597879 0.0594574 0.0587369 0.0577963 0.0565854 0.0547869 0.0518791 0.0473489 0.040998 0.0331767 0.0247658
 0.0046198 0.00733155 0.0107424 0.0148009 0.0194956 0.0248264 0.030712 0.0369249 0.0431049 0.0488241 0.0536661 0.0573058 0.0595812 0.0605267 0.0603519 0.0593765 0.0579385 0.0562844 0.0544569 0.0522254 0.0491274 0.0446642 0.0386019 0.0312156 0.0232948
 0.00490733 0.00778459 0.0113991 0.0156915 0.0206437 0.0262473 0.0324056 0.0388649 0.0452302 0.0510363 0.055835 0.0592836 0.0612218 0.061702 0.0609574 0.0593291 0.0571783 0.0547904 0.0522751 0.0494929 0.0460724 0.0415726 0.0357574 0.0288353 0.0214862
 0.00515028 0.0081766 0.011985 0.016515 0.0217441 0.027652 0.0341188 0.0408565 0.0474308 0.0533408 0.05811 0.0613794 0.0629869 0.0629979 0.0616705 0.0593751 0.0565027 0.0533741 0.0501508 0.0467696 0.0429519 0.0383351 0.0327092 0.0262349 0.0194818
 0.00540441 0.00857583 0.0125622 0.0172977 0.0227575 0.0289208 0.0356607 0.0426692 0.0494769 0.0555377 0.0603323 0.0634725 0.064789 0.0643615 0.0624754 0.0595326 0.0559559 0.0521003 0.0481741 0.0441829 0.039935 0.0351507 0.0296607 0.0235943 0.0174201
 0.00573349 0.00908522 0.0132823 0.0182434 0.0239312 0.0303163 0.0372627 0.0444484 0.051386 0.0575094 0.0622788 0.0652869 0.0663504 0.0655455 0.0631677 0.0596409 0.0554163 0.0508835 0.0462955 0.0417211 0.0370499 0.0320833 0.0266983 0.0210041 0.0153793
 0.0060763 0.00962436 0.0140605 0.0192897 0.0252587 0.031917 0.0390998 0.0464505 0.0534515 0.0595213 0.0641216 0.0668597 0.0675717 0.0663518 0.0635071 0.0594682 0.0546928 0.0495848 0.0444283 0.0393457 0.0343008 0.0291721 0.0238847 0.0185358 0.0134253
 0.0063976 0.010133 0.0148017 0.0203005 0.0265657 0.0335309 0.0410033 0.0485846 0.0557085 0.0617517 0.0661545 0.0685324 0.0687591 0.0669836 0.0635661 0.0589716 0.0536702 0.0480658 0.0424482 0.0369669 0.0316391 0.0264066 0.0212381 0.0162237 0.0115965
 0.00662337 0.010497 0.0153457 0.0210652 0.0275889 0.0348406 0.0426055 0.0504498 0.0577631 0.0638764 0.0681934 0.0703116 0.0701151 0.0677926 0.0637638 0.0585553 0.0526837 0.0465775 0.040537 0.0347247 0.0291854 0.0239002 0.0188662 0.014165 0.00997294
 0.00676747 0.0107334 0.0157069 0.0215869 0.0283075 0.0357879 0.0437988 0.0518812 0.0593912 0.0656232 0.0699463 0.0719334 0.0714603 0.0687288 0.0641924 0.0584261 0.051999 0.0453853 0.0389191 0.0327879 0.0270598 0.0217388 0.0168337 0.0124104 0.00859432
 0.00694204 0.0110127 0.0161197 0.0221599 0.0290638 0.0367434 0.0449545 0.0532151 0.0608537 0.0671381 0.0714166 0.073251 0.0725188 0.069435 0.064476 0.0582462 0.0513488 0.0442939 0.0374509 0.0310394 0.0251549 0.0198211 0.0150503 0.0108867 0.00740753
 0.00714481 0.0113296 0.016574 0.0227677 0.0298356 0.0376838 0.0460582 0.0544588 0.0621894 0.0684913 0.0726929 0.0743489 0.0733455 0.0699199 0.064577 0.057949 0.0506635 0.0432528 0.0361092 0.0294771 0.0234771 0.018151 0.0135132 0.00958621 0.00640346
 0.00721038 0.0114374 0.0167395 0.0230082 0.0301696 0.0381292 0.046628 0.0551566 0.0630046 0.0693957 0.0736381 0.0752678 0.0741584 0.0705461 0.0649475 0.0580166 0.0504082 0.0426825 0.0352587 0.0284076 0.0222746 0.0169191 0.0123589 0.00859936 0.00563723
 0.00733471 0.0116161 0.0169655 0.0232616 0.0304258 0.038371 0.0468547 0.0553852 0.0632624 0.0697091 0.074022 0.0757181 0.0746482 0.0710266 0.0653547 0.0582833 0.0504769 0.042518 0.034856 0.0277951 0.0215115 0.0160877 0.011549 0.00788956 0.00507733
 0.00747209 0.0118308 0.0172714 0.0236635 0.0309153 0.0389235 0.047428 0.0559251 0.0637165 0.0700439 0.0742327 0.0758251 0.0746833 0.0710164 0.0653091 0.0581917 0.0503134 0.0422525 0.0344676 0.027284 0.0209049 0.0154366 0.0109171 0.00733554 0.00463996
 0.00762976 0.0120605 0.0175684 0.0240078 0.0312794 0.0392831 0.0477689 0.0562401 0.0639969 0.0702734 0.0743902 0.0758954 0.0746678 0.0709342 0.0651875 0.0580514 0.0501577 0.0420667 0.0342291 0.0269763 0.02053 0.0150187 0.0104967 0.00695618 0.00433375
