SBPRF35
8.74113
Curr Bio
615747
B35
604332
F35
0.201515
FOFL
0.201515
OFL
106784
Bzero
2.49747e+06
#pred survey bio
 4.70921e+06 3.53375e+06 3.18756e+06 2.97714e+06 2.87822e+06 2.75371e+06 2.41366e+06 1.97141e+06 1.72412e+06 1.55935e+06 1.42384e+06 1.34243e+06 1.26686e+06 1.13671e+06 997114 925296 810053 678140 577347 551499 552427 540579 565775 568509 574223 581875 589472 595529 582658 568444 534411 522318 516439 499848 514316 524254 539265 522605 526591 549274 548284 521283 521930 509864 531477 571167 598698 634038 631633 631865 642579 667942 642310 601866 624027 1.56291e+07 1.4433e+07 1.47525e+07 1.53463e+07 1.60773e+07 1.68174e+07 1.74873e+07 1.80513e+07 1.85037e+07 1.8855e+07 1.91218e+07 1.93216e+07 1.947e+07 1.95798e+07 1.96609e+07 1.9721e+07 1.97657e+07 1.9799e+07 1.9824e+07 1.98428e+07 1.9857e+07 1.98679e+07 1.98761e+07 1.98825e+07 1.98874e+07 1.98911e+07 1.9894e+07 1.98963e+07 1.9898e+07 1.98994e+07 1.99005e+07 1.99013e+07 1.99019e+07 1.99024e+07 1.99028e+07 1.99032e+07 1.99034e+07 1.99036e+07 1.99037e+07 1.99039e+07 1.99039e+07 1.9904e+07 1.99041e+07 1.99041e+07 1.99042e+07 1.99042e+07 1.99042e+07 1.99042e+07 1.99042e+07 1.99042e+07 1.99043e+07 1.99043e+07 1.99043e+07 1.99043e+07 1.99043e+07 1.99043e+07 1.99043e+07 1.99043e+07 1.99043e+07 1.99043e+07 1.99043e+07 1.99043e+07 1.99043e+07 1.99043e+07 1.99043e+07 1.99043e+07 1.99043e+07 1.99043e+07 1.99043e+07 1.99043e+07 1.99043e+07 1.99043e+07 1.99043e+07 1.99043e+07 1.99043e+07 1.99043e+07 1.99043e+07 1.99043e+07 1.99043e+07 1.99043e+07 1.99043e+07 1.99043e+07 1.99043e+07 1.99043e+07 1.99043e+07 1.99043e+07 1.99043e+07 1.99043e+07 1.99043e+07 1.99043e+07 1.99043e+07 1.99043e+07 1.99043e+07 1.99043e+07 1.99043e+07 1.99043e+07 1.99043e+07 1.99043e+07 1.99043e+07 1.99043e+07 0 0 0 0 0 0 0 0 0 0 0 0 0 0 0 0 0 0 0 0 0 0 0 0 0
#obs survey bio
 5.38149e+06 3.14571e+06 3.92344e+06 2.623e+06 3.75663e+06 2.8859e+06 2.50793e+06 1.73644e+06 1.75885e+06 1.43323e+06 1.10136e+06 996126 1.50941e+06 1.16025e+06 840347 1.13101e+06 976544 682072 547116 510375 550098 674522 549758 569929 475438 699369 569427 539766 570529 584488 497669 510784 523424 404256 501928 544924 531192 395977 522228 572306 638482 458558 578407 399790 421929 709392 390613 774876 606995 620155 517680 869025 514724 569637 551105
#pred catch bio
 120577 94501.5 149661 204226 240400 268736 299400 289055 287785 296087 270197 268897 262450 245392 204645 217715 182981 172848 150849 135752 144442 109537 126126 113425 108954 101453 107916 103399 100953 100388 97897.8 95039.7 99711.5 92983.1 97588.5 90657.6 87935.1 78223.1 80908.6 89703.4 89126.3 87479 92622.4 88039.1 89453.9 83165.2 88205.2 90754.6 93749.4 97084.1 85850.9 98073.2 115524 90169 59733.7 106784 107575 108797 112184 116912 121771 126111 129671 132429 134477 135952 136989 137705 138193 138521 138739 138884 138980 139042 139083 139110 139127 139138 139145 139150 139153 139155 139156 139157 139157 139158 139158 139158 139158 139158 139158 139158 139158 139158 139158 139158 139158 139158 139158 139158 139158 139158 139158 139158 139158 139158 139158 139158 139158 139158 139158 139158 139158 139158 139158 139158 139158 139158 139158 139158 139158 139158 139158 139158 139158 139158 139158 139158 139158 139158 139158 139158 139158 139158 139158 139158 139158 139158 139158 139158 139158 139158 139158 139158 139158 139158 139158 139158 139158 139158 139158 139158 139158 139158 139158 0 0 0 0 0 0 0 0 0 0 0 0 0 0 0 0 0 0 0 0 0 0 0 0 0
#obs catch bio
 0 94105.3 149850 204673 240812 268375 299096 289312 288046 296603 270518 270147 261897 245038 204782 218293 182193 172367 152023 136089 145026 109192 126449 113256 109014 101229 108191 103236 100989 100208 98020.1 95039.6 99586.5 93181.5 97769.4 90831.5 87798.1 78108.5 80990.9 89765.6 88963.3 87575.9 92553.6 88105.8 89791.1 82933.6 88367.6 90596.5 93723.4 97262.1 85745.4 97892.7 115784 90464.4 59509.4
#pred cpue bio
 4.65972e+06 3.4966e+06 3.15308e+06 2.94309e+06 2.84325e+06 2.71812e+06 2.38032e+06 1.94176e+06 1.69554e+06 1.53106e+06 1.39549e+06 1.31322e+06 1.23693e+06 1.10769e+06 969394 897754 784470 655974 557596 532071 532918 521152 545589 548058 553583 560965 568442 574351 562112 548513 515744 504102 498633 482685 496824 506452 520033 502375 505267 527080 526480 500757 501404 489835 510529 548716 575507 609452 607247 607419 617632 642358 617828 577988 598942 1.50355e+07 1.38987e+07 1.41392e+07 1.4672e+07 1.5389e+07 1.6127e+07 1.67965e+07 1.73605e+07 1.7813e+07 1.81642e+07 1.8431e+07 1.86308e+07 1.87792e+07 1.8889e+07 1.89702e+07 1.90303e+07 1.90749e+07 1.91082e+07 1.91332e+07 1.9152e+07 1.91663e+07 1.91771e+07 1.91854e+07 1.91917e+07 1.91966e+07 1.92004e+07 1.92033e+07 1.92055e+07 1.92073e+07 1.92086e+07 1.92097e+07 1.92105e+07 1.92112e+07 1.92117e+07 1.92121e+07 1.92124e+07 1.92126e+07 1.92128e+07 1.9213e+07 1.92131e+07 1.92132e+07 1.92133e+07 1.92133e+07 1.92134e+07 1.92134e+07 1.92134e+07 1.92134e+07 1.92135e+07 1.92135e+07 1.92135e+07 1.92135e+07 1.92135e+07 1.92135e+07 1.92135e+07 1.92135e+07 1.92135e+07 1.92135e+07 1.92135e+07 1.92135e+07 1.92135e+07 1.92135e+07 1.92135e+07 1.92135e+07 1.92135e+07 1.92135e+07 1.92135e+07 1.92135e+07 1.92135e+07 1.92135e+07 1.92135e+07 1.92135e+07 1.92135e+07 1.92135e+07 1.92135e+07 1.92135e+07 1.92135e+07 1.92135e+07 1.92135e+07 1.92135e+07 1.92135e+07 1.92135e+07 1.92135e+07 1.92135e+07 1.92135e+07 1.92135e+07 1.92135e+07 1.92135e+07 1.92135e+07 1.92135e+07 1.92135e+07 1.92135e+07 1.92135e+07 1.92135e+07 1.92135e+07 1.92135e+07 1.92135e+07 1.92135e+07 1.92135e+07 1.92135e+07 1.92135e+07 0 0 0 0 0 0 0 0 0 0 0 0 0 0 0 0 0 0 0 0 0 0 0 0 0
#obs cpue bio
 3.78399e+06 3.16236e+06 3.04805e+06 2.56481e+06 1.95894e+06 3.81495e+06 2.61052e+06 1.67825e+06 1.61637e+06 1.67372e+06 1.63059e+06 1.39707e+06 1.59408e+06 1.11897e+06 856877 792202 851084 692677 326294 627751 573620 443608 530893 608196 613223 528326 470056 795285 502456 653185 450914 527045 602868 415564 562903 418902 753170 600003 425073 563885 539330 438355 575334 511711 519786 653158 640883 674750 577598 570106 730098 614190 740860 480970 799650
#pred surv len freq
 0.00427819 0.00704407 0.0107842 0.0155375 0.021216 0.0275118 0.0338822 0.0396997 0.044494 0.0481035 0.0506367 0.0523234 0.053388 0.0539996 0.0542751 0.0543019 0.0541626 0.0539345 0.0536312 0.0530868 0.051856 0.0492669 0.0447065 0.0380353 0.0298445
 0.00450209 0.00734419 0.0111199 0.0158369 0.0214027 0.0275427 0.0337723 0.0395128 0.0443037 0.0479508 0.0505146 0.0521982 0.0532399 0.0538539 0.0542019 0.0543853 0.0544525 0.0544053 0.0541697 0.0535213 0.052022 0.0490789 0.0441976 0.0373395 0.0291313
 0.00464715 0.00760342 0.011548 0.0164855 0.0222914 0.0286249 0.0349182 0.0405355 0.0450276 0.0482823 0.0504699 0.0518715 0.0527446 0.0532813 0.0536188 0.0538507 0.0540221 0.0541096 0.0539825 0.0533515 0.051746 0.0486035 0.0435146 0.0365334 0.0283362
 0.00477319 0.00781748 0.0118891 0.0170007 0.0230305 0.0296271 0.036189 0.0420214 0.0466006 0.0497522 0.0516281 0.0525564 0.0528933 0.0529406 0.0529115 0.0529254 0.0530125 0.0531116 0.0530402 0.0524526 0.0508381 0.0476345 0.0424786 0.03549 0.0273853
 0.00490793 0.0080446 0.0122465 0.0175302 0.023772 0.0306078 0.0374119 0.0434588 0.0481924 0.0514046 0.0532114 0.053909 0.0538462 0.0533615 0.0527497 0.0522287 0.0519059 0.0517496 0.0515583 0.0509381 0.0493302 0.0461504 0.0410483 0.0341742 0.026262
 0.00505618 0.00828874 0.0126203 0.0180689 0.0245073 0.0315596 0.0385791 0.0448139 0.0496844 0.0529656 0.0547607 0.0553505 0.0550641 0.0542246 0.053133 0.0520496 0.0511563 0.050503 0.0499462 0.049109 0.0474171 0.0442625 0.0392803 0.0326145 0.0249846
 0.00525107 0.00860459 0.013094 0.0187342 0.0253896 0.0326665 0.039891 0.0462811 0.0512354 0.0545216 0.0562477 0.0567016 0.056213 0.0550954 0.0536357 0.0520888 0.0506569 0.0494421 0.0483738 0.0471452 0.0452281 0.04203 0.0371763 0.030781 0.0235155
 0.00553399 0.0090649 0.0137868 0.0197095 0.0266807 0.0342729 0.0417621 0.0483134 0.0532904 0.0564567 0.0579447 0.0580798 0.0572266 0.0557195 0.0538477 0.0518538 0.0499278 0.0481788 0.0465759 0.0448819 0.042648 0.0393433 0.0346144 0.0285467 0.02174
 0.00570918 0.00937963 0.0143157 0.02054 0.027893 0.0359075 0.0437895 0.0506246 0.0557164 0.0588062 0.060041 0.0597856 0.0584537 0.0564262 0.0540257 0.0515084 0.0490601 0.0467826 0.0446565 0.0424891 0.0399063 0.0364561 0.0318309 0.0261021 0.0197939
 0.00594105 0.00974763 0.0148553 0.0212849 0.0288769 0.0371631 0.045339 0.0524624 0.0577903 0.0610084 0.0622143 0.0617486 0.0600358 0.0574985 0.0545147 0.05139 0.0483408 0.0454831 0.0428098 0.0401591 0.0372153 0.0335984 0.0290522 0.0236435 0.0178268
 0.00626864 0.010273 0.0156312 0.0223528 0.0302559 0.0388368 0.0472449 0.0544974 0.0598356 0.0629588 0.0639915 0.0632905 0.0612758 0.0583555 0.0549023 0.0512354 0.0476014 0.0441513 0.0409145 0.0377732 0.0344699 0.0306908 0.0262271 0.0211425 0.0158233
 0.00648379 0.0106336 0.0161937 0.0231755 0.0313861 0.0402896 0.0489835 0.0564275 0.0618223 0.0648586 0.0656839 0.0646942 0.0623464 0.0590679 0.0552294 0.0511372 0.0470283 0.0430627 0.0393015 0.0356805 0.0320117 0.0280522 0.0236409 0.0188389 0.0139699
 0.00669357 0.0109741 0.0167061 0.0238996 0.032355 0.0415204 0.0504639 0.0581069 0.063612 0.0666424 0.0673356 0.0660973 0.0634119 0.0597431 0.0554937 0.0509851 0.046453 0.0420505 0.0378454 0.0338069 0.0298074 0.0256746 0.0212988 0.016744 0.0122788
 0.00702398 0.0114869 0.0174323 0.024852 0.0335276 0.0428875 0.0519785 0.0597003 0.0652012 0.068142 0.0686673 0.0671934 0.0642145 0.0602061 0.0555858 0.0506916 0.0457716 0.0409852 0.0364076 0.0320287 0.0277641 0.0234983 0.0191675 0.0148419 0.0107441
 0.00734463 0.0120099 0.0182204 0.0259584 0.034978 0.0446564 0.0539703 0.061755 0.0671305 0.0697809 0.0699115 0.068006 0.0646067 0.0602099 0.0552338 0.0500078 0.044772 0.0396826 0.0348198 0.0301917 0.0257478 0.0214168 0.0171705 0.0130827 0.00933591
 0.00728405 0.0119621 0.018243 0.0261389 0.0354148 0.0454252 0.0550927 0.0631823 0.0687506 0.0714416 0.0714515 0.0692852 0.0655297 0.0607344 0.0553621 0.0497677 0.0441974 0.0388039 0.0336662 0.0288028 0.0241884 0.0197854 0.0155925 0.011685 0.00821259
 0.00734176 0.0120597 0.0183996 0.0263816 0.0357808 0.0459618 0.0558483 0.0641885 0.0699985 0.0728632 0.0729196 0.0706373 0.0666083 0.0614249 0.0556127 0.049586 0.0436298 0.0379131 0.0325164 0.0274585 0.0227234 0.0182915 0.0141761 0.010449 0.00722985
 0.00740721 0.0121572 0.0185303 0.0265423 0.035968 0.0461774 0.0561053 0.0645135 0.070428 0.0734324 0.0736429 0.0714891 0.0675126 0.0622662 0.0562649 0.049947 0.0436454 0.0375813 0.0318759 0.026575 0.0216797 0.0171826 0.0131024 0.00950152 0.0064719
 0.00748605 0.0123101 0.0188041 0.0269903 0.0366308 0.0470552 0.0571386 0.0655884 0.071411 0.0742173 0.0741844 0.0718039 0.067654 0.062286 0.0561848 0.0497515 0.0432969 0.037045 0.0311427 0.0256709 0.0206632 0.0161345 0.0121107 0.00864325 0.00579631
 0.00749836 0.0123285 0.0188313 0.0270339 0.0367092 0.0472024 0.0573996 0.0660032 0.0719892 0.0749187 0.0749223 0.0724743 0.0681744 0.0626199 0.0563384 0.0497491 0.0431551 0.0367643 0.0307164 0.0251033 0.0199839 0.0153994 0.0113909 0.00800618 0.00528793
 0.007538 0.0123674 0.0188431 0.0269806 0.0365538 0.0469293 0.057033 0.0656114 0.0716706 0.074773 0.0750169 0.0728192 0.0687168 0.0632629 0.0569748 0.0502922 0.0435525 0.0369921 0.0307687 0.0249876 0.0197235 0.0150369 0.0109837 0.00761424 0.00495777
 0.00784265 0.0128253 0.0194604 0.0277321 0.0373822 0.0477503 0.0577443 0.0661101 0.0718819 0.07468 0.0746737 0.0723341 0.0682115 0.062829 0.0566486 0.0500571 0.0433611 0.0367928 0.0305236 0.0246794 0.0193564 0.0146337 0.0105802 0.00724896 0.0046606
 0.00778864 0.0127408 0.0193392 0.0275704 0.0371793 0.0475086 0.0574707 0.0658172 0.0715876 0.0744078 0.074452 0.0721957 0.06819 0.06295 0.0569185 0.0504532 0.0438317 0.0372683 0.0309358 0.0249786 0.0195219 0.0146746 0.010528 0.00714573 0.00454575
 0.00791177 0.0129282 0.019597 0.0278941 0.0375531 0.0479055 0.0578529 0.0661382 0.0717994 0.0744721 0.0743519 0.0719429 0.067825 0.0625349 0.0565221 0.0501334 0.0436188 0.0371585 0.0308962 0.0249638 0.0194924 0.01461 0.0104301 0.00703145 0.0044363
 0.00799997 0.0130502 0.0197411 0.0280365 0.0376651 0.047965 0.057853 0.0660887 0.07172 0.0743822 0.0742629 0.0718559 0.067735 0.0624382 0.0564241 0.0500498 0.0435696 0.0371567 0.0309388 0.0250311 0.0195564 0.0146479 0.0104327 0.00700465 0.00439448
 0.00803243 0.0131036 0.0198214 0.0281465 0.0378001 0.0481083 0.0579755 0.0661558 0.0717061 0.074284 0.0741031 0.0716729 0.0675653 0.0623038 0.0563298 0.049991 0.0435414 0.0371575 0.0309669 0.0250794 0.0196115 0.0146939 0.0104586 0.00700861 0.00438259
 0.00797432 0.0130116 0.0196885 0.0279696 0.0375828 0.0478635 0.057726 0.0659299 0.071529 0.0741696 0.0740515 0.0716765 0.0676167 0.0623992 0.0564663 0.0501625 0.0437368 0.0373631 0.0311699 0.0252689 0.0197775 0.0148279 0.0105556 0.00706927 0.00441366
 0.0079478 0.0129738 0.0196411 0.0279169 0.0375295 0.0478121 0.0576752 0.0658762 0.0714701 0.074107 0.0739906 0.071624 0.067578 0.0623781 0.0564663 0.0501869 0.0437873 0.0374379 0.0312627 0.02537 0.0198762 0.0149143 0.0106229 0.00711499 0.00443998
 0.00794356 0.0129561 0.019595 0.0278239 0.0373741 0.0475918 0.0574072 0.0655959 0.0712194 0.0739201 0.0738848 0.0715993 0.0676229 0.0624765 0.0566024 0.0503474 0.0439621 0.037619 0.031443 0.025542 0.0200315 0.0150453 0.0107247 0.00718692 0.00448548
 0.00787599 0.0128625 0.0194834 0.0277094 0.0372719 0.0475073 0.0573312 0.0655092 0.071106 0.0737802 0.0737384 0.0714773 0.0675533 0.0624735 0.0566641 0.0504609 0.0441102 0.0377856 0.0316146 0.0257078 0.0201824 0.015174 0.0108264 0.00726064 0.00453385
 0.0078653 0.0128401 0.0194415 0.0276401 0.0371723 0.0473847 0.0572052 0.0654048 0.0710416 0.0737565 0.0737382 0.0714782 0.067542 0.0624538 0.0566517 0.0504724 0.0441545 0.0378612 0.0317129 0.0258168 0.0202906 0.0152718 0.0109073 0.00732142 0.0045752
 0.00775191 0.0126836 0.0192568 0.0274568 0.0370245 0.047296 0.0571784 0.0654241 0.0710844 0.0738062 0.0737889 0.0715294 0.0675922 0.0624983 0.0566874 0.0505022 0.0441868 0.0379052 0.031773 0.0258909 0.0203713 0.0153499 0.0109751 0.0073744 0.00461241
 0.00769031 0.0125719 0.0190695 0.0271691 0.0366252 0.046804 0.0566514 0.0649487 0.0707463 0.0736575 0.0738312 0.0717229 0.0678795 0.0628265 0.0570184 0.0508138 0.0444691 0.0381568 0.0319966 0.0260891 0.0205444 0.0154957 0.0110911 0.00746024 0.0046707
 0.00769243 0.0125804 0.0190901 0.0272063 0.0366759 0.0468522 0.0566675 0.0649003 0.070617 0.0734616 0.0736127 0.0715362 0.0677644 0.0627937 0.0570532 0.0508894 0.0445611 0.0382497 0.0320841 0.0261702 0.0206191 0.0155631 0.0111489 0.0075062 0.00470398
 0.00768898 0.0125626 0.0190418 0.0271072 0.0365102 0.0466183 0.0563848 0.0646045 0.0703463 0.0732422 0.0734552 0.0714428 0.0677387 0.0628424 0.0571786 0.0510818 0.0447982 0.0385033 0.0323291 0.0263898 0.0208053 0.0157135 0.0112644 0.00758982 0.00476035
 0.00843102 0.013611 0.0203265 0.0284626 0.0377193 0.0474872 0.0568038 0.0645668 0.0699254 0.0725526 0.0726168 0.0705587 0.0668857 0.0620706 0.0565171 0.0505441 0.0443847 0.0382032 0.0321229 0.0262549 0.020721 0.0156636 0.0112374 0.00757717 0.00475592
 0.00912196 0.0147042 0.0219056 0.0305577 0.0402702 0.050304 0.0595547 0.0668296 0.071311 0.0728457 0.0718497 0.0689751 0.0648265 0.0598557 0.0543783 0.048615 0.042724 0.0368234 0.0310117 0.0253873 0.0200659 0.015188 0.0109081 0.00736195 0.00462459
 0.00929139 0.0150382 0.0225153 0.0315794 0.0418268 0.0524443 0.0621923 0.0697191 0.0740806 0.0750796 0.0731951 0.0692372 0.0640189 0.0581847 0.0521649 0.0461948 0.0403682 0.0347063 0.0292182 0.023939 0.0189467 0.0143619 0.0103289 0.00697944 0.0043888
 0.00895482 0.014563 0.0219386 0.0309943 0.0413744 0.0522896 0.0624918 0.0705816 0.0755217 0.0769837 0.0753087 0.0712154 0.0655186 0.0589674 0.0521641 0.0455176 0.0392373 0.0333757 0.0279022 0.0227777 0.0180061 0.0136526 0.00982825 0.00664904 0.00418593
 0.00867239 0.0141104 0.0212744 0.0300973 0.040264 0.0510505 0.0612892 0.0696463 0.0750955 0.0772415 0.0762904 0.0727986 0.0674413 0.0608944 0.0537775 0.0466022 0.0397289 0.0333531 0.0275331 0.0222481 0.0174657 0.0131914 0.00948111 0.00641311 0.00403971
 0.00861893 0.014008 0.0210912 0.0297931 0.0397994 0.0504028 0.0604726 0.0687268 0.0741946 0.0765219 0.0759231 0.0729138 0.0680773 0.0619675 0.0550931 0.0479093 0.0407988 0.0340481 0.0278345 0.0222359 0.0172669 0.0129275 0.00923539 0.00622481 0.00391461
 0.00864983 0.0140497 0.0211366 0.0298268 0.0397965 0.0503306 0.0602951 0.0684141 0.0737375 0.0759491 0.0753117 0.0723826 0.0677593 0.0619658 0.0554362 0.0485299 0.0415505 0.0347579 0.0283656 0.0225294 0.0173448 0.012862 0.0091079 0.00609592 0.00381477
 0.00852769 0.0138856 0.0209526 0.0296629 0.0396965 0.0503212 0.0603687 0.0685269 0.0738247 0.0759487 0.0751883 0.0721439 0.0674599 0.0616957 0.055292 0.048577 0.0417924 0.0351313 0.0287669 0.0228601 0.0175494 0.012939 0.0090945 0.00604012 0.00375387
 0.00869084 0.014102 0.0211901 0.0298666 0.0398108 0.0503201 0.0602745 0.0684012 0.0737324 0.0759193 0.0751989 0.0721364 0.0673791 0.0615235 0.0550605 0.048353 0.0416442 0.0350947 0.0288303 0.0229745 0.0176575 0.0130027 0.00910617 0.00601543 0.00371548
 0.0086645 0.0140877 0.0212182 0.0299746 0.0400239 0.0506261 0.0606127 0.0686796 0.0738706 0.0758898 0.0750378 0.0719143 0.0671567 0.0613259 0.0548835 0.0481885 0.0414994 0.0349901 0.0287827 0.0229813 0.0176962 0.0130443 0.0091305 0.00601788 0.0037031
 0.00869068 0.0141084 0.0212115 0.0299132 0.0398898 0.0504293 0.0603981 0.0685123 0.0738023 0.0759294 0.0751479 0.0720381 0.0672521 0.0613818 0.0549116 0.0482051 0.0415157 0.0350129 0.0288173 0.0230306 0.017756 0.0131039 0.00917836 0.00604765 0.00371597
 0.00880205 0.0142522 0.0213584 0.030011 0.0398764 0.0502543 0.0600454 0.0680129 0.0732319 0.0753901 0.0747385 0.0718221 0.0672396 0.0615342 0.0551659 0.0485014 0.0418123 0.0352882 0.0290627 0.0232436 0.0179359 0.0132493 0.00928786 0.00612254 0.00376129
 0.00871121 0.014148 0.0212793 0.0300123 0.0400058 0.050519 0.0603903 0.0683307 0.0734063 0.0753493 0.0744876 0.0714377 0.0668323 0.061202 0.0549627 0.0484313 0.041845 0.0353819 0.029182 0.0233651 0.0180467 0.0133428 0.00936106 0.00617484 0.00379477
 0.00875462 0.0141879 0.0212856 0.0299469 0.0398423 0.0502681 0.0601114 0.0681126 0.0733219 0.0754115 0.0746407 0.071591 0.0669137 0.0611942 0.0549007 0.0483714 0.0418308 0.0354275 0.0292755 0.0234829 0.0181661 0.0134483 0.00944486 0.00623531 0.00383431
 0.00872902 0.0141689 0.0212964 0.0300161 0.0399892 0.0504833 0.0603493 0.0683066 0.0734183 0.0753993 0.0745529 0.0714769 0.0668042 0.0610893 0.0547847 0.0482379 0.0416933 0.035311 0.0291997 0.0234525 0.0181716 0.0134741 0.0094766 0.00626375 0.00385541
 0.00873177 0.0141689 0.0212895 0.0299998 0.0399675 0.0504717 0.060373 0.0683893 0.0735644 0.0755837 0.0747285 0.0715975 0.0668466 0.0610584 0.0547016 0.0481244 0.0415665 0.0351857 0.0290907 0.0233716 0.0181231 0.013454 0.00947546 0.00627152 0.0038649
 0.00859724 0.0139602 0.0209948 0.029616 0.0395025 0.0499473 0.0598288 0.0678831 0.0731653 0.0753558 0.0747103 0.0717873 0.067202 0.0615118 0.055183 0.0485806 0.0419674 0.0355211 0.0293631 0.0235897 0.0182968 0.0135909 0.00958043 0.00634797 0.00391658
 0.0088341 0.0142898 0.0213881 0.030011 0.0398215 0.0501239 0.0598306 0.0677176 0.0728707 0.0749856 0.0743221 0.0714341 0.0669253 0.061333 0.0550999 0.0485708 0.042 0.0355684 0.029408 0.0236261 0.0183255 0.0136149 0.00960154 0.00636627 0.00393126
 0.00903477 0.0146511 0.021991 0.0309373 0.0411155 0.0517428 0.0616116 0.0693972 0.074162 0.0756766 0.0743404 0.0708496 0.0659013 0.0600637 0.0537602 0.0472897 0.0408541 0.0345907 0.0286025 0.0229823 0.0178281 0.0132469 0.00934392 0.00619766 0.00382915
 0.00871962 0.014192 0.0214031 0.0302802 0.0404903 0.0512778 0.0614371 0.0696094 0.0747801 0.076614 0.075416 0.0718453 0.06664 0.0604639 0.053842 0.0471404 0.0405802 0.0342813 0.0283143 0.0227418 0.0176416 0.0131104 0.00924964 0.00613678 0.00379284
#obs surv len freq
 nan nan nan nan nan nan nan nan nan nan nan nan nan nan nan nan nan nan nan nan nan nan nan nan nan
 0.00447863 0.00733727 0.0111648 0.0159797 0.0216802 0.0279568 0.0342728 0.0400063 0.0446881 0.0481542 0.0505141 0.0520118 0.0529058 0.0534196 0.0537351 0.0539908 0.05427 0.0545632 0.0547022 0.0542942 0.0527321 0.0493638 0.0438127 0.0362916 0.027674
 0.0046181 0.00756312 0.0115028 0.0164523 0.0223017 0.0287247 0.0351599 0.0409576 0.0456276 0.0489988 0.0511892 0.0524624 0.0531027 0.0533606 0.053441 0.053498 0.0536214 0.053801 0.0538653 0.0534192 0.0518576 0.0485324 0.0430689 0.0356728 0.027201
 0.00478432 0.00783714 0.0119221 0.0170535 0.0231125 0.0297517 0.0363756 0.0422965 0.0469949 0.0502875 0.0522975 0.0533049 0.0536174 0.0535131 0.0532263 0.0529393 0.0527639 0.052704 0.0525946 0.0520452 0.0504557 0.0471839 0.0418544 0.0346591 0.0264249
 0.0049731 0.00814628 0.0123917 0.0177232 0.0240142 0.0308985 0.0377489 0.0438397 0.0486181 0.0518813 0.0537479 0.0545055 0.0544778 0.0539655 0.0532314 0.0524886 0.0518803 0.0514392 0.0510253 0.0502691 0.0485885 0.0453533 0.0401868 0.0332579 0.0253481
 0.00518045 0.00848643 0.0129094 0.0184623 0.0250097 0.0321634 0.039261 0.0455366 0.0504056 0.0536502 0.0553888 0.0559164 0.0555665 0.0546519 0.0534515 0.0522014 0.0510741 0.0501379 0.0492929 0.0482113 0.04635 0.0431065 0.0381079 0.0314937 0.0239842
 0.00541908 0.00887445 0.0134937 0.0192869 0.0261081 0.0335461 0.0409023 0.0473691 0.0523287 0.0555483 0.0571489 0.0574378 0.0567626 0.0554488 0.0537856 0.0520205 0.0503435 0.0488516 0.0474881 0.0459811 0.0438484 0.0405362 0.0356888 0.0294162 0.022365
 0.00565495 0.00926261 0.0140865 0.0201359 0.0272537 0.0350015 0.0426374 0.0493058 0.0543535 0.0575352 0.0589798 0.0590131 0.0580018 0.0562861 0.0541655 0.0518942 0.0496703 0.047609 0.0456894 0.043698 0.0412257 0.0377866 0.0330585 0.027129 0.0205659
 0.00588434 0.00964028 0.014664 0.0209648 0.0283764 0.036436 0.0443609 0.0512477 0.0564042 0.0595661 0.0608641 0.0606398 0.059282 0.0571529 0.054569 0.0517945 0.0490337 0.0464115 0.0439338 0.0414389 0.0385923 0.0349855 0.0303438 0.024742 0.0186715
 0.00614238 0.0100581 0.0152899 0.021843 0.0295399 0.0378938 0.0460852 0.0531682 0.0584164 0.0615495 0.0627001 0.0622229 0.0605248 0.0579874 0.0549447 0.0516744 0.0483896 0.045225 0.0422074 0.0392193 0.0359957 0.0322062 0.0276296 0.0223371 0.0167493
 0.00639609 0.0104765 0.0159302 0.0227609 0.0307768 0.0394582 0.0479345 0.0552054 0.0605075 0.0635531 0.064493 0.0637105 0.06164 0.0586835 0.0551886 0.0514415 0.0476604 0.0439872 0.0404665 0.0370191 0.0334427 0.0294808 0.024966 0.0199704 0.0148507
 0.00659913 0.0108144 0.0164535 0.0235225 0.0318222 0.0408094 0.0495723 0.0570612 0.0624706 0.0654897 0.0662689 0.0652094 0.0627739 0.0593954 0.055448 0.0512345 0.0469808 0.0428334 0.03885 0.0349831 0.0310844 0.026963 0.0225014 0.017775 0.0130838
 0.0068342 0.0111944 0.0170214 0.0243176 0.0328732 0.0421238 0.0511245 0.0587874 0.0642747 0.0672594 0.0678912 0.0665815 0.0638107 0.0600345 0.0556514 0.0509858 0.0462796 0.04169 0.0372875 0.0330502 0.0288742 0.0246235 0.0202231 0.0157505 0.0114558
 0.00705987 0.0115667 0.0175913 0.0251339 0.0339711 0.0435066 0.0527483 0.0605583 0.0660671 0.0689444 0.0693604 0.067756 0.064638 0.0604814 0.0556984 0.0506246 0.0455118 0.0405281 0.0357583 0.0312053 0.0268031 0.0224607 0.018137 0.0139088 0.00998053
 0.00725794 0.0118932 0.0180912 0.0258517 0.0349425 0.0447438 0.0542242 0.0622002 0.0677643 0.0705685 0.0707881 0.0688877 0.0654073 0.060856 0.0556734 0.0502116 0.04473 0.0394007 0.0343175 0.0295024 0.0249208 0.0205189 0.0162815 0.0122822 0.00868422
 0.00744983 0.0122055 0.0185616 0.0265157 0.0358258 0.0458521 0.0555317 0.0636449 0.0692555 0.0720019 0.0720619 0.0699132 0.0661159 0.0612042 0.0556442 0.0498116 0.0439828 0.0383401 0.0329856 0.0279552 0.0232368 0.018804 0.01466 0.0108723 0.00756772
 0.00753288 0.0123457 0.0187827 0.0268441 0.0362867 0.0464624 0.0562921 0.0645353 0.0702369 0.0730213 0.0730576 0.070819 0.0668654 0.061736 0.0559085 0.0497765 0.0436373 0.0376945 0.0320706 0.0268217 0.0219584 0.0174761 0.0133906 0.0097621 0.00668572
 0.00757012 0.0124021 0.0188606 0.0269455 0.036416 0.0466301 0.0565158 0.0648372 0.0706361 0.0735251 0.0736548 0.0714776 0.0675348 0.0623531 0.0564057 0.0500909 0.04372 0.0375184 0.0316354 0.0261567 0.0211222 0.0165516 0.0124735 0.00894168 0.00602477
 0.0076576 0.0125322 0.0190337 0.0271535 0.0366443 0.0468618 0.056736 0.0650373 0.0708173 0.0737006 0.0738464 0.0717067 0.067811 0.0626648 0.0567186 0.0503533 0.0438738 0.0375128 0.0314394 0.0257686 0.0205735 0.0159033 0.0118039 0.00832758 0.00552232
 0.0077158 0.0126276 0.019178 0.0273559 0.036907 0.0471742 0.0570716 0.0653567 0.0710803 0.0738809 0.0739416 0.0717387 0.0678154 0.0626757 0.0567541 0.0504075 0.0439173 0.0375018 0.0313309 0.0255364 0.0202197 0.0154607 0.0113275 0.00787779 0.00514693
 0.00775185 0.0126803 0.0192467 0.0274375 0.0369983 0.047275 0.0571852 0.0654872 0.0712265 0.0740326 0.0740816 0.0718498 0.0678896 0.0627188 0.0567815 0.0504336 0.0439441 0.0375143 0.0313011 0.0254362 0.0200352 0.0152019 0.0110264 0.00757788 0.00488696
 0.007827 0.0127933 0.0193994 0.0276246 0.037208 0.0474906 0.057388 0.0656594 0.0713557 0.0741148 0.0741208 0.0718537 0.0678652 0.0626706 0.0567143 0.0503542 0.0438599 0.0374273 0.0312044 0.0253158 0.0198786 0.0150075 0.0108083 0.00736116 0.00469742
 0.00786623 0.0128565 0.019493 0.0277529 0.0373712 0.047682 0.0575919 0.0658529 0.0715141 0.07422 0.0741662 0.0718453 0.0678168 0.0625976 0.0566288 0.0502638 0.0437681 0.0373346 0.0311083 0.0252103 0.0197572 0.014868 0.010657 0.0072116 0.00456564
 0.00787281 0.0128657 0.0195045 0.0277663 0.0373868 0.0477022 0.0576214 0.0658965 0.0715742 0.0742929 0.074243 0.0719145 0.0678688 0.0626285 0.0566401 0.0502599 0.0437533 0.0373111 0.0310752 0.0251648 0.0196962 0.014791 0.0105681 0.00711998 0.00448216
 0.00787603 0.0128677 0.0195013 0.0277526 0.0373573 0.0476547 0.0575587 0.0658279 0.0715132 0.0742541 0.0742369 0.0719444 0.0679298 0.0627089 0.0567261 0.0503399 0.04382 0.0373611 0.0311069 0.0251773 0.0196888 0.0147647 0.0105269 0.00707097 0.00443379
 0.00787791 0.0128655 0.0194886 0.0277199 0.0372952 0.0475572 0.0574276 0.0656738 0.071354 0.0741117 0.0741328 0.0718949 0.0679426 0.0627813 0.0568453 0.0504868 0.0439742 0.0375052 0.0312292 0.025271 0.0197518 0.0147983 0.0105359 0.00706274 0.00441668
 0.00790398 0.0129042 0.0195396 0.0277795 0.0373558 0.0476077 0.0574548 0.0656648 0.0713007 0.0740152 0.0740052 0.0717578 0.0678205 0.0626949 0.0568063 0.0504956 0.0440212 0.0375749 0.0313049 0.025339 0.0198033 0.0148302 0.0105494 0.00706237 0.00440841
 0.00787515 0.0128583 0.0194723 0.0276881 0.03724 0.0474711 0.0573054 0.0655146 0.071163 0.0739007 0.0739209 0.0717073 0.0678063 0.0627199 0.0568725 0.0506021 0.0441616 0.037737 0.0314723 0.0254953 0.0199355 0.0149308 0.0106179 0.00710316 0.00442887
 0.00787092 0.0128466 0.0194459 0.0276374 0.0371562 0.0473499 0.0571509 0.0653398 0.070987 0.0737435 0.0737986 0.0716295 0.0677763 0.0627361 0.0569309 0.0506976 0.0442881 0.037886 0.0316323 0.0256525 0.0200763 0.0150456 0.0107022 0.00715866 0.00446118
 0.00787824 0.0128584 0.0194633 0.02766 0.0371809 0.0473699 0.0571551 0.065316 0.0709264 0.0736459 0.0736744 0.0714971 0.067656 0.0626446 0.0568781 0.0506864 0.0443162 0.0379472 0.0317175 0.0257503 0.0201743 0.0151328 0.0107715 0.00720759 0.0044918
 0.00783794 0.0127956 0.0193739 0.027543 0.0370391 0.0472107 0.056991 0.0651622 0.0707971 0.0735502 0.0736144 0.07147 0.0676587 0.062676 0.056939 0.0507771 0.0444344 0.0380872 0.0318703 0.0259049 0.0203194 0.0152584 0.0108711 0.0072795 0.00453867
 0.00781941 0.0127616 0.019316 0.0274515 0.0369062 0.0470353 0.0567823 0.0649402 0.0705882 0.0733796 0.0735 0.071419 0.067668 0.062736 0.0570382 0.0509055 0.044584 0.0382511 0.0320412 0.0260738 0.0204765 0.0153947 0.0109803 0.00735958 0.00459206
 0.00779285 0.0127166 0.0192449 0.0273459 0.0367587 0.0468423 0.0565476 0.0646771 0.0703188 0.0731322 0.0733033 0.0712966 0.0676331 0.0627887 0.0571667 0.0510903 0.0448041 0.0384874 0.032278 0.0262984 0.0206785 0.0155657 0.0111155 0.00745837 0.00465814
 0.0077627 0.0126674 0.0191703 0.02724 0.036617 0.0466632 0.0563347 0.0644401 0.070073 0.0728966 0.0730988 0.0711437 0.0675495 0.0627858 0.0572466 0.0512448 0.0450158 0.0387339 0.0325366 0.0265489 0.020905 0.0157575 0.0112668 0.00756892 0.00473227
 0.00772516 0.0126053 0.0190751 0.0271035 0.0364335 0.0464333 0.0560677 0.0641544 0.0697926 0.0726459 0.072898 0.0710072 0.0674863 0.0628004 0.0573394 0.0514105 0.0452426 0.0390038 0.0328269 0.0268362 0.0211685 0.015982 0.0114442 0.00769836 0.004819
 0.00932593 0.0148462 0.0217799 0.0298848 0.0388051 0.0479894 0.0566253 0.0637807 0.0687238 0.0711667 0.0712531 0.0693676 0.0659554 0.061434 0.0561632 0.0504325 0.0444591 0.038402 0.0323867 0.0265318 0.0209712 0.0158635 0.0113793 0.00766671 0.00480586
 0.00930937 0.0151141 0.0227024 0.0319208 0.0423023 0.0529139 0.0623902 0.069342 0.0729506 0.0732875 0.07111 0.0673585 0.0627595 0.0577216 0.0524298 0.0469712 0.0414098 0.0358131 0.0302587 0.0248404 0.019677 0.0149161 0.0107211 0.00723644 0.00454349
 0.00895325 0.0145558 0.0219225 0.0309721 0.0413628 0.0523217 0.0626029 0.0707733 0.075724 0.0770518 0.0750838 0.0706262 0.0646527 0.0580507 0.0514537 0.0451827 0.0393026 0.0337477 0.0284379 0.0233463 0.0185189 0.0140654 0.0101305 0.00685133 0.00430952
 0.0087874 0.0142731 0.0214739 0.0303073 0.0404499 0.0511822 0.0613545 0.0696577 0.0750847 0.0772389 0.0762966 0.0727679 0.0672992 0.060589 0.0533294 0.0461115 0.0393263 0.0331335 0.027516 0.0223856 0.0176804 0.0134136 0.00966753 0.00654789 0.00412576
 0.00872257 0.0141623 0.021296 0.0300361 0.0400563 0.0506403 0.0606538 0.0688216 0.0741922 0.0764402 0.0758041 0.0728009 0.0679875 0.0618785 0.0549594 0.0477 0.0405276 0.0337714 0.0276192 0.0221218 0.017252 0.0129788 0.00931233 0.00629706 0.00396809
 0.00869166 0.0141089 0.0212094 0.0299034 0.0398634 0.0503745 0.0603066 0.0683911 0.0736865 0.0758857 0.0752577 0.0723599 0.0677804 0.0620244 0.0555052 0.0485709 0.0415335 0.0346792 0.0282512 0.0224198 0.0172723 0.0128367 0.00911907 0.00612435 0.00384417
 0.00867401 0.0140809 0.021168 0.0298455 0.0397851 0.0502706 0.0601705 0.0682155 0.0734654 0.0756168 0.0749476 0.0720318 0.0674811 0.0618248 0.0554835 0.0487784 0.0419579 0.0352331 0.028802 0.022847 0.0175167 0.0129114 0.00908326 0.00604395 0.00376526
 0.00865884 0.0140592 0.0211408 0.0298154 0.039755 0.0502418 0.0601413 0.0681802 0.0734149 0.0755403 0.0748355 0.0718801 0.0672974 0.0616339 0.055328 0.0487096 0.0420152 0.0354208 0.0290785 0.0231396 0.0177545 0.0130555 0.00913626 0.006036 0.00373166
 0.00867328 0.0140756 0.0211527 0.029813 0.0397288 0.0501877 0.0600636 0.0680911 0.0733287 0.0754667 0.0747752 0.0718255 0.0672382 0.0615641 0.0552534 0.0486496 0.0419977 0.0354689 0.0291957 0.0233033 0.0179245 0.0131933 0.00922201 0.0060723 0.00373527
 0.00864624 0.0140402 0.0211147 0.0297819 0.0397135 0.0501906 0.0600777 0.068102 0.0733226 0.0754373 0.0747268 0.0717688 0.067183 0.0615149 0.0552103 0.0486142 0.0419771 0.0354748 0.0292378 0.0233807 0.0180227 0.0132899 0.00929764 0.0061187 0.00375584
 0.0086241 0.0140024 0.0210552 0.0296956 0.0395999 0.0500572 0.0599416 0.067986 0.0732463 0.0754089 0.0747402 0.0718089 0.0672342 0.0615673 0.0552602 0.0486618 0.042025 0.0355275 0.0293003 0.0234554 0.018106 0.0133725 0.00936809 0.00616953 0.00378618
 0.00863519 0.0140171 0.021071 0.0297075 0.0396008 0.0500399 0.059901 0.0679217 0.0731648 0.0753231 0.0746655 0.0717578 0.0672111 0.0615684 0.0552769 0.0486859 0.0420521 0.0355573 0.029335 0.023497 0.0181542 0.0134232 0.00941498 0.00620689 0.00381147
 0.00863374 0.0140196 0.0210834 0.0297373 0.039654 0.0501165 0.0599917 0.0680088 0.0732276 0.0753457 0.074643 0.0716973 0.0671283 0.0614806 0.0551976 0.0486217 0.0420041 0.0355241 0.0293153 0.0234901 0.018159 0.0134369 0.00943317 0.00622481 0.00382569
 0.00862789 0.0140106 0.0210711 0.0297229 0.0396406 0.0501098 0.059999 0.0680366 0.073277 0.0754098 0.0747072 0.0717446 0.0671466 0.0614674 0.05516 0.048572 0.0419543 0.0354822 0.0292852 0.0234724 0.0181525 0.0134393 0.00944117 0.00623486 0.00383486
 0.00861068 0.0139825 0.0210286 0.0296633 0.0395631 0.0500171 0.0598991 0.0679427 0.0732051 0.0753741 0.0747153 0.0717939 0.067225 0.0615574 0.055245 0.0486416 0.042006 0.0355197 0.0293139 0.0234972 0.0181758 0.0134615 0.00946146 0.00625197 0.00384791
 0.00861068 0.0139825 0.0210286 0.0296633 0.0395631 0.0500171 0.0598991 0.0679427 0.0732051 0.0753741 0.0747153 0.0717939 0.067225 0.0615574 0.055245 0.0486416 0.042006 0.0355197 0.0293139 0.0234972 0.0181758 0.0134615 0.00946146 0.00625197 0.00384791
 0.00853927 0.0138685 0.0208615 0.0294359 0.0392747 0.0496773 0.0595312 0.0675829 0.0728966 0.0751569 0.0746167 0.0718237 0.0673742 0.0618014 0.0555488 0.0489681 0.0423231 0.0358054 0.0295572 0.0236958 0.0183324 0.0135808 0.00954858 0.00631233 0.00388708
 0.00863201 0.0140065 0.021045 0.0296549 0.0395098 0.0499019 0.0597147 0.0676955 0.0729159 0.0750758 0.0744478 0.0715969 0.0671284 0.0615733 0.055364 0.0488368 0.0422415 0.0357615 0.0295371 0.0236884 0.018331 0.0135824 0.00955178 0.00631623 0.00389088
 0.00887626 0.0144085 0.021656 0.0305175 0.0406387 0.051259 0.0611905 0.069116 0.0740821 0.0758198 0.0746782 0.0713145 0.0664121 0.0605508 0.0541784 0.0476187 0.0410913 0.0347422 0.0286787 0.0229965 0.0177964 0.0131877 0.00927554 0.00613462 0.00377983
 0.00869825 0.0141476 0.0213188 0.0301353 0.0402676 0.0509735 0.061072 0.0692326 0.0744618 0.0764283 0.0754169 0.0720465 0.0670068 0.0609231 0.0543071 0.0475389 0.0408706 0.0344547 0.0283848 0.0227351 0.0175853 0.0130298 0.00916532 0.0060628 0.00373637
#pred catch len freq
 0.00312765 0.00510541 0.00775604 0.0111398 0.0153021 0.0202195 0.0257407 0.0315863 0.0374109 0.0428758 0.0476971 0.0516782 0.0547333 0.0568873 0.0582478 0.0589713 0.0592392 0.0592253 0.0590155 0.0584762 0.0571473 0.0543049 0.0492822 0.0419296 0.0329007
 0.00329625 0.00533324 0.00801506 0.0113795 0.0154689 0.0202836 0.0257126 0.0315086 0.0373285 0.0428055 0.04762 0.0515622 0.0545695 0.0567158 0.0581536 0.0590501 0.0595465 0.0597324 0.0595972 0.0589433 0.0573185 0.0540864 0.0487112 0.0411541 0.0321077
 0.00343878 0.00557576 0.00839589 0.0119301 0.016194 0.0211385 0.0265938 0.0322754 0.0378542 0.0430287 0.0475613 0.0512959 0.0541783 0.0562639 0.0576931 0.0586377 0.0592429 0.0595729 0.0595546 0.0589167 0.0571695 0.0537082 0.0480886 0.040375 0.0313162
 0.00357364 0.00579774 0.00873747 0.0124294 0.0168935 0.0220762 0.0277837 0.0336801 0.0393632 0.0444627 0.0487129 0.0519966 0.0543556 0.0559567 0.0570199 0.0577466 0.0582699 0.058617 0.0586607 0.058069 0.056307 0.052769 0.0470611 0.0393198 0.0303409
 0.00370883 0.00601964 0.00907655 0.0129187 0.0175667 0.0229631 0.0289027 0.0350289 0.0409091 0.0461299 0.050372 0.0534687 0.0554437 0.0565006 0.0569498 0.0571044 0.0571858 0.0572567 0.0571704 0.0565421 0.054783 0.051262 0.0455986 0.0379636 0.0291745
 0.00385881 0.00626152 0.00943817 0.0134279 0.0182503 0.0238437 0.0299921 0.0363218 0.0423784 0.0477248 0.0520156 0.0550542 0.0568329 0.0575344 0.0574764 0.0570216 0.0564775 0.0560003 0.0555094 0.054639 0.0527827 0.0492816 0.0437383 0.0363172 0.0278214
 0.00407014 0.00659713 0.0099292 0.0141001 0.0191224 0.0249235 0.0312709 0.0377695 0.0439446 0.0493447 0.0536168 0.0565589 0.0581559 0.0585771 0.0581263 0.0571639 0.0560232 0.0549211 0.0538596 0.0525514 0.0504405 0.0468842 0.0414737 0.0343403 0.026235
 0.00434851 0.00704213 0.0105854 0.0150052 0.0203022 0.0263833 0.0329836 0.0396694 0.045932 0.0513023 0.0554286 0.0581256 0.0594012 0.059444 0.0585644 0.0571165 0.0554271 0.0537263 0.0520633 0.0502289 0.0477547 0.0440645 0.0387718 0.0319766 0.0243525
 0.00454376 0.00737543 0.0111173 0.0158045 0.0214343 0.0278894 0.0348581 0.0418462 0.0482885 0.0536778 0.0576504 0.0600347 0.0608739 0.0604019 0.0589694 0.0569527 0.0546821 0.0523857 0.0501293 0.0477551 0.0448779 0.041008 0.035809 0.0293655 0.022269
 0.00479409 0.00776812 0.0116847 0.0165755 0.0224392 0.0291634 0.0364337 0.0437344 0.0504539 0.0560212 0.0600108 0.0622142 0.0626773 0.0616743 0.059615 0.0569315 0.0539914 0.0510421 0.0481663 0.0452426 0.0419517 0.0378845 0.0327619 0.0266638 0.0201044
 0.0050864 0.00823213 0.0123623 0.0174985 0.0236253 0.03061 0.0381124 0.0455911 0.0524194 0.0580222 0.0619713 0.0640459 0.0642692 0.0628959 0.0603365 0.057049 0.0534433 0.049813 0.0462856 0.0427907 0.0390741 0.0348003 0.0297426 0.0239776 0.0179455
 0.00531015 0.00859775 0.0129167 0.0182883 0.0246898 0.0319687 0.0397496 0.0474474 0.0543954 0.0599968 0.0638248 0.0656781 0.0656051 0.0638774 0.060907 0.0571435 0.052994 0.0487674 0.044631 0.0405768 0.0364296 0.0319335 0.0269155 0.0214496 0.0159061
 0.00552946 0.00894778 0.0134329 0.0190035 0.0256331 0.0331614 0.0411956 0.0491206 0.0562314 0.0618927 0.0656506 0.0672981 0.066903 0.0647734 0.061358 0.057128 0.0524935 0.0477603 0.0431064 0.0385635 0.0340258 0.0293179 0.0243247 0.019124 0.0140244
 0.00585779 0.00945376 0.0141434 0.0199272 0.0267633 0.0344798 0.0426723 0.050711 0.057875 0.0635153 0.0671684 0.0686224 0.0679466 0.0654606 0.0616341 0.0569629 0.0518763 0.0466915 0.0415971 0.0366502 0.0317943 0.0269188 0.021961 0.0170061 0.0123111
 0.00613105 0.00989596 0.0148043 0.0208496 0.0279724 0.0359679 0.0443845 0.0525441 0.0596959 0.0651913 0.0685931 0.0697255 0.06869 0.0658269 0.061616 0.0565578 0.0510849 0.0455198 0.0400625 0.0347934 0.029696 0.0247102 0.0198142 0.0150981 0.0107745
 0.00617607 0.0100004 0.0150205 0.0212487 0.0286311 0.0369445 0.0456929 0.0541377 0.0614682 0.0669922 0.0702565 0.0711018 0.0696731 0.0663667 0.0617118 0.0562377 0.0503852 0.0444738 0.0387032 0.0331662 0.0278757 0.0228104 0.0179797 0.013475 0.00947096
 0.00622457 0.0100831 0.0151551 0.0214621 0.0289639 0.0374516 0.0464358 0.0551642 0.0627834 0.0685344 0.0718924 0.0726508 0.0709525 0.067236 0.0620988 0.0561375 0.0498406 0.0435496 0.0374691 0.031695 0.0262522 0.0211409 0.0163876 0.0120801 0.00835875
 0.00635843 0.0102844 0.015428 0.0218007 0.0293563 0.037887 0.0469116 0.0556905 0.0633835 0.0692359 0.0727097 0.0735619 0.0718841 0.0680718 0.0627083 0.0564146 0.0497299 0.0430521 0.036631 0.0305919 0.0249788 0.0198059 0.0151058 0.0109553 0.00746246
 0.00643922 0.0104334 0.0156836 0.0222061 0.0299451 0.0386628 0.0478321 0.05667 0.0643173 0.0700365 0.0733328 0.0740111 0.0721917 0.0682673 0.0627935 0.0563571 0.0494785 0.0425644 0.035896 0.0296406 0.0238802 0.0186548 0.0140054 0.00999645 0.00670408
 0.00641044 0.0103905 0.0156291 0.022152 0.0299186 0.0387098 0.048012 0.057037 0.0648918 0.0707822 0.0741589 0.0748022 0.0728507 0.0687439 0.0630822 0.0564727 0.0494297 0.0423444 0.0354933 0.0290592 0.0231547 0.0178512 0.0132074 0.0092839 0.00613213
 0.00648411 0.0104847 0.0157235 0.0222125 0.0299076 0.0386034 0.0478175 0.0568002 0.0646905 0.0707051 0.0742748 0.0751313 0.0733526 0.0693304 0.0636507 0.0569386 0.0497414 0.0424789 0.0354453 0.0288365 0.0227828 0.0173773 0.0126962 0.00880233 0.00573164
 0.00660759 0.0106673 0.0159633 0.0224927 0.0301969 0.0388604 0.0479963 0.0568618 0.0646173 0.0705151 0.0740255 0.0749051 0.0732272 0.0693481 0.0638017 0.0571679 0.0499728 0.042642 0.0354928 0.0287499 0.0225707 0.0170721 0.0123461 0.00845988 0.00543943
 0.00661262 0.0106726 0.0159654 0.0224851 0.0301698 0.0388013 0.0478921 0.0567018 0.064399 0.0702506 0.0737448 0.0746558 0.0730654 0.0693237 0.06394 0.0574567 0.0503617 0.0430556 0.0358541 0.0290012 0.022687 0.0170619 0.0122436 0.00831111 0.00528738
 0.00666738 0.0107559 0.0160801 0.0226296 0.0303384 0.0389835 0.0480725 0.0568587 0.0645058 0.0702796 0.0736766 0.0744886 0.0728222 0.0690507 0.0636958 0.0572926 0.0503032 0.0430929 0.035947 0.029097 0.0227412 0.0170532 0.0121772 0.00821018 0.00518026
 0.00671965 0.0108255 0.0161567 0.0226947 0.0303711 0.0389702 0.0480131 0.0567679 0.0644056 0.0701899 0.0736066 0.0744351 0.0727745 0.0690002 0.0636444 0.0572555 0.0503012 0.0431398 0.0360384 0.0292095 0.0228427 0.0171175 0.0121945 0.00818849 0.00513745
