SBPRF35
8.68859
Curr Bio
608718
B35
576463
F35
0.202992
FOFL
0.202992
OFL
94429.1
Bzero
2.48245e+006
#pred survey bio
 2.7873e+006 2.96166e+006 3.13292e+006 3.12271e+006 3.01097e+006 2.80413e+006 2.47417e+006 2.2179e+006 1.88044e+006 1.61473e+006 1.45154e+006 1.28439e+006 1.1592e+006 1.05966e+006 977299 894707 810880 697603 634745 578064 542508 546010 563755 561006 532468 488163 474880 465933 469909 469197 458850 472431 506936 544835 578235 574333 526283 501782 513763 533378 547337 548459 526902 529865 567410 599708 599102 570776 578945 573953 566861 581768 596036 604342 616820 1.37834e+007 1.27348e+007 1.31549e+007 1.39475e+007 1.49183e+007 1.58933e+007 1.67677e+007 1.74972e+007 1.80771e+007 1.8523e+007 1.88586e+007 1.91075e+007 1.92905e+007 1.94246e+007 1.95228e+007 1.95948e+007 1.96478e+007 1.96871e+007 1.97162e+007 1.9738e+007 1.97544e+007 1.97668e+007 1.97762e+007 1.97834e+007 1.97889e+007 1.97931e+007 1.97964e+007 1.97989e+007 1.98009e+007 1.98024e+007 1.98036e+007 1.98045e+007 1.98052e+007 1.98058e+007 1.98062e+007 1.98065e+007 1.98068e+007 1.9807e+007 1.98072e+007 1.98073e+007 1.98074e+007 1.98075e+007 1.98076e+007 1.98076e+007 1.98077e+007 1.98077e+007 1.98077e+007 1.98077e+007 1.98077e+007 1.98077e+007 1.98078e+007 1.98078e+007 1.98078e+007 1.98078e+007 1.98078e+007 1.98078e+007 1.98078e+007 1.98078e+007 1.98078e+007 1.98078e+007 1.98078e+007 1.98078e+007 1.98078e+007 1.98078e+007 1.98078e+007 1.98078e+007 1.98078e+007 1.98078e+007 1.98078e+007 1.98078e+007 1.98078e+007 1.98078e+007 1.98078e+007 1.98078e+007 1.98078e+007 1.98078e+007 1.98078e+007 1.98078e+007 1.98078e+007 1.98078e+007 1.98078e+007 1.98078e+007 1.98078e+007 1.98078e+007 1.98078e+007 1.98078e+007 1.98078e+007 1.98078e+007 1.98078e+007 1.98078e+007 1.98078e+007 1.98078e+007 1.98078e+007 1.98078e+007 1.98078e+007 1.98078e+007 1.98078e+007 1.98078e+007 1.98078e+007 1.98078e+007 0 0 0 0 0 0 0 0 0 0 0 0 0 0 0 0 0 0 0 0 0 0 0 0 0
#obs survey bio
 2.6195e+006 2.9376e+006 4.07316e+006 3.52384e+006 2.44876e+006 2.88493e+006 1.96698e+006 2.31846e+006 1.49392e+006 1.331e+006 1.44164e+006 1.57653e+006 986114 1.37974e+006 940990 913313 874181 584644 826606 522402 630957 566833 582487 693387 598002 408149 556188 364253 498146 543607 366927 492083 519462 647623 818492 696674 575294 456235 554682 526806 408551 484067 368638 421435 665321 874346 672743 445786 739166 450912 532210 660384 604405 628621 582794
#pred catch bio
 82167.1 88096.5 156983 204616 234247 288310 269463 292123 308978 288149 315364 283471 276011 247734 237701 218516 201895 167508 164868 153884 128109 116257 121802 124625 117160 101233 103438 96637.7 96449.9 107266 98697.7 95299.9 99869.2 94830.5 91175.7 99607.6 93868.4 90178.7 86155.7 92611.4 87712.8 84185.3 91242.2 88599.8 93367.5 89225.8 91066.6 89846.1 90164.5 90632.9 79624.4 86417.1 99935.2 81092.7 110946 94429.1 95053.9 96912.2 101782 108433 115193 121176 126051 129803 132577 134566 135959 136918 137568 138004 138294 138486 138612 138694 138748 138782 138805 138820 138829 138835 138839 138841 138843 138844 138845 138845 138845 138846 138846 138846 138846 138846 138846 138846 138846 138846 138846 138846 138846 138846 138846 138846 138846 138846 138846 138846 138846 138846 138846 138846 138846 138846 138846 138846 138846 138846 138846 138846 138846 138846 138846 138846 138846 138846 138846 138846 138846 138846 138846 138846 138846 138846 138846 138846 138846 138846 138846 138846 138846 138846 138846 138846 138846 138846 138846 138846 138846 138846 138846 138846 138846 138846 138846 138846 138846 0 0 0 0 0 0 0 0 0 0 0 0 0 0 0 0 0 0 0 0 0 0 0 0 0
#obs catch bio
 0 87786.8 157216 204769 234035 288612 269380 291661 309192 288230 316205 283073 277291 247540 238000 218850 201232 167405 164835 154177 128470 116358 121780 124632 116916 101189 103576 96744.4 96244.5 107270 98722.4 95536.4 100289 94932.5 90938 99510.6 93825.7 90417.1 86072 92777.5 87679.8 83930.9 91350.4 88783.6 93563.1 89064.2 90920.6 90015 90111 90696.6 79509.3 86356.9 100332 80689.6 111234
#pred cpue bio
 2.75489e+006 2.92761e+006 3.09547e+006 3.08356e+006 2.97132e+006 2.76476e+006 2.43665e+006 2.18145e+006 1.84685e+006 1.58297e+006 1.42028e+006 1.25396e+006 1.12923e+006 1.02977e+006 947652 865565 782937 672442 611180 556093 521404 524664 541852 539229 511763 469094 456323 447748 451710 451203 441170 454184 487494 524165 556782 553351 505890 480422 490850 509787 523457 524868 504460 507013 542869 573949 573713 546631 554370 549820 543005 557425 571339 579244 591580 1.32098e+007 1.2201e+007 1.25103e+007 1.3218e+007 1.41683e+007 1.51398e+007 1.60137e+007 1.67432e+007 1.7323e+007 1.7769e+007 1.81046e+007 1.83534e+007 1.85365e+007 1.86706e+007 1.87688e+007 1.88408e+007 1.88938e+007 1.8933e+007 1.89622e+007 1.8984e+007 1.90004e+007 1.90128e+007 1.90222e+007 1.90294e+007 1.90349e+007 1.90391e+007 1.90424e+007 1.90449e+007 1.90468e+007 1.90484e+007 1.90495e+007 1.90505e+007 1.90512e+007 1.90517e+007 1.90522e+007 1.90525e+007 1.90528e+007 1.9053e+007 1.90532e+007 1.90533e+007 1.90534e+007 1.90535e+007 1.90535e+007 1.90536e+007 1.90536e+007 1.90536e+007 1.90537e+007 1.90537e+007 1.90537e+007 1.90537e+007 1.90537e+007 1.90537e+007 1.90537e+007 1.90537e+007 1.90537e+007 1.90537e+007 1.90537e+007 1.90538e+007 1.90538e+007 1.90538e+007 1.90538e+007 1.90538e+007 1.90538e+007 1.90538e+007 1.90538e+007 1.90538e+007 1.90538e+007 1.90538e+007 1.90538e+007 1.90538e+007 1.90538e+007 1.90538e+007 1.90538e+007 1.90538e+007 1.90538e+007 1.90538e+007 1.90538e+007 1.90538e+007 1.90538e+007 1.90538e+007 1.90538e+007 1.90538e+007 1.90538e+007 1.90538e+007 1.90538e+007 1.90538e+007 1.90538e+007 1.90538e+007 1.90538e+007 1.90538e+007 1.90538e+007 1.90538e+007 1.90538e+007 1.90538e+007 1.90538e+007 1.90538e+007 1.90538e+007 1.90538e+007 1.90538e+007 1.90538e+007 0 0 0 0 0 0 0 0 0 0 0 0 0 0 0 0 0 0 0 0 0 0 0 0 0
#obs cpue bio
 3.88716e+006 2.47283e+006 3.62043e+006 2.30527e+006 3.71318e+006 2.99814e+006 2.43609e+006 2.79888e+006 2.08048e+006 1.66383e+006 1.4426e+006 1.14552e+006 983594 968248 912028 802209 994288 657722 503461 563878 372817 513069 592624 445734 535306 469242 389473 524316 511545 399172 492728 355089 432135 481070 487840 493207 433632 416535 531702 472103 746957 724037 613707 506913 481309 486277 566099 512769 523797 691154 561606 508203 487740 680756 574904
#pred surv len freq
 0.00424508 0.00701179 0.0107747 0.015583 0.0213478 0.0277451 0.034204 0.0400687 0.0448548 0.0484057 0.0508495 0.0524401 0.0534219 0.0539765 0.0542244 0.054249 0.054121 0.0538997 0.0535793 0.052981 0.0516616 0.0489692 0.0443236 0.0376153 0.0294473
 0.00462191 0.00750792 0.0113096 0.0160188 0.0215388 0.0276093 0.0337724 0.0394747 0.0442665 0.0479448 0.0505496 0.0522638 0.0533153 0.0539199 0.0542492 0.0544156 0.0544734 0.0544208 0.0541719 0.0534887 0.0519272 0.048904 0.0439482 0.0370467 0.0288407
 0.00461149 0.00758791 0.0115995 0.0166639 0.0226425 0.0291442 0.0355301 0.0411112 0.0454385 0.0484597 0.0504303 0.0516943 0.0525222 0.0530772 0.0534546 0.0537189 0.0539054 0.0539926 0.0538526 0.0531944 0.0515462 0.0483516 0.0432171 0.0362165 0.0280371
 0.00475667 0.00778566 0.0118346 0.0169199 0.0229321 0.0295395 0.0361582 0.0420929 0.0467907 0.0500279 0.0519158 0.0527779 0.0530067 0.0529553 0.0528717 0.0528778 0.0529836 0.0531031 0.0530382 0.0524368 0.050789 0.0475396 0.042338 0.0353188 0.0272094
 0.00494455 0.00809835 0.0123151 0.0176037 0.023831 0.0306249 0.037359 0.0433214 0.0479861 0.0511784 0.0530305 0.0538218 0.0538595 0.0534428 0.0528541 0.0523271 0.0519937 0.0518349 0.0516462 0.0510216 0.0493934 0.0461773 0.0410313 0.0341187 0.0261845
 0.00510961 0.00837472 0.0127465 0.0182376 0.0247097 0.0317696 0.0387514 0.044892 0.049621 0.0527466 0.05442 0.0549633 0.0547188 0.0539875 0.0530265 0.0520538 0.0512314 0.0506121 0.0500655 0.0492243 0.0475166 0.044334 0.0393156 0.032614 0.0249579
 0.00537654 0.00880182 0.013377 0.0191081 0.0258455 0.033176 0.0404027 0.046725 0.0515377 0.0546264 0.0561345 0.0563932 0.0557701 0.0546004 0.0531694 0.0517078 0.0503816 0.0492601 0.0482555 0.0470592 0.0451508 0.041948 0.0370853 0.0306848 0.023423
 0.0055179 0.00905646 0.0138057 0.0197818 0.0268282 0.0344985 0.0420401 0.0485929 0.0535126 0.0565763 0.0579416 0.057959 0.0570102 0.0554405 0.053547 0.0515766 0.0497134 0.0480498 0.0465321 0.0449034 0.0427056 0.039409 0.0346684 0.02858 0.021753
 0.00574652 0.00942136 0.014344 0.0205282 0.0278143 0.0357485 0.04356 0.0503568 0.0554527 0.0585836 0.0598794 0.0596855 0.0584019 0.0564045 0.0540205 0.0515175 0.0490942 0.0468596 0.0447902 0.0426797 0.0401373 0.0366994 0.0320567 0.0262879 0.0199298
 0.00597512 0.00981466 0.0149746 0.0214736 0.029136 0.0374617 0.0456092 0.0526166 0.0577596 0.0607792 0.0618387 0.0613194 0.059643 0.0571958 0.0543123 0.0512705 0.0482817 0.0454714 0.0428434 0.0402388 0.0373359 0.0337442 0.0292012 0.0237752 0.0179281
 0.0061054 0.0100447 0.0153562 0.0220708 0.0300163 0.0386785 0.0471796 0.0545043 0.0598696 0.0629683 0.0639398 0.0631715 0.0611177 0.0582076 0.0548127 0.051232 0.047686 0.0443091 0.0411266 0.0380234 0.0347438 0.0309711 0.0264924 0.0213714 0.0160015
 0.00639517 0.0105091 0.0160431 0.0230216 0.0312597 0.0402215 0.0489956 0.0565269 0.0619984 0.0650819 0.065909 0.0648699 0.0624311 0.0590459 0.0551177 0.0509772 0.0468686 0.0429408 0.039236 0.0356727 0.0320519 0.0281253 0.0237297 0.0189268 0.0140443
 0.00663232 0.0108985 0.0166358 0.0238659 0.0323904 0.0416428 0.050667 0.058362 0.0638825 0.0668989 0.0675614 0.0662818 0.06354 0.0597932 0.0554473 0.0508408 0.0462329 0.0417943 0.0375957 0.0335955 0.0296495 0.0255702 0.0212386 0.0167148 0.0122679
 0.0068915 0.0113199 0.0172698 0.0247588 0.0335747 0.0431221 0.0523998 0.0602566 0.0658089 0.068715 0.0691406 0.0675315 0.0644067 0.0602557 0.0555019 0.0504863 0.045464 0.0406053 0.035995 0.0316255 0.0274045 0.0232029 0.0189424 0.0146821 0.0106384
 0.00712328 0.0116867 0.0178037 0.025484 0.0345047 0.0442553 0.0537126 0.0616988 0.0673065 0.0701797 0.0704802 0.0686598 0.0652518 0.0607664 0.0556497 0.0502615 0.0448672 0.039642 0.0346792 0.0299938 0.0255342 0.0212206 0.0170115 0.012967 0.00925974
 0.00726002 0.0119314 0.0182121 0.0261185 0.035416 0.0454559 0.0551554 0.0632775 0.0688827 0.0716213 0.0716901 0.069582 0.0658609 0.0610534 0.0556131 0.0499039 0.0441953 0.0386673 0.0334216 0.0284909 0.0238542 0.0194692 0.0153233 0.0114772 0.00806688
 0.00732975 0.0120508 0.0184048 0.0264146 0.0358515 0.0460669 0.0559672 0.0642904 0.0700582 0.0728784 0.0729155 0.070655 0.0666826 0.0615643 0.0557934 0.0497611 0.0437485 0.0379394 0.0324396 0.0272941 0.0225043 0.0180565 0.0139594 0.0102724 0.00710146
 0.0074854 0.012292 0.0187458 0.0268613 0.0364018 0.0467119 0.0566918 0.0650736 0.0708756 0.0737024 0.0737128 0.0713815 0.0672817 0.0619751 0.0559649 0.0496644 0.0433803 0.0373165 0.031593 0.0262671 0.0213565 0.0168669 0.0128203 0.0092729 0.00630446
 0.00739445 0.0121783 0.0186374 0.0268047 0.036448 0.0468964 0.057019 0.0655169 0.0713928 0.0742557 0.0742793 0.0719493 0.0678365 0.0624878 0.0563887 0.0499436 0.0434652 0.0371776 0.0312274 0.0256995 0.0206372 0.0160667 0.0120216 0.00855399 0.00572189
 0.00749657 0.0123201 0.0188081 0.0269842 0.0366194 0.0470616 0.057205 0.0657653 0.0717344 0.0746868 0.0747576 0.0724122 0.0682288 0.0627784 0.0565683 0.0500099 0.0434105 0.0369877 0.0308915 0.0252223 0.0200466 0.0154139 0.0113715 0.00796998 0.00524971
 0.0076875 0.0126141 0.019218 0.027506 0.0372283 0.0477101 0.0578266 0.0662885 0.0721057 0.0748923 0.0748241 0.0723877 0.0681539 0.0626706 0.0564243 0.0498178 0.0431591 0.0366682 0.0304979 0.0247551 0.0195197 0.0148581 0.0108309 0.0074905 0.00486498
 0.00778894 0.0127535 0.0193809 0.0276642 0.0373488 0.0477684 0.0578177 0.0662265 0.0720162 0.0748022 0.0747577 0.0723657 0.0681927 0.0627765 0.0565866 0.0500075 0.0433354 0.0367904 0.0305347 0.0246914 0.0193593 0.0146232 0.010558 0.00722082 0.00463289
 0.00775794 0.0127065 0.0193156 0.027578 0.0372364 0.0476202 0.0576215 0.065976 0.0717216 0.0744974 0.0744956 0.0722029 0.0681703 0.0629077 0.056855 0.0503735 0.0437457 0.0371877 0.0308679 0.0249247 0.0194781 0.0146361 0.0104923 0.00711316 0.00451815
 0.00769103 0.0126135 0.0192049 0.027467 0.0371462 0.0475667 0.0576075 0.0659883 0.0717352 0.0744848 0.0744396 0.0721066 0.0680599 0.062824 0.0568375 0.0504438 0.0438991 0.0373953 0.0310872 0.0251128 0.0196045 0.0146899 0.0104823 0.00706164 0.00445089
 0.00772907 0.0126639 0.0192602 0.0275154 0.0371771 0.0475785 0.0576114 0.0660037 0.0717769 0.074551 0.0745081 0.0721443 0.0680403 0.0627425 0.0567154 0.0503185 0.0438073 0.0373566 0.0310981 0.0251515 0.019643 0.0147067 0.0104699 0.00702586 0.00440474
 0.0078548 0.0128503 0.0195065 0.0278071 0.0374878 0.0478745 0.0578581 0.066172 0.0718515 0.0745349 0.0744201 0.0720085 0.0678743 0.0625533 0.056505 0.0500945 0.0435869 0.0371621 0.0309463 0.0250458 0.0195734 0.0146572 0.010427 0.00698367 0.00436446
 0.00774817 0.0127054 0.0193404 0.0276517 0.037379 0.0478355 0.0578876 0.0662451 0.0719333 0.0745978 0.0744552 0.0720253 0.0678906 0.062583 0.0565509 0.0501492 0.0436404 0.0372088 0.0309869 0.0250837 0.0196095 0.0146882 0.0104482 0.0069928 0.0043633
 0.00778815 0.0127485 0.0193666 0.0276337 0.0372953 0.0476878 0.0577094 0.0660931 0.07186 0.0746247 0.0745626 0.0721664 0.0680184 0.0626711 0.0565972 0.0501661 0.043642 0.037205 0.0309826 0.0250811 0.0196094 0.0146898 0.0104495 0.00699186 0.00435966
 0.00772202 0.0126537 0.0192463 0.0274956 0.0371455 0.0475243 0.0575216 0.0658715 0.0716125 0.0743857 0.0743855 0.0720997 0.0680814 0.0628454 0.056839 0.0504282 0.0438905 0.0374227 0.031165 0.0252292 0.0197261 0.0147781 0.0105126 0.00703351 0.00438429
 0.00764241 0.0125276 0.0190639 0.0272524 0.0368463 0.0471863 0.0571749 0.0655532 0.0713549 0.0742066 0.0742881 0.0720818 0.0681443 0.0629928 0.0570677 0.0507203 0.0442146 0.0377445 0.0314573 0.0254766 0.0199236 0.0149276 0.0106194 0.00710477 0.00442817
 0.00778859 0.0127444 0.0193507 0.0275937 0.0372137 0.0475443 0.0574864 0.0657838 0.0714779 0.0742079 0.0741687 0.0718574 0.0678422 0.0626493 0.0567232 0.0504116 0.0439663 0.037564 0.0313365 0.0254003 0.0198764 0.0148981 0.0106007 0.00709291 0.00442072
 0.00781854 0.0127954 0.0194308 0.0277097 0.037367 0.0477256 0.0576732 0.0659443 0.0715809 0.0742345 0.0741186 0.0717454 0.0676902 0.0624783 0.0565508 0.0502527 0.0438339 0.0374674 0.0312783 0.0253754 0.0198745 0.014908 0.0106137 0.00710426 0.00442868
 0.00778085 0.0127301 0.0193259 0.0275541 0.0371559 0.0474675 0.0573941 0.0656834 0.0713788 0.0741185 0.0740948 0.0718013 0.0678038 0.0626274 0.0567174 0.0504244 0.0440032 0.0376303 0.0314329 0.0255191 0.0200034 0.0150172 0.0106997 0.0071663 0.00446944
 0.00775424 0.0126831 0.0192482 0.0274333 0.0369803 0.0472306 0.0571004 0.0653519 0.0710435 0.0738226 0.0738811 0.0717004 0.0678254 0.062759 0.0569305 0.050685 0.0442806 0.037902 0.0316845 0.0257425 0.0201938 0.0151721 0.0108185 0.00725117 0.00452522
 0.00780342 0.0127282 0.0192523 0.0273421 0.0367381 0.0468054 0.0565038 0.0646431 0.0703127 0.0731661 0.073379 0.0714056 0.0677594 0.0629129 0.0572691 0.0511545 0.0448202 0.038455 0.0322066 0.0262043 0.0205796 0.0154769 0.0110454 0.00740903 0.00462701
 0.00844254 0.0136293 0.0203513 0.0284882 0.0377303 0.0474549 0.0566899 0.0643379 0.0695748 0.0721185 0.0721811 0.0702221 0.06673 0.0621291 0.0567665 0.0509192 0.0448037 0.0385921 0.0324307 0.0264589 0.0208237 0.015686 0.0112088 0.00752631 0.00470425
 0.00916191 0.0147812 0.0220418 0.0307754 0.0405793 0.050686 0.0599525 0.0671555 0.0714744 0.0727891 0.0715739 0.0685408 0.0643331 0.0594079 0.054054 0.0484464 0.0426961 0.0368888 0.0311124 0.025475 0.0201134 0.0151907 0.0108772 0.00731525 0.00457793
 0.00913323 0.0148471 0.0223482 0.0315255 0.0419783 0.0528512 0.0628284 0.0704804 0.0748195 0.0756558 0.0735152 0.0692716 0.0637977 0.0577814 0.0516747 0.0457098 0.039956 0.0343973 0.0290073 0.023799 0.0188462 0.0142783 0.0102529 0.00691156 0.00433335
 0.0088552 0.0144291 0.0217905 0.0308721 0.0413325 0.0523835 0.0627625 0.0710404 0.0761389 0.0776853 0.0759866 0.0717534 0.0658254 0.0590033 0.0519497 0.0451218 0.0387518 0.0328868 0.0274698 0.0224285 0.0177397 0.0134548 0.00968282 0.00654355 0.00411217
 0.00869467 0.0141474 0.0213309 0.0301773 0.0403689 0.0511775 0.0614333 0.0698048 0.0752744 0.0774552 0.0765509 0.0730978 0.0677387 0.0611244 0.0538749 0.0465315 0.0394999 0.0330151 0.0271527 0.0218849 0.017157 0.0129509 0.00930555 0.00629149 0.00395968
 0.00868457 0.0141216 0.0212727 0.0300599 0.0401557 0.0508271 0.060912 0.0691077 0.0744506 0.0766242 0.0758937 0.0728108 0.0679621 0.0618733 0.0550121 0.0478054 0.0406337 0.0338057 0.0275299 0.0219062 0.0169541 0.0126624 0.00903181 0.00608142 0.00382135
 0.00868477 0.0141106 0.0212352 0.029974 0.0399974 0.0505775 0.0605624 0.0686618 0.073923 0.0760432 0.0753096 0.0723058 0.0676458 0.0618542 0.0553502 0.0484692 0.041494 0.0346775 0.0282429 0.022366 0.0171601 0.0126824 0.00895515 0.00598062 0.00373668
 0.00877517 0.0142356 0.0213821 0.0301157 0.0400975 0.0506001 0.0604813 0.0684656 0.0736156 0.0756422 0.0748452 0.0718207 0.0671966 0.0615105 0.0551839 0.048531 0.041785 0.035135 0.0287568 0.0228212 0.0174808 0.0128524 0.00900662 0.00596497 0.00369831
 0.00879929 0.0143026 0.0215319 0.0303963 0.040545 0.0512108 0.0611924 0.0691603 0.0741575 0.075921 0.0748097 0.0714862 0.0666316 0.0608146 0.054468 0.0478989 0.041314 0.0348578 0.0286539 0.0228318 0.0175318 0.0128885 0.00900592 0.0059341 0.00365592
 0.00872161 0.014181 0.0213602 0.0301786 0.0403026 0.0509871 0.0610501 0.0691635 0.0743417 0.076266 0.0752366 0.0718848 0.0669038 0.0609108 0.0543983 0.0477208 0.0411058 0.0346899 0.0285663 0.0228265 0.0175804 0.0129522 0.00905509 0.00595775 0.00365847
 0.00870068 0.0141384 0.0212804 0.0300429 0.0400954 0.0507059 0.0607152 0.0688219 0.0740599 0.0761119 0.0752552 0.0720773 0.067222 0.0612724 0.0547192 0.0479469 0.0412286 0.034739 0.0285865 0.0228533 0.0176268 0.013011 0.00911059 0.00599802 0.00368068
 0.00871646 0.0141476 0.0212637 0.029972 0.0399396 0.050444 0.0603467 0.0683726 0.0735802 0.0756684 0.074919 0.0719084 0.0672517 0.061491 0.0550753 0.0483642 0.0416329 0.0350819 0.0288536 0.0230554 0.0177828 0.0131343 0.0092063 0.00606698 0.00372486
 0.008758 0.0142175 0.0213719 0.030125 0.0401341 0.0506592 0.0605409 0.0684907 0.0735712 0.0755085 0.0746251 0.0715358 0.0668774 0.0611885 0.0548925 0.0483107 0.0416829 0.0351903 0.0289769 0.0231656 0.0178701 0.0132003 0.00925553 0.00610258 0.00374875
 0.00859881 0.0140005 0.0211226 0.0298935 0.0399809 0.0506329 0.0606576 0.0687266 0.07387 0.0757982 0.0748384 0.0716298 0.0668458 0.0610627 0.0547284 0.0481665 0.0415981 0.0351751 0.0290168 0.0232343 0.0179438 0.0132645 0.00930499 0.00613754 0.00377163
 0.00869041 0.0140985 0.0211789 0.0298401 0.0397581 0.0502281 0.0601314 0.0682011 0.0734807 0.0756348 0.0749099 0.0718716 0.0671584 0.0613566 0.0549535 0.0483175 0.0416998 0.0352603 0.0291076 0.0233357 0.0180476 0.0133587 0.00938083 0.00619234 0.00380744
 0.00875841 0.014219 0.0213748 0.0301284 0.0401339 0.050647 0.0605058 0.0684247 0.0734765 0.0753994 0.0745214 0.0714501 0.0668064 0.0611184 0.0548144 0.0482343 0.0416348 0.0351982 0.0290521 0.0232966 0.0180298 0.013359 0.00939157 0.00620596 0.00381919
 0.00860758 0.013995 0.0210786 0.0297786 0.0397659 0.0503073 0.0602424 0.0682722 0.0734416 0.0754548 0.0746187 0.0715478 0.0668943 0.0612174 0.0549546 0.0484285 0.0418694 0.0354437 0.029281 0.0234935 0.0181909 0.0134864 0.00948851 0.00627567 0.00386566
 0.00854331 0.0138875 0.0209124 0.0295402 0.0394509 0.0499289 0.0598375 0.0678989 0.0731629 0.0753168 0.0746324 0.0716865 0.0671078 0.0614564 0.0551894 0.0486534 0.0420909 0.035666 0.0294985 0.0236942 0.0183635 0.0136251 0.00959302 0.00634944 0.00391411
 0.0086241 0.0140116 0.0210847 0.0297578 0.0397001 0.0501846 0.0600639 0.0680563 0.0732209 0.0752667 0.0744922 0.0714918 0.0668959 0.0612525 0.0550037 0.048488 0.041948 0.035551 0.0294164 0.0236453 0.018342 0.0136218 0.00959922 0.00635876 0.00392286
 0.00852221 0.0138482 0.0208438 0.0294289 0.0392832 0.0496967 0.0595432 0.0675588 0.0728073 0.074986 0.0743698 0.0715294 0.0670764 0.0615477 0.0553787 0.0489048 0.0423707 0.0359508 0.029775 0.0239533 0.0185965 0.013823 0.00974985 0.0064643 0.00399133
#obs surv len freq
 nan nan nan nan nan nan nan nan nan nan nan nan nan nan nan nan nan nan nan nan nan nan nan nan nan
 0.00448525 0.00734661 0.0111763 0.0159917 0.021691 0.0279647 0.0342771 0.0400072 0.0446864 0.0481508 0.05051 0.0520074 0.0529013 0.0534152 0.0537307 0.0539866 0.0542659 0.0545591 0.0546981 0.0542901 0.0527282 0.0493601 0.0438095 0.0362889 0.0276719
 0.00461799 0.00756488 0.0115089 0.016466 0.0223255 0.0287591 0.0352019 0.0410011 0.0456656 0.0490259 0.0512032 0.0524641 0.0530948 0.0533461 0.0534225 0.0534771 0.0535991 0.0537779 0.0538418 0.0533956 0.0518345 0.0485108 0.0430497 0.0356569 0.0271889
 0.00478011 0.00783032 0.011912 0.0170402 0.0230971 0.029737 0.0363658 0.0422965 0.0470074 0.0503117 0.0523287 0.0533363 0.0536429 0.0535295 0.0532334 0.0529391 0.0527588 0.0526959 0.0525851 0.0520351 0.0504456 0.0471743 0.0418458 0.034652 0.0264194
 0.00496273 0.00812993 0.0123681 0.0176914 0.0239742 0.0308512 0.0376971 0.0437883 0.0485736 0.0518506 0.0537363 0.0545146 0.0545045 0.0540036 0.0532734 0.0525289 0.0519159 0.0514699 0.0510521 0.0502933 0.0486107 0.0453736 0.0402045 0.0332725 0.0253592
 0.0051712 0.00847014 0.0128826 0.0184212 0.0249513 0.0320869 0.0391695 0.0454371 0.050308 0.0535647 0.0553246 0.0558801 0.0555611 0.0546766 0.0535012 0.0522683 0.0511499 0.0502161 0.0493694 0.0482842 0.0464183 0.0431687 0.0381623 0.0315385 0.0240181
 0.0054091 0.00885729 0.0134661 0.019245 0.0260483 0.0334659 0.0408017 0.0472519 0.0522024 0.0554234 0.0570373 0.057351 0.05671 0.0554357 0.0538124 0.0520829 0.0504336 0.0489599 0.0476054 0.0461001 0.0439631 0.040642 0.0357813 0.0294921 0.0224225
 0.00564603 0.00924853 0.014066 0.0201078 0.0272167 0.0349542 0.0425781 0.0492334 0.0542683 0.0574396 0.0588792 0.0589159 0.0579184 0.0562273 0.0541398 0.0519061 0.0497192 0.0476894 0.0457924 0.0438136 0.0413441 0.037899 0.0331581 0.0272109 0.0206279
 0.0058836 0.00963814 0.014659 0.0209551 0.02836 0.0364115 0.044328 0.0512069 0.0563562 0.0595109 0.0608018 0.0605712 0.0592105 0.0570852 0.0545144 0.0517626 0.0490319 0.0464426 0.043995 0.0415228 0.0386886 0.0350835 0.030434 0.0248175 0.0187291
 0.00613243 0.0100442 0.0152732 0.0218258 0.0295244 0.0378813 0.0460748 0.0531571 0.0584011 0.0615273 0.0626698 0.0621847 0.06048 0.0579387 0.0548968 0.0516342 0.0483653 0.0452239 0.042233 0.0392702 0.0360652 0.0322845 0.0277065 0.0224041 0.0168015
 0.00637371 0.0104425 0.0158834 0.0227024 0.0307098 0.0393881 0.0478682 0.0551503 0.0604693 0.0635335 0.0644892 0.0637166 0.0616494 0.0586913 0.0551933 0.0514448 0.0476672 0.0440038 0.0404987 0.0370697 0.0335096 0.0295574 0.0250431 0.0200393 0.0149055
 0.00661506 0.0108361 0.0164784 0.0235458 0.0318381 0.0408137 0.0495642 0.0570436 0.0624485 0.0654683 0.0662512 0.0651957 0.0627617 0.0593814 0.0554293 0.0512104 0.0469538 0.0428086 0.0388335 0.03498 0.0310966 0.0269884 0.0225346 0.0178092 0.0131136
 0.00684616 0.0112172 0.0170616 0.024382 0.0329661 0.0422426 0.0512573 0.0589144 0.0643747 0.0673173 0.0679027 0.0665525 0.0637523 0.0599579 0.055565 0.0508949 0.0461879 0.0416015 0.0372069 0.0329825 0.0288231 0.0245898 0.0202049 0.0157436 0.0114553
 0.00705225 0.0115532 0.0175692 0.0251014 0.0339288 0.0434601 0.0527081 0.0605372 0.0660746 0.0689809 0.0694163 0.0678163 0.0646889 0.0605151 0.0557141 0.0506257 0.0455031 0.0405137 0.0357424 0.0311916 0.0267948 0.0224596 0.0181425 0.0139186 0.00999154
 0.00726423 0.0119022 0.0181023 0.0258633 0.0349517 0.0447473 0.0542195 0.0621866 0.0677451 0.0705504 0.0707792 0.068893 0.0654258 0.0608809 0.0556957 0.0502244 0.0447308 0.0393911 0.0343016 0.0294848 0.0249055 0.0205085 0.0162768 0.0122823 0.00868718
 0.00746354 0.0122272 0.018593 0.0265576 0.0358775 0.0459107 0.0555915 0.0636977 0.0692929 0.0720182 0.072056 0.0698898 0.0660829 0.0611694 0.0556119 0.0497822 0.0439538 0.038309 0.032952 0.0279209 0.0232049 0.0187773 0.0146402 0.0108595 0.0075606
 0.00753283 0.0123498 0.0187966 0.0268752 0.0363419 0.0465448 0.0563974 0.0646523 0.0703494 0.0731128 0.0731156 0.0708376 0.066846 0.0616859 0.0558387 0.049698 0.0435581 0.0376191 0.0320006 0.0267581 0.0219023 0.0174291 0.0133539 0.00973565 0.0066684
 0.00760592 0.0124578 0.0189401 0.0270507 0.0365473 0.0467858 0.0566912 0.0650231 0.070818 0.0736846 0.0737722 0.0715368 0.0675273 0.0622805 0.0562794 0.0499287 0.0435412 0.0373397 0.0314687 0.0260089 0.0209967 0.0164496 0.0123948 0.00888456 0.0059863
 0.00766036 0.0125411 0.0190551 0.0271957 0.0367151 0.0469649 0.0568682 0.0651885 0.0709735 0.0738475 0.0739717 0.0718002 0.0678638 0.0626701 0.0566737 0.0502622 0.0437473 0.0373658 0.0312876 0.0256252 0.0204474 0.0157993 0.0117234 0.00826922 0.00548308
 0.00772104 0.0126328 0.0191802 0.0273514 0.0368939 0.0471555 0.0570564 0.0653587 0.0711115 0.0739463 0.0740363 0.0718494 0.0679247 0.062767 0.0568144 0.0504291 0.043899 0.0374487 0.0312534 0.0254474 0.0201314 0.0153821 0.0112638 0.00783056 0.00511481
 0.00774971 0.0126753 0.0192365 0.0274184 0.0369666 0.0472277 0.0571226 0.0654142 0.071154 0.0739762 0.0740571 0.0718682 0.067952 0.062815 0.0568934 0.0505405 0.0440291 0.0375674 0.0313209 0.0254282 0.0200091 0.0151679 0.0109931 0.00755022 0.00486688
 0.00781002 0.0127664 0.0193602 0.0275714 0.0371401 0.0474087 0.057295 0.0655607 0.0712588 0.0740296 0.074058 0.0718243 0.0678779 0.0627286 0.0568125 0.0504791 0.0439926 0.0375489 0.0313012 0.0253818 0.0199156 0.0150223 0.0108095 0.00735605 0.00469103
 0.00783828 0.0128122 0.0194287 0.0276664 0.0372624 0.047554 0.057452 0.0657122 0.0713858 0.0741161 0.0740961 0.0718147 0.0678284 0.062652 0.0567235 0.0503919 0.0439177 0.03749 0.0312528 0.025331 0.0198476 0.0149286 0.0106929 0.00723041 0.00457416
 0.00787403 0.0128631 0.0194922 0.0277361 0.0373307 0.0476156 0.0575064 0.0657625 0.0714354 0.074165 0.0741392 0.0718442 0.0678374 0.0626375 0.0566882 0.0503429 0.0438639 0.0374386 0.0312063 0.0252863 0.0197976 0.0148672 0.0106195 0.00715106 0.00449898
 0.00789268 0.0128937 0.0195381 0.0277995 0.0374108 0.0477069 0.0575977 0.0658399 0.0714874 0.0741874 0.0741368 0.0718265 0.0678128 0.0626098 0.0566567 0.050306 0.0438216 0.0373931 0.0311604 0.025241 0.0197515 0.014818 0.0105665 0.00709683 0.00444862
 0.00788386 0.0128781 0.0195128 0.0277617 0.0373597 0.0476454 0.0575335 0.0657837 0.0714493 0.0741729 0.0741455 0.0718544 0.0678551 0.0626626 0.0567161 0.0503671 0.043879 0.0374419 0.0311976 0.0252652 0.0197625 0.0148163 0.0105538 0.00707653 0.00442548
 0.00788963 0.012882 0.0195086 0.0277405 0.0373121 0.0475659 0.0574241 0.0656555 0.0713197 0.0740619 0.07407 0.0718242 0.0678715 0.0627189 0.0568012 0.0504687 0.0439853 0.0375432 0.0312865 0.0253368 0.0198147 0.0148491 0.0105697 0.00707955 0.0044206
 0.0078874 0.0128765 0.0194964 0.0277167 0.0372708 0.0475013 0.0573325 0.0655372 0.0711814 0.0739171 0.0739377 0.0717248 0.0678213 0.0627256 0.0568619 0.0505717 0.0441143 0.0376811 0.0314185 0.0254522 0.0199072 0.0149166 0.0106137 0.00710438 0.00443178
 0.00787153 0.0128511 0.019459 0.0276651 0.0372036 0.0474182 0.0572348 0.0654284 0.0710665 0.0738026 0.0738317 0.0716372 0.0677634 0.062708 0.0568912 0.0506476 0.0442287 0.0378198 0.0315647 0.0255903 0.0200257 0.0150093 0.0106795 0.00714645 0.0044556
 0.00786945 0.0128428 0.0194376 0.0276216 0.0371296 0.04731 0.0570968 0.065273 0.0709108 0.0736629 0.07372 0.0715601 0.0677235 0.0627062 0.056928 0.0507223 0.0443378 0.0379553 0.0317143 0.0257396 0.0201609 0.0151208 0.0107632 0.00720329 0.0044904
 0.00783957 0.0127978 0.0193763 0.0275445 0.0370378 0.0472039 0.0569761 0.0651384 0.0707669 0.0735202 0.0735935 0.0714657 0.0676732 0.0627053 0.0569753 0.0508118 0.0444614 0.0381034 0.0318758 0.0259018 0.0203112 0.0152486 0.0108626 0.00727357 0.00453537
 0.00783904 0.0127886 0.0193476 0.0274821 0.0369291 0.0470448 0.056776 0.0649192 0.0705557 0.0733401 0.0734586 0.0713814 0.0676403 0.0627228 0.0570407 0.0509205 0.0446056 0.0382726 0.0320576 0.0260831 0.0204792 0.015393 0.0109767 0.00735611 0.00458961
 0.00780002 0.012731 0.0192712 0.027389 0.0368216 0.0469224 0.0566349 0.0647559 0.0703728 0.0731506 0.0732848 0.0712483 0.0675671 0.0627176 0.0571011 0.0510368 0.0447647 0.0384603 0.0322592 0.026284 0.0206657 0.0155538 0.011105 0.00744997 0.00465224
 0.00775822 0.01266 0.0191592 0.0272252 0.0366001 0.0466484 0.0563282 0.0644481 0.0700982 0.0729353 0.0731412 0.0711779 0.0675671 0.062785 0.0572318 0.0512237 0.0449958 0.0387195 0.0325285 0.0265455 0.0209038 0.0157565 0.0112653 0.00756697 0.00473043
 0.00774969 0.0126434 0.019129 0.0271734 0.0365176 0.0465268 0.0561631 0.0642426 0.0698653 0.0726973 0.0729256 0.0710104 0.0674649 0.0627549 0.0572718 0.0513264 0.0451507 0.0389134 0.0327458 0.0267687 0.0211156 0.0159424 0.0114158 0.00767896 0.00480649
 0.00934053 0.0148715 0.0218207 0.029946 0.0388904 0.0480984 0.0567519 0.0639128 0.0688459 0.071264 0.0713153 0.0693903 0.0659398 0.0613848 0.0560868 0.050336 0.0443502 0.0382893 0.0322786 0.0264357 0.0208916 0.0158019 0.0113347 0.00763646 0.00478673
 0.00929441 0.0150937 0.0226793 0.0319004 0.0422919 0.0529209 0.0624203 0.0693972 0.0730283 0.0733801 0.0712059 0.0674445 0.062824 0.0577572 0.0524345 0.0469476 0.0413635 0.0357516 0.0301902 0.0247724 0.0196159 0.0148659 0.0106833 0.00721014 0.00452669
 0.00898112 0.0145944 0.0219684 0.0310184 0.0414017 0.0523484 0.0626184 0.0707841 0.0757385 0.0770766 0.0751202 0.0706696 0.0646944 0.0580809 0.0514644 0.0451699 0.0392669 0.0336936 0.0283724 0.0232774 0.018454 0.0140097 0.010087 0.00682026 0.00428929
 0.00880197 0.0143009 0.0215225 0.0303848 0.040561 0.0513231 0.0615102 0.0698043 0.0751979 0.0773033 0.076311 0.0727428 0.0672495 0.0605268 0.0532609 0.0460374 0.0392456 0.0330459 0.0274241 0.0222943 0.0175958 0.0133411 0.00961027 0.00650649 0.00409845
 0.00874105 0.0141909 0.0213364 0.0300898 0.0401249 0.0507257 0.0607575 0.0689416 0.0743203 0.0765613 0.0758991 0.0728537 0.0679909 0.0618366 0.0548841 0.0476054 0.0404246 0.0336667 0.0275165 0.0220243 0.0171634 0.0129028 0.00925171 0.00625258 0.0039383
 0.00869437 0.014117 0.0212281 0.0299394 0.0399228 0.0504597 0.0604139 0.0685113 0.0738081 0.0759975 0.0753507 0.0724266 0.0678138 0.0620196 0.0554618 0.0484946 0.0414344 0.034569 0.0281399 0.0223147 0.0171785 0.0127573 0.00905615 0.00607807 0.00381293
 0.00868429 0.014096 0.0211881 0.0298702 0.0398148 0.050307 0.0602171 0.0682757 0.0735402 0.0757024 0.0750355 0.0721107 0.0675403 0.0618562 0.0554828 0.0487454 0.0418966 0.0351512 0.0287091 0.0227529 0.0174294 0.0128362 0.0090232 0.00599957 0.00373513
 0.00867965 0.0140902 0.0211822 0.0298653 0.0398097 0.050297 0.0601928 0.0682249 0.073452 0.0755713 0.0748632 0.0719064 0.0673215 0.0616513 0.0553325 0.0486957 0.0419803 0.0353661 0.0290092 0.0230633 0.0176791 0.0129879 0.00908085 0.00599442 0.00370316
 0.00867839 0.0140883 0.0211798 0.0298626 0.0398077 0.0502965 0.0601942 0.0682267 0.0734493 0.0755555 0.0748239 0.0718352 0.0672164 0.0615206 0.0551961 0.0485829 0.0419232 0.0353873 0.0291088 0.0232151 0.0178404 0.0131189 0.00916129 0.00602684 0.00370419
 0.00867543 0.0140838 0.0211734 0.0298544 0.039798 0.050286 0.0601839 0.0682179 0.073443 0.0755514 0.0748193 0.0718247 0.067193 0.061479 0.0551366 0.0485148 0.041864 0.0353574 0.0291223 0.0232716 0.0179241 0.0132056 0.00923009 0.00606862 0.00372179
 0.00867067 0.014077 0.021165 0.0298454 0.0397895 0.0502791 0.0601791 0.0682152 0.073442 0.0755516 0.0748201 0.0718248 0.06719 0.0614695 0.0551175 0.0484858 0.0418299 0.035328 0.0291093 0.0232824 0.0179573 0.0132513 0.00927499 0.00610276 0.00374191
 0.0086473 0.0140418 0.0211173 0.0297867 0.0397235 0.0502108 0.060115 0.068162 0.0734056 0.0755359 0.0748257 0.071849 0.0672278 0.0615144 0.0551629 0.0485262 0.0418625 0.0353539 0.0291329 0.0233094 0.0179906 0.0132893 0.00931244 0.00613379 0.00376331
 0.00862404 0.0140025 0.0210559 0.0296973 0.0396031 0.0500626 0.05995 0.0679993 0.0732676 0.0754415 0.0747857 0.0718645 0.0672915 0.0616139 0.0552835 0.0486538 0.0419855 0.035465 0.0292292 0.0233914 0.0180607 0.0133489 0.00936153 0.00617151 0.00378948
 0.00861694 0.013989 0.0210317 0.0296571 0.0395412 0.0499748 0.0598362 0.0678649 0.0731238 0.0753048 0.0746746 0.071795 0.0672733 0.0616478 0.0553619 0.0487631 0.0421102 0.0355908 0.0293458 0.0234932 0.0181456 0.0134173 0.00941451 0.0062104 0.00381598
 0.00862543 0.014003 0.0210529 0.0296863 0.0395773 0.0500133 0.0598686 0.0678796 0.0731101 0.0752567 0.0745945 0.0716942 0.0671694 0.0615591 0.0553025 0.0487393 0.04212 0.0356259 0.0293954 0.0235472 0.0181967 0.0134614 0.00944991 0.00623693 0.0038344
 0.00862543 0.014003 0.0210529 0.0296863 0.0395773 0.0500133 0.0598686 0.0678796 0.0731101 0.0752567 0.0745945 0.0716942 0.0671694 0.0615591 0.0553025 0.0487393 0.04212 0.0356259 0.0293954 0.0235472 0.0181967 0.0134614 0.00944991 0.00623693 0.0038344
 0.00856866 0.0139162 0.0209327 0.0295344 0.0394004 0.0498235 0.0596827 0.0677169 0.0729881 0.0751858 0.0745756 0.0717202 0.0672296 0.0616445 0.0554076 0.0488614 0.042256 0.0357707 0.029541 0.0236842 0.018317 0.0135597 0.00952465 0.00628973 0.00386889
 0.0085124 0.013823 0.0207899 0.0293305 0.0391301 0.0494934 0.059316 0.0673525 0.0726722 0.0749596 0.074464 0.071728 0.0673436 0.0618399 0.0556559 0.0491367 0.0425381 0.036045 0.0297965 0.0239123 0.0185109 0.0137152 0.0096415 0.00637128 0.00392145
 0.00858741 0.0139354 0.0209406 0.029512 0.0393258 0.0496789 0.0594614 0.0674279 0.0726562 0.0748483 0.0742747 0.0714942 0.0671045 0.0616286 0.0554927 0.0490277 0.0424797 0.0360279 0.0298099 0.0239454 0.0185539 0.0137597 0.00968114 0.00640256 0.0039435
 0.00850384 0.0138171 0.0207951 0.0293571 0.0391844 0.0495701 0.0593937 0.0673974 0.0726498 0.07485 0.0742721 0.0714828 0.067089 0.0616207 0.0555059 0.049072 0.0425571 0.0361329 0.0299318 0.0240716 0.0186728 0.0138627 0.00976336 0.00646284 0.0039839
#pred catch len freq
 0.00314172 0.00511962 0.00776145 0.0111228 0.0152483 0.0201194 0.0255948 0.0314067 0.0372183 0.0426943 0.0475494 0.0515828 0.0547037 0.0569321 0.0583709 0.0591706 0.0595031 0.0595283 0.0593168 0.0587244 0.0572937 0.054321 0.0491727 0.0417322 0.0326708
 0.00343216 0.00550673 0.00818932 0.0114934 0.0154565 0.0201042 0.0253742 0.0310687 0.0368725 0.042415 0.0473487 0.0514285 0.0545633 0.0568119 0.0583255 0.0592774 0.059815 0.0600274 0.0598954 0.0592097 0.0575126 0.0541772 0.0486919 0.0410472 0.0319556
 0.00345843 0.00561096 0.00845249 0.0120093 0.0162845 0.0212094 0.026596 0.0321582 0.0375933 0.0426496 0.0471392 0.0509271 0.0539403 0.0561888 0.0577669 0.0588203 0.0594908 0.059851 0.0598348 0.0591714 0.0573685 0.0538256 0.0481147 0.0403223 0.0312162
 0.00360196 0.00581526 0.0087138 0.0123256 0.0166802 0.0217571 0.0274063 0.0333211 0.0390907 0.0443017 0.04864 0.0519679 0.0543446 0.0559707 0.0570875 0.0578913 0.0584932 0.0588987 0.0589688 0.0583684 0.0565645 0.0529578 0.047168 0.0393497 0.0303152
 0.0037766 0.00609796 0.00913458 0.0129056 0.0174226 0.0226398 0.0283867 0.0343576 0.0401713 0.0454465 0.0498595 0.0531976 0.0554165 0.0566633 0.0572299 0.0574465 0.0575644 0.0576643 0.057599 0.0569723 0.055185 0.0516042 0.0458581 0.0381338 0.0292665
 0.00395987 0.00639455 0.00957975 0.0135345 0.018267 0.0237195 0.029695 0.0358484 0.0417571 0.0470159 0.0513075 0.0544489 0.056421 0.0573659 0.0575467 0.0572805 0.0568578 0.0564442 0.0559783 0.0551072 0.053226 0.0496735 0.0440553 0.0365473 0.0279684
 0.00419955 0.00677314 0.0101303 0.0142843 0.0192379 0.0249261 0.031138 0.0375038 0.0435677 0.0488876 0.0531153 0.0560549 0.0576997 0.0582237 0.057923 0.0571342 0.0561586 0.0551859 0.0542056 0.0529319 0.0508164 0.0472242 0.0417545 0.0345497 0.0263737
 0.00437165 0.00706333 0.0105868 0.0149598 0.0201806 0.0261645 0.0326655 0.0392723 0.0454943 0.050869 0.0550395 0.0578065 0.0591631 0.05929 0.0584997 0.0571529 0.055578 0.0539946 0.0524338 0.0506683 0.0482192 0.0445094 0.0391599 0.0322842 0.0245728
 0.00463511 0.00747614 0.0111816 0.015763 0.0212159 0.0274541 0.0342231 0.0410879 0.0475171 0.0530003 0.0571411 0.0597238 0.0607521 0.0604352 0.0591171 0.0571834 0.0549815 0.0527535 0.0505671 0.0482533 0.0454094 0.0415322 0.0362826 0.0297549 0.0225587
 0.00487117 0.00786778 0.0117855 0.0166369 0.022407 0.0289819 0.0360629 0.0431667 0.0497277 0.0552222 0.0592551 0.0616152 0.0623096 0.0615542 0.0597076 0.0571773 0.0543345 0.0514466 0.0486161 0.0457292 0.0424604 0.038388 0.0332243 0.0270522 0.0203997
 0.00507872 0.00820768 0.0123039 0.0173839 0.023434 0.0303322 0.0377552 0.0451766 0.0519749 0.0575725 0.0615388 0.0636587 0.0639654 0.062717 0.0603112 0.0571799 0.0537075 0.0501748 0.0467109 0.0432533 0.0395521 0.035269 0.0301732 0.0243421 0.0182263
 0.00535838 0.00864944 0.0129463 0.0182585 0.0245657 0.0317371 0.0394336 0.0471029 0.05409 0.0597803 0.0637099 0.0656409 0.0656038 0.0638777 0.060899 0.0571424 0.0530262 0.0488543 0.0447794 0.0407793 0.0366695 0.032189 0.0271626 0.0216663 0.0160776
 0.00562436 0.00907442 0.0135724 0.0191214 0.0256892 0.0331263 0.0410652 0.0489211 0.0560124 0.0617112 0.0655515 0.0672972 0.06698 0.0648805 0.061442 0.0571545 0.0524602 0.0476922 0.0430388 0.0385248 0.0340284 0.0293582 0.024389 0.0191956 0.0140892
 0.00586792 0.00946438 0.0141492 0.0199212 0.0267409 0.0344438 0.042636 0.0506961 0.0579037 0.0636021 0.0673141 0.0688134 0.0681575 0.0656578 0.0617808 0.0570283 0.0518462 0.046575 0.0414242 0.0364603 0.0316223 0.0267853 0.0218712 0.0169536 0.0122847
 0.00611875 0.00985547 0.0147078 0.0206645 0.0276776 0.0355747 0.0439501 0.0521639 0.0594719 0.065193 0.0688311 0.0701518 0.0692191 0.0663648 0.0620837 0.056903 0.0512851 0.0455799 0.0400091 0.0346671 0.0295402 0.0245608 0.0196932 0.0150125 0.0107208
 0.00626774 0.01011 0.0151133 0.0212702 0.0285248 0.0366794 0.0452869 0.0536626 0.0610312 0.0667038 0.0701957 0.0712916 0.0700745 0.0668918 0.0622525 0.0566974 0.0507015 0.0446259 0.038706 0.0330582 0.0277051 0.0226229 0.0178093 0.0133406 0.00937697
 0.00636664 0.0102712 0.0153587 0.0216259 0.0290224 0.0373537 0.0461671 0.0547561 0.0623068 0.0680822 0.0715582 0.072506 0.0710269 0.0675085 0.0625027 0.0565808 0.0502335 0.0438282 0.0376076 0.0317038 0.0261665 0.0210053 0.0162429 0.0119541 0.00826439
 0.00648897 0.0104599 0.0156246 0.0219743 0.0294558 0.0378749 0.0467805 0.0554662 0.063113 0.0689714 0.0724959 0.073431 0.071855 0.0681483 0.0628763 0.0566407 0.0499662 0.0432479 0.0367477 0.0306143 0.0249172 0.0196894 0.0149694 0.0108286 0.00736251
 0.00646114 0.0104378 0.0156335 0.0220513 0.0296387 0.0381869 0.0472184 0.0560008 0.0637034 0.0695826 0.0731078 0.0740339 0.072435 0.0686742 0.063297 0.056895 0.0499992 0.043027 0.0362704 0.0299096 0.0240434 0.0187285 0.0140169 0.00997493 0.00667274
 0.00657117 0.010594 0.0158286 0.0222691 0.0298655 0.0384249 0.0474912 0.0563424 0.0641352 0.0700927 0.0736487 0.0745419 0.0728566 0.0689812 0.0634818 0.0569545 0.0499226 0.0427962 0.0358715 0.0293473 0.0233502 0.0179637 0.0132561 0.00929206 0.0061209
 0.00666618 0.0107399 0.0160314 0.0225258 0.0301628 0.0387391 0.0477919 0.0566023 0.064343 0.0702609 0.0738072 0.074718 0.0730557 0.0691816 0.0636464 0.0570469 0.0499164 0.0426743 0.0356245 0.0289763 0.0228734 0.0174207 0.0127025 0.00878605 0.00570678
 0.00669625 0.0107737 0.0160548 0.0225184 0.0301046 0.0386221 0.0476271 0.0564186 0.0641774 0.0701477 0.0737725 0.0747791 0.0732208 0.0694452 0.0639835 0.0574128 0.0502557 0.0429345 0.035767 0.0289831 0.0227496 0.017194 0.0124177 0.00849388 0.00545005
 0.00667859 0.0107466 0.016016 0.0224638 0.0300259 0.038505 0.0474542 0.0561784 0.0638773 0.0698219 0.0734783 0.0745803 0.0731667 0.0695555 0.0642453 0.0577864 0.0506835 0.0433526 0.036117 0.0292231 0.0228624 0.0171889 0.0123259 0.00835736 0.00530879
 0.00664081 0.0106965 0.0159613 0.0224183 0.0300047 0.038517 0.0474951 0.0562288 0.0639065 0.0697993 0.0733866 0.0744275 0.0729879 0.0694031 0.0641691 0.0578145 0.050813 0.0435512 0.0363357 0.0294121 0.0229857 0.0172331 0.0123005 0.00828762 0.00522396
