SBPRF35
8.39391
Curr Bio
480535
B35
562185
F35
0.205926
FOFL
0.138619
OFL
43325.6
Bzero
2.39826e+006
#pred survey bio
 2.55866e+006 2.1257e+006 1.97484e+006 1.86611e+006 1.78506e+006 1.71581e+006 1.62308e+006 1.4912e+006 1.2882e+006 1.0629e+006 944806 825409 754693 712435 711331 695491 696135 632782 570185 539606 528304 510950 511975 521112 523020 509173 509941 522730 546058 561455 581387 596663 591406 563684 492736 492250 520213 528071 538428 569596 590725 564650 541085 533673 507991 529672 593388 739877 770594 648896 487624 1.37844e+007 8.76338e+006 9.70032e+006 1.1067e+007 1.25725e+007 1.39961e+007 1.5222e+007 1.62138e+007 1.69828e+007 1.75619e+007 1.79894e+007 1.83011e+007 1.85267e+007 1.86895e+007 1.88071e+007 1.88921e+007 1.89539e+007 1.89991e+007 1.90323e+007 1.90569e+007 1.90752e+007 1.9089e+007 1.90993e+007 1.91072e+007 1.91131e+007 1.91177e+007 1.91212e+007 1.91239e+007 1.91259e+007 1.91275e+007 1.91288e+007 1.91297e+007 1.91305e+007 1.9131e+007 1.91315e+007 1.91318e+007 1.91321e+007 1.91323e+007 1.91325e+007 1.91326e+007 1.91327e+007 1.91328e+007 1.91329e+007 1.91329e+007 1.91329e+007 1.9133e+007 1.9133e+007 1.9133e+007 1.9133e+007 1.9133e+007 1.91331e+007 1.91331e+007 1.91331e+007 1.91331e+007 1.91331e+007 1.91331e+007 1.91331e+007 1.91331e+007 1.91331e+007 1.91331e+007 1.91331e+007 1.91331e+007 1.91331e+007 1.91331e+007 1.91331e+007 1.91331e+007 1.91331e+007 1.91331e+007 1.91331e+007 1.91331e+007 1.91331e+007 1.91331e+007 1.91331e+007 1.91331e+007 1.91331e+007 1.91331e+007 1.91331e+007 1.91331e+007 1.91331e+007 1.91331e+007 1.91331e+007 1.91331e+007 1.91331e+007 1.91331e+007 1.91331e+007 1.91331e+007 1.91331e+007 1.91331e+007 1.91331e+007 1.91331e+007 1.91331e+007 1.91331e+007 1.91331e+007 1.91331e+007 1.91331e+007 1.91331e+007 1.91331e+007 1.91331e+007 1.91331e+007 1.91331e+007 0 0 0 0 0 0 0 0 0 0 0 0 0 0 0 0 0 0 0 0 0 0 0 0 0
#obs survey bio
 3.02948e+006 2.03842e+006 1.91371e+006 2.14231e+006 2.18184e+006 2.45355e+006 1.38631e+006 1.96207e+006 1.20786e+006 809350 850364 643283 770367 500508 653025 636740 792678 812032 535840 541875 639453 486131 402815 673274 486785 567644 449510 539818 607871 507001 418915 655895 498465 493921 358577 623816 481237 591363 493509 528968 776493 529386 602658 587526 618542 272660 630737 767994 833680 857285 455104
#pred catch bio
 425860 269205 294779 293015 283208 285444 304914 274451 262010 251384 258516 220587 183361 158288 161359 127235 125793 124351 125300 116233 107862 104684 99068 98651 101704 93304.1 99464.6 92117 90665.2 94982.4 99010.4 88459.1 89008.3 90412.6 87499.8 79361.6 89532.2 79758.2 89686.7 87127 88804.9 95665 84444.9 87494.8 86453.3 92169.4 37495.3 99743.6 139284 144983 80666.7 43325.6 65533 71426.9 81010.6 92073.6 102518 111365 118355 123613 127426 130117 131977 133241 134089 134652 135024 135266 135425 135527 135593 135636 135664 135681 135692 135700 135704 135707 135709 135710 135711 135711 135712 135712 135712 135712 135712 135712 135712 135712 135712 135712 135712 135712 135712 135712 135712 135712 135712 135712 135712 135712 135712 135712 135712 135712 135712 135712 135712 135712 135712 135712 135712 135712 135712 135712 135712 135712 135712 135712 135712 135712 135712 135712 135712 135712 135712 135712 135712 135712 135712 135712 135712 135712 135712 135712 135712 135712 135712 135712 135712 135712 135712 135712 135712 135712 135712 135712 135712 135712 135712 0 0 0 0 0 0 0 0 0 0 0 0 0 0 0 0 0 0 0 0 0 0 0 0 0
#obs catch bio
 234005 268315 295595 293624 283469 285154 306232 273668 260897 252491 258955 221602 182861 158634 161825 127167 125399 124121 125640 116561 107558 104905 99120.9 98624.7 101656 93111.2 99819.6 92174.4 90473.7 95060.2 99331.5 88299.3 88995 90184.1 87804.3 79377.9 89668.4 79482.5 90059.9 87132.3 88580.2 95844 84396.2 87332.9 86426.7 93440.2 37004.4 100095 139128 145551 80453.6
#pred cpue bio
 2.52801e+006 2.09783e+006 1.94642e+006 1.83662e+006 1.75432e+006 1.68362e+006 1.58988e+006 1.45779e+006 1.25699e+006 1.03485e+006 917592 799600 729603 687769 686129 670316 670923 609783 549184 519402 508506 491890 492858 501793 503854 490541 491328 503625 526386 541528 560958 575716 569695 541227 472150 471282 498508 506292 516408 546249 566764 541931 519057 512042 487429 508010 568931 711721 742075 623305 466238 1.31416e+007 8.31156e+006 9.10483e+006 1.03829e+007 1.18684e+007 1.32889e+007 1.45142e+007 1.5506e+007 1.6275e+007 1.68541e+007 1.72816e+007 1.75933e+007 1.78189e+007 1.79818e+007 1.80993e+007 1.81843e+007 1.82461e+007 1.82913e+007 1.83245e+007 1.83491e+007 1.83675e+007 1.83812e+007 1.83915e+007 1.83994e+007 1.84054e+007 1.84099e+007 1.84134e+007 1.84161e+007 1.84181e+007 1.84197e+007 1.8421e+007 1.84219e+007 1.84227e+007 1.84232e+007 1.84237e+007 1.8424e+007 1.84243e+007 1.84245e+007 1.84247e+007 1.84248e+007 1.84249e+007 1.8425e+007 1.84251e+007 1.84251e+007 1.84252e+007 1.84252e+007 1.84252e+007 1.84252e+007 1.84252e+007 1.84253e+007 1.84253e+007 1.84253e+007 1.84253e+007 1.84253e+007 1.84253e+007 1.84253e+007 1.84253e+007 1.84253e+007 1.84253e+007 1.84253e+007 1.84253e+007 1.84253e+007 1.84253e+007 1.84253e+007 1.84253e+007 1.84253e+007 1.84253e+007 1.84253e+007 1.84253e+007 1.84253e+007 1.84253e+007 1.84253e+007 1.84253e+007 1.84253e+007 1.84253e+007 1.84253e+007 1.84253e+007 1.84253e+007 1.84253e+007 1.84253e+007 1.84253e+007 1.84253e+007 1.84253e+007 1.84253e+007 1.84253e+007 1.84253e+007 1.84253e+007 1.84253e+007 1.84253e+007 1.84253e+007 1.84253e+007 1.84253e+007 1.84253e+007 1.84253e+007 1.84253e+007 1.84253e+007 1.84253e+007 1.84253e+007 1.84253e+007 1.84253e+007 0 0 0 0 0 0 0 0 0 0 0 0 0 0 0 0 0 0 0 0 0 0 0 0 0
#obs cpue bio
 3.3443e+006 1.83808e+006 1.75261e+006 1.56889e+006 1.46603e+006 1.36084e+006 1.38511e+006 1.60918e+006 1.60604e+006 813803 1.24835e+006 806611 983624 690134 825844 683230 813367 463891 467725 466734 579760 394677 642089 409357 600109 444610 432932 510560 586908 500495 672622 652488 636071 821773 432468 369222 615893 531248 376466 676623 549186 490412 448046 597300 345712 542492 659642 927508 783746 423315 489164
#pred surv len freq
 0.00447954 0.00738858 0.0113352 0.0163667 0.0223905 0.0290725 0.0358205 0.041945 0.0469201 0.050547 0.0529179 0.0542649 0.0548301 0.0548162 0.0543868 0.0536853 0.0528528 0.0520214 0.0512504 0.0504084 0.0490723 0.0465765 0.0422918 0.0360343 0.0283251
 0.00503748 0.00824299 0.012524 0.0178928 0.0242263 0.0311663 0.0380927 0.044278 0.0491541 0.0524952 0.0544031 0.0551644 0.0551133 0.0545516 0.053713 0.0527539 0.0517675 0.0507974 0.0498152 0.0486486 0.0469141 0.0440622 0.0396065 0.0334562 0.0261231
 0.00521155 0.00857235 0.0131024 0.0188282 0.0256065 0.0330099 0.0403141 0.0466942 0.0515388 0.0546459 0.0561787 0.0564807 0.0559205 0.0548252 0.0534652 0.0520434 0.0506842 0.0494228 0.0481848 0.0467489 0.0447265 0.0416286 0.0370702 0.0310409 0.0240556
 0.00545396 0.00895399 0.0136576 0.0195916 0.0266192 0.0343218 0.0419705 0.0487055 0.0538445 0.0570961 0.0585514 0.0585346 0.0574548 0.0557177 0.053676 0.0515987 0.0496538 0.047897 0.0462517 0.0444816 0.0421941 0.0389306 0.034365 0.0285342 0.021944
 0.0057434 0.00941622 0.0143369 0.0205213 0.0278144 0.0357705 0.0436291 0.0505072 0.0557186 0.0589841 0.0604008 0.0602724 0.058966 0.0568521 0.0542851 0.0515778 0.0489667 0.0465744 0.044372 0.0421525 0.0395464 0.0361253 0.0315974 0.0260155 0.0198539
 0.00600404 0.00983961 0.014973 0.0214153 0.0289963 0.0372402 0.0453418 0.0523708 0.0576124 0.0607898 0.0620307 0.0616776 0.0601201 0.0577223 0.0548085 0.0516621 0.0485167 0.0455284 0.0427298 0.0399847 0.0369905 0.0333743 0.0288796 0.023558 0.0178334
 0.00622087 0.0101998 0.0155294 0.0222214 0.0300958 0.0386487 0.0470288 0.0542536 0.0595675 0.0626784 0.0637258 0.0630832 0.0611796 0.0584131 0.0551231 0.0515845 0.0480083 0.0445374 0.0412213 0.0379781 0.0345849 0.0307498 0.0262694 0.021197 0.0159002
 0.00644721 0.0105768 0.0161134 0.0230708 0.0312587 0.0401444 0.0488277 0.0562695 0.0616686 0.0647117 0.0655432 0.064562 0.062235 0.0590027 0.0552418 0.0512486 0.0472348 0.0433305 0.0395796 0.0359218 0.0321912 0.0281716 0.0237199 0.0189004 0.0140281
 0.00668022 0.0109445 0.0166473 0.0237956 0.032192 0.0412939 0.0501853 0.0578033 0.0633191 0.0663935 0.0671519 0.0659852 0.0633663 0.0597559 0.0555612 0.0511108 0.0466414 0.0422969 0.0381293 0.0340956 0.0300686 0.0258884 0.0214618 0.0168643 0.0123677
 0.00686564 0.0112712 0.017184 0.0246173 0.0333576 0.0428144 0.0519981 0.0597745 0.0652781 0.0681819 0.0686572 0.0671455 0.064153 0.0601544 0.0555601 0.0507022 0.0458249 0.0410841 0.0365475 0.0321953 0.027936 0.0236545 0.0192947 0.0149369 0.0108109
 0.00690127 0.0113735 0.0174212 0.0250833 0.0341528 0.0440117 0.0536079 0.0617249 0.06742 0.0703161 0.070575 0.0686708 0.0651746 0.0606345 0.0555197 0.0501916 0.0448988 0.0397907 0.0349328 0.0303176 0.0258817 0.0215464 0.0172833 0.0131711 0.00939883
 0.0071568 0.0117691 0.0179818 0.0258258 0.0350911 0.0451621 0.0549848 0.0633249 0.0692003 0.0721787 0.0723681 0.0702134 0.0662968 0.0612179 0.0555197 0.0496341 0.0438565 0.0383547 0.0331945 0.0283674 0.0238194 0.0194912 0.0153688 0.0115221 0.00809987
 0.00742072 0.0121778 0.0185582 0.0265749 0.0359987 0.0461937 0.0560889 0.0644428 0.0702831 0.0732012 0.0733248 0.0710942 0.0670603 0.0617834 0.0557876 0.0495209 0.0433245 0.0374205 0.0319199 0.0268436 0.0221568 0.0178125 0.0137995 0.010172 0.00703948
 0.00762307 0.0124837 0.0189755 0.0270953 0.0366001 0.0468453 0.0567553 0.0650877 0.0708761 0.0737262 0.073786 0.0715119 0.0674544 0.0621521 0.0560918 0.0496876 0.0432692 0.0370789 0.0312723 0.025924 0.0210455 0.0166198 0.0126445 0.00915854 0.00623506
 0.00765085 0.0125349 0.019063 0.027233 0.0367973 0.0471 0.0570499 0.0653934 0.0711647 0.0739836 0.0740189 0.0717428 0.0677092 0.0624446 0.056412 0.0499955 0.043499 0.0371548 0.0311336 0.0255483 0.020461 0.0158999 0.0118874 0.00845961 0.00566271
 0.00789016 0.0128815 0.0195062 0.0277371 0.0373133 0.0475833 0.0574731 0.0657454 0.0714413 0.0741788 0.0741245 0.071757 0.0676447 0.0623295 0.0562794 0.0498671 0.0433718 0.0369986 0.0309034 0.0252062 0.0199979 0.0153454 0.0113017 0.00791262 0.00520995
 0.00786771 0.0128513 0.0194712 0.0277004 0.0372733 0.0475291 0.0573853 0.0656073 0.0712549 0.0739764 0.0739625 0.0716934 0.0677139 0.0625299 0.0565798 0.0502224 0.0437344 0.0373225 0.0311443 0.0253274 0.0199808 0.0152003 0.0110674 0.00764434 0.00495987
 0.00786441 0.0128479 0.0194698 0.0277048 0.0372883 0.0475588 0.0574299 0.0656596 0.0712991 0.0739917 0.073934 0.0716236 0.0676276 0.062466 0.056573 0.0502876 0.043861 0.0374791 0.0312896 0.0254216 0.0199966 0.0151312 0.0109305 0.00747321 0.00479141
 0.00781002 0.0127877 0.0194307 0.0277278 0.0374153 0.0478132 0.0578009 0.0661005 0.071741 0.074364 0.0741819 0.0717181 0.0675683 0.0622805 0.0563105 0.0500049 0.0436054 0.0372754 0.0311363 0.0252982 0.0198774 0.0149984 0.0107816 0.00732005 0.00465192
 0.00778288 0.0127544 0.0194021 0.0277243 0.037466 0.0479514 0.0580557 0.0664844 0.0722371 0.0749194 0.0747142 0.0721365 0.0678019 0.0622992 0.0561305 0.049679 0.0432035 0.0368631 0.0307595 0.0249769 0.0196105 0.0147747 0.0105912 0.00715925 0.00452246
 0.007814 0.0127844 0.0194102 0.0276817 0.0373479 0.0477539 0.0578089 0.0662509 0.0720937 0.0749287 0.0748997 0.0724717 0.0682176 0.0627059 0.0564481 0.0498601 0.0432431 0.0367909 0.030621 0.0248146 0.0194524 0.0146333 0.0104694 0.00705719 0.00444065
 0.00786839 0.0128601 0.0194996 0.0277665 0.0374007 0.047743 0.0577069 0.0660463 0.0718027 0.0746014 0.0746119 0.0723008 0.068212 0.0628643 0.0567199 0.050168 0.0435134 0.0369776 0.0307139 0.0248303 0.0194189 0.0145763 0.0104066 0.00699871 0.00439162
 0.00787133 0.0128725 0.0195315 0.0278297 0.0375023 0.0478777 0.0578507 0.066159 0.0718405 0.0745351 0.0744423 0.0720641 0.06797 0.0626822 0.0566413 0.0501979 0.0436201 0.0371105 0.0308264 0.0248969 0.0194368 0.0145583 0.0103699 0.00695767 0.00435515
 0.00781177 0.0127752 0.0193855 0.0276274 0.0372451 0.0475815 0.0575484 0.065894 0.071652 0.0744415 0.0744352 0.0721169 0.0680559 0.06279 0.0567774 0.0503759 0.0438442 0.0373663 0.031084 0.0251234 0.0196103 0.0146732 0.0104345 0.00698681 0.00436365
 0.00780922 0.0127598 0.0193412 0.0275329 0.0370788 0.0473314 0.057221 0.0655185 0.0712755 0.074118 0.0742108 0.0720171 0.0680802 0.0629163 0.056975 0.0506181 0.0441133 0.0376495 0.0313665 0.0253857 0.0198326 0.0148429 0.0105498 0.00705601 0.00439983
 0.00789354 0.0128876 0.0195153 0.0277466 0.0373146 0.0475598 0.0574028 0.0656112 0.0712461 0.0739573 0.0739407 0.0716856 0.0677458 0.0626296 0.0567661 0.0504948 0.0440674 0.0376651 0.0314256 0.0254696 0.0199228 0.0149235 0.0106112 0.00709577 0.00442145
 0.00784639 0.0128225 0.0194388 0.0276716 0.0372563 0.0475295 0.0574017 0.065629 0.071264 0.0739542 0.0739009 0.0716054 0.0676366 0.0625155 0.056676 0.0504522 0.0440834 0.0377364 0.0315379 0.0256034 0.0200584 0.0150446 0.0107074 0.00716382 0.00446409
 0.00783043 0.0127999 0.0194114 0.0276446 0.0372381 0.0475308 0.0574331 0.0656971 0.0713658 0.0740738 0.074011 0.0716754 0.0676437 0.0624546 0.0565621 0.0503148 0.0439553 0.0376433 0.0314914 0.025601 0.0200876 0.0150893 0.0107533 0.00720174 0.00449058
 0.00783203 0.0127796 0.0193394 0.0274821 0.0369511 0.0471098 0.0569094 0.0651421 0.0708719 0.0737248 0.0738569 0.071721 0.0678538 0.0627699 0.05692 0.0506668 0.0442756 0.0379263 0.0317425 0.025826 0.0202875 0.0152602 0.0108903 0.00730274 0.00455825
 0.00777689 0.0126983 0.0192313 0.0273476 0.0367869 0.0469033 0.0566397 0.0647912 0.0704433 0.0732573 0.0734229 0.0714046 0.0677197 0.0628397 0.0571678 0.0510347 0.0446973 0.0383473 0.032129 0.0261628 0.0205702 0.0154889 0.0110665 0.00742996 0.00464303
 0.00780702 0.0127327 0.0192565 0.0273437 0.0367337 0.0467897 0.0564691 0.064578 0.0702028 0.0729979 0.0731491 0.0711289 0.0674726 0.0626659 0.0571088 0.0511085 0.0448899 0.0386198 0.0324342 0.0264606 0.0208344 0.0157066 0.0112345 0.00755113 0.00472392
 0.0085308 0.0137583 0.0205196 0.028688 0.0379527 0.0476968 0.0569547 0.0646267 0.0698725 0.0723838 0.0723522 0.0702386 0.0665609 0.0617907 0.0563191 0.0504452 0.0443796 0.0382676 0.0322224 0.0263558 0.0207997 0.0157105 0.0112549 0.00757476 0.00474418
 0.00917724 0.0147811 0.021997 0.0306487 0.0403409 0.0503363 0.059537 0.0667587 0.0711911 0.0726862 0.0716639 0.0687795 0.0646403 0.0597002 0.0542736 0.0485762 0.0427562 0.0369188 0.0311499 0.0255407 0.0202081 0.0153009 0.0109851 0.00740655 0.00464583
 0.00904471 0.0146947 0.0221041 0.0311615 0.0414756 0.0522152 0.0621003 0.0697383 0.0741628 0.0751803 0.0732885 0.069318 0.0640944 0.0582658 0.0522618 0.0463155 0.0405178 0.0348846 0.0294176 0.0241442 0.0191389 0.014524 0.0104515 0.00706196 0.00443806
 0.00896825 0.0145631 0.0219014 0.0308914 0.0411894 0.0520381 0.0622304 0.0703924 0.0754742 0.0770972 0.0755401 0.0714828 0.0657422 0.0591022 0.0522075 0.0454968 0.0391894 0.0333325 0.0278828 0.022787 0.0180379 0.013695 0.00986948 0.00668139 0.0042071
 0.0087126 0.0142042 0.0214649 0.0304338 0.0407796 0.0517328 0.062064 0.0703914 0.0756855 0.0775963 0.0763973 0.0726953 0.0671807 0.0605191 0.0533173 0.0460853 0.0391901 0.0328326 0.0270677 0.0218622 0.0171681 0.0129771 0.00933639 0.00632104 0.00398439
 0.00862013 0.0140079 0.0210894 0.0297942 0.0398186 0.0504708 0.0606313 0.0690121 0.0746106 0.0770238 0.0764242 0.0733171 0.0683132 0.0620136 0.0549682 0.0476542 0.0404597 0.0336694 0.0274569 0.021893 0.0169816 0.0127093 0.00908172 0.00612479 0.00385432
 0.00874883 0.0141982 0.0213365 0.0300705 0.0400685 0.050611 0.0605647 0.0686601 0.0739584 0.0761531 0.0755069 0.0725631 0.0678976 0.062021 0.0553735 0.0483384 0.0412479 0.0343826 0.0279635 0.0221429 0.0170062 0.0125899 0.00890693 0.00595966 0.00373003
 0.00872163 0.0141601 0.0212904 0.0300218 0.040022 0.0505648 0.0605043 0.0685556 0.0737697 0.0758458 0.0750768 0.0720575 0.067417 0.0616918 0.0553003 0.0485592 0.0417161 0.0349837 0.028559 0.0226198 0.0173097 0.0127276 0.00892733 0.00592094 0.00367704
 0.00867324 0.0140998 0.0212332 0.0299928 0.0400484 0.0506646 0.0606751 0.0687712 0.0739835 0.0760012 0.0751194 0.0719515 0.0671624 0.0613346 0.0549273 0.0482701 0.0415845 0.0350265 0.0287326 0.0228442 0.0175076 0.012854 0.00897731 0.0059168 0.00364837
 0.00863186 0.0140195 0.0210902 0.029762 0.0397159 0.0502438 0.0602165 0.0683546 0.0736917 0.0758865 0.075183 0.0721458 0.0674135 0.0615739 0.0551171 0.048414 0.0417175 0.0351894 0.0289447 0.0230916 0.0177524 0.0130565 0.00911578 0.00599297 0.00367944
 0.00866526 0.014066 0.0211445 0.0298114 0.0397399 0.0502167 0.060114 0.068164 0.0734236 0.0755802 0.0748986 0.071942 0.067323 0.0615914 0.0552072 0.0485345 0.0418411 0.0353114 0.0290742 0.0232354 0.0179036 0.0131971 0.00922757 0.00606742 0.00371997
 0.00864909 0.0140687 0.0212007 0.0299672 0.0400359 0.050663 0.0606707 0.0687424 0.0739112 0.0758787 0.0749565 0.071768 0.0669763 0.0611555 0.0547603 0.048129 0.0415 0.0350392 0.0288685 0.0230925 0.0178169 0.0131543 0.00921216 0.00606417 0.00371913
 0.00859025 0.0139625 0.0210246 0.0297015 0.0396779 0.050244 0.0602627 0.0684422 0.0738025 0.0759916 0.0752508 0.0721523 0.0673504 0.0614507 0.0549551 0.0482408 0.0415626 0.0350829 0.0289118 0.0231421 0.0178722 0.0132108 0.00926387 0.00610574 0.00374809
 0.00873557 0.0141708 0.0212849 0.0299828 0.0399343 0.0504258 0.0603307 0.0683808 0.0736287 0.0757554 0.0750193 0.0719825 0.0672643 0.061429 0.0549551 0.0482229 0.0415099 0.0350025 0.0288233 0.0230645 0.0178163 0.0131781 0.00924965 0.00610286 0.00375013
 0.0087667 0.0142395 0.0214199 0.0302166 0.0402886 0.0508916 0.0608545 0.0688711 0.0739846 0.0759049 0.0749471 0.0717314 0.0669129 0.0610578 0.0546184 0.0479395 0.0412726 0.034796 0.0286391 0.022904 0.0176853 0.0130807 0.00918439 0.00606368 0.00372904
 0.0086281 0.0140442 0.0211828 0.0299742 0.0400931 0.0507981 0.0609063 0.0690849 0.0743404 0.0763434 0.075382 0.0720765 0.0671128 0.0611052 0.054548 0.0478045 0.0411197 0.0346525 0.0285141 0.0227981 0.0175982 0.0130129 0.00913599 0.00603267 0.00371143
 0.00823523 0.0133616 0.0200813 0.0283253 0.0378223 0.0479579 0.0577299 0.0659737 0.0717654 0.0747034 0.0748889 0.0727152 0.068679 0.0632881 0.0570219 0.050297 0.0434434 0.0367019 0.0302439 0.0242005 0.0186883 0.0138211 0.00970389 0.006408 0.00394291
 0.00863435 0.0139467 0.020837 0.0291791 0.0386425 0.0485664 0.0579309 0.0656037 0.0707623 0.0731636 0.0730688 0.0709606 0.0673089 0.0624941 0.0568294 0.0505956 0.0440549 0.0374483 0.0309893 0.0248621 0.019228 0.0142317 0.00999621 0.0066024 0.00406309
 0.00897749 0.0145597 0.0218544 0.0307401 0.0408331 0.0513373 0.0610348 0.0686049 0.0731392 0.0744665 0.0730616 0.0696869 0.0650648 0.0597267 0.0540004 0.0480622 0.0420085 0.0359224 0.0299143 0.0241299 0.018737 0.0139054 0.00978283 0.0064674 0.00398203
 0.00972603 0.015706 0.0234508 0.0327959 0.0433236 0.0542121 0.064206 0.0719135 0.076324 0.0771661 0.0748719 0.0702671 0.0642539 0.0576152 0.0509161 0.0444733 0.0383884 0.0326369 0.0271691 0.0219818 0.0171433 0.0127766 0.0090193 0.00597704 0.00368589
#obs surv len freq
 0.0049726 0.00814551 0.0123905 0.0177213 0.0240111 0.0308932 0.0377405 0.0438281 0.0486048 0.0518696 0.0537423 0.0545093 0.0544915 0.0539865 0.0532546 0.0525094 0.0518952 0.0514471 0.0510266 0.0502652 0.0485812 0.0453444 0.0401778 0.0332499 0.0253418
 0.00518082 0.00848601 0.0129069 0.018456 0.0249979 0.0321452 0.0392369 0.0455086 0.0503764 0.0536226 0.0553657 0.0559007 0.055561 0.0546583 0.0534693 0.0522275 0.0511038 0.0501668 0.0493176 0.0482306 0.0463642 0.0431165 0.0381147 0.0314984 0.0239872
 0.00540986 0.00886043 0.0134743 0.0192621 0.0260783 0.0335115 0.0408632 0.0473262 0.0522838 0.0555043 0.0571098 0.0574077 0.0567453 0.0554467 0.0537995 0.0520495 0.0503845 0.0489002 0.0475392 0.0460306 0.0438933 0.0405749 0.0357206 0.029441 0.0223831
 0.0056393 0.00923867 0.0140534 0.0200937 0.027204 0.0349467 0.0425808 0.0492513 0.0543043 0.0574936 0.0589472 0.0589899 0.0579887 0.0562847 0.0541775 0.0519206 0.049711 0.0476617 0.0457502 0.0437621 0.0412883 0.0378435 0.033107 0.0271676 0.0205943
 0.00588358 0.0096364 0.0146534 0.0209427 0.0283385 0.0363806 0.0442906 0.0511697 0.0563278 0.0594997 0.0608133 0.0606064 0.0592652 0.0571511 0.0545807 0.0518192 0.0490714 0.0464616 0.0439942 0.041506 0.0386611 0.035051 0.0304013 0.0247886 0.0187061
 0.0061347 0.0100478 0.015278 0.0218315 0.0295297 0.0378839 0.0460714 0.053145 0.0583795 0.061499 0.0626415 0.0621651 0.0604765 0.0579545 0.0549295 0.0516767 0.0484079 0.0452576 0.0422521 0.0392731 0.0360543 0.0322644 0.0276826 0.0223811 0.0167825
 0.00637761 0.0104475 0.0158888 0.0227064 0.0307108 0.0393847 0.0478599 0.0551375 0.0604525 0.0635131 0.064466 0.063693 0.0616295 0.0586806 0.0551964 0.0514629 0.047697 0.0440384 0.0405301 0.0370919 0.03352 0.0295569 0.0250354 0.0200284 0.0148948
 0.00661115 0.0108307 0.0164721 0.0235393 0.0318324 0.0408087 0.0495589 0.0570362 0.0624376 0.0654533 0.0662333 0.0651767 0.0627443 0.0593684 0.0554239 0.0512152 0.0469696 0.0428337 0.0388633 0.0350086 0.0311191 0.0270024 0.0225406 0.0178095 0.013111
 0.00684904 0.0112197 0.0170616 0.0243764 0.0329521 0.0422192 0.0512265 0.0588807 0.0643433 0.067292 0.0678847 0.0665412 0.0637462 0.0599562 0.055568 0.0509038 0.0462038 0.0416247 0.0372358 0.0330137 0.0288523 0.0246137 0.0202216 0.0157536 0.0114603
 0.00705341 0.011558 0.0175817 0.0251262 0.0339695 0.0435161 0.0527728 0.0605995 0.0661222 0.0690057 0.0694163 0.0677952 0.0646531 0.0604712 0.0556676 0.050581 0.0454634 0.0404816 0.0357187 0.0311758 0.0267846 0.0224523 0.0181361 0.0139124 0.00998567
 0.00727904 0.0119255 0.0181359 0.0259089 0.0350106 0.0448204 0.0543062 0.0622834 0.0678441 0.0706398 0.0708453 0.0689246 0.065418 0.0608367 0.0556239 0.0501367 0.0446382 0.0393022 0.034222 0.0294172 0.0248502 0.0204645 0.0162425 0.0122562 0.00866816
 0.00746311 0.0122281 0.0185975 0.0265686 0.0358981 0.045943 0.0556355 0.0637517 0.0693539 0.0720823 0.0721186 0.0699444 0.0661219 0.0611857 0.0556018 0.0497468 0.0438992 0.038244 0.0328852 0.0278589 0.0231517 0.0187343 0.0146071 0.0108351 0.00754352
 0.00751481 0.012319 0.0187477 0.0268033 0.036245 0.0464264 0.0562693 0.0645327 0.0702586 0.0730671 0.0731219 0.070893 0.0669392 0.0618008 0.0559581 0.0498069 0.0436468 0.0376843 0.0320445 0.0267859 0.0219197 0.0174403 0.0133616 0.00974112 0.0066721
 0.00759634 0.0124413 0.0189132 0.0270097 0.0364881 0.0467056 0.0565903 0.0649066 0.0706965 0.0735739 0.0736898 0.0714974 0.0675385 0.0623401 0.056376 0.0500456 0.0436609 0.0374484 0.0315583 0.0260774 0.0210462 0.0164842 0.0124185 0.0089005 0.00599664
 0.00765161 0.0125262 0.0190316 0.0271608 0.0366663 0.0469006 0.0567888 0.0650967 0.0708745 0.0737486 0.0738822 0.0717309 0.0678257 0.0626714 0.0567169 0.050342 0.0438519 0.03748 0.0313971 0.02572 0.0205228 0.0158554 0.0117627 0.00829548 0.00549972
 0.00772077 0.0126305 0.0191731 0.0273358 0.0368659 0.0471123 0.0569978 0.0652871 0.0710318 0.0738643 0.0739582 0.0717816 0.0678739 0.0627398 0.0568163 0.0504625 0.0439614 0.0375325 0.0313472 0.0255393 0.020212 0.0154466 0.0113112 0.00786275 0.00513517
 0.00779131 0.0127407 0.0193302 0.0275421 0.0371173 0.047396 0.0572917 0.0655617 0.0712566 0.0740164 0.0740285 0.0717765 0.0678124 0.062648 0.0567205 0.0503812 0.0438974 0.0374704 0.0312582 0.0253938 0.019994 0.0151635 0.010993 0.00755116 0.00486754
 0.00782725 0.0127986 0.0194162 0.0276614 0.0372725 0.0475855 0.057507 0.0657871 0.0714709 0.0741971 0.0741568 0.0718413 0.0678128 0.0625934 0.0566285 0.0502719 0.0437871 0.0373649 0.0311506 0.0252685 0.0198365 0.0149706 0.0107773 0.00733668 0.00467969
 0.00783621 0.0128104 0.0194292 0.0276731 0.0372813 0.0475929 0.057519 0.0658127 0.071519 0.0742717 0.0742539 0.0719492 0.0679155 0.0626762 0.0566819 0.0502946 0.0437839 0.0373423 0.0311119 0.0252112 0.0197554 0.0148636 0.0106507 0.0072048 0.00455954
 0.007884 0.0128793 0.0195165 0.0277701 0.0373757 0.0476721 0.0575738 0.0658397 0.071521 0.0742572 0.0742351 0.0719371 0.0679159 0.0626871 0.0566958 0.0503019 0.0437775 0.0373194 0.0310727 0.0251567 0.0196859 0.0147804 0.0105582 0.00711145 0.0044754
 0.00790472 0.0129133 0.0195679 0.0278416 0.0374666 0.0477759 0.0576771 0.0659243 0.0715701 0.0742627 0.074201 0.0718779 0.0678505 0.0626318 0.0566584 0.0502814 0.0437667 0.0373091 0.0310552 0.0251275 0.0196438 0.0147268 0.0104972 0.00704929 0.00441904
 0.00788007 0.0128753 0.0195146 0.0277738 0.0373878 0.0476932 0.0576008 0.0658656 0.0715376 0.0742584 0.0742201 0.0719125 0.0678941 0.0626819 0.0567163 0.0503482 0.0438402 0.0373831 0.0311211 0.0251775 0.0196731 0.0147349 0.0104876 0.00702837 0.004394
 0.00787419 0.0128573 0.0194723 0.0276916 0.0372524 0.047501 0.0573641 0.0656133 0.0713073 0.0740855 0.0741277 0.0719067 0.0679657 0.0628121 0.0568834 0.0505331 0.0440282 0.0375629 0.0312834 0.0253143 0.0197789 0.014808 0.0105307 0.00704789 0.00439816
 0.00788537 0.0128714 0.0194856 0.0276966 0.0372378 0.0474536 0.0572718 0.0654696 0.071117 0.0738678 0.0739146 0.0717345 0.0678636 0.0627934 0.0569437 0.0506545 0.044187 0.0377362 0.0314525 0.0254654 0.019903 0.014901 0.0105933 0.00708463 0.0044161
 0.00787924 0.0128624 0.0194735 0.0276813 0.0372187 0.0474283 0.0572355 0.0654155 0.071038 0.0737605 0.0737824 0.0715909 0.0677306 0.0626965 0.0569031 0.0506787 0.0442703 0.0378617 0.0315985 0.0256111 0.0200326 0.0150049 0.0106684 0.00713334 0.00444396
 0.00787401 0.0128497 0.019447 0.0276331 0.0371424 0.0473227 0.0571072 0.0652783 0.070908 0.0736498 0.073696 0.0715273 0.0676872 0.0626738 0.056907 0.0507173 0.0443488 0.0379778 0.031741 0.0257632 0.0201766 0.0151274 0.0107624 0.00719818 0.00448411
 0.00788124 0.0128609 0.0194625 0.0276519 0.0371611 0.0473348 0.057104 0.0652508 0.0708513 0.0735663 0.0735955 0.0714239 0.0675934 0.0625982 0.0568543 0.0506909 0.0443522 0.0380128 0.0318053 0.0258487 0.020271 0.0152172 0.0108375 0.00725382 0.00452072
 0.00780752 0.0127478 0.0193051 0.0274511 0.0369241 0.0470754 0.056842 0.0650101 0.0706552 0.073432 0.0735305 0.0714269 0.0676573 0.0627127 0.057008 0.0508722 0.0445503 0.0382187 0.0320112 0.0260468 0.0204525 0.0153736 0.0109624 0.0073452 0.00458143
 0.00779968 0.0127243 0.0192505 0.0273455 0.0367499 0.0468269 0.0565329 0.0646736 0.0703354 0.0731705 0.0733561 0.0713509 0.067676 0.0628123 0.0571699 0.0510772 0.0447806 0.0384589 0.0322486 0.0262707 0.0206537 0.0155445 0.0110981 0.00744493 0.00464843
 0.00777622 0.0126888 0.019201 0.0272803 0.0366648 0.046714 0.0563813 0.064475 0.0700917 0.0729003 0.0730935 0.0711368 0.0675446 0.0627814 0.0572377 0.0512269 0.0449877 0.0386979 0.0324968 0.0265098 0.0208698 0.0157279 0.0112435 0.00755172 0.00472046
 0.00774725 0.0126399 0.0191245 0.0271688 0.0365142 0.0465262 0.0561667 0.06425 0.0698735 0.0727013 0.072921 0.0709974 0.0674492 0.0627451 0.0572743 0.0513412 0.0451718 0.0389328 0.0327575 0.0267712 0.021111 0.0159343 0.0114074 0.00767193 0.00480144
 0.00930968 0.0148235 0.0217524 0.0298567 0.038782 0.0479766 0.0566265 0.0637974 0.0687547 0.0712086 0.0713005 0.0694141 0.0659947 0.0614619 0.0561785 0.0504364 0.044454 0.03839 0.0323694 0.0265111 0.0209491 0.0158424 0.0113611 0.00765256 0.0047959
 0.00931044 0.0151153 0.0227033 0.031921 0.0423018 0.0529137 0.0623928 0.0693505 0.0729676 0.0733133 0.0711424 0.0673932 0.0627909 0.0577447 0.0524414 0.0469704 0.0413978 0.0357926 0.0302328 0.0248121 0.019649 0.0148907 0.0106999 0.00722018 0.00453215
 0.00897381 0.0145866 0.021964 0.0310227 0.041419 0.052379 0.062656 0.0708174 0.0757553 0.0770691 0.0750883 0.0706208 0.0646398 0.0580317 0.0514288 0.0451513 0.039265 0.0337051 0.0283925 0.0233013 0.0184772 0.0140292 0.0101014 0.00682976 0.00429483
 0.00880027 0.0142956 0.0215104 0.0303622 0.0405259 0.0512777 0.0614621 0.0697643 0.0751754 0.077301 0.0763238 0.0727611 0.0672645 0.0605349 0.0532642 0.0460411 0.0392547 0.0330628 0.0274479 0.0223223 0.017624 0.0133661 0.00963006 0.00652048 0.00410733
 0.00871896 0.0141585 0.0212941 0.0300399 0.0400704 0.0506693 0.0607006 0.0688858 0.0742694 0.0765216 0.075878 0.0728561 0.0680162 0.0618785 0.0549342 0.0476564 0.0404731 0.0337125 0.0275603 0.0220662 0.017202 0.0129363 0.00927844 0.00627201 0.00395108
 0.00870614 0.0141328 0.0212459 0.0299555 0.0399331 0.0504616 0.0604075 0.0684987 0.0737916 0.0759785 0.0753294 0.0724035 0.0677912 0.0620008 0.0554496 0.0484895 0.0414356 0.0345747 0.0281489 0.0223263 0.0171917 0.0127709 0.00906849 0.00608802 0.00382003
 0.00868042 0.0140914 0.0211841 0.0298689 0.0398174 0.050313 0.0602236 0.0682784 0.0735352 0.0756889 0.0750157 0.072089 0.0675208 0.0618416 0.0554744 0.0487436 0.0419009 0.0351605 0.0287219 0.0227676 0.0174445 0.0128506 0.00903575 0.00600956 0.00374231
 0.00866564 0.0140688 0.0211527 0.0298283 0.0397675 0.0502534 0.0601528 0.0681939 0.0734337 0.0755664 0.0748693 0.0719197 0.0673384 0.0616701 0.055353 0.0487181 0.0420048 0.0353921 0.0290357 0.0230889 0.0177026 0.0130082 0.00909735 0.00600687 0.0037118
 0.00867472 0.0140791 0.02116 0.0298261 0.0397492 0.0502151 0.0600954 0.0681228 0.0733558 0.0754867 0.0747887 0.0718352 0.067247 0.0615733 0.0552616 0.0486534 0.0419933 0.0354536 0.0291691 0.023268 0.017885 0.0131548 0.00918857 0.00604628 0.00371706
 0.00868389 0.0140947 0.0211844 0.029861 0.0397941 0.0502653 0.0601417 0.068153 0.0733593 0.0754583 0.0747306 0.0717549 0.0671531 0.061473 0.0551617 0.0485631 0.0419257 0.0354235 0.0291863 0.0233293 0.0179732 0.013245 0.00925984 0.00608966 0.00373559
 0.00866754 0.0140758 0.0211702 0.0298628 0.0398237 0.0503301 0.0602398 0.0682719 0.0734787 0.0755562 0.0747886 0.0717629 0.0671113 0.0613902 0.0550519 0.0484424 0.0418103 0.0353285 0.0291233 0.0233034 0.01798 0.0132721 0.00929214 0.0061156 0.00375068
 0.00863971 0.0140289 0.0210971 0.0297581 0.0396872 0.0501714 0.0600802 0.0681415 0.073406 0.0755565 0.0748578 0.0718798 0.0672464 0.0615168 0.0551527 0.0485122 0.0418535 0.0353554 0.0291456 0.0233302 0.018015 0.0133129 0.00933241 0.00614889 0.00377363
 0.0086276 0.0140082 0.0210639 0.0297077 0.0396149 0.0500739 0.0599584 0.0680029 0.073266 0.0754372 0.0747823 0.0718642 0.0672931 0.0616131 0.055276 0.0486383 0.0419649 0.0354448 0.0292147 0.0233852 0.0180622 0.0133555 0.00936999 0.00617945 0.00379564
 0.0086313 0.014013 0.021069 0.0297109 0.0396131 0.0500631 0.0599342 0.0679612 0.073205 0.075359 0.074695 0.0717819 0.0672321 0.0615867 0.0552888 0.0486843 0.0420306 0.0355151 0.0292787 0.0234385 0.0181051 0.0133904 0.00939854 0.00620206 0.0038122
 0.00862048 0.0139991 0.0210545 0.0297004 0.039611 0.0500718 0.0599517 0.0679813 0.0732188 0.0753582 0.0746749 0.0717427 0.0671805 0.0615338 0.0552472 0.0486636 0.042034 0.0355386 0.0293139 0.0234766 0.0181402 0.0134198 0.00942198 0.00621989 0.00382499
 0.00862048 0.0139991 0.0210545 0.0297004 0.039611 0.0500718 0.0599517 0.0679813 0.0732188 0.0753582 0.0746749 0.0717427 0.0671805 0.0615338 0.0552472 0.0486636 0.042034 0.0355386 0.0293139 0.0234766 0.0181402 0.0134198 0.00942198 0.00621989 0.00382499
 0.00806257 0.0131153 0.0197722 0.0279798 0.0374675 0.0476021 0.057353 0.0655371 0.0712414 0.0741047 0.0742808 0.072201 0.0683651 0.0632472 0.0572704 0.0507951 0.0441119 0.0374476 0.0309819 0.0248669 0.0192445 0.0142524 0.0100144 0.00661498 0.00407011
 0.00847729 0.0137145 0.0205317 0.0288208 0.0382678 0.0482213 0.0576608 0.0654409 0.0707116 0.073195 0.0731269 0.0709907 0.0672867 0.0624396 0.0567957 0.0506399 0.0442106 0.0377121 0.0313264 0.0252234 0.0195671 0.0145167 0.0102129 0.00675228 0.00415745
 0.00899483 0.0145909 0.0219067 0.0308214 0.0409497 0.0514911 0.0612213 0.0688148 0.073361 0.0746868 0.073261 0.0698347 0.0651216 0.0596594 0.0538024 0.0477639 0.0416694 0.0356078 0.0296709 0.023974 0.0186582 0.0138796 0.00978507 0.0064794 0.00399393
 0.00926858 0.0150698 0.0226916 0.0320311 0.0426977 0.0538426 0.0641408 0.0721266 0.0767436 0.0777135 0.0754834 0.0708941 0.0648509 0.058132 0.0513041 0.0447017 0.0384592 0.0325857 0.0270512 0.0218511 0.0170355 0.0127048 0.00898017 0.00595988 0.00368034
#pred catch len freq
 0.00350741 0.00570512 0.00862687 0.0123209 0.0168183 0.0220756 0.0279108 0.0340034 0.0399641 0.0454179 0.0500575 0.0536786 0.0562057 0.0576931 0.0582962 0.0582314 0.0577451 0.0570721 0.0563502 0.0554848 0.0540414 0.051304 0.0465886 0.0396967 0.0312044
 0.00391005 0.00631864 0.00947604 0.0134076 0.0181301 0.0235951 0.0296129 0.0358377 0.0418348 0.0471792 0.0515384 0.0547321 0.0567597 0.0577746 0.058011 0.0577093 0.0570742 0.0562535 0.0552952 0.0540626 0.0521628 0.0490031 0.0440519 0.0372127 0.0290567
 0.00410169 0.00665656 0.0100319 0.0142605 0.0193446 0.02519 0.0315365 0.0379699 0.0440185 0.0492593 0.0533824 0.0562276 0.0578085 0.058304 0.0579993 0.0571992 0.0561535 0.0550069 0.0537591 0.0522195 0.0499879 0.0465366 0.0414449 0.0347055 0.0268959
 0.00432872 0.00701198 0.010546 0.0149649 0.0202812 0.0264163 0.033114 0.0399314 0.0463255 0.0517753 0.0558855 0.0584624 0.0595508 0.0594041 0.0583923 0.0568929 0.0552084 0.0535128 0.0518078 0.0498885 0.0473507 0.0436995 0.0385787 0.0320344 0.0246361
 0.00458644 0.00741898 0.0111364 0.0157632 0.0213007 0.027657 0.034563 0.0415667 0.0481231 0.053708 0.0579049 0.0604716 0.0613915 0.0608772 0.0593059 0.0571127 0.0546832 0.0522708 0.0499337 0.0475004 0.0445919 0.0407455 0.0356426 0.0293475 0.0223971
 0.0048369 0.00781922 0.0117265 0.0165775 0.0223637 0.0289759 0.0361171 0.0433022 0.0499585 0.0555515 0.0596737 0.062101 0.0628259 0.0620485 0.0601159 0.0574374 0.0544032 0.0513103 0.0482898 0.0452513 0.0418907 0.0378067 0.0327192 0.0266914 0.0202058
 0.00508275 0.00821561 0.0123177 0.0174048 0.0234599 0.0303563 0.0377665 0.045165 0.0519403 0.0575312 0.0615233 0.063707 0.064106 0.0629542 0.0606184 0.0575032 0.0539791 0.0503324 0.0467162 0.0431031 0.0392794 0.0349347 0.0298485 0.0240864 0.0180679
 0.0052963 0.0085649 0.0128485 0.0181641 0.0244908 0.031687 0.0393955 0.0470492 0.0539909 0.0596219 0.0635062 0.0654346 0.0654545 0.0638415 0.0610072 0.0573878 0.0533625 0.0492103 0.0450823 0.0409783 0.0367498 0.0321717 0.0270919 0.0215885 0.0160237
 0.00556214 0.00897878 0.0134389 0.0189498 0.0254837 0.0328943 0.0408164 0.0486649 0.0557555 0.0614562 0.0653007 0.0670609 0.0667837 0.0647645 0.0614495 0.0573137 0.0527675 0.0481081 0.0434979 0.0389574 0.0343827 0.0296133 0.0245536 0.0192951 0.0141508
 0.00581158 0.00939185 0.0140737 0.0198626 0.026715 0.0344481 0.0426417 0.0506555 0.0577714 0.0633575 0.066973 0.0684216 0.0677744 0.0653413 0.0615786 0.0569732 0.0519511 0.0468268 0.0417827 0.0368664 0.0320147 0.0271182 0.0221237 0.0171282 0.0123972
 0.0059549 0.00964859 0.0145056 0.0205459 0.0277282 0.0358478 0.0444346 0.0527769 0.060082 0.0656615 0.069054 0.0700881 0.0688978 0.0658709 0.0615288 0.0563934 0.0508979 0.0453523 0.0399385 0.0347192 0.0296637 0.0247046 0.0198201 0.0151054 0.0107795
 0.00618387 0.0100018 0.0150048 0.0212076 0.0285716 0.0369031 0.0457394 0.0543566 0.0619192 0.0676696 0.0710724 0.0719075 0.0703092 0.0667168 0.0617346 0.0559681 0.0499098 0.0438963 0.0381147 0.0326295 0.0274227 0.0224493 0.0177047 0.0132745 0.0093321
 0.00637417 0.0102956 0.0154181 0.0217452 0.0292281 0.037666 0.0465929 0.0552873 0.0629221 0.0687472 0.0722207 0.0730911 0.0714421 0.0676668 0.0623546 0.0561397 0.0495761 0.0430695 0.0368633 0.0310586 0.0256604 0.0206388 0.0159926 0.0117897 0.00815933
 0.00650631 0.0104943 0.0156877 0.0220804 0.0296175 0.0380977 0.0470582 0.0557807 0.063441 0.0692931 0.0727997 0.0737105 0.0720984 0.0683288 0.0629522 0.05657 0.0497297 0.0428661 0.0362781 0.0301312 0.0244853 0.0193459 0.014722 0.0106644 0.00726059
 0.00655153 0.0105699 0.0158045 0.0222482 0.0298412 0.0383727 0.0473678 0.0561 0.0637472 0.0695767 0.0730694 0.0739887 0.0724096 0.0686845 0.063338 0.0569389 0.0500052 0.0429607 0.0361213 0.0296975 0.0238077 0.01851 0.0138421 0.00985177 0.00659493
 0.00665839 0.0107183 0.0159823 0.0224311 0.0300037 0.0385023 0.0474737 0.0562081 0.0638834 0.0697506 0.0732704 0.0741958 0.0726075 0.0688716 0.0635215 0.0571189 0.050161 0.0430471 0.0360818 0.0294875 0.0234187 0.0179797 0.0132452 0.00927442 0.00610695
 0.00664428 0.0106996 0.0159604 0.0224065 0.0299715 0.0384487 0.0473781 0.0560549 0.0636784 0.0695311 0.0730981 0.0741331 0.07269 0.0690967 0.0638551 0.0575121 0.0505621 0.0434046 0.0363451 0.0296137 0.0233863 0.0178002 0.0129637 0.0089552 0.00581072
 0.00668439 0.0107615 0.0160476 0.02252 0.0301094 0.0386054 0.0475416 0.0562044 0.063785 0.0695654 0.0730435 0.0739989 0.0725145 0.0689345 0.0637552 0.0574981 0.0506259 0.0435126 0.0364506 0.0296706 0.0233622 0.0176869 0.0127799 0.00873871 0.00560309
 0.00669417 0.0107942 0.0161274 0.0226779 0.0303736 0.0389862 0.0480195 0.0567283 0.0642838 0.0699665 0.0732893 0.074058 0.0723878 0.0686559 0.0633842 0.0571042 0.0502673 0.0432204 0.0362245 0.0294875 0.0231919 0.0175081 0.0125889 0.00854807 0.00543264
 0.00665821 0.0107469 0.0160784 0.0226477 0.0303929 0.0390926 0.0482489 0.0571014 0.0647903 0.0705552 0.0738731 0.0745365 0.0726781 0.068718 0.0632292 0.0567853 0.0498591 0.0427951 0.0358331 0.0291525 0.022912 0.0172709 0.0123836 0.00837191 0.00528879
 0.00665647 0.0107307 0.0160302 0.0225461 0.0302221 0.0388563 0.0479808 0.0568642 0.0646597 0.0705936 0.0741045 0.0749328 0.0731645 0.0691953 0.0636063 0.0570072 0.0499185 0.0427245 0.0356844 0.0289743 0.0227367 0.0171129 0.0122465 0.00825613 0.00519537
 0.00669941 0.0107896 0.0160976 0.0226048 0.0302464 0.038816 0.0478495 0.0566313 0.0643436 0.0702481 0.0738105 0.0747727 0.073189 0.0694005 0.0639345 0.0573706 0.0502342 0.0429412 0.035791 0.0289909 0.0226961 0.0170452 0.0121724 0.00818727 0.00513773
 0.00667297 0.0107558 0.0160632 0.0225803 0.0302412 0.0388309 0.0478716 0.0566345 0.0642974 0.0701319 0.0736277 0.074557 0.072998 0.0692953 0.0639533 0.0575109 0.0504538 0.0431786 0.0359914 0.0291244 0.0227605 0.0170568 0.0121527 0.00815487 0.00510484
 0.00660741 0.0106515 0.0159112 0.0223766 0.0299899 0.0385485 0.0475876 0.0563862 0.0641171 0.0700336 0.0736023 0.0745814 0.0730514 0.0693732 0.0640687 0.0576815 0.0506848 0.0434523 0.036272 0.029373 0.0229507 0.0171816 0.0122214 0.00818434 0.00511187
 0.0066171 0.0106566 0.0158991 0.022328 0.0298835 0.0383679 0.0473302 0.0560683 0.063774 0.069713 0.0733517 0.0744338 0.0730161 0.069437 0.0642073 0.0578731 0.0509146 0.0437089 0.0365394 0.0296285 0.0231707 0.01735 0.0123349 0.00825096 0.00514525
 0.00666165 0.0107235 0.0159887 0.0224348 0.0299946 0.0384629 0.0473822 0.0560492 0.0636638 0.0695103 0.0730796 0.0741356 0.0727427 0.0692309 0.0640914 0.0578485 0.0509677 0.0438195 0.036686 0.0297896 0.0233255 0.0174814 0.0124331 0.0083151 0.00518153
 0.00664602 0.0107051 0.0159736 0.0224323 0.0300141 0.0385081 0.0474468 0.0561158 0.0637077 0.0695064 0.0730114 0.0740027 0.0725632 0.0690382 0.063924 0.0577381 0.0509301 0.0438526 0.0367743 0.0299108 0.0234562 0.017602 0.0125307 0.00838469 0.00522517
 0.00658365 0.0106123 0.0158507 0.0222872 0.029862 0.0383707 0.0473484 0.0560779 0.0637403 0.0696012 0.0731407 0.0741279 0.0726497 0.0690687 0.0639043 0.0576923 0.050889 0.0438412 0.0368037 0.029977 0.0235449 0.0176954 0.0126137 0.00844873 0.00526843
 0.0065542 0.0105497 0.0157302 0.0220789 0.0295414 0.0379336 0.0468241 0.0555297 0.0632516 0.0692511 0.072981 0.0741694 0.0728625 0.0693954 0.0642802 0.0580653 0.0512308 0.0441454 0.0370759 0.0302233 0.0237658 0.0178858 0.0127672 0.00856241 0.00534483
 0.00650787 0.0104809 0.0156371 0.0219596 0.0293888 0.0377307 0.0465459 0.0551556 0.0627848 0.068734 0.072493 0.0738036 0.0726923 0.0694473 0.0645289 0.0584492 0.0516777 0.0445952 0.037491 0.0305868 0.0240725 0.0181353 0.0129605 0.00870263 0.00543865
 0.00653527 0.0105134 0.0156642 0.0219647 0.0293546 0.0376459 0.0464087 0.0549709 0.0625568 0.0684629 0.0721812 0.0734695 0.0723781 0.069212 0.0644255 0.0585016 0.0518713 0.0448855 0.0378236 0.0309148 0.0243654 0.0183777 0.0131484 0.00883851 0.0055296
 0.00712061 0.0113409 0.0166791 0.0230371 0.0303138 0.0383388 0.0467473 0.0549467 0.0622225 0.0679011 0.0714775 0.0726971 0.0715953 0.0684675 0.0637645 0.0579651 0.0514869 0.0446577 0.0377313 0.0309196 0.0244254 0.0184583 0.0132267 0.00890285 0.0055763
